EBird Region Approach/spi files/6-8|21_3.tif
NCOLS 121
NROWS 95
XLLCORNER -137.04393
YLLCORNER 23.663691
DX 0.49677396
DY 0.49847026
NODATA_VALUE -9999
[rows 0 to 25 of 95, columns 0 to 59 of 121]
0.15893374 -0.85439149 -0.85352704 -0.85335265 -0.8533346 -0.85333341 -0.85333334 -0.85333334 -0.85333336 -0.85333365 -0.85333787 -0.85338247 -0.85367695 -0.85491422 -0.85848406 -0.60541899 -0.463218 0.35491436 0.69999739 0.7 0.7 0.7 0.7 0.7 0.7 0.7 0.7 0.7 0.7 0.7 0.7 0.7 0.7 0.7 0.7 0.69874897 0.076677171 0.076666667 0.076666667 0.076666667 0.076666667 0.076666667 0.076666667 0.076666667 0.076666667 0.076666667 0.076666667 0.076666667 0.076666667 0.076666667 0.076666667 0.076666667 0.076666647 -0.032399331 -0.3633332 -0.36333333 -0.36333333 -0.36333333 -0.36333333 -0.36333333
0.63954325 -0.80098873 -0.85364049 -0.85335055 -0.85333368 -0.85333334 -0.85333333 -0.85333333 -0.85333333 -0.85333338 -0.85333579 -0.8533901 -0.85389173 -0.85623182 -0.86198364 -0.46355044 -0.46333332 -0.46279247 0.6954779 0.7 0.7 0.7 0.7 0.7 0.7 0.7 0.7 0.7 0.7 0.7 0.7 0.7 0.7 0.7 0.7 0.68149917 0.076666837 0.076666667 0.076666667 0.076666667 0.076666667 0.076666667 0.076666667 0.076666667 0.076666667 0.076666667 0.076666667 0.076666667 0.076666667 0.076666667 0.076666667 0.076666667 0.076666666 0.062425282 -0.36333289 -0.36333333 -0.36333333 -0.36333333 -0.36333333 -0.36333333
0.63999999 0.63741493 -0.85444445 -0.85337901 -0.85333358 -0.85333333 -0.85333333 -0.85333333 -0.85333333 -0.85333334 -0.85333705 -0.85349035 -0.85504388 -0.86157019 -0.53164727 -0.46333336 -0.46333333 -0.46333333 -0.45283903 0.69999676 0.7 0.7 0.7 0.7 0.7 0.7 0.7 0.7 0.7 0.7 0.7 0.7 0.7 0.7 0.7 0.43109826 0.076666669 0.076666667 0.076666667 0.076666667 0.076666667 0.076666667 0.076666667 0.076666667 0.076666667 0.076666667 0.076666667 0.076666667 0.076666667 0.076666667 0.076666667 0.076666667 0.076666667 0.07549978 -0.36333116 -0.36333333 -0.36333333 -0.36333333 -0.36333333 -0.36333333
0.64 0.64 0.33633481 -0.85420032 -0.85333717 -0.85333333 -0.85333333 -0.85333333 -0.85333333 -0.85333338 -0.85338229 -0.85494032 -0.86469483 -0.89026947 -0.46333587 -0.46333333 -0.46333333 -0.46333333 -0.46333332 0.28237081 0.7 0.7 0.7 0.7 0.7 0.7 0.7 0.7 0.7 0.7 0.7 0.7 0.7 0.7 0.69999999 0.098790434 0.076666667 0.076666667 0.076666667 0.076666667 0.076666667 0.076666667 0.076666667 0.076666667 0.076666667 0.076666667 0.076666667 0.076666667 0.076666667 0.076666667 0.076666667 0.076666667 0.076666667 0.076586438 -0.36331777 -0.36333333 -0.36333333 -0.36333333 -0.36333333 -0.36333333
0.64 0.64 0.64 -1.0094104 -0.87131099 -0.85334512 -0.85333333 -0.85333333 -0.85333334 -0.8536441 -0.86611997 -0.91589525 -0.99221788 -0.48523101 -0.46333333 -0.46333333 -0.46333333 -0.46333333 -0.46333333 -0.4633331 0.69981408 0.7 0.7 0.7 0.7 0.7 0.7 0.7 0.7 0.7 0.7 0.7 0.7 0.7 0.69999963 0.077207396 0.076666667 0.076666667 0.076666667 0.076666667 0.076666667 0.076666667 0.076666667 0.076666667 0.076666667 0.076666667 0.076666667 0.076666667 0.076666667 0.076666667 0.076666667 0.076666667 0.076666667 0.076661239 -0.36318051 -0.36333333 -0.36333333 -0.36333333 -0.36333333 -0.36333333
0.64 0.64 0.64 0.63998835 -2.1693105 -2.1699999 -2.17 -2.17 -2.1699999 -2.1656121 -2.0793206 -1.9040524 -1.7569837 -0.46333336 -0.46333333 -0.46333333 -0.46333333 -0.46333333 -0.46333333 -0.46333333 -0.46318383 0.69999997 0.7 0.7 0.7 0.7 0.7 0.7 0.7 0.7 0.7 0.7 0.7 0.7 0.69998453 0.076680521 0.076666667 0.076666667 0.076666667 0.076666667 0.076666667 0.076666667 0.076666667 0.076666667 0.076666667 0.076666667 0.076666667 0.076666667 0.076666667 0.076666667 0.076666667 0.076666667 0.076666667 0.076666244 -0.36150394 -0.36333333 -0.36333333 -0.36333333 -0.36333333 -0.36333333
0.64 0.64 0.64 0.64 -2.1699963 -2.17 -2.17 -2.17 -2.17 -2.1699995 -2.1697024 -2.1627982 -0.62191326 -0.46333333 -0.46333333 -0.46333333 -0.46333333 -0.46333333 -0.46333333 -0.46333333 -0.45952394 0.13996598 0.69997439 0.7 0.7 0.7 0.7 0.7 0.7 0.7 0.7 0.7 0.7 0.7 0.69926888 0.07666717 0.076666667 0.076666667 0.076666667 0.076666667 0.076666667 0.076666667 0.076666667 0.076666667 0.076666667 0.076666667 0.076666667 0.076666667 0.076666667 0.076666667 0.076666667 0.076666667 0.076666667 0.076666623 -0.34103401 -0.36333333 -0.36333333 -0.36333333 -0.36333333 -0.36333333
0.64 0.64 0.64 0.64 0.63999912 -2.17 -2.17 -2.17 -2.17 -2.1699999 -2.1699838 -2.1694198 -0.4633334 -0.46333333 -0.46333333 -0.46333333 -0.46333333 -0.46333333 -0.46333333 -0.46333333 0.12917116 0.14 0.14 0.29926255 0.7 0.7 0.7 0.7 0.7 0.7 0.7 0.7 0.7 0.7 0.67145991 0.076819443 0.076666748 0.076666667 0.076666667 0.076666667 0.076666667 0.076666667 0.076666667 0.076666667 0.076666667 0.076666667 0.076666667 0.076666667 0.076666667 0.076666667 0.076666667 0.076666667 0.076666667 0.07666666 -0.19316721 -0.36333332 -0.36333333 -0.36333333 -0.36333333 -0.36333333
0.64 0.64 0.64 0.64 0.64 -2.1697142 -2.17 -2.17 -2.17 -2.1699999 -2.1699923 -2.0072044 -0.46333333 -0.46333333 -0.46333333 -0.46333333 -0.46333333 -0.46333333 -0.46333333 -0.46333245 0.14 0.14 0.14 0.14 0.14000599 0.69980463 0.7 0.7 0.7 0.7 0.7 0.7 0.7 0.69998495 0.67638747 0.65858619 0.12263289 0.076678589 0.076666667 0.076666667 0.076666667 0.076666667 0.076666667 0.076666667 0.076666667 0.076666667 0.076666667 0.076666667 0.076666667 0.076666667 0.076666667 0.076666667 0.076666667 0.076666667 0.014842537 -0.36312945 -0.36329173 -0.36332751 -0.36333281 -0.36333331
0.64 0.64 0.64 0.64 0.64 0.63918605 -2.17 -2.17 -2.1699999 -2.1699993 -2.169989 -0.46336865 -0.46333333 -0.46333333 -0.46333333 -0.46333333 -0.46333333 -0.46333333 -0.46333333 0.13998386 0.14 0.14 0.14 0.14 0.14 0.14000001 0.27439035 0.69999014 0.7 0.7 0.7 0.69999793 0.69536326 0.67438326 0.67666658 0.67666664 0.67666557 0.67625339 0.18771052 0.076667375 0.076666667 0.076666667 0.076666667 0.076666667 0.076666667 0.076666667 0.076666667 0.076666667 0.076666667 0.076666667 0.076666667 0.076666667 0.07666697 0.076698573 0.13028935 0.69149096 0.73965284 0.78774469 0.8319306 0.86824611
0.64 0.64 0.64 0.64 0.64 0.63999989 -2.1350308 -2.1699997 -2.1699993 -2.1699964 -2.1594288 -0.46333334 -0.46333333 -0.46333333 -0.46333333 -0.46333333 -0.46333333 -0.46333333 -0.46333333 0.14 0.14 0.14 0.14 0.14 0.14 0.14 0.14 0.14091697 0.68489748 0.69978333 0.62957429 0.62333669 0.62333426 0.64678655 0.67666635 0.67666667 0.67666667 0.67666667 0.67666667 0.67666605 0.53845386 0.076667096 0.076666667 0.076666667 0.076666667 0.076666667 0.076666667 0.076666667 0.076666667 0.076666673 0.076673218 0.078094322 0.15161247 0.60973586 0.90914789 0.92998902 0.92999868 0.9299999 0.93 0.93
0.64 0.64 0.64 0.64 0.64 0.64 0.59293671 -2.1697597 -2.1699947 -2.1699843 -0.47970591 -0.46333333 -0.46333333 -0.46333333 -0.46333333 -0.46333333 -0.46333333 -0.46333333 0.13999126 0.14 0.14 0.14 0.14 0.14 0.14 0.14 0.14 0.14000001 0.30195179 0.62333298 0.62333333 0.62333333 0.62333333 0.62363211 0.6766632 0.67666667 0.67666667 0.67666667 0.67666667 0.67666667 0.67666667 0.67666667 0.67206252 0.076697492 0.076666667 0.076666667 0.076666675 0.076695976 0.11071177 0.79904447 0.85565553 0.85660738 0.85665728 0.85666352 0.86977258 0.92999998 0.93 0.93 0.93 0.93
0.63999998 0.63999999 0.63999998 0.63999988 0.63999846 0.63997997 0.63943389 -1.9116846 -2.1699328 -2.1638561 -0.46335191 -0.46333333 -0.46333333 -0.46333333 -0.46333333 -0.46333333 -0.46333333 -0.46333174 0.14 0.14 0.14 0.14 0.14 0.14 0.14 0.14 0.14 0.14770942 0.62398563 0.62333317 0.62333333 0.62333333 0.62333333 0.62333355 0.67644799 0.67666667 0.67666667 0.67666667 0.67666667 0.67666667 0.67666667 0.67666667 0.67666667 0.67666667 0.67582145 0.85217284 0.85666352 0.85666666 0.85666667 0.85666667 0.85666667 0.85666667 0.85666667 0.85666632 0.85701754 0.92999987 0.93 0.93 0.93 0.93
-1.7833333 -1.7833333 -1.7833333 -1.7833333 -1.7833332 -1.7833306 -1.7833021 -1.7830134 -1.7662731 -0.85553511 -0.46333525 -0.46333333 -0.46333333 -0.46333333 -0.46333333 -0.46333333 -0.46333332 0.12830853 0.14 0.14 0.14 0.14 0.14 0.14 0.14 0.14000001 0.43543975 0.8694594 0.62465467 0.62333326 0.62333333 0.62333333 0.62333333 0.62333333 0.63483823 0.67666667 0.67666667 0.67666667 0.67666667 0.67666667 0.67666667 0.67666667 0.67666667 0.67666667 0.68769557 0.85666667 0.85666667 0.85666667 0.85666667 0.85666667 0.85666667 0.85666667 0.85666666 0.85666231 0.85547421 0.93005609 0.93 0.93 0.93 0.93
-1.7833333 -1.7833333 -1.7833333 -1.7833333 -1.7833333 -1.7833333 -1.7833301 -1.7799089 -0.85986361 -0.83999485 -0.83966954 -0.46376381 -0.46333333 -0.46333333 -0.46333333 -0.46333329 -0.45985186 0.13999239 0.14 0.14 0.14 0.14 0.14 0.14 0.14000026 0.87225704 0.87332883 0.87193701 0.62574968 0.6233333 0.62333333 0.62333333 0.62333333 0.62333333 0.62333375 0.67666667 0.67666667 0.67666667 0.67666667 0.67666667 0.67666667 0.67666667 0.67666667 0.67666667 0.85657997 0.85666667 0.85666667 0.85666667 0.85666667 0.85666667 0.85666667 0.85666667 0.85666659 0.85643464 0.79032879 1.2538458 0.93003448 0.93 0.93 0.93
-1.7833333 -1.7833333 -1.7833333 -1.7833333 -1.7833333 -1.7833333 -1.7826343 -1.0662307 -0.83985629 -0.83999998 -0.84 -0.83999979 -0.63214004 -0.43765685 -0.45592461 -0.46110292 0.041024654 0.13999957 0.14 0.14 0.14 0.14 0.14 0.14038934 0.8733332 0.87333333 0.87333326 0.8730264 0.55808646 0.62333329 0.62333333 0.62333333 0.62333333 0.62333333 0.62333333 0.67666346 0.67666667 0.67666667 0.67666667 0.67666667 0.67666667 0.67666667 0.67666667 0.67666667 0.85666667 0.85666667 0.85666667 0.85666667 0.85666667 0.85666667 0.85666667 0.85666667 0.85664999 0.79016022 0.62014722 1.5205294 1.4856867 0.93002622 0.93 0.93
-1.7833333 -1.7833333 -1.7833333 -1.7833333 -1.7833333 -1.7832685 0.06465704 -0.53922049 -0.83999976 -0.84 -0.84 -0.84 -0.79076162 0.57999909 0.58 0.58 0.58 0.57993019 0.14767422 0.14000002 0.14 0.14000001 0.60412492 0.87333333 0.87333333 0.87333333 0.87333333 0.87330939 0.5245194 0.62333232 0.62333333 0.62333333 0.62333333 0.62333333 0.62333333 0.6245448 0.67666667 0.67666667 0.67666667 0.67666667 0.67666667 0.67666667 0.67666667 0.68255375 0.85666667 0.85666667 0.85666667 0.85666667 0.85666667 0.85666667 0.85666667 0.85666648 0.78626338 0.61344923 0.62194564 1.5232319 1.5233333 1.5225109 0.93004614 0.93
-1.7833333 -1.7833333 -1.7833333 -1.7833333 -1.7833312 0.65387314 0.65666614 -0.83889691 -0.84 -0.84 -0.84 -0.84 -0.81386827 0.57999999 0.58 0.58 0.58 0.58 0.58 0.57999989 0.54011993 0.87224348 0.87333333 0.87333333 0.87333333 0.87333333 0.87333333 0.87333316 0.52333356 0.56308951 0.62333333 0.62333333 0.62333333 0.62333333 0.62333333 0.62333333 0.67666667 0.67666667 0.67666667 0.67666667 0.67666667 0.67666667 2.0843754 2.0866664 0.85666667 0.85666667 0.85666667 0.85666667 0.85666667 0.85666667 0.85666667 0.76724408 0.61333431 0.61333333 0.63809948 1.5233326 1.5233333 1.5233333 1.5233307 0.9303793
-1.7833333 -1.7833333 -1.7833333 -1.7833327 0.65666667 0.65666667 0.65666642 -0.83999998 -0.84 -0.84 -0.84 -0.84 -0.82783128 0.58 0.58 0.58 0.58 0.58 0.58 0.58 0.58 0.87332299 0.87333333 0.87333333 0.87333333 0.87333333 0.87333333 0.87333333 0.52333333 0.52333333 0.62333333 0.62333333 0.62333333 0.62333333 0.62333333 0.62333333 0.67665865 0.67666667 0.67666667 0.67666667 0.67703497 2.0866667 2.0866667 2.0866667 0.86618627 0.85666667 0.85666667 0.85666667 0.85666667 0.85666667 0.70010251 0.61333333 0.61333333 0.61333333 0.77982694 1.5233333 1.5233333 1.5233333 1.5233333 1.5233333
2.4954216 -1.7833333 -0.46749476 0.65666667 0.65666667 0.65666667 0.65663231 -0.84 -0.84 -0.84 -0.84 -0.84 -0.83456594 0.58 0.58 0.58 0.58 0.58 0.58 0.58 0.58 0.86644377 0.87333333 0.87333333 0.87333333 0.87333333 0.87333333 0.87333333 0.52333333 0.52333333 0.62333333 0.62333333 0.62333333 0.62333333 0.62333333 0.62333333 0.62423209 0.67666667 0.67668328 2.0859504 2.0866667 2.0866667 2.0866667 2.0866667 2.0866667 0.85666667 0.85666667 0.85666667 0.85666667 0.62129901 0.61333333 0.61333333 0.61333333 0.61333333 1.4385157 1.5233333 1.5233333 1.5233333 1.5233333 1.5233333
2.4966667 0.65944839 0.65666667 0.65666667 0.65666667 0.65666667 -0.7303304 -0.84 -0.84 -0.84 -0.84 -0.84 -0.83700954 0.58 0.58 0.58 0.58 0.58 0.58 0.58 0.58 0.58425318 0.87333333 0.87333333 0.87333333 0.87333333 0.87333333 0.87329354 0.52333333 0.52333333 0.52333343 0.62333333 0.62333333 0.62333333 0.62333333 0.62333333 0.6233335 1.0200863 2.0866609 2.0866667 2.0866667 2.0866667 2.0866667 2.0866667 2.0866667 1.1925647 0.85666667 0.85666667 0.61369996 0.61333333 0.61333333 0.61333333 0.61333333 0.61333333 1.523157 1.5233333 1.5233333 1.5233333 1.5233333 1.5233333
2.4966667 0.65862332 0.65666667 0.65666667 0.65666667 0.65666667 -0.84 -0.84 -0.84 -0.84 -0.84 -0.84 -0.83662345 0.58 0.58 0.58 0.58 0.58 0.58 0.58 0.58 0.58000149 0.87333333 0.87333333 0.87333333 0.87333333 0.87333333 0.54399988 0.52333333 0.52333333 0.52333333 0.62333305 0.62333333 0.62333333 0.62333333 0.62333333 0.62333414 2.0864827 2.0866666 2.0866667 2.0866667 2.0866667 2.0866667 2.0866667 2.0866667 2.0866667 2.2585554 0.61630351 0.61333333 0.61333333 0.61333333 0.61333333 0.61333333 0.61333272 1.5233327 1.5233333 1.5233333 1.5233333 1.5233333 1.5233333
2.4966667 0.66280797 0.65666667 0.65666667 0.65666667 0.65666667 -0.84 -0.84 -0.84 -0.84 -0.84 -0.84 -0.23333334 -0.23322577 0.58 0.58 0.58 0.58 0.58 0.58 0.58 0.58 0.87333318 0.87333333 0.87333333 0.87333333 0.87331986 0.50333337 0.50333333 0.50333333 0.50333333 0.50333333 0.52338793 0.62333247 0.62333332 0.62013699 -0.39391615 -1.5742805 -1.5215144 0.8749826 2.0858224 2.0866666 2.0866667 2.0866667 2.0866672 2.38 2.38 2.38 0.61333333 0.61333333 0.61333333 0.61333333 0.61306864 0.57333333 1.4490055 1.5233333 1.5233333 1.5233333 1.5233333 1.5233333
2.4966667 0.67968279 0.65666667 0.65666667 0.65666667 0.65660167 -0.84 -0.84 -0.84 -0.84 -0.84 -0.24045929 -0.23333333 -0.23333333 -0.23333333 0.57999946 0.58 0.58 0.58 0.58 0.58 0.58 0.87278695 0.87332112 0.86070864 0.50334555 0.50333333 0.50333333 0.50333333 0.50333333 0.50333333 0.50333333 0.50333333 0.50329937 -0.23666636 -0.23673395 -0.38575543 -1.3899198 -1.5892271 -1.5865429 -1.0794536 -0.4200042 -0.42 -0.42 2.3799997 2.38 2.38 2.38 2.379997 0.61333333 0.61333333 0.57333333 0.57333333 0.57333333 0.57333336 1.5233333 1.5233333 1.5233333 1.5233333 1.5233333
2.4966667 0.71894806 0.65666667 0.65666667 0.65666667 0.071131119 -0.84 -0.84 -0.84 -0.84 -0.83999442 -0.23333333 -0.23333333 -0.23333333 -0.23333333 -0.23333333 -0.22981357 0.58 0.58 0.58 0.58 0.58 0.69407876 0.5047812 0.50333336 0.50333333 0.50333333 0.50333333 0.50333333 0.50333333 0.50333333 0.50333333 0.50333333 -0.23645947 -0.23666667 -0.23666805 -0.44915078 -1.3104631 -1.3750211 -1.5899991 -1.5899964 -0.4200257 -0.42 -0.42 2.3798251 2.38 2.38 2.38 2.38 0.5970184 0.57333333 0.57333333 0.57333333 0.57333333 0.57333333 1.5233333 1.5233333 1.5233333 1.5233333 1.5233333
2.4966637 0.77947932 0.65666669 0.65666667 0.65666416 -0.81629686 -0.84 -0.84 -0.84 -0.83999999 -0.23333398 -0.23333333 -0.23333333 -0.23333333 -0.23333333 -0.23333333 -0.23333333 -0.23331179 0.57767625 0.5799991 0.57999997 0.57999999 0.50418209 0.50333335 0.50333333 0.50333333 0.50333333 0.50333333 0.50333333 0.50333333 0.50333333 0.50333333 0.50195074 -0.23666667 -0.23666667 -0.23666667 -0.73165108 -1.0478829 -1.3499999 -1.358587 -1.59 -1.59 -0.42 -0.42 -0.30760276 2.38 2.38 2.38 2.38 0.60035208 0.57333333 0.57333333 0.57333333 0.57333333 0.57333333 1.5214786 1.5233333 1.5233333 1.5233333 1.5233333
