EBird Region Approach/spi files/6-8|21_2.tif
NCOLS 121
NROWS 95
XLLCORNER -137.04393
YLLCORNER 23.663691
DX 0.49677396
DY 0.49847026
NODATA_VALUE -9999
[rows 52 to 77 of 95, columns 0 to 58 of 121]
-0.39035859 -0.37532181 -0.33334552 -0.25370205 -0.22449514 -0.21964777 -0.21314287 -0.20042202 -0.17719005 -0.14352959 -0.11271682 -0.098413496 -0.104065 -0.16104446 -0.40869324 -0.69822288 -0.65188423 -0.63337856 -0.63333338 -0.63333333 -0.63333333 -0.63333333 -0.63333333 -0.63333333 -0.63333333 -0.63333333 -0.63333333 -1.0166667 -1.0166667 -1.0226391 -1.3133333 -1.3133333 -1.5133333 -1.5133333 -1.5133333 -1.5133333 -1.65 -1.65 -1.65 -1.65 -1.65 -1.3715804 -1.37 -1.37 -1.37 -0.90708355 -0.83 -0.83 -0.83 -1.1366667 -1.1366667 -1.1366667 -1 -1 -1 -1 -1.4433333 -0.72595398 -0.72333333
-0.37803138 -0.34827296 -0.28031996 -0.22868558 -0.21754543 -0.21088181 -0.19973863 -0.18107509 -0.15421014 -0.12577032 -0.10753717 -0.10741287 -0.14222809 -0.29258273 -0.61335254 -0.63378715 -0.63333561 -0.63333334 -0.63333333 -0.63333333 -0.63333333 -0.63333333 -0.63333333 -0.63333333 -0.63333333 -0.63333333 -0.63333333 -0.63333333 -1.0166667 -1.3133333 -1.3133333 -1.3133333 -1.3216076 -1.5133314 -1.5132613 -1.4917823 -1.65 -1.65 -1.65 -1.6499997 0.046666667 0.046666667 -1.3685588 -1.37 -1.37 -0.83 -0.83 -0.83 -0.83 -0.54023709 -1.1366583 -0.99997883 -1 -1 -1 -1 -0.72333333 -0.72333333 -0.72333333
-0.35665983 -0.30428021 -0.24070133 -0.21706086 -0.20883045 -0.1988921 -0.18353917 -0.16198958 -0.1375429 -0.11844062 -0.1139474 -0.14099783 -0.33867182 -0.62481109 -0.63334632 -0.63333387 -0.63333334 -0.63333333 -0.63333333 -0.63333333 -0.63333333 -0.63333333 -0.63333333 -0.63333333 -0.63333333 -0.63333333 -0.63333333 -0.63333333 -1.0950829 -1.3133333 -1.3133333 -1.1350479 -1.1334724 -1.22 -1.22 -1.22 -1.2199934 -0.26333333 -0.26333333 -0.26314912 0.046666667 0.046666667 0.046666667 0.028882401 -0.64669099 -0.64730082 -0.83 -0.83 -0.54 -0.54 -0.54 -0.4501023 -0.43 -0.43 -0.43 -0.43000022 -0.050021037 -0.72333333 -0.72333333
-0.32149104 -0.25895214 -0.22034177 -0.20748464 -0.19803071 -0.18514901 -0.16768151 -0.14735733 -0.12972721 -0.12507565 -0.17917315 -0.50519705 -0.63103619 -0.63360984 -0.63342297 -0.63335369 -0.63333642 -0.6333336 -0.63333334 -0.63333333 -0.63333333 -0.63333333 -0.63333333 -0.63333333 -0.63333333 -0.63333333 -0.63333306 -0.59 -0.59 -0.59000014 -1.1333333 -1.1333333 -1.1333333 -1.22 -1.22 -1.22 -1.2199881 -0.26333333 -0.26333333 -0.26333333 0.046666667 0.046666667 0.046666651 -0.47666667 -0.64666667 -0.64666667 -0.64666667 -0.54 -0.54 -0.54 -0.53333333 -0.53333333 -0.43 -0.43 -0.43 -0.40410797 -0.05 -0.05 -0.05
-0.27826224 -0.22893277 -0.20786872 -0.19742367 -0.18627818 -0.17200754 -0.15563233 -0.14248747 -0.15601256 -0.33502395 -0.62899902 -0.66334693 -0.65606272 -0.64834523 -0.64210966 -0.63770528 -0.63509214 -0.63386259 -0.63343973 -0.63334538 -0.63333391 -0.63333333 -0.63333332 -0.63333323 -0.63327168 -0.59000075 -0.59 -0.59 -0.59 -0.59 -1.1333333 -1.1333333 -1.1333333 -1.22 -1.22 -1.22 -1.2189717 -0.26333333 -0.26333333 -0.26333333 0.046608491 -0.42842751 -0.47666667 -0.47666667 -0.64666667 -0.64666667 -0.64666667 -0.64666667 -0.54 -0.53999926 -0.53333333 -0.53333333 -0.53333099 -0.43 -0.43 -0.053889008 -0.05 -0.05 -0.05
-0.24209979 -0.21127566 -0.19765895 -0.18747027 -0.17646319 -0.16792357 -0.18761332 -0.36698118 -0.71115353 -0.81017241 -0.8205423 -0.82381738 -0.82696465 -0.83030301 -0.83383572 -0.83754473 -0.84139201 -0.84530974 -0.84918599 -0.85284291 -0.85599739 -0.85816088 -0.85795664 -0.74543025 -0.59000324 -0.59 -0.59 -0.59 -0.59 -0.59 -1.1333333 -1.1333333 -1.1333333 -1.22 -1.22 -1.22 -1.1435751 -0.26333333 -0.26333333 -0.26333333 -0.44594289 -0.47666667 -0.47666667 -0.47666667 -0.57591771 -0.64666667 -0.64666667 -0.64666667 -0.53999999 -0.53333333 -0.53333333 -0.53333333 -0.53333333 -0.36 -0.36 -0.36 -0.35913904 -0.05 -0.05
-0.21864574 -0.20028352 -0.19201559 -0.19387812 -0.24314282 -0.4682244 -0.76876889 -0.85774308 -0.87009734 -0.87317336 -0.87523909 -0.87687883 -0.87811583 -0.87897535 -0.87951254 -0.87980513 -0.87993811 -0.87998558 -0.8799978 -0.87999981 -0.87999999 -0.88 -0.88 -0.88 -0.88 -0.87999767 -0.59000613 -0.59 -0.59 -0.59 -1.1333333 -1.1333333 -1.1333299 -0.22010258 -1.1450152 -0.67708667 -0.67666667 -0.6745427 -0.26333333 -0.26333333 -0.47666667 -0.47666667 -0.47666667 -0.47666667 -0.47666669 -0.64666667 -0.64666667 -0.64666667 -0.27277768 -0.53332866 -0.53333333 -0.53333333 -0.46195686 -0.36 -0.36 -0.36 -0.36 -0.35997168 -0.13333333
-0.21184453 -0.22231256 -0.30298728 -0.54077411 -0.78605163 -0.86349599 -0.87607568 -0.87815053 -0.87890671 -0.87937662 -0.87967598 -0.87985049 -0.87994059 -0.87998047 -0.87999497 -0.87999906 -0.87999988 -0.87999999 -0.88 -0.88 -0.88 -0.88 -0.88 -0.88 -0.88 -0.88 -0.88 -0.88 -0.87076849 -1.1626036 -2.0666139 -0.22000002 -0.22 -0.22 -0.22 -0.67666667 -0.67666667 -0.67666667 -0.67666667 -0.6765717 -0.46147207 -0.20716749 -0.16333414 -0.16333333 -0.16333333 -0.27573272 -0.64666666 -0.21334359 -0.21333333 -0.21333333 -0.21333333 -0.16429393 0.26 -0.35019894 -0.36 -0.36 -0.36 -0.36 -0.13333333
-0.35514822 -0.58146572 -0.7875904 -0.86142835 -0.87644778 -0.87895051 -0.87949694 -0.87973023 -0.87986364 -0.87993799 -0.87997532 -0.87999167 -0.87999771 -0.87999951 -0.87999993 -0.87999999 -0.88 -0.88 -0.88 -0.88 -0.88 -0.88 -0.88 -0.88 -0.88 -0.88 -0.88 -0.88 -0.88 -2.0666667 -2.0666667 -0.24573894 -0.22 -0.22 -0.22 -0.67666667 -0.67666667 -0.67666667 -0.67666667 -0.67666667 -0.16333333 -0.16333333 -0.16333333 -0.16333333 -0.16333333 -0.16333333 -0.046666667 -0.046703158 -0.21333333 -0.21333333 -0.21333333 0.25271842 0.26 0.26 0.25963492 0.1499941 0.14999995 0.14999963 -0.13292336
-0.78110236 -0.8561242 -0.87509698 -0.87887734 -0.87960941 -0.87981168 -0.87990444 -0.87995471 -0.87998072 -0.87999282 -0.87999773 -0.87999941 -0.87999988 -0.87999998 -0.88 -0.88 -0.88 -0.88 -0.88 -0.88 -0.88 -0.88 -0.88 -0.88 -0.88 -0.88 -0.88 -0.88 -0.88000471 -2.0666667 -2.0666667 -2.0666667 -0.22 -0.22 -0.22 -0.67666667 -0.67666667 -0.67666667 -0.67666667 -0.67666667 -0.16333333 -0.16333333 -0.16333333 -0.16333333 -0.16333333 -0.16333268 -0.046666667 -0.046666667 -0.047889582 -0.21333333 -0.21333333 0.25999963 0.26 0.26 0.15 0.15 0.15 0.15 0.19666667
-0.87234011 -0.8782477 -0.87951979 -0.87981222 -0.87990866 -0.87995475 -0.87997908 -0.87999127 -0.87999678 -0.87999898 -0.87999973 -0.87999994 -0.87999999 -0.88 -0.88 -0.88 -0.88 -0.88 -0.88 -0.88 -0.88 -0.88 -0.88 -0.88 -0.88 -0.88 -0.88 -0.88 -2.06615 -2.0666667 -2.0666667 -2.0666667 -0.22264403 -0.22 -0.22 -0.67666667 -0.67666667 -0.67666667 -0.67666667 -0.67666666 -0.16333333 -0.16333333 -0.16333333 -0.16333333 -0.16333333 -0.04666681 -0.046666667 -0.046666667 -0.046666667 -0.21332649 -0.21333333 0.25999875 0.26 0.26 0.15 0.15 0.15 0.17957964 0.19666667
-0.87919259 -0.87974126 -0.87988966 -0.87994547 -0.87997302 -0.8799875 -0.87999472 -0.87999801 -0.87999934 -0.87999981 -0.87999996 -0.87999999 -0.88 -0.88 -0.88 -0.88 -0.88 -0.88 -0.88 -0.88 -0.88 -0.88 -0.88 -0.88 -0.88 -0.88 -0.88 -0.88 -2.0666667 -2.0666667 -2.0666667 -2.0666667 -2.0666667 -0.22 -0.22000003 -0.67666667 -0.67666667 -0.67666667 -0.67666667 -0.14368999 -0.14333337 -0.16307489 -0.16333333 -0.16333333 -0.16333333 -0.046666667 -0.046666667 -0.046666667 -0.046666667 -0.046666667 0.61333327 0.61330199 0.26 0.16070554 0.15 0.15 0.15 0.19666667 0.19666667
-0.8798337 -0.87992407 -0.87996162 -0.87998075 -0.8799909 -0.87999604 -0.87999844 -0.87999945 -0.87999983 -0.87999995 -0.87999999 -0.88 -0.88 -0.88 -0.88 -0.88 -0.88 -0.88 -0.88 -0.88 -0.88 -0.88 -0.88 -0.88 -0.88 -0.88 -0.88 -0.88000606 -2.0666667 -2.0666667 -2.0666667 -2.0666667 -2.0666667 -0.59137389 -0.22032598 -0.67666609 -0.67666667 -0.67666667 -0.14335058 -0.14333333 -0.14333333 -0.14333333 -0.14333333 -0.14333338 -0.16119426 -0.046666667 -0.046666667 -0.046666667 -0.046666665 0.61333333 0.61333333 0.61333333 0.61228164 0.19666667 0.19666667 0.19666667 0.19666105 0.19666667 0.19666667
-0.87994087 -0.87996928 -0.87998422 -0.87999231 -0.87999651 -0.87999854 -0.87999945 -0.87999981 -0.87999994 -0.87999998 -0.88 -0.88 -0.88 -0.88 -0.88 -0.88 -0.88 -0.88 -0.88 -0.88 -0.88 -0.88 -0.88 -0.88 -0.88 -0.88 -0.88 -0.97211916 -2.0666666 -2.0666667 -2.0666666 -2.0666617 -0.63673663 -0.63 -0.63 -0.63 -0.63 -0.14458028 -0.14333333 -0.14333333 -0.14333333 -0.14333333 -0.14333333 -0.14333333 -0.14333333 0.31282503 0.31294805 0.31158403 0.61333333 0.61333333 0.61333333 0.61333333 0.60136608 0.19666667 0.19666667 0.19666667 0.19666667 0.19666667 0.19666667
-0.8799729 -0.87998567 -0.87999276 -0.87999656 -0.87999848 -0.87999938 -0.87999977 -0.87999992 -0.87999998 -0.87999999 -0.88 -0.88 -0.88 -0.88 -0.88 -0.88 -0.88 -0.88 -0.88 -0.88 -0.88 -0.88 -0.88 -0.88 -0.88 -0.88 -0.88017829 -0.92668218 -0.92666668 -0.92666667 -0.92666667 -0.92666667 -0.63005101 -0.63 -0.63 -0.63 -0.63 -0.62835899 -0.14333333 -0.14333333 -0.14333333 -0.14333333 -0.14333333 -0.14333333 -0.14329792 0.31333333 0.31333333 0.31333333 0.31333339 0.61333333 0.61333333 0.61333333 0.32611932 0.19666667 0.19666667 0.19666667 0.19666667 0.19666667 0.19666667
-0.87998602 -0.87999268 -0.87999637 -0.87999831 -0.87999927 -0.87999971 -0.87999989 -0.87999997 -0.87999999 -0.88 -0.88 -0.88 -0.88 -0.88 -0.88 -0.88 -0.88 -0.88 -0.88 -0.88 -0.88 -0.88 -0.88 -0.88 -0.88000565 -0.92288146 -0.92666667 -0.92666667 -0.92666667 -0.92666667 -0.92666667 -0.92666667 -0.92544605 -0.63 -0.63 -0.63 -0.63 -0.63 -0.14333333 -0.14333333 -0.14333333 -0.14333333 -0.14333333 -0.14219162 0.29620749 0.31333333 0.31333333 0.31333333 0.31333333 0.31583474 0.61333333 0.61333333 0.21360596 0.19666667 0.19666667 0.19666667 0.19666667 0.13 0.13
-0.8799923 -0.87999604 -0.87999809 -0.87999914 -0.87999964 -0.87999987 -0.87999996 -0.87999999 -0.88 -0.88 -0.88 -0.88 -0.88 -0.88 -0.88 -0.88 -0.88 -0.88 -0.88 -0.88 -0.88 -0.88000005 -0.88000485 -0.88329562 -0.92661341 -0.92666667 -0.92666667 -0.92666667 -0.92666667 -0.92666667 -0.92666667 -0.92666667 -0.92666667 -0.63 -0.63 -0.63 -0.63 -0.63 -0.14324834 -0.13796436 0.24331611 0.24333333 0.24333333 0.24333333 0.24333334 0.31333333 0.31333333 0.31333333 0.31333333 0.31333333 0.58569036 0.69159974 0.73333333 0.73333333 0.71070305 0.19658065 0.13 0.13 0.13
-0.87999573 -0.87999791 -0.87999906 -0.87999963 -0.87999989 -0.87999999 -0.88000002 -0.88000003 -0.88000002 -0.88000001 -0.88000001 -0.88000001 -0.88 -0.88 -0.88 -0.88 -0.88000001 -0.88000002 -0.88000008 -0.88000058 -0.88001041 -0.88058832 -0.91607918 -0.9266598 -0.92666667 -0.92666667 -0.92666667 -0.92666667 -0.92666667 -0.92666667 -0.92666667 -0.92666667 -0.92666667 -0.63 -0.63 -0.63 -0.63 -0.63 0.24333201 0.24333333 0.24333333 0.24333333 0.24333333 0.24333333 0.24374086 0.40666667 0.40666667 0.31333484 0.31333333 0.31333333 0.58401443 0.73333333 0.73333333 0.73333333 0.73333333 0.73141723 0.13 0.13 0.13
-0.879998 -0.87999923 -0.87999982 -0.88000008 -0.88000017 -0.88000017 -0.88000015 -0.88000012 -0.88000009 -0.88000008 -0.88000007 -0.88000006 -0.88000007 -0.88000009 -0.88000014 -0.88000029 -0.88000082 -0.8800035 -0.88002531 -0.88036286 -0.89012028 -0.92520611 -0.92666355 -0.92666667 -0.92666667 -0.92666667 -0.92666667 -0.92666667 -0.92666667 -0.92666667 -0.92666667 -0.92666667 -0.92666667 -0.64153923 -0.63 -0.63 -0.629998 0.27333283 0.25022695 0.2400014 0.24245944 0.24333333 0.24333333 0.24333333 0.40666665 0.40666667 0.40666667 0.40666667 0.40666667 0.62333287 0.62374508 0.73333333 0.73333333 0.73333333 0.73333333 0.73333333 0.13 0.13 0.13
-0.88000008 -0.88000063 -0.88000081 -0.88000081 -0.88000074 -0.88000064 -0.88000056 -0.8800005 -0.88000048 -0.88000049 -0.88000057 -0.88000073 -0.88000111 -0.88000201 -0.88000454 -0.88001351 -0.88005673 -0.88036636 -0.88382477 -0.91120122 -0.92624186 -0.92666397 -0.92666666 -0.92666667 -0.92666667 -0.92666667 -0.92666667 -0.92666667 -0.92666667 -0.92666667 -0.92666667 -0.92666667 -0.92666667 -0.92566941 -0.63000001 0.27195069 0.27333333 0.27333333 0.27333333 0.24 0.24 0.24 0.24 0.24000002 0.40666667 0.40666667 0.40666667 0.40666667 0.62332911 0.62333333 0.62333333 0.73333333 0.73333333 0.73333333 0.73333333 0.73333333 0.13 0.13 0.13
-0.88000294 -0.88000294 -0.88000278 -0.88000257 -0.88000239 -0.88000228 -0.88000228 -0.88000243 -0.88000282 -0.88000361 -0.88000517 -0.88000848 -0.88001634 -0.8800382 -0.88011299 -0.88044458 -0.88241485 -0.89517777 -0.92107009 -0.92645315 -0.92666345 -0.92666665 -0.92666667 -0.92666667 -0.92666667 -0.92666667 -0.92666667 -0.92666667 -0.92666667 -0.92666667 -0.92666667 -0.92666667 -0.92666667 -0.92653809 0.27333333 0.27333333 0.27333333 0.27333333 0.27333333 0.24007981 0.24 0.24 0.24 0.24 0.40666402 0.40666667 0.40666667 0.40790731 0.62333333 0.62333333 0.62333333 0.62333335 0.73333333 0.73333333 0.73333333 0.73333333 0.25709788 0.48330657 0.48333333
-0.88000836 -0.88000803 -0.88000777 -0.88000769 -0.88000791 -0.88000857 -0.88000991 -0.88001239 -0.88001693 -0.88002568 -0.88004392 -0.88008655 -0.8802017 -0.88057266 -0.88202811 -0.88852346 -0.9085241 -0.92407836 -0.92651637 -0.92666219 -0.9266666 -0.92666667 -0.92666667 -0.92666667 -0.92666667 -0.92666667 -0.92666667 -0.92666667 -0.92666667 -0.92666667 -0.92666667 -0.92666667 -0.92666486 0.27333245 0.27333333 0.27333333 0.27333333 0.27333333 0.27333333 0.27333333 0.24 0.24 0.24 0.24 1.2866639 1.2866667 1.2866667 0.62333333 0.62333333 0.62333333 0.62333333 0.66340112 1.58 1.58 1.58 1.58 0.48333333 0.48333333 0.48333333
-0.88002054 -0.88002078 -0.88002169 -0.88002361 -0.88002708 -0.88003305 -0.88004332 -0.88006161 -0.88009618 -0.8801671 -0.88032853 -0.88074442 -0.88197227 -0.88600761 -0.89808446 -0.91658382 -0.92513167 -0.92653673 -0.92666003 -0.92666647 -0.92666666 -0.92666667 -0.92666667 -0.92666667 -0.92666667 -0.92666667 -0.92666667 -0.92666667 -0.92666667 -0.92666667 -0.92666667 -0.92666486 0.26766265 0.27333333 0.27333333 0.27333333 0.27333333 0.27333333 0.27333333 0.27333333 0.24006719 0.24 0.24 0.86499515 1.2866667 1.2866667 1.2866667 1.2866667 0.62333334 1.316727 1.32 1.3642181 1.58 1.58 1.58 1.58 0.48333333 0.48333333 0.48333333
-0.88004985 -0.8800542 -0.88006149 -0.88007334 -0.88009268 -0.88012504 -0.8801816 -0.88028661 -0.88049688 -0.88095714 -0.88206661 -0.88496798 -0.89248153 -0.90701074 -0.92050737 -0.92557258 -0.92653925 -0.92665665 -0.92666615 -0.92666665 -0.92666667 -0.92666667 -0.92666667 -0.92666667 -0.92666667 -0.92666667 -0.92666667 -0.92666667 -0.92666667 -0.92666667 -0.92666118 -0.19194054 0.27333331 0.27333333 0.27333333 0.27333333 0.27333333 0.27333333 0.27333333 0.27333333 0.27333296 0.24 0.24028491 1.2866667 1.2866667 1.2866667 1.2866667 1.2866667 1.32 1.32 1.32 1.32 1.58 1.58 1.58 1.58 0.48333333 0.48333333 0.48333333
-0.88012147 -0.88014187 -0.88017369 -0.88022426 -0.88030725 -0.8804497 -0.88070818 -0.8812087 -0.8822477 -0.8845394 -0.88966429 -0.89977222 -0.91317797 -0.92244158 -0.92577954 -0.92653171 -0.92665164 -0.92666546 -0.92666659 -0.92666666 -0.92666666 -0.92666667 -0.92666667 -0.92666667 -0.92666667 -0.92666667 -0.92666667 -0.92666667 -0.92666663 -0.92664636 -0.78923658 0.27326945 0.27333333 0.27333333 0.27333333 0.27333333 0.27333333 0.27333333 0.27333333 0.27333333 0.27333333 0.24132775 1.2866652 1.2866667 1.2866667 1.2866667 1.2866667 1.2866667 1.32 1.32 1.32 1.32 1.5796203 1.2900001 1.29 1.29 0.73766969 0.48333649 0.91666464
-0.88029437 -0.88036629 -0.8804784 -0.88065908 -0.88096254 -0.88149717 -0.88248814 -0.88440971 -0.88820555 -0.89530326 -0.90609389 -0.91697738 -0.92346312 -0.92587983 -0.92651689 -0.92664448 -0.92666412 -0.92666642 -0.92666663 -0.92666666 -0.92666666 -0.92666666 -0.92666667 -0.92666667 -0.92666667 -0.92666666 -0.92666665 -0.92666612 -0.92659878 -0.8827986 0.26687119 0.27333319 0.27333333 0.27333333 0.27333333 0.27333333 0.27333333 0.27333333 0.27333333 0.27333333 0.27333333 0.89251337 1.2866667 1.2866667 1.2866667 1.2866667 1.2866667 1.2866667 1.3199993 1.32 1.32 1.3198342 1.29 1.29 1.29 1.29 1.29 0.91666667 0.91666667
