EBird Region Approach/spi files/6-8|22_1.tif
NCOLS 121
NROWS 95
XLLCORNER -137.04393
YLLCORNER 23.663691
DX 0.49677396
DY 0.49847026
NODATA_VALUE -9999
[rows 52 to 77 of 95, columns 58 to 115 of 121]
-0.20666667 -0.20666667 -0.23 -0.23 -0.23 -0.26332765 -0.26333333 -0.26333333 -0.26333333 -0.12679351 -0.25333333 -0.25333333 -0.25333333 -0.25333328 -2.1557159e-05 0.16146719 0.16333333 0.16333332 0.16332938 -0.48217922 -0.45666667 -0.45666667 -0.45666667 -0.76115748 -0.82942508 -0.83 -0.82333333 -0.82333333 -0.82333333 -0.40333497 0.26 0.26 0.25982033 -0.17333333 -0.17333333 -0.41331909 -0.41333333 0.33999974 0.3247093 -0.26666667 -0.26666667 0.29851665 0.29999669 -0.05 -0.05 -0.05 -0.05 -0.083333333 -0.083333333 -0.083333333 0.14938919 0.15084081 0.26 0.26 0.41 0.77333333 0.66666667 0.15
-0.20666667 -0.20666667 -0.23 -0.23 -0.23 -0.23003281 -0.26333333 -0.26333333 -0.26333311 -0.12666667 -0.12666667 0.06 0.06 0.06 0.16333333 0.16333333 0.16333333 0.16333333 0.16333333 -0.45666667 -0.45666667 -0.45666667 -0.45666667 -0.82999997 -0.83 -0.83 -0.83 -0.40333333 -0.40333333 -0.40333333 0.26 0.26 0.26 -0.17333333 -0.17333333 -0.17333333 0.34 0.34 0.34 0.3 0.3 0.3 0.3 0.51330155 -0.049999835 -0.05 -0.05 -0.083333333 -0.083333333 -0.16333227 -0.16333333 0.11005839 0.15666667 0.15666667 0.40999992 0.27333333 0.66666667 0.28333333
-0.20666667 -0.20666667 -0.23 -0.23 -0.23 -0.2299877 -0.14 -0.14000063 -0.12666667 -0.12666667 -0.12666667 0.06 0.06 0.06 -0.17621016 0.15171959 0.16333333 0.16333333 0.16332676 -0.65999937 -0.66 -0.66 -0.66 -0.83 -0.83 -0.83 -0.83 -0.40333333 -0.40333333 -0.40333333 0.26 0.26 0.26 -0.17333333 -0.17333333 0.37999997 0.34000001 0.34 0.34 0.3 0.3 0.3 0.30000001 0.51333333 0.51333333 0.51333333 0.20333333 0.20333333 -0.14534066 -0.16333333 -0.16333333 -0.16333356 -0.40666667 -0.40666667 -0.17666667 -0.02 -0.36 -0.77666667
-0.26333333 -0.2633333 -0.23 -0.23 -0.23 -0.14 -0.14 -0.14 -0.13999155 -0.12666667 -0.12286239 0.06 0.06 0.06 -0.18666667 -0.18666667 -0.18666667 -0.18666667 -0.18666667 -0.66 -0.66 -0.66 -0.66 -0.65934241 -0.46333333 -0.46333333 -0.46333333 -0.40333337 -0.39106394 -0.046666667 -0.046666667 0.26000198 0.37333333 0.37333333 0.3799937 0.38 0.38 0.41333333 0.41333333 0.41332614 0.29 0.29 0.29072156 0.51333333 0.51333333 0.51333333 0.20333333 0.20333333 -0.14554253 -0.16333333 -0.16333333 -0.43666667 -0.43666667 -0.57999902 -0.48333295 -1.0133333 -0.48333333 -0.70333333
-0.26333333 -0.26331318 -0.063333333 -0.063333333 -0.30069753 -0.55943119 -0.14 -0.14 -0.14 -0.92609432 -0.92666667 -0.92665894 0.059997172 0.044808817 -0.93052322 -0.18695703 -0.18666667 -0.18666672 -0.18669741 -0.66 -0.66 -0.66015775 -1.0966667 -1.0962595 -0.46333333 -0.46333333 -0.46333333 -0.46333279 -0.046666667 -0.046666667 -0.046666667 0.37333324 0.37333333 0.37333333 0.37441461 0.38 0.38 0.41333333 0.41333333 0.29 0.29 0.29 0.29 0.13000092 0.13 0.13 0.19333333 0.19333333 -0.21570404 -0.24333333 -0.24333333 -0.43666667 -0.43666667 -0.58 0.35666667 -0.13666667 -1.0333333 -0.49999996
-0.26333333 -0.063333333 -0.063333333 -0.063333333 -0.063347416 -0.56 -0.56 -0.56 -0.56001102 -0.92666667 -0.92666667 -0.92666667 -0.92666667 -0.98333322 -0.98333333 -0.98333333 -0.98333333 -0.98333333 -0.82674409 -1.0958569 -1.0966667 -1.0966667 -1.0966667 -1.0966667 -0.53557721 -0.55 -0.55 -0.55 -0.24333239 -0.24333333 -0.24333333 -0.24333139 0.37333333 0.23153107 0.053333333 0.37952941 0.36 0.36 0.11000005 0.11000011 0.29 0.29 -0.084798555 0.13 0.13 0.13 0.19333333 0.19333333 -0.22592361 -0.24333333 -0.37333333 -0.37333533 -0.79 -0.62666667 0.35666666 -0.15610873 -0.78333319 -0.35832152
-0.063333334 -0.063333333 -0.063333333 -0.063333333 -0.063333333 -0.56 -0.56 -0.56 -0.56001034 -0.92666667 -0.92666667 -0.92666667 -0.92666667 -1.135754 -0.98333333 -0.98333333 -0.98333333 -0.82666667 -0.82666667 -0.82666667 -1.0966667 -1.0966667 -1.0966667 -0.74635874 -0.55 -0.55 -0.55 -0.55 -0.24333333 -0.24333333 -0.24333333 -0.24333333 -0.91999724 0.053333333 0.053333333 0.053333333 0.36 0.36 0.11 0.11 0.11 -0.11333333 -0.11333333 -0.11333334 0.13 0.13 0.41972733 0.19333333 0.44 -0.59999916 -0.59999999 -0.3066667 -0.30666667 -0.78085404 -0.11 -0.11 -0.3 -0.3
-0.063333333 -0.063333333 -0.063333333 -0.063333333 -0.063333333 -0.56 -0.56 -0.56 -0.1596727 -0.92666667 -0.92666667 -0.92666667 -0.92750844 -1.15 -1.15 -1.15 -0.82666681 -0.82666667 -0.82666667 -0.82666667 -0.7309759 -0.73 -0.73 -0.73 -0.58373983 -0.58333333 -0.58333333 -0.58333333 -0.66333333 -0.66333333 -0.66333333 -0.92 -0.92 -0.92 0.053333333 0.053333101 0.36 0.36 0.11 0.11 0.10796406 -0.11333333 -0.11333333 -0.11333333 -0.26333333 0.42988113 0.43 0.43994628 0.44 0.44 0.30666667 0.30666667 -0.30657246 -0.11 -0.11 -0.11 -0.3 -0.3
-0.062615225 -0.063333333 -0.063333333 -0.063333333 -0.063333337 -0.52656427 -0.14666667 -0.14666667 -0.14666667 -0.14666667 -0.57529554 -0.49333334 -1.1498639 -1.15 -1.15 -1.15 -0.82674919 -0.82666667 -0.82666667 -0.82666667 -0.73001625 -0.73 -0.73 -0.73 -0.58333542 -0.58333333 -0.58333333 -0.58333333 -0.66333333 -0.66333333 -0.66333333 -0.92 -0.92 -0.92 -0.39666667 -0.39666667 -0.39666667 -0.1 -0.1 -0.19 -0.19 -0.19 -0.11333333 -0.11333333 -0.26333333 0.42862442 0.43 0.43983422 0.44 0.44 0.30666667 0.30666667 0.27 0.26471537 0.26666667 0.26666667 0.11666667 0.11666667
0.53 0.53 0.5299982 -0.062531609 -0.13524616 -0.14666667 -0.14666667 -0.14666667 -0.14666667 -0.14666667 -0.49333333 -0.49333333 -0.49333333 -1.15 -1.15 -1.15 -0.77666667 -0.77666667 -0.77666667 -0.77666667 -0.64333333 -0.62 -0.62 -0.62 -0.31669544 -0.52847336 -0.58333333 -0.22333334 -0.22333333 -0.22758879 -0.66333332 -0.92 -0.92 -0.9199951 -0.39666667 -0.39666667 -0.39666667 -0.1 -0.1 -0.19 -0.19 -0.19 -0.31666667 -0.31002133 -0.31 -0.14 -0.14 0.21 0.21 0.21 0.47 0.46999983 0.27 0.26916988 0.26666667 0.26666667 0.11666667 0.11666667
0.53 0.53 0.53 0.53 -0.14418276 -0.14666667 -0.14666667 -0.14666667 -0.14666667 -0.14666667 -0.49333333 -0.49333333 -0.49333333 -0.92666549 -0.92666667 -0.92666667 -0.92666197 -0.77666667 -0.77666667 -0.64333333 -0.64333333 -0.64301123 -0.62 -0.62 -0.31666667 -0.31666667 -0.31666667 -0.22333333 -0.22333333 -0.22333333 -0.22333333 -0.16666667 -0.16666667 -0.16666667 -0.39666667 -0.39246006 0.32333333 0.30905796 -0.1 0.70997594 -0.18971855 -0.31666667 -0.31666667 -0.31666402 -0.31 -0.30268769 -0.14 0.0068043509 0.21030269 0.46373811 0.47 0.47 0.76 0.76 0.82333333 0.82333333 0.11666667 -0.31666667
0.53 0.53 0.53 0.53 0.56933176 -0.14666667 -0.14666667 -0.14666667 -0.14666667 -0.11953371 -0.49333333 -0.49333333 -0.49333333 -0.92666667 -0.92666667 -0.92666667 -0.92666667 -0.77666667 -0.76806146 -0.64333333 -0.64333333 -0.64333333 -0.62 -0.31666667 -0.31666667 -0.31666667 -0.31666667 -0.22333333 -0.22333333 -0.22333333 -0.22333093 -0.16666667 -0.16666667 -0.16666667 -0.16666667 0.32333333 0.32333333 0.32333333 0.71 0.71 0.71 -0.30491416 -0.31666667 -0.31666666 -0.31 0.36333333 0.36333333 0.33666667 0.33666667 0.33666667 0.69666667 0.69666667 0.76 0.76 0.82333333 0.87 0.87 -0.31666667
0.53 0.53 0.53 0.53026075 1.3766667 1.3766667 0.41282259 0.44333333 0.44333333 0.44333333 0.44333315 -0.49333333 -0.49333333 -0.98666667 -0.98666667 -0.98666667 -0.98666667 -0.98455238 -0.43 -0.43 -0.43 -0.43 -0.40640424 -0.2 -0.2 -0.2 -0.2 -0.2233217 0.063333223 0.063333333 0.063333333 -0.16666666 -0.16666667 -0.16666667 -0.16666667 0.32333333 0.32333333 0.32333331 0.70999866 0.71 0.71 0.07 0.07 0.14333333 0.14333333 0.36333333 0.36333333 0.50666665 0.33666667 0.69666664 0.69666667 0.69666667 1.2866667 1.2866667 0.87 0.87 0.98284416 -0.26332345
0.53 0.53 0.53000127 1.3766667 1.3766667 1.3766667 1.3614383 0.44333333 0.44333333 0.44333333 0.44333333 0.44333332 -0.98663138 -0.98666667 -0.98666667 -0.98666667 -0.98666667 -0.98392425 -0.43002235 -0.43 -0.43 -0.43 -0.24566023 -0.2 -0.2 -0.2 -0.2 0.063333333 0.063333333 0.063333333 0.063333333 0.063333333 -0.16666667 -0.16666667 -0.26665377 -0.22634078 -0.22666667 -0.22666667 -0.22666667 0.13 0.13 0.07 0.07 0.14333333 0.14333333 0.36333275 0.50413433 0.50666667 0.50666667 0.75081868 0.69666667 0.71192133 1.2866667 1.2866667 1.2866667 0.98333333 0.98333333 0.3200019
0.53 0.53001025 1.3766667 1.3766667 1.3766667 1.3766667 1.3766667 0.44333333 0.44333333 0.44333333 0.44333333 0.44333333 -0.53666667 -0.53666667 -0.53666667 -0.53666667 -0.53666667 -0.79910413 -0.83666667 -0.83666667 -0.83666667 -0.83666667 -0.63163602 -0.62666667 -0.62666667 -0.62666667 -0.62666666 0.063275916 0.063333333 0.063333333 0.063333333 0.063327939 -0.26666667 -0.26666667 -0.26666667 -0.26666667 -0.22666667 -0.22666667 -0.22666665 0.13 0.13 0.13997829 0.07 0.14337819 0.37333333 0.37333333 0.50666667 0.50666667 0.50666667 0.81666667 0.81666667 0.84634106 1.2866666 1.0713567 0.95686651 0.98333333 0.32000108 0.32
1.4833333 1.4782876 1.3766667 1.3766667 1.3766667 1.3766667 1.3766667 0.44333333 0.44333333 0.44333333 0.44333333 0.44316335 -0.22667746 -0.37250545 -0.53666667 -0.53666667 -0.53666667 -0.79598101 -0.83666667 -0.83666667 -0.83666667 -0.83666667 -0.62667327 -0.62666667 -0.62666667 -0.62666667 -0.62666667 -0.39 -0.39 -0.39 -0.39 -0.39 -0.26666667 -0.26666667 -0.26666667 -0.26666667 -0.19794202 -0.22666667 -0.087972259 0.13 0.14 0.14 0.14 0.37333333 0.37333333 0.37333333 0.37333333 0.50666667 0.81666667 0.81666667 0.81666667 0.81667124 0.95666667 0.95666667 0.91189876 0.82831372 0.32 0.32666667
1.4833333 1.4833333 1.3766667 1.3766667 1.3122188 1.1133333 1.1133333 1.1133301 0.44332937 0.44330759 0.44235697 -0.22666667 -0.22666667 -0.22666667 -0.22666667 -0.22666667 -0.23106909 -0.185433 -0.57 -0.57 -0.57 -0.57 -0.57000128 -0.63352272 -0.75333333 -0.75333333 -0.75333333 -0.33000844 -0.38999569 -0.39 -0.39 -0.38784045 -0.27666087 -0.26666667 -0.26666667 -0.26666624 -0.18333333 -0.18333333 -0.18333333 0.14 0.14 0.14 0.14 0.37333333 0.37333333 0.37333333 0.37333333 0.053341006 0.79197984 0.81666667 0.81666667 0.83645309 0.8366668 0.83666667 0.83666667 0.023439408 0.32666664 0.32666667
1.4833333 1.4833333 1.4797014 1.1133333 1.1133333 1.1133333 1.1133333 1.1132625 0.083333333 0.083333333 0.083333333 -0.077918238 -0.22666667 -0.22666667 -0.22666667 -0.22666667 -0.18393869 -0.18333333 -0.18405821 -0.57 -0.57 -0.57 -0.53666667 -0.75333333 -0.75333333 -0.75333333 -0.75333333 -0.33 -0.33 -0.33 -0.33 -0.27666667 -0.27666667 -0.27162318 0.24333333 -0.183027 -0.18333333 -0.18333333 -0.2 -0.2 0.14 -0.18666666 -0.18666667 -0.18666667 0.47 0.47 0.47 0.053333349 0.053333333 0.053333333 0.053285906 -0.48 0.83665752 0.023333333 0.023333333 0.023333333 -0.4 -0.14666667
1.4833333 1.4833333 1.4831412 1.1133333 1.1133333 1.1133333 1.1133333 0.08333334 0.083333333 0.083333333 0.083333333 0.083333333 -0.22666667 -0.22666667 -0.22666667 -0.22666667 -0.18333333 -0.18333333 -0.18333333 -0.41849749 -0.57 -0.53666667 -0.53666667 -0.53666667 -0.75333333 -0.24666673 -0.24666667 -0.32883827 -0.33 -0.33 -0.28825045 -0.27666667 -0.27666667 0.24333305 0.24333333 0.24333333 -0.18333333 -0.2 -0.2 -0.2 -0.18667143 -0.18666667 -0.18666667 -0.18666667 0.47 0.47 0.47 0.053333358 0.053333333 0.053333333 -0.48 -0.48 -0.48 0.023333333 0.023333333 -0.4 -0.4 -0.14666694
1.4833333 1.4833333 1.4832126 1.1133333 1.1133333 1.1133333 1.1133333 0.083333333 0.083333333 0.083333333 0.083333333 0.083332982 -0.22333333 -0.22333333 -0.22663165 -0.18333337 -0.18333333 -0.18333333 -0.18333333 -0.11396 -0.53666667 -0.53666667 -0.53666667 -0.53666667 -0.24666667 -0.24666667 -0.24666667 -0.10631018 -0.04 -0.04 -0.17689687 -0.27666667 -0.27666667 0.2433332 0.24333333 0.24333333 0.24333143 -0.2 -0.2 -0.2 -0.18751418 -0.18666667 -0.18666667 -0.18666667 0.47 0.47 0.47 0.053898125 0.053333333 0.053333333 -0.48 -0.48 -0.47816441 -0.40936724 -0.32000014 -0.32 -0.39999999 -0.4
1.67 1.67 1.653613 0.83 0.83 0.83 0.83 0.083333334 0.083333333 0.083333333 0.083333333 -0.22333333 -0.22333333 -0.22333333 -0.22333333 -0.18372492 -0.18333195 -0.1100001 -0.11 -0.11 -0.11 -0.53666422 -0.33668902 -0.33666667 -0.24666666 -0.24666663 -0.22666667 -0.079007774 -0.04 -0.04 -0.3 -0.3 -0.3 -0.18666667 -0.18666667 -0.18657638 0.016668732 0.016666667 -0.22666667 -0.22666667 -0.22666667 -0.27666667 -0.27666667 0.24383345 0.34 0.056666667 0.056666667 0.056666666 -0.01 -0.35657391 -0.36 -0.36 -0.41 -0.41347886 -0.42333333 -0.32 -0.32 0.34999867
1.67 1.67 0.78333488 0.8261858 0.83 0.83 0.83 0.31333333 0.31333332 0.083333474 -0.22118375 -0.22333333 -0.22333333 -0.22333333 -0.22333333 -0.15 -0.14999998 -0.11 -0.11 -0.11 -0.11000017 -0.33666667 -0.33666667 -0.33666667 -0.32047611 -0.22666667 -0.22666667 -0.22666667 0.053333333 0.053333329 -0.3 -0.3 -0.3 -0.18666667 -0.18666667 0.19666667 0.016743644 0.016666667 -0.22666667 -0.22666667 -0.22666667 -0.27666667 -0.27666667 0.34 0.34 0.056666667 0.056666667 0.037523245 -0.01 -0.35666667 -0.35666667 -0.40999999 -0.41 -0.37553841 -0.42333333 -0.42333333 0.35 0.35
1.67 1.67 0.78333333 0.78333333 0.83 0.83 0.82999996 0.31333333 0.31333333 0.31333333 -0.22332914 -0.22333333 -0.22333333 -0.22333333 -0.15000298 -0.15 -0.15 -0.14999996 -0.11 -0.11 -0.33449478 -0.33666667 -0.33666667 -0.33666667 -0.33633927 -0.22666667 -0.22666667 0.05330694 0.053333333 0.053333333 0.46 0.46 0.49666667 0.49666667 0.49550109 0.19666667 0.19666552 0.016666667 0.039686574 0.045754703 0.22333333 0.22333333 0.28672749 0.34 0.53 0.53 0.056666667 -0.01 -0.01 -0.35666665 -0.35666667 -0.34286577 -0.28 -0.28 0.22333333 0.22333333 0.34998633 0.35
1.67 1.6637506 0.78333333 0.78333333 0.78333424 0.83 0.31333333 0.31333333 0.31333333 0.31333333 0.31332501 -0.22333333 -0.22333333 -0.22333333 -0.15 -0.15 -0.15 -0.15 -0.1497122 -0.38482299 -0.38666667 -0.3866239 -0.33666667 -0.33666667 -0.33645308 -0.22666667 -0.22666667 0.053333333 0.053333333 0.053333333 0.46 0.46 0.49666667 0.49666667 0.81666666 0.81666667 0.68667299 0.68666667 0.046666667 0.046666667 0.22333333 0.22333333 0.22333333 0.53 0.53 0.50666667 0.37666667 0.37666667 0.37666666 0.27666667 0.27666667 -0.10000075 -0.10000909 -0.27938879 0.22333333 0.22333333 0.2233388 0.35
1.0133364 1.0133333 0.79425014 0.78333333 0.78333333 0.77506624 0.31333333 0.31333333 0.31333333 0.31333333 0.31333333 -0.22333333 -0.22333333 -0.15000497 -0.15 -0.15 -0.15 -0.15 -0.15222594 -0.38666667 -0.38666667 -0.38666667 -0.38666667 -0.38666667 -0.43333332 -0.43333333 -0.43333333 0.22333286 0.22333333 0.22333333 0.68333333 0.68333333 0.6 0.6 0.81666667 0.81666667 0.68666667 0.68666667 0.046666677 0.046666667 0.05760185 0.22333347 0.46 0.47499603 0.50666667 0.50666667 0.37666667 0.37666667 0.37666667 0.27666667 0.27666667 -0.1 -0.1 -0.1 0.5 0.5 0.5 0.49999998
1.0133333 1.0133333 1.0133333 1.0133333 1.0115934 0.31843999 0.31333333 0.31333333 0.31333333 0.31333336 0.34315706 0.37342693 -0.2221011 -0.15 -0.15 -0.15 -0.15 -0.15 -0.38666666 -0.38666667 -0.38666667 -0.38666667 -0.38666667 -0.38666667 -0.43333333 -0.43333333 -0.43333333 -0.43327968 0.22333333 0.22333333 0.68333333 0.68333333 0.6 0.6 0.6 0.96663976 0.68666667 0.68666667 0.57666667 0.57666667 0.46000022 0.46 0.46 0.46 0.50666667 0.50666667 0.37666667 0.37666667 0.37661672 0.27666667 0.27666667 -0.099999998 -0.1 -0.1 0.5 0.5 0.5 0.5
