EBird Region Approach/spi files/6-8|19_1.tif
NCOLS 121
NROWS 95
XLLCORNER -137.04393
YLLCORNER 23.663691
DX 0.49677396
DY 0.49847026
NODATA_VALUE -9999
[rows 0 to 25 of 95, columns 0 to 58 of 121]
0.82107173 -0.21978511 -0.21998823 -0.21999883 -0.21999992 -0.22 -0.22 -0.22 -0.22 -0.21999998 -0.21999972 -0.21999701 -0.21997912 -0.21990395 -0.21967913 0.25712707 0.51668137 0.70657516 0.78666606 0.78666667 0.78666667 0.78666667 0.78666667 0.78666667 0.78666667 0.78666667 0.78666667 0.78666667 0.78666667 0.78666667 0.78666667 0.78666667 0.78666667 0.78666667 0.78666667 0.78666667 0.78666667 0.78666667 0.78666667 0.78666667 0.78666667 0.78666667 0.78666667 0.78666667 0.78666667 0.78666667 0.78666667 0.78666667 0.78666667 0.78666667 0.78666667 0.78666667 0.78666667 0.78005661 0.76000001 0.76 0.76 0.76 0.76
1.3128677 -0.16376869 -0.21998132 -0.21999895 -0.21999998 -0.22 -0.22 -0.22 -0.22 -0.22 -0.21999985 -0.21999655 -0.21996607 -0.21982389 -0.21770118 0.51628025 0.51666666 0.5167922 0.78561712 0.78666667 0.78666667 0.78666667 0.78666667 0.78666667 0.78666667 0.78666667 0.78666667 0.78666667 0.78666667 0.78666667 0.78666667 0.78666667 0.78666667 0.78666667 0.78666667 0.78666667 0.78666667 0.78666667 0.78666667 0.78666667 0.78666667 0.78666667 0.78666667 0.78666667 0.78666667 0.78666667 0.78666667 0.78666667 0.78666667 0.78666667 0.78666667 0.78666667 0.78666667 0.78580355 0.76000003 0.76 0.76 0.76 0.76
1.3133333 1.3106948 -0.21991028 -0.21999722 -0.21999998 -0.22 -0.22 -0.22 -0.22 -0.22 -0.21999977 -0.21999046 -0.21989607 -0.21949948 0.39534714 0.51666663 0.51666667 0.51666667 0.51910231 0.78666591 0.78666667 0.78666667 0.78666667 0.78666667 0.78666667 0.78666667 0.78666667 0.78666667 0.78666667 0.78666667 0.78666667 0.78666667 0.78666667 0.78666667 0.78666667 0.78666667 0.78666667 0.78666667 0.78666667 0.78666667 0.78666667 0.78666667 0.78666667 0.78666667 0.78666667 0.78666667 0.78666667 0.78666667 0.78666667 0.78666667 0.78666667 0.78666667 0.78666667 0.78659595 0.76000013 0.76 0.76 0.76 0.76
1.3133333 1.3133333 1.0043875 -0.21994732 -0.21999977 -0.22 -0.22 -0.22 -0.22 -0.22 -0.21999703 -0.21990236 -0.21930968 -0.21753979 0.51666271 0.51666667 0.51666667 0.51666667 0.51666667 0.6897384 0.78666667 0.78666667 0.78666667 0.78666667 0.78666667 0.78666667 0.78666667 0.78666667 0.78666667 0.78666667 0.78666667 0.78666667 0.78666667 0.78666667 0.78666667 0.78666667 0.78666667 0.78666667 0.78666667 0.78666667 0.78666667 0.78666667 0.78666667 0.78666667 0.78666667 0.78666667 0.78666667 0.78666667 0.78666667 0.78666667 0.78666667 0.78666667 0.78666667 0.7866618 0.76000094 0.76 0.76 0.76 0.76
1.3133333 1.3133333 1.3133333 -0.21047433 -0.21890769 -0.21999928 -0.22 -0.22 -0.22 -0.21998112 -0.21922309 -0.21619877 -0.21156145 0.49056064 0.51666667 0.51666667 0.51666667 0.51666667 0.51666667 0.51666672 0.78662352 0.78666667 0.78666667 0.78666667 0.78666667 0.78666667 0.78666667 0.78666667 0.78666667 0.78666667 0.78666667 0.78666667 0.78666667 0.78666667 0.78666667 0.78666667 0.78666667 0.78666667 0.78666667 0.78666667 0.78666667 0.78666667 0.78666667 0.78666667 0.78666667 0.78666667 0.78666667 0.78666667 0.78666667 0.78666667 0.78666667 0.78666667 0.78666667 0.78666634 0.76000926 0.76 0.76 0.76 0.76
1.3133333 1.3133333 1.3133333 1.3133273 -0.14004189 -0.14 -0.14 -0.14 -0.14000001 -0.1402666 -0.14550964 -0.15615884 -0.16508317 0.51666665 0.51666667 0.51666667 0.51666667 0.51666667 0.51666667 0.51666667 0.51671278 0.78666667 0.78666667 0.78666667 0.78666667 0.78666667 0.78666667 0.78666667 0.78666667 0.78666667 0.78666667 0.78666667 0.78666667 0.78666667 0.78666667 0.78666667 0.78666667 0.78666667 0.78666667 0.78666667 0.78666667 0.78666667 0.78666667 0.78666667 0.78666667 0.78666667 0.78666667 0.78666667 0.78666667 0.78666667 0.78666667 0.78666667 0.78666667 0.78666664 0.76011087 0.76 0.76 0.76 0.76
1.3133333 1.3133333 1.3133333 1.3133333 -0.1399983 -0.14 -0.14 -0.14 -0.14 -0.14000003 -0.14001808 -0.14043758 0.45395221 0.51666667 0.51666667 0.51666667 0.51666667 0.51666667 0.51666667 0.51666667 0.51839247 0.78997032 0.78666682 0.78666667 0.78666667 0.78666667 0.78666667 0.78666667 0.78666667 0.78666667 0.78666667 0.78666667 0.78666667 0.78666667 0.78666667 0.78666667 0.78666667 0.78666667 0.78666667 0.78666667 0.78666667 0.78666667 0.78666667 0.78666667 0.78666667 0.78666667 0.78666667 0.78666667 0.78666667 0.78666667 0.78666667 0.78666667 0.78666667 0.78666666 0.76135147 0.76 0.76 0.76 0.76
1.3133333 1.3133333 1.3133333 1.3133333 1.3133329 -0.14 -0.14 -0.14 -0.14 -0.14 -0.14000099 -0.14003522 0.51666664 0.51666667 0.51666667 0.51666667 0.51666667 0.51666667 0.51666667 0.51666667 0.78509412 0.79 0.79 0.78905201 0.78666667 0.78666667 0.78666667 0.78666667 0.78666667 0.78666667 0.78666667 0.78666667 0.78666667 0.78666667 0.78821341 0.78679056 0.78666673 0.78666667 0.78666667 0.78666667 0.78666667 0.78666667 0.78666667 0.78666667 0.78666667 0.78666667 0.78666667 0.78666667 0.78666667 0.78666667 0.78666667 0.78666667 0.78666667 0.78666667 0.7703131 0.76 0.76 0.76 0.76
1.3133333 1.3133333 1.3133333 1.3133333 1.3133333 -0.1398522 -0.14 -0.14 -0.14 -0.14000001 -0.14000047 -0.077429849 0.51666667 0.51666667 0.51666667 0.51666667 0.51666667 0.51666667 0.51666667 0.51666707 0.79 0.79 0.79 0.79 0.78999996 0.78666783 0.78666667 0.78666667 0.78666667 0.78666667 0.78666667 0.78666667 0.78666667 0.78697576 1.2729318 1.2586681 0.82395038 0.78667634 0.78666667 0.78666667 0.78666667 0.78666667 0.78666667 0.78666667 0.78666667 0.78666667 0.78666667 0.78666667 0.78666667 0.78666667 0.78666667 0.78666667 0.78666667 0.78666666 0.78292184 0.76001681 0.76000343 0.76000048 0.76000004
1.3133333 1.3133333 1.3133333 1.3133333 1.3133333 1.3129124 -0.13999999 -0.14 -0.14 -0.14000004 -0.14000066 0.51665308 0.51666667 0.51666667 0.51666667 0.51666667 0.51666667 0.51666667 0.51666667 0.78999269 0.79 0.79 0.79 0.79 0.79 0.79 0.78920006 0.78666673 0.78666667 0.78666667 0.78666667 0.78666991 0.7939874 1.2570281 1.2733327 1.2733333 1.2733324 1.2729981 0.87673557 0.78666724 0.78666667 0.78666667 0.78666667 0.78666667 0.78666667 0.78666667 0.78666667 0.78666667 0.78666667 0.78666667 0.78666667 0.78666667 0.78666637 0.78663558 0.79085008 0.84699579 0.85096793 0.85493427 0.85857847
1.3133333 1.3133333 1.3133333 1.3133333 1.3133333 1.3133333 -0.12191406 -0.14000001 -0.14000004 -0.14000022 -0.13594291 0.51666667 0.51666667 0.51666667 0.51666667 0.51666667 0.51666667 0.51666667 0.51666667 0.79 0.79 0.79 0.79 0.79 0.79 0.79 0.79 0.78999454 0.78675662 0.78698479 0.89689812 0.90666141 0.90667297 1.0679076 1.2733312 1.2733333 1.2733333 1.2733333 1.2733333 1.2733328 1.1612274 0.78666701 0.78666667 0.78666667 0.78666667 0.78666667 0.78666667 0.78666667 0.78666667 0.78666666 0.78666028 0.78527562 0.71364255 0.26726741 0.71637597 0.86666571 0.86666656 0.86666666 0.86666667
1.3133333 1.3133333 1.3133333 1.3133333 1.3133333 1.3133333 1.2889921 -0.13987736 -0.14000031 -0.14000072 0.51036683 0.51666667 0.51666667 0.51666667 0.51666667 0.51666667 0.51666667 0.51666667 0.78999604 0.79 0.79 0.79 0.79 0.79 0.79 0.79 0.79 0.79 0.82894363 0.90666513 0.90666666 0.90666667 0.90666667 0.90872077 1.2733095 1.2733333 1.2733333 1.2733333 1.2733333 1.2733333 1.2733333 1.2733333 1.2695989 0.78669167 0.78666667 0.78666667 0.78666666 0.78663811 0.75349452 0.082811372 0.027651874 0.026724431 0.026675811 0.02666991 0.17688785 0.86666644 0.86666667 0.86666667 0.86666667
1.3133333 1.3133333 1.3133333 1.3133333 1.3133323 1.3133202 1.3130146 -0.0064222253 -0.13997925 -0.13765822 0.51665952 0.51666667 0.51666667 0.51666667 0.51666667 0.51666667 0.51666667 0.51666739 0.79 0.79 0.79 0.79 0.79 0.79 0.79 0.79 0.79 0.79132138 0.90613152 0.9066661 0.90666667 0.90666667 0.90666667 0.90666815 1.2718299 1.2733333 1.2733333 1.2733333 1.2733333 1.2733333 1.2733333 1.2733333 1.2733333 1.2733333 1.2724493 0.031104076 0.026669729 0.026666674 0.026666667 0.026666667 0.026666667 0.026666667 0.026666669 0.026667744 0.031503083 0.86666467 0.86666667 0.86666667 0.86666667
-0.27666666 -0.27666667 -0.27666667 -0.27666666 -0.27666655 -0.27666487 -0.27664622 -0.27648121 -0.2222929 0.48500974 0.51666694 0.51666667 0.51666667 0.51666667 0.51666667 0.51666667 0.51666667 0.78470331 0.79 0.79 0.79 0.79 0.79 0.79 0.79 0.79 0.84235764 0.91685167 0.90464063 0.90666645 0.90666667 0.90666667 0.90666667 0.90666667 0.98576283 1.2733333 1.2733333 1.2733333 1.2733333 1.2733333 1.2733333 1.2733333 1.2733333 1.2733333 1.196948 0.026666668 0.026666667 0.026666667 0.026666667 0.026666667 0.026666667 0.026666667 0.026666679 0.02668033 0.030549236 0.86657282 0.86666666 0.86666667 0.86666667
-0.27666667 -0.27666667 -0.27666667 -0.27666667 -0.27666667 -0.27666667 -0.27666553 -0.27545034 0.57050845 0.59666593 0.59659649 0.51675809 0.51666667 0.51666667 0.51666667 0.51666669 0.51824391 0.78999655 0.79 0.79 0.79 0.79 0.79 0.79 0.79000005 0.91980916 0.91999623 0.91883002 0.87919275 0.90666656 0.90666667 0.90666667 0.90666667 0.90666667 0.90666956 1.2733333 1.2733333 1.2733333 1.2733333 1.2733333 1.2733333 1.2733333 1.2733333 1.2733333 0.027267109 0.026666667 0.026666667 0.026666667 0.026666667 0.026666667 0.026666667 0.026666667 0.02666692 0.027394546 0.23792299 0.55796043 0.86663451 0.86666667 0.86666667
-0.27666667 -0.27666667 -0.27666667 -0.27666667 -0.27666667 -0.27666666 -0.27642316 -0.0012024984 0.59666216 0.59666667 0.59666667 0.5966666 0.54205088 0.50329516 0.51280867 0.51569398 0.74505561 0.7899998 0.79 0.79 0.79 0.79 0.79 0.79006902 0.91999998 0.92 0.91999994 0.91974276 0.66147521 0.90666654 0.90666667 0.90666667 0.90666667 0.90666667 0.90666667 1.2733113 1.2733333 1.2733333 1.2733333 1.2733333 1.2733333 1.2733333 1.2733333 1.2733333 0.026666667 0.026666667 0.026666667 0.026666667 0.026666667 0.026666667 0.026666667 0.026666667 0.026718973 0.23529653 0.78218493 0.31480315 0.34844193 0.86664222 0.86666667
-0.27666667 -0.27666667 -0.27666667 -0.27666667 -0.27666667 -0.27664408 0.36710056 0.59187551 0.59666666 0.59666667 0.59666667 0.59666667 0.57505264 -0.026666269 -0.026666667 -0.026666667 -0.026666664 -0.0265371 0.77575619 0.78999996 0.79 0.79 0.87227669 0.92 0.92 0.92 0.92 0.91997993 0.62766078 0.90666382 0.90666667 0.90666667 0.90666667 0.90666667 0.90666667 0.91499553 1.2733333 1.2733333 1.2733333 1.2733333 1.2733333 1.2733333 1.2733333 1.2388015 0.026666667 0.026666667 0.026666667 0.026666667 0.026666667 0.026666667 0.026666667 0.026667267 0.24752081 0.78963645 0.78548724 0.31338645 0.31333334 0.31410036 0.86662364
-0.27666667 -0.27666667 -0.27666667 -0.27666667 -0.27666593 0.57236018 0.5733332 0.59664947 0.59666667 0.59666667 0.59666667 0.59666667 0.5851957 -0.026666661 -0.026666667 -0.026666667 -0.026666667 -0.026666667 -0.026666667 -0.026666457 0.047364945 0.91980644 0.92 0.92 0.92 0.92 0.92 0.91999986 0.62666686 0.73798397 0.90666667 0.90666667 0.90666667 0.90666667 0.90666667 0.90666667 1.2733333 1.2733333 1.2733333 1.2733333 1.2733333 1.2733333 -0.70012121 -0.70333316 0.026666667 0.026666667 0.026666667 0.026666667 0.026666667 0.026666667 0.026666667 0.30718411 0.78999692 0.79 0.77702726 0.31333372 0.31333333 0.31333333 0.31333583
-0.27666667 -0.27666667 -0.27666667 -0.27666643 0.57333333 0.57333333 0.57333334 0.59666667 0.59666667 0.59666667 0.59666667 0.59666667 0.591325 -0.026666667 -0.026666667 -0.026666667 -0.026666667 -0.026666667 -0.026666667 -0.026666667 -0.026666665 0.91996662 0.92 0.92 0.92 0.92 0.92 0.92 0.62666667 0.62666667 0.90666667 0.90666667 0.90666667 0.90666667 0.90666667 0.90666667 1.2732782 1.2733333 1.2733333 1.2733333 1.272817 -0.70333333 -0.70333333 -0.70333333 0.021016818 0.026666667 0.026666667 0.026666667 0.026666667 0.026666667 0.51780628 0.79 0.79 0.79 0.70278906 0.31333333 0.31333333 0.31333333 0.31333333
0.97630208 -0.27666667 0.18171972 0.57333333 0.57333333 0.57333333 0.57333387 0.59666667 0.59666667 0.59666667 0.59666667 0.59666667 0.59428129 -0.026666667 -0.026666667 -0.026666667 -0.026666667 -0.026666667 -0.026666667 -0.026666667 -0.026666667 0.89776551 0.92 0.92 0.92 0.92 0.92 0.92 0.62666667 0.62666667 0.90666667 0.90666667 0.90666667 0.90666667 0.90666667 0.90666667 0.91284565 1.2733333 1.27331 -0.70232916 -0.70333333 -0.70333333 -0.70333333 -0.70333333 -0.70333333 0.026666667 0.026666667 0.026666667 0.026666667 0.76501177 0.79 0.79 0.79 0.79 0.35776162 0.31333333 0.31333333 0.31333333 0.31333333
0.97666667 0.57392546 0.57333333 0.57333333 0.57333333 0.57333333 0.5949569 0.59666667 0.59666667 0.59666667 0.59666667 0.59666667 0.59535395 -0.026666667 -0.026666667 -0.026666667 -0.026666667 -0.026666667 -0.026666667 -0.026666667 -0.026666667 -0.012940504 0.92 0.92 0.92 0.92 0.92 0.91996665 0.62666667 0.62666667 0.62666695 0.90666667 0.90666667 0.90666667 0.90666667 0.90666667 0.90666783 0.79189582 -0.70332529 -0.70333333 -0.70333333 -0.70333333 -0.70333333 -0.70333333 -0.70333333 -0.17268746 0.026666667 0.026666667 0.78884989 0.79 0.79 0.79 0.79 0.79 0.31342567 0.31333333 0.31333333 0.31333333 0.31333333
0.97666667 0.57376224 0.57333333 0.57333333 0.57333333 0.57333333 0.59666667 0.59666667 0.59666667 0.59666667 0.59666667 0.59666667 0.59521749 -0.026666667 -0.026666667 -0.026666667 -0.026666667 -0.026666667 -0.026666667 -0.026666667 -0.026666667 -0.026661862 0.92 0.92 0.92 0.92 0.92 0.6439872 0.62666667 0.62666667 0.62666667 0.90666587 0.90666667 0.90666667 0.90666667 0.90666667 0.90666577 -0.70331292 -0.70333333 -0.70333333 -0.70333333 -0.70333333 -0.70333333 -0.70333333 -0.70333333 -0.70333326 -0.24634886 0.78713926 0.79 0.79 0.79 0.79 0.79 0.7899771 0.31333263 0.31333333 0.31333333 0.31333333 0.31333333
0.97666667 0.57467952 0.57333333 0.57333333 0.57333333 0.57333333 0.59666667 0.59666667 0.59666667 0.59666667 0.59666667 0.59666667 0.38 0.37994622 -0.026666667 -0.026666667 -0.026666667 -0.026666667 -0.026666667 -0.026666667 -0.026666667 -0.026666659 0.91999951 0.92 0.92 0.92 0.91999482 0.77999977 0.78 0.78 0.78 0.78 0.80116874 0.90666576 0.90666666 0.9059109 0.67581635 -0.40795045 -0.41987127 -0.59266058 -0.70319858 -0.70333333 -0.70333333 -0.70333333 -0.70333257 -0.27 -0.27 -0.27 0.79 0.79 0.79 0.79 0.78005197 -0.71333333 0.23300707 0.31333333 0.31333333 0.31333333 0.31333333
0.97666667 0.57837853 0.57333333 0.57333333 0.57333333 0.57333435 0.59666667 0.59666667 0.59666667 0.59666667 0.59666667 0.38254498 0.38 0.38 0.38 -0.026666396 -0.026666667 -0.026666667 -0.026666667 -0.026666667 -0.026666667 -0.026666667 0.91823798 0.91999538 0.91522309 0.78000462 0.78 0.78 0.78 0.78 0.78 0.78 0.78 0.77999655 0.70333336 0.70331617 0.66577564 0.92887106 -0.41977367 -0.41962573 -0.36472717 -0.29333379 -0.29333333 -0.29333333 -0.27 -0.27 -0.27 -0.27 -0.26999819 0.79 0.79 -0.71333333 -0.71333333 -0.71333333 -0.71333331 0.31333333 0.31333333 0.31333333 0.31333333
0.97666666 0.5869856 0.57333333 0.57333333 0.57333333 0.58246195 0.59666667 0.59666667 0.59666667 0.59666667 0.59666467 0.38 0.38 0.38 0.38 0.38 0.37824012 -0.026666666 -0.026666667 -0.026666667 -0.026666667 -0.026666667 0.49927601 0.78054784 0.78000001 0.78 0.78 0.78 0.78 0.78 0.78 0.78 0.78 0.7033548 0.70333333 0.70333298 0.64911992 1.1316317 1.0549861 -0.4199999 -0.41999961 -0.29333612 -0.29333333 -0.29333333 -0.27000146 -0.27 -0.27 -0.27 -0.27 0.11205565 -0.71333333 -0.71333333 -0.71333333 -0.71333333 -0.71333333 0.31333333 0.31333333 0.31333333 0.31333333
0.97666601 0.60025422 0.57333334 0.57333333 0.57333337 0.59629713 0.59666667 0.59666667 0.59666667 0.59666666 0.38000023 0.38 0.38 0.38 0.38 0.38 0.38 0.37998923 -0.02550479 -0.026666216 -0.026666651 -0.026666661 0.77159165 0.78 0.78 0.78 0.78 0.78 0.78 0.78 0.78 0.78 0.77985669 0.70333333 0.70333333 0.70333333 0.57704101 0.49959495 1.2266667 1.1677501 -0.42 -0.42 -0.29333333 -0.29333333 -0.29239669 -0.27 -0.27 -0.27 -0.27 -0.70652537 -0.71333333 -0.71333333 -0.71333333 -0.71333333 -0.71333333 0.31132896 0.31333333 0.31333333 0.31333333
