EBird Region Approach/spi files/6-8|21_1.tif
NCOLS 121
NROWS 95
XLLCORNER -137.04393
YLLCORNER 23.663691
DX 0.49677396
DY 0.49847026
NODATA_VALUE -9999
[rows 52 to 77 of 95, columns 0 to 57 of 121]
-0.53758498 -0.51887213 -0.45962654 -0.3331145 -0.28221257 -0.27599341 -0.27118306 -0.26200828 -0.24525441 -0.22097075 -0.19870605 -0.18822811 -0.19162174 -0.22924135 -0.39311745 -0.58525115 -0.56395052 -0.55336095 -0.55333345 -0.55333334 -0.55333333 -0.55333333 -0.55333333 -0.55333333 -0.55333333 -0.55333333 -0.55333333 -0.89 -0.89 -0.89369082 -1.0733333 -1.0733333 -1.0966667 -1.0966667 -1.0966667 -1.0966667 -0.80333333 -0.80333333 -0.80333333 -0.80333333 -0.80333333 -0.63774887 -0.63666667 -0.63666667 -0.63666667 -0.45378609 -0.42333333 -0.42333333 -0.42333333 -0.57666667 -0.57666667 -0.57666667 -0.7 -0.7 -0.7 -0.7 -0.95333327 -0.21934798
-0.52231253 -0.48136164 -0.37744761 -0.29242261 -0.27516104 -0.26959068 -0.26151498 -0.24804973 -0.22865621 -0.20808288 -0.19474268 -0.19403777 -0.21685953 -0.3166348 -0.53649059 -0.55358212 -0.55333472 -0.55333334 -0.55333333 -0.55333333 -0.55333333 -0.55333333 -0.55333333 -0.55333333 -0.55333333 -0.55333333 -0.55333333 -0.55333333 -0.89 -1.0733333 -1.0733333 -1.0733333 -1.0742983 -1.0966641 -1.0965693 -1.0675238 -0.80333333 -0.80333333 -0.80333333 -0.80333311 0.43666667 0.43666667 -0.63557478 -0.63666667 -0.63666667 -0.42333333 -0.42333333 -0.42333333 -0.42333333 -0.15354373 -0.57666071 -0.69990256 -0.7 -0.7 -0.7 -0.7 -0.21666667 -0.21666667
-0.49339827 -0.4156769 -0.31490697 -0.27722469 -0.26834716 -0.26091696 -0.24981886 -0.23424661 -0.21653307 -0.20253965 -0.19870703 -0.21631238 -0.35012467 -0.54720557 -0.5533339 -0.55333335 -0.5533333 -0.55333333 -0.55333333 -0.55333333 -0.55333333 -0.55333333 -0.55333333 -0.55333333 -0.55333333 -0.55333333 -0.55333333 -0.55333333 -0.9384576 -1.0733333 -1.0733333 -0.61441338 -0.61014447 -0.7 -0.7 -0.7 -0.69999518 -3.674414e-15 1.8503717e-17 0.00025948827 0.43666667 0.43666667 0.43666667 0.42319245 -1.0233203 -1.0212579 -0.42333333 -0.42333333 -0.15333333 -0.15333333 -0.15333333 -0.31452795 -0.33333333 -0.33333333 -0.33333333 -0.33333347 0.29665063 -0.21666667
-0.4424352 -0.34616451 -0.28536397 -0.2682744 -0.26038704 -0.25097607 -0.23832865 -0.22356697 -0.21059875 -0.20653153 -0.24228259 -0.46353223 -0.55061448 -0.55309097 -0.55326174 -0.55331659 -0.55333059 -0.55333303 -0.5533333 -0.55333333 -0.55333333 -0.55333333 -0.55333333 -0.55333333 -0.55333333 -0.55333333 -0.55333111 -0.20333333 -0.20333333 -0.20333344 -0.61 -0.61 -0.61 -0.7 -0.7 -0.7 -0.69999132 1.8503717e-17 1.8503717e-17 1.8503717e-17 0.43666667 0.43666667 0.43666665 -0.0033333333 -1.0233333 -1.0233333 -1.0233333 -0.15333333 -0.15333333 -0.15333333 -0.23666667 -0.23666667 -0.33333333 -0.33333333 -0.33333333 -0.29040708 0.29666667 0.29666667
-0.37780454 -0.30154634 -0.27094919 -0.26031952 -0.25181616 -0.24140622 -0.22939105 -0.2191287 -0.22421837 -0.32343087 -0.49658782 -0.52822812 -0.53575629 -0.5417428 -0.54655703 -0.54995678 -0.55197393 -0.55292341 -0.55325035 -0.5533236 -0.55333267 -0.55333321 -0.5533332 -0.55333249 -0.55283537 -0.20333938 -0.20333333 -0.20333333 -0.20333333 -0.20333333 -0.61 -0.61 -0.61 -0.7 -0.7 -0.7 -0.6992476 1.8503717e-17 1.8503717e-17 1.8503717e-17 0.43658472 0.037224429 -0.0033333333 -0.0033333333 -1.0233333 -1.0233333 -1.0233333 -1.0233333 -0.15333333 -0.1533426 -0.23666667 -0.23666667 -0.23666886 -0.33333333 -0.33333333 0.2931956 0.29666667 0.29666667
-0.32417358 -0.27821787 -0.26151663 -0.25270959 -0.24408131 -0.23551308 -0.23529746 -0.28390234 -0.38271024 -0.40873114 -0.40871242 -0.40654325 -0.40414328 -0.40158426 -0.398872 -0.39602123 -0.39306188 -0.39004669 -0.38706213 -0.38424496 -0.38181096 -0.38011491 -0.37958561 -0.30894445 -0.20333584 -0.20333333 -0.20333333 -0.20333333 -0.20333333 -0.20333333 -0.61 -0.61 -0.61 -0.69999995 -0.7 -0.7 -0.64407936 1.8503646e-17 1.8503717e-17 1.8504602e-17 -0.0028494484 -0.0033333333 -0.0033333333 -0.0033333333 -0.59883961 -1.0233333 -1.0233333 -1.0233333 -0.15333342 -0.23666667 -0.23666667 -0.23666667 -0.23666667 0.02 0.02 0.02 0.02076838 0.29666667
-0.29101536 -0.26524276 -0.25465457 -0.24894824 -0.25306787 -0.29460701 -0.35432779 -0.37027754 -0.37022586 -0.36852979 -0.3669805 -0.36572639 -0.36477868 -0.3641196 -0.36370744 -0.36348287 -0.3633808 -0.36334438 -0.36333501 -0.36333347 -0.36333334 -0.36333333 -0.36333333 -0.36333333 -0.36333333 -0.36333205 -0.20333672 -0.20333333 -0.20333333 -0.20333333 -0.61 -0.61 -0.60999774 -7.114571e-05 -0.64751065 -0.56343897 -0.56333333 -0.56043857 -5.8756889e-10 -1.0520776e-12 -0.0033333333 -0.0033333333 -0.0033333333 -0.0033333333 -0.0033334578 -1.0233333 -1.0233333 -1.0233333 0.29479111 -0.23665713 -0.23666667 -0.23666667 -0.13099837 0.02 0.02 0.02 0.02 0.020025272
-0.27336405 -0.26183554 -0.26941939 -0.30789301 -0.35063285 -0.36378593 -0.3651023 -0.36464672 -0.3641573 -0.36380582 -0.36357908 -0.36344672 -0.36337836 -0.36334811 -0.36333713 -0.36333404 -0.36333342 -0.36333334 -0.36333333 -0.36333333 -0.36333333 -0.36333333 -0.36333333 -0.36333333 -0.36333333 -0.36333333 -0.36333333 -0.36333333 -0.35824009 -0.44374939 -0.82330988 -1.089199e-08 3.7007434e-17 3.7007434e-17 -4.2656869e-11 -0.56333333 -0.56333333 -0.56333333 -0.56333333 -0.56320176 -0.0093141853 -0.1094128 -0.12666635 -0.12666667 -0.12666667 -0.33518689 -1.0233333 0.41663145 0.41666667 0.41666667 0.41666667 0.45672702 0.80333333 0.032383057 0.02 0.02 0.02 0.02
-0.28597974 -0.31676155 -0.34971629 -0.36173689 -0.3638529 -0.36388752 -0.36368847 -0.36353231 -0.36343432 -0.36337919 -0.36335152 -0.36333943 -0.36333499 -0.36333368 -0.36333338 -0.36333334 -0.36333333 -0.36333333 -0.36333333 -0.36333333 -0.36333333 -0.36333333 -0.36333333 -0.36333333 -0.36333333 -0.36333333 -0.36333333 -0.36333333 -0.36333333 -0.82333333 -0.82333333 -0.011475666 3.7007434e-17 3.7007434e-17 3.6798506e-17 -0.56333333 -0.56333333 -0.56333333 -0.56333333 -0.56333333 -0.12666667 -0.12666667 -0.12666667 -0.12666667 -0.12666667 -0.12666667 0.45333333 0.45332531 0.41666667 0.41666667 0.41666667 0.797385 0.80333333 0.80333333 0.80281383 0.50332774 0.50333328 0.50333298
-0.34904316 -0.3604115 -0.36322602 -0.3636124 -0.36355253 -0.3634627 -0.36340118 -0.36336549 -0.36334692 -0.36333833 -0.36333489 -0.36333373 -0.36333341 -0.36333334 -0.36333333 -0.36333333 -0.36333333 -0.36333333 -0.36333333 -0.36333333 -0.36333333 -0.36333333 -0.36333333 -0.36333333 -0.36333333 -0.36333333 -0.36333333 -0.36333333 -0.36333516 -0.82333333 -0.82333333 -0.82333333 3.7007434e-17 3.7007434e-17 3.7007353e-17 -0.56333333 -0.56333333 -0.56333333 -0.56333333 -0.56333333 -0.12666667 -0.12666667 -0.12666667 -0.12666667 -0.12666667 -0.12666343 0.45333333 0.45333333 0.45306429 0.41666667 0.41666667 0.80333303 0.80333333 0.80333333 0.50333333 0.50333333 0.50333333 0.50333333
-0.36265957 -0.36341736 -0.36348731 -0.36343928 -0.36339311 -0.36336362 -0.36334723 -0.36333903 -0.36333537 -0.36333395 -0.36333349 -0.36333336 -0.36333334 -0.36333333 -0.36333333 -0.36333333 -0.36333333 -0.36333333 -0.36333333 -0.36333333 -0.36333333 -0.36333333 -0.36333333 -0.36333333 -0.36333333 -0.36333333 -0.36333333 -0.36333333 -0.82313306 -0.82333333 -0.82333333 -0.82333333 -0.0011788369 3.7007434e-17 -2.1814324e-14 -0.56333333 -0.56333333 -0.56333333 -0.56333333 -0.56333333 -0.12666667 -0.12666667 -0.12666667 -0.12666667 -0.12666667 0.45333262 0.45333333 0.45333333 0.45333333 0.41666817 0.41666667 0.80333232 0.80333333 0.80333333 0.50333333 0.50333333 0.50333333 0.32585548
-0.36342418 -0.36342686 -0.36339359 -0.3633666 -0.36334997 -0.36334089 -0.36333641 -0.36333444 -0.36333367 -0.36333342 -0.36333335 -0.36333334 -0.36333333 -0.36333333 -0.36333333 -0.36333333 -0.36333333 -0.36333333 -0.36333333 -0.36333333 -0.36333333 -0.36333333 -0.36333333 -0.36333333 -0.36333333 -0.36333333 -0.36333333 -0.36333333 -0.82333333 -0.82333333 -0.82333333 -0.82333333 -0.82333333 -8.3103254e-10 -3.2626259e-08 -0.56333333 -0.56333333 -0.56333333 -0.56333333 -0.10697206 -0.1066667 -0.12640823 -0.12666667 -0.12666667 -0.12666667 0.45333333 0.45333333 0.45333333 0.45333333 0.45333333 0.90666663 0.9066575 0.80333333 0.5325296 0.50333333 0.50333333 0.50333333 0.22333333
-0.36339591 -0.36337234 -0.36335472 -0.36334402 -0.36333821 -0.36333534 -0.36333406 -0.36333356 -0.36333339 -0.36333334 -0.36333333 -0.36333333 -0.36333333 -0.36333333 -0.36333333 -0.36333333 -0.36333333 -0.36333333 -0.36333333 -0.36333333 -0.36333333 -0.36333333 -0.36333333 -0.36333333 -0.36333333 -0.36333333 -0.36333333 -0.36333568 -0.82333333 -0.82333333 -0.82333333 -0.82333333 -0.82333333 -0.16557641 -2.5900254e-05 -0.56333185 -0.56333333 -0.56333333 -0.10668144 -0.10666667 -0.10666667 -0.10666667 -0.10666667 -0.10666671 -0.11725447 0.45333333 0.45333333 0.45333333 0.45333333 0.90666667 0.90666667 0.90666667 0.90582531 0.57333333 0.57333333 0.57333333 0.57332472 0.22333333
-0.3633613 -0.3633487 -0.36334107 -0.3633369 -0.36333482 -0.36333388 -0.36333351 -0.36333338 -0.36333334 -0.36333333 -0.36333333 -0.36333333 -0.36333333 -0.36333333 -0.36333333 -0.36333333 -0.36333333 -0.36333333 -0.36333333 -0.36333333 -0.36333333 -0.36333333 -0.36333333 -0.36333333 -0.36333333 -0.36333333 -0.36333333 -0.39904244 -0.82333331 -0.82333333 -0.82333331 -0.82333034 0.0060926414 0.01 0.01 0.01 0.0099999982 -0.10638884 -0.10666667 -0.10666667 -0.10666667 -0.10666667 -0.10666667 -0.10666667 -0.10666667 0.45000471 0.45000357 0.45001715 0.90666667 0.90666667 0.90666667 0.90666667 0.89709286 0.57333333 0.57333333 0.57333333 0.57333333 0.22333333
-0.36334537 -0.36333947 -0.36333621 -0.36333455 -0.36333379 -0.36333348 -0.36333337 -0.36333334 -0.36333333 -0.36333333 -0.36333333 -0.36333333 -0.36333333 -0.36333333 -0.36333333 -0.36333333 -0.36333333 -0.36333333 -0.36333333 -0.36333333 -0.36333333 -0.36333333 -0.36333333 -0.36333333 -0.36333333 -0.36333333 -0.36252278 -0.14334289 -0.14333334 -0.14333333 -0.14333333 -0.14333333 0.0099736358 0.01 0.01 0.01 0.01 0.009606608 -0.10666667 -0.10666667 -0.10666667 -0.10666667 -0.10666667 -0.10666667 -0.1066235 0.45 0.45 0.45 0.45000008 0.90666667 0.90666667 0.90666667 0.67689545 0.57333333 0.57333333 0.57333333 0.57333333 0.57188993
-0.36333854 -0.36333581 -0.36333441 -0.36333374 -0.36333346 -0.36333336 -0.36333334 -0.36333333 -0.36333333 -0.36333333 -0.36333333 -0.36333333 -0.36333333 -0.36333333 -0.36333333 -0.36333333 -0.36333333 -0.36333333 -0.36333333 -0.36333333 -0.36333333 -0.36333333 -0.36333333 -0.36333332 -0.36330668 -0.16117798 -0.14333334 -0.14333333 -0.14333333 -0.14333333 -0.14333333 -0.14333333 -0.14270245 0.01 0.01 0.01 0.01 0.0099999997 -0.10666667 -0.10666667 -0.10666667 -0.10666667 -0.10666667 -0.10569227 0.39765453 0.45 0.45 0.45 0.45 0.4538077 0.90666667 0.90666667 0.58688477 0.57333333 0.57333333 0.57333333 0.57333333 0.05
-0.36333557 -0.36333431 -0.3633337 -0.36333344 -0.36333335 -0.36333333 -0.36333332 -0.36333333 -0.36333333 -0.36333333 -0.36333333 -0.36333333 -0.36333333 -0.36333333 -0.36333333 -0.36333333 -0.36333333 -0.36333333 -0.36333333 -0.36333333 -0.36333332 -0.36333308 -0.36331045 -0.34779685 -0.14358441 -0.14333333 -0.14333333 -0.14333333 -0.14333333 -0.14333333 -0.14333333 -0.14333333 -0.14333333 0.01 0.01 0.01 0.01 0.01 -0.10659412 -0.10208453 0.22331863 0.22333333 0.22333333 0.22333333 0.22333334 0.45 0.45 0.45 0.45 0.45 0.86458791 0.66099711 0.53 0.53 0.53182729 0.57259362 0.05 0.05
-0.36333415 -0.36333359 -0.36333335 -0.36333328 -0.36333327 -0.36333328 -0.36333329 -0.3633333 -0.36333331 -0.36333331 -0.36333332 -0.36333332 -0.36333332 -0.36333332 -0.36333332 -0.36333331 -0.3633333 -0.36333324 -0.36333297 -0.36333059 -0.36328425 -0.36055984 -0.19324578 -0.14336573 -0.14333333 -0.14333333 -0.14333333 -0.14333333 -0.14333333 -0.14333333 -0.14333333 -0.14333333 -0.14333333 0.01 0.01 0.01 0.01 0.01 0.22337383 0.22333333 0.22333333 0.22333333 0.22333333 0.22333333 0.22389057 0.44666667 0.44666667 0.44999995 0.45 0.45 0.50155834 0.53 0.53 0.53 0.53 0.52847558 0.05 0.05
-0.36333308 -0.36333291 -0.36333289 -0.36333293 -0.36333298 -0.36333303 -0.36333307 -0.3633331 -0.36333312 -0.36333312 -0.36333312 -0.3633331 -0.36333305 -0.36333294 -0.36333268 -0.36333198 -0.36332947 -0.36331685 -0.36321402 -0.36162273 -0.31562351 -0.15021883 -0.143348 -0.14333334 -0.14333333 -0.14333333 -0.14333333 -0.14333333 -0.14333333 -0.14333333 -0.14333333 -0.14333333 -0.14333333 0.0040359041 0.01 0.01 0.010001377 0.63333298 0.48543334 0.41991744 0.27489329 0.22333333 0.22333333 0.22333333 0.44666664 0.44666667 0.44666667 0.44666667 0.44666667 0.603333 0.60305884 0.53 0.53 0.53 0.53 0.53 0.05 0.05
-0.36333122 -0.36333131 -0.36333145 -0.36333159 -0.3633317 -0.36333177 -0.3633318 -0.36333176 -0.36333165 -0.36333141 -0.36333095 -0.36333008 -0.36332826 -0.36332398 -0.36331202 -0.36326973 -0.36306599 -0.3616063 -0.34530245 -0.21624201 -0.14533599 -0.14334603 -0.14333335 -0.14333333 -0.14333333 -0.14333333 -0.14333333 -0.14333333 -0.14333333 -0.14333333 -0.14333333 -0.14333333 -0.14333333 -0.1428179 0.0099999953 0.63237926 0.63333333 0.63333333 0.63333333 0.42 0.42 0.42 0.42 0.41999907 0.44666667 0.44666667 0.44666667 0.44666667 0.60333028 0.60333333 0.60333333 0.53 0.53 0.53 0.53 0.53 0.05 0.05
-0.3633261 -0.36332631 -0.36332644 -0.36332644 -0.36332626 -0.36332584 -0.36332506 -0.36332373 -0.36332145 -0.36331741 -0.3633098 -0.36329401 -0.36325685 -0.36315374 -0.36280114 -0.36123797 -0.35194963 -0.29178156 -0.1697174 -0.14433995 -0.14334851 -0.14333342 -0.14333333 -0.14333333 -0.14333333 -0.14333333 -0.14333333 -0.14333333 -0.14333333 -0.14333333 -0.14333333 -0.14333333 -0.14333333 -0.14326201 0.63333333 0.63333333 0.63333333 0.63333333 0.63333333 0.42051079 0.42 0.42 0.42 0.42 0.44666624 0.44666667 0.44666667 0.44756374 0.60333333 0.60333333 0.60333333 0.60333332 0.53 0.53 0.53 0.53 0.20107861 0.46996818
-0.36331126 -0.36331062 -0.36330945 -0.3633075 -0.36330442 -0.36329959 -0.36329189 -0.36327914 -0.36325688 -0.36321505 -0.3631286 -0.36292732 -0.36238436 -0.36063547 -0.35377416 -0.32315325 -0.2288638 -0.15553561 -0.14404189 -0.14335445 -0.14333364 -0.14333334 -0.14333333 -0.14333333 -0.14333333 -0.14333333 -0.14333333 -0.14333333 -0.14333333 -0.14333333 -0.14333333 -0.14333333 -0.14333217 0.63333276 0.63333333 0.63333333 0.63333333 0.63333333 0.63333333 0.63333333 0.42 0.42 0.42 0.42 1.5199971 1.52 1.52 0.60333333 0.60333333 0.60333333 0.60333333 0.63307006 1.3133333 1.3133333 1.3133333 1.3133333 0.47 0.47
-0.36326917 -0.36326318 -0.36325438 -0.36324135 -0.36322161 -0.36319069 -0.36314003 -0.36305205 -0.36288776 -0.36255243 -0.36179078 -0.35982978 -0.35404119 -0.3350173 -0.27808258 -0.19086878 -0.15057018 -0.14394595 -0.14336462 -0.14333425 -0.14333335 -0.14333333 -0.14333333 -0.14333333 -0.14333333 -0.14333333 -0.14333333 -0.14333333 -0.14333333 -0.14333333 -0.14333333 -0.14333217 0.62966314 0.63333333 0.63333333 0.63333333 0.63333333 0.63333333 0.63333333 0.63333333 0.42043001 0.42 0.42 1.076842 1.52 1.52 1.52 1.52 0.60333334 1.2502796 1.2533333 1.2635375 1.3133333 1.3133333 1.3133333 1.3133333 0.47 0.47
-0.36315405 -0.36312554 -0.36308412 -0.36302214 -0.36292586 -0.36276913 -0.36249915 -0.36200153 -0.36100835 -0.35883721 -0.35360594 -0.33992723 -0.30450438 -0.23600512 -0.17237303 -0.14849178 -0.14393406 -0.1433805 -0.14333574 -0.14333341 -0.14333333 -0.14333333 -0.14333333 -0.14333333 -0.14333333 -0.14333333 -0.14333333 -0.14333333 -0.14333333 -0.14333333 -0.14332978 0.33219775 0.63333332 0.63333333 0.63333333 0.63333333 0.63333333 0.63333333 0.63333333 0.63333333 0.63333095 0.42000001 0.42029942 1.52 1.52 1.52 1.52 1.52 1.2533333 1.2533333 1.2533333 1.2533333 1.3133333 1.3133333 1.3133333 1.3133333 0.47 0.47
-0.3628514 -0.36274357 -0.36258343 -0.36233642 -0.36193797 -0.3612606 -0.36003739 -0.35767417 -0.35277321 -0.34196685 -0.31780294 -0.27014423 -0.20693525 -0.16325573 -0.14751625 -0.14396946 -0.14340402 -0.14333891 -0.14333363 -0.14333334 -0.14333333 -0.14333333 -0.14333333 -0.14333333 -0.14333333 -0.14333333 -0.14333333 -0.14333333 -0.14333331 -0.14332019 -0.054385528 0.63329199 0.63333333 0.63333333 0.63333333 0.63333333 0.63333333 0.63333333 0.63333333 0.63333333 0.63333333 0.42835164 1.5199985 1.52 1.52 1.52 1.52 1.52 1.2533333 1.2533333 1.2533333 1.2533333 1.3130235 1.0766667 1.0766667 1.0766667 0.66127775 0.47000306
-0.36208918 -0.36173429 -0.36119204 -0.36032864 -0.35888834 -0.35635987 -0.35168137 -0.34261617 -0.32471393 -0.29124185 -0.2403546 -0.18902842 -0.15844102 -0.14704334 -0.14403888 -0.1434374 -0.14334498 -0.14333428 -0.14333338 -0.14333333 -0.14333333 -0.14333333 -0.14333333 -0.14333333 -0.14333333 -0.14333333 -0.14333332 -0.14333298 -0.14328939 -0.11494094 0.62915089 0.63333324 0.63333333 0.63333333 0.63333333 0.63333333 0.63333333 0.63333333 0.63333333 0.63333333 0.63333333 1.1738074 1.52 1.52 1.52 1.52 1.52 1.52 1.2533389 1.2533333 1.2533333 1.2523568 1.0766667 1.0766667 1.0766667 1.0766667 1.0766667 0.89
