EBird Region Approach/spi files/6-8|22_3.tif
NCOLS 121
NROWS 95
XLLCORNER -137.04393
YLLCORNER 23.663691
DX 0.49677396
DY 0.49847026
NODATA_VALUE -9999
[rows 0 to 25 of 95, columns 59 to 117 of 121]
-0.10333333 -0.10333333 -0.10333333 -0.10333333 -0.10333333 -0.10333333 -0.10333333 -0.10333333 -0.10333333 0.12245433 2.15 2.15 2.15 2.15 2.15 2.15 2.15 2.15 2.15 2.15 1.1024667 -0.0099999999 -0.0099999535 0.0030446579 1.3199995 1.32 1.32 1.32 1.32 1.32 1.32 1.32 -0.21886101 -0.65333333 -0.65333333 -0.65333333 -0.65333333 -0.65333333 -0.65333333 -0.65333333 -0.65329157 -0.26666766 -0.26666667 -0.26666667 -0.26666667 -0.26666667 -0.26666667 -0.26666667 -0.26666669 -1.2311182 -1.2366667 -1.2366667 -1.2366667 -1.2366667 -1.2366667 -1.2366667 -1.0666436 -0.45 -0.45
-0.10333333 -0.10333333 -0.10333333 -0.10333333 -0.10333333 -0.10333333 -0.10333333 -0.10333333 -0.10333333 -0.10333058 2.15 2.15 2.15 2.15 2.15 2.15 2.15 2.15 2.15 2.15 -0.0099993825 -0.01 -0.01 -0.01 -0.01 -0.009290816 1.3199994 1.32 1.32 1.32 1.32 1.2947344 -0.65333333 -0.65333333 -0.65333333 -0.65333333 -0.65333333 -0.65333333 -0.65333333 -0.65333333 -0.65333333 -0.65310576 -0.26666725 -0.26666667 -0.26666667 -0.26666667 -0.26666667 -0.26666874 -1.2360628 -1.2366667 -1.2366667 -1.2366667 -1.2366667 -1.2366667 -1.2366667 -1.2366667 -1.2366667 -1.234289 -0.45000008
-0.10333333 -0.10333333 -0.10333333 -0.10333333 -0.10333333 -0.10333333 -0.10333333 -0.10333333 -0.10333333 -0.10333333 2.1499692 2.15 2.15 2.15 2.15 2.15 2.15 2.15 2.15 2.0945263 -0.01 -0.01 -0.01 -0.01 -0.01 -0.01 -0.01 -0.0081199486 1.3197095 1.32 1.3198273 -0.65333326 -0.65333333 -0.65333333 -0.65333333 -0.65333333 -0.65333333 -0.65333333 -0.65333333 -0.65333333 -0.65333333 -0.65333333 -0.6515227 -0.26666771 -0.26666667 -0.26666667 -0.26683248 -1.2364493 -1.2366667 -1.2366667 -1.2366667 -1.2366667 -1.2366667 -1.2366667 -1.2366667 -1.2366667 -1.2366667 -1.2366667 -1.2365303
-0.10333333 -0.10333333 -0.10333333 -0.10333333 -0.10333333 -0.10333333 -0.10333333 -0.10333333 -0.10333333 -0.10333333 0.84208304 2.15 2.15 2.15 2.15 2.15 2.15 2.15 2.15 -0.00999438 -0.01 -0.01 -0.01 -0.01 -0.01 -0.01 -0.01 -0.01 -0.0099999659 0.0091317205 -0.6532526 -0.65333333 -0.65333333 -0.65333333 -0.65333333 -0.65333333 -0.65333333 -0.65333333 -0.65333333 -0.65333333 -0.65333333 -0.65333333 -0.65333333 -0.64113863 -0.26667031 -0.27154295 -1.236457 -1.2366667 -1.2366667 -1.2366667 -1.2366667 -1.2366667 -1.2366667 -1.2366667 -1.2366667 -1.2366667 -1.2366667 -1.2366667 -1.2366667
-0.10333333 -0.10333333 -0.10333333 -0.10333333 -0.10333333 -0.10333333 -0.10333333 -0.10333333 -0.10333333 -0.10333333 -0.10323576 2.15 2.15 2.15 2.15 2.15 2.15 2.15 2.1456185 -0.01 -0.01 -0.01 -0.01 -0.01 -0.01 -0.01 -0.01 -0.01 -0.01 -0.010000031 -0.65333323 -0.65333333 -0.65333333 -0.65333333 -0.65333333 -0.65333333 -0.65333333 -0.65333333 -0.65333333 -0.65333333 -0.65333333 -0.65333333 -0.65333333 -0.65333331 -0.60740884 -1.2363253 -1.2366667 -1.2366667 -1.2366667 -1.2366667 -1.2366667 -1.2366667 -1.2366667 -1.2366667 -1.2366667 -1.2366667 -1.2366667 -1.2366667 -1.2366667
-0.10333333 -0.10333333 -0.10333333 -0.10333333 -0.10333333 -0.10333333 -0.10333333 -0.10333333 -0.10333333 -0.10333333 -0.1033329 2.1495192 2.15 2.15 2.15 2.15 2.15 2.15 -0.0080899184 -0.01 -0.01 -0.01 -0.01 -0.01 -0.01 -0.01 -0.01 -0.01 -0.01 -0.010000061 -0.65333327 -0.65333333 -0.65333333 -0.65333333 -0.65333333 -0.65333333 -0.65333333 -0.65333333 -0.65333333 -0.65333333 -0.65333333 -0.65333333 -0.65333339 -0.65333744 -0.65593472 -1.2366666 -1.2366667 -1.2366667 -1.2366667 -1.2366667 -1.2366667 -1.2366667 -1.2366667 -1.2366667 -1.2366667 -1.2366667 -1.2366667 -1.2366667 -1.2366667
-0.10333333 -0.10333333 -0.10333333 -0.10333333 -0.10333333 -0.10333333 -0.10333333 -0.10333333 -0.10333333 -0.10325269 0.65656278 0.65666667 0.65676659 2.0260868 2.149998 2.15 2.15 2.1454897 -0.0099998131 -0.01 -0.01 -0.01 -0.01 -0.01 -0.01 -0.01 -0.01 -0.01 -0.01 -0.010000259 -0.65333323 -0.65333333 -0.65333333 -0.65333333 -0.65333333 -0.65333333 -0.65333333 -0.65333333 -0.65333333 -0.65333333 -0.65333367 -0.65342134 -0.65590606 -0.67244425 -0.70921707 -1.2366666 -1.2366667 -1.2366667 -1.2366667 -1.2366667 -1.2366667 -1.2366667 -1.2366667 -1.2366667 -1.2366667 -1.2366667 -1.2366667 -1.2366667 -1.2366667
-0.10333333 -0.10333333 -0.10333333 -0.10333333 -0.10333333 -0.10333333 -0.10333333 -0.10333333 0.3495637 0.65666667 0.65666667 0.65666667 0.65666667 0.65666667 0.65666717 0.6969789 2.1433478 0.1121177 -0.0099999994 -0.01 -0.01 -0.01 -0.01 -0.01 -0.01 -0.01 -0.01 -0.01 -0.01 -0.010001737 -0.65333461 -0.6533336 -0.65333337 -0.65333334 -0.65333333 -0.65333334 -0.6533422 -0.72447739 -0.80958807 -0.80996239 -0.80997622 -0.80996767 -0.80994374 -0.8098977 -0.8098206 -1.2365718 -1.2366667 -1.2366667 -1.2366667 -1.2366667 -1.2366667 -1.2366667 -1.2366667 -1.2366667 -1.2366667 -1.2366667 -1.2366667 -1.2366667 -1.2366667
-0.10333331 -0.10333333 -0.10333333 -0.10333333 -0.10333333 -0.10333333 -0.10330319 0.65665712 0.65666667 0.65666667 0.65666667 0.65666667 0.65666667 0.65666667 0.65666667 0.65666667 0.65666691 0.045440593 -0.01 -0.01 -0.01 -0.01 -0.01 -0.01 -0.01 -0.01 -0.01 -0.01 -0.01 -0.010022855 -0.76688839 -0.80511032 -0.80992828 -0.80999996 -0.81 -0.81 -0.81 -0.81 -0.81 -0.81 -0.81 -0.81 -0.81 -0.80999999 -0.80999988 -1.1087912 -1.2366667 -1.2366667 -1.2366667 -1.2366667 -1.2366667 -1.2366667 -1.2366667 -1.2366667 -1.2366667 -1.2366667 -1.2366667 -1.2366667 -1.2366667
0.89653142 0.91764295 0.93059289 0.93736081 0.94025153 0.93920336 0.65666688 0.65666667 0.65666667 0.65666667 0.65666667 0.65666667 0.65666667 0.65666667 0.65666667 0.65666667 0.65666667 0.65663292 -0.0099975628 -0.01 -0.01 -0.01 -0.01 -0.01 -0.01 -0.01 -0.01 -0.01 -0.01 -0.33403402 -0.80999941 -0.81 -0.81 -0.81 -0.81 -0.81 -0.81 -0.81 -0.81 -0.81 -0.81 -0.81 -0.81 -0.81 -0.81 -0.81077049 -1.2366661 -1.2366667 -1.2366667 -1.2366667 -1.2366667 -1.2366667 -1.2366667 -1.2366667 -1.2366667 -1.2366667 -1.2366667 -1.2366667 -1.2366667
0.94666667 0.94666667 0.94666667 0.94666667 0.94666667 0.94666667 0.66266571 0.65666667 0.65666667 0.65666667 0.65666667 0.65666667 0.65666667 0.65666667 0.65666667 0.65666667 0.65666667 0.65666667 0.24086126 -0.0099999992 -0.01 -0.01 -0.01 -0.01 -0.01 -0.01 -0.01 -0.01 -0.010004188 -0.80990723 -0.81 -0.81 -0.81 -0.81 -0.81 -0.81 -0.81 -0.81 -0.81 -0.81 -0.81 -0.81 -0.81 -0.81 -0.81 -0.81000132 -1.2357475 -1.2366667 -1.2366667 -1.2366667 -1.2366667 -1.2366667 -1.2366667 -1.2366667 -1.2366667 -1.2366667 -1.2366667 -1.2366667 -1.2366666
0.94666667 0.94666667 0.94666667 0.94666667 0.94666667 0.94666667 0.94666653 0.65666667 0.65666667 0.65666667 0.65666667 0.65666667 0.65666667 0.65666667 0.65666667 0.65666667 0.65666667 0.65666667 0.65663495 -0.0099090153 -0.01 -0.01 -0.01 -0.01 -0.01 -0.01 -0.01 -0.010000001 -0.055460966 -0.80999995 -0.81 -0.81 -0.81 -0.81 -0.81 -0.81 -0.81 -0.81 -0.81 -0.81 -0.81 -0.81 -0.81 -0.81 -0.81 -0.81000001 -0.98241974 -1.2366666 -1.2366667 -1.2366667 -1.2366667 -1.2366667 -1.2366667 -1.2366667 -1.2366667 -1.2366667 -1.2366667 -1.2366655 -0.40520724
0.94666667 0.94666667 0.94666667 0.94666667 0.94666667 0.94666667 0.94666667 0.71030925 0.65666667 0.65666667 0.65666667 0.65666667 0.65666667 0.65666667 0.65666667 0.65666667 0.65666667 0.65666667 0.65668433 0.4708055 -0.0099995803 -0.01 -0.01 -0.01 -0.01 -0.01 -0.01 -0.010011041 -0.8023911 -0.81 -0.81 -0.81 -0.81 -0.81 -0.81 -0.81 -0.81 -0.81 -0.81 -0.81 -0.81 -0.81 -0.81 -0.81 -0.81 -0.81 -0.81118718 -1.2366308 -1.2366667 -1.2366667 -1.2366667 -1.2366667 -1.2366667 -1.2366667 -1.2366667 -1.2366667 -1.236628 0.11099989 0.17999996
0.94666667 0.94666667 0.94666667 0.94666667 0.94666667 0.94666667 0.94666667 0.94666667 0.65666667 0.65666667 0.65666667 0.65666667 0.65666667 0.65666667 0.65666667 0.65666667 0.656668 0.66297348 1.1863603 1.3711981 1.1706212 -0.0098802859 -0.009999994 -0.01 -0.01 -0.01 -0.010000051 -0.025754141 -0.80997421 -0.81 -0.81 -0.81 -0.81 -0.81 -0.81 -0.81 -0.81 -0.81 -0.81 -0.81 -0.81 -0.81 -0.81 -0.81 -0.81 -0.81 -0.81001396 -1.2259164 -1.2366666 -1.2366667 -1.2366667 -1.2366667 -1.2366667 -1.2366667 -1.2366666 -1.2355452 0.17156841 0.17999999 0.18
0.94666667 0.94666667 0.94666667 0.94666667 0.94666667 0.94666667 0.94666667 0.94666667 0.94195515 0.65666667 0.65666667 0.65666667 0.65666667 0.65666667 0.65666689 0.72814963 1.3753145 1.3766595 1.3766663 1.3766666 1.3766666 1.3752626 0.031329353 -0.0099941571 -0.0099999872 -0.010000002 -0.010050982 -0.69359854 -0.80999961 -0.81 -0.81 -0.81 -0.81 -0.81 -0.81 -0.81 -0.81 -0.81 -0.81 -0.81 -0.81 -0.81 -0.81 -0.81 -0.81 -0.81 -0.81000043 -0.92021899 -1.2366577 -1.2366667 -1.2366667 -1.2366667 -1.2366667 -1.2366647 -1.2168105 0.17814881 0.17999999 0.18 0.18
0.94666667 0.94666667 0.94666667 0.94666667 0.94666667 0.94666667 0.94666667 0.94666667 0.94666667 0.65666921 0.65666667 0.65666667 0.65668066 1.3733346 1.3766667 1.3766667 1.3766667 1.3766667 1.3766667 1.3766667 1.3766666 1.3766233 1.3614832 1.1244385 0.21031956 -0.0056532997 -0.021830151 -0.80823043 -0.80999998 -0.81 -0.81 -0.81 -0.81 -0.81 -0.81 -0.81 -0.81 -0.81 -0.81 -0.81 -0.81 -0.81 -0.81 -0.81 -0.81 -0.81 -0.81000003 -0.81332153 -1.235532 -1.2366666 -1.2366663 -1.2366572 -1.2361401 -1.0291222 0.18058099 0.18000379 0.18 0.18 0.18
0.94666667 0.94666667 0.94666667 0.94666667 0.94666667 0.94666667 0.94666667 0.94666667 0.94666667 0.94460664 0.83141409 1.3766664 1.3766667 1.3766667 1.3766667 1.3766667 1.3766667 1.3766667 1.3766667 1.3766667 1.3766643 1.3695722 1.1505757 1.133544 1.1333414 1.1332863 1.1201216 -0.80915923 -0.81 -0.81 -0.81 -0.81 -0.81 -0.81 -0.81 -0.81 -0.81 -0.81 -0.81 -0.81 -0.81 -0.81 -0.81 -0.81 -0.81 -0.81 -0.81 -0.81016679 -1.1832581 -1.22899 -0.99626713 0.90925048 1.2158796 1.1997752 0.66298668 0.18379932 0.18000263 0.18 0.18
0.94584201 0.94666667 0.94666667 0.94666667 0.94666667 0.94666667 0.94666667 0.94666667 0.94666667 1.3312313 1.3766667 1.3766667 1.3766667 1.3766667 1.3766667 1.3766667 1.3766667 1.3766667 1.3766667 1.3766666 1.3744746 1.1397462 1.1333522 1.1333337 1.1333334 1.1333333 1.1333331 1.0155149 -0.80995247 -0.81 -0.81 -0.81 -0.81 -0.81 -0.81 -0.81 -0.81 -0.81 -0.81 -0.81 -0.81 -0.81 -0.81 -0.81 -0.81 -0.80999997 -0.80999893 -0.80995488 0.59642461 1.2151746 1.2199431 1.2199992 1.2199982 1.2199833 1.2195676 1.175706 0.21117864 0.18000347 0.18
-0.34333333 0.90261094 0.94666598 0.94666667 0.94666667 0.94666667 0.94666667 0.94666667 0.94667221 1.3766667 1.3766667 1.3766667 1.3766667 1.3766667 1.3766667 1.3766667 1.3766667 1.3766667 1.3766667 1.3763251 1.1345873 1.1333338 1.1333333 1.1333333 1.1333333 1.1333333 1.1333333 1.13333 0.15432563 -0.80999581 -0.81 -0.81 -0.81 -0.81 -0.81 -0.81 -0.81 -0.81 -0.81 -0.81 -0.81 -0.81 -0.80999981 -0.80999008 -0.80965653 -0.80242413 -0.70612718 0.0074603307 1.2200045 1.2199999 1.22 1.22 1.22 1.22 1.22 1.2199989 1.2197823 0.8434478 0.18001954
-0.34333333 -0.39233643 -1.22 -1.22 -1.2199771 -1.1828368 0.77378427 0.94466133 1.3759677 1.3766667 1.3766667 1.3766667 1.3766667 1.3766667 1.3766667 1.3766667 1.3766667 1.3766667 1.3766489 1.1334154 1.1333333 1.1333333 1.1333333 1.1333333 1.1333333 1.1333333 1.1333333 1.1333318 1.1331559 -0.67806927 -0.80999927 -0.81 -0.81 -0.81 -0.81 -0.81 -0.80999999 -0.8099999 -0.80999715 -0.80989701 -0.80610469 -0.68769419 0.71637238 2.036361 2.1896067 2.2036483 2.194102 2.0181959 1.222082 1.22 1.22 1.22 1.22 1.22 1.22 1.22 1.22 1.22 1.2196152
-0.34333333 -0.81904215 -1.22 -1.22 -1.22 -1.22 -1.22 -1.22 1.3631675 1.3766667 1.3766667 1.3766667 1.3766667 1.3766667 1.3766667 1.3766667 1.3766667 1.3766664 1.1333343 1.1333333 1.1333333 1.1333333 1.1333333 1.1333333 1.1333333 1.1333333 1.1333332 1.1332884 1.1298255 1.0522412 -0.73853925 -0.80998403 -0.80996017 -0.80975819 -0.80767189 -0.77511175 -0.18288898 1.8620536 2.1949114 2.2062778 2.2066499 2.2066656 2.2066665 2.2066664 2.2066533 2.2059799 2.1798377 1.779416 1.2474669 1.2200005 1.22 1.22 1.22 1.22 1.22 1.22 1.22 1.22 1.22
-0.34333333 -1.2184685 -1.22 -1.22 -1.22 -1.22 -1.22 -1.22 -1.21873 1.3766667 1.3766667 1.3766667 1.3766667 1.3766667 1.3766667 1.3766667 1.3766667 1.1333333 1.1333333 1.1333333 1.1333333 1.1333333 1.1333333 1.1333333 1.1333333 1.1333333 1.133318 1.1291691 0.98302856 0.83946721 0.82786086 0.94511087 2.0612805 2.199031 2.2064149 2.2066609 2.2066666 2.2066667 2.2066667 2.2066667 2.2066667 2.2066667 2.2066667 2.2066666 2.2066556 2.2054584 2.1241095 1.4369978 1.2646754 1.2200276 1.22 1.22 1.22 1.22 1.22 1.22 1.22 1.22 1.22
-0.34333333 -1.2199999 -1.22 -1.22 -1.22 -1.22 -1.22 -1.22 -1.22 1.3766628 1.3766667 1.3766667 1.3766667 1.3766667 1.3766667 1.3766667 1.1333333 1.1333333 1.1333333 1.1333333 1.1333333 1.1333333 1.1333333 1.1333333 1.1333333 1.133329 1.1262091 0.87686094 0.8279767 0.82675703 0.8266846 1.5216405 2.20666 2.2066666 2.2066667 2.2066667 2.2066667 2.2066667 2.2066667 2.2066667 2.2066667 2.2066667 2.2066667 2.2066666 2.2066556 2.2035169 1.8785185 1.2798329 1.2573501 1.2248322 1.22 1.22 1.22 1.22 1.22 1.22 1.22 1.22 1.22
-0.34333333 -1.22 -1.22 -1.22 -1.22 -1.22 -1.22 -1.22 -1.22 0.44403897 1.3766664 1.3766667 1.3766667 1.3766667 1.3766659 1.1333333 1.1333333 1.1333333 1.1333333 1.1333333 1.1333333 1.1333333 1.1333333 1.1333333 1.1333322 1.108422 0.83008273 0.82670126 0.82666841 0.82666693 0.82666775 1.5329662 2.2066507 2.2066666 2.2066667 2.2066667 2.2066667 2.2066667 2.2066667 2.2066667 2.2066667 2.2066667 2.2066667 2.2066667 2.2066512 2.19168 1.3873933 1.2578023 1.2566916 1.2563562 1.2200015 1.22 1.22 1.22 1.22 1.22 1.22 1.22 1.22
-0.34333333 -1.22 -1.22 -1.22 -1.22 -1.22 -1.22 -1.22 -1.20974 -0.029978865 0.53217157 0.53333336 0.53333334 0.53333336 0.80331292 1.1333333 1.1333333 1.1333333 1.1333333 1.1333333 1.1333333 1.1333333 1.1333333 1.133333 0.94300663 0.82668931 0.82666676 0.82666667 0.82666667 0.82666667 0.82666882 1.5334701 2.2064893 2.2066662 2.2066667 2.2066667 2.2066667 2.2066667 2.2066667 2.2066667 2.2066667 2.2066667 2.2066667 2.2066667 2.2066268 2.0470891 1.2608529 1.2566848 1.256667 1.2566666 1.22141 1.22 1.22 1.22 1.22 1.22 1.22 1.22 1.22
-0.3433334 -1.22 -1.22 -1.22 -1.22 -1.22 -1.22 -1.1068689 -0.03 -0.029999998 0.5081559 0.53333333 0.53333333 0.53333333 0.53333333 1.1333283 1.1333333 1.1333333 1.1333333 1.1333333 1.1333333 1.1333333 1.1333327 0.82702711 0.82666667 0.82666667 0.82666667 0.82666667 0.82666667 0.82666667 0.82674766 1.2397336 2.2006151 2.2066585 2.2066667 2.2066667 2.2066667 2.2066667 2.2066667 2.2066667 2.2066667 2.2066667 2.2066667 2.2066667 2.2063628 1.3315169 1.2566896 1.2566667 1.2566667 1.2566667 1.2564588 1.22 1.22 1.22 1.22 1.22 1.22 1.22 1.22
