EBird Region Approach/spi files/6-8|19_3.tif
NCOLS 121
NROWS 95
XLLCORNER -137.04393
YLLCORNER 23.663691
DX 0.49677396
DY 0.49847026
NODATA_VALUE -9999
[rows 0 to 26 of 95, columns 0 to 59 of 121]
0.32103436 -0.8465102 -0.84666716 -0.84666672 -0.84666667 -0.84666667 -0.84666667 -0.84666667 -0.84666667 -0.84666667 -0.84666668 -0.84666679 -0.84666754 -0.84667067 -0.84666903 -0.18210691 0.18005615 0.68173354 0.89333174 0.89333333 0.89333333 0.89333333 0.89333333 0.89333333 0.89333333 0.89333333 0.89333333 0.89333333 0.89333333 0.89333333 0.89333333 0.89333333 0.89333333 0.89333333 0.89333333 0.89291186 0.68333687 0.68333333 0.68333333 0.68333333 0.68333333 0.68333333 0.68333333 0.68333333 0.68333333 0.68333333 0.68333333 0.68333333 0.68333333 0.68333333 0.68333333 0.68333333 0.68333334 0.73621382 0.8966666 0.89666667 0.89666667 0.89666667 0.89666667 0.89666667
0.87281076 -0.7837513 -0.84666742 -0.84666671 -0.84666667 -0.84666667 -0.84666667 -0.84666667 -0.84666667 -0.84666667 -0.84666667 -0.84666681 -0.84666808 -0.846674 -0.84429659 0.1794604 0.18 0.18033165 0.89056047 0.89333333 0.89333333 0.89333333 0.89333333 0.89333333 0.89333333 0.89333333 0.89333333 0.89333333 0.89333333 0.89333333 0.89333333 0.89333333 0.89333333 0.89333333 0.89333333 0.88710043 0.68333339 0.68333333 0.68333333 0.68333333 0.68333333 0.68333333 0.68333333 0.68333333 0.68333333 0.68333333 0.68333333 0.68333333 0.68333333 0.68333333 0.68333333 0.68333333 0.68333333 0.69023825 0.89666645 0.89666667 0.89666667 0.89666667 0.89666667 0.89666667
0.87333332 0.87037257 -0.84664601 -0.84666678 -0.84666667 -0.84666667 -0.84666667 -0.84666667 -0.84666667 -0.84666667 -0.84666668 -0.84666706 -0.846671 -0.84668744 0.010575977 0.17999995 0.18 0.18 0.1864349 0.89333134 0.89333333 0.89333333 0.89333333 0.89333333 0.89333333 0.89333333 0.89333333 0.89333333 0.89333333 0.89333333 0.89333333 0.89333333 0.89333333 0.89333333 0.89333333 0.80274077 0.68333333 0.68333333 0.68333333 0.68333333 0.68333333 0.68333333 0.68333333 0.68333333 0.68333333 0.68333333 0.68333333 0.68333333 0.68333333 0.68333333 0.68333333 0.68333333 0.68333333 0.6838991 0.89666561 0.89666667 0.89666667 0.89666667 0.89666667 0.89666667
0.87333333 0.87333333 0.52659123 -0.84666886 -0.84666668 -0.84666667 -0.84666667 -0.84666667 -0.84666667 -0.84666667 -0.84666679 -0.84667073 -0.84669543 -0.84646882 0.17999445 0.18 0.18 0.18 0.18000001 0.63725125 0.89333333 0.89333333 0.89333333 0.89333333 0.89333333 0.89333333 0.89333333 0.89333333 0.89333333 0.89333333 0.89333333 0.89333333 0.89333333 0.89333333 0.89333333 0.6907868 0.68333333 0.68333333 0.68333333 0.68333333 0.68333333 0.68333333 0.68333333 0.68333333 0.68333333 0.68333333 0.68333333 0.68333333 0.68333333 0.68333333 0.68333333 0.68333333 0.68333333 0.68337223 0.89665912 0.89666667 0.89666667 0.89666667 0.89666667 0.89666667
0.87333333 0.87333333 0.87333333 -0.84701688 -0.84671218 -0.8466667 -0.84666667 -0.84666667 -0.84666667 -0.84666745 -0.84669904 -0.84682505 -0.84701827 0.14293452 0.18 0.18 0.18 0.18 0.18 0.18000014 0.89321933 0.89333333 0.89333333 0.89333333 0.89333333 0.89333333 0.89333333 0.89333333 0.89333333 0.89333333 0.89333333 0.89333333 0.89333333 0.89333333 0.89333321 0.6835155 0.68333333 0.68333333 0.68333333 0.68333333 0.68333333 0.68333333 0.68333333 0.68333333 0.68333333 0.68333333 0.68333333 0.68333333 0.68333333 0.68333333 0.68333333 0.68333333 0.68333333 0.68333596 0.89659257 0.89666667 0.89666667 0.89666667 0.89666667 0.89666667
0.87333333 0.87333333 0.87333333 0.87332615 -0.84999825 -0.85 -0.85 -0.85 -0.85 -0.84998889 -0.84977043 -0.84932671 -0.84893888 0.17999998 0.18 0.18 0.18 0.18 0.18 0.18 0.18012594 0.89333333 0.89333333 0.89333333 0.89333333 0.89333333 0.89333333 0.89333333 0.89333333 0.89333333 0.89333333 0.89333333 0.89333333 0.89333333 0.89332812 0.683338 0.68333333 0.68333333 0.68333333 0.68333333 0.68333333 0.68333333 0.68333333 0.68333333 0.68333333 0.68333333 0.68333333 0.68333333 0.68333333 0.68333333 0.68333333 0.68333333 0.68333333 0.68333354 0.89577969 0.89666667 0.89666667 0.89666667 0.89666667 0.89666667
0.87333333 0.87333333 0.87333333 0.87333333 -0.84999796 -0.85 -0.85 -0.85 -0.85 -0.85 -0.84999925 -0.84998177 0.082003567 0.18 0.18 0.18 0.18 0.18 0.18 0.18 0.18486171 0.94991378 0.89333592 0.89333333 0.89333333 0.89333333 0.89333333 0.89333333 0.89333333 0.89333333 0.89333333 0.89333333 0.89333333 0.89333333 0.89308703 0.68333352 0.68333333 0.68333333 0.68333333 0.68333333 0.68333333 0.68333333 0.68333333 0.68333333 0.68333333 0.68333333 0.68333333 0.68333333 0.68333333 0.68333333 0.68333333 0.68333333 0.68333333 0.68333335 0.88585487 0.89666667 0.89666667 0.89666667 0.89666667 0.89666667
0.87333333 0.87333333 0.87333333 0.87333333 0.87333279 -0.85 -0.85 -0.85 -0.85 -0.85 -0.84999996 -0.84999849 0.17999996 0.18 0.18 0.18 0.18 0.18 0.18 0.18 0.93617977 0.95 0.95 0.93388415 0.89333333 0.89333333 0.89333333 0.89333333 0.89333333 0.89333333 0.89333333 0.89333333 0.89333333 0.89333333 0.88744057 0.68368296 0.68333352 0.68333333 0.68333333 0.68333333 0.68333333 0.68333333 0.68333333 0.68333333 0.68333333 0.68333333 0.68333333 0.68333333 0.68333333 0.68333333 0.68333333 0.68333333 0.68333333 0.68333334 0.81416193 0.89666667 0.89666667 0.89666667 0.89666667 0.89666667
0.87333333 0.87333333 0.87333333 0.87333333 0.87333333 -0.84982474 -0.85 -0.85 -0.85 -0.85 -0.84999998 -0.75184204 0.18 0.18 0.18 0.18 0.18 0.18 0.18 0.18000113 0.95 0.95 0.95 0.95 0.94999939 0.8933531 0.89333333 0.89333333 0.89333333 0.89333333 0.89333333 0.89333333 0.89333333 0.89407254 2.0556064 2.0152825 0.78854492 0.68336062 0.68333333 0.68333333 0.68333333 0.68333333 0.68333333 0.68333333 0.68333333 0.68333333 0.68333333 0.68333333 0.68333333 0.68333333 0.68333333 0.68333333 0.68333333 0.68333333 0.7133685 0.89668554 0.89667053 0.89666721 0.89666671 0.89666667
0.87333333 0.87333333 0.87333333 0.87333333 0.87333333 0.87283415 -0.84999999 -0.85 -0.85 -0.85 -0.84999996 0.17997869 0.18 0.18 0.18 0.18 0.18 0.18 0.18 0.9499794 0.95 0.95 0.95 0.95 0.95 0.95 0.93640098 0.89333433 0.89333333 0.89333333 0.89333334 0.89334423 0.91787278 2.0227254 2.0566654 2.0566666 2.0566642 2.0557207 0.93750037 0.68333495 0.68333333 0.68333333 0.68333333 0.68333333 0.68333333 0.68333333 0.68333333 0.68333333 0.68333333 0.68333333 0.68333333 0.68333333 0.68333306 0.68330484 0.71071882 0.99453674 0.99900559 1.0034677 1.0075674 1.0109369
0.87333333 0.87333333 0.87333333 0.87333333 0.87333333 0.87333327 -0.82855404 -0.85 -0.85 -0.84999999 -0.84363407 0.18 0.18 0.18 0.18 0.18 0.18 0.18 0.18 0.95 0.95 0.95 0.95 0.95 0.95 0.95 0.95 0.94990721 0.89486177 0.89440369 1.2638336 1.296649 1.2966797 1.630875 2.0566622 2.0566667 2.0566667 2.0566667 2.0566667 2.0566653 1.7403129 0.68333432 0.68333333 0.68333333 0.68333333 0.68333333 0.68333333 0.68333333 0.68333333 0.68333333 0.68332748 0.68205821 0.61639456 0.2072178 0.83024714 1.0166656 1.0166665 1.0166667 1.0166667 1.0166667
0.87333333 0.87333333 0.87333333 0.87333333 0.87333333 0.87333333 0.84447005 -0.84985436 -0.84999998 -0.84999964 0.17011858 0.18 0.18 0.18 0.18 0.18 0.18 0.18 0.94998884 0.95 0.95 0.95 0.95 0.95 0.95 0.95 0.95 0.95000001 1.0660696 1.2966655 1.2966667 1.2966667 1.2966667 1.3009243 2.0566173 2.0566667 2.0566667 2.0566667 2.0566667 2.0566667 2.0566667 2.0566667 2.0461283 0.68340389 0.68333333 0.68333333 0.68333333 0.68330716 0.65292553 0.038132646 -0.012430227 -0.013280383 -0.013324951 -0.013330219 0.17087101 1.0166664 1.0166667 1.0166667 1.0166667 1.0166667
0.87333333 0.87333333 0.87333333 0.87333329 0.87333281 0.87332658 0.87303768 -0.69155863 -0.84997355 -0.84632199 0.17998878 0.18 0.18 0.18 0.18 0.18 0.18 0.18000203 0.95 0.95 0.95 0.95 0.95 0.95 0.95 0.95 0.95 0.95566926 1.2968386 1.2966662 1.2966667 1.2966667 1.2966667 1.2966697 2.0535505 2.0566667 2.0566667 2.0566667 2.0566667 2.0566667 2.0566667 2.0566667 2.0566667 2.0566667 2.0543783 -0.0092148077 -0.013330526 -0.013333327 -0.013333333 -0.013333333 -0.013333333 -0.013333333 -0.01333333 -0.013331714 -0.0073534284 1.0166643 1.0166667 1.0166667 1.0166667 1.0166667
0.056666669 0.056666667 0.056666667 0.056666671 0.056666727 0.056667589 0.056677203 0.056769248 0.00072491902 0.25228825 0.18000146 0.18 0.18 0.18 0.18 0.18 0.18000002 0.93507885 0.95 0.95 0.95 0.95 0.95 0.95 0.95 0.95 1.1688817 1.4885224 1.2964492 1.2966665 1.2966667 1.2966667 1.2966667 1.2966667 1.4606114 2.0566667 2.0566667 2.0566667 2.0566667 2.0566667 2.0566667 2.0566667 2.0566667 2.0566667 1.9298343 -0.01333333 -0.013333333 -0.013333333 -0.013333333 -0.013333333 -0.013333333 -0.013333333 -0.013333315 -0.013312808 -0.0075113181 1.0166004 1.0166667 1.0166667 1.0166667 1.0166667
0.056666667 0.056666667 0.056666667 0.056666667 0.056666667 0.056666667 0.056667841 0.057902955 0.52133187 0.53333454 0.53302337 0.18040381 0.18 0.18 0.18 0.18000005 0.1844432 0.94999029 0.95 0.95 0.95 0.95 0.95 0.95 0.9500002 1.4925359 1.4933277 1.4915781 1.2820193 1.2966666 1.2966667 1.2966667 1.2966667 1.2966667 1.2966727 2.0566667 2.0566667 2.0566667 2.0566667 2.0566667 2.0566667 2.0566667 2.0566667 2.0566667 -0.012336343 -0.013333333 -0.013333333 -0.013333333 -0.013333333 -0.013333333 -0.013333333 -0.013333333 -0.013332952 -0.012239925 0.30446694 0.87565778 1.0166518 1.0166667 1.0166667 1.0166667
0.056666667 0.056666667 0.056666667 0.056666667 0.056666667 0.05666667 0.05691781 0.32080106 0.53337117 0.53333334 0.53333333 0.53333313 0.33440296 0.15292893 0.17218942 0.17810038 0.82343275 0.94999945 0.95 0.95 0.95 0.95 0.95 0.95028846 1.4933332 1.4933333 1.4933332 1.4929475 1.1004295 1.2966666 1.2966667 1.2966667 1.2966667 1.2966667 1.2966667 2.056621 2.0566667 2.0566667 2.0566667 2.0566667 2.0566667 2.0566667 2.0566667 2.0566666 -0.013333333 -0.013333333 -0.013333333 -0.013333333 -0.013333333 -0.013333333 -0.013333333 -0.013333333 -0.013254759 0.30006699 1.1235479 0.76115002 0.77628534 1.0166553 1.0166667 1.0166667
0.056666667 0.056666667 0.056666667 0.056666667 0.056666667 0.056689964 0.72063044 0.61369406 0.5333334 0.53333333 0.53333333 0.53333333 0.48293913 -0.91999907 -0.92 -0.92 -0.91999999 -0.91970332 0.91738458 0.94999992 0.95 0.95 1.2938744 1.4933333 1.4933333 1.4933333 1.4933333 1.4933032 1.0548244 1.2966642 1.2966667 1.2966667 1.2966667 1.2966667 1.2966667 1.3139301 2.0566667 2.0566667 2.0566667 2.0566667 2.0566667 2.0566667 2.0566667 1.9995659 -0.013333333 -0.013333333 -0.013333333 -0.013333333 -0.013333333 -0.013333333 -0.013333333 -0.013332432 0.31843009 1.1327872 1.1297975 0.7600416 0.76 0.76035579 1.0166467 1.0166667
0.056666667 0.056666667 0.056666667 0.056666667 0.056667426 0.93232965 0.93333316 0.53362815 0.53333333 0.53333333 0.53333333 0.53333333 0.50658818 -0.91999999 -0.92 -0.92 -0.92 -0.92 -0.92 -0.91999952 -0.75048078 1.492525 1.4933333 1.4933333 1.4933333 1.4933333 1.4933333 1.4933331 1.0533336 1.1500734 1.2966667 1.2966667 1.2966667 1.2966667 1.2966667 1.2966667 2.0566667 2.0566667 2.0566667 2.0566667 2.0566667 2.0566667 -0.9251466 -0.92999979 -0.013333333 -0.013333333 -0.013333333 -0.013333333 -0.013333333 -0.013333333 -0.013333333 0.40805531 1.1333287 1.1333333 1.1231729 0.7600003 0.76 0.76 0.76000116 1.0165026
0.056666667 0.056666667 0.056666667 0.056666911 0.93333333 0.93333333 0.93333327 0.53333334 0.53333333 0.53333333 0.53333333 0.53333333 0.52087897 -0.92 -0.92 -0.92 -0.92 -0.92 -0.92 -0.92 -0.92 1.4932482 1.4933333 1.4933333 1.4933333 1.4933333 1.4933333 1.4933333 1.0533333 1.0533333 1.2966667 1.2966667 1.2966667 1.2966667 1.2966667 1.2966667 2.0565525 2.0566667 2.0566667 2.0566667 2.0558865 -0.93 -0.93 -0.93 -0.020427892 -0.013333333 -0.013333333 -0.013333333 -0.013333333 -0.013333333 0.72444845 1.1333333 1.1333333 1.1333333 1.0650283 0.76 0.76 0.76 0.76 0.76
1.25965 0.056666667 0.52943381 0.93333333 0.93333333 0.93333333 0.93332415 0.53333333 0.53333333 0.53333333 0.53333333 0.53333333 0.52777171 -0.92 -0.92 -0.92 -0.92 -0.92 -0.92 -0.92 -0.92 1.436651 1.4933333 1.4933333 1.4933333 1.4933333 1.4933333 1.4933333 1.0533333 1.0533333 1.2966667 1.2966667 1.2966667 1.2966667 1.2966667 1.2966667 1.309474 2.0566667 2.0566315 -0.92848273 -0.93 -0.93 -0.93 -0.93 -0.93 -0.013333333 -0.013333333 -0.013333333 -0.013333333 1.0957964 1.1333333 1.1333333 1.1333333 1.1333333 0.79479697 0.76 0.76 0.76 0.76 0.76
1.26 0.93380238 0.93333333 0.93333333 0.93333333 0.93333333 0.56264369 0.53333333 0.53333333 0.53333333 0.53333333 0.53333333 0.53027267 -0.92 -0.92 -0.92 -0.92 -0.92 -0.92 -0.92 -0.92 -0.88500795 1.4933333 1.4933333 1.4933333 1.4933333 1.4933333 1.4932833 1.0533333 1.0533333 1.0533336 1.2966667 1.2966667 1.2966667 1.2966667 1.2966667 1.2966691 1.329233 -0.92998785 -0.93 -0.93 -0.93 -0.93 -0.93 -0.93 -0.26366386 -0.013333333 -0.013333333 1.1316057 1.1333333 1.1333333 1.1333333 1.1333333 1.1333333 0.76007231 0.76 0.76 0.76 0.76 0.76
1.26 0.93368071 0.93333333 0.93333333 0.93333333 0.93333333 0.53333333 0.53333333 0.53333333 0.53333333 0.53333333 0.53333333 0.53021512 -0.92 -0.92 -0.92 -0.92 -0.92 -0.92 -0.92 -0.92 -0.91998775 1.4933333 1.4933333 1.4933333 1.4933333 1.4933333 1.0793141 1.0533333 1.0533333 1.0533333 1.296666 1.2966667 1.2966667 1.2966667 1.2966667 1.2966654 -0.93000466 -0.93 -0.93 -0.93 -0.93 -0.93 -0.93 -0.93 -0.92999998 -0.76796051 1.1284967 1.1333333 1.1333333 1.1333333 1.1333333 1.1333333 1.1332903 0.75999831 0.76 0.76 0.76 0.76 0.76
1.26 0.93442364 0.93333333 0.93333333 0.93333333 0.93333333 0.53333333 0.53333333 0.53333333 0.53333333 0.53333333 0.53333333 0.42 0.41982278 -0.92 -0.92 -0.92 -0.92 -0.92 -0.92 -0.92 -0.91999998 1.4933321 1.4933333 1.4933333 1.4933333 1.4933149 0.98666678 0.98666667 0.98666667 0.98666667 0.98666667 1.0384744 1.2966644 1.2966667 1.2923455 0.11926609 -1.2083084 -1.2153229 -0.99978805 -0.92995172 -0.93 -0.93 -0.93 -0.92999983 -0.83333333 -0.83333333 -0.83333333 1.1333333 1.1333333 1.1333333 1.1333333 1.1146284 -1.6933333 0.56805153 0.76 0.76 0.76 0.76 0.76
1.26 0.93741953 0.93333333 0.93333333 0.93333333 0.93331596 0.53333333 0.53333333 0.53333333 0.53333333 0.53333333 0.42133122 0.42 0.42 0.42 -0.91999911 -0.92 -0.92 -0.92 -0.92 -0.92 -0.92 1.4888412 1.4933166 1.4760455 0.9866834 0.98666667 0.98666667 0.98666667 0.98666667 0.98666667 0.98666667 0.98666667 0.98662761 0.13333378 0.13331229 0.087614895 0.85079998 -1.2294806 -1.2286408 -1.0292723 -0.77000165 -0.77 -0.77 -0.83333333 -0.83333333 -0.83333333 -0.83333333 -0.83332998 1.1333333 1.1333333 -1.6933333 -1.6933333 -1.6933333 -1.6933333 0.76 0.76 0.76 0.76 0.76
1.26 0.94439054 0.93333333 0.93333333 0.93333333 0.77684276 0.53333333 0.53333333 0.53333333 0.53333333 0.53333229 0.42 0.42 0.42 0.42 0.42 0.41420104 -0.92 -0.92 -0.92 -0.92 -0.92 0.39836617 0.98864934 0.9866667 0.98666667 0.98666667 0.98666667 0.98666667 0.98666667 0.98666667 0.98666667 0.98666667 0.13357226 0.13333333 0.1333329 0.066878607 1.1266174 1.0481654 -1.2299996 -1.2299986 -0.77001011 -0.77 -0.77 -0.83332938 -0.83333333 -0.83333333 -0.83333333 -0.83333333 -0.14135707 -1.6933333 -1.6933333 -1.6933333 -1.6933333 -1.6933333 0.76 0.76 0.76 0.76 0.76
1.2599995 0.95513703 0.93333334 0.93333333 0.93333266 0.53966825 0.53333333 0.53333333 0.53333333 0.53333333 0.42000012 0.42 0.42 0.42 0.42 0.42 0.42 0.41996451 -0.91617152 -0.91999851 -0.91999995 -0.91999998 0.96681518 0.98666668 0.98666667 0.98666667 0.98666667 0.98666667 0.98666667 0.98666667 0.98666667 0.98666667 0.98507244 0.13333333 0.13333333 0.13333333 -0.021476607 -0.11425178 1.3133332 1.2223346 -1.23 -1.23 -0.77 -0.77 -0.77254232 -0.83333333 -0.83333333 -0.83333333 -0.83333333 -1.6801622 -1.6933333 -1.6933333 -1.6933333 -1.6933333 -1.6933333 0.75521034 0.76 0.76 0.76 0.75999997
1.2599794 0.96782383 0.93333366 0.93333332 0.93290555 0.53414304 0.53333333 0.53333333 0.53333333 0.45333627 0.42 0.42 0.42 0.42 0.42 0.42 0.42 0.42 0.41994845 -0.33186561 -0.91746195 -0.80101824 0.7116992 0.98666269 0.98666666 0.98666667 0.98666667 0.98666667 0.98666667 0.98666667 0.98666667 0.9856435 0.0078898009 0.13333333 0.13333333 0.13333333 -0.11910257 -0.12 1.3133331 1.3133333 1.2173982 -1.23 -1.2291553 -0.77000007 -0.75725939 -0.83333333 -0.83333333 -0.83333333 -0.83333333 0.98333333 0.98333333 0.98333333 -0.32011931 -1.5452317 -0.086668057 -0.086666674 0.75626756 0.75998072 0.75991704 0.7590576
