EBird Region Approach/spi files/6-8|20_2.tif
NCOLS 121
NROWS 95
XLLCORNER -137.04393
YLLCORNER 23.663691
DX 0.49677396
DY 0.49847026
NODATA_VALUE -9999
[rows 26 to 51 of 95, columns 0 to 58 of 121]
2.0333026 1.5980505 1.5466672 1.5466666 1.5456079 0.5586707 0.55666667 0.55666667 0.55666667 1.4201644 1.78 1.78 1.78 1.78 1.78 1.78 1.78 1.78 1.7799472 1.0094313 0.40926778 0.49283969 1.5113983 1.6433334 1.6433333 1.6433333 1.6433333 1.6433333 1.6433333 1.6433333 1.6433333 1.6422675 0.59717119 0.67333333 0.67333333 0.67333333 0.51390013 0.51333333 1.4566667 1.4566667 1.4438418 1.1166667 1.1166912 1.13 1.1292629 1.2233333 1.2233333 1.2233333 1.2233333 1.85 1.85 1.85 1.601646 1.3387714 1.3266667 1.3266667 1.1142662 1.1133307 1.1133221
2.0329873 1.6171368 1.5466774 1.5466273 1.4516743 0.66711109 0.58078063 0.56006461 0.56691721 1.7799948 1.78 1.78 1.78 1.78 1.78 1.78 1.78 1.78 1.78 1.7802763 1.3603075 1.36 1.3600002 1.4707115 1.6843927 1.6558915 1.6433642 1.6433333 1.6433333 1.6433333 0.56115557 0.56 0.56 0.67333333 0.67333333 0.67333333 0.51333333 0.51333333 1.5931861 1.4566667 1.4566667 1.2019574 1.1160782 1.03 1.03 1.03 1.2233129 1.2233333 1.85 1.85 1.85 1.85 1.849767 1.3266667 1.3266667 1.3266667 0.9441473 0.94333333 0.94333333
2.0314993 1.4213932 0.93482865 0.93333375 0.93333333 0.93333333 0.93333333 0.93333333 0.93333569 0.95861813 1.7570784 1.77999 1.78 1.78 1.78 1.78 1.78 1.8566787 2.1066478 2.1046398 1.3600096 1.36 1.36 1.360163 1.6866664 1.6866667 1.6866667 1.6866667 1.6866667 1.6556684 0.56 0.56 0.56 0.56 0.67333333 0.67333333 0.51333333 0.51333333 1.5933333 1.5933333 1.5930747 1.4573534 1.03 1.03 1.03 1.03 1.03 1.0867925 1.85 1.85 1.85 1.85 1.5166667 1.3266667 1.3266667 1.3266667 0.94333333 0.94333333 0.94333333
0.93632651 0.93333335 0.93333333 0.93333333 0.93333333 0.93333333 0.93333333 0.93333333 0.93333336 0.94870151 0.94532337 0.94000034 0.94000021 0.94000171 0.9402356 2.106584 2.1066667 2.1066667 2.1066667 2.1062328 1.36 1.36 1.36 1.36 1.6866409 1.6866667 1.6866667 1.6866667 1.6866667 1.6866667 0.56 0.56 0.56 0.56 0.98666667 1.5033333 1.5028085 0.53666667 0.81333333 0.76333333 0.92333333 0.92333345 1.03 1.03 1.03 1.03 0.24760474 0.62001538 1.1030266 1.849995 1.6035604 1.5166667 1.5166667 1.3266667 1.3266667 1.3264238 0.94333333 0.94333333 0.94333333
0.9333333 0.93333333 0.93333333 0.93333333 0.93333333 0.93333333 0.93333333 0.93333333 0.93333333 0.94437803 1.192095 0.94000001 0.94 0.94000004 0.94011508 2.1066666 2.1066667 2.1066667 2.1066667 2.1066148 1.36 1.36 1.36 1.36 1.451615 1.6866667 1.6866667 1.6866667 1.6866667 1.6866667 0.56019416 0.56 0.56 0.40333333 0.40333333 0.14333333 0.56333333 0.74332811 0.40333333 0.92333333 0.92333333 0.98333333 0.98333333 1.0299853 0.19 0.19 0.19004847 0.62 1.0033208 1.0111198 1.1238155 0.71 0.71 0.71 0.71000008 0.94333333 0.94333333 0.94333333 0.94333333
0.93333324 0.93333333 0.93333333 0.93333333 0.93333333 0.93333333 0.93333333 0.93333333 0.93333333 0.94502245 1.3399997 0.94 0.94 0.94 0.94400267 2.1066667 2.1066667 2.1066667 2.1066667 2.1066627 1.36 1.36 1.36 1.36 1.36 1.6866667 1.6866667 1.6866667 1.6866667 1.6866667 1.6866666 0.55999951 0.40333492 0.40333333 0.37749611 0.01 0.096666667 0.1 0.15000017 0.16666667 0.16666667 0.98333333 0.97229303 -0.078909259 0.19 0.18999982 0.62 0.62 1.0033333 1.0035792 1.1233333 0.72694175 0.71 0.71 0.71 0.94333365 0.94333333 0.94333333 0.94333333
0.93333278 0.93333329 0.93333333 0.93333333 0.93333333 0.93333333 0.93333333 0.93333333 0.93333333 1.021343 1.34 0.940073 0.94 0.94 1.440334 2.1066667 2.1066667 2.1066667 2.1066667 2.106666 1.36 1.36 1.36 1.36 1.36 1.6866667 1.6866667 1.6866667 1.6866667 1.6866557 1.3101247 0.42770055 0.40333333 0.40071941 -0.25666667 -0.25666667 0.096666667 0.099999869 0.15 0.15002491 0.16666667 -0.48666667 -0.48666667 -0.48666533 -0.39 -0.38939377 0.62 0.62 1.0033333 1.0033334 1.1233333 1.4133333 0.51333333 0.51333333 0.51423154 1.38 1.370093 1.3333333 1.3333333
0.93332737 0.93333248 0.93333328 0.93333333 0.93333333 0.93333333 0.93333333 0.93333333 0.93333333 1.3397915 1.34 1.34 1.63 1.46 0.51336336 2.1066667 2.1066667 2.1066667 2.1066667 2.1066639 1.36 1.36 1.36 1.36 1.36 1.5199579 1.6747872 1.31 1.31 1.31 1.31 1.31 -0.13667109 -0.25666666 -0.25666667 -0.25666667 -0.2475427 0.046666667 0.14999944 0.15000001 0.16823269 -0.48666667 -0.48666622 0.64666667 0.20333333 -0.046666667 0.68 0.81666667 1.2666667 1.6466667 0.90333333 0.54333333 0.51333333 0.87856431 0.71348843 1.38 1.38 1.3333333 1.3333333
0.93322855 0.9332982 0.93332515 0.93333226 0.93333328 0.93333333 0.93333333 0.93333333 0.87675193 0.74668198 1.34 1.34 1.29 0.51333333 0.51333334 2.1050065 2.1066667 2.1066667 2.1066667 2.1064658 1.36 1.36 1.36 1.36 1.36 1.2939834 1.31 1.31 1.31 1.31 1.31 1.3094546 0.57679282 -0.25666667 -0.25666667 -0.10340351 0.046666667 0.046666667 0.046666246 0.63315401 0.76666667 0.76666667 0.64666667 0.48333333 0.43676424 0.67333333 0.92666667 0.93 1.1933333 1.4166667 0.90348227 0.64007457 0.89 0.90666667 0.71333333 1.38 1.38 1.3333333 1.1135425
0.93102303 0.93129932 0.93124642 0.93020995 0.92144492 0.78339883 0.74666682 0.74666667 0.74666667 0.74666667 -0.19333333 -0.19333333 1.29 1.29 1.29 1.1069374 1.1066965 1.118764 1.2407666 1.1333333 1.1334513 1.36 1.36 1.36 0.13814699 0.13666667 0.1387077 1.2936298 1.08 1.08 1.08 1.0800002 1.1759988 0.56393839 0.5699977 -0.18119009 -0.26999996 -0.27 0.56568298 0.24814289 0.76666667 0.76666667 0.76666667 1.2299985 1.1467383 1.5166667 1.38 0.89 0.99 1.7 0.81546556 1.15 1.0966667 0.77666667 -0.10333333 0.84 1.3266667 1.6533333 0.60333333
0.89418404 0.86615792 0.8071557 0.75481641 0.74677238 0.74666669 0.74666667 0.74666667 0.74666667 0.74666151 -0.19333333 -0.19333333 1.2899849 1.29 1.29 1.1066667 1.1066667 1.1268686 1.2466264 1.1333333 1.1333333 1.1333333 1.3599897 0.13527349 0.13666667 0.13666667 0.13666667 1.0799996 1.08 1.08 1.0983953 1.2133333 1.2130982 0.077075135 0.57 0.57 0.31509715 0.56666667 0.56666667 0.24666667 0.24666667 0.13333333 0.13333333 1.23 1.2299223 1.1673783 1.0533333 1.34 1.7966667 0.57 1.26 1.1866667 1.0333333 1.4033333 1.0233333 0.84 1.0699568 1.6533333 1.6533333
0.78286165 0.75708865 0.74793697 0.74670984 0.74666686 0.74666667 0.74666667 0.74666667 0.74666667 -0.19278985 -0.19333333 -0.19333333 -0.19333122 1.29 1.1066667 1.1066667 1.1066667 1.2466667 1.2466667 1.1333333 1.1333333 1.1333333 0.34842354 -0.31256961 0.13500528 0.13666667 0.13666667 0.13666667 1.080318 1.2133333 1.2133333 1.2133333 0.077014663 0.076666667 0.56969012 0.57 0.57 0.56666667 0.56666667 0.24666667 -0.06 -0.059675298 0.13333333 0.11666667 0.58666667 0.86333333 0.56 0.86 1.58 1.36 0.50666667 1.1035265 1.09 1.0366667 1.67 1.1184357 1.07 1.07 -0.12
0.7510773 0.7474216 0.74672654 0.74666825 0.74666668 0.74666667 0.74666667 0.74666667 0.74666554 -0.19330108 -0.19333333 -0.19333333 -0.19333324 1.1216497 1.1066657 1.1066667 1.1066667 1.2466667 1.2466667 1.1333333 1.1333333 1.1333333 0.41211153 -0.31333333 -0.31333333 -0.31333333 0.13666667 0.13666667 1.2133333 1.2133333 1.2133333 0.42669065 0.077075093 0.076666667 0.076666667 0.57 0.57 -0.70772949 -0.73 -0.20666658 -0.20666667 -0.20666667 -0.41333333 0.11666667 0.45 0.57333333 1.330919 1.54 1.6299998 0.99333333 1.0566667 1.0566611 0.96000284 1.00999 0.16002923 0.61666667 0.61666667 0.10999996 0.066666667
0.74741651 0.7467757 0.74667496 0.74666694 0.74666667 0.74666667 0.74666667 0.74666651 0.7401287 -0.19327842 -0.19333333 -0.19333333 -0.1917506 0.77 0.77 0.77 0.77 0.76930642 0.43333333 0.43333333 0.62854244 0.41333333 0.41333333 -0.30520571 -0.31333333 -0.31333333 -0.31333333 -0.22254432 0.13999846 0.42665951 0.42666667 0.67333333 0.67333349 0.076666667 0.076666667 0.30666643 0.30663438 -0.73 -0.73 -0.72999764 -0.20561438 0.063333333 -0.58 -0.38 -0.28333333 0.44471217 0.7 0.86 1.0366667 1.2666667 0.96333333 0.96333333 1.2433333 0.21666667 0.21665001 0.61666667 0.61666667 0.11 0.066666667
0.74686864 0.74669653 0.74666933 0.7466668 0.74666666 0.74666664 0.74666612 0.7465475 0.49761324 -0.19317998 -0.19333332 -0.19318202 0.76999999 0.77 0.77 0.77 0.77 0.77 0.43333333 0.63 0.63 0.41333333 0.41333333 0.41333333 -0.31328301 -0.31333332 -0.30169701 0.72666089 0.14 0.016666667 0.016666667 0.74666667 0.74666666 0.4 0.39999983 0.30666667 0.30666667 -0.73 -0.73 0.053329419 0.063333283 0.063171316 -0.64333333 -1.0121968 -0.49666667 -0.6331031 -0.61666665 -0.0033333333 0.17 0.31666667 1.2766667 0.96333266 -0.056666667 -0.56666667 -0.56665481 0.24 0.24 0.11 0.29666667
0.7467481 0.7466801 0.7466681 0.74666662 0.74666625 0.74666399 0.74660804 0.74099411 0.079434189 -0.19292762 -0.1931822 0.76990702 0.77 0.77 0.77 0.77 0.77 0.83333333 0.83333333 0.63 0.63 0.41333333 0.41333333 0.41333333 0.69113767 0.93333333 0.79814412 0.72666667 0.14 0.14 0.016666667 0.74666667 0.74662508 0.4 0.39999037 0.18 0.18 0.053321152 0.053333333 0.053333333 0.04862854 -0.90166003 -1.0092009 -1.0133333 -0.53666667 -1.0033333 0.21999899 -0.093333333 -0.033333333 0.42666667 0.10016834 0.78666667 0.10648162 0.018279788 0.016666667 -0.89666667 -0.89666656 0.27394876 -0.13
0.74671099 0.74667427 0.74666629 0.7466635 0.74665554 0.74658869 0.74533082 0.69053229 -0.067015948 -0.19208777 0.75138304 0.77 0.77 0.77 0.77 0.77 0.8323126 0.83333333 0.83333333 0.83333333 -0.11333333 -0.11333333 0.41333333 0.66 0.66 0.93333333 0.37000001 0.22666667 0.22680385 0.14015853 0.25887342 0.26666667 0.076666667 0.076666667 0.44333333 0.44333332 0.18 0.053333382 0.053333333 -0.26 -0.26 -0.97666667 -0.97666667 -0.97666667 -0.89333333 -0.91666667 0.28 0.53333333 -0.086666666 0.10666667 0.61 0.24333332 -0.02 -0.16806181 0.16 -0.89666667 -0.11666667 -0.11666667 -0.13
0.74669169 0.74666467 0.7466524 0.74662999 0.7465289 0.7457601 0.73553161 0.54235324 -0.11129081 0.53096681 0.76999499 0.77 0.77 0.77 0.77000001 0.7717675 0.83333333 0.83333333 0.83333333 -0.11333332 -0.11333333 -0.11333333 -0.11333333 0.37666667 0.37666667 0.5 0.44666667 0.75 0.37462998 0.42326686 0.25 0.26666667 0.076666667 0.076666667 0.3471663 0.34666667 0.093333658 -0.16 -0.16 -0.26 -0.26 -0.97666667 -0.97666667 -0.97666667 -0.95666675 -0.95083342 -0.85654312 -0.13 0.01 0.31 0.023790208 -0.096666667 -0.23999908 0.093279796 -0.17999999 -0.11667308 -0.11666667 -0.11666667 -0.16666667
0.74665851 0.74662124 0.7465687 0.74641111 0.74571051 0.74119655 0.6995343 0.35308947 0.21649254 0.7694157 0.77 0.77000003 0.7700001 0.77000191 0.77086187 0.83326348 0.83333333 0.83333333 0.83329107 -0.11333333 -0.11333333 -0.11333333 -0.11333333 0.37666667 0.37666667 0.50002517 0.68666667 0.61 0.57333333 0.42333333 0.25 0.25839324 0.076748772 0.076666667 0.093333333 0.093333333 0.093333333 0.33666667 -0.16 -0.16 0.16999603 0.17 -0.97666667 -0.97666667 -0.9563261 -0.81000083 -0.89292586 -0.74666667 -0.39666667 -0.39666662 0.023333333 0.08 -0.24 0.043333333 -0.21217587 -0.11679612 -0.11666667 -0.11666667 -0.16666667
0.74655285 0.74644641 0.74620723 0.74545742 0.74239847 0.7261267 0.62335611 0.28739143 0.75952638 0.76999227 0.77000128 0.77000369 0.77002947 0.77114003 0.8255694 0.83333195 0.83333333 0.83333173 -0.11111406 -0.11333333 -0.11333333 -0.11333333 -0.11322686 0.37666667 0.001218562 -0.016666667 -0.016666667 0.52333333 0.21012017 0.42332649 0.347668 0.2495125 -0.39160369 -0.30666664 -0.30666667 -0.30666667 -0.30666666 0.33666667 0.33666667 0.33656597 0.17 0.17 0.17 0.13377485 -0.80487986 -0.89362977 -0.76333444 -0.746802 -0.39673408 -0.39665313 0.02349994 0.079999755 -0.21688038 -0.21666667 -0.21666667 -0.21666667 -0.12191001 -0.1651874 -0.16666667
0.74623499 0.74588603 0.74503118 0.74246127 0.73307833 0.69248028 0.52839369 0.7096302 0.7696897 0.77001264 0.77003276 0.77015229 0.77170689 0.80295806 0.83300389 0.8333329 0.83332861 0.76992328 -0.11332579 -0.11333333 -0.11333333 -0.11333333 -0.10295042 0.20568343 0.19680629 0.21329366 0.21333333 0.52333333 0.33817014 0.34666667 0.34666667 -0.066666667 -0.53666537 -0.53666667 -0.30666667 -0.30666667 -0.30666667 0.33666667 0.33666667 0.1700288 0.17 0.17 0.17 0.25329899 0.25333333 0.25333333 0.25333333 0.25333333 -0.45497593 -0.39610554 0.028520205 0.07987676 -0.21666667 -0.21666667 -0.21666667 -0.21666667 -0.21666667 -0.16666227 -0.16666667
0.74541834 0.74442189 0.74200929 0.73523296 0.71340888 0.63939957 0.63121095 0.76648815 0.77003698 0.77013835 0.77044824 0.7724685 0.79046303 0.82898787 0.8332694 0.83331157 0.82824138 -0.061046856 -0.11333187 -0.11333333 -0.11333333 -0.11333332 0.21328595 0.21333333 0.21333333 0.21333333 0.21333333 0.21333333 0.34666667 0.34666667 0.34666667 -0.066666667 -0.53666667 -0.53666667 -0.30665271 -0.30666575 -0.30657378 0.21600806 0.12666667 0.12666667 0.16999974 0.16909873 0.10000765 0.25333333 0.25333333 0.25333333 0.25333333 0.25333333 0.25333333 -0.39053345 0.035824361 -0.053333829 -0.053333333 -0.053333333 -0.053333333 -0.053333333 -0.053333342 -0.053405225 -0.16666064
0.74361427 0.74121159 0.73563032 0.72118612 0.68121333 0.6228646 0.75184054 0.76978775 0.77037439 0.77095418 0.77336737 0.7856415 0.81873928 0.83233506 0.83322355 0.83071518 0.56416817 -0.10992587 -0.113332 -0.11333333 -0.1133333 0.10718439 0.21333333 0.21333333 0.21333333 0.21333333 0.21333333 0.21333396 0.27666667 0.27666667 -0.066666604 -0.066666667 -0.53666667 -0.53666667 -0.22333333 -0.22333333 -0.22333333 0.12666667 0.12666667 0.12666667 0.10031809 0.1 0.1 0.10000001 0.25333333 0.25333333 0.25333333 0.25333333 0.25332355 -0.16 -0.16 -0.053333336 -0.053333333 -0.053333333 -0.053333333 -0.053333333 -0.053333333 -0.15333333 -0.15333333
0.74012661 0.73515235 0.72422458 0.69871907 0.6511674 0.71859863 0.76761636 0.77070764 0.7716575 0.77435233 0.78374127 0.80807101 0.8285705 0.83269391 0.83071429 0.76763204 0.030903607 -0.11247067 -0.11333115 -0.11333302 -0.096469046 0.21333214 0.21333333 0.21333333 0.21333333 0.21333333 0.21333333 0.27666667 0.27666667 0.27666667 0.27666667 -0.066752796 -0.53666667 -0.32979434 -0.22333333 -0.22333333 -0.22333333 0.12666667 0.12666667 0.12666667 0.10560444 0.1 0.1 0.10000011 0.27447097 0.25333333 0.25333333 0.25333301 -0.16 -0.16 -0.16 -0.16 -0.053333333 -0.053333333 -0.053333333 -0.053333333 -0.15333333 -0.15333333 -0.15333333
0.73412725 0.72511111 0.70673454 0.67278883 0.68547224 0.75937751 0.77071238 0.77249524 0.77537851 0.78304143 0.8006461 0.82177455 0.83072089 0.8298493 0.80101915 0.44140193 -0.080833351 -0.11287139 -0.11332607 -0.10838421 0.19157552 0.19808027 0.20410096 0.2090093 0.21178983 0.21279173 0.1444533 0.27666525 0.27666667 0.27666667 0.27666667 0.24179352 -0.16666667 -0.16666667 -0.16666667 -0.22333331 -0.22333333 0.20333333 0.20332582 0.12666681 0.29 0.29 0.29 0.29666667 0.29666667 0.29666667 0.0066714358 -0.13315731 -0.16 -0.16 -0.16 -0.16 -0.064988434 -0.053333334 -0.053333333 -0.15332865 -0.15333333 -0.15333333 -0.15333333
0.7248273 0.71041213 0.68536136 0.67338816 0.74097151 0.76898823 0.77327135 0.77639935 0.78289455 0.79604388 0.81424896 0.82651493 0.82784731 0.80925685 0.65706518 0.10744034 -0.10094183 -0.10857776 0.10451678 0.11667076 0.11666702 0.11666667 0.11666667 0.11666667 0.11666667 0.11666667 0.05352558 0.046666667 0.046666667 0.046666667 0.086666664 0.086643073 -0.16666667 -0.16666667 -0.16666667 -0.16666667 0.20333261 0.20333333 0.20333333 0.20333333 0.29 0.29 0.29666667 0.29666667 0.29666667 0.29666667 0.0066666667 0.0066666667 -0.16 -0.16 -0.16 -0.16 -0.53333333 -0.53333333 -0.53333333 -0.15333517 -0.15333333 -0.15333333 -0.15333333
