EBird Region Approach/spi files/6-8|23_1.tif
NCOLS 121
NROWS 95
XLLCORNER -137.04393
YLLCORNER 23.663691
DX 0.49677396
DY 0.49847026
NODATA_VALUE -9999
[rows 0 to 25 of 95, columns 0 to 59 of 121]
-0.42017216 -0.52654914 -0.52664999 -0.526665 -0.52666656 -0.52666666 -0.52666667 -0.52666667 -0.52666666 -0.52666664 -0.52666628 -0.52666244 -0.52663709 -0.52653059 -0.52622914 -0.91034655 -1.1199012 -0.53855178 -0.29333519 -0.29333333 -0.29333333 -0.29333333 -0.29333333 -0.29333333 -0.29333333 -0.29333333 -0.29333333 -0.29333333 -0.29333333 -0.29333333 -0.29333333 -0.29333333 -0.29333333 -0.29333333 -0.29333333 -0.29467133 -0.95998877 -0.96 -0.96 -0.96 -0.96 -0.96 -0.96 -0.96 -0.96 -0.96 -0.96 -0.96 -0.96 -0.96 -0.96 -0.96 -0.95999997 -0.77822334 -0.22666689 -0.22666667 -0.22666667 -0.22666667 -0.22666667 -0.22666667
-0.37004734 -0.52073883 -0.52664022 -0.52666518 -0.52666664 -0.52666667 -0.52666667 -0.52666667 -0.52666667 -0.52666666 -0.52666645 -0.52666178 -0.5266186 -0.52641718 -0.5272275 -1.1196871 -1.12 -1.1196157 -0.29654675 -0.29333333 -0.29333333 -0.29333333 -0.29333333 -0.29333333 -0.29333333 -0.29333333 -0.29333333 -0.29333333 -0.29333333 -0.29333333 -0.29333333 -0.29333333 -0.29333333 -0.29333333 -0.29333333 -0.31312032 -0.95999982 -0.96 -0.96 -0.96 -0.96 -0.96 -0.96 -0.96 -0.96 -0.96 -0.96 -0.96 -0.96 -0.96 -0.96 -0.96 -0.96 -0.93626436 -0.22666741 -0.22666667 -0.22666667 -0.22666667 -0.22666667 -0.22666667
-0.37 -0.37026843 -0.52656713 -0.52666273 -0.52666665 -0.52666667 -0.52666667 -0.52666667 -0.52666667 -0.52666667 -0.52666635 -0.52665315 -0.52651943 -0.52595771 -1.0217512 -1.12 -1.12 -1.12 -1.1125427 -0.29333564 -0.29333333 -0.29333333 -0.29333333 -0.29333333 -0.29333333 -0.29333333 -0.29333333 -0.29333333 -0.29333333 -0.29333333 -0.29333333 -0.29333333 -0.29333333 -0.29333333 -0.29333333 -0.58092878 -0.96 -0.96 -0.96 -0.96 -0.96 -0.96 -0.96 -0.96 -0.96 -0.96 -0.96 -0.96 -0.96 -0.96 -0.96 -0.96 -0.96 -0.95805519 -0.22667029 -0.22666667 -0.22666667 -0.22666667 -0.22666667 -0.22666667
-0.37 -0.37 -0.40135667 -0.52659204 -0.52666634 -0.52666667 -0.52666667 -0.52666667 -0.52666667 -0.52666666 -0.52666245 -0.52652834 -0.52568871 -0.52364636 -1.1199968 -1.12 -1.12 -1.12 -1.12 -0.59010136 -0.29333333 -0.29333333 -0.29333333 -0.29333333 -0.29333333 -0.29333333 -0.29333333 -0.29333333 -0.29333333 -0.29333333 -0.29333333 -0.29333333 -0.29333333 -0.29333333 -0.29333335 -0.93633822 -0.96 -0.96 -0.96 -0.96 -0.96 -0.96 -0.96 -0.96 -0.96 -0.96 -0.96 -0.96 -0.96 -0.96 -0.96 -0.96 -0.96 -0.95986629 -0.22669261 -0.22666667 -0.22666667 -0.22666667 -0.22666667 -0.22666667
-0.37 -0.37 -0.37 -0.51322472 -0.52511922 -0.52666565 -0.52666667 -0.52666667 -0.52666667 -0.52663992 -0.52556604 -0.52128159 -0.51471205 -1.0979169 -1.12 -1.12 -1.12 -1.12 -1.12 -1.1199998 -0.29346545 -0.29333333 -0.29333333 -0.29333333 -0.29333333 -0.29333333 -0.29333333 -0.29333333 -0.29333333 -0.29333333 -0.29333333 -0.29333333 -0.29333333 -0.29333333 -0.29333372 -0.95942168 -0.96 -0.96 -0.96 -0.96 -0.96 -0.96 -0.96 -0.96 -0.96 -0.96 -0.96 -0.96 -0.96 -0.96 -0.96 -0.96 -0.96 -0.95999095 -0.22692138 -0.22666667 -0.22666667 -0.22666667 -0.22666667 -0.22666667
-0.37 -0.37 -0.37 -0.37000019 -0.41339268 -0.41333334 -0.41333333 -0.41333333 -0.41333334 -0.41371102 -0.42113865 -0.43622502 -0.44889257 -1.12 -1.12 -1.12 -1.12 -1.12 -1.12 -1.12 -1.1199305 -0.29333337 -0.29333333 -0.29333333 -0.29333333 -0.29333333 -0.29333333 -0.29333333 -0.29333333 -0.29333333 -0.29333333 -0.29333333 -0.29333333 -0.29333333 -0.29334987 -0.95998518 -0.96 -0.96 -0.96 -0.96 -0.96 -0.96 -0.96 -0.96 -0.96 -0.96 -0.96 -0.96 -0.96 -0.96 -0.96 -0.96 -0.96 -0.9599993 -0.22971566 -0.22666667 -0.22666667 -0.22666667 -0.22666667 -0.22666667
-0.37 -0.37 -0.37 -0.37 -0.41333331 -0.41333333 -0.41333333 -0.41333333 -0.41333333 -0.41333337 -0.41335895 -0.41395324 -1.0530877 -1.12 -1.12 -1.12 -1.12 -1.12 -1.12 -1.12 -1.12 -1.1199541 -0.29337114 -0.29333333 -0.29333333 -0.29333333 -0.29333333 -0.29333333 -0.29333333 -0.29333333 -0.29333333 -0.29333333 -0.29333333 -0.29333333 -0.29411528 -0.95999946 -0.96 -0.96 -0.96 -0.96 -0.96 -0.96 -0.96 -0.96 -0.96 -0.96 -0.96 -0.96 -0.96 -0.96 -0.96 -0.96 -0.96 -0.95999993 -0.26383221 -0.22666667 -0.22666667 -0.22666667 -0.22666667 -0.22666667
-0.37 -0.37 -0.37 -0.37 -0.37000001 -0.41333333 -0.41333333 -0.41333333 -0.41333333 -0.41333334 -0.41333473 -0.4133833 -1.12 -1.12 -1.12 -1.12 -1.12 -1.12 -1.12 -1.12 -1.12 -1.12 -1.12 -0.88489815 -0.29333333 -0.29333333 -0.29333333 -0.29333333 -0.29333333 -0.29333333 -0.29333333 -0.29333333 -0.29333333 -0.29333333 -0.32432908 -0.95987438 -0.95999993 -0.96 -0.96 -0.96 -0.96 -0.96 -0.96 -0.96 -0.96 -0.96 -0.96 -0.96 -0.96 -0.96 -0.96 -0.96 -0.96 -0.95999999 -0.51027666 -0.22666667 -0.22666667 -0.22666667 -0.22666667 -0.22666667
-0.37 -0.37 -0.37 -0.37 -0.37 -0.41332893 -0.41333333 -0.41333333 -0.41333333 -0.41333334 -0.413334 -0.48069082 -1.12 -1.12 -1.12 -1.12 -1.12 -1.12 -1.12 -1.12 -1.12 -1.12 -1.12 -1.12 -1.1199912 -0.29362174 -0.29333333 -0.29333333 -0.29333333 -0.29333333 -0.29333333 -0.29333333 -0.29333333 -0.29344519 -0.46684331 -0.48153283 -0.92220555 -0.9599902 -0.96 -0.96 -0.96 -0.96 -0.96 -0.96 -0.96 -0.96 -0.96 -0.96 -0.96 -0.96 -0.96 -0.96 -0.96 -0.96 -0.85671961 -0.22653497 -0.22663975 -0.2266629 -0.22666633 -0.22666665
-0.37 -0.37 -0.37 -0.37 -0.37 -0.37001255 -0.41333333 -0.41333333 -0.41333334 -0.41333339 -0.41333429 -1.1199854 -1.12 -1.12 -1.12 -1.12 -1.12 -1.12 -1.12 -1.12 -1.12 -1.12 -1.12 -1.12 -1.12 -1.12 -0.92161425 -0.29334789 -0.29333334 -0.29333333 -0.29333334 -0.29335008 -0.33082828 -0.4858109 -0.4666674 -0.46666669 -0.46666757 -0.46700648 -0.86869728 -0.95999942 -0.96 -0.96 -0.96 -0.96 -0.96 -0.96 -0.96 -0.96 -0.96 -0.96 -0.96 -0.96 -0.96000009 -0.96000913 -0.83233536 0.45570595 0.48686305 0.51797401 0.5465582 0.57005097
-0.37 -0.37 -0.37 -0.37 -0.37 -0.37 -0.4127941 -0.41333336 -0.4133334 -0.41333365 -0.41770285 -1.12 -1.12 -1.12 -1.12 -1.12 -1.12 -1.12 -1.12 -1.12 -1.12 -1.12 -1.12 -1.12 -1.12 -1.12 -1.12 -1.1186464 -0.31562778 -0.29499644 -0.86286265 -0.91330618 -0.91332561 -0.71691262 -0.46666931 -0.46666667 -0.46666667 -0.46666667 -0.46666667 -0.46666717 -0.5803083 -0.95999965 -0.96 -0.96 -0.96 -0.96 -0.96 -0.96 -0.96 -0.96 -0.96000188 -0.96040877 -0.98145884 -1.1126281 0.27641447 0.60999279 0.60999915 0.60999994 0.61 0.61
-0.37 -0.37 -0.37 -0.37 -0.37 -0.37 -0.37072577 -0.41332992 -0.41333379 -0.41333486 -1.1132206 -1.12 -1.12 -1.12 -1.12 -1.12 -1.12 -1.12 -1.12 -1.12 -1.12 -1.12 -1.12 -1.12 -1.12 -1.12 -1.12 -1.12 -1.0493166 -0.91332815 -0.91333331 -0.91333333 -0.91333332 -0.91083106 -0.46669569 -0.46666667 -0.46666667 -0.46666667 -0.46666667 -0.46666667 -0.46666667 -0.46666667 -0.4704523 -0.95997465 -0.96 -0.96 -0.96 -0.96000839 -0.96974796 -1.1668347 -1.1830438 -1.1833164 -1.1833306 -1.1833327 -0.8626895 0.60999951 0.61 0.61 0.61 0.61
-0.37000001 -0.37 -0.37000001 -0.37000005 -0.37000065 -0.3700084 -0.37008412 -0.40939386 -0.41333479 -0.41586092 -1.1199923 -1.12 -1.12 -1.12 -1.12 -1.12 -1.12 -1.12 -1.12 -1.12 -1.12 -1.12 -1.12 -1.12 -1.12 -1.12 -1.12 -1.1025541 -0.90683459 -0.91333171 -0.91333333 -0.91333333 -0.91333333 -0.91333153 -0.46849811 -0.46666667 -0.46666667 -0.46666667 -0.46666667 -0.46666667 -0.46666667 -0.46666667 -0.46666667 -0.46666667 -0.46748487 -1.1820101 -1.1833324 -1.1833333 -1.1833333 -1.1833333 -1.1833333 -1.1833333 -1.1833333 -1.1833349 -1.1736463 0.60999558 0.61 0.61 0.61 0.61
-1.3866667 -1.3866667 -1.3866667 -1.3866667 -1.3866666 -1.3866655 -1.3866536 -1.3865272 -1.2404211 -0.50434655 -1.1199954 -1.12 -1.12 -1.12 -1.12 -1.12 -1.12 -1.12 -1.12 -1.12 -1.12 -1.12 -1.12 -1.12 -1.12 -1.12 -0.44451593 0.54757895 -0.89580905 -0.91333278 -0.91333333 -0.91333333 -0.91333333 -0.91333333 -0.81697983 -0.46666667 -0.46666667 -0.46666667 -0.46666667 -0.46666667 -0.46666667 -0.46666667 -0.46666667 -0.46666667 -0.51057802 -1.1833333 -1.1833333 -1.1833333 -1.1833333 -1.1833333 -1.1833333 -1.1833333 -1.1833334 -1.1833532 -1.1887305 0.60968402 0.60999999 0.61 0.61 0.61
-1.3866667 -1.3866667 -1.3866667 -1.3866667 -1.3866667 -1.3866667 -1.3866655 -1.3854099 -0.1503115 -0.11000254 -0.11088604 -1.1188457 -1.12 -1.12 -1.12 -1.12 -1.12 -1.12 -1.12 -1.12 -1.12 -1.12 -1.12 -1.12 -1.1199994 0.55420587 0.55665664 0.55355363 -0.77069185 -0.91333308 -0.91333333 -0.91333333 -0.91333333 -0.91333333 -0.91332981 -0.46666667 -0.46666667 -0.46666667 -0.46666667 -0.46666667 -0.46666667 -0.46666667 -0.46666667 -0.46666667 -1.1829882 -1.1833333 -1.1833333 -1.1833333 -1.1833333 -1.1833333 -1.1833333 -1.1833333 -1.1833337 -1.1843918 -1.4900564 -0.46751012 0.6098923 0.61 0.61 0.61
-1.3866667 -1.3866667 -1.3866667 -1.3866667 -1.3866667 -1.3866667 -1.3864184 -1.0876123 -0.11004329 -0.11000001 -0.11 -0.11000033 -0.54086695 -1.0931745 -1.1122601 -1.1178724 -1.1198876 -1.12 -1.12 -1.12 -1.12 -1.12 -1.12 -1.1191098 0.55666636 0.55666667 0.55666651 0.55598265 -0.17232192 -0.91333303 -0.91333333 -0.91333333 -0.91333333 -0.91333333 -0.91333333 -0.46669349 -0.46666667 -0.46666667 -0.46666667 -0.46666667 -0.46666667 -0.46666667 -0.46666667 -0.46666668 -1.1833333 -1.1833333 -1.1833333 -1.1833333 -1.1833333 -1.1833333 -1.1833333 -1.1833333 -1.1834094 -1.4867121 -2.2799342 -1.2465545 -1.125741 0.60991811 0.61 0.61
-1.3866667 -1.3866667 -1.3866667 -1.3866667 -1.3866667 -1.3866436 -0.73027649 -0.1925724 -0.11000007 -0.11 -0.11 -0.11 -0.10722601 -0.030000051 -0.03 -0.03 -0.030000003 -0.030172931 -1.1009889 -1.12 -1.12 -1.12 -0.058841669 0.55666667 0.55666667 0.55666667 0.55666667 0.5566133 -0.22069044 -0.91332633 -0.91333333 -0.91333333 -0.91333333 -0.91333333 -0.91333333 -0.90318726 -0.46666667 -0.46666667 -0.46666667 -0.46666667 -0.46666667 -0.46666667 -0.46666667 -0.48692146 -1.1833333 -1.1833333 -1.1833333 -1.1833333 -1.1833333 -1.1833333 -1.1833333 -1.1833342 -1.504488 -2.2928047 -2.283394 -1.2434503 -1.2433333 -1.2407643 0.60985588 0.61
-1.3866667 -1.3866667 -1.3866667 -1.3866667 -1.3866659 -0.52099224 -0.5200001 -0.11030218 -0.11 -0.11 -0.11 -0.11 -0.10852779 -0.030000001 -0.03 -0.03 -0.03 -0.03 -0.03 -0.03000028 -0.12879492 0.55417489 0.55666667 0.55666667 0.55666667 0.55666667 0.55666667 0.55666629 -0.22333282 -0.49765098 -0.91333333 -0.91333333 -0.91333333 -0.91333333 -0.91333333 -0.91333333 -0.46666667 -0.46666667 -0.46666667 -0.46666667 -0.46666667 -0.46666667 -2.1040016 -2.1066665 -1.1833333 -1.1833333 -1.1833333 -1.1833333 -1.1833333 -1.1833333 -1.1833333 -1.5912473 -2.2933289 -2.2933333 -2.264757 -1.2433342 -1.2433333 -1.2433333 -1.243325 0.60881523
-1.3866667 -1.3866667 -1.3866667 -1.3866664 -0.52 -0.52 -0.51999993 -0.11000001 -0.11 -0.11 -0.11 -0.11 -0.10931444 -0.03 -0.03 -0.03 -0.03 -0.03 -0.03 -0.03 -0.029999999 0.55664598 0.55666667 0.55666667 0.55666667 0.55666667 0.55666667 0.55666667 -0.22333333 -0.22333333 -0.91333333 -0.91333333 -0.91333333 -0.91333333 -0.91333333 -0.91333333 -0.46673379 -0.46666667 -0.46666667 -0.46666667 -0.46709505 -2.1066667 -2.1066667 -2.1066667 -1.1904795 -1.1833333 -1.1833333 -1.1833333 -1.1833333 -1.1833333 -1.8975233 -2.2933333 -2.2933333 -2.2933333 -2.1012253 -1.2433333 -1.2433333 -1.2433333 -1.2433333 -1.2433333
0.13289117 -1.3866667 -0.91929231 -0.52 -0.52 -0.52 -0.51999059 -0.11 -0.11 -0.11 -0.11 -0.11 -0.10969386 -0.03 -0.03 -0.03 -0.03 -0.03 -0.03 -0.03 -0.03 0.54288755 0.55666667 0.55666667 0.55666667 0.55666667 0.55666667 0.55666667 -0.22333333 -0.22333333 -0.91333333 -0.91333333 -0.91333333 -0.91333333 -0.91333333 -0.91333333 -0.90580621 -0.46666667 -0.466686 -2.1058335 -2.1066667 -2.1066667 -2.1066667 -2.1066667 -2.1066667 -1.1833333 -1.1833333 -1.1833333 -1.1833333 -2.2569967 -2.2933333 -2.2933333 -2.2933333 -2.2933333 -1.3411998 -1.2433333 -1.2433333 -1.2433333 -1.2433333 -1.2433333
0.13333333 -0.5190123 -0.52 -0.52 -0.52 -0.52 -0.14004312 -0.11 -0.11 -0.11 -0.11 -0.11 -0.10983152 -0.03 -0.03 -0.03 -0.03 -0.03 -0.03 -0.03 -0.03 -0.021493646 0.55666667 0.55666667 0.55666667 0.55666667 0.55666667 0.55657797 -0.22333333 -0.22333333 -0.22333403 -0.91333333 -0.91333333 -0.91333333 -0.91333333 -0.91333333 -0.91333191 -0.8661057 -2.10666 -2.1066667 -2.1066667 -2.1066667 -2.1066667 -2.1066667 -2.1066667 -1.4354844 -1.1833333 -1.1833333 -2.2916609 -2.2933333 -2.2933333 -2.2933333 -2.2933333 -2.2933333 -1.2435368 -1.2433333 -1.2433333 -1.2433333 -1.2433333 -1.2433333
0.13333333 -0.51930525 -0.52 -0.52 -0.52 -0.52 -0.11 -0.11 -0.11 -0.11 -0.11 -0.11 -0.10982585 -0.03 -0.03 -0.03 -0.03 -0.03 -0.03 -0.03 -0.03 -0.029997023 0.55666667 0.55666667 0.55666667 0.55666667 0.55666667 -0.17727645 -0.22333333 -0.22333333 -0.22333333 -0.91333138 -0.91333333 -0.91333333 -0.91333333 -0.91333333 -0.91333399 -2.1065839 -2.1066666 -2.1066667 -2.1066667 -2.1066667 -2.1066667 -2.1066667 -2.1066667 -2.1066665 -0.94712891 -2.2894251 -2.2933333 -2.2933333 -2.2933333 -2.2933333 -2.2933333 -2.2933117 -1.2433331 -1.2433333 -1.2433333 -1.2433333 -1.2433333 -1.2433333
0.13333333 -0.51781939 -0.52 -0.52 -0.52 -0.52 -0.11 -0.11 -0.11 -0.11 -0.11 -0.11 -0.1 -0.099990742 -0.03 -0.03 -0.03 -0.03 -0.03 -0.03 -0.03 -0.029999995 0.55666636 0.55666667 0.55666667 0.55666667 0.55659511 -1.4233315 -1.4233333 -1.4233333 -1.4233333 -1.4233333 -1.3381013 -0.913337 -0.91333333 -0.91067174 -0.19735721 -0.55516939 -0.57138838 -1.5411966 -2.1060869 -2.1066667 -2.1066667 -2.1066667 -2.1066646 -0.92666667 -0.92666667 -0.92666667 -2.2933333 -2.2933333 -2.2933333 -2.2933333 -2.2839367 -0.87333334 -1.2143846 -1.2433333 -1.2433333 -1.2433333 -1.2433333 -1.2433333
0.13333333 -0.51182761 -0.52 -0.52 -0.52 -0.5199822 -0.11 -0.11 -0.11 -0.11 -0.11 -0.10011746 -0.1 -0.1 -0.1 -0.030000047 -0.03 -0.03 -0.03 -0.03 -0.03 -0.03 0.55557239 0.55660134 0.48910749 -1.4232679 -1.4233333 -1.4233333 -1.4233333 -1.4233333 -1.4233333 -1.4233333 -1.4233333 -1.4232766 -0.19666731 -0.19666611 -0.19527014 -0.022038508 -0.5598094 -0.55938934 -0.46981801 -0.35333408 -0.35333333 -0.35333333 -0.92666661 -0.92666667 -0.92666667 -0.92666667 -0.926669 -2.2933333 -2.2933333 -0.87333333 -0.87333333 -0.87333333 -0.87333334 -1.2433333 -1.2433333 -1.2433333 -1.2433333 -1.2433333
0.13333333 -0.49788559 -0.52 -0.52 -0.52 -0.35959717 -0.11 -0.11 -0.11 -0.11 -0.10999991 -0.1 -0.1 -0.1 -0.1 -0.1 -0.09969707 -0.03 -0.03 -0.03 -0.03 -0.03 0.012550724 -1.4155853 -1.4233332 -1.4233333 -1.4233333 -1.4233333 -1.4233333 -1.4233333 -1.4233333 -1.4233333 -1.4233333 -0.19701012 -0.19666667 -0.19666666 -0.1949176 0.059346982 0.028203042 -0.55999983 -0.55999936 -0.35333787 -0.35333333 -0.35333333 -0.92663086 -0.92666667 -0.92666667 -0.92666667 -0.92666667 -1.6526182 -0.87333333 -0.87333333 -0.87333333 -0.87333333 -0.87333333 -1.2433333 -1.2433333 -1.2433333 -1.2433333 -1.2433333
0.13333227 -0.47639261 -0.51999999 -0.52 -0.51999931 -0.11649329 -0.11 -0.11 -0.11 -0.11 -0.10000001 -0.1 -0.1 -0.1 -0.1 -0.1 -0.1 -0.099998146 -0.030199995 -0.030000078 -0.030000003 -0.030000001 -1.4085221 -1.4233333 -1.4233333 -1.4233333 -1.4233333 -1.4233333 -1.4233333 -1.4233333 -1.4233333 -1.4233333 -1.4210419 -0.19666667 -0.19666667 -0.19666667 -0.19259272 -0.18885008 0.096666664 0.073171588 -0.56 -0.56 -0.35333333 -0.35333333 -0.37634801 -0.92666667 -0.92666667 -0.92666667 -0.92666667 -0.87401264 -0.87333333 -0.87333333 -0.87333333 -0.87333333 -0.87333333 -1.242611 -1.2433333 -1.2433333 -1.2433333 -1.2433332
