EBird Region Approach/spi files/6-8|20_3.tif
NCOLS 121
NROWS 95
XLLCORNER -137.04393
YLLCORNER 23.663691
DX 0.49677396
DY 0.49847026
NODATA_VALUE -9999
[rows 26 to 51 of 95, columns 60 to 119 of 121]
1.04 1.04 1.04 1.04 1.04 1.2928187 1.32 1.32 1.32 1.3236489 1.5833333 1.5833333 1.5833333 1.5833333 1.5833333 1.1733333 1.1733333 1.1733333 1.1733333 1.1733333 1.1736773 2.06 2.06 2.06 2.06 2.06 2.06 2.06 2.06 2.0743809 2.3987704 1.2910667 0.63741323 0.63666676 0.63666667 0.63666667 0.63666667 0.63666667 0.63666667 0.63666667 0.63666667 0.63666667 0.63666667 0.64064463 0.86663706 0.86666666 0.86666667 0.86666667 0.86666667 0.86666531 -3.2843893 -3.3166667 -3.3166667 -3.3166667 -3.3166667 -3.3166667 -3.3166667 -3.3166667 -3.3166667 -3.3166667
0.76002494 1.04 1.04 1.040009 1.3195007 1.32 1.32 1.32 1.32 1.32 1.5833333 1.5833333 1.5833333 1.5833333 1.5833333 1.5832759 1.1733333 1.1733334 1.2121296 1.8104471 2.06 2.06 2.06 2.06 2.06 2.06 2.06 2.06 2.0600056 2.398117 2.4028285 2.3215125 1.0408401 0.63669654 0.63666667 0.63666667 0.63666667 0.63666667 0.63666667 0.63666667 0.63666667 0.63666667 0.63666667 0.86023703 0.86666667 0.86666667 0.86666667 0.86666667 0.86666667 0.86666667 0.83910975 -3.3166664 -3.3166667 -3.3166667 -3.3166667 -3.3166667 -3.3166667 -3.3166667 -3.3166667 -3.3166667
0.76 1.1852414 1.19 1.19 1.190329 1.32 1.32 1.32 1.32 1.32 1.5833333 1.5833333 1.5833333 1.5833333 1.5833333 1.5833333 1.81 1.81 1.81 1.81 2.06 2.06 2.06 2.06 2.06 2.06 2.06 2.06 2.0778664 2.4033119 2.40331 2.3782513 2.2365406 0.89611868 0.63666681 0.63666667 0.63666667 0.63666667 0.63666667 0.63666667 0.63666667 0.63666667 0.63666914 0.86666666 0.86666667 0.86666667 0.86666667 0.86666667 0.86666667 0.86666667 0.86666592 -3.3086127 -3.3165678 -3.3166078 -3.3166198 -3.3165895 -3.3160326 -3.2174874 -1.1889709 -1.1833335
0.76 1.19 1.19 1.19 1.19 1.3199996 1.32 1.32 1.32 1.3234656 1.8266667 1.5833333 1.5833333 1.5833333 1.5833333 1.58344 1.81 1.81 1.81 1.81 2.06 2.06 2.06 2.06 2.06 2.06 2.06 2.0600004 2.3891853 2.4033277 2.4033331 2.4014609 2.2369291 2.2366592 0.74716072 0.63666667 0.63666667 0.63666667 0.63666667 0.63666667 0.63666667 0.63666667 0.8652558 0.86666667 0.86666667 0.86666667 0.86666667 0.86666667 0.86666667 0.86666667 0.86666667 0.77656823 -1.6455349 -1.2233897 -1.1839089 -1.1833339 -1.1833333 -1.1833333 -1.1833333 -1.1833333
0.76 1.19 1.19 1.19 1.19 1.19 1.32 1.32 1.32 1.8266667 1.8266667 1.8266667 1.5833333 1.5833333 1.5833333 1.8099853 1.81 1.81 1.81 1.81 2.06 2.06 2.06 2.06 2.06 2.06 2.06 2.0634743 2.3559081 2.4033323 2.4033333 2.4033171 2.2371187 2.2366667 2.2366667 0.65977857 0.63666667 0.63666667 0.63666667 0.63666667 0.63666667 0.63666667 0.86666667 0.86666667 0.86666667 0.86666667 0.86666667 0.86666667 0.86666667 0.86666667 0.86666667 0.86141913 -1.1833412 -1.1833332 -1.1833333 -1.1833333 -1.1833333 -1.1833333 -1.1833333 -1.1833333
0.76000175 1.19 1.19 1.19 1.19 1.19 1.3033162 1.3200016 1.8266667 1.8266667 1.8266667 1.9166667 1.9166667 1.916641 0.9619139 1.8099999 1.81 1.81 1.81 1.81 2.0544393 2.06 2.06 2.06 2.06 2.06 2.0633297 2.0633336 2.1565784 2.4033332 2.4033333 2.4033333 2.2397495 2.2366667 2.2366667 2.2366667 0.63948725 0.63666667 0.63666667 0.63666667 0.63666667 0.85086324 0.86666667 0.86666667 0.86666667 0.86666667 0.86666667 0.86666667 0.86666667 0.86666667 0.86666667 0.86536627 -1.180976 -1.1831814 -1.1833312 -1.1833333 -1.1833333 -1.1833333 -1.1833333 -1.1833333
0.76 0.76 1.1899975 1.19 1.19 1.19 1.1899988 1.82666 1.8266667 1.8266667 1.9166667 1.9166667 1.9166667 0.89667098 0.89666667 0.89739726 1.3849713 1.3769183 1.3766686 1.376668 1.3767409 2.06 2.06 2.06 2.06 2.0633287 2.0633333 2.0633333 2.063637 2.4033333 2.4033333 2.4033333 2.373349 2.2366667 2.2366667 2.2366667 2.2366667 0.63794285 0.63666667 0.63666667 0.63666667 0.86666667 0.86666667 0.86666667 0.86666667 0.86666667 0.86666667 0.86666667 0.86666667 0.86666667 0.86666667 0.86631835 -0.41064882 -0.78329164 -1.0789272 -1.1758621 -1.1832914 -1.1833333 -1.1833333 -1.1833333
0.759989 0.76 0.76 0.76 1.19 0.71810801 0.62 0.62 1.6802457 1.9166667 1.9166667 1.9166667 0.89666667 0.89666667 0.89666667 0.89683436 1.3766667 1.3766667 1.3766667 1.3766667 1.3766667 1.3766667 1.9836649 2.0599999 2.0633088 2.0633333 2.0633333 2.0633333 2.0633333 2.4033333 2.4033333 2.4033333 2.4033333 2.2366667 2.2366667 2.2366667 2.2366667 2.2366667 0.64245237 0.63666667 0.68973407 0.86666667 0.86666667 0.86666667 0.86666667 0.86666667 0.86666667 0.86666667 0.86666667 0.86666667 0.86666667 0.86968952 1.1595431 1.1646328 1.1663384 1.1666468 1.1666665 1.1666667 1.1666667 1.1666667
0.61666667 0.76 0.76 0.76 0.56198604 0.62 0.62 0.62 0.62000224 0.67333347 1.6363677 0.89666667 0.89666667 0.89666667 0.89666667 0.89681423 1.3766667 1.3766667 1.3766667 1.3766667 1.3766667 1.3766611 0.35731628 0.2300614 2.0633333 2.0633333 2.0633333 2.0633333 2.0633333 2.4033333 2.4033333 2.4033333 2.4033333 2.2366667 2.2366667 2.2366667 2.2366667 2.2366667 0.48685009 0.48666667 0.48666952 0.86666667 0.86666667 0.86666667 0.86666667 0.86666667 0.86666667 0.86666667 0.86666667 0.86666667 0.86666667 1.0014804 1.1666517 1.166666 1.1666667 1.1666667 1.1666667 1.1666667 1.1666667 1.1666667
0.61666667 0.75999997 0.60000007 0.6 0.20666667 0.52531755 0.62 0.62 0.67333327 0.67333333 0.67333333 0.89666667 0.89666667 0.89666667 0.89666566 0.62646686 1.376625 1.3766213 0.44256437 0.24666667 0.24666667 0.23000124 0.23 0.23 2.0633333 2.0633333 2.0633333 2.0633333 2.0633333 2.0726849 2.4033333 2.4033333 2.4033333 2.2366667 2.2366667 2.2366667 2.2366667 0.49253715 0.48666667 0.48666667 0.48666667 0.4817065 0.034263683 0.63043284 0.86646535 0.86666407 0.86666603 0.86666586 0.86666472 0.86666107 0.86553085 0.80851855 1.1666665 1.1666667 1.1666667 1.1666667 1.1666667 1.1666667 1.1666667 1.1666667
0.63999895 0.63778059 0.6 0.6 0.20624142 0.20666667 0.61999992 0.62 0.67333333 0.67333333 0.67333333 -0.23457299 -0.25 0.0066666665 0.0066666667 0.0066666667 0.24666702 0.24666667 0.24666667 0.24666667 0.23 0.23 0.23 0.23 2.0633319 2.0633333 2.0633333 2.0633333 2.0633333 2.0633333 2.4033333 2.4033333 2.4033333 2.2367208 2.2366667 2.2366667 2.1922901 0.48666667 0.48666667 0.48666667 0.48666667 0.034202664 0.033333333 0.033333333 0.033333333 0.033333333 0.033333361 0.033387407 0.040024681 0.3315539 0.13387947 0.13333665 1.1010633 1.1666667 1.1666667 1.1666667 1.1666667 1.1666667 1.1666667 1.1666667
0.64 0.64 0.6 -0.16 0.26333333 0.27 -0.24666665 -0.24666667 0.67333333 0.67333333 0.67333333 -0.25 -0.25 0.0066666667 0.0066666667 0.006667081 0.24832893 0.24666667 0.24666667 0.24663357 0.23 0.23 0.23 0.23 2.0300808 2.0633333 2.0633333 2.0633333 2.0633333 2.0633333 2.4033333 2.4033333 -0.26706494 -0.28666667 -0.28666667 -0.28666667 0.48666666 0.48666667 0.48666667 0.48666667 0.48666667 0.033333333 0.033333333 0.033333333 0.033333333 0.033333333 0.033333333 0.033345756 0.60512067 0.18847618 0.13334437 0.13333335 0.13333382 1.162026 1.1666667 1.1666667 1.1666667 1.1666667 1.1666667 1.1666667
0.1 0.64 -0.55333333 -0.55333333 0.25781391 0.27 -0.24666667 -0.21666807 -0.99333326 -0.99333333 -0.99333284 -0.25 -0.25 0.0066666667 0.0066733555 0.61 0.62167758 0.39330312 0.39333333 0.33523409 0.23 0.23 0.23000002 0.86332995 0.86333331 2.009028 1.9128864 0.90105231 0.20336801 0.18314912 1.4088449 -0.2866614 -0.28666667 -0.28666667 -0.28666667 -0.28666667 -0.27040366 0.48666667 0.48666667 0.48666667 0.48666667 0.033333333 0.033333333 0.033333333 0.033333333 0.033333333 0.033333417 0.65765693 0.65988377 0.13510037 0.13333336 0.13333333 0.13333335 0.13335297 1.0405668 1.1338736 1.1622625 1.1663559 1.1666484 1.1666642
0.1 0.036666667 0.036650389 -0.51666667 -0.51666667 -0.24666669 -1.3466667 -0.21666667 -0.99333333 -0.99333333 -0.99333333 0.43333333 0.63994351 0.61 0.61 0.61000084 0.62333333 -1.0104825 0.39333333 0.39333333 0.39333333 -1.2066659 0.86333333 0.86333333 0.86333332 0.25543593 0.18 0.18 0.18 0.18 -0.57968279 -0.5799451 -0.28666667 -0.28666667 -0.28666667 -0.28666667 -0.30328548 -0.15854689 0.48666667 0.48666667 0.4841997 0.033333333 0.033333333 0.033333333 0.033333333 0.033333333 0.6599979 0.66 0.65988227 0.13333559 0.13333333 0.13333333 0.13333334 0.13346025 -0.27332677 -0.27666667 -0.27666667 -0.27666667 -0.27666667 -0.27666667
-0.05 0.036666667 -0.32282094 -0.60333333 -0.60335154 -0.96666667 -1.4266667 -1.35 -1.6096752 -0.99421812 -0.99333348 0.64666665 0.86333333 0.86333333 0.74333333 0.62333333 0.62333333 -1.0166667 -1.0166667 0.39333333 -1.2066667 -1.2066667 0.86333333 0.86333333 0.86331621 0.79 0.18 0.18 0.18 0.18 -0.58 -0.58 -0.32822262 -0.28666667 -0.28666667 -0.29368546 -0.30333333 -0.30333333 -0.30333333 0.030149257 0.033490874 0.033333333 0.033333333 0.033333333 0.033333333 0.66 0.66 0.66 0.65928075 0.13333333 0.13333333 0.13333333 0.13333336 0.14285054 0.39714719 -0.27666667 -0.27666667 -0.27666667 -0.27666667 -0.27666667
0.256485 -0.037582066 -1.2433333 -1.2433333 -0.50354898 -0.96666667 -1.4266667 -1.35 -1.2466667 -1.61 -1.61 -0.71 -0.43076165 0.80666667 2.6266667 0.62333333 -0.54666666 -0.54666667 -1.0166667 -0.69676622 -0.71333333 -1.0966667 0.86333333 0.75333333 0.046797344 0.79 0.79 0.18 0.18 -0.64333333 -0.58 -0.58 -0.58 -0.28672816 -0.28673134 -0.30333333 -0.30333333 -0.30333333 -0.30333333 -0.30511179 -1.7435799 0.033332672 0.033333333 0.033333509 0.66 0.66 0.66 0.66 0.28232223 0.13333333 0.13333333 0.13333333 0.13333802 1.0526294 0.91374037 -0.27666103 -0.27666667 -0.27666667 -0.27666667 -0.27666667
-0.80333324 -0.96333333 -0.96333333 -0.96333512 -0.50333333 -0.50333333 -0.82333333 -0.82333333 -1.2466667 -1.2466667 0.086666667 -0.71 -0.71 2.6266667 1.3966667 -0.25666667 -0.10481441 -0.54667361 -0.88666665 -0.84770819 -0.54 -1.0966667 0.75333333 0.046666667 0.40666667 0.79 0.79 0.75758092 -0.64333333 -0.64333333 -0.58 -0.58 -0.58000013 -1.94 -1.94 -0.30333333 -0.30333333 -0.30333333 -1.7566667 -1.7566667 -1.7557941 -1.5766667 -1.5766667 -1.5673392 0.66 0.66 0.66 0.66 0.13333333 0.13333333 0.13333333 0.13333333 1.0501124 1.0633333 0.25329319 0.1565289 -0.27666658 -0.27666667 -0.27666667 -0.27666667
-0.80333333 0.34893761 0.35 -0.10666667 -0.10666667 -0.82332883 -0.82333333 -0.82333333 -0.79343105 0.086666667 0.086666667 -0.82996512 -0.83 -0.83 1.3966667 -0.24 -0.090001127 -0.82666667 -0.58666966 0.083333333 -1.0966667 -1.0966667 1.2766667 0.99 0.40666667 0.79 0.79 -1.0333332 -0.64333333 -0.64334745 -1.6488075 -1.65 -1.939999 -1.94 -1.94 -1.9399999 -1.7566667 -1.7566667 -1.7566667 -1.7566667 -1.5766686 -1.5766667 -1.5766667 -1.5766667 0.66 0.66 0.66 0.66 0.13333333 0.13333333 0.13333333 0.16007659 1.0633333 1.0633333 0.24333334 0.22897367 0.10666667 -0.27666664 -0.27666667 -0.27666667
-0.80333333 -0.77108972 0.35 -0.10666667 -0.10666667 -0.1066789 -0.82333333 -0.82333333 -0.72 -0.72 -0.71999542 -0.82994982 -0.83 -0.77769307 -0.77666667 -0.24 -0.09 -0.090000172 -0.5000001 0.083333333 0.57 0.58805551 0.99726116 0.99 0.99 -0.75333333 -0.75333333 -1.0333333 -1.0333333 -1.04 -1.6499999 -1.65 -1.65 -1.94 -1.94 -1.1966667 -1.1966667 -1.7566667 -1.7566667 -1.7566667 -1.5766667 -1.5766667 -1.5766667 -1.5766667 -1.5766531 0.66 0.66 0.66 0.13333333 0.13333333 0.13333333 1.0633333 1.0633333 1.0633333 0.24333333 0.2433328 0.10666667 0.10666667 -0.66999976 -0.67
-0.80333333 -0.79716075 -0.17962791 -0.18 -0.18 -0.18 -0.2069696 -0.72000027 -0.72 -0.72 -0.72 -0.72 -0.78752843 -0.77666667 -0.77666667 -0.77666667 -0.089917883 0.39666667 0.39666667 0.39666667 0.57 0.80666667 0.80666667 0.98999525 0.99 -0.75330117 -0.75333333 -1.0333333 -1.0333333 -1.04 -1.6499285 -1.65 -1.65 -1.94 -1.94 -1.1966667 -1.1966667 -1.1966667 -1.7566667 -1.7566667 -1.5766667 -1.5766667 -1.5766667 -1.5766667 -1.5766667 0.65998302 0.66 0.65934597 0.13333333 0.13333351 1.0633333 1.0633333 1.0633333 0.24335648 0.24333333 0.24333333 0.10666667 0.10666667 -0.67 -0.67
-0.80309727 -0.18000206 -0.18 -0.18 -0.18 -0.18 -0.18 -0.72723762 -0.7722816 -0.84 -0.84 -0.84 -0.7782778 -0.77666667 -0.77666667 -0.89666667 -0.89666667 0.39666662 0.39666667 0.47333333 0.47333333 0.80666667 0.80666667 0.80666667 -0.09999992 -0.1 -0.1 -0.1 -1.0333333 -1.2633333 -1.2633333 -1.2633333 -1.2633333 -1.9398699 -0.17 -0.17 -0.17 -0.17048359 -1.1479739 -1.7388029 -1.5766667 -1.5766667 -1.5766667 -1.5766667 -1.5729559 0.8 0.8 0.8 0.1334101 1.0631966 1.0633333 1.0633333 1.0633333 0.24333411 0.33977886 0.35 0.10666667 0.10666667 -0.67 -0.67
-0.76065262 -0.18 -0.18 -0.18 -0.18 -0.18 -0.86350073 -0.93666667 -0.93666667 -0.84 -0.84 -0.84 -1.0133333 -1.0133333 -0.89666667 -0.89666667 -0.89666667 -0.89666667 0.47333333 0.47333333 0.47333333 0.80666667 0.80666667 0.80666667 -0.099999992 -0.1 -0.1 -0.1 -0.18405217 -1.2633333 -1.2633333 -1.2633333 -1.2633333 -1.2049047 -0.17 -0.17 -0.17 -0.17 0.66666667 0.66666667 -1.5579005 -1.5687091 0.97665975 0.97666667 0.80000139 0.8 0.8 0.8 1.029963 0.75667264 0.75666667 1.1165752 1.1166667 1.1166667 0.35 0.35 -0.89999999 -0.9 -0.67 -0.67
-0.33160993 -0.64389458 -0.64666648 -0.64666667 -0.64666667 -0.64666667 -0.9363431 -0.93666667 -0.93666667 -0.93666667 -0.84 -1.013333 -1.0133333 -1.0133333 -1.0133333 -0.89666667 -0.89666667 0.41333333 0.41333336 0.47333333 0.47333333 0.4755639 0.80666666 0.8064219 -0.099999411 -0.1 -0.1 -0.49666667 -0.49666667 -0.50015128 -1.2633333 -1.2278067 0.1873795 0.19055717 -0.16999303 -0.17 0.6659893 0.66666667 0.66666667 0.66666667 0.66667094 0.97666667 0.97666667 0.97666667 0.80001306 0.8 0.8 0.8 1.0733332 0.75718604 0.75666667 0.75666672 1.1166667 1.1166667 1.1166667 0.34890862 -0.9 -0.9 -0.9 -0.08
-0.16670293 -0.64666667 -0.64666667 -0.64666667 -0.64666667 -0.64666667 -0.64668225 -0.93666667 -0.93666667 -0.93666667 -0.93666667 -1.0133333 -1.0133333 -1.0133333 -1.0121389 -0.89480122 0.41333217 0.41333333 0.41333333 0.41333333 0.4733332 0.0033333333 0.0033333333 0.0033333333 -0.00077347071 -0.33 -0.49666637 -0.49666667 -0.49666667 -0.49666667 0.19 0.19 0.19 0.43333001 0.43333333 0.43333333 0.66666667 0.66666667 0.66666667 0.66666667 0.66668135 0.97666667 0.97666667 0.97666667 0.97666383 0.8 0.8 0.8 1.0733333 1.0733333 0.75666667 0.76835651 1.1167143 1.1166667 1.1152032 0.35 0.35 -0.9 -0.85200092 -0.08
-0.16666667 -0.64666667 -0.64666667 -0.64666667 -0.64666667 -0.64666667 -0.64666667 -0.88868754 -0.36333425 -0.36333333 -0.36333333 -1.0133328 -1.0133316 -0.37666667 -0.37666667 -0.37666667 0.41333333 0.41333333 -0.11666322 -0.11666667 -0.11666667 0.0033333333 0.0033333333 0.0033333333 -0.32999996 -0.33 -0.33 -0.49666667 -0.49666667 -0.49666667 0.19 0.19 0.19 0.43333333 0.43333333 0.43333333 0.66764684 0.6666677 0.66667013 0.66944369 0.71188052 0.97666667 0.97666667 0.97666667 0.97666667 0.8 0.8 0.99931895 1.0733333 1.0733333 0.75666722 1.2233333 1.2233333 0.44634932 -0.59 0.34993721 0.35 -0.86 -0.86 -0.079999915
-1.3777857 -1.38 -0.64674152 -0.64666667 -0.64666667 -0.75650277 -0.80666666 -0.36333333 -0.36333333 -0.36333333 -0.36333333 -0.36333333 -0.37666667 -0.37666667 -0.37666667 -0.37666667 -0.37610952 -0.11666667 -0.11666667 -0.11666667 -0.11666667 0.0033333333 0.0033333333 0.0033333333 -0.33 -0.33 -0.33 -0.49665266 -0.49666667 -0.49666197 0.19 0.19 0.19 0.43333333 0.43333333 0.43333333 1.38 1.38 1.38 1.38 1.38 0.96739067 0.92006246 0.92 0.92000155 0.93333333 0.93333333 0.93333333 1.0733333 1.0733333 0.48666667 0.48666667 0.48666667 -0.59 -0.59 0.32995905 0.33 -0.58333333 -0.86 -0.78
