EBird Region Approach/spi files/6-8|20_1.tif
NCOLS 121
NROWS 95
XLLCORNER -137.04393
YLLCORNER 23.663691
DX 0.49677396
DY 0.49847026
NODATA_VALUE -9999
[rows 0 to 25 of 95, columns 0 to 57 of 121]
0.9764595 0.78221176 0.78314748 0.7833148 0.78333212 0.78333326 0.78333332 0.78333333 0.78333331 0.78333303 0.78332898 0.78328618 0.78300363 0.78181649 0.77838294 0.50495289 0.35995846 0.034107653 -0.1033323 -0.10333333 -0.10333333 -0.10333333 -0.10333333 -0.10333333 -0.10333333 -0.10333333 -0.10333333 -0.10333333 -0.10333333 -0.10333333 -0.10333333 -0.10333333 -0.10333333 -0.10333333 -0.10333333 -0.10357417 -0.22333131 -0.22333333 -0.22333333 -0.22333333 -0.22333333 -0.22333333 -0.22333333 -0.22333333 -0.22333333 -0.22333333 -0.22333333 -0.22333333 -0.22333333 -0.22333333 -0.22333333 -0.22333333 -0.22333335 -0.32000547 -0.61333321 -0.61333333 -0.61333333 -0.61333333
1.06991 0.79162813 0.7830386 0.78331681 0.783333 0.78333333 0.78333333 0.78333333 0.78333333 0.78333329 0.78333097 0.78327886 0.78279756 0.78055226 0.77317349 0.36021084 0.36 0.35978459 -0.10153227 -0.10333333 -0.10333333 -0.10333333 -0.10333333 -0.10333333 -0.10333333 -0.10333333 -0.10333333 -0.10333333 -0.10333333 -0.10333333 -0.10333333 -0.10333333 -0.10333333 -0.10333333 -0.10333333 -0.10689499 -0.2233333 -0.22333333 -0.22333333 -0.22333333 -0.22333333 -0.22333333 -0.22333333 -0.22333333 -0.22333333 -0.22333333 -0.22333333 -0.22333333 -0.22333333 -0.22333333 -0.22333333 -0.22333333 -0.22333333 -0.23595638 -0.61333294 -0.61333333 -0.61333333 -0.61333333
1.07 1.0694926 0.78225156 0.7832895 0.78333309 0.78333333 0.78333333 0.78333333 0.78333333 0.78333332 0.78332977 0.78318268 0.78169207 0.77543006 0.42605751 0.36000002 0.36 0.36 0.35582032 -0.10333204 -0.10333333 -0.10333333 -0.10333333 -0.10333333 -0.10333333 -0.10333333 -0.10333333 -0.10333333 -0.10333333 -0.10333333 -0.10333333 -0.10333333 -0.10333333 -0.10333333 -0.10333333 -0.15510051 -0.22333333 -0.22333333 -0.22333333 -0.22333333 -0.22333333 -0.22333333 -0.22333333 -0.22333333 -0.22333333 -0.22333333 -0.22333333 -0.22333333 -0.22333333 -0.22333333 -0.22333333 -0.22333333 -0.22333333 -0.22436762 -0.61333141 -0.61333333 -0.61333333 -0.61333333
1.07 1.07 1.0096935 0.78250147 0.78332965 0.78333333 0.78333333 0.78333333 0.78333333 0.78333329 0.78328636 0.78179144 0.77243205 0.7476668 0.36000188 0.36 0.36 0.36 0.35999999 0.063000357 -0.10333333 -0.10333333 -0.10333333 -0.10333333 -0.10333333 -0.10333333 -0.10333333 -0.10333333 -0.10333333 -0.10333333 -0.10333333 -0.10333333 -0.10333333 -0.10333333 -0.10333334 -0.21907421 -0.22333333 -0.22333333 -0.22333333 -0.22333333 -0.22333333 -0.22333333 -0.22333333 -0.22333333 -0.22333333 -0.22333333 -0.22333333 -0.22333333 -0.22333333 -0.22333333 -0.22333333 -0.22333333 -0.22333333 -0.22340444 -0.61331953 -0.61333333 -0.61333333 -0.61333333
1.07 1.07 1.07 0.63354839 0.76608388 0.78332202 0.78333333 0.78333333 0.78333333 0.78303516 0.77106464 0.72330557 0.65007449 0.36776716 0.36 0.36 0.36 0.36 0.36 0.35999991 -0.10325928 -0.10333333 -0.10333333 -0.10333333 -0.10333333 -0.10333333 -0.10333333 -0.10333333 -0.10333333 -0.10333333 -0.10333333 -0.10333333 -0.10333333 -0.10333333 -0.1033334 -0.22322924 -0.22333333 -0.22333333 -0.22333333 -0.22333333 -0.22333333 -0.22333333 -0.22333333 -0.22333333 -0.22333333 -0.22333333 -0.22333333 -0.22333333 -0.22333333 -0.22333333 -0.22333333 -0.22333333 -0.22333333 -0.22333814 -0.61319787 -0.61333333 -0.61333333 -0.61333333
1.07 1.07 1.07 1.0699936 -0.47933843 -0.47999994 -0.48 -0.48 -0.47999992 -0.47578988 -0.39299364 -0.22482498 -0.083725512 0.35999999 0.36 0.36 0.36 0.36 0.36 0.36 0.35994847 -0.10333332 -0.10333333 -0.10333333 -0.10333333 -0.10333333 -0.10333333 -0.10333333 -0.10333333 -0.10333333 -0.10333333 -0.10333333 -0.10333333 -0.10333333 -0.10333631 -0.22333067 -0.22333333 -0.22333333 -0.22333333 -0.22333333 -0.22333333 -0.22333333 -0.22333333 -0.22333333 -0.22333333 -0.22333333 -0.22333333 -0.22333333 -0.22333333 -0.22333333 -0.22333333 -0.22333333 -0.22333333 -0.22333371 -0.61171183 -0.61333333 -0.61333333 -0.61333333
1.07 1.07 1.07 1.07 -0.47999785 -0.48 -0.48 -0.48 -0.48 -0.47999956 -0.47971449 -0.47308988 0.28373033 0.36 0.36 0.36 0.36 0.36 0.36 0.36 0.35907396 0.21333158 -0.10331885 -0.10333333 -0.10333333 -0.10333333 -0.10333333 -0.10333333 -0.10333333 -0.10333333 -0.10333333 -0.10333333 -0.10333333 -0.10333333 -0.10347408 -0.22333323 -0.22333333 -0.22333333 -0.22333333 -0.22333333 -0.22333333 -0.22333333 -0.22333333 -0.22333333 -0.22333333 -0.22333333 -0.22333333 -0.22333333 -0.22333333 -0.22333333 -0.22333333 -0.22333333 -0.22333333 -0.22333337 -0.59356802 -0.61333333 -0.61333333 -0.61333333
1.07 1.07 1.07 1.07 1.0699995 -0.48 -0.48 -0.48 -0.48 -0.47999995 -0.47998443 -0.47944332 0.35999997 0.36 0.36 0.36 0.36 0.36 0.36 0.36 0.21596576 0.21333333 0.21333333 0.12327416 -0.10333333 -0.10333333 -0.10333333 -0.10333333 -0.10333333 -0.10333333 -0.10333333 -0.10333333 -0.10333333 -0.10333333 -0.10800825 -0.22323829 -0.22333328 -0.22333333 -0.22333333 -0.22333333 -0.22333333 -0.22333333 -0.22333333 -0.22333333 -0.22333333 -0.22333333 -0.22333333 -0.22333333 -0.22333333 -0.22333333 -0.22333333 -0.22333333 -0.22333333 -0.22333334 -0.46250422 -0.61333332 -0.61333333 -0.61333333
1.07 1.07 1.07 1.07 1.07 -0.47984236 -0.48 -0.48 -0.48 -0.47999987 -0.47999257 -0.39980274 0.36 0.36 0.36 0.36 0.36 0.36 0.36 0.35999979 0.21333333 0.21333333 0.21333333 0.21333333 0.21332995 -0.10322286 -0.10333333 -0.10333333 -0.10333333 -0.10333333 -0.10333333 -0.10333333 -0.10333333 -0.10316763 0.14973497 0.13874993 -0.19473212 -0.22332592 -0.22333333 -0.22333333 -0.22333333 -0.22333333 -0.22333333 -0.22333333 -0.22333333 -0.22333333 -0.22333333 -0.22333333 -0.22333333 -0.22333333 -0.22333333 -0.22333333 -0.22333333 -0.22333333 -0.27807508 -0.61304121 -0.61327372 -0.61332498
1.07 1.07 1.07 1.07 1.07 1.069551 -0.47999998 -0.47999999 -0.47999995 -0.47999932 -0.47998948 0.35998262 0.36 0.36 0.36 0.36 0.36 0.36 0.36 0.21333726 0.21333333 0.21333333 0.21333333 0.21333333 0.21333333 0.21333333 0.13733879 -0.10332776 -0.10333333 -0.10333333 -0.10333333 -0.10328913 -0.0043834356 0.20955582 0.15000226 0.14999998 0.14999932 0.14974285 -0.15423938 -0.22333289 -0.22333333 -0.22333333 -0.22333333 -0.22333333 -0.22333333 -0.22333333 -0.22333333 -0.22333333 -0.22333333 -0.22333333 -0.22333333 -0.22333333 -0.22333268 -0.22326461 -0.12352117 0.89821883 0.96723448 1.0361496
1.07 1.07 1.07 1.07 1.07 1.0699999 -0.46071083 -0.47999973 -0.4799993 -0.4799965 -0.47478613 0.36 0.36 0.36 0.36 0.36 0.36 0.36 0.36 0.21333333 0.21333333 0.21333333 0.21333333 0.21333333 0.21333333 0.21333333 0.21333333 0.21281481 -0.094792404 -0.098987844 1.4001021 1.5332617 1.5333094 0.92501545 0.15000817 0.15 0.15 0.15 0.15 0.14999962 0.064000923 -0.22333307 -0.22333333 -0.22333333 -0.22333333 -0.22333333 -0.22333333 -0.22333333 -0.22333333 -0.22333332 -0.22331922 -0.22025838 -0.061911606 0.92481512 1.2652239 1.2399843 1.2399981 1.2399999
1.07 1.07 1.07 1.07 1.07 1.07 1.0440398 -0.47986627 -0.47999494 -0.4799852 0.35194187 0.36 0.36 0.36 0.36 0.36 0.36 0.36 0.21333546 0.21333333 0.21333333 0.21333333 0.21333333 0.21333333 0.21333333 0.21333333 0.21333333 0.21333335 0.6558162 1.5333374 1.5333334 1.5333333 1.5333333 1.5255838 0.1500899 0.15 0.15 0.15 0.15 0.15 0.15 0.15 0.1471352 -0.22331415 -0.22333333 -0.22333333 -0.22333332 -0.22327021 -0.15000542 1.3325573 1.4544888 1.456539 1.4566465 1.4566599 1.4179129 1.2400001 1.24 1.24
1.07 1.07 1.07 1.07 1.0699996 1.0699952 1.0697462 -0.3374739 -0.47995303 -0.47695281 0.35999086 0.36 0.36 0.36 0.36 0.36 0.36 0.35999961 0.21333333 0.21333333 0.21333333 0.21333333 0.21333333 0.21333333 0.21333333 0.21333333 0.21333334 0.23422768 1.5369387 1.5333348 1.5333333 1.5333333 1.5333333 1.5333278 0.155672 0.15 0.15 0.15 0.15 0.15 0.15 0.15 0.15 0.15 0.14964437 1.4469372 1.4566599 1.4566667 1.4566667 1.4566667 1.4566667 1.4566667 1.4566667 1.4566662 1.4553833 1.2400005 1.24 1.24
0.49333333 0.49333333 0.49333333 0.49333334 0.49333338 0.49333398 0.49334077 0.49340311 0.40801148 0.31919044 0.36000035 0.36 0.36 0.36 0.36 0.36 0.36 0.21617546 0.21333333 0.21333333 0.21333333 0.21333333 0.21333333 0.21333333 0.21333333 0.21333335 1.0057144 2.1798893 1.5438142 1.5333339 1.5333333 1.5333333 1.5333333 1.5333333 1.2349251 0.15 0.15 0.15 0.15 0.15 0.15 0.15 0.15 0.15 0.23006164 1.4566667 1.4566667 1.4566667 1.4566667 1.4566667 1.4566667 1.4566667 1.4566667 1.4566604 1.4548955 1.239996 1.24 1.24
0.49333333 0.49333333 0.49333333 0.49333333 0.49333333 0.49333333 0.49333419 0.49421488 0.46468773 0.46000264 0.45991228 0.36011429 0.36 0.36 0.36 0.35999999 0.35915368 0.21333518 0.21333333 0.21333333 0.21333333 0.21333333 0.21333333 0.21333333 0.21333404 2.1771137 2.1800003 2.1800789 1.6325755 1.5333336 1.5333333 1.5333333 1.5333333 1.5333333 1.5333224 0.15000001 0.15 0.15 0.15 0.15 0.15 0.15 0.15 0.15 1.4560373 1.4566667 1.4566667 1.4566667 1.4566667 1.4566667 1.4566667 1.4566667 1.4566666 1.4563329 1.3595612 1.1842699 1.2399944 1.24
0.49333333 0.49333333 0.49333333 0.49333333 0.49333333 0.49333334 0.49351572 0.66728396 0.4600655 0.46000001 0.46 0.45999999 0.42803638 0.37074648 0.36310062 0.3608052 0.23746479 0.21333344 0.21333333 0.21333333 0.21333333 0.21333333 0.21333333 0.21437747 2.1799996 2.18 2.18 2.1800175 2.1788714 1.5333336 1.5333333 1.5333333 1.5333333 1.5333333 1.5333333 0.15008306 0.15 0.15 0.15 0.15 0.15 0.15 0.15 0.15000002 1.4566667 1.4566667 1.4566667 1.4566667 1.4566667 1.4566667 1.4566667 1.4566667 1.4566427 1.3610067 1.1092128 1.1432211 1.1494667 1.2399957
0.49333333 0.49333333 0.49333333 0.49333333 0.49333333 0.49335025 0.9755275 0.5946997 0.46000011 0.46 0.46 0.46 0.47167389 0.79666645 0.79666667 0.79666667 0.79666666 0.79657412 0.22350749 0.21333336 0.21333333 0.21333335 1.458032 2.18 2.18 2.18 2.18 2.1800014 2.199932 1.5333401 1.5333333 1.5333333 1.5333333 1.5333333 1.5333333 1.5019108 0.15 0.15 0.15 0.15 0.15 0.15 0.15 0.18542033 1.4566667 1.4566667 1.4566667 1.4566667 1.4566667 1.4566667 1.4566667 1.4566664 1.3554017 1.1068334 1.1070145 1.1433292 1.1433333 1.1434673
0.49333333 0.49333333 0.49333333 0.49333333 0.49333388 1.1292711 1.1299998 0.46049381 0.46 0.46 0.46 0.46 0.46619555 0.79666666 0.79666667 0.79666667 0.79666667 0.79666667 0.79666667 0.79666652 0.74380321 2.177077 2.18 2.18 2.18 2.18 2.18 2.18 2.2 1.9349588 1.5333333 1.5333333 1.5333333 1.5333333 1.5333333 1.5333333 0.15 0.15 0.15 0.15 0.15 0.15 1.2548683 1.2566667 1.4566667 1.4566667 1.4566667 1.4566667 1.4566667 1.4566667 1.4566667 1.3280451 1.1066681 1.1066667 1.1076646 1.1433333 1.1433333 1.1433333
0.49333333 0.49333333 0.49333333 0.49333351 1.13 1.13 1.1299999 0.46000001 0.46 0.46 0.46 0.46 0.46288507 0.79666667 0.79666667 0.79666667 0.79666667 0.79666667 0.79666667 0.79666667 0.79666667 2.1799512 2.18 2.18 2.18 2.18 2.18 2.18 2.2 2.2 1.5333333 1.5333333 1.5333333 1.5333333 1.5333333 1.5333333 0.15020788 0.15 0.15 0.15 0.15028907 1.2566667 1.2566667 1.2566667 1.4551188 1.4566667 1.4566667 1.4566667 1.4566667 1.4566667 1.2314716 1.1066667 1.1066667 1.1066667 1.1133752 1.1433333 1.1433333 1.1433333
1.6929843 0.49333333 0.83667373 1.13 1.13 1.13 1.1299846 0.46 0.46 0.46 0.46 0.46 0.46128836 0.79666667 0.79666667 0.79666667 0.79666667 0.79666667 0.79666667 0.79666667 0.79666667 2.1475095 2.18 2.18 2.18 2.18 2.18 2.18 2.2 2.2 1.5333333 1.5333333 1.5333333 1.5333333 1.5333333 1.5333333 1.5100217 0.15 0.15001304 1.2561045 1.2566667 1.2566667 1.2566667 1.2566667 1.2566667 1.4566667 1.4566667 1.4566667 1.4566667 1.1181242 1.1066667 1.1066667 1.1066667 1.1066667 1.1399158 1.1433333 1.1433333 1.1433333
1.6933333 1.1308578 1.13 1.13 1.13 1.13 0.50909485 0.46 0.46 0.46 0.46 0.46 0.46070901 0.79666667 0.79666667 0.79666667 0.79666667 0.79666667 0.79666667 0.79666667 0.79666667 0.81672426 2.18 2.18 2.18 2.18 2.18 2.1800023 2.2 2.2 2.1999993 1.5333333 1.5333333 1.5333333 1.5333333 1.5333333 1.5333289 0.41954136 1.2566622 1.2566667 1.2566667 1.2566667 1.2566667 1.2566667 1.2566667 1.4020491 1.4566667 1.4566667 1.107194 1.1066667 1.1066667 1.1066667 1.1066667 1.1066667 1.1433262 1.1433333 1.1433333 1.1433333
1.6933333 1.130599 1.13 1.13 1.13 1.13 0.46 0.46 0.46 0.46 0.46 0.46 0.46144536 0.79666667 0.79666667 0.79666667 0.79666667 0.79666667 0.79666667 0.79666667 0.79666667 0.79667369 2.18 2.18 2.18 2.18 2.18 2.1988191 2.2 2.2 2.2 1.5333352 1.5333333 1.5333333 1.5333333 1.5333333 1.5333331 1.2566631 1.2566667 1.2566667 1.2566667 1.2566667 1.2566667 1.2566667 1.2566667 1.2566666 1.0977586 1.1072206 1.1066667 1.1066667 1.1066667 1.1066667 1.1066667 1.1066663 1.1433333 1.1433333 1.1433333 1.1433333
1.6933333 1.1318802 1.13 1.13 1.13 1.13 0.46 0.46 0.46 0.46 0.46 0.46 1.5733333 1.5732306 0.79666667 0.79666667 0.79666667 0.79666667 0.79666667 0.79666667 0.79666667 0.79666668 2.1799993 2.18 2.18 2.18 2.1799654 1.2166682 1.2166667 1.2166667 1.2166667 1.2166667 1.2695885 1.5333311 1.5333333 1.529236 0.47308668 1.2439041 1.2456363 1.2588478 1.2566901 1.2566667 1.2566667 1.2566667 1.2566663 1.0666667 1.0666667 1.0666667 1.1066667 1.1066667 1.1066667 1.1066667 1.1065123 1.0833333 1.1386389 1.1433333 1.1433333 1.1433333
1.6933333 1.1370466 1.13 1.13 1.13 1.1299709 0.46 0.46 0.46 0.46 0.46 1.560256 1.5733333 1.5733333 1.5733333 0.79666718 0.79666667 0.79666667 0.79666667 0.79666667 0.79666667 0.79666667 2.1774243 2.1799682 2.1471303 1.2166985 1.2166667 1.2166667 1.2166667 1.2166667 1.2166667 1.2166667 1.2166667 1.2166307 0.43000046 0.43000554 0.44268392 1.2129385 1.2433864 1.2435894 1.2811516 1.3299997 1.33 1.33 1.0666667 1.0666667 1.0666667 1.0666667 1.0666667 1.1066667 1.1066667 1.0833333 1.0833333 1.0833333 1.0833333 1.1433333 1.1433333 1.1433333
1.6933333 1.149068 1.13 1.13 1.13 0.8678783 0.46 0.46 0.46 0.46 0.46001024 1.5733333 1.5733333 1.5733333 1.5733333 1.5733333 1.5699722 0.79666667 0.79666667 0.79666667 0.79666667 0.79666667 1.4516369 1.2204364 1.2166667 1.2166667 1.2166667 1.2166667 1.2166667 1.2166667 1.2166667 1.2166667 1.2166667 0.43022026 0.43 0.43000011 0.44748896 1.1200583 1.2164613 1.2433334 1.2433336 1.3299981 1.33 1.33 1.0666831 1.0666667 1.0666667 1.0666667 1.0666667 1.0961216 1.0833333 1.0833333 1.0833333 1.0833333 1.0833333 1.1433333 1.1433333 1.1433333
1.6933324 1.1676003 1.13 1.13 1.1299989 0.47061098 0.46 0.46 0.46 0.46000001 1.5733321 1.5733333 1.5733333 1.5733333 1.5733333 1.5733333 1.5733333 1.5733128 0.79888566 0.79666753 0.7966667 0.79666668 1.2124041 1.2166667 1.2166667 1.2166667 1.2166667 1.2166667 1.2166667 1.2166667 1.2166667 1.2166667 1.215197 0.43 0.43 0.43 0.47073946 0.49954171 1.2133334 1.2144067 1.2433333 1.2433333 1.33 1.33 1.3194293 1.0666667 1.0666667 1.0666667 1.0666667 1.083114 1.0833333 1.0833333 1.0833333 1.0833333 1.0833333 1.1432162 1.1433333 1.1433333
