EBird Region Approach/spi files/9-11|21_1.tif
NCOLS 121
NROWS 95
XLLCORNER -137.04393
YLLCORNER 23.663691
DX 0.49677396
DY 0.49847026
NODATA_VALUE -9999
[rows 54 to 80 of 95, columns 0 to 60 of 121]
1.083531 0.7487097 0.27281559 0.10530399 0.11384877 0.17097589 0.26437211 0.39727992 0.55337714 0.69236692 0.78598892 0.84445586 0.83392097 0.63523777 0.61698433 0.61666891 0.61666665 0.61666666 0.61666667 0.61666667 0.61666667 0.61666667 0.61666667 0.61666667 0.61666667 0.61666667 0.61666667 0.61666667 0.49180422 0.41333333 0.41333333 0.55199979 0.55313001 0.42666667 0.42666667 0.42666667 0.42666616 0.35333333 0.35333333 0.35336106 0.4 0.4 0.4 0.39602475 0.41998868 0.41777471 -0.22333333 -0.22333333 0.09 0.09 0.09 -0.0684872 -0.13333333 -0.13333333 -0.13333333 -0.13333343 -0.13667958 -0.55 -0.55 -0.55 -0.43
0.87541118 0.44273318 0.17122019 0.13486839 0.17845311 0.25685906 0.3666686 0.5003288 0.6342676 0.74138314 0.80130094 0.69602772 0.62030205 0.61669492 0.61664913 0.61666214 0.61666585 0.61666655 0.61666665 0.61666666 0.61666667 0.61666667 0.61666667 0.61666667 0.61666667 0.61666667 0.61666519 0.38333333 0.38333333 0.38333338 0.55333333 0.55333333 0.55333333 0.42666667 0.42666667 0.42666667 0.42666576 0.35333333 0.35333333 0.35333333 0.4 0.4 0.4 0.42 0.42 0.42 0.42 0.09 0.09 0.09 0.2 0.2 -0.13333333 -0.13333333 -0.13333333 -0.13356046 -0.13666667 -0.13666667 -0.13666667 -0.1366669 -0.43
0.60352948 0.27089702 0.16807047 0.1888264 0.2534593 0.34550333 0.45945733 0.58198222 0.68970395 0.719632 0.63143995 0.61189062 0.61237594 0.61381018 0.61499608 0.61583388 0.61633099 0.61656512 0.61664589 0.6166641 0.61666642 0.61666659 0.61666658 0.6166661 0.61633469 0.38333736 0.38333333 0.38333333 0.38333333 0.38333333 0.55333333 0.55333333 0.55333333 0.42666667 0.42666667 0.42666667 0.42658784 0.35333333 0.35333333 0.35333333 0.39999124 0.41815647 0.42 0.42 0.42 0.42 0.42 0.42 0.09 0.090012232 0.2 0.2 0.19999245 -0.13333333 -0.13333333 -0.13261071 -0.13666667 -0.13666667 -0.13666667 -0.13664685 0.06
0.39346211 0.22040221 0.20520289 0.25387367 0.33155092 0.42993773 0.54035903 0.62464375 0.60695113 0.58461968 0.58132405 0.58059886 0.58000772 0.57938374 0.57872099 0.57802317 0.57729789 0.57655829 0.5758257 0.57513363 0.57453419 0.57410625 0.57371231 0.49589014 0.38333587 0.38333333 0.38333333 0.38333333 0.38333333 0.38333333 0.55333333 0.55333333 0.55333333 0.42666673 0.42666667 0.42666667 0.42080831 0.35333333 0.35333333 0.35333333 0.41040009 0.42 0.42 0.42 0.42 0.42 0.42 0.42 0.09000012 0.2 0.2 0.2 0.2 0.18666667 0.18666667 0.18666667 0.18576868 -0.13666667 -0.13666667 0.06 0.06
0.29412779 0.23223627 0.26030066 0.32787364 0.42400489 0.53345882 0.57680568 0.57404129 0.57192615 0.5712804 0.57088907 0.57058352 0.5703527 0.57019197 0.57009136 0.57003651 0.57001158 0.57000269 0.57000041 0.57000003 0.57 0.57 0.57 0.57 0.57 0.5699985 0.38333728 0.38333333 0.38333333 0.38333333 0.55333333 0.55333333 0.55333249 0.32667998 0.41916817 0.30675943 0.30666667 0.30690647 0.35333333 0.35333333 0.42 0.42 0.42 0.42 0.42 0.42 0.42 0.42 -0.1420592 0.19999387 0.2 0.2 0.19446614 0.18666667 0.18666667 0.18666667 0.18666667 0.18663713 0.059999999 0.06 0.06
0.27599479 0.28417649 0.36268939 0.48479799 0.55879226 0.57059658 0.57063404 0.57034061 0.57019907 0.57011324 0.57005889 0.57002717 0.57001077 0.57000352 0.5700009 0.57000017 0.57000002 0.57 0.57 0.57 0.57 0.57 0.57 0.57 0.57 0.57 0.57 0.57 0.56405788 0.45830204 0.57665956 0.32666667 0.32666667 0.32666667 0.32666667 0.30666667 0.30666667 0.30666667 0.30666667 0.30667803 0.3942985 -0.035854993 -0.10999864 -0.11 -0.11 0.013251752 0.42 -0.2199844 -0.22 -0.22 -0.22 -0.20825817 -0.10666667 0.18202961 0.18666667 0.18666667 0.18666667 0.18666667 0.06 0.06 0.06
0.35679027 0.46345946 0.54576672 0.56752409 0.57010192 0.57015536 0.57008649 0.5700463 0.57002328 0.57001053 0.57000415 0.57000138 0.57000037 0.57000007 0.57000001 0.57 0.57 0.57 0.57 0.57 0.57 0.57 0.57 0.57 0.57 0.57 0.57 0.57 0.57 0.57666667 0.57666667 0.33015118 0.32666667 0.32666667 0.32666667 0.30666667 0.30666667 0.30666667 0.30666667 0.30666667 -0.11 -0.11 -0.11 -0.11 -0.11 -0.11 -0.26 -0.25999124 -0.22 -0.22 -0.22 -0.10841014 -0.10666667 -0.10666667 -0.10650915 -0.096663388 -0.096666638 -0.09666646 0.059449748 0.06 0.06
0.53602882 0.56375191 0.56935067 0.57003292 0.5700521 0.57002912 0.57001472 0.57000686 0.57000285 0.57000102 0.57000031 0.57000007 0.57000001 0.57 0.57 0.57 0.57 0.57 0.57 0.57 0.57 0.57 0.57 0.57 0.57 0.57 0.57 0.57 0.57000003 0.57666667 0.57666667 0.57666667 0.32666667 0.32666667 0.32666667 0.30666667 0.30666667 0.30666667 0.30666667 0.30666667 -0.11 -0.11 -0.11 -0.11 -0.11 -0.11000084 -0.26 -0.26 -0.2597065 -0.22 -0.22 -0.10666676 -0.10666667 -0.10666667 -0.096666667 -0.096666667 -0.096666667 -0.096666667 -0.39 -0.39 -0.38999863
0.56808994 0.56978706 0.57001404 0.57002144 0.57001195 0.57000581 0.57000257 0.570001 0.57000033 0.57000009 0.57000002 0.57 0.57 0.57 0.57 0.57 0.57 0.57 0.57 0.57 0.57 0.57 0.57 0.57 0.57 0.57 0.57 0.57 0.57666376 0.57666667 0.57666667 0.57666667 0.32702461 0.32666667 0.32666667 0.30666667 0.30666667 0.30666667 0.30666667 0.30666666 -0.11 -0.11 -0.11 -0.11 -0.11 -0.25999982 -0.26 -0.26 -0.26 -0.22000164 -0.22 -0.10666697 -0.10666667 -0.10666667 -0.096666667 -0.096666667 -0.096666667 -0.28259585 -0.39 -0.39 -0.39
0.56991373 0.57000615 0.57000988 0.57000549 0.57000256 0.57000106 0.57000038 0.57000011 0.57000002 0.57 0.57 0.57 0.57 0.57 0.57 0.57 0.57 0.57 0.57 0.57 0.57 0.57 0.57 0.57 0.57 0.57 0.57 0.57 0.57666667 0.57666667 0.57666667 0.57666667 0.57666667 0.32666667 0.32666667 0.30666667 0.30666667 0.30666667 0.30666667 -0.44616288 -0.44666607 -0.11435043 -0.11 -0.11 -0.11 -0.26 -0.26 -0.26 -0.26 -0.26 -0.87999995 -0.87993141 -0.10666667 -0.097642471 -0.096666667 -0.096666667 -0.096666667 -0.39 -0.39 -0.39 -0.39
0.57000198 0.57000456 0.5700025 0.57000107 0.57000037 0.57000009 0.56999999 0.56999998 0.56999999 0.56999999 0.57 0.57 0.57 0.57 0.57 0.57 0.57 0.57 0.57 0.57 0.57 0.57 0.57 0.57 0.57 0.57 0.57 0.57000003 0.57666667 0.57666667 0.57666667 0.57666667 0.57666667 0.37694285 0.32642967 0.30666624 0.30666667 0.30666667 -0.4466423 -0.44666667 -0.44666667 -0.44666667 -0.44666667 -0.44666592 -0.1175345 -0.26 -0.26 -0.26 -0.26 -0.88 -0.88 -0.88 -0.87861176 -0.33 -0.33 -0.33 -0.32997193 -0.39 -0.39 -0.39 -0.39
0.57000161 0.57000082 0.57000021 0.56999995 0.56999989 0.56999991 0.56999994 0.56999997 0.56999999 0.57 0.57 0.57 0.57 0.57 0.57 0.57 0.57 0.57 0.57 0.57 0.57 0.57 0.57 0.57 0.57 0.57 0.57 0.57051752 0.57666665 0.57666666 0.57666665 0.57666445 0.0060212231 0.0033333333 0.0033333333 0.0033333333 0.0033333343 -0.44550428 -0.44666667 -0.44666667 -0.44666667 -0.44666667 -0.44666667 -0.44666667 -0.44666667 -0.38648782 -0.3865311 -0.38605197 -0.88 -0.88 -0.88 -0.88 -0.86420323 -0.33 -0.33 -0.33 -0.33 -0.39 -0.39 -0.39 -0.39000081
0.56999962 0.56999955 0.56999961 0.56999972 0.56999982 0.5699999 0.56999995 0.56999998 0.56999999 0.57 0.57 0.57 0.57 0.57 0.57 0.57 0.57 0.57 0.57 0.57 0.57 0.57 0.57 0.57 0.57 0.57 0.568165 0.073340823 0.073333339 0.073333333 0.073333333 0.073333333 0.0033453692 0.0033333333 0.0033333333 0.0033333333 0.0033333333 0.0018159642 -0.44666667 -0.44666667 -0.44666667 -0.44666667 -0.44666667 -0.44666667 -0.44666201 -0.38666667 -0.38666667 -0.38666667 -0.38666676 -0.88 -0.88 -0.88 -0.5008775 -0.33 -0.33 -0.33 -0.33 -0.33024744 -0.39 -0.39000654 -0.93
0.56999889 0.56999922 0.56999949 0.56999969 0.56999983 0.56999991 0.56999996 0.56999998 0.56999999 0.57 0.57 0.57 0.57 0.57 0.57 0.57 0.57 0.57 0.57 0.57 0.57 0.57 0.57 0.56999997 0.56993984 0.11361896 0.073333338 0.073333333 0.073333333 0.073333333 0.073333333 0.073333333 0.073045323 0.0033333333 0.0033333333 0.0033333333 0.0033333333 0.0033333321 -0.44666667 -0.44666667 -0.44666667 -0.44666667 -0.44666667 -0.44625329 -0.36905673 -0.38666667 -0.38666667 -0.38666667 -0.38666667 -0.39078009 -0.88 -0.88 -0.35235986 -0.33 -0.33 -0.33 -0.33 -0.35333333 -0.35333333 -0.38061177 -0.93
0.56999863 0.56999911 0.56999945 0.56999968 0.56999982 0.5699999 0.56999995 0.56999997 0.56999999 0.56999999 0.57 0.57 0.57 0.57 0.57 0.57 0.57 0.57 0.57 0.57 0.56999997 0.56999944 0.56994833 0.53492522 0.073900164 0.073333335 0.073333333 0.073333333 0.073333333 0.073333333 0.073333333 0.073333333 0.073333333 0.0033333333 0.0033333333 0.0033333333 0.0033333333 0.0033333333 -0.44663588 -0.44472273 -0.3066729 -0.30666667 -0.30666667 -0.30666667 -0.30666667 -0.38666667 -0.38666667 -0.38666667 -0.38666667 -0.38666667 -0.83454266 -0.52127897 -0.33 -0.33 -0.33 -0.33003295 -0.35333333 -0.35333333 -0.35333333 -0.35333333 -0.92999989
0.56999822 0.56999881 0.56999922 0.56999949 0.56999967 0.56999979 0.56999986 0.5699999 0.56999993 0.56999995 0.56999996 0.56999996 0.56999997 0.56999997 0.56999996 0.56999995 0.56999992 0.56999979 0.56999918 0.56999381 0.56988918 0.56373862 0.18601446 0.073406466 0.073333336 0.073333333 0.073333333 0.073333333 0.073333333 0.073333333 0.073333333 0.073333333 0.073333333 0.0033333333 0.0033333333 0.0033333333 0.0033333333 0.0033333333 -0.30666479 -0.30666667 -0.30666667 -0.30666667 -0.30666667 -0.30666667 -0.30716568 -0.50666667 -0.50666667 -0.3866686 -0.38666667 -0.38666667 -0.35014621 -0.33 -0.33 -0.33 -0.33 -0.3300741 -0.35333333 -0.35333333 -0.35333333 -0.35333333 -0.35696526
0.56999691 0.5699977 0.56999826 0.56999867 0.56999896 0.56999916 0.56999931 0.56999941 0.56999947 0.5699995 0.5699995 0.56999946 0.56999935 0.56999911 0.56999853 0.56999693 0.56999127 0.56996279 0.56973063 0.56613818 0.46229145 0.088877867 0.073366451 0.073333344 0.073333333 0.073333333 0.073333333 0.073333333 0.073333333 0.073333333 0.073333333 0.073333333 0.073333333 0.0060560728 0.0033333333 0.0033333333 0.003332921 -0.18333323 -0.26189692 -0.29667086 -0.30404497 -0.30666667 -0.30666667 -0.30666667 -0.50666664 -0.50666667 -0.50666667 -0.50666667 -0.50666667 -0.34333368 -0.34328342 -0.33 -0.33 -0.33 -0.33 -0.33 -0.35333333 -0.35333333 -0.35333333 -0.35333333 -0.35352542
0.56999283 0.56999395 0.56999481 0.56999544 0.56999589 0.56999618 0.56999633 0.56999631 0.56999609 0.56999558 0.56999458 0.56999261 0.56998851 0.56997886 0.56995187 0.5698564 0.56939643 0.56610108 0.52929389 0.23793018 0.077854491 0.073362007 0.073333381 0.073333333 0.073333333 0.073333333 0.073333333 0.073333333 0.073333333 0.073333333 0.073333333 0.073333333 0.073333333 0.073098025 0.0033333357 -0.18304762 -0.18333333 -0.18333333 -0.18333333 -0.29666667 -0.29666667 -0.29666667 -0.29666667 -0.29666671 -0.50666667 -0.50666667 -0.50666667 -0.50666667 -0.34333652 -0.34333333 -0.34333333 -0.33 -0.33 -0.33 -0.33 -0.33 -0.35333333 -0.35333333 -0.35333333 -0.35333333 -0.35345404
0.5699807 0.56998206 0.56998294 0.56998335 0.56998324 0.5699825 0.56998089 0.56997799 0.56997292 0.56996387 0.56994672 0.56991111 0.56982724 0.56959448 0.56879845 0.56526947 0.54430034 0.40846635 0.13289732 0.075605838 0.073367599 0.073333528 0.073333334 0.073333333 0.073333333 0.073333333 0.073333333 0.073333333 0.073333333 0.073333333 0.073333333 0.073333333 0.073333333 0.073303819 -0.18333333 -0.18333333 -0.18333333 -0.18333333 -0.18333333 -0.29639531 -0.29666667 -0.29666667 -0.29666667 -0.29666667 -0.50666333 -0.50666667 -0.50666667 -0.50573142 -0.34333333 -0.34333333 -0.34333333 -0.34333333 -0.33 -0.33 -0.33 -0.33 -0.440863 -0.59664823 -0.59666667 -0.59666667 -0.60067107
0.56994585 0.56994546 0.56994357 0.56993976 0.56993324 0.56992266 0.56990552 0.56987693 0.56982683 0.5697325 0.56953741 0.56908306 0.56785729 0.56390906 0.54841913 0.4792901 0.26642464 0.10088085 0.074932944 0.073380996 0.073334017 0.073333338 0.073333333 0.073333333 0.073333333 0.073333333 0.073333333 0.073333333 0.073333333 0.073333333 0.073333333 0.073333333 0.073332947 -0.18333314 -0.18333333 -0.18333333 -0.18333333 -0.18333333 -0.18333333 -0.18333333 -0.29666667 -0.29666667 -0.29666667 -0.29666667 -0.41666638 -0.41666667 -0.41666667 -0.34333333 -0.34333333 -0.34333333 -0.34333333 -0.33802819 -0.21666667 -0.21666667 -0.21666667 -0.21666667 -0.59666667 -0.59666667 -0.59666667 -0.59666667 -0.81333296
0.56984851 0.56983634 0.56981753 0.56978892 0.56974499 0.5696757 0.56956173 0.56936342 0.56899274 0.56823587 0.5665165 0.56208946 0.54902131 0.50607346 0.37753918 0.18064787 0.089671003 0.074716356 0.073403962 0.0733354 0.073333365 0.073333334 0.073333333 0.073333333 0.073333333 0.073333333 0.073333333 0.073333333 0.073333333 0.073333333 0.073333333 0.073332947 -0.18212044 -0.18333333 -0.18333333 -0.18333333 -0.18333333 -0.18333333 -0.18333333 -0.18333333 -0.29643823 -0.29666667 -0.29666667 -0.36832216 -0.41666667 -0.41666667 -0.41666667 -0.41666667 -0.34333333 -0.29356824 -0.29333333 -0.28029467 -0.21666667 -0.21666667 -0.21666667 -0.21666667 -0.59666667 -0.59666667 -0.59666667 -0.59666667 -0.81333333
0.56958491 0.5695223 0.56943022 0.56929145 0.56907501 0.56872193 0.56811302 0.56699006 0.56474821 0.55984692 0.54803709 0.51715651 0.43718704 0.28254552 0.13889215 0.084978826 0.074689506 0.073439828 0.07333876 0.073333503 0.073333336 0.073333333 0.073333333 0.073333333 0.073333333 0.073333333 0.073333333 0.073333333 0.073333333 0.073333333 0.07333216 -0.083816422 -0.18333333 -0.18333333 -0.18333333 -0.18333333 -0.18333333 -0.18333333 -0.18333333 -0.18333333 -0.1833346 -0.29666666 -0.29669933 -0.41666667 -0.41666667 -0.41666667 -0.41666667 -0.41666667 -0.29333333 -0.29333333 -0.29333333 -0.29333333 -0.21666667 -0.21666667 -0.21666667 -0.21666667 -0.59666667 -0.59666667 -0.59666667 -0.59819379 -0.81333333
0.56889581 0.5686547 0.56829508 0.56773901 0.56684076 0.56531257 0.5625519 0.55721736 0.54615356 0.52175784 0.46720662 0.35961468 0.2169174 0.11830895 0.082776477 0.074769454 0.073492939 0.073345936 0.073334012 0.073333357 0.073333333 0.073333333 0.073333333 0.073333333 0.073333333 0.073333333 0.073333333 0.073333333 0.073333326 0.073328991 0.043938565 -0.18331967 -0.18333333 -0.18333333 -0.18333333 -0.18333333 -0.18333333 -0.18333333 -0.18333333 -0.18333333 -0.18333334 -0.29224822 -0.4166665 -0.41666667 -0.41666667 -0.41666667 -0.41666667 -0.41666667 -0.29333334 -0.29333333 -0.29333333 -0.29333333 -0.21690669 -0.39999997 -0.4 -0.4 -0.53465904 -0.59666528 -0.40666755 -0.40666667 -0.79403115
0.5671661 0.56636791 0.56514626 0.56319912 0.55994924 0.55424245 0.54368155 0.52321727 0.48280292 0.4072391 0.29236022 0.17649059 0.10743921 0.081708865 0.074926257 0.07356837 0.073359689 0.073335512 0.073333459 0.073333336 0.073333332 0.073333333 0.073333333 0.073333333 0.073333333 0.073333333 0.07333333 0.073333216 0.073318812 0.063950441 -0.18195115 -0.1833333 -0.18333333 -0.18333333 -0.18333333 -0.18333333 -0.18333333 -0.18333333 -0.18333333 -0.18333333 -0.18333333 -0.3267674 -0.41666667 -0.41666667 -0.41666667 -0.41666667 -0.41666667 -0.41666667 -0.29333592 -0.29333333 -0.29333333 -0.29392295 -0.4 -0.4 -0.4 -0.4 -0.4 -0.40666667 -0.40666667 -0.40666667 -0.40666667
0.56302645 0.56066898 0.55697759 0.55096861 0.54079236 0.5229471 0.49107994 0.43550733 0.34863633 0.24209348 0.15195509 0.10131831 0.081240456 0.075148647 0.073671692 0.073383759 0.073339205 0.073333845 0.073333359 0.073333329 0.07333333 0.073333331 0.073333331 0.073333331 0.073333324 0.073333272 0.073332355 0.073292326 0.067915468 -0.1626808 -0.18332415 -0.18333333 -0.18333333 -0.18333333 -0.18333333 -0.18333333 -0.18333333 -0.18333333 -0.18333333 -0.18333333 -0.18333334 -0.41588423 -0.41666667 -0.41666667 -0.41666667 -0.41666667 -0.41666667 -0.41666667 -0.29352627 -0.29333333 -0.29333334 -0.4 -0.4 -0.4 -0.4 -0.4 -0.4 -0.40666667 -0.40666667 -0.40666667 -0.40666667
0.55368371 0.54744431 0.53759628 0.52163167 0.4953409 0.45246032 0.38657669 0.29874875 0.20687789 0.13672033 0.097722053 0.081130492 0.075432838 0.073808714 0.073422812 0.073347084 0.073335 0.073333467 0.073333322 0.073333316 0.073333318 0.073333316 0.073333302 0.073333236 0.073332813 0.073328302 0.073234972 0.068969187 -0.099477647 -0.18298127 -0.18333302 -0.18333333 -0.18333333 -0.18333333 -0.18333333 -0.18333333 -0.18333333 -0.18333333 -0.18333333 -0.18333333 -0.1833376 -0.41663184 -0.41666667 -0.41666667 -0.41666667 -0.41666667 -0.41666667 -0.41666665 -0.29532343 -0.29333334 -0.39753943 -0.4 -0.4 -0.4 -0.4 -0.4 -0.4 -0.40666667 -0.40666667 -0.40666667 -0.40666667
0.53417256 0.51964227 0.49723007 0.46276688 0.41153119 0.34153255 0.25952799 0.18261949 0.12696412 0.095580148 0.081259081 0.075778222 0.073985236 0.073482265 0.073362065 0.073337877 0.073333847 0.073333311 0.07333326 0.073333251 0.073333219 0.073333108 0.073332688 0.073330586 0.073315057 0.073128098 0.069133278 -0.03255397 -0.17947024 -0.18331535 -0.1833333 -0.18333333 -0.18333333 -0.18333333 -0.18333333 -0.18333333 -0.18333333 -0.18333333 -0.18333333 -0.18333333 -0.18425892 -0.41666008 -0.41666667 -0.41666667 -0.41666667 -0.41666667 -0.41666667 -0.41666446 -0.30045999 -0.29670028 -0.39999981 -0.4 -0.4 -0.4 -0.4 -0.4 -0.4 -0.40666667 -0.40666667 -0.40666667 -0.40666667
