EBird Region Approach/spi files/9-11|22_3.tif
NCOLS 121
NROWS 95
XLLCORNER -137.04393
YLLCORNER 23.663691
DX 0.49677396
DY 0.49847026
NODATA_VALUE -9999
[rows 26 to 51 of 95, columns 0 to 57 of 121]
0.28328088 -0.45903264 -0.54666583 -0.54666667 -0.54670944 -0.5865857 -0.58666667 -0.58666667 -0.58666667 -1.0219448 -1.2033333 -1.2033333 -1.2033333 -1.2033333 -1.2033333 -1.2033333 -1.2033333 -1.2033333 -1.2033701 -1.740113 -2.1581882 -2.1879368 -2.4575701 -2.4466676 -2.4466667 -2.4466667 -2.4466667 -2.4466667 -2.4466667 -2.4466667 -2.4466667 -2.4462863 -1.8686777 -1.4766667 -1.4766667 -1.4766667 -0.69610828 -0.69333333 -0.94999985 -0.95 -0.96797999 -1.4266667 -1.4272543 -1.7466666 -1.7358955 -2.0333333 -2.0333333 -2.0333333 -2.0333333 -0.69 -0.69 -0.69 -1.6184868 -2.4224486 -0.7066683 -0.70666668 -1.629268 -1.6333315
0.28274316 -0.42648132 -0.5466482 -0.54668934 -0.58545485 -0.71009107 -0.61376818 -0.59048556 -0.59213347 -1.2033307 -1.2033333 -1.2033333 -1.2033333 -1.2033333 -1.2033333 -1.2033333 -1.2033333 -1.2033333 -1.2033333 -1.2022072 -2.4690515 -2.47 -2.4700002 -2.5788573 -2.7751417 -2.5471319 -2.4469133 -2.4466667 -2.4466667 -2.4466667 -2.0604124 -2.06 -2.06 -1.4766667 -1.4766667 -1.4766667 -0.69333333 -0.69333333 -0.52046316 -0.95 -0.95 -1.3070923 -1.418927 -0.28666667 -0.28666667 -0.28666667 -2.0331487 -2.0333333 -0.69000008 -0.69 -0.69 -0.69 -0.69012815 -0.70666667 -0.70666667 -0.70666667 -1.5149467 -1.5166667
0.28021236 -0.58303179 -1.0088702 -1.0099997 -1.01 -1.01 -1.01 -1.01 -1.0099921 -0.93098143 -1.1859688 -1.2033258 -1.2033333 -1.2033333 -1.2033333 -1.2033333 -1.2033333 -0.99285819 -0.30671856 -0.3125392 -2.4699723 -2.47 -2.47 -2.4701614 -2.7933331 -2.7933333 -2.7933333 -2.7933333 -2.7933333 -2.7731569 -2.06 -2.06 -2.06 -2.06 -1.4766667 -1.4766667 -0.69333333 -0.69333333 -0.52 -0.52 -0.52081365 -0.94783841 -0.28666667 -0.28666667 -0.28666667 -0.28666667 -0.28666667 -0.32766964 -0.69 -0.69 -0.69 -0.69 -0.87333333 -0.70666667 -0.70666667 -0.70666667 -1.5166667 -1.5166667
-1.0064891 -1.01 -1.01 -1.01 -1.01 -1.01 -1.01 -1.01 -1.0099999 -0.95851958 -0.55775797 -0.56999947 -0.56999971 -0.56999833 -0.5700283 -0.30671156 -0.30666667 -0.30666667 -0.30666667 -0.30792383 -2.4699999 -2.47 -2.47 -2.47 -2.7933078 -2.7933333 -2.7933333 -2.7933333 -2.7933333 -2.7933333 -2.06 -2.06 -2.06 -2.06 -1.9533333 -1.4133333 -1.4136066 -1.9166667 -1.3566667 -0.22666667 -0.97666663 -0.9766683 -0.28666667 -0.28666667 -0.28666667 -0.28666667 -1.6245813 -1.6733281 -1.4512133 -0.69000277 -0.82554176 -0.87333333 -0.87333333 -0.70666667 -0.70666667 -0.70717988 -1.5166667 -1.5166667
-1.0099998 -1.01 -1.01 -1.01 -1.01 -1.01 -1.01 -1.01 -1.01 -0.97306361 0.0098184909 -0.56999999 -0.57 -0.56999997 -0.5699453 -0.30666668 -0.30666667 -0.30666667 -0.30666667 -0.30681708 -2.47 -2.47 -2.47 -2.47 -2.5606802 -2.7933333 -2.7933333 -2.7933333 -2.7933333 -2.7933333 -2.0601264 -2.06 -2.06 -1.3766667 -1.3766667 -0.65333333 -1.1966667 -0.55001941 -0.74333333 -0.97666667 -0.97666667 -1.8133333 -1.8133333 -0.28669174 -1.7233333 -1.7233333 -1.723259 -1.6733333 -1.5566705 -1.5923547 -2.1051514 -0.72 -0.72 -0.72 -0.72 -1.5166667 -1.5166667 -1.5166667
-1.0099995 -1.01 -1.01 -1.01 -1.01 -1.01 -1.01 -1.01 -1.01 -0.97090853 0.34999928 -0.57 -0.57 -0.57 -0.56824752 -0.30666667 -0.30666667 -0.30666667 -0.30666667 -0.30667812 -2.47 -2.47 -2.47 -2.47 -2.47 -2.7933333 -2.7933333 -2.7933333 -2.7933333 -2.7933333 -2.7933333 -2.0599979 -1.3766736 -1.3766667 -1.3598068 -1.12 -0.95333333 -0.93 -0.75666661 -0.88666667 -0.88666667 -1.8133333 -1.8099787 -1.4204241 -1.7233333 -1.7233331 -1.6733333 -1.6733333 -1.5566667 -1.5577938 -2.1066667 -0.77681957 -0.72 -0.72 -0.72 -1.5166648 -1.5166667 -1.5166667
-1.0099968 -1.0099997 -1.01 -1.01 -1.01 -1.01 -1.01 -1.01 -1.01 -0.71567254 0.35 -0.56983209 -0.57 -0.57 -0.35032772 -0.30666667 -0.30666667 -0.30666667 -0.30666667 -0.30666859 -2.47 -2.47 -2.47 -2.47 -2.47 -2.7933333 -2.7933333 -2.7933333 -2.7933333 -2.7933241 -2.4767715 -1.4407386 -1.3766667 -1.3749768 -0.95 -0.95 -0.95333333 -0.93000092 -0.75666667 -0.756861 -0.88666667 -1.3666667 -1.3666667 -1.3666626 -1.07 -1.0707118 -1.6733333 -1.6733333 -1.5566667 -1.5566671 -2.1066667 -1.3466667 -2.0033333 -2.0033333 -2.0036774 -1.9 -1.9169834 -1.98
-1.0099659 -1.0099951 -1.0099997 -1.01 -1.01 -1.01 -1.01 -1.01 -1.01 0.34930267 0.35 0.35 0.48333333 -0.34333333 -0.67998932 -0.30666667 -0.30666667 -0.30666667 -0.30666667 -0.30667477 -2.47 -2.47 -2.47 -2.47 -2.47 -2.628327 -2.7833462 -2.4766667 -2.4766667 -2.4766667 -2.4766667 -2.4766667 -1.0275729 -0.95 -0.95 -0.95 -0.948095 -0.88666667 -0.75666737 -0.75666674 -0.88407369 -1.3666667 -1.3666667 -1.33 -1.7666667 -1.6866667 -1.3766667 -1.08 -1.8066667 -1.7766667 -1.4933333 -1.3833333 -2.0033333 -2.1457115 -2.1766506 -1.9 -1.9 -1.98
-1.0094012 -1.0097992 -1.0099532 -1.0099939 -1.0099997 -1.01 -1.01 -1.01 -0.68667769 0.056674237 0.35 0.35 -0.77666667 -0.68 -0.68 -0.30705564 -0.30666667 -0.30666667 -0.30666667 -0.30724841 -2.47 -2.47 -2.47 -2.47 -2.47 -2.4477523 -2.4766667 -2.4766667 -2.4766667 -2.4766667 -2.4766667 -2.4733311 -1.5439055 -0.95 -0.95 -0.918 -0.88666667 -0.88666667 -0.88666679 -0.046851127 0.10666667 0.10666667 -1.33 -1.5133333 -1.4399228 -1.61 -1.3933333 -1.7033333 -1.8833333 -1.9566667 -1.4936328 -2.3632107 -2.2866667 -2.1566667 -2.1766667 -1.9 -1.9 -1.98
-0.99679829 -0.99837706 -0.9980748 -0.9921521 -0.94206619 -0.15323142 0.056665772 0.056666667 0.056666667 0.056666667 -0.78333333 -0.78333333 -0.77666667 -0.77666667 -0.77666667 -1.7766366 -1.7799561 -1.7356057 -0.45300101 0.15999999 0.15863164 -2.47 -2.47 -2.47 -1.9239948 -1.9233333 -1.924288 -2.3765473 -1.07 -1.07 -1.07 -1.070001 -1.4755985 -2.0934826 -2.0999958 -0.95143138 -0.97666666 -0.97666667 -1.3395728 -1.4826721 0.10666667 0.10666667 0.10666667 -1.7566609 -2.1396703 -1.6466667 -1.86 -1.8966667 -1.6133333 -1.88 -1.6842113 -2.02 -2.12 -2.24 -2.0733333 -0.49666667 -1.34 -1.61
-0.78628975 -0.6261405 -0.28898498 0.010096693 0.056062608 0.056666554 0.056666667 0.056666667 0.056666667 0.056662057 -0.78333333 -0.78333333 -0.77666673 -0.77666667 -0.77666668 -1.78 -1.78 -1.5933723 -0.48643667 0.16 0.16 0.16 -2.4698811 -1.9193494 -1.9233333 -1.9233333 -1.9233333 -1.0700003 -1.07 -1.07 -1.1477202 -1.6333333 -1.6333216 -1.5771 -2.1 -2.1 -1.7591127 -1.34 -1.34 -1.4833333 -1.4833333 -1.3866667 -1.3866667 -1.7566667 -1.756653 -1.5349609 -1.49 -1.6733333 -2.3566667 -2.5066667 -1.9266667 -2.24 -1.5733333 -1.23 -1.3266667 -0.49666667 -0.79327765 -1.61
-0.15016181 -0.0028875334 0.049407806 0.056419941 0.056665589 0.056666666 0.056666667 0.056666667 0.056666667 -0.78284767 -0.78333333 -0.78333333 -0.78333332 -0.77666667 -1.78 -1.78 -1.78 -0.48666667 -0.48666667 0.16 0.16 0.16 -0.27255074 -0.63885034 -1.918583 -1.9233333 -1.9233333 -1.9233333 -1.0713435 -1.6333333 -1.6333333 -1.6333333 -1.576684 -1.5766667 -2.0996713 -2.1 -2.1 -1.34 -1.34 -1.4833333 -2.0766667 -2.0755078 -1.3866667 -1.3 -1.6433333 -1.6066667 -2.2966667 -2.2666667 -2.3933333 -1.7533333 -1.77 -1.913464 -0.71333333 -1.17 -0.62333333 -0.77960988 -0.79333333 -0.79333333
0.031463073 0.052352777 0.056324549 0.056657648 0.056666616 0.056666667 0.056666667 0.056666667 0.056665659 -0.78330451 -0.78333333 -0.78333333 -0.78333333 -1.5473956 -1.7800004 -1.78 -1.78 -0.48666667 -0.48666664 0.16 0.16 0.16 -2.2905477 -0.63666667 -0.63666667 -0.63666667 -1.9233333 -1.9233333 -1.6333333 -1.6333333 -1.6333333 -1.959955 -1.5766139 -1.5766667 -1.5766667 -2.1 -2.1 -2.5553959 -2.5633333 -1.6500002 -1.65 -1.65 -2.5166667 -1.3 -1.5766667 -1.3933333 -1.571398 -1.6633333 -2.0833326 -2.1333333 -1.0266667 -1.0266841 -1.5433089 -1.1133282 -0.67666563 -1.0266667 -1.0266667 -0.6933351
0.052381812 0.056043587 0.05661926 0.056665107 0.056666648 0.056666667 0.056666666 0.056666526 0.05082423 -0.78328426 -0.78333333 -0.78333333 -0.7852005 -1.92 -1.92 -1.92 -1.92 -1.9166898 -0.31333333 -0.31333333 -1.894858 -2.2933333 -2.2933333 -0.65519615 -0.63666667 -0.63666667 -0.63666667 -0.8962514 -2.0432937 -1.9599768 -1.96 -1.4966667 -1.4966655 -1.5766667 -1.5766667 -2.0133329 -2.0133505 -2.5633333 -2.5633333 -2.5633292 -1.6497662 -1.59 -2.3966667 -1.2133333 -0.85 -0.50532287 -2.27 -1.93 -1.33 -0.92333333 -0.84333333 -0.84333333 -1.26 -0.77333333 -0.77331071 -1.0266667 -1.0266667 -0.69333333
0.055512368 0.056495926 0.056651376 0.056665899 0.05666664 0.056666643 0.05666618 0.056560174 -0.16589172 -0.7831963 -0.78333332 -0.78351187 -1.92 -1.92 -1.92 -1.92 -1.92 -1.92 -0.31333333 -1.9066667 -1.9066667 -2.2933333 -2.2933333 -2.2933333 -0.63673732 -0.63666669 -0.64733338 -1.5900318 -2.0433333 -0.63 -0.63 -0.91666667 -0.91666667 -1.24 -1.2400014 -2.0133333 -2.0133333 -2.5633333 -2.5633333 -1.9200032 -1.5900015 -1.5901635 -2.3033333 -0.89867833 -0.96666667 -0.87798461 -1.1366667 -1.03 -0.43 -0.28 -1.0566667 -0.84333325 -0.71 -1.05 -1.0500043 -1.34 -1.34 -0.69333333
0.056199973 0.056588963 0.056657607 0.056665809 0.056666245 0.056664275 0.056614275 0.051597575 -0.53958363 -0.78297078 -0.78351062 -1.9198903 -1.92 -1.92 -1.92 -1.92 -1.92 -0.78 -0.78 -1.9066667 -1.9066667 -2.2933333 -2.2933333 -2.2933333 -2.6539259 -2.3733333 -1.8609292 -1.59 -2.0433333 -2.0433333 -0.63 -0.91666667 -0.91670545 -1.24 -1.2400516 -1.71 -1.71 -1.92001 -1.92 -1.92 -1.9018815 -1.8512604 -0.94723501 -0.89666667 -1.2733333 0.06 -0.2900002 -0.31 -0.45 0.47666667 -0.74001961 -0.82 -0.89281228 -1.3355843 -1.3433333 -0.49 -0.49000008 -1.0585749
0.056404391 0.056614309 0.056657352 0.056662763 0.056656616 0.056596974 0.055472931 0.0065040291 -0.67045411 -0.78287677 -1.898033 -1.92 -1.92 -1.92 -1.92 -1.92 -0.79837328 -0.78 -0.78 -0.78 -2.7833333 -2.7833333 -2.2933333 -2.69 -2.69 -2.3733333 -2.4766666 -1.8366667 -1.8368047 -2.0434152 -1.9119603 -1.82 -0.92666667 -0.92666667 -1.6166667 -1.6166665 -1.71 -1.9199999 -1.92 -0.71333333 -0.71333333 -1.72 -1.72 -1.72 -0.19333333 -0.12333333 0.03 0.72666667 0.13333333 0.28333333 -0.42333333 -0.59666666 -0.53666667 -0.22790728 -0.72 -0.49 -1 -1
0.056472546 0.056614202 0.056643933 0.056632189 0.05654329 0.0558565 0.046716185 -0.12591217 -0.7114287 -1.6370018 -1.9199941 -1.92 -1.92 -1.92 -1.9199998 -1.8881851 -0.78 -0.78 -0.78 -2.7833333 -2.7833333 -2.7833333 -2.7833333 -2.4466667 -2.4466667 -2.8533333 -1.99 -1.6166667 -1.7036179 -2.3153224 -2.0166667 -1.82 -0.92666667 -0.92666667 -0.80422108 -0.8 -1.4599992 -1.81 -1.81 -0.71333333 -0.71333333 -1.72 -1.72 -1.72 -0.69333329 -0.70380666 -0.55320218 0.04 0.58333333 0.046666667 0.12664959 -0.10333333 0.41666601 -0.49147572 -0.21 -0.99999581 -1 -1
0.05647307 0.056574227 0.056566231 0.056435339 0.055811564 0.051778309 0.01454636 -0.29644969 -1.1835509 -1.9193057 -1.9199995 -1.9199994 -1.9199982 -1.9199656 -1.9044864 -0.78125733 -0.78 -0.78 -0.78008945 -2.7833333 -2.7833333 -2.7833333 -2.7833333 -2.4466667 -2.4466667 -2.8533203 -2.1366667 -1.3466667 -1.1766667 -2.3166667 -2.0166667 -1.9176264 -0.92705271 -0.92666667 -1.46 -1.46 -1.46 -0.93 -1.81 -1.81 -0.94333121 -0.94333333 -1.72 -1.72 -0.6939448 -0.95666641 -0.91884413 0.44 0.17333333 0.17333333 0.13 0.38333333 0.41666667 -0.31333333 -0.077478682 -0.99880039 -1 -0.99999999
0.056382277 0.056410276 0.056238011 0.055580782 0.052850918 0.038306739 -0.054385598 -0.64290728 -1.9062012 -1.9199749 -1.919977 -1.9199336 -1.9194695 -1.8994794 -0.91975087 -0.78002485 -0.78 -0.7800034 -2.7786369 -2.7833333 -2.7833333 -2.7833333 -2.7832602 -2.4466667 -1.056236 -0.99 -0.99 -1.4533333 -1.1466766 -2.3166128 -1.7245056 -2.0155849 -1.2753613 -0.82000001 -0.82 -0.82 -0.82 -0.93 -0.93 -0.93000806 -0.94333333 -0.94333333 -0.94333333 -0.96748762 -0.88378793 -0.93526323 0.043301735 0.43677909 0.1733847 0.17333194 0.13074483 0.38333336 -0.062556646 -0.073333333 -0.073333333 -0.073333333 -0.95141168 -0.46627192
0.056084759 0.055895447 0.055178652 0.05289888 0.044509776 0.0075814315 -0.22590498 -1.7903639 -1.9194361 -1.9197619 -1.9194103 -1.9172588 -1.889276 -1.326755 -0.78592996 -0.78000742 -0.78001001 -0.91418817 -2.7833174 -2.7833333 -2.7833333 -2.7833333 -2.7761994 -1.6872247 -1.5530736 -1.596562 -1.5966667 -1.4533333 -1.6772375 -1.7166667 -1.7166667 -1.5666667 -1.1533345 -1.1533333 -0.82 -0.82 -0.82 -0.93 -0.93 -0.94333103 -0.94333333 -0.94333333 -0.94333333 -0.54683016 -0.54666667 -0.54666667 -0.54666667 -0.54666666 0.21775548 0.17327547 0.15319022 0.38323594 -0.073333333 -0.073333333 -0.073333333 -0.073333333 -0.073333333 -0.45005698
0.05532715 0.054565483 0.052463708 0.046408888 0.026288404 -0.073025871 -1.2774535 -1.9125092 -1.9188058 -1.9175078 -1.9119316 -1.875567 -1.5516651 -0.85821653 -0.78113906 -0.780052 -0.7907756 -2.6726848 -2.7833302 -2.7833333 -2.7833333 -2.7833333 -1.5968584 -1.5966667 -1.5966667 -1.5966667 -1.5966667 -1.5966667 -1.7166667 -1.7166667 -1.7166667 -1.5666667 -1.1533333 -1.1533333 -0.81997879 -0.81999861 -0.81985882 -0.36692785 0.05 0.05 -0.94332746 -0.93256098 -0.10675813 -0.54666665 -0.54666667 -0.54666667 -0.54666667 -0.54666667 -0.54666667 0.17007507 0.18830608 0.72666424 0.72666667 0.72666667 0.72666667 0.72666667 0.72666662 0.72610186
0.053671975 0.051660869 0.046695057 0.033124612 -0.020184172 -0.61131726 -1.8538917 -1.915683 -1.9131625 -1.9028236 -1.8593864 -1.6384487 -1.0426674 -0.79784009 -0.78069789 -0.78554915 -1.3496067 -2.7761225 -2.7833305 -2.7833333 -2.7833332 -1.9822713 -1.5966667 -1.5966667 -1.5966667 -1.5966667 -1.5966667 -1.5966674 -1.6733333 -1.6733333 -1.5666667 -1.5666667 -1.1533333 -1.1533333 -0.69333333 -0.69333333 -0.69333333 0.05 0.05 0.05 -0.10479788 -0.10666667 -0.10666667 -0.10666668 -0.54666667 -0.54666667 -0.54666667 -0.54666667 -0.5466602 -0.27333333 -0.27333333 0.72666664 0.72666667 0.72666667 0.72666667 0.72666667 0.72666667 -0.10999999
0.050482681 0.046110135 0.03560282 0.00093385342 -0.27284223 -1.5942617 -1.9035466 -1.9055892 -1.8901293 -1.8416492 -1.6726265 -1.2345695 -0.86505418 -0.78774572 -0.78589198 -0.91905077 -2.4780996 -2.7815078 -2.7833287 -2.7833322 -2.7220715 -1.5966709 -1.5966667 -1.5966667 -1.5966667 -1.5966667 -1.5966667 -1.6733333 -1.6733333 -1.6733333 -1.6733333 -1.5665909 -1.1533333 -0.84962721 -0.69333333 -0.69333333 -0.69333333 0.05 0.05 0.05 -0.10440523 -0.10666667 -0.10666667 -0.10666667 -0.66536265 -0.54666667 -0.54666667 -0.54666645 -0.27333333 -0.27333333 -0.27333333 -0.27333331 0.72666667 0.72666667 0.72666667 0.72666667 -0.11 -0.11
0.044877518 0.035990205 0.010181936 -0.13769346 -1.0985262 -1.8503143 -1.8934538 -1.8745345 -1.8231238 -1.6851117 -1.3678173 -0.98588786 -0.81816216 -0.79118656 -0.84871586 -1.60942 -2.714557 -2.7823557 -2.7833119 -2.7629813 -1.5593399 -1.5677384 -1.579157 -1.5884659 -1.5937393 -1.5956484 -1.6503279 -1.6733331 -1.6733333 -1.6733333 -1.6733333 -1.6068954 -0.80333333 -0.80333333 -0.80333333 -0.69333338 -0.69333333 -0.66333333 -0.66326341 0.049998709 -0.03 -0.03 -0.03 -0.79 -0.79 -0.79 -0.67333337 -0.33775578 -0.27333333 -0.27333333 -0.27333333 -0.27333333 0.61778783 0.72666667 0.72666667 -0.10996082 -0.11 -0.11
0.035092526 0.01403207 -0.079615215 -0.65552201 -1.6809653 -1.869865 -1.856569 -1.8043931 -1.6874093 -1.4497124 -1.1184704 -0.88555301 -0.81017133 -0.83380973 -1.1533369 -2.3161415 -2.7569928 -2.7564336 -1.4859964 -1.4133519 -1.413334 -1.4133333 -1.4133333 -1.4133333 -1.4133333 -1.4133333 -1.6117767 -1.6333333 -1.6333333 -1.6333333 -1.09 -1.0899733 -0.80333333 -0.80333333 -0.80333333 -0.80333333 -0.66333361 -0.66333333 -0.66333333 -0.66333333 -0.03 -0.03 -0.79 -0.79 -0.79 -0.79 -0.67333333 -0.67333333 -0.27333333 -0.27333333 -0.27333333 -0.27333333 0.23666667 0.23666667 0.23666667 -0.10999833 -0.11 -0.11
