EBird Region Approach/spi files/9-11|20_1.tif
NCOLS 121
NROWS 95
XLLCORNER -137.04393
YLLCORNER 23.663691
DX 0.49677396
DY 0.49847026
NODATA_VALUE -9999
[rows 0 to 24 of 95, columns 0 to 57 of 121]
0.90508911 0.55916269 0.55985681 0.55998572 0.55999906 0.55999994 0.55999999 0.55999999 0.55999998 0.55999977 0.55999665 0.55996367 0.55974598 0.55883135 0.55618084 0.025852561 -0.26004453 -0.65622882 -0.82333207 -0.82333333 -0.82333333 -0.82333333 -0.82333333 -0.82333333 -0.82333333 -0.82333333 -0.82333333 -0.82333333 -0.82333333 -0.82333333 -0.82333333 -0.82333333 -0.82333333 -0.82333333 -0.82333333 -0.82277806 -0.54667133 -0.54666667 -0.54666667 -0.54666667 -0.54666667 -0.54666667 -0.54666667 -0.54666667 -0.54666667 -0.54666667 -0.54666667 -0.54666667 -0.54666667 -0.54666667 -0.54666667 -0.54666667 -0.54666657 0.0019683502 1.666666 1.6666667 1.6666667 1.6666667
1.0698428 0.57696798 0.55977293 0.55998727 0.55999974 0.56 0.56 0.56 0.56 0.55999997 0.55999818 0.55995803 0.55958721 0.55785732 0.55102068 -0.25957802 -0.26 -0.26026191 -0.82114355 -0.82333333 -0.82333333 -0.82333333 -0.82333333 -0.82333333 -0.82333333 -0.82333333 -0.82333333 -0.82333333 -0.82333333 -0.82333333 -0.82333333 -0.82333333 -0.82333333 -0.82333333 -0.82333333 -0.81512173 -0.54666674 -0.54666667 -0.54666667 -0.54666667 -0.54666667 -0.54666667 -0.54666667 -0.54666667 -0.54666667 -0.54666667 -0.54666667 -0.54666667 -0.54666667 -0.54666667 -0.54666667 -0.54666667 -0.54666666 -0.47502819 1.6666644 1.6666667 1.6666667 1.6666667
1.07 1.0691114 0.5591705 0.55996623 0.55999982 0.56 0.56 0.56 0.56 0.55999999 0.55999725 0.55988393 0.55873549 0.5539109 -0.12761519 -0.25999996 -0.26 -0.26 -0.26508177 -0.82333176 -0.82333333 -0.82333333 -0.82333333 -0.82333333 -0.82333333 -0.82333333 -0.82333333 -0.82333333 -0.82333333 -0.82333333 -0.82333333 -0.82333333 -0.82333333 -0.82333333 -0.82333333 -0.70398122 -0.54666667 -0.54666667 -0.54666667 -0.54666667 -0.54666667 -0.54666667 -0.54666667 -0.54666667 -0.54666667 -0.54666667 -0.54666667 -0.54666667 -0.54666667 -0.54666667 -0.54666667 -0.54666667 -0.54666667 -0.54079688 1.6666557 1.6666667 1.6666667 1.6666667
1.07 1.07 0.96524947 0.55935909 0.55999716 0.56 0.56 0.56 0.56 0.55999996 0.55996381 0.55881205 0.55160112 0.53238049 -0.25999588 -0.26 -0.26 -0.26 -0.26000001 -0.62110028 -0.82333333 -0.82333333 -0.82333333 -0.82333333 -0.82333333 -0.82333333 -0.82333333 -0.82333333 -0.82333333 -0.82333333 -0.82333333 -0.82333333 -0.82333333 -0.82333333 -0.82333333 -0.55648631 -0.54666667 -0.54666667 -0.54666667 -0.54666667 -0.54666667 -0.54666667 -0.54666667 -0.54666667 -0.54666667 -0.54666667 -0.54666667 -0.54666667 -0.54666667 -0.54666667 -0.54666667 -0.54666667 -0.54666667 -0.54626309 1.6665884 1.6666667 1.6666667 1.6666667
1.07 1.07 1.07 0.44460598 0.54671019 0.55999129 0.56 0.56 0.56 0.55977027 0.5505476 0.5137517 0.45733092 -0.23619623 -0.26 -0.26 -0.26 -0.26 -0.26 -0.26000011 -0.8232433 -0.82333333 -0.82333333 -0.82333333 -0.82333333 -0.82333333 -0.82333333 -0.82333333 -0.82333333 -0.82333333 -0.82333333 -0.82333333 -0.82333333 -0.82333333 -0.82333317 -0.54690667 -0.54666667 -0.54666667 -0.54666667 -0.54666667 -0.54666667 -0.54666667 -0.54666667 -0.54666667 -0.54666667 -0.54666667 -0.54666667 -0.54666667 -0.54666667 -0.54666667 -0.54666667 -0.54666667 -0.54666667 -0.54663936 1.6658979 1.6666667 1.6666667 1.6666667
1.07 1.07 1.07 1.0699939 -0.41282363 -0.41333328 -0.41333333 -0.41333333 -0.41333327 -0.41008965 -0.34629941 -0.21673411 -0.10803169 -0.25999999 -0.26 -0.26 -0.26 -0.26 -0.26 -0.26 -0.25996686 -0.82333328 -0.82333333 -0.82333333 -0.82333333 -0.82333333 -0.82333333 -0.82333333 -0.82333333 -0.82333333 -0.82333333 -0.82333333 -0.82333333 -0.82333333 -0.82332647 -0.54667282 -0.54666667 -0.54666667 -0.54666667 -0.54666667 -0.54666667 -0.54666667 -0.54666667 -0.54666667 -0.54666667 -0.54666667 -0.54666667 -0.54666667 -0.54666667 -0.54666667 -0.54666667 -0.54666667 -0.54666667 -0.54666454 1.6574643 1.6666667 1.6666667 1.6666667
1.07 1.07 1.07 1.07 -0.41333134 -0.41333333 -0.41333333 -0.41333333 -0.41333333 -0.41333299 -0.41311336 -0.40800944 -0.27177189 -0.26 -0.26 -0.26 -0.26 -0.26 -0.26 -0.26 -0.25406492 0.67981515 -0.82326458 -0.82333333 -0.82333333 -0.82333333 -0.82333333 -0.82333333 -0.82333333 -0.82333333 -0.82333333 -0.82333333 -0.82333333 -0.82333333 -0.82300882 -0.54666688 -0.54666667 -0.54666667 -0.54666667 -0.54666667 -0.54666667 -0.54666667 -0.54666667 -0.54666667 -0.54666667 -0.54666667 -0.54666667 -0.54666667 -0.54666667 -0.54666667 -0.54666667 -0.54666667 -0.54666667 -0.54666645 1.5544943 1.6666667 1.6666667 1.6666667
1.07 1.07 1.07 1.07 1.0699995 -0.41333333 -0.41333333 -0.41333333 -0.41333333 -0.41333329 -0.41332134 -0.41290446 -0.26000001 -0.26 -0.26 -0.26 -0.26 -0.26 -0.26 -0.26 0.66312855 0.68 0.68 0.2524559 -0.82333333 -0.82333333 -0.82333333 -0.82333333 -0.82333333 -0.82333333 -0.82333333 -0.82333333 -0.82333333 -0.82333333 -0.80854811 -0.54656485 -0.54666661 -0.54666667 -0.54666667 -0.54666667 -0.54666667 -0.54666667 -0.54666667 -0.54666667 -0.54666667 -0.54666667 -0.54666667 -0.54666667 -0.54666667 -0.54666667 -0.54666667 -0.54666667 -0.54666667 -0.54666663 0.81067998 1.6666667 1.6666667 1.6666667
1.07 1.07 1.07 1.07 1.07 -0.41318248 -0.41333333 -0.41333333 -0.41333333 -0.41333324 -0.41332761 -0.39860807 -0.26 -0.26 -0.26 -0.26 -0.26 -0.26 -0.26 -0.25999862 0.68 0.68 0.68 0.68 0.67998393 -0.82280886 -0.82333333 -0.82333333 -0.82333333 -0.82333333 -0.82333333 -0.82333333 -0.82333333 -0.82290162 -0.14709194 -0.15872031 -0.51602251 -0.54665872 -0.54666667 -0.54666667 -0.54666667 -0.54666667 -0.54666667 -0.54666667 -0.54666667 -0.54666667 -0.54666667 -0.54666667 -0.54666667 -0.54666667 -0.54666667 -0.54666667 -0.54666667 -0.54666665 -0.23511302 1.6667382 1.6666814 1.6666687
1.07 1.07 1.07 1.07 1.07 1.0695703 -0.41333331 -0.41333333 -0.4133333 -0.41333281 -0.41332524 -0.26000317 -0.26 -0.26 -0.26 -0.26 -0.26 -0.26 -0.26 0.67997486 0.68 0.68 0.68 0.68 0.68 0.67999997 0.31922591 -0.82330686 -0.82333333 -0.82333333 -0.82333333 -0.82331164 -0.77468767 -0.14182615 -0.14666646 -0.14666668 -0.1466674 -0.14694219 -0.47263743 -0.54666619 -0.54666667 -0.54666667 -0.54666667 -0.54666667 -0.54666667 -0.54666667 -0.54666667 -0.54666667 -0.54666667 -0.54666667 -0.54666667 -0.54666667 -0.54666604 -0.54660039 -0.30723491 2.0391156 2.0561231 2.073104
1.07 1.07 1.07 1.07 1.07 1.0699999 -0.39487385 -0.41333313 -0.4133328 -0.41333064 -0.41236849 -0.26 -0.26 -0.26 -0.26 -0.26 -0.26 -0.26 -0.26 0.68 0.68 0.68 0.68 0.68 0.68 0.68 0.68 0.67753837 -0.78278996 -0.82116797 -0.085394494 -0.020035174 -0.020002233 -0.075701397 -0.14666592 -0.14666667 -0.14666667 -0.14666667 -0.14666667 -0.14666708 -0.23880854 -0.54666638 -0.54666667 -0.54666667 -0.54666667 -0.54666667 -0.54666667 -0.54666667 -0.54666667 -0.54666665 -0.54665306 -0.54370154 -0.39101 0.56047849 1.912129 2.1233294 2.1233329 2.1233333
1.07 1.07 1.07 1.07 1.07 1.07 1.0451564 -0.41320587 -0.41332943 -0.41332209 -0.26147063 -0.26 -0.26 -0.26 -0.26 -0.26 -0.26 -0.26 0.67998638 0.68 0.68 0.68 0.68 0.68 0.68 0.68 0.68 0.68 0.44663106 -0.019995942 -0.019999984 -0.02 -0.020000002 -0.0207096 -0.14665843 -0.14666667 -0.14666667 -0.14666667 -0.14666667 -0.14666667 -0.14666667 -0.14666667 -0.1497361 -0.54664612 -0.54666667 -0.54666667 -0.54666665 -0.54660579 -0.47595761 0.95365646 1.0712333 1.0732102 1.0733138 1.0733269 1.2610769 2.123333 2.1233333 2.1233333
1.07 1.07 1.07 1.0699999 1.0699992 1.06999 1.0697067 -0.27696845 -0.41329274 -0.412749 -0.26000167 -0.26 -0.26 -0.26 -0.26 -0.26 -0.26 -0.25999752 0.68 0.68 0.68 0.68 0.68 0.68 0.68 0.68 0.68 0.68252782 -0.015499501 -0.019998699 -0.019999999 -0.02 -0.02 -0.020000511 -0.1461473 -0.14666667 -0.14666667 -0.14666667 -0.14666667 -0.14666667 -0.14666667 -0.14666667 -0.14666667 -0.14666667 -0.14707335 1.0639535 1.0733268 1.0733333 1.0733333 1.0733333 1.0733333 1.0733333 1.0733333 1.073333 1.0790954 2.1233307 2.1233333 2.1233333
-0.13666666 -0.13666667 -0.13666667 -0.13666666 -0.13666658 -0.1366653 -0.13665114 -0.13652501 -0.18191315 -0.50012922 -0.26000191 -0.26 -0.26 -0.26 -0.26 -0.26 -0.25999997 0.66178457 0.68 0.68 0.68 0.68 0.68 0.68 0.68 0.68 0.78607124 0.93860535 -0.0076419416 -0.019999551 -0.02 -0.02 -0.02 -0.02 -0.047324129 -0.14666667 -0.14666667 -0.14666667 -0.14666667 -0.14666667 -0.14666667 -0.14666667 -0.14666667 -0.14666667 -0.071915241 1.0733333 1.0733333 1.0733333 1.0733333 1.0733333 1.0733333 1.0733333 1.0733333 1.0733287 1.0721106 2.1231173 2.1233333 2.1233333
-0.13666667 -0.13666667 -0.13666667 -0.13666667 -0.13666667 -0.13666667 -0.13666562 -0.13560822 -0.65650947 -0.67999444 -0.67963153 -0.26048 -0.26 -0.26 -0.26 -0.25999994 -0.25457583 0.67998815 0.68 0.68 0.68 0.68 0.68 0.68 0.68000009 0.9429468 0.94332823 0.94174992 0.084982795 -0.019999793 -0.02 -0.02 -0.02 -0.02 -0.020001 -0.14666667 -0.14666667 -0.14666667 -0.14666667 -0.14666667 -0.14666667 -0.14666667 -0.14666667 -0.14666667 1.0727457 1.0733333 1.0733333 1.0733333 1.0733333 1.0733333 1.0733333 1.0733333 1.0733332 1.0730854 1.0010032 1.3076224 2.1232502 2.1233333
-0.13666667 -0.13666667 -0.13666667 -0.13666667 -0.13666667 -0.13666666 -0.13644322 0.052780073 -0.67986942 -0.67999998 -0.68 -0.67999986 -0.50137204 -0.27156694 -0.26333702 -0.26061528 0.52557931 0.67999933 0.68 0.68 0.68 0.68 0.68 0.68013981 0.94333328 0.94333333 0.94333325 0.94298548 0.56635921 -0.019999753 -0.02 -0.02 -0.02 -0.02 -0.02 -0.14665906 -0.14666667 -0.14666667 -0.14666667 -0.14666667 -0.14666667 -0.14666667 -0.14666667 -0.14666665 1.0733333 1.0733333 1.0733333 1.0733333 1.0733333 1.0733333 1.0733333 1.0733333 1.0733155 1.0022716 0.81438515 0.69371055 0.78406564 2.1232701
-0.13666667 -0.13666667 -0.13666667 -0.13666667 -0.13666667 -0.13664594 0.45408422 -0.41389652 -0.67999978 -0.68 -0.68 -0.68 -0.68173375 -0.72999997 -0.73 -0.73 -0.73 -0.7297763 0.65540762 0.67999994 0.68 0.68 0.84666304 0.94333333 0.94333333 0.94333333 0.94333333 0.9433062 0.54801062 -0.019994248 -0.02 -0.02 -0.02 -0.02 -0.02 -0.022877245 -0.14666667 -0.14666667 -0.14666667 -0.14666667 -0.14666667 -0.14666667 -0.14666667 -0.1141886 1.0733333 1.0733333 1.0733333 1.0733333 1.0733333 1.0733333 1.0733333 1.0733331 0.9981079 0.81345716 0.81219836 0.6933467 0.69333335 0.69531559
-0.13666667 -0.13666667 -0.13666667 -0.13666667 -0.13666599 0.64244032 0.64333309 -0.67902466 -0.68 -0.68 -0.68 -0.68 -0.68092013 -0.73 -0.73 -0.73 -0.73 -0.73 -0.73 -0.72999964 -0.60218185 0.94294135 0.94333333 0.94333333 0.94333333 0.94333333 0.94333333 0.94333314 0.54666693 0.32138164 -0.02 -0.02 -0.02 -0.02 -0.02 -0.020000001 -0.14666667 -0.14666667 -0.14666667 -0.14666667 -0.14666667 -0.14666667 0.14618999 0.14666688 1.0733333 1.0733333 1.0733333 1.0733333 1.0733333 1.0733333 1.0733333 0.97778591 0.81333438 0.81333333 0.81006747 0.69333343 0.69333333 0.69333333
-0.13666667 -0.13666667 -0.13666667 -0.13666645 0.64333333 0.64333333 0.64333311 -0.67999998 -0.68 -0.68 -0.68 -0.68 -0.68042848 -0.73 -0.73 -0.73 -0.73 -0.73 -0.73 -0.73 -0.73 0.94327434 0.94333333 0.94333333 0.94333333 0.94333333 0.94333333 0.94333333 0.54666667 0.54666667 -0.02 -0.02 -0.02 -0.02 -0.02 -0.02 -0.14664763 -0.14666667 -0.14666667 -0.14666667 -0.14659005 0.14666667 0.14666667 0.14666667 1.0661614 1.0733333 1.0733333 1.0733333 1.0733333 1.0733333 0.9060456 0.81333333 0.81333333 0.81333333 0.79137813 0.69333333 0.69333333 0.69333333
-0.44324413 -0.13666667 0.28397026 0.64333333 0.64333333 0.64333333 0.64330296 -0.68 -0.68 -0.68 -0.68 -0.68 -0.68019134 -0.73 -0.73 -0.73 -0.73 -0.73 -0.73 -0.73 -0.73 0.90403152 0.94333333 0.94333333 0.94333333 0.94333333 0.94333333 0.94333333 0.54666667 0.54666667 -0.019999998 -0.02 -0.02 -0.02 -0.02 -0.02 -0.022134557 -0.14666667 -0.14666321 0.14651765 0.14666667 0.14666667 0.14666667 0.14666667 0.14666667 1.0733333 1.0733333 1.0733333 1.0733333 0.82184461 0.81333333 0.81333333 0.81333333 0.81333333 0.70451808 0.69333333 0.69333333 0.69333333
-0.44333333 0.64156624 0.64333333 0.64333333 0.64333333 0.64333333 -0.58303156 -0.68 -0.68 -0.68 -0.68 -0.68 -0.6801053 -0.73 -0.73 -0.73 -0.73 -0.73 -0.73 -0.73 -0.73 -0.70573756 0.94333333 0.94333333 0.94333333 0.94333333 0.94333333 0.94328823 0.54666667 0.54666667 0.54666609 -0.02 -0.02 -0.02 -0.02 -0.02 -0.020000403 -0.075222234 0.14666547 0.14666667 0.14666667 0.14666667 0.14666667 0.14666667 0.14666667 0.82027193 1.0733333 1.0733333 0.81372507 0.81333333 0.81333333 0.81333333 0.81333333 0.81333333 0.69335658 0.69333333 0.69333333 0.69333333
-0.44333333 0.64217777 0.64333333 0.64333333 0.64333333 0.64333333 -0.68 -0.68 -0.68 -0.68 -0.68 -0.68 -0.67972336 -0.73 -0.73 -0.73 -0.73 -0.73 -0.73 -0.73 -0.73 -0.72999151 0.94333333 0.94333333 0.94333333 0.94333333 0.94333333 0.57008876 0.54666667 0.54666667 0.54666667 -0.019998394 -0.02 -0.02 -0.02 -0.02 -0.01999991 0.14665521 0.14666666 0.14666667 0.14666667 0.14666667 0.14666667 0.14666667 0.14666667 0.14666686 1.3095378 0.81453192 0.81333333 0.81333333 0.81333333 0.81333333 0.81333333 0.81332521 0.69333305 0.69333333 0.69333333 0.69333333
-0.44333333 0.63970641 0.64333333 0.64333333 0.64333333 0.64333333 -0.68 -0.68 -0.68 -0.68 -0.68 -0.68 -0.10666667 -0.10674911 -0.73 -0.73 -0.73 -0.73 -0.73 -0.73 -0.73 -0.72999999 0.94333246 0.94333333 0.94333333 0.94333333 0.9432851 -0.3933319 -0.39333333 -0.39333333 -0.39333333 -0.39333333 -0.33094125 -0.020002685 -0.02 -0.018762655 0.27036059 -0.076967033 -0.072174789 0.083496446 0.14666107 0.14666667 0.14666667 0.14666667 0.14666875 1.33 1.33 1.33 0.81333333 0.81333333 0.81333333 0.81333333 0.8098041 0.28 0.66099419 0.69333333 0.69333333 0.69333333
-0.44333333 0.62974048 0.64333333 0.64333333 0.64333333 0.64327587 -0.68 -0.68 -0.68 -0.68 -0.68 -0.11340109 -0.10666667 -0.10666667 -0.10666667 -0.72999959 -0.73 -0.73 -0.73 -0.73 -0.73 -0.73 0.94021744 0.94328923 0.8977252 -0.39328919 -0.39333333 -0.39333333 -0.39333333 -0.39333333 -0.39333333 -0.39333333 -0.39333333 -0.39330059 0.31333294 0.313317 0.27713681 0.024790875 -0.079849624 -0.079359795 0.014545636 0.13666589 0.13666667 0.13666667 1.3299999 1.33 1.33 1.33 1.3299991 0.81333333 0.81333333 0.28 0.28 0.28 0.28000001 0.69333333 0.69333333 0.69333333
-0.44333333 0.60655121 0.64333333 0.64333333 0.64333333 0.12561037 -0.68 -0.68 -0.68 -0.68 -0.67999472 -0.10666667 -0.10666667 -0.10666667 -0.10666667 -0.10666667 -0.10936419 -0.73 -0.73 -0.73 -0.73 -0.73 0.036624359 -0.38810273 -0.39333324 -0.39333333 -0.39333333 -0.39333333 -0.39333333 -0.39333333 -0.39333333 -0.39333333 -0.39333333 0.31313547 0.31333333 0.313333 0.26174254 0.05577517 0.033460527 -0.079999826 -0.079999325 0.13666191 0.13666667 0.13666667 1.3299255 1.33 1.33 1.33 1.33 0.57367814 0.28 0.28 0.28 0.28 0.28 0.69333333 0.69333333 0.69333333
