EBird Region Approach/spi files/9-11|23_1.tif
NCOLS 121
NROWS 95
XLLCORNER -137.04393
YLLCORNER 23.663691
DX 0.49677396
DY 0.49847026
NODATA_VALUE -9999
[rows 26 to 51 of 95, columns 0 to 57 of 121]
0.63332554 0.52302192 0.51000012 0.50999999 0.50972194 0.25052631 0.25 0.25 0.25 0.038243069 -0.05 -0.05 -0.05 -0.05 -0.05 -0.05 -0.05 -0.05 -0.050021028 -0.35673124 -0.59563137 -0.61318998 -1.1860934 -1.5399977 -1.54 -1.54 -1.54 -1.54 -1.54 -1.54 -1.54 -1.538744 -0.19227077 -0.046666667 -0.046666667 -0.046666667 -1.0497672 -1.0533333 -2.0899998 -2.09 -2.0492621 -1.01 -1.0097307 -0.86333336 -0.86141307 -0.66 -0.66 -0.66 -0.66 -0.45666667 -0.45666667 -0.45666667 -0.80566084 -1.1235566 -0.6333338 -0.63333334 0.34899099 0.35331798
0.63324564 0.52785887 0.51000262 0.50994404 0.40942879 0.0022889879 0.19558358 0.24233217 0.24651333 -0.049998735 -0.05 -0.05 -0.05 -0.05 -0.05 -0.05 -0.05 -0.05 -0.050000008 -0.050645101 -0.77978917 -0.78 -0.77999998 -0.76384753 -0.76934688 -1.3042931 -1.5394212 -1.5399999 -1.54 -1.54 -0.26469513 -0.26333333 -0.26333333 -0.046666667 -0.046666667 -0.046666667 -1.0533333 -1.0533333 -1.3874242 -2.09 -2.09 -1.2809237 -1.0072375 -0.60333333 -0.60333333 -0.60333333 -0.65999401 -0.66 -0.45666668 -0.45666667 -0.45666667 -0.45666667 -0.45703714 -0.63333333 -0.63333333 -0.63333333 -0.64996461 -0.65
0.63285705 0.18782346 -0.59729416 -0.59999925 -0.6 -0.6 -0.6 -0.6 -0.59999361 -0.54933559 -0.077942125 -0.050012219 -0.05 -0.05 -0.05 -0.05 -0.050000029 -0.14389226 -0.44997685 -0.45089577 -0.77999577 -0.78 -0.78 -0.77997338 -0.7266667 -0.72666667 -0.72666667 -0.72666667 -0.72666667 -0.71391886 -0.26333333 -0.26333333 -0.26333333 -0.26333333 -0.046666667 -0.046666667 -1.0533333 -1.0533333 -1.3866667 -1.3866667 -1.3879975 -2.0864643 -0.60333333 -0.60333333 -0.60333333 -0.60333333 -0.60333333 -0.59445573 -0.45666667 -0.45666667 -0.45666667 -0.45666668 -0.98666667 -0.63333333 -0.63333333 -0.63333333 -0.65 -0.65
-0.59662989 -0.59999995 -0.6 -0.6 -0.6 -0.6 -0.6 -0.6 -0.59999994 -0.55840532 -1.0556432 -1.076666 -1.0766663 -1.0766646 -1.0764253 -0.4500259 -0.45 -0.45 -0.45 -0.45019177 -0.77999998 -0.78 -0.78 -0.78 -0.72667087 -0.72666667 -0.72666667 -0.72666667 -0.72666667 -0.72666667 -0.26333333 -0.26333333 -0.26333333 -0.26333333 -0.4 -1.1766667 -1.176768 -1.3633333 -1 -0.76333333 -1.9866666 -1.9866659 -0.60333333 -0.60333333 -0.60333333 -0.60333333 -1.4662723 -1.5400085 -1.5302673 -0.45667467 -0.84850559 -0.98666667 -0.98666667 -0.63333333 -0.63333333 -0.63334389 -0.65 -0.65
-0.59999979 -0.59999999 -0.6 -0.6 -0.6 -0.6 -0.6 -0.6 -0.6 -0.57003448 -0.080891482 -1.0766667 -1.0766667 -1.0766666 -1.0765891 -0.45000003 -0.45 -0.45 -0.45 -0.45002294 -0.78 -0.78 -0.78 -0.78 -0.76504244 -0.72666667 -0.72666667 -0.72666667 -0.72666667 -0.72666667 -0.26341318 -0.26333333 -0.26333333 -0.67666667 -0.67666667 -0.70666667 -1.1366667 -1.1733325 -1.1766667 -1.9866667 -1.9866667 -1.61 -1.61 -0.6033495 -1.53 -1.53 -1.5299408 -1.54 -1.6833287 -1.7201029 -2.2484477 -0.68333333 -0.68333333 -0.68333333 -0.68333333 -0.65 -0.65 -0.65
-0.59999936 -0.59999996 -0.6 -0.6 -0.6 -0.6 -0.6 -0.6 -0.6 -0.56828609 0.5033321 -1.0766667 -1.0766667 -1.0766667 -1.0741376 -0.45 -0.45 -0.45 -0.45 -0.45000175 -0.78 -0.78 -0.78 -0.78 -0.78 -0.72666667 -0.72666667 -0.72666667 -0.72666667 -0.72666667 -0.72666665 -0.26333462 -0.67666248 -0.67666667 -0.71126227 -1.2033333 -1.7866667 -1.7 -1.2433333 -1.5733333 -1.5733333 -1.61 -1.607847 -1.2301816 -1.53 -1.5299998 -1.54 -1.54 -1.6833333 -1.6844946 -2.25 -0.74753123 -0.68333333 -0.68333333 -0.68333333 -0.65000036 -0.65 -0.65
-0.5999963 -0.5999997 -0.59999999 -0.6 -0.6 -0.6 -0.6 -0.6 -0.6 -0.36121963 0.50333333 -1.0763783 -1.0766667 -1.0766667 -0.75588875 -0.45 -0.45 -0.45 -0.45 -0.45000029 -0.78 -0.78 -0.78 -0.78 -0.78 -0.72666667 -0.72666667 -0.72666667 -0.72666667 -0.7266909 -1.5563919 -0.66076185 -0.67666667 -0.67992765 -1.5 -1.5 -1.7866667 -1.7000034 -1.2433333 -1.2438266 -1.5733333 -1.3233333 -1.3233333 -1.3233272 -0.88333333 -0.88424266 -1.54 -1.54 -1.6833333 -1.6833338 -2.25 -1.6633333 -1.1833333 -1.1833333 -1.1836953 -0.74 -0.59068749 -0.036666667
-0.59996005 -0.59999428 -0.59999963 -0.59999999 -0.6 -0.6 -0.6 -0.6 -0.6 0.50276761 0.50333333 0.50333333 0.18333333 -0.75 -1.0333243 -0.45 -0.45 -0.45 -0.45 -0.45000124 -0.78 -0.78 -0.78 -0.78 -0.78 -0.75390345 -0.75284352 -1.5566667 -1.5566667 -1.5566667 -1.5566667 -1.5566667 -1.3503099 -1.5 -1.5 -1.5 -1.4639052 -0.3 -1.2433282 -1.2433335 -1.5711054 -1.3233333 -1.3233333 -1.27 -1.7733333 -1.5433333 -1.2966667 -1.87 -1.7733333 -1.83 -1.2766667 -1.8666667 -1.1833333 -1.3319019 -1.4499144 -0.74 -0.74 -0.036666667
-0.59929833 -0.5997647 -0.59994521 -0.59999282 -0.59999964 -0.6 -0.6 -0.6 -0.22110667 0.64999621 0.50333333 0.50333333 -0.18666667 -1.0333333 -1.0333333 -0.45060779 -0.45 -0.45 -0.45 -0.45008877 -0.78 -0.78 -0.78 -0.78 -0.78 -1.0088799 -1.5566667 -1.5566667 -1.5566667 -1.5566667 -1.5566667 -1.5540741 -1.3298745 -1.5 -1.5 -0.89368421 -0.3 -0.3 -0.3000002 -0.67243193 -0.72 -0.72 -1.27 -1.4333333 -1.393314 -1.41 -1.8366667 -1.4433334 -1.4866667 -1.95 -1.2770264 -1.5966683 -0.91666667 -1.3433333 -1.45 -0.74000001 -0.74 -0.036666667
-0.58452924 -0.58637937 -0.58602516 -0.57908449 -0.52039007 0.40402568 0.64999895 0.65 0.65 0.65 -0.83 -0.83 -0.18666667 -0.18666667 -0.18666667 -1.3066604 -1.3099744 -1.2953693 -1.0039985 -0.77333334 -0.7733368 -0.78 -0.78 -0.78 -1.5723733 -1.5733333 -1.5732977 -1.4788488 -0.46333333 -0.46333333 -0.46333333 -0.4633349 -1.0801297 -0.67822709 -0.68333328 -0.40793466 -0.44999998 -0.45 -0.91278858 -0.93324107 -0.72 -0.72 -0.72 -0.35667339 -1.3857809 -0.86666667 -1.4933333 -1.5966667 -1.25 -1.3666667 -1.7919866 -1.48 -1.3133333 -1.4233333 -1.4066667 -1.37 -1.03 -0.91333333
-0.33783955 -0.15016465 0.24493948 0.59542581 0.64929212 0.64999987 0.65 0.65 0.65 0.64999188 -0.83 -0.83 -0.18667322 -0.18666667 -0.18666668 -1.31 -1.31 -1.2676721 -1.0165801 -0.77333333 -0.77333333 -0.77333333 -0.77999972 -1.5718366 -1.5733333 -1.5733333 -1.5733333 -0.46333375 -0.46333333 -0.46333333 -0.58152319 -1.32 -1.3197738 -0.22704478 -0.68333333 -0.68333333 -0.61252861 -0.91333333 -0.91333333 -0.93333333 -0.93333333 -0.50666669 -0.50666667 -0.35666667 -0.35670692 -0.6378538 -0.55666667 -1.0633333 -1.6166667 -1.8733333 -1.0966667 -1.1666667 -1.09 -1.1866667 -1.5666667 -1.37 -1.3633346 -0.91333333
0.40762288 0.58020992 0.64149352 0.64971087 0.64999874 0.65 0.65 0.65 0.65 -0.82914431 -0.83 -0.83 -0.82999908 -0.18666668 -1.31 -1.31 -1.31 -1.0166667 -1.0166667 -0.77333333 -0.77333333 -0.77333333 -0.94526202 -1.0908203 -1.5715489 -1.5733333 -1.5733333 -1.5733333 -0.46537642 -1.32 -1.32 -1.32 -0.2270014 -0.22666667 -0.68304648 -0.68333333 -0.68333333 -0.91333333 -0.91333333 -0.93333333 -1.23 -1.2287852 -0.50666667 -0.46 -0.69 -0.86333333 -0.70333333 -0.83333333 -0.74333333 -1.0233333 -1.2133333 -1.1485927 -1.02 -1.23 -0.42 -1.2871816 -1.3633333 -1.3633333
0.62046454 0.64494466 0.64959908 0.64998943 0.64999994 0.65 0.65 0.65 0.64999822 -0.82994921 -0.83 -0.83 -0.82999996 -1.0412942 -1.3099966 -1.31 -1.31 -1.0166667 -1.0166667 -0.77333333 -0.77333333 -0.77333333 -1.0134622 -1.09 -1.09 -1.09 -1.5733333 -1.5733333 -1.32 -1.32 -1.32 -1.686665 -0.22765745 -0.22666667 -0.22666667 -0.68333333 -0.68333333 -0.43433989 -0.43 -1.4166666 -1.4166667 -1.4166667 -1.76 -0.46 0.02 -0.52333333 -0.46442662 -0.46333333 -0.29333264 -0.53333333 -1.19 -1.1899958 -0.96999773 -0.92999725 -0.69666131 -0.52333333 -0.52333333 -0.0066675037
0.64497868 0.64926983 0.64994444 0.64999817 0.64999998 0.65 0.65 0.64999975 0.63970618 -0.82991354 -0.83 -0.83 -0.82874049 -0.063333334 -0.063333333 -0.063333333 -0.063333333 -0.065091454 -0.91666667 -0.91666667 -1.1714311 -1.0133333 -1.0133333 -1.0891425 -1.09 -1.09 -1.09 -1.1875039 -0.54999709 -1.6866443 -1.6866667 -1.67 -1.6699994 -0.22666667 -0.22666667 -1.0766658 -1.0766465 -0.43 -0.43 -0.43000446 -1.4122237 -0.27666667 -0.57333333 -0.87 -0.74666667 -0.2356091 -0.28666667 -0.57 -0.15333333 -0.52333333 -1.1233333 -1.1233333 -0.63 -0.65333333 -0.65334366 -0.52333333 -0.52333333 -0.0066666667
0.64864729 0.64979991 0.64998208 0.6499991 0.64999997 0.64999996 0.64999914 0.64981237 0.25787332 -0.82975856 -0.82999998 -0.82987958 -0.063333338 -0.063333333 -0.063333333 -0.063333333 -0.063333333 -0.063333333 -0.91666667 -1.1733333 -1.1733333 -1.0133333 -1.0133333 -1.0133333 -1.0899611 -1.09 -1.0764244 0.12330414 -0.55 -0.40666667 -0.40666667 -1.4 -1.4 -0.80333333 -0.80333384 -1.0766667 -1.0766667 -0.43 -0.43 -0.56666598 -0.27666797 -0.27671787 -0.5 -0.48408345 -0.47666667 -0.69049744 -0.33 -0.33 0.076666667 -0.5 -0.51666667 -1.1233332 -0.89333333 -0.58 -0.57999505 -0.24333333 -0.24333333 -0.0066666667
0.64945299 0.64990887 0.64998931 0.6499989 0.64999928 0.64999579 0.64990769 0.64106874 -0.40053624 -0.82936122 -0.82987933 -0.063407327 -0.063333333 -0.063333333 -0.063333333 -0.063333333 -0.063333333 -0.29333333 -0.29333333 -1.1733333 -1.1733333 -1.0133333 -1.0133333 -1.0133333 -0.024049923 -0.13333333 0.034561438 0.12333333 -0.55 -0.55 -0.40666667 -1.4 -1.3999284 -0.80333333 -0.80333189 -0.023333333 -0.023333333 -0.56666454 -0.56666667 -0.56666667 -0.5659159 -0.92623964 -0.51231612 -0.48333333 -0.16 -0.75 -0.28333366 -0.35 -0.39333333 -0.036666667 -0.90327286 -0.65666667 -0.45009252 -0.47262279 -0.47333333 0.18666667 0.18666663 -0.036294904
0.64969193 0.64993793 0.64998817 0.64999367 0.64998235 0.64987721 0.64789675 0.56161821 -0.63111736 -0.82828542 -0.078149499 -0.063333335 -0.063333333 -0.063333333 -0.063333333 -0.063333333 -0.28962644 -0.29333333 -0.29333333 -0.29333333 -0.14666667 -0.14666667 -1.0133333 -0.01 -0.01 -0.13333333 -0.089999984 -0.35666667 -0.35670497 -0.54998679 -0.46083371 -0.37666667 -0.05 -0.05 -0.25 -0.25000007 -0.023333333 -0.56666646 -0.56666667 -0.51666667 -0.51666667 -1.05 -1.05 -1.05 -0.25666667 -0.31333333 -0.36 -0.44333333 -0.08 -0.23333333 0.12 0.62333328 -0.51333333 0.46372195 -0.35 0.18666667 0.26 0.26
0.64976844 0.64993342 0.64996504 0.64994013 0.64978276 0.64857259 0.6324682 0.3283147 -0.70135612 -0.25320857 -0.063337325 -0.063333334 -0.063333334 -0.063333334 -0.06333337 -0.069752133 -0.29333333 -0.29333333 -0.29333333 -0.14666667 -0.14666667 -0.14666667 -0.14666667 -0.11666667 -0.11666667 -0.12666667 -0.21 -0.27 -0.39170941 -0.48669621 -0.55666667 -0.37666667 -0.05 -0.05 -0.7009902 -0.70333333 -0.12000075 -0.22666667 -0.22666667 -0.51666667 -0.51666667 -1.05 -1.05 -1.05 -0.53666656 -0.54183704 -0.79648705 0.04 -0.22666667 -0.22333333 0.29637776 -0.32333333 0.25333325 0.60171842 0.49333334 0.2599994 0.26 0.26
0.64975396 0.64986358 0.64982962 0.64959393 0.64849373 0.64138727 0.5757908 0.029796125 -0.47254379 -0.063796949 -0.063333457 -0.063333453 -0.063333705 -0.06334027 -0.066463266 -0.29307966 -0.29333333 -0.29333333 -0.29332678 -0.14666667 -0.14666667 -0.14666667 -0.14666667 -0.11666667 -0.11666667 -0.12665884 0.13666667 -0.15 -0.083333333 -0.48666667 -0.55666666 -0.46601963 -0.050141164 -0.05 -0.12 -0.12 -0.12 -0.14333333 -0.22666667 -0.22666667 -0.4300008 -0.43 -1.05 -1.05 -0.53696853 -0.66666848 -0.84419254 -0.1 0.12333333 0.12333335 0.32333333 -0.36 0.25333333 0.65 0.46328173 0.26025891 0.26 0.26
0.64959214 0.64957866 0.64925398 0.64808947 0.6432779 0.61765816 0.45552842 -0.1816951 -0.071136695 -0.063343111 -0.063337984 -0.063346737 -0.063440372 -0.067473446 -0.26513798 -0.29332832 -0.29333333 -0.29333308 -0.1470105 -0.14666667 -0.14666667 -0.14666667 -0.14666015 -0.11666667 -0.30439074 -0.31333333 -0.31333333 -0.28 -0.26993826 -0.4866422 -0.2070355 -0.55587488 -0.1798777 0.31666664 0.31666667 0.31666667 0.31666666 -0.14333333 -0.14333333 -0.14350653 -0.43 -0.43 -0.43 -0.44939798 -0.62454292 -0.85459982 -0.120026 -0.1001624 0.12329031 0.12333978 0.32132425 -0.35999953 0.45556168 0.46 0.46 0.46 0.27048669 0.13708081
0.6490748 0.64867875 0.64739181 0.64336685 0.62859733 0.56443499 0.27346867 -0.089517337 -0.06360022 -0.063381665 -0.063452314 -0.063886376 -0.069532037 -0.18302312 -0.29213694 -0.29333184 -0.2933326 -0.28350924 -0.14666784 -0.14666667 -0.14666667 -0.14666667 -0.14603098 -0.20130002 -0.20504995 -0.19668679 -0.19666667 -0.28 -0.20812803 -0.20333333 -0.20333333 -0.26666667 -0.14333367 -0.14333333 0.31666667 0.31666667 0.31666667 -0.14333333 -0.14333333 -0.42995047 -0.43 -0.43 -0.43 -0.2900577 -0.29 -0.29 -0.29 -0.29 0.086125977 0.12360052 0.26078068 -0.35958822 0.46 0.46 0.46 0.46 0.46 0.13336689
0.64775418 0.64634665 0.64261719 0.63196854 0.59738322 0.46839731 0.0057732068 -0.065336616 -0.063587393 -0.063836208 -0.064961165 -0.072297884 -0.13764653 -0.27755284 -0.29310372 -0.29332866 -0.29254443 -0.15476739 -0.14666689 -0.14666667 -0.14666667 -0.14666667 -0.19665854 -0.19666667 -0.19666667 -0.19666667 -0.19666667 -0.19666667 -0.20333333 -0.20333333 -0.20333333 -0.26666667 -0.14333333 -0.14333333 0.3166319 0.3166644 0.31643631 -0.011183549 0.086666667 0.086666667 -0.42999694 -0.42824037 -0.29334827 -0.29 -0.29 -0.29 -0.29 -0.29 -0.29 0.12325628 0.16637977 0.25666728 0.25666667 0.25666667 0.25666667 0.25666667 0.25666668 0.25657008
0.64486062 0.64125201 0.63253132 0.60956736 0.54003067 0.24546543 -0.062453482 -0.064291766 -0.064715298 -0.066798807 -0.075562452 -0.12013766 -0.24033951 -0.28973624 -0.29321443 -0.29292582 -0.25163167 -0.14719458 -0.14666687 -0.14666667 -0.14666667 -0.18041927 -0.19666667 -0.19666667 -0.19666667 -0.19666667 -0.19666667 -0.19666657 -0.18666667 -0.18666667 -0.26666665 -0.26666667 -0.14333333 -0.14333333 0.11 0.11 0.11 0.086666667 0.086666667 0.086666667 -0.28880053 -0.29333333 -0.29333333 -0.29333333 -0.29 -0.29 -0.29 -0.29 -0.28999621 -0.13 -0.13 0.25666666 0.25666667 0.25666667 0.25666667 0.25666667 0.25666667 0.076666668
0.6392914 0.63162426 0.6142105 0.56961512 0.40759221 -0.0076712198 -0.065433173 -0.066262732 -0.069360974 -0.079141372 -0.11324288 -0.20162491 -0.27618509 -0.29183517 -0.29285112 -0.28315127 -0.16901322 -0.14680032 -0.146667 -0.14666671 -0.14924792 -0.19666649 -0.19666667 -0.19666667 -0.19666667 -0.19666667 -0.19666667 -0.18666667 -0.18666667 -0.18666667 -0.18666667 -0.26664407 -0.14333333 0.023925163 0.11 0.11 0.11 0.086666667 0.086666667 0.086666667 -0.28920374 -0.29333333 -0.29333333 -0.29333327 -0.33877918 -0.29 -0.29 -0.28999987 -0.13 -0.13 -0.13 -0.12999999 0.25666667 0.25666667 0.25666667 0.25666667 0.076666667 0.076666667
0.62968735 0.61533311 0.58293882 0.48506888 0.13640832 -0.060135955 -0.068539498 -0.072515338 -0.082880949 -0.11072692 -0.17474965 -0.251833 -0.28578651 -0.29195931 -0.28825444 -0.23260829 -0.15170187 -0.14673823 -0.14666711 -0.1464536 -0.14575819 -0.15984893 -0.17438164 -0.18622934 -0.19294097 -0.19536477 -0.085121846 -0.18666558 -0.18666667 -0.18666667 -0.18666667 -0.15604642 0.22 0.22 0.22 0.11000005 0.11 -0.033333333 -0.033321571 0.086666447 -0.15333333 -0.15333333 -0.15333333 -0.39 -0.39 -0.39 0.086659067 -0.095104509 -0.13 -0.13 -0.13 -0.13 0.21460837 0.25666667 0.25666667 0.076675096 0.076666667 0.076666667
0.61440193 0.58877583 0.52232326 0.28769791 -0.024199991 -0.070309923 -0.07611497 -0.086668502 -0.11027259 -0.15824664 -0.22513666 -0.27233531 -0.28842299 -0.28897908 -0.26595562 -0.18086824 -0.14855738 -0.14323372 0.02686289 0.03665239 0.036665807 0.036666649 0.036666667 0.036666667 0.036666667 0.036666667 -0.0054273913 -0.01 -0.01 -0.01 -0.089999995 -0.089971129 0.22 0.22 0.22 0.22 -0.033332835 -0.033333333 -0.033333333 -0.033333333 -0.15333333 -0.15333333 -0.39 -0.39 -0.39 -0.39 0.086666667 0.086666667 -0.13 -0.13 -0.13 -0.13 0.49666667 0.49666667 0.49666667 0.076668696 0.076666667 0.076666667
