EBird Region Approach/spi files/9-11|19_3.tif
NCOLS 121
NROWS 95
XLLCORNER -137.04393
YLLCORNER 23.663691
DX 0.49677396
DY 0.49847026
NODATA_VALUE -9999
[rows 52 to 77 of 95, columns 59 to 117 of 121]
1.6333333 1.34 1.34 1.34 1.4833089 1.4833333 1.4833333 1.4833333 1.7302236 1.9533333 1.9533333 1.9533333 1.9533333 2.4095771 2.3407948 2.34 2.34 2.3400016 2.0967678 2.23 2.23 2.23 1.813209 1.4976714 1.4933333 1.6333333 1.6333333 1.6333333 1.463334 1.58 1.58 1.5799392 1.4333333 1.4333333 1.0533559 1.0533333 1.3099999 1.3208379 1.74 1.74 2.0225917 2.0233317 0.84333333 0.84333333 0.84333333 0.84333333 0.58666667 0.58666667 0.58666667 0.92259065 0.92521877 1.17 1.17 0.36 -0.11666667 -0.59666665 0.69333333 -0.21 0.45
1.6333333 1.34 1.34 1.34 1.3401411 1.4833333 1.4833333 1.4833337 1.73 1.73 1.6366667 1.6366667 1.6366667 2.34 2.34 2.34 2.34 2.34 2.23 2.23 2.23 2.23 1.4933334 1.4933333 1.4933333 1.4933333 1.4633333 1.4633333 1.4633333 1.58 1.58 1.58 1.4333333 1.4333333 1.4333333 1.31 1.31 1.31 2.0233333 2.0233333 2.0233333 2.0233333 1.5832916 0.84333355 0.84333333 0.84333333 0.58666667 0.58666667 0.75333111 0.75333333 0.31517904 0.25333333 0.25333333 0.35999955 -0.43333333 -0.59666667 -0.053333333 -0.073333333 -0.56333333
1.6333333 1.34 1.34 1.34 1.3399941 1.2966667 1.2966676 1.73 1.73 1.73 1.6366667 1.6366667 1.6366667 2.3885062 2.3416591 2.34 2.34 2.3400009 2.0633338 2.0633333 2.0633333 2.0633333 1.4933333 1.4933333 1.4933333 1.4933333 1.4633333 1.4633333 1.4633333 1.58 1.58 1.58 1.4333333 1.4333333 1.9233333 1.3100001 1.31 1.31 2.0233333 2.0233333 2.0233333 2.0233333 1.5833333 1.5833333 1.5833333 1.45 1.45 0.78751942 0.75333333 0.75333333 0.75333298 -0.29333333 -0.29333333 -0.30333333 -0.51 0.49333333 0.27 -0.15666666 0.44666667
0.76666716 1.34 1.34 1.34 1.2966667 1.2966667 1.2966667 1.2969412 1.73 1.7280979 1.6366667 1.6366667 1.6366667 2.39 2.39 2.39 2.39 2.39 2.0633333 2.0633333 2.0633333 2.0633333 2.0587732 0.94666667 0.94666667 0.94666667 1.463333 1.4465919 0.97666667 0.97666667 1.5799974 1.4333333 1.4333333 1.9228703 1.9233333 1.9233333 1.62 1.62 1.6200035 1.68 1.68 1.6797048 1.5833333 1.5833333 1.5833333 1.45 1.45 0.78713585 0.75333333 0.75333333 0.46333333 0.46333333 1.0499924 0.48333235 1.11 -0.02 0.043333333 0.4 0.41666667
0.76654072 -0.48333333 -0.48333333 -0.20716725 -0.031532107 1.2966667 1.2966667 1.2966667 1.0071842 1.0066667 1.0066716 1.6366649 1.6407186 1.9324815 2.3898214 2.39 2.39 2.3899811 2.0633333 2.0633333 2.062824 0.65333334 0.65352193 0.94666667 0.94666667 0.94666667 0.94666671 0.97666667 0.97666667 0.97666667 1.4333332 1.4333333 1.4333333 1.512807 1.9233333 1.9233333 1.62 1.62 1.68 1.68 1.68 1.68 1.2466675 1.2466667 1.2466667 1.1866667 1.1866667 0.97746435 0.96333333 0.96333333 0.46333333 0.46333333 1.05 0.44333333 0.92333333 0.47333334 -0.31333323 0.24666667 -0.05
-0.48333333 -0.48333333 -0.48333333 -0.48332057 -0.033333333 -0.033333333 -0.033333333 -0.033302084 1.0066667 1.0066667 1.0066667 1.0066667 1.8999981 1.9 1.9 1.9 1.9 0.96712793 0.65427311 0.65333333 0.65333333 0.65333333 0.65333333 1.1411694 1.18 1.18 1.18 0.93666686 0.93666667 0.93666667 0.93666823 1.4333333 1.2870998 1.1033333 1.9221521 1.7866667 1.7866667 1.9 1.8999999 1.68 1.68 0.74670027 1.2466667 1.2466667 1.2466667 1.1866667 1.1866667 0.97223754 0.96333333 0.036666671 0.036671995 0.45666667 0.17666667 0.44333333 0.91742054 0.72666671 0.24020109 0.24554791 -0.049999904
-0.48333333 -0.48333333 -0.48333333 -0.48333333 -0.033333333 -0.033333333 -0.033333333 -0.033304015 1.0066667 1.0066667 1.0066667 1.0066667 0.54638955 1.9 1.9 1.9 0.96666669 0.96666667 0.96666667 0.65333333 0.65333333 0.65333333 0.96542585 1.18 1.18 1.18 1.18 0.93666667 0.93666667 0.93666667 0.93666667 0.68666785 1.1033333 1.1033333 1.1033333 1.7866667 1.7866667 1.9 1.9 1.9 0.67666667 0.67666667 0.67666664 1.2466667 1.2466667 0.5553144 1.1866667 0.34 0.96999998 0.96999999 -0.046666593 -0.046666667 0.44098953 -0.25333333 -0.25333333 0.26666667 0.26666667 0.26666667 0.030000292
-0.48333333 -0.48333333 -0.48333333 -0.48333333 -0.033333333 -0.033333333 -0.033333333 -0.23347987 1.0066667 1.0066667 1.0066667 1.0044554 0.42 0.42 0.42000003 0.96666752 0.96666667 0.96666667 0.96666667 0.97913707 0.98 0.98 0.98 1.1528524 1.1533333 1.1533333 1.1533333 0.87333333 0.87333333 0.87333333 0.68666667 0.68666667 0.68666667 1.1033333 1.1033333 1.7866667 1.7866667 1.9 1.9 1.8920372 0.67666667 0.67666667 0.67666667 0.15666667 0.52660323 0.52666667 0.34100284 0.34 0.34 -0.22666667 -0.22666667 -0.046681592 -0.25333333 -0.25333333 -0.25333333 0.26666667 0.26666667 0.26666667 0.08
-0.48333333 -0.48333333 -0.48333333 -0.48333333 -0.050051199 -0.24 -0.24 -0.24 -0.24 0.066073259 -0.15333333 0.41988119 0.42 0.42 0.42 0.96652709 0.96666667 0.96666667 0.96666667 0.9799975 0.98 0.98 0.98 1.1533309 1.1533333 1.1533333 1.1533333 0.87333333 0.87333333 0.87333333 0.68666667 0.68666667 0.68666667 0.96333333 0.96333333 0.96333333 1.06 1.06 0.72666667 0.72666667 0.72666667 0.67666667 0.67666667 0.15666667 0.52593258 0.52666667 0.34302978 0.34 0.34 -0.22666667 -0.22666667 -0.13666667 -0.050466206 0.21 0.21 0.27666667 0.27666667 0.27639428 0.08
-1.6733333 -1.6733297 -0.48494129 -0.27334798 -0.24 -0.24 -0.24 -0.24 -0.24 -0.15333333 -0.15333333 -0.15333333 0.42 0.42 0.42 0.32333333 0.32333333 0.32333333 0.32333333 0.62333333 1.02 1.02 1.02 0.71669544 1.0635001 1.1533333 0.89666667 0.89666667 0.896441 0.87333333 0.68666667 0.68666667 0.68666926 0.96333333 0.96333333 0.96333333 1.06 1.06 0.72666667 0.72666667 0.72666667 -0.13 -0.561947 -0.56333333 -0.56333333 -0.56333333 -0.75 -0.75 -0.75 -0.68666667 -0.6866662 -0.13666667 -0.050334528 0.21 0.21 0.27666667 0.27666667 0.27666667 -0.15666667
-1.6733333 -1.6733333 -1.6733333 -0.24526147 -0.24 -0.24 -0.24 -0.24 -0.24 -0.15333333 -0.15333333 -0.15333333 0.51999816 0.52 0.52 0.51999384 0.32333333 0.32333333 0.62333333 0.62333333 0.62880904 1.02 1.02 0.71666667 0.71666667 0.71666667 0.89666667 0.89666667 0.89666667 0.89666667 0.51666667 0.51666667 0.51666667 0.96333333 0.9604705 0.47333333 0.49311652 1.06 0.40334198 0.72656555 -0.13 -0.13 -0.13017226 -0.56333333 -0.56333333 -0.56333333 -0.64029767 -0.74996814 -0.68822802 -0.68666667 -0.68666667 0.18333333 0.18333333 0.32 0.32 0.27666667 -0.86333333 -0.86333333 -0.15666667
-1.6733333 -1.6733333 -1.6733333 -1.6599244 -0.24 -0.24 -0.24 -0.24 -0.27851436 -0.15333333 -0.15333333 -0.15333333 0.52 0.52 0.52 0.52 0.32333333 0.34269505 0.62333333 0.62333333 0.62333333 1.02 0.71666667 0.71666667 0.71666667 0.71666667 0.89666667 0.89666667 0.89666667 0.89666602 0.51666667 0.51666667 0.51666667 0.51666667 0.47333333 0.47333333 0.47333333 0.40333333 0.40333333 0.40333333 -0.1238948 -0.13 -0.13000027 -0.56333333 -1.0566667 -1.0566667 -0.73666667 -0.73666667 -0.73666667 -0.1 -0.1 0.18333333 0.18333333 0.32 -0.60333333 -0.60333333 -0.86333333 -0.86333333 -0.70333333
-1.6733333 -1.6733333 -1.673245 -1.3866667 -1.3866667 -0.90376085 -0.94 -0.94 -0.94 -0.93999984 -0.15333333 -0.15333333 -0.19333333 -0.19333333 -0.19333333 -0.19333333 -0.19223121 0.04 0.04 0.04 0.04 0.088902091 0.51666667 0.51666667 0.51666667 0.51666667 0.89666356 0.82000003 0.82 0.82 0.51666667 0.51666667 0.51666667 0.51666667 0.47333333 0.47333333 0.47333332 0.4033329 0.40333333 0.40333333 0.086666667 0.086666667 -0.50666667 -0.50666667 -1.0566667 -1.0566667 -0.27333344 -0.73666667 -0.10000005 -0.1 -0.1 -0.68666667 -0.68666667 -0.60333333 -0.60333333 -0.71949644 -0.8574519 -0.70333333 -0.70333333
-1.6733333 -1.6733329 -1.3866667 -1.3866667 -1.3866667 -1.3793788 -0.94 -0.94 -0.94 -0.94 -0.93999999 -0.19340007 -0.19333333 -0.19333333 -0.19333333 -0.19333334 -0.1922141 0.040000183 0.04 0.04 0.04 0.4220375 0.51666667 0.51666667 0.51666667 0.51666667 0.82 0.82 0.82 0.82 0.82 0.51666667 0.51666667 0.39668214 0.10022922 0.1 0.1 0.1 0.036666667 0.036666667 0.086666667 0.086666667 -0.50666667 -0.50666667 -1.0566652 -0.28717284 -0.27333333 -0.27333333 -0.25697021 -0.1 -0.11516848 -0.68666667 -0.68666667 -0.68666667 -0.72 -0.72 -0.4533341 -0.45333333 -0.68666667
-1.6733299 -1.3866667 -1.3866667 -1.3866667 -1.3866667 -1.3866667 -0.94 -0.94 -0.94 -0.94 -0.94 -1.0466666 -1.0466667 -1.0466667 -1.0466667 -1.0466667 -0.093143879 0.043333333 0.043333333 0.043333333 0.043333333 0.977344 1 1 1 1 0.81999705 0.82 0.82 0.82 0.81999972 0.39666667 0.39666667 0.39666667 0.39666667 0.1 0.1 0.099999997 0.036666667 0.036666667 0.076669768 0.086666667 -0.50594356 -0.22666667 -0.22666667 -0.27333333 -0.27333333 -0.27333333 -0.44666667 -0.44666667 -0.46181978 -0.68666669 -0.83020663 -0.90653343 -0.72 -0.45333377 -0.45333333 -0.45333333 -0.79666555
-1.2215326 -1.3866667 -1.3866667 -1.3866667 -1.3866667 -1.3866667 -0.94 -0.94 -0.94 -0.94 -0.93982664 -0.25669418 -0.62832034 -1.0466667 -1.0466667 -1.0466667 -0.1044912 0.043333333 0.043333333 0.043333333 0.043333334 0.99996991 1 1 1 1 0.79666667 0.79666667 0.79666667 0.79666667 0.79666667 0.39666667 0.39666667 0.39666667 0.39666667 0.49109712 0.1 0.075372021 0.036666667 0.076666667 0.076666667 0.076666667 -0.22666667 -0.22666667 -0.22666667 -0.22666667 -0.27333333 -0.44666667 -0.44666667 -0.44666667 -0.4466817 -0.90666667 -0.90666667 -0.83578415 -0.71237473 -0.45333333 -0.47666667 -0.47666667 -0.79666408
-1.2133333 -1.3866666 -1.3866666 -1.3026397 -1.0433333 -1.0433333 -1.0433328 -0.93998843 -0.93992493 -0.93715227 -0.25666667 -0.25666667 -0.25666667 -0.25666667 -0.25666667 -0.26788575 -0.063862259 0.45 0.45 0.45 0.45 0.45001248 1.0241766 1.4466667 1.4466667 1.4466667 1.6165529 0.79672551 0.79666667 0.79666667 0.79075967 0.48661447 0.39666667 0.39666667 0.39666818 0.69 0.69 0.69 0.076666664 0.076666667 0.076666667 0.076666667 -0.22666667 -0.22666667 -0.22666667 -0.22666667 -0.32666587 -0.44278577 -0.44666667 -0.44666667 -0.51190937 -0.71666688 -0.71666667 -0.71666667 -0.56002043 -0.47666668 -0.47666667 -0.47666667 -0.56059346
-1.2133333 -1.2116646 -1.0433333 -1.0433333 -1.0433333 -1.0433333 -1.043254 0.11 0.11 0.11 -0.080727665 -0.25666667 -0.25666667 -0.25666667 -0.25666667 -0.069320913 -0.066666667 -0.065698083 0.45 0.45 0.45 0.58333333 1.4466667 1.4466667 1.4466667 1.4466667 1.6166667 1.6166667 1.6166667 1.6166667 0.48666667 0.48666667 0.48909142 0.73666667 0.69003351 0.69 0.69 0.66333333 0.66333333 0.076666667 0.12 0.12 0.12 -0.26666667 -0.26666667 -0.26666667 -0.32666666 -0.32666667 -0.32666667 -0.32667378 -0.40666667 -0.71666491 -0.56 -0.56 -0.56 -0.62333333 -0.72666667 -0.72666667 -0.72666667
-1.2133333 -1.2132451 -1.0433333 -1.0433333 -1.0433333 -1.0433333 0.10999999 0.11 0.11 0.11 0.11 -0.25666667 -0.25666667 -0.25666667 -0.25666667 -0.066666667 -0.066666667 -0.066666667 0.24756131 0.45 0.58333333 0.58333333 0.58333333 1.4466667 1.1333334 1.1333333 1.6099287 1.6166667 1.6166667 0.73209818 0.48666667 0.48666667 0.73666653 0.73666667 0.73666667 0.69 0.66333333 0.66333333 0.66333333 0.12019429 0.12 0.12 0.12 -0.26666667 -0.26666667 -0.26666667 -0.32666666 -0.32666667 -0.32666667 -0.40666667 -0.40666667 -0.40666667 -0.56 -0.56 -0.62333333 -0.62333333 -0.72666655 -0.72666667 -0.72666667
-1.2133333 -1.2132779 -1.0433333 -1.0433333 -1.0433333 -1.0433333 0.11 0.11 0.11 0.11 0.11000022 0.3 0.3 -0.2508189 -0.066666842 -0.066666667 -0.066666667 -0.066666667 -0.35677335 0.58333333 0.58333333 0.58333333 0.58333333 1.1333333 1.1333333 1.1333333 0.87752232 0.75666667 0.75666667 0.49519059 0.48666667 0.48666667 0.73666666 0.73666667 0.73666667 0.73666635 0.66333333 0.66333333 0.66333333 0.12190259 0.12 0.12 0.12 -0.26666667 -0.26666667 -0.26666667 -0.32658534 -0.32666667 -0.32666667 -0.40666667 -0.40666667 -0.41151059 -1.0455372 -0.82000021 -0.82 -0.62333336 -0.62333333 -0.72378131 0.56333333
-0.36333333 -0.36832319 -0.32666667 -0.32666667 -0.32666667 -0.32666667 0.11 0.11 0.11 0.11 0.3 0.3 0.3 0.3 -0.066089369 -0.066672468 -0.37333291 -0.37333333 -0.37333333 -0.37333332 0.58333015 0.32336239 0.32333333 1.1333331 1.1333322 0.51333336 0.70581725 0.75666667 0.75666667 0.26 0.26 0.26 0.70333333 0.70333333 0.70324933 0.26000099 0.26 0.28 0.28 0.27999999 0.14333333 0.14333333 -0.22805053 -0.29666667 -0.34 -0.34 -0.34 -0.74666667 -0.72667202 -0.72333333 -0.72333333 -1.1033333 -1.0694144 -0.97333333 -0.82 -0.82 0.059998255 0.56333333 0.56333333
-0.36333333 -0.63333286 -0.35173139 -0.32666667 -0.32666667 -0.32666667 0.046666666 0.04666667 0.10999996 0.29866819 0.3 0.3 0.3 0.3 -0.74333333 -0.74333317 -0.37333333 -0.37333333 -0.37333333 -0.37333282 0.32333333 0.32333333 0.32333333 0.35129885 0.51333333 0.51333333 0.51333333 0.013333335 0.013333367 0.26 0.26 0.26 0.70333333 0.70333333 0.34666667 0.26003706 0.26 0.28 0.28 0.28 0.14333333 0.14333333 -0.29666667 -0.29666667 -0.34 -0.34 -0.45677487 -0.74666667 -0.72666667 -0.72666667 -1.1033333 -1.1033333 -0.92018931 -0.97333333 -0.97333333 0.06 0.06 0.06 0.56333333
-0.36333333 -0.63333333 -0.63333333 -0.32666667 -0.32666667 -0.32666664 0.046666667 0.046666667 0.046666667 0.29999802 0.3 0.3 0.3 -0.74329095 -0.74333333 -0.74333333 -0.74333294 -0.37333333 -0.37333333 0.31665798 0.32333333 0.32333333 0.32333333 0.32389883 0.51333333 0.51333333 0.013380465 0.013333333 0.013333333 -0.11666667 -0.11666667 0.32666667 0.32666667 0.32674437 0.34666667 0.34666612 0.26 0.77367649 0.82816495 0.33666667 0.33666667 -0.0074730525 -0.29666667 -0.36333333 -0.36333333 -0.34 -0.74666667 -0.74666667 -0.72666667 -0.72666667 -0.69246445 -0.53666667 -0.53666667 -0.74666667 -0.74666667 0.059912944 0.06 0.06 0.56333312
-0.36523636 -0.63333333 -0.63333333 -0.6333274 -0.32666667 0.046666667 0.046666667 0.046666667 0.046666667 0.046670596 0.3 0.3 0.3 -0.74333333 -0.74333333 -0.74333333 -0.74333333 -0.74067116 -0.89980147 -0.90333333 -0.90228412 0.32333333 0.32333333 0.32370226 0.51333333 0.51333333 0.013333333 0.013333333 0.013333333 -0.11666667 -0.11666667 0.32666667 0.32666667 0.21 0.21 0.85663522 0.85666667 0.83 0.83 0.33666667 0.33666667 0.33666667 -0.36333333 -0.36333333 -0.72 -0.63 -0.63 -0.63 -0.39 -0.39 -0.22333464 -0.22334916 -0.53560271 -0.74666667 -0.74666667 -0.74666028 0.06 0.06 0.060004237
0.19 -0.59425433 -0.63333333 -0.63333333 -0.28702522 0.046666667 0.046666667 0.046666667 0.046666667 0.046666667 0.3 0.3 -0.7432626 -0.74333333 -0.74333333 -0.74333333 -0.74333333 -0.7448382 -0.90333333 -0.90333333 -0.90333333 -0.90333333 -0.9033333 -0.2133333 -0.21333333 -0.21333333 -0.64333153 -0.64333333 -0.64333333 -0.18666667 -0.18666667 0.18 0.18 0.21 0.21 0.85666667 0.85666667 0.83 0.83 0.79946402 0.33666628 -0.34666667 -0.46663488 -0.72 -0.72 -0.63 -0.63 -0.63 -0.39 -0.39 -0.22333333 -0.22333333 -0.22333333 -0.42333333 -0.42333333 -0.42333333 -0.42333327 0.059999983 0.060000019
0.19 0.19 0.19 0.18377161 0.03936413 0.046666667 0.046666667 0.046666667 0.046666636 0.014673945 -0.072795834 0.2824687 -0.74333333 -0.74333333 -0.74333333 -0.74333333 -0.74333333 -0.90333333 -0.90333333 -0.90333333 -0.90333333 -0.90333333 -0.90333333 -0.21333333 -0.21333333 -0.21333333 -0.21336846 -0.64333333 -0.64333333 -0.18666667 -0.18666667 0.18 0.18 0.18 0.47328609 0.85666667 0.85666667 0.7 0.7 -0.34666451 -0.34666667 -0.34666667 -0.34666667 -0.72 -0.72 -0.63 -0.63 -0.62988013 -0.39 -0.39 -0.22333333 -0.22333333 -0.22333333 -0.42333333 -0.42333333 -0.42333333 -0.42333333 -0.42332266 0.058755654
