EBird Region Approach/spi files/9-11|21_3.tif
NCOLS 121
NROWS 95
XLLCORNER -137.04393
YLLCORNER 23.663691
DX 0.49677396
DY 0.49847026
NODATA_VALUE -9999
[rows 26 to 51 of 95, columns 0 to 59 of 121]
1.5466355 1.105421 1.0533338 1.0533333 1.0512871 -0.85612689 -0.86 -0.86 -0.86 -0.42942757 -0.25 -0.25 -0.25 -0.25 -0.25 -0.25 -0.25 -0.25 -0.24999372 -0.15835469 -0.086975904 -0.038213428 0.026116999 -0.34332983 -0.34333333 -0.34333333 -0.34333333 -0.34333333 -0.34333333 -0.34333333 -0.34333333 -0.34279879 0.1628288 0.086666667 0.086666667 0.086666667 -0.22887821 -0.23 -0.20333339 -0.20333333 -0.1833416 0.32666667 0.32697883 0.49666664 0.48876719 2.9466667 2.9466667 2.9466667 2.9466667 -1.1866667 -1.1866667 -1.1866667 -0.62178308 -0.10010274 -0.82333264 -0.82333333 0.46100871 0.46666554 0.46666184 0.46677653
1.5463159 1.1247688 1.0533443 1.0533078 0.95358639 -0.33976416 -0.74604556 -0.84394265 -0.85284364 -0.25000257 -0.25 -0.25 -0.25 -0.25 -0.25 -0.25 -0.25 -0.25 -0.24999997 -0.24717884 0.45037542 0.45 0.45000021 0.59631934 0.82527997 0.014090991 -0.34245572 -0.34333323 -0.34333333 -0.34333333 0.19942044 0.2 0.2 0.086666667 0.086666667 0.086666667 -0.23 -0.23 -0.363161 -0.20333333 -0.20333333 0.19371339 0.32053325 -0.57666667 -0.57666667 -0.57666667 2.9462943 2.9466667 -1.1866664 -1.1866667 -1.1866667 -1.1866667 -1.1856228 -0.82333333 -0.82333333 -0.82333333 0.39074988 0.39333333 0.39333333 0.39333333
1.5448133 1.0749413 0.92032525 0.92000009 0.92 0.92 0.92 0.92 0.92000691 0.97981167 -0.21413974 -0.24998441 -0.25 -0.25 -0.25 -0.25 -0.24999986 0.21398423 1.7265523 1.723201 0.45001637 0.45 0.45 0.45021959 0.88999971 0.89 0.89 0.89 0.89 0.87101584 0.2 0.2 0.2 0.2 0.086666667 0.086666667 -0.23 -0.23 -0.36333333 -0.36333333 -0.36303058 -0.20413798 -0.57666667 -0.57666667 -0.57666667 -0.57666667 -0.57666667 -0.59345586 -1.1866667 -1.1866667 -1.1866667 -1.1866666 0.30666667 -0.82333333 -0.82333333 -0.82333333 0.39333333 0.39333333 0.39333333 0.39333333
0.92169808 0.92000001 0.92 0.92 0.92 0.92 0.92 0.92 0.92000007 0.96512134 1.074018 1.0600009 1.0600005 1.0600032 1.0599616 1.7265624 1.7266667 1.7266667 1.7266667 1.7259248 0.45000008 0.45 0.45 0.45 0.88996531 0.89 0.89 0.89 0.89 0.89 0.2 0.2 0.2 0.2 -0.64333333 -0.57 -0.56999638 -0.56333333 -0.19333333 -0.82333333 -0.95666666 -0.9566649 -0.57666667 -0.57666667 -0.57666667 -0.57666667 -0.82191937 -1.5200114 -1.7727514 -1.1866441 -0.082617386 0.30666667 0.30666667 -0.82333333 -0.82333333 -0.82256245 0.39333333 0.39333333 0.39333333 0.39333333
0.92000003 0.92 0.92 0.92 0.92 0.92 0.92 0.92 0.92 0.95240986 1.7238502 1.06 1.06 1.0600001 1.0601462 1.7266666 1.7266667 1.7266667 1.7266667 1.7265779 0.45 0.45 0.45 0.45 0.57339985 0.89 0.89 0.89 0.89 0.89 0.20011891 0.2 0.2 -0.23333333 -0.23333333 -0.71666667 -0.86 -0.43334534 0.55333333 -0.95666667 -0.95666667 -0.05 -0.05 -0.57667126 -0.84 -0.84 -0.84016629 -1.52 -1.8599889 -1.8595674 -1.8506818 -1.1566667 -1.1566667 -1.1566667 -1.1566666 0.39333333 0.39333333 0.39333333 0.39333333 0.39333333
0.92000008 0.92000001 0.92 0.92 0.92 0.92 0.92 0.92 0.92 0.95430085 2.1133325 1.06 1.06 1.06 1.0649167 1.7266667 1.7266667 1.7266667 1.7266667 1.7266599 0.45 0.45 0.45 0.45 0.45 0.89 0.89 0.89 0.89 0.89 0.88999998 0.19999865 -0.23332894 -0.23333333 -0.25172593 -0.51333333 -0.5 -0.77666667 0.17333315 0.17 0.17 -0.05 -0.049849792 -0.85081819 -0.84 -0.84000001 -1.52 -1.52 -1.86 -1.8599863 -1.8533333 -1.1852129 -1.1566667 -1.1566667 -1.1566667 0.39332419 0.39333333 0.39333333 0.39333333 0.39333333
0.92000045 0.92000004 0.92 0.92 0.92 0.92 0.92 0.92 0.92 1.1782579 2.1133333 1.0601922 1.06 1.06 1.6628903 1.7266667 1.7266667 1.7266667 1.7266667 1.7266655 0.45 0.45 0.45 0.45 0.45 0.89 0.89 0.89 0.89 0.88994978 -0.82943064 -0.21183966 -0.23333333 -0.23399435 -0.4 -0.4 -0.5 -0.77665575 0.17333333 0.17332835 0.17 -0.03 -0.03 -0.030011535 -0.86333333 -0.86408257 -1.52 -1.52 -1.86 -1.86 -1.8533333 -1.46 -1.8 -1.8 -1.7990847 -0.89666667 -0.79476619 -0.41666667 -0.41666667 -0.41664936
0.9200049 0.9200007 0.92000005 0.92 0.92 0.92 0.92 0.92 0.92 2.1127215 2.1133333 2.1133333 2.83 1.7 -0.086609996 1.7266667 1.7266667 1.7266667 1.7266667 1.7266619 0.45 0.45 0.45 0.45 0.45 0.66542345 0.83575399 -0.83 -0.83 -0.83 -0.83 -0.83 -0.36970365 -0.4 -0.4 -0.4 -0.34866515 1.3066667 0.1733395 0.17333333 0.16624054 -0.03 -0.030000345 -0.91 -1.5966667 -0.92333333 -1.12 -1.1733333 -1.17 -1.2266667 -1.8233333 -1.7966667 -1.8 -1.4285787 -1.5731943 -0.89666667 -0.89666667 -0.41666667 -0.41666667 -1.0632993
0.92008607 0.92002886 0.92000672 0.92000088 0.92000004 0.92 0.92 0.92 0.96647758 1.0733602 2.1133333 2.1133333 2.11 -0.086666666 -0.08666666 1.7247774 1.7266667 1.7266667 1.7266667 1.7263233 0.45 0.45 0.45 0.45 0.45 0.040015731 -0.83 -0.83 -0.83 -0.83 -0.83 -0.82977078 -0.62256594 -0.4 -0.4 0.46231577 1.3066667 1.3066667 1.3066639 -1.0840405 -1.27 -1.27 -0.91000001 -1.7566667 -0.97661705 -0.67 -0.81666667 -0.63333335 -1.11 -1.49 -1.8234448 -1.7534642 -1.69 -1.4 -1.5733333 -0.8966667 -0.89666667 -0.41666667 -0.61136727 -1.0633333
0.92189775 0.9216708 0.92171425 0.92256564 0.92976548 1.0431605 1.0733332 1.0733333 1.0733333 1.0733333 0.18333333 0.18333333 2.11 2.11 2.11 0.71033732 0.70669706 0.70402749 0.28265376 1.12 1.1196514 0.45 0.45 0.45 -1.6041779 -1.6066667 -1.6053141 -0.82311976 -0.73333333 -0.73333333 -0.73333333 -0.73333269 -0.47653475 0.62391512 0.63333307 -0.21159547 -0.80333306 -0.80333333 0.26207923 0.47900047 -1.27 -1.27 -1.27 -1.0633305 -0.19408152 -0.41666667 -0.75333333 -0.93 -1.29 -1.42 -1.9463551 -2.2266667 -1.65 -2.0533333 -1.6333333 -0.74333333 -1.81 -1.67 -1.0633333 -1.0633333
0.95215835 0.9751798 1.0236459 1.0666389 1.0732465 1.0733333 1.0733333 1.0733333 1.0733333 1.0733284 0.18333333 0.18333333 2.1099804 2.11 2.11 0.70666667 0.70666667 0.63884577 0.23698084 1.12 1.12 1.12 0.45003024 -1.6015159 -1.6066667 -1.6066667 -1.6066667 -0.73333366 -0.73333333 -0.73333333 -0.68412588 -0.37666667 -0.3766177 -0.1393597 0.63333333 0.63333333 0.19736597 0.26333333 0.26333333 0.48 0.48 -0.51333334 -0.51333333 -1.0633333 -1.0632919 -0.36829024 -0.35 -0.88 -1.0366667 -1.61 -1.0733333 -1.6866667 -1.3933333 -2.07 -1.9133333 -0.74333333 -1.0599406 -1.67 -1.67 -1.0670632
1.0436017 1.0647724 1.0722899 1.0732979 1.0733332 1.0733333 1.0733333 1.0733333 1.0733333 0.18384791 0.18333333 0.18333333 0.18333608 2.11 0.70666667 0.70666667 0.70666667 0.23666667 0.23666667 1.12 1.12 1.12 0.54267348 0.053843728 -1.6005257 -1.6066667 -1.6066667 -1.6066667 -0.73248271 -0.37666667 -0.37666667 -0.37666667 -0.14007246 -0.14 0.63284757 0.63333333 0.63333333 0.26333333 0.26333333 0.48 -0.68333333 -0.68304782 -0.51333333 -0.59666667 -0.72 -0.82 -0.94666667 -0.78666667 -0.60333333 -1.35 -1.75 -1.5854526 -1.0133333 -1.4166667 -1.14 -1.0664581 -1.06 -1.06 -1.6933333 -1.6933333
1.0697103 1.0727132 1.0732842 1.073332 1.0733333 1.0733333 1.0733333 1.0733333 1.0733323 0.18336387 0.18333333 0.18333333 0.18333346 0.99594454 0.70666493 0.70666667 0.70666667 0.23666667 0.2366667 1.12 1.12 1.12 0.36947318 0.056666667 0.056666667 0.056666667 -1.6066667 -1.6066667 -0.37666667 -0.37666667 -0.37666667 -2.3731468 -0.14022384 -0.14 -0.14 0.63333333 0.63333333 0.073098094 0.063333334 -1.1199997 -1.12 -1.12 -1.3733333 -0.59666667 -0.52333333 -0.49 -0.40903984 -0.72666667 -1.0533315 -1.0733333 -0.81333333 -0.81336618 -0.8966695 -0.94665699 -0.12668628 -1.41 -1.41 -0.84333667 -1.9066667 -1.9066454
1.0727174 1.0732438 1.0733265 1.0733331 1.0733333 1.0733333 1.0733333 1.0733332 1.0671431 0.18338533 0.18333333 0.18333333 0.18315301 0.073333334 0.073333333 0.073333333 0.073333333 0.073999484 0.39666667 0.39666667 0.35365449 0.37 0.37 0.060171236 0.056666667 0.056666667 0.056666667 -0.27888853 1.3299935 -2.373271 -2.3733333 -0.45333333 -0.45333231 -0.14 -0.14 -0.26666654 -0.26665638 0.063333333 0.063333333 0.063327988 -1.1136343 0.51333333 -0.45666667 -0.23333333 -0.71 -0.11873156 -0.76333333 -0.74 -0.25666667 -0.59333333 -1.19 -1.19 -0.58333333 -0.98333333 -0.9831259 -1.41 -1.41 -0.84333333 -1.9066667 -0.99666667
1.0731674 1.0733088 1.0733311 1.0733332 1.0733333 1.0733333 1.0733328 1.0732205 0.83752742 0.18347853 0.18333334 0.18331606 0.073333334 0.073333333 0.073333333 0.073333333 0.073333333 0.073333333 0.39666667 0.35333333 0.35333333 0.37 0.37 0.37 0.056715161 0.056666684 0.081692127 2.2933027 1.33 1.1966667 1.1966667 0.04 0.039999987 -0.48 -0.4799996 -0.26666667 -0.26666667 0.063333333 0.063333333 0.43333148 0.51333297 0.51336696 0.66 0.2110181 -0.49666667 -0.61520485 -0.95666666 -0.63333333 -0.63666667 -0.92666667 -1.09 -1.1899998 -0.89666667 -1.51 -1.5100061 -1.9266667 -1.9266667 -0.84333333 -1.4633333 -0.82333333
1.0732661 1.073322 1.0733319 1.0733331 1.0733329 1.0733308 1.0732778 1.0679625 0.44159195 0.18371746 0.18331661 0.07334395 0.073333333 0.073333333 0.073333333 0.073333333 0.073333333 0.50333333 0.50333333 0.35333333 0.35333333 0.37 0.37 0.37 1.0883111 1.2566667 1.9347855 2.2933333 1.33 1.33 1.1966667 0.04 0.039937619 -0.48 -0.47998082 -0.11333333 -0.11333333 0.43332758 0.43333333 0.43333333 0.43994006 0.78141366 0.24995874 0.21666667 0.83 -0.64666667 -0.14000034 -0.2 -0.46666667 -0.36666667 -0.85663153 -0.71333333 -1.0565595 -1.3851931 -1.39 -1.23 -1.2300001 -1.4260618 -0.76333333 -0.76333333
1.0732945 1.0733247 1.0733306 1.07333 1.0733228 1.0732595 1.0720685 1.0201848 0.30293163 0.18417673 0.075459286 0.073333334 0.073333333 0.073333333 0.073333333 0.073333333 0.49640306 0.50333333 0.50333333 0.50333333 1.0033333 1.0033333 0.37 1.0666667 1.0666667 1.2566667 2.0666667 1.7133333 1.7133342 1.3301022 1.4139814 1.4233333 0.71333333 0.71333333 -0.08 -0.079999988 -0.11333333 0.43333313 0.43333333 0.87333333 0.87333333 0.81666667 0.81666667 0.81666667 1.1133333 0.94333333 -0.03 -0.19666667 0.17333333 0.25666667 0.043333325 -0.56333334 -0.98333333 -0.59867038 -1.2033333 -1.23 -0.37 -0.37 -0.76333333 -0.76333333
1.0732991 1.0733179 1.0733172 1.0732982 1.0732028 1.072475 1.0627906 0.87988719 0.26029045 0.10111672 0.073333909 0.073333334 0.073333334 0.073333334 0.073333402 0.085333699 0.50333333 0.50333333 0.50333333 1.0033333 1.0033333 1.0033333 1.0033333 1.3 1.3 0.79333333 1.1666667 3.6866667 1.4931412 1.2636288 1.4033333 1.4233333 0.71333333 0.71333333 -0.0037295982 -0.0033333333 0.0066666538 0.66333333 0.66333333 0.87333333 0.87333333 0.81666667 0.81666667 0.81666667 0.59666673 0.58844709 0.48316322 -0.28333333 -0.50666667 -0.39 -0.91341732 -0.82666667 -0.6133336 -1.1635011 -0.57666669 -0.37000707 -0.37 -0.37 0.023333333 0.023333333
1.0732758 1.0732764 1.0732371 1.0730906 1.0724279 1.0681541 1.028707 0.69997012 0.17918451 0.073402433 0.073333523 0.073333558 0.073334028 0.073346301 0.079184946 0.50285908 0.50333333 0.50333333 0.50335566 1.0033333 1.0033333 1.0033333 1.0033333 1.3 1.3 0.79334392 1.38 1.5633333 1.5166667 1.2633333 1.4033333 1.4134052 0.71364015 0.71333333 0.0066666667 0.0066666667 0.0066666667 0.47 0.66333333 0.66333333 0.62666895 0.62666667 0.81666667 0.81666667 0.59618678 0.38999567 -0.076327958 -0.48333333 -0.44 -0.44000005 -0.92666667 -0.9 -0.61333333 -1.32 -0.74019065 -0.37046604 -0.37 -0.36999999 0.023333333 0.023333333
1.0731767 1.0731089 1.0728935 1.072187 1.0692917 1.0538835 0.95614195 0.49053083 0.075264219 0.073339983 0.073342026 0.073358393 0.073533448 0.081073545 0.45062029 0.50332396 0.50333333 0.50333418 1.0021612 1.0033333 1.0033333 1.0033333 1.0033978 1.3 0.74319121 0.71666667 0.71666667 1.6333333 1.4133675 1.263352 1.4574307 1.402764 0.6730741 0.34666669 0.34666667 0.34666667 0.34666667 0.47 0.47 0.47009465 0.62666667 0.62666667 0.62666667 0.63258246 0.42526224 -0.067223507 -0.24666853 -0.48141162 -0.44000835 -0.44001568 -0.92658826 -0.89999978 -0.72807606 -0.73 -0.73 -0.73 -0.38887604 0.011696448 0.023333333 0.023333333
1.0728721 1.0725745 1.0717777 1.0693489 1.0604614 1.0216901 0.82188824 0.11009369 0.073446381 0.073422948 0.073555774 0.074367283 0.084922213 0.29710119 0.5010966 0.50333056 0.50333583 0.53682456 1.0033293 1.0033333 1.0033333 1.0033333 1.0096196 1.2535579 1.4065865 1.4598718 1.46 1.6333333 1.4575499 1.46 1.46 1.0333333 0.51666809 0.51666667 0.34666667 0.34666667 0.34666667 0.47 0.47 0.6266396 0.62666667 0.62666667 0.62666667 0.09355316 0.093333333 0.093333333 0.093333333 0.09333333 -0.44721655 -0.44065025 -0.92422513 -0.89991839 -0.73 -0.73 -0.73 -0.73 -0.73 0.023242037 0.023333333 0.023330437
1.0720915 1.0711825 1.0689123 1.0624911 1.0415094 0.95445797 0.33411163 0.075330583 0.073775236 0.074273348 0.076376664 0.090093139 0.21226669 0.47383075 0.50290467 0.50334208 0.50602273 0.97571724 1.0033326 1.0033333 1.0033333 1.0033333 1.459919 1.46 1.46 1.46 1.46 1.46 1.46 1.46 1.46 1.0333333 0.51666667 0.51666667 0.34666893 0.34666681 0.34668153 0.17505742 -0.043333333 -0.043333333 0.6266627 0.61722476 -0.1065865 0.093333325 0.093333333 0.093333333 0.093333333 0.093333333 0.093333333 -0.44193078 -0.92006758 -1.183332 -1.1833333 -1.1833333 -1.1833333 -1.1833333 -1.1833333 -1.1829009 0.022985177 0.023236012
1.0703717 1.0681321 1.0628425 1.0488198 1.0019682 0.67085204 0.097908102 0.074858681 0.07591082 0.079812138 0.09619641 0.17953281 0.40425913 0.49661492 0.50317683 0.50471219 0.64549799 1.0015336 1.0033326 1.0033333 1.0033334 1.3116065 1.46 1.46 1.46 1.46 1.46 1.4599962 1.0766667 1.0766667 1.0333333 1.0333333 0.51666667 0.51666667 0.36 0.36 0.36 -0.043333333 -0.043333333 -0.043333333 -0.1059112 -0.10666667 -0.10666667 -0.10666666 0.093333333 0.093333333 0.093333333 0.093333333 0.093321894 -0.39 -0.39 -1.1833333 -1.1833333 -1.1833333 -1.1833333 -1.1833333 -1.1833333 -0.52666667 -0.52666667 -0.52666667
1.0670467 1.0623358 1.0515897 1.0213505 0.85789857 0.21410262 0.07925302 0.078746997 0.084600004 0.10288721 0.16664326 0.33188548 0.47130795 0.500726 0.50455558 0.53802832 0.92715181 1.0028777 1.0033322 1.0033338 1.0269087 1.4599983 1.46 1.46 1.46 1.46 1.46 1.0766667 1.0766667 1.0766667 1.0766667 1.0332387 0.51666667 0.41323042 0.36 0.36 0.36 -0.043333333 -0.043333333 -0.043333333 -0.10411025 -0.10666667 -0.10666667 -0.10666662 0.054309989 0.093333333 0.093333333 0.09333295 -0.39 -0.39 -0.39 -0.39000002 -1.1833333 -1.1833333 -1.1833333 -1.1833333 -0.52666667 -0.52666667 -0.52666667 -0.52666667
1.0612604 1.0522554 1.0300241 0.93764371 0.45129651 0.10133725 0.08324827 0.090476717 0.10987738 0.16194264 0.28165832 0.42585473 0.48967871 0.50341651 0.52024741 0.71033203 0.98616781 1.0030894 1.003333 1.0071066 1.2754002 1.3269302 1.3794555 1.4222765 1.4465343 1.4552861 0.72036402 1.0766629 1.0766667 1.0766667 1.0766667 0.99800112 0.043333333 0.043333333 0.043333333 0.35999986 0.36 -0.27333333 -0.27331079 -0.043333749 -0.02 -0.02 -0.02 0.013333333 0.013333333 0.013333333 -0.033331841 -0.33255665 -0.39 -0.39 -0.39 -0.39 -1.0969054 -1.1833333 -1.1833333 -0.52669742 -0.52666667 -0.52666667 -0.52666667 -0.52666667
1.051724 1.0338332 0.97353326 0.67206466 0.17777388 0.092353885 0.097226388 0.11694995 0.16110238 0.25084531 0.37608462 0.46495313 0.49767913 0.51473246 0.5962858 0.88672146 0.99675367 0.99579237 0.63747754 0.61671662 0.61666977 0.61666673 0.61666667 0.61666667 0.61666667 0.61666667 0.47234418 0.45666667 0.45666667 0.45666667 0.33666667 0.33663935 0.043333333 0.043333333 0.043333333 0.043333333 -0.27333271 -0.27333333 -0.27333333 -0.27333333 -0.02 -0.02 0.013333333 0.013333333 0.013333333 0.013333333 -0.033333333 -0.033333333 -0.39 -0.39 -0.39 -0.39 -0.27 -0.27 -0.27 -0.52666543 -0.52666667 -0.52666667 -0.52666667 -0.52666667
