EBird Region Approach/spi files/9-11|23_3.tif
NCOLS 121
NROWS 95
XLLCORNER -137.04393
YLLCORNER 23.663691
DX 0.49677396
DY 0.49847026
NODATA_VALUE -9999
[rows 52 to 77 of 95, columns 59 to 117 of 121]
1.6 1.6433333 1.6433333 1.6433333 0.9167906 0.91666667 0.91666667 0.91666667 0.8534268 0.94666667 0.94666667 0.94666667 0.94666672 1.0352759 1.2804996 1.2833333 1.2833333 1.2833274 0.91005579 0.79666667 0.79666667 0.79666667 0.30561994 -0.58656782 -0.59999999 -0.77666667 -0.77666667 -0.77666667 -0.41333475 -0.23333333 -0.23333333 -0.23321171 0.06 0.06 -0.28997923 -0.29 0.023333227 0.0097229262 -0.51666667 -0.51666667 -0.42357765 -0.42333388 -0.44 -0.44 -0.44 -0.44 -0.44333333 -0.44333333 -0.44333333 -0.020565102 -0.010241508 1.2566667 1.2566667 0.59 -0.16666667 0.23999999 -0.12 0.083333334 -1.39
1.6 1.6433333 1.6433333 1.6433333 1.6426181 0.91666667 0.91666667 0.91666656 0.85333333 0.85333333 1.2766667 1.2766667 1.2766667 1.2833333 1.2833333 1.2833333 1.2833333 1.2833333 0.79666667 0.79666667 0.79666667 0.79666667 -0.5999999 -0.6 -0.6 -0.6 -0.41333333 -0.41333333 -0.41333333 -0.23333333 -0.23333333 -0.23333333 0.06 0.06 0.06 0.023333333 0.023333333 0.023333333 -0.42333333 -0.42333333 -0.42333333 -0.42333333 -0.44333315 -0.44 -0.44 -0.44 -0.44333333 -0.44333333 0.51665389 0.51666667 -0.013975295 -0.096666667 -0.096666667 0.58999925 -0.74 0.24 -0.52 -0.83333333 -0.58666667
1.6 1.6433333 1.6433333 1.6433333 1.6432741 1.21 1.2099985 0.85333333 0.85333333 0.85333333 1.2766667 1.2766667 1.2766667 1.6616818 1.2962744 1.2833333 1.2833333 1.2833407 0.77000008 0.77 0.77 0.77 -0.6 -0.6 -0.6 -0.6 -0.41333333 -0.41333333 -0.41333333 -0.23333333 -0.23333333 -0.23333333 0.06 0.06 -0.36333331 0.023333259 0.023333333 0.023333333 -0.42333333 -0.42333333 -0.42333333 -0.42333333 -0.44333333 -0.44333333 -0.44333333 -0.10666667 -0.10666667 0.48607912 0.51666667 0.51666667 0.51666666 0.12 0.12 -0.22333333 -1.24 -0.31 -1.3333333 -1.23 -1.6333333
1.3133335 1.6433333 1.6433333 1.6433333 1.21 1.21 1.21 1.209774 0.85333333 0.86196089 1.2766667 1.2766667 1.2766667 1.6733333 1.6733333 1.6733333 1.6733333 1.6733333 0.77 0.77 0.77 0.77 0.76692648 0.15666667 0.15666667 0.15666667 -0.41333295 -0.42686406 -0.80666667 -0.80666667 -0.23334033 -0.63333333 -0.63333333 -0.36358849 -0.36333333 -0.36333333 -0.043333333 -0.043333333 -0.043312144 0.32 0.32 0.31749885 -0.44333333 -0.44333333 -0.44333333 -0.10666667 -0.10666667 0.48642231 0.51666667 0.51666667 0.58333333 0.58333333 0.56999744 -0.070000191 -0.39333333 -0.22333333 -0.90666667 -1.07 -0.56333333
1.3132081 0.07 0.07 0.49845659 0.86713164 1.21 1.21 1.21 1.1397949 1.14 1.1400011 1.2766663 1.2788196 1.4336808 1.6732398 1.6733333 1.6733333 1.6733234 0.77 0.77 0.77001686 0.81666667 0.81624234 0.15666667 0.15666667 0.15666667 0.1566654 -0.80666667 -0.80666667 -0.80666667 -0.63333337 -0.63333333 -0.63333333 -0.58954172 -0.36333333 -0.36333333 -0.043333333 -0.043333333 0.32 0.32 0.32 0.32 0.15666523 0.15666667 0.15666667 0.32666667 0.32666667 0.56397079 0.58 0.58 0.58333333 0.58333333 0.57 0.22666667 0.06 -0.89666667 -0.50999997 -0.36666667 -0.51
0.07 0.07 0.07 0.070022589 0.86666667 0.86666667 0.86666667 0.86667488 1.14 1.14 1.14 1.14 1.4166661 1.4166667 1.4166667 1.4166667 1.4166667 0.56375506 0.81590691 0.81666667 0.81666667 0.81666667 0.81666667 -0.25178912 -0.33333333 -0.33333333 -0.33333333 -0.85999974 -0.86 -0.86 -0.85999929 -0.63333333 -0.76036453 -0.92 -0.36413525 -0.026666667 -0.026666667 0.35333327 0.35333331 0.32 0.32 0.030846525 0.15666667 0.15666667 0.15666667 0.32666667 0.32666667 0.5698997 0.58 0.096666667 0.096668362 -0.20666667 0.48666667 0.22666667 0.035046008 -0.76999982 -0.36832164 -0.36720719 -0.50999994
0.07 0.07 0.07 0.07 0.86666667 0.86666667 0.86666667 0.86667437 1.14 1.14 1.14 1.14 0.10273762 1.4166667 1.4166667 1.4166667 0.56333336 0.56333333 0.56333333 0.81666667 0.81666667 0.81666667 -0.45081112 -0.33333333 -0.33333333 -0.33333333 -0.33333333 -0.86 -0.86 -0.86 -0.86 -0.96666653 -0.92 -0.92 -0.92 -0.026666667 -0.026666667 0.35333333 0.35333333 0.35333333 0.010000001 0.01 0.0099999427 0.15666667 0.15666667 -0.38440179 0.32666666 -0.51666667 0.20333422 0.20333334 0.91666652 0.91666667 -0.16785401 -0.35666667 -0.35666667 -0.53666667 -0.53666667 -0.53666667 -0.46000005
0.07 0.07 0.07 0.07 0.86666667 0.86666667 0.86666667 0.14671549 1.14 1.14 1.14 1.1356278 -0.02 -0.02 -0.019999973 0.56333411 0.56333333 0.56333333 0.56333333 -0.50640426 -0.51 -0.51 -0.51 -0.72272263 -0.72333333 -0.72333333 -0.72333333 -0.86 -0.86 -0.86 -0.96666667 -0.96666667 -0.96666667 -0.92 -0.91999984 -0.026666667 -0.026666667 0.35333333 0.35333333 0.35249634 0.01 0.01 0.01 -0.54666667 -0.41668895 -0.41666667 -0.51612943 -0.51666667 -0.51666667 0.27333333 0.27333333 0.91650335 -0.35666667 -0.35666667 -0.35666667 -0.53666667 -0.53666667 -0.53666667 0.28333333
0.07 0.07 0.07 0.070000005 0.80653628 0.12333333 0.12333333 0.12333333 0.12333333 -0.4871184 -0.86666666 -0.020175454 -0.02 -0.02 -0.02 0.56318442 0.56333333 0.56333333 0.56333333 -0.50981879 -0.51 -0.51 -0.51 -0.72333029 -0.72333333 -0.72333333 -0.72333333 -0.86 -0.86 -0.86 -0.96666667 -0.96666667 -0.96666667 -0.61 -0.61 -0.61 0.20333333 0.20333333 0.23 0.23 0.23 0.01 0.01 -0.54666667 -0.41692459 -0.41666667 -0.51503826 -0.51666667 -0.51666667 0.27333333 0.27333333 -0.09 -0.093959623 -0.093333333 -0.093333333 0.086666667 0.086666667 0.069688108 0.28333333
-0.90333333 -0.90333037 0.068684811 0.11602425 0.12333333 0.12333333 0.12333333 0.12333333 0.12333333 -0.86666667 -0.86666667 -0.86666667 -0.02 -0.02 -0.02 0.29666666 0.29666667 0.29666667 0.29666667 -0.44333333 -0.42666667 -0.42666667 -0.42666667 -0.94995035 -0.76996431 -0.72333333 -0.46 -0.46 -0.4638686 -0.85999999 -0.96666667 -0.96666667 -0.96666332 -0.61 -0.61 -0.61 0.20333333 0.20333333 0.23 0.23 0.23 -0.74666667 -0.59382388 -0.59333333 -0.57333333 -0.57333333 -0.66 -0.66 -0.66 -0.46333333 -0.46333301 -0.09 -0.090830117 -0.093333333 -0.093333333 0.086666667 0.086666667 0.086666667 0.08
-0.90333333 -0.90333333 -0.90333333 0.11956465 0.12333333 0.12333333 0.12333333 0.12333333 0.12333333 -0.86666667 -0.86666667 -0.86666667 -0.69333381 -0.69333333 -0.69333333 -0.69330233 0.29666667 0.29666667 -0.44333333 -0.44333333 -0.44310326 -0.42666667 -0.42666667 -0.95 -0.95 -0.95 -0.46 -0.46 -0.46 -0.46 -0.62333333 -0.62333333 -0.62333333 -0.61 -0.61009738 -0.62666667 -0.59867795 0.20333333 -0.71664136 0.22970396 -0.74666667 -0.74666667 -0.74660571 -0.59333333 -0.59247306 -0.57333333 -0.60549292 -0.6594663 -0.46780769 -0.46333333 -0.46333333 -0.31333333 -0.31333333 0.016666667 0.016666667 0.086666666 -0.25666667 -0.25666667 0.08
-0.90333333 -0.90333333 -0.90333333 -0.91366135 0.12333333 0.12333333 0.12333333 0.12333333 0.089119274 -0.86666667 -0.86666667 -0.86666667 -0.69333333 -0.69333333 -0.69333333 -0.69333333 0.29666667 0.24890776 -0.44333333 -0.44333333 -0.44333333 -0.42666667 -0.95 -0.95 -0.95 -0.95 -0.46 -0.46 -0.46 -0.45999908 -0.62333333 -0.62333333 -0.62333333 -0.62333333 -0.62666667 -0.62666667 -0.62666667 -0.71666667 -0.71666667 -0.71666667 -0.74632325 -0.74666667 -0.74666657 -0.59333333 -0.55 -0.55 -0.43666667 -0.43666667 -0.43666667 -0.58 -0.58 -0.31333333 -0.31333333 0.016666667 0.10333333 0.10333333 -0.25666667 -0.25666667 -0.28666667
-0.90333333 -0.90333333 -0.90340211 -1.1266667 -1.1266667 -0.12325627 -0.13666667 -0.13666667 -0.13666667 -0.13666681 -0.86666667 -0.86666667 -0.38 -0.38 -0.38 -0.38 -0.38071964 -0.67333333 -0.67333333 -0.67333333 -0.67333333 -0.65076327 -0.45333333 -0.45333333 -0.45333333 -0.45333333 -0.45999554 -0.35000004 -0.35 -0.35 -0.62333333 -0.62333333 -0.62333333 -0.62333333 -0.62666667 -0.62666667 -0.62666666 -0.71666629 -0.71666667 -0.71666667 -0.92 -0.92 -0.75 -0.75 -0.55 -0.55 -0.64666665 -0.43666667 -0.57999999 -0.58 -0.58 -0.64333333 -0.64333333 0.10333333 0.10333333 -0.15554444 -0.25256334 -0.28666667 -0.28666667
-0.90333333 -0.90333367 -1.1266667 -1.1266667 -1.1266667 -1.1105137 -0.13666667 -0.13666667 -0.13666667 -0.13666667 -0.13666667 -0.37995629 -0.38 -0.38 -0.38 -0.38 -0.38111397 -0.6733011 -0.67333333 -0.67333333 -0.67333333 -0.49700833 -0.45333333 -0.45333333 -0.45333333 -0.45333333 -0.35 -0.35 -0.35 -0.35 -0.35 -0.62333333 -0.62333333 -0.36669977 -0.45010293 -0.45 -0.45 -0.45 -0.50333333 -0.50333333 -0.92 -0.92 -0.75 -0.75 -0.55000053 -0.64495881 -0.64666667 -0.64666667 -0.68863247 -0.58 -0.58163751 -0.64333333 -0.64333333 -0.64333333 -0.15666667 -0.15666667 -1.076664 -1.0766667 -0.37333333
-0.90333604 -1.1266667 -1.1266667 -1.1266667 -1.1266667 -1.1266667 -0.13666667 -0.13666667 -0.13666667 -0.13666667 -0.13666667 0.17999999 0.18 0.18 0.18 0.18 -0.053277748 -0.086666667 -0.086666667 -0.086666667 -0.086666667 -0.54228272 -0.55333333 -0.55333333 -0.55333333 -0.55333333 -0.3499464 -0.35 -0.35 -0.35 -0.34999496 -0.36666667 -0.36666667 -0.36666667 -0.36666667 -0.45 -0.45 -0.45 -0.50333333 -0.50333333 0.05969602 -0.92 -0.7502206 -0.85666667 -0.85666667 -0.64666667 -0.64666667 -0.64666667 -0.82 -0.82 -0.80884576 -0.64333334 -0.68900514 -0.71329094 -0.15666667 -1.0766652 -1.0766667 -1.0766667 0.066664809
-1.2727468 -1.1266667 -1.1266667 -1.1266667 -1.1266667 -1.1266667 -0.13666667 -0.13666667 -0.13666667 -0.13666667 -0.13644679 0.72998084 0.47125377 0.18 0.18 0.18 -0.050501641 -0.086666667 -0.086666667 -0.086666667 -0.086666666 -0.55331864 -0.55333333 -0.55333333 -0.55333333 -0.55333333 0.073333333 0.073333333 0.073333333 0.073333333 0.073333333 -0.36666667 -0.36666667 -0.36666667 -0.36666667 0.10018747 -0.45 -0.47073935 -0.50333333 0.06 0.06 0.06 -0.85666667 -0.85666667 -0.85666667 -0.85666667 -0.64666667 -0.82 -0.82 -0.82 -0.81999651 -0.71333333 -0.71333333 -0.75810124 -0.83659586 -1.0766667 -0.46666667 -0.46666667 0.06666236
-1.28 -1.1266667 -1.1266667 -1.1552195 -1.2433333 -1.2433333 -1.2433281 -0.1366725 -0.13670456 -0.13810409 0.73 0.73 0.73 0.73 0.73 0.72218925 0.031013178 0.21666667 0.21666667 0.21666667 0.21666667 0.21664922 -0.5217594 0.03 0.03 0.03 0.28996988 0.07334888 0.073333333 0.073333333 0.081336357 0.49283459 -0.36666667 -0.36666667 -0.36666282 0.38 0.38 0.38 0.059999969 0.06 0.06 0.06 -0.85666667 -0.85666667 -0.85666667 -0.85666667 -0.73667016 -0.81730493 -0.82 -0.82 -0.80495682 -0.8333332 -0.83333333 -0.83333333 -0.6733542 -0.46666667 -0.46666667 -0.46666667 -0.32678868
-1.28 -1.2796401 -1.2433333 -1.2433333 -1.2433333 -1.2433333 -1.2432937 -0.66666667 -0.66666667 -0.66666667 0.059832347 0.73 0.73 0.73 0.73 0.039778803 0.03 0.03034994 0.21666667 0.21666667 0.21666667 -0.033333333 0.03 0.03 0.03 0.03 0.29 0.29 0.29 0.29 0.49333333 0.49333333 0.48790188 -0.066666667 0.37967931 0.38 0.38 -0.15333333 -0.15333333 0.059999998 -0.74333331 -0.74333333 -0.74333333 -1.16 -1.16 -1.16 -0.73666668 -0.73666667 -0.73666667 -0.73671083 -1.2333333 -0.83333153 -0.67333333 -0.67333333 -0.67333333 -0.92 -0.48 -0.48 -0.48
-1.28 -1.279981 -1.2433333 -1.2433333 -1.2433333 -1.2433333 -0.66666667 -0.66666667 -0.66666667 -0.66666667 -0.66666667 0.73 0.73 0.73 0.73 0.03 0.03 0.03 0.14352753 0.21666667 -0.033333333 -0.033333333 -0.033333333 0.03 0.36666662 0.36666667 0.29106879 0.29 0.29 0.44917014 0.49333333 0.49333333 -0.066666359 -0.066666667 -0.066666667 0.38 -0.15333333 -0.15333333 -0.15333333 -0.74312236 -0.74333333 -0.74333333 -0.74333333 -1.16 -1.16 -1.16 -0.73666669 -0.73666667 -0.73666667 -1.2333333 -1.2333333 -1.2333333 -0.67333333 -0.67333333 -0.92 -0.92 -0.48000048 -0.48 -0.48
-1.28 -1.279988 -1.2433333 -1.2433333 -1.2433333 -1.2433333 -0.66666667 -0.66666667 -0.66666667 -0.66666667 -0.66666631 -0.35333333 -0.35333333 0.71861962 0.030000645 0.03 0.03 0.03 -0.27587335 -0.033333333 -0.033333333 -0.033333333 -0.033333333 0.36666667 0.36666667 0.36666667 0.058787922 -0.086666667 -0.086666667 -0.40062983 0.49333333 0.49333333 -0.066666956 -0.066666667 -0.066666667 -0.066667052 -0.15333333 -0.15333333 -0.15333333 -0.7468433 -0.74333333 -0.74333333 -0.74333333 -1.16 -1.16 -1.16 -0.7372405 -0.73666667 -0.73666667 -1.2333333 -1.2333333 -1.2378203 -1.1180478 -0.93999998 -0.94 -0.92 -0.92 -0.47991799 -0.44333333
-1.0633333 -1.0641343 -1.2766667 -1.2766667 -1.2766667 -1.2766667 -0.66666667 -0.66666667 -0.66666667 -0.66666667 -0.35333333 -0.35333333 -0.35333333 -0.35333333 0.022273184 0.029993883 -0.29333288 -0.29333333 -0.29333333 -0.29333333 -0.033335826 -0.23664394 -0.23666667 0.36666658 0.36666618 0.11000001 -0.04556919 -0.086666667 -0.086666667 -0.68333333 -0.68333333 -0.68333333 -1.03 -1.03 -1.0300714 -1.1300023 -1.13 -0.92666667 -0.92666667 -0.92666668 -1.2266667 -1.2266667 -1.4376802 -1.4766667 -1.4266667 -1.4266667 -1.4266667 -0.94666667 -1.0599697 -1.5266667 -1.5266667 -1.2533333 -1.1672314 -0.92333333 -0.94 -0.94 -0.29000129 -0.44333333 -0.44333333
-1.0633333 -1.1066666 -1.2627721 -1.2766667 -1.2766667 -1.2766667 -0.38333333 -0.38333335 -0.66666649 -0.35552964 -0.35333333 -0.35333333 -0.35333333 -0.35333333 -0.14 -0.14000007 -0.29333333 -0.29333333 -0.29333333 -0.29333329 -0.23666667 -0.23666667 -0.23666667 -0.18564187 0.11 0.11 0.11 0.48333333 0.48333331 -0.68333333 -0.68333333 -0.68333333 -1.03 -1.03 -1.3333333 -1.130087 -1.13 -0.92666667 -0.92666667 -0.92666667 -1.2266667 -1.2266667 -1.4766667 -1.4766667 -1.4266667 -1.4266667 -1.288834 -0.94666667 -1.06 -1.06 -1.2533333 -1.2533333 -0.97197053 -0.92333333 -0.92333333 -0.29 -0.29 -0.29 -0.44333333
-1.0633333 -1.1066667 -1.1066667 -1.2766667 -1.2766667 -1.2766666 -0.38333333 -0.38333333 -0.38333333 -0.35333357 -0.35333333 -0.35333333 -0.35333333 -0.14000867 -0.14 -0.14 -0.14000016 -0.29333333 -0.29333333 -0.23720964 -0.23666667 -0.23666667 -0.23666667 -0.23563489 0.11 0.11 0.48329814 0.48333333 0.48333333 -0.35333333 -0.35333333 -0.96333333 -0.96333333 -0.96477088 -1.3333333 -1.333332 -1.13 -1.1116487 -1.1127105 -1.5233333 -1.5233333 -1.4979757 -1.4766667 -1.1233333 -1.1233333 -1.4266667 -0.94666667 -0.94666667 -1.06 -1.06 -0.95259305 -0.46333333 -0.46333333 0.18333333 0.18333333 -0.28994892 -0.29 -0.29 -0.44333327
-1.0636388 -1.1066667 -1.1066667 -1.10667 -1.2766667 -0.38333333 -0.38333333 -0.38333333 -0.38333333 -0.38333287 -0.35333333 -0.35333333 -0.35333333 -0.14 -0.14 -0.14 -0.14 -0.14110324 -0.13439956 -0.13333333 -0.13342172 -0.23666667 -0.23666667 -0.23599354 0.11 0.11 0.48333333 0.48333333 0.48333333 -0.35333333 -0.35333333 -0.96333333 -0.96333333 -1.5133333 -1.5133333 -1.9199802 -1.92 -1.1133333 -1.1133333 -1.5233333 -1.5233333 -1.5233333 -1.1233333 -1.1233333 -0.6 -0.68 -0.68 -0.68 0.09 0.09 0.48332939 0.48328553 -0.46011884 0.18333333 0.18333333 0.18333583 -0.29 -0.29 -0.29000129
-1.06 -1.1044517 -1.1066667 -1.1066667 -1.1816706 -0.38333333 -0.38333333 -0.38333333 -0.38333333 -0.38333333 -0.35333333 -0.35333333 -0.14001446 -0.14 -0.14 -0.14 -0.14 -0.1399373 -0.13333333 -0.13333333 -0.13333333 -0.13333333 -0.13333334 -0.69666656 -0.69666667 -0.69666667 -0.64666358 -0.64666667 -0.64666667 -1.3466667 -1.3466667 -1.51 -1.51 -1.5133333 -1.5133333 -1.92 -1.92 -1.1133333 -1.1133333 -1.1387112 -1.5233328 -0.66333333 -0.64298162 -0.6 -0.6 -0.68 -0.68 -0.68 0.09 0.09 0.48333333 0.48333333 0.48333333 0.31 0.31 0.31 0.30999992 -0.28999998 -0.29000001
-1.06 -1.06 -1.06 -1.060353 -0.39117008 -0.38333333 -0.38333333 -0.38333333 -0.38333338 -0.43593154 -0.64567806 -0.34974866 -0.14 -0.14 -0.14 -0.14 -0.14 -0.13333333 -0.13333333 -0.13333333 -0.13333333 -0.13333333 -0.13333333 -0.69666667 -0.69666667 -0.69666667 -0.69666258 -0.64666667 -0.64666667 -1.3466667 -1.3466667 -1.51 -1.51 -1.51 -2.8530929 -1.92 -1.92 -2.0133333 -2.0133333 -0.66333606 -0.66333333 -0.66333333 -0.66333333 -0.6 -0.6 -0.68 -0.68 -0.67961541 0.09 0.09 0.48333333 0.48333333 0.48333333 0.31 0.31 0.31 0.31 0.30998675 -0.28845528
