EBird Region Approach/spi files/9-11|19_2.tif
NCOLS 121
NROWS 95
XLLCORNER -137.04393
YLLCORNER 23.663691
DX 0.49677396
DY 0.49847026
NODATA_VALUE -9999
[rows 52 to 77 of 95, columns 0 to 59 of 121]
-0.63713491 -0.67644351 -0.7601961 -0.86305996 -0.87051346 -0.85520274 -0.83342222 -0.79292366 -0.7190928 -0.61158898 -0.51100646 -0.45550522 -0.43126149 -0.39736844 -0.27240671 -0.12475303 -0.099391599 -0.099997439 -0.099999979 -0.1 -0.1 -0.1 -0.1 -0.1 -0.1 -0.1 -0.1 0.026666667 0.026666667 0.025995609 -0.0066666667 -0.0066666667 -0.086666667 -0.086666667 -0.086666667 -0.086666667 -0.026666667 -0.026666667 -0.026666667 -0.026666667 -0.026666667 -0.066486299 -0.066666667 -0.066666667 -0.066666667 0.11049889 0.14 0.14 0.14 0.45666667 0.45666667 0.45666667 0.73333333 0.73333333 0.73333333 0.73333333 1.1666667 1.3094783 1.31 1.31
-0.66887384 -0.73092688 -0.82834914 -0.86425286 -0.84934242 -0.82660904 -0.790574 -0.73087092 -0.64428914 -0.55001465 -0.48030054 -0.44185019 -0.41052264 -0.32951032 -0.12882288 -0.10004541 -0.09999989 -0.099999998 -0.1 -0.1 -0.1 -0.1 -0.1 -0.1 -0.1 -0.1 -0.1 -0.1 0.026666667 -0.0066666667 -0.0066666667 -0.0066666667 -0.009976188 -0.086664794 -0.08659546 -0.065360513 -0.026666664 -0.026666667 -0.026666667 -0.026666705 -0.24 -0.24 -0.066842997 -0.066666667 -0.066666667 0.14 0.14 0.14 0.14 0.11337772 0.45666183 0.73319004 0.73333333 0.73333333 0.73333333 0.73333333 1.31 1.31 1.31 1.31
-0.7134779 -0.79383293 -0.85105139 -0.84421905 -0.82068156 -0.78770261 -0.73790444 -0.66744393 -0.58461009 -0.51048324 -0.45923093 -0.41920002 -0.29289931 -0.10678579 -0.10002624 -0.099999974 -0.099999978 -0.099999996 -0.1 -0.1 -0.1 -0.1 -0.1 -0.1 -0.1 -0.1 -0.1 -0.1 0.017855613 -0.0066666667 -0.0066666667 0.2244441 0.22662921 0.20333333 0.20333333 0.20333333 0.20333219 0.036666667 0.036666667 0.036502258 -0.24 -0.24 -0.24 -0.23782399 -0.34999047 -0.34830509 0.14 0.14 0.11333333 0.11333333 0.11333333 0.45081924 0.48 0.48 0.48 0.4800001 0.74001781 1.31 1.31 1.31
-0.76730832 -0.8310578 -0.83853578 -0.81597629 -0.78482898 -0.74199364 -0.6835784 -0.61252737 -0.54080895 -0.48022741 -0.40867488 -0.18593509 -0.10258916 -0.10018656 -0.10005133 -0.10001134 -0.10000158 -0.10000009 -0.09999999 -0.099999998 -0.1 -0.1 -0.1 -0.1 -0.1 -0.1 -0.09999814 0.19333333 0.19333333 0.19333334 0.22666667 0.22666667 0.22666667 0.20333333 0.20333333 0.20333333 0.20333127 0.036666667 0.036666667 0.036666667 -0.24 -0.24 -0.23999999 -0.05 -0.35 -0.35 -0.35 0.11333333 0.11333333 0.11333333 0.33 0.33 0.48 0.48 0.48 0.4977156 0.74 0.74 0.74 0.74000033
-0.80909701 -0.83060351 -0.81241689 -0.78244281 -0.74430827 -0.69471886 -0.63372655 -0.56633313 -0.49142213 -0.33907944 -0.14986502 -0.11948332 -0.11350875 -0.10890692 -0.10520703 -0.10259326 -0.10104253 -0.10031312 -0.10006255 -0.10000684 -0.10000019 -0.09999991 -0.099999891 -0.099999289 -0.099582661 0.19332827 0.19333333 0.19333333 0.19333333 0.19333333 0.22666667 0.22666667 0.22666667 0.20333333 0.20333333 0.20333333 0.20315419 0.036666667 0.036666667 0.036666667 -0.23994808 -0.067513579 -0.05 -0.05 -0.35 -0.35 -0.35 -0.35 0.11333333 0.11335743 0.33 0.33 0.3300034 0.48 0.48 0.73222239 0.74 0.74 0.74 0.73992208
-0.81999464 -0.8093656 -0.78085314 -0.74554039 -0.70166903 -0.64596722 -0.5688741 -0.42308544 -0.25042758 -0.21251427 -0.21155666 -0.2132269 -0.21510314 -0.21709671 -0.21920346 -0.22141313 -0.22370356 -0.22603478 -0.22834041 -0.23051455 -0.23238726 -0.23365302 -0.23305237 -0.05635012 0.19332791 0.19333333 0.19333333 0.19333333 0.19333333 0.19333333 0.22666667 0.22666667 0.22666667 0.20333335 0.20333333 0.20333333 0.19001889 0.036666667 0.036666667 0.036666667 -0.037522032 -0.05 -0.05 -0.05 -0.2251489 -0.35 -0.35 -0.35 0.11333357 0.33 0.33 0.33 0.33 0.12 0.12 0.12 0.12172191 0.74 0.74 -0.033333333
-0.8057841 -0.77951471 -0.74419747 -0.69710915 -0.61522088 -0.44479519 -0.28051668 -0.2433308 -0.24138147 -0.24261291 -0.24382315 -0.2448031 -0.24554217 -0.24605533 -0.24637587 -0.2465504 -0.24662972 -0.24665805 -0.24666535 -0.24666655 -0.24666666 -0.24666667 -0.24666667 -0.24666667 -0.24666667 -0.24666314 0.19332403 0.19333333 0.19333333 0.19333333 0.22666667 0.22666667 0.22666432 -0.40660237 0.15759257 -0.14639611 -0.14666667 -0.14572458 0.036666666 0.036666667 -0.05 -0.05 -0.05 -0.05 -0.050000037 -0.35 -0.35 -0.35 -0.070273718 0.32999285 0.33 0.33 0.24359607 0.12 0.12 0.12 0.12 0.12005663 -0.03333333 -0.033333333
-0.7735298 -0.72461529 -0.62911054 -0.4457281 -0.29106365 -0.25019057 -0.24554816 -0.24563467 -0.24601097 -0.24629085 -0.24647133 -0.24657653 -0.24663083 -0.24665487 -0.24666362 -0.24666609 -0.24666659 -0.24666666 -0.24666667 -0.24666667 -0.24666667 -0.24666667 -0.24666667 -0.24666667 -0.24666667 -0.24666667 -0.24666667 -0.24666667 -0.23266024 -0.0018437322 -0.31000258 -0.40666667 -0.40666667 -0.40666667 -0.40666667 -0.14666667 -0.14666667 -0.14666667 -0.14666667 -0.14662451 -0.054687695 -0.13314336 -0.14666642 -0.14666667 -0.14666667 -0.19395192 -0.35 -0.16000478 -0.16 -0.16 -0.16 -0.16690696 -0.22666667 0.11451984 0.12 0.12 0.12 0.12 -0.033333333 -0.033333333
-0.63050639 -0.44528965 -0.3004678 -0.25470949 -0.24699005 -0.24626995 -0.24637607 -0.24650184 -0.24658282 -0.24662846 -0.24665142 -0.2466615 -0.24666523 -0.24666636 -0.24666662 -0.24666666 -0.24666667 -0.24666667 -0.24666667 -0.24666667 -0.24666667 -0.24666667 -0.24666667 -0.24666667 -0.24666667 -0.24666667 -0.24666667 -0.24666667 -0.24666667 -0.31 -0.31 -0.40531932 -0.40666667 -0.40666667 -0.40666667 -0.14666667 -0.14666667 -0.14666667 -0.14666667 -0.14666667 -0.14666667 -0.14666667 -0.14666667 -0.14666667 -0.14666667 -0.14666667 -0.21666667 -0.21665426 -0.16 -0.16 -0.16 -0.22564109 -0.22666667 -0.22666667 -0.2268333 -1.1899848 -1.1899999 -1.189999 -0.034857228 -0.033333333
-0.31222518 -0.26007437 -0.24844376 -0.24662592 -0.24649287 -0.24655374 -0.24660647 -0.24663785 -0.24665432 -0.24666203 -0.24666518 -0.24666627 -0.24666658 -0.24666665 -0.24666667 -0.24666667 -0.24666667 -0.24666667 -0.24666667 -0.24666667 -0.24666667 -0.24666667 -0.24666667 -0.24666667 -0.24666667 -0.24666667 -0.24666667 -0.24666667 -0.24666692 -0.31 -0.31 -0.31 -0.40666667 -0.40666667 -0.40666667 -0.14666667 -0.14666667 -0.14666667 -0.14666667 -0.14666667 -0.14666667 -0.14666667 -0.14666667 -0.14666667 -0.14666667 -0.14666706 -0.21666667 -0.21666667 -0.21625088 -0.16 -0.16 -0.22666661 -0.22666667 -0.22666667 -1.19 -1.19 -1.19 -1.19 -1.2566667 -1.2566667
-0.25067097 -0.24713623 -0.24659334 -0.24657286 -0.24660938 -0.2466369 -0.24665269 -0.24666075 -0.24666445 -0.24666594 -0.24666647 -0.24666662 -0.24666666 -0.24666667 -0.24666667 -0.24666667 -0.24666667 -0.24666667 -0.24666667 -0.24666667 -0.24666667 -0.24666667 -0.24666667 -0.24666667 -0.24666667 -0.24666667 -0.24666667 -0.24666667 -0.30997243 -0.31 -0.31 -0.31 -0.40652826 -0.40666667 -0.40666667 -0.14666667 -0.14666667 -0.14666667 -0.14666667 -0.14666667 -0.14666667 -0.14666667 -0.14666667 -0.14666667 -0.14666667 -0.21666658 -0.21666667 -0.21666667 -0.21666667 -0.16000233 -0.16 -0.22666649 -0.22666667 -0.22666667 -1.19 -1.19 -1.19 -1.2322566 -1.2566667 -1.2566667
-0.24679658 -0.24660086 -0.24660604 -0.24663062 -0.24664794 -0.24665779 -0.24666284 -0.24666518 -0.24666616 -0.24666651 -0.24666663 -0.24666666 -0.24666667 -0.24666667 -0.24666667 -0.24666667 -0.24666667 -0.24666667 -0.24666667 -0.24666667 -0.24666667 -0.24666667 -0.24666667 -0.24666667 -0.24666667 -0.24666667 -0.24666667 -0.24666667 -0.31 -0.31 -0.31 -0.31 -0.31 -0.40666667 -0.40666665 -0.14666667 -0.14666667 -0.14666667 -0.14666667 -0.86285407 -0.86333205 -0.15592749 -0.14666667 -0.14666667 -0.14666667 -0.21666667 -0.21666667 -0.21666667 -0.21666667 -0.21666667 -1.0533333 -1.05326 -0.22666667 -1.0962548 -1.19 -1.19 -1.19 -1.2566667 -1.2566667 -1.2566667
-0.24660968 -0.24662125 -0.24663978 -0.24665246 -0.24665976 -0.24666357 -0.2466654 -0.2466662 -0.24666651 -0.24666662 -0.24666666 -0.24666666 -0.24666667 -0.24666667 -0.24666667 -0.24666667 -0.24666667 -0.24666667 -0.24666667 -0.24666667 -0.24666667 -0.24666667 -0.24666667 -0.24666667 -0.24666667 -0.24666667 -0.24666667 -0.24666699 -0.31 -0.31 -0.31 -0.31 -0.31 -0.38722659 -0.40692851 -0.14666791 -0.14666667 -0.14666667 -0.86331015 -0.86333333 -0.86333333 -0.86333333 -0.86333333 -0.86333175 -0.15879199 -0.21666667 -0.21666667 -0.21666667 -0.21666667 -1.0533333 -1.0533333 -1.0533333 -1.0547384 -1.61 -1.61 -1.61 -1.6099492 -1.2566667 -1.2566667 -1.2566667
-0.24662841 -0.2466438 -0.24665427 -0.24666041 -0.24666373 -0.24666539 -0.24666616 -0.24666648 -0.24666661 -0.24666665 -0.24666666 -0.24666667 -0.24666667 -0.24666667 -0.24666667 -0.24666667 -0.24666667 -0.24666667 -0.24666667 -0.24666667 -0.24666667 -0.24666667 -0.24666667 -0.24666667 -0.24666667 -0.24666667 -0.24666667 -0.25158315 -0.31000001 -0.31 -0.31000001 -0.3100016 -0.78443139 -0.78666667 -0.78666667 -0.78666667 -0.78666666 -0.86311406 -0.86333333 -0.86333333 -0.86333333 -0.86333333 -0.86333333 -0.86333333 -0.86333333 -1.3517284 -1.3521168 -1.3478075 -1.0533333 -1.0533333 -1.0533333 -1.0533333 -1.0693216 -1.61 -1.61 -1.61 -1.61 -1.2566667 -1.2566667 -1.2566667
-0.24664522 -0.24665466 -0.24666036 -0.24666355 -0.24666523 -0.24666605 -0.24666642 -0.24666658 -0.24666664 -0.24666666 -0.24666666 -0.24666667 -0.24666667 -0.24666667 -0.24666667 -0.24666667 -0.24666667 -0.24666667 -0.24666667 -0.24666667 -0.24666667 -0.24666667 -0.24666667 -0.24666667 -0.24666667 -0.24666667 -0.24824338 -0.67332784 -0.67333333 -0.67333333 -0.67333333 -0.67333333 -0.78664718 -0.78666667 -0.78666667 -0.78666667 -0.78666667 -0.78692518 -0.86333333 -0.86333333 -0.86333333 -0.86333333 -0.86333333 -0.86333333 -0.86337133 -1.3533333 -1.3533333 -1.3533333 -1.3533333 -1.0533333 -1.0533333 -1.0533333 -1.4370513 -1.61 -1.61 -1.61 -1.61 -1.6085429 -1.2566667 -1.2566635
-0.24665418 -0.24665984 -0.24666313 -0.24666494 -0.24666587 -0.24666633 -0.24666653 -0.24666662 -0.24666665 -0.24666666 -0.24666667 -0.24666667 -0.24666667 -0.24666667 -0.24666667 -0.24666667 -0.24666667 -0.24666667 -0.24666667 -0.24666667 -0.24666667 -0.24666667 -0.24666667 -0.24666669 -0.24671835 -0.63872555 -0.67333333 -0.67333333 -0.67333333 -0.67333333 -0.67333333 -0.67333333 -0.67379964 -0.78666667 -0.78666667 -0.78666667 -0.78666667 -0.78666667 -0.86333333 -0.86333333 -0.86333333 -0.86333333 -0.86333333 -0.86220146 -1.1572301 -1.3533333 -1.3533333 -1.3533333 -1.3533333 -1.3508319 -1.0533333 -1.0533333 -1.5873691 -1.61 -1.61 -1.61 -1.61 -0.82 -0.82 -0.82835698
-0.24665899 -0.24666253 -0.24666455 -0.24666565 -0.24666621 -0.24666648 -0.2466666 -0.24666665 -0.24666666 -0.24666667 -0.24666667 -0.24666667 -0.24666667 -0.24666667 -0.24666667 -0.24666667 -0.24666667 -0.24666667 -0.24666667 -0.24666667 -0.24666669 -0.24666715 -0.24671105 -0.27679802 -0.67284639 -0.67333333 -0.67333333 -0.67333333 -0.67333333 -0.67333333 -0.67333333 -0.67333333 -0.67333333 -0.78666667 -0.78666667 -0.78666667 -0.78666667 -0.78666667 -0.86324906 -0.85801065 -0.48001707 -0.48 -0.48 -0.48 -0.48000001 -1.3533333 -1.3533333 -1.3533333 -1.3533333 -1.3533333 -1.0809763 -0.89027832 -0.80333333 -0.80333333 -0.83734904 -1.6088721 -0.82 -0.82 -0.82 -0.82
-0.24666198 -0.24666425 -0.24666552 -0.24666619 -0.24666651 -0.24666666 -0.24666671 -0.24666672 -0.24666672 -0.24666671 -0.2466667 -0.2466667 -0.24666669 -0.24666669 -0.2466667 -0.24666671 -0.24666674 -0.24666685 -0.24666737 -0.24667199 -0.24676186 -0.25204557 -0.57653344 -0.67327051 -0.67333333 -0.67333333 -0.67333333 -0.67333333 -0.67333333 -0.67333333 -0.67333333 -0.67333333 -0.67333333 -0.78666667 -0.78666667 -0.78666667 -0.78666667 -0.78666667 -0.47994013 -0.48 -0.48 -0.48 -0.48 -0.48 -0.47995842 -0.46333333 -0.46333333 -1.353319 -1.3533333 -1.3533333 -0.99886953 -0.80333333 -0.80333333 -0.80333333 -0.80333333 -0.80338626 -0.82 -0.82 -0.82 -0.82
-0.2466647 -0.24666608 -0.2466668 -0.24666712 -0.24666723 -0.24666724 -0.2466672 -0.24666715 -0.24666711 -0.24666709 -0.24666709 -0.24666713 -0.24666722 -0.24666743 -0.24666793 -0.2466693 -0.24667416 -0.24669863 -0.24689807 -0.2499842 -0.33919482 -0.65997964 -0.67330488 -0.67333332 -0.67333333 -0.67333333 -0.67333333 -0.67333333 -0.67333333 -0.67333333 -0.67333333 -0.67333333 -0.67333333 -0.78225842 -0.78666667 -0.78666667 -0.78666563 -0.31666693 -0.2288867 -0.19012174 -0.40397092 -0.48 -0.48 -0.48 -0.46333334 -0.46333333 -0.46333333 -0.46333333 -0.46333333 0.25999844 0.25601978 -0.80333333 -0.80333333 -0.80333333 -0.80333333 -0.80333333 -0.82 -0.82 -0.82 -0.82
-0.24666924 -0.24666986 -0.24667006 -0.24667005 -0.24666994 -0.24666983 -0.24666978 -0.24666982 -0.24667002 -0.24667046 -0.24667132 -0.24667301 -0.24667654 -0.24668483 -0.24670801 -0.24679003 -0.24718517 -0.25001608 -0.28163568 -0.5319347 -0.66944939 -0.6733087 -0.67333329 -0.67333333 -0.67333333 -0.67333333 -0.67333333 -0.67333333 -0.67333333 -0.67333333 -0.67333333 -0.67333333 -0.67333333 -0.67371431 -0.78666666 -0.31738605 -0.31666667 -0.31666667 -0.31666667 -0.19 -0.19 -0.19 -0.19 -0.19000136 -0.46333333 -0.46333333 -0.46333333 -0.46333333 0.2599859 0.26 0.26 -0.80333333 -0.80333333 -0.80333333 -0.80333333 -0.80333333 -0.82 -0.82 -0.82 -0.82
-0.24668036 -0.24668047 -0.24668047 -0.24668054 -0.24668087 -0.24668162 -0.24668306 -0.24668557 -0.24668994 -0.24669771 -0.24671244 -0.24674303 -0.24681509 -0.24701504 -0.24769888 -0.25073048 -0.26874423 -0.38543383 -0.62216427 -0.67138111 -0.6733039 -0.67333317 -0.67333333 -0.67333333 -0.67333333 -0.67333333 -0.67333333 -0.67333333 -0.67333333 -0.67333333 -0.67333333 -0.67333333 -0.67333333 -0.6733571 -0.31666667 -0.31666667 -0.31666667 -0.31666667 -0.31666667 -0.19030328 -0.19 -0.19 -0.19 -0.19 -0.46332899 -0.46333333 -0.46333333 -0.45919151 0.26 0.26 0.26 0.25999985 -0.80333333 -0.80333333 -0.80333333 -0.80333333 -0.53343026 -0.023393683 -0.023333333 -0.023333333
-0.24671081 -0.24671221 -0.24671446 -0.2467181 -0.24672389 -0.24673307 -0.24674784 -0.24677241 -0.24681546 -0.24689649 -0.24706408 -0.2474544 -0.2485074 -0.25189917 -0.26520596 -0.32459198 -0.50745626 -0.64966836 -0.67195917 -0.67329239 -0.67333275 -0.67333333 -0.67333333 -0.67333333 -0.67333333 -0.67333333 -0.67333333 -0.67333333 -0.67333333 -0.67333333 -0.67333333 -0.67333333 -0.6733328 -0.31666693 -0.31666667 -0.31666667 -0.31666667 -0.31666667 -0.31666667 -0.31666667 -0.19 -0.19 -0.19 -0.19 0.7533308 0.75333333 0.75333333 0.26 0.26 0.26 0.26 0.26390908 0.35333333 0.35333333 0.35333333 0.35333333 -0.023333333 -0.023333333 -0.023333333 -0.023333333
-0.24679486 -0.24680623 -0.24682292 -0.2468478 -0.2468857 -0.2469453 -0.24704324 -0.24721361 -0.24753204 -0.24818223 -0.24965927 -0.25346237 -0.2646887 -0.3015835 -0.4120022 -0.5811437 -0.6592983 -0.67214524 -0.67327266 -0.67333156 -0.67333331 -0.67333333 -0.67333333 -0.67333333 -0.67333333 -0.67333333 -0.67333333 -0.67333333 -0.67333333 -0.67333333 -0.67333333 -0.6733328 -0.31835212 -0.31666667 -0.31666667 -0.31666667 -0.31666667 -0.31666667 -0.31666667 -0.31666667 -0.19025532 -0.19 -0.19 0.37329181 0.75333333 0.75333333 0.75333333 0.75333333 0.26 0.77092167 0.77333333 0.70190415 0.35333333 0.35333333 0.35333333 0.35333333 -0.023333333 -0.023333333 -0.023333333 -0.023333333
-0.24702174 -0.2470763 -0.24715588 -0.24727534 -0.2474614 -0.24776478 -0.24828789 -0.24925259 -0.25117846 -0.25538897 -0.26553431 -0.2920626 -0.36076119 -0.49360755 -0.61701441 -0.66332917 -0.67216831 -0.67324185 -0.67332867 -0.67333319 -0.67333333 -0.67333333 -0.67333333 -0.67333333 -0.67333333 -0.67333333 -0.67333333 -0.67333333 -0.67333333 -0.67333333 -0.6733317 -0.4549564 -0.31666667 -0.31666667 -0.31666667 -0.31666667 -0.31666667 -0.31666667 -0.31666667 -0.31666667 -0.31666525 -0.19 -0.18974322 0.75333333 0.75333333 0.75333333 0.75333333 0.75333333 0.77333333 0.77333333 0.77333333 0.77333333 0.35333333 0.35333333 0.35333333 0.35333333 -0.023333333 -0.023333333 -0.023333333 -0.024625512
-0.24761422 -0.24782203 -0.24813137 -0.24860928 -0.24938104 -0.25069389 -0.25306548 -0.25764817 -0.26715263 -0.28811002 -0.3349728 -0.42740071 -0.54998618 -0.63469667 -0.66522115 -0.67209964 -0.67319623 -0.67332251 -0.67333275 -0.67333331 -0.67333333 -0.67333333 -0.67333333 -0.67333333 -0.67333333 -0.67333333 -0.67333333 -0.67333333 -0.67333332 -0.6733273 -0.63248606 -0.31668565 -0.31666667 -0.31666667 -0.31666667 -0.31666667 -0.31666667 -0.31666667 -0.31666667 -0.31666667 -0.31666666 -0.19491716 0.75333205 0.75333333 0.75333333 0.75333333 0.75333333 0.75333333 0.77333333 0.77333333 0.77333333 0.77333333 0.35393558 0.81333325 0.81333333 0.81333333 0.24046181 -0.023328651 0.61999699 0.62
-0.24910081 -0.24978711 -0.25083694 -0.25250983 -0.25530176 -0.26020427 -0.26927673 -0.28685677 -0.32157511 -0.38648892 -0.48517665 -0.58471543 -0.64403454 -0.66613835 -0.67196497 -0.67313145 -0.67331071 -0.67333147 -0.67333323 -0.67333333 -0.67333334 -0.67333333 -0.67333333 -0.67333333 -0.67333333 -0.67333333 -0.67333333 -0.67333317 -0.67331316 -0.66029477 -0.31858736 -0.31666671 -0.31666667 -0.31666667 -0.31666667 -0.31666667 -0.31666667 -0.31666667 -0.31666667 -0.31666667 -0.31666667 0.33828854 0.75333333 0.75333333 0.75333333 0.75333333 0.75333333 0.75333333 0.77333291 0.77333333 0.77333333 0.77355444 0.81333333 0.81333333 0.81333333 0.81333333 0.81333333 0.62 0.62 0.62
