EBird Region Approach/spi files/9-11|19_1.tif
NCOLS 121
NROWS 95
XLLCORNER -137.04393
YLLCORNER 23.663691
DX 0.49677396
DY 0.49847026
NODATA_VALUE -9999
[rows 0 to 25 of 95, columns 59 to 117 of 121]
-0.26 -0.26 -0.26 -0.26 -0.26 -0.26 -0.26 -0.26 -0.26 -0.20956518 0.24333333 0.24333333 0.24333333 0.24333333 0.24333333 0.24333333 0.24333333 0.24333333 0.24333333 0.24333333 -0.047648153 -0.35666667 -0.35666666 -0.35411658 -0.096666765 -0.096666667 -0.096666667 -0.096666667 -0.096666667 -0.096666667 -0.096666667 -0.096666667 -0.13045922 -0.14 -0.14 -0.14 -0.14 -0.14 -0.14 -0.14 -0.1400414 -0.52333235 -0.52333333 -0.52333333 -0.52333333 -0.52333333 -0.52333333 -0.52333333 -0.52333332 0.073234636 0.076666667 0.076666667 0.076666667 0.076666667 0.076666667 0.076666667 0.058655744 -0.0066666667 -0.0066666667
-0.26 -0.26 -0.26 -0.26 -0.26 -0.26 -0.26 -0.26 -0.26 -0.25999939 0.24333333 0.24333333 0.24333333 0.24333333 0.24333333 0.24333333 0.24333333 0.24333333 0.24333333 0.24333333 -0.3566665 -0.35666667 -0.35666667 -0.35666667 -0.35666667 -0.35652803 -0.096666779 -0.096666667 -0.096666667 -0.096666667 -0.096666667 -0.097221486 -0.14 -0.14 -0.14 -0.14 -0.14 -0.14 -0.14 -0.14 -0.14 -0.14022561 -0.52333276 -0.52333333 -0.52333333 -0.52333333 -0.52333333 -0.52333205 0.076293133 0.076666667 0.076666667 0.076666667 0.076666667 0.076666667 0.076666667 0.076666667 0.076666667 0.076414793 -0.0066666584
-0.26 -0.26 -0.26 -0.26 -0.26 -0.26 -0.26 -0.26 -0.26 -0.26 0.24332646 0.24333333 0.24333333 0.24333333 0.24333333 0.24333333 0.24333333 0.24333333 0.24333333 0.22792398 -0.35666667 -0.35666667 -0.35666667 -0.35666667 -0.35666667 -0.35666667 -0.35666667 -0.35629914 -0.096723452 -0.096666674 -0.09667046 -0.14 -0.14 -0.14 -0.14 -0.14 -0.14 -0.14 -0.14 -0.14 -0.14 -0.14 -0.14179502 -0.5233323 -0.52333333 -0.52333333 -0.52323077 0.076532234 0.076666667 0.076666667 0.076666667 0.076666667 0.076666667 0.076666667 0.076666667 0.076666667 0.076666667 0.076666667 0.076652219
-0.26 -0.26 -0.26 -0.26 -0.26 -0.26 -0.26 -0.26 -0.26 -0.26 -0.048819716 0.24333333 0.24333333 0.24333333 0.24333333 0.24333333 0.24333333 0.24333333 0.24333333 -0.35666511 -0.35666667 -0.35666667 -0.35666667 -0.35666667 -0.35666667 -0.35666667 -0.35666667 -0.35666667 -0.35666666 -0.35292661 -0.13999836 -0.14 -0.14 -0.14 -0.14 -0.14 -0.14 -0.14 -0.14 -0.14 -0.14 -0.14 -0.14 -0.15208958 -0.52332978 -0.52031707 0.076536999 0.076666667 0.076666667 0.076666667 0.076666667 0.076666667 0.076666667 0.076666667 0.076666667 0.076666667 0.076666667 0.076666667 0.076666667
-0.26 -0.26 -0.26 -0.26 -0.26 -0.26 -0.26 -0.26 -0.26 -0.26 -0.2599782 0.24333333 0.24333333 0.24333333 0.24333333 0.24333333 0.24333333 0.24333333 0.24211624 -0.35666667 -0.35666667 -0.35666667 -0.35666667 -0.35666667 -0.35666667 -0.35666667 -0.35666667 -0.35666667 -0.35666667 -0.35666666 -0.14000004 -0.14 -0.14 -0.14 -0.14 -0.14 -0.14 -0.14 -0.14 -0.14 -0.14 -0.14 -0.14 -0.14000001 -0.18801727 0.076455527 0.076666666 0.076666667 0.076666667 0.076666667 0.076666667 0.076666667 0.076666667 0.076666667 0.076666667 0.076666667 0.076666667 0.076666667 0.076666667
-0.26 -0.26 -0.26 -0.26 -0.26 -0.26 -0.26 -0.26 -0.26 -0.26 -0.25999916 0.24350394 0.24333333 0.24333333 0.24333333 0.24333333 0.24333333 0.24333333 -0.35613609 -0.35666667 -0.35666667 -0.35666667 -0.35666667 -0.35666667 -0.35666667 -0.35666667 -0.35666667 -0.35666667 -0.35666667 -0.35666665 -0.14000002 -0.14 -0.14 -0.14 -0.14 -0.14 -0.14 -0.14 -0.14 -0.14 -0.14 -0.14 -0.13999971 -0.13997754 -0.13861403 0.076666653 0.076666667 0.076666667 0.076666667 0.076666667 0.076666667 0.076666667 0.076666667 0.076666667 0.076666667 0.076666667 0.076666667 0.076666667 0.076666667
-0.26 -0.26 -0.26 -0.26 -0.26 -0.26 -0.26 -0.26 -0.26 -0.25980439 1.5830814 1.5833333 1.5832437 0.35452331 0.2433351 0.24333333 0.24333333 0.24208047 -0.35666661 -0.35666667 -0.35666667 -0.35666667 -0.35666667 -0.35666667 -0.35666667 -0.35666667 -0.35666667 -0.35666667 -0.35666667 -0.35666658 -0.14000003 -0.14 -0.14 -0.14 -0.14 -0.14 -0.14 -0.14 -0.14 -0.14 -0.13999817 -0.13951878 -0.12593211 -0.03549988 0.16019769 0.076666726 0.076666667 0.076666667 0.076666667 0.076666667 0.076666667 0.076666667 0.076666667 0.076666667 0.076666667 0.076666667 0.076666667 0.076666667 0.076666667
-0.26 -0.26 -0.26 -0.26 -0.26 -0.26 -0.26 -0.26 0.83847395 1.5833333 1.5833333 1.5833333 1.5833333 1.5833333 1.5833329 1.5471603 0.24929903 -0.32274449 -0.35666667 -0.35666667 -0.35666667 -0.35666667 -0.35666667 -0.35666667 -0.35666667 -0.35666667 -0.35666667 -0.35666667 -0.35666667 -0.35666608 -0.13999148 -0.13999852 -0.13999982 -0.13999998 -0.14 -0.13999997 -0.13995154 0.24902175 0.71441419 0.71646101 0.71653663 0.7164899 0.71635902 0.71610728 0.71567831 0.076808509 0.076666667 0.076666667 0.076666667 0.076666667 0.076666667 0.076666667 0.076666667 0.076666667 0.076666667 0.076666667 0.076666667 0.076666667 0.076666667
-0.25999998 -0.26 -0.26 -0.26 -0.26 -0.26 -0.25992689 1.5833102 1.5833333 1.5833333 1.5833333 1.5833333 1.5833333 1.5833333 1.5833333 1.5833333 1.5833331 -0.19604137 -0.35666667 -0.35666667 -0.35666667 -0.35666667 -0.35666667 -0.35666667 -0.35666667 -0.35666667 -0.35666667 -0.35666667 -0.35666667 -0.35664904 0.4809305 0.68992947 0.71627448 0.71666643 0.71666667 0.71666667 0.71666667 0.71666667 0.71666667 0.71666667 0.71666667 0.71666667 0.71666666 0.71666661 0.71666601 0.26847823 0.076666667 0.076666667 0.076666667 0.076666667 0.076666667 0.076666667 0.076666667 0.076666667 0.076666667 0.076666667 0.076666667 0.076666667 0.076666667
0.80017406 0.82255898 0.83629002 0.84346617 0.84653126 0.8510427 1.5833328 1.5833333 1.5833333 1.5833333 1.5833333 1.5833333 1.5833333 1.5833333 1.5833333 1.5833333 1.5833333 1.5832351 -0.35665957 -0.35666667 -0.35666667 -0.35666667 -0.35666667 -0.35666667 -0.35666667 -0.35666667 -0.35666667 -0.35666667 -0.35666667 0.078028278 0.71666342 0.71666666 0.71666667 0.71666667 0.71666667 0.71666667 0.71666667 0.71666667 0.71666667 0.71666667 0.71666667 0.71666667 0.71666667 0.71666667 0.71666667 0.71551092 0.076667491 0.076666667 0.076666667 0.076666667 0.076666667 0.076666667 0.076666667 0.076666667 0.076666667 0.076666667 0.076666667 0.076666667 0.076666667
0.85333333 0.85333333 0.85333333 0.85333333 0.85333333 0.85333334 1.5682323 1.5833333 1.5833333 1.5833333 1.5833333 1.5833333 1.5833333 1.5833333 1.5833333 1.5833333 1.5833333 1.5833333 0.37333961 -0.35666666 -0.35666667 -0.35666667 -0.35666667 -0.35666667 -0.35666667 -0.35666667 -0.35666667 -0.35666667 -0.35666105 0.71654215 0.71666667 0.71666667 0.71666667 0.71666667 0.71666667 0.71666667 0.71666667 0.71666667 0.71666667 0.71666667 0.71666667 0.71666667 0.71666667 0.71666667 0.71666667 0.71666469 0.078045416 0.076666667 0.076666667 0.076666667 0.076666667 0.076666667 0.076666667 0.076666667 0.076666667 0.076666667 0.076666667 0.076666667 0.07666665
0.85333333 0.85333333 0.85333333 0.85333333 0.85333333 0.85333333 0.85333367 1.5833333 1.5833333 1.5833333 1.5833333 1.5833333 1.5833333 1.5833333 1.5833333 1.5833333 1.5833333 1.5833333 1.583241 -0.3564019 -0.35666667 -0.35666667 -0.35666667 -0.35666667 -0.35666667 -0.35666667 -0.35666667 -0.35666667 -0.2956732 0.7166666 0.71666667 0.71666667 0.71666667 0.71666667 0.71666667 0.71666667 0.71666667 0.71666667 0.71666667 0.71666667 0.71666667 0.71666667 0.71666667 0.71666667 0.71666667 0.71666666 0.45803706 0.076666726 0.076666667 0.076666667 0.076666667 0.076666667 0.076666667 0.076666667 0.076666667 0.076666667 0.076666667 0.076666276 -0.20505135
0.85333333 0.85333333 0.85333333 0.85333333 0.85333333 0.85333333 0.85333333 1.448302 1.5833333 1.5833333 1.5833333 1.5833333 1.5833333 1.5833333 1.5833333 1.5833333 1.5833333 1.5833333 1.5833121 1.0296325 -0.3566658 -0.35666667 -0.35666667 -0.35666667 -0.35666667 -0.35666667 -0.35666667 -0.35665185 0.70645806 0.71666667 0.71666667 0.71666667 0.71666667 0.71666667 0.71666667 0.71666667 0.71666667 0.71666667 0.71666667 0.71666667 0.71666667 0.71666667 0.71666667 0.71666667 0.71666667 0.71666667 0.7148859 0.076720397 0.076666667 0.076666667 0.076666667 0.076666667 0.076666667 0.076666667 0.076666667 0.076666667 0.076653557 -0.37995447 -0.40333332
0.85333333 0.85333333 0.85333333 0.85333333 0.85333333 0.85333333 0.85333333 0.85333333 1.5833333 1.5833333 1.5833333 1.5833333 1.5833333 1.5833333 1.5833333 1.5833333 1.5833317 1.575771 0.94819141 0.72655426 0.56074905 -0.3565737 -0.35666666 -0.35666667 -0.35666667 -0.35666667 -0.3566666 -0.33552986 0.71663206 0.71666667 0.71666667 0.71666667 0.71666667 0.71666667 0.71666667 0.71666667 0.71666667 0.71666667 0.71666667 0.71666667 0.71666667 0.71666667 0.71666667 0.71666667 0.71666667 0.71666667 0.71664573 0.092792016 0.076666705 0.076666667 0.076666667 0.076666667 0.076666667 0.076666667 0.076666657 0.076286675 -0.40047651 -0.40333333 -0.40333333
0.85333333 0.85333333 0.85333333 0.85333333 0.85333333 0.85333333 0.85333333 0.85333333 0.86519335 1.5833333 1.5833333 1.5833333 1.5833333 1.5833333 1.5833331 1.49762 0.72162134 0.7200086 0.72000042 0.72000008 0.72000002 0.71890028 -0.32465059 -0.356663 -0.35666667 -0.35666666 -0.35659827 0.5604947 0.71666614 0.71666667 0.71666667 0.71666667 0.71666667 0.71666667 0.71666667 0.71666667 0.71666667 0.71666667 0.71666667 0.71666667 0.71666667 0.71666667 0.71666667 0.71666667 0.71666667 0.71666667 0.71666602 0.55133818 0.076680059 0.076666667 0.076666667 0.076666667 0.076666666 0.076665998 0.069938925 -0.40270611 -0.40333333 -0.40333333 -0.40333333
0.85333333 0.85333333 0.85333333 0.85333333 0.85333333 0.85333333 0.85333333 0.85333333 0.85333333 1.5833269 1.5833333 1.5833333 1.5833165 0.72399535 0.72000002 0.72 0.72 0.72 0.72 0.72 0.71999977 0.71961756 0.58625188 -1.1192601 -0.56083086 -0.36073118 -0.34074408 0.7142925 0.71666664 0.71666667 0.71666667 0.71666667 0.71666667 0.71666667 0.71666667 0.71666667 0.71666667 0.71666667 0.71666667 0.71666667 0.71666667 0.71666667 0.71666667 0.71666667 0.71666667 0.71666667 0.71666662 0.71168437 0.078368614 0.076666744 0.076666562 0.076663913 0.076509911 0.0080180838 -0.40338399 -0.40333419 -0.40333333 -0.40333333 -0.40333333
0.85333333 0.85333333 0.85333333 0.85333333 0.85333333 0.85333333 0.85333333 0.85333333 0.85333333 0.85851894 1.3737982 0.72000033 0.72 0.72 0.72 0.72 0.72 0.72 0.72 0.72 0.7199794 0.65741295 -1.2745558 -1.4248079 -1.4265922 -1.4266141 -1.4128538 0.71572312 0.71666666 0.71666667 0.71666667 0.71666667 0.71666667 0.71666667 0.71666667 0.71666667 0.71666667 0.71666667 0.71666667 0.71666667 0.71666667 0.71666667 0.71666667 0.71666667 0.71666667 0.71666667 0.71666666 0.71641645 0.15615105 0.074439804 0.0065363933 -0.54935371 -0.63886421 -0.63539656 -0.51324376 -0.40419792 -0.40333393 -0.40333333 -0.40333333
0.85297961 0.85333333 0.85333333 0.85333333 0.85333333 0.85333333 0.85333333 0.85333333 0.85333333 0.73408855 0.72 0.72 0.72 0.72 0.72 0.72 0.72 0.72 0.72 0.71999978 0.70066136 -1.3700925 -1.4265006 -1.4266636 -1.4266664 -1.4266666 -1.4266664 -1.2967228 0.71661424 0.71666667 0.71666667 0.71666667 0.71666667 0.71666667 0.71666667 0.71666667 0.71666667 0.71666667 0.71666667 0.71666667 0.71666667 0.71666667 0.71666667 0.71666667 0.71666667 0.71666666 0.71666626 0.7166098 -0.28245179 -0.63859096 -0.63998341 -0.6399998 -0.63999959 -0.6399962 -0.6399016 -0.62992028 -0.41042847 -0.40333412 -0.40333333
0.3 0.83433431 0.85333298 0.85333333 0.85333333 0.85333333 0.85333333 0.85333333 0.85333161 0.72 0.72 0.72 0.72 0.72 0.72 0.72 0.72 0.72 0.72 0.71698696 -1.4156045 -1.4266626 -1.4266666 -1.4266667 -1.4266667 -1.4266667 -1.4266667 -1.4266626 -0.34689158 0.71666205 0.71666667 0.71666667 0.71666667 0.71666667 0.71666667 0.71666667 0.71666667 0.71666667 0.71666667 0.71666667 0.71666667 0.71666667 0.71666659 0.71666288 0.71653535 0.71377117 0.67715197 0.40262027 -0.63945964 -0.63999992 -0.64 -0.64 -0.64 -0.64 -0.63999999 -0.63999975 -0.63995045 -0.55431024 -0.40333778
0.3 0.268325 -0.26666667 -0.26666665 -0.26665481 -0.24745613 0.76396643 0.85229673 0.72021655 0.72 0.72 0.72 0.72 0.72 0.72 0.72 0.72 0.72 0.71984294 -1.4259428 -1.4266667 -1.4266667 -1.4266667 -1.4266667 -1.4266667 -1.4266667 -1.4266666 -1.4266603 -1.42613 0.57190136 0.71666592 0.71666667 0.71666667 0.71666667 0.71666667 0.71666667 0.71666666 0.71666663 0.71666558 0.71662729 0.71517741 0.66990666 0.13310331 -0.37155488 -0.43012957 -0.43509316 -0.42186786 -0.21564032 -0.63119185 -0.63999935 -0.64 -0.64 -0.64 -0.64 -0.64 -0.64 -0.64 -0.63999999 -0.63991243
0.3 -0.0074923942 -0.26666667 -0.26666667 -0.26666667 -0.26666667 -0.26666667 -0.26666667 0.71487065 0.72 0.72 0.72 0.72 0.72 0.72 0.72 0.72 0.71999789 -1.4266584 -1.4266667 -1.4266667 -1.4266667 -1.4266667 -1.4266667 -1.4266667 -1.4266667 -1.4266659 -1.4264784 -1.4119873 -1.0906297 0.67122087 0.71665962 0.71665144 0.71657422 0.71577658 0.70332817 0.47690931 -0.30491405 -0.43217237 -0.43651798 -0.43666025 -0.43666624 -0.43666661 -0.43666637 -0.43665045 -0.43583291 -0.40409535 0.081890358 -0.27079969 -0.63998435 -0.64 -0.64 -0.64 -0.64 -0.64 -0.64 -0.64 -0.64 -0.64
0.3 -0.26567673 -0.26666667 -0.26666667 -0.26666667 -0.26666667 -0.26666667 -0.26666667 -0.2661841 0.72 0.72 0.72 0.72 0.72 0.72 0.72 0.71999997 -1.4266666 -1.4266667 -1.4266667 -1.4266667 -1.4266667 -1.4266667 -1.4266667 -1.4266667 -1.4266666 -1.4266026 -1.4092404 -0.79767396 -0.19690106 -0.14860597 -0.043827116 -0.38108479 -0.43374741 -0.43657042 -0.43666444 -0.43666663 -0.43666667 -0.43666667 -0.43666667 -0.43666667 -0.43666667 -0.43666667 -0.43666656 -0.43665322 -0.43519984 -0.33643942 0.49773764 0.68544744 -0.63899464 -0.64 -0.64 -0.64 -0.64 -0.64 -0.64 -0.64 -0.64 -0.64
0.3 -0.26666663 -0.26666667 -0.26666667 -0.26666667 -0.26666667 -0.26666667 -0.26666667 -0.26666667 0.71999853 0.72 0.72 0.72 0.72 0.72 0.71999995 -1.4266667 -1.4266667 -1.4266667 -1.4266667 -1.4266667 -1.4266667 -1.4266667 -1.4266667 -1.4266667 -1.4266486 -1.3968532 -0.35338549 -0.14881554 -0.14371151 -0.14339384 -0.29105104 -0.43666436 -0.43666665 -0.43666667 -0.43666667 -0.43666667 -0.43666667 -0.43666667 -0.43666667 -0.43666667 -0.43666667 -0.43666667 -0.43666663 -0.43665322 -0.4328427 -0.038283305 0.68854199 0.71579755 -0.46141692 -0.63999977 -0.64 -0.64 -0.64 -0.64 -0.64 -0.64 -0.64 -0.64
0.3 -0.26666667 -0.26666667 -0.26666667 -0.26666667 -0.26666667 -0.26666667 -0.26666667 -0.26666667 0.3633294 0.71999928 0.72 0.72 0.72 0.71999354 -1.4266667 -1.4266667 -1.4266667 -1.4266667 -1.4266667 -1.4266667 -1.4266667 -1.4266667 -1.4266667 -1.4266621 -1.3224183 -0.15762882 -0.14347809 -0.14334064 -0.14333446 -0.14333401 -0.29342909 -0.43665878 -0.43666663 -0.43666667 -0.43666667 -0.43666667 -0.43666667 -0.43666667 -0.43666667 -0.43666667 -0.43666667 -0.43666667 -0.43666666 -0.43664783 -0.41847237 0.55796 0.71528802 0.71663637 0.70512382 -0.63994525 -0.64 -0.64 -0.64 -0.64 -0.64 -0.64 -0.64 -0.64
0.3 -0.26666667 -0.26666667 -0.26666667 -0.26666667 -0.26666667 -0.26666667 -0.26666667 -0.27574838 -1.3199974 -1.2834086 -1.2833333 -1.2833333 -1.2833333 -1.3478279 -1.4266667 -1.4266667 -1.4266667 -1.4266667 -1.4266667 -1.4266667 -1.4266667 -1.4266667 -1.4266651 -0.6301908 -0.14342809 -0.14333373 -0.14333335 -0.14333334 -0.14333333 -0.14333512 -0.29612179 -0.43657869 -0.43666642 -0.43666667 -0.43666667 -0.43666667 -0.43666667 -0.43666667 -0.43666667 -0.43666667 -0.43666667 -0.43666667 -0.43666666 -0.43661832 -0.24293392 0.71158449 0.71664461 0.71666625 0.71666312 -0.58782946 -0.64 -0.64 -0.64 -0.64 -0.64 -0.64 -0.64 -0.64
0.29999996 -0.26666667 -0.26666667 -0.26666667 -0.26666667 -0.26666667 -0.26666667 -0.3668051 -1.32 -1.32 -1.2849721 -1.2833333 -1.2833333 -1.2833333 -1.2833333 -1.4266655 -1.4266667 -1.4266667 -1.4266667 -1.4266667 -1.4266667 -1.4266667 -1.4266641 -0.14484172 -0.14333334 -0.14333333 -0.14333333 -0.14333333 -0.14333333 -0.14333333 -0.14340631 -0.36935586 -0.43379539 -0.4366622 -0.43666667 -0.43666667 -0.43666667 -0.43666667 -0.43666667 -0.43666667 -0.43666667 -0.43666667 -0.43666667 -0.43666667 -0.43629774 0.62579589 0.71663879 0.71666659 0.71666667 0.71666667 0.70897461 -0.63999826 -0.64 -0.64 -0.64 -0.64 -0.64 -0.64 -0.64
