EBird Region Approach/spi files/9-11|20_3.tif
NCOLS 121
NROWS 95
XLLCORNER -137.04393
YLLCORNER 23.663691
DX 0.49677396
DY 0.49847026
NODATA_VALUE -9999
[rows 0 to 26 of 95, columns 0 to 59 of 121]
1.3450632 1.0489711 1.0498269 1.0499827 1.0499989 1.0499999 1.05 1.05 1.05 1.0499997 1.0499959 1.0499561 1.0496929 1.0485872 1.045382 0.34253608 -0.036756715 -0.76816604 -1.0766643 -1.0766667 -1.0766667 -1.0766667 -1.0766667 -1.0766667 -1.0766667 -1.0766667 -1.0766667 -1.0766667 -1.0766667 -1.0766667 -1.0766667 -1.0766667 -1.0766667 -1.0766667 -1.0766667 -1.0753086 -0.4000114 -0.4 -0.4 -0.4 -0.4 -0.4 -0.4 -0.4 -0.4 -0.4 -0.4 -0.4 -0.4 -0.4 -0.4 -0.4 -0.39999993 0.0032136871 1.2266662 1.2266667 1.2266667 1.2266667 1.2266667 1.2266667
1.4865313 1.0639325 1.0497255 1.0499846 1.0499997 1.05 1.05 1.05 1.05 1.05 1.0499978 1.0499493 1.049501 1.0474097 1.0389225 -0.036106413 -0.036666672 -0.037150187 -1.072624 -1.0766667 -1.0766667 -1.0766667 -1.0766667 -1.0766667 -1.0766667 -1.0766667 -1.0766667 -1.0766667 -1.0766667 -1.0766667 -1.0766667 -1.0766667 -1.0766667 -1.0766667 -1.0766667 -1.0565829 -0.40000018 -0.4 -0.4 -0.4 -0.4 -0.4 -0.4 -0.4 -0.4 -0.4 -0.4 -0.4 -0.4 -0.4 -0.4 -0.4 -0.4 -0.34735003 1.226665 1.2266667 1.2266667 1.2266667 1.2266667 1.2266667
1.4866667 1.485902 1.0489948 1.0499592 1.0499998 1.05 1.05 1.05 1.05 1.05 1.0499967 1.0498597 1.0484713 1.0426389 0.13911045 -0.036666615 -0.036666667 -0.036666673 -0.046048396 -1.0766638 -1.0766667 -1.0766667 -1.0766667 -1.0766667 -1.0766667 -1.0766667 -1.0766667 -1.0766667 -1.0766667 -1.0766667 -1.0766667 -1.0766667 -1.0766667 -1.0766667 -1.0766667 -0.78475729 -0.4 -0.4 -0.4 -0.4 -0.4 -0.4 -0.4 -0.4 -0.4 -0.4 -0.4 -0.4 -0.4 -0.4 -0.4 -0.4 -0.4 -0.39568606 1.2266586 1.2266667 1.2266667 1.2266667 1.2266667 1.2266667
1.4866667 1.4866667 1.3962943 1.0492252 1.0499966 1.05 1.05 1.05 1.05 1.05 1.0499562 1.0485639 1.0398466 1.0165836 -0.036661171 -0.036666667 -0.036666667 -0.036666667 -0.036666679 -0.70331335 -1.0766667 -1.0766667 -1.0766667 -1.0766667 -1.0766667 -1.0766667 -1.0766667 -1.0766667 -1.0766667 -1.0766667 -1.0766667 -1.0766667 -1.0766667 -1.0766667 -1.0766667 -0.42401671 -0.4 -0.4 -0.4 -0.4 -0.4 -0.4 -0.4 -0.4 -0.4 -0.4 -0.4 -0.4 -0.4 -0.4 -0.4 -0.4 -0.4 -0.3997034 1.2266091 1.2266667 1.2266667 1.2266667 1.2266667 1.2266667
1.4866667 1.4866667 1.4866667 0.91049498 1.0339339 1.0499895 1.05 1.05 1.05 1.0497223 1.038573 0.99409024 0.92588292 -0.0044490809 -0.036666667 -0.036666667 -0.036666667 -0.036666667 -0.036666667 -0.036666872 -1.0765005 -1.0766667 -1.0766667 -1.0766667 -1.0766667 -1.0766667 -1.0766667 -1.0766667 -1.0766667 -1.0766667 -1.0766667 -1.0766667 -1.0766667 -1.0766667 -1.0766663 -0.400587 -0.4 -0.4 -0.4 -0.4 -0.4 -0.4 -0.4 -0.4 -0.4 -0.4 -0.4 -0.4 -0.4 -0.4 -0.4 -0.4 -0.4 -0.39997993 1.2261017 1.2266667 1.2266667 1.2266667 1.2266667 1.2266667
1.4866667 1.4866667 1.4866667 1.48666 -0.12605048 -0.12666661 -0.12666667 -0.12666667 -0.12666659 -0.12274537 -0.045629084 0.11100294 0.2424123 -0.036666658 -0.036666667 -0.036666667 -0.036666667 -0.036666667 -0.036666667 -0.036666667 -0.036721575 -1.0766666 -1.0766667 -1.0766667 -1.0766667 -1.0766667 -1.0766667 -1.0766667 -1.0766667 -1.0766667 -1.0766667 -1.0766667 -1.0766667 -1.0766667 -1.0766499 -0.40001504 -0.4 -0.4 -0.4 -0.4 -0.4 -0.4 -0.4 -0.4 -0.4 -0.4 -0.4 -0.4 -0.4 -0.4 -0.4 -0.4 -0.4 -0.39999844 1.2199035 1.2266667 1.2266667 1.2266667 1.2266667 1.2266667
1.4866667 1.4866667 1.4866667 1.4866667 -0.12666447 -0.12666667 -0.12666667 -0.12666667 -0.12666667 -0.12666625 -0.12640074 -0.12023059 -0.041823601 -0.036666667 -0.036666667 -0.036666667 -0.036666667 -0.036666667 -0.036666667 -0.036666667 -0.034267381 0.34321353 -1.0766017 -1.0766667 -1.0766667 -1.0766667 -1.0766667 -1.0766667 -1.0766667 -1.0766667 -1.0766667 -1.0766667 -1.0766667 -1.0766667 -1.075873 -0.40000053 -0.4 -0.4 -0.4 -0.4 -0.4 -0.4 -0.4 -0.4 -0.4 -0.4 -0.4 -0.4 -0.4 -0.4 -0.4 -0.4 -0.4 -0.39999984 1.1442267 1.2266667 1.2266667 1.2266667 1.2266667 1.2266667
1.4866667 1.4866667 1.4866667 1.4866667 1.4866662 -0.12666667 -0.12666667 -0.12666667 -0.12666667 -0.12666662 -0.12665216 -0.1261482 -0.03666667 -0.036666667 -0.036666667 -0.036666667 -0.036666667 -0.036666667 -0.036666667 -0.036666667 0.33651296 0.34333333 0.34333333 -0.060510978 -1.0766667 -1.0766667 -1.0766667 -1.0766667 -1.0766667 -1.0766667 -1.0766667 -1.0766667 -1.0766667 -1.0766667 -1.042089 -0.39987784 -0.39999994 -0.4 -0.4 -0.4 -0.4 -0.4 -0.4 -0.4 -0.4 -0.4 -0.4 -0.4 -0.4 -0.4 -0.4 -0.4 -0.4 -0.39999997 0.59756811 1.2266667 1.2266667 1.2266667 1.2266667 1.2266667
1.4866667 1.4866667 1.4866667 1.4866667 1.4866667 -0.12650259 -0.12666667 -0.12666667 -0.12666667 -0.12666655 -0.12665974 -0.11795341 -0.036666667 -0.036666667 -0.036666667 -0.036666667 -0.036666667 -0.036666667 -0.036666667 -0.03666611 0.34333333 0.34333333 0.34333333 0.34333333 0.34331815 -1.0761713 -1.0766667 -1.0766667 -1.0766667 -1.0766667 -1.0766667 -1.0766667 -1.0766667 -1.0759269 0.079371138 0.065535622 -0.36322702 -0.39999046 -0.4 -0.4 -0.4 -0.4 -0.4 -0.4 -0.4 -0.4 -0.4 -0.4 -0.4 -0.4 -0.4 -0.4 -0.4 -0.39999999 -0.17092336 1.2269222 1.2267189 1.226674 1.2266673 1.2266667
1.4866667 1.4866667 1.4866667 1.4866667 1.4866667 1.4861993 -0.12666665 -0.12666666 -0.12666662 -0.12666604 -0.12665688 -0.036668527 -0.036666667 -0.036666667 -0.036666667 -0.036666667 -0.036666667 -0.036666667 -0.036666667 0.34332317 0.34333333 0.34333333 0.34333333 0.34333333 0.34333333 0.34333331 0.0025578098 -1.0766417 -1.0766667 -1.0766667 -1.0766667 -1.0766133 -0.95704148 0.11435912 0.080001341 0.07999998 0.079999124 0.079669375 -0.31116492 -0.39999943 -0.4 -0.4 -0.4 -0.4 -0.4 -0.4 -0.4 -0.4 -0.4 -0.4 -0.4 -0.4 -0.39999915 -0.39991082 -0.12991075 2.5506326 2.6110849 2.6714476 2.7269077 2.7724893
1.4866667 1.4866667 1.4866667 1.4866667 1.4866667 1.4866666 -0.10658936 -0.12666642 -0.12666602 -0.1266634 -0.12608967 -0.036666667 -0.036666667 -0.036666667 -0.036666667 -0.036666667 -0.036666667 -0.036666667 -0.036666667 0.34333333 0.34333333 0.34333333 0.34333333 0.34333333 0.34333333 0.34333333 0.34333333 0.34100815 -1.0383701 -1.0713935 0.7390915 0.89991345 0.89998576 0.53940675 0.080004844 0.08 0.08 0.08 0.08 0.079999507 -0.030570242 -0.39999966 -0.4 -0.4 -0.4 -0.4 -0.4 -0.4 -0.4 -0.39999998 -0.39998169 -0.39600989 -0.19053609 1.0898615 2.6299259 2.8499862 2.8499983 2.8499999 2.85 2.85
1.4866667 1.4866667 1.4866667 1.4866667 1.4866667 1.4866667 1.4596458 -0.12652777 -0.12666195 -0.1266531 -0.037529621 -0.036666667 -0.036666667 -0.036666667 -0.036666667 -0.036666667 -0.036666667 -0.036666667 0.34332783 0.34333333 0.34333333 0.34333333 0.34333333 0.34333333 0.34333333 0.34333333 0.34333333 0.34333335 0.5313591 0.90000872 0.90000004 0.9 0.89999998 0.89540628 0.080053289 0.08 0.08 0.08 0.08 0.08 0.08 0.079999999 0.076316681 -0.39997534 -0.4 -0.4 -0.39999998 -0.39991808 -0.30484831 1.6189533 1.777174 1.7798343 1.7799738 1.7799914 1.9713232 2.8499997 2.85 2.85 2.85 2.85
1.4866667 1.4866667 1.4866667 1.4866666 1.4866659 1.4866569 1.4863579 0.021656355 -0.12662034 -0.12630079 -0.036667645 -0.036666667 -0.036666667 -0.036666667 -0.036666667 -0.036666667 -0.036666667 -0.036665665 0.34333333 0.34333333 0.34333333 0.34333333 0.34333333 0.34333333 0.34333333 0.34333333 0.34333334 0.36654544 0.90846298 0.90000297 0.9 0.9 0.9 0.89999669 0.083362195 0.08 0.08 0.08 0.08 0.08 0.08 0.08 0.08 0.08 0.079545613 1.7673746 1.7799912 1.78 1.78 1.78 1.78 1.78 1.78 1.7799999 1.7859169 2.8499974 2.85 2.85 2.85 2.85
0.30666667 0.30666667 0.30666667 0.30666667 0.30666675 0.306668 0.30668183 0.30679453 0.22408808 -0.4236121 -0.036669882 -0.036666667 -0.036666667 -0.036666667 -0.036666667 -0.036666667 -0.036666655 0.33596965 0.34333333 0.34333333 0.34333333 0.34333333 0.34333333 0.34333333 0.34333333 0.34333335 1.2337314 2.54908 0.92396351 0.90000105 0.9 0.9 0.9 0.9 0.72311222 0.08 0.08 0.08 0.08 0.08 0.08 0.08 0.08 0.08 0.18416182 1.78 1.78 1.78 1.78 1.78 1.78 1.78 1.78 1.7799987 1.7797193 2.8498246 2.85 2.85 2.85 2.85
0.30666667 0.30666667 0.30666667 0.30666667 0.30666667 0.30666667 0.30666737 0.30735188 -0.70656046 -0.74665973 -0.74604379 -0.037478094 -0.036666667 -0.036666667 -0.036666667 -0.036666641 -0.034473916 0.34332854 0.34333333 0.34333333 0.34333333 0.34333333 0.34333333 0.34333333 0.34333413 2.5500899 2.5533292 2.5520548 1.1164353 0.90000049 0.9 0.9 0.9 0.9 0.89999353 0.080000005 0.08 0.08 0.08 0.08 0.08 0.08 0.08 0.08 1.7791812 1.78 1.78 1.78 1.78 1.78 1.78 1.78 1.78 1.7799301 1.7597418 2.2367702 2.8499378 2.85 2.85 2.85
0.30666667 0.30666667 0.30666667 0.30666667 0.30666667 0.30666667 0.30681754 0.40225382 -0.74650972 -0.74666664 -0.74666667 -0.74666639 -0.41884875 -0.03666693 -0.036666522 -0.036544533 0.28092753 0.34333306 0.34333333 0.34333333 0.34333333 0.34333333 0.34333333 0.34450666 2.5533329 2.5533333 2.5533333 2.5530527 2.2238433 0.90000058 0.9 0.9 0.9 0.9 0.9 0.080049236 0.08 0.08 0.08 0.08 0.08 0.08 0.08 0.080000024 1.78 1.78 1.78 1.78 1.78 1.78 1.78 1.78 1.779995 1.759957 1.7075745 1.7797801 1.8478906 2.8499527 2.85 2.85
0.30666667 0.30666667 0.30666667 0.30666667 0.30666667 0.30668066 0.70554963 -0.42890472 -0.74666641 -0.74666667 -0.74666667 -0.74666667 -0.72204748 -0.03666712 -0.036666667 -0.036666667 -0.036666666 -0.036606379 0.3367056 0.34333332 0.34333333 0.34333335 1.7420371 2.5533333 2.5533333 2.5533333 2.5533333 2.5533114 2.2344172 0.90001353 0.9 0.9 0.9 0.9 0.9 0.88137363 0.08 0.08 0.08 0.08 0.08 0.08 0.08 0.12609876 1.78 1.78 1.78 1.78 1.78 1.78 1.78 1.7799999 1.7587826 1.7067016 1.7073608 1.7799918 1.78 1.7814832 2.8499168 2.85
0.30666667 0.30666667 0.30666667 0.30666667 0.30666712 0.83273036 0.83333311 -0.74550215 -0.74666667 -0.74666667 -0.74666667 -0.74666667 -0.7336008 -0.036666673 -0.036666667 -0.036666667 -0.036666667 -0.036666667 -0.036666667 -0.036666569 -0.0022023246 2.5500482 2.5533333 2.5533333 2.5533333 2.5533333 2.5533333 2.5533332 2.2333335 1.7032509 0.9 0.9 0.9 0.9 0.9 0.9 0.08 0.08 0.08 0.08 0.08 0.08 1.5376275 1.5400001 1.78 1.78 1.78 1.78 1.78 1.78 1.78 1.7530507 1.706667 1.7066667 1.7086625 1.7799999 1.78 1.78 1.7800048 2.849316
0.30666667 0.30666667 0.30666667 0.30666681 0.83333333 0.83333333 0.83333307 -0.74666664 -0.74666667 -0.74666667 -0.74666667 -0.74666667 -0.74058231 -0.036666667 -0.036666667 -0.036666667 -0.036666667 -0.036666667 -0.036666667 -0.036666667 -0.036666663 2.553242 2.5533333 2.5533333 2.5533333 2.5533333 2.5533333 2.5533333 2.2333333 2.2333333 0.9 0.9 0.9 0.9 0.9 0.9 0.080123224 0.08 0.08 0.08 0.080381365 1.54 1.54 1.54 1.7781425 1.78 1.78 1.78 1.78 1.78 1.7328163 1.7066667 1.7066667 1.7066667 1.7200837 1.78 1.78 1.78 1.78 1.78
0.83318013 0.30666667 0.59068647 0.83333333 0.83333333 0.83333333 0.83329707 -0.74666667 -0.74666667 -0.74666667 -0.74666667 -0.74666667 -0.74394964 -0.036666667 -0.036666667 -0.036666667 -0.036666667 -0.036666667 -0.036666667 -0.036666667 -0.036666667 2.4925016 2.5533333 2.5533333 2.5533333 2.5533333 2.5533333 2.5533333 2.2333333 2.2333333 0.9 0.9 0.9 0.9 0.9 0.9 0.88618155 0.080000002 0.080017207 1.5392583 1.54 1.54 1.54 1.54 1.54 1.78 1.78 1.78 1.78 1.7090673 1.7066667 1.7066667 1.7066667 1.7066667 1.7731649 1.78 1.78 1.78 1.78 1.78
0.83333333 0.83330387 0.83333333 0.83333333 0.83333333 0.83333333 -0.63089074 -0.74666667 -0.74666667 -0.74666667 -0.74666667 -0.74666667 -0.74517143 -0.036666667 -0.036666667 -0.036666667 -0.036666667 -0.036666667 -0.036666667 -0.036666667 -0.036666667 0.00088695493 2.5533333 2.5533333 2.5533333 2.5533333 2.5533333 2.5532969 2.2333333 2.2333333 2.233332 0.9 0.9 0.9 0.9 0.9 0.89999739 0.43559863 1.5399941 1.54 1.54 1.54 1.54 1.54 1.54 1.7144589 1.78 1.78 1.7067772 1.7066667 1.7066667 1.7066667 1.7066667 1.7066667 1.7799858 1.78 1.78 1.78 1.78 1.78
0.83333333 0.83333333 0.83333333 0.83333333 0.83333333 0.83333333 -0.74666667 -0.74666667 -0.74666667 -0.74666667 -0.74666667 -0.74666667 -0.74412927 -0.036666666 -0.036666667 -0.036666667 -0.036666667 -0.036666667 -0.036666667 -0.036666667 -0.036666667 -0.036653522 2.5533333 2.5533333 2.5533333 2.5533333 2.5533333 2.2522285 2.2333333 2.2333333 2.2333333 0.90000378 0.9 0.9 0.9 0.9 0.90000034 1.540002 1.54 1.54 1.54 1.54 1.54 1.54 1.54 1.54 1.645026 1.7066892 1.7066667 1.7066667 1.7066667 1.7066667 1.7066667 1.7066626 1.7799998 1.78 1.78 1.78 1.78 1.78
0.83333333 0.83333333 0.83333333 0.83333333 0.83333333 0.83333333 -0.74666667 -0.74666667 -0.74666667 -0.74666667 -0.74666667 -0.74666667 0.83333332 0.83321827 -0.036666667 -0.036666667 -0.036666667 -0.036666667 -0.036666667 -0.036666667 -0.036666667 -0.036666646 2.553332 2.5533333 2.5533333 2.5533333 2.5532546 0.3666695 0.36666667 0.36666667 0.36666667 0.36666667 0.45579822 0.89999616 0.89999999 0.8969914 0.097895511 1.6304974 1.6440505 1.6106219 1.540182 1.54 1.54 1.54 1.5400002 1.6333333 1.6333333 1.6333333 1.7066667 1.7066667 1.7066667 1.7066667 1.70488 1.4366667 1.7531376 1.78 1.78 1.78 1.78 1.78
0.83333333 0.83333333 0.83333333 0.83333333 0.83333333 0.83326472 -0.74666667 -0.74666667 -0.74666667 -0.74666667 -0.74666667 0.81477453 0.83333333 0.83333333 0.83333333 -0.036666088 -0.036666667 -0.036666667 -0.036666667 -0.036666667 -0.036666667 -0.036666666 2.5485104 2.5532612 2.4787225 0.36673888 0.36666667 0.36666667 0.36666667 0.36666667 0.36666667 0.36666667 0.36666667 0.36665428 0.090000164 0.089988925 0.065878381 0.78620926 1.6335453 1.6347221 1.8384246 2.1033316 2.1033333 2.1033333 1.6333334 1.6333333 1.6333333 1.6333333 1.6333335 1.7066667 1.7066667 1.4366667 1.4366667 1.4366667 1.4366667 1.78 1.78 1.78 1.78 1.78
0.83333333 0.83333333 0.83333333 0.83333333 0.83333333 0.21519558 -0.74666667 -0.74666667 -0.74666667 -0.74666667 -0.74665213 0.83333333 0.83333333 0.83333333 0.83333333 0.83333333 0.82956834 -0.036666666 -0.036666667 -0.036666667 -0.036666667 -0.036666667 1.1322942 0.37522346 0.36666682 0.36666667 0.36666667 0.36666667 0.36666667 0.36666667 0.36666667 0.36666667 0.36666667 0.090077465 0.09 0.089999773 0.055023749 0.52491962 0.71669194 1.6333337 1.6333348 2.103323 2.1033333 2.1033333 1.6333627 1.6333333 1.6333333 1.6333333 1.6333333 1.5850196 1.4366667 1.4366667 1.4366667 1.4366667 1.4366667 1.78 1.78 1.78 1.78 1.78
0.83333333 0.83333333 0.83333333 0.83333333 0.83333069 -0.72164375 -0.74666667 -0.74666667 -0.74666667 -0.74666665 0.83333164 0.83333333 0.83333333 0.83333333 0.83333333 0.83333333 0.83333333 0.83331029 -0.034181013 -0.036665702 -0.036666633 -0.036666655 0.36273671 0.36666674 0.36666667 0.36666667 0.36666667 0.36666667 0.36666667 0.36666667 0.36666667 0.36666667 0.36614994 0.09 0.09 0.09 0.0085210838 -0.040712957 0.60999995 0.64661416 1.6333333 1.6333333 2.1033333 2.1033333 2.0844667 1.6333333 1.6333333 1.6333333 1.6333333 1.4396663 1.4366667 1.4366667 1.4366667 1.4366667 1.4366667 1.7793297 1.78 1.78 1.78 1.7799999
0.83333333 0.83333333 0.83333333 0.83333329 0.8316436 -0.74346831 -0.74666666 -0.74666667 -0.74666666 0.36858651 0.83333333 0.83333333 0.83333333 0.83333333 0.83333333 0.83333333 0.83333333 0.83333333 0.83329987 0.34518178 -0.035018589 0.16265663 1.2060612 0.36666952 0.36666667 0.36666667 0.36666667 0.36666667 0.36666667 0.36666667 0.36666667 0.36681752 0.37896814 0.09 0.09 0.09 -0.042861002 -0.043333333 0.60999994 0.61 0.64860039 1.6333333 1.6341964 2.1033333 2.0934412 1.6333333 1.6333333 1.6333333 1.6333333 1.91 1.91 1.91 1.6795015 1.4449631 1.5266666 1.5266667 1.7788713 1.7799826 1.7799249 1.7790097
