EBird Region Approach/spi files/9-11|20_2.tif
NCOLS 121
NROWS 95
XLLCORNER -137.04393
YLLCORNER 23.663691
DX 0.49677396
DY 0.49847026
NODATA_VALUE -9999
[rows 27 to 53 of 95, columns 0 to 58 of 121]
0.083748112 0.58219905 0.66665354 0.66661537 0.53731743 -0.60011073 -0.76411945 -0.80353493 -0.79992477 0.33666183 0.33666667 0.33666667 0.33666667 0.33666667 0.33666667 0.33666667 0.33666667 0.33666667 0.33666667 0.33747303 1.9360786 1.9366667 1.9366662 1.5821851 0.83807884 0.061968137 -0.27916034 -0.2799999 -0.28 -0.28 0.52580621 0.52666667 0.52666667 0.18333333 0.18333333 0.18333333 0.026666667 0.026666667 0.066749245 0.14333333 0.14333333 0.61529453 0.77324412 0.76 0.76 0.76 1.4499271 1.45 1.6566667 1.6566667 1.6566667 1.6566667 1.6563847 1.5433333 1.5433333 1.5433333 0.57539302 0.57333333 0.57333333
0.08551373 0.36191703 -0.091481009 -0.093332818 -0.093333333 -0.093333333 -0.093333333 -0.09333333 -0.093327019 -0.035174182 0.32390267 0.33666107 0.33666667 0.33666667 0.33666667 0.33666667 0.33666671 0.48141723 0.95329764 0.95600259 1.9366541 1.9366667 1.9366667 1.9361493 0.90000069 0.9 0.9 0.9 0.9 0.88972838 0.52666667 0.52666667 0.52666667 0.52666667 0.18333333 0.18333333 0.026666667 0.026666667 0.066666667 0.066666667 0.066811737 0.14294769 0.76 0.76 0.76 0.76 0.76 0.82530918 1.6566667 1.6566667 1.6566667 1.6566667 1.2533333 1.5433333 1.5433333 1.5433333 0.57333333 0.57333333 0.57333333
-0.092830652 -0.093333308 -0.093333333 -0.093333333 -0.093333333 -0.093333333 -0.093333333 -0.093333333 -0.093333271 -0.052153398 -0.11829566 -0.13333252 -0.13333288 -0.13333064 -0.13315271 0.95324633 0.95333333 0.95333333 0.95333333 0.95390477 1.9366666 1.9366667 1.9366667 1.9366667 0.90008172 0.9 0.9 0.9 0.9 0.9 0.52666667 0.52666667 0.52666667 0.52666667 0.69333333 -0.096666667 -0.09666486 -0.093333333 -0.073333333 -0.23333333 -0.43333332 -0.43333311 0.76 0.76 0.76 0.76 -0.019223416 -0.093319188 0.35875582 1.6566606 1.3584748 1.2533333 1.2533333 1.5433333 1.5433333 1.5427187 0.57333333 0.57333333 0.57333333
-0.093333225 -0.093333326 -0.093333333 -0.093333333 -0.093333333 -0.093333333 -0.093333333 -0.093333333 -0.093333333 -0.063729917 0.57883509 -0.13333332 -0.13333333 -0.13333328 -0.13323822 0.95333328 0.95333333 0.95333333 0.95333333 0.9534017 1.9366667 1.9366667 1.9366667 1.9366667 1.6459291 0.9 0.9 0.9 0.9 0.9 0.526731 0.52666667 0.52666667 -0.82 -0.82 -0.41 -0.30333333 -0.22666866 -0.59333333 -0.43333333 -0.43333333 -0.32 -0.32 0.7599854 -0.076666667 -0.076666667 -0.076679901 -0.093333333 0.17999107 0.15923603 -0.13828916 0.64333334 0.64333333 0.64333333 0.64333345 0.57333333 0.57333333 0.57333333 0.57333333
-0.093333007 -0.093333313 -0.093333333 -0.093333333 -0.093333333 -0.093333333 -0.093333333 -0.093333333 -0.093333333 -0.062002672 0.99666578 -0.13333333 -0.13333333 -0.13333333 -0.13024561 0.95333333 0.95333333 0.95333333 0.95333333 0.95333854 1.9366667 1.9366667 1.9366667 1.9366667 1.9366667 0.9 0.9 0.9 0.9 0.9 0.89999999 0.52666247 -0.81998636 -0.82 -0.80664347 -0.61666667 -0.24666667 -0.58333333 -0.29333333 -0.61 -0.61 -0.32 -0.32260361 -0.12148488 -0.076666667 -0.076666696 -0.093333333 -0.093333333 0.18 0.17934423 -0.14 0.6112302 0.64333333 0.64333333 0.64333333 0.57333061 0.57333333 0.57333333 0.57333333
-0.093331457 -0.093333182 -0.093333329 -0.093333333 -0.093333333 -0.093333333 -0.093333333 -0.093333333 -0.093333333 0.14256147 0.99666667 -0.1331271 -0.13333333 -0.13333333 0.25177895 0.95333333 0.95333333 0.95333333 0.95333333 0.95333421 1.9366667 1.9366667 1.9366667 1.9366667 1.9366667 0.9 0.9 0.9 0.9 0.9000036 1.0232925 -0.69852925 -0.82 -0.81700451 -0.063333333 -0.063333333 -0.24666667 -0.58332005 -0.29333333 -0.2938067 -0.61 -0.66666667 -0.66666667 -0.66665984 -0.17333334 -0.17468196 -0.093333334 -0.093333333 0.18 0.17999976 -0.14 -0.26666667 -0.61666667 -0.61666667 -0.61446679 -0.54 -0.64260812 -1.0233333 -1.0233333
-0.093313094 -0.093330433 -0.093333147 -0.09333333 -0.093333333 -0.093333333 -0.093333333 -0.093333333 -0.093333333 0.99610778 0.99666667 0.99666667 1.5133333 0.26666667 -0.44997727 0.95333333 0.95333333 0.95333333 0.95333333 0.95333702 1.9366667 1.9366667 1.9366667 1.9366667 1.9366667 1.4290187 0.90388973 1.0233333 1.0233333 1.0233333 1.0233333 1.0233333 -0.20091106 -0.063333337 -0.063333333 -0.063333333 -0.052905942 0.28333333 -0.2933302 -0.29333352 -0.61084414 -0.66666667 -0.66666683 -1.09 -1.4933333 -1.36 -0.61 -0.37333333 -0.11 0.03 -0.24333333 -0.38 -0.61666667 0.2778397 -0.10297234 -0.54 -0.54 -1.0233333 -1.0233333
-0.092977818 -0.093214115 -0.093305572 -0.093329696 -0.093333153 -0.093333332 -0.093333333 -0.093333333 0.098639287 0.54001179 0.99666667 0.99666667 0.93 -0.45 -0.45 0.95187117 0.95333333 0.95333333 0.95333333 0.95359785 1.9366667 1.9366667 1.9366667 1.9366667 1.9366667 1.7210099 1.0233333 1.0233333 1.0233333 1.0233333 1.0233333 1.0242897 0.61866243 -0.063333334 -0.063333333 0.11182456 0.28333333 0.28333333 0.28333261 -0.80485327 -0.93333333 -0.93333333 -1.09 -1.4366667 -0.76336365 -1 -0.57 -0.94333332 -0.36333333 -0.29666667 -0.24368498 -0.086888717 -0.27666667 0.34666667 -0.10333333 -0.53999999 -0.54 -1.0233333 -0.85673385
-0.085494815 -0.086432212 -0.086252746 -0.082736141 -0.052997635 0.41537301 0.53999947 0.54 0.54 0.54 -0.75666667 -0.75666667 0.93 0.93 0.93 0.032368795 0.030027513 0.076385298 1.6213445 2.01 2.0099618 1.9366667 1.9366667 1.9366667 2.2263157 2.2266667 2.2245745 1.0520405 1.4266667 1.4266667 1.4266667 1.426667 1.5418654 0.38200819 0.37333243 -0.10762411 -0.25999993 -0.26 -0.50304724 -0.02886563 -0.93333333 -0.93333333 -0.93333333 -0.87000056 -0.6102236 -0.35333333 -0.52 -0.54666667 -0.62333333 -0.61 -0.58192036 0.12333328 0.14333333 -0.32333333 -0.63666667 -0.15333333 -0.23666667 0.2 -0.47
0.039494626 0.13458324 0.33476933 0.51234908 0.53964134 0.53999993 0.54 0.54 0.54 0.53999288 -0.75666667 -0.75666667 0.92998282 0.93 0.92999999 0.03 0.03 0.25655066 1.6001458 2.01 2.01 2.01 1.93667 2.2218156 2.2266667 2.2266667 2.2266667 1.426667 1.4266667 1.4266667 1.448741 1.5866667 1.5865708 1.1227124 0.37333333 0.37333333 0.18113853 -0.50333333 -0.50333333 -0.026666667 -0.026666667 0.21999996 0.22 -0.87 -0.86989897 -0.10211065 -0.013333333 -0.53 -0.07 -0.71666667 -0.26333333 -0.073333333 -0.073333333 -0.14 -0.45333333 -0.15333333 -0.04002127 0.2 0.2
0.41719559 0.50463969 0.53569005 0.53985351 0.53999936 0.54 0.54 0.54 0.54 -0.75591697 -0.75666667 -0.75666667 -0.75666427 0.92999996 0.03 0.03 0.03 1.6 1.6 2.01 2.01 2.01 1.2777679 0.66265888 2.2208826 2.2266667 2.2266667 2.2266667 1.4270483 1.5866667 1.5866667 1.5866667 1.1234752 1.1233333 0.37380444 0.37333333 0.37333333 -0.50333333 -0.50333333 -0.026666667 -0.99666667 -0.99462329 0.22 0.32333333 -0.033333333 -0.02 -0.2 -0.01 -0.28666667 -0.6 -0.87 -0.26732705 -0.39666667 0.17666667 -0.043333333 -0.040269087 -0.04 -0.04 -0.35
0.52503537 0.53743863 0.53979687 0.53999464 0.53999997 0.54 0.54 0.54 0.53999844 -0.75662217 -0.75666667 -0.75666667 -0.75666656 0.21988122 0.030001296 0.03 0.03 1.6 1.6 2.01 2.01 2.01 0.17082396 0.66 0.66 0.66 2.2266667 2.2266667 1.5866667 1.5866667 1.5866667 0.49340588 1.12341 1.1233333 1.1233333 0.37333333 0.37333333 -0.76024206 -0.78 -1.5699997 -1.57 -1.57 -1.6 0.32333333 0.036666667 -0.04 -0.29665377 -0.40333333 -0.35333288 -0.29 -0.54666667 -0.54667033 -0.8399357 0.29332008 -0.82998477 0.40666667 0.40666667 -0.19000157 -0.7
0.53745586 0.53963005 0.53997185 0.53999907 0.53999999 0.54 0.54 0.53999978 0.53098132 -0.75659091 -0.75666667 -0.75666667 -0.75459657 0.50333333 0.50333333 0.50333333 0.50333333 0.50351196 0.59 0.59 0.71241927 0.17 0.17 0.65451945 0.66 0.66 0.66 0.97606366 0.20665892 0.49332216 0.49333333 1.24 1.2399975 1.1233333 1.1233333 0.080001083 0.07997322 -0.78 -0.78 -0.78000357 -1.5638292 0.013333333 -0.093333334 -0.57666667 -0.33333333 -0.50845381 -0.62333333 -1.0266667 -0.80666667 -0.42 -0.52 -0.52 -0.12 -0.51 -0.51007652 0.40666667 0.40666667 -0.19 -0.7
0.53931461 0.53989861 0.53999092 0.53999954 0.53999998 0.53999996 0.53999925 0.53983561 0.19644757 -0.75645513 -0.75666665 -0.75646876 0.50333333 0.50333333 0.50333333 0.50333333 0.50333333 0.50333333 0.59 0.71333333 0.71333333 0.17 0.17 0.17 0.6599774 0.65999999 0.6654078 1.1432956 0.20666667 -0.14666667 -0.14666667 0.063333333 0.063333336 0.18333333 0.18333314 0.08 0.08 -0.78 -0.78 0.38666084 0.013335002 0.013363903 0.14666667 -0.093500522 -0.87 -0.80568978 -1.2333333 -1.0066667 -0.69333333 -0.93 -0.51 -0.51999968 -0.04 -0.043333333 -0.043321479 0.76333333 0.76333333 -0.19 -0.54666667
0.53972273 0.53995374 0.53999451 0.53999934 0.53999939 0.53999631 0.53991913 0.53217509 -0.38040225 -0.75610702 -0.75646896 0.50321173 0.50333333 0.50333333 0.50333333 0.50333333 0.50333333 0.64666667 0.64666667 0.71333333 0.71333333 0.17 0.17 0.17 0.070843671 0.10333333 0.78363097 1.1433333 0.20666667 0.20666667 -0.14666667 0.063333333 0.063347729 0.18333333 0.18332053 -0.16333333 -0.16333333 0.38664852 0.38666667 0.38666667 0.3780579 -0.82206019 -0.14019773 -0.09 0.54666667 -0.61666667 -0.61000039 -0.71333333 -0.38 -0.15333333 -0.41986925 0.11333333 0.68302655 0.028497779 0.02 0.36333333 0.36333337 -0.54009977 -0.42333333
0.53984312 0.53996777 0.539993 0.53999486 0.53998457 0.53989243 0.53815729 0.4625664 -0.58242035 -0.75497113 0.47898313 0.50333333 0.50333333 0.50333333 0.50333333 0.50333333 0.64435658 0.64666667 0.64666667 0.64666667 -0.063333333 -0.063333333 0.17 0.066666667 0.066666667 0.10333333 0.063333356 0.46666667 0.46663727 0.20670629 0.56708128 1.03 -0.056666667 -0.056666667 0.39 0.38999994 -0.16333333 0.38666646 0.38666667 -0.18666667 -0.18666667 -1.1033333 -1.1033333 -1.1033333 -0.45333333 -0.17 -0.83666667 -0.30666667 0.73333333 0.23333333 0.36 0.73 0.47333333 0.95793075 0.076666668 0.36333333 0.43666667 0.43666667 -0.42333333
0.53987817 0.53996064 0.53997311 0.53994818 0.53980977 0.53874942 0.52463994 0.25816337 -0.64354314 0.19072078 0.50332678 0.50333333 0.50333333 0.50333333 0.50333336 0.50733346 0.64666667 0.64666667 0.64666667 -0.063333323 -0.063333333 -0.063333333 -0.063333333 -0.26 -0.26 -0.41 -0.016666667 2.0366667 0.1413073 -0.29263167 0.04 1.03 -0.056666667 -0.056666667 0.0053318866 0.0033333333 -0.029999957 -0.17333333 -0.17333333 -0.18666667 -0.18666667 -1.1033333 -1.1033333 -1.1033333 -0.49999987 -0.48515174 -0.056800667 -0.18666667 -0.16666667 0.12333333 0.45296044 0.15666667 0.58333333 0.48994289 0.98999998 0.43666606 0.43666667 0.43666667 -0.18
0.5398542 0.53989989 0.53985555 0.53964534 0.53868056 0.53245423 0.47498398 -0.0029618097 -0.21775847 0.50256927 0.50333335 0.50333341 0.50333356 0.50333766 0.50528387 0.64650858 0.64666667 0.64666667 0.64663497 -0.063333333 -0.063333333 -0.063333333 -0.063333335 -0.26 -0.26 -0.40997437 0.54333333 0.77666667 0.41666667 -0.29333333 0.03999999 0.53855872 -0.056197081 -0.056666667 -0.03 -0.03 -0.03 -0.24 -0.17333333 -0.17333333 -0.29333235 -0.29333333 -1.1033333 -1.1033333 -0.49913311 -0.12666912 -0.38358082 -0.75 -0.28333333 -0.28333326 0.46666667 0.40333333 0.58333333 0.43666667 0.46942426 0.43670982 0.43666667 0.43666666 -0.18
0.53971106 0.53965315 0.53935317 0.53832811 0.5341112 0.511666 0.36987164 -0.1035064 0.48968416 0.50332402 0.50333623 0.50334169 0.50340004 0.5059134 0.62909565 0.64666354 0.64666667 0.64666546 -0.061668877 -0.063333333 -0.063333333 -0.063333333 -0.063376069 -0.26 0.27453629 0.3 0.3 0.16666667 0.40333774 -0.29330184 0.055384118 0.042429121 0.48273326 -0.013333336 -0.013333333 -0.013333333 -0.013333337 -0.24 -0.24 -0.24003222 -0.29333333 -0.29333333 -0.29333333 -0.31869164 -0.19503703 -0.38373541 0.099970305 -0.74309806 -0.28342322 -0.28330917 0.46648046 0.40333347 0.47251928 0.47 0.47 0.47 0.43841445 -0.16175573 -0.18
0.53926286 0.53886999 0.53772483 0.53419216 0.52125301 0.46522979 0.23589011 0.426387 0.50293667 0.50336246 0.50340748 0.50367798 0.50719629 0.57792262 0.64592109 0.64666572 0.64666312 0.59910913 -0.063327677 -0.063333333 -0.063333333 -0.063333333 -0.067500612 0.067951854 0.14840326 0.13669484 0.13666667 0.16666667 0.083542371 0.06 0.06 0.47 0.48666662 0.48666666 -0.013333333 -0.013333333 -0.013333333 -0.24 -0.24 -0.29332412 -0.29333333 -0.29333333 -0.29333333 0.27976369 0.28 0.28 0.28 0.27999999 -0.36107071 -0.28233131 0.4608684 0.40340281 0.47 0.47 0.47 0.47 0.47 -0.17988312 -0.18
0.53811627 0.53683486 0.53354698 0.52421541 0.49409573 0.39086405 0.33831165 0.49886711 0.50344329 0.50364654 0.50434778 0.50891993 0.54964444 0.63683237 0.64652309 0.64664978 0.6428477 -0.024118475 -0.063332237 -0.063333333 -0.063333333 -0.063333336 0.13662865 0.13666667 0.13666667 0.13666667 0.13666667 0.13666667 0.060000001 0.06 0.060000001 0.47 0.48666667 0.48666667 -0.013414391 -0.013338627 -0.013872063 -0.38364074 -0.49 -0.49 -0.2933345 -0.29208872 -0.19667723 0.27999998 0.28 0.28 0.28 0.28 0.28 -0.27480786 0.4509437 -0.19666464 -0.19666667 -0.19666667 -0.19666667 -0.19666667 -0.19666663 -0.19638121 -0.17975706
0.53559724 0.53238436 0.52473223 0.50480599 0.44907008 0.35001659 0.48115808 0.5032545 0.50418556 0.50549288 0.51095433 0.53873294 0.61364047 0.6444197 0.64653998 0.64470223 0.44479278 -0.060777736 -0.063332333 -0.063333333 -0.063333316 0.071676485 0.13666667 0.13666667 0.13666667 0.13666667 0.13666667 0.13666717 0.18666667 0.18666667 0.46999995 0.47 0.48666667 0.48666667 -0.49666667 -0.49666667 -0.49666667 -0.49 -0.49 -0.49 -0.20016567 -0.19666667 -0.19666667 -0.19666665 0.28 0.28 0.28 0.28 0.27997688 -0.69666667 -0.69666667 -0.19666668 -0.19666667 -0.19666667 -0.19666667 -0.19666667 -0.19666667 0.2 0.2
0.5307441 0.52399293 0.50894923 0.47338575 0.39984356 0.44531337 0.50082062 0.50501771 0.50708655 0.51318424 0.53443501 0.58950865 0.63595216 0.64557815 0.6446691 0.59738939 0.044844365 -0.062686337 -0.063331699 -0.063333145 -0.053008383 0.13666595 0.13666667 0.13666667 0.13666667 0.13666667 0.13666667 0.18666667 0.18666667 0.18666667 0.18666667 0.47000305 0.48666667 -0.16256022 -0.49666667 -0.49666667 -0.49666667 -0.49 -0.49 -0.49 -0.19853481 -0.19666667 -0.19666667 -0.19666671 -0.048446457 0.28 0.28 0.27999922 -0.69666667 -0.69666667 -0.69666667 -0.69666666 -0.19666667 -0.19666667 -0.19666667 -0.19666667 0.2 0.2 0.2
0.52240842 0.51006478 0.48446089 0.43363192 0.41774145 0.49165789 0.50561622 0.50900917 0.51551142 0.5328621 0.5727434 0.62071441 0.64159872 0.64369047 0.62239943 0.35271665 -0.038958351 -0.062986885 -0.063329484 -0.062024222 0.038985887 0.066186999 0.094006757 0.11668663 0.12953461 0.13417365 -0.066250712 0.18666396 0.18666667 0.18666667 0.18666667 0.14815617 -0.33333333 -0.33333333 -0.33333333 -0.49666659 -0.49666667 -0.61 -0.60998824 -0.49000021 -0.26 -0.26 -0.26 -0.39333333 -0.39333333 -0.39333333 -1.0433162 -0.75249945 -0.69666667 -0.69666667 -0.69666667 -0.69666667 -0.25105371 -0.19666667 -0.19666667 0.19998142 0.2 0.2 0.2
0.50946435 0.48943805 0.45252095 0.41668062 0.4727922 0.50432175 0.51096542 0.51784683 0.53256318 0.56241881 0.60395794 0.63287298 0.64078453 0.62833739 0.51443549 0.10224466 -0.054095459 -0.067750162 -0.29675848 -0.30997329 -0.30999836 -0.30999997 -0.31 -0.31 -0.31 -0.31 -0.25888579 -0.25333333 -0.25333333 -0.25333333 -0.25666667 -0.25667381 -0.33333333 -0.33333333 -0.33333333 -0.33333333 -0.60999946 -0.61 -0.61 -0.61 -0.26 -0.26 -0.39333333 -0.39333333 -0.39333333 -0.39333333 -1.0433333 -1.0433333 -0.69666667 -0.69666667 -0.69666667 -0.69666667 0.1 0.1 0.1 0.19999952 0.2 0.2 0.2
0.49114213 0.46270909 0.42703885 0.45066297 0.49841564 0.51222111 0.52005481 0.53290252 0.55613961 0.58978814 0.6205629 0.63474193 0.62858238 0.56901875 0.3101417 -0.0099136183 -0.27361182 -0.3099161 -0.30999992 -0.31 -0.31 -0.31 -0.31 -0.31 -0.31 -0.31 -0.31 -0.25333333 -0.25333333 -0.25340044 -0.25666667 -0.25666667 -0.33333333 -0.33333333 -0.33333333 -0.33333333 -0.61 -0.61 -0.61 -0.61 -0.61 -0.39298978 -0.39333333 -0.39333333 -0.39333333 -0.95054758 -1.0433333 -1.0433333 -1.0433333 -0.69666667 -0.69666667 -0.69666667 0.1 0.1 0.1 0.1 0.19999993 -0.54394895 -0.54666667
0.46786566 0.43704534 0.43623197 0.48609037 0.51137475 0.52181053 0.53352735 0.55224764 0.57909891 0.60748664 0.62557303 0.6252285 0.58846942 0.42004256 -0.16820022 -0.30872112 -0.30999563 -0.30999999 -0.31 -0.31 -0.31 -0.31 -0.31 -0.31 -0.31 -0.31 -0.31 -0.31 -0.25333333 -0.25666667 -0.25666667 -0.25666667 -0.25983928 -0.33333813 -0.33351585 -0.38794566 -0.61 -0.61 -0.61 -0.61000002 -0.71666667 -0.71666667 -0.39366226 -0.39333333 -0.39333333 -1.0433333 -1.0433333 -1.0433333 -1.0433333 -1.1498945 -0.69667305 0.099593491 0.1 0.1 0.1 0.1 -0.54666667 -0.54666667 -0.54666667
