EBird Region Approach/spi files/9-11|22_2.tif
NCOLS 121
NROWS 95
XLLCORNER -137.04393
YLLCORNER 23.663691
DX 0.49677396
DY 0.49847026
NODATA_VALUE -9999
[rows 52 to 77 of 95, columns 0 to 58 of 121]
0.030991431 -0.038288221 -0.38388727 -1.3460226 -1.7956263 -1.8193385 -1.7728131 -1.6768359 -1.501298 -1.2461912 -1.0095801 -0.88723375 -0.87000563 -0.99527411 -1.5708547 -2.2022772 -1.3213193 -1.1404253 -1.1400001 -1.14 -1.14 -1.14 -1.14 -1.14 -1.14 -1.14 -1.14 -1.25 -1.25 -1.2426855 -0.88666667 -0.88666667 -0.56666667 -0.56666667 -0.56666667 -0.56666667 -0.40333333 -0.40333333 -0.40333333 -0.40333333 -0.40333333 -0.52486281 -0.52666667 -0.52666667 -0.52666667 -0.39807876 -0.37666667 -0.37666667 -0.37666667 0.023333333 0.023333333 0.023333333 0.41333333 0.41333333 0.41333333 0.41333333 0.013333366 0.37202301 0.37333333
-0.024090906 -0.24623076 -0.97903767 -1.6662722 -1.7883572 -1.7547816 -1.6712956 -1.5298299 -1.3251238 -1.1046944 -0.9502049 -0.89520551 -0.95613488 -1.2729883 -1.3928786 -1.145396 -1.1400217 -1.14 -1.14 -1.14 -1.14 -1.14 -1.14 -1.14 -1.14 -1.14 -1.14 -1.14 -1.25 -0.88666667 -0.88666667 -0.88666667 -0.87342753 -0.56666725 -0.56668877 -0.57327892 -0.40333334 -0.40333333 -0.40333333 -0.40333335 -0.49333333 -0.49333333 -0.52663276 -0.52666667 -0.52666667 -0.37666667 -0.37666667 -0.37666667 -0.37666667 0.17296052 0.023335445 0.41315521 0.41333333 0.41333333 0.41333333 0.41333333 0.37333333 0.37333333 0.37333333
-0.17253629 -0.68541394 -1.4460853 -1.7307778 -1.7337958 -1.6639526 -1.5472359 -1.3816577 -1.1896303 -1.0261971 -0.93928272 -0.95538144 -1.1378213 -1.1597573 -1.14053 -1.1400037 -1.1399999 -1.14 -1.14 -1.14 -1.14 -1.14 -1.14 -1.14 -1.14 -1.14 -1.14 -1.14 -1.153956 -0.88666667 -0.88666667 -0.53009577 -0.52687534 -0.65666667 -0.65666667 -0.65666667 -0.65666508 -0.42666667 -0.42666667 -0.42670628 -0.49333333 -0.49333333 -0.49333333 -0.49375161 -0.53333311 -0.53279142 -0.37666667 -0.37666667 0.17333333 0.17333333 0.17333333 0.26001127 0.23666667 0.23666667 0.23666667 0.23666674 0.61999229 0.37333333 0.37333333
-0.48974204 -1.1756357 -1.6258868 -1.7031221 -1.6543706 -1.5575573 -1.4218111 -1.2590419 -1.1030782 -0.99787638 -0.98797297 -1.1179957 -1.1401988 -1.139228 -1.1397255 -1.1399365 -1.13999 -1.139999 -1.1399999 -1.14 -1.14 -1.14 -1.14 -1.14 -1.14 -1.14 -1.139997 -0.67 -0.67 -0.66999997 -0.52666667 -0.52666667 -0.52666667 -0.65666667 -0.65666667 -0.65666667 -0.65666382 -0.42666667 -0.42666667 -0.42666667 -0.49333333 -0.49333333 -0.49333332 -0.076666667 -0.53333333 -0.53333333 -0.53333333 0.17333333 0.17333333 0.17333333 0.35666667 0.35666667 0.23666667 0.23666667 0.23666667 0.26278581 0.62 0.62 0.62
-0.92098419 -1.4657865 -1.6515392 -1.6399585 -1.5627251 -1.4503355 -1.3132164 -1.1715835 -1.0566848 -1.0037234 -1.020585 -1.0450777 -1.070814 -1.0943143 -1.1132899 -1.1266928 -1.134645 -1.1383872 -1.1396749 -1.1399627 -1.1399979 -1.1399998 -1.1399998 -1.1399989 -1.1393313 -0.67000812 -0.67 -0.67 -0.67 -0.67 -0.52666667 -0.52666667 -0.52666667 -0.65666667 -0.65666667 -0.65666667 -0.65641945 -0.42666667 -0.42666667 -0.42666667 -0.49332082 -0.11507364 -0.076666667 -0.076666667 -0.53333333 -0.53333333 -0.53333333 -0.53333333 0.17333333 0.17335372 0.35666667 0.35666667 0.35666395 0.23666667 0.23666667 0.61322582 0.62 0.62 0.62
-1.2686623 -1.5676893 -1.6152393 -1.5624366 -1.4689736 -1.3481919 -1.1947292 -0.94486631 -0.65930953 -0.5839799 -0.56998201 -0.56072456 -0.55119114 -0.54105992 -0.5303325 -0.51906479 -0.5073734 -0.49546534 -0.48368133 -0.47256178 -0.46296383 -0.45633925 -0.45588253 -0.55109648 -0.669998 -0.67 -0.67 -0.67 -0.67 -0.67 -0.52666667 -0.52666667 -0.52666667 -0.6566666 -0.65666667 -0.65666667 -0.63829274 -0.42666667 -0.42666667 -0.42666667 -0.12706895 -0.076666667 -0.076666667 -0.076666667 -0.34328222 -0.53333333 -0.53333333 -0.53333333 0.17333353 0.35666667 0.35666667 0.35666667 0.35666667 0.08 0.08 0.08 0.08149973 0.62 0.62
-1.4479364 -1.5716342 -1.5499316 -1.4601496 -1.2847325 -0.91105723 -0.53533603 -0.4359301 -0.41855262 -0.41064513 -0.40444427 -0.39947266 -0.39571952 -0.39311079 -0.39148001 -0.39059163 -0.39018785 -0.39004375 -0.39000666 -0.39000056 -0.39000002 -0.39 -0.39 -0.39 -0.39 -0.39000225 -0.66999408 -0.67 -0.67 -0.67 -0.52666667 -0.52666667 -0.5266643 0.10992279 -0.59917826 -0.083776534 -0.083333333 -0.085097599 -0.42666667 -0.42666667 -0.076666667 -0.076666667 -0.076666667 -0.076666667 -0.076666722 -0.53333333 -0.53333333 -0.53333333 0.20059793 0.35666389 0.35666667 0.35666667 0.24293002 0.08 0.08 0.08 0.08 0.080049326 0.033333336
-1.4937706 -1.4854204 -1.3002422 -0.88477579 -0.51967881 -0.41611333 -0.39936165 -0.3954018 -0.3932936 -0.39188332 -0.39097917 -0.3904518 -0.39017948 -0.39005896 -0.39001517 -0.39000283 -0.39000035 -0.39000002 -0.39 -0.39 -0.39 -0.39 -0.39 -0.39 -0.39 -0.39 -0.39 -0.39 -0.39891318 -0.47740836 -0.17332539 0.11 0.11 0.11 0.11 -0.083333333 -0.083333333 -0.083333333 -0.083333333 -0.083410807 -0.046277473 0.46233169 0.54999839 0.55 0.55 0.29807033 -0.53333333 0.16664977 0.16666667 0.16666667 0.16666667 0.16735736 0.17333333 0.081475428 0.08 0.08 0.08 0.08 0.033333333
-1.2439743 -0.86387959 -0.52974904 -0.41810952 -0.39659836 -0.39269324 -0.39146994 -0.39080592 -0.39040825 -0.39018555 -0.39007374 -0.39002483 -0.39000679 -0.39000143 -0.39000022 -0.39000002 -0.39 -0.39 -0.39 -0.39 -0.39 -0.39 -0.39 -0.39 -0.39 -0.39 -0.39 -0.39 -0.39 -0.17333333 -0.17333333 0.10605088 0.11 0.11 0.11 -0.083333333 -0.083333333 -0.083333333 -0.083333333 -0.083333332 0.55 0.55 0.55 0.55 0.55 0.55 0.28666667 0.28664039 0.16666667 0.16666667 0.16666667 0.17323078 0.17333333 0.17333333 0.17332657 0.28999757 0.28999998 0.28999985 0.033617314
-0.54711038 -0.42747611 -0.39814024 -0.39233952 -0.39103574 -0.39054551 -0.39028135 -0.39013343 -0.39005664 -0.390021 -0.39000661 -0.3900017 -0.39000034 -0.39000005 -0.39000001 -0.39 -0.39 -0.39 -0.39 -0.39 -0.39 -0.39 -0.39 -0.39 -0.39 -0.39 -0.39 -0.39 -0.38999914 -0.17333333 -0.17333333 -0.17333333 0.11 0.11 0.11 -0.083333333 -0.083333333 -0.083333333 -0.083333333 -0.083333333 0.55 0.55 0.55 0.55 0.55 0.54999853 0.28666667 0.28666667 0.28578617 0.16666667 0.16666667 0.17333333 0.17333333 0.17333333 0.29 0.29 0.29 0.29 0.26
-0.40248595 -0.39316284 -0.39107656 -0.39050252 -0.3902602 -0.39013035 -0.39006013 -0.39002493 -0.39000909 -0.39000284 -0.39000074 -0.39000015 -0.39000002 -0.39 -0.39 -0.39 -0.39 -0.39 -0.39 -0.39 -0.39 -0.39 -0.39 -0.39 -0.39 -0.39 -0.39 -0.39 -0.17342767 -0.17333333 -0.17333333 -0.17333333 0.10959433 0.11 0.11 -0.083333333 -0.083333333 -0.083333333 -0.083333333 -0.083333323 0.55 0.55 0.55 0.55 0.55 0.28666699 0.28666667 0.28666667 0.28666667 0.16667159 0.16666667 0.17333332 0.17333333 0.17333333 0.29 0.29 0.29 0.27098452 0.26
-0.39155832 -0.39060422 -0.39029351 -0.39015167 -0.39007548 -0.39003476 -0.3900145 -0.39000538 -0.39000174 -0.39000048 -0.39000011 -0.39000002 -0.39 -0.39 -0.39 -0.39 -0.39 -0.39 -0.39 -0.39 -0.39 -0.39 -0.39 -0.39 -0.39 -0.39 -0.39 -0.39 -0.17333333 -0.17333333 -0.17333333 -0.17333333 -0.17333333 0.11 0.10999999 -0.083333333 -0.083333333 -0.083333333 -0.083333333 0.52625874 0.52666671 0.54969848 0.55 0.55 0.55 0.28666667 0.28666667 0.28666667 0.28666667 0.28666667 0.37999998 0.37998167 0.17333333 0.27864669 0.29 0.29 0.29 0.26 0.26
-0.39039535 -0.39019878 -0.39010366 -0.39005204 -0.39002434 -0.39001041 -0.39000401 -0.39000137 -0.39000041 -0.3900001 -0.39000002 -0.39 -0.39 -0.39 -0.39 -0.39 -0.39 -0.39 -0.39 -0.39 -0.39 -0.39 -0.39 -0.39 -0.39 -0.39 -0.39 -0.38999889 -0.17333333 -0.17333333 -0.17333333 -0.17333333 -0.17333333 0.053020234 0.10987434 -0.083333062 -0.083333333 -0.083333333 0.52664694 0.52666667 0.52666667 0.52666667 0.52666667 0.52666672 0.54550735 0.28666667 0.28666667 0.28666667 0.28666667 0.38 0.38 0.38 0.37988221 0.33333333 0.33333333 0.33333333 0.33332808 0.26 0.26
-0.39015147 -0.39008034 -0.3900411 -0.39001973 -0.39000875 -0.39000354 -0.39000129 -0.39000042 -0.39000012 -0.39000003 -0.39000001 -0.39 -0.39 -0.39 -0.39 -0.39 -0.39 -0.39 -0.39 -0.39 -0.39 -0.39 -0.39 -0.39 -0.39 -0.39 -0.39 -0.37318048 -0.17333332 -0.17333333 -0.17333332 -0.17333151 -0.047257328 -0.046666667 -0.046666667 -0.046666667 -0.046666667 0.52519832 0.52666667 0.52666667 0.52666667 0.52666667 0.52666667 0.52666667 0.52666667 0.51967055 0.51975028 0.5188655 0.38 0.38 0.38 0.38 0.37865967 0.33333333 0.33333333 0.33333333 0.33333333 0.26 0.26
-0.3900687 -0.39003604 -0.39001787 -0.39000827 -0.39000353 -0.39000138 -0.39000049 -0.39000015 -0.39000004 -0.39000001 -0.39 -0.39 -0.39 -0.39 -0.39 -0.39 -0.39 -0.39 -0.39 -0.39 -0.39 -0.39 -0.39 -0.39 -0.39 -0.39 -0.38767127 0.23999357 0.24 0.24 0.24 0.24 -0.046617377 -0.046666667 -0.046666667 -0.046666667 -0.046666667 -0.044733426 0.52666667 0.52666667 0.52666667 0.52666667 0.52666667 0.52666667 0.52666615 0.52 0.52 0.52 0.51999997 0.38 0.38 0.38 0.34783203 0.33333333 0.33333333 0.33333333 0.33333333 0.33303091 0.26
-0.39003417 -0.39001755 -0.39000848 -0.39000382 -0.39000159 -0.39000061 -0.39000021 -0.39000007 -0.39000002 -0.39 -0.39 -0.39 -0.39 -0.39 -0.39 -0.39 -0.39 -0.39 -0.39 -0.39 -0.39 -0.39 -0.39 -0.38999997 -0.38992368 0.18889944 0.23999999 0.24 0.24 0.24 0.24 0.24 0.23882053 -0.046666667 -0.046666667 -0.046666667 -0.046666667 -0.046666665 0.52666667 0.52666667 0.52666667 0.52666667 0.52666667 0.52659777 0.51631159 0.52 0.52 0.52 0.52 0.51883268 0.38 0.38 0.33523053 0.33333333 0.33333333 0.33333333 0.33333334 0.55333333 0.55333333
-0.39001814 -0.39000911 -0.3900043 -0.39000188 -0.39000075 -0.39000027 -0.39000008 -0.39000002 -0.39 -0.39 -0.39 -0.39 -0.39 -0.39 -0.39 -0.39 -0.39 -0.39 -0.39 -0.38999999 -0.38999996 -0.38999929 -0.38993446 -0.34550917 0.239281 0.24 0.24 0.24 0.24 0.24 0.24 0.24 0.24 -0.046666667 -0.046666667 -0.046666667 -0.046666667 -0.046666667 0.52666152 0.52634268 0.50333437 0.50333333 0.50333333 0.50333333 0.50333333 0.52 0.52 0.52 0.52 0.52 0.39290006 0.64523615 0.78666667 0.78666667 0.7675504 0.33365089 0.55333333 0.55333333 0.55333333
-0.39000973 -0.39000464 -0.390002 -0.39000073 -0.39000018 -0.38999997 -0.38999991 -0.3899999 -0.38999992 -0.38999993 -0.38999995 -0.38999995 -0.38999996 -0.38999996 -0.38999995 -0.38999994 -0.38999989 -0.38999974 -0.38999895 -0.38999214 -0.38985943 -0.38205771 0.097068907 0.23990723 0.24 0.24 0.24 0.24 0.24 0.24 0.24 0.24 0.24 -0.046666667 -0.046666667 -0.046666667 -0.046666667 -0.046666667 0.50338132 0.50333333 0.50333333 0.50333333 0.50333333 0.50333333 0.50330007 0.49 0.49 0.51999952 0.52 0.52 0.69186101 0.78666667 0.78666667 0.78666667 0.78666667 0.78592563 0.55333333 0.55333333 0.55333333
-0.3900038 -0.39000103 -0.38999972 -0.3899992 -0.38999906 -0.38999909 -0.38999917 -0.38999926 -0.38999933 -0.38999937 -0.38999937 -0.38999932 -0.38999918 -0.38999887 -0.38999814 -0.38999611 -0.38998893 -0.3899528 -0.38965831 -0.38510145 -0.2533764 0.22028244 0.23995799 0.23999999 0.24 0.24 0.24 0.24 0.24 0.24 0.24 0.24 0.24 -0.0355164 -0.046666667 -0.046666667 -0.046665268 0.58666631 0.6883159 0.73323678 0.56363226 0.50333333 0.50333333 0.50333333 0.49 0.49 0.49 0.49 0.49 0.69999955 0.70032441 0.78666667 0.78666667 0.78666667 0.78666667 0.78666667 0.55333333 0.55333333 0.55333333
-0.38999613 -0.389995 -0.3899947 -0.38999479 -0.38999502 -0.38999523 -0.38999535 -0.38999531 -0.38999503 -0.38999439 -0.38999312 -0.38999062 -0.38998542 -0.38997318 -0.38993894 -0.38981784 -0.38923439 -0.38505438 -0.33836606 0.031216087 0.23426511 0.23996363 0.23999994 0.24 0.24 0.24 0.24 0.24 0.24 0.24 0.24 0.24 0.24 0.23903636 -0.046666654 0.58569729 0.58666667 0.58666667 0.58666667 0.73333333 0.73333333 0.73333333 0.73333333 0.73333225 0.49 0.49 0.49 0.49 0.69999591 0.7 0.7 0.78666667 0.78666667 0.78666667 0.78666667 0.78666667 0.55333333 0.55333333 0.55333333
-0.38997915 -0.38997905 -0.38997919 -0.38997921 -0.38997883 -0.38997779 -0.38997572 -0.38997203 -0.38996561 -0.38995413 -0.38993239 -0.38988722 -0.38978084 -0.38948559 -0.38847587 -0.38399951 -0.35740108 -0.18510159 0.16444569 0.23711743 0.23995654 0.23999975 0.24 0.24 0.24 0.24 0.24 0.24 0.24 0.24 0.24 0.24 0.24 0.23992261 0.58666666 0.58666667 0.58666667 0.58666667 0.58666667 0.73298217 0.73333333 0.73333333 0.73333333 0.73333333 0.49000387 0.49 0.49 0.49120247 0.7 0.7 0.7 0.70000001 0.78666667 0.78666667 0.78666667 0.78666667 0.79194161 1.2166164 1.2166667
-0.38993376 -0.38993193 -0.38992883 -0.38992364 -0.38991523 -0.38990176 -0.38988 -0.38984376 -0.38978023 -0.38966059 -0.38941314 -0.38883682 -0.387282 -0.38227384 -0.36262554 -0.27493838 -0.0049278572 0.20505719 0.23797096 0.23993954 0.23999913 0.23999999 0.24 0.24 0.24 0.24 0.24 0.24 0.24 0.24 0.24 0.24 0.24000052 0.58666641 0.58666667 0.58666667 0.58666667 0.58666667 0.58666667 0.58666667 0.73333333 0.73333333 0.73333333 0.73333333 0.55000045 0.55 0.55 0.7 0.7 0.7 0.7 0.68268849 0.28666667 0.28666667 0.28666667 0.28666667 1.2166667 1.2166667 1.2166667
-0.38980924 -0.38979282 -0.38976846 -0.38973195 -0.38967615 -0.38958825 -0.38944372 -0.38919221 -0.38872206 -0.38776204 -0.38558111 -0.37996562 -0.36338924 -0.30891179 -0.14587171 0.10387624 0.21927638 0.23824569 0.23991041 0.23999738 0.23999996 0.24 0.24 0.24 0.24 0.24 0.24 0.24 0.24 0.24 0.24 0.24000052 0.58502847 0.58666667 0.58666667 0.58666667 0.58666667 0.58666667 0.58666667 0.58666667 0.7330377 0.73333333 0.73333333 0.62385966 0.55 0.55 0.55 0.55 0.7 0.44453916 0.44333333 0.41668912 0.28666667 0.28666667 0.28666667 0.28666667 1.2166667 1.2166667 1.2166667
-0.38947374 -0.38939363 -0.38927649 -0.38910037 -0.38882583 -0.38837802 -0.38760572 -0.38618136 -0.38333773 -0.37712071 -0.36214051 -0.32296989 -0.2215322 -0.02537637 0.1568415 0.22522816 0.23827973 0.2398649 0.23999311 0.23999978 0.24 0.24 0.24 0.24 0.24 0.24 0.24 0.24 0.24 0.24 0.24000158 0.45225421 0.58666666 0.58666667 0.58666667 0.58666667 0.58666667 0.58666667 0.58666667 0.58666667 0.58666831 0.73333333 0.73328343 0.55 0.55 0.55 0.55 0.55 0.44333333 0.44333333 0.44333333 0.44333333 0.28666667 0.28666667 0.28666667 0.28666667 1.2166667 1.2166667 1.2166667
-0.38859823 -0.38829194 -0.38783562 -0.38713028 -0.38599098 -0.38405266 -0.380551 -0.3737845 -0.35975069 -0.32880593 -0.25961031 -0.12313496 0.057869934 0.18295025 0.22802164 0.23817825 0.2397975 0.23998399 0.23999913 0.23999997 0.24 0.24 0.24 0.24 0.24 0.24 0.24 0.24 0.24000001 0.24000587 0.27970202 0.58664821 0.58666667 0.58666667 0.58666667 0.58666667 0.58666667 0.58666667 0.58666667 0.58666667 0.58666667 0.72760652 0.55000025 0.55 0.55 0.55 0.55 0.55 0.44333334 0.44333333 0.44333333 0.44333333 0.28721654 0.70666659 0.70666667 0.70666667 1.0558672 1.2166635 0.77666872
-0.38640231 -0.38538961 -0.38384001 -0.38137031 -0.37724819 -0.37000963 -0.35661387 -0.33065615 -0.27939274 -0.18354395 -0.037825833 0.10914917 0.19673767 0.22937558 0.23797917 0.2397017 0.23996648 0.23999719 0.23999982 0.23999998 0.24 0.24 0.24 0.24 0.24 0.24 0.24 0.24000016 0.24001961 0.25267299 0.58479982 0.58666662 0.58666667 0.58666667 0.58666667 0.58666667 0.58666667 0.58666667 0.58666667 0.58666667 0.58666667 0.56529556 0.55 0.55 0.55 0.55 0.55 0.55 0.44333557 0.44333333 0.44333333 0.44478895 0.70666667 0.70666667 0.70666667 0.70666667 0.70666667 0.77666667 0.77666667
