EBird Region Approach/spi files/9-11|22_1.tif
NCOLS 121
NROWS 95
XLLCORNER -137.04393
YLLCORNER 23.663691
DX 0.49677396
DY 0.49847026
NODATA_VALUE -9999
[rows 0 to 25 of 95, columns 58 to 115 of 121]
0.77 0.77 0.77 0.77 0.77 0.77 0.77 0.77 0.77 0.77 0.75663978 0.63666667 0.63666667 0.63666667 0.63666667 0.63666667 0.63666667 0.63666667 0.63666667 0.63666667 0.63666667 0.48470967 0.32333333 0.32333335 0.32761617 0.75999984 0.76 0.76 0.76 0.76 0.76 0.76 0.76 0.35968818 0.24666667 0.24666667 0.24666667 0.24666667 0.24666667 0.24666667 0.24666667 0.24660474 -0.32666519 -0.32666667 -0.32666667 -0.32666667 -0.32666667 -0.32666667 -0.32666667 -0.32666663 1.2409814 1.25 1.25 1.25 1.25 1.25 1.25 1.0655682
0.77 0.77 0.77 0.77 0.77 0.77 0.77 0.77 0.77 0.77 0.76999984 0.63666667 0.63666667 0.63666667 0.63666667 0.63666667 0.63666667 0.63666667 0.63666667 0.63666667 0.63666667 0.32333342 0.32333333 0.32333333 0.32333333 0.32333333 0.32356617 0.75999981 0.76 0.76 0.76 0.76 0.75342753 0.24666667 0.24666667 0.24666667 0.24666667 0.24666667 0.24666667 0.24666667 0.24666667 0.24666667 0.24632923 -0.3266658 -0.32666667 -0.32666667 -0.32666667 -0.32666667 -0.3266633 1.2490184 1.25 1.25 1.25 1.25 1.25 1.25 1.25 1.25
0.77 0.77 0.77 0.77 0.77 0.77 0.77 0.77 0.77 0.77 0.77 0.63666849 0.63666667 0.63666667 0.63666667 0.63666667 0.63666667 0.63666667 0.63666667 0.63666667 0.62861956 0.32333333 0.32333333 0.32333333 0.32333333 0.32333333 0.32333333 0.32333333 0.32395059 0.75990463 0.75999999 0.75995507 0.24666669 0.24666667 0.24666667 0.24666667 0.24666667 0.24666667 0.24666667 0.24666667 0.24666667 0.24666667 0.24666667 0.24398194 -0.32666513 -0.32666667 -0.32666667 -0.32639714 1.2496467 1.25 1.25 1.25 1.25 1.25 1.25 1.25 1.25 1.25
0.77 0.77 0.77 0.77 0.77 0.77 0.77 0.77 0.77 0.77 0.77 0.7140582 0.63666667 0.63666667 0.63666667 0.63666667 0.63666667 0.63666667 0.63666667 0.63666667 0.32333415 0.32333333 0.32333333 0.32333333 0.32333333 0.32333333 0.32333333 0.32333333 0.32333333 0.32333334 0.32961468 0.24668762 0.24666667 0.24666667 0.24666667 0.24666667 0.24666667 0.24666667 0.24666667 0.24666667 0.24666667 0.24666667 0.24666667 0.24666667 0.22858487 -0.32666125 -0.31874061 1.2496593 1.25 1.25 1.25 1.25 1.25 1.25 1.25 1.25 1.25 1.25
0.77 0.77 0.77 0.77 0.77 0.77 0.77 0.77 0.77 0.77 0.77 0.76999423 0.63666667 0.63666667 0.63666667 0.63666667 0.63666667 0.63666667 0.63666667 0.63603107 0.32333333 0.32333333 0.32333333 0.32333333 0.32333333 0.32333333 0.32333333 0.32333333 0.32333333 0.32333333 0.32333333 0.24666668 0.24666667 0.24666667 0.24666667 0.24666667 0.24666667 0.24666667 0.24666667 0.24666667 0.24666667 0.24666667 0.24666667 0.24666667 0.24666664 0.17952435 1.2494452 1.25 1.25 1.25 1.25 1.25 1.25 1.25 1.25 1.25 1.25 1.25
0.77 0.77 0.77 0.77 0.77 0.77 0.77 0.77 0.77 0.77 0.77 0.76999996 0.63668819 0.63666667 0.63666667 0.63666667 0.63666667 0.63666667 0.63666666 0.32361041 0.32333333 0.32333333 0.32333333 0.32333333 0.32333333 0.32333333 0.32333333 0.32333333 0.32333333 0.32333333 0.32333333 0.24666667 0.24666667 0.24666667 0.24666667 0.24666667 0.24666667 0.24666667 0.24666667 0.24666667 0.24666667 0.24666667 0.24666667 0.24666674 0.24667226 0.25111177 1.25 1.25 1.25 1.25 1.25 1.25 1.25 1.25 1.25 1.25 1.25 1.25
0.77 0.77 0.77 0.77 0.77 0.77 0.77 0.77 0.77 0.77 0.7699908 0.68334518 0.68333333 0.68333021 0.64053895 0.63666673 0.63666667 0.63666667 0.63601239 0.32333336 0.32333333 0.32333333 0.32333333 0.32333333 0.32333333 0.32333333 0.32333333 0.32333333 0.32333333 0.32333333 0.3233333 0.24666668 0.24666667 0.24666667 0.24666667 0.24666667 0.24666667 0.24666667 0.24666667 0.24666667 0.24666667 0.24666712 0.2467865 0.25016996 0.27269004 0.32314185 1.2499998 1.25 1.25 1.25 1.25 1.25 1.25 1.25 1.25 1.25 1.25 1.25
0.77 0.77 0.77 0.77 0.77 0.77 0.77 0.77 0.77 0.71835385 0.68333333 0.68333333 0.68333333 0.68333333 0.68333333 0.68333332 0.68207358 0.63687403 0.34104803 0.32333333 0.32333333 0.32333333 0.32333333 0.32333333 0.32333333 0.32333333 0.32333333 0.32333333 0.32333333 0.32333333 0.32333313 0.24666885 0.24666704 0.24666671 0.24666667 0.24666667 0.24666667 0.24667873 0.34354368 0.45943907 0.45994879 0.45996762 0.45995598 0.45992339 0.4598607 0.45975623 1.2498244 1.25 1.25 1.25 1.25 1.25 1.25 1.25 1.25 1.25 1.25 1.25
0.76999962 0.76999998 0.77 0.77 0.77 0.77 0.77 0.76999656 0.68333442 0.68333333 0.68333333 0.68333333 0.68333333 0.68333333 0.68333333 0.68333333 0.68333333 0.68333333 0.3531652 0.32333333 0.32333333 0.32333333 0.32333333 0.32333333 0.32333333 0.32333333 0.32333333 0.32333333 0.32333333 0.32333333 0.32333348 0.40129534 0.45334171 0.45990234 0.45999994 0.46 0.46 0.46 0.46 0.46 0.46 0.46 0.46 0.46 0.45999999 0.45999984 1.0132306 1.25 1.25 1.25 1.25 1.25 1.25 1.25 1.25 1.25 1.25 1.25
-0.0925616 -0.11876867 -0.13753448 -0.14904553 -0.15506146 -0.15763099 -0.15350771 0.6833327 0.68333333 0.68333333 0.68333333 0.68333333 0.68333333 0.68333333 0.68333333 0.68333333 0.68333333 0.68333333 0.68331511 0.32333465 0.32333333 0.32333333 0.32333333 0.32333333 0.32333333 0.32333333 0.32333333 0.32333333 0.32333333 0.32333333 0.37867451 0.45999919 0.46 0.46 0.46 0.46 0.46 0.46 0.46 0.46 0.46 0.46 0.46 0.46 0.46 0.46 0.4614266 1.249999 1.25 1.25 1.25 1.25 1.25 1.25 1.25 1.25 1.25 1.25
-0.16333333 -0.16333333 -0.16333333 -0.16333333 -0.16333333 -0.16333333 -0.16333333 0.66581888 0.68333333 0.68333333 0.68333333 0.68333333 0.68333333 0.68333333 0.68333333 0.68333333 0.68333333 0.68333333 0.68333333 0.45879842 0.32333333 0.32333333 0.32333333 0.32333333 0.32333333 0.32333333 0.32333333 0.32333333 0.32333333 0.32333405 0.45998414 0.46 0.46 0.46 0.46 0.46 0.46 0.46 0.46 0.46 0.46 0.46 0.46 0.46 0.46 0.46 0.46000245 1.2482981 1.25 1.25 1.25 1.25 1.25 1.25 1.25 1.25 1.25 1.25
-0.16333333 -0.16333333 -0.16333333 -0.16333333 -0.16333333 -0.16333333 -0.16333333 -0.16333294 0.68333333 0.68333333 0.68333333 0.68333333 0.68333333 0.68333333 0.68333333 0.68333333 0.68333333 0.68333333 0.68333333 0.68331621 0.32338246 0.32333333 0.32333333 0.32333333 0.32333333 0.32333333 0.32333333 0.32333333 0.32333333 0.33109958 0.45999999 0.46 0.46 0.46 0.46 0.46 0.46 0.46 0.46 0.46 0.46 0.46 0.46 0.46 0.46 0.46 0.46000001 0.77924592 1.2499999 1.25 1.25 1.25 1.25 1.25 1.25 1.25 1.25 1.25
-0.16333333 -0.16333333 -0.16333333 -0.16333333 -0.16333333 -0.16333333 -0.16333333 -0.16333333 0.52672165 0.68333333 0.68333333 0.68333333 0.68333333 0.68333333 0.68333333 0.68333333 0.68333333 0.68333333 0.68333333 0.68332294 0.57944232 0.32333346 0.32333333 0.32333333 0.32333333 0.32333333 0.32333333 0.32333333 0.32333522 0.45870015 0.46 0.46 0.46 0.46 0.46 0.46 0.46 0.46 0.46 0.46 0.46 0.46 0.46 0.46 0.46 0.46 0.46 0.46219813 1.2499337 1.25 1.25 1.25 1.25 1.25 1.25 1.25 1.25 1.2499666
-0.16333333 -0.16333333 -0.16333333 -0.16333333 -0.16333333 -0.16333333 -0.16333333 -0.16333333 -0.16333333 0.68333333 0.68333333 0.68333333 0.68333333 0.68333333 0.68333333 0.68333333 0.68333333 0.68333255 0.67962516 0.37189308 0.2632145 0.26961151 0.32332787 0.32333333 0.32333333 0.32333333 0.32333333 0.32333334 0.32602467 0.45999559 0.46 0.46 0.46 0.46 0.46 0.46 0.46 0.46 0.46 0.46 0.46 0.46 0.46 0.46 0.46 0.46 0.46 0.46002584 1.2300953 1.25 1.25 1.25 1.25 1.25 1.25 1.25 1.2490316 0.033947595
-0.16333333 -0.16333333 -0.16333333 -0.16333333 -0.16333333 -0.16333333 -0.16333333 -0.16333333 -0.16333333 -0.14957788 0.68333333 0.68333333 0.68333333 0.68333333 0.68333333 0.6833332 0.641304 0.26079502 0.26000422 0.2600002 0.26000004 0.26000002 0.26006537 0.32145508 0.32333318 0.32333333 0.32333333 0.32334204 0.44011475 0.45999993 0.46 0.46 0.46 0.46 0.46 0.46 0.46 0.46 0.46 0.46 0.46 0.46 0.46 0.46 0.46 0.46 0.46 0.4600008 0.66407734 1.2499835 1.25 1.25 1.25 1.25 1.2499983 1.2328537 0.028265244 0.026666672
-0.16333333 -0.16333333 -0.16333333 -0.16333333 -0.16333333 -0.16333333 -0.16333333 -0.16333333 -0.16333333 -0.16333333 0.68332591 0.68333333 0.68333333 0.6833251 0.26195911 0.26000001 0.26 0.26 0.26 0.26 0.26 0.26000003 0.26004632 0.27619811 0.48044771 0.36097355 0.3240811 0.32539694 0.4596977 0.46 0.46 0.46 0.46 0.46 0.46 0.46 0.46 0.46 0.46 0.46 0.46 0.46 0.46 0.46 0.46 0.46 0.46 0.46000006 0.46615002 1.2478992 1.2499999 1.2499999 1.2499967 1.2497826 1.0891067 0.027767158 0.026668028 0.026666667
-0.16340228 -0.16333333 -0.16333333 -0.16333333 -0.16333333 -0.16333333 -0.16333333 -0.16333333 -0.16333333 -0.16333333 -0.15731897 0.58058829 0.26000016 0.26 0.26 0.26 0.26 0.26 0.26 0.26 0.26 0.2600025 0.26758042 0.50157663 0.51977487 0.51999097 0.51999083 0.51894949 0.46001223 0.46 0.46 0.46 0.46 0.46 0.46 0.46 0.46 0.46 0.46 0.46 0.46 0.46 0.46 0.46 0.46 0.46 0.46 0.46000001 0.46030885 1.1516383 1.2473229 1.1664945 0.50453496 0.39737222 0.38948235 0.19849848 0.028018346 0.026667603
-1.049996 -0.16390015 -0.16333333 -0.16333333 -0.16333333 -0.16333333 -0.16333333 -0.16333333 -0.16333333 -0.16333333 0.21526912 0.26 0.26 0.26 0.26 0.26 0.26 0.26 0.26 0.26 0.26000003 0.26234226 0.51314785 0.51997989 0.51999963 0.51999997 0.51999999 0.51999999 0.51636231 0.46000147 0.46 0.46 0.46 0.46 0.46 0.46 0.46 0.46 0.46 0.46 0.46 0.46 0.46 0.46 0.46 0.46 0.46 0.46000009 0.4600312 0.46586612 0.39834156 0.39668631 0.39666664 0.39666602 0.39666072 0.39651283 0.38090824 0.037759069
-1.05 -1.05 -0.1937875 -0.16333391 -0.16333333 -0.16333333 -0.16333333 -0.16333333 -0.16333333 -0.16332787 0.26 0.26 0.26 0.26 0.26 0.26 0.26 0.26 0.26 0.26 0.26036493 0.51866017 0.51999951 0.52 0.52 0.52 0.52 0.52 0.51999996 0.48977522 0.46000013 0.46 0.46 0.46 0.46 0.46 0.46 0.46 0.46 0.46 0.46 0.46 0.46 0.46000002 0.46000081 0.46002808 0.46061909 0.46841173 0.5118615 0.39672782 0.39666668 0.39666667 0.39666667 0.39666667 0.39666666 0.39666665 0.39666627 0.39658921
-1.05 -1.05 -1.1017979 -1.9766667 -1.9766666 -1.9766475 -1.9455639 -0.3080226 -0.16501164 0.25931187 0.26 0.26 0.26 0.26 0.26 0.26 0.26 0.26 0.26 0.26001902 0.51991233 0.52 0.52 0.52 0.52 0.52 0.52 0.52 0.5200007 0.52004844 0.46419087 0.46000003 0.46 0.46 0.46 0.46 0.46 0.46 0.46000001 0.46000023 0.46000842 0.46031851 0.4700007 0.58480835 0.69274093 0.70526564 0.70624696 0.70151971 0.62729306 0.39666962 0.39666663 0.39666667 0.39666667 0.39666667 0.39666667 0.39666667 0.39666667 0.39666667
-1.05 -1.05 -1.5528405 -1.9766667 -1.9766667 -1.9766667 -1.9766667 -1.9766667 -1.9766667 0.24837231 0.26 0.26 0.26 0.26 0.26 0.26 0.26 0.26 0.26000026 0.519999 0.52 0.52 0.52 0.52 0.52 0.52 0.52 0.52000008 0.52002053 0.52160139 0.55649592 0.46748347 0.46000153 0.46000326 0.46001977 0.46019036 0.46285274 0.51127759 0.67848836 0.70570546 0.70663487 0.70666529 0.70666658 0.70666665 0.70666656 0.706661 0.70637509 0.69527612 0.52528342 0.37704195 0.39666561 0.39666667 0.39666667 0.39666667 0.39666667 0.39666667 0.39666667 0.39666667
-1.05 -1.05 -1.9750478 -1.9766667 -1.9766667 -1.9766667 -1.9766667 -1.9766667 -1.9766667 -1.9755727 0.26 0.26 0.26 0.26 0.26 0.26 0.26 0.26 0.52 0.52 0.52 0.52 0.52 0.52 0.52 0.52 0.52 0.52000699 0.52190105 0.58861739 0.65415625 0.65940937 0.62863629 0.69477896 0.70604231 0.70664608 0.70666619 0.70666666 0.70666667 0.70666667 0.70666667 0.70666667 0.70666667 0.70666667 0.70666663 0.70666196 0.7061537 0.6716161 0.37989503 0.30840424 0.39659766 0.39666667 0.39666667 0.39666667 0.39666667 0.39666667 0.39666667 0.39666667
-1.05 -1.05 -1.9766666 -1.9766667 -1.9766667 -1.9766667 -1.9766667 -1.9766667 -1.9766667 -1.9766667 0.25999666 0.26 0.26 0.26 0.26 0.26 0.26000001 0.52 0.52 0.52 0.52 0.52 0.52 0.52 0.52 0.52 0.52000197 0.52325238 0.63708522 0.65940194 0.65995874 0.65999354 0.68342113 0.70666493 0.70666665 0.70666667 0.70666667 0.70666667 0.70666667 0.70666667 0.70666667 0.70666667 0.70666667 0.70666667 0.70666665 0.70666196 0.70532938 0.56734763 0.31316884 0.30362654 0.38438273 0.39666665 0.39666667 0.39666667 0.39666667 0.39666667 0.39666667 0.39666667
-1.05 -1.05 -1.9766667 -1.9766667 -1.9766667 -1.9766667 -1.9766667 -1.9766667 -1.9766667 -1.9766667 -0.54271367 0.25999997 0.26 0.26 0.26 0.26000078 0.52 0.52 0.52 0.52 0.52 0.52 0.52 0.52 0.52 0.5200005 0.53137255 0.65844049 0.65998421 0.6599992 0.65999988 0.65999965 0.6830355 0.70665821 0.70666663 0.70666667 0.70666667 0.70666667 0.70666667 0.70666667 0.70666667 0.70666667 0.70666667 0.70666667 0.70666666 0.70666008 0.70030392 0.3588348 0.30381546 0.30334392 0.30412792 0.3966629 0.39666667 0.39666667 0.39666667 0.39666667 0.39666667 0.39666667
-1.05 -1.05 -1.9766667 -1.9766667 -1.9766667 -1.9766667 -1.9766667 -1.9766667 -1.9766667 -1.9643661 -0.54997262 0.17516785 0.17666667 0.17666667 0.17666667 0.33115488 0.52 0.52 0.52 0.52 0.52 0.52 0.52 0.52 0.52000017 0.60688828 0.65998966 0.65999996 0.66 0.66 0.66 0.65999585 0.66062436 0.70656785 0.70666642 0.70666667 0.70666667 0.70666667 0.70666667 0.70666667 0.70666667 0.70666667 0.70666667 0.70666667 0.70666667 0.70664976 0.6389162 0.30511063 0.30334105 0.30333348 0.30333358 0.39307754 0.39666667 0.39666667 0.39666667 0.39666667 0.39666667 0.39666667
-1.05 -1.0500001 -1.9766667 -1.9766667 -1.9766667 -1.9766667 -1.9766667 -1.9766667 -1.8410361 -0.55 -0.55 0.14418927 0.17666667 0.17666667 0.17666667 0.17666667 0.51999712 0.52 0.52 0.52 0.52 0.52 0.52 0.52000028 0.65983545 0.66 0.66 0.66 0.66 0.66 0.66 0.65983267 0.095478553 0.70323905 0.70666227 0.70666667 0.70666667 0.70666667 0.70666667 0.70666667 0.70666667 0.70666667 0.70666667 0.70666667 0.70666667 0.70653765 0.33511184 0.30334308 0.30333336 0.30333333 0.30333333 0.30386252 0.39666655 0.39666667 0.39666667 0.39666667 0.39666667 0.39666667
