interpolatedSpi/01-06|22_2.tif
NCOLS 53
NROWS 52
XLLCORNER -116.03883
YLLCORNER 28.596182
DX 0.49850594
DY 0.49788537
NODATA_VALUE -9999
[rows 0 to 27 of 52, columns 0 to 52 of 53]
0.65333333 0.65333333 0.42734188 0.28 1.0416667 0.72166667 0.73166667 0.74166667 0.44867021 0.1 0.42666667 0.57333333 0.56003802 1.0216667 0.89333333 0.89333333 0.89333333 0.81333333 0.68166667 0.68166667 0.68166667 0.68165744 -0.27666666 0.53833333 0.53833333 0.53833333 0.71999753 0.72 0.72 0.42 0.42 0.42 0.42 0.37166668 0.37166667 0.37166667 0.37166667 0.37166667 0.37166667 0.37166666 0.27273341 0.27154222 -0.21833333 -0.21833333 -0.21833333 -0.21833333 -0.21889956 -0.565 -0.565 -0.565 0.98666344 0.98666667 0.98666667
0.65329135 -0.29166667 0.18166676 0.26078904 0.40185952 0.87333333 0.84666667 0.72652632 0.43333333 0.35333333 0.46 0.56 0.56 0.75921141 1.0216624 0.89333333 0.81333333 0.81333333 0.68183834 0.68166667 0.68166667 0.68166667 0.54675527 0.53833333 0.53833333 0.53833333 1.17 1.17 0.42 0.42 0.42 0.42 0.42 0.37166667 0.37166667 0.37166667 0.37166667 0.37166667 0.37166672 0.57540439 1.6265831 0.0055424586 -0.21833333 -0.21833333 -0.21833333 -0.21833333 -0.21833333 -0.565 -0.565 -0.565 -0.43633431 0.98666667 0.98666667
0.433325 0.43333333 0.26 0.73 0.105 -0.10333333 0.16333333 0.23166667 -0.15333333 0.31333333 0.535 0.11333333 0.48 0.805 0.75833333 0.046666667 0.81333333 0.81333333 0.81333333 0.58002955 0.58 0.58 0.69833333 0.53833333 0.53833333 0.53833333 1.17 1.17 1.17 0.42 0.42 0.42000003 0.74013104 0.37381213 0.37881821 1.1329594 1.14 1.14 1.2012098 1.6266667 1.6266667 1.6243074 -0.21833333 -0.21833333 -0.21833333 -0.21833333 -0.21833333 -0.565 -0.565 -0.565 -0.565 0.98666667 0.98666667
-0.14 0.43333322 -0.11500791 1.1433333 -0.36666667 0.075 0.13666667 -0.23333333 0.28333333 0.50789948 0.35166667 -0.071666666 0.048333333 0.805 -0.25166667 0.046666667 -0.44123828 -0.44411834 -0.385 0.58 0.58 -0.12333333 0.69833333 0.69833333 0.53833333 0.53833649 1.17 1.17 1.17 0.35333333 0.75478254 1.085 1.085 1.085 1.14 1.14 1.14 1.14 1.6266667 1.6266667 1.6266667 1.6266666 -0.21833333 -0.21833333 -0.21833333 -0.21833333 -0.21833333 -0.56499563 -0.565 -0.565 -0.565 0.98664718 0.98666667
-0.14 0.36166579 -0.115 -0.28525612 -0.36666667 -0.22833333 0.15832714 0.14 0.011666667 0.56833309 0.2785831 0.14165115 0.033333333 -0.25166667 -0.25166667 -0.059777103 -0.445 -0.445 -0.385 -0.385 0.5799986 -0.12333333 0.17333333 0.625 0.835 0.83496851 1.17 1.17 0.35333333 0.35333333 1.085 1.085 1.085 1.0083136 1.14 1.14 1.14 1.6266667 1.6266667 1.6266667 1.6266667 1.626663 -0.21833331 -0.21833333 -0.21833333 -0.21833333 -0.21833333 -0.2214191 -0.565 -0.56495718 0.39 0.39 0.39
-1.7416667 -0.20833333 0.095000005 0.21666667 -0.82 -0.13166667 0.055 0.065882435 0.10666667 -0.295 -0.395 -0.091666667 -0.091666584 -0.10666667 -0.10666667 -0.34158579 -0.34166667 -0.085 -0.085000001 -0.38499945 -0.093333333 -0.093333333 0.625 0.835 0.835 0.7 0.56666667 0.56666667 0.90828222 0.35333333 1.085 1.085 0.67833333 0.67836572 0.98831118 1.1266667 1.1266667 1.4719803 1.6266667 1.6266667 1.5883811 1.5883333 1.5883346 0.55280927 0.56657991 0.56666646 0.56666664 0.56666637 0.55749904 0.39 0.39 0.39 0.39
-0.76000876 -0.82666667 -0.77352509 -0.46833333 -0.30666667 -0.83 -0.48166666 -0.68833333 -0.61166667 -0.61166667 -0.395 -0.08 -0.34666662 -0.10666667 -0.0066669663 -0.0066666667 -0.34166667 0.21666667 0.23666667 0.23666667 -0.15773954 -0.23 -0.23 0.62 0.7 0.7 0.56666667 0.56666667 0.90830196 0.90775575 1.1675329 0.67833333 0.67833333 0.98833333 0.98833333 1.2392256 1.1266667 1.1266667 1.6616481 1.5883334 1.5883333 1.5883333 1.5883399 0.56667051 0.56666667 0.56666667 0.56666667 0.5666667 0.625 0.39004657 0.39 0.39 0.39
-0.76 -0.3 -0.28333333 -1.345 -1.1500112 -0.88333333 -1.0416667 -0.895 -0.91666667 -0.82 -0.82 -0.17 -0.34666667 -0.34666667 -0.0089993819 -0.41043559 -0.45 0.19333333 -0.49499925 0.23666667 0.29113967 0.395 -0.66833333 0.33833333 0.33832949 0.04 0.50166667 0.50166669 0.3718864 0.37000002 1.17 0.31877512 0.49333333 0.98833333 0.99902878 1.3333333 1.3333333 1.6616667 1.6616667 1.5883333 1.5883333 1.5883333 1.2597759 1.2566666 0.56666667 0.56666667 0.56666667 0.62499778 0.625 0.625 0.39 0.39 0.39
-0.41176378 -0.3 -0.083333333 -0.57666667 -0.87833333 -1.2066667 -0.87166667 -0.76166667 -0.72833333 -0.34290515 -0.22333333 -0.22166667 -0.22166667 0.18166667 0.18165969 -0.50650873 -0.50666667 -0.50666667 0.088258195 -0.60333338 -0.82833333 -0.82833332 0.71 -0.12515482 0.070064123 0.04 0.73833333 0.50166667 1.3301575 1.335 0.27 1.5216667 1.154836 0.83666667 1.3633333 1.2166667 1.6866667 0.87666667 1.7012857 1.5908479 2.1516667 1.7133333 1.2566819 1.2566667 1.252783 0.56666667 0.33666668 0.625 0.625 0.625 0.625 0.48026789 0.52166667
-1.0366667 -1.0366667 0.018333333 -0.54666667 -0.98166667 -1.2966667 -1.0283333 -1.2933333 -0.74666667 -0.24512597 -0.325 0.70333333 0.18166667 0.18166667 -0.56 -0.55926851 -0.50666667 -0.5066905 -0.635 -0.60333333 -0.60333333 -0.63232088 0.71 0.75666578 0.75666667 0.75666667 0.73833333 0.66833333 0.66833333 1.335 1.335 1.5202853 0.79333333 0.83666667 1.0466667 1.2166667 1.6866667 1.3416667 1.7016667 1.367177 1.7133334 1.5798667 1.35 1.2566667 1.2566667 0.33666667 0.33666667 0.33666667 0.625 0.625 1.115 1.115 1.1149998
-1.0366667 -1.0366667 -0.51 -0.88666667 -1.1516667 -0.65666667 -1.2566667 -0.23570974 -0.51833333 -0.60333333 -0.705 -0.82 0.70130456 -0.56 -0.56 -0.55998135 -0.39833333 -0.41075471 -0.635 -0.31333333 -0.31333333 -0.565 -0.565 0.75666667 0.75666667 0.75666667 0.66833333 0.66833333 0.66833333 0.48666667 0.48666667 0.48666717 0.98166667 0.98166667 0.65333333 0.50833333 1.5916667 1.1133333 1.47 1.3616667 1.3616667 1.0383344 1.35 1.2566667 1.0533333 0.92333333 1.2941917 1.2983333 1.6766667 1.6766667 1.115 1.115 1.115
-1.0366667 -0.80934113 -0.6707371 -0.9133245 -0.25833333 -1.1633333 -1.2566667 -0.235 -0.51833097 -0.60239164 -0.81999972 -0.82 -0.575 -0.56 -0.56 -0.39833334 -0.39833333 -0.3983468 -0.635 -0.31333333 -0.36275555 -0.565 -0.565 0.75661357 0.75666667 0.59833341 0.275 0.275 0.27500005 0.48666667 0.48666667 0.305 0.305 0.98166577 0.65333333 1.1783333 1.5149638 1.1133333 1.1133333 1.3616667 1.0383333 1.0383333 1.0383335 1.0533333 1.0533333 0.92333333 1.2983333 1.2983333 1.6766667 1.6766667 1.115 1.115 1.115
0.175 0.048882727 0.10163028 0.094319873 -0.2583381 -1.163312 -1.2566667 -0.24757613 -0.49880877 -0.52055291 -0.575 -0.575 -0.575 -0.575 -0.56000212 -0.39833333 -0.39833333 -0.40138908 -0.635 -0.31337395 -0.44666667 -0.44666667 -0.44666667 -0.44666667 0.73590724 0.275 0.275 0.275 0.275 0.27513269 0.305 0.305 0.305 0.305 1.1783333 1.1783333 1.1783333 1.1164674 1.1124696 0.99833333 0.99833333 1.0383312 1.1349972 1.0533412 1.0533333 0.92333333 1.2983333 1.2983333 1.6766667 1.6766667 1.1170377 1.115 1.6201733
0.175 0.10166667 0.10166667 0.10166667 0.10166667 0.10166614 -1.2564276 -0.77328877 -0.44671908 -0.57494106 -0.575 -0.575 -0.575 -0.575 -0.57499991 -0.39833334 -0.39833337 -0.41456705 -0.63499609 -0.44666667 -0.44666667 -0.44666667 -0.44666667 -0.44666667 -0.43650392 0.27054587 0.30833333 0.30833333 0.30833333 0.30833333 0.305 0.305 0.30500029 0.55 0.55 1.1783333 1.0535687 1.05 0.99833336 0.99833333 0.99833333 0.99833333 1.135 1.135 1.135 1.133527 1.4489353 1.45 1.45 1.45 1.45 1.1783333 1.1783333
0.41 0.10166667 0.10166667 0.10166667 0.10166667 0.10166667 0.10166658 -0.75837436 -0.44803133 -0.44833333 -0.44833333 -0.44833333 -0.44833333 -0.44833333 -0.44833333 0.041542208 -0.3912131 -0.43074082 -0.44669027 -0.44666667 -0.44666667 -0.44666667 -0.44666667 -0.44666612 0.023333333 0.023333333 0.023333734 0.30833333 0.30833333 0.30792951 0.10666667 0.10666667 0.55 0.55 0.55 0.9699054 1.05 1.05 1.05 0.99833333 0.99833333 0.99833333 1.135 1.135 1.135 1.135 1.45 1.45 1.45 1.45 1.45 1.1783333 1.1783333
0.41 0.295211 0.10166667 0.10166667 0.10166667 0.10166667 -0.11329114 -0.11333333 -0.11333334 -0.44833333 -0.44833333 -0.44833333 -0.44833333 -0.44833333 -0.33802984 0.051666667 0.051666667 0.051666667 0.025225467 0.026666184 0.026666667 0.026666667 0.026666667 0.026666667 0.023333333 0.023333333 0.023333333 0.023333333 0.30833333 0.10666667 0.10666667 0.10666667 0.54999996 0.55 0.55 0.955 1.0498742 1.05 1.05 0.99825722 0.84625489 0.4915193 1.135 1.135 0.49531355 0.49333333 0.49333333 1.4478011 0.11800438 0.11333345 0.11333359 0.44511092 1.1783318
0.41 -0.0019635885 0.043471372 0.10166667 0.10166667 -0.1132063 -0.11333333 -0.11333333 -0.11333333 -0.11574744 -0.44833333 -0.44833333 -0.44833333 -0.44833327 0.051666667 0.051666667 0.051666667 0.051666667 0.026688999 0.026666667 0.026666667 0.026666667 0.026666667 0.026666667 0.023333333 0.023333333 0.023333333 0.023333333 0.023636442 0.10666667 0.10666667 0.10666667 -0.13833333 0.55002458 0.955 0.955 0.955 0.95007873 0.52545174 0.49 0.49 0.49 0.32833333 0.32833333 0.49333333 0.49333333 0.49333333 0.11333334 0.11333333 0.11333333 0.11333333 0.445 0.445
-0.012930114 -0.013333333 -0.013333333 -0.013333336 -0.28833333 -0.11333785 -0.11333333 -0.11333333 -0.11333333 -0.11333333 -0.39874434 -0.4483248 -0.44833331 0.051666667 0.051666667 0.051666667 0.051666667 0.051666667 0.037501972 0.026666667 0.026666667 0.026666667 0.026666667 0.026666667 -0.19368687 -0.54666358 -0.54666667 -0.54666667 -0.54666667 0.10666665 -0.13833333 -0.13833333 -0.13833333 -0.13833333 0.955 0.95498819 0.50666667 0.50666667 0.49020811 0.49 0.49 0.49 0.32833333 0.32833333 0.46778565 0.49333333 0.49333333 0.11333333 0.11333333 0.11333333 0.11688966 0.445 0.445
-0.013333333 -0.013333333 -0.013333333 -0.14283494 -0.28833333 -0.28833333 -0.11333333 -0.11333333 -0.11333333 -0.11333333 0.20666667 0.20666667 0.20666667 0.051666667 0.051666667 0.051666667 0.051666667 0.051675205 -0.14166667 -0.14166667 0.026666598 0.026666667 0.019038319 -0.28666667 -0.28900733 -0.54666667 -0.54666667 -0.54666667 -0.54666667 -0.13837491 -0.13833333 -0.13833333 -0.13833333 -0.13833333 0.50666824 0.50666667 0.50666667 0.50666667 0.50656819 0.49 0.49 0.49 0.32833333 0.32833333 0.32833333 0.49333333 0.49333333 0.11333334 0.11333333 0.11333333 0.445 0.445 0.445
-0.013333333 -0.013333333 -0.013333333 -0.28833333 -0.28833333 -0.28833333 -0.28833307 -0.11333333 -0.11333333 0.20633633 0.20666667 0.20666667 0.20666667 0.2065701 0.093486825 0.10333333 0.10333333 0.10333333 -0.14166667 -0.14166667 -0.14166667 -0.28666667 -0.28666667 -0.28666667 -0.28670822 -0.48809479 -0.54666667 -0.54666667 -0.54666667 -0.62754129 -0.7282753 -0.72833333 -0.72833333 -0.72833333 0.21714777 -0.18666509 -0.18666667 -0.18666667 -0.18666667 -0.10158571 -0.10166667 -0.10166667 0.32833333 0.32833333 0.020001287 0.019999991 -0.005 -0.005 0.071666667 0.071666667 0.071666667 0.445 -0.061213645
-0.013334373 -0.013333333 -0.013333343 -0.28833333 -0.28833333 -0.28833333 -0.28833334 -1.143333 -0.11745168 0.20605913 0.20666667 0.20666667 0.20666667 0.2064639 0.10333333 0.10333333 0.10333333 0.10333326 -0.14166667 -0.14166667 -0.14166667 -0.28666667 -0.28666667 -0.28666667 -0.435 -0.435 -0.60333333 -0.60333333 -0.60333333 -0.60401525 -0.72833333 -0.72833333 -0.72833333 -0.72833333 -0.45764881 -0.18666667 -0.18666667 -0.18666667 -0.18666667 -0.10166667 -0.10166667 -0.10166667 -0.097838568 0.02 0.02 0.02 -0.005 -0.005 0.071666667 0.071666667 0.071666667 -0.061666662 -0.061666667
-0.34833333 -0.20548783 -0.71 -0.70987767 -0.28833333 -1.1383863 -1.1433333 -1.1433333 -0.97936295 -0.46333334 -0.46333333 -0.46333333 -0.46333333 0.11164795 0.11166667 0.10333334 0.10333333 0.096877943 -0.14166667 -0.14166667 -0.14166667 -0.45 -0.45 -0.45 -0.435 -0.435 -0.60333333 -0.60333333 -0.60333333 -0.60333358 -0.938332 -0.93833274 -0.73361137 -0.72855847 -0.76162527 -0.76166667 -0.76166667 -0.76166667 -0.76166667 -0.10166667 -0.10166667 -0.10166667 0.01330032 0.02 0.02 0.019999948 -0.005 -0.005 -0.0049972402 0.071666667 0.07165109 -0.27666667 -0.061666667
-0.39999019 -0.40000005 -0.71 -0.71 -0.71 -1.1433333 -1.1433333 -1.1433333 -0.69333333 -0.69333333 -0.46333333 -0.46333333 -0.46333333 0.11166667 0.11166667 0.11166667 0.11166667 0.11163852 -0.14166667 -0.14166667 -0.14166668 -0.45 -0.45 -0.45 -0.435 -0.435 -0.60333333 -0.60333333 -0.60333333 -0.93455618 -0.93833333 -0.93833333 -0.93833333 -0.93833333 -0.76175384 -0.76166667 -0.76166667 -0.76166667 -0.76166667 -0.59999987 -0.6 -0.6 -0.6 0.01999775 -0.27333333 -0.27333333 -0.27333333 -0.15666667 -0.15666667 -0.15666667 -0.27666667 -0.27666667 -0.27666667
-0.4 -0.4 -0.71 -0.71 -0.71 -1.1410557 -1.1433333 -0.69333333 -0.69333333 -0.69333333 -0.46336165 -0.46333333 -0.50146582 0.11166652 0.11166667 0.11166667 0.11166667 -0.33166667 -0.33166667 -0.33166667 -0.25666667 -0.25666681 -0.44999906 -0.45 -0.45009262 -0.61333333 -0.61333333 -0.61333331 -0.60333495 -0.92833533 -0.92833339 -0.92833508 -0.93831624 -0.9383247 -0.79312632 -0.76166683 -0.76312445 -1.1966667 -1.1966667 -0.6 -0.6 -0.6 -0.6 -0.27333333 -0.27333333 -0.27333333 -0.27333333 -0.15666667 -0.15666667 -0.15666667 -0.27666667 -0.27666667 -0.27666667
-0.4 -0.4 -0.71 -0.71 -0.71 -0.71 -0.97491148 -0.69333333 -0.69333333 -0.69333333 -0.69323206 -0.51 -0.51 -0.51 0.10800304 0.11166667 -0.3287124 -0.33166667 -0.33166667 -0.33166667 -0.25666667 -0.25666667 -0.25666667 -0.25666667 -0.61333333 -0.61333333 -0.61333333 -0.61333333 -0.61333333 -0.92833333 -0.92833333 -0.92833333 -0.92833333 -0.92833392 -1.2066667 -1.1966667 -1.1966667 -1.1966667 -1.1966667 -1.1966644 -0.57833333 -0.57833333 -0.57833333 -0.449253 -0.18166667 -0.18166667 -0.18166667 -0.15666667 -0.15666691 -0.41166667 -0.41166667 -0.16169464 -0.16166667
-0.4 -0.4 -0.59811177 -0.71 -0.71 -0.71000001 -1.0793139 -0.69455189 -0.69333333 -0.69333333 -0.51000004 -0.51 -0.51 -0.51 -0.51 -0.45901746 -0.33166667 -0.33166667 -0.33166667 -0.33166667 -0.25666725 -0.25666667 -0.25666667 -0.25666667 -0.61333333 -0.61333333 -0.61333333 -0.61333333 -0.61333333 -0.95173362 -0.92833333 -0.92833333 -0.92833333 -1.2066667 -1.2066667 -1.2066589 -1.1966667 -1.1966667 -0.97249322 -0.79833337 -0.57833333 -0.57833333 -0.57833333 -0.45121274 -0.18166667 -0.18166667 -0.18166667 -0.44333333 -0.41206123 -0.41166667 -0.41166667 -0.16166667 -0.16166667
-0.93166667 -0.93166667 -0.93166667 -0.76557793 -0.71030746 -1.08 -1.08 -1.08 -1.08 -0.68833334 -0.68833333 -0.51000001 -0.51 -0.51 -0.51 -0.5099887 -0.33166667 -0.33166667 -0.33166667 -0.33166667 -0.28939423 -0.25666667 -0.25666667 -0.25160705 -0.087824211 -0.61333333 -0.61333333 -0.61333333 -0.96 -0.96 -0.96 -0.95999987 -1.2066667 -1.2066667 -1.2066667 -1.2066667 -0.79833333 -0.79833333 -0.79833333 -0.79833333 -0.30833333 -0.30833333 -0.30833333 -0.2716674 -0.27166667 -0.27166667 -0.27166664 -0.44333333 -0.44333333 -0.41170525 -0.41166667 -0.16166609 -0.16166667
-0.93166667 -0.93166667 -0.93166667 -0.93166586 -0.91666667 -0.94041802 -1.08 -1.08 -1.08 -0.68833333 -0.68833333 -0.68833333 -0.64999999 -0.65 -0.65 -0.64999999 -0.33190175 -0.33166667 -0.33166667 -0.33166667 -0.33051885 -0.063333864 -0.063333333 -0.063333333 -0.063333333 -0.063333351 -0.50333333 -0.50333333 -0.96 -0.96 -0.96 -0.96 -1.2066665 -1.2066667 -1.2066667 -1.2066492 -0.79833333 -0.79833333 -0.79833333 -0.79729512 -0.30833333 -0.30833333 -0.30833333 -0.27166837 -0.27166667 -0.27166667 -0.27166667 -0.44333333 -0.44333333 -0.44333328 -0.046666667 -0.046666667 -0.061666667
