interpolatedSpi/01-05|23_1.tif
NCOLS 53
NROWS 52
XLLCORNER -116.03883
YLLCORNER 28.596182
DX 0.49850594
DY 0.49788537
NODATA_VALUE -9999
-0.642 -0.642 -0.93128718 -1.35 -0.626 -0.636 -0.758 -0.434 -0.89705676 -0.554 -0.546 -0.62 -0.85397579 -0.56 -0.448 -0.448 -0.448 -0.534 -0.652 -0.652 -0.652 -0.65199576 -0.21200001 -0.772 -0.772 -0.772 -0.30999912 -0.31 -0.31 -0.812 -0.812 -0.812 -0.812 -1.6659998 -1.666 -1.666 -1.666 -1.666 -1.666 -1.666 0.14054087 0.15956995 -1.528 -1.528 -1.528 -1.528 -1.5269122 -0.862 -0.862 -0.862 -0.26400124 -0.264 -0.264 
-0.64202461 -1.196 -0.99599975 -0.93312979 -1.0518457 -0.804 -1.102 -1.0596555 -0.722 -0.878 -0.946 -0.854 -0.854 -0.70551317 -0.56000077 -0.448 -0.534 -0.534 -0.65184614 -0.652 -0.652 -0.652 -0.76842068 -0.772 -0.772 -0.772 -1.128 -1.128 -0.812 -0.812 -0.812 -0.812 -0.812 -1.6659999 -1.666 -1.666 -1.666 -1.666 -1.666 -1.5949538 -1.2600073 -1.4954802 -1.528 -1.528 -1.528 -1.528 -1.528 -0.862 -0.862 -0.862 -0.81241327 -0.264 -0.264 
-0.28602389 -0.286 -0.78 -0.77 -1.056 -0.858 -1.188 -0.846 -1.218 -1.194 -1.104 -1.324 -1.426 -0.488 -0.706 -1.4 -0.534 -0.534 -0.534 -0.5880186 -0.588 -0.588 -0.704 -0.772 -0.772 -0.772 -1.128 -1.128 -1.128 -0.812 -0.812 -0.81200003 -1.091212 -1.6646325 -1.6607317 -1.1051865 -1.1 -1.1 -1.1201238 -1.26 -1.26 -1.2603427 -1.528 -1.528 -1.528 -1.528 -1.528 -0.862 -0.862 -0.862 -0.862 -0.264 -0.264 
0.118 -0.28600004 -0.4941057 -0.562 -1.062 -0.942 -0.958 -1.35 -1.136 -1.1386011 -1.3 -1.024 -1.168 -0.488 -1.27 -1.4 -0.93359595 -0.92972254 -0.958 -0.588 -0.588 -1.158 -0.704 -0.704 -0.772 -0.77200178 -1.128 -1.128 -1.128 -0.976 -1.2042499 -1.392 -1.392 -1.3919998 -1.1 -1.1 -1.1 -1.1 -1.26 -1.26 -1.26 -1.26 -1.528 -1.528 -1.528 -1.528 -1.528 -0.8620084 -0.862 -0.862 -0.862 -0.2640211 -0.264 
0.118 0.1059989 -0.494 -1.0899949 -1.062 -1.148 -1.2880284 -1.618 -1.768 -1.3780001 -1.2653826 -1.2119504 -0.866 -1.27 -1.27 -1.3495984 -0.93 -0.93 -0.958 -0.958 -0.58800114 -1.158 -0.84 -0.464 -0.934 -0.93394953 -1.128 -1.128 -0.976 -0.976 -1.392 -1.392 -1.392 -1.3618282 -1.1 -1.1 -1.1 -1.26 -1.26 -1.26 -1.26 -1.2599465 -1.528 -1.528 -1.528 -1.528 -1.528 -1.5220718 -0.862 -0.86200215 -0.91 -0.91 -0.91 
-1.048 -0.488 -0.48599998 -0.952 -0.704 -0.766 -1.162 -1.2203811 -1.218 -1.556 -1.296 -1.292 -1.2919997 -0.968 -0.968 -0.59998358 -0.6 -0.628 -0.628 -0.95799952 -1.14 -1.14 -0.464 -0.934 -0.934 -0.718 -1.016 -1.016 -0.71002508 -0.976 -1.392 -1.392 -1.232 -1.231982 -1.0600124 -1.34 -1.34 -1.2847498 -1.26 -1.26 -0.70669096 -0.706 -0.706 -1.148814 -1.1420427 -1.1420001 -1.142 -1.1420001 -1.0563517 -0.91 -0.91 -0.91 -0.91 
-0.29600679 -0.186 -0.45831305 -0.66 -0.422 -0.804 -0.788 -1.166 -1.42 -1.42 -1.296 -1.078 -1.0799999 -0.968 -0.53200131 -0.532 -0.6 -0.374 -0.408 -0.408 -1.1126666 -1.082 -1.082 -0.772 -0.718 -0.718 -1.016 -1.016 -0.71004033 -0.71074246 -0.72210204 -1.232 -1.232 -1.06 -1.06 -1.2016614 -1.34 -1.34 -1.6199903 -0.70600127 -0.706 -0.706 -0.70600021 -1.1419988 -1.142 -1.142 -1.142 -1.142 -1.088 -0.91003527 -0.91 -0.91 -0.91 
-0.296 -1.024 -0.122 -0.988 -0.83000906 -0.834 -1.136 -1.266 -0.714 -0.938 -0.938 -0.832 -1.08 -1.08 -0.53575979 -0.56478725 -0.568 -0.306 -0.25200016 -0.408 -0.2754672 -0.214 -1.016 -0.12 -0.12000983 -0.882 -0.596 -0.59600015 -1.3995751 -1.402 -0.72 -0.77191129 -0.836 -1.06 -1.0536113 -1.086 -1.086 -1.62 -1.62 -0.706 -0.706 -0.706 -0.91990275 -0.92200001 -1.142 -1.142 -1.142 -1.0880021 -1.088 -1.088 -0.91 -0.91 -0.91 
-1.0191451 -1.024 -0.092 -0.896 -0.78 -1.398 -1.204 -0.658 -0.976 -0.57887607 -0.724 -0.95 -0.95 -0.572 -0.57199769 -1.2839989 -1.286 -1.286 -0.29775683 -0.89400001 -0.938 -0.93799999 -1.416 -1.1736334 -0.80521052 -0.882 -0.854 -0.596 -0.49260434 -0.492 -0.754 -0.89 -0.85474414 -1.108 -0.836 -0.88 -0.94 -1.216 -0.94612468 -0.70594643 -0.694 -0.614 -0.9219339 -0.922 -0.92323828 -1.142 -1.51 -1.088 -1.088 -1.088 -1.088 -0.75810092 0.012 
-0.992 -0.992 -0.296 -0.702 -1.356 -1.324 -0.744 -0.774 -0.548 -0.47800395 -0.522 -0.156 -0.572 -0.572 -0.326 -0.33916683 -1.286 -1.2857866 -0.328 -0.894 -0.894 -0.89966866 -1.416 -0.68001394 -0.68 -0.68 -0.854 -0.592 -0.592 -0.492 -0.492 -0.88986724 -0.82 -1.108 -0.814 -0.88 -0.94 -1.36 -0.946 -0.65282964 -0.614 -0.57800074 -0.516 -0.922 -0.922 -1.51 -1.51 -1.51 -1.088 -1.088 0.31 0.31 0.30999989 
-0.992 -0.992 -1.154 -1.154 -1.054 -0.636 -1.19 -0.61040299 -0.892 -1.2 -0.656 -0.278 -0.15616303 -0.326 -0.326 -0.326024 -0.534 -0.52318815 -0.328 -0.244 -0.244 -0.324 -0.324 -0.68 -0.68 -0.68 -0.592 -0.592 -0.592 -0.736 -0.736 -0.73600014 -0.598 -0.598 -1.066 -1.076 -0.342 -0.90800272 -0.542 -0.648 -0.648 -0.65999953 -0.516 -0.922 -0.18800043 -0.58 -0.20763325 -0.202 0.048 0.048 0.31 0.31 0.31 
-0.992 -1.0619595 -1.154 -1.5199807 -0.602 -0.96 -1.19 -0.61 -0.89199764 -1.1965877 -0.2780012 -0.278 -0.034 -0.326 -0.326 -0.53399999 -0.534 -0.53398828 -0.328 -0.244 -0.25971037 -0.324 -0.324 -0.6799855 -0.68 -0.56297584 -0.324 -0.324 -0.32400003 -0.736 -0.736 -0.282 -0.282 -0.59800128 -1.066 -0.47800022 -0.48407362 -0.908 -0.908 -0.648 -0.66 -0.66 -0.65999656 -0.188 -0.188 -0.58 -0.202 -0.202 0.048 0.048 0.31 0.31 0.31 
-0.462 -0.72257901 -0.68601755 -0.69202906 -0.60200194 -0.95999155 -1.19 -0.61713947 -0.87256732 -0.9000427 -0.034 -0.034 -0.034 -0.034 -0.32595864 -0.534 -0.534 -0.53134021 -0.328 -0.24397276 -0.148 -0.148 -0.148 -0.148 -0.67070112 -0.324 -0.324 -0.324 -0.324 -0.32419331 -0.282 -0.282 -0.282 -0.282 -0.478 -0.478 -0.478 -0.8876401 -0.90316321 -0.264 -0.264 -0.6599787 -0.080003698 -0.1879896 -0.188 -0.58 -0.202 -0.202 0.048000002 0.048 0.30904949 0.31 -0.39631572 
-0.462 -0.686 -0.686 -0.686 -0.686 -0.68600011 -1.1894112 -0.91560216 -0.82072278 -0.034931656 -0.034 -0.034 -0.034 -0.034 -0.033999854 -0.534 -0.53399997 -0.51986981 -0.32800229 -0.148 -0.148 -0.148 -0.148 -0.148 -0.15024881 -0.21732137 -0.15400004 -0.154 -0.154 -0.154 -0.282 -0.282 -0.28199951 0.124 0.124 -0.478 0.080038049 0.096 -0.26399979 -0.264 -0.264 -0.264 -0.08 -0.08 -0.08 -0.083479544 0.38010877 0.384 0.384 0.384 0.38399999 0.10200004 0.102 
-0.836 -0.686 -0.686 -0.686 -0.686 -0.686 -0.68600003 -0.76076863 0.16878469 0.174 0.174 0.174 0.174 0.174 0.174 0.028913232 -0.52509475 -0.50579158 -0.1480227 -0.148 -0.148 -0.148 -0.148 -0.14799981 -0.252 -0.252 -0.25199986 -0.154 -0.154 -0.15357548 0.058 0.058 0.124 0.124 0.124 0.10048537 0.096 0.096 0.096 -0.264 -0.264 -0.264 -0.08 -0.08 -0.08 -0.08 0.384 0.384 0.384 0.384 0.384 0.102 0.102 
-0.836 -0.7801567 -0.686 -0.686 -0.686 -0.686 -0.028129143 -0.028 -0.027999995 0.174 0.174 0.174 0.174 0.174 0.14135016 0.026 0.026 0.026 0.015500657 0.015999833 0.016 0.016 0.016 0.016 -0.252 -0.252 -0.252 -0.252 -0.154 0.058 0.058 0.058 0.12399999 0.124 0.124 0.272 0.096233029 0.096 0.096 -0.2639681 -0.20057581 -0.052633621 -0.08 -0.08 0.56799406 0.57 0.57 0.3843358 0.58728711 0.58799998 0.58799996 0.6759131 0.10200117 
-0.836 -0.30661029 -0.48661786 -0.686 -0.686 -0.028388778 -0.028 -0.028 -0.028 -0.02654433 0.174 0.174 0.174 0.17399998 0.026 0.026 0.026 0.026 0.016008933 0.016 0.016 0.016 0.016 0.016 -0.25199999 -0.252 -0.252 -0.252 -0.25087242 0.058 0.058 0.058 0.081999999 0.12401404 0.272 0.272 0.272 0.27062382 -0.04262439 -0.052 -0.052 -0.052 0.492 0.492 0.57 0.57 0.57 0.588 0.588 0.588 0.588 0.676 0.676 
-0.29229656 -0.292 -0.292 -0.292 0.134 -0.027995821 -0.028 -0.028 -0.028 -0.028 0.13705433 0.17399364 0.17399999 0.026 0.026 0.026 0.026 0.026 0.046048436 0.016 0.016 0.016 0.016 0.016 -0.031677463 0.095998114 0.096 0.096 0.096 0.058000001 0.082 0.082 0.082 0.082 0.272 0.27199673 0.148 0.148 -0.049502702 -0.052 -0.052 -0.052 0.492 0.492 0.55792291 0.57 0.57 0.588 0.588 0.588 0.58894359 0.676 0.676 
-0.292 -0.292 -0.292 -0.091390245 0.134 0.134 -0.028 -0.028 -0.028 -0.028 -0.314 -0.314 -0.314 0.026 0.026 0.026 0.026 0.026003305 0.356 0.356 0.016000138 0.016 0.024959251 0.384 0.38140726 0.096 0.096 0.096 0.096 0.082001426 0.082 0.082 0.082 0.082 0.14800044 0.148 0.148 0.148 0.14728635 -0.052 -0.052 -0.052 0.492 0.492 0.492 0.57 0.57 0.588 0.588 0.588 0.676 0.676 0.676 
-0.292 -0.292 -0.292 0.134 0.134 0.134 0.13399975 -0.028 -0.028 -0.31370477 -0.314 -0.314 -0.314 -0.31378816 0.042188448 0.046 0.046 0.046000001 0.356 0.356 0.356 0.384 0.384 0.384 0.38404706 0.33518309 0.096 0.096 0.096000002 0.13604502 0.14799351 0.148 0.148 0.148 0.074089189 -0.029999596 -0.03 -0.03 -0.03 0.60191051 0.602 0.602 0.492 0.492 0.94399811 0.94399993 0.746 0.746 0.694 0.694 0.694 0.676 0.56809657 
-0.29199948 -0.292 -0.29199998 0.134 0.134 0.134 0.134 0.21799993 -0.027016396 -0.31382046 -0.314 -0.314 -0.314 -0.31329358 0.046 0.046 0.046 0.046000089 0.356 0.356 0.356 0.384 0.384 0.384 0.552 0.552 0.588 0.588 0.588 0.58559966 0.148 0.148 0.148 0.148 0.059048894 -0.03 -0.03 -0.03 -0.03 0.602 0.602 0.602 0.61276063 0.944 0.944 0.944 0.746 0.746 0.694 0.694 0.694 0.568 0.568 
-0.124 -0.19707065 -0.144 -0.14391935 0.134 0.21751398 0.218 0.218 0.3134672 -0.11599999 -0.116 -0.116 -0.116 0.40998288 0.41 0.046000279 0.046 0.054168044 0.356 0.356 0.356 0.444 0.444 0.444 0.552 0.552 0.588 0.588 0.588 0.58799989 0.43599817 0.43599919 0.15523845 0.14830876 0.10804574 0.108 0.108 0.108 0.108 0.602 0.602 0.602 0.92516832 0.944 0.944 0.94399992 0.746 0.746 0.74599813 0.694 0.69398515 0.362 0.568 
0.08196088 0.081999961 -0.144 -0.144 -0.144 0.218 0.218 0.218 0.48 0.48 -0.116 -0.116 -0.116 0.41 0.41 0.41 0.41 0.40999262 0.356 0.356 0.356 0.444 0.444 0.444 0.552 0.552 0.588 0.588 0.588 0.43771381 0.436 0.436 0.436 0.436 0.10816185 0.108 0.108 0.108 0.108 0.47000003 0.47 0.47 0.47 0.94399653 0.492 0.492 0.492 0.166 0.166 0.166 0.362 0.362 0.362 
0.082 0.082 -0.144 -0.144 -0.144 0.21609726 0.218 0.48 0.48 0.48 -0.11592663 -0.116 0.39715433 0.41000002 0.41 0.41 0.41 0.462 0.462 0.462 0.366 0.36600006 0.44399962 0.444 0.4440493 0.476 0.476 0.47600027 0.5879819 0.19404823 0.19400129 0.19404225 0.4355864 0.43579116 0.16625989 0.10799994 0.1074638 -0.052 -0.052 0.47 0.47 0.47 0.47 0.492 0.492 0.492 0.492 0.166 0.166 0.166 0.362 0.362 0.362 
0.082 0.082 -0.144 -0.144 -0.144 -0.144 0.31605895 0.48 0.48 0.48 0.48001768 0.512 0.512 0.512 0.41060111 0.41 0.46165348 0.462 0.462 0.462 0.366 0.366 0.366 0.366 0.476 0.476 0.476 0.476 0.476 0.194 0.194 0.194 0.194 0.19399919 -0.192 -0.052 -0.052 -0.052 -0.052 -0.05199874 0.264 0.264 0.264 0.28157346 0.318 0.318 0.318 0.166 0.1659998 -0.042 -0.042 0.23603065 0.236 
0.082 0.082 -0.06242987 -0.144 -0.144 -0.14399998 0.60377996 0.48039078 0.48 0.48 0.51200003 0.512 0.512 0.512 0.512 0.50363195 0.462 0.462 0.462 0.462 0.36600074 0.366 0.366 0.366 0.476 0.476 0.476 0.476 0.476 0.32553424 0.194 0.194 0.194 -0.192 -0.192 -0.19189129 -0.052 -0.052 -0.20057353 -0.31599997 0.264 0.264 0.264 0.28015991 0.318 0.318 0.318 -0.002 -0.041501604 -0.042 -0.042 0.236 0.236 
0.518 0.518 0.518 0.021981598 -0.14288309 0.604 0.604 0.604 0.604 0.678 0.678 0.51200001 0.512 0.512 0.512 0.51199682 0.462 0.462 0.462 0.462 0.40789129 0.366 0.366 0.36709916 0.41102796 0.476 0.476 0.476 0.372 0.372 0.372 0.37199925 -0.192 -0.192 -0.192 -0.192 -0.316 -0.316 -0.316 -0.316 0.178 0.178 0.178 -0.017996059 -0.018 -0.018 -0.017999894 -0.002 -0.002 -0.041951262 -0.042 0.23599867 0.236 
0.518 0.518 0.518 0.51800528 0.616 0.614255 0.604 0.604 0.604 0.678 0.678 0.678 0.32000001 0.32 0.32 0.32000001 0.46194138 0.462 0.462 0.462 0.46054659 0.40799988 0.408 0.408 0.408 0.408 0.462 0.462 0.372 0.372 0.372 0.372 -0.19199979 -0.192 -0.192 -0.19197654 -0.316 -0.316 -0.316 -0.31550868 0.178 0.178 0.178 -0.017990911 -0.018 -0.018 -0.018 -0.002 -0.002 -0.0020000035 -0.028 -0.028 -0.082 
0.518 0.518 0.518 0.61599977 0.616 0.616 0.604 0.604 0.604 0.678 0.678 0.678 0.32 0.32 0.32 0.32837755 0.43 0.43 0.43000008 0.46181926 0.408 0.408 0.408 0.408 0.408 0.40804064 0.462 0.462 0.462 0.372 0.372 0.37190474 0.096 0.096 0.096 -0.338 -0.338 -0.204 -0.204 -0.204 0.272 0.17802949 0.17799767 -0.134 -0.134 -0.12960373 -0.018000279 -0.0020000003 -0.0020000002 -0.028 -0.028 -0.028 -0.082 
0.518 0.518 0.518 0.616 0.616 0.616 0.616 0.604 0.604 0.678 0.678 0.33431484 0.32 0.32 0.32 0.43 0.43 0.43 0.43 0.43 0.408 0.408 0.408 0.408 0.408 0.46199982 0.462 0.462 0.462 0.224 0.224 0.224 0.096 0.096 0.096 -0.338 -0.338 -0.204 -0.204 0.272 0.272 0.272 -0.134 -0.134 -0.134 -0.134 -0.14763646 -0.3 -0.3 -0.3 -0.028 -0.02 -0.02 
0.518 0.518 0.51813647 0.616 0.616 0.616 0.616 0.53222296 0.528 0.52825753 0.67799999 0.3200134 0.32 0.32 0.32000038 0.43 0.43 0.43 0.43 0.43 0.47321252 0.408 0.408 0.408 0.40798393 0.46199257 0.462 0.462 0.462 0.224 0.224 0.224 0.22398002 0.096 -0.338 -0.338 -0.338 -0.33799459 -0.20396754 0.272 0.272 0.272 -0.13397535 -0.134 -0.134 -0.134 -0.30000213 -0.3 -0.3 -0.3 -0.020000001 -0.02 -0.02 
0.47 0.47000008 0.6159433 0.616 0.616 0.616 0.52801873 0.528 0.528 0.528 0.48 0.48 0.48 0.48 0.43023074 0.43 0.43 0.43 0.43 0.47599997 0.476 0.476 0.33000001 0.33 0.33 0.33 0.3413933 0.462 0.040017283 0.04 0.04 0.04 0.04 -0.478 -0.478 -0.478 -0.478 -0.478 0.032 0.032 0.032 0.032 0.032 -0.51342718 -0.514 -0.514 -0.514 -0.3 -0.3 -0.3 -0.020044112 -0.02 -0.02 
0.47 0.47 0.4703182 0.50800022 0.50800002 0.50801957 0.528 0.528 0.528 0.528 0.48 0.48 0.48 0.48 0.48 0.43 0.43 0.43 0.47599999 0.476 0.476 0.476 0.33 0.33 0.33 0.33 0.33 0.33002764 0.039985326 0.04 0.04 0.04 0.039994105 -0.48480282 -0.47800704 -0.478 -0.478 -0.478 0.032 0.032 0.032 0.032 0.031999997 -0.514 -0.514 -0.514 -0.514 -0.41392942 -0.3 0.16673393 0.172 0.214 0.214 
0.47 0.47 0.50799519 0.508 0.508 0.508 0.51307992 0.528 0.528 0.528 0.48 0.48 0.48 0.48 0.48 0.43003702 0.43 0.47598651 0.476 0.476 0.476 0.476 0.38408665 0.33 0.33 0.33 0.33 0.32976767 0.002 0.002 0.002 0.002 0.002 -0.49 -0.49 -0.49 -0.49 -0.49 -0.462 -0.462 -0.462 -0.462 -0.46199999 -0.5126522 -0.51399972 -0.514 -0.51390643 -0.50264246 0.172 0.172 0.172 0.21399976 0.214 
0.4699996 0.25821113 0.50799996 0.508 0.508 0.508 0.508 0.52799148 0.528 0.528 0.48 0.48 0.48 0.48 0.32355382 0.32 0.32 0.47599599 0.476 0.476 0.476 0.476 0.47599997 0.33 0.33 0.33 0.33 -0.0899999 -0.089999957 -0.070420164 0.002 0.002 0.002 -0.49 -0.49 -0.49 -0.49 -0.48984964 -0.462 -0.462 -0.462 -0.462 -0.46196859 0.038 0.038 0.038 0.038 0.038010808 0.172 0.172 0.172 0.17200006 0.26917526 
0.254 0.254 0.30093962 0.508 0.508 0.508 0.508 0.508 0.52799111 0.38 0.38 0.38 0.38023732 0.32000023 0.32 0.32 0.32 0.32 0.47599918 0.46902507 0.408 0.408 0.408 0.38674664 0.30390814 0.16429556 0.046436246 -0.09 -0.09 -0.09 -0.09 -0.09 -0.088969521 -0.26820204 -0.268 -0.268 -0.268 -0.268 -0.38497993 -0.052000737 -0.052 -0.052 -0.052 0.20599951 0.038000044 0.038 0.038 0.468 0.17200474 0.172 0.172 0.27 0.27 
0.254 0.254 0.254 0.254 0.254 0.50791539 0.508 0.508 0.38 0.38 0.38 0.38 0.38 0.32 0.32 0.32 0.32 0.32 0.408 0.408 0.408 0.408 0.408 0.0040000209 0.004 0.004 0.004 -0.09 -0.09 -0.09 -0.09 -0.09 -0.286 -0.286 -0.268 -0.268 -0.268 0.24191315 0.242 -0.052 -0.052 -0.052 -0.051999949 0.206 0.206 0.206 0.468 0.468 0.468 0.388 0.388 0.27 0.27 
0.254 0.254 0.254 0.254 0.254 0.254 0.2540016 0.546 0.38015629 0.38 0.38 0.38 0.38 0.32074845 0.32 0.32 0.32 0.32 0.408 0.408 0.408 0.408 0.408 0.004 0.004 0.004 0.004 0.0039996063 -0.09 -0.09 -0.09 -0.28598972 -0.286 -0.286 -0.286 -0.268 0.24199999 0.242 0.242 0.23426431 0.23125085 0.284 0.284 0.206 0.206 0.206 0.468 0.468 0.468 0.388 0.388 0.388 0.30804009 
0.278 0.27799981 0.254 0.254 0.254 0.254 0.546 0.546 0.546 0.38 0.38 0.38 0.38 0.37998135 0.32 0.32 0.32 0.32 0.40799821 0.408 0.408 0.40799999 0.075157841 0.004 0.004 0.004 0.004 -0.15799987 -0.158 -0.158 -0.090737147 -0.286 -0.286 -0.286 -0.2859999 -0.178 0.242 0.242 0.242 0.242 0.284 0.284 0.284 0.516 0.516 0.516 0.77796981 0.468 0.468 0.388 0.388 0.388 0.31199992 
0.278 0.278 0.254 0.254 0.254 0.546 0.546 0.546 0.546 0.39819966 0.38 0.38 0.38 0.37999806 -0.20793924 -0.208 -0.208 -0.208 -0.022506498 -0.204 -0.204 -0.204 -0.204 0.004 0.004 0.004 0.0039893141 -0.158 -0.158 -0.158 -0.158 -0.28595534 -0.22525312 -0.178 -0.178 -0.178 0.24164022 0.146002 0.146 0.146 0.28414569 0.46999999 0.47 0.516 0.516 0.51600111 0.778 0.778 0.444 0.444 0.444 0.278 0.282 
0.278 0.278 0.324 0.324 0.324 0.546 0.546 0.546 0.546 0.49 0.49 0.49 0.49 0.44081031 -0.208 -0.208 -0.208 -0.208 -0.016 -0.204 -0.204 -0.204 -0.204 -0.466 -0.46599981 0.0039993057 -0.158 -0.158 -0.158 -0.158 -0.0537073 0.048 -0.1511091 -0.178 -0.178 -0.178 0.146 0.146 0.146 0.146 0.47 0.47 0.47 0.6719363 0.672 0.77752354 0.778 0.778 0.44399916 0.444 0.278 0.278 0.282 
0.278 0.324 0.324 0.324 0.324 0.324 0.54350035 0.224 0.224 0.49 0.49 0.49 0.49 0.48983469 -0.208 -0.208 -0.208 -0.19932483 -0.016 -0.016 -0.204 -0.204 -0.466 -0.466 -0.466 -0.466 -0.158 -0.158 -0.158 -0.158 0.048 0.048 0.048 -0.17777131 -0.178 -0.178 0.146 0.146 0.146 0.146 0.47 0.47 0.47 0.672 0.672 0.67200091 0.688 0.688 0.232 0.232 0.278 0.278 0.282 
0.323568 0.324 0.324 0.324 0.324 0.324 0.224 0.224 0.224 0.36637432 0.49 0.49 0.49 0.48998962 -0.208 -0.208 -0.208 -0.016 -0.016 -0.016 -0.20399061 -0.2040016 -0.466 -0.466 -0.466 -0.466 -0.15802189 -0.158 -0.158 0.047952625 0.048 0.048 0.048 0.048 -0.17711191 0.06 0.06 0.061488379 0.146 0.146 0.46999971 0.47 0.66612681 0.672 0.672 0.68799999 0.688 0.688 0.232 0.232 -0.054 -0.054 0.01 
0.324 0.324 0.324 0.324 0.324 0.324 0.224 0.224 0.224 0.224 0.11601077 0.116 0.116 0.116 -0.20799915 -0.088772159 -0.022 -0.022 -0.016011061 -0.016 -0.016000037 -0.46599962 -0.466 -0.466 -0.466 -0.466 -0.46577607 -0.158 -0.15799296 0.048 0.048 0.048 0.048 0.048 0.06 0.06 0.06 0.06 0.06 0.06000084 0.288 0.288 0.28800008 0.52 0.52 0.52 0.138 0.138 -0.026 -0.026 -0.054 -0.053999861 0.01 
0.324 0.324 0.324 0.324 0.324 0.324 0.224 0.224 0.224 0.116 0.116 0.116 0.116 0.116 0.07962353 -0.022 -0.022 -0.022 -0.022 -0.022 -0.02171352 -0.466 -0.466 -0.466 -0.466 -0.46248309 -0.3541755 -0.18468855 0.046984115 0.048 0.048 0.048 0.048 0.048000026 0.06 0.06 0.06 0.06 0.06 0.16606507 0.288 0.288 0.288 0.52 0.52 0.52 0.138 0.138 -0.026 -0.026 -0.028 0.0079037471 0.01 
0.324 0.324 0.324 0.324 0.324 0.32399997 0.22400002 0.224 0.2195174 0.116 0.116 0.116 0.116 0.116 0.10938067 -0.022 -0.022 -0.022 -0.022 -0.022 -0.022 -0.37008003 -0.35400016 -0.354 -0.354 -0.354 -0.354 -0.354 -0.2452067 -0.24399654 -0.24399999 -0.244 -0.244 -0.24399978 0.06 0.06 0.06 0.06 0.06 0.28799997 0.288 0.288 0.288 0.2880001 0.5194549 0.18 0.138 -0.056574619 -0.026029791 -0.028 -0.028 -0.023094352 0.208 
0.324 0.324 0.324 0.324 0.324 0.32399361 0.22400539 0.22399347 0.11600014 0.116 0.116 0.116 0.116 0.116 0.11337415 -0.022 -0.022 -0.022 -0.022 -0.022 -0.022 -0.354 -0.354 -0.354 -0.354 -0.354 -0.354 -0.354 -0.24403037 -0.244 -0.244 -0.244 -0.244 -0.244 -0.16070403 0.06 0.06 0.06 0.06 0.288 0.288 0.288 0.288 0.28797233 0.18 0.18 0.1784958 -0.06 -0.06 -0.028 -0.028 0.208 0.208 
0.324 0.324 0.324 0.324 0.324 0.32386664 0.22411567 0.12818709 0.116 0.116 0.116 0.116 0.116 0.116 0.11358407 -0.022 -0.022 -0.022 -0.022 -0.022 -0.069270767 -0.354 -0.354 -0.354 -0.354 -0.354 -0.354 -0.354 -0.24400044 -0.244 -0.244 -0.244 -0.244 -0.244 -0.244 0.12384786 0.22312187 0.2773987 0.28565417 0.27630128 0.288 0.288 0.288 0.18000862 0.18 0.17949859 0.095999254 -0.06 -0.06 -0.11799826 -0.118 -0.118 0.20799986 
0.324 0.324 0.324 0.324 0.3239999 0.32316599 0.21536323 0.1160297 0.116 0.116 0.116 0.116 0.116 0.116 0.11277749 -0.022 -0.022 -0.022 -0.022 -0.022000002 -0.35399857 -0.354 -0.354 -0.354 -0.354 -0.354 -0.354 -0.354 -0.24400003 -0.244 -0.244 -0.244 -0.244 -0.244 -0.24399989 0.29 0.29 0.29 0.29 0.106 0.106 0.106 0.106 0.096000243 0.096 0.096 0.096 0.09599771 -0.11 -0.11 -0.118 -0.118 -0.41945231 
0.324 0.324 0.324 0.32399999 0.32399721 0.32123611 0.1235814 0.11600141 0.116 0.116 0.116 0.116 0.116 0.116 0.11131543 -0.021999943 -0.022 -0.022 -0.022 -0.023998163 -0.354 -0.354 -0.354 -0.354 -0.354 -0.354 -0.354 -0.354 -0.24400002 -0.244 -0.244 -0.244 -0.244 -0.244 0.28999951 0.29 0.29 0.29 0.29 0.106 0.106 0.106 0.106 0.10330104 0.096 0.096 0.096 -0.1099977 -0.11 -0.11 -0.556 -0.556 -0.556 
0.324 0.324 0.324 0.32399977 0.32397236 0.30876448 0.11642222 0.11600035 0.116 0.116 0.116 0.116 0.116 0.11599999 0.1093349 -0.021996755 -0.022 -0.022 -0.022000381 -0.34727315 -0.354 -0.354 -0.354 -0.354 -0.354 -0.354 -0.354 -0.354 -0.2440001 -0.244 -0.244 -0.244 -0.244 0.0048943707 0.28999994 0.29 0.29 0.29 0.29 0.106 0.106 0.106 0.106 0.106 0.096 0.096 0.096 -0.11 -0.11 -0.11 -0.556 -0.556 -0.556 
0.324 0.32399999 0.32399991 0.3239973 0.3238065 0.2078111 0.11607632 0.11600022 0.116 0.116 0.116 0.116 0.116 0.11599974 0.10698022 -0.021949601 -0.021999997 -0.022000011 -0.023718925 -0.35397177 -0.354 -0.354 -0.354 -0.354 -0.354 -0.354 -0.354 -0.35399994 -0.24400069 -0.244 -0.24399976 0.06610986 0.096 0.096 0.096 0.29 0.29 0.29 0.29 0.106 0.106 0.106 0.106 0.106 0.096000177 0.096 0.095999899 -0.10999999 -0.11 -0.11000024 -0.556 -0.556 -0.556 
