interpolatedSpi/01-01|19_2.tif
NCOLS 53
NROWS 52
XLLCORNER -116.03883
YLLCORNER 28.596182
DX 0.49850594
DY 0.49788537
NODATA_VALUE -9999
0.4 0.4 0.24547864 0.64 0.22 0.61 0.57 0.29 -0.14768559 -0.42 -0.44 -0.51 -0.45995965 0.03 -0.26 -0.26 -0.26 0.3 0.39 0.39 0.39 0.38999384 -0.25 -0.55 -0.55 -0.55 -0.3399942 -0.34 -0.34 -0.9 -0.9 -0.9 -0.9 -1.9099998 -1.91 -1.91 -1.91 -1.91 -1.91 -1.91 -0.83161479 -0.82031567 -2.06 -2.06 -2.06 -2.06 -2.0610127 -2.68 -2.68 -2.68 -1.9000016 -1.9 -1.9 
0.3999489 -0.75 0.17999978 0.13188504 0.4098347 0.61 0.74 0.29983733 0.09 -0.1 -0.18 -0.46 -0.46 0.72766587 0.030005894 -0.26 0.3 0.3 0.38988265 0.39 0.39 0.39 -0.5663175 -0.55 -0.55 -0.55 0.36999994 0.37 -0.9 -0.9 -0.9 -0.9 -0.9 -1.9099999 -1.91 -1.91 -1.91 -1.91 -1.9099998 -1.6675536 -0.56999341 -1.8791997 -2.06 -2.06 -2.06 -2.06 -2.06 -2.68 -2.68 -2.68 -2.6153217 -1.9 -1.9 
0.030000324 0.03 -0.01 0.17 -0.4 -0.49 -0.51 -0.53 -0.99 -0.76 0.45 -0.73 -0.21 0.49 0.73 -1.57 0.3 0.3 0.3 0.040101746 0.04 0.04 -0.86 -0.55 -0.55 -0.55 0.37 0.37 0.37 -0.9 -0.9 -0.9 -0.87593 -1.9043718 -1.8880334 0.42837421 0.45 0.45 0.32171088 -0.56999999 -0.57 -0.57190533 -2.06 -2.06 -2.06 -2.06 -2.06 -2.68 -2.68 -2.68 -2.68 -1.9 -1.9 
-1.06 0.029999697 -1.4700414 0.23 -0.64 -0.7 -0.67 -0.77 -0.89 -0.89132494 -1.39 -1.52 -1.67 0.49 -1.2 -1.57 -0.68680935 -0.67931336 -1.54 0.04 0.04 -1.07 -0.86 -0.86 -0.55 -0.54999541 0.37 0.37 0.37 -1.27 -1.0395554 -0.85 -0.85 -0.849999 0.45 0.45 0.45 0.45 -0.57 -0.57 -0.57 -0.57000006 -2.06 -2.06 -2.06 -2.06 -2.06 -2.6799922 -2.68 -2.68 -2.68 -1.8999811 -1.9 
-1.06 -1.8499993 -1.47 -1.1851583 -0.64 -1.63 -1.6099628 -1.48 -1.33 -1.3899999 -1.1289339 -0.9999427 -0.6 -1.2 -1.2 -1.4335833 -0.68 -0.68 -1.54 -1.54 0.039997654 -1.07 -1.63 -2 -2.24 -2.2399292 0.37 0.37 -1.27 -1.27 -0.85 -0.85 -0.85 -1.1045736 0.45 0.45 0.45 -0.57 -0.57 -0.57 -0.57 -0.5699054 -2.06 -2.06 -2.06 -2.06 -2.06 -2.0655188 -2.68 -2.679939 -1.32 -1.32 -1.32 
-1.79 -1.65 -1.7 -0.69 -1.09 -1.25 -1.58 -1.5671971 -1.5 -1.53 -1.12 -1.07 -1.0699997 -1.52 -1.52 -1.1197924 -1.12 -1.39 -1.39 -1.54 -2.32 -2.32 -2 -2.24 -2.24 -1.94 -2.31 -2.31 -0.59006291 -1.27 -0.85 -0.85 -2.2 -2.1998872 -1.1200772 -0.33 -0.33 -0.49575052 -0.57 -0.57 0.40877773 0.41 0.41000043 -0.31142188 -0.28019673 -0.28000047 -0.28000006 -0.28000069 -2.2868254 -1.32 -1.32 -1.32 -1.32 
-2.899975 -2.4 -2.1633573 -1.22 -0.99 -1.28 -1.49 -1.25 -2.29 -2.29 -1.12 -1.55 -1.91 -1.52 -0.26000377 -0.26 -1.12 -1.01 -1.49 -1.49 -2.2304597 -2.13 -2.13 -1.78 -1.94 -1.94 -2.31 -2.31 -0.5900507 -0.59093344 -0.76215674 -2.2 -2.2 -1.12 -1.12 -0.72214083 -0.33 -0.33 -0.93997886 0.40999812 0.41 0.41 0.40999997 -0.28000335 -0.28 -0.28 -0.28 -0.28000129 -2.44 -1.320222 -1.32 -1.32 -1.32 
-2.9 -1.91 -1.22 -2.21 -1.9900126 -1.57 -1.39 -1.91 -2.21 -2.11 -2.11 -2.03 -1.91 -1.91 -0.27132053 -1.2527251 -1.35 -0.79 -1.2200003 -1.49 -0.22914442 -0.14 -1.99 -1.53 -1.5300089 -2.22 -1.15 -1.1500004 -1.4569514 -1.46 -0.76 -0.59610195 -0.94 -1.12 -1.1057394 -1.05 -1.05 -0.94 -0.94 0.41 0.41 0.41 -0.87389487 -0.87999997 -0.28 -0.28 -0.28 -2.4399178 -2.44 -2.44 -1.32 -1.32 -1.32 
-1.8295908 -1.91 -2.44 -1.65 -1.26 -1.73 -2.05 -1.7 -2.49 -1.4453567 -2.04 -2.31 -2.31 -0.42 -0.41999709 -2.4768506 -2.48 -2.48 -0.85564018 -1.4999999 -1.19 -1.19 -1.28 -1.7102007 -2.1504662 -2.22 -1.99 -1.15 -0.70261495 -0.7 -0.5 -0.57 -0.72613359 -1.17 -0.62 -0.63 -0.48 -0.33 -0.51991227 0.41093739 0.62 -0.069999998 -0.87993975 -0.88 -0.87662288 -0.28 -1.3299999 -2.44 -2.44 -2.44 -2.44 -1.1942475 -1.46 
-1.38 -1.38 -1.8 -1.91 -0.86 -1.34 -0.85 -1.23 -1.09 -1.1799728 -1.47 -0.17 -0.42 -0.42 -0.11 -0.14250562 -2.48 -2.4796406 -0.87 -1.5 -1.5 -1.4600616 -1.28 -1.699992 -1.7 -1.7 -1.99 -0.14 -0.14 -0.7 -0.7 -0.57058795 -0.88 -1.17 -0.84 -0.63 -0.48 -1.53 -0.52 -0.32324139 -0.069999969 -0.23162933 -0.51 -0.88 -0.88 -1.33 -1.33 -1.33 -2.44 -2.44 -0.31 -0.31 -0.31000043 
-1.38 -1.38 -1.01 -1.38 -1.73 -0.62 -0.45000001 -1.0599169 -1.21 -1.1 -1.08 -0.78 -0.17081246 -0.11 -0.11 -0.11012344 -1.18 -1.1637297 -0.87 -0.99 -0.99 -1.14 -1.14 -1.7 -1.7 -1.7 -0.14 -0.14 -0.14 -1.3 -1.3 -1.2999993 -1.15 -1.15 -1.56 -0.65 0.12 -1.0799953 -0.64 -0.32 -0.32 -0.47000013 -0.51 -0.88 -0.37000042 -0.81 -0.23473744 -0.23 -0.12 -0.12 -0.31 -0.31 -0.31 
-1.38 -1.2203287 -1.1678922 -1.1199934 -0.9 -1.36 -0.45 -1.06 -1.2099987 -1.1012187 -0.78000042 -0.78 -0.34 -0.11 -0.11 -1.18 -1.18 -1.1799824 -0.87 -0.99 -1.0194569 -1.14 -1.14 -1.699976 -1.7 -1.1543255 -0.04 -0.04 -0.040000013 -1.3 -1.3 -0.06 -0.06 -1.1500011 -1.56 -0.42999993 0.01576957 -1.08 -1.08 -0.32 -0.47 -0.47 -0.46999928 -0.37 -0.37 -0.81 -0.23 -0.23 -0.12 -0.12 -0.31 -0.31 -0.31 
-0.67 -0.89469362 -0.8800181 -0.88173604 -0.90000258 -1.3599891 -0.45000003 -1.0524913 -1.1996635 -1.2071276 -0.34 -0.34 -0.34 -0.34 -0.11003258 -1.18 -1.18 -1.1759974 -0.87 -0.98959134 0.42 0.42 0.42 0.42 -1.6627401 -0.04 -0.04 -0.04 -0.04 -0.040574559 -0.06 -0.06 -0.06 -0.06 -0.43 -0.43 -0.43 -1.0480174 -1.0687342 0.42 0.42 -0.46995213 0.09998391 -0.36995473 -0.37 -0.81 -0.23 -0.23 -0.12 -0.12 -0.3093107 -0.31 0.018652577 
-0.67 -0.88 -0.88 -0.88 -0.88 -0.8800002 -0.45232937 -0.7386488 -1.1720865 -0.34093422 -0.34 -0.34 -0.34 -0.34 -0.34000011 -1.18 -1.18 -1.1587361 -0.87000014 0.42 0.42 0.42 0.42 0.42 0.42929344 0.38547167 0.53999988 0.54 0.54 0.54 -0.059999988 -0.06 -0.059999579 0.29 0.29 -0.43 -0.021679476 -0.01 0.41999975 0.42 0.42 0.42 0.1 0.1 0.1 0.093667229 0.56467446 0.57 0.57 0.57 0.56999999 -0.37999999 -0.38 
-0.66 -0.88 -0.88 -0.88 -0.88 -0.88 -0.87999998 -0.69860651 -0.49373387 -0.49 -0.49 -0.49 -0.49 -0.49 -0.49 -0.30393266 -1.1660073 -1.1375503 0.4198377 0.42 0.42 0.42 0.42 0.42000066 0.85 0.85 0.84999956 0.54 0.54 0.54052063 0.8 0.8 0.29 0.29 0.29 0.038057024 -0.01 -0.01 -0.01 0.42 0.42 0.42 0.1 0.1 0.1 0.1 0.56999999 0.57 0.57 0.57 0.57 -0.38 -0.38 
-0.66 -0.7419035 -0.88 -0.88 -0.88 -0.88 -0.9599843 -0.96 -0.95999999 -0.49 -0.49 -0.49 -0.49 -0.49 -0.44808467 -0.3 -0.3 -0.3 0.98826238 0.98999942 0.99 0.99 0.99 0.99 0.85 0.85 0.85 0.85 0.54 0.8 0.8 0.8 0.29000005 0.29 0.29 0.64 -0.0091393798 -0.01 -0.01 0.41999383 0.40803317 0.38011955 0.1 0.1 0.0003086059 1.1590788e-27 1.7099295e-23 0.56884809 -0.12755382 -0.12999994 -0.12999987 -0.21002571 -0.37999965 
-0.66 -0.73785125 -0.80915355 -0.88 -0.88 -0.95995273 -0.96 -0.96 -0.96 -0.95661305 -0.49 -0.49 -0.49 -0.48999998 -0.3 -0.3 -0.3 -0.3 0.98884767 0.99 0.99 0.99 0.99 0.99 0.85 0.85 0.85 0.85 0.84981813 0.8 0.8 0.8 0.73 0.29004622 0.64 0.64 0.64 0.64588761 0.3553362 0.38 0.38 0.38 0.05 0.05 3.0788896e-22 2.0129176e-80 -1.9497593e-50 -0.13 -0.13 -0.13 -0.13 -0.21 -0.21 
-0.73981554 -0.74 -0.74 -0.74 -1 -0.96000103 -0.96 -0.96 -0.96 -0.96 -0.50741306 -0.490003 -0.49000001 -0.3 -0.3 -0.3 -0.3 -0.3 -0.14836813 0.99 0.99 0.99 0.99 0.99 0.9835405 1.0799988 1.08 1.08 1.08 0.8 0.73 0.73 0.73 0.73 0.64 0.64001422 1.18 1.18 0.38998919 0.38 0.38 0.38 0.05 0.05 0.0077417216 1.3589798e-53 -6.0242199e-41 -0.13 -0.13 -0.13 -0.13085781 -0.21 -0.21 
-0.74 -0.74 -0.74 -0.86243788 -1 -1 -0.96 -0.96 -0.96 -0.96 -0.72 -0.72 -0.72 -0.3 -0.3 -0.3 -0.3 -0.3000314 0.5 0.5 0.9899998 0.99 1.0038771 1.56 1.5556788 1.08 1.08 1.08 1.08 0.73003564 0.73 0.73 0.73 0.73 1.1799981 1.18 1.18 1.18 1.1771719 0.38 0.38 0.38 0.05 0.05 0.05 1.4645389e-15 1.330096e-15 -0.12999998 -0.13 -0.13 -0.21 -0.21 -0.21 
-0.74 -0.74 -0.74 -1 -1 -1 -0.99999994 -0.96 -0.96 -0.72024775 -0.72 -0.72 -0.72 -0.71973832 -0.45379026 -0.49 -0.49 -0.49 0.5 0.5 0.5 1.56 1.56 1.56 1.5599664 1.2688288 1.08 1.08 1.08 0.90072165 0.92998033 0.93 0.93 0.93 1.0758634 0.93000057 0.93 0.93 0.93 1.1198987 1.12 1.12 0.05 0.05 1.0299959 1.03 0.99 0.99 0.57 0.57 0.57 -0.21 0.95895388 
-0.73999885 -0.74 -0.74000001 -1 -1 -1 -0.99999999 -0.19000022 -0.95692124 -0.7202539 -0.72 -0.72 -0.72 -0.71954868 -0.49 -0.49 -0.49 -0.48999972 0.5 0.5 0.5 1.56 1.56 1.56 1.44 1.44 1.12 1.12 1.12 1.1189635 0.93 0.93 0.93 0.93 0.93000001 0.93 0.93 0.93 0.93 1.12 1.12 1.12 1.1171683 1.03 1.03 1.03 0.99 0.99 0.57 0.57 0.57 0.95999999 0.96 
-0.37 -0.54005735 -0.46 -0.46015666 -1 -0.19468663 -0.19 -0.19 -0.29202602 -0.99999999 -1 -1 -1 -0.66001107 -0.66 -0.49000013 -0.49 -0.46391496 0.5 0.5 0.5 1.21 1.21 1.21 1.44 1.44 1.12 1.12 1.12 1.1200002 1.3499973 1.3499988 0.94055607 0.93045027 1.0099098 1.01 1.01 1.01 1.01 1.12 1.12 1.12 1.0349556 1.03 1.03 1.03 0.99 0.99 0.98998488 0.57 0.5700313 1.27 0.96 
-0.46998101 -0.47 -0.46 -0.46 -0.46 -0.19 -0.19 -0.19 -0.47 -0.47 -1 -1 -1 -0.66 -0.66 -0.66 -0.66 -0.65987063 0.5 0.5 0.50000003 1.21 1.21 1.21 1.44 1.44 1.12 1.12 1.12 1.3474067 1.35 1.35 1.35 1.35 1.0101678 1.01 1.01 1.01 1.01 0.94000005 0.94 0.94 0.94 1.0299994 0.95 0.95 0.95 1.36 1.36 1.36 1.27 1.27 1.27 
-0.47 -0.47 -0.46 -0.46 -0.46 -0.19141917 -0.19 -0.47 -0.47 -0.47 -0.99993476 -1 -0.49338267 -0.65999994 -0.66 -0.66 -0.66 -0.56 -0.56 -0.56 -0.48999996 -0.48999874 1.2099917 1.21 1.209199 -0.25 -0.25 -0.24999673 1.1197786 1.4799741 1.4799993 1.4799773 1.3502222 1.3501122 1.0706417 1.0100002 1.0116756 1.51 1.51 0.94 0.94 0.94 0.94 0.95 0.95 0.95 0.95 1.36 1.36 1.36 1.27 1.27 1.27 
-0.47 -0.47 -0.46 -0.46 -0.46 -0.46 -0.29479582 -0.47 -0.47 -0.47 -0.46995029 -0.38 -0.38 -0.38 -0.6583499 -0.66 -0.56066638 -0.56 -0.56 -0.56 -0.49 -0.49 -0.49 -0.49 -0.25 -0.25 -0.25 -0.25 -0.25 1.48 1.48 1.48 1.48 1.4800011 2.02 1.51 1.51 1.51 1.51 1.5099976 0.83 0.83 0.83 0.96341793 1.24 1.24 1.24 1.36 1.3599999 1.25 1.25 1.1800219 1.18 
-0.47 -0.47 -0.4636093 -0.46 -0.46 -0.45999998 0.34854489 -0.46741581 -0.47 -0.47 -0.3799999 -0.38 -0.38 -0.38 -0.38 -0.40297747 -0.56 -0.56 -0.56 -0.56 -0.49000054 -0.49 -0.49 -0.49 -0.25 -0.25 -0.25 -0.25 -0.25 1.1474696 1.48 1.48 1.48 2.02 2.02 2.019604 1.51 1.51 1.7632503 1.96 0.83 0.83 0.83 0.96281955 1.24 1.24 1.24 1.15 1.248754 1.25 1.25 1.18 1.18 
0.05 0.05 0.05 -0.33212898 -0.4591712 0.35 0.35 0.35 0.35 0.090000002 0.09 -0.37999997 -0.38 -0.38 -0.38 -0.38001138 -0.56 -0.56 -0.56 -0.56 -0.52054573 -0.49 -0.49 -0.4839808 -0.25955472 -0.25 -0.25 -0.25 1.03 1.03 1.03 1.0300019 2.02 2.02 2.02 2.02 1.96 1.96 1.96 1.96 1.24 1.24 1.24 1.5499938 1.55 1.55 1.5499999 1.15 1.15 1.2498782 1.25 1.1799982 1.18 
0.05 0.05 0.05 0.050002693 0.1 0.13635411 0.35 0.35 0.35 0.09 0.09 0.09 0.40999997 0.41 0.41 0.40999998 -0.55886427 -0.56 -0.56 -0.56 -0.55892599 -0.26000063 -0.26 -0.26 -0.26 -0.26000001 -0.64 -0.64 1.03 1.03 1.03 1.03 2.0200001 2.02 2.02 2.0200147 1.96 1.96 1.96 1.9607896 1.24 1.24 1.24 1.5499856 1.55 1.55 1.55 1.15 1.15 1.15 0.83 0.83 1.25 
0.05 0.05 0.05 0.099999885 0.1 0.1 0.34999991 0.35 0.35 0.09 0.09 0.09 0.41 0.41 0.41 0.38334416 0.06 0.06 0.059998398 -0.55649808 -0.26 -0.26 -0.26 -0.26 -0.26 -0.26028597 -0.64 -0.64 -0.64 1.03 1.03 1.0304055 2.2 2.2 2.2 2.01 2.01 2.14 2.14 2.14 1.8 1.2401757 1.2400022 1.53 1.53 1.530758 1.5499993 1.15 1.15 0.83 0.83 0.83 1.25 
0.05 0.05 0.05 0.1 0.1 0.1 0.1 0.35 0.35 0.09 0.09 0.39720462 0.41 0.41 0.41 0.06 0.06 0.06 0.06 0.06 -0.26 -0.26 -0.26 -0.26 -0.26 -0.6399987 -0.64 -0.64 -0.64 1.66 1.66 1.66 2.2 2.2 2.2 2.01 2.01 2.14 2.14 1.8 1.8 1.8 1.53 1.53 1.53 1.53 1.5053558 1.23 1.23 1.23 0.83000001 1.16 1.16 
0.05 0.05 0.050069627 0.1 0.1 0.1 0.1 -0.090402354 -0.1 -0.099673796 0.090000008 0.40998911 0.41 0.41 0.40999879 0.06 0.06 0.06 0.06 0.06 0.18115534 -0.26 -0.26 -0.26 -0.25981463 -0.63992798 -0.64 -0.64 -0.64 1.66 1.66 1.66 1.6600777 2.2 2.01 2.01 2.01 2.0100051 2.1399768 1.8 1.8 1.8 1.5300164 1.53 1.53 1.53 1.2299996 1.23 1.23 1.23 1.16 1.16 1.16 
0.06 0.059999983 0.099972291 0.1 0.1 0.1 -0.099957442 -0.1 -0.1 -0.1 0.27999999 0.28 0.28 0.28 0.061015405 0.06 0.06 0.06 0.06 0.19999992 0.2 0.2 0.63999985 0.64 0.64 0.64 0.52951954 -0.64 1.629907 1.63 1.63 1.63 1.63 1.67 1.67 1.67 1.67 1.67 1.74 1.74 1.74 1.74 1.74 1.1905125 1.19 1.19 1.19 1.23 1.23 1.23 1.160011 1.16 1.16 
0.06 0.06 0.065190952 0.67999883 0.67999987 0.67923923 -0.1 -0.1 -0.1 -0.1 0.28 0.28 0.28 0.28 0.28 0.06 0.06 0.06 0.19999996 0.2 0.2 0.2 0.64 0.64 0.64 0.64 0.64 0.63973015 1.6299421 1.63 1.63 1.63 1.6299767 1.4148943 1.6697358 1.67 1.67 1.67 1.74 1.74 1.74 1.74 1.74 1.19 1.19 1.19 1.19 1.2087048 1.23 1.2003347 1.2 1.42 1.42 
0.06 0.06 0.67992147 0.68 0.68 0.68 0.48188329 -0.1 -0.1 -0.1 0.28 0.28 0.28 0.28 0.28 0.060171004 0.06 0.19995895 0.2 0.2 0.2 0.2 0.47699915 0.64 0.64 0.64 0.64 0.64059469 1.48 1.48 1.48 1.48 1.48 1.22 1.22 1.22 1.22 1.22 1.23 1.23 1.23 1.23 1.23 1.1907081 1.1900001 1.19 1.1900492 1.1959164 1.2 1.2 1.2 1.4199988 1.42 
0.060000958 0.56986209 0.67999999 0.68 0.68 0.68 0.68 -0.099667884 -0.1 -0.1 0.28 0.28 0.28 0.28 0.46577984 0.47 0.47 0.20000695 0.2 0.2 0.2 0.2 0.2000001 0.64 0.64 0.64 0.64 0.89000055 0.89000027 1.0155663 1.48 1.48 1.48 1.22 1.22 1.22 1.22 1.2200203 1.23 1.23 1.23 1.23 1.2300352 1.48 1.48 1.48 1.48 1.4799774 1.2 1.2 1.2 1.1999996 0.62192922 
0.58 0.58 0.5999617 0.68 0.68 0.68 0.68 0.68 -0.099666931 0.099999997 0.1 0.1 0.10042718 0.46999973 0.47 0.47 0.47 0.47 0.20000336 0.2287203 0.48 0.48 0.48 0.51845817 0.59838109 0.37568616 0.18821533 0.89 0.89 0.89 0.89 0.89 0.91185522 1.2465207 1.25 1.25 1.25 1.25 1.3164127 1.6899992 1.69 1.69 1.69 1.4300001 1.48 1.48 1.48 1.33 1.2000021 1.2 1.2 0.61 0.61 
0.58 0.58 0.59 0.59 0.59 0.67997002 0.68 0.68 0.1 0.1 0.1 0.1 0.1 0.46999998 0.47 0.47 0.47 0.47 0.48 0.48 0.48 0.48 0.48 0.12000002 0.12 0.12 0.12 0.89 0.89 0.89 0.89 0.89 0.94 0.94 1.25 1.25 1.25 1.7599131 1.76 1.69 1.69 1.69 1.69 1.43 1.43 1.43 1.33 1.33 1.33 1.06 1.06 0.61 0.61 
0.58 0.58 0.59 0.59 0.59 0.59 0.5899978 0.19 0.10008474 0.1 0.1 0.1 0.1 0.46538459 0.47 0.47 0.47 0.47 0.48 0.48 0.48 0.48 0.48 0.12 0.12 0.12 0.12 0.12000312 0.89 0.89 0.89 0.93999738 0.94 0.94 0.94 1.25 1.76 1.76 1.76 1.7581582 1.6309894 1.62 1.62 1.43 1.43 1.43 1.33 1.33 1.33 1.06 1.06 1.06 0.66434298 
0.67 0.66999929 0.59 0.59 0.59 0.59 0.19 0.19 0.19 0.1 0.1 0.1 0.1 0.10011502 0.47 0.47 0.47 0.47 0.47999992 0.48 0.48 0.48 0.18342686 0.12 0.12 0.12 0.12 0.16999996 0.17 0.17000001 0.88227433 0.94 0.94 0.94 0.94000029 1.24 1.76 1.76 1.76 1.76 1.62 1.62 1.62 1.19 1.19 1.19 1.4399893 1.33 1.33 1.06 1.06 1.06 0.67000045 
0.67 0.67 0.59 0.59 0.59 0.19 0.19 0.19 0.19 0.10985412 0.099999999 0.1 0.099999999 0.099999872 -0.049940157 -0.05 -0.05 -0.05 0.52643101 0.72 0.72 0.72 0.72 0.12 0.12 0.12 0.1200033 0.17 0.17 0.17 0.17 0.93996795 1.1087413 1.24 1.24 1.24 1.7598116 1.710001 1.71 1.71 1.619765 1.32 1.32 1.19 1.19 1.1900011 1.44 1.44 1.03 1.03 1.03 1.17 0.83 
0.67 0.67 0.82 0.82 0.82 0.19 0.19 0.19 0.19 -0.28 -0.28 -0.28 -0.28 -0.26379136 -0.05 -0.05 -0.05 -0.05 0.52 0.72 0.72 0.72 0.72 0.25 0.24999995 0.12000019 0.17 0.17 0.17 0.17 0.39276111 0.61 1.1650386 1.24 1.24 1.24 1.71 1.71 1.71 1.71 1.32 1.32 1.32 1.6199054 1.62 1.4408091 1.44 1.44 1.0300014 1.03 1.17 1.17 0.83 
0.67 0.82 0.82 0.82 0.82 0.82 0.18782639 -0.09 -0.09 -0.28 -0.28 -0.28 -0.28 -0.27994553 -0.05 -0.05 -0.05 -0.024245592 0.52 0.52 0.72 0.72 0.25 0.25 0.25 0.25 0.17 0.17 0.17 0.17 0.61 0.61 0.61 1.2393625 1.24 1.24 1.71 1.71 1.71 1.71 1.32 1.32 1.32 1.62 1.62 1.6200153 1.89 1.89 1.3 1.3 1.17 1.17 0.83 
0.81859131 0.82 0.82 0.82 0.82 0.82 -0.09 -0.09 -0.09 -0.19169594 -0.28 -0.28 -0.28 -0.27998828 -0.05 -0.05 -0.05 0.52 0.52 0.52 0.71999001 0.71999713 0.25 0.25 0.25 0.25 0.17000569 0.17 0.17 0.60989881 0.61 0.61 0.61 0.61 1.2383677 1.16 1.16 1.1695187 1.71 1.71 1.3200003 1.32 1.6112774 1.62 1.62 1.8899999 1.89 1.89 1.3 1.3 0.81 0.81 0.84 
0.82 0.82 0.82 0.82 0.82 0.82 -0.09 -0.09 -0.09 -0.090000001 0.27998387 0.28 0.28 0.28 -0.04999899 0.10384238 0.19 0.19 0.51939165 0.52 0.52000004 0.25000068 0.25 0.25 0.25 0.25 0.24994184 0.17 0.17001504 0.61 0.61 0.61 0.61 0.61 1.16 1.16 1.16 1.16 1.16 1.1600037 1.88 1.88 1.8799999 1.72 1.72 1.72 1.63 1.63 1.29 1.29 0.81 0.81000007 0.84 
0.82 0.82 0.82 0.82 0.82 0.82 -0.09 -0.09 -0.09 0.28 0.28 0.28 0.28 0.28 0.25627621 0.19 0.19 0.19 0.19 0.19 0.20575641 0.25 0.25 0.25 0.25 0.25251208 0.32987464 0.19178754 0.60783015 0.61 0.61 0.61 0.61 0.6100012 1.16 1.16 1.16 1.16 1.16 1.4949423 1.88 1.88 1.88 1.72 1.72 1.72 1.63 1.63 1.29 1.29 0.87000001 0.84165493 0.84 
0.82 0.82 0.82 0.82 0.82 0.81999973 -0.08999979 -0.09 -0.074642938 0.28 0.28 0.28 0.28 0.28 0.27568305 0.19 0.19 0.19 0.19 0.19 0.19 0.31732954 0.32999989 0.33 0.33 0.33 0.33 0.33 0.97071859 0.97999562 0.97999999 0.98 0.98 0.98000013 1.16 1.16 1.16 1.16 1.16 1.8799999 1.88 1.88 1.88 1.8799999 1.7194709 1.39 1.63 1.0207259 1.2897547 0.87 0.87 0.87706746 1.21 
0.82 0.82 0.82 0.82 0.82 0.81994187 -0.089950919 -0.089977613 0.27999953 0.28 0.28 0.28 0.28 0.28 0.27828749 0.19 0.19 0.19 0.19 0.19 0.19 0.33 0.33 0.33 0.33 0.33 0.33 0.33 0.97982057 0.98 0.98 0.98 0.98 0.98 1.02932 1.16 1.16 1.16 1.16 1.88 1.88 1.88 1.88 1.8798745 1.39 1.39 1.3876183 1.01 1.01 0.87 0.87 1.21 1.21 
0.82 0.82 0.82 0.82 0.81999999 0.81878639 -0.088909376 0.23824792 0.28 0.28 0.28 0.28 0.28 0.28 0.2784244 0.19 0.19 0.19 0.19 0.19 0.20993346 0.33 0.33 0.33 0.33 0.33 0.33 0.33 0.97999739 0.98 0.98 0.98 0.98 0.98 0.98 1.1461133 1.1245387 1.1127394 1.1109532 1.8517174 1.88 1.88 1.88 1.3900391 1.39 1.3874332 0.96000024 1.01 1.01 0.68993239 0.69 0.69 1.2099998 
0.82 0.82 0.82 0.82 0.81999908 0.81241112 -0.051635454 0.27989826 0.28 0.28 0.28 0.28 0.28 0.28 0.27789836 0.19 0.19 0.19 0.19 0.19 0.3299994 0.33 0.33 0.33 0.33 0.33 0.33 0.33 0.97999982 0.98 0.98 0.98 0.98 0.98 0.98000003 1.11 1.11 1.11 1.11 1.44 1.44 1.44 1.44 0.96000125 0.96 0.96 0.96 0.95999369 0.38 0.38 0.69 0.69 0.33302962 
0.82 0.82 0.82 0.81999993 0.81997459 0.79546288 0.25618355 0.27999517 0.28 0.28 0.28 0.28 0.28 0.28 0.27694484 0.19000004 0.19 0.19 0.19 0.1908426 0.33 0.33 0.33 0.33 0.33 0.33 0.33 0.33 0.97999985 0.98 0.98 0.98 0.98 0.98 1.1099999 1.11 1.11 1.11 1.11 1.44 1.44 1.44 1.44 1.3104501 0.96 0.96 0.96 0.38000649 0.38 0.38 0.17 0.17 0.17 
0.82 0.82 0.81999996 0.81999794 0.81975182 0.74479447 0.27880927 0.27999879 0.28 0.28 0.28 0.28 0.28 0.27999999 0.2756532 0.19000212 0.19 0.19 0.19000016 0.32716338 0.33 0.33 0.33 0.33 0.33 0.33 0.33 0.33 0.97999939 0.98 0.98 0.98 0.98 0.51881398 1.1099998 1.11 1.11 1.11 1.11 1.44 1.44 1.44 1.44 1.44 0.96 0.96 0.96 0.38000001 0.38 0.38 0.17 0.17 0.17 
0.81999999 0.81999994 0.81999914 0.81997569 0.81860755 0.4892145 0.27981461 0.27999926 0.28 0.28 0.28 0.28 0.28 0.27999983 0.27411753 0.19003287 0.19 0.19 0.19072485 0.3299881 0.33 0.33 0.33 0.33 0.33 0.33 0.33 0.33000038 0.97999593 0.98 0.97999955 0.40538467 0.35 0.35 0.35 1.11 1.11 1.11 1.11 1.44 1.44 1.44 1.44 1.44 0.96000851 0.96 0.95999972 0.38000004 0.38 0.37999989 0.17 0.17 0.17 
