interpolatedSpi/01-06|19_3.tif
NCOLS 53
NROWS 52
XLLCORNER -116.03883
YLLCORNER 28.596182
DX 0.49850594
DY 0.49788537
NODATA_VALUE -9999
[rows 0 to 31 of 52, columns 0 to 52 of 53]
0.065 0.065 -0.063636749 -0.145 -0.37 -0.295 -0.48666667 -0.7 -1.0605053 -0.945 -0.74333333 -0.70833333 -0.83829449 -0.36666667 -0.72833333 -0.72833333 -0.72833333 0.005 -0.27333333 -0.27333333 -0.27333333 -0.27334319 -1.2966667 -0.66666667 -0.66666667 -0.66666667 -0.98165949 -0.98166667 -0.98166667 -1.4616667 -1.4616667 -1.4616667 -1.4616667 -2.0699999 -2.07 -2.07 -2.07 -2.07 -2.07 -2.07 -0.56454813 -0.54861688 -1.6616667 -1.6616667 -1.6616667 -1.6616667 -1.6622002 -1.9883333 -1.9883333 -1.9883333 -1.4466678 -1.4466667 -1.4466667
0.064965714 -0.70666667 -0.13833296 -0.16346003 -0.32021581 0.18166667 0.51833333 -0.35850398 -1.0483333 -0.99 -0.57333333 -0.83833333 -0.83833333 0.013727344 -0.36666525 -0.72833333 0.005 0.005 -0.27297042 -0.27333333 -0.27333333 -0.27333333 -0.68219461 -0.66666667 -0.66666667 -0.66666667 -0.49333335 -0.49333333 -1.4616667 -1.4616667 -1.4616667 -1.4616667 -1.4616667 -2.0699999 -2.07 -2.07 -2.07 -2.07 -2.0699998 -1.7842498 -0.43003414 -1.5122134 -1.6616667 -1.6616667 -1.6616667 -1.6616667 -1.6616667 -1.9883333 -1.9883333 -1.9883333 -1.9434178 -1.4466667 -1.4466667
0.0049898557 0.005 0.18166667 0.28333333 -0.565 -1.0166667 -0.66666667 -0.63833333 -1.1566667 -0.99 -0.37166667 -1.1783333 -0.53833333 -0.175 0.015 -1.2533333 0.005 0.005 0.005 -0.32998353 -0.33 -0.33 -0.96166667 -0.66666667 -0.66666667 -0.66666667 -0.49333333 -0.49333333 -0.49333333 -1.4616667 -1.4616667 -1.4616667 -1.4969693 -2.0651195 -2.0494296 0.11974873 0.14 0.14 0.068309022 -0.43 -0.43 -0.43157499 -1.6616667 -1.6616667 -1.6616667 -1.6616667 -1.6616667 -1.9883333 -1.9883333 -1.9883333 -1.9883333 -1.4466667 -1.4466667
-0.075 0.0049998685 -0.64675679 0.11666667 -0.635 -0.78333333 -0.615 -1.19 -0.80666667 -0.076155566 -0.99833333 -1.235 -1.385 -0.175 -0.86666667 -1.2533333 -0.87624069 -0.87271792 -1.4183333 -0.33 -0.33 -0.96333333 -0.96166667 -0.96166667 -0.66666667 -0.6666658 -0.49333333 -0.49333333 -0.49333333 -1.305 -1.4311959 -1.535 -1.535 -1.5349987 0.14 0.14 0.14 0.14 -0.43 -0.43 -0.43 -0.43000005 -1.6616667 -1.6616667 -1.6616667 -1.6616667 -1.6616667 -1.9883292 -1.9883333 -1.9883333 -1.9883333 -1.4466437 -1.4466667
-0.075 -0.74833315 -0.64666667 -0.84550093 -0.635 -0.885 -1.1082952 -1.1866667 -1.1 -1.3816666 -1.2185322 -1.1399795 -0.99666667 -0.86666667 -0.86666667 -1.1194143 -0.87333333 -0.87333333 -1.4183333 -1.4183333 -0.33000133 -0.96333333 -1.4983333 -1.3683333 -1.1516667 -1.1517234 -0.49333333 -0.49333333 -1.305 -1.305 -1.535 -1.535 -1.535 -1.5475715 0.14 0.14 0.14 -0.43 -0.43 -0.43 -0.43 -0.42998874 -1.6616666 -1.6616667 -1.6616667 -1.6616667 -1.6616667 -1.6645744 -1.9883333 -1.9882775 -0.74333333 -0.74333333 -0.74333333
-1.9366667 -0.92166667 -0.12833333 -0.60333333 -0.37833333 -0.45666667 -1.0883333 -1.1009228 -1.3116667 -1.0483333 -1.2266667 -1.09 -1.0899999 -1.7533333 -1.7533333 -1.1399054 -1.14 -1.05 -1.05 -1.418333 -1.5933333 -1.5933333 -1.3683333 -1.1516667 -1.1516667 -1.395 -1.64 -1.64 -0.89003809 -1.305 -1.535 -1.535 -1.6016667 -1.6016329 -1.2783564 -1.0733333 -1.0733333 -0.62902985 -0.43 -0.43 -0.31347884 -0.31333333 -0.31333255 -0.13084219 -0.10350556 -0.10333375 -0.10333339 -0.10333393 -1.242897 -0.74333333 -0.74333333 -0.74333333 -0.74333333
-1.6666686 -1.0016667 -1.012582 -0.35333333 0.085 -1.0233333 -1.2616667 -1.35 -1.3833333 -1.3833333 -1.2266667 -1.1216667 -1.4199998 -1.7533333 -0.74833634 -0.74833333 -1.14 -0.87333333 -1.09 -1.09 -1.5964751 -1.6 -1.6 -1.3316667 -1.395 -1.395 -1.64 -1.64 -0.89001758 -0.89032366 -0.62840941 -1.6016667 -1.6016667 -1.2783333 -1.2783333 -1.1967851 -1.0733333 -1.0733333 -1.2016622 -0.31333457 -0.31333333 -0.31333333 -0.31332937 -0.103335 -0.10333333 -0.10333333 -0.10333333 -0.10333405 -1.3033333 -0.74344431 -0.74333333 -0.74333333 -0.74333333
-1.6666667 -2 -0.72333333 -1.4633333 -1.0833551 -1.43 -1.2033333 -1.2483333 -1.3716667 -0.76833333 -0.76833333 -0.80166667 -1.42 -1.42 -0.75294159 -0.79842497 -0.80333333 -0.41 -1.1599999 -1.09 -0.41534235 -0.36666667 -1.2966667 -1.1883333 -1.1883351 -1.3233333 -0.63166667 -0.63166702 -1.1906096 -1.1916667 -0.62666667 -0.71676612 -1.075 -1.2783333 -1.2683985 -1.3 -1.3 -1.2016667 -1.2016667 -0.31333333 -0.31333333 -0.31333333 -0.40154068 -0.40166665 -0.10333333 -0.10333333 -0.10333333 -1.3032877 -1.3033333 -1.3033333 -0.74333333 -0.74333333 -0.74333333
-1.8702832 -2 -1.2416667 -0.54666667 -0.76833333 -1.2916667 -1.2 -0.93666667 -1.2116667 -0.64814409 -0.60833333 -0.67333333 -0.67333333 -0.048333333 -0.048329368 -1.2038805 -1.205 -1.205 -0.52448866 -0.36666679 -0.94 -0.93999999 -0.87166667 -1.1291812 -1.3097289 -1.3233333 -0.985 -0.63166667 -0.7095448 -0.71 -0.61666667 -0.52333333 -0.6072775 -1.2416667 -0.93 -0.99166667 -0.97 -1.0966667 -0.58690216 -0.31186773 0.015 -0.395 -0.40166748 -0.40166667 -0.39998749 -0.10333333 -1.0749999 -1.3033333 -1.3033333 -1.3033333 -1.3033333 -0.64476494 -0.31666667
-1.145 -1.145 -1.2983333 -1.015 -0.63333333 -1.1933333 -0.71666667 -0.95166667 -0.17666667 -0.50496336 -0.36833333 -0.47333333 -0.048333333 -0.048333333 0.37333333 0.35168578 -1.205 -1.2047508 -0.13833333 -0.36666667 -0.36666667 -0.44053122 -0.87166667 -1.1033289 -1.1033333 -1.1033333 -0.985 -0.185 -0.185 -0.71 -0.71 -0.52364944 -0.69 -1.2416667 -0.865 -0.99166667 -0.97 -1.5966667 -0.58666667 0.34629702 -0.39499998 -0.39928563 -0.40666667 -0.40166667 -0.40166667 -1.075 -1.075 -1.075 -1.3033333 -1.3033333 0.048333333 0.048333333 0.048333197
-1.145 -1.145 -1.2833333 -1.8066667 -1.0616667 -0.435 -0.60166666 -0.63683631 -0.93 -0.75 -0.33833333 -0.69833333 -0.47363225 0.37333333 0.37333333 0.37330661 0.14166667 0.12697095 -0.13833333 -0.013333333 -0.013333333 0.22833333 0.22833333 -1.1033333 -1.1033333 -1.1033333 -0.185 -0.185 -0.185 -1.295 -1.295 -1.294999 -0.835 -0.835 -1.61 -0.91666667 -0.12666667 -0.93166477 -0.93166667 0.36166667 0.36166667 -0.48333308 -0.40666667 -0.40166667 -0.20500032 -0.58666667 -0.071009324 -0.066666669 0.315 0.315 0.048333333 0.048333333 0.048333333
-1.145 -1.2049007 -1.5066583 -1.6666545 -0.65333333 -0.87333333 -0.60166667 -0.63666667 -0.92999755 -0.75199418 -0.6983334 -0.69833333 0.235 0.37333333 0.37333333 0.14166667 0.14166667 0.14165073 -0.13833333 -0.013333333 0.034125084 0.22833333 0.22833333 -1.1032793 -1.1033333 -0.80803359 -0.205 -0.205 -0.205 -1.295 -1.295 -0.26833333 -0.26833333 -0.83500212 -1.61 0.04333297 -0.21993903 -0.93166667 -0.93166667 0.36166664 -0.48333333 -0.48333333 -0.48333131 -0.205 -0.205 -0.58666667 -0.066666667 -0.066666667 0.315 0.315 0.048333333 0.048333333 0.048333333
-0.675 -0.44238337 -0.36338644 -0.37276389 -0.65333458 -0.87332814 -0.60166667 -0.63623584 -0.90978633 -0.92529972 0.235 0.235 0.235 0.235 0.37331374 0.14166667 0.14166667 0.13805142 -0.13833333 -0.013129196 0.695 0.695 0.695 0.695 -1.0721582 -0.205 -0.205 -0.205 -0.205 -0.20555238 -0.26833333 -0.26833333 -0.26833333 -0.26833333 0.043333332 0.043333333 0.043333333 -0.88439476 -0.92037582 0.57166667 0.57166667 -0.48327659 0.29664949 -0.20495168 -0.205 -0.58666667 -0.066666667 -0.066666667 0.315 0.315 0.049300771 0.048333333 0.025668866
-0.675 -0.36333333 -0.36333333 -0.36333333 -0.36333333 -0.36333355 -0.60236203 -0.61826544 -0.85585812 0.23374993 0.235 0.235 0.235 0.235 0.2350003 0.14166667 0.14166662 0.12246058 -0.13832673 0.695 0.695 0.695 0.695 0.695 0.69060105 0.038609091 0.096666604 0.096666667 0.096666667 0.096666667 -0.26833332 -0.26833333 -0.26833272 0.24333333 0.24333333 0.043333333 0.46785705 0.48 0.57166661 0.57166667 0.57166667 0.57166667 0.29666667 0.29666667 0.29666667 0.29051947 0.33559026 0.33833333 0.33833333 0.33833333 0.33833333 0.71666653 0.71666667
0.63666666 -0.36333333 -0.36333333 -0.36333333 -0.36333333 -0.36333333 -0.36333335 -0.35260955 0.63538045 0.64333333 0.64333333 0.64333333 0.64333333 0.64333333 0.64333333 0.70368999 0.15058159 0.10332547 0.69489532 0.695 0.695 0.695 0.695 0.69500023 0.49166667 0.49166667 0.49166611 0.096666667 0.096666667 0.097597802 0.56166667 0.56166667 0.24333333 0.24333333 0.24333333 0.44208878 0.48 0.48 0.48 0.57166667 0.57166667 0.57166667 0.29666667 0.29666667 0.29666667 0.29666667 0.33833334 0.33833333 0.33833333 0.33833333 0.33833333 0.71666667 0.71666667
0.63666667 0.26437803 -0.36333333 -0.36333333 -0.36333333 -0.36333333 0.29153811 0.29166667 0.29166668 0.64333333 0.64333333 0.64333333 0.64333333 0.64333333 0.65693743 0.705 0.705 0.705 0.89106755 0.89166647 0.89166667 0.89166667 0.89166667 0.89166667 0.49166667 0.49166667 0.49166667 0.49166667 0.096666667 0.56166667 0.56166667 0.56166667 0.24333336 0.24333333 0.24333333 0.93 0.48059581 0.48 0.48 0.57169209 0.62252569 0.74115857 0.29666667 0.29666667 0.58909476 0.59 0.59 0.33912523 0.81831679 0.81999996 0.81999991 1.2715825 0.7166678
0.63666667 0.24903182 -0.058862302 -0.36333333 -0.36333333 0.29127966 0.29166667 0.29166667 0.29166667 0.29420088 0.64333333 0.64333333 0.64333333 0.64333334 0.705 0.705 0.705 0.705 0.89149992 0.89166667 0.89166667 0.89166667 0.89166667 0.89166667 0.49166668 0.49166667 0.49166667 0.49166667 0.49192128 0.56166667 0.56166667 0.56166667 0.96166666 0.24342052 0.93 0.93 0.93 0.93163371 0.72511248 0.74166667 0.74166667 0.74166667 0.83166667 0.83166667 0.59 0.59 0.59 0.82 0.82 0.82 0.82 1.2716667 1.2716667
0.2388548 0.23833333 0.23833333 0.23833333 0.12666667 0.29166241 0.29166667 0.29166667 0.29166667 0.29166667 0.64484736 0.64333359 0.64333333 0.705 0.705 0.705 0.705 0.705 0.6899633 0.89166667 0.89166667 0.89166667 0.89166667 0.89166667 0.90045121 1.2199961 1.22 1.22 1.22 0.56166669 0.96166666 0.96166667 0.96166667 0.96166667 0.93 0.93000399 1.0816667 1.0816667 0.74591207 0.74166667 0.74166667 0.74166667 0.83166667 0.83166667 0.62741832 0.59 0.59 0.82 0.82 0.82 0.82484304 1.2716667 1.2716667
0.23833333 0.23833333 0.23833333 0.18574783 0.12666667 0.12666667 0.29166667 0.29166667 0.29166667 0.29166667 0.66333333 0.66333333 0.66333333 0.705 0.705 0.705 0.705 0.70494216 0.235 0.235 0.8916664 0.89166667 0.89048995 0.84333333 0.8467243 1.22 1.22 1.22 1.22 0.96169297 0.96166667 0.96166667 0.96166667 0.96166667 1.0816661 1.0816667 1.0816667 1.0816667 1.0804888 0.74166667 0.74166667 0.74166667 0.83166667 0.83166667 0.83166667 0.59 0.59 0.82 0.82 0.82 1.2716667 1.2716667 1.2716667
0.23833333 0.23833333 0.23833333 0.12666667 0.12666667 0.12666667 0.12666692 0.29166667 0.29166667 0.66294967 0.66333333 0.66333333 0.66333333 0.66335929 0.42170216 0.355 0.355 0.355 0.235 0.235 0.235 0.84333333 0.84333333 0.84333333 0.84336415 1.0801269 1.22 1.22 1.22 1.134328 1.1666465 1.1666667 1.1666667 1.1666667 1.2111917 1.3933326 1.3933333 1.3933333 1.3933333 1.7465292 1.7466667 1.7466667 0.83166667 0.83166667 1.5633303 1.5633332 1.2833333 1.2833333 1.3216667 1.3216667 1.3216667 1.2716667 1.2250417
0.23833606 0.23833333 0.23833333 0.12666667 0.12666667 0.12666667 0.12666667 0.80833318 0.2937325 0.6632487 0.66333333 0.66333333 0.66333333 0.6627283 0.355 0.355 0.355 0.35499997 0.235 0.235 0.235 0.84333333 0.84333333 0.84333333 0.95333333 0.95333333 1.1733333 1.1733333 1.1733333 1.173297 1.1666667 1.1666667 1.1666667 1.1666667 1.2799378 1.3933333 1.3933333 1.3933333 1.3933333 1.7466667 1.7466667 1.7466667 1.7408983 1.5633333 1.5633333 1.5633333 1.2833333 1.2833333 1.3216667 1.3216667 1.3216667 1.225 1.225
1.1166667 0.7095992 0.72833333 0.72815878 0.12666667 0.80438923 0.80833333 0.80833333 0.83262524 0.57000001 0.57 0.57 0.57 0.5166684 0.51666667 0.35500012 0.355 0.35183818 0.235 0.235 0.235 0.58666667 0.58666667 0.58666667 0.95333333 0.95333333 1.1733333 1.1733333 1.1733333 1.1733333 1.1883332 1.1883333 1.1672112 1.1666899 1.4563355 1.4566667 1.4566667 1.4566667 1.4566667 1.7466667 1.7466667 1.7466667 1.5734279 1.5633333 1.5633333 1.5633332 1.2833333 1.2833333 1.2833347 1.3216667 1.3216495 0.93666667 1.225
0.89170939 0.89166664 0.72833333 0.72833333 0.72833333 0.80833333 0.80833333 0.80833333 0.875 0.875 0.57 0.57 0.57 0.51666667 0.51666667 0.51666667 0.51666667 0.51663479 0.235 0.235 0.23500001 0.58666667 0.58666667 0.58666667 0.95333333 0.95333333 1.1733333 1.1733333 1.1733333 1.1881642 1.1883333 1.1883333 1.1883333 1.1883333 1.4565343 1.4566667 1.4566667 1.4566667 1.4566667 1.2900001 1.29 1.29 1.29 1.5633286 0.95166667 0.95166667 0.95166667 1.0783333 1.0783333 1.0783333 0.93666667 0.93666667 0.93666667
0.89166667 0.89166667 0.72833333 0.72833333 0.72833333 0.80791284 0.80833333 0.875 0.875 0.875 0.57003755 0.57 0.74976744 0.51666673 0.51666667 0.51666667 0.51666667 0.60833333 0.60833333 0.60833333 0.43333334 0.43333345 0.58666592 0.58666667 0.58688325 0.77833333 0.77833333 0.77833427 1.1732695 1.3982915 1.3983322 1.3982967 1.1886922 1.1885146 1.4090113 1.4566665 1.4550022 0.96 0.96 1.29 1.29 1.29 1.29 0.95166667 0.95166667 0.95166667 0.95166667 1.0783333 1.0783333 1.0783333 0.93666667 0.93666667 0.93666667
0.89166667 0.89166667 0.72833333 0.72833333 0.72833333 0.72833333 0.83328472 0.875 0.875 0.875 0.87495305 0.79 0.79 0.79 0.51827748 0.51666667 0.60772249 0.60833333 0.60833333 0.60833333 0.43333333 0.43333333 0.43333333 0.43333333 0.77833333 0.77833333 0.77833333 0.77833333 0.77833333 1.3983333 1.3983333 1.3983333 1.3983333 1.3983333 1.38 0.96 0.96 0.96 0.96 0.95999857 0.45666667 0.45666667 0.45666667 0.55917324 0.77166667 0.77166667 0.77166667 1.0783333 1.0783336 1.335 1.335 1.5781772 1.5783333
0.89166667 0.89166667 0.7872852 0.72833333 0.72833333 0.72833334 1.252662 0.8761923 0.875 0.875 0.7900001 0.79 0.79 0.79 0.79 0.76756872 0.60833333 0.60833333 0.60833333 0.60833333 0.43333469 0.43333333 0.43333333 0.43333333 0.77833333 0.77833333 0.77833333 0.77833333 0.77833333 0.83549486 1.3983333 1.3983333 1.3983333 1.38 1.38 1.3796739 0.96 0.96 1.0181538 1.0633333 0.45666667 0.45666667 0.45666667 0.55939547 0.77166667 0.77166667 0.77166667 1.48 1.3368067 1.335 1.335 1.5783333 1.5783333
1.49 1.49 1.49 0.9193041 0.72928118 1.2533333 1.2533333 1.2533333 1.2533333 1.255 1.255 0.79000003 0.79 0.79 0.79 0.78998851 0.60833333 0.60833333 0.60833333 0.60833333 0.50969766 0.43333333 0.43333333 0.43656102 0.56653723 0.77833333 0.77833333 0.77833333 0.63666667 0.63666667 0.63666667 0.63666986 1.38 1.38 1.38 1.38 1.0633333 1.0633333 1.0633333 1.0633333 0.81 0.81 0.81 1.2033254 1.2033333 1.2033333 1.2033332 1.48 1.48 1.3351767 1.335 1.5783314 1.5783333
1.49 1.49 1.49 1.4899938 1.375 1.3573077 1.2533333 1.2533333 1.2533333 1.255 1.255 1.255 1.42 1.42 1.42 1.42 0.6096034 0.60833333 0.60833333 0.60833333 0.60568644 0.55666633 0.55666667 0.55666667 0.55666667 0.55666665 -0.13833333 -0.13833333 0.63666667 0.63666667 0.63666667 0.63666667 1.3799998 1.38 1.38 1.3799829 1.0633333 1.0633333 1.0633333 1.0638963 0.81 0.81 0.81 1.2033151 1.2033333 1.2033333 1.2033333 1.48 1.48 1.48 1.1983333 1.1983333 1.4116667
1.49 1.49 1.49 1.3750003 1.375 1.375 1.2533334 1.2533333 1.2533333 1.255 1.255 1.255 1.42 1.42 1.42 1.4109878 1.3016667 1.3016667 1.3016649 0.61224946 0.55666667 0.55666667 0.55666667 0.55666667 0.55666667 0.55614364 -0.13833333 -0.13833333 -0.13833333 0.63666667 0.63666667 0.63670958 1.17 1.17 1.17 1.0266667 1.0266667 1.1916667 1.1916667 1.1916667 1.25 0.81013802 0.81000404 1.3516667 1.3516667 1.346045 1.2033342 1.48 1.48 1.1983333 1.1983333 1.1983333 1.4116667
1.49 1.49 1.49 1.375 1.375 1.375 1.375 1.2533333 1.2533333 1.255 1.255 1.4134024 1.42 1.42 1.42 1.3016667 1.3016667 1.3016667 1.3016667 1.3016667 0.55666667 0.55666667 0.55666667 0.55666667 0.55666667 -0.13833096 -0.13833333 -0.13833333 -0.13833333 0.70333333 0.70333333 0.70333333 1.17 1.17 1.17 1.0266667 1.0266667 1.1916667 1.1916667 1.25 1.25 1.25 1.3516667 1.3516667 1.3516667 1.3516667 1.3434519 1.2516667 1.2516667 1.2516667 1.1983333 1.265 1.265
1.49 1.49 1.4898399 1.375 1.375 1.375 1.375 1.4194272 1.4216667 1.4213805 1.255 1.4200032 1.42 1.42 1.4199996 1.3016667 1.3016667 1.3016667 1.3016667 1.3016667 1.2887436 0.55666667 0.55666667 0.55666667 0.5566598 -0.13829611 -0.13833333 -0.13833333 -0.13833333 0.70333333 0.70333333 0.70333333 0.70340192 1.17 1.0266667 1.0266667 1.0266667 1.0266734 1.1916706 1.25 1.25 1.25 1.3516605 1.3516667 1.3516667 1.3516667 1.2516635 1.2516667 1.2516667 1.2516667 1.265 1.265 1.265
1.1516667 1.1516673 1.3750526 1.375 1.375 1.375 1.4216567 1.4216667 1.4216667 1.4216667 1.4583333 1.4583333 1.4583333 1.4583333 1.3023897 1.3016667 1.3016667 1.3016667 1.3016667 1.32 1.32 1.32 0.52333334 0.52333333 0.52333333 0.52333333 0.46622299 -0.13833333 0.85329272 0.85333333 0.85333333 0.85333333 0.85333333 1.0033333 1.0033333 1.0033333 1.0033333 1.0033333 1.245 1.245 1.245 1.245 1.245 0.9389564 0.93833333 0.93833333 0.93833333 1.2516667 1.2516667 1.2516667 1.2649979 1.265 1.265
