interpolatedSpi/01-03|21_2.tif
NCOLS 53
NROWS 52
XLLCORNER -116.03883
YLLCORNER 28.596182
DX 0.49850594
DY 0.49788537
NODATA_VALUE -9999
[rows 0 to 29 of 52, columns 0 to 52 of 53]
-0.76333333 -0.76333333 -0.50634758 -1.0033333 -1.3766667 -1.2533333 -1.16 -1.1133333 -1.247199 -1.5266667 -1.1766667 -1.18 -1.736533 -0.11333333 -0.91333333 -0.91333333 -0.91333333 -0.73666667 -0.47333333 -0.47333333 -0.47333333 -0.47333792 -0.95 -0.52333333 -0.52333333 -0.52333333 -0.36665848 -0.36666667 -0.36666667 -0.066666667 -0.066666667 -0.066666667 -0.066666667 -1.4633331 -1.4633333 -1.4633333 -1.4633333 -1.4633333 -1.4633333 -1.4633332 1.976284 2.0125724 -0.97333333 -0.97333333 -0.97333333 -0.97333333 -0.97316455 -0.87 -0.87 -0.87 1.2566622 1.2566667 1.2566667
-0.7633591 -1.3433333 -1.0100007 -1.2794438 -1.3403802 -0.98 -1.1266667 -2.1163892 -2.3333333 -1.7633333 -1.61 -1.7366667 -1.7366667 -1.1033544 -0.1133524 -0.91333333 -0.73666667 -0.73666667 -0.47367668 -0.47333333 -0.47333333 -0.47333333 -0.54421271 -0.52333333 -0.52333333 -0.52333333 -1.6599999 -1.66 -0.066666667 -0.066666667 -0.066666667 -0.066666667 -0.066666667 -1.4633331 -1.4633333 -1.4633333 -1.4633333 -1.4633333 -1.4633332 -1.2382499 -0.14671072 -0.87302383 -0.97333333 -0.97333333 -0.97333333 -0.97333333 -0.97333333 -0.87 -0.87 -0.87 -0.69365476 1.2566667 1.2566667
-1.5933118 -1.5933333 -1.6433333 -1.1833333 -1.78 -2.0566667 -1.7966667 -2.2766667 -2.2433333 -2.4866667 -1.6666667 -2.1466667 -1.3733333 -1.9 -1.1066667 -1.9466667 -0.73666667 -0.73666667 -0.73666667 -1.2564389 -1.2566667 -1.2566667 -0.92 -0.52333333 -0.52333333 -0.52333333 -1.66 -1.66 -1.66 -0.066666667 -0.066666667 -0.066666761 -1.0037921 -1.4607835 -1.4493095 0.029527037 0.043333333 0.043333333 0.019436341 -0.14666667 -0.14666667 -0.14772376 -0.97333333 -0.97333333 -0.97333333 -0.97333333 -0.97333333 -0.87 -0.87 -0.87 -0.87 1.2566667 1.2566667
-1.3033333 -1.5933333 -1.5967182 -1.0133333 -1.49 -1.9066667 -2.1433333 -2.52 -2.2166667 -1.7410772 -1.48 -2.6766667 -2.58 -1.9 -1.8333333 -1.9466667 -2.1054425 -2.1057068 -2.0266667 -1.2566667 -1.2566667 -2.1 -0.92 -0.92 -0.52333333 -0.52333901 -1.66 -1.66 -1.66 -1.1733333 -1.6342226 -2.0133333 -2.0133333 -2.0133317 0.043333333 0.043333333 0.043333333 0.043333333 -0.14666667 -0.14666667 -0.14666667 -0.1466667 -0.97333333 -0.97333333 -0.97333333 -0.97333333 -0.97333333 -0.8700013 -0.87 -0.87 -0.87 1.2566032 1.2566667
-1.3033333 -1.1700008 -1.5966667 -1.5786464 -1.49 -1.7033333 -2.1599303 -1.7266667 -1.8766667 -1.5100001 -2.5198905 -2.999841 -1.89 -1.8333333 -1.8333333 -1.9116783 -2.1066667 -2.1066667 -2.0266667 -2.0266667 -1.2566683 -2.1 -1.29 -0.80333333 -0.7 -0.69993866 -1.66 -1.66 -1.1733333 -1.1733333 -2.0133333 -2.0133333 -2.0133333 -1.6801875 0.043333333 0.043333333 0.043333333 -0.14666667 -0.14666667 -0.14666667 -0.14666667 -0.14670077 -0.97333333 -0.97333333 -0.97333333 -0.97333333 -0.97333333 -0.97241354 -0.87 -0.86999178 -0.68666667 -0.68666667 -0.68666667
-1.2966667 -1.1266667 0.18999995 -1.0266667 -1.5166667 -0.9 -1.4266667 -1.4650753 -1.6033333 -1.7233333 -1.32 -1.4666667 -1.4666669 -1.0266667 -1.0266667 -1.2866964 -1.2866667 -0.97333333 -0.97333334 -2.0266658 -1.5066667 -1.5066667 -0.80333333 -0.7 -0.7 -0.43666667 -1.1166667 -1.1166667 -0.20342211 -1.1733333 -2.0133333 -2.0133333 -0.24666667 -0.2467722 -1.2565941 -0.56666667 -0.56666667 -0.27660325 -0.14666667 -0.14666667 -0.49955932 -0.5 -0.49999997 -2.0539153 -2.0732118 -2.073333 -2.0733333 -2.0733329 -2.0055347 -0.68666667 -0.68666667 -0.68666667 -0.68666667
-0.26001104 -0.48333333 -0.51838522 0.25333333 0.4 -1.2633333 -0.52999999 -1.0633333 -1.54 -1.54 -1.32 -1.2733333 -0.41666674 -1.0266667 -1.4099989 -1.41 -1.2866667 -1.3233333 -0.99666667 -0.99666667 -1.5522223 -1.6033333 -1.6033333 0.023333323 -0.43666667 -0.43666667 -1.1166667 -1.1166667 -0.20336344 -0.20388767 -0.93599529 -0.24666667 -0.24666667 -1.2566667 -1.2566667 -0.71553494 -0.56666667 -0.56666667 -0.28667637 -0.4999997 -0.5 -0.5 -0.50000212 -2.0733319 -2.0733333 -2.0733333 -2.0733333 -2.0733335 -2.27 -0.68698044 -0.68666667 -0.68666667 -0.68666667
-0.26 0.33333333 -0.10333333 -0.50666667 -0.87331231 -0.96333333 -0.77666667 -1.1 -1.0066667 -1.3766667 -1.3766667 -0.65666667 -0.41666667 -0.41666667 -1.4031848 -1.6103665 -1.63 -0.3 -1.0766666 -0.99666667 -0.69921146 -0.66666667 -1.3733333 -0.68 -0.68000907 -1.3833333 -0.76333333 -0.76333346 -0.71818953 -0.72 -0.93666667 -0.62376163 0.29333333 -1.2566667 -1.2679801 -0.84 -0.84 -0.28666667 -0.28666667 -0.5 -0.5 -0.5 -1.8099335 -1.8166667 -2.0733333 -2.0733333 -2.0733333 -2.2699925 -2.27 -2.27 -0.68666667 -0.68666667 -0.68666667
-0.022692466 0.33333333 0.29666667 -0.48 -1.6266667 -1.0333333 -1.2533333 -1.2133333 -1.6266667 -1.5442648 -1.57 -1.3233333 -1.3233333 -1.14 -1.1400028 -1.3075678 -1.3066667 -1.3066667 -0.41855937 -0.7233334 -1.05 -1.05 -1.18 -1.2971438 -1.3124559 -1.3833333 -0.23333333 -0.76333333 -0.7666473 -0.76666667 -0.88 -0.73 -0.95831828 -1.3866667 -1.6533333 -1.82 -1.9533333 -1.4166667 -1.3933441 -0.49979169 -0.45333333 -0.90666667 -1.8166194 -1.8166667 -1.8181113 -2.0733333 -2.7766666 -2.27 -2.27 -2.27 -2.27 -0.67463095 -1.3333333
-2.0133333 -2.0133333 -0.49666667 -1.1033333 -1.6366667 -1.5866667 -0.84333333 -1.09 -1.45 -1.5232477 -1.6733333 -0.12333333 -1.14 -1.14 -1.44 -1.4381713 -1.3066667 -1.3067419 -1.5733333 -0.72333333 -0.72333333 -0.76541898 -1.18 -1.3066643 -1.3066667 -1.3066667 -0.23333333 -1.1533333 -1.1533333 -0.76666667 -0.76666667 -0.7308598 -1.1833333 -1.3866667 -0.86666667 -1.82 -1.9533333 -1.46 -1.3933333 -1.1834575 -0.90666665 -1.1344171 -1.5266667 -1.8166667 -1.8166667 -2.7766667 -2.7766667 -2.7766667 -2.27 -2.27 -0.59 -0.59 -0.59000028
-2.0133333 -2.0133333 -1.0966667 -1.6866667 -1.3033333 -1.3166667 -1.3366667 -1.0568155 -1.16 -1.2233333 -1.7566667 -1.1133333 -0.12465282 -1.44 -1.44 -1.4400892 -2.2133333 -2.1797431 -1.5733333 -1.31 -1.31 -1.1333333 -1.1333333 -1.3066667 -1.3066667 -1.3066667 -1.1533333 -1.1533333 -1.1533333 -1.9266667 -1.9266667 -1.9266654 -1.2966667 -1.2966667 -1.3066667 -1.7766667 -1.2433333 -2.4299962 -1.5766667 -1.18 -1.18 0.1366612 -1.5266667 -1.8166667 -1.2666673 -1.9666667 -1.3594633 -1.3533333 -1.0666667 -1.0666667 -0.59 -0.59 -0.59
-2.0133333 -1.6176504 -1.3484407 -1.0966827 -1.0333333 -1.66 -1.3366667 -1.0566667 -1.1599991 -1.2226317 -1.1133335 -1.1133333 -0.97666667 -1.44 -1.44 -2.2133333 -2.2133333 -2.2132969 -1.5733333 -1.31 -1.2753063 -1.1333333 -1.1333333 -1.3066603 -1.3066667 -1.2672203 -1.1866667 -1.1866667 -1.1866667 -1.9266667 -1.9266667 -1.5266667 -1.5266667 -1.2966667 -1.3066667 -1.7566667 -1.3614611 -2.43 -2.43 -1.18 0.13666667 0.13666667 0.13665626 -1.2666667 -1.2666667 -1.9666667 -1.3533333 -1.3533333 -1.0666667 -1.0666667 -0.59 -0.59 -0.59
-0.68666667 -0.66499607 -0.62003886 -0.62345678 -1.0333365 -1.6599852 -1.3366667 -1.0601133 -1.1528793 -1.1616538 -0.97666667 -0.97666667 -0.97666667 -0.97666667 -1.4399344 -2.2133333 -2.2133333 -2.2050699 -1.5733333 -1.3101251 -1.7366667 -1.7366667 -1.7366667 -1.7366667 -1.3138377 -1.1866667 -1.1866667 -1.1866667 -1.1866667 -1.1872726 -1.5266667 -1.5266667 -1.5266667 -1.5266667 -1.7566667 -1.7566667 -1.7566667 -2.3970091 -2.4227398 -1.4633333 -1.4633333 0.13658061 -0.98000981 -1.2666391 -1.2666667 -1.9666667 -1.3533333 -1.3533333 -1.0666667 -1.0666667 -0.5917293 -0.59 -0.3220885
-0.68666667 -0.62 -0.62 -0.62 -0.62 -0.62000043 -1.3374942 -1.2041945 -1.1338819 -0.97686565 -0.97666667 -0.97666667 -0.97666667 -0.97666667 -0.97666654 -2.2133333 -2.2133332 -2.1694337 -1.5733428 -1.7366667 -1.7366667 -1.7366667 -1.7366667 -1.7366667 -1.7472568 -1.6558118 -1.8166665 -1.8166667 -1.8166667 -1.8166667 -1.5266667 -1.5266667 -1.5266662 -1.1466667 -1.1466667 -1.7566667 -1.2316831 -1.2166667 -1.4633332 -1.4633333 -1.4633333 -1.4633333 -0.98 -0.98 -0.98 -0.9868663 -0.67126175 -0.66666667 -0.66666667 -0.66666667 -0.66666667 -0.93999993 -0.94
0.27333333 -0.62 -0.62 -0.62 -0.62 -0.62 -0.62000005 -0.98568547 -0.79818849 -0.79666667 -0.79666667 -0.79666667 -0.79666667 -0.79666667 -0.79666667 -0.17633598 -2.1807439 -2.1256955 -1.7366463 -1.7366667 -1.7366667 -1.7366667 -1.7366667 -1.7366656 -2.2266667 -2.2266667 -2.2266661 -1.8166667 -1.8166667 -1.8175945 -2.28 -2.28 -1.1466667 -1.1466667 -1.1466667 -1.2054533 -1.2166667 -1.2166667 -1.2166667 -1.4633333 -1.4633333 -1.4633333 -0.98 -0.98 -0.98 -0.98 -0.66666666 -0.66666667 -0.66666667 -0.66666667 -0.66666667 -0.94 -0.94
0.27333333 -0.059244517 -0.62 -0.62 -0.62 -0.62 -0.27340137 -0.27333333 -0.27333335 -0.79666667 -0.79666667 -0.79666667 -0.79666667 -0.79666667 -0.6569489 -0.16333333 -0.16333333 -0.16333333 -0.78623513 -0.78333431 -0.78333333 -0.78333333 -0.78333333 -0.78333333 -2.2266667 -2.2266667 -2.2266667 -2.2266667 -1.8166667 -2.28 -2.28 -2.28 -1.1466668 -1.1466667 -1.1466667 -1.01 -1.216393 -1.2166667 -1.2166667 -1.4631939 -1.1851046 -0.5361129 -0.98 -0.98 -0.19243799 -0.19 -0.19 -0.6658654 -0.18170068 -0.18000004 -0.18000009 -0.43007713 -0.93999896
0.27333333 -0.20999407 -0.41926841 -0.62 -0.62 -0.27353816 -0.27333333 -0.27333333 -0.27333333 -0.27710462 -0.79666667 -0.79666667 -0.79666667 -0.79666659 -0.16333333 -0.16333333 -0.16333333 -0.16333333 -0.7827795 -0.78333333 -0.78333333 -0.78333333 -0.78333333 -0.78333333 -2.2266666 -2.2266667 -2.2266667 -2.2266667 -2.2268607 -2.28 -2.28 -2.28 -2.24 -1.1466792 -1.01 -1.01 -1.01 -1.007084 -0.57659893 -0.53333333 -0.53333333 -0.53333333 -0.47333333 -0.47333333 -0.19 -0.19 -0.19 -0.18 -0.18 -0.18 -0.18 -0.43 -0.43
-0.22289819 -0.22333333 -0.22333333 -0.22333333 -0.36 -0.27333557 -0.27333333 -0.27333333 -0.27333333 -0.27333333 -0.75073683 -0.79665876 -0.79666665 -0.16333333 -0.16333333 -0.16333333 -0.16333333 -0.16333333 -0.20331047 -0.78333333 -0.78333333 -0.78333333 -0.78333333 -0.78333333 -1.5212773 -1.6100033 -1.61 -1.61 -1.61 -2.28 -2.24 -2.24 -2.24 -2.24 -1.01 -1.009993 -0.74333333 -0.74333333 -0.5359555 -0.53333333 -0.53333333 -0.53333333 -0.47333333 -0.47333333 -0.23386976 -0.19 -0.19 -0.18 -0.18 -0.18 -0.18268065 -0.43 -0.43
-0.22333333 -0.22333333 -0.22333333 -0.28769171 -0.36 -0.36 -0.27333333 -0.27333333 -0.27333333 -0.27333333 -0.19 -0.19 -0.19 -0.16333333 -0.16333333 -0.16333333 -0.16333333 -0.16330028 -0.026666667 -0.026666667 -0.78333303 -0.78333333 -0.78885171 -1.01 -1.0154015 -1.61 -1.61 -1.61 -1.61 -2.2399359 -2.24 -2.24 -2.24 -2.24 -0.74333427 -0.74333333 -0.74333333 -0.74333333 -0.74254434 -0.53333333 -0.53333333 -0.53333333 -0.47333333 -0.47333333 -0.47333333 -0.19 -0.19 -0.18 -0.18 -0.18 -0.43 -0.43 -0.43
-0.22333333 -0.22333333 -0.22333333 -0.36 -0.36 -0.36 -0.35999987 -0.27333333 -0.27333333 -0.19008602 -0.19 -0.19 -0.19 -0.18998338 -0.001448851 0.036666667 0.036666667 0.036666666 -0.026666667 -0.026666667 -0.026666667 -1.01 -1.01 -1.01 -1.0097908 -0.9036406 -1.61 -1.61 -1.61 -0.8266296 -0.52016917 -0.52 -0.52 -0.52 -0.37902152 0.13333134 0.13333333 0.13333333 0.13333333 0.17656952 0.17666667 0.17666667 -0.47333333 -0.47333333 -0.20666778 -0.20666675 -0.45333333 -0.45333333 -0.41666667 -0.41666667 -0.41666667 -0.43 -0.59318729
-0.22333282 -0.22333333 -0.22333334 -0.36 -0.36 -0.36 -0.36 -0.5166666 -0.27430628 -0.19011788 -0.19 -0.19 -0.19 -0.18955522 0.036666667 0.036666667 0.036666667 0.036666648 -0.026666667 -0.026666667 -0.026666667 -1.01 -1.01 -1.01 -0.26333333 -0.26333333 -0.06666667 -0.066666667 -0.066666667 -0.069139742 -0.52 -0.52 -0.52 -0.52 -0.19351267 0.13333333 0.13333333 0.13333333 0.13333333 0.17666667 0.17666667 0.17666667 0.16460553 -0.20666667 -0.20666667 -0.20666667 -0.45333333 -0.45333333 -0.41666667 -0.41666667 -0.41666667 -0.59333333 -0.59333333
-0.056666667 -0.15062023 -0.76666667 -0.76654869 -0.36 -0.5157602 -0.51666667 -0.51666667 -0.47779961 -0.32 -0.32 -0.32 -0.32 -0.026676215 -0.026666666 0.036666618 0.036666667 0.034997926 -0.026666667 -0.026666667 -0.026666667 0.02 0.02 0.02 -0.26333333 -0.26333333 -0.066666667 -0.066666667 -0.066666667 -0.066666267 0.48332696 0.48333052 -0.49478272 -0.51892436 0.36898712 0.37 0.37 0.37 0.37 0.17666667 0.17666667 0.17666667 -0.18555911 -0.20666667 -0.20666667 -0.20666666 -0.45333333 -0.45333333 -0.45333201 -0.41666667 -0.41666622 -0.40666667 -0.59333333
-0.353277 -0.35333341 -0.76666667 -0.76666667 -0.76666667 -0.51666667 -0.51666667 -0.51666667 -0.41 -0.41 -0.32 -0.32 -0.32 -0.026666667 -0.026666667 -0.026666667 -0.026666667 -0.026666425 -0.026666667 -0.026666667 -0.026666665 0.02 0.02 0.02 -0.26333333 -0.26333333 -0.066666667 -0.066666667 -0.066666667 0.47713204 0.48333333 0.48333333 0.48333333 0.48333333 0.37005592 0.37 0.37 0.37 0.37 0.21999999 0.22 0.22 0.22 -0.20666623 -0.15 -0.15 -0.15 -0.23 -0.23 -0.23 -0.40666667 -0.40666667 -0.40666667
-0.35333333 -0.35333333 -0.76666667 -0.76666667 -0.76666667 -0.51798071 -0.51666667 -0.41 -0.41 -0.41 -0.32001108 -0.32 -0.1810888 -0.026666695 -0.026666667 -0.026666667 -0.026666667 0.41 0.41 0.41 0.52666666 0.52666629 0.020002468 0.02 0.020125968 0.36666667 0.36666667 0.36666563 -0.066596637 0.77994088 0.77999842 0.77994821 0.48384037 0.48358935 0.39037928 0.37000021 0.37180966 0.91 0.91 0.22 0.22 0.22 0.22 -0.15 -0.15 -0.15 -0.15 -0.23 -0.23 -0.23 -0.40666667 -0.40666667 -0.40666667
-0.35333333 -0.35333333 -0.76666667 -0.76666667 -0.76666667 -0.76666667 -0.47674445 -0.41 -0.41 -0.41 -0.40985638 -0.15 -0.15 -0.15 -0.027393498 -0.026666667 0.40709016 0.41 0.41 0.41 0.52666667 0.52666667 0.52666667 0.52666667 0.36666667 0.36666667 0.36666667 0.36666667 0.36666667 0.78 0.78 0.78 0.78 0.78000081 1.1633333 0.91 0.91 0.91 0.91 0.90999893 0.68 0.68 0.68 0.48691949 0.086666667 0.086666667 0.086666667 -0.22999999 -0.22999968 0.10333333 0.10333333 -0.040089201 -0.04
-0.35333333 -0.35333333 -0.61748236 -0.76666667 -0.76666667 -0.76666666 -0.55307899 -0.41045171 -0.41 -0.41 -0.15000006 -0.15 -0.15 -0.15 -0.15 -0.13980746 0.41 0.41 0.41 0.41 0.52666576 0.52666667 0.52666667 0.52666667 0.36666667 0.36666667 0.36666667 0.36666667 0.36666667 0.81941101 0.78 0.78 0.78 1.1633333 1.1633333 1.1631366 0.91 0.91 1.2401634 1.4966666 0.68 0.68 0.68 0.49115981 0.086666667 0.086666667 0.086666667 0.56333333 0.10906489 0.10333333 0.10333333 -0.04 -0.04
-0.10666667 -0.10666667 -0.10666667 -0.60118652 -0.76620832 -0.55333333 -0.55333333 -0.55333333 -0.55333333 -0.45333333 -0.45333333 -0.15000002 -0.15 -0.15 -0.15 -0.14996451 0.41 0.41 0.41 0.41 0.47575712 0.52666667 0.52666667 0.52335175 0.39851571 0.36666667 0.36666667 0.36666667 0.83333333 0.83333333 0.83333333 0.83333311 1.1633333 1.1633333 1.1633333 1.1633333 1.4966667 1.4966667 1.4966667 1.4966667 0.79 0.79 0.79 0.59000402 0.59 0.59 0.58999984 0.56333333 0.56333333 0.10389382 0.10333333 -0.039998739 -0.04
-0.10666667 -0.10666667 -0.10666667 -0.10668533 -0.45333333 -0.46787498 -0.55333333 -0.55333333 -0.55333333 -0.45333333 -0.45333333 -0.45333333 -0.23333333 -0.23333333 -0.23333333 -0.23333333 0.40860781 0.41 0.41 0.41 0.41176217 0.40000035 0.4 0.4 0.4 0.40000001 0.64 0.64 0.83333333 0.83333333 0.83333333 0.83333333 1.1633334 1.1633333 1.1633333 1.163339 1.4966666 1.4966667 1.4966667 1.4940784 0.79 0.79 0.79 0.59000927 0.59 0.59 0.59 0.56333333 0.56333333 0.56333329 0.21 0.21 0.32666667
-0.10666667 -0.10666667 -0.10666667 -0.45333253 -0.45333333 -0.45333333 -0.5533333 -0.55333333 -0.55333333 -0.45333333 -0.45333333 -0.45333333 -0.23333333 -0.23333333 -0.23333333 -0.24221861 -0.35 -0.35 -0.34999804 0.40570732 0.4 0.4 0.4 0.4 0.4 0.40018061 0.64 0.64 0.64 0.83333333 0.83333333 0.83314238 1.2333333 1.2333333 1.2333333 0.37 0.37 0.90666667 0.90666667 0.90666667 0.38666667 0.78987349 0.78999761 0.47 0.47 0.47454786 0.58999964 0.56333333 0.56333333 0.21 0.21 0.21 0.32666667
-0.10666667 -0.10666667 -0.10666667 -0.45333333 -0.45333333 -0.45333333 -0.45333333 -0.55333333 -0.55333333 -0.45333333 -0.45333333 -0.24213016 -0.23333333 -0.23333333 -0.23333333 -0.35 -0.35 -0.35 -0.35 -0.35 0.4 0.4 0.4 0.4 0.4 0.63999918 0.64 0.64 0.64 0.53666667 0.53666667 0.53666667 1.2333333 1.2333333 1.2333333 0.37 0.37 0.90666667 0.90666667 0.38666667 0.38666667 0.38666667 0.47 0.47 0.47 0.47 0.4554873 0.29333333 0.29333333 0.29333333 0.21 0.35 0.35
