interpolatedSpi/01-05|22_1.tif
NCOLS 53
NROWS 52
XLLCORNER -116.03883
YLLCORNER 28.596182
DX 0.49850594
DY 0.49788537
NODATA_VALUE -9999
[rows 0 to 38 of 52, columns 0 to 52 of 53]
0.366 0.366 0.26211282 0.206 0.966 0.634 0.606 0.612 0.31115035 -0.034 0.252 0.26 0.33402059 0.584 0.386 0.386 0.386 0.512 0.316 0.316 0.316 0.31599222 -0.49199999 0.254 0.254 0.254 0.42799609 0.428 0.428 0.296 0.296 0.296 0.296 0.35399999 0.354 0.354 0.354 0.354 0.354 0.35399999 0.057197933 0.053895432 -0.358 -0.358 -0.358 -0.358 -0.35847367 -0.648 -0.648 -0.648 0.83199693 0.832 0.832
0.36596801 -0.354 0.063999929 0.11403956 0.23611681 0.594 0.562 0.37403253 0.206 0.146 0.264 0.334 0.334 0.47237346 0.5839969 0.386 0.512 0.512 0.31625556 0.316 0.316 0.316 0.26558016 0.254 0.254 0.254 0.97399995 0.974 0.296 0.296 0.296 0.296 0.296 0.35399999 0.354 0.354 0.354 0.354 0.35400006 0.52217385 1.3699448 -0.14832103 -0.358 -0.358 -0.358 -0.358 -0.358 -0.648 -0.648 -0.648 -0.52527698 0.832 0.832
0.13799678 0.138 0.002 0.372 -0.134 -0.318 0.046 0.018 -0.246 0.132 0.32 0.036 0.4 0.602 0.472 -0.126 0.512 0.512 0.512 0.33199535 0.332 0.332 0.474 0.254 0.254 0.254 0.974 0.974 0.974 0.296 0.296 0.29600003 0.57424924 0.35608817 0.36165106 1.1684676 1.176 1.176 1.2004001 1.37 1.37 1.3677903 -0.358 -0.358 -0.358 -0.358 -0.358 -0.648 -0.648 -0.648 -0.648 0.832 0.832
-0.306 0.13799985 -0.59598499 0.646 -0.64 -0.194 -0.12 -0.414 0.08 0.33237129 0.134 -0.082 0.002 0.602 -0.14 -0.126 -0.30462283 -0.30542686 -0.094 0.332 0.332 0.026 0.474 0.474 0.254 0.2540036 0.974 0.974 0.974 0.368 0.64563093 0.874 0.874 0.87400023 1.176 1.176 1.176 1.176 1.37 1.37 1.37 1.3699999 -0.358 -0.358 -0.358 -0.358 -0.358 -0.64799634 -0.648 -0.648 -0.648 0.8319819 0.832
-0.306 0.0099988886 -0.596 -0.58436136 -0.64 -0.406 -0.0020076691 -0.11 -0.068 0.32199982 0.085989505 -0.023987968 0.06 -0.14 -0.14 -0.13346066 -0.306 -0.306 -0.094 -0.094 0.33199939 0.026 0.124 0.47 0.644 0.64395986 0.974 0.974 0.368 0.368 0.874 0.874 0.874 0.83817112 1.176 1.176 1.176 1.37 1.37 1.37 1.37 1.3700093 -0.35799997 -0.358 -0.358 -0.358 -0.358 -0.36058136 -0.648 -0.64795848 0.278 0.278 0.278
-1.81 -0.434 -0.26199999 -0.172 -0.962 -0.426 -0.328 -0.30008976 -0.042 -0.348 -0.352 -0.28 -0.27999978 -0.132 -0.132 -0.32988942 -0.33 0.056 0.056 -0.093999662 0.076 0.076 0.47 0.644 0.644 0.472 0.54 0.54 0.69396989 0.368 0.874 0.874 0.684 0.68401505 0.82798974 0.982 0.982 1.2499633 1.37 1.37 1.4658803 1.466 1.4660007 0.6086297 0.62589125 0.62599974 0.62599997 0.62599963 0.54842429 0.278 0.278 0.278 0.278
-0.48401129 -0.996 -0.89524713 -0.818 -0.71 -0.952 -0.70199999 -0.866 -0.812 -0.812 -0.352 -0.142 -0.274 -0.132 0.12799922 0.128 -0.33 0.278 0.29 0.29 -0.00034491223 -0.086 -0.086 0.41 0.472 0.472 0.54 0.54 0.69397809 0.69359658 0.98393965 0.684 0.684 0.828 0.828 1.0887494 0.982 0.982 1.4519837 1.466 1.466 1.466 1.4660033 0.6260023 0.626 0.626 0.626 0.62600001 0.636 0.27807095 0.278 0.278 0.278
-0.484 -0.266 -0.368 -1.45 -1.3680047 -1.084 -1.166 -1.066 -0.796 -0.74 -0.74 -0.272 -0.274 -0.274 0.12524191 -0.13429801 -0.16 0.3 -0.34999934 0.29 0.33445894 0.418 -0.328 0.346 0.34599747 0.15 0.482 0.48200002 0.31931756 0.31800001 0.986 0.26827707 0.484 0.828 0.83564368 1.178 1.178 1.452 1.452 1.466 1.466 1.466 1.0408089 1.038 0.626 0.626 0.626 0.63599962 0.636 0.636 0.278 0.278 0.278
-0.387069 -0.266 -0.144 -0.552 -0.96 -1.33 -0.974 -0.814 -0.94 -0.48546056 -0.274 -0.316 -0.316 0.01 0.0099943957 -0.25772687 -0.258 -0.258 0.2007765 -0.38000004 -0.566 -0.56599999 0.722 0.085787739 0.16975162 0.15 0.632 0.482 1.092432 1.096 0.208 1.042 0.8435589 0.58 1.096 1.032 1.326 0.786 1.4277035 1.4674463 1.79 1.434 1.0380033 1.038 1.035681 0.626 0.38600001 0.636 0.636 0.636 0.636 0.35693771 0.24
-1.064 -1.064 -0.186 -0.518 -1.022 -1.33 -1.158 -1.376 -0.812 -0.37013091 -0.63 0.434 0.01 0.01 -0.586 -0.58150133 -0.258 -0.25804535 -0.476 -0.38 -0.38 -0.40396304 0.722 0.52600371 0.526 0.526 0.632 0.412 0.412 1.096 1.096 1.0412527 0.648 0.58 0.822 1.032 1.326 1.044 1.428 1.1466352 1.434 1.2958804 1.058 1.038 1.038 0.386 0.386 0.386 0.636 0.636 0.912 0.912 0.91199975
-1.064 -1.064 -0.42 -0.754 -1.046 -0.654 -1.174 -0.34072705 -0.702 -0.706 -0.788 -0.898 0.43222609 -0.586 -0.586 -0.58596562 -0.288 -0.29786712 -0.476 -0.198 -0.198 -0.372 -0.372 0.526 0.526 0.526 0.412 0.412 0.412 0.47 0.47 0.47000029 0.872 0.872 0.562 0.506 1.11 0.95400015 1.136 1.142 1.142 0.87800059 1.058 1.038 0.66400016 0.79 0.94358821 0.946 1.26 1.26 0.912 0.912 0.912
-1.064 -0.78599054 -0.56252971 -0.78599162 -0.2 -0.966 -1.174 -0.34 -0.70199698 -0.70595568 -0.89799975 -0.898 -0.588 -0.586 -0.586 -0.28800001 -0.288 -0.2880107 -0.476 -0.198 -0.23217006 -0.372 -0.372 0.52596373 0.526 0.40174401 0.148 0.148 0.14800003 0.47 0.47 0.234 0.234 0.87199915 0.562 0.89400004 1.087871 0.954 0.954 1.142 0.878 0.878 0.87799848 0.664 0.664 0.79 0.946 0.946 1.26 1.26 0.912 0.912 0.912
0.014 -0.11642318 -0.086024504 -0.091064651 -0.20000407 -0.96598191 -1.174 -0.35026607 -0.6770545 -0.70210445 -0.588 -0.588 -0.588 -0.588 -0.58600028 -0.288 -0.288 -0.29042738 -0.476 -0.19808797 -0.496 -0.496 -0.496 -0.496 0.50839516 0.148 0.148 0.148 0.148 0.14820387 0.234 0.234 0.234 0.234 0.894 0.894 0.894 0.95112799 0.95158161 0.632 0.632 0.87798677 0.80199528 0.66401329 0.664 0.79 0.946 0.946 1.26 1.26 0.91326251 0.912 1.2887402
0.014 -0.086 -0.086 -0.086 -0.086 -0.086000366 -1.1734674 -0.77942919 -0.61050224 -0.58812282 -0.588 -0.588 -0.588 -0.588 -0.58799988 -0.288 -0.28800003 -0.30089552 -0.47599744 -0.496 -0.496 -0.496 -0.496 -0.496 -0.4870481 0.16009574 0.20599999 0.206 0.206 0.206 0.234 0.234 0.23400001 0.242 0.242 0.894 0.62178632 0.614 0.63199999 0.632 0.632 0.632 0.802 0.802 0.802 0.80191649 1.0989656 1.1 1.1 1.1 1.1 0.916 0.916
0.132 -0.086 -0.086 -0.086 -0.086 -0.086 -0.086000069 -0.74724408 -0.42468765 -0.424 -0.424 -0.424 -0.424 -0.424 -0.424 -0.04384489 -0.2840176 -0.31374345 -0.49599742 -0.496 -0.496 -0.496 -0.496 -0.49599946 -0.082 -0.082 -0.081999595 0.206 0.206 0.20567961 0.046 0.046 0.242 0.242 0.242 0.55440969 0.614 0.614 0.614 0.632 0.632 0.632 0.802 0.802 0.802 0.802 1.1 1.1 1.1 1.1 1.1 0.916 0.916
0.132 0.050841077 -0.086 -0.086 -0.086 -0.086 -0.16998351 -0.17 -0.17000001 -0.424 -0.424 -0.424 -0.424 -0.424 -0.33840449 -0.036 -0.036 -0.036 -0.033412827 -0.032000473 -0.032 -0.032 -0.032 -0.032 -0.082 -0.082 -0.082 -0.082 0.206 0.046 0.046 0.046 0.24199998 0.242 0.242 0.698 0.61411122 0.614 0.614 0.63195176 0.53566703 0.31096239 0.802 0.802 0.33943193 0.338 0.338 1.0984991 0.19118703 0.18800008 0.18800017 0.46006895 0.91599907
0.132 -0.13269472 -0.11332649 -0.086 -0.086 -0.16995037 -0.17 -0.17 -0.17 -0.1718304 -0.424 -0.424 -0.424 -0.42399995 -0.036 -0.036 -0.036 -0.036 -0.032003573 -0.032 -0.032 -0.032 -0.032 -0.032 -0.081999999 -0.082 -0.082 -0.082 -0.081534422 0.046 0.046 0.046 -0.16 0.24203668 0.698 0.698 0.698 0.69544347 0.32924991 0.31 0.31 0.31 0.276 0.276 0.338 0.338 0.338 0.188 0.188 0.188 0.188 0.46 0.46
-0.13974459 -0.14 -0.14 -0.14 -0.316 -0.17000377 -0.17 -0.17 -0.17 -0.17 -0.40159028 -0.42399614 -0.42399999 -0.036 -0.036 -0.036 -0.036 -0.036 -0.037706522 -0.032 -0.032 -0.032 -0.032 -0.032 -0.24175206 -0.54199751 -0.542 -0.542 -0.542 0.045999989 -0.16 -0.16 -0.16 -0.16 0.698 0.69799389 0.466 0.466 0.31194789 0.31 0.31 0.31 0.276 0.276 0.32840027 0.338 0.338 0.188 0.188 0.188 0.19091655 0.46 0.46
-0.14 -0.14 -0.14 -0.22288103 -0.316 -0.316 -0.17 -0.17 -0.17 -0.17 -0.128 -0.128 -0.128 -0.036 -0.036 -0.036 -0.036 -0.035966618 -0.068 -0.068 -0.032000015 -0.032 -0.037599532 -0.262 -0.26452072 -0.542 -0.542 -0.542 -0.542 -0.1600389 -0.16 -0.16 -0.16 -0.16 0.46600082 0.466 0.466 0.466 0.46542465 0.31 0.31 0.31 0.276 0.276 0.276 0.338 0.338 0.188 0.188 0.188 0.46 0.46 0.46
-0.14 -0.14 -0.14 -0.316 -0.316 -0.316 -0.31599978 -0.17 -0.17 -0.12804336 -0.128 -0.128 -0.128 -0.12794268 0.12750333 0.166 0.166 0.166 -0.068 -0.068 -0.068 -0.262 -0.262 -0.262 -0.26204426 -0.47800803 -0.542 -0.542 -0.542 -0.46970725 -0.52996361 -0.53 -0.53 -0.53 0.2720218 0.0020010538 0.002 0.002 0.002 -0.035952657 -0.036 -0.036 0.276 0.276 0.14400055 0.14399997 0.054 0.054 0.066 0.066 0.066 0.46 -0.22139021
-0.14000074 -0.14 -0.14000001 -0.316 -0.316 -0.316 -0.31600001 -0.81399981 -0.17257496 -0.12863837 -0.128 -0.128 -0.128 -0.12742309 0.166 0.166 0.166 0.16599993 -0.068 -0.068 -0.068 -0.262 -0.262 -0.262 -0.42 -0.42 -0.65 -0.65 -0.65 -0.64934536 -0.53 -0.53 -0.53 -0.53 -0.26414616 0.002 0.002 0.002 0.002 -0.036 -0.036 -0.036 -0.030336511 0.144 0.144 0.144 0.054 0.054 0.066 0.066 0.066 -0.22199999 -0.222
-0.378 -0.27709297 -0.658 -0.65790078 -0.316 -0.81111859 -0.814 -0.814 -0.78703598 -0.832 -0.832 -0.832 -0.832 0.18996673 0.19 0.16600002 0.166 0.15983444 -0.068 -0.068 -0.068 -0.378 -0.378 -0.378 -0.42 -0.42 -0.65 -0.65 -0.65 -0.65000001 -0.66799912 -0.66799961 -0.53346842 -0.53014795 -0.55796452 -0.558 -0.558 -0.558 -0.558 -0.036 -0.036 -0.036 0.13408839 0.144 0.144 0.14399994 0.054 0.054 0.054000432 0.066 0.065984618 -0.278 -0.222
-0.42199164 -0.42200004 -0.658 -0.658 -0.658 -0.814 -0.814 -0.814 -0.74 -0.74 -0.832 -0.832 -0.832 0.19 0.19 0.19 0.19 0.18997128 -0.068 -0.068 -0.068000012 -0.378 -0.378 -0.378 -0.42 -0.42 -0.65 -0.65 -0.65 -0.66779705 -0.668 -0.668 -0.668 -0.668 -0.55805428 -0.558 -0.558 -0.558 -0.558 -0.39999991 -0.4 -0.4 -0.4 0.14399744 -0.19 -0.19 -0.19 -0.09 -0.09 -0.09 -0.278 -0.278 -0.278
-0.422 -0.422 -0.658 -0.658 -0.658 -0.81318004 -0.814 -0.74 -0.74 -0.74 -0.83198867 -0.832 -0.66367231 0.18999981 0.19 0.19 0.19 -0.274 -0.274 -0.274 -0.066000007 -0.066000232 -0.37799848 -0.378 -0.37793709 -0.252 -0.252 -0.25200095 -0.64993568 -0.6660004 -0.66600001 -0.66600035 -0.66799658 -0.66799827 -0.57759082 -0.55800016 -0.5593606 -0.964 -0.964 -0.4 -0.4 -0.4 -0.4 -0.19 -0.19 -0.19 -0.19 -0.09 -0.09 -0.09 -0.278 -0.278 -0.278
-0.422 -0.422 -0.658 -0.658 -0.658 -0.658 -0.78630396 -0.74 -0.74 -0.74 -0.73993703 -0.626 -0.626 -0.626 0.18519112 0.19 -0.27090802 -0.274 -0.274 -0.274 -0.066 -0.066 -0.066 -0.066 -0.252 -0.252 -0.252 -0.252 -0.252 -0.666 -0.666 -0.666 -0.666 -0.66600028 -0.798 -0.964 -0.964 -0.964 -0.964 -0.96399786 -0.376 -0.376 -0.376 -0.28618629 -0.1 -0.1 -0.1 -0.09 -0.09000025 -0.348 -0.348 -0.064052061 -0.064
-0.422 -0.422 -0.57282057 -0.658 -0.658 -0.65800001 -0.98356702 -0.74076895 -0.74 -0.74 -0.62600003 -0.626 -0.626 -0.626 -0.626 -0.55906275 -0.274 -0.274 -0.274 -0.274 -0.066001609 -0.066 -0.066 -0.066 -0.252 -0.252 -0.252 -0.252 -0.252 -0.64530922 -0.666 -0.666 -0.666 -0.798 -0.798 -0.7981289 -0.964 -0.964 -0.73326081 -0.55400003 -0.376 -0.376 -0.376 -0.28741983 -0.1 -0.1 -0.1 -0.22 -0.34640513 -0.348 -0.348 -0.064 -0.064
-0.888 -0.888 -0.888 -0.71566732 -0.65856317 -0.984 -0.984 -0.984 -0.984 -0.746 -0.746 -0.62600001 -0.626 -0.626 -0.626 -0.62597769 -0.274 -0.274 -0.274 -0.274 -0.15676445 -0.066 -0.066 -0.064220412 -0.0093103321 -0.252 -0.252 -0.252 -0.638 -0.638 -0.638 -0.63800012 -0.798 -0.798 -0.798 -0.798 -0.554 -0.554 -0.554 -0.554 -0.118 -0.118 -0.118 -0.12599984 -0.126 -0.126 -0.12599999 -0.22 -0.22 -0.34784404 -0.348 -0.063999092 -0.064
-0.888 -0.888 -0.888 -0.88800829 -1.042 -1.0335658 -0.984 -0.984 -0.984 -0.746 -0.746 -0.746 -0.708 -0.708 -0.708 -0.708 -0.27470708 -0.274 -0.274 -0.274 -0.27084227 0.0019998133 0.002 0.002 0.002 0.0019999895 -0.286 -0.286 -0.638 -0.638 -0.638 -0.638 -0.79799985 -0.798 -0.798 -0.79798355 -0.554 -0.554 -0.554 -0.55335075 -0.118 -0.118 -0.118 -0.12599963 -0.126 -0.126 -0.126 -0.22 -0.22 -0.21999996 0.116 0.116 0.012
-0.888 -0.888 -0.888 -1.0419996 -1.042 -1.042 -0.98400002 -0.984 -0.984 -0.746 -0.746 -0.746 -0.708 -0.708 -0.708 -0.70434434 -0.66 -0.66 -0.659999 -0.27618023 0.0019999998 0.002 0.002 0.002 0.002 0.0017832648 -0.286 -0.286 -0.286 -0.638 -0.638 -0.63799871 -0.596 -0.596 -0.596 -0.494 -0.494 -0.406 -0.406 -0.406 -0.184 -0.1180207 -0.11799982 -0.094 -0.094 -0.095212764 -0.12600007 -0.22 -0.22 0.116 0.116 0.116 0.012
-0.888 -0.888 -0.888 -1.042 -1.042 -1.042 -1.042 -0.984 -0.984 -0.746 -0.746 -0.70951945 -0.708 -0.708 -0.708 -0.66 -0.66 -0.66 -0.66 -0.66 0.0019999999 0.002 0.002 0.002 0.002 -0.28599902 -0.286 -0.286 -0.286 -0.636 -0.636 -0.636 -0.596 -0.596 -0.596 -0.494 -0.494 -0.406 -0.406 -0.184 -0.184 -0.184 -0.094 -0.094 -0.094 -0.094 -0.059991004 0.32 0.32 0.32 0.116 0.3 0.3
-0.888 -0.888 -0.88821445 -1.042 -1.042 -1.042 -1.042 -1.3237955 -1.338 -1.3369836 -0.74600001 -0.70801993 -0.708 -0.708 -0.70799983 -0.66 -0.66 -0.66 -0.66 -0.66 -0.31067496 0.002 0.002 0.002 0.0019839346 -0.28598818 -0.286 -0.286 -0.286 -0.636 -0.636 -0.636 -0.63599229 -0.596 -0.494 -0.494 -0.494 -0.49399634 -0.40598486 -0.184 -0.184 -0.184 -0.094005464 -0.094 -0.094 -0.094 0.31999996 0.32 0.32 0.32 0.3 0.3 0.3
-1.67 -1.6699986 -1.0419412 -1.042 -1.042 -1.042 -1.337937 -1.338 -1.338 -1.338 -0.94600001 -0.946 -0.946 -0.946 -0.66131996 -0.66 -0.66 -0.66 -0.66 -0.3240002 -0.324 -0.324 -0.075999987 -0.076 -0.076 -0.076 -0.094125701 -0.286 -0.39999533 -0.4 -0.4 -0.4 -0.4 -0.44 -0.44 -0.44 -0.44 -0.44 -0.002 -0.002 -0.002 -0.002 -0.0020000003 0.31937592 0.32 0.32 0.32 0.32 0.32 0.32 0.30000315 0.3 0.3
-1.67 -1.67 -1.6647754 -1.046 -1.046 -1.0462846 -1.338 -1.338 -1.338 -1.338 -0.946 -0.946 -0.946 -0.946 -0.946 -0.66 -0.66 -0.66 -0.32400008 -0.324 -0.324 -0.324 -0.076000001 -0.076 -0.076 -0.076 -0.076 -0.076044764 -0.40006642 -0.4 -0.4 -0.4 -0.40002668 -0.37877462 -0.4399366 -0.44 -0.44 -0.44 -0.002 -0.002 -0.002 -0.002 -0.0020000001 0.32 0.32 0.32 0.32 0.32 0.32 0.77091244 0.776 0.562 0.562
-1.67 -1.67 -1.046079 -1.046 -1.046 -1.046 -1.1201668 -1.338 -1.338 -1.338 -0.946 -0.946 -0.946 -0.946 -0.946 -0.66021881 -0.66 -0.32409851 -0.324 -0.324 -0.324 -0.324 -0.16787321 -0.076 -0.076 -0.076 -0.076 -0.076351261 -0.572 -0.572 -0.572 -0.572 -0.572 -0.332 -0.332 -0.332 -0.332 -0.332 -0.066 -0.066 -0.066 -0.066 -0.065999999 0.3207325 0.32000015 0.32 0.32005085 0.32618455 0.776 0.776 0.776 0.5620012 0.562
-1.6699986 -0.93069997 -1.046 -1.046 -1.046 -1.046 -1.046 -1.3378757 -1.338 -1.338 -0.946 -0.946 -0.946 -0.946 -0.81106517 -0.808 -0.808 -0.32401246 -0.324 -0.324 -0.324 -0.324 -0.32400007 -0.076 -0.076 -0.076 -0.076 -0.52000003 -0.52000002 -0.53106686 -0.572 -0.572 -0.572 -0.332 -0.332 -0.332 -0.332 -0.33196749 -0.066 -0.066 -0.066 -0.066 -0.065985903 0.62 0.62 0.62 0.62 0.62001258 0.776 0.776 0.776 0.77599992 0.63688072
-0.916 -0.916 -0.96106197 -1.046 -1.046 -1.046 -1.046 -1.046 -1.3378749 -1.11 -1.11 -1.11 -1.1096108 -0.8080002 -0.808 -0.808 -0.808 -0.808 -0.32400424 -0.36031066 -0.678 -0.678 -0.678 -0.52963331 -0.1646803 -0.63919179 -1.0392069 -0.52 -0.52 -0.52 -0.52 -0.52 -0.5211982 -0.28599777 -0.284 -0.284 -0.284 -0.284 -0.031434991 0.11799967 0.118 0.118 0.118 0.50000035 0.61999997 0.62 0.62 0.804 0.77600045 0.776 0.776 0.638 0.638
-0.916 -0.916 -1.058 -1.058 -1.058 -1.046004 -1.046 -1.046 -1.11 -1.11 -1.11 -1.11 -1.11 -0.80800001 -0.808 -0.808 -0.808 -0.808 -0.678 -0.678 -0.678 -0.678 -0.678 -1.184 -1.184 -1.184 -1.184 -0.52 -0.52 -0.52 -0.52 -0.52 -0.462 -0.462 -0.284 -0.284 -0.284 0.08193767 0.082 0.118 0.118 0.118 0.11800004 0.5 0.5 0.5 0.804 0.804 0.804 0.66 0.66 0.638 0.638
-0.916 -0.916 -1.058 -1.058 -1.058 -1.058 -1.057999 -0.884 -1.1097872 -1.11 -1.11 -1.11 -1.11 -0.81176718 -0.808 -0.808 -0.808 -0.808 -0.678 -0.678 -0.678 -0.678 -0.678 -1.184 -1.184 -1.184 -1.184 -1.1839973 -0.52 -0.52 -0.52 -0.46200304 -0.462 -0.462 -0.462 -0.284 0.081999996 0.082 0.082 0.082947228 0.32200805 0.36 0.36 0.5 0.5 0.5 0.804 0.804 0.804 0.66 0.66 0.66 0.52569117
-1.046 -1.045999 -1.058 -1.058 -1.058 -1.058 -0.884 -0.884 -0.884 -1.11 -1.11 -1.11 -1.11 -1.1099061 -0.808 -0.808 -0.808 -0.808 -0.67800234 -0.678 -0.678 -0.678 -1.0948613 -1.184 -1.184 -1.184 -1.184 -0.83200029 -0.832 -0.832 -0.52334643 -0.462 -0.462 -0.462 -0.46199981 -0.26 0.082 0.082 0.082 0.082000002 0.36 0.36 0.36 0.426 0.426 0.426 0.39603973 0.804 0.804 0.66 0.66 0.66 0.51399935
