interpolatedSpi/01-06|21_2.tif
NCOLS 53
NROWS 52
XLLCORNER -116.03883
YLLCORNER 28.596182
DX 0.49850594
DY 0.49788537
NODATA_VALUE -9999
[rows 0 to 28 of 52, columns 0 to 52 of 53]
-0.59166667 -0.59166667 -0.46574929 -0.89666667 -0.97833333 -1.1316667 -1.0966667 -0.93833333 -0.97227385 -1.1966667 -1.0966667 -0.91833333 -1.3699089 -0.26333333 -0.90833333 -0.90833333 -0.90833333 -0.53833333 -0.44166667 -0.44166667 -0.44166667 -0.44166845 -0.62666667 -0.52 -0.52 -0.52 0.0099976985 0.01 0.01 -0.24 -0.24 -0.24 -0.24 -1.1416665 -1.1416667 -1.1416667 -1.1416667 -1.1416667 -1.1416667 -1.1416666 1.0480798 1.071155 -0.93666667 -0.93666667 -0.93666667 -0.93666667 -0.93615489 -0.62333333 -0.62333333 -0.62333333 1.0766631 1.0766667 1.0766667
-0.5916914 -1.1483333 -0.94333329 -1.0561362 -1.0668669 -0.72 -0.78333333 -1.2751148 -1.44 -1.4016667 -1.2633333 -1.37 -1.37 -0.77495497 -0.26334523 -0.90833333 -0.53833333 -0.53833333 -0.44179271 -0.44166667 -0.44166667 -0.44166667 -0.54316032 -0.52 -0.52 -0.52 -0.9383333 -0.93833333 -0.24 -0.24 -0.24 -0.24 -0.24 -1.1416665 -1.1416667 -1.1416667 -1.1416667 -1.1416667 -1.1416666 -1.0643752 -0.70167342 -0.90815118 -0.93666667 -0.93666667 -0.93666667 -0.93666667 -0.93666667 -0.62333333 -0.62333333 -0.62333333 -0.48236771 1.0766667 1.0766667
-1.2549809 -1.255 -0.90833333 -0.705 -1.0633333 -1.2716667 -0.84666667 -1.1983333 -1.405 -1.5133333 -1.08 -1.4616667 -0.82333333 -1.3766667 -0.77666667 -1.5016667 -0.53833333 -0.53833333 -0.53833333 -0.98650823 -0.98666667 -0.98666667 -0.96 -0.52 -0.52 -0.52 -0.93833333 -0.93833333 -0.93833333 -0.24 -0.24 -0.24000004 -0.67486473 -1.1404024 -1.1357872 -0.51578826 -0.51 -0.51 -0.53410662 -0.70166667 -0.70166667 -0.70196717 -0.93666667 -0.93666667 -0.93666667 -0.93666667 -0.93666667 -0.62333333 -0.62333333 -0.62333333 -0.62333333 1.0766667 1.0766667
-0.51166667 -1.255 -1.2033829 -0.51666667 -1.0933333 -1.1783333 -1.1283333 -1.3183333 -1.3166667 -1.2238073 -1.1183333 -1.8233333 -1.7316667 -1.3766667 -1.3083333 -1.5016667 -1.6604425 -1.6608796 -1.63 -0.98666667 -0.98666667 -1.67 -0.96 -0.96 -0.52 -0.52000209 -0.93833333 -0.93833333 -0.93833333 -1.0233333 -1.0891747 -1.1433333 -1.1433333 -1.1433328 -0.51 -0.51 -0.51 -0.51 -0.70166667 -0.70166667 -0.70166667 -0.70166668 -0.93666667 -0.93666667 -0.93666667 -0.93666667 -0.93666667 -0.62333729 -0.62333333 -0.62333333 -0.62333333 1.0766172 1.0766667
-0.51166667 -0.17666855 -1.2033333 -1.3573956 -1.0933333 -0.98333333 -1.3999675 -0.97833333 -1.0633333 -1.1283333 -1.6390828 -1.8832297 -1.16 -1.3083333 -1.3083333 -1.4402061 -1.6616667 -1.6616667 -1.63 -1.63 -0.98666799 -1.67 -1.1266667 -0.64833333 -0.42333333 -0.42327967 -0.93833333 -0.93833333 -1.0233333 -1.0233333 -1.1433333 -1.1433333 -1.1433333 -0.99278917 -0.51 -0.51 -0.51 -0.70166667 -0.70166667 -0.70166667 -0.70166667 -0.70163626 -0.93666666 -0.93666667 -0.93666667 -0.93666667 -0.93666667 -0.93387761 -0.62333333 -0.62332504 -0.43833333 -0.43833333 -0.43833333
-1.3033333 -0.67 -0.38000002 -0.915 -1.4416667 -1.0366667 -1.2266667 -1.1948729 -1.1116667 -0.89166667 -0.80333333 -0.64833333 -0.64833367 -0.865 -0.865 -1.1783567 -1.1783333 -0.94833333 -0.94833334 -1.6299992 -1.3 -1.3 -0.64833333 -0.42333333 -0.42333333 -0.19333333 -0.72166667 -0.72166667 -0.2734017 -1.0233333 -1.1433333 -1.1433333 -0.345 -0.34505886 -0.90829298 -0.87 -0.87 -0.75374443 -0.70166667 -0.70166667 -0.38705954 -0.38666667 -0.38666658 -1.3427035 -1.3499543 -1.3499999 -1.35 -1.3499998 -1.1544929 -0.43833333 -0.43833333 -0.43833333 -0.43833333
-0.068333811 -0.34166667 0.076243549 -0.28333333 -0.57 -1.3683333 -0.80499999 -0.87333333 -0.94333333 -0.94333333 -0.80333333 -0.95833333 -0.48833342 -0.865 -1.2749988 -1.275 -1.1783333 -1.1016667 -0.70333333 -0.70333333 -1.2497317 -1.1933333 -1.1933333 0.069999993 -0.19333333 -0.19333333 -0.72166667 -0.72166667 -0.2733446 -0.27354076 -0.69927874 -0.345 -0.345 -0.90833333 -0.90833333 -0.9353568 -0.87 -0.87 -0.65000763 -0.38666703 -0.38666667 -0.38666667 -0.38666773 -1.3499994 -1.35 -1.35 -1.35 -1.35 -1.295 -0.4385031 -0.43833333 -0.43833333 -0.43833333
-0.068333333 0.35333333 0.25333333 -0.82666667 -1.139982 -1.1116667 -0.89833333 -1.09 -1.0716667 -1.0916667 -1.0916667 -0.80833333 -0.48833333 -0.48833333 -1.2696027 -1.508761 -1.5316667 -0.56833333 -0.90499979 -0.70333333 -0.32210518 -0.29833333 -0.795 -0.09166667 -0.091671826 -0.49166667 -0.41 -0.41000011 -0.4659892 -0.46666667 -0.7 -0.93927193 -0.48333333 -0.90833333 -0.91788793 -0.99 -0.99 -0.65 -0.65 -0.38666667 -0.38666667 -0.38666667 -1.2426325 -1.2466667 -1.35 -1.35 -1.35 -1.2950021 -1.295 -1.295 -0.43833333 -0.43833333 -0.43833333
0.050407973 0.35333333 0.45833333 -0.16 -1.1516667 -1.1866667 -1.2633333 -1.3 -1.3916667 -1.2149013 -1.1216667 -0.89166667 -0.89166667 -0.895 -0.89500254 -1.3056317 -1.305 -1.305 -0.61972602 -0.72999997 -0.57833333 -0.57833333 -0.635 -0.73194663 -0.45135723 -0.49166667 -0.056666667 -0.41 -0.67677405 -0.67833333 -1.0666667 -0.68166667 -0.86969601 -1.29 -1.2433333 -1.375 -1.3766667 -1.195 -1.0700577 -0.38640628 -0.32833333 -0.71333333 -1.2466029 -1.2466667 -1.2472483 -1.35 -1.5333333 -1.295 -1.295 -1.295 -1.295 -0.40201866 -0.42833333
-1.6433333 -1.6433333 0.295 -0.49666667 -1.215 -1.325 -1.0566667 -1.255 -1.4033333 -1.1699885 -1.275 0.068333333 -0.895 -0.895 -1.165 -1.1669202 -1.305 -1.3050021 -1.26 -0.73 -0.73 -0.71046025 -0.635 -0.71833176 -0.71833333 -0.71833333 -0.056666667 -0.305 -0.305 -0.67833333 -0.67833333 -0.68237474 -1.055 -1.29 -0.69666667 -1.375 -1.3766667 -1.0466667 -1.07 -0.74534831 -0.71333332 -0.76537308 -0.855 -1.2466667 -1.2466667 -1.5333333 -1.5333333 -1.5333333 -1.295 -1.295 -0.14666667 -0.14666667 -0.14666677
-1.6433333 -1.6433333 -0.45166667 -1.2616667 -1.0866667 -0.855 -1.2016667 -1.0567913 -1.13 -1.0533333 -1.2316667 -0.74833333 0.067244683 -1.165 -1.165 -1.1650734 -1.8016667 -1.7732375 -1.26 -1.1933333 -1.1933333 -0.975 -0.975 -0.71833333 -0.71833333 -0.71833333 -0.305 -0.305 -0.305 -1.6766667 -1.6766667 -1.6766656 -1.0866667 -1.0866667 -1.2666667 -1.7816667 -1.1316667 -2.0866609 -1.2433333 -0.74 -0.74 -0.11500243 -0.855 -1.2466667 -1.0033335 -1.2316667 -0.71520539 -0.71166667 -0.67333333 -0.67333333 -0.14666667 -0.14666667 -0.14666667
-1.6433333 -1.1289587 -0.79732256 -1.0166675 -0.38 -1.365 -1.2016667 -1.0566667 -1.1299994 -1.0541827 -0.74833373 -0.74833333 -0.93 -1.165 -1.165 -1.8016666 -1.8016667 -1.8016358 -1.26 -1.1933333 -1.1504571 -0.975 -0.975 -0.71834408 -0.71833333 -0.7703806 -0.87666667 -0.87666667 -0.87666659 -1.6766667 -1.6766667 -1.5316667 -1.5316667 -1.0866672 -1.2666667 -1.4583335 -1.1762987 -2.0866667 -2.0866667 -0.73999998 -0.115 -0.115 -0.11500654 -1.0033333 -1.0033333 -1.2316667 -0.71166667 -0.71166667 -0.67333333 -0.67333333 -0.14666667 -0.14666667 -0.14666667
-1.88 -0.84972516 -0.87168017 -0.87270917 -0.38000507 -1.3649767 -1.2016667 -1.0584515 -1.1249466 -1.127998 -0.93 -0.93 -0.93 -0.93 -1.1649667 -1.8016667 -1.8016667 -1.7946729 -1.26 -1.1933955 -1.4066667 -1.4066667 -1.4066667 -1.4066667 -0.73010904 -0.87666667 -0.87666667 -0.87666667 -0.87666667 -0.87724995 -1.5316667 -1.5316667 -1.5316667 -1.5316667 -1.4583333 -1.4583333 -1.4583333 -2.055581 -2.0807584 -1.3 -1.3 -0.11506374 -0.83167254 -1.0033168 -1.0033333 -1.2316667 -0.71166667 -0.71166667 -0.67333333 -0.67333333 -0.14857736 -0.14666667 -0.044714441
-1.88 -0.87166667 -0.87166667 -0.87166667 -0.87166667 -0.87166687 -1.2020846 -1.1330676 -1.1114645 -0.93021348 -0.93 -0.93 -0.93 -0.93 -0.93000004 -1.8016667 -1.8016666 -1.764512 -1.260008 -1.4066667 -1.4066667 -1.4066667 -1.4066667 -1.4066667 -1.408394 -1.1824536 -1.2983332 -1.2983333 -1.2983333 -1.2983333 -1.5316667 -1.5316667 -1.5316662 -1.1783333 -1.1783333 -1.4583333 -1.1553336 -1.1466667 -1.2999999 -1.3 -1.3 -1.3 -0.83166667 -0.83166667 -0.83166667 -0.8344503 -0.53460163 -0.53333333 -0.53333333 -0.53333333 -0.53333334 -0.45333327 -0.45333333
-1.375 -0.87166667 -0.87166667 -0.87166667 -0.87166667 -0.87166667 -0.87166669 -1.0873113 -0.97399109 -0.97333333 -0.97333333 -0.97333333 -0.97333333 -0.97333333 -0.97333333 -0.80197878 -1.7856961 -1.7274942 -1.4066484 -1.4066667 -1.4066667 -1.4066667 -1.4066667 -1.4066661 -1.4866667 -1.4866667 -1.4866664 -1.2983333 -1.2983333 -1.2988573 -1.56 -1.56 -1.1783333 -1.1783333 -1.1783333 -1.1517393 -1.1466667 -1.1466667 -1.1466667 -1.3 -1.3 -1.3 -0.83166667 -0.83166667 -0.83166667 -0.83166667 -0.53333333 -0.53333333 -0.53333333 -0.53333333 -0.53333333 -0.45333333 -0.45333333
-1.375 -1.1876147 -0.87166667 -0.87166667 -0.87166667 -0.87166667 -0.88666372 -0.88666667 -0.88666667 -0.97333333 -0.97333333 -0.97333333 -0.97333333 -0.97333333 -0.93472711 -0.79833333 -0.79833333 -0.79833333 -0.93643595 -0.93500048 -0.935 -0.935 -0.935 -0.935 -1.4866667 -1.4866667 -1.4866667 -1.4866667 -1.2983333 -1.56 -1.56 -1.56 -1.1783334 -1.1783333 -1.1783333 -0.99166667 -1.1464614 -1.1466667 -1.1466667 -1.2998836 -1.0676441 -0.52565462 -0.83166667 -0.83166667 -0.37308625 -0.37166667 -0.37166667 -0.53279084 -0.20448653 -0.20333336 -0.2033334 -0.15337875 -0.45333272
-1.375 -1.2209189 -1.0462525 -0.87166667 -0.87166667 -0.8866578 -0.88666667 -0.88666667 -0.88666667 -0.88729121 -0.97333333 -0.97333333 -0.97333333 -0.97333331 -0.79833333 -0.79833333 -0.79833333 -0.79833333 -0.93487792 -0.935 -0.935 -0.935 -0.935 -0.935 -1.4866667 -1.4866667 -1.4866667 -1.4866667 -1.4869334 -1.56 -1.56 -1.56 -1.6216667 -1.178325 -0.99166667 -0.99166667 -0.99166667 -0.98914991 -0.56280149 -0.52333333 -0.52333333 -0.52333333 -0.68166667 -0.68166667 -0.37166667 -0.37166667 -0.37166667 -0.20333334 -0.20333333 -0.20333333 -0.20333333 -0.15333333 -0.15333333
-1.2166241 -1.2166667 -1.2166667 -1.2166667 -0.89 -0.88666675 -0.88666667 -0.88666667 -0.88666667 -0.88666667 -0.95289209 -0.97332982 -0.97333333 -0.79833333 -0.79833333 -0.79833333 -0.79833333 -0.79833333 -0.79095043 -0.935 -0.935 -0.935 -0.935 -0.935 -1.1892626 -1.178335 -1.1783333 -1.1783333 -1.1783333 -1.56 -1.6216667 -1.6216667 -1.6216667 -1.6216667 -0.99166667 -0.99166061 -0.76166667 -0.76166667 -0.52630928 -0.52333333 -0.52333333 -0.52333333 -0.68166667 -0.68166667 -0.41966534 -0.37166667 -0.37166667 -0.20333333 -0.20333333 -0.20333333 -0.2027972 -0.15333333 -0.15333333
-1.2166667 -1.2166667 -1.2166667 -1.0628345 -0.89 -0.89 -0.88666667 -0.88666667 -0.88666667 -0.88666667 -0.70333333 -0.70333333 -0.70333333 -0.79833333 -0.79833333 -0.79833333 -0.79833333 -0.79824024 -0.51166667 -0.51166667 -0.93499983 -0.935 -0.94238489 -1.2383333 -1.2377932 -1.1783333 -1.1783333 -1.1783333 -1.1783333 -1.6216215 -1.6216667 -1.6216667 -1.6216667 -1.6216667 -0.76166748 -0.76166667 -0.76166667 -0.76166667 -0.76080523 -0.52333333 -0.52333333 -0.52333333 -0.68166667 -0.68166667 -0.68166667 -0.37166667 -0.37166667 -0.20333334 -0.20333333 -0.20333333 -0.15333333 -0.15333333 -0.15333333
-1.2166667 -1.2166667 -1.2166667 -0.89 -0.89 -0.89 -0.88999999 -0.88666667 -0.88666667 -0.70352259 -0.70333333 -0.70333333 -0.70333333 -0.70339251 -0.34235871 -0.235 -0.235 -0.235 -0.51166667 -0.51166667 -0.51166667 -1.2383333 -1.2383333 -1.2383333 -1.2380187 -0.62058915 -1.1783333 -1.1783333 -1.1783333 -0.939112 -0.79508131 -0.795 -0.795 -0.795 -0.59423476 -0.35833425 -0.35833333 -0.35833333 -0.35833333 -0.28003329 -0.28 -0.28 -0.68166667 -0.68166667 -0.62833356 -0.62833335 -0.66833333 -0.66833333 -0.50333333 -0.50333333 -0.50333333 -0.15333333 -0.49969004
-1.2166648 -1.2166667 -1.2166667 -0.89 -0.89 -0.89 -0.89 -0.79333336 -0.88629348 -0.70332427 -0.70333333 -0.70333333 -0.70333333 -0.70241433 -0.235 -0.235 -0.235 -0.23500008 -0.51166667 -0.51166667 -0.51166667 -1.2383333 -1.2383333 -1.2383333 -0.115 -0.115 -0.29833333 -0.29833333 -0.29833333 -0.30104281 -0.795 -0.795 -0.795 -0.795 -0.57678655 -0.35833333 -0.35833333 -0.35833333 -0.35833333 -0.28 -0.28 -0.28 -0.2909599 -0.62833333 -0.62833333 -0.62833333 -0.66833333 -0.66833333 -0.50333333 -0.50333333 -0.50333333 -0.5 -0.5
-0.62666667 -0.90381424 -1.01 -1.0099652 -0.89 -0.79389264 -0.79333333 -0.79333333 -0.81215956 -0.69333334 -0.69333333 -0.69333333 -0.69333333 0.011643716 0.011666666 -0.23499981 -0.235 -0.24228976 -0.51166667 -0.51166667 -0.51166667 -0.27333333 -0.27333333 -0.27333333 -0.115 -0.115 -0.29833333 -0.29833333 -0.29833333 -0.29833321 -0.12667091 -0.12666854 -0.77820245 -0.7942835 -0.28557959 -0.285 -0.285 -0.285 -0.285 -0.28 -0.28 -0.28 -0.60915297 -0.62833333 -0.62833333 -0.62833334 -0.66833333 -0.66833333 -0.66832739 -0.50333333 -0.50334876 -0.84833333 -0.5
-0.85995569 -0.86000003 -1.01 -1.01 -1.01 -0.79333333 -0.79333333 -0.79333333 -0.845 -0.845 -0.69333333 -0.69333333 -0.69333333 0.011666667 0.011666667 0.011666667 0.011666667 0.011607652 -0.51166667 -0.51166667 -0.51166666 -0.27333333 -0.27333333 -0.27333333 -0.115 -0.115 -0.29833333 -0.29833333 -0.29833333 -0.12860222 -0.12666667 -0.12666667 -0.12666667 -0.12666667 -0.28492187 -0.285 -0.285 -0.285 -0.285 -0.22166668 -0.22166667 -0.22166667 -0.22166667 -0.62833376 -0.68333333 -0.68333333 -0.68333333 -0.84833333 -0.84833333 -0.84833333 -0.84833333 -0.84833333 -0.84833333
-0.86 -0.86 -1.01 -1.01 -1.01 -0.79447217 -0.79333333 -0.845 -0.845 -0.845 -0.693352 -0.69333333 -0.54216526 0.011666548 0.011666667 0.011666667 0.011666667 -0.086666666 -0.086666667 -0.086666667 0.11666666 0.11666638 -0.27333143 -0.27333333 -0.27308632 0.068333333 0.068333333 0.068332459 -0.29827408 0.27158728 0.27166455 0.27159712 -0.12598587 -0.12632291 -0.25654021 -0.2849998 -0.28328529 0.22666667 0.22666667 -0.22166667 -0.22166667 -0.22166667 -0.22166667 -0.68333333 -0.68333333 -0.68333333 -0.68333333 -0.84833333 -0.84833333 -0.84833333 -0.84833333 -0.84833333 -0.84833333
-0.86 -0.86 -1.01 -1.01 -1.01 -1.01 -0.81267066 -0.845 -0.845 -0.845 -0.84481403 -0.50833333 -0.50833333 -0.50833333 0.008602187 0.011666667 -0.086011398 -0.086666667 -0.086666667 -0.086666667 0.11666667 0.11666667 0.11666667 0.11666667 0.068333333 0.068333333 0.068333333 0.068333333 0.068333333 0.27166667 0.27166667 0.27166667 0.27166667 0.27166731 0.575 0.22666667 0.22666667 0.22666667 0.22666667 0.22666572 -0.0016666667 -0.0016666667 -0.0016666667 -0.17576412 -0.53666667 -0.53666667 -0.53666667 -0.84833332 -0.8483327 -0.195 -0.195 -0.12684223 -0.12666667
-0.86 -0.86 -0.95586053 -1.01 -1.01 -1.01 -1.0346628 -0.84559878 -0.845 -0.845 -0.5083334 -0.50833333 -0.50833333 -0.50833333 -0.50833333 -0.46564788 -0.086666667 -0.086666667 -0.086666667 -0.086666667 0.11666509 0.11666667 0.11666667 0.11666667 0.068333333 0.068333333 0.068333333 0.068333333 0.068333334 0.54508054 0.27166667 0.27166667 0.27166667 0.575 0.575 0.57472951 0.22666667 0.22666667 0.57840324 0.85166661 -0.0016666667 -0.0016666667 -0.0016666667 -0.17144736 -0.53666667 -0.53666667 -0.53666667 0.43666667 -0.18712949 -0.195 -0.195 -0.12666667 -0.12666667
-0.38333333 -0.38333333 -0.38333333 -0.85287744 -1.0097786 -1.035 -1.035 -1.035 -1.035 -0.83 -0.83 -0.50833336 -0.50833333 -0.50833333 -0.50833333 -0.5083066 -0.086666667 -0.086666667 -0.086666667 -0.086666667 0.027938596 0.11666667 0.11666667 0.12962102 0.58747264 0.068333333 0.068333333 0.068333333 0.64166667 0.64166667 0.64166667 0.64166511 0.575 0.575 0.575 0.575 0.85166667 0.85166667 0.85166667 0.85166667 0.185 0.185 0.185 0.056669247 0.056666667 0.056666667 0.056666479 0.43666667 0.43666667 -0.19423035 -0.195 -0.12666322 -0.12666667
-0.38333333 -0.38333333 -0.38333333 -0.38335882 -0.85666667 -0.88259926 -1.035 -1.035 -1.035 -0.83 -0.83 -0.83 -0.34000001 -0.34 -0.34 -0.34000001 -0.087683329 -0.086666667 -0.086666667 -0.086666667 -0.083556387 0.61166531 0.61166667 0.61166667 0.61166667 0.61166667 0.88999999 0.89 0.64166667 0.64166667 0.64166667 0.64166667 0.5750003 0.575 0.575 0.5750338 0.85166666 0.85166667 0.85166667 0.85016052 0.185 0.185 0.185 0.056672618 0.056666667 0.056666667 0.056666667 0.43666667 0.43666667 0.43666668 0.55666667 0.55666667 0.39833333
-0.38333333 -0.38333333 -0.38333333 -0.85666558 -0.85666667 -0.85666667 -1.0349999 -1.035 -1.035 -0.83 -0.83 -0.83 -0.34 -0.34 -0.34 -0.3629748 -0.64166667 -0.64166667 -0.64166523 -0.089801446 0.61166667 0.61166667 0.61166667 0.61166667 0.61166667 0.61187613 0.89 0.89 0.89 0.64166667 0.64166667 0.64160874 0.99 0.99 0.99 0.26833334 0.26833333 0.50833333 0.50833333 0.50833333 0.26333333 0.18502457 0.18500162 0.40166667 0.40166667 0.38859156 0.056668222 0.43666667 0.43666667 0.55666667 0.55666667 0.55666667 0.39833333
