interpolatedSpi/01-04|21_3.tif
NCOLS 53
NROWS 52
XLLCORNER -116.03883
YLLCORNER 28.596182
DX 0.49850594
DY 0.49788537
NODATA_VALUE -9999
[rows 0 to 36 of 52, columns 0 to 52 of 53]
-0.85 -0.85 -0.56829914 -1.2225 -1.44 -1.3825 -1.255 -1.23 -1.5038319 -1.8625 -1.43 -1.4875 -2.1648598 -0.4625 -1.18 -1.18 -1.18 -0.6675 -0.5675 -0.5675 -0.5675 -0.56750621 -1.2125 -0.25 -0.25 -0.25 -0.35749794 -0.3575 -0.3575 -0.0525 -0.0525 -0.0525 -0.0525 -1.9424996 -1.9425 -1.9425 -1.9425 -1.9425 -1.9425 -1.9424999 2.3685641 2.4141693 -0.845 -0.845 -0.845 -0.845 -0.84504083 -0.87 -0.87 -0.87 1.1474958 1.1475 1.1475
-0.85002944 -1.5125 -1.0950005 -1.3195365 -1.4803306 -1.0225 -0.9375 -2.144677 -2.335 -1.9075 -1.955 -2.165 -2.165 -1.2673074 -0.46251609 -1.18 -0.6675 -0.6675 -0.56763039 -0.5675 -0.5675 -0.5675 -0.27960836 -0.25 -0.25 -0.25 -1.4199999 -1.42 -0.0525 -0.0525 -0.0525 -0.0525 -0.0525 -1.9424997 -1.9425 -1.9425 -1.9425 -1.9425 -1.9424999 -1.6397303 -0.16756195 -0.76279072 -0.845 -0.845 -0.845 -0.845 -0.845 -0.87 -0.87 -0.87 -0.70270697 1.1475 1.1475
-1.6399828 -1.64 -1.5325 -0.93 -1.745 -2.0525 -1.66 -2.37 -2.365 -2.615 -1.9275 -2.565 -1.4825 -1.905 -1.27 -1.9225 -0.6675 -0.6675 -0.6675 -1.0123706 -1.0125 -1.0125 -0.8125 -0.25 -0.25 -0.25 -1.42 -1.42 -1.42 -0.0525 -0.0525 -0.05250009 -0.95151462 -1.9384946 -1.9239774 0.029264693 0.0475 0.0475 0.020458666 -0.1675 -0.1675 -0.16836635 -0.845 -0.845 -0.845 -0.845 -0.845 -0.87 -0.87 -0.87 -0.87 1.1475 1.1475
-1.0275 -1.64 -1.5425823 -0.71 -1.585 -1.88 -2.015 -2.475 -2.1675 -1.8907352 -1.7 -2.9675 -2.7375 -1.905 -1.815 -1.9225 -1.7711668 -1.7692275 -2 -1.0125 -1.0125 -2.1075 -0.8125 -0.8125 -0.25 -0.25000584 -1.42 -1.42 -1.42 -1.3175 -1.6480783 -1.92 -1.92 -1.9199984 0.0475 0.0475 0.0475 0.0475 -0.1675 -0.1675 -0.1675 -0.16750003 -0.845 -0.845 -0.845 -0.845 -0.845 -0.86999968 -0.87 -0.87 -0.87 1.1474302 1.1475
-1.0275 -1.0825008 -1.5425 -1.6424747 -1.585 -1.675 -2.1099422 -1.5875 -1.8175 -1.5925 -2.3975225 -2.7823005 -1.39 -1.815 -1.815 -1.8845321 -1.77 -1.77 -2 -2 -1.0125021 -2.1075 -1.655 -0.6775 -0.3275 -0.32745759 -1.42 -1.42 -1.3175 -1.3175 -1.92 -1.92 -1.92 -1.6159259 0.047499999 0.0475 0.0475 -0.1675 -0.1675 -0.1675 -0.1675 -0.16750434 -0.84499999 -0.845 -0.845 -0.845 -0.845 -0.84522253 -0.87 -0.87000538 -0.99 -0.99 -0.99
-1.3775 -1.2075 0.15749996 -0.9525 -1.59 -1.075 -1.5475 -1.5526211 -1.5875 -1.5725 -1.1575 -0.7775 -0.7775004 -0.475 -0.475 -1.2000272 -1.2 -0.9825 -0.9825 -1.999999 -1.52 -1.52 -0.6775 -0.3275 -0.3275 -0.145 -1.1625 -1.1625 -0.51507347 -1.3175 -1.92 -1.92 -0.3075 -0.30759456 -1.2124351 -0.77 -0.77 -0.35389713 -0.1675 -0.1675 -0.21244388 -0.2125 -0.21250037 -1.8740088 -1.8923842 -1.8924997 -1.8925 -1.8924996 -2.0628426 -0.99 -0.99 -0.99 -0.99
-0.2225091 -0.3175 -0.46980088 0.1225 0.2175 -1.365 -0.52249999 -1.12 -1.4325 -1.4325 -1.1575 -1.1025 -0.067500167 -0.475 -1.3124975 -1.3125 -1.2 -0.7175 -0.8475 -0.8475 -1.4552011 -1.3825 -1.3825 0.10999999 -0.145 -0.145 -1.1625 -1.1625 -0.51502593 -0.51547745 -1.1568881 -0.3075 -0.3075 -1.2125 -1.2125 -0.88028961 -0.77 -0.77 -0.41751222 -0.21250029 -0.2125 -0.2125 -0.21250459 -1.8924989 -1.8925 -1.8925 -1.8925 -1.8925002 -2.2875 -0.99025713 -0.99 -0.99 -0.99
-0.2225 0.33 -0.0675 -0.675 -1.2574666 -1.2775 -0.81 -1.1675 -1.1175 -1.335 -1.335 -0.6575 -0.0675 -0.0675 -1.3039581 -1.6654183 -1.7 -0.2725 -0.97249987 -0.8475 -0.70261499 -0.6625 -1.505 -0.395 -0.39501025 -1.19 -0.8175 -0.81750012 -0.95844066 -0.96 -1.1575 -0.88793449 -0.12 -1.2125 -1.2318944 -0.9725 -0.9725 -0.4175 -0.4175 -0.2125 -0.2125 -0.2125 -1.6887902 -1.695 -1.8925 -1.8925 -1.8925 -2.287485 -2.2875 -2.2875 -0.99 -0.99 -0.99
-0.0094635198 0.33 0.49 -0.405 -1.435 -1.18 -1.4 -1.3025 -1.62 -1.3269417 -1.2025 -1.0025 -1.0025 -0.84 -0.84000541 -1.390864 -1.39 -1.39 -0.37935609 -0.86250006 -1.135 -1.135 -1.2675 -1.4114051 -1.109885 -1.19 -0.275 -0.8175 -0.89206417 -0.8925 -1.1025 -1.1275 -1.3339934 -1.6825 -1.8925 -2.1325 -1.9175 -1.615 -1.307642 -0.21300217 -0.325 -0.8925 -1.6949568 -1.695 -1.6961116 -1.8925 -2.4375 -2.2875 -2.2875 -2.2875 -2.2875 -0.87451935 -0.85
-1.9075 -1.9075 -0.185 -0.8875 -1.6775 -1.605 -0.7725 -1.0675 -1.4075 -1.2523858 -1.575 0.01 -0.84 -0.84 -1.415 -1.4146571 -1.39 -1.389993 -1.275 -0.8625 -0.8625 -0.89760716 -1.2675 -1.3699981 -1.37 -1.37 -0.275 -1.065 -1.065 -0.8925 -0.8925 -1.1282776 -1.5375 -1.6825 -1.25 -2.1325 -1.9175 -1.485 -1.3075 -0.95825347 -0.89249997 -1.0899449 -1.43 -1.695 -1.695 -2.4375 -2.4375 -2.4375 -2.2875 -2.2875 -0.0625 -0.0625 -0.062500295
-1.9075 -1.9075 -0.845 -1.5425 -1.1725 -1.025 -1.185 -0.99274408 -1.3625 -1.4225 -1.76 -1.2125 0.0083712335 -1.415 -1.415 -1.415081 -2.1175 -2.0732816 -1.275 -1.42 -1.42 -1.3675 -1.3675 -1.37 -1.37 -1.37 -1.065 -1.065 -1.065 -2.3075 -2.3075 -2.3074987 -1.6225 -1.6225 -1.5875 -2.085 -1.405 -2.1849988 -1.335 -0.9525 -0.9525 0.16249477 -1.43 -1.695 -1.1050004 -1.5125 -1.0534864 -1.0475 -0.7275 -0.7275 -0.0625 -0.0625 -0.0625
-1.9075 -1.4488717 -1.1426481 -1.0250134 -0.5925 -1.61 -1.185 -0.9925 -1.3624969 -1.4218353 -1.2125003 -1.2125 -0.99 -1.415 -1.415 -2.1175 -2.1175 -2.1174521 -1.275 -1.42 -1.4096901 -1.3675 -1.3675 -1.3700005 -1.37 -1.4513581 -1.6175 -1.6175 -1.6174999 -2.3075 -2.3075 -1.9425 -1.9425 -1.6224999 -1.5875 -1.9250001 -1.5068251 -2.185 -2.185 -0.95249996 0.1625 0.1625 0.16249058 -1.105 -1.105 -1.5125 -1.0475 -1.0475 -0.7275 -0.7275 -0.0625 -0.0625 -0.0625
-1.1225 -0.81953331 -0.8075264 -0.80907281 -0.59250518 -1.609976 -1.185 -0.99486957 -1.3370032 -1.3640668 -0.99 -0.99 -0.99 -0.99 -1.4149398 -2.1175 -2.1175 -2.106622 -1.275 -1.4201669 -2 -2 -2 -2 -1.3808646 -1.6175 -1.6175 -1.6175 -1.6175 -1.6180643 -1.9425 -1.9425 -1.9425 -1.9425 -1.925 -1.925 -1.925 -2.1722945 -2.179461 -1.4475 -1.4475 0.1624134 -0.74751224 -1.1049656 -1.105 -1.5125 -1.0475 -1.0475 -0.7275 -0.7275 -0.064912548 -0.0625 -0.12904111
-1.1225 -0.8075 -0.8075 -0.8075 -0.8075 -0.80750033 -1.1860878 -1.0939642 -1.2689802 -0.99040265 -0.99 -0.99 -0.99 -0.99 -0.99000008 -2.1175 -2.1174999 -2.0597103 -1.2750141 -2 -2 -2 -2 -2 -2.00189 -2.0058143 -2.2024999 -2.2025 -2.2025 -2.2025 -1.9425 -1.9425 -1.9424996 -1.6 -1.6 -1.925 -1.4680699 -1.455 -1.4475 -1.4475 -1.4475 -1.4475 -0.7475 -0.7475 -0.7475 -0.7528237 -0.277639 -0.2725 -0.2725 -0.2725 -0.27250001 -0.58499989 -0.585
-0.115 -0.8075 -0.8075 -0.8075 -0.8075 -0.8075 -0.80750003 -1.0102647 -1.0880938 -1.0875 -1.0875 -1.0875 -1.0875 -1.0875 -1.0875 -0.50222995 -2.0915974 -2.0021333 -1.9999091 -2 -2 -2 -2 -1.999999 -2.0875 -2.0875 -2.0875002 -2.2025 -2.2025 -2.2029656 -2.435 -2.435 -1.6 -1.6 -1.6 -1.4782273 -1.455 -1.455 -1.455 -1.4475 -1.4475 -1.4475 -0.7475 -0.7475 -0.7475 -0.7475 -0.2725 -0.2725 -0.2725 -0.2725 -0.2725 -0.585 -0.585
-0.115 -0.37280988 -0.8075 -0.8075 -0.8075 -0.8075 -0.68502404 -0.685 -0.68500001 -1.0875 -1.0875 -1.0875 -1.0875 -1.0875 -0.95568732 -0.49 -0.49 -0.49 -1.1600642 -1.1575009 -1.1575 -1.1575 -1.1575 -1.1575 -2.0875 -2.0875 -2.0875 -2.0875 -2.2025 -2.435 -2.435 -2.435 -1.6000001 -1.6 -1.6 -1.1725 -1.454626 -1.455 -1.455 -1.4473233 -1.0944786 -0.27102676 -0.7475 -0.7475 -0.0097836836 -0.0075 -0.0075 -0.27221139 -0.098111546 -0.097500015 -0.097500033 -0.32753892 -0.58499948
-0.115 -0.54561552 -0.68098849 -0.8075 -0.8075 -0.68507238 -0.685 -0.685 -0.685 -0.68790053 -1.0875 -1.0875 -1.0875 -1.0874999 -0.49 -0.49 -0.49 -0.49 -1.1569037 -1.1575 -1.1575 -1.1575 -1.1575 -1.1575 -2.0875 -2.0875 -2.0875 -2.0875 -2.088764 -2.435 -2.435 -2.435 -2.0725 -1.5999679 -1.1725 -1.1725 -1.1725 -1.166585 -0.34268717 -0.2675 -0.2675 -0.2675 -0.4125 -0.4125 -0.0075 -0.0075 -0.0075 -0.097499999 -0.0975 -0.0975 -0.0975 -0.3275 -0.3275
-0.55710624 -0.5575 -0.5575 -0.5575 -0.7175 -0.68500084 -0.685 -0.685 -0.685 -0.685 -1.0367754 -1.0874913 -1.0875 -0.49 -0.49 -0.49 -0.49 -0.49 -0.54169715 -1.1575 -1.1575 -1.1575 -1.1575 -1.1575 -1.7515466 -2.0000005 -2 -2 -2 -2.435 -2.0725 -2.0725 -2.0725 -2.0725 -1.1725 -1.1724858 -0.6325 -0.6325 -0.27205757 -0.2675 -0.2675 -0.2675 -0.4125 -0.4125 -0.070207945 -0.0075 -0.0075 -0.0975 -0.0975 -0.0975 -0.099966198 -0.3275 -0.3275
-0.5575 -0.5575 -0.5575 -0.63284639 -0.7175 -0.7175 -0.685 -0.685 -0.685 -0.685 -0.4175 -0.4175 -0.4175 -0.49 -0.49 -0.49 -0.49 -0.4899591 -0.48 -0.48 -1.1574997 -1.1575 -1.1670557 -1.55 -1.5540511 -2 -2 -2 -2 -2.0724926 -2.0725 -2.0725 -2.0725 -2.0725 -0.6325019 -0.6325 -0.6325 -0.6325 -0.63117429 -0.2675 -0.2675 -0.2675 -0.4125 -0.4125 -0.4125 -0.0075 -0.0075 -0.097500007 -0.0975 -0.097500001 -0.3275 -0.3275 -0.3275
-0.5575 -0.5575 -0.5575 -0.7175 -0.7175 -0.7175 -0.71749995 -0.685 -0.685 -0.41777614 -0.4175 -0.4175 -0.4175 -0.41754517 -0.28966795 -0.2425 -0.2425 -0.2425 -0.48 -0.48 -0.48 -1.55 -1.55 -1.55 -1.5496933 -1.1896099 -2 -2 -2 -1.0541861 -0.82262294 -0.8225 -0.8225 -0.8225 -0.32963288 0.097498342 0.0975 0.0975 0.0975 0.087451426 0.0875 0.0875 -0.4125 -0.4125 -0.47249975 -0.47250008 -0.685 -0.685 -0.595 -0.595 -0.595 -0.3275 -0.69467141
-0.55749926 -0.5575 -0.55750001 -0.7175 -0.7175 -0.7175 -0.7175 -0.74499998 -0.6852399 -0.41762015 -0.4175 -0.4175 -0.4175 -0.4171566 -0.2425 -0.2425 -0.2425 -0.24250007 -0.48 -0.48 -0.48 -1.55 -1.55 -1.55 -0.455 -0.455 -0.3675 -0.3675 -0.3675 -0.36998217 -0.8225 -0.8225 -0.8225 -0.8225 -0.36275256 0.0975 0.0975 0.0975 0.0975 0.0875 0.0875 0.0875 0.069880258 -0.4725 -0.4725 -0.4725 -0.685 -0.685 -0.595 -0.595 -0.595 -0.695 -0.695
-0.3175 -0.4443984 -0.98 -0.97992384 -0.7175 -0.74484089 -0.745 -0.745 -0.70765119 -0.55 -0.55 -0.55 -0.55 -0.1475131 -0.1475 -0.24249993 -0.2425 -0.24875778 -0.48 -0.48 -0.48 -0.3375 -0.3375 -0.3375 -0.455 -0.455 -0.3675 -0.3675 -0.3675 -0.36749951 0.3099928 0.30999682 -0.79403631 -0.82128588 0.3062141 0.3075 0.3075 0.3075 0.3075 0.0875 0.0875 0.0875 -0.44166462 -0.4725 -0.4725 -0.47249998 -0.685 -0.685 -0.68499676 -0.595 -0.59500447 -0.695 -0.695
-0.67243258 -0.67250005 -0.98 -0.98 -0.98 -0.745 -0.745 -0.745 -0.6425 -0.6425 -0.55 -0.55 -0.55 -0.1475 -0.1475 -0.1475 -0.1475 -0.14753726 -0.48 -0.48 -0.47999999 -0.3375 -0.3375 -0.3375 -0.455 -0.455 -0.3675 -0.3675 -0.3675 0.30236114 0.31 0.31 0.31 0.31 0.30750123 0.3075 0.3075 0.3075 0.3075 0.12999999 0.13 0.13 0.13 -0.47249918 -0.365 -0.365 -0.365 -0.5975 -0.5975 -0.5975 -0.695 -0.695 -0.695
-0.6725 -0.6725 -0.98 -0.98 -0.98 -0.7462352 -0.745 -0.6425 -0.6425 -0.6425 -0.55001139 -0.55 -0.44990222 -0.14750006 -0.1475 -0.1475 -0.1475 0.03 0.03 0.03 0.30999999 0.30999952 -0.33749685 -0.3375 -0.33716839 0.2775 0.2775 0.27749846 -0.36739576 0.67742676 0.67749804 0.67743584 0.3106281 0.31031715 0.3081859 0.30750025 0.30965316 0.95 0.95 0.13 0.13 0.13 0.13 -0.365 -0.365 -0.365 -0.365 -0.5975 -0.5975 -0.5975 -0.695 -0.695 -0.695
-0.6725 -0.6725 -0.98 -0.98 -0.98 -0.98 -0.70663724 -0.6425 -0.6425 -0.6425 -0.64238124 -0.4275 -0.4275 -0.4275 -0.1491501 -0.1475 0.028817184 0.03 0.03 0.03 0.31 0.31 0.31 0.31 0.2775 0.2775 0.2775 0.2775 0.2775 0.6775 0.6775 0.6775 0.6775 0.67750115 1.225 0.95 0.95 0.95 0.95 0.949998 0.4475 0.4475 0.4475 0.23272575 -0.2125 -0.2125 -0.2125 -0.59749999 -0.59749952 -0.1 -0.1 -0.19012285 -0.19
-0.6725 -0.6725 -0.86901409 -0.98 -0.98 -0.98 -0.82218059 -0.64306726 -0.6425 -0.6425 -0.42750005 -0.4275 -0.4275 -0.4275 -0.4275 -0.40448125 0.03 0.03 0.03 0.03 0.30999783 0.31 0.31 0.31 0.2775 0.2775 0.2775 0.2775 0.2775 0.69043174 0.6775 0.6775 0.6775 1.225 1.225 1.2247865 0.95 0.95 1.2721907 1.5224999 0.4475 0.4475 0.4475 0.23770759 -0.2125 -0.2125 -0.2125 0.5075 -0.092430609 -0.1 -0.1 -0.19 -0.19
-0.31 -0.31 -0.31 -0.81201258 -0.97943555 -0.8225 -0.8225 -0.8225 -0.8225 -0.675 -0.675 -0.42750002 -0.4275 -0.4275 -0.4275 -0.427471 0.03 0.03 0.03 0.03 0.18781708 0.31 0.31 0.31647718 0.54503191 0.2775 0.2775 0.2775 0.695 0.695 0.695 0.69499993 1.225 1.225 1.225 1.225 1.5225 1.5225 1.5225 1.5225 0.5975 0.5975 0.5975 0.42250352 0.4225 0.4225 0.4224998 0.5075 0.5075 -0.099259795 -0.1 -0.18999781 -0.19
-0.31 -0.31 -0.31 -0.31001521 -0.5925 -0.62594578 -0.8225 -0.8225 -0.8225 -0.675 -0.675 -0.675 -0.26750001 -0.2675 -0.2675 -0.26750001 0.028694826 0.03 0.03 0.03 0.034259308 0.55749932 0.5575 0.5575 0.5575 0.5575 0.7075 0.7075 0.695 0.695 0.695 0.695 1.225 1.225 1.225 1.225002 1.5225 1.5225 1.5225 1.519824 0.5975 0.5975 0.5975 0.42250812 0.4225 0.4225 0.4225 0.5075 0.5075 0.50749996 0.245 0.245 0.0875
-0.31 -0.31 -0.31 -0.59249935 -0.5925 -0.5925 -0.82249991 -0.8225 -0.8225 -0.675 -0.675 -0.675 -0.2675 -0.2675 -0.2675 -0.29910621 -0.6825 -0.6825 -0.68249816 0.025975618 0.5575 0.5575 0.5575 0.5575 0.5575 0.55761288 0.7075 0.7075 0.7075 0.695 0.695 0.69483104 1.25 1.25 1.25 0.5025 0.5025 0.9125 0.9125 0.9125 0.3925 0.5974357 0.59749819 0.355 0.355 0.35755817 0.42249997 0.5075 0.5075 0.245 0.245 0.245 0.0875
-0.31 -0.31 -0.31 -0.5925 -0.5925 -0.5925 -0.5925 -0.8225 -0.8225 -0.675 -0.675 -0.28379412 -0.2675 -0.2675 -0.2675 -0.6825 -0.6825 -0.6825 -0.6825 -0.6825 0.5575 0.5575 0.5575 0.5575 0.5575 0.70749949 0.7075 0.7075 0.7075 0.4325 0.4325 0.4325 1.25 1.25 1.25 0.5025 0.5025 0.9125 0.9125 0.3925 0.3925 0.3925 0.355 0.355 0.355 0.355 0.35376779 0.34 0.34 0.34 0.245 0.22 0.22
-0.31 -0.31 -0.31039339 -0.5925 -0.5925 -0.5925 -0.5925 -0.74482188 -0.7525 -0.75236694 -0.675 -0.26752869 -0.2675 -0.2675 -0.26750144 -0.6825 -0.6825 -0.6825 -0.6825 -0.6825 -0.080310916 0.5575 0.5575 0.5575 0.55746911 0.70748312 0.7075 0.7075 0.7075 0.4325 0.4325 0.4325 0.43261659 1.25 0.5025 0.5025 0.5025 0.50251686 0.91246454 0.3925 0.3925 0.3925 0.35500228 0.355 0.355 0.355 0.34000354 0.34 0.34 0.34 0.22 0.22 0.22
-0.785 -0.78499917 -0.59235822 -0.5925 -0.5925 -0.5925 -0.75246595 -0.7525 -0.7525 -0.7525 -0.61 -0.61 -0.61 -0.61 -0.68216533 -0.6825 -0.6825 -0.6825 -0.6825 -0.10750034 -0.1075 -0.1075 0.40750002 0.4075 0.4075 0.4075 0.43339386 0.7075 0.26001833 0.26 0.26 0.26 0.26 0.49 0.49 0.49 0.49 0.49 0.61 0.61 0.61 0.61 0.61 0.69199124 0.6925 0.6925 0.6925 0.34 0.34 0.34 0.22001891 0.22 0.22
-0.785 -0.785 -0.78288589 -0.53250012 -0.53250001 -0.5327145 -0.7525 -0.7525 -0.7525 -0.7525 -0.61 -0.61 -0.61 -0.61 -0.61 -0.6825 -0.6825 -0.6825 -0.10750014 -0.1075 -0.1075 -0.1075 0.4075 0.4075 0.4075 0.4075 0.4075 0.40756333 0.26003765 0.26 0.26 0.26 0.26001513 0.62038737 0.49013501 0.49 0.49 0.49 0.61 0.61 0.61 0.61 0.61 0.6925 0.6925 0.6925 0.6925 0.52766411 0.34 0.20650619 0.205 0.0775 0.0775
-0.785 -0.785 -0.53253198 -0.5325 -0.5325 -0.5325 -0.58837907 -0.7525 -0.7525 -0.7525 -0.61 -0.61 -0.61 -0.61 -0.61 -0.68244333 -0.6825 -0.10766859 -0.1075 -0.1075 -0.1075 -0.1075 0.21671491 0.4075 0.4075 0.4075 0.4075 0.4074646 0.3575 0.3575 0.3575 0.3575 0.3575 0.72 0.72 0.72 0.72 0.72 0.84 0.84 0.84 0.84 0.84 0.69207271 0.69249991 0.6925 0.69247034 0.68886045 0.205 0.205 0.205 0.077500714 0.0775
-0.78500018 -0.88059914 -0.53250005 -0.5325 -0.5325 -0.5325 -0.5325 -0.75240633 -0.7525 -0.7525 -0.61 -0.61 -0.61 -0.61 -0.51466561 -0.5125 -0.5125 -0.10751042 -0.1075 -0.1075 -0.1075 -0.1075 -0.10750002 0.4075 0.4075 0.4075 0.4075 0.38249998 0.38249999 0.37717939 0.3575 0.3575 0.3575 0.72 0.72 0.72 0.72 0.71995767 0.84 0.84 0.84 0.84 0.83998046 0.5175 0.5175 0.5175 0.5175 0.5174748 0.205 0.205 0.205 0.20499975 -0.19344996
-0.8825 -0.8825 -0.81374521 -0.5325 -0.5325 -0.5325 -0.5325 -0.5325 -0.75240584 -0.605 -0.605 -0.605 -0.60501187 -0.51250014 -0.5125 -0.5125 -0.5125 -0.5125 -0.10750261 -0.12980952 -0.325 -0.325 -0.325 -0.14213352 0.34287063 -0.0029488921 -0.29430556 0.3825 0.3825 0.3825 0.3825 0.3825 0.3822986 0.65508697 0.6575 0.6575 0.6575 0.6575 0.79209723 0.58500046 0.585 0.585 0.585 -0.029998395 0.51749986 0.5175 0.5175 -0.3575 0.20499099 0.205 0.205 -0.1975 -0.1975
-0.8825 -0.8825 -0.855 -0.855 -0.855 -0.53260743 -0.5325 -0.5325 -0.605 -0.605 -0.605 -0.605 -0.605 -0.5125 -0.5125 -0.5125 -0.5125 -0.5125 -0.325 -0.325 -0.325 -0.325 -0.325 -0.4 -0.4 -0.4 -0.4 0.3825 0.3825 0.3825 0.3825 0.3825 0.4425 0.4425 0.6575 0.6575 0.6575 0.29256216 0.2925 0.585 0.585 0.585 0.58499989 -0.03 -0.03 -0.03 -0.3575 -0.3575 -0.3575 -0.2175 -0.2175 -0.1975 -0.1975
