interpolatedSpi/01-09|19_3.tif
NCOLS 53
NROWS 52
XLLCORNER -116.03883
YLLCORNER 28.596182
DX 0.49850594
DY 0.49788537
NODATA_VALUE -9999
[rows 0 to 26 of 52, columns 0 to 52 of 53]
0.41333333 0.41333333 0.19666951 0.0088888889 0.045555556 0.15 0.13888889 0.054444444 -0.51940043 -0.78 -0.61666667 -0.19555556 -0.51109336 -0.29555556 -0.22222222 -0.22222222 -0.22222222 0.11555556 0.10888889 0.10888889 0.10888889 0.10888128 -0.68111111 -0.1 -0.1 -0.1 -0.6944391 -0.69444444 -0.69444444 -0.98444444 -0.98444444 -0.98444444 -0.98444444 -1.5833332 -1.5833333 -1.5833333 -1.5833333 -1.5833333 -1.5833333 -1.5833333 -0.31697283 -0.3035484 -1.1477778 -1.1477778 -1.1477778 -1.1477778 -1.1486598 -1.6877778 -1.6877778 -1.6877778 -0.48333583 -0.48333333 -0.48333333
0.41331245 -0.056666667 0.34777806 0.29146546 0.12548209 0.44333333 0.79555556 -0.096578418 -0.43555556 -0.40777778 -0.082222222 -0.51111111 -0.51111111 0.22381793 -0.29554861 -0.22222222 0.11555556 0.11555556 0.10889758 0.10888889 0.10888889 0.10888889 -0.12672795 -0.1 -0.1 -0.1 -0.18999999 -0.19 -0.98444444 -0.98444444 -0.98444444 -0.98444444 -0.98444444 -1.5833332 -1.5833333 -1.5833333 -1.5833333 -1.5833333 -1.5833332 -1.3228596 -0.048947305 -1.0144363 -1.1477778 -1.1477778 -1.1477778 -1.1477778 -1.1477778 -1.6877778 -1.6877778 -1.6877778 -1.5879041 -0.48333333 -0.48333333
0.16000243 0.16 0.59222222 0.61 -0.077777778 -0.22222222 0.063333333 0.22777778 -0.61444444 -0.51555556 -0.031111111 -0.50111111 0.027777778 0.0011111111 0.22555556 -0.91111111 0.11555556 0.11555556 0.11555556 -0.11882267 -0.11888889 -0.11888889 -0.60777778 -0.1 -0.1 -0.1 -0.19 -0.19 -0.19 -0.98444444 -0.98444444 -0.98444445 -1.0095842 -1.5795796 -1.5680478 0.043840434 0.058888889 0.058888889 0.045333285 -0.048888888 -0.048888889 -0.05029409 -1.1477778 -1.1477778 -1.1477778 -1.1477778 -1.1477778 -1.6877778 -1.6877778 -1.6877778 -1.6877778 -0.48333333 -0.48333333
0.096666667 0.15999982 -0.73116983 0.36777778 -0.41 -0.064444444 -0.058888889 -0.45555556 -0.47111111 -0.045234382 -0.65111111 -0.85 -0.53555556 0.0011111111 -0.28888889 -0.91111111 -0.52078715 -0.51733403 -0.83777778 -0.11888889 -0.11888889 -0.4 -0.60777778 -0.60777778 -0.1 -0.10000045 -0.19 -0.19 -0.19 -1.1977778 -1.1093797 -1.0366667 -1.0366667 -1.0366658 0.058888889 0.058888889 0.058888889 0.058888889 -0.048888889 -0.048888889 -0.048888889 -0.04888893 -1.1477778 -1.1477778 -1.1477778 -1.1477778 -1.1477778 -1.687771 -1.6877778 -1.6877778 -1.6877778 -0.48334299 -0.48333333
0.096666667 -0.22000094 -0.73111111 -0.82112708 -0.41 -0.45111111 -0.53108774 -0.57333333 -0.51111111 -0.82222228 -0.74496919 -0.70664868 -0.58111111 -0.28888889 -0.28888889 -0.69903687 -0.51777778 -0.51777778 -0.83777778 -0.83777778 -0.11888951 -0.4 -0.74333333 -0.70777778 -0.41555556 -0.41556174 -0.19 -0.19 -1.1977778 -1.1977778 -1.0366667 -1.0366667 -1.0366667 -1.0553145 0.058888888 0.058888889 0.058888889 -0.048888889 -0.048888889 -0.048888889 -0.048888889 -0.048905406 -1.1477778 -1.1477778 -1.1477778 -1.1477778 -1.1477778 -1.1525844 -1.6877778 -1.687737 -0.77888889 -0.77888889 -0.77888889
-1.6166667 -0.25 -0.1422222 -0.54333333 -0.12 -0.0077777778 -0.89 -0.8494576 -1.0077778 -0.89555556 -0.93111111 -0.81 -0.80999985 -1.3566667 -1.3566667 -0.56102902 -0.56111111 -0.57777778 -0.57777778 -0.83777743 -0.99555556 -0.99555556 -0.70777778 -0.41555556 -0.41555556 -0.44222222 -1.2744444 -1.2744444 -0.63893985 -1.1977778 -1.0366667 -1.0366667 -1.1355556 -1.135569 -1.2644351 -1.0533333 -1.0533333 -0.35963671 -0.048888889 -0.048888889 -0.21978659 -0.22 -0.21999888 -0.083568245 -0.064564175 -0.064444733 -0.064444481 -0.064444856 -0.50789265 -0.77888889 -0.77888889 -0.77888889 -0.77888889
-0.74444915 -0.35777778 -0.18375042 -0.0066666662 0.42 -0.81111111 -0.73222222 -0.85333333 -1.1622222 -1.1622222 -0.93111111 -0.79777778 -0.90999992 -1.3566667 -0.22111451 -0.22111111 -0.56111111 -0.31777778 -0.44777778 -0.44777778 -0.97146868 -0.94444444 -0.94444444 -0.38111111 -0.44222222 -0.44222222 -1.2744444 -1.2744444 -0.63889821 -0.63906056 -0.4964912 -1.1355556 -1.1355556 -1.2644444 -1.2644444 -0.93956408 -1.0533333 -1.0533333 -0.92111569 -0.22000098 -0.22 -0.22 -0.21999331 -0.064443596 -0.064444444 -0.064444444 -0.064444444 -0.064444657 -0.42111111 -0.77881799 -0.77888889 -0.77888889 -0.77888889
-0.74444444 -0.90666667 0.12777778 -1.0377778 -0.5555832 -1.0777778 -1.1866667 -0.94666666 -1.0966667 -0.65666667 -0.65666667 -0.60666667 -0.91 -0.91 -0.22583753 -0.27272067 -0.27777778 -0.20333333 -0.66777755 -0.44777778 -0.1042327 -0.075555556 -0.66444444 -0.80444444 -0.80444396 -0.76666667 -0.14111111 -0.14111151 -0.79832823 -0.79888888 -0.49555556 -0.54380565 -1.0266667 -1.2644444 -1.2394726 -0.84444444 -0.84444444 -0.92111111 -0.92111111 -0.22 -0.22 -0.21999999 0.087763649 0.08777777 -0.064444444 -0.064444444 -0.064444444 -0.42109753 -0.42111111 -0.42111111 -0.77888889 -0.77888889 -0.77888889
-0.84935191 -0.90666666 -0.21444444 -0.097777778 -0.32888889 -0.82333333 -0.73444444 -0.53444444 -1.1133333 -0.59145472 -0.66555556 -0.62444444 -0.62444444 -0.095555556 -0.09555193 -0.68441904 -0.68555556 -0.68555556 -0.27423149 -0.0077778627 -0.41333333 -0.41333333 -0.25555556 -0.50330806 -0.77047367 -0.76666667 -0.53888889 -0.14111111 -0.2990767 -0.3 -0.40888889 -0.093333333 -0.18903088 -0.56555556 -0.38888889 -0.50222222 -0.54 -0.81222222 -0.24026423 -0.21791691 0.24666667 0.12777778 0.087749383 0.087777778 0.086920989 -0.064444444 -0.29555554 -0.42111111 -0.42111111 -0.42111111 -0.42111111 -0.67056742 -0.037777778
-0.52888889 -0.52888889 -0.37222222 -0.26111111 -0.36444444 -0.94777778 -0.60333333 -0.62333333 -0.21444444 -0.45888285 -0.48555556 -0.43111111 -0.095555556 -0.095555556 0.29 0.27661981 -0.68555556 -0.68542664 -0.16222222 -0.0077777778 -0.0077777778 -0.060026917 -0.25555556 -0.58888258 -0.58888889 -0.58888889 -0.53888889 0.15444444 0.15444444 -0.3 -0.3 -0.09369369 -0.28333333 -0.56555556 -0.29555556 -0.50222222 -0.54 -1.0388889 -0.24 0.51424132 0.12777778 0.049003886 -0.086666667 0.087777778 0.087777778 -0.29555556 -0.29555556 -0.29555556 -0.42111111 -0.42111111 0.091111111 0.091111111 0.091111063
-0.52888889 -0.52888889 -0.57444444 -1.1455556 -0.89111111 -0.36555556 -0.67 -0.60679707 -0.79 -0.71666667 -0.29222222 -0.75777778 -0.4315455 0.29 0.29 0.28999744 0.26777778 0.24520936 -0.16222222 0.29666667 0.29666667 0.78 0.78 -0.58888889 -0.58888889 -0.58888889 0.15444444 0.15444444 0.15444444 -0.54444444 -0.54444444 -0.54444401 -0.25 -0.25 -0.99111111 -0.46555556 0.051111111 -0.72999873 -0.17 0.52666667 0.52666667 -0.042222368 -0.086666667 0.087777778 0.16111089 -0.12333333 0.16799496 0.17 0.70666667 0.70666667 0.091111111 0.091111111 0.091111111
-0.52888889 -0.54873827 -0.81815793 -1.1188742 -0.36333333 -0.51555556 -0.67 -0.60666667 -0.78999847 -0.71747911 -0.75777772 -0.75777778 0.24666667 0.29 0.29 0.26777778 0.26777778 0.26775331 -0.16222222 0.29666667 0.3915835 0.78 0.78 -0.58883365 -0.58888889 -0.30071141 0.28777778 0.28777778 0.28777776 -0.54444444 -0.54444444 0.024444444 0.024444444 -0.25000203 -0.99111111 0.1355553 -0.050268099 -0.73 -0.73 0.52666665 -0.042222222 -0.042222222 -0.042220759 0.16111111 0.16111111 -0.12333333 0.17 0.17 0.70666667 0.70666667 0.091111111 0.091111111 0.091111111
-0.64888889 -0.33711981 -0.30891938 -0.31474712 -0.3633343 -0.51555196 -0.67 -0.60744627 -0.77736646 -0.78808507 0.24666667 0.24666667 0.24666667 0.24666667 0.28999386 0.26777778 0.26777778 0.26222579 -0.16222222 0.29684122 0.91 0.91 0.91 0.91 -0.56279656 0.28777778 0.28777778 0.28777778 0.28777778 0.2873246 0.024444444 0.024444444 0.024444444 0.024444445 0.13555555 0.13555556 0.13555556 -0.688092 -0.71981905 0.62555556 0.62555556 -0.042186304 0.19111008 0.161114 0.16111111 -0.12333333 0.17 0.17 0.70666666 0.70666667 0.09334428 0.091111111 -0.11311897
-0.64888889 -0.30888889 -0.30888889 -0.30888889 -0.30888889 -0.30888897 -0.66960461 -0.64005681 -0.74366133 0.24555212 0.24666667 0.24666667 0.24666667 0.24666667 0.24666691 0.26777778 0.26777771 0.23828271 -0.16221276 0.91 0.91 0.91 0.91 0.91 0.9074996 0.4046377 0.40444442 0.40444444 0.40444444 0.40444444 0.024444455 0.024444444 0.024445029 0.51 0.51 0.13555556 0.71454974 0.73111111 0.62555562 0.62555556 0.62555556 0.62555556 0.19111111 0.19111111 0.19111111 0.18892286 0.084940176 0.084444444 0.084444444 0.084444444 0.084444456 0.60777767 0.60777778
0.32777778 -0.30888889 -0.30888889 -0.30888889 -0.30888889 -0.30888889 -0.30888891 -0.41563379 0.56848212 0.57555556 0.57555556 0.57555556 0.57555556 0.57555556 0.57555555 0.88794628 0.27768443 0.2088966 0.90986533 0.91 0.91 0.91 0.91 0.91000041 0.79444444 0.79444444 0.7944439 0.40444444 0.40444444 0.40513417 0.74888889 0.74888889 0.51 0.51 0.51 0.69569164 0.73111111 0.73111111 0.73111111 0.62555556 0.62555556 0.62555556 0.19111111 0.19111111 0.19111111 0.19111111 0.084444452 0.084444444 0.084444444 0.084444444 0.084444444 0.60777778 0.60777778
0.32777778 0.090754011 -0.30888889 -0.30888889 -0.30888889 -0.30888889 0.18323673 0.18333333 0.18333334 0.57555556 0.57555556 0.57555556 0.57555556 0.57555556 0.64590468 0.89444444 0.89444444 0.89444444 1.2655801 1.2666663 1.2666667 1.2666667 1.2666667 1.2666667 0.79444444 0.79444444 0.79444444 0.79444444 0.40444444 0.74888889 0.74888889 0.74888889 0.51000002 0.51 0.51 1.0022222 0.73147007 0.73111111 0.73111111 0.62558738 0.68904623 0.83714349 0.19111111 0.19111111 0.54003099 0.54111111 0.54111111 0.085378744 0.6502381 0.65222217 0.65222211 1.0477111 0.60777867
0.32777778 0.012047224 -0.15089007 -0.30888889 -0.30888889 0.18304251 0.18333333 0.18333333 0.18333333 0.1861598 0.57555556 0.57555556 0.57555556 0.57555559 0.89444444 0.89444444 0.89444444 0.89444444 1.2663342 1.2666667 1.2666667 1.2666667 1.2666667 1.2666667 0.79444446 0.79444444 0.79444444 0.79444444 0.79427875 0.74888889 0.74888889 0.74888889 1.36 0.51007059 1.0022222 1.0022222 1.0022222 1.0054754 0.83103987 0.83777778 0.83777778 0.83777778 0.80666667 0.80666667 0.54111111 0.54111111 0.54111111 0.65222222 0.65222222 0.65222222 0.65222222 1.0477778 1.0477778
0.0036983194 0.0033333333 0.0033333333 0.0033333333 3.3705155e-11 0.1833286 0.18333333 0.18333333 0.18333333 0.18333333 0.56882579 0.5755544 0.57555555 0.89444444 0.89444444 0.89444444 0.89444444 0.89444444 0.90686057 1.2666667 1.2666667 1.2666667 1.2666667 1.2666667 1.2192783 1.5033295 1.5033333 1.5033333 1.5033333 0.74888892 1.36 1.36 1.36 1.36 1.0022222 1.0022301 1.3 1.3 0.84354931 0.83777778 0.83777778 0.83777778 0.80666667 0.80666667 0.58222825 0.54111111 0.54111111 0.65222222 0.65222222 0.65222222 0.65646361 1.0477778 1.0477778
0.0033333333 0.0033333333 0.0033333333 0.0017636169 1.0621211e-29 3.0889081e-15 0.18333333 0.18333333 0.18333333 0.18333333 0.48666667 0.48666667 0.48666667 0.89444444 0.89444444 0.89444444 0.89444444 0.8943956 0.62888889 0.62888889 1.2666664 1.2666667 1.2649354 1.1955556 1.1983263 1.5033333 1.5033333 1.5033333 1.5033333 1.3600146 1.36 1.36 1.36 1.36 1.299999 1.3 1.3 1.3 1.2983942 0.83777778 0.83777778 0.83777778 0.80666667 0.80666667 0.80666667 0.54111111 0.54111111 0.65222223 0.65222222 0.65222222 1.0477778 1.0477778 1.0477778
0.0033333333 0.0033333333 0.0033333333 6.697062e-18 3.2392815e-63 2.3405721e-57 2.801328e-07 0.18333333 0.18333333 0.48635354 0.48666667 0.48666667 0.48666667 0.48692073 0.65521515 0.59888889 0.59888889 0.59888889 0.62888889 0.62888889 0.62888889 1.1955556 1.1955556 1.1955556 1.1955699 1.3687054 1.5033333 1.5033333 1.5033333 1.5982209 1.6488605 1.6488889 1.6488889 1.6488889 1.4439443 1.6455548 1.6455556 1.6455556 1.6455556 1.482134 1.4822222 1.4822222 0.80666667 0.80666667 1.3222201 1.3222222 1.2533333 1.2533333 1.2288889 1.2288889 1.2288889 1.0477778 1.1965335
0.0033354747 0.0033333333 0.0033333332 3.4511433e-26 1.447055e-58 1.7023355e-55 5.082177e-09 0.47666658 0.18450619 0.48655382 0.48666667 0.48666667 0.48666667 0.48688688 0.59888889 0.59888889 0.59888889 0.5988889 0.62888889 0.62888889 0.62888889 1.1955556 1.1955556 1.1955556 1.2466667 1.2466667 1.4488889 1.4488889 1.4488889 1.44998 1.6488889 1.6488889 1.6488889 1.6488889 1.6472231 1.6455556 1.6455556 1.6455556 1.6455556 1.4822222 1.4822222 1.4822222 1.477188 1.3222222 1.3222222 1.3222222 1.2533333 1.2533333 1.2288889 1.2288889 1.2288889 1.1966667 1.1966667
0.69333333 0.37998764 0.54777778 0.54761886 1.9964462e-14 0.47390869 0.47666667 0.47666667 0.52808454 0.36222223 0.36222222 0.36222222 0.36222222 0.42555349 0.42555556 0.59888876 0.59888889 0.59967934 0.62888889 0.62888889 0.62888889 0.88777778 0.88777778 0.88777778 1.2466667 1.2466667 1.4488889 1.4488889 1.4488889 1.448889 1.6255557 1.6255556 1.6483024 1.6488639 1.50572 1.5055556 1.5055556 1.5055556 1.5055556 1.4822222 1.4822222 1.4822222 1.331032 1.3222222 1.3222222 1.3222221 1.2533333 1.2533333 1.2533325 1.2288889 1.2288787 1 1.1966667
0.73221484 0.73222219 0.54777778 0.54777778 0.54777778 0.47666667 0.47666667 0.47666667 0.61777778 0.61777778 0.36222222 0.36222222 0.36222222 0.42555556 0.42555556 0.42555556 0.42555556 0.42557878 0.62888889 0.62888889 0.6288889 0.88777778 0.88777778 0.88777778 1.2466667 1.2466667 1.4488889 1.4488889 1.4488889 1.6235636 1.6255556 1.6255556 1.6255556 1.6255556 1.5056148 1.5055556 1.5055556 1.5055556 1.5055556 1.0044446 1.0044444 1.0044444 1.0044444 1.3222166 0.58666667 0.58666667 0.58666667 0.87888889 0.87888889 0.87888889 1 1 1
0.73222222 0.73222222 0.54777778 0.54777778 0.54777778 0.47704044 0.47666667 0.61777778 0.61777778 0.61777778 0.36225368 0.36222222 0.36313014 0.42555554 0.42555556 0.42555556 0.42555556 0.24888889 0.24888889 0.24888889 0.40222223 0.40222258 0.88777541 0.88777778 0.88793783 0.98777778 0.98777778 0.98777888 1.4488144 1.5600131 1.5600003 1.5600114 1.6254435 1.625499 1.5268851 1.5055552 1.5028373 0.69444444 0.69444444 1.0044444 1.0044444 1.0044444 1.0044444 0.58666667 0.58666667 0.58666667 0.58666667 0.87888889 0.87888889 0.87888889 1 1 1
0.73222222 0.73222222 0.54777778 0.54777778 0.54777778 0.54777778 0.52948043 0.61777778 0.61777778 0.61777778 0.61763723 0.36333333 0.36333333 0.36333333 0.42518887 0.42555556 0.25006615 0.24888889 0.24888889 0.24888889 0.40222222 0.40222222 0.40222222 0.40222222 0.98777778 0.98777778 0.98777778 0.98777778 0.98777778 1.56 1.56 1.56 1.56 1.5600001 1.61 0.69444444 0.69444444 0.69444444 0.69444444 0.69444345 0.33111111 0.33111111 0.33111111 0.40523338 0.55888889 0.55888889 0.55888889 0.87888888 0.87888895 0.94111111 0.94111111 1.2910403 1.2911111
0.73222222 0.73222222 0.61434927 0.54777778 0.54777778 0.54777778 0.77194816 0.6182645 0.61777778 0.61777778 0.36333341 0.36333333 0.36333333 0.36333333 0.36333333 0.36841646 0.24888889 0.24888889 0.24888889 0.24888889 0.40222104 0.40222222 0.40222222 0.40222222 0.98777778 0.98777778 0.98777778 0.98777778 0.98777778 1.0525833 1.56 1.56 1.56 1.61 1.61 1.609289 0.69444444 0.69444444 0.8570249 0.98333331 0.33111111 0.33111111 0.33111111 0.40571734 0.55888889 0.55888889 0.55888889 1.0788889 0.94282781 0.94111111 0.94111111 1.2911111 1.2911111
1.0333333 1.0333333 1.0333333 0.6695199 0.54832644 0.77222222 0.77222222 0.77222222 0.77222222 0.74555556 0.74555556 0.36333336 0.36333333 0.36333333 0.36333333 0.36332609 0.24888889 0.24888889 0.24888889 0.24888889 0.33531253 0.40222222 0.40222222 0.40047753 0.36459827 0.98777778 0.98777778 0.98777778 0.87333333 0.87333333 0.87333333 0.87333622 1.61 1.61 1.61 1.61 0.98333333 0.98333333 0.98333333 0.98333333 0.60666667 0.60666667 0.60666667 0.96221507 0.96222222 0.96222222 0.96222209 1.0788889 1.0788889 0.94127899 0.94111111 1.2911094 1.2911111
