interpolatedSpi/01-09|23_2.tif
NCOLS 53
NROWS 52
XLLCORNER -116.03883
YLLCORNER 28.596182
DX 0.49850594
DY 0.49788537
NODATA_VALUE -9999
[rows 0 to 27 of 52, columns 0 to 52 of 53]
-0.094444444 -0.094444444 -0.36201994 -0.36111111 -0.0022222222 -0.046666667 -0.084444444 0.11666667 -0.63251127 -0.39333333 -0.16555556 -0.34444444 -0.64775692 -0.39444444 -0.38333333 -0.38333333 -0.38333333 -0.67444444 -0.68777778 -0.68777778 -0.68777778 -0.68777418 -0.31444445 -0.85666667 -0.85666667 -0.85666667 -0.67333552 -0.67333333 -0.67333333 -1.1711111 -1.1711111 -1.1711111 -1.1711111 -1.7055554 -1.7055556 -1.7055556 -1.7055556 -1.7055556 -1.7055556 -1.7055555 0.27533012 0.29626555 -1.2777778 -1.2777778 -1.2777778 -1.2777778 -1.2768704 -0.72222222 -0.72222222 -0.72222222 0.082220551 0.082222222 0.082222222
-0.09446982 -0.66555556 -0.30333344 -0.29870004 -0.2566532 -0.37222222 -0.53777778 -0.56080384 -0.70222222 -0.59 -0.47111111 -0.64777778 -0.64777778 -0.73441813 -0.39444847 -0.38333333 -0.67444444 -0.67444444 -0.68776039 -0.68777778 -0.68777778 -0.68777778 -0.86772046 -0.85666667 -0.85666667 -0.85666667 -0.77888889 -0.77888889 -1.1711111 -1.1711111 -1.1711111 -1.1711111 -1.1711111 -1.7055555 -1.7055556 -1.7055556 -1.7055556 -1.7055556 -1.7055555 -1.5242165 -0.58230093 -1.193378 -1.2777778 -1.2777778 -1.2777778 -1.2777778 -1.2777778 -0.72222222 -0.72222222 -0.72222222 -0.65551692 0.082222222 0.082222222
0.18442169 0.18444444 -0.39888889 -0.34888889 -0.54777778 -0.077777778 -0.56 -0.052222222 -0.79555556 -0.89 -0.77111111 -0.73444444 -0.99777778 -0.75222222 -0.73555556 -1.5466667 -0.67444444 -0.67444444 -0.67444444 -0.48561434 -0.48555556 -0.48555556 -1.0666667 -0.85666667 -0.85666667 -0.85666667 -0.77888889 -0.77888889 -0.77888889 -1.1711111 -1.1711111 -1.1711111 -1.2812982 -1.7040447 -1.6997433 -1.0868332 -1.0811111 -1.0811111 -1.018364 -0.58222223 -0.58222222 -0.58311166 -1.2777778 -1.2777778 -1.2777778 -1.2777778 -1.2777778 -0.72222222 -0.72222222 -0.72222222 -0.72222222 0.082222222 0.082222222
0.45222222 0.18444433 -0.38459133 -0.26888889 -1.0333333 -0.73111111 -0.60111111 -0.94111111 -0.55888889 -0.76753362 -0.99888889 -1.0555556 -1 -0.75222222 -1.1144444 -1.5466667 -0.97882249 -0.97423425 -0.88444444 -0.48555556 -0.48555556 -1.0011111 -1.0666667 -1.0666667 -0.85666667 -0.85666628 -0.77888889 -0.77888889 -0.77888889 -1.0444444 -1.2395299 -1.4 -1.4 -1.3999997 -1.0811111 -1.0811111 -1.0811111 -1.0811111 -0.58222222 -0.58222222 -0.58222222 -0.58222225 -1.2777778 -1.2777778 -1.2777778 -1.2777778 -1.2777778 -0.72222923 -0.72222222 -0.72222222 -0.72222222 0.082169017 0.082222222
0.45222222 -0.034445086 -0.38444444 -0.98971439 -1.0333333 -1.1977778 -1.15003 -1.51 -1.5733333 -1.0400002 -1.119448 -1.1510371 -0.63444444 -1.1144444 -1.1144444 -1.3946532 -0.97444444 -0.97444444 -0.88444444 -0.88444444 -0.48555658 -1.0011111 -0.84666667 -0.27888889 -0.69555556 -0.69550491 -0.77888889 -0.77888889 -1.0444444 -1.0444444 -1.4 -1.4 -1.4 -1.3541138 -1.0811111 -1.0811111 -1.0811111 -0.58222222 -0.58222222 -0.58222222 -0.58222222 -0.58227531 -1.2777778 -1.2777778 -1.2777778 -1.2777778 -1.2777778 -1.2728326 -0.72222222 -0.72225919 -1.5466667 -1.5466667 -1.5466667
-1.1333333 -0.53666667 -0.50444442 -0.68666667 -0.67444444 -1.15 -1.5377778 -1.5342214 -1.2033333 -1.5455556 -1.55 -1.2344444 -1.234444 -1.1288889 -1.1288889 -0.71884248 -0.71888889 -0.95666667 -0.95666667 -0.88444408 -0.99222222 -0.99222222 -0.27888889 -0.69555556 -0.69555556 -0.47888889 -1.2044444 -1.2044444 -0.8089111 -1.0444444 -1.4 -1.4 -1.1566667 -1.156634 -0.84446683 -0.89666667 -0.89666667 -0.67950279 -0.58222222 -0.58222222 -1.1315363 -1.1322222 -1.1322207 -1.0223675 -1.0178065 -1.0177778 -1.0177778 -1.0177779 -1.3927132 -1.5466667 -1.5466667 -1.5466667 -1.5466667
-0.30111479 -0.31 -0.37899241 -0.63333333 -0.60777778 -1.3 -1.08 -1.3911111 -1.6811111 -1.6811111 -1.55 -1.5622222 -1.4355555 -1.1288889 -0.52666847 -0.52666667 -0.71888889 -0.45 -0.47111111 -0.47111111 -0.81104705 -0.60777778 -0.60777778 -0.55666667 -0.47888889 -0.47888889 -1.2044444 -1.2044444 -0.80892483 -0.80955052 -0.78309758 -1.1566667 -1.1566667 -0.84444444 -0.84444444 -0.98562454 -0.89666667 -0.89666667 -1.2099891 -1.1322223 -1.1322222 -1.1322222 -1.1322142 -1.0177787 -1.0177778 -1.0177778 -1.0177778 -1.017778 -1.39 -1.5466356 -1.5466667 -1.5466667 -1.5466667
-0.30111111 -0.91444444 -0.40666667 -1.0977778 -0.65113672 -1.1244444 -1.5277778 -1.6311111 -1.2844444 -1.5488889 -1.5488889 -1.0244444 -1.4355556 -1.4355556 -0.53290249 -0.77864276 -0.80333333 -0.41444444 -0.34000013 -0.47111111 -0.39743636 -0.31555556 -1.0655556 -0.21777778 -0.21778883 -1.0744444 -0.84666667 -0.84666679 -1.4233947 -1.4255555 -0.78111111 -0.9633489 -0.86 -0.84444444 -0.85011699 -1.06 -1.06 -1.21 -1.21 -1.1322222 -1.1322222 -1.1322222 -1.1804637 -1.1833333 -1.0177778 -1.0177778 -1.0177778 -1.3899858 -1.39 -1.39 -1.5466667 -1.5466667 -1.5466667
-0.92826742 -0.91444444 -0.23222222 -0.99555556 -0.74888889 -1.5033333 -1.0366667 -0.69444444 -1.3088889 -0.76663131 -0.47222222 -1.1333333 -1.1333333 -0.62888889 -0.62888862 -0.88865044 -0.88888889 -0.88888889 -0.40308039 -1.2322222 -1.28 -1.28 -1.3666667 -1.1842185 -0.98811506 -1.0744444 -0.91777778 -0.84666667 -0.82788754 -0.82777778 -0.99222222 -1.0377778 -0.90402947 -1.1655556 -1.0433333 -1.2066667 -1.1344444 -1.0433333 -0.86230585 -1.1294547 -0.51222222 -0.73 -1.1832536 -1.1833333 -1.1824015 -1.0177778 -1.5277778 -1.39 -1.39 -1.39 -1.39 -1.4061116 -0.12111111
-1.0055556 -1.0055556 -0.25444444 -0.57111111 -1.1044444 -0.77222222 -0.78333333 -1.2022222 -0.81 -0.62891743 -0.94333333 -0.29666667 -0.62888889 -0.62888889 -0.6 -0.60396224 -0.88888889 -0.88876151 -0.30555556 -1.2322222 -1.2322222 -1.2383776 -1.3666667 -1.1277823 -1.1277778 -1.1277778 -0.91777778 -0.69222222 -0.69222222 -0.82777778 -0.82777778 -1.0372741 -0.77222222 -1.1655556 -0.92333333 -1.2066667 -1.1344444 -1.5177778 -0.86222222 -0.57254983 -0.72999999 -0.71653089 -0.69333333 -1.1833333 -1.1833333 -1.5277778 -1.5277778 -1.5277778 -1.39 -1.39 -0.41777778 -0.41777778 -0.41777767
-1.0055556 -1.0055556 -0.99333333 -1.1444444 -0.93777778 -0.44 -1.3422222 -0.57754951 -0.55 -0.72777778 -0.48666667 -0.30333333 -0.29667603 -0.6 -0.6 -0.59999346 -0.54333333 -0.53085364 -0.30555556 -0.42444444 -0.42444444 -0.46666667 -0.46666667 -1.1277778 -1.1277778 -1.1277778 -0.69222222 -0.69222222 -0.69222222 -0.94111111 -0.94111111 -0.94111083 -0.89111111 -0.89111111 -1.6188889 -1.3011111 -0.71 -0.99222669 -0.84 -0.56777778 -0.56777778 -0.87444385 -0.69333333 -1.1833333 -0.40666706 -0.73666667 -0.53319087 -0.52888889 -0.61666667 -0.61666667 -0.41777778 -0.41777778 -0.41777778
-1.0055556 -1.0003234 -1.0578178 -1.1166535 -0.53666667 -0.83666667 -1.3422222 -0.57666667 -0.55000022 -0.72580822 -0.30333389 -0.30333333 -0.062222222 -0.6 -0.6 -0.54333334 -0.54333333 -0.5433198 -0.30555556 -0.42444444 -0.43273603 -0.46666667 -0.46666667 -1.1277507 -1.1277778 -0.91703201 -0.48666667 -0.48666667 -0.48666669 -0.94111111 -0.94111111 -0.33444444 -0.33444444 -0.89111311 -1.6188889 -0.74444483 -0.83953031 -0.99222222 -0.99222222 -0.56777779 -0.87444444 -0.87444444 -0.87444103 -0.40666667 -0.40666667 -0.73666667 -0.52888889 -0.52888889 -0.61666667 -0.61666667 -0.41777778 -0.41777778 -0.41777778
-0.46444444 -0.52324131 -0.48113563 -0.48570761 -0.5366683 -0.83665958 -1.3422222 -0.58609021 -0.55183761 -0.55464225 -0.062222222 -0.062222222 -0.062222222 -0.062222222 -0.59992382 -0.54333333 -0.54333333 -0.54026324 -0.30555556 -0.42431544 0.018888889 0.018888889 0.018888889 0.018888889 -1.1078419 -0.48666667 -0.48666667 -0.48666667 -0.48666667 -0.48677133 -0.33444444 -0.33444444 -0.33444444 -0.33444444 -0.74444445 -0.74444444 -0.74444444 -0.9808883 -0.98908449 -0.57444444 -0.57444444 -0.87442831 -0.49999681 -0.40667566 -0.40666667 -0.73666667 -0.52888889 -0.52888889 -0.61666666 -0.61666667 -0.41849933 -0.41777778 -0.76057912
-0.46444444 -0.48111111 -0.48111111 -0.48111111 -0.48111111 -0.48111126 -1.340928 -0.97998634 -0.55674021 -0.062751907 -0.062222222 -0.062222222 -0.062222222 -0.062222222 -0.062221932 -0.54333333 -0.5433333 -0.5270234 -0.30555782 0.018888889 0.018888889 0.018888889 0.018888889 0.018888889 0.02818215 -0.056846308 0.093333213 0.093333333 0.093333333 0.093333333 -0.33444443 -0.33444444 -0.33444373 0.26222222 0.26222222 -0.74444444 0.038709999 0.061111111 -0.57444408 -0.57444444 -0.57444444 -0.57444444 -0.5 -0.5 -0.5 -0.50164698 0.059436973 0.063333333 0.063333333 0.063333333 0.063333321 -0.27444447 -0.27444444
-0.69555556 -0.48111111 -0.48111111 -0.48111111 -0.48111111 -0.48111111 -0.48111116 -0.69631692 0.34410562 0.34888889 0.34888889 0.34888889 0.34888889 0.34888889 0.34888888 0.53710888 -0.52610258 -0.51077336 0.018848016 0.018888889 0.018888889 0.018888889 0.018888889 0.01888938 0.44888889 0.44888889 0.44888839 0.093333333 0.093333333 0.094412427 0.63222222 0.63222222 0.26222222 0.26222222 0.26222222 0.093327147 0.061111111 0.061111111 0.061111111 -0.57444444 -0.57444444 -0.57444444 -0.5 -0.5 -0.5 -0.5 0.063333332 0.063333333 0.063333333 0.063333333 0.063333333 -0.27444444 -0.27444444
-0.69555556 -0.61572032 -0.48111111 -0.48111111 -0.48111111 -0.48111111 0.46648065 0.46666667 0.46666666 0.34888889 0.34888889 0.34888889 0.34888889 0.34888889 0.39129446 0.54111111 0.54111111 0.54111111 0.43982566 0.44111068 0.44111111 0.44111111 0.44111111 0.44111111 0.44888889 0.44888889 0.44888889 0.44888889 0.093333333 0.63222222 0.63222222 0.63222222 0.26222226 0.26222222 0.26222222 0.56666667 0.061780482 0.061111111 0.061111111 -0.57439892 -0.48402841 -0.2731255 -0.5 -0.5 -0.036988859 -0.035555556 -0.035555556 0.063234341 0.0035430062 0.0033333386 0.0033333447 0.05439465 -0.27444378
-0.69555555 0.054845722 -0.19941215 -0.48111111 -0.48111111 0.46610667 0.46666667 0.46666667 0.46666667 0.46581793 0.34888889 0.34888889 0.34888889 0.34888891 0.54111111 0.54111111 0.54111111 0.54111111 0.44120044 0.44111111 0.44111111 0.44111111 0.44111111 0.44111111 0.44888889 0.44888889 0.44888889 0.44888889 0.44955574 0.63222222 0.63222222 0.63222222 0.77222222 0.2622655 0.56666667 0.56666667 0.56666667 0.56562749 -0.25109653 -0.27222222 -0.27222222 -0.27222222 -0.23777778 -0.23777778 -0.035555556 -0.035555556 -0.035555556 0.0033333329 0.0033333333 0.0033333333 0.0033333333 0.054444444 0.054444444
0.075147213 0.075555556 0.075555556 0.075555562 0.67555556 0.46667206 0.46666667 0.46666667 0.46666667 0.46666667 0.34005631 0.34888737 0.34888889 0.54111111 0.54111111 0.54111111 0.54111111 0.54111111 0.5573306 0.44111111 0.44111111 0.44111111 0.44111111 0.44111111 0.54414482 0.70444306 0.70444444 0.70444444 0.70444444 0.63222223 0.77222222 0.77222222 0.77222222 0.77222222 0.56666667 0.56666427 0.47555556 0.47555556 -0.2628851 -0.27222222 -0.27222222 -0.27222222 -0.23777778 -0.23777778 -0.066866519 -0.035555556 -0.035555556 0.0033333333 0.0033333333 0.0033333333 0.0038813773 0.054444444 0.054444444
0.075555556 0.075555556 0.075555556 0.35810451 0.67555556 0.67555556 0.46666667 0.46666667 0.46666667 0.46666667 0.23222222 0.23222222 0.23222222 0.54111111 0.54111111 0.54111111 0.54111111 0.54114728 0.92222222 0.92222222 0.44111131 0.44111111 0.44995675 0.80444444 0.80354419 0.70444444 0.70444444 0.70444444 0.70444444 0.77221532 0.77222222 0.77222222 0.77222222 0.77222222 0.47555588 0.47555556 0.47555556 0.47555556 0.47290708 -0.27222222 -0.27222222 -0.27222222 -0.23777778 -0.23777778 -0.23777778 -0.035555556 -0.035555556 0.0033333337 0.0033333333 0.0033333338 0.054444444 0.054444444 0.054444444
0.075555556 0.075555556 0.075555556 0.67555556 0.67555556 0.67555556 0.67555524 0.46666667 0.46666667 0.23246424 0.23222222 0.23222222 0.23222222 0.23241468 0.71828468 0.76 0.76 0.76 0.92222222 0.92222222 0.92222222 0.80444444 0.80444444 0.80444444 0.8044099 0.69220554 0.70444444 0.70444444 0.70444445 0.58906775 0.54891085 0.54888889 0.54888889 0.54888889 0.34231741 0.15444517 0.15444444 0.15444444 0.15444444 -0.0078139613 -0.0077777778 -0.0077777778 -0.23777778 -0.23777778 0.10999855 0.10999998 0.066666667 0.066666667 0.19111111 0.19111111 0.19111111 0.054444444 0.067765856
0.075556404 0.075555556 0.075555577 0.67555556 0.67555556 0.67555556 0.67555555 0.47777777 0.46671109 0.23234111 0.23222222 0.23222222 0.23222222 0.23325787 0.76 0.76 0.76 0.76000005 0.92222222 0.92222222 0.92222222 0.80444444 0.80444444 0.80444444 0.68111111 0.68111111 0.88666666 0.88666667 0.88666667 0.88482398 0.54888889 0.54888889 0.54888889 0.54888889 0.35177497 0.15444444 0.15444444 0.15444444 0.15444444 -0.0077777778 -0.0077777778 -0.0077777778 -0.0040720383 0.11 0.11 0.11 0.066666667 0.066666667 0.19111111 0.19111111 0.19111111 0.067777782 0.067777778
0.34888889 0.22360997 0.23777778 0.23790478 0.67555556 0.47892211 0.47777778 0.47777778 0.5680627 0.36333334 0.36333333 0.36333333 0.36333333 1.1155311 1.1155556 0.76000027 0.76 0.76427432 0.92222222 0.92222222 0.92222222 0.69555556 0.69555556 0.69555556 0.68111111 0.68111111 0.88666667 0.88666667 0.88666667 0.88666659 0.77777632 0.77777713 0.55464167 0.54913427 0.21149684 0.21111111 0.21111111 0.21111111 0.21111111 -0.0077777778 -0.0077777778 -0.0077777778 0.10351495 0.11 0.11 0.10999995 0.066666667 0.066666667 0.066671146 0.19111111 0.19109735 -0.11666667 0.067777778
0.35999789 0.35999998 0.23777778 0.23777778 0.23777778 0.47777778 0.47777778 0.47777778 0.72555556 0.72555556 0.36333333 0.36333333 0.36333333 1.1155556 1.1155556 1.1155556 1.1155556 1.1155327 0.92222222 0.92222222 0.92222221 0.69555556 0.69555556 0.69555556 0.68111111 0.68111111 0.88666667 0.88666667 0.88666667 0.77900551 0.77777778 0.77777778 0.77777778 0.77777778 0.21139073 0.21111111 0.21111111 0.21111111 0.21111111 0.23999994 0.24 0.24 0.24 0.1099979 -0.16333333 -0.16333333 -0.16333333 -0.38 -0.38 -0.38 -0.11666667 -0.11666667 -0.11666667
0.36 0.36 0.23777778 0.23777778 0.23777778 0.47651629 0.47777778 0.72555556 0.72555556 0.72555556 0.36337792 0.36333333 0.77915903 1.1155555 1.1155556 1.1155556 1.1155556 0.90888889 0.90888889 0.90888889 0.77555555 0.7755555 0.69555595 0.69555556 0.69563713 0.84 0.84 0.84000011 0.88665913 0.58670475 0.58666768 0.58670003 0.77745115 0.77761285 0.31191141 0.21111102 0.21032543 -0.023333333 -0.023333333 0.24 0.24 0.24 0.24 -0.16333333 -0.16333333 -0.16333333 -0.16333333 -0.38 -0.38 -0.38 -0.11666667 -0.11666667 -0.11666667
0.36 0.36 0.23777778 0.23777778 0.23777778 0.23777778 0.57051376 0.72555556 0.72555556 0.72555556 0.72563657 0.87222222 0.87222222 0.87222222 1.1141215 1.1155556 0.91026606 0.90888889 0.90888889 0.90888889 0.77555556 0.77555556 0.77555556 0.77555556 0.84 0.84 0.84 0.84 0.84 0.58666667 0.58666667 0.58666667 0.58666667 0.58666572 0.13555556 -0.023333333 -0.023333333 -0.023333333 -0.023333333 -0.023333461 -0.10555556 -0.10555556 -0.10555556 -0.11531815 -0.13555556 -0.13555556 -0.13555556 -0.37999999 -0.38000021 -0.6 -0.6 -0.081119761 -0.081111111
0.36 0.36 0.28189142 0.23777778 0.23777778 0.23777779 0.86863454 0.72600726 0.72555556 0.72555556 0.87222221 0.87222222 0.87222222 0.87222222 0.87222222 0.89217293 0.90888889 0.90888889 0.90888889 0.90888889 0.77555659 0.77555556 0.77555556 0.77555556 0.84 0.84 0.84 0.84 0.84 0.50538146 0.58666667 0.58666667 0.58666667 0.13555556 0.13555556 0.13543217 -0.023333333 -0.023333333 -0.25032067 -0.42666663 -0.10555556 -0.10555556 -0.10555556 -0.11564168 -0.13555556 -0.13555556 -0.13555556 -0.35 -0.59688502 -0.6 -0.6 -0.081111111 -0.081111111
0.86666667 0.86666667 0.86666667 0.39545751 0.2385913 0.86888889 0.86888889 0.86888889 0.86888889 0.79666667 0.79666667 0.87222222 0.87222222 0.87222222 0.87222222 0.87222452 0.90888889 0.90888889 0.90888889 0.90888889 0.8337379 0.77555556 0.77555556 0.7815166 0.99606028 0.84 0.84 0.84 0.47666667 0.47666667 0.47666667 0.47666713 0.13555556 0.13555556 0.13555556 0.13555556 -0.42666667 -0.42666667 -0.42666667 -0.42666667 -0.11 -0.11 -0.11 -0.26221916 -0.26222222 -0.26222222 -0.26222218 -0.35 -0.35 -0.59969539 -0.6 -0.081111979 -0.081111111
0.86666667 0.86666667 0.86666667 0.86666254 0.79 0.80147174 0.86888889 0.86888889 0.86888889 0.79666667 0.79666667 0.79666667 0.30555558 0.30555556 0.30555556 0.30555556 0.90757405 0.90888889 0.90888889 0.90888889 0.90687952 1.0033327 1.0033333 1.0033333 1.0033333 1.0033333 0.60666667 0.60666667 0.47666667 0.47666667 0.47666667 0.47666667 0.13555557 0.13555556 0.13555556 0.13555673 -0.42666666 -0.42666667 -0.42666667 -0.42624748 -0.11 -0.11 -0.11 -0.26221516 -0.26222222 -0.26222222 -0.26222222 -0.35 -0.35 -0.34999999 -0.25333333 -0.25333333 -0.14888889
