interpolatedSpi/01-07|21_3.tif
NCOLS 53
NROWS 52
XLLCORNER -116.03883
YLLCORNER 28.596182
DX 0.49850594
DY 0.49788537
NODATA_VALUE -9999
[rows 0 to 26 of 52, columns 0 to 52 of 53]
-0.74428571 -0.74428571 -0.70977167 -1.1185714 -1.0442857 -1.3657143 -1.2642857 -1.1571429 -1.127641 -1.3742857 -1.3014286 -1.0485714 -1.5770504 -0.45428571 -1.2414286 -1.2414286 -1.2414286 -0.41714286 -0.57428571 -0.57428571 -0.57428571 -0.57428826 -0.83857143 -0.64142857 -0.64142857 -0.64142857 -0.035717861 -0.035714286 -0.035714286 -0.11571429 -0.11571429 -0.11571429 -0.11571429 -1.3642855 -1.3642857 -1.3642857 -1.3642857 -1.3642857 -1.3642857 -1.3642856 1.1458194 1.1722944 -1.0357143 -1.0357143 -1.0357143 -1.0357143 -1.03532 -0.79428571 -0.79428571 -0.79428571 1.0271391 1.0271429 1.0271429
-0.74430983 -1.2871429 -1.1699998 -1.2712705 -1.39871 -0.78571429 -0.84857143 -1.4013575 -1.6385714 -1.5442857 -1.4385714 -1.5771429 -1.5771429 -0.84440908 -0.4542974 -1.2414286 -0.41714286 -0.41714286 -0.57408082 -0.57428571 -0.57428571 -0.57428571 -0.66481448 -0.64142857 -0.64142857 -0.64142857 -1.1285714 -1.1285714 -0.11571429 -0.11571429 -0.11571429 -0.11571429 -0.11571429 -1.3642855 -1.3642857 -1.3642857 -1.3642857 -1.3642857 -1.3642857 -1.2915105 -0.96570978 -1.0272201 -1.0357143 -1.0357143 -1.0357143 -1.0357143 -1.0357143 -0.79428571 -0.79428571 -0.79428571 -0.64325111 1.0271429 1.0271429
-1.5656913 -1.5657143 -1.02 -0.83714286 -1.1342857 -1.4171429 -0.85 -1.2014286 -1.4885714 -1.5828571 -1.2571429 -1.6257143 -0.88285714 -1.4771429 -0.84571429 -1.6128571 -0.41714286 -0.41714286 -0.41714286 -0.95417525 -0.95428571 -0.95428571 -1.0857143 -0.64142857 -0.64142857 -0.64142857 -1.1285714 -1.1285714 -1.1285714 -0.11571429 -0.11571429 -0.11571435 -0.72021523 -1.362803 -1.3573713 -0.62823572 -0.62142857 -0.62142857 -0.66473064 -0.96571428 -0.96571429 -0.9658038 -1.0357143 -1.0357143 -1.0357143 -1.0357143 -1.0357143 -0.79428571 -0.79428571 -0.79428571 -0.79428571 1.0271429 1.0271429
-0.55142857 -1.5657142 -1.3028895 -0.40142857 -1.1485714 -1.26 -1.0757143 -1.3357143 -1.21 -1.2176922 -1.2028571 -1.8614286 -1.7914286 -1.4771429 -1.4114286 -1.6128571 -1.6497158 -1.6491362 -1.7228571 -0.95428571 -0.95428571 -1.8242857 -1.0857143 -1.0857143 -0.64142857 -0.641431 -1.1285714 -1.1285714 -1.1285714 -1.1585714 -1.2753614 -1.3714286 -1.3714286 -1.371428 -0.62142857 -0.62142857 -0.62142857 -0.62142857 -0.96571429 -0.96571429 -0.96571429 -0.96571429 -1.0357143 -1.0357143 -1.0357143 -1.0357143 -1.0357143 -0.79428876 -0.79428571 -0.79428571 -0.79428571 1.0270795 1.0271429
-0.55142857 -0.2057163 -1.3028571 -1.4329543 -1.1485714 -1.0357143 -1.4499718 -0.98857143 -1.17 -1.0728572 -1.5925377 -1.8399161 -1.2542857 -1.4114286 -1.4114286 -1.5467876 -1.65 -1.65 -1.7228571 -1.7228571 -0.95428741 -1.8242857 -1.47 -0.67142857 -0.49142857 -0.49134989 -1.1285714 -1.1285714 -1.1585714 -1.1585714 -1.3714286 -1.3714286 -1.3714286 -1.2124884 -0.62142857 -0.62142857 -0.62142857 -0.96571429 -0.96571429 -0.96571429 -0.96571429 -0.96568519 -1.0357143 -1.0357143 -1.0357143 -1.0357143 -1.0357143 -1.0335653 -0.79428571 -0.79429097 -0.91142857 -0.91142857 -0.91142857
-1.4842857 -0.76142857 -0.30142859 -0.87285714 -1.63 -1.0857143 -1.2971429 -1.2576369 -1.17 -0.89714286 -0.84714286 -0.55714286 -0.55714332 -0.79857143 -0.79857143 -1.2714255 -1.2714286 -1.1514286 -1.1514286 -1.7228562 -1.4485714 -1.4485714 -0.67142857 -0.49142857 -0.49142857 -0.15428571 -0.79857143 -0.79857143 -0.49148941 -1.1585714 -1.3714286 -1.3714286 -0.52857143 -0.52861934 -0.9871101 -1.3057143 -1.3057143 -1.070901 -0.96571429 -0.96571429 -0.66466166 -0.66428571 -0.66428556 -1.7023071 -1.7142107 -1.7142855 -1.7142857 -1.7142855 -1.4972382 -0.91142857 -0.91142857 -0.91142857 -0.91142857
-0.22000082 -0.35714286 -0.031932031 -0.34285714 -0.62428571 -1.4942857 -0.84285714 -0.95571429 -0.97285714 -0.97285714 -0.84714286 -1.03 -0.43857153 -0.79857143 -1.2585701 -1.2585714 -1.2714286 -0.83857143 -0.69 -0.69 -1.3751888 -1.2928571 -1.2928571 0.075714278 -0.15428571 -0.15428571 -0.79857143 -0.79857143 -0.49143973 -0.49163396 -0.87511799 -0.52857143 -0.52857143 -0.98714286 -0.98714286 -1.3321682 -1.3057143 -1.3057143 -0.99286799 -0.66428617 -0.66428571 -0.66428571 -0.66428622 -1.7142842 -1.7142857 -1.7142857 -1.7142857 -1.7142857 -1.6214286 -0.91156927 -0.91142857 -0.91142857 -0.91142857
-0.22 0.25714286 0.24714286 -0.91285714 -1.3328331 -1.2957143 -0.80571429 -1.3 -1.0942857 -1.03 -1.03 -0.80142857 -0.43857143 -0.43857143 -1.2529455 -1.5057769 -1.53 -0.53428571 -1.0585711 -0.69 -0.37692525 -0.35 -0.83571429 -0.038571432 -0.038577159 -0.48285714 -0.55857143 -0.55857151 -0.68218635 -0.68285715 -0.87571429 -1.2012632 -0.78142857 -0.98714286 -1.0032777 -1.3542857 -1.3542857 -0.99285714 -0.99285714 -0.66428571 -0.66428571 -0.66428571 -1.4445371 -1.4485714 -1.7142857 -1.7142857 -1.7142857 -1.6214321 -1.6214286 -1.6214286 -0.91142857 -0.91142857 -0.91142857
-0.036101607 0.25714286 0.47 -0.22142857 -1.1185714 -1.2428571 -1.28 -1.3128571 -1.3971429 -1.1738603 -1.0185714 -0.80285715 -0.80285714 -0.77571429 -0.77571864 -1.3205853 -1.32 -1.32 -0.61431874 -0.85142853 -0.66714286 -0.66714285 -0.72428571 -0.79180211 -0.43808487 -0.48285714 -0.24857143 -0.55857143 -0.80853895 -0.81 -1.3185714 -0.89285714 -1.0727325 -1.51 -1.5528571 -1.6671429 -1.6471429 -1.5557143 -1.3158251 -0.66389673 -0.57714286 -0.90428571 -1.448517 -1.4485714 -1.450067 -1.7142857 -1.8142857 -1.6214286 -1.6214286 -1.6214286 -1.6214286 -0.8411708 -0.53142857
-1.6757143 -1.6757143 0.25 -0.52571429 -1.2971429 -1.4714286 -1.1314286 -1.2728571 -1.4014286 -1.1171058 -1.3514286 0.10714286 -0.77571429 -0.77571429 -1.2385714 -1.2396883 -1.32 -1.3199948 -1.2414286 -0.85142857 -0.85142857 -0.82768639 -0.72428571 -0.78428458 -0.78428571 -0.78428571 -0.24857143 -0.36714286 -0.36714286 -0.81 -0.81 -0.89353451 -1.25 -1.51 -0.82285714 -1.6671429 -1.6471429 -1.3328571 -1.3157143 -0.91376458 -0.9042857 -0.98142699 -1.1142857 -1.4485714 -1.4485714 -1.8142857 -1.8142857 -1.8142857 -1.6214286 -1.6214286 -0.34714286 -0.34714286 -0.34714293
-1.6757143 -1.6757143 -0.55 -1.4328571 -1.2385714 -0.74857143 -1.1942857 -1.157266 -1.2685714 -1.27 -1.2357143 -0.87714286 0.10583118 -1.2385714 -1.2385714 -1.2386362 -1.8 -1.7706836 -1.2414286 -1.43 -1.43 -1.0671429 -1.0671429 -0.78428571 -0.78428571 -0.78428571 -0.36714286 -0.36714286 -0.36714286 -1.7271429 -1.7271429 -1.7271421 -1.3571429 -1.3571429 -1.4257143 -2.0528571 -1.3657143 -2.1771356 -1.5157143 -0.90714286 -0.90714286 -0.32000261 -1.1142857 -1.4485714 -1.3514287 -1.5428571 -0.90678245 -0.90285715 -0.76 -0.76 -0.34714286 -0.34714286 -0.34714286
-1.6757143 -1.1898438 -0.92674663 -1.1671441 -0.39714286 -1.5114286 -1.1942857 -1.1571429 -1.2685705 -1.2699842 -0.87714337 -0.87714286 -0.98571429 -1.2385714 -1.2385714 -1.8 -1.8 -1.7999682 -1.2414286 -1.43 -1.3587422 -1.0671429 -1.0671429 -0.78429763 -0.78428571 -0.88477998 -1.09 -1.09 -1.0899999 -1.7271429 -1.7271429 -1.7757143 -1.7757143 -1.357143 -1.4257143 -1.697143 -1.3599876 -2.1771429 -2.1771429 -0.90714284 -0.32 -0.32 -0.32000758 -1.3514286 -1.3514286 -1.5428571 -0.90285714 -0.90285714 -0.76 -0.76 -0.34714286 -0.34714286 -0.34714286
-1.8957143 -1.0014847 -1.0271569 -1.0281474 -0.39714862 -1.5114023 -1.1942857 -1.1576001 -1.2608929 -1.2686087 -0.98571429 -0.98571429 -0.98571429 -0.98571429 -1.2385356 -1.8 -1.8 -1.792788 -1.2414286 -1.4300546 -1.6228571 -1.6228571 -1.6228571 -1.6228571 -0.79872708 -1.09 -1.09 -1.09 -1.09 -1.0904843 -1.7757143 -1.7757143 -1.7757143 -1.7757143 -1.6971429 -1.6971429 -1.6971429 -2.1530105 -2.1725507 -1.5657143 -1.5657143 -0.320067 -1.1285791 -1.3514071 -1.3514286 -1.5428571 -0.90285714 -0.90285714 -0.76 -0.76 -0.34864066 -0.34714286 -0.11401689
-1.8957143 -1.0271429 -1.0271429 -1.0271429 -1.0271429 -1.0271431 -1.1950974 -1.1767256 -1.2404072 -0.98601897 -0.98571429 -0.98571429 -0.98571429 -0.98571429 -0.98571445 -1.8 -1.7999999 -1.7616858 -1.2414376 -1.6228571 -1.6228571 -1.6228571 -1.6228571 -1.6228571 -1.6192729 -1.3640773 -1.4971428 -1.4971429 -1.4971429 -1.4971429 -1.7757143 -1.7757143 -1.7757139 -1.4785714 -1.4785714 -1.6971429 -1.4638168 -1.4571429 -1.5657142 -1.5657143 -1.5657143 -1.5657143 -1.1285714 -1.1285714 -1.1285714 -1.1314545 -0.77667444 -0.77571429 -0.77571429 -0.77571429 -0.77571429 -0.45714283 -0.45714286
-1.2857143 -1.0271429 -1.0271429 -1.0271429 -1.0271429 -1.0271429 -1.0271429 -1.1685943 -1.207223 -1.2071429 -1.2071429 -1.2071429 -1.2071429 -1.2071429 -1.2071429 -1.144231 -1.7895218 -1.7235128 -1.6228094 -1.6228571 -1.6228571 -1.6228571 -1.6228571 -1.6228567 -1.4571429 -1.4571429 -1.4571429 -1.4971429 -1.4971429 -1.4976206 -1.7357143 -1.7357143 -1.4785714 -1.4785714 -1.4785714 -1.4605754 -1.4571429 -1.4571429 -1.4571429 -1.5657143 -1.5657143 -1.5657143 -1.1285714 -1.1285714 -1.1285714 -1.1285714 -0.77571428 -0.77571429 -0.77571429 -0.77571429 -0.77571429 -0.45714286 -0.45714286
-1.2857143 -1.1894511 -1.0271429 -1.0271429 -1.0271429 -1.0271429 -1.1256949 -1.1257143 -1.1257143 -1.2071429 -1.2071429 -1.2071429 -1.2071429 -1.2071429 -1.192961 -1.1428571 -1.1428571 -1.1428571 -1.2340445 -1.2328575 -1.2328571 -1.2328571 -1.2328571 -1.2328571 -1.4571429 -1.4571429 -1.4571429 -1.4571429 -1.4971429 -1.7357143 -1.7357143 -1.7357143 -1.4785715 -1.4785714 -1.4785714 -1.2628571 -1.4568856 -1.4571429 -1.4571429 -1.5655856 -1.3088549 -0.70970894 -1.1285714 -1.1285714 -0.58169292 -0.58 -0.58 -0.7749512 -0.31305104 -0.31142861 -0.31142866 -0.13576298 -0.4571422
-1.2857143 -1.2676415 -1.1485939 -1.0271429 -1.0271429 -1.125656 -1.1257143 -1.1257143 -1.1257143 -1.1263011 -1.2071429 -1.2071429 -1.2071429 -1.2071428 -1.1428571 -1.1428571 -1.1428571 -1.1428571 -1.2327767 -1.2328571 -1.2328571 -1.2328571 -1.2328571 -1.2328571 -1.4571429 -1.4571429 -1.4571429 -1.4571429 -1.4581561 -1.7357143 -1.7357143 -1.7357143 -1.6814286 -1.4785544 -1.2628571 -1.2628571 -1.2628571 -1.2593069 -0.75462952 -0.70714286 -0.70714286 -0.70714286 -0.88142857 -0.88142857 -0.58 -0.58 -0.58 -0.31142857 -0.31142857 -0.31142857 -0.31142857 -0.13571429 -0.13571429
-1.2670496 -1.2671429 -1.2671429 -1.2671429 -1.0871429 -1.1257133 -1.1257143 -1.1257143 -1.1257143 -1.1257143 -1.1882158 -1.2071396 -1.2071428 -1.1428571 -1.1428571 -1.1428571 -1.1428571 -1.1428571 -1.1345814 -1.2328571 -1.2328571 -1.2328571 -1.2328571 -1.2328571 -1.3716239 -1.4242859 -1.4242857 -1.4242857 -1.4242857 -1.7357143 -1.6814286 -1.6814286 -1.6814286 -1.6814286 -1.2628571 -1.2628486 -0.93857143 -0.93857143 -0.71003259 -0.70714286 -0.70714286 -0.70714286 -0.88142857 -0.88142857 -0.62667152 -0.58 -0.58 -0.31142857 -0.31142857 -0.31142857 -0.30954446 -0.13571429 -0.13571429
-1.2671429 -1.2671429 -1.2671429 -1.1823782 -1.0871429 -1.0871429 -1.1257143 -1.1257143 -1.1257143 -1.1257143 -0.95714286 -0.95714286 -0.95714286 -1.1428571 -1.1428571 -1.1428571 -1.1428571 -1.1427563 -0.9 -0.9 -1.232857 -1.2328571 -1.2424911 -1.6285714 -1.6267323 -1.4242857 -1.4242857 -1.4242857 -1.4242857 -1.6814024 -1.6814286 -1.6814286 -1.6814286 -1.6814286 -0.93857257 -0.93857143 -0.93857143 -0.93857143 -0.93773193 -0.70714286 -0.70714286 -0.70714286 -0.88142857 -0.88142857 -0.88142857 -0.58 -0.58 -0.31142858 -0.31142857 -0.31142857 -0.13571429 -0.13571429 -0.13571429
-1.2671429 -1.2671429 -1.2671429 -1.0871429 -1.0871429 -1.0871429 -1.0871429 -1.1257143 -1.1257143 -0.95731687 -0.95714286 -0.95714286 -0.95714286 -0.95725856 -0.64910947 -0.53285714 -0.53285714 -0.53285714 -0.9 -0.9 -0.9 -1.6285714 -1.6285714 -1.6285714 -1.6282125 -0.8592981 -1.4242857 -1.4242857 -1.4242857 -1.1630973 -1.0514905 -1.0514286 -1.0514286 -1.0514286 -0.75423964 -0.49428672 -0.49428571 -0.49428571 -0.49428571 -0.45574869 -0.45571429 -0.45571429 -0.88142857 -0.88142857 -0.83285735 -0.83285712 -0.75571429 -0.75571429 -0.52714286 -0.52714286 -0.52714286 -0.13571429 -0.37121781
-1.267141 -1.2671429 -1.2671429 -1.0871429 -1.0871429 -1.0871429 -1.0871429 -0.95142862 -1.1250174 -0.95701591 -0.95714286 -0.95714286 -0.95714286 -0.95631029 -0.53285714 -0.53285714 -0.53285714 -0.53285725 -0.9 -0.9 -0.9 -1.6285714 -1.6285714 -1.6285714 -0.34714286 -0.34714286 -0.54 -0.54 -0.54 -0.54279 -1.0514286 -1.0514286 -1.0514286 -1.0514286 -0.7730101 -0.49428571 -0.49428571 -0.49428571 -0.49428571 -0.45571429 -0.45571429 -0.45571429 -0.46758064 -0.83285714 -0.83285714 -0.83285714 -0.75571429 -0.75571429 -0.52714286 -0.52714286 -0.52714286 -0.37142858 -0.37142857
-0.65285714 -0.94496591 -1.1414286 -1.1414128 -1.0871429 -0.95221381 -0.95142857 -0.95142857 -0.95663398 -0.81714286 -0.81714286 -0.81714286 -0.81714286 -0.17002107 -0.17 -0.53285686 -0.53285714 -0.54253082 -0.9 -0.9 -0.9 -0.47714286 -0.47714286 -0.47714286 -0.34714286 -0.34714286 -0.54 -0.54 -0.54 -0.5399998 -0.25857647 -0.25857366 -1.0315013 -1.0505786 -0.40359443 -0.40285714 -0.40285714 -0.40285714 -0.40285714 -0.45571429 -0.45571429 -0.45571429 -0.81209039 -0.83285714 -0.83285714 -0.83285713 -0.75571429 -0.75571429 -0.75570606 -0.52714286 -0.52715838 -0.87428571 -0.37142857
-1.0127888 -1.0128572 -1.1414286 -1.1414286 -1.1414286 -0.95142857 -0.95142857 -0.95142857 -0.96571429 -0.96571429 -0.81714286 -0.81714286 -0.81714286 -0.17 -0.17 -0.17 -0.17 -0.17008239 -0.9 -0.9 -0.89999998 -0.47714286 -0.47714286 -0.47714286 -0.34714286 -0.34714286 -0.54 -0.54 -0.54 -0.26174456 -0.25857143 -0.25857143 -0.25857143 -0.25857143 -0.40278595 -0.40285714 -0.40285714 -0.40285714 -0.40285714 -0.32285718 -0.32285714 -0.32285714 -0.32285714 -0.83285655 -0.75571429 -0.75571429 -0.75571429 -0.98857143 -0.98857143 -0.98857143 -0.87428571 -0.87428571 -0.87428571
-1.0128571 -1.0128571 -1.1414286 -1.1414286 -1.1414286 -0.95242725 -0.95142857 -0.96571429 -0.96571429 -0.96571429 -0.81716115 -0.81714286 -0.6805663 -0.17000011 -0.17 -0.17 -0.17 -0.26142857 -0.26142857 -0.26142857 -0.071428581 -0.071428873 -0.47714088 -0.47714286 -0.47688785 -0.10857143 -0.10857143 -0.10857246 -0.53993028 0.20847833 0.20856894 0.20848987 -0.25777303 -0.25816829 -0.37685459 -0.4028569 -0.40074587 0.22714286 0.22714286 -0.32285714 -0.32285714 -0.32285714 -0.32285714 -0.75571429 -0.75571429 -0.75571429 -0.75571429 -0.98857143 -0.98857143 -0.98857143 -0.87428571 -0.87428571 -0.87428571
-1.0128571 -1.0128571 -1.1414286 -1.1414286 -1.1414286 -1.1414286 -0.9567753 -0.96571429 -0.96571429 -0.96571429 -0.96553989 -0.65 -0.65 -0.65 -0.17282875 -0.17 -0.26081931 -0.26142857 -0.26142857 -0.26142857 -0.071428571 -0.071428571 -0.071428571 -0.071428571 -0.10857143 -0.10857143 -0.10857143 -0.10857143 -0.10857143 0.20857143 0.20857143 0.20857143 0.20857143 0.20857201 0.48285714 0.22714286 0.22714286 0.22714286 0.22714286 0.22714169 -0.055714286 -0.055714286 -0.055714286 -0.24770928 -0.64571429 -0.64571429 -0.64571429 -0.98857142 -0.98857075 -0.29285714 -0.29285714 -0.22015917 -0.22
-1.0128571 -1.0128571 -1.0950233 -1.1414286 -1.1414286 -1.1414286 -1.189602 -0.96642111 -0.96571429 -0.96571429 -0.65000005 -0.65 -0.65 -0.65 -0.65 -0.61059814 -0.26142857 -0.26142857 -0.26142857 -0.26142857 -0.071430041 -0.071428571 -0.071428571 -0.071428571 -0.10857143 -0.10857143 -0.10857143 -0.10857143 -0.10857143 0.36058532 0.20857143 0.20857143 0.20857143 0.48285714 0.48285714 0.48265857 0.22714286 0.22714286 0.54953455 0.79999995 -0.055714286 -0.055714286 -0.055714286 -0.24233786 -0.64571429 -0.64571429 -0.64571429 0.49857143 -0.28299602 -0.29285714 -0.29285714 -0.22 -0.22
-0.46571429 -0.46571429 -0.46571429 -0.97200843 -1.1409954 -1.19 -1.19 -1.19 -1.19 -0.87571429 -0.87571429 -0.65000002 -0.65 -0.65 -0.65 -0.64997536 -0.26142857 -0.26142857 -0.26142857 -0.26142857 -0.15433841 -0.071428571 -0.071428571 -0.053969164 0.56435323 -0.10857143 -0.10857143 -0.10857143 0.41428571 0.41428571 0.41428571 0.41428485 0.48285714 0.48285714 0.48285714 0.48285714 0.8 0.8 0.8 0.8 0.15857143 0.15857143 0.15857143 0.18142811 0.18142857 0.18142857 0.18142831 0.49857143 0.49857143 -0.29189283 -0.29285714 -0.21999603 -0.22
