interpolatedSpi/01-08|22_3.tif
NCOLS 53
NROWS 52
XLLCORNER -116.03883
YLLCORNER 28.596182
DX 0.49850594
DY 0.49788537
NODATA_VALUE -9999
[rows 0 to 33 of 52, columns 0 to 52 of 53]
0.5025 0.5025 0.21064103 -0.0375 0.6125 0.42125 0.46375 0.4125 0.12326108 0.0375 0.26375 0.78625 0.61128633 1.0525 1.02 1.02 1.02 0.93875 0.88375 0.88375 0.88375 0.88374158 0.010000004 0.39375 0.39375 0.39375 0.44749911 0.4475 0.4475 0.1175 0.1175 0.1175 0.1175 2.3529807e-08 1.110223e-16 1.110223e-16 1.110223e-16 1.110223e-16 1.1107283e-16 1.0861934e-08 0.39573855 0.39984839 -0.19625 -0.19625 -0.19625 -0.19625 -0.19675838 -0.5075 -0.5075 -0.5075 0.68999751 0.69 0.69
0.50245857 -0.43 0.013750292 0.15047667 0.30765222 0.67 0.5875 0.7020969 0.37 0.34625 0.555 0.61125 0.61125 0.89552518 1.0524978 1.02 0.93875 0.93875 0.88382171 0.88375 0.88375 0.88375 0.39980327 0.39375 0.39375 0.39375 0.66374998 0.66375 0.1175 0.1175 0.1175 0.1175 0.1175 1.7114466e-08 1.1699988e-16 1.110223e-16 1.110223e-16 1.110223e-16 6.772481e-08 0.25448023 1.5711431 0.01822165 -0.19625 -0.19625 -0.19625 -0.19625 -0.19625 -0.5075 -0.5075 -0.5075 -0.40820215 0.69 0.69
0.42249098 0.4225 0.26625 0.72875 0.135 -0.1475 0.12375 0.35625 -0.14125 0.505 0.59 0.1975 0.3 0.94375 0.895 0.195 0.93875 0.93875 0.93875 0.65881541 0.65875 0.65875 0.50875 0.39375 0.39375 0.39375 0.66375 0.66375 0.66375 0.1175 0.1175 0.11750004 0.49780605 0.0026244797 0.0086097743 0.91652379 0.925 0.925 1.0062812 1.57125 1.57125 1.5689898 -0.19625 -0.19625 -0.19625 -0.19625 -0.19625 -0.5075 -0.5075 -0.5075 -0.5075 0.69 0.69
-0.05125 0.42249994 0.11247204 1.42125 -0.25125 0.28125 0.25375 -0.14875 0.39875 0.59091834 0.49125 0.1275 0.21375 0.94375 -0.26125 0.195 -0.57779182 -0.58268325 -0.75875 0.65875 0.65875 -0.31625 0.50875 0.50875 0.39375 0.39375135 0.66375 0.66375 0.66375 0.03125 0.51202886 0.9075 0.9075 0.90750001 0.925 0.925 0.925 0.925 1.57125 1.57125 1.57125 1.5712499 -0.19625 -0.19625 -0.19625 -0.19625 -0.19625 -0.50749607 -0.5075 -0.5075 -0.5075 0.6899909 0.69
-0.05125 0.66124899 0.1125 0.059080295 -0.25125 -0.14875 0.045016703 0.44125 0.01125 0.83874966 0.55425283 0.41994664 0.0475 -0.26125 -0.26125 0.031790862 -0.58375 -0.58375 -0.75875 -0.75875 0.65874805 -0.31625 0.34625 0.52 0.55125 0.55133042 0.66375 0.66375 0.031250001 0.03125 0.9075 0.9075 0.9075 0.85375676 0.925 0.925 0.925 1.57125 1.57125 1.57125 1.57125 1.571241 -0.19624998 -0.19625 -0.19625 -0.19625 -0.19625 -0.19902051 -0.5075 -0.5074588 0.41125 0.41125 0.41125
-1.65 0.0025 0.29 0.24375 -0.5575 0.02375 0.165 0.20036791 0.22375 -0.335 -0.72875 -0.0175 -0.017499957 -0.10375 -0.10375 -0.35120051 -0.35125 -0.2775 -0.2775 -0.7587492 -0.39625 -0.39625 0.52 0.55125 0.55125 0.895 0.50625 0.50625 0.9136691 0.03125 0.9075 0.9075 0.6225 0.62255773 1.1749605 1.36875 1.36875 1.508602 1.57125 1.57125 1.4776169 1.4775 1.4775021 0.43122431 0.4424294 0.44249983 0.44249998 0.44249976 0.59626609 0.41125 0.41125 0.41125 0.41125
-0.88251056 -0.42125 -0.33940018 -0.3475 -0.2725 -0.67625 -0.25249999 -0.36125 -0.3 -0.3 -0.72875 -0.14875 -0.5699999 -0.10375 -0.14624987 -0.14625 -0.35125 -0.03625 0.14625 0.14625 -0.40331897 -0.41125 -0.41125 0.73875 0.895 0.895 0.50625 0.50625 0.91371649 0.91313307 1.2621434 0.6225 0.6225 1.175 1.175 1.4252564 1.36875 1.36875 1.8474834 1.4775005 1.4775 1.4775 1.4775112 0.4425045 0.4425 0.4425 0.4425 0.44250013 0.66625 0.41130053 0.41125 0.41125 0.41125
-0.8825 -0.18125 -5.5511269e-17 -1.145 -0.93251218 -0.755 -0.7525 -0.48125 -0.7175 -0.53 -0.53 -0.18625 -0.57 -0.57 -0.14915732 -0.64488944 -0.69375 0.1175 -0.55749928 0.14625 0.29297971 0.4025 -0.7075 0.4475 0.44749447 0.01875 0.45875 0.45875002 0.34076488 0.33875002 1.265 0.36458213 0.67625 1.175 1.1815599 1.4725 1.4725 1.8475 1.8475 1.4775 1.4775 1.4775 1.2519856 1.24875 0.4425 0.4425 0.4425 0.66624148 0.66625 0.66625 0.41125 0.41125 0.41125
-0.3122943 -0.18125 0.205 -0.39 -0.585 -0.91125 -0.5175 -0.435 -0.27125 -0.11375607 -0.21625 -0.19375 -0.19375 0.36625 0.36624241 -0.82712723 -0.8275 -0.8275 0.014460213 -0.71000004 -0.8875 -0.88749999 0.91875 -0.066621608 0.06195668 0.01875 0.6775 0.45875 1.2665286 1.27125 0.2775 1.675 1.210377 0.8975 1.405 1.30625 1.81 0.6975 1.8419713 1.4815397 2.3825 1.7375 1.2487905 1.24875 1.244212 0.4425 0.63999999 0.66625 0.66625 0.66625 0.66625 0.48315304 0.4925
-1.045 -1.045 0.37625 -0.08625 -0.7775 -0.935 -0.6275 -0.8575 -0.4325 -0.07383151 -0.055 0.935 0.36625 0.36625 -0.44125 -0.44654759 -0.8275 -0.82744204 -0.59375 -0.71 -0.71 -0.73286796 0.91875 0.80625213 0.80625 0.80625 0.6775 0.9525 0.9525 1.27125 1.27125 1.6732504 0.7525 0.8975 1.1275 1.30625 1.81 1.54625 1.8425 1.1513854 1.7375 1.6493385 1.4975 1.24875 1.24875 0.64 0.64 0.64 0.66625 0.66625 0.98875 0.98875 0.98874981
-1.045 -1.045 -0.35125 -0.8425 -0.97 -0.52875 -1.08875 -0.15794532 -0.2125 -0.42375 -0.44125 -0.63625 0.93290736 -0.44125 -0.44125 -0.44124351 -0.385 -0.39595618 -0.59375 -0.5 -0.5 -0.7725 -0.7725 0.80625 0.80625 0.80625 0.9525 0.9525 0.9525 0.28875 0.28875 0.28875076 0.95 0.95 0.64625 0.43125 1.75875 1.0587515 1.4525 1.14 1.14 0.86125209 1.4975 1.24875 1.1337498 0.88125 1.3369853 1.34 1.51 1.51 0.98875 0.98875 0.98875
-1.045 -0.74555435 -0.5608839 -0.75499165 -0.17 -0.97 -1.08875 -0.1575 -0.21249954 -0.42140961 -0.63624972 -0.63625 -0.45125 -0.44125 -0.44125 -0.385 -0.385 -0.38501188 -0.59375 -0.5 -0.55351346 -0.7725 -0.7725 0.80618681 0.80625 0.65134091 0.335 0.335 0.33500008 0.28875 0.28875 0.18 0.18 0.94999917 0.64625 1.1875 1.6753656 1.05875 1.05875 1.14 0.86125 0.86125 0.86125207 1.13375 1.13375 0.88125 1.34 1.34 1.51 1.51 0.98875 0.98875 0.98875
0.32125 0.15170824 0.20121172 0.19432803 -0.17000422 -0.96998111 -1.08875 -0.16896315 -0.20870994 -0.2180163 -0.45125 -0.45125 -0.45125 -0.45125 -0.44125142 -0.385 -0.385 -0.3876953 -0.59375 -0.49996661 -0.3825 -0.3825 -0.3825 -0.3825 0.78574603 0.335 0.335 0.335 0.335 0.33495401 0.18 0.18 0.18 0.18 1.1875 1.1875 1.1875 1.0651679 1.0573699 0.875 0.875 0.86125074 1.0037545 1.1337375 1.13375 0.88125 1.34 1.34 1.51 1.51 0.99064104 0.98875 1.2644821
0.32125 0.20125 0.20125 0.20125 0.20125 0.20124951 -1.0884459 -0.64812428 -0.19859845 -0.45099813 -0.45125 -0.45125 -0.45125 -0.45125 -0.45124992 -0.385 -0.38500003 -0.39931883 -0.59374641 -0.3825 -0.3825 -0.3825 -0.3825 -0.3825 -0.37225623 0.27136931 0.26625001 0.26625 0.26625 0.26625 0.18 0.18 0.18000031 0.43625 0.43625 1.1875 0.93837587 0.93125 0.87500003 0.875 0.875 0.875 1.00375 1.00375 1.00375 1.0028975 1.393305 1.39375 1.39375 1.39375 1.39375 1.11125 1.11125
0.60625 0.20125 0.20125 0.20125 0.20125 0.20125 0.20124992 -0.69556759 -0.34415796 -0.345 -0.345 -0.345 -0.345 -0.345 -0.345 0.056688183 -0.37787728 -0.41358476 -0.38252649 -0.3825 -0.3825 -0.3825 -0.3825 -0.38249954 0.09125 0.09125 0.091250246 0.26625 0.26625 0.26583449 0.05875 0.05875 0.43625 0.43625 0.43625 0.85195632 0.93125 0.93125 0.93125 0.875 0.875 0.875 1.00375 1.00375 1.00375 1.00375 1.39375 1.39375 1.39375 1.39375 1.39375 1.11125 1.11125
0.60625 0.4554731 0.20125 0.20125 0.20125 0.20125 -0.26115923 -0.26125 -0.26125 -0.345 -0.345 -0.345 -0.345 -0.345 -0.25455113 0.065 0.065 0.065 0.0088049746 0.0099995995 0.01 0.01 0.01 0.01 0.09125 0.09125 0.09125 0.09125 0.26625 0.05875 0.05875 0.05875 0.43624997 0.43625 0.43625 0.78 0.93104974 0.93125 0.93125 0.8749051 0.68540057 0.24314414 1.00375 1.00375 0.27724897 0.275 0.275 1.3912678 -0.1097276 -0.11499987 -0.11499971 0.23263292 1.1112482
0.60625 0.040610974 0.11205939 0.20125 0.20125 -0.26097673 -0.26125 -0.26125 -0.26125 -0.26185353 -0.345 -0.345 -0.345 -0.34499995 0.065 0.065 0.065 0.065 0.01004913 0.01 0.01 0.01 0.01 0.01 0.091249998 0.09125 0.09125 0.09125 0.091131782 0.05875 0.05875 0.05875 -0.056249997 0.43627308 0.78 0.78 0.78 0.77528445 0.28493442 0.24125 0.24125 0.24125 0.025 0.025 0.275 0.275 0.275 -0.115 -0.115 -0.115 -0.115 0.2325 0.2325
0.025518804 0.025 0.025 0.024999996 -0.37625 -0.26125297 -0.26125 -0.26125 -0.26125 -0.26125 -0.29096325 -0.3449907 -0.34499998 0.065 0.065 0.065 0.065 0.065 0.036147109 0.01 0.01 0.01 0.01 0.01 -0.22645976 -0.66999588 -0.67 -0.67 -0.67 0.058749994 -0.056249998 -0.05625 -0.05625 -0.05625 0.78 0.77998868 0.35 0.35 0.24260791 0.24125 0.24125 0.24125 0.025 0.025 0.23629139 0.275 0.275 -0.115 -0.115 -0.115 -0.1112739 0.2325 0.2325
0.025 0.025 0.025 -0.16395461 -0.37625 -0.37625 -0.26125 -0.26125 -0.26125 -0.26125 0.36875 0.36875 0.36875 0.065 0.065 0.065 0.065 0.064974798 -0.32375 -0.32375 0.0099998645 0.01 -0.00052955427 -0.4225 -0.42472813 -0.67 -0.67 -0.67 -0.67 -0.056312495 -0.05625 -0.05625 -0.05625 -0.05625 0.35000151 0.35 0.35 0.35 0.34958755 0.24125 0.24125 0.24125 0.025 0.025 0.025 0.275 0.275 -0.11499999 -0.115 -0.115 0.2325 0.2325 0.2325
0.025 0.025 0.025 -0.37625 -0.37625 -0.37625 -0.37624982 -0.26125 -0.26125 0.36809966 0.36875 0.36875 0.36875 0.36856075 -0.058436918 -0.0875 -0.0875 -0.087500001 -0.32375 -0.32375 -0.32375 -0.4225 -0.4225 -0.4225 -0.42253362 -0.60312315 -0.67 -0.67 -0.67 -0.51563009 -0.60369615 -0.60375 -0.60375 -0.60375 0.13230557 -0.17124882 -0.17125 -0.17125 -0.17125 -0.41241055 -0.4125 -0.4125 0.025 0.025 -0.18124914 -0.18124991 0.07625 0.07625 -0.02 -0.02 -0.02 0.2325 0.00020788322
0.024998894 0.025 0.024999986 -0.37625 -0.37625 -0.37625 -0.37625 -0.81249984 -0.26345411 0.36803818 0.36875 0.36875 0.36875 0.36785471 -0.0875 -0.0875 -0.0875 -0.087500068 -0.32375 -0.32375 -0.32375 -0.4225 -0.4225 -0.4225 -0.5425 -0.5425 -0.615 -0.615 -0.615 -0.61493863 -0.60375 -0.60375 -0.60375 -0.60375 -0.38761886 -0.17125 -0.17125 -0.17125 -0.17125 -0.4125 -0.4125 -0.4125 -0.40522399 -0.18125 -0.18125 -0.18125 0.07625 0.07625 -0.02 -0.02 -0.02 -6.7516221e-10 1.3877788e-17
-0.33125 -0.17810921 -0.5925 -0.59243726 -0.37625 -0.80997587 -0.8125 -0.8125 -0.76740814 -0.41625001 -0.41625 -0.41625 -0.41625 -0.11875968 -0.11875 -0.087500024 -0.0875 -0.09372484 -0.32375 -0.32375 -0.32375 -0.66125 -0.66125 -0.66125 -0.5425 -0.5425 -0.615 -0.615 -0.615 -0.61500011 -0.76499898 -0.76499955 -0.60780278 -0.60392287 -0.900906 -0.90125 -0.90125 -0.90125 -0.90125 -0.4125 -0.4125 -0.4125 -0.19398361 -0.18125 -0.18125 -0.18125003 0.07625 0.07625 0.076246535 -0.02 -0.020008273 -0.205 1.3855263e-17
-0.47247318 -0.47250002 -0.5925 -0.5925 -0.5925 -0.8125 -0.8125 -0.8125 -0.68875 -0.68875 -0.41625 -0.41625 -0.41625 -0.11875 -0.11875 -0.11875 -0.11875 -0.11877263 -0.32375 -0.32375 -0.32375001 -0.66125 -0.66125 -0.66125 -0.5425 -0.5425 -0.615 -0.615 -0.615 -0.76330874 -0.765 -0.765 -0.765 -0.765 -0.90118277 -0.90125 -0.90125 -0.90125 -0.90125 -0.8099999 -0.81 -0.81 -0.81 -0.18125124 -0.3425 -0.3425 -0.3425 -0.055 -0.055 -0.055 -0.205 -0.205 -0.205
-0.4725 -0.4725 -0.5925 -0.5925 -0.5925 -0.81134364 -0.8125 -0.68875 -0.68875 -0.68875 -0.41628354 -0.41625 -0.4857056 -0.11875009 -0.11875 -0.11875 -0.11875 -0.42375 -0.42375 -0.42375 -0.62375 -0.62375003 -0.66124982 -0.66125 -0.66137006 -0.92 -0.92 -0.91999927 -0.61504929 -1.1336765 -1.133748 -1.1336856 -0.76563023 -0.76531823 -0.87722345 -0.90125022 -0.90313925 -1.465 -1.465 -0.81 -0.81 -0.81 -0.81 -0.3425 -0.3425 -0.3425 -0.3425 -0.055 -0.055 -0.055 -0.205 -0.205 -0.205
-0.4725 -0.4725 -0.5925 -0.5925 -0.5925 -0.5925 -0.76618399 -0.68875 -0.68875 -0.68875 -0.68864643 -0.50125 -0.50125 -0.50125 -0.12100416 -0.11875 -0.42171756 -0.42375 -0.42375 -0.42375 -0.62375 -0.62375 -0.62375 -0.62375 -0.92 -0.92 -0.92 -0.92 -0.92 -1.13375 -1.13375 -1.13375 -1.13375 -1.1337502 -1.22125 -1.465 -1.465 -1.465 -1.465 -1.4649975 -0.77875 -0.77875 -0.77875 -0.61604337 -0.27875 -0.27875 -0.27875 -0.055000006 -0.055000358 -0.42375 -0.42375 -0.18375517 -0.18375
-0.4725 -0.4725 -0.54918843 -0.5925 -0.5925 -0.59250001 -1.0094299 -0.6897624 -0.68875 -0.68875 -0.50125001 -0.50125 -0.50125 -0.50125 -0.50125 -0.46988618 -0.42375 -0.42375 -0.42375 -0.42375 -0.62374845 -0.62375 -0.62375 -0.62375 -0.92 -0.92 -0.92 -0.92 -0.92 -1.21873 -1.13375 -1.13375 -1.13375 -1.22125 -1.22125 -1.2214393 -1.465 -1.465 -1.1969767 -0.98875004 -0.77875 -0.77875 -0.77875 -0.61917889 -0.27875 -0.27875 -0.27875 -0.82 -0.42868724 -0.42375 -0.42375 -0.18375 -0.18375
-0.86125 -0.86125 -0.86125 -0.65988301 -0.59277174 -1.01 -1.01 -1.01 -1.01 -0.56625 -0.56625 -0.50125 -0.50125 -0.50125 -0.50125 -0.50124509 -0.42375 -0.42375 -0.42375 -0.42375 -0.53647649 -0.62375 -0.62375 -0.61481934 -0.31088716 -0.92 -0.92 -0.92 -1.24875 -1.24875 -1.24875 -1.2487495 -1.22125 -1.22125 -1.22125 -1.22125 -0.98875 -0.98875 -0.98875 -0.98875 -0.585 -0.585 -0.585 -0.5800001 -0.58 -0.58 -0.5799999 -0.82 -0.82 -0.42423281 -0.42375 -0.18375067 -0.18375
-0.86125 -0.86125 -0.86125 -0.86124529 -0.77375 -0.80810463 -1.01 -1.01 -1.01 -0.56625 -0.56625 -0.56625 -0.64499999 -0.645 -0.645 -0.64499999 -0.42343172 -0.42375 -0.42375 -0.42375 -0.42676408 -0.28250094 -0.2825 -0.2825 -0.2825 -0.28250002 -0.795 -0.795 -1.24875 -1.24875 -1.24875 -1.24875 -1.2212499 -1.22125 -1.22125 -1.2212393 -0.98874999 -0.98875 -0.98875 -0.98731331 -0.585 -0.585 -0.585 -0.58000023 -0.58 -0.58 -0.58 -0.82 -0.82 -0.81999993 -0.3175 -0.3175 -0.305
-0.86125 -0.86125 -0.86125 -0.7737502 -0.77375 -0.77375 -1.0099999 -1.01 -1.01 -0.56625 -0.56625 -0.56625 -0.645 -0.645 -0.645 -0.61491698 -0.25 -0.25 -0.25000045 -0.42276861 -0.2825 -0.2825 -0.2825 -0.2825 -0.2825 -0.28288568 -0.795 -0.795 -0.795 -1.24875 -1.24875 -1.2487106 -1.09 -1.09 -1.09 -0.6825 -0.6825 -0.66125 -0.66125 -0.66125 -0.3 -0.5849106 -0.58499831 -0.35875 -0.35875 -0.36713512 -0.57999982 -0.82 -0.82 -0.3175 -0.3175 -0.3175 -0.305
-0.86125 -0.86125 -0.86125 -0.77375 -0.77375 -0.77375 -0.77375 -1.01 -1.01 -0.56625 -0.56625 -0.64185114 -0.645 -0.645 -0.645 -0.25 -0.25 -0.25 -0.25 -0.25 -0.2825 -0.2825 -0.2825 -0.2825 -0.2825 -0.79499825 -0.795 -0.795 -0.795 -1.1875 -1.1875 -1.1875 -1.09 -1.09 -1.09 -0.6825 -0.6825 -0.66125 -0.66125 -0.3 -0.3 -0.3 -0.35875 -0.35875 -0.35875 -0.35875 -0.32681522 0.03 0.03 0.03 -0.31749999 0.26375 0.26375
-0.86125 -0.86125 -0.86112815 -0.77375 -0.77375 -0.77375 -0.77375 -0.88799141 -0.89375 -0.89318773 -0.56625 -0.64500345 -0.645 -0.645 -0.64499863 -0.25 -0.25 -0.25 -0.25 -0.25 0.19219995 -0.2825 -0.2825 -0.2825 -0.28247219 -0.79496357 -0.795 -0.795 -0.795 -1.1875 -1.1875 -1.1875 -1.1874842 -1.09 -0.6825 -0.6825 -0.6825 -0.68249904 -0.66122536 -0.3 -0.3 -0.3 -0.35874643 -0.35875 -0.35875 -0.35875 0.029999938 0.03 0.03 0.03 0.26375 0.26375 0.26375
-0.89375 -0.89374994 -0.77380026 -0.77375 -0.77375 -0.77375 -0.89372447 -0.89375 -0.89375 -0.89375 -0.68625001 -0.68625 -0.68625 -0.68625 -0.25201346 -0.25 -0.25 -0.25 -0.25 0.21249972 0.2125 0.2125 -0.14750002 -0.1475 -0.1475 -0.1475 -0.20338758 -0.795 -0.98249232 -0.9825 -0.9825 -0.9825 -0.9825 -0.55875 -0.55875 -0.55875 -0.55875 -0.55875 -0.1725 -0.1725 -0.1725 -0.1725 -0.1725 0.026917756 0.0275 0.0275 0.0275 0.03 0.03 0.03 0.26371317 0.26375 0.26375
-0.89375 -0.89375 -0.89164638 -0.64250026 -0.64250003 -0.64274502 -0.89375 -0.89375 -0.89375 -0.89375 -0.68625 -0.68625 -0.68625 -0.68625 -0.68625 -0.25 -0.25 -0.25 0.21249988 0.2125 0.2125 0.2125 -0.1475 -0.1475 -0.1475 -0.1475 -0.1475 -0.14763785 -0.98250579 -0.9825 -0.9825 -0.9825 -0.98250233 -0.57788293 -0.55876981 -0.55875 -0.55875 -0.55875 -0.1725 -0.1725 -0.1725 -0.1725 -0.1725 0.0275 0.0275 0.0275 0.0275 0.028669049 0.03 0.45273041 0.4575 0.2675 0.2675
-0.89375 -0.89375 -0.64253183 -0.6425 -0.6425 -0.6425 -0.70631644 -0.89375 -0.89375 -0.89375 -0.68625 -0.68625 -0.68625 -0.68625 -0.68625 -0.25032947 -0.25 0.2123644 0.2125 0.2125 0.2125 0.2125 -0.014135667 -0.1475 -0.1475 -0.1475 -0.1475 -0.14810194 -0.9975 -0.9975 -0.9975 -0.9975 -0.9975 -0.5925 -0.5925 -0.5925 -0.5925 -0.5925 -0.3025 -0.3025 -0.3025 -0.3025 -0.3025 0.028089052 0.027500123 0.027500001 0.027540894 0.032482527 0.4575 0.4575 0.4575 0.26750106 0.2675
