interpolatedSpi/01-05|19_2.tif
NCOLS 53
NROWS 52
XLLCORNER -116.03883
YLLCORNER 28.596182
DX 0.49850594
DY 0.49788537
NODATA_VALUE -9999
-0.264 -0.264 -0.42804444 -0.342 -0.42 -0.44 -0.812 -1.024 -1.2401123 -1.084 -0.826 -0.82 -0.87995702 -0.358 -0.724 -0.724 -0.724 -0.028 -0.336 -0.336 -0.336 -0.33600942 -1.314 -0.712 -0.712 -0.712 -0.85999608 -0.86 -0.86 -1.332 -1.332 -1.332 -1.332 -1.7419999 -1.742 -1.742 -1.742 -1.742 -1.742 -1.742 -0.2164315 -0.20022928 -1.1 -1.1 -1.1 -1.1 -1.1011891 -1.828 -1.828 -1.828 -1.5380006 -1.538 -1.538 
-0.26402621 -0.854 -0.51199958 -0.49467862 -0.57829975 -0.234 0.17 -0.53431961 -1.414 -1.158 -0.724 -0.88 -0.88 -0.20252018 -0.35800135 -0.724 -0.028 -0.028 -0.33559841 -0.336 -0.336 -0.336 -0.73242319 -0.712 -0.712 -0.712 -0.37400002 -0.374 -1.332 -1.332 -1.332 -1.332 -1.332 -1.7419999 -1.742 -1.742 -1.742 -1.742 -1.7419998 -1.4597055 -0.12003499 -0.98108451 -1.1 -1.1 -1.1 -1.1 -1.1 -1.828 -1.828 -1.828 -1.8039529 -1.538 -1.538 
-0.32800186 -0.328 -0.148 0.09 -0.808 -1.186 -0.858 -0.882 -1.264 -1.05 -0.464 -1.24 -0.716 -0.148 -0.202 -1.124 -0.028 -0.028 -0.028 -0.48195756 -0.482 -0.482 -1.1 -0.712 -0.712 -0.712 -0.374 -0.374 -0.374 -1.332 -1.332 -1.332 -1.3955448 -1.7374267 -1.7218392 0.40415192 0.424 0.424 0.35557914 -0.12 -0.12 -0.12125317 -1.1 -1.1 -1.1 -1.1 -1.1 -1.828 -1.828 -1.828 -1.828 -1.538 -1.538 
-0.162 -0.3280001 -0.83608211 -0.094 -0.812 -0.928 -0.82 -1.352 -0.92 -0.19657233 -1.034 -1.274 -1.34 -0.148 -0.968 -1.124 -1.0029334 -1.0013176 -1.578 -0.482 -0.482 -1.08 -1.1 -1.1 -0.712 -0.71199831 -0.374 -0.374 -0.374 -1.112 -1.3051346 -1.464 -1.464 -1.4639985 0.424 0.424 0.424 0.424 -0.12 -0.12 -0.12 -0.12000004 -1.1 -1.1 -1.1 -1.1 -1.1 -1.8279908 -1.828 -1.828 -1.828 -1.5379614 -1.538 
-0.162 -0.95599978 -0.836 -1.0447869 -0.812 -1.272 -1.41797 -1.456 -1.25 -1.368 -1.1975294 -1.1139845 -1.006 -0.968 -0.968 -1.0704625 -1.002 -1.002 -1.578 -1.578 -0.48200125 -1.08 -1.56 -1.496 -1.34 -1.3400185 -0.374 -0.374 -1.112 -1.112 -1.464 -1.464 -1.464 -1.4772 0.424 0.424 0.424 -0.12 -0.12 -0.12 -0.12 -0.11998996 -1.1 -1.1 -1.1 -1.1 -1.1 -1.1064801 -1.828 -1.827934 -0.356 -0.356 -0.356 
-1.874 -0.984 -0.13600001 -0.686 -0.614 -0.874 -1.028 -1.0827963 -1.348 -1.056 -1.206 -1.156 -1.1559999 -1.822 -1.822 -1.3138822 -1.314 -1.238 -1.238 -1.5779997 -1.646 -1.646 -1.496 -1.34 -1.34 -1.42 -1.538 -1.538 -0.94601529 -1.112 -1.464 -1.464 -1.534 -1.5339538 -1.0920316 -0.784 -0.784 -0.32542356 -0.12 -0.12 -0.01612971 -0.015999999 -0.015999194 0.19669838 0.21985411 0.21999965 0.21999996 0.21999949 -0.89695196 -0.356 -0.356 -0.356 -0.356 
-1.6360012 -0.97 -1.1742073 -0.636 -0.258 -0.982 -1.352 -1.386 -1.292 -1.292 -1.206 -1.148 -1.4859998 -1.822 -0.82600298 -0.826 -1.314 -1.088 -1.222 -1.222 -1.5866206 -1.52 -1.52 -1.328 -1.42 -1.42 -1.538 -1.538 -0.94600921 -0.94616952 -0.68330199 -1.534 -1.534 -1.092 -1.092 -0.94521345 -0.784 -0.784 -0.91199556 -0.016001247 -0.016 -0.016 -0.015995789 0.21999859 0.22 0.22 0.22 0.2199993 -0.958 -0.3561193 -0.356 -0.356 -0.356 
-1.636 -1.988 -0.908 -1.392 -0.91002763 -1.35 -0.98 -1.214 -1.152 -0.92 -0.92 -0.854 -1.486 -1.486 -0.83052821 -1.0409386 -1.062 -0.624 -1.3299999 -1.222 -0.49114706 -0.438 -1.17 -1.01 -1.0100026 -1.212 -0.692 -0.6920003 -1.1034463 -1.104 -0.682 -0.63287828 -0.908 -1.092 -1.0855542 -1.08 -1.08 -0.912 -0.912 -0.016 -0.016 -0.015999993 -0.032214328 -0.031999987 0.22 0.22 0.22 -0.95795516 -0.958 -0.958 -0.356 -0.356 -0.356 
-1.8566143 -1.988 -1.41 -0.436 -0.774 -1.374 -1.22 -0.86 -0.97 -0.58244532 -0.706 -0.734 -0.734 -0.194 -0.19399769 -1.6084727 -1.61 -1.61 -0.73177199 -0.55400011 -1.064 -1.064 -0.886 -1.0580803 -1.1916437 -1.212 -0.992 -0.692 -0.85305862 -0.854 -0.556 -0.692 -0.69703736 -1.134 -0.866 -0.88 -0.786 -0.818 -0.40619025 -0.014500172 0.32 -0.069999999 -0.032014326 -0.032 -0.030581608 0.22 -0.63599995 -0.958 -0.958 -0.958 -0.958 -0.28627583 -0.15 
-1.122 -1.122 -1.404 -1.012 -0.74 -1.374 -0.704 -1.038 -0.27 -0.48396097 -0.314 -0.564 -0.194 -0.194 0.052 0.029204919 -1.61 -1.6096797 -0.21 -0.554 -0.554 -0.6197051 -0.886 -1.1119957 -1.112 -1.112 -0.992 -0.178 -0.178 -0.854 -0.854 -0.69201897 -0.702 -1.134 -0.742 -0.88 -0.786 -1.254 -0.406 0.53844128 -0.069999983 -0.08836697 -0.12 -0.032 -0.032 -0.636 -0.636 -0.636 -0.958 -0.958 0.204 0.204 0.20399987 
-1.122 -1.122 -1.376 -1.86 -0.916 -0.472 -0.558 -0.64220981 -0.924 -0.822 -0.292 -0.6 -0.56404738 0.052 0.052 0.051977851 -0.14 -0.14367393 -0.21 -0.266 -0.266 -0.168 -0.168 -1.112 -1.112 -1.112 -0.178 -0.178 -0.178 -1.258 -1.258 -1.2579991 -0.822 -0.822 -1.46 -0.74 -0.074 -0.69399888 -0.692 0.554 0.554 -0.2119997 -0.12 -0.032 0.041999815 -0.188 0.26410668 0.268 0.476 0.476 0.204 0.204 0.204 
-1.122 -1.2318394 -1.5825401 -1.6299927 -0.674 -0.756 -0.558 -0.642 -0.92399764 -0.82313004 -0.60000029 -0.6 0.232 0.052 0.052 -0.13999999 -0.14 -0.14000398 -0.21 -0.266 -0.24675479 -0.168 -0.168 -1.1119613 -1.112 -0.80497593 -0.178 -0.178 -0.178 -1.258 -1.258 -0.298 -0.298 -0.82200175 -1.46 0.15999963 -0.15225251 -0.694 -0.694 0.55399998 -0.212 -0.212 -0.21199815 0.042 0.042 -0.188 0.268 0.268 0.476 0.476 0.204 0.204 0.204 
-0.496 -0.3115437 -0.21406068 -0.22424862 -0.67400051 -0.75599806 -0.55800001 -0.64096602 -0.90456732 -0.92133651 0.232 0.232 0.232 0.232 0.052025498 -0.14 -0.14 -0.14090381 -0.21 -0.26576068 0.56 0.56 0.56 0.56 -1.0829313 -0.178 -0.178 -0.178 -0.178 -0.17854701 -0.298 -0.298 -0.298 -0.298 0.16 0.16 0.16 -0.65266887 -0.6828093 0.796 0.796 -0.21194578 0.47398521 0.042041609 0.042 -0.188 0.268 0.268 0.476 0.476 0.20498679 0.204 0.18421651 
-0.496 -0.214 -0.214 -0.214 -0.214 -0.21400023 -0.55850682 -0.59778227 -0.85272271 0.23075768 0.232 0.232 0.232 0.232 0.23200034 -0.14 -0.14000001 -0.14480152 -0.20999653 0.56 0.56 0.56 0.56 0.56 0.55757603 0.057884834 0.12199994 0.122 0.122 0.122 -0.29799999 -0.298 -0.29799931 0.278 0.278 0.16 0.57609806 0.588 0.79599988 0.796 0.796 0.796 0.474 0.474 0.474 0.46939308 0.49640883 0.498 0.498 0.498 0.498 0.83999987 0.84 
0.668 -0.214 -0.214 -0.214 -0.214 -0.214 -0.21400002 -0.28491347 0.69776236 0.706 0.706 0.706 0.706 0.706 0.706 0.62164034 -0.1279454 -0.14958513 0.55990321 0.56 0.56 0.56 0.56 0.56000024 0.448 0.448 0.44799954 0.122 0.122 0.12291311 0.578 0.578 0.278 0.278 0.278 0.53834154 0.588 0.588 0.588 0.796 0.796 0.796 0.474 0.474 0.474 0.474 0.498 0.498 0.498 0.498 0.498 0.84 0.84 
0.668 0.33964142 -0.214 -0.214 -0.214 -0.214 0.44787007 0.448 0.44800001 0.706 0.706 0.706 0.706 0.706 0.6870278 0.62 0.62 0.62 0.76936034 0.76999979 0.77 0.77 0.77 0.77 0.448 0.448 0.448 0.448 0.122 0.578 0.578 0.578 0.27800003 0.278 0.278 0.96 0.58849254 0.588 0.588 0.79599662 0.78941824 0.77406575 0.474 0.474 0.62752475 0.628 0.628 0.49852592 0.81688174 0.81799997 0.81799994 1.1999454 0.84000073 
0.668 0.41692953 0.10177273 -0.214 -0.214 0.44760886 0.448 0.448 0.448 0.44985922 0.706 0.706 0.706 0.70599999 0.62 0.62 0.62 0.62 0.76986601 0.77 0.77 0.77 0.77 0.77 0.44800001 0.448 0.448 0.448 0.44847286 0.578 0.578 0.578 0.98599999 0.27808646 0.96 0.96 0.96 0.96124745 0.76223474 0.774 0.774 0.774 0.872 0.872 0.628 0.628 0.628 0.818 0.818 0.818 0.818 1.2 1.2 
0.41044413 0.41 0.41 0.41 0.276 0.44799556 0.448 0.448 0.448 0.448 0.70569707 0.70599995 0.706 0.62 0.62 0.62 0.62 0.62 0.59135699 0.77 0.77 0.77 0.77 0.77 0.80220776 1.0999965 1.1 1.1 1.1 0.57800002 0.98599999 0.986 0.986 0.986 0.96 0.96000305 1.076 1.076 0.77777092 0.774 0.774 0.774 0.872 0.872 0.6657796 0.628 0.628 0.818 0.818 0.818 0.82209603 1.2 1.2 
0.41 0.41 0.41 0.3468974 0.276 0.276 0.448 0.448 0.448 0.448 0.702 0.702 0.702 0.62 0.62 0.62 0.62 0.61991836 -0.02 -0.02 0.76999968 0.77 0.76853925 0.71 0.713511 1.1 1.1 1.1 1.1 0.98601161 0.986 0.986 0.986 0.986 1.0759996 1.076 1.076 1.076 1.0749578 0.774 0.774 0.774 0.872 0.872 0.872 0.628 0.628 0.818 0.818 0.818 1.2 1.2 1.2 
0.41 0.41 0.41 0.276 0.276 0.276 0.27600026 0.448 0.448 0.7017378 0.702 0.702 0.702 0.7019489 0.22014533 0.126 0.126 0.126 -0.02 -0.02 -0.02 0.71 0.71 0.71 0.71003978 0.96991797 1.1 1.1 1.1 1.0845782 1.1039884 1.104 1.104 1.104 1.2205367 1.4239992 1.424 1.424 1.424 1.7738632 1.774 1.774 0.872 0.872 1.5519972 1.5519999 1.174 1.174 1.228 1.228 1.228 1.2 1.2 
0.41000249 0.41 0.41 0.276 0.276 0.276 0.27600001 0.86599988 0.44967133 0.70195103 0.702 0.702 0.702 0.70086973 0.126 0.126 0.126 0.12599996 -0.02 -0.02 -0.02 0.71 0.71 0.71 0.852 0.852 1.016 1.016 1.016 1.0164801 1.104 1.104 1.104 1.104 1.2639121 1.424 1.424 1.424 1.424 1.774 1.774 1.774 1.767015 1.552 1.552 1.552 1.174 1.174 1.228 1.228 1.228 1.2 1.2 
1.212 0.83616142 0.734 0.73386713 0.276 0.86258628 0.866 0.866 0.89733656 0.64800001 0.648 0.648 0.648 0.41400762 0.414 0.12600022 0.126 0.12215311 -0.02 -0.02 -0.02 0.444 0.444 0.444 0.852 0.852 1.016 1.016 1.016 1.0160001 1.106 1.106 1.1040503 1.1040021 1.3956672 1.396 1.396 1.396 1.396 1.774 1.774 1.774 1.5642237 1.552 1.552 1.5519999 1.174 1.174 1.1740019 1.228 1.2279885 0.97 1.2 
0.89606001 0.89599997 0.734 0.734 0.734 0.866 0.866 0.866 0.952 0.952 0.648 0.648 0.648 0.414 0.414 0.414 0.414 0.41395074 -0.02 -0.02 -0.019999982 0.444 0.444 0.444 0.852 0.852 1.016 1.016 1.016 1.1049852 1.106 1.106 1.106 1.106 1.3958569 1.396 1.396 1.396 1.396 1.2540001 1.254 1.254 1.254 1.5519959 1.022 1.022 1.022 1.088 1.088 1.088 0.97 0.97 0.97 
0.896 0.896 0.734 0.734 0.734 0.86530618 0.866 0.952 0.952 0.952 0.64803742 0.648 0.81632769 0.4140001 0.414 0.414 0.414 0.546 0.546 0.546 0.24 0.24000015 0.44399901 0.444 0.44414776 0.5 0.5 0.50000123 1.0159166 1.1279956 1.1279999 1.1279962 1.1060376 1.106019 1.3443634 1.3959998 1.3941434 0.842 0.842 1.254 1.254 1.254 1.254 1.022 1.022 1.022 1.022 1.088 1.088 1.088 0.97 0.97 0.97 
0.896 0.896 0.734 0.734 0.734 0.734 0.89818729 0.952 0.952 0.952 0.95194587 0.854 0.854 0.854 0.41659302 0.414 0.54512038 0.546 0.546 0.546 0.24 0.24 0.24 0.24 0.5 0.5 0.5 0.5 0.5 1.128 1.128 1.128 1.128 1.1279999 1.058 0.842 0.842 0.842 0.842 0.84199918 0.516 0.516 0.516 0.608419 0.8 0.8 0.8 1.088 1.0880002 1.266 1.266 1.4238896 1.424 
0.896 0.896 0.79247062 0.734 0.734 0.73400001 1.337315 0.95321646 0.952 0.952 0.8540001 0.854 0.854 0.854 0.854 0.8178888 0.546 0.546 0.546 0.546 0.24000237 0.24 0.24 0.24 0.5 0.5 0.5 0.5 0.5 0.57673851 1.128 1.128 1.128 1.058 1.058 1.0578323 0.842 0.842 0.84875334 0.854 0.516 0.516 0.516 0.60869959 0.8 0.8 0.8 1.292 1.266324 1.266 1.266 1.424 1.424 
1.554 1.554 1.554 0.93959654 0.73501524 1.338 1.338 1.338 1.338 1.31 1.31 0.85400003 0.854 0.854 0.854 0.8539805 0.546 0.546 0.546 0.546 0.37352847 0.24 0.24 0.24942135 0.59554711 0.5 0.5 0.5 0.382 0.382 0.382 0.38200313 1.058 1.058 1.058 1.058 0.854 0.854 0.854 0.854 0.82 0.82 0.82 1.2119921 1.212 1.212 1.2119999 1.292 1.292 1.2660317 1.266 1.4239981 1.424 
1.554 1.554 1.554 1.5539931 1.426 1.4132034 1.338 1.338 1.338 1.31 1.31 1.31 1.43 1.43 1.43 1.43 0.5474618 0.546 0.546 0.546 0.54137961 0.59999901 0.6 0.6 0.6 0.59999998 -0.069999996 -0.07 0.382 0.382 0.382 0.382 1.0579999 1.058 1.058 1.0579873 0.854 0.854 0.854 0.8546317 0.82 0.82 0.82 1.2119818 1.212 1.212 1.212 1.292 1.292 1.292 1.056 1.056 1.248 
1.554 1.554 1.554 1.4260003 1.426 1.426 1.338 1.338 1.338 1.31 1.31 1.31 1.43 1.43 1.43 1.4234503 1.344 1.344 1.3439979 0.55050731 0.6 0.6 0.6 0.6 0.6 0.59949579 -0.07 -0.07 -0.069999999 0.382 0.382 0.38209784 0.902 0.902 0.902 0.824 0.824 0.998 0.998 0.998 1.164 0.8201079 0.82000297 1.218 1.218 1.2177726 1.2120002 1.292 1.292 1.056 1.056 1.056 1.248 
1.554 1.554 1.554 1.426 1.426 1.426 1.426 1.338 1.338 1.31 1.31 1.4252017 1.43 1.43 1.43 1.344 1.344 1.344 1.344 1.344 0.6 0.6 0.6 0.6 0.6 -0.069997714 -0.07 -0.07 -0.07 0.534 0.534 0.534 0.902 0.902 0.902 0.824 0.824 0.998 0.998 1.164 1.164 1.164 1.218 1.218 1.218 1.218 1.2071566 1.086 1.086 1.086 1.056 1.154 1.154 
1.554 1.554 1.5538218 1.426 1.426 1.426 1.426 1.3669753 1.364 1.3639073 1.31 1.4300065 1.43 1.43 1.4299997 1.344 1.344 1.344 1.344 1.344 1.3691576 0.6 0.6 0.6 0.60000947 -0.069959715 -0.07 -0.07 -0.07 0.534 0.534 0.534 0.53405567 0.902 0.824 0.824 0.824 0.82400716 0.99801132 1.164 1.164 1.164 1.2179967 1.218 1.218 1.218 1.0859978 1.086 1.086 1.086 1.154 1.154 1.154 
1.128 1.1280007 1.4260568 1.426 1.426 1.426 1.3640132 1.364 1.364 1.364 1.508 1.508 1.508 1.508 1.3447569 1.344 1.344 1.344 1.344 1.402 1.402 1.402 0.64599999 0.646 0.646 0.646 0.58419999 -0.07 0.84596248 0.846 0.846 0.846 0.846 0.826 0.826 0.826 0.826 0.826 1.13 1.13 1.13 1.13 1.13 0.8685276 0.868 0.868 0.868 1.086 1.086 1.086 1.1539893 1.154 1.154 
1.128 1.128 1.1309807 1.4839999 1.484 1.483883 1.364 1.364 1.364 1.364 1.508 1.508 1.508 1.508 1.508 1.344 1.344 1.344 1.402 1.402 1.402 1.402 0.646 0.646 0.646 0.646 0.646 0.6458487 0.84601467 0.846 0.846 0.846 0.84600589 0.79992253 0.825973 0.826 0.826 0.826 1.13 1.13 1.13 1.13 1.13 0.868 0.868 0.868 0.868 0.96994106 1.086 1.1057769 1.106 1.234 1.234 
1.128 1.128 1.4839549 1.484 1.484 1.484 1.4535205 1.364 1.364 1.364 1.508 1.508 1.508 1.508 1.508 1.3441216 1.344 1.401983 1.402 1.402 1.402 1.402 0.9260651 0.646 0.646 0.646 0.646 0.64616847 0.884 0.884 0.884 0.884 0.884 0.78 0.78 0.78 0.78 0.78 0.984 0.984 0.984 0.984 0.984 0.86819533 0.86800004 0.868 0.86801356 0.86966598 1.106 1.106 1.106 1.2339993 1.234 
1.1280003 1.2672316 1.484 1.484 1.484 1.484 1.484 1.3640511 1.364 1.364 1.508 1.508 1.508 1.508 1.0112834 1 1 1.4019897 1.402 1.402 1.402 1.402 1.4019999 0.646 0.646 0.646 0.646 0.64200023 0.64200011 0.69350348 0.884 0.884 0.884 0.78 0.78 0.78 0.78 0.78002709 0.984 0.984 0.984 0.984 0.98400475 0.948 0.948 0.948 0.948 0.94801274 1.106 1.106 1.106 1.106 1.0566509 
1.27 1.27 1.285843 1.484 1.484 1.484 1.484 1.484 1.3640499 0.82800001 0.828 0.828 0.82961378 1.0000007 1 1 1 1 1.4019956 1.3644585 1.036 1.036 1.036 0.93515385 0.61590632 0.45488076 0.31921936 0.642 0.642 0.642 0.642 0.642 0.65207833 0.81930414 0.82 0.82 0.82 0.82 0.99564688 1.0459999 1.046 1.046 1.046 0.89800015 0.94799999 0.948 0.948 1.2 1.1060015 1.106 1.106 1.054 1.054 
1.27 1.27 1.11 1.11 1.11 1.4838754 1.484 1.484 0.828 0.828 0.828 0.828 0.828 0.99999999 1 1 1 1 1.036 1.036 1.036 1.036 1.036 0.27000004 0.27 0.27 0.27 0.642 0.642 0.642 0.642 0.642 0.758 0.758 0.82 0.82 0.82 0.99397037 0.994 1.046 1.046 1.046 1.046 0.898 0.898 0.898 1.2 1.2 1.2 1.322 1.322 1.054 1.054 
1.27 1.27 1.11 1.11 1.11 1.11 1.1099973 0.612 0.82779663 0.828 0.828 0.828 0.828 0.99785446 1 1 1 1 1.036 1.036 1.036 1.036 1.036 0.27 0.27 0.27 0.27 0.27000151 0.642 0.642 0.642 0.75799392 0.758 0.758 0.758 0.82 0.994 0.994 0.994 0.99536822 0.78972542 0.742 0.742 0.898 0.898 0.898 1.2 1.2 1.2 1.322 1.322 1.322 0.97973126 
0.942 0.94200257 1.11 1.11 1.11 1.11 0.612 0.612 0.612 0.828 0.828 0.828 0.828 0.82805347 1 1 1 1 1.0359991 1.036 1.036 1.036 0.40493218 0.27 0.27 0.27 0.27 0.32399996 0.324 0.324 0.63859134 0.758 0.758 0.758 0.75799996 0.716 0.994 0.994 0.994 0.994 0.742 0.742 0.742 0.962 0.962 0.962 1.3059897 1.2 1.2 1.322 1.322 1.322 0.97200049 
0.942 0.942 1.11 1.11 1.11 0.612 0.612 0.612 0.612 0.80431166 0.828 0.828 0.828 0.82799861 0.39206997 0.392 0.392 0.392 0.34031467 0.462 0.462 0.462 0.462 0.27 0.27 0.27 0.27000356 0.324 0.324 0.324 0.324 0.75795953 0.73437621 0.716 0.716 0.716 0.99270745 0.6480072 0.648 0.648 0.7419248 0.646 0.646 0.962 0.962 0.96200146 1.306 1.306 1.102 1.102 1.102 1.28 1.148 
0.942 0.942 0.604 0.604 0.604 0.612 0.612 0.612 0.612 0.456 0.456 0.456 0.456 0.45148977 0.392 0.392 0.392 0.392 0.336 0.462 0.462 0.462 0.462 -0.208 -0.20799981 0.26999929 0.324 0.324 0.324 0.324 0.38374048 0.442 0.68339776 0.716 0.716 0.716 0.648 0.648 0.648 0.648 0.646 0.646 0.646 1.1338461 1.134 1.3052269 1.306 1.306 1.1020011 1.102 1.28 1.28 1.148 
0.942 0.604 0.604 0.604 0.604 0.604 0.610494 0.418 0.418 0.456 0.456 0.456 0.456 0.45598484 0.392 0.392 0.392 0.38946974 0.336 0.336 0.462 0.462 -0.208 -0.208 -0.208 -0.208 0.324 0.324 0.324 0.324 0.442 0.442 0.442 0.71572273 0.716 0.716 0.648 0.648 0.648 0.648 0.646 0.646 0.646 1.134 1.134 1.1340073 1.262 1.262 1.314 1.314 1.28 1.28 1.148 
0.60717424 0.604 0.604 0.604 0.604 0.604 0.418 0.418 0.418 0.43833919 0.456 0.456 0.456 0.45600312 0.392 0.392 0.392 0.336 0.336 0.336 0.46199371 0.46199591 -0.208 -0.208 -0.208 -0.208 0.32396218 0.324 0.324 0.44197286 0.442 0.442 0.442 0.442 0.71498768 0.472 0.472 0.47504599 0.648 0.648 0.646 0.646 1.1198113 1.134 1.134 1.262 1.262 1.262 1.314 1.314 0.964 0.964 0.754 
0.604 0.604 0.604 0.604 0.604 0.604 0.418 0.418 0.418 0.418 0.63599481 0.636 0.636 0.636 0.39199947 0.21379925 0.114 0.114 0.33559074 0.336 0.33600002 -0.20799903 -0.208 -0.208 -0.208 -0.208 -0.20761321 0.324 0.32400403 0.442 0.442 0.442 0.442 0.442 0.472 0.472 0.472 0.472 0.472 0.47200107 0.66 0.66 0.66000002 0.718 0.718 0.718 1.07 1.07 0.858 0.858 0.964 0.96399954 0.754 
0.604 0.604 0.604 0.604 0.604 0.604 0.418 0.418 0.418 0.636 0.636 0.636 0.636 0.636 0.49840205 0.114 0.114 0.114 0.114 0.114 0.12459977 -0.208 -0.208 -0.208 -0.208 -0.19393235 0.23929799 0.31256103 0.44141809 0.442 0.442 0.442 0.442 0.44200007 0.472 0.472 0.472 0.472 0.472 0.55945716 0.66 0.66 0.66 0.718 0.718 0.718 1.07 1.07 0.858 0.858 0.21400001 0.72421142 0.754 
0.604 0.604 0.604 0.604 0.604 0.60399994 0.41800004 0.418 0.42704822 0.636 0.636 0.636 0.636 0.636 0.61096167 0.114 0.114 0.114 0.114 0.114 0.114 0.17111205 0.23999937 0.24 0.24 0.24 0.24 0.24 0.18503173 0.18400305 0.18400001 0.184 0.184 0.18400021 0.472 0.472 0.472 0.472 0.472 0.65999998 0.66 0.66 0.66 0.66000003 0.71779799 0.592 1.07 0.24060112 0.85744624 0.214 0.214 0.21404157 0.216 
0.604 0.604 0.604 0.604 0.604 0.60398812 0.41801003 0.41801319 0.63599973 0.636 0.636 0.636 0.636 0.636 0.62606745 0.114 0.114 0.114 0.114 0.114 0.114 0.24 0.24 0.24 0.24 0.24 0.24 0.24 0.18401546 0.184 0.184 0.184 0.184 0.184 0.26291197 0.472 0.472 0.472 0.472 0.66 0.66 0.66 0.66 0.65998258 0.592 0.592 0.58970609 0.226 0.226 0.214 0.214 0.216 0.216 
0.604 0.604 0.604 0.604 0.604 0.60375194 0.41822693 0.61140012 0.636 0.636 0.636 0.636 0.636 0.636 0.62686149 0.114 0.114 0.114 0.114 0.114 0.13194011 0.24 0.24 0.24 0.24 0.24 0.24 0.24 0.18400022 0.184 0.184 0.184 0.184 0.184 0.184 0.35982751 0.18547288 0.090134455 0.075627594 0.62901768 0.65999999 0.66 0.66 0.59200543 0.592 0.58973171 0.21200007 0.226 0.226 0.012018755 0.012 0.012 0.21599991 
0.604 0.604 0.604 0.604 0.60399981 0.60244893 0.43815075 0.63594006 0.636 0.636 0.636 0.636 0.636 0.636 0.6238105 0.114 0.114 0.114 0.114 0.114 0.23999946 0.24 0.24 0.24 0.24 0.24 0.24 0.24 0.18400002 0.184 0.184 0.184 0.184 0.184 0.18399998 0.068 0.068 0.068 0.068 0.178 0.178 0.178 0.178 0.2120011 0.212 0.212 0.212 0.21199876 0.098 0.098 0.012 0.012 -0.024295577 
0.604 0.604 0.604 0.60399999 0.60399481 0.59904937 0.62136465 0.63599715 0.636 0.636 0.636 0.636 0.636 0.636 0.6182801 0.11400021 0.114 0.114 0.114 0.11475834 0.24 0.24 0.24 0.24 0.24 0.24 0.24 0.24 0.18400001 0.184 0.184 0.184 0.184 0.184 0.068000106 0.068 0.068 0.068 0.068 0.178 0.178 0.178 0.178 0.18717645 0.212 0.212 0.212 0.098001275 0.098 0.098 -0.04 -0.04 -0.04 
0.604 0.604 0.60399999 0.60399958 0.60394962 0.59530473 0.63522694 0.63599929 0.636 0.636 0.636 0.636 0.636 0.63599997 0.61078854 0.11401228 0.114 0.114 0.11400014 0.23744704 0.24 0.24 0.24 0.24 0.24 0.24 0.24 0.24 0.18400005 0.184 0.184 0.184 0.184 -0.076606807 0.067999927 0.068 0.068 0.068 0.068 0.178 0.178 0.178 0.178 0.178 0.212 0.212 0.212 0.098000001 0.098 0.098 -0.04 -0.04 -0.04 
0.604 0.60399999 0.60399982 0.60399506 0.60375416 0.61285195 0.63586951 0.63599956 0.636 0.636 0.636 0.636 0.636 0.63599902 0.60188169 0.11419064 0.11400001 0.114 0.11465236 0.23998929 0.24 0.24 0.24 0.24 0.24 0.24 0.24 0.23999997 0.18400035 0.184 0.18399975 -0.14070326 -0.172 -0.172 -0.172 0.068 0.068 0.068 0.068 0.178 0.178 0.178 0.178 0.178 0.2119994 0.212 0.21199994 0.098000008 0.098 0.097999925 -0.04 -0.04 -0.04 
