interpolatedSpi/01-03|22_1.tif
NCOLS 53
NROWS 52
XLLCORNER -116.03883
YLLCORNER 28.596182
DX 0.49850594
DY 0.49788537
NODATA_VALUE -9999
[rows 0 to 29 of 52, columns 0 to 52 of 53]
0.59333333 0.59333333 0.57848433 0.28666667 1.4466667 0.8 0.74 0.99666667 0.82515285 0.69333333 0.68 0.53666667 0.69004227 1.2033333 1.3166667 1.3166667 1.3166667 0.98666667 1.0633333 1.0633333 1.0633333 1.0633255 0.25333334 0.71666667 0.71666667 0.71666667 0.57999613 0.58 0.58 0.4 0.4 0.4 0.4 -0.36999985 -0.37 -0.37 -0.37 -0.37 -0.37 -0.37000001 -0.72286473 -0.72686992 -1.5266667 -1.5266667 -1.5266667 -1.5266667 -1.5272383 -1.8766667 -1.8766667 -1.8766667 0.11999585 0.12 0.12
0.59331215 0.11666667 0.18999985 0.24346106 0.46344537 0.98 0.99 0.67679107 0.59 0.49333333 0.5 0.69 0.69 0.68838948 1.2033281 1.3166667 0.98666667 0.98666667 1.0632334 1.0633333 1.0633333 1.0633333 0.7099993 0.71666667 0.71666667 0.71666667 1.1166666 1.1166667 0.4 0.4 0.4 0.4 0.4 -0.36999989 -0.37 -0.37 -0.37 -0.37 -0.3699999 -0.17877013 0.74329956 -1.25122 -1.5266667 -1.5266667 -1.5266667 -1.5266667 -1.5266667 -1.8766667 -1.8766667 -1.8766667 -1.7111012 0.12 0.12
0.32333989 0.32333333 0.056666667 0.54666667 -0.066666667 -0.093333333 0.20333333 0.32333333 -0.06 0.34 0.59 -0.18333333 0.53666667 0.73 0.68666667 0.30333333 0.98666667 0.98666667 0.98666667 0.75675582 0.75666667 0.75666667 0.59 0.71666667 0.71666667 0.71666667 1.1166667 1.1166667 1.1166667 0.4 0.4 0.4 0.35346466 -0.36676324 -0.35762054 0.94781258 0.96 0.96 0.93274904 0.74333333 0.74333333 0.74043058 -1.5266667 -1.5266667 -1.5266667 -1.5266667 -1.5266667 -1.8766667 -1.8766667 -1.8766667 -1.8766667 0.12 0.12
-0.32333333 0.32333317 -0.51001532 0.90333333 -0.54 -0.14333333 -0.33 -0.43666667 0.56 0.29187913 0.13666667 -0.086666666 -0.046666667 0.73 0.41666667 0.30333333 0.098247863 0.097290252 -0.02 0.75666667 0.75666667 -0.05 0.59 0.59 0.71666667 0.71666866 1.1166667 1.1166667 1.1166667 0.17 0.24315703 0.30333333 0.30333333 0.30333385 0.96 0.96 0.96 0.96 0.74333333 0.74333333 0.74333333 0.74333325 -1.5266667 -1.5266667 -1.5266667 -1.5266667 -1.5266667 -1.8766623 -1.8766667 -1.8766667 -1.8766667 0.11999042 0.12
-0.32333333 0.079998918 -0.51 -0.62928242 -0.54 -0.38666667 -0.12334418 -0.33666667 -0.096666667 0.17666661 0.14735672 0.13670391 0.39666667 0.41666667 0.41666667 0.33758853 0.096666667 0.096666667 -0.02 -0.02 0.75666506 -0.05 0.16333333 0.36 0.21666667 0.21662168 1.1166667 1.1166667 0.17 0.17 0.30333333 0.30333333 0.30333333 0.33099066 0.96 0.96 0.96 0.74333333 0.74333333 0.74333333 0.74333333 0.74336165 -1.5266666 -1.5266667 -1.5266667 -1.5266667 -1.5266667 -1.5297821 -1.8766667 -1.8765903 -0.17333333 -0.17333333 -0.17333333
-1.26 -0.32666667 0.14666667 -0.31 -0.86 -0.43666667 -0.25333333 -0.26400239 -0.2 -0.38666667 -0.44666667 0.043333333 0.043333566 0.2 0.2 0.15338886 0.15333333 0.25333333 0.25333333 -0.019999436 -0.04 -0.04 0.36 0.21666667 0.21666667 0.023333333 0.15 0.15 0.37998023 0.17 0.30333333 0.30333333 0.45 0.44996517 0.11669063 0.4 0.4 0.63711533 0.74333333 0.74333333 1.0363008 1.0366667 1.0366673 -0.28236014 -0.26013999 -0.26000034 -0.26000004 -0.26000048 -0.21958455 -0.17333333 -0.17333333 -0.17333333 -0.17333333
-0.40333463 -0.49666667 -0.4648164 -0.83 -0.64 -0.92666667 -0.63333332 -0.87 -0.81666667 -0.81666667 -0.44666667 0.013333333 -0.29666667 0.2 0.38333278 0.38333333 0.15333333 0.51666667 0.62 0.62 -0.13111121 -0.23333333 -0.23333333 0.13666667 0.023333333 0.023333333 0.15 0.15 0.37996931 0.37943493 0.31856191 0.45 0.45 0.11666667 0.11666667 0.55431468 0.4 0.4 0.90998232 1.0366665 1.0366667 1.0366667 1.0366693 -0.2599971 -0.26 -0.26 -0.26 -0.25999995 -0.17 -0.17333267 -0.17333333 -0.17333333 -0.17333333
-0.40333333 -0.36 -0.26 -0.92666667 -0.81000669 -0.93333333 -0.74333333 -0.82999999 -0.38 -0.83 -0.83 -0.33333333 -0.29666667 -0.29666667 0.3786679 0.22546879 0.21 0.47666667 -0.30666572 0.62 0.31513297 0.41333333 -0.33666667 0.42666666 0.42665876 -0.18666667 -0.029999998 -0.029999936 -0.14482115 -0.14666666 0.32 -0.094478165 -0.086666667 0.11666667 0.12978642 0.68333333 0.68333333 0.91 0.91 1.0366667 1.0366667 1.0366667 0.26574683 0.25999997 -0.26 -0.26 -0.26 -0.17000343 -0.17 -0.17 -0.17333333 -0.17333333 -0.17333333
-0.43737493 -0.36 -0.35333333 -0.08 -0.51 -0.98666667 -0.42333333 -0.42666667 -0.87333333 -0.16361386 -0.24333333 -0.57333333 -0.57333333 -0.10333333 -0.10333926 -0.38500371 -0.38666667 -0.38666667 0.35708963 -0.62333336 -0.74333333 -0.74333332 1.2533333 0.28992619 -0.12485886 -0.18666667 0.39666667 -0.03 0.60628096 0.61 -0.096666667 0.67 0.46517853 0.093333333 0.57666667 0.52 0.79 0.016666667 0.80297008 1.0380951 1.3566667 1.0833333 0.26005211 0.26 0.25707316 -0.26 -0.58333332 -0.17 -0.17 -0.17 -0.17 -0.083687981 -0.31
-0.87 -0.87 -0.31333333 -0.18666667 -0.51333333 -0.91 -0.52333333 -1.07 -0.53666667 0.016520114 -0.6 1.1533333 -0.10333333 -0.10333333 -0.73333333 -0.72857864 -0.38666667 -0.3866864 -0.49333333 -0.62333333 -0.62333333 -0.63879337 1.2533333 0.84000783 0.84 0.84 0.39666667 -0.28333333 -0.28333333 0.61 0.61 0.66922871 0.26333333 0.093333333 0.13666667 0.52 0.79 0.28 0.80333333 0.98041606 1.0833333 0.89843917 0.58 0.26 0.26 -0.58333333 -0.58333333 -0.58333333 -0.17 -0.17 0.54666667 0.54666667 0.54666635
-0.87 -0.87 -0.55 -0.87 -1.05 -0.23666667 -0.86999999 0.075711114 -0.27 -0.48333333 -0.63 -0.62333333 1.1509662 -0.73333333 -0.73333333 -0.73328257 -0.29333333 -0.30383027 -0.49333333 -0.49333333 -0.49333333 -0.81 -0.81 0.84 0.84 0.84 -0.28333333 -0.28333333 -0.28333333 0.17333333 0.17333333 0.17333348 0.15666667 0.15666667 -0.18333333 -0.24 0.38666667 0.43999892 0.48 0.98333333 0.98333333 0.31333421 0.58 0.26 -0.19666651 -0.096666667 0.28623876 0.29 0.6 0.6 0.54666667 0.54666667 0.54666667
-0.87 -0.73190626 -0.68655541 -0.91999357 -0.56333333 -0.78666667 -0.87 0.076666667 -0.2699971 -0.48096986 -0.62333315 -0.62333333 -0.31333333 -0.73333333 -0.73333333 -0.29333335 -0.29333333 -0.29334472 -0.49333333 -0.49333333 -0.55552022 -0.81 -0.81 0.8399333 0.84 0.30747431 -0.78 -0.78 -0.77999994 0.17333333 0.17333333 -0.37666667 -0.37666667 0.15666573 -0.18333333 0.050000117 0.37490713 0.44 0.44 0.98333331 0.31333333 0.31333333 0.31332969 -0.19666667 -0.19666667 -0.096666667 0.29 0.29 0.6 0.6 0.54666667 0.54666667 0.54666667
-0.16666667 -0.13945339 -0.10002833 -0.10593775 -0.56333462 -0.78666139 -0.87 0.06501374 -0.24611112 -0.2755707 -0.31333333 -0.31333333 -0.31333333 -0.31333333 -0.73327384 -0.29333333 -0.29333333 -0.29591565 -0.49333333 -0.49350885 -1.1 -1.1 -1.1 -1.1 0.80581831 -0.78 -0.78 -0.78 -0.78 -0.7794061 -0.37666667 -0.37666667 -0.37666667 -0.37666667 0.05 0.05 0.05 0.42104768 0.43594431 -0.1 -0.1 0.3133111 0.16998745 -0.19663135 -0.19666667 -0.096666667 0.29 0.29 0.6 0.6 0.54686015 0.54666667 1.1983606
-0.16666667 -0.1 -0.1 -0.1 -0.1 -0.10000029 -0.8697866 -0.42211753 -0.18237787 -0.313292 -0.31333333 -0.31333333 -0.31333333 -0.31333333 -0.3133335 -0.29333334 -0.29333336 -0.30705197 -0.49333251 -1.1 -1.1 -1.1 -1.1 -1.1 -1.0940181 -0.7039007 -0.64333336 -0.64333333 -0.64333333 -0.64333333 -0.37666667 -0.37666667 -0.37666689 -0.56 -0.56 0.05 -0.25786071 -0.26666667 -0.1000001 -0.1 -0.1 -0.1 0.17 0.17 0.17 0.16814424 0.55816298 0.56 0.56 0.56 0.56 0.7133333 0.71333333
-0.49333333 -0.1 -0.1 -0.1 -0.1 -0.1 -0.10000005 -0.69042049 -0.53138233 -0.53333333 -0.53333333 -0.53333333 -0.53333333 -0.53333333 -0.53333333 -0.61821506 -0.29853516 -0.32072015 -1.0999237 -1.1 -1.1 -1.1 -1.1 -1.0999995 -0.82333333 -0.82333333 -0.82333308 -0.64333333 -0.64333333 -0.64311974 -0.53666667 -0.53666667 -0.56 -0.56 -0.56 -0.31365534 -0.26666667 -0.26666667 -0.26666667 -0.1 -0.1 -0.1 0.17 0.17 0.17 0.17 0.55999999 0.56 0.56 0.56 0.56 0.71333333 0.71333333
-0.49333333 -0.3468998 -0.1 -0.1 -0.1 -0.1 -0.79652993 -0.79666667 -0.79666666 -0.53333333 -0.53333333 -0.53333333 -0.53333333 -0.53333333 -0.55245261 -0.62 -0.62 -0.62 -0.66466286 -0.66333378 -0.66333333 -0.66333333 -0.66333333 -0.66333333 -0.82333333 -0.82333333 -0.82333333 -0.82333333 -0.64333333 -0.53666667 -0.53666667 -0.53666667 -0.56 -0.56 -0.56 0.033333333 -0.26626946 -0.26666667 -0.26666667 -0.1000455 -0.19074845 -0.40242674 0.17 0.17 -0.13239723 -0.13333333 -0.13333333 0.55898971 -0.051190011 -0.05333328 -0.053333217 0.32005944 0.71333253
-0.49333333 -0.95719793 -0.54026005 -0.1 -0.1 -0.79625504 -0.79666667 -0.79666667 -0.79666667 -0.79476901 -0.53333333 -0.53333333 -0.53333333 -0.53333334 -0.62 -0.62 -0.62 -0.62 -0.66329462 -0.66333333 -0.66333333 -0.66333333 -0.66333333 -0.66333333 -0.82333333 -0.82333333 -0.82333333 -0.82333333 -0.82229063 -0.53666667 -0.53666667 -0.53666667 -0.93333332 -0.55994866 0.033333333 0.033333333 0.033333333 0.031259054 -0.3946736 -0.40333333 -0.40333333 -0.40333333 -0.14333333 -0.14333333 -0.13333333 -0.13333333 -0.13333333 -0.053333334 -0.053333333 -0.053333333 -0.053333333 0.32 0.32
-0.96961452 -0.97 -0.97 -0.97 -0.86666667 -0.79666847 -0.79666667 -0.79666667 -0.79666667 -0.79666667 -0.58254375 -0.5333418 -0.53333335 -0.62 -0.62 -0.62 -0.62 -0.62 -0.62550137 -0.66333333 -0.66333333 -0.66333333 -0.66333333 -0.66333333 -0.90011692 -1.1599982 -1.16 -1.16 -1.16 -0.53666669 -0.93333333 -0.93333333 -0.93333333 -0.93333333 0.033333333 0.033328418 -0.15333333 -0.15333333 -0.40021171 -0.40333333 -0.40333333 -0.40333333 -0.14333333 -0.14333333 -0.13488168 -0.13333333 -0.13333333 -0.053333333 -0.053333333 -0.053333333 -0.049330229 0.32 0.32
-0.97 -0.97 -0.97 -0.92133879 -0.86666667 -0.86666667 -0.79666667 -0.79666667 -0.79666667 -0.79666667 -1.1833333 -1.1833333 -1.1833333 -0.62 -0.62 -0.62 -0.62 -0.61995097 -0.65333333 -0.65333333 -0.66333333 -0.66333333 -0.66933863 -0.91 -0.91225064 -1.16 -1.16 -1.16 -1.16 -0.93335641 -0.93333333 -0.93333333 -0.93333333 -0.93333333 -0.15333268 -0.15333333 -0.15333333 -0.15333333 -0.15424059 -0.40333333 -0.40333333 -0.40333333 -0.14333333 -0.14333333 -0.14333333 -0.13333333 -0.13333333 -0.053333337 -0.053333333 -0.053333334 0.32 0.32 0.32
-0.97 -0.97 -0.97 -0.86666667 -0.86666667 -0.86666667 -0.86666656 -0.79666667 -0.79666667 -1.1829342 -1.1833333 -1.1833333 -1.1833333 -1.1829823 -0.37987135 -0.32333333 -0.32333333 -0.32333333 -0.65333333 -0.65333333 -0.65333333 -0.91 -0.91 -0.91 -0.90997666 -0.98515856 -1.16 -1.16 -1.16 -1.1147362 -1.1499787 -1.15 -1.15 -1.15 -0.35672428 -0.63999889 -0.64 -0.64 -0.64 -0.29334838 -0.29333333 -0.29333333 -0.14333333 -0.14333333 -5.9838848e-07 -7.9122674e-08 -0.22333333 -0.22333333 -0.22333333 -0.22333333 -0.22333333 0.32 -0.30610635
-0.97000067 -0.97 -0.97 -0.86666667 -0.86666667 -0.86666667 -0.86666667 -1.3366665 -0.7988258 -1.1839681 -1.1833333 -1.1833333 -1.1833333 -1.1816458 -0.32333333 -0.32333333 -0.32333333 -0.32333343 -0.65333333 -0.65333333 -0.65333333 -0.91 -0.91 -0.91 -0.82666667 -0.82666667 -0.98 -0.98 -0.98 -0.9809274 -1.15 -1.15 -1.15 -1.15 -0.89514008 -0.64 -0.64 -0.64 -0.64 -0.29333333 -0.29333333 -0.29333333 -0.28410394 -1.8503717e-17 -1.8503717e-17 -1.7933488e-15 -0.22333333 -0.22333333 -0.22333333 -0.22333333 -0.22333333 -0.30666666 -0.30666667
-1.1866667 -1.0894372 -1.2966667 -1.2965419 -0.86666667 -1.3339473 -1.3366667 -1.3366667 -1.3500272 -1.8833333 -1.8833333 -1.8833333 -1.8833333 -0.13672353 -0.13666667 -0.32333319 -0.32333333 -0.33202835 -0.65333333 -0.65333333 -0.65333333 -0.62 -0.62 -0.62 -0.82666667 -0.82666667 -0.98 -0.98 -0.98 -0.98000017 -1.2099996 -1.2099998 -1.151508 -1.1500643 -0.98019164 -0.98 -0.98 -0.98 -0.98 -0.29333333 -0.29333333 -0.29333333 -0.016151964 -1.8503717e-17 -1.8503717e-17 -6.1663585e-08 -0.22333333 -0.22333333 -0.22333333 -0.22333333 -0.22333527 -0.26666667 -0.30666667
-1.0633568 -1.0633334 -1.2966667 -1.2966667 -1.2966667 -1.3366667 -1.3366667 -1.3366667 -1.3733333 -1.3733333 -1.8833333 -1.8833333 -1.8833333 -0.13666667 -0.13666667 -0.13666667 -0.13666667 -0.13672471 -0.65333333 -0.65333333 -0.65333333 -0.62 -0.62 -0.62 -0.82666667 -0.82666667 -0.98 -0.98 -0.98 -1.2074067 -1.21 -1.21 -1.21 -1.21 -0.98011349 -0.98 -0.98 -0.98 -0.98 -0.46333329 -0.46333333 -0.46333333 -0.46333333 -2.6596658e-06 -0.34666667 -0.34666667 -0.34666667 -0.14 -0.14 -0.14 -0.26666667 -0.26666667 -0.26666667
-1.0633333 -1.0633333 -1.2966667 -1.2966667 -1.2966667 -1.3364564 -1.3366667 -1.3733333 -1.3733333 -1.3733333 -1.8832706 -1.8833333 -1.278661 -0.1366669 -0.13666667 -0.13666667 -0.13666667 -0.48666667 -0.48666667 -0.48666667 0.23999998 0.23999936 -0.61999581 -0.62 -0.6198031 -0.19 -0.19 -0.19000188 -0.97987233 -1.1100199 -1.1100005 -1.1100175 -1.2098291 -1.2099137 -1.0208995 -0.98000014 -0.98123995 -1.35 -1.35 -0.46333333 -0.46333333 -0.46333333 -0.46333333 -0.34666667 -0.34666667 -0.34666667 -0.34666667 -0.14 -0.14 -0.14 -0.26666667 -0.26666667 -0.26666667
-1.0633333 -1.0633333 -1.2966667 -1.2966667 -1.2966667 -1.2966667 -1.3503899 -1.3733333 -1.3733333 -1.3733333 -1.3732063 -1.1433333 -1.1433333 -1.1433333 -0.14259919 -0.13666667 -0.48433435 -0.48666667 -0.48666667 -0.48666667 0.24 0.24 0.24 0.24 -0.19 -0.19 -0.19 -0.19 -0.19 -1.11 -1.11 -1.11 -1.11 -1.1100001 -1.18 -1.35 -1.35 -1.35 -1.35 -1.3499972 -0.60666667 -0.60666667 -0.60666667 -0.46023154 -0.15666667 -0.15666667 -0.15666667 -0.14 -0.14000032 -0.47 -0.47 -0.16335847 -0.16333333
-1.0633333 -1.0633333 -1.2124497 -1.2966667 -1.2966667 -1.2966667 -1.283493 -1.3730497 -1.3733333 -1.3733333 -1.1433333 -1.1433333 -1.1433333 -1.1433333 -1.1433333 -1.0607224 -0.48666667 -0.48666667 -0.48666667 -0.48666667 0.23999438 0.24 0.24 0.24 -0.19 -0.19 -0.19 -0.19 -0.19 -0.66169977 -1.11 -1.11 -1.11 -1.18 -1.18 -1.180132 -1.35 -1.35 -1.0929978 -0.89333337 -0.60666667 -0.60666667 -0.60666667 -0.46158577 -0.15666667 -0.15666667 -0.15666667 -0.096666667 -0.4653483 -0.47 -0.47 -0.16333333 -0.16333333
-1.2566667 -1.2566667 -1.2566667 -1.2866376 -1.2968497 -1.2833333 -1.2833333 -1.2833333 -1.2833333 -1.0833333 -1.0833333 -1.1433333 -1.1433333 -1.1433333 -1.1433333 -1.1432917 -0.48666667 -0.48666667 -0.48666667 -0.48666667 -0.077093761 0.24 0.24 0.25072987 0.61259575 -0.19 -0.19 -0.19 -0.50333333 -0.50333333 -0.50333333 -0.50333588 -1.18 -1.18 -1.18 -1.18 -0.89333333 -0.89333333 -0.89333333 -0.89333333 -0.21 -0.21 -0.21 -0.013337287 -0.013333333 -0.013333333 -0.013333379 -0.096666667 -0.096666667 -0.46954511 -0.47 -0.16333135 -0.16333333
-1.2566667 -1.2566667 -1.2566667 -1.2566756 -1.4233333 -1.402975 -1.2833333 -1.2833333 -1.2833333 -1.0833333 -1.0833333 -1.0833333 -0.64666669 -0.64666667 -0.64666667 -0.64666667 -0.48694755 -0.48666667 -0.48666667 -0.48666667 -0.47562543 0.64999887 0.65 0.65 0.65 0.64999998 0.35666666 0.35666667 -0.50333333 -0.50333333 -0.50333333 -0.50333333 -1.1799996 -1.18 -1.18 -1.1799601 -0.89333333 -0.89333333 -0.89333333 -0.89258757 -0.21 -0.21 -0.21 -0.013342453 -0.013333333 -0.013333333 -0.013333333 -0.096666667 -0.096666667 -0.096666623 0.23 0.23 0.26
-1.2566667 -1.2566667 -1.2566667 -1.4233329 -1.4233333 -1.4233333 -1.2833334 -1.2833333 -1.2833333 -1.0833333 -1.0833333 -1.0833333 -0.64666667 -0.64666667 -0.64666667 -0.64615894 -0.64 -0.64 -0.6399996 -0.48753272 0.65 0.65 0.65 0.65 0.65 0.64977925 0.35666667 0.35666667 0.35666666 -0.50333333 -0.50333333 -0.50324322 -0.69 -0.69 -0.69 -0.52 -0.52 -0.72333333 -0.72333333 -0.72333333 -0.43333333 -0.21007005 -0.20999898 -0.073333333 -0.073333333 -0.071059402 -0.013333633 -0.096666666 -0.096666666 0.23 0.23 0.23 0.26
-1.2566667 -1.2566667 -1.2566667 -1.4233333 -1.4233333 -1.4233333 -1.4233333 -1.2833333 -1.2833333 -1.0833333 -1.0833333 -0.66412704 -0.64666667 -0.64666667 -0.64666667 -0.64 -0.64 -0.64 -0.64 -0.64 0.65 0.65 0.65 0.65 0.65 0.35666767 0.35666667 0.35666667 0.35666667 -0.36333333 -0.36333333 -0.36333333 -0.69 -0.69 -0.69 -0.52 -0.52 -0.72333333 -0.72333333 -0.43333333 -0.43333333 -0.43333333 -0.073333333 -0.073333333 -0.073333333 -0.073333333 -0.042391171 0.30333333 0.30333333 0.30333333 0.23 0.45 0.45
