interpolatedSpi/01-04|22_2.tif
NCOLS 53
NROWS 52
XLLCORNER -116.03883
YLLCORNER 28.596182
DX 0.49850594
DY 0.49788537
NODATA_VALUE -9999
[rows 0 to 36 of 52, columns 0 to 52 of 53]
0.8175 0.8175 0.75998718 0.5025 1.48 0.89 0.85 1.1 0.82102777 0.385 0.5575 0.31 0.48506011 1.215 1.195 1.195 1.195 0.86 0.91 0.91 0.91 0.90999063 -0.062499995 0.45 0.45 0.45 0.43499835 0.435 0.435 0.1975 0.1975 0.1975 0.1975 -0.62499984 -0.625 -0.625 -0.625 -0.625 -0.625 -0.62499999 -0.39992292 -0.39776315 -1.4325 -1.4325 -1.4325 -1.4325 -1.4333983 -1.9825 -1.9825 -1.9825 0.45499494 0.455 0.455
0.81746434 0.015 0.32999993 0.38934178 0.60521076 1.1875 1.25 0.77510765 0.505 0.265 0.2775 0.485 0.485 0.6568673 1.2149931 1.195 0.86 0.86 0.90993481 0.91 0.91 0.91 0.45065796 0.45 0.45 0.45 1.16 1.16 0.1975 0.1975 0.1975 0.1975 0.1975 -0.62499988 -0.625 -0.625 -0.625 -0.625 -0.62499988 -0.32768002 1.1574119 -1.1182242 -1.4325 -1.4325 -1.4325 -1.4325 -1.4325 -1.9825 -1.9825 -1.9825 -1.7803802 0.455 0.455
0.53250176 0.5325 0.265 0.8275 0.05 -0.0375 0.19 0.27 -0.18 0.2825 0.56 -0.275 0.4375 0.81 0.655 -0.0725 0.86 0.86 0.86 0.81002907 0.81 0.81 0.4625 0.45 0.45 0.45 1.16 1.16 1.16 0.1975 0.1975 0.19750002 0.35876902 -0.62084551 -0.6102703 0.94299881 0.9575 0.9575 0.98265473 1.1575 1.1575 1.154188 -1.4325 -1.4325 -1.4325 -1.4325 -1.4325 -1.9825 -1.9825 -1.9825 -1.9825 0.455 0.455
-0.255 0.53249983 -0.33252681 1.11 -0.52 -0.0475 -0.29 -0.515 0.47 0.29580343 0.1325 -0.1875 -0.06 0.81 0.185 -0.0725 -0.16677316 -0.16678007 -0.2125 0.81 0.81 -0.2925 0.4625 0.4625 0.45 0.45000355 1.16 1.16 1.16 -0.1 0.24703866 0.5325 0.5325 0.53250033 0.9575 0.9575 0.9575 0.9575 1.1575 1.1575 1.1575 1.1574999 -1.4325 -1.4325 -1.4325 -1.4325 -1.4325 -1.9824931 -1.9825 -1.9825 -1.9825 0.45499053 0.455
-0.255 -0.030000555 -0.3325 -0.60747472 -0.52 -0.54 -0.13252527 -0.415 -0.285 0.2324998 0.21199549 0.20502113 0.3525 0.185 0.185 0.011214636 -0.1675 -0.1675 -0.2125 -0.2125 0.80999781 -0.2925 0.0875 0.5975 0.385 0.38494173 1.16 1.16 -0.099999998 -0.1 0.5325 0.5325 0.5325 0.48064233 0.9575 0.9575 0.9575 1.1575 1.1575 1.1575 1.1575 1.1575352 -1.4325 -1.4325 -1.4325 -1.4325 -1.4325 -1.4373957 -1.9825 -1.9824037 0.165 0.165 0.165
-1.5625 -0.475 0.20250001 0.0825 -0.9875 -0.495 -0.3 -0.31472329 -0.17 -0.335 -0.2775 0.2175 0.21750009 -0.0675 -0.0675 -0.089915497 -0.09 0.0225 0.022499999 -0.21249927 -0.185 -0.185 0.5975 0.385 0.385 0.135 0.0175 0.0175 0.4299509 -0.1 0.5325 0.5325 0.2575 0.25748642 0.12750948 0.71 0.71 1.0190557 1.1575 1.1575 1.5220448 1.5225 1.5225012 -0.12352227 -0.10014727 -0.10000036 -0.10000005 -0.1000005 0.11552699 0.165 0.165 0.165 0.165
-0.70500486 -0.6875 -0.93400836 -0.545 -0.2825 -1.2475 -0.86499999 -1.1225 -0.8375 -0.8375 -0.2775 0.1725 -0.28499993 -0.0675 0.25999902 0.26 -0.09 0.485 0.615 0.615 -0.272184 -0.37 -0.37 0.105 0.135 0.135 0.0175 0.0175 0.4299576 0.42921945 0.75424665 0.2575 0.2575 0.1275 0.1275 0.82845921 0.71 0.71 1.2724805 1.5224997 1.5225 1.5225 1.5225061 -0.099993977 -0.1 -0.1 -0.1 -0.099999833 0.18 0.16500297 0.165 0.165 0.165
-0.705 -0.675 -0.605 -1.32 -1.0125176 -0.97 -1.175 -1.0225 -0.755 -0.9975 -0.9975 -0.035 -0.285 -0.285 0.25626079 0.04369522 0.0225 0.4625 -0.31249905 0.615 0.40128336 0.535 -0.7775 0.2725 0.27249329 -0.2475 0.1075 0.10749997 -0.29495074 -0.29749998 0.7575 -0.22269809 -0.125 0.1275 0.1512439 0.9275 0.9275 1.2725 1.2725 1.5225 1.5225 1.5225 0.98546952 0.97999995 -0.1 -0.1 -0.1 0.17998934 0.18 0.18 0.165 0.165 0.165
-0.72051466 -0.675 -0.33 -0.34 -0.9875 -1.3025 -0.825 -0.7625 -0.8825 -0.32429367 -0.3825 -0.3225 -0.3225 -0.0325 -0.032505995 -0.44369704 -0.445 -0.445 0.34419506 -0.86000004 -1.04 -1.04 1.0025 -0.076031262 -0.19509773 -0.2475 0.425 0.1075 1.0867762 1.0925 -0.25 1.1675 0.81871588 0.44 0.96 0.8425 1.4675 0.4025 1.3970405 1.5249551 2.0725 1.79 0.98004886 0.98 0.97392118 -0.1 -0.23749999 0.18 0.18 0.18 0.18 0.29760042 0.4325
-0.975 -0.975 -0.2825 -0.38 -0.78 -1.375 -0.815 -1.3775 -0.8075 -0.1826624 -0.6075 0.9325 -0.0325 -0.0325 -0.67 -0.66691402 -0.445 -0.44503409 -0.6225 -0.86 -0.86 -0.88319004 1.0025 0.4900097 0.49 0.49 0.425 0.21 0.21 1.0925 1.0925 1.1661866 0.475 0.44 0.7125 0.8425 1.4675 0.81 1.3975 1.6385293 1.79 1.6026569 1.28 0.98 0.98 -0.2375 -0.2375 -0.2375 0.18 0.18 1.23 1.23 1.2299997
-0.975 -0.975 -0.72 -1.1425 -1.325 -0.495 -1.33 -0.20355163 -0.55 -0.545 -0.97 -0.8475 0.93012887 -0.67 -0.67 -0.66996251 -0.345 -0.3595645 -0.6225 -0.45 -0.45 -0.8025 -0.8025 0.49 0.49 0.49 0.21 0.21 0.21 0.415 0.415 0.4150001 0.6475 0.6475 0.3225 0.2275 1.5275 1.0249993 1.2375 1.6425 1.6425 0.975001 1.28 0.98 0.74249988 0.525 1.2635075 1.27 1.6625 1.6625 1.23 1.23 1.23
-0.975 -0.86500834 -0.90029582 -1.1749925 -0.695 -1.105 -1.33 -0.2025 -0.5499971 -0.54505539 -0.84749961 -0.8475 -0.35 -0.67 -0.67 -0.34500001 -0.345 -0.34501579 -0.6225 -0.45 -0.51922383 -0.8025 -0.8025 0.48994802 0.49 0.25743091 -0.2175 -0.2175 -0.21749995 0.415 0.415 0.06 0.06 0.64749911 0.3225 0.85250003 1.4340934 1.025 1.025 1.6425 0.975 0.975 0.97499837 0.7425 0.7425 0.525 1.27 1.27 1.6625 1.6625 1.23 1.23 1.23
-0.26 -0.14725137 -0.092538634 -0.10033856 -0.69500226 -1.1049903 -1.33 -0.21637888 -0.5260537 -0.54986944 -0.35 -0.35 -0.35 -0.35 -0.66995467 -0.345 -0.345 -0.34858297 -0.6225 -0.450085 -0.74 -0.74 -0.74 -0.74 0.4685985 -0.2175 -0.2175 -0.2175 -0.2175 -0.21707297 0.06 0.06 0.06 0.06 0.8525 0.8525 0.8525 1.0165893 1.0237232 0.855 0.855 0.97499355 0.9674923 0.74252167 0.7425 0.525 1.27 1.27 1.6625 1.6625 1.2315691 1.23 1.9175494
-0.26 -0.0925 -0.0925 -0.0925 -0.0925 -0.092500424 -1.3294239 -0.79655403 -0.46216721 -0.35021524 -0.35 -0.35 -0.35 -0.35 -0.34999999 -0.34500001 -0.34500004 -0.36403461 -0.62249651 -0.74 -0.74 -0.74 -0.74 -0.74 -0.72972994 -0.098745063 -0.0075000434 -0.0075 -0.0075 -0.0075 0.059999999 0.06 0.060000096 0.14 0.14 0.8525 0.65806166 0.6525 0.85499988 0.855 0.855 0.855 0.9675 0.9675 0.9675 0.9644206 1.2946826 1.295 1.295 1.295 1.295 1.1925 1.1925
-0.29 -0.0925 -0.0925 -0.0925 -0.0925 -0.0925 -0.092500079 -0.94722318 -0.32318537 -0.3225 -0.3225 -0.3225 -0.3225 -0.3225 -0.3225 -0.31025598 -0.34446925 -0.38299904 -0.73998513 -0.74 -0.74 -0.74 -0.74 -0.73999937 -0.265 -0.265 -0.26499964 -0.0075 -0.0075 -0.0075200244 -0.0175 -0.0175 0.14 0.14 0.14 0.57040312 0.6525 0.6525 0.6525 0.855 0.855 0.855 0.9675 0.9675 0.9675 0.9675 1.295 1.295 1.295 1.295 1.295 1.1925 1.1925
-0.29 -0.21647299 -0.0925 -0.0925 -0.0925 -0.0925 -0.65239009 -0.6525 -0.65249999 -0.3225 -0.3225 -0.3225 -0.3225 -0.3225 -0.31974241 -0.31 -0.31 -0.31 -0.19915202 -0.19750055 -0.1975 -0.1975 -0.1975 -0.1975 -0.265 -0.265 -0.265 -0.265 -0.0075 -0.0175 -0.0175 -0.0175 0.13999999 0.14 0.14 0.7425 0.65261916 0.6525 0.6525 0.85488496 0.62538648 0.089793889 0.9675 0.9675 0.31701365 0.315 0.315 1.2932674 0.24617801 0.24250009 0.2425002 0.63508429 1.1924989
-0.29 -0.76683971 -0.44040665 -0.0925 -0.0925 -0.65216913 -0.6525 -0.6525 -0.6525 -0.65012193 -0.3225 -0.3225 -0.3225 -0.3225 -0.31 -0.31 -0.31 -0.31 -0.19760049 -0.1975 -0.1975 -0.1975 -0.1975 -0.1975 -0.265 -0.265 -0.265 -0.265 -0.26409976 -0.0175 -0.0175 -0.0175 -0.48749999 0.14004614 0.7425 0.7425 0.7425 0.73754664 0.12327426 0.0875 0.0875 0.0875 0.1625 0.1625 0.315 0.315 0.315 0.2425 0.2425 0.2425 0.2425 0.635 0.635
-0.77950337 -0.78 -0.78 -0.78 -0.7475 -0.65250245 -0.6525 -0.6525 -0.6525 -0.6525 -0.35372975 -0.32250538 -0.32250001 -0.31 -0.31 -0.31 -0.31 -0.31 -0.31064985 -0.1975 -0.1975 -0.1975 -0.1975 -0.1975 -0.4563677 -0.82249698 -0.8225 -0.8225 -0.8225 -0.017500024 -0.48749999 -0.4875 -0.4875 -0.4875 0.7425 0.74248815 0.2925 0.2925 0.09005973 0.0875 0.0875 0.0875 0.1625 0.1625 0.29138775 0.315 0.315 0.2425 0.2425 0.2425 0.24670862 0.635 0.635
-0.78 -0.78 -0.78 -0.76469527 -0.7475 -0.7475 -0.6525 -0.6525 -0.6525 -0.6525 -0.735 -0.735 -0.735 -0.31 -0.31 -0.31 -0.31 -0.30996364 -0.46 -0.46 -0.19750011 -0.1975 -0.2077861 -0.62 -0.62182302 -0.8225 -0.8225 -0.8225 -0.8225 -0.48753411 -0.4875 -0.4875 -0.4875 -0.4875 0.29250158 0.2925 0.2925 0.2925 0.29172883 0.0875 0.0875 0.0875 0.1625 0.1625 0.1625 0.315 0.315 0.2425 0.2425 0.2425 0.635 0.635 0.635
-0.78 -0.78 -0.78 -0.7475 -0.7475 -0.7475 -0.74749985 -0.6525 -0.6525 -0.73491484 -0.735 -0.735 -0.735 -0.7347352 -0.13192707 -0.09 -0.09 -0.090000002 -0.46 -0.46 -0.46 -0.62 -0.62 -0.62 -0.6199923 -0.70185941 -0.8225 -0.8225 -0.8225 -1.0258203 -1.1399358 -1.14 -1.14 -1.14 -0.071674268 -0.57999802 -0.58 -0.58 -0.58 -0.21745827 -0.2175 -0.2175 0.1625 0.1625 0.16000001 0.15999991 -0.0875 -0.0875 -0.0475 -0.0475 -0.0475 0.635 -0.034400939
-0.78000082 -0.78 -0.78 -0.7475 -0.7475 -0.7475 -0.74750001 -1.6674997 -0.65655837 -0.7352539 -0.735 -0.735 -0.735 -0.73373433 -0.09 -0.09 -0.09 -0.090000106 -0.46 -0.46 -0.46 -0.62 -0.62 -0.62 -0.5925 -0.5925 -0.715 -0.715 -0.715 -0.71731851 -1.14 -1.14 -1.14 -1.14 -0.86015382 -0.58 -0.58 -0.58 -0.58 -0.2175 -0.2175 -0.2175 -0.20562241 0.16 0.16 0.16 -0.0875 -0.0875 -0.0475 -0.0475 -0.0475 -0.035 -0.035
-1.045 -0.92650648 -1.2925 -1.2923419 -0.7475 -1.6621769 -1.6675 -1.6675 -1.4570713 -1.015 -1.015 -1.015 -1.015 -0.052531332 -0.0525 -0.089999971 -0.09 -0.099748956 -0.46 -0.46 -0.46 -0.615 -0.615 -0.615 -0.5925 -0.5925 -0.715 -0.715 -0.715 -0.71500042 -1.289999 -1.2899996 -1.14377 -1.1401608 -1.0126428 -1.0125 -1.0125 -1.0125 -1.0125 -0.2175 -0.2175 -0.2175 0.13921345 0.16 0.16 0.15999993 -0.0875 -0.0875 -0.08749856 -0.0475 -0.04750436 -0.145 -0.035
-0.7675527 -0.76750009 -1.2925 -1.2925 -1.2925 -1.6675 -1.6675 -1.6675 -1.09 -1.09 -1.015 -1.015 -1.015 -0.0525 -0.0525 -0.0525 -0.0525 -0.052545364 -0.46 -0.46 -0.46000001 -0.615 -0.615 -0.615 -0.5925 -0.5925 -0.715 -0.715 -0.715 -1.2835168 -1.29 -1.29 -1.29 -1.29 -1.0126369 -1.0125 -1.0125 -1.0125 -1.0125 -0.54999991 -0.55 -0.55 -0.55 0.15999687 -0.2475 -0.2475 -0.2475 -0.09 -0.09 -0.09 -0.145 -0.145 -0.145
-0.7675 -0.7675 -1.2925 -1.2925 -1.2925 -1.6655289 -1.6675 -1.09 -1.09 -1.09 -1.0150092 -1.015 -0.81684725 -0.052500164 -0.0525 -0.0525 -0.0525 -0.42 -0.42 -0.42 0.032499985 0.032499519 -0.61499685 -0.615 -0.61499516 -0.6175 -0.6175 -0.61750023 -0.71498424 -1.0700438 -1.0700012 -1.0700384 -1.289624 -1.2898101 -1.0617824 -1.0125002 -1.013807 -1.4025 -1.4025 -0.55 -0.55 -0.55 -0.55 -0.2475 -0.2475 -0.2475 -0.2475 -0.09 -0.09 -0.09 -0.145 -0.145 -0.145
-0.7675 -0.7675 -1.2925 -1.2925 -1.2925 -1.2925 -1.4513586 -1.09 -1.09 -1.09 -1.0898246 -0.7725 -0.7725 -0.7725 -0.056743126 -0.0525 -0.41755107 -0.42 -0.42 -0.42 0.0325 0.0325 0.0325 0.0325 -0.6175 -0.6175 -0.6175 -0.6175 -0.6175 -1.07 -1.07 -1.07 -1.07 -1.0700009 -1.485 -1.4025 -1.4025 -1.4025 -1.4025 -1.4024973 -0.6925 -0.6925 -0.6925 -0.50864182 -0.1275 -0.1275 -0.1275 -0.090000001 -0.090000337 -0.4375 -0.4375 -0.1150073 -0.115
-0.7675 -0.7675 -1.1030119 -1.2925 -1.2925 -1.2925 -1.364512 -1.0908666 -1.09 -1.09 -0.77250004 -0.7725 -0.7725 -0.7725 -0.7725 -0.71343148 -0.42 -0.42 -0.42 -0.42 0.0324965 0.0325 0.0325 0.0325 -0.6175 -0.6175 -0.6175 -0.6175 -0.6175 -0.95546176 -1.07 -1.07 -1.07 -1.485 -1.485 -1.4849359 -1.4025 -1.4025 -1.21819 -1.075 -0.6925 -0.6925 -0.6925 -0.51093568 -0.1275 -0.1275 -0.1275 -0.265 -0.43535067 -0.4375 -0.4375 -0.115 -0.115
-1.025 -1.025 -1.025 -1.2254304 -1.2921253 -1.365 -1.365 -1.365 -1.365 -0.95 -0.95 -0.77250001 -0.7725 -0.7725 -0.7725 -0.77247765 -0.42 -0.42 -0.42 -0.42 -0.16495632 0.0325 0.0325 0.040023995 0.27825419 -0.6175 -0.6175 -0.6175 -0.915 -0.915 -0.915 -0.91500065 -1.485 -1.485 -1.485 -1.485 -1.075 -1.075 -1.075 -1.075 -0.305 -0.305 -0.305 -0.11500382 -0.115 -0.115 -0.115 -0.265 -0.265 -0.43728982 -0.4375 -0.1149995 -0.115
-1.025 -1.025 -1.025 -1.0250004 -1.0325 -1.080851 -1.365 -1.365 -1.365 -0.95 -0.95 -0.95 -0.58500001 -0.585 -0.585 -0.585 -0.42010533 -0.42 -0.42 -0.42 -0.4131228 0.31999921 0.32 0.32 0.32 0.31999998 -0.11 -0.11 -0.915 -0.915 -0.915 -0.915 -1.4849998 -1.485 -1.485 -1.4849721 -1.075 -1.075 -1.075 -1.0743968 -0.305 -0.305 -0.305 -0.11500881 -0.115 -0.115 -0.115 -0.265 -0.265 -0.26499997 -0.015 -0.015 0.1725
-1.025 -1.025 -1.025 -1.0325 -1.0325 -1.0325 -1.3649999 -1.365 -1.365 -0.95 -0.95 -0.95 -0.585 -0.585 -0.585 -0.57681285 -0.4775 -0.4775 -0.47749985 -0.42032477 0.32 0.32 0.32 0.32 0.32 0.3196764 -0.11 -0.11 -0.11 -0.915 -0.915 -0.91492437 -1.1425 -1.1425 -1.1425 -0.815 -0.815 -0.9375 -0.9375 -0.9375 -0.6825 -0.30511841 -0.30499968 -0.2625 -0.2625 -0.25690992 -0.11500064 -0.265 -0.265 -0.015 -0.015 -0.015 0.1725
-1.025 -1.025 -1.025 -1.0325 -1.0325 -1.0325 -1.0325 -1.365 -1.365 -0.95 -0.95 -0.59959474 -0.585 -0.585 -0.585 -0.4775 -0.4775 -0.4775 -0.4775 -0.4775 0.32 0.32 0.32 0.32 0.32 -0.10999853 -0.11 -0.11 -0.11 -0.7975 -0.7975 -0.7975 -1.1425 -1.1425 -1.1425 -0.815 -0.815 -0.9375 -0.9375 -0.6825 -0.6825 -0.6825 -0.2625 -0.2625 -0.2625 -0.2625 -0.22306928 0.2175 0.2175 0.2175 -0.014999991 0.43 0.43
-1.025 -1.025 -1.0250104 -1.0325 -1.0325 -1.0325 -1.0325 -0.92539868 -0.92 -0.92005151 -0.94999999 -0.58500545 -0.585 -0.585 -0.58499963 -0.4775 -0.4775 -0.4775 -0.4775 -0.4775 -0.075636549 0.32 0.32 0.32 0.31994902 -0.10998973 -0.11 -0.11 -0.11 -0.7975 -0.7975 -0.7975 -0.7975455 -1.1425 -0.815 -0.815 -0.815 -0.81500506 -0.93748261 -0.6825 -0.6825 -0.6825 -0.2625255 -0.2625 -0.2625 -0.2625 0.21749835 0.2175 0.2175 0.2175 0.43 0.43 0.43
-1.13 -1.1299998 -1.0324995 -1.0325 -1.0325 -1.0325 -0.92002394 -0.92 -0.92 -0.92 -0.65000001 -0.65 -0.65 -0.65 -0.47829614 -0.4775 -0.4775 -0.4775 -0.4775 -0.092500229 -0.0925 -0.0925 0.072500041 0.0725 0.0725 0.0725 0.056747903 -0.11 -0.27249334 -0.2725 -0.2725 -0.2725 -0.2725 -0.8475 -0.8475 -0.8475 -0.8475 -0.8475 -0.53 -0.53 -0.53 -0.53 -0.53 0.057017623 0.0575 0.0575 0.0575 0.2175 0.2175 0.2175 0.42996652 0.43 0.43
-1.13 -1.13 -1.1269649 -0.76750053 -0.76750006 -0.76764885 -0.92 -0.92 -0.92 -0.92 -0.65 -0.65 -0.65 -0.65 -0.65 -0.4775 -0.4775 -0.4775 -0.092500097 -0.0925 -0.0925 -0.0925 0.072499999 0.0725 0.0725 0.0725 0.0725 0.072461028 -0.27270466 -0.2725 -0.2725 -0.2725 -0.27258222 -0.79222709 -0.84744277 -0.8475 -0.8475 -0.8475 -0.53 -0.53 -0.53 -0.53 -0.53 0.0575 0.0575 0.0575 0.0575 0.13231913 0.2175 0.9269949 0.935 0.7625 0.7625
-1.13 -1.13 -0.76754592 -0.7675 -0.7675 -0.7675 -0.80623436 -0.92 -0.92 -0.92 -0.65 -0.65 -0.65 -0.65 -0.65 -0.47763137 -0.4775 -0.092612879 -0.0925 -0.0925 -0.0925 -0.0925 0.011374681 0.0725 0.0725 0.0725 0.0725 0.071880237 -0.8025 -0.8025 -0.8025 -0.8025 -0.8025 -0.75 -0.75 -0.75 -0.75 -0.75 -0.5375 -0.5375 -0.5375 -0.5375 -0.5375 0.058287437 0.057500165 0.057500001 0.057554667 0.06420417 0.935 0.935 0.935 0.76250097 0.7625
-1.13 -1.1152924 -0.76750005 -0.7675 -0.7675 -0.7675 -0.7675 -0.91993507 -0.92 -0.92 -0.65 -0.65 -0.65 -0.65 -0.5033317 -0.5 -0.5 -0.092510488 -0.0925 -0.0925 -0.0925 -0.0925 -0.09250005 0.0725 0.0725 0.0725 0.0725 -0.96999981 -0.96999992 -0.93435193 -0.8025 -0.8025 -0.8025 -0.75 -0.75 -0.75 -0.75 -0.74994243 -0.5375 -0.5375 -0.5375 -0.5375 -0.53747951 0.38 0.38 0.38 0.38 0.38004476 0.935 0.935 0.935 0.93499994 0.84378499
-1.115 -1.115 -1.0452257 -0.7675 -0.7675 -0.7675 -0.7675 -0.7675 -0.9199341 -0.56000001 -0.56 -0.56 -0.56021359 -0.50000022 -0.5 -0.5 -0.5 -0.5 -0.092502938 -0.11763026 -0.3375 -0.3375 -0.3375 -0.2374596 -0.0065359193 -0.42944214 -0.78632336 -0.97 -0.97 -0.97 -0.97 -0.97 -0.96483587 -0.66926491 -0.665 -0.665 -0.665 -0.665 -0.48724925 -0.27000048 -0.27 -0.27 -0.27 0.34000012 0.37999999 0.38 0.38 0.7 0.93499624 0.935 0.935 0.845 0.845
-1.115 -1.115 -1.0775 -1.0775 -1.0775 -0.76760326 -0.7675 -0.7675 -0.56 -0.56 -0.56 -0.56 -0.56 -0.5 -0.5 -0.5 -0.5 -0.5 -0.3375 -0.3375 -0.3375 -0.3375 -0.3375 -0.91499997 -0.915 -0.915 -0.915 -0.97 -0.97 -0.97 -0.97 -0.97 -1.045 -1.045 -0.665 -0.665 -0.665 -0.42504087 -0.425 -0.27 -0.27 -0.27 -0.26999994 0.34 0.34 0.34 0.7 0.7 0.7 0.6425 0.6425 0.845 0.845
