interpolatedSpi/01-08|21_2.tif
NCOLS 53
NROWS 52
XLLCORNER -116.03883
YLLCORNER 28.596182
DX 0.49850594
DY 0.49788537
NODATA_VALUE -9999
[rows 0 to 35 of 52, columns 0 to 52 of 53]
-0.9225 -0.9225 -0.86629594 -1.12125 -1.07 -1.3475 -1.155 -1.09125 -1.1017927 -1.2475 -1.29875 -1.04 -1.5811939 -0.9 -1.255 -1.255 -1.255 -0.5475 -0.66125 -0.66125 -0.66125 -0.6612488 -0.53625 -0.8325 -0.8325 -0.8325 -0.36250012 -0.3625 -0.3625 -0.11125 -0.11125 -0.11125 -0.11125 -0.97874983 -0.97875 -0.97875 -0.97875 -0.97875 -0.97875 -0.97874997 0.20104183 0.213513 -0.71625 -0.71625 -0.71625 -0.71625 -0.71582737 -0.4575 -0.4575 -0.4575 0.91124716 0.91125 0.91125
-0.92252322 -1.445 -1.1649998 -1.2917027 -1.4975971 -1.00125 -1.0875 -1.4772691 -1.6525 -1.50375 -1.44 -1.58125 -1.58125 -0.98471657 -0.90000416 -1.255 -0.5475 -0.5475 -0.66110169 -0.66125 -0.66125 -0.66125 -0.84908068 -0.8325 -0.8325 -0.8325 -1.19125 -1.19125 -0.11125 -0.11125 -0.11125 -0.11125 -0.11125 -0.97874987 -0.97875 -0.97875 -0.97875 -0.97875 -0.97874998 -0.94253416 -0.77500149 -0.72337879 -0.71625 -0.71625 -0.71625 -0.71625 -0.71625 -0.4575 -0.4575 -0.4575 -0.34400194 0.91125 0.91125
-1.5074757 -1.5075 -1.0325 -0.965 -1.08875 -1.39375 -0.93375 -1.36125 -1.54125 -1.5325 -1.355 -1.64875 -1.0425 -1.51 -0.985 -1.71 -0.5475 -0.5475 -0.5475 -1.0711308 -1.07125 -1.07125 -1.1475 -0.8325 -0.8325 -0.8325 -1.19125 -1.19125 -1.19125 -0.11125 -0.11125 -0.11125004 -0.53307681 -0.9781182 -0.97578312 -0.66292086 -0.66 -0.66 -0.67446397 -0.775 -0.775 -0.77492487 -0.71625 -0.71625 -0.71625 -0.71625 -0.71625 -0.4575 -0.4575 -0.4575 -0.4575 0.91125 0.91125
-0.4525 -1.5074999 -1.0587506 -0.43 -0.92875 -1.1325 -1.0575 -1.2775 -1.20125 -1.2091661 -1.16375 -1.76125 -1.7175 -1.51 -1.3875 -1.71 -1.8563715 -1.8565821 -1.72125 -1.07125 -1.07125 -1.71125 -1.1475 -1.1475 -0.8325 -0.83250179 -1.19125 -1.19125 -1.19125 -0.86375 -0.93164887 -0.9875 -0.9875 -0.98749973 -0.66 -0.66 -0.66 -0.66 -0.775 -0.775 -0.775 -0.775 -0.71625 -0.71625 -0.71625 -0.71625 -0.71625 -0.45750326 -0.4575 -0.4575 -0.4575 0.91119333 0.91125
-0.4525 -0.23625151 -1.05875 -1.2573681 -0.92875 -0.9475 -1.3974685 -1.1175 -1.20375 -1.1337501 -1.6508609 -1.8974259 -1.38 -1.3875 -1.3875 -1.6056016 -1.8575 -1.8575 -1.72125 -1.72125 -1.0712512 -1.71125 -1.25125 -0.745 -0.655 -0.65491039 -1.19125 -1.19125 -0.86375 -0.86375 -0.9875 -0.9875 -0.9875 -0.86610606 -0.66 -0.66 -0.66 -0.775 -0.775 -0.775 -0.775 -0.77499167 -0.71625 -0.71625 -0.71625 -0.71625 -0.71625 -0.7139468 -0.4575 -0.45751642 -0.82375 -0.82375 -0.82375
-1.40375 -0.6875 -0.38000002 -0.86875 -1.33875 -0.955 -1.3075 -1.2831746 -1.13875 -0.85875 -0.82125 -0.6675 -0.66750047 -1.0725 -1.0725 -1.4474541 -1.4475 -1.2825 -1.2825 -1.7212492 -1.26 -1.26 -0.745 -0.655 -0.655 -0.27125 -0.62 -0.62 -0.29005226 -0.86375 -0.9875 -0.9875 -0.34375 -0.34378108 -0.64122878 -0.92 -0.92 -0.81985906 -0.775 -0.775 -0.68885757 -0.68875 -0.68874972 -1.5266865 -1.5411588 -1.5412498 -1.54125 -1.5412497 -1.2510447 -0.82375 -0.82375 -0.82375 -0.82375
-0.28500174 -0.425 -0.033228019 -0.3125 -0.54125 -1.31375 -0.70249999 -0.8575 -0.9325 -0.9325 -0.82125 -1.07375 -0.70375005 -1.0725 -1.2574994 -1.2575 -1.4475 -1.02 -0.795 -0.795 -1.2458621 -1.23 -1.23 -0.070000008 -0.27125 -0.27125 -0.62 -0.62 -0.29000714 -0.29013143 -0.45985277 -0.34375 -0.34375 -0.64125 -0.64125 -0.99897281 -0.92 -0.92 -0.80500399 -0.68875016 -0.68875 -0.68875 -0.68874918 -1.5412478 -1.54125 -1.54125 -1.54125 -1.5412499 -1.35125 -0.82385454 -0.82375 -0.82375 -0.82375
-0.285 0.19125 0.16375 -0.795 -1.0299865 -1.0425 -0.72 -1.23 -1.2 -1.09 -1.09 -0.87 -0.70375 -0.70375 -1.2537008 -1.351991 -1.36125 -0.58375 -1.0262498 -0.795 -0.34551764 -0.32875 -0.55625 -0.052500002 -0.052503128 -0.295 -0.49 -0.49000005 -0.41207074 -0.4125 -0.46 -0.80044559 -0.42625 -0.64125 -0.65811316 -1.065 -1.065 -0.805 -0.805 -0.68875 -0.68875 -0.68875 -1.1428677 -1.14625 -1.54125 -1.54125 -1.54125 -1.3512572 -1.35125 -1.35125 -0.82375 -0.82375 -0.82375
-0.015841712 0.19125 0.4175 -0.14625 -0.80375 -0.99625 -1.09375 -1.1625 -1.42125 -1.2488041 -1.17875 -1.08 -1.08 -0.9875 -0.98750076 -1.0820304 -1.08125 -1.08125 -0.65129831 -0.56624999 -0.52625 -0.52625 -0.6 -0.57349115 -0.2705624 -0.295 -0.29 -0.49 -0.49248547 -0.4925 -0.905 -0.45 -0.56898771 -1.13 -1.2325 -1.3425 -1.33875 -1.12625 -1.0987627 -0.68815855 -0.55625 -0.6625 -1.1461991 -1.14625 -1.1484733 -1.54125 -1.70625 -1.35125 -1.35125 -1.35125 -1.35125 -0.81768026 -0.61
-1.17375 -1.17375 0.25875 -0.3675 -0.87875 -1.1625 -1.14875 -1.1875 -1.255 -1.2049852 -1.41375 -0.24625 -0.9875 -0.9875 -1.06875 -1.0689214 -1.08125 -1.0812552 -1.0775 -0.56625 -0.56625 -0.56109667 -0.6 -0.60124998 -0.60125 -0.60125 -0.29 -0.26 -0.26 -0.4925 -0.4925 -0.45044808 -0.68625 -1.13 -0.6875 -1.3425 -1.33875 -1.07875 -1.09875 -0.96347848 -0.6625 -0.72540687 -0.83375 -1.14625 -1.14625 -1.70625 -1.70625 -1.70625 -1.35125 -1.35125 -0.775 -0.775 -0.77499994
-1.17375 -1.17375 -0.47625 -1.05875 -1.03125 -0.59875 -0.955 -1.0689058 -1.20375 -1.13625 -1.29125 -1.0225 -0.24728452 -1.06875 -1.06875 -1.0687819 -1.345 -1.3309603 -1.0775 -1.2475 -1.2475 -0.79875 -0.79875 -0.60125 -0.60125 -0.60125 -0.26 -0.26 -0.26 -1.13625 -1.13625 -1.1362493 -0.93 -0.93 -1.2075 -1.61375 -1.0875 -1.8924927 -1.37875 -0.96125 -0.96125 -0.47125119 -0.83375 -1.14625 -1.2437502 -1.51 -0.8636446 -0.86 -0.8175 -0.8175 -0.775 -0.775 -0.775
-1.17375 -0.87271227 -0.72482353 -1.0012488 -0.46125 -1.18125 -0.955 -1.06875 -1.2037489 -1.1369978 -1.0225001 -1.0225 -0.95125 -1.06875 -1.06875 -1.345 -1.345 -1.3449848 -1.0775 -1.2475 -1.1593746 -0.79875 -0.79875 -0.60125849 -0.60125 -0.65137973 -0.75375 -0.75375 -0.75374994 -1.13625 -1.13625 -1.24625 -1.24625 -0.93000076 -1.2075 -1.3800001 -1.079683 -1.8925 -1.8925 -0.96124998 -0.47125 -0.47125 -0.47125564 -1.24375 -1.24375 -1.51 -0.86 -0.86 -0.8175 -0.8175 -0.775 -0.775 -0.775
-1.73625 -0.85170417 -0.87500615 -0.87590757 -0.46125373 -1.181233 -0.95500001 -1.0673498 -1.1944471 -1.2019874 -0.95125 -0.95125 -0.95125 -0.95125 -1.0687334 -1.345 -1.345 -1.3415461 -1.0775 -1.2475336 -1.3675 -1.3675 -1.3675 -1.3675 -0.61433858 -0.75375 -0.75375 -0.75375 -0.75375 -0.75409516 -1.24625 -1.24625 -1.24625 -1.24625 -1.38 -1.38 -1.38 -1.8667929 -1.8891954 -1.4525 -1.4525 -0.47130278 -1.157503 -1.2437417 -1.24375 -1.51 -0.86 -0.86 -0.8175 -0.8175 -0.77515419 -0.775 -0.3548911
-1.73625 -0.875 -0.875 -0.875 -0.875 -0.87500012 -0.95557905 -1.0088398 -1.1696279 -0.95152024 -0.95125 -0.95125 -0.95125 -0.95125 -0.95125003 -1.345 -1.345 -1.3266513 -1.0775047 -1.3675 -1.3675 -1.3675 -1.3675 -1.3675 -1.3681461 -1.0742559 -1.1949999 -1.195 -1.195 -1.195 -1.24625 -1.24625 -1.2462499 -1.175 -1.175 -1.38 -1.1782702 -1.1725 -1.4524998 -1.4525 -1.4525 -1.4525 -1.1575 -1.1575 -1.1575 -1.1599531 -0.93092142 -0.93125 -0.93125 -0.93125 -0.93125 -0.69250002 -0.6925
-1.34625 -0.875 -0.875 -0.875 -0.875 -0.875 -0.87500001 -0.9517936 -0.98710446 -0.98625 -0.98625 -0.98625 -0.98625 -0.98625 -0.98625 -0.84912974 -1.3370613 -1.3083702 -1.3674636 -1.3675 -1.3675 -1.3675 -1.3675 -1.3674997 -1.3975 -1.3975 -1.3974997 -1.195 -1.195 -1.1952803 -1.335 -1.335 -1.175 -1.175 -1.175 -1.1729004 -1.1725 -1.1725 -1.1725 -1.4525 -1.4525 -1.4525 -1.1575 -1.1575 -1.1575 -1.1575 -0.93125 -0.93125 -0.93125 -0.93125 -0.93125 -0.6925 -0.6925
-1.34625 -1.170809 -0.875 -0.875 -0.875 -0.875 -0.87624975 -0.87625 -0.87625 -0.98625 -0.98625 -0.98625 -0.98625 -0.98625 -0.95536502 -0.84625 -0.84625 -0.84625 -1.0721517 -1.0712503 -1.07125 -1.07125 -1.07125 -1.07125 -1.3975 -1.3975 -1.3975 -1.3975 -1.195 -1.335 -1.335 -1.335 -1.175 -1.175 -1.175 -0.9375 -1.1721889 -1.1725 -1.1725 -1.4523763 -1.2056842 -0.62996574 -1.1575 -1.1575 -0.68396588 -0.6825 -0.6825 -0.93020643 -0.29846904 -0.29625006 -0.29625012 0.051137338 -0.69249849
-1.34625 -1.1285092 -1.0002464 -0.875 -0.875 -0.87624926 -0.87625 -0.87625 -0.87625 -0.87704269 -0.98625 -0.98625 -0.98625 -0.98624998 -0.84625 -0.84625 -0.84625 -0.84625 -1.071049 -1.07125 -1.07125 -1.07125 -1.07125 -1.07125 -1.3975 -1.3975 -1.3975 -1.3975 -1.3972727 -1.335 -1.335 -1.335 -1.365 -1.1749804 -0.9375 -0.9375 -0.9375 -0.93404109 -0.66200143 -0.6275 -0.6275 -0.6275 -0.825 -0.825 -0.6825 -0.6825 -0.6825 -0.29625 -0.29625 -0.29625 -0.29625 0.05125 0.05125
-1.1225568 -1.1225 -1.1225 -1.1225 -0.7875 -0.87624771 -0.87625 -0.87625 -0.87625 -0.87625 -0.96533557 -0.9862464 -0.98624999 -0.84625 -0.84625 -0.84625 -0.84625 -0.84625 -0.84992161 -1.07125 -1.07125 -1.07125 -1.07125 -1.07125 -1.1737292 -1.0900017 -1.09 -1.09 -1.09 -1.335 -1.365 -1.365 -1.365 -1.365 -0.9375 -0.93749167 -0.62125 -0.62125 -0.62742196 -0.6275 -0.6275 -0.6275 -0.825 -0.825 -0.70456391 -0.6825 -0.6825 -0.29625 -0.29625 -0.29625 -0.2925239 0.05125 0.05125
-1.1225 -1.1225 -1.1225 -0.9647435 -0.7875 -0.7875 -0.87625 -0.87625 -0.87625 -0.87625 -0.71 -0.71 -0.71 -0.84625 -0.84625 -0.84625 -0.84625 -0.84615808 -0.625 -0.625 -1.0712498 -1.07125 -1.0713717 -1.07625 -1.0763738 -1.09 -1.09 -1.09 -1.09 -1.364972 -1.365 -1.365 -1.365 -1.365 -0.62125111 -0.62125 -0.62125 -0.62125 -0.62126099 -0.6275 -0.6275 -0.6275 -0.825 -0.825 -0.825 -0.6825 -0.6825 -0.29625001 -0.29625 -0.29625 0.05125 0.05125 0.05125
-1.1225 -1.1225 -1.1225 -0.7875 -0.7875 -0.7875 -0.78750014 -0.87625 -0.87625 -0.71017162 -0.71 -0.71 -0.71 -0.71008488 -0.39600878 -0.29 -0.29 -0.29 -0.625 -0.625 -0.625 -1.07625 -1.07625 -1.07625 -1.0760073 -0.62841861 -1.09 -1.09 -1.09 -0.83407939 -0.72006344 -0.72 -0.72 -0.72 -0.54196746 -0.43000043 -0.43 -0.43 -0.43 -0.37378472 -0.37375 -0.37375 -0.825 -0.825 -0.65125073 -0.65124995 -0.51375 -0.51375 -0.20625 -0.20625 -0.20625 0.05125 0.020027941
-1.1224977 -1.1225 -1.1225 -0.7875 -0.7875 -0.7875 -0.7875 -0.61875007 -0.87522041 -0.70989799 -0.71 -0.71 -0.71 -0.70917584 -0.29 -0.29 -0.29 -0.2900001 -0.625 -0.625 -0.625 -1.07625 -1.07625 -1.07625 -0.21 -0.21 -0.4 -0.4 -0.4 -0.4017457 -0.72 -0.72 -0.72 -0.72 -0.5750796 -0.43 -0.43 -0.43 -0.43 -0.37375 -0.37375 -0.37375 -0.38248121 -0.65125 -0.65125 -0.65125 -0.51375 -0.51375 -0.20625 -0.20625 -0.20625 0.019999992 0.02
-0.37625 -0.72637952 -0.84625 -0.84623296 -0.7875 -0.61972638 -0.61875 -0.61875 -0.62968136 -0.5975 -0.5975 -0.5975 -0.5975 0.049978921 0.049999999 -0.28999974 -0.29 -0.29882676 -0.625 -0.625 -0.625 -0.06875 -0.06875 -0.06875 -0.21 -0.21 -0.4 -0.4 -0.4 -0.39999986 -0.20250329 -0.20250145 -0.70699341 -0.7194452 -0.3167093 -0.31625 -0.31625 -0.31625 -0.31625 -0.37375 -0.37375 -0.37375 -0.63596987 -0.65125 -0.65125 -0.65124999 -0.51375 -0.51375 -0.51373893 -0.20625 -0.20626833 -0.61625 0.02
-0.6636954 -0.66375003 -0.84625 -0.84625 -0.84625 -0.61875 -0.61875 -0.61875 -0.64875 -0.64875 -0.5975 -0.5975 -0.5975 0.05 0.05 0.05 0.05 0.0499238 -0.625 -0.625 -0.62499998 -0.06875 -0.06875 -0.06875 -0.21 -0.21 -0.4 -0.4 -0.4 -0.20472683 -0.2025 -0.2025 -0.2025 -0.2025 -0.31619387 -0.31625 -0.31625 -0.31625 -0.31625 -0.19875005 -0.19875 -0.19875 -0.19875 -0.65124939 -0.57125 -0.57125 -0.57125 -0.7025 -0.7025 -0.7025 -0.61625 -0.61625 -0.61625
-0.66375 -0.66375 -0.84625 -0.84625 -0.84625 -0.61994578 -0.61875 -0.64875 -0.64875 -0.64875 -0.59750631 -0.5975 -0.44020349 0.049999896 0.05 0.05 0.05 -0.05125 -0.05125 -0.05125 -0.05125 -0.051250013 -0.068749915 -0.06875 -0.068887481 -0.23375 -0.23375 -0.2337504 -0.39997313 0.11868598 0.11874829 0.11869391 -0.20195095 -0.20222276 -0.29578114 -0.31624981 -0.31458695 0.18 0.18 -0.19875 -0.19875 -0.19875 -0.19875 -0.57125 -0.57125 -0.57125 -0.57125 -0.7025 -0.7025 -0.7025 -0.61625 -0.61625 -0.61625
-0.66375 -0.66375 -0.84625 -0.84625 -0.84625 -0.84625 -0.62997812 -0.64875 -0.64875 -0.64875 -0.64861536 -0.405 -0.405 -0.405 0.04731858 0.05 -0.050575295 -0.05125 -0.05125 -0.05125 -0.05125 -0.05125 -0.05125 -0.05125 -0.23375 -0.23375 -0.23375 -0.23375 -0.23375 0.11875 0.11875 0.11875 0.11875 0.11875036 0.28875 0.18 0.18 0.18 0.18 0.17999915 -0.02875 -0.02875 -0.02875 -0.20935473 -0.58375 -0.58375 -0.58375 -0.7025 -0.7024996 -0.2925 -0.2925 -0.22759457 -0.2275
-0.66375 -0.66375 -0.78038032 -0.84625 -0.84625 -0.84625 -0.63003327 -0.64869091 -0.64875 -0.64875 -0.40499999 -0.405 -0.405 -0.405 -0.405 -0.36765249 -0.05125 -0.05125 -0.05125 -0.05125 -0.05125 -0.05125 -0.05125 -0.05125 -0.23375 -0.23375 -0.23375 -0.23375 -0.23375 0.11136044 0.11875 0.11875 0.11875 0.28875 0.28875 0.28866555 0.18 0.18 0.43254686 0.62874996 -0.02875 -0.02875 -0.02875 -0.20420746 -0.58375 -0.58375 -0.58375 0.42875 -0.2835133 -0.2925 -0.2925 -0.2275 -0.2275
-0.24625 -0.24625 -0.24625 -0.69581351 -0.84561367 -0.63 -0.63 -0.63 -0.63 -0.3625 -0.3625 -0.405 -0.405 -0.405 -0.405 -0.40497757 -0.05125 -0.05125 -0.05125 -0.05125 -0.05125 -0.05125 -0.05125 -0.043954996 0.20696106 -0.23375 -0.23375 -0.23375 0.10875 0.10875 0.10875 0.10875004 0.28875 0.28875 0.28875 0.28875 0.62875 0.62875 0.62875 0.62875 0.17375 0.17375 0.17375 0.22124904 0.22125 0.22125 0.22124975 0.42875 0.42875 -0.2916212 -0.2925 -0.22749604 -0.2275
-0.24625 -0.24625 -0.24625 -0.24625882 -0.41 -0.44199161 -0.63 -0.63 -0.63 -0.3625 -0.3625 -0.3625 -0.080000015 -0.08 -0.08 -0.080000011 -0.051838473 -0.05125 -0.05125 -0.05125 -0.051234782 0.22749923 0.2275 0.2275 0.2275 0.2275 0.22375 0.22375 0.10875 0.10875 0.10875 0.10875 0.2887503 0.28875 0.28875 0.28878441 0.62874999 0.62875 0.62875 0.62714881 0.17375 0.17375 0.17375 0.2212478 0.22125 0.22125 0.22125 0.42875 0.42875 0.42875002 0.5575 0.5575 0.45375
-0.24625 -0.24625 -0.24625 -0.40999962 -0.41 -0.41 -0.62999992 -0.63 -0.63 -0.3625 -0.3625 -0.3625 -0.08 -0.08 -0.08 -0.10227667 -0.3725 -0.3725 -0.37249917 -0.053064502 0.2275 0.2275 0.2275 0.2275 0.2275 0.22749718 0.22375 0.22375 0.22375 0.10875 0.10875 0.10864058 0.71125 0.71125 0.71125 -0.014999997 -0.014999998 0.26375 0.26375 0.26375 0.11625 0.17373196 0.17375132 0.35125 0.35125 0.34632315 0.22125069 0.42875 0.42875 0.5575 0.5575 0.5575 0.45375
-0.24625 -0.24625 -0.24625 -0.41 -0.41 -0.41 -0.41 -0.63 -0.63 -0.3625 -0.3625 -0.091295926 -0.08 -0.08 -0.08 -0.3725 -0.3725 -0.3725 -0.3725 -0.3725 0.2275 0.2275 0.2275 0.2275 0.2275 0.22375001 0.22375 0.22375 0.22375 -0.06125 -0.06125 -0.06125 0.71125 0.71125 0.71125 -0.015 -0.015 0.26375 0.26375 0.11625 0.11625 0.11625 0.35125 0.35125 0.35125 0.35125 0.36870631 0.56375 0.56375 0.56375 0.5575 0.60875 0.60875
-0.24625 -0.24625 -0.24647803 -0.41 -0.41 -0.41 -0.41 -0.31360881 -0.30875 -0.30884228 -0.3625 -0.080015077 -0.08 -0.08 -0.080001012 -0.3725 -0.3725 -0.3725 -0.3725 -0.3725 0.19029784 0.2275 0.2275 0.2275 0.22756333 0.22376751 0.22375 0.22375 0.22375 -0.06125 -0.06125 -0.06125 -0.061136639 0.71125 -0.015 -0.015 -0.015 -0.014988409 0.26373994 0.11625 0.11625 0.11625 0.35123573 0.35125 0.35125 0.35125 0.56375093 0.56375 0.56375 0.56375 0.60875 0.60875 0.60875
-0.43625 -0.43624967 -0.40991481 -0.41 -0.41 -0.41 -0.30877154 -0.30875 -0.30875 -0.30875 -0.26 -0.26 -0.26 -0.26 -0.37198074 -0.3725 -0.3725 -0.3725 -0.3725 0.18874967 0.18875 0.18875 0.53499995 0.535 0.535 0.535 0.50813512 0.22375 0.16500241 0.165 0.165 0.165 0.165 0.1525 0.1525 0.1525 0.1525 0.1525 0.5875 0.5875 0.5875 0.5875 0.5875 0.65828647 0.65875 0.65875 0.65875 0.56375 0.56375 0.56375 0.60874291 0.60875 0.60875
-0.43625 -0.43625 -0.43330916 -0.085000653 -0.085000072 -0.085218348 -0.30875 -0.30875 -0.30875 -0.30875 -0.26 -0.26 -0.26 -0.26 -0.26 -0.3725 -0.3725 -0.3725 0.18874986 0.18875 0.18875 0.18875 0.535 0.535 0.535 0.535 0.535 0.53493377 0.16496814 0.165 0.165 0.165 0.1649872 0.14257922 0.15248973 0.1525 0.1525 0.1525 0.5875 0.5875 0.5875 0.5875 0.5875 0.65875 0.65875 0.65875 0.65875 0.61432614 0.56375 0.15338013 0.14875 0.085 0.085
-0.43625 -0.43625 -0.085044492 -0.085 -0.085 -0.085 -0.14183156 -0.30875 -0.30875 -0.30875 -0.26 -0.26 -0.26 -0.26 -0.26 -0.37241354 -0.3725 0.18858545 0.18875 0.18875 0.18875 0.18875 0.40672944 0.535 0.535 0.535 0.535 0.53467955 0.0825 0.0825 0.0825 0.0825 0.0825 0.135 0.135 0.135 0.135 0.135 0.55625 0.55625 0.55625 0.55625 0.55625 0.65857603 0.65874996 0.65875 0.65873792 0.65722332 0.14875 0.14875 0.14875 0.085000357 0.085
-0.43624982 -0.34187649 -0.085000036 -0.085 -0.085 -0.085 -0.085 -0.30865473 -0.30875 -0.30875 -0.26 -0.26 -0.26 -0.26 -0.27100012 -0.27125 -0.27125 0.18873816 0.18875 0.18875 0.18875 0.18875 0.18875 0.535 0.535 0.535 0.535 0.13499996 0.13499998 0.12382672 0.0825 0.0825 0.0825 0.135 0.135 0.135 0.135 0.13503894 0.55625 0.55625 0.55625 0.55625 0.55624751 0.5875 0.5875 0.5875 0.5875 0.58746461 0.14875 0.14875 0.14875 0.14875005 0.22047498
-0.34 -0.34 -0.28231966 -0.085 -0.085 -0.085 -0.085 -0.085 -0.308654 -0.062500004 -0.0625 -0.0625 -0.062968708 -0.27124998 -0.27125 -0.27125 -0.27125 -0.27125 0.18874868 0.17746703 0.07875 0.07875 0.07875 0.19311817 0.50338563 0.33422314 0.19148037 0.135 0.135 0.135 0.135 0.135 0.13640275 0.19502527 0.1925 0.1925 0.1925 0.1925 0.55014469 0.52375006 0.52375 0.52375 0.52375 0.25125099 0.58749991 0.5875 0.5875 0.1725 0.14875038 0.14875 0.14875 0.2225 0.2225
