interpolatedSpi/01-09|22_1.tif
NCOLS 53
NROWS 52
XLLCORNER -116.03883
YLLCORNER 28.596182
DX 0.49850594
DY 0.49788537
NODATA_VALUE -9999
[rows 26 to 51 of 52, columns 0 to 52 of 53]
-0.50222222 -0.50222222 -0.50222222 -0.43728527 -0.41574251 -0.50444444 -0.50444444 -0.50444444 -0.50444444 -0.28222222 -0.28222222 -0.29777778 -0.29777778 -0.29777778 -0.29777778 -0.29776553 -0.10444444 -0.10444444 -0.10444444 -0.10444444 -0.17020156 -0.22111111 -0.22111111 -0.21712739 -0.087195201 -0.48 -0.48 -0.48 -0.74111111 -0.74111111 -0.74111111 -0.7411112 -0.75555556 -0.75555556 -0.75555556 -0.75555556 -0.62666667 -0.62666667 -0.62666667 -0.62666667 -0.33111111 -0.33111111 -0.33111111 -0.29777845 -0.29777778 -0.29777778 -0.29777775 -0.39555556 -0.39555556 -0.24351881 -0.24333333 0.11333263 0.11333333
-0.50222222 -0.50222222 -0.50222222 -0.50222444 -0.54333333 -0.53767825 -0.50444444 -0.50444444 -0.50444444 -0.28222222 -0.28222222 -0.28222222 -0.33 -0.33 -0.33 -0.33 -0.10455232 -0.10444444 -0.10444444 -0.10444444 -0.10620522 -0.068889307 -0.068888889 -0.068888889 -0.068888889 -0.0688889 -0.30666667 -0.30666667 -0.74111111 -0.74111111 -0.74111111 -0.74111111 -0.75555541 -0.75555556 -0.75555556 -0.75553881 -0.62666666 -0.62666667 -0.62666667 -0.62624261 -0.33111111 -0.33111111 -0.33111111 -0.29777932 -0.29777778 -0.29777778 -0.29777778 -0.39555556 -0.39555556 -0.39555551 -0.026666667 -0.026666667 -0.04
-0.50222222 -0.50222222 -0.50222222 -0.54333324 -0.54333333 -0.54333333 -0.50444446 -0.50444444 -0.50444444 -0.28222222 -0.28222222 -0.28222222 -0.33 -0.33 -0.33 -0.31730674 -0.16333333 -0.16333333 -0.16333318 -0.10477706 -0.068888889 -0.068888889 -0.068888889 -0.068888889 -0.068888889 -0.069067829 -0.30666667 -0.30666667 -0.30666667 -0.74111111 -0.74111111 -0.74104818 -0.55 -0.55 -0.55 -0.49333333 -0.49333333 -0.53 -0.53 -0.53 -0.29444444 -0.33109961 -0.3311106 -0.26222222 -0.26222222 -0.26356974 -0.29777785 -0.39555556 -0.39555556 -0.026666667 -0.026666667 -0.026666667 -0.04
-0.50222222 -0.50222222 -0.50222222 -0.54333333 -0.54333333 -0.54333333 -0.54333333 -0.50444444 -0.50444444 -0.28222222 -0.28222222 -0.32808958 -0.33 -0.33 -0.33 -0.16333333 -0.16333333 -0.16333333 -0.16333333 -0.16333333 -0.068888889 -0.068888889 -0.068888889 -0.068888889 -0.068888889 -0.30666586 -0.30666667 -0.30666667 -0.30666667 -0.64333333 -0.64333333 -0.64333333 -0.55 -0.55 -0.55 -0.49333333 -0.49333333 -0.53 -0.53 -0.29444444 -0.29444444 -0.29444444 -0.26222222 -0.26222222 -0.26222222 -0.26222222 -0.23447468 0.075555556 0.075555556 0.075555556 -0.026666661 0.27222222 0.27222222
-0.50222222 -0.50222222 -0.50227947 -0.54333333 -0.54333333 -0.54333333 -0.54333333 -0.60785858 -0.61111111 -0.61054645 -0.28222223 -0.33000223 -0.33 -0.33 -0.32999942 -0.16333333 -0.16333333 -0.16333333 -0.16333333 -0.16333333 0.2390454 -0.068888889 -0.068888889 -0.068888889 -0.068874242 -0.30664929 -0.30666667 -0.30666667 -0.30666667 -0.64333333 -0.64333333 -0.64333333 -0.6433194 -0.55 -0.49333333 -0.49333333 -0.49333333 -0.4933348 -0.52998394 -0.29444444 -0.29444444 -0.29444444 -0.26222418 -0.26222222 -0.26222222 -0.26222222 0.075554733 0.075555556 0.075555556 0.075555556 0.27222222 0.27222222 0.27222222
-0.73777778 -0.73777737 -0.54331858 -0.54333333 -0.54333333 -0.54333333 -0.61109669 -0.61111111 -0.61111111 -0.61111111 -0.35666667 -0.35666667 -0.35666667 -0.35666667 -0.16422564 -0.16333333 -0.16333333 -0.16333333 -0.16333333 0.25222197 0.25222222 0.25222222 0.0022222104 0.0022222222 0.0022222222 0.0022222222 -0.024438862 -0.30666667 -0.5866552 -0.58666667 -0.58666667 -0.58666667 -0.58666667 -0.43 -0.43 -0.43 -0.43 -0.43 -0.23333333 -0.23333333 -0.23333333 -0.23333333 -0.23333333 -0.0037235899 -0.0033333333 -0.0033333333 -0.0033333333 0.075555556 0.075555556 0.075555556 0.27219124 0.27222222 0.27222222
-0.73777778 -0.73777778 -0.73456827 -0.35444482 -0.35444449 -0.35469478 -0.61111111 -0.61111111 -0.61111111 -0.61111111 -0.35666667 -0.35666667 -0.35666667 -0.35666667 -0.35666667 -0.16333333 -0.16333333 -0.16333333 0.25222212 0.25222222 0.25222222 0.25222222 0.0022222231 0.0022222222 0.0022222222 0.0022222222 0.0022222222 0.0021562715 -0.58666281 -0.58666667 -0.58666667 -0.58666667 -0.58666512 -0.51188579 -0.43008479 -0.43 -0.43 -0.43 -0.23333333 -0.23333333 -0.23333333 -0.23333333 -0.23333333 -0.0033333333 -0.0033333333 -0.0033333333 -0.0033333333 0.033556653 0.075555556 0.24256016 0.24444444 0.13777778 0.13777778
-0.73777778 -0.73777778 -0.354493 -0.35444444 -0.35444444 -0.35444444 -0.4196367 -0.61111111 -0.61111111 -0.61111111 -0.35666667 -0.35666667 -0.35666667 -0.35666667 -0.35666667 -0.16347819 -0.16333333 0.25210038 0.25222222 0.25222222 0.25222222 0.25222222 0.094836342 0.0022222222 0.0022222222 0.0022222222 0.0022222222 0.001812253 -0.57666667 -0.57666667 -0.57666667 -0.57666667 -0.57666667 -0.57444444 -0.57444444 -0.57444444 -0.57444444 -0.57444444 -0.44888889 -0.44888889 -0.44888889 -0.44888889 -0.44888889 -0.0030267685 -0.0033332692 -0.0033333328 -0.0033120506 -0.00073678434 0.24444444 0.24444444 0.24444444 0.13777838 0.13777778
-0.73777675 -0.19305332 -0.35444442 -0.35444444 -0.35444444 -0.35444444 -0.35444444 -0.61100183 -0.61111111 -0.61111111 -0.35666667 -0.35666667 -0.35666667 -0.35666667 0.063782449 0.073333333 0.073333333 0.25221762 0.25222222 0.25222222 0.25222222 0.25222222 0.25222213 0.0022222222 0.0022222222 0.0022222222 0.0022222222 -0.53444447 -0.53444446 -0.54343036 -0.57666667 -0.57666667 -0.57666667 -0.57444444 -0.57444444 -0.57444444 -0.57444444 -0.57440381 -0.44888889 -0.44888889 -0.44888889 -0.44888889 -0.4488808 0.12222222 0.12222222 0.12222222 0.12222222 0.12223208 0.24444444 0.24444444 0.24444444 0.24444436 0.11259859
-0.18222222 -0.18222222 -0.21585994 -0.35444444 -0.35444444 -0.35444444 -0.35444444 -0.35444444 -0.61100059 -0.16555556 -0.16555556 -0.16555556 -0.1660091 0.073332714 0.073333333 0.073333333 0.073333333 0.073333333 0.2522188 0.22293208 -0.033333333 -0.033333333 -0.033333333 -0.02773131 -0.061540089 -0.40272013 -0.69046053 -0.53444444 -0.53444444 -0.53444444 -0.53444444 -0.53444444 -0.53496865 -0.51370869 -0.51444444 -0.51444444 -0.51444444 -0.51444444 -0.4290599 -0.34333352 -0.34333333 -0.34333333 -0.34333333 0.022222515 0.1222222 0.12222222 0.12222222 0.21444444 0.24444396 0.24444444 0.24444444 0.11222222 0.11222222
-0.18222222 -0.18222222 -0.19444444 -0.19444444 -0.19444444 -0.35439115 -0.35444444 -0.35444444 -0.16555556 -0.16555556 -0.16555556 -0.16555556 -0.16555556 0.073333323 0.073333333 0.073333333 0.073333333 0.073333333 -0.033333333 -0.033333333 -0.033333333 -0.033333333 -0.033333333 -0.79444441 -0.79444444 -0.79444444 -0.79444444 -0.53444445 -0.53444444 -0.53444444 -0.53444444 -0.53444444 -0.44888889 -0.44888889 -0.51444444 -0.51444444 -0.51444444 -0.29781468 -0.29777778 -0.34333333 -0.34333333 -0.34333333 -0.34333329 0.022222222 0.022222222 0.022222222 0.21444444 0.21444444 0.21444444 0.27 0.27 0.11222222 0.11222222
-0.18222222 -0.18222222 -0.19444444 -0.19444444 -0.19444444 -0.19444444 -0.19444431 -0.17 -0.16555974 -0.16555556 -0.16555556 -0.16555556 -0.16555556 0.070353412 0.073333333 0.073333333 0.073333333 0.073333333 -0.033333331 -0.033333333 -0.033333333 -0.033333333 -0.033333333 -0.79444444 -0.79444444 -0.79444444 -0.79444444 -0.79444338 -0.53444444 -0.53444444 -0.53444444 -0.44889337 -0.44888889 -0.44888889 -0.44888889 -0.51444444 -0.29777778 -0.29777778 -0.29777778 -0.29897643 -0.10354426 -0.058888889 -0.058888889 0.022222222 0.022222222 0.022222222 0.21444444 0.21444444 0.21444444 0.27 0.27 0.27 0.11322857
-0.27666667 -0.27666593 -0.19444444 -0.19444444 -0.19444444 -0.19444444 -0.17 -0.17 -0.17 -0.16555556 -0.16555556 -0.16555556 -0.16555556 -0.16548129 0.073333333 0.073333333 0.073333333 0.073333333 -0.033331528 -0.033333334 -0.033333333 -0.033333336 -0.66036436 -0.79444444 -0.79444444 -0.79444444 -0.79444444 -0.65777789 -0.65777778 -0.65777778 -0.53576495 -0.44888889 -0.44888889 -0.44888889 -0.44888877 -0.32555556 -0.29777778 -0.29777778 -0.29777778 -0.29777778 -0.058888889 -0.058888889 -0.058888889 0.09 0.09 0.09 -0.0055341305 0.21444444 0.21444444 0.27 0.27 0.27 0.11333319
-0.27666667 -0.27666667 -0.19444444 -0.19444444 -0.19444444 -0.17 -0.17 -0.17 -0.17 -0.1660446 -0.16555556 -0.16555556 -0.16555556 -0.16555498 -0.099980052 -0.1 -0.1 -0.1 -0.21582192 -0.22555556 -0.22555556 -0.22555556 -0.22555556 -0.79444444 -0.79444444 -0.79444444 -0.79443543 -0.65777778 -0.65777778 -0.65777778 -0.65777778 -0.44890274 -0.37951746 -0.32555556 -0.32555556 -0.32555556 -0.2979977 -0.35666544 -0.35666667 -0.35666667 -0.058950682 -0.13777778 -0.13777778 0.09 0.09 0.089999595 -0.0055555556 -0.0055555556 0.05 0.05 0.05 0.031111111 0.062222222
-0.27666667 -0.27666667 -0.037777778 -0.037777778 -0.037777778 -0.17 -0.17 -0.17 -0.17 -0.22777778 -0.22777778 -0.22777778 -0.22777778 -0.21877298 -0.1 -0.1 -0.1 -0.1 -0.21555556 -0.22555556 -0.22555556 -0.22555556 -0.22555556 -0.61222222 -0.61222229 -0.79444418 -0.65777778 -0.65777778 -0.65777778 -0.65777778 -0.62346357 -0.59 -0.35702082 -0.32555556 -0.32555556 -0.32555556 -0.35666667 -0.35666667 -0.35666667 -0.35666667 -0.13777778 -0.13777778 -0.13777778 -0.043363115 -0.043333333 -0.005725364 -0.0055555556 -0.0055555556 0.050000224 0.05 0.031111111 0.031111111 0.062222222
-0.27666667 -0.037777779 -0.037777778 -0.037777778 -0.037777778 -0.037777778 -0.1686113 0.0088888889 0.0088888889 -0.22777778 -0.22777778 -0.22777778 -0.22777778 -0.22774752 -0.1 -0.1 -0.1 -0.10522117 -0.21555556 -0.21555556 -0.22555556 -0.22555556 -0.61222222 -0.61222222 -0.61222222 -0.61222222 -0.65777778 -0.65777778 -0.65777778 -0.65777778 -0.59 -0.59 -0.59 -0.32582315 -0.32555556 -0.32555556 -0.35666667 -0.35666667 -0.35666667 -0.35666667 -0.13777778 -0.13777778 -0.13777778 -0.043333333 -0.043333333 -0.043325338 0.097777778 0.097777778 0.10333333 0.10333333 0.031111111 0.031111111 0.062222222
-0.040021242 -0.037777778 -0.037777778 -0.037777778 -0.037777778 -0.037777778 0.0088888889 0.0088888889 0.0088888889 -0.117785 -0.22777778 -0.22777778 -0.22777778 -0.22777226 -0.1 -0.1 -0.1 -0.21555556 -0.21555556 -0.21555556 -0.22555506 -0.22555792 -0.61222222 -0.61222222 -0.61222222 -0.61222222 -0.65777454 -0.65777778 -0.65777778 -0.59001559 -0.59 -0.59 -0.59 -0.59 -0.32652142 -0.55333333 -0.55333333 -0.54992967 -0.35666667 -0.35666667 -0.13777797 -0.13777778 -0.046079325 -0.043333333 -0.043333333 0.097777727 0.097777778 0.097777778 0.10333333 0.10333333 0.28444444 0.28444444 0.24888889
-0.037777778 -0.037777778 -0.037777778 -0.037777778 -0.037777778 -0.037777778 0.0088888889 0.0088888889 0.0088888889 0.0088888873 0.031103653 0.031111111 0.031111111 0.031111111 -0.099999838 -0.093589901 -0.09 -0.09 -0.21532409 -0.21555556 -0.21555556 -0.61222166 -0.61222222 -0.61222222 -0.61222222 -0.61222222 -0.61225534 -0.65777778 -0.65777546 -0.59 -0.59 -0.59 -0.59 -0.59 -0.55333333 -0.55333333 -0.55333333 -0.55333333 -0.55333333 -0.55333221 -0.37333333 -0.37333333 -0.37333324 -0.10666667 -0.10666667 -0.10666667 -0.017777778 -0.017777778 0.078888889 0.078888889 0.28444444 0.28444437 0.24888889
-0.037777778 -0.037777778 -0.037777778 -0.037777778 -0.037777778 -0.037777778 0.0088888889 0.0088888889 0.0088888889 0.031111111 0.031111111 0.031111111 0.031111111 0.031111111 -0.00081348752 -0.09 -0.09 -0.09 -0.09 -0.09 -0.095994865 -0.61222222 -0.61222222 -0.61222222 -0.61222222 -0.6074074 -0.45912916 -0.63069594 -0.59033424 -0.59 -0.59 -0.59 -0.59 -0.58999992 -0.55333333 -0.55333333 -0.55333333 -0.55333333 -0.55333333 -0.46959775 -0.37333333 -0.37333333 -0.37333333 -0.10666667 -0.10666667 -0.10666667 -0.017777778 -0.017777778 0.078888889 0.078888889 0.10555556 0.24098204 0.24888889
-0.037777778 -0.037777778 -0.037777778 -0.037777778 -0.037777778 -0.037777764 0.0088888781 0.0088888889 0.009811235 0.031111111 0.031111111 0.031111111 0.031111111 0.031111111 0.025301876 -0.09 -0.09 -0.09 -0.09 -0.09 -0.09 -0.48117229 -0.4588891 -0.45888889 -0.45888889 -0.45888889 -0.45888889 -0.45888889 -0.73161726 -0.73555383 -0.73555555 -0.73555556 -0.73555556 -0.73555542 -0.55333333 -0.55333333 -0.55333333 -0.55333333 -0.55333333 -0.37333335 -0.37333333 -0.37333333 -0.37333333 -0.37333321 -0.10677533 -0.17444444 -0.017777794 -0.024329112 0.078798348 0.10555556 0.10555556 0.10585581 0.12
-0.037777778 -0.037777778 -0.037777778 -0.037777778 -0.037777778 -0.037774797 0.0088863719 0.0088902335 0.031111083 0.031111111 0.031111111 0.031111111 0.031111111 0.031111111 0.028806624 -0.09 -0.09 -0.09 -0.09 -0.09 -0.09 -0.45888889 -0.45888889 -0.45888889 -0.45888889 -0.45888889 -0.45888889 -0.45888889 -0.73547918 -0.73555556 -0.73555556 -0.73555556 -0.73555556 -0.73555556 -0.68562668 -0.55333333 -0.55333333 -0.55333333 -0.55333333 -0.37333333 -0.37333333 -0.37333333 -0.37333333 -0.37328238 -0.17444444 -0.17444444 -0.17350432 -0.024444444 -0.024444444 0.10555556 0.10555556 0.12 0.12
-0.037777778 -0.037777778 -0.037777778 -0.037777778 -0.037777777 -0.037715541 0.0088341188 0.028603479 0.031111111 0.031111111 0.031111111 0.031111111 0.031111111 0.031111111 0.028990853 -0.09 -0.09 -0.09 -0.09 -0.09 -0.14252307 -0.45888889 -0.45888889 -0.45888889 -0.45888889 -0.45888889 -0.45888889 -0.45888889 -0.73555445 -0.73555556 -0.73555556 -0.73555556 -0.73555556 -0.73555556 -0.73555556 -0.57184731 -0.60061504 -0.61634745 -0.61873774 -0.38004688 -0.37333334 -0.37333333 -0.37333333 -0.17446033 -0.17444444 -0.17662652 -0.53999754 -0.024444444 -0.024444444 -0.044513746 -0.044444444 -0.044444444 0.11999993
-0.037777778 -0.037777778 -0.037777778 -0.037777778 -0.03777773 -0.037388586 0.010483213 0.031105001 0.031111111 0.031111111 0.031111111 0.031111111 0.031111111 0.031111111 0.02828298 -0.09 -0.09 -0.09 -0.09 -0.090000002 -0.4588873 -0.45888889 -0.45888889 -0.45888889 -0.45888889 -0.45888889 -0.45888889 -0.45888889 -0.73555548 -0.73555556 -0.73555556 -0.73555556 -0.73555556 -0.73555556 -0.73555553 -0.62 -0.62 -0.62 -0.62 -0.47777778 -0.47777778 -0.47777778 -0.47777778 -0.53999894 -0.54 -0.54 -0.54 -0.53999792 -0.36222222 -0.36222222 -0.044444444 -0.044444444 -0.15845135
-0.037777778 -0.037777778 -0.037777778 -0.037777774 -0.037776474 -0.036500756 0.029506227 0.031110821 0.031111111 0.031111111 0.031111111 0.031111111 0.031111111 0.031111111 0.026999853 -0.08999995 -0.09 -0.09 -0.09 -0.092220181 -0.45888889 -0.45888889 -0.45888889 -0.45888889 -0.45888889 -0.45888889 -0.45888889 -0.45888889 -0.73555549 -0.73555556 -0.73555556 -0.73555556 -0.73555556 -0.73555556 -0.62000011 -0.62 -0.62 -0.62 -0.62 -0.47777778 -0.47777778 -0.47777778 -0.47777778 -0.49457129 -0.54 -0.54 -0.54 -0.36222421 -0.36222222 -0.36222222 -0.21 -0.21 -0.21
-0.037777778 -0.037777778 -0.037777776 -0.037777672 -0.03776495 -0.031989227 0.031018908 0.031111038 0.031111111 0.031111111 0.031111111 0.031111111 0.031111111 0.031111103 0.025261709 -0.089997152 -0.09 -0.09 -0.090000423 -0.45141462 -0.45888889 -0.45888889 -0.45888889 -0.45888889 -0.45888889 -0.45888889 -0.45888889 -0.45888889 -0.7355553 -0.73555556 -0.73555556 -0.73555556 -0.73555556 -0.5460381 -0.61999996 -0.62 -0.62 -0.62 -0.62 -0.47777778 -0.47777778 -0.47777778 -0.47777778 -0.47777778 -0.54 -0.54 -0.54 -0.36222222 -0.36222222 -0.36222222 -0.21 -0.21 -0.21
-0.037777778 -0.037777775 -0.037777734 -0.037776523 -0.037695151 0.0013105791 0.031093824 0.031111066 0.031111111 0.031111111 0.031111111 0.031111111 0.031111111 0.031110884 0.023195197 -0.089955769 -0.089999997 -0.090000013 -0.091909917 -0.45885752 -0.45888889 -0.45888889 -0.45888889 -0.45888889 -0.45888889 -0.45888889 -0.45888889 -0.45888905 -0.73555382 -0.73555556 -0.73555537 -0.49942615 -0.47666667 -0.47666667 -0.47666667 -0.62 -0.62 -0.62 -0.62 -0.47777778 -0.47777778 -0.47777778 -0.47777778 -0.47777778 -0.5399989 -0.54 -0.53999991 -0.36222223 -0.36222222 -0.36222214 -0.21 -0.21 -0.21
