interpolatedSpi/01-05|19_1.tif
NCOLS 53
NROWS 52
XLLCORNER -116.03883
YLLCORNER 28.596182
DX 0.49850594
DY 0.49788537
NODATA_VALUE -9999
-0.16 -0.16 -0.34349914 -0.404 -0.628 -0.688 -0.738 -1.036 -1.1388808 -0.926 -0.68 -0.952 -1.097946 -0.442 -0.712 -0.712 -0.712 0.104 -0.25 -0.25 -0.25 -0.2500078 -1.06 -0.41 -0.41 -0.41 -0.59599814 -0.596 -0.596 -0.952 -0.952 -0.952 -0.952 -1.116 -1.116 -1.116 -1.116 -1.116 -1.116 -1.116 -0.017828131 -0.0061386225 -0.55 -0.55 -0.55 -0.55 -0.55105841 -1.198 -1.198 -1.198 -1.0820002 -1.082 -1.082 
-0.16001573 -0.514 -0.42199964 -0.39184796 -0.51022151 -0.192 0.08 -0.6921799 -1.39 -1.254 -1.12 -1.098 -1.098 -0.20280027 -0.44199949 -0.712 0.104 0.104 -0.24953843 -0.25 -0.25 -0.25 -0.42884408 -0.41 -0.41 -0.41 -0.28200001 -0.282 -0.952 -0.952 -0.952 -0.952 -0.952 -1.116 -1.116 -1.116 -1.116 -1.116 -1.1159999 -0.91457386 0.049969055 -0.47719464 -0.55 -0.55 -0.55 -0.55 -0.55 -1.198 -1.198 -1.198 -1.1883812 -1.082 -1.082 
-0.26000325 -0.26 -0.108 0.04 -0.664 -0.986 -0.684 -0.7 -1.064 -0.964 -0.58 -1.074 -0.616 -0.292 -0.202 -0.866 0.104 0.104 0.104 -0.30598372 -0.306 -0.306 -0.768 -0.41 -0.41 -0.41 -0.282 -0.282 -0.282 -0.952 -0.952 -0.95200001 -1.0415404 -1.1130877 -1.1023733 0.33458468 0.348 0.348 0.31051945 0.050000002 0.05 0.049232752 -0.55 -0.55 -0.55 -0.55 -0.55 -1.198 -1.198 -1.198 -1.198 -1.082 -1.082 
-0.09 -0.26000004 -0.43407721 -0.11 -0.59 -0.73 -0.67 -1.222 -0.706 -0.31542189 -0.9 -0.97 -1.014 -0.292 -0.69 -0.866 -0.74096402 -0.73940864 -1.248 -0.306 -0.306 -0.902 -0.768 -0.768 -0.41 -0.40999936 -0.282 -0.282 -0.282 -0.682 -0.93219704 -1.138 -1.138 -1.1379988 0.348 0.348 0.348 0.348 0.05 0.05 0.05 0.049999977 -0.55 -0.55 -0.55 -0.55 -0.55 -1.1979918 -1.198 -1.198 -1.198 -1.0819707 -1.082 
-0.09 -0.52799983 -0.434 -0.69484087 -0.59 -0.87 -1.0779696 -1.112 -0.966 -1.048 -0.91872651 -0.85598854 -0.776 -0.69 -0.69 -0.80578166 -0.74 -0.74 -1.248 -1.248 -0.30600122 -0.902 -1.242 -1.018 -0.85 -0.85004055 -0.282 -0.282 -0.682 -0.682 -1.138 -1.138 -1.138 -1.1146169 0.348 0.348 0.348 0.05 0.05 0.05 0.05 0.049981852 -0.54999999 -0.55 -0.55 -0.55 -0.55 -0.555768 -1.198 -1.1979545 -0.184 -0.184 -0.184 
-1.582 -0.572 0.063999998 -0.526 -0.352 -0.618 -0.74 -0.78762665 -1.008 -0.708 -1.206 -0.946 -0.94599989 -1.666 -1.666 -1.0419285 -1.042 -0.778 -0.778 -1.2479997 -1.222 -1.222 -1.018 -0.85 -0.85 -1.024 -1.046 -1.046 -0.72999581 -0.682 -1.138 -1.138 -1.014 -1.0139722 -0.74801903 -0.65 -0.65 -0.16656098 0.05 0.05 -0.13776552 -0.138 -0.13799921 0.22801903 0.24191247 0.24199979 0.24199997 0.24199969 -0.45822079 -0.184 -0.184 -0.184 -0.184 
-0.95000515 -0.44 -0.66317856 -0.486 -0.194 -0.764 -1.178 -1.184 -1.084 -1.084 -1.206 -1.206 -1.4599998 -1.666 -0.74600276 -0.746 -1.042 -0.924 -0.944 -0.944 -1.1682758 -1.108 -1.108 -0.936 -1.024 -1.024 -1.046 -1.046 -0.73000746 -0.73013733 -0.57288229 -1.014 -1.014 -0.748 -0.748 -0.73714241 -0.65 -0.65 -0.88999168 -0.13800105 -0.138 -0.138 -0.13799547 0.24199905 0.242 0.242 0.242 0.24199957 -0.48 -0.18405866 -0.184 -0.184 -0.184 
-0.95 -1.598 -0.41 -0.972 -0.65601812 -0.978 -0.874 -1.012 -1.132 -0.872 -0.872 -0.782 -1.46 -1.46 -0.7508987 -0.87350598 -0.886 -0.54 -1.1519998 -0.944 -0.52595715 -0.456 -1.012 -0.694 -0.69400322 -0.944 -0.728 -0.72800011 -0.85755147 -0.85799999 -0.572 -0.46246355 -0.55 -0.748 -0.74879859 -0.81 -0.81 -0.89 -0.89 -0.138 -0.138 -0.13799999 0.070692329 0.072000009 0.242 0.242 0.242 -0.47997252 -0.48 -0.48 -0.184 -0.184 -0.184 
-1.4839099 -1.598 -0.83 -0.07 -0.446 -0.954 -0.816 -0.546 -0.634 -0.39955334 -0.354 -0.658 -0.658 -0.344 -0.34399633 -1.3048294 -1.306 -1.306 -0.63342275 -0.74200011 -1.28 -1.28 -0.938 -0.98283781 -0.9188066 -0.944 -0.742 -0.728 -0.79361647 -0.794 -0.438 -0.472 -0.5435189 -1.018 -0.776 -0.794 -0.724 -0.954 -0.35427706 -0.13655374 0.186 -0.112 0.071977206 0.072 0.072956852 0.242 -0.35399997 -0.48 -0.48 -0.48 -0.48 -0.1439086 0.014 
-0.846 -0.846 -0.93 -0.502 -0.544 -1.094 -0.42 -0.662 -0.144 -0.33996246 -0.09 -0.444 -0.344 -0.344 0.046 0.027456709 -1.306 -1.3057374 -0.158 -0.742 -0.742 -0.81131244 -0.938 -1.1159966 -1.116 -1.116 -0.742 -0.216 -0.216 -0.794 -0.794 -0.47226932 -0.614 -1.018 -0.782 -0.794 -0.724 -1.194 -0.354 0.34252544 -0.11199999 -0.095837067 -0.068 0.072 0.072 -0.354 -0.354 -0.354 -0.48 -0.48 0.138 0.138 0.13799995 
-0.846 -0.846 -0.924 -1.388 -0.458 -0.394 -0.468 -0.46621188 -0.628 -0.53 -0.134 -0.412 -0.44395725 0.046 0.046 0.045982927 -0.102 -0.10493914 -0.158 -0.47 -0.47 -0.28 -0.28 -1.116 -1.116 -1.116 -0.216 -0.216 -0.216 -1.058 -1.058 -1.0579993 -0.794 -0.794 -1.14 -0.64 -0.328 -0.55199898 -0.606 0.354 0.354 -0.14799974 -0.068 0.072 0.043999967 -0.008 0.20358821 0.206 0.35 0.35 0.138 0.138 0.138 
-0.846 -0.87982732 -1.1220053 -1.1879927 -0.322 -0.41 -0.468 -0.466 -0.62799865 -0.53108572 -0.41200015 -0.412 0.248 0.046 0.046 -0.102 -0.102 -0.10200319 -0.158 -0.47 -0.43268787 -0.28 -0.28 -1.1159659 -1.116 -0.87800704 -0.392 -0.392 -0.39199998 -1.058 -1.058 -0.438 -0.438 -0.79400095 -1.14 0.13199954 -0.34467645 -0.552 -0.552 0.35399998 -0.148 -0.148 -0.1479986 0.044 0.044 -0.008 0.206 0.206 0.35 0.35 0.138 0.138 0.138 
-0.442 -0.2426057 -0.17804447 -0.18530709 -0.32200049 -0.40999792 -0.468 -0.46602462 -0.61683654 -0.62544096 0.248 0.248 0.248 0.248 0.046028615 -0.102 -0.102 -0.10272305 -0.158 -0.46979957 0.216 0.216 0.216 0.216 -1.0928594 -0.392 -0.392 -0.392 -0.392 -0.39229556 -0.438 -0.438 -0.438 -0.438 0.132 0.132 0.132 -0.51887973 -0.54352811 0.576 0.576 -0.14796106 0.40598761 0.044034867 0.044 -0.008 0.206 0.206 0.35 0.35 0.13876911 0.138 0.10226367 
-0.442 -0.178 -0.178 -0.178 -0.178 -0.1780001 -0.46785151 -0.46707469 -0.58705346 0.2470591 0.248 0.248 0.248 0.248 0.24800023 -0.102 -0.10200001 -0.10584122 -0.15799801 0.216 0.216 0.216 0.216 0.216 0.21898073 -0.12352479 -0.056000069 -0.056 -0.056 -0.056 -0.43799999 -0.438 -0.43799921 0.218 0.218 0.132 0.48976655 0.5 0.57599996 0.576 0.576 0.576 0.406 0.406 0.406 0.40311894 0.30729191 0.308 0.308 0.308 0.308 0.77199987 0.772 
0.468 -0.178 -0.178 -0.178 -0.178 -0.178 -0.17800002 -0.26260609 0.56778344 0.574 0.574 0.574 0.574 0.574 0.574 0.477904 -0.092832402 -0.10966813 0.21595299 0.216 0.216 0.216 0.216 0.21600043 0.354 0.354 0.35399942 -0.056 -0.056 -0.05479453 0.546 0.546 0.218 0.218 0.218 0.4548268 0.5 0.5 0.5 0.576 0.576 0.576 0.406 0.406 0.406 0.406 0.308 0.308 0.308 0.308 0.308 0.772 0.772 
0.468 0.22750154 -0.178 -0.178 -0.178 -0.178 0.249916 0.25 0.25000001 0.574 0.574 0.574 0.574 0.574 0.55238051 0.476 0.476 0.476 0.58287932 0.58399962 0.584 0.584 0.584 0.584 0.354 0.354 0.354 0.354 -0.056 0.546 0.546 0.546 0.21800003 0.218 0.218 0.796 0.50039191 0.5 0.5 0.57601674 0.60950712 0.68766526 0.406 0.406 0.5635124 0.564 0.564 0.30855611 0.64481884 0.64599997 0.64599994 0.97396934 0.77200041 
0.468 0.34733052 0.086156031 -0.178 -0.178 0.24974712 0.25 0.25 0.25 0.25233484 0.574 0.574 0.574 0.57399999 0.476 0.476 0.476 0.476 0.58390353 0.584 0.584 0.584 0.584 0.584 0.35400001 0.354 0.354 0.354 0.35469837 0.546 0.546 0.546 0.90399999 0.21807535 0.796 0.796 0.796 0.79707722 0.67610514 0.688 0.688 0.688 0.766 0.766 0.564 0.564 0.564 0.646 0.646 0.646 0.646 0.974 0.974 
0.34425683 0.344 0.344 0.344 0.248 0.24999995 0.25 0.25 0.25 0.25 0.56642906 0.5739987 0.574 0.476 0.476 0.476 0.476 0.476 0.4584577 0.584 0.584 0.584 0.584 0.584 0.62395099 0.86399724 0.864 0.864 0.864 0.54600002 0.90399999 0.904 0.904 0.904 0.796 0.79600263 0.896 0.896 0.69059719 0.688 0.688 0.688 0.766 0.766 0.59527656 0.564 0.564 0.646 0.646 0.646 0.64951701 0.974 0.974 
0.344 0.344 0.344 0.29879217 0.248 0.248 0.25 0.25 0.25 0.25 0.474 0.474 0.474 0.476 0.476 0.476 0.476 0.47596827 0.064 0.064 0.58399979 0.584 0.5811272 0.466 0.46958302 0.864 0.864 0.864 0.864 0.90399593 0.904 0.904 0.904 0.904 0.89599965 0.896 0.896 0.896 0.89528707 0.688 0.688 0.688 0.766 0.766 0.766 0.564 0.564 0.646 0.646 0.646 0.974 0.974 0.974 
0.344 0.344 0.344 0.248 0.248 0.248 0.248 0.25 0.25 0.47376877 0.474 0.474 0.474 0.47400124 0.3205909 0.284 0.284 0.284 0.064 0.064 0.064 0.466 0.466 0.466 0.46603081 0.712937 0.864 0.864 0.864 0.9453489 0.95599489 0.956 0.956 0.956 1.0306133 1.2199993 1.22 1.22 1.22 1.4019023 1.402 1.402 0.766 0.766 1.1719983 1.1719999 0.906 0.906 0.956 0.956 0.956 0.974 1.0179607 
0.344002 0.344 0.344 0.248 0.248 0.248 0.24800001 0.73199986 0.25192722 0.47398549 0.474 0.474 0.474 0.47362717 0.284 0.284 0.284 0.28399994 0.064 0.064 0.064 0.466 0.466 0.466 0.576 0.576 0.748 0.748 0.748 0.74913471 0.956 0.956 0.956 0.956 1.0879275 1.22 1.22 1.22 1.22 1.402 1.402 1.402 1.3947633 1.172 1.172 1.172 0.906 0.906 0.956 0.956 0.956 1.018 1.018 
0.99 0.69084476 0.728 0.72786074 0.248 0.72919959 0.732 0.732 0.75604899 0.45800001 0.458 0.458 0.458 0.51599811 0.516 0.28400018 0.284 0.27820332 0.064 0.064 0.064 0.234 0.234 0.234 0.576 0.576 0.748 0.748 0.748 0.74800008 0.85600064 0.85600028 0.95348665 0.95589279 1.0478959 1.048 1.048 1.048 1.048 1.402 1.402 1.402 1.1846641 1.172 1.172 1.1719999 0.906 0.906 0.9060018 0.956 0.95599526 0.85 1.018 
0.80803456 0.80799999 0.728 0.728 0.728 0.732 0.732 0.732 0.798 0.798 0.458 0.458 0.458 0.516 0.516 0.516 0.516 0.51594896 0.064 0.064 0.064000007 0.234 0.234 0.234 0.576 0.576 0.748 0.748 0.748 0.85478229 0.856 0.856 0.856 0.856 1.0479053 1.048 1.048 1.048 1.048 0.84200015 0.842 0.842 0.842 1.1719969 0.768 0.768 0.768 0.86 0.86 0.86 0.85 0.85 0.85 
0.808 0.808 0.728 0.728 0.728 0.73197898 0.732 0.798 0.798 0.798 0.45804185 0.458 0.80119238 0.51600008 0.516 0.516 0.516 0.6 0.6 0.6 0.282 0.28199996 0.23400023 0.234 0.23413278 0.296 0.296 0.29600108 0.74792695 0.67003707 0.67000099 0.67003247 0.85568211 0.85583948 1.013682 1.0479997 1.0457011 0.362 0.362 0.842 0.842 0.842 0.842 0.768 0.768 0.768 0.768 0.86 0.86 0.86 0.85 0.85 0.85 
0.808 0.808 0.728 0.728 0.728 0.728 0.75670187 0.798 0.798 0.798 0.79804419 0.878 0.878 0.878 0.51813335 0.516 0.59944024 0.6 0.6 0.6 0.282 0.282 0.282 0.282 0.296 0.296 0.296 0.296 0.296 0.67 0.67 0.67 0.67 0.66999952 0.44 0.362 0.362 0.362 0.362 0.36199988 0.248 0.248 0.248 0.38337291 0.664 0.664 0.664 0.85999999 0.86000021 1.072 1.072 1.2459037 1.246 
0.808 0.808 0.75687438 0.728 0.728 0.72800001 1.227237 0.79935512 0.798 0.798 0.87800008 0.878 0.878 0.878 0.878 0.84828667 0.6 0.6 0.6 0.6 0.28200246 0.282 0.282 0.282 0.296 0.296 0.296 0.296 0.296 0.2207145 0.67 0.67 0.67 0.44 0.44 0.43993943 0.362 0.362 0.35637221 0.352 0.248 0.248 0.248 0.38291657 0.664 0.664 0.664 1.112 1.0724984 1.072 1.072 1.246 1.246 
1.322 1.322 1.322 0.87693213 0.72892895 1.228 1.228 1.228 1.228 1.276 1.276 0.87800003 0.878 0.878 0.878 0.8779824 0.6 0.6 0.6 0.6 0.42076488 0.282 0.282 0.28922304 0.54633343 0.296 0.296 0.296 0.062 0.062 0.062 0.062002552 0.44 0.44 0.44 0.44 0.352 0.352 0.352 0.352 0.586 0.586 0.586 1.0219912 1.022 1.022 1.0219999 1.112 1.112 1.0720487 1.072 1.2459986 1.246 
1.322 1.322 1.322 1.3220022 1.362 1.3425142 1.228 1.228 1.228 1.276 1.276 1.276 1.33 1.33 1.33 1.33 0.60108444 0.6 0.6 0.6 0.59519306 0.55799924 0.558 0.558 0.558 0.55799998 0.084000002 0.084 0.062 0.062 0.062 0.062 0.43999991 0.44 0.44 0.43999006 0.352 0.352 0.352 0.35267557 0.586 0.586 0.586 1.0219798 1.022 1.022 1.022 1.112 1.112 1.112 0.966 0.966 1.104 
1.322 1.322 1.322 1.3619999 1.362 1.362 1.2280001 1.228 1.228 1.276 1.276 1.276 1.33 1.33 1.33 1.31949 1.192 1.192 1.1919985 0.60334377 0.558 0.558 0.558 0.558 0.558 0.55764329 0.084 0.084 0.084 0.062 0.062 0.062109422 0.318 0.318 0.318 0.43 0.43 0.506 0.506 0.506 0.828 0.58607591 0.5860027 0.948 0.948 0.95080452 1.022 1.112 1.112 0.966 0.966 0.966 1.104 
1.322 1.322 1.322 1.362 1.362 1.362 1.362 1.228 1.228 1.276 1.276 1.3278408 1.33 1.33 1.33 1.192 1.192 1.192 1.192 1.192 0.558 0.558 0.558 0.558 0.558 0.084001617 0.084 0.084 0.084 0.232 0.232 0.232 0.318 0.318 0.318 0.43 0.43 0.506 0.506 0.828 0.828 0.828 0.948 0.948 0.948 0.948 0.94684994 0.934 0.934 0.934 0.966 0.978 0.978 
1.322 1.322 1.3220557 1.362 1.362 1.362 1.362 1.3277276 1.326 1.3259142 1.276 1.330004 1.33 1.33 1.3299995 1.192 1.192 1.192 1.192 1.192 1.2370054 0.558 0.558 0.558 0.55800783 0.084028807 0.084 0.084 0.084 0.232 0.232 0.232 0.23201525 0.318 0.43 0.43 0.43 0.43000327 0.50602196 0.828 0.828 0.828 0.94799272 0.948 0.948 0.948 0.9339984 0.934 0.934 0.934 0.978 0.978 0.978 
1.072 1.0720004 1.3619687 1.362 1.362 1.362 1.3260077 1.326 1.326 1.326 1.378 1.378 1.378 1.378 1.1928585 1.192 1.192 1.192 1.192 1.266 1.266 1.266 0.59599999 0.596 0.596 0.596 0.55180781 0.084 0.57797977 0.578 0.578 0.578 0.578 0.628 0.628 0.628 0.628 0.628 0.892 0.892 0.892 0.892 0.892 0.77426229 0.774 0.774 0.774 0.934 0.934 0.934 0.97799307 0.978 0.978 
1.072 1.072 1.0749305 1.4219999 1.422 1.4219064 1.326 1.326 1.326 1.326 1.378 1.378 1.378 1.378 1.378 1.192 1.192 1.192 1.266 1.266 1.266 1.266 0.596 0.596 0.596 0.596 0.596 0.59589164 0.57797297 0.578 0.578 0.578 0.57798914 0.65067606 0.62802348 0.628 0.628 0.628 0.892 0.892 0.892 0.892 0.892 0.774 0.774 0.774 0.774 0.84881913 0.934 0.97948678 0.98 0.982 0.982 
1.072 1.072 1.4219557 1.422 1.422 1.422 1.3976164 1.326 1.326 1.326 1.378 1.378 1.378 1.378 1.378 1.1921391 1.192 1.2659783 1.266 1.266 1.266 1.266 0.84420584 0.596 0.596 0.596 0.596 0.59593769 0.508 0.508 0.508 0.508 0.508 0.668 0.668 0.668 0.668 0.668 0.844 0.844 0.844 0.844 0.844 0.7741172 0.77400002 0.774 0.77400814 0.77500869 0.98 0.98 0.98 0.98199999 0.982 
1.0720005 1.319087 1.422 1.422 1.422 1.422 1.422 1.3260409 1.326 1.326 1.378 1.378 1.378 1.378 0.94190627 0.932 0.932 1.2659914 1.266 1.266 1.266 1.266 1.2659999 0.596 0.596 0.596 0.596 0.53799997 0.53799999 0.53161527 0.508 0.508 0.508 0.668 0.668 0.668 0.668 0.66802167 0.844 0.844 0.844 0.844 0.84400582 0.822 0.822 0.822 0.822 0.82201274 0.98 0.98 0.98 0.97999994 0.87953165 
1.324 1.324 1.3237396 1.422 1.422 1.422 1.422 1.422 1.3260398 0.85800001 0.858 0.858 0.85923407 0.93200064 0.932 0.932 0.932 0.932 1.2659955 1.2272276 0.888 0.888 0.888 0.81203438 0.56494589 0.39878121 0.25875941 0.538 0.538 0.538 0.538 0.538 0.53810829 0.69932659 0.7 0.7 0.7 0.7 0.85827681 0.91999986 0.92 0.92 0.92 0.78200012 0.82199999 0.822 0.822 1.004 0.98000038 0.98 0.98 0.878 0.878 
1.324 1.324 1.2 1.2 1.2 1.4219261 1.422 1.422 0.858 0.858 0.858 0.858 0.858 0.932 0.932 0.932 0.932 0.932 0.888 0.888 0.888 0.888 0.888 0.20800004 0.208 0.208 0.208 0.538 0.538 0.538 0.538 0.538 0.64 0.64 0.7 0.7 0.7 0.78798501 0.788 0.92 0.92 0.92 0.91999995 0.782 0.782 0.782 1.004 1.004 1.004 0.968 0.968 0.878 0.878 
1.324 1.324 1.2 1.2 1.2 1.2 1.1999976 0.756 0.85790396 0.858 0.858 0.858 0.858 0.93107692 0.932 0.932 0.932 0.932 0.888 0.888 0.888 0.888 0.888 0.208 0.208 0.208 0.208 0.20800134 0.538 0.538 0.538 0.63999465 0.64 0.64 0.64 0.7 0.788 0.788 0.788 0.79147317 0.66541144 0.618 0.618 0.782 0.782 0.782 1.004 1.004 1.004 0.968 0.968 0.968 0.60266223 
0.984 0.98400267 1.2 1.2 1.2 1.2 0.756 0.756 0.756 0.858 0.858 0.858 0.858 0.858023 0.932 0.932 0.932 0.932 0.88800054 0.888 0.888 0.88799999 0.32778063 0.208 0.208 0.208 0.208 0.23599998 0.236 0.236 0.53476254 0.64 0.64 0.64 0.63999985 0.486 0.788 0.788 0.788 0.788 0.618 0.618 0.618 0.748 0.748 0.748 0.92400779 1.004 1.004 0.968 0.968 0.968 0.57400038 
0.984 0.984 1.2 1.2 1.2 0.756 0.756 0.756 0.756 0.84680958 0.858 0.858 0.858 0.85799864 0.47005317 0.47 0.47 0.47 0.27026263 0.274 0.274 0.274 0.274 0.208 0.208 0.208 0.20800185 0.236 0.236 0.236 0.236 0.63994926 0.55337945 0.486 0.486 0.486 0.78681936 0.47200658 0.472 0.472 0.61787937 0.464 0.464 0.748 0.748 0.74800075 0.924 0.924 0.696 0.696 0.696 0.816 0.712 
0.984 0.984 0.628 0.628 0.628 0.756 0.756 0.756 0.756 0.54 0.54 0.54 0.54 0.53506694 0.47 0.47 0.47 0.47 0.27 0.274 0.274 0.274 0.274 -0.364 -0.36399977 0.20799916 0.236 0.236 0.236 0.236 0.25220081 0.268 0.46006099 0.486 0.486 0.486 0.472 0.472 0.472 0.472 0.464 0.464 0.464 0.79789468 0.798 0.92343364 0.924 0.924 0.69600108 0.696 0.816 0.816 0.712 
0.984 0.628 0.628 0.628 0.628 0.628 0.75409033 0.51 0.51 0.54 0.54 0.54 0.54 0.53998342 0.47 0.47 0.47 0.46096337 0.27 0.27 0.274 0.274 -0.364 -0.364 -0.364 -0.364 0.236 0.236 0.236 0.236 0.268 0.268 0.268 0.4857794 0.486 0.486 0.472 0.472 0.472 0.472 0.464 0.464 0.464 0.798 0.798 0.7980017 0.828 0.828 0.908 0.908 0.816 0.816 0.712 
0.63134328 0.628 0.628 0.628 0.628 0.628 0.51 0.51 0.51 0.52605725 0.54 0.54 0.54 0.54000134 0.47 0.47 0.47 0.27 0.27 0.27 0.2739998 0.2739961 -0.364 -0.364 -0.364 -0.364 0.23595735 0.236 0.236 0.26799264 0.268 0.268 0.268 0.268 0.48526126 0.338 0.338 0.3403191 0.472 0.472 0.46400001 0.464 0.78828888 0.798 0.798 0.82799999 0.828 0.828 0.908 0.908 0.718 0.718 0.528 
0.628 0.628 0.628 0.628 0.628 0.628 0.51 0.51 0.51 0.51 0.62799746 0.628 0.628 0.628 0.46999917 0.2430825 0.116 0.116 0.2697161 0.27 0.27 -0.36399907 -0.364 -0.364 -0.364 -0.364 -0.36356377 0.236 0.23600109 0.268 0.268 0.268 0.268 0.268 0.338 0.338 0.338 0.338 0.338 0.33800073 0.446 0.446 0.44600001 0.468 0.468 0.468 0.7 0.7 0.564 0.564 0.718 0.71799959 0.528 
0.628 0.628 0.628 0.628 0.628 0.628 0.51 0.51 0.51 0.628 0.628 0.628 0.628 0.628 0.49303803 0.116 0.116 0.116 0.116 0.116 0.12335299 -0.364 -0.364 -0.364 -0.364 -0.34654104 0.19112875 0.23000721 0.26784219 0.268 0.268 0.268 0.268 0.26800015 0.338 0.338 0.338 0.338 0.338 0.38824135 0.446 0.446 0.446 0.468 0.468 0.468 0.7 0.7 0.564 0.564 0.16800001 0.50814096 0.528 
0.628 0.628 0.628 0.628 0.628 0.62799996 0.51000003 0.51 0.51489766 0.628 0.628 0.628 0.628 0.628 0.60344133 0.116 0.116 0.116 0.116 0.116 0.116 0.1067576 0.19199922 0.192 0.192 0.192 0.192 0.192 0.016698393 0.014003007 0.014000006 0.014 0.014 0.014000234 0.338 0.338 0.338 0.338 0.338 0.44599999 0.446 0.446 0.446 0.44600001 0.4680481 0.498 0.69999998 0.15951495 0.56363725 0.168 0.168 0.16558875 0.052 
0.628 0.628 0.628 0.628 0.628 0.62799246 0.51000636 0.51000714 0.62799985 0.628 0.628 0.628 0.628 0.628 0.61825773 0.116 0.116 0.116 0.116 0.116 0.116 0.192 0.192 0.192 0.192 0.192 0.192 0.192 0.014049136 0.014 0.014 0.014 0.014 0.014 0.10277597 0.338 0.338 0.338 0.338 0.446 0.446 0.446 0.446 0.44601332 0.498 0.498 0.4958189 0.15 0.15 0.168 0.168 0.052 0.052 
0.628 0.628 0.628 0.628 0.628 0.62784263 0.51014339 0.61468447 0.628 0.628 0.628 0.628 0.628 0.628 0.61903656 0.116 0.116 0.116 0.116 0.116 0.12682102 0.192 0.192 0.192 0.192 0.192 0.192 0.192 0.014000714 0.014 0.014 0.014 0.014 0.014 0.014 0.22305018 0.044380629 -0.053317663 -0.068182617 0.42195978 0.44599999 0.446 0.446 0.49799585 0.498 0.49568395 0.11000019 0.15 0.15 -0.0079812446 -0.008 -0.008 0.051999973 
0.628 0.628 0.628 0.628 0.62799988 0.62701598 0.52102864 0.62796755 0.628 0.628 0.628 0.628 0.628 0.628 0.61604401 0.116 0.116 0.116 0.116 0.116 0.19199967 0.192 0.192 0.192 0.192 0.192 0.192 0.192 0.014000049 0.014 0.014 0.014 0.014 0.014 0.013999982 -0.076 -0.076 -0.076 -0.075999999 0.072 0.072 0.072 0.072 0.11000112 0.11 0.11 0.11 0.10999966 0.078 0.078 -0.008 -0.008 -0.05544083 
0.628 0.628 0.628 0.62799999 0.62799671 0.62485006 0.62010794 0.62799846 0.628 0.628 0.628 0.628 0.628 0.628 0.61061956 0.11600021 0.116 0.116 0.116 0.11645741 0.192 0.192 0.192 0.192 0.192 0.192 0.192 0.192 0.01400004 0.014 0.014 0.014 0.014 0.014 -0.075999917 -0.076 -0.076 -0.076 -0.076 0.072 0.072 0.072 0.072 0.082256037 0.11 0.11 0.11 0.078000358 0.078 0.078 -0.076 -0.076 -0.076 
0.628 0.628 0.62799999 0.62799973 0.62796799 0.62153166 0.62758509 0.62799961 0.628 0.628 0.628 0.628 0.628 0.62799997 0.60327152 0.11601204 0.116 0.116 0.11600009 0.19046012 0.192 0.192 0.192 0.192 0.192 0.192 0.192 0.192 0.014000167 0.014 0.014 0.014 0.014 -0.094342178 -0.076000018 -0.076 -0.076 -0.076 -0.076 0.072 0.072 0.072 0.072 0.072 0.11 0.11 0.11 0.078 0.078 0.078 -0.076 -0.076 -0.076 
0.628 0.62799999 0.62799989 0.62799686 0.62783851 0.62271287 0.62793042 0.62799976 0.628 0.628 0.628 0.628 0.628 0.62799904 0.59453529 0.11618699 0.11600001 0.116 0.11639349 0.19199354 0.192 0.192 0.192 0.192 0.192 0.192 0.192 0.1919999 0.014001115 0.014 0.013999895 -0.120989 -0.134 -0.134 -0.134 -0.076 -0.076 -0.076 -0.076 0.072 0.072 0.072 0.072 0.072 0.10999933 0.11 0.10999998 0.078000002 0.078 0.077999916 -0.076 -0.076 -0.076 
