interpolatedSpi/01-07|22_1.tif
NCOLS 53
NROWS 52
XLLCORNER -116.03883
YLLCORNER 28.596182
DX 0.49850594
DY 0.49788537
NODATA_VALUE -9999
[rows 0 to 26 of 52, columns 0 to 52 of 53]
0.22285714 0.22285714 0.083713068 -0.078571429 0.45142857 0.24857143 0.31 0.29857143 -0.06684431 -0.098571429 0.018571429 0.27142857 0.34714697 0.39714286 0.28142857 0.28142857 0.28142857 0.6 0.29142857 0.29142857 0.29142857 0.29142261 -0.32714285 0.068571429 0.068571429 0.068571429 -0.095715767 -0.095714286 -0.095714286 -0.065714286 -0.065714286 -0.065714286 -0.065714286 0.042857121 0.042857143 0.042857143 0.042857143 0.042857143 0.042857143 0.042857143 0.030137988 0.029942387 -0.19714286 -0.19714286 -0.19714286 -0.19714286 -0.19751853 -0.42714286 -0.42714286 -0.42714286 0.52571231 0.52571429 0.52571429
0.22283442 -0.28857143 -0.0057141406 0.093723292 0.15297758 0.40571429 0.27 0.31978948 0.12142857 0.18857143 0.33142857 0.34714286 0.34714286 0.58650931 0.39714413 0.28142857 0.6 0.6 0.29183091 0.29142857 0.29142857 0.29142857 0.075865426 0.068571429 0.068571429 0.068571429 0.29285713 0.29285714 -0.065714286 -0.065714286 -0.065714286 -0.065714286 -0.065714286 0.042857127 0.042857143 0.042857143 0.042857143 0.042857143 0.04285719 0.2310469 1.2084898 -0.026570936 -0.19714286 -0.19714286 -0.19714286 -0.19714286 -0.19714286 -0.42714286 -0.42714286 -0.42714286 -0.34813103 0.52571429 0.52571429
0.25570431 0.25571429 0.12 0.49 0.057142857 -0.10857143 0.20571429 0.34428571 0.0028571429 0.44285714 0.41285714 0.18571429 0.31285714 0.69285714 0.58714286 0.085714286 0.6 0.6 0.6 0.34998297 0.35 0.35 0.20714286 0.068571429 0.068571429 0.068571429 0.29285714 0.29285714 0.29285714 -0.065714286 -0.065714286 -0.065714261 0.17773661 0.044493473 0.048893958 0.68548541 0.69142857 0.69142857 0.75647151 1.2085714 1.2085714 1.2067739 -0.19714286 -0.19714286 -0.19714286 -0.19714286 -0.19714286 -0.42714286 -0.42714286 -0.42714286 -0.42714286 0.52571429 0.52571429
-0.18714286 0.25571422 -0.07999431 0.99 -0.16285714 0.24571429 0.24142857 -0.045714286 0.38142857 0.46981741 0.37857143 0.28714286 0.30285714 0.69285714 -0.0014285714 0.085714286 -0.26727845 -0.26939043 -0.33857143 0.35 0.35 -0.14285714 0.20714286 0.20714286 0.068571429 0.068572549 0.29285714 0.29285714 0.29285714 0.098571429 0.28590568 0.44 0.44 0.4400002 0.69142857 0.69142857 0.69142857 0.69142857 1.2085714 1.2085714 1.2085714 1.2085714 -0.19714286 -0.19714286 -0.19714286 -0.19714286 -0.19714286 -0.42713996 -0.42714286 -0.42714286 -0.42714286 0.52571102 0.52571429
-0.18714286 0.34714207 -0.08 0.051767467 -0.16285714 -0.018571429 0.1557191 0.41857143 0.21428571 0.70142836 0.51102642 0.42282256 0.18142857 -0.0014285714 -0.0014285714 0.051289815 -0.27 -0.27 -0.33857143 -0.33857143 0.349999 -0.14285714 0.078571429 0.20142857 0.047142857 0.047250499 0.29285714 0.29285714 0.098571429 0.098571429 0.44 0.44 0.44 0.4642452 0.69142857 0.69142857 0.69142857 1.2085714 1.2085714 1.2085714 1.2085714 1.2085512 -0.19714284 -0.19714286 -0.19714286 -0.19714286 -0.19714286 -0.19919014 -0.42714286 -0.42710462 0.42571429 0.42571429 0.42571429
-1.54 -0.13571429 0.13285714 0.12714286 -0.36 -0.10285714 -0.09 -0.024888292 0.27857143 -0.11428571 -0.46142857 0.017142857 0.017142965 0.10428571 0.10428571 -0.1042426 -0.10428571 0.045714286 0.045714284 -0.33857095 -0.27285714 -0.27285714 0.20142857 0.047142857 0.047142857 0.50714286 0.26285714 0.26285714 0.6885173 0.098571429 0.44 0.44 0.56857143 0.56860472 0.88712008 1.0314286 1.0314286 1.1537682 1.2085714 1.2085714 0.99883334 0.99857143 0.99857255 0.3263079 0.33565539 0.33571414 0.33571427 0.33571409 0.44377389 0.42571429 0.42571429 0.42571429 0.42571429
-0.65429214 -0.53142857 -0.58222573 -0.57714286 -0.37571429 -0.56714286 -0.25142857 -0.28 -0.19 -0.19 -0.46142857 0.044285714 -0.33571421 0.10428571 0.074285804 0.074285714 -0.10428571 0.13571429 0.20714286 0.20714286 -0.27555009 -0.27857143 -0.27857143 0.40999999 0.50714286 0.50714286 0.26285714 0.26285714 0.6885472 0.6881254 0.87955187 0.56857143 0.56857143 0.88714286 0.88714286 1.0944512 1.0314286 1.0314286 1.4114154 0.998572 0.99857143 0.99857143 0.99857729 0.33571698 0.33571429 0.33571429 0.33571429 0.33571437 0.47714286 0.42572448 0.42571429 0.42571429 0.42571429
-0.65428571 -0.25571429 3.9649732e-18 -0.91428571 -0.84571822 -0.58714286 -0.49285714 -0.39571428 -0.28 -0.10428571 -0.10428571 -0.054285714 -0.33571429 -0.33571429 0.071472734 -0.20284462 -0.23 0.22714286 -0.21571385 0.20714286 0.29024821 0.36714286 -0.39 0.37714285 0.37713884 0.065714286 0.40857143 0.40857138 0.27431386 0.27285716 0.88142857 0.30970386 0.56428571 0.88714286 0.88942455 1.1471429 1.1471429 1.4114286 1.4114286 0.99857143 0.99857143 0.99857144 0.82076571 0.8185714 0.33571429 0.33571429 0.33571429 0.47713747 0.47714286 0.47714286 0.42571429 0.42571429 0.42571429
-0.33395616 -0.25571428 0.08 -0.26 -0.49857143 -0.75857143 -0.29714286 -0.19142857 -0.097142857 -0.0060071301 -0.087142857 -0.092857144 -0.092857143 0.26857143 0.26856626 -0.41519668 -0.41571429 -0.41571429 0.15954003 -0.38285718 -0.53857143 -0.53857142 0.63714286 0.014780116 0.097098063 0.065714286 0.56285714 0.40857143 0.93407133 0.93714286 0.23857143 1.0757143 0.84187382 0.66571429 0.96714286 0.92571429 1.16 0.44714286 1.3724297 1.0007268 1.4814286 1.1471429 0.81859934 0.81857143 0.81585365 0.33571429 0.50142856 0.47714286 0.47714286 0.47714286 0.47714286 0.45897556 0.21
-0.77142857 -0.77142857 0.11714286 -0.19857143 -0.57428571 -0.75857143 -0.57714286 -0.72142857 -0.27571429 0.017052526 -0.16285714 0.64428571 0.26857143 0.26857143 -0.28142857 -0.28327036 -0.41571429 -0.41567416 -0.23857143 -0.38285714 -0.38285714 -0.40291837 0.63714286 0.60714343 0.60714286 0.60714286 0.56285714 0.58857143 0.58857143 0.93714286 0.93714286 1.0748337 0.61142857 0.66571429 0.79857143 0.92571429 1.16 0.95285714 1.3728571 0.76993253 1.1471429 1.0894181 0.99 0.81857143 0.81857143 0.50142857 0.50142857 0.50142857 0.47714286 0.47714286 0.69285714 0.69285714 0.69285696
-0.77142857 -0.77142857 -0.21285714 -0.46714286 -0.63142857 -0.37285714 -0.73285714 -0.010405071 -0.19142857 -0.26428571 -0.33285714 -0.46714286 0.64280552 -0.28142857 -0.28142857 -0.28142462 -0.24714286 -0.24669299 -0.23857143 -0.21142857 -0.21142857 -0.38857143 -0.38857143 0.60714286 0.60714286 0.60714286 0.58857143 0.58857143 0.58857143 0.25857143 0.25857143 0.25857201 0.65857143 0.65857143 0.38714286 0.31 0.91142857 0.7571434 0.92714286 0.76 0.76 0.55857285 0.99 0.81857143 0.61857144 0.58 0.74181737 0.74285714 0.84285714 0.84285714 0.69285714 0.69285714 0.69285714
-0.77142857 -0.53028698 -0.32136993 -0.49570687 0.011428571 -0.60571429 -0.73285714 -0.01 -0.19142706 -0.26347855 -0.46714259 -0.46714286 -0.3 -0.28142857 -0.28142857 -0.24714286 -0.24714286 -0.24714237 -0.23857143 -0.21142857 -0.24621582 -0.38857143 -0.38857143 0.60710288 0.60714286 0.44137428 0.10285714 0.10285714 0.1028572 0.25857143 0.25857143 0.072857143 0.072857143 0.65857068 0.38714286 0.59000004 0.89699648 0.75714286 0.75714286 0.75999999 0.55857143 0.55857143 0.55857193 0.61857143 0.61857143 0.58 0.74285714 0.74285714 0.84285714 0.84285714 0.69285714 0.69285714 0.69285714
0.23714286 0.074902459 0.1028362 0.098526546 0.011425306 -0.60569971 -0.73285714 -0.018897957 -0.17892629 -0.19333107 -0.3 -0.3 -0.3 -0.3 -0.2814312 -0.24714286 -0.24714286 -0.24703219 -0.23857143 -0.21144528 -0.26857143 -0.26857143 -0.26857143 -0.26857143 0.5919053 0.10285714 0.10285714 0.10285714 0.10285714 0.1029298 0.072857143 0.072857143 0.072857143 0.072857143 0.59 0.59 0.59 0.74915876 0.7537953 0.31142857 0.31142857 0.55855814 0.42857793 0.61855313 0.61857143 0.58 0.74285714 0.74285714 0.84285714 0.84285714 0.69340133 0.69285714 0.88115427
0.23714286 0.10285714 0.10285714 0.10285714 0.10285714 0.10285685 -0.73253158 -0.39085157 -0.14557138 -0.29988486 -0.3 -0.3 -0.3 -0.3 -0.29999991 -0.24714286 -0.24714286 -0.24655492 -0.23857164 -0.26857143 -0.26857143 -0.26857143 -0.26857143 -0.26857143 -0.26115851 0.061549436 0.037142871 0.037142857 0.037142857 0.037142857 0.072857141 0.072857143 0.072857105 0.041428571 0.041428571 0.59 0.31361978 0.30571429 0.31142857 0.31142857 0.31142857 0.31142857 0.42857143 0.42857143 0.42857143 0.42962523 0.71017996 0.71 0.71 0.71 0.71 0.79999998 0.8
0.25 0.10285714 0.10285714 0.10285714 0.10285714 0.10285714 0.10285709 -0.47024479 -0.17832095 -0.17857143 -0.17857143 -0.17857143 -0.17857143 -0.17857143 -0.17857143 0.059356911 -0.24219988 -0.24596908 -0.26856766 -0.26857143 -0.26857143 -0.26857143 -0.26857143 -0.26857103 0.074285714 0.074285714 0.074285662 0.037142857 0.037142857 0.037011268 -0.028571429 -0.028571429 0.041428571 0.041428571 0.041428571 0.26337861 0.30571429 0.30571429 0.30571429 0.31142857 0.31142857 0.31142857 0.42857143 0.42857143 0.42857143 0.42857143 0.70999999 0.71 0.71 0.71 0.71 0.8 0.8
0.25 0.19522039 0.10285714 0.10285714 0.10285714 0.10285714 -0.23850442 -0.23857143 -0.23857143 -0.17857143 -0.17857143 -0.17857143 -0.17857143 -0.17857143 -0.12499544 0.064285714 0.064285714 0.064285714 0.074665961 0.075713934 0.075714286 0.075714286 0.075714286 0.075714286 0.074285714 0.074285714 0.074285714 0.074285714 0.037142857 -0.028571429 -0.028571429 -0.028571429 0.041428565 0.041428571 0.041428572 0.35857143 0.30578427 0.30571429 0.30571429 0.31137786 0.21013792 -0.026130941 0.42857143 0.42857143 -0.051371426 -0.052857143 -0.052857143 0.70851178 -0.19112565 -0.19428564 -0.19428554 0.1058193 0.79999859
0.25 -0.15593946 -0.033775287 0.10285714 0.10285714 -0.2383697 -0.23857143 -0.23857143 -0.23857143 -0.23813905 -0.17857143 -0.17857143 -0.17857143 -0.1785714 0.064285714 0.064285714 0.064285714 0.064285714 0.075704077 0.075714286 0.075714286 0.075714286 0.075714286 0.075714286 0.074285714 0.074285714 0.074285714 0.074285714 0.073911584 -0.028571429 -0.028571429 -0.028571429 -0.058571428 0.041458417 0.35857143 0.35857143 0.35857143 0.35616483 -0.0060657748 -0.027142857 -0.027142857 -0.027142857 -0.095714286 -0.095714286 -0.052857143 -0.052857143 -0.052857143 -0.19428571 -0.19428571 -0.19428571 -0.19428571 0.10571429 0.10571429
-0.1668165 -0.16714286 -0.16714286 -0.16714286 -0.36142857 -0.2385746 -0.23857143 -0.23857143 -0.23857143 -0.23857143 -0.17078432 -0.17857009 -0.17857143 0.064285714 0.064285714 0.064285714 0.064285714 0.064285714 0.049038805 0.075714286 0.075714286 0.075714286 0.075714286 0.075714286 -0.12312878 -0.44285434 -0.44285714 -0.44285714 -0.44285714 -0.02857143 -0.058571428 -0.058571429 -0.058571429 -0.058571429 0.35857143 0.35856567 0.14 0.14 -0.02505583 -0.027142857 -0.027142857 -0.027142857 -0.095714286 -0.095714286 -0.059492904 -0.052857143 -0.052857143 -0.19428571 -0.19428571 -0.19428571 -0.19106893 0.10571429 0.10571429
-0.16714286 -0.16714286 -0.16714286 -0.2586349 -0.36142857 -0.36142857 -0.23857143 -0.23857143 -0.23857143 -0.23857143 -0.075714286 -0.075714286 -0.075714286 0.064285714 0.064285714 0.064285714 0.064285714 0.064256676 -0.19142857 -0.19142857 0.075714177 0.075714286 0.068027972 -0.24 -0.24182623 -0.44285714 -0.44285714 -0.44285714 -0.44285714 -0.058610558 -0.058571429 -0.058571429 -0.058571429 -0.058571429 0.14000077 0.14 0.14 0.14 0.13939785 -0.027142857 -0.027142857 -0.027142857 -0.095714286 -0.095714286 -0.095714286 -0.052857143 -0.052857143 -0.19428571 -0.19428571 -0.19428571 0.10571429 0.10571429 0.10571429
-0.16714286 -0.16714286 -0.16714286 -0.36142857 -0.36142857 -0.36142857 -0.36142838 -0.23857143 -0.23857143 -0.075882401 -0.075714286 -0.075714286 -0.075714286 -0.075627062 -0.077941367 -0.11142857 -0.11142857 -0.11142857 -0.19142857 -0.19142857 -0.19142857 -0.24 -0.24 -0.24 -0.24003081 -0.39415131 -0.44285714 -0.44285714 -0.44285714 -0.28584042 -0.32711644 -0.32714286 -0.32714286 -0.32714286 0.036170599 -0.10857086 -0.10857143 -0.10857143 -0.10857143 -0.33424369 -0.33428571 -0.33428571 -0.095714286 -0.095714286 -0.12999986 -0.12999994 0.05 0.05 -0.13142857 -0.13142857 -0.13142857 0.10571429 -0.13549842
-0.1671437 -0.16714286 -0.16714286 -0.36142857 -0.36142857 -0.36142857 -0.36142858 -0.7671427 -0.24068486 -0.076490228 -0.075714286 -0.075714286 -0.075714286 -0.075784368 -0.11142857 -0.11142857 -0.11142857 -0.11142859 -0.19142857 -0.19142857 -0.19142857 -0.24 -0.24 -0.24 -0.35 -0.35 -0.43714286 -0.43714286 -0.43714286 -0.43654277 -0.32714286 -0.32714286 -0.32714286 -0.32714286 -0.21791723 -0.10857143 -0.10857143 -0.10857143 -0.10857143 -0.33428571 -0.33428571 -0.33428571 -0.3278581 -0.13 -0.13 -0.13 0.05 0.05 -0.13142857 -0.13142857 -0.13142857 -0.13571429 -0.13571429
-0.44 -0.32042108 -0.49428571 -0.49424717 -0.36142857 -0.76479541 -0.76714286 -0.76714286 -0.85459373 -0.93142857 -0.93142857 -0.93142857 -0.93142857 -0.14859691 -0.14857143 -0.1114286 -0.11142857 -0.11353645 -0.19142857 -0.19142857 -0.19142857 -0.43 -0.43 -0.43 -0.35 -0.35 -0.43714286 -0.43714286 -0.43714286 -0.43714294 -0.5457129 -0.54571367 -0.33263632 -0.32737718 -0.57828209 -0.57857143 -0.57857143 -0.57857143 -0.57857143 -0.33428571 -0.33428571 -0.33428571 -0.14124868 -0.13 -0.13 -0.13000002 0.05 0.05 0.049993469 -0.13142857 -0.13142857 -0.13142857 -0.13571429
-0.59425641 -0.5942857 -0.49428571 -0.49428571 -0.49428571 -0.76714286 -0.76714286 -0.76714286 -1.0071429 -1.0071429 -0.93142857 -0.93142857 -0.93142857 -0.14857143 -0.14857143 -0.14857143 -0.14857143 -0.14857604 -0.19142857 -0.19142857 -0.19142858 -0.43 -0.43 -0.43 -0.35 -0.35 -0.43714286 -0.43714286 -0.43714286 -0.54449013 -0.54571429 -0.54571429 -0.54571429 -0.54571429 -0.57855522 -0.57857143 -0.57857143 -0.57857143 -0.57857143 -0.44285711 -0.44285714 -0.44285714 -0.44285714 -0.13000099 -0.25857143 -0.25857143 -0.25857143 -0.011428571 -0.011428571 -0.011428571 -0.13142857 -0.13142857 -0.13142857
-0.59428571 -0.59428571 -0.49428571 -0.49428571 -0.49428571 -0.76570867 -0.76714286 -1.0071429 -1.0071429 -1.0071429 -0.93143789 -0.93142857 -0.63142707 -0.14857152 -0.14857143 -0.14857143 -0.14857143 -0.31142857 -0.31142857 -0.31142857 -0.34714286 -0.34714292 -0.4299996 -0.43 -0.42996653 -0.41142857 -0.41142857 -0.41142863 -0.4371387 -0.71139555 -0.71142769 -0.71139964 -0.54599751 -0.5458573 -0.57282712 -0.57857159 -0.57998852 -1.0014286 -1.0014286 -0.44285714 -0.44285714 -0.44285714 -0.44285714 -0.25857143 -0.25857143 -0.25857143 -0.25857143 -0.011428571 -0.011428571 -0.011428571 -0.13142857 -0.13142857 -0.13142857
-0.59428571 -0.59428571 -0.49428571 -0.49428571 -0.49428571 -0.49428572 -0.85696785 -1.0071429 -1.0071429 -1.0071429 -1.0068982 -0.56428571 -0.56428571 -0.56428571 -0.15102133 -0.14857143 -0.31034333 -0.31142857 -0.31142857 -0.31142857 -0.34714286 -0.34714286 -0.34714286 -0.34714286 -0.41142857 -0.41142857 -0.41142857 -0.41142857 -0.41142857 -0.71142857 -0.71142857 -0.71142857 -0.71142857 -0.71142837 -0.61428571 -1.0014286 -1.0014286 -1.0014286 -1.0014286 -1.0014264 -0.41 -0.41 -0.41 -0.32306869 -0.14285714 -0.14285714 -0.14285714 -0.011428575 -0.011428797 -0.24428571 -0.24428571 -0.015742436 -0.015714286
-0.59428571 -0.59428571 -0.53037869 -0.49428571 -0.49428571 -0.49428572 -0.85455696 -1.0066611 -1.0071429 -1.0071429 -0.56428571 -0.56428571 -0.56428571 -0.56428571 -0.56428571 -0.53017334 -0.31142857 -0.31142857 -0.31142857 -0.31142857 -0.34714258 -0.34714286 -0.34714286 -0.34714286 -0.41142857 -0.41142857 -0.41142857 -0.41142857 -0.41142857 -0.6734251 -0.71142857 -0.71142857 -0.71142857 -0.61428571 -0.61428571 -0.61458634 -1.0014286 -1.0014286 -0.7256671 -0.51142861 -0.41 -0.41 -0.41 -0.32465407 -0.14285714 -0.14285714 -0.14285714 -0.39428571 -0.2461547 -0.24428571 -0.24428571 -0.015714286 -0.015714286
-0.94428571 -0.94428571 -0.94428571 -0.60711308 -0.49489348 -0.85428571 -0.85428571 -0.85428571 -0.85428571 -0.56285715 -0.56285714 -0.56428571 -0.56428571 -0.56428571 -0.56428571 -0.56426969 -0.31142857 -0.31142857 -0.31142857 -0.31142857 -0.3315583 -0.34714286 -0.34714286 -0.33940389 -0.067458967 -0.41142857 -0.41142857 -0.41142857 -0.66 -0.66 -0.66 -0.66000022 -0.61428571 -0.61428571 -0.61428571 -0.61428571 -0.51142857 -0.51142857 -0.51142857 -0.51142857 -0.28571429 -0.28571429 -0.28571429 -0.27857157 -0.27857143 -0.27857143 -0.27857139 -0.39428571 -0.39428571 -0.24446848 -0.24428571 -0.015713875 -0.015714286
