interpolatedSpi/01-02|23_1.tif
NCOLS 53
NROWS 52
XLLCORNER -116.03883
YLLCORNER 28.596182
DX 0.49850594
DY 0.49788537
NODATA_VALUE -9999
-0.69 -0.69 -1.1403803 -1.3 -0.575 -0.865 -0.77 -0.6 -0.62281033 -0.235 -0.045 -0.285 -0.48995389 0.07 0.01 0.01 0.0099999999 -0.855 -0.965 -0.965 -0.965 -0.96499518 -0.465 -0.84 -0.84 -0.84 0.20499499 0.205 0.205 -0.84 -0.84 -0.84 -0.84 -1.8449998 -1.845 -1.845 -1.845 -1.845 -1.845 -1.8449999 0.72234596 0.74933768 -1.85 -1.85 -1.85 -1.85 -1.848285 -0.8 -0.8 -0.8 0.55499719 0.555 0.555 
-0.69002244 -1.195 -1.1199997 -1.071885 -1.0396418 -0.84 -1.39 -1.5244402 -1.065 -0.74 -0.905 -0.49 -0.49 -1.0512487 0.069985881 0.01 -0.855 -0.855 -0.96485657 -0.965 -0.965 -0.965 -0.83315718 -0.84 -0.84 -0.84 -1.7049999 -1.705 -0.84 -0.84 -0.84 -0.84 -0.84 -1.8449999 -1.845 -1.845 -1.845 -1.845 -1.8449999 -1.7240536 -1.1799943 -1.7687005 -1.85 -1.85 -1.85 -1.85 -1.85 -0.8 -0.8 -0.8 -0.6876421 0.555 0.555 
-0.27002497 -0.27 -0.87 -0.545 -1.015 -1.11 -1.56 -1.52 -1.45 -1.305 -1.145 -1.32 -1.35 0.075 -1.055 -1.8 -0.855 -0.855 -0.855 -0.94000727 -0.94 -0.94 -0.71 -0.84 -0.84 -0.84 -1.705 -1.705 -1.705 -0.84 -0.84 -0.84000006 -1.3936101 -1.8426998 -1.8337375 -0.6460878 -0.635 -0.635 -0.70354664 -1.18 -1.18 -1.1808568 -1.85 -1.85 -1.85 -1.85 -1.85 -0.8 -0.8 -0.8 -0.8 0.555 0.555 
0.69 -0.26999995 -0.045099571 -0.085 -0.87 -1.095 -1.34 -1.97 -1.54 -1.3006948 -1.37 -1.295 -1.075 0.075 -1.205 -1.8 -1.313749 -1.3096812 -1.19 -0.94 -0.94 -1.19 -0.71 -0.71 -0.84 -0.84000432 -1.705 -1.705 -1.705 -1.205 -1.635712 -1.99 -1.99 -1.9899989 -0.635 -0.635 -0.635 -0.635 -1.18 -1.18 -1.18 -1.18 -1.85 -1.85 -1.85 -1.85 -1.85 -0.80001325 -0.8 -0.8 -0.8 0.55495231 0.555 
0.69 0.63499875 -0.045 -0.68764037 -0.87 -1.06 -1.4099733 -1.52 -1.705 -1.4200001 -1.3779971 -1.3599685 -1.14 -1.205 -1.205 -1.5954149 -1.31 -1.31 -1.19 -1.19 -0.94000051 -1.19 -1.16 -0.89 -1.375 -1.3748329 -1.705 -1.705 -1.205 -1.205 -1.99 -1.99 -1.99 -1.827827 -0.635 -0.635 -0.635 -1.18 -1.18 -1.18 -1.18 -1.1799981 -1.85 -1.85 -1.85 -1.85 -1.85 -1.8406537 -0.8 -0.80000471 -0.905 -0.905 -0.905 
-1.475 0.085 0.41500004 -0.505 -0.435 -0.545 -1.225 -1.2627684 -0.965 -1.195 -0.86 -1.14 -1.14 -0.99 -0.99 -1.2599879 -1.26 -1.06 -1.06 -1.1899999 -1.28 -1.28 -0.89 -1.375 -1.375 -0.66 -1.01 -1.01 -0.5200631 -1.205 -1.99 -1.99 -1.13 -1.1299749 -0.8900173 -1.295 -1.295 -1.2155779 -1.18 -1.18 -1.1600249 -1.16 -1.1599985 -1.1869156 -1.1750746 -1.1750002 -1.175 -1.1750003 -1.221346 -0.905 -0.905 -0.905 -0.905 
-0.56501677 0.245 -0.16006041 0.545 0.645 -0.405 -0.535 -0.97 -1.265 -1.265 -0.86 -1.36 -1.7299998 -0.99 -1.2099993 -1.21 -1.26 -1.32 -1.05 -1.05 -1.3648277 -1.46 -1.46 -0.85500001 -0.66 -0.66 -1.01 -1.01 -0.52003905 -0.52071886 -0.68157117 -1.13 -1.13 -0.89 -0.89 -1.2160272 -1.295 -1.295 -1.4949931 -1.1600005 -1.16 -1.16 -1.1599922 -1.1750013 -1.175 -1.175 -1.175 -1.1750001 -1.29 -0.9050763 -0.905 -0.905 -0.905 
-0.565 -1.4 -0.07 -0.21 -0.17500201 -0.04 -0.43 -0.905 -0.685 -1.11 -1.11 -0.97 -1.73 -1.73 -1.2135677 -1.3648287 -1.38 -1.265 -0.44000063 -1.05 -0.26291298 -0.105 -1.57 -0.76 -0.76001032 -1.56 -0.98 -0.98000001 -1.1876522 -1.19 -0.68 -0.51247215 -0.915 -0.89 -0.8922817 -1.15 -1.15 -1.495 -1.495 -1.16 -1.16 -1.16 -1.4058639 -1.41 -1.175 -1.175 -1.175 -1.2899956 -1.29 -1.29 -0.905 -0.905 -0.905 
-1.3590368 -1.4 -0.32 -0.36 -0.12 -0.86 -0.62 -0.385 -0.61 -0.31893527 -0.685 -1.22 -1.22 -0.84 -0.8399984 -2.0680769 -2.07 -2.07 -1.1390625 -1.5850001 -1.965 -1.965 -1.93 -1.7118701 -1.4793811 -1.56 -1.145 -0.98 -0.81098787 -0.81 -0.4 -0.745 -0.87343195 -0.985 -0.97 -0.935 -0.905 -1.08 -0.95505772 -1.1571655 -0.525 -0.775 -1.4099845 -1.41 -1.4086773 -1.175 -2.4099999 -1.29 -1.29 -1.29 -1.29 -0.75247839 -0.485 
-1.13 -1.13 -0.895 -1.32 -1 -0.72 -0.48 -0.245 -0.62 -0.24507533 -0.21 0.04 -0.84 -0.84 -0.67 -0.68920163 -2.07 -2.0697252 -0.815 -1.585 -1.585 -1.6339567 -1.93 -1.5350075 -1.535 -1.535 -1.145 -1.35 -1.35 -0.81 -0.81 -0.74548364 -1 -0.985 -1.11 -0.935 -0.905 -1.14 -0.955 -1.3288414 -0.77499999 -0.97336327 -1.315 -1.41 -1.41 -2.41 -2.41 -2.41 -1.29 -1.29 0.32 0.32 0.3199997 
-1.13 -1.13 -1.85 -1.225 -0.665 -0.71 -1.2 -0.5799221 -0.76 -0.87 -0.875 -0.09 0.039825628 -0.67 -0.67 -0.6700721 -1.295 -1.2698073 -0.815 -1.28 -1.28 -0.97 -0.97 -1.535 -1.535 -1.535 -1.35 -1.35 -1.35 -1.075 -1.075 -1.0749999 -1.005 -1.005 -1.575 -1.56 -0.6 -1.1750022 -1.145 -1.335 -1.335 -1.2950001 -1.315 -1.41 -0.85000049 -1.365 -0.87165396 -0.865 -0.235 -0.235 0.32 0.32 0.32 
-1.13 -1.4407401 -1.5832902 -1.2499794 -0.25 -0.94 -1.2 -0.58 -0.7599985 -0.86878133 -0.090001015 -0.09 -0.37 -0.67 -0.67 -1.295 -1.295 -1.2949727 -0.815 -1.28 -1.2191223 -0.97 -0.97 -1.5349771 -1.535 -1.4561073 -1.295 -1.295 -1.295 -1.075 -1.075 -1 -1 -1.0050016 -1.575 -0.94500022 -0.73309397 -1.175 -1.175 -1.335 -1.295 -1.295 -1.2949968 -0.85 -0.85 -1.365 -0.865 -0.865 -0.235 -0.235 0.32 0.32 0.32 
-1.15 -1.0590811 -1.0000091 -1.0017947 -0.25000353 -0.93998371 -1.2 -0.58763185 -0.74759616 -0.76287239 -0.37 -0.37 -0.37 -0.37 -0.6699575 -1.295 -1.295 -1.2888024 -0.815 -1.279864 -0.82 -0.82 -0.82 -0.82 -1.5227042 -1.295 -1.295 -1.295 -1.295 -1.2946781 -1 -1 -1 -1 -0.945 -0.945 -0.945 -1.1642076 -1.1737232 -1.005 -1.005 -1.2949844 -0.34001746 -0.84995088 -0.85 -1.365 -0.865 -0.865 -0.23499999 -0.235 0.31798652 0.32 -0.48802939 
-1.15 -1 -1 -1 -1 -0.99999997 -1.1993343 -0.90666241 -0.71450389 -0.37042266 -0.37 -0.37 -0.37 -0.37 -0.36999965 -1.295 -1.2949999 -1.2620753 -0.8150067 -0.82 -0.82 -0.82 -0.82 -0.82 -0.8126521 -0.80623676 -0.59500014 -0.595 -0.595 -0.595 -0.99999999 -1 -0.99999946 -0.555 -0.555 -0.945 -0.61445481 -0.605 -1.0049998 -1.005 -1.005 -1.005 -0.34 -0.34 -0.34 -0.34713307 0.77912814 0.79 0.79 0.79 0.78999998 0.095000046 0.095 
-1.33 -1 -1 -1 -1 -1 -1 -0.79598901 0.12052139 0.125 0.125 0.125 0.125 0.125 0.125 0.29138439 -1.2697248 -1.2292716 -0.81999953 -0.82 -0.82 -0.82 -0.82 -0.81999874 -0.48 -0.48 -0.48000016 -0.595 -0.595 -0.59451941 -0.355 -0.355 -0.555 -0.555 -0.555 -0.59699034 -0.605 -0.605 -0.605 -1.005 -1.005 -1.005 -0.34 -0.34 -0.34 -0.34 0.79000001 0.79 0.79 0.79 0.79 0.095 0.095 
-1.33 -1.2071447 -1 -1 -1 -1 -0.15016683 -0.15 -0.14999999 0.125 0.125 0.125 0.125 0.125 0.16250319 0.295 0.295 0.295 0.25671159 0.2599989 0.26 0.26 0.26 0.26 -0.48 -0.48 -0.48 -0.48 -0.595 -0.355 -0.355 -0.355 -0.55499998 -0.555 -0.555 -0.155 -0.60440419 -0.605 -0.605 -1.0048081 -0.6220615 0.27117436 -0.34 -0.34 1.409584 1.415 1.415 0.79107833 1.4427111 1.4449999 1.4449999 1.244826 0.095002338 
-1.33 -1.0185944 -1.0050605 -1 -1 -0.15050222 -0.15 -0.15 -0.15 -0.14801827 0.125 0.125 0.125 0.12500002 0.295 0.295 0.295 0.295 0.26003126 0.26 0.26 0.26 0.26 0.26 -0.47999998 -0.48 -0.48 -0.48 -0.47954533 -0.355 -0.355 -0.355 -0.19 -0.5549505 -0.155 -0.155 -0.155 -0.15261513 0.21928427 0.275 0.275 0.275 1.38 1.38 1.415 1.415 1.415 1.445 1.445 1.445 1.445 1.245 1.245 
-1.0102873 -1.01 -1.01 -1.01 -0.385 -0.15000606 -0.15 -0.15 -0.15 -0.15 0.09850203 0.12499544 0.12499999 0.295 0.295 0.295 0.295 0.295 0.35570027 0.26 0.26 0.26 0.26 0.26 -0.002086709 0.13999664 0.14 0.14 0.14 -0.35499999 -0.19 -0.19 -0.19 -0.19 -0.155 -0.15499421 0.065 0.065 0.27237784 0.275 0.275 0.275 1.38 1.38 1.4095808 1.415 1.415 1.445 1.445 1.445 1.4428555 1.245 1.245 
-1.01 -1.01 -1.01 -0.71567818 -0.385 -0.385 -0.15 -0.15 -0.15 -0.15 -0.225 -0.225 -0.225 0.295 0.295 0.295 0.295 0.2950347 1.3 1.3 0.26000042 0.26 0.28483271 1.28 1.2697371 0.14 0.14 0.14 0.14 -0.1899664 -0.19 -0.19 -0.19 -0.19 0.064999227 0.065 0.065 0.065 0.065777975 0.275 0.275 0.275 1.38 1.38 1.38 1.415 1.415 1.445 1.445 1.445 1.245 1.245 1.245 
-1.01 -1.01 -1.01 -0.385 -0.385 -0.385 -0.38499964 -0.15 -0.15 -0.22492258 -0.225 -0.225 -0.225 -0.22467601 0.46497871 0.505 0.505 0.505 1.3 1.3 1.3 1.28 1.28 1.28 1.2798879 0.52814799 0.14 0.14 0.14 0.41134076 0.5399282 0.54 0.54 0.54 0.35005767 0.74999844 0.75 0.75 0.75 1.4748358 1.475 1.475 1.38 1.38 1.9849975 1.9849999 1.8 1.8 1.7 1.7 1.7 1.245 1.3249285 
-1.0099997 -1.01 -1.01 -0.385 -0.385 -0.385 -0.38499999 0.13999992 -0.14884047 -0.22495466 -0.225 -0.225 -0.225 -0.22356754 0.505 0.505 0.505 0.50500023 1.3 1.3 1.3 1.28 1.28 1.28 0.88 0.88 1.115 1.115 1.115 1.1118632 0.54 0.54 0.54 0.54 0.64494249 0.75 0.75 0.75 0.75 1.475 1.475 1.475 1.4910466 1.985 1.985 1.985 1.8 1.8 1.7 1.7 1.7 1.325 1.325 
-0.925 -0.94700642 -0.455 -0.45497969 -0.385 0.13696237 0.14 0.14 0.28392956 -0.17499998 -0.175 -0.175 -0.175 1.1799559 1.18 0.50500052 0.505 0.52594708 1.3 1.3 1.3 1.345 1.345 1.345 0.88 0.88 1.115 1.115 1.115 1.1150004 1.6249931 1.624997 0.56726985 0.5411632 1.6786973 1.68 1.68 1.68 1.68 1.475 1.475 1.475 1.956918 1.985 1.985 1.985 1.8 1.8 1.7999964 1.7 1.6999917 1.515 1.325 
-0.47008641 -0.47 -0.455 -0.455 -0.455 0.14 0.14 0.14 0.535 0.535 -0.175 -0.175 -0.175 1.18 1.18 1.18 1.18 1.1800107 1.3 1.3 1.3 1.345 1.345 1.345 0.88 0.88 1.115 1.115 1.115 1.6192497 1.625 1.625 1.625 1.625 1.6799729 1.68 1.68 1.68 1.68 1.8049999 1.805 1.805 1.805 1.9849989 1.84 1.84 1.84 1.505 1.505 1.505 1.515 1.515 1.515 
-0.47 -0.47 -0.455 -0.455 -0.455 0.13687257 0.14 0.535 0.535 0.535 -0.1749126 -0.175 0.75652218 1.18 1.18 1.18 1.18 1.45 1.45 1.45 1.49 1.4899999 1.3450007 1.345 1.3448131 1.25 1.25 1.2499997 1.1150218 1.2400767 1.240002 1.2400672 1.624342 1.6246677 1.669954 1.6799998 1.6786763 1.285 1.285 1.805 1.805 1.805 1.805 1.84 1.84 1.84 1.84 1.505 1.505 1.505 1.515 1.515 1.515 
-0.47 -0.47 -0.455 -0.455 -0.455 -0.455 0.28783696 0.535 0.535 0.535 0.53523752 0.965 0.965 0.965 1.178733 1.18 1.4482008 1.45 1.45 1.45 1.49 1.49 1.49 1.49 1.25 1.25 1.25 1.25 1.25 1.24 1.24 1.24 1.24 1.2400001 1.28 1.285 1.285 1.285 1.285 1.2850018 1.76 1.76 1.76 1.7762709 1.81 1.81 1.81 1.505 1.5049998 1.29 1.29 1.3250462 1.325 
-0.47 -0.47 -0.46041395 -0.455 -0.455 -0.45499997 1.0490861 0.536623 0.535 0.535 0.96499999 0.965 0.965 0.965 0.965 0.982695 1.45 1.45 1.45 1.45 1.4899997 1.49 1.49 1.49 1.25 1.25 1.25 1.25 1.25 1.1587148 1.24 1.24 1.24 1.28 1.28 1.2800039 1.285 1.285 1.1865138 1.11 1.76 1.76 1.76 1.7745068 1.81 1.81 1.81 1.26 1.2896262 1.29 1.29 1.325 1.325 
0.87 0.87 0.87 -0.12278608 -0.45268637 1.05 1.05 1.05 1.05 0.91 0.91 0.965 0.965 0.965 0.965 0.96503074 1.45 1.45 1.45 1.45 1.4725453 1.49 1.49 1.467886 0.67193998 1.25 1.25 1.25 1.13 1.13 1.13 1.1300005 1.28 1.28 1.28 1.28 1.11 1.11 1.11 1.11 1.63 1.63 1.63 1.3700052 1.37 1.37 1.3700001 1.26 1.26 1.2899634 1.29 1.3249975 1.325 
0.87 0.87 0.87 0.87001346 1.12 1.1098208 1.05 1.05 1.05 0.91 0.91 0.91 1.085 1.085 1.085 1.085 1.448736 1.45 1.45 1.45 1.4505604 0.64500232 0.645 0.645 0.645 0.64500002 1.21 1.21 1.13 1.13 1.13 1.13 1.2800001 1.28 1.28 1.2800138 1.11 1.11 1.11 1.1100439 1.63 1.63 1.63 1.3700121 1.37 1.37 1.37 1.26 1.26 1.2599999 0.835 0.835 0.675 
0.87 0.87 0.87 1.1199994 1.12 1.12 1.05 1.05 1.05 0.91 0.91 0.91 1.085 1.085 1.085 1.0602481 0.76 0.76 0.76000178 1.4461027 0.645 0.645 0.645 0.645 0.645 0.64542519 1.21 1.21 1.21 1.13 1.13 1.1299517 1.45 1.45 1.45 0.71 0.71 1.12 1.12 1.12 1.27 1.6298871 1.629997 1.225 1.225 1.2304953 1.3699994 1.26 1.26 0.835 0.835 0.835 0.675 
0.87 0.87 0.87 1.12 1.12 1.12 1.12 1.05 1.05 0.91 0.91 1.0780025 1.085 1.085 1.085 0.76 0.76 0.76 0.76 0.76 0.645 0.645 0.645 0.645 0.645 1.2099981 1.21 1.21 1.21 1.055 1.055 1.055 1.45 1.45 1.45 0.71 0.71 1.12 1.12 1.27 1.27 1.27 1.225 1.225 1.225 1.225 1.1802297 0.68 0.68 0.68 0.83499999 0.375 0.375 
0.87 0.87 0.87034814 1.12 1.12 1.12 1.12 0.96767812 0.96 0.95991416 0.91000001 1.0849962 1.085 1.085 1.0849989 0.76 0.76 0.76 0.76 0.76 0.80803544 0.645 0.645 0.645 0.64500515 1.2099696 1.21 1.21 1.21 1.055 1.055 1.055 1.0550562 1.45 0.71 0.71 0.71 0.71001669 1.1200102 1.27 1.27 1.27 1.2250027 1.225 1.225 1.225 0.6799979 0.68 0.68 0.68 0.375 0.375 0.375 
1.075 1.0749996 1.1198669 1.12 1.12 1.12 0.96003405 0.96 0.96 0.96 1.04 1.04 1.04 1.04 0.76129232 0.76 0.76 0.76 0.76 0.81499997 0.815 0.815 0.67 0.67 0.67 0.67 0.71660895 1.21 0.95501044 0.955 0.955 0.955 0.955 0.46 0.46 0.46 0.46 0.46 0.98 0.98 0.98 0.98 0.98 0.46614565 0.465 0.465 0.465 0.68 0.68 0.68 0.37504805 0.375 0.375 
1.075 1.075 1.0738279 0.93500037 0.93500004 0.9350245 0.96 0.96 0.96 0.96 1.04 1.04 1.04 1.04 1.04 0.76 0.76 0.76 0.81499999 0.815 0.815 0.815 0.67 0.67 0.67 0.67 0.67 0.67011453 0.95469686 0.955 0.955 0.955 0.95487822 0.42315139 0.45996184 0.46 0.46 0.46 0.98 0.98 0.98 0.98 0.98 0.465 0.465 0.465 0.465 0.5655382 0.68 0.66516735 0.665 0.53 0.53 
1.075 1.075 0.93501773 0.935 0.935 0.935 0.94134989 0.96 0.96 0.96 1.04 1.04 1.04 1.04 1.04 0.76021204 0.76 0.81498387 0.815 0.815 0.815 0.815 0.72371619 0.67 0.67 0.67 0.67 0.66964577 0.17 0.17 0.17 0.17 0.17 0.395 0.395 0.395 0.395 0.395 0.48 0.48 0.48 0.48 0.48000001 0.46546392 0.4650001 0.465 0.46503221 0.4689041 0.665 0.665 0.665 0.53000076 0.53 
1.0749992 0.66809083 0.93499996 0.935 0.935 0.935 0.935 0.95998936 0.96 0.96 1.04 1.04 1.04 1.04 0.67332926 0.665 0.665 0.81499614 0.815 0.815 0.815 0.815 0.81499996 0.67 0.67 0.67 0.67 -0.13999968 -0.13999986 -0.074024467 0.17 0.17 0.17 0.395 0.395 0.395 0.395 0.394851 0.48 0.48 0.48 0.48 0.48000498 0.655 0.655 0.655 0.655 0.65500081 0.665 0.665 0.665 0.66500011 0.84036086 
0.66 0.66 0.6989682 0.935 0.935 0.935 0.935 0.935 0.95998895 0.8 0.8 0.8 0.80056957 0.66500054 0.665 0.665 0.665 0.665 0.81499844 0.80166558 0.685 0.685 0.685 0.67761759 0.60396999 0.25065593 -0.047463174 -0.14 -0.14 -0.14 -0.14 -0.14 -0.12771497 0.17253086 0.175 0.175 0.175 0.175 0.49221037 0.54499988 0.545 0.545 0.545 0.72499979 0.65500002 0.655 0.655 1.05 0.66500617 0.665 0.665 0.845 0.845 
0.66 0.66 0.58 0.58 0.58 0.93488175 0.935 0.935 0.8 0.8 0.8 0.8 0.8 0.66500001 0.665 0.665 0.665 0.665 0.685 0.685 0.685 0.685 0.685 -0.15499996 -0.155 -0.155 -0.155 -0.14 -0.14 -0.14 -0.14 -0.14 -0.045 -0.045 0.175 0.175 0.175 0.3299736 0.33 0.545 0.545 0.545 0.54500004 0.725 0.725 0.725 1.05 1.05 1.05 0.99 0.99 0.845 0.845 
0.66 0.66 0.58 0.58 0.58 0.58 0.58000082 0.73 0.79993409 0.8 0.8 0.8 0.8 0.666684 0.665 0.665 0.665 0.665 0.685 0.685 0.685 0.685 0.685 -0.155 -0.155 -0.155 -0.155 -0.15499996 -0.14 -0.14 -0.14 -0.045004981 -0.045 -0.045 -0.045 0.175 0.33 0.33 0.33 0.33565705 0.78104237 0.825 0.825 0.725 0.725 0.725 1.05 1.05 1.05 0.99 0.99 0.99 0.51441353 
0.71 0.70999961 0.58 0.58 0.58 0.58 0.73 0.73 0.73 0.8 0.8 0.8 0.8 0.79995803 0.665 0.665 0.665 0.665 0.68499928 0.685 0.685 0.68499999 -0.0070405422 -0.155 -0.155 -0.155 -0.155 -0.41999978 -0.42 -0.42 -0.1430016 -0.045 -0.045 -0.045 -0.044999785 0.18 0.33 0.33 0.33 0.33 0.825 0.825 0.825 0.975 0.975 0.975 1.1699883 1.05 1.05 0.99 0.99 0.99 0.47999965 
0.71 0.71 0.58 0.58 0.58 0.73 0.73 0.73 0.73 0.79232893 0.8 0.8 0.8 0.79999907 0.57001093 0.57 0.57 0.57 -0.033113241 -0.275 -0.275 -0.275 -0.275 -0.155 -0.155 -0.155 -0.15501748 -0.42 -0.42 -0.42 -0.42 -0.044989598 0.081555991 0.18 0.18 0.18 0.33039146 0.43499781 0.435 0.435 0.82503916 0.875 0.875 0.975 0.975 0.97500083 1.17 1.17 0.675 0.675 0.675 0.315 0.355 
0.71 0.71 0.445 0.445 0.445 0.73 0.73 0.73 0.73 0.87 0.87 0.87 0.87 0.8488583 0.57 0.57 0.57 0.57 -0.025 -0.275 -0.275 -0.275 -0.275 -0.24 -0.23999997 -0.15500013 -0.42 -0.42 -0.42 -0.42 -0.21495853 -0.015 0.15679767 0.18 0.18 0.18 0.435 0.435 0.435 0.435 0.875 0.875 0.875 1.004959 1.005 1.1692583 1.17 1.17 0.67499745 0.675 0.315 0.315 0.355 
0.71 0.445 0.445 0.445 0.445 0.445 0.72914608 0.62 0.62 0.87 0.87 0.87 0.87 0.86992895 0.57 0.57 0.57 0.54311601 -0.025 -0.025 -0.275 -0.275 -0.24 -0.24 -0.24 -0.24 -0.42 -0.42 -0.42 -0.42 -0.015 -0.015 -0.015 0.17980268 0.18 0.18 0.435 0.435 0.435 0.435 0.875 0.875 0.875 1.005 1.005 1.0049892 0.815 0.815 0.08 0.08 0.315 0.315 0.355 
0.44748868 0.445 0.445 0.445 0.445 0.445 0.62 0.62 0.62 0.75381045 0.87 0.87 0.87 0.86999223 0.57 0.57 0.57 -0.025 -0.025 -0.025 -0.27498751 -0.27499979 -0.24 -0.24 -0.24 -0.24 -0.41998721 -0.42 -0.42 -0.015093139 -0.015 -0.015 -0.015 -0.015 0.17938601 0.08 0.08 0.086143892 0.435 0.435 0.87499961 0.875 1.0012202 1.005 1.005 0.81500007 0.815 0.815 0.08 0.08 0.16 0.16 0.55 
0.445 0.445 0.445 0.445 0.445 0.445 0.62 0.62 0.62 0.62 0.53500965 0.535 0.535 0.535 0.56999865 0.26872535 0.1 0.1 -0.024769563 -0.025 -0.025000049 -0.24000005 -0.24 -0.24 -0.24 -0.24 -0.24013087 -0.42 -0.41998616 -0.015 -0.015 -0.015 -0.015 -0.015 0.08 0.08 0.08 0.08 0.08 0.08000194 0.365 0.365 0.36500012 0.71 0.71 0.71 0.28 0.28 0.125 0.125 0.16 0.16000085 0.55 
0.445 0.445 0.445 0.445 0.445 0.445 0.62 0.62 0.62 0.535 0.535 0.535 0.535 0.535 0.42033504 0.1 0.1 0.1 0.1 0.1 0.094031661 -0.24 -0.24 -0.24 -0.24 -0.24078503 -0.26496083 -0.39889309 -0.016997249 -0.015 -0.015 -0.015 -0.015 -0.014999792 0.08 0.08 0.08 0.08 0.08 0.21258134 0.365 0.365 0.365 0.71 0.71 0.71 0.28 0.28 0.125 0.125 0.52499999 0.54862076 0.55 
0.445 0.445 0.445 0.445 0.445 0.44500005 0.61999996 0.62 0.61647203 0.535 0.535 0.535 0.535 0.535 0.51413472 0.1 0.1 0.1 0.1 0.1 0.1 -0.26003125 -0.26499996 -0.265 -0.265 -0.265 -0.265 -0.265 -0.58988538 -0.59499313 -0.59499999 -0.595 -0.595 -0.59499951 0.08 0.08 0.08 0.08 0.08 0.36499997 0.365 0.365 0.365 0.36500015 0.70971944 0.535 0.28000003 0.42249151 0.12526286 0.525 0.525 0.53237926 0.88 
0.445 0.445 0.445 0.445 0.445 0.44501118 0.61999056 0.61999486 0.53500011 0.535 0.535 0.535 0.535 0.535 0.52672287 0.1 0.1 0.1 0.1 0.1 0.1 -0.265 -0.265 -0.265 -0.265 -0.265 -0.265 -0.265 -0.5949089 -0.595 -0.595 -0.595 -0.595 -0.595 -0.41005007 0.08 0.08 0.08 0.08 0.365 0.365 0.365 0.365 0.36504355 0.535 0.535 0.53431057 0.425 0.425 0.525 0.525 0.88 0.88 
0.445 0.445 0.445 0.445 0.445 0.44523339 0.61978987 0.54459169 0.535 0.535 0.535 0.535 0.535 0.535 0.52738458 0.1 0.1 0.1 0.1 0.1 0.048030633 -0.265 -0.265 -0.265 -0.265 -0.265 -0.265 -0.265 -0.59499868 -0.595 -0.595 -0.595 -0.595 -0.595 -0.595 0.0091846512 -0.10085251 -0.161029 -0.17018935 0.32611141 0.36499999 0.365 0.365 0.53498642 0.535 0.5331794 0.23000093 0.425 0.425 0.31493567 0.315 0.315 0.87999975 
0.445 0.445 0.445 0.445 0.44500018 0.44645939 0.6114251 0.53502337 0.535 0.535 0.535 0.535 0.535 0.535 0.52484208 0.1 0.1 0.1 0.1 0.099999998 -0.26499842 -0.265 -0.265 -0.265 -0.265 -0.265 -0.265 -0.265 -0.59499991 -0.595 -0.595 -0.595 -0.595 -0.595 -0.59499992 -0.175 -0.175 -0.175 -0.175 -0.24 -0.24 -0.24 -0.24 0.23000088 0.23 0.23 0.23 0.22999776 0.02 0.02 0.315 0.315 -0.35180335 
0.445 0.445 0.445 0.44500001 0.44500489 0.44971239 0.54052999 0.53500111 0.535 0.535 0.535 0.535 0.535 0.535 0.52023342 0.10000018 0.1 0.1 0.1 0.097803225 -0.265 -0.265 -0.265 -0.265 -0.265 -0.265 -0.265 -0.265 -0.59499993 -0.595 -0.595 -0.595 -0.595 -0.595 -0.17500039 -0.175 -0.175 -0.175 -0.175 -0.24 -0.24 -0.24 -0.24 -0.11314902 0.23 0.23 0.23 0.020002349 0.02 0.02 -0.65 -0.65 -0.65 
0.445 0.445 0.44500001 0.4450004 0.44504769 0.45881331 0.5352805 0.53500028 0.535 0.535 0.535 0.535 0.535 0.53499997 0.51399045 0.10001023 0.1 0.1 0.099999582 -0.25760452 -0.265 -0.265 -0.265 -0.265 -0.265 -0.265 -0.265 -0.265 -0.59499969 -0.595 -0.595 -0.595 -0.595 -0.75970909 -0.1750002 -0.175 -0.175 -0.175 -0.175 -0.24 -0.24 -0.24 -0.24 -0.24 0.23 0.23 0.23 0.020000002 0.02 0.02 -0.65 -0.65 -0.65 
0.445 0.44500001 0.44500017 0.44500467 0.44526401 0.50117639 0.53504466 0.53500017 0.535 0.535 0.535 0.535 0.535 0.53499918 0.50656807 0.10015887 0.10000001 0.099999987 0.098110218 -0.26496896 -0.265 -0.265 -0.265 -0.265 -0.265 -0.265 -0.265 -0.26500019 -0.59499793 -0.595 -0.59500016 -0.80021976 -0.82 -0.82 -0.82 -0.175 -0.175 -0.175 -0.175 -0.24 -0.24 -0.24 -0.24 -0.24 0.22999167 0.23 0.2299999 0.020000015 0.02 0.019999636 -0.65 -0.65 -0.65 
