interpolatedSpi/01-09|23_3.tif
NCOLS 53
NROWS 52
XLLCORNER -116.03883
YLLCORNER 28.596182
DX 0.49850594
DY 0.49788537
NODATA_VALUE -9999
[rows 0 to 27 of 52, columns 0 to 52 of 53]
-0.072222222 -0.072222222 -0.2865736 -0.18555556 0.12444444 0.12666667 -0.0077777778 0.16222222 -0.68992169 -0.50777778 -0.24888889 -0.34222222 -0.661093 -0.44111111 -0.57111111 -0.57111111 -0.57111111 -0.73222222 -0.73333333 -0.73333333 -0.73333333 -0.73332958 -0.34333334 -0.93777778 -0.93777778 -0.93777778 -0.65222362 -0.65222222 -0.65222222 -1.2233333 -1.2233333 -1.2233333 -1.2233333 -1.9377776 -1.9377778 -1.9377778 -1.9377778 -1.9377778 -1.9377778 -1.9377777 0.41905851 0.44398331 -1.3655556 -1.3655556 -1.3655556 -1.3655556 -1.3647588 -0.87777778 -0.87777778 -0.87777778 0.023331462 0.023333333 0.023333333
-0.072249375 -0.68333333 -0.25444457 -0.26513666 -0.17447077 -0.31333333 -0.42222222 -0.52743542 -0.76333333 -0.60666667 -0.41666667 -0.66111111 -0.66111111 -0.69802934 -0.44111537 -0.57111111 -0.73222222 -0.73222222 -0.73333188 -0.73333333 -0.73333333 -0.73333333 -0.95052765 -0.93777778 -0.93777778 -0.93777778 -0.81333334 -0.81333333 -1.2233333 -1.2233333 -1.2233333 -1.2233333 -1.2233333 -1.9377777 -1.9377778 -1.9377778 -1.9377778 -1.9377778 -1.9377777 -1.7119998 -0.53787673 -1.2651118 -1.3655556 -1.3655556 -1.3655556 -1.3655556 -1.3655556 -0.87777778 -0.87777778 -0.87777778 -0.80305678 0.023333333 0.023333333
0.29330635 0.29333333 -0.36 -0.35777778 -0.53777778 -0.014444444 -0.56777778 0.061111111 -0.88888889 -1.0622222 -0.80777778 -0.78666667 -1.0244444 -0.87555556 -0.69888889 -1.7344444 -0.73222222 -0.73222222 -0.73222222 -0.38676744 -0.38666667 -0.38666667 -1.18 -0.93777778 -0.93777778 -0.93777778 -0.81333333 -0.81333333 -0.81333333 -1.2233333 -1.2233333 -1.2233333 -1.2736129 -1.9357272 -1.9306624 -1.1803383 -1.1733333 -1.1733333 -1.0933972 -0.53777778 -0.53777778 -0.5388363 -1.3655556 -1.3655556 -1.3655556 -1.3655556 -1.3655556 -0.87777778 -0.87777778 -0.87777778 -0.87777778 0.023333333 0.023333333
0.68 0.29333321 -0.33462163 -0.26555556 -1.1288889 -0.8 -0.69444444 -1.0522222 -0.44888889 -0.77521086 -1.0322222 -1.16 -1.1011111 -0.87555556 -1.05 -1.7344444 -0.98136178 -0.97538506 -1.0688889 -0.38666667 -0.38666667 -1.1077778 -1.18 -1.18 -0.93777778 -0.93777716 -0.81333333 -0.81333333 -0.81333333 -1.0944444 -1.2224692 -1.3277778 -1.3277778 -1.3277777 -1.1733333 -1.1733333 -1.1733333 -1.1733333 -0.53777778 -0.53777778 -0.53777778 -0.53777781 -1.3655556 -1.3655556 -1.3655556 -1.3655556 -1.3655556 -0.87778393 -0.87777778 -0.87777778 -0.87777778 0.023274974 0.023333333
0.68 0.056665949 -0.33444444 -1.0287853 -1.1288889 -1.3355556 -1.1844881 -1.6377778 -1.7833333 -0.9533337 -1.0787341 -1.1310217 -0.50666667 -1.05 -1.05 -1.4960374 -0.97555556 -0.97555556 -1.0688889 -1.0688889 -0.38666811 -1.1077778 -0.88666667 -0.16777778 -0.69 -0.68995404 -0.81333333 -0.81333333 -1.0944444 -1.0944444 -1.3277778 -1.3277778 -1.3277778 -1.3325968 -1.1733333 -1.1733333 -1.1733333 -0.53777778 -0.53777778 -0.53777778 -0.53777778 -0.5378358 -1.3655556 -1.3655556 -1.3655556 -1.3655556 -1.3655556 -1.3612137 -0.87777778 -0.87781749 -1.7633333 -1.7633333 -1.7633333
-1.2177778 -0.54333333 -0.46555552 -0.69777778 -0.75888889 -1.3011111 -1.7033333 -1.6949403 -1.0655556 -1.6188889 -1.6788889 -1.1544444 -1.154444 -1.1011111 -1.1011111 -0.75550485 -0.75555556 -1.0722222 -1.0722222 -1.0688883 -1.16 -1.16 -0.16777778 -0.69 -0.69 -0.49333333 -1.4366667 -1.4366667 -0.8311361 -1.0944444 -1.3277778 -1.3277778 -1.3533333 -1.3532946 -0.98224881 -1.0044444 -1.0044444 -0.68215176 -0.53777778 -0.53777778 -1.1381392 -1.1388889 -1.1388871 -1.0806749 -1.0755876 -1.0755556 -1.0755556 -1.0755557 -1.540267 -1.7633333 -1.7633333 -1.7633333 -1.7633333
-0.54555676 -0.28888889 -0.46939943 -0.56555556 -0.68222222 -1.4122222 -1.1322222 -1.5466667 -1.8622222 -1.8622222 -1.6788889 -1.5833333 -1.4377777 -1.1011111 -0.54555722 -0.54555556 -0.75555556 -0.38111111 -0.37777778 -0.37777778 -0.91180049 -0.63333333 -0.63333333 -0.63555556 -0.49333333 -0.49333333 -1.4366667 -1.4366667 -0.83115825 -0.83197898 -0.93218791 -1.3533333 -1.3533333 -0.98222222 -0.98222222 -1.111557 -1.0044444 -1.0044444 -1.3633209 -1.1388892 -1.1388889 -1.1388889 -1.1388798 -1.0755568 -1.0755556 -1.0755556 -1.0755556 -1.0755558 -1.5255556 -1.7632862 -1.7633333 -1.7633333 -1.7633333
-0.54555556 -1.1977778 -0.49222222 -1.3177778 -0.84891577 -1.2244444 -1.6255556 -1.9 -1.3622222 -1.6011111 -1.6011111 -0.97777778 -1.4377778 -1.4377778 -0.55167703 -0.8683683 -0.9 -0.46333333 -0.35333336 -0.37777778 -0.37379768 -0.27333333 -1.1655556 -0.17222223 -0.17223597 -1.2377778 -1.0122222 -1.0122224 -1.6371655 -1.64 -0.93 -1.0603865 -0.98222222 -0.98222222 -0.98592998 -1.2011111 -1.2011111 -1.3633333 -1.3633333 -1.1388889 -1.1388889 -1.1388889 -1.2887928 -1.2922222 -1.0755556 -1.0755556 -1.0755556 -1.5255384 -1.5255556 -1.5255556 -1.7633333 -1.7633333 -1.7633333
-1.1996321 -1.1977778 -0.37 -1.1455556 -0.91888889 -1.75 -1.0833333 -0.75333333 -1.36 -0.75660554 -0.33444444 -1.1644444 -1.1644444 -0.61555556 -0.61555593 -0.87340766 -0.87333333 -0.87333333 -0.44654167 -1.3722222 -1.4566667 -1.4566667 -1.4355556 -1.2719581 -1.1303979 -1.2377778 -1.0466667 -1.0122222 -0.97797793 -0.97777778 -1.0822222 -1.0633333 -0.95476801 -1.3455556 -1.1122222 -1.3577778 -1.2411111 -1.1144444 -0.8567857 -1.1356502 -0.41333333 -0.76333333 -1.2921262 -1.2922222 -1.2910027 -1.0755556 -1.7922222 -1.5255556 -1.5255556 -1.5255556 -1.5255556 -1.59594 -0.14222222
-1.21 -1.21 -0.42777778 -0.70555556 -1.3577778 -0.93555556 -0.86111111 -1.3388889 -0.81777778 -0.60336242 -0.97333333 -0.35333333 -0.61555556 -0.61555556 -0.65555556 -0.65854248 -0.87333333 -0.87321511 -0.33555556 -1.3722222 -1.3722222 -1.3831015 -1.4355556 -1.2422259 -1.2422222 -1.2422222 -1.0466667 -0.81333333 -0.81333333 -0.97777778 -0.97777778 -1.0629245 -0.84777778 -1.3455556 -1.0444444 -1.3577778 -1.2411111 -1.6777778 -0.85666667 -0.47408049 -0.76333332 -0.74088481 -0.70222222 -1.2922222 -1.2922222 -1.7922222 -1.7922222 -1.7922222 -1.5255556 -1.5255556 -0.41888889 -0.41888889 -0.41888879
-1.21 -1.21 -1.2955556 -1.5122222 -1.1377778 -0.5 -1.5233333 -0.64656304 -0.59 -0.72777778 -0.52222222 -0.30555556 -0.35327012 -0.65555556 -0.65555556 -0.65553992 -0.52 -0.51031949 -0.33555556 -0.44888889 -0.44888889 -0.37111111 -0.37111111 -1.2422222 -1.2422222 -1.2422222 -0.81333333 -0.81333333 -0.81333333 -1.05 -1.05 -1.0499997 -0.95 -0.95 -1.8866667 -1.5288889 -0.70555556 -1.1200051 -0.88888889 -0.46777778 -0.46777778 -0.89888824 -0.70222222 -1.2922222 -0.47333375 -0.82666667 -0.53211712 -0.52666667 -0.54888889 -0.54888889 -0.41888889 -0.41888889 -0.41888889
-1.21 -1.2470136 -1.388015 -1.3844309 -0.78 -1.0088889 -1.5233333 -0.64555556 -0.59000046 -0.72625137 -0.30555611 -0.30555556 -0.053333333 -0.65555555 -0.65555556 -0.52 -0.52 -0.5199895 -0.33555556 -0.44888889 -0.43361492 -0.37111111 -0.37111111 -1.2421867 -1.2422222 -0.95331425 -0.36333333 -0.36333333 -0.36333339 -1.05 -1.05 -0.26888889 -0.26888889 -0.95000257 -1.8866667 -0.57666719 -0.86876005 -1.12 -1.12 -0.46777779 -0.89888889 -0.89888889 -0.89888578 -0.47333333 -0.47333333 -0.82666667 -0.52666667 -0.52666667 -0.54888889 -0.54888889 -0.41888889 -0.41888889 -0.41888889
-0.62111111 -0.69419284 -0.64003219 -0.64538528 -0.78000127 -1.0088835 -1.5233333 -0.65636049 -0.59382835 -0.59359774 -0.053333333 -0.053333333 -0.053333333 -0.053333333 -0.65547025 -0.52 -0.52 -0.51761853 -0.33555556 -0.44873195 0.091111111 0.091111111 0.091111111 0.091111111 -1.2189281 -0.36333333 -0.36333333 -0.36333333 -0.36333333 -0.36358698 -0.26888889 -0.26888889 -0.26888889 -0.26888889 -0.57666667 -0.57666667 -0.57666667 -1.0945061 -1.1159193 -0.57666667 -0.57666667 -0.89887156 -0.51444304 -0.47333729 -0.47333333 -0.82666667 -0.52666667 -0.52666667 -0.54888888 -0.54888889 -0.41936051 -0.41888889 -0.72550213
-0.62111111 -0.64 -0.64 -0.64 -0.64 -0.64000015 -1.5220164 -1.1079943 -0.60404205 -0.053914662 -0.053333333 -0.053333333 -0.053333333 -0.053333333 -0.053332995 -0.52 -0.51999997 -0.50734837 -0.33555674 0.091111111 0.091111111 0.091111111 0.091111111 0.091111111 0.10023644 0.032163292 0.16777767 0.16777778 0.16777778 0.16777778 -0.26888887 -0.26888889 -0.26888806 0.41888889 0.41888889 -0.57666667 0.20756799 0.23 -0.5766662 -0.57666667 -0.57666667 -0.57666667 -0.51444444 -0.51444444 -0.51444444 -0.51661723 0.15547 0.16 0.16 0.16 0.15999999 -0.052222298 -0.052222222
-0.84888889 -0.64 -0.64 -0.64 -0.64 -0.64 -0.64000005 -0.80612846 0.42006632 0.42555555 0.42555556 0.42555556 0.42555556 0.42555556 0.42555555 0.64642706 -0.50139863 -0.49474312 0.091057403 0.091111111 0.091111111 0.091111111 0.091111111 0.091111563 0.51333333 0.51333333 0.51333285 0.16777778 0.16777778 0.16898592 0.77111111 0.77111111 0.41888889 0.41888889 0.41888889 0.26025815 0.23 0.23 0.23 -0.57666667 -0.57666667 -0.57666667 -0.51444444 -0.51444444 -0.51444444 -0.51444444 0.16 0.16 0.16 0.16 0.16 -0.052222222 -0.052222222
-0.84888889 -0.77112193 -0.64 -0.64 -0.64 -0.64 0.46867125 0.46888889 0.46888889 0.42555556 0.42555556 0.42555556 0.42555556 0.42555556 0.47531469 0.65111111 0.65111111 0.65111111 0.47881615 0.4799996 0.48 0.48 0.48 0.48 0.51333333 0.51333333 0.51333333 0.51333333 0.16777778 0.77111111 0.77111111 0.77111111 0.41888892 0.41888889 0.41888889 0.7 0.23062229 0.23 0.23 -0.57662839 -0.50087675 -0.32409049 -0.51444444 -0.51444444 0.044935045 0.046666667 0.046666667 0.15997753 0.14671326 0.14666667 0.14666667 0.24328857 -0.052221621
-0.84888889 -0.05307424 -0.33187419 -0.64 -0.64 0.4682337 0.46888889 0.46888889 0.46888889 0.46857662 0.42555556 0.42555556 0.42555556 0.42555558 0.65111111 0.65111111 0.65111111 0.65111111 0.48015285 0.48 0.48 0.48 0.48 0.48 0.51333333 0.51333333 0.51333333 0.51333333 0.51427096 0.77111111 0.77111111 0.77111111 0.81555555 0.41892706 0.7 0.7 0.7 0.69752222 -0.28827868 -0.32333333 -0.32333333 -0.32333333 -0.17777778 -0.17777778 0.046666667 0.046666667 0.046666667 0.14666667 0.14666667 0.14666667 0.14666667 0.24333333 0.24333333
-0.031513936 -0.031111111 -0.031111111 -0.031111104 0.73555556 0.46889577 0.46888889 0.46888889 0.46888889 0.46888889 0.41327402 0.42555344 0.42555555 0.65111111 0.65111111 0.65111111 0.65111111 0.65111111 0.65972173 0.48 0.48 0.48 0.48 0.48 0.58667265 0.73333214 0.73333333 0.73333333 0.73333333 0.77111111 0.81555555 0.81555556 0.81555556 0.81555556 0.7 0.69999415 0.47777778 0.47777778 -0.31333027 -0.32333333 -0.32333333 -0.32333333 -0.17777778 -0.17777778 0.011914939 0.046666667 0.046666667 0.14666667 0.14666667 0.14666667 0.14770318 0.24333333 0.24333333
-0.031111111 -0.031111111 -0.031111111 0.32992366 0.73555556 0.73555556 0.46888889 0.46888889 0.46888889 0.46888889 0.26333333 0.26333333 0.26333333 0.65111111 0.65111111 0.65111111 0.65111111 0.65114857 1 1 0.48000021 0.48 0.48887269 0.84444444 0.84344416 0.73333333 0.73333333 0.73333333 0.73333333 0.81554718 0.81555556 0.81555556 0.81555556 0.81555556 0.47777856 0.47777778 0.47777778 0.47777778 0.47493879 -0.32333333 -0.32333333 -0.32333333 -0.17777778 -0.17777778 -0.17777778 0.046666667 0.046666667 0.14666667 0.14666667 0.14666667 0.24333333 0.24333333 0.24333333
-0.031111111 -0.031111111 -0.031111111 0.73555556 0.73555556 0.73555556 0.73555515 0.46888889 0.46888889 0.26354553 0.26333333 0.26333333 0.26333333 0.26357494 0.83458019 0.87777778 0.87777778 0.87777778 1 1 1 0.84444444 0.84444444 0.84444444 0.84439994 0.70827273 0.73333333 0.73333333 0.73333333 0.60044448 0.55335912 0.55333333 0.55333333 0.55333333 0.32331973 0.1055564 0.10555556 0.10555556 0.10555556 0.014398227 0.014444444 0.014444444 -0.17777778 -0.17777778 0.10222105 0.10222223 0.13333333 0.13333333 0.33888889 0.33888889 0.33888889 0.24333333 0.11011922
-0.031110025 -0.031111111 -0.031111083 0.73555556 0.73555556 0.73555556 0.73555555 0.48222222 0.4689422 0.26341696 0.26333333 0.26333333 0.26333333 0.26453904 0.87777778 0.87777778 0.87777778 0.87777781 1 1 1 0.84444444 0.84444444 0.84444444 0.68555556 0.68555556 0.91888889 0.91888889 0.91888889 0.91689467 0.55333333 0.55333333 0.55333333 0.55333333 0.32956739 0.10555556 0.10555556 0.10555556 0.10555556 0.014444444 0.014444444 0.014444444 0.017206269 0.10222222 0.10222222 0.10222222 0.13333333 0.13333333 0.33888889 0.33888889 0.33888889 0.11000001 0.11
0.31888889 0.15775954 0.14555556 0.14572672 0.73555556 0.483688 0.48222222 0.48222222 0.5846531 0.35555556 0.35555556 0.35555556 0.35555556 1.2610816 1.2611111 0.87777807 0.87777778 0.88099815 1 1 1 0.68444444 0.68444444 0.68444444 0.68555556 0.68555556 0.91888889 0.91888889 0.91888889 0.91888889 0.92333098 0.92333229 0.56263273 0.55373 0.16155949 0.16111111 0.16111111 0.16111111 0.16111111 0.014444444 0.014444444 0.014444444 0.09738903 0.10222222 0.10222222 0.10222216 0.13333333 0.13333333 0.13334073 0.33888889 0.33887155 -0.048888889 0.11
0.32777609 0.32777775 0.14555556 0.14555556 0.14555556 0.48222222 0.48222222 0.48222222 0.76333333 0.76333333 0.35555556 0.35555556 0.35555556 1.2611111 1.2611111 1.2611111 1.2611111 1.2610807 1 1 0.99999999 0.68444444 0.68444444 0.68444444 0.68555556 0.68555556 0.91888889 0.91888889 0.91888889 0.92328322 0.92333333 0.92333333 0.92333333 0.92333333 0.16148722 0.16111111 0.16111111 0.16111111 0.16111111 0.20333328 0.20333333 0.20333333 0.20333333 0.10221956 -0.24444444 -0.24444444 -0.24444444 -0.42333333 -0.42333333 -0.42333333 -0.048888889 -0.048888889 -0.048888889
0.32777778 0.32777778 0.14555556 0.14555556 0.14555556 0.48045264 0.48222222 0.76333333 0.76333333 0.76333333 0.35560575 0.35555556 0.87488371 1.261111 1.2611111 1.2611111 1.2611111 1.11 1.11 1.11 0.79888889 0.7988888 0.684445 0.68444444 0.6845956 0.93888889 0.93888889 0.93888884 0.91889212 0.70670985 0.70666782 0.70670449 0.92296303 0.92314635 0.29672365 0.161111 0.16019139 -0.11333333 -0.11333333 0.20333333 0.20333333 0.20333333 0.20333333 -0.24444444 -0.24444444 -0.24444444 -0.24444444 -0.42333333 -0.42333333 -0.42333333 -0.048888889 -0.048888889 -0.048888889
0.32777778 0.32777778 0.14555556 0.14555556 0.14555556 0.14555556 0.5874339 0.76333333 0.76333333 0.76333333 0.76345915 0.99111111 0.99111111 0.99111111 1.2595199 1.2611111 1.111007 1.11 1.11 1.11 0.79888889 0.79888889 0.79888889 0.79888889 0.93888889 0.93888889 0.93888889 0.93888889 0.93888889 0.70666667 0.70666667 0.70666667 0.70666667 0.70666538 0.094444444 -0.11333333 -0.11333333 -0.11333333 -0.11333333 -0.11333358 -0.24222222 -0.24222222 -0.24222222 -0.23282157 -0.21333333 -0.21333333 -0.21333333 -0.42333333 -0.42333354 -0.64 -0.64 -0.081103272 -0.081111111
0.32777778 0.32777778 0.21132498 0.14555556 0.14555556 0.14555557 0.92970424 0.76385857 0.76333333 0.76333333 0.99111108 0.99111111 0.99111111 0.99111111 0.99111111 1.0132598 1.11 1.11 1.11 1.11 0.7988913 0.79888889 0.79888889 0.79888889 0.93888889 0.93888889 0.93888889 0.93888889 0.93888889 0.60813914 0.70666667 0.70666667 0.70666667 0.094444444 0.094444444 0.0942831 -0.11333333 -0.11333333 -0.37408738 -0.57666663 -0.24222222 -0.24222222 -0.24222222 -0.23332999 -0.21333333 -0.21333333 -0.21333333 -0.35 -0.63638663 -0.64 -0.64 -0.081111111 -0.081111111
0.95222222 0.95222222 0.95222222 0.34780906 0.14660091 0.93 0.93 0.93 0.93 0.86444444 0.86444444 0.9911111 0.99111111 0.99111111 0.99111111 0.99111862 1.11 1.11 1.11 1.11 0.93464769 0.79888889 0.79888889 0.80886273 1.1692636 0.93888889 0.93888889 0.93888889 0.57333333 0.57333333 0.57333333 0.57333389 0.094444444 0.094444444 0.094444444 0.094444444 -0.57666667 -0.57666667 -0.57666667 -0.57666667 -0.22333333 -0.22333333 -0.22333333 -0.32333132 -0.32333333 -0.32333333 -0.3233333 -0.35 -0.35 -0.63964665 -0.64 -0.0811125 -0.081111111
0.95222222 0.95222222 0.95222222 0.95221702 0.85555556 0.866381 0.93 0.93 0.93 0.86444444 0.86444444 0.86444444 0.33000003 0.33 0.33 0.33000001 1.1084674 1.11 1.11 1.11 1.1053033 1.179999 1.18 1.18 1.18 1.18 0.75666667 0.75666667 0.57333333 0.57333333 0.57333333 0.57333333 0.0944444 0.094444444 0.094444444 0.094439467 -0.57666666 -0.57666667 -0.57666667 -0.57622798 -0.22333333 -0.22333333 -0.22333333 -0.3233287 -0.32333333 -0.32333333 -0.32333333 -0.35 -0.35 -0.35 -0.35666667 -0.35666667 -0.29111111
