interpolatedSpi/01-08|20_2.tif
NCOLS 53
NROWS 52
XLLCORNER -116.03883
YLLCORNER 28.596182
DX 0.49850594
DY 0.49788537
NODATA_VALUE -9999
[rows 0 to 33 of 52, columns 0 to 52 of 53]
0.4825 0.4825 0.090285259 -0.16125 0.205 0.1625 0.5 0.47125 -0.0041547065 -0.1825 -0.1675 0.0825 -0.07243855 0.67375 0.20625 0.20625 0.20625 0.49 0.3525 0.3525 0.3525 0.35249798 0.1425 -0.0075 -0.0075 -0.0075 0.5100021 0.51 0.51 0.205 0.205 0.205 0.205 0.21125 0.21125 0.21125 0.21125 0.21125 0.21125 0.21125001 0.65150742 0.6560488 -0.13375 -0.13375 -0.13375 -0.13375 -0.13328858 0.14875 0.14875 0.14875 0.83999856 0.84 0.84
0.48248434 0.13 0.15125056 0.2591077 0.49103511 0.61125 0.6075 0.36645095 0.08 0.12125 0.045 -0.0725 -0.0725 0.46320441 0.67374332 0.20625 0.49 0.49 0.35267928 0.3525 0.3525 0.3525 -0.031449877 -0.0075 -0.0075 -0.0075 0.081249994 0.08125 0.205 0.205 0.205 0.205 0.205 0.21125 0.21125 0.21125 0.21125 0.21125 0.21125 0.16107829 -0.11122014 -0.13101961 -0.13375 -0.13375 -0.13375 -0.13375 -0.13375 0.14875 0.14875 0.14875 0.20606911 0.84 0.84
1.1737125 1.17375 0.63875 1.14625 0.53 0.335 0.47875 0.13125 0.27875 0.14875 0.515 -0.2475 -0.39375 0.15375 0.4625 0.285 0.49 0.49 0.49 0.098823766 0.09875 0.09875 -0.4625 -0.0075 -0.0075 -0.0075 0.08125 0.08125 0.08125 0.205 0.205 0.20499997 -0.10730829 0.21056727 0.21066826 0.14932272 0.14875 0.14875 0.11604885 -0.11125 -0.11125 -0.11127877 -0.13375 -0.13375 -0.13375 -0.13375 -0.13375 0.14875 0.14875 0.14875 0.14875 0.84 0.84
0.3125 1.1737498 0.26996362 0.59375 0.065 0.4825 0.6175 -0.25375 0.225 0.19456778 0.12625 0.1325 0.08875 0.15375 0.1425 0.285 -0.42080826 -0.42560802 -0.4575 0.09875 0.09875 -1.16375 -0.4625 -0.4625 -0.0075 -0.0074995567 0.08125 0.08125 0.08125 -0.60875 -0.51821817 -0.44375 -0.44375 -0.44374954 0.14875 0.14875 0.14875 0.14875 -0.11125 -0.11125 -0.11125 -0.11125 -0.13375 -0.13375 -0.13375 -0.13375 -0.13375 0.14874644 0.14875 0.14875 0.14875 0.839935 0.84
0.3125 -0.074999367 0.27 0.19645473 0.065 0.29125 0.081284278 -0.07875 -0.18625 0.099999925 0.012573489 -0.026208461 0.26375 0.1425 0.1425 0.22667181 -0.42625 -0.42625 -0.4575 -0.4575 0.098747463 -1.16375 -1.55375 -0.515 -0.42 -0.42009693 0.08125 0.08125 -0.60875 -0.60875 -0.44375 -0.44375 -0.44375 -0.45765723 0.14875 0.14875 0.14875 -0.11125 -0.11125 -0.11125 -0.11125 -0.11122611 -0.13375 -0.13375 -0.13375 -0.13375 -0.13375 -0.1312354 0.14875 0.14869176 -1.15 -1.15 -1.15
-0.71625 0.11 0.58874999 0.165 0.38375 0.52875 0.17375 0.14142277 0.2625 -0.13625 0.2275 -0.175 -0.17499971 -0.075 -0.075 -0.27127897 -0.27125 -0.59 -0.59 -0.45750035 -1.3225 -1.3225 -0.515 -0.42 -0.42 -0.835 -1.15375 -1.15375 -0.097547052 -0.60875 -0.44375 -0.44375 -0.5175 -0.51747767 -0.30376536 -0.42625 -0.42625 -0.20870244 -0.11125 -0.11125 0.13594131 0.13625 0.13625058 -1.0718916 -1.0886445 -1.0887497 -1.08875 -1.0887496 -1.7841289 -1.15 -1.15 -1.15 -1.15
-0.60375105 0.10375 -0.55319968 0.25 0.72375 0.07875 0.1925 0.16375 -0.15875 -0.15875 0.2275 -0.02875 -0.54125003 -0.075 -0.39124905 -0.39125 -0.27125 -0.635 -0.8575 -0.8575 -1.2883333 -1.25 -1.25 -1.17875 -0.835 -0.835 -1.15375 -1.15375 -0.097527317 -0.098002931 0.20635978 -0.5175 -0.5175 -0.30375 -0.30375 -0.66316842 -0.42625 -0.42625 -1.1787239 0.13624817 0.13625 0.13625 0.13625181 -1.0887472 -1.08875 -1.08875 -1.08875 -1.0887505 -1.96 -1.1501605 -1.15 -1.15 -1.15
-0.60375 -0.9725 -0.41375 -0.7325 -1.028733 -0.34625 -0.10875 -0.52499998 -0.305 -0.4425 -0.4425 -0.70125 -0.54125 -0.54125 -0.39227914 -0.54721713 -0.5625 -0.44625 -0.73000013 -0.8575 -1.0365416 -0.9925 -1.40875 -0.7725 -0.77250418 -1.09625 -1.31625 -1.3162499 -0.56460743 -0.56624998 0.20875 -0.14248851 -0.17375 -0.30375 -0.31619237 -0.86125 -0.86125 -1.17875 -1.17875 0.13625 0.13625 0.13625001 -0.58513543 -0.58750003 -1.08875 -1.08875 -1.08875 -1.9599668 -1.96 -1.96 -1.15 -1.15 -1.15
-0.95391485 -0.97249999 -1.16125 -0.5825 -0.42625 -0.59 -0.35125 0.25125 0.14 0.19881102 -0.07625 -0.30125 -0.30125 -0.68625 -0.6862471 -0.85418478 -0.855 -0.855 -0.48956488 -1.37125 -1.51125 -1.51125 -1.15 -1.3067809 -1.0636245 -1.09625 -1.15625 -1.31625 -0.72843575 -0.725 -0.13375 0.50625 0.16376392 -0.8125 -0.74 -0.7825 -0.68 -0.45625 -0.66490361 0.13744964 0.405 -0.30625 -0.58747191 -0.5875 -0.59032131 -1.08875 -1.2975 -1.96 -1.96 -1.96 -1.96 -1.125721 -1.00875
-0.85 -0.85 -0.9975 -0.6675 -0.31625 -0.375 -0.26375 -0.245 0.33625 0.21371727 -0.06875 -0.24375 -0.68625 -0.68625 -0.3775 -0.38404913 -0.855 -0.8549829 -0.80375 -1.37125 -1.37125 -1.3892867 -1.15 -1.3049971 -1.305 -1.305 -1.15625 -0.49375 -0.49375 -0.725 -0.725 0.5049603 -0.17375 -0.8125 -0.58875 -0.7825 -0.68 -1.275 -0.665 0.5069434 -0.30624997 -0.34619816 -0.415 -0.5875 -0.5875 -1.2975 -1.2975 -1.2975 -1.96 -1.96 -0.955 -0.955 -0.95500002
-0.85 -0.85 -1.375 -1.16125 -0.835 -0.5475 -0.80749999 -0.092648007 -0.37875 -0.43125 -0.255 -0.33875 -0.24387713 -0.3775 -0.3775 -0.37752163 -0.565 -0.57753072 -0.80375 -0.26875 -0.26875 -0.525 -0.525 -1.305 -1.305 -1.305 -0.49375 -0.49375 -0.49375 -1.0275 -1.0275 -1.0274986 -0.515 -0.515 -0.61 -1.0825 -0.51 -0.81624936 -1.125 0.52625 0.52625 -0.2025007 -0.415 -0.5875 -0.60625018 -0.84625 -0.53455006 -0.53125 -0.74 -0.74 -0.955 -0.955 -0.955
-0.85 -1.076656 -1.2837853 -1.301241 -1.1825 -1.25125 -0.8075 -0.0925 -0.37874761 -0.43066836 -0.33875012 -0.33875 -0.3125 -0.3775 -0.3775 -0.56499999 -0.565 -0.56501359 -0.80375 -0.26875 -0.31907229 -0.525 -0.525 -1.3049684 -1.305 -1.1550217 -0.84875 -0.84875 -0.84874996 -1.0275 -1.0275 -0.92 -0.92 -0.51500026 -0.61 -0.23375023 -0.54708162 -0.81625 -0.81625 0.52624998 -0.2025 -0.2025 -0.20250295 -0.60625 -0.60625 -0.84625 -0.53125 -0.53125 -0.74 -0.74 -0.955 -0.955 -0.955
0.005 -0.098452551 0.0074561659 -0.0019826066 -1.1825002 -1.2512484 -0.80750001 -0.10130124 -0.35902445 -0.38012091 -0.3125 -0.3125 -0.3125 -0.3125 -0.37749079 -0.565 -0.565 -0.56808264 -0.80375 -0.26875484 -0.27375 -0.27375 -0.27375 -0.27375 -1.2871725 -0.84875 -0.84875 -0.84875 -0.84875 -0.84879273 -0.92 -0.92 -0.92 -0.92 -0.23375 -0.23375 -0.23375 -0.78807623 -0.8099787 0.01875 0.01875 -0.2024881 -0.32250971 -0.60622267 -0.60625 -0.84625 -0.53125 -0.53125 -0.74 -0.74 -0.95422 -0.955 -1.0456335
0.005 0.0075 0.0075 0.0075 0.0075 0.0074994699 -0.80863586 -0.46922576 -0.30639853 -0.31257265 -0.3125 -0.3125 -0.3125 -0.3125 -0.31250005 -0.565 -0.56500004 -0.58137662 -0.80374496 -0.27375 -0.27375 -0.27375 -0.27375 -0.27375 -0.28123704 -0.69628586 -0.62625005 -0.62625 -0.62625 -0.62625 -0.92 -0.92 -0.91999969 -0.66375 -0.66375 -0.23375 -0.033235457 -0.0275 0.018749973 0.01875 0.01875 0.01875 -0.3225 -0.3225 -0.3225 -0.32614482 -0.39843565 -0.3975 -0.3975 -0.3975 -0.39750001 0.24624975 0.24625
0.17375 0.0075 0.0075 0.0075 0.0075 0.0075 0.0074999452 -0.53012516 -0.37939899 -0.38 -0.38 -0.38 -0.38 -0.38 -0.38 -0.36777553 -0.561887 -0.59769278 -0.27381656 -0.27375 -0.27375 -0.27375 -0.27375 -0.27375024 -0.62 -0.62 -0.62000001 -0.62625 -0.62625 -0.62670305 -0.8525 -0.8525 -0.66375 -0.66375 -0.66375 -0.12942031 -0.0275 -0.0275 -0.0275 0.01875 0.01875 0.01875 -0.3225 -0.3225 -0.3225 -0.3225 -0.3975 -0.3975 -0.3975 -0.3975 -0.3975 0.24625 0.24625
0.17375 0.11185701 0.0075 0.0075 0.0075 0.0075 -0.25619823 -0.25625 -0.25625 -0.38 -0.38 -0.38 -0.38 -0.38 -0.37724241 -0.3675 -0.3675 -0.3675 -0.48311039 -0.48374979 -0.48375 -0.48375 -0.48375 -0.48375 -0.62 -0.62 -0.62 -0.62 -0.62625 -0.8525 -0.8525 -0.8525 -0.66375002 -0.66375 -0.66375 0.01625 -0.027442074 -0.0275 -0.0275 0.018688947 -0.10316206 -0.38753207 -0.3225 -0.3225 -0.20910104 -0.20875 -0.20875 -0.3964629 0.23154407 0.23374994 0.23374988 0.49246266 0.2462505
0.17375 0.035077368 0.019518593 0.0075 0.0075 -0.25609416 -0.25625 -0.25625 -0.25625 -0.25714178 -0.38 -0.38 -0.38 -0.38 -0.3675 -0.3675 -0.3675 -0.3675 -0.48364616 -0.48375 -0.48375 -0.48375 -0.48375 -0.48375 -0.62 -0.62 -0.62 -0.62 -0.62084568 -0.8525 -0.8525 -0.8525 -0.32125001 -0.66367256 0.01625 0.01625 0.01625 0.010351975 -0.36588498 -0.38875 -0.38875 -0.38875 -0.25375 -0.25375 -0.20875 -0.20875 -0.20875 0.23374999 0.23375 0.23375 0.23375 0.4925 0.4925
0.031505411 0.03125 0.03125 0.031249999 -0.05375 -0.25624478 -0.25625 -0.25625 -0.25625 -0.25625 -0.35037913 -0.3799949 -0.37999999 -0.3675 -0.3675 -0.3675 -0.3675 -0.3675 -0.40454772 -0.48375 -0.48375 -0.48375 -0.48375 -0.48375 -0.43123987 -0.24250205 -0.2425 -0.2425 -0.2425 -0.85249997 -0.32125001 -0.32125 -0.32125 -0.32125 0.01625 0.016235878 -0.52 -0.52 -0.39038885 -0.38875 -0.38875 -0.38875 -0.25375 -0.25375 -0.21571755 -0.20875 -0.20875 0.23375 0.23375 0.23375 0.23652447 0.4925 0.4925
0.03125 0.03125 0.03125 -0.008777768 -0.05375 -0.05375 -0.25625 -0.25625 -0.25625 -0.25625 0.01125 0.01125 0.01125 -0.3675 -0.3675 -0.3675 -0.3675 -0.36751549 -0.81 -0.81 -0.48375013 -0.48375 -0.48326308 -0.46375 -0.46175818 -0.2425 -0.2425 -0.2425 -0.2425 -0.32124198 -0.32125 -0.32125 -0.32125 -0.32125 -0.51999811 -0.52 -0.52 -0.52 -0.51950834 -0.38875 -0.38875 -0.38875 -0.25375 -0.25375 -0.25375 -0.20875 -0.20875 0.23374999 0.23375 0.23375 0.4925 0.4925 0.4925
0.03125 0.03125 0.03125 -0.05375 -0.05375 -0.05375 -0.053750309 -0.25625 -0.25625 0.010973863 0.01125 0.01125 0.01125 0.01101402 -0.44338335 -0.46125 -0.46125 -0.46125 -0.81 -0.81 -0.81 -0.46375 -0.46375 -0.46375 -0.46367822 -0.22414165 -0.2425 -0.2425 -0.2425 -0.07546663 -0.021279506 -0.02125 -0.02125 -0.02125 -0.30238581 0.0024988133 0.0025 0.0025 0.0025 0.031192532 0.03125 0.03125 -0.25375 -0.25375 0.39499729 0.39499991 0.15375 0.15375 0.29625 0.29625 0.29625 0.4925 0.58366841
0.031250691 0.03125 0.031249997 -0.05375 -0.05375 -0.05375 -0.053750001 -0.17875002 -0.25594012 0.011320275 0.01125 0.01125 0.01125 0.010322825 -0.46125 -0.46125 -0.46125 -0.4612501 -0.81 -0.81 -0.81 -0.46375 -0.46375 -0.46375 -0.2075 -0.2075 -0.12125 -0.12125 -0.12125 -0.12070447 -0.02125 -0.02125 -0.02125 -0.02125 -0.0093815512 0.0025 0.0025 0.0025 0.0025 0.03125 0.03125 0.03125 0.042694967 0.395 0.395 0.395 0.15375 0.15375 0.29625 0.29625 0.29625 0.58374999 0.58375
0.25375 0.13763834 -0.32625 -0.32617094 -0.05375 -0.17802675 -0.17875 -0.17875 -0.119083 0.088749998 0.08875 0.08875 0.08875 -0.5899779 -0.59 -0.4612501 -0.46125 -0.47043905 -0.81 -0.81 -0.81 -0.725 -0.725 -0.725 -0.2075 -0.2075 -0.12125 -0.12125 -0.12125 -0.12124986 0.072499404 0.072499737 -0.018893735 -0.021149494 -0.1848115 -0.185 -0.185 -0.185 -0.185 0.03125 0.03125 0.03125 0.37497057 0.395 0.395 0.39499992 0.15375 0.15375 0.15375513 0.29625 0.29624648 0.2175 0.58375
-0.018698251 -0.018750053 -0.32625 -0.32625 -0.32625 -0.17875 -0.17875 -0.17875 -0.015 -0.015 0.08875 0.08875 0.08875 -0.59 -0.59 -0.59 -0.59 -0.59002392 -0.81 -0.81 -0.81 -0.725 -0.725 -0.725 -0.2075 -0.2075 -0.12125 -0.12125 -0.12125 0.070315455 0.0725 0.0725 0.0725 0.0725 -0.18487294 -0.185 -0.185 -0.185 -0.185 -0.28624992 -0.28625 -0.28625 -0.28625 0.39499663 -0.04375 -0.04375 -0.04375 0.09125 0.09125 0.09125 0.2175 0.2175 0.2175
-0.01875 -0.01875 -0.32625 -0.32625 -0.32625 -0.17952529 -0.17875 -0.015 -0.015 -0.015 0.088737228 0.08875 -0.36883985 -0.58999997 -0.59 -0.59 -0.59 -0.64875 -0.64875 -0.64875 -0.83625 -0.83624992 -0.72500054 -0.725 -0.72484803 -0.71375 -0.71375 -0.71374859 -0.12134575 0.21997061 0.21999921 0.21997425 0.072752093 0.072627291 -0.13904262 -0.18500005 -0.18540634 -0.30625 -0.30625 -0.28625 -0.28625 -0.28625 -0.28625 -0.04375 -0.04375 -0.04375 -0.04375 0.09125 0.09125 0.09125 0.2175 0.2175 0.2175
-0.01875 -0.01875 -0.32625 -0.32625 -0.32625 -0.32625 -0.11746316 -0.015 -0.015 -0.015 -0.015252024 -0.47125 -0.47125 -0.47125 -0.58930018 -0.59 -0.6483585 -0.64875 -0.64875 -0.64875 -0.83625 -0.83625 -0.83625 -0.83625 -0.71375 -0.71375 -0.71375 -0.71375 -0.71375 0.22 0.22 0.22 0.22 0.21999982 0.1325 -0.30625 -0.30625 -0.30625 -0.30625 -0.30625087 -0.585 -0.585 -0.585 -0.4959162 -0.31125 -0.31125 -0.31125 0.091249988 0.091249825 -0.08875 -0.08875 0.14126855 0.14125
-0.01875 -0.01875 -0.21526409 -0.32625 -0.32625 -0.32625001 -0.91714627 -0.017848121 -0.015 -0.015000001 -0.47125005 -0.47125 -0.47125 -0.47125 -0.47125 -0.48100996 -0.64875 -0.64875 -0.64875 -0.64875 -0.83624855 -0.83625 -0.83625 -0.83625 -0.71375 -0.71375 -0.71375 -0.71375 -0.71375 -0.1716469 0.22 0.22 0.22 0.1325 0.1325 0.1321593 -0.30625 -0.30625 -0.21901933 -0.15125002 -0.585 -0.585 -0.585 -0.49622527 -0.31125 -0.31125 -0.31125 -0.04125 -0.088158155 -0.08875 -0.08875 0.14125 0.14125
-0.76875 -0.76875 -0.76875 -0.43719691 -0.3273019 -0.91875 -0.91875 -0.91875 -0.91875 -0.7175 -0.7175 -0.47125002 -0.47125 -0.47125 -0.47125 -0.47126125 -0.64875 -0.64875 -0.64875 -0.64875 -0.75443108 -0.83625 -0.83625 -0.82875872 -0.55729161 -0.71375 -0.71375 -0.71375 -0.31 -0.31 -0.31 -0.30999778 0.1325 0.1325 0.1325 0.1325 -0.15125 -0.15125 -0.15125 -0.15125 -0.565 -0.565 -0.565 -0.077509801 -0.0775 -0.0775 -0.077500074 -0.04125 -0.04125 -0.088692124 -0.08875 0.14124991 0.14125
-0.76875 -0.76875 -0.76875 -0.76876481 -1.04375 -1.0255729 -0.91875 -0.91875 -0.91875 -0.7175 -0.7175 -0.7175 -0.50875 -0.50875 -0.50875 -0.50875 -0.64885533 -0.64875 -0.64875 -0.64875 -0.65157754 -0.55000079 -0.55 -0.55 -0.55 -0.55000001 -0.72625 -0.72625 -0.31 -0.31 -0.31 -0.31 0.13249991 0.1325 0.1325 0.13249023 -0.15125 -0.15125 -0.15125 -0.15055359 -0.565 -0.565 -0.565 -0.077522607 -0.0775 -0.0775 -0.0775 -0.04125 -0.04125 -0.041249978 0.12375 0.12375 0.46
-0.76875 -0.76875 -0.76875 -1.0437494 -1.04375 -1.04375 -0.91875005 -0.91875 -0.91875 -0.7175 -0.7175 -0.7175 -0.50875 -0.50875 -0.50875 -0.52379151 -0.70625 -0.70625 -0.70624985 -0.64907477 -0.55 -0.55 -0.55 -0.55 -0.55 -0.55013264 -0.72625 -0.72625 -0.72625 -0.31 -0.31 -0.30988977 0.0125 0.0125 0.0125 0.12125 0.12125 0.0075 0.0075 0.0075 0.3525 -0.56471221 -0.56499284 0.395 0.395 0.37709279 -0.07749869 -0.041249999 -0.04125 0.12375 0.12375 0.12375 0.46
-0.76875 -0.76875 -0.76875 -1.04375 -1.04375 -1.04375 -1.04375 -0.91875 -0.91875 -0.7175 -0.7175 -0.51709699 -0.50875 -0.50875 -0.50875 -0.70625 -0.70625 -0.70625 -0.70625 -0.70625 -0.55 -0.55 -0.55 -0.55 -0.55 -0.7262494 -0.72625 -0.72625 -0.72625 -0.13875 -0.13875 -0.13875 0.0125 0.0125 0.0125 0.12125 0.12125 0.0075 0.0075 0.3525 0.3525 0.3525 0.395 0.395 0.395 0.395 0.41553683 0.645 0.645 0.645 0.12375001 0.7675 0.7675
-0.76875 -0.76875 -0.76913295 -1.04375 -1.04375 -1.04375 -1.04375 -0.80336703 -0.79125 -0.79112338 -0.71749999 -0.50875408 -0.50875 -0.50875 -0.50875068 -0.70625 -0.70625 -0.70625 -0.70625 -0.70625 -0.80534063 -0.55 -0.55 -0.55 -0.5500345 -0.72624951 -0.72625 -0.72625 -0.72625 -0.13875 -0.13875 -0.13875 -0.13872666 0.0125 0.12125 0.12125 0.12125 0.12124552 0.0075235282 0.3525 0.3525 0.3525 0.39499742 0.395 0.395 0.395 0.64500089 0.645 0.645 0.645 0.7675 0.7675 0.7675
-0.8675 -0.86749983 -1.0435991 -1.04375 -1.04375 -1.04375 -0.79130373 -0.79125 -0.79125 -0.79125 -0.55750001 -0.5575 -0.5575 -0.5575 -0.70556345 -0.70625 -0.70625 -0.70625 -0.70625 -0.81624993 -0.81625 -0.81625 -0.71749997 -0.7175 -0.7175 -0.7175 -0.71825524 -0.72625 0.044968413 0.045 0.045 0.045 0.045 0.4 0.4 0.4 0.4 0.4 0.4225 0.4225 0.4225 0.4225 0.4225 0.73573559 0.73625 0.73625 0.73625 0.645 0.645 0.645 0.7674807 0.7675 0.7675
-0.8675 -0.8675 -0.86464294 -0.52625104 -0.52625012 -0.5265087 -0.79125 -0.79125 -0.79125 -0.79125 -0.5575 -0.5575 -0.5575 -0.5575 -0.5575 -0.70625 -0.70625 -0.70625 -0.81624997 -0.81625 -0.81625 -0.81625 -0.7175 -0.7175 -0.7175 -0.7175 -0.7175 -0.71750108 0.045064682 0.045000001 0.045 0.045 0.045025984 0.42834508 0.40002935 0.4 0.4 0.4 0.4225 0.4225 0.4225 0.4225 0.4225 0.73625 0.73625 0.73625 0.73625 0.69357972 0.645 0.89221077 0.895 0.68 0.68
-0.8675 -0.8675 -0.52629323 -0.52625 -0.52625 -0.52625 -0.59355888 -0.79125 -0.79125 -0.79125 -0.5575 -0.5575 -0.5575 -0.5575 -0.5575 -0.70613603 -0.70625 -0.81621775 -0.81625 -0.81625 -0.81625 -0.81625 -0.75408258 -0.7175 -0.7175 -0.7175 -0.7175 -0.71684144 0.2125 0.2125 0.2125 0.2125 0.2125 0.45 0.45 0.45 0.45 0.45 0.5525 0.5525 0.5525 0.5525 0.5525 0.7364728 0.73625005 0.73625 0.73626547 0.73813402 0.895 0.895 0.895 0.6800012 0.68
