interpolatedSpi/01-06|19_2.tif
NCOLS 53
NROWS 52
XLLCORNER -116.03883
YLLCORNER 28.596182
DX 0.49850594
DY 0.49788537
NODATA_VALUE -9999
[rows 0 to 31 of 52, columns 0 to 52 of 53]
-0.021666667 -0.021666667 -0.1247792 -0.23666667 -0.37166667 -0.32333333 -0.52666667 -0.73333333 -1.0334903 -0.81833333 -0.62833333 -0.58666667 -0.70830685 -0.38666667 -0.65 -0.65 -0.65 -0.026666667 -0.30666667 -0.30666667 -0.30666667 -0.30667445 -1.115 -0.57166667 -0.57166667 -0.57166667 -0.75166059 -0.75166667 -0.75166667 -1.1133333 -1.1133333 -1.1133333 -1.1133333 -1.6299999 -1.63 -1.63 -1.63 -1.63 -1.63 -1.63 -0.3537462 -0.34023729 -1.2716667 -1.2716667 -1.2716667 -1.2716667 -1.2721948 -1.595 -1.595 -1.595 -1.2616674 -1.2616667 -1.2616667
-0.021691548 -0.58166667 -0.18999958 -0.21138443 -0.38853629 0.051666667 0.39666667 -0.35185007 -1.0966667 -0.91666667 -0.5 -0.70833333 -0.70833333 -0.069394806 -0.38666515 -0.65 -0.026666667 -0.026666667 -0.30630158 -0.30666667 -0.30666667 -0.30666667 -0.58886145 -0.57166667 -0.57166667 -0.57166667 -0.47166667 -0.47166667 -1.1133333 -1.1133333 -1.1133333 -1.1133333 -1.1133333 -1.6299999 -1.63 -1.63 -1.63 -1.63 -1.6299999 -1.3951165 -0.2800294 -1.1513356 -1.2716667 -1.2716667 -1.2716667 -1.2716667 -1.2716667 -1.595 -1.595 -1.595 -1.5673597 -1.2616667 -1.2616667
-0.021675716 -0.021666667 0.17 0.20333333 -0.56666667 -0.96 -0.66 -0.525 -1.01 -0.90833333 -0.40666667 -1.035 -0.495 -0.235 -0.068333333 -1.0383333 -0.026666667 -0.026666667 -0.026666667 -0.38830959 -0.38833333 -0.38833333 -0.89833333 -0.57166667 -0.57166667 -0.57166667 -0.47166667 -0.47166667 -0.47166667 -1.1133333 -1.1133333 -1.1133333 -1.2296717 -1.6261651 -1.6132614 0.15185436 0.16833333 0.16833333 0.11194482 -0.28 -0.28 -0.28126809 -1.2716667 -1.2716667 -1.2716667 -1.2716667 -1.2716667 -1.595 -1.595 -1.595 -1.595 -1.2616667 -1.2616667
-0.02 -0.021666787 -0.61675424 0.013333333 -0.62833333 -0.72333333 -0.55833333 -1.0583333 -0.67 -0.14224055 -0.89666667 -1.075 -1.1916667 -0.235 -0.75833333 -1.0383333 -0.76874517 -0.76614818 -1.3316667 -0.38833333 -0.38833333 -0.81666667 -0.89833333 -0.89833333 -0.57166667 -0.57166617 -0.47166667 -0.47166667 -0.47166667 -1.2016667 -1.2857973 -1.355 -1.355 -1.3549988 0.16833333 0.16833333 0.16833333 0.16833333 -0.28 -0.28 -0.28 -0.28000004 -1.2716667 -1.2716667 -1.2716667 -1.2716667 -1.2716667 -1.5949959 -1.595 -1.595 -1.595 -1.2616455 -1.2616667
-0.02 -0.57166675 -0.61666667 -0.79738358 -0.62833333 -0.83166667 -1.0332996 -1.1033333 -1.0266667 -1.2166667 -1.1208073 -1.0733314 -1.06 -0.75833333 -0.75833333 -0.94141259 -0.76666667 -0.76666667 -1.3316667 -1.3316667 -0.38833425 -0.81666667 -1.2116667 -1.2366667 -1.0716667 -1.0716903 -0.47166667 -0.47166667 -1.2016667 -1.2016667 -1.355 -1.355 -1.355 -1.3744858 0.16833333 0.16833333 0.16833333 -0.28 -0.28 -0.28 -0.28 -0.28000113 -1.2716667 -1.2716667 -1.2716667 -1.2716667 -1.2716667 -1.2745447 -1.595 -1.594956 -0.61333333 -0.61333333 -0.61333333
-1.7216667 -0.7 -0.089999998 -0.56333333 -0.31666667 -0.495 -0.96166667 -0.97980406 -1.22 -1.01 -1.2016667 -1.19 -1.1899999 -1.7 -1.7 -1.0949042 -1.095 -0.985 -0.985 -1.3316664 -1.37 -1.37 -1.2366667 -1.0716667 -1.0716667 -1.1733333 -1.36 -1.36 -0.85169877 -1.2016667 -1.355 -1.355 -1.4583333 -1.4583086 -1.2216835 -0.905 -0.905 -0.47335802 -0.28 -0.28 -0.29165212 -0.29166667 -0.29166598 0.010296508 0.033189104 0.033332985 0.033333289 0.033332832 -0.91188863 -0.61333333 -0.61333333 -0.61333333 -0.61333333
-1.3399999 -0.66166667 -0.80388254 -0.425 -0.095 -0.90666667 -1.2033333 -1.2666667 -1.35 -1.35 -1.2016667 -1.1666667 -1.3433332 -1.7 -0.69833633 -0.69833333 -1.095 -0.87833333 -1.0216667 -1.0216667 -1.3542912 -1.3366667 -1.3366667 -1.1666667 -1.1733333 -1.1733333 -1.36 -1.36 -0.85168085 -0.85192774 -0.63475736 -1.4583333 -1.4583333 -1.2216667 -1.2216667 -1.0493296 -0.905 -0.905 -1.0616612 -0.29166774 -0.29166667 -0.29166667 -0.29166291 0.033332014 0.033333333 0.033333333 0.033333333 0.033332752 -0.94 -0.61339807 -0.61333333 -0.61333333 -0.61333333
-1.34 -1.6433333 -0.47666667 -1.3016667 -0.92668816 -1.43 -1.1433333 -1.2 -1.2816667 -0.86333333 -0.86333333 -0.86333333 -1.3433333 -1.3433333 -0.70275863 -0.73324568 -0.73666667 -0.495 -1.0733333 -1.0216667 -0.3611287 -0.315 -1.0466667 -0.99833333 -0.99833505 -1.1316667 -0.59 -0.59000027 -1.0941473 -1.095 -0.63333333 -0.68881538 -1.0066667 -1.2216667 -1.2128251 -1.17 -1.17 -1.0616667 -1.0616667 -0.29166667 -0.29166667 -0.29166666 -0.20408189 -0.20333332 0.033333333 0.033333333 0.033333333 -0.93996295 -0.94 -0.94 -0.61333333 -0.61333333 -0.61333333
-1.5351096 -1.6433333 -1.0266667 -0.27666667 -0.65666667 -1.2516667 -1.13 -0.93166667 -1.1516667 -0.71041786 -0.71666667 -0.71333333 -0.71333333 -0.18833333 -0.18833064 -1.2302871 -1.2316667 -1.2316667 -0.58328348 -0.35166677 -0.85833333 -0.85833333 -0.71 -0.91399187 -1.1182302 -1.1316667 -0.82166667 -0.59 -0.71261664 -0.71333333 -0.6 -0.61 -0.61587749 -1.12 -0.91166667 -0.93166667 -0.85666667 -1.0166667 -0.59352881 -0.29040193 -0.0083333333 -0.31333333 -0.20335124 -0.20333333 -0.20200125 0.033333333 -0.81333329 -0.94 -0.94 -0.94 -0.94 -0.52991335 -0.075
-0.93 -0.93 -1.0716667 -0.71333333 -0.555 -1.23 -0.74166667 -0.97333333 -0.31 -0.59830534 -0.42666667 -0.57333333 -0.18833333 -0.18833333 0.098333333 0.080091782 -1.2316667 -1.2314378 -0.24833333 -0.35166667 -0.35166667 -0.41694232 -0.71 -0.98666143 -0.98666667 -0.98666667 -0.82166667 -0.19666667 -0.19666667 -0.71333333 -0.71333333 -0.61002213 -0.62166667 -1.12 -0.79333333 -0.93166667 -0.85666667 -1.37 -0.59333333 0.33963037 -0.31333332 -0.31333333 -0.31333333 -0.20333333 -0.20333333 -0.81333333 -0.81333333 -0.81333333 -0.94 -0.94 0.056666667 0.056666667 0.056666617
-0.93 -0.93 -1.0366667 -1.5216667 -0.76833333 -0.46333333 -0.635 -0.73181208 -0.965 -0.875 -0.35333333 -0.72833333 -0.57353911 0.098333333 0.098333333 0.098318913 -0.026666667 -0.038300773 -0.24833333 -0.21 -0.21 0.12333333 0.12333333 -0.98666667 -0.98666667 -0.98666667 -0.19666667 -0.19666667 -0.19666667 -1.1016667 -1.1016667 -1.1016659 -0.71833333 -0.71833333 -1.3983333 -0.79833333 -0.15166667 -0.81999823 -0.80333333 0.355 0.355 -0.36333317 -0.31333333 -0.20333333 -0.14333353 -0.39666667 -0.099753183 -0.096666669 0.35 0.35 0.056666667 0.056666667 0.056666667
-0.93 -0.97621356 -1.2436335 -1.426654 -0.45833333 -0.65833333 -0.635 -0.73166667 -0.96499805 -0.87599709 -0.72833352 -0.72833333 0.22333333 0.098333334 0.098333333 -0.026666663 -0.026666667 -0.026679282 -0.24833333 -0.21 -0.14454011 0.12333333 0.12333333 -0.98662159 -0.98666667 -0.74998858 -0.26666667 -0.26666667 -0.26666666 -1.1016667 -1.1016667 -0.27166667 -0.27166667 -0.7183352 -1.3983333 0.034999669 -0.2254293 -0.82 -0.82 0.35499998 -0.36333333 -0.36333333 -0.36333173 -0.14333333 -0.14333333 -0.39666667 -0.096666667 -0.096666667 0.35 0.35 0.056666667 0.056666667 0.056666667
-0.65 -0.41482925 -0.35504286 -0.36275188 -0.45833445 -0.65832861 -0.635 -0.73047676 -0.94892095 -0.96264986 0.22333333 0.22333333 0.22333333 0.22333333 0.09835104 -0.026666667 -0.026666667 -0.029528737 -0.24833333 -0.2097847 0.535 0.535 0.535 0.535 -0.96032164 -0.26666667 -0.26666667 -0.26666667 -0.26666667 -0.26707814 -0.27166667 -0.27166667 -0.27166667 -0.27166667 0.034999999 0.035 0.035 -0.7785316 -0.80979818 0.53833333 0.53833333 -0.36328483 0.34998311 -0.14328582 -0.14333333 -0.39666667 -0.096666667 -0.096666667 0.35 0.35 0.057730848 0.056666667 -0.019263763
-0.65 -0.355 -0.355 -0.355 -0.355 -0.35500013 -0.63505969 -0.68076935 -0.90602351 0.22205588 0.22333333 0.22333333 0.22333333 0.22333333 0.22333361 -0.026666665 -0.026666702 -0.041871487 -0.24832771 0.535 0.535 0.535 0.535 0.535 0.53200653 -0.042873806 0.0066666102 0.0066666667 0.0066666667 0.0066666667 -0.27166666 -0.27166667 -0.27166608 0.22 0.22 0.035 0.47572691 0.48833333 0.5383333 0.53833333 0.53833333 0.53833333 0.35 0.35 0.35 0.34480388 0.26424038 0.26666667 0.26666667 0.26666667 0.26666667 0.69166654 0.69166667
0.55166667 -0.355 -0.355 -0.355 -0.355 -0.355 -0.35500002 -0.39998812 0.59363346 0.60166667 0.60166667 0.60166667 0.60166667 0.60166667 0.60166666 0.60975532 -0.01658279 -0.057020063 0.53490158 0.535 0.535 0.535 0.535 0.53500024 0.39666667 0.39666667 0.39666612 0.0066666667 0.0066666667 0.0076778996 0.51166667 0.51166667 0.22 0.22 0.22 0.44534942 0.48833333 0.48833333 0.48833333 0.53833333 0.53833333 0.53833333 0.35 0.35 0.35 0.35 0.26666667 0.26666667 0.26666667 0.26666667 0.26666667 0.69166667 0.69166667
0.55166667 0.21412497 -0.355 -0.355 -0.355 -0.355 0.24488224 0.245 0.24500001 0.60166667 0.60166667 0.60166667 0.60166667 0.60166667 0.60350506 0.61 0.61 0.61 0.7393756 0.73999979 0.74 0.74 0.74 0.74 0.39666667 0.39666667 0.39666667 0.39666667 0.0066666667 0.51166667 0.51166667 0.51166667 0.22000003 0.22 0.22 0.86166667 0.48882764 0.48833333 0.48833333 0.53835403 0.57971861 0.67625322 0.35 0.35 0.57929021 0.58 0.58 0.26747256 0.75495434 0.75666662 0.75666657 1.0882732 0.69166747
0.55166667 0.27432126 -0.040408047 -0.355 -0.355 0.24464549 0.245 0.245 0.245 0.24757024 0.60166667 0.60166667 0.60166667 0.60166667 0.61 0.61 0.61 0.61 0.73988387 0.74 0.74 0.74 0.74 0.74 0.39666667 0.39666667 0.39666667 0.39666667 0.39708497 0.51166667 0.51166667 0.51166667 0.90999999 0.22008193 0.86166667 0.86166667 0.86166667 0.86310455 0.66475421 0.67666667 0.67666667 0.67666667 0.79666667 0.79666667 0.58 0.58 0.58 0.75666666 0.75666667 0.75666667 0.75666667 1.0883333 1.0883333
0.26706279 0.26666667 0.26666667 0.26666667 0.19666667 0.24499875 0.245 0.245 0.245 0.245 0.60191889 0.60166671 0.60166667 0.61 0.61 0.61 0.61 0.61 0.59346693 0.74 0.74 0.74 0.74 0.74 0.79084738 1.134996 1.135 1.135 1.135 0.51166669 0.90999999 0.91 0.91 0.91 0.86166667 0.86167018 0.995 0.995 0.68064153 0.67666667 0.67666667 0.67666667 0.79666667 0.79666667 0.61354746 0.58 0.58 0.75666667 0.75666667 0.75666667 0.760223 1.0883333 1.0883333
0.26666667 0.26666667 0.26666667 0.23370262 0.19666667 0.19666667 0.245 0.245 0.245 0.245 0.605 0.605 0.605 0.61 0.61 0.61 0.61 0.60996061 0.18666667 0.18666667 0.73999978 0.74 0.74 0.74 0.74355601 1.135 1.135 1.135 1.135 0.91002291 0.91 0.91 0.91 0.91 0.99499953 0.995 0.995 0.995 0.99389744 0.67666667 0.67666667 0.67666667 0.79666667 0.79666667 0.79666667 0.58 0.58 0.75666667 0.75666667 0.75666667 1.0883333 1.0883333 1.0883333
0.26666667 0.26666667 0.26666667 0.19666667 0.19666667 0.19666667 0.19666674 0.245 0.245 0.60462838 0.605 0.605 0.605 0.60500311 0.41708766 0.37166667 0.37166667 0.37166667 0.18666667 0.18666667 0.18666667 0.74 0.74 0.74 0.74003081 0.98551057 1.135 1.135 1.135 1.0845974 1.1183128 1.1183333 1.1183333 1.1183333 1.1183471 1.291666 1.2916667 1.2916667 1.2916667 1.5865422 1.5866667 1.5866667 0.79666667 0.79666667 1.426664 1.4266666 1.2116667 1.2116667 1.1816667 1.1816667 1.1816667 1.0883333 1.1432842
0.26666933 0.26666667 0.26666666 0.19666667 0.19666667 0.19666667 0.19666667 0.73833319 0.24697254 0.60492292 0.605 0.605 0.605 0.60454214 0.37166667 0.37166667 0.37166667 0.37166661 0.18666667 0.18666667 0.18666667 0.74 0.74 0.74 0.85 0.85 1.0433333 1.0433333 1.0433333 1.0437425 1.1183333 1.1183333 1.1183333 1.1183333 1.2049524 1.2916667 1.2916667 1.2916667 1.2916667 1.5866667 1.5866667 1.5866667 1.5816325 1.4266667 1.4266667 1.4266667 1.2116667 1.2116667 1.1816667 1.1816667 1.1816667 1.1433333 1.1433333
1.1233333 0.72596522 0.71 0.70985107 0.19666667 0.73519927 0.73833333 0.73833333 0.79056094 0.52000001 0.52 0.52 0.52 0.52833306 0.52833333 0.37166679 0.37166667 0.36679219 0.18666667 0.18666667 0.18666667 0.46833333 0.46833333 0.46833333 0.85 0.85 1.0433333 1.0433333 1.0433333 1.0433334 1.1116667 1.1116667 1.1181658 1.1183262 1.2964632 1.2966667 1.2966667 1.2966667 1.2966667 1.5866667 1.5866667 1.5866667 1.4354765 1.4266667 1.4266667 1.4266666 1.2116667 1.2116667 1.2116656 1.1816667 1.1816546 0.91166667 1.1433333
0.92837036 0.9283333 0.71 0.71 0.71 0.73833333 0.73833333 0.73833333 0.88166667 0.88166667 0.52 0.52 0.52 0.52833333 0.52833333 0.52833333 0.52833333 0.52829482 0.18666667 0.18666667 0.18666668 0.46833333 0.46833333 0.46833333 0.85 0.85 1.0433333 1.0433333 1.0433333 1.1108962 1.1116667 1.1116667 1.1116667 1.1116667 1.2965754 1.2966667 1.2966667 1.2966667 1.2966667 1.1966668 1.1966667 1.1966667 1.1966667 1.4266629 0.93333333 0.93333333 0.93333333 1.0666667 1.0666667 1.0666667 0.91166667 0.91166667 0.91166667
0.92833333 0.92833333 0.71 0.71 0.71 0.73818441 0.73833333 0.88166667 0.88166667 0.88166667 0.52004452 0.52 0.73789993 0.52833339 0.52833333 0.52833333 0.52833333 0.615 0.615 0.615 0.36333334 0.36333341 0.46833282 0.46833333 0.46849188 0.555 0.555 0.55500116 1.0432544 1.1749874 1.1749997 1.1749889 1.1117749 1.1117213 1.263758 1.2966665 1.2948849 0.765 0.765 1.1966667 1.1966667 1.1966667 1.1966667 0.93333333 0.93333333 0.93333333 0.93333333 1.0666667 1.0666667 1.0666667 0.91166667 0.91166667 0.91166667
0.92833333 0.92833333 0.71 0.71 0.71 0.71 0.79197881 0.88166667 0.88166667 0.88166667 0.88161419 0.78666667 0.78666667 0.78666667 0.52985575 0.52833333 0.61442247 0.615 0.615 0.615 0.36333333 0.36333333 0.36333333 0.36333333 0.555 0.555 0.555 0.555 0.555 1.175 1.175 1.175 1.175 1.1749999 1.1183333 0.765 0.765 0.765 0.765 0.76499937 0.49833333 0.49833333 0.49833333 0.60626299 0.83 0.83 0.83 1.0666667 1.0666668 1.2283333 1.2283333 1.4532016 1.4533333
0.92833333 0.92833333 0.788803 0.71 0.71 0.71000001 1.2526738 0.88283795 0.88166667 0.88166667 0.78666677 0.78666667 0.78666667 0.78666667 0.78666667 0.76546638 0.615 0.615 0.615 0.615 0.36333528 0.36333333 0.36333333 0.36333333 0.555 0.555 0.555 0.555 0.555 0.67620442 1.175 1.175 1.175 1.1183333 1.1183333 1.118059 0.765 0.765 0.84847881 0.91333332 0.49833333 0.49833333 0.49833333 0.60641673 0.83 0.83 0.83 1.3733333 1.23014 1.2283333 1.2283333 1.4533333 1.4533333
1.5066667 1.5066667 1.5066667 0.90974623 0.7110134 1.2533333 1.2533333 1.2533333 1.2533333 1.285 1.285 0.7866667 0.78666667 0.78666667 0.78666667 0.78665581 0.615 0.615 0.615 0.615 0.4731525 0.36333333 0.36333333 0.36983232 0.60914336 0.555 0.555 0.555 0.5 0.5 0.5 0.50000283 1.1183333 1.1183333 1.1183333 1.1183333 0.91333333 0.91333333 0.91333333 0.91333333 0.86666667 0.86666667 0.86666667 1.2616587 1.2616667 1.2616667 1.2616665 1.3733333 1.3733333 1.22851 1.2283333 1.453332 1.4533333
1.5066667 1.5066667 1.5066667 1.506661 1.4016667 1.3800966 1.2533333 1.2533333 1.2533333 1.285 1.285 1.285 1.3933333 1.3933333 1.3933333 1.3933333 0.61633418 0.615 0.615 0.615 0.6111974 0.61166598 0.61166667 0.61166667 0.61166667 0.61166665 0.0050000042 0.005 0.5 0.5 0.5 0.5 1.1183333 1.1183333 1.1183333 1.1183246 0.91333334 0.91333333 0.91333333 0.9142765 0.86666667 0.86666667 0.86666667 1.2616483 1.2616667 1.2616667 1.2616667 1.3733333 1.3733333 1.3733333 1.1866667 1.1866667 1.2883333
1.5066667 1.5066667 1.5066667 1.4016669 1.4016667 1.4016667 1.2533334 1.2533333 1.2533333 1.285 1.285 1.285 1.3933333 1.3933333 1.3933333 1.3895254 1.3433333 1.3433333 1.3433315 0.61911382 0.61166667 0.61166667 0.61166667 0.61166667 0.61166667 0.61121012 0.005 0.005 0.005000001 0.5 0.5 0.50010191 1.0116667 1.0116667 1.0116667 0.97666667 0.97666667 1.1283333 1.1283333 1.1283333 1.3116667 0.86680625 0.86667041 1.3683333 1.3683333 1.3642908 1.2616671 1.3733333 1.3733333 1.1866667 1.1866667 1.1866667 1.2883333
1.5066667 1.5066667 1.5066667 1.4016667 1.4016667 1.4016667 1.4016667 1.2533333 1.2533333 1.285 1.285 1.3890016 1.3933333 1.3933333 1.3933333 1.3433333 1.3433333 1.3433333 1.3433333 1.3433333 0.61166667 0.61166667 0.61166667 0.61166667 0.61166667 0.0050020697 0.005 0.005 0.005 0.65833333 0.65833333 0.65833333 1.0116667 1.0116667 1.0116667 0.97666667 0.97666667 1.1283333 1.1283333 1.3116667 1.3116667 1.3116667 1.3683333 1.3683333 1.3683333 1.3683333 1.356422 1.2233333 1.2233333 1.2233333 1.1866667 1.2 1.2
1.5066667 1.5066667 1.5065204 1.4016667 1.4016667 1.4016667 1.4016667 1.4714809 1.475 1.4746738 1.285 1.3933407 1.3933333 1.3933333 1.3933332 1.3433333 1.3433333 1.3433333 1.3433333 1.3433333 1.2814086 0.61166667 0.61166667 0.61166667 0.61167491 0.0050363839 0.005 0.005 0.005 0.65833333 0.65833333 0.65833333 0.65838607 1.0116667 0.97666667 0.97666667 0.97666667 0.97667294 1.1283458 1.3116667 1.3116667 1.3116667 1.3683299 1.3683333 1.3683333 1.3683333 1.2233308 1.2233333 1.2233333 1.2233333 1.2 1.2 1.2
1.225 1.2250005 1.4017157 1.4016667 1.4016667 1.4016667 1.4749844 1.475 1.475 1.475 1.4816667 1.4816667 1.4816667 1.4816667 1.3439718 1.3433333 1.3433333 1.3433333 1.3433333 1.31 1.31 1.31 0.65166666 0.65166667 0.65166667 0.65166667 0.59585102 0.005 0.86996457 0.87 0.87 0.87 0.87 1.02 1.02 1.02 1.02 1.02 1.3133333 1.3133333 1.3133333 1.3133333 1.3133333 0.9689363 0.96833333 0.96833333 0.96833333 1.2233333 1.2233333 1.2233333 1.2000037 1.2 1.2
