interpolatedSpi/01-01|20_1.tif
NCOLS 53
NROWS 52
XLLCORNER -116.03883
YLLCORNER 28.596182
DX 0.49850594
DY 0.49788537
NODATA_VALUE -9999
-0.23 -0.23 0.063341878 0.11 0.1 -0.22 -0.04 -0.12 -0.73168436 -0.42 -0.3 -0.51 -0.59988554 0.79 0.72 0.72 0.72 0.88 0.84 0.84 0.84 0.83999075 -0.11999999 0.66 0.66 0.66 0.53000297 0.53 0.53 0.23 0.23 0.23 0.23 -0.44999986 -0.45 -0.45 -0.45 -0.45 -0.45 -0.44999999 -0.26202453 -0.26039438 -1.81 -1.81 -1.81 -1.81 -1.810049 -1.84 -1.84 -1.84 0.47999518 0.48 0.48 
-0.23000533 -0.35 -0.28999982 -0.055840542 -0.07001102 0.02 0.39 -0.1404019 -0.67 -0.75 -0.54 -0.6 -0.6 0.0026342309 0.78998984 0.72 0.88 0.88 0.84005215 0.84 0.84 0.84 0.62473315 0.66 0.66 0.66 0.51000001 0.51 0.23 0.23 0.23 0.23 0.23 -0.4499999 -0.45 -0.45 -0.45 -0.45 -0.44999995 -0.39391471 -0.14999158 -1.6085719 -1.81 -1.81 -1.81 -1.81 -1.81 -1.84 -1.84 -1.84 -1.6476234 0.48 0.48 
-0.070015252 -0.07 -0.13 -0.11 -0.1 -0.17 -0.13 -0.52 -0.47 -0.32 -1.69189e-31 -0.53 -0.35 -0.08 -1.1152781e-15 -0.3 0.88 0.88 0.88 0.5600814 0.56 0.56 -0.01 0.66 0.66 0.66 0.51 0.51 0.51 0.23 0.23 0.23000001 0.29739601 -0.44801982 -0.44404297 0.18413538 0.19 0.19 0.14723696 -0.15 -0.15 -0.15212272 -1.81 -1.81 -1.81 -1.81 -1.81 -1.84 -1.84 -1.84 -1.84 0.48 0.48 
-0.6 -0.070000167 -0.90004442 -0.31 -0.93 0.12 -0.57 -0.54 -0.7 -0.54177736 -1.06 -0.73 -0.58 -0.08 -0.31 -0.3 -0.24045906 -0.23921526 -0.76 0.56 0.56 -1.59 -0.01 -0.01 0.66 0.65999925 0.51 0.51 0.51 -0.43 0.0089421818 0.37 0.37 0.36999984 0.19 0.19 0.19 0.19 -0.15 -0.15 -0.15 -0.15000006 -1.81 -1.81 -1.81 -1.81 -1.81 -1.8399996 -1.84 -1.84 -1.84 0.47997779 0.48 
-0.6 -1.7099985 -0.9 -1.4409287 -0.93 -1.32 -0.92004997 -1.13 -1.62 -0.52000039 -0.6731369 -0.74001862 -0.87 -0.31 -0.31 -0.30236634 -0.24 -0.24 -0.76 -0.76 0.55999576 -1.59 -2.21 -0.39 0.02 0.019906576 0.51 0.51 -0.43 -0.43 0.37 0.37 0.37 0.14182645 0.19 0.19 0.19 -0.15 -0.15 -0.15 -0.15 -0.14994401 -1.81 -1.81 -1.81 -1.81 -1.81 -1.810267 -1.84 -1.8399265 -0.2 -0.2 -0.2 
-1.23 -1.49 -0.83000001 -1.1 -0.95 -0.99 -0.5 -0.58065804 -0.44 -0.55 -0.37 -0.36 -0.36000034 -0.22 -0.22 0.089925155 0.09 -0.2 -0.2 -0.75999954 -1.05 -1.05 -0.39 0.02 0.02 -0.38 -0.47 -0.47 0.4299202 -0.43 0.37 0.37 -0.84 -0.83997701 -0.62001555 0.09 0.09 -0.075750521 -0.15 -0.15 0.42927662 0.43 0.43000033 -1.0142987 -1.0000895 -1.0000002 -1 -1.0000003 -1.2839713 -0.2 -0.2 -0.2 -0.2 
-1.189999 -0.97 -1.3266225 -1.18 -1.41 -0.97 -1.05 -1.36 -1.11 -1.11 -0.37 -0.38 -0.26000005 -0.22 -0.22 -0.22 0.09 -0.02 -0.24 -0.24 -1.0452874 -1.04 -1.04 -0.42999999 -0.38 -0.38 -0.47 -0.47 0.42992541 0.42862666 -0.06243259 -0.84 -0.84 -0.62 -0.62 0.23160641 0.09 0.09 0.15999757 0.42999962 0.43 0.43 0.42999969 -0.99999877 -1 -1 -1 -1.0000003 -1.45 -0.20024772 -0.2 -0.2 -0.2 
-1.19 -1.29 -1.46 -1.14 -1.2899914 -0.94 -0.92 -1.4 -0.46 -0.68 -0.68 -0.44 -0.26 -0.26 -0.22027444 -0.45679681 -0.48 -0.22 -0.70999952 -0.24 -0.65905375 -0.62 -1.15 0.31999999 0.31998839 -0.58 -0.82 -0.81999988 -0.8455147 -0.84999998 -0.06 -0.54483347 -0.24 -0.62 -0.60203164 0.35 0.35 0.16 0.16 0.43 0.43 0.43 -0.77509838 -0.78000001 -1 -1 -1 -1.4499829 -1.45 -1.45 -0.2 -0.2 -0.2 
-1.1762133 -1.29 -2.81 -1.19 -1.52 -1.25 -1.31 -0.83 -0.15 0.11315441 0.03 -0.2 -0.2 -0.57 -0.56999661 -0.48 -0.48 -0.48 -0.29479925 -1.16 -1.08 -1.08 -1.13 -1.1421183 -0.48930376 -0.58 -0.48 -0.82 -0.21354471 -0.21 -0.63 0.01 0.060364233 -0.62 0.01 0.37 0.6 0.7 0.39014315 0.43080348 0.61 -0.15 -0.78003254 -0.78 -0.78123828 -1 -1.08 -1.45 -1.45 -1.45 -1.45 -0.10163913 -0.24 
-0.54 -0.54 -2.83 -1.24 -0.93 -1.37 -0.97 -0.96 -0.25 0.17994813 0.15 -1 -0.57 -0.57 -0.21 -0.21370317 -0.48 -0.48011792 -1.04 -1.16 -1.16 -1.1496933 -1.13 -1.1100004 -1.11 -1.11 -0.48 -0.26 -0.26 -0.21 -0.21 0.010189661 0.11 -0.62 -0.45 0.37 0.6 -0.59 0.39 0.64578613 -0.14999997 -0.45489169 -0.98 -0.78 -0.78 -1.08 -1.08 -1.08 -1.45 -1.45 0.59 0.59 0.58999969 
-0.54 -0.54 -1.42 -1.18 -1.33 -1.29 -1.38 -0.50021812 -0.72 -1.31 -1.08 -1.27 -1.0003588 -0.21 -0.21 -0.2100473 -0.62 -0.64204357 -1.04 -0.42 -0.42 -0.4 -0.4 -1.11 -1.11 -1.11 -0.26 -0.26 -0.26 -1.24 -1.24 -1.2399978 -0.25 -0.25 -0.47 -0.48 0.34 -0.75999855 -0.3 0.65 0.65 -0.57000135 -0.98 -0.78 0.55999922 -0.14 0.48323838 0.49 0.24 0.24 0.59 0.59 0.59 
-0.54 -0.91995589 -1.3175834 -1.3099935 -1.55 -1.47 -1.38 -0.5 -0.71999816 -1.3034635 -1.2700001 -1.27 -0.33 -0.21 -0.21 -0.61999999 -0.62 -0.6200239 -1.04 -0.42 -0.41607241 -0.4 -0.4 -1.1099711 -1.11 -0.88975789 -0.44 -0.44 -0.43999998 -1.24 -1.24 -0.76 -0.76 -0.2500006 -0.47 -0.15999977 0.19087053 -0.76 -0.76 0.64999996 -0.57 -0.57 -0.56999189 0.56 0.56 -0.14 0.49 0.49 0.24 0.24 0.59 0.59 0.59 
1.61 0.32548383 0.46993821 0.457096 -1.5499995 -1.4700019 -1.38 -0.5108323 -0.70483975 -0.73540647 -0.33 -0.33 -0.33 -0.33 -0.210017 -0.62 -0.62 -0.62542287 -1.04 -0.41990556 -0.08 -0.08 -0.08 -0.08 -1.0920128 -0.44 -0.44 -0.44 -0.44 -0.44033113 -0.76 -0.76 -0.76 -0.76 -0.16 -0.16 -0.16 -0.7308716 -0.75324051 0.14 0.14 -0.56996181 0.69999521 0.56001348 0.56 -0.14 0.49 0.49 0.24 0.24 0.58873024 0.59 -0.078922062 
1.61 0.47 0.47 0.47 0.47 0.46999918 -1.3802304 -0.96364529 -0.66439372 -0.33043483 -0.33 -0.33 -0.33 -0.33 -0.33000048 -0.61999999 -0.62000007 -0.64880913 -1.039991 -0.08 -0.08 -0.08 -0.08 -0.08 -0.07373251 -0.090276741 0.049999899 0.05 0.05 0.05 -0.76 -0.76 -0.75999934 -0.21 -0.21 -0.16 -0.023893159 -0.02 0.13999991 0.14 0.14 0.14 0.7 0.7 0.7 0.69415437 0.70843776 0.71 0.71 0.71 0.70999999 0.24000007 0.24 
1.07 0.47 0.47 0.47 0.47 0.47 0.46999988 -0.87191033 -0.99772928 -1 -1 -1 -1 -1 -0.99999999 -0.71582964 -0.62146561 -0.67751199 -0.080120563 -0.08 -0.08 -0.08 -0.08 -0.080000291 0.21 0.21 0.20999978 0.05 0.05 0.048878633 -0.51 -0.51 -0.21 -0.21 -0.21 -0.050435758 -0.02 -0.02 -0.02 0.14 0.14 0.14 0.7 0.7 0.7 0.7 0.70999999 0.71 0.71 0.71 0.71 0.24 0.24 
1.07 0.84662682 0.47 0.47 0.47 0.47 -0.1198842 -0.12 -0.12000002 -1 -1 -1 -1 -1 -0.93602397 -0.71 -0.71 -0.71 -0.32923938 -0.32999974 -0.33 -0.33 -0.33 -0.33 0.21 0.21 0.21 0.21 0.05 -0.51 -0.51 -0.51 -0.21000003 -0.21 -0.21 0.37 -0.019483628 -0.02 -0.02 0.14000293 0.14598341 0.15994023 0.7 0.7 0.35108012 0.35 0.35 0.70955497 0.44094353 0.44000002 0.44000005 0.67993334 0.24000089 
1.07 0.7683259 0.61675335 0.47 0.47 -0.1196514 -0.12 -0.12 -0.12 -0.12634153 -1 -1 -1 -0.99999996 -0.71 -0.71 -0.71 -0.71 -0.33033945 -0.33 -0.33 -0.33 -0.33 -0.33 0.20999999 0.21 0.21 0.21 0.20738111 -0.51 -0.51 -0.51 0.15999998 -0.20993207 0.37 0.37 0.37 0.36766253 0.14860497 0.16 0.16 0.16 0.19 0.19 0.35 0.35 0.35 0.44 0.44 0.44 0.44 0.68 0.68 
0.76031217 0.76 0.76 0.76 0.34 -0.11998813 -0.12 -0.12 -0.12 -0.12 -0.9068786 -0.99998397 -0.99999996 -0.71 -0.71 -0.71 -0.71 -0.71 -0.64548937 -0.33 -0.33 -0.33 -0.33 -0.33 -0.068941733 -0.059998537 -0.06 -0.06 -0.06 -0.50999997 0.15999999 0.16 0.16 0.16 0.37 0.36999447 0.16 0.16 0.16 0.16 0.16 0.16 0.19 0.19 0.32522649 0.35 0.35 0.44 0.44 0.44 0.44257342 0.68 0.68 
0.76 0.76 0.76 0.56221573 0.34 0.34 -0.12 -0.12 -0.12 -0.12 0.23 0.23 0.23 -0.71 -0.71 -0.71 -0.71 -0.70992068 -0.16 -0.16 -0.32999993 -0.33 -0.3114972 0.43 0.42558874 -0.06 -0.06 -0.06 -0.06 0.1599776 0.16 0.16 0.16 0.16 0.16000074 0.16 0.16 0.16 0.1600207 0.16 0.16 0.16 0.19 0.19 0.19 0.35 0.35 0.44 0.44 0.44 0.68 0.68 0.68 
0.76 0.76 0.76 0.34 0.34 0.34 0.3399993 -0.12 -0.12 0.2296387 0.23 0.23 0.23 0.22941434 -0.32147724 -0.23 -0.23 -0.23 -0.16 -0.16 -0.16 0.43 0.43 0.43 0.42994678 0.097357293 -0.06 -0.06 -0.059999999 -0.17846023 -0.24995967 -0.25 -0.25 -0.25 0.30894253 0.51999918 0.52 0.52 0.52 0.68992748 0.69 0.69 0.19 0.19 0.86999716 0.86999982 0.36 0.36 0.35 0.35 0.35 0.68 0.41024141 
0.76000053 0.76 0.75999998 0.34 0.34 0.34 0.34 0.28999988 -0.11836066 0.23034458 0.23 0.23 0.23 0.22909735 -0.23 -0.23 -0.23 -0.22999998 -0.16 -0.16 -0.16 0.43 0.43 0.43 0.24 0.24 0.14 0.14 0.14 0.13787243 -0.25 -0.25 -0.25 -0.25 0.13478859 0.52 0.52 0.52 0.52 0.69 0.69 0.69 0.69566349 0.87 0.87 0.87 0.36 0.36 0.35 0.35 0.35 0.41 0.41 
0.93 0.83702814 0.17 0.17004932 0.34 0.2902893 0.29 0.29 0.43210766 0.61 0.61 0.61 0.61 -0.34996875 -0.35 -0.23000009 -0.23 -0.2281556 -0.16 -0.16 -0.16 0.25 0.25 0.25 0.24 0.24 0.14 0.14 0.14 0.13999995 0.069997966 0.069999101 -0.24195728 -0.24965694 0.51912305 0.52 0.52 0.52 0.52 0.69 0.69 0.69 0.86008888 0.87 0.87 0.87000002 0.36 0.36 0.35999964 0.35 0.34999866 0.32 0.41 
0.87001139 0.86999988 0.17 0.17 0.17 0.29 0.29 0.29 0.68 0.68 0.61 0.61 0.61 -0.35 -0.35 -0.35 -0.35 -0.34997846 -0.16 -0.16 -0.15999998 0.25 0.25 0.25 0.24 0.24 0.14 0.14 0.14 0.070789255 0.07 0.07 0.07 0.07 0.51977795 0.52 0.52 0.52 0.52 1.0499999 1.05 1.05 1.05 0.87000077 0.97 0.97 0.97 0.58 0.58 0.58 0.32 0.32 0.32 
0.87 0.87 0.17 0.17 0.17 0.28936926 0.29 0.68 0.68 0.68 0.61000862 0.61 0.36486258 -0.34999985 -0.35 -0.35 -0.35 0.24 0.24 0.24 -0.80999998 -0.80999921 0.24999484 0.25 0.24942213 -0.72 -0.72 -0.71999795 0.13986102 0.23996612 0.2399991 0.23997032 0.070290548 0.070146708 0.43996458 0.52000007 0.52060322 0.7 0.7 1.05 1.05 1.05 1.05 0.97 0.97 0.97 0.97 0.58 0.58 0.58 0.32 0.32 0.32 
0.87 0.87 0.17 0.17 0.17 0.17 0.43596561 0.68 0.68 0.68 0.67979562 0.31 0.31 0.31 -0.34611047 -0.35 0.23606839 0.24 0.24 0.24 -0.81 -0.81 -0.81 -0.81 -0.72 -0.72 -0.72 -0.72 -0.72 0.24 0.24 0.24 0.24 0.24000078 0.61 0.7 0.7 0.7 0.7 0.70000071 0.87 0.87 0.87 0.87000063 0.87 0.87 0.87 0.58000001 0.58000022 0.81 0.81 1.0098321 1.01 
0.87 0.87 0.42265085 0.17 0.17 0.17 0.021171186 0.67792004 0.68 0.68 0.30999996 0.31 0.31 0.31 0.31 0.25589151 0.24 0.24 0.24 0.24 -0.80999188 -0.81 -0.81 -0.81 -0.72 -0.72 -0.72 -0.72 -0.72 -0.092530388 0.24 0.24 0.24 0.61 0.61 0.61006989 0.7 0.7 1.0320393 1.2899999 0.87 0.87 0.87 0.87208553 0.87 0.87 0.87 1.2 0.81485936 0.81 0.81 1.01 1.01 
0.11 0.11 0.11 0.15495635 0.16895443 0.019999999 0.02 0.02 0.02 0.11 0.11 0.30999999 0.31 0.31 0.31 0.30999552 0.24 0.24 0.24 0.24 -0.35181406 -0.81 -0.81 -0.81680431 -1.0544149 -0.72 -0.72 -0.72 -0.21 -0.21 -0.21 -0.20999811 0.61 0.61 0.61 0.61 1.29 1.29 1.29 1.29 0.66 0.66 0.66 1.4599839 1.46 1.46 1.4599998 1.2 1.2 0.81047519 0.81 1.0100005 1.01 
0.11 0.11 0.11 0.10996446 -0.55 -0.46711263 0.02 0.02 0.02 0.11 0.11 0.11 -0.70999995 -0.71 -0.71 -0.70999997 0.23915736 0.24 0.24 0.24 0.22406407 -1.0699993 -1.07 -1.07 -1.07 -1.07 -0.35 -0.35 -0.21 -0.21 -0.21 -0.21 0.61000019 0.61 0.61 0.61002118 1.29 1.29 1.29 1.2892981 0.66 0.66 0.66 1.4599629 1.46 1.46 1.46 1.2 1.2 1.2 1.1 1.1 1.52 
0.11 0.11 0.11 -0.54999848 -0.55 -0.55 0.019999786 0.02 0.02 0.11 0.11 0.11 -0.71 -0.71 -0.71 -0.67268182 -0.22 -0.22 -0.21999881 0.23740179 -1.07 -1.07 -1.07 -1.07 -1.07 -1.0694582 -0.35 -0.35 -0.35 -0.21 -0.21 -0.2096653 0.87 0.87 0.87 1.11 1.11 1.13 1.13 1.13 0.99 0.66010351 0.66000507 1.34 1.34 1.3445479 1.4599992 1.2 1.2 1.1 1.1 1.1 1.52 
0.11 0.11 0.11 -0.55 -0.55 -0.55 -0.55 0.02 0.02 0.11 0.11 -0.67721183 -0.71 -0.71 -0.71 -0.22 -0.22 -0.22 -0.22 -0.22 -1.07 -1.07 -1.07 -1.07 -1.07 -0.35000246 -0.35 -0.35 -0.35 0.31 0.31 0.31 0.87 0.87 0.87 1.11 1.11 1.13 1.13 0.99 0.99 0.99 1.34 1.34 1.34 1.34 1.3802522 1.83 1.83 1.83 1.1 2.07 2.07 
0.11 0.11 0.10908092 -0.55 -0.55 -0.55 -0.55 -0.66424141 -0.67 -0.66866085 0.10999998 -0.70998073 -0.71 -0.71 -0.7099983 -0.22 -0.22 -0.22 -0.22 -0.22 -0.87814419 -1.07 -1.07 -1.07 -1.0700165 -0.35004501 -0.35 -0.35 -0.35 0.31 0.31 0.31 0.3100819 0.87 1.11 1.11 1.11 1.1100009 1.1299905 0.99 0.99 0.99 1.3399788 1.34 1.34 1.34 1.8299998 1.83 1.83 1.83 2.07 2.07 2.07 
-1.43 -1.4299973 -0.54968395 -0.55 -0.55 -0.55 -0.66997447 -0.67 -0.67 -0.67 -0.48 -0.48 -0.48 -0.48 -0.22120004 -0.22 -0.22 -0.22 -0.22 -0.86999961 -0.87 -0.87 -1.15 -1.15 -1.15 -1.15 -1.0809497 -0.35 0.43996764 0.44 0.44 0.44 0.44 1.21 1.21 1.21 1.21 1.21 1.27 1.27 1.27 1.27 1.27 1.8092915 1.81 1.81 1.81 1.83 1.83 1.83 2.0699622 2.07 2.07 
-1.43 -1.43 -1.4284927 -1.2499986 -1.2499998 -1.2494341 -0.67 -0.67 -0.67 -0.67 -0.48 -0.48 -0.48 -0.48 -0.48 -0.22 -0.22 -0.22 -0.86999984 -0.87 -0.87 -0.87 -1.15 -1.15 -1.15 -1.15 -1.15 -1.1498291 0.44042478 0.44 0.44 0.44 0.44017064 1.227007 1.2100176 1.21 1.21 1.21 1.27 1.27 1.27 1.27 1.27 1.81 1.81 1.81 1.81 1.8193524 1.83 1.9387727 1.94 1.85 1.85 
-1.43 -1.43 -1.2500228 -1.25 -1.25 -1.25 -1.1026824 -0.67 -0.67 -0.67 -0.48 -0.48 -0.48 -0.48 -0.48 -0.22019651 -0.22 -0.86980942 -0.87 -0.87 -0.87 -0.87 -1.0462722 -1.15 -1.15 -1.15 -1.15 -1.1480949 1.54 1.54 1.54 1.54 1.54 1.24 1.24 1.24 1.24 1.24 1.38 1.38 1.38 1.38 1.38 1.8106348 1.8100001 1.81 1.8100441 1.8153218 1.94 1.94 1.94 1.8500005 1.85 
-1.4299995 -1.1652639 -1.25 -1.25 -1.25 -1.25 -1.25 -0.67024696 -0.67 -0.67 -0.48 -0.48 -0.48 -0.48 -0.09866243 -0.09 -0.09 -0.86997993 -0.87 -0.87 -0.87 -0.87 -0.86999987 -1.15 -1.15 -1.15 -1.15 1.5199999 1.52 1.5242565 1.54 1.54 1.54 1.24 1.24 1.24 1.24 1.2400406 1.38 1.38 1.38 1.38 1.3800383 2.07 2.07 2.07 2.07 2.0699895 1.94 1.94 1.94 1.9399995 1.0716347 
-1.16 -1.16 -1.1988551 -1.25 -1.25 -1.25 -1.25 -1.25 -0.67024658 -0.37 -0.37 -0.37 -0.37026105 -0.090000562 -0.09 -0.09 -0.09 -0.09 -0.86999293 -0.80948223 -0.28 -0.28 -0.28 -0.49399017 -1.0139382 -0.28589707 0.32898083 1.52 1.52 1.52 1.52 1.52 1.5154715 1.2974186 1.3 1.3 1.3 1.3 1.4739269 1.8799991 1.88 1.88 1.88 1.7700009 2.0699999 2.07 2.07 1.26 1.9399891 1.94 1.94 1.06 1.06 
-1.16 -1.16 -1.31 -1.31 -1.31 -1.25002 -1.25 -1.25 -0.37 -0.37 -0.37 -0.37 -0.37 -0.090000013 -0.09 -0.09 -0.09 -0.09 -0.28 -0.28 -0.28 -0.28 -0.28 0.54999996 0.55 0.55 0.55 1.52 1.52 1.52 1.52 1.52 1.07 1.07 1.3 1.3 1.3 2.2998297 2.3 1.88 1.88 1.88 1.88 1.77 1.77 1.77 1.26 1.26 1.26 1.21 1.21 1.06 1.06 
-1.16 -1.16 -1.31 -1.31 -1.31 -1.31 -1.3099983 -1 -0.37059316 -0.37 -0.37 -0.37 -0.37 -0.093492745 -0.09 -0.09 -0.09 -0.09 -0.28 -0.28 -0.28 -0.28 -0.28 0.55 0.55 0.55 0.55 0.5500039 1.52 1.52 1.52 1.0700236 1.07 1.07 1.07 1.3 2.3 2.3 2.3 2.288949 2.0570318 2.09 2.09 1.77 1.77 1.77 1.26 1.26 1.26 1.21 1.21 1.21 0.89697106 
-1.45 -1.4499977 -1.31 -1.31 -1.31 -1.31 -1 -1 -1 -0.37 -0.37 -0.37 -0.37 -0.36991296 -0.09 -0.09 -0.09 -0.09 -0.27999652 -0.28 -0.28 -0.27999999 0.40378733 0.55 0.55 0.55 0.55 0.34000017 0.34 0.34000001 1.5073186 1.07 1.07 1.07 1.0700006 1.65 2.3 2.3 2.3 2.3 2.09 2.09 2.09 1.59 1.59 1.59 1.0100243 1.26 1.26 1.21 1.21 1.21 0.88000031 
-1.45 -1.45 -1.31 -1.31 -1.31 -1 -1 -1 -1 -0.43907109 -0.37 -0.37 -0.37 -0.36999914 -0.15999194 -0.16 -0.16 -0.16 0.088822676 0.06 0.06 0.06 0.06 0.55 0.55 0.55 0.54998615 0.34 0.34 0.34 0.34 1.0700197 1.3962332 1.65 1.65 1.65 2.2994752 2.1600029 2.16 2.16 2.0897572 1.78 1.78 1.59 1.59 1.5899975 1.01 1.01 1.22 1.22 1.22 0.71 0.99 
-1.45 -1.45 -0.95 -0.95 -0.95 -1 -1 -1 -1 -0.79 -0.79 -0.79 -0.79 -0.74560242 -0.16 -0.16 -0.16 -0.16 0.09 0.06 0.06 0.06 0.06 0.25 0.25000012 0.54999956 0.34 0.34 0.34 0.34 0.71970643 1.09 1.5833677 1.65 1.65 1.65 2.16 2.16 2.16 2.16 1.78 1.78 1.78 1.2301734 1.23 1.0109889 1.01 1.01 1.2199988 1.22 0.71 0.71 0.99 
-1.45 -0.95 -0.95 -0.95 -0.95 -0.95 -0.99774876 -0.71 -0.71 -0.79 -0.79 -0.79 -0.79 -0.7898508 -0.16 -0.16 -0.16 -0.14870421 0.09 0.09 0.06 0.06 0.25 0.25 0.25 0.25 0.34 0.34 0.34 0.34 1.09 1.09 1.09 1.6494333 1.65 1.65 2.16 2.16 2.16 2.16 1.78 1.78 1.78 1.23 1.23 1.2300017 1.26 1.26 0.97 0.97 0.71 0.71 0.99 
-0.95469562 -0.95 -0.95 -0.95 -0.95 -0.95 -0.71 -0.71 -0.71 -0.75281934 -0.79 -0.79 -0.79 -0.78998583 -0.16 -0.16 -0.16 0.09 0.09 0.09 0.060001499 0.060001161 0.25 0.25 0.25 0.25 0.3399936 0.34 0.34 1.0898275 1.09 1.09 1.09 1.09 1.6476256 0.94 0.94 0.96111422 2.16 2.16 1.7800003 1.78 1.2459914 1.23 1.23 1.26 1.26 1.26 0.97 0.97 1.56 1.56 1.95 
-0.95 -0.95 -0.95 -0.95 -0.95 -0.95 -0.71 -0.71 -0.71 -0.71 -0.200017 -0.2 -0.2 -0.2 -0.16000069 -0.30743228 -0.39 -0.39 0.089115123 0.09 0.089999994 0.24999972 0.25 0.25 0.25 0.25 0.25006544 0.34 0.34002563 1.09 1.09 1.09 1.09 1.09 0.94 0.94 0.94 0.94 0.94 0.94000371 0.65 0.65 0.6500002 1.24 1.24 1.24 1.25 1.25 1.67 1.67 1.56 1.5600008 1.95 
-0.95 -0.95 -0.95 -0.95 -0.95 -0.95 -0.71 -0.71 -0.71 -0.2 -0.2 -0.2 -0.2 -0.2 -0.25008354 -0.39 -0.39 -0.39 -0.39 -0.39 -0.36708158 0.25 0.25 0.25 0.25 0.25188406 0.30990598 0.3359166 1.0863014 1.09 1.09 1.09 1.09 1.0899997 0.94 0.94 0.94 0.94 0.94 0.80509267 0.65 0.65 0.65 1.24 1.24 1.24 1.25 1.25 1.67 1.67 1.43 1.9213145 1.95 
-0.95 -0.95 -0.95 -0.95 -0.95 -0.94999993 -0.71000006 -0.71 -0.68883216 -0.2 -0.2 -0.2 -0.2 -0.2 -0.20911357 -0.39 -0.39 -0.39 -0.39 -0.39 -0.39 0.29862798 0.30999992 0.31 0.31 0.31 0.31 0.31 0.8822623 0.89000237 0.89 0.89 0.89 0.89000004 0.94 0.94 0.94 0.94 0.94 0.65000003 0.65 0.65 0.65 0.65000026 1.239519 0.94 1.25 1.063287 1.6694655 1.43 1.43 1.4289607 1.38 
-0.95 -0.95 -0.95 -0.95 -0.95 -0.94998467 -0.71001294 -0.70996914 -0.20000064 -0.2 -0.2 -0.2 -0.2 -0.2 -0.2036153 -0.39 -0.39 -0.39 -0.39 -0.39 -0.39 0.31 0.31 0.31 0.31 0.31 0.31 0.31 0.88983989 0.89 0.89 0.89 0.89 0.89 0.9037 0.94 0.94 0.94 0.94 0.65 0.65 0.65 0.65 0.65007429 0.94 0.94 0.9407521 1.06 1.06 1.43 1.43 1.38 1.38 
-0.95 -0.95 -0.95 -0.95 -0.95 -0.94967993 -0.71027054 -0.25755017 -0.2 -0.2 -0.2 -0.2 -0.2 -0.2 -0.20332628 -0.39 -0.39 -0.39 -0.39 -0.39 -0.29033272 0.31 0.31 0.31 0.31 0.31 0.31 0.31 0.88999767 0.89 0.89 0.89 0.89 0.89 0.89 0.72344311 0.38680408 0.20273484 0.17473117 0.64292935 0.65 0.65 0.65 0.93997684 0.94 0.93838832 0.67000186 1.06 1.06 0.56004362 0.56 0.56 1.3799996 
-0.95 -0.95 -0.95 -0.95 -0.94999976 -0.94799827 -0.66758831 -0.20014024 -0.2 -0.2 -0.2 -0.2 -0.2 -0.2 -0.20443679 -0.39 -0.39 -0.39 -0.39 -0.39 0.30999698 0.31 0.31 0.31 0.31 0.31 0.31 0.31 0.88999984 0.89 0.89 0.89 0.89 0.89 0.88999985 0.16 0.16 0.16 0.16 0.54 0.54 0.54 0.54 0.67000078 0.67 0.67 0.67 0.67000109 0.76 0.76 0.56 0.56 0.44292052 
-0.95 -0.95 -0.95 -0.94999998 -0.9499933 -0.94325276 -0.23540119 -0.20000666 -0.2 -0.2 -0.2 -0.2 -0.2 -0.2 -0.20644977 -0.38999992 -0.39 -0.39 -0.39 -0.38578701 0.31 0.31 0.31 0.31 0.31 0.31 0.31 0.31 0.88999987 0.89 0.89 0.89 0.89 0.89 0.16000067 0.16 0.16 0.16 0.16 0.54 0.54 0.54 0.54 0.57508644 0.67 0.67 0.67 0.75999899 0.76 0.76 0.39 0.39 0.39 
-0.95 -0.95 -0.94999999 -0.94999946 -0.94993306 -0.90167384 -0.20194638 -0.20000167 -0.2 -0.2 -0.2 -0.2 -0.2 -0.20000001 -0.20917659 -0.38999553 -0.39 -0.39 -0.3899992 0.29581689 0.31 0.31 0.31 0.31 0.31 0.31 0.31 0.31 0.88999946 0.89 0.89 0.89 0.89 -0.010411336 0.15999985 0.16 0.16 0.16 0.16 0.54 0.54 0.54 0.54 0.54 0.67 0.67 0.67 0.76 0.76 0.76 0.39 0.39 0.39 
-0.95 -0.94999998 -0.94999977 -0.94999347 -0.94946729 -0.53645221 -0.20034628 -0.20000102 -0.2 -0.2 -0.2 -0.2 -0.2 -0.20000036 -0.21241854 -0.38993061 -0.39 -0.38999998 -0.38637576 0.30994048 0.31 0.31 0.31 0.31 0.31 0.31 0.31 0.31000034 0.88999637 0.89 0.88999913 -0.23186802 -0.34 -0.34 -0.34 0.16 0.16 0.16 0.16 0.54 0.54 0.54 0.54 0.54 0.6699977 0.67 0.67000004 0.75999999 0.76 0.7599998 0.39 0.39 0.39 
