interpolatedSpi/01-03|21_1.tif
NCOLS 53
NROWS 52
XLLCORNER -116.03883
YLLCORNER 28.596182
DX 0.49850594
DY 0.49788537
NODATA_VALUE -9999
[rows 0 to 29 of 52, columns 0 to 52 of 53]
-0.5 -0.5 -0.25594587 -0.59666667 -0.86333333 -0.69333333 -0.80666667 -0.83666667 -0.84947598 -1.0866667 -0.91 -0.84666667 -1.2298993 -0.0066666667 -0.55333333 -0.55333333 -0.55333333 -0.83 -0.16666667 -0.16666667 -0.16666667 -0.16667094 -0.61 -0.27 -0.27 -0.27 -0.21999649 -0.22 -0.22 -0.10666667 -0.10666667 -0.10666667 -0.10666667 -0.9366665 -0.93666667 -0.93666667 -0.93666667 -0.93666667 -0.93666667 -0.93666661 1.051914 1.0728723 -0.73666667 -0.73666667 -0.73666667 -0.73666667 -0.73641622 -0.58333333 -0.58333333 -0.58333333 1.2766628 1.2766667 1.2766667
-0.5000271 -1.11 -0.66333397 -0.89000824 -0.81719931 -0.79 -0.72333333 -1.4397097 -1.4633333 -1.2 -1.1266667 -1.23 -1.23 -0.61463264 -0.0066788639 -0.55333333 -0.83 -0.83 -0.16753156 -0.16666667 -0.16666667 -0.16666667 -0.28912481 -0.27 -0.27 -0.27 -0.97999995 -0.98 -0.10666667 -0.10666667 -0.10666667 -0.10666667 -0.10666667 -0.93666655 -0.93666667 -0.93666667 -0.93666667 -0.93666667 -0.93666658 -0.74144264 0.21662062 -0.62098724 -0.73666667 -0.73666667 -0.73666667 -0.73666667 -0.73666667 -0.58333333 -0.58333333 -0.58333333 -0.42910035 1.2766667 1.2766667
-1.1566506 -1.1566667 -1.2133333 -0.88666667 -1.3533333 -1.5833333 -1.3766667 -1.75 -1.5766667 -1.6733333 -0.99666667 -1.5066667 -0.81333333 -1.2933333 -0.61666667 -1.6133333 -0.83 -0.83 -0.83 -0.90311918 -0.90333333 -0.90333333 -0.63333333 -0.27 -0.27 -0.27 -0.98 -0.98 -0.98 -0.10666667 -0.10666667 -0.10666673 -0.70039342 -0.93460664 -0.92549723 0.25233717 0.26333333 0.26333333 0.2574639 0.21666667 0.21666667 0.21544759 -0.73666667 -0.73666667 -0.73666667 -0.73666667 -0.73666667 -0.58333333 -0.58333333 -0.58333333 -0.58333333 1.2766667 1.2766667
-1.16 -1.1566667 -1.4900133 -0.66 -1.3066667 -1.4233333 -1.7066667 -1.9833333 -1.72 -1.1980993 -1.0433333 -1.9466667 -1.6633333 -1.2933333 -1.23 -1.6133333 -1.5107906 -1.5095236 -1.6333333 -0.90333333 -0.90333333 -1.67 -0.63333333 -0.63333333 -0.27 -0.27000355 -0.98 -0.98 -0.98 -0.64666667 -1.0270832 -1.34 -1.34 -1.3399987 0.26333333 0.26333333 0.26333333 0.26333333 0.21666667 0.21666667 0.21666667 0.21666663 -0.73666667 -0.73666667 -0.73666667 -0.73666667 -0.73666667 -0.58333527 -0.58333333 -0.58333333 -0.58333333 1.2766158 1.2766667
-1.16 -0.89333443 -1.49 -1.3999831 -1.3066667 -1.2833333 -1.7532911 -1.3933333 -1.4 -1.3033334 -1.7899774 -2.0198525 -0.99 -1.23 -1.23 -1.4848641 -1.51 -1.51 -1.6333333 -1.6333333 -0.90333481 -1.67 -1.65 -0.74333333 -0.48 -0.48004456 -0.98 -0.98 -0.64666667 -0.64666667 -1.34 -1.34 -1.34 -1.1476555 0.26333333 0.26333333 0.26333333 0.21666667 0.21666667 0.21666667 0.21666667 0.21658655 -0.73666666 -0.73666667 -0.73666667 -0.73666667 -0.73666667 -0.73530181 -0.58333333 -0.58331973 -0.28 -0.28 -0.28
-1.3466667 -1.0366667 -0.24000004 -0.94 -1.5166667 -1.1166667 -1.3366667 -1.3439216 -1.24 -1.3566667 -0.96 -0.98333333 -0.98333334 -0.69 -0.69 -1.1433462 -1.1433333 -0.57 -0.57 -1.6333327 -1.1766667 -1.1766667 -0.74333333 -0.48 -0.48 -0.67 -0.87 -0.87 0.026604869 -0.64666667 -1.34 -1.34 -0.32 -0.32007837 -1.0699461 -0.42 -0.42 0.0196993 0.21666667 0.21666667 -0.61229814 -0.61333333 -0.61333355 -1.6895435 -1.7065595 -1.7066664 -1.7066666 -1.7066663 -1.552605 -0.28 -0.28 -0.28 -0.28
-0.13334015 -0.77 -0.73091131 -0.28666667 -0.45333333 -1.5 -0.92999999 -1.1166667 -1.3366667 -1.3366667 -0.96 -0.99666667 -0.11000014 -0.69 -1.1966651 -1.1966667 -1.1433333 -1.26 -0.88 -0.88 -1.2175096 -1.2633333 -1.2633333 -0.3 -0.67 -0.67 -0.87 -0.87 0.026638111 0.026140936 -0.7989583 -0.32 -0.32 -1.07 -1.07 -0.58702295 -0.42 -0.42 -0.33333634 -0.61333294 -0.61333333 -0.61333333 -0.61333639 -1.7066666 -1.7066667 -1.7066667 -1.7066667 -1.7066667 -1.8033333 -0.28030188 -0.28 -0.28 -0.28
-0.13333333 0.51 -0.61 -1.1466667 -1.1100021 -1.1033333 -1.27 -1.12 -1.0933333 -1.3733333 -1.3733333 -0.60666667 -0.11 -0.11 -1.1892111 -1.2027384 -1.2033333 -0.54 -0.83666671 -0.88 -0.82748544 -0.84333333 -1.0533333 -0.59666667 -0.59667174 -0.99 -0.66333333 -0.66333341 -0.46161631 -0.46333334 -0.8 -0.4838002 0.29 -1.07 -1.0788416 -0.72666667 -0.72666667 -0.33333333 -0.33333333 -0.61333333 -0.61333333 -0.61333333 -1.687673 -1.6933333 -1.7066667 -1.7066667 -1.7066667 -1.8033297 -1.8033333 -1.8033333 -0.28 -0.28 -0.28
0.11705675 0.50999999 -0.36666667 -0.76333333 -1.6 -1.18 -1.4766667 -1.8733333 -1.77 -1.3712812 -1.1666667 -0.99000001 -0.99 -0.86333333 -0.86333496 -0.87092903 -0.87 -0.87 -0.58528663 -0.43333338 -0.65666667 -0.65666667 -1.0766667 -1.0625286 -0.95036239 -0.99 -0.3 -0.66333333 -0.67327522 -0.67333333 -0.7 -0.45666667 -0.69338023 -1.2566667 -1.38 -1.7266667 -1.6933333 -0.95 -1.4730917 -0.61363092 -0.68 -0.92666667 -1.6932427 -1.6933333 -1.6934084 -1.7066667 -2.4166666 -1.8033333 -1.8033333 -1.8033333 -1.8033333 -0.31361701 -0.99666667
-2.08 -2.08 -0.56666667 -1.2666667 -1.9433333 -1.69 -0.90333333 -1.62 -1.6966667 -1.2699926 -1.2766667 -0.03 -0.86333333 -0.86333333 -1.0366667 -1.0343808 -0.87 -0.87005083 -1.0433333 -0.43333333 -0.43333333 -0.46210617 -1.0766667 -0.9166697 -0.91666667 -0.91666667 -0.3 -0.84 -0.84 -0.67333333 -0.67333333 -0.45755808 -0.92666667 -1.2566667 -1.28 -1.7266667 -1.6933333 -1.25 -1.4733333 -1.2109885 -0.92666666 -1.0038079 -1.1366667 -1.6933333 -1.6933333 -2.4166667 -2.4166667 -2.4166667 -1.8033333 -1.8033333 -0.55 -0.55 -0.55000017
-2.08 -2.08 -0.81 -1.3866667 -1.0866667 -1.4733333 -1.2733333 -0.98021812 -1.0666667 -1.02 -1.25 -0.87 -0.031119522 -1.0366667 -1.0366667 -1.0367251 -1.5433333 -1.517091 -1.0433333 -0.82 -0.82 -0.76 -0.76 -0.91666667 -0.91666667 -0.91666667 -0.84 -0.84 -0.84 -1.5333333 -1.5333333 -1.5333323 -1.2366667 -1.2366667 -1.4166667 -1.56 -1.2433333 -2.3299961 -1.5566667 -1.2066667 -1.2066667 -0.3666692 -1.1366667 -1.6933333 -1.2833338 -1.8233333 -1.3612318 -1.3566667 -1.1566667 -1.1566667 -0.55 -0.55 -0.55
-2.08 -1.5317253 -1.0560842 -1.0166755 -0.75 -1.3566667 -1.2733333 -0.98 -1.0666659 -1.020517 -0.8700002 -0.87 -0.77666667 -1.0366667 -1.0366667 -1.5433333 -1.5433333 -1.5433049 -1.0433333 -0.82 -0.80821722 -0.76 -0.76 -0.91666063 -0.91666667 -0.88927337 -0.83333333 -0.83333333 -0.83333333 -1.5333333 -1.5333333 -1.08 -1.08 -1.2366672 -1.4166667 -1.5333334 -1.3443565 -2.33 -2.33 -1.2066666 -0.36666667 -0.36666667 -0.36667342 -1.2833333 -1.2833333 -1.8233333 -1.3566667 -1.3566667 -1.1566667 -1.1566667 -0.55 -0.55 -0.55
-0.71 -0.80193494 -0.79335465 -0.79494991 -0.75000308 -1.3566523 -1.2733333 -0.98361077 -1.0606944 -1.0654481 -0.77666667 -0.77666667 -0.77666667 -0.77666667 -1.0366298 -1.5433333 -1.5433333 -1.5368775 -1.0433333 -0.82006602 -1.0433333 -1.0433333 -1.0433333 -1.0433333 -0.91873847 -0.83333333 -0.83333333 -0.83333333 -0.83333333 -0.83380527 -1.08 -1.08 -1.08 -1.08 -1.5333333 -1.5333333 -1.5333333 -2.2910545 -2.3221139 -1.28 -1.28 -0.36671579 -0.82001586 -1.2832887 -1.2833333 -1.8233333 -1.3566667 -1.3566667 -1.1566667 -1.1566667 -0.55220092 -0.55 -0.44303016
-0.71 -0.79333333 -0.79333333 -0.79333333 -0.79333333 -0.79333357 -1.2735466 -1.1345502 -1.0447611 -0.77697779 -0.77666667 -0.77666667 -0.77666667 -0.77666667 -0.77666657 -1.5433333 -1.5433333 -1.5090367 -1.0433403 -1.0433333 -1.0433333 -1.0433333 -1.0433333 -1.0433333 -1.0550776 -1.0402769 -1.0633333 -1.0633333 -1.0633333 -1.0633333 -1.08 -1.08 -1.0799999 -1.0333333 -1.0333333 -1.5333333 -0.98890597 -0.97333333 -1.2799998 -1.28 -1.28 -1.28 -0.82 -0.82 -0.82 -0.82698229 -0.44937273 -0.44333333 -0.44333333 -0.44333333 -0.44333335 -0.35333337 -0.35333333
-0.080000001 -0.79333333 -0.79333333 -0.79333333 -0.79333333 -0.79333333 -0.79333336 -0.9201442 -0.63529963 -0.63333333 -0.63333333 -0.63333333 -0.63333333 -0.63333333 -0.63333333 -0.11744709 -1.5204897 -1.4748663 -1.0433335 -1.0433333 -1.0433333 -1.0433333 -1.0433333 -1.0433326 -1.5866667 -1.5866667 -1.5866659 -1.0633333 -1.0633333 -1.063894 -1.3433333 -1.3433333 -1.0333333 -1.0333333 -1.0333333 -0.98294466 -0.97333333 -0.97333333 -0.97333333 -1.28 -1.28 -1.28 -0.82 -0.82 -0.82 -0.82 -0.44333332 -0.44333333 -0.44333333 -0.44333333 -0.44333333 -0.35333333 -0.35333333
-0.08 -0.3455659 -0.79333333 -0.79333333 -0.79333333 -0.79333333 -0.21011449 -0.21 -0.21000001 -0.63333333 -0.63333333 -0.63333333 -0.63333333 -0.63333333 -0.51714698 -0.10666667 -0.10666667 -0.10666667 -0.38866569 -0.38666734 -0.38666667 -0.38666667 -0.38666667 -0.38666667 -1.5866667 -1.5866667 -1.5866667 -1.5866667 -1.0633333 -1.3433333 -1.3433333 -1.3433333 -1.0333334 -1.0333333 -1.0333333 -0.92666667 -0.97327155 -0.97333333 -0.97333333 -1.2798596 -0.99977677 -0.34613282 -0.82 -0.82 0.12042215 0.12333333 0.12333333 -0.44231275 0.17450005 0.17666661 0.17666655 -0.020050405 -0.35333266
-0.08 -0.32004179 -0.55717852 -0.79333333 -0.79333333 -0.21034466 -0.21 -0.21 -0.21 -0.21305066 -0.63333333 -0.63333333 -0.63333333 -0.63333327 -0.10666667 -0.10666667 -0.10666667 -0.10666667 -0.38641655 -0.38666667 -0.38666667 -0.38666667 -0.38666667 -0.38666667 -1.5866666 -1.5866667 -1.5866667 -1.5866667 -1.5857816 -1.3433333 -1.3433333 -1.3433333 -1.3866667 -1.033331 -0.92666667 -0.92666667 -0.92666667 -0.92348229 -0.38322528 -0.34333333 -0.34333333 -0.34333333 -0.10666667 -0.10666667 0.12333333 0.12333333 0.12333333 0.17666667 0.17666667 0.17666667 0.17666667 -0.02 -0.02
-0.32644673 -0.32666667 -0.32666667 -0.32666667 -0.23 -0.21000052 -0.21 -0.21 -0.21 -0.21 -0.59295547 -0.63332638 -0.63333332 -0.10666667 -0.10666667 -0.10666667 -0.10666667 -0.10666667 -0.11115164 -0.38666667 -0.38666667 -0.38666667 -0.38666667 -0.38666667 -1.1300555 -1.4133343 -1.4133333 -1.4133333 -1.4133333 -1.3433333 -1.3866667 -1.3866667 -1.3866667 -1.3866667 -0.92666667 -0.92665903 -0.63666667 -0.63666667 -0.34699604 -0.34333333 -0.34333333 -0.34333333 -0.10666667 -0.10666667 0.087721414 0.12333333 0.12333333 0.17666667 0.17666667 0.17666667 0.17455789 -0.02 -0.02
-0.32666667 -0.32666667 -0.32666667 -0.28114489 -0.23 -0.23 -0.21 -0.21 -0.21 -0.21 -0.1 -0.1 -0.1 -0.10666667 -0.10666667 -0.10666667 -0.10666667 -0.10664739 0.17 0.17 -0.38666644 -0.38666667 -0.39697305 -0.81 -0.81543154 -1.4133333 -1.4133333 -1.4133333 -1.4133333 -1.3866694 -1.3866667 -1.3866667 -1.3866667 -1.3866667 -0.63666769 -0.63666667 -0.63666667 -0.63666667 -0.6355863 -0.34333333 -0.34333333 -0.34333333 -0.10666667 -0.10666667 -0.10666667 0.12333333 0.12333333 0.17666666 0.17666667 0.17666667 -0.02 -0.02 -0.02
-0.32666667 -0.32666667 -0.32666667 -0.23 -0.23 -0.23 -0.22999997 -0.21 -0.21 -0.10011355 -0.1 -0.1 -0.1 -0.10000415 -0.012234052 0.01 0.01 0.010000001 0.17 0.17 0.17 -0.81 -0.81 -0.81 -0.80978057 -0.68599296 -1.4133333 -1.4133333 -1.4133333 -0.47636524 -0.26677682 -0.26666667 -0.26666667 -0.26666667 -0.28461856 0.20999808 0.21 0.21 0.21 0.34990513 0.35 0.35 -0.10666667 -0.10666667 0.13999897 0.13999994 -0.033333333 -0.033333333 -0.053333333 -0.053333333 -0.053333333 -0.02 -0.17985694
-0.32666582 -0.32666667 -0.32666666 -0.23 -0.23 -0.23 -0.23 -0.21 -0.21 -0.10033853 -0.1 -0.1 -0.1 -0.09978415 0.01 0.01 0.01 0.010000046 0.17 0.17 0.17 -0.81 -0.81 -0.81 -0.026666667 -0.026666667 0.12666666 0.12666667 0.12666667 0.12452091 -0.26666667 -0.26666667 -0.26666667 -0.26666667 -0.028464162 0.21 0.21 0.21 0.21 0.35 0.35 0.35 0.3433926 0.14 0.14 0.14 -0.033333333 -0.033333333 -0.053333333 -0.053333333 -0.053333333 -0.18 -0.18
-0.053333333 -0.18632186 -0.43333333 -0.43327434 -0.23 -0.21011572 -0.21 -0.21 -0.26708599 -0.47333333 -0.47333333 -0.47333333 -0.47333333 0.21331098 0.21333333 0.010000156 0.01 0.014215765 0.17 0.17 0.17 0.21 0.21 0.21 -0.026666667 -0.026666667 0.12666667 0.12666667 0.12666667 0.12666696 0.52666162 0.52666444 -0.24672742 -0.26581616 0.47914954 0.48 0.48 0.48 0.48 0.35 0.35 0.35 0.15156331 0.14 0.14 0.14000001 -0.033333333 -0.033333333 -0.033334053 -0.053333333 -0.053336016 -0.11333333 -0.18
-0.19330675 -0.19333337 -0.43333333 -0.43333333 -0.43333333 -0.21 -0.21 -0.21 -0.36666667 -0.36666667 -0.47333333 -0.47333333 -0.47333333 0.21333333 0.21333333 0.21333333 0.21333333 0.21332775 0.17 0.17 0.17 0.21 0.21 0.21 -0.026666667 -0.026666667 0.12666667 0.12666667 0.12666667 0.52215664 0.52666667 0.52666667 0.52666667 0.52666667 0.48002303 0.48 0.48 0.48 0.48 0.43666664 0.43666667 0.43666667 0.43666667 0.14000059 0.21666667 0.21666667 0.21666667 0.086666667 0.086666667 0.086666667 -0.11333333 -0.11333333 -0.11333333
-0.19333333 -0.19333333 -0.43333333 -0.43333333 -0.43333333 -0.21117388 -0.21 -0.36666667 -0.36666667 -0.36666667 -0.4733202 -0.47333333 -0.16282594 0.21333326 0.21333333 0.21333333 0.21333333 0.46333333 0.46333333 0.46333333 0.60999999 0.6099997 0.21000195 0.21 0.21011931 0.52333333 0.52333333 0.52333239 0.12673077 0.79994553 0.79999855 0.79995228 0.52713382 0.52690255 0.48849003 0.48000015 0.48134049 0.88 0.88 0.43666667 0.43666667 0.43666667 0.43666667 0.21666667 0.21666667 0.21666667 0.21666667 0.086666667 0.086666667 0.086666667 -0.11333333 -0.11333333 -0.11333333
-0.19333333 -0.19333333 -0.43333333 -0.43333333 -0.43333333 -0.43333333 -0.26863576 -0.36666667 -0.36666667 -0.36666667 -0.36651568 -0.093333333 -0.093333333 -0.093333333 0.21152608 0.21333333 0.4616674 0.46333333 0.46333333 0.46333333 0.61 0.61 0.61 0.61 0.52333333 0.52333333 0.52333333 0.52333333 0.52333333 0.8 0.8 0.8 0.8 0.80000051 1.0433333 0.88 0.88 0.88 0.88 0.87999936 0.74666667 0.74666667 0.74666667 0.55575744 0.16 0.16 0.16 0.086666669 0.086666699 0.12 0.12 0.0099699959 0.01
-0.19333333 -0.19333333 -0.34671019 -0.43333333 -0.43333333 -0.43333333 -0.3367199 -0.36657212 -0.36666667 -0.36666667 -0.09333336 -0.093333333 -0.093333333 -0.093333333 -0.093333333 -0.068114046 0.46333333 0.46333333 0.46333333 0.46333333 0.60999887 0.61 0.61 0.61 0.52333333 0.52333333 0.52333333 0.52333333 0.52333333 0.81724232 0.8 0.8 0.8 1.0433333 1.0433333 1.0432065 0.88 0.88 1.1313744 1.3266666 0.74666667 0.74666667 0.74666667 0.55909539 0.16 0.16 0.16 0.37666667 0.12319804 0.12 0.12 0.01 0.01
0.06 0.06 0.06 -0.30964111 -0.43290656 -0.33666667 -0.33666667 -0.33666667 -0.33666667 -0.22 -0.22 -0.093333342 -0.093333333 -0.093333333 -0.093333333 -0.09329805 0.46333333 0.46333333 0.46333333 0.46333333 0.54599942 0.61 0.61 0.60982553 0.59977102 0.52333333 0.52333333 0.52333333 0.82333333 0.82333333 0.82333333 0.82333324 1.0433333 1.0433333 1.0433333 1.0433333 1.3266667 1.3266667 1.3266667 1.3266667 0.75 0.75 0.75 0.41667337 0.41666667 0.41666667 0.41666659 0.37666667 0.37666667 0.12031273 0.12 0.01000163 0.01
0.06 0.06 0.06 0.05998923 -0.14 -0.16859856 -0.33666667 -0.33666667 -0.33666667 -0.22 -0.22 -0.22 -0.020000004 -0.02 -0.02 -0.020000004 0.4621915 0.46333333 0.46333333 0.46333333 0.46555696 0.60333335 0.60333333 0.60333333 0.60333333 0.60333333 0.63 0.63 0.82333333 0.82333333 0.82333333 0.82333333 1.0433334 1.0433333 1.0433333 1.0433431 1.3266667 1.3266667 1.3266667 1.3247072 0.75 0.75 0.75 0.41668212 0.41666667 0.41666667 0.41666667 0.37666667 0.37666667 0.37666666 0.33333333 0.33333333 0.51333333
0.06 0.06 0.06 -0.13999954 -0.14 -0.14 -0.33666659 -0.33666667 -0.33666667 -0.22 -0.22 -0.22 -0.02 -0.02 -0.02 -0.030662337 -0.16 -0.16 -0.15999839 0.45981259 0.60333333 0.60333333 0.60333333 0.60333333 0.60333333 0.6033534 0.63 0.63 0.63 0.82333333 0.82333333 0.82314453 1.1633333 1.1633333 1.1633333 0.43 0.43 0.88 0.88 0.88 0.29 0.74985571 0.74999741 0.40333333 0.40333333 0.40383865 0.41666656 0.37666667 0.37666667 0.33333333 0.33333333 0.33333333 0.51333333
0.06 0.06 0.06 -0.14 -0.14 -0.14 -0.14 -0.33666667 -0.33666667 -0.22 -0.22 -0.027997115 -0.02 -0.02 -0.02 -0.16 -0.16 -0.16 -0.16 -0.16 0.60333333 0.60333333 0.60333333 0.60333333 0.60333333 0.62999991 0.63 0.63 0.63 0.53 0.53 0.53 1.1633333 1.1633333 1.1633333 0.43 0.43 0.88 0.88 0.29 0.29 0.29 0.40333333 0.40333333 0.40333333 0.40333333 0.40223804 0.39 0.39 0.39 0.33333334 0.57333333 0.57333333
