interpolatedSpi/01-09|20_1.tif
NCOLS 53
NROWS 52
XLLCORNER -116.03883
YLLCORNER 28.596182
DX 0.49850594
DY 0.49788537
NODATA_VALUE -9999
[rows 0 to 27 of 52, columns 0 to 52 of 53]
-0.084444444 -0.084444444 -0.17096676 -0.36222222 0.036666667 0.075555556 0.24 0.19555556 -0.086851731 -0.21888889 -0.21666667 0.023333333 -0.012197427 0.28888889 -0.02 -0.02 -0.02 0.19666667 0.26555556 0.26555556 0.26555556 0.26555282 -0.018888889 -0.0066666667 -0.0066666667 -0.0066666667 0.23333463 0.23333333 0.23333333 -0.0011111111 -0.0011111111 -0.0011111111 -0.0011111111 0.30555549 0.30555556 0.30555556 0.30555556 0.30555556 0.30555556 0.30555557 0.66281815 0.66648869 -0.032222222 -0.032222222 -0.032222222 -0.032222222 -0.031810257 0.22 0.22 0.22 0.64777689 0.64777778 0.64777778
-0.084451948 -0.25333333 -0.11444406 -0.0075223174 0.21645851 0.21111111 0.24 0.093418392 -0.10444444 -0.048888889 0.088888889 -0.012222222 -0.012222222 0.32321848 0.28888658 -0.02 0.19666667 0.19666667 0.26546573 0.26555556 0.26555556 0.26555556 -0.024621764 -0.0066666667 -0.0066666667 -0.0066666667 0.059999995 0.06 -0.001111111 -0.0011111111 -0.0011111111 -0.0011111111 -0.0011111111 0.30555551 0.30555556 0.30555556 0.30555556 0.30555556 0.30555555 0.26838814 0.064468087 -0.020492324 -0.032222222 -0.032222222 -0.032222222 -0.032222222 -0.032222222 0.22 0.22 0.22 0.25547174 0.64777778 0.64777778
0.41219955 0.41222222 0.21666667 0.59444444 0.16222222 0.1 0.26 -0.071111111 0.052222222 0.045555556 0.38333333 -0.10666667 -0.31666667 -0.0044444444 0.32333333 0.28111111 0.19666667 0.19666667 0.19666667 0.13670414 0.13666667 0.13666667 -0.34777778 -0.0066666667 -0.0066666667 -0.0066666667 0.06 0.06 0.06 -0.0011111111 -0.0011111111 -0.0011111322 -0.21185736 0.30487025 0.30531769 0.28023418 0.28 0.28 0.25288879 0.064444446 0.064444445 0.064320833 -0.032222222 -0.032222222 -0.032222222 -0.032222222 -0.032222222 0.22 0.22 0.22 0.22 0.64777778 0.64777778
0.18 0.41222215 0.047756161 0.26 -0.06 0.16777778 0.28333333 -0.26111111 0.024444444 0.14958349 0.22666667 0.16555556 0.048888889 -0.0044444444 0.20222222 0.28111111 -0.2249869 -0.22859072 -0.33555556 0.13666667 0.13666667 -0.71111111 -0.34777778 -0.34777778 -0.0066666667 -0.0066663337 0.06 0.06 0.06 -0.45666667 -0.4469124 -0.43888889 -0.43888889 -0.43888832 0.28 0.28 0.28 0.28 0.064444444 0.064444444 0.064444444 0.064444441 -0.032222222 -0.032222222 -0.032222222 -0.032222222 -0.032222222 0.21999682 0.22 0.22 0.22 0.6477274 0.64777778
0.18 -0.13666633 0.047777778 0.020771539 -0.06 -0.0022222222 -0.068877527 -0.24888889 -0.28111111 0.0077777067 0.075676421 0.10890528 0.22333333 0.20222222 0.20222222 0.24699386 -0.22888889 -0.22888889 -0.33555556 -0.33555556 0.13666496 -0.71111111 -0.89444444 -0.33888889 -0.26444444 -0.26447944 0.06 0.06 -0.45666667 -0.45666667 -0.43888889 -0.43888889 -0.43888889 -0.40264092 0.28 0.28 0.28 0.064444444 0.064444444 0.064444444 0.064444444 0.064446161 -0.032222221 -0.032222222 -0.032222222 -0.032222222 -0.032222222 -0.029977132 0.22 0.21995003 -0.89444444 -0.89444444 -0.89444444
-0.81222222 -0.10777778 0.24444444 0.028888889 0.16888889 0.20111111 0.027777778 -0.0076434791 0.083333333 -0.20111111 0.14777778 -0.26555556 -0.26555523 -0.014444444 -0.014444444 -0.24665352 -0.24666667 -0.28888889 -0.28888889 -0.33555571 -0.87333333 -0.87333333 -0.33888889 -0.26444444 -0.26444444 -0.41444444 -0.65 -0.65 -0.084478632 -0.45666667 -0.43888889 -0.43888889 -0.24666667 -0.2466633 -0.2144468 -0.36666667 -0.36666667 -0.068929619 0.064444444 0.064444444 0.08220005 0.082222223 0.082222849 -0.73078027 -0.74325474 -0.74333314 -0.74333331 -0.74333307 -1.2593109 -0.89444444 -0.89444444 -0.89444444 -0.89444444
-0.66111459 -0.22222222 -0.55059739 -0.035555556 0.21222222 -0.14666667 -0.044444443 0.023333333 -0.27222222 -0.27222222 0.14777778 -0.13666667 -0.26888893 -0.014444444 -0.19222169 -0.19222222 -0.24666667 -0.41 -0.51444444 -0.51444444 -0.8707152 -0.86777778 -0.86777778 -0.57444444 -0.41444444 -0.41444444 -0.65 -0.65 -0.084461345 -0.084755591 0.17607442 -0.24666667 -0.24666667 -0.21444444 -0.21444444 -0.4725689 -0.36666667 -0.36666667 -0.78998533 0.082221008 0.082222222 0.082222222 0.082224736 -0.74333128 -0.74333333 -0.74333333 -0.74333333 -0.74333371 -1.3733333 -0.89453935 -0.89444444 -0.89444444 -0.89444444
-0.66111111 -0.84333333 -0.41777778 -0.75666667 -0.8299958 -0.37 -0.18333333 -0.49999999 -0.30222222 -0.32 -0.32 -0.44333333 -0.26888889 -0.26888889 -0.19274823 -0.30151306 -0.31222222 -0.31888889 -0.54999996 -0.51444444 -0.73483973 -0.69333333 -0.93 -0.54333333 -0.54333541 -0.70444444 -0.73111111 -0.73111108 -0.37342824 -0.37444443 0.17777778 -0.16682095 -0.13555556 -0.21444444 -0.22027545 -0.56111111 -0.56111111 -0.79 -0.79 0.082222222 0.082222222 0.082222228 -0.37410097 -0.37555557 -0.74333333 -0.74333333 -0.74333333 -1.3733094 -1.3733333 -1.3733333 -0.89444444 -0.89444444 -0.89444444
-0.83810758 -0.84333333 -0.88777778 -0.50333333 -0.40888889 -0.53777778 -0.29555556 0.064444444 0.063333333 0.10231917 -0.047777778 -0.29 -0.29 -0.39333333 -0.39333168 -0.57703765 -0.57777778 -0.57777778 -0.35416836 -1.0944445 -1.1822222 -1.1822222 -0.82666667 -0.88927803 -0.6882087 -0.70444444 -0.70666667 -0.73111111 -0.50134299 -0.5 -0.17555556 0.18555556 -0.033254551 -0.60333333 -0.41888889 -0.48333333 -0.45111111 -0.41 -0.57214731 0.083462159 0.36 -0.20444444 -0.37554578 -0.37555556 -0.37762561 -0.74333333 -0.84555555 -1.3733333 -1.3733333 -1.3733333 -1.3733333 -0.87618335 -0.70666667
-0.80888889 -0.80888889 -0.76 -0.49555556 -0.30888889 -0.33666667 -0.21888889 -0.20777778 0.14555556 0.11220301 -0.10777778 -0.13222222 -0.39333333 -0.39333333 -0.21777778 -0.22271534 -0.57777778 -0.57777743 -0.58777778 -1.0944444 -1.0944444 -1.1057532 -0.82666667 -1.0322183 -1.0322222 -1.0322222 -0.70666667 -0.43777778 -0.43777778 -0.5 -0.5 0.18473158 -0.24888889 -0.60333333 -0.43666667 -0.48333333 -0.45111111 -0.84666667 -0.57222222 0.022425996 -0.20444442 -0.24525993 -0.31555556 -0.37555556 -0.37555556 -0.84555556 -0.84555556 -0.84555556 -1.3733333 -1.3733333 -0.74777778 -0.74777778 -0.74777776
-0.80888889 -0.80888889 -0.97 -0.77111111 -0.81111111 -0.41888889 -0.57111111 0.0064739406 -0.23888889 -0.26444444 -0.18333333 -0.41666667 -0.13260129 -0.21777778 -0.21777778 -0.21780713 -0.47222222 -0.47828712 -0.58777778 -0.48888889 -0.48888889 -0.67222222 -0.67222222 -1.0322222 -1.0322222 -1.0322222 -0.43777778 -0.43777778 -0.43777778 -0.88555556 -0.88555556 -0.88555451 -0.54666667 -0.54666667 -0.62888889 -0.84888889 -0.46777778 -0.60111024 -0.76777778 0.032222222 0.032222222 -0.29000008 -0.31555556 -0.37555556 -0.42000015 -0.63777778 -0.40966318 -0.40777778 -0.56222222 -0.56222222 -0.74777778 -0.74777778 -0.74777778
-0.80888889 -0.87840328 -0.88512702 -0.96221489 -0.78222222 -0.89333333 -0.57111111 0.0066666667 -0.23888684 -0.26416132 -0.41666647 -0.41666667 -0.21555556 -0.21777778 -0.21777778 -0.47222221 -0.47222222 -0.4722288 -0.58777778 -0.48888889 -0.52489183 -0.67222222 -0.67222222 -1.0322073 -1.0322222 -0.92264903 -0.69888889 -0.69888889 -0.69888886 -0.88555556 -0.88555556 -0.92222222 -0.92222222 -0.54666689 -0.62888889 -0.41777791 -0.47276653 -0.60111111 -0.60111111 0.032222212 -0.29 -0.29 -0.29000094 -0.42 -0.42 -0.63777778 -0.40777778 -0.40777778 -0.56222222 -0.56222222 -0.74777778 -0.74777778 -0.74777778
-0.10888889 -0.15670635 -0.090025668 -0.096318285 -0.78222277 -0.89333071 -0.57111112 -0.00044544923 -0.2219676 -0.23955621 -0.21555556 -0.21555556 -0.21555556 -0.21555556 -0.21777746 -0.47222222 -0.47222222 -0.47371423 -0.58777778 -0.4888082 -0.20777778 -0.20777778 -0.20777778 -0.20777778 -1.0179964 -0.69888889 -0.69888889 -0.69888889 -0.69888889 -0.69893662 -0.92222222 -0.92222222 -0.92222222 -0.92222222 -0.41777778 -0.41777778 -0.41777778 -0.59215211 -0.59834056 -0.23222222 -0.23222222 -0.28999689 -0.31778128 -0.41999015 -0.42 -0.63777778 -0.40777778 -0.40777778 -0.56222222 -0.56222222 -0.7471046 -0.74777778 -0.57967335
-0.10888889 -0.09 -0.09 -0.09 -0.09 -0.090000338 -0.5719359 -0.29776003 -0.17682319 -0.21558132 -0.21555556 -0.21555556 -0.21555556 -0.21555556 -0.21555563 -0.47222222 -0.47222224 -0.48014854 -0.58777494 -0.20777778 -0.20777778 -0.20777778 -0.20777778 -0.20777778 -0.21001343 -0.53205952 -0.47777782 -0.47777778 -0.47777778 -0.47777778 -0.92222222 -0.92222222 -0.92222214 -0.85777778 -0.85777778 -0.41777778 -0.50527503 -0.50777778 -0.23222238 -0.23222222 -0.23222222 -0.23222222 -0.31777778 -0.31777778 -0.31777778 -0.32000469 -0.41224107 -0.41222222 -0.41222222 -0.41222222 -0.41222222 0.17444425 0.17444444
0.063333333 -0.09 -0.09 -0.09 -0.09 -0.09 -0.090000033 -0.38861901 -0.32018689 -0.32111111 -0.32111111 -0.32111111 -0.32111111 -0.32111111 -0.32111111 -0.24383875 -0.46858251 -0.48804557 -0.20782552 -0.20777778 -0.20777778 -0.20777778 -0.20777778 -0.20777786 -0.31111111 -0.31111111 -0.31111135 -0.47777778 -0.47777778 -0.47799805 -0.58777778 -0.58777778 -0.85777778 -0.85777778 -0.85777778 -0.56384382 -0.50777778 -0.50777778 -0.50777778 -0.23222222 -0.23222222 -0.23222222 -0.31777778 -0.31777778 -0.31777778 -0.31777778 -0.41222222 -0.41222222 -0.41222222 -0.41222222 -0.41222222 0.17444444 0.17444444
0.063333333 0.0062490755 -0.09 -0.09 -0.09 -0.09 -0.27107557 -0.27111111 -0.27111111 -0.32111111 -0.32111111 -0.32111111 -0.32111111 -0.32111111 -0.30370767 -0.24222222 -0.24222222 -0.24222222 -0.28199549 -0.28222215 -0.28222222 -0.28222222 -0.28222222 -0.28222222 -0.31111111 -0.31111111 -0.31111111 -0.31111111 -0.47777778 -0.58777778 -0.58777778 -0.58777778 -0.85777775 -0.85777778 -0.85777778 -0.18222222 -0.50734673 -0.50777778 -0.50777778 -0.23224281 -0.27310889 -0.36848042 -0.31777778 -0.31777778 -0.33328533 -0.33333333 -0.33333333 -0.41168016 -0.083375423 -0.082222251 -0.082222285 0.12111913 0.17444434
0.063333334 -0.023168117 -0.057388144 -0.09 -0.09 -0.2710041 -0.27111111 -0.27111111 -0.27111111 -0.27147143 -0.32111111 -0.32111111 -0.32111111 -0.3211111 -0.24222222 -0.24222222 -0.24222222 -0.24222222 -0.28218649 -0.28222222 -0.28222222 -0.28222222 -0.28222222 -0.28222222 -0.31111111 -0.31111111 -0.31111111 -0.31111111 -0.31211744 -0.58777778 -0.58777778 -0.58777778 -0.24555556 -0.85769428 -0.18222222 -0.18222222 -0.18222222 -0.18475032 -0.37768266 -0.36888889 -0.36888889 -0.36888889 -0.26222222 -0.26222222 -0.33333333 -0.33333333 -0.33333333 -0.082222225 -0.082222222 -0.082222222 -0.082222222 0.12111111 0.12111111
-0.025398683 -0.025555556 -0.025555556 -0.025555556 -0.10666667 -0.27110687 -0.27111111 -0.27111111 -0.27111111 -0.27111111 -0.30235229 -0.32110788 -0.3211111 -0.24222222 -0.24222222 -0.24222222 -0.24222222 -0.24222222 -0.26478754 -0.28222222 -0.28222222 -0.28222222 -0.28222222 -0.28222222 -0.23836727 -0.14555645 -0.14555556 -0.14555556 -0.14555556 -0.58777776 -0.24555556 -0.24555556 -0.24555556 -0.24555556 -0.18222222 -0.18222822 -0.41 -0.41 -0.36940222 -0.36888889 -0.36888889 -0.36888889 -0.26222222 -0.26222222 -0.32232288 -0.33333333 -0.33333333 -0.082222222 -0.082222222 -0.082222222 -0.08004196 0.12111111 0.12111111
-0.025555556 -0.025555556 -0.025555556 -0.063751988 -0.10666667 -0.10666667 -0.27111111 -0.27111111 -0.27111111 -0.27111111 -0.073333333 -0.073333333 -0.073333333 -0.24222222 -0.24222222 -0.24222222 -0.24222222 -0.24224958 -0.55 -0.55 -0.28222233 -0.28222222 -0.28303375 -0.31555556 -0.31402512 -0.14555556 -0.14555556 -0.14555556 -0.14555556 -0.24554537 -0.24555556 -0.24555556 -0.24555556 -0.24555556 -0.4099992 -0.41 -0.41 -0.41 -0.40983925 -0.36888889 -0.36888889 -0.36888889 -0.26222222 -0.26222222 -0.26222222 -0.33333333 -0.33333333 -0.082222223 -0.082222222 -0.082222222 0.12111111 0.12111111 0.12111111
-0.025555556 -0.025555556 -0.025555556 -0.10666667 -0.10666667 -0.10666667 -0.10666692 -0.27111111 -0.27111111 -0.073537497 -0.073333333 -0.073333333 -0.073333333 -0.073438561 -0.3762266 -0.40777778 -0.40777778 -0.40777778 -0.55 -0.55 -0.55 -0.31555556 -0.31555556 -0.31555556 -0.3155042 -0.1385619 -0.14555556 -0.14555556 -0.14555556 -0.14024866 -0.11890135 -0.11888889 -0.11888889 -0.11888889 -0.29289102 -0.12888953 -0.12888889 -0.12888889 -0.12888889 -0.10892446 -0.10888889 -0.10888889 -0.26222222 -0.26222222 0.25999782 0.25999994 0.10222222 0.10222222 0.10111111 0.10111111 0.10111111 0.12111111 0.28984899
-0.025555362 -0.025555556 -0.025555558 -0.10666667 -0.10666667 -0.10666667 -0.10666667 -0.20222224 -0.27083567 -0.073334341 -0.073333333 -0.073333333 -0.073333333 -0.073989606 -0.40777778 -0.40777778 -0.40777778 -0.40777782 -0.55 -0.55 -0.55 -0.31555556 -0.31555556 -0.31555556 -0.13222222 -0.13222222 -0.18666667 -0.18666667 -0.18666667 -0.18629692 -0.11888889 -0.11888889 -0.11888889 -0.11888889 -0.12388619 -0.12888889 -0.12888889 -0.12888889 -0.12888889 -0.10888889 -0.10888889 -0.10888889 -0.097282233 0.26 0.26 0.26 0.10222222 0.10222222 0.10111111 0.10111111 0.10111111 0.28999999 0.29
0.036666667 -0.0015428673 -0.29888889 -0.29883312 -0.10666667 -0.20166934 -0.20222222 -0.20222222 -0.16983301 -0.074444445 -0.074444444 -0.074444444 -0.074444444 -0.50776367 -0.50777778 -0.40777785 -0.40777778 -0.41152512 -0.55 -0.55 -0.55 -0.47333333 -0.47333333 -0.47333333 -0.13222222 -0.13222222 -0.18666667 -0.18666667 -0.18666667 -0.18666664 -0.14555539 -0.14555548 -0.11955912 -0.11891748 -0.4240939 -0.42444444 -0.42444444 -0.42444444 -0.42444444 -0.10888889 -0.10888889 -0.10888889 0.23968763 0.26 0.26 0.25999995 0.10222222 0.10222222 0.10222218 0.10111111 0.10111454 0.17777778 0.29
-0.18884606 -0.18888891 -0.29888889 -0.29888889 -0.29888889 -0.20222222 -0.20222222 -0.20222222 -0.11333333 -0.11333333 -0.074444444 -0.074444444 -0.074444444 -0.50777778 -0.50777778 -0.50777778 -0.50777778 -0.50778208 -0.55 -0.55 -0.55 -0.47333333 -0.47333333 -0.47333333 -0.13222222 -0.13222222 -0.18666667 -0.18666667 -0.18666667 -0.14601909 -0.14555556 -0.14555556 -0.14555556 -0.14555556 -0.42430683 -0.42444444 -0.42444444 -0.42444444 -0.42444444 -0.40444437 -0.40444444 -0.40444444 -0.40444444 0.25999786 -0.018888889 -0.018888889 -0.018888889 0.074444444 0.074444444 0.074444444 0.17777778 0.17777778 0.17777778
-0.18888889 -0.18888889 -0.29888889 -0.29888889 -0.29888889 -0.20273032 -0.20222222 -0.11333333 -0.11333333 -0.11333333 -0.074449232 -0.074444444 -0.41763683 -0.50777777 -0.50777778 -0.50777778 -0.50777778 -0.61666667 -0.61666667 -0.61666667 -0.65333333 -0.6533332 -0.47333421 -0.47333333 -0.47334559 -0.65555556 -0.65555556 -0.65555444 -0.18674244 -0.16332979 -0.16333324 -0.16333023 -0.14558594 -0.1455709 -0.37478529 -0.42444448 -0.42472744 -0.50888889 -0.50888889 -0.40444444 -0.40444444 -0.40444444 -0.40444444 -0.018888889 -0.018888889 -0.018888889 -0.018888889 0.074444444 0.074444444 0.074444444 0.17777778 0.17777778 0.17777778
-0.18888889 -0.18888889 -0.29888889 -0.29888889 -0.29888889 -0.29888889 -0.16895371 -0.11333333 -0.11333333 -0.11333333 -0.11354385 -0.49444444 -0.49444444 -0.49444444 -0.5076992 -0.50777778 -0.61594106 -0.61666667 -0.61666667 -0.61666667 -0.65333333 -0.65333333 -0.65333333 -0.65333333 -0.65555556 -0.65555556 -0.65555556 -0.65555556 -0.65555556 -0.16333333 -0.16333333 -0.16333333 -0.16333333 -0.16333378 -0.37666667 -0.50888889 -0.50888889 -0.50888889 -0.50888889 -0.50888894 -0.54222222 -0.54222222 -0.54222222 -0.43953469 -0.22666667 -0.22666667 -0.22666667 0.074444436 0.074444407 0.035555556 0.035555556 0.1211249 0.12111111
-0.18888889 -0.18888889 -0.25918661 -0.29888889 -0.29888889 -0.2988889 -0.82761912 -0.11558837 -0.11333333 -0.11333333 -0.4944445 -0.49444444 -0.49444444 -0.49444444 -0.49444444 -0.49555552 -0.61666667 -0.61666667 -0.61666667 -0.61666667 -0.65333305 -0.65333333 -0.65333333 -0.65333333 -0.65555556 -0.65555556 -0.65555556 -0.65555556 -0.65555556 -0.41293639 -0.16333333 -0.16333333 -0.16333333 -0.37666667 -0.37666667 -0.37676934 -0.50888889 -0.50888889 -0.42322149 -0.35666668 -0.54222222 -0.54222222 -0.54222222 -0.44059976 -0.22666667 -0.22666667 -0.22666667 -0.14666667 0.033285084 0.035555556 0.035555556 0.12111111 0.12111111
-0.74111111 -0.74111111 -0.74111111 -0.40976616 -0.29971944 -0.82888889 -0.82888889 -0.82888889 -0.82888889 -0.75222222 -0.75222222 -0.49444446 -0.49444444 -0.49444444 -0.49444444 -0.4944522 -0.61666667 -0.61666667 -0.61666667 -0.61666667 -0.63733319 -0.65333333 -0.65333333 -0.64769215 -0.44747518 -0.65555556 -0.65555556 -0.65555556 -0.50111111 -0.50111111 -0.50111111 -0.50110969 -0.37666667 -0.37666667 -0.37666667 -0.37666667 -0.35666667 -0.35666667 -0.35666667 -0.35666667 -0.54888889 -0.54888889 -0.54888889 -0.15778564 -0.15777778 -0.15777778 -0.1577778 -0.14666667 -0.14666667 0.035333528 0.035555556 0.12111055 0.12111111
-0.74111111 -0.74111111 -0.74111111 -0.74111775 -0.86444444 -0.85927408 -0.82888889 -0.82888889 -0.82888889 -0.75222222 -0.75222222 -0.75222222 -0.76999999 -0.77 -0.77 -0.76999999 -0.61675622 -0.61666667 -0.61666667 -0.61666667 -0.6172109 -0.43777837 -0.43777778 -0.43777778 -0.43777778 -0.43777778 -0.52888889 -0.52888889 -0.50111111 -0.50111111 -0.50111111 -0.50111111 -0.37666667 -0.37666667 -0.37666667 -0.37666694 -0.35666666 -0.35666667 -0.35666667 -0.35640346 -0.54888889 -0.54888889 -0.54888889 -0.15779591 -0.15777778 -0.15777778 -0.15777778 -0.14666667 -0.14666667 -0.14666665 0.01 0.01 0.26555556
