interpolatedSpi/01-02|22_2.tif
NCOLS 53
NROWS 52
XLLCORNER -116.03883
YLLCORNER 28.596182
DX 0.49850594
DY 0.49788537
NODATA_VALUE -9999
0.78 0.78 0.80313248 0.58 1.415 1.125 0.97 0.925 0.81943855 0.34 0.95 0.77 0.92506341 1.695 1.435 1.435 1.435 1.205 1.32 1.32 1.32 1.3199878 0.055000009 0.95 0.95 0.95 0.62500608 0.625 0.625 0.255 0.255 0.255 0.255 -1.8199996 -1.82 -1.82 -1.82 -1.82 -1.82 -1.82 -0.31124941 -0.29538685 -1.815 -1.815 -1.815 -1.815 -1.8160372 -2.45 -2.45 -2.45 -0.35000436 -0.35 -0.35 
0.77998356 0.41 0.36499995 0.40830346 0.78018183 1.095 1.29 0.77009091 0.835 0.84 0.8 0.925 0.925 1.2066339 1.6949918 1.435 1.205 1.205 1.3198501 1.32 1.32 1.32 0.94131488 0.95 0.95 0.95 1.9049999 1.905 0.255 0.255 0.255 0.255 0.255 -1.8199997 -1.82 -1.82 -1.82 -1.82 -1.8199998 -1.3593961 0.93986452 -1.4807029 -1.815 -1.815 -1.815 -1.815 -1.815 -2.45 -2.45 -2.45 -2.275866 -0.35 -0.35 
0.42000748 0.42 0.32 0.765 0.21 0.015 0.055 0.24 0.19 0.73 1.405 0.135 0.8 1.535 1.205 0.385 1.205 1.205 1.205 1.6149142 1.615 1.615 0.785 0.95 0.95 0.95 1.905 1.905 1.905 0.255 0.255 0.25500006 0.81101708 -1.8123129 -1.7970561 0.62241204 0.645 0.645 0.68210323 0.94 0.94 0.93647705 -1.815 -1.815 -1.815 -1.815 -1.815 -2.45 -2.45 -2.45 -2.45 -0.35 -0.35 
-0.255 0.41999978 -0.69002987 0.85 -0.795 0.025 -0.475 -0.605 0.755 0.41362659 0.4 -0.049999999 0.465 1.535 0.58 0.385 0.067448304 0.06579875 -0.465 1.615 1.615 -0.09 0.785 0.785 0.95 0.95000477 1.905 1.905 1.905 0.195 0.86164344 1.41 1.41 1.4099994 0.645 0.645 0.645 0.645 0.94 0.94 0.94 0.9399999 -1.815 -1.815 -1.815 -1.815 -1.815 -2.449992 -2.45 -2.45 -2.45 -0.35000327 -0.35 
-0.255 -0.47500039 -0.69 -1.1241432 -0.795 -0.795 -0.59500058 -0.68 -0.325 0.64999968 0.5639478 0.52502722 0.715 0.58 0.58 0.44449823 0.065 0.065 -0.465 -0.465 1.6149966 -0.09 0.47 1.085 0.92 0.91999323 1.905 1.905 0.195 0.195 1.41 1.41 1.41 1.2534841 0.645 0.645 0.645 0.94 0.94 0.94 0.94 0.94001689 -1.815 -1.815 -1.815 -1.815 -1.815 -1.8206523 -2.45 -2.4499103 -0.45 -0.45 -0.45 
-1.09 -0.545 0.265 -0.215 -1.385 -0.98 -0.13 -0.20041575 -0.285 -0.445 -0.14 0.53 0.53000012 -0.03 -0.03 0.055056737 0.055 0.18 0.18 -0.46499885 0.25 0.25 1.085 0.92 0.92 0.89 0.51 0.51 1.0699195 0.195 1.41 1.41 0.58 0.57993679 -0.02495655 0.385 0.385 0.76829808 0.94 0.94 1.1147817 1.115 1.1150013 -0.94562267 -0.93009781 -0.93000024 -0.93000003 -0.93000033 -0.6446109 -0.45 -0.45 -0.45 -0.45 
-0.99000286 0.255 -0.36849315 -0.24 -0.475 -1.455 -1.095 -1.045 -0.95 -0.95 -0.14 0.015 0.084999926 -0.03 0.28999904 0.29 0.055 0.43 0.835 0.835 0.20758616 0.16 0.16 0.885 0.89 0.89 0.51 0.51 1.0699525 1.0691256 1.182133 0.58 0.58 -0.025 -0.025 0.4312944 0.385 0.385 0.84498406 1.1149996 1.115 1.115 1.1150063 -0.92999205 -0.93 -0.93 -0.93 -0.92999981 -0.615 -0.4500327 -0.45 -0.45 -0.45 
-0.99 -1.335 -0.22 -0.86 -0.66501118 -1.055 -1.1 -0.91499999 -1.005 -1.09 -1.09 -0.205 0.085 0.085 0.28859351 -0.074302788 -0.11 0.575 -0.27499886 0.835 0.99175649 1.145 -0.5 0.83499999 0.83499149 0.175 0.43 0.43000003 0.25785587 0.25500002 1.185 0.14443024 0.035 -0.025 0.0010968958 0.47 0.47 0.845 0.845 1.115 1.115 1.115 0.50149036 0.49499993 -0.93 -0.93 -0.93 -0.61501199 -0.615 -0.615 -0.45 -0.45 -0.45 
-1.2879682 -1.335 -1.11 0.115 -0.425 -1.1 -0.795 -1.325 -1.33 -0.55648552 -0.605 -0.345 -0.345 -0.06 -0.060004561 -0.78810478 -0.79 -0.79 0.4452462 -0.84499996 -0.66 -0.65999998 1.74 0.38274718 0.24151057 0.175 0.875 0.43 1.3695086 1.375 0.175 1.835 1.3111948 0.585 0.89 0.59 1.09 -0.045 0.86957749 1.1175667 1.69 1.46 0.49505537 0.495 0.48697933 -0.93 -0.865 -0.615 -0.615 -0.615 -0.615 -0.28440511 0.19 
-1.025 -1.025 -0.74 -0.33 -0.34 -1.23 -0.66 -1.33 -1.095 -0.36013832 -0.775 0.94 -0.06 -0.06 -0.545 -0.54836029 -0.79 -0.79001048 -0.87 -0.845 -0.845 -0.82116578 1.74 0.68501998 0.685 0.685 0.875 0.67 0.67 1.375 1.375 1.8330275 0.795 0.585 0.29 0.59 1.09 0.43 0.87 1.4897896 1.46 1.2304129 0.835 0.495 0.495 -0.865 -0.865 -0.865 -0.615 -0.615 0.88 0.88 0.87999974 
-1.025 -1.025 -1.42 -1.67 -1.185 0.195 -0.86 -0.096319078 -0.31 -0.705 -1.38 -0.975 0.93744909 -0.545 -0.545 -0.54499827 -0.53 -0.54784479 -0.87 -0.405 -0.405 -0.655 -0.655 0.685 0.685 0.685 0.67 0.67 0.67 0.65 0.65 0.65000024 0.35 0.35 -0.145 -0.44 1.16 0.50499838 0.665 1.5 1.5 0.57500085 0.835 0.495 0.41999949 -0.29 0.89239856 0.9 1.35 1.35 0.88 0.88 0.88 
-1.025 -1.1956585 -1.5266839 -1.3999962 -0.83 -0.435 -0.86 -0.095 -0.3099982 -0.70062388 -0.97499965 -0.975 -0.23 -0.545 -0.545 -0.53 -0.53 -0.53001935 -0.87 -0.405 -0.45409491 -0.655 -0.655 0.68494604 0.685 0.42695514 -0.1 -0.1 -0.099999903 0.65 0.65 0.385 0.385 0.34999864 -0.145 0.57999992 1.0245005 0.505 0.505 1.5 0.575 0.575 0.57499892 0.42 0.42 -0.29 0.9 0.9 1.35 1.35 0.88 0.88 0.88 
-0.23 -0.17469558 -0.065059409 -0.074667754 -0.82999825 -0.43500933 -0.85999999 -0.10441671 -0.2951843 -0.3203145 -0.23 -0.23 -0.23 -0.23 -0.54495538 -0.53 -0.53 -0.53438994 -0.87 -0.40507961 -0.67 -0.67 -0.67 -0.67 0.66141881 -0.1 -0.1 -0.1 -0.1 -0.099536235 0.385 0.385 0.385 0.385 0.58 0.58 0.58 0.5083946 0.50710295 0.785 0.785 0.5750113 0.78998733 0.42003564 0.42 -0.29 0.9 0.9 1.35 1.35 0.88170511 0.88 1.5573725 
-0.23 -0.065 -0.065 -0.065 -0.065 -0.065000159 -0.85891204 -0.49805834 -0.25565747 -0.23009598 -0.23 -0.23 -0.23 -0.23 -0.22999991 -0.53 -0.53000005 -0.55332168 -0.86999461 -0.67 -0.67 -0.67 -0.67 -0.67 -0.66729561 -0.08670556 -0.0050000196 -0.005 -0.005 -0.005 0.38499999 0.385 0.38500014 0.505 0.505 0.58 0.75499451 0.76 0.78499999 0.785 0.785 0.785 0.79 0.79 0.79 0.78248418 1.2276058 1.23 1.23 1.23 1.23 0.78000002 0.78 
-0.155 -0.065 -0.065 -0.065 -0.065 -0.065 -0.065000049 -0.57586771 -0.10079736 -0.1 -0.1 -0.1 -0.1 -0.1 -0.1 -0.33029055 -0.52693568 -0.57655733 -0.67002503 -0.67 -0.67 -0.67 -0.67 -0.6699998 -0.545 -0.545 -0.54499924 -0.005 -0.005 -0.0049299145 0.03 0.03 0.505 0.505 0.505 0.71915185 0.76 0.76 0.76 0.785 0.785 0.785 0.79 0.79 0.79 0.79 1.23 1.23 1.23 1.23 1.23 0.78 0.78 
-0.155 -0.12149402 -0.065 -0.065 -0.065 -0.065 -0.31495093 -0.315 -0.31499999 -0.1 -0.1 -0.1 -0.1 -0.1 -0.15184264 -0.335 -0.335 -0.335 -0.4955326 -0.49500018 -0.495 -0.495 -0.495 -0.495 -0.545 -0.545 -0.545 -0.545 -0.0050000001 0.03 0.03 0.03 0.50499996 0.505 0.505 0.92 0.76021184 0.76 0.76 0.78494532 0.67580269 0.4210909 0.79 0.79 0.30151217 0.3 0.3 1.2276891 -0.17009016 -0.17499988 -0.17499973 0.030113471 0.77999848 
-0.155 -0.45667396 -0.26741841 -0.065 -0.065 -0.31485229 -0.315 -0.315 -0.315 -0.31345065 -0.1 -0.1 -0.1 -0.10000003 -0.335 -0.335 -0.335 -0.335 -0.49485708 -0.495 -0.495 -0.495 -0.495 -0.495 -0.545 -0.545 -0.545 -0.545 -0.54290853 0.03 0.03 0.03 -0.65999998 0.50501409 0.92 0.92 0.92 0.91421699 0.44152316 0.42 0.42 0.42 0.12 0.12 0.3 0.3 0.3 -0.17499999 -0.175 -0.175 -0.175 0.03 0.03 
-0.46457431 -0.465 -0.465 -0.465 -0.29 -0.31499936 -0.315 -0.315 -0.315 -0.315 -0.13520439 -0.10000606 -0.10000001 -0.335 -0.335 -0.335 -0.335 -0.335 -0.36206268 -0.495 -0.495 -0.495 -0.495 -0.495 -0.69709928 -0.98499762 -0.985 -0.985 -0.985 0.029999965 -0.65999999 -0.66 -0.66 -0.66 0.92 0.91998617 0.395 0.395 0.41968784 0.42 0.42 0.42 0.12 0.12 0.2721298 0.3 0.3 -0.175 -0.175 -0.175 -0.17280187 0.03 0.03 
-0.465 -0.465 -0.465 -0.38258989 -0.29 -0.29 -0.315 -0.315 -0.315 -0.315 -0.565 -0.565 -0.565 -0.335 -0.335 -0.335 -0.335 -0.33496364 -0.565 -0.565 -0.49500003 -0.495 -0.50145163 -0.76 -0.76202558 -0.985 -0.985 -0.985 -0.985 -0.66003309 -0.66 -0.66 -0.66 -0.66 0.39500185 0.395 0.395 0.395 0.39505544 0.42 0.42 0.42 0.12 0.12 0.12 0.3 0.3 -0.175 -0.175 -0.175 0.03 0.03 0.03 
-0.465 -0.465 -0.465 -0.29 -0.29 -0.29 -0.29000004 -0.315 -0.315 -0.56474193 -0.565 -0.565 -0.565 -0.5648567 -0.15692707 -0.115 -0.115 -0.115 -0.565 -0.565 -0.565 -0.76 -0.76 -0.76 -0.75996358 -0.79879387 -0.985 -0.985 -0.985 -1.1634962 -1.26994 -1.27 -1.27 -1.27 0.15820251 -0.16999872 -0.17 -0.17 -0.17 0.045051311 0.045 0.045 0.12 0.12 0.075000188 0.074999853 -0.34 -0.34 -0.3 -0.3 -0.3 0.03 -0.88917741 
-0.46500107 -0.465 -0.46499999 -0.29 -0.29 -0.29 -0.29000002 -1.8799995 -0.32125748 -0.56507708 -0.565 -0.565 -0.565 -0.56411698 -0.115 -0.115 -0.115 -0.11500013 -0.565 -0.565 -0.565 -0.76 -0.76 -0.76 -0.63 -0.63 -0.565 -0.565 -0.565 -0.568846 -1.27 -1.27 -1.27 -1.27 -0.72030214 -0.17 -0.17 -0.17 -0.17 0.045 0.045 0.045 0.045943915 0.075 0.075 0.075 -0.34 -0.34 -0.3 -0.3 -0.3 -0.88999998 -0.89 
-0.81 -0.64715867 -0.71 -0.70987815 -0.29 -1.8708003 -1.88 -1.88 -1.4828273 -0.65 -0.65 -0.65 -0.65 0.044977375 0.044999999 -0.11499988 -0.115 -0.12685684 -0.565 -0.565 -0.565 -0.195 -0.195 -0.195 -0.63 -0.63 -0.565 -0.565 -0.565 -0.56500003 -0.60000426 -0.60000188 -1.2531606 -1.2692817 -0.93037961 -0.93 -0.93 -0.93 -0.93 0.045 0.045 0.045 0.073347752 0.075 0.075 0.074999924 -0.34 -0.34 -0.33999856 -0.3 -0.30003085 -0.99 -0.89 
-0.45006837 -0.45000005 -0.71 -0.71 -0.71 -1.88 -1.88 -1.88 -0.79 -0.79 -0.65 -0.65 -0.65 0.045 0.045 0.045 0.045 0.044931698 -0.565 -0.565 -0.56499999 -0.195 -0.195 -0.195 -0.63 -0.63 -0.565 -0.565 -0.565 -0.59960537 -0.6 -0.6 -0.6 -0.6 -0.92983716 -0.93 -0.93 -0.93 -0.93 -0.48499986 -0.485 -0.485 -0.485 0.074996739 -0.35 -0.35 -0.35 -0.79 -0.79 -0.79 -0.99 -0.99 -0.99 
-0.45 -0.45 -0.71 -0.71 -0.71 -1.8738503 -1.88 -0.79 -0.79 -0.79 -0.65001723 -0.65 -0.5805444 0.044999861 0.045 0.045 0.045 -0.375 -0.375 -0.375 0.49999998 0.49999948 -0.19499661 -0.195 -0.19522589 -0.37 -0.37 -0.37000046 -0.56496849 -1.0599083 -1.0599976 -1.0599197 -0.60078619 -0.60039698 -0.87152651 -0.9300002 -0.93172588 -1.445 -1.445 -0.485 -0.485 -0.485 -0.485 -0.35 -0.35 -0.35 -0.35 -0.79 -0.79 -0.79 -0.99 -0.99 -0.99 
-0.45 -0.45 -0.71 -0.71 -0.71 -0.71 -1.4720448 -0.79 -0.79 -0.79 -0.78987571 -0.565 -0.565 -0.565 0.04140513 0.045 -0.37220122 -0.375 -0.375 -0.375 0.5 0.5 0.5 0.5 -0.37 -0.37 -0.37 -0.37 -0.37 -1.06 -1.06 -1.06 -1.06 -1.0600014 -1.725 -1.445 -1.445 -1.445 -1.445 -1.4449982 -1.02 -1.02 -1.02 -0.90284897 -0.66 -0.66 -0.66 -0.79 -0.79000032 -1.12 -1.12 -0.82004136 -0.82 
-0.45 -0.45 -0.61615826 -0.71 -0.71 -0.71000002 -1.4438377 -0.7920642 -0.79 -0.79 -0.56500006 -0.565 -0.565 -0.565 -0.565 -0.514972 -0.375 -0.375 -0.375 -0.375 0.49999323 0.5 0.5 0.5 -0.37 -0.37 -0.37 -0.37 -0.37 -0.83092351 -1.06 -1.06 -1.06 -1.725 -1.725 -1.7247826 -1.445 -1.445 -1.523789 -1.585 -1.02 -1.02 -1.02 -0.90340441 -0.66 -0.66 -0.66 -0.84 -1.1165112 -1.12 -1.12 -0.82 -0.82 
-1.195 -1.195 -1.195 -0.83160283 -0.7105159 -1.445 -1.445 -1.445 -1.445 -0.85 -0.85 -0.56500002 -0.565 -0.565 -0.565 -0.56498796 -0.375 -0.375 -0.375 -0.375 0.11817838 0.5 0.5 0.5125618 0.91988603 -0.37 -0.37 -0.37 -0.75 -0.75 -0.75 -0.7500013 -1.725 -1.725 -1.725 -1.725 -1.585 -1.585 -1.585 -1.585 -0.86 -0.86 -0.86 -0.39500935 -0.395 -0.395 -0.39500008 -0.84 -0.84 -1.1196588 -1.12 -0.81999922 -0.82 
-1.195 -1.195 -1.195 -1.1949925 -1.055 -1.1117124 -1.445 -1.445 -1.445 -0.85 -0.85 -0.85 -0.49 -0.49 -0.49 -0.49 -0.3747985 -0.375 -0.375 -0.375 -0.36170568 0.97999868 0.98 0.98 0.98 0.97999996 -0.090000002 -0.09 -0.75 -0.75 -0.75 -0.75 -1.7249997 -1.725 -1.725 -1.7249682 -1.585 -1.585 -1.585 -1.5849781 -0.86 -0.86 -0.86 -0.39502156 -0.395 -0.395 -0.395 -0.84 -0.84 -0.83999998 -0.665 -0.665 -0.41 
-1.195 -1.195 -1.195 -1.0550003 -1.055 -1.055 -1.4449999 -1.445 -1.445 -0.85 -0.85 -0.85 -0.49 -0.49 -0.49 -0.4728641 -0.265 -0.265 -0.26500028 -0.37437868 0.98 0.98 0.98 0.98 0.98 0.97919477 -0.09 -0.09 -0.090000001 -0.75 -0.75 -0.74987127 -1.335 -1.335 -1.335 -1.24 -1.24 -1.58 -1.58 -1.58 -1.51 -0.86020389 -0.8600009 -0.98 -0.98 -0.95782917 -0.3950023 -0.84 -0.84 -0.665 -0.665 -0.665 -0.41 
-1.195 -1.195 -1.195 -1.055 -1.055 -1.055 -1.055 -1.445 -1.445 -0.85 -0.85 -0.50439481 -0.49 -0.49 -0.49 -0.265 -0.265 -0.265 -0.265 -0.265 0.98 0.98 0.98 0.98 0.98 -0.08999635 -0.09 -0.09 -0.09 -0.55 -0.55 -0.55 -1.335 -1.335 -1.335 -1.24 -1.24 -1.58 -1.58 -1.51 -1.51 -1.51 -0.98 -0.98 -0.98 -0.98 -0.93481897 -0.43 -0.43 -0.43 -0.66499999 -0.245 -0.245 
-1.195 -1.195 -1.194805 -1.055 -1.055 -1.055 -1.055 -0.72179588 -0.705 -0.70524895 -0.84999999 -0.49001173 -0.49 -0.49 -0.48999922 -0.265 -0.265 -0.265 -0.265 -0.265 0.040108383 0.98 0.98 0.98 0.97982905 -0.089986497 -0.09 -0.09 -0.09 -0.55 -0.55 -0.55 -0.5501075 -1.335 -1.24 -1.24 -1.24 -1.240014 -1.5799952 -1.51 -1.51 -1.51 -0.98003218 -0.98 -0.98 -0.98 -0.43000166 -0.43 -0.43 -0.43 -0.245 -0.245 -0.245 
-1.18 -1.18 -1.055078 -1.055 -1.055 -1.055 -0.70507448 -0.705 -0.705 -0.705 -0.63 -0.63 -0.63 -0.63 -0.26668459 -0.265 -0.265 -0.265 -0.265 -1.578395e-07 -5.6097327e-21 2.3267442e-10 0.15000014 0.15 0.15 0.15 0.12928491 -0.09 0.15998976 0.16 0.16 0.16 0.16 -1.29 -1.29 -1.29 -1.29 -1.29 -1.375 -1.375 -1.375 -1.375 -1.375 -0.5905879 -0.59 -0.59 -0.59 -0.43 -0.43 -0.43 -0.24502915 -0.245 -0.245 
-1.18 -1.18 -1.1751021 -0.59500092 -0.5950001 -0.59510756 -0.705 -0.705 -0.705 -0.705 -0.63 -0.63 -0.63 -0.63 -0.63 -0.265 -0.265 -0.265 -6.6475251e-08 -8.5242119e-34 -1.8909927e-46 2.4997646e-23 0.15 0.15 0.15 0.15 0.15 0.14994921 0.1596177 0.16 0.16 0.16 0.15984642 -1.3183451 -1.2900294 -1.29 -1.29 -1.29 -1.375 -1.375 -1.375 -1.375 -1.375 -0.59 -0.59 -0.59 -0.59 -0.51518087 -0.43 0.82088648 0.835 0.6 0.6 
-1.18 -1.18 -0.5950741 -0.595 -0.595 -0.595 -0.62293954 -0.705 -0.705 -0.705 -0.63 -0.63 -0.63 -0.63 -0.63 -0.26527758 -0.265 -7.7696254e-05 -3.3642233e-30 -2.068939e-66 -1.8913947e-77 -8.419672e-38 0.094431528 0.15 0.15 0.15 0.15 0.14930573 -0.83 -0.83 -0.83 -0.83 -0.83 -1.34 -1.34 -1.34 -1.34 -1.34 -1.15 -1.15 -1.15 -1.15 -1.15 -0.58822979 -0.58999963 -0.59 -0.58987711 -0.57500748 0.835 0.835 0.835 0.60000132 0.6 
-1.1799998 -1.0868521 -0.59500007 -0.595 -0.595 -0.595 -0.595 -0.70495316 -0.705 -0.705 -0.63 -0.63 -0.63 -0.63 -0.27799609 -0.27 -0.27 -6.9488161e-06 -4.9534371e-27 -7.5775508e-48 -3.5214328e-52 -3.1015151e-21 -4.4434675e-08 0.15 0.15 0.15 0.15 -1.3849994 -1.3849997 -1.2668825 -0.83 -0.83 -0.83 -1.34 -1.34 -1.34 -1.34 -1.3398882 -1.15 -1.15 -1.15 -1.15 -1.1499605 0.135 0.135 0.135 0.135 0.13505646 0.835 0.835 0.835 0.83500013 1.0433727 
-1.085 -1.085 -0.99370642 -0.595 -0.595 -0.595 -0.595 -0.595 -0.70495245 -0.44 -0.44 -0.44 -0.44045091 -0.27000052 -0.27 -0.27 -0.27 -0.27 -2.6380793e-06 -0.02256595 -0.22 -0.22 -0.22 -0.13066562 0.061159625 -0.41420838 -0.81556844 -1.385 -1.385 -1.385 -1.385 -1.385 -1.3621902 -1.1746633 -1.175 -1.175 -1.175 -1.175 -1.0532555 -0.63500093 -0.635 -0.635 -0.635 0.090000132 0.13499999 0.135 0.135 0.845 0.83500016 0.835 0.835 1.05 1.05 
-1.085 -1.085 -1.08 -1.08 -1.08 -0.59516156 -0.595 -0.595 -0.44 -0.44 -0.44 -0.44 -0.44 -0.27000001 -0.27 -0.27 -0.27 -0.27 -0.22 -0.22 -0.22 -0.22 -0.22 -0.95999996 -0.96 -0.96 -0.96 -1.385 -1.385 -1.385 -1.385 -1.385 -1.145 -1.145 -1.175 -1.175 -1.175 -0.74507323 -0.745 -0.635 -0.635 -0.635 -0.63499995 0.09 0.09 0.09 0.845 0.845 0.845 0.84 0.84 1.05 1.05 
-1.085 -1.085 -1.08 -1.08 -1.08 -1.08 -1.079997 -0.525 -0.44008003 -0.44 -0.44 -0.44 -0.44 -0.2721206 -0.27 -0.27 -0.27 -0.27 -0.22 -0.22 -0.22 -0.22 -0.22 -0.96 -0.96 -0.96 -0.96 -0.96000175 -1.385 -1.385 -1.385 -1.1450126 -1.145 -1.145 -1.145 -1.175 -0.74500001 -0.745 -0.745 -0.74210569 -0.34837712 -0.295 -0.295 0.09 0.09 0.09 0.845 0.845 0.845 0.84 0.84 0.84 0.78734226 
-1.06 -1.0600002 -1.08 -1.08 -1.08 -1.08 -0.525 -0.525 -0.525 -0.44 -0.44 -0.44 -0.44 -0.43994715 -0.27 -0.27 -0.27 -0.27 -0.22000112 -0.22 -0.22 -0.22000001 -0.82964922 -0.96 -0.96 -0.96 -0.96 -1.3049997 -1.305 -1.305 -1.3841324 -1.145 -1.145 -1.145 -1.1449996 -0.75000001 -0.745 -0.745 -0.745 -0.745 -0.295 -0.295 -0.295 0.1 0.1 0.1 0.065075962 0.845 0.845 0.84 0.84 0.84 0.75999787 
-1.06 -1.06 -1.08 -1.08 -1.08 -0.525 -0.525 -0.525 -0.525 -0.44931338 -0.44 -0.44 -0.44 -0.44000006 -0.5749649 -0.575 -0.575 -0.575 -0.96516479 -0.835 -0.835 -0.835 -0.835 -0.96 -0.96 -0.96 -0.96002276 -1.305 -1.305 -1.305 -1.305 -1.1449734 -0.92282393 -0.75 -0.75 -0.75 -0.74514934 -0.78499917 -0.785 -0.785 -0.29505875 -0.37 -0.37 0.1 0.1 0.099999852 0.065 0.065 0.05 0.05 0.05 -0.615 -0.005 
-1.06 -1.06 -0.83 -0.83 -0.83 -0.525 -0.525 -0.525 -0.525 -0.305 -0.305 -0.305 -0.305 -0.32402753 -0.575 -0.575 -0.575 -0.575 -0.97 -0.835 -0.835 -0.835 -0.835 -1.235 -1.2349999 -0.96000041 -1.305 -1.305 -1.305 -1.305 -1.1632429 -1.025 -0.78272123 -0.75 -0.75 -0.75 -0.785 -0.785 -0.785 -0.785 -0.37 -0.37 -0.37 -0.85984549 -0.86 0.06084219 0.065 0.065 0.04999443 0.05 -0.615 -0.615 -0.005 
-1.06 -0.83 -0.83 -0.83 -0.83 -0.83 -0.52305928 -0.275 -0.275 -0.305 -0.305 -0.305 -0.305 -0.30506394 -0.575 -0.575 -0.575 -0.59284735 -0.97 -0.97 -0.835 -0.835 -1.235 -1.235 -1.235 -1.235 -1.305 -1.305 -1.305 -1.305 -1.025 -1.025 -1.025 -0.75027828 -0.75 -0.75 -0.785 -0.785 -0.785 -0.785 -0.37 -0.37 -0.37 -0.86 -0.86 -0.86001501 -1.125 -1.125 -1.155 -1.155 -0.615 -0.615 -0.005 
-0.83215999 -0.83 -0.83 -0.83 -0.83 -0.83 -0.275 -0.275 -0.275 -0.29105725 -0.305 -0.305 -0.305 -0.30500602 -0.575 -0.575 -0.575 -0.97 -0.97 -0.97 -0.83500674 -0.83500244 -1.235 -1.235 -1.235 -1.235 -1.304995 -1.305 -1.305 -1.0250644 -1.025 -1.025 -1.025 -1.025 -0.75181842 -1.55 -1.55 -1.5367603 -0.785 -0.785 -0.37000037 -0.37 -0.84575315 -0.86 -0.86 -1.1249999 -1.125 -1.125 -1.155 -1.155 -0.855 -0.855 -0.595 
-0.83 -0.83 -0.83 -0.83 -0.83 -0.83 -0.275 -0.275 -0.275 -0.275 -0.5549928 -0.555 -0.555 -0.555 -0.57499987 -0.5493596 -0.535 -0.535 -0.96919808 -0.97 -0.96999997 -1.2349994 -1.235 -1.235 -1.235 -1.235 -1.2350509 -1.305 -1.3049904 -1.025 -1.025 -1.025 -1.025 -1.025 -1.55 -1.55 -1.55 -1.55 -1.55 -1.5499961 -1.05 -1.05 -1.0500001 -1.355 -1.355 -1.355 -1.22 -1.22 -0.955 -0.955 -0.855 -0.85499943 -0.595 
-0.83 -0.83 -0.83 -0.83 -0.83 -0.83 -0.275 -0.275 -0.275 -0.555 -0.555 -0.555 -0.555 -0.555 -0.54972805 -0.535 -0.535 -0.535 -0.535 -0.535 -0.55576982 -1.235 -1.235 -1.235 -1.235 -1.2296618 -1.0652664 -1.2723197 -1.0263808 -1.025 -1.025 -1.025 -1.025 -1.0250011 -1.55 -1.55 -1.55 -1.55 -1.55 -1.3174012 -1.05 -1.05 -1.05 -1.355 -1.355 -1.355 -1.22 -1.22 -0.955 -0.955 -1.37 -0.63775233 -0.595 
-0.83 -0.83 -0.83 -0.83 -0.83 -0.82999983 -0.27500013 -0.275 -0.28662156 -0.555 -0.555 -0.555 -0.555 -0.555 -0.55404068 -0.535 -0.535 -0.535 -0.535 -0.535 -0.535 -1.0893254 -1.0650002 -1.065 -1.065 -1.065 -1.065 -1.065 -1.1043701 -1.1049991 -1.105 -1.105 -1.105 -1.1050003 -1.55 -1.55 -1.55 -1.55 -1.55 -1.0500001 -1.05 -1.05 -1.05 -1.0500001 -1.3543988 -0.98 -1.22 -1.3526645 -0.95535048 -1.37 -1.37 -1.3650112 -1.13 
-0.83 -0.83 -0.83 -0.83 -0.83 -0.82996455 -0.27502993 -0.27501694 -0.55499965 -0.555 -0.555 -0.555 -0.555 -0.555 -0.55461944 -0.535 -0.535 -0.535 -0.535 -0.535 -0.535 -1.065 -1.065 -1.065 -1.065 -1.065 -1.065 -1.065 -1.104989 -1.105 -1.105 -1.105 -1.105 -1.105 -1.22693 -1.55 -1.55 -1.55 -1.55 -1.05 -1.05 -1.05 -1.05 -1.0499821 -0.98 -0.98 -0.98235032 -1.355 -1.355 -1.37 -1.37 -1.13 -1.13 
-0.83 -0.83 -0.83 -0.83 -0.83 -0.82925983 -0.27566669 -0.52340383 -0.555 -0.555 -0.555 -0.555 -0.555 -0.555 -0.55464987 -0.535 -0.535 -0.535 -0.535 -0.535 -0.61046237 -1.065 -1.065 -1.065 -1.065 -1.065 -1.065 -1.065 -1.1049998 -1.105 -1.105 -1.105 -1.105 -1.105 -1.105 -1.3417614 -1.0180808 -0.84109119 -0.81415865 -1.0442149 -1.05 -1.05 -1.05 -0.98000559 -0.98 -0.98513351 -1.8399977 -1.355 -1.355 -1.6601189 -1.66 -1.66 -1.1300002 
-0.83 -0.83 -0.83 -0.83 -0.82999944 -0.82537164 -0.30309629 -0.55492301 -0.555 -0.555 -0.555 -0.555 -0.555 -0.555 -0.55453297 -0.535 -0.535 -0.535 -0.535 -0.535 -1.0649977 -1.065 -1.065 -1.065 -1.065 -1.065 -1.065 -1.065 -1.105 -1.105 -1.105 -1.105 -1.105 -1.105 -1.1049999 -0.8 -0.8 -0.8 -0.8 -0.96 -0.96 -0.96 -0.96 -1.8399975 -1.84 -1.84 -1.84 -1.8400038 -2.205 -2.205 -1.66 -1.66 -1.5721795 
-0.83 -0.83 -0.83 -0.82999996 -0.8299845 -0.81505973 -0.53674661 -0.55499634 -0.555 -0.555 -0.555 -0.555 -0.555 -0.555 -0.55432108 -0.53500001 -0.535 -0.535 -0.535 -0.53818984 -1.065 -1.065 -1.065 -1.065 -1.065 -1.065 -1.065 -1.065 -1.105 -1.105 -1.105 -1.105 -1.105 -1.105 -0.80000028 -0.8 -0.8 -0.8 -0.8 -0.96 -0.96 -0.96 -0.96 -1.1975082 -1.84 -1.84 -1.84 -2.2049959 -2.205 -2.205 -1.535 -1.535 -1.535 
-0.83 -0.83 -0.82999997 -0.82999874 -0.82984877 -0.78668112 -0.55407162 -0.55499908 -0.555 -0.555 -0.555 -0.555 -0.555 -0.555 -0.55403404 -0.53500047 -0.535 -0.535 -0.53500061 -1.0542614 -1.065 -1.065 -1.065 -1.065 -1.065 -1.065 -1.065 -1.065 -1.105 -1.105 -1.105 -1.105 -1.105 -0.91832927 -0.80000002 -0.8 -0.8 -0.8 -0.8 -0.96 -0.96 -0.96 -0.96 -0.96 -1.84 -1.84 -1.84 -2.205 -2.205 -2.205 -1.535 -1.535 -1.535 
-0.82999999 -0.82999996 -0.82999947 -0.82998519 -0.82916556 -0.65744134 -0.55485159 -0.55499944 -0.555 -0.555 -0.555 -0.555 -0.555 -0.55499996 -0.55369278 -0.5350073 -0.535 -0.53500002 -0.53774407 -1.0649549 -1.065 -1.065 -1.065 -1.065 -1.065 -1.065 -1.065 -1.065 -1.1049997 -1.105 -1.1049998 -0.87241761 -0.85 -0.85 -0.85 -0.8 -0.8 -0.8 -0.8 -0.96 -0.96 -0.96 -0.96 -0.96 -1.8399844 -1.84 -1.8400002 -2.205 -2.205 -2.2049996 -1.535 -1.535 -1.535 
