interpolatedSpi/01-08|20_1.tif
NCOLS 53
NROWS 52
XLLCORNER -116.03883
YLLCORNER 28.596182
DX 0.49850594
DY 0.49788537
NODATA_VALUE -9999
[rows 0 to 34 of 52, columns 0 to 52 of 53]
0.17125 0.17125 0.034621798 -0.1625 0.20125 0.245 0.41125 0.41125 0.081558799 -0.07625 -0.07625 0.20625 0.12628438 0.54375 0.145 0.145 0.145 0.24125 0.265 0.265 0.265 0.26499839 0.0975 0.07125 0.07125 0.07125 0.36125126 0.36125 0.36125 0.1375 0.1375 0.1375 0.1375 0.29999997 0.3 0.3 0.3 0.3 0.3 0.30000001 0.58443594 0.58734021 -0.04 -0.04 -0.04 -0.04 -0.039638623 0.18125 0.18125 0.18125 0.69874893 0.69875 0.69875
0.17124072 -0.0375 0.097500333 0.1881165 0.44228097 0.46125 0.5275 0.32885406 0.07 0.20375 0.21875 0.12625 0.12625 0.55247082 0.54374658 0.145 0.24125 0.24125 0.26496903 0.265 0.265 0.265 0.050524145 0.07125 0.07125 0.07125 0.19499999 0.195 0.1375 0.1375 0.1375 0.1375 0.1375 0.29999998 0.3 0.3 0.3 0.3 0.29999999 0.26022419 0.048770617 -0.029230762 -0.04 -0.04 -0.04 -0.04 -0.04 0.18125 0.18125 0.18125 0.2241616 0.69875 0.69875
0.64747357 0.6475 0.38625 0.82875 0.35625 0.285 0.43375 0.13875 0.255 0.2225 0.54625 -0.04375 -0.18625 0.15875 0.5525 0.21375 0.24125 0.24125 0.24125 0.14378525 0.14375 0.14375 -0.3225 0.07125 0.07125 0.07125 0.195 0.195 0.195 0.1375 0.1375 0.13749998 -0.07672303 0.29929995 0.29915066 0.20958617 0.20875 0.20875 0.18862622 0.048750001 0.04875 0.048636512 -0.04 -0.04 -0.04 -0.04 -0.04 0.18125 0.18125 0.18125 0.18125 0.69875 0.69875
0.21 0.64749989 0.097479894 0.4275 0.035 0.375 0.455 -0.12 0.23125 0.29691428 0.275 0.22875 0.19375 0.15875 0.18125 0.21375 -0.24273056 -0.24590843 -0.365 0.14375 0.14375 -0.84625 -0.3225 -0.3225 0.07125 0.071250618 0.195 0.195 0.195 -0.39375 -0.34642655 -0.3075 -0.3075 -0.30749959 0.20875 0.20875 0.20875 0.20875 0.04875 0.04875 0.04875 0.048749997 -0.04 -0.04 -0.04 -0.04 -0.04 0.18124721 0.18125 0.18125 0.18125 0.69869427 0.69875
0.21 -0.14374956 0.0975 0.10314795 0.035 0.12125 0.15250305 -0.0575 -0.1575 0.093749947 0.11528743 0.12752166 0.27875 0.18125 0.18125 0.19576848 -0.24625 -0.24625 -0.365 -0.365 0.14374801 -0.84625 -0.935 -0.3 -0.22125 -0.22130398 0.195 0.195 -0.39375 -0.39375 -0.3075 -0.3075 -0.3075 -0.27567826 0.20875 0.20875 0.20875 0.04875 0.04875 0.04875 0.04875 0.048761946 -0.039999997 -0.04 -0.04 -0.04 -0.04 -0.038030601 0.18125 0.1811967 -1.0075 -1.0075 -1.0075
-0.6675 -0.0575 0.35624999 0.1275 0.28125 0.31625 0.1125 0.090735131 0.22 -0.11625 0.1325 -0.2375 -0.23749966 -0.04 -0.04 -0.18875483 -0.18875 -0.28125 -0.28125 -0.36500012 -0.97125 -0.97125 -0.3 -0.22125 -0.22125 -0.4525 -0.7 -0.7 -0.0037858156 -0.39375 -0.3075 -0.3075 -0.13875 -0.13874687 -0.10875222 -0.31875 -0.31875 -0.064944514 0.04875 0.04875 0.17234566 0.1725 0.17250054 -0.80377499 -0.81741407 -0.81749979 -0.81749997 -0.81749971 -1.4094658 -1.0075 -1.0075 -1.0075 -1.0075
-0.65250189 -0.12625 -0.52370101 0.05375 0.32625 -0.03125 0.052500001 0.085 -0.26375 -0.26375 0.1325 -0.10125 -0.45 -0.04 -0.20874949 -0.20875 -0.18875 -0.4225 -0.505 -0.505 -0.93767238 -0.9 -0.9 -0.65624999 -0.4525 -0.4525 -0.7 -0.7 -0.0037674831 -0.0040718756 0.31433746 -0.13875 -0.13875 -0.10875 -0.10875 -0.47056841 -0.31875 -0.31875 -0.81623276 0.17249862 0.1725 0.1725 0.17250201 -0.81749727 -0.8175 -0.8175 -0.8175 -0.81750043 -1.53375 -1.0076043 -1.0075 -1.0075 -1.0075
-0.6525 -0.87875 -0.445 -0.70875 -0.82874312 -0.31875 -0.15125 -0.48499999 -0.3375 -0.3525 -0.3525 -0.485 -0.45 -0.45 -0.2104052 -0.28844123 -0.29625 -0.33375 -0.51874999 -0.505 -0.74835786 -0.7075 -0.93875 -0.53625 -0.53625213 -0.70125 -0.74125 -0.74124999 -0.30269876 -0.30374999 0.31625 -0.015863187 -0.01 -0.10875 -0.11645072 -0.5975 -0.5975 -0.81625 -0.81625 0.1725 0.1725 0.17250001 -0.32702016 -0.32875002 -0.8175 -0.8175 -0.8175 -1.5337227 -1.53375 -1.53375 -1.0075 -1.0075 -1.0075
-0.85580302 -0.87874999 -0.96375 -0.49625 -0.3825 -0.52625 -0.30125 0.06875 0.04875 0.045759609 -0.0875 -0.31625 -0.31625 -0.48875 -0.48874853 -0.63779542 -0.63875 -0.63875 -0.36199054 -1.0475 -1.18875 -1.18875 -0.845 -0.90180466 -0.68462236 -0.70125 -0.71 -0.74125 -0.45293519 -0.45125 -0.0175 0.335 0.11087347 -0.53125 -0.37875 -0.4575 -0.395 -0.33125 -0.51991284 0.17359362 0.4175 -0.11875 -0.32873982 -0.32875 -0.33150095 -0.8175 -0.88125 -1.53375 -1.53375 -1.53375 -1.53375 -0.96968087 -0.82375
-0.7275 -0.7275 -0.79125 -0.52 -0.26 -0.37375 -0.23 -0.28 0.105 0.044976535 -0.13875 -0.23625 -0.48875 -0.48875 -0.3325 -0.33670036 -0.63875 -0.63873145 -0.565 -1.0475 -1.0475 -1.0656977 -0.845 -0.97374756 -0.97375 -0.97375 -0.71 -0.34375 -0.34375 -0.45125 -0.45125 0.33415601 -0.11 -0.53125 -0.34625 -0.4575 -0.395 -0.82875 -0.52 0.1416008 -0.11874998 -0.17293256 -0.26625 -0.32875 -0.32875 -0.88125 -0.88125 -0.88125 -1.53375 -1.53375 -0.70375 -0.70375 -0.70375004
-0.7275 -0.7275 -0.98625 -0.835 -0.73 -0.41125 -0.60874999 -0.052686956 -0.31 -0.4325 -0.32 -0.56375 -0.23668637 -0.3325 -0.3325 -0.33251788 -0.4875 -0.49156756 -0.565 -0.355 -0.355 -0.50125 -0.50125 -0.97375 -0.97375 -0.97375 -0.34375 -0.34375 -0.34375 -0.8075 -0.8075 -0.80749885 -0.28625 -0.28625 -0.44625 -0.77625 -0.35 -0.50624931 -0.7275 0.1525 0.1525 -0.19750023 -0.26625 -0.32875 -0.37625016 -0.60375 -0.3622449 -0.36 -0.5075 -0.5075 -0.70375 -0.70375 -0.70375
-0.7275 -0.83919477 -0.92170623 -1.0349916 -0.8225 -0.915 -0.60875 -0.0525 -0.30999785 -0.43114285 -0.56374983 -0.56375 -0.26875 -0.3325 -0.3325 -0.48749999 -0.4875 -0.48750441 -0.565 -0.355 -0.38372052 -0.50125 -0.50125 -0.97373071 -0.97375 -0.84020768 -0.5675 -0.5675 -0.56749997 -0.8075 -0.8075 -0.8525 -0.8525 -0.28625044 -0.44625 -0.26625013 -0.36202648 -0.50625 -0.50625 0.15249999 -0.1975 -0.1975 -0.1975013 -0.37625 -0.37625 -0.60375 -0.36 -0.36 -0.5075 -0.5075 -0.70375 -0.70375 -0.70375
-0.0775 -0.11365506 -0.041279812 -0.048448395 -0.82250041 -0.91499782 -0.60875001 -0.059347122 -0.29225562 -0.3131988 -0.26875 -0.26875 -0.26875 -0.26875 -0.33249097 -0.4875 -0.4875 -0.48850065 -0.565 -0.35496228 -0.22 -0.22 -0.22 -0.22 -0.96065816 -0.5675 -0.5675 -0.5675 -0.5675 -0.56758053 -0.8525 -0.8525 -0.8525 -0.8525 -0.26625 -0.26625 -0.26625 -0.49458318 -0.50325517 -0.1075 -0.1075 -0.19749516 -0.23625479 -0.37623652 -0.37625 -0.60375 -0.36 -0.36 -0.5075 -0.5075 -0.70303803 -0.70375 -0.75334883
-0.0775 -0.04125 -0.04125 -0.04125 -0.04125 -0.041250368 -0.6095339 -0.34558662 -0.24491528 -0.26879747 -0.26875 -0.26875 -0.26875 -0.26875 -0.26875 -0.4875 -0.48750001 -0.49281597 -0.5649978 -0.22 -0.22 -0.22 -0.22 -0.22 -0.22254131 -0.41931973 -0.35250004 -0.3525 -0.3525 -0.3525 -0.8525 -0.8525 -0.85249978 -0.66625 -0.66625 -0.26625 -0.39871112 -0.4025 -0.10750017 -0.1075 -0.1075 -0.1075 -0.23625 -0.23625 -0.23625 -0.23880747 -0.31161781 -0.31125 -0.31125 -0.31125 -0.31125 0.10499983 0.105
0.09 -0.04125 -0.04125 -0.04125 -0.04125 -0.04125 -0.041250038 -0.40807076 -0.27219425 -0.2725 -0.2725 -0.2725 -0.2725 -0.2725 -0.2725 -0.19169743 -0.48278571 -0.49811226 -0.22004335 -0.22 -0.22 -0.22 -0.22 -0.22000006 -0.3375 -0.3375 -0.33750002 -0.3525 -0.3525 -0.35298309 -0.59375 -0.59375 -0.66625 -0.66625 -0.66625 -0.44474975 -0.4025 -0.4025 -0.4025 -0.1075 -0.1075 -0.1075 -0.23625 -0.23625 -0.23625 -0.23625 -0.31125 -0.31125 -0.31125 -0.31125 -0.31125 0.105 0.105
0.09 0.041137116 -0.04125 -0.04125 -0.04125 -0.04125 -0.23246246 -0.2325 -0.2325 -0.2725 -0.2725 -0.2725 -0.2725 -0.2725 -0.25429992 -0.19 -0.19 -0.19 -0.2748324 -0.27499994 -0.275 -0.275 -0.275 -0.275 -0.3375 -0.3375 -0.3375 -0.3375 -0.3525 -0.59375 -0.59375 -0.59375 -0.66624999 -0.66625 -0.66625 -0.1025 -0.40210279 -0.4025 -0.4025 -0.10752708 -0.16135073 -0.28696202 -0.23625 -0.23625 -0.21008101 -0.21 -0.21 -0.31065652 0.048737595 0.049999969 0.049999932 0.17123994 0.10500013
0.09 0.0097158716 -0.016580256 -0.04125 -0.04125 -0.232387 -0.2325 -0.2325 -0.2325 -0.23278825 -0.2725 -0.2725 -0.2725 -0.27249999 -0.19 -0.19 -0.19 -0.19 -0.27492407 -0.275 -0.275 -0.275 -0.275 -0.275 -0.3375 -0.3375 -0.3375 -0.3375 -0.33843207 -0.59375 -0.59375 -0.59375 -0.23875001 -0.66618234 -0.1025 -0.1025 -0.1025 -0.10565522 -0.29478334 -0.2875 -0.2875 -0.2875 -0.145 -0.145 -0.21 -0.21 -0.21 0.049999997 0.05 0.05 0.05 0.17125 0.17125
0.0076693874 0.0075 0.0075 0.0074999996 -0.03625 -0.23249494 -0.2325 -0.2325 -0.2325 -0.2325 -0.25281586 -0.27249661 -0.27249999 -0.19 -0.19 -0.19 -0.19 -0.19 -0.22041563 -0.275 -0.275 -0.275 -0.275 -0.275 -0.23634003 -0.12625114 -0.12625 -0.12625 -0.12625 -0.59374998 -0.23875001 -0.23875 -0.23875 -0.23875 -0.1025 -0.10250751 -0.3875 -0.3875 -0.28874865 -0.2875 -0.2875 -0.2875 -0.145 -0.145 -0.19993576 -0.21 -0.21 0.05 0.05 0.05 0.051300115 0.17125 0.17125
0.0075 0.0075 0.0075 -0.013102528 -0.03625 -0.03625 -0.2325 -0.2325 -0.2325 -0.2325 -0.0125 -0.0125 -0.0125 -0.19 -0.19 -0.19 -0.19 -0.19003698 -0.56625 -0.56625 -0.27500012 -0.275 -0.2758521 -0.31 -0.30834578 -0.12625 -0.12625 -0.12625 -0.12625 -0.23873855 -0.23875 -0.23875 -0.23875 -0.23875 -0.387499 -0.3875 -0.3875 -0.3875 -0.38712716 -0.2875 -0.2875 -0.2875 -0.145 -0.145 -0.145 -0.21 -0.21 0.049999998 0.05 0.05 0.17125 0.17125 0.17125
0.0075 0.0075 0.0075 -0.03625 -0.03625 -0.03625 -0.0362503 -0.2325 -0.2325 -0.012727103 -0.0125 -0.0125 -0.0125 -0.012610594 -0.37110826 -0.41375 -0.41375 -0.41375 -0.56625 -0.56625 -0.56625 -0.31 -0.31 -0.31 -0.30994222 -0.1144482 -0.12625 -0.12625 -0.12625 -0.049125789 -0.0087726214 -0.00875 -0.00875 -0.0087500001 -0.2344044 -0.020000835 -0.02 -0.02 -0.02 -0.0025389961 -0.0025 -0.0025 -0.145 -0.145 0.32874802 0.32874993 0.12125 0.12125 0.16625 0.16625 0.16625 0.17125 0.33485359
0.0075003724 0.0075 0.0074999984 -0.03625 -0.03625 -0.03625 -0.036250001 -0.16125002 -0.23221511 -0.012511335 -0.0125 -0.0125 -0.0125 -0.013287363 -0.41375 -0.41375 -0.41375 -0.41375004 -0.56625 -0.56625 -0.56625 -0.31 -0.31 -0.31 -0.10375 -0.10375 -0.16 -0.16 -0.16 -0.15917488 -0.00875 -0.00875 -0.00875 -0.00875 -0.014371951 -0.02 -0.02 -0.02 -0.02 -0.0025 -0.0025 -0.0025 0.0079223923 0.32875 0.32875 0.32875 0.12125 0.12125 0.16625 0.16625 0.16625 0.33499999 0.335
0.1275 0.062788043 -0.24125 -0.24119053 -0.03625 -0.16052675 -0.16125 -0.16125 -0.12253477 -0.025000001 -0.025 -0.025 -0.025 -0.57123222 -0.57125 -0.41375012 -0.41375 -0.41776815 -0.56625 -0.56625 -0.56625 -0.5325 -0.5325 -0.5325 -0.10375 -0.10375 -0.16 -0.16 -0.16 -0.1599999 -0.023749905 -0.023749958 -0.0091270025 -0.008766081 -0.26720314 -0.2675 -0.2675 -0.2675 -0.2675 -0.0025 -0.0025 -0.0025 0.31051011 0.32875 0.32875 0.32874993 0.12125 0.12125 0.12125162 0.16625 0.16624603 0.0775 0.335
-0.083709883 -0.083750027 -0.24125 -0.24125 -0.24125 -0.16125 -0.16125 -0.16125 -0.055 -0.055 -0.025 -0.025 -0.025 -0.57125 -0.57125 -0.57125 -0.57125 -0.57124885 -0.56625 -0.56625 -0.56625 -0.5325 -0.5325 -0.5325 -0.10375 -0.10375 -0.16 -0.16 -0.16 -0.025286229 -0.02375 -0.02375 -0.02375 -0.02375 -0.26737972 -0.2675 -0.2675 -0.2675 -0.2675 -0.33874991 -0.33875 -0.33875 -0.33875 0.328747 -0.0625 -0.0625 -0.0625 -0.06125 -0.06125 -0.06125 0.0775 0.0775 0.0775
-0.08375 -0.08375 -0.24125 -0.24125 -0.24125 -0.16167049 -0.16125 -0.055 -0.055 -0.055 -0.025003693 -0.025 -0.37432082 -0.57124997 -0.57125 -0.57125 -0.57125 -0.64875 -0.64875 -0.64875 -0.73125 -0.73124985 -0.53250097 -0.5325 -0.53245372 -0.6575 -0.6575 -0.65749881 -0.1600804 -0.039996762 -0.039999914 -0.039997163 -0.023777773 -0.023764024 -0.22409845 -0.26750007 -0.26812417 -0.45375 -0.45375 -0.33875 -0.33875 -0.33875 -0.33875 -0.0625 -0.0625 -0.0625 -0.0625 -0.06125 -0.06125 -0.06125 0.0775 0.0775 0.0775
-0.08375 -0.08375 -0.24125 -0.24125 -0.24125 -0.24125 -0.12148373 -0.055 -0.055 -0.055 -0.055219572 -0.4525 -0.4525 -0.4525 -0.57055018 -0.57125 -0.64823356 -0.64875 -0.64875 -0.64875 -0.73125 -0.73125 -0.73125 -0.73125 -0.6575 -0.6575 -0.6575 -0.6575 -0.6575 -0.04 -0.04 -0.04 -0.04 -0.040000561 -0.30625 -0.45375 -0.45375 -0.45375 -0.45375 -0.45375042 -0.60375 -0.60375 -0.60375 -0.5167 -0.33625 -0.33625 -0.33625 -0.061250008 -0.061250078 -0.14125 -0.14125 -0.033722936 -0.03375
-0.08375 -0.08375 -0.18440356 -0.24125 -0.24125 -0.24125001 -0.7974302 -0.057343889 -0.055 -0.055000001 -0.45250005 -0.4525 -0.4525 -0.4525 -0.4525 -0.46226275 -0.64875 -0.64875 -0.64875 -0.64875 -0.73124936 -0.73125 -0.73125 -0.73125 -0.6575 -0.6575 -0.6575 -0.6575 -0.6575 -0.36698821 -0.04 -0.04 -0.04 -0.30625 -0.30625 -0.30636454 -0.45375 -0.45375 -0.38903047 -0.33875001 -0.60375 -0.60375 -0.60375 -0.51740323 -0.33625 -0.33625 -0.33625 -0.2575 -0.14269846 -0.14125 -0.14125 -0.03375 -0.03375
-0.66375 -0.66375 -0.66375 -0.34718236 -0.24205865 -0.79875 -0.79875 -0.79875 -0.79875 -0.70875 -0.70875 -0.45250002 -0.4525 -0.4525 -0.4525 -0.45251245 -0.64875 -0.64875 -0.64875 -0.64875 -0.69524968 -0.73125 -0.73125 -0.72349701 -0.44490768 -0.6575 -0.6575 -0.6575 -0.4825 -0.4825 -0.4825 -0.48249814 -0.30625 -0.30625 -0.30625 -0.30625 -0.33875 -0.33875 -0.33875 -0.33875 -0.59375 -0.59375 -0.59375 -0.22125749 -0.22125 -0.22125 -0.22125004 -0.2575 -0.2575 -0.14139164 -0.14125 -0.033750113 -0.03375
-0.66375 -0.66375 -0.66375 -0.66375687 -0.79125 -0.79234062 -0.79875 -0.79875 -0.79875 -0.70875 -0.70875 -0.70875 -0.74624999 -0.74625 -0.74625 -0.74624999 -0.64879351 -0.64875 -0.64875 -0.64875 -0.64998482 -0.43500081 -0.435 -0.435 -0.435 -0.43500001 -0.56375 -0.56375 -0.4825 -0.4825 -0.4825 -0.4825 -0.30625002 -0.30625 -0.30625 -0.30625183 -0.33875 -0.33875 -0.33875 -0.33836615 -0.59375 -0.59375 -0.59375 -0.22126727 -0.22125 -0.22125 -0.22125 -0.2575 -0.2575 -0.25749997 -0.05625 -0.05625 0.23125
-0.66375 -0.66375 -0.66375 -0.79124971 -0.79125 -0.79125 -0.79875 -0.79875 -0.79875 -0.70875 -0.70875 -0.70875 -0.74625 -0.74625 -0.74625 -0.74063323 -0.6725 -0.6725 -0.67249994 -0.64888414 -0.435 -0.435 -0.435 -0.435 -0.435 -0.43509689 -0.56375 -0.56375 -0.56375 -0.4825 -0.4825 -0.48234391 -0.32875 -0.32875 -0.32875 -0.15125 -0.15125 -0.25125 -0.25125 -0.25125 0.04875 -0.59354847 -0.59374452 0.14 0.14 0.12630904 -0.22124911 -0.2575 -0.2575 -0.05625 -0.05625 -0.05625 0.23125
-0.66375 -0.66375 -0.66375 -0.79125 -0.79125 -0.79125 -0.79125 -0.79875 -0.79875 -0.70875 -0.70875 -0.74475054 -0.74625 -0.74625 -0.74625 -0.6725 -0.6725 -0.6725 -0.6725 -0.6725 -0.435 -0.435 -0.435 -0.435 -0.435 -0.56374956 -0.56375 -0.56375 -0.56375 -0.24 -0.24 -0.24 -0.32875 -0.32875 -0.32875 -0.15125 -0.15125 -0.25125 -0.25125 0.04875 0.04875 0.04875 0.14 0.14 0.14 0.14 0.16515762 0.44625 0.44625 0.44625 -0.056249989 0.50625 0.50625
-0.66375 -0.66375 -0.66392755 -0.79125 -0.79125 -0.79125 -0.79125 -0.70556894 -0.70125 -0.70126288 -0.70875 -0.74623974 -0.74625 -0.74625 -0.74624974 -0.6725 -0.6725 -0.6725 -0.6725 -0.6725 -0.77066126 -0.435 -0.435 -0.435 -0.43504428 -0.56375485 -0.56375 -0.56375 -0.56375 -0.24 -0.24 -0.24 -0.24001073 -0.32875 -0.15125 -0.15125 -0.15125 -0.15125387 -0.25122954 0.04875 0.04875 0.04875 0.13999446 0.14 0.14 0.14 0.44625106 0.44625 0.44625 0.44625 0.50625 0.50625 0.50625
-0.51875 -0.51875025 -0.79117332 -0.79125 -0.79125 -0.79125 -0.70126915 -0.70125 -0.70125 -0.70125 -0.62375 -0.62375 -0.62375 -0.62375 -0.67227502 -0.6725 -0.6725 -0.6725 -0.6725 -0.78499993 -0.785 -0.785 -0.64999996 -0.65 -0.65 -0.65 -0.64255552 -0.56375 0.013726348 0.01375 0.01375 0.01375 0.01375 0.18 0.18 0.18 0.18 0.18 0.1925 0.1925 0.1925 0.1925 0.1925 0.55437442 0.555 0.555 0.555 0.44625 0.44625 0.44625 0.50624055 0.50625 0.50625
-0.51875 -0.51875 -0.51875008 -0.51875055 -0.51875006 -0.5189281 -0.70125 -0.70125 -0.70125 -0.70125 -0.62375 -0.62375 -0.62375 -0.62375 -0.62375 -0.6725 -0.6725 -0.6725 -0.78499997 -0.785 -0.785 -0.785 -0.65 -0.65 -0.65 -0.65 -0.65 -0.64998108 0.013801649 0.013750001 0.01375 0.01375 0.013770749 0.26220074 0.18008512 0.18 0.18 0.18 0.1925 0.1925 0.1925 0.1925 0.1925 0.555 0.555 0.555 0.555 0.50414637 0.44625 0.78122059 0.785 0.585 0.585
-0.51875 -0.51875 -0.51875 -0.51875 -0.51875 -0.51875 -0.56510423 -0.70125 -0.70125 -0.70125 -0.62375 -0.62375 -0.62375 -0.62375 -0.62375 -0.67246229 -0.6725 -0.78496702 -0.785 -0.785 -0.785 -0.785 -0.70001162 -0.65 -0.65 -0.65 -0.65 -0.64943525 0.1475 0.1475 0.1475 0.1475 0.1475 0.325 0.325 0.325 0.325 0.325 0.29625 0.29625 0.29625 0.29625 0.29625 0.55524111 0.55500005 0.555 0.55501674 0.55704726 0.785 0.785 0.785 0.58500112 0.585
-0.51874966 -0.33858239 -0.51874997 -0.51875 -0.51875 -0.51875 -0.51875 -0.70117229 -0.70125 -0.70125 -0.62375 -0.62375 -0.62375 -0.62375 -0.60174976 -0.60125 -0.60125 -0.78499527 -0.785 -0.785 -0.785 -0.785 -0.78499997 -0.65 -0.65 -0.65 -0.65 -0.009999872 -0.0099999271 0.023519827 0.1475 0.1475 0.1475 0.325 0.325 0.325 0.325 0.32498053 0.29625 0.29625 0.29625 0.29625 0.29626197 0.65375 0.65375 0.65375 0.65375 0.65376059 0.785 0.785 0.785 0.7849999 0.61455818
