interpolatedSpi/01-09|21_2.tif
NCOLS 53
NROWS 52
XLLCORNER -116.03883
YLLCORNER 28.596182
DX 0.49850594
DY 0.49788537
NODATA_VALUE -9999
[rows 0 to 26 of 52, columns 0 to 52 of 53]
-0.89666667 -0.89666667 -0.90178822 -1.09 -1.1788889 -1.31 -1.1033333 -1.0066667 -1.1211291 -1.2344444 -1.2733333 -1.0355556 -1.5599506 -0.96 -1.1844444 -1.1844444 -1.1844444 -0.57 -0.66 -0.66 -0.66 -0.65999721 -0.37 -0.82888889 -0.82888889 -0.82888889 -0.55555364 -0.55555556 -0.55555556 -0.28333333 -0.28333333 -0.28333333 -0.28333333 -0.97666653 -0.97666667 -0.97666667 -0.97666667 -0.97666667 -0.97666667 -0.97666664 -0.018102834 -0.0079157392 -0.54888889 -0.54888889 -0.54888889 -0.54888889 -0.54843518 -0.27111111 -0.27111111 -0.27111111 0.76888673 0.76888889 0.76888889
-0.89669352 -1.5011111 -1.0966664 -1.191471 -1.3623232 -0.88666667 -1.01 -1.4020872 -1.6022222 -1.4355556 -1.3944444 -1.56 -1.56 -0.97993331 -0.96000222 -1.1844444 -0.57 -0.57 -0.65988265 -0.66 -0.66 -0.66 -0.83941631 -0.82888889 -0.82888889 -0.82888889 -1.1911111 -1.1911111 -0.28333333 -0.28333333 -0.28333333 -0.28333333 -0.28333333 -0.97666657 -0.97666667 -0.97666667 -0.97666667 -0.97666667 -0.97666664 -0.91927614 -0.63557052 -0.55940524 -0.54888889 -0.54888889 -0.54888889 -0.54888889 -0.54888889 -0.27111111 -0.27111111 -0.27111111 -0.18487332 0.76888889 0.76888889
-1.3810905 -1.3811111 -0.89666667 -0.81777778 -1.0033333 -1.3055556 -0.85888889 -1.2811111 -1.53 -1.5355556 -1.29 -1.6688889 -1.0988889 -1.4311111 -0.98 -1.6288889 -0.57 -0.57 -0.57 -0.99212564 -0.99222222 -0.99222222 -1.0288889 -0.82888889 -0.82888889 -0.82888889 -1.1911111 -1.1911111 -1.1911111 -0.28333333 -0.28333333 -0.28333336 -0.55077782 -0.97588116 -0.97356405 -0.64638782 -0.64333333 -0.64333333 -0.64235509 -0.63555556 -0.63555556 -0.63544473 -0.54888889 -0.54888889 -0.54888889 -0.54888889 -0.54888889 -0.27111111 -0.27111111 -0.27111111 -0.27111111 0.76888889 0.76888889
-0.33333333 -1.381111 -0.93889314 -0.39333333 -0.87222222 -1.04 -1.0155556 -1.2733333 -1.1222222 -1.2025813 -1.1822222 -1.7488889 -1.6744444 -1.4311111 -1.2933333 -1.6288889 -1.7777412 -1.7780419 -1.6133333 -0.99222222 -0.99222222 -1.5322222 -1.0288889 -1.0288889 -0.82888889 -0.8288907 -1.1911111 -1.1911111 -1.1911111 -0.82777778 -0.8338742 -0.83888889 -0.83888889 -0.83888873 -0.64333333 -0.64333333 -0.64333333 -0.64333333 -0.63555556 -0.63555556 -0.63555556 -0.63555555 -0.54888889 -0.54888889 -0.54888889 -0.54888889 -0.54888889 -0.27111462 -0.27111111 -0.27111111 -0.27111111 0.76884131 0.76888889
-0.33333333 -0.18555694 -0.93888889 -1.1450336 -0.87222222 -0.83555556 -1.3910704 -1.1155556 -1.2288889 -1.0611112 -1.586604 -1.8376968 -1.2722222 -1.2933333 -1.2933333 -1.5202097 -1.7788889 -1.7788889 -1.6133333 -1.6133333 -0.99222325 -1.5322222 -1.1466667 -0.75777778 -0.66222222 -0.66213271 -1.1911111 -1.1911111 -0.82777778 -0.82777778 -0.83888889 -0.83888889 -0.83888889 -0.74648805 -0.64333333 -0.64333333 -0.64333333 -0.63555556 -0.63555556 -0.63555556 -0.63555556 -0.63555277 -0.54888889 -0.54888889 -0.54888889 -0.54888889 -0.54888889 -0.54641632 -0.27111111 -0.27112979 -0.68777778 -0.68777778 -0.68777778
-1.3266667 -0.64444444 -0.36333335 -0.81222222 -1.1344444 -0.84555556 -1.24 -1.2240675 -1.1111111 -0.88888889 -0.70888889 -0.56666667 -0.56666713 -0.97666667 -0.97666667 -1.3788328 -1.3788889 -1.22 -1.22 -1.6133326 -1.06 -1.06 -0.75777778 -0.66222222 -0.66222222 -0.27888889 -0.58888889 -0.58888889 -0.25894068 -0.82777778 -0.83888889 -0.83888889 -0.34888889 -0.34890793 -0.53109811 -0.7 -0.7 -0.65549292 -0.63555556 -0.63555556 -0.6067027 -0.60666667 -0.60666626 -1.4428249 -1.4587883 -1.4588886 -1.4588889 -1.4588885 -1.011648 -0.68777778 -0.68777778 -0.68777778 -0.68777778
-0.21333588 -0.44666667 -0.16357248 -0.30555556 -0.47222222 -1.2177778 -0.61222222 -0.75888889 -0.89111111 -0.89111111 -0.70888889 -0.95444444 -0.73222226 -0.97666667 -1.1466662 -1.1466667 -1.3788889 -0.92444444 -0.76 -0.76 -1.0751852 -1.0922222 -1.0922222 -0.08222223 -0.27888889 -0.27888889 -0.58888889 -0.58888889 -0.25889452 -0.2589926 -0.3311861 -0.34888889 -0.34888889 -0.53111111 -0.53111111 -0.8022713 -0.7 -0.7 -0.70555536 -0.6066668 -0.60666667 -0.60666667 -0.60666505 -1.4588863 -1.4588889 -1.4588889 -1.4588889 -1.4588887 -1.0922222 -0.68785793 -0.68777778 -0.68777778 -0.68777778
-0.21333333 0.19222222 0.12444444 -0.78555556 -0.97332257 -0.96666667 -0.67222222 -1.1411111 -1.11 -0.98333333 -0.98333333 -0.87333333 -0.73222222 -0.73222222 -1.1438232 -1.2761965 -1.2888889 -0.53333333 -0.86333323 -0.76 -0.25367825 -0.24 -0.41555556 0.013333331 0.013330295 -0.22222222 -0.53666667 -0.53666669 -0.35521682 -0.35555555 -0.33111111 -0.63691016 -0.33555556 -0.53111111 -0.54724143 -0.88777778 -0.88777778 -0.70555556 -0.70555556 -0.60666667 -0.60666667 -0.60666666 -0.99245671 -0.99555558 -1.4588889 -1.4588889 -1.4588889 -1.0922362 -1.0922222 -1.0922222 -0.68777778 -0.68777778 -0.68777778
0.03140375 0.19222222 0.43444444 -0.16444444 -0.71777778 -0.91333333 -1.0366667 -1.0955556 -1.3166667 -1.1562931 -1.1155556 -1.0477778 -1.0477778 -0.99666667 -0.99666655 -0.98196891 -0.98111111 -0.98111111 -0.58370834 -0.40777778 -0.40111111 -0.40111111 -0.48222222 -0.44182779 -0.19848444 -0.22222222 -0.33666667 -0.53666667 -0.42399191 -0.42333333 -0.72111111 -0.32888889 -0.39324446 -0.96 -1.0966667 -1.2044444 -1.1988889 -1.0188889 -0.96224839 -0.60584831 -0.42333333 -0.54888889 -0.99549929 -0.99555556 -0.99816345 -1.4588889 -1.6011111 -1.0922222 -1.0922222 -1.0922222 -1.0922222 -0.68044567 -0.48222222
-0.86777778 -0.86777778 0.29888889 -0.25222222 -0.74444444 -1.0555556 -1.0777778 -1.0255556 -1.1 -1.1155468 -1.3211111 -0.26777778 -0.99666667 -0.99666667 -0.98444444 -0.98439873 -0.98111111 -0.98109469 -0.88111111 -0.40777778 -0.40777778 -0.4069189 -0.48222222 -0.54333218 -0.54333333 -0.54333333 -0.33666667 -0.29111111 -0.29111111 -0.42333333 -0.42333333 -0.32913123 -0.45666667 -0.96 -0.58555556 -1.2044444 -1.1988889 -0.90333333 -0.96222222 -0.93380155 -0.54888888 -0.58603098 -0.65 -0.99555556 -0.99555556 -1.6011111 -1.6011111 -1.6011111 -1.0922222 -1.0922222 -0.62888889 -0.62888889 -0.62888883
-0.86777778 -0.86777778 -0.36777778 -0.87222222 -0.91111111 -0.51666667 -0.83888889 -0.98568019 -1.1066667 -1.0122222 -1.2255556 -0.99222222 -0.26874331 -0.98444444 -0.98444444 -0.9844647 -1.16 -1.1453626 -0.88111111 -1.0655556 -1.0655556 -0.64 -0.64 -0.54333333 -0.54333333 -0.54333333 -0.29111111 -0.29111111 -0.29111111 -0.91222222 -0.91222222 -0.91222147 -0.79444444 -0.79444444 -1.0911111 -1.4 -0.91777778 -1.7677698 -1.2077778 -0.93333333 -0.93333333 -0.40555636 -0.65 -0.99555556 -0.99888911 -1.2977778 -0.81230081 -0.80888889 -0.71333333 -0.71333333 -0.62888889 -0.62888889 -0.62888889
-0.86777778 -0.65200686 -0.58304221 -0.89333096 -0.41333333 -1.01 -0.83888889 -0.98555556 -1.1066657 -1.0132686 -0.99222225 -0.99222222 -0.83666667 -0.98444444 -0.98444444 -1.16 -1.16 -1.1599841 -0.88111111 -1.0655556 -0.9819851 -0.64 -0.64 -0.54333783 -0.54333333 -0.60615529 -0.73444444 -0.73444444 -0.73444439 -0.91222222 -0.91222222 -1.0266667 -1.0266667 -0.79444526 -1.0911111 -1.2033334 -0.90281164 -1.7677778 -1.7677778 -0.93333332 -0.40555556 -0.40555556 -0.40555988 -0.99888889 -0.99888889 -1.2977778 -0.80888889 -0.80888889 -0.71333333 -0.71333333 -0.62888889 -0.62888889 -0.62888889
-1.4311111 -0.70435082 -0.72556044 -0.72676475 -0.41333644 -1.0099859 -0.83888889 -0.98375018 -1.0983209 -1.1042005 -0.83666667 -0.83666667 -0.83666667 -0.83666667 -0.98442351 -1.16 -1.16 -1.1563991 -0.88111111 -1.0656135 -1.27 -1.27 -1.27 -1.27 -0.5557851 -0.73444444 -0.73444444 -0.73444444 -0.73444444 -0.73466431 -1.0266667 -1.0266667 -1.0266667 -1.0266667 -1.2033333 -1.2033333 -1.2033333 -1.7394616 -1.7642311 -1.2955556 -1.2955556 -0.40560343 -1.0544425 -0.99889424 -0.99888889 -1.2977778 -0.80888889 -0.80888889 -0.71333333 -0.71333333 -0.62919524 -0.62888889 -0.3697198
-1.4311111 -0.72555556 -0.72555556 -0.72555556 -0.72555556 -0.72555567 -0.83932681 -0.90830182 -1.0760551 -0.83695509 -0.83666667 -0.83666667 -0.83666667 -0.83666667 -0.83666672 -1.16 -1.16 -1.1408701 -0.88111626 -1.27 -1.27 -1.27 -1.27 -1.27 -1.2703582 -1.0337375 -1.1544444 -1.1544444 -1.1544444 -1.1544444 -1.0266667 -1.0266667 -1.0266666 -0.98666667 -0.98666667 -1.2033333 -1.0261784 -1.0211111 -1.2955554 -1.2955556 -1.2955556 -1.2955556 -1.0544444 -1.0544444 -1.0544444 -1.0561378 -0.8895738 -0.89 -0.89 -0.89 -0.89 -0.61555556 -0.61555556
-1.1866667 -0.72555556 -0.72555556 -0.72555556 -0.72555556 -0.72555556 -0.72555556 -0.86019098 -0.9041523 -0.90333333 -0.90333333 -0.90333333 -0.90333333 -0.90333333 -0.90333333 -0.76293496 -1.1536274 -1.1218107 -1.2699512 -1.27 -1.27 -1.27 -1.27 -1.2699997 -1.2866667 -1.2866667 -1.2866665 -1.1544444 -1.1544444 -1.1544622 -1.1633333 -1.1633333 -0.98666667 -0.98666667 -0.98666667 -1.0155934 -1.0211111 -1.0211111 -1.0211111 -1.2955556 -1.2955556 -1.2955556 -1.0544444 -1.0544444 -1.0544444 -1.0544444 -0.89 -0.89 -0.89 -0.89 -0.89 -0.61555556 -0.61555556
-1.1866667 -1.0150002 -0.72555556 -0.72555556 -0.72555556 -0.72555556 -0.82664682 -0.82666667 -0.82666667 -0.90333333 -0.90333333 -0.90333333 -0.90333333 -0.90333333 -0.871713 -0.76 -0.76 -0.76 -0.9908522 -0.99000029 -0.99 -0.99 -0.99 -0.99 -1.2866667 -1.2866667 -1.2866667 -1.2866667 -1.1544444 -1.1633333 -1.1633333 -1.1633333 -0.98666668 -0.98666667 -0.98666667 -0.73333333 -1.0207301 -1.0211111 -1.0211111 -1.2954243 -1.033615 -0.42261684 -1.0544444 -1.0544444 -0.62577145 -0.62444444 -0.62444444 -0.88907398 -0.32863526 -0.32666672 -0.32666677 0.031013142 -0.61555424
-1.1866667 -1.0050133 -0.86443708 -0.72555556 -0.72555556 -0.82660693 -0.82666667 -0.82666667 -0.82666667 -0.82721915 -0.90333333 -0.90333333 -0.90333333 -0.90333332 -0.76 -0.76 -0.76 -0.76 -0.98979455 -0.99 -0.99 -0.99 -0.99 -0.99 -1.2866667 -1.2866667 -1.2866667 -1.2866667 -1.2862181 -1.1633333 -1.1633333 -1.1633333 -1.1277778 -0.9866443 -0.73333333 -0.73333333 -0.73333333 -0.72883559 -0.45805067 -0.42 -0.42 -0.42 -0.68555556 -0.68555556 -0.62444444 -0.62444444 -0.62444444 -0.32666667 -0.32666667 -0.32666667 -0.32666667 0.031111111 0.031111111
-1.0000457 -1 -1 -1 -0.76777778 -0.82666515 -0.82666667 -0.82666667 -0.82666667 -0.82666667 -0.88095733 -0.90332948 -0.90333332 -0.76 -0.76 -0.76 -0.76 -0.76 -0.77052549 -0.99 -0.99 -0.99 -0.99 -0.99 -1.1004714 -1.0522235 -1.0522222 -1.0522222 -1.0522222 -1.1633333 -1.1277778 -1.1277778 -1.1277778 -1.1277778 -0.73333333 -0.73332251 -0.32222222 -0.32222222 -0.4187791 -0.42 -0.42 -0.42 -0.68555556 -0.68555556 -0.63390655 -0.62444444 -0.62444444 -0.32666667 -0.32666667 -0.32666667 -0.32283036 0.031111111 0.031111111
-1 -1 -1 -0.89064309 -0.76777778 -0.76777778 -0.82666667 -0.82666667 -0.82666667 -0.82666667 -0.60777778 -0.60777778 -0.60777778 -0.76 -0.76 -0.76 -0.76 -0.75992141 -0.64111111 -0.64111111 -0.98999986 -0.99 -0.99056807 -1.0133333 -1.0136834 -1.0522222 -1.0522222 -1.0522222 -1.0522222 -1.1277701 -1.1277778 -1.1277778 -1.1277778 -1.1277778 -0.32222367 -0.32222222 -0.32222222 -0.32222222 -0.32256509 -0.42 -0.42 -0.42 -0.68555556 -0.68555556 -0.68555556 -0.62444444 -0.62444444 -0.32666667 -0.32666667 -0.32666667 0.031111111 0.031111111 0.031111111
-1 -1 -1 -0.76777778 -0.76777778 -0.76777778 -0.76777787 -0.82666667 -0.82666667 -0.60800373 -0.60777778 -0.60777778 -0.60777778 -0.60787261 -0.37507468 -0.28444444 -0.28444444 -0.28444445 -0.64111111 -0.64111111 -0.64111111 -1.0133333 -1.0133333 -1.0133333 -1.0131195 -0.63143716 -1.0522222 -1.0522222 -1.0522222 -0.63353955 -0.52228178 -0.52222222 -0.52222222 -0.52222222 -0.31510379 -0.30444448 -0.30444444 -0.30444444 -0.30444444 -0.23113696 -0.23111111 -0.23111111 -0.68555556 -0.68555556 -0.54444503 -0.54444439 -0.38333333 -0.38333333 -0.12111111 -0.12111111 -0.12111111 0.031111111 0.091057464
-0.99999775 -1 -0.99999999 -0.76777778 -0.76777778 -0.76777778 -0.76777778 -0.51555565 -0.82542272 -0.60765385 -0.60777778 -0.60777778 -0.60777778 -0.60714331 -0.28444444 -0.28444444 -0.28444444 -0.28444455 -0.64111111 -0.64111111 -0.64111111 -1.0133333 -1.0133333 -1.0133333 -0.25 -0.25 -0.37444444 -0.37444444 -0.37444444 -0.37525062 -0.52222222 -0.52222222 -0.52222222 -0.52222222 -0.41339312 -0.30444444 -0.30444444 -0.30444444 -0.30444444 -0.23111111 -0.23111111 -0.23111111 -0.24096978 -0.54444444 -0.54444444 -0.54444444 -0.38333333 -0.38333333 -0.12111111 -0.12111111 -0.12111111 0.091111104 0.091111111
-0.27444444 -0.61587689 -0.77111111 -0.77111014 -0.76777778 -0.5170149 -0.51555556 -0.51555556 -0.5208188 -0.47111111 -0.47111111 -0.47111111 -0.47111111 0.07109346 0.07111111 -0.28444417 -0.28444444 -0.29384209 -0.64111111 -0.64111111 -0.64111111 -0.013333333 -0.013333333 -0.013333333 -0.25 -0.25 -0.37444444 -0.37444444 -0.37444444 -0.37444425 -0.10222489 -0.1022234 -0.51166615 -0.52177195 -0.28249447 -0.28222222 -0.28222222 -0.28222222 -0.28222222 -0.23111111 -0.23111111 -0.23111111 -0.52719127 -0.54444444 -0.54444444 -0.54444443 -0.38333333 -0.38333333 -0.38332389 -0.12111111 -0.12112989 -0.54111111 0.091111111
-0.56772207 -0.56777781 -0.77111111 -0.77111111 -0.77111111 -0.51555556 -0.51555556 -0.51555556 -0.53 -0.53 -0.47111111 -0.47111111 -0.47111111 0.071111111 0.071111111 0.071111111 0.071111111 0.071030721 -0.64111111 -0.64111111 -0.64111109 -0.013333333 -0.013333333 -0.013333333 -0.25 -0.25 -0.37444444 -0.37444444 -0.37444444 -0.10529155 -0.10222222 -0.10222222 -0.10222222 -0.10222222 -0.2821334 -0.28222222 -0.28222222 -0.28222222 -0.28222222 -0.13333336 -0.13333333 -0.13333333 -0.13333333 -0.54444361 -0.43555556 -0.43555556 -0.43555556 -0.54333333 -0.54333333 -0.54333333 -0.54111111 -0.54111111 -0.54111111
-0.56777778 -0.56777778 -0.77111111 -0.77111111 -0.77111111 -0.5168988 -0.51555556 -0.53 -0.53 -0.53 -0.47111836 -0.47111111 -0.31222575 0.071111032 0.071111111 0.071111111 0.071111111 0.024444445 0.024444444 0.024444444 -0.11888889 -0.11888881 -0.013333848 -0.013333333 -0.013540751 -0.25111111 -0.25111111 -0.25111141 -0.37442451 0.14772796 0.14777645 0.14773413 -0.10179495 -0.10200647 -0.25000031 -0.28222205 -0.28077002 0.15111111 0.15111111 -0.13333333 -0.13333333 -0.13333333 -0.13333333 -0.43555556 -0.43555556 -0.43555556 -0.43555556 -0.54333333 -0.54333333 -0.54333333 -0.54111111 -0.54111111 -0.54111111
-0.56777778 -0.56777778 -0.77111111 -0.77111111 -0.77111111 -0.77111111 -0.52096169 -0.53 -0.53 -0.53 -0.52986006 -0.27666667 -0.27666667 -0.27666667 0.069061577 0.071111111 0.02475542 0.024444444 0.024444444 0.024444444 -0.11888889 -0.11888889 -0.11888889 -0.11888889 -0.25111111 -0.25111111 -0.25111111 -0.25111111 -0.25111111 0.14777778 0.14777778 0.14777778 0.14777778 0.14777811 0.30555556 0.15111111 0.15111111 0.15111111 0.15111111 0.1511103 -0.06 -0.06 -0.06 -0.22885283 -0.57888889 -0.57888889 -0.57888889 -0.54333333 -0.54333319 -0.39111111 -0.39111111 -0.36004406 -0.36
-0.56777778 -0.56777778 -0.69772206 -0.77111111 -0.77111111 -0.7711111 -0.46012422 -0.5297794 -0.53 -0.53 -0.27666665 -0.27666667 -0.27666667 -0.27666667 -0.27666667 -0.24811565 0.024444444 0.024444444 0.024444444 0.024444444 -0.11888778 -0.11888889 -0.11888889 -0.11888889 -0.25111111 -0.25111111 -0.25111111 -0.25111111 -0.25111111 0.15763053 0.14777778 0.14777778 0.14777778 0.30555556 0.30555556 0.30543563 0.15111111 0.15111111 0.38560216 0.56777774 -0.06 -0.06 -0.06 -0.22447128 -0.57888889 -0.57888889 -0.57888889 0.29333333 -0.382583 -0.39111111 -0.39111111 -0.36 -0.36
-0.30555556 -0.30555556 -0.30555556 -0.65438354 -0.77042219 -0.46 -0.46 -0.46 -0.46 -0.21 -0.21 -0.27666666 -0.27666667 -0.27666667 -0.27666667 -0.27664757 0.024444444 0.024444444 0.024444444 0.024444444 -0.056342872 -0.11888889 -0.11888889 -0.11414914 0.048269842 -0.25111111 -0.25111111 -0.25111111 0.16111111 0.16111111 0.16111111 0.16111106 0.30555556 0.30555556 0.30555556 0.30555556 0.56777778 0.56777778 0.56777778 0.56777778 0.082222222 0.082222222 0.082222222 0.052222825 0.052222222 0.052222222 0.052222022 0.29333333 0.29333333 -0.39027715 -0.39111111 -0.35999609 -0.36
