interpolatedSpi/01-03|20_2.tif
NCOLS 53
NROWS 52
XLLCORNER -116.03883
YLLCORNER 28.596182
DX 0.49850594
DY 0.49788537
NODATA_VALUE -9999
[rows 0 to 30 of 52, columns 0 to 52 of 53]
0.35 0.35 -0.074897437 -0.066666667 0.25333333 -0.16666667 0.03 -0.21 -0.35766272 -0.40666667 -0.52666667 -0.32666667 -0.5299182 0.46333333 -0.24333333 -0.24333333 -0.24333333 0.47 0.096666667 0.096666667 0.096666667 0.096657773 -0.82666666 -0.53 -0.53 -0.53 -0.49999622 -0.5 -0.5 -0.44666667 -0.44666667 -0.44666667 -0.44666667 -1.0733332 -1.0733333 -1.0733333 -1.0733333 -1.0733333 -1.0733333 -1.0733333 -0.83259279 -0.83027142 -1.8966667 -1.8966667 -1.8966667 -1.8966667 -1.8956322 -1.2633333 -1.2633333 -1.2633333 0.10333049 0.10333333 0.10333333
0.34998549 0.023333333 -0.26333302 -0.091188709 0.36622219 0.27666667 0.5 -0.080022328 -0.25666667 -0.29333333 -0.2 -0.53 -0.53 -0.08151049 0.46332049 -0.24333333 0.47 0.47 0.097153443 0.096666667 0.096666667 0.096666667 -0.54684387 -0.53 -0.53 -0.53 -0.27000002 -0.27 -0.44666667 -0.44666667 -0.44666667 -0.44666667 -0.44666667 -1.0733332 -1.0733333 -1.0733333 -1.0733333 -1.0733333 -1.0733332 -0.99500788 -0.68330157 -1.7494378 -1.8966667 -1.8966667 -1.8966667 -1.8966667 -1.8966667 -1.2633333 -1.2633333 -1.2633333 -1.150008 0.10333333 0.10333333
0.8199645 0.82 0.0066666667 0.75666667 -0.11 -0.11 0.066666667 -0.31333333 -0.30333333 -0.28 0.47666667 -0.48 -0.42666667 -0.046666667 -0.083333333 -1.01 0.47 0.47 0.47 -0.29321996 -0.29333333 -0.29333333 -0.85 -0.53 -0.53 -0.53 -0.27 -0.27 -0.27 -0.44666667 -0.44666667 -0.44666668 -0.56059802 -1.0706649 -1.0624742 0.082642618 0.093333333 0.093333333 -0.0043508644 -0.68333333 -0.68333333 -0.68488488 -1.8966667 -1.8966667 -1.8966667 -1.8966667 -1.8966667 -1.2633333 -1.2633333 -1.2633333 -1.2633333 0.10333333 0.10333333
-0.17 0.81999977 -0.32674939 0.24333333 -0.23 -0.016666667 -0.55 -0.78 -0.41666667 -0.23812087 -0.69666667 -0.63666667 -0.31666667 -0.046666667 -0.74666667 -1.01 -0.78175972 -0.77912418 -1.38 -0.29333333 -0.29333333 -2.0366667 -0.85 -0.85 -0.53 -0.5299987 -0.27 -0.27 -0.27 -1.0566667 -0.85182698 -0.68333333 -0.68333333 -0.68333274 0.093333333 0.093333333 0.093333333 0.093333333 -0.68333333 -0.68333333 -0.68333333 -0.68333338 -1.8966667 -1.8966667 -1.8966667 -1.8966667 -1.8966667 -1.2633413 -1.2633333 -1.2633333 -1.2633333 0.10328053 0.10333333
-0.17 -0.49333303 -0.32666667 -0.68488957 -0.23 -0.61333333 -0.96326129 -1.05 -1.0233333 -0.53000026 -0.60252326 -0.63000477 -0.66333333 -0.74666667 -0.74666667 -0.91924892 -0.78 -0.78 -1.38 -1.38 -0.29333678 -2.0366667 -3.1433333 -1.2233333 -0.77333333 -0.77348288 -0.27 -0.27 -1.0566667 -1.0566667 -0.68333333 -0.68333333 -0.68333333 -0.86122065 0.093333332 0.093333333 0.093333333 -0.68333333 -0.68333333 -0.68333333 -0.68333333 -0.68331145 -1.8966666 -1.8966667 -1.8966667 -1.8966667 -1.8966667 -1.8910292 -1.2633333 -1.2633445 -1.5133333 -1.5133333 -1.5133333
-0.84333333 -0.17666667 0.42666667 -0.34666667 -0.41 -0.013333333 -0.48666667 -0.55878947 -0.59 -1.0566667 -0.54 -0.49333333 -0.49333345 -0.46 -0.46 -0.68339772 -0.68333333 -1.0666667 -1.0666667 -1.3800002 -1.74 -1.74 -1.2233333 -0.77333333 -0.77333333 -1.4133333 -1.63 -1.63 -0.24340915 -1.0566667 -0.68333333 -0.68333333 -1.6266667 -1.6266231 -1.2100298 -1.0533333 -1.0533333 -0.79780128 -0.68333333 -0.68333333 -0.45694937 -0.45666667 -0.45666551 -2.2961546 -2.3032884 -2.3033332 -2.3033333 -2.3033332 -2.7972104 -1.5133333 -1.5133333 -1.5133333 -1.5133333
-0.71667117 0.38666667 -0.79830979 -0.07 0.12333333 -0.39 -0.26666667 -0.57 -0.92666667 -0.92666667 -0.54 -0.3 -0.88999999 -0.46 -0.94999853 -0.95 -0.68333333 -1.19 -1.6366667 -1.6366667 -1.7415709 -1.7433333 -1.7433333 -1.4666667 -1.4133333 -1.4133333 -1.63 -1.63 -0.24341861 -0.24490337 -0.45387234 -1.6266667 -1.6266667 -1.21 -1.21 -0.82821545 -1.0533333 -1.0533333 -1.3399901 -0.4566679 -0.45666667 -0.45666667 -0.45666217 -2.303329 -2.3033333 -2.3033333 -2.3033333 -2.3033338 -3.07 -1.5136418 -1.5133333 -1.5133333 -1.5133333
-0.71666667 -1.04 -0.65666667 -0.97666667 -1.1633226 -0.66666667 -0.37333333 -1.19 -0.47 -0.93666667 -0.93666667 -0.89333333 -0.89 -0.89 -0.94958834 -1.2292988 -1.2566667 -0.93 -1.2733337 -1.6366667 -1.2551522 -1.1866667 -1.9566667 -0.65333334 -0.65334357 -1.4466667 -1.3933333 -1.3933334 -1.7015389 -1.7066666 -0.45 -1.152036 -1.04 -1.21 -1.2147535 -0.64 -0.64 -1.34 -1.34 -0.45666667 -0.45666667 -0.45666666 -1.5242406 -1.53 -2.3033333 -2.3033333 -2.3033333 -3.0699708 -3.07 -3.07 -1.5133333 -1.5133333 -1.5133333
-1.0384828 -1.04 -1.94 -0.71 -1.1733333 -1.06 -0.75 -0.35333333 -0.25333333 0.19854798 0.19666667 -0.21333334 -0.21333333 -0.3 -0.30000082 -1.4627573 -1.4633333 -1.4633333 -0.98241037 -1.4533334 -1.9933333 -1.9933333 -1.73 -1.8673411 -1.3667196 -1.4466667 -1.5033333 -1.3933333 -0.93932036 -0.93666667 -1.1833333 -0.6 -0.86861617 -1.5933333 -1.3766667 -1.1533333 -0.88666667 -0.34333333 -0.54657278 -0.45431575 0.07 -0.74666666 -1.529956 -1.53 -1.5343527 -2.3033333 -1.9833334 -3.07 -3.07 -3.07 -3.07 -1.341098 -1.4633333
-1.03 -1.03 -1.6433333 -0.69333333 -0.89 -1.3933333 -0.79333333 -0.80333333 0.14333333 0.31324935 0.21 0.0033333333 -0.3 -0.3 -0.38666667 -0.40143364 -1.4633333 -1.4632043 -0.91666667 -1.4533333 -1.4533333 -1.5229034 -1.73 -1.8799972 -1.88 -1.88 -1.5033333 -0.82333333 -0.82333333 -0.93666667 -0.93666667 -0.60101153 -1.1333333 -1.5933333 -1.6866667 -1.1533333 -0.88666667 -1.83 -0.54666667 0.010815963 -0.74666663 -0.93523422 -1.26 -1.53 -1.53 -1.9833333 -1.9833333 -1.9833333 -3.07 -3.07 -0.13 -0.13 -0.1300005
-1.03 -1.03 -2.0466667 -1.5166667 -1.23 -1.1566667 -1.3433333 -0.41703365 -1.0933333 -0.98666667 -0.63 -0.61666667 0.0025074815 -0.38666667 -0.38666667 -0.38670474 -0.71666667 -0.7271636 -0.91666667 -0.10666667 -0.10666667 -0.53333333 -0.53333333 -1.88 -1.88 -1.88 -0.82333333 -0.82333333 -0.82333333 -1.54 -1.54 -1.5399993 -1.2433333 -1.2433333 -1.5066667 -1.9066667 -0.82666667 -1.7233309 -1.5466667 0.02 0.02 -1.2333334 -1.26 -1.53 -0.39000044 -0.69666667 -0.021817665 -0.013333338 0.16666667 0.16666667 -0.13 -0.13 -0.13
-1.03 -1.4688851 -1.8204968 -1.7033225 -1.95 -1.9466667 -1.3433333 -0.41666667 -1.0933277 -0.9878484 -0.61666715 -0.61666667 -0.30333333 -0.38666667 -0.38666667 -0.71666666 -0.71666667 -0.71667805 -0.91666667 -0.10666667 -0.19045532 -0.53333333 -0.53333333 -1.8799453 -1.88 -1.5699079 -0.93666667 -0.93666667 -0.93666665 -1.54 -1.54 -1.5333333 -1.5333333 -1.2433341 -1.5066667 -0.93333342 -0.9244826 -1.7233333 -1.7233333 0.01999996 -1.2333333 -1.2333333 -1.2333272 -0.39 -0.39 -0.69666667 -0.013333333 -0.013333333 0.16666667 0.16666667 -0.13 -0.13 -0.13
0.22 -0.33502138 -0.19671652 -0.20758848 -1.9499997 -1.9466667 -1.3433333 -0.42807341 -1.0467041 -1.090548 -0.30333333 -0.30333333 -0.30333333 -0.30333333 -0.38665486 -0.71666667 -0.71666667 -0.71924899 -0.91666667 -0.10664962 -0.03 -0.03 -0.03 -0.03 -1.8479129 -0.93666667 -0.93666667 -0.93666667 -0.93666667 -0.93685357 -1.5333333 -1.5333333 -1.5333333 -1.5333333 -0.93333333 -0.93333333 -0.93333333 -1.6849076 -1.7135696 -0.42333333 -0.42333333 -1.2332898 -0.21000616 -0.38998266 -0.39 -0.69666667 -0.013333333 -0.013333333 0.16666667 0.16666667 -0.12892373 -0.13 -1.028404
0.22 -0.19666667 -0.19666667 -0.19666667 -0.19666667 -0.1966674 -1.3448777 -0.90495696 -0.92230157 -0.30418149 -0.30333333 -0.30333333 -0.30333333 -0.30333333 -0.30333365 -0.71666666 -0.7166667 -0.7303853 -0.91666101 -0.03 -0.03 -0.03 -0.03 -0.03 -0.034398916 -0.51922915 -0.34000012 -0.34 -0.34 -0.34 -1.5333333 -1.5333333 -1.5333323 -0.66333333 -0.66333333 -0.93333333 -0.42779364 -0.41333333 -0.42333333 -0.42333333 -0.42333333 -0.42333333 -0.21 -0.21 -0.21 -0.21338676 0.35080575 0.35333333 0.35333333 0.35333333 0.35333333 0.42999988 0.43
0.77666667 -0.19666667 -0.19666667 -0.19666667 -0.19666667 -0.19666667 -0.19666674 -0.71689322 -0.73353342 -0.73333333 -0.73333333 -0.73333333 -0.73333333 -0.73333333 -0.73333333 -0.13242452 -0.70721564 -0.74405317 -0.030111416 -0.03 -0.03 -0.03 -0.03 -0.030000333 -0.23333333 -0.23333333 -0.23333348 -0.34 -0.34 -0.34063411 -0.65666667 -0.65666667 -0.66333333 -0.66333333 -0.66333333 -0.45338054 -0.41333333 -0.41333333 -0.41333333 -0.42333333 -0.42333333 -0.42333333 -0.21 -0.21 -0.21 -0.21 0.35333333 0.35333333 0.35333333 0.35333333 0.35333333 0.43 0.43
0.77666667 0.41430572 -0.19666667 -0.19666667 -0.19666667 -0.19666667 0.30656788 0.30666667 0.30666664 -0.73333333 -0.73333333 -0.73333333 -0.73333333 -0.73333333 -0.59802771 -0.12 -0.12 -0.12 -0.31579349 -0.31666637 -0.31666667 -0.31666667 -0.31666667 -0.31666667 -0.23333333 -0.23333333 -0.23333333 -0.23333333 -0.34 -0.65666667 -0.65666667 -0.65666667 -0.66333333 -0.66333333 -0.66333333 -0.25 -0.41311707 -0.41333333 -0.41333333 -0.4233558 -0.46820894 -0.57288502 -0.21 -0.21 0.15221207 0.15333333 0.15333333 0.35321741 0.28357795 0.28333334 0.28333335 0.69995903 0.43000055
0.77666667 0.12790513 -0.041479216 -0.19666667 -0.19666667 0.30636927 0.30666667 0.30666667 0.30666667 0.29917213 -0.73333333 -0.73333333 -0.73333333 -0.73333326 -0.12 -0.12 -0.12 -0.12 -0.31649099 -0.31666667 -0.31666667 -0.31666667 -0.31666667 -0.31666667 -0.23333334 -0.23333333 -0.23333333 -0.23333333 -0.23487314 -0.65666667 -0.65666667 -0.65666667 -0.29666668 -0.66328244 -0.25 -0.25 -0.25 -0.2577436 -0.5632165 -0.57333333 -0.57333333 -0.57333333 0.016666667 0.016666667 0.15333333 0.15333333 0.15333333 0.28333333 0.28333333 0.28333333 0.28333333 0.7 0.7
0.11064799 0.11 0.11 0.11 0.31333333 0.30666684 0.30666667 0.30666667 0.30666667 0.30666667 -0.64551144 -0.73331822 -0.7333333 -0.12 -0.12 -0.12 -0.12 -0.12 -0.12910476 -0.31666667 -0.31666667 -0.31666667 -0.31666667 -0.31666667 -0.16350134 0.019998627 0.02 0.02 0.02 -0.65666665 -0.29666667 -0.29666667 -0.29666667 -0.29666667 -0.25 -0.25001852 -0.95333333 -0.95333333 -0.5780782 -0.57333333 -0.57333333 -0.57333333 0.016666667 0.016666667 0.13217263 0.15333333 0.15333333 0.28333333 0.28333333 0.28333333 0.28780108 0.7 0.7
0.11 0.11 0.11 0.2057527 0.31333333 0.31333333 0.30666667 0.30666667 0.30666667 0.30666667 0.42666667 0.42666667 0.42666667 -0.12 -0.12 -0.12 -0.12 -0.11992619 -0.02 -0.02 -0.31666655 -0.31666667 -0.30611682 0.11666667 0.11579642 0.02 0.02 0.02 0.02 -0.29663442 -0.29666667 -0.29666667 -0.29666667 -0.29666667 -0.95333086 -0.95333333 -0.95333333 -0.95333333 -0.95192708 -0.57333333 -0.57333333 -0.57333333 0.016666667 0.016666667 0.016666667 0.15333333 0.15333333 0.28333333 0.28333333 0.28333333 0.7 0.7 0.7
0.11 0.11 0.11 0.31333333 0.31333333 0.31333333 0.31333332 0.30666667 0.30666667 0.42654279 0.42666667 0.42666667 0.42666667 0.42632608 0.24154201 0.32666667 0.32666667 0.32666667 -0.02 -0.02 -0.02 0.11666667 0.11666667 0.11666667 0.11676098 0.24729387 0.02 0.02 0.020000002 -0.19443173 -0.18001147 -0.18 -0.18 -0.18 -0.44850327 0.25999724 0.26 0.26 0.26 0.49318738 0.49333333 0.49333333 0.016666667 0.016666667 0.82332997 0.82333316 0.32333333 0.32333333 0.46 0.46 0.46 0.7 0.89316047
0.10999974 0.11 0.11000001 0.31333333 0.31333333 0.31333333 0.31333333 -0.0066665755 0.30541384 0.42657901 0.42666667 0.42666667 0.42666667 0.42647044 0.32666667 0.32666667 0.32666667 0.32666657 -0.02 -0.02 -0.02 0.11666667 0.11666667 0.11666667 0.45333333 0.45333333 0.50666667 0.50666667 0.50666667 0.50292068 -0.18 -0.18 -0.18 -0.18 0.039879185 0.26 0.26 0.26 0.26 0.49333333 0.49333333 0.49333333 0.5037164 0.82333333 0.82333333 0.82333333 0.32333333 0.32333333 0.46 0.46 0.46 0.89333332 0.89333333
0.026666667 0.054642319 -0.41 -0.40979015 0.31333333 -0.0048151575 -0.0066666667 -0.0066666667 0.046775532 0.33 0.33 0.33 0.33 0.090007813 0.090000001 0.32666648 0.32666667 0.31753251 -0.02 -0.02 -0.02 -0.066666667 -0.066666667 -0.066666667 0.45333333 0.45333333 0.50666667 0.50666667 0.50666667 0.50666646 0.22333077 0.2233322 -0.16986282 -0.1795676 0.20289812 0.20333333 0.20333333 0.20333333 0.20333333 0.49333333 0.49333333 0.49333333 0.80516252 0.82333333 0.82333333 0.8233333 0.32333333 0.32333333 0.32333825 0.46 0.45999687 0.39 0.89333333
-0.019991138 -0.020000068 -0.41 -0.41 -0.41 -0.0066666667 -0.0066666667 -0.0066666667 0.14 0.14 0.33 0.33 0.33 0.09 0.09 0.09 0.09 0.089988695 -0.02 -0.02 -0.020000002 -0.066666667 -0.066666667 -0.066666667 0.45333333 0.45333333 0.50666667 0.50666667 0.50666667 0.22652794 0.22333333 0.22333333 0.22333333 0.22333333 0.2033432 0.20333333 0.20333333 0.20333333 0.20333333 0.52333333 0.52333333 0.52333333 0.52333333 0.82333177 0.62 0.62 0.62 0.27333333 0.27333333 0.27333333 0.39 0.39 0.39
-0.02 -0.02 -0.41 -0.41 -0.41 -0.0087866587 -0.0066666667 0.14 0.14 0.14 0.32997661 0.33 0.22922128 0.090000027 0.09 0.09 0.09 0.24333333 0.24333333 0.24333333 -0.17 -0.16999992 -0.06666717 -0.066666667 -0.066617494 -0.23 -0.23 -0.22999824 0.50654762 0.47328351 0.473332 0.47328969 0.22376061 0.22354908 0.20705796 0.20333339 0.20384719 0.35666667 0.35666667 0.52333333 0.52333333 0.52333333 0.52333333 0.62 0.62 0.62 0.62 0.27333333 0.27333333 0.27333333 0.39 0.39 0.39
-0.02 -0.02 -0.41 -0.41 -0.41 -0.41 0.048226382 0.14 0.14 0.14 0.14003683 0.20666667 0.20666667 0.20666667 0.090687544 0.09 0.24231156 0.24333333 0.24333333 0.24333333 -0.17 -0.17 -0.17 -0.17 -0.23 -0.23 -0.23 -0.23 -0.23 0.47333333 0.47333333 0.47333333 0.47333333 0.47333335 0.48333333 0.35666667 0.35666667 0.35666667 0.35666667 0.35666668 0.33333333 0.33333333 0.33333333 0.30187907 0.23666667 0.23666667 0.23666667 0.27333333 0.27333315 0.086666667 0.086666667 0.37666991 0.37666667
-0.02 -0.02 -0.26923739 -0.41 -0.41 -0.41 -0.35911274 0.13842428 0.14 0.14 0.2066666 0.20666667 0.20666667 0.20666667 0.20666667 0.19710933 0.24333333 0.24333333 0.24333333 0.24333333 -0.1699968 -0.17 -0.17 -0.17 -0.23 -0.23 -0.23 -0.23 -0.23 0.1506557 0.47333333 0.47333333 0.47333333 0.48333333 0.48333333 0.48323497 0.35666667 0.35666667 0.40356488 0.43999999 0.33333333 0.33333333 0.33333333 0.30241551 0.23666667 0.23666667 0.23666667 0.21666667 0.088286454 0.086666667 0.086666667 0.37666667 0.37666667
-0.43666667 -0.43666667 -0.43666667 -0.41668607 -0.4099844 -0.36 -0.36 -0.36 -0.36 -0.11 -0.11 0.20666664 0.20666667 0.20666667 0.20666667 0.20666898 0.24333333 0.24333333 0.24333333 0.24333333 0.010365259 -0.17 -0.17 -0.16014248 0.18722239 -0.23 -0.23 -0.23 0.036666667 0.036666667 0.036666667 0.0366685 0.48333333 0.48333333 0.48333333 0.48333333 0.44 0.44 0.44 0.44 -0.27666667 -0.27666667 -0.27666667 0.27665554 0.27666667 0.27666667 0.27666665 0.21666667 0.21666667 0.086825065 0.086666667 0.37666598 0.37666667
-0.43666667 -0.43666667 -0.43666667 -0.43666469 -0.4 -0.39418334 -0.36 -0.36 -0.36 -0.11 -0.11 -0.11 -0.12999999 -0.13 -0.13 -0.12999999 0.24271662 0.24333333 0.24333333 0.24333333 0.23708629 0.20666563 0.20666667 0.20666667 0.20666667 0.20666664 -0.43666667 -0.43666667 0.036666667 0.036666667 0.036666667 0.036666667 0.48333338 0.48333333 0.48333333 0.48333849 0.43999999 0.44 0.44 0.438333 -0.27666667 -0.27666667 -0.27666667 0.27664101 0.27666667 0.27666667 0.27666667 0.21666667 0.21666667 0.21666667 0.24 0.24 0.73666667
-0.43666667 -0.43666667 -0.43666667 -0.40000008 -0.4 -0.4 -0.36000002 -0.36 -0.36 -0.11 -0.11 -0.11 -0.13 -0.13 -0.13 -0.12720748 -0.093333333 -0.093333333 -0.093332464 0.24143175 0.20666667 0.20666667 0.20666667 0.20666667 0.20666667 0.20618252 -0.43666667 -0.43666667 -0.43666667 0.036666667 0.036666667 0.036952022 0.54666667 0.54666667 0.54666667 0.3 0.3 0.06 0.06 0.06 0.3 -0.27648578 -0.27666072 0.52 0.52 0.51077794 0.27666721 0.21666667 0.21666667 0.24 0.24 0.24 0.73666667
-0.43666667 -0.43666667 -0.43666667 -0.4 -0.4 -0.4 -0.4 -0.36 -0.36 -0.11 -0.11 -0.12920029 -0.13 -0.13 -0.13 -0.093333333 -0.093333333 -0.093333333 -0.093333333 -0.093333333 0.20666667 0.20666667 0.20666667 0.20666667 0.20666667 -0.43666447 -0.43666667 -0.43666667 -0.43666667 0.48 0.48 0.48 0.54666667 0.54666667 0.54666667 0.3 0.3 0.06 0.06 0.3 0.3 0.3 0.52 0.52 0.52 0.52 0.5670978 1.0933333 1.0933333 1.0933333 0.24000002 1.2666667 1.2666667
-0.43666667 -0.43666667 -0.43661561 -0.4 -0.4 -0.4 -0.4 -0.33335918 -0.33 -0.32962229 -0.11 -0.12999944 -0.13 -0.13 -0.12999987 -0.093333333 -0.093333333 -0.093333333 -0.093333333 -0.093333333 -0.6020983 0.20666667 0.20666667 0.20666667 0.2066035 -0.43664772 -0.43666667 -0.43666667 -0.43666667 0.48 0.48 0.48 0.48001372 0.54666667 0.3 0.3 0.3 0.29999062 0.060016367 0.3 0.3 0.3 0.51998664 0.52 0.52 0.52 1.0933354 1.0933333 1.0933333 1.0933333 1.2666667 1.2666667 1.2666667
