interpolatedSpi/01-09|19_2.tif
NCOLS 53
NROWS 52
XLLCORNER -116.03883
YLLCORNER 28.596182
DX 0.49850594
DY 0.49788537
NODATA_VALUE -9999
[rows 0 to 26 of 52, columns 0 to 52 of 53]
0.21888889 0.21888889 0.001859447 -0.15111111 -0.10777778 -0.12777778 -0.10444444 -0.26222222 -0.65574756 -0.70888889 -0.57777778 -0.26666667 -0.45776863 -0.34666667 -0.31444444 -0.31444444 -0.31444444 0.033333333 0.048888889 0.048888889 0.048888889 0.04888357 -0.50333333 -0.10111111 -0.10111111 -0.10111111 -0.58999556 -0.59 -0.59 -0.77333333 -0.77333333 -0.77333333 -0.77333333 -1.1877777 -1.1877778 -1.1877778 -1.1877778 -1.1877778 -1.1877778 -1.1877777 -0.097300689 -0.085724232 -0.74777778 -0.74777778 -0.74777778 -0.74777778 -0.74870515 -1.3155556 -1.3155556 -1.3155556 -0.34444646 -0.34444444 -0.34444444
0.21887556 -0.081111111 0.094444798 0.078049718 -0.058992968 0.15666667 0.46444444 -0.16445827 -0.64666667 -0.53111111 -0.13666667 -0.45777778 -0.45777778 0.083006918 -0.34666117 -0.31444444 0.033333333 0.033333333 0.048868607 0.048888889 0.048888889 0.048888889 -0.12649389 -0.10111111 -0.10111111 -0.10111111 -0.063333336 -0.063333334 -0.77333333 -0.77333333 -0.77333333 -0.77333333 -0.77333333 -1.1877777 -1.1877778 -1.1877778 -1.1877778 -1.1877778 -1.1877777 -0.96554225 0.12772354 -0.64153611 -0.74777778 -0.74777778 -0.74777778 -0.74777778 -0.74777778 -1.3155556 -1.3155556 -1.3155556 -1.2350301 -0.34444444 -0.34444444
-0.001104699 -0.0011111111 0.40111111 0.39666667 -0.19 -0.26888889 -0.062222222 0.076666667 -0.54777778 -0.48111111 -0.11555556 -0.51111111 -0.076666667 -0.11444444 0.084444444 -0.76111111 0.033333333 0.033333333 0.033333333 -0.13994509 -0.14 -0.14 -0.58333333 -0.10111111 -0.10111111 -0.10111111 -0.063333333 -0.063333333 -0.063333333 -0.77333333 -0.77333333 -0.77333334 -0.81024067 -1.1848049 -1.1752949 0.1410441 0.15333333 0.15333333 0.15011912 0.12777778 0.12777778 0.12665816 -0.74777778 -0.74777778 -0.74777778 -0.74777778 -0.74777778 -1.3155556 -1.3155556 -1.3155556 -1.3155556 -0.34444444 -0.34444444
0.13444444 -0.0011112611 -0.74448444 0.21444444 -0.44666667 -0.14111111 -0.14777778 -0.45 -0.44333333 -0.10069299 -0.58333333 -0.77111111 -0.48888889 -0.11444444 -0.32222222 -0.76111111 -0.47332989 -0.47075767 -0.76555556 -0.14 -0.14 -0.39666667 -0.58333333 -0.58333333 -0.10111111 -0.10111092 -0.063333333 -0.063333333 -0.063333333 -0.98333333 -0.9101763 -0.85 -0.85 -0.84999922 0.15333333 0.15333333 0.15333333 0.15333333 0.12777778 0.12777778 0.12777778 0.12777774 -0.74777778 -0.74777778 -0.74777778 -0.74777778 -0.74777778 -1.3155484 -1.3155556 -1.3155556 -1.3155556 -0.34445098 -0.34444444
0.13444444 -0.19222324 -0.74444444 -0.81800293 -0.44666667 -0.52888889 -0.61331513 -0.60333333 -0.52 -0.70555564 -0.65811662 -0.63332522 -0.57666667 -0.32222222 -0.32222222 -0.61132571 -0.47111111 -0.47111111 -0.76555556 -0.76555556 -0.14000055 -0.39666667 -0.60444444 -0.64111111 -0.44 -0.43995885 -0.063333333 -0.063333333 -0.98333333 -0.98333333 -0.85 -0.85 -0.85 -0.86466683 0.15333333 0.15333333 0.15333333 0.12777778 0.12777778 0.12777778 0.12777778 0.12776115 -0.74777777 -0.74777778 -0.74777778 -0.74777778 -0.74777778 -0.7528317 -1.3155556 -1.315521 -0.54444444 -0.54444444 -0.54444444
-1.4111111 -0.17555556 -0.093333311 -0.54111111 -0.16444444 -0.14555556 -0.72555556 -0.70990761 -0.88777778 -0.79222222 -0.84777778 -0.82111111 -0.82111095 -1.1955556 -1.1955556 -0.46657975 -0.46666667 -0.50222222 -0.50222222 -0.7655552 -0.80444444 -0.80444444 -0.64111111 -0.44 -0.44 -0.26444444 -1.0388889 -1.0388889 -0.59225783 -0.98333333 -0.85 -0.85 -0.92777778 -0.92778857 -1.0311036 -0.81333333 -0.81333333 -0.16337643 0.12777778 0.12777778 -0.044229646 -0.044444443 -0.044443397 0.098132364 0.11323816 0.1133331 0.1133333 0.11333301 -0.20689321 -0.54444444 -0.54444444 -0.54444444 -0.54444444
-0.57889264 -0.2 -0.10049201 -0.064444444 0.25 -0.68111111 -0.62777778 -0.70111111 -1 -1 -0.84777778 -0.73 -0.7766666 -1.1955556 -0.10666993 -0.10666667 -0.46666667 -0.27333333 -0.36111111 -0.36111111 -0.75103442 -0.69111111 -0.69111111 -0.21333334 -0.26444444 -0.26444444 -1.0388889 -1.0388889 -0.59222643 -0.59229971 -0.37977007 -0.92777778 -0.92777778 -1.0311111 -1.0311111 -0.71529813 -0.81333333 -0.81333333 -0.67444926 -0.044445322 -0.044444444 -0.044444444 -0.044438102 0.11333441 0.11333333 0.11333333 0.11333333 0.1133332 -0.11111111 -0.54435857 -0.54444444 -0.54444444 -0.54444444
-0.57888889 -0.72555556 0.19222222 -0.84333333 -0.40891379 -0.92222222 -0.98777778 -0.79222222 -0.89666667 -0.61333333 -0.61333333 -0.50222222 -0.77666667 -0.77666667 -0.11126349 -0.21190969 -0.22222222 -0.18111111 -0.56888868 -0.36111111 0.016354174 0.043333333 -0.38222222 -0.52777778 -0.52777748 -0.50444444 -0.062222223 -0.062222567 -0.66419137 -0.66444444 -0.37888889 -0.40123893 -0.80333333 -1.0311111 -1.0094667 -0.63333333 -0.63333333 -0.67444445 -0.67444444 -0.044444444 -0.044444444 -0.044444435 0.30629197 0.30666666 0.11333333 0.11333333 0.11333333 -0.11110257 -0.11111111 -0.11111111 -0.54444444 -0.54444444 -0.54444444
-0.67768087 -0.72555555 -0.11555556 0.092222222 -0.22333333 -0.73555556 -0.62666667 -0.41333333 -0.91888889 -0.48384237 -0.62111111 -0.53222222 -0.53222222 -0.095555556 -0.095553226 -0.71528861 -0.71666667 -0.71666667 -0.24030599 0.046666599 -0.27444444 -0.27444444 -0.063333333 -0.25655336 -0.50679583 -0.50444444 -0.33888889 -0.062222222 -0.21245523 -0.21333333 -0.28888889 -0.046666667 -0.10095213 -0.34222222 -0.27222222 -0.37222222 -0.33222222 -0.57111111 -0.10910232 -0.042510143 0.38888889 0.29444444 0.30663248 0.30666667 0.30557848 0.11333333 -0.012222216 -0.11111111 -0.11111111 -0.11111111 -0.11111111 -0.4538307 0.077777778
-0.41 -0.41 -0.30222222 -0.14222222 -0.31555556 -0.88555556 -0.54444444 -0.53777778 -0.22888889 -0.37333718 -0.40222222 -0.39444444 -0.095555556 -0.095555556 0.15222222 0.14030502 -0.71666667 -0.71651932 -0.10222222 0.046666667 0.046666667 0.0052967984 -0.063333333 -0.41665998 -0.41666667 -0.41666667 -0.33888889 0.24555556 0.24555556 -0.21333333 -0.21333333 -0.04687108 -0.15444444 -0.34222222 -0.16888889 -0.37222222 -0.33222222 -0.71888889 -0.10888889 0.58195245 0.29444445 0.22179288 0.096666667 0.30666667 0.30666667 -0.012222222 -0.012222222 -0.012222222 -0.11111111 -0.11111111 0.18333333 0.18333333 0.18333329
-0.41 -0.41 -0.45555556 -0.96 -0.69333333 -0.32888889 -0.59222222 -0.55679938 -0.70777778 -0.66666667 -0.21444444 -0.61888889 -0.3947428 0.15222222 0.15222222 0.15223081 0.22666667 0.20940503 -0.10222222 0.27 0.27 0.61333333 0.61333333 -0.41666667 -0.41666667 -0.41666667 0.24555556 0.24555556 0.24555556 -0.31222222 -0.31222222 -0.31222196 -0.13111111 -0.13111111 -0.74777778 -0.27111111 0.12111111 -0.51333269 0.017777778 0.59333333 0.59333333 0.098888882 0.096666667 0.30666667 0.29999986 0.11111111 0.27652882 0.27777778 0.77222222 0.77222222 0.18333333 0.18333333 0.18333333
-0.41 -0.42982881 -0.67081999 -0.89776633 -0.25888889 -0.35666667 -0.59222222 -0.55666667 -0.70777652 -0.66712213 -0.61888895 -0.61888889 0.26555556 0.15222222 0.15222222 0.22666666 0.22666667 0.22664795 -0.10222222 0.27 0.33742368 0.61333333 0.61333333 -0.41662498 -0.41666667 -0.18144956 0.29888889 0.29888889 0.29888888 -0.31222222 -0.31222222 0.08 0.08 -0.1311128 -0.74777778 0.21555533 0.031491192 -0.51333333 -0.51333333 0.59333332 0.098888889 0.098888889 0.098890343 0.3 0.3 0.11111111 0.27777778 0.27777778 0.77222222 0.77222222 0.18333333 0.18333333 0.18333333
-0.48888889 -0.21430192 -0.18669486 -0.19181025 -0.25888955 -0.35666436 -0.59222222 -0.55710434 -0.69736468 -0.70670426 0.26555556 0.26555556 0.26555556 0.26555556 0.15223828 0.22666667 0.22666667 0.22242019 -0.10222222 0.27016353 0.84333333 0.84333333 0.84333333 0.84333333 -0.39475096 0.29888889 0.29888889 0.29888889 0.29888889 0.29856346 0.08 0.08 0.08 0.08 0.21555555 0.21555556 0.21555556 -0.47810051 -0.50431234 0.68777778 0.68777778 0.098920564 0.31777717 0.30000171 0.3 0.11111111 0.27777778 0.27777778 0.77222222 0.77222222 0.18546976 0.18333333 -0.065363646
-0.48888889 -0.18666667 -0.18666667 -0.18666667 -0.18666667 -0.18666674 -0.59161922 -0.57541826 -0.66958349 0.26450841 0.26555556 0.26555556 0.26555556 0.26555556 0.26555579 0.22666667 0.22666661 0.20410713 -0.10221458 0.84333333 0.84333333 0.84333333 0.84333333 0.84333333 0.84136165 0.40804837 0.41111109 0.41111111 0.41111111 0.41111111 0.080000009 0.08 0.080000595 0.57444444 0.57444444 0.21555556 0.80643208 0.82333333 0.68777786 0.68777778 0.68777778 0.68777778 0.31777778 0.31777778 0.31777778 0.31633957 0.14306958 0.14222222 0.14222222 0.14222222 0.14222223 0.64888879 0.64888889
0.30777778 -0.18666667 -0.18666667 -0.18666667 -0.18666667 -0.18666667 -0.18666669 -0.35229711 0.57771382 0.58444444 0.58444444 0.58444444 0.58444444 0.58444444 0.58444444 0.80974123 0.23596516 0.18163096 0.84321456 0.84333333 0.84333333 0.84333333 0.84333333 0.84333371 0.75222222 0.75222222 0.75222174 0.41111111 0.41111111 0.41176079 0.73555556 0.73555556 0.57444444 0.57444444 0.57444444 0.7834641 0.82333333 0.82333333 0.82333333 0.68777778 0.68777778 0.68777778 0.31777778 0.31777778 0.31777778 0.31777778 0.14222223 0.14222222 0.14222222 0.14222222 0.14222222 0.64888889 0.64888889
0.30777778 0.12370173 -0.18666667 -0.18666667 -0.18666667 -0.18666667 0.22658554 0.22666667 0.22666668 0.58444444 0.58444444 0.58444444 0.58444444 0.58444444 0.63518405 0.81444444 0.81444444 0.81444444 1.1701125 1.1711108 1.1711111 1.1711111 1.1711111 1.1711111 0.75222222 0.75222222 0.75222222 0.75222222 0.41111111 0.73555556 0.73555556 0.73555556 0.57444446 0.57444444 0.57444444 0.95888889 0.82351281 0.82333333 0.82333333 0.68779215 0.7163652 0.78304774 0.31777778 0.31777778 0.54263726 0.54333333 0.54333333 0.14292279 0.56629065 0.56777774 0.5677777 0.87774306 0.64888935
0.30777778 0.093686546 -0.047785143 -0.18666667 -0.18666667 0.22642245 0.22666667 0.22666667 0.22666667 0.22924492 0.58444444 0.58444444 0.58444444 0.58444447 0.81444444 0.81444444 0.81444444 0.81444444 1.1707925 1.1711111 1.1711111 1.1711111 1.1711111 1.1711111 0.75222223 0.75222222 0.75222222 0.75222222 0.7521616 0.73555556 0.73555556 0.73555556 1.2577778 0.57450005 0.95888889 0.95888889 0.95888889 0.96145595 0.7858786 0.78333333 0.78333333 0.78333333 0.74777778 0.74777778 0.54333333 0.54333333 0.54333333 0.56777778 0.56777778 0.56777778 0.56777778 0.87777778 0.87777778
0.088052109 0.087777778 0.087777778 0.087777778 0.072222222 0.22666268 0.22666667 0.22666667 0.22666667 0.22666667 0.57502284 0.58444282 0.58444444 0.81444444 0.81444444 0.81444444 0.81444444 0.81444444 0.82346667 1.1711111 1.1711111 1.1711111 1.1711111 1.1711111 1.1303743 1.384441 1.3844444 1.3844444 1.3844444 0.73555558 1.2577778 1.2577778 1.2577778 1.2577778 0.95888889 0.95889506 1.1933333 1.1933333 0.78845279 0.78333333 0.78333333 0.78333333 0.74777778 0.74777778 0.57498837 0.54333333 0.54333333 0.56777778 0.56777778 0.56777778 0.57110178 0.87777778 0.87777778
0.087777778 0.087777778 0.087777778 0.080452435 0.072222222 0.072222222 0.22666667 0.22666667 0.22666667 0.22666667 0.46 0.46 0.46 0.81444444 0.81444444 0.81444444 0.81444444 0.81439046 0.51444444 0.51444444 1.1711108 1.1711111 1.1699479 1.1233333 1.125684 1.3844444 1.3844444 1.3844444 1.3844444 1.2577907 1.2577778 1.2577778 1.2577778 1.2577778 1.1933325 1.1933333 1.1933333 1.1933333 1.1919128 0.78333333 0.78333333 0.78333333 0.74777778 0.74777778 0.74777778 0.54333333 0.54333333 0.56777778 0.56777778 0.56777778 0.87777778 0.87777778 0.87777778
0.087777778 0.087777778 0.087777778 0.072222222 0.072222222 0.072222222 0.072222458 0.22666667 0.22666667 0.45975913 0.46 0.46 0.46 0.46022083 0.55003312 0.48777778 0.48777778 0.48777778 0.51444444 0.51444444 0.51444444 1.1233333 1.1233333 1.1233333 1.1233424 1.2643867 1.3844444 1.3844444 1.3844444 1.4260376 1.4610911 1.4611111 1.4611111 1.4611111 1.3487049 1.5666658 1.5666667 1.5666667 1.5666667 1.2965964 1.2966667 1.2966667 0.74777778 0.74777778 1.1444428 1.1444444 1.0711111 1.0711111 1.0277778 1.0277778 1.0277778 0.87777778 1.0531764
0.087779426 0.087777778 0.087777777 0.072222222 0.072222222 0.072222222 0.072222226 0.41888883 0.22743525 0.45989018 0.46 0.46 0.46 0.46005451 0.48777778 0.48777778 0.48777778 0.48777779 0.51444444 0.51444444 0.51444444 1.1233333 1.1233333 1.1233333 1.1555556 1.1555556 1.2855556 1.2855556 1.2855556 1.2865133 1.4611111 1.4611111 1.4611111 1.4611111 1.5138599 1.5666667 1.5666667 1.5666667 1.5666667 1.2966667 1.2966667 1.2966667 1.2918772 1.1444444 1.1444444 1.1444444 1.0711111 1.0711111 1.0277778 1.0277778 1.0277778 1.0533333 1.0533333
0.61888889 0.37766681 0.49555556 0.49543274 0.072222222 0.41688309 0.41888889 0.41888889 0.47314082 0.33888889 0.33888889 0.33888889 0.33888889 0.29777912 0.29777778 0.48777763 0.48777778 0.48848041 0.51444444 0.51444444 0.51444444 0.82666667 0.82666667 0.82666667 1.1555556 1.1555556 1.2855556 1.2855556 1.2855556 1.2855556 1.4033337 1.4033335 1.459659 1.4610492 1.3601166 1.36 1.36 1.36 1.36 1.2966667 1.2966667 1.2966667 1.152826 1.1444444 1.1444444 1.1444443 1.0711111 1.0711111 1.0711096 1.0277778 1.027774 0.94222222 1.0533333
0.66221399 0.66222219 0.49555556 0.49555556 0.49555556 0.41888889 0.41888889 0.41888889 0.56777778 0.56777778 0.33888889 0.33888889 0.33888889 0.29777778 0.29777778 0.29777778 0.29777778 0.29780255 0.51444444 0.51444444 0.51444446 0.82666667 0.82666667 0.82666667 1.1555556 1.1555556 1.2855556 1.2855556 1.2855556 1.4020054 1.4033333 1.4033333 1.4033333 1.4033333 1.3600214 1.36 1.36 1.36 1.36 0.82333346 0.82333333 0.82333333 0.82333333 1.1444398 0.53888889 0.53888889 0.53888889 0.8 0.8 0.8 0.94222222 0.94222222 0.94222222
0.66222222 0.66222222 0.49555556 0.49555556 0.49555556 0.41929186 0.41888889 0.56777778 0.56777778 0.56777778 0.33891707 0.33888889 0.23357059 0.29777776 0.29777778 0.29777778 0.29777778 0.15777778 0.15777778 0.15777778 0.25777779 0.2577782 0.8266639 0.82666667 0.82677153 0.84777778 0.84777778 0.84777882 1.2854848 1.3744502 1.3744446 1.3744495 1.403284 1.4033084 1.3676985 1.3599997 1.3572781 0.54777778 0.54777778 0.82333333 0.82333333 0.82333333 0.82333333 0.53888889 0.53888889 0.53888889 0.53888889 0.8 0.8 0.8 0.94222222 0.94222222 0.94222222
0.66222222 0.66222222 0.49555556 0.49555556 0.49555556 0.49555556 0.47461365 0.56777778 0.56777778 0.56777778 0.56758015 0.21 0.21 0.21 0.29726048 0.29777778 0.1587107 0.15777778 0.15777778 0.15777778 0.25777778 0.25777778 0.25777778 0.25777778 0.84777778 0.84777778 0.84777778 0.84777778 0.84777778 1.3744444 1.3744444 1.3744444 1.3744444 1.3744444 1.3722222 0.54777778 0.54777778 0.54777778 0.54777778 0.54777723 0.33111111 0.33111111 0.33111111 0.39438615 0.52555556 0.52555556 0.52555556 0.79999999 0.8 0.80222222 0.80222222 1.0688581 1.0688889
0.66222222 0.66222222 0.55571052 0.49555556 0.49555556 0.49555556 0.64874495 0.5680334 0.56777778 0.56777778 0.21000008 0.21 0.21 0.21 0.21 0.21718709 0.15777778 0.15777778 0.15777778 0.15777778 0.257777 0.25777778 0.25777778 0.25777778 0.84777778 0.84777778 0.84777778 0.84777778 0.84777778 0.90725978 1.3744444 1.3744444 1.3744444 1.3722222 1.3722222 1.371582 0.54777778 0.54777778 0.70410514 0.82555553 0.33111111 0.33111111 0.33111111 0.39497274 0.52555556 0.52555556 0.52555556 0.87333333 0.80310826 0.80222222 0.80222222 1.0688889 1.0688889
0.88333333 0.88333333 0.88333333 0.5927821 0.49599004 0.64888889 0.64888889 0.64888889 0.64888889 0.60222222 0.60222222 0.21000003 0.21 0.21 0.21 0.2099967 0.15777778 0.15777778 0.15777778 0.15777778 0.21414102 0.25777778 0.25777778 0.25891183 0.32545355 0.84777778 0.84777778 0.84777778 0.74222222 0.74222222 0.74222222 0.74222488 1.3722222 1.3722222 1.3722222 1.3722222 0.82555556 0.82555556 0.82555556 0.82555556 0.56777778 0.56777778 0.56777778 0.91888183 0.91888889 0.91888889 0.91888876 0.87333333 0.87333333 0.80230887 0.80222222 1.0688875 1.0688889
