interpolatedSpi/01-07|20_1.tif
NCOLS 53
NROWS 52
XLLCORNER -116.03883
YLLCORNER 28.596182
DX 0.49850594
DY 0.49788537
NODATA_VALUE -9999
[rows 0 to 26 of 52, columns 0 to 52 of 53]
0.34428571 0.34428571 0.10548596 -0.10142857 0.20571429 0.17714286 0.42428571 0.37571429 0.002202123 -0.10428571 -0.092857143 0.035714286 0.0029061968 0.59857143 0.23142857 0.23142857 0.23142857 0.52571429 0.45714286 0.45714286 0.45714286 0.45713949 0.10714286 0.058571429 0.058571429 0.058571429 0.36714434 0.36714286 0.36714286 0.15285714 0.15285714 0.15285714 0.15285714 0.26857141 0.26857143 0.26857143 0.26857143 0.26857143 0.26857143 0.26857144 0.57950767 0.58269599 -0.05 -0.05 -0.05 -0.05 -0.050014 -0.058571429 -0.058571429 -0.058571429 0.53999876 0.54 0.54
0.34427391 0.078571429 0.12000044 0.20248278 0.3883707 0.46285714 0.54428571 0.24589336 0.071428571 0.047142857 0.062857143 0.0028571429 0.0028571429 0.46615729 0.59856658 0.23142857 0.52571429 0.52571429 0.45723227 0.45714286 0.45714286 0.45714286 0.044660197 0.058571429 0.058571429 0.058571429 0.17571428 0.17571429 0.15285714 0.15285714 0.15285714 0.15285714 0.15285714 0.26857141 0.26857143 0.26857143 0.26857143 0.26857143 0.26857143 0.23668524 0.060021472 -0.036652218 -0.05 -0.05 -0.05 -0.05 -0.05 -0.058571429 -0.058571429 -0.058571429 -0.0089373128 0.54 0.54
0.94425309 0.94428571 0.49714286 0.93142857 0.29 0.22714286 0.32285714 0.09 0.15428571 0.06 0.39714286 -0.15285714 -0.097142857 0.22285714 0.46571429 0.30857143 0.52571429 0.52571429 0.52571429 0.27433887 0.27428571 0.27428571 -0.20571429 0.058571429 0.058571429 0.058571429 0.17571429 0.17571429 0.17571429 0.15285714 0.15285714 0.15285712 -0.085779748 0.26803933 0.26851824 0.26290951 0.26285714 0.26285714 0.23734306 0.060000001 0.06 0.059859338 -0.05 -0.05 -0.05 -0.05 -0.05 -0.058571429 -0.058571429 -0.058571429 -0.058571428 0.54 0.54
0.40428571 0.94428559 0.3299663 0.48571429 0.061428571 0.33142857 0.33285714 -0.26571429 0.12142857 0.18087921 0.11 0.084285715 0.12428571 0.22285714 0.28857143 0.30857143 -0.14790913 -0.15095413 -0.26857143 0.27428571 0.27428571 -0.81428571 -0.20571429 -0.20571429 0.058571429 0.058572014 0.17571429 0.17571429 0.17571429 -0.34428571 -0.34350189 -0.34285714 -0.34285714 -0.34285667 0.26285714 0.26285714 0.26285714 0.26285714 0.06 0.06 0.06 0.059999996 -0.05 -0.05 -0.05 -0.05 -0.05 -0.05857132 -0.058571429 -0.058571429 -0.058571429 0.5399482 0.54
0.40428571 0.052857651 0.33 0.19974854 0.061428571 0.15857143 -0.0071161316 -0.027142857 -0.16428571 0.13142849 0.0042815541 -0.052809874 0.27714286 0.28857143 0.28857143 0.29472618 -0.15142857 -0.15142857 -0.26857143 -0.26857143 0.27428353 -0.81428571 -0.94285714 -0.20285714 -0.09 -0.09009014 0.17571429 0.17571429 -0.34428571 -0.34428571 -0.34285714 -0.34285714 -0.34285714 -0.33719991 0.26285714 0.26285714 0.26285714 0.06 0.06 0.06 0.06 0.059989382 -0.05 -0.05 -0.05 -0.05 -0.05 -0.050076296 -0.058571429 -0.058615692 -1.0457143 -1.0457143 -1.0457143
-0.54857143 0.15428571 0.56428571 0.21714286 0.38571429 0.42 0.16714286 0.14226872 0.26714286 -0.10571429 0.27857143 0.015714286 0.015714458 0.12142857 0.12142857 -0.11285852 -0.11285714 -0.22714286 -0.22714286 -0.26857161 -0.91857143 -0.91857143 -0.20285714 -0.09 -0.09 -0.47571429 -0.78285714 -0.78285714 -0.014316055 -0.34428571 -0.34285714 -0.34285714 -0.31285714 -0.31283878 -0.13715547 -0.16857143 -0.16857143 -0.010713789 0.06 0.06 -0.049862806 -0.05 -0.049999791 -0.84710463 -0.86133889 -0.86142836 -0.86142854 -0.86142828 -1.8130611 -1.0457143 -1.0457143 -1.0457143 -1.0457143
-0.46285992 0.13714286 -0.23015438 0.28571429 0.59142857 0.13857143 0.24428571 0.17857143 -0.052857143 -0.052857143 0.27857143 0.10571429 -0.28142858 0.12142857 -0.11857071 -0.11857143 -0.11285714 -0.27428571 -0.47285714 -0.47285714 -0.85596052 -0.78571429 -0.78571429 -0.70285713 -0.47571429 -0.47571429 -0.78285714 -0.78285714 -0.014302032 -0.014586132 0.33804326 -0.31285714 -0.31285714 -0.13714286 -0.13714286 -0.39887636 -0.16857143 -0.16857143 -0.76855063 -0.050001 -0.05 -0.05 -0.049999506 -0.86142613 -0.86142857 -0.86142857 -0.86142857 -0.86142925 -2.0057143 -1.0459045 -1.0457143 -1.0457143 -1.0457143
-0.46285714 -0.62714286 -0.12571429 -0.36714286 -0.59427269 -0.14142857 -0.018571429 -0.33285713 -0.088571428 -0.18857143 -0.18857143 -0.36 -0.28142857 -0.28142857 -0.11968878 -0.26429254 -0.27857143 -0.25142857 -0.52285709 -0.47285714 -0.6961568 -0.66571429 -0.91428571 -0.51285714 -0.5128597 -0.71142857 -0.92571429 -0.92571424 -0.29330456 -0.2942857 0.34 -0.0062757487 0.042857143 -0.13714286 -0.14635113 -0.59142857 -0.59142857 -0.76857143 -0.76857143 -0.05 -0.05 -0.049999998 -0.42150031 -0.42285717 -0.86142857 -0.86142857 -0.86142857 -2.0056707 -2.0057143 -2.0057143 -1.0457143 -1.0457143 -1.0457143
-0.62692612 -0.62714285 -0.75142857 -0.22285714 -0.25142857 -0.39571429 -0.2 0.31571429 0.20857143 0.28148001 0.087142857 -0.10857143 -0.10857143 -0.4 -0.39999794 -0.51362876 -0.51428571 -0.51428571 -0.29286256 -0.93142859 -1.0242857 -1.0242857 -0.78428571 -0.86305485 -0.69141781 -0.71142857 -0.86714286 -0.92571429 -0.42151844 -0.41857143 -0.02 0.48142857 0.17347958 -0.65571429 -0.46 -0.57571429 -0.49142857 -0.42571429 -0.61134282 -0.049540869 0.052857143 -0.25571428 -0.42283272 -0.42285714 -0.42532566 -0.86142857 -1.1171428 -2.0057143 -2.0057143 -2.0057143 -2.0057143 -1.0179669 -0.94285714
-0.62571429 -0.62571429 -0.65142857 -0.35428571 -0.13 -0.22285714 -0.06 -0.034285714 0.38571429 0.29997459 0.077142857 -0.1 -0.4 -0.4 -0.18142857 -0.18599386 -0.51428571 -0.51427326 -0.47142857 -0.93142857 -0.93142857 -0.94339166 -0.78428571 -0.97428212 -0.97428571 -0.97428571 -0.86714286 -0.3 -0.3 -0.41857143 -0.41857143 0.48026893 -0.13 -0.65571429 -0.32428571 -0.57571429 -0.49142857 -0.92714286 -0.61142857 0.2037142 -0.25571427 -0.26201153 -0.27285714 -0.42285714 -0.42285714 -1.1171429 -1.1171429 -1.1171429 -2.0057143 -2.0057143 -0.82285714 -0.82285714 -0.82285719
-0.62571429 -0.62571429 -0.89571429 -0.73714286 -0.57428571 -0.26 -0.50142856 0.10987685 -0.14857143 -0.28 -0.14857143 -0.21285714 -0.10015069 -0.18142857 -0.18142857 -0.18144835 -0.35285714 -0.35908033 -0.47142857 -0.092857143 -0.092857143 -0.27857143 -0.27857143 -0.97428571 -0.97428571 -0.97428571 -0.3 -0.3 -0.3 -0.86714286 -0.86714286 -0.86714164 -0.21857143 -0.21857143 -0.40857143 -0.78571429 -0.24714286 -0.62999995 -0.84 0.21714286 0.21714286 -0.097143435 -0.27285714 -0.42285714 -0.55857158 -0.79857143 -0.42869211 -0.42571429 -0.66428571 -0.66428571 -0.82285714 -0.82285714 -0.82285714
-0.62571429 -0.74226501 -0.8280462 -0.91856245 -0.66142857 -0.73714286 -0.50142857 0.11 -0.14856927 -0.27854393 -0.21285723 -0.21285714 -0.12428571 -0.18142857 -0.18142857 -0.35285714 -0.35285714 -0.35286389 -0.47142857 -0.092857143 -0.12932765 -0.27857143 -0.27857143 -0.97425749 -0.97428571 -0.82448351 -0.51857143 -0.51857143 -0.5185714 -0.86714286 -0.86714286 -0.92714286 -0.92714286 -0.21857195 -0.40857143 -0.26571437 -0.30761918 -0.63 -0.63 0.21714285 -0.097142857 -0.097142857 -0.097146222 -0.55857143 -0.55857143 -0.79857143 -0.42571429 -0.42571429 -0.66428571 -0.66428571 -0.82285714 -0.82285714 -0.82285714
0.077142857 0.055273547 0.13425301 0.12665963 -0.6614289 -0.73714107 -0.50142858 0.10247366 -0.13075321 -0.15200338 -0.12428571 -0.12428571 -0.12428571 -0.12428571 -0.18142048 -0.35285714 -0.35285714 -0.35438809 -0.47142857 -0.092848383 -0.054285714 -0.054285714 -0.054285714 -0.054285714 -0.95834025 -0.51857143 -0.51857143 -0.51857143 -0.51857143 -0.51874552 -0.92714286 -0.92714286 -0.92714286 -0.92714286 -0.26571429 -0.26571429 -0.26571429 -0.61242865 -0.62734985 -0.27714286 -0.27714286 -0.097152539 -0.49714496 -0.55856551 -0.55857143 -0.79857143 -0.42571429 -0.42571429 -0.66428571 -0.66428571 -0.82228186 -0.82285714 -0.93904586
0.077142857 0.13428571 0.13428571 0.13428571 0.13428571 0.13428535 -0.50203191 -0.21215688 -0.083215903 -0.12431513 -0.12428571 -0.12428571 -0.12428571 -0.12428571 -0.12428573 -0.35285714 -0.35285716 -0.36099033 -0.47142557 -0.054285714 -0.054285714 -0.054285714 -0.054285714 -0.054285714 -0.061946041 -0.44600696 -0.41285716 -0.41285714 -0.41285714 -0.41285714 -0.92714285 -0.92714286 -0.92714269 -0.79142857 -0.79142857 -0.26571429 -0.59764832 -0.60714286 -0.27714305 -0.27714286 -0.27714286 -0.27714286 -0.49714286 -0.49714286 -0.49714286 -0.49924053 -0.39314836 -0.39285714 -0.39285714 -0.39285714 -0.39285715 0.18857122 0.18857143
0.25 0.13428571 0.13428571 0.13428571 0.13428571 0.13428571 0.13428567 -0.27895793 -0.14095116 -0.14142857 -0.14142857 -0.14142857 -0.14142857 -0.14142857 -0.14142857 -0.11346149 -0.349059 -0.36909346 -0.054338123 -0.054285714 -0.054285714 -0.054285714 -0.054285714 -0.054285902 -0.40857143 -0.40857143 -0.40857143 -0.41285714 -0.41285714 -0.41341211 -0.69 -0.69 -0.79142857 -0.79142857 -0.79142857 -0.63666326 -0.60714286 -0.60714286 -0.60714286 -0.27714286 -0.27714286 -0.27714286 -0.49714286 -0.49714286 -0.49714286 -0.49714286 -0.39285714 -0.39285714 -0.39285714 -0.39285714 -0.39285714 0.18857143 0.18857143
0.25 0.20692089 0.13428571 0.13428571 0.13428571 0.13428571 -0.081386234 -0.081428571 -0.081428573 -0.14142857 -0.14142857 -0.14142857 -0.14142857 -0.14142857 -0.13512551 -0.11285714 -0.11285714 -0.11285714 -0.21522259 -0.21571412 -0.21571429 -0.21571429 -0.21571429 -0.21571429 -0.40857143 -0.40857143 -0.40857143 -0.40857143 -0.41285714 -0.69 -0.69 -0.69 -0.79142856 -0.79142857 -0.79142857 -0.23285714 -0.60664729 -0.60714286 -0.60714286 -0.27717402 -0.33911393 -0.48366661 -0.49714286 -0.49714286 -0.3461816 -0.34571429 -0.34571429 -0.3921042 0.064111786 0.065714246 0.065714199 0.27998611 0.18857161
0.25 0.16658793 0.1494671 0.13428571 0.13428571 -0.081301117 -0.081428571 -0.081428571 -0.081428571 -0.081860949 -0.14142857 -0.14142857 -0.14142857 -0.14142857 -0.11285714 -0.11285714 -0.11285714 -0.11285714 -0.21562241 -0.21571429 -0.21571429 -0.21571429 -0.21571429 -0.21571429 -0.40857142 -0.40857143 -0.40857143 -0.40857143 -0.40959508 -0.69 -0.69 -0.69 -0.28857144 -0.79135961 -0.23285714 -0.23285714 -0.23285714 -0.23487937 -0.49206105 -0.48428571 -0.48428571 -0.48428571 -0.33571429 -0.33571429 -0.34571429 -0.34571429 -0.34571429 0.065714281 0.065714286 0.065714286 0.065714286 0.28 0.28
0.16447221 0.16428571 0.16428571 0.16428571 0.051428571 -0.081425144 -0.081428571 -0.081428571 -0.081428571 -0.081428571 -0.12033841 -0.14142494 -0.14142856 -0.11285714 -0.11285714 -0.11285714 -0.11285714 -0.11285714 -0.14229408 -0.21571429 -0.21571429 -0.21571429 -0.21571429 -0.21571429 -0.23706788 -0.12428725 -0.12428571 -0.12428571 -0.12428571 -0.68999998 -0.28857144 -0.28857143 -0.28857143 -0.28857143 -0.23285714 -0.23286192 -0.41428571 -0.41428571 -0.48341166 -0.48428571 -0.48428571 -0.48428571 -0.33571429 -0.33571429 -0.34416594 -0.34571429 -0.34571429 0.065714286 0.065714286 0.065714286 0.068011986 0.28 0.28
0.16428571 0.16428571 0.16428571 0.1111396 0.051428571 0.051428571 -0.081428571 -0.081428571 -0.081428571 -0.081428571 0.13714286 0.13714286 0.13714286 -0.11285714 -0.11285714 -0.11285714 -0.11285714 -0.11288311 -0.45142857 -0.45142857 -0.21571438 -0.21571429 -0.21463612 -0.17142857 -0.17100416 -0.12428571 -0.12428571 -0.12428571 -0.12428571 -0.2885547 -0.28857143 -0.28857143 -0.28857143 -0.28857143 -0.41428508 -0.41428571 -0.41428571 -0.41428571 -0.41451195 -0.48428571 -0.48428571 -0.48428571 -0.33571429 -0.33571429 -0.33571429 -0.34571429 -0.34571429 0.065714282 0.065714286 0.065714286 0.28 0.28 0.28
0.16428571 0.16428571 0.16428571 0.051428571 0.051428571 0.051428571 0.051428368 -0.081428571 -0.081428571 0.13691723 0.13714286 0.13714286 0.13714286 0.13698709 -0.24005209 -0.27 -0.27 -0.27 -0.45142857 -0.45142857 -0.45142857 -0.17142857 -0.17142857 -0.17142857 -0.17137655 -0.051601631 -0.12428571 -0.12428571 -0.12428571 -0.10703473 -0.070021497 -0.07 -0.07 -0.07 -0.26968838 -0.067143646 -0.067142857 -0.067142857 -0.067142857 0.075637662 0.075714286 0.075714286 -0.33571429 -0.33571429 0.33714005 0.3371428 0.18428571 0.18428571 0.25857143 0.25857143 0.25857143 0.28 0.38847435
0.16428591 0.16428571 0.16428571 0.051428571 0.051428571 0.051428571 0.05142857 -0.077142858 -0.081411435 0.13730867 0.13714286 0.13714286 0.13714286 0.13634393 -0.27 -0.27 -0.27 -0.27000005 -0.45142857 -0.45142857 -0.45142857 -0.17142857 -0.17142857 -0.17142857 0.014285714 0.014285714 -0.064285713 -0.064285714 -0.064285714 -0.064316888 -0.07 -0.07 -0.07 -0.07 -0.068572237 -0.067142857 -0.067142857 -0.067142857 -0.067142857 0.075714286 0.075714286 0.075714286 0.083939829 0.33714286 0.33714286 0.33714286 0.18428571 0.18428571 0.25857143 0.25857143 0.25857143 0.38857142 0.38857143
0.22857143 0.18553501 -0.27857143 -0.27847569 0.051428571 -0.076398947 -0.077142857 -0.077142857 0.015513423 0.32 0.32 0.32 0.32 -0.33712147 -0.33714286 -0.27000005 -0.27 -0.27478038 -0.45142857 -0.45142857 -0.45142857 -0.37857143 -0.37857143 -0.37857143 0.014285714 0.014285714 -0.064285714 -0.064285714 -0.064285714 -0.064285704 -0.050000127 -0.050000056 -0.06949733 -0.069978559 -0.21412 -0.21428571 -0.21428571 -0.21428571 -0.21428571 0.075714286 0.075714286 0.075714286 0.32274762 0.33714286 0.33714286 0.33714281 0.18428571 0.18428571 0.18428839 0.25857143 0.2585697 0.22 0.38857143
-0.024237696 -0.024285758 -0.27857143 -0.27857143 -0.27857143 -0.077142857 -0.077142857 -0.077142857 0.17714286 0.17714286 0.32 0.32 0.32 -0.33714286 -0.33714286 -0.33714286 -0.33714286 -0.33715528 -0.45142857 -0.45142857 -0.45142857 -0.37857143 -0.37857143 -0.37857143 0.014285714 0.014285714 -0.064285714 -0.064285714 -0.064285714 -0.050161072 -0.05 -0.05 -0.05 -0.05 -0.21420465 -0.21428571 -0.21428571 -0.21428571 -0.21428571 -0.16142851 -0.16142857 -0.16142857 -0.16142857 0.33714067 0.051428571 0.051428571 0.051428571 0.18714286 0.18714286 0.18714286 0.22 0.22 0.22
-0.024285714 -0.024285714 -0.27857143 -0.27857143 -0.27857143 -0.078201602 -0.077142857 0.17714286 0.17714286 0.17714286 0.31998241 0.32 -0.088562362 -0.33714282 -0.33714286 -0.33714286 -0.33714286 -0.39857143 -0.39857143 -0.39857143 -0.58 -0.57999985 -0.37857241 -0.37857143 -0.37853904 -0.51 -0.51 -0.50999894 -0.064357745 0.12425098 0.12428479 0.12425529 -0.049702128 -0.049849593 -0.18491304 -0.21428576 -0.2146735 -0.33 -0.33 -0.16142857 -0.16142857 -0.16142857 -0.16142857 0.051428571 0.051428571 0.051428571 0.051428571 0.18714286 0.18714286 0.18714286 0.22 0.22 0.22
-0.024285714 -0.024285714 -0.27857143 -0.27857143 -0.27857143 -0.27857143 0.018028858 0.17714286 0.17714286 0.17714286 0.17694558 -0.18 -0.18 -0.18 -0.33621678 -0.33714286 -0.39816208 -0.39857143 -0.39857143 -0.39857143 -0.58 -0.58 -0.58 -0.58 -0.51 -0.51 -0.51 -0.51 -0.51 0.12428571 0.12428571 0.12428571 0.12428571 0.12428535 -0.05 -0.33 -0.33 -0.33 -0.33 -0.33000033 -0.46142857 -0.46142857 -0.46142857 -0.36008406 -0.15 -0.15 -0.15 0.18714285 0.18714275 0.075714286 0.075714286 0.2499927 0.25
-0.024285714 -0.024285714 -0.18679214 -0.27857143 -0.27857143 -0.27857143 -0.54585759 0.17486031 0.17714286 0.17714286 -0.18000007 -0.18 -0.18 -0.18 -0.18 -0.19291301 -0.39857143 -0.39857143 -0.39857143 -0.39857143 -0.5799986 -0.58 -0.58 -0.58 -0.51 -0.51 -0.51 -0.51 -0.51 -0.15757338 0.12428571 0.12428571 0.12428571 -0.05 -0.05 -0.050217427 -0.33 -0.33 -0.23915147 -0.16857144 -0.46142857 -0.46142857 -0.46142857 -0.36070816 -0.15 -0.15 -0.15 0.06 0.075518487 0.075714286 0.075714286 0.25 0.25
-0.55428571 -0.55428571 -0.55428571 -0.34770058 -0.27906548 -0.54714286 -0.54714286 -0.54714286 -0.54714286 -0.53285714 -0.53285714 -0.18000002 -0.18 -0.18 -0.18 -0.18001387 -0.39857143 -0.39857143 -0.39857143 -0.39857143 -0.50083046 -0.58 -0.58 -0.5718124 -0.27795701 -0.51 -0.51 -0.51 -0.25714286 -0.25714286 -0.25714286 -0.25714126 -0.05 -0.05 -0.05 -0.05 -0.16857143 -0.16857143 -0.16857143 -0.16857143 -0.35714286 -0.35714286 -0.35714286 0.038563473 0.038571429 0.038571429 0.038571369 0.06 0.06 0.075695139 0.075714286 0.25000015 0.25
