interpolatedSpi/01-01|22_1.tif
NCOLS 53
NROWS 52
XLLCORNER -116.03883
YLLCORNER 28.596182
DX 0.49850594
DY 0.49788537
NODATA_VALUE -9999
0.4 0.4 0.76744445 0.63 1.15 1.03 0.93 0.88 0.64712413 0.08 0.87 0.76 0.92008482 1.95 1.12 1.12 1.12 1.38 1.72 1.72 1.72 1.7199825 -0.099999991 0.8 0.8 0.8 0.59000054 0.59 0.59 0.59 0.59 0.59 0.59 -1.1099997 -1.11 -1.11 -1.11 -1.11 -1.11 -1.11 -0.98138363 -0.98003027 -1.1 -1.1 -1.1 -1.1 -1.100392 -1.34 -1.34 -1.34 -0.31000214 -0.31 -0.31 
0.39999689 0.33 0.40999965 0.43566131 0.87040775 1 1.2 0.74 0.77 0.88 0.87 0.92 0.92 1.3520007 1.9499854 1.12 1.38 1.38 1.7195567 1.72 1.72 1.72 0.80947468 0.8 0.8 0.8 1.7399999 1.74 0.59 0.59 0.59 0.59 0.59 -1.1099998 -1.11 -1.11 -1.11 -1.11 -1.1099998 -0.76433977 0.939913 -0.85246225 -1.1 -1.1 -1.1 -1.1 -1.1 -1.34 -1.34 -1.34 -1.2545914 -0.31 -0.31 
0.010015394 0.01 0.11 0.2 0.08 -0.02 0.18 0.43 0.34 0.68 1.22 0.06 1.3 1.62 1.35 0.73 1.38 1.38 1.38 1.8799535 1.88 1.88 0.98 0.8 0.8 0.8 1.74 1.74 1.74 0.59 0.59 0.59000007 1.2784021 -1.1032293 -1.0909189 0.92121489 0.94 0.94 0.94 0.94 0.94 0.93739135 -1.1 -1.1 -1.1 -1.1 -1.1 -1.34 -1.34 -1.34 -1.34 -0.31 -0.31 
-0.55 0.009999766 -1.1500551 -0.01 -1.38 -0.11 -0.52 -0.39 1 0.59819032 0.46 -0.049999998 0.49 1.62 0.92 0.73 0.42237179 0.42067263 -0.19 1.88 1.88 0.06 0.98 0.98 0.8 0.80000469 1.74 1.74 1.74 0.38 1.2798315 2.02 2.02 2.0199991 0.94 0.94 0.94 0.94 0.94 0.94 0.94 0.93999992 -1.1 -1.1 -1.1 -1.1 -1.1 -1.339997 -1.34 -1.34 -1.34 -0.31000523 -0.31 
-0.55 -0.50000119 -1.15 -1.7400971 -1.38 -0.82 -0.78998489 -0.38 -0.18 0.38999975 0.43106871 0.45000286 0.47 0.92 0.92 0.78800083 0.42 0.42 -0.19 -0.19 1.8799964 0.06 0.7 0.91 1.23 1.2299463 1.74 1.74 0.38 0.38 2.02 2.02 2.02 1.8483983 0.94 0.94 0.94 0.94 0.94 0.94 0.94 0.94001062 -1.1 -1.1 -1.1 -1.1 -1.1 -1.1021363 -1.34 -1.339961 -0.47 -0.47 -0.47 
-0.98 -0.4 -0.18000001 -1.18 -2.01 -1.66 -0.73 -0.68518998 -0.54 -0.64 -0.54 0.29 0.29000012 0.02 0.02 -0.26987204 -0.27 0.03 0.029999999 -0.18999945 0.42 0.42 0.91 1.23 1.23 1 0.8 0.8 1.229922 0.38 2.02 2.02 1.11 1.1099478 0.61003586 0.8 0.8 0.8966878 0.94 0.94 1.0498628 1.05 1.050001 -0.54006206 -0.530063 -0.53000015 -0.53000002 -0.53000021 -0.52820659 -0.47 -0.47 -0.47 -0.47 
-0.73999182 0.04 -0.11354858 -1.38 -1.73 -1.88 -1.46 -1.42 -2.02 -2.02 -0.54 -0.67 -0.20000015 0.02 0.25999928 0.26 -0.27 -0.01 0.43 0.43 0.4011494 0.38 0.38 0.89 1 1 0.8 0.8 1.2299639 1.2293348 1.2779347 1.11 1.11 0.61 0.61 0.67473279 0.8 0.8 0.96999411 1.0499999 1.05 1.05 1.0500041 -0.52999604 -0.53 -0.53 -0.53 -0.52999999 -0.51 -0.47000793 -0.47 -0.47 -0.47 
-0.74 -1.04 0.03 -1.56 -2.0799702 -2.07 -1.45 -1.13 -1.26 -1.74 -1.74 -0.78 -0.2 -0.2 0.25684397 -0.31377689 -0.37 0.15 -0.59999894 0.43 0.93331188 1.07 -0.41 0.87999999 0.87999342 0.37 0.7 0.70000004 0.61217257 0.61000002 1.28 0.43747636 0.5 0.61 0.61627466 0.57 0.57 0.97 0.97 1.05 1.05 1.05 0.18623085 0.17999996 -0.53 -0.53 -0.53 -0.51000076 -0.51 -0.51 -0.47 -0.47 -0.47 
-0.97779663 -1.04 -1.52 -0.02 -0.48 -1.7 -1.25 -1.67 -2.17 -0.98181796 -1 -0.53 -0.53 -0.17 -0.17000602 -1.2575195 -1.26 -1.26 0.035511349 -0.82999994 -0.54 -0.53999998 1.34 0.27964623 0.42139453 0.37 0.97 0.7 1.147385 1.15 0.42 1.49 1.1424762 0.6 0.83 0.52 0.72 -0.25 0.68956594 1.0520087 1.5 1.07 0.18002282 0.18 0.17600374 -0.53 -0.21000002 -0.51 -0.51 -0.51 -0.51 -0.39654062 -1.01 
-0.63 -0.63 -0.89 -0.16 -0.44 -1.28 -1.07 -2.25 -1.54 -0.68015314 -1.35 1.06 -0.17 -0.17 -0.81 -0.81617195 -1.26 -1.2599372 -1.02 -0.83 -0.83 -0.79263827 1.34 0.42001742 0.42 0.42 0.97 0.85 0.85 1.15 1.15 1.4886913 0.8 0.6 0.07 0.52 0.72 0.35 0.69 1.1720585 1.07 0.79449546 0.32 0.18 0.18 -0.21 -0.21 -0.21 -0.51 -0.51 0.12 0.12 0.11999958 
-0.63 -0.63 -1.88 -1.86 -1.08 0.1 -0.63000001 -0.48121521 -0.6 -1.5 -1.21 -1.32 1.0568297 -0.81 -0.81 -0.8099827 -0.66 -0.67889449 -1.02 -0.78 -0.78 -0.84 -0.84 0.42 0.42 0.42 0.85 0.85 0.85 0.54 0.54 0.54000043 0.18 0.18 -0.72 -0.56 0.16 -0.1300023 0.18 1.18 1.18 0.11000069 0.32 0.18 -0.41000003 -0.6 -0.30956932 -0.31 -0.03 -0.03 0.12 0.12 0.12 
-0.63 -1.1698084 -1.8714653 -1.3799935 -0.73 0.06 -0.63 -0.48 -0.599999 -1.4900291 -1.3200002 -1.32 -0.67 -0.81 -0.81 -0.66 -0.66 -0.66002049 -1.02 -0.78 -0.79178278 -0.84 -0.84 0.419949 0.42 0.2720762 -0.03 -0.03 -0.02999989 0.54 0.54 0.41 0.41 0.17999753 -0.72 -0.089999958 0.070201647 -0.13 -0.13 1.18 0.11 0.11 0.10999627 -0.41 -0.41 -0.6 -0.31 -0.31 -0.03 -0.03 0.12 0.12 0.12 
0.04 -0.34062439 -0.21006133 -0.21847021 -0.72999633 0.059981347 -0.62999998 -0.48184642 -0.59173077 -0.6235014 -0.67 -0.67 -0.67 -0.67 -0.80998017 -0.66 -0.66 -0.66464817 -1.02 -0.78010277 -1.13 -1.13 -1.13 -1.13 0.3934042 -0.03 -0.03 -0.03 -0.03 -0.029695167 0.41 0.41 0.41 0.41 -0.090000001 -0.09 -0.09 -0.12838632 -0.131427 -0.32 -0.32 0.10997687 -0.28000445 -0.40998748 -0.41 -0.6 -0.31 -0.31 -0.029999999 -0.03 0.11945582 0.12 -0.14838309 
0.04 -0.21 -0.21 -0.21 -0.21 -0.20999989 -0.62823378 -0.55904113 -0.56966939 -0.66994704 -0.67 -0.67 -0.67 -0.67 -0.66999986 -0.66 -0.66000006 -0.68469354 -1.0199953 -1.13 -1.13 -1.13 -1.13 -1.13 -1.1239429 -0.16698556 -0.12999998 -0.13 -0.13 -0.13 0.40999999 0.41 0.41000004 0.44 0.44 -0.09 0.25998902 0.27 -0.31999966 -0.32 -0.32 -0.32 -0.28 -0.28 -0.28 -0.28222691 0.14694685 0.15 0.15 0.15 0.15 0.32999996 0.33 
-0.21 -0.21 -0.21 -0.21 -0.21 -0.21 -0.21000002 -0.46479325 -0.48027209 -0.48 -0.48 -0.48 -0.48 -0.48 -0.48 -0.7641461 -0.66177766 -0.70929608 -1.129986 -1.13 -1.13 -1.13 -1.13 -1.1299997 -0.85 -0.85 -0.84999899 -0.13 -0.13 -0.1300801 -0.17 -0.17 0.44 0.44 0.44 0.29723231 0.27 0.27 0.27 -0.32 -0.32 -0.32 -0.28 -0.28 -0.28 -0.28 0.14999998 0.15 0.15 0.15 0.15 0.33 0.33 
-0.21 -0.21 -0.21 -0.21 -0.21 -0.21 -0.14001374 -0.14 -0.14000001 -0.48 -0.48 -0.48 -0.48 -0.48 -0.54397603 -0.77 -0.77 -0.77 -0.87079151 -0.87000027 -0.87 -0.87 -0.87 -0.87 -0.85 -0.85 -0.85 -0.85 -0.13 -0.17 -0.17 -0.17 0.43999995 0.44 0.44 0.64 0.27048989 0.27 0.27 -0.3199713 -0.26315757 -0.13056787 -0.28 -0.28 -0.76848783 -0.77 -0.77 0.14814049 -0.97605116 -0.9799999 -0.97999979 -0.45988055 0.32999839 
-0.21 -0.43382264 -0.32639059 -0.21 -0.21 -0.14004136 -0.14 -0.14 -0.14 -0.14245014 -0.48 -0.48 -0.48 -0.48000004 -0.77 -0.77 -0.77 -0.77 -0.86991067 -0.87 -0.87 -0.87 -0.87 -0.87 -0.85 -0.85 -0.85 -0.85 -0.84752661 -0.17 -0.17 -0.17 -1.14 0.4399822 0.64 0.64 0.64 0.6359052 -0.10466498 -0.13 -0.13 -0.13 -0.42 -0.42 -0.77 -0.77 -0.77 -0.98 -0.98 -0.98 -0.98 -0.46 -0.46 
-0.43970202 -0.44 -0.44 -0.44 -0.14 -0.14 -0.14 -0.14 -0.14 -0.14 -0.49892692 -0.48000326 -0.48000001 -0.77 -0.77 -0.77 -0.77 -0.77 -0.77657687 -0.87 -0.87 -0.87 -0.87 -0.87 -0.95981736 -1.1199985 -1.12 -1.12 -1.12 -0.17000005 -1.14 -1.14 -1.14 -1.14 0.64 0.63999026 0.27 0.27 -0.1250054 -0.13 -0.13 -0.13 -0.42 -0.42 -0.71580795 -0.77 -0.77 -0.98 -0.98 -0.98 -0.97442425 -0.46 -0.46 
-0.44 -0.44 -0.44 -0.29872552 -0.14 -0.14 -0.14 -0.14 -0.14 -0.14 -0.73 -0.73 -0.73 -0.77 -0.77 -0.77 -0.77 -0.7699058 -0.75 -0.75 -0.86999995 -0.87 -0.87730374 -1.17 -1.1695499 -1.12 -1.12 -1.12 -1.12 -1.139998 -1.14 -1.14 -1.14 -1.14 0.2700013 0.27 0.27 0.27 0.26858626 -0.13 -0.13 -0.13 -0.42 -0.42 -0.42 -0.77 -0.77 -0.97999999 -0.98 -0.98 -0.46 -0.46 -0.46 
-0.44 -0.44 -0.44 -0.14 -0.14 -0.14 -0.14 -0.14 -0.14 -0.72939095 -0.73 -0.73 -0.73 -0.73002491 -0.30862923 -0.2 -0.2 -0.2 -0.75 -0.75 -0.75 -1.17 -1.17 -1.17 -1.1700028 -1.1514715 -1.12 -1.12 -1.12 -1.3672478 -1.4199725 -1.42 -1.42 -1.42 0.21794661 0.15000027 0.15 0.15 0.15 0.44992064 0.45 0.45 -0.42 -0.42 0.42999645 0.42999977 -0.21 -0.21 -0.62 -0.62 -0.62 -0.46 -1.2492936 
-0.44000006 -0.44 -0.43999999 -0.14 -0.14 -0.14 -0.14000001 -1.1599997 -0.14407836 -0.72989119 -0.73 -0.73 -0.73 -0.72895999 -0.2 -0.2 -0.2 -0.20000016 -0.75 -0.75 -0.75 -1.17 -1.17 -1.17 -1.18 -1.18 -1.32 -1.32 -1.32 -1.3205455 -1.42 -1.42 -1.42 -1.42 -0.63543126 0.15 0.15 0.15 0.15 0.45 0.45 0.45 0.44937072 0.43 0.43 0.43 -0.21 -0.21 -0.62 -0.62 -0.62 -1.25 -1.25 
-0.46 -0.44628869 -0.44 -0.43991296 -0.14 -1.1540983 -1.16 -1.16 -0.9741669 -0.61 -0.61 -0.61 -0.61 0.14997526 0.15 -0.19999973 -0.2 -0.21449169 -0.75 -0.75 -0.75 -0.54 -0.54 -0.54 -1.18 -1.18 -1.32 -1.32 -1.32 -1.3199998 -1.100002 -1.1000009 -1.4119573 -1.4196569 -1.1303202 -1.13 -1.13 -1.13 -1.13 0.45 0.45 0.45 0.43110094 0.43 0.43 0.42999998 -0.21 -0.21 -0.21001476 -0.62 -0.6200161 -0.98 -1.25 
-0.17005507 -0.17000005 -0.44 -0.44 -0.44 -1.16 -1.16 -1.16 -0.65 -0.65 -0.61 -0.61 -0.61 0.15 0.15 0.15 0.15 0.14989879 -0.75 -0.75 -0.74999999 -0.54 -0.54 -0.54 -1.18 -1.18 -1.32 -1.32 -1.32 -1.1024805 -1.1 -1.1 -1.1 -1.1 -1.1299852 -1.13 -1.13 -1.13 -1.13 -0.029999875 -0.03 -0.03 -0.03 0.42999931 0.34 0.34 0.34 -0.38 -0.38 -0.38 -0.98 -0.98 -0.98 
-0.17 -0.17 -0.44 -0.44 -0.44 -1.1562156 -1.16 -0.65 -0.65 -0.65 -0.61000492 -0.61 -0.51194503 0.14999985 0.15 0.15 0.15 -0.42 -0.42 -0.42 0.81999997 0.81999899 -0.53999338 -0.54 -0.53971135 0.25 0.25 0.24999626 -1.3197463 -1.05001 -1.0500003 -1.0500087 -1.0999145 -1.0999569 -1.1246248 -1.1300002 -1.1317761 -1.66 -1.66 -0.03 -0.03 -0.03 -0.03 0.34 0.34 0.34 0.34 -0.38 -0.38 -0.38 -0.98 -0.98 -0.98 
-0.17 -0.17 -0.44 -0.44 -0.44 -0.44 -0.9691219 -0.65 -0.65 -0.65 -0.64991162 -0.49 -0.49 -0.49 0.14622833 0.15 -0.41620166 -0.42 -0.42 -0.42 0.82 0.82 0.82 0.82 0.25 0.25 0.25 0.25 0.25 -1.05 -1.05 -1.05 -1.05 -1.0500001 -1.08 -1.66 -1.66 -1.66 -1.66 -1.6599949 -0.32 -0.32 -0.32 -0.17681642 0.12 0.12 0.12 -0.37999999 -0.38000045 -0.84 -0.84 -1.1299635 -1.13 
-0.17 -0.17 -0.34254896 -0.44 -0.44 -0.44000003 -1.7580303 -0.65349811 -0.65 -0.65 -0.4900001 -0.49 -0.49 -0.49 -0.49 -0.43753085 -0.42 -0.42 -0.42 -0.42 0.81999041 0.82 0.82 0.82 0.25 0.25 0.25 0.25 0.25 -0.14108361 -1.05 -1.05 -1.05 -1.08 -1.08 -1.0804504 -1.66 -1.66 -1.3054495 -1.0300001 -0.32 -0.32 -0.32 -0.17687087 0.12 0.12 0.12 -0.19 -0.83190106 -0.84 -0.84 -1.13 -1.13 
-1.85 -1.85 -1.85 -0.79352576 -0.44328654 -1.76 -1.76 -1.76 -1.76 -0.97000001 -0.97 -0.49000003 -0.49 -0.49 -0.49 -0.4899956 -0.42 -0.42 -0.42 -0.42 0.27890422 0.82 0.82 0.82706601 1.0525958 0.25 0.25 0.25 0.18 0.18 0.18 0.17999484 -1.08 -1.08 -1.08 -1.08 -1.03 -1.03 -1.03 -1.03 -0.01 -0.01 -0.01 0.61998733 0.62 0.62 0.61999984 -0.19 -0.19 -0.83920801 -0.84 -1.129998 -1.13 
-1.85 -1.85 -1.85 -1.8500452 -2.69 -2.5547627 -1.76 -1.76 -1.76 -0.97 -0.97 -0.97 -1.43 -1.43 -1.43 -1.43 -0.42137387 -0.42 -0.42 -0.42 -0.40118245 1.0899993 1.09 1.09 1.09 1.09 0.68 0.68 0.18 0.18 0.18 0.18 -1.0799994 -1.08 -1.08 -1.0799357 -1.03 -1.03 -1.03 -1.0283769 -0.01 -0.01 -0.01 0.61997079 0.62 0.62 0.62 -0.19 -0.19 -0.19000007 -0.74 -0.74 -1.25 
-1.85 -1.85 -1.85 -2.6899981 -2.69 -2.69 -1.7600003 -1.76 -1.76 -0.97 -0.97 -0.97 -1.43 -1.43 -1.43 -1.4101985 -1.17 -1.17 -1.1699981 -0.42423618 1.09 1.09 1.09 1.09 1.09 1.0896915 0.68 0.68 0.68 0.18 0.18 0.18015448 -0.29 -0.29 -0.29 -0.37 -0.37 -0.66 -0.66 -0.66 -0.68 -0.010210159 -0.010002015 -0.28 -0.28 -0.24589102 0.61999625 -0.19 -0.19 -0.74 -0.74 -0.74 -1.25 
-1.85 -1.85 -1.85 -2.69 -2.69 -2.69 -2.69 -1.76 -1.76 -0.97 -0.97 -1.4116066 -1.43 -1.43 -1.43 -1.17 -1.17 -1.17 -1.17 -1.17 1.09 1.09 1.09 1.09 1.09 0.6800014 0.68 0.68 0.68 0.42 0.42 0.42 -0.29 -0.29 -0.29 -0.37 -0.37 -0.66 -0.66 -0.68 -0.68 -0.68 -0.28 -0.28 -0.28 -0.28 -0.29478652 -0.46 -0.46 -0.46 -0.74 -0.83 -0.83 
-1.85 -1.85 -1.8511697 -2.69 -2.69 -2.69 -2.69 -2.6995201 -2.7 -2.6970298 -0.97000003 -1.4300193 -1.43 -1.43 -1.4299991 -1.17 -1.17 -1.17 -1.17 -1.17 -0.40617323 1.09 1.09 1.09 1.0898744 0.67998875 0.68 0.68 0.68 0.42 0.42 0.42 0.419903 -0.29 -0.37 -0.37 -0.37 -0.37001203 -0.66000136 -0.68 -0.68 -0.68 -0.28002428 -0.28 -0.28 -0.28 -0.46000249 -0.46 -0.46 -0.46 -0.83 -0.83 -0.83 
-2.18 -2.1799994 -2.6895402 -2.69 -2.69 -2.69 -2.6999979 -2.7 -2.7 -2.7 -1.66 -1.66 -1.66 -1.66 -1.1722615 -1.17 -1.17 -1.17 -1.17 -0.47000042 -0.47 -0.47 0.4800001 0.48 0.48 0.48 0.49726257 0.68 1.0899832 1.09 1.09 1.09 1.09 -0.51 -0.51 -0.51 -0.51 -0.51 -0.98 -0.98 -0.98 -0.98 -0.98 -0.70935181 -0.71 -0.71 -0.71 -0.46 -0.46 -0.46 -0.82994171 -0.83 -0.83 
-2.18 -2.18 -2.1765674 -1.7700018 -1.7700002 -1.7709072 -2.7 -2.7 -2.7 -2.7 -1.66 -1.66 -1.66 -1.66 -1.66 -1.17 -1.17 -1.17 -0.47000018 -0.47 -0.47 -0.47 0.48 0.48 0.48 0.48 0.48 0.48004291 1.0895134 1.09 1.09 1.09 1.0898045 -0.70274655 -0.51019958 -0.51 -0.51 -0.51 -0.98 -0.98 -0.98 -0.98 -0.98 -0.71 -0.71 -0.71 -0.71 -0.59309511 -0.46 0.2816323 0.29 -0.03 -0.03 
-2.18 -2.18 -1.7700519 -1.77 -1.77 -1.77 -2.0062161 -2.7 -2.7 -2.7 -1.66 -1.66 -1.66 -1.66 -1.66 -1.1703668 -1.17 -0.47020524 -0.47 -0.47 -0.47 -0.47 0.12806634 0.48 0.48 0.48 0.48 0.47953936 -0.17 -0.17 -0.17 -0.17 -0.17 -0.85 -0.85 -0.85 -0.85 -0.85 -1.32 -1.32 -1.32 -1.32 -1.32 -0.70885242 -0.70999976 -0.71 -0.70992033 -0.70026974 0.29 0.29 0.29 -0.029998208 -0.03 
-2.1799979 -1.0426153 -1.7699999 -1.77 -1.77 -1.77 -1.77 -2.699604 -2.7 -2.7 -1.66 -1.66 -1.66 -1.66 -0.55509883 -0.53 -0.53 -0.47000154 -0.47 -0.47 -0.47 -0.47 -0.4699999 0.48 0.48 0.48 0.48 -0.93999923 -0.93999964 -0.77612529 -0.17 -0.17 -0.17 -0.85 -0.85 -0.85 -0.85 -0.85021673 -1.32 -1.32 -1.32 -1.32 -1.3199717 -0.24 -0.24 -0.24 -0.24 -0.23995725 0.29 0.29 0.29 0.2900005 1.083358 
-1.02 -1.02 -1.2060103 -1.77 -1.77 -1.77 -1.77 -1.77 -2.6995993 -0.98000003 -0.98 -0.98 -0.98161378 -0.53000163 -0.53 -0.53 -0.53 -0.53 -0.4699982 -0.45461413 -0.32 -0.32 -0.32 -0.11988504 0.41677126 0.078446285 -0.2073935 -0.94 -0.94 -0.94 -0.94 -0.94 -0.91002183 -1.1652861 -1.17 -1.17 -1.17 -1.17 -1.250494 -0.95000066 -0.95 -0.95 -0.95 -0.22000006 -0.23999999 -0.24 -0.24 1.08 0.29001266 0.29 0.29 1.1 1.1 
-1.02 -1.02 -1.34 -1.34 -1.34 -1.7698568 -1.77 -1.77 -0.98 -0.98 -0.98 -0.98 -0.98 -0.53000002 -0.53 -0.53 -0.53 -0.53 -0.32 -0.32 -0.32 -0.32 -0.32 -0.31 -0.31 -0.31 -0.31 -0.94 -0.94 -0.94 -0.94 -0.94 -0.75 -0.75 -1.17 -1.17 -1.17 -0.55010559 -0.55 -0.95 -0.95 -0.95 -0.94999994 -0.22 -0.22 -0.22 1.08 1.08 1.08 1.21 1.21 1.1 1.1 
-1.02 -1.02 -1.34 -1.34 -1.34 -1.34 -1.3399977 -0.92 -0.97994351 -0.98 -0.98 -0.98 -0.98 -0.53561334 -0.53 -0.53 -0.53 -0.53 -0.32 -0.32 -0.32 -0.32 -0.32 -0.31 -0.31 -0.31 -0.31 -0.31000258 -0.94 -0.94 -0.94 -0.75000996 -0.75 -0.75 -0.75 -1.17 -0.55000001 -0.55 -0.55 -0.56052475 -0.64651695 -0.59 -0.59 -0.22 -0.22 -0.22 1.08 1.08 1.08 1.21 1.21 1.21 0.76488495 
-1.51 -1.5099962 -1.34 -1.34 -1.34 -1.34 -0.92 -0.92 -0.92 -0.98 -0.98 -0.98 -0.98 -0.97986011 -0.53 -0.53 -0.53 -0.53 -0.32000377 -0.32 -0.32 -0.32 -0.31176578 -0.31 -0.31 -0.31 -0.31 -0.64999972 -0.65 -0.65 -0.93688042 -0.75 -0.75 -0.75 -0.7499997 -0.44 -0.55 -0.55 -0.55 -0.55 -0.59 -0.59 -0.59 0.17 0.17 0.17 0.14009154 1.08 1.08 1.21 1.21 1.21 0.72999774 
-1.51 -1.51 -1.34 -1.34 -1.34 -0.92 -0.92 -0.92 -0.92 -0.97341432 -0.98 -0.98 -0.98 -0.97999712 -0.39001611 -0.39 -0.39 -0.39 -0.60578514 -0.49 -0.49 -0.49 -0.49 -0.31 -0.31 -0.31 -0.31002243 -0.65 -0.65 -0.65 -0.65 -0.74999452 -0.57563397 -0.44 -0.44 -0.44 -0.55097021 -0.80999459 -0.81 -0.81 -0.58985901 -0.41000001 -0.41 0.17 0.17 0.16999987 0.14 0.14 0.17 0.17 0.17 -0.56 -0.08 
-1.51 -1.51 -0.95 -0.95 -0.95 -0.92 -0.92 -0.92 -0.92 -0.69 -0.69 -0.69 -0.69 -0.6688583 -0.39 -0.39 -0.39 -0.39 -0.61 -0.49 -0.49 -0.49 -0.49 -0.78 -0.77999981 -0.31000069 -0.65 -0.65 -0.65 -0.65 -0.71581578 -0.78 -0.48045534 -0.44 -0.44 -0.44 -0.81 -0.81 -0.81 -0.81 -0.41 -0.41 -0.41 -1.0697919 -1.07 0.13456113 0.14 0.14 0.16999388 0.17 -0.56 -0.56 -0.08 
-1.51 -0.95 -0.95 -0.95 -0.95 -0.95 -0.91821453 -0.69 -0.69 -0.69 -0.69 -0.69 -0.69 -0.68992895 -0.39 -0.39 -0.39 -0.3999403 -0.61 -0.61 -0.49 -0.49 -0.78 -0.78 -0.78 -0.78 -0.65 -0.65 -0.65 -0.65 -0.78 -0.78 -0.78 -0.44034405 -0.44 -0.44 -0.81 -0.81 -0.81 -0.81 -0.41 -0.41 -0.41 -1.07 -1.07 -1.0700068 -1.19 -1.19 -1.15 -1.15 -0.56 -0.56 -0.08 
-0.9552591 -0.95 -0.95 -0.95 -0.95 -0.95 -0.69 -0.69 -0.69 -0.69 -0.69 -0.69 -0.69 -0.68999536 -0.39 -0.39 -0.39 -0.61 -0.61 -0.61 -0.490006 -0.49000177 -0.78 -0.78 -0.78 -0.78 -0.65000924 -0.65 -0.65 -0.7799701 -0.78 -0.78 -0.78 -0.78 -0.44220617 -1.4 -1.4 -1.389789 -0.81 -0.81 -0.41000035 -0.41 -1.0508104 -1.07 -1.07 -1.19 -1.19 -1.19 -1.15 -1.15 -0.64 -0.64 -0.35 
-0.95 -0.95 -0.95 -0.95 -0.95 -0.95 -0.69 -0.69 -0.69 -0.69 -0.5200049 -0.52 -0.52 -0.52 -0.38999994 -0.34512931 -0.32 -0.32 -0.60946539 -0.61 -0.60999998 -0.77999958 -0.78 -0.78 -0.78 -0.78 -0.77990548 -0.65 -0.65000444 -0.78 -0.78 -0.78 -0.78 -0.78 -1.4 -1.4 -1.4 -1.4 -1.4 -1.3999966 -0.84 -0.84 -0.84000013 -1.22 -1.22 -1.22 -0.94 -0.94 -0.38 -0.38 -0.64 -0.63999937 -0.35 
-0.95 -0.95 -0.95 -0.95 -0.95 -0.95 -0.69 -0.69 -0.69 -0.52 -0.52 -0.52 -0.52 -0.52 -0.46728048 -0.32 -0.32 -0.32 -0.32 -0.32 -0.33384655 -0.78 -0.78 -0.78 -0.78 -0.77968599 -0.77001567 -0.66634037 -0.77935891 -0.78 -0.78 -0.78 -0.78 -0.78000136 -1.4 -1.4 -1.4 -1.4 -1.4 -1.1394893 -0.84 -0.84 -0.84 -1.22 -1.22 -1.22 -0.94 -0.94 -0.38 -0.38 -0.83999999 -0.37703056 -0.35 
-0.95 -0.95 -0.95 -0.95 -0.95 -0.94999992 -0.69000006 -0.69 -0.68294405 -0.52 -0.52 -0.52 -0.52 -0.52 -0.51040677 -0.32 -0.32 -0.32 -0.32 -0.32 -0.32 -0.77011522 -0.77000001 -0.77 -0.77 -0.77 -0.77 -0.77 -0.7404519 -0.74000047 -0.74 -0.74 -0.74 -0.74000048 -1.4 -1.4 -1.4 -1.4 -1.4 -0.84000007 -0.84 -0.84 -0.84 -0.84000017 -1.2187495 -0.44 -0.93999995 -0.80242199 -0.38036801 -0.84 -0.84 -0.84083147 -0.88 
-0.95 -0.95 -0.95 -0.95 -0.95 -0.94998339 -0.69001402 -0.68998971 -0.52000021 -0.52 -0.52 -0.52 -0.52 -0.52 -0.51619443 -0.32 -0.32 -0.32 -0.32 -0.32 -0.32 -0.77 -0.77 -0.77 -0.77 -0.77 -0.77 -0.77 -0.74000828 -0.74 -0.74 -0.74 -0.74 -0.74 -0.92083994 -1.4 -1.4 -1.4 -1.4 -0.84 -0.84 -0.84 -0.84 -0.83989753 -0.44 -0.44 -0.44225631 -0.8 -0.8 -0.84 -0.84 -0.88 -0.88 
-0.95 -0.95 -0.95 -0.95 -0.95 -0.94965325 -0.69030385 -0.53918339 -0.52 -0.52 -0.52 -0.52 -0.52 -0.52 -0.51649866 -0.32 -0.32 -0.32 -0.32 -0.32 -0.38407182 -0.77 -0.77 -0.77 -0.77 -0.77 -0.77 -0.77 -0.74000012 -0.74 -0.74 -0.74 -0.74 -0.74 -0.74 -1.1390049 -0.733328 -0.51150096 -0.47774208 -0.8207164 -0.83999999 -0.84 -0.84 -0.44003194 -0.44 -0.44393967 -1.0999986 -0.8 -0.8 -1.3400611 -1.34 -1.34 -0.8800002 
-0.95 -0.95 -0.95 -0.95 -0.94999974 -0.94783163 -0.67712384 -0.52004675 -0.52 -0.52 -0.52 -0.52 -0.52 -0.52 -0.51532969 -0.32 -0.32 -0.32 -0.32 -0.32 -0.76999806 -0.77 -0.77 -0.77 -0.77 -0.77 -0.77 -0.77 -0.74000001 -0.74 -0.74 -0.74 -0.74 -0.74 -0.73999994 -0.46 -0.46 -0.46 -0.46 -0.54 -0.54 -0.54 -0.54 -1.0999981 -1.1 -1.1 -1.1 -1.1000056 -1.62 -1.62 -1.34 -1.34 -1.6417166 
-0.95 -0.95 -0.95 -0.94999998 -0.94999274 -0.94286419 -0.53211034 -0.52000222 -0.52 -0.52 -0.52 -0.52 -0.52 -0.52 -0.51321077 -0.32000008 -0.32 -0.32 -0.32 -0.32270835 -0.77 -0.77 -0.77 -0.77 -0.77 -0.77 -0.77 -0.77 -0.74000001 -0.74 -0.74 -0.74 -0.74 -0.74 -0.46000026 -0.46 -0.46 -0.46 -0.46 -0.54 -0.54 -0.54 -0.54 -0.69114159 -1.1 -1.1 -1.1 -1.6199942 -1.62 -1.62 -1.78 -1.78 -1.78 
-0.95 -0.95 -0.94999999 -0.94999941 -0.94992842 -0.91558347 -0.52068555 -0.52000056 -0.52 -0.52 -0.52 -0.52 -0.52 -0.51999999 -0.51034044 -0.3200047 -0.32 -0.32 -0.32000052 -0.76088229 -0.77 -0.77 -0.77 -0.77 -0.77 -0.77 -0.77 -0.77 -0.74000003 -0.74 -0.74 -0.74 -0.74 -0.43254245 -0.45999996 -0.46 -0.46 -0.46 -0.46 -0.54 -0.54 -0.54 -0.54 -0.54 -1.1 -1.1 -1.1 -1.62 -1.62 -1.62 -1.78 -1.78 -1.78 
-0.95 -0.94999998 -0.94999975 -0.949993 -0.94952707 -0.707415 -0.52012636 -0.52000034 -0.52 -0.52 -0.52 -0.52 -0.52 -0.51999962 -0.50692785 -0.32007304 -0.32 -0.32000002 -0.32232987 -0.76996174 -0.77 -0.77 -0.77 -0.77 -0.77 -0.77 -0.77 -0.76999998 -0.74000019 -0.74 -0.7399997 -0.35692311 -0.32 -0.32 -0.32 -0.46 -0.46 -0.46 -0.46 -0.54 -0.54 -0.54 -0.54 -0.54 -1.0999901 -1.1 -1.1000003 -1.62 -1.62 -1.6200001 -1.78 -1.78 -1.78 
