interpolatedSpi/01-04|22_3.tif
NCOLS 53
NROWS 52
XLLCORNER -116.03883
YLLCORNER 28.596182
DX 0.49850594
DY 0.49788537
NODATA_VALUE -9999
[rows 0 to 35 of 52, columns 0 to 52 of 53]
0.905 0.905 0.89101283 0.6 1.52 0.95 0.855 1.0175 0.85211791 0.3125 0.7325 0.545 0.70756546 1.5025 1.585 1.585 1.585 1.0175 1.135 1.135 1.135 1.1349896 0.052500005 0.5075 0.5075 0.5075 0.61000081 0.61 0.61 0.2225 0.2225 0.2225 0.2225 -1.0474997 -1.0475 -1.0475 -1.0475 -1.0475 -1.0475 -1.0475 -0.30054409 -0.29286313 -1.72 -1.72 -1.72 -1.72 -1.720882 -2.26 -2.26 -2.26 0.26749475 0.2675 0.2675
0.9049639 0.0925 0.36749995 0.43405902 0.67016117 1.2 1.3475 0.76510765 0.5275 0.3375 0.4725 0.7075 0.7075 0.77742583 1.5024919 1.585 1.0175 1.0175 1.1348468 1.135 1.135 1.135 0.51078982 0.5075 0.5075 0.5075 1.2449999 1.245 0.2225 0.2225 0.2225 0.2225 0.2225 -1.0474998 -1.0475 -1.0475 -1.0475 -1.0475 -1.0474999 -0.68364735 1.1373897 -1.3732653 -1.72 -1.72 -1.72 -1.72 -1.72 -2.26 -2.26 -2.26 -2.0504173 0.2675 0.2675
0.5475029 0.5475 0.3225 0.85 0.02 -0.14 0.0325 0.11 -0.25 0.3125 0.8125 -0.2275 0.4225 1.045 0.775 -0.1075 1.0175 1.0175 1.0175 1.0775167 1.0775 1.0775 0.57 0.5075 0.5075 0.5075 1.245 1.245 1.245 0.2225 0.2225 0.22250003 0.50652604 -1.0421063 -1.0297918 0.8375665 0.855 0.855 0.89053105 1.1375 1.1375 1.133846 -1.72 -1.72 -1.72 -1.72 -1.72 -2.26 -2.26 -2.26 -2.26 0.2675 0.2675
-0.1875 0.54749979 -0.47754557 1.16 -0.7625 -0.12 -0.525 -0.7625 0.36 0.29031869 0.12 -0.3525 -0.1275 1.045 0.0575 -0.1075 -0.18192618 -0.18165921 -0.38 1.0775 1.0775 -0.24 0.57 0.57 0.5075 0.50750368 1.245 1.245 1.245 -0.1 0.40066843 0.8125 0.8125 0.81250003 0.855 0.855 0.855 0.855 1.1375 1.1375 1.1375 1.1374999 -1.72 -1.72 -1.72 -1.72 -1.72 -2.2599932 -2.26 -2.26 -2.26 0.26748628 0.2675
-0.1875 -0.12750064 -0.4775 -0.78611762 -0.7625 -0.805 -0.46500784 -0.71 -0.5775 0.21499977 0.20134709 0.1975197 0.335 0.0575 0.0575 -0.054079554 -0.1825 -0.1825 -0.38 -0.38 1.0774974 -0.24 0.25 0.7825 0.49 0.48997096 1.245 1.245 -0.099999998 -0.1 0.8125 0.8125 0.8125 0.71397046 0.855 0.855 0.855 1.1375 1.1375 1.1375 1.1375 1.1375543 -1.72 -1.72 -1.72 -1.72 -1.72 -1.7248067 -2.26 -2.2599055 -0.1525 -0.1525 -0.1525
-1.3775 -0.525 0.24500001 0.0175 -1.1775 -0.655 -0.345 -0.39173045 -0.2525 -0.4925 -0.4 0.225 0.22500007 -0.24 -0.24 -0.20989618 -0.21 -0.0925 -0.092500001 -0.37999905 -0.15 -0.15 0.7825 0.49 0.49 0.365 0.0875 0.0875 0.46244795 -0.1 0.8125 0.8125 0.29 0.28998642 0.16000951 0.84 0.84 1.0454616 1.1375 1.1375 1.6992984 1.7 1.7000018 -0.19736174 -0.17017131 -0.17000041 -0.17000005 -0.17000058 -0.022407781 -0.1525 -0.1525 -0.1525 -0.1525
-0.45251733 -0.3075 -0.86925756 -0.5325 -0.445 -1.455 -1.1075 -1.3025 -1.0025 -1.0025 -0.4 -0.0125 -0.29249996 -0.24 0.21999862 0.22 -0.21 0.37 0.7 0.7 -0.21597708 -0.29 -0.29 0.2975 0.365 0.365 0.0875 0.0875 0.46245746 0.46171677 0.99110609 0.29 0.29 0.16 0.16 0.90808 0.84 0.84 1.4349794 1.6999996 1.7 1.7 1.7000089 -0.16999392 -0.17 -0.17 -0.17 -0.16999985 0.0775 -0.15245442 -0.1525 -0.1525 -0.1525
-0.4525 -0.775 -0.6125 -1.4325 -1.1000191 -1.2275 -1.48 -1.215 -1.0725 -1.2775 -1.2775 -0.1525 -0.2925 -0.2925 0.21648377 -0.17845617 -0.2175 0.4925 -0.42249885 0.7 0.41923217 0.5625 -0.8325 0.40249999 0.40249139 -0.265 0.1175 0.11749999 -0.26494198 -0.26749997 0.995 -0.20195168 -0.03 0.16 0.18467084 0.965 0.965 1.435 1.435 1.7 1.7 1.7 0.92711104 0.91999994 -0.17 -0.17 -0.17 0.077490579 0.0775 0.0775 -0.1525 -0.1525 -0.1525
-0.83075546 -0.77499999 -0.215 -0.2825 -0.9775 -1.4125 -1.025 -1.155 -1.175 -0.50515241 -0.565 -0.35500001 -0.355 0.025 0.024993911 -0.62386426 -0.625 -0.625 0.35282385 -1.0425 -1.125 -1.125 1.5125 0.091625949 -0.19773362 -0.265 0.4575 0.1175 1.1961951 1.2025 -0.25 1.385 0.9405215 0.47 1.025 0.8775 1.5875 0.165 1.3369586 1.7035933 2.505 1.9625 0.92005822 0.92 0.91386489 -0.17 -0.44749999 0.077499995 0.0775 0.0775 0.077500004 0.016518847 0.4775
-1.1425 -1.1425 -0.035 0.1025 -0.875 -1.5825 -0.765 -1.385 -0.935 -0.33513461 -0.695 1.0125 0.025 0.025 -0.6225 -0.62253429 -0.625 -0.62500553 -0.7 -1.0425 -1.0425 -1.0531288 1.5125 0.51751884 0.5175 0.5175 0.4575 0.4275 0.4275 1.2025 1.2025 1.3833262 0.5025 0.47 0.775 0.8775 1.5875 0.9175 1.3375 1.6965845 1.9625 1.7108725 1.2775 0.92 0.92 -0.4475 -0.4475 -0.4475 0.0775 0.0775 1.205 1.205 1.2049997
-1.1425 -1.1425 -0.6375 -1.3575 -1.3575 -0.4875 -1.5275 -0.4186477 -0.72 -0.725 -1.2125 -0.97 1.0098592 -0.6225 -0.6225 -0.62245039 -0.1925 -0.21913598 -0.7 -0.59 -0.59 -0.97 -0.97 0.5175 0.5175 0.5175 0.4275 0.4275 0.4275 0.495 0.495 0.49500001 0.6825 0.6825 0.295 0.1425 1.8 1.0224999 1.3575 1.7025 1.7025 1.0425008 1.2775 0.92 0.84249977 0.5075 1.2924739 1.3 1.7825 1.7825 1.205 1.205 1.205
-1.1425 -0.92463676 -0.94474968 -1.1399938 -0.8625 -1.2175 -1.5275 -0.4175 -0.71999747 -0.72494461 -0.96999968 -0.97 -0.3475 -0.6225 -0.6225 -0.19250001 -0.1925 -0.19252888 -0.7 -0.59 -0.66462427 -0.97 -0.97 0.51744024 0.5175 0.29807969 -0.15 -0.15 -0.14999993 0.495 0.495 0.1075 0.1075 0.68249894 0.295 1.055 1.6725181 1.0225 1.0225 1.7025 1.0425 1.0425 1.0424986 0.8425 0.8425 0.5075 1.3 1.3 1.7825 1.7825 1.205 1.205 1.205
-0.3275 -0.098523128 -0.042548075 -0.050450294 -0.86250193 -1.2174916 -1.5275 -0.43116346 -0.69915466 -0.72013056 -0.3475 -0.3475 -0.3475 -0.3475 -0.62246104 -0.1925 -0.1925 -0.19905263 -0.7 -0.59007086 -0.8325 -0.8325 -0.8325 -0.8325 0.49410278 -0.15 -0.15 -0.15 -0.15 -0.14956706 0.1075 0.1075 0.1075 0.1075 1.055 1.055 1.055 1.0240466 1.0228755 1.0725 1.0725 1.0425016 1.13499 0.84252817 0.8425 0.5075 1.3 1.3 1.7825 1.7825 1.2070951 1.205 1.8450662
-0.3275 -0.0425 -0.0425 -0.0425 -0.0425 -0.042500493 -1.5267063 -1.0023285 -0.64354124 -0.34790127 -0.3475 -0.3475 -0.3475 -0.3475 -0.3475 -0.19250001 -0.19250008 -0.22731104 -0.69999336 -0.8325 -0.8325 -0.8325 -0.8325 -0.8325 -0.82282376 -0.052079087 0.054999958 0.055 0.055 0.055 0.1075 0.1075 0.10750031 0.365 0.365 1.055 0.90674076 0.9025 1.0724999 1.0725 1.0725 1.0725 1.135 1.135 1.135 1.1306332 1.5109528 1.5125 1.5125 1.5125 1.5125 1.125 1.125
-0.165 -0.0425 -0.0425 -0.0425 -0.0425 -0.0425 -0.042500094 -1.1160712 -0.34658131 -0.345 -0.345 -0.345 -0.345 -0.345 -0.345 -0.42091141 -0.19619512 -0.2619938 -0.83248317 -0.8325 -0.8325 -0.8325 -0.8325 -0.83249951 -0.385 -0.385 -0.38499938 0.055 0.055 0.05490989 0.01 0.01 0.365 0.365 0.365 0.81639834 0.9025 0.9025 0.9025 1.0725 1.0725 1.0725 1.135 1.135 1.135 1.135 1.5125 1.5125 1.5125 1.5125 1.5125 1.125 1.125
-0.165 -0.11939464 -0.0425 -0.0425 -0.0425 -0.0425 -0.7398631 -0.74 -0.73999999 -0.345 -0.345 -0.345 -0.345 -0.345 -0.36209704 -0.4225 -0.4225 -0.4225 -0.41627125 -0.41500043 -0.415 -0.415 -0.415 -0.415 -0.385 -0.385 -0.385 -0.385 0.055 0.01 0.01 0.01 0.36499997 0.365 0.365 0.89 0.90248345 0.9025 0.9025 1.0723715 0.81596112 0.21756288 1.135 1.135 0.4271911 0.425 0.425 1.5103688 0.22202544 0.21750011 0.21750025 0.55758581 1.1249988
-0.165 -0.66860106 -0.36636946 -0.0425 -0.0425 -0.73958788 -0.74 -0.74 -0.74 -0.73715352 -0.345 -0.345 -0.345 -0.34500001 -0.4225 -0.4225 -0.4225 -0.4225 -0.4150067 -0.415 -0.415 -0.415 -0.415 -0.415 -0.385 -0.385 -0.385 -0.385 -0.38356325 0.01 0.01 0.01 -0.55499999 0.36503119 0.89 0.89 0.89 0.88381761 0.25852627 0.215 0.215 0.215 0.1775 0.1775 0.425 0.425 0.425 0.2175 0.2175 0.2175 0.2175 0.5575 0.5575
-0.68193065 -0.6825 -0.6825 -0.6825 -0.7225 -0.73999955 -0.74 -0.74 -0.74 -0.74 -0.37055166 -0.3450044 -0.34500001 -0.4225 -0.4225 -0.4225 -0.4225 -0.4225 -0.44100838 -0.415 -0.415 -0.415 -0.415 -0.415 -0.66643099 -1.0949962 -1.095 -1.095 -1.095 0.009999971 -0.55499999 -0.555 -0.555 -0.555 0.89 0.88998519 0.3275 0.3275 0.21640473 0.215 0.215 0.215 0.1775 0.1775 0.38667848 0.425 0.425 0.2175 0.2175 0.2175 0.22114568 0.5575 0.5575
-0.6825 -0.6825 -0.6825 -0.7013366 -0.7225 -0.7225 -0.74 -0.74 -0.74 -0.74 -0.6825 -0.6825 -0.6825 -0.4225 -0.4225 -0.4225 -0.4225 -0.42247604 -0.725 -0.725 -0.41500013 -0.415 -0.42747722 -0.9275 -0.92900793 -1.095 -1.095 -1.095 -1.095 -0.55505498 -0.555 -0.555 -0.555 -0.555 0.32750198 0.3275 0.3275 0.3275 0.32705474 0.215 0.215 0.215 0.1775 0.1775 0.1775 0.425 0.425 0.2175 0.2175 0.2175 0.5575 0.5575 0.5575
-0.6825 -0.6825 -0.6825 -0.7225 -0.7225 -0.7225 -0.72250003 -0.74 -0.74 -0.68255936 -0.6825 -0.6825 -0.6825 -0.68233801 -0.30513375 -0.2775 -0.2775 -0.2775 -0.725 -0.725 -0.725 -0.9275 -0.9275 -0.9275 -0.92746638 -0.94419926 -1.095 -1.095 -1.095 -1.1752923 -1.3024265 -1.3025 -1.3025 -1.3025 -0.0327821 -0.53499804 -0.535 -0.535 -0.535 -0.30242919 -0.3025 -0.3025 0.1775 0.1775 0.035000595 0.03499995 -0.105 -0.105 -0.0425 -0.0425 -0.0425 0.5575 -0.21930482
-0.68250142 -0.6825 -0.6825 -0.7225 -0.7225 -0.7225 -0.72250001 -1.2099999 -0.74187924 -0.68275616 -0.6825 -0.6825 -0.6825 -0.68170528 -0.2775 -0.2775 -0.2775 -0.27750013 -0.725 -0.725 -0.725 -0.9275 -0.9275 -0.9275 -0.8075 -0.8075 -0.86 -0.86 -0.86 -0.86241398 -1.3025 -1.3025 -1.3025 -1.3025 -0.91896081 -0.535 -0.535 -0.535 -0.535 -0.3025 -0.3025 -0.3025 -0.29188096 0.035 0.035 0.035 -0.105 -0.105 -0.0425 -0.0425 -0.0425 -0.21999999 -0.22
-1.14 -0.92969747 -1.19 -1.1898644 -0.7225 -1.2071793 -1.21 -1.21 -1.1680965 -0.965 -0.965 -0.965 -0.965 -0.23502376 -0.235 -0.27749997 -0.2775 -0.28929097 -0.725 -0.725 -0.725 -0.865 -0.865 -0.865 -0.8075 -0.8075 -0.86 -0.86 -0.86 -0.86000021 -1.142501 -1.1425004 -1.2984786 -1.3023285 -1.077752 -1.0775 -1.0775 -1.0775 -1.0775 -0.3025 -0.3025 -0.3025 0.016415898 0.035 0.035 0.034999931 -0.105 -0.105 -0.10499775 -0.0425 -0.042515986 -0.4 -0.22
-0.79256599 -0.79250007 -1.19 -1.19 -1.19 -1.21 -1.21 -1.21 -1.095 -1.095 -0.965 -0.965 -0.965 -0.235 -0.235 -0.235 -0.235 -0.23505454 -0.725 -0.725 -0.72500001 -0.865 -0.865 -0.865 -0.8075 -0.8075 -0.86 -0.86 -0.86 -1.1393148 -1.1425 -1.1425 -1.1425 -1.1425 -1.0775321 -1.0775 -1.0775 -1.0775 -1.0775 -0.74499988 -0.745 -0.745 -0.745 0.034997008 -0.355 -0.355 -0.355 -0.2425 -0.2425 -0.2425 -0.4 -0.4 -0.4
-0.7925 -0.7925 -1.19 -1.19 -1.19 -1.2098949 -1.21 -1.095 -1.095 -1.095 -0.965016 -0.965 -0.84651692 -0.23500013 -0.235 -0.235 -0.235 -0.53 -0.53 -0.53 -0.14750002 -0.14750053 -0.8649965 -0.865 -0.8650046 -0.9 -0.9 -0.8999999 -0.86000646 -1.2949696 -1.2949992 -1.2949734 -1.1427606 -1.1426316 -1.0891771 -1.0775002 -1.0793264 -1.6225 -1.6225 -0.745 -0.745 -0.745 -0.745 -0.355 -0.355 -0.355 -0.355 -0.2425 -0.2425 -0.2425 -0.4 -0.4 -0.4
-0.7925 -0.7925 -1.19 -1.19 -1.19 -1.19 -1.1669589 -1.095 -1.095 -1.095 -1.0948481 -0.82 -0.82 -0.82 -0.23844754 -0.235 -0.52803419 -0.53 -0.53 -0.53 -0.1475 -0.1475 -0.1475 -0.1475 -0.9 -0.9 -0.9 -0.9 -0.9 -1.295 -1.295 -1.295 -1.295 -1.2950007 -1.6375 -1.6225 -1.6225 -1.6225 -1.6225 -1.6224973 -0.92 -0.92 -0.92 -0.70604084 -0.2625 -0.2625 -0.2625 -0.2425 -0.2425004 -0.66 -0.66 -0.43749088 -0.4375
-0.7925 -0.7925 -1.0465304 -1.19 -1.19 -1.19 -1.5117591 -1.0963157 -1.095 -1.095 -0.82000003 -0.82 -0.82 -0.82 -0.82 -0.77200629 -0.53 -0.53 -0.53 -0.53 -0.14750296 -0.1475 -0.1475 -0.1475 -0.9 -0.9 -0.9 -0.9 -0.9 -1.1896987 -1.295 -1.295 -1.295 -1.6375 -1.6375 -1.6374884 -1.6225 -1.6225 -1.43819 -1.295 -0.92 -0.92 -0.92 -0.70884183 -0.2625 -0.2625 -0.2625 -0.5625 -0.65878516 -0.66 -0.66 -0.4375 -0.4375
-0.9875 -0.9875 -0.9875 -1.1392277 -1.1895911 -1.5125 -1.5125 -1.5125 -1.5125 -0.975 -0.975 -0.82000001 -0.82 -0.82 -0.82 -0.81998161 -0.53 -0.53 -0.53 -0.53 -0.31441059 -0.1475 -0.1475 -0.13932174 0.11757676 -0.9 -0.9 -0.9 -1.1525 -1.1525 -1.1525 -1.1525006 -1.6375 -1.6375 -1.6375 -1.6375 -1.295 -1.295 -1.295 -1.295 -0.52 -0.52 -0.52 -0.28500472 -0.285 -0.285 -0.28499999 -0.5625 -0.5625 -0.6598812 -0.66 -0.43749967 -0.4375
-0.9875 -0.9875 -0.9875 -0.98749542 -0.9025 -0.99120402 -1.5125 -1.5125 -1.5125 -0.975 -0.975 -0.975 -0.62250001 -0.6225 -0.6225 -0.6225 -0.52988093 -0.53 -0.53 -0.53 -0.52418288 0.16499914 0.165 0.165 0.165 0.16499997 -0.62 -0.62 -1.1525 -1.1525 -1.1525 -1.1525 -1.6374998 -1.6375 -1.6375 -1.637476 -1.295 -1.295 -1.295 -1.29432 -0.52 -0.52 -0.52 -0.2850109 -0.285 -0.285 -0.285 -0.5625 -0.5625 -0.56249997 -0.3725 -0.3725 -0.135
-0.9875 -0.9875 -0.9875 -0.9025002 -0.9025 -0.9025 -1.5124998 -1.5125 -1.5125 -0.975 -0.975 -0.975 -0.6225 -0.6225 -0.6225 -0.61050487 -0.465 -0.465 -0.46500017 -0.52963286 0.165 0.165 0.165 0.165 0.165 0.16440925 -0.62 -0.62 -0.62 -1.1525 -1.1525 -1.1525467 -1.3425 -1.3425 -1.3425 -1.1625 -1.1625 -1.14 -1.14 -1.14 -0.855 -0.52010508 -0.51999987 -0.5025 -0.5025 -0.494257 -0.28500104 -0.5625 -0.5625 -0.3725 -0.3725 -0.3725 -0.135
-0.9875 -0.9875 -0.9875 -0.9025 -0.9025 -0.9025 -0.9025 -1.5125 -1.5125 -0.975 -0.975 -0.63659492 -0.6225 -0.6225 -0.6225 -0.465 -0.465 -0.465 -0.465 -0.465 0.165 0.165 0.165 0.165 0.165 -0.61999732 -0.62 -0.62 -0.62 -1.225 -1.225 -1.225 -1.3425 -1.3425 -1.3425 -1.1625 -1.1625 -1.14 -1.14 -0.855 -0.855 -0.855 -0.5025 -0.5025 -0.5025 -0.5025 -0.47087328 -0.1175 -0.1175 -0.1175 -0.37249999 0.135 0.135
-0.9875 -0.9875 -0.98738163 -0.9025 -0.9025 -0.9025 -0.9025 -0.82871909 -0.825 -0.82525753 -0.97499999 -0.62251194 -0.6225 -0.6225 -0.62249946 -0.465 -0.465 -0.465 -0.465 -0.465 -0.25699706 0.165 0.165 0.165 0.1649032 -0.61998228 -0.62 -0.62 -0.62 -1.225 -1.225 -1.225 -1.2250114 -1.3425 -1.1625 -1.1625 -1.1625 -1.1624991 -1.1399806 -0.855 -0.855 -0.855 -0.5025214 -0.5025 -0.5025 -0.5025 -0.11750094 -0.1175 -0.1175 -0.1175 0.135 0.135 0.135
-0.915 -0.91500013 -0.90254515 -0.9025 -0.9025 -0.9025 -0.82501649 -0.825 -0.825 -0.825 -0.765 -0.765 -0.765 -0.765 -0.46638459 -0.465 -0.465 -0.465 -0.465 -0.27500011 -0.275 -0.275 -0.30499992 -0.305 -0.305 -0.305 -0.33218855 -0.62 -0.54750297 -0.5475 -0.5475 -0.5475 -0.5475 -1.17 -1.17 -1.17 -1.17 -1.17 -0.8125 -0.8125 -0.8125 -0.8125 -0.8125 -0.20794469 -0.2075 -0.2075 -0.2075 -0.1175 -0.1175 -0.1175 0.13496022 0.135 0.135
-0.915 -0.915 -0.91292781 -0.66750047 -0.66750005 -0.6676537 -0.825 -0.825 -0.825 -0.825 -0.765 -0.765 -0.765 -0.765 -0.765 -0.465 -0.465 -0.465 -0.27500005 -0.275 -0.275 -0.275 -0.305 -0.305 -0.305 -0.305 -0.305 -0.30506691 -0.54770949 -0.5475 -0.5475 -0.5475 -0.54758416 -1.0665405 -1.1698929 -1.17 -1.17 -1.17 -0.8125 -0.8125 -0.8125 -0.8125 -0.8125 -0.2075 -0.2075 -0.2075 -0.2075 -0.16541424 -0.1175 0.81942881 0.83 0.6825 0.6825
-0.915 -0.915 -0.66753135 -0.6675 -0.6675 -0.6675 -0.70750434 -0.825 -0.825 -0.825 -0.765 -0.765 -0.765 -0.765 -0.765 -0.46522911 -0.465 -0.27505571 -0.275 -0.275 -0.275 -0.275 -0.29388631 -0.305 -0.305 -0.305 -0.305 -0.30555602 -1.09 -1.09 -1.09 -1.09 -1.09 -0.9875 -0.9875 -0.9875 -0.9875 -0.9875 -0.78 -0.78 -0.78 -0.78 -0.78 -0.20650502 -0.20749979 -0.2075 -0.20743093 -0.1990391 0.83 0.83 0.83 0.68250083 0.6825
-0.9150003 -1.0767832 -0.66750006 -0.6675 -0.6675 -0.6675 -0.6675 -0.82493294 -0.825 -0.825 -0.765 -0.765 -0.765 -0.765 -0.57922016 -0.575 -0.575 -0.27500772 -0.275 -0.275 -0.275 -0.275 -0.27500006 -0.305 -0.305 -0.305 -0.305 -1.2574998 -1.2574999 -1.2218519 -1.09 -1.09 -1.09 -0.9875 -0.9875 -0.9875 -0.9875 -0.98743058 -0.78 -0.78 -0.78 -0.78 -0.77997357 0.2 0.2 0.2 0.2 0.20005081 0.83 0.83 0.83 0.83000001 0.84999634
-1.08 -1.08 -0.97895366 -0.6675 -0.6675 -0.6675 -0.6675 -0.6675 -0.82493234 -0.6175 -0.6175 -0.6175 -0.61785005 -0.57500027 -0.575 -0.575 -0.575 -0.575 -0.27500291 -0.29987383 -0.5175 -0.5175 -0.5175 -0.46781411 -0.38603683 -0.81964954 -1.1854992 -1.2575 -1.2575 -1.2575 -1.2575 -1.2575 -1.2510526 -0.88878791 -0.885 -0.885 -0.885 -0.885 -0.7151906 -0.43500062 -0.435 -0.435 -0.435 0.1675001 0.19999999 0.2 0.2 0.61 0.82999648 0.83 0.83 0.8525 0.8525
