interpolatedSpi/01-09|22_3.tif
NCOLS 53
NROWS 52
XLLCORNER -116.03883
YLLCORNER 28.596182
DX 0.49850594
DY 0.49788537
NODATA_VALUE -9999
[rows 0 to 26 of 52, columns 0 to 52 of 53]
0.20888889 0.20888889 -0.041327629 -0.29222222 0.31444444 0.19 0.16111111 0.1 -0.18160809 -0.19 -0.11 0.37333333 0.27336197 0.62111111 0.62444444 0.62444444 0.62444444 0.75888889 0.65333333 0.65333333 0.65333333 0.65332622 -0.085555552 0.29666667 0.29666667 0.29666667 0.31777665 0.31777778 0.31777778 -0.043333333 -0.043333333 -0.043333333 -0.043333333 -0.21444441 -0.21444444 -0.21444444 -0.21444444 -0.21444444 -0.21444444 -0.21444443 0.36487218 0.37092031 -0.37888889 -0.37888889 -0.37888889 -0.37888889 -0.37928089 -0.61888889 -0.61888889 -0.61888889 0.44555334 0.44555556 0.44555556
0.20885221 -0.61666667 -0.22222199 -0.0853619 0.10120172 0.30777778 0.20777778 0.33740033 0.074444444 0.0033333333 0.25555556 0.27333333 0.27333333 0.64768886 0.62111146 0.62444444 0.75888889 0.75888889 0.65347096 0.65333333 0.65333333 0.65333333 0.29731001 0.29666667 0.29666667 0.29666667 0.41777777 0.41777778 -0.043333333 -0.043333333 -0.043333333 -0.043333333 -0.043333333 -0.21444442 -0.21444444 -0.21444444 -0.21444444 -0.21444444 -0.21444437 0.033116113 1.3032368 -0.17476494 -0.37888889 -0.37888889 -0.37888889 -0.37888889 -0.37888889 -0.61888889 -0.61888889 -0.61888889 -0.53062414 0.44555556 0.44555556
0.14666694 0.14666667 -0.024444444 0.42555556 -0.11222222 -0.34888889 -0.063333333 0.16333333 -0.39222222 0.34777778 0.33666667 0.0088888889 0.041111111 0.82111111 0.64777778 0.02 0.75888889 0.75888889 0.75888889 0.54669767 0.54666667 0.54666667 0.30888889 0.29666667 0.29666667 0.29666667 0.41777778 0.41777778 0.41777778 -0.043333333 -0.043333333 -0.043333305 0.24015782 -0.21179309 -0.20512624 0.77749301 0.78666667 0.78666667 0.85164972 1.3033333 1.3033333 1.3011822 -0.37888889 -0.37888889 -0.37888889 -0.37888889 -0.37888889 -0.61888889 -0.61888889 -0.61888889 -0.61888889 0.44555556 0.44555556
-0.28888889 0.14666662 -0.094480699 1.1544444 -0.43555556 0.11666667 -0.024444444 -0.39333333 0.19666667 0.40258252 0.26111111 0.12555556 0.18222222 0.82111111 -0.25666667 0.02 -0.6382582 -0.64235086 -0.85888889 0.54666667 0.54666667 -0.43111111 0.30888889 0.30888889 0.29666667 0.29666727 0.41777778 0.41777778 0.41777778 -0.2 0.20906973 0.54555556 0.54555556 0.54555574 0.78666667 0.78666667 0.78666667 0.78666667 1.3033333 1.3033333 1.3033333 1.3033333 -0.37888889 -0.37888889 -0.37888889 -0.37888889 -0.37888889 -0.61888586 -0.61888889 -0.61888889 -0.61888889 0.44555171 0.44555556
-0.28888889 0.43444347 -0.094444444 -0.056989829 -0.43555556 -0.39333333 -0.21887443 0.30777778 -0.15666667 0.76333296 0.49740754 0.37328161 0.012222222 -0.25666667 -0.25666667 -0.081971342 -0.64333333 -0.64333333 -0.85888889 -0.85888889 0.54666471 -0.43111111 0.47333333 0.40444444 0.29888889 0.29901235 0.41777778 0.41777778 -0.2 -0.2 0.54555556 0.54555556 0.54555556 0.53528892 0.78666667 0.78666667 0.78666667 1.3033333 1.3033333 1.3033333 1.3033333 1.3033274 -0.37888887 -0.37888889 -0.37888889 -0.37888889 -0.37888889 -0.38102519 -0.61888889 -0.61884644 0.32777778 0.32777778 0.32777778
-1.7977778 -0.21222222 0.092222219 0.042222222 -0.65777778 -0.27333333 -0.17444444 -0.11270619 0.081111111 -0.46 -0.88666667 -0.052222222 -0.05222218 -0.22111111 -0.22111111 -0.41217635 -0.41222222 -0.38333333 -0.38333333 -0.85888806 -0.52 -0.52 0.40444444 0.29888889 0.29888889 0.82666667 0.42777778 0.42777778 0.75324595 -0.2 0.54555556 0.54555556 0.49111111 0.49116846 1.0399607 1.2388889 1.2388889 1.283396 1.3033333 1.3033333 1.2422984 1.2422222 1.2422246 0.25417935 0.26548433 0.26555538 0.26555553 0.26555532 0.51238468 0.32777778 0.32777778 0.32777778 0.32777778
-1.0833435 -0.49666667 -0.43892802 -0.42333333 -0.41444444 -0.88666667 -0.39555555 -0.37222222 -0.27222222 -0.27222222 -0.88666667 -0.20777778 -0.72444431 -0.22111111 -0.22222222 -0.22222222 -0.41222222 -0.14777778 0.078888889 0.078888889 -0.52 -0.52 -0.52 0.66333333 0.82666667 0.82666667 0.42777778 0.42777778 0.75329759 0.75267528 1.1203007 0.49111111 0.49111111 1.04 1.04 1.2987993 1.2388889 1.2388889 1.6433193 1.2422228 1.2422222 1.2422222 1.2422351 0.26556044 0.26555556 0.26555556 0.26555556 0.26555575 0.58333333 0.32782842 0.32777778 0.32777778 0.32777778
-1.0833333 -0.33 -0.082222222 -1.2022222 -0.93779294 -0.82444444 -0.76444444 -0.36333333 -0.61555556 -0.41666667 -0.41666667 -0.24555556 -0.72444444 -0.72444444 -0.22566793 -0.69277999 -0.73888889 0.082222222 -0.58222154 0.078888889 0.2983727 0.40666667 -0.65333333 0.45 0.44999458 0.03 0.35 0.35000003 0.14214921 0.14000002 1.1233333 0.26861869 0.62555556 1.04 1.04675 1.3488889 1.3488889 1.6433333 1.6433333 1.2422222 1.2422222 1.2422222 1.1452443 1.1422222 0.26555556 0.26555556 0.26555556 0.58332124 0.58333333 0.58333333 0.32777778 0.32777778 0.32777778
-0.45339531 -0.33 0.17444444 -0.33444444 -0.63 -0.84333333 -0.46222222 -0.29444444 -0.16222222 -0.13741305 -0.34444444 -0.31222223 -0.31222222 0.23888889 0.23888164 -0.89733494 -0.89777778 -0.89777778 -0.019206244 -0.69000004 -0.86888889 -0.86888887 0.90111111 -0.04075233 0.072324911 0.03 0.52444444 0.35 1.0459323 1.05 0.16888889 1.4844444 1.0378696 0.73888889 1.2766667 1.2188889 1.7111111 0.62888889 1.7828003 1.2467505 2.2566667 1.6133333 1.1422698 1.1422222 1.1372879 0.26555556 0.69999998 0.58333333 0.58333333 0.58333333 0.58333333 0.3883714 0.39222222
-1.1433333 -1.1433333 0.27555556 -0.056666667 -0.67666667 -0.75444444 -0.51888889 -0.72111111 -0.39111111 -0.13118055 -0.17777778 0.73888889 0.23888889 0.23888889 -0.53222222 -0.53723598 -0.89777778 -0.89769871 -0.56555556 -0.69 -0.69 -0.71304689 0.90111111 0.64333821 0.64333333 0.64333333 0.52444444 0.93333333 0.93333333 1.05 1.05 1.4827628 0.59777778 0.73888889 0.99555556 1.2188889 1.7111111 1.4577778 1.7833333 1.0695368 1.6133334 1.5476204 1.4344444 1.1422222 1.1422222 0.7 0.7 0.7 0.58333333 0.58333333 0.81444444 0.81444444 0.81444429
-1.1433333 -1.1433333 -0.40333333 -0.84333333 -0.92666667 -0.44444444 -0.97555555 -0.18366916 -0.14222222 -0.36666667 -0.46111111 -0.66111111 0.73702434 -0.53222222 -0.53222222 -0.53220864 -0.41444444 -0.42237546 -0.56555556 -0.55222222 -0.55222222 -0.76333333 -0.76333333 0.64333333 0.64333333 0.64333333 0.93333333 0.93333333 0.93333333 0.10888889 0.10888889 0.10888969 0.79666667 0.79666667 0.58222222 0.30111111 1.6555556 1.0455572 1.33 1.0577778 1.0577778 0.76111332 1.4344444 1.1422222 1.0266665 0.70777778 1.233249 1.2355556 1.3822222 1.3822222 0.81444444 0.81444444 0.81444444
-1.1433333 -0.82389864 -0.59109703 -0.7511034 -0.17111111 -0.76888889 -0.97555556 -0.18333333 -0.14222257 -0.36418009 -0.66111073 -0.66111111 -0.44444444 -0.53222222 -0.53222222 -0.41444445 -0.41444444 -0.41445304 -0.56555556 -0.55222222 -0.59368015 -0.76333333 -0.76333333 0.64327707 0.64333333 0.51549795 0.25444444 0.25444444 0.25444453 0.10888889 0.10888889 0.053333333 0.053333333 0.79666608 0.58222222 1.0066666 1.5892755 1.0455556 1.0455556 1.0577778 0.76111111 0.76111111 0.76111314 1.0266667 1.0266667 0.70777778 1.2355556 1.2355556 1.3822222 1.3822222 0.81444444 0.81444444 0.81444444
0.18444444 0.069241219 0.11552038 0.10928277 -0.17111433 -0.76887477 -0.97555555 -0.19308513 -0.1450552 -0.14808306 -0.44444444 -0.44444444 -0.44444444 -0.44444444 -0.53220979 -0.41444444 -0.41444444 -0.41639553 -0.56555556 -0.55217153 -0.37666667 -0.37666667 -0.37666667 -0.37666667 0.6257531 0.25444444 0.25444444 0.25444444 0.25444444 0.25432512 0.053333333 0.053333333 0.053333333 0.053333333 1.0066667 1.0066667 1.0066667 1.0439099 1.0429936 0.70444444 0.70444444 0.76110806 0.82334029 1.0266471 1.0266667 0.70777778 1.2355556 1.2355556 1.3822222 1.3822222 0.81650428 0.81444444 1.0586194
0.18444444 0.11555556 0.11555556 0.11555556 0.11555556 0.11555519 -0.97502641 -0.60070013 -0.15261336 -0.44412454 -0.44444444 -0.44444444 -0.44444444 -0.44444444 -0.4444443 -0.41444445 -0.41444447 -0.42480964 -0.56555284 -0.37666667 -0.37666667 -0.37666667 -0.37666667 -0.37666667 -0.36799346 0.15942858 0.13000003 0.13 0.13 0.13 0.053333332 0.053333333 0.053333498 0.19 0.19 1.0066667 0.69772574 0.68888889 0.70444444 0.70444444 0.70444444 0.70444444 0.82333333 0.82333333 0.82333333 0.82252917 1.2542119 1.2544444 1.2544444 1.2544444 1.2544444 0.97888885 0.97888889
0.48666667 0.11555556 0.11555556 0.11555556 0.11555556 0.11555556 0.11555549 -0.64999975 -0.23848113 -0.23888889 -0.23888889 -0.23888889 -0.23888889 -0.23888889 -0.23888889 0.02670805 -0.4073695 -0.43513651 -0.37669037 -0.37666667 -0.37666667 -0.37666667 -0.37666667 -0.37666621 0.024444444 0.024444444 0.024444593 0.13 0.13 0.12971521 -0.012222222 -0.012222222 0.19 0.19 0.19 0.60897227 0.68888889 0.68888889 0.68888889 0.70444444 0.70444444 0.70444444 0.82333333 0.82333333 0.82333333 0.82333333 1.2544444 1.2544444 1.2544444 1.2544444 1.2544444 0.97888889 0.97888889
0.48666667 0.34850622 0.11555556 0.11555556 0.11555556 0.11555556 -0.30325112 -0.30333333 -0.30333333 -0.23888889 -0.23888889 -0.23888889 -0.23888889 -0.23888889 -0.17907988 0.032222222 0.032222222 0.032222222 0.011038137 0.012221825 0.012222222 0.012222222 0.012222222 0.012222222 0.024444444 0.024444444 0.024444444 0.024444444 0.13 -0.012222222 -0.012222222 -0.012222222 0.18999998 0.19 0.19 0.58222222 0.68874766 0.68888889 0.68888889 0.70434758 0.51098072 0.059710522 0.82333333 0.82333333 0.15207795 0.15 0.15 1.2520843 -0.17498727 -0.17999988 -0.17999973 0.14345972 0.97888719
0.48666667 -0.071268326 0.013221802 0.11555556 0.11555556 -0.30308583 -0.30333333 -0.30333333 -0.30333333 -0.30286893 -0.23888889 -0.23888889 -0.23888889 -0.23888886 0.032222222 0.032222222 0.032222222 0.032222222 0.012240088 0.012222222 0.012222222 0.012222222 0.012222222 0.012222222 0.024444444 0.024444444 0.024444444 0.024444444 0.024311071 -0.012222222 -0.012222222 -0.012222222 -0.067777776 0.19003367 0.58222222 0.58222222 0.58222222 0.57840719 0.09773635 0.057777778 0.057777778 0.057777778 -0.11555556 -0.11555556 0.15 0.15 0.15 -0.18 -0.18 -0.18 -0.18 0.14333333 0.14333333
-0.086163727 -0.086666667 -0.086666667 -0.08666667 -0.44111111 -0.30333689 -0.30333333 -0.30333333 -0.30333333 -0.30333333 -0.19724941 -0.23888172 -0.23888887 0.032222222 0.032222222 0.032222222 0.032222222 0.032222222 0.011294941 0.012222222 0.012222222 0.012222222 0.012222222 0.012222222 -0.26523462 -0.72221818 -0.72222222 -0.72222222 -0.72222222 -0.012222225 -0.067777777 -0.067777778 -0.067777778 -0.067777778 0.58222222 0.58221306 0.23444444 0.23444444 0.059983724 0.057777778 0.057777778 0.057777778 -0.11555556 -0.11555556 0.10888286 0.15 0.15 -0.18 -0.18 -0.18 -0.17653303 0.14333333 0.14333333
-0.086666667 -0.086666667 -0.086666667 -0.25357984 -0.44111111 -0.44111111 -0.30333333 -0.30333333 -0.30333333 -0.30333333 0.31111111 0.31111111 0.31111111 0.032222222 0.032222222 0.032222222 0.032222222 0.032210103 -0.27444444 -0.27444444 0.012222106 0.012222222 0.0021322447 -0.40222222 -0.40510304 -0.72222222 -0.72222222 -0.72222222 -0.72222222 -0.067844416 -0.067777778 -0.067777778 -0.067777778 -0.067777778 0.23444567 0.23444444 0.23444444 0.23444444 0.23379747 0.057777778 0.057777778 0.057777778 -0.11555556 -0.11555556 -0.11555556 0.15 0.15 -0.17999999 -0.18 -0.18 0.14333333 0.14333333 0.14333333
-0.086666667 -0.086666667 -0.086666667 -0.44111111 -0.44111111 -0.44111111 -0.4411109 -0.30333333 -0.30333333 0.31047683 0.31111111 0.31111111 0.31111111 0.31093735 -0.027135421 -0.041111111 -0.041111111 -0.041111112 -0.27444444 -0.27444444 -0.27444444 -0.40222222 -0.40222222 -0.40222222 -0.40225926 -0.62372821 -0.72222222 -0.72222222 -0.72222222 -0.4984984 -0.57883862 -0.57888889 -0.57888889 -0.57888889 0.048365504 -0.2111101 -0.21111111 -0.21111111 -0.21111111 -0.50436752 -0.50444444 -0.50444444 -0.11555556 -0.11555556 -0.22888842 -0.22888879 0.058888889 0.058888889 -0.074444444 -0.074444444 -0.074444444 0.14333333 0.048973334
-0.086667684 -0.086666667 -0.086666679 -0.44111111 -0.44111111 -0.44111111 -0.44111111 -0.72444432 -0.3050171 0.3105338 0.31111111 0.31111111 0.31111111 0.31041995 -0.041111111 -0.041111111 -0.041111111 -0.041111178 -0.27444444 -0.27444444 -0.27444444 -0.40222222 -0.40222222 -0.40222222 -0.53444444 -0.53444444 -0.58444444 -0.58444444 -0.58444444 -0.58441414 -0.57888889 -0.57888889 -0.57888889 -0.57888889 -0.39510109 -0.21111111 -0.21111111 -0.21111111 -0.21111111 -0.50444444 -0.50444444 -0.50444444 -0.49577441 -0.22888889 -0.22888889 -0.22888889 0.058888889 0.058888889 -0.074444444 -0.074444444 -0.074444444 0.048888885 0.048888889
-0.41444444 -0.27101781 -0.58888889 -0.58884602 -0.44111111 -0.72280509 -0.72444444 -0.72444444 -0.67990928 -0.32555556 -0.32555556 -0.32555556 -0.32555556 -0.028898546 -0.028888889 -0.041111102 -0.041111111 -0.047259101 -0.27444444 -0.27444444 -0.27444444 -0.62333333 -0.62333333 -0.62333333 -0.53444444 -0.53444444 -0.58444444 -0.58444444 -0.58444444 -0.58444458 -0.76999879 -0.76999946 -0.58369218 -0.57909377 -0.92404587 -0.92444444 -0.92444444 -0.92444444 -0.92444444 -0.50444444 -0.50444444 -0.50444444 -0.24406206 -0.22888889 -0.22888889 -0.22888891 0.058888889 0.058888889 0.058884089 -0.074444444 -0.074447575 -0.14444444 0.048888889
-0.46443495 -0.46444447 -0.58888889 -0.58888889 -0.58888889 -0.72444444 -0.72444444 -0.72444444 -0.60222222 -0.60222222 -0.32555556 -0.32555556 -0.32555556 -0.028888889 -0.028888889 -0.028888889 -0.028888889 -0.028916185 -0.27444444 -0.27444444 -0.27444446 -0.62333333 -0.62333333 -0.62333333 -0.53444444 -0.53444444 -0.58444444 -0.58444444 -0.58444444 -0.76790785 -0.77 -0.77 -0.77 -0.77 -0.92436824 -0.92444444 -0.92444444 -0.92444444 -0.92444444 -0.82666658 -0.82666667 -0.82666667 -0.82666667 -0.22888987 -0.35666667 -0.35666667 -0.35666667 -0.033333333 -0.033333333 -0.033333333 -0.14444444 -0.14444444 -0.14444444
-0.46444444 -0.46444444 -0.58888889 -0.58888889 -0.58888889 -0.72373194 -0.72444444 -0.60222222 -0.60222222 -0.60222222 -0.32558961 -0.32555556 -0.38457012 -0.028888973 -0.028888889 -0.028888889 -0.028888889 -0.31888889 -0.31888889 -0.31888889 -0.57111111 -0.57111115 -0.62333308 -0.62333333 -0.62348096 -0.91444444 -0.91444444 -0.91444366 -0.58449777 -1.1188194 -1.118887 -1.118828 -0.77059629 -0.77030109 -0.89716433 -0.92444464 -0.92616846 -1.4388889 -1.4388889 -0.82666667 -0.82666667 -0.82666667 -0.82666667 -0.35666667 -0.35666667 -0.35666667 -0.35666667 -0.033333333 -0.033333333 -0.033333333 -0.14444444 -0.14444444 -0.14444444
-0.46444444 -0.46444444 -0.58888889 -0.58888889 -0.58888889 -0.58888889 -0.67870024 -0.60222222 -0.60222222 -0.60222222 -0.60210929 -0.39777778 -0.39777778 -0.39777778 -0.031062836 -0.028888889 -0.3169564 -0.31888889 -0.31888889 -0.31888889 -0.57111111 -0.57111111 -0.57111111 -0.57111111 -0.91444444 -0.91444444 -0.91444444 -0.91444444 -0.91444444 -1.1188889 -1.1188889 -1.1188889 -1.1188889 -1.118889 -1.1588889 -1.4388889 -1.4388889 -1.4388889 -1.4388889 -1.4388866 -0.79666667 -0.79666667 -0.79666667 -0.6462532 -0.33444444 -0.33444444 -0.33444444 -0.033333342 -0.033333713 -0.42444444 -0.42444444 -0.081126519 -0.081111111
-0.46444444 -0.46444444 -0.54397318 -0.58888889 -0.58888889 -0.58888889 -0.8351415 -0.60295756 -0.60222222 -0.60222222 -0.39777779 -0.39777778 -0.39777778 -0.39777778 -0.39777778 -0.36752941 -0.31888889 -0.31888889 -0.31888889 -0.31888889 -0.57110916 -0.57111111 -0.57111111 -0.57111111 -0.91444444 -0.91444444 -0.91444444 -0.91444444 -0.91444444 -1.2001741 -1.1188889 -1.1188889 -1.1188889 -1.1588889 -1.1588889 -1.1591063 -1.4388889 -1.4388889 -1.2075244 -1.0277778 -0.79666667 -0.79666667 -0.79666667 -0.64920067 -0.33444444 -0.33444444 -0.33444444 -0.84 -0.42962223 -0.42444444 -0.42444444 -0.081111111 -0.081111111
-0.66555556 -0.66555556 -0.66555556 -0.60811133 -0.58893946 -0.83555556 -0.83555556 -0.83555556 -0.83555556 -0.44 -0.44 -0.39777778 -0.39777778 -0.39777778 -0.39777778 -0.39777278 -0.31888889 -0.31888889 -0.31888889 -0.31888889 -0.46104952 -0.57111111 -0.57111111 -0.56291105 -0.2870184 -0.91444444 -0.91444444 -0.91444444 -1.2288889 -1.2288889 -1.2288889 -1.2288884 -1.1588889 -1.1588889 -1.1588889 -1.1588889 -1.0277778 -1.0277778 -1.0277778 -1.0277778 -0.62888889 -0.62888889 -0.62888889 -0.62666671 -0.62666667 -0.62666667 -0.62666657 -0.84 -0.84 -0.42495078 -0.42444444 -0.081112332 -0.081111111
