interpolatedSpi/01-08|23_2.tif
NCOLS 53
NROWS 52
XLLCORNER -116.03883
YLLCORNER 28.596182
DX 0.49850594
DY 0.49788537
NODATA_VALUE -9999
[rows 0 to 34 of 52, columns 0 to 52 of 53]
-0.10125 -0.10125 -0.36425962 -0.3975 0.0025 0.0175 -0.075 0.0925 -0.65197131 -0.42875 -0.29 -0.3625 -0.68998713 -0.53375 -0.53875 -0.53875 -0.53875 -0.75 -0.76875 -0.76875 -0.76875 -0.76874512 -0.26250001 -0.97 -0.97 -0.97 -0.51250085 -0.5125 -0.5125 -1.115 -1.115 -1.115 -1.115 -1.8849998 -1.885 -1.885 -1.885 -1.885 -1.885 -1.8849999 0.23219533 0.25461812 -1.24375 -1.24375 -1.24375 -1.24375 -1.2431457 -0.87375 -0.87375 -0.87375 0.037498107 0.0375 0.0375
-0.10127644 -0.69625 -0.32375005 -0.32575479 -0.29620936 -0.37125 -0.5025 -0.5559414 -0.725 -0.685 -0.51375 -0.69 -0.69 -0.7679664 -0.53375288 -0.53875 -0.75 -0.75 -0.76872555 -0.76875 -0.76875 -0.76875 -0.97921149 -0.97 -0.97 -0.97 -0.90125 -0.90125 -1.115 -1.115 -1.115 -1.115 -1.115 -1.8849999 -1.885 -1.885 -1.885 -1.885 -1.8849999 -1.6734644 -0.570095 -1.1619963 -1.24375 -1.24375 -1.24375 -1.24375 -1.24375 -0.87375 -0.87375 -0.87375 -0.79818828 0.0375 0.0375
0.12622992 0.12625 -0.3675 -0.43875 -0.53625 -0.08125 -0.61125 -0.11375 -0.915 -1.105 -0.88625 -0.855 -1.07 -0.82375 -0.76875 -1.6475 -0.75 -0.75 -0.75 -0.52881977 -0.52875 -0.52875 -1.145 -0.97 -0.97 -0.97 -0.90125 -0.90125 -0.90125 -1.115 -1.115 -1.115 -1.2660393 -1.8832393 -1.8786241 -1.206277 -1.2 -1.2 -1.1207626 -0.57 -0.57 -0.57086156 -1.24375 -1.24375 -1.24375 -1.24375 -1.24375 -0.87375 -0.87375 -0.87375 -0.87375 0.0375 0.0375
0.51125 0.1262499 -0.37015261 -0.3325 -1.04375 -0.77875 -0.65875 -1.01625 -0.53125 -0.79731419 -1.02125 -1.1025 -1.09375 -0.82375 -1.11375 -1.6475 -1.0855824 -1.0810179 -1.01875 -0.52875 -0.52875 -1.14375 -1.145 -1.145 -0.97 -0.96999966 -0.90125 -0.90125 -0.90125 -1.0475 -1.2566834 -1.42875 -1.42875 -1.4287498 -1.2 -1.2 -1.2 -1.2 -0.57 -0.57 -0.57 -0.57000003 -1.24375 -1.24375 -1.24375 -1.24375 -1.24375 -0.87375467 -0.87375 -0.87375 -0.87375 0.037449861 0.037499999
0.51125 0.11374911 -0.37 -0.99076986 -1.04375 -1.27625 -1.1712889 -1.54 -1.66 -1.0387503 -1.0788855 -1.092432 -0.6175 -1.11375 -1.11375 -1.4619846 -1.08125 -1.08125 -1.01875 -1.01875 -0.52875123 -1.14375 -0.93375 -0.33625 -0.79375 -0.79369273 -0.90125 -0.90125 -1.0475 -1.0475 -1.42875 -1.42875 -1.42875 -1.4035282 -1.2 -1.2 -1.2 -0.57 -0.57 -0.57 -0.57 -0.57005044 -1.24375 -1.24375 -1.24375 -1.24375 -1.24375 -1.2404565 -0.87375 -0.87377797 -1.4975 -1.4975 -1.4975
-1.07875 -0.4475 -0.47624997 -0.73 -0.70375 -1.19625 -1.58 -1.5748789 -1.08375 -1.55125 -1.6325 -1.19375 -1.1937496 -1.1625 -1.1625 -0.78747857 -0.7875 -1.085 -1.085 -1.0187496 -1.13 -1.13 -0.33625 -0.79375 -0.79375 -0.54875 -1.305 -1.305 -0.80002347 -1.0475 -1.42875 -1.42875 -1.295 -1.2949547 -0.8612811 -0.9725 -0.9725 -0.69452256 -0.57 -0.57 -1.0918483 -1.0925 -1.0924985 -0.98956765 -0.9850286 -0.98500007 -0.98500001 -0.9850001 -1.3631429 -1.4975 -1.4975 -1.4975 -1.4975
-0.28625358 -0.195 -0.41843879 -0.57125 -0.61625 -1.26625 -1.03375 -1.45 -1.74625 -1.74625 -1.6325 -1.59875 -1.5262499 -1.1625 -0.69875139 -0.69875 -0.7875 -0.62125 -0.59 -0.59 -0.93560323 -0.7175 -0.7175 -0.63125 -0.54875 -0.54875 -1.305 -1.305 -0.8000432 -0.8007953 -0.80976156 -1.295 -1.295 -0.86125 -0.86125 -1.0392184 -0.9725 -0.9725 -1.2999886 -1.0925003 -1.0925 -1.0925 -1.0924922 -0.98500084 -0.985 -0.985 -0.985 -0.98500022 -1.3575 -1.4974723 -1.4975 -1.4975 -1.4975
-0.28625 -0.9625 -0.37625 -1.2325 -0.7912753 -1.11125 -1.55125 -1.73125 -1.22375 -1.5225 -1.5225 -1.00375 -1.52625 -1.52625 -0.70442742 -0.94465438 -0.96875 -0.56125 -0.45500014 -0.59 -0.41225768 -0.32375 -1.1025 -0.2425 -0.24251082 -1.08125 -0.98875 -0.98875011 -1.5386526 -1.54125 -0.8075 -0.93852328 -0.92875 -0.86125 -0.86584904 -1.095 -1.095 -1.3 -1.3 -1.0925 -1.0925 -1.0925 -1.133469 -1.13625 -0.985 -0.985 -0.985 -1.3574858 -1.3575 -1.3575 -1.4975 -1.4975 -1.4975
-0.9932224 -0.96249999 -0.24375 -1.03875 -0.855 -1.6175 -1.06 -0.7375 -1.2675 -0.75514633 -0.4075 -1.19 -1.19 -0.68375 -0.68374993 -1.0248432 -1.025 -1.025 -0.54503078 -1.26375 -1.36625 -1.36625 -1.43 -1.2315624 -0.99672615 -1.08125 -1.03625 -0.98875 -0.85826269 -0.8575 -0.94125 -0.98 -0.86478938 -1.19375 -1.0225 -1.20875 -1.12 -1.0325 -0.80135678 -1.0897994 -0.4875 -0.69625 -1.1361702 -1.13625 -1.1353987 -0.985 -1.56125 -1.3575 -1.3575 -1.3575 -1.3575 -1.3412432 -0.11
-1.165 -1.165 -0.345 -0.69125 -1.3425 -0.93 -0.8225 -1.23 -0.81875 -0.62502192 -0.9225 -0.33 -0.68375 -0.68375 -0.67625 -0.68103326 -1.025 -1.0248377 -0.28875 -1.26375 -1.26375 -1.2769554 -1.43 -1.0200078 -1.02 -1.02 -1.03625 -0.84125 -0.84125 -0.8575 -0.8575 -0.97956615 -0.75125 -1.19375 -0.9675 -1.20875 -1.12 -1.4725 -0.80125 -0.554072 -0.69624999 -0.67788303 -0.64625 -1.13625 -1.13625 -1.56125 -1.56125 -1.56125 -1.3575 -1.3575 -0.2425 -0.2425 -0.24249995
-1.165 -1.165 -1.22375 -1.31 -1.10375 -0.5625 -1.49875 -0.58465622 -0.5775 -0.745 -0.60875 -0.29 -0.32994727 -0.67625 -0.67625 -0.67623197 -0.52 -0.50786292 -0.28875 -0.345 -0.345 -0.30875 -0.30875 -1.02 -1.02 -1.02 -0.84125 -0.84125 -0.84125 -1.0275 -1.0275 -1.0274995 -0.9025 -0.9025 -1.74375 -1.40875 -0.75125 -1.0475051 -0.77375 -0.55 -0.55 -0.76374961 -0.64625 -1.13625 -0.44750036 -0.75625 -0.50083671 -0.49625 -0.47 -0.47 -0.2425 -0.2425 -0.2425
-1.165 -1.1903972 -1.260556 -1.2849858 -0.7075 -0.995 -1.49875 -0.58375 -0.57750005 -0.7431443 -0.29000059 -0.29 -0.07875 -0.67625 -0.67625 -0.52000001 -0.52 -0.51998684 -0.28875 -0.345 -0.33788124 -0.30875 -0.30875 -1.019971 -1.02 -0.85687292 -0.52375 -0.52375 -0.52375004 -1.0275 -1.0275 -0.3975 -0.3975 -0.90250231 -1.74375 -0.7875004 -0.89476673 -1.0475 -1.0475 -0.55000001 -0.76375 -0.76375 -0.76374769 -0.4475 -0.4475 -0.75625 -0.49625 -0.49625 -0.47 -0.47 -0.2425 -0.2425 -0.2425
-0.59875 -0.67310884 -0.6250254 -0.62977354 -0.70750157 -0.99499321 -1.49875 -0.59501312 -0.57793069 -0.58187387 -0.07875 -0.07875 -0.07875 -0.07875 -0.67616536 -0.52 -0.52 -0.51701419 -0.28875 -0.34489224 0.02625 0.02625 0.02625 0.02625 -1.001885 -0.52375 -0.52375 -0.52375 -0.52375 -0.52389864 -0.3975 -0.3975 -0.3975 -0.3975 -0.7875 -0.7875 -0.7875 -1.0356622 -1.0436133 -0.53 -0.53 -0.76373743 -0.51249778 -0.44750626 -0.4475 -0.75625 -0.49625 -0.49625 -0.47 -0.47 -0.24332535 -0.2425 -0.72829046
-0.59875 -0.625 -0.625 -0.625 -0.625 -0.62500015 -1.4974604 -1.0658052 -0.57907977 -0.079291248 -0.07875 -0.07875 -0.07875 -0.07875 -0.078749734 -0.52 -0.51999996 -0.50413783 -0.2887522 0.02625 0.02625 0.02625 0.02625 0.02625 0.03265184 -0.1347447 0.0012498915 0.00125 0.00125 0.00125 -0.39749999 -0.3975 -0.39749928 0.19875 0.19875 -0.7875 0.087472551 0.1125 -0.52999963 -0.53 -0.53 -0.53 -0.5125 -0.5125 -0.5125 -0.51419628 0.030247633 0.03375 0.03375 0.03375 0.033749991 -0.2225 -0.2225
-0.85125 -0.625 -0.625 -0.625 -0.625 -0.625 -0.62500005 -0.82460572 0.29657261 0.30125 0.30125 0.30125 0.30125 0.30125 0.30125 0.49342472 -0.5038322 -0.48833391 0.026210317 0.02625 0.02625 0.02625 0.02625 0.026250349 0.3225 0.3225 0.32249955 0.00125 0.00125 0.0022912695 0.52125 0.52125 0.19875 0.19875 0.19875 0.12631648 0.1125 0.1125 0.1125 -0.53 -0.53 -0.53 -0.5125 -0.5125 -0.5125 -0.5125 0.033749999 0.03375 0.03375 0.03375 0.03375 -0.2225 -0.2225
-0.85125 -0.7670197 -0.625 -0.625 -0.625 -0.625 0.32106428 0.32125 0.32125 0.30125 0.30125 0.30125 0.30125 0.30125 0.34454412 0.4975 0.4975 0.4975 0.32533681 0.32624969 0.32625 0.32625 0.32625 0.32625 0.3225 0.3225 0.3225 0.3225 0.00125 0.52125 0.52125 0.52125 0.19875003 0.19875 0.19875 0.48375 0.11299155 0.1125 0.1125 -0.52997446 -0.47951494 -0.36175436 -0.5125 -0.5125 -0.047688875 -0.04625 -0.04625 0.033718812 0.015065523 0.015000002 0.015000004 0.16869074 -0.2224992
-0.85125 -0.060571439 -0.32833051 -0.625 -0.625 0.32069091 0.32125 0.32125 0.32125 0.32110587 0.30125 0.30125 0.30125 0.30125002 0.4975 0.4975 0.4975 0.4975 0.32640297 0.32625 0.32625 0.32625 0.32625 0.32625 0.3225 0.3225 0.3225 0.3225 0.32322292 0.52125 0.52125 0.52125 0.6075 0.19878886 0.48375 0.48375 0.48375 0.48172996 -0.3312378 -0.36125 -0.36125 -0.36125 -0.13625 -0.13625 -0.04625 -0.04625 -0.04625 0.014999999 0.015 0.015 0.015 0.16875 0.16875
-0.039195196 -0.03875 -0.03875 -0.038749994 0.52875 0.32125535 0.32125 0.32125 0.32125 0.32125 0.28544592 0.30124728 0.30124999 0.4975 0.4975 0.4975 0.4975 0.4975 0.50348691 0.32625 0.32625 0.32625 0.32625 0.32625 0.40742197 0.54124881 0.54125 0.54125 0.54125 0.52125 0.6075 0.6075 0.6075 0.6075 0.48375 0.48374523 0.3025 0.3025 -0.35296209 -0.36125 -0.36125 -0.36125 -0.13625 -0.13625 -0.060185099 -0.04625 -0.04625 0.015 0.015 0.015 0.0166486 0.16875 0.16875
-0.03875 -0.03875 -0.03875 0.22849422 0.52875 0.52875 0.32125 0.32125 0.32125 0.32125 0.0925 0.0925 0.0925 0.4975 0.4975 0.4975 0.4975 0.49753326 0.805 0.805 0.32625019 0.32625 0.33586659 0.72125 0.71962954 0.54125 0.54125 0.54125 0.54125 0.60749325 0.6075 0.6075 0.6075 0.6075 0.30250064 0.3025 0.3025 0.3025 0.30015215 -0.36125 -0.36125 -0.36125 -0.13625 -0.13625 -0.13625 -0.04625 -0.04625 0.015000001 0.015 0.015000001 0.16875 0.16875 0.16875
-0.03875 -0.03875 -0.03875 0.52875 0.52875 0.52875 0.52874968 0.32125 0.32125 0.092736136 0.0925 0.0925 0.0925 0.092752337 0.66039626 0.69875 0.69875 0.69875 0.805 0.805 0.805 0.72125 0.72125 0.72125 0.72123669 0.61074947 0.54125 0.54125 0.54125 0.46370054 0.43251721 0.4325 0.4325 0.4325 0.20613041 0.070000528 0.07 0.07 0.07 0.16117851 0.16125 0.16125 -0.13625 -0.13625 0.21749852 0.21749998 0.16875 0.16875 0.305 0.305 0.305 0.16875 0.14876788
-0.038749143 -0.03875 -0.03874998 0.52875 0.52875 0.52875 0.52875 0.3325 0.32129498 0.092629216 0.0925 0.0925 0.0925 0.09368963 0.69875 0.69875 0.69875 0.69875003 0.805 0.805 0.805 0.72125 0.72125 0.72125 0.67375 0.67375 0.8775 0.8775 0.8775 0.87507239 0.4325 0.4325 0.4325 0.4325 0.25134955 0.07 0.07 0.07 0.07 0.16125 0.16125 0.16125 0.16301984 0.2175 0.2175 0.2175 0.16875 0.16875 0.305 0.305 0.305 0.14875001 0.14875
0.2375 0.11042487 0.11625 0.11636967 0.52875 0.3336355 0.3325 0.3325 0.43680338 0.23500001 0.235 0.235 0.235 1.1012218 1.10125 0.69875031 0.69875 0.70154953 0.805 0.805 0.805 0.65875 0.65875 0.65875 0.67375 0.67375 0.8775 0.8775 0.8775 0.87749991 0.75874793 0.75874908 0.4406998 0.43284976 0.19152554 0.19125 0.19125 0.19125 0.19125 0.16125 0.16125 0.16125 0.21440279 0.2175 0.2175 0.21749995 0.16875 0.16875 0.1687549 0.305 0.30498429 -0.04625 0.14875
0.23000142 0.22999998 0.11625 0.11625 0.11625 0.3325 0.3325 0.3325 0.61875 0.61875 0.235 0.235 0.235 1.10125 1.10125 1.10125 1.10125 1.1012156 0.805 0.805 0.80499999 0.65875 0.65875 0.65875 0.67375 0.67375 0.8775 0.8775 0.8775 0.76008891 0.75875 0.75875 0.75875 0.75875 0.19153003 0.19125 0.19125 0.19125 0.19125 0.29999996 0.3 0.3 0.3 0.21749786 -0.06125 -0.06125 -0.06125 -0.2975 -0.2975 -0.2975 -0.04625 -0.04625 -0.04625
0.23 0.23 0.11625 0.11625 0.11625 0.33136335 0.3325 0.61875 0.61875 0.61875 0.23504724 0.235 0.74978858 1.1012499 1.10125 1.10125 1.10125 0.96375 0.96375 0.96375 0.7525 0.75249993 0.65875046 0.65875 0.65883869 0.80125 0.80125 0.80125018 0.87748768 0.58878388 0.5887509 0.58877968 0.75845945 0.75860329 0.29221253 0.19124992 0.19052111 -0.02625 -0.02625 0.3 0.3 0.3 0.3 -0.06125 -0.06125 -0.06125 -0.06125 -0.2975 -0.2975 -0.2975 -0.04625 -0.04625 -0.04625
0.23 0.23 0.11625 0.11625 0.11625 0.11625 0.43963501 0.61875 0.61875 0.61875 0.61888602 0.865 0.865 0.865 1.0998577 1.10125 0.96466627 0.96375 0.96375 0.96375 0.7525 0.7525 0.7525 0.7525 0.80125 0.80125 0.80125 0.80125 0.80125 0.58875 0.58875 0.58875 0.58875 0.58874912 0.16875 -0.02625 -0.02625 -0.02625 -0.02625 -0.026249959 -0.065 -0.065 -0.065 -0.057678302 -0.0425 -0.0425 -0.0425 -0.29749999 -0.2975002 -0.50625 -0.50625 -0.036252433 -0.03625
0.23 0.23 0.15730576 0.11625 0.11625 0.11625002 0.81465175 0.61936847 0.61875 0.61875 0.86499998 0.865 0.865 0.865 0.865 0.88437934 0.96375 0.96375 0.96375 0.96375 0.75250163 0.7525 0.7525 0.7525 0.80125 0.80125 0.80125 0.80125 0.80125 0.50931219 0.58875 0.58875 0.58875 0.16875 0.16875 0.16859858 -0.02625 -0.02625 -0.2175947 -0.36624997 -0.065 -0.065 -0.065 -0.0584611 -0.0425 -0.0425 -0.0425 -0.29625 -0.50363342 -0.50625 -0.50625 -0.03625 -0.03625
0.75125 0.75125 0.75125 0.27546196 0.11715049 0.815 0.815 0.815 0.815 0.77375 0.77375 0.86499999 0.865 0.865 0.865 0.86500624 0.96375 0.96375 0.96375 0.96375 0.84468265 0.7525 0.7525 0.75992586 1.0257857 0.80125 0.80125 0.80125 0.48125 0.48125 0.48125 0.48125045 0.16875 0.16875 0.16875 0.16875 -0.36625 -0.36625 -0.36625 -0.36625 -0.0775 -0.0775 -0.0775 -0.23749678 -0.2375 -0.2375 -0.23749994 -0.29625 -0.29625 -0.50599413 -0.50625 -0.036251191 -0.03625
0.75125 0.75125 0.75125 0.75124872 0.7275 0.74022394 0.815 0.815 0.815 0.77375 0.77375 0.77375 0.33875002 0.33875 0.33875 0.33875001 0.96251352 0.96375 0.96375 0.96375 0.96056219 1.0362492 1.03625 1.03625 1.03625 1.03625 0.74375 0.74375 0.48125 0.48125 0.48125 0.48125 0.16874994 0.16875 0.16875 0.16874318 -0.36625 -0.36625 -0.36625 -0.36600872 -0.0775 -0.0775 -0.0775 -0.23749258 -0.2375 -0.2375 -0.2375 -0.29625 -0.29625 -0.29625 -0.2725 -0.2725 -0.2325
0.75125 0.75125 0.75125 0.72750005 0.7275 0.7275 0.81499997 0.815 0.815 0.77375 0.77375 0.77375 0.33875 0.33875 0.33875 0.33494202 0.28875 0.28875 0.28875174 0.95993742 1.03625 1.03625 1.03625 1.03625 1.03625 1.0360299 0.74375 0.74375 0.74375 0.48125 0.48125 0.48118402 0.085 0.085 0.085 -0.3525 -0.3525 -0.31125 -0.31125 -0.31125 -0.06625 -0.077496471 -0.077501203 -0.23875 -0.23875 -0.23870263 -0.2375001 -0.29625 -0.29625 -0.2725 -0.2725 -0.2725 -0.2325
0.75125 0.75125 0.75125 0.7275 0.7275 0.7275 0.7275 0.815 0.815 0.77375 0.77375 0.35614373 0.33875 0.33875 0.33875 0.28875 0.28875 0.28875 0.28875 0.28875 1.03625 1.03625 1.03625 1.03625 1.03625 0.743751 0.74375 0.74375 0.74375 0.37875 0.37875 0.37875 0.085 0.085 0.085 -0.3525 -0.3525 -0.31125 -0.31125 -0.06625 -0.06625 -0.06625 -0.23875 -0.23875 -0.23875 -0.23875 -0.25035331 -0.38 -0.38 -0.38 -0.2725 -0.22625 -0.22625
0.75125 0.75125 0.75121693 0.7275 0.7275 0.7275 0.7275 0.6549091 0.65125 0.65146032 0.77374998 0.33875513 0.33875 0.33875 0.33874983 0.28875 0.28875 0.28875 0.28875 0.28875 -0.057044866 1.03625 1.03625 1.03625 1.0361406 0.74373657 0.74375 0.74375 0.74375 0.37875 0.37875 0.37875 0.37870597 0.085 -0.3525 -0.3525 -0.3525 -0.35249834 -0.31123329 -0.06625 -0.06625 -0.06625 -0.23873953 -0.23875 -0.23875 -0.23875 -0.38000244 -0.38 -0.38 -0.38 -0.22625 -0.22625 -0.22625
0.72875 0.72875004 0.72751254 0.7275 0.7275 0.7275 0.65126623 0.65125 0.65125 0.65125 0.40000001 0.4 0.4 0.4 0.28926345 0.28875 0.28875 0.28875 0.28875 -0.10374977 -0.10375 -0.10375 0.50500009 0.505 0.505 0.505 0.5256072 0.74375 0.18002309 0.18 0.18 0.18 0.18 -0.4075 -0.4075 -0.4075 -0.4075 -0.4075 -0.37625 -0.37625 -0.37625 -0.37625 -0.37625 -0.62441776 -0.625 -0.625 -0.625 -0.38 -0.38 -0.38 -0.22627422 -0.22625 -0.22625
0.72875 0.72875 0.72755692 0.58625028 0.58625003 0.58631346 0.65125 0.65125 0.65125 0.65125 0.4 0.4 0.4 0.4 0.4 0.28875 0.28875 0.28875 -0.1037499 -0.10375 -0.10375 -0.10375 0.505 0.505 0.505 0.505 0.505 0.5050502 0.18009316 0.18 0.18 0.18 0.18003742 -0.24380716 -0.4073305 -0.4075 -0.4075 -0.4075 -0.37625 -0.37625 -0.37625 -0.37625 -0.37625 -0.625 -0.625 -0.625 -0.625 -0.51043321 -0.38 0.14903104 0.155 0.225 0.225
0.72875 0.72875 0.58626805 0.58625 0.58625 0.58625 0.60275973 0.65125 0.65125 0.65125 0.4 0.4 0.4 0.4 0.4 0.28883161 0.28875 -0.10363492 -0.10375 -0.10375 -0.10375 -0.10375 0.27948462 0.505 0.505 0.505 0.505 0.50494073 0.42125 0.42125 0.42125 0.42125 0.42125 -0.11875 -0.11875 -0.11875 -0.11875 -0.11875 -0.56625 -0.56625 -0.56625 -0.56625 -0.56625 -0.62321148 -0.62499963 -0.625 -0.62487583 -0.6099474 0.155 0.155 0.155 0.22499961 0.225
0.72874921 0.31081016 0.58624996 0.58625 0.58625 0.58625 0.58625 0.65122232 0.65125 0.65125 0.4 0.4 0.4 0.4 -0.030227003 -0.04 -0.04 -0.10374836 -0.10375 -0.10375 -0.10375 -0.10375 -0.10374995 0.505 0.505 0.505 0.505 0.54874988 0.54874994 0.5216149 0.42125 0.42125 0.42125 -0.11875 -0.11875 -0.11875 -0.11875 -0.11858407 -0.56625 -0.56625 -0.56625 -0.56625 -0.56620269 0.1075 0.1075 0.1075 0.1075 0.10750383 0.155 0.155 0.155 0.15500001 0.17943114
