interpolatedSpi/01-02|21_1.tif
NCOLS 53
NROWS 52
XLLCORNER -116.03883
YLLCORNER 28.596182
DX 0.49850594
DY 0.49788537
NODATA_VALUE -9999
-0.255 -0.255 -0.12167094 -0.49 -0.735 -0.605 -0.59 -0.48 -0.48229257 -0.805 -0.565 -0.84 -1.099893 0.2 -0.41 -0.41 -0.41 -0.5 -0.425 -0.425 -0.425 -0.42500289 -0.725 -0.385 -0.385 -0.385 -0.67498792 -0.675 -0.675 -0.34 -0.34 -0.34 -0.34 -0.96499987 -0.965 -0.965 -0.965 -0.965 -0.965 -0.96499993 1.7012805 1.729386 -0.68 -0.68 -0.68 -0.68 -0.67983667 -0.58 -0.58 -0.58 1.0899965 1.09 1.09 
-0.25502199 -0.75 -0.63500046 -0.75207973 -0.87521214 -0.375 -0.475 -1.2946938 -1.655 -1.175 -1.075 -1.1 -1.1 -0.71194896 0.19998356 -0.41 -0.5 -0.5 -0.42509779 -0.425 -0.425 -0.425 -0.38342089 -0.385 -0.385 -0.385 -1.1349999 -1.135 -0.34 -0.34 -0.34 -0.34 -0.34 -0.96499991 -0.965 -0.965 -0.965 -0.965 -0.96499996 -0.7960099 0.08992101 -0.586567 -0.68 -0.68 -0.68 -0.68 -0.68 -0.58 -0.58 -0.58 -0.441522 1.09 1.09 
-0.80498971 -0.805 -1.03 -0.635 -1.06 -1.27 -1.34 -1.58 -1.53 -1.7 -1.125 -1.56 -1.22 -1.67 -0.715 -1.415 -0.5 -0.5 -0.5 -0.90486046 -0.905 -0.905 -0.355 -0.385 -0.385 -0.385 -1.135 -1.135 -1.135 -0.34 -0.34 -0.34000006 -0.91527308 -0.96447345 -0.96029953 -0.46462755 -0.46 -0.46 -0.3908245 0.089999996 0.09 0.089015363 -0.68 -0.68 -0.68 -0.68 -0.68 -0.58 -0.58 -0.58 -0.58 1.09 1.09 
-1.325 -0.8050001 -1.2949793 -0.47 -0.845 -1.165 -1.42 -1.705 -1.535 -1.3752747 -1.045 -1.78 -1.775 -1.67 -1.51 -1.415 -1.6978195 -1.6991592 -1.38 -0.905 -0.905 -1.62 -0.355 -0.355 -0.385 -0.38500375 -1.135 -1.135 -1.135 -0.735 -1.1739422 -1.535 -1.535 -1.5349991 -0.46 -0.46 -0.46 -0.46 0.09 0.09 0.09 0.089999971 -0.68 -0.68 -0.68 -0.68 -0.68 -0.58000126 -0.58 -0.58 -0.58 1.0899507 1.09 
-1.325 -1.1950002 -1.295 -1.2652807 -0.845 -1.245 -1.494964 -1.25 -1.09 -0.92000013 -1.623099 -1.9549907 -1.89 -1.51 -1.51 -1.4509134 -1.7 -1.7 -1.38 -1.38 -0.9050014 -1.62 -1.51 -0.675 -0.63 -0.63007847 -1.135 -1.135 -0.735 -0.735 -1.535 -1.535 -1.535 -1.3926274 -0.46 -0.46 -0.46 0.09 0.09 0.09 0.09 0.089942082 -0.68 -0.68 -0.68 -0.68 -0.68 -0.67910988 -0.58 -0.57999283 -0.42 -0.42 -0.42 
-1.12 -1.245 -0.035000063 -0.9 -1.25 -0.64 -1.065 -1.0886853 -0.93 -1.27 -1.03 -1.61 -1.6100002 -1.26 -1.26 -1.0700616 -1.07 -0.55 -0.55 -1.3799999 -1.34 -1.34 -0.675 -0.63 -0.63 -0.965 -0.925 -0.925 0.024930018 -0.735 -1.535 -1.535 -0.78 -0.78008672 -1.6099403 -0.58 -0.58 -0.11727979 0.09 0.09 -0.50925167 -0.51 -0.50999978 -1.6721707 -1.6898884 -1.6899997 -1.69 -1.6899996 -1.5032272 -0.42 -0.42 -0.42 -0.42 
-0.11500491 -0.985 -1.2762264 -0.26 -0.07 -1.16 -0.69499999 -0.905 -1.155 -1.155 -1.03 -0.785 -0.76999986 -1.26 -1.3249998 -1.325 -1.07 -1.305 -1.225 -1.225 -1.4224714 -1.515 -1.515 -0.4 -0.965 -0.965 -0.925 -0.925 0.024957749 0.024222134 -1.0987616 -0.78 -0.78 -1.61 -1.61 -0.77062401 -0.58 -0.58 -0.34500815 -0.50999977 -0.51 -0.51 -0.51000009 -1.6899977 -1.69 -1.69 -1.69 -1.69 -1.72 -0.42025762 -0.42 -0.42 -0.42 
-0.115 0.71 -1.255 -1.055 -0.95500573 -0.715 -0.845 -1 -0.815 -1.045 -1.045 -0.195 -0.77 -0.77 -1.3211922 -1.3067849 -1.305 -0.61 -1.1050001 -1.225 -0.63377185 -0.61 -1.405 -0.945 -0.94500619 -1.425 -0.815 -0.81500004 -0.6974595 -0.70000001 -1.1 -0.48828945 0.52 -1.61 -1.5971655 -0.93 -0.93 -0.345 -0.345 -0.51 -0.51 -0.51 -1.2708294 -1.275 -1.69 -1.69 -1.69 -1.7199989 -1.72 -1.72 -0.42 -0.42 -0.42 
0.37774297 0.70999999 -0.245 -1.295 -1.72 -1.035 -1.14 -1.12 -1.34 -1.4077822 -1.14 -0.88000001 -0.88 -0.95 -0.95000094 -0.87619845 -0.875 -0.875 -0.68556252 -0.29000013 -0.89 -0.89 -1.485 -1.4365267 -1.3766287 -1.425 -0.185 -0.815 -0.53165614 -0.53 -0.77 -0.365 -0.56142086 -1.01 -1.16 -1.395 -1.53 -1.205 -1.1450277 -0.50948667 -0.395 -0.705 -1.2749642 -1.275 -1.2773358 -1.69 -2.295 -1.72 -1.72 -1.72 -1.72 -0.46482268 -1.39 
-1.48 -1.48 -0.665 -1.84 -1.96 -1.585 -0.765 -0.775 -1.115 -1.4249864 -1.345 -0.115 -0.95 -0.95 -1.05 -1.0475998 -0.875 -0.87511029 -1.35 -0.29 -0.29 -0.36730015 -1.485 -1.1800058 -1.18 -1.18 -0.185 -0.935 -0.935 -0.53 -0.53 -0.36573968 -0.755 -1.01 -1.115 -1.395 -1.53 -1.48 -1.145 -1.1204052 -0.70499999 -0.83356879 -1.055 -1.275 -1.275 -2.295 -2.295 -2.295 -1.72 -1.72 -0.78 -0.78 -0.78000023 
-1.48 -1.48 -0.935 -1.34 -1.19 -1.5 -1.22 -0.8450779 -0.56 -0.71 -1.24 -0.63 -0.11568685 -1.05 -1.05 -1.0500456 -1.445 -1.440014 -1.35 -0.78 -0.78 -0.58 -0.58 -1.18 -1.18 -1.18 -0.935 -0.935 -0.935 -1.225 -1.225 -1.2249992 -0.885 -0.885 -1.04 -1.49 -0.695 -2.3249948 -1.555 -1.12 -1.12 0.27999561 -1.055 -1.275 -0.92500078 -1.88 -1.4586177 -1.455 -1.825 -1.825 -0.78 -0.78 -0.78 
-1.48 -1.2447657 -1.1078279 -0.99501649 -1.11 -1.385 -1.22 -0.845 -0.56000238 -0.70833818 -0.6300001 -0.63 -0.42 -1.05 -1.05 -1.445 -1.445 -1.4449946 -1.35 -0.78 -0.74072407 -0.58 -0.58 -1.1799762 -1.18 -0.94496551 -0.465 -0.465 -0.46500006 -1.225 -1.225 -0.74 -0.74 -0.88500042 -1.04 -1.115 -0.85775949 -2.325 -2.325 -1.12 0.28 0.28 0.27999108 -0.925 -0.925 -1.88 -1.455 -1.455 -1.825 -1.825 -0.78 -0.78 -0.78 
-0.06 -0.16612085 -0.095045805 -0.10152766 -1.1100014 -1.3849935 -1.22 -0.84961603 -0.57963941 -0.5639169 -0.42 -0.42 -0.42 -0.42 -1.0499108 -1.445 -1.445 -1.4437734 -1.35 -0.7800629 -0.985 -0.985 -0.985 -0.985 -1.1760971 -0.465 -0.465 -0.465 -0.465 -0.46556364 -0.74 -0.74 -0.74 -0.74 -1.115 -1.115 -1.115 -2.2659402 -2.3169262 -1.25 -1.25 0.2799177 -1.0049973 -0.92500771 -0.925 -1.88 -1.455 -1.455 -1.825 -1.825 -0.78379115 -0.78 -0.96518527 
-0.06 -0.095 -0.095 -0.095 -0.095 -0.095000542 -1.2204223 -1.042527 -0.63203558 -0.42015449 -0.42 -0.42 -0.42 -0.42 -0.4199998 -1.445 -1.445 -1.4384836 -1.3500001 -0.985 -0.985 -0.985 -0.985 -0.985 -0.98153933 -0.7547501 -0.89999991 -0.9 -0.9 -0.9 -0.74000001 -0.74 -0.73999987 -0.635 -0.635 -1.115 -0.79903769 -0.79 -1.2499997 -1.25 -1.25 -1.25 -1.005 -1.005 -1.005 -1.0110892 -1.0229185 -1.02 -1.02 -1.02 -1.02 -1.02 -1.02 
0.55 -0.095 -0.095 -0.095 -0.095 -0.095 -0.095000073 -0.71463877 -0.12767084 -0.125 -0.125 -0.125 -0.125 -0.125 -0.125 0.17855998 -1.4191242 -1.431991 -0.98504592 -0.985 -0.985 -0.985 -0.985 -0.98499899 -0.825 -0.825 -0.82500011 -0.9 -0.9 -0.9004906 -1.145 -1.145 -0.635 -0.635 -0.635 -0.76517072 -0.79 -0.79 -0.79 -1.25 -1.25 -1.25 -1.005 -1.005 -1.005 -1.005 -1.02 -1.02 -1.02 -1.02 -1.02 -1.02 -1.02 
0.55 0.30987383 -0.095 -0.095 -0.095 -0.095 0.32491757 0.325 0.32499999 -0.125 -0.125 -0.125 -0.125 -0.125 -0.056611831 0.185 0.185 0.185 -0.11764856 -0.11500089 -0.115 -0.115 -0.115 -0.115 -0.825 -0.825 -0.825 -0.825 -0.9 -1.145 -1.145 -1.145 -0.63500005 -0.635 -0.635 -0.865 -0.7900993 -0.79 -0.79 -1.2499069 -1.0645142 -0.63185304 -1.005 -1.005 -0.36199051 -0.36 -0.36 -1.0187738 -0.27760344 -0.27500006 -0.27500014 -0.19512489 -1.0199983 
0.55 0.29211729 0.097297494 -0.095 -0.095 0.32475184 0.325 0.325 0.325 0.32175717 -0.125 -0.125 -0.125 -0.12499996 0.185 0.185 0.185 0.185 -0.11473202 -0.115 -0.115 -0.115 -0.115 -0.115 -0.82499998 -0.825 -0.825 -0.825 -0.82616395 -1.145 -1.145 -1.145 -1.52 -0.63504476 -0.865 -0.865 -0.865 -0.86433486 -0.64013448 -0.63 -0.63 -0.63 -0.485 -0.485 -0.36 -0.36 -0.36 -0.275 -0.275 -0.275 -0.275 -0.195 -0.195 
0.28525896 0.285 0.285 0.285 0.11 0.32499445 0.325 0.325 0.325 0.325 -0.098880504 -0.1249955 -0.12499999 0.185 0.185 0.185 0.185 0.185 0.14948719 -0.115 -0.115 -0.115 -0.115 -0.115 -0.69739276 -1.0949985 -1.095 -1.095 -1.095 -1.145 -1.52 -1.52 -1.52 -1.52 -0.865 -0.86499842 -0.805 -0.805 -0.63218514 -0.63 -0.63 -0.63 -0.485 -0.485 -0.3793543 -0.36 -0.36 -0.275 -0.275 -0.275 -0.27414219 -0.195 -0.195 
0.285 0.285 0.285 0.20258989 0.11 0.11 0.325 0.325 0.325 0.325 0.22 0.22 0.22 0.185 0.185 0.185 0.185 0.18499008 -0.005 -0.005 -0.11499996 -0.115 -0.12400794 -0.485 -0.49049156 -1.095 -1.095 -1.095 -1.095 -1.5199567 -1.52 -1.52 -1.52 -1.52 -0.80500021 -0.805 -0.805 -0.805 -0.80434455 -0.63 -0.63 -0.63 -0.485 -0.485 -0.485 -0.36 -0.36 -0.275 -0.275 -0.275 -0.195 -0.195 -0.195 
0.285 0.285 0.285 0.11 0.11 0.11 0.11000033 0.325 0.325 0.22010839 0.22 0.22 0.22 0.21997819 0.13643466 0.125 0.125 0.125 -0.005 -0.005 -0.005 -0.485 -0.485 -0.485 -0.48491876 -0.62292812 -1.095 -1.095 -1.095 -0.72537716 -0.55509491 -0.555 -0.555 -0.555 -0.51608638 -0.11000158 -0.11 -0.11 -0.11 0.15489259 0.155 0.155 -0.485 -0.485 -0.08500167 -0.084999986 -0.045 -0.045 -0.04 -0.04 -0.04 -0.195 -0.20998659 
0.28500056 0.285 0.28499999 0.11 0.11 0.11 0.11 -0.19499985 0.32292084 0.21995466 0.22 0.22 0.22 0.21981358 0.125 0.125 0.125 0.12499996 -0.005 -0.005 -0.005 -0.485 -0.485 -0.485 -0.195 -0.195 -0.19 -0.19 -0.19 -0.19199119 -0.555 -0.555 -0.555 -0.555 -0.33262214 -0.11 -0.11 -0.11 -0.11 0.155 0.155 0.155 0.14744868 -0.085 -0.085 -0.085 -0.045 -0.045 -0.04 -0.04 -0.04 -0.20999999 -0.21 
0.465 0.36205634 -0.28 -0.27988685 0.11 -0.19323528 -0.195 -0.195 -0.12758995 0.17 0.17 0.17 0.17 -0.14998958 -0.15 0.12499979 0.125 0.12157469 -0.005 -0.005 -0.005 -0.185 -0.185 -0.185 -0.195 -0.195 -0.19 -0.19 -0.19 -0.18999964 0.30499453 0.30499758 -0.53338519 -0.55407802 0.10424904 0.105 0.105 0.105 0.105 0.155 0.155 0.155 -0.071784759 -0.085 -0.085 -0.084999984 -0.045 -0.045 -0.04499982 -0.04 -0.040005813 -0.17 -0.21 
0.015085456 0.014999949 -0.28 -0.28 -0.28 -0.195 -0.195 -0.195 -0.01 -0.01 0.17 0.17 0.17 -0.15 -0.15 -0.15 -0.15 -0.14998286 -0.005 -0.005 -0.0050000069 -0.185 -0.185 -0.185 -0.195 -0.195 -0.19 -0.19 -0.19 0.29941884 0.305 0.305 0.305 0.305 0.10509869 0.105 0.105 0.105 0.105 0.28999996 0.29 0.29 0.29 -0.08499931 0.005 0.005 0.005 -0.055 -0.055 -0.055 -0.17 -0.17 -0.17 
0.015 0.015 -0.28 -0.28 -0.28 -0.19544678 -0.195 -0.01 -0.01 -0.01 0.16997784 0.17 0.096458775 -0.14999995 -0.15 -0.15 -0.15 0.29 0.29 0.29 0.039999995 0.039999833 -0.1849989 -0.185 -0.18499392 -0.17 -0.17 -0.17000005 -0.18999677 0.305 0.305 0.305 0.305 0.305 0.14062152 0.10500012 0.10602212 0.41 0.41 0.29 0.29 0.29 0.29 0.005 0.005 0.005 0.005 -0.055 -0.055 -0.055 -0.17 -0.17 -0.17 
0.015 0.015 -0.28 -0.28 -0.28 -0.28 -0.1257599 -0.01 -0.01 -0.01 -0.0099502853 0.08 0.08 0.08 -0.14864456 -0.15 0.28706795 0.29 0.29 0.29 0.04 0.04 0.04 0.04 -0.17 -0.17 -0.17 -0.17 -0.17 0.305 0.305 0.305 0.305 0.30500034 0.465 0.41 0.41 0.41 0.41 0.41000054 0.6 0.6 0.6 0.41451383 0.03 0.03 0.03 -0.054999998 -0.054999806 0.145 0.145 0.099934315 0.1 
0.015 0.015 -0.17352571 -0.28 -0.28 -0.28 -0.22461848 -0.010677561 -0.01 -0.01 0.079999954 0.08 0.08 0.08 0.08 0.061178879 0.29 0.29 0.29 0.29 0.040001934 0.04 0.04 0.04 -0.17 -0.17 -0.17 -0.17 -0.17 0.31238956 0.305 0.305 0.305 0.465 0.465 0.46495729 0.41 0.41 0.65480865 0.84499996 0.6 0.6 0.6 0.41759981 0.03 0.03 0.03 0.335 0.14736738 0.145 0.145 0.1 0.1 
0.085 0.085 0.085 -0.18848447 -0.28009285 -0.225 -0.225 -0.225 -0.225 -0.14 -0.14 0.079999984 0.08 0.08 0.08 0.080013295 0.29 0.29 0.29 0.29 0.14909189 0.04 0.04 0.041439373 0.083199851 -0.17 -0.17 -0.17 0.315 0.315 0.315 0.31499996 0.465 0.465 0.465 0.465 0.845 0.845 0.845 0.845 0.465 0.465 0.465 0.23500462 0.235 0.235 0.23499994 0.335 0.335 0.1452315 0.145 0.099999924 0.1 
0.085 0.085 0.085 0.084976844 -0.345 -0.32755003 -0.225 -0.225 -0.225 -0.14 -0.14 -0.14 -0.28499998 -0.285 -0.285 -0.28499999 0.28898334 0.29 0.29 0.29 0.28621211 0.094999849 0.095 0.095 0.095 0.094999992 -0.095000001 -0.095 0.315 0.315 0.315 0.315 0.4650001 0.465 0.465 0.465011 0.84499999 0.845 0.845 0.84302593 0.465 0.465 0.465 0.23501067 0.235 0.235 0.235 0.335 0.335 0.33499997 0.085 0.085 0.4 
0.085 0.085 0.085 -0.34499901 -0.345 -0.345 -0.22500005 -0.225 -0.225 -0.14 -0.14 -0.14 -0.285 -0.285 -0.285 -0.28347681 -0.265 -0.265 -0.26499857 0.28686521 0.095 0.095 0.095 0.095 0.095 0.094857015 -0.095 -0.095 -0.094999999 0.315 0.315 0.31470392 0.6 0.6 0.6 -0.064999997 -0.064999997 0.395 0.395 0.395 -0.065 0.46483375 0.46499739 0.115 0.115 0.11954786 0.23499985 0.335 0.335 0.085 0.085 0.085 0.4 
0.085 0.085 0.085 -0.345 -0.345 -0.345 -0.345 -0.225 -0.225 -0.14 -0.14 -0.27920209 -0.285 -0.285 -0.285 -0.265 -0.265 -0.265 -0.265 -0.265 0.095 0.095 0.095 0.095 0.095 -0.094999352 -0.095 -0.095 -0.095 -0.145 -0.145 -0.145 0.6 0.6 0.6 -0.065 -0.065 0.395 0.395 -0.065 -0.065 -0.065 0.115 0.115 0.115 0.115 0.11376779 0.1 0.1 0.1 0.085000003 0.225 0.225 
0.085 0.085 0.084401206 -0.345 -0.345 -0.345 -0.345 -0.33071982 -0.33 -0.3296738 -0.14000001 -0.285 -0.285 -0.285 -0.28499993 -0.265 -0.265 -0.265 -0.265 -0.265 -0.063257454 0.095 0.095 0.095 0.095050462 -0.094975525 -0.095 -0.095 -0.095 -0.145 -0.145 -0.145 -0.1448941 0.6 -0.065 -0.065 -0.065 -0.064981054 0.39496863 -0.065 -0.065 -0.065 0.11498907 0.115 0.115 0.115 0.10000135 0.1 0.1 0.1 0.225 0.225 0.225 
-0.425 -0.42499911 -0.34477667 -0.345 -0.345 -0.345 -0.33000319 -0.33 -0.33 -0.33 -0.285 -0.285 -0.285 -0.285 -0.26509231 -0.265 -0.265 -0.265 -0.265 -0.070000116 -0.07 -0.07 0.33999996 0.34 0.34 0.34 0.3024539 -0.095 -0.34498976 -0.345 -0.345 -0.345 -0.345 -0.039999999 -0.04 -0.04 -0.04 -0.04 0.25 0.25 0.25 0.25 0.25 0.23481911 0.235 0.235 0.235 0.1 0.1 0.1 0.22498031 0.225 0.225 
-0.425 -0.425 -0.42479066 -0.39999989 -0.39999999 -0.39993172 -0.33 -0.33 -0.33 -0.33 -0.285 -0.285 -0.285 -0.285 -0.285 -0.265 -0.265 -0.265 -0.070000049 -0.07 -0.07 -0.07 0.34 0.34 0.34 0.34 0.34 0.33990726 -0.34508302 -0.345 -0.345 -0.345 -0.34503335 0.090387373 -0.039864989 -0.04 -0.04 -0.039999997 0.25 0.25 0.25 0.25 0.25 0.235 0.235 0.235 0.235 0.17187136 0.1 0.20877274 0.21 0.03 0.03 
-0.425 -0.425 -0.40000317 -0.4 -0.4 -0.4 -0.3822203 -0.33 -0.33 -0.33 -0.285 -0.285 -0.285 -0.285 -0.285 -0.26501444 -0.265 -0.070057173 -0.07 -0.07 -0.07 -0.07 0.18811284 0.34 0.34 0.34 0.34 0.33936274 -0.56 -0.56 -0.56 -0.56 -0.56 0.19 0.19 0.19 0.19 0.19 0.44 0.44 0.44 0.44 0.44 0.23490233 0.23499998 0.235 0.23499322 0.23418055 0.21 0.21 0.21 0.030001008 0.03 
-0.42500034 -0.60639324 -0.40000003 -0.4 -0.4 -0.4 -0.4 -0.33002981 -0.33 -0.33 -0.285 -0.285 -0.285 -0.285 -0.18233219 -0.18 -0.18 -0.070002831 -0.07 -0.07 -0.07 -0.07 -0.069999965 0.34 0.34 0.34 0.34 -0.19000033 -0.19000017 -0.26874499 -0.56 -0.56 -0.56 0.19 0.19 0.19 0.19 0.1900237 0.44 0.44 0.44 0.44 0.43998085 0.195 0.195 0.195 0.195 0.19500121 0.21 0.21 0.21 0.20999987 -0.00448454 
-0.61 -0.61 -0.58897003 -0.4 -0.4 -0.4 -0.4 -0.4 -0.33002962 -0.235 -0.235 -0.235 -0.23511866 -0.18000015 -0.18 -0.18 -0.18 -0.18 -0.06999964 -0.066922825 -0.04 -0.04 -0.04 0.054450507 0.29878127 0.078227642 -0.10788487 -0.19 -0.19 -0.19 -0.19 -0.19 -0.19937365 0.22415824 0.225 0.225 0.225 0.225 0.39303657 0.19000045 0.19 0.19 0.19 -0.17499892 0.1949999 0.195 0.195 -0.31 0.20999167 0.21 0.21 -0.005 -0.005 
-0.61 -0.61 -0.73 -0.73 -0.73 -0.40010993 -0.4 -0.4 -0.235 -0.235 -0.235 -0.235 -0.235 -0.18 -0.18 -0.18 -0.18 -0.18 -0.04 -0.04 -0.04 -0.04 -0.04 -0.17499999 -0.175 -0.175 -0.175 -0.19 -0.19 -0.19 -0.19 -0.19 0.15 0.15 0.225 0.225 0.225 0.13501533 0.135 0.19 0.19 0.19 0.18999992 -0.175 -0.175 -0.175 -0.31 -0.31 -0.31 -0.09 -0.09 -0.005 -0.005 
-0.61 -0.61 -0.73 -0.73 -0.73 -0.73 -0.72999786 -0.34 -0.23509886 -0.235 -0.235 -0.235 -0.235 -0.18068607 -0.18 -0.18 -0.18 -0.18 -0.040000003 -0.04 -0.04 -0.04 -0.04 -0.175 -0.175 -0.175 -0.175 -0.17500006 -0.19 -0.19 -0.19 0.14998217 0.15 0.15 0.15 0.225 0.135 0.135 0.135 0.13644715 -0.23571928 -0.315 -0.315 -0.175 -0.175 -0.175 -0.31 -0.31 -0.31 -0.09 -0.09 -0.09 0.044814399 
-0.515 -0.51500075 -0.73 -0.73 -0.73 -0.73 -0.34 -0.34 -0.34 -0.235 -0.235 -0.235 -0.235 -0.2349829 -0.18 -0.18 -0.18 -0.18 -0.040002649 -0.04 -0.04 -0.040000007 -0.15122839 -0.175 -0.175 -0.175 -0.175 -0.11000005 -0.11 -0.11 -0.18912868 0.15 0.15 0.15 0.14999978 -0.079999997 0.135 0.135 0.135 0.135 -0.315 -0.315 -0.315 0.06 0.06 0.06 0.29494108 -0.31 -0.31 -0.090000001 -0.09 -0.09 0.04999954 
-0.515 -0.515 -0.73 -0.73 -0.73 -0.34 -0.34 -0.34 -0.34 -0.24651065 -0.235 -0.235 -0.235 -0.23499965 -0.15000345 -0.15 -0.15 -0.15 -0.53873393 -0.51 -0.51 -0.51 -0.51 -0.175 -0.175 -0.175 -0.17499571 -0.11 -0.11 -0.11 -0.11 0.14996463 0.020631653 -0.08 -0.08 -0.08 0.13427134 -0.05999594 -0.06 -0.06 -0.31441253 0.43499998 0.435 0.06 0.06 0.060000995 0.295 0.295 -0.225 -0.225 -0.225 0.12 -0.115 
-0.515 -0.515 -0.025 -0.025 -0.025 -0.34 -0.34 -0.34 -0.34 -0.265 -0.265 -0.265 -0.265 -0.25689568 -0.15 -0.15 -0.15 -0.15 -0.54 -0.51 -0.51 -0.51 -0.51 -0.245 -0.24499997 -0.1750001 -0.11 -0.11 -0.11 -0.11 -0.094811743 -0.08 -0.08 -0.08 -0.08 -0.08 -0.06 -0.06 -0.06 -0.06 0.435 0.435 0.435 0.87486125 0.875 0.29760706 0.295 0.295 -0.22499796 -0.225 0.12 0.12 -0.115 
-0.515 -0.025000002 -0.025 -0.025 -0.025 -0.025 -0.34093155 -0.46 -0.46 -0.265 -0.265 -0.265 -0.265 -0.26497276 -0.15 -0.15 -0.15 -0.16762144 -0.54 -0.54 -0.51 -0.51 -0.245 -0.245 -0.245 -0.245 -0.11 -0.11 -0.11 -0.11 -0.08 -0.08 -0.08 -0.08 -0.08 -0.08 -0.06 -0.06 -0.06 -0.06 0.435 0.435 0.435 0.875 0.875 0.87497989 0.52 0.52 0.17 0.17 0.12 0.12 -0.115 
-0.029601709 -0.025 -0.025 -0.025 -0.025 -0.025 -0.46 -0.46 -0.46 -0.35562785 -0.265 -0.265 -0.265 -0.26500127 -0.15 -0.15 -0.15 -0.54 -0.54 -0.54 -0.5100015 -0.50999838 -0.245 -0.245 -0.245 -0.245 -0.1100096 -0.11 -0.11 -0.080006899 -0.08 -0.08 -0.08 -0.08 -0.079985545 -0.07 -0.07 -0.069826933 -0.06 -0.06 0.43499956 0.435 0.86220691 0.875 0.875 0.52000013 0.52 0.52 0.17 0.17 -0.09 -0.09 -0.44 
-0.025 -0.025 -0.025 -0.025 -0.025 -0.025 -0.46 -0.46 -0.46 -0.46 -0.35999726 -0.36 -0.36 -0.36 -0.15000079 -0.28140703 -0.355 -0.355 -0.53965895 -0.54 -0.53999999 -0.24500038 -0.245 -0.245 -0.245 -0.245 -0.24490185 -0.11 -0.10999897 -0.08 -0.08 -0.08 -0.08 -0.08 -0.07 -0.07 -0.07 -0.07 -0.07 -0.069999615 0.08 0.08 0.079999937 -0.105 -0.105 -0.105 -0.45 -0.45 -0.745 -0.745 -0.09 -0.090000762 -0.44 
-0.025 -0.025 -0.025 -0.025 -0.025 -0.025 -0.46 -0.46 -0.46 -0.36 -0.36 -0.36 -0.36 -0.36 -0.35868201 -0.355 -0.355 -0.355 -0.355 -0.355 -0.36383314 -0.245 -0.245 -0.245 -0.245 -0.23400965 0.10445155 -0.080724986 -0.080147944 -0.08 -0.08 -0.08 -0.08 -0.079999978 -0.07 -0.07 -0.07 -0.07 -0.07 -0.00022034856 0.08 0.08 0.08 -0.105 -0.105 -0.105 -0.45 -0.45 -0.745 -0.745 -0.19000001 -0.4262088 -0.44 
-0.025 -0.025 -0.025 -0.025 -0.025 -0.02500013 -0.4599999 -0.46 -0.45584944 -0.36 -0.36 -0.36 -0.36 -0.36 -0.35976017 -0.355 -0.355 -0.355 -0.355 -0.355 -0.355 0.050045271 0.10499951 0.105 0.105 0.105 0.105 0.105 0.25260192 0.25499603 0.25499999 0.255 0.255 0.25499977 -0.07 -0.07 -0.07 -0.07 -0.07 0.079999982 0.08 0.08 0.08 0.079999918 -0.10522445 -0.245 -0.44999998 -0.052006461 -0.74438666 -0.19 -0.19 -0.18137354 0.225 
-0.025 -0.025 -0.025 -0.025 -0.025 -0.025027789 -0.45997654 -0.45999395 -0.36000013 -0.36 -0.36 -0.36 -0.36 -0.36 -0.35990486 -0.355 -0.355 -0.355 -0.355 -0.355 -0.355 0.105 0.105 0.105 0.105 0.105 0.105 0.105 0.25495859 0.255 0.255 0.255 0.255 0.255 0.16595003 -0.07 -0.07 -0.07 -0.07 0.08 0.08 0.08 0.08 0.079916743 -0.245 -0.245 -0.2437465 -0.045 -0.045 -0.19 -0.19 0.225 0.225 
-0.025 -0.025 -0.025 -0.025 -0.025000003 -0.025580132 -0.45948082 -0.37128435 -0.36 -0.36 -0.36 -0.36 -0.36 -0.36 -0.35991247 -0.355 -0.355 -0.355 -0.355 -0.355 -0.28950436 0.105 0.105 0.105 0.105 0.105 0.105 0.105 0.2549994 0.255 0.255 0.255 0.255 0.255 0.255 -0.14911723 -0.27212928 -0.33938535 -0.34962951 0.033719362 0.079999984 0.08 0.08 -0.24497405 -0.245 -0.24655199 -0.5049978 -0.045 -0.045 0.014910586 0.015 0.015 0.2249999 
-0.025 -0.025 -0.025 -0.025 -0.025000441 -0.028627687 -0.4483067 -0.3600275 -0.36 -0.36 -0.36 -0.36 -0.36 -0.36 -0.35988324 -0.355 -0.355 -0.355 -0.355 -0.355 0.10499801 0.105 0.105 0.105 0.105 0.105 0.105 0.105 0.25499996 0.255 0.255 0.255 0.255 0.255 0.25499988 -0.355 -0.355 -0.355 -0.355 -0.64 -0.64 -0.64 -0.64 -0.50499925 -0.505 -0.505 -0.505 -0.50499867 -0.395 -0.395 0.015 0.015 -0.16569033 
-0.025 -0.025 -0.025 -0.025000033 -0.025012147 -0.036764189 -0.36611134 -0.36000131 -0.36 -0.36 -0.36 -0.36 -0.36 -0.36 -0.35983027 -0.355 -0.355 -0.355 -0.355 -0.35223146 0.105 0.105 0.105 0.105 0.105 0.105 0.105 0.105 0.25499997 0.255 0.255 0.255 0.255 0.255 -0.35499944 -0.355 -0.355 -0.355 -0.355 -0.64 -0.64 -0.64 -0.64 -0.60356408 -0.505 -0.505 -0.505 -0.39500123 -0.395 -0.395 -0.245 -0.245 -0.245 
-0.025 -0.025000001 -0.02500002 -0.025000986 -0.025118824 -0.06455452 -0.36028322 -0.36000033 -0.36 -0.36 -0.36 -0.36 -0.36 -0.36 -0.35975851 -0.35500012 -0.355 -0.355 -0.35499947 0.095679671 0.105 0.105 0.105 0.105 0.105 0.105 0.105 0.105 0.25499986 0.255 0.255 0.255 0.255 -0.092720003 -0.35499996 -0.355 -0.355 -0.355 -0.355 -0.64 -0.64 -0.64 -0.64 -0.64 -0.505 -0.505 -0.505 -0.395 -0.395 -0.395 -0.245 -0.245 -0.245 
-0.025000005 -0.025000029 -0.025000412 -0.025011634 -0.025686555 -0.22440547 -0.36003862 -0.3600002 -0.36 -0.36 -0.36 -0.36 -0.36 -0.35999999 -0.3596732 -0.35500183 -0.355 -0.35499998 -0.35261836 0.10496089 0.105 0.105 0.105 0.105 0.105 0.105 0.105 0.10500009 0.25499906 0.255 0.25499966 -0.17824172 -0.22 -0.22 -0.22 -0.355 -0.355 -0.355 -0.355 -0.64 -0.64 -0.64 -0.64 -0.64 -0.50500239 -0.505 -0.50499995 -0.39500001 -0.395 -0.39499992 -0.245 -0.245 -0.245 
