interpolatedSpi/01-03|22_3.tif
NCOLS 53
NROWS 52
XLLCORNER -116.03883
YLLCORNER 28.596182
DX 0.49850594
DY 0.49788537
NODATA_VALUE -9999
[rows 0 to 28 of 52, columns 0 to 52 of 53]
0.81666667 0.81666667 0.93952422 0.59333333 1.52 1.03 0.86666667 0.94 0.9158952 0.35 0.88333333 0.76333333 1.0034055 1.88 1.94 1.94 1.94 1.3166667 1.4766667 1.4766667 1.4766667 1.4766555 0.31666667 0.83333333 0.83333333 0.83333333 0.95000351 0.95 0.95 0.45333333 0.45333333 0.45333333 0.45333333 -1.5133329 -1.5133333 -1.5133333 -1.5133333 -1.5133333 -1.5133333 -1.5133333 -0.20739839 -0.19379819 -2.02 -2.02 -2.02 -2.02 -2.0208276 -2.5266667 -2.5266667 -2.5266667 -0.27667134 -0.27666667 -0.27666667
0.81664193 0.26 0.33999995 0.41484549 0.75350047 1.22 1.45 0.85009569 0.75666667 0.61333333 0.75333333 1.0033333 1.0033333 1.0859898 1.8799909 1.94 1.3166667 1.3166667 1.476458 1.4766667 1.4766667 1.4766667 0.83456153 0.83333333 0.83333333 0.83333333 1.5566666 1.5566667 0.45333333 0.45333333 0.45333333 0.45333333 0.45333333 -1.513333 -1.5133333 -1.5133333 -1.5133333 -1.5133333 -1.5133332 -1.1134493 0.87988433 -1.6681082 -2.02 -2.02 -2.02 -2.02 -2.02 -2.5266667 -2.5266667 -2.5266667 -2.3400945 -0.27666667 -0.27666667
0.45000717 0.45 0.29333333 0.78333333 0.04 -0.12 0.02 0.16 -0.063333333 0.54 1.22 -0.073333333 0.64666667 1.3533333 1.0833333 0.15333333 1.3166667 1.3166667 1.3166667 1.5666405 1.5666667 1.5666667 0.85666667 0.83333333 0.83333333 0.83333333 1.5566667 1.5566667 1.5566667 0.45333333 0.45333333 0.45333336 0.76624338 -1.5067657 -1.4931663 0.63347915 0.65333333 0.65333333 0.68184203 0.88 0.88 0.87629163 -2.02 -2.02 -2.02 -2.02 -2.02 -2.5266667 -2.5266667 -2.5266667 -2.5266667 -0.27666667 -0.27666667
-0.24333333 0.44999975 -0.81004136 1.0366667 -0.93666667 -0.12 -0.65333333 -0.82333333 0.50666667 0.36772713 0.22333333 -0.38333333 -0.023333333 1.3533333 0.23 0.15333333 0.034251447 0.034232511 -0.43666667 1.5666667 1.5666667 -0.12 0.85666667 0.85666667 0.83333333 0.83333695 1.5566667 1.5566667 1.5566667 0.043333333 0.62493172 1.1033333 1.1033333 1.103333 0.65333333 0.65333333 0.65333333 0.65333333 0.88 0.88 0.88 0.87999989 -2.02 -2.02 -2.02 -2.02 -2.02 -2.5266603 -2.5266667 -2.5266667 -2.5266667 -0.27667995 -0.27666667
-0.24333333 -0.34000086 -0.81 -1.0854595 -0.93666667 -1.01 -0.79331745 -0.97 -0.65333333 0.29999975 0.2708947 0.26002913 0.46333333 0.23 0.23 0.17681711 0.033333333 0.033333333 -0.43666667 -0.43666667 1.5666633 -0.12 0.52333333 1.0366667 0.71 0.70999788 1.5566667 1.5566667 0.043333336 0.043333333 1.1033333 1.1033333 1.1033333 0.96693193 0.65333333 0.65333333 0.65333333 0.88 0.88 0.88 0.88 0.88004151 -2.02 -2.02 -2.02 -2.02 -2.02 -2.02451 -2.5266667 -2.526584 -0.68333333 -0.68333333 -0.68333333
-1.07 -0.58666667 0.21000001 -0.24666667 -1.3966667 -0.86 -0.3 -0.38577919 -0.38 -0.65 -0.49666667 0.23666667 0.23666682 -0.28666667 -0.28666667 -0.17655158 -0.17666667 -0.0033333333 -0.0033333347 -0.43666554 0.086666667 0.086666667 1.0366667 0.71 0.71 0.7 0.26333333 0.26333333 0.69660626 0.043333334 1.1033333 1.1033333 0.38 0.37995333 -0.066634522 0.45333333 0.45333333 0.74800093 0.88 0.88 1.3094637 1.31 1.3100019 -0.7986149 -0.77680408 -0.776667 -0.77666671 -0.77666713 -0.5263604 -0.68333333 -0.68333333 -0.68333333 -0.68333333
-0.410018 0.25333333 -0.45881512 -0.46333333 -0.65666667 -1.5366667 -1.21 -1.2733333 -1.02 -1.02 -0.49666667 -0.18666667 -0.19333338 -0.28666667 0.29999824 0.3 -0.17666667 0.36333333 0.84333333 0.84333333 0.020689582 -0.053333333 -0.053333333 0.68 0.7 0.7 0.26333333 0.26333333 0.69661966 0.69580118 0.9467316 0.38 0.38 -0.066666667 -0.066666667 0.55136854 0.45333333 0.45333333 1.0633122 1.3099997 1.31 1.31 1.3100089 -0.77666046 -0.77666667 -0.77666667 -0.77666667 -0.77666646 -0.43 -0.68328313 -0.68333333 -0.68333333 -0.68333333
-0.41 -1.0033333 -0.32666667 -1.22 -0.93334977 -1.2733333 -1.4533333 -1.2066667 -1.1666667 -1.3666667 -1.3666667 -0.38666667 -0.19333333 -0.19333333 0.29661528 -0.2525259 -0.30666667 0.53 -0.47666531 0.84333333 0.60504229 0.75333333 -0.68333333 0.69333333 0.6933228 -0.12333333 0.11333334 0.11333339 -0.10717333 -0.10999998 0.95 -0.097927266 -0.066666667 -0.066666667 -0.042994072 0.63333333 0.63333333 1.0633333 1.0633333 1.31 1.31 1.31 0.34491581 0.33666661 -0.77666667 -0.77666667 -0.77666667 -0.4300132 -0.43 -0.43 -0.68333333 -0.68333333 -0.68333333
-0.99878187 -1.0033333 -0.36 -0.0066666667 -0.67 -1.2666667 -1.0366667 -1.29 -1.3366667 -0.52062218 -0.67 -0.55333334 -0.55333333 -0.05 -0.050005046 -0.73546822 -0.73666667 -0.73666667 0.37633079 -1.0133333 -0.99333333 -0.99333331 1.6766667 0.24670387 -0.041034896 -0.12333333 0.60333333 0.11333333 1.1141503 1.12 -0.10666667 1.5033333 0.99128091 0.35 0.76333333 0.55 1.09 -0.38333333 0.75614026 1.3137496 2.15 1.5366667 0.33673832 0.33666667 0.33040022 -0.77666667 -0.98999999 -0.43 -0.43 -0.43 -0.43 -0.4903468 0.19333333
-0.97333333 -0.97333333 0.026666667 0.35333333 -0.69333333 -1.45 -0.54333333 -1.2066667 -0.9 -0.3134346 -0.70333333 1.0366667 -0.05 -0.05 -0.58666667 -0.58872398 -0.73666667 -0.73664786 -0.71666667 -1.0133333 -1.0133333 -1.0107567 1.6766667 0.65668598 0.65666667 0.65666667 0.60333333 0.42333333 0.42333333 1.12 1.12 1.5014051 0.48666667 0.35 0.29 0.55 1.09 0.47 0.75666667 1.3797356 1.5366667 1.2574887 0.77666667 0.33666667 0.33666667 -0.99 -0.99 -0.99 -0.43 -0.43 0.86666667 0.86666667 0.86666641
-0.97333333 -0.97333333 -0.81 -1.5033333 -1.2666667 -0.17 -1.36 -0.37113905 -0.53 -0.69 -1.2733333 -0.92 1.0340602 -0.58666667 -0.58666667 -0.58660937 -0.09 -0.12289041 -0.71666667 -0.66333333 -0.66333333 -1.0333333 -1.0333333 0.65666667 0.65666667 0.65666667 0.42333333 0.42333333 0.42333333 0.47333333 0.47333333 0.47333336 0.29666667 0.29666667 -0.10666667 -0.44333333 1.25 0.56666599 0.80666667 1.39 1.39 0.62666716 0.77666667 0.33666667 0.37333293 -0.15666667 0.85535146 0.86333333 1.3866667 1.3866667 0.86666667 0.86666667 0.86666667
-0.97333333 -0.90301102 -1.1058701 -1.0933297 -0.90333333 -0.95333333 -1.36 -0.37 -0.52999866 -0.68822739 -0.9199997 -0.92 -0.21666667 -0.58666667 -0.58666667 -0.090000016 -0.09 -0.090035666 -0.71666667 -0.66333333 -0.73599381 -1.0333333 -1.0333333 0.65659863 0.65666667 0.26658612 -0.53 -0.53 -0.52999988 0.47333333 0.47333333 -0.07 -0.07 0.29666556 -0.10666667 0.5433333 1.127596 0.56666667 0.56666667 1.39 0.62666667 0.62666667 0.62666486 0.37333333 0.37333333 -0.15666667 0.86333333 0.86333333 1.3866667 1.3866667 0.86666667 0.86666667 0.86666667
-0.24666667 -0.038752205 0.036610243 0.028479263 -0.90333373 -0.95333215 -1.36 -0.38218633 -0.51897436 -0.53417803 -0.21666667 -0.21666667 -0.21666667 -0.21666667 -0.58661425 -0.09 -0.09 -0.098091265 -0.71666667 -0.6634388 -1.0266667 -1.0266667 -1.0266667 -1.0266667 0.62719257 -0.53 -0.53 -0.53 -0.53 -0.52940644 -0.07 -0.07 -0.07 -0.07 0.54333333 0.54333333 0.54333333 0.56544828 0.56776821 0.71333333 0.71333333 0.62667133 0.79998539 0.37337443 0.37333333 -0.15666667 0.86333333 0.86333333 1.3866667 1.3866667 0.86855317 0.86666667 1.6437585
-0.24666667 0.036666667 0.036666667 0.036666667 0.036666667 0.03666625 -1.3589589 -0.89158958 -0.48955903 -0.21700812 -0.21666667 -0.21666667 -0.21666667 -0.21666667 -0.2166668 -0.090000008 -0.090000099 -0.13298506 -0.71665894 -1.0266667 -1.0266667 -1.0266667 -1.0266667 -1.0266667 -1.0251515 -0.55311643 -0.50000001 -0.5 -0.5 -0.5 -0.070000004 -0.07 -0.069999739 0.14666667 0.14666667 0.54333333 0.51416758 0.51333333 0.71333322 0.71333333 0.71333333 0.71333333 0.8 0.8 0.8 0.79334247 1.3797382 1.3833333 1.3833333 1.3833333 1.3833333 0.78333335 0.78333333
-0.08 0.036666667 0.036666667 0.036666667 0.036666667 0.036666667 0.036666579 -0.99161682 -0.38723334 -0.38666667 -0.38666667 -0.38666667 -0.38666667 -0.38666667 -0.38666667 -0.65769202 -0.099154252 -0.17581178 -1.0266275 -1.0266667 -1.0266667 -1.0266667 -1.0266667 -1.0266666 -0.95666667 -0.95666667 -0.95666602 -0.5 -0.5 -0.49971298 -0.35666667 -0.35666667 0.14666667 0.14666667 0.14666667 0.45459738 0.51333333 0.51333333 0.51333333 0.71333333 0.71333333 0.71333333 0.8 0.8 0.8 0.8 1.3833333 1.3833333 1.3833333 1.3833333 1.3833333 0.78333333 0.78333333
-0.08 -0.036566325 0.036666667 0.036666667 0.036666667 0.036666667 -0.65319791 -0.65333333 -0.65333333 -0.38666667 -0.38666667 -0.38666667 -0.38666667 -0.38666667 -0.44770127 -0.66333333 -0.66333333 -0.66333333 -0.94358663 -0.94333342 -0.94333333 -0.94333333 -0.94333333 -0.94333333 -0.95666667 -0.95666667 -0.95666667 -0.95666667 -0.5 -0.35666667 -0.35666667 -0.35666667 0.14666662 0.14666667 0.14666667 0.64 0.51350104 0.51333333 0.51333333 0.71325587 0.5587618 0.19821087 0.8 0.8 0.39126528 0.39 0.39 1.3811178 0.041372657 0.036666784 0.036666922 0.34006703 0.78333243
-0.079999999 -0.54386441 -0.26358731 0.036666667 0.036666667 -0.65292565 -0.65333333 -0.65333333 -0.65333333 -0.65141166 -0.38666667 -0.38666667 -0.38666667 -0.3866667 -0.66333333 -0.66333333 -0.66333333 -0.66333333 -0.94308322 -0.94333333 -0.94333333 -0.94333333 -0.94333333 -0.94333333 -0.95666667 -0.95666667 -0.95666667 -0.95666667 -0.95448426 -0.35666667 -0.35666667 -0.35666667 -0.98666665 0.14668949 0.64 0.64 0.64 0.63475078 0.21671242 0.19666667 0.19666667 0.19666667 0.15 0.15 0.39 0.39 0.39 0.036666671 0.036666667 0.036666667 0.036666667 0.34 0.34
-0.55612983 -0.55666667 -0.55666667 -0.55666667 -0.54666667 -0.65333058 -0.65333333 -0.65333333 -0.65333333 -0.65333333 -0.40912686 -0.38667053 -0.38666668 -0.66333333 -0.66333333 -0.66333333 -0.66333333 -0.66333333 -0.71306035 -0.94333333 -0.94333333 -0.94333333 -0.94333333 -0.94333333 -1.1500271 -1.4733305 -1.4733333 -1.4733333 -1.4733333 -0.3566667 -0.98666666 -0.98666667 -0.98666667 -0.98666667 0.64 0.63998745 0.16333333 0.16333333 0.19625045 0.19666667 0.19666667 0.19666667 0.15 0.15 0.35283974 0.39 0.39 0.036666667 0.036666667 0.036666667 0.039919189 0.34 0.34
-0.55666667 -0.55666667 -0.55666667 -0.55195752 -0.54666667 -0.54666667 -0.65333333 -0.65333333 -0.65333333 -0.65333333 -0.68333333 -0.68333333 -0.68333333 -0.66333333 -0.66333333 -0.66333333 -0.66333333 -0.6633124 -1.1033333 -1.1033333 -0.9433334 -0.94333333 -0.95234128 -1.3133333 -1.3147737 -1.4733333 -1.4733333 -1.4733333 -1.4733333 -0.98671622 -0.98666667 -0.98666667 -0.98666667 -0.98666667 0.16333501 0.16333333 0.16333333 0.16333333 0.16340285 0.19666667 0.19666667 0.19666667 0.15 0.15 0.15 0.39 0.39 0.036666668 0.036666667 0.036666666 0.34 0.34 0.34
-0.55666667 -0.55666667 -0.55666667 -0.54666667 -0.54666667 -0.54666667 -0.54666683 -0.65333333 -0.65333333 -0.68330236 -0.68333333 -0.68333333 -0.68333333 -0.68332087 -0.56080649 -0.53666667 -0.53666667 -0.53666667 -1.1033333 -1.1033333 -1.1033333 -1.3133333 -1.3133333 -1.3133333 -1.3132465 -1.2268069 -1.4733333 -1.4733333 -1.4733333 -1.5724907 -1.6932638 -1.6933333 -1.6933333 -1.6933333 -0.18375235 -0.66666478 -0.66666667 -0.66666667 -0.66666667 -0.17994846 -0.18 -0.18 0.15 0.15 -0.07666572 -0.076666719 -0.22333333 -0.22333333 -0.096666667 -0.096666667 -0.096666667 0.34 -0.41265976
-0.55666817 -0.55666667 -0.55666667 -0.54666667 -0.54666667 -0.54666667 -0.54666667 -1.0699999 -0.65499933 -0.6834633 -0.68333333 -0.68333333 -0.68333333 -0.68304553 -0.53666667 -0.53666667 -0.53666667 -0.53666683 -1.1033333 -1.1033333 -1.1033333 -1.3133333 -1.3133333 -1.3133333 -1.0033333 -1.0033333 -0.93666667 -0.93666667 -0.93666667 -0.94079452 -1.6933333 -1.6933333 -1.6933333 -1.6933333 -1.1802819 -0.66666667 -0.66666667 -0.66666667 -0.66666667 -0.18 -0.18 -0.18 -0.17674874 -0.076666667 -0.076666667 -0.076666667 -0.22333333 -0.22333333 -0.096666667 -0.096666667 -0.096666667 -0.41333332 -0.41333333
-1.04 -0.81434813 -0.92666667 -0.92655642 -0.54666667 -1.066972 -1.07 -1.07 -1.0007681 -0.82666667 -0.82666667 -0.82666667 -0.82666667 -0.35001552 -0.35 -0.53666652 -0.53666667 -0.5515975 -1.1033333 -1.1033333 -1.1033333 -0.84 -0.84 -0.84 -1.0033333 -1.0033333 -0.93666667 -0.93666667 -0.93666667 -0.93666697 -1.3533355 -1.3533343 -1.6847879 -1.6929688 -1.0873542 -1.0866667 -1.0866667 -1.0866667 -1.0866667 -0.18 -0.18 -0.18 -0.082356873 -0.076666667 -0.076666667 -0.076666738 -0.22333333 -0.22333333 -0.22332877 -0.096666667 -0.096690366 -0.62666667 -0.41333333
-0.66673756 -0.66666671 -0.92666667 -0.92666667 -0.92666667 -1.07 -1.07 -1.07 -0.88 -0.88 -0.82666667 -0.82666667 -0.82666667 -0.35 -0.35 -0.35 -0.35 -0.35008431 -1.1033333 -1.1033333 -1.1033333 -0.84 -0.84 -0.84 -1.0033333 -1.0033333 -0.93666667 -0.93666667 -0.93666667 -1.3486354 -1.3533333 -1.3533333 -1.3533333 -1.3533333 -1.0867983 -1.0866667 -1.0866667 -1.0866667 -1.0866667 -0.7033332 -0.70333333 -0.70333333 -0.70333333 -0.076669761 -0.48 -0.48 -0.48 -0.44 -0.44 -0.44 -0.62666667 -0.62666667 -0.62666667
-0.66666667 -0.66666667 -0.92666667 -0.92666667 -0.92666667 -1.0692466 -1.07 -0.88 -0.88 -0.88 -0.82667323 -0.82666667 -0.74223045 -0.35000009 -0.35 -0.35 -0.35 -0.50333333 -0.50333333 -0.50333333 0.10666665 0.10666596 -0.83999539 -0.84 -0.84001622 -0.79 -0.79 -0.79000035 -0.93664296 -1.4833074 -1.4833326 -1.4833106 -1.3535555 -1.3534455 -1.1342468 -1.0866669 -1.0884316 -1.6133333 -1.6133333 -0.70333333 -0.70333333 -0.70333333 -0.70333333 -0.48 -0.48 -0.48 -0.48 -0.44 -0.44 -0.44 -0.62666667 -0.62666667 -0.62666667
-0.66666667 -0.66666667 -0.92666667 -0.92666667 -0.92666667 -0.92666667 -0.99888855 -0.88 -0.88 -0.88 -0.87991346 -0.72333333 -0.72333333 -0.72333333 -0.35220014 -0.35 -0.50231156 -0.50333333 -0.50333333 -0.50333333 0.10666667 0.10666667 0.10666667 0.10666667 -0.79 -0.79 -0.79 -0.79 -0.79 -1.4833333 -1.4833333 -1.4833333 -1.4833333 -1.4833339 -1.77 -1.6133333 -1.6133333 -1.6133333 -1.6133333 -1.613331 -1.02 -1.02 -1.02 -0.82909071 -0.43333333 -0.43333333 -0.43333333 -0.44 -0.44000048 -0.93333333 -0.93333333 -0.76996513 -0.77
-0.66666667 -0.66666667 -0.83282492 -0.92666667 -0.92666667 -0.92666668 -1.3724579 -0.88155471 -0.88 -0.88 -0.72333334 -0.72333333 -0.72333333 -0.72333333 -0.72333333 -0.69269968 -0.50333333 -0.50333333 -0.50333333 -0.50333333 0.10666195 0.10666667 0.10666667 0.10666667 -0.79 -0.79 -0.79 -0.79 -0.79 -1.1508029 -1.4833333 -1.4833333 -1.4833333 -1.77 -1.77 -1.7698783 -1.6133333 -1.6133333 -1.5214128 -1.45 -1.02 -1.02 -1.02 -0.8311302 -0.43333333 -0.43333333 -0.43333333 -0.75666667 -0.93113208 -0.93333333 -0.93333333 -0.77 -0.77
-0.92 -0.92 -0.92 -0.92499515 -0.92642098 -1.3733333 -1.3733333 -1.3733333 -1.3733333 -0.77666667 -0.77666667 -0.72333334 -0.72333333 -0.72333333 -0.72333333 -0.72331938 -0.50333333 -0.50333333 -0.50333333 -0.50333333 -0.15951755 0.10666667 0.10666667 0.11800718 0.48077661 -0.79 -0.79 -0.79 -1.0333333 -1.0333333 -1.0333333 -1.0333352 -1.77 -1.77 -1.77 -1.77 -1.45 -1.45 -1.45 -1.45 -0.67333333 -0.67333333 -0.67333333 -0.32334037 -0.32333333 -0.32333333 -0.32333337 -0.75666667 -0.75666667 -0.93311807 -0.93333333 -0.76999948 -0.77
-0.92 -0.92 -0.92 -0.91999085 -0.75 -0.84064291 -1.3733333 -1.3733333 -1.3733333 -0.77666667 -0.77666667 -0.77666667 -0.47333334 -0.47333333 -0.47333333 -0.47333333 -0.5028937 -0.50333333 -0.50333333 -0.50333333 -0.49405991 0.53999881 0.54 0.54 0.54 0.53999996 -0.53666667 -0.53666667 -1.0333333 -1.0333333 -1.0333333 -1.0333333 -1.7699997 -1.77 -1.77 -1.7699652 -1.45 -1.45 -1.45 -1.4493127 -0.67333333 -0.67333333 -0.67333333 -0.32334956 -0.32333333 -0.32333333 -0.32333333 -0.75666667 -0.75666667 -0.75666665 -0.66666667 -0.66666667 -0.37333333
-0.92 -0.92 -0.92 -0.75000039 -0.75 -0.75 -1.3733331 -1.3733333 -1.3733333 -0.77666667 -0.77666667 -0.77666667 -0.47333333 -0.47333333 -0.47333333 -0.45733983 -0.26333333 -0.26333333 -0.26333395 -0.50197774 0.54 0.54 0.54 0.54 0.54 0.53918975 -0.53666667 -0.53666667 -0.53666667 -1.0333333 -1.0333333 -1.0333591 -1.3433333 -1.3433333 -1.3433333 -1.19 -1.19 -1.2933333 -1.2933333 -1.2933333 -0.98666667 -0.67343162 -0.67333356 -0.70333333 -0.70333333 -0.68893177 -0.32333507 -0.75666667 -0.75666667 -0.66666667 -0.66666667 -0.66666667 -0.37333333
