interpolatedSpi/01-09|20_2.tif
NCOLS 53
NROWS 52
XLLCORNER -116.03883
YLLCORNER 28.596182
DX 0.49850594
DY 0.49788537
NODATA_VALUE -9999
[rows 0 to 26 of 52, columns 0 to 52 of 53]
0.20888889 0.20888889 -0.069402655 -0.30555556 0.12111111 0.13666667 0.39888889 0.39777778 -0.027291185 -0.24 -0.22555556 0.13888889 -0.035509168 0.52777778 0.06 0.06 0.06 0.27666667 0.25111111 0.25111111 0.25111111 0.25110921 0.053333332 -0.044444444 -0.044444444 -0.044444444 0.42222418 0.42222222 0.42222222 0.10111111 0.10111111 0.10111111 0.10111111 0.2433333 0.24333333 0.24333333 0.24333333 0.24333333 0.24333333 0.24333335 0.70942358 0.71423051 -0.12555556 -0.12555556 -0.12555556 -0.12555556 -0.12479696 0.33888889 0.33888889 0.33888889 0.94110986 0.94111111 0.94111111
0.20887595 -0.082222222 0.018889381 0.14042371 0.43087969 0.49111111 0.46555556 0.31569165 -0.017777778 0.15555556 0.10333333 -0.035555555 -0.035555556 0.46133341 0.52777284 0.06 0.27666667 0.27666667 0.25114443 0.25111111 0.25111111 0.25111111 -0.070821476 -0.044444444 -0.044444444 -0.044444444 0.031111106 0.031111111 0.10111111 0.10111111 0.10111111 0.10111111 0.10111111 0.24333331 0.24333333 0.24333333 0.24333333 0.24333333 0.24333333 0.1895873 -0.10107983 -0.12258921 -0.12555556 -0.12555556 -0.12555556 -0.12555556 -0.12555556 0.33888889 0.33888889 0.33888889 0.38882573 0.94111111 0.94111111
0.82330135 0.82333333 0.44555556 0.94444444 0.47111111 0.29222222 0.48888889 0.07 0.26222222 0.19666667 0.56111111 -0.20111111 -0.51 0.021111111 0.46111111 0.26555556 0.27666667 0.27666667 0.27666667 0.024510337 0.024444444 0.024444444 -0.54555556 -0.044444444 -0.044444444 -0.044444444 0.031111111 0.031111111 0.031111111 0.10111111 0.10111111 0.10111108 -0.20324071 0.24252038 0.24261973 0.1673692 0.16666667 0.16666667 0.13298728 -0.10111111 -0.10111111 -0.10114237 -0.12555556 -0.12555556 -0.12555556 -0.12555556 -0.12555556 0.33888889 0.33888889 0.33888889 0.33888889 0.94111111 0.94111111
0.17333333 0.82333319 0.092191585 0.45333333 -0.018888889 0.41444444 0.61666667 -0.21555556 0.21444444 0.22287014 0.22111111 0.20222222 0.077777778 0.021111111 0.091111111 0.26555556 -0.4643723 -0.46947684 -0.50888889 0.024444444 0.024444444 -1.1022222 -0.54555556 -0.54555556 -0.044444444 -0.044444067 0.031111111 0.031111111 0.031111111 -0.71444444 -0.61385353 -0.53111111 -0.53111111 -0.53111056 0.16666667 0.16666667 0.16666667 0.16666667 -0.10111111 -0.10111111 -0.10111111 -0.10111111 -0.12555556 -0.12555556 -0.12555556 -0.12555556 -0.12555556 0.33888303 0.33888889 0.33888889 0.33888889 0.94104462 0.94111111
0.17333333 -0.19777725 0.092222222 0.067267016 -0.018888889 0.17888889 0.12001498 -0.20222222 -0.26111111 0.017777718 0.064330609 0.087798149 0.23 0.091111111 0.091111111 0.19627502 -0.47 -0.47 -0.50888889 -0.50888889 0.024442175 -1.1022222 -1.51 -0.6 -0.53 -0.53006274 0.031111111 0.031111111 -0.71444444 -0.71444444 -0.53111111 -0.53111111 -0.53111111 -0.51309187 0.16666667 0.16666667 0.16666667 -0.10111111 -0.10111111 -0.10111111 -0.10111111 -0.10107861 -0.12555555 -0.12555556 -0.12555556 -0.12555556 -0.12555556 -0.12142142 0.33888889 0.33882462 -1.0944444 -1.0944444 -1.0944444
-0.86222222 -0.064444444 0.38444444 0.041111111 0.24666667 0.38333333 0.08 0.043867473 0.15333333 -0.20222222 0.14 -0.36111111 -0.36111072 -0.14777778 -0.14777778 -0.36001824 -0.36 -0.62333333 -0.62333333 -0.50888921 -1.2977778 -1.2977778 -0.6 -0.53 -0.53 -0.79888889 -1.0788889 -1.0788889 -0.14782987 -0.71444444 -0.53111111 -0.53111111 -0.43555556 -0.43554604 -0.34445104 -0.55888889 -0.55888889 -0.24273512 -0.10111111 -0.10111111 0.23513566 0.23555556 0.23555644 -1.0129426 -1.0287891 -1.0288886 -1.0288889 -1.0288886 -1.4852108 -1.0944444 -1.0944444 -1.0944444 -1.0944444
-0.74222413 -0.12333333 -0.72480041 0.05 0.45888889 -0.10333333 -0.0022222208 0.05 -0.30333333 -0.30333333 0.14 -0.18444444 -0.47222228 -0.14777778 -0.43555469 -0.43555556 -0.36 -0.70222222 -0.87333333 -0.87333333 -1.2983014 -1.2988889 -1.2988889 -1.0944444 -0.79888889 -0.79888889 -1.0788889 -1.0788889 -0.1478053 -0.14828443 0.11328712 -0.43555556 -0.43555556 -0.34444444 -0.34444444 -0.71380872 -0.55888889 -0.55888889 -1.2077553 0.23555355 0.23555556 0.23555556 0.2355588 -1.0288863 -1.0288889 -1.0288889 -1.0288889 -1.0288892 -1.6155556 -1.0945477 -1.0944444 -1.0944444 -1.0944444
-0.74222222 -1.0911111 -0.56333333 -0.94555556 -1.1566546 -0.48555556 -0.22111111 -0.64222221 -0.40222222 -0.50777778 -0.50777778 -0.73666667 -0.47222222 -0.47222222 -0.43580712 -0.56306153 -0.57555556 -0.48888889 -0.75333346 -0.87333333 -1.0589796 -1.0088889 -1.4155556 -0.81 -0.8100038 -1.1044444 -1.1766667 -1.1766666 -0.61834527 -0.61999998 0.11555556 -0.22959244 -0.28777778 -0.34444444 -0.3546487 -0.84333333 -0.84333333 -1.2077778 -1.2077778 0.23555556 0.23555556 0.23555556 -0.55530673 -0.5577778 -1.0288889 -1.0288889 -1.0288889 -1.6155332 -1.6155556 -1.6155556 -1.0944444 -1.0944444 -1.0944444
-1.074591 -1.0911111 -1.2033333 -0.72888889 -0.52777778 -0.67888889 -0.41111111 0.11666667 0.053333333 0.12864689 -0.13222222 -0.41 -0.41 -0.66 -0.6599971 -0.86585532 -0.86666667 -0.86666667 -0.52925675 -1.4833334 -1.5988889 -1.5988889 -1.1833333 -1.3240406 -1.0747722 -1.1044444 -1.0422222 -1.1766667 -0.79003761 -0.78777778 -0.21333333 0.29 0.020823682 -0.77222222 -0.70222222 -0.71444444 -0.65111111 -0.44 -0.65656662 0.23731627 0.63 -0.26888889 -0.55776185 -0.55777778 -0.56042945 -1.0288889 -1.1511111 -1.6155556 -1.6155556 -1.6155556 -1.6155556 -1.0746616 -0.89444444
-0.98222222 -0.98222222 -1.0533333 -0.74555556 -0.42222222 -0.43777778 -0.34888889 -0.30111111 0.21333333 0.14774869 -0.14888889 -0.23777778 -0.66 -0.66 -0.35111111 -0.35818219 -0.86666667 -0.86666745 -0.89555556 -1.4833333 -1.4833333 -1.4982207 -1.1833333 -1.3577745 -1.3577778 -1.3577778 -1.0422222 -0.60555556 -0.60555556 -0.78777778 -0.78777778 0.28898636 -0.24444444 -0.77222222 -0.67333333 -0.71444444 -0.65111111 -1.2277778 -0.65666667 0.3500815 -0.26888885 -0.33909153 -0.46 -0.55777778 -0.55777778 -1.1511111 -1.1511111 -1.1511111 -1.6155556 -1.6155556 -0.93555556 -0.93555556 -0.93555554
-0.98222222 -0.98222222 -1.4033333 -1.1544444 -0.99444444 -0.63888889 -0.8411111 -0.13240341 -0.40555556 -0.37444444 -0.23555556 -0.33666667 -0.23791005 -0.35111111 -0.35111111 -0.35114457 -0.64111111 -0.65446555 -0.89555556 -0.54444444 -0.54444444 -0.79666667 -0.79666667 -1.3577778 -1.3577778 -1.3577778 -0.60555556 -0.60555556 -0.60555556 -1.0488889 -1.0488889 -1.0488876 -0.68444444 -0.68444444 -0.72888889 -1.1366667 -0.66222222 -0.79888754 -1.08 0.36666667 0.36666667 -0.34555593 -0.46 -0.55777778 -0.52777796 -0.76111111 -0.53820661 -0.53555556 -0.69222222 -0.69222222 -0.93555556 -0.93555556 -0.93555556
-0.98222222 -1.1640027 -1.2971236 -1.3088808 -1.2122222 -1.3088889 -0.84111111 -0.13222222 -0.40555327 -0.37478912 -0.33666672 -0.33666667 -0.35666667 -0.35111111 -0.35111111 -0.6411111 -0.64111111 -0.64112559 -0.89555556 -0.54444444 -0.59397576 -0.79666667 -0.79666667 -1.3577548 -1.3577778 -1.2273857 -0.96111111 -0.96111111 -0.96111107 -1.0488889 -1.0488889 -0.95888889 -0.95888889 -0.68444457 -0.72888889 -0.34777804 -0.65865856 -0.79888889 -0.79888889 0.36666664 -0.34555556 -0.34555556 -0.34555689 -0.52777778 -0.52777778 -0.76111111 -0.53555556 -0.53555556 -0.69222222 -0.69222222 -0.93555556 -0.93555556 -0.93555556
-0.11444444 -0.22489137 -0.12781636 -0.13633581 -1.2122226 -1.3088866 -0.84111112 -0.14094824 -0.38672009 -0.40474316 -0.35666667 -0.35666667 -0.35666667 -0.35666667 -0.3511119 -0.64111111 -0.64111111 -0.64439639 -0.89555556 -0.5444036 -0.39555556 -0.39555556 -0.39555556 -0.39555556 -1.3411682 -0.96111111 -0.96111111 -0.96111111 -0.96111111 -0.96107719 -0.95888889 -0.95888889 -0.95888889 -0.95888889 -0.34777778 -0.34777778 -0.34777778 -0.7769524 -0.79291384 -0.0033333333 -0.0033333333 -0.34553715 -0.22223268 -0.52774835 -0.52777778 -0.76111111 -0.53555556 -0.53555556 -0.69222222 -0.69222222 -0.93467277 -0.93555556 -0.84738698
-0.11444444 -0.12777778 -0.12777778 -0.12777778 -0.12777778 -0.12777827 -0.84230848 -0.50572674 -0.33646884 -0.35671855 -0.35666667 -0.35666667 -0.35666667 -0.35666667 -0.35666678 -0.64111111 -0.64111115 -0.65856426 -0.89555039 -0.39555556 -0.39555556 -0.39555556 -0.39555556 -0.39555556 -0.3993527 -0.74318834 -0.6533334 -0.65333333 -0.65333333 -0.65333333 -0.95888889 -0.95888889 -0.95888857 -0.69222222 -0.69222222 -0.34777778 -0.065842178 -0.057777778 -0.0033333648 -0.0033333333 -0.0033333333 -0.0033333333 -0.22222222 -0.22222222 -0.22222222 -0.2259724 -0.4263181 -0.42555556 -0.42555556 -0.42555556 -0.42555556 0.2544442 0.25444444
0.064444444 -0.12777778 -0.12777778 -0.12777778 -0.12777778 -0.12777778 -0.12777783 -0.58863171 -0.50555489 -0.50666667 -0.50666667 -0.50666667 -0.50666667 -0.50666667 -0.50666667 -0.45660726 -0.63818906 -0.67595299 -0.39561834 -0.39555556 -0.39555556 -0.39555556 -0.39555556 -0.39555572 -0.57111111 -0.57111111 -0.57111123 -0.65333333 -0.65333333 -0.65363592 -0.80444444 -0.80444444 -0.69222222 -0.69222222 -0.69222222 -0.15940884 -0.057777778 -0.057777778 -0.057777778 -0.0033333333 -0.0033333333 -0.0033333333 -0.22222222 -0.22222222 -0.22222222 -0.22222222 -0.42555555 -0.42555556 -0.42555556 -0.42555556 -0.42555556 0.25444444 0.25444444
0.064444444 -0.0071177049 -0.12777778 -0.12777778 -0.12777778 -0.12777778 -0.37328514 -0.37333333 -0.37333334 -0.50666667 -0.50666667 -0.50666667 -0.50666667 -0.50666667 -0.4953912 -0.45555556 -0.45555556 -0.45555556 -0.53402142 -0.5344443 -0.53444444 -0.53444444 -0.53444444 -0.53444444 -0.57111111 -0.57111111 -0.57111111 -0.57111111 -0.65333333 -0.80444444 -0.80444444 -0.80444444 -0.69222223 -0.69222222 -0.69222222 0.0044444444 -0.057695394 -0.057777778 -0.057777778 -0.0033829482 -0.10239208 -0.33345483 -0.22222222 -0.22222222 -0.22776063 -0.22777778 -0.22777778 -0.42466454 0.11477185 0.11666662 0.11666656 0.3766481 0.25444469
0.064444445 -0.077201709 -0.1041623 -0.12777778 -0.12777778 -0.37318825 -0.37333333 -0.37333333 -0.37333333 -0.37429417 -0.50666667 -0.50666667 -0.50666667 -0.50666666 -0.45555556 -0.45555556 -0.45555556 -0.45555556 -0.53437397 -0.53444444 -0.53444444 -0.53444444 -0.53444444 -0.53444444 -0.57111111 -0.57111111 -0.57111111 -0.57111111 -0.57195982 -0.80444444 -0.80444444 -0.80444444 -0.32111112 -0.6921424 0.0044444444 0.0044444444 0.0044444444 -0.0014228939 -0.31693604 -0.33444444 -0.33444444 -0.33444444 -0.22222222 -0.22222222 -0.22777778 -0.22777778 -0.22777778 0.11666666 0.11666667 0.11666667 0.11666667 0.37666667 0.37666667
-0.080876984 -0.081111111 -0.081111111 -0.081111112 -0.17222222 -0.37332815 -0.37333333 -0.37333333 -0.37333333 -0.37333333 -0.47680394 -0.50666153 -0.50666666 -0.45555556 -0.45555556 -0.45555556 -0.45555556 -0.45555556 -0.48713168 -0.53444444 -0.53444444 -0.53444444 -0.53444444 -0.53444444 -0.44439392 -0.27111274 -0.27111111 -0.27111111 -0.27111111 -0.80444442 -0.32111112 -0.32111111 -0.32111111 -0.32111111 0.0044444444 0.0044303994 -0.52888889 -0.52888889 -0.33687237 -0.33444444 -0.33444444 -0.33444444 -0.22222222 -0.22222222 -0.22691759 -0.22777778 -0.22777778 0.11666667 0.11666667 0.11666667 0.11945454 0.37666667 0.37666667
-0.081111111 -0.081111111 -0.081111111 -0.12401669 -0.17222222 -0.17222222 -0.37333333 -0.37333333 -0.37333333 -0.37333333 -0.11222222 -0.11222222 -0.11222222 -0.45555556 -0.45555556 -0.45555556 -0.45555556 -0.45556749 -0.85777778 -0.85777778 -0.53444458 -0.53444444 -0.53479611 -0.54888889 -0.54638818 -0.27111111 -0.27111111 -0.27111111 -0.27111111 -0.32110602 -0.32111111 -0.32111111 -0.32111111 -0.32111111 -0.52888701 -0.52888889 -0.52888889 -0.52888889 -0.52817786 -0.33444444 -0.33444444 -0.33444444 -0.22222222 -0.22222222 -0.22222222 -0.22777778 -0.22777778 0.11666666 0.11666667 0.11666667 0.37666667 0.37666667 0.37666667
-0.081111111 -0.081111111 -0.081111111 -0.17222222 -0.17222222 -0.17222222 -0.17222253 -0.37333333 -0.37333333 -0.11249176 -0.11222222 -0.11222222 -0.11222222 -0.11243614 -0.51401384 -0.52777778 -0.52777778 -0.52777778 -0.85777778 -0.85777778 -0.85777778 -0.54888889 -0.54888889 -0.54888889 -0.54881761 -0.28335001 -0.27111111 -0.27111111 -0.27111111 -0.11213945 -0.06558069 -0.065555556 -0.065555556 -0.065555556 -0.33219815 -0.056667739 -0.056666667 -0.056666667 -0.056666667 -0.095588242 -0.095555556 -0.095555556 -0.22222222 -0.22222222 0.33333101 0.33333325 0.094444444 0.094444444 0.18 0.18 0.18 0.37666667 0.49433914
-0.081110573 -0.081111111 -0.081111114 -0.17222222 -0.17222222 -0.17222222 -0.17222222 -0.27000003 -0.37292017 -0.11218494 -0.11222222 -0.11222222 -0.11222222 -0.11303766 -0.52777778 -0.52777778 -0.52777778 -0.52777787 -0.85777778 -0.85777778 -0.85777778 -0.54888889 -0.54888889 -0.54888889 -0.29444444 -0.29444444 -0.21333333 -0.21333333 -0.21333333 -0.21252716 -0.065555556 -0.065555556 -0.065555556 -0.065555556 -0.061113597 -0.056666667 -0.056666667 -0.056666667 -0.056666667 -0.095555556 -0.095555556 -0.095555556 -0.08206107 0.33333333 0.33333333 0.33333333 0.094444444 0.094444444 0.18 0.18 0.18 0.49444443 0.49444444
0.092222222 0.00095556315 -0.36888889 -0.36883183 -0.17222222 -0.26943426 -0.27 -0.27 -0.22951349 -0.071111113 -0.071111111 -0.071111111 -0.071111111 -0.63553718 -0.63555556 -0.52777786 -0.52777778 -0.53647279 -0.85777778 -0.85777778 -0.85777778 -0.77444444 -0.77444444 -0.77444444 -0.29444444 -0.29444444 -0.21333333 -0.21333333 -0.21333333 -0.21333319 -0.012222561 -0.012222372 -0.064215102 -0.065498379 -0.33635521 -0.33666667 -0.33666667 -0.33666667 -0.33666667 -0.095555556 -0.095555556 -0.095555556 0.30971715 0.33333333 0.33333333 0.33333326 0.094444444 0.094444444 0.094447524 0.18 0.18000204 0.22555556 0.49444444
-0.1621739 -0.16222226 -0.36888889 -0.36888889 -0.36888889 -0.27 -0.27 -0.27 -0.15888889 -0.15888889 -0.071111111 -0.071111111 -0.071111111 -0.63555556 -0.63555556 -0.63555556 -0.63555556 -0.63557981 -0.85777778 -0.85777778 -0.85777777 -0.77444444 -0.77444444 -0.77444444 -0.29444444 -0.29444444 -0.21333333 -0.21333333 -0.21333333 -0.014489765 -0.012222222 -0.012222222 -0.012222222 -0.012222222 -0.33650657 -0.33666667 -0.33666667 -0.33666667 -0.33666667 -0.4288888 -0.42888889 -0.42888889 -0.42888889 0.33333005 -0.094444444 -0.094444444 -0.094444444 0.092222222 0.092222222 0.092222222 0.22555556 0.22555556 0.22555556
-0.16222222 -0.16222222 -0.36888889 -0.36888889 -0.36888889 -0.27051978 -0.27 -0.15888889 -0.15888889 -0.15888889 -0.071121917 -0.071111111 -0.52416137 -0.63555555 -0.63555556 -0.63555556 -0.63555556 -0.75111111 -0.75111111 -0.75111111 -0.88444444 -0.88444436 -0.77444498 -0.77444444 -0.77433931 -0.82444444 -0.82444444 -0.82444299 -0.21343209 0.024437137 0.024444249 0.024438043 -0.012159555 -0.012190579 -0.2788583 -0.33666671 -0.33704647 -0.45 -0.45 -0.42888889 -0.42888889 -0.42888889 -0.42888889 -0.094444444 -0.094444444 -0.094444444 -0.094444444 0.092222222 0.092222222 0.092222222 0.22555556 0.22555556 0.22555556
-0.16222222 -0.16222222 -0.36888889 -0.36888889 -0.36888889 -0.36888889 -0.22841436 -0.15888889 -0.15888889 -0.15888889 -0.15914667 -0.62555556 -0.62555556 -0.62555556 -0.63549662 -0.63555556 -0.75034108 -0.75111111 -0.75111111 -0.75111111 -0.88444444 -0.88444444 -0.88444444 -0.88444444 -0.82444444 -0.82444444 -0.82444444 -0.82444444 -0.82444444 0.024444444 0.024444444 0.024444444 0.024444444 0.024444166 -0.10777778 -0.45 -0.45 -0.45 -0.45 -0.45000061 -0.64666667 -0.64666667 -0.64666667 -0.54434051 -0.33222222 -0.33222222 -0.33222222 0.09222221 0.092222093 -0.041111111 -0.041111111 0.16334847 0.16333333
-0.16222222 -0.16222222 -0.29429673 -0.36888889 -0.36888889 -0.3688889 -1.0639467 -0.1617462 -0.15888889 -0.15888889 -0.62555561 -0.62555556 -0.62555556 -0.62555556 -0.62555556 -0.6263939 -0.75111111 -0.75111111 -0.75111111 -0.75111111 -0.88444341 -0.88444444 -0.88444444 -0.88444444 -0.82444444 -0.82444444 -0.82444444 -0.82444444 -0.82444444 -0.37048671 0.024444444 0.024444444 0.024444444 -0.10777778 -0.10777778 -0.10804352 -0.45 -0.45 -0.36620853 -0.30111113 -0.64666667 -0.64666667 -0.64666667 -0.5450436 -0.33222222 -0.33222222 -0.33222222 -0.098888889 -0.041831017 -0.041111111 -0.041111111 0.16333333 0.16333333
-0.86777778 -0.86777778 -0.86777778 -0.49397405 -0.37030701 -1.0655556 -1.0655556 -1.0655556 -1.0655556 -0.89666667 -0.89666667 -0.62555557 -0.62555556 -0.62555556 -0.62555556 -0.62556352 -0.75111111 -0.75111111 -0.75111111 -0.75111111 -0.8262621 -0.88444444 -0.88444444 -0.8786288 -0.6694458 -0.82444444 -0.82444444 -0.82444444 -0.51 -0.51 -0.51 -0.50999776 -0.10777778 -0.10777778 -0.10777778 -0.10777778 -0.30111111 -0.30111111 -0.30111111 -0.30111111 -0.65666667 -0.65666667 -0.65666667 -0.16223216 -0.16222222 -0.16222222 -0.16222228 -0.098888889 -0.098888889 -0.04118151 -0.041111111 0.16333265 0.16333333
