interpolatedSpi/01-04|21_1.tif
NCOLS 53
NROWS 52
XLLCORNER -116.03883
YLLCORNER 28.596182
DX 0.49850594
DY 0.49788537
NODATA_VALUE -9999
[rows 0 to 36 of 52, columns 0 to 52 of 53]
-0.62 -0.62 -0.30667094 -0.825 -0.9025 -0.795 -0.795 -0.7925 -0.93045539 -1.165 -1.0325 -1.075 -1.4599323 -0.6375 -0.7275 -0.7275 -0.7275 -0.94 -0.4075 -0.4075 -0.4075 -0.40750279 -0.6975 -0.195 -0.195 -0.195 -0.3975 -0.3975 -0.3975 -0.375 -0.375 -0.375 -0.375 -1.2424998 -1.2425 -1.2425 -1.2425 -1.2425 -1.2425 -1.2424999 0.9488961 0.97211333 -0.545 -0.545 -0.545 -0.545 -0.544804 -0.425 -0.425 -0.425 1.0949968 1.095 1.095
-0.62002655 -1.2175 -0.73000026 -0.89920427 -0.95284438 -0.8875 -0.68 -1.3473445 -1.41 -1.325 -1.3075 -1.46 -1.46 -1.193141 -0.63750753 -0.7275 -0.94 -0.94 -0.40819431 -0.4075 -0.4075 -0.4075 -0.22000262 -0.195 -0.195 -0.195 -0.75999996 -0.76 -0.375 -0.375 -0.375 -0.375 -0.375 -1.2424999 -1.2425 -1.2425 -1.2425 -1.2425 -1.2424999 -1.0226 0.094921619 -0.46734137 -0.545 -0.545 -0.545 -0.545 -0.545 -0.425 -0.425 -0.425 -0.29896015 1.095 1.095
-0.98998823 -0.99 -0.9575 -0.6425 -1.17 -1.365 -1.1225 -1.705 -1.5925 -1.6775 -1.3125 -1.78 -1.285 -1.71 -1.195 -1.5625 -0.94 -0.94 -0.94 -0.92984811 -0.93 -0.93 -0.67 -0.195 -0.195 -0.195 -0.76 -0.76 -0.76 -0.375 -0.375 -0.37500003 -0.65782254 -1.2402786 -1.2332852 -0.26157184 -0.2525 -0.2525 -0.20879366 0.094999998 0.095 0.094181601 -0.545 -0.545 -0.545 -0.545 -0.545 -0.425 -0.425 -0.425 -0.425 1.095 1.095
-0.765 -0.99000005 -1.2450295 -0.495 -1.15 -1.2025 -1.465 -1.695 -1.685 -1.5701535 -1.275 -2.1375 -1.94 -1.71 -1.44 -1.5625 -1.5972322 -1.5970393 -1.58 -0.93 -0.93 -1.63 -0.67 -0.67 -0.195 -0.19500282 -0.76 -0.76 -0.76 -0.7575 -0.86997893 -0.9625 -0.9625 -0.96249943 -0.2525 -0.2525 -0.2525 -0.2525 0.095 0.095 0.095 0.094999976 -0.545 -0.545 -0.545 -0.545 -0.545 -0.42500151 -0.425 -0.425 -0.425 1.0949566 1.095
-0.765 -0.67250105 -1.245 -1.3391315 -1.15 -1.1425 -1.5574695 -1.2425 -1.1425 -1.4074999 -1.7482224 -1.9123607 -0.94 -1.44 -1.44 -1.5225144 -1.5975 -1.5975 -1.58 -1.58 -0.93000135 -1.63 -1.4125 -0.6525 -0.255 -0.25504339 -0.76 -0.76 -0.7575 -0.7575 -0.9625 -0.9625 -0.9625 -0.83285605 -0.2525 -0.2525 -0.2525 0.095 0.095 0.095 0.095 0.094977557 -0.54499999 -0.545 -0.545 -0.545 -0.545 -0.54393185 -0.425 -0.42499137 -0.2325 -0.2325 -0.2325
-1.2575 -0.9925 -0.49500003 -0.915 -1.36 -1.1775 -1.405 -1.3841953 -1.15 -1.05 -0.8225 -0.6325 -0.6325002 -0.845 -0.845 -1.2225567 -1.2225 -0.6425 -0.6425 -1.5799994 -1.19 -1.19 -0.6525 -0.255 -0.255 -0.44 -0.755 -0.755 -0.17755314 -0.7575 -0.9625 -0.9625 -0.275 -0.27506635 -0.90995438 -0.375 -0.375 -0.050405229 0.095 0.095 -0.13721002 -0.1375 -0.13750049 -1.0435412 -1.0524439 -1.0524999 -1.0525 -1.0524998 -1.053126 -0.2325 -0.2325 -0.2325 -0.2325
-0.0025026076 -0.555 -0.40582007 -0.38 -0.59 -1.375 -0.84249999 -1.0075 -1.1075 -1.1075 -0.8225 -0.895 -0.44250007 -0.845 -1.4574982 -1.4575 -1.2225 -1.1175 -0.91 -0.91 -1.1369827 -1.0775 -1.0775 -0.24 -0.44 -0.44 -0.755 -0.755 -0.17752069 -0.17788089 -0.77424966 -0.275 -0.275 -0.91 -0.91 -0.50843681 -0.375 -0.375 -0.24750442 -0.13750015 -0.1375 -0.1375 -0.1375044 -1.0525004 -1.0525 -1.0525 -1.0525 -1.0525001 -1.215 -0.2326947 -0.2325 -0.2325 -0.2325
-0.0025 0.4775 -0.4825 -1.13 -1.2049957 -1.12 -1.1875 -1.02 -1.2 -1.315 -1.315 -0.7 -0.4425 -0.4425 -1.4505362 -1.4324542 -1.43 -0.735 -0.81750009 -0.91 -0.68716947 -0.6825 -1.11 -0.36 -0.36000426 -0.69 -0.4725 -0.4725001 -0.53125603 -0.5325 -0.775 -0.58537796 0.0575 -0.91 -0.9171303 -0.62 -0.62 -0.2475 -0.2475 -0.1375 -0.1375 -0.1375 -1.1257708 -1.13 -1.0525 -1.0525 -1.0525 -1.2149938 -1.215 -1.215 -0.2325 -0.2325 -0.2325
0.1543459 0.47749999 0.025 -0.545 -1.2375 -1.1925 -1.425 -1.675 -1.6575 -1.2707428 -1.06 -0.92750001 -0.9275 -0.93 -0.93000016 -1.0934406 -1.0925 -1.0925 -0.74759376 -0.50500005 -0.7375 -0.7375 -1.0725 -1.0952219 -0.65674471 -0.69 -0.0925 -0.4725 -0.50729661 -0.5075 -0.765 -0.52 -0.71138554 -1.2525 -1.16 -1.5 -1.2425 -0.7675 -1.0048903 -0.13830348 -0.3175 -0.5825 -1.1299324 -1.13 -1.1295638 -1.0525 -1.575 -1.215 -1.215 -1.215 -1.215 -0.19670411 -0.4125
-1.6525 -1.6525 0.035 -0.925 -1.5625 -1.4025 -0.885 -1.465 -1.5 -1.1724932 -1.2125 -0.1675 -0.93 -0.93 -0.9475 -0.94948874 -1.0925 -1.0925067 -1.09 -0.505 -0.505 -0.53495382 -1.0725 -0.81750483 -0.8175 -0.8175 -0.0925 -0.48 -0.48 -0.5075 -0.5075 -0.52072071 -0.9 -1.2525 -1.265 -1.5 -1.2425 -0.98 -1.005 -0.75413278 -0.58249999 -0.63117247 -0.715 -1.13 -1.13 -1.575 -1.575 -1.575 -1.215 -1.215 0.055 0.055 0.054999825
-1.6525 -1.6525 -0.365 -0.9325 -0.85 -1.105 -1.06 -0.84279342 -1.0725 -0.9475 -1.285 -0.81 -0.16835649 -0.9475 -0.9475 -0.94755307 -1.4075 -1.3908361 -1.09 -0.835 -0.835 -0.8675 -0.8675 -0.8175 -0.8175 -0.8175 -0.48 -0.48 -0.48 -1.5725 -1.5725 -1.5724989 -1.07 -1.07 -1.32 -1.5175 -1.015 -1.857499 -1.0675 -0.75 -0.75 -0.17250178 -0.715 -1.13 -0.70500031 -1.01 -0.71870382 -0.715 -0.62 -0.62 0.055 0.055 0.055
-1.6525 -1.096665 -0.60717249 -0.82000374 -0.3725 -1.1575 -1.06 -0.8425 -1.0724981 -0.94888485 -0.81000018 -0.81 -0.7925 -0.9475 -0.9475 -1.4075 -1.4075 -1.4074819 -1.09 -0.835 -0.84138234 -0.8675 -0.8675 -0.81750225 -0.8175 -0.80188582 -0.77 -0.77 -0.76999996 -1.5725 -1.5725 -1.025 -1.025 -1.0700007 -1.32 -1.33 -1.1308559 -1.8575 -1.8575 -0.74999998 -0.1725 -0.1725 -0.17250394 -0.705 -0.705 -1.01 -0.715 -0.715 -0.62 -0.62 0.055 0.055 0.055
-0.9325 -0.88132638 -0.91749986 -0.91678783 -0.37250401 -1.1574815 -1.06 -0.8451773 -1.0566506 -1.0692359 -0.7925 -0.7925 -0.7925 -0.7925 -0.94747804 -1.4075 -1.4075 -1.4034006 -1.09 -0.83508406 -1.12 -1.12 -1.12 -1.12 -0.82257599 -0.77 -0.77 -0.77 -0.77 -0.77055524 -1.025 -1.025 -1.025 -1.025 -1.33 -1.33 -1.33 -1.8319257 -1.8503462 -0.905 -0.905 -0.1725394 -0.28001455 -0.70495906 -0.705 -1.01 -0.715 -0.715 -0.62 -0.62 0.052551173 0.055 -0.24516001
-0.9325 -0.9175 -0.9175 -0.9175 -0.9175 -0.9175001 -1.0602495 -0.95711694 -1.014366 -0.79279839 -0.7925 -0.7925 -0.7925 -0.7925 -0.79249991 -1.4075 -1.4074999 -1.3857217 -1.0900045 -1.12 -1.12 -1.12 -1.12 -1.12 -1.1277807 -1.0227098 -1.0849999 -1.085 -1.085 -1.085 -1.025 -1.025 -1.025 -1.0175 -1.0175 -1.33 -0.78800311 -0.7725 -0.90499992 -0.905 -0.905 -0.905 -0.28 -0.28 -0.28 -0.28508013 -0.089160271 -0.085 -0.085 -0.085 -0.08500001 -0.29249993 -0.2925
-0.56 -0.9175 -0.9175 -0.9175 -0.9175 -0.9175 -0.91750001 -0.86231543 -0.66666059 -0.665 -0.665 -0.665 -0.665 -0.665 -0.665 -0.2242069 -1.3885474 -1.3640234 -1.1199963 -1.12 -1.12 -1.12 -1.12 -1.1199992 -1.48 -1.48 -1.4799994 -1.085 -1.085 -1.0852553 -1.2125 -1.2125 -1.0175 -1.0175 -1.0175 -0.81174631 -0.7725 -0.7725 -0.7725 -0.905 -0.905 -0.905 -0.28 -0.28 -0.28 -0.28 -0.084999995 -0.085 -0.085 -0.085 -0.085 -0.2925 -0.2925
-0.56 -0.69309319 -0.9175 -0.9175 -0.9175 -0.9175 -0.49508292 -0.495 -0.495 -0.665 -0.665 -0.665 -0.665 -0.665 -0.56572685 -0.215 -0.215 -0.215 -0.46948638 -0.46750067 -0.4675 -0.4675 -0.4675 -0.4675 -1.48 -1.48 -1.48 -1.48 -1.085 -1.2125 -1.2125 -1.2125 -1.0175 -1.0175 -1.0175 -0.72 -0.77243049 -0.7725 -0.7725 -0.90486365 -0.63275466 0.0022802108 -0.28 -0.28 0.21845697 0.22 0.22 -0.084436252 0.25630312 0.25749997 0.25749994 0.12743646 -0.29249915
-0.56 -0.67677705 -0.79731407 -0.9175 -0.9175 -0.49524963 -0.495 -0.495 -0.495 -0.49622507 -0.665 -0.665 -0.665 -0.66499995 -0.215 -0.215 -0.215 -0.215 -0.46727445 -0.4675 -0.4675 -0.4675 -0.4675 -0.4675 -1.48 -1.48 -1.48 -1.48 -1.479027 -1.2125 -1.2125 -1.2125 -1.2325 -1.0174749 -0.72 -0.72 -0.72 -0.71599162 -0.044231659 0.005 0.005 0.005 -0.0125 -0.0125 0.22 0.22 0.22 0.2575 0.2575 0.2575 0.2575 0.1275 0.1275
-0.6798652 -0.68 -0.68 -0.68 -0.4925 -0.49499994 -0.495 -0.495 -0.495 -0.495 -0.64493727 -0.66499655 -0.66499999 -0.215 -0.215 -0.215 -0.215 -0.215 -0.21790779 -0.4675 -0.4675 -0.4675 -0.4675 -0.4675 -1.0837335 -1.3050009 -1.305 -1.305 -1.305 -1.2125 -1.2325 -1.2325 -1.2325 -1.2325 -0.72 -0.71999039 -0.355 -0.355 0.00050486367 0.005 0.005 0.005 -0.0125 -0.0125 0.18400099 0.22 0.22 0.2575 0.2575 0.2575 0.25610606 0.1275 0.1275
-0.68 -0.68 -0.68 -0.59170345 -0.4925 -0.4925 -0.495 -0.495 -0.495 -0.495 -0.4 -0.4 -0.4 -0.215 -0.215 -0.215 -0.215 -0.21495662 0.0525 0.0525 -0.46749979 -0.4675 -0.47535152 -0.79 -0.79463631 -1.305 -1.305 -1.305 -1.305 -1.2325074 -1.2325 -1.2325 -1.2325 -1.2325 -0.35500128 -0.355 -0.355 -0.355 -0.35370438 0.005 0.005 0.005 -0.0125 -0.0125 -0.0125 0.22 0.22 0.25749999 0.2575 0.2575 0.1275 0.1275 0.1275
-0.68 -0.68 -0.68 -0.4925 -0.4925 -0.4925 -0.4925 -0.495 -0.495 -0.40009807 -0.4 -0.4 -0.4 -0.39988473 -0.0025266169 0.0475 0.0475 0.0475 0.0525 0.0525 0.0525 -0.79 -0.79 -0.79 -0.78975839 -0.58246776 -1.305 -1.305 -1.305 -0.49608682 -0.32508926 -0.325 -0.325 -0.325 -0.14215549 0.15749884 0.1575 0.1575 0.1575 0.17247708 0.1725 0.1725 -0.0125 -0.0125 -0.21999913 -0.22000008 -0.4525 -0.4525 -0.3175 -0.3175 -0.3175 0.1275 -0.38454176
-0.67999904 -0.68 -0.67999999 -0.4925 -0.4925 -0.4925 -0.4925 -0.36750004 -0.49449021 -0.40032191 -0.4 -0.4 -0.4 -0.39912188 0.0475 0.0475 0.0475 0.047500001 0.0525 0.0525 0.0525 -0.79 -0.79 -0.79 0.0725 0.0725 -0.052499998 -0.0525 -0.0525 -0.053986573 -0.325 -0.325 -0.325 -0.325 -0.083882469 0.1575 0.1575 0.1575 0.1575 0.1725 0.1725 0.1725 0.16015045 -0.22 -0.22 -0.22 -0.4525 -0.4525 -0.3175 -0.3175 -0.3175 -0.385 -0.385
-0.37 -0.51739873 -0.6625 -0.66245068 -0.4925 -0.36822325 -0.3675 -0.3675 -0.42944437 -0.755 -0.755 -0.755 -0.755 0.19246916 0.1925 0.047500111 0.0475 0.047631743 0.0525 0.0525 0.0525 0.05 0.05 0.05 0.0725 0.0725 -0.0525 -0.0525 -0.0525 -0.052499737 0.30999596 0.30999822 -0.30904023 -0.32431924 0.18941487 0.19 0.19 0.19 0.19 0.1725 0.1725 0.1725 -0.19838772 -0.22 -0.22 -0.22000002 -0.4525 -0.4525 -0.45249514 -0.3175 -0.31751397 -0.63 -0.385
-0.48747769 -0.48750003 -0.6625 -0.6625 -0.6625 -0.3675 -0.3675 -0.3675 -0.5375 -0.5375 -0.755 -0.755 -0.755 0.1925 0.1925 0.1925 0.1925 0.19248391 0.0525 0.0525 0.0525 0.05 0.05 0.05 0.0725 0.0725 -0.0525 -0.0525 -0.0525 0.30591279 0.31 0.31 0.31 0.31 0.19005921 0.19 0.19 0.19 0.19 0.1825 0.1825 0.1825 0.1825 -0.22000107 -0.36 -0.36 -0.36 -0.63 -0.63 -0.63 -0.63 -0.63 -0.63
-0.4875 -0.4875 -0.6625 -0.6625 -0.6625 -0.36905057 -0.3675 -0.5375 -0.5375 -0.5375 -0.75497323 -0.755 -0.38525106 0.19249989 0.1925 0.1925 0.1925 0.1 0.1 0.1 0.28499999 0.28499983 0.050001145 0.05 0.05008487 0.1825 0.1825 0.18249944 -0.052462022 0.34749253 0.3474998 0.34749345 0.31006409 0.31003236 0.21139785 0.19000011 0.19098861 0.485 0.485 0.1825 0.1825 0.1825 0.1825 -0.36 -0.36 -0.36 -0.36 -0.63 -0.63 -0.63 -0.63 -0.63 -0.63
-0.4875 -0.4875 -0.6625 -0.6625 -0.6625 -0.6625 -0.43112603 -0.5375 -0.5375 -0.5375 -0.53737019 -0.3025 -0.3025 -0.3025 0.18958285 0.1925 0.1006164 0.1 0.1 0.1 0.285 0.285 0.285 0.285 0.1825 0.1825 0.1825 0.1825 0.1825 0.3475 0.3475 0.3475 0.3475 0.3475006 0.6325 0.485 0.485 0.485 0.485 0.48499881 0.1575 0.1575 0.1575 -0.027985683 -0.4125 -0.4125 -0.4125 -0.62999999 -0.6299995 -0.1125 -0.1125 -0.090131369 -0.09
-0.4875 -0.4875 -0.59933729 -0.6625 -0.6625 -0.6625 -0.47261534 -0.53729516 -0.5375 -0.5375 -0.30250002 -0.3025 -0.3025 -0.3025 -0.3025 -0.26186657 0.1 0.1 0.1 0.1 0.28499857 0.285 0.285 0.285 0.1825 0.1825 0.1825 0.1825 0.1825 0.48420694 0.3475 0.3475 0.3475 0.6325 0.6325 0.63238546 0.485 0.485 0.68337943 0.83749997 0.1575 0.1575 0.1575 -0.024120808 -0.4125 -0.4125 -0.4125 0.235 -0.10817018 -0.1125 -0.1125 -0.09 -0.09
-0.15 -0.15 -0.15 -0.53400216 -0.66193844 -0.4725 -0.4725 -0.4725 -0.4725 -0.3925 -0.3925 -0.30250001 -0.3025 -0.3025 -0.3025 -0.30247448 0.1 0.1 0.1 0.1 0.204272 0.285 0.285 0.29115005 0.50497151 0.1825 0.1825 0.1825 0.5325 0.5325 0.5325 0.53249922 0.6325 0.6325 0.6325 0.6325 0.8375 0.8375 0.8375 0.8375 0.285 0.285 0.285 0.012505479 0.0125 0.0125 0.012499865 0.235 0.235 -0.11207659 -0.1125 -0.08999758 -0.09
-0.15 -0.15 -0.15 -0.15000687 -0.2775 -0.3058562 -0.4725 -0.4725 -0.4725 -0.3925 -0.3925 -0.3925 -0.012500014 -0.0125 -0.0125 -0.012500019 0.098598655 0.1 0.1 0.1 0.10281809 0.51999935 0.52 0.52 0.52 0.52 0.6075 0.6075 0.5325 0.5325 0.5325 0.5325 0.63250005 0.6325 0.6325 0.63250611 0.83749999 0.8375 0.8375 0.83596461 0.285 0.285 0.285 0.012512637 0.0125 0.0125 0.0125 0.235 0.235 0.23500002 0.39 0.39 0.3125
-0.15 -0.15 -0.15 -0.27749971 -0.2775 -0.2775 -0.47249993 -0.4725 -0.4725 -0.3925 -0.3925 -0.3925 -0.0125 -0.0125 -0.0125 -0.062194106 -0.665 -0.665 -0.66499802 0.095679084 0.52 0.52 0.52 0.52 0.52 0.52006585 0.6075 0.6075 0.6075 0.5325 0.5325 0.5322892 0.7075 0.7075 0.7075 0.225 0.225 0.4875 0.4875 0.4875 0.135 0.28495295 0.2849994 0.205 0.205 0.19770447 0.012500886 0.235 0.235 0.39 0.39 0.39 0.3125
-0.15 -0.15 -0.15 -0.2775 -0.2775 -0.2775 -0.2775 -0.4725 -0.4725 -0.3925 -0.3925 -0.027694519 -0.0125 -0.0125 -0.0125 -0.665 -0.665 -0.665 -0.665 -0.665 0.52 0.52 0.52 0.52 0.52 0.6074997 0.6075 0.6075 0.6075 0.205 0.205 0.205 0.7075 0.7075 0.7075 0.225 0.225 0.4875 0.4875 0.135 0.135 0.135 0.205 0.205 0.205 0.205 0.22533147 0.4525 0.4525 0.4525 0.39 0.3975 0.3975
-0.15 -0.15 -0.15017755 -0.2775 -0.2775 -0.2775 -0.2775 -0.43696197 -0.445 -0.44490986 -0.39249999 -0.012517799 -0.0125 -0.0125 -0.012502257 -0.665 -0.665 -0.665 -0.665 -0.665 -0.16575638 0.52 0.52 0.52 0.51993152 0.60747637 0.6075 0.6075 0.6075 0.205 0.205 0.205 0.20507073 0.7075 0.225 0.225 0.225 0.22501078 0.48747596 0.135 0.135 0.135 0.20499575 0.205 0.205 0.205 0.45250198 0.4525 0.4525 0.4525 0.3975 0.3975 0.3975
-0.32 -0.3199997 -0.27743444 -0.2775 -0.2775 -0.2775 -0.44496436 -0.445 -0.445 -0.445 -0.22500001 -0.225 -0.225 -0.225 -0.6629692 -0.665 -0.665 -0.665 -0.665 -0.19500028 -0.195 -0.195 0.18750006 0.1875 0.1875 0.1875 0.2237514 0.6075 -0.014974505 -0.015 -0.015 -0.015 -0.015 0.1975 0.1975 0.1975 0.1975 0.1975 0.45 0.45 0.45 0.45 0.45 0.65182543 0.6525 0.6525 0.6525 0.4525 0.4525 0.4525 0.39750866 0.3975 0.3975
-0.32 -0.32 -0.31805339 -0.087500382 -0.087500042 -0.087848632 -0.445 -0.445 -0.445 -0.445 -0.225 -0.225 -0.225 -0.225 -0.225 -0.665 -0.665 -0.665 -0.19500012 -0.195 -0.195 -0.195 0.1875 0.1875 0.1875 0.1875 0.1875 0.18758866 -0.015136121 -0.015000001 -0.015 -0.015 -0.015054683 0.11813377 0.19741782 0.1975 0.1975 0.1975 0.45 0.45 0.45 0.45 0.45 0.6525 0.6525 0.6525 0.6525 0.55897609 0.4525 0.43025103 0.43 0.265 0.265
-0.32 -0.32 -0.087529451 -0.0875 -0.0875 -0.0875 -0.17830349 -0.445 -0.445 -0.445 -0.225 -0.225 -0.225 -0.225 -0.225 -0.66466242 -0.665 -0.1951378 -0.195 -0.195 -0.195 -0.195 0.045800397 0.1875 0.1875 0.1875 0.1875 0.18710681 -0.3675 -0.3675 -0.3675 -0.3675 -0.3675 0.0575 0.0575 0.0575 0.0575 0.0575 0.4575 0.4575 0.4575 0.4575 0.4575 0.65215206 0.65249993 0.6525 0.65247585 0.64956149 0.43 0.43 0.43 0.26500092 0.265
-0.32000033 -0.49649072 -0.087500058 -0.0875 -0.0875 -0.0875 -0.0875 -0.44484778 -0.445 -0.445 -0.225 -0.225 -0.225 -0.225 -0.33011228 -0.3325 -0.3325 -0.19500354 -0.195 -0.195 -0.195 -0.195 -0.19499999 0.1875 0.1875 0.1875 0.1875 -0.68249968 -0.68249985 -0.61546035 -0.3675 -0.3675 -0.3675 0.057500001 0.0575 0.0575 0.0575 0.05758466 0.4575 0.4575 0.4575 0.4575 0.45748966 0.51 0.51 0.51 0.51 0.50999355 0.43 0.43 0.43 0.42999989 0.25761046
-0.5 -0.5 -0.41599127 -0.0875 -0.0875 -0.0875 -0.0875 -0.0875 -0.44484712 -0.2625 -0.2625 -0.2625 -0.262411 -0.33249985 -0.3325 -0.3325 -0.3325 -0.3325 -0.19500072 -0.20115435 -0.255 -0.255 -0.255 -0.14428129 0.15308436 -0.031067212 -0.18670636 -0.6825 -0.6825 -0.6825 -0.6825 -0.6825 -0.66236443 0.18123736 0.1825 0.1825 0.1825 0.1825 0.4321397 0.32250024 0.3225 0.3225 0.3225 0.28750065 0.50999994 0.51 0.51 0.1875 0.42999612 0.43 0.43 0.2575 0.2575
-0.5 -0.5 -0.4475 -0.4475 -0.4475 -0.087619919 -0.0875 -0.0875 -0.2625 -0.2625 -0.2625 -0.2625 -0.2625 -0.3325 -0.3325 -0.3325 -0.3325 -0.3325 -0.255 -0.255 -0.255 -0.255 -0.255 -0.2425 -0.2425 -0.2425 -0.2425 -0.6825 -0.6825 -0.6825 -0.6825 -0.6825 0.07 0.07 0.1825 0.1825 0.1825 0.22749234 0.2275 0.3225 0.3225 0.3225 0.32249996 0.2875 0.2875 0.2875 0.1875 0.1875 0.1875 0.2275 0.2275 0.2575 0.2575
