interpolatedSpi/01-04|19_2.tif
NCOLS 53
NROWS 52
XLLCORNER -116.03883
YLLCORNER 28.596182
DX 0.49850594
DY 0.49788537
NODATA_VALUE -9999
[rows 0 to 40 of 52, columns 0 to 52 of 53]
-0.2425 -0.2425 -0.43087821 -0.13 -0.225 -0.2375 -0.6 -0.7175 -0.91200561 -0.82 -0.5675 -0.7 -0.74495656 -0.2175 -0.545 -0.545 -0.545 -0.09 -0.37 -0.37 -0.37 -0.37000973 -1.38 -0.7425 -0.7425 -0.7425 -0.9724973 -0.9725 -0.9725 -1.4525 -1.4525 -1.4525 -1.4525 -2.0724999 -2.0725 -2.0725 -2.0725 -2.0725 -2.0725 -2.0724999 -0.13585911 -0.11527835 -1.2075 -1.2075 -1.2075 -1.2075 -1.2087291 -1.96 -1.96 -1.96 -1.6625006 -1.6625 -1.6625
-0.24253488 -1.0275 -0.47249968 -0.45165019 -0.4378127 -0.28 0.1275 -0.32025119 -0.95 -0.885 -0.55 -0.745 -0.745 -0.020658558 -0.21750051 -0.545 -0.09 -0.09 -0.36963492 -0.37 -0.37 -0.37 -0.75592246 -0.7425 -0.7425 -0.7425 -0.23750003 -0.2375 -1.4525 -1.4525 -1.4525 -1.4525 -1.4525 -2.0724999 -2.0725 -2.0725 -2.0725 -2.0725 -2.0724998 -1.7255056 -0.070049058 -1.0694731 -1.2075 -1.2075 -1.2075 -1.2075 -1.2075 -1.96 -1.96 -1.96 -1.935331 -1.6625 -1.6625
-0.28000062 -0.28 -0.1925 0.2375 -0.6625 -1.0575 -0.755 -0.8675 -1.175 -0.8725 -0.345 -1.1925 -0.5925 0.1075 -0.02 -1.06 -0.09 -0.09 -0.09 -0.43248183 -0.4325 -0.4325 -0.9975 -0.7425 -0.7425 -0.7425 -0.2375 -0.2375 -0.2375 -1.4525 -1.4525 -1.4525 -1.4537035 -2.0668086 -2.0484857 0.48385825 0.5075 0.5075 0.43486572 -0.069999996 -0.07 -0.071454574 -1.2075 -1.2075 -1.2075 -1.2075 -1.2075 -1.96 -1.96 -1.96 -1.96 -1.6625 -1.6625
0.005 -0.28000014 -0.98507774 0.085 -0.785 -0.89 -0.9125 -1.24 -1.07 -0.19023875 -1.0075 -1.225 -1.25 0.1075 -0.765 -1.06 -0.89130066 -0.88943947 -1.355 -0.4325 -0.4325 -0.965 -0.9975 -0.9975 -0.7425 -0.74249748 -0.2375 -0.2375 -0.2375 -1.0875 -1.2891391 -1.455 -1.455 -1.4549985 0.5075 0.5075 0.5075 0.5075 -0.07 -0.07 -0.07 -0.070000043 -1.2075 -1.2075 -1.2075 -1.2075 -1.2075 -1.9599905 -1.96 -1.96 -1.96 -1.6624495 -1.6625
0.0049999999 -1.0799998 -0.985 -1.1948956 -0.785 -1.425 -1.6274602 -1.4375 -1.29 -1.31 -1.1856529 -1.1224556 -0.8125 -0.765 -0.765 -0.95971305 -0.89 -0.89 -1.355 -1.355 -0.43250113 -0.965 -1.4275 -1.4425 -1.2575 -1.2575354 -0.2375 -0.2375 -1.0875 -1.0875 -1.455 -1.455 -1.455 -1.4516998 0.5075 0.5075 0.5075 -0.07 -0.07 -0.07 -0.07 -0.069968145 -1.2075 -1.2075 -1.2075 -1.2075 -1.2075 -1.2141982 -1.96 -1.9599174 -0.1175 -0.1175 -0.1175
-1.775 -1.0925 -0.075000011 -0.7525 -0.665 -1.0625 -1.015 -1.0690921 -1.3275 -1.145 -1.0375 -0.8975 -0.89749994 -1.59 -1.59 -1.1223781 -1.1225 -1.16 -1.16 -1.3549997 -1.6175 -1.6175 -1.4425 -1.2575 -1.2575 -1.41 -1.535 -1.535 -0.77002911 -1.0875 -1.455 -1.455 -1.4375 -1.4374449 -0.91003772 -0.6375 -0.6375 -0.24556908 -0.07 -0.07 0.25958842 0.26 0.26000117 0.3421528 0.36982565 0.36999958 0.36999995 0.36999939 -0.98045675 -0.1175 -0.1175 -0.1175 -0.1175
-1.7950004 -1.1575 -1.2304403 -0.6525 -0.1975 -0.9125 -1.1425 -1.2275 -1.1925 -1.1925 -1.0375 -1.0025 -1.3999998 -1.59 -0.61750291 -0.6175 -1.1225 -0.8725 -1.03 -1.03 -1.5680172 -1.5125 -1.5125 -1.255 -1.41 -1.41 -1.535 -1.535 -0.77001195 -0.77021995 -0.61112579 -1.4375 -1.4375 -0.91 -0.91 -0.87714162 -0.6375 -0.6375 -0.80999402 0.25999851 0.26 0.26 0.26000598 0.36999872 0.37 0.37 0.37 0.36999913 -1.095 -0.11769371 -0.1175 -0.1175 -0.1175
-1.795 -1.99 -1.1325 -1.4825 -1.0850228 -1.295 -0.855 -1.1375 -1.03 -0.7375 -0.7375 -0.805 -1.4 -1.4 -0.62286868 -0.86795817 -0.8925 -0.37 -1.1149999 -1.03 -0.11546655 -0.045 -1.17 -1.01 -1.0100034 -1.2725 -0.5675 -0.56750034 -0.97428165 -0.97499999 -0.61 -0.45480435 -0.7225 -0.91 -0.90657746 -1.0775 -1.0775 -0.81 -0.81 0.26 0.26 0.26000001 0.14064671 0.14000001 0.37 0.37 0.37 -1.0949442 -1.095 -1.095 -0.1175 -0.1175 -0.1175
-1.8599039 -1.99 -1.7325 -0.565 -1.0775 -1.6175 -1.2775 -0.74 -0.85 -0.40742213 -0.5525 -0.74 -0.74 -0.175 -0.17499723 -1.6030142 -1.605 -1.605 -0.48372541 -0.4025001 -0.875 -0.87499999 -0.755 -1.0064553 -1.2460469 -1.2725 -0.9925 -0.5675 -0.81853272 -0.82 -0.38 -0.61 -0.67799347 -1.195 -0.79 -0.8625 -0.6925 -0.6275 -0.33013737 0.26218725 0.75 0.2275 0.13997559 0.14 0.14129456 0.37 -0.52499995 -1.095 -1.095 -1.095 -1.095 -0.058981506 -0.1725
-1.1325 -1.1325 -1.6475 -1.3075 -0.985 -1.4725 -0.785 -1.06 -0.0725 -0.29497962 -0.19 -0.4125 -0.175 -0.175 0.12 0.096340846 -1.605 -1.6046462 -0.0525 -0.4025 -0.4025 -0.46337384 -0.755 -1.0374947 -1.0375 -1.0375 -0.9925 -0.010000001 -0.01 -0.82 -0.82 -0.61025604 -0.745 -1.195 -0.715 -0.8625 -0.6925 -1.3175 -0.33 0.81365937 0.22750002 0.14025689 -0.01 0.14 0.14 -0.525 -0.525 -0.525 -1.095 -1.095 0.3525 0.3525 0.3524998
-1.1325 -1.1325 -1.6825 -2.11 -1.325 -0.6175 -0.65 -0.69269475 -0.9425 -0.8825 -0.1575 -0.5125 -0.41263278 0.12 0.12 0.11998212 -0.035 -0.035918482 -0.0525 -0.01 -0.01 0.06 0.06 -1.0375 -1.0375 -1.0375 -0.01 -0.01 -0.01 -1.25 -1.25 -1.2499992 -0.835 -0.835 -1.4675 -0.7375 0.0875 -0.57749862 -0.6575 0.8325 0.8325 -0.024999951 -0.01 0.14 0.21499972 -0.14 0.28400075 0.2875 0.4875 0.4875 0.3525 0.3525 0.3525
-1.1325 -1.3701503 -1.8649295 -1.8174995 -1.0025 -1.085 -0.65 -0.6925 -0.94249791 -0.88316473 -0.51250048 -0.5125 0.2325 0.12 0.12 -0.034999995 -0.035 -0.035000996 -0.0525 -0.01 0.0037465759 0.06 0.06 -1.0374552 -1.0375 -0.69152266 0.015 0.015 0.014999997 -1.25 -1.25 -0.1175 -0.1175 -0.83500173 -1.4675 0.35749958 0.006922391 -0.5775 -0.5775 0.83249997 -0.025 -0.025 -0.024998262 0.215 0.215 -0.14 0.2875 0.2875 0.4875 0.4875 0.3525 0.3525 0.3525
-0.585 -0.53610444 -0.4325619 -0.44252711 -1.0025005 -1.0849981 -0.65000001 -0.69197686 -0.92527244 -0.94093324 0.2325 0.2325 0.2325 0.2325 0.12001594 -0.035 -0.035 -0.035225953 -0.0525 -0.0097854641 0.7325 0.7325 0.7325 0.7325 -1.0066736 0.015 0.015 0.015 0.015 0.014309123 -0.1175 -0.1175 -0.1175 -0.1175 0.3575 0.3575 0.3575 -0.53222773 -0.56510761 1.0725 1.0725 -0.024940968 0.66998442 0.21504382 0.215 -0.14 0.2875 0.2875 0.4875 0.4875 0.35298977 0.3525 0.3590748
-0.585 -0.4325 -0.4325 -0.4325 -0.4325 -0.43250027 -0.65111349 -0.67014187 -0.87931092 0.23123616 0.2325 0.2325 0.2325 0.2325 0.23250032 -0.034999997 -0.035000003 -0.036200381 -0.052497214 0.7325 0.7325 0.7325 0.7325 0.7325 0.72520152 0.15108 0.18499996 0.185 0.185 0.185 -0.11749999 -0.1175 -0.11749936 0.4125 0.4125 0.3575 0.73908525 0.75 1.0724998 1.0725 1.0725 1.0725 0.67 0.67 0.67 0.66436314 0.65500386 0.6575 0.6575 0.6575 0.6575 0.8249999 0.825
0.375 -0.4325 -0.4325 -0.4325 -0.4325 -0.4325 -0.43250002 -0.32449321 0.66183708 0.67 0.67 0.67 0.67 0.67 0.67 0.52785273 -0.026114629 -0.037396159 0.73240131 0.7325 0.7325 0.7325 0.7325 0.73250003 0.395 0.395 0.3949997 0.185 0.185 0.18588608 0.6275 0.6275 0.4125 0.4125 0.4125 0.69593634 0.75 0.75 0.75 1.0725 1.0725 1.0725 0.67 0.67 0.67 0.67 0.6575 0.6575 0.6575 0.6575 0.6575 0.825 0.825
0.375 0.074376925 -0.4325 -0.4325 -0.4325 -0.4325 0.51481404 0.515 0.515 0.67 0.67 0.67 0.67 0.67 0.63801199 0.525 0.525 0.525 0.76240828 0.76249997 0.7625 0.7625 0.7625 0.7625 0.395 0.395 0.395 0.395 0.185 0.6275 0.6275 0.6275 0.41250002 0.4125 0.4125 1.135 0.75050975 0.75 0.75 1.0724583 0.98948013 0.79582939 0.67 0.67 0.55784718 0.5575 0.5575 0.65755283 0.68988643 0.69 0.68999999 1.1299537 0.82500062
0.375 0.21686477 -0.10610031 -0.4325 -0.4325 0.51444017 0.515 0.515 0.515 0.51611697 0.67 0.67 0.67 0.66999998 0.525 0.525 0.525 0.525 0.76228785 0.7625 0.7625 0.7625 0.7625 0.7625 0.39500001 0.395 0.395 0.395 0.39584569 0.6275 0.6275 0.6275 1.045 0.41258876 1.135 1.135 1.135 1.1350263 0.79216221 0.795 0.795 0.795 0.7675 0.7675 0.5575 0.5575 0.5575 0.69 0.69 0.69 0.69 1.13 1.13
0.21297003 0.2125 0.2125 0.2125 0.29 0.5149942 0.515 0.515 0.515 0.515 0.6664038 0.66999938 0.67 0.525 0.525 0.525 0.525 0.525 0.48585619 0.7625 0.7625 0.7625 0.7625 0.7625 0.74123911 0.98749679 0.9875 0.9875 0.9875 0.62750002 1.045 1.045 1.045 1.045 1.135 1.1350001 1.14 1.14 0.79930784 0.795 0.795 0.795 0.7675 0.7675 0.59001523 0.5575 0.5575 0.69 0.69 0.69 0.69471794 1.13 1.13
0.2125 0.2125 0.2125 0.24899591 0.29 0.29 0.515 0.515 0.515 0.515 0.6225 0.6225 0.6225 0.525 0.525 0.525 0.525 0.52487234 -0.39 -0.39 0.76249953 0.7625 0.75756998 0.56 0.5638486 0.9875 0.9875 0.9875 0.9875 1.0449941 1.045 1.045 1.045 1.045 1.14 1.14 1.14 1.14 1.1388013 0.795 0.795 0.795 0.7675 0.7675 0.7675 0.5575 0.5575 0.69 0.69 0.69 1.13 1.13 1.13
0.2125 0.2125 0.2125 0.29 0.29 0.29 0.29000034 0.515 0.515 0.62238903 0.6225 0.6225 0.6225 0.62243924 -0.10027881 -0.2475 -0.2475 -0.2475 -0.39 -0.39 -0.39 0.56 0.56 0.56 0.56005042 0.85768023 0.9875 0.9875 0.9875 0.88914828 0.85501869 0.855 0.855 0.855 1.2455081 1.3949994 1.395 1.395 1.395 1.6873779 1.6875 1.6875 0.7675 0.7675 1.4724971 1.4724999 1.1475 1.1475 1.2175 1.2175 1.2175 1.13 1.1974396
0.21250269 0.2125 0.2125 0.29 0.29 0.29 0.29000001 0.8649999 0.51639944 0.62241839 0.6225 0.6225 0.6225 0.62079282 -0.2475 -0.2475 -0.2475 -0.24750004 -0.39 -0.39 -0.39 0.56 0.56 0.56 0.74 0.74 0.79 0.79 0.79 0.7903546 0.855 0.855 0.855 0.855 1.1248517 1.395 1.395 1.395 1.395 1.6875 1.6875 1.6875 1.6807353 1.4725 1.4725 1.4725 1.1475 1.1475 1.2175 1.2175 1.2175 1.1975 1.1975
1.08 0.67194875 0.5725 0.57241804 0.29 0.86167307 0.865 0.865 0.85406864 0.53250001 0.5325 0.5325 0.5325 0.16251204 0.1625 -0.24749969 -0.2475 -0.25125467 -0.39 -0.39 -0.39 0.395 0.395 0.395 0.74 0.74 0.79 0.79 0.79 0.79000007 0.88999978 0.8899999 0.85587967 0.85503752 1.2895048 1.29 1.29 1.29 1.29 1.6875 1.6875 1.6875 1.4843382 1.4725 1.4725 1.4724999 1.1475 1.1475 1.1475025 1.2175 1.217489 0.9725 1.1975
0.62258688 0.62249999 0.5725 0.5725 0.5725 0.865 0.865 0.865 0.835 0.835 0.5325 0.5325 0.5325 0.1625 0.1625 0.1625 0.1625 0.16243713 -0.39 -0.39 -0.38999997 0.395 0.395 0.395 0.74 0.74 0.79 0.79 0.79 0.88887249 0.89 0.89 0.89 0.89 1.2898026 1.29 1.29 1.29 1.29 1.1150001 1.115 1.115 1.115 1.4724961 0.97 0.97 0.97 1.0775 1.0775 1.0775 0.9725 0.9725 0.9725
0.6225 0.6225 0.5725 0.5725 0.5725 0.86346257 0.865 0.835 0.835 0.835 0.53253724 0.5325 0.706139 0.16250013 0.1625 0.1625 0.1625 0.4625 0.4625 0.4625 0.097500007 0.097500221 0.39499855 0.395 0.39507167 0.3525 0.3525 0.35250104 0.7899293 0.95998605 0.95999963 0.95998778 0.89011964 0.89006041 1.2188036 1.2899998 1.2884333 0.8225 0.8225 1.115 1.115 1.115 1.115 0.97 0.97 0.97 0.97 1.0775 1.0775 1.0775 0.9725 0.9725 0.9725
0.6225 0.6225 0.5725 0.5725 0.5725 0.5725 0.85377188 0.835 0.835 0.835 0.83495029 0.745 0.745 0.745 0.16593281 0.1625 0.46050087 0.4625 0.4625 0.4625 0.0975 0.0975 0.0975 0.0975 0.3525 0.3525 0.3525 0.3525 0.3525 0.96 0.96 0.96 0.96 0.96000018 1.0475 0.8225 0.8225 0.8225 0.8225 0.82249906 0.48 0.48 0.48 0.55810096 0.72 0.72 0.72 1.0775 1.0775001 1.1675 1.1675 1.2324367 1.2325
0.6225 0.6225 0.59054649 0.5725 0.5725 0.57250002 1.2617414 0.83634724 0.835 0.835 0.7450001 0.745 0.745 0.745 0.745 0.69721233 0.4625 0.4625 0.4625 0.4625 0.097502823 0.0975 0.0975 0.0975 0.3525 0.3525 0.3525 0.3525 0.3525 0.50923659 0.96 0.96 0.96 1.0475 1.0475 1.0473253 0.8225 0.8225 0.86330144 0.89499999 0.48 0.48 0.48 0.55850351 0.72 0.72 0.72 1.125 1.1669705 1.1675 1.1675 1.2325 1.2325
1.4125 1.4125 1.4125 0.78311109 0.57355409 1.2625 1.2625 1.2625 1.2625 1.2 1.2 0.74500003 0.745 0.745 0.745 0.74498212 0.4625 0.4625 0.4625 0.4625 0.25677416 0.0975 0.0975 0.11359481 0.6964696 0.3525 0.3525 0.3525 0.35 0.35 0.35 0.35000256 1.0475 1.0475 1.0475 1.0475 0.895 0.895 0.895 0.895 0.7775 0.7775 0.7775 1.1149932 1.115 1.115 1.1149999 1.125 1.125 1.1674482 1.1675 1.2324982 1.2325
1.4125 1.4125 1.4125 1.4124934 1.29 1.286001 1.2625 1.2625 1.2625 1.2 1.2 1.2 1.38 1.38 1.38 1.38 0.46418986 0.4625 0.4625 0.4625 0.45699888 0.71249831 0.7125 0.7125 0.7125 0.71249998 -0.047499997 -0.0475 0.35 0.35 0.35 0.35 1.0474999 1.0475 1.0475 1.04749 0.895 0.895 0.895 0.89528514 0.7775 0.7775 0.7775 1.1149843 1.115 1.115 1.115 1.125 1.125 1.125 0.8675 0.8675 1.1325
1.4125 1.4125 1.4125 1.2900003 1.29 1.29 1.2625 1.2625 1.2625 1.2 1.2 1.2 1.38 1.38 1.38 1.3803808 1.385 1.385 1.3849976 0.46771052 0.7125 0.7125 0.7125 0.7125 0.7125 0.71192806 -0.0475 -0.0475 -0.047499999 0.35 0.35 0.35007563 0.925 0.925 0.925 0.655 0.655 0.96 0.96 0.96 0.9275 0.77754705 0.77750155 0.985 0.985 0.98992685 1.1149997 1.125 1.125 0.8675 0.8675 0.8675 1.1325
1.4125 1.4125 1.4125 1.29 1.29 1.29 1.29 1.2625 1.2625 1.2 1.2 1.3728026 1.38 1.38 1.38 1.385 1.385 1.385 1.385 1.385 0.7125 0.7125 0.7125 0.7125 0.7125 -0.047497407 -0.0475 -0.0475 -0.0475 0.4675 0.4675 0.4675 0.925 0.925 0.925 0.655 0.655 0.96 0.96 0.9275 0.9275 0.9275 0.985 0.985 0.985 0.985 0.98602684 0.9975 0.9975 0.9975 0.8675 1.1225 1.1225
1.4125 1.4125 1.4123294 1.29 1.29 1.29 1.29 1.2233592 1.22 1.2199657 1.2 1.38001 1.38 1.38 1.38 1.385 1.385 1.385 1.385 1.385 1.4797347 0.7125 0.7125 0.7125 0.71251596 -0.047452879 -0.0475 -0.0475 -0.0475 0.4675 0.4675 0.4675 0.46756866 0.925 0.655 0.655 0.655 0.65501244 0.95999778 0.9275 0.9275 0.9275 0.98499651 0.985 0.985 0.985 0.99749729 0.9975 0.9975 0.9975 1.1225 1.1225 1.1225
0.995 0.99500073 1.290054 1.29 1.29 1.29 1.2200149 1.22 1.22 1.22 1.5 1.5 1.5 1.5 1.3855308 1.385 1.385 1.385 1.385 1.5124999 1.5125 1.5125 0.78999999 0.79 0.79 0.79 0.71771298 -0.0475 0.7874658 0.7875 0.7875 0.7875 0.7875 0.505 0.505 0.505 0.505 0.505 0.765 0.765 0.765 0.765 0.765 0.72788816 0.7275 0.7275 0.7275 0.9975 0.9975 0.9975 1.1224803 1.1225 1.1225
0.995 0.995 0.99857932 1.4224997 1.4225 1.4223025 1.22 1.22 1.22 1.22 1.5 1.5 1.5 1.5 1.5 1.385 1.385 1.385 1.5125 1.5125 1.5125 1.5125 0.79 0.79 0.79 0.79 0.79 0.78982279 0.78749035 0.7875 0.7875 0.7875 0.78749612 0.44264082 0.50493543 0.505 0.505 0.505 0.765 0.765 0.765 0.765 0.765 0.7275 0.7275 0.7275 0.7275 0.85375728 0.9975 1.1038006 1.105 1.2775 1.2775
0.995 0.995 1.4224458 1.4225 1.4225 1.4225 1.3710659 1.22 1.22 1.22 1.5 1.5 1.5 1.5 1.5 1.3850839 1.385 1.5124626 1.5125 1.5125 1.5125 1.5125 1.0576548 0.79 0.79 0.79 0.79 0.78998041 0.7625 0.7625 0.7625 0.7625 0.7625 0.395 0.395 0.395 0.395 0.395 0.5025 0.5025 0.5025 0.5025 0.5025 0.72768312 0.72750004 0.7275 0.72751271 0.72908409 1.105 1.105 1.105 1.277499 1.2775
0.99500034 1.1763932 1.4225 1.4225 1.4225 1.4225 1.4225 1.2200862 1.22 1.22 1.5 1.5 1.5 1.5 1.0062167 0.995 0.995 1.5124867 1.5125 1.5125 1.5125 1.5125 1.5124999 0.79 0.79 0.79 0.79 0.4550003 0.45500014 0.52044347 0.7625 0.7625 0.7625 0.395 0.395 0.395 0.395 0.39500847 0.5025 0.5025 0.5025 0.5025 0.50251437 0.8025 0.8025 0.8025 0.8025 0.8025244 1.105 1.105 1.105 1.105 1.0730559
1.18 1.18 1.1999987 1.4225 1.4225 1.4225 1.4225 1.4225 1.2200853 0.77250001 0.7725 0.7725 0.77422651 0.99500073 0.995 0.995 0.995 0.995 1.5124954 1.4727532 1.125 1.125 1.125 1.0374592 0.74718054 0.51806172 0.32484472 0.455 0.455 0.455 0.455 0.455 0.46614497 0.40808923 0.4075 0.4075 0.4075 0.4075 0.53772252 0.68999966 0.69 0.69 0.69 0.84249988 0.80250001 0.8025 0.8025 1.09 1.1049998 1.105 1.105 1.07 1.07
1.18 1.18 1.0125 1.0125 1.0125 1.4223634 1.4225 1.4225 0.7725 0.7725 0.7725 0.7725 0.7725 0.99499999 0.995 0.995 0.995 0.995 1.125 1.125 1.125 1.125 1.125 0.25500005 0.255 0.255 0.255 0.455 0.455 0.455 0.455 0.455 0.46 0.46 0.4075 0.4075 0.4075 0.66495615 0.665 0.69 0.69 0.69 0.68999999 0.8425 0.8425 0.8425 1.09 1.09 1.09 1.2975 1.2975 1.07 1.07
1.18 1.18 1.0125 1.0125 1.0125 1.0125 1.0124976 0.5825 0.77232111 0.7725 0.7725 0.7725 0.7725 0.99222451 0.995 0.995 0.995 0.995 1.125 1.125 1.125 1.125 1.125 0.255 0.255 0.255 0.255 0.2550008 0.455 0.455 0.455 0.45999974 0.46 0.46 0.46 0.4075 0.665 0.665 0.665 0.6656578 0.63520445 0.625 0.625 0.8425 0.8425 0.8425 1.09 1.09 1.09 1.2975 1.2975 1.2975 1.1288716
0.9525 0.95250179 1.0125 1.0125 1.0125 1.0125 0.5825 0.5825 0.5825 0.7725 0.7725 0.7725 0.7725 0.77256917 0.995 0.995 0.995 0.995 1.1249974 1.125 1.125 1.125 0.40824918 0.255 0.255 0.255 0.255 0.11000012 0.11 0.11 0.45129741 0.46 0.46 0.46 0.45999998 0.4425 0.665 0.665 0.665 0.665 0.625 0.625 0.625 0.8325 0.8325 0.8325 1.1624929 1.09 1.09 1.2975 1.2975 1.2975 1.1350002
0.9525 0.9525 1.0125 1.0125 1.0125 0.5825 0.5825 0.5825 0.5825 0.75166534 0.7725 0.7725 0.7725 0.77249876 0.33007653 0.33 0.33 0.33 0.26818266 0.3575 0.3575 0.3575 0.3575 0.255 0.255 0.255 0.25499044 0.11 0.11 0.11 0.11 0.4599579 0.45015676 0.4425 0.4425 0.4425 0.66435531 0.49250359 0.4925 0.4925 0.62487663 0.4675 0.4675 0.8325 0.8325 0.8325014 1.1625 1.1625 1.1275 1.1275 1.1275 1.2975 1.19
0.9525 0.9525 0.67 0.67 0.67 0.5825 0.5825 0.5825 0.5825 0.5225 0.5225 0.5225 0.5225 0.50893407 0.33 0.33 0.33 0.33 0.265 0.3575 0.3575 0.3575 0.3575 -0.2075 -0.20749982 0.25499932 0.11 0.11 0.11 0.11 0.11759413 0.125 0.40472185 0.4425 0.4425 0.4425 0.4925 0.4925 0.4925 0.4925 0.4675 0.4675 0.4675 0.96484312 0.965 1.1616123 1.1625 1.1625 1.1275006 1.1275 1.2975 1.2975 1.19
