interpolatedSpi/01-08|22_2.tif
NCOLS 53
NROWS 52
XLLCORNER -116.03883
YLLCORNER 28.596182
DX 0.49850594
DY 0.49788537
NODATA_VALUE -9999
[rows 0 to 32 of 52, columns 0 to 52 of 53]
0.2575 0.2575 0.0033685937 -0.1875 0.425 0.27375 0.28625 0.26875 -0.086272612 -0.1175 -0.0425 0.315 0.29752295 0.57625 0.51125 0.51125 0.51125 0.7375 0.56 0.56 0.56 0.55999331 -0.135 0.295 0.295 0.295 0.26624799 0.26625 0.26625 0.015 0.015 0.015 0.015 -0.11874997 -0.11875 -0.11875 -0.11875 -0.11875 -0.11875 -0.11874999 0.28688187 0.29110823 -0.26625 -0.26625 -0.26625 -0.26625 -0.26675838 -0.5775 -0.5775 -0.5775 0.49999776 0.5 0.5
0.2574674 -0.47625 -0.10499976 0.018896015 0.17762191 0.41125 0.30875 0.37721771 0.185 0.09625 0.27625 0.2975 0.2975 0.64227909 0.57625023 0.51125 0.7375 0.7375 0.56023144 0.56 0.56 0.56 0.29401305 0.295 0.295 0.295 0.46124999 0.46125 0.015 0.015 0.015 0.015 0.015 -0.11874998 -0.11875 -0.11875 -0.11875 -0.11875 -0.11874993 0.11432003 1.3111584 -0.074833246 -0.26625 -0.26625 -0.26625 -0.26625 -0.26625 -0.5775 -0.5775 -0.5775 -0.48815267 0.5 0.5
0.2549963 0.255 0.09875 0.5325 0.00625 -0.2125 0.09625 0.29875 -0.18125 0.43125 0.38 0.0725 0.18125 0.7625 0.6425 0.08375 0.7375 0.7375 0.7375 0.50251672 0.5025 0.5025 0.27625 0.295 0.295 0.295 0.46125 0.46125 0.46125 0.015 0.015 0.015000021 0.22079853 -0.11640525 -0.11007042 0.80520506 0.81375 0.81375 0.87632239 1.31125 1.31125 1.3092328 -0.26625 -0.26625 -0.26625 -0.26625 -0.26625 -0.5775 -0.5775 -0.5775 -0.5775 0.5 0.5
-0.205 0.25499996 0.041223384 1.13625 -0.23875 0.21125 0.15125 -0.17625 0.365 0.45524598 0.3475 0.24875 0.2925 0.7625 -0.09625 0.08375 -0.51165943 -0.51537155 -0.61875 0.5025 0.5025 -0.34625 0.27625 0.27625 0.295 0.29500083 0.46125 0.46125 0.46125 -0.12 0.18863122 0.4425 0.4425 0.44250029 0.81375 0.81375 0.81375 0.81375 1.31125 1.31125 1.31125 1.3112499 -0.26625 -0.26625 -0.26625 -0.26625 -0.26625 -0.57749607 -0.5775 -0.5775 -0.5775 0.49999947 0.5
-0.205 0.46999921 0.04125 0.040373037 -0.23875 -0.19125 -0.0024937543 0.39625 0.06625 0.79124968 0.55654533 0.44745631 0.1425 -0.09625 -0.09625 0.014760882 -0.51625 -0.51625 -0.61875 -0.61875 0.5024983 -0.34625 0.3425 0.38125 0.25875 0.25885091 0.46125 0.46125 -0.12 -0.12 0.4425 0.4425 0.4425 0.45570021 0.81375 0.81375 0.81375 1.31125 1.31125 1.31125 1.31125 1.3112365 -0.26624998 -0.26625 -0.26625 -0.26625 -0.26625 -0.26902051 -0.5775 -0.57745241 0.48375 0.48375 0.48375
-1.7325 -0.155 0.1675 0.1875 -0.50875 -0.16375 -0.0675 -0.0081267182 0.185 -0.2625 -0.66 0.0425 0.042500066 -0.05875 -0.05875 -0.24620775 -0.24625 -0.175 -0.175 -0.61874929 -0.39 -0.39 0.38125 0.25875 0.25875 0.69 0.385 0.385 0.77491794 -0.12 0.4425 0.4425 0.5125 0.5125401 0.89622258 1.10375 1.10375 1.2470551 1.31125 1.31125 1.1714246 1.17125 1.1712518 0.26790132 0.2774399 0.27749986 0.27749998 0.2774998 0.5225315 0.48375 0.48375 0.48375 0.48375
-0.9525066 -0.56375 -0.50332589 -0.35875 -0.24125 -0.73625 -0.26875 -0.28375 -0.18125 -0.18125 -0.66 -0.015 -0.53999988 -0.05875 -0.071249963 -0.07125 -0.24625 0.0425 0.1925 0.1925 -0.40943968 -0.43125 -0.43125 0.56875 0.69 0.69 0.385 0.385 0.77496569 0.77436832 1.0273981 0.5125 0.5125 0.89625 0.89625 1.1970196 1.10375 1.10375 1.5499845 1.1712505 1.17125 1.17125 1.1712599 0.27750479 0.2775 0.2775 0.2775 0.27750017 0.5675 0.4837666 0.48375 0.48375 0.48375
-0.9525 -0.25375 -0.07875 -1.055 -0.81751362 -0.6425 -0.60125 -0.29625 -0.43875 -0.2575 -0.2575 -0.08375 -0.54 -0.54 -0.07446606 -0.43213745 -0.4675 0.18625 -0.37499942 0.1925 0.39102166 0.49375 -0.50625 0.45875 0.45874507 0.07625 0.4 0.39999999 0.18831306 0.18625002 1.03 0.29643564 0.57 0.89625 0.90494897 1.275 1.275 1.55 1.55 1.17125 1.17125 1.17125 1.1384315 1.13625 0.2775 0.2775 0.2775 0.56748896 0.5675 0.5675 0.48375 0.48375 0.48375
-0.3626059 -0.25375 0.08125 -0.29 -0.6 -0.77875 -0.36125 -0.1875 -0.0625 -0.02561851 -0.21375 -0.1825 -0.1825 0.26875 0.26874352 -0.63951923 -0.64 -0.64 0.10057432 -0.50125005 -0.71625 -0.71624999 0.80625 0.010984675 0.1147959 0.07625 0.57375 0.4 1.0611357 1.065 0.22 1.355 0.99173786 0.74 1.20125 1.1025 1.55 0.6225 1.6857588 1.174715 1.9475 1.48125 1.1362856 1.13625 1.1314165 0.2775 0.69374998 0.5675 0.5675 0.5675 0.5675 0.53090719 0.41125
-0.97125 -0.97125 0.135 -0.265 -0.5975 -0.72125 -0.56 -0.745 -0.32125 -0.016337376 -0.155 0.72875 0.26875 0.26875 -0.42 -0.4230174 -0.64 -0.63994986 -0.42375 -0.50125 -0.50125 -0.52894922 0.80625 0.67625246 0.67625 0.67625 0.57375 0.8225 0.8225 1.065 1.065 1.3536321 0.63375 0.74 0.92875 1.1025 1.55 1.2475 1.68625 1.0037436 1.48125 1.4348734 1.355 1.13625 1.13625 0.69375 0.69375 0.69375 0.5675 0.5675 0.8625 0.8625 0.86249983
-0.97125 -0.97125 -0.415 -0.7125 -0.855 -0.3925 -0.88874999 -0.080357034 -0.09375 -0.275 -0.36375 -0.55625 0.72703861 -0.42 -0.42 -0.41999582 -0.38375 -0.38584939 -0.42375 -0.36125 -0.36125 -0.60375 -0.60375 0.67625 0.67625 0.67625 0.8225 0.8225 0.8225 0.1725 0.1725 0.17250076 0.77375 0.77375 0.57625 0.32375 1.405 0.97000114 1.185 0.9925 0.9925 0.7150021 1.355 1.13625 0.94249982 0.6525 1.1106965 1.1125 1.18375 1.18375 0.8625 0.8625 0.8625
-0.97125 -0.73112428 -0.54195386 -0.69624281 -0.09875 -0.70375 -0.88875 -0.08 -0.093749885 -0.27299197 -0.55624963 -0.55625 -0.38875 -0.42 -0.42 -0.38375 -0.38375 -0.38375228 -0.42375 -0.36125 -0.40887207 -0.60375 -0.60375 0.67619879 0.67625 0.5275044 0.22375 0.22375 0.22375008 0.1725 0.1725 0.10875 0.10875 0.77374946 0.57625 0.86625 1.356693 0.97 0.97 0.99249999 0.715 0.715 0.71500175 0.9425 0.9425 0.6525 1.1125 1.1125 1.18375 1.18375 0.8625 0.8625 0.8625
0.21125 0.056974319 0.10122004 0.095478712 -0.098753256 -0.70373572 -0.88874999 -0.089955245 -0.092802484 -0.09848292 -0.38875 -0.38875 -0.38875 -0.38875 -0.41999557 -0.38375 -0.38375 -0.38426646 -0.42375 -0.36122256 -0.265 -0.265 -0.265 -0.265 0.65994785 0.22375 0.22375 0.22375 0.22375 0.22368761 0.10875 0.10875 0.10875 0.10875 0.86625 0.86625 0.86625 0.96515355 0.96726804 0.60625 0.60625 0.71499415 0.73375715 0.94247989 0.9425 0.6525 1.1125 1.1125 1.18375 1.18375 0.86366546 0.8625 1.0495874
0.21125 0.10125 0.10125 0.10125 0.10125 0.10124966 -0.88827632 -0.50608136 -0.090274644 -0.38843679 -0.38875 -0.38875 -0.38875 -0.38875 -0.38874986 -0.38375 -0.38375001 -0.38649373 -0.42374893 -0.265 -0.265 -0.265 -0.265 -0.265 -0.25713499 0.14283436 0.10625002 0.10625 0.10625 0.10625 0.10875 0.10875 0.10875005 0.14625 0.14625 0.86625 0.58188392 0.57375 0.60624998 0.60625 0.60625 0.60625 0.73375 0.73375 0.73375 0.73318457 1.0788741 1.07875 1.07875 1.07875 1.07875 0.92749999 0.9275
0.305 0.10125 0.10125 0.10125 0.10125 0.10125 0.10124994 -0.57081992 -0.19446081 -0.195 -0.195 -0.195 -0.195 -0.195 -0.195 0.075630124 -0.37637423 -0.38922724 -0.26501995 -0.265 -0.265 -0.265 -0.265 -0.26499957 0.09875 0.09875 0.098750011 0.10625 0.10625 0.10604976 0.00625 0.00625 0.14625 0.14625 0.14625 0.50526914 0.57375 0.57375 0.57375 0.60625 0.60625 0.60625 0.73375 0.73375 0.73375 0.73375 1.07875 1.07875 1.07875 1.07875 1.07875 0.9275 0.9275
0.305 0.22914619 0.10125 0.10125 0.10125 0.10125 -0.25243057 -0.2525 -0.2525 -0.195 -0.195 -0.195 -0.195 -0.195 -0.13405732 0.08125 0.08125 0.08125 0.10262717 0.10374962 0.10375 0.10375 0.10375 0.10375 0.09875 0.09875 0.09875 0.09875 0.10625 0.00625 0.00625 0.00625 0.14624999 0.14625 0.14625 0.54875 0.5737169 0.57375 0.57375 0.60617117 0.44881142 0.081572846 0.73375 0.73375 0.13435549 0.1325 0.1325 1.0767406 -0.13823228 -0.14249989 -0.14249977 0.18386249 0.92749849
0.305 -0.13048124 -0.022098721 0.10125 0.10125 -0.25229099 -0.2525 -0.2525 -0.2525 -0.25208564 -0.195 -0.195 -0.195 -0.19499997 0.08125 0.08125 0.08125 0.08125 0.1037299 0.10375 0.10375 0.10375 0.10375 0.10375 0.09875 0.09875 0.09875 0.09875 0.098413542 0.00625 0.00625 0.00625 -0.036249999 0.14628654 0.54875 0.54875 0.54875 0.54550905 0.11126273 0.08 0.08 0.08 -0.02375 -0.02375 0.1325 0.1325 0.1325 -0.1425 -0.1425 -0.1425 -0.1425 0.18375 0.18375
-0.14211067 -0.1425 -0.1425 -0.1425 -0.39125 -0.25250358 -0.2525 -0.2525 -0.2525 -0.2525 -0.16509529 -0.19499485 -0.19499999 0.08125 0.08125 0.08125 0.08125 0.08125 0.063444062 0.10375 0.10375 0.10375 0.10375 0.10375 -0.14642608 -0.54624651 -0.54625 -0.54625 -0.54625 0.0062499978 -0.036249999 -0.03625 -0.03625 -0.03625 0.54875 0.54874223 0.25375 0.25375 0.082169528 0.08 0.08 0.08 -0.02375 -0.02375 0.10830712 0.1325 0.1325 -0.1425 -0.1425 -0.1425 -0.13900175 0.18375 0.18375
-0.1425 -0.1425 -0.1425 -0.25964009 -0.39125 -0.39125 -0.2525 -0.2525 -0.2525 -0.2525 0.2 0.2 0.2 0.08125 0.08125 0.08125 0.08125 0.081229136 -0.22875 -0.22875 0.10374986 0.10375 0.09328131 -0.32625 -0.32823056 -0.54625 -0.54625 -0.54625 -0.54625 -0.03630193 -0.03625 -0.03625 -0.03625 -0.03625 0.25375104 0.25375 0.25375 0.25375 0.25311404 0.08 0.08 0.08 -0.02375 -0.02375 -0.02375 0.1325 0.1325 -0.14249999 -0.1425 -0.1425 0.18375 0.18375 0.18375
-0.1425 -0.1425 -0.1425 -0.39125 -0.39125 -0.39125 -0.39124979 -0.2525 -0.2525 0.19953289 0.2 0.2 0.2 0.19992601 -0.020939579 -0.045 -0.045 -0.045000001 -0.22875 -0.22875 -0.22875 -0.32625 -0.32625 -0.32625 -0.32626856 -0.46560439 -0.54625 -0.54625 -0.54625 -0.40072919 -0.46995734 -0.47 -0.47 -0.47 0.073210098 -0.17874902 -0.17875 -0.17875 -0.17875 -0.3299439 -0.33 -0.33 -0.02375 -0.02375 -0.11124963 -0.11124993 0.0925 0.0925 -0.05875 -0.05875 -0.05875 0.18375 0.048870706
-0.14250069 -0.1425 -0.14250001 -0.39125 -0.39125 -0.39125 -0.39125001 -0.96124979 -0.25533386 0.19946613 0.2 0.2 0.2 0.19951924 -0.045 -0.045 -0.045 -0.045000053 -0.22875 -0.22875 -0.22875 -0.32625 -0.32625 -0.32625 -0.3925 -0.3925 -0.43 -0.43 -0.43 -0.43021821 -0.47 -0.47 -0.47 -0.47 -0.32445506 -0.17875 -0.17875 -0.17875 -0.17875 -0.33 -0.33 -0.33 -0.32311729 -0.11125 -0.11125 -0.11125 0.0925 0.0925 -0.05875 -0.05875 -0.05875 0.048749996 0.04875
-0.36375 -0.27061394 -0.60125 -0.60118908 -0.39125 -0.957952 -0.96125 -0.96125 -0.83462843 -0.38875001 -0.38875 -0.38875 -0.38875 -0.055010865 -0.055 -0.045000008 -0.045 -0.049841542 -0.22875 -0.22875 -0.22875 -0.455 -0.455 -0.455 -0.3925 -0.3925 -0.43 -0.43 -0.43 -0.43000025 -0.77624805 -0.77624914 -0.47769713 -0.47032832 -0.76715759 -0.7675 -0.7675 -0.7675 -0.7675 -0.33 -0.33 -0.33 -0.12329524 -0.11125 -0.11125 -0.11125003 0.0925 0.0925 0.092494555 -0.05875 -0.058750503 -0.07 0.04875
-0.48122769 -0.48125002 -0.60125 -0.60125 -0.60125 -0.96125 -0.96125 -0.96125 -0.61375 -0.61375 -0.38875 -0.38875 -0.38875 -0.055 -0.055 -0.055 -0.055 -0.055019243 -0.22875 -0.22875 -0.22875001 -0.455 -0.455 -0.455 -0.3925 -0.3925 -0.43 -0.43 -0.43 -0.77234601 -0.77625 -0.77625 -0.77625 -0.77625 -0.76750432 -0.7675 -0.7675 -0.7675 -0.7675 -0.59499993 -0.595 -0.595 -0.595 -0.11125117 -0.26375 -0.26375 -0.26375 0.01625 0.01625 0.01625 -0.07 -0.07 -0.07
-0.48125 -0.48125 -0.60125 -0.60125 -0.60125 -0.95935778 -0.96125 -0.61375 -0.61375 -0.61375 -0.3887777 -0.38875 -0.42960624 -0.055000088 -0.055 -0.055 -0.055 -0.31625 -0.31625 -0.31625 -0.39375 -0.39375005 -0.4549997 -0.455 -0.45511436 -0.6775 -0.6775 -0.67749941 -0.43004 -0.92622011 -0.9262492 -0.92622381 -0.77650637 -0.77637945 -0.76915631 -0.76750016 -0.76892846 -1.19375 -1.19375 -0.595 -0.595 -0.595 -0.595 -0.26375 -0.26375 -0.26375 -0.26375 0.01625 0.01625 0.01625 -0.07 -0.07 -0.07
-0.48125 -0.48125 -0.60125 -0.60125 -0.60125 -0.60125 -0.8311909 -0.61375 -0.61375 -0.61375 -0.61365333 -0.43875 -0.43875 -0.43875 -0.057261527 -0.055 -0.31450909 -0.31625 -0.31625 -0.31625 -0.39375 -0.39375 -0.39375 -0.39375 -0.6775 -0.6775 -0.6775 -0.6775 -0.6775 -0.92625 -0.92625 -0.92625 -0.92625 -0.92625012 -0.985 -1.19375 -1.19375 -1.19375 -1.19375 -1.1937479 -0.61625 -0.61625 -0.61625 -0.49381311 -0.24 -0.24 -0.24 0.016249993 0.016249676 -0.3175 -0.3175 -0.0025164211 -0.0025
-0.48125 -0.48125 -0.55793843 -0.60125 -0.60125 -0.60125 -0.81464288 -0.61438423 -0.61375 -0.61375 -0.43875001 -0.43875 -0.43875 -0.43875 -0.43875 -0.40727703 -0.31625 -0.31625 -0.31625 -0.31625 -0.3937494 -0.39375 -0.39375 -0.39375 -0.6775 -0.6775 -0.6775 -0.6775 -0.6775 -0.97982434 -0.92625 -0.92625 -0.92625 -0.985 -0.985 -0.9851621 -1.19375 -1.19375 -0.99396363 -0.83875003 -0.61625 -0.61625 -0.61625 -0.49626853 -0.24 -0.24 -0.24 -0.6775 -0.32198556 -0.3175 -0.3175 -0.0025 -0.0025
-0.8225 -0.8225 -0.8225 -0.65672346 -0.60141403 -0.815 -0.815 -0.815 -0.815 -0.4825 -0.4825 -0.43875 -0.43875 -0.43875 -0.43875 -0.43874224 -0.31625 -0.31625 -0.31625 -0.31625 -0.35993151 -0.39375 -0.39375 -0.38544089 -0.10302298 -0.6775 -0.6775 -0.6775 -0.99875 -0.99875 -0.99875 -0.9987497 -0.985 -0.985 -0.985 -0.985 -0.83875 -0.83875 -0.83875 -0.83875 -0.48875 -0.48875 -0.48875 -0.4937499 -0.49375 -0.49375 -0.49374992 -0.6775 -0.6775 -0.31793864 -0.3175 -0.0025007878 -0.0025
-0.8225 -0.8225 -0.8225 -0.82249401 -0.71125 -0.72633695 -0.815 -0.815 -0.815 -0.4825 -0.4825 -0.4825 -0.53625 -0.53625 -0.53625 -0.53624999 -0.31597065 -0.31625 -0.31625 -0.31625 -0.31740784 -0.076250872 -0.07625 -0.07625 -0.07625 -0.076250015 -0.40625 -0.40625 -0.99875 -0.99875 -0.99875 -0.99875 -0.98499991 -0.985 -0.985 -0.98498982 -0.83874999 -0.83875 -0.83875 -0.83743395 -0.48875 -0.48875 -0.48875 -0.49374977 -0.49375 -0.49375 -0.49375 -0.6775 -0.6775 -0.67749993 -0.15875 -0.15875 -0.11625
-0.8225 -0.8225 -0.8225 -0.71125026 -0.71125 -0.71125 -0.81499996 -0.815 -0.815 -0.4825 -0.4825 -0.4825 -0.53625 -0.53625 -0.53625 -0.50788057 -0.16375 -0.16375 -0.16375039 -0.31538864 -0.07625 -0.07625 -0.07625 -0.07625 -0.07625 -0.076498342 -0.40625 -0.40625 -0.40625 -0.99875 -0.99875 -0.99863816 -0.86 -0.86 -0.86 -0.45125 -0.45125 -0.53875 -0.53875 -0.53875 -0.24 -0.48867197 -0.48874835 -0.2675 -0.2675 -0.27607462 -0.49374971 -0.6775 -0.6775 -0.15875 -0.15875 -0.15875 -0.11625
-0.8225 -0.8225 -0.8225 -0.71125 -0.71125 -0.71125 -0.71125 -0.815 -0.815 -0.4825 -0.4825 -0.53410078 -0.53625 -0.53625 -0.53625 -0.16375 -0.16375 -0.16375 -0.16375 -0.16375 -0.07625 -0.07625 -0.07625 -0.07625 -0.07625 -0.40624887 -0.40625 -0.40625 -0.40625 -0.825 -0.825 -0.825 -0.86 -0.86 -0.86 -0.45125 -0.45125 -0.53875 -0.53875 -0.24 -0.24 -0.24 -0.2675 -0.2675 -0.2675 -0.2675 -0.23063638 0.18125 0.18125 0.18125 -0.15874999 0.43375 0.43375
-0.8225 -0.8225 -0.82234508 -0.71125 -0.71125 -0.71125 -0.71125 -0.77789082 -0.78125 -0.78073709 -0.4825 -0.53624937 -0.53625 -0.53625 -0.53624871 -0.16375 -0.16375 -0.16375 -0.16375 -0.16375 0.39484546 -0.07625 -0.07625 -0.07625 -0.076203915 -0.40621884 -0.40625 -0.40625 -0.40625 -0.825 -0.825 -0.825 -0.82500421 -0.86 -0.45125 -0.45125 -0.45125 -0.45125359 -0.53872963 -0.24 -0.24 -0.24 -0.26749833 -0.2675 -0.2675 -0.2675 0.18124948 0.18125 0.18125 0.18125 0.43375 0.43375 0.43375
-0.8625 -0.86249993 -0.71131385 -0.71125 -0.71125 -0.71125 -0.7812351 -0.78125 -0.78125 -0.78125 -0.52875001 -0.52875 -0.52875 -0.52875 -0.16543462 -0.16375 -0.16375 -0.16375 -0.16375 0.41499966 0.415 0.415 0.14749996 0.1475 0.1475 0.1475 0.099704252 -0.40625 -0.72248705 -0.7225 -0.7225 -0.7225 -0.7225 -0.4375 -0.4375 -0.4375 -0.4375 -0.4375 -0.10375 -0.10375 -0.10375 -0.10375 -0.10375 0.13314514 0.13375 0.13375 0.13375 0.18125 0.18125 0.18125 0.43371022 0.43375 0.43375
-0.8625 -0.8625 -0.85995681 -0.55875031 -0.55875003 -0.55896701 -0.78125 -0.78125 -0.78125 -0.78125 -0.52875 -0.52875 -0.52875 -0.52875 -0.52875 -0.16375 -0.16375 -0.16375 0.41499985 0.415 0.415 0.415 0.1475 0.1475 0.1475 0.1475 0.1475 0.14738195 -0.72251641 -0.7225 -0.7225 -0.7225 -0.72250659 -0.50765408 -0.43757264 -0.4375 -0.4375 -0.4375 -0.10375 -0.10375 -0.10375 -0.10375 -0.10375 0.13375 0.13375 0.13375 0.13375 0.15596193 0.18125 0.44452947 0.4475 0.34375 0.34375
