interpolatedSpi/01-08|21_3.tif
NCOLS 53
NROWS 52
XLLCORNER -116.03883
YLLCORNER 28.596182
DX 0.49850594
DY 0.49788537
NODATA_VALUE -9999
[rows 0 to 35 of 52, columns 0 to 52 of 53]
-0.91 -0.91 -0.89989851 -1.21625 -1.16125 -1.4925 -1.2975 -1.22125 -1.1773939 -1.35 -1.355 -1.03875 -1.6599257 -0.7575 -1.40125 -1.40125 -1.40125 -0.39375 -0.6075 -0.6075 -0.6075 -0.6075007 -0.68 -0.74125 -0.74125 -0.74125 -0.17375234 -0.17375 -0.17375 -0.09875 -0.09875 -0.09875 -0.09875 -1.2162498 -1.21625 -1.21625 -1.21625 -1.21625 -1.21625 -1.2162499 0.70925931 0.72960373 -0.825 -0.825 -0.825 -0.825 -0.82459983 -0.58 -0.58 -0.58 0.96499679 0.965 0.965
-0.91002449 -1.46125 -1.2799998 -1.3698146 -1.5725964 -0.9125 -0.99375 -1.4635873 -1.69125 -1.5625 -1.455 -1.66 -1.66 -0.91945815 -0.75750765 -1.40125 -0.39375 -0.39375 -0.6072213 -0.6075 -0.6075 -0.6075 -0.76039674 -0.74125 -0.74125 -0.74125 -1.2075 -1.2075 -0.09875 -0.09875 -0.09875 -0.09875 -0.09875 -1.2162498 -1.21625 -1.21625 -1.21625 -1.21625 -1.21625 -1.158009 -0.89374883 -0.83334214 -0.825 -0.825 -0.825 -0.825 -0.825 -0.58 -0.58 -0.58 -0.45188712 0.965 0.965
-1.639976 -1.64 -1.075 -0.92875 -1.1675 -1.46 -0.9075 -1.28125 -1.57875 -1.62625 -1.3375 -1.72 -0.98375 -1.5475 -0.92 -1.695 -0.39375 -0.39375 -0.39375 -0.95364934 -0.95375 -0.95375 -1.105 -0.74125 -0.74125 -0.74125 -1.2075 -1.2075 -1.2075 -0.09875 -0.09875 -0.098750053 -0.62889182 -1.2151111 -1.211026 -0.660143 -0.655 -0.655 -0.68502846 -0.89375 -0.89375 -0.89366209 -0.825 -0.825 -0.825 -0.825 -0.825 -0.58 -0.58 -0.58 -0.58 0.965 0.965
-0.47125 -1.6399999 -1.2050136 -0.3925 -1.0525 -1.2525 -1.07375 -1.34625 -1.18875 -1.2605049 -1.25125 -1.8475 -1.8025 -1.5475 -1.44625 -1.695 -1.7520601 -1.751548 -1.7525 -0.95375 -0.95375 -1.76 -1.105 -1.105 -0.74125 -0.74125233 -1.2075 -1.2075 -1.2075 -1.04 -1.1277884 -1.2 -1.2 -1.1999996 -0.655 -0.655 -0.655 -0.655 -0.89375 -0.89375 -0.89375 -0.89375 -0.825 -0.825 -0.825 -0.825 -0.825 -0.58000309 -0.58 -0.58 -0.58 0.96493622 0.965
-0.47125 -0.18500187 -1.205 -1.3698924 -1.0525 -1.0275 -1.4999662 -1.0325 -1.27375 -1.0825001 -1.6159647 -1.8699257 -1.35125 -1.44625 -1.44625 -1.6135916 -1.7525 -1.7525 -1.7525 -1.7525 -0.95375157 -1.76 -1.46 -0.73 -0.58125 -0.58116012 -1.2075 -1.2075 -1.04 -1.04 -1.2 -1.2 -1.2 -1.0632845 -0.655 -0.655 -0.655 -0.89375 -0.89375 -0.89375 -0.89375 -0.89373456 -0.825 -0.825 -0.825 -0.825 -0.825 -0.8228192 -0.58 -0.58001827 -0.9875 -0.9875 -0.9875
-1.525 -0.74625 -0.31750002 -0.84125 -1.52125 -1.0275 -1.3225 -1.2853717 -1.205 -0.89625 -0.83 -0.55625 -0.55625052 -0.89 -0.89 -1.4062132 -1.40625 -1.29125 -1.29125 -1.7524991 -1.345 -1.345 -0.73 -0.58125 -0.58125 -0.19625 -0.71375 -0.71375 -0.43755492 -1.04 -1.2 -1.2 -0.475 -0.47503161 -0.77747845 -1.16625 -1.16625 -0.9780541 -0.89375 -0.89375 -0.73394955 -0.73375 -0.73374967 -1.7692813 -1.7861438 -1.7862497 -1.78625 -1.7862496 -1.5172941 -0.9875 -0.9875 -0.9875 -0.9875
-0.32250112 -0.42375 -0.15020675 -0.375 -0.64125 -1.4975 -0.81999999 -0.93625 -0.97625 -0.97625 -0.83 -1.0725 -0.57875008 -0.89 -1.2537489 -1.25375 -1.40625 -0.85125 -0.73125 -0.73125 -1.3078879 -1.26625 -1.26625 0.013749992 -0.19625 -0.19625 -0.71375 -0.71375 -0.43750918 -0.43766898 -0.67599841 -0.475 -0.475 -0.7775 -0.7775 -1.2268412 -1.16625 -1.16625 -0.98250637 -0.73375035 -0.73375 -0.73375 -0.73374926 -1.7862478 -1.78625 -1.78625 -1.78625 -1.7862499 -1.64 -0.98762931 -0.9875 -0.9875 -0.9875
-0.3225 0.1825 0.17125 -0.94125 -1.3062291 -1.26 -0.77625 -1.3575 -1.1875 -1.045 -1.045 -0.87875 -0.57875 -0.57875 -1.2491189 -1.4495627 -1.46875 -0.54875 -1.0824996 -0.73125 -0.31334735 -0.29 -0.655 -0.0012500028 -0.0012546594 -0.3625 -0.55875 -0.55875005 -0.5944481 -0.595 -0.67625 -1.0424272 -0.68875 -0.7775 -0.79710832 -1.2775 -1.2775 -0.9825 -0.9825 -0.73375 -0.73375 -0.73375 -1.3798614 -1.38375 -1.78625 -1.78625 -1.78625 -1.6400056 -1.64 -1.64 -0.9875 -0.9875 -0.9875
-0.05152122 0.1825 0.47 -0.24125 -0.98375 -1.17375 -1.24625 -1.3 -1.43875 -1.2433778 -1.08125 -0.90500001 -0.905 -0.9 -0.90000314 -1.2219398 -1.22125 -1.22125 -0.63022776 -0.71874997 -0.565 -0.565 -0.63 -0.64514791 -0.32609554 -0.3625 -0.31875 -0.55875 -0.66935353 -0.67 -1.14125 -0.6875 -0.82789303 -1.335 -1.465 -1.57375 -1.56 -1.4525 -1.2588395 -0.7330358 -0.57375 -0.845 -1.3836908 -1.38375 -1.3860155 -1.78625 -1.87125 -1.64 -1.64 -1.64 -1.64 -0.94127661 -0.57125
-1.36 -1.36 0.27875 -0.415 -1.10625 -1.3975 -1.1975 -1.26625 -1.365 -1.1937188 -1.43 -0.06625 -0.9 -0.9 -1.23375 -1.2335786 -1.22125 -1.2212407 -1.13625 -0.71875 -0.71875 -0.69894185 -0.63 -0.69374879 -0.69375 -0.69375 -0.31875 -0.2875 -0.2875 -0.67 -0.67 -0.68802868 -0.96625 -1.335 -0.7475 -1.57375 -1.56 -1.25 -1.25875 -1.0349371 -0.84499999 -0.90928439 -1.02 -1.38375 -1.38375 -1.87125 -1.87125 -1.87125 -1.64 -1.64 -0.61625 -0.61625 -0.61624998
-1.36 -1.36 -0.51 -1.2525 -1.165 -0.65625 -1.1 -1.1988681 -1.31375 -1.30375 -1.3225 -1.03875 -0.067545919 -1.23375 -1.23375 -1.2337895 -1.57625 -1.5531567 -1.13625 -1.38875 -1.38875 -0.92875 -0.92875 -0.69375 -0.69375 -0.69375 -0.2875 -0.2875 -0.2875 -1.39 -1.39 -1.3899993 -1.195 -1.195 -1.33125 -1.89625 -1.275 -2.0924914 -1.4925 -1.03125 -1.03125 -0.44750188 -1.02 -1.38375 -1.4337502 -1.67375 -0.97512609 -0.97125 -0.89125 -0.89125 -0.61625 -0.61625 -0.61625
-1.36 -0.99315408 -0.82685123 -1.1249994 -0.42375 -1.3825 -1.1 -1.19875 -1.313749 -1.3038608 -1.0387503 -1.03875 -0.995 -1.23375 -1.23375 -1.57625 -1.57625 -1.576225 -1.13625 -1.38875 -1.2984154 -0.92875 -0.92875 -0.69376008 -0.69375 -0.79072227 -0.98875 -0.98875 -0.98874991 -1.39 -1.39 -1.5675 -1.5675 -1.1950004 -1.33125 -1.5937501 -1.2437312 -2.0925 -2.0925 -1.03125 -0.4475 -0.4475 -0.44750722 -1.43375 -1.43375 -1.67375 -0.97125 -0.97125 -0.89125 -0.89125 -0.61625 -0.61625 -0.61625
-1.81875 -0.99221609 -1.0225077 -1.0232333 -0.42375496 -1.3824774 -1.1 -1.1975344 -1.3058253 -1.3134889 -0.995 -0.995 -0.995 -0.995 -1.2337162 -1.57625 -1.57625 -1.5705689 -1.13625 -1.388803 -1.5775 -1.5775 -1.5775 -1.5775 -0.70894641 -0.98875 -0.98875 -0.98875 -0.98875 -0.98911163 -1.5675 -1.5675 -1.5675 -1.5675 -1.59375 -1.59375 -1.59375 -2.0672707 -2.0891766 -1.65 -1.65 -0.44756468 -1.2912549 -1.4337363 -1.43375 -1.67375 -0.97125 -0.97125 -0.89125 -0.89125 -0.61724767 -0.61625 -0.22384742
-1.81875 -1.0225 -1.0225 -1.0225 -1.0225 -1.0225001 -1.100723 -1.1467398 -1.284683 -0.99534306 -0.995 -0.995 -0.995 -0.995 -0.99500016 -1.57625 -1.5762499 -1.546069 -1.1362576 -1.5775 -1.5775 -1.5775 -1.5775 -1.5775 -1.5747416 -1.3035765 -1.4499999 -1.45 -1.45 -1.45 -1.5675 -1.5675 -1.5674998 -1.415 -1.415 -1.59375 -1.4357688 -1.43125 -1.6499999 -1.65 -1.65 -1.65 -1.29125 -1.29125 -1.29125 -1.2939119 -0.96270283 -0.9625 -0.9625 -0.9625 -0.9625 -0.6225 -0.6225
-1.315 -1.0225 -1.0225 -1.0225 -1.0225 -1.0225 -1.0225 -1.1328344 -1.2115525 -1.21125 -1.21125 -1.21125 -1.21125 -1.21125 -1.21125 -1.11332 -1.5688315 -1.5159992 -1.5774447 -1.5775 -1.5775 -1.5775 -1.5775 -1.5774996 -1.45 -1.45 -1.45 -1.45 -1.45 -1.4503104 -1.605 -1.605 -1.415 -1.415 -1.415 -1.4286468 -1.43125 -1.43125 -1.43125 -1.65 -1.65 -1.65 -1.29125 -1.29125 -1.29125 -1.29125 -0.9625 -0.9625 -0.9625 -0.9625 -0.9625 -0.6225 -0.6225
-1.315 -1.2061056 -1.0225 -1.0225 -1.0225 -1.0225 -1.1562237 -1.15625 -1.15625 -1.21125 -1.21125 -1.21125 -1.21125 -1.21125 -1.1891893 -1.11125 -1.11125 -1.11125 -1.2696899 -1.2687503 -1.26875 -1.26875 -1.26875 -1.26875 -1.45 -1.45 -1.45 -1.45 -1.45 -1.605 -1.605 -1.605 -1.415 -1.415 -1.415 -1.17375 -1.4309091 -1.43125 -1.43125 -1.6498634 -1.3773807 -0.74147353 -1.29125 -1.29125 -0.76413175 -0.7625 -0.7625 -0.96157568 -0.40196568 -0.40000005 -0.40000011 -0.018841479 -0.62249877
-1.315 -1.2566113 -1.1401557 -1.0225 -1.0225 -1.156171 -1.15625 -1.15625 -1.15625 -1.1566463 -1.21125 -1.21125 -1.21125 -1.21125 -1.11125 -1.11125 -1.11125 -1.11125 -1.2686093 -1.26875 -1.26875 -1.26875 -1.26875 -1.26875 -1.45 -1.45 -1.45 -1.45 -1.4505638 -1.605 -1.605 -1.605 -1.56125 -1.414979 -1.17375 -1.17375 -1.17375 -1.1699767 -0.78259208 -0.73875 -0.73875 -0.73875 -0.97125 -0.97125 -0.7625 -0.7625 -0.7625 -0.4 -0.4 -0.4 -0.4 -0.01875 -0.01875
-1.2549663 -1.255 -1.255 -1.255 -1.06875 -1.1562477 -1.15625 -1.15625 -1.15625 -1.15625 -1.1919444 -1.2112467 -1.21125 -1.11125 -1.11125 -1.11125 -1.11125 -1.11125 -1.1131809 -1.26875 -1.26875 -1.26875 -1.26875 -1.26875 -1.3709618 -1.3975003 -1.3975 -1.3975 -1.3975 -1.605 -1.56125 -1.56125 -1.56125 -1.56125 -1.17375 -1.1737409 -0.82875 -0.82875 -0.73987378 -0.73875 -0.73875 -0.73875 -0.97125 -0.97125 -0.79482169 -0.7625 -0.7625 -0.4 -0.4 -0.4 -0.39591201 -0.01875 -0.01875
-1.255 -1.255 -1.255 -1.1672921 -1.06875 -1.06875 -1.15625 -1.15625 -1.15625 -1.15625 -0.95625 -0.95625 -0.95625 -1.11125 -1.11125 -1.11125 -1.11125 -1.1111544 -0.94625 -0.94625 -1.2687499 -1.26875 -1.275719 -1.555 -1.5535821 -1.3975 -1.3975 -1.3975 -1.3975 -1.5612333 -1.56125 -1.56125 -1.56125 -1.56125 -0.82875121 -0.82875 -0.82875 -0.82875 -0.82841937 -0.73875 -0.73875 -0.73875 -0.97125 -0.97125 -0.97125 -0.7625 -0.7625 -0.40000001 -0.4 -0.4 -0.01875 -0.01875 -0.01875
-1.255 -1.255 -1.255 -1.06875 -1.06875 -1.06875 -1.0687501 -1.15625 -1.15625 -0.95645646 -0.95625 -0.95625 -0.95625 -0.95634656 -0.64279678 -0.5325 -0.5325 -0.5325 -0.94625 -0.94625 -0.94625 -1.555 -1.555 -1.555 -1.5546814 -0.88346618 -1.3975 -1.3975 -1.3975 -1.1294531 -1.0350518 -1.035 -1.035 -1.035 -0.72729048 -0.58375056 -0.58375 -0.58375 -0.58375 -0.49378352 -0.49375 -0.49375 -0.97125 -0.97125 -0.82125063 -0.82124993 -0.6275 -0.6275 -0.34 -0.34 -0.34 -0.01875 -0.052469823
-1.2549978 -1.255 -1.255 -1.06875 -1.06875 -1.06875 -1.06875 -0.85750009 -1.1550555 -0.95607658 -0.95625 -0.95625 -0.95625 -0.95541849 -0.5325 -0.5325 -0.5325 -0.53250012 -0.94625 -0.94625 -0.94625 -1.555 -1.555 -1.555 -0.4175 -0.4175 -0.61625 -0.61625 -0.61625 -0.61853441 -1.035 -1.035 -1.035 -1.035 -0.80949888 -0.58375 -0.58375 -0.58375 -0.58375 -0.49375 -0.49375 -0.49375 -0.5040544 -0.82125 -0.82125 -0.82125 -0.6275 -0.6275 -0.34 -0.34 -0.34 -0.05250001 -0.0525
-0.54375 -0.88167932 -1.1075 -1.1074888 -1.06875 -0.85872229 -0.8575 -0.8575 -0.85932189 -0.765 -0.765 -0.765 -0.765 -0.1475201 -0.1475 -0.5324997 -0.5325 -0.5434017 -0.94625 -0.94625 -0.94625 -0.39875 -0.39875 -0.39875 -0.4175 -0.4175 -0.61625 -0.61625 -0.61625 -0.6162498 -0.34500439 -0.34500194 -1.0176579 -1.0342603 -0.46939397 -0.46875 -0.46875 -0.46875 -0.46875 -0.49375 -0.49375 -0.49375 -0.80321671 -0.82125 -0.82125 -0.82124997 -0.6275 -0.6275 -0.62748965 -0.34 -0.34001861 -0.75625 -0.0525
-0.94367404 -0.94375003 -1.1075 -1.1075 -1.1075 -0.8575 -0.8575 -0.8575 -0.8625 -0.8625 -0.765 -0.765 -0.765 -0.1475 -0.1475 -0.1475 -0.1475 -0.1475901 -0.94625 -0.94625 -0.94624998 -0.39875 -0.39875 -0.39875 -0.4175 -0.4175 -0.61625 -0.61625 -0.61625 -0.34805836 -0.345 -0.345 -0.345 -0.345 -0.46868894 -0.46875 -0.46875 -0.46875 -0.46875 -0.32375004 -0.32375 -0.32375 -0.32375 -0.82124867 -0.6475 -0.6475 -0.6475 -0.84375 -0.84375 -0.84375 -0.75625 -0.75625 -0.75625
-0.94375 -0.94375 -1.1075 -1.1075 -1.1075 -0.85881404 -0.8575 -0.8625 -0.8625 -0.8625 -0.765012 -0.765 -0.60668208 -0.1475001 -0.1475 -0.1475 -0.1475 -0.22875 -0.22875 -0.22875 -0.16375001 -0.16375017 -0.39874886 -0.39875 -0.39867523 -0.26375 -0.26375 -0.26375084 -0.61619303 0.10616007 0.1062476 0.10617122 -0.34422877 -0.34461058 -0.44641545 -0.46874974 -0.46653819 0.19125 0.19125 -0.32375 -0.32375 -0.32375 -0.32375 -0.6475 -0.6475 -0.6475 -0.6475 -0.84375 -0.84375 -0.84375 -0.75625 -0.75625 -0.75625
-0.94375 -0.94375 -1.1075 -1.1075 -1.1075 -1.1075 -0.85937135 -0.8625 -0.8625 -0.8625 -0.86233912 -0.57125 -0.57125 -0.57125 -0.14999726 -0.1475 -0.22820857 -0.22875 -0.22875 -0.22875 -0.16375 -0.16375 -0.16375 -0.16375 -0.26375 -0.26375 -0.26375 -0.26375 -0.26375 0.10625 0.10625 0.10625 0.10625 0.10625042 0.305 0.19125 0.19125 0.19125 0.19125 0.19124888 -0.08125 -0.08125 -0.08125 -0.27121035 -0.665 -0.665 -0.665 -0.84374999 -0.84374951 -0.3425 -0.3425 -0.27386738 -0.27375
-0.94375 -0.94375 -1.0483977 -1.1075 -1.1075 -1.1075 -0.92738466 -0.86270484 -0.8625 -0.8625 -0.57125001 -0.57125 -0.57125 -0.57125 -0.57125 -0.53646563 -0.22875 -0.22875 -0.22875 -0.22875 -0.1637505 -0.16375 -0.16375 -0.16375 -0.26375 -0.26375 -0.26375 -0.26375 -0.26375 0.15705325 0.10625 0.10625 0.10625 0.305 0.305 0.30491167 0.19125 0.19125 0.4768601 0.69874995 -0.08125 -0.08125 -0.08125 -0.26565221 -0.665 -0.665 -0.665 0.4825 -0.33222058 -0.3425 -0.3425 -0.27375 -0.27375
-0.45875 -0.45875 -0.45875 -0.94484054 -1.1067957 -0.9275 -0.9275 -0.9275 -0.9275 -0.61125 -0.61125 -0.57125 -0.57125 -0.57125 -0.57125 -0.57122828 -0.22875 -0.22875 -0.22875 -0.22875 -0.19211389 -0.16375 -0.16375 -0.14971611 0.3441685 -0.26375 -0.26375 -0.26375 0.175 0.175 0.175 0.17499971 0.305 0.305 0.305 0.305 0.69875 0.69875 0.69875 0.69875 0.125 0.125 0.125 0.22249804 0.2225 0.2225 0.22249972 0.4825 0.4825 -0.34149478 -0.3425 -0.27374572 -0.27375
-0.45875 -0.45875 -0.45875 -0.45875889 -0.62375 -0.66792024 -0.9275 -0.9275 -0.9275 -0.61125 -0.61125 -0.61125 -0.22375002 -0.22375 -0.22375 -0.22375001 -0.22936137 -0.22875 -0.22875 -0.22875 -0.22773509 0.37249853 0.3725 0.3725 0.3725 0.37249999 0.3775 0.3775 0.175 0.175 0.175 0.175 0.30500034 0.305 0.305 0.30503818 0.69874999 0.69875 0.69875 0.69697333 0.125 0.125 0.125 0.22249548 0.2225 0.2225 0.2225 0.4825 0.4825 0.48250001 0.575 0.575 0.4
-0.45875 -0.45875 -0.45875 -0.62374962 -0.62375 -0.62375 -0.92749989 -0.9275 -0.9275 -0.61125 -0.61125 -0.61125 -0.22375 -0.22375 -0.22375 -0.24954905 -0.5625 -0.5625 -0.56249914 -0.2306351 0.3725 0.3725 0.3725 0.3725 0.3725 0.37250376 0.3775 0.3775 0.3775 0.175 0.175 0.17490265 0.77375 0.77375 0.77375 0.027500003 0.027500001 0.29375 0.29375 0.29375 0.1425 0.12500549 0.12500215 0.41375 0.41375 0.40650184 0.22250095 0.4825 0.4825 0.575 0.575 0.575 0.4
-0.45875 -0.45875 -0.45875 -0.62375 -0.62375 -0.62375 -0.62375 -0.9275 -0.9275 -0.61125 -0.61125 -0.23924441 -0.22375 -0.22375 -0.22375 -0.5625 -0.5625 -0.5625 -0.5625 -0.5625 0.3725 0.3725 0.3725 0.3725 0.3725 0.37749998 0.3775 0.3775 0.3775 0.02375 0.02375 0.02375 0.77375 0.77375 0.77375 0.0275 0.0275 0.29375 0.29375 0.1425 0.1425 0.1425 0.41375 0.41375 0.41375 0.41375 0.42679089 0.5725 0.5725 0.5725 0.575 0.5325 0.5325
-0.45875 -0.45875 -0.45897977 -0.62375 -0.62375 -0.62375 -0.62375 -0.52378876 -0.51875 -0.51890881 -0.61124999 -0.22376738 -0.22375 -0.22375 -0.22375117 -0.5625 -0.5625 -0.5625 -0.5625 -0.5625 0.1878307 0.3725 0.3725 0.3725 0.37254557 0.37751217 0.3775 0.3775 0.3775 0.02375 0.02375 0.02375 0.023859878 0.77375 0.0275 0.0275 0.0275 0.027511096 0.29373969 0.1425 0.1425 0.1425 0.41373353 0.41375 0.41375 0.41375 0.57250114 0.5725 0.5725 0.5725 0.5325 0.5325 0.5325
-0.695 -0.69499959 -0.62366574 -0.62375 -0.62375 -0.62375 -0.51877234 -0.51875 -0.51875 -0.51875 -0.43125 -0.43125 -0.43125 -0.43125 -0.5618942 -0.5625 -0.5625 -0.5625 -0.5625 0.17999956 0.18 0.18 0.59374996 0.59375 0.59375 0.59375 0.57508484 0.3775 0.2212564 0.22125 0.22125 0.22125 0.22125 0.22125 0.22125 0.22125 0.22125 0.22125 0.58 0.58 0.58 0.58 0.58 0.68708734 0.6875 0.6875 0.6875 0.5725 0.5725 0.5725 0.5325063 0.5325 0.5325
-0.695 -0.695 -0.69092886 -0.20875083 -0.20875009 -0.20905249 -0.51875 -0.51875 -0.51875 -0.51875 -0.43125 -0.43125 -0.43125 -0.43125 -0.43125 -0.5625 -0.5625 -0.5625 0.17999981 0.18 0.18 0.18 0.59375 0.59375 0.59375 0.59375 0.59375 0.59370387 0.22124083 0.22125 0.22125 0.22125 0.22124632 0.19786531 0.22122579 0.22125 0.22125 0.22125 0.58 0.58 0.58 0.58 0.58 0.6875 0.6875 0.6875 0.6875 0.63372375 0.5725 0.10032743 0.095 -0.02625 -0.02625
-0.695 -0.695 -0.20881159 -0.20875 -0.20875 -0.20875 -0.28748869 -0.51875 -0.51875 -0.51875 -0.43125 -0.43125 -0.43125 -0.43125 -0.43125 -0.56239866 -0.5625 0.1797823 0.18 0.18 0.18 0.18 0.44047363 0.59375 0.59375 0.59375 0.59375 0.59346935 0.1975 0.1975 0.1975 0.1975 0.1975 0.18 0.18 0.18 0.18 0.18 0.53375 0.53375 0.53375 0.53375 0.53375 0.68725278 0.68749995 0.6875 0.68748284 0.68534955 0.095 0.095 0.095 -0.026249321 -0.02625
-0.69499971 -0.54179625 -0.20875005 -0.20875 -0.20875 -0.20875 -0.20875 -0.51861801 -0.51875 -0.51875 -0.43125 -0.43125 -0.43125 -0.43125 -0.39336069 -0.3925 -0.3925 0.17998527 0.18 0.18 0.18 0.18 0.17999999 0.59375 0.59375 0.59375 0.59375 0.16250005 0.16250002 0.16994885 0.1975 0.1975 0.1975 0.18 0.18 0.18 0.18 0.18001693 0.53375 0.53375 0.53375 0.53375 0.53375182 0.58625 0.58625 0.58625 0.58625 0.58621038 0.095 0.095 0.095 0.094999978 0.057498168
-0.53875 -0.53875 -0.46035746 -0.20875 -0.20875 -0.20875 -0.20875 -0.20875 -0.51861719 -0.26 -0.26 -0.26 -0.26040641 -0.39250006 -0.3925 -0.3925 -0.3925 -0.3925 0.17999807 0.16346018 0.01875 0.01875 0.01875 0.16253535 0.54742895 0.29957378 0.090516975 0.1625 0.1625 0.1625 0.1625 0.1625 0.1666346 0.20728677 0.205 0.205 0.205 0.205 0.53821147 0.55749996 0.5575 0.5575 0.5575 0.22250107 0.58624991 0.58625 0.58625 0.11875 0.09500038 0.095 0.095 0.05875 0.05875
