interpolatedSpi/01-09|20_3.tif
NCOLS 53
NROWS 52
XLLCORNER -116.03883
YLLCORNER 28.596182
DX 0.49850594
DY 0.49788537
NODATA_VALUE -9999
[rows 0 to 26 of 52, columns 0 to 52 of 53]
0.52 0.52 0.093016148 -0.20666667 0.31111111 0.26777778 0.58888889 0.56444444 0.0011582499 -0.23777778 -0.31555556 0.073333333 -0.15327185 0.59333333 0.11111111 0.11111111 0.11111111 0.40666667 0.26 0.26 0.26 0.25999829 0.08222222 -0.15444444 -0.15444444 -0.15444444 0.48111347 0.48111111 0.48111111 0.087777778 0.087777778 0.087777778 0.087777778 0.20333331 0.20333333 0.20333333 0.20333333 0.20333333 0.20333333 0.20333335 0.72768491 0.73311005 -0.14333333 -0.14333333 -0.14333333 -0.14333333 -0.14270177 0.24333333 0.24333333 0.24333333 0.95777629 0.95777778 0.95777778
0.51998361 0.15111111 0.17777846 0.30073822 0.63969327 0.68888889 0.66888889 0.39358745 0.028888889 0.08 0.0033333333 -0.15333333 -0.15333333 0.48037791 0.5933277 0.11111111 0.40666667 0.40666667 0.26019123 0.26 0.26 0.26 -0.17789719 -0.15444444 -0.15444444 -0.15444444 -0.071111117 -0.071111111 0.087777778 0.087777778 0.087777778 0.087777778 0.087777778 0.20333332 0.20333333 0.20333333 0.20333333 0.20333333 0.20333333 0.15195179 -0.13440868 -0.14225449 -0.14333333 -0.14333333 -0.14333333 -0.14333333 -0.14333333 0.24333333 0.24333333 0.24333333 0.30257575 0.95777778 0.95777778
1.3477353 1.3477778 0.77 1.2822222 0.64444444 0.40222222 0.53666667 0.10222222 0.28666667 0.11444444 0.51333333 -0.30111111 -0.58888889 0.084444444 0.48 0.31222222 0.40666667 0.40666667 0.40666667 0.027845285 0.027777778 0.027777778 -0.6 -0.15444444 -0.15444444 -0.15444444 -0.071111111 -0.071111111 -0.071111111 0.087777778 0.087777778 0.087777741 -0.28343516 0.20259171 0.20339539 0.20993891 0.21 0.21 0.16667797 -0.13444444 -0.13444444 -0.13445581 -0.14333333 -0.14333333 -0.14333333 -0.14333333 -0.14333333 0.24333333 0.24333333 0.24333333 0.24333333 0.95777778 0.95777778
0.40777778 1.3477776 0.37107213 0.69222222 0.11 0.55333333 0.72777778 -0.30111111 0.23 0.20394535 0.17111111 0.13888889 0.038888889 0.084444444 0.12 0.31222222 -0.51914576 -0.52490239 -0.50444444 0.027777778 0.027777778 -1.2466667 -0.6 -0.6 -0.15444444 -0.15444403 -0.071111111 -0.071111111 -0.071111111 -0.77666667 -0.72545675 -0.68333333 -0.68333333 -0.68333263 0.21 0.21 0.21 0.21 -0.13444444 -0.13444444 -0.13444444 -0.13444444 -0.14333333 -0.14333333 -0.14333333 -0.14333333 -0.14333333 0.24332846 0.24333333 0.24333333 0.24333333 0.95770131 0.95777778
0.40777778 0.011111771 0.37111111 0.2549008 0.11 0.43777778 0.16114868 -0.082222222 -0.24666667 0.084444362 -0.010729651 -0.054389218 0.33111111 0.12 0.12 0.23545294 -0.52555556 -0.52555556 -0.50444444 -0.50444444 0.027775209 -1.2466667 -1.58 -0.65111111 -0.59333333 -0.59343636 -0.071111111 -0.071111111 -0.77666667 -0.77666667 -0.68333333 -0.68333333 -0.68333333 -0.66908554 0.21 0.21 0.21 -0.13444444 -0.13444444 -0.13444444 -0.13444444 -0.13442278 -0.14333333 -0.14333333 -0.14333333 -0.14333333 -0.14333333 -0.13989152 0.24333333 0.24326039 -1.3833333 -1.3833333 -1.3833333
-0.88777778 0.13444444 0.72888888 0.22333333 0.49666667 0.64 0.23888889 0.19777747 0.29555556 -0.11333333 0.30111111 -0.23111111 -0.23111074 -0.044444444 -0.044444444 -0.32891786 -0.32888889 -0.71888889 -0.71888889 -0.50444486 -1.4855556 -1.4855556 -0.65111111 -0.59333333 -0.59333333 -1.0344444 -1.3722222 -1.3722222 -0.19560894 -0.77666667 -0.68333333 -0.68333333 -0.60777778 -0.60775909 -0.42890178 -0.67666667 -0.67666667 -0.30219327 -0.13444444 -0.13444444 0.08972007 0.090000001 0.090000802 -1.2926796 -1.313204 -1.313333 -1.3133333 -1.3133329 -1.8219653 -1.3833333 -1.3833333 -1.3833333 -1.3833333
-0.93111077 0.11 -0.62979161 0.36222222 0.95111111 0.15444444 0.25888889 0.31777778 -0.05 -0.05 0.30111111 -0.046666667 -0.5333334 -0.044444444 -0.44888768 -0.44888889 -0.32888889 -0.65222222 -0.97111111 -0.97111111 -1.475083 -1.4633333 -1.4633333 -1.3866667 -1.0344444 -1.0344444 -1.3722222 -1.3722222 -0.1955823 -0.19604791 0.087704059 -0.60777778 -0.60777778 -0.42888889 -0.42888889 -0.87394739 -0.67666667 -0.67666667 -1.47775 0.089997817 0.09 0.09 0.09000278 -1.3133301 -1.3133333 -1.3133333 -1.3133333 -1.3133337 -1.9688889 -1.3834494 -1.3833333 -1.3833333 -1.3833333
-0.93111111 -1.2266667 -0.39666667 -0.70666667 -1.0210931 -0.31777778 -0.033333333 -0.50999998 -0.24222222 -0.41777778 -0.41777778 -0.83222222 -0.53333333 -0.53333333 -0.44946826 -0.60877733 -0.62444444 -0.45111111 -0.78666686 -0.97111111 -1.1163166 -1.06 -1.6288889 -1.0011111 -1.0011155 -1.3411111 -1.5655556 -1.5655555 -0.65283643 -0.65444443 0.09 -0.25208392 -0.33111111 -0.42888889 -0.44137484 -1.0388889 -1.0388889 -1.4777778 -1.4777778 0.09 0.09 0.090000008 -0.73191522 -0.73444447 -1.3133333 -1.3133333 -1.3133333 -1.9688639 -1.9688889 -1.9688889 -1.3833333 -1.3833333 -1.3833333
-1.2076179 -1.2266667 -1.16 -0.48333333 -0.29666667 -0.57222222 -0.32111111 0.38444444 0.26333333 0.36965835 -0.024444444 -0.29888889 -0.29888889 -0.69888889 -0.6988849 -0.96571286 -0.96666667 -0.96666667 -0.50233419 -1.5366667 -1.7233333 -1.7233333 -1.2877778 -1.4944626 -1.3068481 -1.3411111 -1.4066667 -1.5655556 -0.91933271 -0.91555556 -0.23 0.51555556 0.14061125 -0.86777778 -0.86666667 -0.89 -0.85555556 -0.63111111 -0.8654473 0.091621838 0.45333333 -0.44111111 -0.73441224 -0.73444444 -0.73770274 -1.3133333 -1.5211111 -1.9688889 -1.9688889 -1.9688889 -1.9688889 -1.3461194 -1.1922222
-1.1011111 -1.1011111 -1.1066667 -0.67777778 -0.27888889 -0.27333333 -0.17888889 -0.037777778 0.57777778 0.39664471 0.038888889 -0.13444444 -0.69888889 -0.69888889 -0.27444444 -0.28393858 -0.96666667 -0.96665906 -0.97444444 -1.5366667 -1.5366667 -1.5607156 -1.2877778 -1.4833296 -1.4833333 -1.4833333 -1.4066667 -0.57 -0.57 -0.91555556 -0.91555556 0.51414363 -0.22888889 -0.86777778 -0.69666667 -0.89 -0.85555556 -1.4466667 -0.86555556 0.48333396 -0.44111107 -0.47621243 -0.53666667 -0.73444444 -0.73444444 -1.5211111 -1.5211111 -1.5211111 -1.9688889 -1.9688889 -1.0844444 -1.0844444 -1.0844445
-1.1011111 -1.1011111 -1.5777778 -1.3655556 -0.96222222 -0.52444444 -0.71444443 0.068748095 -0.19 -0.12 -0.05 -0.20111111 -0.13453403 -0.27444444 -0.27444444 -0.27447764 -0.56222222 -0.58385758 -0.97444444 -0.31111111 -0.31111111 -0.64888889 -0.64888889 -1.4833333 -1.4833333 -1.4833333 -0.57 -0.57 -0.57 -1.1166667 -1.1166667 -1.1166652 -0.73 -0.73 -0.76666667 -1.2433333 -0.64444444 -0.88777745 -1.3111111 0.50555556 0.50555556 -0.27666752 -0.53666667 -0.73444444 -0.72666689 -1.0255556 -0.71128062 -0.70777778 -0.85111111 -0.85111111 -1.0844444 -1.0844444 -1.0844444
-1.1011111 -1.3068946 -1.487215 -1.4244366 -1.2855556 -1.2933333 -0.71444444 0.068888889 -0.18999784 -0.12077552 -0.20111101 -0.20111111 -0.27333333 -0.27444444 -0.27444444 -0.56222221 -0.56222222 -0.56224568 -0.97444444 -0.31111111 -0.37744379 -0.64888889 -0.64888889 -1.4832994 -1.4833333 -1.3175126 -0.97888889 -0.97888889 -0.97888884 -1.1166667 -1.1166667 -1.0744444 -1.0744444 -0.7300001 -0.76666667 -0.2711114 -0.67722762 -0.88777778 -0.88777778 0.50555553 -0.27666667 -0.27666667 -0.27666996 -0.72666667 -0.72666667 -1.0255556 -0.70777778 -0.70777778 -0.85111111 -0.85111111 -1.0844444 -1.0844444 -1.0844444
-0.13444444 -0.21451935 -0.10115848 -0.11069933 -1.2855555 -1.2933331 -0.71444446 0.059246503 -0.17215991 -0.18817211 -0.27333333 -0.27333333 -0.27333333 -0.27333333 -0.27444429 -0.56222222 -0.56222222 -0.56754467 -0.97444444 -0.31112014 -0.32777778 -0.32777778 -0.32777778 -0.32777778 -1.4633627 -0.97888889 -0.97888889 -0.97888889 -0.97888889 -0.97891271 -1.0744444 -1.0744444 -1.0744444 -1.0744444 -0.27111111 -0.27111111 -0.27111111 -0.85799873 -0.88043414 0.09 0.09 -0.27664694 -0.28557066 -0.72662418 -0.72666667 -1.0255556 -0.70777778 -0.70777778 -0.85111111 -0.85111111 -1.0835979 -1.0844444 -1.033982
-0.13444444 -0.10111111 -0.10111111 -0.10111111 -0.10111111 -0.10111161 -0.71592624 -0.34383386 -0.12456421 -0.27324186 -0.27333333 -0.27333333 -0.27333333 -0.27333333 -0.27333349 -0.56222222 -0.56222229 -0.59049785 -0.97443661 -0.32777778 -0.32777778 -0.32777778 -0.32777778 -0.32777778 -0.3354903 -0.83075389 -0.77444449 -0.77444444 -0.77444444 -0.77444444 -1.0744444 -1.0744444 -1.074444 -0.67111111 -0.67111111 -0.27111111 0.043230879 0.052222222 0.089999978 0.09 0.09 0.09 -0.28555556 -0.28555556 -0.28555556 -0.29070528 -0.5058334 -0.50444444 -0.50444444 -0.50444444 -0.50444445 0.41777747 0.41777778
0.10444444 -0.10111111 -0.10111111 -0.10111111 -0.10111111 -0.10111111 -0.10111115 -0.48949378 -0.48897508 -0.49111111 -0.49111111 -0.49111111 -0.49111111 -0.49111111 -0.49111111 -0.48241081 -0.56098932 -0.61866917 -0.32785895 -0.32777778 -0.32777778 -0.32777778 -0.32777778 -0.32777808 -0.68444444 -0.68444444 -0.68444457 -0.77444444 -0.77444444 -0.77466694 -0.88555556 -0.88555556 -0.67111111 -0.67111111 -0.67111111 -0.06364787 0.052222222 0.052222222 0.052222222 0.09 0.09 0.09 -0.28555556 -0.28555556 -0.28555556 -0.28555556 -0.50444444 -0.50444444 -0.50444444 -0.50444444 -0.50444444 0.41777778 0.41777778
0.10444444 0.027918447 -0.10111111 -0.10111111 -0.10111111 -0.10111111 -0.38661062 -0.38666667 -0.38666667 -0.49111111 -0.49111111 -0.49111111 -0.49111111 -0.49111111 -0.48915016 -0.48222222 -0.48222222 -0.48222222 -0.5892014 -0.58999973 -0.59 -0.59 -0.59 -0.59 -0.68444444 -0.68444444 -0.68444444 -0.68444444 -0.77444444 -0.88555556 -0.88555556 -0.88555556 -0.67111113 -0.67111111 -0.67111111 0.13222222 0.052328145 0.052222222 0.052222222 0.089927094 -0.05559641 -0.39521213 -0.28555556 -0.28555556 -0.1836488 -0.18333333 -0.18333333 -0.50323363 0.22964791 0.23222216 0.23222208 0.55664556 0.41777806
0.10444445 -0.084777491 -0.095488377 -0.10111111 -0.10111111 -0.38649795 -0.38666667 -0.38666667 -0.38666667 -0.38741932 -0.49111111 -0.49111111 -0.49111111 -0.49111111 -0.48222222 -0.48222222 -0.48222222 -0.48222222 -0.58990372 -0.59 -0.59 -0.59 -0.59 -0.59 -0.68444444 -0.68444444 -0.68444444 -0.68444444 -0.68517595 -0.88555556 -0.88555556 -0.88555556 -0.28333335 -0.67102004 0.13222222 0.13222222 0.13222222 0.12619478 -0.36825003 -0.39666667 -0.39666667 -0.39666667 -0.28666667 -0.28666667 -0.18333333 -0.18333333 -0.18333333 0.23222222 0.23222222 0.23222222 0.23222222 0.55666667 0.55666667
-0.089667335 -0.09 -0.09 -0.090000001 -0.19666667 -0.38666177 -0.38666667 -0.38666667 -0.38666667 -0.38666667 -0.4625102 -0.49110619 -0.4911111 -0.48222222 -0.48222222 -0.48222222 -0.48222222 -0.48222222 -0.52090293 -0.59 -0.59 -0.59 -0.59 -0.59 -0.48876741 -0.25333567 -0.25333333 -0.25333333 -0.25333333 -0.88555552 -0.28333334 -0.28333333 -0.28333333 -0.28333333 0.13222222 0.1322078 -0.41555556 -0.41555556 -0.39690252 -0.39666667 -0.39666667 -0.39666667 -0.28666667 -0.28666667 -0.19933289 -0.18333333 -0.18333333 0.23222222 0.23222222 0.23222222 0.23570111 0.55666667 0.55666667
-0.09 -0.09 -0.09 -0.14023092 -0.19666667 -0.19666667 -0.38666667 -0.38666667 -0.38666667 -0.38666667 -0.11333333 -0.11333333 -0.11333333 -0.48222222 -0.48222222 -0.48222222 -0.48222222 -0.48223397 -0.96111111 -0.96111111 -0.59000015 -0.59 -0.58832285 -0.52111111 -0.51870042 -0.25333333 -0.25333333 -0.25333333 -0.25333333 -0.28333028 -0.28333333 -0.28333333 -0.28333333 -0.28333333 -0.41555363 -0.41555556 -0.41555556 -0.41555556 -0.41546708 -0.39666667 -0.39666667 -0.39666667 -0.28666667 -0.28666667 -0.28666667 -0.18333333 -0.18333333 0.23222222 0.23222222 0.23222222 0.55666667 0.55666667 0.55666667
-0.09 -0.09 -0.09 -0.19666667 -0.19666667 -0.19666667 -0.19666696 -0.38666667 -0.38666667 -0.11361549 -0.11333333 -0.11333333 -0.11333333 -0.11356317 -0.53978115 -0.55333333 -0.55333333 -0.55333334 -0.96111111 -0.96111111 -0.96111111 -0.52111111 -0.52111111 -0.52111111 -0.52103766 -0.25624736 -0.25333333 -0.25333333 -0.25333333 -0.056747253 -0.0055828761 -0.0055555556 -0.0055555556 -0.0055555556 -0.25584433 -0.032223093 -0.032222222 -0.032222222 -0.032222222 -0.041159761 -0.041111111 -0.041111111 -0.28666667 -0.28666667 0.41999705 0.41999991 0.17333333 0.17333333 0.31333333 0.31333333 0.31333333 0.55666667 0.65768737
-0.089999224 -0.09 -0.090000004 -0.19666667 -0.19666667 -0.19666667 -0.19666667 -0.28111114 -0.38624461 -0.11321948 -0.11333333 -0.11333333 -0.11333333 -0.11419673 -0.55333333 -0.55333333 -0.55333333 -0.55333345 -0.96111111 -0.96111111 -0.96111111 -0.52111111 -0.52111111 -0.52111111 -0.25888889 -0.25888889 -0.14111111 -0.14111111 -0.14111111 -0.14037161 -0.0055555556 -0.0055555556 -0.0055555556 -0.0055555556 -0.018881605 -0.032222222 -0.032222222 -0.032222222 -0.032222222 -0.041111111 -0.041111111 -0.041111111 -0.026602791 0.42 0.42 0.42 0.17333333 0.17333333 0.31333333 0.31333333 0.31333333 0.65777777 0.65777778
0.16 0.029780169 -0.50444444 -0.50435515 -0.19666667 -0.28062252 -0.28111111 -0.28111111 -0.21066458 0.01222222 0.012222222 0.012222222 0.012222222 -0.64775629 -0.64777778 -0.55333341 -0.55333333 -0.56407768 -0.96111111 -0.96111111 -0.96111111 -0.82777778 -0.82777778 -0.82777778 -0.25888889 -0.25888889 -0.14111111 -0.14111111 -0.14111111 -0.14111091 0.14222128 0.14222181 -0.001841383 -0.0053971276 -0.26192723 -0.26222222 -0.26222222 -0.26222222 -0.26222222 -0.041111111 -0.041111111 -0.041111111 0.39460955 0.42 0.42 0.41999992 0.17333333 0.17333333 0.17333837 0.31333333 0.31333234 0.29111111 0.65777778
-0.11217053 -0.11222229 -0.50444444 -0.50444444 -0.50444444 -0.28111111 -0.28111111 -0.28111111 -0.087777778 -0.087777778 0.012222222 0.012222222 0.012222222 -0.64777778 -0.64777778 -0.64777778 -0.64777778 -0.64781219 -0.96111111 -0.96111111 -0.96111111 -0.82777778 -0.82777778 -0.82777778 -0.25888889 -0.25888889 -0.14111111 -0.14111111 -0.14111111 0.13902762 0.14222222 0.14222222 0.14222222 0.14222222 -0.26202265 -0.26222222 -0.26222222 -0.26222222 -0.26222222 -0.38999991 -0.39 -0.39 -0.39 0.41999646 -0.041111111 -0.041111111 -0.041111111 0.21222222 0.21222222 0.21222222 0.29111111 0.29111111 0.29111111
-0.11222222 -0.11222222 -0.50444444 -0.50444444 -0.50444444 -0.28228499 -0.28111111 -0.087777778 -0.087777778 -0.087777778 0.012209912 0.012222222 -0.44718346 -0.64777776 -0.64777778 -0.64777778 -0.64777778 -0.84 -0.84 -0.84 -0.95111111 -0.95111102 -0.82777838 -0.82777778 -0.82761343 -0.82 -0.82 -0.81999838 -0.14122082 0.22776073 0.22777732 0.22776284 0.14236845 0.14229606 -0.19013386 -0.26222227 -0.26267278 -0.39666667 -0.39666667 -0.39 -0.39 -0.39 -0.39 -0.041111111 -0.041111111 -0.041111111 -0.041111111 0.21222222 0.21222222 0.21222222 0.29111111 0.29111111 0.29111111
-0.11222222 -0.11222222 -0.50444444 -0.50444444 -0.50444444 -0.50444444 -0.20875209 -0.087777778 -0.087777778 -0.087777778 -0.088033101 -0.55 -0.55 -0.55 -0.64720155 -0.64777778 -0.83871908 -0.84 -0.84 -0.84 -0.95111111 -0.95111111 -0.95111111 -0.95111111 -0.82 -0.82 -0.82 -0.82 -0.82 0.22777778 0.22777778 0.22777778 0.22777778 0.22777743 0.061111111 -0.39666667 -0.39666667 -0.39666667 -0.39666667 -0.39666782 -0.76111111 -0.76111111 -0.76111111 -0.62081966 -0.33 -0.33 -0.33 0.21222221 0.21222195 -0.067777778 -0.067777778 0.15892106 0.15888889
-0.11222222 -0.11222222 -0.36287976 -0.50444444 -0.50444444 -0.50444446 -1.0050361 -0.090673608 -0.087777778 -0.087777779 -0.55000005 -0.55 -0.55 -0.55 -0.55 -0.55805767 -0.84 -0.84 -0.84 -0.84 -0.95111025 -0.95111111 -0.95111111 -0.95111111 -0.82 -0.82 -0.82 -0.82 -0.82 -0.24187008 0.22777778 0.22777778 0.22777778 0.061111111 0.061111111 0.060755635 -0.39666667 -0.39666667 -0.31662706 -0.25444446 -0.76111111 -0.76111111 -0.76111111 -0.62220287 -0.33 -0.33 -0.33 -0.12444444 -0.068483839 -0.067777778 -0.067777778 0.15888889 0.15888889
-0.85888889 -0.85888889 -0.85888889 -0.59331341 -0.50529367 -1.0066667 -1.0066667 -1.0066667 -1.0066667 -0.8 -0.8 -0.55000002 -0.55 -0.55 -0.55 -0.55001838 -0.84 -0.84 -0.84 -0.84 -0.90262583 -0.95111111 -0.95111111 -0.94334722 -0.66181645 -0.82 -0.82 -0.82 -0.40777778 -0.40777778 -0.40777778 -0.40777511 0.061111111 0.061111111 0.061111111 0.061111111 -0.25444444 -0.25444444 -0.25444444 -0.25444444 -0.76555556 -0.76555556 -0.76555556 -0.21556661 -0.21555556 -0.21555556 -0.21555559 -0.12444444 -0.12444444 -0.067846823 -0.067777778 0.15888818 0.15888889
