interpolatedSpi/01-08|19_2.tif
NCOLS 53
NROWS 52
XLLCORNER -116.03883
YLLCORNER 28.596182
DX 0.49850594
DY 0.49788537
NODATA_VALUE -9999
[rows 0 to 35 of 52, columns 0 to 52 of 53]
0.23875 0.23875 0.044192307 -0.0675 0.025 0.10125 0.025 -0.0825 -0.5378088 -0.69625 -0.53 -0.175 -0.46248024 -0.2225 -0.195 -0.195 -0.195 0.0925 0.0275 0.0275 0.0275 0.027493462 -0.65124999 -0.1375 -0.1375 -0.1375 -0.52374556 -0.52375 -0.52375 -0.84375 -0.84375 -0.84375 -0.84375 -1.4199999 -1.42 -1.42 -1.42 -1.42 -1.42 -1.42 -0.16353306 -0.15021078 -0.9775 -0.9775 -0.9775 -0.9775 -0.97835546 -1.50125 -1.50125 -1.50125 -0.54750198 -0.5475 -0.5475
0.238734 -0.12125 0.21375032 0.16964462 -0.016332651 0.2675 0.625 -0.11128708 -0.56625 -0.42 -0.145 -0.4625 -0.4625 0.13007043 -0.22249548 -0.195 0.0925 0.0925 0.027584751 0.0275 0.0275 0.0275 -0.16329218 -0.1375 -0.1375 -0.1375 -0.25124999 -0.25125 -0.84375 -0.84375 -0.84375 -0.84375 -0.84375 -1.4199999 -1.42 -1.42 -1.42 -1.42 -1.4199999 -1.1848475 -0.037550818 -0.86343844 -0.9775 -0.9775 -0.9775 -0.9775 -0.9775 -1.50125 -1.50125 -1.50125 -1.4221641 -0.5475 -0.5475
0.11250076 0.1125 0.495 0.52 -0.1475 -0.32375 -0.09 0.11625 -0.64625 -0.51875 -0.1 -0.50375 -0.02875 -0.0025 0.13125 -0.78875 0.0925 0.0925 0.0925 -0.21867841 -0.21875 -0.21875 -0.6275 -0.1375 -0.1375 -0.1375 -0.25125 -0.25125 -0.25125 -0.84375 -0.84375 -0.84375001 -0.92137576 -1.4166256 -1.4059568 0.074924614 0.08875 0.08875 0.072871077 -0.037499999 -0.0375 -0.038702022 -0.9775 -0.9775 -0.9775 -0.9775 -0.9775 -1.50125 -1.50125 -1.50125 -1.50125 -0.5475 -0.5475
0.08125 0.11249984 -0.68256549 0.2375 -0.43 -0.1625 -0.1275 -0.4975 -0.46 -0.079570009 -0.62875 -0.8025 -0.5325 -0.0025 -0.33 -0.78875 -0.52453707 -0.5220691 -0.8775 -0.21875 -0.21875 -0.365 -0.6275 -0.6275 -0.1375 -0.13750057 -0.25125 -0.25125 -0.25125 -1.12125 -1.0574662 -1.005 -1.005 -1.0049991 0.08875 0.08875 0.08875 0.08875 -0.0375 -0.0375 -0.0375 -0.037500035 -0.9775 -0.9775 -0.9775 -0.9775 -0.9775 -1.5012434 -1.50125 -1.50125 -1.50125 -0.54750376 -0.5475
0.08125 -0.26875076 -0.6825 -0.82392995 -0.43 -0.52625 -0.60497836 -0.6475 -0.57 -0.80875008 -0.75855774 -0.73249105 -0.67 -0.33 -0.33 -0.63276566 -0.5225 -0.5225 -0.8775 -0.8775 -0.21875035 -0.365 -0.6925 -0.74125 -0.49 -0.49000666 -0.25125 -0.25125 -1.12125 -1.12125 -1.005 -1.005 -1.005 -1.029986 0.088749999 0.08875 0.08875 -0.0375 -0.0375 -0.0375 -0.0375 -0.037519185 -0.97749999 -0.9775 -0.9775 -0.9775 -0.9775 -0.98216202 -1.50125 -1.5012124 -0.6625 -0.6625 -0.6625
-1.46 -0.265 -0.099999982 -0.5175 -0.1575 -0.155 -0.8 -0.78047563 -0.99125 -0.93875 -0.94125 -0.905 -0.90499985 -1.39625 -1.39625 -0.64367395 -0.64375 -0.64875 -0.64875 -0.87749973 -0.9625 -0.9625 -0.74125 -0.49 -0.49 -0.51875 -1.14375 -1.14375 -0.67004111 -1.12125 -1.005 -1.005 -1.1375 -1.1375125 -1.2574913 -0.93125 -0.93125 -0.31400197 -0.0375 -0.0375 -0.23600212 -0.23625 -0.23624917 -0.03444663 -0.0176061 -0.017500256 -0.017500033 -0.017500365 -0.44779911 -0.6625 -0.6625 -0.6625 -0.6625
-0.70750215 -0.265 -0.23415061 -0.18625 0.1925 -0.7275 -0.76125 -0.87 -1.10875 -1.10875 -0.94125 -0.87 -0.93624993 -1.39625 -0.3287532 -0.32875 -0.64375 -0.46625 -0.56625 -0.56625 -0.93186778 -0.8975 -0.8975 -0.4875 -0.51875 -0.51875 -1.14375 -1.14375 -0.67000575 -0.67010595 -0.59802819 -1.1375 -1.1375 -1.2575 -1.2575 -0.9149108 -0.93125 -0.93125 -0.91250065 -0.23625094 -0.23625 -0.23625 -0.23624484 -0.017499247 -0.0175 -0.0175 -0.0175 -0.017500213 -0.375 -0.66244303 -0.6625 -0.6625 -0.6625
-0.7075 -0.85125 0.04 -1.01625 -0.53002788 -1.0825 -1.12625 -0.92875 -1.02 -0.755 -0.755 -0.675 -0.93625 -0.93625 -0.33291801 -0.41868725 -0.4275 -0.4 -0.78624977 -0.56625 -0.17002102 -0.135 -0.65375 -0.85 -0.84999973 -0.82875 -0.24125 -0.24125032 -0.76840397 -0.76875 -0.5975 -0.58318943 -1.0375 -1.2575 -1.2372856 -0.90125 -0.90125 -0.9125 -0.9125 -0.23625 -0.23625 -0.23624999 0.11644809 0.11749999 -0.0175 -0.0175 -0.0175 -0.37498639 -0.375 -0.375 -0.6625 -0.6625 -0.6625
-0.80004601 -0.85124999 -0.3 -0.0825 -0.39375 -0.90625 -0.75875 -0.59625 -1.0325 -0.6327844 -0.78 -0.695 -0.695 -0.195 -0.19499764 -0.98095317 -0.9825 -0.9825 -0.45896166 -0.13375009 -0.5475 -0.5475 -0.33875 -0.52961368 -0.83089144 -0.82875 -0.585 -0.24125 -0.48979725 -0.49125 -0.45625 -0.3825 -0.43538603 -0.795 -0.54875 -0.59 -0.62 -0.85625 -0.3464855 -0.23471558 0.1075 -0.0037499997 0.11745605 0.1175 0.11674015 -0.0175 -0.27999999 -0.375 -0.375 -0.375 -0.375 -0.57269901 0.1
-0.51375 -0.51375 -0.43 -0.26125 -0.43125 -1.06375 -0.65 -0.71875 -0.3225 -0.53124815 -0.55875 -0.52125 -0.195 -0.195 0.05625 0.042003074 -0.9825 -0.98233181 -0.2775 -0.13375 -0.13375 -0.18705487 -0.33875 -0.65624399 -0.65625 -0.65625 -0.585 -0.025000001 -0.025 -0.49125 -0.49125 -0.38269914 -0.4875 -0.795 -0.44 -0.59 -0.62 -1.03 -0.34625 0.39774348 -0.0037499951 -0.058391734 -0.1525 0.1175 0.1175 -0.28 -0.28 -0.28 -0.375 -0.375 0.05875 0.05875 0.058750015
-0.51375 -0.51375 -0.605 -1.1275 -0.81 -0.4725 -0.6975 -0.70638243 -0.83125 -0.8875 -0.31 -0.8075 -0.5216306 0.05625 0.05625 0.056250577 0.06125 0.043470811 -0.2775 -0.005 -0.005 0.43375 0.43375 -0.65625 -0.65625 -0.65625 -0.025 -0.025 -0.025 -0.6275 -0.6275 -0.62749977 -0.39625 -0.39625 -1.03375 -0.57125 -0.14 -0.86124862 -0.285 0.41 0.41 -0.11000014 -0.1525 0.1175 0.10749981 -0.14875 0.038621834 0.039999999 0.5925 0.5925 0.05875 0.05875 0.05875
-0.51375 -0.55331758 -0.82796939 -1.1074887 -0.46125 -0.46625 -0.6975 -0.70625 -0.83124896 -0.88687682 -0.8075001 -0.8075 0.14375 0.05625 0.05625 0.06125 0.06125 0.061230721 -0.2775 -0.005 0.081161574 0.43375 0.43375 -0.65620594 -0.65625 -0.44217139 -0.005 -0.005 -0.0050000025 -0.6275 -0.6275 -0.16375 -0.16375 -0.39625175 -1.03375 0.029999741 -0.22959759 -0.86125 -0.86125 0.40999998 -0.11 -0.11 -0.10999843 0.1075 0.1075 -0.14875 0.04 0.04 0.5925 0.5925 0.05875 0.05875 0.05875
-0.6025 -0.36521122 -0.33752881 -0.34307026 -0.46125018 -0.46624988 -0.69749999 -0.7061423 -0.82263622 -0.83271884 0.14375 0.14375 0.14375 0.14375 0.056262395 0.06125 0.06125 0.056876198 -0.2775 -0.0048198093 0.62375 0.62375 0.62375 0.62375 -0.63405044 -0.005 -0.005 -0.005 -0.005 -0.005332345 -0.16375 -0.16375 -0.16375 -0.16375 0.029999999 0.03 0.03 -0.81808722 -0.85097934 0.50625 0.50625 -0.10996685 0.17499769 0.1075065 0.1075 -0.14875 0.04 0.04 0.5925 0.5925 0.060686388 0.05875 -0.074237288
-0.6025 -0.3375 -0.3375 -0.3375 -0.3375 -0.33750005 -0.69690803 -0.70165639 -0.79965547 0.14269863 0.14375 0.14375 0.14375 0.14375 0.14375024 0.06125 0.061249947 0.038014062 -0.27749236 0.62375 0.62375 0.62375 0.62375 0.62375 0.62196412 0.11245843 0.10624998 0.10625 0.10625 0.10625 -0.16374999 -0.16375 -0.16374941 0.32875 0.32875 0.03 0.58414928 0.6 0.50625005 0.50625 0.50625 0.50625 0.175 0.175 0.175 0.172747 0.066040006 0.06625 0.06625 0.06625 0.066250009 0.5212499 0.52125
0.29875 -0.3375 -0.3375 -0.3375 -0.3375 -0.3375 -0.33750002 -0.45037583 0.47313916 0.48 0.48 0.48 0.48 0.48 0.48 0.69794138 0.071396199 0.014863987 0.6236368 0.62375 0.62375 0.62375 0.62375 0.62375046 0.54125 0.54125 0.54124939 0.10625 0.10625 0.10712106 0.54125 0.54125 0.32875 0.32875 0.32875 0.55654881 0.6 0.6 0.6 0.50625 0.50625 0.50625 0.175 0.175 0.175 0.175 0.066250006 0.06625 0.06625 0.06625 0.06625 0.52125 0.52125
0.29875 0.061881354 -0.3375 -0.3375 -0.3375 -0.3375 0.1723999 0.1725 0.17250001 0.48 0.48 0.48 0.48 0.48 0.52908506 0.7025 0.7025 0.7025 1.018793 1.0199996 1.02 1.02 1.02 1.02 0.54125 0.54125 0.54125 0.54125 0.10625 0.54125 0.54125 0.54125 0.32875002 0.32875 0.32875 0.8375 0.60031446 0.6 0.6 0.5062755 0.55710902 0.67574191 0.175 0.175 0.41425935 0.415 0.415 0.067039666 0.54457262 0.54624996 0.54624991 0.89494334 0.52125076
0.29875 0.039650935 -0.15026297 -0.3375 -0.3375 0.17219867 0.1725 0.1725 0.1725 0.17471593 0.48 0.48 0.48 0.48000003 0.7025 0.7025 0.7025 0.7025 1.0197164 1.02 1.02 1.02 1.02 1.02 0.54125001 0.54125 0.54125 0.54125 0.54125 0.54125 0.54125 0.54125 1.135 0.32882121 0.8375 0.8375 0.8375 0.84027169 0.67143614 0.67625 0.67625 0.67625 0.66375 0.66375 0.415 0.415 0.415 0.54625 0.54625 0.54625 0.54625 0.895 0.895
0.032818377 0.0325 0.0325 0.0325 0.02625 0.17249623 0.1725 0.1725 0.1725 0.1725 0.47328078 0.47999884 0.48 0.7025 0.7025 0.7025 0.7025 0.7025 0.70995106 1.02 1.02 1.02 1.02 1.02 0.99924321 1.3312457 1.33125 1.33125 1.33125 0.54125003 1.135 1.135 1.135 1.135 0.8375 0.83750668 1.09125 1.09125 0.68143189 0.67625 0.67625 0.67625 0.66375 0.66375 0.45351507 0.415 0.415 0.54625 0.54625 0.54625 0.54998951 0.895 0.895
0.0325 0.0325 0.0325 0.029556782 0.02625 0.02625 0.1725 0.1725 0.1725 0.1725 0.39125 0.39125 0.39125 0.7025 0.7025 0.7025 0.7025 0.70243844 0.42625 0.42625 1.0199998 1.02 1.0220085 1.1025 1.1045593 1.33125 1.33125 1.33125 1.33125 1.13502 1.135 1.135 1.135 1.135 1.0912491 1.09125 1.09125 1.09125 1.0898132 0.67625 0.67625 0.67625 0.66375 0.66375 0.66375 0.415 0.415 0.54625001 0.54625 0.54625 0.895 0.895 0.895
0.0325 0.0325 0.0325 0.02625 0.02625 0.02625 0.026250223 0.1725 0.1725 0.39102419 0.39125 0.39125 0.39125 0.39144392 0.40099015 0.33 0.33 0.33 0.42625 0.42625 0.42625 1.1025 1.1025 1.1025 1.1024951 1.2020859 1.33125 1.33125 1.33125 1.3041894 1.3374801 1.3375 1.3375 1.3375 1.2561089 1.4874991 1.4875 1.4875 1.4875 1.3511576 1.35125 1.35125 0.66375 0.66375 1.1824978 1.1825 1.105 1.105 1.06875 1.06875 1.06875 0.895 1.0923234
0.032501831 0.0325 0.0325 0.02625 0.02625 0.02625 0.026250004 0.36624994 0.17327469 0.39111398 0.39125 0.39125 0.39125 0.39112981 0.33 0.33 0.33 0.33000003 0.42625 0.42625 0.42625 1.1025 1.1025 1.1025 1.085 1.085 1.235 1.235 1.235 1.2355592 1.3375 1.3375 1.3375 1.3375 1.4124588 1.4875 1.4875 1.4875 1.4875 1.35125 1.35125 1.35125 1.3459405 1.1825 1.1825 1.1825 1.105 1.105 1.06875 1.06875 1.06875 1.0925 1.0925
0.6225 0.35393426 0.4975 0.49736328 0.02625 0.36428277 0.36625 0.36625 0.41589659 0.24125001 0.24125 0.24125 0.24125 0.21500085 0.215 0.32999991 0.33 0.33253605 0.42625 0.42625 0.42625 0.70625 0.70625 0.70625 1.085 1.085 1.235 1.235 1.235 1.235 1.2962503 1.2962501 1.3364632 1.3374558 1.2738241 1.27375 1.27375 1.27375 1.27375 1.35125 1.35125 1.35125 1.1917916 1.1825 1.1825 1.1824999 1.105 1.105 1.1049987 1.06875 1.0687413 0.875 1.0925
0.61375166 0.61374998 0.4975 0.4975 0.4975 0.36625 0.36625 0.36625 0.5025 0.5025 0.24125 0.24125 0.24125 0.215 0.215 0.215 0.215 0.21502388 0.42625 0.42625 0.42625001 0.70625 0.70625 0.70625 1.085 1.085 1.235 1.235 1.235 1.2955594 1.29625 1.29625 1.29625 1.29625 1.2737611 1.27375 1.27375 1.27375 1.27375 0.92000011 0.92 0.92 0.92 1.1824953 0.56375 0.56375 0.56375 0.78125 0.78125 0.78125 0.875 0.875 0.875
0.61375 0.61375 0.4975 0.4975 0.4975 0.36693987 0.36625 0.5025 0.5025 0.5025 0.24128216 0.24125 0.19630814 0.21499999 0.215 0.215 0.215 0.23125 0.23125 0.23125 0.30000001 0.3000003 0.70624802 0.70625 0.7063934 0.76875 0.76875 0.76875111 1.2349247 1.2375117 1.2375003 1.2375103 1.2961496 1.2961993 1.2777189 1.2737497 1.2713204 0.54875 0.54875 0.92 0.92 0.92 0.92 0.56375 0.56375 0.56375 0.56375 0.78125 0.78125 0.78125 0.875 0.875 0.875
0.61375 0.61375 0.4975 0.4975 0.4975 0.4975 0.41724439 0.5025 0.5025 0.5025 0.50232531 0.18625 0.18625 0.18625 0.21483057 0.215 0.23114171 0.23125 0.23125 0.23125 0.3 0.3 0.3 0.3 0.76875 0.76875 0.76875 0.76875 0.76875 1.2375 1.2375 1.2375 1.2375 1.2375002 1.33125 0.54875 0.54875 0.54875 0.54875 0.5487493 0.26875 0.26875 0.26875 0.35539168 0.535 0.535 0.535 0.78124999 0.78124998 0.75625 0.75625 0.9674775 0.9675
0.61375 0.61375 0.53945809 0.4975 0.4975 0.4975 0.69341062 0.50310271 0.5025 0.5025 0.1862501 0.18625 0.18625 0.18625 0.18625 0.18861324 0.23125 0.23125 0.23125 0.23125 0.29999947 0.3 0.3 0.3 0.76875 0.76875 0.76875 0.76875 0.76875 0.84954788 1.2375 1.2375 1.2375 1.33125 1.33125 1.3306424 0.54875 0.54875 0.69296199 0.80499998 0.26875 0.26875 0.26875 0.35561587 0.535 0.535 0.535 0.85375 0.75746484 0.75625 0.75625 0.9675 0.9675
0.91875 0.91875 0.91875 0.60311895 0.49809065 0.69375 0.69375 0.69375 0.69375 0.685 0.685 0.18625004 0.18625 0.18625 0.18625 0.18625287 0.23125 0.23125 0.23125 0.23125 0.26999973 0.3 0.3 0.30255162 0.41403134 0.76875 0.76875 0.76875 0.7125 0.7125 0.7125 0.7125022 1.33125 1.33125 1.33125 1.33125 0.805 0.805 0.805 0.805 0.51125 0.51125 0.51125 0.90999198 0.91 0.91 0.90999988 0.85375 0.85375 0.7563688 0.75625 0.96749883 0.9675
0.91875 0.91875 0.91875 0.91874912 0.9025 0.87214432 0.69375 0.69375 0.69375 0.685 0.685 0.685 0.69749998 0.6975 0.6975 0.69749999 0.23221858 0.23125 0.23125 0.23125 0.23229782 0.39749973 0.3975 0.3975 0.3975 0.39749999 0.078750005 0.07875 0.7125 0.7125 0.7125 0.7125 1.3312499 1.33125 1.33125 1.3312354 0.80500001 0.805 0.805 0.80610219 0.51125 0.51125 0.51125 0.90998151 0.91 0.91 0.91 0.85375 0.85375 0.85374998 0.735 0.735 0.79625
0.91875 0.91875 0.91875 0.90250004 0.9025 0.9025 0.69375008 0.69375 0.69375 0.685 0.685 0.685 0.6975 0.6975 0.6975 0.70225997 0.76 0.76 0.75999863 0.23423652 0.3975 0.3975 0.3975 0.3975 0.3975 0.39726012 0.07875 0.07875 0.078750001 0.7125 0.7125 0.71244851 1.1525 1.1525 1.1525 0.9 0.9 1.05625 1.05625 1.05625 1.1625 0.51145428 0.51125459 1.12625 1.12625 1.1180544 0.91000048 0.85375 0.85375 0.735 0.735 0.735 0.79625
0.91875 0.91875 0.91875 0.9025 0.9025 0.9025 0.9025 0.69375 0.69375 0.685 0.685 0.69700018 0.6975 0.6975 0.6975 0.76 0.76 0.76 0.76 0.76 0.3975 0.3975 0.3975 0.3975 0.3975 0.078751087 0.07875 0.07875 0.07875 0.6325 0.6325 0.6325 1.1525 1.1525 1.1525 0.9 0.9 1.05625 1.05625 1.1625 1.1625 1.1625 1.12625 1.12625 1.12625 1.12625 1.1217319 1.07125 1.07125 1.07125 0.735 0.985 0.985
0.91875 0.91875 0.91872737 0.9025 0.9025 0.9025 0.9025 0.91202012 0.9125 0.91210941 0.685 0.69750806 0.6975 0.6975 0.69750022 0.76 0.76 0.76 0.76 0.76 0.75354834 0.3975 0.3975 0.3975 0.39750103 0.078768215 0.07875 0.07875 0.07875 0.6325 0.6325 0.6325 0.6325751 1.1525 0.9 0.9 0.9 0.9000064 1.0562572 1.1625 1.1625 1.1625 1.1262522 1.12625 1.12625 1.12625 1.0712492 1.07125 1.07125 1.07125 0.985 0.985 0.985
0.62625 0.62625051 0.90249879 0.9025 0.9025 0.9025 0.91249787 0.9125 0.9125 0.9125 0.79375 0.79375 0.79375 0.79375 0.76015575 0.76 0.76 0.76 0.76 0.76874999 0.76875 0.76875 0.4025 0.4025 0.4025 0.4025 0.37455621 0.07875 0.63747712 0.6375 0.6375 0.6375 0.6375 0.855 0.855 0.855 0.855 0.855 1.18625 1.18625 1.18625 1.18625 1.18625 0.98770916 0.9875 0.9875 0.9875 1.07125 1.07125 1.07125 0.98501359 0.985 0.985
0.62625 0.62625 0.62728617 0.75000031 0.75000003 0.75015852 0.9125 0.9125 0.9125 0.9125 0.79375 0.79375 0.79375 0.79375 0.79375 0.76 0.76 0.76 0.76875 0.76875 0.76875 0.76875 0.4025 0.4025 0.4025 0.4025 0.4025 0.40243173 0.63749035 0.6375 0.6375 0.6375 0.63749612 0.79405808 0.8549369 0.855 0.855 0.855 1.18625 1.18625 1.18625 1.18625 1.18625 0.9875 0.9875 0.9875 0.9875 1.0266631 1.07125 1.2405894 1.2425 1.07125 1.07125
0.62625 0.62625 0.74998432 0.75 0.75 0.75 0.79127431 0.9125 0.9125 0.9125 0.79375 0.79375 0.79375 0.79375 0.79375 0.76002192 0.76 0.76874743 0.76875 0.76875 0.76875 0.76875 0.53817969 0.4025 0.4025 0.4025 0.4025 0.4026487 0.6125 0.6125 0.6125 0.6125 0.6125 0.7475 0.7475 0.7475 0.7475 0.7475 1.19 1.19 1.19 1.19 1.19 0.98796697 0.9875001 0.9875 0.98753242 0.99143751 1.2425 1.2425 1.2425 1.071251 1.07125
0.62624988 0.56251724 0.74999997 0.75 0.75 0.75 0.75 0.91243081 0.9125 0.9125 0.79375 0.79375 0.79375 0.79375 0.35741182 0.3475 0.3475 0.76873916 0.76875 0.76875 0.76875 0.76875 0.7687499 0.4025 0.4025 0.4025 0.4025 0.53875007 0.53875003 0.55444579 0.6125 0.6125 0.6125 0.7475 0.7475 0.7475 0.7475 0.74751355 1.19 1.19 1.19 1.19 1.1900102 1.17875 1.17875 1.17875 1.17875 1.1787551 1.2425 1.2425 1.2425 1.2425 1.2646097
0.56125 0.56125 0.57520468 0.75 0.75 0.75 0.75 0.75 0.91242911 0.25375001 0.25375 0.25375 0.25503153 0.34750064 0.3475 0.3475 0.3475 0.3475 0.76874636 0.7375936 0.465 0.465 0.465 0.44755386 0.373887 0.22078424 0.091877682 0.53875 0.53875 0.53875 0.53875 0.53875 0.54301304 0.76647586 0.7675 0.7675 0.7675 0.7675 1.2148904 1.3224998 1.3225 1.3225 1.3225 1.0362504 1.17875 1.17875 1.17875 1.35875 1.2425019 1.2425 1.2425 1.2675 1.2675
