interpolatedSpi/01-04|23_1.tif
NCOLS 53
NROWS 52
XLLCORNER -116.03883
YLLCORNER 28.596182
DX 0.49850594
DY 0.49788537
NODATA_VALUE -9999
[rows 0 to 39 of 52, columns 0 to 52 of 53]
-0.77 -0.77 -1.3235684 -1.8875 -0.825 -1.0425 -0.9225 -0.595 -0.92792262 -0.535 -0.48 -0.5775 -0.80497365 -0.485 -0.4375 -0.4375 -0.4375 -0.5175 -0.915 -0.915 -0.915 -0.91499617 -0.5175 -0.97 -0.97 -0.97 -0.079998663 -0.08 -0.08 -1.0975 -1.0975 -1.0975 -1.0975 -1.9524998 -1.9525 -1.9525 -1.9525 -1.9525 -1.9525 -1.9524999 0.08554745 0.10701026 -1.815 -1.815 -1.815 -1.815 -1.8136239 -0.9725 -0.9725 -0.9725 0.14749767 0.1475 0.1475
-0.77003021 -1.45 -1.1849998 -1.1288659 -1.2996887 -1.03 -1.37 -1.184744 -0.915 -0.965 -0.93 -0.805 -0.805 -1.0032661 -0.48500586 -0.4375 -0.5175 -0.5175 -0.91448171 -0.915 -0.915 -0.915 -0.9646047 -0.97 -0.97 -0.97 -1.4625 -1.4625 -1.0975 -1.0975 -1.0975 -1.0975 -1.0975 -1.9524999 -1.9525 -1.9525 -1.9525 -1.9525 -1.9524999 -1.8231564 -1.1950259 -1.7397679 -1.815 -1.815 -1.815 -1.815 -1.815 -0.9725 -0.9725 -0.9725 -0.87962853 0.1475 0.1475
-0.30003715 -0.3 -1.0225 -0.86 -1.0475 -1.02 -1.2875 -0.9675 -1.3875 -1.335 -1.055 -1.315 -1.295 -0.245 -1.005 -1.7925 -0.5175 -0.5175 -0.5175 -0.80503198 -0.805 -0.805 -0.8675 -0.97 -0.97 -0.97 -1.4625 -1.4625 -1.4625 -1.0975 -1.0975 -1.0975 -1.352642 -1.9505056 -1.9445185 -1.1028577 -1.095 -1.095 -1.1075774 -1.195 -1.195 -1.1957928 -1.815 -1.815 -1.815 -1.815 -1.815 -0.9725 -0.9725 -0.9725 -0.9725 0.1475 0.1475
-0.1325 -0.3000001 -0.82006932 -0.61 -1.13 -1.025 -1.0625 -1.3725 -1.365 -1.173623 -1.3875 -1.225 -1.215 -0.245 -1.5075 -1.7925 -1.1722818 -1.1670446 -1.34 -0.805 -0.805 -1.2825 -0.8675 -0.8675 -0.97 -0.97000246 -1.4625 -1.4625 -1.4625 -0.96 -1.3262424 -1.6275 -1.6275 -1.6274996 -1.095 -1.095 -1.095 -1.095 -1.195 -1.195 -1.195 -1.195 -1.815 -1.815 -1.815 -1.815 -1.815 -0.97251063 -0.9725 -0.9725 -0.9725 0.14747224 0.1475
-0.1325 0.13999824 -0.82 -1.1476404 -1.13 -1.3025 -1.2625349 -1.7 -1.64 -1.4075001 -1.3459047 -1.3174721 -1.1225 -1.5075 -1.5075 -1.6883734 -1.1675 -1.1675 -1.34 -1.34 -0.80500096 -1.2825 -1.1775 -0.6875 -1.16 -1.1599211 -1.4625 -1.4625 -0.96 -0.96 -1.6275 -1.6275 -1.6275 -1.6105283 -1.095 -1.095 -1.095 -1.195 -1.195 -1.195 -1.195 -1.1949686 -1.815 -1.815 -1.815 -1.815 -1.815 -1.8075007 -0.9725 -0.97248789 -0.7025 -0.7025 -0.7025
-1.265 -0.38 -0.42999999 -0.965 -0.735 -0.86 -1.4125 -1.4493082 -1.2075 -1.4625 -1.14 -1.48 -1.4799998 -0.99 -0.99 -0.94494266 -0.945 -0.595 -0.595 -1.3399992 -1.3925 -1.3925 -0.6875 -1.16 -1.16 -0.8225 -1.185 -1.185 -0.8375117 -0.96 -1.6275 -1.6275 -1.5375 -1.5374326 -0.89254633 -1.44 -1.44 -1.2707963 -1.195 -1.195 -0.87040534 -0.87 -0.86999942 -0.85966729 -0.84260748 -0.84250026 -0.84250003 -0.84250037 -0.96942608 -0.7025 -0.7025 -0.7025 -0.7025
-0.20501687 0.0975 -0.48500817 -0.4375 -0.295 -0.87 -0.8525 -1.0375 -1.275 -1.275 -1.14 -1.2925 -1.2624999 -0.99 -0.70750085 -0.7075 -0.945 -0.5225 -0.4825 -0.4825 -1.4302012 -1.4725 -1.4725 -0.86 -0.8225 -0.8225 -1.185 -1.185 -0.83752506 -0.83796136 -0.90860927 -1.5375 -1.5375 -0.8925 -0.8925 -1.1663184 -1.44 -1.44 -1.7774883 -0.87000126 -0.87 -0.87 -0.86999675 -0.84250025 -0.8425 -0.8425 -0.8425 -0.8425001 -1.015 -0.70256193 -0.7025 -0.7025 -0.7025
-0.205 -0.975 -0.1475 -0.71 -0.50751161 -0.5275 -0.8475 -1.1325 -0.5425 -0.8825 -0.8825 -0.9725 -1.2625 -1.2625 -0.71130781 -0.7075 -0.7075 -0.455 -0.22000027 -0.4825 -0.25362761 -0.1925 -1.3425 -0.2375 -0.23750793 -0.8525 -0.6875 -0.68750018 -1.2659932 -1.2675 -0.9075 -0.73529365 -0.79 -0.8925 -0.88979049 -0.9375 -0.9375 -1.7775 -1.7775 -0.87 -0.87 -0.86999999 -0.88520152 -0.8875 -0.8425 -0.8425 -0.8425 -1.0149934 -1.015 -1.015 -0.7025 -0.7025 -0.7025
-0.99244729 -0.97499999 0.145 -0.5275 -0.61 -1.1525 -0.7875 -0.4625 -0.6275 -0.38029434 -0.5725 -1.2425 -1.2425 -0.75 -0.74999845 -1.637401 -1.64 -1.64 -0.4191269 -1.2199999 -0.9125 -0.91249999 -1.7925 -1.5198376 -0.79052424 -0.8525 -0.905 -0.6875 -0.50606051 -0.505 -0.72 -0.84 -0.87651458 -0.97 -0.7975 -0.8775 -0.8775 -1.3775 -0.95269625 -0.86890638 -0.625 -0.52 -0.88743488 -0.8875 -0.88724672 -0.8425 -1.71 -1.015 -1.015 -1.015 -1.015 -0.52289802 0.24
-1.09 -1.09 -0.1925 -0.76 -0.9325 -0.9025 -0.61 -0.555 -0.3525 -0.3175142 -0.38 -0.1475 -0.75 -0.75 -0.585 -0.5994698 -1.64 -1.6397133 -0.355 -1.22 -1.22 -1.1803837 -1.7925 -0.79501889 -0.795 -0.795 -0.905 -0.645 -0.645 -0.505 -0.505 -0.8401375 -0.9125 -0.97 -0.5725 -0.8775 -0.8775 -1.385 -0.9525 -0.61309138 -0.52 -0.50806147 -0.4875 -0.8875 -0.8875 -1.71 -1.71 -1.71 -1.015 -1.015 0.74 0.74 0.73999981
-1.09 -1.09 -1.0825 -1.05 -0.895 -0.8625 -1.2125 -0.62276226 -0.7875 -1.1425 -0.7475 -0.3525 -0.14777381 -0.585 -0.585 -0.58500317 -0.6125 -0.59898519 -0.355 -0.275 -0.275 -0.465 -0.465 -0.795 -0.795 -0.795 -0.645 -0.645 -0.645 -0.8875 -0.8875 -0.88750004 -0.49 -0.49 -1.0025 -1.0125 -0.095 -0.89000113 -0.6375 -0.6075 -0.6075 -0.68749934 -0.4875 -0.8875 -0.20250057 -0.7975 -0.26873405 -0.2625 0.4075 0.4075 0.74 0.74 0.74
-1.09 -1.0867504 -1.0686311 -1.4374788 -0.44 -1.005 -1.2125 -0.6225 -0.78749862 -1.138567 -0.35250103 -0.3525 -0.0925 -0.585 -0.585 -0.6125 -0.6125 -0.61248534 -0.355 -0.275 -0.31231213 -0.465 -0.465 -0.79498664 -0.795 -0.73583048 -0.615 -0.615 -0.615 -0.8875 -0.8875 -0.425 -0.425 -0.49000141 -1.0025 -0.3175002 -0.24372838 -0.89 -0.89 -0.6075 -0.6875 -0.6875 -0.68749646 -0.2025 -0.2025 -0.7975 -0.2625 -0.2625 0.4075 0.4075 0.74 0.74 0.74
-0.705 -0.97361931 -0.96500332 -0.9684074 -0.44000294 -1.0049867 -1.2125 -0.62976256 -0.77612981 -0.79677 -0.0925 -0.0925 -0.0925 -0.0925 -0.58493023 -0.6125 -0.6125 -0.60917526 -0.355 -0.27503378 -0.39 -0.39 -0.39 -0.39 -0.78799797 -0.615 -0.615 -0.615 -0.615 -0.61507667 -0.425 -0.425 -0.425 -0.425 -0.3175 -0.3175 -0.3175 -0.86255047 -0.88487406 -0.2075 -0.2075 -0.68747418 0.0049928962 -0.20248001 -0.2025 -0.7975 -0.2625 -0.2625 0.4075 0.4075 0.73879373 0.74 -0.031152577
-0.705 -0.965 -0.965 -0.965 -0.965 -0.96500001 -1.2119688 -0.93335535 -0.74579528 -0.093257287 -0.0925 -0.0925 -0.0925 -0.0925 -0.092499823 -0.6125 -0.61249996 -0.59483726 -0.3550037 -0.39 -0.39 -0.39 -0.39 -0.39 -0.39075743 -0.42220303 -0.31750006 -0.3175 -0.3175 -0.3175 -0.425 -0.425 -0.42499957 -0.07 -0.07 -0.3175 0.056793814 0.0675 -0.20749984 -0.2075 -0.2075 -0.2075 0.005 0.005 0.005 -0.0005846687 0.80787829 0.815 0.815 0.815 0.81499999 0.36750008 0.3675
-0.9025 -0.965 -0.965 -0.965 -0.965 -0.965 -0.96500001 -0.73845805 0.15773605 0.1625 0.1625 0.1625 0.1625 0.1625 0.1625 0.05463523 -0.60192387 -0.5772395 -0.38999569 -0.39 -0.39 -0.39 -0.39 -0.38999971 -0.425 -0.425 -0.42499985 -0.3175 -0.3175 -0.31707448 -0.105 -0.105 -0.07 -0.07 -0.07 0.04547413 0.0675 0.0675 0.0675 -0.2075 -0.2075 -0.2075 0.005 0.005 0.005 0.0050000006 0.81500001 0.815 0.815 0.815 0.815 0.3675 0.3675
-0.9025 -0.92576804 -0.965 -0.965 -0.965 -0.965 0.099790977 0.1 0.1 0.1625 0.1625 0.1625 0.1625 0.1625 0.13823323 0.0525 0.0525 0.0525 -0.14574568 -0.14500025 -0.145 -0.145 -0.145 -0.145 -0.425 -0.425 -0.425 -0.425 -0.3175 -0.105 -0.105 -0.105 -0.070000003 -0.07 -0.07 0.3675 0.067897209 0.0675 0.0675 -0.2074411 -0.090075498 0.1838269 0.0050000004 0.005 1.1763739 1.18 1.18 0.81571999 1.2509711 1.2525 1.2524999 1.2673638 0.36750183
-0.9025 -0.35510717 -0.64872123 -0.965 -0.965 0.099370747 0.1 0.1 0.1 0.10045039 0.1625 0.1625 0.1625 0.16249999 0.0525 0.0525 0.0525 0.0525 -0.14482358 -0.145 -0.145 -0.145 -0.145 -0.145 -0.42499999 -0.425 -0.425 -0.425 -0.42383605 -0.105 -0.105 -0.105 0.029999997 -0.069953084 0.3675 0.3675 0.3675 0.36769752 0.17756802 0.185 0.185 0.185 0.9975 0.9975 1.18 1.18 1.18 1.2525 1.2525 1.2525 1.2525 1.2675 1.2675
-0.34032104 -0.34 -0.34 -0.33999999 0.1675 0.10000174 0.1 0.1 0.1 0.1 0.15038667 0.16249792 0.1625 0.0525 0.0525 0.0525 0.0525 0.0525 0.058480722 -0.145 -0.145 -0.145 -0.145 -0.145 -0.20957529 -0.10000176 -0.1 -0.1 -0.1 -0.10499999 0.029999998 0.03 0.03 0.03 0.3675 0.36750053 0.3875 0.3875 0.18752851 0.185 0.185 0.185 0.9975 0.9975 1.1517427 1.18 1.18 1.2525 1.2525 1.2525 1.2526608 1.2675 1.2675
-0.34 -0.34 -0.34 -0.10101068 0.1675 0.1675 0.1 0.1 0.1 0.1 0.0025 0.0025 0.0025 0.0525 0.0525 0.0525 0.0525 0.052518591 0.3925 0.3925 -0.14499978 -0.145 -0.13447045 0.2875 0.28401151 -0.1 -0.1 -0.1 -0.1 0.029986763 0.03 0.03 0.03 0.03 0.38749993 0.3875 0.3875 0.3875 0.38677787 0.185 0.185 0.185 0.9975 0.9975 0.9975 1.18 1.18 1.2525 1.2525 1.2525 1.2675 1.2675 1.2675
-0.34 -0.34 -0.34 0.1675 0.1675 0.1675 0.1674999 0.1 0.1 0.002600648 0.0025 0.0025 0.0025 0.002531154 0.14356002 0.165 0.165 0.165 0.3925 0.3925 0.3925 0.2875 0.2875 0.2875 0.28755112 0.19897886 -0.1 -0.1 -0.099999998 0.19376149 0.23497984 0.235 0.235 0.235 0.31567209 0.21500039 0.215 0.215 0.215 0.67493295 0.675 0.675 0.9975 0.9975 0.94000024 0.94000006 1.115 1.115 1.225 1.225 1.225 1.2675 1.0352079
-0.33999944 -0.34 -0.33999998 0.1675 0.1675 0.1675 0.1675 0.20999997 0.10043982 0.0025770761 0.0025 0.0025 0.0025 0.0028188699 0.165 0.165 0.165 0.16500007 0.3925 0.3925 0.3925 0.2875 0.2875 0.2875 0.47 0.47 0.495 0.495 0.495 0.49358162 0.235 0.235 0.235 0.235 0.22500553 0.215 0.215 0.215 0.215 0.675 0.675 0.675 0.68333791 0.94 0.94 0.94 1.115 1.115 1.225 1.225 1.225 1.035 1.035
-0.16 -0.23996904 -0.2325 -0.23238395 0.1675 0.2097541 0.21 0.21 0.36759376 0.087500013 0.0875 0.0875 0.0875 0.65748144 0.6575 0.16500038 0.165 0.17099429 0.3925 0.3925 0.3925 0.435 0.435 0.435 0.47 0.47 0.495 0.495 0.495 0.49499994 0.41749884 0.41749949 0.23958686 0.23519565 0.42727961 0.4275 0.4275 0.4275 0.4275 0.675 0.675 0.675 0.92540824 0.94 0.94 0.93999996 1.115 1.115 1.115004 1.225 1.2249821 0.825 1.035
0.017466292 0.017499957 -0.2325 -0.2325 -0.2325 0.21 0.21 0.21 0.6425 0.6425 0.0875 0.0875 0.0875 0.6575 0.6575 0.6575 0.6575 0.65746872 0.3925 0.3925 0.3925 0.435 0.435 0.435 0.47 0.47 0.495 0.495 0.495 0.41837382 0.4175 0.4175 0.4175 0.4175 0.42749507 0.4275 0.4275 0.4275 0.4275 0.62750001 0.6275 0.6275 0.6275 0.93999818 0.7025 0.7025 0.7025 0.5025 0.5025 0.5025 0.825 0.825 0.825
0.0175 0.0175 -0.2325 -0.2325 -0.2325 0.20767414 0.21 0.6425 0.6425 0.6425 0.087568321 0.0875 0.64518762 0.65750003 0.6575 0.6575 0.6575 0.7575 0.7575 0.7575 0.3225 0.32250008 0.43499945 0.435 0.43489126 0.235 0.235 0.23500062 0.49495798 -0.019912812 -0.019997671 -0.019923618 0.41675227 0.41712244 0.42543355 0.42749988 0.42643599 0.11 0.11 0.6275 0.6275 0.6275 0.6275 0.7025 0.7025 0.7025 0.7025 0.5025 0.5025 0.5025 0.825 0.825 0.825
0.0175 0.0175 -0.2325 -0.2325 -0.2325 -0.2325 0.37187212 0.6425 0.6425 0.6425 0.64257043 0.77 0.77 0.77 0.65816299 0.6575 0.75683362 0.7575 0.7575 0.7575 0.3225 0.3225 0.3225 0.3225 0.235 0.235 0.235 0.235 0.235 -0.02 -0.02 -0.02 -0.02 -0.020000774 -0.3875 0.11 0.11 0.11 0.11 0.11000171 0.57 0.57 0.57 0.57406844 0.5825 0.5825 0.5825 0.5025 0.50249972 0.2125 0.2125 0.54256873 0.5425
0.0175 0.0175 -0.14226755 -0.2325 -0.2325 -0.23249998 0.8895608 0.64327998 0.6425 0.6425 0.77000005 0.77 0.77 0.77 0.77 0.76077688 0.7575 0.7575 0.7575 0.7575 0.32250336 0.3225 0.3225 0.3225 0.235 0.235 0.235 0.235 0.235 -0.069879558 -0.02 -0.02 -0.02 -0.3875 -0.3875 -0.38711368 0.11 0.11 0.10437221 0.1 0.57 0.57 0.57 0.57284905 0.5825 0.5825 0.5825 0.305 0.21365254 0.2125 0.2125 0.5425 0.5425
0.58 0.58 0.58 -0.028783915 -0.23100194 0.89 0.89 0.89 0.89 1.015 1.015 0.77000002 0.77 0.77 0.77 0.7699992 0.7575 0.7575 0.7575 0.7575 0.51231989 0.3225 0.3225 0.31765847 0.14184157 0.235 0.235 0.235 -0.0875 -0.0875 -0.0875 -0.087499717 -0.3875 -0.3875 -0.3875 -0.3875 0.1 0.1 0.1 0.1 0.6175 0.6175 0.6175 0.25250734 0.2525 0.2525 0.2525001 0.305 0.305 0.21261271 0.2125 0.54249832 0.5425
0.58 0.58 0.58 0.58001104 0.785 0.80026873 0.89 0.89 0.89 1.015 1.015 1.015 0.62000001 0.62 0.62 0.62 0.75737635 0.7575 0.7575 0.7575 0.75089375 0.13750051 0.1375 0.1375 0.1375 0.1375 0.24 0.24 -0.0875 -0.0875 -0.0875 -0.0875 -0.38749964 -0.3875 -0.3875 -0.38745927 0.1 0.1 0.1 0.1 0.6175 0.6175 0.6175 0.25251693 0.2525 0.2525 0.2525 0.305 0.305 0.30499999 0.21 0.21 0.175
0.58 0.58 0.58 0.78499953 0.785 0.785 0.88999996 0.89 0.89 1.015 1.015 1.015 0.62 0.62 0.62 0.62533117 0.69 0.69 0.69000017 0.75711874 0.1375 0.1375 0.1375 0.1375 0.1375 0.13757714 0.24 0.24 0.24 -0.0875 -0.0875 -0.087454944 0.1125 0.1125 0.1125 -0.28 -0.28 0.1 0.1 0.1 0.3975 0.61743099 0.617497 0.215 0.215 0.21642121 0.25249999 0.305 0.305 0.21 0.21 0.21 0.175
0.58 0.58 0.58 0.785 0.785 0.785 0.785 0.89 0.89 1.015 1.015 0.6357943 0.62 0.62 0.62 0.69 0.69 0.69 0.69 0.69 0.1375 0.1375 0.1375 0.1375 0.1375 0.23999965 0.24 0.24 0.24 -0.0175 -0.0175 -0.0175 0.1125 0.1125 0.1125 -0.28 -0.28 0.1 0.1 0.3975 0.3975 0.3975 0.215 0.215 0.215 0.215 0.19898127 0.02 0.02 0.02 0.21 0.115 0.115
0.58 0.58 0.58028547 0.785 0.785 0.785 0.785 0.69455888 0.69 0.69055798 1.015 0.62000691 0.62 0.62 0.62000024 0.69 0.69 0.69 0.69 0.69 0.38927182 0.1375 0.1375 0.1375 0.13750206 0.2399948 0.24 0.24 0.24 -0.0175 -0.0175 -0.0175 -0.017481808 0.1125 -0.28 -0.28 -0.28 -0.27998449 0.10002029 0.3975 0.3975 0.3975 0.21501108 0.215 0.215 0.215 0.019996234 0.02 0.02 0.02 0.115 0.115 0.115
0.5875 0.58749999 0.78488521 0.785 0.785 0.785 0.69002021 0.69 0.69 0.69 0.7025 0.7025 0.7025 0.7025 0.69005768 0.69 0.69 0.69 0.69 0.40000017 0.4 0.4 0.1475 0.1475 0.1475 0.1475 0.15548394 0.24 -0.087486587 -0.0875 -0.0875 -0.0875 -0.0875 -0.4525 -0.4525 -0.4525 -0.4525 -0.4525 0.0975 0.0975 0.0975 0.0975 0.0975 -0.356637 -0.3575 -0.3575 -0.3575 0.02 0.02 0.02 0.11498503 0.115 0.115
0.5875 0.5875 0.58810706 0.66000025 0.66000003 0.66002933 0.69 0.69 0.69 0.69 0.7025 0.7025 0.7025 0.7025 0.7025 0.69 0.69 0.69 0.40000007 0.4 0.4 0.4 0.1475 0.1475 0.1475 0.1475 0.1475 0.14751934 -0.087510619 -0.0875 -0.0875 -0.0875 -0.087504266 -0.47517606 -0.45252348 -0.4525 -0.4525 -0.4525 0.0975 0.0975 0.0975 0.0975 0.097499997 -0.3575 -0.3575 -0.3575 -0.3575 -0.18097362 0.02 0.44520252 0.45 0.5725 0.5725
0.5875 0.5875 0.65999082 0.66 0.66 0.66 0.66761987 0.69 0.69 0.69 0.7025 0.7025 0.7025 0.7025 0.7025 0.69000585 0.69 0.40008503 0.4 0.4 0.4 0.4 0.24104026 0.1475 0.1475 0.1475 0.1475 0.14731401 -0.115 -0.115 -0.115 -0.115 -0.115 -0.4925 -0.4925 -0.4925 -0.4925 -0.4925 -0.4725 -0.4725 -0.4725 -0.4725 -0.47249999 -0.3563341 -0.35749976 -0.3575 -0.35741906 -0.34764449 0.45 0.45 0.45 0.57249931 0.5725
0.58749968 0.41836306 0.65999997 0.66 0.66 0.66 0.66 0.68998723 0.69 0.69 0.7025 0.7025 0.7025 0.7025 0.29671771 0.2875 0.2875 0.3999971 0.4 0.4 0.4 0.4 0.39999996 0.1475 0.1475 0.1475 0.1475 -0.32249979 -0.3224999 -0.27833896 -0.115 -0.115 -0.115 -0.4925 -0.4925 -0.4925 -0.4925 -0.49237301 -0.4725 -0.4725 -0.4725 -0.4725 -0.47246073 0.12 0.12 0.12 0.12 0.12002662 0.45 0.45 0.45 0.45000014 0.67102726
0.415 0.415 0.44990568 0.66 0.66 0.66 0.66 0.66 0.68998645 0.3775 0.3775 0.3775 0.37827129 0.2875006 0.2875 0.2875 0.2875 0.2875 0.39999886 0.39025561 0.305 0.305 0.305 0.26288758 0.10968281 -0.092669785 -0.26341421 -0.3225 -0.3225 -0.3225 -0.3225 -0.3225 -0.31580621 -0.305954 -0.305 -0.305 -0.305 -0.305 -0.37622497 0.039999079 0.04 0.04 0.04 0.38249923 0.12000007 0.12 0.12 0.77 0.45000513 0.45 0.45 0.6725 0.6725
0.415 0.415 0.345 0.345 0.345 0.65989507 0.66 0.66 0.3775 0.3775 0.3775 0.3775 0.3775 0.2875 0.2875 0.2875 0.2875 0.2875 0.305 0.305 0.305 0.305 0.305 -0.32499997 -0.325 -0.325 -0.325 -0.3225 -0.3225 -0.3225 -0.3225 -0.3225 -0.39 -0.39 -0.305 -0.305 -0.305 0.24740591 0.2475 0.04 0.04 0.04 0.040000073 0.3825 0.3825 0.3825 0.77 0.77 0.77 0.805 0.805 0.6725 0.6725
0.415 0.415 0.345 0.345 0.345 0.345 0.345 0.345 0.3774694 0.3775 0.3775 0.3775 0.3775 0.28862267 0.2875 0.2875 0.2875 0.2875 0.305 0.305 0.305 0.305 0.305 -0.325 -0.325 -0.325 -0.325 -0.32500001 -0.3225 -0.3225 -0.3225 -0.38999646 -0.39 -0.39 -0.39 -0.305 0.24749999 0.2475 0.2475 0.24204029 0.44042902 0.515 0.515 0.3825 0.3825 0.3825 0.77 0.77 0.77 0.805 0.805 0.805 0.45965666
0.33 0.33000067 0.345 0.345 0.345 0.345 0.345 0.345 0.345 0.3775 0.3775 0.3775 0.3775 0.37747202 0.2875 0.2875 0.2875 0.2875 0.3049994 0.305 0.305 0.30499999 -0.21403125 -0.325 -0.325 -0.325 -0.325 -0.59999978 -0.6 -0.6 -0.32548084 -0.39 -0.39 -0.39 -0.38999985 -0.2325 0.2475 0.2475 0.2475 0.2475 0.515 0.515 0.515 0.855 0.855 0.855 1.0874691 0.77 0.77 0.805 0.805 0.805 0.43750049
0.33 0.33 0.345 0.345 0.345 0.345 0.345 0.345 0.345 0.37393641 0.3775 0.3775 0.3775 0.37749682 -0.54490419 -0.545 -0.545 -0.545 -0.29559551 -0.45 -0.45 -0.45 -0.45 -0.325 -0.325 -0.325 -0.32501814 -0.6 -0.6 -0.6 -0.6 -0.38997205 -0.30141081 -0.2325 -0.2325 -0.2325 0.2478157 0.33249823 0.3325 0.3325 0.51518603 0.75249999 0.7525 0.855 0.855 0.85500098 1.0875 1.0875 0.815 0.815 0.815 0.62 0.6125
