interpolatedSpi/01-06|23_3.tif
NCOLS 53
NROWS 52
XLLCORNER -116.03883
YLLCORNER 28.596182
DX 0.49850594
DY 0.49788537
NODATA_VALUE -9999
[rows 0 to 30 of 52, columns 0 to 52 of 53]
-0.385 -0.385 -1.023349 -1.035 -0.47333333 -0.43333333 -0.60833333 -0.36333333 -0.92976814 -0.57666667 -0.4 -0.44 -0.58666214 -0.53166667 -0.67166667 -0.67166667 -0.67166667 -0.50333333 -0.86 -0.86 -0.86 -0.85999459 -0.29833334 -1.0783333 -1.0783333 -1.0783333 -0.47666526 -0.47666667 -0.47666667 -1.2316667 -1.2316667 -1.2316667 -1.2316667 -2.4949997 -2.495 -2.495 -2.495 -2.495 -2.495 -2.4949999 0.39388317 0.4244577 -1.7033333 -1.7033333 -1.7033333 -1.7033333 -1.7026201 -1.2666667 -1.2666667 -1.2666667 -0.28500204 -0.285 -0.285
-0.3850314 -1.0916667 -1.0349996 -0.97565822 -0.93827456 -0.64666667 -0.85333333 -0.78471133 -0.83833333 -0.70666667 -0.49333333 -0.58666667 -0.58666667 -0.5383111 -0.53166798 -0.67166667 -0.50333333 -0.50333333 -0.85953495 -0.86 -0.86 -0.86 -1.0677182 -1.0783333 -1.0783333 -1.0783333 -1.225 -1.225 -1.2316667 -1.2316667 -1.2316667 -1.2316667 -1.2316667 -2.4949998 -2.495 -2.495 -2.495 -2.495 -2.4949999 -2.2392757 -0.94009088 -1.6107092 -1.7033333 -1.7033333 -1.7033333 -1.7033333 -1.7033333 -1.2666667 -1.2666667 -1.2666667 -1.1852659 -0.285 -0.285
-0.021703109 -0.021666667 -0.71166667 -0.64166667 -1.0083333 -0.78 -1.2116667 -0.37 -1.2 -1.26 -0.93166667 -1.0883333 -1.2333333 -0.43833333 -0.53833333 -1.795 -0.50333333 -0.50333333 -0.50333333 -0.36847626 -0.36833333 -0.36833333 -0.87666667 -1.0783333 -1.0783333 -1.0783333 -1.225 -1.225 -1.225 -1.2316667 -1.2316667 -1.2316667 -1.2188293 -2.491588 -2.4842494 -1.3505838 -1.34 -1.34 -1.2896905 -0.94 -0.94 -0.94097611 -1.7033333 -1.7033333 -1.7033333 -1.7033333 -1.7033333 -1.2666667 -1.2666667 -1.2666667 -1.2666667 -0.285 -0.285
0.48666667 -0.021666778 -0.57515957 -0.39666667 -1.2166667 -1.0083333 -1.025 -1.2783333 -0.88 -0.90913045 -1.295 -1.0933333 -1.1 -0.43833333 -1.0733333 -1.795 -0.88038496 -0.87307409 -1.1866667 -0.36833333 -0.36833333 -1.2183333 -0.87666667 -0.87666667 -1.0783333 -1.0783341 -1.225 -1.225 -1.225 -0.88 -1.0583203 -1.205 -1.205 -1.2050001 -1.34 -1.34 -1.34 -1.34 -0.94 -0.94 -0.94 -0.94000003 -1.7033333 -1.7033333 -1.7033333 -1.7033333 -1.7033333 -1.2666722 -1.2666667 -1.2666667 -1.2666667 -0.28503234 -0.285
0.48666667 0.056665508 -0.575 -1.2767518 -1.2166667 -1.47 -1.3033957 -2.05 -1.99 -1.1683337 -1.1728943 -1.1715912 -0.645 -1.0733333 -1.0733333 -1.5417186 -0.87333333 -0.87333333 -1.1866667 -1.1866667 -0.36833504 -1.2183333 -0.92833333 -0.076666667 -0.735 -0.73494594 -1.225 -1.225 -0.88 -0.88 -1.205 -1.205 -1.205 -1.2600004 -1.34 -1.34 -1.34 -0.94 -0.94 -0.94 -0.94 -0.93997699 -1.7033333 -1.7033333 -1.7033333 -1.7033333 -1.7033333 -1.6994465 -1.2666667 -1.266667 -1.275 -1.275 -1.275
-1.3666667 -0.61666667 -0.4633333 -0.925 -1.0066667 -1.19 -1.7383333 -1.7782356 -1.1833333 -1.6566667 -1.57 -1.1433333 -1.143333 -0.70666667 -0.70666667 -0.53499799 -0.535 -0.705 -0.705 -1.1866656 -1.2983333 -1.2983333 -0.076666667 -0.735 -0.735 -0.50333333 -1.5016667 -1.5016667 -0.56836305 -0.88 -1.205 -1.205 -1.4966667 -1.4966176 -1.0267004 -1.3283333 -1.3283333 -1.0601398 -0.94 -0.94 -0.70196392 -0.70166667 -0.70166533 -1.0484352 -1.0367403 -1.0366668 -1.0366667 -1.0366669 -1.1281302 -1.275 -1.275 -1.275 -1.275
-0.72167379 -0.18333333 -0.76864737 -0.61 -0.52166667 -1.1183333 -1.08 -1.6283333 -1.8733333 -1.8733333 -1.57 -1.22 -1.1483333 -0.70666667 -0.52666721 -0.52666667 -0.535 -0.31 -0.026666667 -0.026666667 -1.0854787 -0.84666667 -0.84666667 -0.68666667 -0.50333333 -0.50333333 -1.5016667 -1.5016667 -0.5683952 -0.56947242 -0.86403343 -1.4966667 -1.4966667 -1.0266667 -1.0266667 -1.2284827 -1.3283333 -1.3283333 -1.4933276 -0.70166777 -0.70166667 -0.70166667 -0.70166024 -1.0366672 -1.0366667 -1.0366667 -1.0366667 -1.0366667 -1.0983333 -1.274965 -1.275 -1.275 -1.275
-0.72166667 -1.34 -0.50666667 -1.4116667 -1.1050176 -1.0183333 -1.235 -1.86 -0.91333333 -1.2383333 -1.2383333 -0.99166667 -1.1483333 -1.1483333 -0.53093188 -0.79989376 -0.82666667 -0.325 0.018333287 -0.026666667 -0.050353078 0.066666667 -1.2116667 0.11333333 0.11331837 -1.0466667 -0.87 -0.87000022 -1.6262798 -1.63 -0.86166667 -0.94370205 -0.945 -1.0266667 -1.0231491 -1.145 -1.145 -1.4933333 -1.4933333 -0.70166667 -0.70166667 -0.70166665 -1.1229659 -1.1266667 -1.0366667 -1.0366667 -1.0366667 -1.098331 -1.0983333 -1.0983333 -1.275 -1.275 -1.275
-1.3276099 -1.34 -0.38 -1.2166667 -1.22 -1.9166667 -1.125 -0.715 -1.0966667 -0.46004564 -0.35333333 -1.1066667 -1.1066667 -0.50833333 -0.50833271 -1.2255518 -1.2266667 -1.2266667 -0.27258965 -1.2433333 -1.3116667 -1.3116667 -1.4316667 -1.298365 -0.92976929 -1.0466667 -1.0266667 -0.87 -0.69435994 -0.69333333 -0.94333333 -0.9 -0.9050367 -1.1266667 -0.90333333 -1.05 -1.0833333 -1.5766667 -1.0035981 -0.69914463 -0.13666667 -0.59166667 -1.1265538 -1.1266667 -1.1261601 -1.0366667 -2.1566666 -1.0983333 -1.0983333 -1.0983333 -1.0983333 -1.0475664 0.098333333
-1.2583333 -1.2583333 -0.57833333 -0.95666667 -1.6466667 -1.4466667 -0.755 -0.93 -0.445 -0.29832675 -0.605 -0.18833333 -0.50833333 -0.50833333 -0.44166667 -0.4524333 -1.2266667 -1.2264795 -0.39333333 -1.2433333 -1.2433333 -1.2521369 -1.4316667 -1.0350075 -1.035 -1.035 -1.0266667 -0.73666667 -0.73666667 -0.69333333 -0.69333333 -0.90001897 -0.91 -1.1266667 -0.78833333 -1.05 -1.0833333 -1.855 -1.0033333 -0.30647991 -0.59166665 -0.5335046 -0.43333333 -1.1266667 -1.1266667 -2.1566667 -2.1566667 -2.1566667 -1.0983333 -1.0983333 0.55166667 0.55166667 0.5516665
-1.2583333 -1.2583333 -1.725 -1.8933333 -1.3966667 -0.77666667 -1.605 -0.68232101 -0.94333333 -1.1966667 -0.54166667 -0.26666667 -0.18843809 -0.44166667 -0.44166667 -0.44167417 -0.50666667 -0.5007184 -0.39333333 -0.405 -0.405 -0.35333333 -0.35333333 -1.035 -1.035 -1.035 -0.73666667 -0.73666667 -0.73666667 -0.93666667 -0.93666667 -0.93666662 -0.52833333 -0.52833333 -1.5283333 -1.4316667 -0.10833333 -1.1383366 -0.72 -0.295 -0.295 -0.77499888 -0.43333333 -1.1266667 -0.18666735 -0.85833333 -0.13209043 -0.12333334 0.34333333 0.34333333 0.55166667 0.55166667 0.55166667
-1.2583333 -1.4599156 -1.7968338 -1.9799828 -0.945 -1.34 -1.605 -0.68166667 -0.94333115 -1.19386 -0.26666788 -0.26666667 0.175 -0.44166667 -0.44166667 -0.50666666 -0.50666667 -0.50666022 -0.39333333 -0.405 -0.39485372 -0.35333333 -0.35333333 -1.0349721 -1.035 -0.70901977 -0.043333333 -0.043333333 -0.04333342 -0.93666667 -0.93666667 0.07 0.07 -0.52833608 -1.5283333 -0.1533338 -0.33469957 -1.1383333 -1.1383333 -0.29500002 -0.775 -0.775 -0.77499569 -0.18666667 -0.18666667 -0.85833333 -0.12333333 -0.12333333 0.34333333 0.34333333 0.55166667 0.55166667 0.55166667
-0.725 -0.92376219 -0.8533719 -0.86148231 -0.94500212 -1.3399907 -1.605 -0.69303237 -0.92530182 -0.94994854 0.175 0.175 0.175 0.175 -0.44157931 -0.50666667 -0.50666667 -0.50520335 -0.39333333 -0.40483985 0.14833333 0.14833333 0.14833333 0.14833333 -1.0141474 -0.043333333 -0.043333333 -0.043333333 -0.043333333 -0.043764078 0.07 0.07 0.07 0.07 -0.15333333 -0.15333333 -0.15333333 -1.0912851 -1.1301594 -0.05 -0.05 -0.774961 -0.013339268 -0.18664997 -0.18666667 -0.85833333 -0.12333333 -0.12333333 0.34333334 0.34333333 0.55091086 0.55166667 -0.12978512
-0.725 -0.85333333 -0.85333333 -0.85333333 -0.85333333 -0.85333354 -1.6043215 -1.168147 -0.87719549 0.17378934 0.175 0.175 0.175 0.175 0.17500013 -0.50666667 -0.50666665 -0.49889277 -0.39333316 0.14833333 0.14833333 0.14833333 0.14833333 0.14833333 0.1502421 0.17517846 0.28333327 0.28333333 0.28333333 0.28333333 0.070000009 0.07 0.070000738 0.68333333 0.68333333 -0.15333333 0.70867666 0.73333333 -0.049999547 -0.05 -0.05 -0.05 -0.013333333 -0.013333333 -0.013333333 -0.019213763 0.90312412 0.91 0.91 0.91 0.90999999 0.91999992 0.92
-1.0033333 -0.85333333 -0.85333333 -0.85333333 -0.85333333 -0.85333333 -0.85333338 -0.91135439 0.35850597 0.365 0.365 0.365 0.365 0.365 0.365 0.30447766 -0.49380228 -0.49114734 0.14826519 0.14833333 0.14833333 0.14833333 0.14833333 0.14833341 0.23666667 0.23666667 0.23666673 0.28333333 0.28333333 0.2840976 0.665 0.665 0.68333333 0.68333333 0.68333333 0.72532398 0.73333333 0.73333333 0.73333333 -0.05 -0.05 -0.05 -0.013333333 -0.013333333 -0.013333333 -0.013333333 0.91 0.91 0.91 0.91 0.91 0.92 0.92
-1.0033333 -0.94749004 -0.85333333 -0.85333333 -0.85333333 -0.85333333 0.27977757 0.28 0.28 0.365 0.365 0.365 0.365 0.365 0.3513959 0.30333333 0.30333333 0.30333333 0.21812033 0.21833326 0.21833333 0.21833333 0.21833333 0.21833333 0.23666667 0.23666667 0.23666667 0.23666667 0.28333333 0.665 0.665 0.665 0.68333333 0.68333333 0.68333333 0.97166667 0.73364889 0.73333333 0.73333333 -0.049983451 -0.01758984 0.058009549 -0.013333333 -0.013333333 1.0882566 1.0916667 1.0916667 0.91024988 1.0611367 1.0616667 1.0616666 1.1516316 0.92000047
-1.0033333 -0.27834183 -0.55223594 -0.85333333 -0.85333333 0.27933037 0.28 0.28 0.28 0.28061253 0.365 0.365 0.365 0.36499999 0.30333333 0.30333333 0.30333333 0.30333333 0.21840926 0.21833333 0.21833333 0.21833333 0.21833333 0.21833333 0.23666667 0.23666667 0.23666667 0.23666667 0.23822466 0.665 0.665 0.665 0.55 0.68335944 0.97166667 0.97166667 0.97166667 0.96820459 0.10108379 0.058333333 0.058333333 0.058333333 0.795 0.795 1.0916667 1.0916667 1.0916667 1.0616667 1.0616667 1.0616667 1.0616667 1.1516667 1.1516667
-0.25867388 -0.25833333 -0.25833333 -0.25833333 0.575 0.28000761 0.28 0.28 0.28 0.28 0.33635704 0.36499507 0.36499999 0.30333333 0.30333333 0.30333333 0.30333333 0.30333333 0.32086902 0.21833333 0.21833333 0.21833333 0.21833333 0.21833333 0.29894127 0.41499903 0.415 0.415 0.415 0.66499999 0.55 0.55 0.55 0.55 0.97166667 0.97165842 0.65833333 0.65833333 0.065825227 0.058333333 0.058333333 0.058333333 0.795 0.795 1.0457325 1.0916667 1.0916667 1.0616667 1.0616667 1.0616667 1.0626317 1.1516667 1.1516667
-0.25833333 -0.25833333 -0.25833333 0.13409576 0.575 0.575 0.28 0.28 0.28 0.28 -0.013333333 -0.013333333 -0.013333333 0.30333333 0.30333333 0.30333333 0.30333333 0.30335371 0.68666667 0.68666667 0.21833352 0.21833333 0.22876145 0.64666667 0.64458107 0.415 0.415 0.415 0.415 0.54998625 0.55 0.55 0.55 0.55 0.65833443 0.65833333 0.65833333 0.65833333 0.65619442 0.058333333 0.058333333 0.058333334 0.795 0.795 0.795 1.0916667 1.0916667 1.0616667 1.0616667 1.0616667 1.1516667 1.1516667 1.1516667
-0.25833333 -0.25833333 -0.25833333 0.575 0.575 0.575 0.57499955 0.28 0.28 -0.013030529 -0.013333333 -0.013333333 -0.013333333 -0.013136034 0.4031621 0.42666667 0.42666667 0.42666667 0.68666667 0.68666667 0.68666667 0.64666667 0.64666667 0.64666667 0.6466606 0.52515011 0.415 0.415 0.415 0.43307872 0.41001377 0.41 0.41 0.41 0.45108367 0.16000113 0.16 0.16 0.16 0.80489783 0.805 0.805 0.795 0.795 1.0999987 1.1 0.99333333 0.99333333 1.0966667 1.0966667 1.0966667 1.1516667 0.79365373
-0.25833207 -0.25833333 -0.2583333 0.575 0.575 0.575 0.575 0.47833328 0.28079301 -0.013218475 -0.013333333 -0.013333333 -0.013333333 -0.012469932 0.42666667 0.42666667 0.42666667 0.42666674 0.68666667 0.68666667 0.68666667 0.64666667 0.64666667 0.64666667 0.625 0.625 0.79666666 0.79666667 0.79666667 0.79455728 0.41 0.41 0.41 0.41 0.28506864 0.16 0.16 0.16 0.16 0.805 0.805 0.805 0.81428183 1.1 1.1 1.1 0.99333333 0.99333333 1.0966667 1.0966667 1.0966667 0.79333334 0.79333333
0.15 -0.038351943 -0.096666667 -0.096471805 0.575 0.47889264 0.47833333 0.47833333 0.59857828 0.11333335 0.11333333 0.11333333 0.11333333 0.98997146 0.99 0.4266671 0.42666667 0.43351728 0.68666667 0.68666667 0.68666667 0.52 0.52 0.52 0.625 0.625 0.79666667 0.79666667 0.79666667 0.79666662 0.73166462 0.73166576 0.41808461 0.41034485 0.19025195 0.19 0.19 0.19 0.19 0.805 0.805 0.805 1.0837563 1.1 1.1 1.0999999 0.99333333 0.99333333 0.99333705 1.0966667 1.096645 0.61166667 0.79333333
0.1966578 0.19666662 -0.096666667 -0.096666667 -0.096666667 0.47833333 0.47833333 0.47833333 0.80833333 0.80833333 0.11333333 0.11333333 0.11333333 0.99 0.99 0.99 0.99 0.98996419 0.68666667 0.68666667 0.68666666 0.52 0.52 0.52 0.625 0.625 0.79666667 0.79666667 0.79666667 0.73239955 0.73166667 0.73166667 0.73166667 0.73166667 0.19026728 0.19 0.19 0.19 0.19 0.62333338 0.62333333 0.62333333 0.62333333 1.0999949 0.43166667 0.43166667 0.43166667 0.155 0.155 0.155 0.61166667 0.61166667 0.61166667
0.19666667 0.19666667 -0.096666667 -0.096666667 -0.096666667 0.47531103 0.47833333 0.80833333 0.80833333 0.80833333 0.11341889 0.11333333 0.82831747 0.99 0.99 0.99 0.99 1.1216667 1.1216667 1.1216667 0.46 0.46000004 0.51999971 0.52 0.52018758 0.78666667 0.78666667 0.78666669 0.79666505 0.48171649 0.481668 0.48171031 0.73123939 0.73145092 0.28630932 0.18999984 0.188626 -0.22 -0.22 0.62333333 0.62333333 0.62333333 0.62333333 0.43166667 0.43166667 0.43166667 0.43166667 0.155 0.155 0.155 0.61166667 0.61166667 0.61166667
0.19666667 0.19666667 -0.096666667 -0.096666667 -0.096666667 -0.096666664 0.60184269 0.80833333 0.80833333 0.80833333 0.80843276 0.98833333 0.98833333 0.98833333 0.98999018 0.99 1.1207893 1.1216667 1.1216667 1.1216667 0.46 0.46 0.46 0.46 0.78666667 0.78666667 0.78666667 0.78666667 0.78666667 0.48166667 0.48166667 0.48166667 0.48166667 0.48166573 0.035 -0.22 -0.22 -0.22 -0.22 -0.21999856 0.10333333 0.10333333 0.10333333 0.155943 0.265 0.265 0.265 0.155 0.15499971 -0.14333333 -0.14333333 0.24342294 0.24333333
0.19666667 0.19666667 0.0092060689 -0.096666667 -0.096666667 -0.09666664 1.0994824 0.80925251 0.80833333 0.80833333 0.98833336 0.98833333 0.98833333 0.98833333 0.98833333 0.98848978 1.1216667 1.1216667 1.1216667 1.1216667 0.46000512 0.46 0.46 0.46 0.78666667 0.78666667 0.78666667 0.78666667 0.78666667 0.67502693 0.48166667 0.48166667 0.48166667 0.035 0.035 0.034801986 -0.22 -0.22 -0.54547357 -0.79833328 0.10333333 0.10333333 0.10333333 0.15433446 0.265 0.265 0.265 -0.033333333 -0.14196274 -0.14333333 -0.14333333 0.24333333 0.24333333
1.0066667 1.0066667 1.0066667 0.17996933 -0.094960675 1.1 1.1 1.1 1.1 1.1266667 1.1266667 0.98833334 0.98833333 0.98833333 0.98833333 0.98834177 1.1216667 1.1216667 1.1216667 1.1216667 0.74872987 0.46 0.46 0.4715586 0.89654584 0.78666667 0.78666667 0.78666667 0.74333333 0.74333333 0.74333333 0.74333223 0.035 0.035 0.035 0.035 -0.79833333 -0.79833333 -0.79833333 -0.79833333 0.005 0.005 0.005 1.0052685e-07 7.4014868e-17 7.4014868e-17 8.3868933e-08 -0.033333333 -0.033333333 -0.1431993 -0.14333333 0.24333092 0.24333333
1.0066667 1.0066667 1.0066667 1.0066697 1.0633333 1.0686653 1.1 1.1 1.1 1.1266667 1.1266667 1.1266667 0.65000002 0.65 0.65 0.65000001 1.1212576 1.1216667 1.1216667 1.1216667 1.1116576 0.90166545 0.90166667 0.90166667 0.90166667 0.90166666 0.775 0.775 0.74333333 0.74333333 0.74333333 0.74333333 0.03499994 0.035 0.035 0.034993212 -0.79833333 -0.79833333 -0.79833333 -0.79777767 0.005 0.005 0.005 2.3186247e-07 7.4014868e-17 7.4014868e-17 -6.2477007e-12 -0.033333333 -0.033333333 -0.03333336 -0.235 -0.235 -0.24333333
1.0066667 1.0066667 1.0066667 1.0633332 1.0633333 1.0633333 1.1 1.1 1.1 1.1266667 1.1266667 1.1266667 0.65 0.65 0.65 0.66891295 0.89833333 0.89833333 0.89833391 1.1204052 0.90166667 0.90166667 0.90166667 0.90166667 0.90166667 0.90157134 0.775 0.775 0.775 0.74333333 0.74333333 0.74293641 -0.048333333 -0.048333333 -0.048333333 -0.7 -0.7 -0.67166667 -0.67166667 -0.67166667 0.015 0.0050031367 0.0049986567 -0.175 -0.175 -0.1683677 -5.1893997e-07 -0.033333334 -0.033333334 -0.235 -0.235 -0.235 -0.24333333
1.0066667 1.0066667 1.0066667 1.0633333 1.0633333 1.0633333 1.0633333 1.1 1.1 1.1266667 1.1266667 0.66905979 0.65 0.65 0.65 0.89833333 0.89833333 0.89833333 0.89833333 0.89833333 0.90166667 0.90166667 0.90166667 0.90166667 0.90166667 0.77500043 0.775 0.775 0.775 0.12666667 0.12666667 0.12666667 -0.048333333 -0.048333333 -0.048333334 -0.7 -0.7 -0.67166667 -0.67166667 0.015 0.015 0.015 -0.175 -0.175 -0.175 -0.175 -0.20662672 -0.56 -0.56 -0.56 -0.235 -0.30333333 -0.30333333
1.0066667 1.0066667 1.0067456 1.0633333 1.0633333 1.0633333 1.0633333 1.0284262 1.0266667 1.0268384 1.1266667 0.65002052 0.65 0.65 0.65000086 0.89833333 0.89833333 0.89833333 0.89833333 0.89833333 0.44135351 0.90166667 0.90166667 0.90166667 0.90153313 0.77497065 0.775 0.775 0.775 0.12666667 0.12666667 0.12666667 0.12663877 -0.048333333 -0.7 -0.7 -0.7 -0.69999879 -0.67161984 0.015 0.015 0.015 -0.17498847 -0.175 -0.175 -0.175 -0.5600021 -0.56 -0.56 -0.56 -0.30333333 -0.30333333 -0.30333333
