interpolatedSpi/01-03|21_3.tif
NCOLS 53
NROWS 52
XLLCORNER -116.03883
YLLCORNER 28.596182
DX 0.49850594
DY 0.49788537
NODATA_VALUE -9999
[rows 0 to 29 of 52, columns 0 to 52 of 53]
-0.65333333 -0.65333333 -0.46681481 -1.0533333 -1.3333333 -1.2533333 -1.06 -1.1033333 -1.3353337 -1.62 -1.0166667 -1.08 -1.7498446 0.13666667 -0.93 -0.93 -0.93 -0.31666667 -0.38333333 -0.38333333 -0.38333333 -0.38334053 -1.13 -0.12666667 -0.12666667 -0.12666667 -0.12999335 -0.13 -0.13 0.32333333 0.32333333 0.32333333 0.32333333 -2.0499995 -2.05 -2.05 -2.05 -2.05 -2.05 -2.0499999 3.0747988 3.128974 -0.89666667 -0.89666667 -0.89666667 -0.89666667 -0.89716756 -1.2033333 -1.2033333 -1.2033333 1.0299954 1.03 1.03
-0.65335585 -1.16 -0.96333409 -1.2007005 -1.3637778 -0.72666667 -0.78333333 -2.0596332 -2.3633333 -1.6266667 -1.69 -1.75 -1.75 -0.87993217 0.13664492 -0.93 -0.31666667 -0.31666667 -0.38324641 -0.38333333 -0.38333333 -0.38333333 -0.14982699 -0.12666667 -0.12666667 -0.12666667 -1.5033332 -1.5033333 0.32333333 0.32333333 0.32333333 0.32333333 0.32333333 -2.0499997 -2.05 -2.05 -2.05 -2.05 -2.0499998 -1.7407314 -0.24339217 -0.81738977 -0.89666667 -0.89666667 -0.89666667 -0.89666667 -0.89666667 -1.2033333 -1.2033333 -1.2033333 -1.0181432 1.03 1.03
-1.6933132 -1.6933333 -1.6233333 -1.0033333 -1.74 -2.04 -1.6566667 -2.1933333 -2.2633333 -2.5333333 -1.71 -2.27 -1.2533333 -1.54 -0.88333333 -1.5933333 -0.31666667 -0.31666667 -0.31666667 -0.68991085 -0.69 -0.69 -0.56666667 -0.12666667 -0.12666667 -0.12666667 -1.5033333 -1.5033333 -1.5033333 0.32333333 0.32333333 0.32333321 -0.87053883 -2.045897 -2.0305155 0.024151135 0.043333333 0.043333333 0.0072782217 -0.24333333 -0.24333333 -0.24416878 -0.89666667 -0.89666667 -0.89666667 -0.89666667 -0.89666667 -1.2033333 -1.2033333 -1.2033333 -1.2033333 1.03 1.03
-1.2266667 -1.6933333 -1.5534028 -0.69333333 -1.5133333 -1.9 -2.0566667 -2.5666667 -1.9166667 -1.6807433 -1.39 -2.7133333 -2.55 -1.54 -1.56 -1.5933333 -1.4610201 -1.4591989 -1.7 -0.69 -0.69 -1.86 -0.56666667 -0.56666667 -0.12666667 -0.12667354 -1.5033333 -1.5033333 -1.5033333 -1.2966667 -1.7685295 -2.1566667 -2.1566667 -2.1566649 0.043333333 0.043333333 0.043333333 0.043333333 -0.24333333 -0.24333333 -0.24333333 -0.24333336 -0.89666667 -0.89666667 -0.89666667 -0.89666667 -0.89666667 -1.2033295 -1.2033333 -1.2033333 -1.2033333 1.0299259 1.03
-1.2266667 -1.3000005 -1.5533333 -1.4713846 -1.5133333 -1.6666667 -2.1632597 -1.5433333 -1.9433333 -1.1633336 -2.1991482 -2.6898401 -1.5733333 -1.56 -1.56 -1.5802084 -1.46 -1.46 -1.7 -1.7 -0.69000228 -1.86 -1.4333333 -0.41 -0.34 -0.33993169 -1.5033333 -1.5033333 -1.2966667 -1.2966667 -2.1566667 -2.1566667 -2.1566667 -1.8115779 0.043333333 0.043333333 0.043333333 -0.24333333 -0.24333333 -0.24333333 -0.24333333 -0.24334942 -0.89666666 -0.89666667 -0.89666667 -0.89666667 -0.89666667 -0.89939638 -1.2033333 -1.203335 -1.24 -1.24 -1.24
-1.36 -1.1933333 0.64999995 -0.73 -1.5066667 -0.79333333 -1.27 -1.3049945 -1.5433333 -1.7233333 -1.1966667 -1.02 -1.0200004 -0.20666667 -0.20666667 -0.91663769 -0.91666667 -0.73333333 -0.73333334 -1.699999 -1.29 -1.29 -0.41 -0.34 -0.34 -0.046666667 -1.09 -1.09 -0.45341064 -1.2966667 -2.1566667 -2.1566667 -0.32666667 -0.32676767 -1.293264 -0.81666667 -0.81666667 -0.42070709 -0.24333333 -0.24333333 -0.40979213 -0.41 -0.41 -2.2654038 -2.289846 -2.2899996 -2.29 -2.2899995 -2.4749283 -1.24 -1.24 -1.24 -1.24
-0.39667607 -0.35333333 -0.79146555 0.29 0.51333333 -1.21 -0.37999999 -1.0566667 -1.4633333 -1.4633333 -1.1966667 -1.0466667 0.043333208 -0.20666667 -0.7966649 -0.79666667 -0.91666667 -0.24666667 -0.58333333 -0.58333333 -1.3072797 -1.3266667 -1.3266667 0.36666666 -0.046666667 -0.046666667 -1.09 -1.09 -0.453365 -0.45391629 -1.0930323 -0.32666667 -0.32666667 -1.2933333 -1.2933333 -0.93104107 -0.81666667 -0.81666667 -0.36001583 -0.40999993 -0.41 -0.41 -0.4100026 -2.2899979 -2.29 -2.29 -2.29 -2.2900003 -2.73 -1.2402953 -1.24 -1.24 -1.24
-0.39666667 0.26 -0.21 -0.43 -1.039965 -1.1366667 -0.58 -1.08 -0.65333333 -1.0466667 -1.0466667 -0.37666667 0.043333333 0.043333333 -0.79090349 -1.212579 -1.2533333 0.28666667 -0.88666636 -0.58333333 -0.564273 -0.51333333 -1.3833333 -0.46 -0.460012 -1.39 -0.88333333 -0.88333341 -0.99476275 -0.99666667 -1.0933333 -0.80870188 -0.016666667 -1.2933333 -1.311777 -1.0266667 -1.0266667 -0.36 -0.36 -0.41 -0.41 -0.41 -1.9095907 -1.9166667 -2.29 -2.29 -2.29 -2.7299833 -2.73 -2.73 -1.24 -1.24 -1.24
-0.024719496 0.26 0.38666667 -0.53 -1.4866667 -1.06 -1.21 -1.19 -1.4433333 -1.2439739 -1.11 -0.82333335 -0.82333333 -0.62666667 -0.6266735 -1.153612 -1.1533333 -1.1533333 0.10755552 -0.77666674 -1.1133333 -1.1133333 -1.1266667 -1.2821852 -1.2962806 -1.39 -0.27666667 -0.88333333 -0.87339144 -0.87333333 -1.03 -1.1066667 -1.3114809 -1.5833333 -1.94 -2.0933333 -2.0866667 -1.79 -1.5234565 -0.40980657 -0.36666667 -0.97666666 -1.9166335 -1.9166667 -1.918768 -2.29 -3.0166666 -2.73 -2.73 -2.73 -2.73 -1.1449593 -1.29
-1.6166667 -1.6166667 -0.47333333 -1.03 -1.82 -1.6866667 -0.65666667 -0.95333333 -1.2733333 -1.1931901 -1.52 0.20333333 -0.62666667 -0.62666667 -1.3533333 -1.3505902 -1.1533333 -1.1533546 -1.15 -0.77666667 -0.77666667 -0.82004065 -1.1266667 -1.3966616 -1.3966667 -1.3966667 -0.27666667 -1.3166667 -1.3166667 -0.87333333 -0.87333333 -1.107438 -1.5133333 -1.5833333 -1.1233333 -2.0933333 -2.0866667 -1.5966667 -1.5233333 -1.0707885 -0.97666664 -1.2472734 -1.7133333 -1.9166667 -1.9166667 -3.0166667 -3.0166667 -3.0166667 -2.73 -2.73 -0.47666667 -0.47666667 -0.47666697
-1.6166667 -1.6166667 -0.99333333 -1.6 -1.2566667 -1.1033333 -1.23 -1.0002008 -1.3133333 -1.49 -1.6933333 -1.27 0.20137066 -1.3533333 -1.3533333 -1.3534218 -2.12 -2.0690898 -1.15 -1.3833333 -1.3833333 -1.2033333 -1.2033333 -1.3966667 -1.3966667 -1.3966667 -1.3166667 -1.3166667 -1.3166667 -2.0666667 -2.0666667 -2.0666658 -1.7066667 -1.7066667 -1.34 -1.9433333 -1.4033333 -2.2433289 -1.53 -1.0633333 -1.0633333 0.34999322 -1.7133333 -1.9166667 -1.3766673 -2.07 -1.3804108 -1.3733333 -1.0433333 -1.0433333 -0.47666667 -0.47666667 -0.47666667
-1.6166667 -1.3476657 -1.2522196 -1.0966837 -0.86333333 -1.6633333 -1.23 -1 -1.3133307 -1.4880427 -1.2700003 -1.27 -0.95666667 -1.3533333 -1.3533333 -2.12 -2.12 -2.1199448 -1.15 -1.3833333 -1.347985 -1.2033333 -1.2033333 -1.3966597 -1.3966667 -1.4898039 -1.68 -1.68 -1.68 -2.0666667 -2.0666667 -1.85 -1.85 -1.7066657 -1.34 -1.95 -1.4541125 -2.2433333 -2.2433333 -1.0633333 0.35 0.35 0.34998719 -1.3766667 -1.3766667 -2.07 -1.3733333 -1.3733333 -1.0433333 -1.0433333 -0.47666667 -0.47666667 -0.47666667
-0.64666667 -0.81349019 -0.79002931 -0.7922224 -0.86333737 -1.6633144 -1.23 -1.0028312 -1.2917415 -1.3179466 -0.95666667 -0.95666667 -0.95666667 -0.95666667 -1.3532771 -2.12 -2.12 -2.1074758 -1.15 -1.3835199 -2.0333333 -2.0333333 -2.0333333 -2.0333333 -1.4076743 -1.68 -1.68 -1.68 -1.68 -1.6803519 -1.85 -1.85 -1.85 -1.85 -1.95 -1.95 -1.95 -2.2285792 -2.2387769 -1.6366667 -1.6366667 0.34989314 -1.123342 -1.3766423 -1.3766667 -2.07 -1.3733333 -1.3733333 -1.0433333 -1.0433333 -0.47872247 -0.47666667 -0.29225693
-0.64666667 -0.79 -0.79 -0.79 -0.79 -0.79000036 -1.2311091 -1.1212132 -1.2341364 -0.95705519 -0.95666667 -0.95666667 -0.95666667 -0.95666667 -0.95666678 -2.12 -2.1199998 -2.0534646 -1.1500164 -2.0333333 -2.0333333 -2.0333333 -2.0333333 -2.0333333 -2.0345569 -1.9872434 -2.1366666 -2.1366667 -2.1366667 -2.1366667 -1.85 -1.85 -1.8499994 -1.3833333 -1.3833333 -1.95 -1.518995 -1.5066667 -1.6366666 -1.6366667 -1.6366667 -1.6366667 -1.1233333 -1.1233333 -1.1233333 -1.1299213 -0.59524133 -0.59 -0.59 -0.59 -0.59000001 -0.9599999 -0.96
-0.1 -0.79 -0.79 -0.79 -0.79 -0.79 -0.79000003 -1.013606 -1.1102787 -1.11 -1.11 -1.11 -1.11 -1.11 -1.11 -0.61045469 -2.0957921 -1.9871743 -2.0332226 -2.0333333 -2.0333333 -2.0333333 -2.0333333 -2.0333323 -2.09 -2.09 -2.0900001 -2.1366667 -2.1366667 -2.1376078 -2.6066667 -2.6066667 -1.3833333 -1.3833333 -1.3833333 -1.4869099 -1.5066667 -1.5066667 -1.5066667 -1.6366667 -1.6366667 -1.6366667 -1.1233333 -1.1233333 -1.1233333 -1.1233333 -0.58999999 -0.59 -0.59 -0.59 -0.59 -0.96 -0.96
-0.1 -0.35687916 -0.79 -0.79 -0.79 -0.79 -0.60670265 -0.60666667 -0.60666668 -1.11 -1.11 -1.11 -1.11 -1.11 -0.99749043 -0.6 -0.6 -0.6 -1.1659815 -1.1633342 -1.1633333 -1.1633333 -1.1633333 -1.1633333 -2.09 -2.09 -2.09 -2.09 -2.1366667 -2.6066667 -2.6066667 -2.6066667 -1.3833334 -1.3833333 -1.3833333 -1.2066667 -1.5062695 -1.5066667 -1.5066667 -1.6365049 -1.3135623 -0.55989455 -1.1233333 -1.1233333 -0.21946469 -0.21666667 -0.21666667 -0.58962603 -0.36412543 -0.36333335 -0.36333338 -0.61671857 -0.9599993
-0.099999999 -0.43735596 -0.61625753 -0.79 -0.79 -0.60677499 -0.60666667 -0.60666667 -0.60666667 -0.61029383 -1.11 -1.11 -1.11 -1.1099999 -0.6 -0.6 -0.6 -0.6 -1.1628301 -1.1633333 -1.1633333 -1.1633333 -1.1633333 -1.1633333 -2.09 -2.09 -2.09 -2.09 -2.0918793 -2.6066667 -2.6066667 -2.6066667 -2.2166667 -1.3833355 -1.2066667 -1.2066667 -1.2066667 -1.2021088 -0.61681454 -0.55666667 -0.55666667 -0.55666667 -0.61333333 -0.61333333 -0.21666667 -0.21666667 -0.21666667 -0.36333333 -0.36333333 -0.36333333 -0.36333333 -0.61666667 -0.61666667
-0.44629537 -0.44666667 -0.44666667 -0.44666667 -0.58333333 -0.60666606 -0.60666667 -0.60666667 -0.60666667 -0.60666667 -1.0595277 -1.1099913 -1.11 -0.6 -0.6 -0.6 -0.6 -0.6 -0.64837089 -1.1633333 -1.1633333 -1.1633333 -1.1633333 -1.1633333 -1.7937135 -2.1033333 -2.1033333 -2.1033333 -2.1033333 -2.6066666 -2.2166667 -2.2166667 -2.2166667 -2.2166667 -1.2066667 -1.2066557 -0.79 -0.79 -0.55958018 -0.55666667 -0.55666667 -0.55666667 -0.61333333 -0.61333333 -0.27808432 -0.21666667 -0.21666667 -0.36333333 -0.36333333 -0.36333333 -0.36604973 -0.61666667 -0.61666667
-0.44666667 -0.44666667 -0.44666667 -0.51102504 -0.58333333 -0.58333333 -0.60666667 -0.60666667 -0.60666667 -0.60666667 -0.44333333 -0.44333333 -0.44333333 -0.6 -0.6 -0.6 -0.6 -0.59998953 -0.66666667 -0.66666667 -1.1633331 -1.1633333 -1.1749382 -1.64 -1.6441712 -2.1033333 -2.1033333 -2.1033333 -2.1033333 -2.2166551 -2.2166667 -2.2166667 -2.2166667 -2.2166667 -0.79000146 -0.79 -0.79 -0.79 -0.7891299 -0.55666667 -0.55666667 -0.55666667 -0.61333333 -0.61333333 -0.61333333 -0.21666667 -0.21666667 -0.36333333 -0.36333333 -0.36333333 -0.61666667 -0.61666667 -0.61666667
-0.44666667 -0.44666667 -0.44666667 -0.58333333 -0.58333333 -0.58333333 -0.58333337 -0.60666667 -0.60666667 -0.44350194 -0.44333333 -0.44333333 -0.44333333 -0.44343094 -0.54873658 -0.53666667 -0.53666667 -0.53666667 -0.66666667 -0.66666667 -0.66666667 -1.64 -1.64 -1.64 -1.6397479 -1.3882319 -2.1033333 -2.1033333 -2.1033333 -1.1296482 -0.88346447 -0.88333333 -0.88333333 -0.88333333 -0.43302575 0.069998047 0.07 0.07 0.07 0.12990604 0.13 0.13 -0.61333333 -0.61333333 -0.33000118 -0.33000005 -0.46333333 -0.46333333 -0.45666667 -0.45666667 -0.45666667 -0.61666667 -0.61666667
-0.44666592 -0.44666667 -0.44666667 -0.58333333 -0.58333333 -0.58333333 -0.58333333 -0.71999997 -0.60711982 -0.44338169 -0.44333333 -0.44333333 -0.44333333 -0.44351648 -0.53666667 -0.53666667 -0.53666667 -0.5366667 -0.66666667 -0.66666667 -0.66666667 -1.64 -1.64 -1.64 -0.74 -0.74 -0.49666667 -0.49666667 -0.49666667 -0.49877605 -0.88333333 -0.88333333 -0.88333333 -0.88333333 -0.40692836 0.07 0.07 0.07 0.07 0.13 0.13 0.13 0.11552664 -0.33 -0.33 -0.33 -0.46333333 -0.46333333 -0.45666667 -0.45666667 -0.45666667 -0.61666666 -0.61666667
-0.20666667 -0.33614091 -0.9 -0.89990813 -0.58333333 -0.71920925 -0.72 -0.72 -0.70178107 -0.49666667 -0.49666667 -0.49666667 -0.49666667 -0.46000119 -0.46 -0.53666661 -0.53666667 -0.54009198 -0.66666667 -0.66666667 -0.66666667 -0.48666667 -0.48666667 -0.48666667 -0.74 -0.74 -0.49666667 -0.49666667 -0.49666667 -0.49666606 0.34332554 0.34332989 -0.85250291 -0.88201826 0.37523216 0.37666667 0.37666667 0.37666667 0.37666667 0.13 0.13 0.13 -0.30467089 -0.33 -0.33 -0.32999996 -0.46333333 -0.46333333 -0.46333309 -0.45666667 -0.45666503 -0.42 -0.61666667
-0.69324091 -0.69333337 -0.9 -0.9 -0.9 -0.72 -0.72 -0.72 -0.67 -0.67 -0.49666667 -0.49666667 -0.49666667 -0.46 -0.46 -0.46 -0.46 -0.46002323 -0.66666667 -0.66666667 -0.66666666 -0.48666667 -0.48666667 -0.48666667 -0.74 -0.74 -0.49666667 -0.49666667 -0.49666667 0.33386227 0.34333333 0.34333333 0.34333333 0.34333333 0.37665022 0.37666667 0.37666667 0.37666667 0.37666667 0.22999997 0.23 0.23 0.23 -0.32999831 -0.11 -0.11 -0.11 -0.30333333 -0.30333333 -0.30333333 -0.42 -0.42 -0.42
-0.69333333 -0.69333333 -0.9 -0.9 -0.9 -0.72094611 -0.72 -0.67 -0.67 -0.67 -0.496688 -0.49666667 -0.46398168 -0.46 -0.46 -0.46 -0.46 0.063333332 0.063333333 0.063333333 0.16333332 0.16333285 -0.4866635 -0.48666667 -0.48640382 0.076666667 0.076666667 0.0766653 -0.49657401 0.70992693 0.70999805 0.70993598 0.34396 0.34364976 0.37096959 0.3766669 0.37871091 0.98666667 0.98666667 0.23 0.23 0.23 0.23 -0.11 -0.11 -0.11 -0.11 -0.30333333 -0.30333333 -0.30333333 -0.42 -0.42 -0.42
-0.69333333 -0.69333333 -0.9 -0.9 -0.9 -0.9 -0.70128646 -0.67 -0.67 -0.67 -0.66988216 -0.45666667 -0.45666667 -0.45666667 -0.45998036 -0.46 0.059845969 0.063333333 0.063333333 0.063333333 0.16333333 0.16333333 0.16333333 0.16333333 0.076666667 0.076666667 0.076666667 0.076666667 0.076666667 0.71 0.71 0.71 0.71 0.71000088 1.13 0.98666667 0.98666667 0.98666667 0.98666667 0.9866654 0.70666667 0.70666667 0.70666667 0.51684032 0.12333333 0.12333333 0.12333333 -0.30333332 -0.30333292 0.12666667 0.12666667 -0.036759923 -0.036666667
-0.69333333 -0.69333333 -0.82540785 -0.9 -0.9 -0.9 -0.86299026 -0.67060928 -0.67 -0.67 -0.45666672 -0.45666667 -0.45666667 -0.45666667 -0.45666667 -0.45686254 0.063333333 0.063333333 0.063333333 0.063333333 0.16333256 0.16333333 0.16333333 0.16333333 0.076666667 0.076666667 0.076666667 0.076666667 0.076666667 0.63856755 0.71 0.71 0.71 1.13 1.13 1.1298887 0.98666667 0.98666667 1.2568004 1.4666666 0.70666667 0.70666667 0.70666667 0.52149868 0.12333333 0.12333333 0.12333333 0.71333333 0.13397648 0.12666667 0.12666667 -0.036666667 -0.036666667
-0.35666667 -0.35666667 -0.35666667 -0.7637714 -0.8996373 -0.86333333 -0.86333333 -0.86333333 -0.86333333 -0.71666667 -0.71666667 -0.45666669 -0.45666667 -0.45666667 -0.45666667 -0.45663371 0.063333333 0.063333333 0.063333333 0.063333333 0.11969658 0.16333333 0.16333333 0.16472909 0.21043263 0.076666667 0.076666667 0.076666667 0.61333333 0.61333333 0.61333333 0.61333374 1.13 1.13 1.13 1.13 1.4666667 1.4666667 1.4666667 1.4666667 0.76333333 0.76333333 0.76333333 0.7566668 0.75666667 0.75666667 0.75666647 0.71333333 0.71333333 0.12738149 0.12666667 -0.03666586 -0.036666667
-0.35666667 -0.35666667 -0.35666667 -0.35668246 -0.65 -0.68102217 -0.86333333 -0.86333333 -0.86333333 -0.71666667 -0.71666667 -0.71666667 -0.33666667 -0.33666667 -0.33666667 -0.33666667 0.062081587 0.063333333 0.063333333 0.063333333 0.064852601 0.21666652 0.21666667 0.21666667 0.21666667 0.21666667 0.38 0.38 0.61333333 0.61333333 0.61333333 0.61333333 1.13 1.13 1.13 1.1299946 1.4666666 1.4666667 1.4666667 1.4640199 0.76333333 0.76333333 0.76333333 0.75666698 0.75666667 0.75666667 0.75666667 0.71333333 0.71333333 0.71333325 0.12333333 0.12333333 0.10666667
-0.35666667 -0.35666667 -0.35666667 -0.64999932 -0.65 -0.65 -0.86333325 -0.86333333 -0.86333333 -0.71666667 -0.71666667 -0.71666667 -0.33666667 -0.33666667 -0.33666667 -0.35824521 -0.62 -0.62 -0.61999823 0.059473689 0.21666667 0.21666667 0.21666667 0.21666667 0.21666667 0.21678958 0.38 0.38 0.38 0.61333333 0.61333333 0.61312093 1.0633333 1.0633333 1.0633333 0.44 0.44 0.86333333 0.86333333 0.86333333 0.53 0.76326014 0.76333114 0.47 0.47 0.48086434 0.75666584 0.71333333 0.71333333 0.12333333 0.12333333 0.12333333 0.10666667
-0.35666667 -0.35666667 -0.35666667 -0.65 -0.65 -0.65 -0.65 -0.86333333 -0.86333333 -0.71666667 -0.71666667 -0.35186119 -0.33666667 -0.33666667 -0.33666667 -0.62 -0.62 -0.62 -0.62 -0.62 0.21666667 0.21666667 0.21666667 0.21666667 0.21666667 0.37999944 0.38 0.38 0.38 0.28333333 0.28333333 0.28333333 1.0633333 1.0633333 1.0633333 0.44 0.44 0.86333333 0.86333333 0.53 0.53 0.53 0.47 0.47 0.47 0.47 0.45055846 0.23333333 0.23333333 0.23333333 0.12333333 0.16666667 0.16666667
