interpolatedSpi/01-03|23_3.tif
NCOLS 53
NROWS 52
XLLCORNER -116.03883
YLLCORNER 28.596182
DX 0.49850594
DY 0.49788537
NODATA_VALUE -9999
[rows 0 to 29 of 52, columns 0 to 52 of 53]
-1.1566667 -1.1566667 -1.3985328 -1.3066667 -0.30333333 -0.69333333 -0.57333333 -0.46666667 -0.59138696 -0.29 0.14 -0.13666667 -0.13662742 0.34 -0.22333333 -0.22333333 -0.22333333 -0.29666667 -0.93 -0.93 -0.93 -0.92999823 -0.74666667 -0.71666667 -0.71666667 -0.71666667 -0.12666969 -0.12666667 -0.12666667 -0.97333333 -0.97333333 -0.97333333 -0.97333333 -2.1666664 -2.1666667 -2.1666667 -2.1666667 -2.1666667 -2.1666667 -2.1666666 0.70242941 0.73248865 -2.5833333 -2.5833333 -2.5833333 -2.5833333 -2.580916 -1.1033333 -1.1033333 -1.1033333 0.31999704 0.32 0.32
-1.1566865 -1.6033333 -1.2833333 -1.2437721 -1.0399027 -0.84666667 -1.36 -1.2197002 -1.0366667 -0.25666667 -0.33666667 -0.13666667 -0.13666667 -0.35434365 0.33998661 -0.22333333 -0.29666667 -0.29666667 -0.92917422 -0.93 -0.93 -0.93 -0.71280661 -0.71666667 -0.71666667 -0.71666667 -1.2366666 -1.2366667 -0.97333333 -0.97333333 -0.97333333 -0.97333333 -0.97333333 -2.1666665 -2.1666667 -2.1666667 -2.1666667 -2.1666667 -2.1666666 -1.9555435 -0.92004938 -2.381501 -2.5833333 -2.5833333 -2.5833333 -2.5833333 -2.5833333 -1.1033333 -1.1033333 -1.1033333 -0.98530917 0.32 0.32
-0.49338384 -0.49333333 -1.2933333 -0.89666667 -1.51 -1.5533333 -1.6533333 -1.1866667 -1.25 -1.14 -0.64666667 -1.3 -0.94 0.22 -0.35666667 -2.1566667 -0.29666667 -0.29666667 -0.29666667 -0.37682752 -0.37666667 -0.37666667 -0.64333333 -0.71666667 -0.71666667 -0.71666667 -1.2366667 -1.2366667 -1.2366667 -0.97333333 -0.97333333 -0.97333335 -1.177126 -2.1634004 -2.1545354 -0.87527639 -0.86333333 -0.86333333 -0.87046051 -0.92 -0.92 -0.92212698 -2.5833333 -2.5833333 -2.5833333 -2.5833333 -2.5833333 -1.1033333 -1.1033333 -1.1033333 -1.1033333 0.32 0.32
0.49666667 -0.49333335 -0.60013787 -0.48333333 -1.4566667 -1.4433333 -1.5233333 -1.9666667 -1.0933333 -0.70208974 -1.2666667 -1.13 -1.19 0.22 -0.68 -2.1566667 -0.82030328 -0.80964033 -1.5566667 -0.37666667 -0.37666667 -1.1133333 -0.64333333 -0.64333333 -0.71666667 -0.71666926 -1.2366667 -1.2366667 -1.2366667 -0.78666667 -1.1213601 -1.3966667 -1.3966667 -1.3966663 -0.86333333 -0.86333333 -0.86333333 -0.86333333 -0.92 -0.92 -0.92 -0.92000006 -2.5833333 -2.5833333 -2.5833333 -2.5833333 -2.5833333 -1.103352 -1.1033333 -1.1033333 -1.1033333 0.31994349 0.32
0.49666667 0.29666502 -0.6 -1.2688097 -1.4566667 -1.52 -1.2000414 -1.6433333 -1.6 -0.86000027 -0.89373582 -0.90995751 -0.61333333 -0.68 -0.68 -1.6468771 -0.81 -0.81 -1.5566667 -1.5566667 -0.37666821 -1.1133333 -1.09 -0.5 -0.97 -0.96987924 -1.2366667 -1.2366667 -0.78666667 -0.78666667 -1.3966667 -1.3966667 -1.3966667 -1.4714672 -0.86333333 -0.86333333 -0.86333333 -0.92 -0.92 -0.92 -0.92 -0.92000032 -2.5833333 -2.5833333 -2.5833333 -2.5833333 -2.5833333 -2.5701595 -1.1033333 -1.1033471 -1.41 -1.41 -1.41
-1.56 -0.22 0.23000004 -0.89 -0.82333333 -0.87 -1.63 -1.631707 -0.55333333 -1.13 -0.76 -0.47333333 -0.47333343 0.30666667 0.30666667 -0.58668679 -0.58666667 -0.50666667 -0.50666667 -1.5566651 -1.7933333 -1.7933333 -0.5 -0.97 -0.97 -0.45333333 -1.7866667 -1.7866667 -0.44003272 -0.78666667 -1.3966667 -1.3966667 -1.7933333 -1.7932633 -1.1233814 -1.4333333 -1.4333333 -1.0788114 -0.92 -0.92 -0.92332918 -0.92333333 -0.92333127 -0.88387257 -0.85352453 -0.85333379 -0.85333339 -0.85333398 -0.82324163 -1.41 -1.41 -1.41 -1.41
-1.8366725 0.15333333 -0.73770953 0.30666667 0.43666667 -0.64 -0.62666667 -1.3533333 -1.3233333 -1.3233333 -0.76 -0.71666667 -0.69999993 0.30666667 -0.66999707 -0.67 -0.58666667 -0.55666667 0.27333333 0.27333333 -1.6111109 -1.4066667 -1.4066667 -0.81 -0.45333333 -0.45333333 -1.7866667 -1.7866667 -0.440054 -0.44099424 -1.1440183 -1.7933333 -1.7933333 -1.1233333 -1.1233333 -1.1192576 -1.4333333 -1.4333333 -1.6799915 -0.92333439 -0.92333333 -0.92333333 -0.92332276 -0.85333534 -0.85333333 -0.85333333 -0.85333333 -0.85333325 -0.71333333 -1.4098619 -1.41 -1.41 -1.41
-1.8366667 -1.8433333 -0.65666667 -0.65666667 -0.49000955 -0.17 -0.26333333 -1.1 -0.25666667 -0.67 -0.67 -0.43333333 -0.7 -0.7 -0.67020583 -1.1253785 -1.17 -0.63666667 0.56666637 0.27333333 0.13645947 0.31333333 -1.87 -0.37666667 -0.37668094 -1.4833333 -1.1866667 -1.1866669 -1.3634195 -1.3666667 -1.1433333 -0.79966294 -0.87 -1.1233333 -1.1112594 -0.85666667 -0.85666667 -1.68 -1.68 -0.92333333 -0.92333333 -0.92333331 -1.2092536 -1.2133333 -0.85333333 -0.85333333 -0.85333333 -0.71333866 -0.71333333 -0.71333333 -1.41 -1.41 -1.41
-1.729041 -1.8433333 -1.04 -0.59 -0.53666667 -1.1266667 -0.26666667 0.043333333 -0.056666667 0.4324284 0.13666667 -0.69333333 -0.69333333 -0.14 -0.13999944 -1.3428502 -1.3433333 -1.3433333 -0.45297599 -1.9633333 -1.77 -1.77 -2.1433333 -1.9777162 -1.3718106 -1.4833333 -1.1633333 -1.1866667 -0.85527033 -0.85333333 -0.78 -0.92 -1.0492705 -0.89 -0.7 -0.73666667 -0.86 -1.2733333 -0.92682674 -0.91947961 -0.06 -0.59666667 -1.2132687 -1.2133333 -1.2113071 -0.85333333 -2.4466666 -0.71333335 -0.71333333 -0.71333333 -0.71333333 -1.1697006 -0.36666667
-1.09 -1.09 -1.37 -1.3433333 -1.01 -1.0566667 -0.04 -0.0066666667 0.38666667 0.55666173 0.30666667 0.26666667 -0.14 -0.14 -0.08 -0.097327187 -1.3433333 -1.3431043 -0.32666667 -1.9633333 -1.9633333 -1.9384255 -2.1433333 -1.560011 -1.56 -1.56 -1.1633333 -0.69666667 -0.69666667 -0.85333333 -0.85333333 -0.9204868 -1.1766667 -0.89 -0.84333333 -0.73666667 -0.86 -1.5966667 -0.92666667 -0.55610462 -0.59666664 -0.67748133 -0.81666667 -1.2133333 -1.2133333 -2.4466667 -2.4466667 -2.4466667 -0.71333333 -0.71333333 0.52 0.52 0.51999967
-1.09 -1.09 -2.5 -2.2766667 -0.95333333 -0.72 -1.36 -0.30038084 -0.61666667 -0.73666667 -0.16666667 -0.11333333 0.26616017 -0.08 -0.08 -0.080040761 -0.43333333 -0.42773497 -0.32666667 -0.99666667 -0.99666667 -0.74333333 -0.74333333 -1.56 -1.56 -1.56 -0.69666667 -0.69666667 -0.69666667 -1.1166667 -1.1166667 -1.1166668 -0.58333333 -0.58333333 -1.7066667 -1.6733333 -0.02 -1.3433343 -0.98666667 -0.55 -0.55 -0.94333292 -0.81666667 -1.2133333 -0.19666758 -1.17 -0.28269337 -0.27333334 0.27666667 0.27666667 0.52 0.52 0.52
-1.09 -1.698842 -2.4046957 -1.8499876 -0.83 -1.1666667 -1.36 -0.3 -0.61666402 -0.73533721 -0.11333414 -0.11333333 0.20666667 -0.08 -0.08 -0.43333332 -0.43333333 -0.43332726 -0.32666667 -0.99666667 -0.94691715 -0.74333333 -0.74333333 -1.5599664 -1.56 -1.0515804 -0.013333333 -0.013333333 -0.013333419 -1.1166667 -1.1166667 0.23666667 0.23666667 -0.58333641 -1.7066667 -0.0033338384 -0.25090955 -1.3433333 -1.3433333 -0.55000001 -0.94333333 -0.94333333 -0.94332791 -0.19666667 -0.19666667 -1.17 -0.27333333 -0.27333333 0.27666667 0.27666667 0.52 0.52 0.52
-1.0033333 -1.0013883 -0.87671893 -0.88370494 -0.83000169 -1.1666587 -1.36 -0.31304799 -0.59484509 -0.61980019 0.20666667 0.20666667 0.20666667 0.20666667 -0.079959392 -0.43333333 -0.43333333 -0.4319561 -0.32666667 -0.99636156 0.043333333 0.043333333 0.043333333 0.043333333 -1.5315744 -0.013333333 -0.013333333 -0.013333333 -0.013333333 -0.013725231 0.23666667 0.23666667 0.23666667 0.23666667 -0.0033333349 -0.0033333333 -0.0033333333 -1.278859 -1.3324681 0.10333333 0.10333333 -0.94327704 0.31664909 -0.19661722 -0.19666667 -1.17 -0.27333333 -0.27333333 0.27666667 0.27666667 0.51911721 0.52 -0.201524
-1.0033333 -0.87666667 -0.87666667 -0.87666667 -0.87666667 -0.87666679 -1.359505 -0.85848852 -0.53662721 0.205777 0.20666667 0.20666667 0.20666667 0.20666667 0.20666662 -0.43333333 -0.43333332 -0.42601673 -0.32666696 0.043333333 0.043333333 0.043333333 0.043333333 0.043333333 0.057744406 0.58996874 0.89666648 0.89666667 0.89666667 0.89666667 0.23666668 0.23666667 0.2366674 0.84666667 0.84666667 -0.0033333333 0.936452 0.96333333 0.10333383 0.10333333 0.10333333 0.10333333 0.31666667 0.31666667 0.31666667 0.30632082 1.514769 1.5266667 1.5266667 1.5266667 1.5266666 1.3199998 1.32
-1.04 -0.87666667 -0.87666667 -0.87666667 -0.87666667 -0.87666667 -0.8766667 -0.70598519 0.14990447 0.15333333 0.15333333 0.15333333 0.15333333 0.15333333 0.15333333 0.4471844 -0.41925288 -0.41872689 0.043286776 0.043333333 0.043333333 0.043333333 0.043333333 0.043333845 0.71 0.71 0.71000026 0.89666667 0.89666667 0.89693366 1.03 1.03 0.84666667 0.84666667 0.84666667 0.94464479 0.96333333 0.96333333 0.96333333 0.10333333 0.10333333 0.10333333 0.31666667 0.31666667 0.31666667 0.31666667 1.5266667 1.5266667 1.5266667 1.5266667 1.5266667 1.32 1.32
-1.04 -0.97919286 -0.87666667 -0.87666667 -0.87666667 -0.87666667 0.30643442 0.30666667 0.30666666 0.15333333 0.15333333 0.15333333 0.15333333 0.15333333 0.21951543 0.45333333 0.45333333 0.45333333 0.48199354 0.48333288 0.48333333 0.48333333 0.48333333 0.48333333 0.71 0.71 0.71 0.71 0.89666667 1.03 1.03 1.03 0.84666668 0.84666667 0.84666667 1.3733333 0.96387619 0.96333333 0.96333333 0.10343554 0.30676941 0.78130096 0.31666667 0.31666667 2.1642805 2.17 2.17 1.5273648 1.9485206 1.95 1.9499999 1.6599486 1.3200007
-1.04 -0.63127987 -0.74678152 -0.87666667 -0.87666667 0.3059675 0.30666667 0.30666667 0.30666667 0.3055617 0.15333333 0.15333333 0.15333333 0.15333337 0.45333333 0.45333333 0.45333333 0.45333333 0.48330653 0.48333333 0.48333333 0.48333333 0.48333333 0.48333333 0.70999999 0.71 0.71 0.71 0.71116395 1.03 1.03 1.03 0.79333334 0.84671895 1.3733333 1.3733333 1.3733333 1.3710677 0.79474066 0.78333333 0.78333333 0.78333333 1.8533333 1.8533333 2.17 2.17 2.17 1.95 1.95 1.95 1.95 1.66 1.66
-0.62012534 -0.62 -0.62 -0.61999999 0.5 0.30667165 0.30666667 0.30666667 0.30666667 0.30666667 0.14576257 0.15333203 0.15333333 0.45333333 0.45333333 0.45333333 0.45333333 0.45333333 0.51607805 0.48333333 0.48333333 0.48333333 0.48333333 0.48333333 0.59036242 0.59000065 0.59 0.59 0.59 1.03 0.79333334 0.79333333 0.79333333 0.79333333 1.3733333 1.373328 1.17 1.17 0.78816144 0.78333333 0.78333333 0.78333333 1.8533333 1.8533333 2.1209691 2.17 2.17 1.95 1.95 1.95 1.9468904 1.66 1.66
-0.62 -0.62 -0.62 -0.092575292 0.5 0.5 0.30666667 0.30666667 0.30666667 0.30666667 0.053333333 0.053333333 0.053333333 0.45333333 0.45333333 0.45333333 0.45333333 0.45338511 1.41 1.41 0.48333371 0.48333333 0.50313458 1.2966667 1.2903049 0.59 0.59 0.59 0.59 0.79331263 0.79333333 0.79333333 0.79333333 0.79333333 1.1700007 1.17 1.17 1.17 1.1686401 0.78333333 0.78333333 0.78333333 1.8533333 1.8533333 1.8533333 2.17 2.17 1.95 1.95 1.95 1.66 1.66 1.66
-0.62 -0.62 -0.62 0.5 0.5 0.5 0.4999997 0.30666667 0.30666667 0.053594846 0.053333333 0.053333333 0.053333333 0.053582556 0.70695236 0.76666667 0.76666667 0.76666667 1.41 1.41 1.41 1.2966667 1.2966667 1.2966667 1.2965565 0.75435095 0.59 0.59 0.59 1.0977145 1.173296 1.1733333 1.1733333 1.1733333 1.1700044 1.17 1.17 1.17 1.17 1.7032075 1.7033333 1.7033333 1.8533333 1.8533333 1.9533329 1.9533333 1.9133333 1.9133333 2.0633333 2.0633333 2.0633333 1.66 1.4735002
-0.61999828 -0.62 -0.61999996 0.5 0.5 0.5 0.5 0.84999984 0.30883913 0.053300085 0.053333333 0.053333333 0.053333333 0.05473309 0.76666667 0.76666667 0.76666667 0.76666685 1.41 1.41 1.41 1.2966667 1.2966667 1.2966667 0.90333333 0.90333333 1.26 1.26 1.26 1.2595272 1.1733333 1.1733333 1.1733333 1.1733333 1.1716677 1.17 1.17 1.17 1.17 1.7033333 1.7033333 1.7033333 1.7111993 1.9533333 1.9533333 1.9533333 1.9133333 1.9133333 2.0633333 2.0633333 2.0633333 1.4733334 1.4733333
-0.066666667 -0.31658345 -0.13 -0.12981723 0.5 0.84797491 0.85 0.85 0.92773411 0.01666669 0.016666667 0.016666667 0.016666667 1.533284 1.5333333 0.76666726 0.76666667 0.78361755 1.41 1.41 1.41 1.1233333 1.1233333 1.1233333 0.90333333 0.90333333 1.26 1.26 1.26 1.2600005 1.9999947 1.9999977 1.1941104 1.1742196 1.8059429 1.8066667 1.8066667 1.8066667 1.8066667 1.7033333 1.7033333 1.7033333 1.9395677 1.9533333 1.9533333 1.9533332 1.9133333 1.9133333 1.9133387 2.0633333 2.0633241 1.8566667 1.4733333
-0.016676162 -0.016666686 -0.13 -0.13 -0.13 0.85 0.85 0.85 1.0633333 1.0633333 0.016666667 0.016666667 0.016666667 1.5333333 1.5333333 1.5333333 1.5333333 1.5333167 1.41 1.41 1.41 1.1233333 1.1233333 1.1233333 0.90333333 0.90333333 1.26 1.26 1.26 1.9916564 2 2 2 2 1.8067621 1.8066667 1.8066667 1.8066667 1.8066667 1.89 1.89 1.89 1.89 1.9533289 1.38 1.38 1.38 1.3666667 1.3666667 1.3666667 1.8566667 1.8566667 1.8566667
-0.016666667 -0.016666667 -0.13 -0.13 -0.13 0.84484895 0.85 1.0633333 1.0633333 1.0633333 0.016795512 0.016666667 1.2804862 1.5333333 1.5333333 1.5333333 1.5333333 2.06 2.06 2.06 1.1533333 1.1533333 1.1233335 1.1233333 1.123487 1.4866667 1.4866667 1.4866661 1.2600366 1.7033925 1.7033349 1.7033851 1.999493 1.999744 1.8409054 1.8066664 1.8040192 1.0166667 1.0166667 1.89 1.89 1.89 1.89 1.38 1.38 1.38 1.38 1.3666667 1.3666667 1.3666667 1.8566667 1.8566667 1.8566667
-0.016666667 -0.016666667 -0.13 -0.13 -0.13 -0.13 0.92984443 1.0633333 1.0633333 1.0633333 1.0636095 1.5633333 1.5633333 1.5633333 1.5335101 1.5333333 2.0564904 2.06 2.06 2.06 1.1533333 1.1533333 1.1533333 1.1533333 1.4866667 1.4866667 1.4866667 1.4866667 1.4866667 1.7033333 1.7033333 1.7033333 1.7033333 1.7033322 1.1433333 1.0166667 1.0166667 1.0166667 1.0166667 1.0166679 1.2533333 1.2533333 1.2533333 1.2978065 1.39 1.39 1.39 1.3666667 1.3666663 1.0333333 1.0333333 1.170167 1.17
-0.016666667 -0.016666667 -0.089094625 -0.13 -0.13 -0.12999996 1.8020202 1.0656654 1.0633333 1.0633333 1.5633333 1.5633333 1.5633333 1.5633333 1.5633333 1.5609482 2.06 2.06 2.06 2.06 1.1533403 1.1533333 1.1533333 1.1533333 1.4866667 1.4866667 1.4866667 1.4866667 1.4866667 1.6146586 1.7033333 1.7033333 1.7033333 1.1433333 1.1433333 1.143235 1.0166667 1.0166667 0.59458278 0.26666674 1.2533333 1.2533333 1.2533333 1.2965547 1.39 1.39 1.39 1.02 1.0331672 1.0333333 1.0333333 1.17 1.17
1.82 1.82 1.82 0.3589186 -0.1270519 1.8033333 1.8033333 1.8033333 1.8033333 1.6133333 1.6133333 1.5633333 1.5633333 1.5633333 1.5633333 1.5633648 2.06 2.06 2.06 2.06 1.5489733 1.1533333 1.1533333 1.1553397 1.2414291 1.4866667 1.4866667 1.4866667 1.5833333 1.5833333 1.5833333 1.5833338 1.1433333 1.1433333 1.1433333 1.1433333 0.26666667 0.26666667 0.26666667 0.26666667 0.88 0.88 0.88 1.1966603 1.1966667 1.1966667 1.1966667 1.02 1.02 1.0333171 1.0333333 1.1699964 1.17
1.82 1.82 1.82 1.8200031 1.8766667 1.8660028 1.8033333 1.8033333 1.8033333 1.6133333 1.6133333 1.6133333 1.5866667 1.5866667 1.5866667 1.5866667 2.0588643 2.06 2.06 2.06 2.0462559 1.2299998 1.23 1.23 1.23 1.23 1.3633333 1.3633333 1.5833333 1.5833333 1.5833333 1.5833333 1.1433331 1.1433333 1.1433333 1.1433059 0.26666667 0.26666667 0.26666667 0.26685676 0.88 0.88 0.88 1.196652 1.1966667 1.1966667 1.1966667 1.02 1.02 1.0199999 0.45 0.45 0.49
1.82 1.82 1.82 1.8766665 1.8766667 1.8766667 1.8033334 1.8033333 1.8033333 1.6133333 1.6133333 1.6133333 1.5866667 1.5866667 1.5866667 1.5754966 1.44 1.44 1.4400016 2.0564981 1.23 1.23 1.23 1.23 1.23 1.2301003 1.3633333 1.3633333 1.3633333 1.5833333 1.5833333 1.5826081 0.80666667 0.80666667 0.80666667 0.04666667 0.046666668 0.31 0.31 0.31 0.77 0.8799655 0.88000085 0.99333333 0.99333333 1.0010394 1.1966658 1.02 1.02 0.45 0.45 0.45 0.49
1.82 1.82 1.82 1.8766667 1.8766667 1.8766667 1.8766667 1.8033333 1.8033333 1.6133333 1.6133333 1.5877329 1.5866667 1.5866667 1.5866667 1.44 1.44 1.44 1.44 1.44 1.23 1.23 1.23 1.23 1.23 1.3633329 1.3633333 1.3633333 1.3633333 0.45666667 0.45666667 0.45666667 0.80666667 0.80666667 0.80666667 0.046666667 0.046666667 0.31 0.31 0.77 0.77 0.77 0.99333333 0.99333333 0.99333333 0.99333333 0.9358302 0.29333333 0.29333333 0.29333333 0.44999999 0.11666667 0.11666667
