interpolatedSpi/01-12|20_3.tif
NCOLS 53
NROWS 52
XLLCORNER -116.03883
YLLCORNER 28.596182
DX 0.49850594
DY 0.49788537
NODATA_VALUE -9999
[rows 0 to 27 of 52, columns 0 to 52 of 53]
0.13583333 0.13583333 -0.12199715 -0.51 0.046666667 0.0775 0.39416667 0.40833333 -0.1470342 -0.32083333 -0.43416667 0.098333333 -0.2107901 0.31416667 -0.2175 -0.2175 -0.2175 0.18666667 0.22166667 0.22166667 0.22166667 0.22166171 -0.29333333 -0.1425 -0.1425 -0.1425 0.40583433 0.40583333 0.40583333 0.075833333 0.075833333 0.075833333 0.075833333 -0.16749995 -0.1675 -0.1675 -0.1675 -0.1675 -0.1675 -0.16749996 1.1466778 1.1605601 0.088333333 0.088333333 0.088333333 0.088333333 0.088542945 0.21666667 0.21666667 0.21666667 0.97999841 0.98 0.98
0.13581589 -0.25666667 -0.12583273 -0.0135651 0.31302201 0.4375 0.4625 0.14942503 -0.29 -0.0275 -0.035 -0.21083333 -0.21083333 0.32247221 0.31416207 -0.2175 0.18666667 0.18666667 0.22162103 0.22166667 0.22166667 0.22166667 -0.1696081 -0.1425 -0.1425 -0.1425 -0.25999999 -0.26 0.075833333 0.075833333 0.075833333 0.075833333 0.075833333 -0.16749996 -0.1675 -0.1675 -0.1675 -0.1675 -0.16749992 -0.090343944 0.22502554 0.10491716 0.088333333 0.088333333 0.088333333 0.088333333 0.088333333 0.21666667 0.21666667 0.21666667 0.279963 0.98 0.98
0.77496584 0.775 0.39583333 0.88833333 0.3275 0.095 0.32833333 -0.16916667 0.0125 -0.011666667 0.3625 -0.41666667 -0.6125 0.059166667 0.3225 0.21916667 0.18666667 0.18666667 0.18666667 0.027556445 0.0275 0.0275 -0.6575 -0.1425 -0.1425 -0.1425 -0.26 -0.26 -0.26 0.075833333 0.075833333 0.075833282 -0.43404957 -0.16605048 -0.15753283 0.89352078 0.90333333 0.90333333 0.81801688 0.225 0.225 0.22482524 0.088333333 0.088333333 0.088333333 0.088333333 0.088333333 0.21666667 0.21666667 0.21666667 0.21666667 0.98 0.98
0.38916667 0.7749999 0.29744779 0.56166667 0.011666667 0.24416667 0.4875 -0.48333333 0.091666667 0.094614905 0.080833333 -0.0425 -0.16083333 0.059166667 0.019166667 0.21916667 -0.4845742 -0.48952589 -0.62 0.0275 0.0275 -1.0916667 -0.6575 -0.6575 -0.1425 -0.14250059 -0.26 -0.26 -0.26 -1.0291667 -1.0040189 -0.98333333 -0.98333333 -0.98333186 0.90333333 0.90333333 0.90333333 0.90333333 0.225 0.225 0.225 0.22499999 0.088333333 0.088333333 0.088333333 0.088333333 0.088333333 0.21666505 0.21666667 0.21666667 0.21666667 0.97992065 0.98
0.38916667 0.116667 0.2975 0.20318665 0.011666667 0.24083333 -0.059128515 -0.24833333 -0.46 -0.054166757 -0.058506309 -0.060795614 0.2025 0.019166667 0.019166667 0.14184436 -0.49 -0.49 -0.62 -0.62 0.027497739 -1.0916667 -1.5208333 -0.68583333 -0.6075 -0.60755955 -0.26 -0.26 -1.0291667 -1.0291667 -0.98333333 -0.98333333 -0.98333333 -0.94231864 0.90333333 0.90333333 0.90333333 0.225 0.225 0.225 0.225 0.22497394 0.088333331 0.088333333 0.088333333 0.088333333 0.088333333 0.089475659 0.21666667 0.21659197 -1.4491667 -1.4491667 -1.4491667
-1.0733333 0.071666667 0.6275 0.21333333 0.27416667 0.4475 0.12 0.072842784 0.070833333 -0.33083333 0.16833333 -0.39083333 -0.39083294 0.125 0.125 -0.41082146 -0.41083333 -0.6925 -0.6925 -0.62000022 -1.3558333 -1.3558333 -0.68583333 -0.6075 -0.6075 -0.8625 -1.2875 -1.2875 -0.43088814 -1.0291667 -0.98333333 -0.98333333 -0.76583333 -0.76582706 -0.70583771 -0.96583333 -0.96583333 -0.14341148 0.225 0.225 -0.044663252 -0.044999999 -0.044998848 -1.2697618 -1.2940139 -1.2941663 -1.2941666 -1.2941662 -1.6333032 -1.4491667 -1.4491667 -1.4491667 -1.4491667
-0.55166794 0.09 -0.62236015 0.2175 0.67416667 -0.11416667 0.055833336 0.14083333 -0.17083333 -0.17083333 0.16833333 -0.1675 -0.19833344 0.125 -0.36166521 -0.36166667 -0.41083333 -0.46166667 -0.865 -0.865 -1.3668295 -1.3791667 -1.3791667 -1.1466667 -0.8625 -0.8625 -1.2875 -1.2875 -0.43085392 -0.43121243 -0.26743176 -0.76583333 -0.76583333 -0.70583333 -0.70583333 -1.0302824 -0.96583333 -0.96583333 -1.4424835 -0.045001946 -0.045 -0.045 -0.044995432 -1.2941644 -1.2941667 -1.2941667 -1.2941667 -1.2941669 -1.7291667 -1.4492222 -1.4491667 -1.4491667 -1.4491667
-0.55166667 -0.86833333 -0.29666667 -0.73333333 -1.0074843 -0.49916667 -0.0033333333 -0.59666665 -0.25 -0.28 -0.28 -0.6175 -0.19833333 -0.19833333 -0.36054605 -0.58783798 -0.61 -0.36916667 -0.83916669 -0.865 -1.1750907 -1.125 -1.6141667 -0.98083334 -0.9808383 -1.3658333 -1.4325 -1.4324999 -0.78292854 -0.78416666 -0.26583333 -0.61487629 -0.65916667 -0.70583333 -0.71194162 -1.0841667 -1.0841667 -1.4425 -1.4425 -0.045 -0.045 -0.044999989 -0.87620731 -0.87916669 -1.2941667 -1.2941667 -1.2941667 -1.7291501 -1.7291667 -1.7291667 -1.4491667 -1.4491667 -1.4491667
-0.90474506 -0.86833332 -0.64 -0.445 -0.3575 -0.6 -0.32416667 0.2575 0.23583333 0.4597804 0.21916667 -0.16416667 -0.16416667 -0.40083333 -0.40083075 -0.87426142 -0.875 -0.875 -0.4409129 -1.4000001 -1.715 -1.715 -1.3141667 -1.4959416 -1.3270355 -1.3658333 -1.3558333 -1.4325 -1.0447663 -1.0425 -0.6025 -0.055 -0.29255826 -0.97666667 -0.92 -0.94333333 -0.94333333 -0.84333333 -0.93579062 -0.042753234 0.45833333 -0.51833333 -0.87912366 -0.87916667 -0.88150251 -1.2941667 -1.4866667 -1.7291667 -1.7291667 -1.7291667 -1.7291667 -1.3842153 -0.93333333
-1.1083333 -1.1083333 -0.8675 -0.47333333 -0.4475 -0.3025 -0.14083333 0.046666667 0.55166667 0.51665926 0.19166667 0.21833333 -0.40083333 -0.40083333 -0.12583333 -0.13610849 -0.875 -0.87492456 -0.55166667 -1.4 -1.4 -1.4405825 -1.3141667 -1.4574973 -1.4575 -1.4575 -1.3558333 -0.7275 -0.7275 -1.0425 -1.0425 -0.05589457 -0.52666667 -0.97666667 -0.83416667 -0.94333333 -0.94333333 -1.4558333 -0.93583333 0.19634845 -0.51833329 -0.55384281 -0.615 -0.87916667 -0.87916667 -1.4866667 -1.4866667 -1.4866667 -1.7291667 -1.7291667 -0.9275 -0.9275 -0.9275
-1.1083333 -1.1083333 -1.245 -1.0325 -1.0066667 -0.4175 -0.60999999 0.1648243 -0.044166667 0.020833333 0.070833333 -0.078333333 0.21793747 -0.12583333 -0.12583333 -0.12587313 -0.47083333 -0.47507585 -0.55166667 -0.3375 -0.3375 -0.68666667 -0.68666667 -1.4575 -1.4575 -1.4575 -0.7275 -0.7275 -0.7275 -1.2233333 -1.2233333 -1.2233322 -0.91166667 -0.91166667 -0.91666667 -1.2475 -0.77833333 -0.96666487 -1.255 0.215 0.215 -0.35833418 -0.615 -0.87916667 -0.6300002 -0.83916667 -0.65609256 -0.6525 -0.71916667 -0.71916667 -0.9275 -0.9275 -0.9275
-1.1083333 -1.167287 -1.1543187 -1.1474922 -0.84416667 -1.1558333 -0.61 0.165 -0.04416492 0.020113212 -0.078333204 -0.078333333 -0.066666667 -0.12583333 -0.12583333 -0.47083332 -0.47083333 -0.47083793 -0.55166667 -0.3375 -0.40606923 -0.68666667 -0.68666667 -1.4574687 -1.4575 -1.3608017 -1.1633333 -1.1633333 -1.1633333 -1.2233333 -1.2233333 -1.2033333 -1.2033333 -0.91166668 -0.91666667 -0.60000024 -0.77459161 -0.96666667 -0.96666667 0.21499998 -0.35833333 -0.35833333 -0.35833534 -0.63 -0.63 -0.83916667 -0.6525 -0.6525 -0.71916667 -0.71916667 -0.9275 -0.9275 -0.9275
-0.16916667 -0.04856715 0.050792691 0.042153088 -0.84416825 -1.155826 -0.61000002 0.15546019 -0.029752944 -0.042469343 -0.066666667 -0.066666667 -0.066666667 -0.066666667 -0.12582495 -0.47083333 -0.47083333 -0.47187702 -0.55166667 -0.33752499 -0.41916667 -0.41916667 -0.41916667 -0.41916667 -1.4396898 -1.1633333 -1.1633333 -1.1633333 -1.1633333 -1.1633123 -1.2033333 -1.2033333 -1.2033333 -1.2033333 -0.6 -0.6 -0.6 -0.94874024 -0.96095866 -0.20666667 -0.20666667 -0.35832518 -0.28417851 -0.62996669 -0.63 -0.83916667 -0.6525 -0.6525 -0.71916666 -0.71916667 -0.92674419 -0.9275 -0.65964438
-0.16916667 0.050833333 0.050833333 0.050833333 0.050833333 0.050832827 -0.61139715 -0.24332599 0.0087015229 -0.066640856 -0.066666667 -0.066666667 -0.066666667 -0.066666667 -0.066666922 -0.47083333 -0.47083335 -0.47637795 -0.55166511 -0.41916667 -0.41916667 -0.41916667 -0.41916667 -0.41916667 -0.42399734 -0.99472904 -0.96083338 -0.96083333 -0.96083333 -0.96083333 -1.2033333 -1.2033333 -1.203333 -0.90833333 -0.90833333 -0.6 -0.30915264 -0.30083333 -0.20666672 -0.20666667 -0.20666667 -0.20666667 -0.28416667 -0.28416667 -0.28416667 -0.28802896 -0.44721675 -0.44583333 -0.44583333 -0.44583333 -0.44583334 0.678333 0.67833333
0.036666666 0.050833333 0.050833333 0.050833333 0.050833333 0.050833333 0.050833288 -0.45003171 -0.4151523 -0.4175 -0.4175 -0.4175 -0.4175 -0.4175 -0.4175 -0.29993761 -0.46808981 -0.48190208 -0.4191833 -0.41916667 -0.41916667 -0.41916667 -0.41916667 -0.4191668 -0.6425 -0.6425 -0.64250045 -0.96083333 -0.96083333 -0.96065979 -0.87416667 -0.87416667 -0.90833333 -0.90833333 -0.90833333 -0.39814814 -0.30083333 -0.30083333 -0.30083333 -0.20666667 -0.20666667 -0.20666667 -0.28416667 -0.28416667 -0.28416667 -0.28416667 -0.44583333 -0.44583333 -0.44583333 -0.44583333 -0.44583333 0.67833333 0.67833333
0.036666667 0.041940756 0.050833333 0.050833333 0.050833333 0.050833333 -0.50489091 -0.505 -0.505 -0.4175 -0.4175 -0.4175 -0.4175 -0.4175 -0.39102716 -0.2975 -0.2975 -0.2975 -0.53298534 -0.53333322 -0.53333333 -0.53333333 -0.53333333 -0.53333333 -0.6425 -0.6425 -0.6425 -0.6425 -0.96083333 -0.87416667 -0.87416667 -0.87416667 -0.90833333 -0.90833333 -0.90833333 -0.1125 -0.30058397 -0.30083333 -0.30083333 -0.20669828 -0.26974182 -0.41686987 -0.28416667 -0.28416667 -0.21272117 -0.2125 -0.2125 -0.44513727 -0.023979358 -0.022500037 -0.02250008 0.28672587 0.67833254
0.036666667 -0.16607121 -0.06176191 0.050833333 0.050833333 -0.50467159 -0.505 -0.505 -0.505 -0.50436945 -0.4175 -0.4175 -0.4175 -0.41749999 -0.2975 -0.2975 -0.2975 -0.2975 -0.53312267 -0.53333333 -0.53333333 -0.53333333 -0.53333333 -0.53333333 -0.6425 -0.6425 -0.6425 -0.6425 -0.64334265 -0.87416667 -0.87416667 -0.87416667 -0.31833335 -0.90823814 -0.1125 -0.1125 -0.1125 -0.11648051 -0.41011611 -0.4175 -0.4175 -0.4175 -0.325 -0.325 -0.2125 -0.2125 -0.2125 -0.022500002 -0.0225 -0.0225 -0.0225 0.28666667 0.28666667
-0.17138229 -0.17166667 -0.17166667 -0.17166667 -0.45 -0.50499858 -0.505 -0.505 -0.505 -0.505 -0.39011891 -0.41749529 -0.41749999 -0.2975 -0.2975 -0.2975 -0.2975 -0.2975 -0.3512874 -0.53333333 -0.53333333 -0.53333333 -0.53333333 -0.53333333 -0.45489565 -0.24500215 -0.245 -0.245 -0.245 -0.87416664 -0.31833334 -0.31833333 -0.31833333 -0.31833333 -0.1125 -0.1125095 -0.47333333 -0.47333333 -0.41819716 -0.4175 -0.4175 -0.4175 -0.325 -0.325 -0.22991887 -0.2125 -0.2125 -0.0225 -0.0225 -0.0225 -0.019184929 0.28666667 0.28666667
-0.17166667 -0.17166667 -0.17166667 -0.30273799 -0.45 -0.45 -0.505 -0.505 -0.505 -0.505 -0.055833333 -0.055833333 -0.055833333 -0.2975 -0.2975 -0.2975 -0.2975 -0.29754903 -0.85666667 -0.85666667 -0.53333346 -0.53333333 -0.53130452 -0.45 -0.44815447 -0.245 -0.245 -0.245 -0.245 -0.31832587 -0.31833333 -0.31833333 -0.31833333 -0.31833333 -0.47333206 -0.47333333 -0.47333333 -0.47333333 -0.47312149 -0.4175 -0.4175 -0.4175 -0.325 -0.325 -0.325 -0.2125 -0.2125 -0.022500002 -0.0225 -0.0225 0.28666667 0.28666667 0.28666667
-0.17166667 -0.17166667 -0.17166667 -0.45 -0.45 -0.45 -0.45000008 -0.505 -0.505 -0.056297003 -0.055833333 -0.055833333 -0.055833333 -0.055983907 -0.53762865 -0.59416667 -0.59416667 -0.59416667 -0.85666667 -0.85666667 -0.85666667 -0.45 -0.45 -0.45 -0.44996032 -0.27821987 -0.245 -0.245 -0.245 -0.17840121 -0.14835005 -0.14833333 -0.14833333 -0.14833333 -0.3611394 -0.20416728 -0.20416667 -0.20416667 -0.20416667 -0.21002839 -0.21 -0.21 -0.325 -0.325 0.22916435 0.2291666 0.039166667 0.039166667 0.13583333 0.13583333 0.13583333 0.28666667 0.58390067
-0.17166633 -0.17166667 -0.17166668 -0.45 -0.45 -0.45 -0.45 -0.55666665 -0.50520658 -0.055899075 -0.055833333 -0.055833333 -0.055833333 -0.056889692 -0.59416667 -0.59416667 -0.59416667 -0.59416674 -0.85666667 -0.85666667 -0.85666667 -0.45 -0.45 -0.45 -0.30833333 -0.30833333 -0.2525 -0.2525 -0.2525 -0.25193174 -0.14833333 -0.14833333 -0.14833333 -0.14833333 -0.17623471 -0.20416667 -0.20416667 -0.20416667 -0.20416667 -0.21 -0.21 -0.21 -0.19618214 0.22916667 0.22916667 0.22916667 0.039166667 0.039166667 0.13583333 0.13583333 0.13583333 0.58416665 0.58416667
-0.0625 -0.12766379 -0.59666667 -0.59662412 -0.45 -0.5560495 -0.55666667 -0.55666667 -0.49290041 -0.12833334 -0.12833333 -0.12833333 -0.12833333 -0.73164703 -0.73166667 -0.59416677 -0.59416667 -0.60108316 -0.85666667 -0.85666667 -0.85666667 -0.83416667 -0.83416667 -0.83416667 -0.30833333 -0.30833333 -0.2525 -0.2525 -0.2525 -0.2524999 -0.10833359 -0.10833345 -0.14732799 -0.14829045 -0.47046341 -0.47083333 -0.47083333 -0.47083333 -0.47083333 -0.21 -0.21 -0.21 0.20498459 0.22916667 0.22916667 0.2291666 0.039166667 0.039166667 0.039170146 0.13583333 0.13584477 0.39166667 0.58416667
-0.40660131 -0.4066667 -0.59666667 -0.59666667 -0.59666667 -0.55666667 -0.55666667 -0.55666667 -0.38166667 -0.38166667 -0.12833333 -0.12833333 -0.12833333 -0.73166667 -0.73166667 -0.73166667 -0.73166667 -0.73168001 -0.85666667 -0.85666667 -0.85666667 -0.83416667 -0.83416667 -0.83416667 -0.30833333 -0.30833333 -0.2525 -0.2525 -0.2525 -0.10995882 -0.10833333 -0.10833333 -0.10833333 -0.10833333 -0.47065446 -0.47083333 -0.47083333 -0.47083333 -0.47083333 -0.49583326 -0.49583333 -0.49583333 -0.49583333 0.22916396 -0.12416667 -0.12416667 -0.12416667 0.23916667 0.23916667 0.23916667 0.39166667 0.39166667 0.39166667
-0.40666667 -0.40666667 -0.59666667 -0.59666667 -0.59666667 -0.55687691 -0.55666667 -0.38166667 -0.38166667 -0.38166667 -0.12836452 -0.12833333 -0.68057346 -0.73166668 -0.73166667 -0.73166667 -0.73166667 -1.0058333 -1.0058333 -1.0058333 -1.0416667 -1.0416665 -0.83416768 -0.83416667 -0.83409856 -0.96833333 -0.96833333 -0.96833163 -0.25261568 -0.079172479 -0.079166822 -0.079171759 -0.10828348 -0.10830816 -0.40625211 -0.47083335 -0.47095342 -0.50666667 -0.50666667 -0.49583333 -0.49583333 -0.49583333 -0.49583333 -0.12416667 -0.12416667 -0.12416667 -0.12416667 0.23916667 0.23916667 0.23916667 0.39166667 0.39166667 0.39166667
-0.40666667 -0.40666667 -0.59666667 -0.59666667 -0.59666667 -0.59666667 -0.49116928 -0.38166667 -0.38166667 -0.38166667 -0.38190005 -0.80416667 -0.80416667 -0.80416667 -0.73209393 -0.73166667 -1.0040064 -1.0058333 -1.0058333 -1.0058333 -1.0416667 -1.0416667 -1.0416667 -1.0416667 -0.96833333 -0.96833333 -0.96833333 -0.96833333 -0.96833333 -0.079166667 -0.079166667 -0.079166667 -0.079166667 -0.07916709 -0.28 -0.50666667 -0.50666667 -0.50666667 -0.50666667 -0.50666724 -0.68916667 -0.68916667 -0.68916667 -0.55764413 -0.285 -0.285 -0.285 0.23916665 0.23916651 0.08 0.08 0.20171289 0.20166667
-0.40666667 -0.40666667 -0.52809001 -0.59666667 -0.59666667 -0.59666668 -1.2659281 -0.38445832 -0.38166667 -0.38166667 -0.80416672 -0.80416667 -0.80416667 -0.80416667 -0.80416667 -0.79825407 -1.0058333 -1.0058333 -1.0058333 -1.0058333 -1.0416664 -1.0416667 -1.0416667 -1.0416667 -0.96833333 -0.96833333 -0.96833333 -0.96833333 -0.96833333 -0.54163022 -0.079166667 -0.079166667 -0.079166667 -0.28 -0.28 -0.28017601 -0.50666667 -0.50666667 -0.4560166 -0.41666668 -0.68916667 -0.68916667 -0.68916667 -0.55904901 -0.285 -0.285 -0.285 -0.11 0.077632618 0.08 0.08 0.20166667 0.20166667
-1.0991667 -1.0991667 -1.0991667 -0.72265723 -0.59783492 -1.2675 -1.2675 -1.2675 -1.2675 -1.05 -1.05 -0.80416668 -0.80416667 -0.80416667 -0.80416667 -0.80417945 -1.0058333 -1.0058333 -1.0058333 -1.0058333 -1.0260302 -1.0416667 -1.0416667 -1.0354948 -0.81306928 -0.96833333 -0.96833333 -0.96833333 -0.705 -0.705 -0.705 -0.70499737 -0.28 -0.28 -0.28 -0.28 -0.41666667 -0.41666667 -0.41666667 -0.41666667 -0.79583333 -0.79583333 -0.79583333 -0.20834515 -0.20833333 -0.20833333 -0.20833336 -0.11 -0.11 0.079768495 0.08 0.20166483 0.20166667
-1.0991667 -1.0991667 -1.0991667 -1.0991825 -1.3933333 -1.3750351 -1.2675 -1.2675 -1.2675 -1.05 -1.05 -1.05 -0.895 -0.895 -0.895 -0.895 -1.005957 -1.0058333 -1.0058333 -1.0058333 -1.0063638 -0.80583398 -0.80583333 -0.80583333 -0.80583333 -0.80583334 -0.9675 -0.9675 -0.705 -0.705 -0.705 -0.705 -0.28000018 -0.28 -0.28 -0.28001982 -0.41666667 -0.41666667 -0.41666667 -0.41663742 -0.79583333 -0.79583333 -0.79583333 -0.20836058 -0.20833333 -0.20833333 -0.20833333 -0.11 -0.11 -0.11000001 -0.1625 -0.1625 0.090833333
