interpolatedSpi/01-11|20_3.tif
NCOLS 53
NROWS 52
XLLCORNER -116.03883
YLLCORNER 28.596182
DX 0.49850594
DY 0.49788537
NODATA_VALUE -9999
[rows 26 to 51 of 52, columns 0 to 52 of 53]
-1.0945455 -1.0945455 -1.0945455 -0.710373 -0.58299871 -1.2327273 -1.2327273 -1.2327273 -1.2327273 -1.0227273 -1.0227273 -0.76727275 -0.76727273 -0.76727273 -0.76727273 -0.7672865 -0.98454545 -0.98454545 -0.98454545 -0.98454545 -0.99889246 -1.01 -1.01 -1.0043139 -0.79944709 -0.94363636 -0.94363636 -0.94363636 -0.66545455 -0.66545455 -0.66545455 -0.66545194 -0.25727273 -0.25727273 -0.25727273 -0.25727273 -0.42545455 -0.42545455 -0.42545455 -0.42545455 -0.83 -0.83 -0.83 -0.24728444 -0.24727273 -0.24727273 -0.24727274 -0.13636364 -0.13636364 0.069748557 0.07 0.22908918 0.22909091
-1.0945455 -1.0945455 -1.0945455 -1.0945612 -1.3872727 -1.3647993 -1.2327273 -1.2327273 -1.2327273 -1.0227273 -1.0227273 -1.0227273 -0.87818181 -0.87818182 -0.87818182 -0.87818182 -0.98468201 -0.98454545 -0.98454545 -0.98454545 -0.98491957 -0.79272787 -0.79272727 -0.79272727 -0.79272727 -0.79272728 -0.95454545 -0.95454545 -0.66545455 -0.66545455 -0.66545455 -0.66545455 -0.25727289 -0.25727273 -0.25727273 -0.25729094 -0.42545454 -0.42545455 -0.42545455 -0.42524717 -0.83 -0.83 -0.83 -0.24729975 -0.24727273 -0.24727273 -0.24727273 -0.13636364 -0.13636364 -0.13636363 -0.11454545 -0.11454545 0.19636364
-1.0945455 -1.0945455 -1.0945455 -1.3872721 -1.3872727 -1.3872727 -1.2327273 -1.2327273 -1.2327273 -1.0227273 -1.0227273 -1.0227273 -0.87818182 -0.87818182 -0.87818182 -0.89195977 -1.0590909 -1.0590909 -1.0590907 -0.98496651 -0.79272727 -0.79272727 -0.79272727 -0.79272727 -0.79272727 -0.79284905 -0.95454545 -0.95454545 -0.95454545 -0.66545455 -0.66545455 -0.66538725 -0.48090909 -0.48090909 -0.48090909 -0.31090909 -0.31090909 -0.37818182 -0.37818182 -0.37818182 -0.10636364 -0.82977302 -0.82999349 0.042727273 0.042727273 0.031736602 -0.24727177 -0.13636364 -0.13636364 -0.11454545 -0.11454545 -0.11454545 0.19636364
-1.0945455 -1.0945455 -1.0945455 -1.3872727 -1.3872727 -1.3872727 -1.3872727 -1.2327273 -1.2327273 -1.0227273 -1.0227273 -0.88396155 -0.87818182 -0.87818182 -0.87818182 -1.0590909 -1.0590909 -1.0590909 -1.0590909 -1.0590909 -0.79272727 -0.79272727 -0.79272727 -0.79272727 -0.79272727 -0.9545449 -0.95454545 -0.95454545 -0.95454545 -0.56090909 -0.56090909 -0.56090909 -0.48090909 -0.48090909 -0.48090909 -0.31090909 -0.31090909 -0.37818182 -0.37818182 -0.10636364 -0.10636364 -0.10636364 0.042727273 0.042727273 0.042727273 0.042727273 0.074092618 0.42454545 0.42454545 0.42454545 -0.11454544 0.44727273 0.44727273
-1.0945455 -1.0945455 -1.0949531 -1.3872727 -1.3872727 -1.3872727 -1.3872727 -1.1691755 -1.1581818 -1.1579493 -1.0227273 -0.87818068 -0.87818182 -0.87818182 -0.87818244 -1.0590909 -1.0590909 -1.0590909 -1.0590909 -1.0590909 -0.82151524 -0.79272727 -0.79272727 -0.79272727 -0.79274675 -0.95454167 -0.95454545 -0.95454545 -0.95454545 -0.56090909 -0.56090909 -0.56090909 -0.56089509 -0.48090909 -0.31090909 -0.31090909 -0.31090909 -0.31091166 -0.37816328 -0.10636364 -0.10636364 -0.10636364 0.042718222 0.042727273 0.042727273 0.042727273 0.4245457 0.42454545 0.42454545 0.42454545 0.44727273 0.44727273 0.44727273
-1.1609091 -1.160909 -1.3871108 -1.3872727 -1.3872727 -1.3872727 -1.1582306 -1.1581818 -1.1581818 -1.1581818 -0.86454546 -0.86454545 -0.86454545 -0.86454545 -1.058193 -1.0590909 -1.0590909 -1.0590909 -1.0590909 -0.82272741 -0.82272727 -0.82272727 -0.88727271 -0.88727273 -0.88727273 -0.88727273 -0.89307923 -0.95454545 -0.2609375 -0.26090909 -0.26090909 -0.26090909 -0.26090909 -0.040909093 -0.040909091 -0.040909091 -0.040909091 -0.040909091 -0.042727273 -0.042727273 -0.042727273 -0.042727273 -0.042727273 0.45210923 0.45272727 0.45272727 0.45272727 0.42454545 0.42454545 0.42454545 0.44726915 0.44727273 0.44727273
-1.1609091 -1.1609091 -1.1566925 -0.65727419 -0.65727289 -0.65776154 -1.1581818 -1.1581818 -1.1581818 -1.1581818 -0.86454545 -0.86454545 -0.86454545 -0.86454545 -0.86454545 -1.0590909 -1.0590909 -1.0590909 -0.82272733 -0.82272727 -0.82272727 -0.82272727 -0.88727273 -0.88727273 -0.88727273 -0.88727273 -0.88727273 -0.88728633 -0.26082905 -0.26090909 -0.26090909 -0.26090909 -0.26087694 0.058556376 -0.040806099 -0.040909091 -0.040909091 -0.040909088 -0.042727273 -0.042727273 -0.042727273 -0.042727273 -0.042727271 0.45272727 0.45272727 0.45272727 0.45272727 0.4395489 0.42454545 0.81558794 0.82 0.57272727 0.57272727
-1.1609091 -1.1609091 -0.65733652 -0.65727273 -0.65727273 -0.65727273 -0.78450152 -1.1581818 -1.1581818 -1.1581818 -0.86454545 -0.86454545 -0.86454545 -0.86454545 -0.86454545 -1.0589412 -1.0590909 -0.82279657 -0.82272727 -0.82272727 -0.82272727 -0.82272727 -0.86336145 -0.88727273 -0.88727273 -0.88727273 -0.88727273 -0.88668236 -0.053636364 -0.053636364 -0.053636364 -0.053636364 -0.053636364 0.13454545 0.13454545 0.13454545 0.13454545 0.13454545 0.24454545 0.24454545 0.24454545 0.24454545 0.24454545 0.45308464 0.45272735 0.45272727 0.45275208 0.45576544 0.82 0.82 0.82 0.57272866 0.57272727
-1.1609082 -0.69828947 -0.65727273 -0.65727273 -0.65727273 -0.65727273 -0.65727273 -1.1579685 -1.1581818 -1.1581818 -0.86454546 -0.86454545 -0.86454545 -0.86454545 -0.86810105 -0.86818182 -0.86818182 -0.82272844 -0.82272727 -0.82272727 -0.82272727 -0.82272727 -0.82272731 -0.88727273 -0.88727273 -0.88727273 -0.88727273 -0.16363628 -0.16363631 -0.14022569 -0.053636364 -0.053636364 -0.053636364 0.13454545 0.13454545 0.13454545 0.13454545 0.13456269 0.24454545 0.24454545 0.24454545 0.24454545 0.24456837 0.59909091 0.59909091 0.59909091 0.59909091 0.59910873 0.82 0.82 0.82 0.81999993 0.699917
-0.68909091 -0.68909091 -0.66422031 -0.65727273 -0.65727273 -0.65727273 -0.65727273 -0.65727273 -1.1579674 -0.82454546 -0.82454545 -0.82454545 -0.82464038 -0.86818181 -0.86818182 -0.86818182 -0.86818182 -0.86818182 -0.82272895 -0.83708742 -0.96272727 -0.96272727 -0.96272727 -0.94299233 -0.87730456 -0.82396679 -0.7786179 -0.16363636 -0.16363636 -0.16363636 -0.16363636 -0.16363636 -0.15979767 0.15624525 0.16 0.16 0.16 0.16 0.3007307 0.54363583 0.54363636 0.54363636 0.54363636 0.5918182 0.59909091 0.59909091 0.59909091 0.72090909 0.81999841 0.82 0.82 0.70181818 0.70181818
-0.68909091 -0.68909091 -0.56090909 -0.56090909 -0.56090909 -0.65724063 -0.65727273 -0.65727273 -0.82454545 -0.82454545 -0.82454545 -0.82454545 -0.82454545 -0.86818182 -0.86818182 -0.86818182 -0.86818182 -0.86818182 -0.96272727 -0.96272727 -0.96272727 -0.96272727 -0.96272727 -0.76272728 -0.76272727 -0.76272727 -0.76272727 -0.16363637 -0.16363636 -0.16363636 -0.16363636 -0.16363636 -0.17454545 -0.17454545 0.16 0.16 0.16 0.47267402 0.47272727 0.54363636 0.54363636 0.54363636 0.54363641 0.59181818 0.59181818 0.59181818 0.72090909 0.72090909 0.72090909 0.69181818 0.69181818 0.70181818 0.70181818
-0.68909091 -0.68909091 -0.56090909 -0.56090909 -0.56090909 -0.56090909 -0.56091002 -0.73 -0.82445644 -0.82454545 -0.82454545 -0.82454545 -0.82454545 -0.86763749 -0.86818182 -0.86818182 -0.86818182 -0.86818182 -0.96272727 -0.96272727 -0.96272727 -0.96272727 -0.96272727 -0.76272727 -0.76272727 -0.76272727 -0.76272727 -0.76272484 -0.16363636 -0.16363636 -0.16363636 -0.17454488 -0.17454545 -0.17454545 -0.17454545 0.16 0.47272727 0.47272727 0.47272727 0.47459302 0.82106279 0.87272727 0.87272727 0.59181818 0.59181818 0.59181818 0.72090909 0.72090909 0.72090909 0.69181818 0.69181818 0.69181818 0.63183101
-0.74363636 -0.74363594 -0.56090909 -0.56090909 -0.56090909 -0.56090909 -0.73 -0.73 -0.73 -0.82454545 -0.82454545 -0.82454545 -0.82454545 -0.82455902 -0.86818182 -0.86818182 -0.86818182 -0.86818182 -0.96272545 -0.96272727 -0.96272727 -0.96272727 -0.79795124 -0.76272727 -0.76272727 -0.76272727 -0.76272727 -0.62000012 -0.62 -0.61999999 -0.16853478 -0.17454545 -0.17454545 -0.17454545 -0.17454494 0.36545454 0.47272727 0.47272727 0.47272727 0.47272728 0.87272727 0.87272727 0.87272727 1.1627273 1.1627273 1.1627273 0.90452757 0.72090909 0.72090909 0.69181818 0.69181818 0.69181818 0.62454542
-0.74363636 -0.74363636 -0.56090909 -0.56090909 -0.56090909 -0.73 -0.73 -0.73 -0.73 -0.81418556 -0.82454545 -0.82454545 -0.82454545 -0.82454471 -0.54549169 -0.54545455 -0.54545455 -0.54545455 -0.26119167 -0.54818182 -0.54818182 -0.54818182 -0.54818182 -0.76272727 -0.76272727 -0.76272727 -0.76271786 -0.62 -0.62 -0.62 -0.62 -0.17449208 0.12918892 0.36545455 0.36545455 0.36545455 0.47382645 0.76726659 0.76727273 0.76727273 0.87277854 0.93818182 0.93818182 1.1627273 1.1627273 1.1627262 0.90454545 0.90454545 0.72636364 0.72636364 0.72636364 0.68909091 0.61090909
-0.74363636 -0.74363636 -0.57272727 -0.57272727 -0.57272727 -0.73 -0.73 -0.73 -0.73 -0.95363636 -0.95363636 -0.95363636 -0.95363636 -0.92487084 -0.54545455 -0.54545455 -0.54545455 -0.54545455 -0.25090909 -0.54818182 -0.54818182 -0.54818182 -0.54818182 -0.81818182 -0.8181818 -0.76272735 -0.62 -0.62 -0.62 -0.62 -0.24213457 0.12636364 0.33700601 0.36545455 0.36545455 0.36545455 0.76727273 0.76727273 0.76727273 0.76727273 0.93818182 0.93818182 0.93818182 1.2626249 1.2627273 0.90615546 0.90454545 0.90454545 0.72636439 0.72636364 0.68909091 0.68909091 0.61090909
-0.74363636 -0.57272727 -0.57272727 -0.57272727 -0.57272727 -0.57272727 -0.73333804 -1.16 -1.16 -0.95363636 -0.95363636 -0.95363636 -0.95363636 -0.9535397 -0.54545455 -0.54545455 -0.54545455 -0.53214605 -0.25090909 -0.25090909 -0.54818182 -0.54818182 -0.81818182 -0.81818182 -0.81818182 -0.81818182 -0.62 -0.62 -0.62 -0.62 0.12636364 0.12636364 0.12636364 0.36521261 0.36545455 0.36545455 0.76727273 0.76727273 0.76727273 0.76727273 0.93818182 0.93818182 0.93818182 1.2627273 1.2627273 1.2627169 1.08 1.08 0.87272727 0.87272727 0.68909091 0.68909091 0.61090909
-0.57433232 -0.57272727 -0.57272727 -0.57272727 -0.57272727 -0.57272727 -1.16 -1.16 -1.16 -1.0495456 -0.95363636 -0.95363636 -0.95363636 -0.95363139 -0.54545455 -0.54545455 -0.54545455 -0.25090909 -0.25090909 -0.25090909 -0.54816697 -0.54818347 -0.81818182 -0.81818182 -0.81818182 -0.81818182 -0.62001409 -0.62 -0.62 0.12619199 0.12636364 0.12636364 0.12636364 0.12636364 0.36520222 0.58909091 0.58909091 0.59217466 0.76727273 0.76727273 0.93818167 0.93818182 1.253291 1.2627273 1.2627273 1.0800001 1.08 1.08 0.87272727 0.87272727 1.0018182 1.0018182 1.0854545
-0.57272727 -0.57272727 -0.57272727 -0.57272727 -0.57272727 -0.57272727 -1.16 -1.16 -1.16 -1.16 -0.79273191 -0.79272727 -0.79272727 -0.79272727 -0.54545428 -0.42657635 -0.36 -0.36 -0.2511102 -0.25090909 -0.25090915 -0.81818143 -0.81818182 -0.81818182 -0.81818182 -0.81818182 -0.81803773 -0.62 -0.61997449 0.12636364 0.12636364 0.12636364 0.12636364 0.12636364 0.58909091 0.58909091 0.58909091 0.58909091 0.58909091 0.58909102 0.36181818 0.36181818 0.36181836 0.88727273 0.88727273 0.88727273 0.95545455 0.95545455 1.0172727 1.0172727 1.0018182 1.0018184 1.0854545
-0.57272727 -0.57272727 -0.57272727 -0.57272727 -0.57272727 -0.57272727 -1.16 -1.16 -1.16 -0.79272727 -0.79272727 -0.79272727 -0.79272727 -0.79272727 -0.6786614 -0.36 -0.36 -0.36 -0.36 -0.36 -0.35479127 -0.81818181 -0.81818182 -0.81818182 -0.81818182 -0.81024593 -0.56585057 -0.61257164 0.12268296 0.12636364 0.12636364 0.12636364 0.12636364 0.12636465 0.58909091 0.58909091 0.58909091 0.58909091 0.58909091 0.48336416 0.36181818 0.36181818 0.36181818 0.88727273 0.88727273 0.88727273 0.95545455 0.95545455 1.0172727 1.0172727 0.7409091 1.0664479 1.0854545
-0.57272727 -0.57272727 -0.57272727 -0.57272727 -0.57272727 -0.57272745 -1.1599999 -1.16 -1.1447561 -0.79272727 -0.79272727 -0.79272727 -0.79272727 -0.79272727 -0.77197101 -0.36 -0.36 -0.36 -0.36 -0.36 -0.36 -0.60344709 -0.5654549 -0.56545455 -0.56545455 -0.56545455 -0.56545455 -0.56545455 -0.10524625 -0.09908824 -0.099090904 -0.099090909 -0.099090909 -0.099090413 0.58909091 0.58909091 0.58909091 0.58909091 0.58909091 0.36181821 0.36181818 0.36181818 0.36181818 0.36181842 0.88738641 0.95818182 0.95545455 0.64009715 1.0169374 0.74090909 0.74090909 0.73815014 0.60818182
-0.57272727 -0.57272727 -0.57272727 -0.57272727 -0.57272727 -0.57276479 -1.1599683 -1.1599778 -0.79272774 -0.79272727 -0.79272727 -0.79272727 -0.79272727 -0.79272727 -0.78449339 -0.36 -0.36 -0.36 -0.36 -0.36 -0.36 -0.56545455 -0.56545455 -0.56545455 -0.56545455 -0.56545455 -0.56545455 -0.56545455 -0.099219647 -0.099090909 -0.099090909 -0.099090909 -0.099090909 -0.099090909 0.089470842 0.58909091 0.58909091 0.58909091 0.58909091 0.36181818 0.36181818 0.36181818 0.36181818 0.36197096 0.95818182 0.95818182 0.95615342 0.63454545 0.63454545 0.74090909 0.74090909 0.60818182 0.60818182
-0.57272727 -0.57272727 -0.57272727 -0.57272727 -0.57272728 -0.57351048 -1.1592925 -0.8341716 -0.79272727 -0.79272727 -0.79272727 -0.79272727 -0.79272727 -0.79272727 -0.78515164 -0.36 -0.36 -0.36 -0.36 -0.36 -0.38925299 -0.56545455 -0.56545455 -0.56545455 -0.56545455 -0.56545455 -0.56545455 -0.56545455 -0.09909278 -0.099090909 -0.099090909 -0.099090909 -0.099090909 -0.099090909 -0.099090909 0.37428344 0.040408246 -0.14215927 -0.16994591 0.32517934 0.36181817 0.36181818 0.36181818 0.9581342 0.95818182 0.95176222 -0.11726913 0.63454545 0.63454545 0.17270527 0.17272727 0.17272727 0.60818162
-0.57272727 -0.57272727 -0.57272727 -0.57272727 -0.57272787 -0.57762474 -1.1241323 -0.79282826 -0.79272727 -0.79272727 -0.79272727 -0.79272727 -0.79272727 -0.79272727 -0.78262242 -0.36 -0.36 -0.36 -0.36 -0.36 -0.56545366 -0.56545455 -0.56545455 -0.56545455 -0.56545455 -0.56545455 -0.56545455 -0.56545455 -0.099091037 -0.099090909 -0.099090909 -0.099090909 -0.099090909 -0.099090909 -0.099090926 -0.18454545 -0.18454545 -0.18454545 -0.18454545 -0.20818182 -0.20818182 -0.20818182 -0.20818182 -0.11726961 -0.11727273 -0.11727273 -0.11727273 -0.11727046 0.071818182 0.071818182 0.17272727 0.17272727 -0.064765737
-0.57272727 -0.57272727 -0.57272727 -0.57272732 -0.57274367 -0.58850407 -0.81691234 -0.79273207 -0.79272727 -0.79272727 -0.79272727 -0.79272727 -0.79272727 -0.79272727 -0.77803784 -0.36000018 -0.36 -0.36 -0.36 -0.36123654 -0.56545455 -0.56545455 -0.56545455 -0.56545455 -0.56545455 -0.56545455 -0.56545455 -0.56545455 -0.099091013 -0.099090909 -0.099090909 -0.099090909 -0.099090909 -0.099090909 -0.18454538 -0.18454545 -0.18454545 -0.18454545 -0.18454545 -0.20818182 -0.20818182 -0.20818182 -0.20818182 -0.18364585 -0.11727273 -0.11727273 -0.11727273 0.071816067 0.071818182 0.071818182 -0.17 -0.17 -0.17
-0.57272727 -0.57272727 -0.5727273 -0.5727286 -0.57288712 -0.61523608 -0.79397375 -0.79272847 -0.79272727 -0.79272727 -0.79272727 -0.79272727 -0.79272727 -0.79272725 -0.77182749 -0.36001018 -0.36 -0.36 -0.36000024 -0.56129171 -0.56545455 -0.56545455 -0.56545455 -0.56545455 -0.56545455 -0.56545455 -0.56545455 -0.56545455 -0.099091346 -0.099090909 -0.099090909 -0.099090909 -0.099090909 -0.099090955 -0.18454543 -0.18454545 -0.18454545 -0.18454545 -0.18454545 -0.20818182 -0.20818182 -0.20818182 -0.20818182 -0.20818182 -0.11727273 -0.11727273 -0.11727273 0.07181818 0.071818182 0.071818182 -0.17 -0.17 -0.17
-0.57272728 -0.57272731 -0.57272783 -0.57274293 -0.5735909 -0.7171937 -0.79293048 -0.79272801 -0.79272727 -0.79272727 -0.79272727 -0.79272727 -0.79272727 -0.79272646 -0.76444389 -0.36015804 -0.36000001 -0.36000001 -0.36106374 -0.56543708 -0.56545455 -0.56545455 -0.56545455 -0.56545455 -0.56545455 -0.56545455 -0.56545455 -0.56545427 -0.099093831 -0.099090909 -0.099090909 -0.099090909 -0.099090909 -0.099090909 -0.099090909 -0.18454545 -0.18454545 -0.18454545 -0.18454545 -0.20818182 -0.20818182 -0.20818182 -0.20818182 -0.20818182 -0.11727434 -0.11727273 -0.11727263 0.071818168 0.071818182 0.071818051 -0.17 -0.17 -0.17
