interpolatedSpi/01-11|21_3.tif
NCOLS 53
NROWS 52
XLLCORNER -116.03883
YLLCORNER 28.596182
DX 0.49850594
DY 0.49788537
NODATA_VALUE -9999
[rows 0 to 25 of 52, columns 0 to 52 of 53]
-0.91 -0.91 -0.92415928 -1.1363636 -1.15 -1.4054545 -1.2627273 -1.2227273 -1.3303681 -1.4718182 -1.4763636 -1.1372727 -1.6362944 -0.79545455 -1.1327273 -1.1327273 -1.1327273 -0.57636364 -0.79363636 -0.79363636 -0.79363636 -0.79363345 -0.4909091 -1.0336364 -1.0336364 -1.0336364 -0.77181628 -0.77181818 -0.77181818 -0.43454545 -0.43454545 -0.43454545 -0.43454545 -1.3409089 -1.3409091 -1.3409091 -1.3409091 -1.3409091 -1.3409091 -1.3409091 0.094538388 0.10983468 -0.53818182 -0.53818182 -0.53818182 -0.53818182 -0.53792197 -0.37909091 -0.37909091 -0.37909091 0.56908894 0.56909091 0.56909091
-0.91002807 -1.5418182 -1.113636 -1.1707911 -1.3664683 -0.80909091 -1.0254545 -1.5162018 -1.8518182 -1.5972727 -1.4818182 -1.6363636 -1.6363636 -1.1615026 -0.79546196 -1.1327273 -0.57636364 -0.57636364 -0.79335307 -0.79363636 -0.79363636 -0.79363636 -1.0367946 -1.0336364 -1.0336364 -1.0336364 -1.3463636 -1.3463636 -0.43454545 -0.43454545 -0.43454545 -0.43454545 -0.43454545 -1.340909 -1.3409091 -1.3409091 -1.3409091 -1.3409091 -1.340909 -1.2279457 -0.6700291 -0.55417698 -0.53818182 -0.53818182 -0.53818182 -0.53818182 -0.53818182 -0.37909091 -0.37909091 -0.37909091 -0.30046677 0.56909091 0.56909091
-1.4827108 -1.4827273 -0.83454545 -0.78909091 -1.0545455 -1.4136364 -0.86727273 -1.3790909 -1.7209091 -1.7272727 -1.4227273 -1.8109091 -1.1609091 -1.3281818 -1.1627273 -1.6881818 -0.57636364 -0.57636364 -0.57636364 -0.98903409 -0.98909091 -0.98909091 -1.0936364 -1.0336364 -1.0336364 -1.0336364 -1.3463636 -1.3463636 -1.3463636 -0.43454545 -0.43454545 -0.43454548 -0.72075968 -1.3393194 -1.3347574 -0.68605622 -0.68 -0.68 -0.67874226 -0.67 -0.67 -0.66983144 -0.53818182 -0.53818182 -0.53818182 -0.53818182 -0.53818182 -0.37909091 -0.37909091 -0.37909091 -0.37909091 0.56909091 0.56909091
-0.48272727 -1.4827272 -1.0727303 -0.38090909 -1.0236364 -1.1509091 -1.0636364 -1.4181818 -1.1572727 -1.2969894 -1.3436364 -1.9081818 -1.8327273 -1.3281818 -1.3409091 -1.6881818 -1.735995 -1.7355509 -1.7209091 -0.98909091 -0.98909091 -1.5590909 -1.0936364 -1.0936364 -1.0336364 -1.0336379 -1.3463636 -1.3463636 -1.3463636 -1.0581818 -1.0422203 -1.0290909 -1.0290909 -1.0290906 -0.68 -0.68 -0.68 -0.68 -0.67 -0.67 -0.67 -0.67 -0.53818182 -0.53818182 -0.53818182 -0.53818182 -0.53818182 -0.37909292 -0.37909091 -0.37909091 -0.37909091 0.56904254 0.56909091
-0.48272727 -0.29727415 -1.0727273 -1.2226601 -1.0236364 -0.91181818 -1.4590569 -1.2054545 -1.4036364 -1.0636365 -1.5255999 -1.7462988 -1.2936364 -1.3409091 -1.3409091 -1.5740257 -1.7363636 -1.7363636 -1.7209091 -1.7209091 -0.989092 -1.5590909 -1.3154545 -0.82181818 -0.65 -0.64990535 -1.3463636 -1.3463636 -1.0581818 -1.0581818 -1.0290909 -1.0290909 -1.0290909 -0.93017569 -0.68 -0.68 -0.68 -0.67 -0.67 -0.67 -0.67 -0.66999193 -0.53818182 -0.53818182 -0.53818182 -0.53818182 -0.53818182 -0.53676571 -0.37909091 -0.3791148 -0.91181818 -0.91181818 -0.91181818
-1.4836364 -0.81909091 -0.36454547 -0.85 -1.1654545 -0.90909091 -1.2545455 -1.2482604 -1.0981818 -0.89636364 -0.76272727 -0.43909091 -0.43909147 -1.0318182 -1.0318182 -1.5426305 -1.5427273 -1.3590909 -1.3590909 -1.7209083 -1.0636364 -1.0636364 -0.82181818 -0.65 -0.65 -0.24454545 -0.66090909 -0.66090909 -0.52095796 -1.0581818 -1.0290909 -1.0290909 -0.50454545 -0.50455087 -0.55635999 -0.78181818 -0.78181818 -0.70459351 -0.67 -0.67 -0.58646795 -0.58636364 -0.58636288 -1.4276526 -1.4435363 -1.4436361 -1.4436363 -1.443636 -0.97301006 -0.91181818 -0.91181818 -0.91181818 -0.91181818
-0.054552501 -0.50181818 -0.42463982 -0.29727273 -0.49818182 -1.2909091 -0.66636363 -0.84272727 -1.0345455 -1.0345455 -0.76272727 -1.0481818 -0.94636366 -1.0318182 -1.1418179 -1.1418182 -1.5427273 -0.89090909 -0.8 -0.8 -1.0550679 -1.0454545 -1.0454545 -0.080909099 -0.24454545 -0.24454545 -0.66090909 -0.66090909 -0.52091259 -0.52097347 -0.49481178 -0.50454545 -0.50454545 -0.55636364 -0.55636364 -0.83281629 -0.78181818 -0.78181818 -0.76000076 -0.58636388 -0.58636364 -0.58636364 -0.58635982 -1.4436327 -1.4436364 -1.4436364 -1.4436364 -1.4436361 -1.0036364 -0.91183638 -0.91181818 -0.91181818 -0.91181818
-0.054545455 0.19181818 -0.00090909091 -0.94545455 -1.1136267 -1.0890909 -0.65454545 -1.24 -1.0972727 -1.0045455 -1.0045455 -1.0509091 -0.94636364 -0.94636364 -1.1404772 -1.4382282 -1.4672727 -0.62363636 -0.89181809 -0.8 -0.32142284 -0.31 -0.40818182 0.019999998 0.019996553 -0.24727273 -0.67363636 -0.67363636 -0.58069884 -0.58090909 -0.49454545 -0.80006233 -0.60181818 -0.55636364 -0.57179101 -0.87545455 -0.87545455 -0.76 -0.76 -0.58636364 -0.58636364 -0.58636363 -0.78713363 -0.78909094 -1.4436364 -1.4436364 -1.4436364 -1.0036531 -1.0036364 -1.0036364 -0.91181818 -0.91181818 -0.91181818
0.04644711 0.19181819 0.53454545 -0.35181818 -0.75363636 -0.90818182 -1.0336364 -1.0454545 -1.2409091 -1.0661978 -1.0745455 -1.0372727 -1.0372727 -0.99 -0.99000008 -1.0973974 -1.0963636 -1.0963636 -0.66457473 -0.51545453 -0.44454545 -0.44454545 -0.41909091 -0.41248091 -0.22033869 -0.24727273 -0.49727273 -0.67363636 -0.59138982 -0.59090909 -0.85545455 -0.56818182 -0.58054432 -1.0381818 -1.0972727 -1.2036364 -1.2027273 -1.2072727 -0.991009 -0.58490276 -0.25909091 -0.50181818 -0.7890582 -0.78909091 -0.79277505 -1.4436364 -1.5545454 -1.0036364 -1.0036364 -1.0036364 -1.0036364 -0.86824058 -0.43727273
-0.76636364 -0.76636364 0.50636364 -0.060909091 -0.81272727 -1.07 -0.99636364 -0.85090909 -0.98090909 -1.0217971 -1.3081818 -0.20545455 -0.99 -0.99 -0.99818182 -0.99952843 -1.0963636 -1.0963088 -0.82363636 -0.51545455 -0.51545455 -0.50631908 -0.41909091 -0.62545064 -0.62545455 -0.62545455 -0.49727273 -0.39090909 -0.39090909 -0.59090909 -0.59090909 -0.56822837 -0.59272727 -1.0381818 -0.51363636 -1.2036364 -1.2027273 -0.91272727 -0.99090909 -0.85317807 -0.50181817 -0.53354295 -0.58818182 -0.78909091 -0.78909091 -1.5545455 -1.5545455 -1.5545455 -1.0036364 -1.0036364 -0.56181818 -0.56181818 -0.56181814
-0.76636364 -0.76636364 -0.20818182 -0.80454545 -1.0654545 -0.48818182 -0.92 -1.1245492 -1.2009091 -1.1154545 -1.2363636 -1.1154545 -0.20666719 -0.99818182 -0.99818182 -0.99819818 -1.14 -1.1233958 -0.82363636 -1.1263636 -1.1263636 -0.72818182 -0.72818182 -0.62545455 -0.62545455 -0.62545455 -0.39090909 -0.39090909 -0.39090909 -0.90818182 -0.90818182 -0.9081813 -0.82090909 -0.82090909 -0.97272727 -1.2490909 -0.73 -1.4963551 -1.14 -0.85090909 -0.85090909 -0.33181902 -0.58818182 -0.78909091 -0.77545479 -1.1045455 -0.8684223 -0.86545455 -0.64454545 -0.64454545 -0.56181818 -0.56181818 -0.56181818
-0.76636364 -0.52549507 -0.46267145 -0.83726937 -0.37545455 -1.1372727 -0.92 -1.1245455 -1.2009085 -1.1164013 -1.1154545 -1.1154545 -0.92272727 -0.99818182 -0.99818182 -1.14 -1.14 -1.139982 -0.82363636 -1.1263636 -1.0481688 -0.72818182 -0.72818182 -0.62545932 -0.62545455 -0.69866936 -0.84818182 -0.84818182 -0.84818176 -0.90818182 -0.90818182 -0.97181818 -0.97181818 -0.82090951 -0.97272727 -1.0572728 -0.6916611 -1.4963636 -1.4963636 -0.85090907 -0.33181818 -0.33181818 -0.33182143 -0.77545455 -0.77545455 -1.1045455 -0.86545455 -0.86545455 -0.64454545 -0.64454545 -0.56181818 -0.56181818 -0.56181818
-1.1518182 -0.68593274 -0.71818435 -0.7190384 -0.37545853 -1.1372547 -0.92000001 -1.1220276 -1.1956469 -1.1986776 -0.92272727 -0.92272727 -0.92272727 -0.92272727 -0.99817113 -1.14 -1.14 -1.1359152 -0.82363636 -1.1264403 -1.3981818 -1.3981818 -1.3981818 -1.3981818 -0.63871209 -0.84818182 -0.84818182 -0.84818182 -0.84818182 -0.84828496 -0.97181818 -0.97181818 -0.97181818 -0.97181818 -1.0572727 -1.0572727 -1.0572727 -1.4740191 -1.4938101 -1.1563636 -1.1563636 -0.33186253 -0.93181283 -0.77546961 -0.77545455 -1.1045455 -0.86545455 -0.86545455 -0.64454546 -0.64454545 -0.56211831 -0.56181818 -0.34944308
-1.1518182 -0.71818182 -0.71818182 -0.71818182 -0.71818182 -0.71818199 -0.92055606 -1.0167932 -1.1816077 -0.92302477 -0.92272727 -0.92272727 -0.92272727 -0.92272727 -0.92272748 -1.14 -1.14 -1.1182996 -0.82364263 -1.3981818 -1.3981818 -1.3981818 -1.3981818 -1.3981818 -1.3900636 -1.0094818 -1.0945454 -1.0945455 -1.0945455 -1.0945455 -0.97181818 -0.97181818 -0.97181802 -0.84090909 -0.84090909 -1.0572727 -0.86990487 -0.86454545 -1.1563635 -1.1563636 -1.1563636 -1.1563636 -0.93181818 -0.93181818 -0.93181818 -0.93302021 -0.86098832 -0.86090909 -0.86090909 -0.86090909 -0.86090909 -0.45363639 -0.45363636
-0.98545455 -0.71818182 -0.71818182 -0.71818182 -0.71818182 -0.71818182 -0.71818183 -0.9622138 -1.2033699 -1.2036364 -1.2036364 -1.2036364 -1.2036364 -1.2036364 -1.2036364 -0.95691248 -1.1369855 -1.0966792 -1.3981097 -1.3981818 -1.3981818 -1.3981818 -1.3981818 -1.3981813 -1.0227273 -1.0227273 -1.0227274 -1.0945455 -1.0945455 -1.094347 -0.99545455 -0.99545455 -0.84090909 -0.84090909 -0.84090909 -0.86075903 -0.86454545 -0.86454545 -0.86454545 -1.1563636 -1.1563636 -1.1563636 -0.93181818 -0.93181818 -0.93181818 -0.93181818 -0.86090909 -0.86090909 -0.86090909 -0.86090909 -0.86090909 -0.45363636 -0.45363636
-0.98545455 -0.88595195 -0.71818182 -0.71818182 -0.71818182 -0.71818182 -0.94722776 -0.94727273 -0.94727273 -1.2036364 -1.2036364 -1.2036364 -1.2036364 -1.2036364 -1.1480835 -0.95181818 -0.95181818 -0.95181818 -0.94320777 -0.94181865 -0.94181818 -0.94181818 -0.94181818 -0.94181818 -1.0227273 -1.0227273 -1.0227273 -1.0227273 -1.0945455 -0.99545455 -0.99545455 -0.99545455 -0.8409091 -0.84090909 -0.84090909 -0.54909091 -0.86412778 -0.86454545 -0.86454545 -1.1562196 -0.86888779 -0.19832649 -0.93181818 -0.93181818 -0.65086971 -0.65 -0.65 -0.8602216 -0.44418863 -0.44272731 -0.44272735 -0.16186242 -0.45363577
-0.98545455 -0.91114174 -0.81479061 -0.71818182 -0.71818182 -0.94713737 -0.94727273 -0.94727273 -0.94727273 -0.94912016 -1.2036364 -1.2036364 -1.2036364 -1.2036363 -0.95181818 -0.95181818 -0.95181818 -0.95181818 -0.94182711 -0.94181818 -0.94181818 -0.94181818 -0.94181818 -0.94181818 -1.0227273 -1.0227273 -1.0227273 -1.0227273 -1.0226281 -0.99545455 -0.99545455 -0.99545455 -0.85727273 -0.8408798 -0.54909091 -0.54909091 -0.54909091 -0.54408779 -0.23780854 -0.19545455 -0.19545455 -0.19545455 -0.64272727 -0.64272727 -0.65 -0.65 -0.65 -0.44272728 -0.44272727 -0.44272727 -0.44272727 -0.16181818 -0.16181818
-0.90907285 -0.90909091 -0.90909091 -0.90909091 -0.78636364 -0.94726858 -0.94727273 -0.94727273 -0.94727273 -0.94727273 -1.1707376 -1.2036307 -1.2036364 -0.95181818 -0.95181818 -0.95181818 -0.95181818 -0.95181818 -0.93846592 -0.94181818 -0.94181818 -0.94181818 -0.94181818 -0.94181818 -0.9584964 -0.9236369 -0.92363636 -0.92363636 -0.92363636 -0.99545454 -0.85727273 -0.85727273 -0.85727273 -0.85727273 -0.54909091 -0.54907887 -0.091818182 -0.091818182 -0.19416049 -0.19545455 -0.19545455 -0.19545455 -0.64272727 -0.64272727 -0.64887393 -0.65 -0.65 -0.44272727 -0.44272727 -0.44272727 -0.4397152 -0.16181818 -0.16181818
-0.90909091 -0.90909091 -0.90909091 -0.85129681 -0.78636364 -0.78636364 -0.94727273 -0.94727273 -0.94727273 -0.94727273 -0.76909091 -0.76909091 -0.76909091 -0.95181818 -0.95181818 -0.95181818 -0.95181818 -0.9517342 -0.75272727 -0.75272727 -0.94181811 -0.94181818 -0.94516019 -1.0790909 -1.0776914 -0.92363636 -0.92363636 -0.92363636 -0.92363636 -0.85727948 -0.85727273 -0.85727273 -0.85727273 -0.85727273 -0.091819789 -0.091818182 -0.091818182 -0.091818182 -0.092180696 -0.19545455 -0.19545455 -0.19545455 -0.64272727 -0.64272727 -0.64272727 -0.65 -0.65 -0.44272728 -0.44272727 -0.44272727 -0.16181818 -0.16181818 -0.16181818
-0.90909091 -0.90909091 -0.90909091 -0.78636364 -0.78636364 -0.78636364 -0.78636388 -0.94727273 -0.94727273 -0.76927484 -0.76909091 -0.76909091 -0.76909091 -0.76920475 -0.54048443 -0.44363636 -0.44363636 -0.44363637 -0.75272727 -0.75272727 -0.75272727 -1.0790909 -1.0790909 -1.0790909 -1.0788602 -0.57315876 -0.92363636 -0.92363636 -0.92363636 -0.520905 -0.44185904 -0.44181818 -0.44181818 -0.44181818 -0.077934879 -0.057272806 -0.057272727 -0.057272727 -0.057272727 -0.14364345 -0.14363636 -0.14363636 -0.64272727 -0.64272727 -0.59000022 -0.58999996 -0.47727273 -0.47727273 -0.28272727 -0.28272727 -0.28272727 -0.16181818 -0.093697326
-0.90908864 -0.90909091 -0.9090909 -0.78636364 -0.78636364 -0.78636364 -0.78636363 -0.45090924 -0.94528807 -0.76883619 -0.76909091 -0.76909091 -0.76909091 -0.76845228 -0.44363636 -0.44363636 -0.44363636 -0.44363645 -0.75272727 -0.75272727 -0.75272727 -1.0790909 -1.0790909 -1.0790909 -0.25545455 -0.25545455 -0.32181818 -0.32181818 -0.32181818 -0.32247282 -0.44181818 -0.44181818 -0.44181818 -0.44181818 -0.24965107 -0.057272727 -0.057272727 -0.057272727 -0.057272727 -0.14363636 -0.14363636 -0.14363636 -0.15768067 -0.59 -0.59 -0.59 -0.47727273 -0.47727273 -0.28272727 -0.28272727 -0.28272727 -0.09363637 -0.093636364
-0.17636364 -0.5192937 -0.59818182 -0.59823641 -0.78636364 -0.45285002 -0.45090909 -0.45090909 -0.43865272 -0.48818182 -0.48818182 -0.48818182 -0.48818182 0.045437173 0.045454543 -0.44363599 -0.44363636 -0.45178045 -0.75272727 -0.75272727 -0.75272727 -0.010909091 -0.010909091 -0.010909091 -0.25545455 -0.25545455 -0.32181818 -0.32181818 -0.32181818 -0.32181797 -0.030911703 -0.030910245 -0.4314906 -0.44137766 -0.29743423 -0.29727273 -0.29727273 -0.29727273 -0.29727273 -0.14363636 -0.14363636 -0.14363636 -0.56542177 -0.59 -0.59 -0.58999996 -0.47727273 -0.47727273 -0.47726572 -0.28272727 -0.28274231 -0.61909091 -0.093636364
-0.45540155 -0.45545457 -0.59818182 -0.59818182 -0.59818182 -0.45090909 -0.45090909 -0.45090909 -0.41727273 -0.41727273 -0.48818182 -0.48818182 -0.48818182 0.045454545 0.045454545 0.045454545 0.045454545 0.045364108 -0.75272727 -0.75272727 -0.75272724 -0.010909091 -0.010909091 -0.010909091 -0.25545455 -0.25545455 -0.32181818 -0.32181818 -0.32181818 -0.034189112 -0.030909091 -0.030909091 -0.030909091 -0.030909091 -0.29714129 -0.29727273 -0.29727273 -0.29727273 -0.29727273 -0.069090928 -0.069090909 -0.069090909 -0.069090909 -0.58999836 -0.37636364 -0.37636364 -0.37636364 -0.51090909 -0.51090909 -0.51090909 -0.61909091 -0.61909091 -0.61909091
-0.45545455 -0.45545455 -0.59818182 -0.59818182 -0.59818182 -0.45168318 -0.45090909 -0.41727273 -0.41727273 -0.41727273 -0.48817309 -0.48818182 -0.24824429 0.045454491 0.045454545 0.045454545 0.045454545 0.0045454546 0.0045454545 0.0045454545 -0.16363636 -0.16363625 -0.010909835 -0.010909091 -0.011109798 -0.23363636 -0.23363636 -0.23363657 -0.32180393 0.15269068 0.1527263 0.15269521 -0.030595237 -0.030750615 -0.24971232 -0.29727256 -0.29581342 0.13818182 0.13818182 -0.069090909 -0.069090909 -0.069090909 -0.069090909 -0.37636364 -0.37636364 -0.37636364 -0.37636364 -0.51090909 -0.51090909 -0.51090909 -0.61909091 -0.61909091 -0.61909091
-0.45545455 -0.45545455 -0.59818182 -0.59818182 -0.59818182 -0.59818182 -0.43831998 -0.41727273 -0.41727273 -0.41727273 -0.4171497 -0.19454545 -0.19454545 -0.19454545 0.04404017 0.045454545 0.0048180626 0.0045454545 0.0045454545 0.0045454545 -0.16363636 -0.16363636 -0.16363636 -0.16363636 -0.23363636 -0.23363636 -0.23363636 -0.23363636 -0.23363636 0.15272727 0.15272727 0.15272727 0.15272727 0.15272749 0.25818182 0.13818182 0.13818182 0.13818182 0.13818182 0.1381812 -0.023636364 -0.023636364 -0.023636364 -0.17450945 -0.48727273 -0.48727273 -0.48727273 -0.51090909 -0.51090898 -0.39818182 -0.39818182 -0.35915416 -0.35909091
-0.45545455 -0.45545455 -0.5466673 -0.59818182 -0.59818182 -0.59818181 -0.4263475 -0.41730138 -0.41727273 -0.41727273 -0.19454545 -0.19454545 -0.19454545 -0.19454545 -0.19454545 -0.17484381 0.0045454545 0.0045454545 0.0045454545 0.0045454545 -0.16363506 -0.16363636 -0.16363636 -0.16363636 -0.23363636 -0.23363636 -0.23363636 -0.23363636 -0.23363636 0.10704633 0.15272727 0.15272727 0.15272727 0.25818182 0.25818182 0.25808864 0.13818182 0.13818182 0.36789778 0.5463636 -0.023636364 -0.023636364 -0.023636364 -0.17016118 -0.48727273 -0.48727273 -0.48727273 0.33636364 -0.38902945 -0.39818182 -0.39818182 -0.35909091 -0.35909091
