interpolatedSpi/01-10|21_3.tif
NCOLS 53
NROWS 52
XLLCORNER -116.03883
YLLCORNER 28.596182
DX 0.49850594
DY 0.49788537
NODATA_VALUE -9999
[rows 0 to 40 of 52, columns 0 to 52 of 53]
-0.956 -0.956 -1.0071205 -1.22 -1.232 -1.477 -1.259 -1.187 -1.3143893 -1.459 -1.486 -1.185 -1.7549354 -0.97 -1.349 -1.349 -1.349 -0.572 -0.804 -0.804 -0.804 -0.80399678 -0.47 -0.954 -0.954 -0.954 -0.69999853 -0.7 -0.7 -0.343 -0.343 -0.343 -0.343 -1.2289998 -1.229 -1.229 -1.229 -1.229 -1.229 -1.229 0.14321934 0.15782429 -0.531 -0.531 -0.531 -0.531 -0.5306178 -0.297 -0.297 -0.297 0.7129979 0.713 0.713
-0.95602888 -1.606 -1.2249996 -1.2885117 -1.4850909 -0.865 -1.049 -1.5298268 -1.82 -1.589 -1.553 -1.755 -1.755 -1.1135198 -0.97000509 -1.349 -0.572 -0.572 -0.8036975 -0.804 -0.804 -0.804 -0.96047436 -0.954 -0.954 -0.954 -1.319 -1.319 -0.343 -0.343 -0.343 -0.343 -0.343 -1.2289999 -1.229 -1.229 -1.229 -1.229 -1.229 -1.1394537 -0.70102042 -0.55162818 -0.531 -0.531 -0.531 -0.531 -0.531 -0.297 -0.297 -0.297 -0.21324983 0.713 0.713
-1.5369802 -1.537 -0.911 -0.799 -1.061 -1.43 -0.86 -1.333 -1.708 -1.727 -1.432 -1.862 -1.182 -1.464 -1.114 -1.727 -0.572 -0.572 -0.572 -0.99594419 -0.996 -0.996 -1.077 -0.954 -0.954 -0.954 -1.319 -1.319 -1.319 -0.343 -0.343 -0.34300003 -0.67372185 -1.2277084 -1.2237876 -0.67413154 -0.669 -0.669 -0.67302476 -0.701 -0.701 -0.70078261 -0.531 -0.531 -0.531 -0.531 -0.531 -0.297 -0.297 -0.297 -0.297 0.713 0.713
-0.354 -1.5369999 -1.0280021 -0.343 -0.968 -1.133 -1.039 -1.394 -1.134 -1.3254169 -1.353 -1.911 -1.827 -1.464 -1.374 -1.727 -1.7865409 -1.7861487 -1.718 -0.996 -0.996 -1.582 -1.077 -1.077 -0.954 -0.95400182 -1.319 -1.319 -1.319 -1.007 -1.0196196 -1.03 -1.03 -1.0299997 -0.669 -0.669 -0.669 -0.669 -0.701 -0.701 -0.701 -0.70099999 -0.531 -0.531 -0.531 -0.531 -0.531 -0.29700295 -0.297 -0.297 -0.297 0.7129478 0.713
-0.354 -0.2080015 -1.028 -1.2297379 -0.968 -0.876 -1.5059597 -1.195 -1.401 -1.0710002 -1.6016215 -1.8549248 -1.33 -1.374 -1.374 -1.6111343 -1.787 -1.787 -1.718 -1.718 -0.99600112 -1.582 -1.363 -0.797 -0.652 -0.65190194 -1.319 -1.319 -1.007 -1.007 -1.03 -1.03 -1.03 -0.92741619 -0.669 -0.669 -0.669 -0.701 -0.701 -0.701 -0.701 -0.7009972 -0.531 -0.531 -0.531 -0.531 -0.531 -0.52891711 -0.297 -0.29702637 -0.885 -0.885 -0.885
-1.511 -0.756 -0.31700002 -0.819 -1.2 -0.901 -1.309 -1.2944047 -1.179 -0.937 -0.727 -0.457 -0.45700058 -0.918 -0.918 -1.4269329 -1.427 -1.317 -1.317 -1.7179992 -1.067 -1.067 -0.797 -0.652 -0.652 -0.232 -0.659 -0.659 -0.4170537 -1.007 -1.03 -1.03 -0.486 -0.48601066 -0.58799277 -0.848 -0.848 -0.74647781 -0.701 -0.701 -0.67203617 -0.672 -0.67199941 -1.588988 -1.607881 -1.6079997 -1.608 -1.6079996 -1.1289322 -0.885 -0.885 -0.885 -0.885
-0.25300309 -0.502 -0.31979274 -0.308 -0.482 -1.33 -0.646 -0.814 -0.955 -0.955 -0.727 -0.977 -0.78100004 -0.918 -1.1489993 -1.149 -1.427 -0.786 -0.772 -0.772 -1.0735977 -1.081 -1.081 -0.039000009 -0.232 -0.232 -0.659 -0.659 -0.41700565 -0.41710407 -0.46714462 -0.486 -0.486 -0.588 -0.588 -0.92969601 -0.848 -0.848 -0.84400014 -0.67200024 -0.672 -0.672 -0.67199728 -1.6079966 -1.608 -1.608 -1.608 -1.6079998 -1.199 -0.88506223 -0.885 -0.885 -0.885
-0.253 0.171 0.117 -0.872 -1.1019868 -1.095 -0.641 -1.264 -1.108 -0.941 -0.941 -0.945 -0.781 -0.781 -1.1464752 -1.3566526 -1.377 -0.538 -0.90599986 -0.772 -0.24164029 -0.225 -0.418 0.084999998 0.084996182 -0.211 -0.661 -0.661 -0.5136601 -0.514 -0.467 -0.7748277 -0.538 -0.588 -0.60636765 -0.998 -0.998 -0.844 -0.844 -0.672 -0.672 -0.67199999 -0.99228668 -0.99500003 -1.608 -1.608 -1.608 -1.1990156 -1.199 -1.199 -0.885 -0.885 -0.885
0.019739607 0.171 0.513 -0.234 -0.728 -0.954 -1.069 -1.1 -1.287 -1.1171458 -1.068 -1.02 -1.02 -0.993 -0.99300056 -1.0558974 -1.055 -1.055 -0.59417577 -0.44699999 -0.421 -0.421 -0.468 -0.43770417 -0.18117102 -0.211 -0.455 -0.661 -0.55661016 -0.556 -0.841 -0.501 -0.54481788 -1.096 -1.232 -1.343 -1.328 -1.236 -1.0460877 -0.67083942 -0.412 -0.602 -0.9949492 -0.995 -0.9984503 -1.608 -1.723 -1.199 -1.199 -1.199 -1.199 -0.84839481 -0.468
-0.826 -0.826 0.394 -0.202 -0.805 -1.134 -1.076 -0.969 -1.065 -1.0739785 -1.353 -0.21 -0.993 -0.993 -1.053 -1.0530274 -1.055 -1.0549611 -0.847 -0.447 -0.447 -0.44365034 -0.468 -0.60999731 -0.61 -0.61 -0.455 -0.382 -0.382 -0.556 -0.556 -0.50116501 -0.588 -1.096 -0.611 -1.343 -1.328 -0.999 -1.046 -0.97123174 -0.60199999 -0.63175449 -0.683 -0.995 -0.995 -1.723 -1.723 -1.723 -1.199 -1.199 -0.591 -0.591 -0.59099995
-0.826 -0.826 -0.332 -0.89 -1.014 -0.45 -0.853 -1.0650779 -1.172 -1.118 -1.259 -1.07 -0.21114607 -1.053 -1.053 -1.0530191 -1.219 -1.1994757 -0.847 -1.147 -1.147 -0.682 -0.682 -0.61 -0.61 -0.61 -0.382 -0.382 -0.382 -0.977 -0.977 -0.97699936 -0.948 -0.948 -1.143 -1.468 -0.926 -1.7229909 -1.262 -0.97 -0.97 -0.40300092 -0.683 -0.995 -1.0110002 -1.325 -0.92345833 -0.92 -0.736 -0.736 -0.591 -0.591 -0.591
-0.826 -0.61283668 -0.5701185 -0.94399688 -0.364 -1.102 -0.853 -1.065 -1.1719991 -1.1185983 -1.0700001 -1.07 -0.865 -1.053 -1.053 -1.219 -1.219 -1.2189788 -0.847 -1.147 -1.0556835 -0.682 -0.682 -0.61000363 -0.61 -0.70467123 -0.898 -0.898 -0.89799994 -0.977 -0.977 -1.13 -1.13 -0.94800053 -1.143 -1.2560001 -0.88318577 -1.723 -1.723 -0.96999998 -0.403 -0.403 -0.40300444 -1.011 -1.011 -1.325 -0.92 -0.92 -0.736 -0.736 -0.591 -0.591 -0.591
-1.328 -0.76143953 -0.79000309 -0.7911079 -0.36400385 -1.1019826 -0.85300001 -1.0623904 -1.1646266 -1.1705899 -0.865 -0.865 -0.865 -0.865 -1.0529734 -1.219 -1.219 -1.2141969 -0.847 -1.1470849 -1.447 -1.447 -1.447 -1.447 -0.6243998 -0.898 -0.898 -0.898 -0.898 -0.89814123 -1.13 -1.13 -1.13 -1.13 -1.256 -1.256 -1.256 -1.6992415 -1.7202511 -1.357 -1.357 -0.40305131 -1.1039968 -1.011009 -1.011 -1.325 -0.92 -0.92 -0.736 -0.736 -0.59152604 -0.591 -0.35862655
-1.328 -0.79 -0.79 -0.79 -0.79 -0.79000013 -0.85363728 -0.95332441 -1.1449551 -0.86532931 -0.865 -0.865 -0.865 -0.865 -0.86500019 -1.219 -1.2189999 -1.1934833 -0.84700713 -1.447 -1.447 -1.447 -1.447 -1.447 -1.4413127 -1.1272608 -1.2419999 -1.242 -1.242 -1.242 -1.13 -1.13 -1.1299999 -1.051 -1.051 -1.256 -1.0848943 -1.08 -1.3569998 -1.357 -1.357 -1.357 -1.104 -1.104 -1.104 -1.105538 -0.96777181 -0.968 -0.968 -0.968 -0.968 -0.54400001 -0.544
-1.101 -0.79 -0.79 -0.79 -0.79 -0.79 -0.79000001 -0.92248976 -1.1180219 -1.118 -1.118 -1.118 -1.118 -1.118 -1.118 -0.92990217 -1.2143171 -1.1680607 -1.4469247 -1.447 -1.447 -1.447 -1.447 -1.4469995 -1.184 -1.184 -1.1840001 -1.242 -1.242 -1.2419099 -1.197 -1.197 -1.051 -1.051 -1.051 -1.0753544 -1.08 -1.08 -1.08 -1.357 -1.357 -1.357 -1.104 -1.104 -1.104 -1.104 -0.968 -0.968 -0.968 -0.968 -0.968 -0.544 -0.544
-1.101 -0.98521823 -0.79 -0.79 -0.79 -0.79 -0.97096448 -0.971 -0.971 -1.118 -1.118 -1.118 -1.118 -1.118 -1.0756435 -0.926 -0.926 -0.926 -1.0462239 -1.0450004 -1.045 -1.045 -1.045 -1.045 -1.184 -1.184 -1.184 -1.184 -1.242 -1.197 -1.197 -1.197 -1.051 -1.051 -1.051 -0.748 -1.0795604 -1.08 -1.08 -1.3568492 -1.0560343 -0.35400671 -1.104 -1.104 -0.70922208 -0.708 -0.708 -0.96713365 -0.44284163 -0.44100005 -0.4410001 -0.066072444 -0.54399903
-1.101 -0.99492737 -0.8922213 -0.79 -0.79 -0.97089306 -0.971 -0.971 -0.971 -0.97205932 -1.118 -1.118 -1.118 -1.118 -0.926 -0.926 -0.926 -0.926 -1.0448937 -1.045 -1.045 -1.045 -1.045 -1.045 -1.184 -1.184 -1.184 -1.184 -1.1840473 -1.197 -1.197 -1.197 -1.061 -1.0509694 -0.748 -0.748 -0.748 -0.74266034 -0.39714699 -0.351 -0.351 -0.351 -0.739 -0.739 -0.708 -0.708 -0.708 -0.441 -0.441 -0.441 -0.441 -0.066 -0.066
-0.99200993 -0.992 -0.992 -0.992 -0.851 -0.9709969 -0.971 -0.971 -0.971 -0.971 -1.0911992 -1.1179954 -1.118 -0.926 -0.926 -0.926 -0.926 -0.926 -0.92933174 -1.045 -1.045 -1.045 -1.045 -1.045 -1.107798 -1.1030004 -1.103 -1.103 -1.103 -1.197 -1.061 -1.061 -1.061 -1.061 -0.748 -0.74798715 -0.26 -0.26 -0.34986373 -0.351 -0.351 -0.351 -0.739 -0.739 -0.71279987 -0.708 -0.708 -0.441 -0.441 -0.441 -0.43697902 -0.066 -0.066
-0.992 -0.992 -0.992 -0.925601 -0.851 -0.851 -0.971 -0.971 -0.971 -0.971 -0.764 -0.764 -0.764 -0.926 -0.926 -0.926 -0.926 -0.92591853 -0.831 -0.831 -1.0449999 -1.045 -1.0494553 -1.228 -1.2268747 -1.103 -1.103 -1.103 -1.103 -1.0610043 -1.061 -1.061 -1.061 -1.061 -0.26000172 -0.26 -0.26 -0.26 -0.26031856 -0.351 -0.351 -0.351 -0.739 -0.739 -0.739 -0.708 -0.708 -0.441 -0.441 -0.441 -0.066 -0.066 -0.066
-0.992 -0.992 -0.992 -0.851 -0.851 -0.851 -0.85100018 -0.971 -0.971 -0.76421368 -0.764 -0.764 -0.764 -0.76410093 -0.52695475 -0.433 -0.433 -0.433 -0.831 -0.831 -0.831 -1.228 -1.228 -1.228 -1.2277498 -0.70016533 -1.103 -1.103 -1.103 -0.69271921 -0.60704465 -0.607 -0.607 -0.607 -0.24966107 -0.23400006 -0.234 -0.234 -0.234 -0.2260171 -0.226 -0.226 -0.739 -0.739 -0.62700047 -0.62699994 -0.444 -0.444 -0.2 -0.2 -0.2 -0.066 0.080868564
-0.99199768 -0.992 -0.99199999 -0.851 -0.851 -0.851 -0.851 -0.53900013 -0.9692727 -0.76375336 -0.764 -0.764 -0.764 -0.76335049 -0.433 -0.433 -0.433 -0.43300011 -0.831 -0.831 -0.831 -1.228 -1.228 -1.228 -0.335 -0.335 -0.442 -0.442 -0.442 -0.44290013 -0.607 -0.607 -0.607 -0.607 -0.42060243 -0.234 -0.234 -0.234 -0.234 -0.226 -0.226 -0.226 -0.23861699 -0.627 -0.627 -0.627 -0.444 -0.444 -0.2 -0.2 -0.2 0.080999991 0.081
-0.243 -0.59590809 -0.749 -0.74902959 -0.851 -0.54080522 -0.539 -0.539 -0.52624675 -0.492 -0.492 -0.492 -0.492 0.019983332 0.019999998 -0.43299965 -0.433 -0.44348671 -0.831 -0.831 -0.831 -0.103 -0.103 -0.103 -0.335 -0.335 -0.442 -0.442 -0.442 -0.44199977 -0.12600306 -0.12600135 -0.59491079 -0.60648433 -0.32831564 -0.328 -0.328 -0.328 -0.328 -0.226 -0.226 -0.226 -0.60491962 -0.627 -0.627 -0.62699996 -0.444 -0.444 -0.44399122 -0.2 -0.20001766 -0.595 0.081
-0.58493505 -0.58500003 -0.749 -0.749 -0.749 -0.539 -0.539 -0.539 -0.504 -0.504 -0.492 -0.492 -0.492 0.02 0.02 0.02 0.02 0.019903838 -0.831 -0.831 -0.83099997 -0.103 -0.103 -0.103 -0.335 -0.335 -0.442 -0.442 -0.442 -0.12956292 -0.126 -0.126 -0.126 -0.126 -0.32790033 -0.328 -0.328 -0.328 -0.328 -0.12300003 -0.123 -0.123 -0.123 -0.6269983 -0.405 -0.405 -0.405 -0.554 -0.554 -0.554 -0.595 -0.595 -0.595
-0.585 -0.585 -0.749 -0.749 -0.749 -0.5401038 -0.539 -0.504 -0.504 -0.504 -0.49200148 -0.492 -0.30242706 0.019999936 0.02 0.02 0.02 -0.03 -0.03 -0.03 -0.189 -0.18899994 -0.10300042 -0.103 -0.10317897 -0.295 -0.295 -0.29500035 -0.44197624 0.13694759 0.1369986 0.13695408 -0.12555051 -0.12577303 -0.29185129 -0.3279998 -0.32628417 0.184 0.184 -0.123 -0.123 -0.123 -0.123 -0.405 -0.405 -0.405 -0.405 -0.554 -0.554 -0.554 -0.595 -0.595 -0.595
-0.585 -0.585 -0.749 -0.749 -0.749 -0.749 -0.52590052 -0.504 -0.504 -0.504 -0.50386522 -0.26 -0.26 -0.26 0.018349896 0.02 -0.029666812 -0.03 -0.03 -0.03 -0.189 -0.189 -0.189 -0.189 -0.295 -0.295 -0.295 -0.295 -0.295 0.137 0.137 0.137 0.137 0.13700033 0.295 0.184 0.184 0.184 0.184 0.18399913 -0.042 -0.042 -0.042 -0.21219054 -0.565 -0.565 -0.565 -0.554 -0.55399986 -0.411 -0.411 -0.36105693 -0.361
-0.585 -0.585 -0.68980752 -0.749 -0.749 -0.74899999 -0.48902662 -0.50395273 -0.504 -0.504 -0.25999999 -0.26 -0.26 -0.26 -0.26 -0.23701509 -0.03 -0.03 -0.03 -0.03 -0.18899877 -0.189 -0.189 -0.189 -0.295 -0.295 -0.295 -0.295 -0.295 0.11852609 0.137 0.137 0.137 0.295 0.295 0.29491381 0.184 0.184 0.42318087 0.60899996 -0.042 -0.042 -0.042 -0.2073999 -0.565 -0.565 -0.565 0.376 -0.40119406 -0.411 -0.411 -0.361 -0.361
-0.303 -0.303 -0.303 -0.63717554 -0.74832396 -0.489 -0.489 -0.489 -0.489 -0.201 -0.201 -0.26 -0.26 -0.26 -0.26 -0.25998541 -0.03 -0.03 -0.03 -0.03 -0.11961756 -0.189 -0.189 -0.18329485 0.014572645 -0.295 -0.295 -0.295 0.112 0.112 0.112 0.1120001 0.295 0.295 0.295 0.295 0.609 0.609 0.609 0.609 0.1 0.1 0.1 0.17699845 0.177 0.177 0.17699977 0.376 0.376 -0.41004108 -0.411 -0.36099565 -0.361
-0.303 -0.303 -0.303 -0.30299908 -0.286 -0.31551954 -0.489 -0.489 -0.489 -0.201 -0.201 -0.201 0.016999988 0.017 0.017 0.016999987 -0.030675943 -0.03 -0.03 -0.03 -0.032399104 0.028999402 0.029 0.029 0.029 0.028999996 0.014999998 0.015 0.112 0.112 0.112 0.112 0.29500031 0.295 0.295 0.29503486 0.60899999 0.609 0.609 0.60700838 0.1 0.1 0.1 0.17699643 0.177 0.177 0.177 0.376 0.376 0.37600002 0.502 0.502 0.432
-0.303 -0.303 -0.303 -0.28600004 -0.286 -0.286 -0.48899992 -0.489 -0.489 -0.201 -0.201 -0.201 0.017 0.017 0.017 -0.014682373 -0.399 -0.399 -0.39899905 -0.032084208 0.029 0.029 0.029 0.029 0.029 0.028989464 0.015 0.015 0.015 0.112 0.112 0.11181141 0.723 0.723 0.723 -0.031999997 -0.031999999 0.155 0.155 0.155 0.054 0.099985571 0.10000104 0.24 0.24 0.23761237 0.1770005 0.376 0.376 0.502 0.502 0.502 0.432
-0.303 -0.303 -0.303 -0.286 -0.286 -0.286 -0.286 -0.489 -0.489 -0.201 -0.201 0.0082831442 0.017 0.017 0.017 -0.399 -0.399 -0.399 -0.399 -0.399 0.029 0.029 0.029 0.029 0.029 0.015000048 0.015 0.015 0.015 -0.181 -0.181 -0.181 0.723 0.723 0.723 -0.032 -0.032 0.155 0.155 0.054 0.054 0.054 0.24 0.24 0.24 0.24 0.25905818 0.472 0.472 0.472 0.502 0.581 0.581
-0.303 -0.303 -0.30297633 -0.286 -0.286 -0.286 -0.286 -0.16033445 -0.154 -0.15408069 -0.201 0.016984589 0.017 0.017 0.016998561 -0.399 -0.399 -0.399 -0.399 -0.399 -0.049666379 0.029 0.029 0.029 0.029059318 0.015016992 0.015 0.015 0.015 -0.181 -0.181 -0.181 -0.18086694 0.723 -0.032 -0.032 -0.032 -0.031992133 0.15499311 0.054 0.054 0.054 0.23998871 0.24 0.24 0.24 0.47200084 0.472 0.472 0.472 0.581 0.581 0.581
-0.602 -0.60199948 -0.2860201 -0.286 -0.286 -0.286 -0.15402809 -0.154 -0.154 -0.154 -0.167 -0.167 -0.167 -0.167 -0.3979292 -0.399 -0.399 -0.399 -0.399 -0.053000206 -0.053 -0.053 0.31699995 0.317 0.317 0.317 0.29093352 0.015 0.13299517 0.133 0.133 0.133 0.133 0.206 0.206 0.206 0.206 0.206 0.522 0.522 0.522 0.522 0.522 0.55752064 0.558 0.558 0.558 0.472 0.472 0.472 0.58098283 0.581 0.581
-0.602 -0.602 -0.59712712 -0.020000535 -0.020000059 -0.020130816 -0.154 -0.154 -0.154 -0.154 -0.167 -0.167 -0.167 -0.167 -0.167 -0.399 -0.399 -0.399 -0.053000087 -0.053 -0.053 -0.053 0.317 0.317 0.317 0.317 0.317 0.31693591 0.13298842 0.133 0.133 0.133 0.13299535 0.17311971 0.20596595 0.206 0.206 0.206 0.522 0.522 0.522 0.522 0.522 0.558 0.558 0.558 0.558 0.51778472 0.472 0.084373517 0.08 0.122 0.122
-0.602 -0.602 -0.020073721 -0.02 -0.02 -0.02 -0.054035435 -0.154 -0.154 -0.154 -0.167 -0.167 -0.167 -0.167 -0.167 -0.39882352 -0.399 -0.053101445 -0.053 -0.053 -0.053 -0.053 0.1799311 0.317 0.317 0.317 0.317 0.31684837 0.103 0.103 0.103 0.103 0.103 0.148 0.148 0.148 0.148 0.148 0.455 0.455 0.455 0.455 0.455 0.55782664 0.55799996 0.558 0.55798796 0.55648303 0.08 0.08 0.08 0.12199976 0.122
-0.60199986 -0.5294427 -0.020000071 -0.02 -0.02 -0.02 -0.02 -0.15394294 -0.154 -0.154 -0.167 -0.167 -0.167 -0.167 -0.38602466 -0.391 -0.391 -0.053008699 -0.053 -0.053 -0.053 -0.053 -0.053000005 0.317 0.317 0.317 0.317 -0.071999823 -0.071999919 -0.034755747 0.103 0.103 0.103 0.148 0.148 0.148 0.148 0.14791398 0.455 0.455 0.455 0.455 0.45498966 0.487 0.487 0.487 0.487 0.48696718 0.08 0.08 0.08 0.080000076 0.20377762
-0.528 -0.528 -0.4033049 -0.02 -0.02 -0.02 -0.02 -0.02 -0.15394285 -0.15 -0.15 -0.15 -0.15004034 -0.39099968 -0.391 -0.391 -0.391 -0.391 -0.053001475 -0.065616417 -0.176 -0.176 -0.176 -0.052476694 0.281784 0.09334983 -0.065622458 -0.072 -0.072 -0.072 -0.072 -0.072 -0.062202451 0.023312034 0.021 0.021 0.021 0.021 0.4296397 0.32000024 0.32 0.32 0.32 0.15200098 0.48699991 0.487 0.487 0.038 0.079999327 0.08 0.08 0.205 0.205
-0.528 -0.528 -0.32 -0.32 -0.32 -0.020099932 -0.02 -0.02 -0.15 -0.15 -0.15 -0.15 -0.15 -0.39099999 -0.391 -0.391 -0.391 -0.391 -0.176 -0.176 -0.176 -0.176 -0.176 -0.123 -0.123 -0.123 -0.123 -0.072 -0.072 -0.072 -0.072 -0.072 0.227 0.227 0.021000001 0.021 0.021 0.28095572 0.281 0.32 0.32 0.32 0.31999999 0.152 0.152 0.152 0.038 0.038 0.038 -0.023 -0.023 0.205 0.205
-0.528 -0.528 -0.32 -0.32 -0.32 -0.32 -0.31999884 -0.109 -0.1499614 -0.15 -0.15 -0.15 -0.15 -0.38799374 -0.391 -0.391 -0.391 -0.391 -0.176 -0.176 -0.176 -0.176 -0.176 -0.123 -0.123 -0.123 -0.123 -0.12299978 -0.072 -0.072 -0.072 0.22698432 0.227 0.227 0.227 0.021 0.281 0.281 0.281 0.28202616 0.25424534 0.242 0.242 0.152 0.152 0.152 0.038 0.038 0.038 -0.023 -0.023 -0.023 0.30734595
-0.556 -0.55599978 -0.32 -0.32 -0.32 -0.32 -0.109 -0.109 -0.109 -0.15 -0.15 -0.15 -0.15 -0.15007492 -0.391 -0.391 -0.391 -0.391 -0.17600381 -0.176 -0.176 -0.176 -0.132338 -0.123 -0.123 -0.123 -0.123 0.080999833 0.081 0.080999998 -0.070346726 0.227 0.227 0.227 0.22699997 0.196 0.281 0.281 0.281 0.281 0.242 0.242 0.242 0.168 0.168 0.168 -0.017994546 0.038 0.038 -0.022999999 -0.023 -0.023 0.31800115
-0.556 -0.556 -0.32 -0.32 -0.32 -0.109 -0.109 -0.109 -0.109 -0.14549044 -0.15 -0.15 -0.15 -0.15000004 -0.14802797 -0.148 -0.148 -0.148 -0.25946802 -0.218 -0.218 -0.218 -0.218 -0.123 -0.123 -0.123 -0.12298654 0.081 0.081 0.081 0.081 0.22700603 0.2095634 0.196 0.196 0.196 0.28033524 0.10300371 0.103 0.103 0.24211828 0.393 0.393 0.168 0.168 0.16799921 -0.018 -0.018 0.191 0.191 0.191 0.622 0.731
-0.556 -0.556 0.185 0.185 0.185 -0.109 -0.109 -0.109 -0.109 0.36 0.36 0.36 0.36 0.32420005 -0.148 -0.148 -0.148 -0.148 -0.261 -0.218 -0.218 -0.218 -0.218 0.187 0.18699988 -0.12299954 0.081 0.081 0.081 0.081 0.1832676 0.283 0.20635181 0.196 0.196 0.196 0.103 0.103 0.103 0.103 0.393 0.393 0.393 0.48597067 0.486 -0.015734555 -0.018 -0.018 0.19100098 0.191 0.622 0.622 0.731
