interpolatedSpi/01-10|23_2.tif
NCOLS 53
NROWS 52
XLLCORNER -116.03883
YLLCORNER 28.596182
DX 0.49850594
DY 0.49788537
NODATA_VALUE -9999
[rows 0 to 38 of 52, columns 0 to 52 of 53]
-0.259 -0.259 -0.55181795 -0.489 -0.2 -0.303 -0.305 -0.128 -0.78956582 -0.614 -0.312 -0.453 -0.74097209 -0.402 -0.305 -0.305 -0.305 -0.684 -0.664 -0.664 -0.664 -0.66399689 -0.34100001 -0.877 -0.877 -0.877 -0.84800159 -0.848 -0.848 -1.341 -1.341 -1.341 -1.341 -1.6339999 -1.634 -1.634 -1.634 -1.634 -1.634 -1.634 0.12901038 0.14765684 -1.199 -1.199 -1.199 -1.199 -1.1982781 -0.757 -0.757 -0.757 -0.12100132 -0.121 -0.121
-0.25902222 -0.759 -0.4090001 -0.39296168 -0.44793608 -0.512 -0.67 -0.67479331 -0.801 -0.676 -0.574 -0.741 -0.741 -0.77176291 -0.40200362 -0.305 -0.684 -0.684 -0.66402608 -0.664 -0.664 -0.664 -0.88742214 -0.877 -0.877 -0.877 -0.848 -0.848 -1.341 -1.341 -1.341 -1.341 -1.341 -1.634 -1.634 -1.634 -1.634 -1.634 -1.634 -1.4453553 -0.46808009 -1.1102993 -1.199 -1.199 -1.199 -1.199 -1.199 -0.757 -0.757 -0.757 -0.70426227 -0.121 -0.121
0.22097174 0.221 -0.499 -0.375 -0.599 -0.122 -0.552 -0.122 -0.83 -0.876 -0.798 -0.734 -1.036 -0.786 -0.773 -1.483 -0.684 -0.684 -0.684 -0.50404651 -0.504 -0.504 -1.075 -0.877 -0.877 -0.877 -0.848 -0.848 -0.848 -1.341 -1.341 -1.341 -1.3443698 -1.6324069 -1.6277265 -0.96617618 -0.96 -0.96 -0.89811937 -0.468 -0.468 -0.46893477 -1.199 -1.199 -1.199 -1.199 -1.199 -0.757 -0.757 -0.757 -0.757 -0.121 -0.121
0.352 0.22099987 -0.406142 -0.231 -0.988 -0.68 -0.629 -0.968 -0.656 -0.81365422 -0.998 -1.044 -1.027 -0.786 -1.197 -1.483 -0.93919272 -0.93482413 -0.825 -0.504 -0.504 -1.012 -1.075 -1.075 -0.877 -0.87699986 -0.848 -0.848 -0.848 -1.05 -1.213506 -1.348 -1.348 -1.3479997 -0.96 -0.96 -0.96 -0.96 -0.468 -0.468 -0.468 -0.46800003 -1.199 -1.199 -1.199 -1.199 -1.199 -0.75700558 -0.757 -0.757 -0.757 -0.12104253 -0.121
0.352 -0.12700051 -0.406 -0.97136389 -0.988 -1.12 -1.0960252 -1.455 -1.499 -1.0200002 -1.1289653 -1.1749172 -0.597 -1.197 -1.197 -1.3797523 -0.935 -0.935 -0.825 -0.825 -0.50400101 -1.012 -0.844 -0.339 -0.744 -0.74394904 -0.848 -0.848 -1.05 -1.05 -1.348 -1.348 -1.348 -1.2882222 -0.96 -0.96 -0.96 -0.468 -0.468 -0.468 -0.468 -0.46804643 -1.199 -1.199 -1.199 -1.199 -1.199 -1.1950657 -0.757 -0.75702986 -1.423 -1.423 -1.423
-1.284 -0.616 -0.51399998 -0.628 -0.693 -1.072 -1.422 -1.4262249 -1.256 -1.483 -1.449 -1.172 -1.1719996 -1.07 -1.07 -0.64895195 -0.649 -0.895 -0.895 -0.82499968 -1.021 -1.021 -0.339 -0.744 -0.744 -0.526 -1.151 -1.151 -0.76102697 -1.05 -1.348 -1.348 -1.031 -1.0309723 -0.76601898 -0.755 -0.755 -0.55679 -0.468 -0.468 -0.94840009 -0.949 -0.94899868 -0.88268418 -0.87703559 -0.87700009 -0.87700001 -0.87700013 -1.2915496 -1.423 -1.423 -1.423 -1.423
-0.31400372 -0.409 -0.33010296 -0.575 -0.551 -1.233 -0.969 -1.242 -1.612 -1.612 -1.449 -1.478 -1.3579999 -1.07 -0.45000186 -0.45 -0.649 -0.4 -0.463 -0.463 -0.84851705 -0.655 -0.655 -0.578 -0.526 -0.526 -1.151 -1.151 -0.76103159 -0.76158152 -0.68391445 -1.031 -1.031 -0.766 -0.766 -0.85630305 -0.755 -0.755 -1.0699891 -0.94900017 -0.949 -0.949 -0.94899313 -0.87700108 -0.877 -0.877 -0.877 -0.87700025 -1.288 -1.4229732 -1.423 -1.423 -1.423
-0.314 -0.877 -0.337 -0.992 -0.60402224 -0.997 -1.383 -1.491 -1.219 -1.513 -1.513 -0.995 -1.358 -1.358 -0.45622972 -0.6913506 -0.715 -0.375 -0.3680001 -0.463 -0.3591736 -0.282 -1.058 -0.197 -0.19701081 -1.035 -0.692 -0.69200016 -1.3011008 -1.303 -0.682 -0.88607111 -0.804 -0.766 -0.76973628 -0.941 -0.941 -1.07 -1.07 -0.949 -0.949 -0.94899999 -1.067941 -1.071 -0.877 -0.877 -0.877 -1.2879844 -1.288 -1.288 -1.423 -1.423 -1.423
-0.90567424 -0.87699999 -0.22 -0.912 -0.66 -1.329 -0.881 -0.572 -1.197 -0.63241417 -0.468 -1.106 -1.106 -0.585 -0.58499945 -0.79876588 -0.799 -0.799 -0.37393144 -1.216 -1.191 -1.191 -1.354 -1.1746487 -0.95055173 -1.035 -0.818 -0.692 -0.71586054 -0.716 -0.909 -0.947 -0.81202068 -1.08 -0.897 -1.028 -0.962 -0.831 -0.69006511 -0.94656724 -0.404 -0.596 -1.0709277 -1.071 -1.0699081 -0.877 -1.401 -1.288 -1.288 -1.288 -1.288 -1.3130599 -0.186
-1.066 -1.066 -0.217 -0.466 -1.021 -0.704 -0.661 -1.058 -0.683 -0.48903162 -0.884 -0.221 -0.585 -0.585 -0.526 -0.52974432 -0.799 -0.79889289 -0.305 -1.216 -1.216 -1.2127791 -1.354 -1.0750053 -1.075 -1.075 -0.818 -0.555 -0.555 -0.716 -0.716 -0.94649171 -0.679 -1.08 -0.874 -1.028 -0.962 -1.287 -0.69 -0.4224083 -0.59599999 -0.60738752 -0.627 -1.071 -1.071 -1.401 -1.401 -1.401 -1.288 -1.288 -0.54 -0.54 -0.53999987
-1.066 -1.066 -0.945 -1.104 -0.876 -0.417 -1.208 -0.50184338 -0.558 -0.614 -0.358 -0.183 -0.22094995 -0.526 -0.526 -0.52600162 -0.54 -0.5276661 -0.305 -0.447 -0.447 -0.46 -0.46 -1.075 -1.075 -1.075 -0.555 -0.555 -0.555 -0.758 -0.758 -0.75799987 -0.792 -0.792 -1.417 -1.137 -0.559 -0.82000408 -0.741 -0.418 -0.418 -0.81599938 -0.627 -1.071 -0.33300036 -0.627 -0.50089332 -0.497 -0.608 -0.608 -0.54 -0.54 -0.54
-1.066 -1.0137944 -1.012851 -1.1129875 -0.445 -0.748 -1.208 -0.501 -0.55799952 -0.61337959 -0.18300056 -0.183 0.005 -0.526 -0.526 -0.54 -0.54 -0.53998663 -0.305 -0.447 -0.44955294 -0.46 -0.46 -1.0749747 -1.075 -0.85245686 -0.398 -0.398 -0.39800002 -0.758 -0.758 -0.248 -0.248 -0.79200171 -1.417 -0.61300035 -0.6776619 -0.82 -0.82 -0.41800001 -0.816 -0.816 -0.81599648 -0.333 -0.333 -0.627 -0.497 -0.497 -0.608 -0.608 -0.54 -0.54 -0.54
-0.513 -0.53330388 -0.49602246 -0.50046086 -0.44500166 -0.74799285 -1.208 -0.50970276 -0.55407212 -0.55946231 0.005 0.005 0.005 0.005 -0.52592478 -0.54 -0.54 -0.53696578 -0.305 -0.44684346 0.091 0.091 0.091 0.091 -1.0547067 -0.398 -0.398 -0.398 -0.398 -0.39805483 -0.248 -0.248 -0.248 -0.248 -0.613 -0.613 -0.613 -0.81057794 -0.81759663 -0.5 -0.5 -0.815983 -0.41799709 -0.33300819 -0.333 -0.627 -0.497 -0.497 -0.608 -0.608 -0.5402467 -0.54 -0.85435278
-0.513 -0.496 -0.496 -0.496 -0.496 -0.4960001 -1.2068224 -0.87348128 -0.54359291 0.0043923546 0.005 0.005 0.005 0.005 0.0050003123 -0.54 -0.53999996 -0.5238806 -0.30500199 0.091 0.091 0.091 0.091 0.091 0.099817756 0.016985142 0.16299988 0.163 0.163 0.163 -0.24799999 -0.248 -0.24799932 0.317 0.317 -0.613 0.044201605 0.063 -0.49999967 -0.5 -0.5 -0.5 -0.418 -0.418 -0.418 -0.41945445 0.13086099 0.135 0.135 0.135 0.13499999 -0.36700004 -0.367
-0.68 -0.496 -0.496 -0.496 -0.496 -0.496 -0.49600004 -0.6089477 0.44177334 0.447 0.447 0.447 0.447 0.447 0.447 0.61343658 -0.52161807 -0.50782038 0.090950131 0.091 0.091 0.091 0.091 0.091000489 0.499 0.499 0.49899953 0.163 0.163 0.16403126 0.678 0.678 0.317 0.317 0.317 0.10368825 0.063 0.063 0.063 -0.5 -0.5 -0.5 -0.418 -0.418 -0.418 -0.418 0.135 0.135 0.135 0.135 0.135 -0.367 -0.367
-0.68 -0.61149889 -0.496 -0.496 -0.496 -0.496 0.47181001 0.472 0.472 0.447 0.447 0.447 0.447 0.447 0.48450319 0.617 0.617 0.617 0.50972132 0.51099957 0.511 0.511 0.511 0.511 0.499 0.499 0.499 0.499 0.163 0.678 0.678 0.678 0.31700003 0.317 0.317 0.554 0.063650099 0.063 0.063 -0.49995184 -0.40426537 -0.18095641 -0.418 -0.418 0.053540294 0.055 0.055 0.13494542 0.10211532 0.102 0.10200001 0.11592689 -0.36699902
-0.68 -0.015343394 -0.24348303 -0.496 -0.496 0.47142806 0.472 0.472 0.472 0.47181984 0.447 0.447 0.447 0.44700002 0.617 0.617 0.617 0.617 0.51109469 0.511 0.511 0.511 0.511 0.511 0.499 0.499 0.499 0.499 0.49965109 0.678 0.678 0.678 0.746 0.31703446 0.554 0.554 0.554 0.55318298 -0.16459562 -0.18 -0.18 -0.18 -0.193 -0.193 0.055 0.055 0.055 0.102 0.102 0.102 0.102 0.116 0.116
0.0026608704 0.003 0.003 0.0030000064 0.648 0.47200454 0.472 0.472 0.472 0.472 0.44018627 0.44699883 0.447 0.617 0.617 0.617 0.617 0.617 0.63230021 0.511 0.511 0.511 0.511 0.511 0.57943071 0.69899892 0.699 0.699 0.699 0.678 0.746 0.746 0.746 0.746 0.554 0.55399813 0.483 0.483 -0.17172146 -0.18 -0.18 -0.18 -0.193 -0.193 0.016601061 0.055 0.055 0.102 0.102 0.102 0.10215012 0.116 0.116
0.003 0.003 0.003 0.30674012 0.648 0.648 0.472 0.472 0.472 0.472 0.357 0.357 0.357 0.617 0.617 0.617 0.617 0.6170395 0.991 0.991 0.51100019 0.511 0.51815766 0.805 0.80404573 0.699 0.699 0.699 0.699 0.74599521 0.746 0.746 0.746 0.746 0.48300025 0.483 0.483 0.483 0.48065373 -0.18 -0.18 -0.18 -0.193 -0.193 -0.193 0.055 0.055 0.102 0.102 0.102 0.116 0.116 0.116
0.003 0.003 0.003 0.648 0.648 0.648 0.64799973 0.472 0.472 0.35711871 0.357 0.357 0.357 0.357162 0.81045196 0.856 0.856 0.856 0.991 0.991 0.991 0.805 0.805 0.805 0.80497787 0.71316216 0.699 0.699 0.699 0.6400406 0.61701269 0.617 0.617 0.617 0.37895394 0.23200057 0.232 0.232 0.232 0.047968803 0.048 0.048 -0.193 -0.193 0.16399851 0.16399999 0.141 0.141 0.278 0.278 0.278 0.116 0.15096871
0.003000959 0.003 0.0030000233 0.648 0.648 0.648 0.648 0.52799998 0.47222391 0.35706892 0.357 0.357 0.357 0.35797918 0.856 0.856 0.856 0.85600004 0.991 0.991 0.991 0.805 0.805 0.805 0.726 0.726 0.937 0.937 0.937 0.9352543 0.617 0.617 0.617 0.617 0.42460571 0.232 0.232 0.232 0.232 0.048 0.048 0.048 0.051649804 0.164 0.164 0.164 0.141 0.141 0.278 0.278 0.278 0.151 0.151
0.312 0.17412817 0.3 0.30010096 0.648 0.52869432 0.528 0.528 0.61362898 0.43300001 0.433 0.433 0.433 1.1169777 1.117 0.8560002 0.856 0.85955705 0.991 0.991 0.991 0.767 0.767 0.767 0.726 0.726 0.937 0.937 0.937 0.93699996 0.8839983 0.88399925 0.62371064 0.61728624 0.29037357 0.29 0.29 0.29 0.29 0.048 0.048 0.048 0.15761284 0.164 0.164 0.16399995 0.141 0.141 0.14100493 0.278 0.27798417 -0.076 0.151
0.42197911 0.42199998 0.3 0.3 0.3 0.528 0.528 0.528 0.763 0.763 0.433 0.433 0.433 1.117 1.117 1.117 1.117 1.116985 0.991 0.991 0.99099999 0.767 0.767 0.767 0.726 0.726 0.937 0.937 0.937 0.88459758 0.884 0.884 0.884 0.884 0.2902931 0.29 0.29 0.29 0.29 0.29499994 0.295 0.295 0.295 0.16399769 -0.137 -0.137 -0.137 -0.313 -0.313 -0.313 -0.076 -0.076 -0.076
0.422 0.422 0.3 0.3 0.3 0.52680159 0.528 0.763 0.763 0.763 0.43304062 0.433 0.72879915 1.1169999 1.117 1.117 1.117 0.785 0.785 0.785 0.753 0.75300001 0.76699993 0.767 0.76704244 0.858 0.858 0.85800019 0.93698723 0.69703727 0.697001 0.69703265 0.8836804 0.88383862 0.39567115 0.28999993 0.28942359 0.118 0.118 0.295 0.295 0.295 0.295 -0.137 -0.137 -0.137 -0.137 -0.313 -0.313 -0.313 -0.076 -0.076 -0.076
0.422 0.422 0.3 0.3 0.3 0.3 0.61595364 0.763 0.763 0.763 0.76301768 0.795 0.795 0.795 1.1151024 1.117 0.78721237 0.785 0.785 0.785 0.753 0.753 0.753 0.753 0.858 0.858 0.858 0.858 0.858 0.697 0.697 0.697 0.697 0.69699901 0.228 0.118 0.118 0.118 0.118 0.11799944 -0.087 -0.087 -0.087 -0.11108049 -0.161 -0.161 -0.161 -0.313 -0.31300023 -0.553 -0.553 -0.01501484 -0.015
0.422 0.422 0.34403343 0.3 0.3 0.30000001 0.79893612 0.76311345 0.763 0.763 0.79499999 0.795 0.795 0.795 0.795 0.82139182 0.785 0.785 0.785 0.785 0.75300025 0.753 0.753 0.753 0.858 0.858 0.858 0.858 0.858 0.49304803 0.697 0.697 0.697 0.228 0.228 0.22791458 0.118 0.118 -0.1988443 -0.44499995 -0.087 -0.087 -0.087 -0.11132629 -0.161 -0.161 -0.161 -0.396 -0.5510438 -0.553 -0.553 -0.015 -0.015
0.842 0.842 0.842 0.4358943 0.30062351 0.799 0.799 0.799 0.799 0.731 0.731 0.795 0.795 0.795 0.795 0.79499934 0.785 0.785 0.785 0.785 0.76696376 0.753 0.753 0.75611428 0.87137659 0.858 0.858 0.858 0.421 0.421 0.421 0.42100116 0.228 0.228 0.228 0.228 -0.445 -0.445 -0.445 -0.445 -0.19 -0.19 -0.19 -0.31699745 -0.317 -0.317 -0.31699995 -0.396 -0.396 -0.5528087 -0.553 -0.015001477 -0.015
0.842 0.842 0.842 0.84199359 0.723 0.73405165 0.799 0.799 0.799 0.731 0.731 0.731 0.18100003 0.181 0.181 0.18100001 0.78377451 0.785 0.785 0.785 0.78452126 0.87199967 0.872 0.872 0.872 0.87199999 0.442 0.442 0.421 0.421 0.421 0.421 0.22799996 0.228 0.228 0.22799503 -0.445 -0.445 -0.445 -0.44467976 -0.19 -0.19 -0.19 -0.31699411 -0.317 -0.317 -0.317 -0.396 -0.396 -0.39599999 -0.308 -0.308 -0.099
0.842 0.842 0.842 0.72300027 0.723 0.723 0.79899997 0.799 0.799 0.731 0.731 0.731 0.181 0.181 0.181 0.17604963 0.116 0.116 0.11600173 0.78122131 0.872 0.872 0.872 0.872 0.872 0.8716764 0.442 0.442 0.442 0.421 0.421 0.42083458 0.167 0.167 0.167 -0.383 -0.383 -0.372 -0.372 -0.372 -0.267 -0.19002415 -0.19000064 -0.276 -0.276 -0.27755385 -0.31700003 -0.396 -0.396 -0.308 -0.308 -0.308 -0.099
0.842 0.842 0.842 0.723 0.723 0.723 0.723 0.799 0.799 0.731 0.731 0.20299207 0.181 0.181 0.181 0.116 0.116 0.116 0.116 0.116 0.872 0.872 0.872 0.872 0.872 0.44200147 0.442 0.442 0.442 0.164 0.164 0.164 0.167 0.167 0.167 -0.383 -0.383 -0.372 -0.372 -0.267 -0.267 -0.267 -0.276 -0.276 -0.276 -0.276 -0.28733633 -0.414 -0.414 -0.414 -0.308 -0.254 -0.254
0.842 0.842 0.84183429 0.723 0.723 0.723 0.723 0.60685456 0.601 0.60122319 0.73099998 0.18100469 0.181 0.181 0.18099978 0.116 0.116 0.116 0.116 0.116 -0.14361765 0.872 0.872 0.872 0.87190752 0.44199893 0.442 0.442 0.442 0.164 0.164 0.164 0.16399973 0.167 -0.383 -0.383 -0.383 -0.38299962 -0.37199284 -0.267 -0.267 -0.267 -0.27599945 -0.276 -0.276 -0.276 -0.41400141 -0.414 -0.414 -0.414 -0.254 -0.254 -0.254
0.903 0.90299989 0.72306894 0.723 0.723 0.723 0.60102596 0.601 0.601 0.601 0.23700001 0.237 0.237 0.237 0.11655845 0.116 0.116 0.116 0.116 -0.18699982 -0.187 -0.187 0.42300007 0.423 0.423 0.423 0.42463994 0.442 0.078014908 0.078 0.078 0.078 0.078 -0.485 -0.485 -0.485 -0.485 -0.485 -0.414 -0.414 -0.414 -0.414 -0.414 -0.55557792 -0.556 -0.556 -0.556 -0.414 -0.414 -0.414 -0.25402521 -0.254 -0.254
0.903 0.903 0.90162686 0.73899997 0.739 0.73886546 0.601 0.601 0.601 0.601 0.237 0.237 0.237 0.237 0.237 0.116 0.116 0.116 -0.18699992 -0.187 -0.187 -0.187 0.423 0.423 0.423 0.423 0.423 0.42300368 0.078088045 0.078000001 0.078 0.078 0.07803537 -0.30302458 -0.48481157 -0.485 -0.485 -0.485 -0.414 -0.414 -0.414 -0.414 -0.414 -0.556 -0.556 -0.556 -0.556 -0.48959803 -0.414 0.07251079 0.078 0.102 0.102
0.903 0.903 0.73902077 0.739 0.739 0.739 0.70394858 0.601 0.601 0.601 0.237 0.237 0.237 0.237 0.237 0.11608875 0.116 -0.18691116 -0.187 -0.187 -0.187 -0.187 0.19702155 0.423 0.423 0.423 0.423 0.42291721 0.306 0.306 0.306 0.306 0.306 -0.164 -0.164 -0.164 -0.164 -0.164 -0.569 -0.569 -0.569 -0.569 -0.569 -0.55430548 -0.55599965 -0.556 -0.55588236 -0.54175368 0.078 0.078 0.078 0.10199987 0.102
0.90299936 0.56374561 0.73899997 0.739 0.739 0.739 0.739 0.60105876 0.601 0.601 0.237 0.237 0.237 0.237 -0.23136076 -0.242 -0.242 -0.18700142 -0.187 -0.187 -0.187 -0.187 -0.18699996 0.423 0.423 0.423 0.423 0.48399983 0.48399992 0.44611727 0.306 0.306 0.306 -0.164 -0.164 -0.164 -0.164 -0.16383203 -0.569 -0.569 -0.569 -0.569 -0.56895342 0.138 0.138 0.138 0.138 0.13799516 0.078 0.078 0.078 0.078000105 0.24782034
0.557 0.557 0.55478084 0.739 0.739 0.739 0.739 0.739 0.60105756 0.072000008 0.072 0.072 0.072391579 -0.24199931 -0.242 -0.242 -0.242 -0.242 -0.18699996 -0.18669228 -0.184 -0.184 -0.184 -0.032182607 0.37465803 0.11598931 -0.10189633 0.484 0.484 0.484 0.484 0.484 0.47505089 0.086053868 0.084 0.084 0.084 0.084 -0.45478487 0.038998908 0.039 0.039 0.039 0.26999961 0.13800003 0.138 0.138 0.552 0.078007593 0.078 0.078 0.25 0.25
0.557 0.557 0.315 0.315 0.315 0.73885876 0.739 0.739 0.072 0.072 0.072 0.072 0.072 -0.24199999 -0.242 -0.242 -0.242 -0.242 -0.184 -0.184 -0.184 -0.184 -0.184 -0.181 -0.181 -0.181 -0.181 0.484 0.484 0.484 0.484 0.484 0.267 0.267 0.084000001 0.084 0.084 0.30996151 0.31 0.039 0.039 0.039 0.039000041 0.27 0.27 0.27 0.552 0.552 0.552 0.488 0.488 0.25 0.25
0.557 0.557 0.315 0.315 0.315 0.315 0.31499847 0.036 0.071966105 0.072 0.072 0.072 0.072 -0.23808314 -0.242 -0.242 -0.242 -0.242 -0.184 -0.184 -0.184 -0.184 -0.184 -0.181 -0.181 -0.181 -0.181 -0.18099731 0.484 0.484 0.484 0.26701138 0.267 0.267 0.267 0.084 0.31 0.31 0.31 0.30286948 0.26492627 0.307 0.307 0.27 0.27 0.27 0.552 0.552 0.552 0.488 0.488 0.488 0.38404602
0.512 0.51200035 0.315 0.315 0.315 0.315 0.036 0.036 0.036 0.072 0.072 0.072 0.072 0.071902387 -0.242 -0.242 -0.242 -0.242 -0.18400124 -0.184 -0.184 -0.18400001 -0.18154202 -0.181 -0.181 -0.181 -0.181 -0.19299999 -0.193 -0.19299999 0.47672586 0.267 0.267 0.267 0.26699972 -0.030999996 0.31 0.31 0.31 0.31 0.307 0.307 0.307 0.33 0.33 0.33 0.37101763 0.552 0.552 0.488 0.488 0.488 0.39799908
