interpolatedSpi/01-12|21_2.tif
NCOLS 53
NROWS 52
XLLCORNER -116.03883
YLLCORNER 28.596182
DX 0.49850594
DY 0.49788537
NODATA_VALUE -9999
[rows 0 to 27 of 52, columns 0 to 52 of 53]
-0.62916667 -0.62916667 -0.54432265 -0.76 -0.8 -0.99333333 -0.95 -0.94 -1.0055562 -1.1908333 -1.1233333 -0.78416667 -1.1391048 -0.3875 -0.53166667 -0.53166667 -0.53166667 -0.41416667 -0.52916667 -0.52916667 -0.52916667 -0.52916432 -0.28583334 -0.8075 -0.8075 -0.8075 -0.53583048 -0.53583333 -0.53583333 -0.35166667 -0.35166667 -0.35166667 -0.35166667 -1.1816665 -1.1816667 -1.1816667 -1.1816667 -1.1816667 -1.1816667 -1.1816666 0.055012826 0.068178864 -0.5375 -0.5375 -0.5375 -0.5375 -0.53733939 -0.43916667 -0.43916667 -0.43916667 0.44499816 0.445 0.445
-0.62919044 -1.1641667 -0.77083313 -0.82723476 -0.97679707 -0.6 -0.76 -1.1649203 -1.4466667 -1.2941667 -1.075 -1.1391667 -1.1391667 -0.93483549 -0.38750791 -0.53166667 -0.41416667 -0.41416667 -0.52901672 -0.52916667 -0.52916667 -0.52916667 -0.8098248 -0.8075 -0.8075 -0.8075 -1.0283333 -1.0283333 -0.35166667 -0.35166667 -0.35166667 -0.35166667 -0.35166667 -1.1816665 -1.1816667 -1.1816667 -1.1816667 -1.1816667 -1.1816666 -1.0617379 -0.45837186 -0.52789389 -0.5375 -0.5375 -0.5375 -0.5375 -0.5375 -0.43916667 -0.43916667 -0.43916667 -0.36585072 0.445 0.445
-1.0549888 -1.055 -0.59666667 -0.59166667 -0.81916667 -1.1108333 -0.74333333 -1.2233333 -1.4441667 -1.3916667 -1.0816667 -1.3875 -0.90333333 -0.92833333 -0.93666667 -1.4241667 -0.41416667 -0.41416667 -0.41416667 -0.75660053 -0.75666667 -0.75666667 -0.85166667 -0.8075 -0.8075 -0.8075 -1.0283333 -1.0283333 -1.0283333 -0.35166667 -0.35166667 -0.35166668 -0.52216252 -1.1800644 -1.1761052 -0.58964184 -0.58416667 -0.58416667 -0.56834015 -0.45833333 -0.45833333 -0.45843457 -0.5375 -0.5375 -0.5375 -0.5375 -0.5375 -0.43916667 -0.43916667 -0.43916667 -0.43916667 0.445 0.445
-0.4175 -1.055 -0.90417126 -0.26916667 -0.83916667 -0.9025 -0.9475 -1.2366667 -1.1133333 -1.0376469 -1.06 -1.6483333 -1.5941667 -0.92833333 -1.1158333 -1.4241667 -1.4928041 -1.4925772 -1.4875 -0.75666667 -0.75666667 -1.2858333 -0.85166667 -0.85166667 -0.8075 -0.8075011 -1.0283333 -1.0283333 -1.0283333 -0.83833333 -0.76563353 -0.70583333 -0.70583333 -0.70583323 -0.58416667 -0.58416667 -0.58416667 -0.58416667 -0.45833333 -0.45833333 -0.45833333 -0.45833334 -0.5375 -0.5375 -0.5375 -0.5375 -0.5375 -0.43916791 -0.43916667 -0.43916667 -0.43916667 0.44495827 0.445
-0.4175 -0.31666774 -0.90416667 -1.0222837 -0.83916667 -0.8975 -1.2741365 -1.155 -1.2658333 -0.97416673 -1.2626569 -1.4007859 -1.07 -1.1158333 -1.1158333 -1.3232253 -1.4933333 -1.4933333 -1.4875 -1.4875 -0.75666768 -1.2858333 -0.8675 -0.57416667 -0.4475 -0.44742453 -1.0283333 -1.0283333 -0.83833333 -0.83833333 -0.70583333 -0.70583333 -0.70583333 -0.6291469 -0.58416667 -0.58416667 -0.58416667 -0.45833333 -0.45833333 -0.45833333 -0.45833333 -0.45831725 -0.5375 -0.5375 -0.5375 -0.5375 -0.5375 -0.53662471 -0.43916667 -0.4391843 -0.8325 -0.8325 -0.8325
-1.2608333 -0.7025 -0.27416668 -0.7375 -0.93166667 -0.79 -1.0333333 -1.0489102 -0.81 -0.70166667 -0.70166667 -0.38083333 -0.38083379 -1.1425 -1.1425 -1.4798767 -1.48 -1.15 -1.15 -1.4874992 -0.8375 -0.8375 -0.57416667 -0.4475 -0.4475 -0.12416667 -0.44166667 -0.44166667 -0.33754555 -0.83833333 -0.70583333 -0.70583333 -0.29916667 -0.29917311 -0.36082896 -0.5025 -0.5025 -0.4719973 -0.45833333 -0.45833333 -0.29187454 -0.29166667 -0.29166583 -1.0041149 -1.0124475 -1.0124999 -1.0125 -1.0124998 -0.74671502 -0.8325 -0.8325 -0.8325 -0.8325
0.18165474 -0.2725 -0.29830704 -0.15083333 -0.37916667 -1.0841667 -0.61666666 -0.78583333 -0.92916667 -0.92916667 -0.70166667 -0.99833333 -0.94666667 -1.1425 -0.96916719 -0.96916667 -1.48 -0.95083333 -0.62916667 -0.62916667 -0.83082375 -0.82333333 -0.82333333 -0.0016666729 -0.12416667 -0.12416667 -0.44166667 -0.44166667 -0.33750311 -0.33755722 -0.25624983 -0.29916667 -0.29916667 -0.36083333 -0.36083333 -0.5256472 -0.5025 -0.5025 -0.41250312 -0.29166683 -0.29166667 -0.29166667 -0.29166234 -1.0124969 -1.0125 -1.0125 -1.0125 -1.0124998 -0.7425 -0.83248216 -0.8325 -0.8325 -0.8325
0.18166667 0.13583333 -0.018333333 -0.77666667 -0.80833152 -0.85166667 -0.6625 -1.055 -1.045 -1.0225 -1.0225 -0.94833333 -0.94666667 -0.94666667 -0.9690123 -1.3137364 -1.3475 -0.54416667 -0.7941665 -0.62916667 -0.23703553 -0.22833333 -0.27333333 0.027499999 0.027497549 -0.1625 -0.42916667 -0.42916667 -0.39064645 -0.39083333 -0.25583333 -0.58279661 -0.39 -0.36083333 -0.37088706 -0.545 -0.545 -0.4125 -0.4125 -0.29166667 -0.29166667 -0.29166666 -0.4631672 -0.46500003 -1.0125 -1.0125 -1.0125 -0.74251028 -0.7425 -0.7425 -0.8325 -0.8325 -0.8325
0.016736635 0.13583334 0.55083333 -0.26833333 -0.60833333 -0.7175 -0.89166667 -0.90083333 -1.0783333 -0.92682019 -0.99583333 -0.9125 -0.9125 -0.84833333 -0.8483322 -0.95027686 -0.94916667 -0.94916667 -0.58232955 -0.43166665 -0.33083333 -0.33083333 -0.24166667 -0.26085402 -0.14335302 -0.1625 -0.3 -0.42916667 -0.35460249 -0.35416667 -0.63666667 -0.30166667 -0.35161251 -0.71416667 -0.71333333 -0.80416667 -0.80166667 -0.89333333 -0.71841414 -0.29004855 0.070833333 -0.19333333 -0.46498154 -0.465 -0.46808163 -1.0125 -1.2525 -0.7425 -0.7425 -0.7425 -0.7425 -0.79047874 -0.35416667
-0.64916667 -0.64916667 0.635 0.1875 -0.6375 -0.82333333 -0.75583333 -0.645 -0.79 -0.88831851 -1.0566667 -0.19166667 -0.84833333 -0.84833333 -0.7275 -0.73054026 -0.94916667 -0.9491177 -0.72416667 -0.43166667 -0.43166667 -0.41867596 -0.24166667 -0.44832942 -0.44833333 -0.44833333 -0.3 -0.17 -0.17 -0.35416667 -0.35416667 -0.30185475 -0.40083333 -0.71416667 -0.2775 -0.80416667 -0.80166667 -0.57166667 -0.71833333 -0.56502558 -0.19333332 -0.2514954 -0.35166667 -0.465 -0.465 -1.2525 -1.2525 -1.2525 -0.7425 -0.7425 -0.495 -0.495 -0.49499995
-0.64916667 -0.64916667 -0.068333333 -0.62333333 -0.92833333 -0.44833333 -0.90666667 -1.0108377 -1.0166667 -0.90666667 -1.115 -0.99 -0.19273046 -0.7275 -0.7275 -0.72751106 -0.82333333 -0.8181286 -0.72416667 -0.91166667 -0.91166667 -0.61166667 -0.61166667 -0.44833333 -0.44833333 -0.44833333 -0.17 -0.17 -0.17 -0.61416667 -0.61416667 -0.61416631 -0.4425 -0.4425 -0.6375 -0.84583333 -0.29583333 -1.0774931 -0.78333333 -0.5625 -0.5625 -0.14250069 -0.35166667 -0.465 -0.43166692 -0.76583333 -0.55800397 -0.555 -0.40666667 -0.40666667 -0.495 -0.495 -0.495
-0.64916667 -0.39850321 -0.30517163 -0.61583009 -0.325 -1.0041667 -0.90666667 -1.0108333 -1.0166666 -0.90788533 -0.98999989 -0.99 -0.79583333 -0.7275 -0.7275 -0.82333333 -0.82333333 -0.82332769 -0.72416667 -0.91166667 -0.85275277 -0.61166667 -0.61166667 -0.44834029 -0.44833333 -0.47106977 -0.5175 -0.5175 -0.51749996 -0.61416667 -0.61416667 -0.58333333 -0.58333333 -0.44250053 -0.6375 -0.60666674 -0.2916911 -1.0775 -1.0775 -0.56249999 -0.1425 -0.1425 -0.14250212 -0.43166667 -0.43166667 -0.76583333 -0.555 -0.555 -0.40666667 -0.40666667 -0.495 -0.495 -0.495
-0.95916667 -0.44733929 -0.47167167 -0.47270741 -0.32500355 -1.0041506 -0.90666667 -1.0095511 -1.0162647 -1.0137943 -0.79583333 -0.79583333 -0.79583333 -0.79583333 -0.72750968 -0.82333333 -0.82333333 -0.82205293 -0.72416667 -0.91169512 -1.0141667 -1.0141667 -1.0141667 -1.0141667 -0.45796177 -0.5175 -0.5175 -0.5175 -0.5175 -0.51761309 -0.58333333 -0.58333333 -0.58333333 -0.58333333 -0.60666667 -0.60666667 -0.60666667 -1.0538559 -1.0745271 -0.68166667 -0.68166667 -0.142529 -0.5249968 -0.43167566 -0.43166667 -0.76583333 -0.555 -0.555 -0.40666667 -0.40666667 -0.49467954 -0.495 -0.23716634
-0.95916667 -0.47166667 -0.47166667 -0.47166667 -0.47166667 -0.47166689 -0.90691613 -0.95595522 -1.0151922 -0.79606844 -0.79583333 -0.79583333 -0.79583333 -0.79583333 -0.79583344 -0.82333333 -0.82333332 -0.81653118 -0.72416899 -1.0141667 -1.0141667 -1.0141667 -1.0141667 -1.0141667 -1.0101836 -0.66768473 -0.72249996 -0.7225 -0.7225 -0.7225 -0.58333333 -0.58333333 -0.58333315 -0.4325 -0.4325 -0.60666667 -0.42843152 -0.42333333 -0.68166652 -0.68166667 -0.68166667 -0.68166667 -0.525 -0.525 -0.525 -0.52667598 -0.48798297 -0.4875 -0.4875 -0.4875 -0.4875 -0.38500002 -0.385
-0.79833333 -0.47166667 -0.47166667 -0.47166667 -0.47166667 -0.47166667 -0.4716667 -0.84400959 -0.9460669 -0.94583333 -0.94583333 -0.94583333 -0.94583333 -0.94583333 -0.94583333 -0.70170019 -0.82131438 -0.8097541 -1.0141302 -1.0141667 -1.0141667 -1.0141667 -1.0141667 -1.0141663 -0.83 -0.83 -0.82999985 -0.7225 -0.7225 -0.7223398 -0.6425 -0.6425 -0.4325 -0.4325 -0.4325 -0.42480164 -0.42333333 -0.42333333 -0.42333333 -0.68166667 -0.68166667 -0.68166667 -0.525 -0.525 -0.525 -0.525 -0.4875 -0.4875 -0.4875 -0.4875 -0.4875 -0.385 -0.385
-0.79833333 -0.67671904 -0.47166667 -0.47166667 -0.47166667 -0.47166667 -0.62663625 -0.62666667 -0.62666667 -0.94583333 -0.94583333 -0.94583333 -0.94583333 -0.94583333 -0.89086542 -0.69666667 -0.69666667 -0.69666667 -0.7001258 -0.69916699 -0.69916667 -0.69916667 -0.69916667 -0.69916667 -0.83 -0.83 -0.83 -0.83 -0.7225 -0.6425 -0.6425 -0.6425 -0.43250002 -0.4325 -0.4325 -0.20333333 -0.42304205 -0.42333333 -0.42333333 -0.68156721 -0.48321677 -0.020315891 -0.525 -0.525 -0.39789347 -0.3975 -0.3975 -0.48716852 -0.28653807 -0.28583335 -0.28583337 -0.10837525 -0.38499944
-0.79833333 -0.67831228 -0.57456269 -0.47166667 -0.47166667 -0.62657509 -0.62666667 -0.62666667 -0.62666667 -0.62896667 -0.94583333 -0.94583333 -0.94583333 -0.9458333 -0.69666667 -0.69666667 -0.69666667 -0.69666667 -0.69916443 -0.69916667 -0.69916667 -0.69916667 -0.69916667 -0.69916667 -0.83 -0.83 -0.83 -0.83 -0.829318 -0.6425 -0.6425 -0.6425 -0.63 -0.43248146 -0.20333333 -0.20333333 -0.20333333 -0.20038171 -0.043969453 -0.018333333 -0.018333333 -0.018333333 -0.3925 -0.3925 -0.3975 -0.3975 -0.3975 -0.28583333 -0.28583333 -0.28583333 -0.28583333 -0.10833333 -0.10833333
-0.67498345 -0.675 -0.675 -0.675 -0.46416667 -0.62666247 -0.62666667 -0.62666667 -0.62666667 -0.62666667 -0.91277397 -0.94582764 -0.94583332 -0.69666667 -0.69666667 -0.69666667 -0.69666667 -0.69666667 -0.68265874 -0.69916667 -0.69916667 -0.69916667 -0.69916667 -0.69916667 -0.72558787 -0.66833421 -0.66833333 -0.66833333 -0.66833333 -0.6425 -0.63 -0.63 -0.63 -0.63 -0.20333333 -0.20332622 0.066666667 0.066666667 -0.017271982 -0.018333333 -0.018333333 -0.018333333 -0.3925 -0.3925 -0.39672583 -0.3975 -0.3975 -0.28583333 -0.28583333 -0.28583333 -0.28393007 -0.10833333 -0.10833333
-0.675 -0.675 -0.675 -0.57571544 -0.46416667 -0.46416667 -0.62666667 -0.62666667 -0.62666667 -0.62666667 -0.50916667 -0.50916667 -0.50916667 -0.69666667 -0.69666667 -0.69666667 -0.69666667 -0.69659161 -0.47166667 -0.47166667 -0.69916657 -0.69916667 -0.69932897 -0.70583333 -0.70549573 -0.66833333 -0.66833333 -0.66833333 -0.66833333 -0.6300039 -0.63 -0.63 -0.63 -0.63 0.066665717 0.066666667 0.066666667 0.066666667 0.066366563 -0.018333333 -0.018333333 -0.018333334 -0.3925 -0.3925 -0.3925 -0.3975 -0.3975 -0.28583334 -0.28583333 -0.28583333 -0.10833333 -0.10833333 -0.10833333
-0.675 -0.675 -0.675 -0.46416667 -0.46416667 -0.46416667 -0.46416691 -0.62666667 -0.62666667 -0.50928796 -0.50916667 -0.50916667 -0.50916667 -0.50928348 -0.32905399 -0.2425 -0.2425 -0.2425 -0.47166667 -0.47166667 -0.47166667 -0.70583333 -0.70583333 -0.70583333 -0.70566689 -0.37634813 -0.66833333 -0.66833333 -0.66833333 -0.33334276 -0.26420265 -0.26416667 -0.26416667 -0.26416667 0.057926344 0.046666712 0.046666667 0.046666667 0.046666667 -0.049162448 -0.049166667 -0.049166667 -0.3925 -0.3925 -0.40416662 -0.40416666 -0.37583333 -0.37583333 -0.22 -0.22 -0.22 -0.10833333 -0.22156533
-0.67499817 -0.675 -0.67499999 -0.46416667 -0.46416667 -0.46416667 -0.46416666 -0.21000012 -0.62500067 -0.5090178 -0.50916667 -0.50916667 -0.50916667 -0.50864339 -0.2425 -0.2425 -0.2425 -0.24250007 -0.47166667 -0.47166667 -0.47166667 -0.70583333 -0.70583333 -0.70583333 -0.11166667 -0.11166667 -0.13416667 -0.13416667 -0.13416667 -0.13487586 -0.26416667 -0.26416667 -0.26416667 -0.26416667 -0.10883538 0.046666667 0.046666667 0.046666667 0.046666667 -0.049166667 -0.049166667 -0.049166667 -0.060336325 -0.40416667 -0.40416667 -0.40416667 -0.37583333 -0.37583333 -0.22 -0.22 -0.22 -0.22166667 -0.22166667
-0.085833333 -0.35872611 -0.3525 -0.3525324 -0.46416667 -0.2114706 -0.21 -0.21 -0.21151824 -0.345 -0.345 -0.345 -0.345 0.14165082 0.14166666 -0.24249971 -0.2425 -0.2485382 -0.47166667 -0.47166667 -0.47166667 0.13416667 0.13416667 0.13416667 -0.11166667 -0.11166667 -0.13416667 -0.13416667 -0.13416667 -0.13416654 0.037498083 0.037499153 -0.25658473 -0.26384326 -0.18009316 -0.18 -0.18 -0.18 -0.18 -0.049166667 -0.049166667 -0.049166667 -0.38461923 -0.40416667 -0.40416667 -0.40416665 -0.37583333 -0.37583333 -0.37582772 -0.22 -0.22001468 -0.54833333 -0.22166667
-0.217475 -0.21750002 -0.3525 -0.3525 -0.3525 -0.21 -0.21 -0.21 -0.21416667 -0.21416667 -0.345 -0.345 -0.345 0.14166667 0.14166667 0.14166667 0.14166667 0.14159714 -0.47166667 -0.47166667 -0.47166664 0.13416667 0.13416667 0.13416667 -0.11166667 -0.11166667 -0.13416667 -0.13416667 -0.13416667 0.035564446 0.0375 0.0375 0.0375 0.0375 -0.17989268 -0.18 -0.18 -0.18 -0.18 -0.015833342 -0.015833333 -0.015833333 -0.015833333 -0.40416584 -0.29583333 -0.29583333 -0.29583333 -0.37833333 -0.37833333 -0.37833333 -0.54833333 -0.54833333 -0.54833333
-0.2175 -0.2175 -0.3525 -0.3525 -0.3525 -0.21074901 -0.21 -0.21416667 -0.21416667 -0.21416667 -0.34498389 -0.345 -0.10667196 0.14166662 0.14166667 0.14166667 0.14166667 0.11333333 0.11333333 0.11333333 -0.071666662 -0.071666514 0.13416566 0.13416667 0.13389508 -0.2075 -0.2075 -0.20749983 -0.13417852 0.068327189 0.068333169 0.06832795 0.037552697 0.037526609 -0.14124189 -0.17999991 -0.17919571 0.06 0.06 -0.015833333 -0.015833333 -0.015833333 -0.015833333 -0.29583333 -0.29583333 -0.29583333 -0.29583333 -0.37833333 -0.37833333 -0.37833333 -0.54833333 -0.54833333 -0.54833333
-0.2175 -0.2175 -0.3525 -0.3525 -0.3525 -0.3525 -0.21155946 -0.21416667 -0.21416667 -0.21416667 -0.21407783 -0.053333333 -0.053333333 -0.053333333 0.14051749 0.14166667 0.11352214 0.11333333 0.11333333 0.11333333 -0.071666667 -0.071666667 -0.071666667 -0.071666667 -0.2075 -0.2075 -0.2075 -0.2075 -0.2075 0.068333333 0.068333333 0.068333333 0.068333333 0.068333497 0.14583333 0.06 0.06 0.06 0.06 0.059999746 -0.0083333333 -0.0083333333 -0.0083333333 -0.10704217 -0.31166667 -0.31166667 -0.31166667 -0.37833333 -0.37833326 -0.3025 -0.3025 -0.2942285 -0.29416667
-0.2175 -0.2175 -0.30377448 -0.3525 -0.3525 -0.3525 -0.19836143 -0.21411677 -0.21416667 -0.21416667 -0.053333324 -0.053333333 -0.053333333 -0.053333333 -0.053333333 -0.037325018 0.11333333 0.11333333 0.11333333 0.11333333 -0.071665236 -0.071666667 -0.071666667 -0.071666667 -0.2075 -0.2075 -0.2075 -0.2075 -0.2075 0.0061378349 0.068333333 0.068333333 0.068333333 0.14583333 0.14583333 0.14576668 0.06 0.06 0.25368961 0.40416664 -0.0083333333 -0.0083333333 -0.0083333333 -0.10399285 -0.31166667 -0.31166667 -0.31166667 0.20333333 -0.29619737 -0.3025 -0.3025 -0.29416667 -0.29416667
-0.064166667 -0.064166667 -0.064166667 -0.28020691 -0.35209485 -0.19833333 -0.19833333 -0.19833333 -0.19833333 -0.010000001 -0.01 -0.05333333 -0.053333333 -0.053333333 -0.053333333 -0.053322763 0.11333333 0.11333333 0.11333333 0.11333333 0.0090613322 -0.071666667 -0.071666667 -0.075701273 -0.22501697 -0.2075 -0.2075 -0.2075 -0.015833333 -0.015833333 -0.015833333 -0.01583298 0.14583333 0.14583333 0.14583333 0.14583333 0.40416667 0.40416667 0.40416667 0.40416667 0.15583333 0.15583333 0.15583333 0.19499921 0.195 0.195 0.19499984 0.20333333 0.20333333 -0.30188367 -0.3025 -0.29416367 -0.29416667
-0.064166667 -0.064166667 -0.064166667 -0.06416725 -0.075 -0.092934693 -0.19833333 -0.19833333 -0.19833333 -0.01 -0.01 -0.01 0.13916666 0.13916667 0.13916667 0.13916666 0.11273799 0.11333333 0.11333333 0.11333333 0.11051966 -0.22583291 -0.22583333 -0.22583333 -0.22583333 -0.22583334 -0.30166667 -0.30166667 -0.015833333 -0.015833333 -0.015833333 -0.015833333 0.14583354 0.14583333 0.14583333 0.14585634 0.40416666 0.40416667 0.40416667 0.40262762 0.15583333 0.15583333 0.15583333 0.19499818 0.195 0.195 0.195 0.20333333 0.20333333 0.20333335 0.30083333 0.30083333 0.40083333
