interpolatedSpi/01-11|21_1.tif
NCOLS 53
NROWS 52
XLLCORNER -116.03883
YLLCORNER 28.596182
DX 0.49850594
DY 0.49788537
NODATA_VALUE -9999
[rows 0 to 25 of 52, columns 0 to 52 of 53]
-0.44 -0.44 -0.36886558 -0.52272727 -0.56 -0.64818182 -0.65818182 -0.68181818 -0.70839846 -0.86181818 -0.85909091 -0.61545455 -0.82450585 -0.34363636 -0.35727273 -0.35727273 -0.35727273 -0.43909091 -0.52181818 -0.52181818 -0.52181818 -0.52181542 -0.23545455 -0.71272727 -0.71272727 -0.71272727 -0.47272553 -0.47272727 -0.47272727 -0.27636364 -0.27636364 -0.27636364 -0.27636364 -0.89636351 -0.89636364 -0.89636364 -0.89636364 -0.89636364 -0.89636364 -0.89636362 -0.12467556 -0.11644686 -0.44272727 -0.44272727 -0.44272727 -0.44272727 -0.44248821 -0.29636364 -0.29636364 -0.29636364 0.45818025 0.45818182 0.45818182
-0.44001963 -0.88181818 -0.48727265 -0.5511344 -0.70647835 -0.43727273 -0.54181818 -0.87258113 -1.1236364 -0.96454545 -0.82363636 -0.82454545 -0.82454545 -0.824754 -0.34364232 -0.35727273 -0.43909091 -0.43909091 -0.52171032 -0.52181818 -0.52181818 -0.52181818 -0.7221541 -0.71272727 -0.71272727 -0.71272727 -0.84818181 -0.84818182 -0.27636364 -0.27636364 -0.27636364 -0.27636364 -0.27636364 -0.89636355 -0.89636364 -0.89636364 -0.89636364 -0.89636364 -0.89636361 -0.80834386 -0.35458129 -0.43202728 -0.44272727 -0.44272727 -0.44272727 -0.44272727 -0.44272727 -0.29636364 -0.29636364 -0.29636364 -0.23379601 0.45818182 0.45818182
-0.785446 -0.78545455 -0.42 -0.49 -0.65818182 -0.83545455 -0.56181818 -0.95909091 -1.0727273 -1.0272727 -0.93272727 -1.0336364 -0.70454545 -0.76181818 -0.82636364 -1.0427273 -0.43909091 -0.43909091 -0.43909091 -0.69085994 -0.69090909 -0.69090909 -0.89181818 -0.71272727 -0.71272727 -0.71272727 -0.84818182 -0.84818182 -0.84818182 -0.27636364 -0.27636364 -0.27636365 -0.44135257 -0.89545523 -0.89324127 -0.56398302 -0.56090909 -0.56090909 -0.53495398 -0.35454546 -0.35454545 -0.35465822 -0.44272727 -0.44272727 -0.44272727 -0.44272727 -0.44272727 -0.29636364 -0.29636364 -0.29636364 -0.29636364 0.45818182 0.45818182
-0.40636364 -0.78545453 -0.71181749 -0.18181818 -0.67727273 -0.68272727 -0.73909091 -0.91090909 -0.84 -0.91129688 -0.78636364 -1.2236364 -1.18 -0.76181818 -0.82909091 -1.0427273 -1.1248216 -1.1249736 -1.1345455 -0.69090909 -0.69090909 -1.1790909 -0.89181818 -0.89181818 -0.71272727 -0.71272795 -0.84818182 -0.84818182 -0.84818182 -0.58727273 -0.60473065 -0.61909091 -0.61909091 -0.61909086 -0.56090909 -0.56090909 -0.56090909 -0.56090909 -0.35454545 -0.35454545 -0.35454545 -0.35454546 -0.44272727 -0.44272727 -0.44272727 -0.44272727 -0.44272727 -0.29636548 -0.29636364 -0.29636364 -0.29636364 0.45814776 0.45818182
-0.40636364 -0.22363726 -0.71181818 -0.76702139 -0.67727273 -0.63363636 -0.93089261 -0.87454545 -0.90636364 -0.79999999 -0.92949758 -0.99178719 -0.77545455 -0.82909091 -0.82909091 -0.97333437 -1.1254545 -1.1254545 -1.1345455 -1.1345455 -0.69091002 -1.1790909 -0.91636364 -0.54909091 -0.42363636 -0.42358204 -0.84818182 -0.84818182 -0.58727273 -0.58727273 -0.61909091 -0.61909091 -0.61909091 -0.59114778 -0.56090909 -0.56090909 -0.56090909 -0.35454545 -0.35454545 -0.35454545 -0.35454545 -0.35453975 -0.44272727 -0.44272727 -0.44272727 -0.44272727 -0.44272727 -0.44142446 -0.29636364 -0.29637656 -0.58454545 -0.58454545 -0.58454545
-1.0827273 -0.54272727 -0.27363637 -0.62090909 -0.77272727 -0.66363636 -0.85454545 -0.85710603 -0.54 -0.47727273 -0.56909091 -0.32454545 -0.32454575 -0.95181818 -0.95181818 -1.1908263 -1.1909091 -0.84909091 -0.84909091 -1.134545 -0.75727273 -0.75727273 -0.54909091 -0.42363636 -0.42363636 -0.19090909 -0.40545455 -0.40545455 -0.39638098 -0.58727273 -0.61909091 -0.61909091 -0.47090909 -0.47090463 -0.42818489 -0.45272727 -0.45272727 -0.38492024 -0.35454545 -0.35454545 -0.29552824 -0.29545454 -0.2954541 -0.73207319 -0.73724017 -0.73727265 -0.73727272 -0.73727261 -0.56130071 -0.58454545 -0.58454545 -0.58454545 -0.58454545
0.15362995 -0.31727273 -0.31680753 -0.30727273 -0.42545455 -0.85272727 -0.53272727 -0.64181818 -0.76818182 -0.76818182 -0.56909091 -0.81363636 -0.81090908 -0.95181818 -0.84818213 -0.84818182 -1.1909091 -0.84909091 -0.60363636 -0.60363636 -0.73199579 -0.70363636 -0.70363636 -0.11909091 -0.19090909 -0.19090909 -0.40545455 -0.40545455 -0.39636401 -0.39637046 -0.39819582 -0.47090909 -0.47090909 -0.42818182 -0.42818182 -0.45817367 -0.45272727 -0.45272727 -0.40000183 -0.29545469 -0.29545455 -0.29545455 -0.29545222 -0.73727077 -0.73727273 -0.73727273 -0.73727273 -0.73727263 -0.56636364 -0.58454185 -0.58454545 -0.58454545 -0.58454545
0.15363636 0.29818182 -0.23727273 -0.81727273 -0.83454446 -0.74272727 -0.61454545 -0.86181818 -0.82363636 -0.85181818 -0.85181818 -0.75090909 -0.81090909 -0.81090909 -0.84792609 -1.055172 -1.0754545 -0.55090909 -0.63999996 -0.60363636 -0.57972664 -0.59454545 -0.44818182 -0.093636365 -0.093637982 -0.21909091 -0.38727273 -0.38727273 -0.40270497 -0.40272727 -0.39818182 -0.49770301 -0.30727273 -0.42818182 -0.43217479 -0.46272727 -0.46272727 -0.4 -0.4 -0.29545455 -0.29545455 -0.29545454 -0.38402442 -0.38545456 -0.73727273 -0.73727273 -0.73727273 -0.56637014 -0.56636364 -0.56636364 -0.58454545 -0.58454545 -0.58454545
0.1602586 0.29818182 0.26818182 -0.40545455 -0.57818182 -0.62 -0.75454545 -0.89636364 -0.95636364 -0.73888065 -0.69727273 -0.70727273 -0.70727273 -0.60636364 -0.60636283 -0.67928905 -0.67818182 -0.67818182 -0.56450896 -0.36909092 -0.42 -0.42 -0.41 -0.43313499 -0.2064484 -0.21909091 -0.31454545 -0.38727273 -0.35473563 -0.35454545 -0.55090909 -0.37545455 -0.36171831 -0.67272727 -0.56818182 -0.69 -0.68909091 -0.74090909 -0.69638421 -0.29459831 -0.10363636 -0.16727273 -0.38542923 -0.38545455 -0.38743477 -0.73727273 -1.0027273 -0.56636364 -0.56636364 -0.56636364 -0.56636364 -0.5840927 -0.36727273
-0.61090909 -0.61090909 0.42272727 -0.088181818 -0.70272727 -0.73272727 -0.61636364 -0.61727273 -0.69272727 -0.68363232 -0.82454545 -0.14545455 -0.60636364 -0.60636364 -0.52090909 -0.52306616 -0.67818182 -0.67814246 -0.50090909 -0.36909091 -0.36909091 -0.37564971 -0.41 -0.39363667 -0.39363636 -0.39363636 -0.31454545 -0.12 -0.12 -0.35454545 -0.35454545 -0.37540282 -0.34818182 -0.67272727 -0.40727273 -0.69 -0.68909091 -0.57090909 -0.69636364 -0.45041538 -0.16727272 -0.19031493 -0.23 -0.38545455 -0.38545455 -1.0027273 -1.0027273 -1.0027273 -0.56636364 -0.56636364 -0.58090909 -0.58090909 -0.58090901
-0.61090909 -0.61090909 -0.057272727 -0.53454545 -0.82181818 -0.51909091 -0.78454545 -0.88359576 -0.88636364 -0.73545455 -0.79636364 -0.76272727 -0.146277 -0.52090909 -0.52090909 -0.52091182 -0.54454545 -0.54225521 -0.50090909 -0.64727273 -0.64727273 -0.48454545 -0.48454545 -0.39363636 -0.39363636 -0.39363636 -0.12 -0.12 -0.12 -0.51181818 -0.51181818 -0.51181791 -0.38909091 -0.38909091 -0.56 -0.68090909 -0.32818182 -0.95544975 -0.74818182 -0.44636364 -0.44636364 -0.20545463 -0.23 -0.38545455 -0.43363651 -0.64272727 -0.56190672 -0.56 -0.50636364 -0.50636364 -0.58090909 -0.58090909 -0.58090909
-0.61090909 -0.37196701 -0.26094202 -0.54181542 -0.33545455 -0.85545455 -0.78454545 -0.88363636 -0.88636361 -0.73712644 -0.76272724 -0.76272727 -0.64636364 -0.52090909 -0.52090909 -0.54454545 -0.54454545 -0.54454297 -0.50090909 -0.64727273 -0.6153164 -0.48454545 -0.48454545 -0.39364049 -0.39363636 -0.3822806 -0.35909091 -0.35909091 -0.35909088 -0.51181818 -0.51181818 -0.42363636 -0.42363636 -0.38909138 -0.56 -0.57363641 -0.33838634 -0.95545455 -0.95545455 -0.44636363 -0.20545455 -0.20545455 -0.2054562 -0.43363636 -0.43363636 -0.64272727 -0.56 -0.56 -0.50636364 -0.50636364 -0.58090909 -0.58090909 -0.58090909
-0.56363636 -0.40849052 -0.43182145 -0.43261248 -0.33545727 -0.85544227 -0.78454546 -0.88241661 -0.8861757 -0.882423 -0.64636364 -0.64636364 -0.64636364 -0.64636364 -0.52092686 -0.54454545 -0.54454545 -0.54398204 -0.50090909 -0.6473649 -0.96909091 -0.96909091 -0.96909091 -0.96909091 -0.40333978 -0.35909091 -0.35909091 -0.35909091 -0.35909091 -0.35921973 -0.42363636 -0.42363636 -0.42363636 -0.42363636 -0.57363636 -0.57363636 -0.57363636 -0.93638695 -0.95268247 -0.58636364 -0.58636364 -0.20547503 -0.5299967 -0.43364565 -0.43363636 -0.64272727 -0.56 -0.56 -0.50636364 -0.50636364 -0.58063865 -0.58090909 -0.38054467
-0.56363636 -0.43181818 -0.43181818 -0.43181818 -0.43181818 -0.43181836 -0.78472689 -0.83143194 -0.88567427 -0.64661836 -0.64636364 -0.64636364 -0.64636364 -0.64636364 -0.64636373 -0.54454545 -0.54454545 -0.5415523 -0.50091122 -0.96909091 -0.96909091 -0.96909091 -0.96909091 -0.96909091 -0.96254453 -0.47275057 -0.50272724 -0.50272727 -0.50272727 -0.50272727 -0.42363636 -0.42363636 -0.42363633 -0.39454545 -0.39454545 -0.57363636 -0.36152181 -0.35545455 -0.5863635 -0.58636364 -0.58636364 -0.58636364 -0.53 -0.53 -0.53 -0.53078448 -0.52118061 -0.52090909 -0.52090909 -0.52090909 -0.52090909 -0.27272734 -0.27272727
-0.62181818 -0.43181818 -0.43181818 -0.43181818 -0.43181818 -0.43181818 -0.4318182 -0.69844656 -0.77408676 -0.77363636 -0.77363636 -0.77363636 -0.77363636 -0.77363636 -0.77363636 -0.63377322 -0.54591212 -0.53857023 -0.96903206 -0.96909091 -0.96909091 -0.96909091 -0.96909091 -0.96909034 -0.66636364 -0.66636364 -0.66636341 -0.50272727 -0.50272727 -0.50253977 -0.40909091 -0.40909091 -0.39454545 -0.39454545 -0.39454545 -0.36171643 -0.35545455 -0.35545455 -0.35545455 -0.58636364 -0.58636364 -0.58636364 -0.53 -0.53 -0.53 -0.53 -0.52090909 -0.52090909 -0.52090909 -0.52090909 -0.52090909 -0.27272727 -0.27272727
-0.62181818 -0.55108334 -0.43181818 -0.43181818 -0.43181818 -0.43181818 -0.42545579 -0.42545455 -0.42545455 -0.77363636 -0.77363636 -0.77363636 -0.77363636 -0.77363636 -0.74214973 -0.63090909 -0.63090909 -0.63090909 -0.48148946 -0.4800005 -0.48 -0.48 -0.48 -0.48 -0.66636364 -0.66636364 -0.66636364 -0.66636364 -0.50272727 -0.40909091 -0.40909091 -0.40909091 -0.39454546 -0.39454545 -0.39454545 -0.22727273 -0.35528483 -0.35545455 -0.35545455 -0.58628865 -0.43677828 -0.087858026 -0.53 -0.53 -0.35961834 -0.35909091 -0.35909091 -0.52035018 -0.18209724 -0.18090912 -0.18090916 -0.022765152 -0.27272676
-0.62181818 -0.49619427 -0.46264099 -0.43181818 -0.43181818 -0.42545831 -0.42545455 -0.42545455 -0.42545455 -0.42796364 -0.77363636 -0.77363636 -0.77363636 -0.77363635 -0.63090909 -0.63090909 -0.63090909 -0.63090909 -0.4801348 -0.48 -0.48 -0.48 -0.48 -0.48 -0.66636363 -0.66636364 -0.66636364 -0.66636364 -0.66542785 -0.40909091 -0.40909091 -0.40909091 -0.39909091 -0.39452855 -0.22727273 -0.22727273 -0.22727273 -0.22447417 -0.10339499 -0.086363636 -0.086363636 -0.086363636 -0.38 -0.38 -0.35909091 -0.35909091 -0.35909091 -0.18090909 -0.18090909 -0.18090909 -0.18090909 -0.022727273 -0.022727273
-0.49278339 -0.49272727 -0.49272727 -0.49272727 -0.39727273 -0.42545382 -0.42545455 -0.42545455 -0.42545455 -0.42545455 -0.74651893 -0.7736317 -0.77363635 -0.63090909 -0.63090909 -0.63090909 -0.63090909 -0.63090909 -0.60243565 -0.48 -0.48 -0.48 -0.48 -0.48 -0.60366376 -0.66090912 -0.66090909 -0.66090909 -0.66090909 -0.40909091 -0.39909091 -0.39909091 -0.39909091 -0.39909091 -0.22727273 -0.227266 0.028181818 0.028181818 -0.084933366 -0.086363636 -0.086363636 -0.086363636 -0.38 -0.38 -0.36232836 -0.35909091 -0.35909091 -0.18090909 -0.18090909 -0.18090909 -0.17921297 -0.022727273 -0.022727273
-0.49272727 -0.49272727 -0.49272727 -0.4477763 -0.39727273 -0.39727273 -0.42545455 -0.42545455 -0.42545455 -0.42545455 -0.41545455 -0.41545455 -0.41545455 -0.63090909 -0.63090909 -0.63090909 -0.63090909 -0.63083998 -0.36727273 -0.36727273 -0.47999995 -0.48 -0.48296576 -0.60181818 -0.60235015 -0.66090909 -0.66090909 -0.66090909 -0.66090909 -0.39911757 -0.39909091 -0.39909091 -0.39909091 -0.39909091 0.02818092 0.028181818 0.028181818 0.028181818 0.027777905 -0.086363636 -0.086363636 -0.086363637 -0.38 -0.38 -0.38 -0.35909091 -0.35909091 -0.18090909 -0.18090909 -0.18090909 -0.022727273 -0.022727273 -0.022727273
-0.49272727 -0.49272727 -0.49272727 -0.39727273 -0.39727273 -0.39727273 -0.39727277 -0.42545455 -0.42545455 -0.41546487 -0.41545455 -0.41545455 -0.41545455 -0.41558878 -0.29242336 -0.21272727 -0.21272727 -0.21272727 -0.36727273 -0.36727273 -0.36727273 -0.60181818 -0.60181818 -0.60181818 -0.60168321 -0.37718912 -0.66090909 -0.66090909 -0.66090909 -0.21361938 -0.16365952 -0.16363636 -0.16363636 -0.16363636 0.020379553 0.010000041 0.01 0.01 0.01 -0.072729139 -0.072727273 -0.072727273 -0.38 -0.38 -0.26454594 -0.26454544 -0.21272727 -0.21272727 -0.11272727 -0.11272727 -0.11272727 -0.022727273 -0.086306738
-0.49272558 -0.49272727 -0.49272727 -0.39727273 -0.39727273 -0.39727273 -0.39727273 -0.19727279 -0.42454219 -0.41537953 -0.41545455 -0.41545455 -0.41545455 -0.41505674 -0.21272727 -0.21272727 -0.21272727 -0.21272732 -0.36727273 -0.36727273 -0.36727273 -0.60181818 -0.60181818 -0.60181818 -0.12 -0.12 -0.16545454 -0.16545455 -0.16545455 -0.16544463 -0.16363636 -0.16363636 -0.16363636 -0.16363636 -0.07686589 0.01 0.01 0.01 0.01 -0.072727273 -0.072727273 -0.072727273 -0.078762607 -0.26454545 -0.26454545 -0.26454545 -0.21272727 -0.21272727 -0.11272727 -0.11272727 -0.11272727 -0.086363637 -0.086363636
0.052727273 -0.20607231 -0.44363636 -0.44362291 -0.39727273 -0.19842992 -0.19727273 -0.19727273 -0.21317289 -0.33272727 -0.33272727 -0.33272727 -0.33272727 0.1190762 0.11909091 -0.21272702 -0.21272727 -0.21679932 -0.36727273 -0.36727273 -0.36727273 0.065454545 0.065454545 0.065454545 -0.12 -0.12 -0.16545455 -0.16545455 -0.16545455 -0.16545444 -0.020909998 -0.020909492 -0.16004913 -0.16348335 -0.20631277 -0.20636364 -0.20636364 -0.20636364 -0.20636364 -0.072727273 -0.072727273 -0.072727273 -0.25398333 -0.26454545 -0.26454545 -0.26454544 -0.21272727 -0.21272727 -0.21272367 -0.11272727 -0.11273918 -0.37909091 -0.086363636
-0.14178124 -0.14181823 -0.44363636 -0.44363636 -0.44363636 -0.19727273 -0.19727273 -0.19727273 -0.24090909 -0.24090909 -0.33272727 -0.33272727 -0.33272727 0.11909091 0.11909091 0.11909091 0.11909091 0.11903567 -0.36727273 -0.36727273 -0.36727271 0.065454545 0.065454545 0.065454545 -0.12 -0.12 -0.16545455 -0.16545455 -0.16545455 -0.022538851 -0.020909091 -0.020909091 -0.020909091 -0.020909091 -0.20627213 -0.20636364 -0.20636364 -0.20636364 -0.20636364 -0.044545462 -0.044545455 -0.044545455 -0.044545455 -0.26454475 -0.17272727 -0.17272727 -0.17272727 -0.30545455 -0.30545455 -0.30545455 -0.37909091 -0.37909091 -0.37909091
-0.14181818 -0.14181818 -0.44363636 -0.44363636 -0.44363636 -0.19856766 -0.19727273 -0.24090909 -0.24090909 -0.24090909 -0.33271597 -0.33272727 -0.11804632 0.11909087 0.11909091 0.11909091 0.11909091 0.076363636 0.076363636 0.076363636 -0.058181815 -0.058181726 0.065453943 0.065454545 0.065273124 -0.15272727 -0.15272727 -0.1527273 -0.16545249 0.039987862 0.039999676 0.039989366 -0.020804991 -0.020856527 -0.17329351 -0.20636354 -0.20554411 0.038181818 0.038181818 -0.044545455 -0.044545455 -0.044545455 -0.044545455 -0.17272727 -0.17272727 -0.17272727 -0.17272727 -0.30545455 -0.30545455 -0.30545455 -0.37909091 -0.37909091 -0.37909091
-0.14181818 -0.14181818 -0.44363636 -0.44363636 -0.44363636 -0.44363636 -0.21360454 -0.24090909 -0.24090909 -0.24090909 -0.24081468 -0.07 -0.07 -0.07 0.11797655 0.11909091 0.07664836 0.076363636 0.076363636 0.076363636 -0.058181818 -0.058181818 -0.058181818 -0.058181818 -0.15272727 -0.15272727 -0.15272727 -0.15272727 -0.15272727 0.04 0.04 0.04 0.04 0.040000094 0.084545455 0.038181818 0.038181818 0.038181818 0.038181818 0.038181751 0.03 0.03 0.03 -0.069102728 -0.27454545 -0.27454545 -0.27454545 -0.30545454 -0.30545448 -0.23818182 -0.23818182 -0.25639349 -0.25636364
-0.14181818 -0.14181818 -0.33470119 -0.44363636 -0.44363636 -0.44363636 -0.2608736 -0.24097212 -0.24090909 -0.24090909 -0.069999994 -0.07 -0.07 -0.07 -0.07 -0.054479054 0.076363636 0.076363636 0.076363636 0.076363636 -0.058180777 -0.058181818 -0.058181818 -0.058181818 -0.15272727 -0.15272727 -0.15272727 -0.15272727 -0.15272727 0.020518422 0.04 0.04 0.04 0.084545455 0.084545455 0.084509452 0.038181818 0.038181818 0.16966734 0.27181816 0.03 0.03 0.03 -0.066474651 -0.27454545 -0.27454545 -0.27454545 0.17909091 -0.23298264 -0.23818182 -0.23818182 -0.25636364 -0.25636364
