interpolatedSpi/01-11|21_2.tif
NCOLS 53
NROWS 52
XLLCORNER -116.03883
YLLCORNER 28.596182
DX 0.49850594
DY 0.49788537
NODATA_VALUE -9999
[rows 26 to 51 of 52, columns 0 to 52 of 53]
-0.090909091 -0.090909091 -0.090909091 -0.30956043 -0.38235257 -0.22181818 -0.22181818 -0.22181818 -0.22181818 -0.047272729 -0.047272727 -0.06090909 -0.060909091 -0.060909091 -0.060909091 -0.060896869 0.13181818 0.13181818 0.13181818 0.13181818 0.045223743 -0.021818182 -0.021818182 -0.025553414 -0.16195468 -0.10636364 -0.10636364 -0.10636364 0.070909091 0.070909091 0.070909091 0.070909408 0.22727273 0.22727273 0.22727273 0.22727273 0.54818182 0.54818182 0.54818182 0.54818182 0.23909091 0.23909091 0.23909091 0.25818143 0.25818182 0.25818182 0.25818164 0.32909091 0.32909091 -0.24475449 -0.24545455 -0.21272373 -0.21272727
-0.090909091 -0.090909091 -0.090909091 -0.090911 -0.12636364 -0.1402443 -0.22181818 -0.22181818 -0.22181818 -0.047272727 -0.047272727 -0.047272727 0.12999999 0.13 0.13 0.12999999 0.13103549 0.13181818 0.13181818 0.13181818 0.12948072 -0.16454506 -0.16454545 -0.16454545 -0.16454545 -0.16454545 -0.11 -0.11 0.070909091 0.070909091 0.070909091 0.070909091 0.22727297 0.22727273 0.22727273 0.2273002 0.54818181 0.54818182 0.54818182 0.54648292 0.23909091 0.23909091 0.23909091 0.25818093 0.25818182 0.25818182 0.25818182 0.32909091 0.32909091 0.32909093 0.48909091 0.48909091 0.53363636
-0.090909091 -0.090909091 -0.090909091 -0.12636355 -0.12636364 -0.12636364 -0.22181815 -0.22181818 -0.22181818 -0.047272727 -0.047272727 -0.047272727 0.13 0.13 0.13 0.097597573 -0.29545455 -0.29545455 -0.29545344 0.12940483 -0.16454545 -0.16454545 -0.16454545 -0.16454545 -0.16454545 -0.16450441 -0.11 -0.11 -0.11 0.070909091 0.070909091 0.07074525 0.56454545 0.56454545 0.56454545 -0.060909088 -0.06090909 0.16090909 0.16090909 0.16090909 0.078181818 0.23904044 0.239091 0.25090909 0.25090909 0.25118472 0.25818192 0.32909091 0.32909091 0.48909091 0.48909091 0.48909091 0.53363636
-0.090909091 -0.090909091 -0.090909091 -0.12636364 -0.12636364 -0.12636364 -0.12636364 -0.22181818 -0.22181818 -0.047272727 -0.047272727 0.12291165 0.13 0.13 0.13 -0.29545455 -0.29545455 -0.29545455 -0.29545455 -0.29545455 -0.16454545 -0.16454545 -0.16454545 -0.16454545 -0.16454545 -0.11000019 -0.11 -0.11 -0.11 -0.18363636 -0.18363636 -0.18363636 0.56454545 0.56454545 0.56454545 -0.060909091 -0.060909091 0.16090909 0.16090909 0.078181818 0.078181818 0.078181818 0.25090909 0.25090909 0.25090909 0.25090909 0.26240972 0.39090909 0.39090909 0.39090909 0.48909091 0.52636364 0.52636364
-0.090909091 -0.090909091 -0.090958463 -0.12636364 -0.12636364 -0.12636364 -0.12636364 -0.090014096 -0.088181818 -0.088111583 -0.047272729 0.12998218 0.13 0.13 0.12999853 -0.29545455 -0.29545455 -0.29545455 -0.29545455 -0.29545455 -0.15147743 -0.16454545 -0.16454545 -0.16454545 -0.16448385 -0.10998624 -0.11 -0.11 -0.11 -0.18363636 -0.18363636 -0.18363636 -0.18352585 0.56454545 -0.060909091 -0.060909091 -0.060909091 -0.060899789 0.16090345 0.078181818 0.078181818 0.078181818 0.2508986 0.25090909 0.25090909 0.25090909 0.39090991 0.39090909 0.39090909 0.39090909 0.52636364 0.52636364 0.52636364
-0.36090909 -0.36090862 -0.12635327 -0.12636364 -0.12636364 -0.12636364 -0.088189943 -0.088181818 -0.088181818 -0.088181818 -0.082727273 -0.082727273 -0.082727273 -0.082727273 -0.29447269 -0.29545455 -0.29545455 -0.29545455 -0.29545455 -0.15090918 -0.15090909 -0.15090909 0.1345454 0.13454545 0.13454545 0.13454545 0.11343804 -0.11 0.12362679 0.12363636 0.12363636 0.12363636 0.12363636 0.18 0.18 0.18 0.18 0.18 0.55 0.55 0.55 0.55 0.55 0.47330062 0.47363636 0.47363636 0.47363636 0.39090909 0.39090909 0.39090909 0.5263423 0.52636364 0.52636364
-0.36090909 -0.36090909 -0.35762853 0.030908775 0.030909056 0.030792887 -0.088181818 -0.088181818 -0.088181818 -0.088181818 -0.082727273 -0.082727273 -0.082727273 -0.082727273 -0.082727273 -0.29545455 -0.29545455 -0.29545455 -0.15090913 -0.15090909 -0.15090909 -0.15090909 0.13454545 0.13454545 0.13454545 0.13454545 0.13454545 0.1344937 0.12361249 0.12363636 0.12363636 0.12363636 0.12362677 0.18721511 0.18000747 0.18 0.18 0.18 0.55 0.55 0.55 0.55 0.55 0.47363636 0.47363636 0.47363636 0.47363636 0.43495147 0.39090909 0.11223513 0.10909091 0.14272727 0.14272727
-0.36090909 -0.36090909 0.03085946 0.030909091 0.030909091 0.030909091 0.00066050235 -0.088181818 -0.088181818 -0.088181818 -0.082727273 -0.082727273 -0.082727273 -0.082727273 -0.082727273 -0.29529303 -0.29545455 -0.15095147 -0.15090909 -0.15090909 -0.15090909 -0.15090909 0.028796969 0.13454545 0.13454545 0.13454545 0.13454545 0.13449389 0.061818182 0.061818182 0.061818182 0.061818182 0.061818182 0.19272727 0.19272727 0.19272727 0.19272727 0.19272727 0.47818182 0.47818182 0.47818182 0.47818182 0.47818182 0.47362305 0.47363636 0.47363636 0.47363544 0.47347261 0.10909091 0.10909091 0.10909091 0.14272708 0.14272727
-0.36090914 -0.38765011 0.030909032 0.030909091 0.030909091 0.030909091 0.030909091 -0.08813111 -0.088181818 -0.088181818 -0.082727273 -0.082727273 -0.082727273 -0.082727273 -0.31650765 -0.32181818 -0.32181818 -0.15091349 -0.15090909 -0.15090909 -0.15090909 -0.15090909 -0.15090909 0.13454545 0.13454545 0.13454545 0.13454545 -0.098181661 -0.098181744 -0.06412993 0.061818182 0.061818182 0.061818182 0.19272727 0.19272727 0.19272727 0.19272727 0.19263061 0.47818182 0.47818182 0.47818182 0.47818182 0.47816552 0.46818182 0.46818182 0.46818182 0.46818182 0.46815286 0.10909091 0.10909091 0.10909091 0.10909101 0.27170841
-0.38818182 -0.38818182 -0.29403222 0.030909091 0.030909091 0.030909091 0.030909091 0.030909091 -0.08813109 -0.10909091 -0.10909091 -0.10909091 -0.10902834 -0.32181784 -0.32181818 -0.32181818 -0.32181818 -0.32181818 -0.15090984 -0.15734318 -0.21363636 -0.21363636 -0.21363636 -0.12611563 0.11490016 0.0097819298 -0.078909941 -0.098181818 -0.098181818 -0.098181818 -0.098181818 -0.098181818 -0.089687601 0.050959103 0.05 0.05 0.05 0.05 0.43822017 0.26545493 0.26545455 0.26545455 0.26545455 0.17000087 0.46818174 0.46818182 0.46818182 0.052727273 0.10909001 0.10909091 0.10909091 0.27363636 0.27363636
-0.38818182 -0.38818182 -0.27545455 -0.27545455 -0.27545455 0.030807039 0.030909091 0.030909091 -0.10909091 -0.10909091 -0.10909091 -0.10909091 -0.10909091 -0.32181817 -0.32181818 -0.32181818 -0.32181818 -0.32181818 -0.21363636 -0.21363636 -0.21363636 -0.21363636 -0.21363636 -0.1109091 -0.11090909 -0.11090909 -0.11090909 -0.098181818 -0.098181818 -0.098181818 -0.098181818 -0.098181818 0.13545455 0.13545455 0.050000001 0.05 0.05 0.21724424 0.21727273 0.26545455 0.26545455 0.26545455 0.26545454 0.17 0.17 0.17 0.052727273 0.052727273 0.052727273 0.018181818 0.018181818 0.27363636 0.27363636
-0.38818182 -0.38818182 -0.27545455 -0.27545455 -0.27545455 -0.27545455 -0.27545378 -0.13545455 -0.10911573 -0.10909091 -0.10909091 -0.10909091 -0.10909091 -0.3191646 -0.32181818 -0.32181818 -0.32181818 -0.32181818 -0.21363637 -0.21363636 -0.21363636 -0.21363636 -0.21363636 -0.11090909 -0.11090909 -0.11090909 -0.11090909 -0.11090903 -0.098181818 -0.098181818 -0.098181818 0.1354423 0.13545455 0.13545455 0.13545455 0.05 0.21727273 0.21727273 0.21727273 0.21854048 0.21564041 0.20636364 0.20636364 0.17 0.17 0.17 0.052727273 0.052727273 0.052727273 0.018181818 0.018181818 0.018181818 0.28187015
-0.46363636 -0.46363577 -0.27545455 -0.27545455 -0.27545455 -0.27545455 -0.13545455 -0.13545455 -0.13545455 -0.10909091 -0.10909091 -0.10909091 -0.10909091 -0.10915704 -0.32181818 -0.32181818 -0.32181818 -0.32181818 -0.2136383 -0.21363636 -0.21363636 -0.21363636 -0.12900842 -0.11090909 -0.11090909 -0.11090909 -0.11090909 -0.05090914 -0.050909091 -0.050909091 -0.097665724 0.13545455 0.13545455 0.13545455 0.13545452 0.10454545 0.21727273 0.21727273 0.21727273 0.21727273 0.20636364 0.20636364 0.20636364 0.12818182 0.12818182 0.12818182 -0.049989996 0.052727273 0.052727273 0.018181819 0.018181818 0.018181818 0.2827281
-0.46363636 -0.46363636 -0.27545455 -0.27545455 -0.27545455 -0.13545455 -0.13545455 -0.13545455 -0.13545455 -0.11197079 -0.10909091 -0.10909091 -0.10909091 -0.10909144 -0.23364651 -0.23363636 -0.23363636 -0.23363636 -0.3356942 -0.29272727 -0.29272727 -0.29272727 -0.29272727 -0.11090909 -0.11090909 -0.11090909 -0.11090513 -0.050909091 -0.050909091 -0.050909091 -0.050909091 0.1354525 0.11806908 0.10454545 0.10454545 0.10454545 0.21670222 0.064548634 0.064545455 0.064545455 0.20643912 0.30272727 0.30272727 0.12818182 0.12818182 0.12818106 -0.05 -0.05 0.12454545 0.12454545 0.12454545 0.45727273 0.58090909
-0.46363636 -0.46363636 0.042727273 0.042727273 0.042727273 -0.13545455 -0.13545455 -0.13545455 -0.13545455 0.22545455 0.22545455 0.22545455 0.22545455 0.19310133 -0.23363636 -0.23363636 -0.23363636 -0.23363636 -0.33727273 -0.29272727 -0.29272727 -0.29272727 -0.29272727 0.066363636 0.066363566 -0.11090883 -0.050909091 -0.050909091 -0.050909091 -0.050909091 0.038839702 0.12636364 0.10714152 0.10454545 0.10454545 0.10454545 0.064545455 0.064545455 0.064545455 0.064545455 0.30272727 0.30272727 0.30272727 0.30545369 0.30545455 -0.048402257 -0.05 -0.05 0.12454597 0.12454545 0.45727273 0.45727273 0.58090909
-0.46363636 0.04272727 0.042727273 0.042727273 0.042727273 0.042727273 -0.13446654 -0.0081818182 -0.0081818182 0.22545455 0.22545455 0.22545455 0.22545455 0.22534582 -0.23363636 -0.23363636 -0.23363636 -0.23831898 -0.33727273 -0.33727273 -0.29272727 -0.29272727 0.066363636 0.066363636 0.066363636 0.066363636 -0.050909091 -0.050909091 -0.050909091 -0.050909091 0.12636364 0.12636364 0.12636364 0.10456753 0.10454545 0.10454545 0.064545455 0.064545455 0.064545455 0.064545455 0.30272727 0.30272727 0.30272727 0.30545455 0.30545455 0.30545795 0.36545455 0.36545455 0.25181818 0.25181818 0.45727273 0.45727273 0.58090909
0.037971889 0.042727273 0.042727273 0.042727273 0.042727273 0.042727273 -0.0081818182 -0.0081818182 -0.0081818182 0.11687013 0.22545455 0.22545455 0.22545455 0.22544913 -0.23363636 -0.23363636 -0.23363636 -0.33727273 -0.33727273 -0.33727273 -0.2927295 -0.29272508 0.066363636 0.066363636 0.066363636 0.066363636 -0.050900755 -0.050909091 -0.050909091 0.12632287 0.12636364 0.12636364 0.12636364 0.12636364 0.1047583 0.21545455 0.21545455 0.2128428 0.064545455 0.064545455 0.30272706 0.30272727 0.30537525 0.30545455 0.30545455 0.36545452 0.36545455 0.36545455 0.25181818 0.25181818 0.24545455 0.24545455 0.34272727
0.042727273 0.042727273 0.042727273 0.042727273 0.042727273 0.042727273 -0.0081818182 -0.0081818182 -0.0081818182 -0.0081818166 0.053641314 0.053636364 0.053636364 0.053636364 -0.2336355 -0.10368618 -0.030909091 -0.030909091 -0.33670795 -0.33727273 -0.33727272 0.066363115 0.066363636 0.066363636 0.066363636 0.066363636 0.066278373 -0.050909091 -0.050903032 0.12636364 0.12636364 0.12636364 0.12636364 0.12636364 0.21545455 0.21545455 0.21545455 0.21545455 0.21545455 0.21545438 0.37636364 0.37636364 0.37636358 0.21272727 0.21272727 0.21272727 0.051818182 0.051818182 -0.017272727 -0.017272727 0.24545455 0.24545476 0.34272727
0.042727273 0.042727273 0.042727273 0.042727273 0.042727273 0.042727273 -0.0081818182 -0.0081818182 -0.0081818182 0.053636364 0.053636364 0.053636364 0.053636364 0.053636364 0.031350384 -0.030909091 -0.030909091 -0.030909091 -0.030909091 -0.030909091 -0.045536946 0.066363633 0.066363636 0.066363636 0.066363636 0.064251205 -0.00080367525 -0.044100139 0.12548942 0.12636364 0.12636364 0.12636364 0.12636364 0.12636383 0.21545455 0.21545455 0.21545455 0.21545455 0.21545455 0.29030908 0.37636364 0.37636364 0.37636364 0.21272727 0.21272727 0.21272727 0.051818182 0.051818182 -0.017272727 -0.017272727 0.46363635 0.34939711 0.34272727
0.042727273 0.042727273 0.042727273 0.042727273 0.042727273 0.042727257 -0.0081818064 -0.0081818182 -0.0056160191 0.053636364 0.053636364 0.053636364 0.053636364 0.053636364 0.049581043 -0.030909091 -0.030909091 -0.030909091 -0.030909091 -0.030909091 -0.030909091 0.0092814982 -0.00090899667 -0.00090909091 -0.00090909091 -0.00090909091 -0.00090909091 -0.00090909091 0.14970048 0.15181788 0.15181818 0.15181818 0.15181818 0.15181823 0.21545455 0.21545455 0.21545455 0.21545455 0.21545455 0.37636362 0.37636364 0.37636364 0.37636364 0.37636356 0.21286719 0.3 0.051818208 0.49135313 -0.016820288 0.46363636 0.46363636 0.47265021 0.89727273
0.042727273 0.042727273 0.042727273 0.042727273 0.042727273 0.042724021 -0.0081790724 -0.0081780779 0.053636286 0.053636364 0.053636364 0.053636364 0.053636364 0.053636364 0.052027643 -0.030909091 -0.030909091 -0.030909091 -0.030909091 -0.030909091 -0.030909091 -0.00090909091 -0.00090909091 -0.00090909091 -0.00090909091 -0.00090909091 -0.00090909091 -0.00090909091 0.15177602 0.15181818 0.15181818 0.15181818 0.15181818 0.15181818 0.16925454 0.21545455 0.21545455 0.21545455 0.21545455 0.37636364 0.37636364 0.37636364 0.37636364 0.37634407 0.3 0.3 0.30124781 0.49909091 0.49909091 0.46363636 0.46363636 0.89727273 0.89727273
0.042727273 0.042727273 0.042727273 0.042727273 0.042727272 0.042659379 -0.0081196471 0.046660586 0.053636364 0.053636364 0.053636364 0.053636364 0.053636364 0.053636364 0.05215625 -0.030909091 -0.030909091 -0.030909091 -0.030909091 -0.030909091 -0.026637636 -0.00090909091 -0.00090909091 -0.00090909091 -0.00090909091 -0.00090909091 -0.00090909091 -0.00090909091 0.15181757 0.15181818 0.15181818 0.15181818 0.15181818 0.15181818 0.15181818 0.27325144 0.36310241 0.41223045 0.41970827 0.38103845 0.37636364 0.37636364 0.37636364 0.3000061 0.3 0.30047754 0.38000057 0.49909091 0.49909091 0.99719104 0.99727273 0.99727273 0.89727277
0.042727273 0.042727273 0.042727273 0.042727273 0.042727221 0.042302738 -0.002480531 0.053619365 0.053636364 0.053636364 0.053636364 0.053636364 0.053636364 0.053636364 0.051662097 -0.030909091 -0.030909091 -0.030909091 -0.030909091 -0.030909091 -0.00090922044 -0.00090909091 -0.00090909091 -0.00090909091 -0.00090909091 -0.00090909091 -0.00090909091 -0.00090909091 0.15181814 0.15181818 0.15181818 0.15181818 0.15181818 0.15181818 0.15181824 0.42363636 0.42363636 0.42363636 0.42363636 0.44909091 0.44909091 0.44909091 0.44909091 0.37999977 0.38 0.38 0.38 0.38000268 0.62272727 0.62272727 0.99727273 0.99727273 0.93307148
0.042727273 0.042727273 0.042727273 0.042727269 0.042725851 0.041373239 0.049483064 0.053635556 0.053636364 0.053636364 0.053636364 0.053636364 0.053636364 0.053636364 0.050766369 -0.030909056 -0.030909091 -0.030909091 -0.030909091 -0.030728534 -0.00090909094 -0.00090909091 -0.00090909091 -0.00090909091 -0.00090909091 -0.00090909091 -0.00090909091 -0.00090909091 0.15181815 0.15181818 0.15181818 0.15181818 0.15181818 0.15181818 0.42363611 0.42363636 0.42363636 0.42363636 0.42363636 0.44909091 0.44909091 0.44909091 0.44909091 0.43044357 0.38 0.38 0.38 0.62272456 0.62272727 0.62272727 0.90363636 0.90363636 0.90363636
0.042727273 0.042727273 0.04272727 0.042727157 0.042713489 0.040448183 0.053416773 0.053636161 0.053636364 0.053636364 0.053636364 0.053636364 0.053636364 0.053636358 0.049553003 -0.030907103 -0.030909091 -0.030909091 -0.030909057 -0.0015169384 -0.00090909091 -0.00090909091 -0.00090909091 -0.00090909091 -0.00090909091 -0.00090909091 -0.00090909091 -0.0009090908 0.15181804 0.15181818 0.15181818 0.15181818 0.15181818 0.11255429 0.42363626 0.42363636 0.42363636 0.42363636 0.42363636 0.44909091 0.44909091 0.44909091 0.44909091 0.44909091 0.38 0.38 0.38 0.62272727 0.62272727 0.62272727 0.90363636 0.90363636 0.90363636
0.042727272 0.042727269 0.042727225 0.042725921 0.042660572 0.046305059 0.053599249 0.05363624 0.053636363 0.053636364 0.053636364 0.053636364 0.053636364 0.053636205 0.048110409 -0.030878214 -0.030909089 -0.03090909 -0.030753766 -0.00091164181 -0.00090909091 -0.00090909091 -0.00090909091 -0.00090909091 -0.00090909091 -0.00090909091 -0.00090909091 -0.00090900201 0.15181722 0.15181818 0.15181814 0.10289711 0.098181818 0.098181818 0.098181818 0.42363636 0.42363636 0.42363636 0.42363636 0.44909091 0.44909091 0.44909091 0.44909091 0.44909091 0.38000122 0.38 0.38000012 0.62272726 0.62272727 0.62272743 0.90363636 0.90363636 0.90363636
