interpolatedSpi/01-12|20_2.tif
NCOLS 53
NROWS 52
XLLCORNER -116.03883
YLLCORNER 28.596182
DX 0.49850594
DY 0.49788537
NODATA_VALUE -9999
[rows 0 to 26 of 52, columns 0 to 52 of 53]
0.048333333 0.048333333 -0.14596509 -0.48833333 -0.048333333 -0.020833333 0.27333333 0.26583333 -0.17468392 -0.305 -0.30583333 0.089166667 -0.15162652 0.33583333 -0.1575 -0.1575 -0.1575 0.26666667 0.285 0.285 0.285 0.28499474 -0.26083333 0.024166667 0.024166667 0.024166667 0.41083354 0.41083333 0.41083333 0.185 0.185 0.185 0.185 -0.24999991 -0.25 -0.25 -0.25 -0.25 -0.25 -0.24999996 1.164761 1.1797167 0.068333333 0.068333333 0.068333333 0.068333333 0.06840275 0.11083333 0.11083333 0.11083333 0.85249846 0.8525 0.8525
0.048317745 -0.3025 -0.17666619 -0.076694478 0.15143432 0.32916667 0.37833333 0.0918732 -0.26 -0.0016666667 -0.019166667 -0.15166667 -0.15166667 0.29513616 0.33582848 -0.1575 0.26666667 0.26666667 0.2849761 0.285 0.285 0.285 -9.0259912e-05 0.024166667 0.024166667 0.024166667 -0.13499999 -0.135 0.185 0.185 0.185 0.185 0.185 -0.24999994 -0.25 -0.25 -0.25 -0.25 -0.24999993 -0.16752703 0.18668214 0.082692466 0.068333333 0.068333333 0.068333333 0.068333333 0.068333333 0.11083333 0.11083333 0.11083333 0.17233304 0.8525 0.8525
0.49664035 0.49666667 0.2375 0.71666667 0.19833333 0.0025 0.24 -0.15833333 -0.025833333 -0.0066666666 0.3375 -0.36833333 -0.4125 0.10916667 0.295 0.23833333 0.26666667 0.26666667 0.26666667 0.17003343 0.17 0.17 -0.43666667 0.024166667 0.024166667 0.024166667 -0.135 -0.135 -0.135 0.185 0.185 0.18499995 -0.28837673 -0.24849768 -0.24084727 0.72432259 0.73333333 0.73333333 0.66457707 0.18666667 0.18666667 0.18651535 0.068333333 0.068333333 0.068333333 0.068333333 0.068333333 0.11083333 0.11083333 0.11083333 0.11083333 0.8525 0.8525
0.28833333 0.4966666 0.16245073 0.47416667 -0.046666667 0.13916667 0.35083333 -0.45166667 0.085833333 0.074717238 0.064166667 -0.065833333 -0.12083333 0.10916667 0.11 0.23833333 -0.27851513 -0.28211522 -0.50083333 0.17 0.17 -0.90083333 -0.43666667 -0.43666667 0.024166667 0.024165872 -0.135 -0.135 -0.135 -0.87166667 -0.8314303 -0.79833333 -0.79833333 -0.79833213 0.73333333 0.73333333 0.73333333 0.73333333 0.18666667 0.18666667 0.18666667 0.18666666 0.068333333 0.068333333 0.068333333 0.068333333 0.068333333 0.1108328 0.11083333 0.11083333 0.11083333 0.85243192 0.8525
0.28833333 0.016666934 0.1625 0.12583544 -0.046666667 0.10666667 -0.14579712 -0.22666667 -0.40416667 -0.017500085 0.0076922742 0.020026977 0.20833333 0.11 0.11 0.18768462 -0.2825 -0.2825 -0.50083333 -0.50083333 0.16999785 -0.90083333 -1.3983333 -0.49083333 -0.38916667 -0.38921649 -0.135 -0.135 -0.87166667 -0.87166667 -0.79833333 -0.79833333 -0.79833333 -0.77271879 0.73333333 0.73333333 0.73333333 0.18666667 0.18666667 0.18666667 0.18666667 0.18664704 0.068333332 0.068333333 0.068333333 0.068333333 0.068333333 0.068711636 0.11083333 0.11077314 -1.2316667 -1.2316667 -1.2316667
-0.9575 0.015833333 0.52416666 0.18333333 0.16833333 0.33416667 0.066666667 0.029111599 0.0525 -0.31833333 0.16 -0.27666667 -0.27666635 0.22833333 0.22833333 -0.30414373 -0.30416667 -0.49166667 -0.49166667 -0.50083346 -1.0658333 -1.0658333 -0.49083333 -0.38916667 -0.38916667 -0.6025 -1.0066667 -1.0066667 -0.38421137 -0.87166667 -0.79833333 -0.79833333 -0.6625 -0.66249373 -0.60250435 -0.7725 -0.7725 -0.11007344 0.18666667 0.18666667 -0.016413066 -0.016666665 -0.016665713 -1.0949295 -1.1157025 -1.115833 -1.1158333 -1.1158329 -1.532895 -1.2316667 -1.2316667 -1.2316667 -1.2316667
-0.35333572 0.061666667 -0.58123672 0.12 0.47833333 -0.17333333 0.017500003 0.03 -0.22916667 -0.22916667 0.16 -0.10416667 -0.049166756 0.22833333 -0.20916536 -0.20916667 -0.30416667 -0.30166667 -0.64416667 -0.64416667 -1.0701533 -1.075 -1.075 -0.85416666 -0.6025 -0.6025 -1.0066667 -1.0066667 -0.38418561 -0.38451537 -0.2115394 -0.6625 -0.6625 -0.6025 -0.6025 -0.85419601 -0.7725 -0.7725 -1.1358207 -0.016668225 -0.016666667 -0.016666667 -0.016662971 -1.1158314 -1.1158333 -1.1158333 -1.1158333 -1.1158336 -1.6416667 -1.2317479 -1.2316667 -1.2316667 -1.2316667
-0.35333333 -0.67833333 -0.29916667 -0.72666667 -0.98498519 -0.52333333 -0.023333333 -0.56583332 -0.23083333 -0.21 -0.21 -0.4 -0.049166667 -0.049166667 -0.20806892 -0.43685591 -0.45916667 -0.26916667 -0.70333327 -0.64416667 -1.0609645 -1.0275 -1.3216667 -0.71833334 -0.71833813 -1.09 -1.1375 -1.1375 -0.70802782 -0.70916666 -0.21 -0.5564954 -0.535 -0.6025 -0.60851322 -0.9225 -0.9225 -1.1358333 -1.1358333 -0.016666667 -0.016666667 -0.016666658 -0.75807353 -0.76083335 -1.1158333 -1.1158333 -1.1158333 -1.6416467 -1.6416667 -1.6416667 -1.2316667 -1.2316667 -1.2316667
-0.71461863 -0.67833333 -0.58916667 -0.515 -0.44666667 -0.575 -0.30416667 0.16416667 0.175 0.37236581 0.24916667 -0.055000003 -0.055 -0.2525 -0.25249908 -0.66442633 -0.665 -0.665 -0.33544288 -1.1975 -1.4216667 -1.4216667 -1.0941667 -1.2320127 -1.0525458 -1.09 -1.0841667 -1.1375 -0.86575501 -0.86416667 -0.5625 -0.1525 -0.33297683 -0.92083333 -0.81333333 -0.83416667 -0.79166667 -0.74416667 -0.7533291 -0.014799321 0.40166667 -0.41916666 -0.76079724 -0.76083333 -0.76283147 -1.1158333 -1.33 -1.6416667 -1.6416667 -1.6416667 -1.6416667 -1.1711768 -0.6975
-0.9175 -0.9175 -0.74083333 -0.44 -0.48166667 -0.36 -0.15916667 -0.044166667 0.37833333 0.42249547 0.12083333 0.20666667 -0.2525 -0.2525 -0.155 -0.16199488 -0.665 -0.66494267 -0.40916667 -1.1975 -1.1975 -1.2263802 -1.0941667 -1.2291641 -1.2291667 -1.2291667 -1.0841667 -0.6575 -0.6575 -0.86416667 -0.86416667 -0.15317962 -0.51083333 -0.92083333 -0.72416667 -0.83416667 -0.79166667 -1.2508333 -0.75333333 0.13781916 -0.41916663 -0.46324739 -0.53916667 -0.76083333 -0.76083333 -1.33 -1.33 -1.33 -1.6416667 -1.6416667 -0.74583333 -0.74583333 -0.74583332
-0.9175 -0.9175 -1.0275 -0.8275 -0.89 -0.38166667 -0.58833333 0.058158495 -0.1875 -0.20833333 -0.039166667 -0.20166667 0.20612237 -0.155 -0.155 -0.15503394 -0.44916667 -0.44706728 -0.40916667 -0.38333333 -0.38333333 -0.645 -0.645 -1.2291667 -1.2291667 -1.2291667 -0.6575 -0.6575 -0.6575 -1.1491667 -1.1491667 -1.1491656 -0.78666667 -0.78666667 -0.80416667 -1.1116667 -0.6975 -0.87916453 -1.045 0.1525 0.1525 -0.28250084 -0.53916667 -0.76083333 -0.54750017 -0.72083333 -0.53178593 -0.52833334 -0.60666667 -0.60666667 -0.74583333 -0.74583333 -0.74583333
-0.9175 -0.96494151 -0.94215287 -0.9766595 -0.69333333 -1.05 -0.58833333 0.058333333 -0.18749795 -0.20810253 -0.20166668 -0.20166667 -0.068333333 -0.155 -0.155 -0.44916666 -0.44916667 -0.44916439 -0.40916667 -0.38333333 -0.43471934 -0.645 -0.645 -1.2291429 -1.2291667 -1.1765715 -1.0691667 -1.0691667 -1.0691666 -1.1491667 -1.1491667 -1.1125 -1.1125 -0.78666671 -0.80416667 -0.64833351 -0.68627519 -0.87916667 -0.87916667 0.15249999 -0.2825 -0.2825 -0.28250196 -0.5475 -0.5475 -0.72083333 -0.52833333 -0.52833333 -0.60666667 -0.60666667 -0.74583333 -0.74583333 -0.74583333
-0.13 -0.037731837 0.044133912 0.03677255 -0.69333515 -1.0499916 -0.58833335 0.050373235 -0.17055957 -0.18804401 -0.068333333 -0.068333333 -0.068333333 -0.068333333 -0.15498772 -0.44916667 -0.44916667 -0.4486502 -0.40916667 -0.38333471 -0.3875 -0.3875 -0.3875 -0.3875 -1.2147962 -1.0691667 -1.0691667 -1.0691667 -1.0691667 -1.0691566 -1.1125 -1.1125 -1.1125 -1.1125 -0.64833333 -0.64833333 -0.64833333 -0.86774303 -0.87491695 -0.31333333 -0.31333333 -0.28250166 -0.31334135 -0.54747745 -0.5475 -0.72083333 -0.52833333 -0.52833333 -0.60666666 -0.60666667 -0.74532845 -0.74583333 -0.56396863
-0.13 0.044166667 0.044166667 0.044166667 0.044166667 0.044166208 -0.58951503 -0.28238664 -0.12536409 -0.068462225 -0.068333333 -0.068333333 -0.068333333 -0.068333333 -0.068333564 -0.44916666 -0.44916666 -0.44642294 -0.40916715 -0.3875 -0.3875 -0.3875 -0.3875 -0.3875 -0.39258262 -0.90617452 -0.86416671 -0.86416667 -0.86416667 -0.86416667 -1.1125 -1.1125 -1.1124998 -0.90833333 -0.90833333 -0.64833333 -0.42715972 -0.42083333 -0.3133334 -0.31333333 -0.31333333 -0.31333333 -0.31333333 -0.31333333 -0.31333333 -0.31616916 -0.33960952 -0.33833333 -0.33833333 -0.33833333 -0.33833334 0.48083308 0.48083333
0.0375 0.044166667 0.044166667 0.044166667 0.044166667 0.044166667 0.044166624 -0.43568409 -0.38267291 -0.38416667 -0.38416667 -0.38416667 -0.38416667 -0.38416667 -0.38416666 -0.29273207 -0.44665044 -0.4436893 -0.38750274 -0.3875 -0.3875 -0.3875 -0.3875 -0.38750016 -0.6225 -0.6225 -0.62250034 -0.86416667 -0.86416667 -0.86410826 -0.835 -0.835 -0.90833333 -0.90833333 -0.90833333 -0.49892544 -0.42083333 -0.42083333 -0.42083333 -0.31333333 -0.31333333 -0.31333333 -0.31333333 -0.31333333 -0.31333333 -0.31333333 -0.33833333 -0.33833333 -0.33833333 -0.33833333 -0.33833333 0.48083333 0.48083333
0.0375 0.039981924 0.044166667 0.044166667 0.044166667 0.044166667 -0.43323962 -0.43333333 -0.43333333 -0.38416667 -0.38416667 -0.38416667 -0.38416667 -0.38416667 -0.36357668 -0.29083333 -0.29083333 -0.29083333 -0.52458096 -0.52499986 -0.525 -0.525 -0.525 -0.525 -0.6225 -0.6225 -0.6225 -0.6225 -0.86416667 -0.835 -0.835 -0.835 -0.90833333 -0.90833333 -0.90833333 -0.235 -0.42058728 -0.42083333 -0.42083333 -0.31334012 -0.32679602 -0.35819884 -0.31333333 -0.31333333 -0.21862651 -0.21833333 -0.21833333 -0.33787449 -0.060142228 -0.059166691 -0.05916672 0.1950432 0.48083275
0.0375 -0.11576984 -0.038909224 0.044166667 0.044166667 -0.4330512 -0.43333333 -0.43333333 -0.43333333 -0.43297902 -0.38416667 -0.38416667 -0.38416667 -0.38416666 -0.29083333 -0.29083333 -0.29083333 -0.29083333 -0.52479082 -0.525 -0.525 -0.525 -0.525 -0.525 -0.6225 -0.6225 -0.6225 -0.6225 -0.62327293 -0.835 -0.835 -0.835 -0.41500001 -0.90825293 -0.235 -0.235 -0.235 -0.2381742 -0.36229516 -0.35833333 -0.35833333 -0.35833333 -0.2825 -0.2825 -0.21833333 -0.21833333 -0.21833333 -0.059166669 -0.059166667 -0.059166667 -0.059166667 0.195 0.195
-0.1197913 -0.12 -0.12 -0.12 -0.35083333 -0.43333121 -0.43333333 -0.43333333 -0.43333333 -0.43333333 -0.35621775 -0.38416186 -0.38416666 -0.29083333 -0.29083333 -0.29083333 -0.29083333 -0.29083333 -0.34264883 -0.525 -0.525 -0.525 -0.525 -0.525 -0.48078042 -0.33500156 -0.335 -0.335 -0.335 -0.83499998 -0.41500001 -0.415 -0.415 -0.415 -0.235 -0.23500757 -0.5225 -0.5225 -0.3603832 -0.35833333 -0.35833333 -0.35833333 -0.2825 -0.2825 -0.22826854 -0.21833333 -0.21833333 -0.059166667 -0.059166667 -0.059166667 -0.056441339 0.195 0.195
-0.12 -0.12 -0.12 -0.22870286 -0.35083333 -0.35083333 -0.43333333 -0.43333333 -0.43333333 -0.43333333 -0.015 -0.015 -0.015 -0.29083333 -0.29083333 -0.29083333 -0.29083333 -0.29087905 -0.82083333 -0.82083333 -0.52500012 -0.525 -0.52564922 -0.55166667 -0.54971611 -0.335 -0.335 -0.335 -0.335 -0.41499185 -0.415 -0.415 -0.415 -0.415 -0.52249899 -0.5225 -0.5225 -0.5225 -0.5219022 -0.35833333 -0.35833333 -0.35833333 -0.2825 -0.2825 -0.2825 -0.21833333 -0.21833333 -0.059166667 -0.059166667 -0.059166666 0.195 0.195 0.195
-0.12 -0.12 -0.12 -0.35083333 -0.35083333 -0.35083333 -0.35083346 -0.43333333 -0.43333333 -0.01543184 -0.015 -0.015 -0.015 -0.015171861 -0.51477353 -0.5675 -0.5675 -0.5675 -0.82083333 -0.82083333 -0.82083333 -0.55166667 -0.55166667 -0.55166667 -0.55161414 -0.35029863 -0.335 -0.335 -0.335 -0.26203708 -0.22918494 -0.22916667 -0.22916667 -0.22916667 -0.37470726 -0.16750081 -0.1675 -0.1675 -0.1675 -0.17169221 -0.17166667 -0.17166667 -0.2825 -0.2825 0.16833145 0.16833328 0.031666667 0.031666667 0.096666667 0.096666667 0.096666667 0.195 0.4705867
-0.11999975 -0.12 -0.12000001 -0.35083333 -0.35083333 -0.35083333 -0.35083333 -0.46083333 -0.43344329 -0.015088411 -0.015 -0.015 -0.015 -0.016084157 -0.5675 -0.5675 -0.5675 -0.56750007 -0.82083333 -0.82083333 -0.82083333 -0.55166667 -0.55166667 -0.55166667 -0.36416667 -0.36416667 -0.3275 -0.3275 -0.3275 -0.32696356 -0.22916667 -0.22916667 -0.22916667 -0.22916667 -0.1983503 -0.1675 -0.1675 -0.1675 -0.1675 -0.17166667 -0.17166667 -0.17166667 -0.16096897 0.16833333 0.16833333 0.16833333 0.031666667 0.031666667 0.096666667 0.096666667 0.096666667 0.47083332 0.47083333
-0.04 -0.088685447 -0.42916667 -0.42914394 -0.35083333 -0.46019688 -0.46083333 -0.46083333 -0.41801884 -0.11250001 -0.1125 -0.1125 -0.1125 -0.66831524 -0.66833333 -0.56750008 -0.5675 -0.57417496 -0.82083333 -0.82083333 -0.82083333 -0.81416667 -0.81416667 -0.81416667 -0.36416667 -0.36416667 -0.3275 -0.3275 -0.3275 -0.32749989 -0.17583367 -0.17583348 -0.22782621 -0.22910949 -0.40562989 -0.40583333 -0.40583333 -0.40583333 -0.40583333 -0.17166667 -0.17166667 -0.17166667 0.14961172 0.16833333 0.16833333 0.16833329 0.031666667 0.031666667 0.031669007 0.096666667 0.096676728 0.32166667 0.47083333
-0.35827288 -0.35833335 -0.42916667 -0.42916667 -0.42916667 -0.46083333 -0.46083333 -0.46083333 -0.34333333 -0.34333333 -0.1125 -0.1125 -0.1125 -0.66833333 -0.66833333 -0.66833333 -0.66833333 -0.66834987 -0.82083333 -0.82083333 -0.82083333 -0.81416667 -0.81416667 -0.81416667 -0.36416667 -0.36416667 -0.3275 -0.3275 -0.3275 -0.17754339 -0.17583333 -0.17583333 -0.17583333 -0.17583333 -0.40571984 -0.40583333 -0.40583333 -0.40583333 -0.40583333 -0.40166661 -0.40166667 -0.40166667 -0.40166667 0.16833134 -0.090833333 -0.090833333 -0.090833333 0.14 0.14 0.14 0.32166667 0.32166667 0.32166667
-0.35833333 -0.35833333 -0.42916667 -0.42916667 -0.42916667 -0.46066689 -0.46083333 -0.34333333 -0.34333333 -0.34333333 -0.11252842 -0.1125 -0.62252201 -0.66833335 -0.66833333 -0.66833333 -0.66833333 -0.82833333 -0.82833333 -0.82833333 -0.925 -0.92499992 -0.81416721 -0.81416667 -0.81406897 -0.8625 -0.8625 -0.86249872 -0.32758646 -0.11917796 -0.11916697 -0.11917656 -0.17573648 -0.17578443 -0.36483283 -0.40583333 -0.40583054 -0.405 -0.405 -0.40166667 -0.40166667 -0.40166667 -0.40166667 -0.090833333 -0.090833333 -0.090833333 -0.090833333 0.14 0.14 0.14 0.32166667 0.32166667 0.32166667
-0.35833333 -0.35833333 -0.42916667 -0.42916667 -0.42916667 -0.42916667 -0.41685652 -0.34333333 -0.34333333 -0.34333333 -0.3435506 -0.73666667 -0.73666667 -0.73666667 -0.66873604 -0.66833333 -0.82726713 -0.82833333 -0.82833333 -0.82833333 -0.925 -0.925 -0.925 -0.925 -0.8625 -0.8625 -0.8625 -0.8625 -0.8625 -0.11916667 -0.11916667 -0.11916667 -0.11916667 -0.11916692 -0.2375 -0.405 -0.405 -0.405 -0.405 -0.40500027 -0.49083333 -0.49083333 -0.49083333 -0.4051401 -0.2275 -0.2275 -0.2275 0.13999999 0.13999996 0.10166667 0.10166667 0.20752777 0.2075
-0.35833333 -0.35833333 -0.40360081 -0.42916667 -0.42916667 -0.42916668 -1.180179 -0.3459753 -0.34333333 -0.34333333 -0.73666672 -0.73666667 -0.73666667 -0.73666667 -0.73666667 -0.73107924 -0.82833333 -0.82833333 -0.82833333 -0.82833333 -0.92499925 -0.925 -0.925 -0.925 -0.8625 -0.8625 -0.8625 -0.8625 -0.8625 -0.50219241 -0.11916667 -0.11916667 -0.11916667 -0.2375 -0.2375 -0.23763007 -0.405 -0.405 -0.34825317 -0.30416668 -0.49083333 -0.49083333 -0.49083333 -0.40566064 -0.2275 -0.2275 -0.2275 0.005 0.10046221 0.10166667 0.10166667 0.2075 0.2075
-0.97166667 -0.97166667 -0.97166667 -0.56518633 -0.43052855 -1.1816667 -1.1816667 -1.1816667 -1.1816667 -0.98166667 -0.98166667 -0.73666668 -0.73666667 -0.73666667 -0.73666667 -0.73667248 -0.82833333 -0.82833333 -0.82833333 -0.82833333 -0.8828178 -0.925 -0.925 -0.91876272 -0.69449633 -0.8625 -0.8625 -0.8625 -0.6375 -0.6375 -0.6375 -0.63749782 -0.2375 -0.2375 -0.2375 -0.2375 -0.30416667 -0.30416667 -0.30416667 -0.30416667 -0.5775 -0.5775 -0.5775 -0.065843621 -0.065833333 -0.065833333 -0.065833384 0.005 0.005 0.10154888 0.10166667 0.2074987 0.2075
