interpolatedSpi/01-12|23_2.tif
NCOLS 53
NROWS 52
XLLCORNER -116.03883
YLLCORNER 28.596182
DX 0.49850594
DY 0.49788537
NODATA_VALUE -9999
[rows 0 to 27 of 52, columns 0 to 52 of 53]
-0.54166667 -0.54166667 -0.77023148 -0.94333333 -0.455 -0.66416667 -0.7 -0.56916667 -0.98784102 -0.95583333 -0.6575 -0.85 -1.1141335 -0.71166667 -0.445 -0.445 -0.445 -0.735 -0.64833333 -0.64833333 -0.64833333 -0.6483317 -0.47833334 -0.77166667 -0.77166667 -0.77166667 -0.98250049 -0.9825 -0.9825 -1.4658333 -1.4658333 -1.4658333 -1.4658333 -1.655 -1.655 -1.655 -1.655 -1.655 -1.655 -1.655 -0.11079918 -0.094421651 -1.095 -1.095 -1.095 -1.095 -1.0940214 -0.49583333 -0.49583333 -0.49583333 -0.19416729 -0.19416667 -0.19416667
-0.54168907 -1.0458333 -0.78916674 -0.78916667 -0.83255923 -0.86416667 -0.9425 -0.80249282 -1.0341667 -0.76833333 -1.0358333 -1.1141667 -1.1141667 -0.95501917 -0.71166726 -0.445 -0.735 -0.735 -0.64844634 -0.64833333 -0.64833333 -0.64833333 -0.78258886 -0.77166667 -0.77166667 -0.77166667 -0.83916666 -0.83916667 -1.4658333 -1.4658333 -1.4658333 -1.4658333 -1.4658333 -1.655 -1.655 -1.655 -1.655 -1.655 -1.6549999 -1.4358158 -0.30592253 -0.99924128 -1.095 -1.095 -1.095 -1.095 -1.095 -0.49583333 -0.49583333 -0.49583333 -0.47081884 -0.19416667 -0.19416667
-0.0025288181 -0.0025 -0.855 -0.63583333 -0.98416667 -0.4825 -0.75333333 -0.44666667 -1.0591667 -1.115 -1.0633333 -1.1075 -1.2508333 -1.0933333 -0.95583333 -1.5133333 -0.735 -0.735 -0.735 -0.60084714 -0.60083333 -0.60083333 -0.97916667 -0.77166667 -0.77166667 -0.77166667 -0.83916667 -0.83916667 -0.83916667 -1.4658333 -1.4658333 -1.4658333 -1.3490938 -1.652959 -1.6472202 -0.8268258 -0.81916667 -0.81916667 -0.75460286 -0.30583334 -0.30583333 -0.30684248 -1.095 -1.095 -1.095 -1.095 -1.095 -0.49583333 -0.49583333 -0.49583333 -0.49583333 -0.19416667 -0.19416667
0.17833333 -0.002500092 -0.45845167 -0.42416667 -1.0125 -0.94333333 -0.9225 -1.2175 -0.75166667 -0.96732226 -1.2483333 -1.2575 -1.315 -1.0933333 -1.3166667 -1.5133333 -1.0585067 -1.0547758 -0.905 -0.60083333 -0.60083333 -1.0416667 -0.97916667 -0.97916667 -0.77166667 -0.771667 -0.83916667 -0.83916667 -0.83916667 -0.9575 -1.1033568 -1.2233333 -1.2233333 -1.223333 -0.81916667 -0.81916667 -0.81916667 -0.81916667 -0.30583333 -0.30583333 -0.30583333 -0.30583336 -1.095 -1.095 -1.095 -1.095 -1.095 -0.49584089 -0.49583333 -0.49583333 -0.49583333 -0.19419887 -0.19416667
0.17833333 -0.15416722 -0.45833333 -0.86951249 -1.0125 -1.1358333 -1.1649999 -1.5425 -1.535 -1.1533335 -1.2758275 -1.329901 -0.63916667 -1.3166667 -1.3166667 -1.441055 -1.055 -1.055 -0.905 -0.905 -0.60083421 -1.0416667 -0.86833333 -0.425 -0.70583333 -0.70579536 -0.83916667 -0.83916667 -0.9575 -0.9575 -1.2233333 -1.2233333 -1.2233333 -1.131561 -0.81916667 -0.81916667 -0.81916667 -0.30583333 -0.30583333 -0.30583333 -0.30583333 -0.30586149 -1.095 -1.095 -1.095 -1.095 -1.095 -1.0896667 -0.49583333 -0.49586401 -1.18 -1.18 -1.18
-1.335 -0.58833333 -0.46166664 -0.4075 -0.6975 -0.92666667 -1.3308333 -1.3579327 -1.3283333 -1.5658333 -1.48 -1.2025 -1.2024996 -1.135 -1.135 -0.71995513 -0.72 -0.90833333 -0.90833333 -0.9049996 -1.0325 -1.0325 -0.425 -0.70583333 -0.70583333 -0.54333333 -1.0991667 -1.0991667 -0.63419669 -0.9575 -1.2233333 -1.2233333 -0.73666667 -0.73665178 -0.59417686 -0.53166667 -0.53166667 -0.37570003 -0.30583333 -0.30583333 -0.59713623 -0.5975 -0.59749907 -0.61692433 -0.60838712 -0.60833346 -0.60833335 -0.60833352 -1.091532 -1.18 -1.18 -1.18 -1.18
-0.43250254 -0.4075 -0.43651047 -0.455 -0.445 -1.1308333 -0.90583334 -1.3016667 -1.7041667 -1.7041667 -1.48 -1.48 -1.2625 -1.135 -0.53416847 -0.53416667 -0.72 -0.48083333 -0.45333333 -0.45333333 -0.8922987 -0.735 -0.735 -0.64833333 -0.54333333 -0.54333333 -1.0991667 -1.0991667 -0.63419551 -0.63469776 -0.44129436 -0.73666667 -0.73666667 -0.59416667 -0.59416667 -0.67191148 -0.53166667 -0.53166667 -0.79415757 -0.59750027 -0.5975 -0.5975 -0.59749538 -0.60833431 -0.60833333 -0.60833333 -0.60833333 -0.60833363 -1.0975 -1.1799837 -1.18 -1.18 -1.18
-0.4325 -0.845 -0.3975 -0.90083333 -0.66917995 -0.91 -1.2125 -1.4541667 -1.265 -1.5691667 -1.5691667 -1.1066667 -1.2625 -1.2625 -0.53916371 -0.73908698 -0.75916667 -0.37416667 -0.46166666 -0.45333333 -0.14579598 -0.065 -0.865 -0.13666667 -0.13667691 -0.93083333 -0.56833333 -0.56833352 -1.1274321 -1.1291667 -0.43916667 -0.64936964 -0.55166667 -0.59416667 -0.59775558 -0.78916667 -0.78916667 -0.79416667 -0.79416667 -0.5975 -0.5975 -0.59749999 -0.78146013 -0.78333332 -0.60833333 -0.60833333 -0.60833333 -1.0974814 -1.0975 -1.0975 -1.18 -1.18 -1.18
-0.88229674 -0.84499999 -0.34416667 -0.97833333 -0.67833333 -1.1808333 -0.80166667 -0.5375 -1.1991667 -0.49210532 -0.6075 -1.1375 -1.1375 -0.51583333 -0.51583277 -0.68603772 -0.68583333 -0.68583333 -0.38752368 -1.0341667 -1.0166667 -1.0166667 -1.0375 -0.93297941 -0.8508023 -0.93083333 -0.585 -0.56833333 -0.62384222 -0.62416667 -0.67666667 -0.82083333 -0.70037549 -0.96583333 -0.72 -0.8075 -0.825 -0.6975 -0.50425594 -0.59576657 -0.20916667 -0.5075 -0.78330416 -0.78333333 -0.78234834 -0.60833333 -1.2366666 -1.0975 -1.0975 -1.0975 -1.0975 -1.0934673 -0.2425
-1.0908333 -1.0908333 -0.315 -0.50083333 -1.0308333 -0.8 -0.6225 -0.96416667 -0.575 -0.31255537 -0.97583333 -0.12083333 -0.51583333 -0.51583333 -0.45583333 -0.45898789 -0.68583333 -0.68574084 -0.26333333 -1.0341667 -1.0341667 -1.0319121 -1.0375 -0.80417109 -0.80416667 -0.80416667 -0.585 -0.36333333 -0.36333333 -0.62416667 -0.62416667 -0.82037973 -0.58166667 -0.96583333 -0.81 -0.8075 -0.825 -0.92583333 -0.50416667 -0.27051583 -0.50749999 -0.54300947 -0.60416667 -0.78333333 -0.78333333 -1.2366667 -1.2366667 -1.2366667 -1.0975 -1.0975 -0.485 -0.485 -0.48499991
-1.0908333 -1.0908333 -1.0091667 -1.1416667 -0.96166667 -0.46416667 -1.0766667 -0.31006077 -0.60416667 -0.4825 -0.25916667 -0.093333333 -0.12079731 -0.45583333 -0.45583333 -0.45582978 -0.425 -0.41651497 -0.26333333 -0.26916667 -0.26916667 -0.435 -0.435 -0.80416667 -0.80416667 -0.80416667 -0.36333333 -0.36333333 -0.36333333 -0.7125 -0.7125 -0.71249978 -0.73916667 -0.73916667 -1.31 -1.1008333 -0.52833333 -0.65833801 -0.59916667 -0.26666667 -0.26666667 -0.64166654 -0.60416667 -0.78333333 -0.26500027 -0.495 -0.46998288 -0.46666667 -0.49583333 -0.49583333 -0.485 -0.485 -0.485
-1.0908333 -1.0556056 -1.0657091 -1.1616577 -0.57583333 -0.77333333 -1.0766667 -0.30916667 -0.6041642 -0.48384792 -0.09333384 -0.093333333 -1.1858419e-15 -0.45583333 -0.45583333 -0.425 -0.425 -0.4249908 -0.26333333 -0.26916667 -0.30173296 -0.435 -0.435 -0.80415136 -0.80416667 -0.6565168 -0.355 -0.355 -0.355 -0.7125 -0.7125 -0.395 -0.395 -0.73916823 -1.31 -0.58666696 -0.637374 -0.65833333 -0.65833333 -0.26666668 -0.64166667 -0.64166667 -0.64166394 -0.265 -0.265 -0.495 -0.46666667 -0.46666667 -0.49583333 -0.49583333 -0.485 -0.485 -0.485
-0.49083333 -0.57543072 -0.53668905 -0.54118721 -0.57583446 -0.77332867 -1.0766667 -0.31861415 -0.58383815 -0.60098963 -3.4910224e-13 -3.8460595e-63 -1.0377679e-57 -2.1399722e-19 -0.45576876 -0.425 -0.425 -0.42291263 -0.26333333 -0.26907888 0.034166667 0.034166667 0.034166667 0.034166667 -0.78960796 -0.355 -0.355 -0.355 -0.355 -0.35507854 -0.395 -0.395 -0.395 -0.395 -0.58666667 -0.58666667 -0.58666667 -0.65551944 -0.6564244 -0.40416667 -0.40416667 -0.64165389 -0.32249803 -0.26500554 -0.265 -0.495 -0.46666667 -0.46666667 -0.49583333 -0.49583333 -0.4850393 -0.485 -0.81809396
-0.49083333 -0.53666667 -0.53666667 -0.53666667 -0.53666667 -0.53666677 -1.0758901 -0.71355249 -0.52960355 -0.00064757997 1.6414418e-14 6.3673463e-25 3.3116814e-23 4.3401079e-13 8.950226e-08 -0.425 -0.42499997 -0.41391077 -0.26333462 0.034166667 0.034166667 0.034166667 0.034166667 0.034166667 0.04086637 -0.012325172 0.1149999 0.115 0.115 0.115 -0.39499999 -0.395 -0.39499927 0.21416667 0.21416667 -0.58666667 0.089816741 0.10916667 -0.40416637 -0.40416667 -0.40416667 -0.40416667 -0.3225 -0.3225 -0.3225 -0.32370044 0.1410144 0.145 0.145 0.145 0.14499999 -0.25416671 -0.25416667
-0.67 -0.53666667 -0.53666667 -0.53666667 -0.53666667 -0.53666667 -0.5366667 -0.58056416 0.13000323 0.13333333 0.13333333 0.13333333 0.13333333 0.13333333 0.13333333 0.34799217 -0.41264708 -0.40286225 0.034129207 0.034166667 0.034166667 0.034166667 0.034166667 0.034167005 0.34416667 0.34416667 0.34416634 0.115 0.115 0.11585271 0.54083333 0.54083333 0.21416667 0.21416667 0.21416667 0.12598671 0.10916667 0.10916667 0.10916667 -0.40416667 -0.40416667 -0.40416667 -0.3225 -0.3225 -0.3225 -0.3225 0.145 0.145 0.145 0.145 0.145 -0.25416667 -0.25416667
-0.67 -0.62036151 -0.53666667 -0.53666667 -0.53666667 -0.53666667 0.20902028 0.20916667 0.20916666 0.13333333 0.13333333 0.13333333 0.13333333 0.13333333 0.18168303 0.3525 0.3525 0.3525 0.32411449 0.3249997 0.325 0.325 0.325 0.325 0.34416667 0.34416667 0.34416667 0.34416667 0.115 0.54083333 0.54083333 0.54083333 0.2141667 0.21416667 0.21416667 0.52166667 0.10971283 0.10916667 0.10916667 -0.40410991 -0.29122973 -0.027794931 -0.3225 -0.3225 0.07294253 0.074166667 0.074166667 0.14481498 0.032893137 0.03250001 0.032500021 0.0016279508 -0.25416615
-0.67 -0.15747804 -0.33762189 -0.53666667 -0.53666667 0.20872599 0.20916667 0.20916667 0.20916667 0.20862019 0.13333333 0.13333333 0.13333333 0.13333336 0.3525 0.3525 0.3525 0.3525 0.32502457 0.325 0.325 0.325 0.325 0.325 0.34416667 0.34416667 0.34416667 0.34416667 0.34488201 0.54083333 0.54083333 0.54083333 0.61333333 0.21420758 0.52166667 0.52166667 0.52166667 0.52148023 -0.018050649 -0.026666667 -0.026666667 -0.026666667 -0.13166667 -0.13166667 0.074166667 0.074166667 0.074166667 0.032500001 0.0325 0.0325 0.0325 0.0016666667 0.0016666667
-0.14357219 -0.14333333 -0.14333333 -0.14333333 0.4275 0.2091723 0.20916667 0.20916667 0.20916667 0.20916667 0.14039946 0.13333455 0.13333334 0.3525 0.3525 0.3525 0.3525 0.3525 0.37354386 0.325 0.325 0.325 0.325 0.325 0.39979292 0.50583246 0.50583333 0.50583333 0.50583333 0.54083334 0.61333333 0.61333333 0.61333333 0.61333333 0.52166667 0.52166629 0.5075 0.5075 -0.0199968 -0.026666667 -0.026666667 -0.026666667 -0.13166667 -0.13166667 0.042296579 0.074166667 0.074166667 0.0325 0.0325 0.0325 0.032169386 0.0016666667 0.0016666667
-0.14333333 -0.14333333 -0.14333333 0.1254806 0.4275 0.4275 0.20916667 0.20916667 0.20916667 0.20916667 0.22666667 0.22666667 0.22666667 0.3525 0.3525 0.3525 0.3525 0.35256459 0.72 0.72 0.32500016 0.325 0.32948368 0.50916667 0.50913666 0.50583333 0.50583333 0.50583333 0.50583333 0.61332239 0.61333333 0.61333333 0.61333333 0.61333333 0.50750005 0.5075 0.5075 0.5075 0.50561007 -0.026666667 -0.026666667 -0.026666667 -0.13166667 -0.13166667 -0.13166667 0.074166667 0.074166667 0.032500001 0.0325 0.0325 0.0016666668 0.0016666667 0.0016666667
-0.14333333 -0.14333333 -0.14333333 0.4275 0.4275 0.4275 0.42749967 0.20916667 0.20916667 0.2266486 0.22666667 0.22666667 0.22666667 0.22674507 0.66884926 0.74333333 0.74333333 0.74333333 0.72 0.72 0.72 0.50916667 0.50916667 0.50916667 0.50918674 0.54517266 0.50583333 0.50583333 0.50583333 0.62986341 0.63666437 0.63666667 0.63666667 0.63666667 0.42670041 0.31250044 0.3125 0.3125 0.3125 0.131645 0.13166667 0.13166667 -0.13166667 -0.13166667 0.14833216 0.14833331 0.069166667 0.069166667 0.20583333 0.20583333 0.20583333 0.0016666667 0.076599608
-0.1433323 -0.14333333 -0.14333331 0.4275 0.4275 0.4275 0.4275 0.40166661 0.20993636 0.22668329 0.22666667 0.22666667 0.22666667 0.22768051 0.74333333 0.74333333 0.74333333 0.74333333 0.72 0.72 0.72 0.50916667 0.50916667 0.50916667 0.58083333 0.58083333 0.86916666 0.86916667 0.86916667 0.86789831 0.63666667 0.63666667 0.63666667 0.63666667 0.47467234 0.3125 0.3125 0.3125 0.3125 0.13166667 0.13166667 0.13166667 0.13219106 0.14833333 0.14833333 0.14833333 0.069166667 0.069166667 0.20583333 0.20583333 0.20583333 0.076666671 0.076666667
0.19 0.043265985 0.265 0.26504714 0.4275 0.40181614 0.40166667 0.40166667 0.47666793 0.24500001 0.245 0.245 0.245 1.0324744 1.0325 0.74333356 0.74333333 0.74271853 0.72 0.72 0.72 0.5675 0.5675 0.5675 0.58083333 0.58083333 0.86916667 0.86916667 0.86916667 0.86916671 0.92666482 0.92666585 0.64395538 0.63697757 0.3686401 0.36833333 0.36833333 0.36833333 0.36833333 0.13166667 0.13166667 0.13166667 0.14741575 0.14833333 0.14833333 0.14833328 0.069166667 0.069166667 0.069171586 0.20583333 0.20581511 -0.20166667 0.076666667
0.32247484 0.32249999 0.265 0.265 0.265 0.40166667 0.40166667 0.40166667 0.6075 0.6075 0.245 0.245 0.245 1.0325 1.0325 1.0325 1.0325 1.0324642 0.72 0.72 0.71999999 0.5675 0.5675 0.5675 0.58083333 0.58083333 0.86916667 0.86916667 0.86916667 0.92601835 0.92666667 0.92666667 0.92666667 0.92666667 0.36860884 0.36833333 0.36833333 0.36833333 0.36833333 0.33999995 0.34 0.34 0.34 0.14833084 -0.17666667 -0.17666667 -0.17666667 -0.40166667 -0.40166667 -0.40166667 -0.20166667 -0.20166667 -0.20166667
0.3225 0.3225 0.265 0.265 0.265 0.40094832 0.40166667 0.6075 0.6075 0.6075 0.24504462 0.245 0.51124647 1.0324999 1.0325 1.0325 1.0325 0.54916667 0.54916667 0.54916667 0.53 0.53000003 0.56749982 0.5675 0.56763664 0.79166667 0.79166667 0.79166685 0.86915414 0.79419307 0.79416737 0.7941898 0.92644021 0.92655232 0.46768751 0.36833327 0.36778597 0.205 0.205 0.34 0.34 0.34 0.34 -0.17666667 -0.17666667 -0.17666667 -0.17666667 -0.40166667 -0.40166667 -0.40166667 -0.20166667 -0.20166667 -0.20166667
0.3225 0.3225 0.265 0.265 0.265 0.265 0.47870407 0.6075 0.6075 0.6075 0.60747975 0.57083333 0.57083333 0.57083333 1.0297793 1.0325 0.55238748 0.54916667 0.54916667 0.54916667 0.53 0.53 0.53 0.53 0.79166667 0.79166667 0.79166667 0.79166667 0.79166667 0.79416667 0.79416667 0.79416667 0.79416667 0.79416568 0.32666667 0.205 0.205 0.205 0.205 0.20499913 -0.09 -0.09 -0.09 -0.1428793 -0.2525 -0.2525 -0.2525 -0.40166666 -0.40166679 -0.52833333 -0.52833333 -0.041705591 -0.041666667
0.3225 0.3225 0.28575346 0.265 0.265 0.26500001 0.61415484 0.60752101 0.6075 0.6075 0.57083332 0.57083333 0.57083333 0.57083333 0.57083333 0.60867144 0.54916667 0.54916667 0.54916667 0.54916667 0.53000015 0.53 0.53 0.53 0.79166667 0.79166667 0.79166667 0.79166667 0.79166667 0.46964164 0.79416667 0.79416667 0.79416667 0.32666667 0.32666667 0.32657219 0.205 0.205 -0.12750831 -0.38583328 -0.09 -0.09 -0.09 -0.14264658 -0.2525 -0.2525 -0.2525 -0.41833333 -0.52696274 -0.52833333 -0.52833333 -0.041666667 -0.041666667
0.62083333 0.62083333 0.62083333 0.3542172 0.26535525 0.61416667 0.61416667 0.61416667 0.61416667 0.52333333 0.52333333 0.57083333 0.57083333 0.57083333 0.57083333 0.57083194 0.54916667 0.54916667 0.54916667 0.54916667 0.53836371 0.53 0.53 0.53143937 0.59420263 0.79166667 0.79166667 0.79166667 0.355 0.355 0.355 0.35500184 0.32666667 0.32666667 0.32666667 0.32666667 -0.38583333 -0.38583333 -0.38583333 -0.38583333 -0.26833333 -0.26833333 -0.26833333 -0.37666449 -0.37666667 -0.37666667 -0.37666663 -0.41833333 -0.41833333 -0.5281993 -0.52833333 -0.041668154 -0.041666667
0.62083333 0.62083333 0.62083333 0.6208271 0.505 0.52087463 0.61416667 0.61416667 0.61416667 0.52333333 0.52333333 0.52333333 0.020000025 0.02 0.02 0.020000007 0.54809505 0.54916667 0.54916667 0.54916667 0.54887903 0.58499985 0.585 0.585 0.585 0.58499999 0.29166667 0.29166667 0.355 0.355 0.355 0.355 0.32666653 0.32666667 0.32666667 0.32665173 -0.38583333 -0.38583333 -0.38583333 -0.38556281 -0.26833333 -0.26833333 -0.26833333 -0.37666164 -0.37666667 -0.37666667 -0.37666667 -0.41833333 -0.41833333 -0.41833332 -0.33666667 -0.33666667 -0.15333333
