interpolatedSpi/01-12|23_3.tif
NCOLS 53
NROWS 52
XLLCORNER -116.03883
YLLCORNER 28.596182
DX 0.49850594
DY 0.49788537
NODATA_VALUE -9999
[rows 0 to 28 of 52, columns 0 to 52 of 53]
-0.45416667 -0.45416667 -0.67784188 -0.64 -0.29833333 -0.46166667 -0.55166667 -0.39 -0.98780308 -0.94666667 -0.55666667 -0.74333333 -1.0441287 -0.58333333 -0.43666667 -0.43666667 -0.43666667 -0.76083333 -0.63416667 -0.63416667 -0.63416667 -0.63416558 -0.52166667 -0.84833333 -0.84833333 -0.84833333 -1.1041674 -1.1041667 -1.1041667 -1.5766667 -1.5766667 -1.5766667 -1.5766667 -1.8225 -1.8225 -1.8225 -1.8225 -1.8225 -1.8225 -1.8224999 0.054779853 0.074683657 -1.1666667 -1.1666667 -1.1666667 -1.1666667 -1.1656976 -0.57333333 -0.57333333 -0.57333333 -0.14250089 -0.1425 -0.1425
-0.45419033 -0.98666667 -0.63833345 -0.64127369 -0.62505326 -0.75 -0.865 -0.784063 -1.045 -0.7325 -0.87583333 -1.0441667 -1.0441667 -0.91804684 -0.58333609 -0.43666667 -0.76083333 -0.76083333 -0.63433182 -0.63416667 -0.63416667 -0.63416667 -0.86140488 -0.84833333 -0.84833333 -0.84833333 -0.84083333 -0.84083333 -1.5766667 -1.5766667 -1.5766667 -1.5766667 -1.5766667 -1.8225 -1.8225 -1.8225 -1.8225 -1.8225 -1.8224999 -1.5666676 -0.25176807 -1.0556391 -1.1666667 -1.1666667 -1.1666667 -1.1666667 -1.1666667 -0.57333333 -0.57333333 -0.57333333 -0.53760822 -0.1425 -0.1425
0.22913107 0.22916667 -0.74083333 -0.51083333 -0.88416667 -0.335 -0.68583333 -0.24166667 -1.0258333 -1.0791667 -1 -1.0191667 -1.245 -1.1391667 -0.91916667 -1.6633333 -0.76083333 -0.76083333 -0.76083333 -0.49254118 -0.4925 -0.4925 -1.0966667 -0.84833333 -0.84833333 -0.84833333 -0.84083333 -0.84083333 -0.84083333 -1.5766667 -1.5766667 -1.5766666 -1.3977463 -1.8199471 -1.8130758 -0.81927801 -0.81 -0.81 -0.73977638 -0.25166667 -0.25166667 -0.25283672 -1.1666667 -1.1666667 -1.1666667 -1.1666667 -1.1666667 -0.57333333 -0.57333333 -0.57333333 -0.57333333 -0.1425 -0.1425
0.41833333 0.22916654 -0.40015204 -0.32 -1.1175 -0.9225 -0.88833333 -1.2158333 -0.7025 -0.96877888 -1.2633333 -1.32 -1.3183333 -1.1391667 -1.315 -1.6633333 -1.0092099 -1.0039962 -0.98583333 -0.4925 -0.4925 -1.065 -1.0966667 -1.0966667 -0.84833333 -0.8483333 -0.84083333 -0.84083333 -0.84083333 -1.0391667 -1.1301557 -1.205 -1.205 -1.2049997 -0.81 -0.81 -0.81 -0.81 -0.25166667 -0.25166667 -0.25166667 -0.2516667 -1.1666667 -1.1666667 -1.1666667 -1.1666667 -1.1666667 -0.57334082 -0.57333333 -0.57333333 -0.57333333 -0.14254265 -0.1425
0.41833333 -0.14083381 -0.4 -0.92029692 -1.1175 -1.2266667 -1.2008489 -1.6816667 -1.6933333 -1.1250002 -1.3068479 -1.3873852 -0.58583333 -1.315 -1.315 -1.5377128 -1.0041667 -1.0041667 -0.98583333 -0.98583333 -0.49250115 -1.065 -0.875 -0.27333333 -0.66666667 -0.66663631 -0.84083333 -0.84083333 -1.0391667 -1.0391667 -1.205 -1.205 -1.205 -1.149528 -0.81 -0.81 -0.81 -0.25166667 -0.25166667 -0.25166667 -0.25166667 -0.25170825 -1.1666667 -1.1666667 -1.1666667 -1.1666667 -1.1666667 -1.1613853 -0.57333333 -0.57337257 -1.4483333 -1.4483333 -1.4483333
-1.4433333 -0.6575 -0.45999997 -0.46166667 -0.74083333 -1.0775 -1.5225 -1.5428779 -1.3533333 -1.6908333 -1.6091667 -1.2025 -1.2024996 -1.1375 -1.1375 -0.7166055 -0.71666667 -0.94416667 -0.94416667 -0.98583276 -1.1175 -1.1175 -0.27333333 -0.66666667 -0.66666667 -0.53666667 -1.2658333 -1.2658333 -0.68419967 -1.0391667 -1.205 -1.205 -0.91083333 -0.91081496 -0.73501257 -0.61583333 -0.61583333 -0.36432994 -0.25166667 -0.25166667 -0.68196266 -0.6825 -0.68249876 -0.70578208 -0.69755185 -0.69750013 -0.69750002 -0.69750018 -1.2803316 -1.4483333 -1.4483333 -1.4483333 -1.4483333
-0.6216682 -0.47416667 -0.47508467 -0.45083333 -0.5125 -1.2716667 -0.98916667 -1.4216667 -1.8666667 -1.8666667 -1.6091667 -1.5208333 -1.3216666 -1.1375 -0.46333535 -0.46333333 -0.71666667 -0.33583333 -0.33333333 -0.33333333 -0.9187833 -0.69583333 -0.69583333 -0.65916667 -0.53666667 -0.53666667 -1.2658333 -1.2658333 -0.68420032 -0.68478628 -0.57960928 -0.91083333 -0.91083333 -0.735 -0.735 -0.77105574 -0.61583333 -0.61583333 -0.92915581 -0.68250034 -0.6825 -0.6825 -0.68249384 -0.69750139 -0.6975 -0.6975 -0.6975 -0.69750035 -1.2766667 -1.4482993 -1.4483333 -1.4483333 -1.4483333
-0.62166667 -1.0791667 -0.4475 -1.0225 -0.70668477 -1.0091667 -1.3341667 -1.6225 -1.35 -1.6608333 -1.6608333 -1.0808333 -1.3216667 -1.3216667 -0.4692223 -0.74946281 -0.7775 -0.34166667 -0.42416657 -0.33333333 -0.20251664 -0.1075 -1.0216667 -0.098333337 -0.098346328 -1.1058333 -0.62 -0.62000023 -1.259643 -1.2616667 -0.5775 -0.79619953 -0.68416667 -0.735 -0.7358081 -0.90083333 -0.90083333 -0.92916666 -0.92916667 -0.6825 -0.6825 -0.68249999 -0.94370298 -0.94666665 -0.6975 -0.6975 -0.6975 -1.2766446 -1.2766667 -1.2766667 -1.4483333 -1.4483333 -1.4483333
-1.0999011 -1.0791667 -0.42666667 -1.0725 -0.7475 -1.3491667 -0.77666667 -0.5175 -1.21 -0.47237021 -0.48583333 -1.1825 -1.1825 -0.53333333 -0.53333317 -0.69522993 -0.695 -0.695 -0.35426042 -1.2541667 -1.2266667 -1.2266667 -1.2066667 -1.0945721 -1.0043039 -1.1058333 -0.68666667 -0.62 -0.72190437 -0.7225 -0.8275 -0.905 -0.79335626 -1.1458333 -0.76333333 -0.93166667 -0.89333333 -0.68333333 -0.51174594 -0.68019 -0.165 -0.50583333 -0.94661646 -0.94666667 -0.94526422 -0.6975 -1.45 -1.2766667 -1.2766667 -1.2766667 -1.2766667 -1.3422945 -0.26083333
-1.2158333 -1.2158333 -0.3975 -0.53916667 -1.1175 -0.81333333 -0.63916667 -1.0383333 -0.54083333 -0.28504549 -0.94416667 -0.1375 -0.53333333 -0.53333333 -0.51583333 -0.51829069 -0.695 -0.69492753 -0.3625 -1.2541667 -1.2541667 -1.2506237 -1.2066667 -1.0358366 -1.0358333 -1.0358333 -0.68666667 -0.39 -0.39 -0.7225 -0.7225 -0.90457958 -0.68333333 -1.1458333 -0.90583333 -0.93166667 -0.89333333 -1.1016667 -0.51166667 -0.20341153 -0.50583332 -0.5545058 -0.63833333 -0.94666667 -0.94666667 -1.45 -1.45 -1.45 -1.2766667 -1.2766667 -0.59666667 -0.59666667 -0.59666654
-1.2158333 -1.2158333 -1.15 -1.385 -1.0425 -0.45916667 -1.2175 -0.39431745 -0.61916667 -0.43916667 -0.13833333 -0.065833333 -0.13740518 -0.51583333 -0.51583333 -0.51583199 -0.50416667 -0.49673134 -0.3625 -0.4175 -0.4175 -0.44916667 -0.44916667 -1.0358333 -1.0358333 -1.0358333 -0.39 -0.39 -0.39 -0.69666667 -0.69666667 -0.69666664 -0.78083333 -0.78083333 -1.4483333 -1.21 -0.4575 -0.76333803 -0.67833333 -0.19833333 -0.19833333 -0.77249956 -0.63833333 -0.94666667 -0.31166699 -0.58333333 -0.48832629 -0.48416667 -0.54 -0.54 -0.59666667 -0.59666667 -0.59666667
-1.2158333 -1.1874749 -1.2502829 -1.3074901 -0.64416667 -0.85166667 -1.2175 -0.39333333 -0.61916478 -0.44116085 -0.065833819 -0.065833333 0.030833333 -0.51583333 -0.51583333 -0.50416667 -0.50416667 -0.5041586 -0.3625 -0.4175 -0.42371869 -0.44916667 -0.44916667 -1.0358091 -1.0358333 -0.7597089 -0.19583333 -0.19583333 -0.19583336 -0.69666667 -0.69666667 -0.22083333 -0.22083333 -0.78083516 -1.4483333 -0.43333373 -0.59500342 -0.76333333 -0.76333333 -0.19833335 -0.7725 -0.7725 -0.77249665 -0.31166667 -0.31166667 -0.58333333 -0.48416667 -0.48416667 -0.54 -0.54 -0.59666667 -0.59666667 -0.59666667
-0.60416667 -0.65613886 -0.61086187 -0.61587207 -0.64416785 -0.85166177 -1.2175 -0.40347835 -0.60360444 -0.61446639 0.030833333 0.030833333 0.030833333 0.030833333 -0.51575589 -0.50416667 -0.50416667 -0.50233752 -0.3625 -0.41732174 0.1975 0.1975 0.1975 0.1975 -1.0142634 -0.19583333 -0.19583333 -0.19583333 -0.19583333 -0.19598695 -0.22083333 -0.22083333 -0.22083333 -0.22083333 -0.43333333 -0.43333333 -0.43333333 -0.74806538 -0.76108643 -0.46416667 -0.46416667 -0.77248342 -0.39083062 -0.31167429 -0.31166667 -0.58333333 -0.48416667 -0.48416667 -0.54 -0.54 -0.59646109 -0.59666667 -0.86001288
-0.60416667 -0.61083333 -0.61083333 -0.61083333 -0.61083333 -0.61083343 -1.2165635 -0.82756429 -0.56208585 0.030137881 0.030833333 0.030833333 0.030833333 0.030833333 0.030833587 -0.50416667 -0.50416664 -0.4944493 -0.36250016 0.1975 0.1975 0.1975 0.1975 0.1975 0.20585697 0.17265976 0.3049999 0.305 0.305 0.305 -0.22083332 -0.22083333 -0.22083258 0.4025 0.4025 -0.43333333 0.15970362 0.17666667 -0.4641663 -0.46416667 -0.46416667 -0.46416667 -0.39083333 -0.39083333 -0.39083333 -0.39217296 0.18642095 0.19083333 0.19083333 0.19083333 0.19083332 -0.12416676 -0.12416667
-0.755 -0.61083333 -0.61083333 -0.61083333 -0.61083333 -0.61083333 -0.61083337 -0.61837557 0.38754972 0.3925 0.3925 0.3925 0.3925 0.3925 0.3925 0.65937075 -0.48559996 -0.48476748 0.19742954 0.1975 0.1975 0.1975 0.1975 0.19750042 0.58416667 0.58416667 0.58416627 0.305 0.305 0.30594782 0.77833333 0.77833333 0.4025 0.4025 0.4025 0.21284292 0.17666667 0.17666667 0.17666667 -0.46416667 -0.46416667 -0.46416667 -0.39083333 -0.39083333 -0.39083333 -0.39083333 0.19083333 0.19083333 0.19083333 0.19083333 0.19083333 -0.12416667 -0.12416667
-0.755 -0.70132839 -0.61083333 -0.61083333 -0.61083333 -0.61083333 0.39480259 0.395 0.395 0.3925 0.3925 0.3925 0.3925 0.3925 0.45261541 0.665 0.665 0.665 0.55972719 0.56083296 0.56083333 0.56083333 0.56083333 0.56083333 0.58416667 0.58416667 0.58416667 0.58416667 0.305 0.77833333 0.77833333 0.77833333 0.40250003 0.4025 0.4025 0.65333333 0.17729779 0.17666667 0.17666667 -0.46410649 -0.34449838 -0.065362179 -0.39083333 -0.39083333 0.13420801 0.13583333 0.13583333 0.19080022 0.17090322 0.17083334 0.17083334 0.18745282 -0.12416603
-0.755 -0.18084561 -0.38522114 -0.61083333 -0.61083333 0.39440571 0.395 0.395 0.395 0.39498198 0.3925 0.3925 0.3925 0.39250003 0.665 0.665 0.665 0.665 0.56092638 0.56083333 0.56083333 0.56083333 0.56083333 0.56083333 0.58416667 0.58416667 0.58416667 0.58416667 0.58487292 0.77833333 0.77833333 0.77833333 0.74583333 0.4025338 0.65333333 0.65333333 0.65333333 0.65251005 -0.048899996 -0.064166667 -0.064166667 -0.064166667 -0.14083333 -0.14083333 0.13583333 0.13583333 0.13583333 0.17083333 0.17083333 0.17083333 0.17083333 0.1875 0.1875
-0.16523413 -0.165 -0.165 -0.16499999 0.62833333 0.39500602 0.395 0.395 0.395 0.395 0.39281545 0.39250005 0.3925 0.665 0.665 0.665 0.665 0.665 0.68234831 0.56083333 0.56083333 0.56083333 0.56083333 0.56083333 0.60942095 0.66999953 0.67 0.67 0.67 0.77833333 0.74583333 0.74583333 0.74583333 0.74583333 0.65333333 0.65333145 0.58166667 0.58166667 -0.056102475 -0.064166667 -0.064166667 -0.064166667 -0.14083333 -0.14083333 0.092995807 0.13583333 0.13583333 0.17083333 0.17083333 0.17083333 0.17101204 0.1875 0.1875
-0.165 -0.165 -0.165 0.2085925 0.62833333 0.62833333 0.395 0.395 0.395 0.395 0.39666667 0.39666667 0.39666667 0.665 0.665 0.665 0.665 0.66506156 1.0691667 1.0691667 0.56083354 0.56083333 0.56480981 0.72416667 0.72367903 0.67 0.67 0.67 0.67 0.74582561 0.74583333 0.74583333 0.74583333 0.74583333 0.58166692 0.58166667 0.58166667 0.58166667 0.57938141 -0.064166667 -0.064166667 -0.064166667 -0.14083333 -0.14083333 -0.14083333 0.13583333 0.13583333 0.17083333 0.17083333 0.17083333 0.1875 0.1875 0.1875
-0.165 -0.165 -0.165 0.62833333 0.62833333 0.62833333 0.62833298 0.395 0.395 0.39666495 0.39666667 0.39666667 0.39666667 0.39683386 0.96650985 1.0375 1.0375 1.0375 1.0691667 1.0691667 1.0691667 0.72416667 0.72416667 0.72416667 0.72417204 0.70846512 0.67 0.67 0.67 0.73327678 0.73250131 0.7325 0.7325 0.7325 0.4822103 0.34166721 0.34166667 0.34166667 0.34166667 0.12747377 0.1275 0.1275 -0.14083333 -0.14083333 0.16499872 0.165 0.15416667 0.15416667 0.36333333 0.36333333 0.36333333 0.1875 0.17001565
-0.16499874 -0.165 -0.16499997 0.62833333 0.62833333 0.62833333 0.62833333 0.52999996 0.39553978 0.39663342 0.39666667 0.39666667 0.39666667 0.39792416 1.0375 1.0375 1.0375 1.0375 1.0691667 1.0691667 1.0691667 0.72416667 0.72416667 0.72416667 0.74333333 0.74333333 1.0183333 1.0183333 1.0183333 1.016774 0.7325 0.7325 0.7325 0.7325 0.53719065 0.34166667 0.34166667 0.34166667 0.34166667 0.1275 0.1275 0.1275 0.12867989 0.165 0.165 0.165 0.15416667 0.15416667 0.36333333 0.36333333 0.36333333 0.17000001 0.17
0.2425 0.061931307 0.27916667 0.27926797 0.62833333 0.53056895 0.53 0.53 0.61319979 0.36000001 0.36 0.36 0.36 1.271637 1.2716667 1.0375002 1.0375 1.0383344 1.0691667 1.0691667 1.0691667 0.82916667 0.82916667 0.82916667 0.74333333 0.74333333 1.0183333 1.0183333 1.0183333 1.0183334 1.1408307 1.1408322 0.74276285 0.73293776 0.37540909 0.375 0.375 0.375 0.375 0.1275 0.1275 0.1275 0.16293528 0.165 0.165 0.16499993 0.15416667 0.15416667 0.1541742 0.36333333 0.36331172 -0.12 0.17
0.39997009 0.39999998 0.27916667 0.27916667 0.27916667 0.53 0.53 0.53 0.75833333 0.75833333 0.36 0.36 0.36 1.2716667 1.2716667 1.2716667 1.2716667 1.2716433 1.0691667 1.0691667 1.0691667 0.82916667 0.82916667 0.82916667 0.74333333 0.74333333 1.0183333 1.0183333 1.0183333 1.1394521 1.1408333 1.1408333 1.1408333 1.1408333 0.37537789 0.375 0.375 0.375 0.375 0.35333327 0.35333333 0.35333333 0.35333333 0.1649968 -0.25166667 -0.25166667 -0.25166667 -0.425 -0.425 -0.425 -0.12 -0.12 -0.12
0.4 0.4 0.27916667 0.27916667 0.27916667 0.52868158 0.53 0.75833333 0.75833333 0.75833333 0.36004904 0.36 0.67050739 1.2716665 1.2716667 1.2716667 1.2716667 0.76333333 0.76333333 0.76333333 0.70916667 0.70916676 0.82916608 0.82916667 0.82923396 0.98333333 0.98333333 0.98333342 1.0183277 0.94670536 0.9466677 0.94670057 1.1405015 1.1406658 0.51127027 0.37499992 0.37434651 0.18 0.18 0.35333333 0.35333333 0.35333333 0.35333333 -0.25166667 -0.25166667 -0.25166667 -0.25166667 -0.425 -0.425 -0.425 -0.12 -0.12 -0.12
0.4 0.4 0.27916667 0.27916667 0.27916667 0.27916667 0.6154585 0.75833333 0.75833333 0.75833333 0.75832321 0.74 0.74 0.74 1.2685334 1.2716667 0.76672074 0.76333333 0.76333333 0.76333333 0.70916667 0.70916667 0.70916667 0.70916667 0.98333333 0.98333333 0.98333333 0.98333333 0.98333333 0.94666667 0.94666667 0.94666667 0.94666667 0.9466653 0.29583333 0.18 0.18 0.18 0.18 0.17999891 -0.19166667 -0.19166667 -0.19166667 -0.23397005 -0.32166667 -0.32166667 -0.32166667 -0.425 -0.42500016 -0.59333333 -0.59333333 -0.03668694 -0.036666667
0.4 0.4 0.32277902 0.27916667 0.27916667 0.27916668 0.74668737 0.75829657 0.75833333 0.75833333 0.73999998 0.74 0.74 0.74 0.74 0.78358248 0.76333333 0.76333333 0.76333333 0.76333333 0.70916709 0.70916667 0.70916667 0.70916667 0.98333333 0.98333333 0.98333333 0.98333333 0.98333333 0.55501977 0.94666667 0.94666667 0.94666667 0.29583333 0.29583333 0.29574339 0.18 0.18 -0.24302185 -0.5716666 -0.19166667 -0.19166667 -0.19166667 -0.23388081 -0.32166667 -0.32166667 -0.32166667 -0.46666667 -0.59175508 -0.59333333 -0.59333333 -0.036666667 -0.036666667
0.80833333 0.80833333 0.80833333 0.4118433 0.2797043 0.74666667 0.74666667 0.74666667 0.74666667 0.645 0.645 0.73999999 0.74 0.74 0.74 0.74000145 0.76333333 0.76333333 0.76333333 0.76333333 0.73280324 0.70916667 0.70916667 0.71130392 0.79940514 0.98333333 0.98333333 0.98333333 0.41666667 0.41666667 0.41666667 0.41666889 0.29583333 0.29583333 0.29583333 0.29583333 -0.57166667 -0.57166667 -0.57166667 -0.57166667 -0.37666667 -0.37666667 -0.37666667 -0.44833189 -0.44833333 -0.44833333 -0.44833329 -0.46666667 -0.46666667 -0.593179 -0.59333333 -0.036668629 -0.036666667
0.80833333 0.80833333 0.80833333 0.80832445 0.64333333 0.6583597 0.74666667 0.74666667 0.74666667 0.645 0.645 0.645 0.030000032 0.03 0.03 0.03000001 0.76195641 0.76333333 0.76333333 0.76333333 0.76251643 0.79083311 0.79083333 0.79083333 0.79083333 0.79083332 0.34666667 0.34666667 0.41666667 0.41666667 0.41666667 0.41666667 0.29583318 0.29583333 0.29583333 0.29581548 -0.57166666 -0.57166667 -0.57166667 -0.571334 -0.37666667 -0.37666667 -0.37666667 -0.44833001 -0.44833333 -0.44833333 -0.44833333 -0.46666667 -0.46666667 -0.46666666 -0.42583333 -0.42583333 -0.21416667
0.80833333 0.80833333 0.80833333 0.64333371 0.64333333 0.64333333 0.74666663 0.74666667 0.74666667 0.645 0.645 0.645 0.03 0.03 0.03 0.028603742 0.011666667 0.011666667 0.011668608 0.75908772 0.79083333 0.79083333 0.79083333 0.79083333 0.79083333 0.79049907 0.34666667 0.34666667 0.34666667 0.41666667 0.41666667 0.41640169 0.076666667 0.076666667 0.076666667 -0.47 -0.47 -0.49583333 -0.49583333 -0.49583333 -0.32166667 -0.37664941 -0.37666601 -0.28916667 -0.28916667 -0.2951989 -0.44833294 -0.46666667 -0.46666667 -0.42583333 -0.42583333 -0.42583333 -0.21416667
