interpolatedSpi/01-10|20_2.tif
NCOLS 53
NROWS 52
XLLCORNER -116.03883
YLLCORNER 28.596182
DX 0.49850594
DY 0.49788537
NODATA_VALUE -9999
[rows 0 to 38 of 52, columns 0 to 52 of 53]
0.029 0.029 -0.19646495 -0.495 -0.027 -0.003 0.303 0.311 -0.1450499 -0.29 -0.329 0.071 -0.10996451 0.321 -0.106 -0.106 -0.106 0.191 0.258 0.258 0.258 0.25799666 -0.089 -0.128 -0.128 -0.128 0.33100206 0.331 0.331 0.009 0.009 0.009 0.009 0.18499996 0.185 0.185 0.185 0.185 0.185 0.18500002 0.80630739 0.81278706 -0.023 -0.023 -0.023 -0.023 -0.02240873 0.339 0.339 0.339 0.91099881 0.911 0.911
0.028986093 -0.284 -0.16499946 -0.045033373 0.22777409 0.286 0.257 0.1421378 -0.198 -0.03 0.038 -0.11 -0.11 0.24326009 0.32099529 -0.106 0.191 0.191 0.25791264 0.258 0.258 0.258 -0.154108 -0.128 -0.128 -0.128 -0.117 -0.117 0.0090000002 0.009 0.009 0.009 0.009 0.18499997 0.185 0.185 0.185 0.185 0.18500002 0.17047566 0.0600305 -0.012928333 -0.023 -0.023 -0.023 -0.023 -0.023 0.339 0.339 0.339 0.38643079 0.911 0.911
0.64397023 0.644 0.303 0.732 0.267 0.1 0.304 -0.129 0.063 0.063 0.417 -0.255 -0.569 -0.056 0.243 0.274 0.191 0.191 0.191 -0.0069229637 -0.007 -0.007 -0.624 -0.128 -0.128 -0.128 -0.117 -0.117 -0.117 0.009 0.009 0.0089999661 -0.32942425 0.18481201 0.1876062 0.46243423 0.465 0.465 0.41406167 0.060000003 0.06 0.059893865 -0.023 -0.023 -0.023 -0.023 -0.023 0.339 0.339 0.339 0.339 0.911 0.911
0.204 0.64399989 0.113964 0.33 -0.06 0.22 0.441 -0.363 0.038 0.10562514 0.138 0.116 -0.064 -0.056 0.063 0.274 -0.504994 -0.51050814 -0.535 -0.007 -0.007 -1.01 -0.624 -0.624 -0.128 -0.12799995 -0.117 -0.117 -0.117 -0.823 -0.75222057 -0.694 -0.694 -0.69399909 0.465 0.465 0.465 0.465 0.06 0.06 0.06 0.059999997 -0.023 -0.023 -0.023 -0.023 -0.023 0.33899543 0.339 0.339 0.339 0.91093578 0.911
0.204 -0.08799963 0.114 0.060398483 -0.06 0.09 -0.086973739 -0.35 -0.394 -0.08000008 -0.016582128 0.014017618 0.137 0.063 0.063 0.19184633 -0.511 -0.511 -0.535 -0.535 -0.0070020264 -1.01 -1.463 -0.66 -0.581 -0.58104829 -0.117 -0.117 -0.823 -0.823 -0.694 -0.694 -0.694 -0.67627409 0.465 0.465 0.465 0.06 0.06 0.06 0.06 0.060004151 -0.022999998 -0.023 -0.023 -0.023 -0.023 -0.019777751 0.339 0.33893749 -1.055 -1.055 -1.055
-0.967 -0.039 0.33 0.019 0.155 0.306 0.017 -0.029986511 0.011 -0.324 0.117 -0.415 -0.41499964 -0.153 -0.153 -0.45000145 -0.45 -0.649 -0.649 -0.53500033 -1.244 -1.244 -0.66 -0.581 -0.581 -0.788 -1.068 -1.068 -0.24905267 -0.823 -0.694 -0.694 -0.6 -0.59998892 -0.49400765 -0.658 -0.658 -0.16212969 0.06 0.06 0.10294637 0.103 0.10300102 -0.94837112 -0.96489589 -0.96499975 -0.96499997 -0.96499965 -1.3953884 -1.055 -1.055 -1.055 -1.055
-0.5620027 -0.12 -0.66443138 0.011 0.365 -0.221 -0.108 -0.013 -0.31 -0.31 0.117 -0.23 -0.33800008 -0.153 -0.45599909 -0.456 -0.45 -0.721 -0.904 -0.904 -1.2675632 -1.294 -1.294 -1.049 -0.788 -0.788 -1.068 -1.068 -0.24902389 -0.2494399 -0.051878049 -0.6 -0.6 -0.494 -0.494 -0.76910657 -0.658 -0.658 -1.2029811 0.10299818 0.103 0.103 0.10300409 -0.96499803 -0.965 -0.965 -0.965 -0.96500033 -1.514 -1.055091 -1.055 -1.055 -1.055
-0.562 -0.925 -0.476 -0.939 -1.1109901 -0.521 -0.221 -0.65799999 -0.382 -0.463 -0.463 -0.683 -0.338 -0.338 -0.45519041 -0.61720398 -0.633 -0.518 -0.8040001 -0.904 -1.0857511 -1.036 -1.449 -0.868 -0.86800364 -1.15 -1.188 -1.188 -0.6575633 -0.65899999 -0.05 -0.40236934 -0.418 -0.494 -0.50070248 -0.862 -0.862 -1.203 -1.203 0.103 0.103 0.10300001 -0.60964757 -0.61200002 -0.965 -0.965 -0.965 -1.5139791 -1.514 -1.514 -1.055 -1.055 -1.055
-0.93167548 -0.92499999 -0.981 -0.668 -0.518 -0.676 -0.399 0.106 0.065 0.19338746 -0.055 -0.387 -0.387 -0.569 -0.56899692 -0.82446488 -0.825 -0.825 -0.56165835 -1.432 -1.622 -1.622 -1.202 -1.3516614 -1.1215818 -1.15 -1.075 -1.188 -0.85196412 -0.85 -0.398 0.095 -0.14524405 -0.843 -0.729 -0.749 -0.715 -0.538 -0.7289118 0.10499084 0.549 -0.332 -0.61197851 -0.612 -0.61398688 -0.965 -1.128 -1.514 -1.514 -1.514 -1.514 -1.0394366 -0.806
-0.969 -0.969 -0.952 -0.644 -0.451 -0.396 -0.321 -0.228 0.259 0.22597135 -0.069 -0.094 -0.569 -0.569 -0.241 -0.24900982 -0.825 -0.82497956 -0.753 -1.432 -1.432 -1.4564784 -1.202 -1.3649969 -1.365 -1.365 -1.075 -0.666 -0.666 -0.85 -0.85 0.094095315 -0.382 -0.843 -0.737 -0.749 -0.715 -1.253 -0.729 0.24987404 -0.33199996 -0.38636623 -0.48 -0.612 -0.612 -1.128 -1.128 -1.128 -1.514 -1.514 -0.93 -0.93 -0.92999995
-0.969 -0.969 -1.282 -1.001 -1.024 -0.599 -0.78199999 -0.041195265 -0.29 -0.22 -0.12 -0.205 -0.094148477 -0.241 -0.241 -0.24103853 -0.575 -0.58434228 -0.753 -0.538 -0.538 -0.783 -0.783 -1.365 -1.365 -1.365 -0.666 -0.666 -0.666 -1.089 -1.089 -1.0889988 -0.761 -0.761 -0.81 -1.132 -0.707 -0.86799831 -1.101 0.266 0.266 -0.39400028 -0.48 -0.612 -0.51800016 -0.715 -0.52958837 -0.527 -0.679 -0.679 -0.93 -0.93 -0.93
-0.969 -1.1040825 -1.1620873 -1.1829916 -1.058 -1.234 -0.782 -0.041 -0.28999792 -0.22077552 -0.20500002 -0.205 -0.254 -0.241 -0.241 -0.57499999 -0.575 -0.57501013 -0.753 -0.538 -0.58611302 -0.783 -0.783 -1.3649762 -1.365 -1.2548789 -1.03 -1.03 -1.03 -1.089 -1.089 -1.014 -1.014 -0.76100013 -0.81 -0.47600023 -0.70090638 -0.868 -0.868 0.26599998 -0.394 -0.394 -0.39400091 -0.518 -0.518 -0.715 -0.527 -0.527 -0.679 -0.679 -0.93 -0.93 -0.93
-0.078 -0.11388624 -0.018037007 -0.026440963 -1.0580008 -1.2339958 -0.78200001 -0.050121287 -0.27284135 -0.28817211 -0.254 -0.254 -0.254 -0.254 -0.24100184 -0.575 -0.575 -0.57729826 -0.753 -0.5379574 -0.386 -0.386 -0.386 -0.386 -1.3481588 -1.03 -1.03 -1.03 -1.03 -1.0299534 -1.014 -1.014 -1.014 -1.014 -0.476 -0.476 -0.476 -0.84886686 -0.86248726 -0.134 -0.134 -0.39398602 -0.2640087 -0.51797554 -0.518 -0.715 -0.527 -0.527 -0.679 -0.679 -0.9290894 -0.93 -0.69432827
-0.078 -0.018 -0.018 -0.018 -0.018 -0.018000511 -0.78315697 -0.43141869 -0.22706368 -0.25403704 -0.254 -0.254 -0.254 -0.254 -0.25400014 -0.57499999 -0.57500003 -0.58720959 -0.75299633 -0.386 -0.386 -0.386 -0.386 -0.386 -0.38915856 -0.81044356 -0.73700006 -0.737 -0.737 -0.737 -1.014 -1.014 -1.0139998 -0.81 -0.81 -0.476 -0.20378632 -0.196 -0.13400004 -0.134 -0.134 -0.134 -0.264 -0.264 -0.264 -0.26713855 -0.44954654 -0.449 -0.449 -0.449 -0.449 0.39199973 0.392
0.078 -0.018 -0.018 -0.018 -0.018 -0.018 -0.018000052 -0.54459133 -0.44069538 -0.442 -0.442 -0.442 -0.442 -0.442 -0.442 -0.35579892 -0.57150867 -0.59937408 -0.38604608 -0.386 -0.386 -0.386 -0.386 -0.38600011 -0.532 -0.532 -0.53200029 -0.737 -0.737 -0.73709612 -0.785 -0.785 -0.81 -0.81 -0.81 -0.29435607 -0.196 -0.196 -0.196 -0.134 -0.134 -0.134 -0.264 -0.264 -0.264 -0.264 -0.449 -0.449 -0.449 -0.449 -0.449 0.392 0.392
0.078 0.042260291 -0.018 -0.018 -0.018 -0.018 -0.38592777 -0.386 -0.386 -0.442 -0.442 -0.442 -0.442 -0.442 -0.42258658 -0.354 -0.354 -0.354 -0.47771968 -0.47799991 -0.478 -0.478 -0.478 -0.478 -0.532 -0.532 -0.532 -0.532 -0.737 -0.785 -0.785 -0.785 -0.81 -0.81 -0.81 -0.084 -0.19585171 -0.196 -0.196 -0.13403927 -0.21238272 -0.39521694 -0.264 -0.264 -0.28194445 -0.282 -0.282 -0.44824738 0.0073994974 0.0089999601 0.0089999132 0.29701431 0.39199981
0.078 -0.080622117 -0.051905084 -0.018 -0.018 -0.38578257 -0.386 -0.386 -0.386 -0.38640355 -0.442 -0.442 -0.442 -0.44199999 -0.354 -0.354 -0.354 -0.354 -0.47788923 -0.478 -0.478 -0.478 -0.478 -0.478 -0.532 -0.532 -0.532 -0.532 -0.53292025 -0.785 -0.785 -0.785 -0.31000001 -0.80991408 -0.084 -0.084 -0.084 -0.088987974 -0.38334334 -0.396 -0.396 -0.396 -0.287 -0.287 -0.282 -0.282 -0.282 0.0089999964 0.009 0.009 0.009 0.297 0.297
-0.084777934 -0.085 -0.085 -0.085000002 -0.266 -0.3859969 -0.386 -0.386 -0.386 -0.386 -0.41300374 -0.44199501 -0.44199999 -0.354 -0.354 -0.354 -0.354 -0.354 -0.38966673 -0.478 -0.478 -0.478 -0.478 -0.478 -0.40232381 -0.23900159 -0.239 -0.239 -0.239 -0.78499998 -0.31000001 -0.31 -0.31 -0.31 -0.084 -0.08401193 -0.537 -0.537 -0.3977606 -0.396 -0.396 -0.396 -0.287 -0.287 -0.28277417 -0.282 -0.282 0.009 0.009 0.009 0.012088109 0.297 0.297
-0.085 -0.085 -0.085 -0.1702356 -0.266 -0.266 -0.386 -0.386 -0.386 -0.386 -0.059 -0.059 -0.059 -0.354 -0.354 -0.354 -0.354 -0.35402281 -0.765 -0.765 -0.47800012 -0.478 -0.47770785 -0.466 -0.46395642 -0.239 -0.239 -0.239 -0.239 -0.30999277 -0.31 -0.31 -0.31 -0.31 -0.53699841 -0.537 -0.537 -0.537 -0.5364819 -0.396 -0.396 -0.396 -0.287 -0.287 -0.287 -0.282 -0.282 0.0089999968 0.009 0.0090000003 0.297 0.297 0.297
-0.085 -0.085 -0.085 -0.266 -0.266 -0.266 -0.26600018 -0.386 -0.386 -0.059337558 -0.059 -0.059 -0.059 -0.059183801 -0.46570029 -0.492 -0.492 -0.492 -0.765 -0.765 -0.765 -0.466 -0.466 -0.466 -0.46594565 -0.2563093 -0.239 -0.239 -0.239 -0.15629532 -0.12301839 -0.123 -0.123 -0.123 -0.37617623 -0.15100088 -0.151 -0.151 -0.151 -0.17503024 -0.175 -0.175 -0.287 -0.287 0.26599769 0.26599992 0.052 0.052 0.118 0.118 0.118 0.297 0.47883727
-0.08499977 -0.085 -0.085000007 -0.266 -0.266 -0.266 -0.266 -0.381 -0.38598001 -0.059045339 -0.059 -0.059 -0.059 -0.059849665 -0.492 -0.492 -0.492 -0.49200008 -0.765 -0.765 -0.765 -0.466 -0.466 -0.466 -0.272 -0.272 -0.223 -0.223 -0.223 -0.22245447 -0.123 -0.123 -0.123 -0.123 -0.13699236 -0.151 -0.151 -0.151 -0.151 -0.175 -0.175 -0.175 -0.16112445 0.266 0.266 0.266 0.052 0.052 0.118 0.118 0.118 0.47899999 0.479
-0.011 -0.057436176 -0.454 -0.45394546 -0.266 -0.38033461 -0.381 -0.381 -0.34164711 -0.109 -0.109 -0.109 -0.109 -0.61098366 -0.611 -0.49200009 -0.492 -0.49919315 -0.765 -0.765 -0.765 -0.708 -0.708 -0.708 -0.272 -0.272 -0.223 -0.223 -0.223 -0.22299993 -0.12499999 -0.12499999 -0.12305027 -0.12300214 -0.45661684 -0.457 -0.457 -0.457 -0.457 -0.175 -0.175 -0.175 0.24171696 0.266 0.266 0.26599993 0.052 0.052 0.052002376 0.118 0.11800872 0.313 0.479
-0.28594778 -0.28600003 -0.454 -0.454 -0.454 -0.381 -0.381 -0.381 -0.273 -0.273 -0.109 -0.109 -0.109 -0.611 -0.611 -0.611 -0.611 -0.61101664 -0.765 -0.765 -0.765 -0.708 -0.708 -0.708 -0.272 -0.272 -0.223 -0.223 -0.223 -0.12610496 -0.125 -0.125 -0.125 -0.125 -0.45683618 -0.457 -0.457 -0.457 -0.457 -0.47799992 -0.478 -0.478 -0.478 0.26599717 -0.103 -0.103 -0.103 0.183 0.183 0.183 0.313 0.313 0.313
-0.286 -0.286 -0.454 -0.454 -0.454 -0.3813837 -0.381 -0.273 -0.273 -0.273 -0.10902019 -0.109 -0.59764058 -0.61100002 -0.611 -0.611 -0.611 -0.779 -0.779 -0.779 -0.844 -0.8439999 -0.70800066 -0.708 -0.70795584 -0.84 -0.84 -0.83999853 -0.22309971 -0.092006576 -0.092000176 -0.092005761 -0.1249436 -0.12497152 -0.39784835 -0.45700002 -0.45719772 -0.516 -0.516 -0.478 -0.478 -0.478 -0.478 -0.103 -0.103 -0.103 -0.103 0.183 0.183 0.183 0.313 0.313 0.313
-0.286 -0.286 -0.454 -0.454 -0.454 -0.454 -0.34057875 -0.273 -0.273 -0.273 -0.27323973 -0.707 -0.707 -0.707 -0.61156575 -0.611 -0.77788049 -0.779 -0.779 -0.779 -0.844 -0.844 -0.844 -0.844 -0.84 -0.84 -0.84 -0.84 -0.84 -0.092 -0.092 -0.092 -0.092 -0.092000314 -0.241 -0.516 -0.516 -0.516 -0.516 -0.51600032 -0.624 -0.624 -0.624 -0.51140562 -0.278 -0.278 -0.278 0.18299999 0.1829999 0.084 0.084 0.25201484 0.252
-0.286 -0.286 -0.3933638 -0.454 -0.454 -0.45400002 -1.158426 -0.27579533 -0.273 -0.273 -0.70700006 -0.707 -0.707 -0.707 -0.707 -0.6991419 -0.779 -0.779 -0.779 -0.779 -0.8439995 -0.844 -0.844 -0.844 -0.84 -0.84 -0.84 -0.84 -0.84 -0.46221716 -0.092 -0.092 -0.092 -0.241 -0.241 -0.24121354 -0.516 -0.516 -0.43552267 -0.37300001 -0.624 -0.624 -0.624 -0.51241956 -0.278 -0.278 -0.278 -0.069 0.082093635 0.084 0.084 0.252 0.252
-1 -1 -1 -0.59089721 -0.45542428 -1.16 -1.16 -1.16 -1.16 -0.993 -0.993 -0.70700002 -0.707 -0.707 -0.707 -0.70700457 -0.779 -0.779 -0.779 -0.779 -0.81563611 -0.844 -0.844 -0.83986507 -0.69285745 -0.84 -0.84 -0.84 -0.593 -0.593 -0.593 -0.5929979 -0.241 -0.241 -0.241 -0.241 -0.373 -0.373 -0.373 -0.373 -0.664 -0.664 -0.664 -0.15901015 -0.159 -0.159 -0.15900004 -0.069 -0.069 0.083813578 0.084 0.25199876 0.252
-1 -1 -1 -1.000023 -1.427 -1.3881738 -1.16 -1.16 -1.16 -0.993 -0.993 -0.993 -0.96099999 -0.961 -0.961 -0.96099999 -0.77919967 -0.779 -0.779 -0.779 -0.77997701 -0.68600043 -0.686 -0.686 -0.686 -0.686 -0.803 -0.803 -0.593 -0.593 -0.593 -0.593 -0.2410001 -0.241 -0.241 -0.24101116 -0.373 -0.373 -0.373 -0.37269292 -0.664 -0.664 -0.664 -0.15902342 -0.159 -0.159 -0.159 -0.069 -0.069 -0.06899999 0.007 0.007 0.298
-1 -1 -1 -1.426999 -1.427 -1.427 -1.1600001 -1.16 -1.16 -0.993 -0.993 -0.993 -0.961 -0.961 -0.961 -0.95544035 -0.888 -0.888 -0.88799972 -0.77961566 -0.686 -0.686 -0.686 -0.686 -0.686 -0.68608805 -0.803 -0.803 -0.803 -0.593 -0.593 -0.592888 -0.378 -0.378 -0.378 -0.277 -0.277 -0.303 -0.303 -0.303 -0.03 -0.66380113 -0.66399386 0.159 0.159 0.14694816 -0.15899901 -0.069 -0.069 0.007 0.007 0.007 0.298
-1 -1 -1 -1.427 -1.427 -1.427 -1.427 -1.16 -1.16 -0.993 -0.993 -0.96227954 -0.961 -0.961 -0.961 -0.888 -0.888 -0.888 -0.888 -0.888 -0.686 -0.686 -0.686 -0.686 -0.686 -0.8029996 -0.803 -0.803 -0.803 -0.419 -0.419 -0.419 -0.378 -0.378 -0.378 -0.277 -0.277 -0.303 -0.303 -0.03 -0.03 -0.03 0.159 0.159 0.159 0.159 0.18586218 0.486 0.486 0.486 0.0070000089 0.471 0.471
-1 -1 -1.0005946 -1.427 -1.427 -1.427 -1.427 -1.1966132 -1.185 -1.1846704 -0.99299999 -0.96098903 -0.961 -0.961 -0.96099975 -0.888 -0.888 -0.888 -0.888 -0.888 -0.77999452 -0.686 -0.686 -0.686 -0.68601854 -0.80299848 -0.803 -0.803 -0.803 -0.419 -0.419 -0.419 -0.41899188 -0.378 -0.277 -0.277 -0.277 -0.27700084 -0.30298138 -0.03 -0.03 -0.03 0.15898853 0.159 0.159 0.159 0.48600018 0.486 0.486 0.486 0.471 0.471 0.471
-1.067 -1.0669999 -1.4267627 -1.427 -1.427 -1.427 -1.1850515 -1.185 -1.185 -1.185 -0.83000001 -0.83 -0.83 -0.83 -0.88773233 -0.888 -0.888 -0.888 -0.888 -0.78400006 -0.784 -0.784 -0.77599999 -0.776 -0.776 -0.776 -0.77833045 -0.803 -0.15002674 -0.15 -0.15 -0.15 -0.15 0.042999998 0.043 0.043 0.043 0.043 0.094 0.094 0.094 0.094 0.094 0.50647541 0.507 0.507 0.507 0.486 0.486 0.486 0.47100236 0.471 0.471
-1.067 -1.067 -1.064706 -0.79300127 -0.79300014 -0.79338258 -1.185 -1.185 -1.185 -1.185 -0.83 -0.83 -0.83 -0.83 -0.83 -0.888 -0.888 -0.888 -0.78400003 -0.784 -0.784 -0.784 -0.776 -0.776 -0.776 -0.776 -0.776 -0.77600508 -0.14993126 -0.15 -0.15 -0.15 -0.14997239 0.15071131 0.043111531 0.043 0.043 0.043000003 0.094 0.094 0.094 0.094 0.094000001 0.507 0.507 0.507 0.507 0.49717999 0.486 0.76584259 0.769 0.53 0.53
-1.067 -1.067 -0.79303471 -0.793 -0.793 -0.793 -0.89256635 -1.185 -1.185 -1.185 -0.83 -0.83 -0.83 -0.83 -0.83 -0.88795497 -0.888 -0.78403049 -0.784 -0.784 -0.784 -0.784 -0.77896365 -0.776 -0.776 -0.776 -0.776 -0.77543062 0.028 0.028 0.028 0.028 0.028 0.233 0.233 0.233 0.233 0.233 0.336 0.336 0.336 0.336 0.336 0.50718312 0.50700004 0.507 0.50701271 0.50856745 0.769 0.769 0.769 0.53000134 0.53
-1.0669995 -0.78755635 -0.793 -0.793 -0.793 -0.793 -0.793 -1.1848331 -1.185 -1.185 -0.83 -0.83 -0.83 -0.83 -0.7869773 -0.786 -0.786 -0.78400005 -0.784 -0.784 -0.784 -0.784 -0.78400002 -0.776 -0.776 -0.776 -0.776 -0.067999932 -0.067999956 -0.047568867 0.028 0.028 0.028 0.233 0.233 0.233 0.233 0.233021 0.336 0.336 0.336 0.336 0.33601823 0.582 0.582 0.582 0.582 0.58201508 0.769 0.769 0.769 0.76899992 0.64330635
-0.782 -0.782 -0.77306948 -0.793 -0.793 -0.793 -0.793 -0.793 -1.184832 -0.82600001 -0.826 -0.826 -0.82600949 -0.78600006 -0.786 -0.786 -0.786 -0.786 -0.78400108 -0.79323152 -0.874 -0.874 -0.874 -0.84840189 -0.7636744 -0.69772244 -0.64175541 -0.068 -0.068 -0.068 -0.068 -0.068 -0.064387149 0.26041973 0.264 0.264 0.264 0.264 0.38070912 0.57399957 0.574 0.574 0.574 0.55400008 0.58199999 0.582 0.582 0.675 0.76899849 0.769 0.769 0.645 0.645
-0.782 -0.782 -0.708 -0.708 -0.708 -0.79297169 -0.793 -0.793 -0.826 -0.826 -0.826 -0.826 -0.826 -0.786 -0.786 -0.786 -0.786 -0.786 -0.874 -0.874 -0.874 -0.874 -0.874 -0.62200001 -0.622 -0.622 -0.622 -0.068000003 -0.068 -0.068 -0.068 -0.068 -0.055 -0.055 0.264 0.264 0.264 0.53595368 0.536 0.574 0.574 0.574 0.57400004 0.554 0.554 0.554 0.675 0.675 0.675 0.641 0.641 0.645 0.645
-0.782 -0.782 -0.708 -0.708 -0.708 -0.708 -0.7080005 -0.799 -0.82597458 -0.826 -0.826 -0.826 -0.826 -0.78649896 -0.786 -0.786 -0.786 -0.786 -0.874 -0.874 -0.874 -0.874 -0.874 -0.622 -0.622 -0.622 -0.622 -0.62199775 -0.068 -0.068 -0.068 -0.055000682 -0.055 -0.055 -0.055 0.264 0.536 0.536 0.536 0.53699985 0.82184449 0.868 0.868 0.554 0.554 0.554 0.675 0.675 0.675 0.641 0.641 0.641 0.63231997
-0.888 -0.88799917 -0.708 -0.708 -0.708 -0.708 -0.799 -0.799 -0.799 -0.826 -0.826 -0.826 -0.826 -0.82598757 -0.786 -0.786 -0.786 -0.786 -0.87399831 -0.874 -0.874 -0.87399999 -0.66638613 -0.622 -0.622 -0.622 -0.622 -0.54600006 -0.546 -0.54599999 -0.073129738 -0.055 -0.055 -0.055 -0.054999517 0.45099999 0.536 0.536 0.536 0.536 0.868 0.868 0.868 1.091 1.091 1.091 0.91897624 0.675 0.675 0.641 0.641 0.641 0.63099998
