interpolatedSpi/01-12|21_3.tif
NCOLS 53
NROWS 52
XLLCORNER -116.03883
YLLCORNER 28.596182
DX 0.49850594
DY 0.49788537
NODATA_VALUE -9999
[rows 0 to 28 of 52, columns 0 to 52 of 53]
-0.7775 -0.7775 -0.74662607 -0.98333333 -0.97333333 -1.25 -1.1558333 -1.1366667 -1.2302324 -1.4325 -1.3766667 -1.0066667 -1.4549254 -0.54916667 -0.85333333 -0.85333333 -0.85333333 -0.45083333 -0.70333333 -0.70333333 -0.70333333 -0.7033306 -0.41916667 -0.96666667 -0.96666667 -0.96666667 -0.69083077 -0.69083333 -0.69083333 -0.415 -0.415 -0.415 -0.415 -1.3974998 -1.3975 -1.3975 -1.3975 -1.3975 -1.3975 -1.3975 0.15659382 0.17316011 -0.50583333 -0.50583333 -0.50583333 -0.50583333 -0.50568225 -0.41333333 -0.41333333 -0.41333333 0.49583145 0.49583333 0.49583333
-0.77752695 -1.3841667 -0.99249968 -1.0341996 -1.2142856 -0.68166667 -0.88333333 -1.3815343 -1.725 -1.5141667 -1.3383333 -1.455 -1.455 -1.1039771 -0.54917608 -0.85333333 -0.45083333 -0.45083333 -0.70300411 -0.70333333 -0.70333333 -0.70333333 -0.96763168 -0.96666667 -0.96666667 -0.96666667 -1.2216666 -1.2216667 -0.415 -0.415 -0.415 -0.415 -0.415 -1.3974999 -1.3975 -1.3975 -1.3975 -1.3975 -1.3974999 -1.2620333 -0.58837141 -0.51584416 -0.50583333 -0.50583333 -0.50583333 -0.50583333 -0.50583333 -0.41333333 -0.41333333 -0.41333333 -0.33794436 0.49583333 0.49583333
-1.3199861 -1.32 -0.71333333 -0.6625 -0.94833333 -1.3058333 -0.80083333 -1.3366667 -1.6658333 -1.6408333 -1.3083333 -1.685 -1.0741667 -1.1116667 -1.1058333 -1.6175 -0.45083333 -0.45083333 -0.45083333 -0.86578609 -0.86583333 -0.86583333 -0.985 -0.96666667 -0.96666667 -0.96666667 -1.2216667 -1.2216667 -1.2216667 -0.415 -0.415 -0.41500002 -0.6633222 -1.3956017 -1.3905269 -0.6551983 -0.64833333 -0.64833333 -0.64078691 -0.58833333 -0.58833333 -0.58822784 -0.50583333 -0.50583333 -0.50583333 -0.50583333 -0.50583333 -0.41333333 -0.41333333 -0.41333333 -0.41333333 0.49583333 0.49583333
-0.44583333 -1.3199999 -1.023335 -0.2825 -0.96166667 -1.0525 -1.0108333 -1.3883333 -1.1608333 -1.2308214 -1.2783333 -1.8716667 -1.7975 -1.1116667 -1.2658333 -1.6175 -1.6249426 -1.6241773 -1.6691667 -0.86583333 -0.86583333 -1.445 -0.985 -0.985 -0.96666667 -0.96666794 -1.2216667 -1.2216667 -1.2216667 -1.0108333 -0.96693912 -0.93083333 -0.93083333 -0.93083311 -0.64833333 -0.64833333 -0.64833333 -0.64833333 -0.58833333 -0.58833333 -0.58833333 -0.58833333 -0.50583333 -0.50583333 -0.50583333 -0.50583333 -0.50583333 -0.4133345 -0.41333333 -0.41333333 -0.41333333 0.49578486 0.49583333
-0.44583333 -0.31416797 -1.0233333 -1.1621043 -0.96166667 -0.93916667 -1.4241362 -1.2475 -1.4283333 -1.0233335 -1.3915805 -1.5674482 -1.2058333 -1.2658333 -1.2658333 -1.5012507 -1.625 -1.625 -1.6691667 -1.6691667 -0.86583444 -1.445 -1.165 -0.69416667 -0.52416667 -0.5240768 -1.2216667 -1.2216667 -1.0108333 -1.0108333 -0.93083333 -0.93083333 -0.93083333 -0.83733245 -0.64833333 -0.64833333 -0.64833333 -0.58833333 -0.58833333 -0.58833333 -0.58833333 -0.58831966 -0.50583333 -0.50583333 -0.50583333 -0.50583333 -0.50583333 -0.50500997 -0.41333333 -0.41335912 -0.98833333 -0.98833333 -0.98833333
-1.43 -0.81333333 -0.28750001 -0.7975 -1.0716667 -0.8875 -1.1733333 -1.1828288 -0.97083333 -0.80583333 -0.74166667 -0.33833333 -0.33833391 -1.095 -1.095 -1.5307184 -1.5308333 -1.2925 -1.2925 -1.6691658 -0.94583333 -0.94583333 -0.69416667 -0.52416667 -0.52416667 -0.13916667 -0.55833333 -0.55833333 -0.47338222 -1.0108333 -0.93083333 -0.93083333 -0.435 -0.43500279 -0.46166483 -0.70666667 -0.70666667 -0.62494245 -0.58833333 -0.58833333 -0.44684336 -0.44666667 -0.44666577 -1.257329 -1.2707488 -1.2708331 -1.2708333 -1.270833 -0.92987095 -0.98833333 -0.98833333 -0.98833333 -0.98833333
0.064988973 -0.38 -0.41205904 -0.1975 -0.425 -1.2458333 -0.66666666 -0.8525 -1.0066667 -1.0066667 -0.74166667 -1.0341667 -0.93750002 -1.095 -1.0550001 -1.055 -1.5308333 -0.8675 -0.70916667 -0.70916667 -0.93326627 -0.91916667 -0.91916667 -0.0008333406 -0.13916667 -0.13916667 -0.55833333 -0.55833333 -0.47333693 -0.4733995 -0.40623178 -0.435 -0.435 -0.46166667 -0.46166667 -0.73162934 -0.70666667 -0.70666667 -0.61583648 -0.4466669 -0.44666667 -0.44666667 -0.44666191 -1.2708294 -1.2708333 -1.2708333 -1.2708333 -1.2708331 -0.9375 -0.98832326 -0.98833333 -0.98833333 -0.98833333
0.065 0.13916667 0.0041666667 -0.87166667 -0.97666065 -1.0008333 -0.635 -1.2108333 -1.0941667 -1.0308333 -1.0308333 -1.02 -0.9375 -0.9375 -1.0541938 -1.4268924 -1.4633333 -0.57333333 -0.87249983 -0.70916667 -0.25305734 -0.24166667 -0.31083333 0.068333332 0.068330098 -0.1825 -0.58083333 -0.58083333 -0.53478391 -0.535 -0.40583333 -0.73656055 -0.56916667 -0.46166667 -0.47530931 -0.7525 -0.7525 -0.61583333 -0.61583333 -0.44666667 -0.44666667 -0.44666666 -0.55526693 -0.5566667 -1.2708333 -1.2708333 -1.2708333 -0.93751269 -0.9375 -0.9375 -0.98833333 -0.98833333 -0.98833333
0.012104902 0.13916667 0.60333333 -0.31833333 -0.6575 -0.80416667 -0.945 -0.94083333 -1.1375 -0.97867701 -1.0291667 -0.97166667 -0.97166667 -0.92833333 -0.92833294 -1.0686032 -1.0675 -1.0675 -0.61900159 -0.48083331 -0.37583333 -0.37583333 -0.2825 -0.29966763 -0.15722262 -0.1825 -0.43166667 -0.58083333 -0.50792614 -0.5075 -0.78333333 -0.48416667 -0.51606496 -0.91583333 -0.94 -1.0391667 -1.0358333 -1.1175 -0.87178018 -0.44494067 -0.06 -0.34666667 -0.55665079 -0.55666667 -0.56068638 -1.2708333 -1.4516667 -0.9375 -0.9375 -0.9375 -0.9375 -0.93033362 -0.39333333
-0.69833333 -0.69833333 0.65166667 0.14333333 -0.72416667 -0.9475 -0.85916667 -0.7025 -0.85833333 -0.93831131 -1.1941667 -0.1825 -0.92833333 -0.92833333 -0.88666667 -0.88914688 -1.0675 -1.0674373 -0.76833333 -0.48083333 -0.48083333 -0.46730582 -0.2825 -0.55166157 -0.55166667 -0.55166667 -0.43166667 -0.30333333 -0.30333333 -0.5075 -0.5075 -0.48428679 -0.5475 -0.91583333 -0.385 -1.0391667 -1.0358333 -0.76083333 -0.87166667 -0.71016064 -0.34666665 -0.38799235 -0.45916667 -0.55666667 -0.55666667 -1.4516667 -1.4516667 -1.4516667 -0.9375 -0.9375 -0.5225 -0.5225 -0.52249995
-0.69833333 -0.69833333 -0.1125 -0.725 -1.0416667 -0.42583333 -0.90833333 -1.0991511 -1.1325 -1.0541667 -1.22 -1.1041667 -0.18372811 -0.88666667 -0.88666667 -0.88668032 -1.005 -0.99257862 -0.76833333 -1.055 -1.055 -0.69083333 -0.69083333 -0.55166667 -0.55166667 -0.55166667 -0.30333333 -0.30333333 -0.30333333 -0.77583333 -0.77583333 -0.77583296 -0.6725 -0.6725 -0.8025 -1.0341667 -0.4825 -1.2283251 -0.96916667 -0.7075 -0.7075 -0.21250081 -0.45916667 -0.55666667 -0.59500025 -0.93833333 -0.74555422 -0.7425 -0.53666667 -0.53666667 -0.5225 -0.5225 -0.5225
-0.69833333 -0.4455283 -0.3738756 -0.74249624 -0.31916667 -1.1125 -0.90833333 -1.0991667 -1.1324997 -1.0550345 -1.1041666 -1.1041667 -0.86583333 -0.88666667 -0.88666667 -1.005 -1.005 -1.0049865 -0.76833333 -1.055 -0.98348508 -0.69083333 -0.69083333 -0.55167282 -0.55166667 -0.60864472 -0.725 -0.725 -0.72499995 -0.77583333 -0.77583333 -0.7825 -0.7825 -0.67250036 -0.8025 -0.81833342 -0.44775692 -1.2283333 -1.2283333 -0.70749998 -0.2125 -0.2125 -0.21250281 -0.595 -0.595 -0.93833333 -0.7425 -0.7425 -0.53666667 -0.53666667 -0.5225 -0.5225 -0.5225
-1.0275 -0.57432205 -0.60500376 -0.60599053 -0.31917082 -1.1124813 -0.90833334 -1.0968176 -1.130203 -1.1304545 -0.86583333 -0.86583333 -0.86583333 -0.86583333 -0.88666372 -1.005 -1.005 -1.0019443 -0.76833333 -1.0550594 -1.2666667 -1.2666667 -1.2666667 -1.2666667 -0.56390608 -0.725 -0.725 -0.725 -0.725 -0.72507875 -0.7825 -0.7825 -0.7825 -0.7825 -0.81833333 -0.81833333 -0.81833333 -1.2074416 -1.2260489 -0.92416667 -0.92416667 -0.21253828 -0.7333286 -0.59501332 -0.595 -0.93833333 -0.7425 -0.7425 -0.53666667 -0.53666667 -0.5225514 -0.5225 -0.2878537
-1.0275 -0.605 -0.605 -0.605 -0.605 -0.60500021 -0.90885583 -0.9986329 -1.1240748 -0.86611861 -0.86583333 -0.86583333 -0.86583333 -0.86583333 -0.86583355 -1.005 -1.005 -0.98876628 -0.76833824 -1.2666667 -1.2666667 -1.2666667 -1.2666667 -1.2666667 -1.2572793 -0.83947061 -0.90249996 -0.9025 -0.9025 -0.9025 -0.7825 -0.7825 -0.78249981 -0.6275 -0.6275 -0.81833333 -0.64495914 -0.64 -0.9241665 -0.92416667 -0.92416667 -0.92416667 -0.73333333 -0.73333333 -0.73333333 -0.73475995 -0.69783346 -0.6975 -0.6975 -0.6975 -0.6975 -0.39250003 -0.3925
-0.83916667 -0.605 -0.605 -0.605 -0.605 -0.605 -0.60500002 -0.91748289 -1.1596526 -1.16 -1.16 -1.16 -1.16 -1.16 -1.16 -0.88238847 -1.0029424 -0.97259243 -1.2666041 -1.2666667 -1.2666667 -1.2666667 -1.2666667 -1.2666661 -0.8325 -0.8325 -0.8325001 -0.9025 -0.9025 -0.90225971 -0.7825 -0.7825 -0.6275 -0.6275 -0.6275 -0.63799751 -0.64 -0.64 -0.64 -0.92416667 -0.92416667 -0.92416667 -0.73333333 -0.73333333 -0.73333333 -0.73333333 -0.6975 -0.6975 -0.6975 -0.6975 -0.6975 -0.3925 -0.3925
-0.83916667 -0.75198908 -0.605 -0.605 -0.605 -0.605 -0.8282895 -0.82833333 -0.82833334 -1.16 -1.16 -1.16 -1.16 -1.16 -1.0974947 -0.87666667 -0.87666667 -0.87666667 -0.79643629 -0.79500048 -0.795 -0.795 -0.795 -0.795 -0.8325 -0.8325 -0.8325 -0.8325 -0.9025 -0.7825 -0.7825 -0.7825 -0.62750001 -0.6275 -0.6275 -0.34666667 -0.63961162 -0.64 -0.64 -0.924036 -0.66338954 -0.05510522 -0.73333333 -0.73333333 -0.55471959 -0.55416667 -0.55416667 -0.69703146 -0.41349595 -0.41250002 -0.41250005 -0.17253336 -0.39249955
-0.83916667 -0.78402181 -0.69482317 -0.605 -0.605 -0.82820138 -0.82833333 -0.82833333 -0.82833333 -0.83072342 -1.16 -1.16 -1.16 -1.16 -0.87666667 -0.87666667 -0.87666667 -0.87666667 -0.79507295 -0.795 -0.795 -0.795 -0.795 -0.795 -0.8325 -0.8325 -0.8325 -0.8325 -0.83231813 -0.7825 -0.7825 -0.7825 -0.66916667 -0.62747244 -0.34666667 -0.34666667 -0.34666667 -0.34223651 -0.089688596 -0.0525 -0.0525 -0.0525 -0.52416667 -0.52416667 -0.55416667 -0.55416667 -0.55416667 -0.4125 -0.4125 -0.4125 -0.4125 -0.1725 -0.1725
-0.78245507 -0.7825 -0.7825 -0.7825 -0.645 -0.8283286 -0.82833333 -0.82833333 -0.82833333 -0.82833333 -1.1236599 -1.1599937 -1.16 -0.87666667 -0.87666667 -0.87666667 -0.87666667 -0.87666667 -0.85469273 -0.795 -0.795 -0.795 -0.795 -0.795 -0.78459054 -0.73916717 -0.73916667 -0.73916667 -0.73916667 -0.78249999 -0.66916667 -0.66916667 -0.66916667 -0.66916667 -0.34666667 -0.346656 0.058333333 0.058333333 -0.051116081 -0.0525 -0.0525 -0.0525 -0.52416667 -0.52416667 -0.54952163 -0.55416667 -0.55416667 -0.4125 -0.4125 -0.4125 -0.40992658 -0.1725 -0.1725
-0.7825 -0.7825 -0.7825 -0.7177492 -0.645 -0.645 -0.82833333 -0.82833333 -0.82833333 -0.82833333 -0.68 -0.68 -0.68 -0.87666667 -0.87666667 -0.87666667 -0.87666667 -0.87658349 -0.63 -0.63 -0.79499993 -0.795 -0.79788092 -0.91333333 -0.91176538 -0.73916667 -0.73916667 -0.73916667 -0.73916667 -0.66917379 -0.66916667 -0.66916667 -0.66916667 -0.66916667 0.05833191 0.058333333 0.058333333 0.058333333 0.057944815 -0.0525 -0.0525 -0.0525 -0.52416667 -0.52416667 -0.52416667 -0.55416667 -0.55416667 -0.4125 -0.4125 -0.4125 -0.1725 -0.1725 -0.1725
-0.7825 -0.7825 -0.7825 -0.645 -0.645 -0.645 -0.64500028 -0.82833333 -0.82833333 -0.68015312 -0.68 -0.68 -0.68 -0.68012252 -0.46925739 -0.37333333 -0.37333333 -0.37333333 -0.63 -0.63 -0.63 -0.91333333 -0.91333333 -0.91333333 -0.91312324 -0.43712808 -0.73916667 -0.73916667 -0.73916666 -0.40237951 -0.33919912 -0.33916667 -0.33916667 -0.33916667 0.067152449 0.080833282 0.080833333 0.080833333 0.080833333 -0.067497948 -0.0675 -0.0675 -0.52416667 -0.52416667 -0.51500004 -0.51499998 -0.45416667 -0.45416667 -0.27916667 -0.27916667 -0.27916667 -0.1725 -0.16916965
-0.78249799 -0.7825 -0.7825 -0.645 -0.645 -0.645 -0.645 -0.32916681 -0.82633747 -0.67976197 -0.68 -0.68 -0.68 -0.67939824 -0.37333333 -0.37333333 -0.37333333 -0.37333341 -0.63 -0.63 -0.63 -0.91333333 -0.91333333 -0.91333333 -0.16333333 -0.16333333 -0.20583333 -0.20583333 -0.20583333 -0.20656071 -0.33916667 -0.33916667 -0.33916667 -0.33916667 -0.12928203 0.080833333 0.080833333 0.080833333 0.080833333 -0.0675 -0.0675 -0.0675 -0.081580062 -0.515 -0.515 -0.515 -0.45416667 -0.45416667 -0.27916667 -0.27916667 -0.27916667 -0.16916667 -0.16916667
-0.135 -0.43686266 -0.47583333 -0.47588241 -0.645 -0.33099407 -0.32916667 -0.32916667 -0.31823531 -0.4175 -0.4175 -0.4175 -0.4175 0.1199825 0.12 -0.37333295 -0.37333333 -0.38009612 -0.63 -0.63 -0.63 0.081666667 0.081666667 0.081666667 -0.16333333 -0.16333333 -0.20583333 -0.20583333 -0.20583333 -0.20583317 0.017497733 0.017498998 -0.33020239 -0.3387843 -0.22762371 -0.2275 -0.2275 -0.2275 -0.2275 -0.0675 -0.0675 -0.0675 -0.49035921 -0.515 -0.515 -0.51499996 -0.45416667 -0.45416667 -0.45416037 -0.27916667 -0.27918116 -0.60333333 -0.16916667
-0.3457933 -0.34583336 -0.47583333 -0.47583333 -0.47583333 -0.32916667 -0.32916667 -0.32916667 -0.29916667 -0.29916667 -0.4175 -0.4175 -0.4175 0.12 0.12 0.12 0.12 0.11991489 -0.63 -0.63 -0.62999997 0.081666667 0.081666667 0.081666667 -0.16333333 -0.16333333 -0.20583333 -0.20583333 -0.20583333 0.0149819 0.0175 0.0175 0.0175 0.0175 -0.22737911 -0.2275 -0.2275 -0.2275 -0.2275 -0.00333335 -0.0033333333 -0.0033333333 -0.0033333333 -0.51499842 -0.30916667 -0.30916667 -0.30916667 -0.42916667 -0.42916667 -0.42916667 -0.60333333 -0.60333333 -0.60333333
-0.34583333 -0.34583333 -0.47583333 -0.47583333 -0.47583333 -0.32993757 -0.32916667 -0.29916667 -0.29916667 -0.29916667 -0.41748543 -0.4175 -0.1526154 0.11999995 0.12 0.12 0.12 0.061666667 0.061666667 0.061666667 -0.115 -0.11499985 0.081665709 0.081666667 0.081433359 -0.19583333 -0.19583333 -0.19583336 -0.20583172 0.1066489 0.10666619 0.1066511 0.017652395 0.01757695 -0.18380604 -0.22749986 -0.22627401 0.13833333 0.13833333 -0.0033333333 -0.0033333333 -0.0033333333 -0.0033333333 -0.30916667 -0.30916667 -0.30916667 -0.30916667 -0.42916667 -0.42916667 -0.42916667 -0.60333333 -0.60333333 -0.60333333
-0.34583333 -0.34583333 -0.47583333 -0.47583333 -0.47583333 -0.47583333 -0.31793854 -0.29916667 -0.29916667 -0.29916667 -0.29905297 -0.093333333 -0.093333333 -0.093333333 0.11874278 0.12 0.062055386 0.061666667 0.061666667 0.061666667 -0.115 -0.115 -0.115 -0.115 -0.19583333 -0.19583333 -0.19583333 -0.19583333 -0.19583333 0.10666667 0.10666667 0.10666667 0.10666667 0.10666683 0.1825 0.13833333 0.13833333 0.13833333 0.13833333 0.13833291 0.0275 0.0275 0.0275 -0.098597627 -0.36 -0.36 -0.36 -0.42916666 -0.42916657 -0.3275 -0.3275 -0.29507501 -0.295
-0.34583333 -0.34583333 -0.42891246 -0.47583333 -0.47583333 -0.47583333 -0.30415779 -0.29918242 -0.29916667 -0.29916667 -0.093333329 -0.093333333 -0.093333333 -0.093333333 -0.093333333 -0.07582403 0.061666667 0.061666667 0.061666667 0.061666667 -0.11499863 -0.115 -0.115 -0.115 -0.19583333 -0.19583333 -0.19583333 -0.19583333 -0.19583333 0.020455085 0.10666667 0.10666667 0.10666667 0.1825 0.1825 0.1824657 0.13833333 0.13833333 0.35547204 0.52416663 0.0275 0.0275 0.0275 -0.094707691 -0.36 -0.36 -0.36 0.32583333 -0.31935953 -0.3275 -0.3275 -0.295 -0.295
-0.13833333 -0.13833333 -0.13833333 -0.39121281 -0.47532164 -0.30416667 -0.30416667 -0.30416667 -0.30416667 -0.071666669 -0.071666667 -0.093333332 -0.093333333 -0.093333333 -0.093333333 -0.093323501 0.061666667 0.061666667 0.061666667 0.061666667 -0.037908398 -0.115 -0.115 -0.11737715 -0.20538804 -0.19583333 -0.19583333 -0.19583333 -0.01 -0.01 -0.01 -0.0099995103 0.1825 0.1825 0.1825 0.1825 0.52416667 0.52416667 0.52416667 0.52416667 0.185 0.185 0.185 0.28583131 0.28583333 0.28583333 0.28583313 0.32583333 0.32583333 -0.32670395 -0.3275 -0.29499614 -0.295
-0.13833333 -0.13833333 -0.13833333 -0.13833262 -0.125 -0.15105378 -0.30416667 -0.30416667 -0.30416667 -0.071666667 -0.071666667 -0.071666667 0.12249999 0.1225 0.1225 0.12249999 0.060996525 0.061666667 0.061666667 0.061666667 0.058982813 -0.20583308 -0.20583333 -0.20583333 -0.20583333 -0.20583333 -0.21833333 -0.21833333 -0.01 -0.01 -0.01 -0.01 0.18250026 0.1825 0.1825 0.18252973 0.52416665 0.52416667 0.52416667 0.52226571 0.185 0.185 0.185 0.28582866 0.28583333 0.28583333 0.28583333 0.32583333 0.32583333 0.32583335 0.47 0.47 0.475
-0.13833333 -0.13833333 -0.13833333 -0.12500003 -0.125 -0.125 -0.3041666 -0.30416667 -0.30416667 -0.071666667 -0.071666667 -0.071666667 0.1225 0.1225 0.1225 0.090005259 -0.30416667 -0.30416667 -0.30416572 0.059600342 -0.20583333 -0.20583333 -0.20583333 -0.20583333 -0.20583333 -0.20584274 -0.21833333 -0.21833333 -0.21833333 -0.01 -0.01 -0.010185052 0.5475 0.5475 0.5475 -0.11583333 -0.11583333 0.090833333 0.090833333 0.090833333 0.03 0.18495138 0.18500037 0.23416667 0.23416667 0.23612477 0.28583326 0.32583333 0.32583333 0.47 0.47 0.47 0.475
