interpolatedSpi/01-10|23_3.tif
NCOLS 53
NROWS 52
XLLCORNER -116.03883
YLLCORNER 28.596182
DX 0.49850594
DY 0.49788537
NODATA_VALUE -9999
[rows 0 to 39 of 52, columns 0 to 52 of 53]
-0.1 -0.1 -0.32738547 -0.21 0.076 0.022 -0.062 0.142 -0.70057893 -0.508 -0.16 -0.353 -0.65797398 -0.342 -0.422 -0.422 -0.422 -0.682 -0.642 -0.642 -0.642 -0.64199762 -0.395 -0.864 -0.864 -0.864 -0.84200194 -0.842 -0.842 -1.324 -1.324 -1.324 -1.324 -1.8089999 -1.809 -1.809 -1.809 -1.809 -1.809 -1.8089999 0.37843873 0.4015697 -1.287 -1.287 -1.287 -1.287 -1.286069 -0.717 -0.717 -0.717 0.059998386 0.06 0.06
-0.10002613 -0.688 -0.28000016 -0.28449073 -0.18704849 -0.36 -0.5 -0.56367274 -0.775 -0.545 -0.419 -0.658 -0.658 -0.70578292 -0.34200512 -0.422 -0.682 -0.682 -0.64205215 -0.642 -0.642 -0.642 -0.87773828 -0.864 -0.864 -0.864 -0.74200001 -0.742 -1.324 -1.324 -1.324 -1.324 -1.324 -1.8089999 -1.809 -1.809 -1.809 -1.809 -1.8089999 -1.5894578 -0.45409185 -1.1859225 -1.287 -1.287 -1.287 -1.287 -1.287 -0.717 -0.717 -0.717 -0.65257042 0.06 0.06
0.33197059 0.332 -0.416 -0.302 -0.588 -0.05 -0.554 0.07 -0.81 -0.899 -0.741 -0.718 -0.998 -0.854 -0.707 -1.659 -0.682 -0.682 -0.682 -0.37207849 -0.372 -0.372 -1.125 -0.864 -0.864 -0.864 -0.742 -0.742 -0.742 -1.324 -1.324 -1.324 -1.3057068 -1.8069466 -1.8015258 -1.0133583 -1.006 -1.006 -0.93657295 -0.454 -0.454 -0.4550652 -1.287 -1.287 -1.287 -1.287 -1.287 -0.717 -0.717 -0.717 -0.717 0.06 0.06
0.63 0.33199987 -0.33717142 -0.219 -1.127 -0.789 -0.671 -1.021 -0.508 -0.79259282 -1.054 -1.148 -1.054 -0.854 -1.102 -1.659 -0.92366935 -0.91783464 -0.962 -0.372 -0.372 -1.006 -1.125 -1.125 -0.864 -0.86399939 -0.742 -0.742 -0.742 -1.081 -1.1934789 -1.286 -1.286 -1.2859998 -1.006 -1.006 -1.006 -1.006 -0.454 -0.454 -0.454 -0.45400003 -1.287 -1.287 -1.287 -1.287 -1.287 -0.71700719 -0.717 -0.717 -0.717 0.059941989 0.059999999
0.63 -0.052000523 -0.337 -0.98935165 -1.127 -1.274 -1.1890347 -1.645 -1.724 -1.0060003 -1.1560197 -1.2199042 -0.551 -1.102 -1.102 -1.4630456 -0.918 -0.918 -0.962 -0.962 -0.37200127 -1.006 -0.828 -0.139 -0.62 -0.61995934 -0.742 -0.742 -1.081 -1.081 -1.286 -1.286 -1.286 -1.2695941 -1.006 -1.006 -1.006 -0.454 -0.454 -0.454 -0.454 -0.45405763 -1.287 -1.287 -1.287 -1.287 -1.287 -1.2819263 -0.717 -0.7170448 -1.716 -1.716 -1.716
-1.297 -0.604 -0.47099997 -0.633 -0.717 -1.23 -1.671 -1.6676713 -1.212 -1.648 -1.626 -1.204 -1.2039996 -1.093 -1.093 -0.7009324 -0.701 -0.968 -0.968 -0.96199942 -1.056 -1.056 -0.139 -0.62 -0.62 -0.446 -1.335 -1.335 -0.80202625 -1.081 -1.286 -1.286 -1.199 -1.1989703 -0.91502034 -0.882 -0.882 -0.58641157 -0.454 -0.454 -1.0502554 -1.051 -1.0509983 -1.0011369 -0.99603216 -0.99600008 -0.99600001 -0.99600011 -1.49444 -1.716 -1.716 -1.716 -1.716
-0.5440018 -0.394 -0.43295359 -0.567 -0.629 -1.394 -1.125 -1.497 -1.825 -1.825 -1.626 -1.556 -1.3799999 -1.093 -0.42100201 -0.421 -0.701 -0.269 -0.302 -0.302 -0.82131008 -0.558 -0.558 -0.573 -0.446 -0.446 -1.335 -1.335 -0.80204009 -0.80273817 -0.8290434 -1.199 -1.199 -0.915 -0.915 -1.0089011 -0.882 -0.882 -1.2219882 -1.0510002 -1.051 -1.051 -1.0509915 -0.99600132 -0.996 -0.996 -0.996 -0.99600029 -1.484 -1.715954 -1.716 -1.716 -1.716
-0.544 -1.139 -0.483 -1.176 -0.71602637 -1.181 -1.557 -1.778 -1.383 -1.619 -1.619 -0.997 -1.38 -1.38 -0.42757963 -0.74158645 -0.773 -0.348 -0.28700002 -0.302 -0.35285148 -0.257 -1.134 -0.141 -0.14101374 -1.206 -0.849 -0.84900017 -1.4875892 -1.49 -0.827 -1.0167156 -0.894 -0.915 -0.91790916 -1.115 -1.115 -1.222 -1.222 -1.051 -1.051 -1.051 -1.2284893 -1.232 -0.996 -0.996 -0.996 -1.4839814 -1.484 -1.484 -1.716 -1.716 -1.716
-1.139 -1.139 -0.358 -1.099 -0.817 -1.602 -0.989 -0.665 -1.327 -0.68745504 -0.393 -1.139 -1.139 -0.586 -0.58600011 -0.7809777 -0.781 -0.781 -0.33868826 -1.362 -1.386 -1.386 -1.399 -1.2384321 -1.0986761 -1.206 -0.914 -0.849 -0.89075594 -0.891 -1.051 -1.06 -0.94264841 -1.294 -1.017 -1.243 -1.143 -0.987 -0.7830942 -1.0479468 -0.367 -0.693 -1.2319145 -1.232 -1.2306717 -0.996 -1.68 -1.484 -1.484 -1.484 -1.484 -1.5695792 -0.158
-1.139 -1.139 -0.357 -0.592 -1.154 -0.796 -0.776 -1.242 -0.737 -0.52503211 -0.961 -0.273 -0.586 -0.586 -0.598 -0.60050993 -0.781 -0.78091204 -0.376 -1.362 -1.362 -1.365092 -1.399 -1.2630026 -1.263 -1.263 -0.914 -0.629 -0.629 -0.891 -0.891 -1.0595581 -0.827 -1.294 -0.99 -1.243 -1.143 -1.546 -0.783 -0.40620728 -0.69299999 -0.69814275 -0.707 -1.232 -1.232 -1.68 -1.68 -1.68 -1.484 -1.484 -0.54 -0.54 -0.53999986
-1.139 -1.139 -1.127 -1.385 -1.011 -0.412 -1.39 -0.59198256 -0.571 -0.642 -0.352 -0.246 -0.27296452 -0.598 -0.598 -0.59799585 -0.562 -0.55223785 -0.376 -0.525 -0.525 -0.464 -0.464 -1.263 -1.263 -1.263 -0.629 -0.629 -0.629 -0.919 -0.919 -0.91899985 -0.901 -0.901 -1.722 -1.393 -0.614 -1.0130048 -0.861 -0.4 -0.4 -0.93499925 -0.707 -1.232 -0.41600041 -0.762 -0.5319657 -0.527 -0.613 -0.613 -0.54 -0.54 -0.54
-1.139 -1.1338968 -1.2370978 -1.2629873 -0.62 -0.886 -1.39 -0.591 -0.57100017 -0.64121341 -0.24600052 -0.246 -0.014 -0.598 -0.598 -0.562 -0.562 -0.56198941 -0.376 -0.525 -0.51302084 -0.464 -0.464 -1.2629673 -1.263 -0.94479946 -0.295 -0.295 -0.29500004 -0.919 -0.919 -0.226 -0.226 -0.90100225 -1.722 -0.53300048 -0.76858106 -1.013 -1.013 -0.40000002 -0.935 -0.935 -0.93499621 -0.416 -0.416 -0.762 -0.527 -0.527 -0.613 -0.613 -0.54 -0.54 -0.54
-0.596 -0.60964634 -0.56203031 -0.56707 -0.62000146 -0.88599372 -1.39 -0.60083523 -0.5723782 -0.572854 -0.014 -0.014 -0.014 -0.014 -0.59791727 -0.562 -0.562 -0.55959844 -0.376 -0.52480841 0.134 0.134 0.134 0.134 -1.2385536 -0.295 -0.295 -0.295 -0.295 -0.29520993 -0.226 -0.226 -0.226 -0.226 -0.533 -0.533 -0.533 -0.99051509 -1.0097329 -0.578 -0.578 -0.9349808 -0.50199706 -0.41600828 -0.416 -0.762 -0.527 -0.527 -0.613 -0.613 -0.54026484 -0.54 -0.79062854
-0.596 -0.562 -0.562 -0.562 -0.562 -0.56200013 -1.3887098 -1.0119403 -0.57605515 -0.014601556 -0.014 -0.014 -0.014 -0.014 -0.013999655 -0.562 -0.56199997 -0.54924167 -0.37600094 0.134 0.134 0.134 0.134 0.134 0.144115 0.11763678 0.26199988 0.262 0.262 0.262 -0.22599998 -0.226 -0.2259992 0.438 0.438 -0.533 0.15920051 0.179 -0.57799956 -0.578 -0.578 -0.578 -0.502 -0.502 -0.502 -0.50380936 0.1435594 0.148 0.148 0.148 0.14799999 -0.089000093 -0.089
-0.768 -0.562 -0.562 -0.562 -0.562 -0.562 -0.56200005 -0.68787447 0.46845398 0.474 0.474 0.474 0.474 0.474 0.474 0.73742483 -0.54127374 -0.53653008 0.13393581 0.134 0.134 0.134 0.134 0.13400052 0.602 0.602 0.60199952 0.262 0.262 0.26313538 0.829 0.829 0.438 0.438 0.438 0.22048922 0.179 0.179 0.179 -0.578 -0.578 -0.578 -0.502 -0.502 -0.502 -0.502 0.148 0.148 0.148 0.148 0.148 -0.089 -0.089
-0.768 -0.69130854 -0.562 -0.562 -0.562 -0.562 0.59577272 0.596 0.596 0.474 0.474 0.474 0.474 0.474 0.53334328 0.743 0.743 0.743 0.57864225 0.57999954 0.58 0.58 0.58 0.58 0.602 0.602 0.602 0.602 0.262 0.829 0.829 0.829 0.43800004 0.438 0.438 0.713 0.17970703 0.179 0.179 -0.57794562 -0.46999938 -0.21807895 -0.502 -0.502 0.062253291 0.064 0.064 0.14800285 0.14999301 0.15 0.15 0.21395412 -0.088999384
-0.768 -0.022572494 -0.27861422 -0.562 -0.562 0.5953158 0.596 0.596 0.596 0.59512083 0.474 0.474 0.474 0.47400003 0.743 0.743 0.743 0.743 0.5801456 0.58 0.58 0.58 0.58 0.58 0.602 0.602 0.602 0.602 0.60282568 0.829 0.829 0.829 0.863 0.43803823 0.713 0.713 0.713 0.71152022 -0.19190552 -0.217 -0.217 -0.217 -0.208 -0.208 0.064 0.064 0.064 0.15 0.15 0.15 0.15 0.214 0.214
-0.0023497717 -0.002 -0.002 -0.0019999917 0.838 0.59600624 0.596 0.596 0.596 0.596 0.47044176 0.47399939 0.474 0.743 0.743 0.743 0.743 0.743 0.75288479 0.58 0.58 0.58 0.58 0.58 0.66486771 0.78499901 0.785 0.785 0.785 0.829 0.863 0.863 0.863 0.863 0.713 0.71299655 0.582 0.582 -0.20702329 -0.217 -0.217 -0.217 -0.208 -0.208 0.021885034 0.064 0.064 0.15 0.15 0.15 0.15068625 0.214 0.214
-0.002 -0.002 -0.002 0.39356853 0.838 0.838 0.596 0.596 0.596 0.596 0.427 0.427 0.427 0.743 0.743 0.743 0.743 0.7430428 1.102 1.102 0.58000021 0.58 0.58703593 0.869 0.86824378 0.785 0.785 0.785 0.785 0.86299206 0.863 0.863 0.863 0.863 0.58200046 0.582 0.582 0.582 0.57916919 -0.217 -0.217 -0.217 -0.208 -0.208 -0.208 0.064 0.064 0.15 0.15 0.15 0.214 0.214 0.214
-0.002 -0.002 -0.002 0.838 0.838 0.838 0.83799963 0.596 0.596 0.42717446 0.427 0.427 0.427 0.42719689 0.9526404 1.002 1.002 1.002 1.102 1.102 1.102 0.869 0.869 0.869 0.86896106 0.75615116 0.785 0.785 0.785 0.69695798 0.66101987 0.661 0.661 0.661 0.43303674 0.22300082 0.223 0.223 0.223 0.014968256 0.015 0.015 -0.208 -0.208 0.1029987 0.103 0.117 0.117 0.325 0.325 0.325 0.214 0.129076
-0.0019988052 -0.002 -0.0019999697 0.838 0.838 0.838 0.838 0.591 0.59598001 0.42704715 0.427 0.427 0.427 0.42812831 1.002 1.002 1.002 1.002 1.102 1.102 1.102 0.869 0.869 0.869 0.73 0.73 0.975 0.975 0.975 0.97328703 0.661 0.661 0.661 0.661 0.44212026 0.223 0.223 0.223 0.223 0.015 0.015 0.015 0.017768817 0.103 0.103 0.103 0.117 0.117 0.325 0.325 0.325 0.12900001 0.129
0.383 0.20810411 0.274 0.27416363 0.838 0.59242913 0.591 0.591 0.6864672 0.47900001 0.479 0.479 0.479 1.3129729 1.313 1.0020002 1.002 1.0046349 1.102 1.102 1.102 0.779 0.779 0.779 0.73 0.73 0.975 0.975 0.975 0.97500002 1.0059978 1.005999 0.66967106 0.66136986 0.25046991 0.25 0.25 0.25 0.25 0.015 0.015 0.015 0.098154608 0.103 0.103 0.10299993 0.117 0.117 0.11700749 0.325 0.32498202 -0.077 0.129
0.43898937 0.43899997 0.274 0.274 0.274 0.591 0.591 0.591 0.853 0.853 0.479 0.479 0.479 1.313 1.313 1.313 1.313 1.3129754 1.102 1.102 1.102 0.779 0.779 0.779 0.73 0.73 0.975 0.975 0.975 1.0056505 1.006 1.006 1.006 1.006 0.25037304 0.25 0.25 0.25 0.25 0.25899994 0.259 0.259 0.259 0.10299712 -0.272 -0.272 -0.272 -0.438 -0.438 -0.438 -0.077 -0.077 -0.077
0.439 0.439 0.274 0.274 0.274 0.58933379 0.591 0.853 0.853 0.853 0.47904604 0.479 0.87857399 1.3129999 1.313 1.313 1.313 1.041 1.041 1.041 0.838 0.83799996 0.77900029 0.779 0.77911252 0.992 0.992 0.99199996 0.97500275 0.77404623 0.77400123 0.7740405 1.0056035 1.0057998 0.38449431 0.2499999 0.24912198 -0.012 -0.012 0.259 0.259 0.259 0.259 -0.272 -0.272 -0.272 -0.272 -0.438 -0.438 -0.438 -0.077 -0.077 -0.077
0.439 0.439 0.274 0.274 0.274 0.274 0.68905895 0.853 0.853 0.853 0.85306352 0.968 0.968 0.968 1.3109668 1.313 1.0428125 1.041 1.041 1.041 0.838 0.838 0.838 0.838 0.992 0.992 0.992 0.992 0.992 0.774 0.774 0.774 0.774 0.77399865 0.133 -0.012 -0.012 -0.012 -0.012 -0.01200055 -0.229 -0.229 -0.229 -0.23648465 -0.252 -0.252 -0.252 -0.43799999 -0.4380002 -0.645 -0.645 -0.077 -0.077
0.439 0.439 0.33355341 0.274 0.274 0.27400001 0.93485449 0.85325842 0.853 0.853 0.96799998 0.968 0.968 0.968 0.968 0.9962894 1.041 1.041 1.041 1.041 0.83800157 0.838 0.838 0.838 0.992 0.992 0.992 0.992 0.992 0.59369463 0.774 0.774 0.774 0.133 0.133 0.1328874 -0.012 -0.012 -0.34235099 -0.59899995 -0.229 -0.229 -0.229 -0.23673596 -0.252 -0.252 -0.252 -0.388 -0.6417978 -0.645 -0.645 -0.077 -0.077
1.001 1.001 1.001 0.45627888 0.27486309 0.935 0.935 0.935 0.935 0.849 0.849 0.96799999 0.968 0.968 0.968 0.9680046 1.041 1.041 1.041 1.041 0.92658261 0.838 0.838 0.84501367 1.1009237 0.992 0.992 0.992 0.53 0.53 0.53 0.53000102 0.133 0.133 0.133 0.133 -0.599 -0.599 -0.599 -0.599 -0.256 -0.256 -0.256 -0.34999811 -0.35 -0.35 -0.34999997 -0.388 -0.388 -0.64468686 -0.645 -0.077001326 -0.077
1.001 1.001 1.001 1.0009924 0.86 0.87090623 0.935 0.935 0.935 0.849 0.849 0.849 0.24600003 0.246 0.246 0.24600001 1.0394466 1.041 1.041 1.041 1.0379364 1.1059993 1.106 1.106 1.106 1.106 0.608 0.608 0.53 0.53 0.53 0.53 0.13299996 0.133 0.133 0.13299519 -0.599 -0.599 -0.599 -0.59853938 -0.256 -0.256 -0.256 -0.34999564 -0.35 -0.35 -0.35 -0.388 -0.388 -0.38799999 -0.34 -0.34 -0.212
1.001 1.001 1.001 0.86000032 0.86 0.86 0.93499997 0.935 0.935 0.849 0.849 0.849 0.246 0.246 0.246 0.24196354 0.193 0.193 0.19300219 1.0362103 1.106 1.106 1.106 1.106 1.106 1.1056252 0.608 0.608 0.608 0.53 0.53 0.52979403 0.074 0.074 0.074 -0.477 -0.477 -0.494 -0.494 -0.494 -0.245 -0.25599655 -0.25599963 -0.206 -0.206 -0.21145744 -0.34999968 -0.388 -0.388 -0.34 -0.34 -0.34 -0.212
1.001 1.001 1.001 0.86 0.86 0.86 0.86 0.935 0.935 0.849 0.849 0.2701113 0.246 0.246 0.246 0.193 0.193 0.193 0.193 0.193 1.106 1.106 1.106 1.106 1.106 0.6080017 0.608 0.608 0.608 0.21 0.21 0.21 0.074 0.074 0.074 -0.477 -0.477 -0.494 -0.494 -0.245 -0.245 -0.245 -0.206 -0.206 -0.206 -0.206 -0.22234732 -0.405 -0.405 -0.405 -0.34 -0.348 -0.348
1.001 1.001 1.0008037 0.86 0.86 0.86 0.86 0.73243042 0.726 0.72621117 0.84899998 0.2460052 0.246 0.246 0.24599982 0.193 0.193 0.193 0.193 0.193 -0.20116002 1.106 1.106 1.106 1.1058585 0.60798937 0.608 0.608 0.608 0.21 0.21 0.21 0.20997893 0.074 -0.477 -0.477 -0.477 -0.47700069 -0.49398302 -0.245 -0.245 -0.245 -0.20600237 -0.206 -0.206 -0.206 -0.40500209 -0.405 -0.405 -0.405 -0.348 -0.348 -0.348
1.076 1.0759999 0.86008178 0.86 0.86 0.86 0.72602851 0.726 0.726 0.726 0.30800001 0.308 0.308 0.308 0.19353076 0.193 0.193 0.193 0.193 -0.25699973 -0.257 -0.257 0.41900011 0.419 0.419 0.419 0.43531313 0.608 0.034023509 0.034 0.034 0.034 0.034 -0.469 -0.469 -0.469 -0.469 -0.469 -0.451 -0.451 -0.451 -0.451 -0.451 -0.61438346 -0.615 -0.615 -0.615 -0.405 -0.405 -0.405 -0.34800898 -0.348 -0.348
1.076 1.076 1.0744259 0.88799994 0.88799999 0.88784206 0.726 0.726 0.726 0.726 0.308 0.308 0.308 0.308 0.308 0.193 0.193 0.193 -0.25699989 -0.257 -0.257 -0.257 0.419 0.419 0.419 0.419 0.419 0.41903961 0.03410967 0.034000001 0.034 0.034 0.034044057 -0.27682035 -0.46880101 -0.469 -0.469 -0.469 -0.451 -0.451 -0.451 -0.451 -0.451 -0.615 -0.615 -0.615 -0.615 -0.5167999 -0.405 0.090410378 0.096 0.116 0.116
1.076 1.076 0.88802381 0.888 0.888 0.888 0.84685268 0.726 0.726 0.726 0.308 0.308 0.308 0.308 0.308 0.19308323 0.193 -0.25686806 -0.257 -0.257 -0.257 -0.257 0.16857142 0.419 0.419 0.419 0.419 0.41892856 0.318 0.318 0.318 0.318 0.318 -0.13 -0.13 -0.13 -0.13 -0.13 -0.633 -0.633 -0.633 -0.633 -0.633 -0.61312968 -0.61499961 -0.615 -0.61487016 -0.59927406 0.096 0.096 0.096 0.11599989 0.116
1.0759992 0.62987067 0.88799996 0.888 0.888 0.888 0.888 0.72606898 0.726 0.726 0.308 0.308 0.308 0.308 -0.25813962 -0.271 -0.271 -0.25700036 -0.257 -0.257 -0.257 -0.257 -0.25699996 0.419 0.419 0.419 0.419 0.56599976 0.56599989 0.51321957 0.318 0.318 0.318 -0.13 -0.13 -0.13 -0.13 -0.12983813 -0.633 -0.633 -0.633 -0.633 -0.63295204 0.151 0.151 0.151 0.151 0.15099556 0.096 0.096 0.096 0.096000117 0.28546688
0.621 0.621 0.62797024 0.888 0.888 0.888 0.888 0.888 0.72606749 0.07400001 0.074 0.074 0.07455533 -0.27099917 -0.271 -0.271 -0.271 -0.271 -0.25700036 -0.26007717 -0.287 -0.287 -0.287 -0.1102076 0.36673625 0.087082815 -0.14843268 0.566 0.566 0.566 0.566 0.566 0.55428212 0.11145791 0.109 0.109 0.109 0.109 -0.51540345 -0.0070011246 -0.007 -0.007 -0.007 0.3199995 0.15100004 0.151 0.151 0.636 0.09600865 0.096 0.096 0.288 0.288
0.621 0.621 0.335 0.335 0.335 0.88781579 0.888 0.888 0.074000001 0.074 0.074 0.074 0.074 -0.27099998 -0.271 -0.271 -0.271 -0.271 -0.287 -0.287 -0.287 -0.287 -0.287 -0.234 -0.234 -0.234 -0.234 0.566 0.566 0.566 0.566 0.566 0.328 0.328 0.109 0.109 0.109 0.38995215 0.39 -0.007 -0.007 -0.007 -0.006999944 0.32 0.32 0.32 0.636 0.636 0.636 0.566 0.566 0.288 0.288
0.621 0.621 0.335 0.335 0.335 0.335 0.33499791 -0.045 0.073887958 0.074 0.074 0.074 0.074 -0.26669644 -0.271 -0.271 -0.271 -0.271 -0.287 -0.287 -0.287 -0.287 -0.287 -0.234 -0.234 -0.234 -0.234 -0.23399676 0.566 0.566 0.566 0.32801248 0.328 0.328 0.328 0.109 0.39 0.39 0.39 0.37955419 0.30069809 0.358 0.358 0.32 0.32 0.32 0.636 0.636 0.636 0.566 0.566 0.566 0.44921751
0.656 0.65599973 0.335 0.335 0.335 0.335 -0.045 -0.045 -0.045 0.074 0.074 0.074 0.074 0.07389275 -0.271 -0.271 -0.271 -0.271 -0.28699994 -0.287 -0.287 -0.28700001 -0.24335079 -0.234 -0.234 -0.234 -0.234 -0.18800004 -0.188 -0.18799999 0.55789866 0.328 0.328 0.328 0.32799965 -0.040999995 0.39 0.39 0.39 0.39 0.358 0.358 0.358 0.41 0.41 0.41 0.4840148 0.636 0.636 0.566 0.566 0.566 0.46599916
0.656 0.656 0.335 0.335 0.335 -0.045 -0.045 -0.045 -0.045 0.060943038 0.073999999 0.074 0.073999999 0.073997274 -0.49497422 -0.495 -0.495 -0.495 -0.83470207 -0.861 -0.861 -0.861 -0.861 -0.234 -0.234 -0.234 -0.23399697 -0.188 -0.188 -0.188 -0.188 0.32793543 0.12044817 -0.041 -0.041 -0.041 0.3890877 0.14600508 0.146 0.146 0.35807755 0.457 0.457 0.41 0.41 0.41000031 0.484 0.484 0.236 0.236 0.236 0.198 0.163
