interpolatedSpi/01-10|19_3.tif
NCOLS 53
NROWS 52
XLLCORNER -116.03883
YLLCORNER 28.596182
DX 0.49850594
DY 0.49788537
NODATA_VALUE -9999
0.377 0.377 0.14106666 -0.067 -0.049 -0.004 0.049 -0.062 -0.58188959 -0.74 -0.602 -0.219 -0.48498987 -0.362 -0.323 -0.323 -0.323 0.039 0.112 0.112 0.112 0.11199329 -0.585 -0.105 -0.105 -0.105 -0.74399511 -0.744 -0.744 -0.882 -0.882 -0.882 -0.882 -1.2649999 -1.265 -1.265 -1.265 -1.265 -1.265 -1.265 -0.18661483 -0.17516326 -0.816 -0.816 -0.816 -0.816 -0.81694407 -1.394 -1.394 -1.394 -0.21200245 -0.212 -0.212 
0.37698192 -0.03 0.23300034 0.2006026 0.090900268 0.348 0.665 -0.13789952 -0.493 -0.472 -0.047 -0.485 -0.485 0.18716271 -0.361993 -0.323 0.039 0.039 0.11190482 0.112 0.112 0.112 -0.13152909 -0.105 -0.105 -0.105 -0.060000003 -0.06 -0.882 -0.882 -0.882 -0.882 -0.882 -1.2649999 -1.265 -1.265 -1.265 -1.265 -1.2649999 -1.0326643 0.10594629 -0.70412264 -0.816 -0.816 -0.816 -0.816 -0.816 -1.394 -1.394 -1.394 -1.2959874 -0.212 -0.212 
0.09200556 0.092 0.532 0.528 -0.111 -0.182 0.069 0.178 -0.528 -0.47 -0.046 -0.494 -0.008 -0.113 0.189 -0.91 0.039 0.039 0.039 -0.078944476 -0.079 -0.079 -0.609 -0.105 -0.105 -0.105 -0.06 -0.06 -0.06 -0.882 -0.882 -0.882 -0.9055886 -1.2618264 -1.2515688 0.16477711 0.178 0.178 0.1689443 0.106 0.106 0.10482099 -0.816 -0.816 -0.816 -0.816 -0.816 -1.394 -1.394 -1.394 -1.394 -0.212 -0.212 
0.17 0.091999825 -0.77404029 0.34 -0.447 -0.061 -0.098 -0.439 -0.474 -0.080704481 -0.613 -0.838 -0.498 -0.113 -0.312 -0.91 -0.49817514 -0.49462585 -0.759 -0.079 -0.079 -0.466 -0.609 -0.609 -0.105 -0.10499978 -0.06 -0.06 -0.06 -1.11 -1.0117867 -0.931 -0.931 -0.93099913 0.178 0.178 0.178 0.178 0.106 0.106 0.106 0.10599997 -0.816 -0.816 -0.816 -0.816 -0.816 -1.3939927 -1.394 -1.394 -1.394 -0.21201421 -0.212 
0.17 -0.15300114 -0.774 -0.83588478 -0.447 -0.491 -0.57298036 -0.571 -0.498 -0.74400007 -0.67529989 -0.6409821 -0.516 -0.312 -0.312 -0.70560053 -0.495 -0.495 -0.759 -0.759 -0.079000815 -0.466 -0.694 -0.651 -0.409 -0.40896203 -0.06 -0.06 -1.11 -1.11 -0.931 -0.931 -0.931 -0.93043431 0.178 0.178 0.178 0.106 0.106 0.106 0.106 0.105989 -0.81599999 -0.816 -0.816 -0.816 -0.816 -0.82114492 -1.394 -1.3939665 -0.647 -0.647 -0.647 
-1.589 -0.175 -0.12699997 -0.581 -0.153 -0.036 -0.837 -0.80294438 -0.939 -0.79 -0.849 -0.759 -0.75899984 -1.199 -1.199 -0.43590753 -0.436 -0.473 -0.473 -0.7589996 -0.879 -0.879 -0.651 -0.409 -0.409 -0.247 -1.207 -1.207 -0.594047 -1.11 -0.931 -0.931 -0.928 -0.92801337 -1.0559908 -0.888 -0.888 -0.20151659 0.106 0.106 -0.0078578175 -0.0079999986 -0.007998768 0.086777133 0.10289843 0.10299976 0.10299997 0.10299965 -0.26254109 -0.647 -0.647 -0.647 -0.647 
-0.69900564 -0.295 -0.11137075 0.067 0.433 -0.788 -0.635 -0.722 -1.082 -1.082 -0.849 -0.687 -0.78099992 -1.199 -0.053003433 -0.053 -0.436 -0.184 -0.303 -0.303 -0.82951719 -0.774 -0.774 -0.167 -0.247 -0.247 -1.207 -1.207 -0.59400641 -0.59411802 -0.3052343 -0.928 -0.928 -1.056 -1.056 -0.73059903 -0.888 -0.888 -0.70700627 -0.0080009732 -0.008 -0.008 -0.0079927229 0.10300108 0.103 0.103 0.103 0.10299984 -0.158 -0.64690309 -0.647 -0.647 -0.647 
-0.699 -0.865 0.22 -0.906 -0.47202488 -0.954 -1.078 -0.841 -1.015 -0.549 -0.549 -0.46 -0.781 -0.781 -0.057994755 -0.1249498 -0.132 -0.045 -0.51399978 -0.303 0.038011042 0.06 -0.444 -0.553 -0.55299942 -0.508 -0.0070000013 -0.0070004238 -0.70361454 -0.70399999 -0.304 -0.36387389 -0.775 -1.056 -1.0298175 -0.599 -0.599 -0.707 -0.707 -0.008 -0.008 -0.0079999891 0.29739184 0.29699999 0.103 0.103 0.103 -0.15799007 -0.158 -0.158 -0.647 -0.647 -0.647 
-0.80537579 -0.86499999 -0.103 0.052 -0.163 -0.7 -0.644 -0.398 -1.029 -0.47876805 -0.559 -0.504 -0.504 -0.045 -0.044996323 -0.48202173 -0.483 -0.483 -0.11659357 0.12299993 -0.199 -0.199 -0.045 -0.28676066 -0.51253481 -0.508 -0.336 -0.007 -0.091506065 -0.092 -0.249 0.174 0.088375438 -0.201 -0.138 -0.289 -0.296 -0.563 -0.022249813 -0.0057190117 0.503 0.402 0.2969821 0.297 0.29590806 0.103 -0.034999993 -0.158 -0.158 -0.158 -0.158 -0.54502841 -0.034 
-0.472 -0.472 -0.313 -0.179 -0.284 -0.805 -0.523 -0.496 -0.165 -0.33900074 -0.364 -0.345 -0.045 -0.045 0.346 0.33462989 -0.483 -0.48288956 -0.041 0.123 0.123 0.08151562 -0.045 -0.4039932 -0.404 -0.404 -0.336 0.356 0.356 -0.092 -0.092 0.17367758 0.004 -0.201 -0.028 -0.289 -0.296 -0.754 -0.022 0.72568271 0.402 0.32302203 0.187 0.297 0.297 -0.035 -0.035 -0.035 -0.158 -0.158 0.172 0.172 0.17199992 
-0.472 -0.472 -0.52 -1.073 -0.825 -0.23 -0.57 -0.47915891 -0.706 -0.549 -0.228 -0.62 -0.34536566 0.346 0.346 0.34600519 0.391 0.36832661 -0.041 0.513 0.513 0.903 0.903 -0.404 -0.404 -0.404 0.356 0.356 0.356 -0.28 -0.28 -0.27999953 0.002 0.002 -0.726 -0.208 0.286 -0.42199929 0.106 0.738 0.738 0.22099989 0.187 0.297 0.3889998 0.142 0.40808349 0.41 0.843 0.843 0.172 0.172 0.172 
-0.472 -0.49289944 -0.75598482 -1.0009853 -0.238 -0.436 -0.57 -0.479 -0.7059981 -0.55073937 -0.61999991 -0.62 0.341 0.346 0.346 0.391 0.391 0.39097541 -0.041 0.513 0.58958807 0.903 0.903 -0.40394722 -0.404 -0.1048652 0.506 0.506 0.50599998 -0.28 -0.28 0.21 0.21 0.001998004 -0.726 0.34499977 0.18593924 -0.422 -0.422 0.73799998 0.221 0.221 0.22100121 0.389 0.389 0.142 0.41 0.41 0.843 0.843 0.172 0.172 0.172 
-0.558 -0.21573133 -0.18203252 -0.1879234 -0.23800122 -0.43599533 -0.57 -0.48012016 -0.69035738 -0.70190031 0.341 0.341 0.341 0.341 0.34599929 0.391 0.391 0.38542219 -0.041 0.51315939 1.076 1.076 1.076 1.076 -0.37819894 0.506 0.506 0.506 0.506 0.50557111 0.21 0.21 0.21 0.21 0.345 0.345 0.345 -0.38491973 -0.4125217 0.84 0.84 0.22103329 0.43399846 0.38900433 0.389 0.142 0.41 0.41 0.843 0.843 0.17443432 0.172 -0.085193993 
-0.558 -0.182 -0.182 -0.182 -0.182 -0.18200011 -0.56965694 -0.52697164 -0.6486243 0.33987641 0.341 0.341 0.341 0.341 0.34100024 0.391 0.39099993 0.36136775 -0.040990364 1.076 1.076 1.076 1.076 1.076 1.0727552 0.60891159 0.61299998 0.613 0.613 0.613 0.21000001 0.21 0.21000061 0.717 0.717 0.345 0.91664873 0.933 0.84000005 0.84 0.84 0.84 0.434 0.434 0.434 0.43196795 0.18938875 0.188 0.188 0.188 0.18800001 0.74499988 0.745 
0.337 -0.182 -0.182 -0.182 -0.182 -0.182 -0.18200002 -0.32400986 0.65896057 0.666 0.666 0.666 0.666 0.666 0.666 0.9549898 0.4000072 0.33184495 1.0758597 1.076 1.076 1.076 1.076 1.0760003 0.926 0.926 0.92599956 0.613 0.613 0.61361675 0.921 0.921 0.717 0.717 0.717 0.89839923 0.933 0.933 0.933 0.84 0.84 0.84 0.434 0.434 0.434 0.434 0.18800001 0.188 0.188 0.188 0.188 0.745 0.745 
0.337 0.1437822 -0.182 -0.182 -0.182 -0.182 0.23791757 0.238 0.23800001 0.666 0.666 0.666 0.666 0.666 0.73107906 0.961 0.961 0.961 1.3362047 1.3369997 1.337 1.337 1.337 1.337 0.926 0.926 0.926 0.926 0.613 0.921 0.921 0.921 0.71700002 0.717 0.717 1.12 0.93324759 0.933 0.933 0.84001427 0.86842122 0.93471607 0.434 0.434 0.69419454 0.695 0.695 0.18885778 0.70717934 0.70899995 0.7089999 1.0339562 0.74500059 
0.337 0.048949925 -0.069151734 -0.182 -0.182 0.23775184 0.238 0.238 0.238 0.24108429 0.666 0.666 0.666 0.66600004 0.961 0.961 0.961 0.961 1.3366641 1.337 1.337 1.337 1.337 1.337 0.92600001 0.926 0.926 0.926 0.92598182 0.921 0.921 0.921 1.431 0.71705823 1.12 1.12 1.12 1.1226353 0.93488694 0.935 0.935 0.935 0.892 0.892 0.695 0.695 0.695 0.709 0.709 0.709 0.709 1.034 1.034 
0.041326359 0.041 0.041 0.041 0.027 0.23799456 0.238 0.238 0.238 0.238 0.65714198 0.66599848 0.666 0.961 0.961 0.961 0.961 0.961 0.97286356 1.337 1.337 1.337 1.337 1.337 1.2835172 1.5109968 1.511 1.511 1.511 0.92100003 1.431 1.431 1.431 1.431 1.12 1.1200063 1.361 1.361 0.94031924 0.935 0.935 0.935 0.892 0.892 0.72550238 0.695 0.695 0.709 0.709 0.709 0.71248485 1.034 1.034 
0.041 0.041 0.041 0.034407191 0.027 0.027 0.238 0.238 0.238 0.238 0.549 0.549 0.549 0.961 0.961 0.961 0.961 0.9609567 0.682 0.682 1.3369997 1.337 1.3332507 1.183 1.1859528 1.511 1.511 1.511 1.511 1.4310081 1.431 1.431 1.431 1.431 1.3609992 1.361 1.361 1.361 1.3595214 0.935 0.935 0.935 0.892 0.892 0.892 0.695 0.695 0.70900001 0.709 0.709 1.034 1.034 1.034 
0.041 0.041 0.041 0.027 0.027 0.027 0.027000322 0.238 0.238 0.54867896 0.549 0.549 0.549 0.54925669 0.74893133 0.699 0.699 0.699 0.682 0.682 0.682 1.183 1.183 1.183 1.183023 1.381967 1.511 1.511 1.511 1.634506 1.6789756 1.679 1.679 1.679 1.5038425 1.7039992 1.704 1.704 1.704 1.460928 1.461 1.461 0.892 0.892 1.3279982 1.328 1.27 1.27 1.238 1.238 1.238 1.034 1.1918587 
0.041001828 0.041 0.040999999 0.027 0.027 0.027 0.027000005 0.45999994 0.23888764 0.54887214 0.549 0.549 0.549 0.54929434 0.699 0.699 0.699 0.699 0.682 0.682 0.682 1.183 1.183 1.183 1.265 1.265 1.432 1.432 1.432 1.4333475 1.679 1.679 1.679 1.679 1.6914931 1.704 1.704 1.704 1.704 1.461 1.461 1.461 1.4568153 1.328 1.328 1.328 1.27 1.27 1.238 1.238 1.238 1.192 1.192 
0.63 0.36229513 0.473 0.47287061 0.027 0.45749468 0.46 0.46 0.51939372 0.408 0.408 0.408 0.408 0.44599876 0.446 0.69899981 0.699 0.69855207 0.682 0.682 0.682 0.935 0.935 0.935 1.265 1.265 1.432 1.432 1.432 1.4320002 1.6620001 1.662 1.6785727 1.6789818 1.5611356 1.561 1.561 1.561 1.561 1.461 1.461 1.461 1.3353231 1.328 1.328 1.3279999 1.27 1.27 1.2699988 1.238 1.2379929 1.08 1.192 
0.69298804 0.69299996 0.473 0.473 0.473 0.46 0.46 0.46 0.623 0.623 0.408 0.408 0.408 0.446 0.446 0.446 0.446 0.44602715 0.682 0.682 0.68200001 0.935 0.935 0.935 1.265 1.265 1.432 1.432 1.432 1.6594067 1.662 1.662 1.662 1.662 1.5610498 1.561 1.561 1.561 1.561 0.98600012 0.986 0.986 0.986 1.3279947 0.636 0.636 0.636 0.94 0.94 0.94 1.08 1.08 1.08 
0.693 0.693 0.473 0.473 0.473 0.46006833 0.46 0.623 0.623 0.623 0.40802647 0.408 0.33364165 0.44599997 0.446 0.446 0.446 0.182 0.182 0.182 0.35300001 0.35300043 0.93499716 0.935 0.93512645 0.992 0.992 0.99200105 1.4319289 1.622008 1.6220002 1.622007 1.6619316 1.6619655 1.5789618 1.5609997 1.5580844 0.691 0.691 0.986 0.986 0.986 0.986 0.636 0.636 0.636 0.636 0.94 0.94 0.94 1.08 1.08 1.08 
0.693 0.693 0.473 0.473 0.473 0.473 0.52100614 0.623 0.623 0.623 0.62283097 0.317 0.317 0.317 0.44523977 0.446 0.18375923 0.182 0.182 0.182 0.353 0.353 0.353 0.353 0.992 0.992 0.992 0.992 0.992 1.622 1.622 1.622 1.622 1.6219999 1.584 0.691 0.691 0.691 0.691 0.69099933 0.433 0.433 0.433 0.49222549 0.615 0.615 0.615 0.93999999 0.94000003 0.976 0.976 1.3579324 1.358 
0.693 0.693 0.55240455 0.473 0.473 0.473 0.65095031 0.62308824 0.623 0.623 0.31700006 0.317 0.317 0.317 0.317 0.32755363 0.182 0.182 0.182 0.182 0.35299868 0.353 0.353 0.353 0.992 0.992 0.992 0.992 0.992 1.0419192 1.622 1.622 1.622 1.584 1.584 1.5833066 0.691 0.691 0.86883801 1.007 0.433 0.433 0.433 0.49275637 0.615 0.615 0.615 1.054 0.97697187 0.976 0.976 1.358 1.358 
0.91 0.91 0.91 0.58256791 0.4733818 0.651 0.651 0.651 0.651 0.607 0.607 0.31700002 0.317 0.317 0.317 0.31699145 0.182 0.182 0.182 0.182 0.27838115 0.353 0.353 0.35093254 0.30597172 0.992 0.992 0.992 0.837 0.837 0.837 0.8370033 1.584 1.584 1.584 1.584 1.007 1.007 1.007 1.007 0.682 0.682 0.682 0.97799405 0.978 0.978 0.97799989 1.054 1.054 0.97609504 0.976 1.3579981 1.358 
0.91 0.91 0.91 0.90999052 0.734 0.72193044 0.651 0.651 0.651 0.607 0.607 0.607 0.393 0.393 0.393 0.393 0.18230775 0.182 0.182 0.182 0.18458866 0.27400022 0.274 0.274 0.274 0.274 0.041000007 0.041 0.837 0.837 0.837 0.837 1.5839997 1.584 1.584 1.583968 1.007 1.007 1.007 1.0080265 0.682 0.682 0.682 0.97798627 0.978 0.978 0.978 1.054 1.054 1.054 0.976 0.976 1.075 
0.91 0.91 0.91 0.73400041 0.734 0.734 0.65100003 0.651 0.651 0.607 0.607 0.607 0.393 0.393 0.393 0.38972514 0.35 0.35 0.34999957 0.18294891 0.274 0.274 0.274 0.274 0.274 0.27382466 0.041 0.041 0.041000002 0.837 0.837 0.83700708 1.191 1.191 1.191 1.069 1.069 1.241 1.241 1.241 1.262 0.68218193 0.68200413 1.236 1.236 1.2262221 0.97800081 1.054 1.054 0.976 0.976 0.976 1.075 
0.91 0.91 0.91 0.734 0.734 0.734 0.734 0.651 0.651 0.607 0.607 0.40155691 0.393 0.393 0.393 0.35 0.35 0.35 0.35 0.35 0.274 0.274 0.274 0.274 0.274 0.041000795 0.041 0.041 0.041 0.848 0.848 0.848 1.191 1.191 1.191 1.069 1.069 1.241 1.241 1.262 1.262 1.262 1.236 1.236 1.236 1.236 1.2256494 1.11 1.11 1.11 0.976 1.053 1.053 
0.91 0.91 0.90975491 0.734 0.734 0.734 0.734 0.52931747 0.519 0.51915108 0.60699999 0.39299531 0.393 0.393 0.39299985 0.35 0.35 0.35 0.35 0.35 0.39675537 0.274 0.274 0.274 0.27396787 0.041004332 0.041 0.041 0.041 0.848 0.848 0.848 0.84804783 1.191 1.069 1.069 1.069 1.069007 1.2410014 1.262 1.262 1.262 1.2360016 1.236 1.236 1.236 1.1099995 1.11 1.11 1.11 1.053 1.053 1.053 
0.338 0.338001 0.73407858 0.734 0.734 0.734 0.51904575 0.519 0.519 0.519 0.337 0.337 0.337 0.337 0.34994001 0.35 0.35 0.35 0.35 0.40199997 0.402 0.402 0.11800003 0.118 0.118 0.118 0.11135391 0.041 0.64197539 0.642 0.642 0.642 0.642 0.957 0.957 0.957 0.957 0.957 1.27 1.27 1.27 1.27 1.27 1.0602653 1.06 1.06 1.06 1.11 1.11 1.11 1.053009 1.053 1.053 
0.338 0.338 0.33697867 0.21600104 0.21600012 0.21629574 0.519 0.519 0.519 0.519 0.337 0.337 0.337 0.337 0.337 0.35 0.35 0.35 0.40199999 0.402 0.402 0.402 0.118 0.118 0.118 0.118 0.118 0.11798423 0.6419247 0.642 0.642 0.642 0.64196975 0.89464082 0.95693543 0.957 0.957 0.957 1.27 1.27 1.27 1.27 1.27 1.06 1.06 1.06 1.06 1.083381 1.11 1.1891074 1.19 1.025 1.025 
0.338 0.338 0.21601545 0.216 0.216 0.216 0.29296072 0.519 0.519 0.519 0.337 0.337 0.337 0.337 0.337 0.34998743 0.35 0.40198475 0.402 0.402 0.402 0.402 0.22320964 0.118 0.118 0.118 0.118 0.11823303 0.447 0.447 0.447 0.447 0.447 0.847 0.847 0.847 0.847 0.847 1.4 1.4 1.4 1.4 1.4 1.0604395 1.0600001 1.06 1.0600305 1.0636901 1.19 1.19 1.19 1.0250009 1.025 
0.33799981 0.23602758 0.216 0.216 0.216 0.216 0.216 0.51887099 0.519 0.519 0.337 0.337 0.337 0.337 0.060285814 0.054 0.054 0.40199104 0.402 0.402 0.402 0.402 0.40199992 0.118 0.118 0.118 0.118 0.49999994 0.49999998 0.48872031 0.447 0.447 0.447 0.847 0.847 0.847 0.847 0.84705621 1.4 1.4 1.4 1.4 1.4000104 1.24 1.24 1.24 1.24 1.239996 1.19 1.19 1.19 1.1900001 1.2880678 
0.234 0.234 0.21126551 0.216 0.216 0.216 0.216 0.216 0.51886928 -0.10899999 -0.109 -0.109 -0.10794155 0.054000407 0.054 0.054 0.054 0.054 0.401997 0.37635688 0.152 0.152 0.152 0.14284855 0.10871578 0.059037682 0.017403657 0.5 0.5 0.5 0.5 0.5 0.50042229 0.92741861 0.93 0.93 0.93 0.93 1.4255479 1.5359998 1.536 1.536 1.536 1.2799999 1.24 1.24 1.24 1.405 1.1900034 1.19 1.19 1.292 1.292 
0.234 0.234 0.103 0.103 0.103 0.21596236 0.216 0.216 -0.109 -0.109 -0.109 -0.109 -0.109 0.053999993 0.054 0.054 0.054 0.054 0.152 0.152 0.152 0.152 0.152 0.0020000078 0.002 0.002 0.002 0.5 0.5 0.5 0.5 0.5 0.7 0.7 0.93 0.93 0.93 1.0659768 1.066 1.536 1.536 1.536 1.5359999 1.28 1.28 1.28 1.405 1.405 1.405 1.466 1.466 1.292 1.292 
0.234 0.234 0.103 0.103 0.103 0.103 0.10299866 -0.141 -0.10903013 -0.109 -0.109 -0.109 -0.109 0.051966723 0.054 0.054 0.054 0.054 0.152 0.152 0.152 0.152 0.152 0.002 0.002 0.002 0.002 0.0020020284 0.5 0.5 0.5 0.69998951 0.7 0.7 0.7 0.93 1.066 1.066 1.066 1.0783666 1.0698163 0.983 0.983 1.28 1.28 1.28 1.405 1.405 1.405 1.466 1.466 1.466 1.0438337 
0.322 0.32199931 0.103 0.103 0.103 0.103 -0.141 -0.141 -0.141 -0.109 -0.109 -0.109 -0.109 -0.10894933 0.054 0.054 0.054 0.054 0.15199819 0.152 0.152 0.152 0.028420236 0.002 0.002 0.002 0.002 0.17799986 0.178 0.178 0.49655155 0.7 0.7 0.7 0.69999977 0.454 1.066 1.066 1.066 1.066 0.983 0.983 0.983 1.227 1.227 1.227 1.2500151 1.405 1.405 1.466 1.466 1.466 1.0180003 
0.322 0.322 0.103 0.103 0.103 -0.141 -0.141 -0.141 -0.141 -0.11251315 -0.109 -0.109 -0.109 -0.10900046 -0.29495984 -0.295 -0.295 -0.295 -0.30746232 -0.065 -0.065 -0.065 -0.065 0.002 0.002 0.002 0.0020116093 0.178 0.178 0.178 0.178 0.69992356 0.56163212 0.454 0.454 0.454 1.0646317 0.70000762 0.7 0.7 0.98292715 0.89 0.89 1.227 1.227 1.2270001 1.25 1.25 1.184 1.184 1.184 1.158 1.142 
0.322 0.322 -0.103 -0.103 -0.103 -0.141 -0.141 -0.141 -0.141 -0.29 -0.29 -0.29 -0.29 -0.29035236 -0.295 -0.295 -0.295 -0.295 -0.316 -0.065 -0.065 -0.065 -0.065 -0.306 -0.30599988 0.001999545 0.178 0.178 0.178 0.178 0.16028037 0.143 0.41699527 0.454 0.454 0.454 0.7 0.7 0.7 0.7 0.89 0.89 0.89 1.1679123 1.168 1.2496314 1.25 1.25 1.184 1.184 1.158 1.158 1.142 
0.322 -0.103 -0.103 -0.103 -0.103 -0.103 -0.14064291 -0.095 -0.095 -0.29 -0.29 -0.29 -0.29 -0.29000118 -0.295 -0.295 -0.295 -0.29594885 -0.316 -0.316 -0.065 -0.065 -0.306 -0.306 -0.306 -0.306 0.178 0.178 0.178 0.178 0.143 0.143 0.143 0.45368529 0.454 0.454 0.7 0.7 0.7 0.7 0.89 0.89 0.89 1.168 1.168 1.1679949 1.078 1.078 1.168 1.168 1.158 1.158 1.142 
-0.099008722 -0.103 -0.103 -0.103 -0.103 -0.103 -0.095 -0.095 -0.095 -0.19937215 -0.29 -0.29 -0.29 -0.2899951 -0.295 -0.295 -0.295 -0.316 -0.316 -0.316 -0.06501254 -0.065001472 -0.306 -0.306 -0.306 -0.306 0.1779656 0.178 0.178 0.14300805 0.143 0.143 0.143 0.143 0.45309953 0.349 0.349 0.35507467 0.7 0.7 0.88999983 0.89 1.1599171 1.168 1.168 1.078 1.078 1.078 1.168 1.168 0.869 0.869 1.009 
-0.103 -0.103 -0.103 -0.103 -0.103 -0.103 -0.095 -0.095 -0.095 -0.095000001 -0.031007462 -0.031 -0.031 -0.031 -0.29499977 -0.30461515 -0.31 -0.31 -0.31598894 -0.316 -0.31599995 -0.30599965 -0.306 -0.306 -0.306 -0.306 -0.30564811 0.178 0.1779988 0.143 0.143 0.143 0.143 0.143 0.349 0.349 0.349 0.349 0.349 0.34900229 0.792 0.792 0.79199994 0.628 0.628 0.628 0.892 0.892 0.821 0.821 0.869 0.8690003 1.009 
-0.103 -0.103 -0.103 -0.103 -0.103 -0.103 -0.095 -0.095 -0.095 -0.031 -0.031 -0.031 -0.031 -0.031 -0.10454373 -0.31 -0.31 -0.31 -0.31 -0.31 -0.31028648 -0.306 -0.306 -0.306 -0.306 -0.29560627 0.024481326 0.15716546 0.1431726 0.143 0.143 0.143 0.143 0.14300045 0.349 0.349 0.349 0.349 0.349 0.55508257 0.792 0.792 0.792 0.628 0.628 0.628 0.892 0.892 0.821 0.821 0.604 0.98665845 1.009 
-0.103 -0.103 -0.103 -0.103 -0.103 -0.103 -0.095000002 -0.095 -0.092343643 -0.031 -0.031 -0.031 -0.031 -0.031 -0.044382558 -0.31 -0.31 -0.31 -0.31 -0.31 -0.31 -0.02665716 0.024999536 0.025 0.025 0.025 0.025 0.025 -0.050745341 -0.051997691 -0.051999996 -0.052 -0.052 -0.051999711 0.349 0.349 0.349 0.349 0.349 0.79199995 0.792 0.792 0.792 0.79199993 0.62802084 0.641 0.89199997 0.58441487 0.82078796 0.604 0.604 0.60190055 0.503 
-0.103 -0.103 -0.103 -0.103 -0.103 -0.10299949 -0.095000431 -0.094996128 -0.031000081 -0.031 -0.031 -0.031 -0.031 -0.031 -0.036308777 -0.31 -0.31 -0.31 -0.31 -0.31 -0.31 0.025 0.025 0.025 0.025 0.025 0.025 0.025 -0.051978744 -0.052 -0.052 -0.052 -0.052 -0.052 0.057873961 0.349 0.349 0.349 0.349 0.792 0.792 0.792 0.792 0.79196132 0.641 0.641 0.64061141 0.579 0.579 0.604 0.604 0.503 0.503 
-0.103 -0.103 -0.103 -0.103 -0.103 -0.10298933 -0.095007695 -0.038221982 -0.031 -0.031 -0.031 -0.031 -0.031 -0.031 -0.035884374 -0.31 -0.31 -0.31 -0.31 -0.31 -0.26230209 0.025 0.025 0.025 0.025 0.025 0.025 0.025 -0.051999691 -0.052 -0.052 -0.052 -0.052 -0.052 -0.052 0.20989381 -0.0063219922 -0.12455108 -0.14252289 0.78075123 0.792 0.792 0.792 0.64101206 0.641 0.6420267 0.81299888 0.579 0.579 0.38002617 0.38 0.38 0.50299994 
-0.103 -0.103 -0.103 -0.103 -0.10299999 -0.10293325 -0.089522794 -0.031017598 -0.031 -0.031 -0.031 -0.031 -0.031 -0.031 -0.03751508 -0.31 -0.31 -0.31 -0.31 -0.31 0.024998554 0.025 0.025 0.025 0.025 0.025 0.025 0.025 -0.051999979 -0.052 -0.052 -0.052 -0.052 -0.052 -0.05200002 -0.152 -0.152 -0.152 -0.152 0.617 0.617 0.617 0.617 0.8129995 0.813 0.813 0.813 0.81299652 0.5 0.5 0.38 0.38 0.26469352 
-0.103 -0.103 -0.103 -0.103 -0.10299978 -0.10275375 -0.035404417 -0.031000836 -0.031 -0.031 -0.031 -0.031 -0.031 -0.031 -0.040470982 -0.30999989 -0.31 -0.31 -0.31 -0.30798378 0.025 0.025 0.025 0.025 0.025 0.025 0.025 0.025 -0.051999983 -0.052 -0.052 -0.052 -0.052 -0.052 -0.15199991 -0.152 -0.152 -0.152 -0.152 0.617 0.617 0.617 0.617 0.66989956 0.813 0.813 0.813 0.5000035 0.5 0.5 0.214 0.214 0.214 
-0.103 -0.103 -0.103 -0.10299998 -0.10299765 -0.099185128 -0.031239736 -0.031000209 -0.031 -0.031 -0.031 -0.031 -0.031 -0.031000018 -0.044475091 -0.30999344 -0.31 -0.31 -0.30999962 0.018212369 0.025 0.025 0.025 0.025 0.025 0.025 0.025 0.025 -0.051999928 -0.052 -0.052 -0.052 -0.052 -0.3762944 -0.1520001 -0.152 -0.152 -0.152 -0.152 0.617 0.617 0.617 0.617 0.617 0.813 0.813 0.813 0.5 0.5 0.5 0.214 0.214 0.214 
-0.103 -0.103 -0.10299999 -0.10299977 -0.10296944 -0.063973297 -0.031042111 -0.031000128 -0.031 -0.031 -0.031 -0.031 -0.031 -0.031000524 -0.049235651 -0.30989811 -0.30999999 -0.30999999 -0.30826554 0.024971515 0.025 0.025 0.025 0.025 0.025 0.025 0.025 0.024999955 -0.051999518 -0.052 -0.052000314 -0.45605491 -0.495 -0.495 -0.495 -0.152 -0.152 -0.152 -0.152 0.617 0.617 0.617 0.617 0.617 0.81299653 0.813 0.81299985 0.50000002 0.5 0.49999984 0.214 0.214 0.214 
