interpolatedSpi/01-11|19_2.tif
NCOLS 53
NROWS 52
XLLCORNER -116.03883
YLLCORNER 28.596182
DX 0.49850594
DY 0.49788537
NODATA_VALUE -9999
[rows 0 to 27 of 52, columns 0 to 52 of 53]
0.29636364 0.29636364 0.11159518 -0.040909091 0.041818182 0.0090909091 -0.03 -0.11727273 -0.43448194 -0.47363636 -0.36454545 -0.03 -0.26363614 -0.26090909 -0.31090909 -0.31090909 -0.31090909 0.0036363636 0.037272727 0.037272727 0.037272727 0.037265871 -0.67454545 -0.22 -0.22 -0.22 -0.61545268 -0.61545455 -0.61545455 -0.54181818 -0.54181818 -0.54181818 -0.54181818 -0.63090907 -0.63090909 -0.63090909 -0.63090909 -0.63090909 -0.63090909 -0.63090907 0.023856936 0.03082503 -0.29909091 -0.29909091 -0.29909091 -0.29909091 -0.30008873 -0.91 -0.91 -0.91 -0.079092635 -0.079090909 -0.079090909
0.2963533 0.063636364 0.094545896 0.086088886 0.11435511 0.18636364 0.51090909 -0.11445585 -0.43090909 -0.32636364 0.095454545 -0.26363636 -0.26363636 0.17128133 -0.26090429 -0.31090909 0.0036363636 0.0036363636 0.03722887 0.037272727 0.037272727 0.037272727 -0.2388058 -0.22 -0.22 -0.22 -0.11272728 -0.11272727 -0.54181818 -0.54181818 -0.54181818 -0.54181818 -0.54181818 -0.63090908 -0.63090909 -0.63090909 -0.63090909 -0.63090909 -0.63090901 -0.47916454 0.25270035 -0.23213209 -0.29909091 -0.29909091 -0.29909091 -0.29909091 -0.29909091 -0.91 -0.91 -0.91 -0.84110022 -0.079090909 -0.079090909
0.16818378 0.16818182 0.47727273 0.50727273 -0.083636364 -0.16363636 0.041818182 0.097272727 -0.34636364 -0.32 0.00090909091 -0.33272727 -0.0018181818 -0.11090909 0.17272727 -0.70090909 0.0036363636 0.0036363636 0.0036363636 -0.12268076 -0.12272727 -0.12272727 -0.57727273 -0.22 -0.22 -0.22 -0.11272727 -0.11272727 -0.11272727 -0.54181818 -0.54181818 -0.54181819 -0.64378747 -0.62890416 -0.62110199 0.41307231 0.42272727 0.42272727 0.40134575 0.25272727 0.25272727 0.25202164 -0.29909091 -0.29909091 -0.29909091 -0.29909091 -0.29909091 -0.91 -0.91 -0.91 -0.91 -0.079090909 -0.079090909
0.37 0.16818167 -0.5436677 0.32181818 -0.35727273 -0.03 -0.11636364 -0.41454545 -0.37727273 -0.057039327 -0.42909091 -0.68181818 -0.36090909 -0.11090909 -0.26272727 -0.70090909 -0.41042146 -0.40789327 -0.63 -0.12272727 -0.12272727 -0.54363636 -0.57727273 -0.57727273 -0.22 -0.21999946 -0.11272727 -0.11272727 -0.11272727 -0.92545455 -0.83118174 -0.75363636 -0.75363636 -0.75363544 0.42272727 0.42272727 0.42272727 0.42272727 0.25272727 0.25272727 0.25272727 0.25272725 -0.29909091 -0.29909091 -0.29909091 -0.29909091 -0.29909091 -0.90999229 -0.91 -0.91 -0.91 -0.079101807 -0.079090909
0.37 0.03908984 -0.54363636 -0.65472967 -0.35727273 -0.47545455 -0.53907844 -0.52272727 -0.44 -0.51909102 -0.51623305 -0.5136197 -0.39727273 -0.26272727 -0.26272727 -0.55131481 -0.40818182 -0.40818182 -0.63 -0.63 -0.12272813 -0.54363636 -0.59909091 -0.54909091 -0.39636364 -0.39631105 -0.11272727 -0.11272727 -0.92545454 -0.92545455 -0.75363636 -0.75363636 -0.75363636 -0.72209323 0.42272727 0.42272727 0.42272727 0.25272727 0.25272727 0.25272727 0.25272727 0.25272569 -0.2990909 -0.29909091 -0.29909091 -0.29909091 -0.29909091 -0.30452876 -0.91 -0.9099777 -0.41272727 -0.41272727 -0.41272727
-1.3663636 -0.016363636 0.11727275 -0.42818182 -0.13363636 -0.13 -0.58818182 -0.57980176 -0.66909091 -0.53545455 -0.51636364 -0.58090909 -0.58090897 -0.88363636 -0.88363636 -0.40081054 -0.40090909 -0.40454545 -0.40454546 -0.62999965 -0.72 -0.72 -0.54909091 -0.39636364 -0.39636364 -0.17181818 -0.97454545 -0.97454545 -0.45822427 -0.92545455 -0.75363636 -0.75363636 -0.58636364 -0.58637627 -0.70726399 -0.48090909 -0.48090909 0.025760116 0.25272727 0.25272727 0.23638405 0.23636364 0.23636465 0.29835483 0.30902369 0.30909075 0.30909089 0.30909068 -0.049674942 -0.41272727 -0.41272727 -0.41272727 -0.41272727
-0.73273025 -0.086363636 -0.15219206 0.11636364 0.36727273 -0.54363636 -0.47363636 -0.49909091 -0.82272727 -0.82272727 -0.51636364 -0.44818182 -0.60545447 -0.88363636 0.0072700582 0.0072727273 -0.40090909 -0.12454545 -0.22909091 -0.22909091 -0.6385997 -0.54727273 -0.54727273 -0.09545455 -0.17181818 -0.17181818 -0.97454545 -0.97454545 -0.45818261 -0.45819645 -0.12108603 -0.58636364 -0.58636364 -0.70727273 -0.70727273 -0.34524421 -0.48090909 -0.48090909 -0.39727563 0.23636275 0.23636364 0.23636364 0.23636965 0.30909201 0.30909091 0.30909091 0.30909091 0.30909075 0.041818182 -0.41263719 -0.41272727 -0.41272727 -0.41272727
-0.73272727 -0.82363636 0.20727273 -0.56090909 -0.20638396 -0.70090909 -0.69454545 -0.62818181 -0.75181818 -0.39272727 -0.39272727 -0.32 -0.60545455 -0.60545455 0.0030688501 -0.085458892 -0.094545455 0.027272727 -0.41363617 -0.22909091 0.075901745 0.092727273 -0.26818182 -0.33181818 -0.33181845 -0.35272727 0.019999999 0.019999649 -0.4717704 -0.47181817 -0.12 -0.13066964 -0.40636364 -0.70727273 -0.68417056 -0.23181818 -0.23181818 -0.39727273 -0.39727273 0.23636364 0.23636364 0.23636365 0.50645389 0.50636363 0.30909091 0.30909091 0.30909091 0.041828355 0.041818182 0.041818182 -0.41272727 -0.41272727 -0.41272727
-0.75715737 -0.82363635 -0.074545455 0.37181818 0.098181818 -0.56272727 -0.50090909 -0.24181818 -0.72909091 -0.31007369 -0.44363636 -0.36727273 -0.36727273 -0.060909091 -0.060906056 -0.45716833 -0.45818182 -0.45818182 -0.040032726 0.12818177 -0.10545455 -0.10545454 0.04 -0.14673243 -0.35062019 -0.35272727 -0.15727273 0.02 -0.036036107 -0.036363636 -0.053636364 0.23545455 0.22492113 0.022727273 0.10272727 -0.0018181819 -0.041818182 -0.23363636 0.16163558 0.23823842 0.65636364 0.55727273 0.5063555 0.50636364 0.50525328 0.30909091 0.17636364 0.041818183 0.041818182 0.041818182 0.041818182 -0.33179744 0.020909091
-0.38545455 -0.38545455 -0.25818182 -0.0081818182 -0.17545455 -0.60818182 -0.31818182 -0.35272727 -0.071818182 -0.20363547 -0.19454545 -0.23 -0.060909091 -0.060909091 0.26181818 0.25194306 -0.45818182 -0.45807258 -0.013636364 0.12818182 0.12818182 0.098081633 0.04 -0.29090282 -0.29090909 -0.29090909 -0.15727273 0.39818182 0.39818182 -0.036363636 -0.036363636 0.23541489 0.21454545 0.022727273 0.23818182 -0.0018181818 -0.041818182 -0.36181818 0.16181818 0.86209996 0.55727273 0.52020484 0.45636364 0.50636364 0.50636364 0.17636364 0.17636364 0.17636364 0.041818182 0.041818182 0.23727273 0.23727273 0.23727265
-0.38545455 -0.38545455 -0.49818182 -0.95272727 -0.70090909 -0.038181818 -0.30909091 -0.23926748 -0.44454545 -0.33909091 -0.043636364 -0.34909091 -0.23015829 0.26181818 0.26181818 0.2618272 0.34 0.3214395 -0.013636364 0.46181818 0.46181818 0.68272727 0.68272727 -0.29090909 -0.29090909 -0.29090909 0.39818182 0.39818182 0.39818182 -0.039090909 -0.039090909 -0.039090491 0.24181818 0.24181818 -0.34636364 0.048181818 0.46636364 -0.10454514 0.36 0.87363636 0.87363636 0.52454523 0.45636364 0.50636364 0.55909077 0.38818182 0.55653742 0.55818182 0.79727273 0.79727273 0.23727273 0.23727273 0.23727273
-0.38545455 -0.43427613 -0.69215258 -0.89453371 -0.18636364 -0.29545455 -0.30909091 -0.23909091 -0.44454374 -0.34025922 -0.3490909 -0.34909091 0.43181818 0.26181818 0.26181818 0.34 0.34 0.33997987 -0.013636364 0.46181818 0.50520023 0.68272727 0.68272727 -0.29086969 -0.29090909 -0.034507833 0.48909091 0.48909091 0.4890909 -0.039090909 -0.039090909 0.32454545 0.32454545 0.24181657 -0.34636364 0.54636343 0.38079305 -0.10454545 -0.10454545 0.87363635 0.52454545 0.52454545 0.52454569 0.55909091 0.55909091 0.38818182 0.55818182 0.55818182 0.79727273 0.79727273 0.23727273 0.23727273 0.23727273
-0.48454545 -0.15899702 -0.1236667 -0.12921239 -0.18636439 -0.29545197 -0.30909091 -0.23995257 -0.43038754 -0.44179175 0.43181818 0.43181818 0.43181818 0.43181818 0.26184226 0.34 0.34 0.33543399 -0.013636364 0.46194169 0.89909091 0.89909091 0.89909091 0.89909091 -0.27012277 0.48909091 0.48909091 0.48909091 0.48909091 0.48880695 0.32454545 0.32454545 0.32454545 0.32454545 0.54636364 0.54636364 0.54636364 -0.073117229 -0.097314853 0.85818182 0.85818182 0.5245634 0.55999997 0.559091 0.55909091 0.38818182 0.55818182 0.55818182 0.79727272 0.79727273 0.23930435 0.23727273 -0.013393182
-0.48454545 -0.12363636 -0.12363636 -0.12363636 -0.12363636 -0.12363644 -0.30905597 -0.27599617 -0.39261551 0.43087707 0.43181818 0.43181818 0.43181818 0.43181818 0.43181839 0.34 0.33999994 0.31574296 -0.01362848 0.89909091 0.89909091 0.89909091 0.89909091 0.89909091 0.89875521 0.57799092 0.57636362 0.57636364 0.57636364 0.57636364 0.32454546 0.32454545 0.32454602 0.79636364 0.79636364 0.54636364 0.95026511 0.96181818 0.85818188 0.85818182 0.85818182 0.85818182 0.56 0.56 0.56 0.5588043 0.31970804 0.31818182 0.31818182 0.31818182 0.31818183 0.86545442 0.86545455
0.20636364 -0.12363636 -0.12363636 -0.12363636 -0.12363636 -0.12363636 -0.12363638 -0.13780411 0.72123644 0.72727273 0.72727273 0.72727273 0.72727273 0.72727273 0.72727272 0.82698122 0.34773018 0.29157552 0.89897627 0.89909091 0.89909091 0.89909091 0.89909091 0.89909121 0.88363636 0.88363636 0.88363593 0.57636364 0.57636364 0.57711 0.94909091 0.94909091 0.79636364 0.79636364 0.79636364 0.93531421 0.96181818 0.96181818 0.96181818 0.85818182 0.85818182 0.85818182 0.56 0.56 0.56 0.56 0.31818183 0.31818182 0.31818182 0.31818182 0.31818182 0.86545455 0.86545455
0.20636364 0.083508386 -0.12363636 -0.12363636 -0.12363636 -0.12363636 0.24992667 0.25 0.25000001 0.72727273 0.72727273 0.72727273 0.72727273 0.72727273 0.74973453 0.82909091 0.82909091 0.82909091 1.1528608 1.1536361 1.1536364 1.1536364 1.1536364 1.1536364 0.88363636 0.88363636 0.88363636 0.88363636 0.57636364 0.94909091 0.94909091 0.94909091 0.79636365 0.79636364 0.79636364 1.0727273 0.96196503 0.96181818 0.96181818 0.85818241 0.85926971 0.86180731 0.56 0.56 0.7521325 0.75272727 0.75272727 0.31883017 0.7104426 0.71181815 0.71181811 0.9081753 0.86545463
0.20636364 0.010850562 -0.058310421 -0.12363636 -0.12363636 0.24977924 0.25 0.25 0.25 0.25343936 0.72727273 0.72727273 0.72727273 0.72727274 0.82909091 0.82909091 0.82909091 0.82909091 1.1533465 1.1536364 1.1536364 1.1536364 1.1536364 1.1536364 0.88363637 0.88363636 0.88363636 0.88363636 0.88387445 0.94909091 0.94909091 0.94909091 1.3136364 0.79640423 1.0727273 1.0727273 1.0727273 1.0743079 0.86816006 0.86181818 0.86181818 0.86181818 0.85545455 0.85545455 0.75272727 0.75272727 0.75272727 0.71181818 0.71181818 0.71181818 0.71181818 0.90818182 0.90818182
0.0056996372 0.0054545455 0.0054545455 0.005454546 0.057272727 0.24999503 0.25 0.25 0.25 0.25 0.7088961 0.72726956 0.72727272 0.82909091 0.82909091 0.82909091 0.82909091 0.82909091 0.83921054 1.1536364 1.1536364 1.1536364 1.1536364 1.1536364 1.1582484 1.3718155 1.3718182 1.3718182 1.3718182 0.94909093 1.3136364 1.3136364 1.3136364 1.3136364 1.0727273 1.0727311 1.2172727 1.2172727 0.86625656 0.86181818 0.86181818 0.86181818 0.85545455 0.85545455 0.76863299 0.75272727 0.75272727 0.71181818 0.71181818 0.71181818 0.71392371 0.90818182 0.90818182
0.0054545455 0.0054545455 0.0054545455 0.0298565 0.057272727 0.057272727 0.25 0.25 0.25 0.25 0.48454545 0.48454545 0.48454545 0.82909091 0.82909091 0.82909091 0.82909091 0.8290526 0.58636364 0.58636364 1.1536361 1.1536364 1.1513567 1.06 1.0628072 1.3718182 1.3718182 1.3718182 1.3718182 1.3136423 1.3136364 1.3136364 1.3136364 1.3136364 1.2172722 1.2172727 1.2172727 1.2172727 1.2160379 0.86181818 0.86181818 0.86181818 0.85545455 0.85545455 0.85545455 0.75272727 0.75272727 0.71181819 0.71181818 0.71181818 0.90818182 0.90818182 0.90818182
0.0054545455 0.0054545455 0.0054545455 0.057272727 0.057272727 0.057272727 0.057273022 0.25 0.25 0.48430334 0.48454545 0.48454545 0.48454545 0.48476012 0.64145208 0.59727273 0.59727273 0.59727273 0.58636364 0.58636364 0.58636364 1.06 1.06 1.06 1.0600168 1.2397334 1.3718182 1.3718182 1.3718182 1.3585763 1.3672675 1.3672727 1.3672727 1.3672727 1.3280723 1.4836358 1.4836364 1.4836364 1.4836364 1.3362987 1.3363636 1.3363636 0.85545455 0.85545455 1.2481802 1.2481818 1.2436364 1.2436364 1.1709091 1.1709091 1.1709091 0.90818182 1.1334348
0.0054557304 0.0054545455 0.0054545473 0.057272727 0.057272727 0.057272727 0.05727273 0.29727271 0.25018901 0.48438388 0.48454545 0.48454545 0.48454545 0.48476666 0.59727273 0.59727273 0.59727273 0.59727272 0.58636364 0.58636364 0.58636364 1.06 1.06 1.06 1.12 1.12 1.19 1.19 1.19 1.1909671 1.3672727 1.3672727 1.3672727 1.3672727 1.4254226 1.4836364 1.4836364 1.4836364 1.4836364 1.3363636 1.3363636 1.3363636 1.3335891 1.2481818 1.2481818 1.2481818 1.2436364 1.2436364 1.1709091 1.1709091 1.1709091 1.1336364 1.1336364
0.38727273 0.2134123 0.26636364 0.26630298 0.057272727 0.2958841 0.29727273 0.29727273 0.3549108 0.30636364 0.30636364 0.30636364 0.30636364 0.35818013 0.35818182 0.59727254 0.59727273 0.59698529 0.58636364 0.58636364 0.58636364 0.75636364 0.75636364 0.75636364 1.12 1.12 1.19 1.19 1.19 1.1900001 1.3336366 1.3336365 1.3664273 1.3672367 1.3409401 1.3409091 1.3409091 1.3409091 1.3409091 1.3363636 1.3363636 1.3363636 1.2530371 1.2481818 1.2481818 1.2481817 1.2436364 1.2436364 1.2436337 1.1709091 1.1709077 1.14 1.1336364
0.43271864 0.43272724 0.26636364 0.26636364 0.26636364 0.29727273 0.29727273 0.29727273 0.45545455 0.45545455 0.30636364 0.30636364 0.30636364 0.35818182 0.35818182 0.35818182 0.35818182 0.35820805 0.58636364 0.58636364 0.58636364 0.75636364 0.75636364 0.75636364 1.12 1.12 1.19 1.19 1.19 1.3320169 1.3336364 1.3336364 1.3336364 1.3336364 1.3409055 1.3409091 1.3409091 1.3409091 1.3409091 0.95545464 0.95545455 0.95545455 0.95545455 1.2481781 0.76 0.76 0.76 1.0190909 1.0190909 1.0190909 1.14 1.14 1.14
0.43272727 0.43272727 0.26636364 0.26636364 0.26636364 0.29711026 0.29727273 0.45545455 0.45545455 0.45545455 0.30638199 0.30636364 0.19345186 0.35818177 0.35818182 0.35818182 0.35818182 0.15909091 0.15909091 0.15909091 0.22727274 0.22727312 0.75636106 0.75636364 0.75641184 0.66545455 0.66545455 0.6654558 1.1899152 1.2145692 1.2145461 1.2145662 1.3334328 1.3335336 1.3395355 1.3409088 1.3383622 0.58090909 0.58090909 0.95545455 0.95545455 0.95545455 0.95545455 0.76 0.76 0.76 0.76 1.0190909 1.0190909 1.0190909 1.14 1.14 1.14
0.43272727 0.43272727 0.26636364 0.26636364 0.26636364 0.26636364 0.35647556 0.45545455 0.45545455 0.45545455 0.45529586 0.16818182 0.16818182 0.16818182 0.3570621 0.35818182 0.1604176 0.15909091 0.15909091 0.15909091 0.22727273 0.22727273 0.22727273 0.22727273 0.66545455 0.66545455 0.66545455 0.66545455 0.66545455 1.2145455 1.2145455 1.2145455 1.2145455 1.2145451 1.0690909 0.58090909 0.58090909 0.58090909 0.58090909 0.58090917 0.54545455 0.54545455 0.54545455 0.60698755 0.73454545 0.73454545 0.73454545 1.0190909 1.0190908 0.86 0.86 1.1100073 1.11
0.43272727 0.43272727 0.32640923 0.26636364 0.26636364 0.26636364 0.46089941 0.45547174 0.45545455 0.45545455 0.16818187 0.16818182 0.16818182 0.16818182 0.16818182 0.18375415 0.15909091 0.15909091 0.15909091 0.15909091 0.2272722 0.22727273 0.22727273 0.22727273 0.66545455 0.66545455 0.66545455 0.66545455 0.66545455 0.69794774 1.2145455 1.2145455 1.2145455 1.0690909 1.0690909 1.0687118 0.58090909 0.58090909 0.72518504 0.8372727 0.54545455 0.54545455 0.54545455 0.60670311 0.73454545 0.73454545 0.73454545 0.77363636 0.85892392 0.86 0.86 1.11 1.11
0.62818182 0.62818182 0.62818182 0.3570814 0.266847 0.46090909 0.46090909 0.46090909 0.46090909 0.43636364 0.43636364 0.16818184 0.16818182 0.16818182 0.16818182 0.16818124 0.15909091 0.15909091 0.15909091 0.15909091 0.19752039 0.22727273 0.22727273 0.22903328 0.31106161 0.66545455 0.66545455 0.66545455 0.51545455 0.51545455 0.51545455 0.51545748 1.0690909 1.0690909 1.0690909 1.0690909 0.83727273 0.83727273 0.83727273 0.83727273 0.70090909 0.70090909 0.70090909 0.87545104 0.87545455 0.87545455 0.8754545 0.77363636 0.77363636 0.85989477 0.86 1.1099984 1.11
0.62818182 0.62818182 0.62818182 0.62818015 0.59727273 0.57744321 0.46090909 0.46090909 0.46090909 0.43636364 0.43636364 0.43636364 0.18272727 0.18272727 0.18272727 0.18272727 0.15918417 0.15909091 0.15909091 0.15909091 0.16012846 0.29454527 0.29454545 0.29454545 0.29454545 0.29454545 -0.018181813 -0.018181818 0.51545455 0.51545455 0.51545455 0.51545455 1.0690907 1.0690909 1.0690909 1.0690705 0.83727273 0.83727273 0.83727273 0.83791081 0.70090909 0.70090909 0.70090909 0.87544645 0.87545455 0.87545455 0.87545455 0.77363636 0.77363636 0.77363637 0.79818182 0.79818182 0.86272727
