interpolatedSpi/01-10|19_2.tif
NCOLS 53
NROWS 52
XLLCORNER -116.03883
YLLCORNER 28.596182
DX 0.49850594
DY 0.49788537
NODATA_VALUE -9999
0.277 0.277 0.066010253 -0.115 -0.081 -0.111 -0.11 -0.224 -0.57121772 -0.616 -0.47 -0.166 -0.32799901 -0.316 -0.296 -0.296 -0.296 0.051 0.097 0.097 0.097 0.09699345 -0.583 -0.12 -0.12 -0.12 -0.60499719 -0.605 -0.605 -0.607 -0.607 -0.607 -0.607 -0.86199995 -0.862 -0.862 -0.862 -0.862 -0.862 -0.86199998 -0.060631175 -0.052108004 -0.476 -0.476 -0.476 -0.476 -0.47695387 -1.06 -1.06 -1.06 -0.18700181 -0.187 -0.187 
0.27698756 -0.003 0.067000354 0.054169345 0.0028523298 0.146 0.472 -0.15593015 -0.538 -0.432 0.019 -0.328 -0.328 0.13548949 -0.31599435 -0.296 0.051 0.051 0.096940022 0.097 0.097 0.097 -0.14226549 -0.12 -0.12 -0.12 0.0059999913 0.0059999997 -0.607 -0.607 -0.607 -0.607 -0.607 -0.86199996 -0.862 -0.862 -0.862 -0.862 -0.86199992 -0.68332979 0.188961 -0.39530752 -0.476 -0.476 -0.476 -0.476 -0.476 -1.06 -1.06 -1.06 -0.98761 -0.187 -0.187 
-0.0069921179 -0.007 0.374 0.391 -0.172 -0.228 0.027 0.098 -0.399 -0.381 -0.028 -0.397 -0.03 -0.104 0.137 -0.656 0.051 0.051 0.051 -0.091945057 -0.092 -0.092 -0.543 -0.12 -0.12 -0.12 0.006 0.006 0.006 -0.607 -0.607 -0.60700001 -0.66139821 -0.8595946 -0.85137973 0.26854448 0.279 0.279 0.26768037 0.189 0.189 0.18814963 -0.476 -0.476 -0.476 -0.476 -0.476 -1.06 -1.06 -1.06 -1.06 -0.187 -0.187 
0.219 -0.0070001408 -0.70502941 0.248 -0.433 -0.07 -0.133 -0.415 -0.378 -0.050604302 -0.472 -0.657 -0.397 -0.104 -0.253 -0.656 -0.41287448 -0.4106763 -0.661 -0.092 -0.092 -0.465 -0.543 -0.543 -0.12 -0.11999937 0.006 0.006 0.006 -0.901 -0.80168933 -0.72 -0.72 -0.71999922 0.279 0.279 0.279 0.279 0.189 0.189 0.189 0.18899998 -0.476 -0.476 -0.476 -0.476 -0.476 -1.0599926 -1.06 -1.06 -1.06 -0.18700653 -0.187 
0.219 -0.07800115 -0.705 -0.73679191 -0.433 -0.528 -0.58198606 -0.542 -0.467 -0.57400009 -0.52186117 -0.49499398 -0.453 -0.253 -0.253 -0.5187973 -0.411 -0.411 -0.661 -0.661 -0.092000769 -0.465 -0.555 -0.542 -0.371 -0.37093325 0.006 0.006 -0.901 -0.901 -0.72 -0.72 -0.72 -0.71528569 0.279 0.279 0.279 0.189 0.189 0.189 0.189 0.18899768 -0.47599999 -0.476 -0.476 -0.476 -0.476 -0.48119832 -1.06 -1.0599698 -0.387 -0.387 -0.387 
-1.379 -0.078 -0.059999978 -0.516 -0.179 -0.168 -0.654 -0.63966079 -0.766 -0.596 -0.663 -0.66 -0.65999986 -1.007 -1.007 -0.4098986 -0.41 -0.409 -0.409 -0.66099961 -0.702 -0.702 -0.542 -0.371 -0.371 -0.086 -0.933 -0.933 -0.46203995 -0.901 -0.72 -0.72 -0.695 -0.69501066 -0.79699262 -0.583 -0.583 -0.049835823 0.189 0.189 0.16502993 0.165 0.16500113 0.29023086 0.30391379 0.30399979 0.30399997 0.3039997 -0.029472315 -0.387 -0.387 -0.387 -0.387 
-0.61000401 -0.168 -0.093340705 0.044 0.276 -0.625 -0.56 -0.599 -0.91 -0.91 -0.663 -0.546 -0.65699993 -1.007 0.0099969532 0.01 -0.41 -0.161 -0.219 -0.219 -0.62377003 -0.536 -0.536 -0.026000005 -0.086 -0.086 -0.933 -0.933 -0.46200385 -0.46207081 -0.17010795 -0.695 -0.695 -0.797 -0.797 -0.43376863 -0.583 -0.583 -0.41600579 0.16499919 0.165 0.165 0.1650067 0.30400088 0.304 0.304 0.304 0.30399986 0.067 -0.38691003 -0.387 -0.387 -0.387 
-0.61 -0.724 0.233 -0.717 -0.31802287 -0.836 -0.817 -0.699 -0.806 -0.485 -0.485 -0.37 -0.657 -0.657 0.0054237616 -0.067414342 -0.075 -0.016 -0.42199979 -0.219 0.11874662 0.137 -0.228 -0.294 -0.2939999 -0.286 0.072999999 0.072999645 -0.52776873 -0.52799999 -0.169 -0.20306961 -0.529 -0.797 -0.77401191 -0.309 -0.309 -0.416 -0.416 0.165 0.165 0.16500001 0.46219529 0.46199999 0.304 0.304 0.304 0.067009021 0.067 0.067 -0.387 -0.387 -0.387 
-0.65800374 -0.72399999 -0.042 0.232 -0.078 -0.638 -0.553 -0.291 -0.799 -0.39469913 -0.501 -0.4 -0.4 -0.065 -0.064997395 -0.45593533 -0.457 -0.457 -0.077976526 0.16699995 -0.078 -0.077999998 0.108 -0.095587925 -0.28680619 -0.286 -0.156 0.073 -0.027413089 -0.028 -0.112 0.208 0.17425243 -0.02 0.009 -0.099 -0.075 -0.302 0.11980514 0.16708905 0.633 0.534 0.4619834 0.462 0.46111069 0.304 0.18900001 0.067000001 0.067 0.067 0.067000001 -0.30519861 0.116 
-0.289 -0.289 -0.213 -0.041 -0.239 -0.729 -0.429 -0.44 -0.137 -0.29200099 -0.268 -0.312 -0.065 -0.065 0.212 0.20282436 -0.457 -0.45689056 -0.01 0.167 0.167 0.1354358 0.108 -0.23899343 -0.239 -0.239 -0.156 0.436 0.436 -0.028 -0.028 0.20787293 0.141 -0.02 0.132 -0.099 -0.075 -0.44 0.12 0.80373617 0.534 0.47008295 0.36 0.462 0.462 0.189 0.189 0.189 0.067 0.067 0.27 0.27 0.26999994 
-0.289 -0.289 -0.404 -0.881 -0.651 -0.16 -0.453 -0.40812983 -0.602 -0.5 -0.146 -0.481 -0.31222462 0.212 0.212 0.21201338 0.328 0.31026017 -0.01 0.487 0.487 0.826 0.826 -0.239 -0.239 -0.239 0.436 0.436 0.436 -0.086 -0.086 -0.085999626 0.151 0.151 -0.451 0.008 0.386 -0.17499968 0.307 0.815 0.815 0.40299986 0.36 0.462 0.48099988 0.323 0.47177688 0.473 0.845 0.845 0.27 0.27 0.27 
-0.289 -0.33881007 -0.60755291 -0.81798752 -0.13 -0.289 -0.453 -0.408 -0.60199838 -0.50113004 -0.48100002 -0.481 0.387 0.212 0.212 0.328 0.328 0.32798076 -0.01 0.487 0.5535727 0.826 0.826 -0.23895696 -0.239 0.0058960734 0.506 0.506 0.50599999 -0.086 -0.086 0.298 0.298 0.15099835 -0.451 0.4569998 0.30213498 -0.175 -0.175 0.81499999 0.403 0.403 0.40300056 0.481 0.481 0.323 0.473 0.473 0.845 0.845 0.27 0.27 0.27 
-0.405 -0.095985663 -0.06302989 -0.068460896 -0.130001 -0.28899625 -0.453 -0.40855393 -0.58863142 -0.59933651 0.387 0.387 0.387 0.387 0.21202479 0.328 0.328 0.32363588 -0.01 0.48714384 0.995 0.995 0.995 0.995 -0.21749912 0.506 0.506 0.506 0.506 0.50568095 0.298 0.298 0.298 0.298 0.457 0.457 0.457 -0.14448266 -0.16743689 0.832 0.832 0.40302308 0.49499952 0.48100135 0.481 0.323 0.473 0.473 0.845 0.845 0.27208604 0.27 -0.024318629 
-0.405 -0.063 -0.063 -0.063 -0.063 -0.063000094 -0.45258015 -0.43173284 -0.55296526 0.38593751 0.387 0.387 0.387 0.387 0.38700025 0.328 0.32799995 0.30481551 -0.0099920356 0.995 0.995 0.995 0.995 0.995 0.9923392 0.59671171 0.60099998 0.601 0.601 0.601 0.29800001 0.298 0.29800056 0.764 0.764 0.457 0.93531833 0.949 0.83200007 0.832 0.832 0.832 0.495 0.495 0.495 0.49380304 0.2762571 0.275 0.275 0.275 0.27500001 0.7689999 0.769 
0.327 -0.063 -0.063 -0.063 -0.063 -0.063 -0.063000024 -0.22525441 0.72709406 0.734 0.734 0.734 0.734 0.734 0.734 0.89952687 0.33709491 0.28171668 0.99487375 0.995 0.995 0.995 0.995 0.99500027 0.872 0.872 0.87199962 0.601 0.601 0.60159272 0.897 0.897 0.764 0.764 0.764 0.91936506 0.949 0.949 0.949 0.832 0.832 0.832 0.495 0.495 0.495 0.495 0.27500001 0.275 0.275 0.275 0.275 0.769 0.769 
0.327 0.18180743 -0.063 -0.063 -0.063 -0.063 0.31792522 0.318 0.31800001 0.734 0.734 0.734 0.734 0.734 0.77128258 0.903 0.903 0.903 1.2302809 1.2309998 1.231 1.231 1.231 1.231 0.872 0.872 0.872 0.872 0.601 0.897 0.897 0.897 0.76400001 0.764 0.764 1.06 0.94914697 0.949 0.949 0.83200888 0.84965107 0.89082366 0.495 0.495 0.71731181 0.718 0.718 0.27567525 0.68356724 0.68499996 0.68499992 0.93297512 0.76900033 
0.327 0.13723732 0.035678977 -0.063 -0.063 0.31777489 0.318 0.318 0.318 0.32099782 0.734 0.734 0.734 0.73400002 0.903 0.903 0.903 0.903 1.230707 1.231 1.231 1.231 1.231 1.231 0.87200001 0.872 0.872 0.872 0.87209094 0.897 0.897 0.897 1.317 0.76404346 1.06 1.06 1.06 1.0620583 0.89468309 0.891 0.891 0.891 0.868 0.868 0.718 0.718 0.718 0.685 0.685 0.685 0.685 0.933 0.933 
0.13224193 0.132 0.132 0.132 0.142 0.31799546 0.318 0.318 0.318 0.318 0.72150799 0.73399785 0.734 0.903 0.903 0.903 0.903 0.903 0.90680788 1.231 1.231 1.231 1.231 1.231 1.1888812 1.3949972 1.395 1.395 1.395 0.89700002 1.317 1.317 1.317 1.317 1.06 1.060005 1.248 1.248 0.89545768 0.891 0.891 0.891 0.868 0.868 0.74122516 0.718 0.718 0.685 0.685 0.685 0.6876592 0.933 0.933 
0.132 0.132 0.132 0.13670915 0.142 0.142 0.318 0.318 0.318 0.318 0.569 0.569 0.569 0.903 0.903 0.903 0.903 0.90295092 0.556 0.556 1.2309997 1.231 1.2270803 1.07 1.0729258 1.395 1.395 1.395 1.395 1.3170079 1.317 1.317 1.317 1.317 1.2479993 1.248 1.248 1.248 1.246763 0.891 0.891 0.891 0.868 0.868 0.868 0.718 0.718 0.68500001 0.685 0.685 0.933 0.933 0.933 
0.132 0.132 0.132 0.142 0.142 0.142 0.14200027 0.318 0.318 0.5687409 0.569 0.569 0.569 0.56920809 0.66260154 0.606 0.606 0.606 0.556 0.556 0.556 1.07 1.07 1.07 1.0700188 1.2596727 1.395 1.395 1.395 1.4171785 1.4379881 1.438 1.438 1.438 1.3823693 1.5709993 1.571 1.571 1.571 1.3509371 1.351 1.351 0.868 0.868 1.2079986 1.208 1.179 1.179 1.113 1.113 1.113 0.933 1.1148373 
0.13200142 0.132 0.132 0.142 0.142 0.142 0.142 0.45899996 0.31856377 0.56888212 0.569 0.569 0.569 0.5690726 0.606 0.606 0.606 0.60599999 0.556 0.556 0.556 1.07 1.07 1.07 1.137 1.137 1.238 1.238 1.238 1.2390911 1.438 1.438 1.438 1.438 1.5044635 1.571 1.571 1.571 1.571 1.351 1.351 1.351 1.3465007 1.208 1.208 1.208 1.179 1.179 1.113 1.113 1.113 1.115 1.115 
0.588 0.38041484 0.445 0.44491209 0.142 0.45716585 0.459 0.459 0.52057999 0.439 0.439 0.439 0.439 0.37300215 0.373 0.60599982 0.606 0.60468257 0.556 0.556 0.556 0.781 0.781 0.781 1.137 1.137 1.238 1.238 1.238 1.2380001 1.3960003 1.3960001 1.4369444 1.437955 1.4150272 1.415 1.415 1.415 1.415 1.351 1.351 1.351 1.2158737 1.208 1.208 1.2079999 1.179 1.179 1.1789976 1.113 1.1129989 1.088 1.115 
0.64398937 0.64399997 0.445 0.445 0.445 0.459 0.459 0.459 0.628 0.628 0.439 0.439 0.439 0.373 0.373 0.373 0.373 0.3730212 0.556 0.556 0.55600001 0.781 0.781 0.781 1.137 1.137 1.238 1.238 1.238 1.3942185 1.396 1.396 1.396 1.396 1.4149906 1.415 1.415 1.415 1.415 0.89200012 0.892 0.892 0.892 1.2079958 0.655 0.655 0.655 0.935 0.935 0.935 1.088 1.088 1.088 
0.644 0.644 0.445 0.445 0.445 0.45892641 0.459 0.628 0.628 0.628 0.43902327 0.439 0.27148943 0.37299997 0.373 0.373 0.373 0.142 0.142 0.142 0.21600001 0.21600042 0.78099725 0.781 0.78108573 0.757 0.757 0.75700115 1.2379223 1.3170157 1.3170004 1.3170138 1.395865 1.3959318 1.4115637 1.4149997 1.4121716 0.571 0.571 0.892 0.892 0.892 0.892 0.655 0.655 0.655 0.655 0.935 0.935 0.935 1.088 1.088 1.088 
0.644 0.644 0.445 0.445 0.445 0.445 0.52225176 0.628 0.628 0.628 0.62778236 0.234 0.234 0.234 0.37218084 0.373 0.14353933 0.142 0.142 0.142 0.216 0.216 0.216 0.216 0.757 0.757 0.757 0.757 0.757 1.317 1.317 1.317 1.317 1.3169997 1.164 0.571 0.571 0.571 0.571 0.57099988 0.481 0.481 0.481 0.53632042 0.651 0.651 0.651 0.93499999 0.93499996 0.894 0.894 1.1839766 1.184 
0.644 0.644 0.51682503 0.445 0.445 0.445 0.57509405 0.62783297 0.628 0.628 0.23400006 0.234 0.234 0.234 0.234 0.2453797 0.142 0.142 0.142 0.142 0.21599943 0.216 0.216 0.216 0.757 0.757 0.757 0.757 0.757 0.79529677 1.317 1.317 1.317 1.164 1.164 1.1635395 0.571 0.571 0.72182464 0.83899998 0.481 0.481 0.481 0.53668167 0.651 0.651 0.651 0.903 0.89411214 0.894 0.894 1.184 1.184 
0.809 0.809 0.809 0.53626481 0.44531703 0.575 0.575 0.575 0.575 0.525 0.525 0.23400002 0.234 0.234 0.234 0.23399417 0.142 0.142 0.142 0.142 0.1837088 0.216 0.216 0.21728235 0.2869082 0.757 0.757 0.757 0.611 0.611 0.611 0.61100296 1.164 1.164 1.164 1.164 0.839 0.839 0.839 0.839 0.693 0.693 0.693 0.95199479 0.952 0.952 0.9519999 0.903 0.903 0.89401097 0.894 1.1839983 1.184 
0.809 0.809 0.809 0.80899208 0.662 0.64934877 0.575 0.575 0.575 0.525 0.525 0.525 0.265 0.265 0.265 0.265 0.14228943 0.142 0.142 0.142 0.14312478 0.26499987 0.265 0.265 0.265 0.265 0.030000006 0.03 0.611 0.611 0.611 0.611 1.1639998 1.164 1.164 1.1639779 0.83900001 0.839 0.839 0.83999581 0.693 0.693 0.693 0.95198799 0.952 0.952 0.952 0.903 0.903 0.90299999 0.851 0.851 0.906 
0.809 0.809 0.809 0.66200034 0.662 0.662 0.57500003 0.575 0.575 0.525 0.525 0.525 0.265 0.265 0.265 0.26766558 0.3 0.3 0.29999959 0.14289243 0.265 0.265 0.265 0.265 0.265 0.26482315 0.03 0.03 0.030000001 0.611 0.611 0.61099614 0.893 0.893 0.893 0.866 0.866 1.066 1.066 1.066 1.094 0.69312578 0.69300325 1.129 1.129 1.1222919 0.95200038 0.903 0.903 0.851 0.851 0.851 0.906 
0.809 0.809 0.809 0.662 0.662 0.662 0.662 0.575 0.575 0.525 0.525 0.27539625 0.265 0.265 0.265 0.3 0.3 0.3 0.3 0.3 0.265 0.265 0.265 0.265 0.265 0.030000802 0.03 0.03 0.03 0.605 0.605 0.605 0.893 0.893 0.893 0.866 0.866 1.066 1.066 1.094 1.094 1.094 1.129 1.129 1.129 1.129 1.1169243 0.982 0.982 0.982 0.851 0.911 0.911 
0.809 0.809 0.8087953 0.662 0.662 0.662 0.662 0.36878037 0.354 0.35429358 0.52499999 0.26499397 0.265 0.265 0.26500012 0.3 0.3 0.3 0.3 0.3 0.357065 0.265 0.265 0.265 0.26497199 0.03000557 0.03 0.03 0.03 0.605 0.605 0.605 0.60504078 0.893 0.866 0.866 0.866 0.86600812 1.0660019 1.094 1.094 1.094 1.1289979 1.129 1.129 1.129 0.98199962 0.982 0.982 0.982 0.911 0.911 0.911 
0.214 0.21400104 0.6620615 0.662 0.662 0.662 0.35406554 0.354 0.354 0.354 0.193 0.193 0.193 0.193 0.29950616 0.3 0.3 0.3 0.3 0.36099996 0.361 0.361 0.12900002 0.129 0.129 0.129 0.12045503 0.03 0.50798042 0.508 0.508 0.508 0.508 0.721 0.721 0.721 0.721 0.721 1.074 1.074 1.074 1.074 1.074 0.94328038 0.943 0.943 0.943 0.982 0.982 0.982 0.91101119 0.911 0.911 
0.214 0.214 0.21272751 0.062001206 0.062000133 0.062285077 0.354 0.354 0.354 0.354 0.193 0.193 0.193 0.193 0.193 0.3 0.3 0.3 0.36099998 0.361 0.361 0.361 0.129 0.129 0.129 0.129 0.129 0.12897943 0.50792315 0.508 0.508 0.508 0.50796913 0.68301759 0.72096067 0.721 0.721 0.721 1.074 1.074 1.074 1.074 1.074 0.943 0.943 0.943 0.943 0.96123716 0.982 0.99683265 0.997 0.818 0.818 
0.214 0.214 0.062019254 0.062 0.062 0.062 0.13616677 0.354 0.354 0.354 0.193 0.193 0.193 0.193 0.193 0.29991657 0.3 0.36098212 0.361 0.361 0.361 0.361 0.2149459 0.129 0.129 0.129 0.129 0.12912752 0.309 0.309 0.309 0.309 0.309 0.654 0.654 0.654 0.654 0.654 1.169 1.169 1.169 1.169 1.169 0.94324172 0.94300005 0.943 0.94301678 0.94502701 0.997 0.997 0.997 0.818001 0.818 
0.21399997 0.20027294 0.062000019 0.062 0.062 0.062 0.062 0.35387567 0.354 0.354 0.193 0.193 0.193 0.193 0.074687574 0.072 0.072 0.36099256 0.361 0.361 0.361 0.361 0.36099993 0.129 0.129 0.129 0.129 0.39999991 0.39999996 0.38063299 0.309 0.309 0.309 0.654 0.654 0.654 0.654 0.65406299 1.169 1.169 1.169 1.169 1.169012 1.042 1.042 1.042 1.042 1.0419964 0.997 0.997 0.997 0.99700002 1.0327894 
0.2 0.2 0.15316332 0.062 0.062 0.062 0.062 0.062 0.35387445 -0.075999993 -0.076 -0.076 -0.075361608 0.072000174 0.072 0.072 0.072 0.072 0.36099733 0.33812633 0.138 0.138 0.138 0.13536015 0.12251705 0.087828037 0.058758435 0.4 0.4 0.4 0.4 0.4 0.39842228 0.74474409 0.747 0.747 0.747 0.747 1.1983049 1.3249997 1.325 1.325 1.325 1.1269998 1.042 1.042 1.042 1.139 0.99700227 0.997 0.997 1.036 1.036 
0.2 0.2 0.056000001 0.056 0.056 0.061998001 0.062 0.062 -0.076 -0.076 -0.076 -0.076 -0.076 0.071999993 0.072 0.072 0.072 0.072 0.138 0.138 0.138 0.138 0.138 0.048000005 0.048 0.048 0.048 0.4 0.4 0.4 0.4 0.4 0.546 0.546 0.747 0.747 0.747 0.86098059 0.861 1.325 1.325 1.325 1.3249999 1.127 1.127 1.127 1.139 1.139 1.139 1.173 1.173 1.036 1.036 
0.2 0.2 0.056 0.056 0.056 0.056 0.055999742 0.009 -0.07591997 -0.076 -0.076 -0.076 -0.076 0.070153835 0.072 0.072 0.072 0.072 0.138 0.138 0.138 0.138 0.138 0.048 0.048 0.048 0.048 0.048001433 0.4 0.4 0.4 0.54599235 0.546 0.546 0.546 0.747 0.861 0.861 0.861 0.87320871 0.93215805 0.859 0.859 1.127 1.127 1.127 1.139 1.139 1.139 1.173 1.173 1.173 0.82315666 
0.353 0.3529988 0.056 0.056 0.056 0.056 0.009 0.009 0.009 -0.076 -0.076 -0.076 -0.076 -0.075953991 0.072 0.072 0.072 0.072 0.13799876 0.138 0.138 0.138 0.063850584 0.048 0.048 0.048 0.048 0.16399991 0.164 0.164 0.39747254 0.546 0.546 0.546 0.54599977 0.304 0.861 0.861 0.861 0.861 0.859 0.859 0.859 1.041 1.041 1.041 0.99701383 1.139 1.139 1.173 1.173 1.173 0.80100029 
0.353 0.353 0.056 0.056 0.056 0.009 0.009 0.009 0.009 -0.066684019 -0.076 -0.076 -0.076 -0.076000031 -0.15197422 -0.152 -0.152 -0.152 -0.22890221 -0.057 -0.057 -0.057 -0.057 0.048 0.048 0.048 0.048007652 0.164 0.164 0.164 0.164 0.54592989 0.409882 0.304 0.304 0.304 0.8598521 0.55400639 0.554 0.554 0.85890444 0.737 0.737 1.041 1.041 1.0409998 0.997 0.997 0.979 0.979 0.979 0.931 0.906 
0.353 0.353 0.026 0.026 0.026 0.009 0.009 0.009 0.009 -0.124 -0.124 -0.124 -0.124 -0.12597323 -0.152 -0.152 -0.152 -0.152 -0.235 -0.057 -0.057 -0.057 -0.057 -0.257 -0.25699988 0.047999549 0.164 0.164 0.164 0.164 0.10071559 0.039 0.27246863 0.304 0.304 0.304 0.554 0.554 0.554 0.554 0.737 0.737 0.737 0.90994545 0.91 0.99660894 0.997 0.997 0.97899985 0.979 0.931 0.931 0.906 
0.353 0.026000002 0.026 0.026 0.026 0.026 0.0093493302 0.054 0.054 -0.124 -0.124 -0.124 -0.124 -0.12400663 -0.152 -0.152 -0.152 -0.1557502 -0.235 -0.235 -0.057 -0.057 -0.257 -0.257 -0.257 -0.257 0.164 0.164 0.164 0.164 0.039 0.039 0.039 0.30373184 0.304 0.304 0.554 0.554 0.554 0.554 0.737 0.737 0.737 0.91 0.91 0.90998227 0.597 0.597 0.945 0.945 0.931 0.931 0.906 
0.029070937 0.026 0.026 0.026 0.026 0.026 0.054 0.054 0.054 -0.041273039 -0.124 -0.124 -0.124 -0.12399584 -0.152 -0.152 -0.152 -0.235 -0.235 -0.235 -0.057008893 -0.057001222 -0.257 -0.257 -0.257 -0.257 0.16397007 0.164 0.164 0.039028747 0.039 0.039 0.039 0.039 0.30315968 0.164 0.164 0.17074963 0.554 0.554 0.73699984 0.737 0.90496999 0.91 0.91 0.59700011 0.597 0.597 0.945 0.945 0.684 0.684 0.827 
0.026 0.026 0.026 0.026 0.026 0.026 0.054 0.054 0.054 0.053999999 0.10199349 0.102 0.102 0.102 -0.15199984 -0.17507636 -0.188 -0.188 -0.23491336 -0.235 -0.23499996 -0.25699971 -0.257 -0.257 -0.257 -0.257 -0.25669391 0.164 0.16399573 0.039 0.039 0.039 0.039 0.039 0.164 0.164 0.164 0.164 0.164 0.16400226 0.532 0.532 0.53199995 0.373 0.373 0.373 0.616 0.616 0.529 0.529 0.684 0.68400031 0.827 
0.026 0.026 0.026 0.026 0.026 0.026 0.054 0.054 0.054 0.102 0.102 0.102 0.102 0.102 0.025556695 -0.188 -0.188 -0.188 -0.188 -0.188 -0.1902441 -0.257 -0.257 -0.257 -0.257 -0.24717148 0.055509532 0.14929282 0.039616435 0.039 0.039 0.039 0.039 0.039000274 0.164 0.164 0.164 0.164 0.164 0.33519274 0.532 0.532 0.532 0.373 0.373 0.373 0.616 0.616 0.529 0.529 0.444 0.80587206 0.827 
0.026 0.026 0.026 0.026 0.026 0.026000008 0.053999994 0.054 0.055992268 0.102 0.102 0.102 0.102 0.102 0.088089814 -0.188 -0.188 -0.188 -0.188 -0.188 -0.188 0.00738063 0.055999562 0.056 0.056 0.056 0.056 0.056 -0.16471989 -0.16799755 -0.168 -0.168 -0.168 -0.16799976 0.164 0.164 0.164 0.164 0.164 0.53199996 0.532 0.532 0.532 0.53199993 0.37305932 0.41 0.61599998 0.40570218 0.52888872 0.444 0.444 0.44217078 0.356 
0.026 0.026 0.026 0.026 0.026 0.026001789 0.05399849 0.054002904 0.10199994 0.102 0.102 0.102 0.102 0.102 0.096481916 -0.188 -0.188 -0.188 -0.188 -0.188 -0.188 0.056 0.056 0.056 0.056 0.056 0.056 0.056 -0.16793817 -0.168 -0.168 -0.168 -0.168 -0.168 -0.077032033 0.164 0.164 0.164 0.164 0.532 0.532 0.532 0.532 0.53196875 0.41 0.41 0.40994986 0.402 0.402 0.444 0.444 0.356 0.356 
0.026 0.026 0.026 0.026 0.026 0.026037342 0.053968113 0.096583514 0.102 0.102 0.102 0.102 0.102 0.102 0.096923052 -0.188 -0.188 -0.188 -0.188 -0.188 -0.15325883 0.056 0.056 0.056 0.056 0.056 0.056 0.056 -0.1679991 -0.168 -0.168 -0.168 -0.168 -0.168 -0.168 0.047661784 -0.1331655 -0.23204372 -0.24707052 0.53065015 0.532 0.532 0.532 0.41000974 0.41 0.41124756 0.61899896 0.402 0.402 0.27201832 0.272 0.272 0.35599996 
0.026 0.026 0.026 0.026 0.026000028 0.02623353 0.057953774 0.1019868 0.102 0.102 0.102 0.102 0.102 0.102 0.095228053 -0.188 -0.188 -0.188 -0.188 -0.188 0.055998946 0.056 0.056 0.056 0.056 0.056 0.056 0.056 -0.16799994 -0.168 -0.168 -0.168 -0.168 -0.168 -0.16800002 -0.255 -0.255 -0.255 -0.255 0.511 0.511 0.511 0.511 0.61899939 0.619 0.619 0.619 0.61899707 0.356 0.356 0.272 0.272 0.16576742 
0.026 0.026 0.026 0.026000002 0.026000782 0.026781956 0.098658805 0.10199937 0.102 0.102 0.102 0.102 0.102 0.102 0.09215561 -0.18799988 -0.188 -0.188 -0.188 -0.18653147 0.056 0.056 0.056 0.056 0.056 0.056 0.056 0.056 -0.16799995 -0.168 -0.168 -0.168 -0.168 -0.168 -0.25499992 -0.255 -0.255 -0.255 -0.255 0.511 0.511 0.511 0.511 0.54014874 0.619 0.619 0.619 0.35600294 0.356 0.356 0.119 0.119 0.119 
0.026 0.026 0.026000001 0.026000064 0.026007782 0.031098775 0.10181571 0.10199984 0.102 0.102 0.102 0.102 0.102 0.10199998 0.087993633 -0.18799318 -0.188 -0.188 -0.18799972 0.051056173 0.056 0.056 0.056 0.056 0.056 0.056 0.056 0.056 -0.16799979 -0.168 -0.168 -0.168 -0.168 -0.35027836 -0.25500005 -0.255 -0.255 -0.255 -0.255 0.511 0.511 0.511 0.511 0.511 0.619 0.619 0.619 0.356 0.356 0.356 0.119 0.119 0.119 
0.026 0.026000002 0.026000027 0.02600076 0.026059018 0.068071062 0.10196708 0.1019999 0.102 0.102 0.102 0.102 0.102 0.10199946 0.083045381 -0.18789409 -0.18799999 -0.18799999 -0.18673669 0.055979253 0.056 0.056 0.056 0.056 0.056 0.056 0.056 0.05599987 -0.1679986 -0.168 -0.16800018 -0.39510987 -0.417 -0.417 -0.417 -0.255 -0.255 -0.255 -0.255 0.511 0.511 0.511 0.511 0.511 0.61899809 0.619 0.61899987 0.35600002 0.356 0.35599987 0.119 0.119 0.119 
