interpolatedSpi/01-12|22_2.tif
NCOLS 53
NROWS 52
XLLCORNER -116.03883
YLLCORNER 28.596182
DX 0.49850594
DY 0.49788537
NODATA_VALUE -9999
[rows 0 to 27 of 52, columns 0 to 52 of 53]
0.0125 0.0125 -0.19705413 -0.37833333 0.16 0.066666667 -0.0725 -0.055833333 -0.17304897 -0.23333333 -0.1925 -0.025 -0.10164114 0.20833333 -0.005 -0.005 -0.005 0.405 0.33166667 0.33166667 0.33166667 0.33165846 -0.51999999 0.26583333 0.26583333 0.26583333 0.034165478 0.034166667 0.034166667 -0.063333333 -0.063333333 -0.063333333 -0.063333333 -0.087499995 -0.0875 -0.0875 -0.0875 -0.0875 -0.0875 -0.087499984 0.51517573 0.52136893 -0.64833333 -0.64833333 -0.64833333 -0.64833333 -0.64815775 -0.54083333 -0.54083333 -0.54083333 0.2458317 0.24583333 0.24583333
0.01247634 -0.52 -0.32583333 -0.28226257 -0.12095593 0.0175 0.00083333333 0.066422654 -0.17833333 -0.2025 -0.13333333 -0.10166667 -0.10166667 0.33291652 0.20833296 -0.005 0.405 0.405 0.33176228 0.33166667 0.33166667 0.33166667 0.25877119 0.26583333 0.26583333 0.26583333 0.22666667 0.22666667 -0.063333333 -0.063333333 -0.063333333 -0.063333333 -0.063333333 -0.087499996 -0.0875 -0.0875 -0.0875 -0.0875 -0.087499948 0.084679767 0.96660052 -0.45236612 -0.64833333 -0.64833333 -0.64833333 -0.64833333 -0.64833333 -0.54083333 -0.54083333 -0.54083333 -0.47560218 0.24583333 0.24583333
-0.074997471 -0.075 -0.32583333 0.14 -0.33583333 -0.43416667 -0.27833333 -0.1225 -0.61083333 -0.11166667 -0.085833333 -0.46333333 -0.205 0.52833333 0.33333333 -0.37166667 0.405 0.405 0.405 0.45829651 0.45833333 0.45833333 0.13166667 0.26583333 0.26583333 0.26583333 0.22666667 0.22666667 0.22666667 -0.063333333 -0.063333333 -0.063333318 0.085900687 -0.085794133 -0.080891416 0.61599394 0.6225 0.6225 0.6657871 0.96666666 0.96666667 0.96460149 -0.64833333 -0.64833333 -0.64833333 -0.64833333 -0.64833333 -0.54083333 -0.54083333 -0.54083333 -0.54083333 0.24583333 0.24583333
-0.225 -0.075000038 -0.2642093 0.46416667 -0.67 -0.21083333 -0.3725 -0.63416667 -0.0675 0.090531439 -0.065833333 -0.16916667 -0.15 0.52833333 -0.17666667 -0.37166667 -0.37580145 -0.37528624 -0.80833333 0.45833333 0.45833333 -0.3625 0.13166667 0.13166667 0.26583333 0.26583314 0.22666667 0.22666667 0.22666667 -0.30666667 -0.0030649909 0.24666667 0.24666667 0.24666696 0.6225 0.6225 0.6225 0.6225 0.96666667 0.96666667 0.96666667 0.96666661 -0.64833333 -0.64833333 -0.64833333 -0.64833333 -0.64833333 -0.54083469 -0.54083333 -0.54083333 -0.54083333 0.24582506 0.24583333
-0.225 0.087499355 -0.26416667 -0.320992 -0.67 -0.5775 -0.19834573 0.050833333 -0.28083333 0.47916634 0.20977346 0.083336914 0.10833333 -0.17666667 -0.17666667 -0.30720628 -0.37583333 -0.37583333 -0.80833333 -0.80833333 0.45833166 -0.3625 0.3575 0.35083333 0.18833333 0.18841344 0.22666667 0.22666667 -0.30666667 -0.30666667 0.24666667 0.24666667 0.24666667 0.22529512 0.6225 0.6225 0.6225 0.96666667 0.96666667 0.96666667 0.96666667 0.96663706 -0.64833331 -0.64833333 -0.64833333 -0.64833333 -0.64833333 -0.64737645 -0.54083333 -0.54080942 -0.0075 -0.0075 -0.0075
-1.7158333 -0.38083333 -0.033333336 -0.1025 -0.59333333 -0.35166667 -0.36666667 -0.31321471 0.1225 -0.40083333 -0.4475 0.05 0.050000038 0.005 0.005 -0.38158237 -0.38166667 -0.25916667 -0.25916667 -0.80833236 -0.68833333 -0.68833333 0.35083333 0.18833333 0.18833333 0.53083333 -0.0225 -0.0225 0.34743995 -0.30666667 0.24666667 0.24666667 0.13333333 0.13337086 0.49247436 0.76583333 0.76583333 0.90453429 0.96666667 0.96666667 0.66038248 0.66 0.66000208 0.013932445 0.025758824 0.025833154 0.02583331 0.025833081 0.069078507 -0.0075 -0.0075 -0.0075 -0.0075
-1.2516685 -0.46666667 -0.4631298 -0.1675 -0.22 -0.73416667 -0.3475 -0.425 -0.32666667 -0.32666667 -0.4475 0.0091666667 -0.38749993 0.005 -0.032499888 -0.0325 -0.38166667 0.1425 0.29333333 0.29333333 -0.55363012 -0.4025 -0.4025 0.35166666 0.53083333 0.53083333 -0.0225 -0.0225 0.34747169 0.34697874 0.497201 0.13333333 0.13333333 0.4925 0.4925 0.84526001 0.76583333 0.76583333 0.80416534 0.6600002 0.66 0.66 0.66001098 0.025835847 0.025833333 0.025833333 0.025833333 0.02583338 0.10333333 -0.0074780359 -0.0075 -0.0075 -0.0075
-1.2516667 -0.42166667 -0.096666667 -0.83916667 -0.57501514 -0.51 -0.48583333 -0.33833333 -0.4175 -0.28583333 -0.28583333 -0.12833333 -0.3875 -0.3875 -0.034935629 -0.39832072 -0.43416667 0.14166667 -0.27916608 0.29333333 0.28355972 0.36916667 -0.55083333 0.3025 0.30249465 -0.1125 0.080000001 0.079999964 -0.13663091 -0.13833332 0.49916667 0.020237447 0.2925 0.4925 0.50229228 0.91166667 0.91166667 0.80416667 0.80416667 0.66 0.66 0.66000002 0.47986155 0.47666664 0.025833333 0.025833333 0.025833333 0.10333038 0.10333333 0.10333333 -0.0075 -0.0075 -0.0075
-0.50991454 -0.42166667 -0.18333333 -0.15083333 -0.375 -0.58333333 -0.20583333 0.11333333 -0.2325 0.0087248775 -0.075 -0.22083333 -0.22083333 0.275 0.27499401 -0.65604654 -0.65666667 -0.65666667 0.077425813 -0.42583338 -0.63916667 -0.63916666 0.3 -0.2155339 -0.070678957 -0.1125 0.30666667 0.08 0.45696333 0.45916667 -0.055833333 1.0508333 0.61433189 0.33 0.83583333 0.7825 1.0875 0.29583333 1.1620998 0.66392812 1.54 0.96416667 0.47672867 0.47666667 0.47412913 0.025833333 -0.11833333 0.10333333 0.10333333 0.10333333 0.10333333 0.034417503 -0.036666667
-1.0033333 -1.0033333 -0.0025 -0.076666667 -0.39 -0.28083333 -0.16666667 -0.29333333 -0.14083333 0.069945866 0.035833333 0.57833333 0.275 0.275 -0.3625 -0.36653463 -0.65666667 -0.65657912 -0.27833333 -0.42583333 -0.42583333 -0.45331783 0.3 0.091670612 0.091666667 0.091666667 0.30666667 0.4675 0.4675 0.45916667 0.45916667 1.0491896 0.18416667 0.33 0.51166667 0.7825 1.0875 0.87333333 1.1625 0.85096552 0.96416669 0.9249838 0.8575 0.47666667 0.47666667 -0.11833333 -0.11833333 -0.11833333 0.10333333 0.10333333 0.32916667 0.32916667 0.32916653
-1.0033333 -1.0033333 -0.565 -0.8325 -0.62666667 -0.16333333 -0.48499999 0.14298885 0.11583333 0.053333333 -0.2325 -0.33416667 0.57711808 -0.3625 -0.3625 -0.36248308 -0.21583333 -0.21911363 -0.27833333 -0.305 -0.305 -0.4125 -0.4125 0.091666667 0.091666667 0.091666667 0.4675 0.4675 0.4675 -0.14583333 -0.14583333 -0.14583279 0.38333333 0.38333333 0.10416667 -0.17166667 1.0508333 0.60583379 0.8275 0.84583333 0.84583333 0.44666802 0.8575 0.47666667 0.45249978 0.15666667 0.72634643 0.73 0.88333333 0.88333333 0.32916667 0.32916667 0.32916667
-1.0033333 -0.81412067 -0.67915179 -0.77832718 -0.065833333 -0.42166667 -0.485 0.14333333 0.11583356 0.054025758 -0.33416616 -0.33416667 -0.13583333 -0.3625 -0.3625 -0.21583334 -0.21583333 -0.21583689 -0.27833333 -0.305 -0.32611081 -0.4125 -0.4125 0.091646609 0.091666667 0.097419259 0.10916667 0.10916667 0.10916671 -0.14583333 -0.14583333 -0.016666667 -0.016666667 0.38333257 0.10416667 0.45416666 0.98816124 0.60583333 0.60583333 0.84583332 0.44666667 0.44666667 0.44666677 0.4525 0.4525 0.15666667 0.73 0.73 0.88333333 0.88333333 0.32916667 0.32916667 0.32916667
-0.013333333 -0.047818982 -3.0681737e-05 -0.0056306955 -0.065835302 -0.42165827 -0.485 0.13559891 0.11772836 0.11420129 -0.13583333 -0.13583333 -0.13583333 -0.13583333 -0.36246789 -0.21583333 -0.21583333 -0.21664031 -0.27833333 -0.30495813 -0.16083333 -0.16083333 -0.16083333 -0.16083333 0.087410948 0.10916667 0.10916667 0.10916667 0.10916667 0.10901539 -0.016666667 -0.016666667 -0.016666667 -0.016666667 0.45416667 0.45416667 0.45416667 0.59858365 0.60326097 0.26333333 0.26333333 0.44665681 0.39416866 0.45249438 0.4525 0.15666667 0.73 0.73 0.88333333 0.88333333 0.33117712 0.32916667 0.75266601
-0.013333333 -3.5875635e-17 2.3129646e-17 2.3129646e-17 2.3129646e-17 -1.7529503e-07 -0.48483781 -0.18769961 0.12278411 -0.13556382 -0.13583333 -0.13583333 -0.13583333 -0.13583333 -0.13583316 -0.21583334 -0.21583334 -0.22012041 -0.27833208 -0.16083333 -0.16083333 -0.16083333 -0.16083333 -0.16083333 -0.15730153 0.093602698 0.1 0.1 0.1 0.1 -0.016666667 -0.016666667 -0.016666726 -0.065833333 -0.065833333 0.45416667 0.22327113 0.21666667 0.26333331 0.26333333 0.26333333 0.26333333 0.39416667 0.39416667 0.39416667 0.39251388 0.86814212 0.86916667 0.86916667 0.86916667 0.86916667 1.0483332 1.0483333
0.26916667 5.6082889e-16 2.3129646e-17 2.3129646e-17 2.3129646e-17 2.3129644e-17 -3.0922691e-08 -0.2726883 0.10336209 0.10333333 0.10333333 0.10333333 0.10333333 0.10333333 0.10333333 0.097579651 -0.21086644 -0.22439161 -0.16084809 -0.16083333 -0.16083333 -0.16083333 -0.16083333 -0.16083302 0.0025 0.0025 0.0025001371 0.1 0.1 0.09972967 -0.035 -0.035 -0.065833333 -0.065833333 -0.065833333 0.17141325 0.21666667 0.21666667 0.21666667 0.26333333 0.26333333 0.26333333 0.39416667 0.39416667 0.39416667 0.39416667 0.86916665 0.86916667 0.86916667 0.86916667 0.86916667 1.0483333 1.0483333
0.26916667 0.16895897 2.3129646e-17 2.3129646e-17 2.3129646e-17 2.1626834e-17 -0.11164475 -0.11166667 -0.11166666 0.10333333 0.10333333 0.10333333 0.10333333 0.10333333 0.10204646 0.0975 0.0975 0.0975 0.10917533 0.10999972 0.11 0.11 0.11 0.11 0.0025 0.0025 0.0025 0.0025 0.1 -0.035 -0.035 -0.035 -0.065833331 -0.065833333 -0.065833333 0.23333333 0.21668873 0.21666667 0.21666667 0.26327827 0.1533881 -0.10306829 0.39416667 0.39416667 0.08263106 0.081666667 0.081666667 0.86749249 -0.14477763 -0.14833324 -0.14833314 0.12430648 1.0483315
0.26916667 -0.18821028 -0.10163091 -9.1437173e-15 -4.9283476e-18 -0.11160069 -0.11166667 -0.11166667 -0.11166667 -0.11011732 0.10333333 0.10333333 0.10333333 0.10333333 0.0975 0.0975 0.0975 0.0975 0.10998883 0.11 0.11 0.11 0.11 0.11 0.0025000025 0.0025 0.0025 0.0025 0.002363597 -0.035 -0.035 -0.035 -0.17416666 -0.065805518 0.23333333 0.23333333 0.23333333 0.23097785 -0.083852154 -0.10416667 -0.10416667 -0.10416667 -0.16 -0.16 0.081666667 0.081666667 0.081666667 -0.14833333 -0.14833333 -0.14833333 -0.14833333 0.12416667 0.12416667
-0.20042302 -0.20083333 -0.20083333 -0.20083333 -0.275 -0.11167088 -0.11166667 -0.11166667 -0.11166667 -0.11166667 0.1177809 0.10333582 0.10333334 0.0975 0.0975 0.0975 0.0975 0.0975 0.090220632 0.11 0.11 0.11 0.11 0.11 -0.13982627 -0.46083082 -0.46083333 -0.46083333 -0.46083333 -0.035000007 -0.17416666 -0.17416667 -0.17416667 -0.17416667 0.23333333 0.23332769 0.019166667 0.019166667 -0.10262667 -0.10416667 -0.10416667 -0.10416667 -0.16 -0.16 0.044248346 0.081666667 0.081666667 -0.14833333 -0.14833333 -0.14833333 -0.14541142 0.12416667 0.12416667
-0.20083333 -0.20083333 -0.20083333 -0.23575952 -0.275 -0.275 -0.11166667 -0.11166667 -0.11166667 -0.11166667 0.29416667 0.29416667 0.29416667 0.0975 0.0975 0.0975 0.0975 0.097503994 -0.033333333 -0.033333333 0.10999994 0.11 0.10044428 -0.2825 -0.28410546 -0.46083333 -0.46083333 -0.46083333 -0.46083333 -0.17419586 -0.17416667 -0.17416667 -0.17416667 -0.17416667 0.01916742 0.019166667 0.019166667 0.019166667 0.018714205 -0.10416667 -0.10416667 -0.10416667 -0.16 -0.16 -0.16 0.081666667 0.081666667 -0.14833333 -0.14833333 -0.14833333 0.12416667 0.12416667 0.12416667
-0.20083333 -0.20083333 -0.20083333 -0.275 -0.275 -0.275 -0.27499975 -0.11166667 -0.11166667 0.29374773 0.29416667 0.29416667 0.29416667 0.29404413 0.11706104 0.12166667 0.12166667 0.12166667 -0.033333333 -0.033333333 -0.033333333 -0.2825 -0.2825 -0.2825 -0.28255416 -0.4687012 -0.46083333 -0.46083333 -0.46083333 -0.39221572 -0.43414109 -0.43416667 -0.43416667 -0.43416667 -0.11637993 -0.3058326 -0.30583333 -0.30583333 -0.30583333 -0.41912357 -0.41916667 -0.41916667 -0.16 -0.16 -0.30666605 -0.30666661 -0.14666667 -0.14666667 -0.11083333 -0.11083333 -0.11083333 0.12416667 0.089197961
-0.20083367 -0.20083333 -0.20083334 -0.275 -0.275 -0.275 -0.275 -0.50083322 -0.11322271 0.29375635 0.29416667 0.29416667 0.29416667 0.29382817 0.12166667 0.12166667 0.12166667 0.12166662 -0.033333333 -0.033333333 -0.033333333 -0.2825 -0.2825 -0.2825 -0.47583333 -0.47583333 -0.4975 -0.4975 -0.4975 -0.4971545 -0.43416667 -0.43416667 -0.43416667 -0.43416667 -0.3700353 -0.30583333 -0.30583333 -0.30583333 -0.30583333 -0.41916667 -0.41916667 -0.41916667 -0.41562699 -0.30666667 -0.30666667 -0.30666667 -0.14666667 -0.14666667 -0.11083333 -0.11083333 -0.11083333 0.08916666 0.089166667
-0.31 -0.26474598 -0.50916667 -0.50909873 -0.275 -0.49952667 -0.50083333 -0.50083333 -0.40761313 -0.15833334 -0.15833333 -0.15833333 -0.15833333 0.22082099 0.22083333 0.12166674 0.12166667 0.11758264 -0.033333333 -0.033333333 -0.033333333 -0.56583333 -0.56583333 -0.56583333 -0.47583333 -0.47583333 -0.4975 -0.4975 -0.4975 -0.49750013 -0.68166509 -0.68166597 -0.44038721 -0.434432 -0.72882809 -0.72916667 -0.72916667 -0.72916667 -0.72916667 -0.41916667 -0.41916667 -0.41916667 -0.31286141 -0.30666667 -0.30666667 -0.30666669 -0.14666667 -0.14666667 -0.14666538 -0.11083333 -0.11082927 -0.02 0.089166667
-0.30250142 -0.30250004 -0.50916667 -0.50916667 -0.50916667 -0.50083333 -0.50083333 -0.50083333 -0.245 -0.245 -0.15833333 -0.15833333 -0.15833333 0.22083333 0.22083333 0.22083333 0.22083333 0.22080475 -0.033333333 -0.033333333 -0.033333354 -0.56583333 -0.56583333 -0.56583333 -0.47583333 -0.47583333 -0.4975 -0.4975 -0.4975 -0.67959017 -0.68166667 -0.68166667 -0.68166667 -0.68166667 -0.72914323 -0.72916667 -0.72916667 -0.72916667 -0.72916667 -0.62666661 -0.62666667 -0.62666667 -0.62666667 -0.30666764 -0.43333333 -0.43333333 -0.43333333 -0.098333333 -0.098333333 -0.098333333 -0.02 -0.02 -0.02
-0.3025 -0.3025 -0.50916667 -0.50916667 -0.50916667 -0.50087713 -0.50083333 -0.245 -0.245 -0.245 -0.158344 -0.15833333 -0.16990927 0.22083324 0.22083333 0.22083333 0.22083333 -0.12166667 -0.12166667 -0.12166667 -0.445 -0.44500009 -0.56583274 -0.56583333 -0.56586932 -0.66916667 -0.66916667 -0.66916626 -0.49752774 -0.88412631 -0.88416559 -0.88413131 -0.68201276 -0.68184142 -0.72083877 -0.72916679 -0.73026419 -1.0566667 -1.0566667 -0.62666667 -0.62666667 -0.62666667 -0.62666667 -0.43333333 -0.43333333 -0.43333333 -0.43333333 -0.098333333 -0.098333333 -0.098333333 -0.02 -0.02 -0.02
-0.3025 -0.3025 -0.50916667 -0.50916667 -0.50916667 -0.50916667 -0.40508239 -0.245 -0.245 -0.245 -0.24495995 -0.1725 -0.1725 -0.1725 0.21851533 0.22083333 -0.11938433 -0.12166667 -0.12166667 -0.12166667 -0.445 -0.445 -0.445 -0.445 -0.66916667 -0.66916667 -0.66916667 -0.66916667 -0.66916667 -0.88416667 -0.88416667 -0.88416667 -0.88416667 -0.88416689 -0.98916667 -1.0566667 -1.0566667 -1.0566667 -1.0566667 -1.0566654 -0.71833333 -0.71833333 -0.71833333 -0.58816844 -0.31833333 -0.31833333 -0.31833333 -0.09833334 -0.098333547 -0.31833333 -0.31833333 -0.043327657 -0.043333333
-0.3025 -0.3025 -0.43457451 -0.50916667 -0.50916667 -0.50916666 -0.41802575 -0.24554625 -0.245 -0.245 -0.17250001 -0.1725 -0.1725 -0.1725 -0.1725 -0.14025217 -0.12166667 -0.12166667 -0.12166667 -0.12166667 -0.4449975 -0.445 -0.445 -0.445 -0.66916667 -0.66916667 -0.66916667 -0.66916667 -0.66916667 -0.92234608 -0.88416667 -0.88416667 -0.88416667 -0.98916667 -0.98916667 -0.98921908 -1.0566667 -1.0566667 -1.0191481 -0.99 -0.71833333 -0.71833333 -0.71833333 -0.58988033 -0.31833333 -0.31833333 -0.31833333 -0.5 -0.32059688 -0.31833333 -0.31833333 -0.043333333 -0.043333333
-0.28 -0.28 -0.28 -0.45170828 -0.5088703 -0.41833333 -0.41833333 -0.41833333 -0.41833333 -0.20083334 -0.20083333 -0.1725 -0.1725 -0.1725 -0.1725 -0.17249678 -0.12166667 -0.12166667 -0.12166667 -0.12166667 -0.30390782 -0.445 -0.445 -0.43662547 -0.14923113 -0.66916667 -0.66916667 -0.66916667 -0.93583333 -0.93583333 -0.93583333 -0.93583312 -0.98916667 -0.98916667 -0.98916667 -0.98916667 -0.99 -0.99 -0.99 -0.99 -0.60416667 -0.60416667 -0.60416667 -0.3341721 -0.33416667 -0.33416667 -0.33416666 -0.5 -0.5 -0.31855468 -0.31833333 -0.043334178 -0.043333333
-0.28 -0.28 -0.28 -0.28000139 -0.30583333 -0.32219268 -0.41833333 -0.41833333 -0.41833333 -0.20083333 -0.20083333 -0.20083333 -0.2275 -0.2275 -0.2275 -0.22749999 -0.121398 -0.12166667 -0.12166667 -0.12166667 -0.12655208 -0.12500088 -0.125 -0.125 -0.125 -0.12500002 -0.545 -0.545 -0.93583333 -0.93583333 -0.93583333 -0.93583333 -0.98916655 -0.98916667 -0.98916667 -0.98915363 -0.98999999 -0.99 -0.99 -0.98907145 -0.60416667 -0.60416667 -0.60416667 -0.33417919 -0.33416667 -0.33416667 -0.33416667 -0.5 -0.5 -0.49999996 -0.21083333 -0.21083333 -0.11
