interpolatedSpi/01-10|22_2.tif
NCOLS 53
NROWS 52
XLLCORNER -116.03883
YLLCORNER 28.596182
DX 0.49850594
DY 0.49788537
NODATA_VALUE -9999
[rows 0 to 37 of 52, columns 0 to 52 of 53]
0.013 0.013 -0.22077948 -0.408 0.123 0.061 -0.096 -0.097 -0.27474173 -0.289 -0.346 -0.132 -0.22297604 0.068 0.101 0.101 0.101 0.357 0.242 0.242 0.242 0.24199356 -0.42699999 0.236 0.236 0.236 0.023999355 0.024 0.024 -0.182 -0.182 -0.182 -0.182 -0.177 -0.177 -0.177 -0.177 -0.177 -0.177 -0.17699999 0.31074713 0.31578832 -0.516 -0.516 -0.516 -0.516 -0.5161568 -0.612 -0.612 -0.612 0.31199808 0.312 0.312
0.012970898 -0.642 -0.37000003 -0.31514895 -0.13103692 -0.022 -0.089 0.016733022 -0.22 -0.406 -0.277 -0.223 -0.223 0.17663654 0.068001608 0.101 0.357 0.357 0.24214994 0.242 0.242 0.242 0.22915718 0.236 0.236 0.236 0.215 0.215 -0.182 -0.182 -0.182 -0.182 -0.182 -0.177 -0.177 -0.177 -0.177 -0.177 -0.17699994 0.013112714 0.98592762 -0.33374447 -0.516 -0.516 -0.516 -0.516 -0.516 -0.612 -0.612 -0.612 -0.53538104 0.312 0.312
-0.17998704 -0.18 -0.392 0.049 -0.352 -0.44 -0.29 -0.226 -0.775 -0.213 -0.264 -0.464 -0.336 0.433 0.177 -0.287 0.357 0.357 0.357 0.28298808 0.283 0.283 0.106 0.236 0.236 0.236 0.215 0.215 0.215 -0.182 -0.182 -0.18199999 -0.067908184 -0.17521499 -0.16961886 0.60873337 0.616 0.616 0.66253625 0.986 0.986 0.98407932 -0.516 -0.516 -0.516 -0.516 -0.516 -0.612 -0.612 -0.612 -0.612 0.312 0.312
-0.479 -0.18000003 -0.35203876 0.49 -0.786 -0.261 -0.439 -0.695 -0.25 -0.06710698 -0.185 -0.209 -0.228 0.433 -0.426 -0.287 -0.63134512 -0.63330565 -0.789 0.283 0.283 -0.478 0.106 0.106 0.236 0.2359999 0.215 0.215 0.215 -0.396 -0.14854634 0.055 0.055 0.055000441 0.616 0.616 0.616 0.616 0.986 0.986 0.986 0.98599994 -0.516 -0.516 -0.516 -0.516 -0.516 -0.61199879 -0.612 -0.612 -0.612 0.31199383 0.312
-0.479 0.068999228 -0.352 -0.42746434 -0.786 -0.705 -0.36901023 0.011 -0.397 0.26699974 0.024309354 -0.090006159 -0.133 -0.426 -0.426 -0.33844718 -0.634 -0.634 -0.789 -0.789 0.28299846 -0.478 0.325 0.172 0.025 0.025106224 0.215 0.215 -0.396 -0.396 0.055 0.055 0.055 0.087057551 0.616 0.616 0.616 0.986 0.986 0.986 0.986 0.98598031 -0.51599998 -0.516 -0.516 -0.516 -0.516 -0.51685452 -0.612 -0.61196704 0.123 0.123 0.123
-1.864 -0.473 -0.258 -0.257 -0.81 -0.542 -0.485 -0.42149779 -0.192 -0.608 -0.77 -0.192 -0.19199996 -0.358 -0.358 -0.49295026 -0.493 -0.486 -0.486 -0.78899936 -0.683 -0.683 0.172 0.025 0.025 0.479 0.177 0.177 0.33293311 -0.396 0.055 0.055 0.225 0.22504765 0.68096739 0.855 0.855 0.94547216 0.986 0.986 0.78225443 0.782 0.78200205 -0.014020549 -0.0050564761 -0.0050001362 -0.0050000174 -0.0050001901 0.16644725 0.123 0.123 0.123 0.123
-1.1410062 -0.653 -0.50444799 -0.374 -0.419 -0.99 -0.52 -0.491 -0.445 -0.445 -0.77 -0.283 -0.7839999 -0.358 -0.28700021 -0.287 -0.493 -0.162 -0.059 -0.059 -0.63163213 -0.574 -0.574 0.358 0.479 0.479 0.177 0.177 0.3329697 0.33244208 0.62050198 0.225 0.225 0.681 0.681 0.93887457 0.855 0.855 1.0079947 0.78200031 0.782 0.782 0.782011 -0.0049962246 -0.005 -0.005 -0.005 -0.004999877 0.201 0.12301546 0.123 0.123 0.123
-1.141 -0.326 -0.156 -1.093 -0.78801749 -0.776 -0.809 -0.415 -0.662 -0.585 -0.585 -0.429 -0.784 -0.784 -0.29040988 -0.64310598 -0.678 -0.035 -0.62299942 -0.059 0.10124183 0.183 -0.633 0.216 0.21599623 -0.076 0.1 0.10000003 -0.18517785 -0.18699998 0.623 0.043159609 0.305 0.681 0.68798769 1.009 1.009 1.008 1.008 0.782 0.782 0.78200002 0.67496613 0.67199997 -0.005 -0.005 -0.005 0.20099216 0.201 0.201 0.123 0.123 0.123
-0.44600699 -0.326 -0.001 -0.27 -0.562 -0.7 -0.496 -0.16 -0.452 -0.29490479 -0.368 -0.499 -0.499 0.063 0.062993587 -0.90037848 -0.901 -0.901 -0.1247591 -0.58500004 -0.78 -0.77999999 0.453 -0.20502525 -0.04657411 -0.076 0.234 0.1 0.57721072 0.58 -0.03 1.113 0.69949848 0.42 0.926 0.907 1.256 0.446 1.3565793 0.78587902 1.651 1.133 0.67205308 0.672 0.66818948 -0.005 0.27899998 0.201 0.201 0.201 0.201 0.15549644 0.093
-1.117 -1.117 0.063 -0.168 -0.494 -0.47 -0.445 -0.6 -0.482 -0.25506595 -0.277 0.478 0.063 0.063 -0.619 -0.62286776 -0.901 -0.90090139 -0.473 -0.585 -0.585 -0.61012254 0.453 0.29000309 0.29 0.29 0.234 0.516 0.516 0.58 0.58 1.1114429 0.292 0.42 0.594 0.907 1.256 1.082 1.357 0.86215209 1.133 1.0834092 0.998 0.672 0.672 0.279 0.279 0.279 0.201 0.201 0.384 0.384 0.38399989
-1.117 -1.117 -0.442 -0.721 -0.768 -0.312 -0.675 -0.055347946 -0.057 -0.207 -0.486 -0.542 0.47664146 -0.619 -0.619 -0.61897716 -0.421 -0.4237292 -0.473 -0.44 -0.44 -0.58 -0.58 0.29 0.29 0.29 0.516 0.516 0.516 -0.111 -0.111 -0.11099934 0.389 0.389 0.275 -0.025 1.135 0.85100054 1.001 0.854 0.854 0.54500149 0.998 0.672 0.57899979 0.274 0.79277771 0.795 1.006 1.006 0.384 0.384 0.384
-1.117 -0.82558599 -0.56105925 -0.73699239 -0.076 -0.523 -0.675 -0.055 -0.056999983 -0.20533818 -0.54199956 -0.542 -0.364 -0.619 -0.619 -0.42100001 -0.421 -0.42100296 -0.473 -0.44 -0.46749315 -0.58 -0.58 0.28996513 0.29 0.19204157 -0.008 -0.008 -0.0079999343 -0.111 -0.111 -0.135 -0.135 0.38899969 0.275 0.50000004 1.0997217 0.851 0.851 0.85399999 0.545 0.545 0.54500032 0.579 0.579 0.274 0.795 0.795 1.006 1.006 0.384 0.384 0.384
-0.005 -0.048450589 -0.011026128 -0.016252005 -0.076002465 -0.52298945 -0.675 -0.062631841 -0.05686218 -0.0609169 -0.364 -0.364 -0.364 -0.364 -0.61896388 -0.421 -0.421 -0.4216714 -0.473 -0.43999356 -0.417 -0.417 -0.417 -0.417 0.27779042 -0.008 -0.008 -0.008 -0.008 -0.0080913365 -0.135 -0.135 -0.135 -0.135 0.5 0.5 0.5 0.83415057 0.8470119 0.32 0.32 0.5449879 0.42900513 0.57898555 0.579 0.274 0.795 0.795 1.006 1.006 0.38625655 0.384 0.79772715
-0.005 -0.011 -0.011 -0.011 -0.011 -0.011000213 -0.67461083 -0.38163932 -0.056494522 -0.36367307 -0.364 -0.364 -0.364 -0.364 -0.36399979 -0.421 -0.42100001 -0.42456685 -0.47299909 -0.417 -0.417 -0.417 -0.417 -0.417 -0.41124834 -0.087991993 -0.12099998 -0.121 -0.121 -0.121 -0.135 -0.135 -0.13500008 -0.199 -0.199 0.5 0.19862057 0.19 0.31999992 0.32 0.32 0.32 0.429 0.429 0.429 0.42792134 0.80184625 0.802 0.802 0.802 0.802 0.71699993 0.717
0.238 -0.011 -0.011 -0.011 -0.011 -0.011 -0.011000042 -0.44636382 -0.063039033 -0.063 -0.063 -0.063 -0.063 -0.063 -0.063000003 0.031011718 -0.41379987 -0.42812045 -0.41700702 -0.417 -0.417 -0.417 -0.417 -0.41699948 -0.151 -0.151 -0.15099996 -0.121 -0.121 -0.12119824 -0.22 -0.22 -0.199 -0.199 -0.199 0.12768642 0.19 0.19 0.19 0.32 0.32 0.32 0.429 0.429 0.429 0.429 0.80199999 0.802 0.802 0.802 0.802 0.717 0.717
0.238 0.14530013 -0.011 -0.011 -0.011 -0.011 -0.23995506 -0.24 -0.24 -0.063 -0.063 -0.063 -0.063 -0.063 -0.041821728 0.033 0.033 0.033 0.0296359 0.030999543 0.031 0.031 0.031 0.031 -0.151 -0.151 -0.151 -0.151 -0.121 -0.22 -0.22 -0.22 -0.199 -0.199 -0.199 0.161 0.1899616 0.19 0.19 0.31992042 0.16114036 -0.20941296 0.429 0.429 -0.053506347 -0.055 -0.055 0.80019826 -0.28917347 -0.2929999 -0.29299979 -0.024887756 0.71699849
0.238 -0.22229639 -0.12435431 -0.011 -0.011 -0.2398647 -0.24 -0.24 -0.24 -0.23872449 -0.063 -0.063 -0.063 -0.062999988 0.033 0.033 0.033 0.033 0.031001787 0.031 0.031 0.031 0.031 0.031 -0.151 -0.151 -0.151 -0.151 -0.15125098 -0.22 -0.22 -0.22 -0.262 -0.1989649 0.161 0.161 0.161 0.15836394 -0.1856102 -0.211 -0.211 -0.211 -0.282 -0.282 -0.055 -0.055 -0.055 -0.293 -0.293 -0.293 -0.293 -0.025 -0.025
-0.23460411 -0.235 -0.235 -0.235 -0.447 -0.24000534 -0.24 -0.24 -0.24 -0.24 -0.041650359 -0.062996325 -0.062999992 0.033 0.033 0.033 0.033 0.033 0.023626461 0.031 0.031 0.031 0.031 0.031 -0.25787187 -0.58499765 -0.585 -0.585 -0.585 -0.22 -0.262 -0.262 -0.262 -0.262 0.161 0.16099368 -0.079 -0.079 -0.20935178 -0.211 -0.211 -0.211 -0.282 -0.282 -0.090147416 -0.055 -0.055 -0.293 -0.293 -0.293 -0.29012634 -0.025 -0.025
-0.235 -0.235 -0.235 -0.33483396 -0.447 -0.447 -0.24 -0.24 -0.24 -0.24 0.219 0.219 0.219 0.033 0.033 0.033 0.033 0.033005123 -0.113 -0.113 0.030999942 0.031 0.023404113 -0.281 -0.28373678 -0.585 -0.585 -0.585 -0.585 -0.26203289 -0.262 -0.262 -0.262 -0.262 -0.078999156 -0.079 -0.079 -0.079 -0.079484553 -0.211 -0.211 -0.211 -0.282 -0.282 -0.282 -0.055 -0.055 -0.29299999 -0.293 -0.293 -0.025 -0.025 -0.025
-0.235 -0.235 -0.235 -0.447 -0.447 -0.447 -0.44699968 -0.24 -0.24 0.21852618 0.219 0.219 0.219 0.21888411 0.058092095 0.064 0.064 0.063999999 -0.113 -0.113 -0.113 -0.281 -0.281 -0.281 -0.28103698 -0.49478182 -0.585 -0.585 -0.585 -0.53942587 -0.59396735 -0.594 -0.594 -0.594 -0.22625423 -0.4319992 -0.432 -0.432 -0.432 -0.55395307 -0.554 -0.554 -0.282 -0.282 -0.32299983 -0.32299993 -0.139 -0.139 -0.205 -0.205 -0.205 -0.025 0.0259544
-0.2350006 -0.235 -0.23500001 -0.447 -0.447 -0.447 -0.447 -0.73799986 -0.2419912 0.21859014 0.219 0.219 0.219 0.21869585 0.064 0.064 0.064 0.063999949 -0.113 -0.113 -0.113 -0.281 -0.281 -0.281 -0.413 -0.413 -0.521 -0.521 -0.521 -0.52139824 -0.594 -0.594 -0.594 -0.594 -0.51304455 -0.432 -0.432 -0.432 -0.432 -0.554 -0.554 -0.554 -0.54673186 -0.323 -0.323 -0.323 -0.139 -0.139 -0.205 -0.205 -0.205 0.025999992 0.026
-0.429 -0.34417531 -0.578 -0.57796199 -0.447 -0.73631628 -0.738 -0.738 -0.62977955 -0.233 -0.233 -0.233 -0.233 0.11598864 0.116 0.06400004 0.064 0.05933631 -0.113 -0.113 -0.113 -0.454 -0.454 -0.454 -0.413 -0.413 -0.521 -0.521 -0.521 -0.52100023 -0.84099843 -0.84099931 -0.60020797 -0.5942648 -0.8566979 -0.857 -0.857 -0.857 -0.857 -0.554 -0.554 -0.554 -0.33571971 -0.323 -0.323 -0.32300001 -0.139 -0.139 -0.13900238 -0.205 -0.20499875 -0.177 0.026
-0.40000551 -0.40000003 -0.578 -0.578 -0.578 -0.738 -0.738 -0.738 -0.441 -0.441 -0.233 -0.233 -0.233 0.116 0.116 0.116 0.116 0.11597439 -0.113 -0.113 -0.11300001 -0.454 -0.454 -0.454 -0.413 -0.413 -0.521 -0.521 -0.521 -0.83739198 -0.841 -0.841 -0.841 -0.841 -0.8569921 -0.857 -0.857 -0.857 -0.857 -0.74599995 -0.746 -0.746 -0.746 -0.32300057 -0.397 -0.397 -0.397 -0.172 -0.172 -0.172 -0.177 -0.177 -0.177
-0.4 -0.4 -0.578 -0.578 -0.578 -0.73715901 -0.738 -0.441 -0.441 -0.441 -0.2330256 -0.233 -0.28447886 0.11599991 0.116 0.116 0.116 -0.199 -0.199 -0.199 -0.389 -0.38900005 -0.45399968 -0.454 -0.45414915 -0.725 -0.725 -0.72499951 -0.52103297 -0.9819719 -0.98199925 -0.98197538 -0.84124098 -0.84112168 -0.85424234 -0.85700013 -0.85813607 -1.196 -1.196 -0.746 -0.746 -0.746 -0.746 -0.397 -0.397 -0.397 -0.397 -0.172 -0.172 -0.172 -0.177 -0.177 -0.177
-0.4 -0.4 -0.578 -0.578 -0.578 -0.578 -0.62684158 -0.441 -0.441 -0.441 -0.4409199 -0.296 -0.296 -0.296 0.11357199 0.116 -0.19690092 -0.199 -0.199 -0.199 -0.389 -0.389 -0.389 -0.389 -0.725 -0.725 -0.725 -0.725 -0.725 -0.982 -0.982 -0.982 -0.982 -0.98200014 -1.047 -1.196 -1.196 -1.196 -1.196 -1.1959983 -0.733 -0.733 -0.733 -0.61975598 -0.385 -0.385 -0.385 -0.17200001 -0.17200023 -0.412 -0.412 0.024950858 0.025
-0.4 -0.4 -0.5137545 -0.578 -0.578 -0.578 -0.59672318 -0.44149163 -0.441 -0.441 -0.296 -0.296 -0.296 -0.296 -0.296 -0.26221526 -0.199 -0.199 -0.199 -0.199 -0.38899853 -0.389 -0.389 -0.389 -0.725 -0.725 -0.725 -0.725 -0.725 -1.0137751 -0.982 -0.982 -0.982 -1.047 -1.047 -1.0471157 -1.196 -1.196 -1.0643098 -0.96200002 -0.733 -0.733 -0.733 -0.62171336 -0.385 -0.385 -0.385 -0.635 -0.41477856 -0.412 -0.412 0.025 0.025
-0.526 -0.526 -0.526 -0.56496217 -0.577902 -0.597 -0.597 -0.597 -0.597 -0.317 -0.317 -0.296 -0.296 -0.296 -0.296 -0.29599385 -0.199 -0.199 -0.199 -0.199 -0.30609016 -0.389 -0.389 -0.38287612 -0.18038146 -0.725 -0.725 -0.725 -1.025 -1.025 -1.025 -1.0249998 -1.047 -1.047 -1.047 -1.047 -0.962 -0.962 -0.962 -0.962 -0.603 -0.603 -0.603 -0.53100145 -0.531 -0.531 -0.53099995 -0.635 -0.635 -0.41227171 -0.412 0.024999057 0.025
-0.526 -0.526 -0.526 -0.52599914 -0.51 -0.52265123 -0.597 -0.597 -0.597 -0.317 -0.317 -0.317 -0.341 -0.341 -0.341 -0.34099999 -0.19876553 -0.199 -0.199 -0.199 -0.2018683 -0.15500064 -0.155 -0.155 -0.155 -0.15500002 -0.51 -0.51 -1.025 -1.025 -1.025 -1.025 -1.0469998 -1.047 -1.047 -1.0469824 -0.96199999 -0.962 -0.962 -0.96109631 -0.603 -0.603 -0.603 -0.53100334 -0.531 -0.531 -0.531 -0.635 -0.635 -0.63499994 -0.162 -0.162 -0.095
-0.526 -0.526 -0.526 -0.51000004 -0.51 -0.51 -0.59699997 -0.597 -0.597 -0.317 -0.317 -0.317 -0.341 -0.341 -0.341 -0.32043692 -0.071 -0.071 -0.071000331 -0.19827702 -0.155 -0.155 -0.155 -0.155 -0.155 -0.15526716 -0.51 -0.51 -0.51 -1.025 -1.025 -1.0248867 -0.831 -0.831 -0.831 -0.555 -0.555 -0.756 -0.756 -0.756 -0.453 -0.60295295 -0.60299928 -0.506 -0.506 -0.50694747 -0.53100011 -0.635 -0.635 -0.162 -0.162 -0.162 -0.095
-0.526 -0.526 -0.526 -0.51 -0.51 -0.51 -0.51 -0.597 -0.597 -0.317 -0.317 -0.34004035 -0.341 -0.341 -0.341 -0.071 -0.071 -0.071 -0.071 -0.071 -0.155 -0.155 -0.155 -0.155 -0.155 -0.50999879 -0.51 -0.51 -0.51 -0.849 -0.849 -0.849 -0.831 -0.831 -0.831 -0.555 -0.555 -0.756 -0.756 -0.453 -0.453 -0.453 -0.506 -0.506 -0.506 -0.506 -0.46361198 0.01 0.01 0.01 -0.16199999 0.331 0.331
-0.526 -0.526 -0.52597772 -0.51 -0.51 -0.51 -0.51 -0.52428018 -0.525 -0.52464289 -0.317 -0.34099983 -0.341 -0.341 -0.34099907 -0.071 -0.071 -0.071 -0.071 -0.071 0.31490858 -0.155 -0.155 -0.155 -0.15497734 -0.50997384 -0.51 -0.51 -0.51 -0.849 -0.849 -0.849 -0.84899734 -0.831 -0.555 -0.555 -0.555 -0.5550083 -0.75597934 -0.453 -0.453 -0.453 -0.50599678 -0.506 -0.506 -0.506 0.0099992093 0.01 0.01 0.01 0.331 0.331 0.331
-0.52 -0.52000001 -0.51000877 -0.51 -0.51 -0.51 -0.52499681 -0.525 -0.525 -0.525 -0.339 -0.339 -0.339 -0.339 -0.072236924 -0.071 -0.071 -0.071 -0.071 0.33499976 0.335 0.335 -0.045000018 -0.045 -0.045 -0.045 -0.085135481 -0.51 -0.8419864 -0.842 -0.842 -0.842 -0.842 -0.59 -0.59 -0.59 -0.59 -0.59 -0.371 -0.371 -0.371 -0.371 -0.371 -0.064666284 -0.064 -0.064 -0.064 0.01 0.01 0.01 0.33094943 0.331 0.331
-0.52 -0.52 -0.5182334 -0.3090004 -0.30900004 -0.3092107 -0.525 -0.525 -0.525 -0.525 -0.339 -0.339 -0.339 -0.339 -0.339 -0.071 -0.071 -0.071 0.3349999 0.335 0.335 0.335 -0.044999999 -0.045 -0.045 -0.045 -0.045 -0.045099194 -0.84203437 -0.842 -0.842 -0.842 -0.84201381 -0.70338032 -0.5901174 -0.59 -0.59 -0.59 -0.371 -0.371 -0.371 -0.371 -0.371 -0.064 -0.064 -0.064 -0.064 -0.029396154 0.01 0.27797647 0.281 0.093 0.093
-0.52 -0.52 -0.30902673 -0.309 -0.309 -0.309 -0.36386309 -0.525 -0.525 -0.525 -0.339 -0.339 -0.339 -0.339 -0.339 -0.071200936 -0.071 0.33488096 0.335 0.335 0.335 0.335 0.095773462 -0.045 -0.045 -0.045 -0.045 -0.045627476 -0.931 -0.931 -0.931 -0.931 -0.931 -0.79 -0.79 -0.79 -0.79 -0.79 -0.614 -0.614 -0.614 -0.614 -0.614 -0.063540967 -0.063999904 -0.063999999 -0.063968132 -0.060115816 0.281 0.281 0.281 0.093001053 0.093
-0.51999966 -0.33958726 -0.309 -0.309 -0.309 -0.309 -0.309 -0.52490803 -0.525 -0.525 -0.339 -0.339 -0.339 -0.339 0.2290952 0.242 0.242 0.33499761 0.335 0.335 0.335 0.335 0.33499992 -0.045 -0.045 -0.045 -0.045 -0.89400001 -0.89400002 -0.9018745 -0.931 -0.931 -0.931 -0.79 -0.79 -0.79 -0.79 -0.78991331 -0.614 -0.614 -0.614 -0.614 -0.61398805 0.124 0.124 0.124 0.124 0.12401266 0.281 0.281 0.281 0.28099986 0.051618552
-0.336 -0.336 -0.32434346 -0.309 -0.309 -0.309 -0.309 -0.309 -0.52490638 0.10199999 0.102 0.102 0.10095342 0.24199916 0.242 0.242 0.242 0.242 0.33499743 0.31304949 0.121 0.121 0.121 0.075983731 -0.096543425 -0.37234252 -0.60517992 -0.894 -0.894 -0.894 -0.894 -0.894 -0.89270919 -0.66207857 -0.662 -0.662 -0.662 -0.662 -0.58469485 -0.45800028 -0.458 -0.458 -0.458 0.020000305 0.12399997 0.124 0.124 0.245 0.28099942 0.281 0.281 0.051 0.051
-0.336 -0.336 -0.291 -0.291 -0.291 -0.308994 -0.309 -0.309 0.102 0.102 0.102 0.102 0.102 0.24199999 0.242 0.242 0.242 0.242 0.121 0.121 0.121 0.121 0.121 -0.68899996 -0.689 -0.689 -0.689 -0.894 -0.894 -0.894 -0.894 -0.894 -0.669 -0.669 -0.662 -0.662 -0.662 -0.45103593 -0.451 -0.458 -0.458 -0.458 -0.45799995 0.02 0.02 0.02 0.245 0.245 0.245 0.266 0.266 0.051 0.051
-0.336 -0.336 -0.291 -0.291 -0.291 -0.291 -0.29099925 -0.154 0.10175897 0.102 0.102 0.102 0.102 0.24025363 0.242 0.242 0.242 0.242 0.121 0.121 0.121 0.121 0.121 -0.689 -0.689 -0.689 -0.689 -0.68900084 -0.894 -0.894 -0.894 -0.6690118 -0.669 -0.669 -0.669 -0.662 -0.451 -0.451 -0.451 -0.45118418 -0.16210403 -0.107 -0.107 0.02 0.02 0.02 0.245 0.245 0.245 0.266 0.266 0.266 0.055528582
