interpolatedSpi/01-11|22_2.tif
NCOLS 53
NROWS 52
XLLCORNER -116.03883
YLLCORNER 28.596182
DX 0.49850594
DY 0.49788537
NODATA_VALUE -9999
[rows 26 to 51 of 52, columns 0 to 52 of 53]
-0.44818182 -0.44818182 -0.44818182 -0.54899303 -0.58251856 -0.54727273 -0.54727273 -0.54727273 -0.54727273 -0.30363637 -0.30363636 -0.29727273 -0.29727273 -0.29727273 -0.29727273 -0.29726789 -0.22090909 -0.22090909 -0.22090909 -0.22090909 -0.35976763 -0.46727273 -0.46727273 -0.46056358 -0.23519757 -0.75636364 -0.75636364 -0.75636364 -1.0727273 -1.0727273 -1.0727273 -1.072727 -1.0663636 -1.0663636 -1.0663636 -1.0663636 -1.0090909 -1.0090909 -1.0090909 -1.0090909 -0.65636364 -0.65636364 -0.65636364 -0.46909467 -0.46909091 -0.46909091 -0.46909089 -0.58818182 -0.58818182 -0.40113727 -0.40090909 -0.058182547 -0.058181818
-0.44818182 -0.44818182 -0.44818182 -0.44818133 -0.43909091 -0.45482232 -0.54727273 -0.54727273 -0.54727273 -0.30363636 -0.30363636 -0.30363636 -0.31090909 -0.31090909 -0.31090909 -0.31090908 -0.22059269 -0.22090909 -0.22090909 -0.22090909 -0.22463084 -0.21090979 -0.21090909 -0.21090909 -0.21090909 -0.21090911 -0.60454546 -0.60454545 -1.0727273 -1.0727273 -1.0727273 -1.0727273 -1.0663635 -1.0663636 -1.0663636 -1.0663476 -1.0090909 -1.0090909 -1.0090909 -1.0081737 -0.65636364 -0.65636364 -0.65636364 -0.46909959 -0.46909091 -0.46909091 -0.46909091 -0.58818182 -0.58818182 -0.58818177 -0.20272727 -0.20272727 -0.12
-0.44818182 -0.44818182 -0.44818182 -0.43909093 -0.43909091 -0.43909091 -0.54727269 -0.54727273 -0.54727273 -0.30363636 -0.30363636 -0.30363636 -0.31090909 -0.31090909 -0.31090909 -0.2908999 -0.048181818 -0.048181818 -0.048182264 -0.21993348 -0.21090909 -0.21090909 -0.21090909 -0.21090909 -0.21090909 -0.21120532 -0.60454545 -0.60454545 -0.60454546 -1.0727273 -1.0727273 -1.0726249 -0.86909091 -0.86909091 -0.86909091 -0.61636364 -0.61636364 -0.8 -0.8 -0.8 -0.43363636 -0.65629377 -0.6563621 -0.45 -0.45 -0.45072352 -0.46909106 -0.58818182 -0.58818182 -0.20272727 -0.20272727 -0.20272727 -0.12
-0.44818182 -0.44818182 -0.44818182 -0.43909091 -0.43909091 -0.43909091 -0.43909091 -0.54727273 -0.54727273 -0.30363636 -0.30363636 -0.31061829 -0.31090909 -0.31090909 -0.31090909 -0.048181818 -0.048181818 -0.048181818 -0.048181818 -0.048181818 -0.21090909 -0.21090909 -0.21090909 -0.21090909 -0.21090909 -0.60454411 -0.60454545 -0.60454545 -0.60454545 -0.91363636 -0.91363636 -0.91363636 -0.86909091 -0.86909091 -0.86909091 -0.61636364 -0.61636364 -0.8 -0.8 -0.43363636 -0.43363636 -0.43363636 -0.45 -0.45 -0.45 -0.45 -0.41355646 -0.0063636364 -0.0063636364 -0.0063636364 -0.20272726 0.28181818 0.28181818
-0.44818182 -0.44818182 -0.44816916 -0.43909091 -0.43909091 -0.43909091 -0.43909091 -0.46332394 -0.46454545 -0.4642692 -0.30363636 -0.31090764 -0.31090909 -0.31090909 -0.31090818 -0.048181818 -0.048181818 -0.048181818 -0.048181818 -0.048181818 0.28603088 -0.21090909 -0.21090909 -0.21090909 -0.21089505 -0.60451947 -0.60454545 -0.60454545 -0.60454545 -0.91363636 -0.91363636 -0.91363636 -0.91362992 -0.86909091 -0.61636364 -0.61636364 -0.61636364 -0.61637118 -0.79997501 -0.43363636 -0.43363636 -0.43363636 -0.44999901 -0.45 -0.45 -0.45 -0.0063639427 -0.0063636364 -0.0063636364 -0.0063636364 0.28181818 0.28181818 0.28181818
-0.48363636 -0.4836363 -0.43909726 -0.43909091 -0.43909091 -0.43909091 -0.46454004 -0.46454545 -0.46454545 -0.46454545 -0.29363637 -0.29363636 -0.29363636 -0.29363636 -0.049314688 -0.048181818 -0.048181818 -0.048181818 -0.048181818 0.30727252 0.30727273 0.30727273 -0.14272728 -0.14272727 -0.14272727 -0.14272727 -0.18258812 -0.60454545 -0.9118056 -0.91181818 -0.91181818 -0.91181818 -0.91181818 -0.6 -0.6 -0.6 -0.6 -0.6 -0.32818182 -0.32818182 -0.32818182 -0.32818182 -0.32818182 -0.033356282 -0.032727273 -0.032727273 -0.032727273 -0.0063636364 -0.0063636364 -0.0063636364 0.28177278 0.28181818 0.28181818
-0.48363636 -0.48363636 -0.48180202 -0.26454581 -0.26454549 -0.26474054 -0.46454545 -0.46454545 -0.46454545 -0.46454545 -0.29363636 -0.29363636 -0.29363636 -0.29363636 -0.29363636 -0.048181818 -0.048181818 -0.048181818 0.30727264 0.30727273 0.30727273 0.30727273 -0.14272727 -0.14272727 -0.14272727 -0.14272727 -0.14272727 -0.14282576 -0.9118417 -0.91181818 -0.91181818 -0.91181818 -0.91182763 -0.69688864 -0.60010032 -0.6 -0.6 -0.6 -0.32818182 -0.32818182 -0.32818182 -0.32818182 -0.32818182 -0.032727273 -0.032727273 -0.032727273 -0.032727273 -0.020399121 -0.0063636363 0.21837342 0.22090909 -0.012727273 -0.012727273
-0.48363636 -0.48363636 -0.26457321 -0.26454545 -0.26454545 -0.26454545 -0.31534461 -0.46454545 -0.46454545 -0.46454545 -0.29363636 -0.29363636 -0.29363636 -0.29363636 -0.29363636 -0.048365861 -0.048181818 0.30716851 0.30727273 0.30727273 0.30727273 0.30727273 0.023978143 -0.14272727 -0.14272727 -0.14272727 -0.14272727 -0.14331507 -0.97272727 -0.97272727 -0.97272727 -0.97272727 -0.97272727 -0.77090909 -0.77090909 -0.77090909 -0.77090909 -0.77090909 -0.58 -0.58 -0.58 -0.58 -0.58 -0.032327727 -0.032727189 -0.032727272 -0.032699535 -0.029353173 0.22090909 0.22090909 0.22090909 -0.012725964 -0.012727273
-0.48363607 -0.32675572 -0.26454546 -0.26454545 -0.26454545 -0.26454545 -0.26454545 -0.4644603 -0.46454545 -0.46454545 -0.29363636 -0.29363636 -0.29363636 -0.29363636 0.22548052 0.23727273 0.23727273 0.30727093 0.30727273 0.30727273 0.30727273 0.30727273 0.30727266 -0.14272727 -0.14272727 -0.14272727 -0.14272727 -0.89545459 -0.89545458 -0.91190006 -0.97272727 -0.97272727 -0.97272727 -0.77090909 -0.77090909 -0.77090909 -0.77090909 -0.77081673 -0.58 -0.58 -0.58 -0.58 -0.57998983 0.13090909 0.13090909 0.13090909 0.13090909 0.13091635 0.22090909 0.22090909 0.22090909 0.22090893 -0.043181152
-0.32363636 -0.32363636 -0.30490455 -0.26454545 -0.26454545 -0.26454545 -0.26454545 -0.26454545 -0.46445876 0.1190909 0.11909091 0.11909091 0.11811142 0.23727196 0.23727273 0.23727273 0.23727273 0.23727273 0.30727091 0.29170036 0.15545455 0.15545455 0.15545455 0.077683559 -0.1780888 -0.36730162 -0.52713771 -0.89545455 -0.89545455 -0.89545455 -0.89545455 -0.89545455 -0.8945393 -0.63391287 -0.63454545 -0.63454545 -0.63454545 -0.63454545 -0.55506671 -0.44727297 -0.44727273 -0.44727273 -0.44727273 0.040909355 0.13090907 0.13090909 0.13090909 0.22181818 0.22090911 0.22090909 0.22090909 -0.043636364 -0.043636364
-0.32363636 -0.32363636 -0.27090909 -0.27090909 -0.27090909 -0.26454757 -0.26454545 -0.26454545 0.11909091 0.11909091 0.11909091 0.11909091 0.11909091 0.23727272 0.23727273 0.23727273 0.23727273 0.23727273 0.15545455 0.15545455 0.15545455 0.15545455 0.15545455 -0.58454542 -0.58454545 -0.58454545 -0.58454545 -0.89545454 -0.89545455 -0.89545455 -0.89545455 -0.89545455 -0.57818182 -0.57818182 -0.63454545 -0.63454545 -0.63454545 -0.41367398 -0.41363636 -0.44727273 -0.44727273 -0.44727273 -0.44727267 0.040909091 0.040909091 0.040909091 0.22181818 0.22181818 0.22181818 0.20363636 0.20363636 -0.043636364 -0.043636364
-0.32363636 -0.32363636 -0.27090909 -0.27090909 -0.27090909 -0.27090909 -0.27090824 -0.11545455 0.11887008 0.11909091 0.11909091 0.11909091 0.11909091 0.23579852 0.23727273 0.23727273 0.23727273 0.23727273 0.15545455 0.15545455 0.15545455 0.15545455 0.15545455 -0.58454545 -0.58454545 -0.58454545 -0.58454545 -0.58454673 -0.89545455 -0.89545455 -0.89545455 -0.57819845 -0.57818182 -0.57818182 -0.57818182 -0.63454545 -0.41363637 -0.41363636 -0.41363636 -0.4145214 -0.13382685 -0.075454545 -0.075454545 0.040909091 0.040909091 0.040909091 0.22181818 0.22181818 0.22181818 0.20363636 0.20363636 0.20363636 -0.027168794
-0.30363636 -0.30363652 -0.27090909 -0.27090909 -0.27090909 -0.27090909 -0.11545455 -0.11545455 -0.11545455 0.11909091 0.11909091 0.11909091 0.11909091 0.11912765 0.23727273 0.23727273 0.23727273 0.23727273 0.15545597 0.15545455 0.15545455 0.15545454 -0.45418122 -0.58454545 -0.58454545 -0.58454545 -0.58454545 -0.77272712 -0.77272727 -0.77272727 -0.8941255 -0.57818182 -0.57818182 -0.57818182 -0.57818159 -0.33727273 -0.41363636 -0.41363636 -0.41363636 -0.41363636 -0.075454545 -0.075454545 -0.075454545 0.092727273 0.092727273 0.092727273 -0.098150654 0.22181818 0.22181818 0.20363636 0.20363636 0.20363636 -0.025454538
-0.30363636 -0.30363636 -0.27090909 -0.27090909 -0.27090909 -0.11545455 -0.11545455 -0.11545455 -0.11545455 0.093373274 0.11909091 0.11909091 0.11909091 0.11909167 0.34635108 0.34636364 0.34636364 0.34636364 0.05978471 0.1 0.1 0.1 0.1 -0.58454545 -0.58454545 -0.58454545 -0.58455787 -0.77272727 -0.77272727 -0.77272727 -0.77272727 -0.57818742 -0.44267742 -0.33727273 -0.33727273 -0.33727273 -0.41364968 -0.41727265 -0.41727273 -0.41727273 -0.075540707 -0.18545454 -0.18545455 0.092727273 0.092727273 0.092726465 -0.098181818 -0.098181818 -0.098181818 -0.098181818 -0.098181818 -0.14454545 -0.022727273
-0.30363636 -0.30363636 -0.16909091 -0.16909091 -0.16909091 -0.11545455 -0.11545455 -0.11545455 -0.11545455 -0.13272727 -0.13272727 -0.13272727 -0.13272727 -0.098964614 0.34636364 0.34636364 0.34636364 0.34636364 0.058181818 0.1 0.1 0.1 0.1 -0.47727273 -0.47727277 -0.5845453 -0.77272727 -0.77272727 -0.77272727 -0.77272727 -0.726242 -0.68090909 -0.37816074 -0.33727273 -0.33727273 -0.33727273 -0.41727273 -0.41727273 -0.41727273 -0.41727273 -0.18545455 -0.18545455 -0.18545455 -0.11638542 -0.11636364 -0.098263544 -0.098181818 -0.098181818 -0.09818165 -0.098181818 -0.14454545 -0.14454545 -0.022727273
-0.30363636 -0.16909091 -0.16909091 -0.16909091 -0.16909091 -0.16909091 -0.11468531 -0.016363636 -0.016363636 -0.13272727 -0.13272727 -0.13272727 -0.13272727 -0.13261381 0.34636364 0.34636364 0.34636364 0.33334267 0.058181818 0.058181818 0.1 0.1 -0.47727273 -0.47727273 -0.47727273 -0.47727273 -0.77272727 -0.77272727 -0.77272727 -0.77272727 -0.68090909 -0.68090909 -0.68090909 -0.33762046 -0.33727273 -0.33727273 -0.41727273 -0.41727273 -0.41727273 -0.41727273 -0.18545455 -0.18545455 -0.18545455 -0.11636364 -0.11636364 -0.11635725 -0.0036363636 -0.0036363636 -0.061818182 -0.061818182 -0.14454545 -0.14454545 -0.022727273
-0.17035446 -0.16909091 -0.16909091 -0.16909091 -0.16909091 -0.16909091 -0.016363636 -0.016363636 -0.016363636 -0.078646318 -0.13272727 -0.13272727 -0.13272727 -0.13272017 0.34636364 0.34636364 0.34636364 0.058181818 0.058181818 0.058181818 0.099997911 0.099996474 -0.47727273 -0.47727273 -0.47727273 -0.47727273 -0.77270627 -0.77272727 -0.77272727 -0.68093021 -0.68090909 -0.68090909 -0.68090909 -0.68090909 -0.33853889 -0.64090909 -0.64090909 -0.63703867 -0.41727273 -0.41727273 -0.18545475 -0.18545455 -0.11837247 -0.11636364 -0.11636364 -0.0036364042 -0.0036363636 -0.0036363636 -0.061818182 -0.061818182 0.19636364 0.19636364 0.21090909
-0.16909091 -0.16909091 -0.16909091 -0.16909091 -0.16909091 -0.16909091 -0.016363636 -0.016363636 -0.016363636 -0.016363637 0.12271991 0.12272727 0.12272727 0.12272727 0.34636288 0.22573723 0.15818182 0.15818182 0.058366168 0.058181818 0.058181826 -0.47727189 -0.47727273 -0.47727273 -0.47727273 -0.47727273 -0.47748754 -0.77272727 -0.77272413 -0.68090909 -0.68090909 -0.68090909 -0.68090909 -0.68090909 -0.64090909 -0.64090909 -0.64090909 -0.64090909 -0.64090909 -0.64090777 -0.41727273 -0.41727273 -0.41727265 -0.18818182 -0.18818182 -0.18818182 0.020909091 0.020909091 0.05 0.05 0.19636364 0.19636367 0.21090909
-0.16909091 -0.16909091 -0.16909091 -0.16909091 -0.16909091 -0.16909091 -0.016363636 -0.016363636 -0.016363636 0.12272727 0.12272727 0.12272727 0.12272727 0.12272727 0.13207301 0.15818182 0.15818182 0.15818182 0.15818182 0.15818182 0.15340715 -0.47727272 -0.47727273 -0.47727273 -0.47727273 -0.47978481 -0.55714737 -0.74338904 -0.68136189 -0.68090909 -0.68090909 -0.68090909 -0.68090909 -0.680909 -0.64090909 -0.64090909 -0.64090909 -0.64090909 -0.64090909 -0.53687397 -0.41727273 -0.41727273 -0.41727273 -0.18818182 -0.18818182 -0.18818182 0.020909091 0.020909091 0.05 0.05 0.09090909 0.20428938 0.21090909
-0.16909091 -0.16909091 -0.16909091 -0.16909091 -0.16909091 -0.16909086 -0.016363672 -0.016363636 -0.010590588 0.12272727 0.12272727 0.12272727 0.12272727 0.12272727 0.12442789 0.15818182 0.15818182 0.15818182 0.15818182 0.15818182 0.15818182 -0.54279433 -0.55727262 -0.55727273 -0.55727273 -0.55727273 -0.55727273 -0.55727273 -0.87895879 -0.88363396 -0.88363636 -0.88363636 -0.88363636 -0.88363619 -0.64090909 -0.64090909 -0.64090909 -0.64090909 -0.64090909 -0.41727275 -0.41727273 -0.41727273 -0.41727273 -0.41727263 -0.18829987 -0.26181818 0.020909062 -0.10416183 0.049862994 0.090909091 0.090909091 0.090228801 0.058181818
-0.16909091 -0.16909091 -0.16909091 -0.16909091 -0.16909091 -0.16908115 -0.016371874 -0.016355221 0.1227271 0.12272727 0.12272727 0.12272727 0.12272727 0.12272727 0.1234019 0.15818182 0.15818182 0.15818182 0.15818182 0.15818182 0.15818182 -0.55727273 -0.55727273 -0.55727273 -0.55727273 -0.55727273 -0.55727273 -0.55727273 -0.88354627 -0.88363636 -0.88363636 -0.88363636 -0.88363636 -0.88363636 -0.81712911 -0.64090909 -0.64090909 -0.64090909 -0.64090909 -0.41727273 -0.41727273 -0.41727273 -0.41727273 -0.4172329 -0.26181818 -0.26181818 -0.26084387 -0.10636364 -0.10636364 0.090909091 0.090909091 0.058181818 0.058181818
-0.16909091 -0.16909091 -0.16909091 -0.16909091 -0.16909091 -0.16888723 -0.016541017 0.10703177 0.12272727 0.12272727 0.12272727 0.12272727 0.12272727 0.12272727 0.12334797 0.15818182 0.15818182 0.15818182 0.15818182 0.15818182 0.056314092 -0.55727273 -0.55727273 -0.55727273 -0.55727273 -0.55727273 -0.55727273 -0.55727273 -0.88363505 -0.88363636 -0.88363636 -0.88363636 -0.88363636 -0.88363636 -0.88363636 -0.69543317 -0.7801752 -0.82651431 -0.83355977 -0.42837541 -0.41727273 -0.41727273 -0.41727273 -0.2618306 -0.26181818 -0.26471595 -0.74726966 -0.10636364 -0.10636364 -0.19737126 -0.19727273 -0.19727273 0.058181705
-0.16909091 -0.16909091 -0.16909091 -0.16909091 -0.16909075 -0.16781716 -0.0054082418 0.12268903 0.12272727 0.12272727 0.12272727 0.12272727 0.12272727 0.12272727 0.12355519 0.15818182 0.15818182 0.15818182 0.15818182 0.15818181 -0.55726964 -0.55727273 -0.55727273 -0.55727273 -0.55727273 -0.55727273 -0.55727273 -0.55727273 -0.88363627 -0.88363636 -0.88363636 -0.88363636 -0.88363636 -0.88363636 -0.88363635 -0.83727273 -0.83727273 -0.83727273 -0.83727273 -0.59 -0.59 -0.59 -0.59 -0.74727132 -0.74727273 -0.74727273 -0.74727273 -0.74727148 -0.64909091 -0.64909091 -0.19727273 -0.19727273 -0.31524641
-0.16909091 -0.16909091 -0.16909091 -0.1690909 -0.16908664 -0.16488143 0.11292213 0.12272546 0.12272727 0.12272727 0.12272727 0.12272727 0.12272727 0.12272727 0.12393082 0.1581818 0.15818182 0.15818182 0.15818182 0.15387581 -0.55727273 -0.55727273 -0.55727273 -0.55727273 -0.55727273 -0.55727273 -0.55727273 -0.55727273 -0.88363629 -0.88363636 -0.88363636 -0.88363636 -0.88363636 -0.88363636 -0.83727277 -0.83727273 -0.83727273 -0.83727273 -0.83727273 -0.59 -0.59 -0.59 -0.59 -0.63244723 -0.74727273 -0.74727273 -0.74727273 -0.64909201 -0.64909091 -0.64909091 -0.36909091 -0.36909091 -0.36909091
-0.16909091 -0.16909091 -0.1690909 -0.16909056 -0.16904876 -0.14703453 0.12217862 0.12272682 0.12272727 0.12272727 0.12272727 0.12272727 0.12272727 0.12272727 0.12443965 0.15818098 0.15818182 0.15818182 0.158181 -0.54277648 -0.55727273 -0.55727273 -0.55727273 -0.55727273 -0.55727273 -0.55727273 -0.55727273 -0.55727273 -0.88363606 -0.88363636 -0.88363636 -0.88363636 -0.88363636 -0.59614371 -0.83727262 -0.83727273 -0.83727273 -0.83727273 -0.83727273 -0.59 -0.59 -0.59 -0.59 -0.59 -0.74727273 -0.74727273 -0.74727273 -0.64909091 -0.64909091 -0.64909091 -0.36909091 -0.36909091 -0.36909091
-0.16909091 -0.1690909 -0.16909076 -0.16908679 -0.16880242 -0.0055241837 0.12262753 0.12272699 0.12272727 0.12272727 0.12272727 0.12272727 0.12272727 0.12272734 0.12504461 0.15816887 0.15818182 0.15818179 0.15447756 -0.55721189 -0.55727273 -0.55727273 -0.55727273 -0.55727273 -0.55727273 -0.55727273 -0.55727273 -0.55727292 -0.88363432 -0.88363636 -0.88363609 -0.5254346 -0.49090909 -0.49090909 -0.49090909 -0.83727273 -0.83727273 -0.83727273 -0.83727273 -0.59 -0.59 -0.59 -0.59 -0.59 -0.74726994 -0.74727273 -0.74727268 -0.64909092 -0.64909091 -0.64909076 -0.36909091 -0.36909091 -0.36909091
