interpolatedSpi/01-11|23_2.tif
NCOLS 53
NROWS 52
XLLCORNER -116.03883
YLLCORNER 28.596182
DX 0.49850594
DY 0.49788537
NODATA_VALUE -9999
[rows 0 to 26 of 52, columns 0 to 52 of 53]
-0.38181818 -0.38181818 -0.65285004 -0.66545455 -0.31 -0.45 -0.48363636 -0.32363636 -0.87140532 -0.76818182 -0.43545455 -0.58090909 -0.87542378 -0.50181818 -0.29909091 -0.29909091 -0.29909091 -0.69454545 -0.57090909 -0.57090909 -0.57090909 -0.57090702 -0.35545455 -0.82727273 -0.82727273 -0.82727273 -0.89909184 -0.89909091 -0.89909091 -1.3790909 -1.3790909 -1.3790909 -1.3790909 -1.6327272 -1.6327273 -1.6327273 -1.6327273 -1.6327273 -1.6327273 -1.6327272 -0.013801085 0.0033628268 -1.07 -1.07 -1.07 -1.07 -1.0692605 -0.61727273 -0.61727273 -0.61727273 -0.15636459 -0.15636364 -0.15636364
-0.38184003 -0.87363636 -0.56545461 -0.56078885 -0.59635562 -0.70090909 -0.81818182 -0.77624968 -0.94363636 -0.71090909 -0.76 -0.87545455 -0.87545455 -0.85789959 -0.50182071 -0.29909091 -0.69454545 -0.69454545 -0.5710703 -0.57090909 -0.57090909 -0.57090909 -0.83808726 -0.82727273 -0.82727273 -0.82727273 -0.85818182 -0.85818182 -1.3790909 -1.3790909 -1.3790909 -1.3790909 -1.3790909 -1.6327272 -1.6327273 -1.6327273 -1.6327273 -1.6327273 -1.6327272 -1.4168719 -0.30554141 -0.97722886 -1.07 -1.07 -1.07 -1.07 -1.07 -0.61727273 -0.61727273 -0.61727273 -0.5790537 -0.15636364 -0.15636364
0.1590624 0.15909091 -0.62545455 -0.47 -0.77 -0.32363636 -0.68090909 -0.33909091 -0.95363636 -1.0154545 -0.94636364 -0.92636364 -1.1718182 -0.97272727 -0.85909091 -1.4954545 -0.69454545 -0.69454545 -0.69454545 -0.51637949 -0.51636364 -0.51636364 -1.0327273 -0.82727273 -0.82727273 -0.82727273 -0.85818182 -0.85818182 -0.85818182 -1.3790909 -1.3790909 -1.3790909 -1.3099444 -1.6307144 -1.6249425 -0.80402763 -0.79636364 -0.79636364 -0.73462021 -0.30545455 -0.30545455 -0.30643221 -1.07 -1.07 -1.07 -1.07 -1.07 -0.61727273 -0.61727273 -0.61727273 -0.61727273 -0.15636364 -0.15636364
0.32727273 0.1590908 -0.39104543 -0.29545455 -1.0090909 -0.82090909 -0.80363636 -1.1554545 -0.73181818 -0.89347479 -1.1554545 -1.1627273 -1.2018182 -0.97272727 -1.28 -1.4954545 -0.97402023 -0.969807 -0.83727273 -0.51636364 -0.51636364 -1.0081818 -1.0327273 -1.0327273 -0.82727273 -0.82727288 -0.85818182 -0.85818182 -0.85818182 -0.97636364 -1.118521 -1.2354545 -1.2354545 -1.2354542 -0.79636364 -0.79636364 -0.79636364 -0.79636364 -0.30545455 -0.30545455 -0.30545455 -0.30545457 -1.07 -1.07 -1.07 -1.07 -1.07 -0.61727844 -0.61727273 -0.61727273 -0.61727273 -0.15639963 -0.15636364
0.32727273 -0.10727325 -0.39090909 -0.8606286 -1.0090909 -1.1472727 -1.1736458 -1.5427273 -1.5681818 -1.1300002 -1.2216269 -1.2608194 -0.63454545 -1.28 -1.28 -1.4159047 -0.97 -0.97 -0.83727273 -0.83727273 -0.51636462 -1.0081818 -0.81181818 -0.32909091 -0.68 -0.67995667 -0.85818182 -0.85818182 -0.97636364 -0.97636364 -1.2354545 -1.2354545 -1.2354545 -1.1687681 -0.79636364 -0.79636364 -0.79636364 -0.30545455 -0.30545455 -0.30545455 -0.30545455 -0.30549395 -1.07 -1.07 -1.07 -1.07 -1.07 -1.0659702 -0.61727273 -0.61730147 -1.2581818 -1.2581818 -1.2581818
-1.3427273 -0.57818182 -0.45090907 -0.50272727 -0.65272727 -0.95181818 -1.3963636 -1.4151024 -1.3027273 -1.5190909 -1.4390909 -1.1681818 -1.1681815 -1.07 -1.07 -0.64450134 -0.64454545 -0.85363636 -0.85363636 -0.83727237 -1.0072727 -1.0072727 -0.32909091 -0.68 -0.68 -0.49454545 -1.0645455 -1.0645455 -0.64548524 -0.97636364 -1.2354545 -1.2354545 -0.88181818 -0.88179405 -0.65092562 -0.59181818 -0.59181818 -0.39404767 -0.30545455 -0.30545455 -0.71312727 -0.71363636 -0.71363524 -0.65920024 -0.6518644 -0.65181829 -0.6518182 -0.65181834 -1.131554 -1.2581818 -1.2581818 -1.2581818 -1.2581818
-0.35454923 -0.44090909 -0.37328639 -0.45818182 -0.45363636 -1.1236364 -0.86545455 -1.2481818 -1.6554545 -1.6554545 -1.4390909 -1.4181818 -1.2663636 -1.07 -0.46182 -0.46181818 -0.64454545 -0.40818182 -0.42909091 -0.42909091 -0.83718894 -0.64636364 -0.64636364 -0.55545455 -0.49454545 -0.49454545 -1.0645455 -1.0645455 -0.64548252 -0.64596955 -0.52277305 -0.88181818 -0.88181818 -0.65090909 -0.65090909 -0.7027267 -0.59181818 -0.59181818 -0.88180813 -0.7136366 -0.71363636 -0.71363636 -0.71363065 -0.65181943 -0.65181818 -0.65181818 -0.65181818 -0.65181847 -1.1281818 -1.2581561 -1.2581818 -1.2581818 -1.2581818
-0.35454545 -0.86272727 -0.32363636 -0.91818182 -0.61638094 -0.89636364 -1.2381818 -1.3872727 -1.16 -1.4572727 -1.4572727 -0.96272727 -1.2663636 -1.2663636 -0.46733811 -0.67874393 -0.7 -0.33909091 -0.40000003 -0.42909091 -0.23394795 -0.15545455 -0.94090909 -0.11636364 -0.11637426 -0.94 -0.54818182 -0.548182 -1.1237726 -1.1254545 -0.52090909 -0.72968848 -0.67 -0.65090909 -0.65285372 -0.79545455 -0.79545455 -0.88181818 -0.88181818 -0.71363636 -0.71363636 -0.71363635 -0.87369476 -0.87636362 -0.65181818 -0.65181818 -0.65181818 -1.1281637 -1.1281818 -1.1281818 -1.2581818 -1.2581818 -1.2581818
-0.900932 -0.86272727 -0.26363636 -0.93545455 -0.64636364 -1.2027273 -0.72727273 -0.46363636 -1.0809091 -0.46325741 -0.45727273 -1.0690909 -1.0690909 -0.51636364 -0.5163631 -0.70906557 -0.70909091 -0.70909091 -0.34838878 -1.1027273 -1.08 -1.08 -1.1809091 -1.0354891 -0.8569992 -0.94 -0.66636364 -0.54818182 -0.60602554 -0.60636364 -0.74636364 -0.83363636 -0.71367495 -0.98909091 -0.71909091 -0.83636364 -0.80363636 -0.64272727 -0.50460926 -0.71156274 -0.24909091 -0.46909091 -0.8763139 -0.87636364 -0.87509977 -0.65181818 -1.2545454 -1.1281818 -1.1281818 -1.1281818 -1.1281818 -1.1669518 -0.21090909
-1.1145455 -1.1145455 -0.26363636 -0.45 -1.0054545 -0.70090909 -0.55909091 -0.91727273 -0.52363636 -0.30640158 -0.81636364 -0.10272727 -0.51636364 -0.51636364 -0.45909091 -0.46251977 -0.70909091 -0.70899551 -0.27090909 -1.1027273 -1.1027273 -1.0997992 -1.1809091 -0.89273273 -0.89272727 -0.89272727 -0.66636364 -0.39727273 -0.39727273 -0.60636364 -0.60636364 -0.83318462 -0.59545455 -0.98909091 -0.79545455 -0.83636364 -0.80363636 -1.0172727 -0.50454545 -0.27559 -0.4690909 -0.50649274 -0.57090909 -0.87636364 -0.87636364 -1.2545455 -1.2545455 -1.2545455 -1.1281818 -1.1281818 -0.52545455 -0.52545455 -0.52545443
-1.1145455 -1.1145455 -0.95727273 -1.1063636 -0.91636364 -0.41363636 -1.0945455 -0.35812064 -0.53454545 -0.44090909 -0.16818182 -0.042727273 -0.10264801 -0.45909091 -0.45909091 -0.45909122 -0.46181818 -0.45179838 -0.27090909 -0.33272727 -0.33272727 -0.37363636 -0.37363636 -0.89272727 -0.89272727 -0.89272727 -0.39727273 -0.39727273 -0.39727273 -0.63090909 -0.63090909 -0.63090903 -0.70545455 -0.70545455 -1.2672727 -1.0372727 -0.46 -0.69364046 -0.61363636 -0.27181818 -0.27181818 -0.70272684 -0.57090909 -0.87636364 -0.27000031 -0.53 -0.44803394 -0.44454546 -0.54181818 -0.54181818 -0.52545455 -0.52545455 -0.52545455
-1.1145455 -1.0466723 -1.0208951 -1.1118072 -0.45272727 -0.74181818 -1.0945455 -0.35727273 -0.53454397 -0.44194647 -0.042727791 -0.042727273 0.062727273 -0.45909091 -0.45909091 -0.46181818 -0.46181818 -0.46180732 -0.27090909 -0.33272727 -0.34076099 -0.37363636 -0.37363636 -0.89270586 -0.89272727 -0.69997808 -0.30636364 -0.30636364 -0.30636365 -0.63090909 -0.63090909 -0.24545455 -0.24545455 -0.70545609 -1.2672727 -0.55636393 -0.57472597 -0.69363636 -0.69363636 -0.2718182 -0.70272727 -0.70272727 -0.70272412 -0.27 -0.27 -0.53 -0.44454545 -0.44454545 -0.54181818 -0.54181818 -0.52545455 -0.52545455 -0.52545455
-0.54272727 -0.54790128 -0.5109311 -0.51525372 -0.45272888 -0.74181136 -1.0945454 -0.36634813 -0.52232955 -0.53210036 0.062727273 0.062727273 0.062727273 0.062727273 -0.45901699 -0.46181818 -0.46181818 -0.45935324 -0.27090909 -0.33258197 0.16818182 0.16818182 0.16818182 0.16818182 -0.87428808 -0.30636364 -0.30636364 -0.30636364 -0.30636364 -0.30641139 -0.24545455 -0.24545455 -0.24545455 -0.24545455 -0.55636364 -0.55636364 -0.55636364 -0.68757962 -0.69181335 -0.45090909 -0.45090909 -0.70271373 -0.39545025 -0.27001208 -0.27 -0.53 -0.44454545 -0.44454545 -0.54181818 -0.54181818 -0.52551391 -0.52545455 -0.86900126
-0.54272727 -0.51090909 -0.51090909 -0.51090909 -0.51090909 -0.51090919 -1.0936425 -0.74571842 -0.48973865 0.062086442 0.062727273 0.062727273 0.062727273 0.062727273 0.062727507 -0.46181818 -0.46181815 -0.44872312 -0.27091033 0.16818182 0.16818182 0.16818182 0.16818182 0.16818182 0.17529387 0.070834871 0.20545444 0.20545455 0.20545455 0.20545455 -0.24545453 -0.24545455 -0.24545392 0.27090909 0.27090909 -0.55636364 0.021648534 0.038181818 -0.45090881 -0.45090909 -0.45090909 -0.45090909 -0.39545455 -0.39545455 -0.39545455 -0.39639086 0.086504311 0.09 0.09 0.09 0.089999989 -0.3045455 -0.30454545
-0.68454545 -0.51090909 -0.51090909 -0.51090909 -0.51090909 -0.51090909 -0.51090913 -0.55301065 0.39264156 0.39727273 0.39727273 0.39727273 0.39727273 0.39727273 0.39727272 0.60558633 -0.44479197 -0.43567609 0.16812655 0.16818182 0.16818182 0.16818182 0.16818182 0.16818221 0.49727273 0.49727273 0.49727232 0.20545455 0.20545455 0.20629557 0.62545455 0.62545455 0.27090909 0.27090909 0.27090909 0.075462387 0.038181818 0.038181818 0.038181818 -0.45090909 -0.45090909 -0.45090909 -0.39545455 -0.39545455 -0.39545455 -0.39545455 0.089999999 0.09 0.09 0.09 0.09 -0.30454545 -0.30454545
-0.68454545 -0.61990261 -0.51090909 -0.51090909 -0.51090909 -0.51090909 0.36710037 0.36727273 0.36727273 0.39727273 0.39727273 0.39727273 0.39727273 0.39727273 0.44420185 0.61 0.61 0.61 0.50170879 0.50272693 0.50272727 0.50272727 0.50272727 0.50272727 0.49727273 0.49727273 0.49727273 0.49727273 0.20545455 0.62545455 0.62545455 0.62545455 0.27090912 0.27090909 0.27090909 0.47090909 0.038754763 0.038181818 0.038181818 -0.45086164 -0.35653433 -0.13639737 -0.39545455 -0.39545455 0.027780737 0.029090909 0.029090909 0.089963874 0.068258063 0.06818182 0.068181822 0.13447898 -0.30454456
-0.68454545 -0.095351639 -0.29238921 -0.51090909 -0.51090909 0.36675386 0.36727273 0.36727273 0.36727273 0.36748892 0.39727273 0.39727273 0.39727273 0.39727275 0.61 0.61 0.61 0.61 0.5028231 0.50272727 0.50272727 0.50272727 0.50272727 0.50272727 0.49727273 0.49727273 0.49727273 0.49727273 0.49773897 0.62545455 0.62545455 0.62545455 0.63181818 0.27093815 0.47090909 0.47090909 0.47090909 0.47061705 -0.12444384 -0.13545455 -0.13545455 -0.13545455 -0.17454545 -0.17454545 0.029090909 0.029090909 0.029090909 0.068181818 0.068181818 0.068181818 0.068181818 0.13454545 0.13454545
-0.079377279 -0.079090909 -0.079090909 -0.079090903 0.53 0.36727692 0.36727273 0.36727273 0.36727273 0.36727273 0.39472617 0.39727229 0.39727273 0.61 0.61 0.61 0.61 0.61 0.62546443 0.50272727 0.50272727 0.50272727 0.50272727 0.50272727 0.54565917 0.61909025 0.61909091 0.61909091 0.61909091 0.62545455 0.63181818 0.63181818 0.63181818 0.63181818 0.47090909 0.47090847 0.44727273 0.44727273 -0.12817833 -0.13545455 -0.13545455 -0.13545455 -0.17454545 -0.17454545 -0.0024390117 0.029090909 0.029090909 0.068181818 0.068181818 0.068181818 0.068893409 0.13454545 0.13454545
-0.079090909 -0.079090909 -0.079090909 0.20773909 0.53 0.53 0.36727273 0.36727273 0.36727273 0.36727273 0.36363636 0.36363636 0.36363636 0.61 0.61 0.61 0.61 0.61005048 0.98818182 0.98818182 0.50272747 0.50272727 0.50797268 0.71818182 0.71728975 0.61909091 0.61909091 0.61909091 0.61909091 0.63181689 0.63181818 0.63181818 0.63181818 0.63181818 0.44727281 0.44727273 0.44727273 0.44727273 0.44521375 -0.13545455 -0.13545455 -0.13545455 -0.17454545 -0.17454545 -0.17454545 0.029090909 0.029090909 0.068181819 0.068181818 0.068181819 0.13454545 0.13454545 0.13454545
-0.079090909 -0.079090909 -0.079090909 0.53 0.53 0.53 0.52999975 0.36727273 0.36727273 0.36364012 0.36363636 0.36363636 0.36363636 0.36378986 0.85724175 0.91545455 0.91545455 0.91545455 0.98818182 0.98818182 0.98818182 0.71818182 0.71818182 0.71818182 0.71818589 0.67869594 0.61909091 0.61909091 0.61909091 0.63451769 0.63545419 0.63545455 0.63545455 0.63545455 0.37919649 0.28272765 0.28272727 0.28272727 0.28272727 0.13178161 0.13181818 0.13181818 -0.17454545 -0.17454545 0.20908931 0.20909089 0.16090909 0.16090909 0.31545455 0.31545455 0.31545455 0.13454545 0.19449181
-0.079089896 -0.079090909 -0.079090887 0.53 0.53 0.53 0.53 0.49363633 0.36777798 0.36364131 0.36363636 0.36363636 0.36363636 0.36471918 0.91545455 0.91545455 0.91545455 0.91545457 0.98818182 0.98818182 0.98818182 0.71818182 0.71818182 0.71818182 0.73272727 0.73272727 0.96181818 0.96181818 0.96181818 0.96003777 0.63545455 0.63545455 0.63545455 0.63545455 0.45918776 0.28272727 0.28272727 0.28272727 0.28272727 0.13181818 0.13181818 0.13181818 0.13424948 0.20909091 0.20909091 0.20909091 0.16090909 0.16090909 0.31545455 0.31545455 0.31545455 0.19454546 0.19454545
0.24727273 0.10339631 0.31545455 0.31551679 0.53 0.49384676 0.49363636 0.49363636 0.56982462 0.36909092 0.36909091 0.36909091 0.36909091 1.1490655 1.1490909 0.91545472 0.91545455 0.9173708 0.98818182 0.98818182 0.98818182 0.81363636 0.81363636 0.81363636 0.73272727 0.73272727 0.96181818 0.96181818 0.96181818 0.96181818 0.96181611 0.96181727 0.64365721 0.63580443 0.35032635 0.35 0.35 0.35 0.35 0.13181818 0.13181818 0.13181818 0.20483619 0.20909091 0.20909091 0.20909085 0.16090909 0.16090909 0.16091465 0.31545455 0.31543503 -0.12090909 0.19454545
0.36997669 0.36999999 0.31545455 0.31545455 0.31545455 0.49363636 0.49363636 0.49363636 0.70272727 0.70272727 0.36909091 0.36909091 0.36909091 1.1490909 1.1490909 1.1490909 1.1490909 1.1490722 0.98818182 0.98818182 0.98818181 0.81363636 0.81363636 0.81363636 0.73272727 0.73272727 0.96181818 0.96181818 0.96181818 0.96181818 0.96181818 0.96181818 0.96181818 0.96181818 0.3503019 0.35 0.35 0.35 0.35 0.36909085 0.36909091 0.36909091 0.36909091 0.20908829 -0.13272727 -0.13272727 -0.13272727 -0.33545455 -0.33545455 -0.33545455 -0.12090909 -0.12090909 -0.12090909
0.37 0.37 0.31545455 0.31545455 0.31545455 0.49269981 0.49363636 0.70272727 0.70272727 0.70272727 0.36913198 0.36909091 0.63057082 1.1490908 1.1490909 1.1490909 1.1490909 0.69454546 0.69454545 0.69454545 0.71909091 0.71909098 0.8136359 0.81363636 0.81364059 0.85909091 0.85909091 0.85909115 0.96180158 0.78730751 0.78727366 0.7873032 0.96151987 0.96166755 0.45885273 0.34999994 0.34951864 0.20636364 0.20636364 0.36909091 0.36909091 0.36909091 0.36909091 -0.13272727 -0.13272727 -0.13272727 -0.13272727 -0.33545455 -0.33545455 -0.33545455 -0.12090909 -0.12090909 -0.12090909
0.37 0.37 0.31545455 0.31545455 0.31545455 0.31545455 0.57189298 0.70272727 0.70272727 0.70272727 0.70271974 0.68909091 0.68909091 0.68909091 1.14638 1.1490909 0.69757443 0.69454545 0.69454545 0.69454545 0.71909091 0.71909091 0.71909091 0.71909091 0.85909091 0.85909091 0.85909091 0.85909091 0.85909091 0.78727273 0.78727273 0.78727273 0.78727273 0.78727171 0.30545455 0.20636364 0.20636364 0.20636364 0.20636364 0.20636279 -0.086363636 -0.086363636 -0.086363636 -0.12511703 -0.20545455 -0.20545455 -0.20545455 -0.33545454 -0.33545473 -0.52090909 -0.52090909 -0.018206809 -0.018181818
0.37 0.37 0.33514162 0.31545455 0.31545455 0.31545455 0.71543196 0.70276738 0.70272727 0.70272727 0.6890909 0.68909091 0.68909091 0.68909091 0.68909091 0.72679644 0.69454545 0.69454545 0.69454545 0.69454545 0.71909072 0.71909091 0.71909091 0.71909091 0.85909091 0.85909091 0.85909091 0.85909091 0.85909091 0.46616258 0.78727273 0.78727273 0.78727273 0.30545455 0.30545455 0.3053776 0.20636364 0.20636364 -0.16148887 -0.44727267 -0.086363636 -0.086363636 -0.086363636 -0.12530341 -0.20545455 -0.20545455 -0.20545455 -0.44454545 -0.51995761 -0.52090909 -0.52090909 -0.018181818 -0.018181818
0.72818182 0.72818182 0.72818182 0.41893662 0.31589647 0.71545455 0.71545455 0.71545455 0.71545455 0.62818182 0.62818182 0.6890909 0.68909091 0.68909091 0.68909091 0.68909123 0.69454545 0.69454545 0.69454545 0.69454545 0.70838007 0.71909091 0.71909091 0.71892437 0.71924468 0.85909091 0.85909091 0.85909091 0.35272727 0.35272727 0.35272727 0.3527291 0.30545455 0.30545455 0.30545455 0.30545455 -0.44727273 -0.44727273 -0.44727273 -0.44727273 -0.27 -0.27 -0.27 -0.39727017 -0.39727273 -0.39727273 -0.39727267 -0.44454545 -0.44454545 -0.52081605 -0.52090909 -0.018183537 -0.018181818
