interpolatedSpi/01-10|20_3.tif
NCOLS 53
NROWS 52
XLLCORNER -116.03883
YLLCORNER 28.596182
DX 0.49850594
DY 0.49788537
NODATA_VALUE -9999
[rows 0 to 38 of 52, columns 0 to 52 of 53]
0.274 0.274 -0.046526491 -0.365 0.201 0.217 0.507 0.524 -0.023512782 -0.268 -0.364 0.149 -0.10995323 0.458 -0.038 -0.038 -0.038 0.196 0.192 0.192 0.192 0.19199776 -0.041000002 -0.195 -0.195 -0.195 0.41500231 0.415 0.415 0.011 0.011 0.011 0.011 0.18999996 0.19 0.19 0.19 0.19 0.19 0.19000002 0.80438191 0.81077814 -0.06 -0.06 -0.06 -0.06 -0.059278063 0.382 0.382 0.382 1.0539986 1.054 1.054
0.27398467 -0.071 0.034000637 0.16423115 0.54668593 0.563 0.529 0.34019999 -0.084 0.104 0.068 -0.11 -0.11 0.45301667 0.45799556 -0.038 0.196 0.196 0.19200522 0.192 0.192 0.192 -0.22247656 -0.195 -0.195 -0.195 -0.131 -0.131 0.011 0.011 0.011 0.011 0.011 0.18999997 0.19 0.19 0.19 0.19 0.19000002 0.16163813 -0.020963299 -0.055267353 -0.06 -0.06 -0.06 -0.06 -0.06 0.382 0.382 0.382 0.43772288 1.054 1.054
1.0499612 1.05 0.586 1.081 0.558 0.335 0.519 0.027 0.252 0.154 0.549 -0.266 -0.675 -0.012 0.453 0.261 0.196 0.196 0.196 -0.053928487 -0.054 -0.054 -0.717 -0.195 -0.195 -0.195 -0.131 -0.131 -0.131 0.011 0.011 0.010999962 -0.36882465 0.18964616 0.19218735 0.42284658 0.425 0.425 0.36890495 -0.020999997 -0.021 -0.02104987 -0.06 -0.06 -0.06 -0.06 -0.06 0.382 0.382 0.382 0.382 1.054 1.054
0.322 1.0499998 0.26296109 0.565 0.051 0.469 0.707 -0.287 0.207 0.21949264 0.237 0.183 0.013 -0.012 0.036 0.261 -0.60333602 -0.60943527 -0.587 -0.054 -0.054 -1.213 -0.717 -0.717 -0.195 -0.19499968 -0.131 -0.131 -0.131 -0.905 -0.83531793 -0.778 -0.778 -0.77799906 0.425 0.425 0.425 0.425 -0.021 -0.021 -0.021 -0.021000001 -0.06 -0.06 -0.06 -0.06 -0.06 0.38199442 0.382 0.382 0.382 1.0539212 1.054
0.322 -0.02599947 0.263 0.17815154 0.051 0.332 0.16902289 -0.204 -0.33 -0.0070000727 0.016522208 0.028033804 0.264 0.036 0.036 0.17286253 -0.61 -0.61 -0.587 -0.587 -0.054002342 -1.213 -1.567 -0.745 -0.693 -0.69307633 -0.131 -0.131 -0.905 -0.905 -0.778 -0.778 -0.778 -0.74085106 0.425 0.425 0.425 -0.021 -0.021 -0.021 -0.021 -0.020984652 -0.059999997 -0.06 -0.06 -0.06 -0.06 -0.056065652 0.382 0.38192189 -1.36 -1.36 -1.36
-1.013 0.028 0.564 0.14 0.364 0.512 0.152 0.1064218 0.173 -0.211 0.188 -0.429 -0.42899954 -0.141 -0.141 -0.43802028 -0.438 -0.778 -0.778 -0.58700038 -1.489 -1.489 -0.745 -0.693 -0.693 -1.02 -1.329 -1.329 -0.25905926 -0.905 -0.778 -0.778 -0.581 -0.58099195 -0.50400561 -0.812 -0.812 -0.26571391 -0.021 -0.021 0.13780169 0.138 0.13800108 -1.2358697 -1.2568677 -1.2569997 -1.257 -1.2569996 -1.5917257 -1.36 -1.36 -1.36 -1.36
-0.85300074 -0.022 -0.70605073 0.207 0.709 -0.031 0.063000002 0.195 -0.185 -0.185 0.188 -0.201 -0.49500009 -0.141 -0.52199886 -0.522 -0.438 -0.755 -1.019 -1.019 -1.5045517 -1.522 -1.522 -1.334 -1.02 -1.02 -1.329 -1.329 -0.25902599 -0.25947852 -0.02809397 -0.581 -0.581 -0.504 -0.504 -0.94162433 -0.812 -0.812 -1.5009761 0.13799772 0.138 0.138 0.13800417 -1.2569971 -1.257 -1.257 -1.257 -1.2570003 -1.7 -1.3600674 -1.36 -1.36 -1.36
-0.853 -1.176 -0.465 -0.851 -1.1009857 -0.441 -0.119 -0.62299998 -0.347 -0.475 -0.475 -0.856 -0.495 -0.495 -0.52181475 -0.66316733 -0.677 -0.528 -0.84300018 -1.019 -1.1667031 -1.106 -1.66 -1.057 -1.0570041 -1.376 -1.457 -1.457 -0.70343715 -0.70499999 -0.026 -0.36524228 -0.452 -0.504 -0.51372573 -1.05 -1.05 -1.501 -1.501 0.138 0.138 0.13800001 -0.72829162 -0.73100003 -1.257 -1.257 -1.257 -1.6999831 -1.7 -1.7 -1.36 -1.36 -1.36
-1.1711451 -1.176 -1.043 -0.556 -0.378 -0.647 -0.378 0.255 0.179 0.31775414 -0.041 -0.4 -0.4 -0.677 -0.67699598 -0.99211928 -0.993 -0.993 -0.57608524 -1.5750001 -1.821 -1.821 -1.346 -1.5362578 -1.3438532 -1.376 -1.325 -1.457 -0.99072536 -0.988 -0.341 0.278 -0.022179497 -0.861 -0.845 -0.851 -0.846 -0.635 -0.87189056 0.14014261 0.618 -0.415 -0.73097297 -0.731 -0.73396061 -1.257 -1.409 -1.7 -1.7 -1.7 -1.7 -1.3217762 -1.084
-1.144 -1.144 -1.078 -0.674 -0.377 -0.327 -0.246 -0.092 0.473 0.35297654 0.01 -0.076 -0.677 -0.677 -0.25 -0.26019058 -0.993 -0.99297155 -0.898 -1.575 -1.575 -1.606693 -1.346 -1.5249966 -1.525 -1.525 -1.325 -0.67 -0.67 -0.988 -0.988 0.27686962 -0.318 -0.861 -0.781 -0.851 -0.846 -1.426 -0.872 0.35282229 -0.41499995 -0.47010091 -0.565 -0.731 -0.731 -1.409 -1.409 -1.409 -1.7 -1.7 -1.053 -1.053 -1.053
-1.144 -1.144 -1.514 -1.263 -1.067 -0.579 -0.75099999 0.044832778 -0.186 -0.082 -0.042 -0.179 -0.076138014 -0.25 -0.25 -0.25004015 -0.598 -0.61374541 -0.898 -0.425 -0.425 -0.766 -0.766 -1.525 -1.525 -1.525 -0.67 -0.67 -0.67 -1.145 -1.145 -1.1449986 -0.838 -0.838 -0.85 -1.258 -0.743 -0.89399885 -1.279 0.373 0.373 -0.38500059 -0.565 -0.731 -0.63700022 -0.908 -0.68015255 -0.677 -0.784 -0.784 -1.053 -1.053 -1.053
-1.144 -1.3037073 -1.4068893 -1.3749917 -1.216 -1.312 -0.751 0.045 -0.18599807 -0.083152194 -0.17899987 -0.179 -0.259 -0.25 -0.25 -0.59799999 -0.598 -0.59801707 -0.898 -0.425 -0.49196546 -0.766 -0.766 -1.5249691 -1.525 -1.3823357 -1.091 -1.091 -1.0909999 -1.145 -1.145 -1.122 -1.122 -0.83800003 -0.85 -0.40300029 -0.7455654 -0.894 -0.894 0.37299998 -0.385 -0.385 -0.38500185 -0.637 -0.637 -0.908 -0.677 -0.677 -0.784 -0.784 -1.053 -1.053 -1.053
-0.144 -0.16384125 -0.052045442 -0.061585586 -1.2160004 -1.3119977 -0.75100002 0.035201695 -0.17008174 -0.18328428 -0.259 -0.259 -0.259 -0.259 -0.25000128 -0.598 -0.598 -0.60187348 -0.898 -0.42500416 -0.429 -0.429 -0.429 -0.429 -1.5060962 -1.091 -1.091 -1.091 -1.091 -1.0909543 -1.122 -1.122 -1.122 -1.122 -0.403 -0.403 -0.403 -0.87016807 -0.88712035 0.022 0.022 -0.38497811 -0.21401448 -0.63695926 -0.637 -0.908 -0.677 -0.677 -0.784 -0.784 -1.0520241 -1.053 -0.86435139
-0.144 -0.052 -0.052 -0.052 -0.052 -0.05200053 -0.752436 -0.3743924 -0.12761329 -0.25891881 -0.259 -0.259 -0.259 -0.259 -0.25900017 -0.59799999 -0.59800005 -0.61857795 -0.8979943 -0.429 -0.429 -0.429 -0.429 -0.429 -0.43349887 -0.88386304 -0.81200006 -0.812 -0.812 -0.812 -1.122 -1.122 -1.1219995 -0.729 -0.729 -0.403 -0.037455912 -0.027 0.021999972 0.022 0.022 0.022 -0.214 -0.214 -0.214 -0.21882961 -0.50318659 -0.502 -0.502 -0.502 -0.50200001 0.51099968 0.511
0.068 -0.052 -0.052 -0.052 -0.052 -0.052 -0.052000048 -0.5332212 -0.49787303 -0.5 -0.5 -0.5 -0.5 -0.5 -0.5 -0.42555155 -0.59526538 -0.63907997 -0.42905887 -0.429 -0.429 -0.429 -0.429 -0.42900018 -0.637 -0.637 -0.63700025 -0.812 -0.812 -0.8120861 -0.855 -0.855 -0.729 -0.729 -0.729 -0.13945271 -0.027 -0.027 -0.027 0.022 0.022 0.022 -0.214 -0.214 -0.214 -0.214 -0.50199999 -0.502 -0.502 -0.502 -0.502 0.511 0.511
0.068 0.023325364 -0.052 -0.052 -0.052 -0.052 -0.45592071 -0.456 -0.456 -0.5 -0.5 -0.5 -0.5 -0.5 -0.48323387 -0.424 -0.424 -0.424 -0.57953998 -0.57999985 -0.58 -0.58 -0.58 -0.58 -0.637 -0.637 -0.637 -0.637 -0.812 -0.855 -0.855 -0.855 -0.72900001 -0.729 -0.729 0.081 -0.026857005 -0.027 -0.027 0.02193992 -0.097967453 -0.3778015 -0.214 -0.214 -0.19505864 -0.195 -0.195 -0.50097255 0.12081591 0.12299995 0.12299988 0.43901082 0.51099985
0.068000001 -0.1305209 -0.094507867 -0.052 -0.052 -0.4557613 -0.456 -0.456 -0.456 -0.45631708 -0.5 -0.5 -0.5 -0.49999999 -0.424 -0.424 -0.424 -0.424 -0.57986065 -0.58 -0.58 -0.58 -0.58 -0.58 -0.637 -0.637 -0.637 -0.637 -0.63779294 -0.855 -0.855 -0.855 -0.27800001 -0.72890672 0.081 0.081 0.081 0.075264829 -0.35671832 -0.379 -0.379 -0.379 -0.272 -0.272 -0.195 -0.195 -0.195 0.123 0.123 0.123 0.123 0.439 0.439
-0.13569493 -0.136 -0.136 -0.136 -0.311 -0.45599626 -0.456 -0.456 -0.456 -0.456 -0.47047379 -0.49999492 -0.49999999 -0.424 -0.424 -0.424 -0.424 -0.424 -0.46766753 -0.58 -0.58 -0.58 -0.58 -0.58 -0.46693625 -0.24100215 -0.241 -0.241 -0.241 -0.85499997 -0.27800001 -0.278 -0.278 -0.278 0.081 0.08098628 -0.44 -0.44 -0.37976168 -0.379 -0.379 -0.379 -0.272 -0.272 -0.20692225 -0.195 -0.195 0.123 0.123 0.123 0.12638834 0.439 0.439
-0.136 -0.136 -0.136 -0.21841011 -0.311 -0.311 -0.456 -0.456 -0.456 -0.456 -0.11 -0.11 -0.11 -0.424 -0.424 -0.424 -0.424 -0.42402413 -0.922 -0.922 -0.58000014 -0.58 -0.57829579 -0.51 -0.50757831 -0.241 -0.241 -0.241 -0.241 -0.27799623 -0.278 -0.278 -0.278 -0.278 -0.43999817 -0.44 -0.44 -0.44 -0.43976608 -0.379 -0.379 -0.379 -0.272 -0.272 -0.272 -0.195 -0.195 0.123 0.123 0.123 0.439 0.439 0.439
-0.136 -0.136 -0.136 -0.311 -0.311 -0.311 -0.31100022 -0.456 -0.456 -0.11035717 -0.11 -0.11 -0.11 -0.11019564 -0.54217567 -0.57 -0.57 -0.57 -0.922 -0.922 -0.922 -0.51 -0.51 -0.51 -0.50993781 -0.26565264 -0.241 -0.241 -0.241 -0.082792338 -0.039023507 -0.039 -0.039 -0.039 -0.29953958 -0.10300077 -0.103 -0.103 -0.103 -0.1400327 -0.14 -0.14 -0.272 -0.272 0.35399739 0.35399991 0.103 0.103 0.214 0.214 0.214 0.439 0.60984711
-0.13599949 -0.136 -0.13600001 -0.311 -0.311 -0.311 -0.311 -0.41200001 -0.45582407 -0.1099864 -0.11 -0.11 -0.11 -0.11090265 -0.57 -0.57 -0.57 -0.5700001 -0.922 -0.922 -0.922 -0.51 -0.51 -0.51 -0.288 -0.288 -0.195 -0.195 -0.195 -0.19414897 -0.039 -0.039 -0.039 -0.039 -0.070982475 -0.103 -0.103 -0.103 -0.103 -0.14 -0.14 -0.14 -0.12445687 0.354 0.354 0.354 0.103 0.103 0.214 0.214 0.214 0.60999999 0.61
0.028 -0.062406547 -0.576 -0.57592312 -0.311 -0.41141562 -0.412 -0.412 -0.35333504 -0.095000004 -0.095 -0.095 -0.095 -0.6909806 -0.691 -0.57000009 -0.57 -0.57927468 -0.922 -0.922 -0.922 -0.846 -0.846 -0.846 -0.288 -0.288 -0.195 -0.195 -0.195 -0.19499982 0.04599946 0.045999761 -0.036863653 -0.038908874 -0.3905961 -0.391 -0.391 -0.391 -0.391 -0.14 -0.14 -0.14 0.32679857 0.354 0.354 0.35399992 0.103 0.103 0.103004 0.214 0.21400456 0.316 0.61
-0.25594607 -0.25600006 -0.576 -0.576 -0.576 -0.412 -0.412 -0.412 -0.251 -0.251 -0.095 -0.095 -0.095 -0.691 -0.691 -0.691 -0.691 -0.69102517 -0.922 -0.922 -0.922 -0.846 -0.846 -0.846 -0.288 -0.288 -0.195 -0.195 -0.195 0.043282707 0.046 0.046 0.046 0.046 -0.39078437 -0.391 -0.391 -0.391 -0.391 -0.50099991 -0.501 -0.501 -0.501 0.35399644 -0.11 -0.11 -0.11 0.207 0.207 0.207 0.316 0.316 0.316
-0.256 -0.256 -0.576 -0.576 -0.576 -0.41286201 -0.412 -0.251 -0.251 -0.251 -0.095019204 -0.095 -0.59099471 -0.691 -0.691 -0.691 -0.691 -0.941 -0.941 -0.941 -0.996 -0.99599989 -0.84600073 -0.846 -0.84588008 -0.908 -0.908 -0.9079983 -0.19511523 0.064996214 0.064999899 0.064996683 0.046032473 0.046016397 -0.31315671 -0.39100005 -0.39140885 -0.513 -0.513 -0.501 -0.501 -0.501 -0.501 -0.11 -0.11 -0.11 -0.11 0.207 0.207 0.207 0.316 0.316 0.316
-0.256 -0.256 -0.576 -0.576 -0.576 -0.576 -0.3517424 -0.251 -0.251 -0.251 -0.25124912 -0.702 -0.702 -0.702 -0.69106483 -0.691 -0.93933406 -0.941 -0.941 -0.941 -0.996 -0.996 -0.996 -0.996 -0.908 -0.908 -0.908 -0.908 -0.908 0.065 0.065 0.065 0.065 0.064999539 -0.154 -0.513 -0.513 -0.513 -0.513 -0.51300091 -0.802 -0.802 -0.802 -0.65686377 -0.356 -0.356 -0.356 0.20699998 0.20699976 -0.036 -0.036 0.15703868 0.157
-0.256 -0.256 -0.46050247 -0.576 -0.576 -0.57600001 -1.1573887 -0.25386151 -0.251 -0.251 -0.70200006 -0.702 -0.702 -0.702 -0.702 -0.70113392 -0.941 -0.941 -0.941 -0.941 -0.99599957 -0.996 -0.996 -0.996 -0.908 -0.908 -0.908 -0.908 -0.908 -0.40645419 0.065 0.065 0.065 -0.154 -0.154 -0.15427877 -0.513 -0.513 -0.44602936 -0.39400001 -0.802 -0.802 -0.802 -0.65849055 -0.356 -0.356 -0.356 -0.196 -0.037993584 -0.036 -0.036 0.157 0.157
-1.036 -1.036 -1.036 -0.69133464 -0.57711899 -1.159 -1.159 -1.159 -1.159 -0.966 -0.966 -0.70200002 -0.702 -0.702 -0.702 -0.70201515 -0.941 -0.941 -0.941 -0.941 -0.97199978 -0.996 -0.996 -0.9897191 -0.76276839 -0.908 -0.908 -0.908 -0.573 -0.573 -0.573 -0.57299732 -0.154 -0.154 -0.154 -0.154 -0.394 -0.394 -0.394 -0.394 -0.851 -0.851 -0.851 -0.29301122 -0.293 -0.293 -0.29300002 -0.196 -0.196 -0.036194951 -0.036 0.15699867 0.157
-1.036 -1.036 -1.036 -1.0360164 -1.34 -1.3136796 -1.159 -1.159 -1.159 -0.966 -0.966 -0.966 -0.804 -0.804 -0.804 -0.804 -0.94116303 -0.941 -0.941 -0.941 -0.94182089 -0.75600066 -0.756 -0.756 -0.756 -0.75600001 -0.914 -0.914 -0.573 -0.573 -0.573 -0.573 -0.15400015 -0.154 -0.154 -0.15401662 -0.394 -0.394 -0.394 -0.39357448 -0.851 -0.851 -0.851 -0.29302588 -0.293 -0.293 -0.293 -0.196 -0.196 -0.19599999 -0.107 -0.107 0.254
-1.036 -1.036 -1.036 -1.3399993 -1.34 -1.34 -1.1590001 -1.159 -1.159 -0.966 -0.966 -0.966 -0.804 -0.804 -0.804 -0.82121206 -1.03 -1.03 -1.0299998 -0.94150269 -0.756 -0.756 -0.756 -0.756 -0.756 -0.7561189 -0.914 -0.914 -0.914 -0.573 -0.573 -0.57290409 -0.358 -0.358 -0.358 -0.203 -0.203 -0.297 -0.297 -0.297 -0.018 -0.85073871 -0.85099284 0.109 0.109 0.093764657 -0.29299877 -0.196 -0.196 -0.107 -0.107 -0.107 0.254
-1.036 -1.036 -1.036 -1.34 -1.34 -1.34 -1.34 -1.159 -1.159 -0.966 -0.966 -0.81047766 -0.804 -0.804 -0.804 -1.03 -1.03 -1.03 -1.03 -1.03 -0.756 -0.756 -0.756 -0.756 -0.756 -0.91399946 -0.914 -0.914 -0.914 -0.424 -0.424 -0.424 -0.358 -0.358 -0.358 -0.203 -0.203 -0.297 -0.297 -0.018 -0.018 -0.018 0.109 0.109 0.109 0.109 0.13931237 0.478 0.478 0.478 -0.10699999 0.553 0.553
-1.036 -1.036 -1.0364233 -1.34 -1.34 -1.34 -1.34 -1.0905729 -1.078 -1.0778077 -0.96599999 -0.80399958 -0.804 -0.804 -0.80400078 -1.03 -1.03 -1.03 -1.03 -1.03 -0.90082572 -0.756 -0.756 -0.756 -0.75602513 -0.91399797 -0.914 -0.914 -0.914 -0.424 -0.424 -0.424 -0.42398808 -0.358 -0.203 -0.203 -0.203 -0.20300367 -0.29698097 -0.018 -0.018 -0.018 0.10899229 0.109 0.109 0.109 0.47800042 0.478 0.478 0.478 0.553 0.553 0.553
-1.06 -1.06 -1.3398302 -1.34 -1.34 -1.34 -1.0780558 -1.078 -1.078 -1.078 -0.79900001 -0.799 -0.799 -0.799 -1.0289338 -1.03 -1.03 -1.03 -1.03 -0.90700007 -0.907 -0.907 -0.87799998 -0.878 -0.878 -0.878 -0.88110726 -0.914 -0.13203203 -0.132 -0.132 -0.132 -0.132 0.063999998 0.064 0.064 0.064 0.064 0.083 0.083 0.083 0.083 0.083 0.52237592 0.523 0.523 0.523 0.478 0.478 0.478 0.55298818 0.553 0.553
-1.06 -1.06 -1.0557803 -0.55600158 -0.55600017 -0.55650942 -1.078 -1.078 -1.078 -1.078 -0.799 -0.799 -0.799 -0.799 -0.799 -1.03 -1.03 -1.03 -0.90700003 -0.907 -0.907 -0.907 -0.878 -0.878 -0.878 -0.878 -0.878 -0.87800687 -0.13194748 -0.132 -0.132 -0.132 -0.1319789 0.12805988 0.064066331 0.064 0.064 0.064000002 0.083 0.083 0.083 0.083 0.083000001 0.523 0.523 0.523 0.523 0.50195712 0.478 0.8567269 0.861 0.595 0.595
-1.06 -1.06 -0.55606384 -0.556 -0.556 -0.556 -0.6885858 -1.078 -1.078 -1.078 -0.799 -0.799 -0.799 -0.799 -0.799 -1.0298228 -1.03 -0.90703606 -0.907 -0.907 -0.907 -0.907 -0.88874324 -0.878 -0.878 -0.878 -0.878 -0.87737541 0.004 0.004 0.004 0.004 0.004 0.177 0.177 0.177 0.177 0.177 0.303 0.303 0.303 0.303 0.303 0.52329788 0.52300006 0.523 0.52302068 0.52553702 0.861 0.861 0.861 0.59500149 0.595
-1.0599991 -0.5962216 -0.556 -0.556 -0.556 -0.556 -0.556 -1.0777777 -1.078 -1.078 -0.799 -0.799 -0.799 -0.799 -0.85375616 -0.855 -0.855 -0.90699866 -0.907 -0.907 -0.907 -0.907 -0.90700002 -0.878 -0.878 -0.878 -0.878 -0.16199987 -0.16199992 -0.12667117 0.004 0.004 0.004 0.177 0.177 0.177 0.177 0.17699458 0.303 0.303 0.303 0.303 0.30302138 0.645 0.645 0.645 0.645 0.64501742 0.861 0.861 0.861 0.86099993 0.74180561
-0.587 -0.587 -0.55727034 -0.556 -0.556 -0.556 -0.556 -0.556 -1.0777766 -0.73800001 -0.738 -0.738 -0.73814477 -0.85499992 -0.855 -0.855 -0.855 -0.855 -0.90700089 -0.91459036 -0.981 -0.981 -0.981 -0.95407364 -0.86463393 -0.79311459 -0.73245265 -0.162 -0.162 -0.162 -0.162 -0.162 -0.15595669 0.16534117 0.169 0.169 0.169 0.169 0.35541109 0.5819995 0.582 0.582 0.582 0.62500006 0.64499999 0.645 0.645 0.781 0.86099872 0.861 0.861 0.744 0.744
-0.587 -0.587 -0.425 -0.425 -0.425 -0.55595636 -0.556 -0.556 -0.738 -0.738 -0.738 -0.738 -0.738 -0.85499999 -0.855 -0.855 -0.855 -0.855 -0.981 -0.981 -0.981 -0.981 -0.981 -0.71100001 -0.711 -0.711 -0.711 -0.162 -0.162 -0.162 -0.162 -0.162 -0.157 -0.157 0.169 0.169 0.169 0.4989438 0.499 0.582 0.582 0.582 0.58200005 0.625 0.625 0.625 0.781 0.781 0.781 0.74 0.74 0.744 0.744
-0.587 -0.587 -0.425 -0.425 -0.425 -0.425 -0.42500101 -0.609 -0.73787854 -0.738 -0.738 -0.738 -0.738 -0.85354053 -0.855 -0.855 -0.855 -0.855 -0.981 -0.981 -0.981 -0.981 -0.981 -0.711 -0.711 -0.711 -0.711 -0.71099777 -0.162 -0.162 -0.162 -0.15700026 -0.157 -0.157 -0.157 0.169 0.499 0.499 0.499 0.50118389 0.88548305 0.942 0.942 0.625 0.625 0.625 0.781 0.781 0.781 0.74 0.74 0.74 0.72497996
-0.628 -0.62799968 -0.425 -0.425 -0.425 -0.425 -0.609 -0.609 -0.609 -0.738 -0.738 -0.738 -0.738 -0.73803637 -0.855 -0.855 -0.855 -0.855 -0.98099759 -0.981 -0.981 -0.98099999 -0.75855435 -0.711 -0.711 -0.711 -0.711 -0.56300012 -0.563 -0.563 -0.16630362 -0.157 -0.157 -0.157 -0.15699947 0.40299999 0.499 0.499 0.499 0.499 0.942 0.942 0.942 1.258 1.258 1.258 1.0369751 0.781 0.781 0.74 0.74 0.74 0.72300001
