interpolatedSpi/01-12|22_3.tif
NCOLS 53
NROWS 52
XLLCORNER -116.03883
YLLCORNER 28.596182
DX 0.49850594
DY 0.49788537
NODATA_VALUE -9999
[rows 0 to 26 of 52, columns 0 to 52 of 53]
-0.021666667 -0.021666667 -0.24506623 -0.47333333 0.09 0.016666667 -0.13583333 -0.155 -0.28141973 -0.3175 -0.275 0.018333333 -0.10496864 0.27583333 0.11 0.11 0.11 0.45333333 0.40666667 0.40666667 0.40666667 0.40665812 -0.48083333 0.22666667 0.22666667 0.22666667 0.045832987 0.045833333 0.045833333 -0.1775 -0.1775 -0.1775 -0.1775 -0.13833334 -0.13833333 -0.13833333 -0.13833333 -0.13833333 -0.13833333 -0.13833331 0.64324878 0.65132204 -0.7025 -0.7025 -0.7025 -0.7025 -0.70239519 -0.63833333 -0.63833333 -0.63833333 0.23499819 0.235 0.235
-0.021696324 -0.68916667 -0.42166662 -0.35216728 -0.16677779 -0.033333333 -0.061666667 0.031344507 -0.24666667 -0.28333333 -0.11416667 -0.105 -0.105 0.34310826 0.27583268 0.11 0.45333333 0.45333333 0.40672751 0.40666667 0.40666667 0.40666667 0.22074499 0.22666667 0.22666667 0.22666667 0.195 0.195 -0.1775 -0.1775 -0.1775 -0.1775 -0.1775 -0.13833334 -0.13833333 -0.13833333 -0.13833333 -0.13833333 -0.13833327 0.068157123 1.1307506 -0.48003985 -0.7025 -0.7025 -0.7025 -0.7025 -0.7025 -0.63833333 -0.63833333 -0.63833333 -0.5659157 0.235 0.235
-0.15832681 -0.15833333 -0.38416667 0.10666667 -0.42833333 -0.55583333 -0.35666667 -0.21083333 -0.75166667 -0.135 -0.09 -0.49833333 -0.29833333 0.565 0.34333333 -0.4025 0.45333333 0.45333333 0.45333333 0.4499874 0.45 0.45 0.11416667 0.22666667 0.22666667 0.22666667 0.195 0.195 0.195 -0.1775 -0.1775 -0.17749998 0.040734696 -0.13636926 -0.1308405 0.65929007 0.66666667 0.66666667 0.7250466 1.1308333 1.1308333 1.128489 -0.7025 -0.7025 -0.7025 -0.7025 -0.7025 -0.63833333 -0.63833333 -0.63833333 -0.63833333 0.235 0.235
-0.30916667 -0.15833337 -0.33421798 0.585 -0.78083333 -0.25 -0.44416667 -0.7775 -0.15916667 0.061640661 -0.0925 -0.23333333 -0.21 0.565 -0.30166667 -0.4025 -0.5836037 -0.58427248 -1.0158333 0.45 0.45 -0.50416667 0.11416667 0.11416667 0.22666667 0.22666651 0.195 0.195 0.195 -0.4225 -0.039340054 0.27583333 0.27583333 0.27583364 0.66666667 0.66666667 0.66666667 0.66666667 1.1308333 1.1308333 1.1308333 1.1308333 -0.7025 -0.7025 -0.7025 -0.7025 -0.7025 -0.63833414 -0.63833333 -0.63833333 -0.63833333 0.23499023 0.235
-0.30916667 0.1183325 -0.33416667 -0.37456171 -0.78083333 -0.7325 -0.37333401 0.025833333 -0.42583333 0.50333297 0.20222346 0.060821874 -0.019166667 -0.30166667 -0.30166667 -0.37200139 -0.585 -0.585 -1.0158333 -1.0158333 0.44999806 -0.50416667 0.41916667 0.33333333 0.18916667 0.18927308 0.195 0.195 -0.4225 -0.4225 0.27583333 0.27583333 0.27583333 0.2533618 0.66666667 0.66666667 0.66666667 1.1308333 1.1308333 1.1308333 1.1308333 1.1308034 -0.70249998 -0.7025 -0.7025 -0.7025 -0.7025 -0.70192884 -0.63833333 -0.63830759 -0.064166667 -0.064166667 -0.064166667
-1.8283333 -0.42916667 -0.075833338 -0.18583333 -0.7475 -0.43416667 -0.43166667 -0.37309356 0.031666667 -0.54916667 -0.705 -0.0925 -0.092499952 -0.1625 -0.1625 -0.52574722 -0.52583333 -0.44416667 -0.44416667 -1.0158323 -0.81333333 -0.81333333 0.33333333 0.18916667 0.18916667 0.64416667 0.046666667 0.046666667 0.36159473 -0.4225 0.27583333 0.27583333 0.15666667 0.15671874 0.6549644 0.97583333 0.97583333 1.0828805 1.1308333 1.1308333 0.82121997 0.82083334 0.82083583 0.0047900284 0.017420425 0.017499808 0.017499975 0.01749973 0.094174177 -0.064166667 -0.064166667 -0.064166667 -0.064166667
-1.3391726 -0.46166667 -0.42935492 -0.2675 -0.37916667 -0.90583333 -0.4775 -0.51833333 -0.41666667 -0.41666667 -0.705 -0.1825 -0.60083325 -0.1625 -0.16916665 -0.16916667 -0.52583333 -0.04 0.16416667 0.16416667 -0.67588107 -0.52166667 -0.52166667 0.44416666 0.64416667 0.64416667 0.046666667 0.046666667 0.36163505 0.36108461 0.6574069 0.15666667 0.15666667 0.655 0.655 1.041644 0.97583333 0.97583333 1.0658302 0.82083367 0.82083333 0.82083333 0.82084644 0.017503016 0.0175 0.0175 0.0175 0.017500077 0.14666667 -0.064124885 -0.064166667 -0.064166667 -0.064166667
-1.3391667 -0.41 -0.0575 -1.0125 -0.69668477 -0.69 -0.6775 -0.40583333 -0.61083333 -0.43833333 -0.43833333 -0.28583333 -0.60083333 -0.60083333 -0.1721283 -0.61847344 -0.6625 0.064166667 -0.49833265 0.16416667 0.1913195 0.28166667 -0.6675 0.30916666 0.30916089 -0.13833333 0.077500001 0.077499989 -0.17893234 -0.18083331 0.66 0.022143262 0.34 0.655 0.66410302 1.0966667 1.0966667 1.0658333 1.0658333 0.82083333 0.82083333 0.82083336 0.56222898 0.55833331 0.0175 0.0175 0.0175 0.14666175 0.14666667 0.14666667 -0.064166667 -0.064166667 -0.064166667
-0.52391308 -0.41 -0.054166667 -0.20916667 -0.35666667 -0.6725 -0.35166667 -0.019166667 -0.31333333 -0.10334143 -0.23166667 -0.37583333 -0.37583333 0.24 0.23999355 -0.90764818 -0.90833333 -0.90833333 -0.021699822 -0.51250006 -0.7825 -0.78249999 0.46833333 -0.21988675 -0.093237149 -0.13833333 0.305 0.0775 0.54973977 0.5525 -0.066666667 1.27 0.7424208 0.40916667 0.97416667 0.9425 1.325 0.345 1.3661949 0.82555749 1.8791667 1.1475 0.5584066 0.55833333 0.55528923 0.0175 -0.00083333236 0.14666667 0.14666667 0.14666667 0.14666667 -0.012392325 -0.0225
-1.1608333 -1.1608333 0.18916667 0.081666667 -0.50333333 -0.36416667 -0.2 -0.37 -0.24333333 -0.050044048 -0.0066666667 0.67416667 0.24 0.24 -0.44583333 -0.45217673 -0.90833333 -0.90821362 -0.39333333 -0.5125 -0.5125 -0.54728506 0.46833333 0.14167285 0.14166667 0.14166667 0.305 0.60333333 0.60333333 0.5525 0.5525 1.2680133 0.2225 0.40916667 0.65333333 0.9425 1.325 1.1625 1.3666667 0.90920289 1.1475 1.0963786 1.0083333 0.55833333 0.55833333 -0.00083333333 -0.00083333333 -0.00083333333 0.14666667 0.14666667 0.35166667 0.35166667 0.35166653
-1.1608333 -1.1608333 -0.51416667 -0.93416667 -0.73333333 -0.2625 -0.64666666 0.056310066 0.058333333 -0.0083333333 -0.3725 -0.4 0.67273599 -0.44583333 -0.44583333 -0.44581468 -0.28416667 -0.28989625 -0.39333333 -0.40916667 -0.40916667 -0.6 -0.6 0.14166667 0.14166667 0.14166667 0.60333333 0.60333333 0.60333333 -0.15083333 -0.15083333 -0.15083272 0.46333333 0.46333333 0.2 -0.11916667 1.305 0.74000098 1.0366667 0.90166667 0.90166667 0.51250163 1.0083333 0.55833333 0.56249975 0.23416667 0.85712234 0.86083333 1.0441667 1.0441667 0.35166667 0.35166667 0.35166667
-1.1608333 -0.88169847 -0.69339565 -0.83082586 -0.085 -0.55166667 -0.64666667 0.056666667 0.058333319 -0.0075947475 -0.39999949 -0.4 -0.19416667 -0.44583333 -0.44583333 -0.28416667 -0.28416667 -0.28417288 -0.39333333 -0.40916667 -0.44664245 -0.6 -0.6 0.14163715 0.14166667 0.13673587 0.12666667 0.12666667 0.12666673 -0.15083333 -0.15083333 -0.086666667 -0.086666667 0.46333261 0.2 0.5825 1.2328402 0.74 0.74 0.90166665 0.5125 0.5125 0.51250044 0.5625 0.5625 0.23416667 0.86083333 0.86083333 1.0441667 1.0441667 0.35166667 0.35166667 0.35166667
-0.025 -0.04805882 -0.002534181 -0.0084924879 -0.085002543 -0.55165565 -0.64666666 0.04800904 0.058218483 0.056592489 -0.19416667 -0.19416667 -0.19416667 -0.19416667 -0.44579768 -0.28416667 -0.28416667 -0.28557618 -0.39333333 -0.40911643 -0.23583333 -0.23583333 -0.23583333 -0.23583333 0.13526933 0.12666667 0.12666667 0.12666667 0.12666667 0.12649488 -0.086666667 -0.086666667 -0.086666667 -0.086666667 0.5825 0.5825 0.5825 0.73254002 0.73687687 0.32416667 0.32416667 0.51248987 0.44583733 0.56248876 0.5625 0.23416667 0.86083333 0.86083333 1.0441667 1.0441667 0.35417898 0.35166667 0.82252003
-0.025 -0.0025 -0.0025 -0.0025 -0.0025 -0.0025002283 -0.6464234 -0.31387528 0.05791205 -0.19389636 -0.19416667 -0.19416667 -0.19416667 -0.19416667 -0.19416649 -0.28416667 -0.28416668 -0.29165475 -0.3933313 -0.23583333 -0.23583333 -0.23583333 -0.23583333 -0.23583333 -0.23255336 0.085503273 0.090833341 0.090833333 0.090833333 0.090833333 -0.086666667 -0.086666667 -0.086666669 -0.088333333 -0.088333333 0.5825 0.29408312 0.28583333 0.32416664 0.32416667 0.32416667 0.32416667 0.44583333 0.44583333 0.44583333 0.44436033 0.98406197 0.985 0.985 0.985 0.985 1.0749999 1.075
0.40416667 -0.0025 -0.0025 -0.0025 -0.0025 -0.0025 -0.002500041 -0.400468 0.049108624 0.049166666 0.049166667 0.049166667 0.049166667 0.049166667 0.049166664 0.052392218 -0.27883364 -0.29911516 -0.2358531 -0.23583333 -0.23583333 -0.23583333 -0.23583333 -0.23583303 -0.084166667 -0.084166667 -0.084166421 0.090833333 0.090833333 0.090414489 -0.11833333 -0.11833333 -0.088333333 -0.088333333 -0.088333333 0.22589588 0.28583333 0.28583333 0.28583333 0.32416667 0.32416667 0.32416667 0.44583333 0.44583333 0.44583333 0.44583333 0.98499998 0.985 0.985 0.985 0.985 1.075 1.075
0.40416667 0.25276929 -0.0025 -0.0025 -0.0025 -0.0025 -0.19912807 -0.19916667 -0.19916666 0.049166667 0.049166667 0.049166667 0.049166667 0.049166667 0.049902023 0.0525 0.0525 0.0525 0.026698223 0.027499731 0.0275 0.0275 0.0275 0.0275 -0.084166667 -0.084166667 -0.084166667 -0.084166667 0.090833333 -0.11833333 -0.11833333 -0.11833333 -0.088333336 -0.088333333 -0.088333333 0.23916667 0.28577155 0.28583333 0.28583333 0.32409126 0.17358408 -0.17766231 0.44583333 0.44583333 0.0080219609 0.0066666667 0.0066666667 0.98295006 -0.25647971 -0.26083322 -0.2608331 0.030158101 1.0749979
0.40416667 -0.16349975 -0.091901466 -0.0025 -0.0025 -0.19905047 -0.19916667 -0.19916667 -0.19916667 -0.19737711 0.049166667 0.049166667 0.049166667 0.049166667 0.0525 0.0525 0.0525 0.0525 0.027522332 0.0275 0.0275 0.0275 0.0275 0.0275 -0.084166664 -0.084166667 -0.084166667 -0.084166667 -0.084290946 -0.11833333 -0.11833333 -0.11833333 -0.25 -0.088303923 0.23916667 0.23916667 0.23916667 0.23617466 -0.14972486 -0.17916667 -0.17916667 -0.17916667 -0.29916667 -0.29916667 0.0066666667 0.0066666667 0.0066666667 -0.26083333 -0.26083333 -0.26083333 -0.26083333 0.03 0.03
-0.17865348 -0.17916667 -0.17916667 -0.17916667 -0.36333333 -0.1991709 -0.19916667 -0.19916667 -0.19916667 -0.19916667 0.072636109 0.049170706 0.049166676 0.0525 0.0525 0.0525 0.0525 0.0525 0.03786184 0.0275 0.0275 0.0275 0.0275 0.0275 -0.26946015 -0.6633302 -0.66333333 -0.66333333 -0.66333333 -0.11833334 -0.25 -0.25 -0.25 -0.25 0.23916667 0.23915949 -0.033333333 -0.033333333 -0.17734572 -0.17916667 -0.17916667 -0.17916667 -0.29916667 -0.29916667 -0.040686864 0.0066666667 0.0066666667 -0.26083333 -0.26083333 -0.26083333 -0.25771484 0.03 0.03
-0.17916667 -0.17916667 -0.17916667 -0.2658935 -0.36333333 -0.36333333 -0.19916667 -0.19916667 -0.19916667 -0.19916667 0.35916667 0.35916667 0.35916667 0.0525 0.0525 0.0525 0.0525 0.052500826 -0.14833333 -0.14833333 0.027499929 0.0275 0.017558802 -0.38083333 -0.38337656 -0.66333333 -0.66333333 -0.66333333 -0.66333333 -0.25004209 -0.25 -0.25 -0.25 -0.25 -0.033332375 -0.033333333 -0.033333333 -0.033333333 -0.033865936 -0.17916667 -0.17916667 -0.17916667 -0.29916667 -0.29916667 -0.29916667 0.0066666667 0.0066666667 -0.26083333 -0.26083333 -0.26083333 0.03 0.03 0.03
-0.17916667 -0.17916667 -0.17916667 -0.36333333 -0.36333333 -0.36333333 -0.36333308 -0.19916667 -0.19916667 0.35859031 0.35916667 0.35916667 0.35916667 0.3589756 0.056547112 0.0575 0.0575 0.057499999 -0.14833333 -0.14833333 -0.14833333 -0.38083333 -0.38083333 -0.38083333 -0.38089193 -0.62486822 -0.66333333 -0.66333333 -0.66333333 -0.54415371 -0.59996558 -0.6 -0.6 -0.6 -0.17629571 -0.37583256 -0.37583333 -0.37583333 -0.37583333 -0.60994105 -0.61 -0.61 -0.29916667 -0.29916667 -0.4258328 -0.42583325 -0.185 -0.185 -0.1725 -0.1725 -0.1725 0.03 0.038325882
-0.17916728 -0.17916667 -0.17916667 -0.36333333 -0.36333333 -0.36333333 -0.36333333 -0.44583326 -0.20015294 0.35867021 0.35916667 0.35916667 0.35916667 0.35857471 0.0575 0.0575 0.0575 0.057499941 -0.14833333 -0.14833333 -0.14833333 -0.38083333 -0.38083333 -0.38083333 -0.59 -0.59 -0.6425 -0.6425 -0.6425 -0.64226815 -0.6 -0.6 -0.6 -0.6 -0.4879783 -0.37583333 -0.37583333 -0.37583333 -0.37583333 -0.61 -0.61 -0.61 -0.60420541 -0.42583333 -0.42583333 -0.42583333 -0.185 -0.185 -0.1725 -0.1725 -0.1725 0.038333326 0.038333333
-0.37833333 -0.29210638 -0.5675 -0.56744077 -0.36333333 -0.44535599 -0.44583333 -0.44583333 -0.40362614 -0.18833334 -0.18833333 -0.18833333 -0.18833333 0.14665576 0.14666667 0.057500068 0.0575 0.052076594 -0.14833333 -0.14833333 -0.14833333 -0.72416667 -0.72416667 -0.72416667 -0.59 -0.59 -0.6425 -0.6425 -0.6425 -0.6425001 -0.78499882 -0.78499948 -0.6046497 -0.60019833 -0.9262908 -0.92666667 -0.92666667 -0.92666667 -0.92666667 -0.61 -0.61 -0.61 -0.4359743 -0.42583333 -0.42583333 -0.42583335 -0.185 -0.185 -0.18499955 -0.1725 -0.17249795 -0.12666667 0.038333333
-0.35667078 -0.3566667 -0.5675 -0.5675 -0.5675 -0.44583333 -0.44583333 -0.44583333 -0.33 -0.33 -0.18833333 -0.18833333 -0.18833333 0.14666667 0.14666667 0.14666667 0.14666667 0.14663359 -0.14833333 -0.14833333 -0.14833336 -0.72416667 -0.72416667 -0.72416667 -0.59 -0.59 -0.6425 -0.6425 -0.6425 -0.7833933 -0.785 -0.785 -0.785 -0.785 -0.92659676 -0.92666667 -0.92666667 -0.92666667 -0.92666667 -0.8691666 -0.86916667 -0.86916667 -0.86916667 -0.42583405 -0.51916667 -0.51916667 -0.51916667 -0.15333333 -0.15333333 -0.15333333 -0.12666667 -0.12666667 -0.12666667
-0.35666667 -0.35666667 -0.5675 -0.5675 -0.5675 -0.44647284 -0.44583333 -0.33 -0.33 -0.33 -0.18835077 -0.18833333 -0.22782769 0.14666658 0.14666667 0.14666667 0.14666667 -0.23083333 -0.23083333 -0.23083333 -0.66166667 -0.66166671 -0.72416636 -0.72416667 -0.72423768 -0.9075 -0.9075 -0.90749937 -0.64254283 -1.1157674 -1.1158316 -1.1157756 -0.78556543 -0.78528551 -0.90165062 -0.92666682 -0.9280295 -1.3333333 -1.3333333 -0.86916667 -0.86916667 -0.86916667 -0.86916667 -0.51916667 -0.51916667 -0.51916667 -0.51916667 -0.15333333 -0.15333333 -0.15333333 -0.12666667 -0.12666667 -0.12666667
-0.35666667 -0.35666667 -0.5675 -0.5675 -0.5675 -0.5675 -0.4024803 -0.33 -0.33 -0.33 -0.32994844 -0.23666667 -0.23666667 -0.23666667 0.1444076 0.14666667 -0.22831777 -0.23083333 -0.23083333 -0.23083333 -0.66166667 -0.66166667 -0.66166667 -0.66166667 -0.9075 -0.9075 -0.9075 -0.9075 -0.9075 -1.1158333 -1.1158333 -1.1158333 -1.1158333 -1.1158335 -1.1916667 -1.3333333 -1.3333333 -1.3333333 -1.3333333 -1.3333317 -0.90416667 -0.90416667 -0.90416667 -0.75257846 -0.43833333 -0.43833333 -0.43833333 -0.15333334 -0.15333363 -0.46416667 -0.46416667 -0.12999919 -0.13
-0.35666667 -0.35666667 -0.49140397 -0.5675 -0.5675 -0.5675 -0.55127331 -0.33069857 -0.33 -0.33 -0.23666667 -0.23666667 -0.23666667 -0.23666667 -0.23666667 -0.2052452 -0.23083333 -0.23083333 -0.23083333 -0.23083333 -0.66166333 -0.66166667 -0.66166667 -0.66166667 -0.9075 -0.9075 -0.9075 -0.9075 -0.9075 -1.18665 -1.1158333 -1.1158333 -1.1158333 -1.1916667 -1.1916667 -1.1917767 -1.3333333 -1.3333333 -1.2451647 -1.1766667 -0.90416667 -0.90416667 -0.90416667 -0.7548167 -0.43833333 -0.43833333 -0.43833333 -0.73166667 -0.46749969 -0.46416667 -0.46416667 -0.13 -0.13
-0.27916667 -0.27916667 -0.27916667 -0.49520691 -0.56720291 -0.55166667 -0.55166667 -0.55166667 -0.55166667 -0.26166667 -0.26166667 -0.23666667 -0.23666667 -0.23666667 -0.23666667 -0.2366663 -0.23083333 -0.23083333 -0.23083333 -0.23083333 -0.47366498 -0.66166667 -0.66166667 -0.65250702 -0.33819845 -0.9075 -0.9075 -0.9075 -1.2116667 -1.2116667 -1.2116667 -1.2116663 -1.1916667 -1.1916667 -1.1916667 -1.1916667 -1.1766667 -1.1766667 -1.1766667 -1.1766667 -0.77583333 -0.77583333 -0.77583333 -0.52583836 -0.52583333 -0.52583333 -0.52583331 -0.73166667 -0.73166667 -0.4644926 -0.46416667 -0.13000115 -0.13
