interpolatedSpi/01-11|20_2.tif
NCOLS 53
NROWS 52
XLLCORNER -116.03883
YLLCORNER 28.596182
DX 0.49850594
DY 0.49788537
NODATA_VALUE -9999
[rows 0 to 25 of 52, columns 0 to 52 of 53]
0.053636364 0.053636364 -0.14643356 -0.48818182 -0.017272727 0.016363636 0.33363636 0.35090909 -0.11684625 -0.23636364 -0.29 0.15454545 -0.080874207 0.34272727 -0.12909091 -0.12909091 -0.12909091 0.22818182 0.30727273 0.30727273 0.30727273 0.30726785 -0.19909091 -0.059090909 -0.059090909 -0.059090909 0.38636471 0.38636364 0.38636364 0.099090909 0.099090909 0.099090909 0.099090909 -0.02454543 -0.024545455 -0.024545455 -0.024545455 -0.024545455 -0.024545455 -0.024545428 0.96030088 0.97068373 0.086363636 0.086363636 0.086363636 0.086363636 0.086641304 0.25636364 0.25636364 0.25636364 0.89090777 0.89090909 0.89090909
0.053620772 -0.29727273 -0.16272674 -0.054541521 0.20158926 0.32090909 0.34272727 0.1601705 -0.20909091 0.012727273 0.069090909 -0.080909091 -0.080909091 0.27205463 0.34272225 -0.12909091 0.22818182 0.22818182 0.3071696 0.30727273 0.30727273 0.30727273 -0.084739528 -0.059090909 -0.059090909 -0.059090909 -0.12272727 -0.12272727 0.099090909 0.099090909 0.099090909 0.099090909 0.099090909 -0.024545437 -0.024545455 -0.024545455 -0.024545455 -0.024545455 -0.024545398 0.025744166 0.22365829 0.10302091 0.086363636 0.086363636 0.086363636 0.086363636 0.086363636 0.25636364 0.25636364 0.25636364 0.30898075 0.89090909 0.89090909
0.61633457 0.61636364 0.29818182 0.73727273 0.24363636 0.073636364 0.28545455 -0.12090909 0.042727273 0.075454546 0.41363636 -0.26818182 -0.46 0.07 0.27181818 0.26181818 0.22818182 0.22818182 0.22818182 0.077339589 0.077272727 0.077272727 -0.54636364 -0.059090909 -0.059090909 -0.059090909 -0.12272727 -0.12272727 -0.12272727 0.099090909 0.099090909 0.099090868 -0.31009915 -0.023622171 -0.017378399 0.73839867 0.74545455 0.74545455 0.67982357 0.22363637 0.22363636 0.22346083 0.086363636 0.086363636 0.086363636 0.086363636 0.086363636 0.25636364 0.25636364 0.25636364 0.25636364 0.89090909 0.89090909
0.28727273 0.61636355 0.18723137 0.42818182 -0.0072727273 0.20636364 0.43 -0.38 0.091818182 0.12150384 0.12636364 0.058181818 -0.059090909 0.07 0.092727273 0.26181818 -0.40034927 -0.40501058 -0.51545455 0.077272727 0.077272727 -0.94363636 -0.54636364 -0.54636364 -0.059090909 -0.059091227 -0.12272727 -0.12272727 -0.12272727 -0.85636364 -0.79850308 -0.75090909 -0.75090909 -0.75090792 0.74545455 0.74545455 0.74545455 0.74545455 0.22363636 0.22363636 0.22363636 0.22363636 0.086363636 0.086363636 0.086363636 0.086363636 0.086363636 0.25636149 0.25636364 0.25636364 0.25636364 0.89084189 0.89090909
0.28727273 0.033636645 0.18727273 0.14033117 -0.0072727273 0.13363636 -0.10451271 -0.27272727 -0.37272727 -0.035454632 0.0080377694 0.029112525 0.18 0.092727273 0.092727273 0.19538196 -0.40545455 -0.40545455 -0.51545455 -0.51545455 0.077270665 -0.94363636 -1.4890909 -0.58909091 -0.49818182 -0.49824274 -0.12272727 -0.12272727 -0.85636364 -0.85636364 -0.75090909 -0.75090909 -0.75090909 -0.74096612 0.74545454 0.74545455 0.74545455 0.22363636 0.22363636 0.22363636 0.22363636 0.22361311 0.086363635 0.086363636 0.086363636 0.086363636 0.086363636 0.087876847 0.25636364 0.25629984 -1.1663636 -1.1663636 -1.1663636
-0.95727273 0.025454545 0.41727272 0.13 0.16090909 0.31818182 0.047272727 0.0063035627 0.041818182 -0.32818182 0.13272727 -0.35363636 -0.35363601 0.056363636 0.056363636 -0.38816931 -0.38818182 -0.57727273 -0.57727273 -0.5154548 -1.1781818 -1.1781818 -0.58909091 -0.49818182 -0.49818182 -0.75909091 -1.0627273 -1.0627273 -0.31823116 -0.85636364 -0.75090909 -0.75090909 -0.69818182 -0.69817203 -0.60455222 -0.78 -0.78 -0.086861456 0.22363636 0.22363636 -0.016972262 -0.017272726 -0.017271663 -0.99868356 -1.0180597 -1.0181815 -1.0181818 -1.0181814 -1.4539583 -1.1663636 -1.1663636 -1.1663636 -1.1663636
-0.39909301 -0.015454545 -0.60155616 0.044545454 0.39363636 -0.22272727 -0.079999997 0.0045454545 -0.25727273 -0.25727273 0.13272727 -0.16 -0.18545463 0.056363636 -0.33636246 -0.33636364 -0.38818182 -0.53727273 -0.80727273 -0.80727273 -1.1893208 -1.2018182 -1.2018182 -1.0254545 -0.75909091 -0.75909091 -1.0627273 -1.0627273 -0.31820237 -0.31856027 -0.1797012 -0.69818182 -0.69818182 -0.60454545 -0.60454545 -0.86714241 -0.78 -0.78 -1.2190757 -0.0172744 -0.017272727 -0.017272727 -0.017268364 -1.0181801 -1.0181818 -1.0181818 -1.0181818 -1.0181821 -1.5627273 -1.1664422 -1.1663636 -1.1663636 -1.1663636
-0.39909091 -0.73181818 -0.37818182 -0.86909091 -1.0572619 -0.52636364 -0.13090909 -0.63545453 -0.33636364 -0.33272727 -0.33272727 -0.52181818 -0.18545455 -0.18545455 -0.33532826 -0.53838609 -0.55818182 -0.43363636 -0.7827273 -0.80727273 -1.1576303 -1.1218182 -1.4154545 -0.84818182 -0.84818575 -1.1527273 -1.2081818 -1.2081818 -0.66967309 -0.67090908 -0.17818182 -0.51904031 -0.50909091 -0.60454545 -0.60954963 -0.94 -0.94 -1.2190909 -1.2190909 -0.017272727 -0.017272727 -0.017272717 -0.70650218 -0.70909092 -1.0181818 -1.0181818 -1.0181818 -1.5627065 -1.5627273 -1.5627273 -1.1663636 -1.1663636 -1.1663636
-0.76023036 -0.73181817 -0.77454545 -0.59181818 -0.47636364 -0.62363636 -0.35909091 0.14090909 0.13272727 0.30961343 0.13090909 -0.21363636 -0.21363636 -0.4 -0.3999977 -0.73677359 -0.73727273 -0.73727273 -0.48692563 -1.2827273 -1.5436364 -1.5436364 -1.1854545 -1.3248153 -1.1220371 -1.1527273 -1.1363636 -1.2081818 -0.89456038 -0.89272727 -0.52181818 -0.063636364 -0.26738827 -0.90090909 -0.78 -0.81363636 -0.8 -0.67 -0.77631452 -0.015211275 0.44454545 -0.38818182 -0.70905464 -0.70909091 -0.71083064 -1.0181818 -1.1936364 -1.5627273 -1.5627273 -1.5627273 -1.5627273 -1.1265213 -0.75545455
-0.91909091 -0.91909091 -0.84909091 -0.52545455 -0.45818182 -0.35636364 -0.22181818 -0.11454545 0.34272727 0.35452547 0.079090909 0.092727273 -0.4 -0.4 -0.15545455 -0.16343444 -0.73727273 -0.73722153 -0.51818182 -1.2827273 -1.2827273 -1.3163411 -1.1854545 -1.2918162 -1.2918182 -1.2918182 -1.1363636 -0.66909091 -0.66909091 -0.89272727 -0.89272727 -0.064403631 -0.46818182 -0.90090909 -0.76090909 -0.81363636 -0.8 -1.2881818 -0.77636364 0.17880993 -0.38818178 -0.42424787 -0.48636364 -0.70909091 -0.70909091 -1.1936364 -1.1936364 -1.1936364 -1.5627273 -1.5627273 -0.84636364 -0.84636364 -0.8463636
-0.91909091 -0.91909091 -1.1363636 -0.87909091 -0.94909091 -0.47454545 -0.66454545 0.059807379 -0.16545455 -0.15454545 -0.037272727 -0.12727273 0.092433658 -0.15545455 -0.15545455 -0.15548968 -0.46 -0.46305365 -0.51818182 -0.4 -0.4 -0.65545455 -0.65545455 -1.2918182 -1.2918182 -1.2918182 -0.66909091 -0.66909091 -0.66909091 -1.1036364 -1.1036364 -1.1036353 -0.75545455 -0.75545455 -0.81181818 -1.1009091 -0.70090909 -0.88181616 -1.1081818 0.19454545 0.19454545 -0.36181859 -0.48636364 -0.70909091 -0.50454561 -0.66181818 -0.51203909 -0.50909091 -0.63545455 -0.63545455 -0.84636364 -0.84636364 -0.84636364
-0.91909091 -1.0128407 -1.0265762 -1.0518099 -0.83272727 -1.1145455 -0.66454545 0.06 -0.16545266 -0.15466631 -0.12727276 -0.12727273 -0.099090909 -0.15545455 -0.15545455 -0.45999999 -0.46 -0.46000331 -0.51818182 -0.4 -0.45016608 -0.65545455 -0.65545455 -1.2917923 -1.2918182 -1.2057534 -1.03 -1.03 -1.03 -1.1036364 -1.1036364 -1.0327273 -1.0327273 -0.7554547 -0.81181818 -0.54454566 -0.69172507 -0.88181818 -0.88181818 0.19454544 -0.36181818 -0.36181818 -0.36181923 -0.50454545 -0.50454545 -0.66181818 -0.50909091 -0.50909091 -0.63545455 -0.63545455 -0.84636364 -0.84636364 -0.84636364
-0.076363636 -0.010857761 0.081782029 0.073605765 -0.83272869 -1.1145388 -0.66454547 0.051081259 -0.14991842 -0.16516968 -0.099090909 -0.099090909 -0.099090909 -0.099090909 -0.15544656 -0.46 -0.46 -0.46075122 -0.51818182 -0.39998682 -0.35181818 -0.35181818 -0.35181818 -0.35181818 -1.2756985 -1.03 -1.03 -1.03 -1.03 -1.0299723 -1.0327273 -1.0327273 -1.0327273 -1.0327273 -0.54454545 -0.54454545 -0.54454545 -0.86527811 -0.87686123 -0.22181818 -0.22181818 -0.36181065 -0.27182615 -0.50452304 -0.50454545 -0.66181818 -0.50909091 -0.50909091 -0.63545454 -0.63545455 -0.84559848 -0.84636364 -0.6324408
-0.076363636 0.081818182 0.081818182 0.081818182 0.081818182 0.081817679 -0.6656973 -0.32174677 -0.1084695 -0.09916213 -0.099090909 -0.099090909 -0.099090909 -0.099090909 -0.099091078 -0.46 -0.46000001 -0.46399088 -0.51818047 -0.35181818 -0.35181818 -0.35181818 -0.35181818 -0.35181818 -0.35551534 -0.83160102 -0.77454551 -0.77454545 -0.77454545 -0.77454545 -1.0327273 -1.0327273 -1.0327271 -0.84909091 -0.84909091 -0.54454545 -0.31387087 -0.30727273 -0.22181823 -0.22181818 -0.22181818 -0.22181818 -0.27181818 -0.27181818 -0.27181818 -0.27453223 -0.38267798 -0.38181818 -0.38181818 -0.38181818 -0.38181819 0.52818153 0.52818182
0.072727273 0.081818182 0.081818182 0.081818182 0.081818182 0.081818182 0.081818131 -0.46068528 -0.32871508 -0.33 -0.33 -0.33 -0.33 -0.33 -0.33 -0.21511891 -0.45608108 -0.46796698 -0.35183908 -0.35181818 -0.35181818 -0.35181818 -0.35181818 -0.35181827 -0.52272727 -0.52272727 -0.52272763 -0.77454545 -0.77454545 -0.77455092 -0.77727273 -0.77727273 -0.84909091 -0.84909091 -0.84909091 -0.39406604 -0.30727273 -0.30727273 -0.30727273 -0.22181818 -0.22181818 -0.22181818 -0.27181818 -0.27181818 -0.27181818 -0.27181818 -0.38181818 -0.38181818 -0.38181818 -0.38181818 -0.38181818 0.52818182 0.52818182
0.072727273 0.076111715 0.081818182 0.081818182 0.081818182 0.081818182 -0.37627371 -0.37636364 -0.37636364 -0.33 -0.33 -0.33 -0.33 -0.33 -0.30412882 -0.21272727 -0.21272727 -0.21272727 -0.42432367 -0.42454538 -0.42454545 -0.42454545 -0.42454545 -0.42454545 -0.52272727 -0.52272727 -0.52272727 -0.52272727 -0.77454545 -0.77727273 -0.77727273 -0.77727273 -0.8490909 -0.84909091 -0.84909091 -0.16 -0.30707773 -0.30727273 -0.30727273 -0.22184218 -0.26968549 -0.38133998 -0.27181818 -0.27181818 -0.23919191 -0.23909091 -0.23909091 -0.38123699 -0.029417617 -0.028181849 -0.028181885 0.25640471 0.52818127
0.072727273 -0.080321399 -0.0023694769 0.081818182 0.081818182 -0.37609292 -0.37636364 -0.37636364 -0.37636364 -0.37602953 -0.33 -0.33 -0.33 -0.32999999 -0.21272727 -0.21272727 -0.21272727 -0.21272727 -0.42435624 -0.42454545 -0.42454545 -0.42454545 -0.42454545 -0.42454545 -0.52272727 -0.52272727 -0.52272727 -0.52272727 -0.52365314 -0.77727273 -0.77727273 -0.77727273 -0.30727274 -0.84900774 -0.16 -0.16 -0.16 -0.16403824 -0.37710362 -0.38181818 -0.38181818 -0.38181818 -0.27272727 -0.27272727 -0.23909091 -0.23909091 -0.23909091 -0.028181821 -0.028181818 -0.028181818 -0.028181818 0.25636364 0.25636364
-0.084333902 -0.084545455 -0.084545455 -0.084545457 -0.32363636 -0.37636228 -0.37636364 -0.37636364 -0.37636364 -0.37636364 -0.30233212 -0.32999524 -0.32999999 -0.21272727 -0.21272727 -0.21272727 -0.21272727 -0.21272727 -0.26112647 -0.42454545 -0.42454545 -0.42454545 -0.42454545 -0.42454545 -0.37287226 -0.21454712 -0.21454545 -0.21454545 -0.21454545 -0.7772727 -0.30727274 -0.30727273 -0.30727273 -0.30727273 -0.16 -0.16000965 -0.52636364 -0.52636364 -0.38362305 -0.38181818 -0.38181818 -0.38181818 -0.27272727 -0.27272727 -0.24429898 -0.23909091 -0.23909091 -0.028181818 -0.028181818 -0.028181818 -0.025130751 0.25636364 0.25636364
-0.084545455 -0.084545455 -0.084545455 -0.19713693 -0.32363636 -0.32363636 -0.37636364 -0.37636364 -0.37636364 -0.37636364 0.035454545 0.035454545 0.035454545 -0.21272727 -0.21272727 -0.21272727 -0.21272727 -0.21277219 -0.71636364 -0.71636364 -0.42454557 -0.42454545 -0.42405854 -0.40454545 -0.40283497 -0.21454545 -0.21454545 -0.21454545 -0.21454545 -0.30726329 -0.30727273 -0.30727273 -0.30727273 -0.30727273 -0.52636235 -0.52636364 -0.52636364 -0.52636364 -0.52583487 -0.38181818 -0.38181818 -0.38181818 -0.27272727 -0.27272727 -0.27272727 -0.23909091 -0.23909091 -0.02818182 -0.028181818 -0.028181818 0.25636364 0.25636364 0.25636364
-0.084545455 -0.084545455 -0.084545455 -0.32363636 -0.32363636 -0.32363636 -0.32363644 -0.37636364 -0.37636364 0.035029431 0.035454545 0.035454545 0.035454545 0.035299913 -0.432743 -0.48454545 -0.48454545 -0.48454546 -0.71636364 -0.71636364 -0.71636364 -0.40454545 -0.40454545 -0.40454545 -0.40450547 -0.23934115 -0.21454545 -0.21454545 -0.21454545 -0.16837216 -0.13910745 -0.13909091 -0.13909091 -0.13909091 -0.37863591 -0.17181899 -0.17181818 -0.17181818 -0.17181818 -0.17639175 -0.17636364 -0.17636364 -0.27272727 -0.27272727 0.22636155 0.22636357 0.048181818 0.048181818 0.12454545 0.12454545 0.12454545 0.25636364 0.53157189
-0.084545226 -0.084545455 -0.084545463 -0.32363636 -0.32363636 -0.32363636 -0.32363636 -0.44363634 -0.37663262 0.035336664 0.035454545 0.035454545 0.035454545 0.034434162 -0.48454545 -0.48454545 -0.48454545 -0.48454552 -0.71636364 -0.71636364 -0.71636364 -0.40454545 -0.40454545 -0.40454545 -0.26181818 -0.26181818 -0.23090909 -0.23090909 -0.23090909 -0.23040819 -0.13909091 -0.13909091 -0.13909091 -0.13909091 -0.15544561 -0.17181818 -0.17181818 -0.17181818 -0.17181818 -0.17636364 -0.17636364 -0.17636364 -0.1636923 0.22636364 0.22636364 0.22636364 0.048181818 0.048181818 0.12454545 0.12454545 0.12454545 0.53181817 0.53181818
-0.010909091 -0.0575304 -0.43636364 -0.43633093 -0.32363636 -0.44294205 -0.44363636 -0.44363636 -0.40090469 -0.09454546 -0.094545455 -0.094545455 -0.094545455 -0.64361849 -0.64363636 -0.48454558 -0.48454545 -0.49065352 -0.71636364 -0.71636364 -0.71636364 -0.71909091 -0.71909091 -0.71909091 -0.26181818 -0.26181818 -0.23090909 -0.23090909 -0.23090909 -0.23090905 -0.16909072 -0.16909082 -0.13984491 -0.13912307 -0.45327568 -0.45363636 -0.45363636 -0.45363636 -0.45363636 -0.17636364 -0.17636364 -0.17636364 0.20418803 0.22636364 0.22636364 0.22636358 0.048181818 0.048181818 0.048184567 0.12454545 0.12455602 0.36090909 0.53181818
-0.33357508 -0.33363638 -0.43636364 -0.43636364 -0.43636364 -0.44363636 -0.44363636 -0.44363636 -0.32636364 -0.32636364 -0.094545455 -0.094545455 -0.094545455 -0.64363636 -0.64363636 -0.64363636 -0.64363636 -0.64364383 -0.71636364 -0.71636364 -0.71636364 -0.71909091 -0.71909091 -0.71909091 -0.26181818 -0.26181818 -0.23090909 -0.23090909 -0.23090909 -0.16978791 -0.16909091 -0.16909091 -0.16909091 -0.16909091 -0.45349596 -0.45363636 -0.45363636 -0.45363636 -0.45363636 -0.4427272 -0.44272727 -0.44272727 -0.44272727 0.2263611 -0.10363636 -0.10363636 -0.10363636 0.18181818 0.18181818 0.18181818 0.36090909 0.36090909 0.36090909
-0.33363636 -0.33363636 -0.43636364 -0.43636364 -0.43636364 -0.44359814 -0.44363636 -0.32636364 -0.32636364 -0.32636364 -0.094573992 -0.094545455 -0.63161925 -0.64363639 -0.64363636 -0.64363636 -0.64363636 -0.83818182 -0.83818182 -0.83818182 -0.90363636 -0.90363623 -0.71909181 -0.71909091 -0.71904875 -0.86454545 -0.86454545 -0.86454394 -0.23101149 -0.1309167 -0.13090929 -0.13091576 -0.16902565 -0.16905796 -0.40293321 -0.45363637 -0.45373385 -0.48272727 -0.48272727 -0.44272727 -0.44272727 -0.44272727 -0.44272727 -0.10363636 -0.10363636 -0.10363636 -0.10363636 0.18181818 0.18181818 0.18181818 0.36090909 0.36090909 0.36090909
-0.33363636 -0.33363636 -0.43636364 -0.43636364 -0.43636364 -0.43636364 -0.39974461 -0.32636364 -0.32636364 -0.32636364 -0.32659865 -0.75181818 -0.75181818 -0.75181818 -0.6442739 -0.64363636 -0.83688542 -0.83818182 -0.83818182 -0.83818182 -0.90363636 -0.90363636 -0.90363636 -0.90363636 -0.86454545 -0.86454545 -0.86454545 -0.86454545 -0.86454545 -0.13090909 -0.13090909 -0.13090909 -0.13090909 -0.13090942 -0.28818182 -0.48272727 -0.48272727 -0.48272727 -0.48272727 -0.48272752 -0.56727273 -0.56727273 -0.56727273 -0.46875999 -0.26454545 -0.26454545 -0.26454545 0.18181817 0.18181809 0.084545455 0.084545455 0.21458106 0.21454545
-0.33363636 -0.33363636 -0.3992863 -0.43636364 -0.43636364 -0.43636365 -1.1920974 -0.3290968 -0.32636364 -0.32636364 -0.75181824 -0.75181818 -0.75181818 -0.75181818 -0.75181818 -0.74296371 -0.83818182 -0.83818182 -0.83818182 -0.83818182 -0.90363586 -0.90363636 -0.90363636 -0.90363636 -0.86454545 -0.86454545 -0.86454545 -0.86454545 -0.86454545 -0.52322777 -0.13090909 -0.13090909 -0.13090909 -0.28818182 -0.28818182 -0.28833289 -0.48272727 -0.48272727 -0.42440295 -0.37909092 -0.56727273 -0.56727273 -0.56727273 -0.46957841 -0.26454545 -0.26454545 -0.26454545 -0.062727273 0.082710451 0.084545455 0.084545455 0.21454545 0.21454545
