interpolatedSpi/01-11|19_3.tif
NCOLS 53
NROWS 52
XLLCORNER -116.03883
YLLCORNER 28.596182
DX 0.49850594
DY 0.49788537
NODATA_VALUE -9999
[rows 0 to 27 of 52, columns 0 to 52 of 53]
0.42363636 0.42363636 0.20467987 -0.012727273 0.022727273 0.044545455 0.044545455 -0.032727273 -0.49959111 -0.65090909 -0.52727273 -0.12454545 -0.3754532 -0.35909091 -0.34363636 -0.34363636 -0.34363636 0.045454545 0.12090909 0.12090909 0.12090909 0.12090132 -0.68545454 -0.15090909 -0.15090909 -0.15090909 -0.77636025 -0.77636364 -0.77636364 -0.75181818 -0.75181818 -0.75181818 -0.75181818 -0.99090904 -0.99090909 -0.99090909 -0.99090909 -0.99090909 -0.99090909 -0.99090907 -0.17065272 -0.16193418 -0.61727273 -0.61727273 -0.61727273 -0.61727273 -0.61828837 -1.2390909 -1.2390909 -1.2390909 -0.14000228 -0.14 -0.14
0.42362013 0.058181818 0.21545492 0.1880436 0.17438416 0.33090909 0.66545455 -0.1352823 -0.41 -0.39090909 0.082727273 -0.37545454 -0.37545455 0.22259934 -0.35908372 -0.34363636 0.045454545 0.045454545 0.12081071 0.12090909 0.12090909 0.12090909 -0.17344734 -0.15090909 -0.15090909 -0.15090909 -0.030000008 -0.03 -0.75181818 -0.75181818 -0.75181818 -0.75181818 -0.75181818 -0.99090906 -0.99090909 -0.99090909 -0.99090909 -0.99090909 -0.990909 -0.79437787 0.15996066 -0.52295681 -0.61727273 -0.61727273 -0.61727273 -0.61727273 -0.61727273 -1.2390909 -1.2390909 -1.2390909 -1.1479532 -0.14 -0.14
0.14455047 0.14454545 0.53909091 0.55454545 -0.079090909 -0.14181818 0.12909091 0.18272727 -0.40090909 -0.39181818 0.023636364 -0.40363636 0.013636364 -0.11090909 0.22454545 -0.82363636 0.045454545 0.045454545 0.045454545 -0.048132663 -0.048181818 -0.048181818 -0.57909091 -0.15090909 -0.15090909 -0.15090909 -0.03 -0.03 -0.03 -0.75181818 -0.75181818 -0.75181819 -0.79120546 -0.98816512 -0.97877502 0.30078144 0.31272727 0.31272727 0.29351821 0.16 0.16 0.15900606 -0.61727273 -0.61727273 -0.61727273 -0.61727273 -0.61727273 -1.2390909 -1.2390909 -1.2390909 -1.2390909 -0.14 -0.14
0.29545455 0.14454529 -0.68003189 0.39363636 -0.39545455 0.0054545455 -0.081818182 -0.41090909 -0.41818182 -0.048804629 -0.51727273 -0.75181818 -0.42454545 -0.11090909 -0.25636364 -0.82363636 -0.44654372 -0.44329368 -0.67181818 -0.048181818 -0.048181818 -0.52909091 -0.57909091 -0.57909091 -0.15090909 -0.15090849 -0.03 -0.03 -0.03 -1.0472727 -0.93005521 -0.83363636 -0.83363636 -0.83363547 0.31272727 0.31272727 0.31272727 0.31272727 0.16 0.16 0.16 0.15999997 -0.61727273 -0.61727273 -0.61727273 -0.61727273 -0.61727273 -1.2390831 -1.2390909 -1.2390909 -1.2390909 -0.1400136 -0.14
0.29545455 -0.010910318 -0.68 -0.73882614 -0.39545455 -0.45636364 -0.52634779 -0.50454545 -0.43909091 -0.61545462 -0.5578629 -0.52907359 -0.40818182 -0.25636364 -0.25636364 -0.6299545 -0.44363636 -0.44363636 -0.67181818 -0.67181818 -0.048182805 -0.52909091 -0.65818182 -0.56545455 -0.35090909 -0.35085161 -0.03 -0.03 -1.0472727 -1.0472727 -0.83363636 -0.83363636 -0.83363636 -0.81477907 0.31272727 0.31272727 0.31272727 0.16 0.16 0.16 0.16 0.15999789 -0.61727272 -0.61727273 -0.61727273 -0.61727273 -0.61727273 -0.62280768 -1.2390909 -1.2390603 -0.55636364 -0.55636364 -0.55636364
-1.5727273 -0.068181818 -0.017272701 -0.51818182 -0.13090909 -0.030909091 -0.73909091 -0.70906237 -0.79727273 -0.60363636 -0.66181818 -0.61363636 -0.61363623 -1.0109091 -1.0109091 -0.37716913 -0.37727273 -0.39909091 -0.39909091 -0.67181775 -0.79 -0.79 -0.56545455 -0.35090909 -0.35090909 -0.10545455 -1.1218182 -1.1218182 -0.48823271 -1.0472727 -0.83363636 -0.83363636 -0.73363636 -0.73364985 -0.86271797 -0.71363636 -0.71363636 -0.11027935 0.16 0.16 0.13820903 0.13818182 0.13818311 0.22486679 0.23990525 0.23999977 0.23999997 0.23999967 -0.15412222 -0.55636364 -0.55636364 -0.55636364 -0.55636364
-0.77727786 -0.22272727 -0.090683567 0.18363636 0.51363636 -0.69272727 -0.53727273 -0.59 -0.97 -0.97 -0.66181818 -0.51454545 -0.67545446 -1.0109091 0.051814998 0.051818182 -0.37727273 -0.077272727 -0.18090909 -0.18090909 -0.71973869 -0.64090909 -0.64090909 -0.019090914 -0.10545455 -0.10545455 -1.1218182 -1.1218182 -0.48818738 -0.48828423 -0.14136908 -0.73363636 -0.73363636 -0.86272727 -0.86272727 -0.51360493 -0.71363636 -0.71363636 -0.51909765 0.1381809 0.13818182 0.13818182 0.13818934 0.24000094 0.24 0.24 0.24 0.23999983 -0.048181818 -0.55626293 -0.55636364 -0.55636364 -0.55636364
-0.77727273 -0.89818182 0.27909091 -0.71909091 -0.32184096 -0.82636364 -0.88454545 -0.73272727 -0.90727273 -0.42 -0.42 -0.34636364 -0.67545455 -0.67545455 0.046828417 -0.0028272364 -0.0081818182 0.10454545 -0.3799998 -0.18090909 0.12874037 0.14363636 -0.30727273 -0.35363636 -0.35363605 -0.32909091 0.089999999 0.089999572 -0.58330188 -0.58363635 -0.14 -0.20424312 -0.55454545 -0.86272727 -0.8359692 -0.34636364 -0.34636364 -0.51909091 -0.51909091 0.13818182 0.13818182 0.13818183 0.40990501 0.4090909 0.24 0.24 0.24 -0.048170849 -0.048181818 -0.048181818 -0.55636364 -0.55636364 -0.55636364
-0.82825475 -0.89818181 -0.055454545 0.24545455 0.0081818182 -0.59454545 -0.55272727 -0.26545455 -0.89818182 -0.36824828 -0.43818182 -0.37909091 -0.37909091 -0.0054545455 -0.0054506902 -0.27833586 -0.27909091 -0.27909091 0.030578844 0.22909085 -0.031818182 -0.03181818 0.11 -0.14283241 -0.33156444 -0.32909091 -0.18545455 0.09 0.047521015 0.047272727 -0.10636364 0.37 0.30726881 0.039090909 0.075454545 -0.072727273 -0.10272727 -0.35090909 0.13977332 0.14056791 0.67272727 0.57727273 0.40908721 0.40909091 0.40813917 0.24 0.099090917 -0.048181817 -0.048181818 -0.048181818 -0.048181817 -0.45777638 -0.051818182
-0.43727273 -0.43727273 -0.26181818 -0.071818182 -0.19 -0.65363636 -0.38909091 -0.37272727 -0.054545455 -0.23363344 -0.22727273 -0.24636364 -0.0054545455 -0.0054545455 0.40454545 0.39516907 -0.27909091 -0.27900979 0.032727273 0.22909091 0.22909091 0.19547709 0.11 -0.24908411 -0.24909091 -0.24909091 -0.18545455 0.51727273 0.51727273 0.047272727 0.047272727 0.36976379 0.24545455 0.039090909 0.20818182 -0.072727273 -0.10272727 -0.52727273 0.14 0.87873914 0.57727273 0.5071443 0.38636364 0.40909091 0.40909091 0.099090909 0.099090909 0.099090909 -0.048181818 -0.048181818 0.23545455 0.23545455 0.23545444
-0.43727273 -0.43727273 -0.52181818 -1.0563636 -0.80636364 -0.072727273 -0.42090909 -0.30198059 -0.54636364 -0.35636364 -0.11545455 -0.44545455 -0.24662833 0.40454545 0.40454545 0.40455395 0.47818182 0.45480227 0.032727273 0.69090909 0.69090909 1.0818182 1.0818182 -0.24909091 -0.24909091 -0.24909091 0.51727273 0.51727273 0.51727273 -0.087272727 -0.087272727 -0.087272179 0.21818182 0.21818182 -0.48636364 4.0371746e-17 0.48818182 -0.15363592 0.32909091 0.89090909 0.89090909 0.45545432 0.38636364 0.40909091 0.51454527 0.29727273 0.55620462 0.55818182 0.88181818 0.88181818 0.23545455 0.23545455 0.23545455
-0.43727273 -0.47394866 -0.74992779 -0.98180296 -0.15 -0.37545455 -0.42090909 -0.30181818 -0.54636159 -0.35846861 -0.44545443 -0.44545455 0.47181818 0.40454545 0.40454545 0.47818182 0.47818182 0.47815647 0.032727273 0.69090909 0.76767568 1.0818182 1.0818182 -0.24903723 -0.24909091 0.055721775 0.67818182 0.67818182 0.6781818 -0.087272727 -0.087272727 0.38818182 0.38818182 0.21817989 -0.48636364 0.53999978 0.39357308 -0.15363636 -0.15363636 0.89090908 0.45545455 0.45545455 0.45545496 0.51454545 0.51454545 0.29727273 0.55818182 0.55818182 0.88181818 0.88181818 0.23545455 0.23545455 0.23545455
-0.59090909 -0.20043579 -0.16548708 -0.17135782 -0.15000138 -0.37544922 -0.42090909 -0.30328413 -0.52951195 -0.54140223 0.47181818 0.47181818 0.47181818 0.47181818 0.40455498 0.47818182 0.47818182 0.47243029 0.032727273 0.69104854 1.1872727 1.1872727 1.1872727 1.1872727 -0.22401326 0.67818182 0.67818182 0.67818182 0.67818182 0.67775694 0.38818182 0.38818182 0.38818182 0.38818182 0.54 0.54 0.54 -0.120131 -0.14542256 0.94 0.94 0.45548061 0.56363468 0.51455018 0.51454545 0.29727273 0.55818182 0.55818182 0.88181818 0.88181818 0.23779948 0.23545455 -0.066818245
-0.59090909 -0.16545455 -0.16545455 -0.16545455 -0.16545455 -0.16545463 -0.42079268 -0.36459143 -0.4845532 0.47072645 0.47181818 0.47181818 0.47181818 0.47181818 0.47181841 0.47818182 0.47818175 0.44762668 0.032737219 1.1872727 1.1872727 1.1872727 1.1872727 1.1872727 1.1836352 0.75662456 0.75636362 0.75636364 0.75636364 0.75636364 0.38818183 0.38818182 0.38818239 0.86636364 0.86636364 0.54 1.0057682 1.0190909 0.94000005 0.94 0.94 0.94 0.56363636 0.56363636 0.56363636 0.56178272 0.28627164 0.28454545 0.28454545 0.28454545 0.28454547 0.87454532 0.87454545
0.24818182 -0.16545455 -0.16545455 -0.16545455 -0.16545455 -0.16545455 -0.16545456 -0.20867939 0.78313854 0.79 0.79 0.79 0.79 0.79 0.79 1.021537 0.48684158 0.41718439 1.1871277 1.1872727 1.1872727 1.1872727 1.1872727 1.187273 1.0190909 1.0190909 1.0190905 0.75636364 0.75636364 0.75693706 1.0427273 1.0427273 0.86636364 0.86636364 0.86636364 0.99462574 1.0190909 1.0190909 1.0190909 0.94 0.94 0.94 0.56363636 0.56363636 0.56363636 0.56363636 0.28454546 0.28454545 0.28454545 0.28454545 0.28454545 0.87454545 0.87454545
0.24818182 0.094189699 -0.16545455 -0.16545455 -0.16545455 -0.16545455 0.2526452 0.25272727 0.25272729 0.79 0.79 0.79 0.79 0.79 0.84214347 1.0263636 1.0263636 1.0263636 1.3812253 1.381818 1.3818182 1.3818182 1.3818182 1.3818182 1.0190909 1.0190909 1.0190909 1.0190909 0.75636364 1.0427273 1.0427273 1.0427273 0.86636365 0.86636364 0.86636364 1.1927273 1.0193208 1.0190909 1.0190909 0.94000875 0.9574063 0.99800793 0.56363636 0.56363636 0.81920885 0.82 0.82 0.28536592 0.78098635 0.78272723 0.78272718 1.058154 0.87454583
0.24818182 -0.034914071 -0.1033489 -0.16545455 -0.16545455 0.25248019 0.25272727 0.25272727 0.25272727 0.25659901 0.79 0.79 0.79 0.79000003 1.0263636 1.0263636 1.0263636 1.0263636 1.3815007 1.3818182 1.3818182 1.3818182 1.3818182 1.3818182 1.0190909 1.0190909 1.0190909 1.0190909 1.0191769 1.0427273 1.0427273 1.0427273 1.4718182 0.86641145 1.1927273 1.1927273 1.1927273 1.1949328 0.99951809 0.99818182 0.99818182 0.99818182 0.96727273 0.96727273 0.82 0.82 0.82 0.78272727 0.78272727 0.78272727 0.78272727 1.0581818 1.0581818
-0.042400269 -0.042727273 -0.042727273 -0.042727272 0.027272727 0.25272146 0.25272727 0.25272727 0.25272727 0.25272727 0.77313752 0.7899971 0.78999999 1.0263636 1.0263636 1.0263636 1.0263636 1.0263636 1.0348891 1.3818182 1.3818182 1.3818182 1.3818182 1.3818182 1.3273401 1.5163609 1.5163636 1.5163636 1.5163636 1.0427273 1.4718182 1.4718182 1.4718182 1.4718182 1.1927273 1.1927326 1.3945455 1.3945455 1.003131 0.99818182 0.99818182 0.99818182 0.96727273 0.96727273 0.84280289 0.82 0.82 0.78272727 0.78272727 0.78272727 0.78568086 1.0581818 1.0581818
-0.042727273 -0.042727273 -0.042727273 -0.0097632285 0.027272727 0.027272727 0.25272727 0.25272727 0.25272727 0.25272727 0.56727273 0.56727273 0.56727273 1.0263636 1.0263636 1.0263636 1.0263636 1.0263235 0.72 0.72 1.3818179 1.3818182 1.376285 1.1545455 1.1578027 1.5163636 1.5163636 1.5163636 1.5163636 1.4718227 1.4718182 1.4718182 1.4718182 1.4718182 1.3945447 1.3945455 1.3945455 1.3945455 1.3931687 0.99818182 0.99818182 0.99818182 0.96727273 0.96727273 0.96727273 0.82 0.82 0.78272728 0.78272727 0.78272727 1.0581818 1.0581818 1.0581818
-0.042727273 -0.042727273 -0.042727273 0.027272727 0.027272727 0.027272727 0.027273072 0.25272727 0.25272727 0.56694803 0.56727273 0.56727273 0.56727273 0.56755876 0.82989474 0.78363636 0.78363636 0.78363636 0.72 0.72 0.72 1.1545455 1.1545455 1.1545455 1.154573 1.37808 1.5163636 1.5163636 1.5163636 1.6169869 1.6490735 1.6490909 1.6490909 1.6490909 1.5194495 1.6945448 1.6945455 1.6945455 1.6945455 1.4953865 1.4954545 1.4954545 0.96727273 0.96727273 1.3754528 1.3754545 1.3454545 1.3454545 1.2918182 1.2918182 1.2918182 1.0581818 1.2271215
-0.042725659 -0.042727273 -0.04272727 0.027272727 0.027272727 0.027272727 0.027272732 0.44090904 0.2534797 0.56710951 0.56727273 0.56727273 0.56727273 0.56769729 0.78363636 0.78363636 0.78363636 0.78363635 0.72 0.72 0.72 1.1545455 1.1545455 1.1545455 1.2527273 1.2527273 1.3909091 1.3909091 1.3909091 1.3923176 1.6490909 1.6490909 1.6490909 1.6490909 1.6718057 1.6945455 1.6945455 1.6945455 1.6945455 1.4954545 1.4954545 1.4954545 1.4916789 1.3754545 1.3754545 1.3754545 1.3454545 1.3454545 1.2918182 1.2918182 1.2918182 1.2272727 1.2272727
0.47727273 0.24151684 0.33727273 0.33718279 0.027272727 0.4385158 0.44090909 0.44090909 0.50086594 0.38727273 0.38727273 0.38727273 0.38727273 0.50726882 0.50727273 0.78363615 0.78363636 0.78195964 0.72 0.72 0.72 0.90272727 0.90272727 0.90272727 1.2527273 1.2527273 1.3909091 1.3909091 1.3909091 1.3909093 1.6463637 1.6463636 1.6490224 1.649088 1.5837118 1.5836364 1.5836364 1.5836364 1.5836364 1.4954545 1.4954545 1.4954545 1.3820618 1.3754545 1.3754545 1.3754544 1.3454545 1.3454545 1.3454526 1.2918182 1.2918133 1.1836364 1.2272727
0.57452698 0.57454541 0.33727273 0.33727273 0.33727273 0.44090909 0.44090909 0.44090909 0.60545455 0.60545455 0.38727273 0.38727273 0.38727273 0.50727273 0.50727273 0.50727273 0.50727273 0.50729739 0.72 0.72 0.72000001 0.90272727 0.90272727 0.90272727 1.2527273 1.2527273 1.3909091 1.3909091 1.3909091 1.6434834 1.6463636 1.6463636 1.6463636 1.6463636 1.5836673 1.5836364 1.5836364 1.5836364 1.5836364 1.0418183 1.0418182 1.0418182 1.0418182 1.3754496 0.73272727 0.73272727 0.73272727 1.0363636 1.0363636 1.0363636 1.1836364 1.1836364 1.1836364
0.57454545 0.57454545 0.33727273 0.33727273 0.33727273 0.44036436 0.44090909 0.60545455 0.60545455 0.60545455 0.38729959 0.38727273 0.34047377 0.50727269 0.50727273 0.50727273 0.50727273 0.18545455 0.18545455 0.18545455 0.32727274 0.32727315 0.90272447 0.90272727 0.90282932 0.90909091 0.90909091 0.90909206 1.3908312 1.5554727 1.555455 1.5554704 1.6462083 1.6462852 1.5947482 1.583636 1.5806964 0.70636364 0.70636364 1.0418182 1.0418182 1.0418182 1.0418182 0.73272727 0.73272727 0.73272727 0.73272727 1.0363636 1.0363636 1.0363636 1.1836364 1.1836364 1.1836364
0.57454545 0.57454545 0.33727273 0.33727273 0.33727273 0.33727273 0.50249365 0.60545455 0.60545455 0.60545455 0.60530239 0.33 0.33 0.33 0.50622802 0.50727273 0.18759906 0.18545455 0.18545455 0.18545455 0.32727273 0.32727273 0.32727273 0.32727273 0.90909091 0.90909091 0.90909091 0.90909091 0.90909091 1.5554545 1.5554545 1.5554545 1.5554545 1.5554542 1.3881818 0.70636364 0.70636364 0.70636364 0.70636364 0.70636329 0.54454545 0.54454545 0.54454545 0.59513276 0.7 0.7 0.7 1.0363636 1.0363636 1.0163636 1.0163636 1.4144893 1.4145455
0.57454545 0.57454545 0.42291152 0.33727273 0.33727273 0.33727273 0.59002742 0.60540584 0.60545455 0.60545455 0.33000005 0.33 0.33 0.33 0.33 0.34450897 0.18545455 0.18545455 0.18545455 0.18545455 0.32727163 0.32727273 0.32727273 0.32727273 0.90909091 0.90909091 0.90909091 0.90909091 0.90909091 0.93204404 1.5554545 1.5554545 1.5554545 1.3881818 1.3881818 1.3876524 0.70636364 0.70636364 0.87161587 0.99999997 0.54454545 0.54454545 0.54454545 0.59544768 0.7 0.7 0.7 1.0354545 1.0166015 1.0163636 1.0163636 1.4145455 1.4145455
0.80909091 0.80909091 0.80909091 0.45557052 0.33778898 0.59 0.59 0.59 0.59 0.54818182 0.54818182 0.33000002 0.33 0.33 0.33 0.32999084 0.18545455 0.18545455 0.18545455 0.18545455 0.26538787 0.32727273 0.32727273 0.32565492 0.29411494 0.90909091 0.90909091 0.90909091 0.71181818 0.71181818 0.71181818 0.71182172 1.3881818 1.3881818 1.3881818 1.3881818 1 1 1 1 0.75818182 0.75818182 0.75818182 0.97090481 0.97090909 0.97090909 0.97090901 1.0354545 1.0354545 1.0163869 1.0163636 1.4145433 1.4145455
0.80909091 0.80909091 0.80909091 0.8090845 0.69 0.67545836 0.59 0.59 0.59 0.54818182 0.54818182 0.54818182 0.27727273 0.27727273 0.27727273 0.27727273 0.1855145 0.18545455 0.18545455 0.18545455 0.18760164 0.26545472 0.26545455 0.26545455 0.26545455 0.26545454 -0.051818174 -0.051818182 0.71181818 0.71181818 0.71181818 0.71181818 1.3881816 1.3881818 1.3881818 1.3881544 1 1 1 1.0007697 0.75818182 0.75818182 0.75818182 0.97089923 0.97090909 0.97090909 0.97090909 1.0354545 1.0354545 1.0354545 0.99181818 0.99181818 1.0954545
