interpolatedSpi/01-11|22_1.tif
NCOLS 53
NROWS 52
XLLCORNER -116.03883
YLLCORNER 28.596182
DX 0.49850594
DY 0.49788537
NODATA_VALUE -9999
[rows 25 to 49 of 52, columns 0 to 52 of 53]
-0.31 -0.31 -0.35880173 -0.38636364 -0.38636364 -0.38636364 -0.39830442 -0.46705499 -0.46727273 -0.46727273 -0.26090909 -0.26090909 -0.26090909 -0.26090909 -0.26090909 -0.22698247 -0.11181818 -0.11181818 -0.11181818 -0.11181818 -0.30545305 -0.30545455 -0.30545455 -0.30545455 -0.51545455 -0.51545455 -0.51545455 -0.51545455 -0.51545455 -0.81363273 -0.79818182 -0.79818182 -0.79818182 -0.75818182 -0.75818182 -0.7582863 -0.89272727 -0.89272727 -0.7811948 -0.69454547 -0.55545455 -0.55545455 -0.55545455 -0.44995726 -0.22727273 -0.22727273 -0.22727273 -0.32454545 -0.22040486 -0.21909091 -0.21909091 0.0054545455 0.0054545455
-0.35727273 -0.35727273 -0.35727273 -0.37906975 -0.38635469 -0.39818182 -0.39818182 -0.39818182 -0.39818182 -0.24272727 -0.24272727 -0.26090909 -0.26090909 -0.26090909 -0.26090909 -0.26089964 -0.11181818 -0.11181818 -0.11181818 -0.11181818 -0.22095792 -0.30545455 -0.30545455 -0.30069629 -0.14108358 -0.51545455 -0.51545455 -0.51545455 -0.81909091 -0.81909091 -0.81909091 -0.81909082 -0.75818182 -0.75818182 -0.75818182 -0.75818182 -0.69454545 -0.69454545 -0.69454545 -0.69454545 -0.38090909 -0.38090909 -0.38090909 -0.21000344 -0.21 -0.21 -0.21000001 -0.32454545 -0.32454545 -0.2192194 -0.21909091 0.0054541329 0.0054545455
-0.35727273 -0.35727273 -0.35727273 -0.35727395 -0.38 -0.38264394 -0.39818182 -0.39818182 -0.39818182 -0.24272727 -0.24272727 -0.24272727 -0.24818182 -0.24818182 -0.24818182 -0.24818182 -0.11180486 -0.11181818 -0.11181818 -0.11181818 -0.11474447 -0.12363686 -0.12363636 -0.12363636 -0.12363636 -0.12363638 -0.47909091 -0.47909091 -0.81909091 -0.81909091 -0.81909091 -0.81909091 -0.7581817 -0.75818182 -0.75818182 -0.75816834 -0.69454545 -0.69454545 -0.69454545 -0.69395523 -0.38090909 -0.38090909 -0.38090909 -0.21000793 -0.21 -0.21 -0.21 -0.32454545 -0.32454545 -0.32454542 -0.076363636 -0.076363636 -0.058181818
-0.35727273 -0.35727273 -0.35727273 -0.37999995 -0.38 -0.38 -0.39818181 -0.39818182 -0.39818182 -0.24272727 -0.24272727 -0.24272727 -0.24818182 -0.24818182 -0.24818182 -0.23724254 -0.10454545 -0.10454545 -0.10454547 -0.1117771 -0.12363636 -0.12363636 -0.12363636 -0.12363636 -0.12363636 -0.12390386 -0.47909091 -0.47909091 -0.47909091 -0.81909091 -0.81909091 -0.81905287 -0.59272727 -0.59272727 -0.59272727 -0.51454545 -0.51454545 -0.56 -0.56 -0.56 -0.24909091 -0.38086774 -0.38090766 -0.18909091 -0.18909091 -0.18988334 -0.21000014 -0.32454545 -0.32454545 -0.076363636 -0.076363636 -0.076363636 -0.058181818
-0.35727273 -0.35727273 -0.35727273 -0.38 -0.38 -0.38 -0.38 -0.39818182 -0.39818182 -0.24272727 -0.24272727 -0.24796372 -0.24818182 -0.24818182 -0.24818182 -0.10454545 -0.10454545 -0.10454545 -0.10454545 -0.10454545 -0.12363636 -0.12363636 -0.12363636 -0.12363636 -0.12363636 -0.4790897 -0.47909091 -0.47909091 -0.47909091 -0.76 -0.76 -0.76 -0.59272727 -0.59272727 -0.59272727 -0.51454545 -0.51454545 -0.56 -0.56 -0.24909091 -0.24909091 -0.24909091 -0.18909091 -0.18909091 -0.18909091 -0.18909091 -0.16855408 0.060909091 0.060909091 0.060909091 -0.076363631 0.21454545 0.21454545
-0.35727273 -0.35727273 -0.35730438 -0.38 -0.38 -0.38 -0.38 -0.45529548 -0.45909091 -0.45871944 -0.24272727 -0.24818334 -0.24818182 -0.24818182 -0.24818132 -0.10454545 -0.10454545 -0.10454545 -0.10454545 -0.10454545 0.20677897 -0.12363636 -0.12363636 -0.12363636 -0.12363805 -0.47907137 -0.47909091 -0.47909091 -0.47909091 -0.76 -0.76 -0.76 -0.75997543 -0.59272727 -0.51454545 -0.51454545 -0.51454545 -0.51454725 -0.5599788 -0.24909091 -0.24909091 -0.24909091 -0.18909455 -0.18909091 -0.18909091 -0.18909091 0.06090894 0.060909091 0.060909091 0.060909091 0.21454545 0.21454545 0.21454545
-0.61363636 -0.61363592 -0.37999629 -0.38 -0.38 -0.38 -0.45907408 -0.45909091 -0.45909091 -0.45909091 -0.26636364 -0.26636364 -0.26636364 -0.26636364 -0.10529231 -0.10454545 -0.10454545 -0.10454545 -0.10454545 0.2209089 0.22090909 0.22090909 -0.13181818 -0.13181818 -0.13181818 -0.13181818 -0.16179228 -0.47909091 -0.70817244 -0.70818182 -0.70818182 -0.70818182 -0.70818182 -0.41545455 -0.41545455 -0.41545455 -0.41545455 -0.41545455 -0.17363636 -0.17363636 -0.17363636 -0.17363636 -0.17363636 0.047824146 0.048181818 0.048181818 0.048181818 0.060909091 0.060909091 0.060909091 0.21452125 0.21454545 0.21454545
-0.61363636 -0.61363636 -0.61056131 -0.2463639 -0.24636367 -0.2465711 -0.45909091 -0.45909091 -0.45909091 -0.45909091 -0.26636364 -0.26636364 -0.26636364 -0.26636364 -0.26636364 -0.10454545 -0.10454545 -0.10454545 0.22090901 0.22090909 0.22090909 0.22090909 -0.13181818 -0.13181818 -0.13181818 -0.13181818 -0.13181818 -0.13189224 -0.70815022 -0.70818182 -0.70818182 -0.70818182 -0.70816913 -0.48090591 -0.41552232 -0.41545455 -0.41545455 -0.41545455 -0.17363636 -0.17363636 -0.17363636 -0.17363636 -0.17363636 0.048181818 0.048181818 0.048181818 0.048181818 0.05413334 0.060909091 0.16069235 0.16181818 0.00090909091 0.00090909091
-0.61363636 -0.61363636 -0.24641016 -0.24636364 -0.24636364 -0.24636364 -0.30039547 -0.45909091 -0.45909091 -0.45909091 -0.26636364 -0.26636364 -0.26636364 -0.26636364 -0.26636364 -0.10466685 -0.10454545 0.22081367 0.22090909 0.22090909 0.22090909 0.22090909 -0.0011480781 -0.13181818 -0.13181818 -0.13181818 -0.13181818 -0.13216839 -0.62636364 -0.62636364 -0.62636364 -0.62636364 -0.62636364 -0.53090909 -0.53090909 -0.53090909 -0.53090909 -0.53090909 -0.38545455 -0.38545455 -0.38545455 -0.38545455 -0.38545454 0.048423765 0.048181869 0.048181819 0.048198615 0.050219269 0.16181818 0.16181818 0.16181818 0.00090999219 0.00090909091
-0.61363552 -0.16616998 -0.24636362 -0.24636364 -0.24636364 -0.24636364 -0.24636364 -0.45900033 -0.45909091 -0.45909091 -0.26636364 -0.26636364 -0.26636364 -0.26636364 0.068751198 0.076363636 0.076363636 0.22090537 0.22090909 0.22090909 0.22090909 0.22090909 0.22090901 -0.13181818 -0.13181818 -0.13181818 -0.13181818 -0.52363645 -0.52363641 -0.54549922 -0.62636364 -0.62636364 -0.62636364 -0.53090909 -0.53090909 -0.53090909 -0.53090909 -0.53085737 -0.38545455 -0.38545455 -0.38545455 -0.38545455 -0.38544863 0.14727273 0.14727273 0.14727273 0.14727273 0.1472739 0.16181818 0.16181818 0.16181818 0.16181807 -0.013422146
-0.15727273 -0.15727273 -0.1726594 -0.24636364 -0.24636364 -0.24636364 -0.24636364 -0.24636364 -0.45899934 -0.10272728 -0.10272727 -0.10272727 -0.10311562 0.076363143 0.076363636 0.076363636 0.076363636 0.076363636 0.22090649 0.19862288 0.0036363636 0.0036363636 0.0036363636 -0.032856615 -0.16943528 -0.37071723 -0.54051499 -0.52363636 -0.52363636 -0.52363636 -0.52363636 -0.52363636 -0.52466757 -0.45274971 -0.45454545 -0.45454545 -0.45454545 -0.45454545 -0.37093857 -0.30818196 -0.30818182 -0.30818182 -0.30818182 0.072727491 0.14727271 0.14727273 0.14727273 0.19272727 0.16181868 0.16181818 0.16181818 -0.013636364 -0.013636364
-0.15727273 -0.15727273 -0.15 -0.15 -0.15 -0.24633154 -0.24636364 -0.24636364 -0.10272727 -0.10272727 -0.10272727 -0.10272727 -0.10272727 0.076363628 0.076363636 0.076363636 0.076363636 0.076363636 0.0036363637 0.0036363636 0.0036363636 0.0036363636 0.0036363636 -0.60181815 -0.60181818 -0.60181818 -0.60181818 -0.52363636 -0.52363636 -0.52363636 -0.52363636 -0.52363636 -0.29454545 -0.29454545 -0.45454545 -0.45454545 -0.45454545 -0.23094718 -0.23090909 -0.30818182 -0.30818182 -0.30818182 -0.30818177 0.072727273 0.072727273 0.072727273 0.19272727 0.19272727 0.19272727 0.17818182 0.17818182 -0.013636364 -0.013636364
-0.15727273 -0.15727273 -0.15 -0.15 -0.15 -0.15 -0.14999966 -0.088181818 -0.10271358 -0.10272727 -0.10272727 -0.10272727 -0.10272727 0.07412964 0.076363636 0.076363636 0.076363636 0.076363636 0.0036363651 0.0036363636 0.0036363636 0.0036363636 0.0036363636 -0.60181818 -0.60181818 -0.60181818 -0.60181818 -0.60181786 -0.52363636 -0.52363636 -0.52363636 -0.29455747 -0.29454545 -0.29454545 -0.29454545 -0.45454545 -0.23090909 -0.23090909 -0.23090909 -0.23294228 -0.043017335 0.0063636364 0.0063636364 0.072727273 0.072727273 0.072727273 0.19272727 0.19272727 0.19272727 0.17818182 0.17818182 0.17818182 0.00036107091
-0.18 -0.17999982 -0.15 -0.15 -0.15 -0.15 -0.088181818 -0.088181818 -0.088181818 -0.10272727 -0.10272727 -0.10272727 -0.10272727 -0.1026716 0.076363636 0.076363636 0.076363636 0.076363636 0.0036376113 0.0036363636 0.0036363636 0.0036363623 -0.49515757 -0.60181818 -0.60181818 -0.60181818 -0.60181818 -0.49545463 -0.49545455 -0.49545455 -0.52332534 -0.29454545 -0.29454545 -0.29454545 -0.29454531 -0.14272727 -0.23090909 -0.23090909 -0.23090909 -0.23090909 0.0063636364 0.0063636364 0.0063636364 0.13636364 0.13636364 0.13636364 1.876905e-05 0.19272727 0.19272727 0.17818182 0.17818182 0.17818182 0.0018183059
-0.18 -0.18 -0.15 -0.15 -0.15 -0.088181818 -0.088181818 -0.088181818 -0.088181818 -0.10113426 -0.10272727 -0.10272727 -0.10272727 -0.10272674 -0.021806883 -0.021818182 -0.021818182 -0.021818182 -0.16261569 -0.084545455 -0.084545455 -0.084545455 -0.084545455 -0.60181818 -0.60181818 -0.60181818 -0.60181117 -0.49545455 -0.49545455 -0.49545455 -0.49545455 -0.2945528 -0.20915212 -0.14272727 -0.14272727 -0.14272727 -0.23076287 -0.191819 -0.19181818 -0.19181818 0.0063287444 -0.038181817 -0.038181818 0.13636364 0.13636364 0.13636306 -5.0464683e-18 -5.0464683e-18 0.027272727 0.027272727 0.027272727 0.020909091 0.046363636
-0.18 -0.18 -0.019090909 -0.019090909 -0.019090909 -0.088181818 -0.088181818 -0.088181818 -0.088181818 -0.15 -0.15 -0.15 -0.15 -0.14096673 -0.021818182 -0.021818182 -0.021818182 -0.021818182 -0.16545455 -0.084545455 -0.084545455 -0.084545455 -0.084545455 -0.33727273 -0.33727283 -0.60181779 -0.49545455 -0.49545455 -0.49545455 -0.49545455 -0.44206552 -0.39 -0.17214934 -0.14272727 -0.14272727 -0.14272727 -0.19181818 -0.19181818 -0.19181818 -0.19181818 -0.038181818 -0.038181818 -0.038181818 -0.024549755 -0.024545455 -0.00011033009 -5.0464683e-18 -5.0464683e-18 0.027272968 0.027272727 0.020909091 0.020909091 0.046363636
-0.18 -0.01909091 -0.019090909 -0.019090909 -0.019090909 -0.019090909 -0.087405529 0.011818182 0.011818182 -0.15 -0.15 -0.15 -0.15 -0.14996964 -0.021818182 -0.021818182 -0.021818182 -0.028308128 -0.16545455 -0.16545455 -0.084545455 -0.084545455 -0.33727273 -0.33727273 -0.33727273 -0.33727273 -0.49545455 -0.49545455 -0.49545455 -0.49545455 -0.39 -0.39 -0.39 -0.14297749 -0.14272727 -0.14272727 -0.19181818 -0.19181818 -0.19181818 -0.19181818 -0.038181818 -0.038181818 -0.038181818 -0.024545455 -0.024545455 -0.02453881 0.092727273 0.092727273 0.081818182 0.081818182 0.020909091 0.020909091 0.046363636
-0.020602046 -0.019090909 -0.019090909 -0.019090909 -0.019090909 -0.019090909 0.011818182 0.011818182 0.011818182 -0.074793672 -0.15 -0.15 -0.15 -0.14999679 -0.021818182 -0.021818182 -0.021818182 -0.16545455 -0.16545455 -0.16545455 -0.084549497 -0.084546998 -0.33727273 -0.33727273 -0.33727273 -0.33727273 -0.4954433 -0.49545455 -0.49545455 -0.39002425 -0.39 -0.39 -0.39 -0.39 -0.14362873 -0.35454545 -0.35454545 -0.35172918 -0.19181818 -0.19181818 -0.038181954 -0.038181818 -0.024941935 -0.024545455 -0.024545455 0.092727231 0.092727273 0.092727273 0.081818182 0.081818182 0.23181818 0.23181818 0.21090909
-0.019090909 -0.019090909 -0.019090909 -0.019090909 -0.019090909 -0.019090909 0.011818182 0.011818182 0.011818182 0.011818181 -0.012731227 -0.012727273 -0.012727273 -0.012727273 -0.021818234 -0.035803852 -0.043636364 -0.043636364 -0.16522997 -0.16545455 -0.16545453 -0.33727236 -0.33727273 -0.33727273 -0.33727273 -0.33727273 -0.33738773 -0.49545455 -0.49545094 -0.39 -0.39 -0.39 -0.39 -0.39 -0.35454545 -0.35454545 -0.35454545 -0.35454545 -0.35454545 -0.35454465 -0.25909091 -0.25909091 -0.25909084 -0.067272727 -0.067272727 -0.067272727 0.0081818182 0.0081818182 0.050909091 0.050909091 0.23181818 0.23181814 0.21090909
-0.019090909 -0.019090909 -0.019090909 -0.019090909 -0.019090909 -0.019090909 0.011818182 0.011818182 0.011818182 -0.012727273 -0.012727273 -0.012727273 -0.012727273 -0.012727273 -0.020874835 -0.043636364 -0.043636364 -0.043636364 -0.043636364 -0.043636364 -0.049452781 -0.33727273 -0.33727273 -0.33727273 -0.33727273 -0.33413263 -0.23742943 -0.46029873 -0.39052005 -0.39 -0.39 -0.39 -0.39 -0.38999992 -0.35454545 -0.35454545 -0.35454545 -0.35454545 -0.35454545 -0.31014022 -0.25909091 -0.25909091 -0.25909091 -0.067272727 -0.067272727 -0.067272727 0.0081818182 0.0081818182 0.050909091 0.050909091 0.092727272 0.2043897 0.21090909
-0.019090909 -0.019090909 -0.019090909 -0.019090909 -0.019090909 -0.0190909 0.011818175 0.011818182 0.010799409 -0.012727273 -0.012727273 -0.012727273 -0.012727273 -0.012727273 -0.014209863 -0.043636364 -0.043636364 -0.043636364 -0.043636364 -0.043636364 -0.043636364 -0.25195287 -0.23727287 -0.23727273 -0.23727273 -0.23727273 -0.23727273 -0.23727273 -0.51778609 -0.52181662 -0.52181818 -0.52181818 -0.52181818 -0.52181806 -0.35454545 -0.35454545 -0.35454545 -0.35454545 -0.35454545 -0.25909092 -0.25909091 -0.25909091 -0.25909091 -0.25909082 -0.067333941 -0.10545455 0.0081818064 -0.051673551 0.050818284 0.092727273 0.092727273 0.093256387 0.11818182
-0.019090909 -0.019090909 -0.019090909 -0.019090909 -0.019090909 -0.019088935 0.011816515 0.011816697 -0.012727242 -0.012727273 -0.012727273 -0.012727273 -0.012727273 -0.012727273 -0.013315407 -0.043636364 -0.043636364 -0.043636364 -0.043636364 -0.043636364 -0.043636364 -0.23727273 -0.23727273 -0.23727273 -0.23727273 -0.23727273 -0.23727273 -0.23727273 -0.52173963 -0.52181818 -0.52181818 -0.52181818 -0.52181818 -0.52181818 -0.47598547 -0.35454545 -0.35454545 -0.35454545 -0.35454545 -0.25909091 -0.25909091 -0.25909091 -0.25909091 -0.25905155 -0.10545455 -0.10545455 -0.10512408 -0.052727273 -0.052727273 0.092727273 0.092727273 0.11818182 0.11818182
-0.019090909 -0.019090909 -0.019090909 -0.019090909 -0.019090909 -0.019049688 0.011780801 -0.0099574786 -0.012727273 -0.012727273 -0.012727273 -0.012727273 -0.012727273 -0.012727273 -0.013268389 -0.043636364 -0.043636364 -0.043636364 -0.043636364 -0.043636364 -0.071206663 -0.23727273 -0.23727273 -0.23727273 -0.23727273 -0.23727273 -0.23727273 -0.23727273 -0.52181704 -0.52181818 -0.52181818 -0.52181818 -0.52181818 -0.52181818 -0.52181818 -0.39089499 -0.44738952 -0.47828226 -0.48297911 -0.26271389 -0.25909091 -0.25909091 -0.25909091 -0.10546681 -0.10545455 -0.10712049 -0.38454387 -0.052727273 -0.052727273 -0.009154351 -0.0090909091 -0.0090909091 0.11818176
-0.019090909 -0.019090909 -0.019090909 -0.019090909 -0.019090878 -0.01883315 0.0094795054 -0.012720523 -0.012727273 -0.012727273 -0.012727273 -0.012727273 -0.012727273 -0.012727273 -0.013449048 -0.043636364 -0.043636364 -0.043636364 -0.043636364 -0.043636365 -0.23727189 -0.23727273 -0.23727273 -0.23727273 -0.23727273 -0.23727273 -0.23727273 -0.23727273 -0.5218181 -0.52181818 -0.52181818 -0.52181818 -0.52181818 -0.52181818 -0.52181817 -0.48545455 -0.48545455 -0.48545455 -0.48545454 -0.31545455 -0.31545455 -0.31545455 -0.31545455 -0.38454465 -0.38454545 -0.38454545 -0.38454545 -0.38454444 -0.3 -0.3 -0.0090909091 -0.0090909091 -0.12278217
-0.019090909 -0.019090909 -0.019090909 -0.019090907 -0.019090046 -0.01826292 -0.011096585 -0.012726952 -0.012727273 -0.012727273 -0.012727273 -0.012727273 -0.012727273 -0.012727273 -0.013776518 -0.043636351 -0.043636364 -0.043636364 -0.043636364 -0.044801776 -0.23727273 -0.23727273 -0.23727273 -0.23727273 -0.23727273 -0.23727273 -0.23727273 -0.23727273 -0.52181812 -0.52181818 -0.52181818 -0.52181818 -0.52181818 -0.52181818 -0.48545458 -0.48545455 -0.48545455 -0.48545455 -0.48545455 -0.31545455 -0.31545455 -0.31545455 -0.31545455 -0.33410188 -0.38454545 -0.38454545 -0.38454545 -0.30000095 -0.3 -0.3 -0.17454545 -0.17454545 -0.17454545
