interpolatedSpi/01-11|23_3.tif
NCOLS 53
NROWS 52
XLLCORNER -116.03883
YLLCORNER 28.596182
DX 0.49850594
DY 0.49788537
NODATA_VALUE -9999
[rows 0 to 26 of 52, columns 0 to 52 of 53]
-0.29090909 -0.29090909 -0.52806993 -0.39818182 -0.13545455 -0.25454545 -0.32272727 -0.14454545 -0.87195033 -0.74 -0.35181818 -0.52454545 -0.82087518 -0.40909091 -0.38090909 -0.38090909 -0.38090909 -0.72181818 -0.64090909 -0.64090909 -0.64090909 -0.64090714 -0.43818182 -0.87090909 -0.87090909 -0.87090909 -0.97909253 -0.97909091 -0.97909091 -1.4727273 -1.4727273 -1.4727273 -1.4727273 -1.7863636 -1.7863636 -1.7863636 -1.7863636 -1.7863636 -1.7863636 -1.7863636 0.21840644 0.2396174 -1.2618182 -1.2618182 -1.2618182 -1.2618182 -1.2609228 -0.71363636 -0.71363636 -0.71363636 -0.11818305 -0.11818182 -0.11818182
-0.290933 -0.82909091 -0.43000016 -0.42445949 -0.41636514 -0.56 -0.68636364 -0.71795477 -0.92 -0.66636364 -0.60272727 -0.82090909 -0.82090909 -0.80685106 -0.40909548 -0.38090909 -0.72181818 -0.72181818 -0.64101459 -0.64090909 -0.64090909 -0.64090909 -0.88512111 -0.87090909 -0.87090909 -0.87090909 -0.81181819 -0.81181818 -1.4727273 -1.4727273 -1.4727273 -1.4727273 -1.4727273 -1.7863636 -1.7863636 -1.7863636 -1.7863636 -1.7863636 -1.7863636 -1.5561946 -0.36827645 -1.1533829 -1.2618182 -1.2618182 -1.2618182 -1.2618182 -1.2618182 -0.71363636 -0.71363636 -0.71363636 -0.6642607 -0.11818182 -0.11818182
0.31723817 0.31727273 -0.56454545 -0.38 -0.68909091 -0.15 -0.59363636 -0.064545455 -0.9 -0.94909091 -0.83909091 -0.78818182 -1.1090909 -0.95363636 -0.80818182 -1.6490909 -0.72181818 -0.72181818 -0.72181818 -0.42551718 -0.42545455 -0.42545455 -1.1409091 -0.87090909 -0.87090909 -0.87090909 -0.81181818 -0.81181818 -0.81181818 -1.4727273 -1.4727273 -1.4727273 -1.3694451 -1.7841828 -1.7783166 -0.92974042 -0.92181818 -0.92181818 -0.85218532 -0.36818182 -0.36818182 -0.36932455 -1.2618182 -1.2618182 -1.2618182 -1.2618182 -1.2618182 -0.71363636 -0.71363636 -0.71363636 -0.71363636 -0.11818182 -0.11818182
0.48818182 0.31727258 -0.40198293 -0.24181818 -1.12 -0.79181818 -0.75272727 -1.11 -0.64727273 -0.87138339 -1.1072727 -1.1818182 -1.1518182 -0.95363636 -1.2172727 -1.6490909 -0.92918678 -0.92349496 -0.93 -0.42545455 -0.42545455 -1.0390909 -1.1409091 -1.1409091 -0.87090909 -0.8709088 -0.81181818 -0.81181818 -0.81181818 -1.0790909 -1.1773541 -1.2581818 -1.2581818 -1.2581816 -0.92181818 -0.92181818 -0.92181818 -0.92181818 -0.36818182 -0.36818182 -0.36818182 -0.36818185 -1.2618182 -1.2618182 -1.2618182 -1.2618182 -1.2618182 -0.71364328 -0.71363636 -0.71363636 -0.71363636 -0.11823028 -0.11818182
0.48818182 -0.14727319 -0.40181818 -1.0086481 -1.12 -1.2381818 -1.1827529 -1.6181818 -1.7009091 -1.0381821 -1.2121674 -1.2880767 -0.55454545 -1.2172727 -1.2172727 -1.4948036 -0.92363636 -0.92363636 -0.93 -0.93 -0.42545578 -1.0390909 -0.84272727 -0.21727273 -0.66272727 -0.66268777 -0.81181818 -0.81181818 -1.0790909 -1.0790909 -1.2581818 -1.2581818 -1.2581818 -1.22441 -0.92181818 -0.92181818 -0.92181818 -0.36818182 -0.36818182 -0.36818182 -0.36818182 -0.36823052 -1.2618182 -1.2618182 -1.2618182 -1.2618182 -1.2618182 -1.2569387 -0.71363636 -0.71367619 -1.6018182 -1.6018182 -1.6018182
-1.4418182 -0.68818182 -0.5172727 -0.59909091 -0.76818182 -1.17 -1.5818182 -1.5864738 -1.2845455 -1.6209091 -1.5554545 -1.1827273 -1.1827269 -1.0772727 -1.0772727 -0.66902243 -0.66909091 -0.93181818 -0.93181818 -0.92999946 -1.0909091 -1.0909091 -0.21727273 -0.66272727 -0.66272727 -0.49363636 -1.2845455 -1.2845455 -0.75548477 -1.0790909 -1.2581818 -1.2581818 -1.0790909 -1.0790661 -0.84183516 -0.74818182 -0.74818182 -0.48574349 -0.36818182 -0.36818182 -0.872098 -0.87272727 -0.87272583 -0.86887928 -0.86186239 -0.86181829 -0.8618182 -0.86181834 -1.3948839 -1.6018182 -1.6018182 -1.6018182 -1.6018182
-0.58000193 -0.49454545 -0.43310425 -0.54181818 -0.61272727 -1.3645455 -1.0554545 -1.3927273 -1.7872727 -1.7872727 -1.5554545 -1.5136364 -1.3254545 -1.0772727 -0.38545662 -0.38545455 -0.66909091 -0.25727273 -0.31363636 -0.31363636 -0.86727248 -0.61636364 -0.61636364 -0.61272727 -0.49363636 -0.49363636 -1.2845455 -1.2845455 -0.75549089 -0.75612366 -0.72746935 -1.0790909 -1.0790909 -0.84181818 -0.84181818 -0.88681746 -0.74818182 -0.74818182 -1.0790794 -0.87272756 -0.87272727 -0.87272727 -0.87271995 -0.86181958 -0.86181818 -0.86181818 -0.86181818 -0.86181849 -1.3836364 -1.6017749 -1.6018182 -1.6018182 -1.6018182
-0.58 -1.1209091 -0.45454545 -1.11 -0.71547716 -1.1 -1.4518182 -1.6781818 -1.3645455 -1.6145455 -1.6145455 -1.0090909 -1.3254545 -1.3254545 -0.39190382 -0.68434842 -0.71363636 -0.32090909 -0.32363635 -0.31363636 -0.28896414 -0.19727273 -1.0836364 -0.11727273 -0.11728618 -1.16 -0.71454545 -0.71454566 -1.3769056 -1.3790909 -0.72545455 -0.92974127 -0.81818182 -0.84181818 -0.8432961 -1.0027273 -1.0027273 -1.0790909 -1.0790909 -0.87272727 -0.87272727 -0.87272726 -1.1093504 -1.1127273 -0.86181818 -0.86181818 -0.86181818 -1.3836165 -1.3836364 -1.3836364 -1.6018182 -1.6018182 -1.6018182
-1.1311154 -1.1209091 -0.37636364 -1.07 -0.76909091 -1.4745455 -0.89636364 -0.59090909 -1.2690909 -0.58691928 -0.43 -1.1309091 -1.1309091 -0.54090909 -0.54090896 -0.69459866 -0.69454545 -0.69454545 -0.32132542 -1.2963636 -1.2772727 -1.2772727 -1.3045455 -1.170693 -1.0549206 -1.16 -0.81545455 -0.71454545 -0.80492627 -0.80545455 -0.96090909 -0.98454545 -0.86733123 -1.21 -0.89363636 -1.0854545 -1.0109091 -0.82818182 -0.64281291 -0.87004089 -0.27090909 -0.60272727 -1.1126549 -1.1127273 -1.111315 -0.86181818 -1.5745454 -1.3836364 -1.3836364 -1.3836364 -1.3836364 -1.4814987 -0.22181818
-1.1881818 -1.1881818 -0.36636364 -0.53818182 -1.1045455 -0.77272727 -0.70181818 -1.1454545 -0.65363636 -0.41367723 -0.94363636 -0.20090909 -0.54090909 -0.54090909 -0.52727273 -0.52956695 -0.69454545 -0.69446986 -0.34454545 -1.2963636 -1.2963636 -1.2939041 -1.3045455 -1.1654572 -1.1654545 -1.1654545 -0.81545455 -0.52727273 -0.52727273 -0.80545455 -0.80545455 -0.98410406 -0.75181818 -1.21 -0.94272727 -1.0854545 -1.0109091 -1.3245455 -0.64272727 -0.29482229 -0.60272726 -0.62677131 -0.66818182 -1.1127273 -1.1127273 -1.5745455 -1.5745455 -1.5745455 -1.3836364 -1.3836364 -0.63545455 -0.63545455 -0.63545439
-1.1881818 -1.1881818 -1.1172727 -1.3745455 -1.0118182 -0.40636364 -1.2627273 -0.52005213 -0.59272727 -0.56181818 -0.25909091 -0.15181818 -0.20084424 -0.52727273 -0.52727273 -0.52727231 -0.52363636 -0.51423683 -0.34454545 -0.46727273 -0.46727273 -0.46545455 -0.46545455 -1.1654545 -1.1654545 -1.1654545 -0.52727273 -0.52727273 -0.52727273 -0.78272727 -0.78272727 -0.78272722 -0.83 -0.83 -1.5563636 -1.2690909 -0.51727273 -0.8718227 -0.77636364 -0.28909091 -0.28909091 -0.87181751 -0.66818182 -1.1127273 -0.3572731 -0.67181818 -0.51548993 -0.51090909 -0.61272727 -0.61272727 -0.63545455 -0.63545455 -0.63545455
-1.1881818 -1.1576383 -1.2270602 -1.2827156 -0.58545455 -0.82363636 -1.2627273 -0.51909091 -0.59272666 -0.56216062 -0.15181872 -0.15181818 0.036363636 -0.52727273 -0.52727273 -0.52363636 -0.52363636 -0.52362617 -0.34454545 -0.46727273 -0.46691567 -0.46545455 -0.46545455 -1.1654258 -1.1654545 -0.86661858 -0.25636364 -0.25636364 -0.25636367 -0.78272727 -0.78272727 -0.18727273 -0.18727273 -0.83000199 -1.5563636 -0.46545498 -0.65925874 -0.87181818 -0.87181818 -0.28909093 -0.87181818 -0.87181818 -0.87181443 -0.35727273 -0.35727273 -0.67181818 -0.51090909 -0.51090909 -0.61272727 -0.61272727 -0.63545455 -0.63545455 -0.63545455
-0.61545455 -0.61877367 -0.57275681 -0.57786191 -0.58545589 -0.82363074 -1.2627273 -0.52824464 -0.58765297 -0.59192015 0.036363636 0.036363636 0.036363636 0.036363636 -0.52719288 -0.52363636 -0.52363636 -0.52132401 -0.34454545 -0.4670868 0.17272727 0.17272727 0.17272727 0.17272727 -1.1420528 -0.25636364 -0.25636364 -0.25636364 -0.25636364 -0.25652081 -0.18727273 -0.18727273 -0.18727273 -0.18727273 -0.46545455 -0.46545455 -0.46545455 -0.85284401 -0.86930556 -0.53727273 -0.53727273 -0.87180019 -0.45181495 -0.35728183 -0.35727273 -0.67181818 -0.51090909 -0.51090909 -0.61272727 -0.61272727 -0.63537209 -0.63545455 -0.83769713
-0.61545455 -0.57272727 -0.57272727 -0.57272727 -0.57272727 -0.57272738 -1.2616032 -0.91087575 -0.57411523 0.035686988 0.036363636 0.036363636 0.036363636 0.036363636 0.036363965 -0.52363636 -0.52363634 -0.51135195 -0.34454627 0.17272727 0.17272727 0.17272727 0.17272727 0.17272727 0.182237 0.14469585 0.28545443 0.28545455 0.28545455 0.28545455 -0.18727271 -0.18727273 -0.18727196 0.45 0.45 -0.46545455 0.13023384 0.14727273 -0.53727233 -0.53727273 -0.53727273 -0.53727273 -0.45181818 -0.45181818 -0.45181818 -0.45334918 0.18179351 0.18636364 0.18636364 0.18636364 0.18636362 -0.15636374 -0.15636364
-0.75636364 -0.57272727 -0.57272727 -0.57272727 -0.57272727 -0.57272727 -0.57272731 -0.62689502 0.49614605 0.50181818 0.50181818 0.50181818 0.50181818 0.50181818 0.50181818 0.73594118 -0.50355272 -0.49911253 0.17266217 0.17272727 0.17272727 0.17272727 0.17272727 0.17272778 0.61272727 0.61272727 0.61272681 0.28545455 0.28545455 0.28655043 0.83272727 0.83272727 0.45 0.45 0.45 0.19576657 0.14727273 0.14727273 0.14727273 -0.53727273 -0.53727273 -0.53727273 -0.45181818 -0.45181818 -0.45181818 -0.45181818 0.18636363 0.18636364 0.18636364 0.18636364 0.18636364 -0.15636364 -0.15636364
-0.75636364 -0.6879979 -0.57272727 -0.57272727 -0.57272727 -0.57272727 0.5243301 0.52454545 0.52454545 0.50181818 0.50181818 0.50181818 0.50181818 0.50181818 0.55456331 0.74090909 0.74090909 0.74090909 0.60413716 0.6054541 0.60545455 0.60545455 0.60545455 0.60545455 0.61272727 0.61272727 0.61272727 0.61272727 0.28545455 0.83272727 0.83272727 0.83272727 0.45000003 0.45 0.45 0.67 0.14796483 0.14727273 0.14727273 -0.53721785 -0.42821141 -0.17381682 -0.45181818 -0.45181818 0.0955782 0.097272727 0.097272727 0.18634229 0.17368084 0.17363636 0.17363637 0.19812815 -0.15636292
-0.75636364 -0.10258848 -0.3256848 -0.57272727 -0.57272727 0.52389713 0.52454545 0.52454545 0.52454545 0.52438168 0.50181818 0.50181818 0.50181818 0.50181821 0.74090909 0.74090909 0.74090909 0.74090909 0.60557554 0.60545455 0.60545455 0.60545455 0.60545455 0.60545455 0.61272727 0.61272727 0.61272727 0.61272727 0.61352749 0.83272727 0.83272727 0.83272727 0.81272727 0.45003113 0.67 0.67 0.67 0.66872193 -0.15244622 -0.17272727 -0.17272727 -0.17272727 -0.21363636 -0.21363636 0.097272727 0.097272727 0.097272727 0.17363636 0.17363636 0.17363636 0.17363636 0.19818182 0.19818182
-0.084831825 -0.084545455 -0.084545455 -0.084545446 0.75727273 0.52455146 0.52454545 0.52454545 0.52454545 0.52454545 0.49837691 0.50181759 0.50181818 0.74090909 0.74090909 0.74090909 0.74090909 0.74090909 0.75473811 0.60545455 0.60545455 0.60545455 0.60545455 0.60545455 0.66288782 0.74999926 0.75 0.75 0.75 0.83272727 0.81272727 0.81272727 0.81272727 0.81272727 0.67 0.66999703 0.55727273 0.55727273 -0.16361214 -0.17272727 -0.17272727 -0.17272727 -0.21363636 -0.21363636 0.049133295 0.097272727 0.097272727 0.17363636 0.17363636 0.17363636 0.17389955 0.19818182 0.19818182
-0.084545455 -0.084545455 -0.084545455 0.31187929 0.75727273 0.75727273 0.52454545 0.52454545 0.52454545 0.52454545 0.45636364 0.45636364 0.45636364 0.74090909 0.74090909 0.74090909 0.74090909 0.74095882 1.1281818 1.1281818 0.60545476 0.60545455 0.61109834 0.83727273 0.83648705 0.75 0.75 0.75 0.75 0.81272089 0.81272727 0.81272727 0.81272727 0.81272727 0.55727312 0.55727273 0.55727273 0.55727273 0.55468794 -0.17272727 -0.17272727 -0.17272727 -0.21363636 -0.21363636 -0.21363636 0.097272727 0.097272727 0.17363636 0.17363636 0.17363636 0.19818182 0.19818182 0.19818182
-0.084545455 -0.084545455 -0.084545455 0.75727273 0.75727273 0.75727273 0.75727237 0.52454545 0.52454545 0.45643402 0.45636364 0.45636364 0.45636364 0.45654093 0.98447165 1.0418182 1.0418182 1.0418182 1.1281818 1.1281818 1.1281818 0.83727273 0.83727273 0.83727273 0.83724599 0.74570844 0.75 0.75 0.75 0.71224514 0.69092107 0.69090909 0.69090909 0.69090909 0.43250247 0.25636432 0.25636364 0.25636364 0.25636364 0.018155696 0.018181818 0.018181818 -0.21363636 -0.21363636 0.10908956 0.10909092 0.13272727 0.13272727 0.33545455 0.33545455 0.33545455 0.19818182 0.14368513
-0.084544247 -0.084545455 -0.084545424 0.75727273 0.75727273 0.75727273 0.75727273 0.6072727 0.52487623 0.4563521 0.45636364 0.45636364 0.45636364 0.45751246 1.0418182 1.0418182 1.0418182 1.0418182 1.1281818 1.1281818 1.1281818 0.83727273 0.83727273 0.83727273 0.74181818 0.74181818 0.99181818 0.99181818 0.99181818 0.99017663 0.69090909 0.69090909 0.69090909 0.69090909 0.47375568 0.25636364 0.25636364 0.25636364 0.25636364 0.018181818 0.018181818 0.018181818 0.021042166 0.10909091 0.10909091 0.10909091 0.13272727 0.13272727 0.33545455 0.33545455 0.33545455 0.14363637 0.14363636
0.30454545 0.13129634 0.30727273 0.30740328 0.75727273 0.60814062 0.60727273 0.60727273 0.6897548 0.44363637 0.44363636 0.44363636 0.44363636 1.2926996 1.2927273 1.0418184 1.0418182 1.0440937 1.1281818 1.1281818 1.1281818 0.81727273 0.81727273 0.81727273 0.74181818 0.74181818 0.99181818 0.99181818 0.99181818 0.99181824 1.0663613 1.0663626 0.70034558 0.6913116 0.28501018 0.28454545 0.28454545 0.28454545 0.28454545 0.018181818 0.018181818 0.018181818 0.10408533 0.10909091 0.10909091 0.10909084 0.13272727 0.13272727 0.13273457 0.33545455 0.33543544 -0.091818182 0.14363636
0.44270103 0.44272725 0.30727273 0.30727273 0.30727273 0.60727273 0.60727273 0.60727273 0.83363636 0.83363636 0.44363636 0.44363636 0.44363636 1.2927273 1.2927273 1.2927273 1.2927273 1.2927081 1.1281818 1.1281818 1.1281818 0.81727273 0.81727273 0.81727273 0.74181818 0.74181818 0.99181818 0.99181818 0.99181818 1.0655231 1.0663636 1.0663636 1.0663636 1.0663636 0.28493123 0.28454545 0.28454545 0.28454545 0.28454545 0.26181812 0.26181818 0.26181818 0.26181818 0.10908788 -0.28545455 -0.28545455 -0.28545455 -0.42181818 -0.42181818 -0.42181818 -0.091818182 -0.091818182 -0.091818182
0.44272727 0.44272727 0.30727273 0.30727273 0.30727273 0.60569587 0.60727273 0.83363636 0.83363636 0.83363636 0.44368437 0.44363636 0.79128579 1.2927272 1.2927273 1.2927273 1.2927273 0.88818182 0.88818182 0.88818182 0.78727273 0.78727275 0.81727258 0.81727273 0.81734855 0.98090909 0.98090909 0.98090912 0.99181642 0.85186094 0.85181932 0.85185564 1.065997 1.0661785 0.42364948 0.28454538 0.28386607 0.081818182 0.081818182 0.26181818 0.26181818 0.26181818 0.26181818 -0.28545455 -0.28545455 -0.28545455 -0.28545455 -0.42181818 -0.42181818 -0.42181818 -0.091818182 -0.091818182 -0.091818182
0.44272727 0.44272727 0.30727273 0.30727273 0.30727273 0.30727273 0.69199402 0.83363636 0.83363636 0.83363636 0.83365595 0.86909091 0.86909091 0.86909091 1.2902307 1.2927273 0.89087761 0.88818182 0.88818182 0.88818182 0.78727273 0.78727273 0.78727273 0.78727273 0.98090909 0.98090909 0.98090909 0.98090909 0.98090909 0.85181818 0.85181818 0.85181818 0.85181818 0.85181684 0.21454545 0.081818182 0.081818182 0.081818182 0.081818182 0.081817243 -0.24363636 -0.24363636 -0.24363636 -0.26759847 -0.31727273 -0.31727273 -0.31727273 -0.42181818 -0.4218184 -0.64727273 -0.64727273 -0.06364322 -0.063636364
0.44272727 0.44272727 0.35616231 0.30727273 0.30727273 0.30727274 0.85904574 0.83371658 0.83363636 0.83363636 0.86909089 0.86909091 0.86909091 0.86909091 0.86909091 0.90381786 0.88818182 0.88818182 0.88818182 0.88818182 0.78727351 0.78727273 0.78727273 0.78727273 0.98090909 0.98090909 0.98090909 0.98090909 0.98090909 0.56093806 0.85181818 0.85181818 0.85181818 0.21454545 0.21454545 0.21444239 0.081818182 0.081818182 -0.31724295 -0.62727266 -0.24363636 -0.24363636 -0.24363636 -0.2677475 -0.31727273 -0.31727273 -0.31727273 -0.48363636 -0.64523383 -0.64727273 -0.64727273 -0.063636364 -0.063636364
0.94454545 0.94454545 0.94454545 0.46705452 0.3079694 0.85909091 0.85909091 0.85909091 0.85909091 0.75454546 0.75454545 0.8690909 0.86909091 0.86909091 0.86909091 0.86909209 0.88818182 0.88818182 0.88818182 0.88818182 0.83130618 0.78727273 0.78727273 0.7911745 0.93834719 0.98090909 0.98090909 0.98090909 0.45818182 0.45818182 0.45818182 0.45818347 0.21454545 0.21454545 0.21454545 0.21454545 -0.62727273 -0.62727273 -0.62727273 -0.62727273 -0.35818182 -0.35818182 -0.35818182 -0.44545279 -0.44545455 -0.44545455 -0.4454545 -0.48363636 -0.48363636 -0.64707335 -0.64727273 -0.063638293 -0.063636364
