interpolatedSpi/01-10|21_2.tif
NCOLS 53
NROWS 52
XLLCORNER -116.03883
YLLCORNER 28.596182
DX 0.49850594
DY 0.49788537
NODATA_VALUE -9999
[rows 0 to 39 of 52, columns 0 to 52 of 53]
-0.871 -0.871 -0.86523846 -1.04 -1.099 -1.246 -1.125 -1.072 -1.1948677 -1.275 -1.364 -1.075 -1.5139445 -0.84 -1.051 -1.051 -1.051 -0.723 -0.777 -0.777 -0.777 -0.77699679 -0.44400001 -0.963 -0.963 -0.963 -0.75199757 -0.752 -0.752 -0.46 -0.46 -0.46 -0.46 -1.0699999 -1.07 -1.07 -1.07 -1.07 -1.07 -1.07 -0.052954915 -0.042116058 -0.497 -0.497 -0.497 -0.497 -0.49669457 -0.31 -0.31 -0.31 0.58999813 0.59 0.59
-0.87102493 -1.432 -0.99499979 -1.0822485 -1.2491135 -0.82 -1.011 -1.3888842 -1.67 -1.453 -1.372 -1.514 -1.514 -1.0891664 -0.84000488 -1.051 -0.723 -0.723 -0.77692959 -0.777 -0.777 -0.777 -0.97105348 -0.963 -0.963 -0.963 -1.268 -1.268 -0.46 -0.46 -0.46 -0.46 -0.46 -1.0699999 -1.07 -1.07 -1.07 -1.07 -1.07 -0.99651456 -0.62902208 -0.51301723 -0.497 -0.497 -0.497 -0.497 -0.497 -0.31 -0.31 -0.31 -0.23537114 0.59 0.59
-1.3359841 -1.336 -0.812 -0.787 -0.972 -1.263 -0.846 -1.298 -1.53 -1.524 -1.292 -1.628 -1.08 -1.292 -1.09 -1.59 -0.723 -0.723 -0.723 -1.0579183 -1.058 -1.058 -1.116 -0.963 -0.963 -0.963 -1.268 -1.268 -1.268 -0.46 -0.46 -0.46000002 -0.70599543 -1.0691402 -1.0663979 -0.68654626 -0.683 -0.683 -0.67620822 -0.629 -0.629 -0.62883121 -0.497 -0.497 -0.497 -0.497 -0.497 -0.31 -0.31 -0.31 -0.31 0.59 0.59
-0.531 -1.3359999 -0.98800077 -0.436 -0.896 -1.041 -0.994 -1.263 -1.094 -1.1963781 -1.174 -1.724 -1.637 -1.292 -1.231 -1.59 -1.7646534 -1.7652692 -1.637 -1.058 -1.058 -1.559 -1.116 -1.116 -0.963 -0.96300152 -1.268 -1.268 -1.268 -0.953 -0.9628762 -0.971 -0.971 -0.97099977 -0.683 -0.683 -0.683 -0.683 -0.629 -0.629 -0.629 -0.629 -0.497 -0.497 -0.497 -0.497 -0.497 -0.31000236 -0.31 -0.31 -0.31 0.58995855 0.59
-0.531 -0.31400124 -0.988 -1.1341659 -0.896 -0.848 -1.3109694 -1.106 -1.192 -1.0000001 -1.4676113 -1.6909318 -1.215 -1.231 -1.231 -1.4739714 -1.766 -1.766 -1.637 -1.637 -1.0580009 -1.559 -1.167 -0.841 -0.669 -0.66891502 -1.268 -1.268 -0.953 -0.953 -0.971 -0.971 -0.971 -0.86539902 -0.683 -0.683 -0.683 -0.629 -0.629 -0.629 -0.629 -0.62899652 -0.497 -0.497 -0.497 -0.497 -0.497 -0.49533547 -0.31 -0.31001655 -0.679 -0.679 -0.679
-1.406 -0.76 -0.42100001 -0.846 -1.095 -0.863 -1.17 -1.1618062 -1.023 -0.825 -0.721 -0.513 -0.51300046 -1.114 -1.114 -1.5309095 -1.531 -1.271 -1.271 -1.6369993 -1.051 -1.051 -0.841 -0.669 -0.669 -0.305 -0.602 -0.602 -0.36105388 -0.953 -0.971 -0.971 -0.411 -0.41101212 -0.52699175 -0.708 -0.708 -0.65344045 -0.629 -0.629 -0.5930449 -0.593 -0.59299949 -1.2858248 -1.2999113 -1.2999998 -1.3 -1.2999997 -0.83713239 -0.679 -0.679 -0.679 -0.679
-0.12200407 -0.507 -0.31698418 -0.265 -0.467 -1.169 -0.616 -0.77 -0.956 -0.956 -0.721 -1.002 -0.973 -1.114 -1.1559999 -1.156 -1.531 -1.012 -0.805 -0.805 -1.0519425 -1.053 -1.053 -0.14000001 -0.305 -0.305 -0.602 -0.602 -0.36100524 -0.36109656 -0.44103043 -0.411 -0.411 -0.527 -0.527 -0.75538368 -0.708 -0.708 -0.70200021 -0.59300015 -0.593 -0.593 -0.59299744 -1.299997 -1.3 -1.3 -1.3 -1.2999998 -0.882 -0.67904023 -0.679 -0.679 -0.679
-0.122 0.163 -0.015 -0.845 -0.96299324 -0.929 -0.635 -1.094 -1.064 -1.026 -1.026 -0.986 -0.973 -0.973 -1.1547445 -1.3335976 -1.351 -0.632 -0.81999998 -0.805 -0.31142384 -0.302 -0.389 -0.069000001 -0.069002218 -0.241 -0.56 -0.56000001 -0.45068463 -0.451 -0.441 -0.69249394 -0.501 -0.527 -0.53952081 -0.795 -0.795 -0.702 -0.702 -0.593 -0.593 -0.593 -0.75521528 -0.75700003 -1.3 -1.3 -1.3 -0.88201591 -0.882 -0.882 -0.679 -0.679 -0.679
0.020690824 0.163 0.393 -0.322 -0.724 -0.835 -0.959 -0.995 -1.229 -1.0750945 -1.108 -1.077 -1.077 -1.05 -1.049999 -1.0179309 -1.017 -1.017 -0.66069849 -0.44799999 -0.413 -0.413 -0.428 -0.40436926 -0.22366694 -0.241 -0.379 -0.56 -0.49935447 -0.499 -0.746 -0.433 -0.45365 -0.937 -0.966 -1.074 -1.093 -0.972 -0.92102355 -0.59200904 -0.371 -0.492 -0.75696581 -0.757 -0.7600563 -1.3 -1.404 -0.882 -0.882 -0.882 -0.882 -0.66642475 -0.442
-0.775 -0.775 0.342 -0.266 -0.705 -0.959 -0.985 -0.882 -0.997 -1.0359951 -1.268 -0.293 -1.05 -1.05 -0.941 -0.94204237 -1.017 -1.0169696 -0.855 -0.448 -0.448 -0.44349083 -0.428 -0.55699756 -0.557 -0.557 -0.379 -0.322 -0.322 -0.499 -0.499 -0.43307776 -0.474 -0.937 -0.492 -1.074 -1.093 -0.859 -0.921 -0.82458829 -0.49199999 -0.51220367 -0.547 -0.757 -0.757 -1.404 -1.404 -1.404 -0.882 -0.882 -0.578 -0.578 -0.57799995
-0.775 -0.775 -0.296 -0.746 -0.993 -0.501 -0.858 -1.006053 -1.106 -0.988 -1.203 -1.038 -0.29399294 -0.941 -0.941 -0.94102273 -1.138 -1.1231468 -0.855 -1.032 -1.032 -0.644 -0.644 -0.557 -0.557 -0.557 -0.322 -0.322 -0.322 -0.856 -0.856 -0.85599937 -0.676 -0.676 -0.904 -1.145 -0.715 -1.5119925 -1.112 -0.823 -0.823 -0.34100068 -0.547 -0.757 -0.73200024 -1.05 -0.74783816 -0.745 -0.6 -0.6 -0.578 -0.578 -0.578
-0.775 -0.56828125 -0.48803105 -0.82699734 -0.4 -0.996 -0.858 -1.006 -1.1059992 -0.9893073 -1.0379999 -1.038 -0.913 -0.941 -0.941 -1.138 -1.138 -1.1379839 -0.855 -1.032 -0.95580469 -0.644 -0.644 -0.55700405 -0.557 -0.59677507 -0.678 -0.678 -0.67799996 -0.856 -0.856 -0.846 -0.846 -0.67600063 -0.904 -0.99500007 -0.70120978 -1.512 -1.512 -0.82299998 -0.341 -0.341 -0.34100286 -0.732 -0.732 -1.05 -0.745 -0.745 -0.6 -0.6 -0.578 -0.578 -0.578
-1.21 -0.64118067 -0.66400256 -0.66517537 -0.40000314 -0.99598593 -0.858 -1.0041782 -1.099109 -1.1029187 -0.913 -0.913 -0.913 -0.913 -0.94099603 -1.138 -1.138 -1.134346 -0.855 -1.032053 -1.219 -1.219 -1.219 -1.219 -0.56829875 -0.678 -0.678 -0.678 -0.678 -0.67818736 -0.846 -0.846 -0.846 -0.846 -0.995 -0.995 -0.995 -1.4860418 -1.508808 -1.087 -1.087 -0.34104013 -0.86899531 -0.7320132 -0.732 -1.05 -0.745 -0.745 -0.6 -0.6 -0.57807981 -0.578 -0.36344465
-1.21 -0.664 -0.664 -0.664 -0.664 -0.66400014 -0.85835316 -0.92804107 -1.0807243 -0.91320492 -0.913 -0.913 -0.913 -0.913 -0.91300007 -1.138 -1.138 -1.1185881 -0.85500512 -1.219 -1.219 -1.219 -1.219 -1.219 -1.2159932 -0.8936762 -0.97999994 -0.98 -0.98 -0.98 -0.846 -0.846 -0.84599989 -0.752 -0.752 -0.995 -0.78986755 -0.784 -1.0869998 -1.087 -1.087 -1.087 -0.869 -0.869 -0.869 -0.8702596 -0.80069899 -0.801 -0.801 -0.801 -0.801 -0.49500002 -0.495
-1.086 -0.664 -0.664 -0.664 -0.664 -0.664 -0.66400001 -0.85952193 -1.0022697 -1.002 -1.002 -1.002 -1.002 -1.002 -1.002 -0.77079792 -1.1320714 -1.0992478 -1.2189543 -1.219 -1.219 -1.219 -1.219 -1.2189996 -1.08 -1.08 -1.0799999 -0.98 -0.98 -0.97989587 -0.928 -0.928 -0.752 -0.752 -0.752 -0.77887383 -0.784 -0.784 -0.784 -1.087 -1.087 -1.087 -0.869 -0.869 -0.869 -0.869 -0.801 -0.801 -0.801 -0.801 -0.801 -0.495 -0.495
-1.086 -0.92889419 -0.664 -0.664 -0.664 -0.664 -0.77597802 -0.776 -0.77600001 -1.002 -1.002 -1.002 -1.002 -1.002 -0.94993675 -0.766 -0.766 -0.766 -0.84713561 -0.84600038 -0.846 -0.846 -0.846 -0.846 -1.08 -1.08 -1.08 -1.08 -0.98 -0.928 -0.928 -0.928 -0.75200002 -0.752 -0.752 -0.509 -0.78363589 -0.784 -0.784 -1.0868709 -0.82941402 -0.22857334 -0.869 -0.869 -0.56095359 -0.56 -0.56 -0.80024372 -0.34260749 -0.34100004 -0.34100009 -0.085062122 -0.49499917
-1.086 -0.87482793 -0.76773944 -0.664 -0.664 -0.77593383 -0.776 -0.776 -0.776 -0.77762862 -1.002 -1.002 -1.002 -1.002 -0.766 -0.766 -0.766 -0.766 -0.84592854 -0.846 -0.846 -0.846 -0.846 -0.846 -1.08 -1.08 -1.08 -1.08 -1.0794471 -0.928 -0.928 -0.928 -0.882 -0.75197842 -0.509 -0.509 -0.509 -0.50473337 -0.2613212 -0.226 -0.226 -0.226 -0.563 -0.563 -0.56 -0.56 -0.56 -0.341 -0.341 -0.341 -0.341 -0.085 -0.085
-0.86905889 -0.869 -0.869 -0.869 -0.636 -0.77599639 -0.776 -0.776 -0.776 -0.776 -0.97262514 -1.0019949 -1.002 -0.766 -0.766 -0.766 -0.766 -0.766 -0.75768889 -0.846 -0.846 -0.846 -0.846 -0.846 -0.91053007 -0.83600132 -0.836 -0.836 -0.836 -0.928 -0.882 -0.882 -0.882 -0.882 -0.509 -0.50898973 -0.119 -0.119 -0.22466395 -0.226 -0.226 -0.226 -0.563 -0.563 -0.5604645 -0.56 -0.56 -0.341 -0.341 -0.341 -0.33825501 -0.085 -0.085
-0.869 -0.869 -0.869 -0.75927682 -0.636 -0.636 -0.776 -0.776 -0.776 -0.776 -0.614 -0.614 -0.614 -0.766 -0.766 -0.766 -0.766 -0.76591704 -0.535 -0.535 -0.84599987 -0.846 -0.84582958 -0.839 -0.83897299 -0.836 -0.836 -0.836 -0.836 -0.88199532 -0.882 -0.882 -0.882 -0.882 -0.11900137 -0.119 -0.119 -0.119 -0.11937443 -0.226 -0.226 -0.226 -0.563 -0.563 -0.563 -0.56 -0.56 -0.341 -0.341 -0.341 -0.085 -0.085 -0.085
-0.869 -0.869 -0.869 -0.636 -0.636 -0.636 -0.63600021 -0.776 -0.776 -0.61416723 -0.614 -0.614 -0.614 -0.6140947 -0.35966995 -0.264 -0.264 -0.264 -0.535 -0.535 -0.535 -0.839 -0.839 -0.839 -0.83880587 -0.47407823 -0.836 -0.836 -0.836 -0.43200144 -0.33005429 -0.33 -0.33 -0.33 -0.10557534 -0.086000075 -0.086 -0.086 -0.086 -0.10601642 -0.106 -0.106 -0.563 -0.563 -0.48500033 -0.48499998 -0.435 -0.435 -0.226 -0.226 -0.226 -0.085 -0.077007153
-0.86899768 -0.869 -0.86899999 -0.636 -0.636 -0.636 -0.636 -0.37300012 -0.77438865 -0.6138132 -0.614 -0.614 -0.614 -0.6133132 -0.264 -0.264 -0.264 -0.26400008 -0.535 -0.535 -0.535 -0.839 -0.839 -0.839 -0.146 -0.146 -0.226 -0.226 -0.226 -0.22656735 -0.33 -0.33 -0.33 -0.33 -0.20806701 -0.086 -0.086 -0.086 -0.086 -0.106 -0.106 -0.106 -0.11792479 -0.485 -0.485 -0.485 -0.435 -0.435 -0.226 -0.226 -0.226 -0.077000005 -0.077
-0.122 -0.47061181 -0.539 -0.53902814 -0.636 -0.37452171 -0.373 -0.373 -0.37445751 -0.408 -0.408 -0.408 -0.408 0.14698193 0.147 -0.26399968 -0.264 -0.27114045 -0.535 -0.535 -0.535 0.106 0.106 0.106 -0.146 -0.146 -0.226 -0.226 -0.226 -0.22599981 0.029997712 0.029998989 -0.32095194 -0.32961406 -0.21512881 -0.215 -0.215 -0.215 -0.215 -0.106 -0.106 -0.106 -0.46413103 -0.485 -0.485 -0.48499998 -0.435 -0.435 -0.43499248 -0.226 -0.22601364 -0.531 -0.077
-0.35695537 -0.35700003 -0.539 -0.539 -0.539 -0.373 -0.373 -0.373 -0.377 -0.377 -0.408 -0.408 -0.408 0.147 0.147 0.147 0.147 0.14692275 -0.535 -0.535 -0.53499998 0.106 0.106 0.106 -0.146 -0.146 -0.226 -0.226 -0.226 0.027113581 0.03 0.03 0.03 0.03 -0.21487911 -0.215 -0.215 -0.215 -0.215 -0.033000019 -0.033 -0.033 -0.033 -0.48499923 -0.385 -0.385 -0.385 -0.48 -0.48 -0.48 -0.531 -0.531 -0.531
-0.357 -0.357 -0.539 -0.539 -0.539 -0.37387253 -0.373 -0.377 -0.377 -0.377 -0.40799618 -0.408 -0.1996332 0.14699993 0.147 0.147 0.147 0.108 0.108 0.108 -0.068999996 -0.06899987 0.10599915 0.106 0.1057668 -0.168 -0.168 -0.16800014 -0.22599063 0.19796652 0.19799911 0.19797067 0.030287129 0.030144982 -0.17125477 -0.21499986 -0.21377345 0.151 0.151 -0.033 -0.033 -0.033 -0.033 -0.385 -0.385 -0.385 -0.385 -0.48 -0.48 -0.48 -0.531 -0.531 -0.531
-0.357 -0.357 -0.539 -0.539 -0.539 -0.539 -0.37449708 -0.377 -0.377 -0.377 -0.37687627 -0.153 -0.153 -0.153 0.14523203 0.147 0.10825989 0.108 0.108 0.108 -0.069 -0.069 -0.069 -0.069 -0.168 -0.168 -0.168 -0.168 -0.168 0.198 0.198 0.198 0.198 0.19800021 0.296 0.151 0.151 0.151 0.151 0.15099942 -0.002 -0.002 -0.002 -0.15559487 -0.474 -0.474 -0.474 -0.48 -0.47999986 -0.335 -0.335 -0.29105839 -0.291
-0.357 -0.357 -0.47331078 -0.539 -0.539 -0.539 -0.3220976 -0.37682667 -0.377 -0.377 -0.15299999 -0.153 -0.153 -0.153 -0.153 -0.12837114 0.108 0.108 0.108 0.108 -0.068998631 -0.069 -0.069 -0.069 -0.168 -0.168 -0.168 -0.168 -0.168 0.1691807 0.198 0.198 0.198 0.296 0.296 0.2958874 0.151 0.151 0.37048362 0.54099996 -0.002 -0.002 -0.002 -0.15160575 -0.474 -0.474 -0.474 0.302 -0.32706304 -0.335 -0.335 -0.291 -0.291
-0.169 -0.169 -0.169 -0.44623083 -0.53850587 -0.322 -0.322 -0.322 -0.322 -0.103 -0.103 -0.153 -0.153 -0.153 -0.153 -0.15298345 0.108 0.108 0.108 0.108 0.0082370583 -0.069 -0.069 -0.068031695 -0.038055926 -0.168 -0.168 -0.168 0.159 0.159 0.159 0.15900016 0.296 0.296 0.296 0.296 0.541 0.541 0.541 0.541 0.126 0.126 0.126 0.1010005 0.101 0.101 0.10099982 0.302 0.302 -0.33422385 -0.335 -0.29099625 -0.291
-0.169 -0.169 -0.169 -0.16900172 -0.201 -0.21859539 -0.322 -0.322 -0.322 -0.103 -0.103 -0.103 0.094999989 0.095 0.095 0.094999988 0.1073149 0.108 0.108 0.108 0.10531807 -0.032000102 -0.032 -0.032 -0.032 -0.032 0.0019999987 0.002 0.159 0.159 0.159 0.159 0.29600026 0.296 0.296 0.29602989 0.54099999 0.541 0.541 0.53926282 0.126 0.126 0.126 0.10100116 0.101 0.101 0.101 0.302 0.302 0.30200002 0.453 0.453 0.469
-0.169 -0.169 -0.169 -0.20099993 -0.201 -0.201 -0.32199995 -0.322 -0.322 -0.103 -0.103 -0.103 0.095 0.095 0.095 0.067506402 -0.266 -0.266 -0.26599903 0.10588755 -0.032 -0.032 -0.032 -0.032 -0.032 -0.031974413 0.002 0.002 0.0020000003 0.159 0.159 0.15882492 0.663 0.663 0.663 -0.043999997 -0.043999999 0.145 0.145 0.145 0.037 0.12597208 0.12600043 0.184 0.184 0.18085439 0.10100056 0.302 0.302 0.453 0.453 0.453 0.469
-0.169 -0.169 -0.169 -0.201 -0.201 -0.201 -0.201 -0.322 -0.322 -0.103 -0.103 0.087082856 0.095 0.095 0.095 -0.266 -0.266 -0.266 -0.266 -0.266 -0.032 -0.032 -0.032 -0.032 -0.032 0.001999884 0.002 0.002 0.002 -0.113 -0.113 -0.113 0.663 0.663 0.663 -0.044 -0.044 0.145 0.145 0.037 0.037 0.037 0.184 0.184 0.184 0.184 0.20207241 0.404 0.404 0.404 0.453 0.573 0.573
-0.169 -0.169 -0.16904456 -0.201 -0.201 -0.201 -0.201 -0.1038948 -0.099 -0.099006867 -0.103 0.094985761 0.095 0.095 0.094998751 -0.266 -0.266 -0.266 -0.266 -0.266 -0.051195882 -0.032 -0.032 -0.032 -0.031934709 0.0020159226 0.002 0.002 0.002 -0.113 -0.113 -0.113 -0.11288553 0.663 -0.044 -0.044 -0.044 -0.043992036 0.14499263 0.037 0.037 0.037 0.18399108 0.184 0.184 0.184 0.40400115 0.404 0.404 0.404 0.573 0.573 0.573
-0.417 -0.41699957 -0.2009908 -0.201 -0.201 -0.201 -0.099021704 -0.099 -0.099 -0.099 -0.075000001 -0.075 -0.075 -0.075 -0.26511843 -0.266 -0.266 -0.266 -0.266 -0.052000127 -0.052 -0.052 0.28499995 0.285 0.285 0.285 0.26057346 0.002 0.18699242 0.187 0.187 0.187 0.187 0.214 0.214 0.214 0.214 0.214 0.542 0.542 0.542 0.542 0.542 0.520492 0.521 0.521 0.521 0.404 0.404 0.404 0.57297338 0.573 0.573
-0.417 -0.417 -0.41334953 0.018999558 0.018999951 0.018884814 -0.099 -0.099 -0.099 -0.099 -0.075 -0.075 -0.075 -0.075 -0.075 -0.266 -0.266 -0.266 -0.052000054 -0.052 -0.052 -0.052 0.285 0.285 0.285 0.285 0.285 0.28494002 0.18696486 0.187 0.187 0.187 0.18698588 0.19982746 0.21398532 0.214 0.214 0.214 0.542 0.542 0.542 0.542 0.542 0.521 0.521 0.521 0.521 0.46628851 0.404 0.12415741 0.121 0.171 0.171
-0.417 -0.417 0.018944772 0.019 0.019 0.019 -0.010971502 -0.099 -0.099 -0.099 -0.075 -0.075 -0.075 -0.075 -0.075 -0.2658549 -0.266 -0.052062743 -0.052 -0.052 -0.052 -0.052 0.16015617 0.285 0.285 0.285 0.285 0.28486608 0.096 0.096 0.096 0.096 0.096 0.189 0.189 0.189 0.189 0.189 0.467 0.467 0.467 0.467 0.467 0.52085838 0.52099997 0.521 0.52099017 0.51975941 0.121 0.121 0.121 0.17099972 0.171
-0.41699994 -0.38464337 0.018999944 0.019 0.019 0.019 0.019 -0.098949757 -0.099 -0.099 -0.075 -0.075 -0.075 -0.075 -0.27544667 -0.28 -0.28 -0.052005868 -0.052 -0.052 -0.052 -0.052 -0.051999997 0.285 0.285 0.285 0.285 -0.071999831 -0.071999922 -0.036245517 0.096 0.096 0.096 0.189 0.189 0.189 0.189 0.18890315 0.467 0.467 0.467 0.467 0.46698429 0.463 0.463 0.463 0.463 0.46297242 0.121 0.121 0.121 0.12100009 0.26755671
-0.384 -0.384 -0.29219101 0.019 0.019 0.019 0.019 0.019 -0.098949616 -0.07 -0.07 -0.07 -0.070011866 -0.2799997 -0.28 -0.28 -0.28 -0.28 -0.052000983 -0.060410945 -0.134 -0.134 -0.134 -0.028974683 0.25586676 0.099980314 -0.031553231 -0.072 -0.072 -0.072 -0.072 -0.072 -0.062921463 0.047582513 0.046 0.046 0.046 0.046 0.42848995 0.26200037 0.262 0.262 0.262 0.17600084 0.46299993 0.463 0.463 0.085 0.12099942 0.121 0.121 0.269 0.269
-0.384 -0.384 -0.267 -0.267 -0.267 0.018904731 0.019 0.019 -0.07 -0.07 -0.07 -0.07 -0.07 -0.27999999 -0.28 -0.28 -0.28 -0.28 -0.134 -0.134 -0.134 -0.134 -0.134 -0.079000003 -0.079 -0.079 -0.079 -0.072 -0.072 -0.072 -0.072 -0.072 0.187 0.187 0.046000001 0.046 0.046 0.20197343 0.202 0.262 0.262 0.262 0.26199999 0.176 0.176 0.176 0.085 0.085 0.085 0.052 0.052 0.269 0.269
-0.384 -0.384 -0.267 -0.267 -0.267 -0.267 -0.26699894 -0.073 -0.070002825 -0.07 -0.07 -0.07 -0.07 -0.27738044 -0.28 -0.28 -0.28 -0.28 -0.134 -0.134 -0.134 -0.134 -0.134 -0.079 -0.079 -0.079 -0.079 -0.078999962 -0.072 -0.072 -0.072 0.18698642 0.187 0.187 0.187 0.046 0.202 0.202 0.202 0.20357871 0.20383242 0.193 0.193 0.176 0.176 0.176 0.085 0.085 0.085 0.052 0.052 0.052 0.33692873
-0.441 -0.44099955 -0.267 -0.267 -0.267 -0.267 -0.073 -0.073 -0.073 -0.07 -0.07 -0.07 -0.07 -0.070065283 -0.28 -0.28 -0.28 -0.28 -0.13400259 -0.134 -0.134 -0.134 -0.088690414 -0.079 -0.079 -0.079 -0.079 0.036999905 0.037 0.036999999 -0.070820459 0.187 0.187 0.187 0.18699998 0.164 0.202 0.202 0.202 0.202 0.193 0.193 0.193 0.174 0.174 0.174 0.015006817 0.085 0.085 0.052000001 0.052 0.052 0.34400101
-0.441 -0.441 -0.267 -0.267 -0.267 -0.073 -0.073 -0.073 -0.073 -0.070316124 -0.069999999 -0.07 -0.069999999 -0.07000021 -0.11701876 -0.117 -0.117 -0.117 -0.2224039 -0.179 -0.179 -0.179 -0.179 -0.079 -0.079 -0.079 -0.078992348 0.037 0.037 0.037 0.037 0.18699994 0.17406317 0.164 0.164 0.164 0.20156684 0.086002415 0.086 0.086 0.19312298 0.35 0.35 0.174 0.174 0.17399933 0.015 0.015 0.18 0.18 0.18 0.562 0.707
