interpolatedSpi/01-12|19_3.tif
NCOLS 53
NROWS 52
XLLCORNER -116.03883
YLLCORNER 28.596182
DX 0.49850594
DY 0.49788537
NODATA_VALUE -9999
[rows 0 to 27 of 52, columns 0 to 52 of 53]
0.45083333 0.45083333 0.21827635 0.02 0.0975 0.10833333 0.078333333 0.0033333333 -0.41755407 -0.56083333 -0.48666667 -0.078333333 -0.37083169 -0.35083333 -0.39416667 -0.39416667 -0.39416667 -0.0041666667 0.0175 0.0175 0.0175 0.017492535 -0.7575 -0.305 -0.305 -0.305 -0.78583056 -0.78583333 -0.78583333 -0.70916667 -0.70916667 -0.70916667 -0.70916667 -0.84333331 -0.84333333 -0.84333333 -0.84333333 -0.84333333 -0.84333333 -0.84333331 -0.10214956 -0.094269394 -0.4975 -0.4975 -0.4975 -0.4975 -0.49854262 -1.1358333 -1.1358333 -1.1358333 -0.084168851 -0.084166667 -0.084166667
0.45081941 0.1375 0.20583381 0.18471621 0.23895774 0.3275 0.64666667 -0.12481819 -0.35833333 -0.34833333 0.0875 -0.37083333 -0.37083333 0.19899382 -0.35082705 -0.39416667 -0.0041666667 -0.0041666667 0.01747175 0.0175 0.0175 0.0175 -0.32482664 -0.305 -0.305 -0.305 -0.20750001 -0.2075 -0.70916667 -0.70916667 -0.70916667 -0.70916667 -0.70916667 -0.84333331 -0.84333333 -0.84333333 -0.84333333 -0.84333333 -0.84333324 -0.66616606 0.18497087 -0.41468394 -0.4975 -0.4975 -0.4975 -0.4975 -0.4975 -1.1358333 -1.1358333 -1.1358333 -1.0486281 -0.084166667 -0.084166667
0.33833223 0.33833333 0.6175 0.65083333 -0.010833333 -0.11583333 0.11166667 0.15083333 -0.3775 -0.36666667 0.0041666667 -0.3975 -0.023333333 -0.15833333 0.20083333 -0.91666667 -0.0041666667 -0.0041666667 -0.0041666667 -0.14411967 -0.14416667 -0.14416667 -0.68166667 -0.305 -0.305 -0.305 -0.2075 -0.2075 -0.2075 -0.70916667 -0.70916667 -0.70916668 -0.79942918 -0.84085281 -0.83158991 0.40677209 0.41833333 0.41833333 0.38898615 0.185 0.185 0.18412726 -0.4975 -0.4975 -0.4975 -0.4975 -0.4975 -1.1358333 -1.1358333 -1.1358333 -1.1358333 -0.084166667 -0.084166667
0.39583333 0.33833316 -0.54169998 0.4525 -0.33833333 0.021666667 -0.095833333 -0.4425 -0.45083333 -0.079877611 -0.52416667 -0.79666667 -0.44166667 -0.15833333 -0.3375 -0.91666667 -0.49574528 -0.49215785 -0.695 -0.14416667 -0.14416667 -0.64333333 -0.68166667 -0.68166667 -0.305 -0.30499951 -0.2075 -0.2075 -0.2075 -1.1083333 -0.99219655 -0.89666667 -0.89666667 -0.89666564 0.41833333 0.41833333 0.41833333 0.41833333 0.185 0.185 0.185 0.18499997 -0.4975 -0.4975 -0.4975 -0.4975 -0.4975 -1.1358253 -1.1358333 -1.1358333 -1.1358333 -0.084182971 -0.084166667
0.39583333 0.06166556 -0.54166667 -0.67000177 -0.33833333 -0.4175 -0.51998286 -0.515 -0.45333333 -0.60083342 -0.60646053 -0.60830564 -0.415 -0.3375 -0.3375 -0.71835516 -0.4925 -0.4925 -0.695 -0.695 -0.14416769 -0.64333333 -0.7725 -0.63333333 -0.44583333 -0.44579137 -0.2075 -0.2075 -1.1083333 -1.1083333 -0.89666667 -0.89666667 -0.89666667 -0.85565202 0.41833333 0.41833333 0.41833333 0.185 0.185 0.185 0.185 0.18500008 -0.49749999 -0.4975 -0.4975 -0.4975 -0.4975 -0.50318196 -1.1358333 -1.1358086 -0.58333333 -0.58333333 -0.58333333
-1.5166667 -0.019166667 0.11583336 -0.45083333 -0.10916667 -0.014166667 -0.68916667 -0.66686835 -0.73666667 -0.58583333 -0.57916667 -0.58666667 -0.58666655 -0.93916667 -0.93916667 -0.4065711 -0.40666667 -0.45583333 -0.45583333 -0.69499961 -0.8625 -0.8625 -0.63333333 -0.44583333 -0.44583333 -0.26666667 -1.2375 -1.2375 -0.52838609 -1.1083333 -0.89666667 -0.89666667 -0.67916667 -0.67918016 -0.80832402 -0.64666667 -0.64666667 -0.072295069 0.185 0.185 0.18583229 0.18583333 0.18583454 0.19505482 0.20742208 0.20749981 0.20749998 0.20749973 -0.18413612 -0.58333333 -0.58333333 -0.58333333 -0.58333333
-0.87500293 -0.10416667 -0.16057953 0.2275 0.5675 -0.64083333 -0.49 -0.53833333 -0.91916667 -0.91916667 -0.57916667 -0.46083333 -0.65833325 -0.93916667 -0.010836115 -0.010833333 -0.40666667 -0.115 -0.25583333 -0.25583333 -0.79770108 -0.725 -0.725 -0.16416667 -0.26666667 -0.26666667 -1.2375 -1.2375 -0.52833712 -0.52840307 -0.15136829 -0.67916667 -0.67916667 -0.80833333 -0.80833333 -0.45831199 -0.64666667 -0.64666667 -0.53500387 0.18583233 0.18583333 0.18583333 0.18584033 0.2075012 0.2075 0.2075 0.2075 0.20749983 -0.083333333 -0.58323425 -0.58333333 -0.58333333 -0.58333333
-0.875 -1.0383333 0.23083333 -0.61583333 -0.25918711 -0.73416667 -0.7825 -0.70999999 -0.87666667 -0.38166667 -0.38166667 -0.34666667 -0.65833333 -0.65833333 -0.015275784 -0.085970783 -0.093333333 0.1025 -0.43499982 -0.25583333 0.051172517 0.066666667 -0.39833333 -0.43 -0.42999999 -0.42916667 -0.016666668 -0.016667098 -0.59310556 -0.59333332 -0.15 -0.1785355 -0.4775 -0.80833333 -0.78197499 -0.30083333 -0.30083333 -0.535 -0.535 0.18583333 0.18583333 0.18583334 0.42409227 0.42333332 0.2075 0.2075 0.2075 -0.083322263 -0.083333333 -0.083333333 -0.58333333 -0.58333333 -0.58333333
-0.95855625 -1.0383333 -0.145 0.32833333 0.13166667 -0.55083333 -0.53 -0.23416667 -0.855 -0.30609711 -0.40416667 -0.36333333 -0.36333333 -0.034166667 -0.03416242 -0.35510172 -0.35583333 -0.35583333 0.020449796 0.15166661 -0.11583333 -0.11583333 -0.010833333 -0.24562596 -0.42925064 -0.42916667 -0.23916667 -0.016666667 -0.017495158 -0.0175 -0.095 0.34416667 0.30177274 0.04 0.11583333 -0.023333333 -0.10666667 -0.305 0.15228874 0.18806522 0.68583333 0.5775 0.42333985 0.42333333 0.42211851 0.2075 0.067500007 -0.083333332 -0.083333333 -0.083333333 -0.083333332 -0.48310485 -0.13166667
-0.5125 -0.5125 -0.37916667 -0.081666667 -0.18416667 -0.605 -0.335 -0.3275 -0.00083333333 -0.16666234 -0.17666667 -0.20166667 -0.034166667 -0.034166667 0.4175 0.40689338 -0.35583333 -0.35574181 -0.00083333333 0.15166667 0.15166667 0.11720372 -0.010833333 -0.34082708 -0.34083333 -0.34083333 -0.23916667 0.4575 0.4575 -0.0175 -0.0175 0.34400703 0.26 0.04 0.2625 -0.023333333 -0.10666667 -0.48416667 0.1525 0.91903875 0.5775 0.53556209 0.46333333 0.42333333 0.42333333 0.0675 0.0675 0.0675 -0.083333333 -0.083333333 0.22166667 0.22166667 0.22166653
-0.5125 -0.5125 -0.6475 -1.1633333 -0.8575 -0.0125 -0.34833333 -0.17521292 -0.425 -0.22166667 -0.019166667 -0.3325 -0.2018406 0.4175 0.4175 0.41750606 0.47 0.44528846 -0.00083333333 0.63416667 0.63416667 0.92333333 0.92333333 -0.34083333 -0.34083333 -0.34083333 0.4575 0.4575 0.4575 -0.080833333 -0.080833333 -0.080832771 0.26166667 0.26166667 -0.4225 -0.0075 0.5275 -0.12499956 0.3375 0.93166667 0.93166667 0.55333304 0.46333333 0.42333333 0.57666647 0.3525 0.61928 0.62166667 0.86416667 0.86416667 0.22166667 0.22166667 0.22166667
-0.5125 -0.57095905 -0.86762448 -1.0833194 -0.28333333 -0.45166667 -0.34833333 -0.175 -0.42499791 -0.22391935 -0.33249986 -0.3325 0.47416667 0.4175 0.4175 0.47 0.47 0.4699732 -0.00083333333 0.63416667 0.69095312 0.92333333 0.92333333 -0.3407823 -0.34083333 -0.020879627 0.6325 0.6325 0.63249998 -0.080833333 -0.080833333 0.3825 0.3825 0.26166479 -0.4225 0.61416643 0.43115412 -0.125 -0.125 0.93166665 0.55333333 0.55333333 0.55333349 0.57666667 0.57666667 0.3525 0.62166667 0.62166667 0.86416667 0.86416667 0.22166667 0.22166667 0.22166667
-0.62833333 -0.27259315 -0.23336734 -0.23948101 -0.2833344 -0.45166269 -0.34833334 -0.17713364 -0.40777244 -0.41969042 0.47416667 0.47416667 0.47416667 0.47416667 0.41750803 0.47 0.47 0.46392079 -0.00083333333 0.63428875 1.07 1.07 1.07 1.07 -0.31614851 0.6325 0.6325 0.6325 0.6325 0.63210764 0.3825 0.3825 0.3825 0.3825 0.61416667 0.61416667 0.61416667 -0.089299486 -0.11665704 0.98583333 0.98583333 0.5533566 0.63749792 0.57667253 0.57666667 0.3525 0.62166667 0.62166667 0.86416666 0.86416667 0.22399759 0.22166667 -0.067428284
-0.62833333 -0.23333333 -0.23333333 -0.23333333 -0.23333333 -0.23333342 -0.3485978 -0.26635089 -0.3618109 0.47320343 0.47416667 0.47416667 0.47416667 0.47416667 0.47416684 0.47 0.46999993 0.43770405 -0.00082330499 1.07 1.07 1.07 1.07 1.07 1.0686112 0.71853007 0.71833332 0.71833333 0.71833333 0.71833333 0.38250001 0.3825 0.38250063 0.90666667 0.90666667 0.61416667 1.0427412 1.055 0.98583337 0.98583333 0.98583333 0.98583333 0.6375 0.6375 0.6375 0.63551666 0.36330241 0.36166667 0.36166667 0.36166667 0.36166668 0.93999985 0.94
0.14333333 -0.23333333 -0.23333333 -0.23333333 -0.23333333 -0.23333333 -0.23333334 -0.16977663 0.70836381 0.71416667 0.71416667 0.71416667 0.71416667 0.71416667 0.71416666 0.9019205 0.47687459 0.40552733 1.0698655 1.07 1.07 1.07 1.07 1.0700002 1.0058333 1.0058333 1.0058329 0.71833333 0.71833333 0.71905421 1.0783333 1.0783333 0.90666667 0.90666667 0.90666667 1.0312387 1.055 1.055 1.055 0.98583333 0.98583333 0.98583333 0.6375 0.6375 0.6375 0.6375 0.36166668 0.36166667 0.36166667 0.36166667 0.36166667 0.94 0.94
0.14333333 0.0031046128 -0.23333333 -0.23333333 -0.23333333 -0.23333333 0.17575303 0.17583333 0.17583335 0.71416667 0.71416667 0.71416667 0.71416667 0.71416667 0.75644967 0.90583333 0.90583333 0.90583333 1.2718828 1.2724998 1.2725 1.2725 1.2725 1.2725 1.0058333 1.0058333 1.0058333 1.0058333 0.71833333 1.0783333 1.0783333 1.0783333 0.90666668 0.90666667 0.90666667 1.2241667 1.055224 1.055 1.055 0.98583324 0.98558402 0.98500249 0.6375 0.6375 0.87759011 0.87833333 0.87833333 0.36245583 0.83915886 0.84083329 0.84083324 1.0924769 0.94000031
0.14333333 -0.14293264 -0.19158454 -0.23333333 -0.23333333 0.17559158 0.17583333 0.17583333 0.17583333 0.17971272 0.71416667 0.71416667 0.71416667 0.71416669 0.90583333 0.90583333 0.90583333 0.90583333 1.2721725 1.2725 1.2725 1.2725 1.2725 1.2725 1.0058333 1.0058333 1.0058333 1.0058333 1.006097 1.0783333 1.0783333 1.0783333 1.465 0.90671244 1.2241667 1.2241667 1.2241667 1.2257663 0.98944367 0.985 0.985 0.985 0.97166667 0.97166667 0.87833333 0.87833333 0.87833333 0.84083333 0.84083333 0.84083333 0.84083333 1.0925 1.0925
-0.15050402 -0.15083333 -0.15083333 -0.15083333 -0.039166667 0.17582779 0.17583333 0.17583333 0.17583333 0.17583333 0.69549178 0.71416345 0.71416666 0.90583333 0.90583333 0.90583333 0.90583333 0.90583333 0.92195235 1.2725 1.2725 1.2725 1.2725 1.2725 1.2736797 1.4791641 1.4791667 1.4791667 1.4791667 1.0783334 1.465 1.465 1.465 1.465 1.2241667 1.2241705 1.3708333 1.3708333 0.9898177 0.985 0.985 0.985 0.97166667 0.97166667 0.89278455 0.87833333 0.87833333 0.84083333 0.84083333 0.84083333 0.84353185 1.0925 1.0925
-0.15083333 -0.15083333 -0.15083333 -0.098247834 -0.039166667 -0.039166667 0.17583333 0.17583333 0.17583333 0.17583333 0.4675 0.4675 0.4675 0.90583333 0.90583333 0.90583333 0.90583333 0.90580235 0.70583333 0.70583333 1.2724998 1.2725 1.268625 1.1133333 1.1166268 1.4791667 1.4791667 1.4791667 1.4791667 1.4650014 1.465 1.465 1.465 1.465 1.3708328 1.3708333 1.3708333 1.3708333 1.3694912 0.985 0.985 0.985 0.97166667 0.97166667 0.97166667 0.87833333 0.87833333 0.84083334 0.84083333 0.84083333 1.0925 1.0925 1.0925
-0.15083333 -0.15083333 -0.15083333 -0.039166667 -0.039166667 -0.039166667 -0.039166338 0.17583333 0.17583333 0.46719892 0.4675 0.4675 0.4675 0.4677731 0.75406663 0.71833333 0.71833333 0.71833333 0.70583333 0.70583333 0.70583333 1.1133333 1.1133333 1.1133333 1.1133613 1.3397306 1.4791667 1.4791667 1.4791667 1.5581507 1.5791554 1.5791667 1.5791667 1.5791667 1.4783753 1.6291661 1.6291667 1.6291667 1.6291667 1.474933 1.475 1.475 0.97166667 0.97166667 1.3891649 1.3891667 1.3783333 1.3783333 1.3341667 1.3341667 1.3341667 1.0925 1.2581851
-0.15083183 -0.15083333 -0.15083333 -0.039166667 -0.039166667 -0.039166667 -0.039166663 0.33083329 0.17645308 0.46731789 0.4675 0.4675 0.4675 0.4679922 0.71833333 0.71833333 0.71833333 0.71833333 0.70583333 0.70583333 0.70583333 1.1133333 1.1133333 1.1133333 1.2133333 1.2133333 1.35 1.35 1.35 1.3512502 1.5791667 1.5791667 1.5791667 1.5791667 1.6041529 1.6291667 1.6291667 1.6291667 1.6291667 1.475 1.475 1.475 1.4722994 1.3891667 1.3891667 1.3891667 1.3783333 1.3783333 1.3341667 1.3341667 1.3341667 1.2583333 1.2583333
0.3325 0.11430795 0.22583333 0.22575645 -0.039166667 0.32869253 0.33083333 0.33083333 0.38245364 0.26666667 0.26666667 0.26666667 0.26666667 0.44166097 0.44166667 0.71833312 0.71833333 0.71800398 0.70583333 0.70583333 0.70583333 0.855 0.855 0.855 1.2133333 1.2133333 1.35 1.35 1.35 1.3500002 1.6133331 1.6133332 1.5800254 1.5792033 1.5325541 1.5325 1.5325 1.5325 1.5325 1.475 1.475 1.475 1.3938927 1.3891667 1.3891667 1.3891666 1.3783333 1.3783333 1.3783317 1.3341667 1.3341611 1.2091667 1.2583333
0.45414356 0.45416663 0.22583333 0.22583333 0.22583333 0.33083333 0.33083333 0.33083333 0.4725 0.4725 0.26666667 0.26666667 0.26666667 0.44166667 0.44166667 0.44166667 0.44166667 0.44169704 0.70583333 0.70583333 0.70583334 0.855 0.855 0.855 1.2133333 1.2133333 1.35 1.35 1.35 1.6103642 1.6133333 1.6133333 1.6133333 1.6133333 1.5325399 1.5325 1.5325 1.5325 1.5325 1.0883334 1.0883333 1.0883333 1.0883333 1.3891622 0.805 0.805 0.805 1.0808333 1.0808333 1.0808333 1.2091667 1.2091667 1.2091667
0.45416667 0.45416667 0.22583333 0.22583333 0.22583333 0.33028143 0.33083333 0.4725 0.4725 0.4725 0.266692 0.26666667 0.26598573 0.44166663 0.44166667 0.44166667 0.44166667 0.195 0.195 0.195 0.33833334 0.33833372 0.85499748 0.855 0.85507789 0.81666667 0.81666667 0.81666794 1.3499138 1.4841924 1.4841674 1.4841892 1.6131126 1.6132219 1.5468119 1.5324997 1.5297911 0.72416667 0.72416667 1.0883333 1.0883333 1.0883333 1.0883333 0.805 0.805 0.805 0.805 1.0808333 1.0808333 1.0808333 1.2091667 1.2091667 1.2091667
0.45416667 0.45416667 0.22583333 0.22583333 0.22583333 0.22583333 0.38385503 0.4725 0.4725 0.4725 0.47238584 0.26583333 0.26583333 0.26583333 0.44063044 0.44166667 0.19664373 0.195 0.195 0.195 0.33833333 0.33833333 0.33833333 0.33833333 0.81666667 0.81666667 0.81666667 0.81666667 0.81666667 1.4841667 1.4841667 1.4841667 1.4841667 1.4841663 1.3233333 0.72416667 0.72416667 0.72416667 0.72416667 0.72416644 0.595 0.595 0.595 0.64516836 0.74916667 0.74916667 0.74916667 1.0808333 1.0808332 0.95666667 0.95666667 1.3116417 1.3116667
0.45416667 0.45416667 0.30824563 0.22583333 0.22583333 0.22583334 0.50494233 0.47260242 0.4725 0.4725 0.26583338 0.26583333 0.26583333 0.26583333 0.26583333 0.28023529 0.195 0.195 0.195 0.195 0.33833222 0.33833333 0.33833333 0.33833333 0.81666667 0.81666667 0.81666667 0.81666667 0.81666667 0.85174313 1.4841667 1.4841667 1.4841667 1.3233333 1.3233333 1.3228681 0.72416667 0.72416667 0.88690345 1.0133333 0.595 0.595 0.595 0.645034 0.74916667 0.74916667 0.74916667 0.9025 0.95599176 0.95666667 0.95666667 1.3116667 1.3116667
0.69916667 0.69916667 0.69916667 0.34451101 0.22643791 0.505 0.505 0.505 0.505 0.49333333 0.49333333 0.26583335 0.26583333 0.26583333 0.26583333 0.26582884 0.195 0.195 0.195 0.195 0.27578732 0.33833333 0.33833333 0.33685034 0.30548961 0.81666667 0.81666667 0.81666667 0.62833333 0.62833333 0.62833333 0.62833693 1.3233333 1.3233333 1.3233333 1.3233333 1.0133333 1.0133333 1.0133333 1.0133333 0.74333333 0.74333333 0.74333333 0.89166368 0.89166667 0.89166667 0.89166662 0.9025 0.9025 0.95660067 0.95666667 1.3116646 1.3116667
0.69916667 0.69916667 0.69916667 0.69916344 0.63916667 0.61965663 0.505 0.505 0.505 0.49333333 0.49333333 0.49333333 0.2425 0.2425 0.2425 0.2425 0.19496489 0.195 0.195 0.195 0.19717035 0.28166682 0.28166667 0.28166667 0.28166667 0.28166666 -0.10083333 -0.10083333 0.62833333 0.62833333 0.62833333 0.62833333 1.3233331 1.3233333 1.3233333 1.3233075 1.0133333 1.0133333 1.0133333 1.013772 0.74333333 0.74333333 0.74333333 0.89165979 0.89166667 0.89166667 0.89166667 0.9025 0.9025 0.9025 0.91166667 0.91166667 1.0158333
