interpolatedSpi/01-10|21_1.tif
NCOLS 53
NROWS 52
XLLCORNER -116.03883
YLLCORNER 28.596182
DX 0.49850594
DY 0.49788537
NODATA_VALUE -9999
[rows 0 to 40 of 52, columns 0 to 52 of 53]
-0.524 -0.524 -0.49388461 -0.632 -0.636 -0.699 -0.701 -0.712 -0.78956644 -0.907 -1.016 -0.791 -1.0189605 -0.539 -0.593 -0.593 -0.593 -0.648 -0.709 -0.709 -0.709 -0.70899637 -0.332 -0.807 -0.807 -0.807 -0.63099818 -0.631 -0.631 -0.381 -0.381 -0.381 -0.381 -0.84599991 -0.846 -0.846 -0.846 -0.846 -0.846 -0.84599998 -0.13565132 -0.12804802 -0.316 -0.316 -0.316 -0.316 -0.3158187 -0.205 -0.205 -0.205 0.52299849 0.523 0.523
-0.52401888 -0.949 -0.5729999 -0.64902163 -0.80211736 -0.493 -0.635 -0.92884785 -1.207 -1.037 -0.982 -1.019 -1.019 -0.93965954 -0.53900533 -0.593 -0.648 -0.648 -0.70892046 -0.709 -0.709 -0.709 -0.82052773 -0.807 -0.807 -0.807 -0.94799999 -0.948 -0.381 -0.381 -0.381 -0.381 -0.381 -0.84599993 -0.846 -0.846 -0.846 -0.846 -0.84599999 -0.78109244 -0.44103019 -0.33116793 -0.316 -0.316 -0.316 -0.316 -0.316 -0.205 -0.205 -0.205 -0.14463354 0.523 0.523
-0.86599064 -0.866 -0.483 -0.501 -0.639 -0.814 -0.551 -0.956 -1.09 -1.059 -1.042 -1.138 -0.784 -0.88 -0.941 -1.126 -0.648 -0.648 -0.648 -0.86395494 -0.864 -0.864 -1.064 -0.807 -0.807 -0.807 -0.948 -0.948 -0.948 -0.381 -0.381 -0.38100002 -0.58703923 -0.84557552 -0.84417566 -0.65179604 -0.65 -0.65 -0.62371331 -0.441 -0.441 -0.44084016 -0.316 -0.316 -0.316 -0.316 -0.316 -0.205 -0.205 -0.205 -0.205 0.523 0.523
-0.499 -0.86599997 -0.74098698 -0.212 -0.592 -0.665 -0.643 -0.86 -0.767 -1.021819 -0.828 -1.246 -1.17 -0.88 -0.828 -1.126 -1.2659212 -1.2665663 -1.229 -0.864 -0.864 -1.358 -1.064 -1.064 -0.807 -0.8070007 -0.948 -0.948 -0.948 -0.656 -0.73994769 -0.809 -0.809 -0.80899987 -0.65 -0.65 -0.65 -0.65 -0.441 -0.441 -0.441 -0.441 -0.316 -0.316 -0.316 -0.316 -0.316 -0.2050014 -0.205 -0.205 -0.205 0.52296619 0.523
-0.499 -0.26000088 -0.741 -0.80843015 -0.592 -0.598 -0.88699291 -0.857 -0.814 -0.71400005 -0.92608678 -1.0269659 -0.789 -0.828 -0.828 -1.0296066 -1.267 -1.267 -1.229 -1.229 -0.86400093 -1.358 -1.088 -0.674 -0.501 -0.50094422 -0.948 -0.948 -0.656 -0.656 -0.809 -0.809 -0.809 -0.76449671 -0.65 -0.65 -0.65 -0.441 -0.441 -0.441 -0.441 -0.44100396 -0.316 -0.316 -0.316 -0.316 -0.316 -0.31501196 -0.205 -0.20501377 -0.512 -0.512 -0.512
-1.203 -0.613 -0.33200001 -0.668 -0.832 -0.731 -0.892 -0.887519 -0.591 -0.465 -0.525 -0.289 -0.28900033 -0.993 -0.993 -1.2229322 -1.223 -0.863 -0.863 -1.2289995 -0.825 -0.825 -0.674 -0.501 -0.501 -0.262 -0.465 -0.465 -0.33902893 -0.656 -0.809 -0.809 -0.573 -0.57299676 -0.54200224 -0.62 -0.62 -0.49637774 -0.441 -0.441 -0.48194886 -0.482 -0.48199976 -0.84450283 -0.85394054 -0.85399986 -0.85399998 -0.8539998 -0.6136822 -0.512 -0.512 -0.512 -0.512
-0.061001779 -0.436 -0.3423831 -0.198 -0.402 -0.886 -0.521 -0.63 -0.727 -0.727 -0.525 -0.769 -0.84899997 -0.993 -0.94200015 -0.942 -1.223 -0.857 -0.674 -0.674 -0.80567814 -0.784 -0.784 -0.173 -0.262 -0.262 -0.465 -0.465 -0.33900618 -0.33911373 -0.52574943 -0.573 -0.573 -0.542 -0.542 -0.61673216 -0.62 -0.62 -0.57200166 -0.48200013 -0.482 -0.482 -0.4819985 -0.85399762 -0.854 -0.854 -0.854 -0.85399988 -0.645 -0.51202636 -0.512 -0.512 -0.512
-0.061 0.247 -0.237 -0.77 -0.79499857 -0.651 -0.5 -0.841 -0.81 -0.843 -0.843 -0.753 -0.849 -0.849 -0.94136193 -0.99937769 -1.005 -0.578 -0.61500006 -0.674 -0.52891576 -0.538 -0.473 -0.143 -0.14300064 -0.193 -0.422 -0.42200002 -0.44462856 -0.445 -0.526 -0.54978331 -0.413 -0.542 -0.54550811 -0.614 -0.614 -0.572 -0.572 -0.482 -0.482 -0.482 -0.42642921 -0.42700002 -0.854 -0.854 -0.854 -0.64500796 -0.645 -0.645 -0.512 -0.512 -0.512
0.11015258 0.247 0.153 -0.437 -0.57 -0.582 -0.689 -0.843 -0.942 -0.75220985 -0.727 -0.787 -0.787 -0.747 -0.7469987 -0.69187514 -0.691 -0.691 -0.58364811 -0.31100003 -0.431 -0.431 -0.486 -0.47812308 -0.18796132 -0.193 -0.309 -0.422 -0.40907554 -0.409 -0.588 -0.406 -0.39290507 -0.78 -0.665 -0.807 -0.817 -0.686 -0.7879529 -0.48153577 -0.378 -0.328 -0.42697672 -0.427 -0.42940339 -0.854 -1.058 -0.645 -0.645 -0.645 -0.645 -0.52270764 -0.406
-0.655 -0.655 0.257 -0.357 -0.612 -0.711 -0.681 -0.689 -0.76 -0.70400963 -0.879 -0.238 -0.747 -0.747 -0.609 -0.61012467 -0.691 -0.69097282 -0.556 -0.311 -0.311 -0.32646003 -0.486 -0.42300119 -0.423 -0.423 -0.309 -0.164 -0.164 -0.409 -0.409 -0.40595069 -0.38 -0.78 -0.514 -0.807 -0.817 -0.723 -0.788 -0.56467899 -0.328 -0.31183707 -0.284 -0.427 -0.427 -1.058 -1.058 -1.058 -0.645 -0.645 -0.598 -0.598 -0.59799993
-0.655 -0.655 -0.197 -0.566 -0.871 -0.412 -0.658 -0.77101039 -0.852 -0.712 -0.862 -0.776 -0.23871699 -0.609 -0.609 -0.60901188 -0.712 -0.70381239 -0.556 -0.65 -0.65 -0.414 -0.414 -0.423 -0.423 -0.423 -0.164 -0.164 -0.164 -0.607 -0.607 -0.60699963 -0.484 -0.484 -0.656 -0.754 -0.467 -1.101995 -0.92 -0.561 -0.561 -0.29599996 -0.284 -0.427 -0.54000013 -0.746 -0.58205863 -0.58 -0.535 -0.535 -0.598 -0.598 -0.598
-0.655 -0.45732538 -0.35446546 -0.66399744 -0.328 -0.757 -0.658 -0.771 -0.85199932 -0.71355103 -0.77599992 -0.776 -0.676 -0.609 -0.609 -0.712 -0.712 -0.71199112 -0.556 -0.65 -0.6036544 -0.414 -0.414 -0.4230002 -0.423 -0.39473012 -0.337 -0.337 -0.33699998 -0.607 -0.607 -0.446 -0.446 -0.48400047 -0.656 -0.70800004 -0.47501788 -1.102 -1.102 -0.56099999 -0.296 -0.296 -0.29600176 -0.54 -0.54 -0.746 -0.58 -0.58 -0.535 -0.535 -0.598 -0.598 -0.598
-0.645 -0.48463224 -0.50400191 -0.50515491 -0.32800231 -0.75698987 -0.658 -0.76960904 -0.84641827 -0.84834423 -0.676 -0.676 -0.676 -0.676 -0.60900949 -0.712 -0.712 -0.70998579 -0.556 -0.6501021 -1.005 -1.005 -1.005 -1.005 -0.43277059 -0.337 -0.337 -0.337 -0.337 -0.33719705 -0.446 -0.446 -0.446 -0.446 -0.708 -0.708 -0.708 -1.0823201 -1.0990934 -0.715 -0.715 -0.29602254 -0.62899695 -0.54000857 -0.54 -0.746 -0.58 -0.58 -0.535 -0.535 -0.59777144 -0.598 -0.44149809
-0.645 -0.504 -0.504 -0.504 -0.504 -0.5040001 -0.65825335 -0.71147791 -0.83152672 -0.67618606 -0.676 -0.676 -0.676 -0.676 -0.67600005 -0.712 -0.71199998 -0.70129946 -0.55600363 -1.005 -1.005 -1.005 -1.005 -1.005 -0.99730181 -0.45073732 -0.47999997 -0.48 -0.48 -0.48 -0.446 -0.446 -0.446 -0.446 -0.446 -0.708 -0.42995317 -0.422 -0.71499983 -0.715 -0.715 -0.715 -0.629 -0.629 -0.629 -0.62981421 -0.64560506 -0.646 -0.646 -0.646 -0.646 -0.29300006 -0.293
-0.744 -0.504 -0.504 -0.504 -0.504 -0.504 -0.50400001 -0.59931524 -0.74427303 -0.744 -0.744 -0.744 -0.744 -0.744 -0.744 -0.57646073 -0.70978026 -0.69063839 -1.0049436 -1.005 -1.005 -1.005 -1.005 -1.0049993 -0.649 -0.649 -0.64899976 -0.48 -0.48 -0.47985182 -0.406 -0.406 -0.446 -0.446 -0.446 -0.42584446 -0.422 -0.422 -0.422 -0.715 -0.715 -0.715 -0.629 -0.629 -0.629 -0.629 -0.646 -0.646 -0.646 -0.646 -0.646 -0.293 -0.293
-0.744 -0.65465073 -0.504 -0.504 -0.504 -0.504 -0.38602316 -0.386 -0.38600001 -0.744 -0.744 -0.744 -0.744 -0.744 -0.7062762 -0.573 -0.573 -0.573 -0.37392772 -0.37200065 -0.372 -0.372 -0.372 -0.372 -0.649 -0.649 -0.649 -0.649 -0.48 -0.406 -0.406 -0.406 -0.446 -0.446 -0.446 -0.255 -0.42177889 -0.422 -0.422 -0.71490357 -0.52263324 -0.073921786 -0.629 -0.629 -0.39073757 -0.39 -0.39 -0.64528303 -0.21152362 -0.21000004 -0.21000008 -0.015042127 -0.29299943
-0.744 -0.52893543 -0.51361487 -0.504 -0.504 -0.38606972 -0.386 -0.386 -0.386 -0.38857985 -0.744 -0.744 -0.744 -0.74399998 -0.573 -0.573 -0.573 -0.573 -0.37217955 -0.372 -0.372 -0.372 -0.372 -0.372 -0.64899999 -0.649 -0.649 -0.649 -0.64811613 -0.406 -0.406 -0.406 -0.407 -0.44597963 -0.255 -0.255 -0.255 -0.25158275 -0.094152905 -0.072 -0.072 -0.072 -0.38 -0.38 -0.39 -0.39 -0.39 -0.21 -0.21 -0.21 -0.21 -0.015 -0.015
-0.5231199 -0.523 -0.523 -0.523 -0.329 -0.38599853 -0.386 -0.386 -0.386 -0.386 -0.71962183 -0.7439958 -0.74399999 -0.573 -0.573 -0.573 -0.573 -0.573 -0.53659965 -0.372 -0.372 -0.372 -0.372 -0.372 -0.53327192 -0.58200036 -0.582 -0.582 -0.582 -0.406 -0.407 -0.407 -0.407 -0.407 -0.255 -0.25499178 0.057 0.057 -0.070389243 -0.072 -0.072 -0.072 -0.38 -0.38 -0.38845166 -0.39 -0.39 -0.21 -0.21 -0.21 -0.20790909 -0.015 -0.015
-0.523 -0.523 -0.523 -0.43164251 -0.329 -0.329 -0.386 -0.386 -0.386 -0.386 -0.422 -0.422 -0.422 -0.573 -0.573 -0.573 -0.573 -0.57292068 -0.246 -0.246 -0.37199995 -0.372 -0.37445892 -0.473 -0.47398128 -0.582 -0.582 -0.582 -0.582 -0.40701782 -0.407 -0.407 -0.407 -0.407 0.056998903 0.057 0.057 0.057 0.056545891 -0.072 -0.072 -0.072 -0.38 -0.38 -0.38 -0.39 -0.39 -0.21 -0.21 -0.21 -0.015 -0.015 -0.015
-0.523 -0.523 -0.523 -0.329 -0.329 -0.329 -0.32900009 -0.386 -0.386 -0.42196284 -0.422 -0.422 -0.422 -0.42209407 -0.18447724 -0.093 -0.093 -0.093000001 -0.246 -0.246 -0.246 -0.473 -0.473 -0.473 -0.47286162 -0.26571184 -0.582 -0.582 -0.582 -0.17516443 -0.11702852 -0.117 -0.117 -0.117 0.053864221 0.050000016 0.05 0.05 0.05 -0.0090086202 -0.009 -0.009 -0.38 -0.38 -0.23100062 -0.23100001 -0.247 -0.247 -0.122 -0.122 -0.122 -0.015 -1.3411821e-05
-0.522998 -0.523 -0.52299999 -0.329 -0.329 -0.329 -0.329 -0.14700007 -0.38504438 -0.42188665 -0.422 -0.422 -0.422 -0.42135441 -0.093 -0.093 -0.093 -0.093000044 -0.246 -0.246 -0.246 -0.473 -0.473 -0.473 0.021 0.021 -0.046999999 -0.047 -0.047 -0.047381872 -0.117 -0.117 -0.117 -0.117 -0.03354588 0.05 0.05 0.05 0.05 -0.009 -0.009 -0.009 -0.015984969 -0.231 -0.231 -0.231 -0.247 -0.247 -0.122 -0.122 -0.122 -4.1184211e-09 1.110223e-17
0.12 -0.18370109 -0.423 -0.42297273 -0.329 -0.14805305 -0.147 -0.147 -0.1623039 -0.297 -0.297 -0.297 -0.297 0.28798096 0.288 -0.092999708 -0.093 -0.097031325 -0.246 -0.246 -0.246 0.204 0.204 0.204 0.021 0.021 -0.047 -0.047 -0.047 -0.046999891 0.1029986 0.10299938 -0.11147063 -0.11676414 -0.12898415 -0.129 -0.129 -0.129 -0.129 -0.009 -0.009 -0.009 -0.21877595 -0.231 -0.231 -0.23099999 -0.247 -0.247 -0.2469955 -0.122 -0.12200863 -0.315 1.1067619e-17
-0.073963159 -0.074000061 -0.423 -0.423 -0.423 -0.147 -0.147 -0.147 -0.189 -0.189 -0.297 -0.297 -0.297 0.288 0.288 0.288 0.288 0.28793929 -0.246 -0.246 -0.24599998 0.204 0.204 0.204 0.021 0.021 -0.047 -0.047 -0.047 0.10130874 0.103 0.103 0.103 0.103 -0.12888552 -0.129 -0.129 -0.129 -0.129 0.037999988 0.038 0.038 0.038 -0.23099952 -0.169 -0.169 -0.169 -0.296 -0.296 -0.296 -0.315 -0.315 -0.315
-0.074 -0.074 -0.423 -0.423 -0.423 -0.14845071 -0.147 -0.189 -0.189 -0.189 -0.29698671 -0.297 -0.031434465 0.28799994 0.288 0.288 0.288 0.206 0.206 0.206 0.031000004 0.031000129 0.20399916 0.204 0.20378084 -0.079 -0.079 -0.078999924 -0.047005171 0.13799302 0.13799981 0.13799389 0.10305982 0.1030302 -0.087656874 -0.12899989 -0.12805831 0.152 0.152 0.038 0.038 0.038 0.038 -0.169 -0.169 -0.169 -0.169 -0.296 -0.296 -0.296 -0.315 -0.315 -0.315
-0.074 -0.074 -0.423 -0.423 -0.423 -0.423 -0.16271937 -0.189 -0.189 -0.189 -0.18888013 0.028 0.028 0.028 0.28646776 0.288 0.20654643 0.206 0.206 0.206 0.031 0.031 0.031 0.031 -0.079 -0.079 -0.079 -0.079 -0.079 0.138 0.138 0.138 0.138 0.13799998 0.129 0.152 0.152 0.152 0.152 0.15199982 0.112 0.112 0.112 -0.013283755 -0.273 -0.273 -0.273 -0.296 -0.29599985 -0.146 -0.146 -0.08605571 -0.086
-0.074 -0.074 -0.29703551 -0.423 -0.423 -0.42299999 -0.1380905 -0.18883928 -0.189 -0.189 0.028000013 0.028 0.028 0.028 0.028 0.049337841 0.206 0.206 0.206 0.206 0.031001354 0.031 0.031 0.031 -0.079 -0.079 -0.079 -0.079 -0.079 0.071493922 0.138 0.138 0.138 0.129 0.129 0.12901786 0.152 0.152 0.28143906 0.38199998 0.112 0.112 0.112 -0.010249561 -0.273 -0.273 -0.273 0.307 -0.14035566 -0.146 -0.146 -0.086 -0.086
0.009 0.009 0.009 -0.31468572 -0.42250289 -0.138 -0.138 -0.138 -0.138 0.089999998 0.09 0.028000004 0.028 0.028 0.028 0.028011288 0.206 0.206 0.206 0.206 0.10736432 0.031 0.031 0.029351264 -0.034092855 -0.079 -0.079 -0.079 0.048 0.048 0.048 0.048000378 0.129 0.129 0.129 0.129 0.382 0.382 0.382 0.382 0.192 0.192 0.192 0.13400117 0.134 0.134 0.13399987 0.307 0.307 -0.14544804 -0.146 -0.085997207 -0.086
0.009 0.009 0.009 0.0089949919 -0.084 -0.091852487 -0.138 -0.138 -0.138 0.09 0.09 0.09 0.20099999 0.201 0.201 0.20099999 0.20530391 0.206 0.206 0.206 0.20334294 -0.031999827 -0.032 -0.032 -0.032 -0.032000001 -0.05 -0.05 0.048 0.048 0.048 0.048 0.12900019 0.129 0.129 0.12902134 0.38199999 0.382 0.382 0.38081117 0.192 0.192 0.192 0.13400269 0.134 0.134 0.134 0.307 0.307 0.30700002 0.468 0.468 0.507
0.009 0.009 0.009 -0.083999786 -0.084 -0.084 -0.13799998 -0.138 -0.138 0.09 0.09 0.09 0.201 0.201 0.201 0.17244017 -0.174 -0.174 -0.17399902 0.20385366 -0.032 -0.032 -0.032 -0.032 -0.032 -0.032013546 -0.05 -0.05 -0.05 0.048 0.048 0.047869981 0.391 0.391 0.391 -0.17 -0.17 0.111 0.111 0.111 0.06 0.1919586 0.19200023 0.223 0.223 0.219627 0.13400053 0.307 0.307 0.468 0.468 0.468 0.507
0.009 0.009 0.009 -0.084 -0.084 -0.084 -0.084 -0.138 -0.138 0.09 0.09 0.1965616 0.201 0.201 0.201 -0.174 -0.174 -0.174 -0.174 -0.174 -0.032 -0.032 -0.032 -0.032 -0.032 -0.049999939 -0.05 -0.05 -0.05 -0.154 -0.154 -0.154 0.391 0.391 0.391 -0.17 -0.17 0.111 0.111 0.06 0.06 0.06 0.223 0.223 0.223 0.223 0.23754008 0.4 0.4 0.4 0.468 0.55 0.55
0.009 0.009 0.0088704933 -0.084 -0.084 -0.084 -0.084 0.0035850829 0.008 0.0081407829 0.089999999 0.20098869 0.201 0.201 0.2009987 -0.174 -0.174 -0.174 -0.174 -0.174 -0.026255905 -0.032 -0.032 -0.032 -0.031972195 -0.049991392 -0.05 -0.05 -0.05 -0.154 -0.154 -0.154 -0.15392011 0.391 -0.17 -0.17 -0.17 -0.16998823 0.11099652 0.06 0.06 0.06 0.2229901 0.223 0.223 0.223 0.40000063 0.4 0.4 0.4 0.55 0.55 0.55
-0.205 -0.20499963 -0.08395536 -0.084 -0.084 -0.084 0.0079804234 0.008 0.008 0.008 0.065999999 0.066 0.066 0.066 -0.17289229 -0.174 -0.174 -0.174 -0.174 -0.026000088 -0.026 -0.026 0.10299998 0.103 0.103 0.103 0.089794132 -0.05 -0.005001843 -0.005 -0.005 -0.005 -0.005 0.119 0.119 0.119 0.119 0.119 0.45 0.45 0.45 0.45 0.45 0.4646352 0.465 0.465 0.465 0.4 0.4 0.4 0.54997637 0.55 0.55
-0.205 -0.205 -0.20268079 0.071999686 0.071999965 0.0719375 0.008 0.008 0.008 0.008 0.066 0.066 0.066 0.066 0.066 -0.174 -0.174 -0.174 -0.026000037 -0.026 -0.026 -0.026 0.103 0.103 0.103 0.103 0.103 0.10296752 -0.0050513593 -0.0050000005 -0.005 -0.005 -0.0050206322 0.081017591 0.11896067 0.119 0.119 0.119 0.45 0.45 0.45 0.45 0.45 0.465 0.465 0.465 0.465 0.43460473 0.4 0.22398593 0.222 0.234 0.234
-0.205 -0.205 0.071964913 0.072 0.072 0.072 0.05574427 0.008 0.008 0.008 0.066 0.066 0.066 0.066 0.066 -0.17381712 -0.174 -0.026043393 -0.026 -0.026 -0.026 -0.026 0.055211114 0.103 0.103 0.103 0.103 0.10282922 -0.138 -0.138 -0.138 -0.138 -0.138 0.052 0.052 0.052 0.052 0.052 0.384 0.384 0.384 0.384 0.384 0.46495117 0.46499999 0.465 0.46499661 0.46455708 0.222 0.222 0.222 0.23399993 0.234
-0.20499995 -0.17754589 0.071999965 0.072 0.072 0.072 0.072 0.0080272506 0.008 0.008 0.066 0.066 0.066 0.066 -0.12662436 -0.131 -0.131 -0.026002702 -0.026 -0.026 -0.026 -0.026 -0.026000001 0.103 0.103 0.103 0.103 -0.39499974 -0.39499988 -0.34030415 -0.138 -0.138 -0.138 0.052 0.052 0.052 0.052 0.051963427 0.384 0.384 0.384 0.384 0.38398406 0.445 0.445 0.445 0.445 0.44498201 0.222 0.222 0.222 0.22200007 0.33942417
-0.177 -0.177 -0.12550272 0.072 0.072 0.072 0.072 0.072 0.0080272793 0.0040000001 0.004 0.004 0.0041471387 -0.13099972 -0.131 -0.131 -0.131 -0.131 -0.026000468 -0.030000327 -0.065 -0.065 -0.065 -0.022984937 0.089553889 0.017606299 -0.043291883 -0.395 -0.395 -0.395 -0.395 -0.395 -0.38002951 -0.0009225476 -0.002 -0.002 -0.002 -0.002 0.34492641 0.17600037 0.176 0.176 0.176 0.22500065 0.44499994 0.445 0.445 0.157 0.22199896 0.222 0.222 0.341 0.341
-0.177 -0.177 -0.14 -0.14 -0.14 0.071929381 0.072 0.072 0.004 0.004 0.004 0.004 0.004 -0.13099999 -0.131 -0.131 -0.131 -0.131 -0.065 -0.065 -0.065 -0.065 -0.065 -0.065 -0.065 -0.065 -0.065 -0.395 -0.395 -0.395 -0.395 -0.395 0.094 0.094 -0.0019999994 -0.002 -0.002 0.17596969 0.176 0.176 0.176 0.176 0.176 0.225 0.225 0.225 0.157 0.157 0.157 0.152 0.152 0.341 0.341
-0.177 -0.177 -0.14 -0.14 -0.14 -0.14 -0.1399992 0.005 0.0040009415 0.004 0.004 0.004 0.004 -0.129316 -0.131 -0.131 -0.131 -0.131 -0.065000001 -0.065 -0.065 -0.065 -0.065 -0.065 -0.065 -0.065 -0.065 -0.065001325 -0.395 -0.395 -0.395 0.093974362 0.094 0.094 0.094 -0.0019999999 0.176 0.176 0.176 0.176 0.17515699 0.175 0.175 0.225 0.225 0.225 0.157 0.157 0.157 0.152 0.152 0.152 0.31563994
-0.241 -0.2409995 -0.14 -0.14 -0.14 -0.14 0.005 0.005 0.005 0.004 0.004 0.004 0.004 0.0039580326 -0.131 -0.131 -0.131 -0.131 -0.065001176 -0.065 -0.065 -0.065000001 -0.065000817 -0.065 -0.065 -0.065 -0.065 0.046999908 0.047 0.046999995 -0.39023788 0.094 0.094 0.094 0.094000053 0.15 0.176 0.176 0.176 0.176 0.175 0.175 0.175 0.192 0.192 0.192 0.08800672 0.157 0.157 0.152 0.152 0.152 0.31300064
-0.241 -0.241 -0.14 -0.14 -0.14 0.005 0.005 0.005 0.005 0.0041189889 0.0040000007 0.004 0.0040000006 0.0039997176 -0.080005869 -0.08 -0.08 -0.08 -0.17139329 -0.099 -0.099 -0.099 -0.099 -0.065 -0.065 -0.065 -0.064992612 0.047 0.047 0.047 0.047 0.094015688 0.12549838 0.15 0.15 0.15 0.17583939 0.1330009 0.133 0.133 0.17510496 0.309 0.309 0.192 0.192 0.19199956 0.088 0.088 0.197 0.197 0.197 0.465 0.541
-0.241 -0.241 0.242 0.242 0.242 0.005 0.005 0.005 0.005 0.317 0.317 0.317 0.317 0.28902248 -0.08 -0.08 -0.08 -0.08 -0.174 -0.099 -0.099 -0.099 -0.099 0.215 0.21499989 -0.064999586 0.047 0.047 0.047 0.047 0.12800404 0.207 0.15678222 0.15 0.15 0.15 0.133 0.133 0.133 0.133 0.309 0.309 0.309 0.31799716 0.318 0.089033834 0.088 0.088 0.19700042 0.197 0.465 0.465 0.541
