interpolatedSpi/02-08|19_1.tif
NCOLS 53
NROWS 52
XLLCORNER -116.03883
YLLCORNER 28.596182
DX 0.49850594
DY 0.49788537
NODATA_VALUE -9999
[rows 0 to 35 of 52, columns 0 to 52 of 53]
0.10375 0.10375 -0.099189103 -0.2175 -0.285 -0.36875 -0.1525 -0.3925 -0.63542966 -0.605 -0.465 -0.435 -0.66247159 -0.3175 -0.33125 -0.33125 -0.33125 0.04125 -0.00125 -0.00125 -0.00125 -0.0012539131 -0.4075 -0.00375 -0.00375 -0.00375 -0.38999701 -0.39 -0.39 -0.6525 -0.6525 -0.6525 -0.6525 -0.94124994 -0.94125 -0.94125 -0.94125 -0.94125 -0.94125 -0.94124997 0.071590942 0.082348103 -0.51375 -0.51375 -0.51375 -0.51375 -0.51450338 -0.975 -0.975 -0.975 -0.21875157 -0.21875 -0.21875
0.1037425 -0.065 0.028750347 0.039575865 -0.12631337 0.09625 0.2775 -0.25508732 -0.74 -0.705 -0.57875 -0.6625 -0.6625 0.02759544 -0.31749594 -0.33125 0.04125 0.04125 -0.0011945857 -0.00125 -0.00125 -0.00125 -0.025725986 -0.00375 -0.00375 -0.00375 -0.054999996 -0.055 -0.6525 -0.6525 -0.6525 -0.6525 -0.6525 -0.94124996 -0.94125 -0.94125 -0.94125 -0.94125 -0.94124992 -0.75741411 0.15245133 -0.43290593 -0.51375 -0.51375 -0.51375 -0.51375 -0.51375 -0.975 -0.975 -0.975 -0.91229103 -0.21875 -0.21875
0.018752383 0.01875 0.33 0.325 -0.16 -0.265 -0.13125 -0.01125 -0.54 -0.4675 -0.27125 -0.55625 -0.14125 -0.185 0.02875 -0.6675 0.04125 0.04125 0.04125 -0.079977107 -0.08 -0.08 -0.42125 -0.00375 -0.00375 -0.00375 -0.055 -0.055 -0.055 -0.6525 -0.6525 -0.6525 -0.68679975 -0.93894744 -0.93140693 0.10655963 0.11625 0.11625 0.12080929 0.1525 0.1525 0.15164803 -0.51375 -0.51375 -0.51375 -0.51375 -0.51375 -0.975 -0.975 -0.975 -0.975 -0.21875 -0.21875
0.11125 0.018749902 -0.46879021 0.155 -0.3175 -0.1725 -0.17375 -0.48625 -0.39875 -0.19416202 -0.53625 -0.6625 -0.425 -0.185 -0.31 -0.6675 -0.37599747 -0.37345923 -0.64375 -0.08 -0.08 -0.31375 -0.42125 -0.42125 -0.00375 -0.003750256 -0.055 -0.055 -0.055 -0.6475 -0.68933668 -0.72375 -0.72375 -0.72374934 0.11625 0.11625 0.11625 0.11625 0.1525 0.1525 0.1525 0.15249998 -0.51375 -0.51375 -0.51375 -0.51375 -0.51375 -0.97499418 -0.975 -0.975 -0.975 -0.21875429 -0.21875
0.11125 -0.12375063 -0.46875 -0.63849305 -0.3175 -0.39875 -0.53373025 -0.5125 -0.4425 -0.58000006 -0.55899448 -0.54748818 -0.465 -0.31 -0.31 -0.54458741 -0.37375 -0.37375 -0.64375 -0.64375 -0.0800005 -0.31375 -0.5225 -0.46625 -0.2825 -0.28249614 -0.055 -0.055 -0.6475 -0.6475 -0.72375 -0.72375 -0.72375 -0.7105499 0.11625 0.11625 0.11625 0.1525 0.1525 0.1525 0.1525 0.15247514 -0.51374999 -0.51375 -0.51375 -0.51375 -0.51375 -0.5178557 -0.975 -0.97497198 -0.35 -0.35 -0.35
-1.16375 -0.09625 0.057500016 -0.44875 -0.07125 -0.11875 -0.51 -0.51032007 -0.7025 -0.6525 -0.87125 -0.73625 -0.73624982 -1.13 -1.13 -0.3974496 -0.3975 -0.3175 -0.3175 -0.64374973 -0.63875 -0.63875 -0.46625 -0.2825 -0.2825 -0.26625 -0.7425 -0.7425 -0.49001432 -0.6475 -0.72375 -0.72375 -0.65375 -0.65376332 -0.78124084 -0.67625 -0.67625 -0.10389273 0.1525 0.1525 -0.10467884 -0.105 -0.10499925 0.07074662 0.08118424 0.081249841 0.08124998 0.081249775 -0.073352235 -0.35 -0.35 -0.35 -0.35
-0.29000568 -0.01375 0.010827629 -0.1225 0.175 -0.5125 -0.55375 -0.6125 -0.77625 -0.77625 -0.87125 -0.7925 -0.79374992 -1.13 -0.18875282 -0.18875 -0.3975 -0.30375 -0.3375 -0.3375 -0.59221259 -0.54 -0.54 -0.1975 -0.26625 -0.26625 -0.7425 -0.7425 -0.49000095 -0.49001743 -0.40655863 -0.65375 -0.65375 -0.78125 -0.78125 -0.6313172 -0.67625 -0.67625 -0.71499866 -0.10500085 -0.105 -0.105 -0.10499528 0.081251039 0.08125 0.08125 0.08125 0.081249954 0.005 -0.34992965 -0.35 -0.35 -0.35
-0.29 -0.63875 0.21 -0.6425 -0.33876741 -0.65125 -0.845 -0.63125 -0.80875 -0.61875 -0.61875 -0.46625 -0.79375 -0.79375 -0.19290086 -0.33333267 -0.3475 -0.28625 -0.61874971 -0.3375 -0.16920686 -0.1275 -0.41625 -0.45875 -0.45875056 -0.5025 -0.21375 -0.21375019 -0.50619306 -0.50625 -0.40625 -0.31538797 -0.57625 -0.78125 -0.77012673 -0.59375 -0.59375 -0.715 -0.715 -0.105 -0.105 -0.10499999 0.26601634 0.26749999 0.08125 0.08125 0.08125 0.0050029024 0.005 0.005 -0.35 -0.35 -0.35
-0.604614 -0.63874999 -0.02125 0.14 -0.16125 -0.57875 -0.42125 -0.2575 -0.61625 -0.32418847 -0.4825 -0.53625 -0.53625 -0.2475 -0.24749724 -0.87477633 -0.87625 -0.87625 -0.33700664 -0.23125008 -0.61875 -0.61874999 -0.2925 -0.36748216 -0.49809116 -0.5025 -0.355 -0.21375 -0.38773307 -0.38875 -0.2425 -0.15 -0.24821382 -0.56 -0.39125 -0.49 -0.44 -0.7225 -0.21023665 -0.10362181 0.20375 0.07875 0.26745523 0.2675 0.26645168 0.08125 -0.028749994 0.0049999997 0.005 0.005 0.0050000003 -0.29350475 0.1625
-0.41375 -0.41375 -0.31375 -0.08 -0.325 -0.8075 -0.4175 -0.36 -0.15375 -0.25000123 -0.265 -0.345 -0.2475 -0.2475 0.04625 0.033597496 -0.87625 -0.87607299 -0.12 -0.23125 -0.23125 -0.28117299 -0.2925 -0.54374524 -0.54375 -0.54375 -0.355 0.06375 0.06375 -0.38875 -0.38875 -0.15036984 -0.345 -0.56 -0.43 -0.49 -0.44 -0.84875 -0.21 0.31509952 0.078750006 0.047066977 -0.0075 0.2675 0.2675 -0.02875 -0.02875 -0.02875 0.005 0.005 0.10375 0.10375 0.10375002
-0.41375 -0.41375 -0.4125 -0.85875 -0.51625 -0.35875 -0.5275 -0.44518696 -0.51875 -0.55 -0.09375 -0.4825 -0.34518291 0.04625 0.04625 0.04625548 0.09375 0.082531397 -0.12 -0.0325 -0.0325 0.20375 0.20375 -0.54375 -0.54375 -0.54375 0.06375 0.06375 0.06375 -0.3975 -0.3975 -0.39749991 -0.3425 -0.3425 -0.6975 -0.395 -0.18625 -0.65499853 -0.28 0.32375 0.32375 -0.0987497 -0.0075 0.2675 0.23749992 0.12625 0.16914403 0.17 0.53875 0.53875 0.10375 0.10375 0.10375
-0.41375 -0.41334785 -0.60293079 -0.75499359 -0.2925 -0.27 -0.5275 -0.445 -0.51874938 -0.54965379 -0.48250009 -0.4825 0.19125 0.04625 0.04625 0.093749998 0.09375 0.093737835 -0.12 -0.0325 0.013894694 0.20375 0.20375 -0.54371968 -0.54375 -0.37528122 -0.03125 -0.03125 -0.031249988 -0.3975 -0.3975 -0.1575 -0.1575 -0.34250097 -0.6975 0.11374969 -0.2337546 -0.655 -0.655 0.32374999 -0.09875 -0.09875 -0.098747554 0.2375 0.2375 0.12625 0.17 0.17 0.53875 0.53875 0.10375 0.10375 0.10375
-0.38375 -0.21088334 -0.18752445 -0.19160582 -0.29249999 -0.27000053 -0.52749999 -0.44601553 -0.51366787 -0.51956602 0.19125 0.19125 0.19125 0.19125 0.04627054 0.09375 0.09375 0.090990147 -0.12 -0.032363128 0.4425 0.4425 0.4425 0.4425 -0.52663601 -0.03125 -0.03125 -0.03125 -0.03125 -0.03143771 -0.1575 -0.1575 -0.1575 -0.1575 0.11375 0.11375 0.11375 -0.61773211 -0.64667269 0.45375 0.45375 -0.098720282 0.22625038 0.23749892 0.2375 0.12625 0.17 0.17 0.53875 0.53875 0.10532813 0.10375 -0.0032104544
-0.38375 -0.1875 -0.1875 -0.1875 -0.1875 -0.18750003 -0.52684084 -0.48847363 -0.50010923 0.19048462 0.19125 0.19125 0.19125 0.19125 0.19125014 0.093749999 0.093749966 0.079088209 -0.1199952 0.4425 0.4425 0.4425 0.4425 0.4425 0.44155239 0.064837218 0.062499981 0.0625 0.0625 0.0625 -0.15749999 -0.1575 -0.15749939 0.35125 0.35125 0.11375 0.57554107 0.58875 0.45375008 0.45375 0.45375 0.45375 0.22625 0.22625 0.22625 0.22555409 0.069399682 0.06875 0.06875 0.06875 0.068750008 0.52624991 0.52625
0.21875 -0.1875 -0.1875 -0.1875 -0.1875 -0.1875 -0.18750002 -0.33179151 0.38395013 0.38875 0.38875 0.38875 0.38875 0.38875 0.38875 0.4817896 0.0999201 0.064480594 0.44242935 0.4425 0.4425 0.4425 0.4425 0.44250032 0.39875 0.39875 0.39874953 0.0625 0.0625 0.063371062 0.4975 0.4975 0.35125 0.35125 0.35125 0.55070513 0.58875 0.58875 0.58875 0.45375 0.45375 0.45375 0.22625 0.22625 0.22625 0.22625 0.068750004 0.06875 0.06875 0.06875 0.06875 0.52625 0.52625
0.21875 0.067507741 -0.1875 -0.1875 -0.1875 -0.1875 0.10869186 0.10875 0.10875001 0.38875 0.38875 0.38875 0.38875 0.38875 0.40970766 0.48375 0.48375 0.48375 0.72040087 0.72124972 0.72125 0.72125 0.72125 0.72125 0.39875 0.39875 0.39875 0.39875 0.0625 0.4975 0.4975 0.4975 0.35125001 0.35125 0.35125 0.6925 0.58888737 0.58875 0.58875 0.45376354 0.48067536 0.54348101 0.22625 0.22625 0.28980326 0.29 0.29 0.069143022 0.30666568 0.30749998 0.30749995 0.6162363 0.52625018
0.21875 0.048450146 -0.070476854 -0.1875 -0.1875 0.10857496 0.10875 0.10875 0.10875 0.11076776 0.38875 0.38875 0.38875 0.38875001 0.48375 0.48375 0.48375 0.48375 0.72103785 0.72125 0.72125 0.72125 0.72125 0.72125 0.39875001 0.39875 0.39875 0.39875 0.39910919 0.4975 0.4975 0.4975 0.92374999 0.35129853 0.6925 0.6925 0.6925 0.69404498 0.54660798 0.54375 0.54375 0.54375 0.48875 0.48875 0.29 0.29 0.29 0.3075 0.3075 0.3075 0.3075 0.61625 0.61625
0.043960182 0.04375 0.04375 0.04375 0.01625 0.10874761 0.10875 0.10875 0.10875 0.10875 0.37815075 0.38874818 0.38875 0.48375 0.48375 0.48375 0.48375 0.48375 0.49203144 0.72125 0.72125 0.72125 0.72125 0.72125 0.69352433 0.89499731 0.895 0.895 0.895 0.49750002 0.92374999 0.92375 0.92375 0.92375 0.6925 0.69250372 0.83375 0.83375 0.54737108 0.54375 0.54375 0.54375 0.48875 0.48875 0.32077334 0.29 0.29 0.3075 0.3075 0.3075 0.3108106 0.61625 0.61625
0.04375 0.04375 0.04375 0.03079984 0.01625 0.01625 0.10875 0.10875 0.10875 0.10875 0.24875 0.24875 0.24875 0.48375 0.48375 0.48375 0.48375 0.48370869 0.32 0.32 0.72124984 0.72125 0.72182821 0.745 0.74635038 0.895 0.895 0.895 0.895 0.92374707 0.92375 0.92375 0.92375 0.92375 0.8337495 0.83375 0.83375 0.83375 0.83274937 0.54375 0.54375 0.54375 0.48875 0.48875 0.48875 0.29 0.29 0.30750001 0.3075 0.3075 0.61625 0.61625 0.61625
0.04375 0.04375 0.04375 0.01625 0.01625 0.01625 0.016250141 0.10875 0.10875 0.24860548 0.24875 0.24875 0.24875 0.24889641 0.2813944 0.23375 0.23375 0.23375 0.32 0.32 0.32 0.745 0.745 0.745 0.74501506 0.84451454 0.895 0.895 0.895 0.96780803 0.97874459 0.97875 0.97875 0.97875 0.97356182 1.1699992 1.17 1.17 1.17 0.91244954 0.9125 0.9125 0.48875 0.48875 0.76749884 0.76749997 0.69 0.69 0.73375 0.73375 0.73375 0.61625 0.83355553
0.043751172 0.04375 0.043749999 0.01625 0.01625 0.01625 0.016250003 0.25124996 0.10931977 0.24863552 0.24875 0.24875 0.24875 0.24872057 0.23375 0.23375 0.23375 0.23375002 0.32 0.32 0.32 0.745 0.745 0.745 0.79875 0.79875 0.87125 0.87125 0.87125 0.87183645 0.97875 0.97875 0.97875 0.97875 1.0743224 1.17 1.17 1.17 1.17 0.9125 0.9125 0.9125 0.90793775 0.7675 0.7675 0.7675 0.69 0.69 0.73375 0.73375 0.73375 0.83375 0.83375
0.42125 0.25172792 0.43 0.42987996 0.01625 0.2498903 0.25125 0.25125 0.28449955 0.12250001 0.1225 0.1225 0.1225 0.13374963 0.13375 0.23374992 0.23375 0.23602256 0.32 0.32 0.32 0.5575 0.5575 0.5575 0.79875 0.79875 0.87125 0.87125 0.87125 0.87125003 0.9162504 0.91625018 0.97717916 0.978683 0.91882002 0.91875 0.91875 0.91875 0.91875 0.9125 0.9125 0.9125 0.77548388 0.7675 0.7675 0.76749992 0.69 0.69 0.69000157 0.73375 0.73374765 0.68125 0.83375
0.44999454 0.45 0.43 0.43 0.43 0.25125 0.25125 0.25125 0.3425 0.3425 0.1225 0.1225 0.1225 0.13375 0.13375 0.13375 0.13375 0.13377105 0.32 0.32 0.32000001 0.5575 0.5575 0.5575 0.79875 0.79875 0.87125 0.87125 0.87125 0.91574262 0.91625 0.91625 0.91625 0.91625 0.91874877 0.91875 0.91875 0.91875 0.91875 0.50125011 0.50125 0.50125 0.50125 0.76749668 0.335 0.335 0.335 0.5175 0.5175 0.5175 0.68125 0.68125 0.68125
0.45 0.45 0.43 0.43 0.43 0.25218954 0.25125 0.3425 0.3425 0.3425 0.12252708 0.1225 0.16029202 0.13375001 0.13375 0.13375 0.13375 0.13125 0.13125 0.13125 0.25375001 0.25375023 0.55749852 0.5575 0.55757811 0.575 0.575 0.57500071 0.87120212 0.83751569 0.83750042 0.83751375 0.91611541 0.91618204 0.91825315 0.91874973 0.91637063 0.20875 0.20875 0.50125 0.50125 0.50125 0.50125 0.335 0.335 0.335 0.335 0.5175 0.5175 0.5175 0.68125 0.68125 0.68125
0.45 0.45 0.43 0.43 0.43 0.43 0.28540221 0.3425 0.3425 0.3425 0.34240402 0.16875 0.16875 0.16875 0.13395626 0.13375 0.13126666 0.13125 0.13125 0.13125 0.25375 0.25375 0.25375 0.25375 0.575 0.575 0.575 0.575 0.575 0.8375 0.8375 0.8375 0.8375 0.83750006 0.865 0.20875 0.20875 0.20875 0.20875 0.20874964 0.05 0.05 0.05 0.14599709 0.345 0.345 0.345 0.5175 0.51750002 0.53875 0.53875 0.7112427 0.71125
0.45 0.45 0.4372186 0.43 0.43 0.43 0.52717171 0.34308302 0.3425 0.3425 0.16875007 0.16875 0.16875 0.16875 0.16875 0.16587558 0.13125 0.13125 0.13125 0.13125 0.25374905 0.25375 0.25375 0.25375 0.575 0.575 0.575 0.575 0.575 0.53268048 0.8375 0.8375 0.8375 0.865 0.865 0.86449041 0.20875 0.20875 0.31849181 0.40374998 0.05 0.05 0.05 0.14586807 0.345 0.345 0.345 0.5725 0.53917052 0.53875 0.53875 0.71125 0.71125
0.63125 0.63125 0.63125 0.48045891 0.43038578 0.5275 0.5275 0.5275 0.5275 0.50625 0.50625 0.16875002 0.16875 0.16875 0.16875 0.16874763 0.13125 0.13125 0.13125 0.13125 0.20029497 0.25375 0.25375 0.25548379 0.33135486 0.575 0.575 0.575 0.425 0.425 0.425 0.42500173 0.865 0.865 0.865 0.865 0.40375 0.40375 0.40375 0.40375 0.28375 0.28375 0.28375 0.65374256 0.65375 0.65375 0.6537499 0.5725 0.5725 0.53879112 0.53875 0.71124886 0.71125
0.63125 0.63125 0.63125 0.63125343 0.695 0.67064275 0.5275 0.5275 0.5275 0.50625 0.50625 0.50625 0.45749999 0.4575 0.4575 0.4575 0.13192777 0.13125 0.13125 0.13125 0.13311115 0.31999982 0.32 0.32 0.32 0.32 0.19125 0.19125 0.425 0.425 0.425 0.425 0.86499981 0.865 0.865 0.86497882 0.40375001 0.40375 0.40375 0.40467123 0.28375 0.28375 0.28375 0.65373284 0.65375 0.65375 0.65375 0.5725 0.5725 0.57249999 0.485 0.485 0.585
0.63125 0.63125 0.63125 0.69499985 0.695 0.695 0.52750006 0.5275 0.5275 0.50625 0.50625 0.50625 0.4575 0.4575 0.4575 0.46083198 0.50125 0.50125 0.50124904 0.13333986 0.32 0.32 0.32 0.32 0.32 0.31990311 0.19125 0.19125 0.19125 0.425 0.425 0.4249654 0.605 0.605 0.605 0.5975 0.5975 0.61375 0.61375 0.61375 0.85125 0.28392801 0.28375383 0.7975 0.7975 0.79205204 0.65375024 0.5725 0.5725 0.485 0.485 0.485 0.585
0.63125 0.63125 0.63125 0.695 0.695 0.695 0.695 0.5275 0.5275 0.50625 0.50625 0.4594493 0.4575 0.4575 0.4575 0.50125 0.50125 0.50125 0.50125 0.50125 0.32 0.32 0.32 0.32 0.32 0.19125044 0.19125 0.19125 0.19125 0.37125 0.37125 0.37125 0.605 0.605 0.605 0.5975 0.5975 0.61375 0.61375 0.85125 0.85125 0.85125 0.7975 0.7975 0.7975 0.7975 0.80058053 0.835 0.835 0.835 0.48500001 0.84125 0.84125
0.63125 0.63125 0.63133877 0.695 0.695 0.695 0.695 0.62002907 0.61625 0.61606114 0.50625 0.45750586 0.4575 0.4575 0.45750015 0.50125 0.50125 0.50125 0.50125 0.50125 0.60051572 0.32 0.32 0.32 0.32000154 0.19125767 0.19125 0.19125 0.19125 0.37125 0.37125 0.37125 0.3712844 0.605 0.5975 0.5975 0.5975 0.59750071 0.6137662 0.85125 0.85125 0.85125 0.79750326 0.7975 0.7975 0.7975 0.8349996 0.835 0.835 0.835 0.84125 0.84125 0.84125
0.4525 0.45250031 0.69495791 0.695 0.695 0.695 0.61626676 0.61625 0.61625 0.61625 0.5275 0.5275 0.5275 0.5275 0.50137114 0.50125 0.50125 0.50125 0.50125 0.61249993 0.6125 0.6125 0.3275 0.3275 0.3275 0.3275 0.31573987 0.19125 0.45123935 0.45125 0.45125 0.45125 0.45125 0.65 0.65 0.65 0.65 0.65 0.895 0.895 0.895 0.895 0.895 0.79500377 0.795 0.795 0.795 0.835 0.835 0.835 0.84124902 0.84125 0.84125
0.4525 0.4525 0.45312801 0.52750034 0.52750004 0.52758664 0.61625 0.61625 0.61625 0.61625 0.5275 0.5275 0.5275 0.5275 0.5275 0.50125 0.50125 0.50125 0.61249997 0.6125 0.6125 0.6125 0.3275 0.3275 0.3275 0.3275 0.3275 0.32747129 0.45116649 0.45125 0.45125 0.45125 0.45121645 0.56283888 0.64990975 0.65 0.65 0.65 0.895 0.895 0.895 0.895 0.895 0.795 0.795 0.795 0.795 0.81370478 0.835 1.0142278 1.01625 0.8075 0.8075
0.4525 0.4525 0.5274905 0.5275 0.5275 0.5275 0.55004213 0.61625 0.61625 0.61625 0.5275 0.5275 0.5275 0.5275 0.5275 0.50126729 0.50125 0.61246738 0.6125 0.6125 0.6125 0.6125 0.4330801 0.3275 0.3275 0.3275 0.3275 0.32743453 0.235 0.235 0.235 0.235 0.235 0.49625 0.49625 0.49625 0.49625 0.49625 0.8675 0.8675 0.8675 0.8675 0.8675 0.79518007 0.79500004 0.795 0.7950125 0.79653609 1.01625 1.01625 1.01625 0.80750117 0.8075
0.45250007 0.49172016 0.5275 0.5275 0.5275 0.5275 0.5275 0.61621221 0.61625 0.61625 0.5275 0.5275 0.5275 0.5275 0.21460763 0.2075 0.2075 0.61248958 0.6125 0.6125 0.6125 0.6125 0.61249991 0.3275 0.3275 0.3275 0.3275 0.3412499 0.34124995 0.31863742 0.235 0.235 0.235 0.49625 0.49625 0.49625 0.49625 0.49625508 0.8675 0.8675 0.8675 0.8675 0.86751053 0.86875 0.86875 0.86875 0.86875 0.8687619 1.01625 1.01625 1.01625 1.01625 0.99716497
0.4925 0.4925 0.46711513 0.5275 0.5275 0.5275 0.5275 0.5275 0.61621089 0.091250008 0.09125 0.09125 0.09228531 0.20750046 0.2075 0.2075 0.2075 0.2075 0.61249655 0.58301041 0.325 0.325 0.325 0.32429059 0.30258868 0.16929292 0.057003168 0.34125 0.34125 0.34125 0.34125 0.34125 0.33838168 0.50285213 0.50375 0.50375 0.50375 0.50375 0.89332969 1.0049998 1.005 1.005 1.005 0.83000011 0.86874999 0.86875 0.86875 1.0075 1.0162499 1.01625 1.01625 1 1
