interpolatedSpi/02-05|21_3.tif
NCOLS 53
NROWS 52
XLLCORNER -116.03883
YLLCORNER 28.596182
DX 0.49850594
DY 0.49788537
NODATA_VALUE -9999
[rows 0 to 37 of 52, columns 0 to 52 of 53]
-0.725 -0.725 -0.53225427 -1.115 -1.185 -1.33 -1.34 -1.14 -1.3784217 -1.825 -1.6425 -1.575 -2.0748775 -0.5875 -1.1975 -1.1975 -1.1975 -0.9675 -0.7475 -0.7475 -0.7475 -0.74750287 -1.045 -0.66 -0.66 -0.66 -0.3825028 -0.3825 -0.3825 -0.48 -0.48 -0.48 -0.48 -1.5849998 -1.585 -1.585 -1.585 -1.585 -1.585 -1.5849999 1.3137763 1.3443777 -1.0975 -1.0975 -1.0975 -1.0975 -1.0966221 -0.56 -0.56 -0.56 1.342496 1.3425 1.3425
-0.72503199 -1.445 -1.1425 -1.3076947 -1.2576984 -0.98 -0.995 -1.8150359 -2.005 -1.985 -1.87 -2.075 -2.075 -1.3499491 -0.58751463 -1.1975 -0.9675 -0.9675 -0.74778685 -0.7475 -0.7475 -0.7475 -0.68737129 -0.66 -0.66 -0.66 -1.285 -1.285 -0.48 -0.48 -0.48 -0.48 -0.48 -1.5849998 -1.585 -1.585 -1.585 -1.585 -1.5849999 -1.3806102 -0.39253786 -1.0119538 -1.0975 -1.0975 -1.0975 -1.0975 -1.0975 -0.56 -0.56 -0.56 -0.40224288 1.3425 1.3425
-1.4249808 -1.425 -1.135 -0.7725 -1.375 -1.73 -1.195 -1.7775 -1.9675 -2.2025 -1.7125 -2.1425 -1.355 -1.995 -1.3525 -2.0425 -0.9675 -0.9675 -0.9675 -1.4797871 -1.48 -1.48 -1.18 -0.66 -0.66 -0.66 -1.285 -1.285 -1.285 -0.48 -0.48 -0.48000005 -1.0059296 -1.5821902 -1.5719923 -0.20030595 -0.1875 -0.1875 -0.2132836 -0.3925 -0.3925 -0.39340152 -1.0975 -1.0975 -1.0975 -1.0975 -1.0975 -0.56 -0.56 -0.56 -0.56 1.3425 1.3425
-0.695 -1.425 -1.4725762 -0.6975 -1.55 -1.5375 -1.56 -1.8875 -1.92 -1.7082352 -1.6525 -2.575 -2.455 -1.995 -1.8875 -2.0425 -2.1615819 -2.1616627 -2.09 -1.48 -1.48 -2.1175 -1.18 -1.18 -0.66 -0.66000312 -1.285 -1.285 -1.285 -1.295 -1.4472581 -1.5725 -1.5725 -1.5724989 -0.1875 -0.1875 -0.1875 -0.1875 -0.3925 -0.3925 -0.3925 -0.39250003 -1.0975 -1.0975 -1.0975 -1.0975 -1.0975 -0.56000678 -0.56 -0.56 -0.56 1.3424408 1.3425
-0.695 -0.40750195 -1.4725 -1.717805 -1.55 -1.325 -1.8599669 -1.56 -1.4875 -1.6599999 -2.3085053 -2.6198152 -1.33 -1.8875 -1.8875 -1.9930956 -2.1625 -2.1625 -2.09 -2.09 -1.4800012 -2.1175 -1.59 -0.905 -0.5175 -0.51744114 -1.285 -1.285 -1.295 -1.295 -1.5725 -1.5725 -1.5725 -1.3419694 -0.1875 -0.1875 -0.1875 -0.3925 -0.3925 -0.3925 -0.3925 -0.3924819 -1.0975 -1.0975 -1.0975 -1.0975 -1.0975 -1.0927156 -0.56 -0.55999596 -0.47 -0.47 -0.47
-1.405 -0.93 -0.43750002 -1.2125 -1.7525 -1.375 -1.74 -1.7169548 -1.55 -1.305 -1.09 -0.6475 -0.64750045 -1.02 -1.02 -1.3600881 -1.36 -1.1575 -1.1575 -2.0899991 -1.6375 -1.6375 -0.905 -0.5175 -0.5175 -0.265 -1.0775 -1.0775 -0.38758279 -1.295 -1.5725 -1.5725 -0.35 -0.35008437 -1.1574421 -0.8175 -0.8175 -0.52398345 -0.3925 -0.3925 -0.20523385 -0.205 -0.20500039 -1.470792 -1.477458 -1.4774999 -1.4775 -1.4774999 -1.4370373 -0.47 -0.47 -0.47 -0.47
-0.082505624 -0.3475 0.19442068 -0.145 -0.36 -1.595 -0.81999999 -1.085 -1.255 -1.255 -1.09 -1.1 -0.36500016 -1.02 -1.7249979 -1.725 -1.36 -1.3725 -1.05 -1.05 -1.5479597 -1.4475 -1.4475 -0.0050000071 -0.265 -0.265 -1.0775 -1.0775 -0.38751661 -0.38780578 -1.0762483 -0.35 -0.35 -1.1575 -1.1575 -0.92098161 -0.8175 -0.8175 -0.57500841 -0.20500052 -0.205 -0.205 -0.20500436 -1.4775 -1.4775 -1.4775 -1.4775 -1.4775001 -1.6325 -0.47023038 -0.47 -0.47 -0.47
-0.0825 0.4775 0.4525 -0.8675 -1.2499781 -1.315 -1.06 -1.2525 -1.3275 -1.4525 -1.4525 -0.9575 -0.365 -0.365 -1.7156691 -1.9982271 -2.025 -0.795 -0.98750006 -1.05 -0.60332303 -0.57 -1.33 -0.21 -0.21000696 -0.75 -0.645 -0.64500015 -0.67150132 -0.67250001 -1.0775 -0.99189902 -0.265 -1.1575 -1.1714041 -1.0075 -1.0075 -0.575 -0.575 -0.205 -0.205 -0.205 -1.4768874 -1.4825 -1.4775 -1.4775 -1.4775 -1.6324941 -1.6325 -1.6325 -0.47 -0.47 -0.47
0.07886742 0.4775 0.525 -0.0575 -1.32 -1.295 -1.465 -1.4175 -1.6625 -1.4432047 -1.4075 -1.2375 -1.2375 -1.0075 -1.0075028 -1.6261148 -1.625 -1.625 -0.82438543 -0.88250002 -0.9625 -0.9625 -1.085 -1.2334495 -0.69558226 -0.75 -0.1825 -0.645 -0.95319859 -0.955 -1.195 -1.015 -1.2605275 -1.655 -1.645 -1.91 -1.7425 -1.385 -1.1626027 -0.20558029 -0.335 -0.75 -1.4824275 -1.4825 -1.4824719 -1.4775 -1.885 -1.6325 -1.6325 -1.6325 -1.6325 -0.39342793 -0.4775
-2.15 -2.15 0.19 -0.6475 -1.5175 -1.5275 -0.9975 -1.305 -1.5875 -1.3874494 -1.56 -0.03 -1.0075 -1.0075 -1.305 -1.3093889 -1.625 -1.624988 -1.4975 -0.8825 -0.8825 -0.8928067 -1.085 -1.1074996 -1.1075 -1.1075 -0.1825 -0.725 -0.725 -0.955 -0.955 -1.0159246 -1.5025 -1.655 -1.0525 -1.91 -1.7425 -1.2475 -1.1625 -0.85506468 -0.74999998 -0.85561008 -1.0375 -1.4825 -1.4825 -1.885 -1.885 -1.885 -1.6325 -1.6325 0.145 0.145 0.14499977
-2.15 -2.15 -0.6925 -1.6325 -1.1925 -1.0025 -1.26 -0.9802285 -1.18 -1.0925 -1.4875 -0.7425 -0.030949995 -1.305 -1.305 -1.3051084 -2.245 -2.2057677 -1.4975 -1.495 -1.495 -1.3525 -1.3525 -1.1075 -1.1075 -1.1075 -0.725 -0.725 -0.725 -2.3075 -2.3075 -2.3074987 -1.505 -1.505 -1.7725 -2.1825 -1.3825 -2.2549974 -1.315 -0.85 -0.85 -0.090003114 -1.0375 -1.4825 -1.0475002 -1.1475 -0.8469898 -0.8425 -0.485 -0.485 0.145 0.145 0.145
-2.15 -1.5208646 -1.0936315 -1.0825065 -0.43 -1.67 -1.26 -0.98 -1.1799983 -1.0934694 -0.74250046 -0.7425 -0.9575 -1.305 -1.305 -2.245 -2.245 -2.2449575 -1.4975 -1.495 -1.4670159 -1.3525 -1.3525 -1.1075104 -1.1075 -1.1724221 -1.305 -1.305 -1.3049999 -2.3075 -2.3075 -1.925 -1.925 -1.5050007 -1.7725 -1.8075001 -1.4743029 -2.255 -2.255 -0.84999998 -0.09 -0.09 -0.090007073 -1.0475 -1.0475 -1.1475 -0.8425 -0.8425 -0.485 -0.485 0.145 0.145 0.145
-1.7 -0.92156234 -0.92752499 -0.92861569 -0.43000633 -1.6699707 -1.26 -0.98344664 -1.166218 -1.1777151 -0.9575 -0.9575 -0.9575 -0.9575 -1.3049508 -2.245 -2.245 -2.2353486 -1.4975 -1.4951121 -1.8825 -1.8825 -1.8825 -1.8825 -1.1207746 -1.305 -1.305 -1.305 -1.305 -1.3057265 -1.925 -1.925 -1.925 -1.925 -1.8075 -1.8075 -1.8075 -2.233073 -2.248616 -1.405 -1.405 -0.090070731 -0.66001326 -1.0474627 -1.0475 -1.1475 -0.8425 -0.8425 -0.485 -0.485 0.14271443 0.145 0.009225232
-1.7 -0.9275 -0.9275 -0.9275 -0.9275 -0.9275003 -1.2610494 -1.1275404 -1.1294487 -0.95773742 -0.9575 -0.9575 -0.9575 -0.9575 -0.95750001 -2.245 -2.2449999 -2.1937266 -1.4975117 -1.8825 -1.8825 -1.8825 -1.8825 -1.8825 -1.8779583 -1.6409656 -1.8174999 -1.8175 -1.8175 -1.8175 -1.925 -1.925 -1.9249997 -1.635 -1.635 -1.8075 -1.4745243 -1.465 -1.405 -1.405 -1.405 -1.405 -0.66 -0.66 -0.66 -0.66339256 -0.22908102 -0.225 -0.225 -0.225 -0.225 -0.21999992 -0.22
-0.6075 -0.9275 -0.9275 -0.9275 -0.9275 -0.9275 -0.92750002 -1.0724557 -0.96816786 -0.9675 -0.9675 -0.9675 -0.9675 -0.9675 -0.9675 -0.48268306 -2.2168048 -2.1426419 -1.8824518 -1.8825 -1.8825 -1.8825 -1.8825 -1.8824989 -1.6725 -1.6725 -1.6725002 -1.8175 -1.8175 -1.8182659 -2.2 -2.2 -1.635 -1.635 -1.635 -1.4922321 -1.465 -1.465 -1.465 -1.405 -1.405 -1.405 -0.66 -0.66 -0.66 -0.66 -0.225 -0.225 -0.225 -0.225 -0.225 -0.22 -0.22
-0.6075 -0.72663236 -0.9275 -0.9275 -0.9275 -0.9275 -0.7675314 -0.7675 -0.7675 -0.9675 -0.9675 -0.9675 -0.9675 -0.9675 -0.85829954 -0.4725 -0.4725 -0.4725 -0.97028527 -0.96750093 -0.9675 -0.9675 -0.9675 -0.9675 -1.6725 -1.6725 -1.6725 -1.6725 -1.8175 -2.2 -2.2 -2.2 -1.6350001 -1.635 -1.635 -1.25 -1.4647153 -1.465 -1.465 -1.4048293 -1.0639454 -0.26840721 -0.66 -0.66 0.00045548592 0.0025 0.0025 -0.22446948 0.096373009 0.097499972 0.097499939 -0.11751546 -0.21999979
-0.6075 -0.91890555 -0.9275 -0.9275 -0.9275 -0.76759454 -0.7675 -0.7675 -0.7675 -0.76894126 -0.9675 -0.9675 -0.9675 -0.96749994 -0.4725 -0.4725 -0.4725 -0.4725 -0.96705783 -0.9675 -0.9675 -0.9675 -0.9675 -0.9675 -1.6725 -1.6725 -1.6725 -1.6725 -1.6744187 -2.2 -2.2 -2.2 -1.845 -1.6349659 -1.25 -1.25 -1.25 -1.2433655 -0.34097897 -0.265 -0.265 -0.265 -0.4225 -0.4225 0.0025 0.0025 0.0025 0.097499999 0.0975 0.0975 0.0975 -0.1175 -0.1175
-0.92720025 -0.9275 -0.9275 -0.9275 -0.9475 -0.76750464 -0.7675 -0.7675 -0.7675 -0.7675 -0.93153854 -0.96749381 -0.96749999 -0.4725 -0.4725 -0.4725 -0.4725 -0.4725 -0.49694362 -0.9675 -0.9675 -0.9675 -0.9675 -0.9675 -1.3972897 -1.5525007 -1.5525 -1.5525 -1.5525 -2.2 -1.845 -1.845 -1.845 -1.845 -1.25 -1.2499841 -0.645 -0.645 -0.26974487 -0.265 -0.265 -0.265 -0.4225 -0.4225 -0.063304634 0.0025 0.0025 0.0975 0.0975 0.0975 0.095194641 -0.1175 -0.1175
-0.9275 -0.9275 -0.9275 -0.9369183 -0.9475 -0.9475 -0.7675 -0.7675 -0.7675 -0.7675 -0.4925 -0.4925 -0.4925 -0.4725 -0.4725 -0.4725 -0.4725 -0.47240498 -0.245 -0.245 -0.96749971 -0.9675 -0.97894252 -1.4375 -1.4385353 -1.5525 -1.5525 -1.5525 -1.5525 -1.8449702 -1.845 -1.845 -1.845 -1.845 -0.64500213 -0.645 -0.645 -0.645 -0.64362527 -0.265 -0.265 -0.265 -0.4225 -0.4225 -0.4225 0.0025 0.0025 0.097499985 0.0975 0.097499998 -0.1175 -0.1175 -0.1175
-0.9275 -0.9275 -0.9275 -0.9475 -0.9475 -0.9475 -0.94749972 -0.7675 -0.7675 -0.49278388 -0.4925 -0.4925 -0.4925 -0.49248753 -0.0070821132 0.1025 0.1025 0.1025 -0.245 -0.245 -0.245 -1.4375 -1.4375 -1.4375 -1.4370917 -0.72768552 -1.5525 -1.5525 -1.5525 -0.91716606 -0.71261139 -0.7125 -0.7125 -0.7125 -0.36896144 0.01999849 0.02 0.02 0.02 -0.0075352333 -0.0075 -0.0075 -0.4225 -0.4225 -0.55249946 -0.5525001 -0.835 -0.835 -0.6825 -0.6825 -0.6825 -0.1175 -0.77690988
-0.92749922 -0.9275 -0.9275 -0.9475 -0.9475 -0.9475 -0.9475 -0.80249999 -0.76763994 -0.49273803 -0.4925 -0.4925 -0.4925 -0.49133245 0.1025 0.1025 0.1025 0.1024999 -0.245 -0.245 -0.245 -1.4375 -1.4375 -1.4375 0.02 0.02 -0.039999999 -0.04 -0.04 -0.043668699 -0.7125 -0.7125 -0.7125 -0.7125 -0.3464511 0.02 0.02 0.02 0.02 -0.0075 -0.0075 -0.0075 -0.024647785 -0.5525 -0.5525 -0.5525 -0.835 -0.835 -0.6825 -0.6825 -0.6825 -0.7775 -0.7775
-0.6775 -0.80246652 -1.16 -1.1599384 -0.9475 -0.80333897 -0.8025 -0.8025 -0.79065769 -0.755 -0.755 -0.755 -0.755 0.29746574 0.2975 0.10250015 0.1025 0.093343886 -0.245 -0.245 -0.245 -0.0475 -0.0475 -0.0475 0.02 0.02 -0.04 -0.04 -0.04 -0.039999806 0.22749403 0.22749736 -0.68887451 -0.71149226 0.12654485 0.1275 0.1275 0.1275 0.1275 -0.0075 -0.0075 -0.0075 -0.52249059 -0.5525 -0.5525 -0.55250001 -0.835 -0.835 -0.83499451 -0.6825 -0.68251476 -1.0125 -0.7775
-0.84496819 -0.84500005 -1.16 -1.16 -1.16 -0.8025 -0.8025 -0.8025 -0.77 -0.77 -0.755 -0.755 -0.755 0.2975 0.2975 0.2975 0.2975 0.29743906 -0.245 -0.245 -0.24499999 -0.0475 -0.0475 -0.0475 0.02 0.02 -0.04 -0.04 -0.04 0.22448392 0.2275 0.2275 0.2275 0.2275 0.12754934 0.1275 0.1275 0.1275 0.1275 -1.9504229e-09 -1.3877788e-17 -1.3877788e-17 -1.3894712e-17 -0.55250031 -0.5925 -0.5925 -0.5925 -0.8875 -0.8875 -0.8875 -1.0125 -1.0125 -1.0125
-0.845 -0.845 -1.16 -1.16 -1.16 -0.80437908 -0.8025 -0.77 -0.77 -0.77 -0.75500185 -0.755 -0.47309197 0.29749984 0.2975 0.2975 0.2975 0.0575 0.0575 0.0575 0.59499999 0.59499952 -0.04749687 -0.0475 -0.047076426 0.635 0.635 0.63499839 -0.039890915 0.72989986 0.72999733 0.72991227 0.22835882 0.22793365 0.14563906 0.12750026 0.12977883 0.8075 0.8075 2.2069548e-11 -1.3877788e-17 -1.3877788e-17 1.5016881e-13 -0.5925 -0.5925 -0.5925 -0.5925 -0.8875 -0.8875 -0.8875 -1.0125 -1.0125 -1.0125
-0.845 -0.845 -1.16 -1.16 -1.16 -1.16 -0.7903362 -0.77 -0.77 -0.77 -0.76980114 -0.41 -0.41 -0.41 0.29333054 0.2975 0.059099301 0.0575 0.0575 0.0575 0.595 0.595 0.595 0.595 0.635 0.635 0.635 0.635 0.635 0.73 0.73 0.73 0.73 0.73000136 1.375 0.8075 0.8075 0.8075 0.8075 0.80749768 0.2025 0.2025 0.2025 -0.027731005 -0.505 -0.505 -0.505 -0.88749999 -0.88749943 -0.295 -0.295 -0.29267516 -0.2925
-0.845 -0.845 -1.0463071 -1.16 -1.16 -1.16 -0.91474269 -0.77045696 -0.77 -0.77 -0.41000007 -0.41 -0.41 -0.41 -0.41 -0.35193896 0.0575 0.0575 0.0575 0.0575 0.59499584 0.595 0.595 0.595 0.635 0.635 0.635 0.635 0.635 0.97200823 0.73 0.73 0.73 1.375 1.375 1.3745593 0.8075 0.8075 1.2141075 1.5299999 0.2025 0.2025 0.2025 -0.022764622 -0.505 -0.505 -0.505 0.355 -0.28690106 -0.295 -0.295 -0.2925 -0.2925
-0.2575 -0.2575 -0.2575 -0.93371844 -1.1591947 -0.915 -0.915 -0.915 -0.915 -0.745 -0.745 -0.41000002 -0.41 -0.41 -0.41 -0.40997036 0.0575 0.0575 0.0575 0.0575 0.36045244 0.595 0.595 0.6088049 1.1007922 0.635 0.635 0.635 1.0575 1.0575 1.0575 1.0574986 1.375 1.375 1.375 1.375 1.53 1.53 1.53 1.53 0.4225 0.4225 0.4225 0.070007087 0.07 0.07 0.069999818 0.355 0.355 -0.29420801 -0.295 -0.29249612 -0.2925
-0.2575 -0.2575 -0.2575 -0.25751885 -0.6075 -0.65221555 -0.915 -0.915 -0.915 -0.745 -0.745 -0.745 -0.26000001 -0.26 -0.26 -0.26000001 0.056107814 0.0575 0.0575 0.0575 0.065679209 1.1224986 1.1225 1.1225 1.1225 1.1225 1.35 1.35 1.0575 1.0575 1.0575 1.0575 1.3750002 1.375 1.375 1.3750208 1.53 1.53 1.53 1.5272911 0.4225 0.4225 0.4225 0.070016346 0.07 0.07 0.07 0.355 0.355 0.35500002 0.4775 0.4775 0.255
-0.2575 -0.2575 -0.2575 -0.60749919 -0.6075 -0.6075 -0.91499988 -0.915 -0.915 -0.745 -0.745 -0.745 -0.26 -0.26 -0.26 -0.2937006 -0.7025 -0.7025 -0.70249804 0.05320733 1.1225 1.1225 1.1225 1.1225 1.1225 1.1226712 1.35 1.35 1.35 1.0575 1.0575 1.0573986 1.63 1.63 1.63 0.5825 0.5825 0.9125 0.9125 0.9125 0.2825 0.42245609 0.42249881 0.2625 0.2625 0.25520447 0.070000991 0.355 0.355 0.4775 0.4775 0.4775 0.255
-0.2575 -0.2575 -0.2575 -0.6075 -0.6075 -0.6075 -0.6075 -0.915 -0.915 -0.745 -0.745 -0.279393 -0.26 -0.26 -0.26 -0.7025 -0.7025 -0.7025 -0.7025 -0.7025 1.1225 1.1225 1.1225 1.1225 1.1225 1.3499992 1.35 1.35 1.35 0.9 0.9 0.9 1.63 1.63 1.63 0.5825 0.5825 0.9125 0.9125 0.2825 0.2825 0.2825 0.2625 0.2625 0.2625 0.2625 0.27543821 0.42 0.42 0.42 0.4775 0.365 0.365
-0.2575 -0.2575 -0.25798739 -0.6075 -0.6075 -0.6075 -0.6075 -0.81932262 -0.83 -0.82985407 -0.74499999 -0.26002659 -0.26 -0.26 -0.26000153 -0.7025 -0.7025 -0.7025 -0.7025 -0.7025 -0.061972953 1.1225 1.1225 1.1225 1.1224233 1.3499662 1.35 1.35 1.35 0.9 0.9 0.9 0.90010462 1.63 0.5825 0.5825 0.5825 0.58251358 0.91245704 0.2825 0.2825 0.2825 0.26250121 0.2625 0.2625 0.2625 0.42000445 0.42 0.42 0.42 0.365 0.365 0.365
-0.7725 -0.7724991 -0.60732175 -0.6075 -0.6075 -0.6075 -0.82995265 -0.83 -0.83 -0.83 -0.57750001 -0.5775 -0.5775 -0.5775 -0.70192303 -0.7025 -0.7025 -0.7025 -0.7025 -0.11250035 -0.1125 -0.1125 0.75000006 0.75 0.75 0.75 0.80178772 1.35 0.80752222 0.8075 0.8075 0.8075 0.8075 0.5875 0.5875 0.5875 0.5875 0.5875 0.7975 0.7975 0.7975 0.7975 0.7975 0.86409177 0.865 0.865 0.865 0.42 0.42 0.42 0.36500866 0.365 0.365
-0.7725 -0.7725 -0.76954865 -0.42000038 -0.42000004 -0.42039981 -0.83 -0.83 -0.83 -0.83 -0.5775 -0.5775 -0.5775 -0.5775 -0.5775 -0.7025 -0.7025 -0.7025 -0.11250015 -0.1125 -0.1125 -0.1125 0.75 0.75 0.75 0.75 0.75 0.75012701 0.80741408 0.8075 0.8075 0.8075 0.80746548 0.59883803 0.58751174 0.5875 0.5875 0.5875 0.7975 0.7975 0.7975 0.7975 0.7975 0.865 0.865 0.865 0.865 0.6569093 0.42 0.30133883 0.3 0.1 0.1
-0.7725 -0.7725 -0.42004465 -0.42 -0.42 -0.42 -0.52413827 -0.83 -0.83 -0.83 -0.5775 -0.5775 -0.5775 -0.5775 -0.5775 -0.70240416 -0.7025 -0.11267298 -0.1125 -0.1125 -0.1125 -0.1125 0.43048129 0.75 0.75 0.75 0.75 0.74988311 0.585 0.585 0.585 0.585 0.585 0.6075 0.6075 0.6075 0.6075 0.6075 0.7425 0.7425 0.7425 0.7425 0.7425 0.86451777 0.8649999 0.865 0.86496652 0.86089037 0.3 0.3 0.3 0.10000112 0.1
-0.77250004 -0.79456134 -0.42000005 -0.42 -0.42 -0.42 -0.42 -0.82982543 -0.83 -0.83 -0.5775 -0.5775 -0.5775 -0.5775 -0.61416707 -0.615 -0.615 -0.11251293 -0.1125 -0.1125 -0.1125 -0.1125 -0.11249997 0.75 0.75 0.75 0.75 0.50750008 0.50750004 0.52399388 0.585 0.585 0.585 0.6075 0.6075 0.6075 0.6075 0.60739502 0.7425 0.7425 0.7425 0.7425 0.74248238 0.6675 0.6675 0.6675 0.6675 0.66747036 0.3 0.3 0.3 0.29999985 0.060589097
-0.795 -0.795 -0.7164398 -0.42 -0.42 -0.42 -0.42 -0.42 -0.82982463 -0.605 -0.605 -0.605 -0.60493474 -0.61499995 -0.615 -0.615 -0.615 -0.615 -0.11250123 -0.12301368 -0.215 -0.215 -0.215 0.026790407 0.68116872 0.31286558 0.0024428703 0.5075 0.5075 0.5075 0.5075 0.5075 0.50836933 0.45126544 0.4525 0.4525 0.4525 0.4525 0.69929357 0.51250041 0.5125 0.5125 0.5125 0.28750111 0.6674999 0.6675 0.6675 0.1 0.2999968 0.3 0.3 0.06 0.06
-0.795 -0.795 -0.7325 -0.7325 -0.7325 -0.4201041 -0.42 -0.42 -0.605 -0.605 -0.605 -0.605 -0.605 -0.615 -0.615 -0.615 -0.615 -0.615 -0.215 -0.215 -0.215 -0.215 -0.215 -0.11000001 -0.11 -0.11 -0.11 0.5075 0.5075 0.5075 0.5075 0.5075 0.3425 0.3425 0.4525 0.4525 0.4525 0.26503193 0.265 0.5125 0.5125 0.5125 0.51249994 0.2875 0.2875 0.2875 0.1 0.1 0.1 0.1225 0.1225 0.06 0.06
-0.795 -0.795 -0.7325 -0.7325 -0.7325 -0.7325 -0.73249953 -0.6475 -0.60504002 -0.605 -0.605 -0.605 -0.605 -0.61487526 -0.615 -0.615 -0.615 -0.615 -0.21500001 -0.215 -0.215 -0.215 -0.215 -0.11 -0.11 -0.11 -0.11 -0.10999749 0.5075 0.5075 0.5075 0.34250865 0.3425 0.3425 0.3425 0.4525 0.265 0.265 0.265 0.27151219 0.17108157 0.1075 0.1075 0.2875 0.2875 0.2875 0.1 0.1 0.1 0.1225 0.1225 0.1225 0.54002967
