interpolatedSpi/02-03|21_1.tif
NCOLS 53
NROWS 52
XLLCORNER -116.03883
YLLCORNER 28.596182
DX 0.49850594
DY 0.49788537
NODATA_VALUE -9999
-0.63 -0.63 -0.43488889 -0.675 -0.845 -0.72 -1.05 -1.075 -1.041753 -1.36 -1.45 -1.32 -1.5949135 -0.545 -0.8 -0.8 -0.8 -1.3 -0.42 -0.42 -0.42 -0.42000231 -0.66 -0.56 -0.56 -0.56 -0.44500209 -0.445 -0.445 -0.555 -0.555 -0.555 -0.555 -0.46000002 -0.46 -0.46 -0.46 -0.46 -0.46 -0.45999999 0.024778811 0.029835839 -0.615 -0.615 -0.615 -0.615 -0.61358716 0.25 0.25 0.25 1.6299971 1.63 1.63 
-0.63003599 -1.44 -0.79000048 -1.0353863 -0.79538571 -1.015 -0.78 -1.544512 -1.355 -1.325 -1.245 -1.595 -1.595 -0.74931643 -0.54500473 -0.8 -1.3 -1.3 -0.4211474 -0.42 -0.42 -0.42 -0.5726329 -0.56 -0.56 -0.56 -1.19 -1.19 -0.555 -0.555 -0.555 -0.555 -0.555 -0.46000001 -0.46 -0.46 -0.46 -0.46 -0.45999992 -0.32427395 0.31998307 -0.50154502 -0.615 -0.615 -0.615 -0.615 -0.615 0.25 0.25 0.25 0.36443092 1.63 1.63 
-1.2149825 -1.215 -1.205 -0.815 -1.435 -1.735 -1.36 -1.86 -1.62 -1.69 -1.095 -1.685 -0.705 -1.445 -0.75 -1.93 -1.3 -1.3 -1.3 -1.334734 -1.335 -1.335 -0.8 -0.56 -0.56 -0.56 -1.19 -1.19 -1.19 -0.555 -0.555 -0.55500004 -0.94493405 -0.45868856 -0.45031982 0.57046999 0.58 0.58 0.54729885 0.32 0.32 0.31880437 -0.615 -0.615 -0.615 -0.615 -0.615 0.25 0.25 0.25 0.25 1.63 1.63 
-0.66 -1.215 -1.2000728 -0.69 -1.47 -1.49 -1.685 -2.03 -1.965 -1.1923429 -1.435 -2.1 -1.61 -1.445 -1.445 -1.93 -1.7861094 -1.7846602 -2.135 -1.335 -1.335 -1.98 -0.8 -0.8 -0.56 -0.56000315 -1.19 -1.19 -1.19 -0.51 -0.97911946 -1.365 -1.365 -1.3649985 0.58 0.58 0.58 0.58 0.32 0.32 0.32 0.31999996 -0.615 -0.615 -0.615 -0.615 -0.615 0.24998909 0.25 0.25 0.25 1.6299461 1.63 
-0.66 -0.24500175 -1.2 -1.3268088 -1.47 -1.145 -1.7199454 -1.38 -1.44 -1.7799997 -1.9276628 -1.9998081 -0.66 -1.445 -1.445 -1.7672345 -1.785 -1.785 -2.135 -2.135 -1.3350012 -1.98 -1.93 -1.435 -0.82 -0.81998255 -1.19 -1.19 -0.51 -0.51 -1.365 -1.365 -1.365 -1.1971699 0.58 0.58 0.58 0.32 0.32 0.32 0.32 0.31988416 -0.615 -0.615 -0.615 -0.615 -0.615 -0.60730043 0.25 0.24998789 -0.02 -0.02 -0.02 
-1.15 -0.465 -0.33500001 -0.925 -1.245 -1.15 -1.37 -1.3712803 -1.16 -1.175 -0.68 -0.66 -0.66 -0.77 -0.77 -1.4000495 -1.4 -0.75 -0.75 -2.134999 -1.395 -1.395 -1.435 -0.82 -0.82 -0.745 -1.065 -1.065 -0.04504286 -0.51 -1.365 -1.365 -0.475 -0.47503918 -0.84997301 -0.335 -0.335 0.1173608 0.32 0.32 -0.87850334 -0.88 -0.88000044 -2.2064026 -2.234821 -2.2349996 -2.2349999 -2.2349994 -1.655278 -0.02 -0.02 -0.02 -0.02 
0.23998773 -0.14 0.25756642 0.195 -0.045 -1.245 -0.56499999 -0.745 -1.2 -1.2 -0.68 -0.94 0.26499974 -0.77 -1.6049975 -1.605 -1.4 -1.69 -1.005 -1.005 -1.402069 -1.41 -1.41 -0.56 -0.745 -0.745 -1.065 -1.065 -0.045027682 -0.045509636 -0.91876286 -0.475 -0.475 -0.85 -0.85 -0.49294561 -0.335 -0.335 -0.47999497 -0.87999944 -0.88 -0.88 -0.88000474 -2.235 -2.235 -2.235 -2.235 -2.2349999 -2 -0.020392382 -0.02 -0.02 -0.02 
0.24 0.57 0.645 -0.67 -0.89998681 -1.005 -0.985 -0.91 -1.215 -1.215 -1.215 -0.67 0.265 0.265 -1.5921701 -1.5230319 -1.515 -0.965 -0.84500016 -1.005 -1.1498154 -1.205 -1.175 -0.505 -0.50500393 -0.81 -0.675 -0.67500014 -0.51833553 -0.52000001 -0.92 -0.53880106 0.235 -0.85 -0.86283454 -0.625 -0.625 -0.48 -0.48 -0.88 -0.88 -0.88 -2.2278422 -2.235 -2.235 -2.235 -2.235 -2.0000089 -2 -2 -0.02 -0.02 -0.02 
0.0427885 0.57 0.21 0.06 -1.49 -0.815 -1.2 -1.615 -1.545 -0.89907553 -0.785 -0.855 -0.855 -0.83 -0.83000136 -0.91667225 -0.915 -0.915 -0.94668182 -0.46500002 -0.555 -0.55500001 -1.25 -1.2045563 -0.77926405 -0.81 -0.745 -0.675 -0.8738378 -0.875 -0.755 -0.47 -0.68404939 -1.23 -1.3 -1.7 -1.645 -0.845 -1.2548107 -0.88069188 -1.035 -1.265 -2.2348592 -2.235 -2.235 -2.235 -2.81 -2 -2 -2 -2 -0.079763573 -0.715 
-2.905 -2.905 -0.25 -0.375 -1.21 -1.23 -0.445 -1.28 -1.485 -0.73494937 -0.92 -0.1 -0.83 -0.83 -0.975 -0.97417707 -0.915 -0.91499771 -0.84 -0.465 -0.465 -0.47659503 -1.25 -0.92000625 -0.92 -0.92 -0.745 -0.82 -0.82 -0.875 -0.875 -0.47080606 -0.895 -1.23 -0.715 -1.7 -1.645 -1.115 -1.255 -1.5157052 -1.265 -1.3035706 -1.37 -2.235 -2.235 -2.81 -2.81 -2.81 -2 -2 -0.5 -0.5 -0.50000008 
-2.905 -2.905 -0.74 -1.48 -0.86 -0.92 -0.84999999 -0.48023369 -0.725 -0.595 -0.905 -0.615 -0.1006867 -0.975 -0.975 -0.97505941 -1.49 -1.455885 -0.84 -0.73 -0.73 -0.85 -0.85 -0.92 -0.92 -0.92 -0.82 -0.82 -0.82 -1.855 -1.855 -1.8549984 -1.085 -1.085 -1.72 -1.465 -1.365 -2.3899975 -1.535 -1.52 -1.52 -0.85500169 -1.37 -2.235 -1.7450004 -2.215 -1.7794575 -1.775 -1.225 -1.225 -0.5 -0.5 -0.5 
-2.905 -1.9702672 -1.0557844 -0.67500668 -0.135 -1.045 -0.85 -0.48 -0.72499795 -0.59644024 -0.61499997 -0.615 -0.345 -0.975 -0.975 -1.49 -1.49 -1.489963 -0.84 -0.73 -0.75356556 -0.85 -0.85 -0.91999728 -0.92 -0.85754328 -0.73 -0.73 -0.73000001 -1.855 -1.855 -1.285 -1.285 -1.0850017 -1.72 -1.81 -1.4820587 -2.39 -2.39 -1.52 -0.855 -0.855 -0.85500652 -1.745 -1.745 -2.215 -1.775 -1.775 -1.225 -1.225 -0.5 -0.5 -0.5 
-1.185 -0.69467158 -0.68002867 -0.6799576 -0.13500472 -1.0449785 -0.85000001 -0.48455449 -0.70811699 -0.72160535 -0.345 -0.345 -0.345 -0.345 -0.97491076 -1.49 -1.49 -1.4816075 -0.84 -0.73006434 -0.95 -0.95 -0.95 -0.95 -0.92034665 -0.73 -0.73 -0.73 -0.73 -0.73075166 -1.285 -1.285 -1.285 -1.285 -1.81 -1.81 -1.81 -2.3616901 -2.3829776 -1.455 -1.455 -0.85503227 -1.045024 -1.7449326 -1.745 -2.215 -1.775 -1.775 -1.225 -1.225 -0.50263022 -0.5 0.24621268 
-1.185 -0.68 -0.68 -0.68 -0.68 -0.68000015 -0.85049906 -0.67496156 -0.66307469 -0.34540601 -0.345 -0.345 -0.345 -0.345 -0.34500012 -1.49 -1.4899999 -1.4454144 -0.84000941 -0.95 -0.95 -0.95 -0.95 -0.95 -0.97248054 -1.052825 -1.0749999 -1.075 -1.075 -1.075 -1.285 -1.285 -1.2850002 -1.465 -1.465 -1.81 -1.1440487 -1.125 -1.4549998 -1.455 -1.455 -1.455 -1.045 -1.045 -1.045 -1.0531421 -0.20040395 -0.19 -0.19 -0.19 -0.19000002 0.60499977 0.605 
0.255 -0.68 -0.68 -0.68 -0.68 -0.68 -0.68000001 -0.56384631 -0.50055162 -0.5 -0.5 -0.5 -0.5 -0.5 -0.5 0.28857076 -1.4614564 -1.4009929 -0.94998639 -0.95 -0.95 -0.95 -0.95 -0.94999944 -1.99 -1.99 -1.9899987 -1.075 -1.075 -1.075861 -1.505 -1.505 -1.465 -1.465 -1.465 -1.1794643 -1.125 -1.125 -1.125 -1.455 -1.455 -1.455 -1.045 -1.045 -1.045 -1.045 -0.18999999 -0.19 -0.19 -0.19 -0.19 0.605 0.605 
0.255 -0.093089878 -0.68 -0.68 -0.68 -0.68 -0.065120704 -0.065 -0.065000011 -0.5 -0.5 -0.5 -0.5 -0.5 -0.32241137 0.305 0.305 0.305 -0.46647554 -0.46500049 -0.465 -0.465 -0.465 -0.465 -1.99 -1.99 -1.99 -1.99 -1.075 -1.505 -1.505 -1.505 -1.465 -1.465 -1.465 -1.235 -1.1251456 -1.125 -1.125 -1.4548561 -1.1677961 -0.49786923 -1.045 -1.045 0.24600355 0.25 0.25 -0.18884055 0.51253634 0.51499994 0.51499987 0.37003561 0.60499952 
0.255 -0.28509417 -0.48770251 -0.68 -0.68 -0.065363371 -0.065 -0.065 -0.065 -0.068134735 -0.5 -0.5 -0.5 -0.4999999 0.305 0.305 0.305 0.305 -0.46431217 -0.465 -0.465 -0.465 -0.465 -0.465 -1.99 -1.99 -1.99 -1.99 -1.9882359 -1.505 -1.505 -1.505 -1.59 -1.4649796 -1.235 -1.235 -1.235 -1.2321887 -0.53489804 -0.495 -0.495 -0.495 -0.07 -0.07 0.25 0.25 0.25 0.515 0.515 0.515 0.515 0.37 0.37 
-0.29960979 -0.3 -0.3 -0.3 -0.22 -0.065003998 -0.065 -0.065 -0.065 -0.065 -0.44776119 -0.49999101 -0.49999998 0.305 0.305 0.305 0.305 0.305 0.26673106 -0.465 -0.465 -0.465 -0.465 -0.465 -1.2873851 -1.4500029 -1.45 -1.45 -1.45 -1.505 -1.59 -1.59 -1.59 -1.59 -1.235 -1.2349933 -0.98 -0.98 -0.50105595 -0.495 -0.495 -0.495 -0.07 -0.07 0.20045298 0.25 0.25 0.515 0.515 0.515 0.51344522 0.37 0.37 
-0.3 -0.3 -0.3 -0.26232681 -0.22 -0.22 -0.065 -0.065 -0.065 -0.065 0.19 0.19 0.19 0.305 0.305 0.305 0.305 0.30505288 0.655 0.655 -0.46499955 -0.465 -0.47254719 -0.775 -0.78107672 -1.45 -1.45 -1.45 -1.45 -1.5899857 -1.59 -1.59 -1.59 -1.59 -0.9800009 -0.98 -0.98 -0.98 -0.97823269 -0.495 -0.495 -0.495 -0.07 -0.07 -0.07 0.25 0.25 0.51499999 0.515 0.515 0.37 0.37 0.37 
-0.3 -0.3 -0.3 -0.22 -0.22 -0.22 -0.21999976 -0.065 -0.065 0.18973677 0.19 0.19 0.19 0.19007166 0.56401517 0.625 0.625 0.625 0.655 0.655 0.655 -0.775 -0.775 -0.775 -0.77471147 -0.55568605 -1.45 -1.45 -1.45 -0.34239081 -0.060150482 -0.06 -0.06 -0.06 -0.53449296 0.08999757 0.09 0.09 0.09 0.21490285 0.215 0.215 -0.07 -0.07 0.094999311 0.094999904 -0.175 -0.175 -0.15 -0.15 -0.15 0.37 -0.10957082 
-0.29999963 -0.3 -0.3 -0.22 -0.22 -0.22 -0.22 -0.11999998 -0.065219912 0.18949674 0.19 0.19 0.19 0.19085359 0.625 0.625 0.625 0.62500001 0.655 0.655 0.655 -0.775 -0.775 -0.775 0.255 0.255 0.63499999 0.635 0.635 0.63120856 -0.06 -0.06 -0.06 -0.06 0.014958878 0.09 0.09 0.09 0.09 0.215 0.215 0.215 0.21122434 0.095 0.095 0.095 -0.175 -0.175 -0.15 -0.15 -0.15 -0.11 -0.11 
-0.18 -0.23295352 -0.35 -0.34996228 -0.22 -0.1205786 -0.12 -0.12 -0.13093136 -0.365 -0.365 -0.365 -0.365 0.85496029 0.855 0.62500018 0.625 0.62579046 0.655 0.655 0.655 0.585 0.585 0.585 0.255 0.255 0.635 0.635 0.635 0.63500003 0.6799953 0.67999792 -0.041401211 -0.059206669 0.46939564 0.47 0.47 0.47 0.47 0.215 0.215 0.215 0.1016076 0.095 0.095 0.095000027 -0.175 -0.175 -0.1749991 -0.15 -0.15000268 -0.21 -0.11 
0.12994113 0.12999992 -0.35 -0.35 -0.35 -0.12 -0.12 -0.12 -0.15 -0.15 -0.365 -0.365 -0.365 0.855 0.855 0.855 0.855 0.85497693 0.655 0.655 0.655 0.585 0.585 0.585 0.255 0.255 0.635 0.635 0.635 0.67949262 0.68 0.68 0.68 0.68 0.47010362 0.47 0.47 0.47 0.47 0.25499999 0.255 0.255 0.255 0.095001151 0.245 0.245 0.245 0.005 0.005 0.005 -0.21 -0.21 -0.21 
0.13 0.13 -0.35 -0.35 -0.35 -0.12120892 -0.12 -0.15 -0.15 -0.15 -0.36497353 -0.365 0.080332974 0.85499985 0.855 0.855 0.855 0.685 0.685 0.685 1.05 1.0499997 0.58500227 0.585 0.58527491 1.205 1.205 1.2049986 0.63509212 1.0199322 1.0199982 1.0199406 0.6805811 0.68029342 0.50762358 0.47000011 0.47097186 0.76 0.76 0.255 0.255 0.255 0.255 0.245 0.245 0.245 0.245 0.005 0.005 0.005 -0.21 -0.21 -0.21 
0.13 0.13 -0.35 -0.35 -0.35 -0.35 -0.13122812 -0.15 -0.15 -0.15 -0.14981771 0.18 0.18 0.18 0.85102207 0.855 0.68613284 0.685 0.685 0.685 1.05 1.05 1.05 1.05 1.205 1.205 1.205 1.205 1.205 1.02 1.02 1.02 1.02 1.0200005 1.24 0.76 0.76 0.76 0.76 0.75999923 0.595 0.595 0.595 0.41602353 0.045 0.045 0.045 0.0050000011 0.0049999127 -0.085 -0.085 -0.25498905 -0.255 
0.13 0.13 -0.17675371 -0.35 -0.35 -0.35 -0.16996451 -0.15006303 -0.15 -0.15 0.17999996 0.18 0.18 0.18 0.18 0.2354027 0.685 0.685 0.685 0.685 1.0499972 1.05 1.05 1.05 1.205 1.205 1.205 1.205 1.205 1.0680322 1.02 1.02 1.02 1.24 1.24 1.2396273 0.76 0.76 0.97948362 1.15 0.595 0.595 0.595 0.41846014 0.045 0.045 0.045 0.05 -0.083317913 -0.085 -0.085 -0.255 -0.255 
0.33 0.33 0.33 -0.17950531 -0.34948933 -0.17 -0.17 -0.17 -0.17 -0.030000001 -0.03 0.17999999 0.18 0.18 0.18 0.180032 0.685 0.685 0.685 0.685 0.89072584 1.05 1.05 1.0587671 1.3769848 1.205 1.205 1.205 1.085 1.085 1.085 1.0849997 1.24 1.24 1.24 1.24 1.15 1.15 1.15 1.15 0.61 0.61 0.61 0.090010455 0.09 0.09 0.089999986 0.05 0.05 -0.08483551 -0.085 -0.25499771 -0.255 
0.33 0.33 0.33 0.32998223 -5.1597603e-14 -0.024720793 -0.17 -0.17 -0.17 -0.03 -0.03 -0.03 0.095000003 0.095 0.095 0.095000002 0.68397418 0.685 0.685 0.685 0.69055299 1.3849991 1.385 1.385 1.385 1.385 0.98 0.98 1.085 1.085 1.085 1.085 1.24 1.24 1.24 1.2400016 1.15 1.15 1.15 1.1481795 0.61 0.61 0.61 0.090024114 0.09 0.09 0.09 0.05 0.05 0.05000002 0.2 0.2 0.37 
0.33 0.33 0.33 7.6051515e-07 -2.7901042e-33 -2.8043109e-29 -0.16999994 -0.17 -0.17 -0.03 -0.03 -0.03 0.095 0.095 0.095 0.097284787 0.125 0.125 0.12500145 0.68183698 1.385 1.385 1.385 1.385 1.385 1.3846952 0.98 0.98 0.98 1.085 1.085 1.0847425 1.26 1.26 1.26 0.28 0.28 0.735 0.735 0.735 -0.145 0.60976318 0.60999549 0.005 0.005 0.0082214034 0.089999708 0.05 0.05 0.2 0.2 0.2 0.37 
0.33 0.33 0.33 3.5298789e-18 -9.0016659e-56 -2.9473259e-114 -2.2856396e-30 -0.17 -0.17 -0.03 -0.03 0.090001803 0.095 0.095 0.095 0.125 0.125 0.125 0.125 0.125 1.385 1.385 1.385 1.385 1.385 0.98000138 0.98 0.98 0.98 0.685 0.685 0.685 1.26 1.26 1.26 0.28 0.28 0.735 0.735 -0.145 -0.145 -0.145 0.005 0.005 0.005 0.005 0.014036207 0.115 0.115 0.115 0.20000001 0.465 0.465 
0.33 0.33 0.32954046 7.1432574e-23 -1.4808941e-51 -4.7284978e-62 -4.1509566e-31 -0.21896271 -0.23 -0.22965663 -0.030000003 0.094982412 0.095 0.095 0.095000104 0.125 0.125 0.125 0.125 0.125 0.032743686 1.385 1.385 1.385 1.384862 0.97998509 0.98 0.98 0.98 0.685 0.685 0.685 0.68508042 1.26 0.28 0.28 0.28 0.28001855 0.73493999 -0.145 -0.145 -0.145 0.0049908938 0.005 0.005 0.0050000001 0.11500184 0.115 0.115 0.115 0.465 0.465 0.465 
-0.38 -0.37999876 0.00016014286 -9.6186238e-17 -3.9230315e-24 -3.1907813e-20 -0.22995106 -0.23 -0.23 -0.23 -0.115 -0.115 -0.115 -0.115 0.12389234 0.125 0.125 0.125 0.125 -0.024999911 -0.025 -0.025 0.71500011 0.715 0.715 0.715 0.73787291 0.98 0.37002498 0.37 0.37 0.37 0.37 0.045000003 0.045 0.045 0.045 0.045 -0.115 -0.115 -0.115 -0.115 -0.115 0.29955531 0.3 0.3 0.3 0.115 0.115 0.115 0.46494486 0.465 0.465 
-0.38 -0.38 -0.37979058 -0.35499929 -0.35499992 -0.35487789 -0.23 -0.23 -0.23 -0.23 -0.115 -0.115 -0.115 -0.115 -0.115 0.125 0.125 0.125 -0.024999962 -0.025 -0.025 -0.025 0.715 0.715 0.715 0.715 0.715 0.71505572 0.3699247 0.37 0.37 0.37 0.36996975 0.13853877 0.045096855 0.045 0.045 0.045000002 -0.115 -0.115 -0.115 -0.115 -0.115 0.3 0.3 0.3 0.3 0.21349039 0.115 0.13477686 0.135 0.265 0.265 
-0.38 -0.38 -0.35500317 -0.355 -0.355 -0.355 -0.32325053 -0.23 -0.23 -0.23 -0.115 -0.115 -0.115 -0.115 -0.115 0.12481429 0.125 -0.024956021 -0.025 -0.025 -0.025 -0.025 0.44086221 0.715 0.715 0.715 0.715 0.7146176 0.175 0.175 0.175 0.175 0.175 0.21 0.21 0.21 0.21 0.21 0.2 0.2 0.2 0.2 0.2 0.29945063 0.29999989 0.3 0.29996186 0.29538708 0.135 0.135 0.135 0.26499927 0.265 
-0.38000033 -0.55649072 -0.35500003 -0.355 -0.355 -0.355 -0.355 -0.23005322 -0.23 -0.23 -0.115 -0.115 -0.115 -0.115 -0.22744569 -0.23 -0.23 -0.025005276 -0.025 -0.025 -0.025 -0.025 -0.024999942 0.715 0.715 0.715 0.715 0.27499992 0.27499995 0.25371757 0.175 0.175 0.175 0.21 0.21 0.21 0.21 0.20996614 0.2 0.2 0.2 0.2 0.19997472 0.075 0.075 0.075 0.075 0.075004839 0.135 0.135 0.135 0.13500006 0.23051546 
-0.56 -0.56 -0.53322715 -0.355 -0.355 -0.355 -0.355 -0.355 -0.23005366 -0.38 -0.38 -0.38 -0.3793711 -0.22999983 -0.23 -0.23 -0.23 -0.23 -0.02499964 -0.021922825 0.005 0.005 0.005 0.18275818 0.66177581 0.37698327 0.13680285 0.275 0.275 0.275 0.275 0.275 0.27063631 0.16056117 0.16 0.16 0.16 0.16 0.13800826 -0.12999941 -0.13 -0.13 -0.13 -0.23499909 0.074999919 0.075 0.075 -0.22 0.13499431 0.135 0.135 0.23 0.23 
-0.56 -0.56 -0.635 -0.635 -0.635 -0.35509327 -0.355 -0.355 -0.38 -0.38 -0.38 -0.38 -0.38 -0.23000001 -0.23 -0.23 -0.23 -0.23 0.0049999999 0.005 0.005 0.005 0.005 0.049999998 0.05 0.05 0.05 0.275 0.275 0.275 0.275 0.275 0.21 0.21 0.16 0.16 0.16 -0.3249174 -0.325 -0.13 -0.13 -0.13 -0.13000008 -0.235 -0.235 -0.235 -0.22 -0.22 -0.22 0.29 0.29 0.23 0.23 
-0.56 -0.56 -0.635 -0.635 -0.635 -0.635 -0.63500041 -0.71 -0.38031071 -0.38 -0.38 -0.38 -0.38 -0.23187111 -0.23 -0.23 -0.23 -0.23 0.0049999953 0.005 0.005 0.005 0.005 0.05 0.05 0.05 0.05 0.050000899 0.275 0.275 0.275 0.21000341 0.21 0.21 0.21 0.16 -0.32499999 -0.325 -0.325 -0.31986918 -0.58522457 -0.67 -0.67 -0.235 -0.235 -0.235 -0.22 -0.22 -0.22 0.29 0.29 0.29 0.88211577 
-0.83 -0.82999788 -0.635 -0.635 -0.635 -0.635 -0.71 -0.71 -0.71 -0.38 -0.38 -0.38 -0.38 -0.37995337 -0.23 -0.23 -0.23 -0.23 0.0049957537 0.0049999997 0.005 0.0049999959 0.042065874 0.05 0.05 0.05 0.05 -0.079999894 -0.08 -0.079999996 0.27118747 0.21 0.21 0.21 0.20999947 -0.34499999 -0.325 -0.325 -0.325 -0.325 -0.67 -0.67 -0.67 -0.265 -0.265 -0.265 0.21495764 -0.22 -0.22 0.29 0.29 0.29 0.94999967 
-0.83 -0.83 -0.635 -0.635 -0.635 -0.71 -0.71 -0.71 -0.71 -0.41618204 -0.38 -0.38 -0.38 -0.3799998 -0.33498792 -0.335 -0.335 -0.335 -0.44847122 -0.265 -0.265 -0.265 -0.265 0.05 0.05 0.05 0.049991425 -0.08 -0.08 -0.08 -0.08 0.20991029 -0.10217145 -0.345 -0.345 -0.345 -0.32593332 -0.5749948 -0.575 -0.575 -0.66961619 -0.18000001 -0.18 -0.265 -0.265 -0.26499797 0.215 0.215 0.655 0.655 0.655 0.9 0.83 
-0.83 -0.83 -1.03 -1.03 -1.03 -0.71 -0.71 -0.71 -0.71 -0.665 -0.665 -0.665 -0.665 -0.64174413 -0.335 -0.335 -0.335 -0.335 -0.455 -0.265 -0.265 -0.265 -0.265 -0.34 -0.33999985 0.049999424 -0.08 -0.08 -0.08 -0.08 -0.23188257 -0.38 -0.34916452 -0.345 -0.345 -0.345 -0.575 -0.575 -0.575 -0.575 -0.18 -0.18 -0.18 0.28985179 0.29 0.21533712 0.215 0.215 0.6549994 0.655 0.9 0.9 0.83 
-0.83 -1.03 -1.03 -1.03 -1.03 -1.03 -0.71229005 -1.005 -1.005 -0.665 -0.665 -0.665 -0.665 -0.66492185 -0.335 -0.335 -0.335 -0.34042198 -0.455 -0.455 -0.265 -0.265 -0.34 -0.34 -0.34 -0.34 -0.08 -0.08 -0.08 -0.08 -0.38 -0.38 -0.38 -0.34503542 -0.345 -0.345 -0.575 -0.575 -0.575 -0.575 -0.18 -0.18 -0.18 0.29 0.29 0.2900136 0.53 0.53 0.565 0.565 0.9 0.9 0.83 
-1.0281218 -1.03 -1.03 -1.03 -1.03 -1.03 -1.005 -1.005 -1.005 -0.82301779 -0.665 -0.665 -0.665 -0.66500064 -0.335 -0.335 -0.335 -0.455 -0.455 -0.455 -0.26500949 -0.26500046 -0.34 -0.34 -0.34 -0.34 -0.080018481 -0.08 -0.08 -0.37993101 -0.38 -0.38 -0.38 -0.38 -0.34527217 -0.475 -0.475 -0.47673067 -0.575 -0.575 -0.18000035 -0.18 0.27633465 0.29 0.29 0.52999991 0.53 0.53 0.565 0.565 0.35 0.35 0.09 
-1.03 -1.03 -1.03 -1.03 -1.03 -1.03 -1.005 -1.005 -1.005 -1.005 -0.77999669 -0.78 -0.78 -0.78 -0.33500092 -0.44076663 -0.5 -0.5 -0.45508296 -0.455 -0.45499996 -0.33999989 -0.34 -0.34 -0.34 -0.34 -0.33981097 -0.08 -0.080010254 -0.38 -0.38 -0.38 -0.38 -0.38 -0.475 -0.475 -0.475 -0.475 -0.475 -0.4750001 -0.365 -0.365 -0.36499994 -0.185 -0.185 -0.185 -0.51 -0.51 -0.605 -0.605 0.35 0.34999943 0.09 
-1.03 -1.03 -1.03 -1.03 -1.03 -1.03 -1.005 -1.005 -1.005 -0.78 -0.78 -0.78 -0.78 -0.78 -0.70619267 -0.5 -0.5 -0.5 -0.5 -0.5 -0.4978514 -0.34 -0.34 -0.34 -0.34 -0.3494203 -0.6395299 -0.1562534 -0.37852056 -0.38 -0.38 -0.38 -0.38 -0.38000021 -0.475 -0.475 -0.475 -0.475 -0.475 -0.42382826 -0.365 -0.365 -0.365 -0.185 -0.185 -0.185 -0.51 -0.51 -0.605 -0.605 0.044999987 0.087517735 0.09 
-1.03 -1.03 -1.03 -1.03 -1.03 -1.03 -1.005 -1.005 -0.99566125 -0.78 -0.78 -0.78 -0.78 -0.78 -0.76656948 -0.5 -0.5 -0.5 -0.5 -0.5 -0.5 -0.59369485 -0.63999958 -0.64 -0.64 -0.64 -0.64 -0.64 -0.24562162 -0.24000166 -0.24 -0.24 -0.24 -0.24000017 -0.475 -0.475 -0.475 -0.475 -0.475 -0.36500001 -0.365 -0.365 -0.365 -0.36499992 -0.18577756 -0.67 -0.51000002 -0.048130955 -0.60450495 0.045 0.045 0.056640521 0.605 
-1.03 -1.03 -1.03 -1.03 -1.03 -1.0299984 -1.0050013 -1.0049864 -0.78000028 -0.78 -0.78 -0.78 -0.78 -0.78 -0.7746722 -0.5 -0.5 -0.5 -0.5 -0.5 -0.5 -0.64 -0.64 -0.64 -0.64 -0.64 -0.64 -0.64 -0.24011042 -0.24 -0.24 -0.24 -0.24 -0.24 -0.30438998 -0.475 -0.475 -0.475 -0.475 -0.365 -0.365 -0.365 -0.365 -0.36507813 -0.67 -0.67 -0.66605146 -0.04 -0.04 0.045 0.045 0.605 0.605 
-1.03 -1.03 -1.03 -1.03 -1.03 -1.0299667 -1.0050233 -0.80538978 -0.78 -0.78 -0.78 -0.78 -0.78 -0.78 -0.77509812 -0.5 -0.5 -0.5 -0.5 -0.5 -0.51993346 -0.64 -0.64 -0.64 -0.64 -0.64 -0.64 -0.64 -0.2400016 -0.24 -0.24 -0.24 -0.24 -0.24 -0.24 -0.52080344 -0.59202221 -0.63095994 -0.63688261 -0.37496319 -0.365 -0.365 -0.365 -0.66997564 -0.67 -0.66549326 0.084999403 -0.04 -0.04 0.56997928 0.57 0.57 0.60499998 
-1.03 -1.03 -1.03 -1.03 -1.03 -1.0297914 -0.9857223 -0.78006187 -0.78 -0.78 -0.78 -0.78 -0.78 -0.78 -0.77346157 -0.5 -0.5 -0.5 -0.5 -0.5 -0.6399994 -0.64 -0.64 -0.64 -0.64 -0.64 -0.64 -0.64 -0.24000011 -0.24 -0.24 -0.24 -0.24 -0.24 -0.24000008 -0.64 -0.64 -0.64 -0.64 -0.52 -0.52 -0.52 -0.52 0.084997813 0.085 0.085 0.085 0.085004217 0.475 0.475 0.57 0.57 0.98640268 
-1.03 -1.03 -1.03 -1.03 -1.0299993 -1.0292191 -0.7954789 -0.78000294 -0.78 -0.78 -0.78 -0.78 -0.78 -0.78 -0.77049507 -0.50000011 -0.5 -0.5 -0.5 -0.5008426 -0.64 -0.64 -0.64 -0.64 -0.64 -0.64 -0.64 -0.64 -0.24000009 -0.24 -0.24 -0.24 -0.24 -0.24 -0.63999963 -0.64 -0.64 -0.64 -0.64 -0.52 -0.52 -0.52 -0.52 -0.3567131 0.085 0.085 0.085 0.47499564 0.475 0.475 1.175 1.175 1.175 
-1.03 -1.03 -1.03 -1.0299999 -1.0299926 -1.0169062 -0.78084218 -0.78000074 -0.78 -0.78 -0.78 -0.78 -0.78 -0.77999998 -0.76647661 -0.50000658 -0.5 -0.5 -0.50000016 -0.63716338 -0.64 -0.64 -0.64 -0.64 -0.64 -0.64 -0.64 -0.64 -0.24000037 -0.24 -0.24 -0.24 -0.24 -0.62066175 -0.64000004 -0.64 -0.64 -0.64 -0.64 -0.52 -0.52 -0.52 -0.52 -0.52 0.085 0.085 0.085 0.475 0.475 0.475 1.175 1.175 1.175 
-1.03 -1.03 -1.03 -1.0299993 -1.0298977 -0.89461508 -0.78014786 -0.78000045 -0.78 -0.78 -0.78 -0.78 -0.78 -0.77999947 -0.76169899 -0.50010226 -0.50000001 -0.5 -0.50072485 -0.6399881 -0.64 -0.64 -0.64 -0.64 -0.64 -0.64 -0.64 -0.63999977 -0.24000251 -0.24 -0.24000037 -0.71428567 -0.76 -0.76 -0.76 -0.64 -0.64 -0.64 -0.64 -0.52 -0.52 -0.52 -0.52 -0.52 0.084989275 0.085 0.085000191 0.47499997 0.475 0.47500038 1.175 1.175 1.175 
