interpolatedSpi/02-02|19_2.tif
NCOLS 53
NROWS 52
XLLCORNER -116.03883
YLLCORNER 28.596182
DX 0.49850594
DY 0.49788537
NODATA_VALUE -9999
0.615 0.615 0.15539316 0.645 0.15 0.335 0.345 0.185 -0.16471927 -0.365 -0.35 -0.39 -0.29494648 0.355 0.11 0.11 0.11 0.595 0.69 0.69 0.69 0.68999013 -0.335 -0.075 -0.075 -0.075 -0.33999973 -0.34 -0.34 -0.695 -0.695 -0.695 -0.695 -1.8249998 -1.825 -1.825 -1.825 -1.825 -1.825 -1.825 -0.6031598 -0.59018465 -1.315 -1.315 -1.315 -1.315 -1.3165762 -2.28 -2.28 -2.28 -1.9450007 -1.945 -1.945 
0.61494357 -0.655 0.11499985 0.031600741 0.23471623 0.47 0.635 0.25484689 0.21 -0.185 -0.1 -0.295 -0.295 0.7686162 0.35500285 0.11 0.595 0.595 0.68987613 0.69 0.69 0.69 -0.09473891 -0.075 -0.075 -0.075 0.41499997 0.415 -0.695 -0.695 -0.695 -0.695 -0.695 -1.8249998 -1.825 -1.825 -1.825 -1.825 -1.8249998 -1.5356777 -0.1950135 -1.1790964 -1.315 -1.315 -1.315 -1.315 -1.315 -2.28 -2.28 -2.28 -2.2522215 -1.945 -1.945 
0.055011184 0.055 -0.015 0.135 -0.54 -0.54 -0.39 -0.51 -0.925 -0.6 0.5 -0.59 0.01 0.87 0.77 -1.035 0.595 0.595 0.595 0.52504797 0.525 0.525 -0.45 -0.075 -0.075 -0.075 0.415 0.415 0.415 -0.695 -0.695 -0.695 -0.685372 -1.8189647 -1.8014976 0.67686224 0.7 0.7 0.58743259 -0.19499999 -0.195 -0.1964322 -1.315 -1.315 -1.315 -1.315 -1.315 -2.28 -2.28 -2.28 -2.28 -1.945 -1.945 
-0.31 0.054999769 -1.0901019 0.1 -0.85 -0.73 -0.68 -0.74 -0.81 -0.34671273 -0.975 -1.055 -1.08 0.87 -0.435 -1.035 -0.38997312 -0.38431336 -1.04 0.525 0.525 -0.75 -0.45 -0.45 -0.075 -0.074997553 0.415 0.415 0.415 -0.9 -0.77654751 -0.675 -0.675 -0.67499894 0.7 0.7 0.7 0.7 -0.195 -0.195 -0.195 -0.19500004 -1.315 -1.315 -1.315 -1.315 -1.315 -2.2799878 -2.28 -2.28 -2.28 -1.9449561 -1.945 
-0.31 -0.95000026 -1.09 -1.2533369 -0.85 -1.485 -1.4799582 -1.27 -0.94 -1.0999998 -0.84153458 -0.71490904 -0.08 -0.435 -0.435 -0.82624656 -0.385 -0.385 -1.04 -1.04 0.52499738 -0.75 -1.275 -1.24 -1.175 -1.1750358 0.415 0.415 -0.9 -0.9 -0.675 -0.675 -0.675 -0.80511533 0.7 0.7 0.7 -0.195 -0.195 -0.195 -0.195 -0.1949054 -1.315 -1.315 -1.315 -1.315 -1.315 -1.3235897 -2.28 -2.2799247 -0.6 -0.6 -0.6 
-1.52 -0.915 -1.02 -0.815 -1.095 -0.955 -1.385 -1.3702767 -1.15 -1.055 -0.645 -0.585 -0.58499967 -1.035 -1.035 -0.77983824 -0.78 -0.87 -0.87 -1.0399998 -1.49 -1.49 -1.24 -1.175 -1.175 -1.33 -1.545 -1.545 -0.23506103 -0.9 -0.675 -0.675 -1.365 -1.3649117 -0.5200604 0.03 0.03 -0.12539111 -0.195 -0.195 0.78377773 0.785 0.78500131 0.40410771 0.43480659 0.43499953 0.43499994 0.43499932 -1.5304299 -0.6 -0.6 -0.6 -0.6 
-2.0349859 -1.6 -1.2544312 -0.5 -0.055 -1.045 -1.085 -0.965 -1.385 -1.385 -0.645 -1.045 -1.3699999 -1.035 -0.11000277 -0.11 -0.78 -0.515 -0.83 -0.83 -1.4735057 -1.455 -1.455 -1.125 -1.33 -1.33 -1.545 -1.545 -0.23502797 -0.235515 -0.14675731 -1.365 -1.365 -0.52 -0.52 -0.49285444 0.03 0.03 -0.51998094 0.78499818 0.785 0.785 0.7850053 0.4349971 0.435 0.435 0.435 0.43499875 -1.665 -0.60021105 -0.6 -0.6 -0.6 
-2.035 -1.685 -0.64 -1.235 -1.2050017 -0.995 -0.805 -1.155 -1.095 -0.795 -0.795 -1.105 -1.37 -1.37 -0.11864477 -0.58359362 -0.63 -0.145 -0.95499987 -0.83 0.122317 0.2 -1.35 -0.935 -0.93500729 -1.5 -0.29 -0.29000044 -0.71331801 -0.71499999 -0.145 -0.17730798 -0.275 -0.52 -0.5128697 -0.93 -0.93 -0.52 -0.52 0.785 0.785 0.78500001 -0.081659801 -0.084999974 0.435 0.435 0.435 -1.6649201 -1.665 -1.665 -0.6 -0.6 -0.6 
-1.5590761 -1.685 -1.815 -0.8 -0.845 -1.225 -1.265 -0.84 -1.445 -0.49604924 -0.885 -1.32 -1.32 -0.165 -0.16499633 -1.6621154 -1.665 -1.665 -0.26864776 -0.58000003 -0.715 -0.71499999 -0.82 -1.1411357 -1.4430629 -1.5 -1.015 -0.29 -0.21543583 -0.215 -0.15 0.02 -0.10591417 -0.935 -0.27 -0.395 -0.075 0.13 -0.0049376623 0.78752203 1.35 0.335 -0.085004871 -0.085 -0.082073159 0.435 -0.66999994 -1.665 -1.665 -1.665 -1.665 -0.4979039 -0.59 
-0.855 -0.855 -1.46 -1.36 -0.38 -0.765 -0.27 -0.505 -0.06 -0.25495801 -0.465 0.04 -0.165 -0.165 0.225 0.1990778 -1.665 -1.6646875 -0.29 -0.58 -0.58 -0.59739251 -0.82 -1.1399939 -1.14 -1.14 -1.015 0.385 0.385 -0.215 -0.215 0.019525846 -0.23 -0.935 -0.33 -0.395 -0.075 -1.145 -0.005 0.59511373 0.33500004 0.16969727 -0.115 -0.085 -0.085 -0.67 -0.67 -0.67 -1.665 -1.665 0.22 0.22 0.2199997 
-0.855 -0.855 -1.28 -1.57 -1.35 -0.225 -0.1 -0.1800779 -0.33 -0.21 -0.415 -0.28 0.039573682 0.225 0.225 0.22493828 -0.31 -0.30895031 -0.29 0.025 0.025 -0.005 -0.005 -1.14 -1.14 -1.14 0.385 0.385 0.385 -1.125 -1.125 -1.1249985 -0.685 -0.685 -1.345 -0.485 0.52 -0.46499732 -0.29 0.605 0.605 -0.020000312 -0.115 -0.085 0.34499941 -0.335 0.3306717 0.335 0.55 0.55 0.22 0.22 0.22 
-0.855 -1.0386263 -1.4037533 -1.1899921 -0.295 -1.025 -0.1 -0.18 -0.32999875 -0.21132945 -0.27999991 -0.28 0.38 0.225 0.225 -0.30999998 -0.31 -0.30999886 -0.29 0.025 0.01910861 -0.005 -0.0049999997 -1.1399534 -1.14 -0.60583071 0.485 0.485 0.48499999 -1.125 -1.125 0.285 0.285 -0.68500181 -1.345 0.43499983 0.41256285 -0.465 -0.465 0.60499998 -0.02 -0.02 -0.019997375 0.345 0.345 -0.335 0.335 0.335 0.55 0.55 0.22 0.22 0.22 
-0.485 -0.54181789 -0.47504032 -0.48016915 -0.29500399 -1.0249828 -0.10000003 -0.17901525 -0.31966347 -0.32686648 0.38 0.38 0.38 0.38 0.22502196 -0.31 -0.31 -0.30974177 -0.29 0.025278625 0.995 0.995 0.995 0.995 -1.102516 0.485 0.485 0.485 0.485 0.48414107 0.285 0.285 0.285 0.285 0.435 0.435 0.435 -0.42123741 -0.45320845 1.105 1.105 -0.019939489 0.60999093 0.34502552 0.345 -0.335 0.335 0.335 0.55 0.55 0.2211972 0.22 0.44043791 
-0.485 -0.475 -0.475 -0.475 -0.475 -0.47500023 -0.10236773 -0.13787252 -0.29208653 0.37923839 0.38 0.38 0.38 0.38 0.38000012 -0.30999999 -0.31 -0.30862814 -0.28999612 0.995 0.995 0.995 0.995 0.995 0.99251209 0.69296288 0.77499994 0.775 0.775 0.775 0.28500001 0.285 0.28500048 0.68 0.68 0.435 0.75582327 0.765 1.1049998 1.105 1.105 1.105 0.61 0.61 0.61 0.60342366 0.80180286 0.805 0.805 0.805 0.805 0.56999993 0.57 
-0.070000001 -0.475 -0.475 -0.475 -0.475 -0.475 -0.47499998 0.010515011 0.54551796 0.55 0.55 0.55 0.55 0.55 0.55 0.59398458 -0.29563631 -0.30726104 0.99483843 0.995 0.995 0.995 0.995 0.99500002 0.88 0.88 0.87999985 0.775 0.775 0.77539048 0.97 0.97 0.68 0.68 0.68 0.75138411 0.765 0.765 0.765 1.105 1.105 1.105 0.61 0.61 0.61 0.61 0.80499999 0.805 0.805 0.805 0.805 0.57 0.57 
-0.07 -0.2207769 -0.475 -0.475 -0.475 -0.475 0.33484102 0.335 0.33500001 0.55 0.55 0.55 0.55 0.55 0.55992731 0.595 0.595 0.595 1.0149384 1.015 1.015 1.015 1.015 1.015 0.88 0.88 0.88 0.88 0.775 0.97 0.97 0.97 0.68000003 0.68 0.68 1.185 0.76555609 0.765 0.765 1.1049182 0.94195197 0.56162888 0.61 0.61 0.42058635 0.42 0.42 0.80479284 0.68043682 0.68000001 0.68000002 1.0199318 0.57000091 
-0.069999998 -0.011611 -0.23968859 -0.475 -0.475 0.33452141 0.335 0.335 0.335 0.33654935 0.55 0.55 0.55 0.55000001 0.595 0.595 0.595 0.595 1.0146248 1.015 1.015 1.015 1.015 1.015 0.88 0.88 0.88 0.88 0.88032736 0.97 0.97 0.97 1.21 0.68006416 1.185 1.185 1.185 1.1859581 0.57300041 0.56 0.56 0.56 0.415 0.415 0.42 0.42 0.42 0.68 0.68 0.68 0.68 1.02 1.02 
-0.0096913779 -0.01 -0.01 -0.009999999 0.09 0.33499368 0.335 0.335 0.335 0.335 0.54318618 0.54999883 0.55 0.595 0.595 0.595 0.595 0.595 0.58783918 1.015 1.015 1.015 1.015 1.015 1.0693102 1.2599979 1.26 1.26 1.26 0.97000001 1.21 1.21 1.21 1.21 1.185 1.1850024 1.275 1.275 0.56892784 0.56 0.56 0.56 0.415 0.415 0.41922583 0.42 0.42 0.68 0.68 0.68 0.68364568 1.02 1.02 
-0.01 -0.01 -0.01 0.037091492 0.09 0.09 0.335 0.335 0.335 0.335 0.46 0.46 0.46 0.595 0.595 0.595 0.595 0.59487027 -0.04 -0.04 1.0149996 1.015 1.011835 0.885 0.88837596 1.26 1.26 1.26 1.26 1.2100051 1.21 1.21 1.21 1.21 1.2749997 1.275 1.275 1.275 1.2724749 0.56 0.56 0.56 0.415 0.415 0.415 0.42 0.42 0.68000001 0.68 0.68 1.02 1.02 1.02 
-0.01 -0.01 -0.01 0.09 0.09 0.09 0.090000374 0.335 0.335 0.45987096 0.46 0.46 0.46 0.4600841 -0.040396593 -0.19 -0.19 -0.19 -0.04 -0.04 -0.04 0.885 0.885 0.885 0.88504622 1.1498499 1.26 1.26 1.26 0.98341421 0.93002754 0.93 0.93 0.93 1.1998043 1.0950004 1.095 1.095 1.095 1.3948857 1.395 1.395 0.415 0.415 1.369996 1.3700001 1.515 1.515 1.385 1.385 1.385 1.02 1.6794099 
-0.009997362 -0.01 -0.0099999964 0.09 0.09 0.09 0.090000008 0.80999986 0.33689924 0.45976424 0.46 0.46 0.46 0.45872452 -0.19 -0.19 -0.19 -0.18999996 -0.04 -0.04 -0.04 0.885 0.885 0.885 1.05 1.05 0.77 0.77 0.77 0.77087285 0.93 0.93 0.93 0.93 1.0124547 1.095 1.095 1.095 1.095 1.395 1.395 1.395 1.3942134 1.37 1.37 1.37 1.515 1.515 1.385 1.385 1.385 1.68 1.68 
0.84 0.44166302 0.435 0.43489991 0.09 0.8058341 0.81 0.81 0.71890534 0.20000001 0.2 0.2 0.2 -0.14498877 -0.145 -0.18999997 -0.19 -0.18604772 -0.04 -0.04 -0.04 0.52 0.52 0.52 1.05 1.05 0.77 0.77 0.77 0.77000009 0.90000019 0.90000008 0.929246 0.92996784 0.88505274 0.885 0.885 0.885 0.885 1.395 1.395 1.395 1.3713762 1.37 1.37 1.37 1.515 1.515 1.5149953 1.385 1.3850199 1.83 1.68 
0.3650902 0.36500001 0.435 0.435 0.435 0.81 0.81 0.81 0.56 0.56 0.2 0.2 0.2 -0.145 -0.145 -0.145 -0.145 -0.14498852 -0.04 -0.04 -0.039999979 0.52 0.52 0.52 1.05 1.05 0.77 0.77 0.77 0.89853424 0.9 0.9 0.9 0.9 0.8850074 0.885 0.885 0.885 0.885 0.89500013 0.895 0.895 0.895 1.3699997 1.335 1.335 1.335 1.925 1.925 1.925 1.83 1.83 1.83 
0.365 0.365 0.435 0.435 0.435 0.80802893 0.81 0.56 0.56 0.56 0.20004432 0.2 0.2 -0.14499992 -0.145 -0.145 -0.145 -0.155 -0.155 -0.155 -0.54999998 -0.5499992 0.51999479 0.52 0.51940478 -0.735 -0.735 -0.73499641 0.76975678 0.63005381 0.63000144 0.63004714 0.89953854 0.89976699 0.88749663 0.88499992 0.88429624 0.675 0.675 0.895 0.895 0.895 0.895 1.335 1.335 1.335 1.335 1.925 1.925 1.925 1.83 1.83 1.83 
0.365 0.365 0.435 0.435 0.435 0.435 0.7164323 0.56 0.56 0.56 0.55980114 0.2 0.2 0.2 -0.14296684 -0.145 -0.15493336 -0.155 -0.155 -0.155 -0.55 -0.55 -0.55 -0.55 -0.735 -0.735 -0.735 -0.735 -0.735 0.63 0.63 0.63 0.63 0.63000048 0.86 0.675 0.675 0.675 0.675 0.67500017 0.695 0.695 0.695 0.94394097 1.46 1.46 1.46 1.925 1.9249998 1.72 1.72 1.6500438 1.65 
0.365 0.365 0.40973492 0.435 0.435 0.43500001 0.70474269 0.56045696 0.56 0.56 0.2000001 0.2 0.2 0.2 0.2 0.17166865 -0.155 -0.155 -0.155 -0.155 -0.54999694 -0.55 -0.55 -0.55 -0.735 -0.735 -0.735 -0.735 -0.735 0.25682701 0.63 0.63 0.63 0.86 0.86 0.85985634 0.675 0.675 0.96764483 1.195 0.695 0.695 0.695 0.94197756 1.46 1.46 1.46 1.635 1.7189409 1.72 1.72 1.65 1.65 
0.69 0.69 0.69 0.49893551 0.43513634 0.705 0.705 0.705 0.705 0.66 0.66 0.20000003 0.2 0.2 0.2 0.19997754 -0.155 -0.155 -0.155 -0.155 -0.37763481 -0.55 -0.55 -0.52919452 0.2013617 -0.735 -0.735 -0.735 0.125 0.125 0.125 0.12500212 0.86 0.86 0.86 0.86 1.195 1.195 1.195 1.195 1.24 1.24 1.24 1.7999887 1.8 1.8 1.7999999 1.635 1.635 1.7198964 1.72 1.6499965 1.65 
0.69 0.69 0.69 0.68999111 0.525 0.55117496 0.705 0.705 0.705 0.66 0.66 0.66 1.065 1.065 1.065 1.065 -0.15366277 -0.155 -0.155 -0.155 -0.1609462 0.24499782 0.245 0.245 0.245 0.24499998 -0.285 -0.285 0.125 0.125 0.125 0.125 0.86000021 0.86 0.86 0.86002362 1.195 1.195 1.195 1.1962502 1.24 1.24 1.24 1.799974 1.8 1.8 1.8 1.635 1.635 1.6349999 0.95 0.95 1.215 
0.69 0.69 0.69 0.52500038 0.525 0.525 0.70499993 0.705 0.705 0.66 0.66 0.66 1.065 1.065 1.065 1.0276818 0.575 0.575 0.57499811 -0.15087677 0.245 0.245 0.245 0.245 0.245 0.24460115 -0.285 -0.285 -0.285 0.125 0.125 0.12548918 1.15 1.15 1.15 1.31 1.31 1.48 1.48 1.48 1.32 1.2400251 1.2400018 1.485 1.485 1.4969381 1.7999989 1.635 1.635 0.95 0.95 0.95 1.215 
0.69 0.69 0.69 0.525 0.525 0.525 0.525 0.705 0.705 0.66 0.66 1.0488058 1.065 1.065 1.065 0.575 0.575 0.575 0.575 0.575 0.245 0.245 0.245 0.245 0.245 -0.28499819 -0.285 -0.285 -0.285 0.885 0.885 0.885 1.15 1.15 1.15 1.31 1.31 1.48 1.48 1.32 1.32 1.32 1.485 1.485 1.485 1.485 1.4574806 1.15 1.15 1.15 0.95 1.085 1.085 
0.69 0.69 0.68977023 0.525 0.525 0.525 0.525 0.55832041 0.56 0.56017169 0.66000001 1.0649853 1.065 1.065 1.0649983 0.575 0.575 0.575 0.575 0.575 0.76287485 0.245 0.245 0.245 0.24514109 -0.28493164 -0.285 -0.285 -0.285 0.885 0.885 0.885 0.88504132 1.15 1.31 1.31 1.31 1.3100069 1.4799891 1.32 1.32 1.32 1.48499 1.485 1.485 1.485 1.149998 1.15 1.15 1.15 1.085 1.085 1.085 
0.545 0.54500025 0.52508749 0.525 0.525 0.525 0.55999255 0.56 0.56 0.56 0.88999999 0.89 0.89 0.89 0.57645387 0.575 0.575 0.575 0.575 0.78499987 0.785 0.785 0.92999989 0.93 0.93 0.93 0.82512987 -0.285 1.2599367 1.26 1.26 1.26 1.26 1.14 1.14 1.14 1.14 1.14 1.32 1.32 1.32 1.32 1.32 0.94581401 0.945 0.945 0.945 1.15 1.15 1.15 1.0850102 1.085 1.085 
0.545 0.545 0.54985603 1.1249988 1.1249999 1.1244488 0.56 0.56 0.56 0.56 0.89 0.89 0.89 0.89 0.89 0.575 0.575 0.575 0.78499995 0.785 0.785 0.785 0.93 0.93 0.93 0.93 0.93 0.92974324 1.2599903 1.26 1.26 1.26 1.2599961 0.93874992 1.1397916 1.14 1.14 1.14 1.32 1.32 1.32 1.32 1.32 0.945 0.945 0.945 0.945 1.040862 1.15 1.4268761 1.43 1.54 1.54 
0.545 0.545 1.1249265 1.125 1.125 1.125 0.98149238 0.56 0.56 0.56 0.89 0.89 0.89 0.89 0.89 0.57524165 0.575 0.78493843 0.785 0.785 0.785 0.785 0.87628381 0.93 0.93 0.93 0.93 0.93021574 1.235 1.235 1.235 1.235 1.235 0.785 0.785 0.785 0.785 0.785 0.86 0.86 0.86 0.86 0.86 0.94595225 0.9450002 0.945 0.94506611 0.95302439 1.43 1.43 1.43 1.5399994 1.54 
0.54500095 1.0499596 1.125 1.125 1.125 1.125 1.125 0.56024057 0.56 0.56 0.89 0.89 0.89 0.89 0.81177691 0.81 0.81 0.78500064 0.785 0.785 0.785 0.785 0.78499999 0.93 0.93 0.93 0.93 0.54000067 0.54000032 0.68791289 1.235 1.235 1.235 0.785 0.785 0.785 0.785 0.78496275 0.86 0.86 0.86 0.86 0.86004405 1.335 1.335 1.335 1.335 1.3350077 1.43 1.43 1.43 1.4299999 1.2394919 
1.06 1.06 1.0816421 1.125 1.125 1.125 1.125 1.125 0.56024127 0.71 0.71 0.71 0.71042718 0.81000012 0.81 0.81 0.81 0.81 0.78499898 0.77628134 0.7 0.7 0.7 0.75386794 0.8439609 0.38358197 -0.0044960483 0.54 0.54 0.54 0.54 0.54 0.56214116 0.7250617 0.73 0.73 0.73 0.73 0.96801566 1.434999 1.435 1.435 1.435 1.3849999 1.335 1.335 1.335 1.57 1.4300022 1.43 1.43 1.235 1.235 
1.06 1.06 1.125 1.125 1.125 1.125 1.125 1.125 0.71 0.71 0.71 0.71 0.71 0.81 0.81 0.81 0.81 0.81 0.7 0.7 0.7 0.7 0.7 -0.14499996 -0.145 -0.145 -0.145 0.54 0.54 0.54 0.54 0.54 0.29 0.29 0.73 0.73 0.73 1.1149344 1.115 1.435 1.435 1.435 1.435 1.385 1.385 1.385 1.57 1.57 1.57 1.555 1.555 1.235 1.235 
1.06 1.06 1.125 1.125 1.125 1.125 1.124998 0.755 0.71004237 0.71 0.71 0.71 0.71 0.80875259 0.81 0.81 0.81 0.81 0.7 0.7 0.7 0.7 0.7 -0.145 -0.145 -0.145 -0.145 -0.14499725 0.54 0.54 0.54 0.29001311 0.29 0.29 0.29 0.73 1.115 1.115 1.115 1.1234198 1.2748284 1.245 1.245 1.385 1.385 1.385 1.57 1.57 1.57 1.555 1.555 1.555 1.3255716 
0.94 0.94000094 1.125 1.125 1.125 1.125 0.755 0.755 0.755 0.71 0.71 0.71 0.71 0.71003109 0.81 0.81 0.81 0.81 0.70000174 0.7 0.7 0.69999999 0.0038511238 -0.145 -0.145 -0.145 -0.145 -0.41499978 -0.415 -0.41499999 0.52974094 0.29 0.29 0.29 0.29000004 0.33 1.115 1.115 1.115 1.115 1.245 1.245 1.245 1.265 1.265 1.265 1.4650102 1.57 1.57 1.555 1.555 1.555 1.3350002 
0.94 0.94 1.125 1.125 1.125 0.755 0.755 0.755 0.755 0.71492482 0.71 0.71 0.71 0.70999808 0.12507883 0.125 0.125 0.125 0.21892093 0.19 0.19 0.19 0.19 -0.145 -0.145 -0.145 -0.14501781 -0.415 -0.415 -0.415 -0.415 0.28993851 0.31249884 0.33 0.33 0.33 1.1146614 1.0250019 1.025 1.025 1.2447493 0.92500001 0.925 1.265 1.265 1.2650008 1.465 1.465 1.295 1.295 1.295 1.56 1.42 
0.94 0.94 0.91 0.91 0.91 0.755 0.755 0.755 0.755 0.445 0.445 0.445 0.445 0.42244885 0.125 0.125 0.125 0.125 0.22 0.19 0.19 0.19 0.19 -0.585 -0.58499983 -0.14500065 -0.415 -0.415 -0.415 -0.415 -0.31374495 -0.215 0.26515247 0.33 0.33 0.33 1.025 1.025 1.025 1.025 0.925 0.925 0.925 1.3598628 1.36 1.464528 1.465 1.465 1.2950007 1.295 1.56 1.56 1.42 
0.94 0.91 0.91 0.91 0.91 0.91 0.75360268 0.575 0.575 0.445 0.445 0.445 0.445 0.44492422 0.125 0.125 0.125 0.1292924 0.22 0.22 0.19 0.19 -0.585 -0.585 -0.585 -0.585 -0.415 -0.415 -0.415 -0.415 -0.215 -0.215 -0.215 0.32944851 0.33 0.33 1.025 1.025 1.025 1.025 0.925 0.925 0.925 1.36 1.36 1.3600025 1.405 1.405 1.425 1.425 1.56 1.56 1.42 
0.91028174 0.91 0.91 0.91 0.91 0.91 0.575 0.575 0.575 0.50541857 0.445 0.445 0.445 0.44500268 0.125 0.125 0.125 0.22 0.22 0.22 0.1900015 0.18999527 -0.585 -0.585 -0.585 -0.585 -0.41501208 -0.415 -0.415 -0.21504599 -0.215 -0.215 -0.215 -0.215 0.32872411 0.355 0.355 0.36659551 1.025 1.025 0.92500009 0.925 1.3473523 1.36 1.36 1.405 1.405 1.405 1.425 1.425 1.075 1.075 0.955 
0.91 0.91 0.91 0.91 0.91 0.91 0.575 0.575 0.575 0.575 0.66499366 0.665 0.665 0.665 0.12499964 -0.083328217 -0.2 -0.2 0.21922573 0.22 0.21999999 -0.58499887 -0.585 -0.585 -0.585 -0.585 -0.5848764 -0.415 -0.41499316 -0.215 -0.215 -0.215 -0.215 -0.215 0.355 0.355 0.355 0.355 0.355 0.35500403 1.05 1.05 1.05 1.01 1.01 1.01 1.375 1.375 1.185 1.185 1.075 1.0749997 0.955 
0.91 0.91 0.91 0.91 0.91 0.91 0.575 0.575 0.575 0.665 0.665 0.665 0.665 0.665 0.43698807 -0.2 -0.2 -0.2 -0.2 -0.2 -0.17994638 -0.58499999 -0.585 -0.585 -0.585 -0.57463767 -0.25551711 -0.39321371 -0.2159863 -0.215 -0.215 -0.215 -0.215 -0.21499875 0.355 0.355 0.355 0.355 0.355 0.67831238 1.05 1.05 1.05 1.01 1.01 1.01 1.375 1.375 1.185 1.185 0.54000001 0.93210691 0.955 
0.91 0.91 0.91 0.91 0.91 0.9099999 0.57500008 0.575 0.5787355 0.665 0.665 0.665 0.665 0.665 0.62350927 -0.2 -0.2 -0.2 -0.2 -0.2 -0.2 -0.30527889 -0.25500046 -0.255 -0.255 -0.255 -0.255 -0.255 0.035698287 0.039996981 0.039999994 0.04 0.04 0.040000226 0.355 0.355 0.355 0.355 0.355 1.0499999 1.05 1.05 1.05 1.05 1.0099359 0.97 1.375 0.64780193 1.1845181 0.54 0.54 0.54072753 0.575 
0.91 0.91 0.91 0.91 0.91 0.9099786 0.57501807 0.57500545 0.66499989 0.665 0.665 0.665 0.665 0.665 0.64854089 -0.2 -0.2 -0.2 -0.2 -0.2 -0.2 -0.255 -0.255 -0.255 -0.255 -0.255 -0.255 -0.255 0.039918566 0.04 0.04 0.04 0.04 0.04 0.12630997 0.355 0.355 0.355 0.355 1.05 1.05 1.05 1.05 1.0499795 0.97 0.97 0.96790038 0.635 0.635 0.54 0.54 0.575 0.575 
0.91 0.91 0.91 0.91 0.91 0.90955323 0.57540019 0.65484409 0.665 0.665 0.665 0.665 0.665 0.665 0.64985669 -0.2 -0.2 -0.2 -0.2 -0.2 -0.207831 -0.255 -0.255 -0.255 -0.255 -0.255 -0.255 -0.255 0.039998817 0.04 0.04 0.04 0.04 0.04 0.04 0.38414314 0.42946868 0.45424723 0.45803017 1.0381084 1.05 1.05 1.05 0.97000639 0.97 0.96644833 0.37500124 0.635 0.635 0.18494221 0.185 0.185 0.57499983 
0.91 0.91 0.91 0.91 0.90999966 0.90720627 0.58512813 0.66497525 0.665 0.665 0.665 0.665 0.665 0.665 0.64480092 -0.2 -0.2 -0.2 -0.2 -0.2 -0.25499976 -0.255 -0.255 -0.255 -0.255 -0.255 -0.255 -0.255 0.039999919 0.04 0.04 0.04 0.04 0.04 0.040000084 0.46 0.46 0.46 0.46 0.865 0.865 0.865 0.865 0.37500172 0.375 0.375 0.375 0.37499511 -0.08 -0.08 0.185 0.185 0.055380298 
0.91 0.91 0.91 0.90999997 0.90999065 0.90094612 0.6594025 0.66499882 0.665 0.665 0.665 0.665 0.665 0.665 0.63563656 -0.19999965 -0.2 -0.2 -0.2 -0.20033102 -0.255 -0.255 -0.255 -0.255 -0.255 -0.255 -0.255 -0.255 0.039999934 0.04 0.04 0.04 0.04 0.04 0.45999961 0.46 0.46 0.46 0.46 0.865 0.865 0.865 0.865 0.73275111 0.375 0.375 0.375 -0.07999491 -0.08 -0.08 -0.005 -0.005 -0.005 
0.91 0.91 0.90999998 0.90999924 0.90990852 0.88014755 0.66473357 0.66499971 0.665 0.665 0.665 0.665 0.665 0.66499994 0.62322239 -0.19997966 -0.2 -0.2 -0.20000006 -0.25388561 -0.255 -0.255 -0.255 -0.255 -0.255 -0.255 -0.255 -0.255 0.039999724 0.04 0.04 0.04 0.04 -0.10274785 0.45999981 0.46 0.46 0.46 0.46 0.865 0.865 0.865 0.865 0.865 0.375 0.375 0.375 -0.079999995 -0.08 -0.08 -0.005 -0.005 -0.005 
0.91 0.90999998 0.90999968 0.90999104 0.90947481 0.76341046 0.66496181 0.66499982 0.665 0.665 0.665 0.665 0.665 0.66499838 0.60846295 -0.19968409 -0.19999998 -0.2 -0.20028476 -0.25499532 -0.255 -0.255 -0.255 -0.255 -0.255 -0.255 -0.255 -0.25499983 0.039998152 0.04 0.039999862 -0.13785713 -0.155 -0.155 -0.155 0.46 0.46 0.46 0.46 0.865 0.865 0.865 0.865 0.865 0.37500869 0.375 0.37499978 -0.079999967 -0.08 -0.079999959 -0.005 -0.005 -0.005 
