interpolatedSpi/02-09|20_2.tif
NCOLS 53
NROWS 52
XLLCORNER -116.03883
YLLCORNER 28.596182
DX 0.49850594
DY 0.49788537
NODATA_VALUE -9999
[rows 0 to 35 of 52, columns 0 to 52 of 53]
0.19125 0.19125 -0.063446577 -0.31625 0.16375 0.22875 0.4875 0.52875 0.10469901 -0.1475 -0.10875 0.32625 0.1387886 0.6075 0.0975 0.0975 0.0975 0.27125 0.3025 0.3025 0.3025 0.30249829 0.125 0.06125 0.06125 0.06125 0.47625173 0.47625 0.47625 0.18 0.18 0.18 0.18 0.50374994 0.50375 0.50375 0.50375 0.50375 0.50375 0.50375001 0.87351659 0.87732297 0.1825 0.1825 0.1825 0.1825 0.18325134 0.6425 0.6425 0.6425 1.099999 1.1 1.1
0.19123528 -0.14 0.075000445 0.18967398 0.52476444 0.5925 0.54375 0.40643779 0.10125 0.33 0.26125 0.13875 0.13875 0.63366247 0.60749581 0.0975 0.27125 0.27125 0.30245925 0.3025 0.3025 0.3025 0.034076101 0.06125 0.06125 0.06125 0.16624999 0.16625 0.18 0.18 0.18 0.18 0.18 0.50374995 0.50375 0.50375 0.50375 0.50375 0.50374998 0.42680437 0.027533121 0.16369215 0.1825 0.1825 0.1825 0.1825 0.1825 0.6425 0.6425 0.6425 0.68043634 1.1 1.1
0.75871974 0.75875 0.46125 1.01 0.5275 0.38375 0.59625 0.15875 0.37875 0.30125 0.71 -0.08125 -0.4075 0.10375 0.63375 0.44875 0.27125 0.27125 0.27125 0.11880342 0.11875 0.11875 -0.455 0.06125 0.06125 0.06125 0.16625 0.16625 0.16625 0.18 0.18 0.17999997 -0.16299755 0.5023294 0.50124851 0.23746268 0.235 0.235 0.20890197 0.027500001 0.0275 0.027698206 0.1825 0.1825 0.1825 0.1825 0.1825 0.6425 0.6425 0.6425 0.6425 1.1 1.1
0.2675 0.75874988 0.15621955 0.50125 0.055 0.47125 0.7825 -0.13875 0.3675 0.3484228 0.42875 0.35 0.2325 0.10375 0.26875 0.44875 -0.35629317 -0.36205596 -0.39375 0.11875 0.11875 -0.965 -0.455 -0.455 0.06125 0.061250524 0.16625 0.16625 0.16625 -0.6125 -0.56860578 -0.5325 -0.5325 -0.5324994 0.235 0.235 0.235 0.235 0.0275 0.0275 0.0275 0.027500006 0.1825 0.1825 0.1825 0.1825 0.1825 0.6424942 0.6425 0.6425 0.6425 1.0999265 1.1
0.2675 -0.057499608 0.15625 0.1917481 0.055 0.305 0.26626365 -0.0875 -0.10625 0.13124996 0.22559985 0.27127542 0.44875 0.26875 0.26875 0.37644186 -0.3625 -0.3625 -0.39375 -0.39375 0.11874781 -0.965 -1.15 -0.43875 -0.39375 -0.39381183 0.16625 0.16625 -0.6125 -0.6125 -0.5325 -0.5325 -0.5325 -0.47357086 0.235 0.235 0.235 0.0275 0.0275 0.0275 0.0275 0.027523167 0.1825 0.1825 0.1825 0.1825 0.1825 0.18659457 0.6425 0.64241957 -1.15125 -1.15125 -1.15125
-0.885 0.02 0.47375 0.14 0.37875 0.50625 0.15875 0.12722295 0.2625 -0.10875 0.2925 -0.29 -0.28999951 -0.065 -0.065 -0.33625091 -0.33625 -0.52375 -0.52375 -0.39375032 -1.19625 -1.19625 -0.43875 -0.39375 -0.39375 -0.65875 -0.955 -0.955 -0.10379658 -0.6125 -0.5325 -0.5325 -0.22 -0.21999673 -0.18875234 -0.5125 -0.5125 -0.13956133 0.0275 0.0275 0.26720067 0.2675 0.26750086 -0.9201848 -0.93987594 -0.9399997 -0.93999996 -0.93999958 -1.4902179 -1.15125 -1.15125 -1.15125 -1.15125
-0.70500424 -0.2 -0.68254429 0.10875 0.56 0.01375 0.135 0.23625 -0.19375 -0.19375 0.2925 -0.1175 -0.44375006 -0.065 -0.33999918 -0.34 -0.33625 -0.59875 -0.7525 -0.7525 -1.189181 -1.18125 -1.18125 -0.96124999 -0.65875 -0.65875 -0.955 -0.955 -0.10376646 -0.1040531 0.31283655 -0.22 -0.22 -0.18875 -0.18875 -0.72354802 -0.5125 -0.5125 -1.2312251 0.26749791 0.2675 0.2675 0.26750331 -0.93999707 -0.94 -0.94 -0.94 -0.94000041 -1.6225 -1.1513434 -1.15125 -1.15125 -1.15125
-0.705 -1.02875 -0.485 -0.9075 -1.1237376 -0.4275 -0.15875 -0.52749999 -0.36 -0.43 -0.43 -0.70125 -0.44375 -0.44375 -0.34071182 -0.45953685 -0.47125 -0.45 -0.69875006 -0.7525 -1.0189233 -0.97 -1.3025 -0.80625 -0.80625295 -1.035 -1.06875 -1.06875 -0.38526008 -0.38624999 0.315 -0.096308037 -0.14125 -0.18875 -0.20126368 -0.9 -0.9 -1.23125 -1.23125 0.2675 0.2675 0.26750001 -0.41210269 -0.41375003 -0.94 -0.94 -0.94 -1.622474 -1.6225 -1.6225 -1.15125 -1.15125 -1.15125
-1.0268536 -1.02875 -0.9825 -0.65375 -0.41125 -0.63375 -0.31 0.2125 0.12125 0.14816352 -0.13375 -0.42125 -0.42125 -0.65875 -0.6587473 -0.81404194 -0.815 -0.815 -0.48797207 -1.495 -1.54625 -1.54625 -1.0825 -1.2158016 -1.011948 -1.035 -0.96 -1.06875 -0.71705564 -0.715 -0.08375 0.45375 0.16981381 -0.67625 -0.6275 -0.69625 -0.67875 -0.51125 -0.70990823 0.26920739 0.65 -0.2425 -0.41374999 -0.41375 -0.41671202 -0.94 -1.12 -1.6225 -1.6225 -1.6225 -1.6225 -1.1489155 -0.94875
-1.01625 -1.01625 -0.76875 -0.62375 -0.3 -0.2725 -0.22875 -0.205 0.23875 0.15497036 -0.16375 -0.15125 -0.65875 -0.65875 -0.37125 -0.37733623 -0.815 -0.815007 -0.865 -1.495 -1.495 -1.5016027 -1.0825 -1.3087457 -1.30875 -1.30875 -0.96 -0.60625 -0.60625 -0.715 -0.715 0.45268078 -0.11 -0.67625 -0.56125 -0.69625 -0.67875 -1.1875 -0.71 0.30207706 -0.24249996 -0.30540687 -0.41375 -0.41375 -0.41375 -1.12 -1.12 -1.12 -1.6225 -1.6225 -1.1325 -1.1325 -1.1324999
-1.01625 -1.01625 -1.28375 -1.05625 -0.94625 -0.49125 -0.69374999 -0.07266099 -0.36625 -0.34375 -0.23 -0.31875 -0.15147374 -0.37125 -0.37125 -0.37128475 -0.6725 -0.6826033 -0.865 -0.555 -0.555 -0.82875 -0.82875 -1.30875 -1.30875 -1.30875 -0.60625 -0.60625 -0.60625 -0.93625 -0.93625 -0.93624864 -0.61 -0.61 -0.6525 -1.06375 -0.68 -0.67874895 -1.01625 0.31875 0.31875 -0.2912504 -0.41375 -0.41375 -0.64500011 -0.845 -0.65202418 -0.65 -0.90125 -0.90125 -1.1325 -1.1325 -1.1325
-1.01625 -1.1316997 -1.1866676 -1.2337406 -1.0225 -1.1525 -0.69375 -0.0725 -0.36624755 -0.34399927 -0.31875003 -0.31875 -0.33125 -0.37125 -0.37125 -0.67249999 -0.6725 -0.67251096 -0.865 -0.555 -0.60875893 -0.82875 -0.82875 -1.3087303 -1.30875 -1.2072578 -1 -1 -0.99999995 -0.93625 -0.93625 -0.91375 -0.91375 -0.61000012 -0.6525 -0.38875026 -0.65995554 -0.67875 -0.67875 0.31874998 -0.29125 -0.29125 -0.29125258 -0.645 -0.645 -0.845 -0.65 -0.65 -0.90125 -0.90125 -1.1325 -1.1325 -1.1325
-0.27875 -0.21220974 -0.12378506 -0.13179087 -1.0225006 -1.1524969 -0.69375001 -0.080147235 -0.34600762 -0.36566246 -0.33125 -0.33125 -0.33125 -0.33125 -0.37124433 -0.6725 -0.6725 -0.67498548 -0.865 -0.55495604 -0.39625 -0.39625 -0.39625 -0.39625 -1.2930557 -1 -1 -1 -1 -0.99989505 -0.91375 -0.91375 -0.91375 -0.91375 -0.38875 -0.38875 -0.38875 -0.66462276 -0.67501351 -0.18125 -0.18125 -0.29124408 -0.41250796 -0.64497761 -0.645 -0.845 -0.65 -0.65 -0.90125 -0.90125 -1.131661 -1.1325 -0.89613037
-0.27875 -0.12375 -0.12375 -0.12375 -0.12375 -0.12375043 -0.69492426 -0.39983574 -0.29200284 -0.33128712 -0.33125 -0.33125 -0.33125 -0.33125 -0.33125003 -0.6725 -0.67250003 -0.68570419 -0.8649958 -0.39625 -0.39625 -0.39625 -0.39625 -0.39625 -0.40135932 -0.82108136 -0.75500005 -0.755 -0.755 -0.755 -0.91375 -0.91375 -0.91374998 -0.8975 -0.8975 -0.38875 -0.25628888 -0.2525 -0.18125004 -0.18125 -0.18125 -0.18125 -0.4125 -0.4125 -0.4125 -0.41550981 -0.6649429 -0.665 -0.665 -0.665 -0.665 0.24874972 0.24875
0.02625 -0.12375 -0.12375 -0.12375 -0.12375 -0.12375 -0.12375004 -0.49472705 -0.37687576 -0.3775 -0.3775 -0.3775 -0.3775 -0.3775 -0.3775 -0.35181738 -0.66741904 -0.69885959 -0.39630887 -0.39625 -0.39625 -0.39625 -0.39625 -0.39625011 -0.6325 -0.6325 -0.63250017 -0.755 -0.755 -0.75537295 -0.94125 -0.94125 -0.8975 -0.8975 -0.8975 -0.35582196 -0.2525 -0.2525 -0.2525 -0.18125 -0.18125 -0.18125 -0.4125 -0.4125 -0.4125 -0.4125 -0.665 -0.665 -0.665 -0.665 -0.665 0.24875 0.24875
0.02625 -0.029593296 -0.12375 -0.12375 -0.12375 -0.12375 -0.36120339 -0.36125 -0.36125 -0.3775 -0.3775 -0.3775 -0.3775 -0.3775 -0.37170907 -0.35125 -0.35125 -0.35125 -0.48846813 -0.48874991 -0.48875 -0.48875 -0.48875 -0.48875 -0.6325 -0.6325 -0.6325 -0.6325 -0.755 -0.94125 -0.94125 -0.94125 -0.8975 -0.8975 -0.8975 -0.20875 -0.25244207 -0.2525 -0.2525 -0.18129833 -0.27773255 -0.50278612 -0.4125 -0.4125 -0.46109955 -0.46125 -0.46125 -0.66401822 -0.069587992 -0.067500052 -0.067500113 0.19375826 0.24874989
0.026250001 -0.094176231 -0.11046629 -0.12375 -0.12375 -0.36110967 -0.36125 -0.36125 -0.36125 -0.3613671 -0.3775 -0.3775 -0.3775 -0.3775 -0.35125 -0.35125 -0.35125 -0.35125 -0.48862717 -0.48875 -0.48875 -0.48875 -0.48875 -0.48875 -0.6325 -0.6325 -0.6325 -0.6325 -0.63362303 -0.94125 -0.94125 -0.94125 -0.47750001 -0.8974198 -0.20875 -0.20875 -0.20875 -0.21438695 -0.48785135 -0.50375 -0.50375 -0.50375 -0.3825 -0.3825 -0.46125 -0.46125 -0.46125 -0.067500005 -0.0675 -0.0675 -0.0675 0.19375 0.19375
-0.097276515 -0.0975 -0.0975 -0.097500001 -0.19625 -0.36124574 -0.36125 -0.36125 -0.36125 -0.36125 -0.35573389 -0.37749625 -0.37749999 -0.35125 -0.35125 -0.35125 -0.35125 -0.35125 -0.39493497 -0.48875 -0.48875 -0.48875 -0.48875 -0.48875 -0.46378063 -0.31375173 -0.31375 -0.31375 -0.31375 -0.94124998 -0.47750001 -0.4775 -0.4775 -0.4775 -0.20875 -0.2087635 -0.72125 -0.72125 -0.50646581 -0.50375 -0.50375 -0.50375 -0.3825 -0.3825 -0.44905679 -0.46125 -0.46125 -0.0675 -0.0675 -0.0675 -0.064698721 0.19375 0.19375
-0.0975 -0.0975 -0.0975 -0.14400285 -0.19625 -0.19625 -0.36125 -0.36125 -0.36125 -0.36125 -0.09 -0.09 -0.09 -0.35125 -0.35125 -0.35125 -0.35125 -0.35127499 -0.8725 -0.8725 -0.48875016 -0.48875 -0.49024118 -0.55 -0.54787314 -0.31375 -0.31375 -0.31375 -0.31375 -0.47748333 -0.4775 -0.4775 -0.4775 -0.4775 -0.7212482 -0.72125 -0.72125 -0.72125 -0.72045571 -0.50375 -0.50375 -0.50375 -0.3825 -0.3825 -0.3825 -0.46125 -0.46125 -0.067500003 -0.0675 -0.0675 0.19375 0.19375 0.19375
-0.0975 -0.0975 -0.0975 -0.19625 -0.19625 -0.19625 -0.19625025 -0.36125 -0.36125 -0.090280008 -0.09 -0.09 -0.09 -0.090162773 -0.47367514 -0.5025 -0.5025 -0.5025 -0.8725 -0.8725 -0.8725 -0.55 -0.55 -0.55 -0.54992647 -0.29998124 -0.31375 -0.31375 -0.31375 -0.20639195 -0.14878233 -0.14875 -0.14875 -0.14875 -0.50872904 -0.21125116 -0.21125 -0.21125 -0.21125 -0.21503951 -0.215 -0.215 -0.3825 -0.3825 0.27499726 0.27499992 0.0475 0.0475 0.0875 0.0875 0.0875 0.19375 0.40980665
-0.097499492 -0.0975 -0.097500004 -0.19625 -0.19625 -0.19625 -0.19625 -0.32250001 -0.36109506 -0.089995466 -0.09 -0.09 -0.09 -0.090809439 -0.5025 -0.5025 -0.5025 -0.50250011 -0.8725 -0.8725 -0.8725 -0.55 -0.55 -0.55 -0.2875 -0.2875 -0.3525 -0.3525 -0.3525 -0.35138848 -0.14875 -0.14875 -0.14875 -0.14875 -0.17998289 -0.21125 -0.21125 -0.21125 -0.21125 -0.215 -0.215 -0.215 -0.19958273 0.275 0.275 0.275 0.0475 0.0475 0.0875 0.0875 0.0875 0.40999999 0.41
0.06625 -0.022207201 -0.415 -0.41493654 -0.19625 -0.32176952 -0.3225 -0.3225 -0.27831909 -0.085000003 -0.085 -0.085 -0.085 -0.61748267 -0.6175 -0.50250009 -0.5025 -0.51224896 -0.8725 -0.8725 -0.8725 -0.8425 -0.8425 -0.8425 -0.2875 -0.2875 -0.3525 -0.3525 -0.3525 -0.35249988 -0.19124973 -0.19124988 -0.14981817 -0.14879556 -0.53580584 -0.53625 -0.53625 -0.53625 -0.53625 -0.215 -0.215 -0.215 0.24801879 0.275 0.275 0.27499992 0.0475 0.0475 0.04750144 0.0875 0.087505366 0.2075 0.41
-0.26243757 -0.26250003 -0.415 -0.415 -0.415 -0.3225 -0.3225 -0.3225 -0.20125 -0.20125 -0.085 -0.085 -0.085 -0.6175 -0.6175 -0.6175 -0.6175 -0.61752786 -0.8725 -0.8725 -0.8725 -0.8425 -0.8425 -0.8425 -0.2875 -0.2875 -0.3525 -0.3525 -0.3525 -0.19306811 -0.19125 -0.19125 -0.19125 -0.19125 -0.53607976 -0.53625 -0.53625 -0.53625 -0.53625 -0.63499989 -0.635 -0.635 -0.635 0.27499634 -0.2025 -0.2025 -0.2025 0.0675 0.0675 0.0675 0.2075 0.2075 0.2075
-0.2625 -0.2625 -0.415 -0.415 -0.415 -0.3229862 -0.3225 -0.20125 -0.20125 -0.20125 -0.08501431 -0.085 -0.60898123 -0.61750002 -0.6175 -0.6175 -0.6175 -0.87 -0.87 -0.87 -0.98125 -0.9812499 -0.84250068 -0.8425 -0.84237826 -0.9 -0.9 -0.89999869 -0.35258848 -0.11376544 -0.11375041 -0.11376353 -0.19111754 -0.19118312 -0.4747542 -0.53625004 -0.53661863 -0.64625 -0.64625 -0.635 -0.635 -0.635 -0.635 -0.2025 -0.2025 -0.2025 -0.2025 0.0675 0.0675 0.0675 0.2075 0.2075 0.2075
-0.2625 -0.2625 -0.415 -0.415 -0.415 -0.415 -0.27711967 -0.20125 -0.20125 -0.20125 -0.20154 -0.72625 -0.72625 -0.72625 -0.61814089 -0.6175 -0.8683174 -0.87 -0.87 -0.87 -0.98125 -0.98125 -0.98125 -0.98125 -0.9 -0.9 -0.9 -0.9 -0.9 -0.11375 -0.11375 -0.11375 -0.11375 -0.11375038 -0.2925 -0.64625 -0.64625 -0.64625 -0.64625 -0.64625059 -0.83375 -0.83375 -0.83375 -0.70643023 -0.4425 -0.4425 -0.4425 0.067499985 0.067499867 -0.07 -0.07 0.13001885 0.13
-0.2625 -0.2625 -0.35995821 -0.415 -0.415 -0.41500002 -1.1982277 -0.20439751 -0.20125 -0.20125 -0.72625006 -0.72625 -0.72625 -0.72625 -0.72625 -0.7173575 -0.87 -0.87 -0.87 -0.87 -0.98124914 -0.98125 -0.98125 -0.98125 -0.9 -0.9 -0.9 -0.9 -0.9 -0.47860973 -0.11375 -0.11375 -0.11375 -0.2925 -0.2925 -0.2927747 -0.64625 -0.64625 -0.58293742 -0.53375001 -0.83375 -0.83375 -0.83375 -0.70749539 -0.4425 -0.4425 -0.4425 -0.185 -0.071432889 -0.07 -0.07 0.13 0.13
-1.02 -1.02 -1.02 -0.56669013 -0.41657009 -1.2 -1.2 -1.2 -1.2 -1.03375 -1.03375 -0.72625002 -0.72625 -0.72625 -0.72625 -0.72625912 -0.87 -0.87 -0.87 -0.87 -0.93270411 -0.98125 -0.98125 -0.97235206 -0.65277185 -0.9 -0.9 -0.9 -0.6075 -0.6075 -0.6075 -0.60749793 -0.2925 -0.2925 -0.2925 -0.2925 -0.53375 -0.53375 -0.53375 -0.53375 -0.77625 -0.77625 -0.77625 -0.28500988 -0.285 -0.285 -0.28500005 -0.185 -0.185 -0.070140121 -0.07 0.12999926 0.13
-1.02 -1.02 -1.02 -1.0200252 -1.4875 -1.4456928 -1.2 -1.2 -1.2 -1.03375 -1.03375 -1.03375 -0.99624999 -0.99625 -0.99625 -0.99625 -0.87016257 -0.87 -0.87 -0.87 -0.87166838 -0.64125093 -0.64125 -0.64125 -0.64125 -0.64125001 -0.81625 -0.81625 -0.6075 -0.6075 -0.6075 -0.6075 -0.2925001 -0.2925 -0.2925 -0.29251079 -0.53374999 -0.53375 -0.53375 -0.5329165 -0.77625 -0.77625 -0.77625 -0.28502278 -0.285 -0.285 -0.285 -0.185 -0.185 -0.18499998 -0.01625 -0.01625 0.29125
-1.02 -1.02 -1.02 -1.4874989 -1.4875 -1.4875 -1.2000001 -1.2 -1.2 -1.03375 -1.03375 -1.03375 -0.99625 -0.99625 -0.99625 -0.99339402 -0.95875 -0.95875 -0.95874977 -0.87050128 -0.64125 -0.64125 -0.64125 -0.64125 -0.64125 -0.6413817 -0.81625 -0.81625 -0.81625 -0.6075 -0.6075 -0.60737931 -0.425 -0.425 -0.425 -0.27125 -0.27125 -0.34375 -0.34375 -0.34375 0.05375 -0.77598965 -0.77624279 0.19 0.19 0.17199804 -0.28499858 -0.185 -0.185 -0.01625 -0.01625 -0.01625 0.29125
-1.02 -1.02 -1.02 -1.4875 -1.4875 -1.4875 -1.4875 -1.2 -1.2 -1.03375 -1.03375 -0.99774946 -0.99625 -0.99625 -0.99625 -0.95875 -0.95875 -0.95875 -0.95875 -0.95875 -0.64125 -0.64125 -0.64125 -0.64125 -0.64125 -0.8162494 -0.81625 -0.81625 -0.81625 -0.42 -0.42 -0.42 -0.425 -0.425 -0.425 -0.27125 -0.27125 -0.34375 -0.34375 0.05375 0.05375 0.05375 0.19 0.19 0.19 0.19 0.21392541 0.48125 0.48125 0.48125 -0.01624999 0.4975 0.4975
-1.02 -1.02 -1.020651 -1.4875 -1.4875 -1.4875 -1.4875 -1.2316468 -1.21875 -1.2184324 -1.03375 -0.99623985 -0.99625 -0.99625 -0.99624987 -0.95875 -0.95875 -0.95875 -0.95875 -0.95875 -0.96013455 -0.64125 -0.64125 -0.64125 -0.64129248 -0.81625176 -0.81625 -0.81625 -0.81625 -0.42 -0.42 -0.42 -0.4199983 -0.425 -0.27125 -0.27125 -0.27125 -0.27125272 -0.34372289 0.05375 0.05375 0.05375 0.18999173 0.19 0.19 0.19 0.48125042 0.48125 0.48125 0.48125 0.4975 0.4975 0.4975
-1.0275 -1.0275 -1.4872379 -1.4875 -1.4875 -1.4875 -1.2188072 -1.21875 -1.21875 -1.21875 -0.87500001 -0.875 -0.875 -0.875 -0.95836348 -0.95875 -0.95875 -0.95875 -0.95875 -0.97374999 -0.97375 -0.97375 -0.84749997 -0.8475 -0.8475 -0.8475 -0.84480272 -0.81625 -0.12377836 -0.12375 -0.12375 -0.12375 -0.12375 0.088749998 0.08875 0.08875 0.08875 0.08875 0.12125 0.12125 0.12125 0.12125 0.12125 0.52574313 0.52625 0.52625 0.52625 0.48125 0.48125 0.48125 0.49749744 0.4975 0.4975
-1.0275 -1.0275 -1.0255535 -0.79500139 -0.79500015 -0.79541357 -1.21875 -1.21875 -1.21875 -1.21875 -0.875 -0.875 -0.875 -0.875 -0.875 -0.95875 -0.95875 -0.95875 -0.97375 -0.97375 -0.97375 -0.97375 -0.8475 -0.8475 -0.8475 -0.8475 -0.8475 -0.84749266 -0.12373117 -0.12375 -0.12375 -0.12375 -0.12374244 0.15181781 0.088815304 0.08875 0.08875 0.088750002 0.12125 0.12125 0.12125 0.12125 0.12125 0.52625 0.52625 0.52625 0.52625 0.50520712 0.48125 0.77543081 0.77875 0.5075 0.5075
-1.0275 -1.0275 -0.79502945 -0.795 -0.795 -0.795 -0.90263071 -1.21875 -1.21875 -1.21875 -0.875 -0.875 -0.875 -0.875 -0.875 -0.95868567 -0.95875 -0.9737456 -0.97375 -0.97375 -0.97375 -0.97375 -0.89427013 -0.8475 -0.8475 -0.8475 -0.8475 -0.84695297 -0.075 -0.075 -0.075 -0.075 -0.075 0.2 0.2 0.2 0.2 0.2 0.33875 0.33875 0.33875 0.33875 0.33875 0.52632325 0.52625002 0.52625 0.52625509 0.52689825 0.77875 0.77875 0.77875 0.50750152 0.5075
-1.0274996 -0.83385046 -0.795 -0.795 -0.795 -0.795 -0.795 -1.2185696 -1.21875 -1.21875 -0.875 -0.875 -0.875 -0.875 -0.88722236 -0.8875 -0.8875 -0.97374778 -0.97375 -0.97375 -0.97375 -0.97375 -0.97375001 -0.8475 -0.8475 -0.8475 -0.8475 -0.27749983 -0.27749991 -0.23440308 -0.075 -0.075 -0.075 0.2 0.2 0.2 0.2 0.19997799 0.33875 0.33875 0.33875 0.33875 0.33876686 0.55625 0.55625 0.55625 0.55625 0.55626794 0.77875 0.77875 0.77875 0.77874994 0.67745952
-0.83 -0.83 -0.80075339 -0.795 -0.795 -0.795 -0.795 -0.795 -1.2185683 -0.81875001 -0.81875 -0.81875 -0.81888349 -0.88749998 -0.8875 -0.8875 -0.8875 -0.8875 -0.97375075 -0.98016078 -1.03625 -1.03625 -1.03625 -0.98759207 -0.83569463 -0.77252636 -0.71898335 -0.2775 -0.2775 -0.2775 -0.2775 -0.2775 -0.26885747 0.16379627 0.1675 0.1675 0.1675 0.1675 0.38007772 0.5587496 0.55875 0.55875 0.55875 0.51125013 0.55624999 0.55625 0.55625 0.74375 0.77874944 0.77875 0.77875 0.68 0.68
