interpolatedSpi/02-09|22_2.tif
NCOLS 53
NROWS 52
XLLCORNER -116.03883
YLLCORNER 28.596182
DX 0.49850594
DY 0.49788537
NODATA_VALUE -9999
[rows 0 to 33 of 52, columns 0 to 52 of 53]
0.04125 0.04125 -0.31202136 -0.45375 0.1525 0.08625 -0.02 -0.02875 -0.31897223 -0.23 -0.3275 0.00875 -0.071229723 0.175 0.1725 0.1725 0.1725 0.49625 0.36875 0.36875 0.36875 0.36874527 -0.1225 0.26375 0.26375 0.26375 0.13124703 0.13125 0.13125 -0.10125 -0.10125 -0.10125 -0.10125 -0.0037500195 -0.00375 -0.00375 -0.00375 -0.00375 -0.00375 -0.0037499955 0.15701915 0.15864356 -0.26 -0.26 -0.26 -0.26 -0.26022867 -0.4 -0.4 -0.4 0.47999817 0.48 0.48
0.041214955 -0.7475 -0.36874991 -0.28494978 -0.068745867 0.00875 -0.13125 0.04098685 -0.085 -0.315 -0.10875 -0.07125 -0.07125 0.27715822 0.17500122 0.1725 0.49625 0.49625 0.36891624 0.36875 0.36875 0.36875 0.25592023 0.26375 0.26375 0.26375 0.15625001 0.15625 -0.10125 -0.10125 -0.10125 -0.10125 -0.10125 -0.0037500142 -0.00375 -0.00375 -0.00375 -0.00375 -0.0037499424 0.17093372 1.0586877 -0.099980347 -0.26 -0.26 -0.26 -0.26 -0.26 -0.4 -0.4 -0.4 -0.32702956 0.48 0.48
-0.056240897 -0.05625 -0.2875 0.0975 -0.2975 -0.4825 -0.2425 -0.105 -0.69625 -0.0575 -0.1625 -0.2525 -0.21375 0.4325 0.2775 -0.095 0.49625 0.49625 0.49625 0.21629433 0.21625 0.21625 0.115 0.26375 0.26375 0.26375 0.15625 0.15625 0.15625 -0.10125 -0.10125 -0.10124999 -0.034455741 -0.0021410061 0.0035683082 0.77529522 0.7825 0.7825 0.81724497 1.05875 1.05875 1.0570637 -0.26 -0.26 -0.26 -0.26 -0.26 -0.4 -0.4 -0.4 -0.4 0.48 0.48
-0.415 -0.056250005 -0.082547488 0.72125 -0.62875 -0.20625 -0.28 -0.52625 -0.14125 0.076269775 -0.05375 0.04 -0.0325 0.4325 -0.30125 -0.095 -0.69661161 -0.70041096 -0.7175 0.21625 0.21625 -0.42875 0.115 0.115 0.26375 0.26374946 0.15625 0.15625 0.15625 -0.35125 -0.13795153 0.0375 0.0375 0.037500587 0.7825 0.7825 0.7825 0.7825 1.05875 1.05875 1.05875 1.05875 -0.26 -0.26 -0.26 -0.26 -0.26 -0.39999823 -0.4 -0.4 -0.4 0.47999686 0.48
-0.415 0.42249907 -0.0825 -0.063395423 -0.62875 -0.49 -0.20125959 0.2475 -0.22625 0.44749969 0.16753097 0.036233528 -0.07875 -0.30125 -0.30125 -0.17277349 -0.70125 -0.70125 -0.7175 -0.7175 0.21624869 -0.42875 0.44 0.17375 0.00625 0.0063701879 0.15625 0.15625 -0.35125 -0.35125 0.0375 0.0375 0.0375 0.097843557 0.7825 0.7825 0.7825 1.05875 1.05875 1.05875 1.05875 1.0587478 -0.25999998 -0.26 -0.26 -0.26 -0.26 -0.26124617 -0.4 -0.39996486 0.38375 0.38375 0.38375
-1.91875 -0.28125 -0.13625 -0.01875 -0.60625 -0.345 -0.3725 -0.29312224 -0.09125 -0.5675 -0.88625 -0.22125 -0.22124991 -0.21125 -0.21125 -0.41122586 -0.41125 -0.4675 -0.4675 -0.71749946 -0.6325 -0.6325 0.17375 0.00625 0.00625 0.52 0.37125 0.37125 0.41617968 -0.35125 0.0375 0.0375 0.3575 0.35755825 0.91496011 1.0475 1.0475 1.0552696 1.05875 1.05875 1.0362781 1.03625 1.0362522 0.31712902 0.32743507 0.32749984 0.32749998 0.32749978 0.50833446 0.38375 0.38375 0.38375 0.38375
-1.0862561 -0.82625 -0.57131074 -0.41125 -0.34375 -0.82875 -0.3125 -0.27625 -0.2975 -0.2975 -0.88625 -0.2225 -0.83374986 -0.21125 -0.3112497 -0.31125 -0.41125 -0.16 -0.1 -0.1 -0.62425286 -0.615 -0.615 0.36999999 0.52 0.52 0.37125 0.37125 0.41622246 0.41574305 0.74128262 0.3575 0.3575 0.915 0.915 1.1332808 1.0475 1.0475 1.2874917 1.0362503 1.03625 1.03625 1.036262 0.32750402 0.3275 0.3275 0.3275 0.32750014 0.56125 0.38378518 0.38375 0.38375 0.38375
-1.08625 -0.11 -0.225 -1.16625 -0.85626777 -0.76 -0.67625 -0.20000001 -0.4775 -0.415 -0.415 -0.305 -0.83375 -0.83375 -0.31483483 -0.63570717 -0.6675 -0.01625 -0.59749949 -0.1 0.10353217 0.18875 -0.6275 0.2575 0.25749621 -0.03625 0.17625 0.17625007 -0.054594294 -0.056249983 0.74375 0.18057223 0.545 0.915 0.92081119 1.205 1.205 1.2875 1.2875 1.03625 1.03625 1.03625 1.0495777 1.0475 0.3275 0.3275 0.3275 0.5612411 0.56125 0.56125 0.38375 0.38375 0.38375
-0.27442172 -0.11 0.15125 -0.325 -0.72 -0.715 -0.3675 -0.05125 -0.21875 -0.19183648 -0.32 -0.40375 -0.40375 0.14875 0.14874223 -0.8370262 -0.8375 -0.8375 -0.10497871 -0.67625003 -0.815 -0.81499999 0.59875 -0.14425503 -0.006647756 -0.03625 0.25875 0.17625 0.69819922 0.70125 0.07875 1.05 0.711292 0.5025 1.11875 1.10875 1.54125 0.715 1.6608131 1.0403846 1.9625 1.38125 1.0475379 1.0475 1.0434475 0.3275 0.68874998 0.56125 0.56125 0.56125 0.56125 0.39448877 0.25125
-1.19375 -1.19375 0.045 -0.26 -0.56875 -0.4725 -0.53375 -0.64375 -0.3975 -0.18507935 -0.31625 0.5175 0.14875 0.14875 -0.6775 -0.67969447 -0.8375 -0.83743 -0.5325 -0.67625 -0.67625 -0.69412566 0.59875 0.51625156 0.51625 0.51625 0.25875 0.53 0.53 0.70125 0.70125 1.0487245 0.3775 0.5025 0.77625 1.10875 1.54125 1.30625 1.66125 0.97013537 1.38125 1.3440569 1.28 1.0475 1.0475 0.68875 0.68875 0.68875 0.56125 0.56125 0.47 0.47 0.46999992
-1.19375 -1.19375 -0.36 -0.665 -0.835 -0.4375 -0.80374999 -0.1264785 -0.07625 -0.32125 -0.2925 -0.61625 0.5159901 -0.6775 -0.6775 -0.67748039 -0.5075 -0.50881212 -0.5325 -0.53375 -0.53375 -0.67375 -0.67375 0.51625 0.51625 0.51625 0.53 0.53 0.53 -0.1375 -0.1375 -0.13749915 0.56125 0.56125 0.53125 0.2175 1.24 1.0475011 1.19125 0.95875 0.95875 0.69750191 1.28 1.0475 0.84499982 0.54875 0.91651483 0.9175 1.01375 1.01375 0.47 0.47 0.47
-1.19375 -0.83378765 -0.49015438 -0.69249238 -0.10125 -0.5975 -0.80375 -0.12625 -0.076250418 -0.3185357 -0.61624962 -0.61625 -0.515 -0.6775 -0.6775 -0.50750001 -0.5075 -0.50750142 -0.5325 -0.53375 -0.56124315 -0.67375 -0.67375 0.51620225 0.51625 0.34572673 -0.0025 -0.0025 -0.0024999332 -0.1375 -0.1375 -0.14625 -0.14625 0.56124992 0.53125 0.67875004 1.2295766 1.0475 1.0475 0.95874999 0.6975 0.6975 0.69750116 0.845 0.845 0.54875 0.9175 0.9175 1.01375 1.01375 0.47 0.47 0.47
0.1025 -0.035589647 -0.0037742853 -0.0087330559 -0.10125272 -0.59748828 -0.80374999 -0.13458963 -0.079695511 -0.082647603 -0.515 -0.515 -0.515 -0.515 -0.67747698 -0.5075 -0.5075 -0.50782279 -0.5325 -0.53374313 -0.51 -0.51 -0.51 -0.51 0.4984542 -0.0025 -0.0025 -0.0025 -0.0025 -0.0026236939 -0.14625 -0.14625 -0.14625 -0.14625 0.67875 0.67875 0.67875 1.0298688 1.0426933 0.4075 0.4075 0.6974844 0.5587598 0.84497243 0.845 0.54875 0.9175 0.9175 1.01375 1.01375 0.47197267 0.47 0.79509264
0.1025 -0.00375 -0.00375 -0.00375 -0.00375 -0.0037502469 -0.80322195 -0.48317571 -0.088887866 -0.51453356 -0.515 -0.515 -0.515 -0.515 -0.5149998 -0.5075 -0.5075 -0.50921483 -0.53249958 -0.51 -0.51 -0.51 -0.51 -0.51 -0.50070282 -0.10530046 -0.16499997 -0.165 -0.165 -0.165 -0.14625 -0.14625 -0.14625006 -0.2 -0.2 0.67875 0.26313804 0.25125 0.40749991 0.4075 0.4075 0.4075 0.55875 0.55875 0.55875 0.55868041 0.90127914 0.90125 0.90125 0.90125 0.90125 0.82249993 0.8225
0.2225 -0.00375 -0.00375 -0.00375 -0.00375 -0.00375 -0.0037500505 -0.55425756 -0.23056359 -0.23125 -0.23125 -0.23125 -0.23125 -0.23125 -0.23125 0.051616289 -0.49853595 -0.51092323 -0.51000282 -0.51 -0.51 -0.51 -0.51 -0.50999929 -0.08 -0.08 -0.08000012 -0.165 -0.165 -0.16510263 -0.21625 -0.21625 -0.2 -0.2 -0.2 0.17896466 0.25125 0.25125 0.25125 0.4075 0.4075 0.4075 0.55875 0.55875 0.55875 0.55875 0.90124998 0.90125 0.90125 0.90125 0.90125 0.8225 0.8225
0.2225 0.1382697 -0.00375 -0.00375 -0.00375 -0.00375 -0.32993597 -0.33 -0.33 -0.23125 -0.23125 -0.23125 -0.23125 -0.23125 -0.16754973 0.0575 0.0575 0.0575 0.09814256 0.099999378 0.1 0.1 0.1 0.1 -0.08 -0.08 -0.08 -0.08 -0.165 -0.21625 -0.21625 -0.21625 -0.2 -0.2 -0.2 0.2425 0.25123841 0.25125 0.25125 0.40740576 0.21939642 -0.2193708 0.55875 0.55875 -0.040644507 -0.0425 -0.0425 0.89941293 -0.21109921 -0.2149999 -0.21499979 0.078862503 0.82249849
0.2225 -0.23122771 -0.12520105 -0.00375 -0.00375 -0.32980724 -0.33 -0.33 -0.33 -0.32928838 -0.23125 -0.23125 -0.23125 -0.23124997 0.0575 0.0575 0.0575 0.0575 0.099962036 0.1 0.1 0.1 0.1 0.1 -0.079999996 -0.08 -0.08 -0.08 -0.080495591 -0.21625 -0.21625 -0.21625 -0.13125 -0.19995333 0.2425 0.2425 0.2425 0.2400548 -0.19133037 -0.22125 -0.22125 -0.22125 -0.25875 -0.25875 -0.0425 -0.0425 -0.0425 -0.215 -0.215 -0.215 -0.215 0.07875 0.07875
-0.24338639 -0.24375 -0.24375 -0.24375 -0.5325 -0.33000522 -0.33 -0.33 -0.33 -0.33 -0.19576183 -0.23124389 -0.23124999 0.0575 0.0575 0.0575 0.0575 0.0575 0.049942119 0.1 0.1 0.1 0.1 0.1 -0.19842757 -0.54249749 -0.5425 -0.5425 -0.5425 -0.21625 -0.13125 -0.13125 -0.13125 -0.13125 0.2425 0.24249414 0.02 0.02 -0.21823763 -0.22125 -0.22125 -0.22125 -0.25875 -0.25875 -0.075982946 -0.0425 -0.0425 -0.215 -0.215 -0.215 -0.21185024 0.07875 0.07875
-0.24375 -0.24375 -0.24375 -0.37972668 -0.5325 -0.5325 -0.33 -0.33 -0.33 -0.33 0.2375 0.2375 0.2375 0.0575 0.0575 0.0575 0.0575 0.057498967 -0.115 -0.115 0.099999913 0.1 0.090809464 -0.2775 -0.27988568 -0.5425 -0.5425 -0.5425 -0.5425 -0.13129188 -0.13125 -0.13125 -0.13125 -0.13125 0.020000782 0.02 0.02 0.02 0.019127783 -0.22125 -0.22125 -0.22125 -0.25875 -0.25875 -0.25875 -0.0425 -0.0425 -0.21499999 -0.215 -0.215 0.07875 0.07875 0.07875
-0.24375 -0.24375 -0.24375 -0.5325 -0.5325 -0.5325 -0.53249969 -0.33 -0.33 0.23691418 0.2375 0.2375 0.2375 0.23738785 0.05244111 0.05125 0.05125 0.051249999 -0.115 -0.115 -0.115 -0.2775 -0.2775 -0.2775 -0.27752941 -0.45857611 -0.5425 -0.5425 -0.5425 -0.3999431 -0.44996865 -0.45 -0.45 -0.45 -0.15190111 -0.39249906 -0.3925 -0.3925 -0.3925 -0.55870382 -0.55875 -0.55875 -0.25875 -0.25875 -0.24250007 -0.2424999 0.0325 0.0325 -0.1175 -0.1175 -0.1175 0.07875 0.13120306
-0.24375053 -0.24375 -0.24375001 -0.5325 -0.5325 -0.5325 -0.5325 -0.89624984 -0.33226409 0.23702621 0.2375 0.2375 0.2375 0.23713453 0.05125 0.05125 0.05125 0.051249952 -0.115 -0.115 -0.115 -0.2775 -0.2775 -0.2775 -0.3825 -0.3825 -0.51375 -0.51375 -0.51375 -0.51340222 -0.45 -0.45 -0.45 -0.45 -0.42126587 -0.3925 -0.3925 -0.3925 -0.3925 -0.55875 -0.55875 -0.55875 -0.54879957 -0.2425 -0.2425 -0.2425 0.0325 0.0325 -0.1175 -0.1175 -0.1175 0.13124999 0.13125
-0.41375 -0.34331747 -0.65375 -0.65371482 -0.5325 -0.89414535 -0.89625 -0.89625 -0.776916 -0.28500001 -0.285 -0.285 -0.285 0.053738973 0.05375 0.051250002 0.05125 0.046869557 -0.115 -0.115 -0.115 -0.46125 -0.46125 -0.46125 -0.3825 -0.3825 -0.51375 -0.51375 -0.51375 -0.5137503 -0.93124694 -0.93124865 -0.4620955 -0.45051593 -0.92320768 -0.92375 -0.92375 -0.92375 -0.92375 -0.55875 -0.55875 -0.55875 -0.25991382 -0.2425 -0.2425 -0.24250001 0.0325 0.0325 0.0324946 -0.1175 -0.11749519 -0.01 0.13125
-0.50123338 -0.50125003 -0.65375 -0.65375 -0.65375 -0.89625 -0.89625 -0.89625 -0.56875 -0.56875 -0.285 -0.285 -0.285 0.05375 0.05375 0.05375 0.05375 0.053731264 -0.115 -0.115 -0.11500001 -0.46125 -0.46125 -0.46125 -0.3825 -0.3825 -0.51375 -0.51375 -0.51375 -0.92654266 -0.93125 -0.93125 -0.93125 -0.93125 -0.9237537 -0.92375 -0.92375 -0.92375 -0.92375 -0.71999996 -0.72 -0.72 -0.72 -0.24250031 -0.2825 -0.2825 -0.2825 0.02375 0.02375 0.02375 -0.01 -0.01 -0.01
-0.50125 -0.50125 -0.65375 -0.65375 -0.65375 -0.89497538 -0.89625 -0.56875 -0.56875 -0.56875 -0.28503493 -0.285 -0.36875528 0.053749899 0.05375 0.05375 0.05375 -0.2675 -0.2675 -0.2675 -0.4575 -0.4575 -0.46124998 -0.46125 -0.46140723 -0.76375 -0.76375 -0.7637494 -0.5137904 -1.0324798 -1.0324995 -1.0324823 -0.93142305 -0.93133738 -0.92515182 -0.92375013 -0.92487685 -1.26 -1.26 -0.72 -0.72 -0.72 -0.72 -0.2825 -0.2825 -0.2825 -0.2825 0.02375 0.02375 0.02375 -0.01 -0.01 -0.01
-0.50125 -0.50125 -0.65375 -0.65375 -0.65375 -0.65375 -0.77367632 -0.56875 -0.56875 -0.56875 -0.56864988 -0.3875 -0.3875 -0.3875 0.051149612 0.05375 -0.26535927 -0.2675 -0.2675 -0.2675 -0.4575 -0.4575 -0.4575 -0.4575 -0.76375 -0.76375 -0.76375 -0.76375 -0.76375 -1.0325 -1.0325 -1.0325 -1.0325 -1.0325 -1.04375 -1.26 -1.26 -1.26 -1.26 -1.2599979 -0.66625 -0.66625 -0.66625 -0.54543995 -0.295 -0.295 -0.295 0.023749991 0.023749707 -0.27875 -0.27875 0.1737053 0.17375
-0.50125 -0.50125 -0.59870821 -0.65375 -0.65375 -0.65375 -0.69352819 -0.56914393 -0.56875 -0.56875 -0.38750001 -0.3875 -0.3875 -0.3875 -0.3875 -0.35131431 -0.2675 -0.2675 -0.2675 -0.2675 -0.45749853 -0.4575 -0.4575 -0.4575 -0.76375 -0.76375 -0.76375 -0.76375 -0.76375 -1.0916165 -1.0325 -1.0325 -1.0325 -1.04375 -1.04375 -1.0439179 -1.26 -1.26 -1.038406 -0.86625003 -0.66625 -0.66625 -0.66625 -0.54786588 -0.295 -0.295 -0.295 -0.64125 -0.28326671 -0.27875 -0.27875 0.17375 0.17375
-0.69125 -0.69125 -0.69125 -0.66315228 -0.65377261 -0.69375 -0.69375 -0.69375 -0.69375 -0.4275 -0.4275 -0.3875 -0.3875 -0.3875 -0.3875 -0.3874924 -0.2675 -0.2675 -0.2675 -0.2675 -0.37459016 -0.4575 -0.4575 -0.4509574 -0.23226918 -0.76375 -0.76375 -0.76375 -1.1125 -1.1125 -1.1125 -1.1124997 -1.04375 -1.04375 -1.04375 -1.04375 -0.86625 -0.86625 -0.86625 -0.86625 -0.5075 -0.5075 -0.5075 -0.54624922 -0.54625 -0.54625 -0.54624992 -0.64125 -0.64125 -0.27919169 -0.27875 0.17374888 0.17375
-0.69125 -0.69125 -0.69125 -0.69124879 -0.66875 -0.67238541 -0.69375 -0.69375 -0.69375 -0.4275 -0.4275 -0.4275 -0.50999999 -0.51 -0.51 -0.50999999 -0.26739925 -0.2675 -0.2675 -0.2675 -0.27036743 -0.20750069 -0.2075 -0.2075 -0.2075 -0.20750001 -0.51 -0.51 -1.1125 -1.1125 -1.1125 -1.1125 -1.0437499 -1.04375 -1.04375 -1.0437367 -0.86624999 -0.86625 -0.86625 -0.86511491 -0.5075 -0.5075 -0.5075 -0.5462482 -0.54625 -0.54625 -0.54625 -0.64125 -0.64125 -0.64124992 -0.0475 -0.0475 0.01625
-0.69125 -0.69125 -0.69125 -0.66875005 -0.66875 -0.66875 -0.69374999 -0.69375 -0.69375 -0.4275 -0.4275 -0.4275 -0.51 -0.51 -0.51 -0.48734253 -0.2125 -0.2125 -0.21250014 -0.26718935 -0.2075 -0.2075 -0.2075 -0.2075 -0.2075 -0.20772765 -0.51 -0.51 -0.51 -1.1125 -1.1125 -1.1123729 -0.88 -0.88 -0.88 -0.475 -0.475 -0.6075 -0.6075 -0.6075 -0.22875 -0.50741256 -0.50749853 -0.31 -0.31 -0.31895361 -0.54624954 -0.64125 -0.64125 -0.0475 -0.0475 -0.0475 0.01625
-0.69125 -0.69125 -0.69125 -0.66875 -0.66875 -0.66875 -0.66875 -0.69375 -0.69375 -0.4275 -0.4275 -0.50670119 -0.51 -0.51 -0.51 -0.2125 -0.2125 -0.2125 -0.2125 -0.2125 -0.2075 -0.2075 -0.2075 -0.2075 -0.2075 -0.50999897 -0.51 -0.51 -0.51 -0.915 -0.915 -0.915 -0.88 -0.88 -0.88 -0.475 -0.475 -0.6075 -0.6075 -0.22875 -0.22875 -0.22875 -0.31 -0.31 -0.31 -0.31 -0.27169881 0.15625 0.15625 0.15625 -0.04749999 0.4775 0.4775
-0.69125 -0.69125 -0.69121867 -0.66875 -0.66875 -0.66875 -0.66875 -0.74372093 -0.7475 -0.7469506 -0.4275 -0.50999592 -0.51 -0.51 -0.50999897 -0.2125 -0.2125 -0.2125 -0.2125 -0.2125 0.38107685 -0.2075 -0.2075 -0.2075 -0.20742843 -0.50996343 -0.51 -0.51 -0.51 -0.915 -0.915 -0.915 -0.91499502 -0.88 -0.475 -0.475 -0.475 -0.4750054 -0.60747417 -0.22875 -0.22875 -0.22875 -0.30999507 -0.31 -0.31 -0.31 0.15625002 0.15625 0.15625 0.15625 0.4775 0.4775 0.4775
-0.71 -0.70999997 -0.66876329 -0.66875 -0.66875 -0.66875 -0.74748324 -0.7475 -0.7475 -0.7475 -0.46125001 -0.46125 -0.46125 -0.46125 -0.21364808 -0.2125 -0.2125 -0.2125 -0.2125 0.40624963 0.40625 0.40625 0.13999994 0.14 0.14 0.14 0.08389664 -0.51 -0.92373305 -0.92375 -0.92375 -0.92375 -0.92375 -0.41 -0.41 -0.41 -0.41 -0.41 -0.065 -0.065 -0.065 -0.065 -0.065 0.16178774 0.1625 0.1625 0.1625 0.15625 0.15625 0.15625 0.47744939 0.4775 0.4775
-0.71 -0.71 -0.70828363 -0.50500033 -0.50500004 -0.50523651 -0.7475 -0.7475 -0.7475 -0.7475 -0.46125 -0.46125 -0.46125 -0.46125 -0.46125 -0.2125 -0.2125 -0.2125 0.40624984 0.40625 0.40625 0.40625 0.14 0.14 0.14 0.14 0.14 0.1398614 -0.92371814 -0.92375 -0.92375 -0.92375 -0.9237372 -0.49007485 -0.41008291 -0.41 -0.41 -0.41 -0.065 -0.065 -0.065 -0.065 -0.065000001 0.1625 0.1625 0.1625 0.1625 0.15957738 0.15625 0.40840498 0.41125 0.24875 0.24875
-0.71 -0.71 -0.50502597 -0.505 -0.505 -0.505 -0.56659398 -0.7475 -0.7475 -0.7475 -0.46125 -0.46125 -0.46125 -0.46125 -0.46125 -0.2126852 -0.2125 0.40606859 0.40625 0.40625 0.40625 0.40625 0.23863404 0.14 0.14 0.14 0.14 0.13930513 -0.84125 -0.84125 -0.84125 -0.84125 -0.84125 -0.55125 -0.55125 -0.55125 -0.55125 -0.55125 -0.38875 -0.38875 -0.38875 -0.38875 -0.38875 0.16266176 0.16250003 0.1625 0.16251123 0.16388708 0.41125 0.41125 0.41125 0.24875091 0.24875
