interpolatedSpi/02-02|21_3.tif
NCOLS 53
NROWS 52
XLLCORNER -116.03883
YLLCORNER 28.596182
DX 0.49850594
DY 0.49788537
NODATA_VALUE -9999
-0.85 -0.85 -0.74707692 -1.31 -1.76 -1.78 -1.35 -1.26 -1.5308546 -1.83 -1.27 -1.59 -2.1998403 -0.26 -1.24 -1.24 -1.24 -0.46 -1.01 -1.01 -1.01 -1.0100026 -1.28 -0.82 -0.82 -0.82 -0.88998165 -0.89 -0.89 -0.33 -0.33 -0.33 -0.33 -1.7499997 -1.75 -1.75 -1.75 -1.75 -1.75 -1.7499999 3.3451179 3.3988712 -1.03 -1.03 -1.03 -1.03 -1.0301307 -1.11 -1.11 -1.11 0.82999597 0.83 0.83 
-0.85001644 -1.22 -1.2600007 -1.5069901 -1.8202039 -1.09 -1.42 -2.5997321 -3.07 -2.19 -2.06 -2.2 -2.2 -1.8048316 -0.26002738 -1.24 -0.46 -0.46 -1.0092829 -1.01 -1.01 -1.01 -0.83105379 -0.82 -0.82 -0.82 -2.4299999 -2.43 -0.33 -0.33 -0.33 -0.33 -0.33 -1.7499998 -1.75 -1.75 -1.75 -1.75 -1.7499999 -1.5747089 -0.72003749 -0.99238395 -1.03 -1.03 -1.03 -1.03 -1.03 -1.11 -1.11 -1.11 -0.94913334 0.83 0.83 
-1.9299701 -1.93 -1.91 -1.37 -2.08 -2.46 -2.13 -2.71 -2.81 -3.25 -2.5 -2.79 -2.1 -2.85 -1.81 -2.11 -0.46 -0.46 -0.46 -1.6898023 -1.69 -1.69 -1.03 -0.82 -0.82 -0.82 -2.43 -2.43 -2.43 -0.33 -0.33 -0.33000011 -1.3987081 -1.748417 -1.7394821 -0.63035472 -0.62 -0.62 -0.63257736 -0.72 -0.72 -0.72039641 -1.03 -1.03 -1.03 -1.03 -1.03 -1.11 -1.11 -1.11 -1.11 0.83 0.83 
-1.26 -1.9299999 -1.2701026 -1.3 -1.55 -2.3 -2.49 -2.87 -2.53 -2.3200323 -2.02 -3.19 -3.4 -2.85 -2.64 -2.11 -2.6855624 -2.6884375 -2.26 -1.69 -1.69 -2.42 -1.03 -1.03 -0.82 -0.82000804 -2.43 -2.43 -2.43 -1.53 -2.0896513 -2.55 -2.55 -2.5499985 -0.62 -0.62 -0.62 -0.62 -0.72 -0.72 -0.72 -0.72000001 -1.03 -1.03 -1.03 -1.03 -1.03 -1.109999 -1.11 -1.11 -1.11 0.829935 0.83 
-1.26 -1.2100001 -1.27 -1.2912706 -1.55 -1.88 -2.4298966 -1.8 -2.22 -1.3700003 -2.9225473 -3.6599628 -3.4 -2.64 -2.64 -2.2944905 -2.69 -2.69 -2.26 -2.26 -1.6900014 -2.42 -0.79 -1.07 -1.19 -1.1896986 -2.43 -2.43 -1.53 -1.53 -2.55 -2.55 -2.55 -2.1539965 -0.62 -0.62 -0.62 -0.72 -0.72 -0.72 -0.72 -0.71993533 -1.03 -1.03 -1.03 -1.03 -1.03 -1.0307121 -1.11 -1.1100022 -1.16 -1.16 -1.16 
-1.14 -0.96 1.0699999 -0.65 -1.17 -0.3 -1.04 -1.1373018 -1.78 -1.91 -1.55 -1.93 -1.930001 -1.67 -1.67 -1.320041 -1.32 -1.19 -1.19 -2.2599989 -1.8 -1.8 -1.07 -1.19 -1.19 0.1 -1.27 -1.27 -0.41010268 -1.53 -2.55 -2.55 -0.45 -0.45010135 -1.4199303 -0.59 -0.59 -0.67978153 -0.72 -0.72 -0.050835634 -0.049999999 -0.049999642 -2.2186402 -2.2398663 -2.2399997 -2.24 -2.2399996 -2.5520786 -1.16 -1.16 -1.16 -1.16 
-0.33001391 -0.04 -0.54784938 0.75 1.18 -0.77 0.10000001 -0.77 -1.38 -1.38 -1.55 -1.29 -1.0599999 -1.67 -1.4900005 -1.49 -1.32 -0.64 -1.06 -1.06 -1.7622988 -1.72 -1.72 0.63999997 0.1 0.1 -1.27 -1.27 -0.41004254 -0.41078323 -1.1200582 -0.45 -0.45 -1.42 -1.42 -0.73705281 -0.59 -0.59 -0.030019411 -0.049999972 -0.05 -0.05 -0.050000826 -2.2399968 -2.24 -2.24 -2.24 -2.2400004 -2.84 -1.1603329 -1.16 -1.16 -1.16 
-0.33 0.16 0.02 0.37 -0.35995815 -0.67 -0.01 -0.71999999 -0.18 -0.86 -0.86 -0.51 -1.06 -1.06 -1.4870498 -1.8087649 -1.84 0.31 -1.05 -1.06 -0.20970823 -0.09 -1.9 -0.63000001 -0.63001445 -1.75 -0.78 -0.78000017 -1.137442 -1.14 -1.12 -0.56828593 0.44 -1.42 -1.4211408 -0.86 -0.86 -0.030000003 -0.03 -0.05 -0.05 -0.049999996 -1.6621014 -1.67 -2.24 -2.24 -2.24 -2.8399772 -2.84 -2.84 -1.16 -1.16 -1.16 
-0.084262019 0.16 0.97 -0.28 -1.18 -0.8 -0.77 -0.9 -1.45 -1.6732825 -1.85 -1.47 -1.47 -1.26 -1.2600042 -1.6206132 -1.62 -1.62 0.10239389 -0.89000013 -1.5 -1.5 -1.43 -1.7147807 -1.6371336 -1.75 -0.09 -0.78 -0.60104598 -0.6 -0.85 -0.86 -1.0413097 -1.26 -1.46 -1.53 -1.49 -1.7 -1.0303094 -0.049107245 0.15 -0.61 -1.6700179 -1.67 -1.6732083 -2.24 -2.87 -2.84 -2.84 -2.84 -2.84 -1.0691096 -1.56 
-1.45 -1.45 -0.19 -0.97 -1.42 -1.48 -0.72 -0.79 -1.25 -1.7298419 -1.93 -0.29 -1.26 -1.26 -1.71 -1.7087656 -1.62 -1.6200929 -1.96 -0.89 -0.89 -0.96858849 -1.43 -1.6099966 -1.61 -1.61 -0.09 -1.25 -1.25 -0.6 -0.6 -0.86068278 -1.22 -1.26 -0.47 -1.53 -1.49 -1.39 -1.03 -0.72502415 -0.60999997 -1.0397871 -1.78 -1.67 -1.67 -2.87 -2.87 -2.87 -2.84 -2.84 -0.43 -0.43 -0.43000042 
-1.45 -1.45 -1.01 -1.54 -1.38 -1.15 -1.28 -1.0201558 -1.17 -1.3 -2.15 -1.18 -0.29118629 -1.71 -1.71 -1.7101073 -2.64 -2.6043104 -1.96 -1.82 -1.82 -1.38 -1.38 -1.61 -1.61 -1.61 -1.25 -1.25 -1.25 -1.76 -1.76 -1.7599991 -1.24 -1.24 -0.98 -1.62 -0.96 -1.8099955 -1.01 -0.72 -0.72 0.86999129 -1.78 -1.67 -0.97000078 -1.84 -1.1673646 -1.16 -1.05 -1.05 -0.43 -0.43 -0.43 
-1.45 -1.2601483 -1.2361699 -1.0200223 -1.27 -1.73 -1.28 -1.02 -1.1699987 -1.2985598 -1.1800002 -1.18 -0.97 -1.71 -1.71 -2.64 -2.64 -2.6399613 -1.96 -1.82 -1.733593 -1.38 -1.38 -1.6099921 -1.61 -1.5475433 -1.42 -1.42 -1.42 -1.76 -1.76 -1.84 -1.84 -1.2399993 -0.98 -1.9799999 -1.011314 -1.81 -1.81 -0.71999995 0.87 0.87 0.86998628 -0.97 -0.97 -1.84 -1.16 -1.16 -1.05 -1.05 -0.43 -0.43 -0.43 
-0.52 -0.66642595 -0.63003312 -0.63283399 -1.2700023 -1.7299891 -1.28 -1.0232005 -1.1596635 -1.1733946 -0.97 -0.97 -0.97 -0.97 -1.7098952 -2.64 -2.64 -2.6312201 -1.96 -1.8202902 -2.82 -2.82 -2.82 -2.82 -1.6303039 -1.42 -1.42 -1.42 -1.42 -1.4204611 -1.84 -1.84 -1.84 -1.84 -1.98 -1.98 -1.98 -1.8175785 -1.8090236 -1.68 -1.68 0.86986284 -1.1799928 -0.97002023 -0.97 -1.84 -1.16 -1.16 -1.05 -1.05 -0.43224929 -0.43 -0.045457061 
-0.52 -0.63 -0.63 -0.63 -0.63 -0.63000046 -1.2811518 -1.1569971 -1.1320866 -0.97021861 -0.97 -0.97 -0.97 -0.97 -0.96999993 -2.64 -2.6399999 -2.5933566 -1.9600123 -2.82 -2.82 -2.82 -2.82 -2.82 -2.7996749 -2.0216482 -2.3699998 -2.37 -2.37 -2.37 -1.84 -1.84 -1.8399992 -1.19 -1.19 -1.98 -1.4258507 -1.41 -1.6799998 -1.68 -1.68 -1.68 -1.18 -1.18 -1.18 -1.184593 -1.0707268 -1.07 -1.07 -1.07 -1.07 -1.6599997 -1.66 
0.34 -0.63 -0.63 -0.63 -0.63 -0.63 -0.63000004 -0.95058018 -0.86112607 -0.86 -0.86 -0.86 -0.86 -0.86 -0.86 -0.24297887 -2.601694 -2.5468848 -2.8198921 -2.82 -2.82 -2.82 -2.82 -2.8199979 -1.88 -1.88 -1.8800007 -2.37 -2.37 -2.3727033 -3.72 -3.72 -1.19 -1.19 -1.19 -1.3747583 -1.41 -1.41 -1.41 -1.68 -1.68 -1.68 -1.18 -1.18 -1.18 -1.18 -1.07 -1.07 -1.07 -1.07 -1.07 -1.66 -1.66 
0.34 -0.02111998 -0.63 -0.63 -0.63 -0.63 -0.28006869 -0.28 -0.28000001 -0.86 -0.86 -0.86 -0.86 -0.86 -0.72101759 -0.23 -0.23 -0.23 -1.0454186 -1.0400018 -1.04 -1.04 -1.04 -1.04 -1.88 -1.88 -1.88 -1.88 -2.37 -3.72 -3.72 -3.72 -1.1900002 -1.19 -1.19 -1.09 -1.4095763 -1.41 -1.41 -1.679895 -1.4705805 -0.98209215 -1.18 -1.18 -0.79120356 -0.79 -0.79 -1.0695226 -0.78101342 -0.78000003 -0.78000005 -0.96010591 -1.6599986 
0.34 -0.24388543 -0.44276297 -0.63 -0.63 -0.2802068 -0.28 -0.28 -0.28 -0.28417965 -0.86 -0.86 -0.86 -0.85999992 -0.23 -0.23 -0.23 -0.23 -1.0392764 -1.04 -1.04 -1.04 -1.04 -1.04 -1.88 -1.88 -1.88 -1.88 -1.8866927 -3.72 -3.72 -3.72 -2.29 -1.1900164 -1.09 -1.09 -1.09 -1.0890345 -1.0072221 -0.98 -0.98 -0.98 -1.18 -1.18 -0.79 -0.79 -0.79 -0.78 -0.78 -0.78 -0.78 -0.96 -0.96 
-0.2594537 -0.26 -0.26 -0.26 -0.41 -0.28000335 -0.28 -0.28 -0.28 -0.28 -0.81911736 -0.85999296 -0.85999998 -0.23 -0.23 -0.23 -0.23 -0.23 -0.30612537 -1.04 -1.04 -1.04 -1.04 -1.04 -1.6297574 -1.9399997 -1.94 -1.94 -1.94 -3.7199999 -2.29 -2.29 -2.29 -2.29 -1.09 -1.0899976 -1 -1 -0.98024973 -0.98 -0.98 -0.98 -1.18 -1.18 -0.85038543 -0.79 -0.79 -0.78 -0.78 -0.78 -0.78193007 -0.96 -0.96 
-0.26 -0.26 -0.26 -0.33063724 -0.41 -0.41 -0.28 -0.28 -0.28 -0.28 -0.32 -0.32 -0.32 -0.23 -0.23 -0.23 -0.23 -0.22998513 -0.43 -0.43 -1.0399998 -1.04 -1.0378089 -0.95 -0.95891253 -1.94 -1.94 -1.94 -1.94 -2.2899644 -2.29 -2.29 -2.29 -2.29 -1.0000003 -1 -1 -1 -0.99988826 -0.98 -0.98 -0.98 -1.18 -1.18 -1.18 -0.79 -0.79 -0.78 -0.78 -0.78 -0.96 -0.96 -0.96 
-0.26 -0.26 -0.26 -0.41 -0.41 -0.41 -0.4099998 -0.28 -0.28 -0.31995871 -0.32 -0.32 -0.32 -0.31994392 -0.15715198 -0.14 -0.14 -0.14 -0.43 -0.43 -0.43 -0.95 -0.95 -0.95 -0.94987674 -1.1899302 -1.94 -1.94 -1.94 -1.1758289 -0.93013376 -0.93 -0.93 -0.93 -0.70094273 -0.28000164 -0.28 -0.28 -0.28 -0.18010946 -0.18 -0.18 -1.18 -1.18 -0.66000217 -0.66000009 -0.91 -0.91 -0.8 -0.8 -0.8 -0.96 -1.0199464 
-0.25999997 -0.26 -0.26000001 -0.41 -0.41 -0.41 -0.41 -0.84999983 -0.28227908 -0.31993653 -0.32 -0.32 -0.32 -0.31964679 -0.14 -0.14 -0.14 -0.14000008 -0.43 -0.43 -0.43 -0.95 -0.95 -0.95 -0.51 -0.51 -0.31 -0.31 -0.31 -0.31338229 -0.93 -0.93 -0.93 -0.93 -0.60517844 -0.28 -0.28 -0.28 -0.28 -0.18 -0.18 -0.18 -0.19510264 -0.66 -0.66 -0.66 -0.91 -0.91 -0.8 -0.8 -0.8 -1.02 -1.02 
-0.25 -0.27743255 -1.1 -1.0997998 -0.41 -0.84745417 -0.85 -0.85 -0.72975505 -0.25000001 -0.25 -0.25 -0.25 -0.45999316 -0.46 -0.14000025 -0.14 -0.14764107 -0.43 -0.43 -0.43 -0.39 -0.39 -0.39 -0.51 -0.51 -0.31 -0.31 -0.31 -0.30999957 0.27999231 0.2799966 -0.89958847 -0.9287028 -0.11093174 -0.11 -0.11 -0.11 -0.11 -0.18 -0.18 -0.18 -0.63356967 -0.66 -0.66 -0.66 -0.91 -0.91 -0.90999604 -0.8 -0.79999553 -0.7 -1.02 
-0.62992784 -0.63000008 -1.1 -1.1 -1.1 -0.85 -0.85 -0.85 -0.52 -0.52 -0.25 -0.25 -0.25 -0.46 -0.46 -0.46 -0.46 -0.45999545 -0.43 -0.43 -0.43 -0.39 -0.39 -0.39 -0.51 -0.51 -0.31 -0.31 -0.31 0.27334771 0.28 0.28 0.28 0.28 -0.10980756 -0.11 -0.11 -0.11 -0.11 -0.14000001 -0.14 -0.14 -0.14 -0.65999985 -0.64 -0.64 -0.64 -0.58 -0.58 -0.58 -0.7 -0.7 -0.7 
-0.63 -0.63 -1.1 -1.1 -1.1 -0.85131404 -0.85 -0.52 -0.52 -0.52 -0.25003324 -0.25 -0.30719873 -0.45999997 -0.46 -0.46 -0.46 0.089999999 0.09 0.09 -0.050000007 -0.050000253 -0.38999834 -0.39 -0.39000405 -0.34 -0.34 -0.33999993 -0.31000485 0.28 0.28 0.28 0.28 0.28 -0.040538181 -0.10999986 -0.10876005 0.26 0.26 -0.14 -0.14 -0.14 -0.14 -0.64 -0.64 -0.64 -0.64 -0.58 -0.58 -0.58 -0.7 -0.7 -0.7 
-0.63 -0.63 -1.1 -1.1 -1.1 -1.1 -0.72649064 -0.52 -0.52 -0.52 -0.51988952 -0.32 -0.32 -0.32 -0.45917495 -0.46 0.086334936 0.09 0.09 0.09 -0.05 -0.05 -0.05 -0.05 -0.34 -0.34 -0.34 -0.34 -0.34 0.28 0.28 0.28 0.28 0.28000067 0.6 0.26 0.26 0.26 0.26 0.26000008 0.35 0.35 0.35 0.21657655 -0.06 -0.06 -0.06 -0.57999999 -0.57999929 0.15 0.15 0.0098272739 0.01 
-0.63 -0.63 -0.930363 -1.1 -1.1 -1.1 -0.77953862 -0.52081938 -0.52 -0.52 -0.3200001 -0.32 -0.32 -0.32 -0.32 -0.33141436 0.09 0.09 0.09 0.09 -0.049998917 -0.05 -0.05 -0.05 -0.34 -0.34 -0.34 -0.34 -0.34 0.33172695 0.28 0.28 0.28 0.6 0.6 0.59973598 0.26 0.26 0.55827261 0.78999995 0.35 0.35 0.35 0.22050758 -0.06 -0.06 -0.06 0.63 0.15598075 0.15 0.15 0.01 0.01 
-0.38 -0.38 -0.38 -0.91947621 -1.0996599 -0.78 -0.78 -0.78 -0.78 -0.78 -0.78 -0.32000003 -0.32 -0.32 -0.32 -0.31997403 0.09 0.09 0.09 0.09 0.011091459 -0.05 -0.05 -0.051308521 -0.11068693 -0.34 -0.34 -0.34 0.35 0.35 0.35 0.34999971 0.6 0.6 0.6 0.6 0.79 0.79 0.79 0.79 0.48 0.48 0.48 0.56999819 0.57 0.57 0.5699998 0.63 0.63 0.15058485 0.15 0.0099986386 0.01 
-0.38 -0.38 -0.38 -0.38002639 -0.87 -0.85691252 -0.78 -0.78 -0.78 -0.78 -0.78 -0.78 -0.57999999 -0.58 -0.58 -0.58 0.088681087 0.09 0.09 0.09 0.087874372 -0.099999863 -0.1 -0.1 -0.1 -0.1 -0.13 -0.13 0.35 0.35 0.35 0.35 0.59999997 0.6 0.6 0.59999674 0.78999998 0.79 0.79 0.78749951 0.48 0.48 0.48 0.56999583 0.57 0.57 0.57 0.63 0.63 0.62999988 -0.26 -0.26 -0.22 
-0.38 -0.38 -0.38 -0.86999887 -0.87 -0.87 -0.78000003 -0.78 -0.78 -0.78 -0.78 -0.78 -0.58 -0.58 -0.58 -0.58380798 -0.63 -0.63 -0.62999814 0.08593325 -0.1 -0.1 -0.1 -0.1 -0.1 -0.10002258 -0.13 -0.13 -0.13 0.35 0.35 0.34965886 0.56 0.56 0.56 -0.38 -0.38 0.22 0.22 0.22 -0.04 0.47983689 0.47999679 0.05 0.05 0.069707409 0.56999873 0.63 0.63 -0.26 -0.26 -0.26 -0.22 
-0.38 -0.38 -0.38 -0.87 -0.87 -0.87 -0.87 -0.78 -0.78 -0.78 -0.78 -0.58799712 -0.58 -0.58 -0.58 -0.63 -0.63 -0.63 -0.63 -0.63 -0.1 -0.1 -0.1 -0.1 -0.1 -0.1299999 -0.13 -0.13 -0.13 -0.18 -0.18 -0.18 0.56 0.56 0.56 -0.38 -0.38 0.22 0.22 -0.04 -0.04 -0.04 0.05 0.05 0.05 0.05 0.023712853 -0.27 -0.27 -0.27 -0.26 -0.38 -0.38 
-0.38 -0.38 -0.38068235 -0.87 -0.87 -0.87 -0.87 -0.77479882 -0.77 -0.77001717 -0.78 -0.5800067 -0.58 -0.58 -0.58000017 -0.63 -0.63 -0.63 -0.63 -0.63 -0.071267081 -0.1 -0.1 -0.1 -0.099866122 -0.12996174 -0.13 -0.13 -0.13 -0.18 -0.18 -0.18 -0.17989629 0.56 -0.38 -0.38 -0.38 -0.37997517 0.21998227 -0.04 -0.04 -0.04 0.049994536 0.05 0.05 0.05 -0.26999847 -0.27 -0.27 -0.27 -0.38 -0.38 -0.38 
-1.03 -1.0299989 -0.86974794 -0.87 -0.87 -0.87 -0.77002128 -0.77 -0.77 -0.77 -0.66 -0.66 -0.66 -0.66 -0.63013845 -0.63 -0.63 -0.63 -0.63 -0.070000334 -0.07 -0.07 0.54999989 0.55 0.55 0.55 0.49130725 -0.13 -0.55998239 -0.56 -0.56 -0.56 -0.56 -0.18 -0.18 -0.18 -0.18 -0.18 0.32 0.32 0.32 0.32 0.32 -0.11974374 -0.12 -0.12 -0.12 -0.27 -0.27 -0.27 -0.37998267 -0.38 -0.38 
-1.03 -1.03 -1.0289115 -0.89999994 -0.89999999 -0.89987325 -0.77 -0.77 -0.77 -0.77 -0.66 -0.66 -0.66 -0.66 -0.66 -0.63 -0.63 -0.63 -0.07000014 -0.07 -0.07 -0.07 0.55 0.55 0.55 0.55 0.55 0.54985501 -0.55981464 -0.56 -0.56 -0.56 -0.55992554 0.22816917 -0.17957736 -0.18 -0.18 -0.17999999 0.32 0.32 0.32 0.32 0.32 -0.12 -0.12 -0.12 -0.12 -0.19014293 -0.27 -0.40843803 -0.41 -0.65 -0.65 
-1.03 -1.03 -0.90001647 -0.9 -0.9 -0.9 -0.86698055 -0.77 -0.77 -0.77 -0.66 -0.66 -0.66 -0.66 -0.66 -0.63002136 -0.63 -0.070164188 -0.07 -0.07 -0.07 -0.07 0.32031698 0.55 0.55 0.55 0.55 0.54955394 -0.08 -0.08 -0.08 -0.08 -0.08 0.54 0.54 0.54 0.54 0.54 0.77 0.77 0.77 0.77 0.77 -0.11982908 -0.11999996 -0.12 -0.11998813 -0.11861402 -0.41 -0.41 -0.41 -0.64999866 -0.65 
-1.0300002 -1.1280504 -0.90000003 -0.9 -0.9 -0.9 -0.9 -0.77005535 -0.77 -0.77 -0.66 -0.66 -0.66 -0.66 -0.47422016 -0.47 -0.47 -0.070010295 -0.07 -0.07 -0.07 -0.07 -0.07 0.55 0.55 0.55 0.55 0.2499997 0.24999985 0.17976798 -0.08 -0.08 -0.08 0.54 0.54 0.54 0.54 0.54018287 0.77 0.77 0.77 0.77 0.76999081 -0.05 -0.05 -0.05 -0.05 -0.050029035 -0.41 -0.41 -0.41 -0.41000018 -0.69926363 
-1.13 -1.13 -1.105274 -0.9 -0.9 -0.9 -0.9 -0.9 -0.77005531 -0.72 -0.72 -0.72 -0.71985761 -0.47000027 -0.47 -0.47 -0.47 -0.47 -0.070002039 -0.087437325 -0.24 -0.24 -0.24 -0.044374381 0.4507549 -0.080286844 -0.5278447 0.25 0.25 0.25 0.25 0.25 0.24241849 0.80786753 0.81 0.81 0.81 0.81 0.74745756 0.65000022 0.65 0.65 0.65 -0.49999868 -0.050000117 -0.05 -0.05 -0.88 -0.41000753 -0.41 -0.41 -0.7 -0.7 
-1.13 -1.13 -1.25 -1.25 -1.25 -0.90011659 -0.9 -0.9 -0.72 -0.72 -0.72 -0.72 -0.72 -0.47000001 -0.47 -0.47 -0.47 -0.47 -0.24 -0.24 -0.24 -0.24 -0.24 -0.68999998 -0.69 -0.69 -0.69 0.25 0.25 0.25 0.25 0.25 0.62 0.62 0.81 0.81 0.81 0.59003747 0.59 0.65 0.65 0.65 0.64999989 -0.5 -0.5 -0.5 -0.88 -0.88 -0.88 -0.68 -0.68 -0.7 -0.7 
-1.13 -1.13 -1.25 -1.25 -1.25 -1.25 -1.249996 -0.52 -0.71981169 -0.72 -0.72 -0.72 -0.72 -0.47311852 -0.47 -0.47 -0.47 -0.47 -0.24 -0.24 -0.24 -0.24 -0.24 -0.69 -0.69 -0.69 -0.69 -0.68999617 0.25 0.25 0.25 0.6199806 0.62 0.62 0.62 0.81 0.59 0.59 0.59 0.59157871 0.034603816 -0.08 -0.08 -0.5 -0.5 -0.5 -0.88 -0.88 -0.88 -0.68 -0.68 -0.68 -0.21091317 
-0.94 -0.94000149 -1.25 -1.25 -1.25 -1.25 -0.52 -0.52 -0.52 -0.72 -0.72 -0.72 -0.72 -0.71992228 -0.47 -0.47 -0.47 -0.47 -0.24000437 -0.24 -0.24 -0.24000001 -0.61074335 -0.69 -0.69 -0.69 -0.69 -0.29000033 -0.29 -0.28999999 0.24421818 0.62 0.62 0.62 0.61999964 0.24000001 0.59 0.59 0.59 0.58999999 -0.08 -0.08 -0.08 -0.34 -0.34 -0.34 -0.010084726 -0.88 -0.88 -0.68 -0.68 -0.68 -0.16000061 
-0.94 -0.94 -1.25 -1.25 -1.25 -0.52 -0.52 -0.52 -0.52 -0.69807337 -0.72 -0.72 -0.72 -0.7199982 -0.32001726 -0.32 -0.32 -0.32 -0.70233127 -1.06 -1.06 -1.06 -1.06 -0.69 -0.69 -0.69 -0.68997362 -0.29 -0.29 -0.29 -0.29 0.61990059 0.40626099 0.24 0.24 0.24 0.58697509 -0.21998314 -0.22 -0.22 -0.079616189 0.40999999 0.41 -0.34 -0.34 -0.3399986 -0.01 -0.01 -0.41 -0.41 -0.41 0.01 -0.38 
-0.94 -0.94 0.1 0.1 0.1 -0.52 -0.52 -0.52 -0.52 -0.61 -0.61 -0.61 -0.61 -0.58956302 -0.32 -0.32 -0.32 -0.32 -0.69 -1.06 -1.06 -1.06 -1.06 -0.88 -0.87999992 -0.69000028 -0.29 -0.29 -0.29 -0.29 -0.18874495 -0.09 0.20073453 0.24 0.24 0.24 -0.22 -0.22 -0.22 -0.22 0.41 0.41 0.41 1.0398013 1.04 -0.0052803237 -0.01 -0.01 -0.40999572 -0.41 0.01 0.01 -0.38 
-0.94 0.099999995 0.1 0.1 0.1 0.1 -0.52046577 -0.58 -0.58 -0.61 -0.61 -0.61 -0.61 -0.60993132 -0.32 -0.32 -0.32 -0.33671777 -0.69 -0.69 -1.06 -1.06 -0.88 -0.88 -0.88 -0.88 -0.29 -0.29 -0.29 -0.29 -0.09 -0.09 -0.09 0.23966607 0.24 0.24 -0.22 -0.22 -0.22 -0.22 0.41 0.41 0.41 1.04 1.04 1.0399875 0.82 0.82 0.48 0.48 0.0099999998 0.01 -0.38 
0.090233107 0.1 0.1 0.1 0.1 0.1 -0.58 -0.58 -0.58 -0.59605725 -0.61 -0.61 -0.61 -0.6099956 -0.32 -0.32 -0.32 -0.69 -0.69 -0.69 -1.0599815 -1.0599989 -0.88 -0.88 -0.88 -0.88 -0.29004194 -0.29 -0.29 -0.090045995 -0.09 -0.09 -0.09 -0.09 0.2388731 0.01 0.01 0.0060194503 -0.22 -0.22 0.40999944 0.41 1.0216826 1.04 1.04 0.82000008 0.82 0.82 0.48 0.48 -0.15 -0.15 -0.6 
0.1 0.1 0.1 0.1 0.1 0.1 -0.58 -0.58 -0.58 -0.58 -0.45000461 -0.45 -0.45 -0.45 -0.32000092 -0.49948277 -0.6 -0.6 -0.68983409 -0.69 -0.69000007 -0.88000026 -0.88 -0.88 -0.88 -0.88 -0.87957104 -0.29 -0.28999316 -0.09 -0.09 -0.09 -0.09 -0.09 0.01 0.01 0.01 0.01 0.01 0.010000244 0.47 0.47 0.46999991 0.21 0.21 0.21 -0.33 -0.33 -0.7 -0.7 -0.15 -0.15000098 -0.6 
0.1 0.1 0.1 0.1 0.1 0.1 -0.58 -0.58 -0.58 -0.45 -0.45 -0.45 -0.45 -0.45 -0.48953964 -0.6 -0.6 -0.6 -0.6 -0.6 -0.6042972 -0.88 -0.88 -0.88 -0.88 -0.848913 0.10844868 -0.23553544 -0.090986296 -0.09 -0.09 -0.09 -0.09 -0.089999781 0.01 0.01 0.01 0.01 0.01 0.22399093 0.47 0.47 0.47 0.21 0.21 0.21 -0.33 -0.33 -0.7 -0.7 -0.51 -0.59503504 -0.6 
0.1 0.1 0.1 0.1 0.1 0.099999796 -0.57999984 -0.58 -0.57460428 -0.45 -0.45 -0.45 -0.45 -0.45 -0.45719492 -0.6 -0.6 -0.6 -0.6 -0.6 -0.6 -0.043586078 0.10999861 0.11 0.11 0.11 0.11 0.11 0.17876422 0.1799968 0.17999999 0.18 0.18 0.17999988 0.01 0.01 0.01 0.01 0.01 0.46999995 0.47 0.47 0.47 0.46999988 0.20953507 -0.08 -0.32999997 -0.015535969 -0.69939542 -0.51 -0.51 -0.50210108 -0.13 
0.1 0.1 0.1 0.1 0.1 0.09995656 -0.57996332 -0.57999213 -0.45000016 -0.45 -0.45 -0.45 -0.45 -0.45 -0.45285418 -0.6 -0.6 -0.6 -0.6 -0.6 -0.6 0.11 0.11 0.11 0.11 0.11 0.11 0.11 0.17998068 0.18 0.18 0.18 0.18 0.18 0.13342002 0.01 0.01 0.01 0.01 0.47 0.47 0.47 0.47 0.4698591 -0.08 -0.08 -0.079561274 -0.01 -0.01 -0.51 -0.51 -0.13 -0.13 
0.1 0.1 0.1 0.1 0.099999996 0.099093127 -0.57918915 -0.46466965 -0.45 -0.45 -0.45 -0.45 -0.45 -0.45 -0.45262601 -0.6 -0.6 -0.6 -0.6 -0.6 -0.4989089 0.11 0.11 0.11 0.11 0.11 0.11 0.11 0.17999972 0.18 0.18 0.18 0.18 0.18 0.18 -0.1010495 -0.27369021 -0.3680847 -0.38244411 0.43014723 0.46999999 0.47 0.47 -0.079956083 -0.08 -0.084118743 -0.76999637 -0.01 -0.01 -0.3600567 -0.36 -0.36 -0.1300001 
0.1 0.1 0.1 0.1 0.09999931 0.094329122 -0.56399653 -0.45003575 -0.45 -0.45 -0.45 -0.45 -0.45 -0.45 -0.45350273 -0.6 -0.6 -0.6 -0.6 -0.6 0.10999693 0.11 0.11 0.11 0.11 0.11 0.11 0.11 0.17999998 0.18 0.18 0.18 0.18 0.18 0.17999989 -0.39 -0.39 -0.39 -0.39 -0.15 -0.15 -0.15 -0.15 -0.769998 -0.77 -0.77 -0.77 -0.76999815 -0.62 -0.62 -0.36 -0.36 -0.62328217 
0.1 0.1 0.099999999 0.099999948 0.099981011 0.08159805 -0.45774759 -0.4500017 -0.45 -0.45 -0.45 -0.45 -0.45 -0.45 -0.45509193 -0.59999994 -0.6 -0.6 -0.6 -0.59572682 0.11 0.11 0.11 0.11 0.11 0.11 0.11 0.11 0.17999998 0.18 0.18 0.18 0.18 0.18 -0.38999948 -0.39 -0.39 -0.39 -0.39 -0.15 -0.15 -0.15 -0.15 -0.31733533 -0.77 -0.77 -0.77 -0.62000168 -0.62 -0.62 -0.74 -0.74 -0.74 
0.1 0.099999998 0.099999969 0.099998458 0.099814188 0.03693332 -0.45034481 -0.45000042 -0.45 -0.45 -0.45 -0.45 -0.45 -0.45000001 -0.45724467 -0.59999647 -0.6 -0.6 -0.59999919 0.095614275 0.11 0.11 0.11 0.11 0.11 0.11 0.11 0.11 0.17999993 0.18 0.18 0.18 0.18 -0.25190474 -0.39000001 -0.39 -0.39 -0.39 -0.39 -0.15 -0.15 -0.15 -0.15 -0.15 -0.77 -0.77 -0.77 -0.62 -0.62 -0.62 -0.74 -0.74 -0.74 
0.099999992 0.099999954 0.099999356 0.099981808 0.098919596 -0.22585068 -0.45004326 -0.45000026 -0.45 -0.45 -0.45 -0.45 -0.45 -0.45000028 -0.45980411 -0.59994522 -0.6 -0.59999998 -0.59632399 0.10993963 0.11 0.11 0.11 0.11 0.11 0.11 0.11 0.11000004 0.17999956 0.18 0.17999958 -0.35813182 -0.41 -0.41 -0.41 -0.39 -0.39 -0.39 -0.39 -0.15 -0.15 -0.15 -0.15 -0.15 -0.76998901 -0.77 -0.76999993 -0.62000001 -0.62 -0.62000007 -0.74 -0.74 -0.74 
