interpolatedSpi/02-04|20_3.tif
NCOLS 53
NROWS 52
XLLCORNER -116.03883
YLLCORNER 28.596182
DX 0.49850594
DY 0.49788537
NODATA_VALUE -9999
[rows 0 to 30 of 52, columns 0 to 52 of 53]
0.076666667 0.076666667 -0.3960114 -0.41666667 -0.06 -0.40666667 -0.18333333 -0.42666667 -0.59113121 -0.71333333 -0.73333333 -0.39 -0.59992671 0.29 -0.66 -0.66 -0.66 0.29 -0.01 -0.01 -0.01 -0.010011173 -1.17 -0.68 -0.68 -0.68 -0.50999496 -0.51 -0.51 -0.20333333 -0.20333333 -0.20333333 -0.20333333 -0.82333321 -0.82333333 -0.82333333 -0.82333333 -0.82333333 -0.82333333 -0.82333332 -0.42759582 -0.42365741 -1.6966667 -1.6966667 -1.6966667 -1.6966667 -1.6957302 -1.1233333 -1.1233333 -1.1233333 0.22666386 0.22666667 0.22666667
0.076651264 -0.27 -0.55333289 -0.3908117 0.16276028 0.04 0.25666667 -0.3733142 -0.52 -0.41 -0.23333333 -0.6 -0.6 -0.13856618 0.28998641 -0.66 0.29 0.29 -0.0096088402 -0.01 -0.01 -0.01 -0.69807207 -0.68 -0.68 -0.68 -0.30333336 -0.30333333 -0.20333333 -0.20333333 -0.20333333 -0.20333333 -0.20333333 -0.82333324 -0.82333333 -0.82333333 -0.82333333 -0.82333333 -0.82333327 -0.76895439 -0.55997281 -1.5587408 -1.6966667 -1.6966667 -1.6966667 -1.6966667 -1.6966667 -1.1233333 -1.1233333 -1.1233333 -1.01139 0.22666667 0.22666667
0.97661033 0.97666667 -0.17 0.77666667 -0.44333333 -0.37333333 -0.086666667 -0.62333333 -0.61333333 -0.57666667 0.39 -0.74333333 -0.59666667 -0.18333333 -0.14 -1.06 0.29 0.29 0.29 -0.35989825 -0.36 -0.36 -1.0233333 -0.68 -0.68 -0.68 -0.30333333 -0.30333333 -0.30333333 -0.20333333 -0.20333333 -0.20333337 -0.60129072 -0.82174677 -0.81514241 0.048602812 0.056666667 0.056666667 -0.020893748 -0.56 -0.56 -0.56145351 -1.6966667 -1.6966667 -1.6966667 -1.6966667 -1.6966667 -1.1233333 -1.1233333 -1.1233333 -1.1233333 0.22666667 0.22666667
0.073333333 0.97666643 -0.21010212 0.12666667 -0.39333333 -0.31 -0.72666667 -1.17 -0.67 -0.32851943 -0.74 -0.70666667 -0.42666667 -0.18333333 -0.76 -1.06 -0.81522057 -0.81256027 -1.46 -0.36 -0.36 -2.1166667 -1.0233333 -1.0233333 -0.68 -0.67999812 -0.30333333 -0.30333333 -0.30333333 -1.0666667 -1.0465485 -1.03 -1.03 -1.0299992 0.056666667 0.056666667 0.056666667 0.056666667 -0.56 -0.56 -0.56 -0.56000004 -1.6966667 -1.6966667 -1.6966667 -1.6966667 -1.6966667 -1.1233406 -1.1233333 -1.1233333 -1.1233333 0.22659067 0.22666667
0.073333333 -0.34666642 -0.21 -0.68704941 -0.39333333 -0.92333333 -1.1499272 -1.2833333 -1.0366667 -0.72666685 -0.75778673 -0.766649 -0.64333333 -0.76 -0.76 -0.956854 -0.81333333 -0.81333333 -1.46 -1.46 -0.3600035 -2.1166667 -2.9133333 -1.2566667 -0.73 -0.73021193 -0.30333333 -0.30333333 -1.0666667 -1.0666667 -1.03 -1.03 -1.03 -1.1475438 0.056666665 0.056666667 0.056666667 -0.56 -0.56 -0.56 -0.56 -0.5599852 -1.6966666 -1.6966667 -1.6966667 -1.6966667 -1.6966667 -1.6915633 -1.1233333 -1.1233771 -2.1 -2.1 -2.1
-0.97333333 -0.14666667 0.64666666 -0.43 -0.58666667 -0.22 -0.78 -0.84444108 -0.71 -1.35 -0.75666667 -0.50333333 -0.50333343 -0.54333333 -0.54333333 -0.74006277 -0.74 -1.2866667 -1.2866667 -1.4600005 -2.0833333 -2.0833333 -1.2566667 -0.73 -0.73 -1.6366667 -1.9 -1.9 -0.48672096 -1.0666667 -1.03 -1.03 -1.6533333 -1.6532699 -1.0467102 -1.4333333 -1.4333333 -0.8301856 -0.56 -0.56 -0.40685791 -0.40666667 -0.4066654 -2.4956424 -2.5099101 -2.5099998 -2.51 -2.5099997 -3.2549479 -2.1 -2.1 -2.1 -2.1
-0.86000586 0.34333333 -0.91384317 0.0099999997 0.23666667 -0.63666667 -0.42666667 -0.77333333 -1.2733333 -1.2733333 -0.75666667 -0.49333333 -1.21 -0.54333333 -0.99999863 -1 -0.74 -1.5033333 -1.9833333 -1.9833333 -2.0581992 -2.03 -2.03 -1.67 -1.6366667 -1.6366667 -1.9 -1.9 -0.48673738 -0.48796847 -0.23785518 -1.6533333 -1.6533333 -1.0466667 -1.0466667 -1.1610133 -1.4333333 -1.4333333 -1.566662 -0.40666828 -0.40666667 -0.40666667 -0.40666183 -2.5099951 -2.51 -2.51 -2.51 -2.5100006 -3.5266667 -2.1002827 -2.1 -2.1 -2.1
-0.86 -1.0466667 -0.60333333 -1.0533333 -1.2733207 -0.80333333 -0.60333333 -1.4666666 -0.83 -1.32 -1.32 -1.1533333 -1.21 -1.21 -1.0014408 -1.4887729 -1.5366667 -1.1666667 -1.2666674 -1.9833333 -1.6755605 -1.6 -2.3766667 -0.73333334 -0.73334288 -1.4733333 -1.72 -1.7200001 -1.6957483 -1.7 -0.23333333 -0.98333908 -0.98333333 -1.0466667 -1.0523709 -0.93333333 -0.93333333 -1.5666667 -1.5666667 -0.40666667 -0.40666667 -0.40666665 -1.6265741 -1.6333334 -2.51 -2.51 -2.51 -3.526628 -3.5266667 -3.5266667 -2.1 -2.1 -2.1
-1.0916756 -1.0466667 -1.62 -0.48666667 -1.1233333 -1.26 -0.87 -0.21 -0.54 -0.037614305 -0.023333333 -0.58333334 -0.58333333 -0.44666667 -0.44666977 -1.7660256 -1.7666667 -1.7666667 -1.1819318 -1.9633334 -2.49 -2.49 -2.0933333 -2.2650096 -1.3987609 -1.4733333 -1.8466667 -1.72 -1.0572073 -1.0533333 -0.98333333 -0.53333333 -0.84392055 -1.45 -1.2466667 -1.08 -1.03 -0.47333333 -0.56995536 -0.40409256 0.17 -0.71 -1.633266 -1.6333333 -1.6382677 -2.51 -2.2333333 -3.5266667 -3.5266667 -3.5266667 -3.5266667 -1.9036933 -1.89
-1.3433333 -1.3433333 -1.3033333 -0.59666667 -0.89 -1.39 -0.79666667 -0.95666667 -0.023333333 0.08992343 -0.10333333 -0.02 -0.44666667 -0.44666667 -0.77666667 -0.79024496 -1.7666667 -1.7665132 -1.09 -1.9633333 -1.9633333 -2.0311856 -2.0933333 -2.4366602 -2.4366667 -2.4366667 -1.8466667 -1.1366667 -1.1366667 -1.0533333 -1.0533333 -0.53450291 -1.15 -1.45 -1.3466667 -1.08 -1.03 -1.98 -0.57 0.16128606 -0.70999996 -0.89734309 -1.22 -1.6333333 -1.6333333 -2.2333333 -2.2333333 -2.2333333 -3.5266667 -3.5266667 -0.52333333 -0.52333333 -0.52333385
-1.3433333 -1.3433333 -2.2533333 -1.74 -1.2066667 -0.99 -1.3633333 -0.49698518 -1.3666667 -1.1066667 -0.89 -0.71666667 -0.0209281 -0.77666667 -0.77666667 -0.7767055 -1.1133333 -1.1121087 -1.09 -0.45666667 -0.45666667 -1.0433333 -1.0433333 -2.4366667 -2.4366667 -2.4366667 -1.1366667 -1.1366667 -1.1366667 -1.55 -1.55 -1.5499993 -1.1333333 -1.1333333 -1.45 -1.6466667 -0.77666667 -2.0166638 -1.6233333 0.17333333 0.17333333 -1.22 -1.22 -1.6333333 -0.8633336 -1.0233333 -0.31828335 -0.31000001 -0.24666667 -0.24666667 -0.52333333 -0.52333333 -0.52333333
-1.3433333 -1.7361589 -2.0342757 -1.7833206 -1.95 -1.9766667 -1.3633333 -0.49666667 -1.3666594 -1.1095472 -0.71666717 -0.71666667 -0.45333333 -0.77666667 -0.77666667 -1.1133333 -1.1133333 -1.113332 -1.09 -0.45666667 -0.57187606 -1.0433333 -1.0433333 -2.4366099 -2.4366667 -2.0849367 -1.3666667 -1.3666667 -1.3666666 -1.55 -1.55 -1.72 -1.72 -1.1333342 -1.45 -1.0833333 -0.9220544 -2.0166667 -2.0166667 0.17333329 -1.22 -1.22 -1.2199974 -0.86333333 -0.86333333 -1.0233333 -0.31 -0.31 -0.24666667 -0.24666667 -0.52333333 -0.52333333 -0.52333333
-0.32666667 -0.49003026 -0.34671918 -0.35707963 -1.9499998 -1.976666 -1.3633334 -0.50733485 -1.3067148 -1.3598774 -0.45333333 -0.45333333 -0.45333333 -0.45333333 -0.77662086 -1.1133333 -1.1133333 -1.1130321 -1.09 -0.45664176 -0.35666667 -0.35666667 -0.35666667 -0.35666667 -2.4005825 -1.3666667 -1.3666667 -1.3666667 -1.3666667 -1.3666187 -1.72 -1.72 -1.72 -1.72 -1.0833333 -1.0833333 -1.0833333 -1.9712755 -2.0061018 -0.61 -0.61 -1.2199672 -0.59000936 -0.86330701 -0.86333333 -1.0233333 -0.31 -0.31 -0.24666667 -0.24666667 -0.52232962 -0.52333333 -1.2734762
-0.32666667 -0.34666667 -0.34666667 -0.34666667 -0.34666667 -0.34666735 -1.3649033 -0.95337182 -1.1467687 -0.45431045 -0.45333333 -0.45333333 -0.45333333 -0.45333333 -0.45333355 -1.1133333 -1.1133333 -1.1117328 -1.0899979 -0.35666667 -0.35666667 -0.35666667 -0.35666667 -0.35666667 -0.36510112 -0.97871076 -0.80666678 -0.80666667 -0.80666667 -0.80666667 -1.72 -1.72 -1.7199991 -0.94 -0.94 -1.0833333 -0.58427492 -0.57 -0.60999998 -0.61 -0.61 -0.61 -0.59 -0.59 -0.59 -0.59301561 -0.0054767683 -0.0033333333 -0.0033333333 -0.0033333333 -0.0033333378 0.65666642 0.65666667
0.55333333 -0.34666667 -0.34666667 -0.34666667 -0.34666667 -0.34666667 -0.34666674 -0.79114515 -0.74131972 -0.74 -0.74 -0.74 -0.74 -0.74 -0.74 -0.21751736 -1.0989429 -1.110138 -0.35675888 -0.35666667 -0.35666667 -0.35666667 -0.35666667 -0.35666688 -0.74666667 -0.74666667 -0.74666675 -0.80666667 -0.80666667 -0.807214 -1.08 -1.08 -0.94 -0.94 -0.94 -0.62926988 -0.57 -0.57 -0.57 -0.61 -0.61 -0.61 -0.59 -0.59 -0.59 -0.59 -0.0033333343 -0.0033333333 -0.0033333333 -0.0033333333 -0.0033333333 0.65666667 0.65666667
0.55333333 0.21827356 -0.34666667 -0.34666667 -0.34666667 -0.34666667 0.13323913 0.13333333 0.13333331 -0.74 -0.74 -0.74 -0.74 -0.74 -0.62234294 -0.20666667 -0.20666667 -0.20666667 -0.54276442 -0.54333314 -0.54333333 -0.54333333 -0.54333333 -0.54333333 -0.74666667 -0.74666667 -0.74666667 -0.74666667 -0.80666667 -1.08 -1.08 -1.08 -0.94000001 -0.94 -0.94 -0.37 -0.56973519 -0.57 -0.57 -0.61003793 -0.68578991 -0.86257618 -0.59 -0.59 -0.064958658 -0.063333333 -0.063333333 -0.0029889487 0.20593281 0.20666665 0.20666663 0.66999787 0.65666669
0.55333333 -0.10191578 -0.2319629 -0.34666667 -0.34666667 0.13304973 0.13333333 0.13333333 0.13333333 0.12703984 -0.74 -0.74 -0.74 -0.73999994 -0.20666667 -0.20666667 -0.20666667 -0.20666667 -0.5430326 -0.54333333 -0.54333333 -0.54333333 -0.54333333 -0.54333333 -0.74666666 -0.74666667 -0.74666667 -0.74666667 -0.74787911 -1.08 -1.08 -1.08 -0.64666668 -0.93993494 -0.37 -0.37 -0.37 -0.376757 -0.84476747 -0.86333333 -0.86333333 -0.86333333 -0.34 -0.34 -0.063333333 -0.063333333 -0.063333333 0.20666666 0.20666667 0.20666667 0.20666667 0.67 0.67
-0.11930944 -0.12 -0.12 -0.12 0.12666667 0.13333316 0.13333333 0.13333333 0.13333333 0.13333333 -0.64410263 -0.73998349 -0.73999996 -0.20666667 -0.20666667 -0.20666667 -0.20666667 -0.20666667 -0.24168707 -0.54333333 -0.54333333 -0.54333333 -0.54333333 -0.54333333 -0.52747903 -0.34666883 -0.34666667 -0.34666667 -0.34666667 -1.08 -0.64666667 -0.64666667 -0.64666667 -0.64666667 -0.37 -0.37001615 -0.98333333 -0.98333333 -0.86483171 -0.86333333 -0.86333333 -0.86333333 -0.34 -0.34 -0.10617086 -0.063333333 -0.063333333 0.20666667 0.20666667 0.20666667 0.2116348 0.67 0.67
-0.12 -0.12 -0.12 -0.003840987 0.12666667 0.12666667 0.13333333 0.13333333 0.13333333 0.13333333 0.52666667 0.52666667 0.52666667 -0.20666667 -0.20666667 -0.20666667 -0.20666667 -0.20659726 -0.34333333 -0.34333333 -0.54333325 -0.54333333 -0.53416309 -0.16666667 -0.16828712 -0.34666667 -0.34666667 -0.34666667 -0.34666667 -0.64663612 -0.64666667 -0.64666667 -0.64666667 -0.64666667 -0.98333118 -0.98333333 -0.98333333 -0.98333333 -0.9828741 -0.86333333 -0.86333333 -0.86333333 -0.34 -0.34 -0.34 -0.063333333 -0.063333333 0.20666666 0.20666667 0.20666667 0.67 0.67 0.67
-0.12 -0.12 -0.12 0.12666667 0.12666667 0.12666667 0.12666668 0.13333333 0.13333333 0.52626063 0.52666667 0.52666667 0.52666667 0.52620977 0.13329075 0.21333333 0.21333333 0.21333333 -0.34333333 -0.34333333 -0.34333333 -0.16666667 -0.16666667 -0.16666667 -0.16653034 0.003016207 -0.34666667 -0.34666667 -0.34666666 -0.66950348 -0.68332973 -0.68333333 -0.68333333 -0.68333333 -0.71442328 -0.33666814 -0.33666667 -0.33666667 -0.33666667 0.12986408 0.13 0.13 -0.34 -0.34 0.55999624 0.55999982 0.06 0.06 0.26666667 0.26666667 0.26666667 0.67 0.87315153
-0.12000052 -0.12 -0.11999999 0.12666667 0.12666667 0.12666667 0.12666666 -0.11999993 0.13232041 0.52656994 0.52666667 0.52666667 0.52666667 0.52605182 0.21333333 0.21333333 0.21333333 0.21333317 -0.34333333 -0.34333333 -0.34333333 -0.16666667 -0.16666667 -0.16666667 0.32 0.32 0.13666667 0.13666667 0.13666667 0.13219331 -0.68333333 -0.68333333 -0.68333333 -0.68333333 -0.51009515 -0.33666667 -0.33666667 -0.33666667 -0.33666667 0.13 0.13 0.13 0.14352945 0.56 0.56 0.56 0.06 0.06 0.26666667 0.26666667 0.26666667 0.87333331 0.87333333
-0.28666667 -0.22185003 -0.65666667 -0.65643941 0.12666667 -0.11857279 -0.12 -0.12 -0.062914015 0.41999999 0.42 0.42 0.42 0.14000911 0.14 0.21333328 0.21333333 0.19866598 -0.34333333 -0.34333333 -0.34333333 -0.40666667 -0.40666667 -0.40666667 0.32 0.32 0.13666667 0.13666667 0.13666667 0.13666642 -0.2066697 -0.20666801 -0.67135303 -0.68282231 -0.18057335 -0.18 -0.18 -0.18 -0.18 0.13 0.13 0.13 0.53632288 0.56 0.56 0.55999995 0.06 0.06 0.060007439 0.26666667 0.26666682 0.27 0.87333333
-0.47329788 -0.47333337 -0.65666667 -0.65666667 -0.65666667 -0.12 -0.12 -0.12 0.036666667 0.036666667 0.42 0.42 0.42 0.14 0.14 0.14 0.14 0.13994664 -0.34333333 -0.34333333 -0.34333334 -0.40666667 -0.40666667 -0.40666667 0.32 0.32 0.13666667 0.13666667 0.13666667 -0.20279556 -0.20666667 -0.20666667 -0.20666667 -0.20666667 -0.18001316 -0.18 -0.18 -0.18 -0.18 0.17333332 0.17333333 0.17333333 0.17333333 0.55999778 0.27 0.27 0.27 0.093333333 0.093333333 0.093333333 0.27 0.27 0.27
-0.47333333 -0.47333333 -0.65666667 -0.65666667 -0.65666667 -0.12282082 -0.12 0.036666667 0.036666667 0.036666667 0.41995281 0.42 0.10949261 0.13999998 0.14 0.14 0.14 0.09 0.09 0.09 -0.42666667 -0.42666665 -0.40666676 -0.40666667 -0.40647844 -0.43333333 -0.43333333 -0.43333197 0.13657455 0.26323967 0.26333083 0.26325128 -0.20586339 -0.20626106 -0.18444403 -0.1799999 -0.17910634 0.086666667 0.086666667 0.17333333 0.17333333 0.17333333 0.17333333 0.27 0.27 0.27 0.27 0.093333333 0.093333333 0.093333333 0.27 0.27 0.27
-0.47333333 -0.47333333 -0.65666667 -0.65666667 -0.65666667 -0.65666666 -0.061364243 0.036666667 0.036666667 0.036666667 0.036668509 0.04 0.04 0.04 0.13941068 0.14 0.090333188 0.09 0.09 0.09 -0.42666667 -0.42666667 -0.42666667 -0.42666667 -0.43333333 -0.43333333 -0.43333333 -0.43333333 -0.43333333 0.26333333 0.26333333 0.26333333 0.26333333 0.26333326 0.23 0.086666667 0.086666667 0.086666667 0.086666667 0.086666267 -0.053333333 -0.053333333 -0.053333333 -0.042484358 -0.02 -0.02 -0.02 0.09333333 0.093333084 -0.16333333 -0.16333333 0.27333252 0.27333333
-0.47333333 -0.47333333 -0.59049621 -0.65666667 -0.65666667 -0.65666667 -0.79518789 0.03404046 0.036666666 0.036666666 0.039999903 0.04 0.04 0.04 0.04 0.048204116 0.09 0.09 0.09 0.09 -0.42666267 -0.42666667 -0.42666667 -0.42666667 -0.43333333 -0.43333333 -0.43333333 -0.43333333 -0.43333333 -0.081512995 0.26333333 0.26333333 0.26333333 0.23 0.23 0.2298887 0.086666667 0.086666667 0.0360166 -0.0033333258 -0.053333333 -0.053333333 -0.053333333 -0.042662243 -0.02 -0.02 -0.02 -0.19 -0.1636656 -0.16333333 -0.16333333 0.27333333 0.27333333
-0.77 -0.77 -0.77 -0.68508245 -0.65649611 -0.79666667 -0.79666667 -0.79666667 -0.79666667 -0.42 -0.42 0.039999967 0.04 0.04 0.04 0.040003158 0.09 0.09 0.09 0.09 -0.20121009 -0.42666667 -0.42666667 -0.40730056 0.2800851 -0.43333333 -0.43333333 -0.43333333 -0.20333333 -0.20333333 -0.20333333 -0.20333137 0.23 0.23 0.23 0.23 -0.0033333333 -0.0033333333 -0.0033333333 -0.0033333333 -0.56333333 -0.56333333 -0.56333333 -0.030010723 -0.03 -0.03 -0.029999997 -0.19 -0.19 -0.16336583 -0.16333333 0.27333211 0.27333333
-0.77 -0.77 -0.77 -0.76998743 -0.53666667 -0.57447494 -0.79666667 -0.79666667 -0.79666667 -0.42 -0.42 -0.42 -0.22666666 -0.22666667 -0.22666667 -0.22666666 0.089224528 0.09 0.09 0.09 0.082205895 0.3133313 0.31333333 0.31333333 0.31333333 0.3133333 -0.72333333 -0.72333333 -0.20333333 -0.20333333 -0.20333333 -0.20333333 0.22999984 0.23 0.23 0.22998235 -0.0033333478 -0.0033333333 -0.0033333333 -0.00548288 -0.56333333 -0.56333333 -0.56333333 -0.030024732 -0.03 -0.03 -0.03 -0.19 -0.19 -0.18999997 0.03 0.03 0.88666667
-0.77 -0.77 -0.77 -0.5366672 -0.53666667 -0.53666667 -0.79666657 -0.79666667 -0.79666667 -0.42 -0.42 -0.42 -0.22666667 -0.22666667 -0.22666667 -0.23479035 -0.33333333 -0.33333333 -0.33333224 0.087608905 0.31333333 0.31333333 0.31333333 0.31333333 0.31333333 0.31255319 -0.72333333 -0.72333333 -0.72333333 -0.20333333 -0.20333333 -0.20318315 0.013333333 0.013333333 0.013333333 -0.31 -0.31 -0.49333333 -0.49333333 -0.49333333 0.13333333 -0.56311481 -0.56332682 0.31 0.31 0.29711439 -0.029999372 -0.19 -0.19 0.03 0.03 0.03 0.88666667
-0.77 -0.77 -0.77 -0.53666667 -0.53666667 -0.53666667 -0.53666667 -0.79666667 -0.79666667 -0.42 -0.42 -0.23439721 -0.22666667 -0.22666667 -0.22666667 -0.33333333 -0.33333333 -0.33333333 -0.33333333 -0.33333333 0.31333333 0.31333333 0.31333333 0.31333333 0.31333333 -0.7233298 -0.72333333 -0.72333333 -0.72333333 0.03 0.03 0.03 0.013333333 0.013333333 0.013333333 -0.31 -0.31 -0.49333333 -0.49333333 0.13333333 0.13333333 0.13333333 0.31 0.31 0.31 0.31 0.36668166 1 1 1 0.030000026 1.38 1.38
-0.77 -0.77 -0.76967507 -0.53666667 -0.53666667 -0.53666667 -0.53666667 -0.35261106 -0.34333333 -0.34346496 -0.41999999 -0.22666862 -0.22666667 -0.22666667 -0.22666704 -0.33333333 -0.33333333 -0.33333333 -0.33333333 -0.33333333 -0.97814485 0.31333333 0.31333333 0.31333333 0.31317474 -0.72331833 -0.72333333 -0.72333333 -0.72333333 0.03 0.03 0.03 0.030001496 0.013333333 -0.31 -0.31 -0.31 -0.31000697 -0.4932906 0.13333333 0.13333333 0.13333333 0.30998927 0.31 0.31 0.31 1.0000033 1 1 1 1.38 1.38 1.38
