interpolatedSpi/02-03|20_1.tif
NCOLS 53
NROWS 52
XLLCORNER -116.03883
YLLCORNER 28.596182
DX 0.49850594
DY 0.49788537
NODATA_VALUE -9999
0.44 0.44 0.070786324 0.09 0.45 0.065 0.235 0.105 0.27364006 0.13 0.07 0.505 0.27502676 0.6 -0.42 -0.42 -0.42 0.365 0.095 0.095 0.095 0.094991138 -0.825 -0.635 -0.635 -0.635 -0.96499709 -0.965 -0.965 -0.44 -0.44 -0.44 -0.44 -0.44 -0.44 -0.44 -0.44 -0.44 -0.44 -0.44000001 -0.66260202 -0.66505206 -0.87 -0.87 -0.87 -0.87 -0.86863616 -0.035 -0.035 -0.035 0.28999933 0.29 0.29 
0.43998201 0.035 0.0050000981 0.10122991 0.7145096 0.64 0.64 0.21022487 0.42 0.54 0.57 0.275 0.275 0.48040014 0.59998954 -0.42 0.365 0.365 0.095352044 0.095 0.095 0.095 -0.63815823 -0.635 -0.635 -0.635 0.074999951 0.075 -0.44 -0.44 -0.44 -0.44 -0.44 -0.44 -0.44 -0.44 -0.44 -0.44 -0.43999994 -0.40414465 -0.29496229 -0.80022785 -0.87 -0.87 -0.87 -0.87 -0.87 -0.035 -0.035 -0.035 -0.0080506889 0.29 0.29 
0.90996651 0.91 0.09 1.12 0.025 0.12 0.455 0.095 0.16 0.12 1.11 0.14 0.285 0.42 0.48 -0.81 0.365 0.365 0.365 -0.14493023 -0.145 -0.145 -0.695 -0.635 -0.635 -0.635 0.075 0.075 0.075 -0.44 -0.44 -0.44000003 -0.69514204 -0.43874956 -0.43208832 0.40221105 0.41 0.41 0.32132958 -0.295 -0.295 -0.29573528 -0.87 -0.87 -0.87 -0.87 -0.87 -0.035 -0.035 -0.035 -0.034999999 0.29 0.29 
0.38 0.90999983 0.06993413 0.52 0.245 0.05 -0.135 -0.495 0.19 0.38372353 0.11 -0.165 0.42 0.42 -0.185 -0.81 -0.24932279 -0.2445726 -1.09 -0.145 -0.145 -1.46 -0.695 -0.695 -0.635 -0.63499645 0.075 0.075 0.075 -0.585 -0.79624093 -0.97 -0.97 -0.96999892 0.41 0.41 0.41 0.41 -0.295 -0.295 -0.295 -0.29500002 -0.87 -0.87 -0.87 -0.87 -0.87 -0.035010533 -0.035 -0.035 -0.035 0.28992063 0.29 
0.38 0.48499924 0.07 -0.065293374 0.245 -0.065 -0.48990704 -0.495 -0.07 -0.05500016 0.062808895 0.12501003 0.195 -0.185 -0.185 -0.59430948 -0.245 -0.245 -1.09 -1.09 -0.14500259 -1.46 -1.365 -0.665 -0.275 -0.27515076 0.075 0.075 -0.585 -0.585 -0.97 -0.97 -0.97 -0.96528562 0.41 0.41 0.41 -0.295 -0.295 -0.295 -0.295 -0.29504923 -0.87 -0.87 -0.87 -0.87 -0.87 -0.86256747 -0.035 -0.035094388 -2.14 -2.14 -2.14 
-0.66 0.555 0.88500001 -0.045 0.115 0.49 -0.18 -0.22032902 -0.145 -0.805 0.055 -0.105 -0.1049998 -0.075 -0.075 -0.86493481 -0.865 -0.605 -0.605 -1.0900002 -1.11 -1.11 -0.665 -0.275 -0.275 -0.92 -1.3 -1.3 -0.14504109 -0.585 -0.97 -0.97 -0.945 -0.94497492 -0.70501729 -1.105 -1.105 -0.54559199 -0.295 -0.295 -0.80436392 -0.805 -0.80499889 -2.4221087 -2.4498254 -2.4499996 -2.4499999 -2.4499994 -3.688007 -2.14 -2.14 -2.14 -2.14 
0.039987217 0.715 -0.10486357 0.41 0.64 0.07 0.34 0.015 -0.405 -0.405 0.055 0.23 -0.7849999 -0.075 -0.59499844 -0.595 -0.865 -0.885 -1.34 -1.34 -1.0110344 -0.9 -0.9 -0.85499999 -0.92 -0.92 -1.3 -1.3 -0.14504954 -0.14591198 0.25612983 -0.945 -0.945 -0.705 -0.705 -0.97700959 -1.105 -1.105 -1.6349816 -0.80500116 -0.805 -0.805 -0.80499429 -2.4499924 -2.45 -2.45 -2.45 -2.450001 -4.08 -2.1403845 -2.14 -2.14 -2.14 
0.04 -0.44 0.15 -0.27 -0.41499169 -0.195 -0.045 -0.40999998 -0.24 -0.425 -0.425 -0.46 -0.785 -0.785 -0.59630358 -0.8044741 -0.825 -0.765 -1.0800003 -1.34 -0.98296819 -0.935 -1.305 -0.785 -0.78500432 -1.12 -0.69 -0.69000022 -0.99202148 -0.99499997 0.26 -0.84787585 -0.715 -0.705 -0.72182751 -0.87 -0.87 -1.635 -1.635 -0.805 -0.805 -0.80499999 -1.0827421 -1.0850001 -2.45 -2.45 -2.45 -4.079938 -4.08 -4.08 -2.14 -2.14 -2.14 
-0.49841048 -0.43999999 -0.265 0.195 -0.335 -0.685 -0.155 -0.065 -0.23 0.22852663 0.22 -0.34000001 -0.34 -0.055 -0.055004467 -1.3485368 -1.35 -1.35 -0.81308524 -1.0400001 -1.5 -1.5 -1.15 -1.243917 -1.0862408 -1.12 -1.34 -0.69 -0.57069732 -0.57 -0.885 -0.23 -0.61277748 -1.41 -1.295 -1.44 -1.3 -0.95 -1.0049746 -0.80281275 -0.315 -0.76 -1.0849739 -1.085 -1.092683 -2.45 -2.125 -4.08 -4.08 -4.08 -4.08 -1.9551065 -2.045 
-0.825 -0.825 0.1 0.415 -0.105 -0.825 -0.3 -0.41 0.205 0.34491355 0.09 0.395 -0.055 -0.055 -0.53 -0.54124667 -1.35 -1.3497921 -0.415 -1.04 -1.04 -1.0992634 -1.15 -1.4599941 -1.46 -1.46 -1.34 -0.675 -0.675 -0.57 -0.57 -0.23144143 -0.99 -1.41 -1.4 -1.44 -1.3 -1.86 -1.005 -0.70986213 -0.75999998 -0.820611 -0.925 -1.085 -1.085 -2.125 -2.125 -2.125 -4.08 -4.08 -0.655 -0.655 -0.65500052 
-0.825 -0.825 -1 -0.675 -0.565 -0.24 -0.47499999 -0.10034275 -0.85 -0.65 -0.355 -0.175 0.3942405 -0.53 -0.53 -0.53001154 -0.63 -0.61871579 -0.415 0.28 0.28 -0.34 -0.34 -1.46 -1.46 -1.46 -0.675 -0.675 -0.675 -1.125 -1.125 -1.1249998 -0.96 -0.96 -1.55 -2.025 -0.99 -1.4949985 -1.46 -0.705 -0.705 -1.1449993 -0.925 -1.085 -1.005 -0.96 -0.27798905 -0.27 -0.21 -0.21 -0.655 -0.655 -0.655 
-0.825 -0.90047226 -0.86131091 -1.0749828 -0.72 -0.82 -0.475 -0.1 -0.84999374 -0.65221576 -0.17500062 -0.175 0.02 -0.53 -0.53 -0.63 -0.63 -0.62998776 -0.415 0.28 0.15824461 -0.34 -0.34 -1.4599544 -1.46 -1.2151039 -0.715 -0.715 -0.71499999 -1.125 -1.125 -2.295 -2.295 -0.96000162 -1.55 -1.3350001 -1.042917 -1.495 -1.495 -0.70500001 -1.145 -1.145 -1.144999 -1.005 -1.005 -0.96 -0.27 -0.27 -0.21 -0.21 -0.655 -0.655 -0.655 
-0.855 -0.6229974 -0.59500349 -0.59847116 -0.72000042 -0.81999764 -0.47500001 -0.10461605 -0.79831733 -0.84477747 0.02 0.02 0.02 0.02 -0.52992209 -0.63 -0.63 -0.62722401 -0.415 0.27996376 0.17 0.17 0.17 0.17 -1.4318016 -0.715 -0.715 -0.715 -0.715 -0.7151548 -2.295 -2.295 -2.295 -2.295 -1.335 -1.335 -1.335 -1.4870812 -1.495338 -1.54 -1.54 -1.1450212 -1.2799906 -1.0050265 -1.005 -0.96 -0.27 -0.27 -0.21 -0.21 -0.65338559 -0.655 -1.3133639 
-0.855 -0.595 -0.595 -0.595 -0.595 -0.59500009 -0.47588309 -0.29766128 -0.66043275 0.019068083 0.02 0.02 0.02 0.02 0.019999944 -0.63 -0.62999997 -0.61525247 -0.4150011 0.17 0.17 0.17 0.17 0.17 0.15670224 -0.51016312 -0.41000006 -0.41 -0.41 -0.41 -2.295 -2.295 -2.2949992 -1.655 -1.655 -1.335 -2.4967691 -2.53 -1.5400006 -1.54 -1.54 -1.54 -1.28 -1.28 -1.28 -1.2777731 -0.33968786 -0.34 -0.34 -0.34 -0.34 0.64999973 0.65 
0.175 -0.595 -0.595 -0.595 -0.595 -0.595 -0.59499999 -0.12316731 -0.047614959 -0.045 -0.045 -0.045 -0.045 -0.045 -0.044999999 0.5476717 -0.61109616 -0.60055902 0.16992637 0.17 0.17 0.17 0.17 0.16999974 -0.445 -0.445 -0.44499995 -0.41 -0.41 -0.41083101 -0.825 -0.825 -1.655 -1.655 -1.655 -2.389834 -2.53 -2.53 -2.53 -1.54 -1.54 -1.54 -1.28 -1.28 -1.28 -1.28 -0.34 -0.34 -0.34 -0.34 -0.34 0.65 0.65 
0.175 -0.11166225 -0.595 -0.595 -0.595 -0.595 0.53977724 0.54 0.53999999 -0.045 -0.045 -0.045 -0.045 -0.045 0.088467233 0.56 0.56 0.56 -0.049329162 -0.049999776 -0.05 -0.05 -0.05 -0.05 -0.445 -0.445 -0.445 -0.445 -0.41 -0.825 -0.825 -0.825 -1.6549999 -1.655 -1.655 -1.395 -2.5284972 -2.53 -2.53 -1.5399637 -1.4667032 -1.2957323 -1.28 -1.28 -0.54726825 -0.545 -0.545 -0.34001747 -0.34996505 -0.35 -0.35 0.070087686 0.64999882 
0.175 -0.14127108 -0.36980951 -0.595 -0.595 0.53932939 0.54 0.54 0.54 0.53578432 -0.045 -0.045 -0.045 -0.044999927 0.56 0.56 0.56 0.56 -0.0494551 -0.05 -0.05 -0.05 -0.05 -0.05 -0.44499999 -0.445 -0.445 -0.445 -0.44638219 -0.825 -0.825 -0.825 -0.81 -1.6549532 -1.395 -1.395 -1.395 -1.3969532 -1.3731912 -1.295 -1.295 -1.295 -0.405 -0.405 -0.545 -0.545 -0.545 -0.35 -0.35 -0.35 -0.35 0.07 0.07 
-0.14954948 -0.15 -0.15 -0.14999999 0.475 0.53999832 0.54 0.54 0.54 0.54 0.02275905 -0.044988338 -0.044999974 0.56 0.56 0.56 0.56 0.56 0.4796681 -0.05 -0.05 -0.05 -0.05 -0.05 -0.15582207 -0.025002276 -0.025 -0.025 -0.025 -0.825 -0.81 -0.81 -0.81 -0.81 -1.395 -1.3950045 -1.565 -1.565 -1.2983714 -1.295 -1.295 -1.295 -0.405 -0.405 -0.52332318 -0.545 -0.545 -0.35 -0.35 -0.35 -0.34549651 0.07 0.07 
-0.15 -0.15 -0.15 0.14432182 0.475 0.475 0.54 0.54 0.54 0.54 0.85 0.85 0.85 0.56 0.56 0.56 0.56 0.55995869 0.045 0.045 -0.049999961 -0.05 -0.050608645 -0.075 -0.074549867 -0.025 -0.025 -0.025 -0.025 -0.80992007 -0.81 -0.81 -0.81 -0.81 -1.5649994 -1.565 -1.565 -1.565 -1.5639768 -1.295 -1.295 -1.295 -0.405 -0.405 -0.405 -0.545 -0.545 -0.34999999 -0.35 -0.35 0.07 0.07 0.07 
-0.15 -0.15 -0.15 0.475 0.475 0.475 0.4750001 0.54 0.54 0.84967999 0.85 0.85 0.85 0.84981931 0.3576444 0.31 0.31 0.31 0.045 0.045 0.045 -0.075 -0.075 -0.075 -0.074796907 0.32905391 -0.025 -0.025 -0.024999999 -0.39338639 -0.32004819 -0.32 -0.32 -0.32 -1.0318668 -0.28500291 -0.285 -0.285 -0.285 0.23479065 0.235 0.235 -0.405 -0.405 0.70499537 0.70499988 0.365 0.365 0.37 0.37 0.37 0.07 0.81433388 
-0.15000047 -0.15 -0.14999998 0.475 0.475 0.475 0.475 0.075000135 0.53814075 0.84963276 0.85 0.85 0.85 0.84894037 0.31 0.31 0.31 0.30999992 0.045 0.045 0.045 -0.075 -0.075 -0.075 0.65 0.65 0.26000001 0.26 0.26 0.25683592 -0.32 -0.32 -0.32 -0.32 -0.30250962 -0.285 -0.285 -0.285 -0.285 0.235 0.235 0.235 0.249788 0.705 0.705 0.705 0.365 0.365 0.37 0.37 0.37 0.81499998 0.815 
-0.3 -0.24018874 -0.45 -0.44973164 0.475 0.077314386 0.075 0.075 0.084109466 0.44499999 0.445 0.445 0.445 0.23500684 0.235 0.30999994 0.31 0.30301764 0.045 0.045 0.045 -0.165 -0.165 -0.165 0.65 0.65 0.26 0.26 0.26 0.25999966 -0.2100007 -0.21000031 -0.31723532 -0.31988207 -0.35495914 -0.355 -0.355 -0.355 -0.355 0.235 0.235 0.235 0.67912017 0.705 0.705 0.70499995 0.365 0.365 0.36500018 0.37 0.37000715 0.53 0.815 
-0.61993923 -0.61999997 -0.45 -0.45 -0.45 0.075 0.075 0.075 0.1 0.1 0.445 0.445 0.445 0.235 0.235 0.235 0.235 0.2349792 0.045 0.045 0.044999992 -0.165 -0.165 -0.165 0.65 0.65 0.26 0.26 0.26 -0.20470072 -0.21 -0.21 -0.21 -0.21 -0.35492845 -0.355 -0.355 -0.355 -0.355 -0.0099999363 -0.01 -0.01 -0.01 0.70499774 0.41 0.41 0.41 0.33 0.33 0.33 0.53 0.53 0.53 
-0.62 -0.62 -0.45 -0.45 -0.45 0.072240506 0.075 0.1 0.1 0.1 0.44495753 0.445 0.26114694 0.235 0.235 0.235 0.235 0.14 0.14 0.14 0.024999996 0.024999859 -0.16499907 -0.165 -0.16459331 0.135 0.135 0.1350003 0.2599798 0.25490733 0.25499752 0.25491882 -0.20920527 -0.20959871 -0.32887365 -0.35499995 -0.35454758 -0.22 -0.22 -0.01 -0.01 -0.01 -0.01 0.41 0.41 0.41 0.41 0.33 0.33 0.33 0.53 0.53 0.53 
-0.62 -0.62 -0.45 -0.45 -0.45 -0.45 0.08435677 0.1 0.1 0.1 0.10006629 0.22 0.22 0.22 0.2349116 0.235 0.14063306 0.14 0.14 0.14 0.025 0.025 0.025 0.025 0.135 0.135 0.135 0.135 0.135 0.255 0.255 0.255 0.255 0.25499925 -0.1 -0.22 -0.22 -0.22 -0.22 -0.2199995 -0.095 -0.095 -0.095 -0.085234565 -0.065 -0.065 -0.065 0.32999999 0.32999961 -0.07 -0.07 0.16009001 0.16 
-0.62 -0.62 -0.51135806 -0.45 -0.45 -0.45 -0.48895303 0.098140646 0.1 0.1 0.21999993 0.22 0.22 0.22 0.22 0.2212176 0.14 0.14 0.14 0.14 0.02500089 0.025 0.025 0.025 0.135 0.135 0.135 0.135 0.135 0.18849392 0.255 0.255 0.255 -0.1 -0.1 -0.10009318 -0.22 -0.22 -0.39446134 -0.52999997 -0.095 -0.095 -0.095 -0.086956521 -0.065 -0.065 -0.065 -0.485 -0.07517086 -0.07 -0.07 0.16 0.16 
-0.79 -0.79 -0.79 -0.53524735 -0.44958112 -0.49 -0.49 -0.49 -0.49 -0.135 -0.135 0.21999997 0.22 0.22 0.22 0.21999493 0.14 0.14 0.14 0.14 0.07518227 0.025 0.025 0.052086383 1.0188108 0.135 0.135 0.135 0.165 0.165 0.165 0.16500038 -0.1 -0.1 -0.1 -0.1 -0.53 -0.53 -0.53 -0.53 -0.725 -0.725 -0.725 -0.51500422 -0.515 -0.515 -0.51499986 -0.485 -0.485 -0.070505655 -0.07 0.15999839 0.16 
-0.79 -0.79 -0.79 -0.78996607 -0.16 -0.20798742 -0.49 -0.49 -0.49 -0.135 -0.135 -0.135 0.21 0.21 0.21 0.21 0.13971607 0.14 0.14 0.14 0.13831269 1.0599972 1.06 1.06 1.06 1.06 -0.089999998 -0.09 0.165 0.165 0.165 0.165 -0.099999996 -0.1 -0.1 -0.099999593 -0.53000001 -0.53 -0.53 -0.53149152 -0.725 -0.725 -0.725 -0.51500974 -0.515 -0.515 -0.515 -0.485 -0.485 -0.48499996 -0.16 -0.16 0.225 
-0.79 -0.79 -0.79 -0.16000145 -0.16 -0.16 -0.48999988 -0.49 -0.49 -0.135 -0.135 -0.135 0.21 0.21 0.21 0.1928641 -0.015 -0.015 -0.0149996 0.13912453 1.06 1.06 1.06 1.06 1.06 1.0591346 -0.09 -0.09 -0.089999999 0.165 0.165 0.16514482 -0.095 -0.095 -0.095 -0.505 -0.505 -0.87 -0.87 -0.87 -0.17 -0.72482591 -0.72499504 -0.06 -0.06 -0.077243983 -0.51499875 -0.485 -0.485 -0.16 -0.16 -0.16 0.225 
-0.79 -0.79 -0.79 -0.16 -0.16 -0.16 -0.16 -0.49 -0.49 -0.135 -0.135 0.19620498 0.21 0.21 0.21 -0.015 -0.015 -0.015 -0.015 -0.015 1.06 1.06 1.06 1.06 1.06 -0.089996077 -0.09 -0.09 -0.09 0.39 0.39 0.39 -0.095 -0.095 -0.095 -0.505 -0.505 -0.87 -0.87 -0.17 -0.17 -0.17 -0.06 -0.06 -0.06 -0.06 -0.011533073 0.53 0.53 0.53 -0.15999999 0.465 0.465 
-0.79 -0.79 -0.7891227 -0.16 -0.16 -0.16 -0.16 -0.017198234 -0.01 -0.010214608 -0.13499999 0.20998744 0.21 0.21 0.20999922 -0.015 -0.015 -0.015 -0.015 -0.015 -0.49842535 1.06 1.06 1.06 1.0597961 -0.089990998 -0.09 -0.09 -0.09 0.39 0.39 0.39 0.38993318 -0.095 -0.505 -0.505 -0.505 -0.50501435 -0.86995226 -0.17 -0.17 -0.17 -0.060006678 -0.06 -0.06 -0.06 0.5300038 0.53 0.53 0.53 0.465 0.465 0.465 
0.18 0.17999831 -0.16031933 -0.16 -0.16 -0.16 -0.010031918 -0.01 -0.01 -0.01 0.059999998 0.06 0.06 0.06 -0.014653822 -0.015 -0.015 -0.015 -0.015 -0.56499967 -0.565 -0.565 0.070000165 0.07 0.07 0.07 0.056189942 -0.09 0.77996437 0.78 0.78 0.78 0.78 0.42 0.42 0.42 0.42 0.42 0.495 0.495 0.495 0.495 0.495 0.91353026 0.915 0.915 0.915 0.53 0.53 0.53 0.46501024 0.465 0.465 
0.18 0.18 0.18360007 0.60999845 0.60999983 0.60939506 -0.01 -0.01 -0.01 -0.01 0.06 0.06 0.06 0.06 0.06 -0.015 -0.015 -0.015 -0.56499986 -0.565 -0.565 -0.565 0.069999998 0.07 0.07 0.07 0.07 0.069966851 0.77985133 0.78 0.78 0.78 0.77994028 0.55605639 0.42014088 0.42 0.42 0.42 0.495 0.495 0.495 0.495 0.495 0.915 0.915 0.915 0.915 0.73496648 0.53 1.0095889 1.015 0.52 0.52 
0.18 0.18 0.60994553 0.61 0.61 0.61 0.45252262 -0.01 -0.01 -0.01 0.06 0.06 0.06 0.06 0.06 -0.014941247 -0.015 -0.56483874 -0.565 -0.565 -0.565 -0.565 -0.16523986 0.07 0.07 0.07 0.07 0.070230127 0.395 0.395 0.395 0.395 0.395 0.66 0.66 0.66 0.66 0.66 1.255 1.255 1.255 1.255 1.255 0.91585458 0.91500018 0.915 0.91505933 0.9221531 1.015 1.015 1.015 0.52000277 0.52 
0.18000139 0.92028054 0.61000005 0.61 0.61 0.61 0.61 -0.0097360103 -0.01 -0.01 0.06 0.06 0.06 0.06 0.17244569 0.175 0.175 -0.56498096 -0.565 -0.565 -0.565 -0.565 -0.56499984 0.07 0.07 0.07 0.07 0.27000011 0.27000006 0.29660304 0.395 0.395 0.395 0.66 0.66 0.66 0.66 0.65989502 1.255 1.255 1.255 1.255 1.254982 1.265 1.265 1.265 1.265 1.2649798 1.015 1.015 1.015 1.015 0.97322538 
0.935 0.935 0.87271716 0.61 0.61 0.61 0.61 0.61 -0.0097344259 0.48999999 0.49 0.49 0.48897952 0.17499983 0.175 0.175 0.175 0.175 -0.56499424 -0.5157652 -0.085 -0.085 -0.085 -0.044226048 0.094811276 0.22757171 0.33953259 0.27 0.27 0.27 0.27 0.27 0.27759821 0.50533671 0.505 0.505 0.505 0.505 1.2108542 1.0200004 1.02 1.02 1.02 1.0500006 1.2649999 1.265 1.265 0.81 1.0149967 1.015 1.015 0.98 0.98 
0.935 0.935 0.92 0.92 0.92 0.61010326 0.61 0.61 0.49 0.49 0.49 0.49 0.49 0.17500001 0.175 0.175 0.175 0.175 -0.085 -0.085 -0.085 -0.085 -0.085 0.37999998 0.38 0.38 0.38 0.27 0.27 0.27 0.27 0.27 0.535 0.535 0.505 0.505 0.505 0.80994806 0.81 1.02 1.02 1.02 1.02 1.05 1.05 1.05 0.81 0.81 0.81 0.8 0.8 0.98 0.98 
0.935 0.935 0.92 0.92 0.92 0.92 0.91999953 0.835 0.49032483 0.49 0.49 0.49 0.49 0.17892934 0.175 0.175 0.175 0.175 -0.084999995 -0.085 -0.085 -0.085 -0.085 0.38 0.38 0.38 0.38 0.37999959 0.27 0.27 0.27 0.53498611 0.535 0.535 0.535 0.505 0.81 0.81 0.81 0.81552549 1.0537203 1.06 1.06 1.05 1.05 1.05 0.81 0.81 0.81 0.8 0.8 0.8 1.0388716 
0.425 0.425004 0.92 0.92 0.92 0.92 0.835 0.835 0.835 0.49 0.49 0.49 0.49 0.48990208 0.175 0.175 0.175 0.175 -0.084994909 -0.084999999 -0.085 -0.08499998 0.29811271 0.38 0.38 0.38 0.38 0.80999965 0.81 0.80999999 0.27580555 0.535 0.535 0.535 0.53500028 0.83 0.81 0.81 0.81 0.81 1.06 1.06 1.06 0.855 0.855 0.855 0.89999124 0.81 0.81 0.8 0.8 0.8 1.0450007 
0.425 0.425 0.92 0.92 0.92 0.835 0.835 0.835 0.835 0.52782389 0.49 0.49 0.49 0.49000096 0.90491599 0.905 0.905 0.905 1.2925453 1.23 1.23 1.23 1.23 0.38 0.38 0.38 0.38002836 0.81 0.81 0.81 0.81 0.53510805 0.70092897 0.83 0.83 0.83 0.8119039 1.3199894 1.32 1.32 1.0599413 0.985 0.985 0.855 0.855 0.85500019 0.9 0.9 1.035 1.035 1.035 1.155 1.285 
0.425 0.425 1.48 1.48 1.48 0.835 0.835 0.835 0.835 0.695 0.695 0.695 0.695 0.70979919 0.905 0.905 0.905 0.905 1.295 1.23 1.23 1.23 1.23 1.23 1.2299997 0.38000126 0.81 0.81 0.81 0.81 1.0757945 1.335 0.89008807 0.83 0.83 0.83 1.32 1.32 1.32 1.32 0.985 0.985 0.985 1.3548833 1.355 0.90204519 0.9 0.9 1.0350003 1.035 1.155 1.155 1.285 
0.425 1.48 1.48 1.48 1.48 1.48 0.83573747 0.93 0.93 0.695 0.695 0.695 0.695 0.69504973 0.905 0.905 0.905 0.92262144 1.295 1.295 1.23 1.23 1.23 1.23 1.23 1.23 0.81 0.81 0.81 0.81 1.335 1.335 1.335 0.83051102 0.83 0.83 1.32 1.32 1.32 1.32 0.985 0.985 0.985 1.355 1.355 1.3549884 1.15 1.15 1.115 1.115 1.155 1.155 1.285 
1.4700922 1.48 1.48 1.48 1.48 1.48 0.93 0.93 0.93 0.80421818 0.695 0.695 0.695 0.69500431 0.905 0.905 0.905 1.295 1.295 1.295 1.2300032 1.23 1.23 1.23 1.23 1.23 0.81002985 0.81 0.81 1.3348793 1.335 1.335 1.335 1.335 0.83229261 1.575 1.575 1.5705868 1.32 1.32 0.9850003 0.985 1.3442422 1.355 1.355 1.1500001 1.15 1.15 1.115 1.115 1.43 1.43 1.575 
1.48 1.48 1.48 1.48 1.48 1.48 0.93 0.93 0.93 0.93 0.86999496 0.87 0.87 0.87 0.90500207 1.3857574 1.655 1.655 1.2956637 1.295 1.295 1.23 1.23 1.23 1.23 1.23 1.2296946 0.81 0.81001794 1.335 1.335 1.335 1.335 1.335 1.575 1.575 1.575 1.575 1.575 1.5749976 0.955 0.955 0.95500003 1.055 1.055 1.055 0.955 0.955 1.09 1.09 1.43 1.4300003 1.575 
1.48 1.48 1.48 1.48 1.48 1.48 0.93 0.93 0.93 0.87 0.87 0.87 0.87 0.87 1.0769241 1.655 1.655 1.655 1.655 1.655 1.6378112 1.23 1.23 1.23 1.23 1.230157 1.2349922 0.86787219 1.332411 1.335 1.335 1.335 1.335 1.3350005 1.575 1.575 1.575 1.575 1.575 1.2865774 0.955 0.955 0.955 1.055 1.055 1.055 0.955 0.955 1.09 1.09 0.48000001 1.5145951 1.575 
1.48 1.48 1.48 1.48 1.48 1.4799998 0.93000013 0.93 0.92750967 0.87 0.87 0.87 0.87 0.87 0.90765343 1.655 1.655 1.655 1.655 1.655 1.655 1.2355549 1.235 1.235 1.235 1.235 1.235 1.235 1.126722 1.1250025 1.125 1.125 1.125 1.1250003 1.575 1.575 1.575 1.575 1.575 0.95500007 0.955 0.955 0.955 0.95500004 1.0544709 0.725 0.95499998 0.14918592 1.0891632 0.48 0.48 0.47043814 0.02 
1.48 1.48 1.48 1.48 1.48 1.4799649 0.93002966 0.92999637 0.87000008 0.87 0.87 0.87 0.87 0.87 0.88493688 1.655 1.655 1.655 1.655 1.655 1.655 1.235 1.235 1.235 1.235 1.235 1.235 1.235 1.1250304 1.125 1.125 1.125 1.125 1.125 1.2483 1.575 1.575 1.575 1.575 0.955 0.955 0.955 0.955 0.95494108 0.725 0.725 0.72130217 0.135 0.135 0.48 0.48 0.02 0.02 
1.48 1.48 1.48 1.48 1.48 1.4792665 0.93065119 0.87677061 0.87 0.87 0.87 0.87 0.87 0.87 0.88374277 1.655 1.655 1.655 1.655 1.655 1.5951996 1.235 1.235 1.235 1.235 1.235 1.235 1.235 1.1250004 1.125 1.125 1.125 1.125 1.125 1.125 1.0919023 0.34094757 -0.069668437 -0.13218484 0.83254914 0.95499996 0.955 0.955 0.72501836 0.725 0.71807574 -0.43499728 0.135 0.135 -0.57001744 -0.57 -0.57 0.019999736 
1.48 1.48 1.48 1.48 1.4799994 1.4754132 0.92866585 0.8700165 0.87 0.87 0.87 0.87 0.87 0.87 0.88833096 1.655 1.655 1.655 1.655 1.655 1.2350018 1.235 1.235 1.235 1.235 1.235 1.235 1.235 1.125 1.125 1.125 1.125 1.125 1.125 1.1249997 -0.165 -0.165 -0.165 -0.165 -0.95 -0.95 -0.95 -0.95 -0.43499664 -0.435 -0.435 -0.435 -0.43500219 -0.65 -0.65 -0.57 -0.57 -0.78841148 
1.48 1.48 1.48 1.48 1.4799846 1.4650411 0.87506328 0.87000078 0.87 0.87 0.87 0.87 0.87 0.87 0.89664774 1.6549997 1.655 1.655 1.655 1.6524722 1.235 1.235 1.235 1.235 1.235 1.235 1.235 1.235 1.125 1.125 1.125 1.125 1.125 1.125 -0.16499882 -0.165 -0.165 -0.165 -0.165 -0.95 -0.95 -0.95 -0.95 -0.81100371 -0.435 -0.435 -0.435 -0.64999759 -0.65 -0.65 -0.885 -0.885 -0.885 
1.48 1.48 1.48 1.4799988 1.4798493 1.4212458 0.87033552 0.8700002 0.87 0.87 0.87 0.87 0.87 0.87000005 0.90791379 1.6549815 1.655 1.655 1.6549995 1.2435099 1.235 1.235 1.235 1.235 1.235 1.235 1.235 1.235 1.1250001 1.125 1.125 1.125 1.125 0.089160698 -0.16500004 -0.165 -0.165 -0.165 -0.165 -0.95 -0.95 -0.95 -0.95 -0.95 -0.435 -0.435 -0.435 -0.65 -0.65 -0.65 -0.885 -0.885 -0.885 
1.48 1.48 1.4799995 1.4799853 1.4790812 1.1277506 0.87007242 0.87000012 0.87 0.87 0.87 0.87 0.87 0.87000147 0.92130819 1.6547133 1.655 1.655 1.6528255 1.2350357 1.235 1.235 1.235 1.235 1.235 1.235 1.235 1.2349999 1.1250007 1.125 1.124999 -0.16560427 -0.29 -0.29 -0.29 -0.165 -0.165 -0.165 -0.165 -0.95 -0.95 -0.95 -0.95 -0.95 -0.43500913 -0.435 -0.43500011 -0.64999998 -0.65 -0.65000013 -0.885 -0.885 -0.885 
