interpolatedSpi/02-03|23_3.tif
NCOLS 53
NROWS 52
XLLCORNER -116.03883
YLLCORNER 28.596182
DX 0.49850594
DY 0.49788537
NODATA_VALUE -9999
-1.35 -1.35 -1.7575171 -1.665 -0.575 -0.94 -0.835 -0.74 -0.97297877 -0.515 -0.2 -0.54 -0.66995883 -0.17 -0.375 -0.375 -0.375 -0.645 -1.63 -1.63 -1.63 -1.6299913 -0.72500001 -1.345 -1.345 -1.345 -0.26999826 -0.27 -0.27 -1.68 -1.68 -1.68 -1.68 -2.8599998 -2.86 -2.86 -2.86 -2.86 -2.86 -2.8599999 0.77089049 0.80905883 -2.885 -2.885 -2.885 -2.885 -2.8826398 -1.44 -1.44 -1.44 0.35999626 0.36 0.36 
-1.3500289 -2 -1.57 -1.531508 -1.3197631 -1.17 -1.93 -1.8245933 -1.49 -0.89 -0.865 -0.67 -0.67 -1.066999 -0.17001268 -0.375 -0.645 -0.645 -1.6287157 -1.63 -1.63 -1.63 -1.3323671 -1.345 -1.345 -1.345 -1.945 -1.945 -1.68 -1.68 -1.68 -1.68 -1.68 -2.8599998 -2.86 -2.86 -2.86 -2.86 -2.8599999 -2.6055067 -1.3550611 -2.6993466 -2.885 -2.885 -2.885 -2.885 -2.885 -1.44 -1.44 -1.44 -1.2907423 0.36 0.36 
-0.69504619 -0.695 -1.56 -1.26 -1.78 -1.82 -1.98 -1.745 -1.81 -1.755 -1.39 -1.75 -1.585 -0.195 -1.07 -2.56 -0.645 -0.645 -0.645 -1.2251177 -1.225 -1.225 -1.105 -1.345 -1.345 -1.345 -1.945 -1.945 -1.945 -1.68 -1.68 -1.68 -2.0964111 -2.8566273 -2.8455728 -1.3242034 -1.31 -1.31 -1.3156598 -1.355 -1.355 -1.3569565 -2.885 -2.885 -2.885 -2.885 -2.885 -1.44 -1.44 -1.44 -1.44 0.36 0.36 
0.32 -0.69500001 -0.74515548 -0.695 -1.79 -1.82 -1.835 -2.455 -1.785 -1.287149 -1.86 -1.59 -1.75 -0.195 -1.54 -2.56 -1.5974214 -1.5893379 -1.715 -1.225 -1.225 -1.69 -1.105 -1.105 -1.345 -1.345003 -1.945 -1.945 -1.945 -1.34 -2.0011567 -2.545 -2.545 -2.544999 -1.31 -1.31 -1.31 -1.31 -1.355 -1.355 -1.355 -1.3550001 -2.885 -2.885 -2.885 -2.885 -2.885 -1.4400182 -1.44 -1.44 -1.44 0.35993696 0.36 
0.32 0.42999784 -0.745 -1.6015766 -1.79 -1.965 -1.7900383 -2.22 -2.2 -1.7350001 -1.6184306 -1.5649728 -1.375 -1.54 -1.54 -2.2072402 -1.59 -1.59 -1.715 -1.715 -1.225001 -1.69 -1.74 -1.335 -1.78 -1.7798281 -1.945 -1.945 -1.34 -1.34 -2.545 -2.545 -2.545 -2.4657991 -1.31 -1.31 -1.31 -1.355 -1.355 -1.355 -1.355 -1.3549961 -2.885 -2.885 -2.885 -2.885 -2.885 -2.8721377 -1.44 -1.4400058 -1.57 -1.57 -1.57 
-1.65 -0.245 0.025000052 -1.285 -1.13 -1.295 -2.215 -2.2156401 -1.41 -1.68 -1.41 -1.16 -1.1600001 -0.495 -0.495 -0.92509778 -0.925 -1.095 -1.095 -1.7149991 -2.21 -2.21 -1.335 -1.78 -1.78 -1.045 -1.935 -1.935 -0.89004215 -1.34 -2.545 -2.545 -2.125 -2.1249112 -1.275061 -1.92 -1.92 -1.5297956 -1.355 -1.355 -1.3150499 -1.315 -1.3149983 -1.3525383 -1.3251724 -1.3250004 -1.3250001 -1.3250006 -1.1101318 -1.57 -1.57 -1.57 -1.57 
-1.160023 0.405 -0.48571089 0.285 0.375 -0.96 -1.11 -1.805 -1.82 -1.82 -1.41 -1.515 -1.6649999 -0.495 -1.3299975 -1.33 -0.925 -1.405 -0.665 -0.665 -2.1345976 -2.05 -2.05 -1.255 -1.045 -1.045 -1.935 -1.935 -0.89005624 -0.89103537 -1.3515543 -2.125 -2.125 -1.275 -1.275 -1.4652256 -1.92 -1.92 -2.0749946 -1.3150011 -1.315 -1.315 -1.3149914 -1.3250014 -1.325 -1.325 -1.325 -1.3249998 -1.02 -1.569891 -1.57 -1.57 -1.57 
-1.16 -1.515 -0.52 -0.665 -0.3650172 -0.375 -0.765 -1.405 -0.575 -1.405 -1.405 -1.25 -1.665 -1.665 -1.3322984 -1.6578725 -1.69 -1.14 0.10499921 -0.665 -0.33385594 -0.17 -2.325 -0.83000001 -0.83001077 -1.665 -1.475 -1.4750002 -1.8516185 -1.855 -1.35 -0.92420143 -1.315 -1.275 -1.2698662 -1.085 -1.085 -2.075 -2.075 -1.315 -1.315 -1.315 -1.5807978 -1.585 -1.325 -1.325 -1.325 -1.0200116 -1.02 -1.02 -1.57 -1.57 -1.57 
-1.4967941 -1.515 -0.44 -0.61 -0.57 -1.27 -0.715 -0.245 -0.44 0.038462567 -0.33 -1.475 -1.475 -0.59 -0.58999784 -2.1188016 -2.12 -2.12 -0.94994885 -2.3599999 -2.1 -2.1 -2.565 -2.41958 -1.580854 -1.665 -1.76 -1.475 -0.9779055 -0.975 -0.815 -1.305 -1.3150731 -1.125 -1.095 -1.065 -1.23 -1.53 -1.2501293 -1.311853 -0.61 -0.945 -1.5849324 -1.585 -1.5835366 -1.325 -2.5549999 -1.02 -1.02 -1.02 -1.02 -1.2948386 -0.345 
-1.395 -1.395 -1.195 -1.44 -1.11 -1.325 -0.34 -0.285 -0.05 0.15998765 -0.045 0.02 -0.59 -0.59 -0.36 -0.3841392 -2.12 -2.1196307 -0.47 -2.36 -2.36 -2.3265032 -2.565 -1.7050163 -1.705 -1.705 -1.76 -0.95 -0.95 -0.975 -0.975 -1.3050379 -1.325 -1.125 -1.135 -1.065 -1.23 -1.845 -1.25 -1.1565396 -0.94499999 -1.0276514 -1.17 -1.585 -1.585 -2.555 -2.555 -2.555 -1.02 -1.02 0.64 0.64 0.63999963 
-1.395 -1.395 -2.165 -1.985 -1.125 -1.085 -1.775 -0.52038949 -0.845 -1.075 -0.705 -0.06 0.019892593 -0.36 -0.36 -0.36004441 -0.745 -0.73056671 -0.47 -1.04 -1.04 -0.985 -0.985 -1.705 -1.705 -1.705 -0.95 -0.95 -0.95 -1.33 -1.33 -1.33 -0.97 -0.97 -1.815 -1.785 -0.335 -1.4850017 -1.17 -1.155 -1.155 -1.2349998 -1.17 -1.585 -0.36500101 -1.415 -0.6133982 -0.60500001 0.23 0.23 0.64 0.64 0.64 
-1.395 -1.72747 -2.0881876 -1.8599814 -0.755 -1.475 -1.775 -0.52 -0.84499729 -1.0724519 -0.060001321 -0.06 0.165 -0.36 -0.36 -0.74499999 -0.745 -0.74498435 -0.47 -1.04 -1.0291991 -0.985 -0.985 -1.7049702 -1.705 -1.2497234 -0.32 -0.32 -0.32000008 -1.33 -1.33 0.02 0.02 -0.97000232 -1.815 -0.21500052 -0.55067585 -1.485 -1.485 -1.155 -1.235 -1.235 -1.2349937 -0.365 -0.365 -1.415 -0.605 -0.605 0.23 0.23 0.64 0.64 0.64 
-1.28 -1.1953243 -1.1150326 -1.1203813 -0.75500366 -1.474983 -1.775 -0.53544833 -0.82260418 -0.85100591 0.165 0.165 0.165 0.165 -0.35992563 -0.745 -0.745 -0.74144931 -0.47 -1.0397389 -0.15 -0.15 -0.15 -0.15 -1.6775286 -0.32 -0.32 -0.32 -0.32 -0.32032501 0.02 0.02 0.02 0.02 -0.215 -0.215 -0.215 -1.4239922 -1.4741473 -0.04 -0.04 -1.2349357 0.18498117 -0.36494703 -0.365 -1.415 -0.605 -0.605 0.23000001 0.23 0.63851256 0.64 -0.40659776 
-1.28 -1.115 -1.115 -1.115 -1.115 -1.1150001 -1.7742319 -1.1812228 -0.76285426 0.16390656 0.165 0.165 0.165 0.165 0.165 -0.74499999 -0.74499996 -0.72613688 -0.4700028 -0.15 -0.15 -0.15 -0.15 -0.15 -0.13357181 0.32944939 0.6349998 0.635 0.635 0.635 0.020000012 0.02 0.020000746 0.64 0.64 -0.215 0.79121843 0.82 -0.039999503 -0.04 -0.04 -0.04 0.185 0.185 0.185 0.17386546 1.3420793 1.355 1.355 1.355 1.355 0.60000001 0.6 
-1.41 -1.115 -1.115 -1.115 -1.115 -1.115 -1.115 -0.99006342 0.165248 0.17 0.17 0.17 0.17 0.17 0.17 0.55198801 -0.72426583 -0.70734301 -0.15004033 -0.15 -0.15 -0.15 -0.15 -0.14999926 0.61 0.61 0.61000004 0.635 0.635 0.63542051 0.845 0.845 0.64 0.64 0.64 0.79116615 0.82 0.82 0.82 -0.04 -0.04 -0.04 0.185 0.185 0.185 0.185 1.355 1.355 1.355 1.355 1.355 0.6 0.6 
-1.41 -1.3001749 -1.115 -1.115 -1.115 -1.115 0.23473504 0.235 0.235 0.17 0.17 0.17 0.17 0.17 0.25603673 0.56 0.56 0.56 0.48805139 0.48999935 0.49 0.49 0.49 0.49 0.61 0.61 0.61 0.61 0.635 0.845 0.845 0.845 0.64000002 0.64 0.64 1.245 0.82056271 0.82 0.82 -0.039899296 0.16044437 0.62799752 0.185 0.185 2.3183958 2.325 2.325 1.3563017 2.1422393 2.1449999 2.1449999 1.6648389 0.60000217 
-1.41 -0.78718854 -0.94041412 -1.115 -1.115 0.23420236 0.235 0.235 0.235 0.23453159 0.17 0.17 0.17 0.17000005 0.56 0.56 0.56 0.56 0.49006253 0.49 0.49 0.49 0.49 0.49 0.61 0.61 0.61 0.61 0.61085478 0.845 0.845 0.845 0.7 0.64006299 1.245 1.245 1.245 1.2433744 0.64204304 0.63 0.63 0.63 1.9 1.9 2.325 2.325 2.325 2.145 2.145 2.145 2.145 1.665 1.665 
-0.77032281 -0.77 -0.77 -0.76999999 0.395 0.23500413 0.235 0.235 0.235 0.235 0.15372276 0.1699972 0.16999999 0.56 0.56 0.56 0.56 0.56 0.61322182 0.49 0.49 0.49 0.49 0.49 0.55757893 0.57500019 0.575 0.575 0.575 0.84499999 0.7 0.7 0.7 0.7 1.245 1.2449962 1.1 1.1 0.63586865 0.63 0.63 0.63 1.9 1.9 2.2591954 2.325 2.325 2.145 2.145 2.145 2.1398532 1.665 1.665 
-0.77 -0.77 -0.77 -0.22138412 0.395 0.395 0.235 0.235 0.235 0.235 -0.045 -0.045 -0.045 0.56 0.56 0.56 0.56 0.56003966 1.49 1.49 0.49000041 0.49 0.51276331 1.425 1.4173478 0.575 0.575 0.575 0.575 0.69998727 0.7 0.7 0.7 0.7 1.1000005 1.1 1.1 1.1 1.0983461 0.63 0.63 0.63 1.9 1.9 1.9 2.325 2.325 2.145 2.145 2.145 1.665 1.665 1.665 
-0.77 -0.77 -0.77 0.395 0.395 0.395 0.39499976 0.235 0.235 -0.044710959 -0.045 -0.045 -0.045 -0.044623054 0.75426138 0.8 0.8 0.8 1.49 1.49 1.49 1.425 1.425 1.425 1.4249342 0.89758245 0.575 0.575 0.575 0.98180615 1.0499656 1.05 1.05 1.05 1.0937057 1.085 1.085 1.085 1.085 1.7498468 1.75 1.75 1.9 1.9 2.3049983 2.305 2.295 2.295 2.3 2.3 2.3 1.665 1.5850715 
-0.76999825 -0.77 -0.76999996 0.395 0.395 0.395 0.395 0.72499986 0.23695921 -0.045 -0.045 -0.045 -0.045 -0.043341877 0.8 0.8 0.8 0.8000002 1.49 1.49 1.49 1.425 1.425 1.425 1.19 1.19 1.35 1.35 1.35 1.3483634 1.05 1.05 1.05 1.05 1.0674905 1.085 1.085 1.085 1.085 1.75 1.75 1.75 1.7674624 2.305 2.305 2.305 2.295 2.295 2.3 2.3 2.3 1.585 1.585 
-0.205 -0.45809927 -0.21 -0.20982448 0.395 0.72309063 0.725 0.725 0.86164199 -0.044999974 -0.045 -0.045 -0.045 1.4199523 1.42 0.80000048 0.8 0.81818049 1.49 1.49 1.49 1.28 1.28 1.28 1.19 1.19 1.35 1.35 1.35 1.3500004 1.834995 1.8349978 1.0697298 1.0508416 1.809131 1.81 1.81 1.81 1.81 1.75 1.75 1.75 2.2744401 2.305 2.305 2.3049999 2.295 2.295 2.2950002 2.3 2.2999814 1.885 1.585 
-0.095020889 -0.09500002 -0.21 -0.21 -0.21 0.725 0.725 0.725 1.1 1.1 -0.045 -0.045 -0.045 1.42 1.42 1.42 1.42 1.4200054 1.49 1.49 1.49 1.28 1.28 1.28 1.19 1.19 1.35 1.35 1.35 1.8295316 1.835 1.835 1.835 1.835 1.8100123 1.81 1.81 1.81 1.81 1.9899999 1.99 1.99 1.99 2.304995 1.65 1.65 1.65 1.46 1.46 1.46 1.885 1.885 1.885 
-0.095 -0.095 -0.21 -0.21 -0.21 0.72008547 0.725 1.1 1.1 1.1 -0.04485905 -0.045 1.2338002 1.42 1.42 1.42 1.42 2.085 2.085 2.085 1.065 1.0650002 1.279999 1.28 1.2800577 1.42 1.42 1.4199998 1.3500113 1.5800508 1.5800014 1.5800445 1.8345642 1.8347799 1.8142855 1.8099997 1.807386 1.03 1.03 1.99 1.99 1.99 1.99 1.65 1.65 1.65 1.65 1.46 1.46 1.46 1.885 1.885 1.885 
-0.095 -0.095 -0.21 -0.21 -0.21 -0.21 0.86535155 1.1 1.1 1.1 1.100232 1.52 1.52 1.52 1.4205893 1.42 2.0805686 2.085 2.085 2.085 1.065 1.065 1.065 1.065 1.42 1.42 1.42 1.42 1.42 1.58 1.58 1.58 1.58 1.5799993 1.23 1.03 1.03 1.03 1.03 1.0300019 1.475 1.475 1.475 1.4815093 1.495 1.495 1.495 1.46 1.4599997 1.145 1.145 1.5800742 1.58 
-0.095 -0.095 -0.16849308 -0.21 -0.21 -0.20999996 1.7937667 1.1021903 1.1 1.1 1.52 1.52 1.52 1.52 1.52 1.5118874 2.085 2.085 2.085 2.085 1.0650079 1.065 1.065 1.065 1.42 1.42 1.42 1.42 1.42 1.5504417 1.58 1.58 1.58 1.23 1.23 1.2298447 1.03 1.03 0.72047182 0.48000005 1.475 1.475 1.475 1.4801326 1.495 1.495 1.495 1.22 1.1459345 1.145 1.145 1.58 1.58 
1.765 1.765 1.765 0.28518679 -0.20708166 1.795 1.795 1.795 1.795 1.655 1.655 1.52 1.52 1.52 1.52 1.5200358 2.085 2.085 2.085 2.085 1.5100949 1.065 1.065 1.0668319 1.1476907 1.42 1.42 1.42 1.54 1.54 1.54 1.5400002 1.23 1.23 1.23 1.23 0.48 0.48 0.48 0.48 1.095 1.095 1.095 1.1299993 1.13 1.13 1.1300001 1.22 1.22 1.1450914 1.145 1.5799961 1.58 
1.765 1.765 1.765 1.7650005 1.775 1.7779083 1.795 1.795 1.795 1.655 1.655 1.655 1.635 1.635 1.635 1.635 2.083965 2.085 2.085 2.085 2.069537 1.1349998 1.135 1.135 1.135 1.135 1.385 1.385 1.54 1.54 1.54 1.54 1.2299998 1.23 1.23 1.2299825 0.48 0.48 0.48 0.47995613 1.095 1.095 1.095 1.1299984 1.13 1.13 1.13 1.22 1.22 1.2199999 0.815 0.815 0.76 
1.765 1.765 1.765 1.775 1.775 1.775 1.795 1.795 1.795 1.655 1.655 1.655 1.635 1.635 1.635 1.6262417 1.52 1.52 1.5200015 2.0818087 1.135 1.135 1.135 1.135 1.135 1.1351881 1.385 1.385 1.385 1.54 1.54 1.5394143 1.015 1.015 1.015 0.065000004 0.065000002 0.47 0.47 0.47 0.735 1.0948871 1.0949994 1.02 1.02 1.0241689 1.1299999 1.22 1.22 0.815 0.815 0.815 0.76 
1.765 1.765 1.765 1.775 1.775 1.775 1.775 1.795 1.795 1.655 1.655 1.6357997 1.635 1.635 1.635 1.52 1.52 1.52 1.52 1.52 1.135 1.135 1.135 1.135 1.135 1.3849991 1.385 1.385 1.385 0.63 0.63 0.63 1.015 1.015 1.015 0.065 0.065 0.47 0.47 0.735 0.735 0.735 1.02 1.02 1.02 1.02 0.97892633 0.52 0.52 0.52 0.81499999 0.32 0.32 
1.765 1.765 1.7650139 1.775 1.775 1.775 1.775 1.6369583 1.63 1.6300429 1.655 1.6349983 1.635 1.635 1.6349996 1.52 1.52 1.52 1.52 1.52 0.91446001 1.135 1.135 1.135 1.1347703 1.3849232 1.385 1.385 1.385 0.63 0.63 0.63 0.63005267 1.015 0.065 0.065 0.065 0.065016461 0.47001807 0.735 0.735 0.735 1.0199827 1.02 1.02 1.02 0.51999674 0.52 0.52 0.52 0.32 0.32 0.32 
1.495 1.4950005 1.7749849 1.775 1.775 1.775 1.6300309 1.63 1.63 1.63 1.615 1.615 1.615 1.615 1.5204385 1.52 1.52 1.52 1.52 0.90500037 0.905 0.905 0.020000186 0.02 0.02 0.02 0.13781706 1.385 0.27504546 0.275 0.275 0.275 0.275 -0.215 -0.215 -0.215 -0.215 -0.215 0.645 0.645 0.645 0.645 0.645 0.19125117 0.19 0.19 0.19 0.52 0.52 0.52 0.32003151 0.32 0.32 
1.495 1.495 1.4948745 1.4800006 1.4800001 1.4801464 1.63 1.63 1.63 1.63 1.615 1.615 1.615 1.615 1.615 1.52 1.52 1.52 0.90500015 0.905 0.905 0.905 0.020000003 0.02 0.02 0.02 0.02 0.020289068 0.27466211 0.275 0.275 0.275 0.27486426 -0.24051057 -0.21502642 -0.215 -0.215 -0.215 0.645 0.645 0.645 0.645 0.645 0.19 0.19 0.19 0.19 0.34431445 0.52 1.0144215 1.02 0.89 0.89 
1.495 1.495 1.4800019 1.48 1.48 1.48 1.5180994 1.63 1.63 1.63 1.615 1.615 1.615 1.615 1.615 1.5200687 1.52 0.90518031 0.905 0.905 0.905 0.905 0.34785398 0.02 0.02 0.02 0.02 0.019560792 -0.6 -0.6 -0.6 -0.6 -0.6 -0.26 -0.26 -0.26 -0.26 -0.26 0.06 0.06 0.06 0.06 0.060000006 0.19198996 0.19000042 0.19 0.19013815 0.2067425 1.02 1.02 1.02 0.89000073 0.89 
1.4949985 0.70079174 1.4799999 1.48 1.48 1.48 1.48 1.6299361 1.63 1.63 1.615 1.615 1.615 1.615 1.1407725 1.13 1.13 0.90500579 0.905 0.905 0.905 0.905 0.90499988 0.02 0.02 0.02 0.02 -0.87999971 -0.87999987 -0.8204092 -0.6 -0.6 -0.6 -0.26 -0.26 -0.26 -0.26 -0.26009143 0.06 0.06 0.06 0.06 0.060040989 1.005 1.005 1.005 1.005 1.0050012 1.02 1.02 1.02 1.0200002 1.3185936 
0.685 0.685 0.86080719 1.48 1.48 1.48 1.48 1.48 1.6299351 1.25 1.25 1.25 1.2508662 1.1300007 1.13 1.13 1.13 1.13 0.90499688 0.87833115 0.645 0.645 0.645 0.48268541 -0.041227826 -0.36884632 -0.64536911 -0.88 -0.88 -0.88 -0.88 -0.88 -0.86506353 -0.39578563 -0.395 -0.395 -0.395 -0.395 0.16050155 0.59499904 0.595 0.595 0.595 1.2149994 1.0050001 1.005 1.005 1.625 1.0200097 1.02 1.02 1.325 1.325 
0.685 0.685 0.88 0.88 0.88 1.4798001 1.48 1.48 1.25 1.25 1.25 1.25 1.25 1.13 1.13 1.13 1.13 1.13 0.645 0.645 0.645 0.645 0.645 -0.74499993 -0.745 -0.745 -0.745 -0.88 -0.88 -0.88 -0.88 -0.88 -0.465 -0.465 -0.395 -0.395 -0.395 0.49984758 0.5 0.595 0.595 0.595 0.59500009 1.215 1.215 1.215 1.625 1.625 1.625 1.61 1.61 1.325 1.325 
0.685 0.685 0.88 0.88 0.88 0.88 0.88000074 1.015 1.2497787 1.25 1.25 1.25 1.25 1.1314969 1.13 1.13 1.13 1.13 0.64500001 0.645 0.645 0.645 0.645 -0.745 -0.745 -0.745 -0.745 -0.74500056 -0.88 -0.88 -0.88 -0.46502176 -0.465 -0.465 -0.465 -0.395 0.49999999 0.5 0.5 0.50249963 1.1050201 1.2 1.2 1.215 1.215 1.215 1.625 1.625 1.625 1.61 1.61 1.61 0.79968452 
0.855 0.85499867 0.88 0.88 0.88 0.88 1.015 1.015 1.015 1.25 1.25 1.25 1.25 1.2499627 1.13 1.13 1.13 1.13 0.64500817 0.645 0.645 0.64499999 -0.50014734 -0.745 -0.745 -0.745 -0.745 -0.95499983 -0.955 -0.955 -0.88078944 -0.465 -0.465 -0.465 -0.46499951 0.049999992 0.5 0.5 0.5 0.50000001 1.2 1.2 1.2 1.595 1.595 1.595 1.6699956 1.625 1.625 1.61 1.61 1.61 0.74499983 
0.855 0.855 0.88 0.88 0.88 1.015 1.015 1.015 1.015 1.2242363 1.25 1.25 1.25 1.2499981 0.77004143 0.77 0.77 0.77 -0.063476869 -0.32 -0.32 -0.32 -0.32 -0.745 -0.745 -0.745 -0.74501385 -0.955 -0.955 -0.955 -0.955 -0.46495617 -0.1753274 0.05 0.05 0.05 0.50085708 0.72999521 0.73 0.73 1.2001214 1.355 1.355 1.595 1.595 1.5950003 1.67 1.67 1.215 1.215 1.215 0.595 0.685 
0.855 0.855 0.455 0.455 0.455 1.015 1.015 1.015 1.015 1.125 1.125 1.125 1.125 1.0999823 0.77 0.77 0.77 0.77 -0.055 -0.32 -0.32 -0.32 -0.32 -0.485 -0.4850001 -0.74499962 -0.955 -0.955 -0.955 -0.955 -0.59048183 -0.235 0.016088909 0.05 0.05 0.05 0.73 0.73 0.73 0.73 1.355 1.355 1.355 1.4699637 1.47 1.669101 1.67 1.67 1.2149959 1.215 0.595 0.595 0.685 
0.855 0.455 0.455 0.455 0.455 0.455 1.0135639 0.83 0.83 1.125 1.125 1.125 1.125 1.1249159 0.77 0.77 0.77 0.73272388 -0.055 -0.055 -0.32 -0.32 -0.485 -0.485 -0.485 -0.485 -0.955 -0.955 -0.955 -0.955 -0.235 -0.235 -0.235 0.049711604 0.05 0.05 0.73 0.73 0.73 0.73 1.355 1.355 1.355 1.47 1.47 1.4699782 1.085 1.085 0.285 0.285 0.595 0.595 0.685 
0.4587565 0.455 0.455 0.455 0.455 0.455 0.83 0.83 0.83 0.98789633 1.125 1.125 1.125 1.1249881 0.77 0.77 0.77 -0.055 -0.055 -0.055 -0.31998676 -0.32000101 -0.485 -0.485 -0.485 -0.485 -0.95496659 -0.955 -0.955 -0.23516558 -0.235 -0.235 -0.235 -0.235 0.049147665 -0.065 -0.065 -0.051241143 0.73 0.73 1.3549994 1.355 1.4666564 1.47 1.47 1.0850001 1.085 1.085 0.285 0.285 0.02 0.02 0.4 
0.455 0.455 0.455 0.455 0.455 0.455 0.83 0.83 0.83 0.83 0.58501556 0.585 0.585 0.585 0.7699976 0.26360218 -0.02 -0.02 -0.054935478 -0.055 -0.055000052 -0.48499976 -0.485 -0.485 -0.485 -0.485 -0.48534172 -0.955 -0.95497539 -0.235 -0.235 -0.235 -0.235 -0.235 -0.065 -0.065 -0.065 -0.065 -0.065 -0.064996025 0.415 0.415 0.41500018 0.935 0.935 0.935 0.335 0.335 -0.01 -0.01 0.02 0.020000827 0.4 
0.455 0.455 0.455 0.455 0.455 0.455 0.83 0.83 0.83 0.585 0.585 0.585 0.585 0.585 0.42552345 -0.02 -0.02 -0.02 -0.02 -0.02 -0.021671135 -0.485 -0.485 -0.485 -0.485 -0.48390096 -0.45005485 -0.88623407 -0.23855066 -0.235 -0.235 -0.235 -0.235 -0.23499963 -0.065 -0.065 -0.065 -0.065 -0.065 0.15829488 0.415 0.415 0.415 0.935 0.935 0.935 0.335 0.335 -0.01 -0.01 0.56999999 0.40937777 0.4 
0.455 0.455 0.455 0.455 0.455 0.45500011 0.82999991 0.83 0.81983113 0.585 0.585 0.585 0.585 0.585 0.55598047 -0.02 -0.02 -0.02 -0.02 -0.02 -0.02 -0.45400007 -0.45000005 -0.45 -0.45 -0.45 -0.45 -0.45 -0.95227148 -0.95999142 -0.95999998 -0.96 -0.96 -0.95999935 -0.065 -0.065 -0.065 -0.065 -0.065 0.41499994 0.415 0.415 0.415 0.41500023 0.93482365 0.825 0.33500005 0.56593452 -0.0094918024 0.57 0.57 0.57259833 0.695 
0.455 0.455 0.455 0.455 0.455 0.45502396 0.82997977 0.82998518 0.58500031 0.585 0.585 0.585 0.585 0.585 0.57348814 -0.02 -0.02 -0.02 -0.02 -0.02 -0.02 -0.45 -0.45 -0.45 -0.45 -0.45 -0.45 -0.45 -0.95985922 -0.96 -0.96 -0.96 -0.96 -0.96 -0.71477009 -0.065 -0.065 -0.065 -0.065 0.415 0.415 0.415 0.415 0.41510503 0.825 0.825 0.82340178 0.57 0.57 0.57 0.57 0.695 0.695 
0.455 0.455 0.455 0.455 0.455 0.45550011 0.82954796 0.61264665 0.585 0.585 0.585 0.585 0.585 0.585 0.57440844 -0.02 -0.02 -0.02 -0.02 -0.02 -0.081224186 -0.45 -0.45 -0.45 -0.45 -0.45 -0.45 -0.45 -0.95999795 -0.96 -0.96 -0.96 -0.96 -0.96 -0.96 -0.17469027 -0.34514409 -0.43835864 -0.45254347 0.36293428 0.41499998 0.415 0.415 0.82496726 0.825 0.82183633 0.29500131 0.57 0.57 0.30490732 0.305 0.305 0.69499982 
0.455 0.455 0.455 0.455 0.45500038 0.45812725 0.80619078 0.58506737 0.585 0.585 0.585 0.585 0.585 0.585 0.57087232 -0.019999999 -0.02 -0.02 -0.02 -0.020000002 -0.44999814 -0.45 -0.45 -0.45 -0.45 -0.45 -0.45 -0.45 -0.95999986 -0.96 -0.96 -0.96 -0.96 -0.96 -0.9599999 -0.46 -0.46 -0.46 -0.46 -0.395 -0.395 -0.395 -0.395 0.29500153 0.295 0.295 0.295 0.29499555 -0.12 -0.12 0.305 0.305 -0.61415118 
0.455 0.455 0.455 0.45500003 0.45501047 0.46506943 0.60116221 0.5850032 0.585 0.585 0.585 0.585 0.585 0.585 0.56446257 -0.019999752 -0.02 -0.02 -0.02 -0.022587982 -0.45 -0.45 -0.45 -0.45 -0.45 -0.45 -0.45 -0.45 -0.95999989 -0.96 -0.96 -0.96 -0.96 -0.96 -0.46000046 -0.46 -0.46 -0.46 -0.46 -0.395 -0.395 -0.395 -0.395 -0.20877197 0.295 0.295 0.295 -0.11999536 -0.12 -0.12 -1.025 -1.025 -1.025 
0.455 0.455 0.45500002 0.45500085 0.45510204 0.48165234 0.58583492 0.5850008 0.585 0.585 0.585 0.585 0.585 0.58499996 0.55577982 -0.019985773 -0.02 -0.02 -0.020000493 -0.44128752 -0.45 -0.45 -0.45 -0.45 -0.45 -0.45 -0.45 -0.45 -0.95999952 -0.96 -0.96 -0.96 -0.96 -1.0515049 -0.46000019 -0.46 -0.46 -0.46 -0.46 -0.395 -0.395 -0.395 -0.395 -0.395 0.295 0.295 0.295 -0.12 -0.12 -0.12 -1.025 -1.025 -1.025 
0.455 0.45500003 0.45500035 0.45501 0.45554861 0.54161999 0.58513657 0.58500049 0.585 0.585 0.585 0.585 0.585 0.58499886 0.54545674 -0.019779048 -0.019999987 -0.020000015 -0.022226319 -0.44996344 -0.45 -0.45 -0.45 -0.45 -0.45 -0.45 -0.45 -0.4500003 -0.9599968 -0.96 -0.96000009 -1.074011 -1.085 -1.085 -1.085 -0.46 -0.46 -0.46 -0.46 -0.395 -0.395 -0.395 -0.395 -0.395 0.29498777 0.295 0.2949998 -0.11999997 -0.12 -0.12000049 -1.025 -1.025 -1.025 
