interpolatedSpi/02-02|22_3.tif
NCOLS 53
NROWS 52
XLLCORNER -116.03883
YLLCORNER 28.596182
DX 0.49850594
DY 0.49788537
NODATA_VALUE -9999
1.06 1.06 0.88842735 0.6 1.64 1.25 1.03 0.98 0.97943855 0.52 1.04 0.81 0.9900527 1.63 1.69 1.69 1.69 1.08 1.13 1.13 1.13 1.1299903 0.12000001 0.96 0.96 0.96 0.7000108 0.7 0.7 0.05 0.05 0.05 0.05 -2.1499996 -2.15 -2.15 -2.15 -2.15 -2.15 -2.1499999 0.27389324 0.29938389 -2.12 -2.12 -2.12 -2.12 -2.1215843 -3.09 -3.09 -3.09 -0.42000555 -0.42 -0.42 
1.0599747 0.49 0.37000013 0.43094561 0.77998898 1.25 1.43 0.85015311 0.93 0.87 0.81 0.99 0.99 1.2213671 1.6299956 1.69 1.08 1.08 1.1299348 1.13 1.13 1.13 0.94578799 0.96 0.96 0.96 1.9099999 1.91 0.05 0.05 0.05 0.05 0.05 -2.1499997 -2.15 -2.15 -2.15 -2.15 -2.1499998 -1.6361927 0.94983422 -1.7474803 -2.12 -2.12 -2.12 -2.12 -2.12 -3.09 -3.09 -3.09 -2.868601 -0.42 -0.42 
0.70000347 0.7 0.48 1.16 0.36 0.08 0.02 0.15 0.12 0.83 1.64 0.18 0.52 1.57 1.22 0.19 1.08 1.08 1.08 1.4699012 1.47 1.47 0.69 0.96 0.96 0.96 1.91 1.91 1.91 0.05 0.05 0.050000042 0.46400406 -2.1422873 -2.1262649 0.37663315 0.4 0.4 0.4691755 0.95 0.95 0.94607424 -2.12 -2.12 -2.12 -2.12 -2.12 -3.09 -3.09 -3.09 -3.09 -0.42 -0.42 
-0.07 0.69999979 -0.36004596 1.39 -0.6 0.14 -0.44 -0.71 0.62 0.30886895 0.39 -0.079999999 0.46 1.57 0.41 0.19 -0.13747519 -0.1391452 -0.6 1.47 1.47 -0.16 0.69 0.69 0.96 0.96000474 1.91 1.91 1.91 0.14 0.56248185 0.91 0.91 0.90999959 0.4 0.4 0.4 0.4 0.95 0.95 0.95 0.94999988 -2.12 -2.12 -2.12 -2.12 -2.12 -3.0899878 -3.09 -3.09 -3.09 -0.42000163 -0.42 
-0.07 -0.39999993 -0.36 -0.90019426 -0.6 -0.8 -0.51001278 -0.89 -0.43 0.84999961 0.67124869 0.59004011 0.87 0.41 0.41 0.25761366 -0.14 -0.14 -0.6 -0.6 1.4699968 -0.16 0.35 1.21 0.8 0.80002834 1.91 1.91 0.14 0.14 0.91 0.91 0.91 0.79308447 0.4 0.4 0.4 0.95 0.95 0.95 0.95 0.95002606 -2.12 -2.12 -2.12 -2.12 -2.12 -2.1286342 -3.09 -3.0898825 -0.47 -0.47 -0.47 
-1.07 -0.62 0.53000001 0.22 -1.3 -0.85 0.13 -0.00058921217 -0.16 -0.36 0.07 0.67 0.67000013 -0.02 -0.02 0.28001207 0.28 0.28 0.28 -0.59999849 0.22 0.22 1.21 0.8 0.8 0.92 0.38 0.38 0.94992526 0.14 0.91 0.91 0.29 0.2899394 -0.28995833 0.15 0.15 0.70250174 0.95 0.95 1.2196633 1.22 1.2200016 -1.0983588 -1.0801149 -1.0800003 -1.08 -1.0800004 -0.75298869 -0.47 -0.47 -0.47 -0.47 
-1.2300094 0.46 -0.45738843 0.13 -0.12 -1.45 -1.08 -0.95 -0.65 -0.65 0.07 0.33 0.25999996 -0.02 0.32999895 0.33 0.28 0.71 1.11 1.11 0.16344821 0.1 0.1 0.93 0.92 0.92 0.38 0.38 0.94994813 0.9490451 1.1865159 0.29 0.29 -0.29 -0.29 0.30249921 0.15 0.15 0.85997539 1.2199995 1.22 1.22 1.2200089 -1.0799895 -1.08 -1.08 -1.08 -1.0799998 -0.72 -0.47004954 -0.47 -0.47 -0.47 
-1.23 -1.34 -0.31 -0.69 -0.31002178 -0.89 -1.06 -0.89999999 -1.05 -1.01 -1.01 0.08 0.26 0.26 0.32951974 0.084095618 0.06 0.93 -0.10999875 1.11 1.0593521 1.23 -0.57 0.86999999 0.86999007 0.1 0.3 0.30000003 0.063118684 0.060000025 1.19 0.037590443 -0.15 -0.29 -0.25320765 0.43 0.43 0.86 0.86 1.22 1.22 1.22 0.81579805 0.8099999 -1.08 -1.08 -1.08 -0.7200137 -0.72 -0.72 -0.47 -0.47 -0.47 
-1.3126912 -1.34 -0.94 0.18 -0.43 -0.99 -0.58 -1.3 -1.21 -0.44445989 -0.47 -0.28000001 -0.28 0.01 0.0099957686 -0.63804904 -0.64 -0.64 0.7712424 -0.82999999 -0.78 -0.77999998 2.38 0.5925465 0.17759567 0.1 0.92 0.3 1.5327944 1.54 0.09 2.05 1.4506454 0.59 1 0.74 1.47 0.1 1.0595567 1.2233032 1.96 1.69 0.81007165 0.81 0.79936206 -1.08 -1.24 -0.72 -0.72 -0.72 -0.71999999 -0.25709228 0.77 
-1.16 -1.16 -0.59 -0.45 -0.28 -1.36 -0.49 -1.13 -1.05 -0.25012844 -0.54 0.96 0.01 0.01 -0.44 -0.44274309 -0.64 -0.64002618 -0.79 -0.83 -0.83 -0.82355831 2.38 0.90002803 0.9 0.9 0.92 0.69 0.69 1.54 1.54 2.047743 0.86 0.59 0.45 0.74 1.47 0.51 1.06 1.8076827 1.69 1.5283707 1.25 0.81 0.81 -1.24 -1.24 -1.24 -0.72 -0.72 1.24 1.24 1.2399998 
-1.16 -1.16 -1.27 -1.68 -1.29 0.26 -1 0.068493967 -0.19 -0.42 -1.66 -0.87 0.95756232 -0.44 -0.44 -0.44 -0.44 -0.45836964 -0.79 -0.27 -0.27 -0.61 -0.61 0.9 0.9 0.9 0.69 0.69 0.69 0.74 0.74 0.7400002 0.45 0.45 0.17 -0.36 1.8 0.9099977 1.09 1.82 1.82 0.96000095 1.25 0.81 0.87999923 -0.13 1.5081133 1.52 2.13 2.13 1.24 1.24 1.24 
-1.16 -1.2076301 -1.4449616 -1.3899985 -0.92 -0.66 -1 0.07 -0.18999783 -0.41745188 -0.86999941 -0.87 0.08 -0.44 -0.44 -0.44 -0.44 -0.44001992 -0.79 -0.27 -0.33676908 -0.61 -0.61 0.89993935 0.9 0.59429081 -0.03 -0.03 -0.02999991 0.74 0.74 0.42 0.42 0.44999923 0.17 1.0199998 1.6139889 0.91 0.91 1.82 0.96 0.96 0.95999947 0.88 0.88 -0.13 1.52 1.52 2.13 2.13 1.24 1.24 1.24 
-0.38 -0.031578896 0.079935007 0.069351928 -0.9199989 -0.66000614 -0.99999999 0.056828913 -0.17208334 -0.19600591 0.08 0.08 0.08 0.08 -0.43992634 -0.44 -0.44 -0.44451906 -0.79 -0.27005826 -0.46 -0.46 -0.46 -0.46 0.87621158 -0.03 -0.03 -0.03 -0.03 -0.029503825 0.42 0.42 0.42 0.42 1.02 1.02 1.02 0.91498886 0.91450632 1.51 1.51 0.96002958 1.4499805 0.8800549 0.88 -0.13 1.52 1.52 2.13 2.13 1.2432288 1.24 2.0564293 
-0.38 0.08 0.08 0.08 0.08 0.079999686 -0.99912959 -0.49374953 -0.12428342 0.079703506 0.08 0.08 0.08 0.08 0.080000043 -0.44 -0.44000006 -0.46400761 -0.78999405 -0.46 -0.46 -0.46 -0.46 -0.46 -0.45999824 0.028758197 0.13999996 0.14 0.14 0.14 0.42 0.42 0.42000036 0.72 0.72 1.02 1.2436041 1.25 1.5099998 1.51 1.51 1.51 1.45 1.45 1.45 1.4390046 1.8276403 1.83 1.83 1.83 1.83 1 1 
-0.02 0.08 0.08 0.08 0.08 0.08 0.079999932 -0.64321291 0.14846824 0.15 0.15 0.15 0.15 0.15 0.15 -0.095005893 -0.43463549 -0.48792662 -0.46004137 -0.46 -0.46 -0.46 -0.46 -0.45999986 -0.46 -0.46 -0.45999916 0.14 0.14 0.14010012 0.19 0.19 0.72 0.72 0.72 1.1650998 1.25 1.25 1.25 1.51 1.51 1.51 1.45 1.45 1.45 1.45 1.83 1.83 1.83 1.83 1.83 1 1 
-0.02 0.017228864 0.08 0.08 0.08 0.08 -0.37990972 -0.38 -0.37999999 0.15 0.15 0.15 0.15 0.15 0.094848251 -0.1 -0.1 -0.1 -0.340365 -0.34000012 -0.34 -0.34 -0.34 -0.34 -0.46 -0.46 -0.46 -0.46 0.14 0.19 0.19 0.19 0.71999995 0.72 0.72 1.24 1.2499868 1.25 1.25 1.5099145 1.3394727 0.9417036 1.45 1.45 1.0312961 1.03 1.03 1.8271891 0.12597568 0.12000015 0.12000032 0.27011046 0.99999852 
-0.019999999 -0.36059956 -0.14772072 0.08 0.08 -0.37972821 -0.38 -0.38 -0.38 -0.37618067 0.15 0.15 0.15 0.14999997 -0.1 -0.1 -0.1 -0.1 -0.33978561 -0.34 -0.34 -0.34 -0.34 -0.34 -0.46 -0.46 -0.46 -0.46 -0.45763573 0.19 0.19 0.19 -0.66999998 0.72001934 1.24 1.24 1.24 1.2328556 0.95961365 0.94 0.94 0.94 0.61 0.61 1.03 1.03 1.03 0.12000001 0.12 0.12 0.12 0.27 0.27 
-0.3694608 -0.37 -0.37 -0.37 -0.13 -0.37999355 -0.38 -0.38 -0.38 -0.38 0.10457489 0.14999218 0.14999998 -0.1 -0.1 -0.1 -0.1 -0.1 -0.14722251 -0.34 -0.34 -0.34 -0.34 -0.34 -0.68881872 -1.1599962 -1.16 -1.16 -1.16 0.18999996 -0.66999999 -0.67 -0.67 -0.67 1.24 1.2399829 0.59 0.59 0.93562973 0.94 0.94 0.94 0.61 0.61 0.96496954 1.03 1.03 0.12 0.12 0.12 0.12160839 0.27 0.27 
-0.37 -0.37 -0.37 -0.25698042 -0.13 -0.13 -0.38 -0.38 -0.38 -0.38 -0.45 -0.45 -0.45 -0.1 -0.1 -0.1 -0.1 -0.099996695 -0.55 -0.55 -0.34000009 -0.34 -0.34852103 -0.69 -0.6942312 -1.16 -1.16 -1.16 -1.16 -0.67004989 -0.67 -0.67 -0.67 -0.67 0.59000229 0.59 0.59 0.59 0.59118557 0.94 0.94 0.94 0.61 0.61 0.61 1.03 1.03 0.12000001 0.12 0.12 0.27 0.27 0.27 
-0.37 -0.37 -0.37 -0.13 -0.13 -0.13 -0.13000038 -0.38 -0.38 -0.44992774 -0.45 -0.45 -0.45 -0.44978193 -0.083811552 -0.08 -0.08 -0.080000002 -0.55 -0.55 -0.55 -0.69 -0.69 -0.69 -0.68993557 -0.79283298 -1.16 -1.16 -1.16 -1.3886913 -1.5399144 -1.54 -1.54 -1.54 0.25916348 -0.19999821 -0.2 -0.2 -0.2 0.070119041 0.07 0.07 0.61 0.61 0.030002421 0.029999883 -0.3 -0.3 -0.06 -0.06 -0.06 0.27 -0.6991327 
-0.37000174 -0.37 -0.36999999 -0.13 -0.13 -0.13 -0.13000001 -0.67999991 -0.38119952 -0.45018136 -0.45 -0.45 -0.45 -0.44927396 -0.08 -0.08 -0.08 -0.080000135 -0.55 -0.55 -0.55 -0.69 -0.69 -0.69 -0.46 -0.46 -0.36 -0.36 -0.36 -0.36643727 -1.54 -1.54 -1.54 -1.54 -0.87036797 -0.2 -0.2 -0.2 -0.2 0.07 0.07 0.07 0.068741447 0.03 0.03 0.03 -0.3 -0.3 -0.06 -0.06 -0.06 -0.69999998 -0.7 
-0.93 -0.66364247 -0.65 -0.64984914 -0.13 -0.67681772 -0.68 -0.68 -0.65813728 -0.65 -0.65 -0.65 -0.65 0.029977864 0.03 -0.079999916 -0.08 -0.092383809 -0.55 -0.55 -0.55 -0.08 -0.08 -0.08 -0.46 -0.46 -0.36 -0.36 -0.36 -0.36000001 -0.37000744 -0.37000329 -1.5105938 -1.5387457 -0.6010646 -0.6 -0.6 -0.6 -0.6 0.07 0.07 0.07 0.032202084 0.03 0.03 0.029999891 -0.3 -0.3 -0.29999136 -0.06 -0.060043822 -1.04 -0.7 
-0.37010635 -0.37000005 -0.65 -0.65 -0.65 -0.68 -0.68 -0.68 -0.62 -0.62 -0.65 -0.65 -0.65 0.03 0.03 0.03 0.03 0.029935218 -0.55 -0.55 -0.54999998 -0.08 -0.08 -0.08 -0.46 -0.46 -0.36 -0.36 -0.36 -0.36988725 -0.37 -0.37 -0.37 -0.37 -0.59988651 -0.6 -0.6 -0.6 -0.6 -0.58999983 -0.59 -0.59 -0.59 0.02999532 -0.58 -0.58 -0.58 -0.92 -0.92 -0.92 -1.04 -1.04 -1.04 
-0.37 -0.37 -0.65 -0.65 -0.65 -0.67984231 -0.68 -0.62 -0.62 -0.62 -0.64999631 -0.65 -0.52743129 0.029999879 0.03 0.03 0.03 -0.19 -0.19 -0.19 0.30999999 0.30999971 -0.0799981 -0.08 -0.080533549 -0.8 -0.8 -0.79999895 -0.36007111 -1.2498246 -1.2499953 -1.2498464 -0.37150401 -0.37075943 -0.55961052 -0.60000042 -0.60365284 -1.69 -1.69 -0.59 -0.59 -0.59 -0.59 -0.58 -0.58 -0.58 -0.58 -0.92 -0.92 -0.92 -1.04 -1.04 -1.04 
-0.37 -0.37 -0.65 -0.65 -0.65 -0.65 -0.65754375 -0.62 -0.62 -0.62 -0.61993371 -0.5 -0.5 -0.5 0.026876588 0.03 -0.18853397 -0.19 -0.19 -0.19 0.31 0.31 0.31 0.31 -0.8 -0.8 -0.8 -0.8 -0.8 -1.25 -1.25 -1.25 -1.25 -1.2500017 -2.04 -1.69 -1.69 -1.69 -1.69 -1.6899987 -1.45 -1.45 -1.45 -1.303561 -1 -1 -1 -0.92 -0.92000027 -1.2 -1.2 -0.80005839 -0.8 
-0.37 -0.37 -0.54893966 -0.65 -0.65 -0.65 -0.78969833 -0.62053575 -0.62 -0.62 -0.49999996 -0.5 -0.5 -0.5 -0.5 -0.45651149 -0.19 -0.19 -0.19 -0.19 0.30999613 0.31 0.31 0.31 -0.8 -0.8 -0.8 -0.8 -0.8 -1.3830122 -1.25 -1.25 -1.25 -2.04 -2.04 -2.0397282 -1.69 -1.69 -1.8419502 -1.96 -1.45 -1.45 -1.45 -1.3052158 -1 -1 -1 -1.18 -1.1997508 -1.2 -1.2 -0.8 -0.8 
-0.43 -0.43 -0.43 -0.59483995 -0.64916359 -0.79 -0.79 -0.79 -0.79 -0.31 -0.31 -0.49999999 -0.5 -0.5 -0.5 -0.49998034 -0.19 -0.19 -0.19 -0.19 0.091816219 0.31 0.31 0.32544055 0.82430092 -0.8 -0.8 -0.8 -1.43 -1.43 -1.43 -1.4299992 -2.04 -2.04 -2.04 -2.04 -1.96 -1.96 -1.96 -1.96 -1.44 -1.44 -1.44 -0.94001005 -0.94 -0.94 -0.94000002 -1.18 -1.18 -1.1999756 -1.2 -0.79999985 -0.8 
-0.43 -0.43 -0.43 -0.42998061 -0.07 -0.17469983 -0.79 -0.79 -0.79 -0.31 -0.31 -0.31 -0.070000019 -0.07 -0.07 -0.069999998 -0.18904745 -0.19 -0.19 -0.19 -0.18238601 0.89999838 0.9 0.9 0.9 0.89999994 -0.64 -0.64 -1.43 -1.43 -1.43 -1.43 -2.0399998 -2.04 -2.04 -2.0399829 -1.96 -1.96 -1.96 -1.9607019 -1.44 -1.44 -1.44 -0.94002319 -0.94 -0.94 -0.94 -1.18 -1.18 -1.1799999 -0.77 -0.77 -0.27 
-0.43 -0.43 -0.43 -0.07000083 -0.07 -0.07 -0.78999973 -0.79 -0.79 -0.31 -0.31 -0.31 -0.07 -0.07 -0.07 -0.03953618 0.33 0.33 0.32999866 -0.1870629 0.9 0.9 0.9 0.9 0.9 0.89884107 -0.64 -0.64 -0.64 -1.43 -1.43 -1.4299356 -1.83 -1.83 -1.83 -1.76 -1.76 -2.12 -2.12 -2.12 -1.89 -1.4401412 -1.4399999 -1.42 -1.42 -1.4018085 -0.94000167 -1.18 -1.18 -0.77 -0.77 -0.77 -0.27 
-0.43 -0.43 -0.43 -0.07 -0.07 -0.07 -0.07 -0.79 -0.79 -0.31 -0.31 -0.079596539 -0.07 -0.07 -0.07 0.33 0.33 0.33 0.33 0.33 0.9 0.9 0.9 0.9 0.9 -0.63999475 -0.64 -0.64 -0.64 -1.33 -1.33 -1.33 -1.83 -1.83 -1.83 -1.76 -1.76 -2.12 -2.12 -1.89 -1.89 -1.89 -1.42 -1.42 -1.42 -1.42 -1.3468889 -0.53 -0.53 -0.53 -0.76999999 -0.12 -0.12 
-0.43 -0.43 -0.42949868 -0.07 -0.07 -0.07 -0.07 0.091842001 0.1 0.099296085 -0.31 -0.070017589 -0.07 -0.07 -0.069998616 0.33 0.33 0.33 0.33 0.33 0.26703033 0.9 0.9 0.9 0.89981669 -0.63996343 -0.64 -0.64 -0.64 -1.33 -1.33 -1.33 -1.3300644 -1.83 -1.76 -1.76 -1.76 -1.7600147 -2.1199843 -1.89 -1.89 -1.89 -1.4200285 -1.42 -1.42 -1.42 -0.53000109 -0.53 -0.53 -0.53 -0.12 -0.12 -0.12 
-0.24 -0.24000033 -0.070195337 -0.07 -0.07 -0.07 0.099963826 0.1 0.1 0.1 -0.27999999 -0.28 -0.28 -0.28 0.32718465 0.33 0.33 0.33 0.33 0.24000005 0.24 0.24 0.010000148 0.01 0.01 0.01 -0.04610336 -0.64 -0.38001065 -0.38 -0.38 -0.38 -0.38 -1.64 -1.64 -1.64 -1.64 -1.64 -1.62 -1.62 -1.62 -1.62 -1.62 -0.63119087 -0.63 -0.63 -0.63 -0.53 -0.53 -0.53 -0.12006459 -0.12 -0.12 
-0.24 -0.24 -0.23748821 0.059999739 0.059999971 0.060038899 0.1 0.1 0.1 0.1 -0.28 -0.28 -0.28 -0.28 -0.28 0.33 0.33 0.33 0.24000002 0.24 0.24 0.24 0.010000001 0.01 0.01 0.01 0.01 0.0098620565 -0.38031665 -0.38 -0.38 -0.38 -0.38012721 -1.5549648 -1.6399119 -1.64 -1.64 -1.64 -1.62 -1.62 -1.62 -1.62 -1.62 -0.63 -0.63 -0.63 -0.63 -0.58323805 -0.53 1.329025 1.35 1.12 1.12 
-0.24 -0.24 0.059961999 0.06 0.06 0.06 0.070159831 0.1 0.1 0.1 -0.28 -0.28 -0.28 -0.28 -0.28 0.32953218 0.33 0.24002639 0.24 0.24 0.24 0.24 0.09520499 0.01 0.01 0.01 0.01 0.0091428765 -1.2 -1.2 -1.2 -1.2 -1.2 -1.49 -1.49 -1.49 -1.49 -1.49 -1.21 -1.21 -1.21 -1.21 -1.21 -0.62775367 -0.62999953 -0.63 -0.62984405 -0.61095028 1.35 1.35 1.35 1.1200013 1.12 
-0.24000079 -0.66161673 0.059999898 0.06 0.06 0.06 0.06 0.099982968 0.1 0.1 -0.28 -0.28 -0.28 -0.28 -0.11377593 -0.11 -0.11 0.23999099 0.24 0.24 0.24 0.24 0.23999988 0.01 0.01 0.01 0.01 -1.6399995 -1.6399998 -1.5463573 -1.2 -1.2 -1.2 -1.49 -1.49 -1.49 -1.49 -1.4898171 -1.21 -1.21 -1.21 -1.21 -1.2099533 0.29 0.29 0.29 0.29 0.29008549 1.35 1.35 1.35 1.3499999 1.2480854 
-0.67 -0.67 -0.47435199 0.06 0.06 0.06 0.06 0.06 0.099982387 -0.13 -0.13 -0.13 -0.13035598 -0.11000024 -0.11 -0.11 -0.11 -0.11 0.23999496 0.19691955 -0.18 -0.18 -0.18 -0.13836183 -0.11405638 -0.77785855 -1.3380344 -1.64 -1.64 -1.64 -1.64 -1.64 -1.6188866 -1.2196633 -1.22 -1.22 -1.22 -1.22 -1.0954094 -0.6000011 -0.6 -0.6 -0.6 0.18000032 0.28999997 0.29 0.29 0.86 1.3499922 1.35 1.35 1.25 1.25 
-0.67 -0.67 -0.26 -0.26 -0.26 0.059893406 0.06 0.06 -0.13 -0.13 -0.13 -0.13 -0.13 -0.11 -0.11 -0.11 -0.11 -0.11 -0.18 -0.18 -0.18 -0.18 -0.18 -1.5399999 -1.54 -1.54 -1.54 -1.64 -1.64 -1.64 -1.64 -1.64 -1.19 -1.19 -1.22 -1.22 -1.22 -0.86006131 -0.86 -0.6 -0.6 -0.6 -0.59999995 0.18 0.18 0.18 0.86 0.86 0.86 0.74 0.74 1.25 1.25 
-0.67 -0.67 -0.26 -0.26 -0.26 -0.26 -0.25999995 -0.25 -0.13011298 -0.13 -0.13 -0.13 -0.13 -0.11024948 -0.11 -0.11 -0.11 -0.11 -0.18 -0.18 -0.18 -0.18 -0.18 -1.54 -1.54 -1.54 -1.54 -1.5400004 -1.64 -1.64 -1.64 -1.1900236 -1.19 -1.19 -1.19 -1.22 -0.86 -0.86 -0.86 -0.85315891 -0.31337712 -0.26 -0.26 0.18 0.18 0.18 0.86 0.86 0.86 0.74 0.74 0.74 0.99639942 
-0.4 -0.40000212 -0.26 -0.26 -0.26 -0.26 -0.25 -0.25 -0.25 -0.13 -0.13 -0.13 -0.13 -0.12999378 -0.11 -0.11 -0.11 -0.11 -0.17999913 -0.18 -0.18 -0.18000001 -1.3004318 -1.54 -1.54 -1.54 -1.54 -1.9099997 -1.91 -1.91 -1.642881 -1.19 -1.19 -1.19 -1.1899997 -0.89 -0.86 -0.86 -0.86 -0.85999999 -0.26 -0.26 -0.26 -0.01 -0.01 -0.01 -0.049911378 0.86 0.86 0.74 0.74 0.74 0.9699973 
-0.4 -0.4 -0.26 -0.26 -0.26 -0.25 -0.25 -0.25 -0.25 -0.14315131 -0.13 -0.13 -0.13 -0.13000159 -0.64993786 -0.65 -0.65 -0.65 -1.2065885 -1.12 -1.12 -1.12 -1.12 -1.54 -1.54 -1.54 -1.5400244 -1.91 -1.91 -1.91 -1.91 -1.1899836 -1.0212587 -0.89 -0.89 -0.89 -0.85992544 -0.84000042 -0.84 -0.84 -0.26016449 -0.46999999 -0.47 -0.01 -0.01 -0.010000169 -0.05 -0.05 -0.02 -0.02 -0.02 -0.69 -1.0971424e-21 
-0.4 -0.4 -0.38 -0.38 -0.38 -0.25 -0.25 -0.25 -0.25 -0.04 -0.04 -0.04 -0.04 -0.082988128 -0.65 -0.65 -0.65 -0.65 -1.21 -1.12 -1.12 -1.12 -1.12 -1.65 -1.65 -1.5400002 -1.91 -1.91 -1.91 -1.91 -1.5151053 -1.13 -0.91855671 -0.89 -0.89 -0.89 -0.84 -0.84 -0.84 -0.84 -0.47 -0.47 -0.47 -0.86987387 -0.87 -0.053685842 -0.05 -0.05 -0.020005519 -0.02 -0.69 -0.69 -1.6462399e-58 
-0.4 -0.38 -0.38 -0.38 -0.38 -0.38 -0.2475935 0.06 0.06 -0.04 -0.04 -0.04 -0.04 -0.040144465 -0.65 -0.65 -0.65 -0.67530258 -1.21 -1.21 -1.12 -1.12 -1.65 -1.65 -1.65 -1.65 -1.91 -1.91 -1.91 -1.91 -1.13 -1.13 -1.13 -0.89024286 -0.89 -0.89 -0.84 -0.84 -0.84 -0.84 -0.47 -0.47 -0.47 -0.87 -0.87 -0.87001417 -1.12 -1.12 -1.21 -1.21 -0.69 -0.69 -4.0163838e-17 
-0.38018782 -0.38 -0.38 -0.38 -0.38 -0.38 0.06 0.06 0.06 0.0064758208 -0.04 -0.04 -0.04 -0.040009702 -0.65 -0.65 -0.65 -1.21 -1.21 -1.21 -1.1200045 -1.1200032 -1.65 -1.65 -1.65 -1.65 -1.9099815 -1.91 -1.91 -1.1301794 -1.13 -1.13 -1.13 -1.13 -0.89158961 -1.59 -1.59 -1.5770199 -0.84 -0.84 -0.47000033 -0.47 -0.85836992 -0.87 -0.87 -1.1199999 -1.12 -1.12 -1.21 -1.21 -1 -1 -0.82 
-0.38 -0.38 -0.38 -0.38 -0.38 -0.38 0.06 0.06 0.06 0.059999999 -0.39998963 -0.4 -0.4 -0.4 -0.64999955 -0.60512931 -0.58 -0.58 -1.2088386 -1.21 -1.21 -1.6499992 -1.65 -1.65 -1.65 -1.65 -1.650189 -1.91 -1.9099733 -1.13 -1.13 -1.13 -1.13 -1.13 -1.59 -1.59 -1.59 -1.59 -1.59 -1.5899964 -1.21 -1.21 -1.2100001 -1.4 -1.4 -1.4 -1.38 -1.38 -1.31 -1.31 -1 -0.99999961 -0.82 
-0.38 -0.38 -0.38 -0.38 -0.38 -0.38 0.06 0.06 0.06 -0.4 -0.4 -0.4 -0.4 -0.4 -0.44744757 -0.58 -0.58 -0.58 -0.58 -0.58 -0.61008043 -1.65 -1.65 -1.65 -1.65 -1.6361836 -1.2106895 -1.8146825 -1.1338466 -1.13 -1.13 -1.13 -1.13 -1.130001 -1.59 -1.59 -1.59 -1.59 -1.59 -1.4132249 -1.21 -1.21 -1.21 -1.4 -1.4 -1.4 -1.38 -1.38 -1.31 -1.31 -1.75 -0.87130275 -0.82 
-0.38 -0.38 -0.38 -0.38 -0.38 -0.37999987 0.059999899 0.06 0.040907436 -0.4 -0.4 -0.4 -0.4 -0.4 -0.40863391 -0.58 -0.58 -0.58 -0.58 -0.58 -0.58 -1.2752901 -1.2100006 -1.21 -1.21 -1.21 -1.21 -1.21 -1.2690346 -1.2699983 -1.27 -1.27 -1.27 -1.2700002 -1.59 -1.59 -1.59 -1.59 -1.59 -1.21 -1.21 -1.21 -1.21 -1.2100001 -1.3999038 -1.34 -1.38 -1.694464 -1.3103417 -1.75 -1.75 -1.7418932 -1.36 
-0.38 -0.38 -0.38 -0.38 -0.38 -0.37997189 0.059976269 0.059972168 -0.39999942 -0.4 -0.4 -0.4 -0.4 -0.4 -0.40342502 -0.58 -0.58 -0.58 -0.58 -0.58 -0.58 -1.21 -1.21 -1.21 -1.21 -1.21 -1.21 -1.21 -1.2699834 -1.27 -1.27 -1.27 -1.27 -1.27 -1.35768 -1.59 -1.59 -1.59 -1.59 -1.21 -1.21 -1.21 -1.21 -1.2100333 -1.34 -1.34 -1.3422563 -1.7 -1.7 -1.75 -1.75 -1.36 -1.36 
-0.38 -0.38 -0.38 -0.38 -0.38 -0.3794132 0.059464755 -0.34809201 -0.4 -0.4 -0.4 -0.4 -0.4 -0.4 -0.40315121 -0.58 -0.58 -0.58 -0.58 -0.58 -0.66970055 -1.21 -1.21 -1.21 -1.21 -1.21 -1.21 -1.21 -1.2699998 -1.27 -1.27 -1.27 -1.27 -1.27 -1.27 -1.406752 -1.1219111 -0.96616025 -0.94246418 -1.2112856 -1.21 -1.21 -1.21 -1.3399896 -1.34 -1.3453723 -2.2399974 -1.7 -1.7 -2.0801614 -2.08 -2.08 -1.3600003 
-0.38 -0.38 -0.38 -0.38 -0.37999955 -0.37633077 0.017147116 -0.39987351 -0.4 -0.4 -0.4 -0.4 -0.4 -0.4 -0.40420328 -0.58 -0.58 -0.58 -0.58 -0.58 -1.2099973 -1.21 -1.21 -1.21 -1.21 -1.21 -1.21 -1.21 -1.27 -1.27 -1.27 -1.27 -1.27 -1.27 -1.2699999 -0.93 -0.93 -0.93 -0.93 -1.23 -1.23 -1.23 -1.23 -2.2399974 -2.24 -2.24 -2.24 -2.2400062 -2.82 -2.82 -2.08 -2.08 -1.7878571 
-0.38 -0.38 -0.38 -0.37999997 -0.37998771 -0.36826355 -0.36919991 -0.39999399 -0.4 -0.4 -0.4 -0.4 -0.4 -0.4 -0.40611031 -0.57999993 -0.58 -0.58 -0.58 -0.58379169 -1.21 -1.21 -1.21 -1.21 -1.21 -1.21 -1.21 -1.21 -1.27 -1.27 -1.27 -1.27 -1.27 -1.27 -0.93000031 -0.93 -0.93 -0.93 -0.93 -1.23 -1.23 -1.23 -1.23 -1.5025947 -2.24 -2.24 -2.24 -2.8199935 -2.82 -2.82 -1.66 -1.66 -1.66 
-0.38 -0.38 -0.37999998 -0.379999 -0.37988069 -0.35681863 -0.39837848 -0.3999985 -0.4 -0.4 -0.4 -0.4 -0.4 -0.40000001 -0.40869361 -0.57999577 -0.58 -0.58 -0.58000072 -1.1972352 -1.21 -1.21 -1.21 -1.21 -1.21 -1.21 -1.21 -1.21 -1.2699999 -1.27 -1.27 -1.27 -1.27 -1.1528732 -0.93000005 -0.93 -0.93 -0.93 -0.93 -1.23 -1.23 -1.23 -1.23 -1.23 -2.24 -2.24 -2.24 -2.82 -2.82 -2.82 -1.66 -1.66 -1.66 
-0.38 -0.37999997 -0.37999958 -0.37998831 -0.37940328 -0.37102648 -0.39972754 -0.39999908 -0.4 -0.4 -0.4 -0.4 -0.4 -0.40000034 -0.41176494 -0.57993426 -0.58 -0.58000002 -0.58326182 -1.2099464 -1.21 -1.21 -1.21 -1.21 -1.21 -1.21 -1.21 -1.21 -1.2699996 -1.27 -1.2699999 -1.1240659 -1.11 -1.11 -1.11 -0.93 -0.93 -0.93 -0.93 -1.23 -1.23 -1.23 -1.23 -1.23 -2.2399821 -2.24 -2.2400003 -2.82 -2.82 -2.8199994 -1.66 -1.66 -1.66 
