interpolatedSpi/02-08|21_2.tif
NCOLS 53
NROWS 52
XLLCORNER -116.03883
YLLCORNER 28.596182
DX 0.49850594
DY 0.49788537
NODATA_VALUE -9999
[rows 0 to 26 of 52, columns 0 to 52 of 53]
-0.94142857 -0.94142857 -0.91251282 -1.1028571 -0.96 -1.29 -1.1485714 -1.0728571 -1.0450503 -1.2085714 -1.3742857 -1.0485714 -1.5728136 -1.0442857 -1.3028571 -1.3028571 -1.3028571 -0.59714286 -0.68 -0.68 -0.68 -0.67999809 -0.48142858 -0.90428571 -0.90428571 -0.90428571 -0.37571684 -0.37571429 -0.37571429 -0.17 -0.17 -0.17 -0.17 -0.7542856 -0.75428571 -0.75428571 -0.75428571 -0.75428571 -0.75428571 -0.7542857 -0.26102752 -0.25581769 -0.66142857 -0.66142857 -0.66142857 -0.66142857 -0.6606259 -0.17 -0.17 -0.17 0.97571191 0.97571429 0.97571429
-0.94145466 -1.5285714 -1.1828568 -1.2900848 -1.4757198 -1.0014286 -1.0257143 -1.3440055 -1.4928571 -1.4671429 -1.3928571 -1.5728571 -1.5728571 -0.94177155 -1.0442868 -1.3028571 -0.59714286 -0.59714286 -0.67989197 -0.68 -0.68 -0.68 -0.9172946 -0.90428571 -0.90428571 -0.90428571 -1.0714286 -1.0714286 -0.17 -0.17 -0.17 -0.17 -0.17 -0.75428563 -0.75428571 -0.75428571 -0.75428571 -0.75428571 -0.75428571 -0.75597438 -0.77142322 -0.67477615 -0.66142857 -0.66142857 -0.66142857 -0.66142857 -0.66142857 -0.17 -0.17 -0.17 -0.074996275 0.97571429 0.97571429
-1.4456915 -1.4457143 -0.92 -0.89857143 -0.97857143 -1.2742857 -0.79428571 -1.2171429 -1.4057143 -1.3485714 -1.2642857 -1.5457143 -0.93571429 -1.4057143 -0.94142857 -1.7114286 -0.59714286 -0.59714286 -0.59714286 -1.0741711 -1.0742857 -1.0742857 -1.1514286 -0.90428571 -0.90428571 -0.90428571 -1.0714286 -1.0714286 -1.0714286 -0.17 -0.17 -0.17000003 -0.47672061 -0.75421555 -0.75375384 -0.69766648 -0.69714286 -0.69714286 -0.70648604 -0.77142857 -0.77142857 -0.77128791 -0.66142857 -0.66142857 -0.66142857 -0.66142857 -0.66142857 -0.17 -0.17 -0.17 -0.17 0.97571429 0.97571429
-0.36571429 -1.4457142 -1.051417 -0.31142857 -0.87428571 -0.98428571 -0.83714286 -1.0771429 -1.0771429 -1.0749228 -1.1171429 -1.6157143 -1.5142857 -1.4057143 -1.2942857 -1.7114286 -1.8390163 -1.8391292 -1.7185714 -1.0742857 -1.0742857 -1.67 -1.1514286 -1.1514286 -0.90428571 -0.90428655 -1.0714286 -1.0714286 -1.0714286 -0.73857143 -0.77619504 -0.80714286 -0.80714286 -0.80714277 -0.69714286 -0.69714286 -0.69714286 -0.69714286 -0.77142857 -0.77142857 -0.77142857 -0.77142857 -0.66142857 -0.66142857 -0.66142857 -0.66142857 -0.66142857 -0.1700062 -0.17 -0.17 -0.17 0.97565754 0.97571429
-0.36571429 -0.0700018 -1.0514286 -1.3117181 -0.87428571 -0.85428571 -1.2714096 -1.0728571 -1.06 -1.1671429 -1.5322291 -1.7070655 -1.1671429 -1.2942857 -1.2942857 -1.5754153 -1.84 -1.84 -1.7185714 -1.7185714 -1.0742869 -1.67 -1.4157143 -0.81142857 -0.66142857 -0.66137121 -1.0714286 -1.0714286 -0.73857143 -0.73857143 -0.80714286 -0.80714286 -0.80714286 -0.73413812 -0.69714286 -0.69714286 -0.69714286 -0.77142857 -0.77142857 -0.77142857 -0.77142857 -0.77143616 -0.66142857 -0.66142857 -0.66142857 -0.66142857 -0.66142857 -0.65705425 -0.17 -0.17002652 -0.76142857 -0.76142857 -0.76142857
-1.4157143 -0.65285714 -0.62428573 -0.95571429 -1.4057143 -1.0814286 -1.4171429 -1.3730644 -1.0542857 -0.72857143 -0.73428571 -0.55714286 -0.55714326 -1.08 -1.08 -1.517098 -1.5171429 -1.3485714 -1.3485714 -1.7185707 -1.2742857 -1.2742857 -0.81142857 -0.66142857 -0.66142857 -0.41571429 -0.59 -0.59 -0.27718487 -0.73857143 -0.80714286 -0.80714286 -0.42 -0.42001851 -0.59713029 -1.0142857 -1.0142857 -0.84656197 -0.77142857 -0.77142857 -0.849902 -0.85 -0.84999974 -1.5399277 -1.5556154 -1.555714 -1.5557143 -1.5557139 -1.1346392 -0.76142857 -0.76142857 -0.76142857 -0.76142857
-0.22857228 -0.48714286 0.060198639 -0.45142857 -0.73 -1.42 -0.81142857 -0.85857143 -0.91571429 -0.91571429 -0.73428571 -1.05 -0.68142864 -1.08 -1.3314278 -1.3314286 -1.5171429 -1.2042857 -0.86857143 -0.86857143 -1.2702463 -1.2657143 -1.2657143 -0.26000001 -0.41571429 -0.41571429 -0.59 -0.59 -0.27714785 -0.27723482 -0.47109299 -0.42 -0.42 -0.59714286 -0.59714286 -1.0889792 -1.0142857 -1.0142857 -0.97857267 -0.85000018 -0.85 -0.85 -0.84999906 -1.5557122 -1.5557143 -1.5557143 -1.5557143 -1.5557141 -1.2314286 -0.76152171 -0.76142857 -0.76142857 -0.76142857
-0.22857143 0.25428571 0.23571429 -0.98714286 -1.1628471 -1.1 -0.82285714 -1.3457143 -1.4142857 -1.1685714 -1.1685714 -0.91571429 -0.68142857 -0.68142857 -1.326969 -1.3990848 -1.4057143 -0.80571429 -1.0871426 -0.86857143 -0.444407 -0.44428571 -0.46285714 -0.04857143 -0.048572774 -0.15285714 -0.51571429 -0.51571431 -0.36255679 -0.36285714 -0.47142857 -0.85385872 -0.52 -0.59714286 -0.61527419 -1.1514286 -1.1514286 -0.97857143 -0.97857143 -0.85 -0.85 -0.85 -1.1826839 -1.1857143 -1.5557143 -1.5557143 -1.5557143 -1.2314409 -1.2314286 -1.2314286 -0.76142857 -0.76142857 -0.76142857
0.027579351 0.25428571 0.38857143 -0.14857143 -0.83428571 -1.0142857 -1.1485714 -1.1557143 -1.43 -1.1964647 -1.0785714 -1.0528571 -1.0528571 -0.97428571 -0.97428606 -1.0467176 -1.0457143 -1.0457143 -0.84867479 -0.52714284 -0.44571429 -0.44571429 -0.58571429 -0.51127312 -0.1423479 -0.15285714 -0.39714286 -0.51571429 -0.53133726 -0.53142857 -0.94714286 -0.40428571 -0.51580913 -1.1214286 -1.2328571 -1.3642857 -1.3985714 -1.1057143 -1.1242771 -0.84946435 -0.73 -0.74285714 -1.1856503 -1.1857143 -1.1877968 -1.5557143 -1.63 -1.2314286 -1.2314286 -1.2314286 -1.2314286 -0.77565799 -0.54857143
-1.24 -1.24 0.30285714 -0.32571429 -0.78571429 -1.1228571 -1.1457143 -1.15 -1.2428571 -1.1371404 -1.37 -0.26142857 -0.97428571 -0.97428571 -1.0114286 -1.0118988 -1.0457143 -1.045705 -0.98142857 -0.52714286 -0.52714286 -0.51665213 -0.58571429 -0.54285795 -0.54285714 -0.54285714 -0.39714286 -0.19285714 -0.19285714 -0.53142857 -0.53142857 -0.40470568 -0.62571429 -1.1214286 -0.68714286 -1.3642857 -1.3985714 -1.1 -1.1242857 -1.0989882 -0.74285714 -0.76122411 -0.79285714 -1.1857143 -1.1857143 -1.63 -1.63 -1.63 -1.2314286 -1.2314286 -0.87571429 -0.87571429 -0.87571416
-1.24 -1.24 -0.46142857 -1.0771429 -1.0071429 -0.52571429 -0.89428571 -0.97160069 -1.0842857 -1.0185714 -1.1542857 -0.89857143 -0.26227785 -1.0114286 -1.0114286 -1.0114521 -1.2157143 -1.2034179 -0.98142857 -1.1685714 -1.1685714 -0.72571429 -0.72571429 -0.54285714 -0.54285714 -0.54285714 -0.19285714 -0.19285714 -0.19285714 -1.1242857 -1.1242857 -1.1242849 -0.87857143 -0.87857143 -1.3085714 -1.6471429 -1.1328571 -1.9928495 -1.52 -1.0985714 -1.0985714 -0.71285741 -0.79285714 -1.1857143 -1.3814287 -1.5728571 -0.94154925 -0.93857143 -0.91 -0.91 -0.87571429 -0.87571429 -0.87571429
-1.24 -0.90396154 -0.72417582 -0.98428241 -0.34142857 -1.1485714 -0.89428571 -0.97142857 -1.0842848 -1.0192995 -0.89857158 -0.89857143 -0.82857143 -1.0114286 -1.0114286 -1.2157143 -1.2157143 -1.215701 -0.98142857 -1.1685714 -1.0816033 -0.72571429 -0.72571429 -0.54286497 -0.54285714 -0.57948589 -0.65428571 -0.65428571 -0.65428566 -1.1242857 -1.1242857 -1.21 -1.21 -0.87857261 -1.3085714 -1.367143 -1.1273595 -1.9928571 -1.9928571 -1.0985714 -0.71285714 -0.71285714 -0.71286199 -1.3814286 -1.3814286 -1.5728571 -0.93857143 -0.93857143 -0.91 -0.91 -0.87571429 -0.87571429 -0.87571429
-1.9471429 -0.79787903 -0.81715179 -0.81834509 -0.34143277 -1.1485524 -0.89428572 -0.97047899 -1.0765087 -1.0825697 -0.82857143 -0.82857143 -0.82857143 -0.82857143 -1.0114027 -1.2157143 -1.2157143 -1.2126893 -0.98142857 -1.1685835 -1.2142857 -1.2142857 -1.2142857 -1.2142857 -0.55430726 -0.65428571 -0.65428571 -0.65428571 -0.65428571 -0.6546875 -1.21 -1.21 -1.21 -1.21 -1.3671429 -1.3671429 -1.3671429 -1.9616439 -1.989295 -1.5185714 -1.5185714 -0.71290048 -1.2771464 -1.3814185 -1.3814286 -1.5728571 -0.93857143 -0.93857143 -0.91 -0.91 -0.87583867 -0.87571429 -0.4073161
-1.9471429 -0.81714286 -0.81714286 -0.81714286 -0.81714286 -0.81714299 -0.89493652 -0.9308015 -1.0557603 -0.82884519 -0.82857143 -0.82857143 -0.82857143 -0.82857143 -0.8285715 -1.2157143 -1.2157142 -1.1996439 -0.98143259 -1.2142857 -1.2142857 -1.2142857 -1.2142857 -1.2142857 -1.2171555 -0.99132603 -1.1157142 -1.1157143 -1.1157143 -1.1157143 -1.21 -1.21 -1.2100001 -1.26 -1.26 -1.3671429 -1.212981 -1.2085714 -1.5185712 -1.5185714 -1.5185714 -1.5185714 -1.2771429 -1.2771429 -1.2771429 -1.2792008 -0.99547423 -0.99571429 -0.99571429 -0.99571429 -0.99571428 -0.45857151 -0.45857143
-1.44 -0.81714286 -0.81714286 -0.81714286 -0.81714286 -0.81714286 -0.81714286 -0.89189216 -0.9277275 -0.92714286 -0.92714286 -0.92714286 -0.92714286 -0.92714286 -0.92714286 -0.78021673 -1.2087335 -1.1836327 -1.2142565 -1.2142857 -1.2142857 -1.2142857 -1.2142857 -1.2142855 -1.3471429 -1.3471429 -1.3471425 -1.1157143 -1.1157143 -1.1160976 -1.3071429 -1.3071429 -1.26 -1.26 -1.26 -1.2168096 -1.2085714 -1.2085714 -1.2085714 -1.5185714 -1.5185714 -1.5185714 -1.2771429 -1.2771429 -1.2771429 -1.2771429 -0.99571428 -0.99571429 -0.99571429 -0.99571429 -0.99571429 -0.45857143 -0.45857143
-1.44 -1.2081174 -0.81714286 -0.81714286 -0.81714286 -0.81714286 -0.83999551 -0.84 -0.84 -0.92714286 -0.92714286 -0.92714286 -0.92714286 -0.92714286 -0.89405181 -0.77714286 -0.77714286 -0.77714286 -1.0604693 -1.0600002 -1.06 -1.06 -1.06 -1.06 -1.3471429 -1.3471429 -1.3471429 -1.3471429 -1.1157143 -1.3071429 -1.3071429 -1.3071429 -1.26 -1.26 -1.26 -1.0185714 -1.2083199 -1.2085714 -1.2085714 -1.5184427 -1.261712 -0.66256608 -1.2771429 -1.2771429 -0.72314354 -0.72142857 -0.72142857 -0.99447479 -0.24406446 -0.24142864 -0.24142871 0.25417769 -0.45856998
-1.44 -1.1855926 -1.0000424 -0.81714286 -0.81714286 -0.83998649 -0.84 -0.84 -0.84 -0.84062798 -0.92714286 -0.92714286 -0.92714286 -0.92714284 -0.77714286 -0.77714286 -0.77714286 -0.77714286 -1.0597473 -1.06 -1.06 -1.06 -1.06 -1.06 -1.3471429 -1.3471429 -1.3471429 -1.3471429 -1.3469974 -1.3071429 -1.3071429 -1.3071429 -1.3842857 -1.2599784 -1.0185714 -1.0185714 -1.0185714 -1.0148638 -0.69472835 -0.66 -0.66 -0.66 -0.83428571 -0.83428571 -0.72142857 -0.72142857 -0.72142857 -0.24142858 -0.24142857 -0.24142857 -0.24142857 0.25428571 0.25428571
-1.1786515 -1.1785714 -1.1785714 -1.1785714 -0.81 -0.83999923 -0.84 -0.84 -0.84 -0.84 -0.90616084 -0.92713925 -0.92714285 -0.77714286 -0.77714286 -0.77714286 -0.77714286 -0.77714286 -0.78678182 -1.06 -1.06 -1.06 -1.06 -1.06 -1.1269352 -1.0157161 -1.0157143 -1.0157143 -1.0157143 -1.3071429 -1.3842857 -1.3842857 -1.3842857 -1.3842857 -1.0185714 -1.0185625 -0.68 -0.68 -0.66024973 -0.66 -0.66 -0.66 -0.83428571 -0.83428571 -0.73890274 -0.72142857 -0.72142857 -0.24142857 -0.24142857 -0.24142857 -0.23611323 0.25428571 0.25428571
-1.1785714 -1.1785714 -1.1785714 -1.0050056 -0.81 -0.81 -0.84 -0.84 -0.84 -0.84 -0.65 -0.65 -0.65 -0.77714286 -0.77714286 -0.77714286 -0.77714286 -0.77703662 -0.57857143 -0.57857143 -1.0599998 -1.06 -1.060313 -1.0728571 -1.0723427 -1.0157143 -1.0157143 -1.0157143 -1.0157143 -1.3842482 -1.3842857 -1.3842857 -1.3842857 -1.3842857 -0.68000119 -0.68 -0.68 -0.68 -0.67991964 -0.66 -0.66 -0.66 -0.83428571 -0.83428571 -0.83428571 -0.72142857 -0.72142857 -0.24142858 -0.24142857 -0.24142857 0.25428571 0.25428571 0.25428571
-1.1785714 -1.1785714 -1.1785714 -0.81 -0.81 -0.81 -0.81000005 -0.84 -0.84 -0.65019613 -0.65 -0.65 -0.65 -0.65007921 -0.25679988 -0.13428571 -0.13428571 -0.13428572 -0.57857143 -0.57857143 -0.57857143 -1.0728571 -1.0728571 -1.0728571 -1.0725894 -0.54439173 -1.0157143 -1.0157143 -1.0157143 -0.8308741 -0.71435161 -0.71428571 -0.71428571 -0.71428571 -0.60767663 -0.50571468 -0.50571429 -0.50571429 -0.50571429 -0.43003147 -0.43 -0.43 -0.83428571 -0.83428571 -0.67428638 -0.67428564 -0.47 -0.47 -0.12714286 -0.12714286 -0.12714286 0.25428571 0.19005748
-1.1785689 -1.1785714 -1.1785714 -0.81 -0.81 -0.81 -0.81 -0.58571436 -0.83898327 -0.64990544 -0.65 -0.65 -0.65 -0.64898803 -0.13428571 -0.13428571 -0.13428571 -0.13428584 -0.57857143 -0.57857143 -0.57857143 -1.0728571 -1.0728571 -1.0728571 -0.11714286 -0.11714286 -0.31857143 -0.31857143 -0.31857143 -0.32073017 -0.71428571 -0.71428571 -0.71428571 -0.71428571 -0.61005725 -0.50571429 -0.50571429 -0.50571429 -0.50571429 -0.43 -0.43 -0.43 -0.43768616 -0.67428571 -0.67428571 -0.67428571 -0.47 -0.47 -0.12714286 -0.12714286 -0.12714286 0.18999999 0.19
-0.34857143 -0.73548475 -0.80285714 -0.80285922 -0.81 -0.587012 -0.58571429 -0.58571429 -0.58935807 -0.54571429 -0.54571429 -0.54571429 -0.54571429 0.22568917 0.22571428 -0.13428544 -0.13428571 -0.14599199 -0.57857143 -0.57857143 -0.57857143 0.011428571 0.011428571 0.011428571 -0.11714286 -0.11714286 -0.31857143 -0.31857143 -0.31857143 -0.31857139 -0.2671457 -0.26714411 -0.70304745 -0.71380635 -0.3832343 -0.38285714 -0.38285714 -0.38285714 -0.38285714 -0.43 -0.43 -0.43 -0.66083445 -0.67428571 -0.67428571 -0.67428569 -0.47 -0.47 -0.46998766 -0.12714286 -0.12716534 -0.63 0.19
-0.59281075 -0.59285718 -0.80285714 -0.80285714 -0.80285714 -0.58571429 -0.58571429 -0.58571429 -0.59571429 -0.59571429 -0.54571429 -0.54571429 -0.54571429 0.22571429 0.22571429 0.22571429 0.22571429 0.22562366 -0.57857143 -0.57857143 -0.57857141 0.011428571 0.011428571 0.011428571 -0.11714286 -0.11714286 -0.31857143 -0.31857143 -0.31857143 -0.26772272 -0.26714286 -0.26714286 -0.26714286 -0.26714286 -0.38280004 -0.38285714 -0.38285714 -0.38285714 -0.38285714 -0.24000005 -0.24 -0.24 -0.24 -0.67428482 -0.55714286 -0.55714286 -0.55714286 -0.74285714 -0.74285714 -0.74285714 -0.63 -0.63 -0.63
-0.59285714 -0.59285714 -0.80285714 -0.80285714 -0.80285714 -0.58685563 -0.58571429 -0.59571429 -0.59571429 -0.59571429 -0.54572044 -0.54571429 -0.38462398 0.22571415 0.22571429 0.22571429 0.22571429 -0.042857142 -0.042857143 -0.042857143 -0.022857142 -0.022857117 0.011428404 0.011428571 0.011286605 -0.16714286 -0.16714286 -0.16714322 -0.31854696 0.091357113 0.091426663 0.09136597 -0.26653002 -0.26683341 -0.36201425 -0.38285695 -0.38117196 0.12 0.12 -0.24 -0.24 -0.24 -0.24 -0.55714286 -0.55714286 -0.55714286 -0.55714286 -0.74285714 -0.74285714 -0.74285714 -0.63 -0.63 -0.63
-0.59285714 -0.59285714 -0.80285714 -0.80285714 -0.80285714 -0.80285714 -0.58945699 -0.59571429 -0.59571429 -0.59571429 -0.59557777 -0.34857143 -0.34857143 -0.34857143 0.22232989 0.22571429 -0.041067449 -0.042857143 -0.042857143 -0.042857143 -0.022857143 -0.022857143 -0.022857143 -0.022857143 -0.16714286 -0.16714286 -0.16714286 -0.16714286 -0.16714286 0.091428571 0.091428571 0.091428571 0.091428571 0.091428872 0.23428571 0.12 0.12 0.12 0.12 0.11999913 -0.097142857 -0.097142857 -0.097142857 -0.29053093 -0.69142857 -0.69142857 -0.69142857 -0.74285714 -0.74285682 -0.40571429 -0.40571429 -0.31150607 -0.31142857
-0.59285714 -0.59285714 -0.72706189 -0.80285714 -0.80285714 -0.80285714 -0.56434149 -0.59561524 -0.59571429 -0.59571429 -0.34857141 -0.34857143 -0.34857143 -0.34857143 -0.34857143 -0.3014536 -0.042857143 -0.042857143 -0.042857143 -0.042857143 -0.022857298 -0.022857143 -0.022857143 -0.022857143 -0.16714286 -0.16714286 -0.16714286 -0.16714286 -0.16714286 0.074538139 0.091428571 0.091428571 0.091428571 0.23428571 0.23428571 0.23419697 0.12 0.12 0.3740543 0.57142853 -0.097142857 -0.097142857 -0.097142857 -0.28523434 -0.69142857 -0.69142857 -0.69142857 0.33714286 -0.39645836 -0.40571429 -0.40571429 -0.31142857 -0.31142857
-0.17857143 -0.17857143 -0.17857143 -0.64633155 -0.80220661 -0.56428571 -0.56428571 -0.56428571 -0.56428571 -0.26428572 -0.26428571 -0.34857142 -0.34857143 -0.34857143 -0.34857143 -0.34855204 -0.042857143 -0.042857143 -0.042857143 -0.042857143 -0.031584494 -0.022857143 -0.022857143 -0.012463748 0.35017651 -0.16714286 -0.16714286 -0.16714286 0.068571429 0.068571429 0.068571429 0.068571525 0.23428571 0.23428571 0.23428571 0.23428571 0.57142857 0.57142857 0.57142857 0.57142857 0.1 0.1 0.1 0.1099998 0.11 0.11 0.10999975 0.33714286 0.33714286 -0.40480916 -0.40571429 -0.31142387 -0.31142857
