interpolatedSpi/02-06|20_3.tif
NCOLS 53
NROWS 52
XLLCORNER -116.03883
YLLCORNER 28.596182
DX 0.49850594
DY 0.49788537
NODATA_VALUE -9999
[rows 0 to 29 of 52, columns 0 to 52 of 53]
0.67833333 0.67833333 0.081457269 -0.096666667 0.27833333 0.088333333 0.40166667 0.026666667 -0.2891048 -0.435 -0.53 -0.29333333 -0.58659736 0.255 -0.52166667 -0.52166667 -0.52166667 0.40166667 0.17333333 0.17333333 0.17333333 0.17332836 -0.34333334 -0.54166667 -0.54166667 -0.54166667 0.033336992 0.033333333 0.033333333 -0.066666667 -0.066666667 -0.066666667 -0.066666667 -0.15499998 -0.155 -0.155 -0.155 -0.155 -0.155 -0.15499999 0.30009769 0.30461562 -1.205 -1.205 -1.205 -1.205 -1.2045917 -0.955 -0.955 -0.955 0.38999721 0.39 0.39
0.67831038 0.16166667 0.090000758 0.20333745 0.59454725 0.51166667 0.52 0.085301427 -0.25166667 -0.28166667 -0.33666667 -0.58666667 -0.58666667 -0.0041330379 0.25499 -0.52166667 0.40166667 0.40166667 0.17363105 0.17333333 0.17333333 0.17333333 -0.55228181 -0.54166667 -0.54166667 -0.54166667 -0.45666667 -0.45666667 -0.066666667 -0.066666667 -0.066666667 -0.066666667 -0.066666667 -0.15499999 -0.155 -0.155 -0.155 -0.155 -0.15499998 -0.18081504 -0.34996456 -1.1012522 -1.205 -1.205 -1.205 -1.205 -1.205 -0.955 -0.955 -0.955 -0.84347131 0.39 0.39
1.6216115 1.6216667 0.74666667 1.255 0.325 0.215 0.23833333 -0.27666667 -0.37166667 -0.38833333 0.17 -0.96833333 -0.64833333 -0.38666667 -0.005 -0.53 0.40166667 0.40166667 0.40166667 0.056700582 0.056666667 0.056666667 -0.74333333 -0.54166667 -0.54166667 -0.54166667 -0.45666667 -0.45666667 -0.45666667 -0.066666667 -0.066666667 -0.066666706 -0.46221706 -0.15514037 -0.1527506 0.084452161 0.086666667 0.086666667 0.031745508 -0.35 -0.35 -0.35109333 -1.205 -1.205 -1.205 -1.205 -1.205 -0.955 -0.955 -0.955 -0.955 0.39 0.39
0.675 1.6216664 0.44328329 0.635 -0.0083333334 0.24333333 0.21166667 -0.71833333 -0.27833333 -0.29916277 -0.69 -0.735 -0.63333333 -0.38666667 -0.41666667 -0.53 -0.57796354 -0.57764669 -0.835 0.056666667 0.056666667 -1.6083333 -0.74333333 -0.74333333 -0.54166667 -0.54166624 -0.45666667 -0.45666667 -0.45666667 -1.22 -1.0380219 -0.88833333 -0.88833333 -0.88833258 0.086666667 0.086666667 0.086666667 0.086666667 -0.35 -0.35 -0.35 -0.35000003 -1.205 -1.205 -1.205 -1.205 -1.205 -0.95500315 -0.955 -0.955 -0.955 0.38993239 0.39
0.675 0.08166733 0.44333333 0.096373292 -0.0083333333 -0.073333333 -0.46661883 -0.48 -0.52666667 -0.38166669 -0.60009954 -0.70162155 -0.38666667 -0.41666667 -0.41666667 -0.49325718 -0.57833333 -0.57833333 -0.835 -0.835 0.056663318 -1.6083333 -2.2116667 -0.87833333 -0.64333333 -0.64350479 -0.45666667 -0.45666667 -1.22 -1.22 -0.88833333 -0.88833333 -0.88833333 -0.96219105 0.086666665 0.086666667 0.086666667 -0.35 -0.35 -0.35 -0.35 -0.35000129 -1.205 -1.205 -1.205 -1.205 -1.205 -1.2027747 -0.955 -0.95503251 -1.68 -1.68 -1.68
-0.93666667 0.23666667 0.89166666 0.11666667 0.056666667 0.32666667 0.011666667 -0.051280748 0.063333333 -0.51166667 -0.16666667 -0.265 -0.26500008 -0.35833333 -0.35833333 -0.40671455 -0.40666667 -0.87666667 -0.87666667 -0.83500049 -1.8466667 -1.8466667 -0.87833333 -0.64333333 -0.64333333 -1.3766667 -1.8416667 -1.8416667 -0.48340133 -1.22 -0.88833333 -0.88833333 -1.28 -1.2799427 -0.73170611 -1.3733333 -1.3733333 -0.66659153 -0.35 -0.35 -0.3633167 -0.36333333 -0.36333254 -1.9302997 -1.9432517 -1.9433331 -1.9433333 -1.9433331 -2.7356852 -1.68 -1.68 -1.68 -1.68
-0.79999993 0.51666667 -0.50786123 0.47833333 0.96166667 -0.038333333 -0.035 -0.075 -0.355 -0.355 -0.16666667 -0.036666667 -0.96666662 -0.35833333 -0.60499926 -0.605 -0.40666667 -0.97 -1.3866667 -1.3866667 -1.7838313 -1.7133333 -1.7133333 -1.6 -1.3766667 -1.3766667 -1.8416667 -1.8416667 -0.48338131 -0.4842167 -0.16187435 -1.28 -1.28 -0.73166667 -0.73166667 -1.2063104 -1.3733333 -1.3733333 -1.5716598 -0.36333502 -0.36333333 -0.36333333 -0.36333053 -1.9433295 -1.9433333 -1.9433333 -1.9433333 -1.943334 -2.9783333 -1.6802573 -1.68 -1.68 -1.68
-0.8 -1.1216667 -0.17166667 -0.48166667 -0.72331948 -0.29666667 -0.19 -0.70999998 -0.29166667 -0.46333333 -0.46333333 -0.855 -0.96666667 -0.96666667 -0.60748137 -0.97992829 -1.0166667 -0.59333333 -1.031667 -1.3866667 -1.602764 -1.5583333 -2.1333333 -0.90500001 -0.90500552 -1.3333333 -1.8283333 -1.8283333 -1.3037816 -1.3066666 -0.15833333 -0.50686448 -0.54333333 -0.73166667 -0.74041317 -1.0666667 -1.0666667 -1.5716667 -1.5716667 -0.36333333 -0.36333333 -0.36333333 -1.255187 -1.26 -1.9433333 -1.9433333 -1.9433333 -2.9782939 -2.9783333 -2.9783333 -1.68 -1.68 -1.68
-1.0885421 -1.1216667 -1.1033333 -0.043333333 -0.38166667 -0.635 -0.335 0.46666667 0.09 0.41562036 -0.035 -0.35 -0.35 -0.55833333 -0.5583313 -1.2859142 -1.2866667 -1.2866667 -0.6602456 -1.7633334 -2.0816667 -2.0816667 -1.9516667 -2.0617415 -1.2901686 -1.3333333 -1.67 -1.8283333 -1.0031565 -0.99833333 -0.49666667 -0.055 -0.3714633 -1.2016667 -1.0383333 -0.95 -0.95 -0.56 -0.66328562 -0.36170406 0.0016666667 -0.60666666 -1.2599303 -1.26 -1.2638462 -1.9433333 -2.1083333 -2.9783333 -2.9783333 -2.9783333 -2.9783333 -1.588487 -1.69
-0.90333333 -0.90333333 -1.0333333 -0.44833333 -0.36333333 -0.54166667 -0.26 -0.066666667 0.61833333 0.49831316 0.16333333 -0.086666667 -0.55833333 -0.55833333 -0.34166667 -0.35462777 -1.2866667 -1.2865863 -0.96833333 -1.7633333 -1.7633333 -1.8043453 -1.9516667 -2.0016657 -2.0016667 -2.0016667 -1.67 -0.72666667 -0.72666667 -0.99833333 -0.99833333 -0.056191706 -0.68333333 -1.2016667 -1.035 -0.95 -0.95 -1.635 -0.66333333 0.33849581 -0.60666664 -0.68931803 -0.83166667 -1.26 -1.26 -2.1083333 -2.1083333 -2.1083333 -2.9783333 -2.9783333 -0.945 -0.945 -0.94500028
-0.90333333 -0.90333333 -1.715 -1.5166667 -0.94166667 -0.48333333 -0.74833332 0.15480612 -0.23833333 -0.09 -0.16333333 -0.385 -0.087064535 -0.34166667 -0.34166667 -0.34169897 -0.62166667 -0.63986136 -0.96833333 -0.36666667 -0.36666667 -0.94166667 -0.94166667 -2.0016667 -2.0016667 -2.0016667 -0.72666667 -0.72666667 -0.72666667 -1.3683333 -1.3683333 -1.3683322 -0.86833333 -0.86833333 -1.135 -1.4166667 -0.59166667 -1.5699995 -1.595 0.355 0.355 -0.75000027 -0.83166667 -1.26 -0.88666686 -1.0533333 -0.49696978 -0.49 -0.63833333 -0.63833333 -0.945 -0.945 -0.945
-0.90333333 -1.2537913 -1.6303641 -1.584988 -1.43 -1.455 -0.74833333 0.155 -0.23833005 -0.091643353 -0.38499962 -0.385 -0.16333333 -0.34166667 -0.34166667 -0.62166666 -0.62166667 -0.6216864 -0.96833333 -0.36666667 -0.47958497 -0.94166667 -0.94166667 -2.0016234 -2.0016667 -1.701984 -1.09 -1.09 -1.09 -1.3683333 -1.3683333 -1.4416667 -1.4416667 -0.86833406 -1.135 -0.83333333 -0.73892515 -1.57 -1.57 0.35499996 -0.75 -0.75 -0.750001 -0.88666667 -0.88666667 -1.0533333 -0.49 -0.49 -0.63833333 -0.63833333 -0.945 -0.945 -0.945
-0.12 -0.20444291 -0.078387166 -0.089249359 -1.4299999 -1.4549994 -0.74833335 0.14388048 -0.21122864 -0.23445995 -0.16333333 -0.16333333 -0.16333333 -0.16333333 -0.3416414 -0.62166667 -0.62166667 -0.62614269 -0.96833333 -0.36666037 -0.33166667 -0.33166667 -0.33166667 -0.33166667 -1.9726507 -1.09 -1.09 -1.09 -1.09 -1.090114 -1.4416667 -1.4416667 -1.4416667 -1.4416667 -0.83333333 -0.83333333 -0.83333333 -1.5344103 -1.5616883 -0.46333333 -0.46333333 -0.74998458 -0.71333927 -0.88664997 -0.88666667 -1.0533333 -0.49 -0.49 -0.63833333 -0.63833333 -0.94388745 -0.945 -1.3192229
-0.12 -0.078333333 -0.078333333 -0.078333333 -0.078333333 -0.078333913 -0.75014221 -0.32096066 -0.13891585 -0.16341042 -0.16333333 -0.16333333 -0.16333333 -0.16333333 -0.16333353 -0.62166666 -0.62166672 -0.64544563 -0.96832644 -0.33166667 -0.33166667 -0.33166667 -0.33166667 -0.33166667 -0.34247802 -0.96259872 -0.91500004 -0.915 -0.915 -0.915 -1.4416667 -1.4416667 -1.441666 -0.895 -0.895 -0.83333333 -0.44607696 -0.435 -0.46333332 -0.46333333 -0.46333333 -0.46333333 -0.71333333 -0.71333333 -0.71333333 -0.71569942 -0.56462902 -0.565 -0.565 -0.565 -0.565 0.38999972 0.39
0.235 -0.078333333 -0.078333333 -0.078333333 -0.078333333 -0.078333333 -0.07833338 -0.48470168 -0.42488804 -0.42666667 -0.42666667 -0.42666667 -0.42666667 -0.42666667 -0.42666666 -0.47567703 -0.61939642 -0.66913685 -0.3317466 -0.33166667 -0.33166667 -0.33166667 -0.33166667 -0.33166692 -0.83166667 -0.83166667 -0.83166678 -0.915 -0.915 -0.91526032 -1.045 -1.045 -0.895 -0.895 -0.895 -0.5086869 -0.435 -0.435 -0.435 -0.46333333 -0.46333333 -0.46333333 -0.71333333 -0.71333333 -0.71333333 -0.71333333 -0.565 -0.565 -0.565 -0.565 -0.565 0.39 0.39
0.235 0.11834956 -0.078333333 -0.078333333 -0.078333333 -0.078333333 -0.3549457 -0.355 -0.355 -0.42666667 -0.42666667 -0.42666667 -0.42666667 -0.42666667 -0.43769702 -0.47666667 -0.47666667 -0.47666667 -0.55265827 -0.55333311 -0.55333333 -0.55333333 -0.55333333 -0.55333333 -0.83166667 -0.83166667 -0.83166667 -0.83166667 -0.915 -1.045 -1.045 -1.045 -0.89500001 -0.895 -0.895 -0.22 -0.43471533 -0.435 -0.435 -0.46339473 -0.58599332 -0.87210793 -0.71333333 -0.71333333 -0.27136815 -0.27 -0.27 -0.56378932 0.16909235 0.1716666 0.17166653 0.53164513 0.39000029
0.235 -0.15425678 -0.12219066 -0.078333333 -0.078333333 -0.35483653 -0.355 -0.355 -0.355 -0.35551645 -0.42666667 -0.42666667 -0.42666667 -0.42666667 -0.47666667 -0.47666667 -0.47666667 -0.47666667 -0.55326485 -0.55333333 -0.55333333 -0.55333333 -0.55333333 -0.55333333 -0.83166666 -0.83166667 -0.83166667 -0.83166667 -0.83244263 -1.045 -1.045 -1.045 -0.46833335 -0.89492104 -0.22 -0.22 -0.22 -0.22371684 -0.84557425 -0.87333333 -0.87333333 -0.87333333 -0.52333333 -0.52333333 -0.27 -0.27 -0.27 0.17166666 0.17166667 0.17166667 0.17166667 0.53166667 0.53166667
-0.16449391 -0.165 -0.165 -0.165 -0.13833333 -0.35499441 -0.355 -0.355 -0.355 -0.355 -0.37568979 -0.42665789 -0.42666665 -0.47666667 -0.47666667 -0.47666667 -0.47666667 -0.47666667 -0.50024767 -0.55333333 -0.55333333 -0.55333333 -0.55333333 -0.55333333 -0.5542863 -0.34333598 -0.34333333 -0.34333333 -0.34333333 -1.045 -0.46833334 -0.46833333 -0.46833333 -0.46833333 -0.22 -0.22000887 -0.55666667 -0.55666667 -0.86937928 -0.87333333 -0.87333333 -0.87333333 -0.52333333 -0.52333333 -0.30922472 -0.27 -0.27 0.17166667 0.17166667 0.17166667 0.1755268 0.53166667 0.53166667
-0.165 -0.165 -0.165 -0.15244227 -0.13833333 -0.13833333 -0.355 -0.355 -0.355 -0.355 0.24666667 0.24666667 0.24666667 -0.47666667 -0.47666667 -0.47666667 -0.47666667 -0.47664711 -0.755 -0.755 -0.55333342 -0.55333333 -0.54939743 -0.39166667 -0.39123154 -0.34333333 -0.34333333 -0.34333333 -0.34333333 -0.46832061 -0.46833333 -0.46833333 -0.46833333 -0.46833333 -0.55666548 -0.55666667 -0.55666667 -0.55666667 -0.55776154 -0.87333333 -0.87333333 -0.87333333 -0.52333333 -0.52333333 -0.52333333 -0.27 -0.27 0.17166666 0.17166667 0.17166667 0.53166667 0.53166667 0.53166667
-0.165 -0.165 -0.165 -0.13833333 -0.13833333 -0.13833333 -0.13833366 -0.355 -0.355 0.24604557 0.24666667 0.24666667 0.24666667 0.246216 -0.38088501 -0.35833333 -0.35833333 -0.35833334 -0.755 -0.755 -0.755 -0.39166667 -0.39166667 -0.39166667 -0.3915887 -0.22269274 -0.34333333 -0.34333333 -0.34333333 -0.35834608 -0.33667962 -0.33666667 -0.33666667 -0.33666667 -0.4200433 -0.22833408 -0.22833333 -0.22833333 -0.22833333 0.0065462576 0.0066666667 0.0066666667 -0.52333333 -0.52333333 0.43999598 0.43999995 0.28666667 0.28666667 0.42833333 0.42833333 0.42833333 0.53166667 0.7697869
-0.16499956 -0.165 -0.165 -0.13833333 -0.13833333 -0.13833333 -0.13833333 -0.14333339 -0.35415367 0.24668631 0.24666667 0.24666667 0.24666667 0.24547949 -0.35833333 -0.35833333 -0.35833333 -0.35833345 -0.755 -0.755 -0.755 -0.39166667 -0.39166667 -0.39166667 -0.11333333 -0.11333333 -0.035000001 -0.035 -0.035 -0.036645686 -0.33666667 -0.33666667 -0.33666667 -0.33666667 -0.28252973 -0.22833333 -0.22833333 -0.22833333 -0.22833333 0.0066666667 0.0066666667 0.0066666667 0.020300991 0.44 0.44 0.44 0.28666667 0.28666667 0.42833333 0.42833333 0.42833333 0.76999999 0.77
-0.023333333 -0.10115383 -0.55 -0.54988057 -0.13833333 -0.1433044 -0.14333333 -0.14333333 -0.095356814 0.26833333 0.26833333 0.26833333 0.26833333 -0.33331375 -0.33333333 -0.35833331 -0.35833333 -0.36878492 -0.755 -0.755 -0.755 -0.61166667 -0.61166667 -0.61166667 -0.11333333 -0.11333333 -0.035 -0.035 -0.035 -0.034999993 -0.025001981 -0.025000875 -0.32883339 -0.33633254 -0.1735188 -0.17333333 -0.17333333 -0.17333333 -0.17333333 0.0066666667 0.0066666667 0.0066666667 0.41613939 0.44 0.44 0.43999996 0.28666667 0.28666667 0.28667177 0.42833333 0.42832379 0.215 0.77
-0.24329155 -0.24333339 -0.55 -0.55 -0.55 -0.14333333 -0.14333333 -0.14333333 -0.011666667 -0.011666667 0.26833333 0.26833333 0.26833333 -0.33333333 -0.33333333 -0.33333333 -0.33333333 -0.33338022 -0.755 -0.755 -0.75499999 -0.61166667 -0.61166667 -0.61166667 -0.11333333 -0.11333333 -0.035 -0.035 -0.035 -0.025112751 -0.025 -0.025 -0.025 -0.025 -0.17326014 -0.17333333 -0.17333333 -0.17333333 -0.17333333 0.12499997 0.125 0.125 0.125 0.43999844 0.23666667 0.23666667 0.23666667 0.21 0.21 0.21 0.215 0.215 0.215
-0.24333333 -0.24333333 -0.55 -0.55 -0.55 -0.14547085 -0.14333333 -0.011666667 -0.011666667 -0.011666667 0.26829887 0.26833333 -0.081668423 -0.33333329 -0.33333333 -0.33333333 -0.33333333 -0.225 -0.225 -0.225 -0.57333333 -0.57333336 -0.61166648 -0.61166667 -0.61144078 -0.46666667 -0.46666667 -0.46666564 -0.03506976 0.2549442 0.25499851 0.25495112 -0.024521451 -0.024758363 -0.14673255 -0.1733333 -0.17305965 -0.091666667 -0.091666667 0.125 0.125 0.125 0.125 0.23666667 0.23666667 0.23666667 0.23666667 0.21 0.21 0.21 0.215 0.215 0.215
-0.24333333 -0.24333333 -0.55 -0.55 -0.55 -0.55 -0.094054346 -0.011666667 -0.011666667 -0.011666667 -0.011748603 -0.16 -0.16 -0.16 -0.33231184 -0.33333333 -0.22572191 -0.225 -0.225 -0.225 -0.57333333 -0.57333333 -0.57333333 -0.57333333 -0.46666667 -0.46666667 -0.46666667 -0.46666667 -0.46666667 0.255 0.255 0.255 0.255 0.25500001 0.26166667 -0.091666667 -0.091666667 -0.091666667 -0.091666667 -0.09166727 -0.31666667 -0.31666667 -0.31666667 -0.23043011 -0.051666667 -0.051666667 -0.051666667 0.20999999 0.20999969 -0.10833333 -0.10833333 0.2966468 0.29666667
-0.24333333 -0.24333333 -0.43931487 -0.55 -0.55 -0.55000001 -0.8385301 -0.014277116 -0.011666667 -0.011666667 -0.16000008 -0.16 -0.16 -0.16 -0.16 -0.17421724 -0.225 -0.225 -0.225 -0.225 -0.57333064 -0.57333333 -0.57333333 -0.57333333 -0.46666667 -0.46666667 -0.46666667 -0.46666667 -0.46666667 -0.17605791 0.255 0.255 0.255 0.26166667 0.26166667 0.26139229 -0.091666667 -0.091666667 -0.069155526 -0.051666671 -0.31666667 -0.31666667 -0.31666667 -0.2315193 -0.051666667 -0.051666667 -0.051666667 -0.081666667 -0.10800107 -0.10833333 -0.10833333 0.29666667 0.29666667
-0.63333333 -0.63333333 -0.63333333 -0.57089396 -0.54993897 -0.84 -0.84 -0.84 -0.84 -0.52833334 -0.52833333 -0.16000003 -0.16 -0.16 -0.16 -0.16000412 -0.225 -0.225 -0.225 -0.225 -0.42133197 -0.57333333 -0.57333333 -0.56277793 -0.18321024 -0.46666667 -0.46666667 -0.46666667 -0.32833333 -0.32833333 -0.32833333 -0.32833088 0.26166667 0.26166667 0.26166667 0.26166667 -0.051666667 -0.051666667 -0.051666667 -0.051666667 -0.565 -0.565 -0.565 -0.048343721 -0.048333333 -0.048333333 -0.048333334 -0.081666667 -0.081666667 -0.10830084 -0.10833333 0.29666546 0.29666667
-0.63333333 -0.63333333 -0.63333333 -0.63332633 -0.50333333 -0.5522902 -0.84 -0.84 -0.84 -0.52833333 -0.52833333 -0.52833333 -0.20333333 -0.20333333 -0.20333333 -0.20333334 -0.22567167 -0.225 -0.225 -0.225 -0.23025995 -0.17000111 -0.17 -0.17 -0.17 -0.17000002 -0.845 -0.845 -0.32833333 -0.32833333 -0.32833333 -0.32833333 0.2616665 0.26166667 0.26166667 0.2616482 -0.051666676 -0.051666667 -0.051666667 -0.053121632 -0.565 -0.565 -0.565 -0.048357293 -0.048333333 -0.048333333 -0.048333333 -0.081666667 -0.081666667 -0.081666648 0.056666667 0.056666667 0.68333333
-0.63333333 -0.63333333 -0.63333333 -0.50333363 -0.50333333 -0.50333333 -0.83999987 -0.84 -0.84 -0.52833333 -0.52833333 -0.52833333 -0.20333333 -0.20333333 -0.20333333 -0.23290863 -0.59166667 -0.59166667 -0.59166572 -0.22707103 -0.17 -0.17 -0.17 -0.17 -0.17 -0.17050797 -0.845 -0.845 -0.845 -0.32833333 -0.32833333 -0.3282636 0.035 0.035 0.035 -0.32666667 -0.32666667 -0.38333333 -0.38333333 -0.38333333 0.065 -0.56480239 -0.56499433 0.195 0.195 0.18577794 -0.048332747 -0.081666666 -0.081666666 0.056666667 0.056666667 0.056666667 0.68333333
-0.63333333 -0.63333333 -0.63333333 -0.50333333 -0.50333333 -0.50333333 -0.50333333 -0.84 -0.84 -0.52833333 -0.52833333 -0.21632865 -0.20333333 -0.20333333 -0.20333333 -0.59166667 -0.59166667 -0.59166667 -0.59166667 -0.59166667 -0.17 -0.17 -0.17 -0.17 -0.17 -0.8449977 -0.845 -0.845 -0.845 -0.22 -0.22 -0.22 0.035 0.035 0.035 -0.32666667 -0.32666667 -0.38333333 -0.38333333 0.065 0.065 0.065 0.195 0.195 0.195 0.195 0.23182939 0.64333333 0.64333333 0.64333333 0.056666684 0.97166667 0.97166667
