interpolatedSpi/02-05|23_2.tif
NCOLS 53
NROWS 52
XLLCORNER -116.03883
YLLCORNER 28.596182
DX 0.49850594
DY 0.49788537
NODATA_VALUE -9999
-0.73 -0.73 -1.3344171 -1.574 -0.786 -0.832 -0.894 -0.492 -1.0237717 -0.576 -0.512 -0.656 -0.86198584 -0.69 -0.642 -0.642 -0.642 -0.634 -1.07 -1.07 -1.07 -1.0699929 -0.33400001 -1.19 -1.19 -1.19 -0.4359992 -0.436 -0.436 -1.12 -1.12 -1.12 -1.12 -2.3039998 -2.304 -2.304 -2.304 -2.304 -2.304 -2.3039999 0.13176354 0.1574431 -2.028 -2.028 -2.028 -2.028 -2.0266868 -1.224 -1.224 -1.224 -0.12000229 -0.12 -0.12 
-0.73002986 -1.402 -1.2999996 -1.2185253 -1.3178259 -0.996 -1.252 -1.0297397 -0.924 -0.96 -0.918 -0.862 -0.862 -0.86541313 -0.6900017 -0.642 -0.634 -0.634 -1.0694315 -1.07 -1.07 -1.07 -1.1741036 -1.19 -1.19 -1.19 -1.456 -1.456 -1.12 -1.12 -1.12 -1.12 -1.12 -2.3039998 -2.304 -2.304 -2.304 -2.304 -2.3039999 -2.1436133 -1.3480437 -1.9454875 -2.028 -2.028 -2.028 -2.028 -2.028 -1.224 -1.224 -1.224 -1.1324553 -0.12 -0.12 
-0.42003296 -0.42 -0.978 -0.998 -1.32 -1 -1.424 -0.742 -1.366 -1.334 -1.15 -1.412 -1.616 -0.484 -0.866 -1.906 -0.634 -0.634 -0.634 -0.74609419 -0.746 -0.746 -0.888 -1.19 -1.19 -1.19 -1.456 -1.456 -1.456 -1.12 -1.12 -1.12 -1.3645512 -2.3016092 -2.2955671 -1.4063021 -1.398 -1.398 -1.3917113 -1.348 -1.348 -1.3488695 -2.028 -2.028 -2.028 -2.028 -2.028 -1.224 -1.224 -1.224 -1.224 -0.12 -0.12 
0.036 -0.42000008 -0.84012929 -0.688 -1.376 -1.15 -1.136 -1.412 -1.206 -1.0772345 -1.414 -1.15 -1.316 -0.484 -1.472 -1.906 -1.1160902 -1.1096665 -1.19 -0.746 -0.746 -1.342 -0.888 -0.888 -1.19 -1.1900013 -1.456 -1.456 -1.456 -0.924 -1.3102691 -1.628 -1.628 -1.6279998 -1.398 -1.398 -1.398 -1.398 -1.348 -1.348 -1.348 -1.348 -2.028 -2.028 -2.028 -2.028 -2.028 -1.2240101 -1.224 -1.224 -1.224 -0.12002365 -0.12 
0.036 0.025998412 -0.84 -1.5068113 -1.376 -1.622 -1.5060579 -2.026 -1.978 -1.5100002 -1.4046733 -1.3539461 -0.978 -1.472 -1.472 -1.7498824 -1.11 -1.11 -1.19 -1.19 -0.74600119 -1.342 -1.17 -0.484 -1.052 -1.0519285 -1.456 -1.456 -0.924 -0.924 -1.628 -1.628 -1.628 -1.6144226 -1.398 -1.398 -1.398 -1.348 -1.348 -1.348 -1.348 -1.3479334 -2.028 -2.028 -2.028 -2.028 -2.028 -2.0208434 -1.224 -1.223983 -0.844 -0.844 -0.844 
-1.306 -0.676 -0.62199997 -1.174 -1.054 -1.156 -1.69 -1.7330176 -1.442 -1.8 -1.49 -1.378 -1.3779997 -0.858 -0.858 -0.63002028 -0.63 -0.732 -0.732 -1.1899992 -1.364 -1.364 -0.484 -1.052 -1.052 -0.746 -1.516 -1.516 -0.69802177 -0.924 -1.628 -1.628 -1.556 -1.5559475 -1.054036 -1.4 -1.4 -1.3640874 -1.348 -1.348 -0.65886058 -0.658 -0.65799913 -1.0770879 -1.060107 -1.0600003 -1.06 -1.0600004 -0.93300359 -0.844 -0.844 -0.844 -0.844 
-0.50201117 -0.124 -0.73060111 -0.69 -0.508 -1.108 -1.072 -1.554 -1.808 -1.808 -1.49 -1.322 -1.3219999 -0.858 -0.71400043 -0.714 -0.63 -0.62 -0.242 -0.242 -1.2556091 -1.134 -1.134 -0.816 -0.746 -0.746 -1.516 -1.516 -0.6980542 -0.69899781 -0.85439107 -1.556 -1.556 -1.054 -1.054 -1.1734297 -1.4 -1.4 -1.5519947 -0.65800124 -0.658 -0.658 -0.65799588 -1.0599999 -1.06 -1.06 -1.06 -1.0599999 -0.938 -0.84401863 -0.844 -0.844 -0.844 
-0.502 -1.092 -0.364 -1.294 -1.0200157 -0.932 -1.166 -1.536 -0.754 -1.192 -1.192 -1.066 -1.322 -1.322 -0.71817144 -0.83239841 -0.844 -0.396 -0.058000189 -0.242 -0.15793638 -0.062 -1.358 -0.020000006 -0.020012021 -0.952 -0.764 -0.76400027 -1.6247412 -1.628 -0.852 -0.98474019 -1.016 -1.054 -1.0488091 -0.984 -0.984 -1.552 -1.552 -0.658 -0.658 -0.65799999 -1.0308498 -1.034 -1.06 -1.06 -1.06 -0.93800464 -0.938 -0.938 -0.844 -0.844 -0.844 
-1.1062613 -1.092 -0.184 -1.054 -1.058 -1.638 -1.164 -0.594 -0.89 -0.42429643 -0.648 -1.2 -1.2 -0.624 -0.62399757 -1.4642664 -1.466 -1.466 -0.34440379 -1.26 -1.192 -1.192 -1.626 -1.4636144 -0.85807901 -0.952 -1.02 -0.764 -0.54329004 -0.542 -0.976 -0.998 -0.9798686 -1.048 -0.872 -0.894 -1.012 -1.58 -1.0402494 -0.65631269 -0.28 -0.58 -1.0339059 -1.034 -1.0341463 -1.06 -1.906 -0.93800001 -0.938 -0.938 -0.93799999 -0.64503711 0.296 
-1.186 -1.186 -0.446 -0.952 -1.472 -1.478 -0.724 -0.748 -0.324 -0.30599308 -0.484 -0.166 -0.624 -0.624 -0.366 -0.381087 -1.466 -1.4657572 -0.386 -1.26 -1.26 -1.2512393 -1.626 -0.94401291 -0.944 -0.944 -1.02 -0.678 -0.678 -0.542 -0.542 -0.99793172 -0.962 -1.048 -0.708 -0.894 -1.012 -1.596 -1.04 -0.46546483 -0.57999999 -0.53444992 -0.456 -1.034 -1.034 -1.906 -1.906 -1.906 -0.938 -0.938 0.754 0.754 0.75399983 
-1.186 -1.186 -1.544 -1.522 -1.29 -0.848 -1.584 -0.6944757 -1.006 -1.342 -0.652 -0.332 -0.16622167 -0.366 -0.366 -0.36601777 -0.52 -0.51296705 -0.386 -0.364 -0.364 -0.492 -0.492 -0.944 -0.944 -0.944 -0.678 -0.678 -0.678 -0.878 -0.878 -0.87800014 -0.534 -0.534 -1.206 -1.23 -0.084 -1.0700022 -0.64 -0.456 -0.456 -0.77399895 -0.456 -1.034 -0.092000684 -0.77 -0.11574357 -0.108 0.462 0.462 0.754 0.754 0.754 
-1.186 -1.3405956 -1.5346118 -1.8859787 -0.734 -1.33 -1.584 -0.694 -1.0059974 -1.3382775 -0.33200131 -0.332 0.12 -0.366 -0.366 -0.51999999 -0.52 -0.51999237 -0.386 -0.364 -0.3891366 -0.492 -0.492 -0.94398138 -0.944 -0.74150875 -0.328 -0.328 -0.32800004 -0.878 -0.878 -0.09 -0.09 -0.53400184 -1.206 -0.22200032 -0.28283889 -1.07 -1.07 -0.45600001 -0.774 -0.774 -0.77399502 -0.092 -0.092 -0.77 -0.108 -0.108 0.462 0.462 0.754 0.754 0.754 
-0.692 -0.94275888 -0.89202361 -0.89918515 -0.73400314 -1.3299859 -1.584 -0.70495539 -0.98450001 -1.0147739 0.12 0.12 0.12 0.12 -0.36593115 -0.52 -0.52 -0.51826985 -0.386 -0.36390931 -0.05 -0.05 -0.05 -0.05 -0.92835867 -0.328 -0.328 -0.328 -0.328 -0.32819857 -0.09 -0.09 -0.09 -0.09 -0.222 -0.222 -0.222 -1.0294085 -1.0621139 -0.02 -0.02 -0.77395944 0.047995207 -0.091986516 -0.092 -0.77 -0.108 -0.108 0.462 0.462 0.75294066 0.754 -0.055534217 
-0.692 -0.892 -0.892 -0.892 -0.892 -0.89200018 -1.5833497 -1.1629256 -0.9271401 0.118779 0.12 0.12 0.12 0.12 0.12000004 -0.52 -0.51999998 -0.51080851 -0.38600078 -0.05 -0.05 -0.05 -0.05 -0.05 -0.04909313 -0.037958616 0.11399991 0.114 0.114 0.114 -0.089999994 -0.09 -0.089999408 0.402 0.402 -0.222 0.45658982 0.476 -0.019999713 -0.02 -0.02 -0.02 0.048 0.048 0.048 0.042307465 0.89529109 0.902 0.902 0.902 0.90199999 0.67400002 0.674 
-1.004 -0.892 -0.892 -0.892 -0.892 -0.892 -0.89200004 -0.96093529 0.17623255 0.182 0.182 0.182 0.182 0.182 0.182 0.0036028744 -0.51173594 -0.50165078 -0.050042291 -0.05 -0.05 -0.05 -0.05 -0.049999923 -0.008 -0.008 -0.0079998285 0.114 0.114 0.11447258 0.35 0.35 0.402 0.402 0.402 0.46414613 0.476 0.476 0.476 -0.02 -0.02 -0.02 0.048 0.048 0.048 0.048000001 0.90200001 0.902 0.902 0.902 0.902 0.674 0.674 
-1.004 -0.96230367 -0.892 -0.892 -0.892 -0.892 0.073810407 0.074 0.074000003 0.182 0.182 0.182 0.182 0.182 0.14184953 9.9570506e-16 4.440912e-17 -2.4522599e-13 0.015799013 0.015999933 0.016 0.016 0.016 0.016 -0.008 -0.008 -0.008 -0.008 0.114 0.35 0.35 0.35 0.402 0.402 0.402 0.748 0.47636014 0.476 0.476 -0.019973435 0.032654044 0.15547397 0.048 0.048 1.206414 1.21 1.21 0.90249729 1.2029446 1.204 1.2039999 1.2319155 0.67400113 
-1.004 -0.32669254 -0.59646911 -0.892 -0.892 0.073429241 0.074 0.074 0.074 0.074778279 0.182 0.182 0.182 0.18199998 4.4408932e-17 4.4408921e-17 4.4408921e-17 4.446885e-17 0.015985708 0.016 0.016 0.016 0.016 0.016 -0.0079999994 -0.008 -0.008 -0.008 -0.00669783 0.35 0.35 0.35 0.326 0.40203336 0.748 0.748 0.748 0.74644079 0.17627221 0.156 0.156 0.156 0.954 0.954 1.21 1.21 1.21 1.204 1.204 1.204 1.204 1.232 1.232 
-0.3083519 -0.308 -0.308 -0.30799999 0.342 0.074006913 0.074 0.074 0.074 0.074 0.14974827 0.18199445 0.18199999 4.4616313e-17 4.4408921e-17 4.4408921e-17 4.4408921e-17 1.8189005e-16 0.03054591 0.016 0.016 0.016 0.016 0.016 0.070211352 0.175999 0.176 0.176 0.176 0.35 0.326 0.326 0.326 0.326 0.748 0.74799631 0.608 0.608 0.16164389 0.156 0.156 0.156 0.954 0.954 1.1703624 1.21 1.21 1.204 1.204 1.204 1.2043002 1.232 1.232 
-0.308 -0.308 -0.308 -0.0019053035 0.342 0.342 0.074 0.074 0.074 0.074 -0.244 -0.244 -0.244 -7.0276583e-17 4.4408921e-17 4.4408921e-17 5.3568157e-17 1.6856131e-05 0.464 0.464 0.016000182 0.016 0.028659811 0.536 0.53275908 0.176 0.176 0.176 0.176 0.32598473 0.326 0.326 0.326 0.326 0.60800049 0.608 0.608 0.608 0.60638888 0.156 0.156 0.156 0.954 0.954 0.954 1.21 1.21 1.204 1.204 1.204 1.232 1.232 1.232 
-0.308 -0.308 -0.308 0.342 0.342 0.342 0.34199959 0.074 0.074 -0.24367173 -0.244 -0.244 -0.244 -0.24384798 0.082561086 0.102 0.102 0.102 0.464 0.464 0.464 0.536 0.536 0.536 0.53603025 0.42147738 0.176 0.176 0.176 0.35512875 0.36599607 0.366 0.366 0.366 0.45321597 0.23600084 0.236 0.236 0.236 0.89189929 0.892 0.892 0.954 0.954 1.2599987 1.26 1.23 1.23 1.286 1.286 1.286 1.232 0.96623784 
-0.30799893 -0.308 -0.30799998 0.342 0.342 0.342 0.342 0.39999991 0.075303476 -0.24382227 -0.244 -0.244 -0.244 -0.24332105 0.102 0.102 0.102 0.1020001 0.464 0.464 0.464 0.536 0.536 0.536 0.644 0.644 0.796 0.796 0.796 0.79365421 0.366 0.366 0.366 0.366 0.30103572 0.236 0.236 0.236 0.236 0.892 0.892 0.892 0.90357869 1.26 1.26 1.26 1.23 1.23 1.286 1.286 1.286 0.96600001 0.966 
0.036 -0.12131288 -0.146 -0.14585842 0.342 0.39966441 0.4 0.4 0.51295737 -0.047999983 -0.048 -0.048 -0.048 0.69397584 0.694 0.10200045 0.102 0.11153817 0.464 0.464 0.464 0.532 0.532 0.532 0.644 0.644 0.796 0.796 0.796 0.79599987 0.61599841 0.6159993 0.37228337 0.36626802 0.37598855 0.376 0.376 0.376 0.376 0.892 0.892 0.892 1.2397367 1.26 1.26 1.2599999 1.23 1.23 1.230002 1.286 1.2859772 0.776 0.966 
0.13198177 0.13199995 -0.146 -0.146 -0.146 0.4 0.4 0.4 0.71 0.71 -0.048 -0.048 -0.048 0.694 0.694 0.694 0.694 0.69397222 0.464 0.464 0.464 0.532 0.532 0.532 0.644 0.644 0.796 0.796 0.796 0.61802951 0.616 0.616 0.616 0.616 0.37611843 0.376 0.376 0.376 0.376 0.76800003 0.768 0.768 0.768 1.2599958 0.71 0.71 0.71 0.372 0.372 0.372 0.776 0.776 0.776 
0.132 0.132 -0.146 -0.146 -0.146 0.39713013 0.4 0.71 0.71 0.71 -0.04790669 -0.048 0.64655601 0.69400002 0.694 0.694 0.694 0.894 0.894 0.894 0.396 0.3960001 0.53199934 0.532 0.53207058 0.598 0.598 0.59800047 0.795968 0.3360558 0.33600149 0.33604888 0.61552145 0.61575836 0.41856238 0.37599986 0.37478015 0.012 0.012 0.768 0.768 0.768 0.768 0.71 0.71 0.71 0.71 0.372 0.372 0.372 0.776 0.776 0.776 
0.132 0.132 -0.146 -0.146 -0.146 -0.146 0.51602394 0.71 0.71 0.71 0.71005082 0.802 0.802 0.802 0.69463647 0.694 0.89266725 0.894 0.894 0.894 0.396 0.396 0.396 0.396 0.598 0.598 0.598 0.598 0.598 0.336 0.336 0.336 0.336 0.33599959 0.14 0.012 0.012 0.012 0.012 0.012001694 0.428 0.428 0.428 0.44882788 0.492 0.492 0.492 0.372 0.37199965 0.01 0.01 0.45807736 0.458 
0.132 0.132 -0.045661521 -0.146 -0.146 -0.14599997 1.0573825 0.7110967 0.71 0.71 0.80200007 0.802 0.802 0.802 0.802 0.79316127 0.894 0.894 0.894 0.894 0.39600385 0.396 0.396 0.396 0.598 0.598 0.598 0.598 0.598 0.54734154 0.336 0.336 0.336 0.14 0.14 0.1399006 0.012 0.012 -0.18947471 -0.34599997 0.428 0.428 0.428 0.44732286 0.492 0.492 0.492 0.064 0.010672835 0.01 0.01 0.458 0.458 
0.864 0.864 0.864 0.10723476 -0.14429674 1.058 1.058 1.058 1.058 1.114 1.114 0.80200002 0.802 0.802 0.802 0.80200583 0.894 0.894 0.894 0.894 0.61331105 0.396 0.396 0.40050131 0.56933586 0.598 0.598 0.598 0.622 0.622 0.622 0.6219988 0.14 0.14 0.14 0.14 -0.346 -0.346 -0.346 -0.346 0.294 0.294 0.294 0.14200306 0.142 0.142 0.14200011 0.064 0.064 0.010065796 0.01 0.45799759 0.458 
0.864 0.864 0.864 0.86400797 1.012 1.0186892 1.058 1.058 1.058 1.114 1.114 1.114 0.66600001 0.666 0.666 0.66600001 0.89395237 0.894 0.894 0.894 0.88645794 0.56799953 0.568 0.568 0.568 0.568 0.59 0.59 0.622 0.622 0.622 0.622 0.13999994 0.14 0.14 0.13999267 -0.346 -0.346 -0.346 -0.34579821 0.294 0.294 0.294 0.14200705 0.142 0.142 0.142 0.064 0.064 0.063999989 -0.02 -0.02 -0.014 
0.864 0.864 0.864 1.0119997 1.012 1.012 1.058 1.058 1.058 1.114 1.114 1.114 0.666 0.666 0.666 0.68138423 0.868 0.868 0.86800007 0.89385314 0.568 0.568 0.568 0.568 0.568 0.56801656 0.59 0.59 0.59 0.622 0.622 0.62168332 0.05 0.05 0.05 -0.51 -0.51 -0.3 -0.3 -0.3 0.154 0.29395609 0.2939973 -0.068 -0.068 -0.060041239 0.14199931 0.064 0.064 -0.02 -0.02 -0.02 -0.014 
0.864 0.864 0.864 1.012 1.012 1.012 1.012 1.058 1.058 1.114 1.114 0.68391354 0.666 0.666 0.666 0.868 0.868 0.868 0.868 0.868 0.568 0.568 0.568 0.568 0.568 0.58999992 0.59 0.59 0.59 0.13 0.13 0.13 0.05 0.05 0.05 -0.51 -0.51 -0.3 -0.3 0.154 0.154 0.154 -0.068 -0.068 -0.068 -0.068 -0.088865423 -0.322 -0.322 -0.322 -0.020000001 -0.072 -0.072 
0.864 0.864 0.8642061 1.012 1.012 1.012 1.012 0.98534367 0.984 0.98422319 1.114 0.66602362 0.666 0.666 0.6660007 0.868 0.868 0.868 0.868 0.868 0.49321989 0.568 0.568 0.568 0.56791926 0.58997671 0.59 0.59 0.59 0.13 0.13 0.13 0.12998605 0.05 -0.51 -0.51 -0.51 -0.50999152 -0.29996904 0.154 0.154 0.154 -0.067986523 -0.068 -0.068 -0.068 -0.32200318 -0.322 -0.322 -0.322 -0.072000001 -0.072 -0.072 
0.822 0.82200007 1.0119155 1.012 1.012 1.012 0.98400596 0.984 0.984 0.984 0.948 0.948 0.948 0.948 0.86836919 0.868 0.868 0.868 0.868 0.49000023 0.49 0.49 0.17600007 0.176 0.176 0.176 0.21173352 0.59 -0.16396912 -0.164 -0.164 -0.164 -0.164 -0.738 -0.738 -0.738 -0.738 -0.738 -0.09 -0.09 -0.09 -0.09 -0.09 -0.64113474 -0.642 -0.642 -0.642 -0.322 -0.322 -0.322 -0.072039386 -0.072 -0.072 
0.822 0.822 0.82310522 0.95400012 0.95400001 0.95402929 0.984 0.984 0.984 0.984 0.948 0.948 0.948 0.948 0.948 0.868 0.868 0.868 0.49000009 0.49 0.49 0.49 0.176 0.176 0.176 0.176 0.176 0.17608726 -0.16402471 -0.164 -0.164 -0.164 -0.16400993 -0.70738731 -0.7379683 -0.738 -0.738 -0.738 -0.09 -0.09 -0.09 -0.09 -0.090000003 -0.642 -0.642 -0.642 -0.642 -0.49236175 -0.322 0.36821246 0.376 0.416 0.416 
0.822 0.822 0.95398328 0.954 0.954 0.954 0.96161987 0.984 0.984 0.984 0.948 0.948 0.948 0.948 0.948 0.8680588 0.868 0.49011083 0.49 0.49 0.49 0.49 0.29232333 0.176 0.176 0.176 0.176 0.17571381 -0.228 -0.228 -0.228 -0.228 -0.228 -0.684 -0.684 -0.684 -0.684 -0.684 -0.614 -0.614 -0.614 -0.614 -0.61399999 -0.6397732 -0.64199953 -0.642 -0.64184541 -0.62325199 0.376 0.376 0.376 0.41599978 0.416 
0.82199913 0.36116311 0.95399992 0.954 0.954 0.954 0.954 0.98398723 0.984 0.984 0.948 0.948 0.948 0.948 0.65075225 0.644 0.644 0.49000396 0.49 0.49 0.49 0.49 0.48999995 0.176 0.176 0.176 0.176 -0.39599982 -0.39599992 -0.36024552 -0.228 -0.228 -0.228 -0.684 -0.684 -0.684 -0.684 -0.68377785 -0.614 -0.614 -0.614 -0.614 -0.61395526 0.27 0.27 0.27 0.27 0.27000855 0.376 0.376 0.376 0.37600013 0.57955525 
0.352 0.352 0.4866588 0.954 0.954 0.954 0.954 0.954 0.98398673 0.786 0.786 0.786 0.78638446 0.64400044 0.644 0.644 0.644 0.644 0.48999859 0.47789645 0.372 0.372 0.372 0.31986144 0.13390087 -0.091363613 -0.28146887 -0.396 -0.396 -0.396 -0.396 -0.396 -0.3900829 -0.35658364 -0.356 -0.356 -0.356 -0.356 -0.50429339 -0.030001049 -0.03 -0.03 -0.03 0.43399952 0.27000004 0.27 0.27 0.728 0.37600564 0.376 0.376 0.582 0.582 
0.352 0.352 0.51 0.51 0.51 0.9538521 0.954 0.954 0.786 0.786 0.786 0.786 0.786 0.64400001 0.644 0.644 0.644 0.644 0.372 0.372 0.372 0.372 0.372 -0.34999996 -0.35 -0.35 -0.35 -0.396 -0.396 -0.396 -0.396 -0.396 -0.408 -0.408 -0.356 -0.356 -0.356 0.30588726 0.306 -0.03 -0.03 -0.03 -0.029999925 0.434 0.434 0.434 0.728 0.728 0.728 0.776 0.776 0.582 0.582 
0.352 0.352 0.51 0.51 0.51 0.51 0.51000171 0.822 0.7860339 0.786 0.786 0.786 0.786 0.64577132 0.644 0.644 0.644 0.644 0.37200001 0.372 0.372 0.372 0.372 -0.35 -0.35 -0.35 -0.35 -0.3500002 -0.396 -0.396 -0.396 -0.40799937 -0.408 -0.408 -0.408 -0.356 0.30599999 0.306 0.306 0.29715921 0.37970212 0.456 0.456 0.434 0.434 0.434 0.728 0.728 0.728 0.776 0.776 0.776 0.47512547 
0.466 0.46599911 0.51 0.51 0.51 0.51 0.822 0.822 0.822 0.786 0.786 0.786 0.786 0.78595586 0.644 0.644 0.644 0.644 0.37200454 0.372 0.372 0.37199999 -0.22282106 -0.35 -0.35 -0.35 -0.35 -0.46399991 -0.464 -0.464 -0.39673027 -0.408 -0.408 -0.408 -0.40799983 -0.232 0.306 0.306 0.306 0.306 0.456 0.456 0.456 0.794 0.794 0.794 1.0779659 0.728 0.728 0.776 0.776 0.776 0.46400023 
0.466 0.466 0.51 0.51 0.51 0.822 0.822 0.822 0.822 0.78994638 0.786 0.786 0.786 0.78599849 0.39402877 0.394 0.394 0.394 -0.049670645 -0.276 -0.276 -0.276 -0.276 -0.35 -0.35 -0.35 -0.35000752 -0.464 -0.464 -0.464 -0.464 -0.40795878 -0.30900509 -0.232 -0.232 -0.232 0.30575928 0.24200133 0.242 0.242 0.45618329 0.68999999 0.69 0.794 0.794 0.7940012 1.078 1.078 0.832 0.832 0.832 0.552 0.548 
0.466 0.466 0.28 0.28 0.28 0.822 0.822 0.822 0.822 0.792 0.792 0.792 0.792 0.76395201 0.394 0.394 0.394 0.394 -0.042 -0.276 -0.276 -0.276 -0.276 -0.576 -0.57599991 -0.35000033 -0.464 -0.464 -0.464 -0.464 -0.28882877 -0.118 -0.21843556 -0.232 -0.232 -0.232 0.242 0.242 0.242 0.242 0.69 0.69 0.69 0.90993063 0.91 1.0772449 1.078 1.078 0.83199836 0.832 0.552 0.552 0.548 
0.466 0.28 0.28 0.28 0.28 0.28 0.81873959 0.402 0.402 0.792 0.792 0.792 0.792 0.79190574 0.394 0.394 0.394 0.37430014 -0.042 -0.042 -0.276 -0.276 -0.576 -0.576 -0.576 -0.576 -0.464 -0.464 -0.464 -0.464 -0.118 -0.118 -0.118 -0.23188464 -0.232 -0.232 0.242 0.242 0.242 0.242 0.69 0.69 0.69 0.91 0.91 0.90999932 0.898 0.898 0.456 0.456 0.552 0.552 0.548 
0.28174677 0.28 0.28 0.28 0.28 0.28 0.402 0.402 0.402 0.6107443 0.792 0.792 0.792 0.79198784 0.394 0.394 0.394 -0.042 -0.042 -0.042 -0.27598831 -0.27600183 -0.576 -0.576 -0.576 -0.576 -0.46400796 -0.464 -0.464 -0.11807957 -0.118 -0.118 -0.118 -0.118 -0.23147983 -0.062 -0.062 -0.056738752 0.242 0.242 0.6899996 0.69 0.90360345 0.91 0.91 0.898 0.898 0.898 0.456 0.456 0.032 0.032 0.15 
0.28 0.28 0.28 0.28 0.28 0.28 0.402 0.402 0.402 0.402 0.25001561 0.25 0.25 0.25 0.39399852 0.090161308 -0.08 -0.08 -0.042070053 -0.042 -0.042000046 -0.57599956 -0.576 -0.576 -0.576 -0.576 -0.57591857 -0.464 -0.46398817 -0.118 -0.118 -0.118 -0.118 -0.118 -0.062 -0.062 -0.062 -0.062 -0.062 -0.061997706 0.454 0.454 0.45400013 0.822 0.822 0.822 0.332 0.332 0.01 0.01 0.032 0.032000257 0.15 
0.28 0.28 0.28 0.28 0.28 0.28 0.402 0.402 0.402 0.25 0.25 0.25 0.25 0.25 0.16301279 -0.08 -0.08 -0.08 -0.08 -0.08 -0.078185625 -0.576 -0.576 -0.576 -0.576 -0.56959419 -0.37231967 -0.45147238 -0.11970629 -0.118 -0.118 -0.118 -0.118 -0.11799988 -0.062 -0.062 -0.062 -0.062 -0.062 0.178042 0.454 0.454 0.454 0.822 0.822 0.822 0.332 0.332 0.01 0.01 0.156 0.15033095 0.15 
0.28 0.28 0.28 0.28 0.28 0.28000004 0.40199997 0.402 0.39569115 0.25 0.25 0.25 0.25 0.25 0.23417117 -0.08 -0.08 -0.08 -0.08 -0.08 -0.08 -0.40227104 -0.37200029 -0.372 -0.372 -0.372 -0.372 -0.372 -0.5609128 -0.56399472 -0.56399999 -0.564 -0.564 -0.56399964 -0.062 -0.062 -0.062 -0.062 -0.062 0.45399994 0.454 0.454 0.454 0.45400016 0.82149018 0.504 0.33200002 0.16297558 0.01013143 0.156 0.156 0.16028205 0.362 
0.28 0.28 0.28 0.28 0.28 0.28000779 0.40199342 0.4019908 0.25000019 0.25 0.25 0.25 0.25 0.25 0.2437208 -0.08 -0.08 -0.08 -0.08 -0.08 -0.08 -0.372 -0.372 -0.372 -0.372 -0.372 -0.372 -0.372 -0.563947 -0.564 -0.564 -0.564 -0.564 -0.564 -0.42645205 -0.062 -0.062 -0.062 -0.062 0.454 0.454 0.454 0.454 0.45401281 0.504 0.504 0.50184397 0.16 0.16 0.156 0.156 0.362 0.362 
0.28 0.28 0.28 0.28 0.28 0.2801627 0.4018509 0.26715221 0.25 0.25 0.25 0.25 0.25 0.25 0.24422278 -0.08 -0.08 -0.08 -0.08 -0.08 -0.12157549 -0.372 -0.372 -0.372 -0.372 -0.372 -0.372 -0.372 -0.56399923 -0.564 -0.564 -0.564 -0.564 -0.564 -0.564 0.022942758 0.15502301 0.22723479 0.23822024 0.42931699 0.45399999 0.454 0.454 0.50399601 0.504 0.50284198 0.30999928 0.16 0.16 -0.020005234 -0.02 -0.02 0.36199983 
0.28 0.28 0.28 0.28 0.28000012 0.28101737 0.3880038 0.2500418 0.25 0.25 0.25 0.25 0.25 0.25 0.24229399 -0.08 -0.08 -0.08 -0.08 -0.080000002 -0.37199874 -0.372 -0.372 -0.372 -0.372 -0.372 -0.372 -0.372 -0.56399995 -0.564 -0.564 -0.564 -0.564 -0.564 -0.56399984 0.244 0.244 0.244 0.244 0.07 0.07 0.07 0.07 0.31000056 0.31 0.31 0.31 0.3099961 -0.044 -0.044 -0.02 -0.02 -0.48057851 
0.28 0.28 0.28 0.28000001 0.28000341 0.28324309 0.2602177 0.25000198 0.25 0.25 0.25 0.25 0.25 0.25 0.23879776 -0.079999865 -0.08 -0.08 -0.08 -0.08175742 -0.372 -0.372 -0.372 -0.372 -0.372 -0.372 -0.372 -0.372 -0.56399996 -0.564 -0.564 -0.564 -0.564 -0.564 0.24399926 0.244 0.244 0.244 0.244 0.07 0.07 0.07 0.07 0.13477497 0.31 0.31 0.31 -0.04399604 -0.044 -0.044 -0.688 -0.688 -0.688 
0.28 0.28 0.28000001 0.28000028 0.28003302 0.2852808 0.25054058 0.2500005 0.25 0.25 0.25 0.25 0.25 0.24999998 0.23406172 -0.07999224 -0.08 -0.08 -0.080000335 -0.36608362 -0.372 -0.372 -0.372 -0.372 -0.372 -0.372 -0.372 -0.372 -0.56399982 -0.564 -0.564 -0.564 -0.564 -0.25947033 0.24399988 0.244 0.244 0.244 0.244 0.07 0.07 0.07 0.07 0.07 0.31 0.31 0.31 -0.043999996 -0.044 -0.044 -0.688 -0.688 -0.688 
0.28 0.28000001 0.28000012 0.28000324 0.28015879 0.26935458 0.25009145 0.2500003 0.25 0.25 0.25 0.25 0.25 0.24999938 0.22843095 -0.079879481 -0.079999993 -0.08000001 -0.081511826 -0.37197517 -0.372 -0.372 -0.372 -0.372 -0.372 -0.372 -0.372 -0.37200011 -0.5639988 -0.564 -0.56399971 -0.18457147 -0.148 -0.148 -0.148 0.244 0.244 0.244 0.244 0.07 0.07 0.07 0.07 0.07 0.30999575 0.31 0.30999983 -0.043999975 -0.044 -0.04400035 -0.688 -0.688 -0.688 
