interpolatedSpi/02-02|23_3.tif
NCOLS 53
NROWS 52
XLLCORNER -116.03883
YLLCORNER 28.596182
DX 0.49850594
DY 0.49788537
NODATA_VALUE -9999
-0.96 -0.96 -1.265453 -0.85 -0.02 -0.35 -0.14 -0.14 -0.2463381 0.15 0.57 0.1 0.19001647 0.39 -0.16 -0.16 -0.16 -0.56 -1.2 -1.2 -1.2 -1.1999924 -0.41 -0.87 -0.87 -0.87 -0.11000487 -0.11 -0.11 -0.97 -0.97 -0.97 -0.97 -2.2799997 -2.28 -2.28 -2.28 -2.28 -2.28 -2.2799999 0.5297357 0.55921305 -2.53 -2.53 -2.53 -2.53 -2.5279583 -1.28 -1.28 -1.28 0.56999616 0.57 0.57 
-0.96002533 -1.53 -1.1100001 -1.0426391 -0.78989531 -0.63 -1.25 -0.84970336 -0.88 0.05 1.6776917e-13 0.19 0.19 -0.13823273 0.38998874 -0.16 -0.56 -0.56 -1.1991655 -1.2 -1.2 -1.2 -0.85473524 -0.87 -0.87 -0.87 -1.27 -1.27 -0.97 -0.97 -0.97 -0.97 -0.97 -2.2799998 -2.28 -2.28 -2.28 -2.28 -2.2799999 -2.0271714 -0.77007093 -2.3164381 -2.53 -2.53 -2.53 -2.53 -2.53 -1.28 -1.28 -1.28 -1.1265962 0.57 0.57 
-0.61003879 -0.61 -1.23 -0.98 -1.48 -1.43 -1.54 -0.93 -0.92 -0.91 -0.34 -1.08 -0.72 0.26 -0.14 -2.37 -0.56 -0.56 -0.56 -0.57018314 -0.57 -0.57 -0.58 -0.87 -0.87 -0.87 -1.27 -1.27 -1.27 -0.97 -0.97 -0.97000003 -1.297352 -2.2766593 -2.266969 -0.89282886 -0.88 -0.88 -0.8661649 -0.77 -0.77 -0.7722506 -2.53 -2.53 -2.53 -2.53 -2.53 -1.28 -1.28 -1.28 -1.28 0.57 0.57 
0.4 -0.61 -0.60015778 -0.37 -1.53 -1.47 -1.51 -1.77 -0.84 -0.45210052 -1.05 -0.78 -1.13 0.26 -0.47 -2.37 -0.78224152 -0.76985286 -1.17 -0.57 -0.57 -1.28 -0.58 -0.58 -0.87 -0.870002 -1.27 -1.27 -1.27 -0.62 -1.1851381 -1.65 -1.65 -1.6499994 -0.88 -0.88 -0.88 -0.88 -0.77 -0.77 -0.77 -0.77000007 -2.53 -2.53 -2.53 -2.53 -2.53 -1.2800158 -1.28 -1.28 -1.28 0.56994806 0.57 
0.4 0.47999802 -0.6 -1.3995104 -1.53 -1.72 -1.2900604 -1.5 -1.41 -0.6300003 -0.67208132 -0.68995989 -0.41 -0.47 -0.47 -1.7161485 -0.77 -0.77 -1.17 -1.17 -0.57000145 -1.28 -1.41 -0.63 -0.85 -0.84983874 -1.27 -1.27 -0.62 -0.62 -1.65 -1.65 -1.65 -1.6575427 -0.88 -0.88 -0.88 -0.77 -0.77 -0.77 -0.77 -0.76996428 -2.53 -2.53 -2.53 -2.53 -2.53 -2.5188735 -1.28 -1.2799883 -1.02 -1.02 -1.02 
-1.46 -0.07 0.29000006 -0.88 -0.99 -1.18 -1.99 -1.927266 -0.63 -0.88 -0.77 -0.32 -0.32000006 0.56 0.56 -0.30013038 -0.3 -0.53 -0.53 -1.1699987 -1.6 -1.6 -0.63 -0.85 -0.85 -0.16 -1.54 -1.54 -0.070051401 -0.62 -1.65 -1.65 -1.69 -1.6898997 -0.73006878 -0.84 -0.84 -0.7916561 -0.77 -0.77 -0.40046147 -0.4 -0.39999799 -0.4867177 -0.45022988 -0.45000055 -0.45000007 -0.45000078 -0.18147096 -1.02 -1.02 -1.02 -1.02 
-1.2800096 0.37 -0.54738824 0.38 0.58 -0.77 -0.77 -1.55 -1.65 -1.65 -0.77 -0.91 -1.1699998 0.56 -0.83999581 -0.84 -0.3 -1.52 0.34 0.34 -1.3549423 -1.08 -1.08 -0.36000001 -0.16 -0.16 -1.54 -1.54 -0.070063522 -0.071169481 -0.66153826 -1.69 -1.69 -0.73 -0.73 -0.62759038 -0.84 -0.84 -0.9899948 -0.40000082 -0.4 -0.4 -0.39999058 -0.45000379 -0.45 -0.45 -0.45 -0.44999973 -1.2005352e-12 -1.0197979 -1.02 -1.02 -1.02 
-1.28 -1.34 -0.61 -0.75 -0.47001605 -0.17 -0.21 -1.08 -0.39 -0.98 -0.98 -0.59 -1.17 -1.17 -0.84226411 -1.4410996 -1.5 -0.93 0.74999958 0.34 0.1473755 0.38 -1.94 -0.020000008 -0.020016896 -1.33 -1.04 -1.0400002 -1.1561805 -1.16 -0.66 -0.60299458 -0.9 -0.73 -0.71488377 -0.45 -0.45 -0.99 -0.99 -0.4 -0.4 -0.39999998 -1.1246632 -1.13 -0.45 -0.45 -0.45 -1.7128848e-05 -1.0914338e-29 -1.3962266e-20 -1.02 -1.02 -1.02 
-1.2611079 -1.34 -0.81 -0.65 -0.54 -1.09 -0.23 0.17 0.03 0.54833445 0.34 -0.55999999 -0.56 -0.07 -0.069998119 -0.98144928 -0.98 -0.98 -0.67354542 -1.8300001 -2.36 -2.36 -2.25 -2.0621659 -1.1979866 -1.33 -1.19 -1.04 -0.4434866 -0.44 -0.52 -0.48 -0.5908051 -0.4 -0.2 -0.17 -0.25 -0.93 -0.52018932 -0.39620579 0.45 -0.37 -1.1299365 -1.13 -1.1261726 -0.45 -2.3199999 -2.0515173e-08 -3.0243203e-80 -1.4977503e-40 2.1443181e-09 -0.80958243 -0.12 
-0.82 -0.82 -1.44 -1.6 -1.12 -1.25 0.08 0.29 0.57 0.67999506 0.39 0.2 -0.07 -0.07 0.13 0.11477585 -0.98 -0.97990235 -0.57 -1.83 -1.83 -1.8982818 -2.25 -2.1400021 -2.14 -2.14 -1.19 -0.74 -0.74 -0.44 -0.44 -0.48041726 -0.7 -0.4 -0.5 -0.17 -0.25 -1.17 -0.52 -0.40194484 -0.36999996 -0.50591557 -0.74 -1.13 -1.13 -2.32 -2.32 -2.32 -3.101856e-39 6.8983298e-21 0.67 0.67 0.6699997 
-0.82 -0.82 -2.62 -2.04 -1.01 -0.79 -1.59 -0.31023889 -0.62 -0.69 0.14 -0.02 0.19970672 0.13 0.13 0.12994117 -0.38 -0.38997209 -0.57 -1.67 -1.67 -0.91 -0.91 -2.14 -2.14 -2.14 -0.74 -0.74 -0.74 -0.64 -0.64 -0.6400001 -0.36 -0.36 -1.65 -1.47 0.26 -1.130002 -0.76 -0.4 -0.4 -0.95999928 -0.74 -1.13 -0.14000095 -1.16 -0.15934568 -0.15000001 0.39 0.39 0.67 0.67 0.67 
-0.82 -1.5971545 -2.3724933 -1.6999861 -0.56 -1.32 -1.59 -0.31 -0.61999741 -0.68922448 -0.020000872 -0.02 0.43 0.13 0.13 -0.37999998 -0.38 -0.38001081 -0.57 -1.67 -1.5207515 -0.91 -0.91 -2.1399495 -2.14 -1.3510731 0.26 0.26 0.25999987 -0.64 -0.64 0.73 0.73 -0.36000354 -1.65 0.36999944 -0.0013767098 -1.13 -1.13 -0.40000002 -0.96 -0.96 -0.95999404 -0.14 -0.14 -1.16 -0.15 -0.15 0.39 0.39 0.67 0.67 0.67 
-0.88 -0.90804152 -0.77004786 -0.77672249 -0.56000388 -1.3199821 -1.59 -0.32575607 -0.59863783 -0.62182789 0.43 0.43 0.43 0.43 0.1300425 -0.38 -0.38 -0.3824532 -0.57 -1.6694839 0.09 0.09 0.09 0.09 -2.1002537 0.26 0.26 0.26 0.26 0.25971012 0.73 0.73 0.73 0.73 0.37 0.37 0.37 -1.0579548 -1.1196355 0.25 0.25 -0.95993492 0.38998186 -0.13994895 -0.14 -1.16 -0.15 -0.15 0.39000001 0.39 0.66898419 0.67 -0.015418763 
-0.88 -0.77 -0.77 -0.77 -0.77 -0.77000023 -1.5893087 -0.98439183 -0.54164558 0.42886742 0.43 0.43 0.43 0.43 0.42999976 -0.37999999 -0.38000003 -0.3930327 -0.56999522 0.09 0.09 0.09 0.09 0.09 0.10880736 0.82584919 1.1099998 1.11 1.11 1.11 0.73000001 0.73 0.73000045 1.1 1.1 0.37 1.2838602 1.31 0.25000061 0.25 0.25 0.25 0.39 0.39 0.39 0.37921341 1.6877535 1.7 1.7 1.7 1.7 1.3399999 1.34 
-1.1 -0.77 -0.77 -0.77 -0.77 -0.77 -0.77000005 -0.91799047 0.10666891 0.11 0.11 0.11 0.11 0.11 0.11 0.42345759 -0.36716259 -0.40601715 0.08991708 0.09 0.09 0.09 0.09 0.090000872 0.96 0.96 0.96000021 1.11 1.11 1.10996 1.09 1.09 1.1 1.1 1.1 1.2763604 1.31 1.31 1.31 0.25 0.25 0.25 0.39 0.39 0.39 0.39 1.7 1.7 1.7 1.7 1.7 1.34 1.34 
-1.1 -0.97714475 -0.77 -0.77 -0.77 -0.77 0.0098469126 0.01 0.010000002 0.11 0.11 0.11 0.11 0.11 0.18059424 0.43 0.43 0.43 0.8377157 0.83999923 0.84 0.84 0.84 0.84 0.96 0.96 0.96 0.96 1.11 1.09 1.09 1.09 1.1 1.1 1.1 1.59 1.3103707 1.31 1.31 0.25011576 0.48036144 1.0176986 0.39 0.39 2.5732415 2.58 2.58 1.7009894 2.2979033 2.2999999 2.2999999 1.7199426 1.3400008 
-1.1 -0.78859419 -0.77506046 -0.77 -0.77 0.009539139 0.01 0.01 0.01 0.010720629 0.11 0.11 0.11 0.11000004 0.43 0.43 0.43 0.43 0.83963376 0.84 0.84 0.84 0.84 0.84 0.96 0.96 0.96 0.96 0.96047285 1.09 1.09 1.09 1 1.1000474 1.59 1.59 1.59 1.5875608 1.0383698 1.02 1.02 1.02 2.24 2.24 2.58 2.58 2.58 2.3 2.3 2.3 2.3 1.72 1.72 
-0.78009933 -0.78 -0.78 -0.77999999 0.15 0.010003611 0.01 0.01 0.01 0.01 0.094101243 0.10999726 0.10999999 0.43 0.43 0.43 0.43 0.43 0.54736521 0.84 0.84 0.84 0.84 0.84 0.90566574 0.92000022 0.92 0.92 0.92 1.09 1 1 1 1 1.59 1.5899942 1.37 1.37 1.0243703 1.02 1.02 1.02 2.24 2.24 2.5273563 2.58 2.58 2.3 2.3 2.3 2.2937809 1.72 1.72 
-0.78 -0.78 -0.78 -0.34204913 0.15 0.15 0.01 0.01 0.01 0.01 -0.1 -0.1 -0.1 0.43 0.43 0.43 0.43 0.43003636 1.78 1.78 0.84000038 0.84 0.86361542 1.81 1.8019877 0.92 0.92 0.92 0.92 0.99999185 1 1 1 1 1.3700008 1.37 1.37 1.37 1.368788 1.02 1.02 1.02 2.24 2.24 2.24 2.58 2.58 2.3 2.3 2.3 1.72 1.72 1.72 
-0.78 -0.78 -0.78 0.15 0.15 0.15 0.14999979 0.01 0.01 -0.099886448 -0.1 -0.1 -0.1 -0.099669782 0.60807293 0.65 0.65 0.65000001 1.78 1.78 1.78 1.81 1.81 1.81 1.8097647 0.94622622 0.92 0.92 0.92 1.5349295 1.6599351 1.66 1.66 1.66 1.5074076 1.6999993 1.7 1.7 1.7 2.2898262 2.29 2.29 2.24 2.24 2.479999 2.48 2.34 2.34 2.37 2.37 2.37 1.72 1.6200894 
-0.77999885 -0.78 -0.77999997 0.15 0.15 0.15 0.15000001 0.66999981 0.012638938 -0.099972797 -0.1 -0.1 -0.1 -0.098528293 0.65 0.65 0.65 0.65000032 1.78 1.78 1.78 1.81 1.81 1.81 0.97 0.97 1.7 1.7 1.7 1.6997818 1.66 1.66 1.66 1.66 1.6799891 1.7 1.7 1.7 1.7 2.29 2.29 2.29 2.2959781 2.48 2.48 2.48 2.34 2.34 2.37 2.37 2.37 1.62 1.62 
-0.41 -0.56810531 -0.16 -0.15991006 0.15 0.6669913 0.67 0.67 0.70279408 -0.069999981 -0.07 -0.07 -0.07 1.649944 1.65 0.65000077 0.65 0.67977384 1.78 1.78 1.78 1.47 1.47 1.47 0.97 0.97 1.7 1.7 1.7 1.7000007 2.7199933 2.719997 1.6866415 1.6611364 2.3891665 2.39 2.39 2.39 2.39 2.29 2.29 2.29 2.4695381 2.48 2.48 2.4799999 2.34 2.34 2.3400011 2.37 2.3699893 2.13 1.62 
-0.17004558 -0.17 -0.16 -0.16 -0.16 0.67 0.67 0.67 0.76 0.76 -0.07 -0.07 -0.07 1.65 1.65 1.65 1.65 1.6500106 1.78 1.78 1.78 1.47 1.47 1.47 0.97 0.97 1.7 1.7 1.7 2.7084994 2.72 2.72 2.72 2.72 2.3901628 2.39 2.39 2.39 2.39 2.45 2.45 2.45 2.45 2.4799959 1.95 1.95 1.95 1.73 1.73 1.73 2.13 2.13 2.13 
-0.17 -0.17 -0.16 -0.16 -0.16 0.66563737 0.67 0.76 0.76 0.76 -0.069897826 -0.07 1.3027695 1.65 1.65 1.65 1.65 2.37 2.37 2.37 1.64 1.6399999 1.4700008 1.47 1.4702568 2.14 2.14 2.139999 1.7000711 2.3600717 2.3600019 2.3600629 2.7193847 2.7196893 2.4485391 2.3899997 2.3874196 1.62 1.62 2.45 2.45 2.45 2.45 1.95 1.95 1.95 1.95 1.73 1.73 1.73 2.13 2.13 2.13 
-0.17 -0.17 -0.16 -0.16 -0.16 -0.16 0.70368437 0.76 0.76 0.76 0.76046952 1.61 1.61 1.61 1.6497643 1.65 2.3652021 2.37 2.37 2.37 1.64 1.64 1.64 1.64 2.14 2.14 2.14 2.14 2.14 2.36 2.36 2.36 2.36 2.3599992 1.99 1.62 1.62 1.62 1.62 1.6200016 1.98 1.98 1.98 1.9637294 1.93 1.93 1.93 1.73 1.7299997 1.44 1.44 1.7800851 1.78 
-0.17 -0.17 -0.1636093 -0.16 -0.16 -0.15999996 1.6584029 0.7628363 0.76 0.76 1.61 1.61 1.61 1.61 1.61 1.6133917 2.37 2.37 2.37 2.37 1.6400056 1.64 1.64 1.64 2.14 2.14 2.14 2.14 2.14 2.3082731 2.36 2.36 2.36 1.99 1.99 1.9897127 1.62 1.62 1.1810328 0.84000007 1.98 1.98 1.98 1.9627668 1.93 1.93 1.93 1.27 1.4378818 1.44 1.44 1.78 1.78 
1.79 1.79 1.79 0.3289186 -0.15733913 1.66 1.66 1.66 1.66 1.44 1.44 1.61 1.61 1.61 1.61 1.6100482 2.37 2.37 2.37 2.37 1.9585483 1.64 1.64 1.6447107 1.8342492 2.14 2.14 2.14 2.29 2.29 2.29 2.2900003 1.99 1.99 1.99 1.99 0.84 0.84 0.84 0.84 1.47 1.47 1.47 1.5999974 1.6 1.6 1.6000001 1.27 1.27 1.4397929 1.44 1.7799948 1.78 
1.79 1.79 1.79 1.7899925 1.65 1.6514542 1.66 1.66 1.66 1.44 1.44 1.44 1.66 1.66 1.66 1.66 2.3681682 2.37 2.37 2.37 2.3589404 1.8199995 1.82 1.82 1.82 1.82 2.06 2.06 2.29 2.29 2.29 2.29 1.9899997 1.99 1.99 1.9899666 0.84 0.84 0.84 0.83995613 1.47 1.47 1.47 1.599994 1.6 1.6 1.6 1.27 1.27 1.2699999 0.75 0.75 0.71 
1.79 1.79 1.79 1.6500003 1.65 1.65 1.66 1.66 1.66 1.44 1.44 1.44 1.66 1.66 1.66 1.6379137 1.37 1.37 1.3700026 2.3643517 1.82 1.82 1.82 1.82 1.82 1.8201806 2.06 2.06 2.06 2.29 2.29 2.2892019 1.58 1.58 1.58 0.46 0.46 0.83 0.83 0.83 1.02 1.4698588 1.4699979 1.19 1.19 1.2055385 1.5999984 1.27 1.27 0.75 0.75 0.75 0.71 
1.79 1.79 1.79 1.65 1.65 1.65 1.65 1.66 1.66 1.44 1.44 1.6512032 1.66 1.66 1.66 1.37 1.37 1.37 1.37 1.37 1.82 1.82 1.82 1.82 1.82 2.0599992 2.06 2.06 2.06 1.05 1.05 1.05 1.58 1.58 1.58 0.46 0.46 0.83 0.83 1.02 1.02 1.02 1.19 1.19 1.19 1.19 1.1177103 0.31 0.31 0.31 0.74999999 -0.01 -0.01 
1.79 1.79 1.789805 1.65 1.65 1.65 1.65 1.488158 1.48 1.4799313 1.44 1.6599807 1.66 1.66 1.659999 1.37 1.37 1.37 1.37 1.37 0.59246777 1.82 1.82 1.82 1.8196869 2.059901 2.06 2.06 2.06 1.05 1.05 1.05 1.0500725 1.58 0.46 0.46 0.46 0.46001501 0.83001296 1.02 1.02 1.02 1.1899897 1.19 1.19 1.19 0.30999828 0.31 0.31 0.31 -0.0099999985 -0.01 -0.01 
1.37 1.3700007 1.6500637 1.65 1.65 1.65 1.4800362 1.48 1.48 1.48 1.43 1.43 1.43 1.43 1.370277 1.37 1.37 1.37 1.37 0.54000049 0.54 0.54 0.30000025 0.3 0.3 0.3 0.45191064 2.06 0.56006143 0.56 0.56 0.56 0.56 0.16 0.16 0.16 0.16 0.16 0.91 0.91 0.91 0.91 0.91 0.13159787 0.13 0.13 0.13 0.31 0.31 0.31 -0.0099495863 -0.01 -0.01 
1.37 1.37 1.3692466 1.2800007 1.2800001 1.2801952 1.48 1.48 1.48 1.48 1.43 1.43 1.43 1.43 1.43 1.37 1.37 1.37 0.54000021 0.54 0.54 0.54 0.3 0.3 0.3 0.3 0.3 0.30037265 0.55964473 0.56 0.56 0.56 0.55985728 0.20535213 0.16004696 0.16 0.16 0.16 0.91 0.91 0.91 0.91 0.91 0.13 0.13 0.13 0.13 0.21417152 0.31 0.4385496 0.44 0.42 0.42 
1.37 1.37 1.2800114 1.28 1.28 1.28 1.3307992 1.48 1.48 1.48 1.43 1.43 1.43 1.43 1.43 1.3700403 1.37 0.54024335 0.54 0.54 0.54 0.54 0.38890956 0.3 0.3 0.3 0.3 0.29953247 -0.36 -0.36 -0.36 -0.36 -0.36 0.24 0.24 0.24 0.24 0.24 0.49 0.49 0.49 0.49 0.49 0.13122083 0.13000026 0.13 0.13008475 0.14024278 0.44 0.44 0.44 0.42000011 0.42 
1.3699983 0.48754638 1.2799999 1.28 1.28 1.28 1.28 1.4799148 1.48 1.48 1.43 1.43 1.43 1.43 0.79443738 0.78 0.78 0.54000618 0.54 0.54 0.54 0.54 0.53999991 0.3 0.3 0.3 0.3 -0.62999972 -0.62999988 -0.57253744 -0.36 -0.36 -0.36 0.24 0.24 0.24 0.24 0.23995259 0.49 0.49 0.49 0.49 0.49001839 0.63 0.63 0.63 0.63 0.62998468 0.44 0.44 0.44 0.44000037 1.030869 
0.47 0.47 0.64635691 1.28 1.28 1.28 1.28 1.28 1.4799135 0.99000001 0.99 0.99 0.99104421 0.78000094 0.78 0.78 0.78 0.78 0.53999628 0.50820253 0.23 0.23 0.23 0.24296744 0.21035926 -0.26929134 -0.67391369 -0.63 -0.63 -0.63 -0.63 -0.63 -0.61279927 0.16820426 0.17 0.17 0.17 0.17 0.53508475 0.72999957 0.73 0.73 0.73 0.85999933 0.63000006 0.63 0.63 1.27 0.4400133 0.44 0.44 1.04 1.04 
0.47 0.47 0.65 0.65 0.65 1.2797901 1.28 1.28 0.99 0.99 0.99 0.99 0.99 0.78000001 0.78 0.78 0.78 0.78 0.23 0.23 0.23 0.23 0.23 -0.81999995 -0.82 -0.82 -0.82 -0.63 -0.63 -0.63 -0.63 -0.63 0.01 0.01 0.17 0.17 0.17 0.55993358 0.56 0.73 0.73 0.73 0.73000004 0.86 0.86 0.86 1.27 1.27 1.27 1.35 1.35 1.04 1.04 
0.47 0.47 0.65 0.65 0.65 0.65 0.65000066 0.77 0.98979286 0.99 0.99 0.99 0.99 0.78261956 0.78 0.78 0.78 0.78 0.23000001 0.23 0.23 0.23 0.23 -0.82 -0.82 -0.82 -0.82 -0.81999923 -0.63 -0.63 -0.63 0.0099664457 0.01 0.01 0.01 0.17 0.56 0.56 0.56 0.56447302 0.92389195 0.96 0.96 0.86 0.86 0.86 1.27 1.27 1.27 1.35 1.35 1.35 0.6414848 
0.71 0.70999812 0.65 0.65 0.65 0.65 0.77 0.77 0.77 0.99 0.99 0.99 0.99 0.98993472 0.78 0.78 0.78 0.78 0.23000945 0.23 0.23 0.22999999 -0.63503698 -0.82 -0.82 -0.82 -0.82 -0.82 -0.82 -0.82 -0.6320153 0.01 0.01 0.01 0.010000296 0.32 0.56 0.56 0.56 0.56 0.96 0.96 0.96 1.18 1.18 1.18 1.4299844 1.27 1.27 1.35 1.35 1.35 0.59999986 
0.71 0.71 0.65 0.65 0.65 0.77 0.77 0.77 0.77 0.96588373 0.99 0.99 0.99 0.98999918 0.84999194 0.85 0.85 0.85 -0.022699889 -0.4 -0.4 -0.4 -0.4 -0.82 -0.82 -0.82 -0.82 -0.82 -0.82 -0.82 -0.82 0.0099943075 0.18436603 0.32 0.32 0.32 0.55917793 0.34000458 0.34 0.34 0.95996084 0.91 0.91 1.18 1.18 1.1800011 1.43 1.43 1.01 1.01 1.01 0.49 0.55 
0.71 0.71 0.4 0.4 0.4 0.77 0.77 0.77 0.77 0.97 0.97 0.97 0.97 0.96154332 0.85 0.85 0.85 0.85 -0.01 -0.4 -0.4 -0.4 -0.4 -0.43 -0.43000015 -0.81999942 -0.82 -0.82 -0.82 -0.82 -0.46054458 -0.11 0.2688359 0.32 0.32 0.32 0.34 0.34 0.34 0.34 0.91 0.91 0.91 1.3598581 1.36 1.4296854 1.43 1.43 1.0099962 1.01 0.49 0.49 0.55 
0.71 0.4 0.4 0.4 0.4 0.4 0.77116443 0.92 0.92 0.97 0.97 0.97 0.97 0.96997158 0.85 0.85 0.85 0.81114247 -0.01 -0.01 -0.4 -0.4 -0.43 -0.43 -0.43 -0.43 -0.82 -0.82 -0.82 -0.82 -0.11 -0.11 -0.11 0.31956488 0.32 0.32 0.34 0.34 0.34 0.34 0.91 0.91 0.91 1.36 1.36 1.3599824 1.05 1.05 0.16 0.16 0.49 0.49 0.55 
0.40291129 0.4 0.4 0.4 0.4 0.4 0.92 0.92 0.92 0.94676209 0.97 0.97 0.97 0.96999488 0.85 0.85 0.85 -0.01 -0.01 -0.01 -0.39998052 -0.40000018 -0.43 -0.43 -0.43 -0.43 -0.81997228 -0.82 -0.82 -0.11016328 -0.11 -0.11 -0.11 -0.11 0.31824208 -0.18 -0.18 -0.1710005 0.34 0.34 0.9099995 0.91 1.3469162 1.36 1.36 1.0500001 1.05 1.05 0.16 0.16 0.06 0.06 0.53 
0.4 0.4 0.4 0.4 0.4 0.4 0.92 0.92 0.92 0.92 0.73000691 0.73 0.73 0.73 0.84999786 0.38847287 0.13 0.13 -0.0097419108 -0.01 -0.010000077 -0.42999996 -0.43 -0.43 -0.43 -0.43 -0.43028355 -0.82 -0.81997573 -0.11 -0.11 -0.11 -0.11 -0.11 -0.18 -0.18 -0.18 -0.18 -0.18 -0.17999631 0.6 0.6 0.60000015 1.04 1.04 1.04 0.36 0.36 0.09 0.09 0.06 0.060001023 0.53 
0.4 0.4 0.4 0.4 0.4 0.4 0.92 0.92 0.92 0.73 0.73 0.73 0.73 0.73 0.57184144 0.13 0.13 0.13 0.13 0.13 0.12331546 -0.43 -0.43 -0.43 -0.43 -0.43533817 -0.59973361 -0.79004112 -0.11350135 -0.11 -0.11 -0.11 -0.11 -0.11000015 -0.18 -0.18 -0.18 -0.18 -0.18 0.18285419 0.6 0.6 0.6 1.04 1.04 1.04 0.36 0.36 0.09 0.09 0.93999998 0.55261714 0.53 
0.4 0.4 0.4 0.4 0.4 0.40000016 0.91999988 0.92 0.91211394 0.73 0.73 0.73 0.73 0.73 0.70122031 0.13 0.13 0.13 0.13 0.13 0.13 -0.57171633 -0.59999976 -0.6 -0.6 -0.6 -0.6 -0.6 -0.98375575 -0.98998958 -0.98999998 -0.99 -0.99 -0.98999941 -0.18 -0.18 -0.18 -0.18 -0.18 0.59999991 0.6 0.6 0.6 0.6000002 1.0400962 1.1 0.36000008 0.98892806 0.090797345 0.94 0.94 0.94020787 0.95 
0.4 0.4 0.4 0.4 0.4 0.40003322 0.91997195 0.9199885 0.73000024 0.73 0.73 0.73 0.73 0.73 0.71858328 0.13 0.13 0.13 0.13 0.13 0.13 -0.6 -0.6 -0.6 -0.6 -0.6 -0.6 -0.6 -0.98989234 -0.99 -0.99 -0.99 -0.99 -0.99 -0.76806008 -0.18 -0.18 -0.18 -0.18 0.6 0.6 0.6 0.6 0.60012809 1.1 1.1 1.0993732 1 1 0.94 0.94 0.95 0.95 
0.4 0.4 0.4 0.4 0.4 0.40069349 0.91937739 0.75144026 0.73 0.73 0.73 0.73 0.73 0.73 0.71949597 0.13 0.13 0.13 0.13 0.13 0.026061265 -0.6 -0.6 -0.6 -0.6 -0.6 -0.6 -0.6 -0.98999844 -0.99 -0.99 -0.99 -0.99 -0.99 -0.99 -0.24110178 -0.33602962 -0.38794658 -0.39584304 0.54664871 0.59999998 0.6 0.6 1.0999601 1.1 1.097672 0.71000139 1 1 0.6998975 0.7 0.7 0.94999988 
0.4 0.4 0.4 0.4 0.40000053 0.40433651 0.89993005 0.73005225 0.73 0.73 0.73 0.73 0.73 0.73 0.71598908 0.13 0.13 0.13 0.13 0.13 -0.59999685 -0.6 -0.6 -0.6 -0.6 -0.6 -0.6 -0.6 -0.98999989 -0.99 -0.99 -0.99 -0.99 -0.99 -0.98999988 -0.4 -0.4 -0.4 -0.4 -0.23 -0.23 -0.23 -0.23 0.71000113 0.71 0.71 0.71 0.70999485 0.23 0.23 0.7 0.7 -0.0061520977 
0.4 0.4 0.4 0.40000004 0.40001452 0.41403094 0.74213932 0.73000248 0.73 0.73 0.73 0.73 0.73 0.73 0.7096323 0.13000025 0.13 0.13 0.13 0.12560645 -0.6 -0.6 -0.6 -0.6 -0.6 -0.6 -0.6 -0.6 -0.98999991 -0.99 -0.99 -0.99 -0.99 -0.99 -0.40000054 -0.4 -0.4 -0.4 -0.4 -0.23 -0.23 -0.23 -0.23 0.023701959 0.71 0.71 0.71 0.23000537 0.23 0.23 -0.32 -0.32 -0.32 
0.4 0.4 0.40000002 0.40000118 0.40014187 0.44397945 0.73060069 0.73000062 0.73 0.73 0.73 0.73 0.73 0.72999996 0.70102131 0.13001411 0.13 0.13 0.12999916 -0.58520904 -0.6 -0.6 -0.6 -0.6 -0.6 -0.6 -0.6 -0.6 -0.98999963 -0.99 -0.99 -0.99 -0.99 -1.2315733 -0.40000028 -0.4 -0.4 -0.4 -0.4 -0.23 -0.23 -0.23 -0.23 -0.23 0.71 0.71 0.71 0.23 0.23 0.23 -0.32 -0.32 -0.32 
0.40000001 0.40000004 0.40000049 0.40001389 0.40080152 0.60052869 0.730092 0.73000038 0.73 0.73 0.73 0.73 0.73 0.72999887 0.69078355 0.13021913 0.13000001 0.12999997 0.12622044 -0.59993793 -0.6 -0.6 -0.6 -0.6 -0.6 -0.6 -0.6 -0.60000023 -0.98999756 -0.99 -0.99000023 -1.290989 -1.32 -1.32 -1.32 -0.4 -0.4 -0.4 -0.4 -0.23 -0.23 -0.23 -0.23 -0.23 0.70998334 0.71 0.70999976 0.23000003 0.23 0.2299997 -0.32 -0.32 -0.32 
