interpolatedSpi/02-03|19_2.tif
NCOLS 53
NROWS 52
XLLCORNER -116.03883
YLLCORNER 28.596182
DX 0.49850594
DY 0.49788537
NODATA_VALUE -9999
[rows 0 to 32 of 52, columns 0 to 52 of 53]
0.14 0.14 -0.21071225 0.32333333 -0.1 -0.063333333 -0.03 -0.15666667 -0.45523601 -0.54666667 -0.37666667 -0.61333333 -0.67994565 -0.02 -0.37 -0.37 -0.37 0.19 -0.01 -0.01 -0.01 -0.010011302 -1.1833333 -0.50666667 -0.50666667 -0.50666667 -0.91333373 -0.91333333 -0.91333333 -1.23 -1.23 -1.23 -1.23 -2.0566665 -2.0566667 -2.0566667 -2.0566667 -2.0566667 -2.0566667 -2.0566666 -0.40116411 -0.38354734 -1.2233333 -1.2233333 -1.2233333 -1.2233333 -1.2245093 -1.9433333 -1.9433333 -1.9433333 -1.9166667 -1.9166667 -1.9166667
0.1399495 -0.99666667 -0.19333332 -0.22540997 -0.11364006 0.13666667 0.23666667 -0.14005104 -0.25666667 -0.48666667 -0.38333333 -0.68 -0.68 0.35208846 -0.019998582 -0.37 0.19 0.19 -0.0097392268 -0.01 -0.01 -0.01 -0.51579043 -0.50666667 -0.50666667 -0.50666667 0.0033332983 0.0033333329 -1.23 -1.23 -1.23 -1.23 -1.23 -2.0566665 -2.0566667 -2.0566667 -2.0566667 -2.0566667 -2.0566665 -1.7091989 -0.050050116 -1.0809584 -1.2233333 -1.2233333 -1.2233333 -1.2233333 -1.2233333 -1.9433333 -1.9433333 -1.9433333 -1.9411221 -1.9166667 -1.9166667
-0.18999539 -0.19 -0.18333333 0.21666667 -0.51333333 -0.69 -0.38 -0.61 -1.0966667 -0.72 -0.026666667 -0.98333333 -0.39 0.49333333 0.35333333 -1.0033333 0.19 0.19 0.19 0.023323643 0.023333333 0.023333333 -0.68 -0.50666667 -0.50666667 -0.50666667 0.0033333333 0.0033333333 0.0033333333 -1.23 -1.23 -1.23 -1.1754413 -2.0507204 -2.0327455 0.48978321 0.51333333 0.51333333 0.44248085 -0.049999996 -0.05 -0.051500396 -1.2233333 -1.2233333 -1.2233333 -1.2233333 -1.2233333 -1.9433333 -1.9433333 -1.9433333 -1.9433333 -1.9166667 -1.9166667
-0.03 -0.19000017 -1.0401103 0.16 -0.79333333 -0.73333333 -0.69333333 -0.86666667 -0.94333333 -0.24856252 -1.0066667 -1.07 -1.0533333 0.49333333 -0.37666667 -1.0033333 -0.59647022 -0.59278448 -0.95666667 0.023333333 0.023333333 -0.94333333 -0.68 -0.68 -0.50666667 -0.50666412 0.0033333333 0.0033333333 0.0033333333 -0.91666667 -1.0264022 -1.1166667 -1.1166667 -1.1166654 0.51333333 0.51333333 0.51333333 0.51333333 -0.05 -0.05 -0.05 -0.050000044 -1.2233333 -1.2233333 -1.2233333 -1.2233333 -1.2233333 -1.9433243 -1.9433333 -1.9433333 -1.9433333 -1.9166085 -1.9166667
-0.03 -0.7833338 -1.04 -1.2833165 -0.79333333 -1.47 -1.4699609 -1.2833333 -0.94333333 -1.1333331 -0.9614648 -0.87657881 -0.26333333 -0.37666667 -0.37666667 -0.78952657 -0.59333333 -0.59333333 -0.95666667 -0.95666667 0.023331356 -0.94333333 -1.3533333 -1.2533333 -1.0466667 -1.0467358 0.0033333333 0.0033333333 -0.91666667 -0.91666667 -1.1166667 -1.1166667 -1.1166667 -1.1600383 0.51333333 0.51333333 0.51333333 -0.05 -0.05 -0.05 -0.05 -0.04993983 -1.2233333 -1.2233333 -1.2233333 -1.2233333 -1.2233333 -1.2297422 -1.9433333 -1.9432523 -0.13666667 -0.13666667 -0.13666667
-1.62 -0.83 -0.34333334 -0.82333333 -0.88333333 -0.95 -1.25 -1.2542676 -1.1366667 -1.0033333 -0.90333333 -0.60666667 -0.60666644 -1.24 -1.24 -0.80321664 -0.80333333 -0.92666667 -0.92666667 -0.95666653 -1.4066667 -1.4066667 -1.2533333 -1.0466667 -1.0466667 -1.3433333 -1.5233333 -1.5233333 -0.55669972 -0.91666667 -1.1166667 -1.1166667 -1.3466667 -1.3465935 -0.64671672 -0.25666667 -0.25666667 -0.11393705 -0.05 -0.05 0.5725559 0.57333334 0.57333506 0.45320599 0.48314471 0.48333288 0.48333328 0.48333267 -1.1166319 -0.13666667 -0.13666667 -0.13666667 -0.13666667
-1.7066605 -1.1566667 -0.92727766 -0.42 0.11333333 -0.97333333 -0.92666667 -1.0466667 -1.18 -1.18 -0.90333333 -1.06 -1.4199999 -1.24 -0.32000276 -0.32 -0.80333333 -0.54 -0.8 -0.8 -1.4113793 -1.4166667 -1.4166667 -1.1533333 -1.3433333 -1.3433333 -1.5233333 -1.5233333 -0.5566824 -0.55695635 -0.44119236 -1.3466667 -1.3466667 -0.64666667 -0.64666667 -0.71234883 -0.25666667 -0.25666667 -0.66665246 0.57333161 0.57333333 0.57333333 0.57334201 0.48333213 0.48333333 0.48333333 0.48333333 0.48333229 -1.2566667 -0.13688862 -0.13666667 -0.13666667 -0.13666667
-1.7066667 -1.7566667 -0.65 -1.1233333 -1.0600036 -0.99333333 -0.74333333 -1.0333333 -0.84666667 -0.63 -0.63 -1.02 -1.42 -1.42 -0.32754702 -0.58715538 -0.61333333 -0.12 -1.0066665 -0.8 0.068842169 0.14666667 -1.2466667 -1.02 -1.0200046 -1.38 -0.42 -0.42000039 -0.82572055 -0.82666666 -0.44 -0.26943325 -0.38666667 -0.64666667 -0.64409976 -1.0933333 -1.0933333 -0.66666666 -0.66666667 0.57333333 0.57333333 0.57333335 0.26868196 0.26666668 0.48333333 0.48333333 0.48333333 -1.2566004 -1.2566667 -1.2566667 -0.13666667 -0.13666667 -0.13666667
-1.6079854 -1.7566667 -1.6466667 -0.47333333 -0.83 -1.24 -1.0166667 -0.47 -0.91 -0.096613636 -0.42333333 -1.05 -1.05 -0.33 -0.32999574 -1.5440654 -1.5466667 -1.5466667 -0.25535104 -0.44000007 -0.77 -0.76999999 -0.79 -1.0667018 -1.3437215 -1.38 -0.94666667 -0.42 -0.49622116 -0.49666667 -0.23666667 -0.24 -0.31219071 -1.1166667 -0.55666667 -0.68666667 -0.35 -0.13666667 -0.12667128 0.57659189 1.3033333 0.55 0.26663955 0.26666667 0.26788618 0.48333333 -0.39999995 -1.2566667 -1.2566667 -1.2566667 -1.2566667 -0.066942503 -0.22333333
-0.77666667 -0.77666667 -1.3933333 -1.1233333 -0.39333333 -0.87 -0.28 -0.49 0.31333333 0.11003211 0.02 -0.04 -0.33 -0.33 0.12333333 0.10042853 -1.5466667 -1.5463328 -0.08 -0.44 -0.44 -0.48251505 -0.79 -1.1099939 -1.11 -1.11 -0.94666667 0.21666667 0.21666667 -0.49666667 -0.49666667 -0.24027185 -0.38333333 -1.1166667 -0.40666667 -0.68666667 -0.35 -1.2333333 -0.12666667 1.0407677 0.55000003 0.38469727 0.1 0.26666667 0.26666667 -0.4 -0.4 -0.4 -1.2566667 -1.2566667 0.42333333 0.42333333 0.42333309
-0.77666667 -0.77666667 -1.4166667 -1.6366667 -1.28 -0.24333333 -0.31333333 -0.16014887 -0.35333333 -0.21666667 0.03 -0.12 -0.040106933 0.12333333 0.12333333 0.12330988 -0.08 -0.08 -0.08 0.12666667 0.12666667 0.17666667 0.17666667 -1.11 -1.11 -1.11 0.21666667 0.21666667 0.21666667 -1.2166667 -1.2166667 -1.2166653 -0.72 -0.72 -1.4166667 -0.61666667 0.46666667 -0.30999801 -0.34666667 1.06 1.06 0.22333293 0.1 0.26666667 0.53666613 -0.12 0.36004583 0.36333333 0.59 0.59 0.42333333 0.42333333 0.42333333
-0.77666667 -1.0531196 -1.5105485 -1.446661 -0.35 -1.01 -0.31333333 -0.16 -0.35333172 -0.21818077 -0.12000013 -0.12 0.41666667 0.12333333 0.12333333 -0.079999993 -0.08 -0.08 -0.08 0.12666667 0.13648565 0.17666667 0.17666667 -1.1099474 -1.11 -0.63445237 0.33666667 0.33666667 0.33666665 -1.2166667 -1.2166667 0.13666667 0.13666667 -0.72000191 -1.4166667 0.61666633 0.37954118 -0.31 -0.31 1.06 0.22333333 0.22333333 0.22333558 0.53666667 0.53666667 -0.12 0.36333333 0.36333333 0.59 0.59 0.42333333 0.42333333 0.42333333
-0.50666667 -0.54093683 -0.46337672 -0.47044474 -0.3500036 -1.0099844 -0.31333335 -0.16188745 -0.34001069 -0.3497646 0.41666667 0.41666667 0.41666667 0.41666667 0.12337489 -0.08 -0.08 -0.08 -0.08 0.12691126 0.97666667 0.97666667 0.97666667 0.97666667 -1.0734844 0.33666667 0.33666667 0.33666667 0.33666667 0.33581221 0.13666667 0.13666667 0.13666667 0.13666667 0.61666666 0.61666667 0.61666667 -0.2650469 -0.29773278 1.3233333 1.3233333 0.2233925 0.84665605 0.53669653 0.53666667 -0.12 0.36333333 0.36333333 0.59 0.59 0.42393798 0.42333333 0.4579018
-0.50666667 -0.46333333 -0.46333333 -0.46333333 -0.46333333 -0.46333356 -0.31511657 -0.24080681 -0.3044671 0.41584089 0.41666667 0.41666667 0.41666667 0.41666667 0.41666692 -0.079999997 -0.08 -0.08 -0.079996578 0.97666667 0.97666667 0.97666667 0.97666667 0.97666667 0.96909829 0.47394022 0.52333329 0.52333333 0.52333333 0.52333333 0.13666668 0.13666667 0.13666727 0.64 0.64 0.61666667 0.95045249 0.96 1.3233331 1.3233333 1.3233333 1.3233333 0.84666667 0.84666667 0.84666667 0.83993955 0.83017496 0.83333333 0.83333333 0.83333333 0.83333333 0.82333325 0.82333333
0.16666667 -0.46333333 -0.46333333 -0.46333333 -0.46333333 -0.46333333 -0.46333333 -0.0049944817 0.76766965 0.77333333 0.77333333 0.77333333 0.77333333 0.77333333 0.77333333 0.68178808 -0.06793917 -0.079999761 0.97653381 0.97666667 0.97666667 0.97666667 0.97666667 0.97666663 0.62666667 0.62666667 0.62666652 0.52333333 0.52333333 0.52406756 0.89 0.89 0.64 0.64 0.64 0.90873967 0.96 0.96 0.96 1.3233333 1.3233333 1.3233333 0.84666667 0.84666667 0.84666667 0.84666667 0.83333333 0.83333333 0.83333333 0.83333333 0.83333333 0.82333333 0.82333333
0.16666667 -0.067875175 -0.46333333 -0.46333333 -0.46333333 -0.46333333 0.67644292 0.67666667 0.67666667 0.77333333 0.77333333 0.77333333 0.77333333 0.77333333 0.75274335 0.68 0.68 0.68 0.94675759 0.9466667 0.94666667 0.94666667 0.94666667 0.94666667 0.62666667 0.62666667 0.62666667 0.62666667 0.52333333 0.89 0.89 0.89 0.64000002 0.64 0.64 1.39 0.96056933 0.96 0.96 1.3232653 1.1877093 0.87135491 0.84666667 0.84666667 0.60740732 0.60666667 0.60666667 0.83333764 0.83665502 0.83666667 0.83666667 1.313259 0.82333433
0.16666667 0.26398144 -0.093919727 -0.46333333 -0.46333333 0.6759931 0.67666667 0.67666667 0.67666667 0.67736327 0.77333333 0.77333333 0.77333333 0.77333332 0.68 0.68 0.68 0.68 0.94642846 0.94666667 0.94666667 0.94666667 0.94666667 0.94666667 0.62666667 0.62666667 0.62666667 0.62666667 0.6276245 0.89 0.89 0.89 1.2333333 0.64009061 1.39 1.39 1.39 1.3891985 0.87571183 0.87 0.87 0.87 0.73 0.73 0.60666667 0.60666667 0.60666667 0.83666666 0.83666667 0.83666667 0.83666667 1.3133333 1.3133333
0.26700249 0.26666667 0.26666667 0.26666667 0.48 0.67666159 0.67666667 0.67666667 0.67666667 0.67666667 0.7745951 0.77333355 0.77333333 0.68 0.68 0.68 0.68 0.68 0.63146394 0.94666667 0.94666667 0.94666667 0.94666667 0.94666667 0.93099104 1.1499972 1.15 1.15 1.15 0.89000002 1.2333333 1.2333333 1.2333333 1.2333333 1.39 1.3899982 1.32 1.32 0.87561892 0.87 0.87 0.87 0.73 0.73 0.62576291 0.60666667 0.60666667 0.83666667 0.83666667 0.83666667 0.84177777 1.3133333 1.3133333
0.26666667 0.26666667 0.26666667 0.36712852 0.48 0.48 0.67666667 0.67666667 0.67666667 0.67666667 0.79 0.79 0.79 0.68 0.68 0.68 0.68 0.67986063 -0.42 -0.42 0.94666611 0.94666667 0.93952523 0.65333333 0.65780461 1.15 1.15 1.15 1.15 1.2333248 1.2333333 1.2333333 1.2333333 1.2333333 1.3200002 1.32 1.32 1.32 1.3184169 0.87 0.87 0.87 0.73 0.73 0.73 0.60666667 0.60666667 0.83666667 0.83666667 0.83666667 1.3133333 1.3133333 1.3133333
0.26666667 0.26666667 0.26666667 0.48 0.48 0.48 0.4800003 0.67666667 0.67666667 0.78988301 0.79 0.79 0.79 0.78993145 -0.0026129006 -0.16333333 -0.16333333 -0.16333333 -0.42 -0.42 -0.42 0.65333333 0.65333333 0.65333333 0.6533987 1.0118753 1.15 1.15 1.15 0.97386763 0.91669781 0.91666667 0.91666667 0.91666667 1.3167006 1.3133333 1.3133333 1.3133333 1.3133333 1.5732371 1.5733333 1.5733333 0.73 0.73 1.5033301 1.5033333 1.4966667 1.4966667 1.5366667 1.5366667 1.5366667 1.3133333 1.4698599
0.26666953 0.26666667 0.26666667 0.48 0.48 0.48 0.48000001 1.1333332 0.6784926 0.78985492 0.79 0.79 0.79 0.7881293 -0.16333333 -0.16333333 -0.16333333 -0.16333341 -0.42 -0.42 -0.42 0.65333333 0.65333333 0.65333333 0.88666667 0.88666667 0.80666667 0.80666667 0.80666667 0.80726675 0.91666667 0.91666667 0.91666667 0.91666667 1.1148911 1.3133333 1.3133333 1.3133333 1.3133333 1.5733333 1.5733333 1.5733333 1.5711309 1.5033333 1.5033333 1.5033333 1.4966667 1.4966667 1.5366667 1.5366667 1.5366667 1.47 1.47
1.19 0.7570447 0.73333333 0.73325984 0.48 1.1295532 1.1333333 1.1333333 1.0701744 0.63000001 0.63 0.63 0.63 0.060018555 0.059999999 -0.16333316 -0.16333333 -0.17009612 -0.42 -0.42 -0.42 0.50333333 0.50333333 0.50333333 0.88666667 0.88666667 0.80666667 0.80666667 0.80666667 0.80666677 0.94666648 0.94666658 0.91742067 0.91669883 1.1563942 1.1566667 1.1566667 1.1566667 1.1566667 1.5733333 1.5733333 1.5733333 1.5071874 1.5033333 1.5033333 1.5033333 1.4966667 1.4966667 1.4966681 1.5366667 1.5366591 1.3666667 1.47
0.68009685 0.68000001 0.73333333 0.73333333 0.73333333 1.1333333 1.1333333 1.1333333 0.96 0.96 0.63 0.63 0.63 0.06 0.06 0.06 0.06 0.059945883 -0.42 -0.42 -0.41999996 0.50333333 0.50333333 0.50333333 0.88666667 0.88666667 0.80666667 0.80666667 0.80666667 0.94508816 0.94666667 0.94666667 0.94666667 0.94666667 1.156563 1.1566667 1.1566667 1.1566667 1.1566667 1.0766668 1.0766667 1.0766667 1.0766667 1.5033313 1.2366667 1.2366667 1.2366667 1.51 1.51 1.51 1.3666667 1.3666667 1.3666667
0.68 0.68 0.73333333 0.73333333 0.73333333 1.1312309 1.1333333 0.96 0.96 0.96 0.63004062 0.63 0.56190627 0.060000111 0.06 0.06 0.06 0.26666667 0.26666667 0.26666667 -0.059999987 -0.059999581 0.50333059 0.50333333 0.5031643 0.036666667 0.036666667 0.036668502 0.80654223 0.91667265 0.91666683 0.9166719 0.94661539 0.94664078 1.1192455 1.1566665 1.1556054 0.84 0.84 1.0766667 1.0766667 1.0766667 1.0766667 1.2366667 1.2366667 1.2366667 1.2366667 1.51 1.51 1.51 1.3666667 1.3666667 1.3666667
0.68 0.68 0.73333333 0.73333333 0.73333333 0.73333333 1.0684597 0.96 0.96 0.96 0.95977168 0.54666667 0.54666667 0.54666667 0.062868039 0.06 0.26528949 0.26666667 0.26666667 0.26666667 -0.06 -0.06 -0.06 -0.06 0.036666667 0.036666667 0.036666667 0.036666667 0.036666667 0.91666667 0.91666667 0.91666667 0.91666667 0.91666704 1.0933333 0.84 0.84 0.84 0.84 0.8399999 0.77 0.77 0.77 0.89799666 1.1633333 1.1633333 1.1633333 1.51 1.51 1.4633333 1.4633333 1.5033001 1.5033333
0.68 0.68 0.71408375 0.73333333 0.73333333 0.73333334 1.0465129 0.96027313 0.96 0.96 0.54666677 0.54666667 0.54666667 0.54666667 0.54666667 0.50673452 0.26666667 0.26666667 0.26666667 0.26666667 -0.059997473 -0.06 -0.06 -0.06 0.036666667 0.036666667 0.036666667 0.036666667 0.036666667 0.54226208 0.91666667 0.91666667 0.91666667 1.0933333 1.0933333 1.0931366 0.84 0.84 1.0350966 1.1866666 0.77 0.77 0.77 0.8979015 1.1633333 1.1633333 1.1633333 1.5 1.4637902 1.4633333 1.4633333 1.5033333 1.5033333
1.2966667 1.2966667 1.2966667 0.87457649 0.73368777 1.0466667 1.0466667 1.0466667 1.0466667 1.0433333 1.0433333 0.5466667 0.54666667 0.54666667 0.54666667 0.54664896 0.26666667 0.26666667 0.26666667 0.26666667 0.082546737 -0.06 -0.06 -0.040459421 0.65772289 0.036666667 0.036666667 0.036666667 0.41 0.41 0.41 0.41000213 1.0933333 1.0933333 1.0933333 1.0933333 1.1866667 1.1866667 1.1866667 1.1866667 1.2366667 1.2366667 1.2366667 1.5966594 1.5966667 1.5966667 1.5966665 1.5 1.5 1.463378 1.4633333 1.5033307 1.5033333
1.2966667 1.2966667 1.2966667 1.2966493 0.97333333 0.9839972 1.0466667 1.0466667 1.0466667 1.0433333 1.0433333 1.0433333 1.4366666 1.4366667 1.4366667 1.4366666 0.26837637 0.26666667 0.26666667 0.26666667 0.261754 0.68666462 0.68666667 0.68666667 0.68666667 0.68666664 0.053333333 0.053333333 0.41 0.41 0.41 0.41 1.0933334 1.0933333 1.0933333 1.0933382 1.1866667 1.1866667 1.1866667 1.1873393 1.2366667 1.2366667 1.2366667 1.59665 1.5966667 1.5966667 1.5966667 1.5 1.5 1.4999999 0.98333333 0.98333333 1.2133333
1.2966667 1.2966667 1.2966667 0.97333408 0.97333333 0.97333333 1.0466666 1.0466667 1.0466667 1.0433333 1.0433333 1.0433333 1.4366667 1.4366667 1.4366667 1.4186422 1.2 1.2 1.1999976 0.27193838 0.68666667 0.68666667 0.68666667 0.68666667 0.68666667 0.68619005 0.053333333 0.053333333 0.053333334 0.41 0.41 0.41023601 1.1533333 1.1533333 1.1533333 1.0433333 1.0433333 1.34 1.34 1.34 1.18 1.2366489 1.2366676 1.3666667 1.3666667 1.3753834 1.5966659 1.5 1.5 0.98333333 0.98333333 0.98333333 1.2133333
1.2966667 1.2966667 1.2966667 0.97333333 0.97333333 0.97333333 0.97333333 1.0466667 1.0466667 1.0433333 1.0433333 1.420939 1.4366667 1.4366667 1.4366667 1.2 1.2 1.2 1.2 1.2 0.68666667 0.68666667 0.68666667 0.68666667 0.68666667 0.053335494 0.053333333 0.053333333 0.053333333 0.77666667 0.77666667 0.77666667 1.1533333 1.1533333 1.1533333 1.0433333 1.0433333 1.34 1.34 1.18 1.18 1.18 1.3666667 1.3666667 1.3666667 1.3666667 1.3499634 1.1633333 1.1633333 1.1633333 0.98333334 1.1333333 1.1333333
1.2966667 1.2966667 1.2962164 0.97333333 0.97333333 0.97333333 0.97333333 1.0970949 1.1033333 1.1032303 1.0433333 1.436665 1.4366667 1.4366667 1.4366658 1.2 1.2 1.2 1.2 1.2 1.4027445 0.68666667 0.68666667 0.68666667 0.68673258 0.053386971 0.053333333 0.053333333 0.053333333 0.77666667 0.77666667 0.77666667 0.77672363 1.1533333 1.0433333 1.0433333 1.0433333 1.0433454 1.3399891 1.18 1.18 1.18 1.3666553 1.3666667 1.3666667 1.3666667 1.1633307 1.1633333 1.1633333 1.1633333 1.1333333 1.1333333 1.1333333
0.91333333 0.913334 0.97350127 0.97333333 0.97333333 0.97333333 1.1033057 1.1033333 1.1033333 1.1033333 1.4166667 1.4166667 1.4166667 1.4166667 1.201 1.2 1.2 1.2 1.2 1.4333332 1.4333333 1.4333333 1.0066666 1.0066667 1.0066667 1.0066667 0.92438174 0.053333333 1.0932907 1.0933333 1.0933333 1.0933333 1.0933333 0.78333333 0.78333333 0.78333333 0.78333333 0.78333333 0.97333333 0.97333333 0.97333333 0.97333333 0.97333333 0.90070347 0.9 0.9 0.9 1.1633333 1.1633333 1.1633333 1.1333381 1.1333333 1.1333333
0.91333333 0.91333333 0.91749168 1.4099991 1.4099999 1.4097007 1.1033333 1.1033333 1.1033333 1.1033333 1.4166667 1.4166667 1.4166667 1.4166667 1.4166667 1.2 1.2 1.2 1.4333333 1.4333333 1.4333333 1.4333333 1.0066667 1.0066667 1.0066667 1.0066667 1.0066667 1.006465 1.0933372 1.0933333 1.0933333 1.0933333 1.0933349 0.66806334 0.78321398 0.78333333 0.78333333 0.78333333 0.97333333 0.97333333 0.97333333 0.97333333 0.97333333 0.9 0.9 0.9 0.9 1.0231398 1.1633333 1.3479174 1.35 1.45 1.45
