interpolatedSpi/02-02|20_1.tif
NCOLS 53
NROWS 52
XLLCORNER -116.03883
YLLCORNER 28.596182
DX 0.49850594
DY 0.49788537
NODATA_VALUE -9999
0.27 0.27 0.069017095 0.085 0.47 0.185 0.24 0.055 -0.058527766 -0.12 -0.415 -0.135 -0.36992424 0.55 -0.11 -0.11 -0.11 0.435 0.21 0.21 0.21 0.20999157 -0.665 -0.595 -0.595 -0.595 -0.60999851 -0.61 -0.61 -0.63 -0.63 -0.63 -0.63 -0.97999993 -0.98 -0.98 -0.98 -0.98 -0.98 -0.97999999 -0.59910249 -0.59524941 -1.575 -1.575 -1.575 -1.575 -1.5747877 -1.445 -1.445 -1.445 -0.36500224 -0.365 -0.365 
0.26998423 -0.085 -0.11000012 0.053590854 0.58959776 0.47 0.795 0.09494737 -0.125 -0.155 0.05 -0.37 -0.37 0.21611705 0.54999012 -0.11 0.435 0.435 0.21029337 0.21 0.21 0.21 -0.60184282 -0.595 -0.595 -0.595 -0.14500003 -0.145 -0.63 -0.63 -0.63 -0.63 -0.63 -0.97999995 -0.98 -0.98 -0.98 -0.98 -0.97999991 -0.89623859 -0.55996806 -1.4518373 -1.575 -1.575 -1.575 -1.575 -1.575 -1.445 -1.445 -1.445 -1.3554454 -0.365 -0.365 
0.12498846 0.125 -0.21 0.455 -0.17 0.14 0.22 -0.12 -0.175 -0.115 0.66 -0.2 -0.145 0.055 0.215 -0.695 0.435 0.435 0.435 -0.064920057 -0.065 -0.065 -0.725 -0.595 -0.595 -0.595 -0.145 -0.145 -0.145 -0.63 -0.63 -0.63 -0.67573301 -0.97734012 -0.96864441 0.22882057 0.24 0.24 0.13938108 -0.55999999 -0.56 -0.56129793 -1.575 -1.575 -1.575 -1.575 -1.575 -1.445 -1.445 -1.445 -1.445 -0.365 -0.365 
-0.11 0.12499992 -0.25009115 0.18 -0.17 0.085 -0.58 -0.535 -0.205 -0.20087252 -0.485 -0.395 -0.11 0.055 -0.345 -0.695 -0.57095637 -0.56929584 -1.355 -0.065 -0.065 -1.725 -0.725 -0.725 -0.595 -0.59499775 -0.145 -0.145 -0.145 -0.635 -0.684381 -0.725 -0.725 -0.72499925 0.24 0.24 0.24 0.24 -0.56 -0.56 -0.56 -0.56000004 -1.575 -1.575 -1.575 -1.575 -1.575 -1.4450016 -1.445 -1.445 -1.445 -0.36504165 -0.365 
-0.11 -0.65499926 -0.25 -0.67051291 -0.17 -0.565 -0.81995178 -0.875 -1.305 -0.41500037 -0.44833895 -0.45501432 -0.555 -0.345 -0.345 -0.57722046 -0.57 -0.57 -1.355 -1.355 -0.065003283 -1.725 -1.925 -0.845 -0.545 -0.54506187 -0.145 -0.145 -0.635 -0.635 -0.725 -0.725 -0.725 -0.76271462 0.24 0.24 0.24 -0.56 -0.56 -0.56 -0.56 -0.55996863 -1.575 -1.575 -1.575 -1.575 -1.575 -1.5738428 -1.445 -1.4450087 -1.64 -1.64 -1.64 
-0.855 -0.435 0.235 -0.22 -0.225 -0.045 -0.245 -0.32565804 -0.65 -0.995 -0.445 -0.555 -0.555 -0.125 -0.125 -0.43502294 -0.435 -0.52 -0.52 -1.3549997 -1.43 -1.43 -0.845 -0.545 -0.545 -0.81 -1.16 -1.16 -0.055054125 -0.635 -0.725 -0.725 -0.925 -0.92498642 -0.79500923 -0.515 -0.515 -0.54607822 -0.56 -0.56 -0.23540534 -0.235 -0.23499899 -2.1742318 -2.1849326 -2.1849998 -2.185 -2.1849998 -2.6171656 -1.64 -1.64 -1.64 -1.64 
-0.70001554 -0.24 -0.78704328 -0.31 -0.28 -0.115 -0.11 -0.29 -0.595 -0.595 -0.445 -0.21 -0.44500002 -0.125 -0.52999879 -0.53 -0.435 -0.59 -0.96 -0.96 -1.3758045 -1.315 -1.315 -0.91999999 -0.81 -0.81 -1.16 -1.16 -0.055063522 -0.056169481 -0.20291201 -0.925 -0.925 -0.795 -0.795 -0.42241119 -0.515 -0.515 -0.5899974 -0.23500049 -0.235 -0.235 -0.23499566 -2.1849934 -2.185 -2.185 -2.185 -2.1850004 -2.825 -1.6402348 -1.64 -1.64 -1.64 
-0.7 -0.96 -0.685 -0.92 -1.0349934 -0.475 -0.21 -0.88499998 -0.02 -0.49 -0.49 -0.54 -0.445 -0.445 -0.52941682 -0.73036653 -0.75 -0.875 -0.99999996 -0.96 -0.84291956 -0.775 -1.37 -0.81 -0.81000645 -1.31 -0.905 -0.90500009 -1.1411805 -1.145 -0.2 -0.92563608 -0.57 -0.795 -0.7925757 -0.345 -0.345 -0.59 -0.59 -0.235 -0.235 -0.23499999 -1.0008914 -1.0050001 -2.185 -2.185 -2.185 -2.8249756 -2.825 -2.825 -1.64 -1.64 -1.64 
-0.96834435 -0.95999999 -1.895 -0.745 -1.29 -0.885 -0.55 -0.14 0.175 0.42619285 0.515 0.205 0.205 -1.1443457e-24 -7.9931376e-07 -0.89459587 -0.895 -0.895 -0.89408144 -0.95500013 -1.575 -1.575 -1.33 -1.3542367 -1.2596132 -1.31 -1.41 -0.905 -0.74592976 -0.745 -1.025 -0.275 -0.43365156 -1.145 -0.71 -0.61 -0.465 -0.51 -0.81485916 -0.23292435 0.23 -0.445 -1.0050122 -1.005 -1.0116417 -2.185 -1.74 -2.825 -2.825 -2.825 -2.825 -1.4613318 -1.525 
-1.015 -1.015 -1.475 -0.61 -0.815 -0.96 -0.46 -0.325 0.3 0.48991602 0.595 0.285 2.5317385e-17 -1.1817204e-34 -0.085 -0.096109516 -0.895 -0.89494241 -0.66 -0.955 -0.955 -1.0348768 -1.33 -1.7149927 -1.715 -1.715 -1.41 -0.845 -0.845 -0.745 -0.745 -0.27559743 -0.59 -1.145 -1.04 -0.61 -0.465 -1.165 -0.815 -0.86910864 -0.44499997 -0.67826051 -1.08 -1.005 -1.005 -1.74 -1.74 -1.74 -2.825 -2.825 -0.205 -0.205 -0.20500049 
-1.015 -1.015 -1.455 -1.01 -1.17 -0.915 -0.92499999 -0.20522331 -0.745 -0.855 -0.695 -0.825 0.28352184 -0.085 -0.085 -0.085045567 -0.48 -0.48944724 -0.66 0.085 0.085 -0.3 -0.3 -1.715 -1.715 -1.715 -0.845 -0.845 -0.845 -1.995 -1.995 -1.9949977 -0.82 -0.82 -1.1 -1.3 -0.415 -1.2849977 -1.235 -0.87 -0.87 -0.96500038 -1.08 -1.005 -0.52500037 -0.895 -0.042343038 -0.035000004 -0.02 -0.02 -0.205 -0.205 -0.205 
-1.015 -1.2048768 -1.2651026 -1.329988 -1.25 -1.29 -0.925 -0.205 -0.74499549 -0.85378133 -0.82500004 -0.825 -0.165 -0.085 -0.085 -0.47999999 -0.48 -0.48001024 -0.66 0.085 0.0093938324 -0.3 -0.3 -1.7149424 -1.715 -1.3813496 -0.7 -0.7 -0.70000002 -1.995 -1.995 -2.24 -2.24 -0.82000077 -1.1 -0.78499988 -0.51201437 -1.285 -1.285 -0.87 -0.965 -0.965 -0.96499684 -0.525 -0.525 -0.895 -0.035 -0.035 -0.02 -0.02 -0.205 -0.205 -0.205 
0.36 0.12624195 0.25495225 0.24351476 -1.2500002 -1.2899991 -0.92500001 -0.2138628 -0.70778848 -0.74787239 -0.165 -0.165 -0.165 -0.165 -0.085011333 -0.48 -0.48 -0.48232409 -0.66 0.085074834 0.36 0.36 0.36 0.36 -1.6790469 -0.7 -0.7 -0.7 -0.7 -0.70059636 -2.24 -2.24 -2.24 -2.24 -0.785 -0.785 -0.785 -1.2605825 -1.2813574 -0.8 -0.8 -0.96499112 -0.3350065 -0.5249817 -0.525 -0.895 -0.035 -0.035 -0.02 -0.02 -0.20432884 -0.205 -0.90168197 
0.36 0.255 0.255 0.255 0.255 0.25499935 -0.9259343 -0.58439287 -0.60851163 -0.16562736 -0.165 -0.165 -0.165 -0.165 -0.16500009 -0.47999999 -0.48000003 -0.49234677 -0.65999419 0.36 0.36 0.36 0.36 0.36 0.35696952 -0.27460002 -0.12500012 -0.125 -0.125 -0.125 -2.24 -2.24 -2.2399986 -1.045 -1.045 -0.785 -1.839828 -1.87 -0.80000062 -0.8 -0.8 -0.8 -0.335 -0.335 -0.335 -0.33889709 -0.00040633731 -3.3060145e-34 -1.0033175e-79 -1.6889473e-28 -3.7861985e-10 0.079999941 0.08 
1.175 0.255 0.255 0.255 0.255 0.255 0.25499992 -0.39590397 -0.29603823 -0.295 -0.295 -0.295 -0.295 -0.295 -0.295 0.14586036 -0.46993887 -0.50464781 0.35987181 0.36 0.36 0.36 0.36 0.35999981 0.22 0.22 0.21999951 -0.125 -0.125 -0.12568083 -0.465 -0.465 -1.045 -1.045 -1.045 -1.7378433 -1.87 -1.87 -1.87 -0.8 -0.8 -0.8 -0.335 -0.335 -0.335 -0.335 -7.9873085e-09 -1.3414364e-40 -1.1939173e-58 -1.6010837e-32 -1.8025026e-15 0.08 0.08 
1.175 0.83249445 0.255 0.255 0.255 0.255 0.50495093 0.505 0.50499998 -0.295 -0.295 -0.295 -0.295 -0.295 -0.19572685 0.155 0.155 0.155 0.19550234 0.19500017 0.195 0.195 0.195 0.195 0.22 0.22 0.22 0.22 -0.125 -0.465 -0.465 -0.465 -1.0449999 -1.045 -1.045 -0.455 -1.8681265 -1.87 -1.87 -0.79997797 -0.75512439 -0.65044832 -0.335 -0.335 -0.48453709 -0.485 -0.485 -0.00060981305 -0.36870702 -0.36999997 -0.36999993 -0.10997131 0.079999614 
1.175 0.4792032 0.35873944 0.255 0.255 0.50485229 0.505 0.505 0.505 0.49923497 -0.295 -0.295 -0.295 -0.29499995 0.155 0.155 0.155 0.155 0.19496427 0.195 0.195 0.195 0.195 0.195 0.22 0.22 0.22 0.22 0.21750842 -0.465 -0.465 -0.465 -0.14500001 -1.0449183 -0.455 -0.455 -0.455 -0.45708399 -0.72723252 -0.65 -0.65 -0.65 -0.355 -0.355 -0.485 -0.485 -0.485 -0.37 -0.37 -0.37 -0.37 -0.11 -0.11 
0.46065981 0.46 0.46 0.46 0.4 0.50499729 0.505 0.505 0.505 0.505 -0.23519023 -0.29498971 -0.29499998 0.155 0.155 0.155 0.155 0.155 0.18717489 0.195 0.195 0.195 0.195 0.195 0.2233482 0.24999984 0.25 0.25 0.25 -0.46499998 -0.14500001 -0.145 -0.145 -0.145 -0.455 -0.45500474 -0.635 -0.635 -0.6498127 -0.65 -0.65 -0.65 -0.355 -0.355 -0.46487152 -0.485 -0.485 -0.37 -0.37 -0.37 -0.36721212 -0.11 -0.11 
0.46 0.46 0.46 0.4317451 0.4 0.4 0.505 0.505 0.505 0.505 0.495 0.495 0.495 0.155 0.155 0.155 0.155 0.15508263 0.615 0.615 0.19500017 0.195 0.20985093 0.805 0.80000358 0.25 0.25 0.25 0.25 -0.14495978 -0.145 -0.145 -0.145 -0.145 -0.63499937 -0.635 -0.635 -0.635 -0.63500389 -0.65 -0.65 -0.65 -0.355 -0.355 -0.355 -0.485 -0.485 -0.36999999 -0.37 -0.37 -0.11 -0.11 -0.11 
0.46 0.46 0.46 0.4 0.4 0.4 0.40000016 0.505 0.505 0.49501032 0.495 0.495 0.495 0.49478817 0.55971121 0.655 0.655 0.655 0.615 0.615 0.615 0.805 0.805 0.805 0.8049902 0.52275264 0.25 0.25 0.25 -0.29443548 -0.33998082 -0.34 -0.34 -0.34 -0.28166657 0.21499807 0.215 0.215 0.215 0.30486933 0.305 0.305 -0.355 -0.355 0.65499578 0.65499982 0.14 0.14 0.04 0.04 0.04 -0.11 0.24468259 
0.45999933 0.46 0.46 0.4 0.4 0.4 0.39999999 -0.11499982 0.502521 0.49500453 0.495 0.495 0.495 0.49531396 0.655 0.655 0.655 0.65499999 0.615 0.615 0.615 0.805 0.805 0.805 0.77 0.77 0.35500001 0.355 0.355 0.35120856 -0.34 -0.34 -0.34 -0.34 -0.062652477 0.215 0.215 0.215 0.215 0.305 0.305 0.305 0.31601234 0.655 0.655 0.655 0.14 0.14 0.04 0.04 0.04 0.24499999 0.245 
0.245 0.32431278 -0.535 -0.53472874 0.4 -0.11202023 -0.115 -0.115 0.01253252 0.49999999 0.5 0.5 0.5 0.41500277 0.415 0.65499982 0.655 0.65394606 0.615 0.615 0.615 0.33 0.33 0.33 0.77 0.77 0.355 0.355 0.355 0.35499949 -0.34999994 -0.34999997 -0.34025133 -0.34001072 -0.38494434 -0.385 -0.385 -0.385 -0.385 0.305 0.305 0.305 0.63572775 0.655 0.655 0.65499995 0.14 0.14 0.1399964 0.04 0.039999329 0.025 0.245 
0.13002184 0.12999988 -0.535 -0.535 -0.535 -0.115 -0.115 -0.115 0.235 0.235 0.5 0.5 0.5 0.415 0.415 0.415 0.415 0.41502311 0.615 0.615 0.61499999 0.33 0.33 0.33 0.77 0.77 0.355 0.355 0.355 -0.34205107 -0.35 -0.35 -0.35 -0.35 -0.38498273 -0.385 -0.385 -0.385 -0.385 0.080000059 0.08 0.08 0.08 0.65499801 0.395 0.395 0.395 0.07 0.07 0.07 0.025 0.025 0.025 
0.13 0.13 -0.535 -0.535 -0.535 -0.11720759 -0.115 0.235 0.235 0.235 0.49996738 0.5 0.30797569 0.41499997 0.415 0.415 0.415 0.465 0.465 0.465 -0.19499999 -0.19499961 0.32999744 0.33 0.3296374 -0.49 -0.49 -0.48999799 0.35486344 -0.16003786 -0.16000101 -0.16003317 -0.34967527 -0.34983603 -0.37864311 -0.38499999 -0.38494973 -0.37 -0.37 0.08 0.08 0.08 0.08 0.395 0.395 0.395 0.395 0.07 0.07 0.07 0.025 0.025 0.025 
0.13 0.13 -0.535 -0.535 -0.535 -0.535 0.015994776 0.235 0.235 0.235 0.23501657 0.265 0.265 0.265 0.41411602 0.415 0.46466681 0.465 0.465 0.465 -0.195 -0.195 -0.195 -0.195 -0.49 -0.49 -0.49 -0.49 -0.49 -0.16 -0.16 -0.16 -0.16 -0.16000016 -0.235 -0.37 -0.37 -0.37 -0.37 -0.36999875 -0.045 -0.045 -0.045 -0.036862016 -0.02 -0.02 -0.02 0.069999997 0.069999859 -0.075 -0.075 0.10997932 0.11 
0.13 0.13 -0.2949817 -0.535 -0.535 -0.535 -0.31901514 0.23325095 0.235 0.235 0.26499989 0.265 0.265 0.265 0.265 0.27732477 0.465 0.465 0.465 0.465 -0.19499489 -0.195 -0.195 -0.195 -0.49 -0.49 -0.49 -0.49 -0.49 -0.25975912 -0.16 -0.16 -0.16 -0.235 -0.235 -0.23510483 -0.37 -0.37 -0.26307208 -0.18000002 -0.045 -0.045 -0.045 -0.037076698 -0.02 -0.02 -0.02 -0.165 -0.076121391 -0.075 -0.075 0.11 0.11 
-0.62 -0.62 -0.62 -0.55631184 -0.53504583 -0.32 -0.32 -0.32 -0.32 -0.24 -0.24 0.26499996 0.265 0.265 0.265 0.26501264 0.465 0.465 0.465 0.465 0.09300259 -0.195 -0.195 -0.18296161 0.2313807 -0.49 -0.49 -0.49 -0.295 -0.295 -0.295 -0.29499943 -0.235 -0.235 -0.235 -0.235 -0.18 -0.18 -0.18 -0.18 -0.515 -0.515 -0.515 -0.050009349 -0.05 -0.05 -0.049999991 -0.165 -0.165 -0.07510966 -0.075 0.11000106 0.11 
-0.62 -0.62 -0.62 -0.61999731 -0.57 -0.53364589 -0.32 -0.32 -0.32 -0.24 -0.24 -0.24 -0.64999996 -0.65 -0.65 -0.64999998 0.46376352 0.465 0.465 0.465 0.45501717 0.26499874 0.265 0.265 0.265 0.26499997 -0.38 -0.38 -0.295 -0.295 -0.295 -0.295 -0.23499974 -0.235 -0.235 -0.23497027 -0.18 -0.18 -0.18 -0.18032901 -0.515 -0.515 -0.515 -0.050021563 -0.05 -0.05 -0.05 -0.165 -0.165 -0.16499994 0.32 0.32 0.935 
-0.62 -0.62 -0.62 -0.57000012 -0.57 -0.57 -0.32000009 -0.32 -0.32 -0.24 -0.24 -0.24 -0.65 -0.65 -0.65 -0.6164898 -0.21 -0.21 -0.20999826 0.46118742 0.265 0.265 0.265 0.265 0.265 0.2645146 -0.38 -0.38 -0.38 -0.295 -0.295 -0.29456231 0.13 0.13 0.13 0.225 0.225 -0.255 -0.255 -0.255 0.105 -0.51480552 -0.51499451 0.22 0.22 0.20976731 -0.049999481 -0.165 -0.165 0.32 0.32 0.32 0.935 
-0.62 -0.62 -0.62 -0.57 -0.57 -0.57 -0.57 -0.32 -0.32 -0.24 -0.24 -0.63360591 -0.65 -0.65 -0.65 -0.21 -0.21 -0.21 -0.21 -0.21 0.265 0.265 0.265 0.265 0.265 -0.3799978 -0.38 -0.38 -0.38 0.385 0.385 0.385 0.13 0.13 0.13 0.225 0.225 -0.255 -0.255 0.105 0.105 0.105 0.22 0.22 0.22 0.22 0.2770924 0.915 0.915 0.915 0.32000002 1.27 1.27 
-0.62 -0.62 -0.61993037 -0.57 -0.57 -0.57 -0.57 -0.52239941 -0.52 -0.51951928 -0.24000001 -0.64998953 -0.65 -0.65 -0.64999848 -0.21 -0.21 -0.21 -0.21 -0.21 -0.80909632 0.265 0.265 0.265 0.26492894 -0.37998312 -0.38 -0.38 -0.38 0.385 0.385 0.385 0.38496896 0.13 0.225 0.225 0.225 0.22498094 -0.25497545 0.105 0.105 0.105 0.21999302 0.22 0.22 0.22 0.91500249 0.915 0.915 0.915 1.27 1.27 1.27 
-0.875 -0.87499955 -0.57003706 -0.57 -0.57 -0.57 -0.52001064 -0.52 -0.52 -0.52 -0.525 -0.525 -0.525 -0.525 -0.21145387 -0.21 -0.21 -0.21 -0.21 -0.85499962 -0.855 -0.855 -0.079999943 -0.08 -0.08 -0.08 -0.10589386 -0.38 1.0899398 1.09 1.09 1.09 1.09 1.175 1.175 1.175 1.175 1.175 0.81 0.81 0.81 0.81 0.81 1.1685679 1.17 1.17 1.17 0.915 0.915 0.915 1.2699441 1.27 1.27 
-0.875 -0.875 -0.87349287 -0.69499975 -0.69499997 -0.69482932 -0.52 -0.52 -0.52 -0.52 -0.525 -0.525 -0.525 -0.525 -0.525 -0.21 -0.21 -0.21 -0.85499984 -0.855 -0.855 -0.855 -0.080000003 -0.08 -0.08 -0.08 -0.08 -0.080062301 1.0900425 1.09 1.09 1.09 1.0900171 1.157993 1.1749824 1.175 1.175 1.175 0.81 0.81 0.81 0.81 0.81 1.17 1.17 1.17 1.17 1.050757 0.915 1.3550352 1.36 1.14 1.14 
-0.875 -0.875 -0.6950228 -0.695 -0.695 -0.695 -0.65055074 -0.52 -0.52 -0.52 -0.525 -0.525 -0.525 -0.525 -0.525 -0.21023752 -0.21 -0.85481089 -0.855 -0.855 -0.855 -0.855 -0.36710377 -0.08 -0.08 -0.08 -0.08 -0.079093575 1.2 1.2 1.2 1.2 1.2 1.145 1.145 1.145 1.145 1.145 1.235 1.235 1.235 1.235 1.235 1.170586 1.1700001 1.17 1.1700407 1.1749225 1.36 1.36 1.36 1.1400012 1.14 
-0.87499936 -0.53182359 -0.69499998 -0.695 -0.695 -0.695 -0.695 -0.52007451 -0.52 -0.52 -0.525 -0.525 -0.525 -0.525 -0.0018830765 0.01 0.01 -0.85497774 -0.855 -0.855 -0.855 -0.855 -0.85499978 -0.08 -0.08 -0.08 -0.08 0.92000023 0.92000013 0.9795908 1.2 1.2 1.2 1.145 1.145 1.145 1.145 1.1447494 1.235 1.235 1.235 1.235 1.234995 1.41 1.41 1.41 1.41 1.409996 1.36 1.36 1.36 1.3599998 1.0119146 
-0.525 -0.525 -0.57567619 -0.695 -0.695 -0.695 -0.695 -0.695 -0.52007364 -0.11500001 -0.115 -0.115 -0.11597301 0.0099992295 0.01 0.01 0.01 0.01 -0.85499173 -0.78422498 -0.165 -0.165 -0.165 -0.14127844 -0.041182359 0.16652348 0.34208066 0.92 0.92 0.92 0.92 0.92 0.92665374 0.77331651 0.775 0.775 0.775 0.775 1.2227894 1.1700001 1.17 1.17 1.17 1.2350005 1.41 1.41 1.41 1.03 1.3599947 1.36 1.36 1.01 1.01 
-0.525 -0.525 -0.655 -0.655 -0.655 -0.69498668 -0.695 -0.695 -0.115 -0.115 -0.115 -0.115 -0.115 0.0099999943 0.01 0.01 0.01 0.01 -0.165 -0.165 -0.165 -0.165 -0.165 0.40499997 0.405 0.405 0.405 0.92 0.92 0.92 0.92 0.92 0.625 0.625 0.775 0.775 0.775 1.1249404 1.125 1.17 1.17 1.17 1.17 1.235 1.235 1.235 1.03 1.03 1.03 0.97 0.97 1.01 1.01 
-0.525 -0.525 -0.655 -0.655 -0.655 -0.655 -0.65499896 -0.465 -0.11532954 -0.115 -0.115 -0.115 -0.115 0.0084407387 0.01 0.01 0.01 0.01 -0.165 -0.165 -0.165 -0.165 -0.165 0.405 0.405 0.405 0.405 0.40500208 0.92 0.92 0.92 0.62501547 0.625 0.625 0.625 0.775 1.125 1.125 1.125 1.126184 1.2922362 1.315 1.315 1.235 1.235 1.235 1.03 1.03 1.03 0.97 0.97 0.97 0.87414255 
-1.025 -1.0249961 -0.655 -0.655 -0.655 -0.655 -0.465 -0.465 -0.465 -0.115 -0.115 -0.115 -0.115 -0.11496114 0.01 0.01 0.01 0.01 -0.16499663 -0.165 -0.165 -0.16499999 0.30460107 0.405 0.405 0.405 0.405 0.32000007 0.32 0.32000001 0.91354936 0.625 0.625 0.625 0.62500013 0.765 1.125 1.125 1.125 1.125 1.315 1.315 1.315 1.105 1.105 1.105 1.0499981 1.03 1.03 0.97 0.97 0.97 0.86000074 
-1.025 -1.025 -0.655 -0.655 -0.655 -0.465 -0.465 -0.465 -0.465 -0.15336644 -0.115 -0.115 -0.115 -0.11499782 0.49494418 0.495 0.495 0.495 0.76803018 0.575 0.575 0.575 0.575 0.405 0.405 0.405 0.40499439 0.32 0.32 0.32 0.32 0.62504387 0.70374595 0.765 0.765 0.765 1.1259694 1.3849946 1.385 1.385 1.3148629 1.14 1.14 1.105 1.105 1.1049998 1.05 1.05 1.025 1.025 1.025 0.905 1.125 
-1.025 -1.025 -0.075 -0.075 -0.075 -0.465 -0.465 -0.465 -0.465 -0.135 -0.135 -0.135 -0.135 -0.090602425 0.495 0.495 0.495 0.495 0.775 0.575 0.575 0.575 0.575 0.395 0.395 0.40499999 0.32 0.32 0.32 0.32 0.63642203 0.945 0.78641753 0.765 0.765 0.765 1.385 1.385 1.385 1.385 1.14 1.14 1.14 1.2899527 1.29 1.0510788 1.05 1.05 1.0250005 1.025 0.905 0.905 1.125 
-1.025 -0.075000005 -0.075 -0.075 -0.075 -0.075 -0.46193366 -0.07 -0.07 -0.135 -0.135 -0.135 -0.135 -0.1348508 0.495 0.495 0.495 0.50765129 0.775 0.775 0.575 0.575 0.395 0.395 0.395 0.395 0.32 0.32 0.32 0.32 0.945 0.945 0.945 0.76518215 0.765 0.765 1.385 1.385 1.385 1.385 1.14 1.14 1.14 1.29 1.29 1.2899997 1.285 1.285 1.14 1.14 0.905 0.905 1.125 
-0.083921681 -0.075 -0.075 -0.075 -0.075 -0.075 -0.07 -0.07 -0.07 -0.10479072 -0.135 -0.135 -0.135 -0.13499163 0.495 0.495 0.495 0.775 0.775 0.775 0.57500999 0.5749989 0.395 0.395 0.395 0.395 0.32000533 0.32 0.32 0.94485627 0.945 0.945 0.945 0.945 0.76577302 1 1 1.0066631 1.385 1.385 1.1400002 1.14 1.2856387 1.29 1.29 1.285 1.285 1.285 1.14 1.14 1.875 1.875 2.21 
-0.075 -0.075 -0.075 -0.075 -0.075 -0.075 -0.07 -0.07 -0.07 -0.07 0.14999179 0.15 0.15 0.15 0.49499937 0.43089901 0.395 0.395 0.77429947 0.775 0.77499996 0.39500026 0.395 0.395 0.395 0.395 0.39494547 0.32 0.32002136 0.945 0.945 0.945 0.945 0.945 1 1 1 1 1 1.000001 0.84 0.84 0.84000015 1.275 1.275 1.275 1.335 1.335 1.73 1.73 1.875 1.8750007 2.21 
-0.075 -0.075 -0.075 -0.075 -0.075 -0.075 -0.07 -0.07 -0.07 0.15 0.15 0.15 0.15 0.15 0.21458141 0.395 0.395 0.395 0.395 0.395 0.41314375 0.395 0.395 0.395 0.395 0.39908213 0.52479629 0.34791535 0.94191783 0.945 0.945 0.945 0.945 0.94500012 1 1 1 1 1 0.92556837 0.84 0.84 0.84 1.275 1.275 1.275 1.335 1.335 1.73 1.73 1.26 2.1575939 2.21 
-0.075 -0.075 -0.075 -0.075 -0.075 -0.074999999 -0.070000001 -0.07 -0.060868774 0.15 0.15 0.15 0.15 0.15 0.16175171 0.395 0.395 0.395 0.395 0.395 0.395 0.50471676 0.52499982 0.525 0.525 0.525 0.525 0.525 0.72741325 0.73000255 0.73 0.73 0.73 0.73000019 1 1 1 1 1 0.84000002 0.84 0.84 0.84 0.84000019 1.2741743 0.76 1.3349999 0.70607194 1.7290931 1.26 1.26 1.2556348 1.05 
-0.075 -0.075 -0.075 -0.075 -0.075 -0.074999681 -0.07000027 -0.069986689 0.14999972 0.15 0.15 0.15 0.15 0.15 0.15466183 0.395 0.395 0.395 0.395 0.395 0.395 0.525 0.525 0.525 0.525 0.525 0.525 0.525 0.72994341 0.73 0.73 0.73 0.73 0.73 0.80397997 1 1 1 1 0.84 0.84 0.84 0.84 0.83997951 0.76 0.76 0.75959261 0.695 0.695 1.26 1.26 1.05 1.05 
-0.075 -0.075 -0.075 -0.075 -0.075 -0.074993332 -0.069999744 0.12517444 0.15 0.15 0.15 0.15 0.15 0.15 0.15428915 0.395 0.395 0.395 0.395 0.395 0.41350964 0.525 0.525 0.525 0.525 0.525 0.525 0.525 0.72999918 0.73 0.73 0.73 0.73 0.73 0.73 0.66960665 0.15602162 -0.12480198 -0.16754189 0.77411437 0.83999998 0.84 0.84 0.76000639 0.76 0.75659756 0.19000241 0.695 0.695 0.335 0.335 0.335 1.0499997 
-0.075 -0.075 -0.075 -0.075 -0.074999995 -0.074958205 -0.05101447 0.14993951 0.15 0.15 0.15 0.15 0.15 0.15 0.15572113 0.395 0.395 0.395 0.395 0.395 0.52499944 0.525 0.525 0.525 0.525 0.525 0.525 0.525 0.72999994 0.73 0.73 0.73 0.73 0.73 0.72999982 -0.19 -0.19 -0.19 -0.19 -0.185 -0.185 -0.185 -0.185 0.19000165 0.19 0.19 0.19 0.19000172 0.335 0.335 0.335 0.335 0.25248692 
-0.075 -0.075 -0.075 -0.075 -0.07499986 -0.074764353 0.13489856 0.14999713 0.15 0.15 0.15 0.15 0.15 0.15 0.15831681 0.3949999 0.395 0.395 0.395 0.39578241 0.525 0.525 0.525 0.525 0.525 0.525 0.525 0.525 0.72999995 0.73 0.73 0.73 0.73 0.73 -0.18999916 -0.19 -0.19 -0.19 -0.19 -0.185 -0.185 -0.185 -0.185 -0.083789112 0.19 0.19 0.19 0.33499838 0.335 0.335 0.215 0.215 0.215 
-0.075 -0.075 -0.075 -0.074999989 -0.074998092 -0.064174855 0.1491805 0.14999928 0.15 0.15 0.15 0.15 0.15 0.15000002 0.16183297 0.39499424 0.395 0.395 0.39500015 0.52236599 0.525 0.525 0.525 0.525 0.525 0.525 0.525 0.525 0.72999981 0.73 0.73 0.73 0.73 -0.24361558 -0.19000012 -0.19 -0.19 -0.19 -0.19 -0.185 -0.185 -0.185 -0.185 -0.185 0.19 0.19 0.19 0.335 0.335 0.335 0.215 0.215 0.215 
-0.075000001 -0.075 -0.074999995 -0.074999821 -0.07493188 0.046062324 0.14985661 0.14999956 0.15 0.15 0.15 0.15 0.15 0.15000046 0.16601339 0.39491052 0.39499999 0.395 0.39567307 0.52498895 0.525 0.525 0.525 0.525 0.525 0.525 0.525 0.52500012 0.72999872 0.73 0.72999906 -0.4830768 -0.6 -0.6 -0.6 -0.19 -0.19 -0.19 -0.19 -0.185 -0.185 -0.185 -0.185 -0.185 0.18999335 0.19 0.19000007 0.33499999 0.335 0.33499993 0.215 0.215 0.215 
