interpolatedSpi/02-07|23_2.tif
NCOLS 53
NROWS 52
XLLCORNER -116.03883
YLLCORNER 28.596182
DX 0.49850594
DY 0.49788537
NODATA_VALUE -9999
[rows 0 to 26 of 52, columns 0 to 52 of 53]
-0.094285714 -0.094285714 -0.59354823 -0.64142857 -0.20571429 -0.13 -0.27 -0.15857143 -0.78847162 -0.52285714 -0.43714286 -0.39 -0.66571311 -0.65142857 -0.61 -0.61 -0.61 -0.72857143 -0.85571429 -0.85571429 -0.85571429 -0.85570824 -0.22857144 -1.1042857 -1.1042857 -1.1042857 -0.46714271 -0.46714286 -0.46714286 -1.2385714 -1.2385714 -1.2385714 -1.2385714 -2.1799998 -2.18 -2.18 -2.18 -2.18 -2.18 -2.1799999 0.16898451 0.19392565 -1.2185714 -1.2185714 -1.2185714 -1.2185714 -1.2185084 -1.18 -1.18 -1.18 -0.2242877 -0.22428571 -0.22428571
-0.094315737 -0.77 -0.55857126 -0.53703426 -0.53704368 -0.39 -0.58142857 -0.66542311 -0.8 -0.79571429 -0.46714286 -0.66571429 -0.66571429 -0.71265231 -0.65142895 -0.61 -0.72857143 -0.72857143 -0.85554851 -0.85571429 -0.85571429 -0.85571429 -1.1061656 -1.1042857 -1.1042857 -1.1042857 -1.11 -1.11 -1.2385714 -1.2385714 -1.2385714 -1.2385714 -1.2385714 -2.1799999 -2.18 -2.18 -2.18 -2.18 -2.1799999 -1.9253337 -0.59725705 -1.1431666 -1.2185714 -1.2185714 -1.2185714 -1.2185714 -1.2185714 -1.18 -1.18 -1.18 -1.1007513 -0.22428571 -0.22428571
0.14140428 0.14142857 -0.41571429 -0.45714286 -0.52571429 -0.26714286 -0.77428571 -0.25857143 -1.0828571 -1.3057143 -0.99 -0.88 -1.0571429 -0.73285714 -0.71285714 -1.6571429 -0.72857143 -0.72857143 -0.72857143 -0.53437915 -0.53428571 -0.53428571 -1.14 -1.1042857 -1.1042857 -1.1042857 -1.11 -1.11 -1.11 -1.2385714 -1.2385714 -1.2385714 -1.3369146 -2.1777154 -2.1723011 -1.3604366 -1.3528571 -1.3528571 -1.2578082 -0.59714286 -0.59714286 -0.59793751 -1.2185714 -1.2185714 -1.2185714 -1.2185714 -1.2185714 -1.18 -1.18 -1.18 -1.18 -0.22428571 -0.22428571
0.51857143 0.14142846 -0.43015078 -0.25 -0.94857143 -0.73428571 -0.74 -1.0971429 -0.67714286 -0.88136394 -1.1214286 -1.1142857 -1.0871429 -0.73285714 -1.1071429 -1.6571429 -1.0886686 -1.0840365 -1.0571429 -0.53428571 -0.53428571 -1.2885714 -1.14 -1.14 -1.1042857 -1.1042857 -1.11 -1.11 -1.11 -1.0785714 -1.2784469 -1.4428571 -1.4428571 -1.4428571 -1.3528571 -1.3528571 -1.3528571 -1.3528571 -0.59714286 -0.59714286 -0.59714286 -0.59714288 -1.2185714 -1.2185714 -1.2185714 -1.2185714 -1.2185714 -1.1800005 -1.18 -1.18 -1.18 -0.22432603 -0.22428571
0.51857143 0.10285617 -0.43 -1.0577712 -0.94857143 -1.26 -1.1486182 -1.6928571 -1.74 -1.0657146 -1.0844864 -1.0885049 -0.62428571 -1.1071429 -1.1071429 -1.4661465 -1.0842857 -1.0842857 -1.0571429 -1.0571429 -0.53428722 -1.2885714 -0.97571429 -0.35 -0.87857143 -0.87850467 -1.11 -1.11 -1.0785714 -1.0785714 -1.4428571 -1.4428571 -1.4428571 -1.4237303 -1.3528571 -1.3528571 -1.3528571 -0.59714286 -0.59714286 -0.59714286 -0.59714286 -0.59718409 -1.2185714 -1.2185714 -1.2185714 -1.2185714 -1.2185714 -1.2182281 -1.18 -1.1800125 -1.4585714 -1.4585714 -1.4585714
-1.1657143 -0.45857143 -0.49999997 -0.77714286 -0.83428571 -1.2028571 -1.5928571 -1.60566 -1.1214286 -1.4885714 -1.7028571 -1.2085714 -1.208571 -1.1028571 -1.1028571 -0.71286956 -0.71285714 -1.08 -1.08 -1.0571425 -1.2585714 -1.2585714 -0.35 -0.87857143 -0.87857143 -0.59285714 -1.2985714 -1.2985714 -0.72289065 -1.0785714 -1.4428571 -1.4428571 -1.3414286 -1.341373 -0.81003814 -1.09 -1.09 -0.74961947 -0.59714286 -0.59714286 -1.023753 -1.0242857 -1.0242843 -0.99403491 -0.99002526 -0.99000006 -0.99000001 -0.99000009 -1.3045586 -1.4585714 -1.4585714 -1.4585714 -1.4585714
-0.27429106 -0.19428571 -0.53639791 -0.63714286 -0.62857143 -1.1542857 -1.0028571 -1.4328571 -1.8 -1.8 -1.7028571 -1.5942857 -1.532857 -1.1028571 -0.76428673 -0.76428571 -0.71285714 -0.69857143 -0.65285714 -0.65285714 -1.0525613 -0.82142857 -0.82142857 -0.68285715 -0.59285714 -0.59285714 -1.2985714 -1.2985714 -0.72290959 -0.72382277 -0.77974929 -1.3414286 -1.3414286 -0.81 -0.81 -1.1203442 -1.09 -1.09 -1.3899896 -1.0242862 -1.0242857 -1.0242857 -1.0242785 -0.99000076 -0.99 -0.99 -0.99 -0.99000017 -1.2828571 -1.4585366 -1.4585714 -1.4585714 -1.4585714
-0.27428571 -1.0014286 -0.39 -1.3514286 -0.96430791 -1.0471429 -1.4471429 -1.85 -1.15 -1.4914286 -1.4914286 -1.1171429 -1.5328571 -1.5328571 -0.76955883 -1.008889 -1.0328571 -0.63285714 -0.48428589 -0.65285714 -0.32147569 -0.22857143 -1.0914286 -0.19714286 -0.19715377 -1.0428571 -1.0071429 -1.007143 -1.6197034 -1.6228571 -0.77714286 -0.84634142 -0.94571429 -0.81 -0.81513382 -1.1457143 -1.1457143 -1.39 -1.39 -1.0242857 -1.0242857 -1.0242857 -1.1243003 -1.1271429 -0.99 -0.99 -0.99 -1.282846 -1.2828571 -1.2828571 -1.4585714 -1.4585714 -1.4585714
-1.0432587 -1.0014286 -0.26428571 -1.1214286 -1.0471429 -1.7757143 -1.1271429 -0.86142857 -1.3142857 -0.76747135 -0.36142857 -1.2671429 -1.2671429 -0.70714286 -0.70714272 -1.2251768 -1.2257143 -1.2257143 -0.61017749 -1.2142857 -1.3228571 -1.3228571 -1.44 -1.2287948 -0.95763147 -1.0428571 -1.1342857 -1.0071429 -0.78131993 -0.78 -0.81857143 -0.77 -0.69013585 -1.0714286 -0.99 -1.1442857 -1.0371429 -1.1671429 -0.84015106 -1.0217541 -0.45714286 -0.68571429 -1.1270533 -1.1271429 -1.1263709 -0.99 -1.7614285 -1.2828571 -1.2828571 -1.2828571 -1.2828571 -1.2860397 -0.14714286
-1.2771429 -1.2771429 -0.40714286 -0.79714286 -1.6128571 -1.1528571 -0.86714286 -1.23 -0.87714286 -0.62858413 -0.91714286 -0.33428571 -0.70714286 -0.70714286 -0.69285714 -0.70016552 -1.2257143 -1.2255152 -0.32714286 -1.2142857 -1.2142857 -1.2282733 -1.44 -0.82286883 -0.82285714 -0.82285714 -1.1342857 -0.95 -0.95 -0.78 -0.78 -0.76969925 -0.61142857 -1.0714286 -0.94428571 -1.1442857 -1.0371429 -1.5885714 -0.84 -0.52659164 -0.68571428 -0.64583172 -0.57714286 -1.1271429 -1.1271429 -1.7614286 -1.7614286 -1.7614286 -1.2828571 -1.2828571 -0.072857143 -0.072857143 -0.072857171
-1.2771429 -1.2771429 -1.4942857 -1.5571429 -1.3128571 -0.73285714 -1.6 -0.63082646 -0.74 -0.92857143 -0.75857143 -0.17571429 -0.33407516 -0.69285714 -0.69285714 -0.69284281 -0.56857143 -0.55590012 -0.32714286 -0.34285714 -0.34285714 -0.20142857 -0.20142857 -0.82285714 -0.82285714 -0.82285714 -0.95 -0.95 -0.95 -0.94857143 -0.94857143 -0.94857087 -0.74428571 -0.74428571 -1.6742857 -1.38 -0.58285714 -0.99429031 -0.73571429 -0.52142857 -0.52142857 -0.69857103 -0.57714286 -1.1271429 -0.4071433 -0.82 -0.4542256 -0.44857143 -0.30142857 -0.30142857 -0.072857143 -0.072857143 -0.072857143
-1.2771429 -1.3709351 -1.5211091 -1.5785564 -0.87 -1.1628571 -1.6 -0.63 -0.73999908 -0.92648229 -0.17571527 -0.17571429 0.032857143 -0.69285714 -0.69285714 -0.56857143 -0.56857143 -0.56855769 -0.32714286 -0.34285714 -0.31508345 -0.20142857 -0.20142857 -0.82283183 -0.82285714 -0.7049877 -0.46428571 -0.46428571 -0.46428578 -0.94857143 -0.94857143 -0.20857143 -0.20857143 -0.74428826 -1.6742857 -0.36857199 -0.73542222 -0.99428571 -0.99428571 -0.52142858 -0.69857143 -0.69857143 -0.6985693 -0.40714286 -0.40714286 -0.82 -0.44857143 -0.44857143 -0.30142857 -0.30142857 -0.072857143 -0.072857143 -0.072857143
-0.70571429 -0.79343798 -0.73288778 -0.73897479 -0.87000161 -1.1628502 -1.6 -0.64194014 -0.73241988 -0.7449241 0.032857143 0.032857143 0.032857143 0.032857143 -0.69275434 -0.56857143 -0.56857143 -0.5654542 -0.32714286 -0.34272809 0.10285714 0.10285714 0.10285714 0.10285714 -0.80689721 -0.46428571 -0.46428571 -0.46428571 -0.46428571 -0.46444651 -0.20857143 -0.20857143 -0.20857143 -0.20857143 -0.36857143 -0.36857143 -0.36857143 -0.96474576 -0.98958626 -0.36857143 -0.36857143 -0.69855368 -0.36714423 -0.407139 -0.40714286 -0.82 -0.44857143 -0.44857143 -0.30142857 -0.30142857 -0.073686375 -0.072857143 -0.65839272
-0.70571429 -0.73285714 -0.73285714 -0.73285714 -0.73285714 -0.73285732 -1.5988809 -1.1410463 -0.71219685 0.03202018 0.032857143 0.032857143 0.032857143 0.032857143 0.03285742 -0.56857143 -0.56857139 -0.55201108 -0.32714483 0.10285714 0.10285714 0.10285714 0.10285714 0.10285714 0.1063445 -0.13641669 -0.024285805 -0.024285714 -0.024285714 -0.024285714 -0.20857142 -0.20857143 -0.20857077 0.34285714 0.34285714 -0.36857143 0.27863049 0.29714286 -0.36857104 -0.36857143 -0.36857143 -0.36857143 -0.36714286 -0.36714286 -0.36714286 -0.37029433 0.24111988 0.24571429 0.24571429 0.24571429 0.24571428 -0.18285712 -0.18285714
-0.98571429 -0.73285714 -0.73285714 -0.73285714 -0.73285714 -0.73285714 -0.7328572 -0.90864621 0.42391247 0.43 0.43 0.43 0.43 0.43 0.43 0.50405979 -0.55150157 -0.53551153 0.102803 0.10285714 0.10285714 0.10285714 0.10285714 0.10285743 0.26428571 0.26428571 0.26428531 -0.024285714 -0.024285714 -0.023158626 0.53857143 0.53857143 0.34285714 0.34285714 0.34285714 0.30446589 0.29714286 0.29714286 0.29714286 -0.36857143 -0.36857143 -0.36857143 -0.36714286 -0.36714286 -0.36714286 -0.36714286 0.24571428 0.24571429 0.24571429 0.24571429 0.24571429 -0.18285714 -0.18285714
-0.98571429 -0.89157844 -0.73285714 -0.73285714 -0.73285714 -0.73285714 0.24837881 0.24857143 0.24857143 0.43 0.43 0.43 0.43 0.43 0.4467031 0.50571429 0.50571429 0.50571429 0.34497507 0.34571404 0.34571429 0.34571429 0.34571429 0.34571429 0.26428571 0.26428571 0.26428571 0.26428571 -0.024285714 0.53857143 0.53857143 0.53857143 0.34285716 0.34285714 0.34285714 0.53571429 0.29745873 0.29714286 0.29714286 -0.36856687 -0.36002369 -0.34008539 -0.36714286 -0.36714286 0.19540144 0.19714286 0.19714286 0.24573279 0.25710292 0.25714286 0.25714285 0.37134465 -0.18285602
-0.98571429 -0.17522533 -0.43935044 -0.73285714 -0.73285714 0.24799155 0.24857143 0.24857143 0.24857143 0.24987885 0.43 0.43 0.43 0.43000001 0.50571429 0.50571429 0.50571429 0.50571429 0.34585721 0.34571429 0.34571429 0.34571429 0.34571429 0.34571429 0.26428572 0.26428571 0.26428571 0.26428571 0.26528339 0.53857143 0.53857143 0.53857143 0.55428571 0.34288186 0.53571429 0.53571429 0.53571429 0.53221031 -0.29964744 -0.34 -0.34 -0.34 0.10142857 0.10142857 0.19714286 0.19714286 0.19714286 0.25714286 0.25714286 0.25714286 0.25714286 0.37142857 0.37142857
-0.15332337 -0.15285714 -0.15285714 -0.15285714 0.41285714 0.24857567 0.24857143 0.24857143 0.24857143 0.24857143 0.39582309 0.42999412 0.42999999 0.50571429 0.50571429 0.50571429 0.50571429 0.50571429 0.51111765 0.34571429 0.34571429 0.34571429 0.34571429 0.34571429 0.38861578 0.51999861 0.52 0.52 0.52 0.53857143 0.55428571 0.55428571 0.55428571 0.55428571 0.53571429 0.53570593 0.21857143 0.21857143 -0.3330254 -0.34 -0.34 -0.34 0.10142857 0.10142857 0.18232299 0.19714286 0.19714286 0.25714286 0.25714286 0.25714286 0.2583683 0.37142857 0.37142857
-0.15285714 -0.15285714 -0.15285714 0.11354615 0.41285714 0.41285714 0.24857143 0.24857143 0.24857143 0.24857143 -0.021428571 -0.021428571 -0.021428571 0.50571429 0.50571429 0.50571429 0.50571429 0.50573978 0.79 0.79 0.34571447 0.34571429 0.3552787 0.73857143 0.73660373 0.52 0.52 0.52 0.52 0.55428222 0.55428571 0.55428571 0.55428571 0.55428571 0.21857254 0.21857143 0.21857143 0.21857143 0.21659447 -0.34 -0.34 -0.34 0.10142857 0.10142857 0.10142857 0.19714286 0.19714286 0.25714286 0.25714286 0.25714286 0.37142857 0.37142857 0.37142857
-0.15285714 -0.15285714 -0.15285714 0.41285714 0.41285714 0.41285714 0.41285689 0.24857143 0.24857143 -0.021149854 -0.021428571 -0.021428571 -0.021428571 -0.021100135 0.6305966 0.66 0.66 0.66 0.79 0.79 0.79 0.73857143 0.73857143 0.73857143 0.73856943 0.63089943 0.52 0.52 0.52 0.39786511 0.36287597 0.36285714 0.36285714 0.36285714 0.12919058 0.0028576328 0.0028571429 0.0028571429 0.0028571429 0.41275413 0.41285714 0.41285714 0.10142857 0.10142857 0.52571251 0.52571424 0.40714286 0.40714286 0.46714286 0.46714286 0.46714286 0.37142857 0.27009069
-0.1528564 -0.15285714 -0.15285712 0.41285714 0.41285714 0.41285714 0.41285714 0.25571428 0.24859999 -0.021288669 -0.021428571 -0.021428571 -0.021428571 -0.020091421 0.66 0.66 0.66 0.66000004 0.79 0.79 0.79 0.73857143 0.73857143 0.73857143 0.73142857 0.73142857 0.85571428 0.85571429 0.85571429 0.8530256 0.36285714 0.36285714 0.36285714 0.36285714 0.182956 0.0028571429 0.0028571429 0.0028571429 0.0028571429 0.41285714 0.41285714 0.41285714 0.41640806 0.52571429 0.52571429 0.52571429 0.40714286 0.40714286 0.46714286 0.46714286 0.46714286 0.27000001 0.27
0.087142857 -0.02129222 0.0071428571 0.0072605618 0.41285714 0.25662351 0.25571429 0.25571429 0.36867166 0.13285715 0.13285714 0.13285714 0.13285714 1.0671124 1.0671429 0.66000031 0.66 0.66342531 0.79 0.79 0.79 0.66428571 0.66428571 0.66428571 0.73142857 0.73142857 0.85571429 0.85571429 0.85571429 0.85571416 0.67714086 0.67714197 0.37075624 0.36319408 0.094592587 0.094285714 0.094285714 0.094285714 0.094285714 0.41285714 0.41285714 0.41285714 0.51949999 0.52571429 0.52571429 0.52571422 0.40714286 0.40714286 0.40714502 0.46714286 0.4671244 0.054285714 0.27
0.17855407 0.1785714 0.0071428571 0.0071428571 0.0071428571 0.25571429 0.25571429 0.25571429 0.56571429 0.56571429 0.13285714 0.13285714 0.13285714 1.0671429 1.0671429 1.0671429 1.0671429 1.0671106 0.79 0.79 0.79 0.66428571 0.66428571 0.66428571 0.73142857 0.73142857 0.85571429 0.85571429 0.85571429 0.67915626 0.67714286 0.67714286 0.67714286 0.67714286 0.094573319 0.094285714 0.094285714 0.094285714 0.094285714 0.36714287 0.36714286 0.36714286 0.36714286 0.52571164 0.18142857 0.18142857 0.18142857 -0.14 -0.14 -0.14 0.054285714 0.054285714 0.054285714
0.17857143 0.17857143 0.0071428571 0.0071428571 0.0071428571 0.25440775 0.25571429 0.56571429 0.56571429 0.56571429 0.13291043 0.13285714 0.71768498 1.0671428 1.0671429 1.0671429 1.0671429 0.95428571 0.95428571 0.95428571 0.65285714 0.65285715 0.66428566 0.66428571 0.66436724 0.77 0.77 0.7700002 0.85570043 0.51003331 0.51000089 0.51002918 0.67685719 0.67699861 0.19798554 0.094285639 0.093629832 -0.10142857 -0.10142857 0.36714286 0.36714286 0.36714286 0.36714286 0.18142857 0.18142857 0.18142857 0.18142857 -0.14 -0.14 -0.14 0.054285714 0.054285714 0.054285714
0.17857143 0.17857143 0.0071428571 0.0071428571 0.0071428571 0.0071428581 0.37173823 0.56571429 0.56571429 0.56571429 0.56587053 0.84857143 0.84857143 0.84857143 1.0658548 1.0671429 0.95503777 0.95428571 0.95428571 0.95428571 0.65285714 0.65285714 0.65285714 0.65285714 0.77 0.77 0.77 0.77 0.77 0.51 0.51 0.51 0.51 0.50999931 0.18285714 -0.10142857 -0.10142857 -0.10142857 -0.10142857 -0.10142809 -0.024285714 -0.024285714 -0.024285714 0.0040725491 0.062857143 0.062857143 0.062857143 -0.13999999 -0.14000026 -0.41 -0.41 -0.011412585 -0.011428571
0.17857143 0.17857143 0.069016534 0.0071428571 0.0071428571 0.0071428739 0.76250731 0.56633557 0.56571429 0.56571429 0.84857141 0.84857143 0.84857143 0.84857143 0.84857143 0.86650275 0.95428571 0.95428571 0.95428571 0.95428571 0.65285947 0.65285714 0.65285714 0.65285714 0.77 0.77 0.77 0.77 0.77 0.53533565 0.51 0.51 0.51 0.18285714 0.18285714 0.18263639 -0.10142857 -0.10142857 -0.34101143 -0.52714282 -0.024285714 -0.024285714 -0.024285714 0.0026847405 0.062857143 0.062857143 0.062857143 -0.28714286 -0.40846921 -0.41 -0.41 -0.011428571 -0.011428571
0.69285714 0.69285714 0.69285714 0.17907028 0.0081772251 0.76285714 0.76285714 0.76285714 0.76285714 0.77285714 0.77285714 0.84857142 0.84857143 0.84857143 0.84857143 0.84857811 0.95428571 0.95428571 0.95428571 0.95428571 0.78439079 0.65285714 0.65285714 0.66295145 1.0266122 0.77 0.77 0.77 0.54428571 0.54428571 0.54428571 0.54428557 0.18285714 0.18285714 0.18285714 0.18285714 -0.52714286 -0.52714286 -0.52714286 -0.52714286 -0.10571429 -0.10571429 -0.10571429 -0.22714042 -0.22714286 -0.22714286 -0.22714277 -0.28714286 -0.28714286 -0.40985031 -0.41 -0.011430379 -0.011428571
