interpolatedSpi/02-03|22_3.tif
NCOLS 53
NROWS 52
XLLCORNER -116.03883
YLLCORNER 28.596182
DX 0.49850594
DY 0.49788537
NODATA_VALUE -9999
0.89 0.89 0.8208718 0.48 1.76 1.155 0.99 1.16 1.0785839 0.71 0.98 0.73 0.93006876 1.765 1.865 1.865 1.865 1.165 1.41 1.41 1.41 1.4099887 0.24000001 0.94 0.94 0.94 0.82000115 0.82 0.82 0.375 0.375 0.375 0.375 -1.1699997 -1.17 -1.17 -1.17 -1.17 -1.17 -1.17 -0.54176532 -0.53538537 -2.05 -2.05 -2.05 -2.05 -2.0511352 -2.745 -2.745 -2.745 -0.1950053 -0.195 -0.195 
0.88997312 0.285 0.27499994 0.34236094 0.72021214 1.315 1.415 0.9001866 0.86 0.72 0.695 0.93 0.93 1.0872674 1.7649927 1.865 1.165 1.165 1.4096806 1.41 1.41 1.41 0.92973577 0.94 0.94 0.94 1.6899999 1.69 0.375 0.375 0.375 0.375 0.375 -1.1699998 -1.17 -1.17 -1.17 -1.17 -1.1699999 -0.81736514 0.92990528 -1.6884007 -2.05 -2.05 -2.05 -2.05 -2.05 -2.745 -2.745 -2.745 -2.5335516 -0.195 -0.195 
0.51500678 0.515 0.225 0.885 0.06 -0.075 0.12 0.3 -0.015 0.62 1.22 -0.125 0.69 1.315 1.085 0.26 1.165 1.165 1.165 1.300032 1.3 1.3 0.745 0.94 0.94 0.94 1.69 1.69 1.69 0.375 0.375 0.37500002 0.56033903 -1.1643311 -1.1512912 0.82158142 0.84 0.84 0.85131963 0.93 0.93 0.92618933 -2.05 -2.05 -2.05 -2.05 -2.05 -2.745 -2.745 -2.745 -2.745 -0.195 -0.195 
-0.36 0.51499979 -0.51504902 1.28 -0.775 -0.11 -0.495 -0.72 0.72 0.31831959 0.25 -0.19 0.145 1.315 0.445 0.26 -0.037704715 -0.039155707 -0.34 1.3 1.3 -0.205 0.745 0.745 0.94 0.94000375 1.69 1.69 1.69 0.09 0.45761408 0.76 0.76 0.76000006 0.84 0.84 0.84 0.84 0.93 0.93 0.93 0.92999989 -2.05 -2.05 -2.05 -2.05 -2.05 -2.7449912 -2.745 -2.745 -2.745 -0.19500866 -0.195 
-0.36 -0.18500061 -0.515 -0.89196714 -0.775 -0.79 -0.41001859 -0.81 -0.39 0.47999976 0.37562949 0.3300444 0.64 0.445 0.445 0.31650343 -0.04 -0.04 -0.34 -0.34 1.299997 -0.205 0.255 0.81 0.51 0.50998393 1.69 1.69 0.090000003 0.09 0.76 0.76 0.76 0.68834205 0.84 0.84 0.84 0.93 0.93 0.93 0.93 0.93003427 -2.05 -2.05 -2.05 -2.05 -2.05 -2.0561864 -2.745 -2.7448975 -0.46 -0.46 -0.46 
-1.315 -0.62 0.35000001 0.0050000001 -1.38 -0.805 -0.215 -0.29117704 -0.355 -0.57 -0.41 0.34 0.3400002 0.04 0.04 0.18004829 0.18 0.215 0.215 -0.33999885 -0.01 -0.01 0.81 0.51 0.51 0.44 0.23 0.23 0.75493843 0.09 0.76 0.76 0.38 0.37994096 -0.18495939 0.28 0.28 0.72890766 0.93 0.93 1.2845572 1.285 1.2850014 -0.85153634 -0.83013484 -0.83000033 -0.83000004 -0.83000046 -0.56738602 -0.46 -0.46 -0.46 -0.46 
-1.0250051 -0.245 -0.63290622 -0.395 -0.48 -1.485 -1.13 -1.285 -0.945 -0.945 -0.41 0.09 -0.25500001 0.04 0.37999898 0.38 0.18 0.695 0.97 0.97 -0.10896563 -0.22 -0.22 0.495 0.44 0.44 0.23 0.23 0.75494842 0.75405047 0.78217961 0.38 0.38 -0.185 -0.185 0.46517761 0.28 0.28 1.029974 1.2849996 1.285 1.285 1.2850069 -0.82999216 -0.83 -0.83 -0.83 -0.82999981 -0.51 -0.46000991 -0.46 -0.46 -0.46 
-1.025 -0.915 -0.43 -1.05 -0.65502264 -1.06 -1.16 -1.2 -0.905 -1.245 -1.245 -0.335 -0.255 -0.255 0.37564331 0.093111554 0.065 0.72 -0.28499871 0.97 0.69105009 0.86 -0.67 0.65499999 0.65498949 -0.16 0.040000003 0.040000067 -0.12689884 -0.12999998 0.785 -0.14838514 -0.25 -0.185 -0.15491014 0.62 0.62 1.03 1.03 1.285 1.285 1.285 0.58194431 0.57499993 -0.83 -0.83 -0.83 -0.51001218 -0.51 -0.51 -0.46 -0.46 -0.46 
-0.95748035 -0.915 -0.72 -0.03 -0.645 -1.19 -0.605 -0.92 -1.195 -0.36965207 -0.52 -0.69 -0.69 -0.115 -0.11500672 -0.60811872 -0.61 -0.61 0.56658521 -0.99500003 -1.13 -1.13 2.21 0.46496065 -0.077869519 -0.16 0.675 0.04 1.1485207 1.155 -0.12 1.505 1.0315602 0.295 0.87 0.67 1.315 -0.05 1.0195059 1.2878345 1.92 1.6 0.57507654 0.575 0.5670919 -0.83 -1.01 -0.51 -0.51 -0.51 -0.51 -0.28133183 0.105 
-1.195 -1.195 -0.56 -0.48 -0.58 -1.375 -0.585 -1.355 -0.915 -0.16016796 -0.795 1.19 -0.115 -0.115 -0.83 -0.8269826 -0.61 -0.6100329 -0.79 -0.995 -0.995 -1.0123925 2.21 1.0150226 1.015 1.015 0.675 0.1 0.1 1.155 1.155 1.5032172 0.565 0.295 0.28 0.67 1.315 0.35 1.02 1.6742224 1.6 1.3961266 1.045 0.575 0.575 -1.01 -1.01 -1.01 -0.51 -0.51 0.975 0.975 0.97499967 
-1.195 -1.195 -1.14 -1.6 -1.415 -0.11 -1.23 0.038603024 -0.41 -0.57 -1.31 -0.86 1.1872689 -0.83 -0.83 -0.82995443 -0.435 -0.45363207 -0.79 -0.69 -0.69 -1.075 -1.075 1.015 1.015 1.015 0.1 0.1 0.1 0.4 0.4 0.40000027 0.26 0.26 -0.02 -0.42 1.105 0.77999753 0.91 1.685 1.685 0.73000104 1.045 0.575 0.29499967 -0.22 0.92164487 0.92999999 1.495 1.495 0.975 0.975 0.975 
-1.195 -1.1713902 -1.3362984 -1.3899967 -1.035 -1.025 -1.23 0.04 -0.40999624 -0.56822739 -0.85999962 -0.86 -0.275 -0.83 -0.83 -0.43500001 -0.435 -0.4350202 -0.79 -0.69 -0.76560617 -1.075 -1.075 1.0149156 1.015 0.42166119 -0.79 -0.79 -0.78999989 0.4 0.4 -0.235 -0.235 0.25999923 -0.02 0.39500003 1.0063818 0.78 0.78 1.685 0.73 0.73 0.7299969 0.295 0.295 -0.22 0.93 0.93 1.495 1.495 0.975 0.975 0.975 
-0.43 -0.21996642 -0.13505397 -0.14409112 -1.0350001 -1.0250002 -1.23 0.024367024 -0.3789904 -0.41417802 -0.275 -0.275 -0.275 -0.275 -0.82992138 -0.435 -0.435 -0.43958362 -0.79 -0.69017567 -1.295 -1.295 -1.295 -1.295 0.974404 -0.79 -0.79 -0.79 -0.79 -0.78926851 -0.235 -0.235 -0.235 -0.235 0.395 0.395 0.395 0.76109822 0.77819747 0.54 0.54 0.72998978 0.71498562 0.29504045 0.295 -0.22 0.93 0.93 1.495 1.495 0.9768865 0.975 1.9617325 
-0.43 -0.135 -0.135 -0.135 -0.135 -0.13500038 -1.2294751 -0.62914163 -0.29625971 -0.27514938 -0.275 -0.275 -0.275 -0.275 -0.27500014 -0.43500001 -0.43500006 -0.45935058 -0.78999669 -1.295 -1.295 -1.295 -1.295 -1.295 -1.2902423 -0.73794845 -0.65500003 -0.655 -0.655 -0.655 -0.235 -0.235 -0.23499992 -0.165 -0.165 0.395 0.23458837 0.23 0.53999982 0.54 0.54 0.54 0.715 0.715 0.715 0.70849325 1.2625815 1.265 1.265 1.265 1.265 0.995 0.995 
-0.46 -0.135 -0.135 -0.135 -0.135 -0.135 -0.13500007 -0.92283289 -0.44911685 -0.45 -0.45 -0.45 -0.45 -0.45 -0.45 -0.67043944 -0.43884025 -0.48361148 -1.2949364 -1.295 -1.295 -1.295 -1.295 -1.2949995 -1.075 -1.075 -1.0749994 -0.655 -0.655 -0.65468962 -0.5 -0.5 -0.165 -0.165 -0.165 0.16672541 0.23 0.23 0.23 0.54 0.54 0.54 0.715 0.715 0.715 0.715 1.265 1.265 1.265 1.265 1.265 0.995 0.995 
-0.46 -0.33900619 -0.135 -0.135 -0.135 -0.135 -0.89984986 -0.9 -0.89999999 -0.45 -0.45 -0.45 -0.45 -0.45 -0.49963657 -0.675 -0.675 -0.675 -0.85135469 -0.85000045 -0.85 -0.85 -0.85 -0.85 -1.075 -1.075 -1.075 -1.075 -0.655 -0.5 -0.5 -0.5 -0.16500003 -0.165 -0.165 0.47 0.23031777 0.23 0.23 0.53992274 0.38592709 0.026539222 0.715 0.715 0.32620356 0.325 0.325 1.2629434 0.019368184 0.015000109 0.015000237 0.4400839 0.99499887 
-0.46 -0.88331683 -0.51959499 -0.135 -0.135 -0.899548 -0.9 -0.9 -0.9 -0.89675717 -0.45 -0.45 -0.45 -0.45000003 -0.675 -0.675 -0.675 -0.675 -0.84984368 -0.85 -0.85 -0.85 -0.85 -0.85 -1.075 -1.075 -1.075 -1.075 -1.0729085 -0.5 -0.5 -0.5 -1.215 -0.16496076 0.47 0.47 0.47 0.46564007 0.037979267 0.025 0.025 0.025 0.13 0.13 0.325 0.325 0.325 0.015000004 0.015 0.015 0.015 0.44 0.44 
-0.89451401 -0.895 -0.895 -0.895 -0.82 -0.89999794 -0.9 -0.9 -0.9 -0.9 -0.49088259 -0.45000704 -0.45000002 -0.675 -0.675 -0.675 -0.675 -0.675 -0.71018272 -0.85 -0.85 -0.85 -0.85 -0.85 -1.1625296 -1.4949977 -1.495 -1.495 -1.495 -0.50000004 -1.215 -1.215 -1.215 -1.215 0.47 0.4699896 0.075 0.075 0.025624324 0.025 0.025 0.025 0.13 0.13 0.29480729 0.325 0.325 0.015 0.015 0.015 0.019557105 0.44 0.44 
-0.895 -0.895 -0.895 -0.85968138 -0.82 -0.82 -0.9 -0.9 -0.9 -0.9 -0.99 -0.99 -0.99 -0.675 -0.675 -0.675 -0.675 -0.67495951 -1.015 -1.015 -0.85000007 -0.85 -0.8601035 -1.265 -1.2670706 -1.495 -1.495 -1.495 -1.495 -1.2150285 -1.215 -1.215 -1.215 -1.215 0.075001389 0.075 0.075 0.075 0.074769239 0.025 0.025 0.025 0.13 0.13 0.13 0.325 0.325 0.014999998 0.015 0.014999999 0.44 0.44 0.44 
-0.895 -0.895 -0.895 -0.82 -0.82 -0.82 -0.82000012 -0.9 -0.9 -0.98990709 -0.99 -0.99 -0.99 -0.98980374 -0.47669151 -0.43 -0.43 -0.43 -1.015 -1.015 -1.015 -1.265 -1.265 -1.265 -1.2648964 -1.1802854 -1.495 -1.495 -1.495 -1.8028322 -1.9299297 -1.93 -1.93 -1.93 -0.32418472 -0.87999783 -0.88 -0.88 -0.88 -0.20996785 -0.21 -0.21 0.13 0.13 -0.03999929 -0.040000119 -0.375 -0.375 -0.2 -0.2 -0.2 0.44 -0.20941882 
-0.89500127 -0.895 -0.895 -0.82 -0.82 -0.82 -0.82000001 -1.4199998 -0.90207916 -0.99015415 -0.99 -0.99 -0.99 -0.98890113 -0.43 -0.43 -0.43 -0.43000017 -1.015 -1.015 -1.015 -1.265 -1.265 -1.265 -0.895 -0.895 -1 -1 -1 -1.0050734 -1.93 -1.93 -1.93 -1.93 -1.4052883 -0.88 -0.88 -0.88 -0.88 -0.21 -0.21 -0.21 -0.20465115 -0.04 -0.04 -0.04 -0.375 -0.375 -0.2 -0.2 -0.2 -0.21 -0.21 
-1.305 -1.1134022 -1.235 -1.2348796 -0.82 -1.4165284 -1.42 -1.42 -1.3562337 -1.16 -1.16 -1.16 -1.16 -0.2200306 -0.22 -0.42999984 -0.43 -0.44541389 -1.015 -1.015 -1.015 -0.87 -0.87 -0.87 -0.895 -0.895 -1 -1 -1 -1.0000006 -1.780001 -1.7800004 -1.92623 -1.9298392 -1.2607608 -1.26 -1.26 -1.26 -1.26 -0.21 -0.21 -0.21 -0.049361066 -0.04 -0.04 -0.040000099 -0.375 -0.375 -0.3749937 -0.2 -0.20001051 -0.435 -0.21 
-0.94006931 -0.94000005 -1.235 -1.235 -1.235 -1.42 -1.42 -1.42 -1.245 -1.245 -1.16 -1.16 -1.16 -0.22 -0.22 -0.22 -0.22 -0.22008902 -1.015 -1.015 -1.015 -0.87 -0.87 -0.87 -0.895 -0.895 -1 -1 -1 -1.7712054 -1.78 -1.78 -1.78 -1.78 -1.2602566 -1.26 -1.26 -1.26 -1.26 -0.70999987 -0.71 -0.71 -0.71 -0.040004258 -0.595 -0.595 -0.595 -0.395 -0.395 -0.395 -0.435 -0.435 -0.435 
-0.94 -0.94 -1.235 -1.235 -1.235 -1.4190276 -1.42 -1.245 -1.245 -1.245 -1.1600105 -1.16 -1.0047463 -0.22000017 -0.22 -0.22 -0.22 -0.575 -0.575 -0.575 0.25999997 0.25999916 -0.8699945 -0.87 -0.86990327 -0.695 -0.695 -0.69500073 -0.99995071 -1.6750209 -1.6750006 -1.6750183 -1.7798205 -1.7799094 -1.3525475 -1.2600002 -1.2616421 -1.75 -1.75 -0.71 -0.71 -0.71 -0.71 -0.595 -0.595 -0.595 -0.595 -0.395 -0.395 -0.395 -0.435 -0.435 -0.435 
-0.94 -0.94 -1.235 -1.235 -1.235 -1.235 -1.3545026 -1.245 -1.245 -1.245 -1.2448481 -0.97 -0.97 -0.97 -0.22441992 -0.22 -0.57263437 -0.575 -0.575 -0.575 0.26 0.26 0.26 0.26 -0.695 -0.695 -0.695 -0.695 -0.695 -1.675 -1.675 -1.675 -1.675 -1.6750009 -2.09 -1.75 -1.75 -1.75 -1.75 -1.7499973 -1.05 -1.05 -1.05 -0.85312544 -0.445 -0.445 -0.445 -0.395 -0.39500043 -0.835 -0.835 -0.45999392 -0.46 
-0.94 -0.94 -1.1285257 -1.235 -1.235 -1.235 -1.6842192 -1.2463866 -1.245 -1.245 -0.97000002 -0.97 -0.97 -0.97 -0.97 -0.90846616 -0.575 -0.575 -0.575 -0.575 0.25999354 0.26 0.26 0.26 -0.695 -0.695 -0.695 -0.695 -0.695 -1.2833531 -1.675 -1.675 -1.675 -2.09 -2.09 -2.089736 -1.75 -1.75 -1.5980498 -1.48 -1.05 -1.05 -1.05 -0.85525772 -0.445 -0.445 -0.445 -0.57 -0.83169813 -0.835 -0.835 -0.46 -0.46 
-1.15 -1.15 -1.15 -1.2136882 -1.2346844 -1.685 -1.685 -1.685 -1.685 -1.065 -1.065 -0.97000001 -0.97 -0.97 -0.97 -0.96997495 -0.575 -0.575 -0.575 -0.575 -0.10436691 0.26 0.26 0.27596396 0.80031232 -0.695 -0.695 -0.695 -1.145 -1.145 -1.145 -1.1450022 -2.09 -2.09 -2.09 -2.09 -1.48 -1.48 -1.48 -1.48 -0.665 -0.665 -0.665 -0.34000653 -0.34 -0.34 -0.34000003 -0.57 -0.57 -0.83467711 -0.835 -0.45999869 -0.46 
-1.15 -1.15 -1.15 -1.1499925 -1.01 -1.1081561 -1.685 -1.685 -1.685 -1.065 -1.065 -1.065 -0.49500002 -0.495 -0.495 -0.49500001 -0.57467027 -0.575 -0.575 -0.575 -0.56230513 0.86999833 0.87 0.87 0.87 0.86999996 -0.025000005 -0.025 -1.145 -1.145 -1.145 -1.145 -2.0899995 -2.09 -2.09 -2.0899466 -1.48 -1.48 -1.48 -1.4792762 -0.665 -0.665 -0.665 -0.34001507 -0.34 -0.34 -0.34 -0.57 -0.57 -0.56999995 -0.2 -0.2 0.135 
-1.15 -1.15 -1.15 -1.0100003 -1.01 -1.01 -1.6849997 -1.685 -1.685 -1.065 -1.065 -1.065 -0.495 -0.495 -0.495 -0.48738404 -0.395 -0.395 -0.39500046 -0.5739833 0.87 0.87 0.87 0.87 0.87 0.86932647 -0.025 -0.025 -0.025000002 -1.145 -1.145 -1.144852 -1.435 -1.435 -1.435 -1.02 -1.02 -1.315 -1.315 -1.315 -0.945 -0.66508783 -0.66499959 -0.61 -0.61 -0.59976731 -0.3400011 -0.57 -0.57 -0.2 -0.2 -0.2 0.135 
-1.15 -1.15 -1.15 -1.01 -1.01 -1.01 -1.01 -1.685 -1.685 -1.065 -1.065 -0.51779178 -0.495 -0.495 -0.495 -0.395 -0.395 -0.395 -0.395 -0.395 0.87 0.87 0.87 0.87 0.87 -0.024996947 -0.025 -0.025 -0.025 -0.915 -0.915 -0.915 -1.435 -1.435 -1.435 -1.02 -1.02 -1.315 -1.315 -0.945 -0.945 -0.945 -0.61 -0.61 -0.61 -0.61 -0.56358676 -0.045 -0.045 -0.045 -0.19999999 0.34 0.34 
-1.15 -1.15 -1.149805 -1.01 -1.01 -1.01 -1.01 -0.82911776 -0.82 -0.82042063 -1.065 -0.49501173 -0.495 -0.495 -0.49499965 -0.395 -0.395 -0.395 -0.395 -0.395 0.09792942 0.87 0.87 0.87 0.86989393 -0.02497862 -0.025 -0.025 -0.025 -0.915 -0.915 -0.915 -0.91506896 -1.435 -1.02 -1.02 -1.02 -1.0200121 -1.3149748 -0.945 -0.945 -0.945 -0.61002034 -0.61 -0.61 -0.61 -0.045000906 -0.045 -0.045 -0.045 0.34 0.34 0.34 
-0.99 -0.99000028 -1.0100729 -1.01 -1.01 -1.01 -0.82004043 -0.82 -0.82 -0.82 -0.635 -0.635 -0.635 -0.635 -0.39610767 -0.395 -0.395 -0.395 -0.395 0.064999726 0.065 0.065 0.35500009 0.355 0.355 0.355 0.32220111 -0.025 -0.16999406 -0.17 -0.17 -0.17 -0.17 -0.91 -0.91 -0.91 -0.91 -0.91 -0.725 -0.725 -0.725 -0.725 -0.725 -0.13072357 -0.13 -0.13 -0.13 -0.045 -0.045 -0.045 0.33993935 0.34 0.34 
-0.99 -0.99 -0.98807433 -0.7600005 -0.76000006 -0.76005867 -0.82 -0.82 -0.82 -0.82 -0.635 -0.635 -0.635 -0.635 -0.635 -0.395 -0.395 -0.395 0.064999885 0.065 0.065 0.065 0.355 0.355 0.355 0.355 0.355 0.35491905 -0.17027804 -0.17 -0.17 -0.17 -0.17011169 -0.8391373 -0.90992662 -0.91 -0.91 -0.91 -0.725 -0.725 -0.725 -0.725 -0.725 -0.13 -0.13 -0.13 -0.13 -0.090252339 -0.045 1.2800497 1.295 1.14 1.14 
-0.99 -0.99 -0.76002913 -0.76 -0.76 -0.76 -0.77523975 -0.82 -0.82 -0.82 -0.635 -0.635 -0.635 -0.635 -0.635 -0.39518271 -0.395 0.064865131 0.065 0.065 0.065 0.065 0.24756762 0.355 0.355 0.355 0.355 0.35411816 -0.89 -0.89 -0.89 -0.89 -0.89 -0.785 -0.785 -0.785 -0.785 -0.785 -0.66 -0.66 -0.66 -0.66 -0.66 -0.12879138 -0.12999975 -0.13 -0.12991609 -0.11969862 1.295 1.295 1.295 1.1400009 1.14 
-0.99000033 -1.1664907 -0.76000006 -0.76 -0.76 -0.76 -0.76 -0.81997445 -0.82 -0.82 -0.635 -0.635 -0.635 -0.635 -0.42477544 -0.42 -0.42 0.064987518 0.065 0.065 0.065 0.065 0.064999943 0.355 0.355 0.355 0.355 -1.1549997 -1.1549999 -1.0986016 -0.89 -0.89 -0.89 -0.785 -0.785 -0.785 -0.785 -0.78490179 -0.66 -0.66 -0.66 -0.66 -0.65997625 0.365 0.365 0.365 0.365 0.365075 1.295 1.295 1.295 1.2949999 1.1892636 
-1.17 -1.17 -1.0705268 -0.76 -0.76 -0.76 -0.76 -0.76 -0.81997363 -0.49500001 -0.495 -0.495 -0.49533225 -0.42000031 -0.42 -0.42 -0.42 -0.42 0.064996283 0.033202526 -0.245 -0.245 -0.245 -0.09870695 0.23734653 -0.39219489 -0.92342705 -1.155 -1.155 -1.155 -1.155 -1.155 -1.1431125 -0.64353539 -0.64 -0.64 -0.64 -0.64 -0.60176544 -0.35000056 -0.35 -0.35 -0.35 0.22000043 0.36499996 0.365 0.365 0.87 1.2949932 1.295 1.295 1.19 1.19 
-1.17 -1.17 -1.01 -1.01 -1.01 -0.76008328 -0.76 -0.76 -0.495 -0.495 -0.495 -0.495 -0.495 -0.42 -0.42 -0.42 -0.42 -0.42 -0.245 -0.245 -0.245 -0.245 -0.245 -1.115 -1.115 -1.115 -1.115 -1.155 -1.155 -1.155 -1.155 -1.155 -0.955 -0.955 -0.64 -0.64 -0.64 -0.4850264 -0.485 -0.35 -0.35 -0.35 -0.34999996 0.22 0.22 0.22 0.87 0.87 0.87 0.8 0.8 1.19 1.19 
-1.17 -1.17 -1.01 -1.01 -1.01 -1.01 -1.0099982 -0.68 -0.49517418 -0.495 -0.495 -0.495 -0.495 -0.42093556 -0.42 -0.42 -0.42 -0.42 -0.245 -0.245 -0.245 -0.245 -0.245 -1.115 -1.115 -1.115 -1.115 -1.1150002 -1.155 -1.155 -1.155 -0.95501049 -0.955 -0.955 -0.955 -0.64 -0.485 -0.485 -0.485 -0.4814479 -0.14346292 -0.105 -0.105 0.22 0.22 0.22 0.87 0.87 0.87 0.8 0.8 0.8 1.0224425 
-1.07 -1.0700008 -1.01 -1.01 -1.01 -1.01 -0.68 -0.68 -0.68 -0.495 -0.495 -0.495 -0.495 -0.49497668 -0.42 -0.42 -0.42 -0.42 -0.24500327 -0.245 -0.245 -0.24500001 -0.96174391 -1.115 -1.115 -1.115 -1.115 -1.4949997 -1.495 -1.495 -1.1586416 -0.955 -0.955 -0.955 -0.95499976 -0.705 -0.485 -0.485 -0.485 -0.485 -0.105 -0.105 -0.105 0.17 0.17 0.17 0.20506476 0.87 0.87 0.8 0.8 0.8 1.0049977 
-1.07 -1.07 -1.01 -1.01 -1.01 -0.68 -0.68 -0.68 -0.68 -0.51527864 -0.495 -0.495 -0.495 -0.4950012 -0.90494418 -0.905 -0.905 -0.905 -0.83613561 -0.725 -0.725 -0.725 -0.725 -1.115 -1.115 -1.115 -1.1150251 -1.495 -1.495 -1.495 -1.495 -0.95500747 -0.81438223 -0.705 -0.705 -0.705 -0.48559802 -0.64499667 -0.645 -0.645 -0.10505483 -0.175 -0.175 0.17 0.17 0.17000015 0.205 0.205 0.35 0.35 0.35 -0.35 0.165 
-1.07 -1.07 -0.935 -0.935 -0.935 -0.68 -0.68 -0.68 -0.68 -0.48 -0.48 -0.48 -0.48 -0.50995075 -0.905 -0.905 -0.905 -0.905 -0.84 -0.725 -0.725 -0.725 -0.725 -1.485 -1.4849999 -1.1150005 -1.495 -1.495 -1.495 -1.495 -1.2823644 -1.075 -0.74902493 -0.705 -0.705 -0.705 -0.645 -0.645 -0.645 -0.645 -0.175 -0.175 -0.175 -0.43991644 -0.44 0.20210077 0.205 0.205 0.34999485 0.35 -0.35 -0.35 0.165 
-1.07 -0.935 -0.935 -0.935 -0.935 -0.935 -0.67906845 -0.56 -0.56 -0.48 -0.48 -0.48 -0.48 -0.48010065 -0.905 -0.905 -0.905 -0.90206309 -0.84 -0.84 -0.725 -0.725 -1.485 -1.485 -1.485 -1.485 -1.495 -1.495 -1.495 -1.495 -1.075 -1.075 -1.075 -0.70537441 -0.705 -0.705 -0.645 -0.645 -0.645 -0.645 -0.175 -0.175 -0.175 -0.44 -0.44 -0.44001105 -0.635 -0.635 -0.75 -0.75 -0.35 -0.35 0.165 
-0.93626782 -0.935 -0.935 -0.935 -0.935 -0.935 -0.56 -0.56 -0.56 -0.51718066 -0.48 -0.48 -0.48 -0.48000769 -0.905 -0.905 -0.905 -0.84 -0.84 -0.84 -0.72500575 -0.72500464 -1.485 -1.485 -1.485 -1.485 -1.4949993 -1.495 -1.495 -1.0750966 -1.075 -1.075 -1.075 -1.075 -0.70679416 -1.33 -1.33 -1.3181449 -0.645 -0.645 -0.17500042 -0.175 -0.43229507 -0.44 -0.44 -0.63499993 -0.635 -0.635 -0.75 -0.75 -0.515 -0.515 -0.35 
-0.935 -0.935 -0.935 -0.935 -0.935 -0.935 -0.56 -0.56 -0.56 -0.56 -0.77999136 -0.78 -0.78 -0.78 -0.90499919 -0.74795258 -0.66 -0.66 -0.83966817 -0.84 -0.83999998 -1.4849989 -1.485 -1.485 -1.485 -1.485 -1.4850073 -1.495 -1.4949856 -1.075 -1.075 -1.075 -1.075 -1.075 -1.33 -1.33 -1.33 -1.33 -1.33 -1.3299962 -0.75 -0.75 -0.75 -0.755 -0.755 -0.755 -0.785 -0.785 -0.785 -0.785 -0.515 -0.51499964 -0.35 
-0.935 -0.935 -0.935 -0.935 -0.935 -0.935 -0.56 -0.56 -0.56 -0.78 -0.78 -0.78 -0.78 -0.78 -0.74836829 -0.66 -0.66 -0.66 -0.66 -0.66 -0.66859441 -1.485 -1.485 -1.485 -1.485 -1.4791908 -1.3002899 -1.468447 -1.0770712 -1.075 -1.075 -1.075 -1.075 -1.0750006 -1.33 -1.33 -1.33 -1.33 -1.33 -1.0601853 -0.75 -0.75 -0.75 -0.755 -0.755 -0.755 -0.785 -0.785 -0.785 -0.785 -1.14 -0.39357976 -0.35 
-0.935 -0.935 -0.935 -0.935 -0.935 -0.93499989 -0.56000009 -0.56 -0.56913123 -0.78 -0.78 -0.78 -0.78 -0.78 -0.77424406 -0.66 -0.66 -0.66 -0.66 -0.66 -0.66 -1.326273 -1.3000003 -1.3 -1.3 -1.3 -1.3 -1.3 -1.349033 -1.3499967 -1.35 -1.35 -1.35 -1.35 -1.33 -1.33 -1.33 -1.33 -1.33 -0.75000007 -0.75 -0.75 -0.75 -0.75 -0.75500802 -0.76 -0.785 -1.0257615 -0.78521467 -1.14 -1.14 -1.1344915 -0.875 
-0.935 -0.935 -0.935 -0.935 -0.935 -0.93497604 -0.56002023 -0.56001331 -0.77999972 -0.78 -0.78 -0.78 -0.78 -0.78 -0.77771666 -0.66 -0.66 -0.66 -0.66 -0.66 -0.66 -1.3 -1.3 -1.3 -1.3 -1.3 -1.3 -1.3 -1.3499862 -1.35 -1.35 -1.35 -1.35 -1.35 -1.34452 -1.33 -1.33 -1.33 -1.33 -0.75 -0.75 -0.75 -0.75 -0.75000256 -0.76 -0.76 -0.76169223 -1.03 -1.03 -1.14 -1.14 -0.875 -0.875 
-0.935 -0.935 -0.935 -0.935 -0.935 -0.93449989 -0.56045133 -0.75517444 -0.78 -0.78 -0.78 -0.78 -0.78 -0.78 -0.77789919 -0.66 -0.66 -0.66 -0.66 -0.66 -0.75112437 -1.3 -1.3 -1.3 -1.3 -1.3 -1.3 -1.3 -1.3499998 -1.35 -1.35 -1.35 -1.35 -1.35 -1.35 -1.1939592 -0.98247949 -0.86684624 -0.84924941 -0.76060598 -0.75 -0.75 -0.75 -0.7599992 -0.76 -0.76602889 -1.7699965 -1.03 -1.03 -1.5951483 -1.595 -1.595 -0.87500032 
-0.935 -0.935 -0.935 -0.935 -0.93499962 -0.93187274 -0.58164779 -0.77993951 -0.78 -0.78 -0.78 -0.78 -0.78 -0.78 -0.77719782 -0.66 -0.66 -0.66 -0.66 -0.66 -1.2999972 -1.3 -1.3 -1.3 -1.3 -1.3 -1.3 -1.3 -1.35 -1.35 -1.35 -1.35 -1.35 -1.35 -1.3499999 -0.84 -0.84 -0.84 -0.84 -0.915 -0.915 -0.915 -0.915 -1.7699971 -1.77 -1.77 -1.77 -1.7700053 -2.275 -2.275 -1.595 -1.595 -1.4136796 
-0.935 -0.935 -0.935 -0.93499997 -0.93498953 -0.92491921 -0.76555289 -0.77999713 -0.78 -0.78 -0.78 -0.78 -0.78 -0.78 -0.77592646 -0.66000005 -0.66 -0.66 -0.66 -0.66385188 -1.3 -1.3 -1.3 -1.3 -1.3 -1.3 -1.3 -1.3 -1.35 -1.35 -1.35 -1.35 -1.35 -1.35 -0.84000047 -0.84 -0.84 -0.84 -0.84 -0.915 -0.915 -0.915 -0.915 -1.1457608 -1.77 -1.77 -1.77 -2.2749944 -2.275 -2.275 -1.335 -1.335 -1.335 
-0.935 -0.935 -0.93499998 -0.93499915 -0.93489789 -0.90717532 -0.77925809 -0.77999928 -0.78 -0.78 -0.78 -0.78 -0.78 -0.77999999 -0.77420426 -0.66000282 -0.66 -0.66 -0.66000073 -1.2870326 -1.3 -1.3 -1.3 -1.3 -1.3 -1.3 -1.3 -1.3 -1.35 -1.35 -1.35 -1.35 -1.35 -1.2401935 -0.84000011 -0.84 -0.84 -0.84 -0.84 -0.915 -0.915 -0.915 -0.915 -0.915 -1.77 -1.77 -1.77 -2.275 -2.275 -2.275 -1.335 -1.335 -1.335 
-0.935 -0.93499997 -0.93499965 -0.93499 -0.93444458 -0.83495354 -0.77987969 -0.77999956 -0.78 -0.78 -0.78 -0.78 -0.78 -0.77999977 -0.77215671 -0.66004383 -0.66 -0.66000002 -0.66331359 -1.2999456 -1.3 -1.3 -1.3 -1.3 -1.3 -1.3 -1.3 -1.3 -1.3499997 -1.35 -1.3499999 -1.2131868 -1.2 -1.2 -1.2 -0.84 -0.84 -0.84 -0.84 -0.915 -0.915 -0.915 -0.915 -0.915 -1.7699848 -1.77 -1.7700002 -2.275 -2.275 -2.2749995 -1.335 -1.335 -1.335 
