interpolatedSpi/02-04|19_3.tif
NCOLS 53
NROWS 52
XLLCORNER -116.03883
YLLCORNER 28.596182
DX 0.49850594
DY 0.49788537
NODATA_VALUE -9999
[rows 0 to 31 of 52, columns 0 to 52 of 53]
-0.10333333 -0.10333333 -0.40705128 0.053333333 -0.17 -0.18333333 -0.50666667 -0.6 -0.92736328 -0.9 -0.65666667 -0.72333333 -0.80661287 -0.15333333 -0.6 -0.6 -0.6 -0.03 -0.4 -0.4 -0.4 -0.4000122 -1.6666667 -0.87666667 -0.87666667 -0.87666667 -1.2699964 -1.27 -1.27 -1.7866667 -1.7866667 -1.7866667 -1.7866667 -2.5433332 -2.5433333 -2.5433333 -2.5433333 -2.5433333 -2.5433333 -2.5433333 -0.35688297 -0.33356952 -1.26 -1.26 -1.26 -1.26 -1.2614482 -2.1466667 -2.1466667 -2.1466667 -1.8800006 -1.88 -1.88
-0.10337939 -1.14 -0.4166664 -0.43591265 -0.41370802 -0.2 0.19666667 -0.31689633 -0.84 -0.91 -0.51666667 -0.80666667 -0.80666667 0.049321991 -0.15333482 -0.6 -0.03 -0.03 -0.39951757 -0.4 -0.4 -0.4 -0.88526406 -0.87666667 -0.87666667 -0.87666667 -0.35333337 -0.35333333 -1.7866667 -1.7866667 -1.7866667 -1.7866667 -1.7866667 -2.5433332 -2.5433333 -2.5433333 -2.5433333 -2.5433333 -2.5433331 -2.1288654 -0.14672856 -1.1249056 -1.26 -1.26 -1.26 -1.26 -1.26 -2.1466667 -2.1466667 -2.1466667 -2.1245544 -1.88 -1.88
-0.29666197 -0.29666667 -0.18666667 0.25666667 -0.74333333 -1.1133333 -0.68333333 -0.93 -1.3166667 -0.96333333 -0.31 -1.3066667 -0.61 0.29666667 0.05 -1.11 -0.03 -0.03 -0.03 -0.39666764 -0.39666667 -0.39666667 -1.04 -0.87666667 -0.87666667 -0.87666667 -0.35333333 -0.35333333 -0.35333333 -1.7866667 -1.7866667 -1.7866667 -1.712852 -2.5364785 -2.5150685 0.46550693 0.49333333 0.49333333 0.4128382 -0.14666666 -0.14666667 -0.14809034 -1.26 -1.26 -1.26 -1.26 -1.26 -2.1466667 -2.1466667 -2.1466667 -2.1466667 -1.88 -1.88
0.2 -0.29666681 -1.0134411 0.076666666 -0.95333333 -0.97 -0.92666667 -1.27 -1.1766667 -0.066564897 -1.0833333 -1.31 -1.3133333 0.29666667 -0.62333333 -1.11 -0.93137717 -0.92936941 -1.3133333 -0.39666667 -0.39666667 -1.07 -1.04 -1.04 -0.87666667 -0.87666405 -0.35333333 -0.35333333 -0.35333333 -1.17 -1.4242207 -1.6333333 -1.6333333 -1.6333317 0.49333333 0.49333333 0.49333333 0.49333333 -0.14666667 -0.14666667 -0.14666667 -0.14666671 -1.26 -1.26 -1.26 -1.26 -1.26 -2.1466555 -2.1466667 -2.1466667 -2.1466667 -1.8799384 -1.88
0.2 -0.91666684 -1.0133333 -1.3537076 -0.95333333 -1.6066667 -1.7599628 -1.6066667 -1.3133333 -1.4533332 -1.2841051 -1.1999293 -0.70666667 -0.62333333 -0.62333333 -0.94613309 -0.93 -0.93 -1.3133333 -1.3133333 -0.39666807 -1.07 -1.4966667 -1.5066667 -1.1866667 -1.1867483 -0.35333333 -0.35333333 -1.17 -1.17 -1.6333333 -1.6333333 -1.6333333 -1.6006472 0.49333333 0.49333333 0.49333333 -0.14666667 -0.14666667 -0.14666667 -0.14666667 -0.14661197 -1.26 -1.26 -1.26 -1.26 -1.26 -1.2678924 -2.1466667 -2.1465701 0.0066666667 0.0066666667 0.0066666667
-1.7533333 -0.99 0.079999992 -0.86666667 -0.81 -1.18 -1.21 -1.2607847 -1.46 -1.2133333 -1.1166667 -0.78333333 -0.78333328 -1.6766667 -1.6766667 -1.1498712 -1.15 -1.2266667 -1.2266667 -1.3133331 -1.6533333 -1.6533333 -1.5066667 -1.1866667 -1.1866667 -1.5366667 -1.59 -1.59 -0.81336589 -1.17 -1.6333333 -1.6333333 -1.46 -1.4599422 -0.90670624 -0.63666667 -0.63666667 -0.29825935 -0.14666667 -0.14666667 0.41929324 0.42 0.42000175 0.54096998 0.57313071 0.57333284 0.57333327 0.57333263 -0.99988006 0.0066666667 0.0066666667 0.0066666667 0.0066666667
-1.840001 -1.1133333 -1.047869 -0.45666667 0.076666667 -1.03 -1.1933333 -1.3433333 -1.13 -1.13 -1.1166667 -1.02 -1.5199998 -1.6766667 -0.61666984 -0.61666667 -1.15 -0.81 -1.0133333 -1.0133333 -1.6344827 -1.6133333 -1.6133333 -1.3233333 -1.5366667 -1.5366667 -1.59 -1.59 -0.81334052 -0.81346566 -0.57113133 -1.46 -1.46 -0.90666667 -0.90666667 -0.93077229 -0.63666667 -0.63666667 -0.83999295 0.41999825 0.42 0.42 0.42000934 0.57333248 0.57333333 0.57333333 0.57333333 0.57333231 -1.1333333 0.0064407498 0.0066666667 0.0066666667 0.0066666667
-1.84 -1.93 -1.1233333 -1.3333333 -1.0233511 -1.29 -0.82 -1.0966666 -0.84666667 -0.54333333 -0.54333333 -0.77333333 -1.52 -1.52 -0.62286437 -0.79274635 -0.81 -0.23 -1.0566666 -1.0133333 -0.057038148 0.023333333 -1.2333333 -1.1033333 -1.1033357 -1.29 -0.47 -0.4700004 -0.93623449 -0.93666666 -0.57 -0.42219025 -0.65666667 -0.90666667 -0.90352934 -1.1766667 -1.1766667 -0.84 -0.84 0.42 0.42 0.42000002 0.42027278 0.42000001 0.57333333 0.57333333 0.57333333 -1.1332684 -1.1333333 -1.1333333 0.0066666667 0.0066666667 0.0066666667
-1.7868817 -1.93 -1.78 -0.42666667 -1.05 -1.5766667 -1.1666667 -0.54666667 -0.72333333 -0.13057138 -0.3 -0.65333333 -0.65333333 -0.12 -0.1199973 -1.6110944 -1.6133333 -1.6133333 -0.35619195 -0.27000014 -0.92333333 -0.92333332 -0.78 -1.0546821 -1.2711889 -1.29 -0.93 -0.47 -0.77488463 -0.77666667 -0.35666667 -0.47333333 -0.54552418 -1.28 -0.79666667 -0.93333333 -0.66 -0.5 -0.22346109 0.42327343 1.1533333 0.46333334 0.41995388 0.42 0.42086304 0.57333333 -0.40333328 -1.1333333 -1.1333333 -1.1333333 -1.1333333 0.072240583 0.02
-0.98666667 -0.98666667 -1.7166667 -1.3433333 -0.77666667 -1.3333333 -0.64333333 -0.88333333 0.28333333 0.020032933 0.063333333 -0.36666667 -0.12 -0.12 0.16666667 0.14225316 -1.6133333 -1.6129457 0.083333333 -0.27 -0.27 -0.35417123 -0.78 -1.0899941 -1.09 -1.09 -0.93 0.12333333 0.12333333 -0.77666667 -0.77666667 -0.47360518 -0.61666667 -1.28 -0.62666667 -0.93333333 -0.66 -1.3933333 -0.22333333 1.2917079 0.46333336 0.3433358 0.13666667 0.42 0.42 -0.40333333 -0.40333333 -0.40333333 -1.1333333 -1.1333333 0.53333333 0.53333333 0.53333314
-0.98666667 -0.98666667 -1.8666667 -2.1933333 -1.3766667 -0.47666667 -0.55333333 -0.39359992 -0.74333333 -0.61333333 -0.06 -0.34666667 -0.36663968 0.16666667 0.16666667 0.16666436 0.14666667 0.14334264 0.083333333 0.27333333 0.27333333 0.46 0.46 -1.09 -1.09 -1.09 0.12333333 0.12333333 0.12333333 -1.3766667 -1.3766667 -1.3766654 -0.85666667 -0.85666667 -1.58 -0.77666667 0.33333333 -0.41333243 -0.58 1.3166667 1.3166667 0.16999989 0.13666667 0.42 0.57666615 -0.073333333 0.48615262 0.49 0.75666667 0.75666667 0.53333333 0.53333333 0.53333333
-0.98666667 -1.366797 -2.006067 -1.8466662 -0.72666667 -1.1533333 -0.55333333 -0.39333333 -0.74333041 -0.61477358 -0.34666701 -0.34666667 0.48333333 0.16666667 0.16666667 0.14666667 0.14666667 0.14666306 0.083333333 0.27333333 0.30999087 0.46 0.46 -1.0899371 -1.09 -0.67252616 0.18 0.18 0.17999999 -1.3766667 -1.3766667 -0.0033333333 -0.0033333333 -0.85666865 -1.58 0.68666616 0.23070713 -0.41333333 -0.41333333 1.3166666 0.17 0.17 0.17000294 0.57666667 0.57666667 -0.073333333 0.49 0.49 0.75666667 0.75666667 0.53333333 0.53333333 0.53333333
-0.52333333 -0.41804798 -0.29007041 -0.30126726 -0.72666902 -1.1533233 -0.55333335 -0.39530285 -0.71921475 -0.73993869 0.48333333 0.48333333 0.48333333 0.48333333 0.16671152 0.14666667 0.14666667 0.14584893 0.083333333 0.27353754 0.98333333 0.98333333 0.98333333 0.98333333 -1.0538593 0.18 0.18 0.18 0.18 0.17910764 -0.0033333333 -0.0033333333 -0.0033333333 -0.0033333333 0.68666666 0.68666667 0.68666667 -0.36017043 -0.39901324 1.4933333 1.4933333 0.17007118 0.93998756 0.57670166 0.57666667 -0.073333333 0.49 0.49 0.75666667 0.75666667 0.53414356 0.53333333 0.42913694
-0.52333333 -0.29 -0.29 -0.29 -0.29 -0.29000036 -0.55486915 -0.47767272 -0.65486861 0.48201563 0.48333333 0.48333333 0.48333333 0.48333333 0.48333372 0.14666667 0.14666666 0.14232243 0.083337131 0.98333333 0.98333333 0.98333333 0.98333333 0.98333333 0.97064833 0.23395131 0.23666665 0.23666667 0.23666667 0.23666667 -0.0033333234 -0.0033333333 -0.0033326636 0.55333333 0.55333333 0.68666667 1.0593402 1.07 1.4933331 1.4933333 1.4933333 1.4933333 0.94 0.94 0.94 0.93294812 0.83098249 0.83333333 0.83333333 0.83333333 0.83333333 1.1599999 1.16
0.59 -0.29 -0.29 -0.29 -0.29 -0.29 -0.29000002 -0.092508575 1.0178946 1.0266667 1.0266667 1.0266667 1.0266667 1.0266667 1.0266667 0.89919437 0.15856317 0.13799444 0.98322019 0.98333333 0.98333333 0.98333333 0.98333333 0.98333328 0.39666667 0.39666667 0.39666644 0.23666667 0.23666667 0.23756777 0.68666667 0.68666667 0.55333333 0.55333333 0.55333333 0.98723578 1.07 1.07 1.07 1.4933333 1.4933333 1.4933333 0.94 0.94 0.94 0.94 0.83333333 0.83333333 0.83333333 0.83333333 0.83333333 1.16 1.16
0.59 0.262386 -0.29 -0.29 -0.29 -0.29 0.96642003 0.96666667 0.96666667 1.0266667 1.0266667 1.0266667 1.0266667 1.0266667 0.99798776 0.89666667 0.89666667 0.89666667 0.93348552 0.93333338 0.93333333 0.93333333 0.93333333 0.93333333 0.39666667 0.39666667 0.39666667 0.39666667 0.23666667 0.68666667 0.68666667 0.68666667 0.55333335 0.55333333 0.55333333 1.4266667 1.0704722 1.07 1.07 1.4932628 1.3527231 1.0247381 0.94 0.94 0.78049377 0.78 0.78 0.83375435 1.0891031 1.09 1.09 1.8465625 1.1600014
0.59 0.53809964 0.12833139 -0.29 -0.29 0.96592417 0.96666667 0.96666667 0.96666667 0.96709904 1.0266667 1.0266667 1.0266667 1.0266667 0.89666667 0.89666667 0.89666667 0.89666667 0.93330058 0.93333333 0.93333333 0.93333333 0.93333333 0.93333333 0.39666668 0.39666667 0.39666667 0.39666667 0.3977215 0.68666667 0.68666667 0.68666667 1.2433333 0.55343882 1.4266667 1.4266667 1.4266667 1.4252111 1.0262963 1.0233333 1.0233333 1.0233333 1.06 1.06 0.78 0.78 0.78 1.09 1.09 1.09 1.09 1.8466667 1.8466667
0.53716803 0.53666667 0.53666667 0.53666667 0.67333333 0.9666591 0.96666667 0.96666667 0.96666667 0.96666667 1.0324709 1.0266677 1.0266667 0.89666667 0.89666667 0.89666667 0.89666667 0.89666667 0.81010915 0.93333333 0.93333333 0.93333333 0.93333333 0.93333333 0.85946654 1.1499959 1.15 1.15 1.15 0.6866667 1.2433333 1.2433333 1.2433333 1.2433333 1.4266667 1.4266632 1.2966667 1.2966667 1.0267463 1.0233333 1.0233333 1.0233333 1.06 1.06 0.82335364 0.78 0.78 1.09 1.09 1.09 1.0981134 1.8466667 1.8466667
0.53666667 0.53666667 0.53666667 0.60102504 0.67333333 0.67333333 0.96666667 0.96666667 0.96666667 0.96666667 1.1033333 1.1033333 1.1033333 0.89666667 0.89666667 0.89666667 0.89666667 0.89647607 -0.52 -0.52 0.93333274 0.93333333 0.92400078 0.55 0.55540154 1.15 1.15 1.15 1.15 1.2433238 1.2433333 1.2433333 1.2433333 1.2433333 1.2966671 1.2966667 1.2966667 1.2966667 1.295723 1.0233333 1.0233333 1.0233333 1.06 1.06 1.06 0.78 0.78 1.09 1.09 1.09 1.8466667 1.8466667 1.8466667
0.53666667 0.53666667 0.53666667 0.67333333 0.67333333 0.67333333 0.67333378 0.96666667 0.96666667 1.1031923 1.1033333 1.1033333 1.1033333 1.1032046 -0.036867182 -0.25666667 -0.25666667 -0.25666667 -0.52 -0.52 -0.52 0.55 0.55 0.55 0.55007377 0.97341015 1.15 1.15 1.15 1.0188813 0.97002688 0.97 0.97 0.97 1.4235734 1.6033326 1.6033333 1.6033333 1.6033333 2.036528 2.0366667 2.0366667 1.06 1.06 1.8833299 1.8833332 1.5366667 1.5366667 1.7866667 1.7866667 1.7866667 1.8466667 1.5602563
0.53667006 0.53666667 0.53666667 0.67333333 0.67333333 0.67333333 0.67333334 1.4366665 0.96854591 1.1032457 1.1033333 1.1033333 1.1033333 1.1006646 -0.25666667 -0.25666667 -0.25666667 -0.25666674 -0.52 -0.52 -0.52 0.55 0.55 0.55 0.81333333 0.81333333 0.87333333 0.87333333 0.87333333 0.87386068 0.97 0.97 0.97 0.97 1.2864928 1.6033333 1.6033333 1.6033333 1.6033333 2.0366667 2.0366667 2.0366667 2.0318422 1.8833333 1.8833333 1.8833333 1.5366667 1.5366667 1.7866667 1.7866667 1.7866667 1.56 1.56
1.63 1.1149613 0.99666667 0.99657286 0.67333333 1.43225 1.4366667 1.4366667 1.3710785 1.0066667 1.0066667 1.0066667 1.0066667 0.27002398 0.27 -0.25666626 -0.25666667 -0.26360511 -0.52 -0.52 -0.52 0.38333333 0.38333333 0.38333333 0.81333333 0.81333333 0.87333333 0.87333333 0.87333333 0.87333343 1.0033331 1.0033332 0.97083778 0.97003574 1.5793046 1.58 1.58 1.58 1.58 2.0366667 2.0366667 2.0366667 1.8917759 1.8833333 1.8833333 1.8833332 1.5366667 1.5366667 1.5366757 1.7866667 1.7866403 1.1966667 1.56
0.99345424 0.99333333 0.99666667 0.99666667 0.99666667 1.4366667 1.4366667 1.4366667 1.2566667 1.2566667 1.0066667 1.0066667 1.0066667 0.27 0.27 0.27 0.27 0.26991033 -0.52 -0.52 -0.51999997 0.38333333 0.38333333 0.38333333 0.81333333 0.81333333 0.87333333 0.87333333 0.87333333 1.0018676 1.0033333 1.0033333 1.0033333 1.0033333 1.5797154 1.58 1.58 1.58 1.58 1.3900002 1.39 1.39 1.39 1.8833278 1.1666667 1.1666667 1.1666667 1.26 1.26 1.26 1.1966667 1.1966667 1.1966667
0.99333333 0.99333333 0.99666667 0.99666667 0.99666667 1.4343539 1.4366667 1.2566667 1.2566667 1.2566667 1.0066974 1.0066667 0.9140592 0.27000014 0.27 0.27 0.27 0.51 0.51 0.51 0.10333334 0.10333354 0.38333197 0.38333333 0.38355485 0.55333333 0.55333333 0.5533341 0.87328162 1.2199568 1.2199988 1.2199622 1.0037036 1.0035203 1.4774341 1.5799998 1.5782909 1.07 1.07 1.39 1.39 1.39 1.39 1.1666667 1.1666667 1.1666667 1.1666667 1.26 1.26 1.26 1.1966667 1.1966667 1.1966667
0.99333333 0.99333333 0.99666667 0.99666667 0.99666667 0.99666667 1.3692979 1.2566667 1.2566667 1.2566667 1.256466 0.89333333 0.89333333 0.89333333 0.27367345 0.27 0.5084007 0.51 0.51 0.51 0.10333333 0.10333333 0.10333333 0.10333333 0.55333333 0.55333333 0.55333333 0.55333333 0.55333333 1.22 1.22 1.22 1.22 1.2200005 1.44 1.07 1.07 1.07 1.07 1.0699987 0.61 0.61 0.61 0.67400038 0.80666667 0.80666667 0.80666667 1.26 1.2600003 1.54 1.54 1.6932125 1.6933333
0.99333333 0.99333333 0.99546357 0.99666667 0.99666667 0.99666668 1.3831086 1.2570659 1.2566667 1.2566667 0.89333343 0.89333333 0.89333333 0.89333333 0.89333333 0.84218368 0.51 0.51 0.51 0.51 0.10333648 0.10333333 0.10333333 0.10333333 0.55333333 0.55333333 0.55333333 0.55333333 0.55333333 0.67317225 1.22 1.22 1.22 1.44 1.44 1.4397127 1.07 1.07 1.0981389 1.12 0.61 0.61 0.61 0.67465824 0.80666667 0.80666667 0.80666667 1.4633333 1.5390447 1.54 1.54 1.6933333 1.6933333
1.72 1.72 1.72 1.1780262 0.99737016 1.3833333 1.3833333 1.3833333 1.3833333 1.3433333 1.3433333 0.89333337 0.89333333 0.89333333 0.89333333 0.89330907 0.51 0.51 0.51 0.51 0.28078947 0.10333333 0.10333333 0.12165263 0.79220111 0.55333333 0.55333333 0.55333333 0.48 0.48 0.48 0.48000311 1.44 1.44 1.44 1.44 1.12 1.12 1.12 1.12 0.87666667 0.87666667 0.87666667 1.2233264 1.2233333 1.2233333 1.2233332 1.4633333 1.4633333 1.5399066 1.54 1.6933297 1.6933333
1.72 1.72 1.72 1.7199869 1.4766667 1.4630945 1.3833333 1.3833333 1.3833333 1.3433333 1.3433333 1.3433333 1.7933333 1.7933333 1.7933333 1.7933333 0.51205164 0.51 0.51 0.51 0.5038717 0.80333141 0.80333333 0.80333333 0.80333333 0.80333331 -0.046666662 -0.046666667 0.48 0.48 0.48 0.48 1.4399998 1.44 1.44 1.4399742 1.12 1.12 1.12 1.1197222 0.87666667 0.87666667 0.87666667 1.2233173 1.2233333 1.2233333 1.2233333 1.4633333 1.4633333 1.4633333 0.97333333 0.97333333 1.4033333
1.72 1.72 1.72 1.4766672 1.4766667 1.4766667 1.3833334 1.3833333 1.3833333 1.3433333 1.3433333 1.3433333 1.7933333 1.7933333 1.7933333 1.7808939 1.63 1.63 1.6299971 0.51632605 0.80333333 0.80333333 0.80333333 0.80333333 0.80333333 0.80269366 -0.046666667 -0.046666667 -0.046666666 0.48 0.48 0.47999785 1.1233333 1.1233333 1.1233333 0.70666667 0.70666667 1.0566667 1.0566667 1.0566667 0.97 0.87669594 0.87666888 1.1733333 1.1733333 1.1752283 1.2233336 1.4633333 1.4633333 0.97333333 0.97333333 0.97333333 1.4033333
1.72 1.72 1.72 1.4766667 1.4766667 1.4766667 1.4766667 1.3833333 1.3833333 1.3433333 1.3433333 1.7753398 1.7933333 1.7933333 1.7933333 1.63 1.63 1.63 1.63 1.63 0.80333333 0.80333333 0.80333333 0.80333333 0.80333333 -0.046663767 -0.046666667 -0.046666667 -0.046666667 0.47666667 0.47666667 0.47666667 1.1233333 1.1233333 1.1233333 0.70666667 0.70666667 1.0566667 1.0566667 0.97 0.97 0.97 1.1733333 1.1733333 1.1733333 1.1733333 1.1741548 1.1833333 1.1833333 1.1833333 0.97333334 1.2966667 1.2966667
1.72 1.72 1.7196611 1.4766667 1.4766667 1.4766667 1.4766667 1.6194684 1.6266667 1.6261802 1.3433334 1.7933445 1.7933333 1.7933333 1.7933328 1.63 1.63 1.63 1.63 1.63 1.7719656 0.80333333 0.80333333 0.80333333 0.80332647 -0.046620718 -0.046666667 -0.046666667 -0.046666667 0.47666667 0.47666667 0.47666667 0.47676247 1.1233333 0.70666667 0.70666667 0.70666667 0.70668088 1.0566608 0.97 0.97 0.97 1.173321 1.1733333 1.1733333 1.1733333 1.1833298 1.1833333 1.1833333 1.1833333 1.2966667 1.2966667 1.2966667
1.2233333 1.2233342 1.4767857 1.4766667 1.4766667 1.4766667 1.6266347 1.6266667 1.6266667 1.6266667 1.9266667 1.9266667 1.9266667 1.9266667 1.6313692 1.63 1.63 1.63 1.63 1.8133332 1.8133333 1.8133333 0.77000001 0.77 0.77 0.77 0.69951116 -0.046666667 0.77663295 0.77666667 0.77666667 0.77666667 0.77666667 0.45333334 0.45333333 0.45333333 0.45333333 0.45333333 0.77333333 0.77333333 0.77333333 0.77333333 0.77333333 0.82718924 0.82666667 0.82666667 0.82666667 1.1833333 1.1833333 1.1833333 1.2966488 1.2966667 1.2966667
