interpolatedSpi/02-02|19_3.tif
NCOLS 53
NROWS 52
XLLCORNER -116.03883
YLLCORNER 28.596182
DX 0.49850594
DY 0.49788537
NODATA_VALUE -9999
0.565 0.565 0.34911539 0.81 0.345 0.6 0.495 0.31 0.037797877 -0.39 -0.35 -0.35 -0.39493495 0.395 -0.155 -0.155 -0.155 0.425 0.515 0.515 0.515 0.51498887 -0.64 -0.325 -0.325 -0.325 -0.7149975 -0.715 -0.715 -1.24 -1.24 -1.24 -1.24 -2.2699998 -2.27 -2.27 -2.27 -2.27 -2.27 -2.27 -1.305389 -1.2952444 -2.255 -2.255 -2.255 -2.255 -2.2558167 -2.755 -2.755 -2.755 -1.8650018 -1.865 -1.865 
0.56493713 -0.85 0.28999976 0.27235785 0.51477133 0.775 0.825 0.34994259 0.26 0.01 -0.055 -0.395 -0.395 0.92323273 0.39500154 -0.155 0.425 0.425 0.51488265 0.515 0.515 0.515 -0.33368512 -0.325 -0.325 -0.325 0.37999995 0.38 -1.24 -1.24 -1.24 -1.24 -1.24 -2.2699999 -2.27 -2.27 -2.27 -2.27 -2.2699998 -1.9852635 -0.66001731 -2.0614589 -2.255 -2.255 -2.255 -2.255 -2.255 -2.755 -2.755 -2.755 -2.6812003 -1.865 -1.865 
0.12999776 0.13 0.085 0.455 -0.13 -0.355 -0.195 -0.425 -0.85 -0.38 0.595 -0.7 -0.075 0.81 0.925 -1.3 0.425 0.425 0.425 0.47501163 0.475 0.475 -0.49 -0.325 -0.325 -0.325 0.38 0.38 0.38 -1.24 -1.24 -1.24 -1.040219 -2.2639039 -2.2473819 0.13773277 0.16 0.16 0.056865611 -0.65999999 -0.66 -0.6620396 -2.255 -2.255 -2.255 -2.255 -2.255 -2.755 -2.755 -2.755 -2.755 -1.865 -1.865 
-0.445 0.1299998 -0.8400697 0.55 -0.375 -0.435 -0.45 -0.67 -0.75 -0.0024883044 -0.845 -1.05 -1.16 0.81 -0.63 -1.3 -0.49123552 -0.4843624 -1.105 0.475 0.475 -0.905 -0.49 -0.49 -0.325 -0.32499648 0.38 0.38 0.38 -0.83 -0.82725661 -0.825 -0.825 -0.82499924 0.16 0.16 0.16 0.16 -0.66 -0.66 -0.66 -0.66000006 -2.255 -2.255 -2.255 -2.255 -2.255 -2.7549937 -2.755 -2.755 -2.755 -1.8649726 -1.865 
-0.445 -1.1549994 -0.84 -0.89804351 -0.375 -1 -1.1099564 -0.88 -0.76 -1.0399998 -0.74294431 -0.59990618 0.055 -0.63 -0.63 -1.0654911 -0.485 -0.485 -1.105 -1.105 0.47499716 -0.905 -1.715 -1.31 -1.105 -1.1051025 0.38 0.38 -0.83 -0.83 -0.825 -0.825 -0.825 -0.9419152 0.16 0.16 0.16 -0.66 -0.66 -0.66 -0.66 -0.65989333 -2.255 -2.255 -2.255 -2.255 -2.255 -2.2594506 -2.755 -2.7549224 -1.025 -1.025 -1.025 
-1.92 -1.265 -1.055 -0.48 -0.81 -0.35 -1.26 -1.2113491 -0.855 -0.79 -0.6 -0.285 -0.28499978 -0.875 -0.875 -0.56487687 -0.565 -0.725 -0.725 -1.1049997 -1.75 -1.75 -1.31 -1.105 -1.105 -1.545 -2.005 -2.005 -0.35004434 -0.83 -0.825 -0.825 -1.445 -1.4449096 -0.58006192 -0.365 -0.365 -0.56873502 -0.66 -0.66 0.44362183 0.445 0.44500086 -0.3197759 -0.28521773 -0.28500053 -0.28500007 -0.28500076 -2.1643322 -1.025 -1.025 -1.025 -1.025 
-2.2849901 -2.15 -1.6730956 -0.21 0.475 -0.96 -0.72 -0.725 -1.2 -1.2 -0.6 -0.64 -0.98999991 -0.875 -0.055002457 -0.055 -0.565 -0.29 -0.785 -0.785 -1.7735632 -1.8 -1.8 -1.285 -1.545 -1.545 -2.005 -2.005 -0.35003293 -0.3506062 -0.15235888 -1.445 -1.445 -0.58 -0.58 -0.73263203 -0.365 -0.365 -0.76498614 0.44499832 0.445 0.445 0.44500244 -0.28500262 -0.285 -0.285 -0.285 -0.28500123 -2.34 -1.0252606 -1.025 -1.025 -1.025 
-2.285 -2.03 -1.245 -1.43 -1.3300057 -0.75 -0.775 -0.97999999 -1.135 -0.275 -0.275 -0.65 -0.99 -0.99 -0.061414967 -0.61511554 -0.67 0.155 -0.99499978 -0.785 -0.0076376603 0.045 -1.58 -1.165 -1.1650057 -1.605 -0.43 -0.43000056 -0.91302016 -0.91499998 -0.15 -0.19615775 -0.415 -0.58 -0.56916195 -1.04 -1.04 -0.765 -0.765 0.445 0.445 0.44500001 -0.74936168 -0.75499998 -0.285 -0.285 -0.285 -2.3399218 -2.34 -2.34 -1.025 -1.025 -1.025 
-1.9192477 -2.03 -1.865 -1.4 -0.985 -1.15 -1.195 -0.78 -1.44 -0.35149766 -0.46 -0.92499999 -0.925 0.175 0.17500729 -1.1037876 -1.105 -1.105 -0.02054928 -0.33500005 -0.575 -0.57499999 -0.91 -1.315964 -1.5606596 -1.605 -1.19 -0.43 -0.22122031 -0.22 -0.135 0.205 -0.1274128 -0.955 -0.2 -0.32 -0.3 -0.21 -0.075062338 0.44674087 0.835 -0.0099999976 -0.75492591 -0.755 -0.75235459 -0.285 -1.3199999 -2.34 -2.34 -2.34 -2.34 -0.89426719 -1.185 
-1.3 -1.3 -1.52 -1.75 -0.625 -0.66 -0.27 -0.52 0.19 -0.07495554 -0.26 0.34 0.175 0.175 0.95 0.92181475 -1.105 -1.1047109 0.15 -0.335 -0.335 -0.36592004 -0.91 -1.069997 -1.07 -1.07 -1.19 0.3 0.3 -0.22 -0.22 0.20374823 -0.455 -0.955 -0.38 -0.32 -0.3 -1.445 -0.075 0.27916545 -0.0099999626 -0.11652842 -0.3 -0.755 -0.755 -1.32 -1.32 -1.32 -2.34 -2.34 0.025 0.025 0.024999546 
-1.3 -1.3 -1.245 -1.52 -1.76 -0.1 -0.054999999 -0.025181763 -0.3 -0.075 -0.25 -0.23 0.33924092 0.95 0.95 0.94992502 0.3 0.2921273 0.15 0.595 0.595 0.205 0.205 -1.07 -1.07 -1.07 0.3 0.3 0.3 -1.175 -1.175 -1.1749988 -0.675 -0.675 -1.475 -0.57 0.59 -0.75499672 -0.575 0.285 0.285 -0.38499972 -0.3 -0.755 0.0099992031 -0.865 0.083927458 0.089999996 0.215 0.215 0.025 0.025 0.025 
-1.3 -1.2763329 -1.3623523 -1.389993 -0.83 -1.24 -0.055 -0.025 -0.2999977 -0.077492727 -0.2299998 -0.23 0.195 0.95 0.95 0.30000002 0.3 0.29999146 0.15 0.595 0.51841193 0.205 0.205 -1.0699476 -1.07 -0.49802796 0.67 0.67 0.66999995 -1.175 -1.175 0.415 0.415 -0.67500219 -1.475 0.31999981 0.43606009 -0.755 -0.755 0.28499998 -0.385 -0.385 -0.38499713 0.01 0.01 -0.865 0.09 0.09 0.215 0.215 0.025 0.025 0.025 
-0.6 -0.58048169 -0.52003689 -0.5262975 -0.83000239 -1.2399903 -0.055000033 -0.025369289 -0.28104969 -0.29412465 0.195 0.195 0.195 0.195 0.94989305 0.3 0.3 0.29806326 0.15 0.5952127 1.34 1.34 1.34 1.34 -1.0277677 0.67 0.67 0.67 0.67 0.66903165 0.415 0.415 0.415 0.415 0.32 0.32 0.32 -0.70271781 -0.74365908 0.755 0.755 -0.38493868 0.22499264 0.010020708 0.01 -0.865 0.09 0.09 0.215 0.215 0.0256893 0.025 0.37900628 
-0.6 -0.52 -0.52 -0.52 -0.52 -0.5200003 -0.058033303 -0.040840837 -0.23049198 0.19447256 0.195 0.195 0.195 0.195 0.19500009 0.30000001 0.29999998 0.28971102 0.15000594 1.34 1.34 1.34 1.34 1.34 1.3361064 0.94574065 1.0599999 1.06 1.06 1.06 0.41500001 0.415 0.41500032 0.685 0.685 0.32 0.49985547 0.505 0.75499986 0.755 0.755 0.755 0.225 0.225 0.225 0.21741459 0.67596291 0.68 0.68 0.68 0.67999999 0.084999988 0.085 
0.064999999 -0.52 -0.52 -0.52 -0.52 -0.52 -0.51999998 -0.014864635 0.29723785 0.3 0.3 0.3 0.3 0.3 0.3 0.53023866 0.303716 0.27946013 1.3398504 1.34 1.34 1.34 1.34 1.34 1.16 1.16 1.1599999 1.06 1.06 1.05997 1.045 1.045 0.685 0.685 0.685 0.53383427 0.505 0.505 0.505 0.755 0.755 0.755 0.225 0.225 0.225 0.225 0.67999999 0.68 0.68 0.68 0.68 0.085 0.085 
0.065 -0.15278885 -0.52 -0.52 -0.52 -0.52 0.069884203 0.07 0.070000006 0.3 0.3 0.3 0.3 0.3 0.35184264 0.535 0.535 0.535 1.3798769 1.38 1.38 1.38 1.38 1.38 1.16 1.16 1.16 1.16 1.06 1.045 1.045 1.045 0.68500003 0.685 0.685 1.015 0.50567526 0.505 0.505 0.75497144 0.69815757 0.56556787 0.225 0.225 0.35459881 0.355 0.355 0.67992446 0.63515725 0.635 0.63500001 0.93487127 0.085001728 
0.065000001 -0.21721101 -0.37071642 -0.52 -0.52 0.0696514 0.07 0.07 0.07 0.071657446 0.3 0.3 0.3 0.30000003 0.535 0.535 0.535 0.535 1.3792452 1.38 1.38 1.38 1.38 1.38 1.16 1.16 1.16 1.16 1.1595817 1.045 1.045 1.045 1.075 0.68504298 1.015 1.015 1.015 1.0177651 0.56122408 0.565 0.565 0.565 0.35 0.35 0.355 0.355 0.355 0.635 0.635 0.635 0.635 0.935 0.935 
-0.22451046 -0.225 -0.225 -0.225 -0.3 0.069990456 0.07 0.07 0.07 0.07 0.29659304 0.29999941 0.3 0.535 0.535 0.535 0.535 0.535 0.58388316 1.38 1.38 1.38 1.38 1.38 1.3004277 1.339999 1.34 1.34 1.34 1.045 1.075 1.075 1.075 1.075 1.015 1.0150067 1.27 1.27 0.57380298 0.565 0.565 0.565 0.35 0.35 0.35422583 0.355 0.355 0.635 0.635 0.635 0.63821678 0.935 0.935 
-0.225 -0.225 -0.225 -0.26031862 -0.3 -0.3 0.07 0.07 0.07 0.07 0.255 0.255 0.255 0.535 0.535 0.535 0.535 0.53490167 0.26 0.26 1.3799995 1.38 1.3751308 1.18 1.1814404 1.34 1.34 1.34 1.34 1.075027 1.075 1.075 1.075 1.075 1.2699991 1.27 1.27 1.27 1.2675043 0.565 0.565 0.565 0.35 0.35 0.35 0.355 0.355 0.63500001 0.635 0.635 0.935 0.935 0.935 
-0.225 -0.225 -0.225 -0.3 -0.3 -0.3 -0.29999943 0.07 0.07 0.25480903 0.255 0.255 0.255 0.25517444 0.053393665 -0.06 -0.06 -0.059999998 0.26 0.26 0.26 1.18 1.18 1.18 1.1800238 1.3006607 1.34 1.34 1.34 0.93471845 0.8950177 0.895 0.895 0.895 1.1532419 0.99000064 0.99 0.99 0.99 1.2599049 1.26 1.26 0.35 0.35 1.2299963 1.2300001 1.415 1.415 1.275 1.275 1.275 0.935 1.2896826 
-0.22499831 -0.225 -0.225 -0.3 -0.3 -0.3 -0.29999999 0.43999989 0.071479405 0.25479144 0.255 0.255 0.255 0.25438188 -0.06 -0.06 -0.06 -0.059999908 0.26 0.26 0.26 1.18 1.18 1.18 1.265 1.265 1.055 1.055 1.055 1.0541271 0.895 0.895 0.895 0.895 0.94247391 0.99 0.99 0.99 0.99 1.26 1.26 1.26 1.2590561 1.23 1.23 1.23 1.415 1.415 1.275 1.275 1.275 1.29 1.29 
0.32 0.066793556 0.125 0.1248767 -0.3 0.43571838 0.44 0.44 0.36165859 0.025000005 0.025 0.025 0.025 -0.12499512 -0.125 -0.06000005 -0.06 -0.05156847 0.26 0.26 0.26 0.98 0.98 0.98 1.265 1.265 1.055 1.055 1.055 1.0550001 1.1749982 1.1749992 0.90203738 0.89530018 0.93495587 0.935 0.935 0.935 0.935 1.26 1.26 1.26 1.2316517 1.23 1.23 1.23 1.415 1.415 1.414995 1.275 1.2750038 1.36 1.29 
0.075046526 0.075000009 0.125 0.125 0.125 0.44 0.44 0.44 0.225 0.225 0.025 0.025 0.025 -0.125 -0.125 -0.125 -0.125 -0.12495703 0.26 0.26 0.26000003 0.98 0.98 0.98 1.265 1.265 1.055 1.055 1.055 1.173647 1.175 1.175 1.175 1.175 0.93511843 0.935 0.935 0.935 0.935 0.96500008 0.965 0.965 0.965 1.2299994 1.155 1.155 1.155 1.54 1.54 1.54 1.36 1.36 1.36 
0.075 0.075 0.125 0.125 0.125 0.4383443 0.44 0.225 0.225 0.225 0.02502462 0.025 0.041342494 -0.12499996 -0.125 -0.125 -0.125 -0.225 -0.225 -0.225 -0.28999997 -0.28999906 0.97999381 0.98 0.97941306 -0.145 -0.145 -0.14499714 1.0548061 1.3349681 1.3349991 1.3349721 1.1752735 1.1751381 0.97785017 0.93500012 0.93607239 1.255 1.255 0.965 0.965 0.965 0.965 1.155 1.155 1.155 1.155 1.54 1.54 1.54 1.36 1.36 1.36 
0.075 0.075 0.125 0.125 0.125 0.125 0.35953178 0.225 0.225 0.225 0.22490057 0.045 0.045 0.045 -0.12399815 -0.125 -0.22433362 -0.225 -0.225 -0.225 -0.29 -0.29 -0.29 -0.29 -0.145 -0.145 -0.145 -0.145 -0.145 1.335 1.335 1.335 1.335 1.3350008 1.695 1.255 1.255 1.255 1.255 1.2549983 0.775 0.775 0.775 0.93445219 1.265 1.265 1.265 1.54 1.54 1.495 1.495 1.4549769 1.455 
0.075 0.075 0.10695351 0.125 0.125 0.12500001 0.50450313 0.22588241 0.225 0.225 0.045000078 0.045 0.045 0.045 0.045 0.031025483 -0.225 -0.225 -0.225 -0.225 -0.2899995 -0.29 -0.29 -0.29 -0.145 -0.145 -0.145 -0.145 -0.145 0.93596353 1.335 1.335 1.335 1.695 1.695 1.6946583 1.255 1.255 1.5392032 1.76 0.775 0.775 0.775 0.93306107 1.265 1.265 1.265 1.495 1.495 1.495 1.495 1.455 1.455 
0.485 0.485 0.485 0.2152619 0.12526185 0.505 0.505 0.505 0.505 0.415 0.415 0.045000026 0.045 0.045 0.045 0.044982913 -0.225 -0.225 -0.225 -0.225 -0.26163611 -0.29 -0.29 -0.28829892 -0.22143769 -0.145 -0.145 -0.145 0.795 0.795 0.795 0.79500227 1.695 1.695 1.695 1.695 1.76 1.76 1.76 1.76 1.105 1.105 1.105 1.4449932 1.445 1.445 1.4449999 1.495 1.495 1.495 1.495 1.4549966 1.455 
0.485 0.485 0.485 0.48499004 0.3 0.32981037 0.505 0.505 0.505 0.415 0.415 0.415 0.66499997 0.665 0.665 0.66499998 -0.22421232 -0.225 -0.225 -0.225 -0.22598208 -0.22500018 -0.225 -0.225 -0.225 -0.22500001 -0.535 -0.535 0.795 0.795 0.795 0.795 1.695 1.695 1.695 1.6950037 1.76 1.76 1.76 1.7599561 1.105 1.105 1.105 1.4449842 1.445 1.445 1.445 1.495 1.495 1.4949999 0.79 0.79 1.165 
0.485 0.485 0.485 0.30000043 0.3 0.3 0.50499992 0.505 0.505 0.415 0.415 0.415 0.665 0.665 0.665 0.62996661 0.205 0.205 0.20499889 -0.22257125 -0.225 -0.225 -0.225 -0.225 -0.225 -0.22523329 -0.535 -0.535 -0.535 0.795 0.795 0.79530574 1.74 1.74 1.74 1.67 1.67 1.75 1.75 1.75 1.225 1.1050376 1.1050007 1.205 1.205 1.2140957 1.4449995 1.495 1.495 0.79 0.79 0.79 1.165 
0.485 0.485 0.485 0.3 0.3 0.3 0.3 0.505 0.505 0.415 0.415 0.65500361 0.665 0.665 0.665 0.205 0.205 0.205 0.205 0.205 -0.225 -0.225 -0.225 -0.225 -0.225 -0.53499894 -0.535 -0.535 -0.535 1.27 1.27 1.27 1.74 1.74 1.74 1.67 1.67 1.75 1.75 1.225 1.225 1.225 1.205 1.205 1.205 1.205 1.1967853 1.105 1.105 1.105 0.79 0.96 0.96 
0.485 0.485 0.48474238 0.3 0.3 0.3 0.3 0.32380029 0.325 0.32515452 0.415 0.66498199 0.665 0.665 0.66499841 0.205 0.205 0.205 0.205 0.205 0.26411221 -0.225 -0.225 -0.225 -0.22485891 -0.53494402 -0.535 -0.535 -0.535 1.27 1.27 1.27 1.270068 1.74 1.67 1.67 1.67 1.670003 1.7499642 1.225 1.225 1.225 1.2050012 1.205 1.205 1.205 1.1049979 1.105 1.105 1.105 0.96 0.96 0.96 
0.285 0.28500035 0.30009677 0.3 0.3 0.3 0.32499468 0.325 0.325 0.325 0.45 0.45 0.45 0.45 0.2061308 0.205 0.205 0.205 0.205 0.28499995 0.285 0.285 0.45999989 0.46 0.46 0.46 0.3741187 -0.535 1.2949251 1.295 1.295 1.295 1.295 1.225 1.225 1.225 1.225 1.225 1.115 1.115 1.115 1.115 1.115 0.8954673 0.895 0.895 0.895 1.105 1.105 1.105 0.96002284 0.96 0.96 
0.285 0.285 0.29048398 0.93999871 0.93999986 0.93940003 0.325 0.325 0.325 0.325 0.45 0.45 0.45 0.45 0.45 0.205 0.205 0.205 0.28499998 0.285 0.285 0.285 0.46 0.46 0.46 0.46 0.46 0.4597903 1.2949479 1.295 1.295 1.295 1.2949791 0.94721821 1.2247124 1.225 1.225 1.225 1.115 1.115 1.115 1.115 1.115 0.895 0.895 0.895 0.895 0.9932001 1.105 1.4313182 1.435 1.65 1.65 
0.285 0.285 0.93991703 0.94 0.94 0.94 0.78379259 0.325 0.325 0.325 0.45 0.45 0.45 0.45 0.45 0.2051891 0.205 0.28497654 0.285 0.285 0.285 0.285 0.39517012 0.46 0.46 0.46 0.46 0.46049551 1.16 1.16 1.16 1.16 1.16 0.735 0.735 0.735 0.735 0.735 0.675 0.675 0.675 0.675 0.675 0.89594004 0.8950002 0.895 0.89506526 0.90293033 1.435 1.435 1.435 1.6499988 1.65 
0.285001 0.81937469 0.93999998 0.94 0.94 0.94 0.94 0.32526186 0.325 0.325 0.45 0.45 0.45 0.45 0.51355626 0.515 0.515 0.28500592 0.285 0.285 0.285 0.285 0.28500005 0.46 0.46 0.46 0.46 0.49500062 0.49500031 0.63652816 1.16 1.16 1.16 0.735 0.735 0.735 0.735 0.73489841 0.675 0.675 0.675 0.675 0.67503524 1.28 1.28 1.28 1.28 1.2800125 1.435 1.435 1.435 1.4349999 1.2903755 
0.83 0.83 0.84958742 0.94 0.94 0.94 0.94 0.94 0.32526217 0.3 0.3 0.3 0.30035598 0.51499991 0.515 0.515 0.515 0.515 0.28500162 0.29884729 0.42 0.42 0.42 0.42738835 0.40837654 0.13214918 -0.10054394 0.495 0.495 0.495 0.495 0.495 0.51670115 0.58180134 0.585 0.585 0.585 0.585 0.7614126 1.1349992 1.135 1.135 1.135 1.3049999 1.28 1.28 1.28 1.78 1.4350055 1.435 1.435 1.285 1.285 
0.83 0.83 0.825 0.825 0.825 0.93996169 0.94 0.94 0.3 0.3 0.3 0.3 0.3 0.51499999 0.515 0.515 0.515 0.515 0.42 0.42 0.42 0.42 0.42 -0.18499997 -0.185 -0.185 -0.185 0.495 0.495 0.495 0.495 0.495 0.3 0.3 0.585 0.585 0.585 1.0799157 1.08 1.135 1.135 1.135 1.135 1.305 1.305 1.305 1.78 1.78 1.78 1.755 1.755 1.285 1.285 
0.83 0.83 0.825 0.825 0.825 0.825 0.82499758 0.385 0.30008003 0.3 0.3 0.3 0.3 0.51231807 0.515 0.515 0.515 0.515 0.42 0.42 0.42 0.42 0.42 -0.185 -0.185 -0.185 -0.185 -0.18499725 0.495 0.495 0.495 0.30001022 0.3 0.3 0.3 0.585 1.08 1.08 1.08 1.0814472 1.1560752 1.16 1.16 1.305 1.305 1.305 1.78 1.78 1.78 1.755 1.755 1.755 1.3348144 
0.805 0.8050002 0.825 0.825 0.825 0.825 0.385 0.385 0.385 0.3 0.3 0.3 0.3 0.30006684 0.515 0.515 0.515 0.515 0.42000165 0.42 0.42 0.42 -0.078418783 -0.185 -0.185 -0.185 -0.185 -0.20999998 -0.21 -0.20999999 0.48742617 0.3 0.3 0.3 0.30000025 0.56 1.08 1.08 1.08 1.08 1.16 1.16 1.16 1.35 1.35 1.35 1.6600117 1.78 1.78 1.755 1.755 1.755 1.3400004 
0.805 0.805 0.825 0.825 0.825 0.385 0.385 0.385 0.385 0.30931038 0.3 0.3 0.3 0.2999988 -0.12992577 -0.13 -0.13 -0.13 0.19557063 0.36 0.36 0.36 0.36 -0.185 -0.185 -0.185 -0.18500165 -0.21 -0.21 -0.21 -0.21 0.29998103 0.44624248 0.56 0.56 0.56 1.0805955 1.2399967 1.24 1.24 1.1599843 1.14 1.14 1.35 1.35 1.3500013 1.66 1.66 1.43 1.43 1.43 1.705 1.49 
0.805 0.805 0.715 0.715 0.715 0.385 0.385 0.385 0.385 0.065 0.065 0.065 0.065 0.051257893 -0.13 -0.13 -0.13 -0.13 0.19 0.36 0.36 0.36 0.36 -0.185 -0.185 -0.185 -0.21 -0.21 -0.21 -0.21 -0.060648803 0.085 0.50348151 0.56 0.56 0.56 1.24 1.24 1.24 1.24 1.14 1.14 1.14 1.6648344 1.665 1.6600225 1.66 1.66 1.4300009 1.43 1.705 1.705 1.49 
0.805 0.715 0.715 0.715 0.715 0.715 0.38371912 0.22 0.22 0.065 0.065 0.065 0.065 0.064953819 -0.13 -0.13 -0.13 -0.11554138 0.19 0.19 0.36 0.36 -0.185 -0.185 -0.185 -0.185 -0.21 -0.21 -0.21 -0.21 0.085 0.085 0.085 0.55951934 0.56 0.56 1.24 1.24 1.24 1.24 1.14 1.14 1.14 1.665 1.665 1.6650099 1.84 1.84 1.61 1.61 1.705 1.705 1.49 
0.71584521 0.715 0.715 0.715 0.715 0.715 0.22 0.22 0.22 0.13703752 0.065 0.065 0.065 0.065004974 -0.13 -0.13 -0.13 0.19 0.19 0.19 0.35999151 0.35999667 -0.185 -0.185 -0.185 -0.185 -0.20999822 -0.21 -0.21 0.084932158 0.085 0.085 0.085 0.085 0.55905886 0.7 0.7 0.70934564 1.24 1.24 1.1400001 1.14 1.6497355 1.665 1.665 1.8399999 1.84 1.84 1.61 1.61 1.155 1.155 1.105 
0.715 0.715 0.715 0.715 0.715 0.715 0.22 0.22 0.22 0.22 0.37499107 0.375 0.375 0.375 -0.12999933 -0.094744456 -0.075 -0.075 0.18951147 0.19 0.19000003 -0.18499921 -0.185 -0.185 -0.185 -0.185 -0.18501818 -0.21 -0.20998992 0.085 0.085 0.085 0.085 0.085 0.7 0.7 0.7 0.7 0.7 0.70000436 1.74 1.74 1.74 1.785 1.785 1.785 1.86 1.86 1.53 1.53 1.155 1.1549999 1.105 
0.715 0.715 0.715 0.715 0.715 0.715 0.22 0.22 0.22 0.375 0.375 0.375 0.375 0.375 0.25638108 -0.075 -0.075 -0.075 -0.075 -0.075 -0.062347122 -0.185 -0.185 -0.185 -0.185 -0.18248792 -0.10512536 -0.19570199 0.083545214 0.085 0.085 0.085 0.085 0.085001347 0.7 0.7 0.7 0.7 0.7 1.1838056 1.74 1.74 1.74 1.785 1.785 1.785 1.86 1.86 1.53 1.53 0.79500001 1.0878991 1.105 
0.715 0.715 0.715 0.715 0.715 0.71499985 0.22000011 0.22 0.22643336 0.375 0.375 0.375 0.375 0.375 0.35341523 -0.075 -0.075 -0.075 -0.075 -0.075 -0.075 -0.1171364 -0.10500011 -0.105 -0.105 -0.105 -0.105 -0.105 0.33857046 0.34499692 0.34499999 0.345 0.345 0.34500026 0.7 0.7 0.7 0.7 0.7 1.7399999 1.74 1.74 1.74 1.74 1.7842705 1.33 1.8599999 0.89695391 1.5294305 0.795 0.795 0.80258713 1.16 
0.715 0.715 0.715 0.715 0.715 0.71496838 0.2200267 0.22000938 0.3749998 0.375 0.375 0.375 0.375 0.375 0.36643746 -0.075 -0.075 -0.075 -0.075 -0.075 -0.075 -0.105 -0.105 -0.105 -0.105 -0.105 -0.105 -0.105 0.34487578 0.345 0.345 0.345 0.345 0.345 0.44226997 0.7 0.7 0.7 0.7 1.74 1.74 1.74 1.74 1.739895 1.33 1.33 1.3271796 0.88 0.88 0.795 0.795 1.16 1.16 
0.715 0.715 0.715 0.715 0.715 0.71433985 0.22059195 0.35750926 0.375 0.375 0.375 0.375 0.375 0.375 0.36712198 -0.075 -0.075 -0.075 -0.075 -0.075 -0.079271455 -0.105 -0.105 -0.105 -0.105 -0.105 -0.105 -0.105 0.3449982 0.345 0.345 0.345 0.345 0.345 0.345 0.71387212 0.73546128 0.74726059 0.74906881 1.7036826 1.74 1.74 1.74 1.3300327 1.33 1.3267766 0.79000043 0.88 0.88 0.62495638 0.625 0.625 1.1599998 
0.715 0.715 0.715 0.715 0.7149995 0.71087196 0.2368688 0.37495738 0.375 0.375 0.375 0.375 0.375 0.375 0.36449181 -0.075 -0.075 -0.075 -0.075 -0.075 -0.10499987 -0.105 -0.105 -0.105 -0.105 -0.105 -0.105 -0.105 0.34499988 0.345 0.345 0.345 0.345 0.345 0.34500008 0.75 0.75 0.75 0.75 1.175 1.175 1.175 1.175 0.79000156 0.79 0.79 0.79 0.78999605 0.425 0.425 0.625 0.625 0.48163249 
0.715 0.715 0.715 0.71499996 0.71498618 0.70163188 0.36521876 0.37499798 0.375 0.375 0.375 0.375 0.375 0.375 0.35972422 -0.074999815 -0.075 -0.075 -0.075 -0.075180557 -0.105 -0.105 -0.105 -0.105 -0.105 -0.105 -0.105 -0.105 0.3449999 0.345 0.345 0.345 0.345 0.345 0.74999963 0.75 0.75 0.75 0.75 1.175 1.175 1.175 1.175 1.0710902 0.79 0.79 0.79 0.42500408 0.425 0.425 0.415 0.415 0.415 
0.715 0.715 0.71499998 0.71499888 0.71486489 0.67192202 0.37452441 0.37499949 0.375 0.375 0.375 0.375 0.375 0.37499997 0.35326598 -0.074989418 -0.075 -0.075 -0.075000034 -0.10439215 -0.105 -0.105 -0.105 -0.105 -0.105 -0.105 -0.105 -0.105 0.34499958 0.345 0.345 0.345 0.345 0.011921376 0.74999974 0.75 0.75 0.75 0.75 1.175 1.175 1.175 1.175 1.175 0.79 0.79 0.79 0.425 0.425 0.425 0.415 0.415 0.415 
0.715 0.71499997 0.71499953 0.71498677 0.71422997 0.51022087 0.37492925 0.37499969 0.375 0.375 0.375 0.375 0.375 0.37499915 0.34558766 -0.074835655 -0.074999991 -0.075000001 -0.075155325 -0.10499745 -0.105 -0.105 -0.105 -0.105 -0.105 -0.105 -0.105 -0.10499974 0.34499718 0.345 0.34499968 -0.069999959 -0.11 -0.11 -0.11 0.75 0.75 0.75 0.75 1.175 1.175 1.175 1.175 1.175 0.79000682 0.79 0.78999982 0.42500003 0.425 0.42499999 0.415 0.415 0.415 
