interpolatedSpi/02-06|20_3.tif
NCOLS 53
NROWS 52
XLLCORNER -116.03883
YLLCORNER 28.596182
DX 0.49850594
DY 0.49788537
NODATA_VALUE -9999
[rows 0 to 40 of 52, columns 0 to 52 of 53]
0.704 0.704 0.041041031 -0.184 0.2 0.04 0.486 0.086 -0.2514922 -0.404 -0.392 -0.194 -0.4759282 0.396 -0.474 -0.474 -0.474 0.442 0.324 0.324 0.324 0.32399457 -0.24 -0.414 -0.414 -0.414 0.15400366 0.154 0.154 0.108 0.108 0.108 0.108 0.1 0.1 0.1 0.1 0.1 0.1 0.10000001 0.51552377 0.51962578 -0.95 -0.95 -0.95 -0.95 -0.9493826 -0.572 -0.572 -0.572 0.57999761 0.58 0.58
0.70397059 0.042 0.12800068 0.23321137 0.57960327 0.626 0.592 0.17235023 -0.166 -0.162 -0.21 -0.476 -0.476 0.11294699 0.39598888 -0.474 0.442 0.442 0.32415386 0.324 0.324 0.324 -0.42810674 -0.414 -0.414 -0.414 -0.26400001 -0.264 0.108 0.108 0.108 0.108 0.108 0.1 0.1 0.1 0.1 0.1 0.099999993 0.035273706 -0.3139629 -0.87282617 -0.95 -0.95 -0.95 -0.95 -0.95 -0.572 -0.572 -0.572 -0.47647506 0.58 0.58
1.4979482 1.498 0.714 1.286 0.312 0.284 0.342 -0.218 -0.324 -0.322 0.31 -0.96 -0.564 -0.356 0.112 -0.37 0.442 0.442 0.442 0.18604012 0.186 0.186 -0.682 -0.414 -0.414 -0.414 -0.264 -0.264 -0.264 0.108 0.108 0.10799995 -0.36762327 0.098965545 0.099069214 0.00091634707 -2.5301232e-18 -2.7755573e-18 -0.039492925 -0.314 -0.314 -0.31481328 -0.95 -0.95 -0.95 -0.95 -0.95 -0.572 -0.572 -0.572 -0.572 0.58 0.58
0.68 1.4979998 0.39994945 0.616 -0.032 0.25 0.352 -0.714 -0.158 -0.20675619 -0.588 -0.642 -0.542 -0.356 -0.272 -0.37 -0.48709719 -0.48734839 -0.78 0.186 0.186 -1.55 -0.682 -0.682 -0.414 -0.41399925 -0.264 -0.264 -0.264 -1.174 -1.0126887 -0.88 -0.88 -0.87999932 1.3142282e-12 -2.7755576e-18 -2.7755576e-18 -2.7755577e-18 -0.314 -0.314 -0.314 -0.31400002 -0.95 -0.95 -0.95 -0.95 -0.95 -0.57200477 -0.572 -0.572 -0.572 0.57992625 0.58
0.68 0.070000605 0.4 0.17058675 -0.032 -0.07 -0.46794678 -0.462 -0.466 -0.36 -0.49631983 -0.55796018 -0.28 -0.272 -0.272 -0.33942556 -0.488 -0.488 -0.78 -0.78 0.1859965 -1.55 -2.028 -0.812 -0.558 -0.55817205 -0.264 -0.264 -1.174 -1.174 -0.88 -0.88 -0.88 -0.93883471 -1.1650225e-09 -7.7271778e-17 -4.206521e-14 -0.314 -0.314 -0.314 -0.314 -0.31399846 -0.94999999 -0.95 -0.95 -0.95 -0.95 -0.94663533 -0.572 -0.57204959 -1.678 -1.678 -1.678
-0.92 0.296 0.806 0.13 0.062 0.372 0.006 -0.053917403 0.054 -0.572 -0.2 -0.266 -0.26600001 -0.44 -0.44 -0.45604056 -0.456 -0.838 -0.838 -0.78000062 -1.842 -1.842 -0.812 -0.558 -0.558 -1.294 -1.798 -1.798 -0.46606532 -1.174 -0.88 -0.88 -1.192 -1.1919363 -0.58204389 -1.31 -1.31 -0.62213534 -0.314 -0.314 -0.29801996 -0.298 -0.29799919 -1.7810658 -1.7959065 -1.7959998 -1.796 -1.7959997 -2.8334417 -1.678 -1.678 -1.678 -1.678
-0.57400409 0.424 -0.47862504 0.406 0.896 -0.03 -0.04 -0.078 -0.34 -0.34 -0.2 -0.038 -1.0559999 -0.44 -0.62399945 -0.624 -0.456 -1.114 -1.486 -1.486 -1.7552873 -1.658 -1.658 -1.576 -1.294 -1.294 -1.798 -1.798 -0.46604499 -0.46682829 0.052009051 -1.192 -1.192 -0.582 -0.582 -1.2174112 -1.31 -1.31 -1.5319923 -0.29800172 -0.298 -0.298 -0.297997 -1.7959962 -1.796 -1.796 -1.796 -1.7960008 -3.11 -1.6782838 -1.678 -1.678 -1.678
-0.574 -0.854 -0.158 -0.716 -0.98998429 -0.408 -0.286 -0.72599998 -0.298 -0.526 -0.526 -0.894 -1.056 -1.056 -0.62696392 -1.0520558 -1.094 -0.76 -1.0800004 -1.486 -1.8090913 -1.768 -2.224 -0.93000001 -0.93000444 -1.274 -1.782 -1.782 -1.2352948 -1.238 0.056 -0.35350131 -0.366 -0.582 -0.59409299 -1.14 -1.14 -1.532 -1.532 -0.298 -0.298 -0.29799999 -1.1116347 -1.116 -1.796 -1.796 -1.796 -3.10995 -3.11 -3.11 -1.678 -1.678 -1.678
-0.85066226 -0.85399999 -0.948 -0.234 -0.526 -0.718 -0.32 0.532 0.12 0.35923128 -0.14 -0.436 -0.436 -0.616 -0.61599902 -1.3054091 -1.306 -1.306 -0.8088485 -1.9560001 -2.252 -2.252 -2.08 -2.167252 -1.2393339 -1.274 -1.67 -1.782 -1.0065326 -1.002 -0.35 0.08 -0.29169698 -1.286 -1.006 -0.998 -0.99 -0.584 -0.66396306 -0.29635733 0.07 -0.524 -1.1159424 -1.116 -1.1198274 -1.796 -2.052 -3.11 -3.11 -3.11 -3.11 -1.6199795 -1.694
-0.832 -0.832 -0.734 -0.424 -0.382 -0.51 -0.312 -0.12 0.556 0.41997283 0.062 -0.108 -0.616 -0.616 -0.512 -0.52289007 -1.306 -1.3059319 -1.028 -1.956 -1.956 -1.9941347 -2.08 -2.1359989 -2.136 -2.136 -1.67 -0.87 -0.87 -1.002 -1.002 0.078600298 -0.658 -1.286 -0.97 -0.998 -0.99 -1.69 -0.664 0.31782535 -0.52399997 -0.61142678 -0.762 -1.116 -1.116 -2.052 -2.052 -2.052 -3.11 -3.11 -1.212 -1.212 -1.2120002
-0.832 -0.832 -1.584 -1.352 -0.854 -0.5 -0.80199999 -0.0041578738 -0.498 -0.352 -0.412 -0.64 -0.108709 -0.512 -0.512 -0.51203507 -0.816 -0.82712675 -1.028 -0.488 -0.488 -1.044 -1.044 -2.136 -2.136 -2.136 -0.87 -0.87 -0.87 -1.468 -1.468 -1.4679987 -0.802 -0.802 -1.112 -1.378 -0.678 -1.6259995 -1.648 0.334 0.334 -0.75200003 -0.762 -1.116 -1.0720001 -1.162 -0.61421897 -0.608 -0.878 -0.878 -1.212 -1.212 -1.212
-0.832 -1.1566803 -1.4849973 -1.4799856 -1.33 -1.408 -0.802 -0.004 -0.49799587 -0.3536175 -0.63999963 -0.64 -0.284 -0.512 -0.512 -0.81599999 -0.816 -0.81601207 -1.028 -0.488 -0.59718709 -1.044 -1.044 -2.1359554 -2.136 -1.8690797 -1.324 -1.324 -1.3239999 -1.468 -1.468 -1.562 -1.562 -0.80200085 -1.112 -0.99999993 -0.82007377 -1.626 -1.626 0.33399996 -0.752 -0.752 -0.75200232 -1.072 -1.072 -1.162 -0.608 -0.608 -0.878 -0.878 -1.212 -1.212 -1.212
-0.164 -0.073794776 0.051947388 0.04090065 -1.3300002 -1.4079982 -0.80200002 -0.01382293 -0.46395835 -0.49418755 -0.284 -0.284 -0.284 -0.284 -0.5119677 -0.816 -0.816 -0.81873726 -1.028 -0.48798145 -0.412 -0.412 -0.412 -0.412 -2.1061551 -1.324 -1.324 -1.324 -1.324 -1.3240226 -1.562 -1.562 -1.562 -1.562 -1 -1 -1 -1.595744 -1.6192405 -0.726 -0.726 -0.7519986 -0.98400301 -1.0719915 -1.072 -1.162 -0.608 -0.608 -0.878 -0.878 -1.2107883 -1.212 -1.4560983
-0.164 0.052 0.052 0.052 0.052 0.051999385 -0.80355118 -0.42448021 -0.37313838 -0.2842268 -0.284 -0.284 -0.284 -0.284 -0.28400005 -0.816 -0.81600003 -0.83054175 -1.027995 -0.412 -0.412 -0.412 -0.412 -0.412 -0.4258383 -1.1677008 -1.102 -1.102 -1.102 -1.102 -1.562 -1.562 -1.5619996 -1.214 -1.214 -1 -0.69862057 -0.69 -0.72599998 -0.726 -0.726 -0.726 -0.984 -0.984 -0.984 -0.98523872 -0.88629328 -0.888 -0.888 -0.888 -0.888 0.28999969 0.29
0.37 0.052 0.052 0.052 0.052 0.052 0.051999942 -0.50794678 -0.34781502 -0.348 -0.348 -0.348 -0.348 -0.348 -0.348 -0.41271915 -0.80963931 -0.84502977 -0.41207738 -0.412 -0.412 -0.412 -0.412 -0.41200026 -1.052 -1.052 -1.0520001 -1.102 -1.102 -1.1024526 -1.328 -1.328 -1.214 -1.214 -1.214 -0.77393902 -0.69 -0.69 -0.69 -0.726 -0.726 -0.726 -0.984 -0.984 -0.984 -0.984 -0.88799999 -0.888 -0.888 -0.888 -0.888 0.29 0.29
0.37 0.25161221 0.052 0.052 0.052 0.052 -0.23994269 -0.24 -0.24 -0.348 -0.348 -0.348 -0.348 -0.348 -0.36256006 -0.414 -0.414 -0.414 -0.63132978 -0.63199978 -0.632 -0.632 -0.632 -0.632 -1.052 -1.052 -1.052 -1.052 -1.102 -1.328 -1.328 -1.328 -1.214 -1.214 -1.214 -0.52 -0.68977491 -0.69 -0.69 -0.7260542 -0.8342998 -1.0869181 -0.984 -0.984 -0.51345662 -0.512 -0.512 -0.88653394 0.00088286388 0.0039999223 0.0039998309 0.37398719 0.29000017
0.37 -0.042612191 -0.0016408798 0.052 0.052 -0.23982747 -0.24 -0.24 -0.24 -0.24077828 -0.348 -0.348 -0.348 -0.34800001 -0.414 -0.414 -0.414 -0.414 -0.63180527 -0.632 -0.632 -0.632 -0.632 -0.632 -1.052 -1.052 -1.052 -1.052 -1.0530039 -1.328 -1.328 -1.328 -0.76600001 -1.2139186 -0.52 -0.52 -0.52 -0.52333241 -1.0627959 -1.088 -1.088 -1.088 -0.726 -0.726 -0.512 -0.512 -0.512 0.0039999937 0.004 0.004 0.004 0.374 0.374
-0.053469312 -0.054 -0.054 -0.054 -0.068 -0.23999556 -0.24 -0.24 -0.24 -0.24 -0.28955324 -0.34798994 -0.34799998 -0.414 -0.414 -0.414 -0.414 -0.414 -0.46088665 -0.632 -0.632 -0.632 -0.632 -0.632 -0.72101884 -0.54400275 -0.544 -0.544 -0.544 -1.328 -0.76600001 -0.766 -0.766 -0.766 -0.52 -0.52000795 -0.822 -0.822 -1.0846786 -1.088 -1.088 -1.088 -0.726 -0.726 -0.54513457 -0.512 -0.512 0.004 0.004 0.004 0.0079673621 0.374 0.374
-0.054 -0.054 -0.054 -0.060592809 -0.068 -0.068 -0.24 -0.24 -0.24 -0.24 0.424 0.424 0.424 -0.414 -0.414 -0.414 -0.414 -0.41398579 -0.886 -0.886 -0.6320001 -0.632 -0.63078271 -0.582 -0.5816579 -0.544 -0.544 -0.544 -0.544 -0.7659774 -0.766 -0.766 -0.766 -0.766 -0.82199894 -0.822 -0.822 -0.822 -0.82291474 -1.088 -1.088 -1.088 -0.726 -0.726 -0.726 -0.512 -0.512 0.0039999961 0.004 0.0040000009 0.374 0.374 0.374
-0.054 -0.054 -0.054 -0.068 -0.068 -0.068 -0.068000263 -0.24 -0.24 0.42331456 0.424 0.424 0.424 0.42347789 -0.34438967 -0.328 -0.328 -0.328 -0.886 -0.886 -0.886 -0.582 -0.582 -0.582 -0.58190476 -0.38559366 -0.544 -0.544 -0.544 -0.61447719 -0.5860177 -0.586 -0.586 -0.586 -0.67137617 -0.46000082 -0.46 -0.46 -0.46 -0.1241319 -0.124 -0.124 -0.726 -0.726 0.33799556 0.33799995 0.202 0.202 0.34 0.34 0.34 0.374 0.73367812
-0.053999652 -0.054 -0.054000001 -0.068 -0.068 -0.068 -0.068 -0.11200004 -0.23948821 0.42399819 0.424 0.424 0.424 0.42252437 -0.328 -0.328 -0.328 -0.32800016 -0.886 -0.886 -0.886 -0.582 -0.582 -0.582 -0.242 -0.242 -0.31 -0.31 -0.31 -0.31150567 -0.586 -0.586 -0.586 -0.586 -0.52303459 -0.46 -0.46 -0.46 -0.46 -0.124 -0.124 -0.124 -0.10946371 0.338 0.338 0.338 0.202 0.202 0.34 0.34 0.34 0.73399999 0.734
0.058 -0.010011532 -0.552 -0.55185958 -0.068 -0.11174542 -0.112 -0.112 -0.051513148 0.42199999 0.422 0.422 0.422 -0.34397506 -0.344 -0.32800001 -0.328 -0.34270248 -0.886 -0.886 -0.886 -0.822 -0.822 -0.822 -0.242 -0.242 -0.31 -0.31 -0.31 -0.31000003 -0.35400147 -0.35400065 -0.58016903 -0.58575128 -0.40820249 -0.408 -0.408 -0.408 -0.408 -0.124 -0.124 -0.124 0.31256086 0.338 0.338 0.33799996 0.202 0.202 0.20200497 0.34 0.33999365 0.198 0.734
-0.28793429 -0.28800005 -0.552 -0.552 -0.552 -0.112 -0.112 -0.112 0.054 0.054 0.422 0.422 0.422 -0.344 -0.344 -0.344 -0.344 -0.34406009 -0.886 -0.886 -0.886 -0.822 -0.822 -0.822 -0.242 -0.242 -0.31 -0.31 -0.31 -0.3535039 -0.354 -0.354 -0.354 -0.354 -0.40797335 -0.408 -0.408 -0.408 -0.408 -0.08400001 -0.084 -0.084 -0.084 0.33799848 0.14 0.14 0.14 0.21 0.21 0.21 0.198 0.198 0.198
-0.288 -0.288 -0.552 -0.552 -0.552 -0.11431272 -0.112 0.054 0.054 0.054 0.4219547 0.422 -0.11566807 -0.34399998 -0.344 -0.344 -0.344 -0.364 -0.364 -0.364 -0.748 -0.74800005 -0.82199964 -0.822 -0.82169842 -0.588 -0.588 -0.58799934 -0.31004493 0.07991351 0.07999769 0.079924229 -0.35325825 -0.35362546 -0.39810033 -0.40799997 -0.4077185 -0.324 -0.324 -0.084 -0.084 -0.084 -0.084 0.14 0.14 0.14 0.14 0.21 0.21 0.21 0.198 0.198 0.198
-0.288 -0.288 -0.552 -0.552 -0.552 -0.552 -0.049871049 0.054 0.054 0.054 0.05383981 -0.236 -0.236 -0.236 -0.34336353 -0.344 -0.36386672 -0.364 -0.364 -0.364 -0.748 -0.748 -0.748 -0.748 -0.588 -0.588 -0.588 -0.588 -0.588 0.08 0.08 0.08 0.08 0.080000034 0.096 -0.324 -0.324 -0.324 -0.324 -0.32400034 -0.47 -0.47 -0.47 -0.34178549 -0.076 -0.076 -0.076 0.20999999 0.2099997 -0.104 -0.104 0.34996302 0.35
-0.288 -0.288 -0.45671454 -0.552 -0.552 -0.55200001 -1.0180942 0.050615345 0.054 0.053999999 -0.23600009 -0.236 -0.236 -0.236 -0.236 -0.24487145 -0.364 -0.364 -0.364 -0.364 -0.74799703 -0.748 -0.748 -0.748 -0.588 -0.588 -0.588 -0.588 -0.588 -0.31460273 0.08 0.08 0.08 0.096 0.096 0.09567386 -0.324 -0.324 -0.30599109 -0.292 -0.47 -0.47 -0.47 -0.34339162 -0.076 -0.076 -0.076 -0.088 -0.10380064 -0.104 -0.104 0.35 0.35
-0.77 -0.77 -0.77 -0.60665859 -0.55227396 -1.02 -1.02 -1.02 -1.02 -0.678 -0.678 -0.23600003 -0.236 -0.236 -0.236 -0.23600812 -0.364 -0.364 -0.364 -0.364 -0.58043486 -0.748 -0.748 -0.7328735 -0.18861307 -0.588 -0.588 -0.588 -0.454 -0.454 -0.454 -0.45399776 0.096 0.096 0.096 0.096 -0.292 -0.292 -0.292 -0.292 -0.61 -0.61 -0.61 -0.068010897 -0.068 -0.068 -0.068000003 -0.088 -0.088 -0.1039805 -0.104 0.34999862 0.35
-0.77 -0.77 -0.77 -0.76999806 -0.734 -0.7755891 -1.02 -1.02 -1.02 -0.678 -0.678 -0.678 -0.332 -0.332 -0.332 -0.33200001 -0.36462648 -0.364 -0.364 -0.364 -0.36979125 -0.17000159 -0.17 -0.17 -0.17 -0.17000003 -0.972 -0.972 -0.454 -0.454 -0.454 -0.454 0.095999792 0.096 0.096 0.095976542 -0.29200001 -0.292 -0.292 -0.29311425 -0.61 -0.61 -0.61 -0.068025134 -0.068 -0.068 -0.068 -0.088 -0.088 -0.087999978 0.076 0.076 0.782
-0.77 -0.77 -0.77 -0.73400008 -0.734 -0.734 -1.0199999 -1.02 -1.02 -0.678 -0.678 -0.678 -0.332 -0.332 -0.332 -0.36048367 -0.706 -0.706 -0.70599912 -0.3659317 -0.17 -0.17 -0.17 -0.17 -0.17 -0.17060355 -0.972 -0.972 -0.972 -0.454 -0.454 -0.45394979 -0.192 -0.192 -0.192 -0.526 -0.526 -0.546 -0.546 -0.546 0.078 -0.60978419 -0.60999381 0.22 0.22 0.20908513 -0.067999273 -0.087999999 -0.088 0.076 0.076 0.076 0.782
-0.77 -0.77 -0.77 -0.734 -0.734 -0.734 -0.734 -1.02 -1.02 -0.678 -0.678 -0.34583501 -0.332 -0.332 -0.332 -0.706 -0.706 -0.706 -0.706 -0.706 -0.17 -0.17 -0.17 -0.17 -0.17 -0.97199726 -0.972 -0.972 -0.972 -0.376 -0.376 -0.376 -0.192 -0.192 -0.192 -0.526 -0.526 -0.546 -0.546 0.078 0.078 0.078 0.22 0.22 0.22 0.22 0.25844495 0.688 0.688 0.688 0.076000018 1.026 1.026
-0.77 -0.77 -0.76994987 -0.734 -0.734 -0.734 -0.734 -0.57787007 -0.57 -0.57018542 -0.67799999 -0.33201441 -0.332 -0.332 -0.33200129 -0.706 -0.706 -0.706 -0.706 -0.706 -1.2095771 -0.17 -0.17 -0.17 -0.17015612 -0.97199752 -0.972 -0.972 -0.972 -0.376 -0.376 -0.376 -0.37597269 -0.192 -0.526 -0.526 -0.526 -0.52600042 -0.54595744 0.078 0.078 0.078 0.21999138 0.22 0.22 0.22 0.68800252 0.688 0.688 0.688 1.026 1.026 1.026
-0.106 -0.10600116 -0.73399676 -0.734 -0.734 -0.734 -0.5700349 -0.57 -0.57 -0.57 -0.504 -0.504 -0.504 -0.504 -0.70506767 -0.706 -0.706 -0.706 -0.706 -1.2539997 -1.254 -1.254 -0.92799987 -0.928 -0.928 -0.928 -0.93179777 -0.972 -0.28402818 -0.284 -0.284 -0.284 -0.284 0.033999997 0.034 0.034 0.034 0.034 0.416 0.416 0.416 0.416 0.416 0.94290862 0.944 0.944 0.944 0.688 0.688 0.688 1.0259468 1.026 1.026
-0.106 -0.106 -0.10251723 0.3099979 0.30999977 0.30914142 -0.57 -0.57 -0.57 -0.57 -0.504 -0.504 -0.504 -0.504 -0.504 -0.706 -0.706 -0.706 -1.2539999 -1.254 -1.254 -1.254 -0.928 -0.928 -0.928 -0.928 -0.928 -0.92800866 -0.28395829 -0.284 -0.284 -0.284 -0.28398325 0.14511272 0.034115053 0.034 0.034 0.034000003 0.416 0.416 0.416 0.416 0.416 0.944 0.944 0.944 0.944 0.8242894 0.688 1.0993587 1.104 0.64 0.64
-0.106 -0.106 0.30994731 0.31 0.31 0.31 0.086483712 -0.57 -0.57 -0.57 -0.504 -0.504 -0.504 -0.504 -0.504 -0.70584521 -0.706 -1.2538393 -1.254 -1.254 -1.254 -1.254 -1.0487688 -0.928 -0.928 -0.928 -0.928 -0.92746743 -0.176 -0.176 -0.176 -0.176 -0.176 0.23 0.23 0.23 0.23 0.23 0.974 0.974 0.974 0.974 0.97399999 0.94515247 0.94400024 0.944 0.94408001 0.95365008 1.104 1.104 1.104 0.6400026 0.64
-0.10599842 0.73723346 0.31000006 0.31 0.31 0.31 0.31 -0.5696253 -0.57 -0.57 -0.504 -0.504 -0.504 -0.504 -0.5724452 -0.574 -0.574 -1.2539825 -1.254 -1.254 -1.254 -1.254 -1.2539999 -0.928 -0.928 -0.928 -0.928 -0.23199997 -0.23199997 -0.22008184 -0.176 -0.176 -0.176 0.23 0.23 0.23 0.23 0.22982932 0.974 0.974 0.974 0.974 0.97400536 1.416 1.416 1.416 1.416 1.4159748 1.104 1.104 1.104 1.1039998 0.73458617
0.754 0.754 0.66779977 0.31 0.31 0.31 0.31 0.31 -0.56962328 0.04799999 0.048 0.048 0.046689991 -0.5739999 -0.574 -0.574 -0.574 -0.574 -1.2539951 -1.2121504 -0.846 -0.846 -0.846 -0.86483879 -0.89054298 -0.69011755 -0.52086758 -0.232 -0.232 -0.232 -0.232 -0.232 -0.2290477 -0.023459026 -0.022 -0.022 -0.022 -0.022 0.98714944 1.0439999 1.044 1.044 1.044 1.078001 1.4159999 1.416 1.416 0.928 1.1039972 1.104 1.104 0.736 0.736
0.754 0.754 0.726 0.726 0.726 0.31013857 0.31 0.31 0.048 0.048 0.048 0.048 0.048 -0.57399997 -0.574 -0.574 -0.574 -0.574 -0.846 -0.846 -0.846 -0.846 -0.846 -0.46000002 -0.46 -0.46 -0.46 -0.232 -0.232 -0.232 -0.232 -0.232 -0.152 -0.152 -0.022000001 -0.022 -0.022 0.52790634 0.528 1.044 1.044 1.044 1.044 1.078 1.078 1.078 0.928 0.928 0.928 0.774 0.774 0.736 0.736
0.754 0.754 0.726 0.726 0.726 0.726 0.72599818 0.394 0.04832577 0.048 0.048 0.048 0.048 -0.56624112 -0.574 -0.574 -0.574 -0.574 -0.84599999 -0.846 -0.846 -0.846 -0.846 -0.46 -0.46 -0.46 -0.46 -0.45999905 -0.232 -0.232 -0.232 -0.15200419 -0.152 -0.152 -0.152 -0.022 0.52799999 0.528 0.528 0.54157693 1.146847 1.166 1.166 1.078 1.078 1.078 0.928 0.928 0.928 0.774 0.774 0.774 0.81751447
0.81 0.80999956 0.726 0.726 0.726 0.726 0.394 0.394 0.394 0.048 0.048 0.048 0.048 0.047806639 -0.574 -0.574 -0.574 -0.574 -0.84599481 -0.846 -0.846 -0.84599998 -0.52797669 -0.46 -0.46 -0.46 -0.46 -0.14000026 -0.14 -0.14 -0.2310096 -0.152 -0.152 -0.152 -0.15199928 0.59999999 0.528 0.528 0.528 0.52800001 1.166 1.166 1.166 1.124 1.124 1.124 1.019991 0.928 0.928 0.774 0.774 0.774 0.82600093
0.81 0.81 0.726 0.726 0.726 0.394 0.394 0.394 0.394 0.085926415 0.048 0.048 0.048 0.047998966 0.059927038 0.06 0.06 0.06 0.25929087 0.186 0.186 0.186 0.186 -0.46 -0.46 -0.46 -0.45997889 -0.14 -0.14 -0.14 -0.14 -0.15189675 0.27097825 0.6 0.6 0.6 0.53031471 1.1479871 1.148 1.148 1.1659969 1.162 1.162 1.124 1.124 1.1239996 1.02 1.02 0.85 0.85 0.85 1.074 1.16
0.81 0.81 1.088 1.088 1.088 0.394 0.394 0.394 0.394 0.016 0.016 0.016 0.016 0.019100783 0.06 0.06 0.06 0.06 0.262 0.186 0.186 0.186 0.186 0.026 0.025999808 -0.45999928 -0.14 -0.14 -0.14 -0.14 0.18401616 0.5 0.58810137 0.6 0.6 0.6 1.148 1.148 1.148 1.148 1.162 1.162 1.162 1.4019243 1.402 1.0217171 1.02 1.02 0.85000093 0.85 1.074 1.074 1.16
