interpolatedSpi/02-05|20_1.tif
NCOLS 53
NROWS 52
XLLCORNER -116.03883
YLLCORNER 28.596182
DX 0.49850594
DY 0.49788537
NODATA_VALUE -9999
[rows 0 to 38 of 52, columns 0 to 52 of 53]
0.46 0.46 -0.016824783 -0.21 0.0825 0.105 0.28 0.0175 -0.07543824 -0.29 -0.3 -0.06 -0.15497056 0.2025 -0.53 -0.53 -0.53 0.3525 0.2475 0.2475 0.2475 0.24749636 -0.13 -0.4575 -0.4575 -0.4575 -0.2324973 -0.2325 -0.2325 -0.2325 -0.2325 -0.2325 -0.2325 0.19249991 0.1925 0.1925 0.1925 0.1925 0.1925 0.19250001 0.39036839 0.39222892 -0.6725 -0.6725 -0.6725 -0.6725 -0.67260208 -0.735 -0.735 -0.735 -0.057501407 -0.0575 -0.0575
0.4599789 -0.015 0.060000499 0.10089771 0.44210603 0.3975 0.41 0.045373195 -0.1425 0.035 0.0225 -0.155 -0.155 0.28472491 0.20249453 -0.53 0.3525 0.3525 0.24763691 0.2475 0.2475 0.2475 -0.46329008 -0.4575 -0.4575 -0.4575 -0.30250001 -0.3025 -0.2325 -0.2325 -0.2325 -0.2325 -0.2325 0.19249994 0.1925 0.1925 0.1925 0.1925 0.1925 0.14720155 -0.097473851 -0.60272811 -0.6725 -0.6725 -0.6725 -0.6725 -0.6725 -0.735 -0.735 -0.735 -0.67882105 -0.0575 -0.0575
1.127457 1.1275 0.4925 1.1125 0.1025 0.185 0.2825 -0.1475 -0.3125 -0.1225 0.3575 -0.57 -0.19 -0.0675 0.285 -0.13 0.3525 0.3525 0.3525 0.22750581 0.2275 0.2275 -0.5675 -0.4575 -0.4575 -0.4575 -0.3025 -0.3025 -0.3025 -0.2325 -0.2325 -0.23250003 -0.52495054 0.19148535 0.19187172 0.12561853 0.125 0.125 0.097015364 -0.097499998 -0.0975 -0.098235279 -0.6725 -0.6725 -0.6725 -0.6725 -0.6725 -0.735 -0.735 -0.735 -0.735 -0.0575 -0.0575
0.8175 1.1274999 0.47497051 0.5525 0.115 0.075 0.22 -0.4425 -0.03 -0.007952419 -0.2125 -0.305 -0.1125 -0.0675 0.0775 -0.13 -0.26892887 -0.26956384 -0.59 0.2275 0.2275 -1.0725 -0.5675 -0.5675 -0.4575 -0.45749923 -0.3025 -0.3025 -0.3025 -0.7475 -0.79825269 -0.84 -0.84 -0.83999924 0.125 0.125 0.125 0.125 -0.0975 -0.0975 -0.0975 -0.097500022 -0.6725 -0.6725 -0.6725 -0.6725 -0.6725 -0.73499921 -0.735 -0.735 -0.735 -0.057552343 -0.057500001
0.8175 0.42750009 0.475 0.38596561 0.115 -0.0725 -0.25747531 -0.2 -0.0925 -0.22499996 -0.28298608 -0.30747637 -0.1425 0.0775 0.0775 -0.063537464 -0.27 -0.27 -0.59 -0.59 0.22749737 -1.0725 -1.25 -0.505 -0.2725 -0.27262747 -0.3025 -0.3025 -0.7475 -0.7475 -0.84 -0.84 -0.84 -0.81029965 0.125 0.125 0.125 -0.0975 -0.0975 -0.0975 -0.0975 -0.097542473 -0.6725 -0.6725 -0.6725 -0.6725 -0.6725 -0.67305633 -0.735 -0.73504148 -1.66 -1.66 -1.66
-0.6125 0.525 0.89 0.25 0.09 0.2225 0.015 -0.012526157 0.1225 -0.5125 -0.14 -0.1525 -0.15249999 -0.24 -0.24 -0.37249819 -0.3725 -0.43 -0.43 -0.59000036 -1.3825 -1.3825 -0.505 -0.2725 -0.2725 -0.8175 -1.1125 -1.1125 -0.49252365 -0.7475 -0.84 -0.84 -0.6825 -0.68246761 -0.37252237 -0.9675 -0.9675 -0.36665436 -0.0975 -0.0975 -0.53695123 -0.5375 -0.53749923 -1.4952158 -1.5099074 -1.5099998 -1.51 -1.5099997 -2.7400361 -1.66 -1.66 -1.66 -1.66
-0.19500736 0.485 -0.03413674 0.51 0.7675 0.0375 0.095 0.04 -0.3325 -0.3325 -0.14 0.105 -0.76999989 -0.24 -0.36499963 -0.365 -0.3725 -0.81 -1.0025 -1.0025 -1.2434769 -1.0875 -1.0875 -0.80499999 -0.8175 -0.8175 -1.1125 -1.1125 -0.49252156 -0.49289698 0.15933753 -0.6825 -0.6825 -0.3725 -0.3725 -0.974308 -0.9675 -0.9675 -1.2224912 -0.53750095 -0.5375 -0.5375 -0.53749631 -1.5099966 -1.51 -1.51 -1.51 -1.5100009 -2.995 -1.6602646 -1.66 -1.66 -1.66
-0.195 -0.45 0.23 -0.315 -0.41749412 -0.1325 -0.2 -0.44999999 -0.1725 -0.15 -0.15 -0.4125 -0.77 -0.77 -0.36777868 -0.61545817 -0.64 -0.57 -0.9050001 -1.0025 -1.2194329 -1.205 -1.325 -0.6475 -0.64750058 -0.6925 -0.935 -0.93500006 -0.86120347 -0.86249998 0.1625 -0.19940121 -0.1525 -0.3725 -0.38241112 -0.98 -0.98 -1.2225 -1.2225 -0.5375 -0.5375 -0.53749999 -0.89180891 -0.89500003 -1.51 -1.51 -1.51 -2.9949435 -2.995 -2.995 -1.66 -1.66 -1.66
-0.45796507 -0.44999999 -0.205 0.19 -0.26 -0.4425 -0.02 0.58 0.015 0.27018004 -0.0675 -0.305 -0.305 -0.2925 -0.29250033 -0.90675446 -0.9075 -0.9075 -0.62113827 -1.3225 -1.375 -1.375 -1.365 -1.3407633 -0.68796519 -0.6925 -1.0825 -0.935 -0.64917066 -0.6475 -0.2125 -0.2325 -0.53595007 -1.1425 -0.72 -0.8675 -0.84 -0.695 -0.74497691 -0.53598232 -0.1975 -0.43 -0.89493691 -0.895 -0.89846155 -1.51 -1.6375 -2.995 -2.995 -2.995 -2.995 -1.5784476 -1.605
-0.5025 -0.5025 -0.0125 -0.0075 -0.19 -0.2975 -0.0625 0.11 0.4075 0.33498765 0.0225 0.065 -0.2925 -0.2925 -0.3275 -0.33545496 -0.9075 -0.9074069 -0.495 -1.3225 -1.3225 -1.3292637 -1.365 -1.4449985 -1.445 -1.445 -1.0825 -0.6925 -0.6925 -0.6475 -0.6475 -0.23364271 -0.835 -1.1425 -0.7275 -0.8675 -0.84 -1.28 -0.745 -0.45232162 -0.42999999 -0.4584688 -0.5075 -0.895 -0.895 -1.6375 -1.6375 -1.6375 -2.995 -2.995 -1.005 -1.005 -1.0050002
-0.5025 -0.5025 -0.8425 -0.71 -0.56 -0.1075 -0.37499999 0.22232603 -0.145 -0.0375 -0.155 -0.2475 0.064583441 -0.3275 -0.3275 -0.32752336 -0.53 -0.52816304 -0.495 -0.4025 -0.4025 -0.7225 -0.7225 -1.445 -1.445 -1.445 -0.6925 -0.6925 -0.6925 -1.2 -1.2 -1.1999994 -0.435 -0.435 -0.8025 -1.175 -0.57 -1.3824989 -1.2725 -0.4475 -0.4475 -0.66999947 -0.5075 -0.895 -0.93500004 -0.9925 -0.52232358 -0.5175 -0.7425 -0.7425 -1.005 -1.005 -1.005
-0.5025 -0.64928804 -0.78595752 -1.0424838 -0.535 -0.73 -0.375 0.2225 -0.14499693 -0.03869097 -0.24749973 -0.2475 -0.15 -0.3275 -0.3275 -0.52999999 -0.53 -0.52999801 -0.495 -0.4025 -0.46534149 -0.7225 -0.7225 -1.4449704 -1.445 -1.2370849 -0.8125 -0.8125 -0.81249998 -1.2 -1.2 -1.39 -1.39 -0.43500101 -0.8025 -0.84999998 -0.68024349 -1.3825 -1.3825 -0.44750001 -0.67 -0.67 -0.67000189 -0.935 -0.935 -0.9925 -0.5175 -0.5175 -0.7425 -0.7425 -1.005 -1.005 -1.005
-0.34 -0.083228793 -0.020025965 -0.027401384 -0.53500096 -0.7299954 -0.37500001 0.21514511 -0.11967549 -0.14219289 -0.15 -0.15 -0.15 -0.15 -0.32747486 -0.53 -0.53 -0.52954809 -0.495 -0.40244925 -0.225 -0.225 -0.225 -0.225 -1.4238311 -0.8125 -0.8125 -0.8125 -0.8125 -0.81269423 -1.39 -1.39 -1.39 -1.39 -0.85 -0.85 -0.85 -1.3566787 -1.3806411 -1.135 -1.135 -0.67002501 -1.2174903 -0.93502721 -0.935 -0.9925 -0.5175 -0.5175 -0.7425 -0.7425 -1.0040477 -1.005 -1.2258146
-0.34 -0.02 -0.02 -0.02 -0.02 -0.020000298 -0.37590867 -0.092332925 -0.052112054 -0.1499919 -0.15 -0.15 -0.15 -0.15 -0.14999995 -0.53 -0.52999999 -0.52759924 -0.49499961 -0.225 -0.225 -0.225 -0.225 -0.225 -0.23440559 -0.73042696 -0.69750002 -0.6975 -0.6975 -0.6975 -1.39 -1.39 -1.3899996 -1.0925 -1.0925 -0.85 -1.3749835 -1.39 -1.1350001 -1.135 -1.135 -1.135 -1.2175 -1.2175 -1.2175 -1.2159342 -0.81564675 -0.8175 -0.8175 -0.8175 -0.8175 0.01249979 0.0125
0.125 -0.02 -0.02 -0.02 -0.02 -0.02 -0.020000025 -0.23945243 -0.082203812 -0.0825 -0.0825 -0.0825 -0.0825 -0.0825 -0.082500001 -0.10704742 -0.52329202 -0.52520722 -0.22503396 -0.225 -0.225 -0.225 -0.225 -0.22499999 -0.66 -0.66 -0.66000005 -0.6975 -0.6975 -0.69802063 -0.9575 -0.9575 -1.0925 -1.0925 -1.0925 -1.3423435 -1.39 -1.39 -1.39 -1.135 -1.135 -1.135 -1.2175 -1.2175 -1.2175 -1.2175 -0.8175 -0.8175 -0.8175 -0.8175 -0.8175 0.0125 0.0125
0.125 0.071018148 -0.02 -0.02 -0.02 -0.02 -0.24995486 -0.25 -0.25 -0.0825 -0.0825 -0.0825 -0.0825 -0.0825 -0.088015175 -0.1075 -0.1075 -0.1075 -0.21253789 -0.21250001 -0.2125 -0.2125 -0.2125 -0.2125 -0.66 -0.66 -0.66 -0.66 -0.6975 -0.9575 -0.9575 -0.9575 -1.0925 -1.0925 -1.0925 -0.845 -1.3892784 -1.39 -1.39 -1.1350046 -1.1439751 -1.1649103 -1.2175 -1.2175 -0.70658161 -0.705 -0.705 -0.81659665 -0.269422 -0.26750005 -0.2675001 -0.14497619 0.01249968
0.125 -0.096389792 -0.061748798 -0.02 -0.02 -0.24986411 -0.25 -0.25 -0.25 -0.24879295 -0.0825 -0.0825 -0.0825 -0.082500003 -0.1075 -0.1075 -0.1075 -0.1075 -0.21240621 -0.2125 -0.2125 -0.2125 -0.2125 -0.2125 -0.65999999 -0.66 -0.66 -0.66 -0.66108211 -0.9575 -0.9575 -0.9575 -0.58500001 -1.0924626 -0.845 -0.845 -0.845 -0.84539783 -1.1792346 -1.165 -1.165 -1.165 -0.7525 -0.7525 -0.705 -0.705 -0.705 -0.26750001 -0.2675 -0.2675 -0.2675 -0.145 -0.145
-0.10221266 -0.1025 -0.1025 -0.1025 -0.11 -0.24999639 -0.25 -0.25 -0.25 -0.25 -0.046160135 -0.082493745 -0.082499986 -0.1075 -0.1075 -0.1075 -0.1075 -0.1075 -0.13672165 -0.2125 -0.2125 -0.2125 -0.2125 -0.2125 -0.36426959 -0.26750213 -0.2675 -0.2675 -0.2675 -0.95749998 -0.58500001 -0.585 -0.585 -0.585 -0.845 -0.84500086 -0.8775 -0.8775 -1.1614101 -1.165 -1.165 -1.165 -0.7525 -0.7525 -0.71235464 -0.705 -0.705 -0.2675 -0.2675 -0.2675 -0.26618648 -0.145 -0.145
-0.1025 -0.1025 -0.1025 -0.10603186 -0.11 -0.11 -0.25 -0.25 -0.25 -0.25 0.3975 0.3975 0.3975 -0.1075 -0.1075 -0.1075 -0.1075 -0.10752024 -0.44 -0.44 -0.21250009 -0.2125 -0.21603014 -0.3575 -0.35668977 -0.2675 -0.2675 -0.2675 -0.2675 -0.58496767 -0.585 -0.585 -0.585 -0.585 -0.87749989 -0.8775 -0.8775 -0.8775 -0.87849219 -1.165 -1.165 -1.165 -0.7525 -0.7525 -0.7525 -0.705 -0.705 -0.2675 -0.2675 -0.2675 -0.145 -0.145 -0.145
-0.1025 -0.1025 -0.1025 -0.11 -0.11 -0.11 -0.11000021 -0.25 -0.25 0.39683159 0.3975 0.3975 0.3975 0.39718536 -0.20665425 -0.23 -0.23 -0.23 -0.44 -0.44 -0.44 -0.3575 -0.3575 -0.3575 -0.35739005 -0.1088314 -0.2675 -0.2675 -0.2675 -0.36216204 -0.32002606 -0.32 -0.32 -0.32 -0.73974006 -0.54750075 -0.5475 -0.5475 -0.5475 -0.18513409 -0.185 -0.185 -0.7525 -0.7525 0.17999611 0.17999998 0.1375 0.1375 0.11 0.11 0.11 -0.145 0.27712223
-0.10250013 -0.1025 -0.1025 -0.11 -0.11 -0.11 -0.11 -0.13000003 -0.24952019 0.39737078 0.3975 0.3975 0.3975 0.39626867 -0.23 -0.23 -0.23 -0.23000006 -0.44 -0.44 -0.44 -0.3575 -0.3575 -0.3575 0.035 0.035 -0.1275 -0.1275 -0.1275 -0.12855015 -0.32 -0.32 -0.32 -0.32 -0.43368755 -0.5475 -0.5475 -0.5475 -0.5475 -0.185 -0.185 -0.185 -0.1735157 0.18 0.18 0.18 0.1375 0.1375 0.11 0.11 0.11 0.27749999 0.2775
-0.145 -0.13765534 -0.4725 -0.47239483 -0.11 -0.12988428 -0.13 -0.13 -0.11724675 0.25499999 0.255 0.255 0.255 -0.22248446 -0.2225 -0.22999999 -0.23 -0.23553319 -0.44 -0.44 -0.44 -0.525 -0.525 -0.525 0.035 0.035 -0.1275 -0.1275 -0.1275 -0.1275002 -0.40749944 -0.40749975 -0.32219918 -0.32009381 -0.62964618 -0.63 -0.63 -0.63 -0.63 -0.185 -0.185 -0.185 0.15990188 0.18 0.18 0.17999996 0.1375 0.1375 0.13749901 0.11 0.10999363 -0.0325 0.2775
-0.49243401 -0.4925 -0.4725 -0.4725 -0.4725 -0.13 -0.13 -0.13 -0.095 -0.095 0.255 0.255 0.255 -0.2225 -0.2225 -0.2225 -0.2225 -0.22252416 -0.44 -0.44 -0.44 -0.525 -0.525 -0.525 0.035 0.035 -0.1275 -0.1275 -0.1275 -0.40434298 -0.4075 -0.4075 -0.4075 -0.4075 -0.62989021 -0.63 -0.63 -0.63 -0.63 -0.29749997 -0.2975 -0.2975 -0.2975 0.17999827 -0.045 -0.045 -0.045 -0.06 -0.06 -0.06 -0.0325 -0.0325 -0.0325
-0.4925 -0.4925 -0.4725 -0.4725 -0.4725 -0.13180024 -0.13 -0.095 -0.095 -0.095 0.25495691 0.255 -0.24140327 -0.22250003 -0.2225 -0.2225 -0.2225 -0.2575 -0.2575 -0.2575 -0.3575 -0.35750012 -0.52499918 -0.525 -0.52466935 -0.2325 -0.2325 -0.23249975 -0.12751697 -0.1225568 -0.12250152 -0.12254976 -0.40701291 -0.40725405 -0.59018691 -0.62999997 -0.62976541 -0.56 -0.56 -0.2975 -0.2975 -0.2975 -0.2975 -0.045 -0.045 -0.045 -0.045 -0.06 -0.06 -0.06 -0.0325 -0.0325 -0.0325
-0.4925 -0.4925 -0.4725 -0.4725 -0.4725 -0.4725 -0.11690052 -0.095 -0.095 -0.095 -0.095142238 -0.3525 -0.3525 -0.3525 -0.22326612 -0.2225 -0.25726677 -0.2575 -0.2575 -0.2575 -0.3575 -0.3575 -0.3575 -0.3575 -0.2325 -0.2325 -0.2325 -0.2325 -0.2325 -0.1225 -0.1225 -0.1225 -0.1225 -0.12250025 -0.2425 -0.56 -0.56 -0.56 -0.56 -0.56000005 -0.6175 -0.6175 -0.6175 -0.49384143 -0.2375 -0.2375 -0.2375 -0.060000005 -0.060000143 -0.2075 -0.2075 0.19744405 0.1975
-0.4925 -0.4925 -0.4797186 -0.4725 -0.4725 -0.47250001 -0.9609606 -0.097733881 -0.095 -0.095000001 -0.3525001 -0.3525 -0.3525 -0.3525 -0.3525 -0.34183019 -0.2575 -0.2575 -0.2575 -0.2575 -0.35749923 -0.3575 -0.3575 -0.3575 -0.2325 -0.2325 -0.2325 -0.2325 -0.2325 -0.24258042 -0.1225 -0.1225 -0.1225 -0.2425 -0.2425 -0.24274655 -0.56 -0.56 -0.58673198 -0.6075 -0.6175 -0.6175 -0.6175 -0.4956641 -0.2375 -0.2375 -0.2375 -0.3725 -0.20955588 -0.2075 -0.2075 0.1975 0.1975
-0.7125 -0.7125 -0.7125 -0.5326746 -0.47270642 -0.9625 -0.9625 -0.9625 -0.9625 -0.84 -0.84 -0.35250003 -0.3525 -0.3525 -0.3525 -0.35249398 -0.2575 -0.2575 -0.2575 -0.2575 -0.31386324 -0.3575 -0.3575 -0.34356425 0.15685448 -0.2325 -0.2325 -0.2325 -0.285 -0.285 -0.285 -0.28499932 -0.2425 -0.2425 -0.2425 -0.2425 -0.6075 -0.6075 -0.6075 -0.6075 -0.5275 -0.5275 -0.5275 -0.30750442 -0.3075 -0.3075 -0.30749998 -0.3725 -0.3725 -0.20770104 -0.2075 0.19749905 0.1975
-0.7125 -0.7125 -0.7125 -0.71249435 -0.6075 -0.65912283 -0.9625 -0.9625 -0.9625 -0.84 -0.84 -0.84 -0.4425 -0.4425 -0.4425 -0.4425 -0.25820067 -0.2575 -0.2575 -0.2575 -0.25898728 0.17499854 0.175 0.175 0.175 0.17499998 -0.57 -0.57 -0.285 -0.285 -0.285 -0.285 -0.2425001 -0.2425 -0.2425 -0.242511 -0.60750001 -0.6075 -0.6075 -0.60835543 -0.5275 -0.5275 -0.5275 -0.3075102 -0.3075 -0.3075 -0.3075 -0.3725 -0.3725 -0.37249995 0.01 0.01 0.5575
-0.7125 -0.7125 -0.7125 -0.60750024 -0.6075 -0.6075 -0.96249987 -0.9625 -0.9625 -0.84 -0.84 -0.84 -0.4425 -0.4425 -0.4425 -0.45754151 -0.64 -0.64 -0.63999901 -0.25966046 0.175 0.175 0.175 0.175 0.175 0.17443935 -0.57 -0.57 -0.57 -0.285 -0.285 -0.28504506 -0.3775 -0.3775 -0.3775 -0.7 -0.7 -0.8025 -0.8025 -0.8025 -0.0225 -0.5273416 -0.52749582 0.0325 0.0325 0.019614387 -0.30749921 -0.3725 -0.3725 0.01 0.01 0.01 0.5575
-0.7125 -0.7125 -0.7125 -0.6075 -0.6075 -0.6075 -0.6075 -0.9625 -0.9625 -0.84 -0.84 -0.45839427 -0.4425 -0.4425 -0.4425 -0.64 -0.64 -0.64 -0.64 -0.64 0.175 0.175 0.175 0.175 0.175 -0.56999746 -0.57 -0.57 -0.57 -0.355 -0.355 -0.355 -0.3775 -0.3775 -0.3775 -0.7 -0.7 -0.8025 -0.8025 -0.0225 -0.0225 -0.0225 0.0325 0.0325 0.0325 0.0325 0.053652939 0.29 0.29 0.29 0.01000001 0.535 0.535
-0.7125 -0.7125 -0.71235378 -0.6075 -0.6075 -0.6075 -0.6075 -0.57417959 -0.5725 -0.57295926 -0.83999999 -0.44252178 -0.4425 -0.4425 -0.44250068 -0.64 -0.64 -0.64 -0.64 -0.64 -0.99022343 0.175 0.175 0.175 0.17483883 -0.57000211 -0.57 -0.57 -0.57 -0.355 -0.355 -0.355 -0.35500358 -0.3775 -0.7 -0.7 -0.7 -0.70000375 -0.80244681 -0.0225 -0.0225 -0.0225 0.032496661 0.0325 0.0325 0.0325 0.29000293 0.29 0.29 0.29 0.535 0.535 0.535
0.1125 0.11249856 -0.6075298 -0.6075 -0.6075 -0.6075 -0.57250745 -0.5725 -0.5725 -0.5725 -0.7025 -0.7025 -0.7025 -0.7025 -0.64028842 -0.64 -0.64 -0.64 -0.64 -1.0399998 -1.04 -1.04 -0.60749987 -0.6075 -0.6075 -0.6075 -0.60426327 -0.57 -0.39500717 -0.395 -0.395 -0.395 -0.395 -0.057500003 -0.0575 -0.0575 -0.0575 -0.0575 0.33 0.33 0.33 0.33 0.33 0.58416715 0.585 0.585 0.585 0.29 0.29 0.29 0.5349614 0.535 0.535
0.1125 0.1125 0.11241607 0.10249857 0.10249984 0.10184149 -0.5725 -0.5725 -0.5725 -0.5725 -0.7025 -0.7025 -0.7025 -0.7025 -0.7025 -0.64 -0.64 -0.64 -1.0399999 -1.04 -1.04 -1.04 -0.6075 -0.6075 -0.6075 -0.6075 -0.6075 -0.60749185 -0.39492856 -0.395 -0.395 -0.395 -0.3949713 0.077139135 -0.057360587 -0.0575 -0.0575 -0.057499997 0.33 0.33 0.33 0.33 0.33 0.585 0.585 0.585 0.585 0.44705224 0.29 0.79430997 0.8 0.36 0.36
0.1125 0.1125 0.10250127 0.1025 0.1025 0.1025 -0.068947153 -0.5725 -0.5725 -0.5725 -0.7025 -0.7025 -0.7025 -0.7025 -0.7025 -0.6400458 -0.64 -1.0398827 -1.04 -1.04 -1.04 -1.04 -0.76772243 -0.6075 -0.6075 -0.6075 -0.6075 -0.6072185 -0.21 -0.21 -0.21 -0.21 -0.21 0.18 0.18 0.18 0.18 0.18 0.8375 0.8375 0.8375 0.8375 0.83749999 0.58626967 0.58500027 0.585 0.58508814 0.59563703 0.8 0.8 0.8 0.36000246 0.36
0.11250066 0.46303019 0.10250005 0.1025 0.1025 0.1025 0.1025 -0.57221259 -0.5725 -0.5725 -0.7025 -0.7025 -0.7025 -0.7025 -0.45560837 -0.45 -0.45 -1.0399848 -1.04 -1.04 -1.04 -1.04 -1.0399999 -0.6075 -0.6075 -0.6075 -0.6075 -0.25999996 -0.25999998 -0.24935878 -0.21 -0.21 -0.21 0.18 0.18 0.18 0.18 0.17989163 0.8375 0.8375 0.8375 0.8375 0.83749598 1.105 1.105 1.105 1.105 1.1049754 0.8 0.8 0.8 0.79999987 0.58168633
0.47 0.47 0.40690037 0.1025 0.1025 0.1025 0.1025 0.1025 -0.57221044 0.14749999 0.1475 0.1475 0.14548278 -0.45000036 -0.45 -0.45 -0.45 -0.45 -1.039995 -0.99743241 -0.625 -0.625 -0.625 -0.61930501 -0.58448954 -0.46136495 -0.35743769 -0.26 -0.26 -0.26 -0.26 -0.26 -0.25659324 0.018400674 0.02 0.02 0.02 0.02 0.8276374 0.78500009 0.785 0.785 0.785 0.87500067 1.1049999 1.105 1.105 0.8025 0.80000004 0.8 0.8 0.585 0.585
0.47 0.47 0.5025 0.5025 0.5025 0.10263324 0.1025 0.1025 0.1475 0.1475 0.1475 0.1475 0.1475 -0.44999997 -0.45 -0.45 -0.45 -0.45 -0.625 -0.625 -0.625 -0.625 -0.625 -0.32000002 -0.32 -0.32 -0.32 -0.26 -0.26 -0.26 -0.26 -0.26 -0.1225 -0.1225 0.019999999 0.02 0.02 0.22996424 0.23 0.785 0.785 0.785 0.78500001 0.875 0.875 0.875 0.8025 0.8025 0.8025 0.5525 0.5525 0.585 0.585
0.47 0.47 0.5025 0.5025 0.5025 0.5025 0.50249886 0.295 0.14763888 0.1475 0.1475 0.1475 0.1475 -0.44254673 -0.45 -0.45 -0.45 -0.45 -0.625 -0.625 -0.625 -0.625 -0.625 -0.32 -0.32 -0.32 -0.32 -0.31999975 -0.26 -0.26 -0.26 -0.12250721 -0.1225 -0.1225 -0.1225 0.02 0.23 0.23 0.23 0.24460309 0.86297828 0.8775 0.8775 0.875 0.875 0.875 0.8025 0.8025 0.8025 0.5525 0.5525 0.5525 0.55329993
0.39 0.39000063 0.5025 0.5025 0.5025 0.5025 0.295 0.295 0.295 0.1475 0.1475 0.1475 0.1475 0.14731426 -0.45 -0.45 -0.45 -0.45 -0.62499659 -0.625 -0.625 -0.62499999 -0.37371132 -0.32 -0.32 -0.32 -0.32 -0.23250007 -0.2325 -0.2325 -0.25969971 -0.1225 -0.1225 -0.1225 -0.12249961 0.28749999 0.23 0.23 0.23 0.23000001 0.8775 0.8775 0.8775 0.9175 0.9175 0.9175 0.79750049 0.8025 0.8025 0.5525 0.5525 0.5525 0.5500001
