interpolatedSpi/02-03|22_2.tif
NCOLS 53
NROWS 52
XLLCORNER -116.03883
YLLCORNER 28.596182
DX 0.49850594
DY 0.49788537
NODATA_VALUE -9999
[rows 0 to 29 of 52, columns 0 to 52 of 53]
0.82333333 0.82333333 0.71940171 0.4 1.6333333 1.02 0.9 1.0666667 0.93931795 0.63333333 0.86 0.66 0.82005819 1.5266667 1.5766667 1.5766667 1.5766667 1.14 1.2066667 1.2066667 1.2066667 1.2066571 0.21000001 0.87666667 0.87666667 0.87666667 0.69000081 0.69 0.69 0.35 0.35 0.35 0.35 -1.093333 -1.0933333 -1.0933333 -1.0933333 -1.0933333 -1.0933333 -1.0933333 -0.47664111 -0.47035612 -1.87 -1.87 -1.87 -1.87 -1.8708439 -2.3866667 -2.3866667 -2.3866667 -0.11333805 -0.11333333 -0.11333333
0.82330756 0.24333333 0.23999996 0.30308405 0.61685401 1.1866667 1.27 0.80682615 0.75666667 0.63 0.61666667 0.82 0.82 0.92534513 1.5266598 1.5766667 1.14 1.14 1.2065797 1.2066667 1.2066667 1.2066667 0.8675429 0.87666667 0.87666667 0.87666667 1.56 1.56 0.35 0.35 0.35 0.35 0.35 -1.0933331 -1.0933333 -1.0933333 -1.0933333 -1.0933333 -1.0933332 -0.76266389 0.86991523 -1.5375228 -1.87 -1.87 -1.87 -1.87 -1.87 -2.3866667 -2.3866667 -2.3866667 -2.1981597 -0.11333333 -0.11333333
0.47667308 0.47666667 0.20333333 0.8 0.043333333 -0.056666667 0.14 0.30333333 -0.016666667 0.51666667 0.98666667 -0.10666667 0.59666667 1.09 0.92333333 0.25666667 1.14 1.14 1.14 1.173343 1.1733333 1.1733333 0.70333333 0.87666667 0.87666667 0.87666667 1.56 1.56 1.56 0.35 0.35 0.35000001 0.49121069 -1.0879693 -1.0752761 0.82888953 0.84666667 0.84666667 0.84960139 0.87 0.87 0.86649623 -1.87 -1.87 -1.87 -1.87 -1.87 -2.3866667 -2.3866667 -2.3866667 -2.3866667 -0.11333333 -0.11333333
-0.29 0.47666647 -0.49002859 1.14 -0.62333333 -0.076666667 -0.42 -0.60666667 0.64 0.3151586 0.22 -0.12333333 0.10666667 1.09 0.40666667 0.25666667 0.011887234 0.010791743 -0.28 1.1733333 1.1733333 -0.14666667 0.70333333 0.70333333 0.87666667 0.87667008 1.56 1.56 1.56 0.11 0.40262812 0.64333333 0.64333333 0.64333349 0.84666667 0.84666667 0.84666667 0.84666667 0.87 0.87 0.87 0.8699999 -1.87 -1.87 -1.87 -1.87 -1.87 -2.3866601 -2.3866667 -2.3866667 -2.3866667 -0.11334063 -0.11333333
-0.29 -0.18000057 -0.49 -0.78173497 -0.62333333 -0.64666667 -0.34334379 -0.63 -0.27666667 0.41666648 0.33750179 0.30337296 0.58 0.40666667 0.40666667 0.30242648 0.01 0.01 -0.28 -0.28 1.1733307 -0.14666667 0.27 0.75 0.49333333 0.49329462 1.56 1.56 0.11 0.11 0.64333333 0.64333333 0.64333333 0.59178987 0.84666667 0.84666667 0.84666667 0.87 0.87 0.87 0.87 0.87002606 -1.87 -1.87 -1.87 -1.87 -1.87 -1.874599 -2.3866667 -2.3865747 -0.33666667 -0.33666667 -0.33666667
-1.2966667 -0.53 0.31000001 0.03 -1.09 -0.61333333 -0.11666667 -0.18238803 -0.24666667 -0.44666667 -0.3 0.29666667 0.29666685 0.056666667 0.056666667 0.15671656 0.15666667 0.22 0.22 -0.27999902 -5.6415691e-20 -5.6715552e-49 0.75 0.49333333 0.49333333 0.32666667 0.22333333 0.22333333 0.63661786 0.11 0.64333333 0.64333333 0.37 0.36994671 -0.13996334 0.28666667 0.28666667 0.68953252 0.87 0.87 1.1396633 1.14 1.1400011 -0.74030065 -0.7201271 -0.72000031 -0.72000004 -0.72000043 -0.44559874 -0.33666667 -0.33666667 -0.33666667 -0.33666667
-0.81000416 -0.22333333 -0.57585846 -0.34333333 -0.36333333 -1.2166667 -0.87666666 -1.0466667 -0.78 -0.78 -0.3 0.15 -0.17666667 0.056666667 0.36333241 0.36333333 0.15666667 0.59666667 0.83 0.83 -0.098965627 -0.21 -0.21 0.41666667 0.32666667 0.32666667 0.22333333 0.22333333 0.63662374 0.63587628 0.65433434 0.37 0.37 -0.14 -0.14 0.45187415 0.28666667 0.28666667 0.89331231 1.1399997 1.14 1.14 1.1400053 -0.71999338 -0.72 -0.72 -0.72 -0.71999981 -0.39666667 -0.33667856 -0.33666667 -0.33666667 -0.33666667
-0.81 -0.89333333 -0.36 -0.87666667 -0.53001987 -0.90333333 -0.95 -0.98333333 -0.70333333 -0.95333333 -0.95333333 -0.22666667 -0.17666667 -0.17666667 0.35962843 0.11742895 0.093333333 0.61333333 -0.26666554 0.83 0.6510479 0.79 -0.52 0.57 0.56999071 -0.15 0.050000002 0.050000061 -0.097418617 -0.099999983 0.65666667 -0.10099103 -0.2 -0.14 -0.11414078 0.59 0.59 0.89333333 0.89333333 1.14 1.14 1.14 0.47305069 0.46666661 -0.72 -0.72 -0.72 -0.39667897 -0.39666667 -0.39666667 -0.33666667 -0.33666667 -0.33666667
-0.91507923 -0.89333333 -0.64666667 0.0033333333 -0.55666667 -1.04 -0.53666667 -0.79666667 -1.0033333 -0.27766511 -0.40333333 -0.53333334 -0.53333333 -0.096666667 -0.096672309 -0.52826272 -0.53 -0.53 0.47899999 -0.81666667 -0.84666667 -0.84666665 1.77 0.38245135 -0.07744301 -0.15 0.57666667 0.05 1.0176773 1.0233333 -0.073333333 1.31 0.91043011 0.31333333 0.76666667 0.57666667 1.0933333 -0.0066666667 0.90291313 1.1422765 1.65 1.4066667 0.46673235 0.46666667 0.45998746 -0.72 -0.84999999 -0.39666667 -0.39666667 -0.39666667 -0.39666666 -0.18435257 0.12666667
-1.0366667 -1.0366667 -0.49333333 -0.37 -0.48333333 -1.1766667 -0.56333333 -1.1766667 -0.75333333 -0.093488119 -0.65 1.05 -0.096666667 -0.096666667 -0.69666667 -0.69438076 -0.53 -0.53002975 -0.69333333 -0.81666667 -0.81666667 -0.82053167 1.77 0.88001685 0.88 0.88 0.57666667 0.0066666672 0.0066666669 1.0233333 1.0233333 1.3084954 0.51666667 0.31333333 0.26333333 0.57666667 1.0933333 0.33 0.90333333 1.4345816 1.4066667 1.2095279 0.87 0.46666667 0.46666667 -0.85 -0.85 -0.85 -0.39666667 -0.39666667 0.88666667 0.88666667 0.88666638
-1.0366667 -1.0366667 -0.93 -1.3066667 -1.2566667 -0.066666667 -1.0566667 0.028802098 -0.31 -0.48333333 -1.0566667 -0.78333333 1.0475576 -0.69666667 -0.69666667 -0.6966286 -0.36666667 -0.38381167 -0.69333333 -0.46333333 -0.46333333 -0.84333333 -0.84333333 0.88 0.88 0.88 0.0066666667 0.0066666667 0.0066666667 0.38666667 0.38666667 0.38666688 0.26333333 0.26333333 -0.04 -0.36666667 0.95333333 0.6599981 0.75666667 1.4433333 1.4433333 0.60000089 0.87 0.46666667 0.28333303 -0.17 0.80616974 0.81333333 1.2466667 1.2466667 0.88666667 0.88666667 0.88666667
-1.0366667 -0.9907188 -1.0907371 -1.2533283 -0.85666667 -0.90333333 -1.0566667 0.03 -0.30999716 -0.48141301 -0.78333294 -0.78333333 -0.23333333 -0.69666667 -0.69666667 -0.36666668 -0.36666667 -0.36668526 -0.69333333 -0.46333333 -0.5379576 -0.84333333 -0.84333333 0.87993048 0.88 0.36171882 -0.69666667 -0.69666667 -0.69666658 0.38666667 0.38666667 -0.18666667 -0.18666667 0.2633325 -0.04 0.36666669 0.87048339 0.66 0.66 1.4433333 0.6 0.6 0.59999775 0.28333333 0.28333333 -0.17 0.81333333 0.81333333 1.2466667 1.2466667 0.88666667 0.88666667 0.88666667
-0.30666667 -0.1639738 -0.093378078 -0.10173501 -0.85666707 -0.90333223 -1.0566667 0.016623754 -0.28657052 -0.31452619 -0.23333333 -0.23333333 -0.23333333 -0.23333333 -0.69660103 -0.36666667 -0.36666667 -0.37088445 -0.69333333 -0.4634862 -0.98666667 -0.98666667 -0.98666667 -0.98666667 0.84709525 -0.69666667 -0.69666667 -0.69666667 -0.69666667 -0.69601077 -0.18666667 -0.18666667 -0.18666667 -0.18666667 0.36666667 0.36666667 0.36666667 0.64559586 0.65869817 0.48666667 0.48666667 0.5999939 0.62998813 0.28336672 0.28333333 -0.17 0.81333333 0.81333333 1.2466667 1.2466667 0.88797271 0.88666667 1.7636687
-0.30666667 -0.093333333 -0.093333333 -0.093333333 -0.093333333 -0.093333674 -1.0562741 -0.54254054 -0.22406291 -0.23342023 -0.23333333 -0.23333333 -0.23333333 -0.23333333 -0.23333344 -0.36666667 -0.36666672 -0.38907377 -0.69332973 -0.98666667 -0.98666667 -0.98666667 -0.98666667 -0.98666667 -0.98306271 -0.65755867 -0.61000002 -0.61 -0.61 -0.61 -0.18666667 -0.18666667 -0.1866667 -0.21333333 -0.21333333 0.36666667 0.1787096 0.17333333 0.48666649 0.48666667 0.48666667 0.48666667 0.63 0.63 0.63 0.62443273 1.1078656 1.11 1.11 1.11 1.11 0.87666667 0.87666667
-0.42666667 -0.093333333 -0.093333333 -0.093333333 -0.093333333 -0.093333333 -0.093333395 -0.78205104 -0.37249826 -0.37333333 -0.37333333 -0.37333333 -0.37333333 -0.37333333 -0.37333333 -0.53662234 -0.36944643 -0.41139833 -0.98662967 -0.98666667 -0.98666667 -0.98666667 -0.98666667 -0.98666629 -0.82 -0.82 -0.8199997 -0.61 -0.61 -0.60963956 -0.43 -0.43 -0.21333333 -0.21333333 -0.21333333 0.11139365 0.17333333 0.17333333 0.17333333 0.48666667 0.48666667 0.48666667 0.63 0.63 0.63 0.63 1.11 1.11 1.11 1.11 1.11 0.87666667 0.87666667
-0.42666667 -0.30257045 -0.093333333 -0.093333333 -0.093333333 -0.093333333 -0.73320772 -0.73333333 -0.73333332 -0.37333333 -0.37333333 -0.37333333 -0.37333333 -0.37333333 -0.41010117 -0.54 -0.54 -0.54 -0.66099447 -0.66000033 -0.66 -0.66 -0.66 -0.66 -0.82 -0.82 -0.82 -0.82 -0.61 -0.43 -0.43 -0.43 -0.21333335 -0.21333333 -0.21333333 0.41666667 0.17365551 0.17333333 0.17333333 0.48659265 0.33907579 -0.0051922017 0.63 0.63 0.23788052 0.23666667 0.23666667 1.1082173 0.030452426 0.026666761 0.026666872 0.34674681 0.87666559
-0.42666667 -0.92945685 -0.52347246 -0.093333333 -0.093333333 -0.73295519 -0.73333333 -0.73333333 -0.73333333 -0.73073907 -0.37333333 -0.37333333 -0.37333333 -0.37333335 -0.54 -0.54 -0.54 -0.54 -0.65989281 -0.66 -0.66 -0.66 -0.66 -0.66 -0.82 -0.82 -0.82 -0.82 -0.81858144 -0.43 -0.43 -0.43 -0.95333332 -0.21328711 0.41666667 0.41666667 0.41666667 0.41280115 0.0047306986 -0.0066666667 -0.0066666667 -0.0066666667 0.093333333 0.093333333 0.23666667 0.23666667 0.23666667 0.026666669 0.026666667 0.026666667 0.026666667 0.34666667 0.34666667
-0.94282488 -0.94333333 -0.94333333 -0.94333333 -0.75666667 -0.73333394 -0.73333333 -0.73333333 -0.73333333 -0.73333333 -0.41850602 -0.37334111 -0.37333335 -0.54 -0.54 -0.54 -0.54 -0.54 -0.5647686 -0.66 -0.66 -0.66 -0.66 -0.66 -0.90826276 -1.1866647 -1.1866667 -1.1866667 -1.1866667 -0.43000003 -0.95333332 -0.95333333 -0.95333333 -0.95333333 0.41666667 0.41665745 0.066666667 0.066666667 -0.0057509907 -0.0066666667 -0.0066666667 -0.0066666667 0.093333333 0.093333333 0.21447373 0.23666667 0.23666667 0.026666667 0.026666667 0.026666667 0.030097899 0.34666667 0.34666667
-0.94333333 -0.94333333 -0.94333333 -0.85542922 -0.75666667 -0.75666667 -0.73333333 -0.73333333 -0.73333333 -0.73333333 -0.97 -0.97 -0.97 -0.54 -0.54 -0.54 -0.54 -0.53996585 -0.78333333 -0.78333333 -0.66000005 -0.66 -0.66795296 -0.98666667 -0.98846718 -1.1866667 -1.1866667 -1.1866667 -1.1866667 -0.95335709 -0.95333333 -0.95333333 -0.95333333 -0.95333333 0.066667897 0.066666667 0.066666667 0.066666667 0.066358918 -0.0066666667 -0.0066666667 -0.0066666666 0.093333333 0.093333333 0.093333333 0.23666667 0.23666667 0.026666664 0.026666667 0.026666666 0.34666667 0.34666667 0.34666667
-0.94333333 -0.94333333 -0.94333333 -0.75666667 -0.75666667 -0.75666667 -0.75666663 -0.73333333 -0.73333333 -0.96975569 -0.97 -0.97 -0.97 -0.96973209 -0.37271937 -0.33333333 -0.33333333 -0.33333334 -0.78333333 -0.78333333 -0.78333333 -0.98666667 -0.98666667 -0.98666667 -0.98660224 -0.96112121 -1.1866667 -1.1866667 -1.1866667 -1.4574261 -1.5666063 -1.5666667 -1.5666667 -1.5666667 -0.29534995 -0.79999803 -0.8 -0.8 -0.8 -0.18997491 -0.19 -0.19 0.093333333 0.093333333 -0.0099995686 -0.010000107 -0.31333333 -0.31333333 -0.19666667 -0.19666667 -0.19666667 0.34666667 -0.34271639
-0.94333421 -0.94333333 -0.94333333 -0.75666667 -0.75666667 -0.75666667 -0.75666668 -1.883333 -0.73793148 -0.97024181 -0.97 -0.97 -0.97 -0.96875068 -0.33333333 -0.33333333 -0.33333333 -0.33333346 -0.78333333 -0.78333333 -0.78333333 -0.98666667 -0.98666667 -0.98666667 -0.75666667 -0.75666667 -0.79333333 -0.79333333 -0.79333333 -0.79755211 -1.5666667 -1.5666667 -1.5666667 -1.5666667 -1.1835439 -0.8 -0.8 -0.8 -0.8 -0.19 -0.19 -0.19 -0.18433651 -0.01 -0.01 -0.01 -0.31333333 -0.31333333 -0.19666667 -0.19666667 -0.19666667 -0.34333333 -0.34333333
-1.2266667 -1.0968594 -1.36 -1.359825 -0.75666667 -1.8768145 -1.8833333 -1.8833333 -1.6319121 -1.2366667 -1.2366667 -1.2366667 -1.2366667 -0.17003472 -0.17 -0.33333321 -0.33333333 -0.34519017 -0.78333333 -0.78333333 -0.78333333 -0.52 -0.52 -0.52 -0.75666667 -0.75666667 -0.79333333 -0.79333333 -0.79333333 -0.79333395 -1.6399995 -1.6399998 -1.5685098 -1.5667453 -1.1138484 -1.1133333 -1.1133333 -1.1133333 -1.1133333 -0.19 -0.19 -0.19 -0.019911615 -0.01 -0.01 -0.010000082 -0.31333333 -0.31333333 -0.31332913 -0.19666667 -0.19667814 -0.45333333 -0.34333333
-0.90006204 -0.90000008 -1.36 -1.36 -1.36 -1.8833333 -1.8833333 -1.8833333 -1.1933333 -1.1933333 -1.2366667 -1.2366667 -1.2366667 -0.17 -0.17 -0.17 -0.17 -0.17006868 -0.78333333 -0.78333333 -0.78333332 -0.52 -0.52 -0.52 -0.75666667 -0.75666667 -0.79333333 -0.79333333 -0.79333333 -1.6304538 -1.64 -1.64 -1.64 -1.64 -1.1135932 -1.1133333 -1.1133333 -1.1133333 -1.1133333 -0.56666657 -0.56666667 -0.56666667 -0.56666667 -0.010003529 -0.47 -0.47 -0.47 -0.38666667 -0.38666667 -0.38666667 -0.45333333 -0.45333333 -0.45333333
-0.9 -0.9 -1.36 -1.36 -1.36 -1.8805826 -1.8833333 -1.1933333 -1.1933333 -1.1933333 -1.2366613 -1.2366667 -1.0024242 -0.17000018 -0.17 -0.17 -0.17 -0.50666667 -0.50666667 -0.50666667 0.31666665 0.31666604 -0.51999592 -0.52 -0.52003286 -0.46333333 -0.46333333 -0.46333412 -0.79328 -1.2700737 -1.270002 -1.2700646 -1.6393676 -1.6396807 -1.206896 -1.1133335 -1.1143834 -1.4266667 -1.4266667 -0.56666667 -0.56666667 -0.56666667 -0.56666667 -0.47 -0.47 -0.47 -0.47 -0.38666667 -0.38666667 -0.38666667 -0.45333333 -0.45333333 -0.45333333
-0.9 -0.9 -1.36 -1.36 -1.36 -1.36 -1.6250865 -1.1933333 -1.1933333 -1.1933333 -1.1931989 -0.95 -0.95 -0.95 -0.17459672 -0.17 -0.5044232 -0.50666667 -0.50666667 -0.50666667 0.31666667 0.31666667 0.31666667 0.31666667 -0.46333333 -0.46333333 -0.46333333 -0.46333333 -0.46333333 -1.27 -1.27 -1.27 -1.27 -1.2700009 -1.7 -1.4266667 -1.4266667 -1.4266667 -1.4266667 -1.4266644 -0.85333333 -0.85333333 -0.85333333 -0.70038927 -0.38333333 -0.38333333 -0.38333333 -0.38666667 -0.38666704 -0.77333333 -0.77333333 -0.39668045 -0.39666667
-0.9 -0.9 -1.1939723 -1.36 -1.36 -1.36 -1.4129429 -1.1940267 -1.1933333 -1.1933333 -0.95000002 -0.95 -0.95 -0.95 -0.95 -0.88599996 -0.50666667 -0.50666667 -0.50666667 -0.50666667 0.3166603 0.31666667 0.31666667 0.31666667 -0.46333333 -0.46333333 -0.46333333 -0.46333333 -0.46333333 -0.92515367 -1.27 -1.27 -1.27 -1.7 -1.7 -1.6997877 -1.4266667 -1.4266667 -1.3553814 -1.3 -0.85333333 -0.85333333 -0.85333333 -0.70175657 -0.38333333 -0.38333333 -0.38333333 -0.46666667 -0.7695123 -0.77333333 -0.77333333 -0.39666667 -0.39666667
-1.1666667 -1.1666667 -1.1666667 -1.311526 -1.3595525 -1.4133333 -1.4133333 -1.4133333 -1.4133333 -1.03 -1.03 -0.95000001 -0.95 -0.95 -0.95 -0.94997188 -0.50666667 -0.50666667 -0.50666667 -0.50666667 -0.042609292 0.31666667 0.31666667 0.32957741 0.75329991 -0.46333333 -0.46333333 -0.46333333 -0.80333333 -0.80333333 -0.80333333 -0.80333529 -1.7 -1.7 -1.7 -1.7 -1.3 -1.3 -1.3 -1.3 -0.51333333 -0.51333333 -0.51333333 -0.2200059 -0.22 -0.22 -0.22000005 -0.46666667 -0.46666667 -0.77295968 -0.77333333 -0.39666539 -0.39666667
-1.1666667 -1.1666667 -1.1666667 -1.1666604 -1.05 -1.1028346 -1.4133333 -1.4133333 -1.4133333 -1.03 -1.03 -1.03 -0.47666669 -0.47666667 -0.47666667 -0.47666667 -0.50640411 -0.50666667 -0.50666667 -0.50666667 -0.49415507 0.80999865 0.81 0.81 0.81 0.80999997 0.10666666 0.10666667 -0.80333333 -0.80333333 -0.80333333 -0.80333333 -1.6999996 -1.7 -1.7 -1.6999604 -1.3 -1.3 -1.3 -1.299459 -0.51333333 -0.51333333 -0.51333333 -0.2200136 -0.22 -0.22 -0.22 -0.46666667 -0.46666667 -0.46666662 -0.14333333 -0.14333333 0.16
-1.1666667 -1.1666667 -1.1666667 -1.0500003 -1.05 -1.05 -1.4133332 -1.4133333 -1.4133333 -1.03 -1.03 -1.03 -0.47666667 -0.47666667 -0.47666667 -0.46803525 -0.36333333 -0.36333333 -0.3633337 -0.50585707 0.81 0.81 0.81 0.81 0.81 0.8094707 0.10666667 0.10666667 0.10666666 -0.80333333 -0.80333333 -0.80320246 -1.2133333 -1.2133333 -1.2133333 -0.88 -0.88 -1.1766667 -1.1766667 -1.1766667 -0.92333333 -0.51346194 -0.51333318 -0.49333333 -0.49333333 -0.48297431 -0.22000114 -0.46666667 -0.46666667 -0.14333333 -0.14333333 -0.14333333 0.16
-1.1666667 -1.1666667 -1.1666667 -1.05 -1.05 -1.05 -1.05 -1.4133333 -1.4133333 -1.03 -1.03 -0.49879202 -0.47666667 -0.47666667 -0.47666667 -0.36333333 -0.36333333 -0.36333333 -0.36333333 -0.36333333 0.81 0.81 0.81 0.81 0.81 0.10666907 0.10666667 0.10666667 0.10666667 -0.6 -0.6 -0.6 -1.2133333 -1.2133333 -1.2133333 -0.88 -0.88 -1.1766667 -1.1766667 -0.92333333 -0.92333333 -0.92333333 -0.49333333 -0.49333333 -0.49333333 -0.49333333 -0.45143819 0.016666667 0.016666667 0.016666667 -0.14333332 0.32 0.32
