interpolatedSpi/02-07|23_1.tif
NCOLS 53
NROWS 52
XLLCORNER -116.03883
YLLCORNER 28.596182
DX 0.49850594
DY 0.49788537
NODATA_VALUE -9999
[rows 0 to 26 of 52, columns 0 to 52 of 53]
-0.27285714 -0.27285714 -0.34126007 -0.57714286 -0.12142857 -0.11857143 -0.20857143 -0.074285714 -0.61883433 -0.47142857 -0.47 -0.42 -0.73569582 -0.51142857 -0.49285714 -0.49285714 -0.49285714 -0.68857143 -0.62714286 -0.62714286 -0.62714286 -0.62713885 -0.21142858 -0.74571429 -0.74571429 -0.74571429 -0.24285671 -0.24285714 -0.24285714 -1.0042857 -1.0042857 -1.0042857 -1.0042857 -1.5942856 -1.5942857 -1.5942857 -1.5942857 -1.5942857 -1.5942857 -1.5942857 0.15402564 0.17253063 -1.1085714 -1.1085714 -1.1085714 -1.1085714 -1.1081001 -0.82 -0.82 -0.82 -0.12285859 -0.12285714 -0.12285714
-0.27287726 -0.72571429 -0.35285716 -0.34690005 -0.40275403 -0.42 -0.56714286 -0.66255913 -0.61142857 -0.75 -0.72571429 -0.73571429 -0.73571429 -0.68798075 -0.51143055 -0.49285714 -0.68857143 -0.68857143 -0.62722295 -0.62714286 -0.62714286 -0.62714286 -0.75744484 -0.74571429 -0.74571429 -0.74571429 -0.85571428 -0.85571429 -1.0042857 -1.0042857 -1.0042857 -1.0042857 -1.0042857 -1.5942856 -1.5942857 -1.5942857 -1.5942857 -1.5942857 -1.5942857 -1.4471597 -0.68149344 -1.0567413 -1.1085714 -1.1085714 -1.1085714 -1.1085714 -1.1085714 -0.82 -0.82 -0.82 -0.76219225 -0.12285714 -0.12285714
0.055696849 0.055714286 -0.37142857 -0.49142857 -0.49428571 -0.18428571 -0.58428571 -0.37428571 -0.92857143 -1.12 -0.87857143 -0.99 -1.0857143 -0.72428571 -0.68857143 -1.2885714 -0.68857143 -0.68857143 -0.68857143 -0.52288746 -0.52285714 -0.52285714 -0.96857143 -0.74571429 -0.74571429 -0.74571429 -0.85571429 -0.85571429 -0.85571429 -1.0042857 -1.0042857 -1.0042857 -1.1418286 -1.5930392 -1.5896983 -1.1059449 -1.1014286 -1.1014286 -1.0486036 -0.68142857 -0.68142857 -0.68197478 -1.1085714 -1.1085714 -1.1085714 -1.1085714 -1.1085714 -0.82 -0.82 -0.82 -0.82 -0.12285714 -0.12285714
0.34428571 0.055714221 -0.2643971 -0.35142857 -0.8 -0.63142857 -0.61714286 -1.0014286 -0.61714286 -0.82410567 -0.90714286 -0.94142857 -1.0314286 -0.72428571 -0.99 -1.2885714 -0.97385502 -0.97123039 -0.97 -0.52285714 -0.52285714 -1.0671429 -0.96857143 -0.96857143 -0.74571429 -0.74571484 -0.85571429 -0.85571429 -0.85571429 -0.95714286 -1.1397742 -1.29 -1.29 -1.2899999 -1.1014286 -1.1014286 -1.1014286 -1.1014286 -0.68142857 -0.68142857 -0.68142857 -0.68142859 -1.1085714 -1.1085714 -1.1085714 -1.1085714 -1.1085714 -0.82000364 -0.82 -0.82 -0.82 -0.12289298 -0.12285714
0.34428571 0.20285629 -0.26428571 -0.76831635 -0.8 -0.97428571 -0.95859666 -1.1942857 -1.4171429 -0.91857161 -0.90999147 -0.9028066 -0.55 -0.99 -0.99 -1.1847909 -0.97142857 -0.97142857 -0.97 -0.97 -0.52285823 -1.0671429 -0.84857143 -0.51 -0.9 -0.89994186 -0.85571429 -0.85571429 -0.95714286 -0.95714286 -1.29 -1.29 -1.29 -1.2735671 -1.1014286 -1.1014286 -1.1014286 -0.68142857 -0.68142857 -0.68142857 -0.68142857 -0.68145381 -1.1085714 -1.1085714 -1.1085714 -1.1085714 -1.1085714 -1.1060028 -0.82 -0.82001794 -1.22 -1.22 -1.22
-0.88857143 -0.28714286 -0.34571427 -0.68714286 -0.49285714 -0.86 -1.1057143 -1.117054 -0.84 -1.2914286 -1.2985714 -1.0271429 -1.0271425 -1.0571429 -1.0571429 -0.79283024 -0.79285714 -1.0085714 -1.0085714 -0.96999979 -1.0971429 -1.0971429 -0.51 -0.9 -0.9 -0.65142857 -1.1157143 -1.1157143 -0.76287555 -0.95714286 -1.29 -1.29 -1.2028571 -1.2028242 -0.88716549 -0.94571429 -0.94571429 -0.76319139 -0.68142857 -0.68142857 -0.94253109 -0.94285714 -0.94285636 -0.8784215 -0.87431161 -0.87428578 -0.87428572 -0.87428581 -1.1940434 -1.22 -1.22 -1.22 -1.22
-0.13428937 -0.064285714 -0.21519309 -0.42142857 -0.44857143 -0.91142857 -0.67857143 -1 -1.3 -1.3 -1.2985714 -1.2928571 -1.2657142 -1.0571429 -0.6814297 -0.68142857 -0.79285714 -0.58285714 -0.72714286 -0.72714286 -1.0109687 -0.91428571 -0.91428571 -0.70428572 -0.65142857 -0.65142857 -1.1157143 -1.1157143 -0.76289028 -0.76346717 -0.76176129 -1.2028571 -1.2028571 -0.88714286 -0.88714286 -0.96672183 -0.94571429 -0.94571429 -1.3442719 -0.9428577 -0.94285714 -0.94285714 -0.94285273 -0.87428579 -0.87428571 -0.87428571 -0.87428571 -0.87428591 -1.2028571 -1.2199966 -1.22 -1.22 -1.22
-0.13428571 -0.87285714 -0.10428571 -0.93142857 -0.65573009 -0.77571429 -1.24 -1.32 -0.9 -1.1157143 -1.1157143 -0.78142857 -1.2657143 -1.2657143 -0.68543731 -0.81283779 -0.82571429 -0.57285714 -0.61285726 -0.72714286 -0.41107391 -0.35285714 -0.90714286 -0.29857143 -0.2985795 -0.92428571 -0.88428571 -0.8842858 -1.3294362 -1.3314286 -0.76 -0.74501127 -0.82428571 -0.88714286 -0.88539084 -0.98428571 -0.98428571 -1.3442857 -1.3442857 -0.94285714 -0.94285714 -0.94285714 -0.88501272 -0.88714286 -0.87428571 -0.87428571 -0.87428571 -1.2028446 -1.2028571 -1.2028571 -1.22 -1.22 -1.22
-0.92660779 -0.87285713 -0.075714286 -0.73142857 -0.59285714 -1.2614286 -0.92 -0.61571429 -1.0171429 -0.62525923 -0.42857143 -1.0071429 -1.0071429 -0.59857143 -0.59857166 -0.98526835 -0.98571429 -0.98571429 -0.57896321 -1.01 -1.0385714 -1.0385714 -1.3028571 -1.0630873 -0.86123024 -0.92428571 -0.88571429 -0.88428571 -0.72521547 -0.72428571 -0.72285714 -0.78857143 -0.70223121 -1.0942857 -0.82571429 -0.95857143 -0.88285714 -0.77571429 -0.64006267 -0.94141598 -0.62 -0.53714286 -0.88707867 -0.88714286 -0.88707049 -0.87428571 -1.2614286 -1.2028571 -1.2028571 -1.2028571 -1.2028571 -1.0974491 -0.20142857
-1.2271429 -1.2271429 -0.24142857 -0.54285714 -1.2185714 -0.87714286 -0.69 -0.96 -0.74571429 -0.52573793 -0.69857143 -0.32142857 -0.59857143 -0.59857143 -0.62285714 -0.62783389 -0.98571429 -0.98553832 -0.18571429 -1.01 -1.01 -1.0136809 -1.3028571 -0.72286813 -0.72285714 -0.72285714 -0.88571429 -0.80428571 -0.80428571 -0.72428571 -0.72428571 -0.78824629 -0.61714286 -1.0942857 -0.89142857 -0.95857143 -0.88285714 -1.1942857 -0.64 -0.50929606 -0.53714286 -0.52087497 -0.49285714 -0.88714286 -0.88714286 -1.2614286 -1.2614286 -1.2614286 -1.2028571 -1.2028571 -0.23571429 -0.23571429 -0.23571427
-1.2271429 -1.2271429 -1.0357143 -1.0157143 -0.89857143 -0.50428571 -1.19 -0.4564354 -0.49857143 -0.67 -0.67 -0.20428571 -0.32127303 -0.62285714 -0.62285714 -0.62283786 -0.45571429 -0.44154342 -0.18571429 -0.18428571 -0.18428571 -0.15142857 -0.15142857 -0.72285714 -0.72285714 -0.72285714 -0.80428571 -0.80428571 -0.80428571 -0.88428571 -0.88428571 -0.88428527 -0.78142857 -0.78142857 -1.4457143 -1.12 -0.64857143 -0.7757185 -0.57285714 -0.50714286 -0.50714286 -0.51714278 -0.49285714 -0.88714286 -0.40428593 -0.57 -0.40370997 -0.4 -0.33 -0.33 -0.23571429 -0.23571429 -0.23571429
-1.2271429 -1.144467 -1.0271796 -1.1042715 -0.61 -0.76428571 -1.19 -0.45571429 -0.49857107 -0.66810078 -0.20428632 -0.20428571 -0.14857143 -0.62285714 -0.62285714 -0.45571429 -0.45571429 -0.45569892 -0.18571429 -0.18428571 -0.17783324 -0.15142857 -0.15142857 -0.72283408 -0.72285714 -0.67495801 -0.57714286 -0.57714286 -0.57714289 -0.88428571 -0.88428571 -0.48714286 -0.48714286 -0.78143039 -1.4457143 -0.56000038 -0.74844891 -0.77571429 -0.77571429 -0.50714286 -0.51714286 -0.51714286 -0.51714204 -0.40428571 -0.40428571 -0.57 -0.4 -0.4 -0.33 -0.33 -0.23571429 -0.23571429 -0.23571429
-0.63142857 -0.73795522 -0.71286847 -0.71568515 -0.61000088 -0.76428207 -1.19 -0.46475292 -0.49561813 -0.50304789 -0.14857143 -0.14857143 -0.14857143 -0.14857143 -0.62278996 -0.45571429 -0.45571429 -0.45222816 -0.18571429 -0.18425762 -0.087142857 -0.087142857 -0.087142857 -0.087142857 -0.71198205 -0.57714286 -0.57714286 -0.57714286 -0.57714286 -0.57722916 -0.48714286 -0.48714286 -0.48714286 -0.48714286 -0.56 -0.56 -0.56 -0.76589155 -0.77348258 -0.47857143 -0.47857143 -0.51714078 -0.39428606 -0.40428475 -0.40428571 -0.57 -0.4 -0.4 -0.33 -0.33 -0.23605634 -0.23571429 -0.68379968
-0.63142857 -0.71285714 -0.71285714 -0.71285714 -0.71285714 -0.71285716 -1.1889102 -0.84256886 -0.48773906 -0.14895257 -0.14857143 -0.14857143 -0.14857143 -0.14857143 -0.14857114 -0.45571429 -0.45571424 -0.43719413 -0.18571773 -0.087142857 -0.087142857 -0.087142857 -0.087142857 -0.087142857 -0.086187447 -0.32904542 -0.24142864 -0.24142857 -0.24142857 -0.24142857 -0.48714285 -0.48714286 -0.48714226 0.0071428571 0.0071428571 -0.56 -0.05862684 -0.044285714 -0.47857118 -0.47857143 -0.47857143 -0.47857143 -0.39428571 -0.39428571 -0.39428571 -0.39550853 0.037101897 0.04 0.04 0.04 0.039999993 -0.53999994 -0.54
-0.83714286 -0.71285714 -0.71285714 -0.71285714 -0.71285714 -0.71285714 -0.71285717 -0.71789893 0.26021317 0.26428571 0.26428571 0.26428571 0.26428571 0.26428571 0.26428571 0.3551746 -0.44279063 -0.41874208 -0.087155341 -0.087142857 -0.087142857 -0.087142857 -0.087142857 -0.087142583 -0.042857143 -0.042857143 -0.042857422 -0.24142857 -0.24142857 -0.24053892 0.20285714 0.20285714 0.0071428571 0.0071428571 0.0071428571 -0.036047325 -0.044285714 -0.044285714 -0.044285714 -0.47857143 -0.47857143 -0.47857143 -0.39428571 -0.39428571 -0.39428571 -0.39428571 0.039999998 0.04 0.04 0.04 0.04 -0.54 -0.54
-0.83714286 -0.7908727 -0.71285714 -0.71285714 -0.71285714 -0.71285714 0.029854202 0.03 0.030000006 0.26428571 0.26428571 0.26428571 0.26428571 0.26428571 0.28477065 0.35714286 0.35714286 0.35714286 0.14785404 0.14857119 0.14857143 0.14857143 0.14857143 0.14857143 -0.042857143 -0.042857143 -0.042857143 -0.042857143 -0.24142857 0.20285714 0.20285714 0.20285714 0.0071428747 0.0071428571 0.0071428572 0.16142857 -0.044013342 -0.044285714 -0.044285714 -0.47855392 -0.4439531 -0.36320299 -0.39428571 -0.39428571 -0.10090818 -0.1 -0.1 0.040011004 0.047117896 0.047142857 0.047142856 0.23845353 -0.53999842
-0.83714286 -0.41313063 -0.55525995 -0.71285714 -0.71285714 0.029561085 0.03 0.03 0.03 0.03168833 0.26428571 0.26428571 0.26428571 0.26428573 0.35714286 0.35714286 0.35714286 0.35714286 0.14875774 0.14857143 0.14857143 0.14857143 0.14857143 0.14857143 -0.042857138 -0.042857143 -0.042857143 -0.042857143 -0.041963395 0.20285714 0.20285714 0.20285714 0.22571429 0.0071638273 0.16142857 0.16142857 0.16142857 0.15890067 -0.34268034 -0.36285714 -0.36285714 -0.36285714 -0.13857143 -0.13857143 -0.1 -0.1 -0.1 0.047142855 0.047142857 0.047142857 0.047142857 0.23857143 0.23857143
-0.4016779 -0.40142857 -0.40142857 -0.40142857 0.088571429 0.030001511 0.03 0.03 0.03 0.03 0.23811222 0.26428121 0.2642857 0.35714286 0.35714286 0.35714286 0.35714286 0.35714286 0.35576243 0.14857143 0.14857143 0.14857143 0.14857143 0.14857143 0.11287622 0.20142725 0.20142857 0.20142857 0.20142857 0.20285714 0.22571429 0.22571429 0.22571429 0.22571429 0.16142857 0.16142255 -0.067142857 -0.067142857 -0.35916471 -0.36285714 -0.36285714 -0.36285714 -0.13857143 -0.13857143 -0.10597219 -0.1 -0.1 0.047142857 0.047142857 0.047142857 0.049195469 0.23857143 0.23857143
-0.40142857 -0.40142857 -0.40142857 -0.17068026 0.088571429 0.088571429 0.03 0.03 0.03 0.03 -0.081428571 -0.081428571 -0.081428571 0.35714286 0.35714286 0.35714286 0.35714286 0.35716694 0.59428571 0.59428571 0.14857161 0.14857143 0.1563273 0.46714286 0.46475075 0.20142857 0.20142857 0.20142857 0.20142857 0.22571181 0.22571429 0.22571429 0.22571429 0.22571429 -0.067142054 -0.067142857 -0.067142857 -0.067142857 -0.068182833 -0.36285714 -0.36285714 -0.36285714 -0.13857143 -0.13857143 -0.13857143 -0.1 -0.1 0.047142857 0.047142857 0.047142858 0.23857143 0.23857143 0.23857143
-0.40142857 -0.40142857 -0.40142857 0.088571429 0.088571429 0.088571429 0.088571339 0.03 0.03 -0.081313545 -0.081428571 -0.081428571 -0.081428571 -0.081155319 0.47508727 0.50285714 0.50285714 0.50285714 0.59428571 0.59428571 0.59428571 0.46714286 0.46714286 0.46714286 0.46716607 0.38426276 0.20142857 0.20142857 0.20142857 0.22752402 0.22857115 0.22857143 0.22857143 0.22857143 -0.066160191 -0.065714289 -0.065714286 -0.065714286 -0.065714286 0.18992435 0.19 0.19 -0.13857143 -0.13857143 0.20714141 0.20714286 0.20285714 0.20285714 0.27 0.27 0.27 0.23857143 0.22429849
-0.40142796 -0.40142857 -0.40142855 0.088571429 0.088571429 0.088571429 0.088571428 0.010000006 0.029920032 -0.08132494 -0.081428571 -0.081428571 -0.081428571 -0.080282042 0.50285714 0.50285714 0.50285714 0.50285717 0.59428571 0.59428571 0.59428571 0.46714286 0.46714286 0.46714286 0.55 0.55 0.64571428 0.64571429 0.64571429 0.64343864 0.22857143 0.22857143 0.22857143 0.22857143 0.081509398 -0.065714286 -0.065714286 -0.065714286 -0.065714286 0.19 0.19 0.19 0.19053938 0.20714286 0.20714286 0.20714286 0.20285714 0.20285714 0.27 0.27 0.27 0.22428572 0.22428571
-0.20428571 -0.29310318 -0.31714286 -0.31702515 0.088571429 0.010454612 0.01 0.01 0.12816278 0.03285715 0.032857143 0.032857143 0.032857143 0.69426418 0.69428571 0.50285729 0.50285714 0.50526615 0.59428571 0.59428571 0.59428571 0.52571429 0.52571429 0.52571429 0.55 0.55 0.64571429 0.64571429 0.64571429 0.64571422 0.55714077 0.55714193 0.23682958 0.22892368 0.10585444 0.10571429 0.10571429 0.10571429 0.10571429 0.19 0.19 0.19 0.20619893 0.20714286 0.20714286 0.20714284 0.20285714 0.20285714 0.20285956 0.27 0.26998722 -0.015714286 0.22428571
-0.047172699 -0.047142904 -0.31714286 -0.31714286 -0.31714286 0.01 0.01 0.01 0.33428571 0.33428571 0.032857143 0.032857143 0.032857143 0.69428571 0.69428571 0.69428571 0.69428571 0.69427389 0.59428571 0.59428571 0.59428571 0.52571429 0.52571429 0.52571429 0.55 0.55 0.64571429 0.64571429 0.64571429 0.55814151 0.55714286 0.55714286 0.55714286 0.55714286 0.10593704 0.10571429 0.10571429 0.10571429 0.10571429 0.20857142 0.20857143 0.20857143 0.20857143 0.20714194 0.087142857 0.087142857 0.087142857 -0.11857143 -0.11857143 -0.11857143 -0.015714286 -0.015714286 -0.015714286
-0.047142857 -0.047142857 -0.31714286 -0.31714286 -0.31714286 0.0082804787 0.01 0.33428571 0.33428571 0.33428571 0.032894249 0.032857143 0.47527181 0.69428569 0.69428571 0.69428571 0.69428571 0.60142857 0.60142857 0.60142857 0.55857143 0.5585714 0.52571445 0.52571429 0.52571094 0.50857143 0.50857143 0.50857176 0.64569212 0.37432216 0.37428669 0.37431764 0.55683034 0.55698505 0.18599571 0.10571426 0.10552279 0.048571429 0.048571429 0.20857143 0.20857143 0.20857143 0.20857143 0.087142857 0.087142857 0.087142857 0.087142857 -0.11857143 -0.11857143 -0.11857143 -0.015714286 -0.015714286 -0.015714286
-0.047142857 -0.047142857 -0.31714286 -0.31714286 -0.31714286 -0.31714286 0.13137067 0.33428571 0.33428571 0.33428571 0.33441829 0.57428571 0.57428571 0.57428571 0.69357853 0.69428571 0.60204735 0.60142857 0.60142857 0.60142857 0.55857143 0.55857143 0.55857143 0.55857143 0.50857143 0.50857143 0.50857143 0.50857143 0.50857143 0.37428571 0.37428571 0.37428571 0.37428571 0.3742848 -0.06 0.048571429 0.048571429 0.048571429 0.048571429 0.048571423 0.021428571 0.021428571 0.021428571 0.03119122 0.051428571 0.051428571 0.051428571 -0.11857142 -0.11857162 -0.31285714 -0.31285714 0.019991312 0.02
-0.047142857 -0.047142857 -0.21969182 -0.31714286 -0.31714286 -0.31714284 0.42697808 0.33457835 0.33428571 0.33428571 0.57428569 0.57428571 0.57428571 0.57428571 0.57428571 0.58412577 0.60142857 0.60142857 0.60142857 0.60142857 0.55857176 0.55857143 0.55857143 0.55857143 0.50857143 0.50857143 0.50857143 0.50857143 0.50857143 0.20115878 0.37428571 0.37428571 0.37428571 -0.06 -0.06 -0.059915692 0.048571429 0.048571429 -0.050316796 -0.12714284 0.021428571 0.021428571 0.021428571 0.030263507 0.051428571 0.051428571 0.051428571 -0.18428571 -0.31125516 -0.31285714 -0.31285714 0.02 0.02
0.31285714 0.31285714 0.31285714 -0.15918454 -0.31612736 0.42714286 0.42714286 0.42714286 0.42714286 0.47857143 0.47857143 0.57428571 0.57428571 0.57428571 0.57428571 0.57428742 0.60142857 0.60142857 0.60142857 0.60142857 0.5772729 0.55857143 0.55857143 0.56148756 0.66281177 0.50857143 0.50857143 0.50857143 0.14 0.14 0.14 0.14000098 -0.06 -0.06 -0.06 -0.06 -0.12714286 -0.12714286 -0.12714286 -0.12714286 0.044285714 0.044285714 0.044285714 -0.17570986 -0.17571429 -0.17571429 -0.17571421 -0.18428571 -0.18428571 -0.31270049 -0.31285714 0.019998783 0.02
