interpolatedSpi/02-03|23_1.tif
NCOLS 53
NROWS 52
XLLCORNER -116.03883
YLLCORNER 28.596182
DX 0.49850594
DY 0.49788537
NODATA_VALUE -9999
[rows 0 to 30 of 52, columns 0 to 52 of 53]
-1.2533333 -1.2533333 -1.3710969 -1.6466667 -0.68666667 -0.95 -0.97333333 -0.84666667 -1.0063007 -0.69 -0.54 -0.76333333 -1.0299544 -0.47666667 -0.33666667 -0.33666667 -0.33666667 -0.59 -1.0166667 -1.0166667 -1.0166667 -1.0166635 -0.69 -0.95 -0.95 -0.95 -0.14666515 -0.14666667 -0.14666667 -1.2833333 -1.2833333 -1.2833333 -1.2833333 -1.9899999 -1.99 -1.99 -1.99 -1.99 -1.99 -1.9899999 0.57899473 0.60591273 -2.3533333 -2.3533333 -2.3533333 -2.3533333 -2.351259 -1.0833333 -1.0833333 -1.0833333 0.15666409 0.15666667 0.15666667
-1.253361 -1.8766667 -1.3433334 -1.298426 -1.1931276 -1.13 -1.86 -1.8029442 -1.2366667 -1.1466667 -1.25 -1.03 -1.03 -1.1676881 -0.4766738 -0.33666667 -0.59 -0.59 -1.0161104 -1.0166667 -1.0166667 -1.0166667 -0.95807102 -0.95 -0.95 -0.95 -1.7433333 -1.7433333 -1.2833333 -1.2833333 -1.2833333 -1.2833333 -1.2833333 -1.9899999 -1.99 -1.99 -1.99 -1.99 -1.9899999 -1.8956187 -1.4600032 -2.2449342 -2.3533333 -2.3533333 -2.3533333 -2.3533333 -2.3533333 -1.0833333 -1.0833333 -1.0833333 -0.98051135 0.15666667 0.15666667
-0.53337108 -0.53333333 -1.37 -1.0666667 -1.3366667 -1.56 -1.7266667 -1.7233333 -1.7733333 -1.6966667 -1.4 -1.7666667 -1.4833333 -0.31 -1.17 -2.1133333 -0.59 -0.59 -0.59 -1.1166376 -1.1166667 -1.1166667 -1.1033333 -0.95 -0.95 -0.95 -1.7433333 -1.7433333 -1.7433333 -1.2833333 -1.2833333 -1.2833334 -1.7727567 -1.9885814 -1.9821814 -1.1576973 -1.15 -1.15 -1.1889898 -1.46 -1.46 -1.4611423 -2.3533333 -2.3533333 -2.3533333 -2.3533333 -2.3533333 -1.0833333 -1.0833333 -1.0833333 -1.0833333 0.15666667 0.15666667
0.14666667 -0.53333333 -0.53011285 -0.74 -1.3533333 -1.48 -1.53 -2.08 -1.82 -1.4912711 -1.7666667 -1.5766667 -1.61 -0.31 -1.6266667 -2.1133333 -1.4451516 -1.4394044 -1.5466667 -1.1166667 -1.1166667 -1.64 -1.1033333 -1.1033333 -0.95 -0.95000396 -1.7433333 -1.7433333 -1.7433333 -1.52 -1.9479686 -2.3 -2.3 -2.2999991 -1.15 -1.15 -1.15 -1.15 -1.46 -1.46 -1.46 -1.46 -2.3533333 -2.3533333 -2.3533333 -2.3533333 -2.3533333 -1.0833494 -1.0833333 -1.0833333 -1.0833333 0.15662214 0.15666667
0.14666667 0.29666515 -0.53 -1.1924286 -1.3533333 -1.34 -1.4366678 -1.77 -1.81 -1.65 -1.5668758 -1.5299752 -1.3566667 -1.6266667 -1.6266667 -1.9417155 -1.44 -1.44 -1.5466667 -1.5466667 -1.1166677 -1.64 -1.4133333 -1.2833333 -1.6533333 -1.653218 -1.7433333 -1.7433333 -1.52 -1.52 -2.3 -2.3 -2.3 -2.2126276 -1.15 -1.15 -1.15 -1.46 -1.46 -1.46 -1.46 -1.4600032 -2.3533333 -2.3533333 -2.3533333 -2.3533333 -2.3533333 -2.3420288 -1.0833333 -1.0833389 -1.2066667 -1.2066667 -1.2066667
-1.52 -0.22 -0.14666664 -1.1166667 -0.59666667 -0.65333333 -1.32 -1.3776129 -1.29 -1.4633333 -1.1566667 -1.3933333 -1.3933333 -0.86 -0.86 -1.0966449 -1.0966667 -0.87 -0.87 -1.5466661 -1.89 -1.89 -1.2833333 -1.6533333 -1.6533333 -1.16 -1.41 -1.41 -1.2200277 -1.52 -2.3 -2.3 -1.8366667 -1.8366054 -1.2500422 -1.9133333 -1.9133333 -1.600249 -1.46 -1.46 -1.4932918 -1.4933333 -1.4933327 -1.3120452 -1.2934505 -1.2933336 -1.2933334 -1.2933337 -1.2971392 -1.2066667 -1.2066667 -1.2066667 -1.2066667
-0.74001752 0.16666667 -0.3544379 0.18 0.16 -0.57 -0.75 -1.1066667 -1.1533333 -1.1533333 -1.1566667 -1.3333333 -1.3433332 -0.86 -1.0066662 -1.0066667 -1.0966667 -0.80333333 -0.87333333 -0.87333333 -1.94341 -2.0033333 -2.0033333 -1.27 -1.16 -1.16 -1.41 -1.41 -1.2200181 -1.2203326 -1.3007085 -1.8366667 -1.8366667 -1.25 -1.25 -1.5811029 -1.9133333 -1.9133333 -2.3799838 -1.4933346 -1.4933333 -1.4933333 -1.4933296 -1.2933334 -1.2933333 -1.2933333 -1.2933333 -1.2933333 -1.32 -1.2066891 -1.2066667 -1.2066667 -1.2066667
-0.74 -1.4533333 -0.22 -0.33333333 -0.14334423 -0.28333333 -0.76333333 -0.97 -0.42 -0.97 -0.97 -1 -1.3433333 -1.3433333 -1.0089765 -1.0370252 -1.04 -0.82 -0.35333387 -0.87333333 -0.54656722 -0.47666667 -1.8433333 -0.81 -0.81000731 -1.3766667 -1.0933333 -1.0933334 -1.5289137 -1.53 -1.3 -0.7828791 -1.1033333 -1.25 -1.2465775 -1.3033333 -1.3033333 -2.38 -2.38 -1.4933333 -1.4933333 -1.4933333 -1.2944796 -1.2966667 -1.2933333 -1.2933333 -1.2933333 -1.319999 -1.32 -1.32 -1.2066667 -1.2066667 -1.2066667
-1.4624363 -1.4533333 -0.16333333 -0.41333333 -0.35 -0.94333333 -0.71666667 -0.33333333 -0.49 -0.21089684 -0.51 -1.3066667 -1.3066667 -0.77333333 -0.77333092 -2.043861 -2.0466667 -2.0466667 -0.74876263 -1.6599999 -1.3 -1.3 -2.48 -2.0942332 -1.3195616 -1.3766667 -1.3 -1.0933333 -0.82821627 -0.82666667 -0.69333333 -1.1966667 -1.1815567 -1.24 -1.13 -1.1566667 -1.19 -1.16 -1.2766128 -1.4922471 -1.25 -0.91666667 -1.2966151 -1.2966667 -1.2966479 -1.2933333 -2.08 -1.32 -1.32 -1.32 -1.32 -1.0003993 -0.32666667
-1.5133333 -1.5133333 -0.61333333 -0.93666667 -0.77 -0.88333333 -0.55 -0.41333333 -0.37666667 -0.14003046 -0.17333333 -0.10333333 -0.77333333 -0.77333333 -0.51666667 -0.53765131 -2.0466667 -2.0462835 -0.31333333 -1.66 -1.66 -1.6136199 -2.48 -1.0566936 -1.0566667 -1.0566667 -1.3 -0.81333333 -0.81333333 -0.82666667 -0.82666667 -1.1966098 -1.1666667 -1.24 -1.0366667 -1.1566667 -1.19 -1.6833333 -1.2766667 -1.1946839 -0.91666668 -0.93993149 -0.98 -1.2966667 -1.2966667 -2.08 -2.08 -2.08 -1.32 -1.32 0.45 0.45 0.44999971
-1.5133333 -1.5133333 -1.4466667 -1.3366667 -0.85333333 -0.85 -1.22 -0.4636657 -0.66 -0.86333333 -0.87 -0.0033333333 -0.1032012 -0.51666667 -0.51666667 -0.51670127 -0.81666667 -0.79024937 -0.31333333 -0.57666667 -0.57666667 -0.65 -0.65 -1.0566667 -1.0566667 -1.0566667 -0.81333333 -0.81333333 -0.81333333 -1.1733333 -1.1733333 -1.1733333 -0.88666667 -0.88666667 -1.44 -1.42 -0.46 -1.220001 -0.98333333 -1.1933333 -1.1933333 -0.96666671 -0.98 -1.2966667 -0.41666733 -1.0866667 -0.62960686 -0.62333334 0.0066666667 0.0066666667 0.45 0.45 0.45
-1.5133333 -1.4845083 -1.3997257 -1.4266473 -0.56333333 -0.95333333 -1.22 -0.46333333 -0.65999836 -0.86108065 -0.0033344528 -0.0033333333 -0.056666667 -0.51666667 -0.51666667 -0.81666666 -0.81666667 -0.81663802 -0.31333333 -0.57666667 -0.59106784 -0.65 -0.65 -1.05665 -1.0566667 -0.94271055 -0.71 -0.71 -0.71000001 -1.1733333 -1.1733333 -0.52333333 -0.52333333 -0.88666818 -1.44 -0.57333361 -0.60111148 -1.22 -1.22 -1.1933333 -0.96666667 -0.96666667 -0.96666269 -0.41666667 -0.41666667 -1.0866667 -0.62333333 -0.62333333 0.0066666667 0.0066666667 0.45 0.45 0.45
-0.97333333 -1.0030555 -0.9666806 -0.96998554 -0.56333535 -0.95332413 -1.22 -0.47264747 -0.64644766 -0.66530957 -0.056666667 -0.056666667 -0.056666667 -0.056666667 -0.5166015 -0.81666667 -0.81666667 -0.81016783 -0.31333333 -0.57659268 -0.32666667 -0.32666667 -0.32666667 -0.32666667 -1.0440269 -0.71 -0.71 -0.71 -0.71 -0.71009141 -0.52333333 -0.52333333 -0.52333333 -0.52333333 -0.57333333 -0.57333333 -0.57333333 -1.1889598 -1.213566 -0.36333333 -0.36333333 -0.96663421 -0.0033474835 -0.41662686 -0.41666667 -1.0866667 -0.62333333 -0.62333333 0.0066666712 0.0066666667 0.44839163 0.45 -0.47207574
-0.97333333 -0.96666667 -0.96666667 -0.96666667 -0.96666667 -0.96666666 -1.2193173 -0.86199899 -0.61029131 -0.05732144 -0.056666667 -0.056666667 -0.056666667 -0.056666667 -0.056666471 -0.81666666 -0.81666659 -0.78214144 -0.31334039 -0.32666667 -0.32666667 -0.32666667 -0.32666667 -0.32666667 -0.32068746 -0.26734446 -0.063333467 -0.063333333 -0.063333333 -0.063333333 -0.52333332 -0.52333333 -0.52333275 -0.04 -0.04 -0.57333333 -0.032146607 -0.016666667 -0.36333313 -0.36333333 -0.36333333 -0.36333333 -0.0033333333 -0.0033333333 -0.0033333333 -0.010872346 0.72441015 0.73333333 0.73333333 0.73333333 0.73333332 -0.099999887 -0.1
-1.12 -0.96666667 -0.96666667 -0.96666667 -0.96666667 -0.96666667 -0.96666668 -0.65775638 0.21904209 0.22333333 0.22333333 0.22333333 0.22333333 0.22333333 0.22333333 0.46161111 -0.79625603 -0.74774324 -0.32666516 -0.32666667 -0.32666667 -0.32666667 -0.32666667 -0.32666607 -0.05 -0.05 -0.050000019 -0.063333333 -0.063333333 -0.062899471 0.15333333 0.15333333 -0.04 -0.04 -0.04 -0.020404238 -0.016666667 -0.016666667 -0.016666667 -0.36333333 -0.36333333 -0.36333333 -0.0033333333 -0.0033333333 -0.0033333333 -0.0033333327 0.73333334 0.73333333 0.73333333 0.73333333 0.73333333 -0.1 -0.1
-1.12 -1.0629157 -0.96666667 -0.96666667 -0.96666667 -0.96666667 0.30308408 0.30333333 0.30333333 0.22333333 0.22333333 0.22333333 0.22333333 0.22333333 0.27701437 0.46666667 0.46666667 0.46666667 0.1817809 0.18333281 0.18333333 0.18333333 0.18333333 0.18333333 -0.05 -0.05 -0.05 -0.05 -0.063333333 0.15333333 0.15333333 0.15333333 -0.039999983 -0.04 -0.04 0.37666667 -0.016145881 -0.016666667 -0.016666667 -0.36323733 -0.17186408 0.27475385 -0.0033333329 -0.0033333333 1.2561013 1.26 1.26 0.7341458 1.2249427 1.2266666 1.2266666 1.0564916 -0.099997648
-1.12 -0.39663055 -0.66809951 -0.96666667 -0.96666667 0.30258296 0.30333333 0.30333333 0.30333333 0.30275683 0.22333333 0.22333333 0.22333333 0.22333336 0.46666667 0.46666667 0.46666667 0.46666667 0.18358643 0.18333333 0.18333333 0.18333333 0.18333333 0.18333333 -0.049999995 -0.05 -0.05 -0.05 -0.049260405 0.15333333 0.15333333 0.15333333 0.12333333 -0.039953674 0.37666667 0.37666667 0.37666667 0.37707709 0.25810144 0.27666667 0.27666667 0.27666667 1.12 1.12 1.26 1.26 1.26 1.2266667 1.2266667 1.2266667 1.2266667 1.0566667 1.0566667
-0.37712546 -0.37666667 -0.37666667 -0.37666666 0.28 0.30333273 0.30333333 0.30333333 0.30333333 0.30333333 0.21879087 0.22333255 0.22333333 0.46666667 0.46666667 0.46666667 0.46666667 0.46666667 0.46970622 0.18333333 0.18333333 0.18333333 0.18333333 0.18333333 0.13302812 0.22999848 0.23 0.23 0.23 0.15333333 0.12333333 0.12333333 0.12333333 0.12333333 0.37666667 0.37666772 0.41666667 0.41666667 0.27841478 0.27666667 0.27666667 0.27666667 1.12 1.12 1.2383232 1.26 1.26 1.2266667 1.2266667 1.2266667 1.2248438 1.0566667 1.0566667
-0.37666667 -0.37666667 -0.37666667 -0.067432537 0.28 0.28 0.30333333 0.30333333 0.30333333 0.30333333 0.16333333 0.16333333 0.16333333 0.46666667 0.46666667 0.46666667 0.46666667 0.46669256 0.86666667 0.86666667 0.18333361 0.18333333 0.19859003 0.81 0.80477852 0.23 0.23 0.23 0.23 0.12334419 0.12333333 0.12333333 0.12333333 0.12333333 0.41666653 0.41666667 0.41666667 0.41666667 0.41617925 0.27666667 0.27666667 0.27666667 1.12 1.12 1.12 1.26 1.26 1.2266667 1.2266667 1.2266667 1.0566667 1.0566667 1.0566667
-0.37666667 -0.37666667 -0.37666667 0.28 0.28 0.28 0.28000004 0.30333333 0.30333333 0.16347785 0.16333333 0.16333333 0.16333333 0.16352233 0.59347618 0.62333333 0.62333333 0.62333333 0.86666667 0.86666667 0.86666667 0.81 0.81 0.81 0.81003642 0.60241226 0.23 0.23 0.23 0.40505759 0.4666329 0.46666667 0.46666667 0.46666667 0.45271906 0.50333314 0.50333333 0.50333333 0.50333333 0.97657089 0.97666667 0.97666667 1.12 1.12 1.2666661 1.2666667 1.2833333 1.2833333 1.3466667 1.3466667 1.3466667 1.0566667 1.0999613
-0.37666573 -0.37666667 -0.37666664 0.28 0.28 0.28 0.28 0.5366666 0.30426629 0.16336356 0.16333333 0.16333333 0.16333333 0.16423598 0.62333333 0.62333333 0.62333333 0.6233334 0.86666667 0.86666667 0.86666667 0.81 0.81 0.81 0.94 0.94 0.90333333 0.90333333 0.90333333 0.90095118 0.46666667 0.46666667 0.46666667 0.46666667 0.48499002 0.50333333 0.50333333 0.50333333 0.50333333 0.97666667 0.97666667 0.97666667 0.98579118 1.2666667 1.2666667 1.2666667 1.2833333 1.2833333 1.3466667 1.3466667 1.3466667 1.1 1.1
-0.073333333 -0.20634725 -0.013333333 -0.013248232 0.28 0.5351816 0.53666667 0.53666667 0.67148676 0.19666668 0.19666667 0.19666667 0.19666667 0.79331391 0.79333333 0.62333346 0.62333333 0.62974481 0.86666667 0.86666667 0.86666667 0.81333333 0.81333333 0.81333333 0.94 0.94 0.90333333 0.90333333 0.90333333 0.90333331 0.87666406 0.87666552 0.4769714 0.46710622 1.0127077 1.0133333 1.0133333 1.0133333 1.0133333 0.97666667 0.97666667 0.97666667 1.2506985 1.2666667 1.2666667 1.2666666 1.2833333 1.2833333 1.2833356 1.3466667 1.3466558 1.1033333 1.1
0.093301683 0.093333315 -0.013333333 -0.013333333 -0.013333333 0.53666667 0.53666667 0.53666667 0.90666667 0.90666667 0.19666667 0.19666667 0.19666667 0.79333333 0.79333333 0.79333333 0.79333333 0.79334082 0.86666667 0.86666667 0.86666666 0.81333333 0.81333333 0.81333333 0.94 0.94 0.90333333 0.90333333 0.90333333 0.87696734 0.87666667 0.87666667 0.87666667 0.87666667 1.0132659 1.0133333 1.0133333 1.0133333 1.0133333 1.1166666 1.1166667 1.1166667 1.1166667 1.266665 1.0533333 1.0533333 1.0533333 0.87333333 0.87333333 0.87333333 1.1033333 1.1033333 1.1033333
0.093333333 0.093333333 -0.013333333 -0.013333333 -0.013333333 0.53377577 0.53666667 0.90666667 0.90666667 0.90666667 0.19675407 0.19666667 0.83402395 0.79333338 0.79333333 0.79333333 0.79333333 0.91666667 0.91666667 0.91666667 0.57666667 0.57666684 0.81333218 0.81333333 0.81331752 0.72666667 0.72666667 0.72666709 0.90330478 0.56672845 0.56666832 0.56672079 0.87613684 0.87639914 0.9887909 1.0133332 1.0122163 0.68 0.68 1.1166667 1.1166667 1.1166667 1.1166667 1.0533333 1.0533333 1.0533333 1.0533333 0.87333333 0.87333333 0.87333333 1.1033333 1.1033333 1.1033333
0.093333333 0.093333333 -0.013333333 -0.013333333 -0.013333333 -0.013333331 0.67514686 0.90666667 0.90666667 0.90666667 0.90670533 0.97666667 0.97666667 0.97666667 0.79441376 0.79333333 0.9158448 0.91666667 0.91666667 0.91666667 0.57666667 0.57666667 0.57666667 0.57666667 0.72666667 0.72666667 0.72666667 0.72666667 0.72666667 0.56666667 0.56666667 0.56666667 0.56666667 0.56666676 0.61 0.68 0.68 0.68 0.68 0.68000117 0.98 0.98 0.98 0.99084739 1.0133333 1.0133333 1.0133333 0.87333334 0.87333316 0.69 0.69 0.90004947 0.9
0.093333333 0.093333333 0.025165843 -0.013333333 -0.013333333 -0.013333302 1.3858149 0.90817936 0.90666667 0.90666667 0.97666676 0.97666667 0.97666667 0.97666667 0.97666667 0.9616305 0.91666667 0.91666667 0.91666667 0.91666667 0.5766693 0.57666667 0.57666667 0.57666667 0.72666667 0.72666667 0.72666667 0.72666667 0.72666667 0.63809912 0.56666667 0.56666667 0.56666667 0.61 0.61 0.61005436 0.68 0.68 0.58807951 0.51666668 0.98 0.98 0.98 0.98963549 1.0133333 1.0133333 1.0133333 0.85333333 0.69203512 0.69 0.69 0.9 0.9
1.1766667 1.1766667 1.1766667 0.28503238 -0.011318798 1.3866667 1.3866667 1.3866667 1.3866667 1.41 1.41 0.9766667 0.97666667 0.97666667 0.97666667 0.97666287 0.91666667 0.91666667 0.91666667 0.91666667 0.72503164 0.57666667 0.57666667 0.57169429 0.40180648 0.72666667 0.72666667 0.72666667 0.66333333 0.66333333 0.66333333 0.66333293 0.61 0.61 0.61 0.61 0.51666667 0.51666667 0.51666667 0.51666667 0.82666667 0.82666667 0.82666667 0.71000235 0.71 0.71 0.7100001 0.85333333 0.85333333 0.69019901 0.69 0.89999881 0.9
1.1766667 1.1766667 1.1766667 1.1766764 1.3566667 1.3610292 1.3866667 1.3866667 1.3866667 1.41 1.41 1.41 1.0933333 1.0933333 1.0933333 1.0933333 0.91700861 0.91666667 0.91666667 0.91666667 0.91150068 0.38666719 0.38666667 0.38666667 0.38666667 0.38666668 0.70333333 0.70333333 0.66333333 0.66333333 0.66333333 0.66333333 0.61000012 0.61 0.61 0.61001358 0.51666667 0.51666667 0.51666667 0.51650582 0.82666667 0.82666667 0.82666667 0.71000541 0.71 0.71 0.71 0.85333333 0.85333333 0.85333331 0.66333333 0.66333333 0.62
1.1766667 1.1766667 1.1766667 1.3566663 1.3566667 1.3566667 1.3866667 1.3866667 1.3866667 1.41 1.41 1.41 1.0933333 1.0933333 1.0933333 1.0940949 1.1033333 1.1033333 1.1033329 0.917721 0.38666667 0.38666667 0.38666667 0.38666667 0.38666667 0.38690497 0.70333333 0.70333333 0.70333333 0.66333333 0.66333333 0.66320889 0.77666667 0.77666667 0.77666667 0.10333334 0.10333334 0.48 0.48 0.48 0.61333333 0.82659975 0.82666587 0.72 0.72 0.71962101 0.71000027 0.85333333 0.85333333 0.66333333 0.66333333 0.66333333 0.62
1.1766667 1.1766667 1.1766667 1.3566667 1.3566667 1.3566667 1.3566667 1.3866667 1.3866667 1.41 1.41 1.1059954 1.0933333 1.0933333 1.0933333 1.1033333 1.1033333 1.1033333 1.1033333 1.1033333 0.38666667 0.38666667 0.38666667 0.38666667 0.38666667 0.70333225 0.70333333 0.70333333 0.70333333 0.47 0.47 0.47 0.77666667 0.77666667 0.77666667 0.10333333 0.10333333 0.48 0.48 0.61333333 0.61333333 0.61333333 0.72 0.72 0.72 0.72 0.70603495 0.55 0.55 0.55 0.66333333 0.48666667 0.48666667
1.1766667 1.1766667 1.1769173 1.3566667 1.3566667 1.3566667 1.3566667 1.2868525 1.2833333 1.2835508 1.41 1.0933526 1.0933333 1.0933333 1.0933334 1.1033333 1.1033333 1.1033333 1.1033333 1.1033333 0.85022575 0.38666667 0.38666667 0.38666667 0.38659664 0.70329639 0.70333333 0.70333333 0.70333333 0.47 0.47 0.47 0.47004236 0.77666667 0.10333333 0.10333333 0.10333333 0.1033486 0.48000909 0.61333333 0.61333333 0.61333333 0.71999352 0.72 0.72 0.72 0.54999731 0.55 0.55 0.55 0.48666667 0.48666667 0.48666667
