interpolatedSpi/02-02|22_1.tif
NCOLS 53
NROWS 52
XLLCORNER -116.03883
YLLCORNER 28.596182
DX 0.49850594
DY 0.49788537
NODATA_VALUE -9999
1.23 1.23 0.21550427 -0.04 1.65 0.82 0.68 0.73 0.82586402 1.27 1.47 1.23 0.94996377 0.51 1.28 1.28 1.28 0.53 0.43 0.43 0.43 0.42999846 0.27000001 0.79 0.79 0.79 0.0499992 0.05 0.05 -0.25 -0.25 -0.25 -0.25 -1.0399998 -1.04 -1.04 -1.04 -1.04 -1.04 -1.04 -0.87181023 -0.87041707 -2.51 -2.51 -2.51 -2.51 -2.5108167 -3.01 -3.01 -3.01 0.23999325 0.24 0.24 
1.2299622 0.38 0.050000242 0.030754017 -0.040523458 0.35 0.07 -0.029559821 0.45 0.74 0.68 0.95 0.95 0.29073358 0.51000414 1.28 0.53 0.53 0.43013039 0.43 0.43 0.43 0.75052218 0.79 0.79 0.79 1.07 1.07 -0.25 -0.25 -0.25 -0.25 -0.25 -1.0399999 -1.04 -1.04 -1.04 -1.04 -1.0399999 -0.75767267 0.61993888 -2.1301992 -2.51 -2.51 -2.51 -2.51 -2.51 -3.01 -3.01 -3.01 -2.7405069 0.24 0.24 
0.72999813 0.73 0.26 0.87 -0.08 -0.4 -0.33 -0.38 -0.4 0.3 0.83 0.3 -0.29 0.61 0.29 0.21 0.53 0.53 0.53 -0.19981686 -0.2 -0.2 0.04 0.79 0.79 0.79 1.07 1.07 1.07 -0.25 -0.25 -0.25000001 -0.31739601 -1.0358222 -1.0231528 0.75341412 0.77 0.77 0.75113395 0.62 0.62 0.61599752 -2.51 -2.51 -2.51 -2.51 -2.51 -3.01 -3.01 -3.01 -3.01 0.24 0.24 
0.39 0.73000006 1.0399096 1.71 0.04 -0.2 -0.47 -0.87 0.04 -0.20974147 0.03 0.48 0.47 0.61 0.21 0.21 -0.4151799 -0.41933438 -0.35 -0.2 -0.2 0.18 0.04 0.04 0.79 0.7900014 1.07 1.07 1.07 0.4 -0.033455405 -0.39 -0.39 -0.38999908 0.77 0.77 0.77 0.77 0.62 0.62 0.62 0.61999988 -2.51 -2.51 -2.51 -2.51 -2.51 -3.0099937 -3.01 -3.01 -3.01 0.23999183 0.24 
0.39 0.47000105 1.04 0.52144358 0.04 0.18 0.46994771 -0.25 0.01 0.89999991 0.57869652 0.43006732 0.9 0.21 0.21 0.20010186 -0.42 -0.42 -0.35 -0.35 -0.1999993 0.18 -0.54 -0.13 -0.53 -0.52999024 1.07 1.07 0.4 0.4 -0.39 -0.39 -0.39 -0.23159856 0.77 0.77 0.77 0.62 0.62 0.62 0.62 0.6200946 -2.5099999 -2.51 -2.51 -2.51 -2.51 -2.5144506 -3.01 -3.0098655 -0.01 -0.01 -0.01 
-1.41 -0.01 1.14 1.39 0.22 0.39 0.66 0.54349394 0.42 0.15 0.4 0.86 0.86000003 0.92 0.92 1.0398334 1.04 0.56 0.56 -0.34999895 -0.34 -0.34 -0.13 -0.53 -0.53 -0.49 0.27 0.27 0.050031982 0.4 -0.39 -0.39 0.45 0.44996761 0.14002232 0.53 0.53 0.59215645 0.62 0.62 1.5987777 1.6 1.6000012 0.16198455 0.20969938 0.20999927 0.20999991 0.20999897 -0.36134127 -0.01 -0.01 -0.01 -0.01 
-0.31001779 -0.56 -0.8951634 0.51 0.68 -0.09 -0.059999991 -0.24 -0.09 -0.09 0.4 1.03 0.14000007 0.92 0.35000171 0.35 1.04 0.87 0.84 0.84 -0.42954033 -0.53 -0.53 -0.11000001 -0.49 -0.49 0.27 0.27 0.050008742 0.050160938 0.66854834 0.45 0.45 0.14 0.14 0.70973121 0.53 0.53 1.2099764 1.5999995 1.6 1.6 1.6000073 0.21000742 0.21 0.21 0.21 0.20999968 -0.33 -0.010063415 -0.01 -0.01 -0.01 
-0.31 -0.21 -0.7 0.03 0.48997363 -0.1 -0.05 -0.43999999 0.21 0.26 0.26 0.35 0.14 0.14 0.34855921 0.70519522 0.74 1.04 0.26000059 0.84 0.62406362 0.72 0.03 0.45 0.44999046 -0.29 -0.25 -0.24999982 0.19947438 0.20000001 0.67 0.12184104 0.2 0.14 0.16937683 0.86 0.86 1.21 1.21 1.6 1.6 1.6 1.5439495 1.5399999 0.21 0.21 0.21 -0.32997945 -0.33 -0.33 -0.01 -0.01 -0.01 
-0.51039677 -0.21000001 -0.46 0.13 -0.28 -0.36 0.68 -0.3 -0.51 0.040231952 0.3 0.13 0.13 0.5 0.49999173 -0.11760311 -0.12 -0.12 0.9209318 -0.67999994 -0.41 -0.40999999 3.05 1.2201323 -0.21542754 -0.29 0.36 -0.25 1.1319227 1.14 0.1 1.1 0.95393738 0.57 1.17 1.21 1.75 0.98 1.6696814 1.6024997 2.16 2.17 1.5400456 1.54 1.532514 0.21 -1.2599999 -0.33000001 -0.33 -0.33 -0.33 0.11450744 0.62 
-2.19 -2.19 -0.96 -0.46 -0.25 -0.73 -0.1 -0.37 -0.32 0.17981722 -0.46 1.32 0.5 0.5 -0.38 -0.37643398 -0.12 -0.1201063 -0.58 -0.68 -0.68 -0.64521492 3.05 1.520029 1.52 1.52 0.36 -0.93 -0.93 1.14 1.14 1.09945 0.81 0.57 0.94 1.21 1.75 0.84 1.67 2.1618965 2.17 2.0414312 1.82 1.54 1.54 -1.26 -1.26 -1.26 -0.33 -0.33 0.99 0.99 0.98999986 
-2.19 -2.19 0.03 -0.71 -0.97 -0.13 -0.78999999 0.65852513 -0.08 -0.15 -0.99 -0.51 1.3175625 -0.38 -0.38 -0.38003115 -0.65 -0.64632607 -0.58 0.12 0.12 -0.34 -0.34 1.52 1.52 1.52 -0.93 -0.93 -0.93 0.62 0.62 0.62000031 0.73 0.73 1.07 0.31 1.19 1.7799958 1.88 2.17 2.17 1.530001 1.82 1.54 1.2299994 0.36 1.0300944 1.04 1.34 1.34 0.99 0.99 0.99 
-2.19 -1.2315173 -0.28578439 -1.1599916 -0.89 -1.09 -0.79 0.66 -0.07999382 -0.14922448 -0.50999953 -0.51 -0.22 -0.38 -0.38 -0.64999999 -0.65 -0.64999602 -0.58 0.12 0.029665358 -0.34 -0.34 1.5199248 1.52 0.73436025 -0.87 -0.87 -0.87000001 0.62 0.62 -0.13 -0.13 0.73000093 1.07 0.94999997 1.2060352 1.78 1.78 2.17 1.53 1.53 1.5299979 1.23 1.23 0.36 1.04 1.04 1.34 1.34 0.99 0.99 0.99 
-0.67 -0.35755374 -0.38001158 -0.38564843 -0.89000101 -1.0899953 -0.79000001 0.64215132 -0.029006432 -0.081827884 -0.22 -0.22 -0.22 -0.22 -0.37997734 -0.65 -0.65 -0.64909619 -0.58 0.11976702 -0.67 -0.67 -0.67 -0.67 1.4809386 -0.87 -0.87 -0.87 -0.87 -0.86898979 -0.13 -0.13 -0.13 -0.13 0.95 0.95 0.95 1.7394084 1.7761696 1.27 1.27 1.529986 1.1400031 1.2299913 1.23 0.36 1.04 1.04 1.34 1.34 0.99126976 0.99 2.4655535 
-0.67 -0.38 -0.38 -0.38 -0.38 -0.3800003 -0.79076785 -0.10400997 0.10703962 -0.21985089 -0.22 -0.22 -0.22 -0.22 -0.21999984 -0.65 -0.64999999 -0.64519848 -0.58000126 -0.67 -0.67 -0.67 -0.67 -0.67 -0.6615702 -0.51426245 -0.36000011 -0.36 -0.36 -0.36 -0.13 -0.13 -0.13000048 -0.53 -0.53 0.95 0.20141237 0.18 1.2699994 1.27 1.27 1.27 1.14 1.14 1.14 1.1345719 1.1789479 1.18 1.18 1.18 1.18 1.15 1.15 
-0.97 -0.38 -0.38 -0.38 -0.38 -0.38 -0.38000003 -0.65624384 0.010440755 0.0099999997 0.01 0.01 0.01 0.01 0.0099999978 0.078502136 -0.63840903 -0.64041452 -0.66998871 -0.67 -0.67 -0.67 -0.67 -0.66999908 -0.28 -0.28 -0.28000011 -0.36 -0.36 -0.35977973 -0.25 -0.25 -0.53 -0.53 -0.53 0.066265745 0.18 0.18 0.18 1.27 1.27 1.27 1.14 1.14 1.14 1.14 1.18 1.18 1.18 1.18 1.18 1.15 1.15 
-0.97 -0.7503497 -0.38 -0.38 -0.38 -0.38 -1.1698449 -1.17 -1.17 0.01 0.01 0.01 0.01 0.01 0.02544249 0.08 0.08 0.08 0.11759449 0.11999919 0.12 0.12 0.12 0.12 -0.28 -0.28 -0.28 -0.28 -0.36 -0.25 -0.25 -0.25 -0.52999997 -0.53 -0.53 0.22 0.18005296 0.18 0.18 1.2697794 0.83021906 -0.19560649 1.14 1.14 0.32253057 0.32 0.32 1.1784362 0.23331982 0.23000008 0.23000018 0.11015745 1.1499979 
-0.97 -1.5246913 -0.9670134 -0.38 -0.38 -1.1695332 -1.17 -1.17 -1.17 -1.1614966 0.01 0.01 0.01 0.010000008 0.08 0.08 0.08 0.08 0.11996427 0.12 0.12 0.12 0.12 0.12 -0.27999999 -0.28 -0.28 -0.28 -0.27989088 -0.25 -0.25 -0.25 -0.53999999 -0.52992395 0.22 0.22 0.22 0.21461066 -0.17594605 -0.2 -0.2 -0.2 -0.25 -0.25 0.32 0.32 0.32 0.23 0.23 0.23 0.23 0.11 0.11 
-1.5395672 -1.54 -1.54 -1.54 -1.41 -1.1700062 -1.17 -1.17 -1.17 -1.17 -0.099020239 0.009981236 0.0099999589 0.08 0.08 0.08 0.08 0.08 0.065459823 0.12 0.12 0.12 0.12 0.12 -0.29148083 -0.649998 -0.65 -0.65 -0.65 -0.25000001 -0.54 -0.54 -0.54 -0.54 0.22 0.2199871 -0.27 -0.27 -0.20087405 -0.2 -0.2 -0.2 -0.25 -0.25 0.23174437 0.32 0.32 0.23 0.23 0.23 0.22871329 0.11 0.11 
-1.54 -1.54 -1.54 -1.4787811 -1.41 -1.41 -1.17 -1.17 -1.17 -1.17 -1.43 -1.43 -1.43 0.08 0.08 0.08 0.08 0.079983474 -0.2 -0.2 0.11999987 0.12 0.10393178 -0.54 -0.54099028 -0.65 -0.65 -0.65 -0.65 -0.5400112 -0.54 -0.54 -0.54 -0.54 -0.26999828 -0.27 -0.27 -0.27 -0.26979175 -0.2 -0.2 -0.2 -0.25 -0.25 -0.25 0.32 0.32 0.22999999 0.23 0.23 0.11 0.11 0.11 
-1.54 -1.54 -1.54 -1.41 -1.41 -1.41 -1.4099996 -1.17 -1.17 -1.4297316 -1.43 -1.43 -1.43 -1.4290592 -0.00094224118 -0.02 -0.02 -0.020000001 -0.2 -0.2 -0.2 -0.54 -0.54 -0.54 -0.53991316 -0.42969979 -0.65 -0.65 -0.65 -0.93284838 -1.0199528 -1.02 -1.02 -1.02 -0.54503914 -0.9299985 -0.93 -0.93 -0.93 -1.3098481 -1.31 -1.31 -0.25 -0.25 -0.77999779 -0.77999997 -0.7 -0.7 -0.49 -0.49 -0.49 0.11 -1.0989181 
-1.5400008 -1.54 -1.54 -1.41 -1.41 -1.41 -1.41 -1.5199999 -1.1713994 -1.4320765 -1.43 -1.43 -1.43 -1.4272332 -0.02 -0.02 -0.02 -0.020000052 -0.2 -0.2 -0.2 -0.54 -0.54 -0.54 -0.23 -0.23 -0.51 -0.51 -0.51 -0.51278221 -1.02 -1.02 -1.02 -1.02 -0.97502475 -0.93 -0.93 -0.93 -0.93 -1.31 -1.31 -1.31 -1.2933242 -0.78 -0.78 -0.78 -0.7 -0.7 -0.49 -0.49 -0.49 -1.1 -1.1 
-1.81 -1.6955738 -2.05 -2.0498143 -1.41 -1.5193635 -1.52 -1.52 -1.7568461 -3.72 -3.72 -3.72 -3.72 -0.30011133 -0.3 -0.020000215 -0.02 -0.024742735 -0.2 -0.2 -0.2 -0.14 -0.14 -0.14 -0.23 -0.23 -0.51 -0.51 -0.51 -0.51000047 -1.1599991 -1.1599996 -1.0235187 -1.0201501 -1.1698277 -1.17 -1.17 -1.17 -1.17 -1.31 -1.31 -1.31 -0.80918336 -0.78 -0.78 -0.78000008 -0.7 -0.7 -0.69999244 -0.49 -0.49003398 -1.25 -1.1 
-1.9699696 -1.97 -2.05 -2.05 -2.05 -1.52 -1.52 -1.52 -2.17 -2.17 -3.72 -3.72 -3.72 -0.3 -0.3 -0.3 -0.3 -0.29998784 -0.2 -0.2 -0.2 -0.14 -0.14 -0.14 -0.23 -0.23 -0.51 -0.51 -0.51 -1.1526712 -1.16 -1.16 -1.16 -1.16 -1.1699951 -1.17 -1.17 -1.17 -1.17 -1.17 -1.17 -1.17 -1.17 -0.78000361 -1.25 -1.25 -1.25 -1.28 -1.28 -1.28 -1.25 -1.25 -1.25 
-1.97 -1.97 -2.05 -2.05 -2.05 -1.5227858 -1.52 -2.17 -2.17 -2.17 -3.7198092 -3.72 -2.6740804 -0.30000049 -0.3 -0.3 -0.3 -1.05 -1.05 -1.05 -0.2 -0.19999996 -0.14000029 -0.14 -0.1402387 -0.5 -0.5 -0.50000002 -0.50999838 -1.16 -1.16 -1.16 -1.16 -1.16 -1.1682208 -1.1700002 -1.1719102 -1.74 -1.74 -1.17 -1.17 -1.17 -1.17 -1.25 -1.25 -1.25 -1.25 -1.28 -1.28 -1.28 -1.25 -1.25 -1.25 
-1.97 -1.97 -2.05 -2.05 -2.05 -2.05 -1.763276 -2.17 -2.17 -2.17 -2.1701491 -2.44 -2.44 -2.44 -0.31261151 -0.3 -1.0450022 -1.05 -1.05 -1.05 -0.2 -0.2 -0.2 -0.2 -0.5 -0.5 -0.5 -0.5 -0.5 -1.16 -1.16 -1.16 -1.16 -1.1600012 -1.72 -1.74 -1.74 -1.74 -1.74 -1.7399995 -1.66 -1.66 -1.66 -1.5818995 -1.42 -1.42 -1.42 -1.28 -1.2799999 -1.15 -1.15 -0.13027247 -0.13 
-1.97 -1.97 -2.0211256 -2.05 -2.05 -2.05 -1.5011889 -2.1678885 -2.17 -2.17 -2.4399999 -2.44 -2.44 -2.44 -2.44 -2.2643843 -1.05 -1.05 -1.05 -1.05 -0.20000658 -0.2 -0.2 -0.2 -0.5 -0.5 -0.5 -0.5 -0.5 -1.3742974 -1.16 -1.16 -1.16 -1.72 -1.72 -1.7200155 -1.74 -1.74 -1.6893499 -1.65 -1.66 -1.66 -1.66 -1.5828582 -1.42 -1.42 -1.42 -0.86 -1.1463866 -1.15 -1.15 -0.13 -0.13 
-1.52 -1.52 -1.52 -1.9171144 -2.0484967 -1.5 -1.5 -1.5 -1.5 -1.86 -1.86 -2.44 -2.44 -2.44 -2.44 -2.4399118 -1.05 -1.05 -1.05 -1.05 -0.57091243 -0.2 -0.2 -0.18063389 0.49368997 -0.5 -0.5 -0.5 -1.45 -1.45 -1.45 -1.4499988 -1.72 -1.72 -1.72 -1.72 -1.65 -1.65 -1.65 -1.65 -1.39 -1.39 -1.39 -1.4099996 -1.41 -1.41 -1.41 -0.86 -0.86 -1.1496467 -1.15 -0.12999612 -0.13 
-1.52 -1.52 -1.52 -1.5199731 -1.02 -1.0897999 -1.5 -1.5 -1.5 -1.86 -1.86 -1.86 -0.37000009 -0.37 -0.37 -0.37000004 -1.049139 -1.05 -1.05 -1.05 -1.0370706 0.53999797 0.54 0.54 0.54 0.53999997 -0.33 -0.33 -1.45 -1.45 -1.45 -1.45 -1.7199998 -1.72 -1.72 -1.7199829 -1.65 -1.65 -1.65 -1.6507019 -1.39 -1.39 -1.39 -1.4099991 -1.41 -1.41 -1.41 -0.86 -0.86 -0.8599998 0.64 0.64 1.05 
-1.52 -1.52 -1.52 -1.0200012 -1.02 -1.02 -1.4999998 -1.5 -1.5 -1.86 -1.86 -1.86 -0.37 -0.37 -0.37 -0.38599351 -0.58 -0.58 -0.58000121 -1.0473453 0.54 0.54 0.54 0.54 0.54 0.53934528 -0.33 -0.33 -0.33 -1.45 -1.45 -1.4499356 -1.51 -1.51 -1.51 -1.57 -1.57 -1.81 -1.81 -1.81 -1.44 -1.3900157 -1.3899969 -0.97 -0.97 -0.9866755 -1.4099979 -0.86 -0.86 0.64 0.64 0.64 1.05 
-1.52 -1.52 -1.52 -1.02 -1.02 -1.02 -1.02 -1.5 -1.5 -1.86 -1.86 -0.42957851 -0.37 -0.37 -0.37 -0.58 -0.58 -0.58 -0.58 -0.58 0.54 0.54 0.54 0.54 0.54 -0.32999703 -0.33 -0.33 -0.33 -1.35 -1.35 -1.35 -1.51 -1.51 -1.51 -1.57 -1.57 -1.81 -1.81 -1.44 -1.44 -1.44 -0.97 -0.97 -0.97 -0.97 -0.85745815 0.4 0.4 0.4 0.64 0.82 0.82 
-1.52 -1.52 -1.5193037 -1.02 -1.02 -1.02 -1.02 -0.71535623 -0.7 -0.70199156 -1.8599999 -0.37000503 -0.37 -0.37 -0.37000073 -0.58 -0.58 -0.58 -0.58 -0.58 0.50156316 0.54 0.54 0.54 0.54001442 -0.32994711 -0.33 -0.33 -0.33 -1.35 -1.35 -1.35 -1.3500189 -1.51 -1.57 -1.57 -1.57 -1.5700095 -1.8099748 -1.44 -1.44 -1.44 -0.97002853 -0.97 -0.97 -0.97 0.39999957 0.4 0.4 0.4 0.82 0.82 0.82 
-1.25 -1.2500005 -1.0202711 -1.02 -1.02 -1.02 -0.70006809 -0.7 -0.7 -0.7 -0.43000001 -0.43 -0.43 -0.43 -0.57930768 -0.58 -0.58 -0.58 -0.58 0.49999936 0.5 0.5 0.60999999 0.61 0.61 0.61 0.52886591 -0.33 -0.83997911 -0.84 -0.84 -0.84 -0.84 -1.07 -1.07 -1.07 -1.07 -1.07 -0.61 -0.61 -0.61 -0.61 -0.61 0.36798005 0.37 0.37 0.37 0.4 0.4 0.4 0.81993383 0.82 0.82 
-1.25 -1.25 -1.2460649 -0.78000048 -0.78000005 -0.77992219 -0.7 -0.7 -0.7 -0.7 -0.43 -0.43 -0.43 -0.43 -0.43 -0.58 -0.58 -0.58 0.49999973 0.5 0.5 0.5 0.61 0.61 0.61 0.61 0.61 0.60979965 -0.83985712 -0.84 -0.84 -0.84 -0.8399426 -0.72419001 -1.0696419 -1.07 -1.07 -1.07 -0.61 -0.61 -0.61 -0.61 -0.61 0.37 0.37 0.37 0.37 0.38402859 0.4 1.5767233 1.59 1.72 1.72 
-1.25 -1.25 -0.78005953 -0.78 -0.78 -0.78 -0.75968034 -0.7 -0.7 -0.7 -0.43 -0.43 -0.43 -0.43 -0.43 -0.57988513 -0.58 0.49968335 0.5 0.5 0.5 0.5 0.56924979 0.61 0.61 0.61 0.61 0.60923514 -0.47 -0.47 -0.47 -0.47 -0.47 -0.46 -0.46 -0.46 -0.46 -0.46 -0.12 -0.12 -0.12 -0.12 -0.12000001 0.37104992 0.37000022 0.37 0.37007289 0.37894609 1.59 1.59 1.59 1.7199993 1.72 
-1.25 -1.25 -0.78000007 -0.78 -0.78 -0.78 -0.78 -0.70003406 -0.7 -0.7 -0.43 -0.43 -0.43 -0.43 -0.48866732 -0.49 -0.49 0.49997452 0.5 0.5 0.5 0.5 0.49999983 0.61 0.61 0.61 0.61 -0.41000002 -0.41000003 -0.42276946 -0.47 -0.47 -0.47 -0.46 -0.46 -0.46 -0.46 -0.45961395 -0.12 -0.12 -0.12 -0.12 -0.11997242 0.8 0.8 0.8 0.8 0.80006371 1.59 1.59 1.59 1.5899997 1.1189837 
-1.25 -1.25 -1.1468464 -0.78 -0.78 -0.78 -0.78 -0.78 -0.7000338 -0.57 -0.57 -0.57 -0.56966775 -0.48999991 -0.49 -0.49 -0.49 -0.49 0.49999161 0.42819925 -0.2 -0.2 -0.2 0.0002815968 0.50275126 -0.071116428 -0.55516521 -0.41 -0.41 -0.41 -0.41 -0.41 -0.40854684 0.10764304 0.11 0.11 0.11 0.11 -0.052372698 0.23999935 0.24 0.24 0.24 0.45000103 0.79999991 0.8 0.8 0.65 1.5899849 1.59 1.59 1.11 1.11 
-1.25 -1.25 -1.14 -1.14 -1.14 -0.78011992 -0.78 -0.78 -0.57 -0.57 -0.57 -0.57 -0.57 -0.49 -0.49 -0.49 -0.49 -0.49 -0.2 -0.2 -0.2 -0.2 -0.2 -0.72999997 -0.73 -0.73 -0.73 -0.41 -0.41 -0.41 -0.41 -0.41 -0.1 -0.1 0.11 0.11 0.11 0.22997956 0.23 0.24 0.24 0.24 0.24000001 0.45 0.45 0.45 0.65 0.65 0.65 0.58 0.58 1.11 1.11 
-1.25 -1.25 -1.14 -1.14 -1.14 -1.14 -1.1399973 -0.65 -0.57007532 -0.57 -0.57 -0.57 -0.57 -0.49099793 -0.49 -0.49 -0.49 -0.49 -0.20000001 -0.2 -0.2 -0.2 -0.2 -0.73 -0.73 -0.73 -0.73 -0.72999873 -0.41 -0.41 -0.41 -0.10001625 -0.1 -0.1 -0.1 0.11 0.23 0.23 0.23 0.23026312 0.31587076 0.33 0.33 0.45 0.45 0.45 0.65 0.65 0.65 0.58 0.58 0.58 1.2458575 
-0.92 -0.92000259 -1.14 -1.14 -1.14 -1.14 -0.65 -0.65 -0.65 -0.57 -0.57 -0.57 -0.57 -0.56997513 -0.49 -0.49 -0.49 -0.49 -0.20000525 -0.2 -0.2 -0.20000001 -0.63663848 -0.73 -0.73 -0.73 -0.73 -1.0399997 -1.04 -1.04 -0.41675001 -0.1 -0.1 -0.1 -0.09999978 0.13 0.23 0.23 0.23 0.23 0.33 0.33 0.33 0.56 0.56 0.56 0.36002824 0.65 0.65 0.58 0.58 0.58 1.2599986 
-0.92 -0.92 -1.14 -1.14 -1.14 -0.65 -0.65 -0.65 -0.65 -0.57876574 -0.57 -0.57 -0.57 -0.57000128 -1.0299379 -1.03 -1.03 -1.03 -0.66615281 -0.55 -0.55 -0.55 -0.55 -0.73 -0.73 -0.73 -0.73002045 -1.04 -1.04 -1.04 -1.04 -0.099995655 0.029368347 0.13 0.13 0.13 0.23022365 0.28999875 0.29 0.29 0.33014099 0.50999999 0.51 0.56 0.56 0.55999915 0.36 0.36 0.79 0.79 0.79 0.38 0.76 
-0.92 -0.92 -0.53 -0.53 -0.53 -0.65 -0.65 -0.65 -0.65 -0.45 -0.45 -0.45 -0.45 -0.49087396 -1.03 -1.03 -1.03 -1.03 -0.67 -0.55 -0.55 -0.55 -0.55 -1.11 -1.1099998 -0.73000056 -1.04 -1.04 -1.04 -1.04 -0.57422678 -0.12 0.10025343 0.13 0.13 0.13 0.29 0.29 0.29 0.29 0.51 0.51 0.51 0.28007253 0.28 0.35964041 0.36 0.36 0.78999667 0.79 0.38 0.38 0.76 
-0.92 -0.53 -0.53 -0.53 -0.53 -0.53 -0.64829216 -0.43 -0.43 -0.45 -0.45 -0.45 -0.45 -0.45013736 -1.03 -1.03 -1.03 -1.0137341 -0.67 -0.67 -0.55 -0.55 -1.11 -1.11 -1.11 -1.11 -1.04 -1.04 -1.04 -1.04 -0.12 -0.12 -0.12 0.12974702 0.13 0.13 0.29 0.29 0.29 0.29 0.51 0.51 0.51 0.28 0.28 0.27998923 0.09 0.09 0.11 0.11 0.38 0.38 0.76 
-0.53366258 -0.53 -0.53 -0.53 -0.53 -0.53 -0.43 -0.43 -0.43 -0.44070484 -0.45 -0.45 -0.45 -0.45001108 -1.03 -1.03 -1.03 -0.67 -0.67 -0.67 -0.550006 -0.55000342 -1.11 -1.11 -1.11 -1.11 -1.040005 -1.04 -1.04 -0.12021158 -0.12 -0.12 -0.12 -0.12 0.12880551 -0.28 -0.28 -0.27013516 0.29 0.29 0.50999981 0.51 0.2866873 0.28 0.28 0.090000068 0.09 0.09 0.11 0.11 0.2 0.2 -0.02 
-0.53 -0.53 -0.53 -0.53 -0.53 -0.53 -0.43 -0.43 -0.43 -0.43 -0.88998732 -0.89 -0.89 -0.89 -1.0299994 -0.92743842 -0.87 -0.87 -0.6703687 -0.67 -0.66999998 -1.1099992 -1.11 -1.11 -1.11 -1.11 -1.1099491 -1.04 -1.0399686 -0.12 -0.12 -0.12 -0.12 -0.12 -0.28 -0.28 -0.28 -0.28 -0.28 -0.27999795 -0.28 -0.28 -0.28 -0.28 -0.28 -0.28 -0.39 -0.39 -0.33 -0.33 0.2 0.19999952 -0.02 
-0.53 -0.53 -0.53 -0.53 -0.53 -0.53 -0.43 -0.43 -0.43 -0.89 -0.89 -0.89 -0.89 -0.89 -0.88472805 -0.87 -0.87 -0.87 -0.87 -0.87 -0.86045066 -1.11 -1.11 -1.11 -1.11 -1.0855072 -0.33122225 -0.9433214 -0.12453696 -0.12 -0.12 -0.12 -0.12 -0.12000035 -0.28 -0.28 -0.28 -0.28 -0.28 -0.28 -0.28 -0.28 -0.28 -0.28 -0.28 -0.28 -0.39 -0.39 -0.33 -0.33 -1.04 -0.076267352 -0.02 
-0.53 -0.53 -0.53 -0.53 -0.53 -0.52999997 -0.43000002 -0.43 -0.44909256 -0.89 -0.89 -0.89 -0.89 -0.89 -0.88904068 -0.87 -0.87 -0.87 -0.87 -0.87 -0.87 -0.45094619 -0.33000109 -0.33 -0.33 -0.33 -0.33 -0.33 -0.72389595 -0.72999278 -0.72999999 -0.73 -0.73 -0.72999967 -0.28 -0.28 -0.28 -0.28 -0.28 -0.28 -0.28 -0.28 -0.28 -0.28 -0.28059319 -0.65 -0.39000003 -1.0091011 -0.33060458 -1.04 -1.04 -1.0227471 -0.21 
-0.53 -0.53 -0.53 -0.53 -0.53 -0.52999361 -0.43000539 -0.43002783 -0.88999942 -0.89 -0.89 -0.89 -0.89 -0.89 -0.88961944 -0.87 -0.87 -0.87 -0.87 -0.87 -0.87 -0.33 -0.33 -0.33 -0.33 -0.33 -0.33 -0.33 -0.72988958 -0.73 -0.73 -0.73 -0.73 -0.73 -0.60670004 -0.28 -0.28 -0.28 -0.28 -0.28 -0.28 -0.28 -0.28 -0.28009478 -0.65 -0.65 -0.65231898 -1.02 -1.02 -1.04 -1.04 -0.21 -0.21 
-0.53 -0.53 -0.53 -0.53 -0.53 -0.52986664 -0.43013165 -0.83809201 -0.89 -0.89 -0.89 -0.89 -0.89 -0.89 -0.88964987 -0.87 -0.87 -0.87 -0.87 -0.87 -0.79311381 -0.33 -0.33 -0.33 -0.33 -0.33 -0.33 -0.33 -0.7299984 -0.73 -0.73 -0.73 -0.73 -0.73 -0.73 -0.29111764 -0.30836902 -0.31780847 -0.31924997 -0.29349852 -0.28 -0.28 -0.28 -0.64997046 -0.65 -0.65447689 -1.3999982 -1.02 -1.02 -0.45007415 -0.45 -0.45 -0.2100001 
-0.53 -0.53 -0.53 -0.53 -0.5299999 -0.52916624 -0.47047086 -0.88987351 -0.89 -0.89 -0.89 -0.89 -0.89 -0.89 -0.88953297 -0.87 -0.87 -0.87 -0.87 -0.87 -0.33000233 -0.33 -0.33 -0.33 -0.33 -0.33 -0.33 -0.33 -0.72999989 -0.73 -0.73 -0.73 -0.73 -0.73 -0.72999992 -0.32 -0.32 -0.32 -0.32 -0.49 -0.49 -0.49 -0.49 -1.3999978 -1.4 -1.4 -1.4 -1.3999932 -0.79 -0.79 -0.45 -0.45 -0.22825001 
-0.53 -0.53 -0.53 -0.52999999 -0.52999721 -0.52749404 -0.85861445 -0.88999399 -0.89 -0.89 -0.89 -0.89 -0.89 -0.89 -0.88932108 -0.87000001 -0.87 -0.87 -0.87 -0.86674998 -0.33 -0.33 -0.33 -0.33 -0.33 -0.33 -0.33 -0.33 -0.72999991 -0.73 -0.73 -0.73 -0.73 -0.73 -0.32000038 -0.32 -0.32 -0.32 -0.32 -0.49 -0.49 -0.49 -0.49 -0.73560509 -1.4 -1.4 -1.4 -0.79000682 -0.79 -0.79 -0.13 -0.13 -0.13 
-0.53 -0.53 -0.53 -0.52999977 -0.52997376 -0.54140005 -0.88830906 -0.8899985 -0.89 -0.89 -0.89 -0.89 -0.89 -0.89 -0.88903404 -0.87000047 -0.87 -0.87 -0.86999938 -0.34094126 -0.33 -0.33 -0.33 -0.33 -0.33 -0.33 -0.33 -0.33 -0.72999963 -0.73 -0.73 -0.73 -0.73 -0.81052433 -0.32000016 -0.32 -0.32 -0.32 -0.32 -0.49 -0.49 -0.49 -0.49 -0.49 -1.4 -1.4 -1.4 -0.79000001 -0.79 -0.79 -0.13 -0.13 -0.13 
-0.53 -0.52999999 -0.52999991 -0.52999741 -0.52996119 -0.71886065 -0.88970689 -0.88999908 -0.89 -0.89 -0.89 -0.89 -0.89 -0.88999996 -0.88869278 -0.8700073 -0.87 -0.86999998 -0.86720416 -0.33004592 -0.33 -0.33 -0.33 -0.33 -0.33 -0.33 -0.33 -0.33000023 -0.72999749 -0.73 -0.73000008 -0.83032966 -0.84 -0.84 -0.84 -0.32 -0.32 -0.32 -0.32 -0.49 -0.49 -0.49 -0.49 -0.49 -1.3999839 -1.4 -1.3999997 -0.79000004 -0.79 -0.78999964 -0.13 -0.13 -0.13 
