interpolatedSpi/02-07|20_2.tif
NCOLS 53
NROWS 52
XLLCORNER -116.03883
YLLCORNER 28.596182
DX 0.49850594
DY 0.49788537
NODATA_VALUE -9999
[rows 0 to 28 of 52, columns 0 to 52 of 53]
0.62 0.62 0.15988889 -0.083333333 0.32666667 0.23166667 0.68333333 0.48166667 0.08748285 -0.025 0.045 0.19666667 -0.018270889 0.74 0.11166667 0.11166667 0.11166667 0.58166667 0.525 0.525 0.525 0.52499613 0.12333333 0.035 0.035 0.035 0.54166873 0.54166667 0.54166667 0.33333333 0.33333333 0.33333333 0.33333333 0.53333329 0.53333333 0.53333333 0.53333333 0.53333333 0.53333333 0.53333334 0.87795406 0.88144935 0.028333333 0.028333333 0.028333333 0.028333333 0.028583779 0.18166667 0.18166667 0.18166667 0.89999851 0.9 0.9
0.61997727 0.10833333 0.26166724 0.35789658 0.60808538 0.75 0.7 0.44197128 0.25333333 0.18166667 0.083333333 -0.018333333 -0.018333333 0.52073358 0.73999179 0.11166667 0.58166667 0.58166667 0.52507389 0.525 0.525 0.525 0.020875714 0.035 0.035 0.035 0.16166666 0.16166667 0.33333333 0.33333333 0.33333333 0.33333333 0.33333333 0.5333333 0.53333333 0.53333333 0.53333333 0.53333333 0.53333331 0.44508995 -0.0099639806 0.023682067 0.028333333 0.028333333 0.028333333 0.028333333 0.028333333 0.18166667 0.18166667 0.18166667 0.24123155 0.9 0.9
1.3066255 1.3066667 0.755 1.2666667 0.48666667 0.41666667 0.48666667 0.13666667 0.18333333 0.028333333 0.51833333 -0.40666667 -0.20166667 0.081666667 0.52 0.28166667 0.58166667 0.58166667 0.58166667 0.41169961 0.41166667 0.41166667 -0.23333333 0.035 0.035 0.035 0.16166667 0.16166667 0.16166667 0.33333333 0.33333333 0.33333329 -0.053391387 0.53180829 0.5302152 0.2014031 0.19833333 0.19833333 0.17213049 -0.0099999986 -0.0099999999 -0.0099509809 0.028333333 0.028333333 0.028333333 0.028333333 0.028333333 0.18166667 0.18166667 0.18166667 0.18166667 0.9 0.9
0.65166667 1.3066665 0.5216225 0.67833333 0.15333333 0.46666667 0.675 -0.36666667 0.23666667 0.15299402 0.0083333333 -0.06 -0.011666667 0.081666667 0.25 0.28166667 -0.11361904 -0.11617737 -0.255 0.41166667 0.41166667 -0.95666667 -0.23333333 -0.23333333 0.035 0.035000633 0.16166667 0.16166667 0.16166667 -0.65166667 -0.55199021 -0.47 -0.47 -0.46999948 0.19833333 0.19833333 0.19833333 0.19833333 -0.01 -0.01 -0.01 -0.0099999986 0.028333333 0.028333333 0.028333333 0.028333333 0.028333333 0.18166473 0.18166667 0.18166667 0.18166667 0.89993304 0.9
0.65166667 0.21833389 0.52166667 0.37578233 0.15333333 0.35833333 0.0067189558 0.0066666667 -0.065 0.14166666 -0.00024787011 -0.064938885 0.36166667 0.25 0.25 0.26492977 -0.11666667 -0.11666667 -0.255 -0.255 0.41166391 -0.95666667 -1.1466667 -0.24833333 -0.17666667 -0.17679014 0.16166667 0.16166667 -0.65166667 -0.65166667 -0.47 -0.47 -0.47 -0.48257145 0.19833333 0.19833333 0.19833333 -0.01 -0.01 -0.01 -0.01 -0.010004666 0.028333332 0.028333333 0.028333333 0.028333333 0.028333333 0.02969819 0.18166667 0.18160695 -1.15 -1.15 -1.15
-0.71 0.35666667 0.79833333 0.32166667 0.52 0.77333333 0.315 0.2755245 0.43666667 -0.031666667 0.345 0.04 0.040000212 -0.015 -0.015 -0.21333052 -0.21333333 -0.36333333 -0.36333333 -0.25500047 -1.1966667 -1.1966667 -0.24833333 -0.17666667 -0.17666667 -0.705 -1.2366667 -1.2366667 -0.10671661 -0.65166667 -0.47 -0.47 -0.53666667 -0.5366233 -0.12169652 -0.54 -0.54 -0.1739676 -0.01 -0.01 -0.058273051 -0.058333333 -0.058333117 -1.0637094 -1.0832105 -1.083333 -1.0833333 -1.0833329 -2.2225541 -1.15 -1.15 -1.15 -1.15
-0.39167113 0.27166667 -0.26934181 0.51166667 1.08 0.28333333 0.365 0.34166667 0.17 0.17 0.345 0.19166667 -0.57999999 -0.015 -0.20166611 -0.20166667 -0.21333333 -0.48666667 -0.78833333 -0.78833333 -1.1157662 -1.025 -1.025 -1.1383333 -0.705 -0.705 -1.2366667 -1.2366667 -0.10668658 -0.10703325 0.45055146 -0.53666667 -0.53666667 -0.12166667 -0.12166667 -0.74605548 -0.54 -0.54 -1.2083102 -0.058334934 -0.058333333 -0.058333333 -0.058332847 -1.0833298 -1.0833333 -1.0833333 -1.0833333 -1.0833342 -2.49 -1.1502656 -1.15 -1.15 -1.15
-0.39166667 -0.59833333 -0.018333333 -0.41666667 -0.73831489 -0.12333333 0.05 -0.19666665 0.0066666668 -0.195 -0.195 -0.59 -0.58 -0.58 -0.20426238 -0.50828818 -0.53833333 -0.32666667 -0.70000009 -0.78833333 -1.2056264 -1.1716667 -1.4683333 -0.78666667 -0.78666989 -1.0366667 -1.4216667 -1.4216666 -0.44713609 -0.44833331 0.45333333 0.031642173 0.073333333 -0.12166667 -0.13968256 -0.91833333 -0.91833333 -1.2083333 -1.2083333 -0.058333333 -0.058333333 -0.058333331 -0.45574467 -0.4566667 -1.0833333 -1.0833333 -1.0833333 -2.4899465 -2.49 -2.49 -1.15 -1.15 -1.15
-0.60794198 -0.59833333 -0.55833333 -0.155 -0.12 -0.41166667 -0.11 0.67666667 0.38666667 0.49299168 -0.01 -0.24666667 -0.24666667 -0.56833333 -0.56833131 -0.83749721 -0.83833333 -0.83833333 -0.38365658 -1.4216667 -1.5716667 -1.5716667 -1.2766667 -1.3928006 -1.0114733 -1.0366667 -1.2416667 -1.4216667 -0.65117019 -0.64666667 0.02 0.81166667 0.40622385 -0.855 -0.75333333 -0.87333333 -0.79833333 -0.56666667 -0.69494074 -0.057842318 0.051666667 -0.36333333 -0.45665446 -0.45666667 -0.46019389 -1.0833333 -1.5333333 -2.49 -2.49 -2.49 -2.49 -1.1728264 -1.2133333
-0.66166667 -0.66166667 -0.33166667 -0.205 0.0083333333 0.028333333 0.023333333 0.135 0.71666667 0.51997859 0.11833333 -0.048333333 -0.56833333 -0.56833333 -0.35333333 -0.35998533 -0.83833333 -0.8383053 -0.73333333 -1.4216667 -1.4216667 -1.4409917 -1.2766667 -1.4566633 -1.4566667 -1.4566667 -1.2416667 -0.475 -0.475 -0.64666667 -0.64666667 0.81013989 0.0066666667 -0.855 -0.57166667 -0.87333333 -0.79833333 -1.3 -0.695 0.50850675 -0.36333331 -0.37006789 -0.38166667 -0.45666667 -0.45666667 -1.5333333 -1.5333333 -1.5333333 -2.49 -2.49 -1.3333333 -1.3333333 -1.3333333
-0.66166667 -0.66166667 -1.0216667 -0.85166667 -0.47666667 -0.145 -0.41833332 0.15327967 -0.19333333 -0.18833333 -0.22666667 -0.40666667 -0.048811151 -0.35333333 -0.35333333 -0.35335621 -0.55166667 -0.56120139 -0.73333333 -0.15333333 -0.15333333 -0.61333333 -0.61333333 -1.4566667 -1.4566667 -1.4566667 -0.475 -0.475 -0.475 -1.0133333 -1.0133333 -1.0133317 -0.44833333 -0.44833333 -0.65 -1.0666667 -0.49833333 -0.87833403 -1.2366667 0.52833333 0.52833333 -0.20500058 -0.38166667 -0.45666667 -0.92666667 -1.0516667 -0.63389045 -0.63 -1.095 -1.095 -1.3333333 -1.3333333 -1.3333333
-0.66166667 -0.81708032 -0.9491216 -0.99165472 -0.69666667 -0.79333333 -0.41833333 0.15333333 -0.19333044 -0.18838873 -0.40666638 -0.40666667 -0.105 -0.35333333 -0.35333333 -0.55166666 -0.55166667 -0.55167701 -0.73333333 -0.15333333 -0.24366798 -0.61333333 -0.61333333 -1.4566323 -1.4566667 -1.2862804 -0.93833333 -0.93833333 -0.93833328 -1.0133333 -1.0133333 -1.09 -1.09 -0.44833389 -0.65 -0.56166673 -0.57236341 -0.87833333 -0.87833333 0.52833331 -0.205 -0.205 -0.20500525 -0.92666667 -0.92666667 -1.0516667 -0.63 -0.63 -1.095 -1.095 -1.3333333 -1.3333333 -1.3333333
-0.081666667 0.15345163 0.25162532 0.24266111 -0.69666705 -0.79333105 -0.41833334 0.14629644 -0.16944445 -0.19320277 -0.105 -0.105 -0.105 -0.105 -0.35329816 -0.55166667 -0.55166667 -0.55401227 -0.73333333 -0.15335437 -0.21333333 -0.21333333 -0.21333333 -0.21333333 -1.4351997 -0.93833333 -0.93833333 -0.93833333 -0.93833333 -0.93836602 -1.09 -1.09 -1.09 -1.09 -0.56166667 -0.56166667 -0.56166667 -0.86315996 -0.87566709 -0.52333333 -0.52333333 -0.20501712 -0.91000057 -0.92666506 -0.92666667 -1.0516667 -0.63 -0.63 -1.095 -1.095 -1.3324687 -1.3333333 -1.3300426
-0.081666667 0.25166667 0.25166667 0.25166667 0.25166667 0.25166623 -0.41929321 -0.14788693 -0.10571116 -0.10509497 -0.105 -0.105 -0.105 -0.105 -0.10499993 -0.55166666 -0.5516667 -0.56412776 -0.73332912 -0.21333333 -0.21333333 -0.21333333 -0.21333333 -0.21333333 -0.22753119 -0.90832664 -0.89833334 -0.89833333 -0.89833333 -0.89833333 -1.09 -1.09 -1.0900001 -1.18 -1.18 -0.56166667 -0.59893402 -0.6 -0.52333338 -0.52333333 -0.52333333 -0.52333333 -0.91 -0.91 -0.91 -0.91098587 -0.90660998 -0.90833333 -0.90833333 -0.90833333 -0.90833334 0.13666636 0.13666667
0.39333333 0.25166667 0.25166667 0.25166667 0.25166667 0.25166667 0.25166662 -0.20267704 -0.0069981567 -0.0066666668 -0.0066666667 -0.0066666667 -0.0066666667 -0.0066666667 -0.0066666676 -0.12103526 -0.54488538 -0.57654279 -0.21339865 -0.21333333 -0.21333333 -0.21333333 -0.21333333 -0.21333358 -0.87 -0.87 -0.87000004 -0.89833333 -0.89833333 -0.89892739 -1.195 -1.195 -1.18 -1.18 -1.18 -0.69290965 -0.6 -0.6 -0.6 -0.52333333 -0.52333333 -0.52333333 -0.91 -0.91 -0.91 -0.91 -0.90833333 -0.90833333 -0.90833333 -0.90833333 -0.90833333 0.13666667 0.13666667
0.39333333 0.34059244 0.25166667 0.25166667 0.25166667 0.25166667 0.0017157331 0.0016666667 0.0016666665 -0.0066666667 -0.0066666667 -0.0066666667 -0.0066666667 -0.0066666667 -0.03240415 -0.12333333 -0.12333333 -0.12333333 -0.42103185 -0.42166645 -0.42166667 -0.42166667 -0.42166667 -0.42166667 -0.87 -0.87 -0.87 -0.87 -0.89833333 -1.195 -1.195 -1.195 -1.18 -1.18 -1.18 -0.51666667 -0.59988966 -0.6 -0.6 -0.52339377 -0.64399885 -0.92546119 -0.91 -0.91 -0.70729417 -0.70666667 -0.70666667 -0.90702738 -0.1161115 -0.1133334 -0.11333348 0.22332013 0.13666684
0.39333333 0.25060599 0.24913644 0.25166667 0.25166667 0.0018143785 0.0016666667 0.0016666667 0.0016666667 0.0016066143 -0.0066666667 -0.0066666667 -0.0066666667 -0.0066666808 -0.12333333 -0.12333333 -0.12333333 -0.12333333 -0.42140017 -0.42166667 -0.42166667 -0.42166667 -0.42166667 -0.42166667 -0.86999999 -0.87 -0.87 -0.87 -0.87118213 -1.195 -1.195 -1.195 -0.71833334 -1.1799214 -0.51666667 -0.51666667 -0.51666667 -0.52059355 -0.9059851 -0.92666667 -0.92666667 -0.92666667 -0.70166667 -0.70166667 -0.70666667 -0.70666667 -0.70666667 -0.11333334 -0.11333333 -0.11333333 -0.11333333 0.22333333 0.22333333
0.24696228 0.24666667 0.24666667 0.24666667 0.088333333 0.0016689023 0.0016666667 0.0016666667 0.0016666667 0.0016666667 0.017559956 -0.0066624969 -0.0066666576 -0.12333333 -0.12333333 -0.12333333 -0.12333333 -0.12333333 -0.18575549 -0.42166667 -0.42166667 -0.42166667 -0.42166667 -0.42166667 -0.5379667 -0.38333597 -0.38333333 -0.38333333 -0.38333333 -1.195 -0.71833334 -0.71833333 -0.71833333 -0.71833333 -0.51666667 -0.51667606 -0.87333333 -0.87333333 -0.92600072 -0.92666667 -0.92666667 -0.92666667 -0.70166667 -0.70166667 -0.70589249 -0.70666667 -0.70666667 -0.11333333 -0.11333333 -0.11333333 -0.10972339 0.22333333 0.22333333
0.24666667 0.24666667 0.24666667 0.17210514 0.088333333 0.088333333 0.0016666667 0.0016666667 0.0016666667 0.0016666667 0.31333333 0.31333333 0.31333333 -0.12333333 -0.12333333 -0.12333333 -0.12333333 -0.12334573 -0.74166667 -0.74166667 -0.4216668 -0.42166667 -0.42134206 -0.40833333 -0.40810827 -0.38333333 -0.38333333 -0.38333333 -0.38333333 -0.71829922 -0.71833333 -0.71833333 -0.71833333 -0.71833333 -0.87333208 -0.87333333 -0.87333333 -0.87333333 -0.87348555 -0.92666667 -0.92666667 -0.92666667 -0.70166667 -0.70166667 -0.70166667 -0.70666667 -0.70666667 -0.11333334 -0.11333333 -0.11333333 0.22333333 0.22333333 0.22333333
0.24666667 0.24666667 0.24666667 0.088333333 0.088333333 0.088333333 0.088333201 0.0016666667 0.0016666667 0.3130116 0.31333333 0.31333333 0.31333333 0.31306127 -0.18404001 -0.19833333 -0.19833333 -0.19833334 -0.74166667 -0.74166667 -0.74166667 -0.40833333 -0.40833333 -0.40833333 -0.40827684 -0.29066737 -0.38333333 -0.38333333 -0.38333333 -0.38938869 -0.32337218 -0.32333333 -0.32333333 -0.32333333 -0.61724293 -0.25833473 -0.25833333 -0.25833333 -0.25833333 -0.09011448 -0.09 -0.09 -0.70166667 -0.70166667 0.32499571 0.32499997 0.245 0.245 0.34666667 0.34666667 0.34666667 0.22333333 0.57302039
0.24666727 0.24666667 0.24666666 0.088333333 0.088333333 0.088333333 0.088333332 -0.028333325 0.001546715 0.31343459 0.31333333 0.31333333 0.31333333 0.3123293 -0.19833333 -0.19833333 -0.19833333 -0.19833349 -0.74166667 -0.74166667 -0.74166667 -0.40833333 -0.40833333 -0.40833333 -0.20666667 -0.20666667 -0.33666666 -0.33666667 -0.33666667 -0.33659393 -0.32333333 -0.32333333 -0.32333333 -0.32333333 -0.2908512 -0.25833333 -0.25833333 -0.25833333 -0.25833333 -0.09 -0.09 -0.09 -0.076942512 0.325 0.325 0.325 0.245 0.245 0.34666667 0.34666667 0.34666667 0.57333333 0.57333333
0.44166667 0.33085584 -0.35166667 -0.35153902 0.088333333 -0.027658304 -0.028333333 -0.028333333 0.062761324 0.425 0.425 0.425 0.425 -0.29330995 -0.29333333 -0.19833341 -0.19833333 -0.21264937 -0.74166667 -0.74166667 -0.74166667 -0.73 -0.73 -0.73 -0.20666667 -0.20666667 -0.33666667 -0.33666667 -0.33666667 -0.33666663 -0.29000021 -0.29000009 -0.32249555 -0.3232976 -0.4032409 -0.40333333 -0.40333333 -0.40333333 -0.40333333 -0.09 -0.09 -0.09 0.30214868 0.325 0.325 0.32499995 0.245 0.245 0.24500366 0.34666667 0.34666406 0.28833333 0.57333333
-0.016579628 -0.016666725 -0.35166667 -0.35166667 -0.35166667 -0.028333333 -0.028333333 -0.028333333 0.22166667 0.22166667 0.425 0.425 0.425 -0.29333333 -0.29333333 -0.29333333 -0.29333333 -0.29338272 -0.74166667 -0.74166667 -0.74166667 -0.73 -0.73 -0.73 -0.20666667 -0.20666667 -0.33666667 -0.33666667 -0.33666667 -0.29052617 -0.29 -0.29 -0.29 -0.29 -0.40327741 -0.40333333 -0.40333333 -0.40333333 -0.40333333 -0.26999995 -0.27 -0.27 -0.27 0.32499798 0.061666667 0.061666667 0.061666667 0.34666667 0.34666667 0.34666667 0.28833333 0.28833333 0.28833333
-0.016666667 -0.016666667 -0.35166667 -0.35166667 -0.35166667 -0.030032831 -0.028333333 0.22166667 0.22166667 0.22166667 0.42497497 0.425 -0.039399218 -0.2933333 -0.29333333 -0.29333333 -0.29333333 -0.53166667 -0.53166667 -0.53166667 -0.77666667 -0.77666663 -0.73000023 -0.73 -0.72979081 -0.625 -0.625 -0.62499931 -0.33671326 0.056597581 0.056664821 0.056606143 -0.28940751 -0.28970083 -0.38292322 -0.40333336 -0.40357909 -0.47666667 -0.47666667 -0.27 -0.27 -0.27 -0.27 0.061666667 0.061666667 0.061666667 0.061666667 0.34666667 0.34666667 0.34666667 0.28833333 0.28833333 0.28833333
-0.016666667 -0.016666667 -0.35166667 -0.35166667 -0.35166667 -0.35166667 0.065234364 0.22166667 0.22166667 0.22166667 0.22146505 -0.14333333 -0.14333333 -0.14333333 -0.29244935 -0.29333333 -0.53007847 -0.53166667 -0.53166667 -0.53166667 -0.77666667 -0.77666667 -0.77666667 -0.77666667 -0.625 -0.625 -0.625 -0.625 -0.625 0.056666667 0.056666667 0.056666667 0.056666667 0.056666516 -0.015 -0.47666667 -0.47666667 -0.47666667 -0.47666667 -0.47666711 -0.64833333 -0.64833333 -0.64833333 -0.47965916 -0.13 -0.13 -0.13 0.34666665 0.34666637 0.04 0.04 0.29999716 0.3
-0.016666667 -0.016666667 -0.23075519 -0.35166667 -0.35166667 -0.35166667 -0.7199927 0.2186938 0.22166667 0.22166667 -0.14333342 -0.14333333 -0.14333333 -0.14333333 -0.14333333 -0.15568612 -0.53166667 -0.53166667 -0.53166667 -0.53166667 -0.77666477 -0.77666667 -0.77666667 -0.77666667 -0.625 -0.625 -0.625 -0.625 -0.625 -0.28571647 0.056666667 0.056666667 0.056666667 -0.015 -0.015 -0.015358496 -0.47666667 -0.47666667 -0.40444342 -0.34833335 -0.64833333 -0.64833333 -0.64833333 -0.48156596 -0.13 -0.13 -0.13 0.08 0.040498396 0.04 0.04 0.3 0.3
-0.68166667 -0.68166667 -0.68166667 -0.43440674 -0.35224916 -0.72166667 -0.72166667 -0.72166667 -0.72166667 -0.55666667 -0.55666667 -0.14333336 -0.14333333 -0.14333333 -0.14333333 -0.14335795 -0.53166667 -0.53166667 -0.53166667 -0.53166667 -0.66975661 -0.77666667 -0.77666667 -0.7639304 -0.30491718 -0.625 -0.625 -0.625 -0.40666667 -0.40666667 -0.40666667 -0.40666472 -0.015 -0.015 -0.015 -0.015 -0.34833333 -0.34833333 -0.34833333 -0.34833333 -0.60833333 -0.60833333 -0.60833333 -0.061677658 -0.061666667 -0.061666667 -0.061666688 0.08 0.08 0.040048738 0.04 0.29999957 0.3
-0.68166667 -0.68166667 -0.68166667 -0.68167026 -0.74833333 -0.74445556 -0.72166667 -0.72166667 -0.72166667 -0.55666667 -0.55666667 -0.55666667 -0.27833333 -0.27833333 -0.27833333 -0.27833334 -0.53193839 -0.53166667 -0.53166667 -0.53166667 -0.53535517 -0.29000134 -0.29 -0.29 -0.29 -0.29000002 -0.76833333 -0.76833333 -0.40666667 -0.40666667 -0.40666667 -0.40666667 -0.015000108 -0.015 -0.015 -0.015012218 -0.34833333 -0.34833333 -0.34833333 -0.34794583 -0.60833333 -0.60833333 -0.60833333 -0.061692017 -0.061666667 -0.061666667 -0.061666667 0.08 0.08 0.080000018 0.215 0.215 0.53
-0.68166667 -0.68166667 -0.68166667 -0.74833318 -0.74833333 -0.74833333 -0.72166668 -0.72166667 -0.72166667 -0.55666667 -0.55666667 -0.55666667 -0.27833333 -0.27833333 -0.27833333 -0.30892409 -0.68 -0.68 -0.67999962 -0.53250449 -0.29 -0.29 -0.29 -0.29 -0.29 -0.29035997 -0.76833333 -0.76833333 -0.76833333 -0.40666667 -0.40666667 -0.40657977 -0.165 -0.165 -0.165 -0.24 -0.24 -0.26 -0.26 -0.26 0.22833333 -0.6080709 -0.6083265 0.30666667 0.30666667 0.29270725 -0.061665453 0.08 0.08 0.215 0.215 0.215 0.53
