interpolatedSpi/02-08|22_2.tif
NCOLS 53
NROWS 52
XLLCORNER -116.03883
YLLCORNER 28.596182
DX 0.49850594
DY 0.49788537
NODATA_VALUE -9999
[rows 0 to 26 of 52, columns 0 to 52 of 53]
0.19428571 0.19428571 -0.13558852 -0.32428571 0.31 0.15 0.18142857 0.17571429 -0.21126192 -0.12571429 -0.12 0.30285714 0.23144398 0.41857143 0.39142857 0.39142857 0.39142857 0.67142857 0.46857143 0.46857143 0.46857143 0.46856531 -0.16714285 0.21714286 0.21714286 0.21714286 0.18142449 0.18142857 0.18142857 -0.024285714 -0.024285714 -0.024285714 -0.024285714 0.17999996 0.18 0.18 0.18 0.18 0.18 0.18 0.2040279 0.20421537 -0.072857143 -0.072857143 -0.072857143 -0.072857143 -0.073263145 -0.32142857 -0.32142857 -0.32142857 0.64428371 0.64428571 0.64428571
0.19424992 -0.61142857 -0.1871426 -0.057461592 0.067270376 0.28142857 0.11428571 0.27397267 0.077142857 0.0057142857 0.21142857 0.23142857 0.23142857 0.54386652 0.41857271 0.39142857 0.67142857 0.67142857 0.46883593 0.46857143 0.46857143 0.46857143 0.21533816 0.21714286 0.21714286 0.21714286 0.25571428 0.25571429 -0.024285714 -0.024285714 -0.024285714 -0.024285714 -0.024285714 0.17999997 0.18 0.18 0.18 0.18 0.18000005 0.3740669 1.3770621 0.10308852 -0.072857143 -0.072857143 -0.072857143 -0.072857143 -0.072857143 -0.32142857 -0.32142857 -0.32142857 -0.24135062 0.64428571 0.64428571
0.22428026 0.22428571 0.04 0.46857143 -0.065714286 -0.29142857 0.078571429 0.28571429 -0.25857143 0.36857143 0.21857143 0.061428571 0.088571429 0.63857143 0.54428571 0.065714286 0.67142857 0.67142857 0.67142857 0.29148007 0.29142857 0.29142857 0.18285714 0.21714286 0.21714286 0.21714286 0.25571429 0.25571429 0.25571429 -0.024285714 -0.024285714 -0.024285699 0.12907459 0.18152982 0.18666177 0.88915586 0.89571429 0.89571429 0.95626531 1.3771429 1.3771429 1.3752887 -0.072857143 -0.072857143 -0.072857143 -0.072857143 -0.072857143 -0.32142857 -0.32142857 -0.32142857 -0.32142857 0.64428571 0.64428571
-0.20571429 0.22428572 0.2399628 1.1942857 -0.18142857 0.19285714 0.20714286 -0.14571429 0.30857143 0.43765019 0.32428571 0.31857143 0.27571429 0.63857143 -0.18 0.065714286 -0.60908307 -0.61338487 -0.64142857 0.29142857 0.29142857 -0.36 0.18285714 0.18285714 0.21714286 0.21714305 0.25571429 0.25571429 0.25571429 -0.13428571 0.10086188 0.29428571 0.29428571 0.29428619 0.89571429 0.89571429 0.89571429 0.89571429 1.3771429 1.3771429 1.3771429 1.3771428 -0.072857143 -0.072857143 -0.072857143 -0.072857143 -0.072857143 -0.32142544 -0.32142857 -0.32142857 -0.32142857 0.64428478 0.64428571
-0.20571429 0.66285637 0.24 0.26943074 -0.18142857 -0.071428571 0.12571694 0.56857143 0.13571429 0.8099997 0.54976348 0.42851925 0.064285714 -0.18 -0.18 -0.026276714 -0.61428571 -0.61428571 -0.64142857 -0.64142857 0.29142725 -0.36 0.27142857 0.19857143 0.11 0.1101143 0.25571429 0.25571429 -0.13428571 -0.13428571 0.29428571 0.29428571 0.29428571 0.34412304 0.89571429 0.89571429 0.89571429 1.3771429 1.3771429 1.3771429 1.3771429 1.3771311 -0.072857124 -0.072857143 -0.072857143 -0.072857143 -0.072857143 -0.075069737 -0.32142857 -0.32138655 0.61571429 0.61571429 0.61571429
-1.8671429 -0.075714286 0.21714286 0.32857143 -0.35571429 -0.014285714 -0.058571429 0.021720818 0.26 -0.23714286 -0.74714286 -0.022857143 -0.022857085 0.014285714 0.014285714 -0.23854384 -0.23857143 -0.21428571 -0.21428572 -0.64142793 -0.51857143 -0.51857143 0.19857143 0.11 0.11 0.59857143 0.38 0.38 0.7113511 -0.13428571 0.29428571 0.29428571 0.55857143 0.55862636 1.0842481 1.2642857 1.2642857 1.3422279 1.3771429 1.3771429 1.2558657 1.2557143 1.2557162 0.52356798 0.53421861 0.53428555 0.53428569 0.53428549 0.68465127 0.61571429 0.61571429 0.61571429 0.61571429
-0.92857865 -0.78571429 -0.57660182 -0.38857143 -0.18571429 -0.61142857 -0.15 -0.20285714 -0.12571429 -0.12571429 -0.74714286 -0.0057142857 -0.66571413 0.014285714 -0.1242853 -0.12428571 -0.23857143 -0.0085714286 0.088571428 0.088571429 -0.53607555 -0.55571429 -0.55571429 0.47 0.59857143 0.59857143 0.38 0.38 0.71139918 0.71088751 1.0146448 0.55857143 0.55857143 1.0842857 1.0842857 1.3576526 1.2642857 1.2642857 1.7199842 1.2557149 1.2557143 1.2557143 1.2557251 0.53429007 0.53428571 0.53428571 0.53428571 0.53428583 0.73142857 0.61573722 0.61571429 0.61571429 0.61571429
-0.92857143 -0.011428571 -0.11142857 -1.0857143 -0.82858617 -0.59714286 -0.51571429 -0.24714286 -0.33142857 -0.12428571 -0.12428571 -0.094285714 -0.66571429 -0.66571429 -0.12800042 -0.46256687 -0.49571429 0.14142857 -0.38857094 0.088571429 0.28229804 0.37714286 -0.48714286 0.39857142 0.3985668 0.04 0.37857143 0.37857143 0.20890994 0.20714287 1.0171429 0.3333149 0.69285714 1.0842857 1.0902344 1.4357143 1.4357143 1.72 1.72 1.2557143 1.2557143 1.2557143 1.3173283 1.3157142 0.53428571 0.53428571 0.53428571 0.73142107 0.73142857 0.73142857 0.61571429 0.61571429 0.61571429
-0.16812905 -0.011428573 0.20142857 -0.36857143 -0.64285714 -0.74857143 -0.23285714 -0.015714286 0.077142857 0.034992583 -0.15285714 -0.16714286 -0.16714286 0.33714286 0.3371355 -0.64244704 -0.64285714 -0.64285714 0.060523256 -0.49571434 -0.74 -0.73999999 0.82857143 0.031358514 0.076134533 0.04 0.51857143 0.37857143 1.0148524 1.0185714 0.23285714 1.2642857 0.94554366 0.76714286 1.2928571 1.2414286 1.6971429 0.76857143 1.8837705 1.2594065 2.0828571 1.5814286 1.3157478 1.3157143 1.311316 0.53428571 0.91857141 0.73142857 0.73142857 0.73142857 0.73142857 0.64168298 0.38
-1.0442857 -1.0442857 0.16857143 -0.28571429 -0.66285714 -0.65857143 -0.56857143 -0.69857143 -0.23428571 0.024193972 -0.14142857 0.74714286 0.33714286 0.33714286 -0.44571429 -0.44841819 -0.64285714 -0.64280189 -0.39714286 -0.49571429 -0.49571429 -0.52718649 0.82857143 0.75000149 0.75 0.75 0.51857143 0.75714286 0.75714286 1.0185714 1.0185714 1.2630854 0.63142857 0.76714286 1.0657143 1.2414286 1.6971429 1.3942857 1.8842857 1.0438454 1.5814286 1.5593882 1.5214286 1.3157143 1.3157143 0.91857143 0.91857143 0.91857143 0.73142857 0.73142857 0.82428571 0.82428571 0.82428555
-1.0442857 -1.0442857 -0.27 -0.61142857 -0.83285714 -0.52428571 -0.92285713 -0.047427742 -0.10285714 -0.27285714 -0.23285714 -0.53 0.745442 -0.44571429 -0.44571429 -0.44571214 -0.42714286 -0.42556832 -0.39714286 -0.37428571 -0.37428571 -0.61857143 -0.61857143 0.75 0.75 0.75 0.75714286 0.75714286 0.75714286 0.10142857 0.10142857 0.10142945 0.85857143 0.85857143 0.74857143 0.46285714 1.3928571 1.1285725 1.3557143 1.03 1.03 0.81428804 1.5214286 1.3157143 1.0371427 0.78857143 1.0793048 1.08 1.0942857 1.0942857 0.82428571 0.82428571 0.82428571
-1.0442857 -0.71001449 -0.41569975 -0.63284904 -0.054285714 -0.80571429 -0.92285714 -0.047142857 -0.10285668 -0.27097375 -0.52999967 -0.53 -0.47571429 -0.44571429 -0.44571429 -0.42714286 -0.42714286 -0.42714115 -0.39714286 -0.37428571 -0.42225846 -0.61857143 -0.61857143 0.74994522 0.75 0.56685624 0.19285714 0.19285714 0.19285721 0.10142857 0.10142857 0.02 0.02 0.85857113 0.74857143 0.89285717 1.3706363 1.1285714 1.1285714 1.03 0.81428571 0.81428571 0.81428744 1.0371429 1.0371429 0.78857143 1.08 1.08 1.0942857 1.0942857 0.82428571 0.82428571 0.82428571
0.23714286 0.036416769 0.067117971 0.062078115 -0.054289688 -0.80569654 -0.92285714 -0.057922395 -0.099017859 -0.1072963 -0.47571429 -0.47571429 -0.47571429 -0.47571429 -0.44571854 -0.42714286 -0.42714286 -0.42675551 -0.39714286 -0.37426066 -0.28714286 -0.28714286 -0.28714286 -0.28714286 0.73198749 0.19285714 0.19285714 0.19285714 0.19285714 0.19276588 0.02 0.02 0.02 0.02 0.89285714 0.89285714 0.89285714 1.1173527 1.1241831 0.54428571 0.54428571 0.81427119 0.67715518 1.0371082 1.0371429 0.78857143 1.08 1.08 1.0942857 1.0942857 0.82526525 0.82428571 0.99279458
0.23714286 0.067142857 0.067142857 0.067142857 0.067142857 0.067142494 -0.92255716 -0.50850895 -0.088775048 -0.47531694 -0.47571429 -0.47571429 -0.47571429 -0.47571429 -0.47571413 -0.42714286 -0.42714285 -0.42508506 -0.39714292 -0.28714286 -0.28714286 -0.28714286 -0.28714286 -0.28714286 -0.27778402 0.10784151 0.055714314 0.055714286 0.055714286 0.055714286 0.019999999 0.02 0.019999988 0.01 0.01 0.89285714 0.46787048 0.45571429 0.54428566 0.54428571 0.54428571 0.54428571 0.67714286 0.67714286 0.67714286 0.6779183 0.99478287 0.99428571 0.99428571 0.99428571 0.99428572 0.97428568 0.97428571
0.27428571 0.067142857 0.067142857 0.067142857 0.067142857 0.067142857 0.067142794 -0.60574916 -0.26050913 -0.26142857 -0.26142857 -0.26142857 -0.26142857 -0.26142857 -0.26142857 0.096855981 -0.41870668 -0.42303474 -0.2871567 -0.28714286 -0.28714286 -0.28714286 -0.28714286 -0.28714231 0.14571429 0.14571429 0.14571416 0.055714286 0.055714286 0.055485435 -0.058571429 -0.058571429 0.01 0.01 0.01 0.38431569 0.45571429 0.45571429 0.45571429 0.54428571 0.54428571 0.54428571 0.67714286 0.67714286 0.67714286 0.67714286 0.9942857 0.99428571 0.99428571 0.99428571 0.99428571 0.97428571 0.97428571
0.27428571 0.19716878 0.067142857 0.067142857 0.067142857 0.067142857 -0.32849376 -0.32857143 -0.32857143 -0.26142857 -0.26142857 -0.26142857 -0.26142857 -0.26142857 -0.18074944 0.10428571 0.10428571 0.10428571 0.18142593 0.18285666 0.18285714 0.18285714 0.18285714 0.18285714 0.14571429 0.14571429 0.14571429 0.14571429 0.055714286 -0.058571429 -0.058571429 -0.058571429 0.0099999938 0.01 0.01 0.42571429 0.45567456 0.45571429 0.45571429 0.54419282 0.35879988 -0.073861242 0.67714286 0.67714286 0.0077863539 0.0057142857 0.0057142857 0.9923344 -0.18728504 -0.19142847 -0.19142835 0.15012468 0.97428404
0.27428571 -0.18587168 -0.067320804 0.067142857 0.067142857 -0.32833762 -0.32857143 -0.32857143 -0.32857143 -0.32808758 -0.26142857 -0.26142857 -0.26142857 -0.26142853 0.10428571 0.10428571 0.10428571 0.10428571 0.18278696 0.18285714 0.18285714 0.18285714 0.18285714 0.18285714 0.14571429 0.14571429 0.14571429 0.14571429 0.14497122 -0.058571429 -0.058571429 -0.058571429 -0.0028571442 0.010041976 0.42571429 0.42571429 0.42571429 0.42288986 -0.04206404 -0.075714286 -0.075714286 -0.075714286 -0.14857143 -0.14857143 0.0057142857 0.0057142857 0.0057142857 -0.19142857 -0.19142857 -0.19142857 -0.19142857 0.15 0.15
-0.19819642 -0.19857143 -0.19857143 -0.19857143 -0.51714286 -0.32857629 -0.32857143 -0.32857143 -0.32857143 -0.32857143 -0.22562944 -0.26142241 -0.26142856 0.10428571 0.10428571 0.10428571 0.10428571 0.10428571 0.091055843 0.18285714 0.18285714 0.18285714 0.18285714 0.18285714 -0.092014124 -0.50713932 -0.50714286 -0.50714286 -0.50714286 -0.058571426 -0.0028571438 -0.0028571429 -0.0028571429 -0.0028571429 0.42571429 0.42570751 0.16857143 0.16857143 -0.072664015 -0.075714286 -0.075714286 -0.075714286 -0.14857143 -0.14857143 -0.018174455 0.0057142857 0.0057142857 -0.19142857 -0.19142857 -0.19142857 -0.18776757 0.15 0.15
-0.19857143 -0.19857143 -0.19857143 -0.34859147 -0.51714286 -0.51714286 -0.32857143 -0.32857143 -0.32857143 -0.32857143 0.21142857 0.21142857 0.21142857 0.10428571 0.10428571 0.10428571 0.10428571 0.10425833 -0.20285714 -0.20285714 0.18285699 0.18285714 0.17103204 -0.30285714 -0.30469624 -0.50714286 -0.50714286 -0.50714286 -0.50714286 -0.0029084915 -0.0028571429 -0.0028571429 -0.0028571429 -0.0028571429 0.16857233 0.16857143 0.16857143 0.16857143 0.16768843 -0.075714286 -0.075714286 -0.075714286 -0.14857143 -0.14857143 -0.14857143 0.0057142857 0.0057142857 -0.19142856 -0.19142857 -0.19142857 0.15 0.15 0.15
-0.19857143 -0.19857143 -0.19857143 -0.51714286 -0.51714286 -0.51714286 -0.51714257 -0.32857143 -0.32857143 0.21087114 0.21142857 0.21142857 0.21142857 0.21136181 -0.029847143 -0.061428571 -0.061428571 -0.061428572 -0.20285714 -0.20285714 -0.20285714 -0.30285714 -0.30285714 -0.30285714 -0.30288115 -0.44494926 -0.50714286 -0.50714286 -0.50714286 -0.33280027 -0.39424722 -0.39428571 -0.39428571 -0.39428571 -0.0041934593 -0.24571334 -0.24571429 -0.24571429 -0.24571429 -0.47137443 -0.47142857 -0.47142857 -0.14857143 -0.14857143 -0.19999979 -0.1999999 0.088571429 0.088571429 -0.10857143 -0.10857143 -0.10857143 0.15 0.082917177
-0.19857199 -0.19857143 -0.19857144 -0.51714286 -0.51714286 -0.51714286 -0.51714286 -1.0928569 -0.33162734 0.21080937 0.21142857 0.21142857 0.21142857 0.21089315 -0.061428571 -0.061428571 -0.061428571 -0.061428612 -0.20285714 -0.20285714 -0.20285714 -0.30285714 -0.30285714 -0.30285714 -0.38857143 -0.38857143 -0.49 -0.49 -0.49 -0.48947785 -0.39428571 -0.39428571 -0.39428571 -0.39428571 -0.3200409 -0.24571429 -0.24571429 -0.24571429 -0.24571429 -0.47142857 -0.47142857 -0.47142857 -0.46288839 -0.2 -0.2 -0.2 0.088571429 0.088571429 -0.10857143 -0.10857143 -0.10857143 0.082857136 0.082857143
-0.37857143 -0.30694113 -0.69 -0.68994985 -0.51714286 -1.0895261 -1.0928571 -1.0928571 -0.96168084 -0.47142858 -0.47142857 -0.47142857 -0.47142857 -0.11144029 -0.11142857 -0.06142861 -0.061428571 -0.065155006 -0.20285714 -0.20285714 -0.20285714 -0.53142857 -0.53142857 -0.53142857 -0.38857143 -0.38857143 -0.49 -0.49 -0.49 -0.49000033 -0.94285366 -0.9428556 -0.40807323 -0.39487382 -0.88800513 -0.88857143 -0.88857143 -0.88857143 -0.88857143 -0.47142857 -0.47142857 -0.47142857 -0.21494585 -0.2 -0.2 -0.20000002 0.088571429 0.088571429 0.088564332 -0.10857143 -0.10856734 -0.017142857 0.082857143
-0.59138815 -0.59142859 -0.69 -0.69 -0.69 -1.0928571 -1.0928571 -1.0928571 -0.73285714 -0.73285714 -0.47142857 -0.47142857 -0.47142857 -0.11142857 -0.11142857 -0.11142857 -0.11142857 -0.11143853 -0.20285714 -0.20285714 -0.20285716 -0.53142857 -0.53142857 -0.53142857 -0.38857143 -0.38857143 -0.49 -0.49 -0.49 -0.93775115 -0.94285714 -0.94285714 -0.94285714 -0.94285714 -0.88859822 -0.88857143 -0.88857143 -0.88857143 -0.88857143 -0.67999995 -0.68 -0.68 -0.68 -0.20000081 -0.30571429 -0.30571429 -0.30571429 0.06 0.06 0.06 -0.017142857 -0.017142857 -0.017142857
-0.59142857 -0.59142857 -0.69 -0.69 -0.69 -1.0907397 -1.0928571 -0.73285714 -0.73285714 -0.73285714 -0.47146075 -0.47142857 -0.53212927 -0.11142867 -0.11142857 -0.11142857 -0.11142857 -0.41285714 -0.41285714 -0.41285714 -0.53857143 -0.53857142 -0.53142861 -0.53142857 -0.53149771 -0.71571429 -0.71571429 -0.71571375 -0.49003648 -0.99713204 -0.99714257 -0.99713338 -0.94294992 -0.94290399 -0.89827535 -0.88857157 -0.88978744 -1.2514286 -1.2514286 -0.68 -0.68 -0.68 -0.68 -0.30571429 -0.30571429 -0.30571429 -0.30571429 0.06 0.06 0.06 -0.017142857 -0.017142857 -0.017142857
-0.59142857 -0.59142857 -0.69 -0.69 -0.69 -0.69 -0.95811966 -0.73285714 -0.73285714 -0.73285714 -0.73275377 -0.54571429 -0.54571429 -0.54571429 -0.11398792 -0.11142857 -0.4108485 -0.41285714 -0.41285714 -0.41285714 -0.53857143 -0.53857143 -0.53857143 -0.53857143 -0.71571429 -0.71571429 -0.71571429 -0.71571429 -0.71571429 -0.99714286 -0.99714286 -0.99714286 -0.99714286 -0.99714276 -0.95 -1.2514286 -1.2514286 -1.2514286 -1.2514286 -1.2514263 -0.61428571 -0.61428571 -0.61428571 -0.49202343 -0.23857143 -0.23857143 -0.23857143 0.059999991 0.059999688 -0.26142857 -0.26142857 0.1056844 0.10571429
-0.59142857 -0.59142857 -0.65442264 -0.69 -0.69 -0.69 -0.91253773 -0.7334244 -0.73285714 -0.73285714 -0.5457143 -0.54571429 -0.54571429 -0.54571429 -0.54571429 -0.51009752 -0.41285714 -0.41285714 -0.41285714 -0.41285714 -0.53857046 -0.53857143 -0.53857143 -0.53857143 -0.71571429 -0.71571429 -0.71571429 -0.71571429 -0.71571429 -1.0467585 -0.99714286 -0.99714286 -0.99714286 -0.95 -0.95 -0.95023407 -1.2514286 -1.2514286 -0.98290282 -0.77428575 -0.61428571 -0.61428571 -0.61428571 -0.49461456 -0.23857143 -0.23857143 -0.23857143 -0.65714286 -0.26635913 -0.26142857 -0.26142857 0.10571429 0.10571429
-0.96857143 -0.96857143 -0.96857143 -0.75984551 -0.69028624 -0.91285714 -0.91285714 -0.91285714 -0.91285714 -0.60714286 -0.60714286 -0.54571429 -0.54571429 -0.54571429 -0.54571429 -0.54570587 -0.41285714 -0.41285714 -0.41285714 -0.41285714 -0.48371379 -0.53857143 -0.53857143 -0.52974826 -0.22432913 -0.71571429 -0.71571429 -0.71571429 -1.0642857 -1.0642857 -1.0642857 -1.0642854 -0.95 -0.95 -0.95 -0.95 -0.77428571 -0.77428571 -0.77428571 -0.77428571 -0.46714286 -0.46714286 -0.46714286 -0.53142728 -0.53142857 -0.53142857 -0.53142848 -0.65714286 -0.65714286 -0.26191073 -0.26142857 0.10571372 0.10571429
