interpolatedSpi/02-08|22_1.tif
NCOLS 53
NROWS 52
XLLCORNER -116.03883
YLLCORNER 28.596182
DX 0.49850594
DY 0.49788537
NODATA_VALUE -9999
[rows 26 to 51 of 52, columns 0 to 52 of 53]
-0.46285714 -0.46285714 -0.46285714 -0.45215325 -0.44844885 -0.42285714 -0.42285714 -0.42285714 -0.42285714 -0.30142857 -0.30142857 -0.39428571 -0.39428571 -0.39428571 -0.39428571 -0.39427104 -0.16285714 -0.16285714 -0.16285714 -0.16285714 -0.29893412 -0.40428571 -0.40428571 -0.39938811 -0.23476357 -0.61285714 -0.61285714 -0.61285714 -0.97428571 -0.97428571 -0.97428571 -0.97428476 -0.77 -0.77 -0.77 -0.77 -0.56142857 -0.56142857 -0.56142857 -0.56142857 -0.33285714 -0.33285714 -0.33285714 -0.46285453 -0.46285714 -0.46285714 -0.46285706 -0.52428571 -0.52428571 -0.10622429 -0.10571429 0.26999873 0.27
-0.46285714 -0.46285714 -0.46285714 -0.46285183 -0.36428571 -0.37280296 -0.42285714 -0.42285714 -0.42285714 -0.30142857 -0.30142857 -0.30142857 -0.32285715 -0.32285714 -0.32285714 -0.32285714 -0.16270013 -0.16285714 -0.16285714 -0.16285714 -0.16650784 -0.21714337 -0.21714286 -0.21714286 -0.21714286 -0.21714287 -0.51285714 -0.51285714 -0.97428571 -0.97428571 -0.97428571 -0.97428571 -0.76999996 -0.77 -0.77 -0.76999569 -0.56142857 -0.56142857 -0.56142857 -0.56098989 -0.33285714 -0.33285714 -0.33285714 -0.46285111 -0.46285714 -0.46285714 -0.46285714 -0.52428571 -0.52428571 -0.52428564 0.018571429 0.018571429 0.14428571
-0.46285714 -0.46285714 -0.46285714 -0.36428594 -0.36428571 -0.36428571 -0.42285712 -0.42285714 -0.42285714 -0.30142857 -0.30142857 -0.30142857 -0.32285714 -0.32285714 -0.32285714 -0.30414365 -0.077142857 -0.077142857 -0.077143079 -0.16237301 -0.21714286 -0.21714286 -0.21714286 -0.21714286 -0.21714286 -0.2173654 -0.51285714 -0.51285714 -0.51285714 -0.97428571 -0.97428571 -0.97424526 -0.71714286 -0.71714286 -0.71714286 -0.57571429 -0.57571429 -0.46142857 -0.46142857 -0.46142857 -0.17 -0.33280606 -0.33285558 -0.12285714 -0.12285714 -0.13574276 -0.46285635 -0.52428571 -0.52428571 0.018571429 0.018571429 0.018571429 0.14428571
-0.46285714 -0.46285714 -0.46285714 -0.36428571 -0.36428571 -0.36428571 -0.36428571 -0.42285714 -0.42285714 -0.30142857 -0.30142857 -0.32200031 -0.32285714 -0.32285714 -0.32285714 -0.077142857 -0.077142857 -0.077142857 -0.077142857 -0.077142857 -0.21714286 -0.21714286 -0.21714286 -0.21714286 -0.21714286 -0.51285613 -0.51285714 -0.51285714 -0.51285714 -0.91142857 -0.91142857 -0.91142857 -0.71714286 -0.71714286 -0.71714286 -0.57571429 -0.57571429 -0.46142857 -0.46142857 -0.17 -0.17 -0.17 -0.12285714 -0.12285714 -0.12285714 -0.12285714 -0.094457636 0.22285714 0.22285714 0.22285714 0.018571437 0.47142857 0.47142857
-0.46285714 -0.46285714 -0.46271988 -0.36428571 -0.36428571 -0.36428571 -0.36428571 -0.46628698 -0.47142857 -0.4711367 -0.30142857 -0.32285379 -0.32285714 -0.32285714 -0.32285629 -0.077142857 -0.077142857 -0.077142857 -0.077142857 -0.077142857 0.39935734 -0.21714286 -0.21714286 -0.21714286 -0.2170843 -0.51282451 -0.51285714 -0.51285714 -0.51285714 -0.91142857 -0.91142857 -0.91142857 -0.91140014 -0.71714286 -0.57571429 -0.57571429 -0.57571429 -0.57570947 -0.4614087 -0.17 -0.17 -0.17 -0.12286 -0.12285714 -0.12285714 -0.12285714 0.22285846 0.22285714 0.22285714 0.22285714 0.47142857 0.47142857 0.47142857
-0.76 -0.75999948 -0.36435153 -0.36428571 -0.36428571 -0.36428571 -0.47140577 -0.47142857 -0.47142857 -0.47142857 -0.28285715 -0.28285714 -0.28285714 -0.28285714 -0.078092314 -0.077142857 -0.077142857 -0.077142857 -0.077142857 0.42571399 0.42571429 0.42571429 0.06714281 0.067142857 0.067142857 0.067142857 0.017081397 -0.51285714 -0.86427132 -0.86428571 -0.86428571 -0.86428571 -0.86428571 -0.42571429 -0.42571429 -0.42571429 -0.42571429 -0.42571429 0.052857143 0.052857143 0.052857143 0.052857143 0.052857142 0.35641929 0.35714286 0.35714286 0.35714286 0.22285714 0.22285714 0.22285714 0.47138941 0.47142857 0.47142857
-0.76 -0.76 -0.7564954 -0.34142862 -0.34142858 -0.34155531 -0.47142857 -0.47142857 -0.47142857 -0.47142857 -0.28285714 -0.28285714 -0.28285714 -0.28285714 -0.28285714 -0.077142857 -0.077142857 -0.077142857 0.42571416 0.42571429 0.42571429 0.42571429 0.067142858 0.067142857 0.067142857 0.067142857 0.067142857 0.067019201 -0.86418917 -0.86428571 -0.86428571 -0.86428571 -0.86424693 -0.45324951 -0.4257428 -0.42571429 -0.42571429 -0.42571429 0.052857143 0.052857143 0.052857143 0.052857143 0.052857142 0.35714286 0.35714286 0.35714286 0.35714286 0.29434823 0.22285714 0.396611 0.39857143 0.30857143 0.30857143
-0.76 -0.76 -0.34148159 -0.34142857 -0.34142857 -0.34142857 -0.37444802 -0.47142857 -0.47142857 -0.47142857 -0.28285714 -0.28285714 -0.28285714 -0.28285714 -0.28285714 -0.077297355 -0.077142857 0.42556685 0.42571429 0.42571429 0.42571429 0.42571429 0.19997797 0.067142857 0.067142857 0.067142857 0.067142857 0.066660357 -0.61428571 -0.61428571 -0.61428571 -0.61428571 -0.61428571 -0.47428571 -0.47428571 -0.47428571 -0.47428571 -0.47428571 -0.12714286 -0.12714286 -0.12714286 -0.12714286 -0.12714286 0.35702775 0.35714283 0.35714286 0.35713487 0.35618728 0.39857143 0.39857143 0.39857143 0.30857193 0.30857143
-0.75999905 -0.25434007 -0.34142856 -0.34142857 -0.34142857 -0.34142857 -0.34142857 -0.47137322 -0.47142857 -0.47142857 -0.28285714 -0.28285714 -0.28285714 -0.28285714 0.1250204 0.13428571 0.13428571 0.42570679 0.42571429 0.42571429 0.42571429 0.42571429 0.42571417 0.067142857 0.067142857 0.067142857 0.067142857 -0.33428596 -0.33428584 -0.39387652 -0.61428571 -0.61428571 -0.61428571 -0.47428571 -0.47428571 -0.47428571 -0.47428571 -0.47415413 -0.12714286 -0.12714286 -0.12714286 -0.12714286 -0.127141 0.31 0.31 0.31 0.31 0.31000714 0.39857143 0.39857143 0.39857143 0.39857132 0.22130443
-0.24428571 -0.24428571 -0.25440692 -0.34142857 -0.34142857 -0.34142857 -0.34142857 -0.34142857 -0.47137238 -0.15571429 -0.15571429 -0.15571429 -0.15601602 0.13428511 0.13428571 0.13428571 0.13428571 0.13428571 0.42570964 0.38600408 0.038571429 0.038571429 0.038571429 0.042240164 0.00048399136 -0.35619497 -0.65691545 -0.33428571 -0.33428571 -0.33428571 -0.33428571 -0.33428571 -0.34399756 -0.28024052 -0.28 -0.28 -0.28 -0.28 -0.12258072 -0.10285719 -0.10285714 -0.10285714 -0.10285714 0.24714304 0.30999998 0.31 0.31 0.30142857 0.39856987 0.39857143 0.39857143 0.22 0.22
-0.24428571 -0.24428571 -0.19142857 -0.19142857 -0.19142857 -0.34137861 -0.34142857 -0.34142857 -0.15571429 -0.15571429 -0.15571429 -0.15571429 -0.15571429 0.1342857 0.13428571 0.13428571 0.13428571 0.13428571 0.038571429 0.038571429 0.038571429 0.038571429 0.038571429 -0.76571424 -0.76571429 -0.76571429 -0.76571429 -0.33428572 -0.33428571 -0.33428571 -0.33428571 -0.33428571 -0.30142857 -0.30142857 -0.28 -0.28 -0.28 -0.092889013 -0.092857143 -0.10285714 -0.10285714 -0.10285714 -0.10285709 0.24714286 0.24714286 0.24714286 0.30142857 0.30142857 0.30142857 0.40285714 0.40285714 0.22 0.22
-0.24428571 -0.24428571 -0.19142857 -0.19142857 -0.19142857 -0.19142857 -0.19142851 -0.18 -0.15573715 -0.15571429 -0.15571429 -0.15571429 -0.15571429 0.13066823 0.13428571 0.13428571 0.13428571 0.13428571 0.03857143 0.038571429 0.038571429 0.038571429 0.038571429 -0.76571429 -0.76571429 -0.76571429 -0.76571429 -0.76571253 -0.33428571 -0.33428571 -0.33428571 -0.30143029 -0.30142857 -0.30142857 -0.30142857 -0.28 -0.092857145 -0.092857143 -0.092857143 -0.093120261 0.18256144 0.23571429 0.23571429 0.24714286 0.24714286 0.24714286 0.30142857 0.30142857 0.30142857 0.40285714 0.40285714 0.40285714 0.18118358
-0.28 -0.27999972 -0.19142857 -0.19142857 -0.19142857 -0.19142857 -0.18 -0.18 -0.18 -0.15571429 -0.15571429 -0.15571429 -0.15571429 -0.15562413 0.13428571 0.13428571 0.13428571 0.13428571 0.038573041 0.038571428 0.038571429 0.038571426 -0.62402813 -0.76571429 -0.76571429 -0.76571429 -0.76571429 -0.59714299 -0.59714286 -0.59714285 -0.33710565 -0.30142857 -0.30142857 -0.30142857 -0.30142845 -0.17 -0.092857143 -0.092857143 -0.092857143 -0.09285714 0.23571429 0.23571429 0.23571429 0.26285714 0.26285714 0.26285714 0.13430199 0.30142857 0.30142857 0.40285714 0.40285714 0.40285714 0.17714297
-0.28 -0.28 -0.19142857 -0.19142857 -0.19142857 -0.18 -0.18 -0.18 -0.18 -0.15837688 -0.15571429 -0.15571429 -0.15571429 -0.15571355 -0.075690118 -0.075714286 -0.075714286 -0.075714286 -0.11419206 -0.15285714 -0.15285714 -0.15285714 -0.15285714 -0.76571429 -0.76571429 -0.76571429 -0.76570317 -0.59714286 -0.59714286 -0.59714286 -0.59714286 -0.30144719 -0.2275038 -0.17 -0.17 -0.17 -0.092878733 -0.09857131 -0.098571429 -0.098571429 0.23558896 0.075714291 0.075714286 0.26285714 0.26285714 0.2628566 0.13428571 0.13428571 0.22428571 0.22428571 0.22428571 0.24857143 0.21857143
-0.28 -0.28 0.045714286 0.045714286 0.045714286 -0.18 -0.18 -0.18 -0.18 -0.17142857 -0.17142857 -0.17142857 -0.17142857 -0.16468336 -0.075714286 -0.075714286 -0.075714286 -0.075714286 -0.11285714 -0.15285714 -0.15285714 -0.15285714 -0.15285714 -0.52714286 -0.52714295 -0.76571393 -0.59714286 -0.59714286 -0.59714286 -0.59714286 -0.53928283 -0.48285714 -0.20722571 -0.17 -0.17 -0.17 -0.098571429 -0.098571429 -0.098571429 -0.098571429 0.075714286 0.075714286 0.075714286 0.27279498 0.27285714 0.13490858 0.13428571 0.13428571 0.22428653 0.22428571 0.24857143 0.24857143 0.21857143
-0.28 0.045714284 0.045714286 0.045714286 0.045714286 0.045714286 -0.17811473 0.062857143 0.062857143 -0.17142857 -0.17142857 -0.17142857 -0.17142857 -0.1714059 -0.075714286 -0.075714286 -0.075714286 -0.077392518 -0.11285714 -0.11285714 -0.15285714 -0.15285714 -0.52714286 -0.52714286 -0.52714286 -0.52714286 -0.59714286 -0.59714286 -0.59714286 -0.59714286 -0.48285714 -0.48285714 -0.48285714 -0.17031659 -0.17 -0.17 -0.098571429 -0.098571429 -0.098571429 -0.098571429 0.075714286 0.075714286 0.075714286 0.27285714 0.27285714 0.27286807 0.46571429 0.46571429 0.40857143 0.40857143 0.24857143 0.24857143 0.21857143
0.042655424 0.045714286 0.045714286 0.045714286 0.045714286 0.045714286 0.062857143 0.062857143 0.062857143 -0.062542363 -0.17142857 -0.17142857 -0.17142857 -0.17142337 -0.075714286 -0.075714286 -0.075714286 -0.11285714 -0.11285714 -0.11285714 -0.15285514 -0.15285943 -0.52714286 -0.52714286 -0.52714286 -0.52714286 -0.59713788 -0.59714286 -0.59714286 -0.48288343 -0.48285714 -0.48285714 -0.48285714 -0.48285714 -0.17101129 -0.34857143 -0.34857143 -0.34424474 -0.098571429 -0.098571429 0.075714132 0.075714286 0.26712517 0.27285714 0.27285714 0.46571422 0.46571429 0.46571429 0.40857143 0.40857143 0.59285714 0.59285714 0.47714286
0.045714286 0.045714286 0.045714286 0.045714286 0.045714286 0.045714286 0.062857143 0.062857143 0.062857143 0.062857141 0.078564226 0.078571429 0.078571429 0.078571429 -0.075713988 -0.043663791 -0.025714286 -0.025714286 -0.1126965 -0.11285714 -0.11285715 -0.52714231 -0.52714286 -0.52714286 -0.52714286 -0.52714286 -0.52719375 -0.59714286 -0.59713895 -0.48285714 -0.48285714 -0.48285714 -0.48285714 -0.48285714 -0.34857143 -0.34857143 -0.34857143 -0.34857143 -0.34857143 -0.34857011 -0.16857143 -0.16857143 -0.16857132 0.15428571 0.15428571 0.15428571 0.32571429 0.32571429 0.27285714 0.27285714 0.59285714 0.59285689 0.47714286
0.045714286 0.045714286 0.045714286 0.045714286 0.045714286 0.045714286 0.062857143 0.062857143 0.062857143 0.078571429 0.078571429 0.078571429 0.078571429 0.078571429 0.051081964 -0.025714286 -0.025714286 -0.025714286 -0.025714286 -0.025714286 -0.02987507 -0.52714285 -0.52714286 -0.52714286 -0.52714286 -0.52548309 -0.47436854 -0.58041365 -0.48342074 -0.48285714 -0.48285714 -0.48285714 -0.48285714 -0.48285685 -0.34857143 -0.34857143 -0.34857143 -0.34857143 -0.34857143 -0.26483585 -0.16857143 -0.16857143 -0.16857143 0.15428571 0.15428571 0.15428571 0.32571429 0.32571429 0.27285714 0.27285714 0.44857143 0.47556678 0.47714286
0.045714286 0.045714286 0.045714286 0.045714286 0.045714286 0.045714291 0.062857139 0.062857143 0.063509373 0.078571429 0.078571429 0.078571429 0.078571429 0.078571429 0.073569244 -0.025714286 -0.025714286 -0.025714286 -0.025714286 -0.025714286 -0.025714286 -0.48095754 -0.47428579 -0.47428571 -0.47428571 -0.47428571 -0.47428571 -0.47428571 -0.73468961 -0.7385684 -0.73857142 -0.73857143 -0.73857143 -0.73857115 -0.34857143 -0.34857143 -0.34857143 -0.34857143 -0.34857143 -0.16857145 -0.16857143 -0.16857143 -0.16857143 -0.16857129 0.15382536 -0.13285714 0.32571424 0.25692528 0.27284212 0.44857143 0.44857143 0.44869021 0.45428571
0.045714286 0.045714286 0.045714286 0.045714286 0.045714286 0.045715381 0.062856218 0.062858094 0.078571409 0.078571429 0.078571429 0.078571429 0.078571429 0.078571429 0.076587093 -0.025714286 -0.025714286 -0.025714286 -0.025714286 -0.025714286 -0.025714286 -0.47428571 -0.47428571 -0.47428571 -0.47428571 -0.47428571 -0.47428571 -0.47428571 -0.73849847 -0.73857143 -0.73857143 -0.73857143 -0.73857143 -0.73857143 -0.63171147 -0.34857143 -0.34857143 -0.34857143 -0.34857143 -0.16857143 -0.16857143 -0.16857143 -0.16857143 -0.16856228 -0.13285714 -0.13285714 -0.13042176 0.25571429 0.25571429 0.44857143 0.44857143 0.45428571 0.45428571
0.045714286 0.045714286 0.045714286 0.045714286 0.045714286 0.045737148 0.062837236 0.076798174 0.078571429 0.078571429 0.078571429 0.078571429 0.078571429 0.078571429 0.076745728 -0.025714286 -0.025714286 -0.025714286 -0.025714286 -0.025714286 -0.089582706 -0.47428571 -0.47428571 -0.47428571 -0.47428571 -0.47428571 -0.47428571 -0.47428571 -0.73857037 -0.73857143 -0.73857143 -0.73857143 -0.73857143 -0.73857143 -0.73857143 -0.40767869 -0.49953515 -0.5497665 -0.55740587 -0.18133533 -0.16857143 -0.16857143 -0.16857143 -0.13285999 -0.13285714 -0.13405951 -0.33428289 0.25571429 0.25571429 0.31849385 0.31857143 0.31857143 0.45428565
0.045714286 0.045714286 0.045714286 0.045714286 0.045714303 0.045857257 0.064095652 0.078567108 0.078571429 0.078571429 0.078571429 0.078571429 0.078571429 0.078571429 0.076136196 -0.025714286 -0.025714286 -0.025714286 -0.025714286 -0.025714288 -0.47428378 -0.47428571 -0.47428571 -0.47428571 -0.47428571 -0.47428571 -0.47428571 -0.47428571 -0.73857136 -0.73857143 -0.73857143 -0.73857143 -0.73857143 -0.73857143 -0.73857139 -0.56142857 -0.56142857 -0.56142857 -0.56142857 -0.36714286 -0.36714286 -0.36714286 -0.36714286 -0.33428513 -0.33428571 -0.33428571 -0.33428571 -0.33428231 -0.037142857 -0.037142857 0.31857143 0.31857143 0.20237081
0.045714286 0.045714286 0.045714286 0.045714287 0.045714765 0.046186825 0.077463851 0.078571223 0.078571429 0.078571429 0.078571429 0.078571429 0.078571429 0.078571429 0.075031328 -0.025714243 -0.025714286 -0.025714286 -0.025714286 -0.028414041 -0.47428571 -0.47428571 -0.47428571 -0.47428571 -0.47428571 -0.47428571 -0.47428571 -0.47428571 -0.73857137 -0.73857143 -0.73857143 -0.73857143 -0.73857143 -0.73857143 -0.56142873 -0.56142857 -0.56142857 -0.56142857 -0.56142857 -0.36714286 -0.36714286 -0.36714286 -0.36714286 -0.35827486 -0.33428571 -0.33428571 -0.33428571 -0.037146181 -0.037142857 -0.037142857 0.15 0.15 0.15
0.045714286 0.045714286 0.045714287 0.045714325 0.045719017 0.048194787 0.078509466 0.078571377 0.078571429 0.078571429 0.078571429 0.078571429 0.078571429 0.078571422 0.073534656 -0.025711833 -0.025714286 -0.025714286 -0.0257148 -0.46519695 -0.47428571 -0.47428571 -0.47428571 -0.47428571 -0.47428571 -0.47428571 -0.47428571 -0.47428571 -0.73857118 -0.73857143 -0.73857143 -0.73857143 -0.73857143 -0.55765253 -0.56142855 -0.56142857 -0.56142857 -0.56142857 -0.56142857 -0.36714286 -0.36714286 -0.36714286 -0.36714286 -0.36714286 -0.33428571 -0.33428571 -0.33428571 -0.03714286 -0.037142857 -0.037142857 0.15 0.15 0.15
0.045714285 0.045714287 0.045714302 0.045714748 0.045746695 0.064128618 0.078560167 0.078571397 0.078571429 0.078571429 0.078571429 0.078571429 0.078571429 0.078571233 0.071755235 -0.025676199 -0.025714284 -0.025714301 -0.028036758 -0.47424757 -0.47428571 -0.47428571 -0.47428571 -0.47428571 -0.47428571 -0.47428571 -0.47428571 -0.47428587 -0.73856977 -0.73857143 -0.73857125 -0.51315544 -0.49142857 -0.49142857 -0.49142857 -0.56142857 -0.56142857 -0.56142857 -0.56142857 -0.36714286 -0.36714286 -0.36714286 -0.36714286 -0.36714286 -0.3342863 -0.33428571 -0.33428557 -0.037142878 -0.037142857 -0.037142756 0.15 0.15 0.15
