interpolatedSpi/02-07|19_1.tif
NCOLS 53
NROWS 52
XLLCORNER -116.03883
YLLCORNER 28.596182
DX 0.49850594
DY 0.49788537
NODATA_VALUE -9999
[rows 0 to 28 of 52, columns 0 to 52 of 53]
0.24142857 0.24142857 0.057223444 -0.067142857 -0.12428571 -0.09 -0.061428571 -0.21857143 -0.47623741 -0.61428571 -0.38142857 -0.30142857 -0.56996647 -0.16285714 -0.15571429 -0.15571429 -0.15571429 0.19428571 0.042857143 0.042857143 0.042857143 0.042850359 -0.66142857 -0.035714286 -0.035714286 -0.035714286 -0.31571241 -0.31571429 -0.31571429 -0.58857143 -0.58857143 -0.58857143 -0.58857143 -1.1214285 -1.1214286 -1.1214286 -1.1214286 -1.1214286 -1.1214286 -1.1214285 -0.08120405 -0.070170313 -0.73857143 -0.73857143 -0.73857143 -0.73857143 -0.73928077 -1.1728571 -1.1728571 -1.1728571 -0.49000142 -0.49 -0.49
0.24141677 -0.024285714 0.14571455 0.12142769 -0.028660377 0.19 0.49285714 -0.23570472 -0.57 -0.48 -0.44142857 -0.57 -0.57 0.12475205 -0.16285359 -0.15571429 0.19428571 0.19428571 0.043054585 0.042857143 0.042857143 0.042857143 -0.054513247 -0.035714286 -0.035714286 -0.035714286 -0.22571427 -0.22571429 -0.58857143 -0.58857143 -0.58857143 -0.58857143 -0.58857143 -1.1214285 -1.1214286 -1.1214286 -1.1214286 -1.1214286 -1.1214285 -0.94191362 -0.068608468 -0.65727222 -0.73857143 -0.73857143 -0.73857143 -0.73857143 -0.73857143 -1.1728571 -1.1728571 -1.1728571 -1.116234 -0.49 -0.49
0.12142638 0.12142857 0.37428571 0.44857143 -0.12571429 -0.34285714 -0.075714286 0.05 -0.54285714 -0.47 -0.16714286 -0.44714286 -0.054285714 -0.0028571429 0.12571429 -0.50714286 0.19428571 0.19428571 0.19428571 -0.12709344 -0.12714286 -0.12714286 -0.39285714 -0.035714286 -0.035714286 -0.035714286 -0.22571429 -0.22571429 -0.22571429 -0.58857143 -0.58857143 -0.58857144 -0.67591115 -1.118775 -1.1104852 0.043512091 0.054285714 0.054285714 0.038833524 -0.068571428 -0.068571429 -0.069428189 -0.73857143 -0.73857143 -0.73857143 -0.73857143 -0.73857143 -1.1728571 -1.1728571 -1.1728571 -1.1728571 -0.49 -0.49
0.077142857 0.12142848 -0.34720851 0.22142857 -0.26714286 -0.13571429 -0.13857143 -0.53857143 -0.35428571 -0.097636825 -0.5 -0.55285714 -0.41714286 -0.0028571429 -0.2 -0.50714286 -0.36537871 -0.36389435 -0.70714286 -0.12714286 -0.12714286 -0.31428571 -0.39285714 -0.39285714 -0.035714286 -0.035715235 -0.22571429 -0.22571429 -0.22571429 -0.73142857 -0.75259186 -0.77 -0.77 -0.76999935 0.054285714 0.054285714 0.054285714 0.054285714 -0.068571429 -0.068571429 -0.068571429 -0.068571454 -0.73857143 -0.73857143 -0.73857143 -0.73857143 -0.73857143 -1.1728517 -1.1728571 -1.1728571 -1.1728571 -0.48999561 -0.49
0.077142857 -0.12000042 -0.34714286 -0.53611229 -0.26714286 -0.37428571 -0.48140616 -0.50142857 -0.45428571 -0.59428577 -0.54687485 -0.52284957 -0.47 -0.2 -0.2 -0.40326426 -0.36428571 -0.36428571 -0.70714286 -0.70714286 -0.12714328 -0.31428571 -0.59 -0.47285714 -0.22857143 -0.22861419 -0.22571429 -0.22571429 -0.73142857 -0.73142857 -0.77 -0.77 -0.77 -0.76003259 0.054285713 0.054285714 0.054285714 -0.068571429 -0.068571429 -0.068571429 -0.068571429 -0.06858315 -0.73857142 -0.73857143 -0.73857143 -0.73857143 -0.73857143 -0.74243711 -1.1728571 -1.1728205 -0.35571429 -0.35571429 -0.35571429
-1.1814286 -0.13 0.071428584 -0.39 -0.05 -0.14 -0.53714286 -0.53257041 -0.72428571 -0.62 -0.81285714 -0.61714286 -0.61714276 -1.26 -1.26 -0.5999493 -0.6 -0.42714286 -0.42714286 -0.70714264 -0.76 -0.76 -0.47285714 -0.22857143 -0.22857143 -0.41142857 -0.75142857 -0.75142857 -0.43002751 -0.73142857 -0.77 -0.77 -0.71714286 -0.71715659 -0.84856196 -0.65285714 -0.65285714 -0.24933355 -0.068571429 -0.068571429 -0.18984855 -0.19 -0.18999939 0.11607069 0.13133242 0.13142834 0.13142854 0.13142824 -0.25804806 -0.35571429 -0.35571429 -0.35571429 -0.35571429
-0.41429018 -0.072857143 -0.11034903 -0.18142857 0.13428571 -0.49428571 -0.69285714 -0.77142857 -0.85428571 -0.85428571 -0.81285714 -0.80714286 -0.9557142 -1.26 -0.39000261 -0.39 -0.6 -0.46571429 -0.46 -0.46 -0.72633822 -0.68857143 -0.68857143 -0.37285714 -0.41142857 -0.41142857 -0.75142857 -0.75142857 -0.43000599 -0.43011036 -0.49155597 -0.71714286 -0.71714286 -0.84857143 -0.84857143 -0.64663269 -0.65285714 -0.65285714 -0.7414255 -0.19000077 -0.19 -0.19 -0.18999621 0.13142845 0.13142857 0.13142857 0.13142857 0.13142837 -0.21 -0.35568541 -0.35571429 -0.35571429 -0.35571429
-0.41428571 -0.75857143 0.094285714 -0.76285714 -0.40430627 -0.80571429 -0.84 -0.75 -0.89857143 -0.73 -0.73 -0.62571429 -0.95571429 -0.95571429 -0.39388132 -0.48888219 -0.49857143 -0.43428571 -0.77999967 -0.46 -0.3643227 -0.31714286 -0.67142857 -0.65142857 -0.6514296 -0.73142857 -0.31285714 -0.3128573 -0.53249672 -0.53285714 -0.49142857 -0.39041032 -0.66285714 -0.84857143 -0.8379371 -0.64142857 -0.64142857 -0.74142857 -0.74142857 -0.19 -0.19 -0.18999999 0.10869548 0.11 0.13142857 0.13142857 0.13142857 -0.209987 -0.21 -0.21 -0.35571429 -0.35571429 -0.35571429
-0.69420069 -0.75857142 -0.15285714 0.042857143 -0.33 -0.74142857 -0.52571429 -0.37857143 -0.61857143 -0.44997033 -0.57571429 -0.64142857 -0.64142857 -0.36714286 -0.36713986 -1.0242451 -1.0257143 -1.0257143 -0.48705953 -0.3800001 -0.87285714 -0.87285714 -0.52285714 -0.61287901 -0.72336668 -0.73142857 -0.52571429 -0.31285714 -0.58838952 -0.59 -0.31428571 -0.32428571 -0.40702988 -0.81428571 -0.47571429 -0.51 -0.54142857 -0.86857143 -0.31311375 -0.18889043 0.058571429 -0.06 0.10996651 0.11 0.11012061 0.13142857 -0.17571427 -0.21 -0.21 -0.21 -0.21 -0.29772939 0.24714286
-0.33428571 -0.33428571 -0.31285714 -0.094285714 -0.42714286 -0.95 -0.45 -0.51428571 -0.14571429 -0.40712698 -0.33285714 -0.44428571 -0.36714286 -0.36714286 -0.048571429 -0.061973384 -1.0257143 -1.0255347 -0.25714286 -0.38 -0.38 -0.44349652 -0.52285714 -0.71428209 -0.71428571 -0.71428571 -0.52571429 -0.062857143 -0.062857143 -0.59 -0.59 -0.3245973 -0.48857143 -0.81428571 -0.47571429 -0.51 -0.54142857 -1.0357143 -0.31285714 0.34206792 -0.059999995 -0.073119264 -0.095714286 0.11 0.11 -0.17571429 -0.17571429 -0.17571429 -0.21 -0.21 0.11 0.11 0.11000005
-0.33428571 -0.33428571 -0.48571429 -0.94285714 -0.61285714 -0.44571429 -0.58285714 -0.54438958 -0.57428571 -0.71428571 -0.13714286 -0.59857143 -0.444491 -0.048571429 -0.048571429 -0.048572253 -0.055714286 -0.066286202 -0.25714286 -0.22714286 -0.22714286 0.24571429 0.24571429 -0.71428571 -0.71428571 -0.71428571 -0.062857143 -0.062857143 -0.062857143 -0.62285714 -0.62285714 -0.62285692 -0.40857143 -0.40857143 -0.82 -0.48714286 -0.24714286 -0.57857036 -0.34142857 0.35285714 0.35285714 0.0057139524 -0.095714286 0.11 0.057142781 -0.058571429 -0.01498095 -0.014285715 0.38857143 0.38857143 0.11 0.11 0.11
-0.33428571 -0.39982146 -0.68079345 -0.92570601 -0.38428571 -0.35285714 -0.58285714 -0.54428571 -0.57428546 -0.71273468 -0.59857158 -0.59857143 0.16714286 -0.048571428 -0.048571429 -0.055714285 -0.055714286 -0.05572575 -0.25714286 -0.22714286 -0.13428333 0.24571429 0.24571429 -0.71424695 -0.71428571 -0.53583795 -0.17142857 -0.17142857 -0.17142856 -0.62285714 -0.62285714 -0.22571429 -0.22571429 -0.40857256 -0.82 0.11571394 -0.28012966 -0.57857143 -0.57857143 0.35285713 0.0057142857 0.0057142857 0.0057146417 0.057142857 0.057142857 -0.058571429 -0.014285714 -0.014285714 0.38857143 0.38857143 0.11 0.11 0.11
-0.44142857 -0.26512551 -0.24002564 -0.24496123 -0.38428567 -0.35285789 -0.58285714 -0.54476051 -0.57221841 -0.57794149 0.16714286 0.16714286 0.16714286 0.16714286 -0.048540871 -0.055714286 -0.055714286 -0.05831505 -0.25714286 -0.22697069 0.36857143 0.36857143 0.36857143 0.36857143 -0.69551212 -0.17142857 -0.17142857 -0.17142857 -0.17142857 -0.1716678 -0.22571429 -0.22571429 -0.22571429 -0.22571429 0.11571428 0.11571429 0.11571429 -0.54494854 -0.57095359 0.43571429 0.43571429 0.0057374145 0.21142329 0.057157718 0.057142857 -0.058571429 -0.014285714 -0.014285714 0.38857143 0.38857143 0.11101063 0.11 0.015883372
-0.44142857 -0.24 -0.24 -0.24 -0.24 -0.24000005 -0.58226838 -0.56461046 -0.56670305 0.16634092 0.16714286 0.16714286 0.16714286 0.16714286 0.16714304 -0.055714286 -0.055714318 -0.069530911 -0.25713803 0.36857143 0.36857143 0.36857143 0.36857143 0.36857143 0.36813695 -0.070629039 -0.084285732 -0.084285714 -0.084285714 -0.084285714 -0.22571428 -0.22571429 -0.22571368 0.27714286 0.27714286 0.11571429 0.48792483 0.49857143 0.43571432 0.43571429 0.43571429 0.43571429 0.21142857 0.21142857 0.21142857 0.20954962 0.11911709 0.12 0.12 0.12 0.12 0.48857135 0.48857143
0.24142857 -0.24 -0.24 -0.24 -0.24 -0.24 -0.24000002 -0.35908196 0.4175114 0.42285714 0.42285714 0.42285714 0.42285714 0.42285714 0.42285714 0.5767584 -0.045643723 -0.083296423 0.36849282 0.36857143 0.36857143 0.36857143 0.36857143 0.36857182 0.34857143 0.34857143 0.34857082 -0.084285714 -0.084285714 -0.083258748 0.42857143 0.42857143 0.27714286 0.27714286 0.27714286 0.46310108 0.49857143 0.49857143 0.49857143 0.43571429 0.43571429 0.43571429 0.21142857 0.21142857 0.21142857 0.21142857 0.12 0.12 0.12 0.12 0.12 0.48857143 0.48857143
0.24142857 0.062198184 -0.24 -0.24 -0.24 -0.24 0.17706099 0.17714286 0.17714286 0.42285714 0.42285714 0.42285714 0.42285714 0.42285714 0.45752396 0.58 0.58 0.58 0.70183909 0.7028568 0.70285714 0.70285714 0.70285714 0.70285714 0.34857143 0.34857143 0.34857143 0.34857143 -0.084285714 0.42857143 0.42857143 0.42857143 0.27714287 0.27714286 0.27714286 0.71571429 0.49885893 0.49857143 0.49857143 0.43573549 0.47802557 0.57672016 0.21142857 0.21142857 0.40226638 0.40285714 0.40285714 0.12055719 0.45738827 0.4585714 0.45857136 0.77424239 0.48857201
0.24142857 0.067653226 -0.086740343 -0.24 -0.24 0.17689639 0.17714286 0.17714286 0.17714286 0.17891354 0.42285714 0.42285714 0.42285714 0.42285716 0.58 0.58 0.58 0.58 0.7027474 0.70285714 0.70285714 0.70285714 0.70285714 0.70285714 0.34857144 0.34857143 0.34857143 0.34857143 0.34886242 0.42857143 0.42857143 0.42857143 0.90999999 0.27720275 0.71571429 0.71571429 0.71571429 0.71703293 0.5721771 0.57714286 0.57714286 0.57714286 0.60714286 0.60714286 0.40285714 0.40285714 0.40285714 0.45857143 0.45857143 0.45857143 0.45857143 0.77428571 0.77428571
0.063084175 0.062857143 0.062857143 0.062857143 0.11142857 0.17714116 0.17714286 0.17714286 0.17714286 0.17714286 0.41723301 0.42285617 0.42285714 0.58 0.58 0.58 0.58 0.58 0.56789712 0.70285714 0.70285714 0.70285714 0.70285714 0.70285714 0.68463649 0.92571116 0.92571429 0.92571429 0.92571429 0.42857145 0.90999999 0.91 0.91 0.91 0.71571429 0.71571748 0.83714286 0.83714286 0.58038934 0.57714286 0.57714286 0.57714286 0.60714286 0.60714286 0.43448761 0.40285714 0.40285714 0.45857143 0.45857143 0.45857143 0.46195671 0.77428571 0.77428571
0.062857143 0.062857143 0.062857143 0.085730153 0.11142857 0.11142857 0.17714286 0.17714286 0.17714286 0.17714286 0.34857143 0.34857143 0.34857143 0.58 0.58 0.58 0.58 0.57994995 0.23571429 0.23571429 0.70285695 0.70285714 0.70146595 0.64571429 0.648235 0.92571429 0.92571429 0.92571429 0.92571429 0.9100016 0.91 0.91 0.91 0.91 0.83714243 0.83714286 0.83714286 0.83714286 0.83624369 0.57714286 0.57714286 0.57714286 0.60714286 0.60714286 0.60714286 0.40285714 0.40285714 0.45857143 0.45857143 0.45857143 0.77428571 0.77428571 0.77428571
0.062857143 0.062857143 0.062857143 0.11142857 0.11142857 0.11142857 0.11142867 0.17714286 0.17714286 0.34839446 0.34857143 0.34857143 0.34857143 0.34871561 0.33486064 0.27714286 0.27714286 0.27714286 0.23571429 0.23571429 0.23571429 0.64571429 0.64571429 0.64571429 0.64571949 0.78858864 0.92571429 0.92571429 0.92571429 0.84645298 0.8314363 0.83142857 0.83142857 0.83142857 0.94746768 1.1028565 1.1028571 1.1028571 1.1028571 1.1356379 1.1357143 1.1357143 0.60714286 0.60714286 0.92714152 0.92714285 0.91428571 0.91428571 0.88 0.88 0.88 0.77428571 0.98552524
0.062858562 0.062857143 0.062857145 0.11142857 0.11142857 0.11142857 0.11142857 0.38857137 0.17798823 0.34851314 0.34857143 0.34857143 0.34857143 0.34843127 0.27714286 0.27714286 0.27714286 0.27714285 0.23571429 0.23571429 0.23571429 0.64571429 0.64571429 0.64571429 0.66428571 0.66428571 0.75857143 0.75857143 0.75857143 0.75896889 0.83142857 0.83142857 0.83142857 0.83142857 0.9670683 1.1028571 1.1028571 1.1028571 1.1028571 1.1357143 1.1357143 1.1357143 1.1291518 0.92714286 0.92714286 0.92714286 0.91428571 0.91428571 0.88 0.88 0.88 0.98571428 0.98571429
0.52 0.31261315 0.48285714 0.48274939 0.11142857 0.38696789 0.38857143 0.38857143 0.42917362 0.28428572 0.28428571 0.28428571 0.28428571 0.29428539 0.29428571 0.27714287 0.27714286 0.27605128 0.23571429 0.23571429 0.23571429 0.33142857 0.33142857 0.33142857 0.66428571 0.66428571 0.75857143 0.75857143 0.75857143 0.75857144 0.78000033 0.78000014 0.83013599 0.83137344 0.8785191 0.87857143 0.87857143 0.87857143 0.87857143 1.1357143 1.1357143 1.1357143 0.93862714 0.92714286 0.92714286 0.92714277 0.91428571 0.91428571 0.91428448 0.88 0.879997 0.81285714 0.98571429
0.4785793 0.47857143 0.48285714 0.48285714 0.48285714 0.38857143 0.38857143 0.38857143 0.5 0.5 0.28428571 0.28428571 0.28428571 0.29428571 0.29428571 0.29428571 0.29428571 0.29427915 0.23571429 0.23571429 0.23571429 0.33142857 0.33142857 0.33142857 0.66428571 0.66428571 0.75857143 0.75857143 0.75857143 0.77975839 0.78 0.78 0.78 0.78 0.87852279 0.87857143 0.87857143 0.87857143 0.87857143 0.67428583 0.67428571 0.67428571 0.67428571 0.92713921 0.45142857 0.45142857 0.45142857 0.66428571 0.66428571 0.66428571 0.81285714 0.81285714 0.81285714
0.47857143 0.47857143 0.48285714 0.48285714 0.48285714 0.38906701 0.38857143 0.5 0.5 0.5 0.28431227 0.28428571 0.34732105 0.29428573 0.29428571 0.29428571 0.29428571 0.30571429 0.30571429 0.30571429 0.25714286 0.25714291 0.33142821 0.33142857 0.33154066 0.36285714 0.36285714 0.36285809 0.75850748 0.585753 0.58571532 0.58574821 0.77966795 0.77983233 0.86088873 0.87857117 0.87633089 0.21 0.21 0.67428571 0.67428571 0.67428571 0.67428571 0.45142857 0.45142857 0.45142857 0.45142857 0.66428571 0.66428571 0.66428571 0.81285714 0.81285714 0.81285714
0.47857143 0.47857143 0.48285714 0.48285714 0.48285714 0.48285714 0.43027589 0.5 0.5 0.5 0.49992346 0.36142857 0.36142857 0.36142857 0.2946814 0.29428571 0.30563813 0.30571429 0.30571429 0.30571429 0.25714286 0.25714286 0.25714286 0.25714286 0.36285714 0.36285714 0.36285714 0.36285714 0.36285714 0.58571429 0.58571429 0.58571429 0.58571429 0.58571428 0.58285714 0.21 0.21 0.21 0.21 0.20999974 0.055714286 0.055714286 0.055714286 0.17053923 0.40857143 0.40857143 0.40857143 0.66428571 0.66428565 0.59571429 0.59571429 0.77715155 0.77714286
0.47857143 0.47857143 0.4813103 0.48285714 0.48285714 0.48285715 0.72103564 0.50069782 0.5 0.5 0.36142865 0.36142857 0.36142857 0.36142857 0.36142857 0.3559168 0.30571429 0.30571429 0.30571429 0.30571429 0.25714323 0.25714286 0.25714286 0.25714286 0.36285714 0.36285714 0.36285714 0.36285714 0.36285714 0.35558214 0.58571429 0.58571429 0.58571429 0.58285714 0.58285714 0.58256761 0.21 0.21 0.27833739 0.33142856 0.055714286 0.055714286 0.055714286 0.17001289 0.40857143 0.40857143 0.40857143 0.66428571 0.59656868 0.59571429 0.59571429 0.77714286 0.77714286
0.78 0.78 0.78 0.55735903 0.48354283 0.72142857 0.72142857 0.72142857 0.72142857 0.74714286 0.74714286 0.3614286 0.36142857 0.36142857 0.36142857 0.36142506 0.30571429 0.30571429 0.30571429 0.30571429 0.27833785 0.25714286 0.25714286 0.26147967 0.42018541 0.36285714 0.36285714 0.36285714 0.27428571 0.27428571 0.27428571 0.27428702 0.58285714 0.58285714 0.58285714 0.58285714 0.33142857 0.33142857 0.33142857 0.33142857 0.28285714 0.28285714 0.28285714 0.6728493 0.67285714 0.67285714 0.67285706 0.66428571 0.66428571 0.59579784 0.59571429 0.77714153 0.77714286
0.78 0.78 0.78 0.78000931 0.95285714 0.91920363 0.72142857 0.72142857 0.72142857 0.74714286 0.74714286 0.74714286 0.73285713 0.73285714 0.73285714 0.73285714 0.30660665 0.30571429 0.30571429 0.30571429 0.30498682 0.42285669 0.42285714 0.42285714 0.42285714 0.42285713 0.045714288 0.045714286 0.27428571 0.27428571 0.27428571 0.27428571 0.58285712 0.58285714 0.58285714 0.58285493 0.33142858 0.33142857 0.33142857 0.33208033 0.28285714 0.28285714 0.28285714 0.67283906 0.67285714 0.67285714 0.67285714 0.66428571 0.66428571 0.66428569 0.51428571 0.51428571 0.63857143
0.78 0.78 0.78 0.95285674 0.95285714 0.95285714 0.72142866 0.72142857 0.72142857 0.74714286 0.74714286 0.74714286 0.73285714 0.73285714 0.73285714 0.73742672 0.79285714 0.79285714 0.79285588 0.3084658 0.42285714 0.42285714 0.42285714 0.42285714 0.42285714 0.42257332 0.045714286 0.045714286 0.045714286 0.27428571 0.27428571 0.27416618 0.55571429 0.55571429 0.55571429 0.32714286 0.32714286 0.48 0.48 0.48 0.61142857 0.28296021 0.28286053 0.73714286 0.73714286 0.7347065 0.6728573 0.66428571 0.66428571 0.51428571 0.51428571 0.51428571 0.63857143
