interpolatedSpi/02-09|21_1.tif
NCOLS 53
NROWS 52
XLLCORNER -116.03883
YLLCORNER 28.596182
DX 0.49850594
DY 0.49788537
NODATA_VALUE -9999
[rows 26 to 51 of 52, columns 0 to 52 of 53]
-0.19777778 -0.19777778 -0.19777778 -0.56159121 -0.68270332 -0.34555556 -0.34555556 -0.34555556 -0.34555556 -0.068888891 -0.068888889 -0.14888888 -0.14888889 -0.14888889 -0.14888889 -0.14887247 0.11 0.11 0.11 0.11 0.0066673862 -0.073333333 -0.073333333 -0.070425509 0.027635091 -0.19 -0.19 -0.19 0.11666667 0.11666667 0.11666667 0.11666673 0.14222222 0.14222222 0.14222222 0.14222222 0.29555556 0.29555556 0.29555556 0.29555556 0.026666667 0.026666667 0.026666667 -0.081108944 -0.081111111 -0.081111111 -0.081111242 0.19444444 0.19444444 -0.31715366 -0.31777778 -0.26333035 -0.26333333
-0.19777778 -0.19777778 -0.19777778 -0.19778077 -0.25333333 -0.26674396 -0.34555556 -0.34555556 -0.34555556 -0.068888889 -0.068888889 -0.068888889 0.098888878 0.098888889 0.098888889 0.098888878 0.109367 0.11 0.11 0.11 0.10722608 0.037777473 0.037777778 0.037777778 0.037777778 0.037777775 0.0066666651 0.0066666667 0.11666667 0.11666667 0.11666667 0.11666667 0.14222242 0.14222222 0.14222222 0.14224467 0.29555555 0.29555556 0.29555556 0.29441011 0.026666667 0.026666667 0.026666667 -0.081106113 -0.081111111 -0.081111111 -0.081111111 0.19444444 0.19444444 0.19444446 0.32777778 0.32777778 0.34333333
-0.19777778 -0.19777778 -0.19777778 -0.25333321 -0.25333333 -0.25333333 -0.34555552 -0.34555556 -0.34555556 -0.068888889 -0.068888889 -0.068888889 0.098888889 0.098888889 0.098888889 0.07341775 -0.23555556 -0.23555556 -0.23555466 0.10804821 0.037777778 0.037777778 0.037777778 0.037777778 0.037777778 0.037754365 0.0066666667 0.0066666667 0.0066666669 0.11666667 0.11666667 0.11649717 0.41777778 0.41777778 0.41777778 -0.24111111 -0.24111111 0.034444444 0.034444444 0.034444444 -0.026666667 0.026649938 0.026667214 0.1 0.1 0.093136095 -0.081110166 0.19444444 0.19444444 0.32777778 0.32777778 0.32777778 0.34333333
-0.19777778 -0.19777778 -0.19777778 -0.25333333 -0.25333333 -0.25333333 -0.25333333 -0.34555556 -0.34555556 -0.068888889 -0.068888889 0.092180198 0.098888889 0.098888889 0.098888889 -0.23555556 -0.23555556 -0.23555556 -0.23555556 -0.23555556 0.037777778 0.037777778 0.037777778 0.037777778 0.037777778 0.0066667728 0.0066666667 0.0066666667 0.0066666667 -0.14666667 -0.14666667 -0.14666667 0.41777778 0.41777778 0.41777778 -0.24111111 -0.24111111 0.034444444 0.034444444 -0.026666667 -0.026666667 -0.026666667 0.1 0.1 0.1 0.1 0.11688584 0.30555556 0.30555556 0.30555556 0.32777778 0.47666667 0.47666667
-0.19777778 -0.19777778 -0.19785514 -0.25333333 -0.25333333 -0.25333333 -0.25333333 -0.099953659 -0.092222222 -0.092182162 -0.068888885 0.098881723 0.098888889 0.098888889 0.098887732 -0.23555556 -0.23555556 -0.23555556 -0.23555556 -0.23555556 -0.015518076 0.037777778 0.037777778 0.037777778 0.037808444 0.0066767941 0.0066666667 0.0066666667 0.0066666667 -0.14666667 -0.14666667 -0.14666667 -0.1465841 0.41777778 -0.24111111 -0.24111111 -0.24111111 -0.24109954 0.034440277 -0.026666667 -0.026666667 -0.026666667 0.09999231 0.1 0.1 0.1 0.30555669 0.30555556 0.30555556 0.30555556 0.47666667 0.47666667 0.47666667
-0.33333333 -0.3333331 -0.25330694 -0.25333333 -0.25333333 -0.25333333 -0.092256505 -0.092222222 -0.092222222 -0.092222222 0.013333331 0.013333333 0.013333333 0.013333333 -0.23440682 -0.23555556 -0.23555556 -0.23555556 -0.23555556 -0.017777907 -0.017777778 -0.017777778 0.18666664 0.18666667 0.18666667 0.18666667 0.17113035 0.0066666667 -0.013332514 -0.013333333 -0.013333333 -0.013333333 -0.013333333 0.082222221 0.082222222 0.082222222 0.082222222 0.082222222 0.35444444 0.35444444 0.35444444 0.35444444 0.35444444 0.42062706 0.42111111 0.42111111 0.42111111 0.30555556 0.30555556 0.30555556 0.47663971 0.47666667 0.47666667
-0.33333333 -0.33333333 -0.33084017 -0.035555993 -0.035555604 -0.035610952 -0.092222222 -0.092222222 -0.092222222 -0.092222222 0.013333333 0.013333333 0.013333333 0.013333333 0.013333333 -0.23555556 -0.23555556 -0.23555556 -0.017777832 -0.017777778 -0.017777778 -0.017777778 0.18666667 0.18666667 0.18666667 0.18666667 0.18666667 0.18662838 -0.013397264 -0.013333334 -0.013333333 -0.013333333 -0.013359016 0.022382607 0.082160261 0.082222222 0.082222222 0.082222221 0.35444444 0.35444444 0.35444444 0.35444444 0.35444444 0.42111111 0.42111111 0.42111111 0.42111111 0.36707508 0.30555556 0.10888566 0.10666667 0.15 0.15
-0.33333333 -0.33333333 -0.035593275 -0.035555556 -0.035555556 -0.035555556 -0.04994865 -0.092222222 -0.092222222 -0.092222222 0.013333333 0.013333333 0.013333333 0.013333333 0.013333333 -0.23536541 -0.23555556 -0.017841629 -0.017777778 -0.017777778 -0.017777778 -0.017777778 0.1109289 0.18666667 0.18666667 0.18666667 0.18666667 0.18640767 -0.17888889 -0.17888889 -0.17888889 -0.17888889 -0.17888889 -0.023333333 -0.023333333 -0.023333333 -0.023333333 -0.023333333 0.27666667 0.27666667 0.27666667 0.27666667 0.27666667 0.42086423 0.42111106 0.42111111 0.42109397 0.41900354 0.10666667 0.10666667 0.10666667 0.14999976 0.15
-0.33333316 -0.23855128 -0.035555584 -0.035555556 -0.035555556 -0.035555556 -0.035555556 -0.092198094 -0.092222222 -0.092222222 0.013333333 0.013333333 0.013333333 0.013333333 -0.13333496 -0.13666667 -0.13666667 -0.017780838 -0.017777778 -0.017777778 -0.017777778 -0.017777778 -0.017777773 0.18666667 0.18666667 0.18666667 0.18666667 -0.45333306 -0.45333321 -0.39492489 -0.17888889 -0.17888889 -0.17888889 -0.023333334 -0.023333333 -0.023333333 -0.023333333 -0.02336193 0.27666667 0.27666667 0.27666667 0.27666667 0.27665228 0.32 0.32 0.32 0.32 0.31998279 0.10666667 0.10666667 0.10666667 0.10666674 0.23320079
-0.23666667 -0.23666667 -0.19522102 -0.035555556 -0.035555556 -0.035555556 -0.035555556 -0.035555556 -0.09219792 -0.034444445 -0.034444444 -0.034444444 -0.034331058 -0.13666645 -0.13666667 -0.13666667 -0.13666667 -0.13666667 -0.017778231 -0.021652739 -0.055555556 -0.055555556 -0.055555556 0.0049064462 0.16514577 0.049991563 -0.047388011 -0.45333333 -0.45333333 -0.45333333 -0.45333333 -0.45333333 -0.43711302 -0.063822157 -0.065555556 -0.065555556 -0.065555556 -0.065555556 0.2413919 0.088889226 0.088888889 0.088888889 0.088888889 0.13333388 0.31999995 0.32 0.32 0.10666667 0.10666667 0.10666667 0.10666667 0.23444444 0.23444444
-0.23666667 -0.23666667 -0.20777778 -0.20777778 -0.20777778 -0.035612924 -0.035555556 -0.035555556 -0.034444444 -0.034444444 -0.034444444 -0.034444444 -0.034444444 -0.13666666 -0.13666667 -0.13666667 -0.13666667 -0.13666667 -0.055555556 -0.055555556 -0.055555556 -0.055555556 -0.055555556 -0.082222221 -0.082222222 -0.082222222 -0.082222222 -0.45333333 -0.45333333 -0.45333333 -0.45333333 -0.45333333 0.088888889 0.088888889 -0.065555555 -0.065555556 -0.065555556 0.095528118 0.095555556 0.088888889 0.088888889 0.088888889 0.088888888 0.13333333 0.13333333 0.13333333 0.10666667 0.10666667 0.10666667 0.11222222 0.11222222 0.23444444 0.23444444
-0.23666667 -0.23666667 -0.20777778 -0.20777778 -0.20777778 -0.20777778 -0.20777671 -0.013333333 -0.034424568 -0.034444444 -0.034444444 -0.034444444 -0.034444444 -0.13539154 -0.13666667 -0.13666667 -0.13666667 -0.13666667 -0.055555557 -0.055555556 -0.055555556 -0.055555556 -0.055555556 -0.082222222 -0.082222222 -0.082222222 -0.082222222 -0.082223708 -0.45333333 -0.45333333 -0.45333333 0.088860461 0.088888889 0.088888889 0.088888889 -0.065555555 0.095555554 0.095555556 0.095555556 0.095380143 0.083268832 0.082222222 0.082222222 0.13333333 0.13333333 0.13333333 0.10666667 0.10666667 0.10666667 0.11222222 0.11222222 0.11222222 0.26664769
-0.31666667 -0.31666604 -0.20777778 -0.20777778 -0.20777778 -0.20777778 -0.013333333 -0.013333333 -0.013333333 -0.034444444 -0.034444444 -0.034444444 -0.034444444 -0.034476222 -0.13666667 -0.13666667 -0.13666667 -0.13666667 -0.055556973 -0.055555556 -0.055555556 -0.055555555 -0.077523616 -0.082222222 -0.082222222 -0.082222222 -0.082222222 0.088888749 0.088888889 0.088888883 -0.44749357 0.088888889 0.088888889 0.088888889 0.088888949 0.15222222 0.095555556 0.095555556 0.095555556 0.095555555 0.082222222 0.082222222 0.082222222 0.16666667 0.16666667 0.16666667 0.085557611 0.10666667 0.10666667 0.11222222 0.11222222 0.11222222 0.27000081
-0.31666667 -0.31666667 -0.20777778 -0.20777778 -0.20777778 -0.013333333 -0.013333333 -0.013333333 -0.013333333 -0.032118603 -0.034444444 -0.034444444 -0.034444444 -0.034444254 -0.0066816274 -0.0066666667 -0.0066666667 -0.0066666667 -0.083430114 -0.024444444 -0.024444444 -0.024444444 -0.024444444 -0.082222222 -0.082222222 -0.082222222 -0.082210935 0.088888889 0.088888889 0.088888889 0.088888889 0.088908146 0.12451206 0.15222222 0.15222222 0.15222222 0.095564041 0.097777732 0.097777778 0.097777778 0.082377139 0.27999999 0.28 0.16666667 0.16666667 0.16666632 0.085555556 0.085555556 0.16555556 0.16555556 0.16555556 0.47777778 0.55888889
-0.31666667 -0.31666666 0.27444444 0.27444444 0.27444444 -0.013333333 -0.013333333 -0.013333333 -0.013333333 0.35666667 0.35666667 0.35666667 0.35666667 0.33106172 -0.0066666667 -0.0066666667 -0.0066666667 -0.0066666667 -0.085555556 -0.024444444 -0.024444444 -0.024444444 -0.024444444 0.29888889 0.29888874 -0.082221659 0.088888889 0.088888889 0.088888889 0.088888889 0.15976742 0.22888889 0.1613445 0.15222222 0.15222222 0.15222222 0.097777778 0.097777778 0.097777778 0.097777778 0.28 0.28 0.28 0.39440836 0.39444444 0.086943989 0.085555556 0.085555556 0.16555633 0.16555556 0.47777778 0.47777778 0.55888889
-0.31666667 0.27444444 0.27444444 0.27444444 0.27444444 0.27444444 -0.012065394 0.15 0.15 0.35666667 0.35666667 0.35666667 0.35666667 0.35658062 -0.0066666667 -0.0066666667 -0.0066666667 -0.010231117 -0.085555556 -0.085555556 -0.024444444 -0.024444444 0.29888889 0.29888889 0.29888889 0.29888889 0.088888889 0.088888889 0.088888889 0.088888889 0.22888889 0.22888889 0.22888889 0.1522998 0.15222222 0.15222222 0.097777778 0.097777778 0.097777778 0.097777778 0.28 0.28 0.28 0.39444444 0.39444444 0.39444224 0.35555556 0.35555556 0.34111111 0.34111111 0.47777778 0.47777778 0.55888889
0.26889318 0.27444444 0.27444444 0.27444444 0.27444444 0.27444444 0.15 0.15 0.15 0.26061664 0.35666667 0.35666667 0.35666667 0.35666196 -0.0066666667 -0.0066666667 -0.0066666667 -0.085555556 -0.085555556 -0.085555556 -0.024447497 -0.024442469 0.29888889 0.29888889 0.29888889 0.29888889 0.088903816 0.088888889 0.088888889 0.22885669 0.22888889 0.22888889 0.22888889 0.22888889 0.1525417 0.24555556 0.24555556 0.242998 0.097777778 0.097777778 0.27999984 0.28 0.39111695 0.39444444 0.39444444 0.35555557 0.35555556 0.35555556 0.34111111 0.34111111 0.40888889 0.40888889 0.43333333
0.27444444 0.27444444 0.27444444 0.27444444 0.27444444 0.27444444 0.15 0.15 0.15 0.15 0.19889343 0.19888889 0.19888889 0.19888889 -0.0066660269 0.091621518 0.14666667 0.14666667 -0.085127455 -0.085555556 -0.085555544 0.29888842 0.29888889 0.29888889 0.29888889 0.29888889 0.29873621 0.088888889 0.088893674 0.22888889 0.22888889 0.22888889 0.22888889 0.22888889 0.24555556 0.24555556 0.24555556 0.24555556 0.24555556 0.24555541 0.41333333 0.41333333 0.41333329 0.29666667 0.29666667 0.29666667 0.19222222 0.19222222 0.20333333 0.20333333 0.40888889 0.40888894 0.43333333
0.27444444 0.27444444 0.27444444 0.27444444 0.27444444 0.27444444 0.15 0.15 0.15 0.19888889 0.19888889 0.19888889 0.19888889 0.19888889 0.18512324 0.14666667 0.14666667 0.14666667 0.14666667 0.14666667 0.13557882 0.29888889 0.29888889 0.29888889 0.29888889 0.29442297 0.15688953 0.098118704 0.22819848 0.22888889 0.22888889 0.22888889 0.22888889 0.22888893 0.24555556 0.24555556 0.24555556 0.24555556 0.24555556 0.32360539 0.41333333 0.41333333 0.41333333 0.29666667 0.29666667 0.29666667 0.19222222 0.19222222 0.20333333 0.20333333 0.67333332 0.44657274 0.43333333
0.27444444 0.27444444 0.27444444 0.27444444 0.27444444 0.27444441 0.15000003 0.15 0.15202916 0.19888889 0.19888889 0.19888889 0.19888889 0.19888889 0.19638399 0.14666667 0.14666667 0.14666667 0.14666667 0.14666667 0.14666667 0.17837872 0.15666687 0.15666667 0.15666667 0.15666667 0.15666667 0.15666667 0.19286769 0.19333375 0.19333333 0.19333333 0.19333333 0.19333337 0.24555556 0.24555556 0.24555556 0.24555556 0.24555556 0.41333331 0.41333333 0.41333333 0.41333333 0.41333328 0.29690181 0.44333333 0.19222225 0.62024271 0.20370523 0.67333333 0.67333333 0.67954623 0.97222222
0.27444444 0.27444444 0.27444444 0.27444444 0.27444444 0.27443649 0.15000671 0.15000296 0.19888883 0.19888889 0.19888889 0.19888889 0.19888889 0.19888889 0.19789521 0.14666667 0.14666667 0.14666667 0.14666667 0.14666667 0.14666667 0.15666667 0.15666667 0.15666667 0.15666667 0.15666667 0.15666667 0.15666667 0.19332321 0.19333333 0.19333333 0.19333333 0.19333333 0.19333333 0.20764222 0.24555556 0.24555556 0.24555556 0.24555556 0.41333333 0.41333333 0.41333333 0.41333333 0.41334102 0.44333333 0.44333333 0.44448934 0.62777778 0.62777778 0.67333333 0.67333333 0.97222222 0.97222222
0.27444444 0.27444444 0.27444444 0.27444444 0.27444444 0.27427848 0.1501491 0.1933721 0.19888889 0.19888889 0.19888889 0.19888889 0.19888889 0.19888889 0.19797465 0.14666667 0.14666667 0.14666667 0.14666667 0.14666667 0.14809048 0.15666667 0.15666667 0.15666667 0.15666667 0.15666667 0.15666667 0.15666667 0.19333319 0.19333333 0.19333333 0.19333333 0.19333333 0.19333333 0.19333333 0.26838193 0.30386965 0.32327297 0.32622909 0.41454749 0.41333333 0.41333333 0.41333333 0.44333094 0.44333333 0.4438573 0.53111157 0.62777778 0.62777778 1.1243613 1.1244444 1.1244444 0.97222229
0.27444444 0.27444444 0.27444444 0.27444444 0.27444432 0.27340665 0.15509864 0.19887545 0.19888889 0.19888889 0.19888889 0.19888889 0.19888889 0.19888889 0.19766942 0.14666667 0.14666667 0.14666667 0.14666667 0.14666667 0.15666662 0.15666667 0.15666667 0.15666667 0.15666667 0.15666667 0.15666667 0.15666667 0.19333332 0.19333333 0.19333333 0.19333333 0.19333333 0.19333333 0.19333336 0.32777778 0.32777778 0.32777778 0.32777778 0.43222222 0.43222222 0.43222222 0.43222222 0.53111086 0.53111111 0.53111111 0.53111111 0.53111345 0.74333333 0.74333333 1.1244444 1.1244444 1.0674036
0.27444444 0.27444444 0.27444444 0.27444443 0.27444097 0.27108816 0.19574921 0.19888825 0.19888889 0.19888889 0.19888889 0.19888889 0.19888889 0.19888889 0.19711614 0.14666669 0.14666667 0.14666667 0.14666667 0.14672685 0.15666667 0.15666667 0.15666667 0.15666667 0.15666667 0.15666667 0.15666667 0.15666667 0.19333333 0.19333333 0.19333333 0.19333333 0.19333333 0.19333333 0.32777765 0.32777778 0.32777778 0.32777778 0.32777778 0.43222222 0.43222222 0.43222222 0.43222222 0.45891191 0.53111111 0.53111111 0.53111111 0.74333096 0.74333333 0.74333333 1.0422222 1.0422222 1.0422222
0.27444444 0.27444444 0.27444444 0.27444416 0.2744105 0.26407977 0.19873241 0.19888873 0.19888889 0.19888889 0.19888889 0.19888889 0.19888889 0.19888889 0.19636667 0.14666789 0.14666667 0.14666667 0.14666668 0.15646405 0.15666667 0.15666667 0.15666667 0.15666667 0.15666667 0.15666667 0.15666667 0.15666667 0.1933333 0.19333333 0.19333333 0.19333333 0.19333333 0.15103768 0.32777772 0.32777778 0.32777778 0.32777778 0.32777778 0.43222222 0.43222222 0.43222222 0.43222222 0.43222222 0.53111111 0.53111111 0.53111111 0.74333333 0.74333333 0.74333333 1.0422222 1.0422222 1.0422222
0.27444444 0.27444444 0.27444433 0.27444112 0.27425356 0.22829077 0.19886465 0.19888879 0.19888889 0.19888889 0.19888889 0.19888889 0.19888889 0.19888879 0.1954756 0.14668574 0.14666667 0.14666667 0.14671844 0.15666582 0.15666667 0.15666667 0.15666667 0.15666667 0.15666667 0.15666667 0.15666667 0.15666669 0.1933331 0.19333333 0.19333329 0.14063493 0.13555556 0.13555556 0.13555556 0.32777778 0.32777778 0.32777778 0.32777778 0.43222222 0.43222222 0.43222222 0.43222222 0.43222222 0.53110936 0.53111111 0.53111122 0.74333332 0.74333333 0.7433335 1.0422222 1.0422222 1.0422222
