interpolatedSpi/02-05|20_2.tif
NCOLS 53
NROWS 52
XLLCORNER -116.03883
YLLCORNER 28.596182
DX 0.49850594
DY 0.49788537
NODATA_VALUE -9999
0.384 0.384 -0.11479145 -0.23 -0.08 -0.23 0.04 -0.234 -0.47429196 -0.618 -0.576 -0.412 -0.54393462 0.25 -0.47 -0.47 -0.47 0.422 0.214 0.214 0.214 0.21399391 -0.418 -0.422 -0.422 -0.422 -0.11599579 -0.116 -0.116 -0.094 -0.094 -0.094 -0.094 -0.28399996 -0.284 -0.284 -0.284 -0.284 -0.284 -0.28399999 0.15724699 0.16160038 -1.408 -1.408 -1.408 -1.408 -1.4076831 -1.214 -1.214 -1.214 0.097997275 0.098 0.098 
0.3839793 -0.082 -0.16199943 -0.056788627 0.22965286 0.248 0.256 -0.18974929 -0.436 -0.34 -0.346 -0.544 -0.544 -0.054979652 0.24998994 -0.47 0.422 0.422 0.2142712 0.214 0.214 0.214 -0.43989661 -0.422 -0.422 -0.422 -0.34200001 -0.342 -0.094 -0.094 -0.094 -0.094 -0.094 -0.28399997 -0.284 -0.284 -0.284 -0.284 -0.28399998 -0.28854624 -0.34797327 -1.2793771 -1.408 -1.408 -1.408 -1.408 -1.408 -1.214 -1.214 -1.214 -1.1052077 0.098 0.098 
1.1399524 1.14 0.334 0.924 0.02 -0.058 0.072 -0.43 -0.51 -0.366 0.166 -0.862 -0.568 -0.258 -0.056 -0.536 0.422 0.422 0.422 0.018056978 0.018 0.018 -0.762 -0.422 -0.422 -0.422 -0.342 -0.342 -0.342 -0.094 -0.094 -0.094000033 -0.41942645 -0.28376887 -0.28100287 0.035049362 0.038 0.038 -0.010548627 -0.348 -0.348 -0.34935547 -1.408 -1.408 -1.408 -1.408 -1.408 -1.214 -1.214 -1.214 -1.214 0.098 0.098 
0.42 1.1399998 0.07994761 0.318 -0.232 -0.032 -0.09 -0.748 -0.396 -0.30898886 -0.678 -0.63 -0.472 -0.258 -0.414 -0.536 -0.60943383 -0.60927692 -0.968 0.018 0.018 -1.696 -0.762 -0.762 -0.422 -0.4219996 -0.342 -0.342 -0.342 -1.026 -0.8855385 -0.77 -0.77 -0.76999938 0.038 0.038 0.038 0.038 -0.348 -0.348 -0.348 -0.34800004 -1.408 -1.408 -1.408 -1.408 -1.408 -1.2140024 -1.214 -1.214 -1.214 0.097943623 0.097999999 
0.42 -0.1899995 0.08 -0.18785817 -0.232 -0.482 -0.68596398 -0.706 -0.602 -0.49400008 -0.61190813 -0.66398797 -0.58 -0.414 -0.414 -0.49679262 -0.61 -0.61 -0.968 -0.968 0.017996565 -1.696 -2.536 -0.92 -0.548 -0.54816506 -0.342 -0.342 -1.026 -1.026 -0.77 -0.77 -0.77 -0.8691894 0.037999999 0.038 0.038 -0.348 -0.348 -0.348 -0.348 -0.34800019 -1.408 -1.408 -1.408 -1.408 -1.408 -1.4062732 -1.214 -1.2140186 -1.628 -1.628 -1.628 
-0.898 0.05 0.598 -0.17 -0.334 -0.108 -0.318 -0.36767511 -0.214 -0.794 -0.382 -0.376 -0.37600013 -0.49 -0.49 -0.47405263 -0.474 -0.894 -0.894 -0.96800042 -1.826 -1.826 -0.92 -0.548 -0.548 -1.254 -1.508 -1.508 -0.47805097 -1.026 -0.77 -0.77 -1.296 -1.2959467 -0.78603662 -1.142 -1.142 -0.59364203 -0.348 -0.348 -0.34999751 -0.35 -0.34999898 -1.857915 -1.8659494 -1.8659999 -1.866 -1.8659998 -2.7967836 -1.628 -1.628 -1.628 -1.628 
-0.58000245 0.336 -0.5869324 0.14 0.4 -0.39 -0.314 -0.498 -0.832 -0.832 -0.382 -0.176 -1.0099999 -0.49 -0.69199939 -0.692 -0.474 -1.154 -1.44 -1.44 -1.7505976 -1.666 -1.666 -1.286 -1.254 -1.254 -1.508 -1.508 -0.47805245 -0.47896563 -0.14381745 -1.296 -1.296 -0.786 -0.786 -1.0167328 -1.142 -1.142 -1.3179939 -0.35000135 -0.35 -0.35 -0.34999609 -1.8659969 -1.866 -1.866 -1.866 -1.8660007 -3.052 -1.6282822 -1.628 -1.628 -1.628 
-0.58 -0.948 -0.35 -0.802 -0.96199083 -0.552 -0.508 -1.03 -0.548 -0.674 -0.674 -0.782 -1.01 -1.01 -0.69418177 -1.0435522 -1.078 -0.768 -1.1580003 -1.44 -1.5486014 -1.516 -1.934 -0.54200001 -0.54200655 -1.05 -1.436 -1.436 -1.3748463 -1.378 -0.14 -0.58363847 -0.568 -0.786 -0.7897648 -0.912 -0.912 -1.318 -1.318 -0.35 -0.35 -0.34999999 -1.3122951 -1.318 -1.866 -1.866 -1.866 -3.0519549 -3.052 -3.052 -1.628 -1.628 -1.628 
-0.9216015 -0.94799999 -1.212 -0.33 -0.814 -0.888 -0.542 0.146 -0.248 0.1060623 -0.186 -0.492 -0.492 -0.56 -0.55999976 -1.2894091 -1.29 -1.29 -0.82753411 -1.788 -1.9 -1.9 -1.826 -1.891439 -0.99880701 -1.05 -1.318 -1.436 -0.86135876 -0.858 -0.588 -0.418 -0.67687776 -1.262 -0.918 -0.808 -0.77 -0.396 -0.46596768 -0.34794666 0.11 -0.53 -1.3179264 -1.318 -1.3210844 -1.866 -1.898 -3.052 -3.052 -3.052 -3.052 -1.5092199 -1.538 
-0.774 -0.774 -1.06 -0.582 -0.674 -0.92 -0.576 -0.456 0.172 0.19596591 -0.098 -0.282 -0.56 -0.56 -0.534 -0.54436888 -1.29 -1.2899164 -0.936 -1.788 -1.788 -1.8024293 -1.826 -1.8819989 -1.882 -1.882 -1.318 -0.854 -0.854 -0.858 -0.858 -0.41897486 -0.932 -1.262 -0.998 -0.808 -0.77 -1.6 -0.466 0.18723849 -0.52999997 -0.65342604 -0.866 -1.318 -1.318 -1.898 -1.898 -1.898 -3.052 -3.052 -0.674 -0.674 -0.67400032 
-0.774 -0.774 -1.626 -1.372 -1.004 -0.716 -1.054 -0.16224304 -0.654 -0.546 -0.494 -0.568 -0.28238116 -0.534 -0.534 -0.53403115 -0.804 -0.81092798 -0.936 -0.598 -0.598 -0.954 -0.954 -1.882 -1.882 -1.882 -0.854 -0.854 -0.854 -1.388 -1.388 -1.3879992 -0.732 -0.732 -1.038 -1.324 -0.558 -1.7399977 -1.374 0.198 0.198 -0.87599997 -0.866 -1.318 -0.72000026 -0.918 -0.36861519 -0.362 -0.458 -0.458 -0.674 -0.674 -0.674 
-0.774 -1.1418588 -1.5176091 -1.5439861 -1.434 -1.554 -1.054 -0.162 -0.65399589 -0.54719651 -0.56799997 -0.568 -0.37 -0.534 -0.534 -0.80399999 -0.804 -0.80400751 -0.936 -0.598 -0.66791116 -0.954 -0.954 -1.8819621 -1.882 -1.6223115 -1.092 -1.092 -1.092 -1.388 -1.388 -1.292 -1.292 -0.73200084 -1.038 -0.83599998 -0.70424293 -1.74 -1.74 0.19799997 -0.876 -0.876 -0.87599887 -0.72 -0.72 -0.918 -0.362 -0.362 -0.458 -0.458 -0.674 -0.674 -0.674 
-0.094 -0.25349497 -0.14004625 -0.15017228 -1.4340004 -1.5539972 -1.054 -0.17298002 -0.62009617 -0.65117983 -0.37 -0.37 -0.37 -0.37 -0.53397677 -0.804 -0.804 -0.80570433 -0.936 -0.59794776 -0.41 -0.41 -0.41 -0.41 -1.8564358 -1.092 -1.092 -1.092 -1.092 -1.0920819 -1.292 -1.292 -1.292 -1.292 -0.836 -0.836 -0.836 -1.696097 -1.7320088 -0.676 -0.676 -0.87598924 -0.71200027 -0.71999923 -0.72 -0.918 -0.362 -0.362 -0.458 -0.458 -0.67321638 -0.674 -1.1867248 
-0.094 -0.14 -0.14 -0.14 -0.14 -0.1400006 -1.0552798 -0.63200264 -0.5296439 -0.37030316 -0.37 -0.37 -0.37 -0.37 -0.37000015 -0.804 -0.80400002 -0.8130543 -0.93599646 -0.41 -0.41 -0.41 -0.41 -0.41 -0.41653091 -0.86315952 -0.76400007 -0.764 -0.764 -0.764 -1.292 -1.292 -1.2919995 -0.84 -0.84 -0.836 -0.53462057 -0.526 -0.67599991 -0.676 -0.676 -0.676 -0.712 -0.712 -0.712 -0.71343357 -0.33628464 -0.336 -0.336 -0.336 -0.336 0.37399978 0.374 
0.218 -0.14 -0.14 -0.14 -0.14 -0.14 -0.14000006 -0.69325912 -0.57537209 -0.576 -0.576 -0.576 -0.576 -0.576 -0.576 -0.49764827 -0.79912393 -0.82207511 -0.41006609 -0.41 -0.41 -0.41 -0.41 -0.41000012 -0.712 -0.712 -0.71200007 -0.764 -0.764 -0.76452864 -1.028 -1.028 -0.84 -0.84 -0.84 -0.57629932 -0.526 -0.526 -0.526 -0.676 -0.676 -0.676 -0.712 -0.712 -0.712 -0.712 -0.336 -0.336 -0.336 -0.336 -0.336 0.374 0.374 
0.218 0.084720667 -0.14 -0.14 -0.14 -0.14 -0.31396585 -0.314 -0.31400001 -0.576 -0.576 -0.576 -0.576 -0.576 -0.55835144 -0.496 -0.496 -0.496 -0.5136833 -0.51399989 -0.514 -0.514 -0.514 -0.514 -0.712 -0.712 -0.712 -0.712 -0.764 -1.028 -1.028 -1.028 -0.84000002 -0.84 -0.84 -0.386 -0.52581464 -0.526 -0.526 -0.67603049 -0.73703082 -0.87939029 -0.712 -0.712 -0.24943193 -0.248 -0.248 -0.33524122 0.12438552 0.12599996 0.12599991 0.43998993 0.37400013 
0.218 -0.11870714 -0.13392745 -0.14 -0.14 -0.31389719 -0.314 -0.314 -0.314 -0.31588805 -0.576 -0.576 -0.576 -0.57599999 -0.496 -0.496 -0.496 -0.496 -0.51398392 -0.514 -0.514 -0.514 -0.514 -0.514 -0.712 -0.712 -0.712 -0.712 -0.7131494 -1.028 -1.028 -1.028 -0.52000001 -0.83994609 -0.386 -0.386 -0.386 -0.39102304 -0.85758856 -0.88 -0.88 -0.88 -0.456 -0.456 -0.248 -0.248 -0.248 0.126 0.126 0.126 0.126 0.44 0.44 
-0.1275885 -0.128 -0.128 -0.128 -0.09 -0.31399422 -0.314 -0.314 -0.314 -0.314 -0.50680262 -0.57598809 -0.57599997 -0.496 -0.496 -0.496 -0.496 -0.496 -0.50460774 -0.514 -0.514 -0.514 -0.514 -0.514 -0.51291365 -0.36000191 -0.36 -0.36 -0.36 -1.028 -0.52000001 -0.52 -0.52 -0.52 -0.386 -0.38601201 -0.842 -0.842 -0.87952551 -0.88 -0.88 -0.88 -0.456 -0.456 -0.28020556 -0.248 -0.248 0.126 0.126 0.126 0.1293669 0.44 0.44 
-0.128 -0.128 -0.128 -0.11010523 -0.09 -0.09 -0.314 -0.314 -0.314 -0.314 0.338 0.338 0.338 -0.496 -0.496 -0.496 -0.496 -0.49596232 -0.61 -0.61 -0.51400004 -0.514 -0.51088374 -0.386 -0.38576593 -0.36 -0.36 -0.36 -0.36 -0.51998371 -0.52 -0.52 -0.52 -0.52 -0.8419984 -0.842 -0.842 -0.842 -0.84210295 -0.88 -0.88 -0.88 -0.456 -0.456 -0.456 -0.248 -0.248 0.12599999 0.126 0.126 0.44 0.44 0.44 
-0.128 -0.128 -0.128 -0.09 -0.09 -0.09 -0.090000342 -0.314 -0.314 0.33732695 0.338 0.338 0.338 0.33748038 -0.31145169 -0.268 -0.268 -0.268 -0.61 -0.61 -0.61 -0.386 -0.386 -0.386 -0.38590532 -0.19634842 -0.36 -0.36 -0.36 -0.45446877 -0.44400747 -0.444 -0.444 -0.444 -0.61974337 -0.30800121 -0.308 -0.308 -0.308 0.02787576 0.028 0.028 -0.456 -0.456 0.35199663 0.35199992 0.114 0.114 0.228 0.228 0.228 0.44 0.58387125 
-0.12799984 -0.128 -0.128 -0.09 -0.09 -0.09 -0.09 -0.092000065 -0.31311236 0.33800725 0.338 0.338 0.338 0.33681086 -0.268 -0.268 -0.268 -0.2680001 -0.61 -0.61 -0.61 -0.386 -0.386 -0.386 -0.048 -0.048 -0.03 -0.03 -0.03 -0.0322585 -0.444 -0.444 -0.444 -0.444 -0.37603733 -0.308 -0.308 -0.308 -0.308 0.028 0.028 0.028 0.03819428 0.352 0.352 0.352 0.114 0.114 0.228 0.228 0.228 0.58399999 0.584 
-0.076 -0.11071745 -0.45 -0.44989556 -0.09 -0.091988428 -0.092 -0.092 -0.063578467 0.34599999 0.346 0.346 0.346 -0.22198151 -0.222 -0.26799996 -0.268 -0.2770112 -0.61 -0.61 -0.61 -0.57 -0.57 -0.57 -0.048 -0.048 -0.03 -0.03 -0.03 -0.030000142 -0.22600139 -0.22600061 -0.4385209 -0.44376629 -0.25022083 -0.25 -0.25 -0.25 -0.25 0.028 0.028 0.028 0.3341596 0.352 0.352 0.35199997 0.114 0.114 0.1140041 0.228 0.22799454 0.106 0.584 
-0.3239529 -0.32400002 -0.45 -0.45 -0.45 -0.092 -0.092 -0.092 -0.014 -0.014 0.346 0.346 0.346 -0.222 -0.222 -0.222 -0.222 -0.22204323 -0.61 -0.61 -0.61 -0.57 -0.57 -0.57 -0.048 -0.048 -0.03 -0.03 -0.03 -0.22379009 -0.226 -0.226 -0.226 -0.226 -0.24998816 -0.25 -0.25 -0.25 -0.25 0.10999998 0.11 0.11 0.11 0.35199863 0.174 0.174 0.174 0.02 0.02 0.02 0.106 0.106 0.106 
-0.324 -0.324 -0.45 -0.45 -0.45 -0.093881712 -0.092 -0.014 -0.014 -0.014 0.34595568 0.346 -0.1066871 -0.222 -0.222 -0.222 -0.222 -0.168 -0.168 -0.168 -0.52 -0.52000004 -0.56999976 -0.57 -0.56976332 -0.418 -0.418 -0.41799908 -0.030062703 0.11393224 0.11399819 0.11394064 -0.2254189 -0.22570658 -0.24550415 -0.24999992 -0.24932975 -0.05 -0.05 0.11 0.11 0.11 0.11 0.174 0.174 0.174 0.174 0.02 0.02 0.02 0.106 0.106 0.106 
-0.324 -0.324 -0.45 -0.45 -0.45 -0.45 -0.062806878 -0.014 -0.014 -0.014 -0.014107161 -0.208 -0.208 -0.208 -0.22191749 -0.222 -0.16835984 -0.168 -0.168 -0.168 -0.52 -0.52 -0.52 -0.52 -0.418 -0.418 -0.418 -0.418 -0.418 0.114 0.114 0.114 0.114 0.11400027 0.24 -0.05 -0.05 -0.05 -0.05 -0.05000035 -0.186 -0.186 -0.186 -0.1306784 -0.016 -0.016 -0.016 0.019999999 0.019999926 -0.056 -0.056 0.39193042 0.392 
-0.324 -0.324 -0.40452285 -0.45 -0.45 -0.45000001 -0.94035324 -0.016924544 -0.014 -0.014000001 -0.2080001 -0.208 -0.208 -0.208 -0.208 -0.20914158 -0.168 -0.168 -0.168 -0.168 -0.51999728 -0.52 -0.52 -0.52 -0.418 -0.418 -0.418 -0.418 -0.418 -0.14167892 0.114 0.114 0.114 0.24 0.24 0.23977481 -0.05 -0.05 -0.01960996 0.0039999946 -0.186 -0.186 -0.186 -0.13098867 -0.016 -0.016 -0.016 -0.002 -0.055327165 -0.056 -0.056 0.392 0.392 
-0.618 -0.618 -0.618 -0.49212222 -0.45030055 -0.942 -0.942 -0.942 -0.942 -0.694 -0.694 -0.20800003 -0.208 -0.208 -0.208 -0.20799747 -0.168 -0.168 -0.168 -0.168 -0.36639862 -0.52 -0.52 -0.51005524 -0.15237903 -0.418 -0.418 -0.418 -0.232 -0.232 -0.232 -0.23199855 0.24 0.24 0.24 0.24 0.004 0.004 0.004 0.004 -0.354 -0.354 -0.354 0.095990953 0.096 0.096 0.095999965 -0.002 -0.002 -0.055934204 -0.056 0.39199904 0.392 
-0.618 -0.618 -0.618 -0.61800172 -0.65 -0.6924616 -0.942 -0.942 -0.942 -0.694 -0.694 -0.694 -0.37199999 -0.372 -0.372 -0.372 -0.16867045 -0.168 -0.168 -0.168 -0.17331683 -0.14000104 -0.14 -0.14 -0.14 -0.14000002 -0.722 -0.722 -0.232 -0.232 -0.232 -0.232 0.23999988 0.24 0.24 0.23998697 0.0039999901 0.004 0.004 0.0025260251 -0.354 -0.354 -0.354 0.095979132 0.096 0.096 0.096 -0.002 -0.002 -0.0019999727 0.202 0.202 0.848 
-0.618 -0.618 -0.618 -0.64999993 -0.65 -0.65 -0.94199989 -0.942 -0.942 -0.694 -0.694 -0.694 -0.372 -0.372 -0.372 -0.38433785 -0.534 -0.534 -0.53399905 -0.17006726 -0.14 -0.14 -0.14 -0.14 -0.14 -0.14043799 -0.722 -0.722 -0.722 -0.232 -0.232 -0.23193821 0.08 0.08 0.08 -0.268 -0.268 -0.332 -0.332 -0.332 0.23 -0.35381682 -0.35399448 0.386 0.386 0.37500933 0.0960006 -0.0019999993 -0.0019999996 0.202 0.202 0.202 0.848 
-0.618 -0.618 -0.618 -0.65 -0.65 -0.65 -0.65 -0.942 -0.942 -0.694 -0.694 -0.38487536 -0.372 -0.372 -0.372 -0.534 -0.534 -0.534 -0.534 -0.534 -0.14 -0.14 -0.14 -0.14 -0.14 -0.72199801 -0.722 -0.722 -0.722 -0.136 -0.136 -0.136 0.08 0.08 0.08 -0.268 -0.268 -0.332 -0.332 0.23 0.23 0.23 0.386 0.386 0.386 0.386 0.41738028 0.768 0.768 0.768 0.20200002 1.066 1.066 
-0.618 -0.618 -0.61804456 -0.65 -0.65 -0.65 -0.65 -0.48244593 -0.474 -0.47437771 -0.69399999 -0.37200854 -0.372 -0.372 -0.37200056 -0.534 -0.534 -0.534 -0.534 -0.534 -0.98968817 -0.14 -0.14 -0.14 -0.14012399 -0.72200113 -0.722 -0.722 -0.722 -0.136 -0.136 -0.136 -0.13596836 0.08 -0.268 -0.268 -0.268 -0.26800225 -0.33196167 0.23 0.23 0.23 0.38599053 0.386 0.386 0.386 0.76800259 0.768 0.768 0.768 1.066 1.066 1.066 
-0.128 -0.12800086 -0.64996474 -0.65 -0.65 -0.65 -0.47403745 -0.474 -0.474 -0.474 -0.474 -0.474 -0.474 -0.474 -0.53372306 -0.534 -0.534 -0.534 -0.534 -1.0259997 -1.026 -1.026 -0.7419999 -0.742 -0.742 -0.742 -0.74027374 -0.722 -0.080026294 -0.08 -0.08 -0.08 -0.08 0.264 0.264 0.264 0.264 0.264 0.604 0.604 0.604 0.604 0.604 1.0290292 1.03 1.03 1.03 0.768 0.768 0.768 1.0659531 1.066 1.066 
-0.128 -0.128 -0.12490233 0.24199821 0.2419998 0.24130139 -0.474 -0.474 -0.474 -0.474 -0.474 -0.474 -0.474 -0.474 -0.474 -0.534 -0.534 -0.534 -1.0259999 -1.026 -1.026 -1.026 -0.742 -0.742 -0.742 -0.742 -0.742 -0.7419951 -0.079882607 -0.079999999 -0.08 -0.08 -0.079952841 0.38191554 0.2641221 0.264 0.264 0.264 0.604 0.604 0.604 0.604 0.604 1.03 1.03 1.03 1.03 0.90748368 0.768 1.076519 1.08 0.744 0.744 
-0.128 -0.128 0.24195313 0.242 0.242 0.242 0.06013902 -0.474 -0.474 -0.474 -0.474 -0.474 -0.474 -0.474 -0.474 -0.5339524 -0.534 -1.0258557 -1.026 -1.026 -1.026 -1.026 -0.84720964 -0.742 -0.742 -0.742 -0.742 -0.74131585 0.224 0.224 0.224 0.224 0.224 0.472 0.472 0.472 0.472 0.472 1.098 1.098 1.098 1.098 1.098 1.0309571 1.0300002 1.03 1.0300664 1.0380025 1.08 1.08 1.08 0.74400188 0.744 
-0.12799867 0.58188491 0.24200005 0.242 0.242 0.242 0.242 -0.47369513 -0.474 -0.474 -0.474 -0.474 -0.474 -0.474 -0.31950939 -0.316 -0.316 -1.0259817 -1.026 -1.026 -1.026 -1.026 -1.0259999 -0.742 -0.742 -0.742 -0.742 0.21999997 0.22 0.2208513 0.224 0.224 0.224 0.472 0.472 0.472 0.472 0.47193769 1.098 1.098 1.098 1.098 1.0980072 1.422 1.422 1.422 1.422 1.4219724 1.08 1.08 1.08 1.0799997 0.64153165 
0.596 0.596 0.52287625 0.242 0.242 0.242 0.242 0.242 -0.47369326 0.12199999 0.122 0.122 0.12058557 -0.31600023 -0.316 -0.316 -0.316 -0.316 -1.025994 -0.97450861 -0.524 -0.524 -0.524 -0.57659162 -0.68885585 -0.40449156 -0.16437369 0.22 0.22 0.22 0.22 0.22 0.21965425 0.37773288 0.38 0.38 0.38 0.38 1.115658 1.1919998 1.192 1.192 1.192 1.088001 1.4219999 1.422 1.422 0.766 1.079995 1.08 1.08 0.64 0.64 
0.596 0.596 0.544 0.544 0.544 0.2421006 0.242 0.242 0.122 0.122 0.122 0.122 0.122 -0.31599998 -0.316 -0.316 -0.316 -0.316 -0.524 -0.524 -0.524 -0.524 -0.524 -0.078000023 -0.078 -0.078 -0.078 0.22 0.22 0.22 0.22 0.22 0.178 0.178 0.38 0.38 0.38 0.85391928 0.854 1.192 1.192 1.192 1.192 1.088 1.088 1.088 0.766 0.766 0.766 0.662 0.662 0.64 0.64 
0.596 0.596 0.544 0.544 0.544 0.544 0.54399876 0.318 0.12218454 0.122 0.122 0.122 0.122 -0.31053635 -0.316 -0.316 -0.316 -0.316 -0.524 -0.524 -0.524 -0.524 -0.524 -0.078 -0.078 -0.078 -0.078 -0.07799878 0.22 0.22 0.22 0.1780022 0.178 0.178 0.178 0.38 0.85399999 0.854 0.854 0.86289341 1.2442665 1.254 1.254 1.088 1.088 1.088 0.766 0.766 0.766 0.662 0.662 0.662 0.77404602 
0.53 0.53000052 0.544 0.544 0.544 0.544 0.318 0.318 0.318 0.122 0.122 0.122 0.122 0.12186384 -0.316 -0.316 -0.316 -0.316 -0.52399603 -0.524 -0.524 -0.52399999 -0.15655278 -0.078 -0.078 -0.078 -0.078 0.099999855 0.1 0.1 0.21871051 0.178 0.178 0.178 0.17800053 0.73599999 0.854 0.854 0.854 0.854 1.254 1.254 1.254 1.038 1.038 1.038 0.75200136 0.766 0.766 0.662 0.662 0.662 0.78800052 
0.53 0.53 0.544 0.544 0.544 0.318 0.318 0.318 0.318 0.1434823 0.122 0.122 0.122 0.12199935 0.1679443 0.168 0.168 0.168 0.27931769 0.262 0.262 0.262 0.262 -0.078 -0.078 -0.078 -0.077988259 0.1 0.1 0.1 0.1 0.17807167 0.49185886 0.736 0.736 0.736 0.85550774 1.2579916 1.258 1.258 1.253906 1.134 1.134 1.038 1.038 1.0379988 0.752 0.752 0.752 0.752 0.752 0.936 0.974 
0.53 0.53 0.838 0.838 0.838 0.318 0.318 0.318 0.318 0.036 0.036 0.036 0.036 0.045302349 0.168 0.168 0.168 0.168 0.28 0.262 0.262 0.262 0.262 0.286 0.28599986 -0.077999462 0.1 0.1 0.1 0.1 0.36427568 0.622 0.72243556 0.736 0.736 0.736 1.258 1.258 1.258 1.258 1.134 1.134 1.134 1.1479956 1.148 0.75377999 0.752 0.752 0.75200067 0.752 0.936 0.936 0.974 
0.53 0.838 0.838 0.838 0.838 0.838 0.31750317 0.254 0.254 0.036 0.036 0.036 0.036 0.036031261 0.168 0.168 0.168 0.17306052 0.28 0.28 0.262 0.262 0.286 0.286 0.286 0.286 0.1 0.1 0.1 0.1 0.622 0.622 0.622 0.73588464 0.736 0.736 1.258 1.258 1.258 1.258 1.134 1.134 1.134 1.148 1.148 1.1479932 1.028 1.028 0.896 0.896 0.936 0.936 0.974 
0.8351075 0.838 0.838 0.838 0.838 0.838 0.254 0.254 0.254 0.13731729 0.036 0.036 0.036 0.036005901 0.168 0.168 0.168 0.28 0.28 0.28 0.2620009 0.26200015 0.286 0.286 0.286 0.286 0.10001322 0.1 0.1 0.62187995 0.622 0.622 0.622 0.622 0.73604067 0.954 0.954 0.95926125 1.258 1.258 1.1340001 1.134 1.1475929 1.148 1.148 1.028 1.028 1.028 0.896 0.896 1.45 1.45 1.584 
0.838 0.838 0.838 0.838 0.838 0.838 0.254 0.254 0.254 0.254 0.31399199 0.314 0.314 0.314 0.16800109 0.38209731 0.502 0.502 0.28040926 0.28 0.28 0.28599997 0.286 0.286 0.286 0.286 0.28586477 0.1 0.10001784 0.622 0.622 0.622 0.622 0.622 0.954 0.954 0.954 0.954 0.954 0.95400039 0.65 0.65 0.65000016 1.134 1.134 1.134 1.104 1.104 1.246 1.246 1.45 1.4500003 1.584 
0.838 0.838 0.838 0.838 0.838 0.838 0.254 0.254 0.254 0.314 0.314 0.314 0.314 0.314 0.36355635 0.502 0.502 0.502 0.502 0.502 0.49140023 0.286 0.286 0.286 0.286 0.29196619 0.47570227 0.1511995 0.61942577 0.622 0.622 0.622 0.622 0.62200073 0.954 0.954 0.954 0.954 0.954 0.81257991 0.65 0.65 0.65 1.134 1.134 1.134 1.104 1.104 1.246 1.246 0.77200001 1.5392066 1.584 
0.838 0.838 0.838 0.838 0.838 0.83799983 0.25400013 0.254 0.25649033 0.314 0.314 0.314 0.314 0.314 0.32301764 0.502 0.502 0.502 0.502 0.502 0.502 0.44703358 0.47599973 0.476 0.476 0.476 0.476 0.476 0.73035178 0.73399867 0.734 0.734 0.734 0.73400016 0.954 0.954 0.954 0.954 0.954 0.65000004 0.65 0.65 0.65 0.65000022 1.1335447 0.85 1.104 0.38466353 1.2452342 0.772 0.772 0.76746851 0.554 
0.838 0.838 0.838 0.838 0.838 0.83796269 0.2540315 0.25400363 0.31399992 0.314 0.314 0.314 0.314 0.314 0.31757724 0.502 0.502 0.502 0.502 0.502 0.502 0.476 0.476 0.476 0.476 0.476 0.476 0.476 0.73392878 0.734 0.734 0.734 0.734 0.734 0.79427998 0.954 0.954 0.954 0.954 0.65 0.65 0.65 0.65 0.65005123 0.85 0.85 0.84700413 0.372 0.372 0.772 0.772 0.554 0.554 
0.838 0.838 0.838 0.838 0.838 0.83722116 0.25469492 0.30722939 0.314 0.314 0.314 0.314 0.314 0.314 0.31729126 0.502 0.502 0.502 0.502 0.502 0.49829807 0.476 0.476 0.476 0.476 0.476 0.476 0.476 0.73399897 0.734 0.734 0.734 0.734 0.734 0.734 0.68246669 0.26037743 0.029582913 -0.0055542527 0.58135039 0.64999998 0.65 0.65 0.84998403 0.85 0.84426957 -0.1099977 0.372 0.372 -0.080014392 -0.08 -0.08 0.55399972 
0.838 0.838 0.838 0.838 0.83799941 0.83312969 0.26327891 0.3139835 0.314 0.314 0.314 0.314 0.314 0.314 0.31839009 0.502 0.502 0.502 0.502 0.502 0.47600011 0.476 0.476 0.476 0.476 0.476 0.476 0.476 0.73399993 0.734 0.734 0.734 0.734 0.734 0.73399985 -0.024 -0.024 -0.024 -0.024000002 -0.418 -0.418 -0.418 -0.418 -0.10999722 -0.11 -0.11 -0.11 -0.11000026 -0.146 -0.146 -0.08 -0.08 -0.31100148 
0.838 0.838 0.838 0.83799996 0.83798369 0.82217252 0.31088937 0.31399922 0.314 0.314 0.314 0.314 0.314 0.314 0.32038188 0.50199992 0.502 0.502 0.502 0.50184352 0.476 0.476 0.476 0.476 0.476 0.476 0.476 0.476 0.73399994 0.734 0.734 0.734 0.734 0.734 -0.023999305 -0.024 -0.024 -0.024 -0.024 -0.418 -0.418 -0.418 -0.418 -0.33487212 -0.11 -0.11 -0.11 -0.1459996 -0.146 -0.146 -0.412 -0.412 -0.412 
0.838 0.838 0.83799997 0.83799868 0.83784029 0.78141493 0.31389602 0.3139998 0.314 0.314 0.314 0.314 0.314 0.31400001 0.32307999 0.50199558 0.502 0.502 0.50199997 0.4765268 0.476 0.476 0.476 0.476 0.476 0.476 0.476 0.476 0.73399976 0.734 0.734 0.734 0.734 0.092731309 -0.024000036 -0.024 -0.024 -0.024 -0.024 -0.418 -0.418 -0.418 -0.418 -0.418 -0.11 -0.11 -0.11 -0.146 -0.146 -0.146 -0.412 -0.412 -0.412 
0.83799999 0.83799996 0.83799945 0.83798437 0.83705806 0.53041425 0.31399644 0.31399988 0.314 0.314 0.314 0.314 0.314 0.31400035 0.32628782 0.50193134 0.502 0.502 0.50186539 0.47600221 0.476 0.476 0.476 0.476 0.476 0.476 0.476 0.47600015 0.73399838 0.734 0.73399938 -0.064988933 -0.142 -0.142 -0.142 -0.024 -0.024 -0.024 -0.024 -0.418 -0.418 -0.418 -0.418 -0.418 -0.11000546 -0.11 -0.11000002 -0.146 -0.146 -0.14600014 -0.412 -0.412 -0.412 
