interpolatedSpi/02-03|22_2.tif
NCOLS 53
NROWS 52
XLLCORNER -116.03883
YLLCORNER 28.596182
DX 0.49850594
DY 0.49788537
NODATA_VALUE -9999
0.885 0.885 0.59106838 0.215 1.835 0.96 0.84 1.14 1.0146507 0.98 1.04 0.79 0.85004941 1.45 1.69 1.69 1.69 1.11 1.21 1.21 1.21 1.2099909 0.27000001 0.895 0.895 0.895 0.60499494 0.605 0.605 0.38 0.38 0.38 0.38 -0.53499982 -0.535 -0.535 -0.535 -0.535 -0.535 -0.53500002 -1.1483915 -1.1552133 -1.995 -1.995 -1.995 -1.995 -1.9956533 -2.395 -2.395 -2.395 0.084994849 0.085 0.085 
0.88496645 0.13 0.12499991 0.17792645 0.45023969 1.12 1.07 0.66027272 0.665 0.58 0.56 0.85 0.85 0.72243416 1.4499933 1.69 1.11 1.11 1.2098696 1.21 1.21 1.21 0.87894569 0.895 0.895 0.895 1.39 1.39 0.38 0.38 0.38 0.38 0.38 -0.53499987 -0.535 -0.535 -0.535 -0.535 -0.53499988 -0.2920418 0.87995675 -1.6461414 -1.995 -1.995 -1.995 -1.995 -1.995 -2.395 -2.395 -2.395 -2.189356 0.085 0.085 
0.48000536 0.48 0.05 0.71 -0.19 -0.255 0.1 0.26 -0.205 0.34 0.725 -0.235 0.48 0.82 0.72 0.28 1.11 1.11 1.11 0.77012791 0.77 0.77 0.59 0.895 0.895 0.895 1.39 1.39 1.39 0.38 0.38 0.37999999 0.30538299 -0.53097859 -0.51931625 1.1345596 1.15 1.15 1.1160411 0.88 0.88 0.8763236 -1.995 -1.995 -1.995 -1.995 -1.995 -2.395 -2.395 -2.395 -2.395 0.085 0.085 
-0.335 0.47999989 -0.060066636 1.345 -0.615 -0.285 -0.51 -0.715 0.58 0.18352964 0.075 -0.064999999 -0.045 0.82 0.365 0.28 -0.067322167 -0.069173224 -0.19 0.77 0.77 -0.095 0.59 0.59 0.895 0.89500247 1.39 1.39 1.39 0.175 0.20243389 0.225 0.225 0.22500073 1.15 1.15 1.15 1.15 0.88 0.88 0.88 0.87999989 -1.995 -1.995 -1.995 -1.995 -1.995 -2.394995 -2.395 -2.395 -2.395 0.084987914 0.085 
-0.335 0.16999958 -0.06 -0.39108702 -0.615 -0.455 -0.065031374 -0.54 -0.205 0.29499994 0.20424355 0.16505157 0.525 0.365 0.365 0.30262769 -0.07 -0.07 -0.19 -0.19 0.76999826 -0.095 -0.015 0.295 0.09 0.089938353 1.39 1.39 0.175 0.175 0.225 0.225 0.225 0.2693146 1.15 1.15 1.15 0.88 0.88 0.88 0.88 0.88005213 -1.995 -1.995 -1.995 -1.995 -1.995 -1.9985605 -2.395 -2.3949054 -0.285 -0.285 -0.285 
-1.55 -0.44 0.55500001 0.445 -0.845 -0.315 -0.11 -0.16505231 -0.2 -0.45 -0.425 0.195 0.19500022 0.37 0.37 0.38500241 0.385 0.28 0.28 -0.18999914 -0.255 -0.255 0.295 0.09 0.09 -0.175 0.125 0.125 0.34498387 0.175 0.225 0.225 0.46 0.45995194 3.3083206e-05 0.44 0.44 0.74387596 0.88 0.88 1.4193265 1.42 1.4200012 -0.34956834 -0.32018512 -0.32000045 -0.32000006 -0.32000063 -0.36224468 -0.285 -0.285 -0.285 -0.285 
-0.65500511 -0.83 -0.86859047 -0.44 -0.23 -1.02 -0.76499999 -1.145 -0.885 -0.885 -0.425 0.265 -0.43499996 0.37 0.39499993 0.395 0.385 0.695 0.785 0.785 -0.38695417 -0.535 -0.535 -0.0049999987 -0.175 -0.175 0.125 0.125 0.34496999 0.34444745 0.42316568 0.46 0.46 2.6708417e-11 1.7223076e-10 0.64151681 0.44 0.44 1.159975 1.4199996 1.42 1.42 1.4200059 -0.31999398 -0.32 -0.32 -0.32 -0.31999999 -0.305 -0.28500396 -0.285 -0.285 -0.285 
-0.655 -0.365 -0.615 -0.895 -0.42502694 -0.875 -0.825 -1.155 -0.46 -0.835 -0.835 -0.335 -0.435 -0.435 0.38930543 0.28570916 0.275 0.67 -0.25999893 0.785 0.40052834 0.53 -0.46 0.415 0.41498962 -0.39 -0.2 -0.19999989 -0.16819537 -0.16999999 0.425 -0.17062694 -0.155 -2.7656171e-50 0.024813443 0.81 0.81 1.16 1.16 1.42 1.42 1.42 0.76649902 0.75999995 -0.32 -0.32 -0.32 -0.30500057 -0.305 -0.305 -0.285 -0.285 -0.285 
-0.51064692 -0.365 -0.59 -0.125 -0.685 -1.065 -0.175 -0.5 -0.985 -0.19154958 -0.285 -0.655 -0.655 -0.04 -0.040008322 -0.48288182 -0.485 -0.485 0.52803407 -0.95500001 -0.995 -0.99499998 2.33 0.63949313 -0.30887725 -0.39 0.385 -0.2 0.83395656 0.84 -0.175 0.97 0.70809652 0.195 0.87 0.8 1.38 0.19 1.2045313 1.4224774 1.975 1.72 0.76007328 0.76 0.75392118 -0.32 -0.83499997 -0.305 -0.305 -0.305 -0.305 -0.15426719 -0.125 
-1.325 -1.325 -0.69 -0.495 -0.655 -1.185 -0.595 -1.23 -0.665 0.0097962258 -0.85 1.275 -0.04 -0.04 -0.925 -0.9189652 -0.485 -0.48505179 -0.735 -0.955 -0.955 -0.96015334 2.33 1.2400206 1.24 1.24 0.385 -0.63 -0.63 0.84 0.84 0.96901376 0.45 0.195 0.41 0.8 1.38 0.385 1.205 1.7903568 1.72 1.5326569 1.21 0.76 0.76 -0.835 -0.835 -0.835 -0.305 -0.305 0.765 0.765 0.76499967 
-1.325 -1.325 -0.68 -1.25 -1.38 -0.365 -1.26 0.19863418 -0.45 -0.58 -0.945 -0.805 1.272229 -0.925 -0.925 -0.92495213 -0.51 -0.52180906 -0.735 -0.56 -0.56 -1.015 -1.015 1.24 1.24 1.24 -0.63 -0.63 -0.63 0.245 0.245 0.24500034 0.305 0.305 0.255 -0.225 0.685 1.0599963 1.14 1.8 1.8 0.89000105 1.21 0.76 0.2849998 -0.105 0.54403513 0.55 0.965 0.965 0.765 0.765 0.765 
-1.325 -1.0466318 -0.92323933 -1.3099928 -1.08 -1.36 -1.26 0.2 -0.44999457 -0.57855976 -0.80499971 -0.805 -0.46 -0.925 -0.925 -0.51000001 -0.51 -0.51001281 -0.735 -0.56 -0.64935274 -1.015 -1.015 1.2399088 1.24 0.4165575 -1.265 -1.265 -1.2649999 0.245 0.245 -0.645 -0.645 0.30499986 0.255 0.21000012 0.67618017 1.06 1.06 1.8 0.89 0.89 0.88999567 0.285 0.285 -0.105 0.55 0.55 0.965 0.965 0.765 0.765 0.765 
-0.475 -0.34639929 -0.31003437 -0.31724397 -1.0800015 -1.3599934 -1.26 0.18202823 -0.40520835 -0.45339464 -0.46 -0.46 -0.46 -0.46 -0.92493413 -0.51 -0.51 -0.51290511 -0.735 -0.56025136 -1.425 -1.425 -1.425 -1.425 1.1928077 -1.265 -1.265 -1.265 -1.265 -1.264086 -0.645 -0.645 -0.645 -0.645 0.21 0.21 0.21 1.0185141 1.053616 0.21 0.21 0.88996342 0.37999675 0.28500915 0.285 -0.105 0.55 0.55 0.965 0.965 0.76572558 0.765 1.9219346 
-0.475 -0.31 -0.31 -0.31 -0.31 -0.31000044 -1.2602559 -0.56926666 -0.28570845 -0.45999247 -0.46 -0.46 -0.46 -0.46 -0.46000018 -0.51000001 -0.51000004 -0.52543346 -0.7349991 -1.425 -1.425 -1.425 -1.425 -1.425 -1.4182982 -1.1802302 -1.145 -1.145 -1.145 -1.145 -0.645 -0.645 -0.64500027 -0.87 -0.87 0.21 -0.42192462 -0.44 0.20999962 0.21 0.21 0.21 0.38 0.38 0.38 0.37662484 0.82804218 0.83 0.83 0.83 0.83 1.0149999 1.015 
-0.9 -0.31 -0.31 -0.31 -0.31 -0.31 -0.31000006 -1.0099189 -0.6926861 -0.695 -0.695 -0.695 -0.695 -0.695 -0.695 -0.76845806 -0.51414608 -0.54081014 -1.4249132 -1.425 -1.425 -1.425 -1.425 -1.4249992 -1.115 -1.115 -1.115 -1.145 -1.145 -1.1444593 -0.875 -0.875 -0.87 -0.87 -0.87 -0.50888116 -0.44 -0.44 -0.44 0.21 0.21 0.21 0.38 0.38 0.38 0.38 0.82999998 0.83 0.83 0.83 0.83 1.015 1.015 
-0.9 -0.6803497 -0.31 -0.31 -0.31 -0.31 -1.2398175 -1.24 -1.24 -0.695 -0.695 -0.695 -0.695 -0.695 -0.71154552 -0.77 -0.77 -0.77 -0.76700962 -0.76500067 -0.765 -0.765 -0.765 -0.765 -1.115 -1.115 -1.115 -1.115 -1.145 -0.875 -0.875 -0.875 -0.87 -0.87 -0.87 -0.08 -0.43952335 -0.44 -0.44 0.20987916 -0.030832417 -0.59259403 0.38 0.38 -0.15334896 -0.155 -0.155 0.82853409 -0.056889853 -0.059999922 -0.059999831 0.31010662 1.0149986 
-0.9 -1.5228112 -0.93243662 -0.31 -0.31 -1.2394505 -1.24 -1.24 -1.24 -1.2360726 -0.695 -0.695 -0.695 -0.69500001 -0.77 -0.77 -0.77 -0.77 -0.76500447 -0.765 -0.765 -0.765 -0.765 -0.765 -1.115 -1.115 -1.115 -1.115 -1.114127 -0.875 -0.875 -0.875 -1.295 -0.8699299 -0.08 -0.08 -0.08 -0.082719979 -0.58517902 -0.595 -0.595 -0.595 -0.285 -0.285 -0.155 -0.155 -0.155 -0.060000001 -0.06 -0.06 -0.06 0.31 0.31 
-1.5394821 -1.54 -1.54 -1.54 -1.38 -1.2400036 -1.24 -1.24 -1.24 -1.24 -0.75708092 -0.69501069 -0.69500002 -0.77 -0.77 -0.77 -0.77 -0.77 -0.7822337 -0.765 -0.765 -0.765 -0.765 -0.765 -1.0987393 -1.3699986 -1.37 -1.37 -1.37 -0.87500002 -1.295 -1.295 -1.295 -1.295 -0.08 -0.080006452 -0.325 -0.325 -0.59162865 -0.595 -0.595 -0.595 -0.285 -0.285 -0.17512848 -0.155 -0.155 -0.06 -0.06 -0.06 -0.056032638 0.31 0.31 
-1.54 -1.54 -1.54 -1.4646536 -1.38 -1.38 -1.24 -1.24 -1.24 -1.24 -1.515 -1.515 -1.515 -0.77 -0.77 -0.77 -0.77 -0.76996116 -0.97 -0.97 -0.76500008 -0.765 -0.77644252 -1.235 -1.2362153 -1.37 -1.37 -1.37 -1.37 -1.2950076 -1.295 -1.295 -1.295 -1.295 -0.32499914 -0.325 -0.325 -0.325 -0.32600826 -0.595 -0.595 -0.595 -0.285 -0.285 -0.285 -0.155 -0.155 -0.060000008 -0.06 -0.060000001 0.31 0.31 0.31 
-1.54 -1.54 -1.54 -1.38 -1.38 -1.38 -1.3799998 -1.24 -1.24 -1.5147161 -1.515 -1.515 -1.515 -1.5145358 -0.57978573 -0.535 -0.535 -0.535 -0.97 -0.97 -0.97 -1.235 -1.235 -1.235 -1.2349132 -1.1365867 -1.37 -1.37 -1.37 -1.7480233 -1.8499454 -1.85 -1.85 -1.85 -0.75054242 -1.3449977 -1.345 -1.345 -1.345 -0.61499726 -0.615 -0.615 -0.285 -0.285 -0.27000006 -0.27000009 -0.53 -0.53 -0.44 -0.44 -0.44 0.31 -0.41934729 
-1.5400005 -1.54 -1.54 -1.38 -1.38 -1.38 -1.38 -2.8049995 -1.2462575 -1.5153944 -1.515 -1.515 -1.515 -1.513077 -0.535 -0.535 -0.535 -0.53500013 -0.97 -0.97 -0.97 -1.235 -1.235 -1.235 -0.925 -0.925 -1.185 -1.185 -1.185 -1.1886278 -1.85 -1.85 -1.85 -1.85 -1.5976387 -1.345 -1.345 -1.345 -1.345 -0.615 -0.615 -0.615 -0.60414498 -0.27 -0.27 -0.27 -0.53 -0.53 -0.44 -0.44 -0.44 -0.42 -0.42 
-1.71 -1.6371273 -2.05 -2.0498056 -1.38 -2.796755 -2.805 -2.805 -2.4752373 -1.95 -1.95 -1.95 -1.95 -0.42504964 -0.425 -0.53499992 -0.535 -0.54646161 -0.97 -0.97 -0.97 -0.82 -0.82 -0.82 -0.925 -0.925 -1.185 -1.185 -1.185 -1.1850011 -2.6549949 -2.6549977 -1.8702325 -1.850863 -1.7101602 -1.71 -1.71 -1.71 -1.71 -0.615 -0.615 -0.615 -0.28899694 -0.27 -0.27 -0.27000008 -0.53 -0.53 -0.52999676 -0.44 -0.44000089 -0.46 -0.42 
-1.4950408 -1.4950001 -2.05 -2.05 -2.05 -2.805 -2.805 -2.805 -1.9 -1.9 -1.95 -1.95 -1.95 -0.425 -0.425 -0.425 -0.425 -0.4250609 -0.97 -0.97 -0.96999999 -0.82 -0.82 -0.82 -0.925 -0.925 -1.185 -1.185 -1.185 -2.6384256 -2.655 -2.655 -2.655 -2.655 -1.7104663 -1.71 -1.71 -1.71 -1.71 -0.84999994 -0.85 -0.85 -0.85 -0.27000345 -0.72 -0.72 -0.72 -0.435 -0.435 -0.435 -0.46 -0.46 -0.46 
-1.495 -1.495 -2.05 -2.05 -2.05 -2.8010316 -2.805 -1.9 -1.9 -1.9 -1.9499938 -1.95 -1.6476639 -0.42500026 -0.425 -0.425 -0.425 -0.94 -0.94 -0.94 0.16499998 0.16499927 -0.8199952 -0.82 -0.81983384 -0.49 -0.49 -0.49000166 -1.1848877 -1.6901923 -1.6900051 -1.6901685 -2.6533507 -2.6541672 -1.8776824 -1.71 -1.7101173 -1.745 -1.745 -0.85 -0.85 -0.85 -0.85 -0.72 -0.72 -0.72 -0.72 -0.435 -0.435 -0.435 -0.46 -0.46 -0.46 
-1.495 -1.495 -2.05 -2.05 -2.05 -2.05 -2.4662849 -1.9 -1.9 -1.9 -1.8998232 -1.58 -1.58 -1.58 -0.43180668 -0.425 -0.93656817 -0.94 -0.94 -0.94 0.165 0.165 0.165 0.165 -0.49 -0.49 -0.49 -0.49 -0.49 -1.69 -1.69 -1.69 -1.69 -1.6900005 -1.935 -1.745 -1.745 -1.745 -1.745 -1.7449971 -0.965 -0.965 -0.965 -0.79741347 -0.45 -0.45 -0.45 -0.435 -0.43500036 -0.805 -0.805 -0.2150596 -0.215 
-1.495 -1.495 -1.849684 -2.05 -2.05 -2.05 -2.054725 -1.9004885 -1.9 -1.9 -1.58 -1.58 -1.58 -1.58 -1.58 -1.4852332 -0.94 -0.94 -0.94 -0.94 0.16499145 0.165 0.165 0.165 -0.49 -0.49 -0.49 -0.49 -0.49 -1.1320879 -1.69 -1.69 -1.69 -1.935 -1.935 -1.9348525 -1.745 -1.745 -1.4973775 -1.305 -0.965 -0.965 -0.965 -0.7987117 -0.45 -0.45 -0.45 -0.29 -0.79858315 -0.805 -0.805 -0.215 -0.215 
-1.85 -1.85 -1.85 -1.9998545 -2.0496744 -2.055 -2.055 -2.055 -2.055 -1.74 -1.74 -1.58 -1.58 -1.58 -1.58 -1.5799594 -0.94 -0.94 -0.94 -0.94 -0.31718616 0.165 0.165 0.18201077 0.75688982 -0.49 -0.49 -0.49 -0.935 -0.935 -0.935 -0.93500317 -1.935 -1.935 -1.935 -1.935 -1.305 -1.305 -1.305 -1.305 -0.45 -0.45 -0.45 -0.21500472 -0.215 -0.215 -0.21500007 -0.29 -0.29 -0.8043725 -0.805 -0.21499692 -0.215 
-1.85 -1.85 -1.85 -1.8499987 -1.825 -1.8584458 -2.055 -2.055 -2.055 -1.74 -1.74 -1.74 -0.82000004 -0.82 -0.82 -0.82000001 -0.93986261 -0.94 -0.94 -0.94 -0.92320878 0.81499822 0.815 0.815 0.815 0.81499997 0.32499999 0.325 -0.935 -0.935 -0.935 -0.935 -1.9349995 -1.935 -1.935 -1.9349491 -1.305 -1.305 -1.305 -1.3042542 -0.45 -0.45 -0.45 -0.2150109 -0.215 -0.215 -0.215 -0.29 -0.29 -0.28999991 0.395 0.395 0.67 
-1.85 -1.85 -1.85 -1.8250001 -1.825 -1.825 -2.0549999 -2.055 -2.055 -1.74 -1.74 -1.74 -0.82 -0.82 -0.82 -0.82342718 -0.865 -0.865 -0.86500019 -0.93957637 0.815 0.815 0.815 0.815 0.815 0.81463125 0.325 0.325 0.325 -0.935 -0.935 -0.93481334 -1.31 -1.31 -1.31 -0.75 -0.75 -1.135 -1.135 -1.135 -0.68 -0.45007214 -0.44999821 -0.21 -0.21 -0.21018949 -0.21500011 -0.29 -0.29 0.395 0.395 0.395 0.67 
-1.85 -1.85 -1.85 -1.825 -1.825 -1.825 -1.825 -2.055 -2.055 -1.74 -1.74 -0.85678673 -0.82 -0.82 -0.82 -0.865 -0.865 -0.865 -0.865 -0.865 0.815 0.815 0.815 0.815 0.815 0.32500167 0.325 0.325 0.325 -0.645 -0.645 -0.645 -1.31 -1.31 -1.31 -0.75 -0.75 -1.135 -1.135 -0.68 -0.68 -0.68 -0.21 -0.21 -0.21 -0.21 -0.1607116 0.39 0.39 0.39 0.39500001 0.735 0.735 
-1.85 -1.85 -1.8499652 -1.825 -1.825 -1.825 -1.825 -1.4727556 -1.455 -1.4554893 -1.74 -0.82000084 -0.82 -0.82 -0.82000016 -0.865 -0.865 -0.865 -0.865 -0.865 0.13400433 0.815 0.815 0.815 0.81497116 0.32501969 0.325 0.325 0.325 -0.645 -0.645 -0.645 -0.64509133 -1.31 -0.75 -0.75 -0.75 -0.75001571 -1.134969 -0.68 -0.68 -0.68 -0.21002853 -0.21 -0.21 -0.21 0.38999879 0.39 0.39 0.39 0.735 0.735 0.735 
-1.935 -1.9349999 -1.825017 -1.825 -1.825 -1.825 -1.4550787 -1.455 -1.455 -1.455 -0.83000002 -0.83 -0.83 -0.83 -0.86483846 -0.865 -0.865 -0.865 -0.865 0.10499942 0.105 0.105 0.67500002 0.675 0.675 0.675 0.6447905 0.325 -0.074983618 -0.075 -0.075 -0.075 -0.075 -0.565 -0.565 -0.565 -0.565 -0.565 -0.28 -0.28 -0.28 -0.28 -0.28 0.2742689 0.275 0.275 0.275 0.39 0.39 0.39 0.73494565 0.735 0.735 
-1.935 -1.935 -1.9301858 -1.3600009 -1.3600001 -1.3600929 -1.455 -1.455 -1.455 -1.455 -0.83 -0.83 -0.83 -0.83 -0.83 -0.865 -0.865 -0.865 0.10499976 0.105 0.105 0.105 0.675 0.675 0.675 0.675 0.675 0.67492518 -0.075175703 -0.075000002 -0.075 -0.075 -0.075070584 -0.44595066 -0.56487673 -0.565 -0.565 -0.565 -0.28 -0.28 -0.28 -0.28 -0.28 0.275 0.275 0.275 0.275 0.32877625 0.39 1.3046798 1.315 1.28 1.28 
-1.935 -1.935 -1.3600728 -1.36 -1.36 -1.36 -1.3841296 -1.455 -1.455 -1.455 -0.83 -0.83 -0.83 -0.83 -0.83 -0.86497089 -0.865 0.1047156 0.105 0.105 0.105 0.105 0.46383981 0.675 0.675 0.675 0.675 0.67414652 -0.53 -0.53 -0.53 -0.53 -0.53 -0.355 -0.355 -0.355 -0.355 -0.355 -0.305 -0.305 -0.305 -0.305 -0.305 0.27559821 0.27500013 0.275 0.27504153 0.28014686 1.315 1.315 1.315 1.2800002 1.28 
-1.9349995 -1.6506538 -1.36 -1.36 -1.36 -1.36 -1.36 -1.4549595 -1.455 -1.455 -0.83 -0.83 -0.83 -0.83 -0.59533073 -0.59 -0.59 0.10498211 0.105 0.105 0.105 0.105 0.10499995 0.675 0.675 0.675 0.675 -0.68999981 -0.68999993 -0.65594811 -0.53 -0.53 -0.53 -0.355 -0.355 -0.355 -0.355 -0.35484761 -0.305 -0.305 -0.305 -0.305 -0.30498391 0.52 0.52 0.52 0.52 0.52006412 1.315 1.315 1.315 1.3149998 1.0386082 
-1.645 -1.645 -1.6093691 -1.36 -1.36 -1.36 -1.36 -1.36 -1.4549578 -0.74500001 -0.745 -0.745 -0.74520172 -0.59000035 -0.59 -0.59 -0.59 -0.59 0.10499568 0.068073901 -0.255 -0.255 -0.255 -0.024361828 0.5645498 -0.026448261 -0.52512598 -0.69 -0.69 -0.69 -0.69 -0.69 -0.68283144 -0.13493832 -0.13 -0.13 -0.13 -0.13 -0.26555072 -0.095000377 -0.095 -0.095 -0.095 0.28500069 0.51999994 0.52 0.52 0.76 1.3149911 1.315 1.315 1.035 1.035 
-1.645 -1.645 -1.76 -1.76 -1.76 -1.3601332 -1.36 -1.36 -0.745 -0.745 -0.745 -0.745 -0.745 -0.59000001 -0.59 -0.59 -0.59 -0.59 -0.255 -0.255 -0.255 -0.255 -0.255 -0.70499998 -0.705 -0.705 -0.705 -0.69 -0.69 -0.69 -0.69 -0.69 -0.57 -0.57 -0.13 -0.13 -0.13 -0.070010218 -0.07 -0.095 -0.095 -0.095 -0.094999974 0.285 0.285 0.285 0.76 0.76 0.76 0.655 0.655 1.035 1.035 
-1.645 -1.645 -1.76 -1.76 -1.76 -1.76 -1.7599956 -0.95 -0.74519301 -0.745 -0.745 -0.745 -0.745 -0.59193348 -0.59 -0.59 -0.59 -0.59 -0.25500001 -0.255 -0.255 -0.255 -0.255 -0.705 -0.705 -0.705 -0.705 -0.70499997 -0.69 -0.69 -0.69 -0.57000629 -0.57 -0.57 -0.57 -0.13 -0.070000001 -0.07 -0.07 -0.070657797 0.044096398 0.07 0.07 0.285 0.285 0.285 0.76 0.76 0.76 0.655 0.655 0.655 1.0712287 
-1.615 -1.6150002 -1.76 -1.76 -1.76 -1.76 -0.95 -0.95 -0.95 -0.745 -0.745 -0.745 -0.745 -0.74495182 -0.59 -0.59 -0.59 -0.59 -0.25500595 -0.255 -0.255 -0.255 -0.62572641 -0.705 -0.705 -0.705 -0.705 -1.0699997 -1.07 -1.07 -0.69407394 -0.57 -0.57 -0.57 -0.56999979 -0.345 -0.07 -0.07 -0.07 -0.069999999 0.07 0.07 0.07 0.4 0.4 0.4 0.37003798 0.76 0.76 0.655 0.655 0.655 1.0749983 
-1.615 -1.615 -1.76 -1.76 -1.76 -0.95 -0.95 -0.95 -0.95 -0.76747097 -0.745 -0.745 -0.745 -0.74500075 -1.0599459 -1.06 -1.06 -1.06 -0.48628592 -0.37 -0.37 -0.37 -0.37 -0.705 -0.705 -0.705 -0.70502408 -1.07 -1.07 -1.07 -1.07 -0.57001442 -0.44344401 -0.345 -0.345 -0.345 -0.070616868 -0.23499656 -0.235 -0.235 0.070105744 0.205 0.205 0.4 0.4 0.39999987 0.37 0.37 0.68 0.68 0.68 0.09 0.475 
-1.615 -1.615 -1.19 -1.19 -1.19 -0.95 -0.95 -0.95 -0.95 -0.73 -0.73 -0.73 -0.73 -0.75325587 -1.06 -1.06 -1.06 -1.06 -0.49 -0.37 -0.37 -0.37 -0.37 -1.175 -1.1749998 -0.70500069 -1.07 -1.07 -1.07 -1.07 -0.90292917 -0.74 -0.39199958 -0.345 -0.345 -0.345 -0.235 -0.235 -0.235 -0.235 0.205 0.205 0.205 -0.0099322033 -0.01 0.36829193 0.37 0.37 0.67999568 0.68 0.09 0.09 0.475 
-1.615 -1.19 -1.19 -1.19 -1.19 -1.19 -0.94934015 -0.865 -0.865 -0.73 -0.73 -0.73 -0.73 -0.73007815 -1.06 -1.06 -1.06 -1.0342456 -0.49 -0.49 -0.37 -0.37 -1.175 -1.175 -1.175 -1.175 -1.07 -1.07 -1.07 -1.07 -0.74 -0.74 -0.74 -0.34539971 -0.345 -0.345 -0.235 -0.235 -0.235 -0.235 0.205 0.205 0.205 -0.01 -0.01 -0.010009632 -0.18 -0.18 -0.225 -0.225 0.09 0.09 0.475 
-1.1939913 -1.19 -1.19 -1.19 -1.19 -1.19 -0.865 -0.865 -0.865 -0.79274236 -0.73 -0.73 -0.73 -0.73000744 -1.06 -1.06 -1.06 -0.49 -0.49 -0.49 -0.370006 -0.37000492 -1.175 -1.175 -1.175 -1.175 -1.0700075 -1.07 -1.07 -0.74007589 -0.74 -0.74 -0.74 -0.74 -0.34670257 -0.865 -0.865 -0.85409676 -0.235 -0.235 0.20499961 0.205 -0.0037488304 -0.01 -0.01 -0.17999994 -0.18 -0.18 -0.225 -0.225 0.035 0.035 0.09 
-1.19 -1.19 -1.19 -1.19 -1.19 -1.19 -0.865 -0.865 -0.865 -0.865 -1.0399911 -1.04 -1.04 -1.04 -1.059999 -0.84205663 -0.72 -0.72 -0.490424 -0.49 -0.48999998 -1.1749988 -1.175 -1.175 -1.175 -1.175 -1.1749237 -1.07 -1.0699887 -0.74 -0.74 -0.74 -0.74 -0.74 -0.865 -0.865 -0.865 -0.865 -0.865 -0.86499649 -0.33 -0.33 -0.32999997 -0.25 -0.25 -0.25 -0.29 -0.29 -0.26 -0.26 0.035 0.03500012 0.09 
-1.19 -1.19 -1.19 -1.19 -1.19 -1.19 -0.865 -0.865 -0.865 -1.04 -1.04 -1.04 -1.04 -1.04 -0.95564877 -0.72 -0.72 -0.72 -0.72 -0.72 -0.70901826 -1.175 -1.175 -1.175 -1.175 -1.1693478 -0.99528206 -1.0597872 -0.74162739 -0.74 -0.74 -0.74 -0.74 -0.74000027 -0.865 -0.865 -0.865 -0.865 -0.865 -0.61611924 -0.33 -0.33 -0.33 -0.25 -0.25 -0.25 -0.29 -0.29 -0.26 -0.26 -0.74999999 0.043662079 0.09 
-1.19 -1.19 -1.19 -1.19 -1.19 -1.1899999 -0.86500007 -0.865 -0.87226348 -1.04 -1.04 -1.04 -1.04 -1.04 -1.0246508 -0.72 -0.72 -0.72 -0.72 -0.72 -0.72 -1.0216552 -0.99500025 -0.995 -0.995 -0.995 -0.995 -0.995 -1.1770148 -1.1799948 -1.18 -1.18 -1.18 -1.1799998 -0.865 -0.865 -0.865 -0.865 -0.865 -0.33000006 -0.33 -0.33 -0.33 -0.32999996 -0.25014429 -0.34 -0.29000001 -0.59955053 -0.26030229 -0.75 -0.75 -0.74137354 -0.335 
-1.19 -1.19 -1.19 -1.19 -1.19 -1.1899792 -0.86501753 -0.86501059 -1.0399998 -1.04 -1.04 -1.04 -1.04 -1.04 -1.0339111 -0.72 -0.72 -0.72 -0.72 -0.72 -0.72 -0.995 -0.995 -0.995 -0.995 -0.995 -0.995 -0.995 -1.1799489 -1.18 -1.18 -1.18 -1.18 -1.18 -1.09369 -0.865 -0.865 -0.865 -0.865 -0.33 -0.33 -0.33 -0.33 -0.33000256 -0.34 -0.34 -0.34166089 -0.605 -0.605 -0.75 -0.75 -0.335 -0.335 
-1.19 -1.19 -1.19 -1.19 -1.19 -1.1895666 -0.86539071 -1.0202524 -1.04 -1.04 -1.04 -1.04 -1.04 -1.04 -1.0343979 -0.72 -0.72 -0.72 -0.72 -0.72 -0.759155 -0.995 -0.995 -0.995 -0.995 -0.995 -0.995 -0.995 -1.1799993 -1.18 -1.18 -1.18 -1.18 -1.18 -1.18 -0.80115244 -0.70187813 -0.6476013 -0.63933848 -0.34510549 -0.33000001 -0.33 -0.33 -0.3399992 -0.34 -0.34584981 -1.3199966 -0.605 -0.605 -0.9401363 -0.94 -0.94 -0.33500027 
-1.19 -1.19 -1.19 -1.19 -1.1899997 -1.1872897 -0.88240693 -1.0399519 -1.04 -1.04 -1.04 -1.04 -1.04 -1.04 -1.0325275 -0.72 -0.72 -0.72 -0.72 -0.72 -0.99499881 -0.995 -0.995 -0.995 -0.995 -0.995 -0.995 -0.995 -1.1799999 -1.18 -1.18 -1.18 -1.18 -1.18 -1.1799999 -0.635 -0.635 -0.635 -0.635 -0.565 -0.565 -0.565 -0.565 -1.3199972 -1.32 -1.32 -1.32 -1.3200025 -1.565 -1.565 -0.94 -0.94 -0.7695352 
-1.19 -1.19 -1.19 -1.19 -1.1899909 -1.1812562 -1.028554 -1.0399977 -1.04 -1.04 -1.04 -1.04 -1.04 -1.04 -1.0291372 -0.72000013 -0.72 -0.72 -0.72 -0.7216551 -0.995 -0.995 -0.995 -0.995 -0.995 -0.995 -0.995 -0.995 -1.18 -1.18 -1.18 -1.18 -1.18 -1.18 -0.6350005 -0.635 -0.635 -0.635 -0.635 -0.565 -0.565 -0.565 -0.565 -0.76877125 -1.32 -1.32 -1.32 -1.5649973 -1.565 -1.565 -0.695 -0.695 -0.695 
-1.19 -1.19 -1.19 -1.1899993 -1.1899115 -1.1651506 -1.0394153 -1.0399994 -1.04 -1.04 -1.04 -1.04 -1.04 -1.04 -1.0245447 -0.72000753 -0.72 -0.72 -0.72000032 -0.98942806 -0.995 -0.995 -0.995 -0.995 -0.995 -0.995 -0.995 -0.995 -1.1799998 -1.18 -1.18 -1.18 -1.18 -1.1214364 -0.63500014 -0.635 -0.635 -0.635 -0.635 -0.565 -0.565 -0.565 -0.565 -0.565 -1.32 -1.32 -1.32 -1.565 -1.565 -1.565 -0.695 -0.695 -0.695 
-1.19 -1.19 -1.1899997 -1.1899913 -1.1895144 -1.0948791 -1.0399059 -1.0399997 -1.04 -1.04 -1.04 -1.04 -1.04 -1.0399994 -1.0190846 -0.72011687 -0.72000001 -0.72000001 -0.72142381 -0.99497662 -0.995 -0.995 -0.995 -0.995 -0.995 -0.995 -0.995 -0.99500011 -1.1799988 -1.18 -1.1799999 -1.107033 -1.1 -1.1 -1.1 -0.635 -0.635 -0.635 -0.635 -0.565 -0.565 -0.565 -0.565 -0.565 -1.3199866 -1.32 -1.3200001 -1.565 -1.565 -1.5649995 -0.695 -0.695 -0.695 
