interpolatedSpi/02-04|20_2.tif
NCOLS 53
NROWS 52
XLLCORNER -116.03883
YLLCORNER 28.596182
DX 0.49850594
DY 0.49788537
NODATA_VALUE -9999
[rows 0 to 39 of 52, columns 0 to 52 of 53]
0.015 0.015 -0.33342735 -0.355 -0.1475 -0.44 -0.2175 -0.41 -0.57997193 -0.6125 -0.5275 -0.335 -0.46993433 0.3275 -0.3975 -0.3975 -0.3975 0.355 0.1025 0.1025 0.1025 0.10249061 -0.8725 -0.405 -0.405 -0.405 -0.26749575 -0.2675 -0.2675 -0.08 -0.08 -0.08 -0.08 -0.65749988 -0.6575 -0.6575 -0.6575 -0.6575 -0.6575 -0.65749999 -0.24197566 -0.2378315 -1.54 -1.54 -1.54 -1.54 -1.5391792 -1.0375 -1.0375 -1.0375 0.30749721 0.3075 0.3075
0.014988115 -0.2525 -0.5124995 -0.3617398 0.012085366 -0.03 0.09 -0.34749522 -0.4575 -0.38 -0.2725 -0.47 -0.47 -0.098574514 0.32748843 -0.3975 0.355 0.355 0.10282923 0.1025 0.1025 0.1025 -0.42500209 -0.405 -0.405 -0.405 -0.15250002 -0.1525 -0.08 -0.08 -0.08 -0.08 -0.08 -0.65749992 -0.6575 -0.6575 -0.6575 -0.6575 -0.65749994 -0.61040348 -0.42997606 -1.4053099 -1.54 -1.54 -1.54 -1.54 -1.54 -1.0375 -1.0375 -1.0375 -0.92597131 0.3075 0.3075
0.91494828 0.915 -0.0825 0.6725 -0.325 -0.39 -0.135 -0.5625 -0.51 -0.45 0.2675 -0.6275 -0.4875 -0.1075 -0.1 -0.87 0.355 0.355 0.355 -0.20491061 -0.205 -0.205 -0.785 -0.405 -0.405 -0.405 -0.1525 -0.1525 -0.1525 -0.08 -0.08 -0.080000029 -0.37365404 -0.65599044 -0.65035621 0.10296704 0.11 0.11 0.042082232 -0.43 -0.43 -0.43141941 -1.54 -1.54 -1.54 -1.54 -1.54 -1.0375 -1.0375 -1.0375 -1.0375 0.3075 0.3075
0.0525 0.91499977 -0.23257659 0.075 -0.4325 -0.2575 -0.5825 -0.9825 -0.6075 -0.29915618 -0.66 -0.605 -0.3675 -0.1075 -0.6225 -0.87 -0.64175972 -0.63930285 -1.1925 -0.205 -0.205 -1.86 -0.785 -0.785 -0.405 -0.40499874 -0.1525 -0.1525 -0.1525 -0.9225 -0.79493243 -0.69 -0.69 -0.68999939 0.11 0.11 0.11 0.11 -0.43 -0.43 -0.43 -0.43000004 -1.54 -1.54 -1.54 -1.54 -1.54 -1.0375063 -1.0375 -1.0375 -1.0375 0.30743704 0.3075
0.0525 -0.42999964 -0.2325 -0.64608169 -0.4325 -0.865 -0.97994887 -1.07 -0.8525 -0.56750016 -0.6284509 -0.65248603 -0.555 -0.6225 -0.6225 -0.7844882 -0.64 -0.64 -1.1925 -1.1925 -0.20500328 -1.86 -2.8325 -1.005 -0.5425 -0.54267589 -0.1525 -0.1525 -0.9225 -0.9225 -0.69 -0.69 -0.69 -0.8300155 0.11 0.11 0.11 -0.43 -0.43 -0.43 -0.43 -0.42998697 -1.54 -1.54 -1.54 -1.54 -1.54 -1.5355271 -1.0375 -1.0375261 -1.62 -1.62 -1.62
-0.95 -0.235 0.41999999 -0.4675 -0.5575 -0.275 -0.65 -0.70377203 -0.495 -1.0325 -0.5625 -0.4175 -0.41750009 -0.44 -0.44 -0.59754406 -0.5975 -1.01 -1.01 -1.1925003 -1.6825 -1.6825 -1.005 -0.5425 -0.5425 -1.295 -1.55 -1.55 -0.32005622 -0.9225 -0.69 -0.69 -1.4325 -1.4324457 -0.91253729 -1.115 -1.115 -0.64192039 -0.43 -0.43 -0.29516837 -0.295 -0.29499893 -2.0581882 -2.0674417 -2.0674999 -2.0675 -2.0674998 -2.8719673 -1.62 -1.62 -1.62 -1.62
-0.70500256 0.2675 -0.81240711 -0.075 0.12 -0.7025 -0.5 -0.85 -1.155 -1.155 -0.5625 -0.385 -0.98999996 -0.44 -0.77999898 -0.78 -0.5975 -1.185 -1.545 -1.545 -1.6660057 -1.6475 -1.6475 -1.3225 -1.295 -1.295 -1.55 -1.55 -0.320066 -0.32121508 -0.15401544 -1.4325 -1.4325 -0.9125 -0.9125 -0.89850558 -1.115 -1.115 -1.3199929 -0.29500143 -0.295 -0.295 -0.29499596 -2.067496 -2.0675 -2.0675 -2.0675 -2.0675006 -3.15 -1.6203032 -1.62 -1.62 -1.62
-0.705 -1.035 -0.59 -0.9025 -1.0749901 -0.725 -0.6025 -1.2675 -0.765 -1.0475 -1.0475 -0.88 -0.99 -0.99 -0.78144079 -1.1716255 -1.21 -0.8125 -1.1425004 -1.545 -1.4078029 -1.3575 -1.9475 -0.44250001 -0.44250932 -1.165 -1.3925 -1.3925001 -1.4485316 -1.4525 -0.15 -0.83954553 -0.82 -0.9125 -0.91642166 -0.7175 -0.7175 -1.32 -1.32 -0.295 -0.295 -0.29499999 -1.3467868 -1.3525 -2.0675 -2.0675 -2.0675 -3.1499588 -3.15 -3.15 -1.62 -1.62 -1.62
-1.0331036 -1.035 -1.4925 -0.45 -0.97 -1.125 -0.8375 -0.235 -0.5425 -0.072011809 -0.1325 -0.6125 -0.6125 -0.54 -0.54000148 -1.4767545 -1.4775 -1.4775 -0.86287502 -1.6975001 -1.95 -1.95 -1.7025 -1.8509495 -1.0921911 -1.165 -1.3625 -1.3925 -0.80344302 -0.8 -0.845 -0.3825 -0.64691906 -1.2675 -1.05 -0.885 -0.7875 -0.2925 -0.37246306 -0.29282391 0.1925 -0.575 -1.3524422 -1.3525 -1.3565244 -2.0675 -1.9125 -3.15 -3.15 -3.15 -3.15 -1.4637432 -1.475
-1.0225 -1.0225 -1.31 -0.5725 -0.79 -1.245 -0.79 -0.8875 -0.0725 0.047443808 -0.2075 -0.32 -0.54 -0.54 -0.6975 -0.70819805 -1.4775 -1.477385 -0.9775 -1.6975 -1.6975 -1.7300304 -1.7025 -1.9599951 -1.96 -1.96 -1.3625 -0.8125 -0.8125 -0.8 -0.8 -0.38349572 -0.9075 -1.2675 -1.19 -0.885 -0.7875 -1.7175 -0.3725 0.29401969 -0.57499997 -0.73020089 -0.9975 -1.3525 -1.3525 -1.9125 -1.9125 -1.9125 -3.15 -3.15 -0.365 -0.365 -0.36500042
-1.0225 -1.0225 -1.8625 -1.46 -1.035 -0.895 -1.2825 -0.43278043 -1.075 -0.9225 -0.74 -0.6375 -0.32042301 -0.6975 -0.6975 -0.69752624 -0.925 -0.92775545 -0.9775 -0.435 -0.435 -0.88 -0.88 -1.96 -1.96 -1.96 -0.8125 -0.8125 -0.8125 -1.3225 -1.3225 -1.3224993 -0.8975 -0.8975 -1.225 -1.505 -0.605 -1.7024974 -1.3075 0.305 0.305 -0.98750003 -0.9975 -1.3525 -0.57250029 -0.76 -0.17252608 -0.165 -0.1375 -0.1375 -0.365 -0.365 -0.365
-1.0225 -1.3851305 -1.6907389 -1.5824877 -1.64 -1.71 -1.2825 -0.4325 -1.0749946 -0.92418952 -0.63750037 -0.6375 -0.385 -0.6975 -0.6975 -0.92499999 -0.925 -0.92500299 -0.9775 -0.435 -0.52238895 -0.88 -0.88 -1.959956 -1.96 -1.6526472 -1.025 -1.025 -1.025 -1.3225 -1.3225 -1.395 -1.395 -0.8975009 -1.225 -0.88000002 -0.73208065 -1.7025 -1.7025 0.30499996 -0.9875 -0.9875 -0.987497 -0.5725 -0.5725 -0.76 -0.165 -0.165 -0.1375 -0.1375 -0.365 -0.365 -0.365
-0.235 -0.50280556 -0.39254027 -0.40112369 -1.6400001 -1.7099983 -1.2825 -0.44296302 -1.0307252 -1.0710178 -0.385 -0.385 -0.385 -0.385 -0.69745573 -0.925 -0.925 -0.92567786 -0.9775 -0.43498392 -0.3675 -0.3675 -0.3675 -0.3675 -1.9322751 -1.025 -1.025 -1.025 -1.025 -1.0250498 -1.395 -1.395 -1.395 -1.395 -0.88 -0.88 -0.88 -1.6624859 -1.6939192 -0.56 -0.56 -0.98747701 -0.49250274 -0.57249229 -0.5725 -0.76 -0.165 -0.165 -0.1375 -0.1375 -0.36417465 -0.365 -1.1264955
-0.235 -0.3925 -0.3925 -0.3925 -0.3925 -0.39250055 -1.2835943 -0.88039501 -0.91260407 -0.3857393 -0.385 -0.385 -0.385 -0.385 -0.38500024 -0.925 -0.92500001 -0.92860114 -0.97749729 -0.3675 -0.3675 -0.3675 -0.3675 -0.3675 -0.37193397 -0.71908129 -0.57750009 -0.5775 -0.5775 -0.5775 -1.395 -1.395 -1.3949993 -0.81 -0.81 -0.88 -0.52271954 -0.5125 -0.55999997 -0.56 -0.56 -0.56 -0.4925 -0.4925 -0.4925 -0.49436156 0.050961292 0.0525 0.0525 0.0525 0.052499997 0.64999979 0.65
0.2125 -0.3925 -0.3925 -0.3925 -0.3925 -0.3925 -0.39250006 -0.77470405 -0.70297147 -0.7025 -0.7025 -0.7025 -0.7025 -0.7025 -0.7025 -0.32777649 -0.91540361 -0.93218884 -0.36757668 -0.3675 -0.3675 -0.3675 -0.3675 -0.36750016 -0.5725 -0.5725 -0.57250001 -0.5775 -0.5775 -0.57813077 -0.8925 -0.8925 -0.81 -0.81 -0.81 -0.56015619 -0.5125 -0.5125 -0.5125 -0.56 -0.56 -0.56 -0.4925 -0.4925 -0.4925 -0.4925 0.052499999 0.0525 0.0525 0.0525 0.0525 0.65 0.65
0.2125 -0.012734626 -0.3925 -0.3925 -0.3925 -0.3925 -0.0025765437 -0.0025 -0.0025000173 -0.7025 -0.7025 -0.7025 -0.7025 -0.7025 -0.61811782 -0.32 -0.32 -0.32 -0.50208865 -0.50249986 -0.5025 -0.5025 -0.5025 -0.5025 -0.5725 -0.5725 -0.5725 -0.5725 -0.5775 -0.8925 -0.8925 -0.8925 -0.81000001 -0.81 -0.81 -0.345 -0.51227822 -0.5125 -0.5125 -0.56002806 -0.61609451 -0.7469396 -0.4925 -0.4925 -0.023950448 -0.0225 -0.0225 0.052799169 0.23436225 0.23499998 0.23499997 0.66999686 0.65000004
0.2125 -0.11593541 -0.25713269 -0.3925 -0.3925 -0.0027304305 -0.0025 -0.0025 -0.0025 -0.0075444006 -0.7025 -0.7025 -0.7025 -0.70249995 -0.32 -0.32 -0.32 -0.32 -0.50233698 -0.5025 -0.5025 -0.5025 -0.5025 -0.5025 -0.5725 -0.5725 -0.5725 -0.5725 -0.57366395 -0.8925 -0.8925 -0.8925 -0.51000001 -0.80994546 -0.345 -0.345 -0.345 -0.35188283 -0.73263023 -0.7475 -0.7475 -0.7475 -0.21 -0.21 -0.0225 -0.0225 -0.0225 0.235 0.235 0.235 0.235 0.67 0.67
-0.12457609 -0.125 -0.125 -0.125 0.145 -0.0024961952 -0.0025 -0.0025 -0.0025 -0.0025 -0.61600313 -0.70248511 -0.70249997 -0.32 -0.32 -0.32 -0.32 -0.32 -0.3379369 -0.5025 -0.5025 -0.5025 -0.5025 -0.5025 -0.43972449 -0.28500156 -0.285 -0.285 -0.285 -0.89249998 -0.51000001 -0.51 -0.51 -0.51 -0.345 -0.34501646 -0.97 -0.97 -0.75027824 -0.7475 -0.7475 -0.7475 -0.21 -0.21 -0.051531456 -0.0225 -0.0225 0.235 0.235 0.235 0.23966433 0.67 0.67
-0.125 -0.125 -0.125 0.0021470278 0.145 0.145 -0.0025 -0.0025 -0.0025 -0.0025 0.44 0.44 0.44 -0.32 -0.32 -0.32 -0.32 -0.31995125 -0.3775 -0.3775 -0.50249995 -0.5025 -0.49586577 -0.23 -0.23049514 -0.285 -0.285 -0.285 -0.285 -0.50997709 -0.51 -0.51 -0.51 -0.51 -0.9699978 -0.97 -0.97 -0.97 -0.96917159 -0.7475 -0.7475 -0.7475 -0.21 -0.21 -0.21 -0.0225 -0.0225 0.235 0.235 0.235 0.67 0.67 0.67
-0.125 -0.125 -0.125 0.145 0.145 0.145 0.14499977 -0.0025 -0.0025 0.43954321 0.44 0.44 0.44 0.43952649 -0.081220389 -0.025 -0.025 -0.025000002 -0.3775 -0.3775 -0.3775 -0.23 -0.23 -0.23 -0.22988445 -0.039784885 -0.285 -0.285 -0.285 -0.47629501 -0.47500344 -0.475 -0.475 -0.475 -0.63820269 -0.17250181 -0.1725 -0.1725 -0.1725 0.1973707 0.1975 0.1975 -0.21 -0.21 0.51999695 0.51999986 0.1225 0.1225 0.3025 0.3025 0.3025 0.67 0.78989271
-0.12500005 -0.125 -0.12499999 0.145 0.145 0.145 0.145 0.019999993 -0.0024100362 0.4399728 0.44 0.44 0.44 0.43908754 -0.025 -0.025 -0.025 -0.025000101 -0.3775 -0.3775 -0.3775 -0.23 -0.23 -0.23 0.1825 0.1825 0.165 0.165 0.165 0.1615086 -0.475 -0.475 -0.475 -0.475 -0.32383304 -0.1725 -0.1725 -0.1725 -0.1725 0.1975 0.1975 0.1975 0.20764708 0.52 0.52 0.52 0.1225 0.1225 0.3025 0.3025 0.3025 0.78999998 0.79
-0.14 -0.14110355 -0.39 -0.38984479 0.145 0.020723246 0.02 0.02 0.050972183 0.40999999 0.41 0.41 0.41 -0.012486246 -0.0125 -0.02499999 -0.025 -0.034287857 -0.3775 -0.3775 -0.3775 -0.3475 -0.3475 -0.3475 0.1825 0.1825 0.165 0.165 0.165 0.1649998 -0.10500235 -0.10500104 -0.46570061 -0.47460333 -0.062969824 -0.0625 -0.0625 -0.0625 -0.0625 0.1975 0.1975 0.1975 0.5022422 0.52 0.52 0.51999997 0.1225 0.1225 0.12250648 0.3025 0.30249922 0.285 0.79
-0.32746439 -0.32750001 -0.39 -0.39 -0.39 0.02 0.02 0.02 0.105 0.105 0.41 0.41 0.41 -0.0125 -0.0125 -0.0125 -0.0125 -0.012540552 -0.3775 -0.3775 -0.3775 -0.3475 -0.3475 -0.3475 0.1825 0.1825 0.165 0.165 0.165 -0.10195573 -0.105 -0.105 -0.105 -0.105 -0.062520971 -0.0625 -0.0625 -0.0625 -0.0625 0.28499998 0.285 0.285 0.285 0.51999856 0.3325 0.3325 0.3325 0.1375 0.1375 0.1375 0.285 0.285 0.285
-0.3275 -0.3275 -0.39 -0.39 -0.39 0.017844967 0.02 0.105 0.105 0.105 0.40996245 0.41 0.11992072 -0.012499985 -0.0125 -0.0125 -0.0125 0.0375 0.0375 0.0375 -0.36 -0.35999999 -0.34750006 -0.3475 -0.34734674 -0.34 -0.34 -0.3399988 0.16491839 0.24992925 0.24999811 0.24993802 -0.10439327 -0.10469364 -0.069838599 -0.062499913 -0.061745974 0.1625 0.1625 0.285 0.285 0.285 0.285 0.3325 0.3325 0.3325 0.3325 0.1375 0.1375 0.1375 0.285 0.285 0.285
-0.3275 -0.3275 -0.39 -0.39 -0.39 -0.39 0.051813017 0.105 0.105 0.105 0.10497238 0.055 0.055 0.055 -0.012102207 -0.0125 0.037166812 0.0375 0.0375 0.0375 -0.36 -0.36 -0.36 -0.36 -0.34 -0.34 -0.34 -0.34 -0.34 0.25 0.25 0.25 0.25 0.25000005 0.275 0.1625 0.1625 0.1625 0.1625 0.16249981 0.0825 0.0825 0.0825 0.087382702 0.0975 0.0975 0.0975 0.1375 0.13749989 0.02 0.02 0.38997446 0.39
-0.3275 -0.3275 -0.36744189 -0.39 -0.39 -0.39 -0.61372234 0.10273096 0.105 0.105 0.054999928 0.055 0.055 0.055 0.055 0.049464639 0.0375 0.0375 0.0375 0.0375 -0.35999693 -0.36 -0.36 -0.36 -0.34 -0.34 -0.34 -0.34 -0.34 -0.023413874 0.25 0.25 0.25 0.275 0.275 0.27491264 0.1625 0.1625 0.15827916 0.155 0.0825 0.0825 0.0825 0.087529112 0.0975 0.0975 0.0975 0.06 0.020498396 0.02 0.02 0.39 0.39
-0.5525 -0.5525 -0.5525 -0.43074322 -0.3900521 -0.615 -0.615 -0.615 -0.615 -0.2875 -0.2875 0.054999976 0.055 0.055 0.055 0.054998884 0.0375 0.0375 0.0375 0.0375 -0.18654389 -0.36 -0.36 -0.34855044 0.058909192 -0.34 -0.34 -0.34 -0.12 -0.12 -0.12 -0.11999845 0.275 0.275 0.275 0.275 0.155 0.155 0.155 0.155 -0.3425 -0.3425 -0.3425 0.15748995 0.1575 0.1575 0.15749998 0.06 0.06 0.020048738 0.02 0.38999902 0.39
-0.5525 -0.5525 -0.5525 -0.552493 -0.4225 -0.45049266 -0.615 -0.615 -0.615 -0.2875 -0.2875 -0.2875 -0.12249999 -0.1225 -0.1225 -0.1225 0.036991669 0.0375 0.0375 0.0375 0.031496371 0.077498799 0.0775 0.0775 0.0775 0.077499978 -0.575 -0.575 -0.12 -0.12 -0.12 -0.12 0.27499992 0.275 0.275 0.27499145 0.15499999 0.155 0.155 0.15331107 -0.3425 -0.3425 -0.3425 0.15747681 0.1575 0.1575 0.1575 0.06 0.06 0.060000018 0.195 0.195 0.785
-0.5525 -0.5525 -0.5525 -0.4225003 -0.4225 -0.4225 -0.61499993 -0.615 -0.615 -0.2875 -0.2875 -0.2875 -0.1225 -0.1225 -0.1225 -0.13144875 -0.24 -0.24 -0.23999928 0.035932608 0.0775 0.0775 0.0775 0.0775 0.0775 0.077008959 -0.575 -0.575 -0.575 -0.12 -0.12 -0.11986483 0.17 0.17 0.17 -0.1075 -0.1075 -0.23 -0.23 -0.23 0.285 -0.34230317 -0.34249405 0.455 0.455 0.44372509 0.15750062 0.060000001 0.06 0.195 0.195 0.195 0.785
-0.5525 -0.5525 -0.5525 -0.4225 -0.4225 -0.4225 -0.4225 -0.615 -0.615 -0.2875 -0.2875 -0.12909762 -0.1225 -0.1225 -0.1225 -0.24 -0.24 -0.24 -0.24 -0.24 0.0775 0.0775 0.0775 0.0775 0.0775 -0.57499777 -0.575 -0.575 -0.575 0.09 0.09 0.09 0.17 0.17 0.17 -0.1075 -0.1075 -0.23 -0.23 0.285 0.285 0.285 0.455 0.455 0.455 0.455 0.49627904 0.9575 0.9575 0.9575 0.19500002 1.15 1.15
-0.5525 -0.5525 -0.55231897 -0.4225 -0.4225 -0.4225 -0.4225 -0.260658 -0.2525 -0.25256009 -0.28749999 -0.12250209 -0.1225 -0.1225 -0.12250041 -0.24 -0.24 -0.24 -0.24 -0.24 -0.78321122 0.0775 0.0775 0.0775 0.077381569 -0.57499564 -0.575 -0.575 -0.575 0.09 0.09 0.09 0.090013533 0.17 -0.1075 -0.1075 -0.1075 -0.10750464 -0.22996488 0.285 0.285 0.285 0.45498968 0.455 0.455 0.455 0.95750256 0.9575 0.9575 0.9575 1.15 1.15 1.15
-0.1625 -0.16250068 -0.42255919 -0.4225 -0.4225 -0.4225 -0.25253617 -0.2525 -0.2525 -0.2525 -0.1475 -0.1475 -0.1475 -0.1475 -0.23957307 -0.24 -0.24 -0.24 -0.24 -0.81999965 -0.82 -0.82 -0.4974999 -0.4975 -0.4975 -0.4975 -0.50418925 -0.575 0.33246283 0.3325 0.3325 0.3325 0.3325 0.4475 0.4475 0.4475 0.4475 0.4475 0.7025 0.7025 0.7025 0.7025 0.7025 1.2163506 1.2175 1.2175 1.2175 0.9575 0.9575 0.9575 1.1499697 1.15 1.15
-0.1625 -0.1625 -0.15808359 0.36499842 0.36499982 0.36439749 -0.2525 -0.2525 -0.2525 -0.2525 -0.1475 -0.1475 -0.1475 -0.1475 -0.1475 -0.24 -0.24 -0.24 -0.81999985 -0.82 -0.82 -0.82 -0.4975 -0.4975 -0.4975 -0.4975 -0.4975 -0.49751556 0.33259847 0.3325 0.3325 0.3325 0.33253956 0.58355639 0.44764088 0.4475 0.4475 0.4475 0.7025 0.7025 0.7025 0.7025 0.7025 1.2175 1.2175 1.2175 1.2175 1.0959189 0.9575 1.187406 1.19 0.89 0.89
-0.1625 -0.1625 0.36493318 0.365 0.365 0.365 0.2081576 -0.2525 -0.2525 -0.2525 -0.1475 -0.1475 -0.1475 -0.1475 -0.1475 -0.23992796 -0.24 -0.81982995 -0.82 -0.82 -0.82 -0.82 -0.61697221 -0.4975 -0.4975 -0.4975 -0.4975 -0.49673156 0.5875 0.5875 0.5875 0.5875 0.5875 0.6875 0.6875 0.6875 0.6875 0.6875 1.195 1.195 1.195 1.195 1.195 1.2181531 1.2175001 1.2175 1.2175453 1.222952 1.19 1.19 1.19 0.89000168 0.89
-0.16249851 0.629257 0.36500004 0.365 0.365 0.365 0.365 -0.25223707 -0.2525 -0.2525 -0.1475 -0.1475 -0.1475 -0.1475 -0.054610079 -0.0525 -0.0525 -0.81998025 -0.82 -0.82 -0.82 -0.82 -0.81999985 -0.4975 -0.4975 -0.4975 -0.4975 0.61249994 0.61249999 0.60717939 0.5875 0.5875 0.5875 0.6875 0.6875 0.6875 0.6875 0.6875 1.195 1.195 1.195 1.195 1.1950094 1.485 1.485 1.485 1.485 1.4849762 1.19 1.19 1.19 1.1899997 0.74713548
0.645 0.645 0.58844056 0.365 0.365 0.365 0.365 0.365 -0.25223544 0.26999999 0.27 0.27 0.26900919 -0.052500137 -0.0525 -0.0525 -0.0525 -0.0525 -0.81999358 -0.76512371 -0.285 -0.285 -0.285 -0.33573415 -0.43587199 -0.1061122 0.17233455 0.6125 0.6125 0.6125 0.6125 0.6125 0.61051956 0.68562008 0.6875 0.6875 0.6875 0.6875 1.218012 1.3174998 1.3175 1.3175 1.3175 1.150001 1.4849999 1.485 1.485 0.715 1.1899924 1.19 1.19 0.745 0.745
0.645 0.645 0.6125 0.6125 0.6125 0.36508244 0.365 0.365 0.27 0.27 0.27 0.27 0.27 -0.052499985 -0.0525 -0.0525 -0.0525 -0.0525 -0.285 -0.285 -0.285 -0.285 -0.285 0.27249997 0.2725 0.2725 0.2725 0.6125 0.6125 0.6125 0.6125 0.6125 0.52 0.52 0.6875 0.6875 0.6875 1.2074114 1.2075 1.3175 1.3175 1.3175 1.3175 1.15 1.15 1.15 0.715 0.715 0.715 0.735 0.735 0.745 0.745
0.645 0.645 0.6125 0.6125 0.6125 0.6125 0.61249934 0.4925 0.27020949 0.27 0.27 0.27 0.27 -0.048477106 -0.0525 -0.0525 -0.0525 -0.0525 -0.285 -0.285 -0.285 -0.285 -0.285 0.2725 0.2725 0.2725 0.2725 0.2725014 0.6125 0.6125 0.6125 0.52000485 0.52 0.52 0.52 0.6875 1.2075 1.2075 1.2075 1.2103943 1.3322526 1.335 1.335 1.15 1.15 1.15 0.715 0.715 0.715 0.735 0.735 0.735 0.95105047
0.2775 0.27750288 0.6125 0.6125 0.6125 0.6125 0.4925 0.4925 0.4925 0.27 0.27 0.27 0.27 0.26989974 -0.0525 -0.0525 -0.0525 -0.0525 -0.28499556 -0.285 -0.285 -0.28499999 0.17430649 0.2725 0.2725 0.2725 0.2725 0.58249975 0.5825 0.5825 0.61217456 0.52 0.52 0.52 0.52000045 0.98749999 1.2075 1.2075 1.2075 1.2075 1.335 1.335 1.335 0.995 0.995 0.995 0.72499903 0.715 0.715 0.735 0.735 0.735 0.97250082
0.2775 0.2775 0.6125 0.6125 0.6125 0.4925 0.4925 0.4925 0.4925 0.29438956 0.27 0.27 0.27 0.27000013 0.47993872 0.48 0.48 0.48 0.64311242 0.5925 0.5925 0.5925 0.5925 0.2725 0.2725 0.2725 0.27252045 0.5825 0.5825 0.5825 0.5825 0.52007283 0.78295523 0.9875 0.9875 0.9875 1.2085632 1.4924941 1.4925 1.4925 1.3348433 1.135 1.135 0.995 0.995 0.99499886 0.725 0.725 0.9325 0.9325 0.9325 1.13 1.265
