interpolatedSpi/02-06|22_1.tif
NCOLS 53
NROWS 52
XLLCORNER -116.03883
YLLCORNER 28.596182
DX 0.49850594
DY 0.49788537
NODATA_VALUE -9999
[rows 0 to 28 of 52, columns 0 to 52 of 53]
0.55166667 0.55166667 0.31959829 0.205 0.835 0.57833333 0.615 0.6 0.37845291 0.22833333 0.465 0.65 0.595021 0.85 0.65333333 0.65333333 0.65333333 0.72166667 0.60166667 0.60166667 0.60166667 0.60165967 -0.125 0.31 0.31 0.31 0.01833399 0.018333333 0.018333333 0.14 0.14 0.14 0.14 0.36666662 0.36666667 0.36666667 0.36666667 0.36666667 0.36666667 0.36666666 -0.045558795 -0.05000437 -0.068333333 -0.068333333 -0.068333333 -0.068333333 -0.068684502 -0.28333333 -0.28333333 -0.28333333 0.89999754 0.9 0.9
0.55163468 -0.16833333 0.17166676 0.23528533 0.32844445 0.68166667 0.60333333 0.61818023 0.41333333 0.415 0.49333333 0.595 0.595 0.71046683 0.84999657 0.65333333 0.72166667 0.72166667 0.60182313 0.60166667 0.60166667 0.60166667 0.31868512 0.31 0.31 0.31 0.70999997 0.71 0.14 0.14 0.14 0.14 0.14 0.36666663 0.36666667 0.36666667 0.36666667 0.36666667 0.36666671 0.52783191 1.361599 0.10518555 -0.068333333 -0.068333333 -0.068333333 -0.068333333 -0.068333333 -0.28333333 -0.28333333 -0.28333333 -0.1852102 0.9 0.9
0.39332523 0.39333333 0.24833333 0.58 0.14666667 -0.05 0.195 0.26333333 -0.031666667 0.31833333 0.455 0.19666667 0.46833333 0.67833333 0.71 0.19333333 0.72166667 0.72166667 0.72166667 0.40505717 0.405 0.405 0.475 0.31 0.31 0.31 0.71 0.71 0.71 0.14 0.14 0.14000003 0.44167737 0.36818135 0.37212728 0.94795743 0.95333333 0.95333333 1.0046909 1.3616667 1.3616667 1.3598381 -0.068333333 -0.068333333 -0.068333333 -0.068333333 -0.068333333 -0.28333333 -0.28333333 -0.28333333 -0.28333333 0.9 0.9
-0.005 0.39333324 -0.088319291 0.995 -0.225 0.12833333 0.255 -0.05 0.30833333 0.50326034 0.38166667 0.07 0.11166667 0.67833333 -0.12333333 0.19333333 -0.2813403 -0.28429467 -0.25333333 0.405 0.405 -0.026666667 0.475 0.475 0.31 0.310002 0.71 0.71 0.71 0.25666667 0.53649231 0.76666667 0.76666667 0.76666681 0.95333333 0.95333333 0.95333333 0.95333333 1.3616667 1.3616667 1.3616667 1.3616666 -0.068333333 -0.068333333 -0.068333333 -0.068333333 -0.068333333 -0.28333062 -0.28333333 -0.28333333 -0.28333333 0.89998127 0.9
-0.005 0.51833222 -0.088333333 -0.06601029 -0.225 0.026666667 0.29999806 0.34333333 0.18166667 0.50666653 0.2727087 0.1616533 0.068333333 -0.12333333 -0.12333333 0.081032515 -0.285 -0.285 -0.25333333 -0.25333333 0.40499912 -0.026666667 0.035 0.355 0.45833333 0.45834041 0.71 0.71 0.25666667 0.25666667 0.76666667 0.76666667 0.76666667 0.73083784 0.95333333 0.95333333 0.95333333 1.3616667 1.3616667 1.3616667 1.3616667 1.3616522 -0.068333315 -0.068333333 -0.068333333 -0.068333333 -0.068333333 -0.0702471 -0.28333333 -0.28330598 0.32666667 0.32666667 0.32666667
-1.405 -0.0066666667 0.093333334 0.18833333 -0.50833333 0.05 0.16833333 0.19073835 0.20333333 -0.19333333 -0.34833333 -0.16666667 -0.16666651 0.105 0.105 -0.16995574 -0.17 0.011666667 0.011666666 -0.25333302 -0.23 -0.23 0.355 0.45833333 0.45833333 0.48833333 0.39333333 0.39333333 0.6616294 0.25666667 0.76666667 0.76666667 0.57666667 0.57670672 0.95997256 1.015 1.015 1.2544174 1.3616667 1.3616667 1.2118537 1.2116667 1.2116675 0.43430102 0.44327678 0.4433332 0.44333332 0.44333314 0.38383095 0.32666667 0.32666667 0.32666667 0.32666667
-0.4916714 -0.61 -0.4223561 -0.495 -0.36333333 -0.44 -0.20333333 -0.39 -0.47 -0.47 -0.34833333 -0.071666667 -0.25999998 0.105 0.013333608 0.013333333 -0.17 0.165 0.10333333 0.10333333 -0.20957852 -0.18666667 -0.18666667 0.37 0.48833333 0.48833333 0.39333333 0.39333333 0.6616453 0.66127326 0.85161149 0.57666667 0.57666667 0.96 0.96 1.0740027 1.015 1.015 1.3449886 1.2116669 1.2116667 1.2116667 1.2116706 0.44333483 0.44333333 0.44333333 0.44333333 0.44333332 0.41666667 0.3266845 0.32666667 0.32666667 0.32666667
-0.49166667 0.011666667 -0.036666667 -1.0016667 -0.96666867 -0.68666667 -0.69833333 -0.64333333 -0.615 -0.53166667 -0.53166667 -0.19166667 -0.26 -0.26 0.011458013 -0.29328818 -0.32333333 0.13166667 -0.38999949 0.10333333 0.06368446 0.135 -0.63833333 0.21833333 0.21832953 -0.076666667 0.35666667 0.35666668 0.29628485 0.29500001 0.85333333 0.30444471 0.49333333 0.96 0.96156867 1.1233333 1.1233333 1.345 1.345 1.2116667 1.2116667 1.2116667 0.71485579 0.71166665 0.44333333 0.44333333 0.44333333 0.41666768 0.41666667 0.41666667 0.32666667 0.32666667 0.32666667
-0.11653296 0.011666665 0.033333333 -0.37666667 -0.58833333 -0.93666667 -0.58333333 -0.535 -0.57 -0.22045651 -0.05 -0.16333333 -0.16333333 0.23833333 0.23832728 -0.50781772 -0.50833333 -0.50833333 0.052033449 -0.57500003 -0.705 -0.70499999 0.42833333 -0.21797753 -0.046938456 -0.076666667 0.555 0.35666667 0.9863197 0.99 0.25166667 1.155 0.88050703 0.66 1.015 0.95 1.1716667 0.55333333 1.286328 1.2133852 1.5966667 1.1583333 0.71168784 0.71166667 0.71015634 0.44333333 0.15500002 0.41666666 0.41666667 0.41666667 0.41666667 0.3640189 0.21833333
-0.83333333 -0.83333333 0.086666667 -0.335 -0.72333333 -0.93166667 -0.85166667 -1.0266667 -0.55166667 -0.13177288 -0.19833333 0.72166667 0.23833333 0.23833333 -0.405 -0.40641726 -0.50833333 -0.50831243 -0.42666667 -0.575 -0.575 -0.59174836 0.42833333 0.6449959 0.645 0.645 0.555 0.39666667 0.39666667 0.99 0.99 1.1539663 0.61 0.66 0.72833333 0.95 1.1716667 1.0283333 1.2866667 0.8652753 1.1583334 1.0420092 0.84166667 0.71166667 0.71166667 0.155 0.155 0.155 0.41666667 0.41666667 0.62666667 0.62666667 0.62666651
-0.83333333 -0.83333333 -0.26166667 -0.56 -0.78833333 -0.50333333 -0.86166666 -0.10388728 -0.36 -0.485 -0.40833333 -0.585 0.71992639 -0.405 -0.405 -0.40499077 -0.325 -0.33033594 -0.42666667 -0.27666667 -0.27666667 -0.5 -0.5 0.645 0.645 0.645 0.39666667 0.39666667 0.39666667 0.295 0.295 0.29500052 0.60166667 0.60166667 0.25 0.27166667 0.85166667 0.7000001 0.97333333 0.85833333 0.85833333 0.59833413 0.84166667 0.71166667 0.55500006 0.60166667 0.67939844 0.68166667 0.96166667 0.96166667 0.62666667 0.62666667 0.62666667
-0.83333333 -0.58655021 -0.38897614 -0.63665812 -0.066666667 -0.80333333 -0.86166667 -0.10333333 -0.35999786 -0.48361515 -0.58499987 -0.585 -0.42333333 -0.405 -0.405 -0.325 -0.325 -0.32500579 -0.42666667 -0.27666667 -0.32052479 -0.5 -0.5 0.64495391 0.645 0.41873137 -0.043333333 -0.043333333 -0.043333278 0.295 0.295 0.045 0.045 0.6016657 0.25 0.61500004 0.82921695 0.7 0.7 0.85833332 0.59833333 0.59833333 0.59833306 0.555 0.555 0.60166667 0.68166667 0.68166667 0.96166667 0.96166667 0.62666667 0.62666667 0.62666667
0.30833333 0.10476806 0.13997425 0.13437956 -0.066670545 -0.80331594 -0.86166667 -0.11266798 -0.34231304 -0.36326408 -0.42333333 -0.42333333 -0.42333333 -0.42333333 -0.4050026 -0.325 -0.325 -0.32631268 -0.42666667 -0.27672982 -0.49166667 -0.49166667 -0.49166667 -0.49166667 0.62519326 -0.043333333 -0.043333333 -0.043333333 -0.043333333 -0.043131828 0.045 0.045 0.045 0.045 0.615 0.615 0.615 0.69591518 0.69787201 0.41666667 0.41666667 0.59832356 0.61166473 0.55500546 0.555 0.60166667 0.68166667 0.68166667 0.96166667 0.96166667 0.62788201 0.62666667 1.0594049
0.30833333 0.14 0.14 0.14 0.14 0.13999961 -0.86151722 -0.50288485 -0.29512592 -0.42326822 -0.42333333 -0.42333333 -0.42333333 -0.42333333 -0.42333331 -0.325 -0.32500002 -0.33197364 -0.42666546 -0.49166667 -0.49166667 -0.49166667 -0.49166667 -0.49166667 -0.48258586 -0.037231631 -0.028333336 -0.028333333 -0.028333333 -0.028333333 0.044999998 0.045 0.045000156 0.175 0.175 0.615 0.46106964 0.45666667 0.41666669 0.41666667 0.41666667 0.41666667 0.61166667 0.61166667 0.61166667 0.61159708 0.80252511 0.80333333 0.80333333 0.80333333 0.80333334 0.88333328 0.88333333
0.39166667 0.14 0.14 0.14 0.14 0.14 0.13999994 -0.53913676 -0.38595274 -0.38666667 -0.38666667 -0.38666667 -0.38666667 -0.38666667 -0.38666667 0.036261471 -0.31913732 -0.3389215 -0.49165846 -0.49166667 -0.49166667 -0.49166667 -0.49166667 -0.49166612 -0.071666667 -0.071666667 -0.071666606 -0.028333333 -0.028333333 -0.028503541 -0.11333333 -0.11333333 0.175 0.175 0.175 0.41154672 0.45666667 0.45666667 0.45666667 0.41666667 0.41666667 0.41666667 0.61166667 0.61166667 0.61166667 0.61166667 0.80333332 0.80333333 0.80333333 0.80333333 0.80333333 0.88333333 0.88333333
0.39166667 0.29797403 0.14 0.14 0.14 0.14 -0.17827086 -0.17833333 -0.17833334 -0.38666667 -0.38666667 -0.38666667 -0.38666667 -0.38666667 -0.29143798 0.045 0.045 0.045 -0.021436062 -0.020000481 -0.02 -0.02 -0.02 -0.02 -0.071666667 -0.071666667 -0.071666667 -0.071666667 -0.028333333 -0.11333333 -0.11333333 -0.11333333 0.17499997 0.175 0.175 0.44 0.4566446 0.45666667 0.45666667 0.41661301 0.30946383 0.059404313 0.61166667 0.61166667 0.14644016 0.145 0.145 0.80182807 -0.10846916 -0.11166659 -0.11166649 0.17677356 0.8833319
0.39166667 0.013762967 0.070840375 0.14 0.14 -0.17814525 -0.17833333 -0.17833333 -0.17833333 -0.17983464 -0.38666667 -0.38666667 -0.38666667 -0.38666661 0.045 0.045 0.045 0.045 -0.019941937 -0.02 -0.02 -0.02 -0.02 -0.02 -0.071666665 -0.071666667 -0.071666667 -0.071666667 -0.071818225 -0.11333333 -0.11333333 -0.11333333 -0.23333333 0.1750171 0.44 0.44 0.44 0.43630041 0.08355155 0.058333333 0.058333333 0.058333333 0.01 0.01 0.145 0.145 0.145 -0.11166666 -0.11166667 -0.11166667 -0.11166667 0.17666667 0.17666667
0.0036289484 0.0033333333 0.0033333333 0.0033333302 -0.31333333 -0.17833682 -0.17833333 -0.17833333 -0.17833333 -0.17833333 -0.34893867 -0.38666017 -0.38666665 0.045 0.045 0.045 0.045 0.045 0.026331731 -0.02 -0.02 -0.02 -0.02 -0.02 -0.1977146 -0.44499798 -0.445 -0.445 -0.445 -0.11333334 -0.23333333 -0.23333333 -0.23333333 -0.23333333 0.44 0.43999113 0.10333333 0.10333333 0.058895225 0.058333333 0.058333333 0.058333333 0.01 0.01 0.12409735 0.145 0.145 -0.11166667 -0.11166667 -0.11166667 -0.10857498 0.17666667 0.17666667
0.0033333333 0.0033333333 0.0033333333 -0.14578972 -0.31333333 -0.31333333 -0.17833333 -0.17833333 -0.17833333 -0.17833333 0.11166667 0.11166667 0.11166667 0.045 0.045 0.045 0.045 0.044987881 -0.17 -0.17 -0.020000061 -0.02 -0.025558955 -0.24833333 -0.25010384 -0.445 -0.445 -0.445 -0.445 -0.23335489 -0.23333333 -0.23333333 -0.23333333 -0.23333333 0.10333452 0.10333333 0.10333333 0.10333333 0.10315504 0.058333333 0.058333333 0.058333333 0.01 0.01 0.01 0.145 0.145 -0.11166666 -0.11166667 -0.11166667 0.17666667 0.17666667 0.17666667
0.0033333333 0.0033333333 0.0033333333 -0.31333333 -0.31333333 -0.31333333 -0.31333313 -0.17833333 -0.17833333 0.1113673 0.11166667 0.11166667 0.11166667 0.11162513 -0.014357644 -0.028333333 -0.028333333 -0.028333334 -0.17 -0.17 -0.17 -0.24833333 -0.24833333 -0.24833333 -0.24837302 -0.41615116 -0.445 -0.445 -0.445 -0.43068589 -0.46997672 -0.47 -0.47 -0.47 -0.042059994 -0.24499921 -0.245 -0.245 -0.245 -0.31828179 -0.31833333 -0.31833333 0.01 0.01 -0.10833284 -0.10833331 -0.038333333 -0.038333333 -0.041666667 -0.041666667 -0.041666667 0.17666667 -0.19799804
0.003332573 0.0033333333 0.0033333219 -0.31333333 -0.31333333 -0.31333333 -0.31333334 -0.70999985 -0.18045914 0.11092915 0.11166667 0.11166667 0.11166667 0.11139195 -0.028333333 -0.028333333 -0.028333333 -0.028333374 -0.17 -0.17 -0.17 -0.24833333 -0.24833333 -0.24833333 -0.39 -0.39 -0.57166666 -0.57166667 -0.57166667 -0.57111204 -0.47 -0.47 -0.47 -0.47 -0.35756184 -0.245 -0.245 -0.245 -0.245 -0.31833333 -0.31833333 -0.31833333 -0.31172593 -0.10833333 -0.10833333 -0.10833333 -0.038333333 -0.038333333 -0.041666667 -0.041666667 -0.041666667 -0.19833333 -0.19833333
-0.24166667 -0.14018776 -0.54 -0.53993424 -0.31333333 -0.7077049 -0.71 -0.71 -0.68510079 -0.70166667 -0.70166667 -0.70166667 -0.70166667 -0.036688314 -0.036666667 -0.02833334 -0.028333333 -0.032066042 -0.17 -0.17 -0.17 -0.43666667 -0.43666667 -0.43666667 -0.39 -0.39 -0.57166667 -0.57166667 -0.57166667 -0.57166671 -0.62666567 -0.62666623 -0.47393758 -0.47016796 -0.66477514 -0.665 -0.665 -0.665 -0.665 -0.31833333 -0.31833333 -0.31833333 -0.11989671 -0.10833333 -0.10833333 -0.10833335 -0.038333333 -0.038333333 -0.038333453 -0.041666667 -0.041677846 -0.29166667 -0.19833333
-0.43496329 -0.43500002 -0.54 -0.54 -0.54 -0.71 -0.71 -0.71 -0.64166667 -0.64166667 -0.70166667 -0.70166667 -0.70166667 -0.036666667 -0.036666667 -0.036666667 -0.036666667 -0.036681431 -0.17 -0.17 -0.17000001 -0.43666667 -0.43666667 -0.43666667 -0.39 -0.39 -0.57166667 -0.57166667 -0.57166667 -0.62604654 -0.62666667 -0.62666667 -0.62666667 -0.62666667 -0.66498108 -0.665 -0.665 -0.665 -0.665 -0.49666662 -0.49666667 -0.49666667 -0.49666667 -0.10833404 -0.2 -0.2 -0.2 -0.12833333 -0.12833333 -0.12833333 -0.29166667 -0.29166667 -0.29166667
-0.435 -0.435 -0.54 -0.54 -0.54 -0.70910645 -0.71 -0.64166667 -0.64166667 -0.64166667 -0.70165928 -0.70166667 -0.57365046 -0.036666783 -0.036666667 -0.036666667 -0.036666667 -0.34166667 -0.34166667 -0.34166667 -0.34333334 -0.3433334 -0.43666621 -0.43666667 -0.43668024 -0.48166667 -0.48166667 -0.48166688 -0.57165212 -0.82496047 -0.82499894 -0.82496537 -0.62700564 -0.62683783 -0.65830191 -0.66500018 -0.66656391 -1.1316667 -1.1316667 -0.49666667 -0.49666667 -0.49666667 -0.49666667 -0.2 -0.2 -0.2 -0.2 -0.12833333 -0.12833333 -0.12833333 -0.29166667 -0.29166667 -0.29166667
-0.435 -0.435 -0.54 -0.54 -0.54 -0.54 -0.68442483 -0.64166667 -0.64166667 -0.64166667 -0.64161327 -0.545 -0.545 -0.545 -0.039662392 -0.036666667 -0.33963422 -0.34166667 -0.34166667 -0.34166667 -0.34333333 -0.34333333 -0.34333333 -0.34333333 -0.48166667 -0.48166667 -0.48166667 -0.48166667 -0.48166667 -0.825 -0.825 -0.825 -0.825 -0.82500006 -0.85333333 -1.1316667 -1.1316667 -1.1316667 -1.1316667 -1.1316642 -0.44166667 -0.44166667 -0.44166667 -0.33590762 -0.11666667 -0.11666667 -0.11666667 -0.12833333 -0.12833347 -0.26666667 -0.26666667 -0.11337672 -0.11333333
-0.435 -0.435 -0.50210237 -0.54 -0.54 -0.54000001 -0.88623191 -0.64243877 -0.64166667 -0.64166667 -0.54500001 -0.545 -0.545 -0.545 -0.545 -0.50330331 -0.34166667 -0.34166667 -0.34166667 -0.34166667 -0.34333332 -0.34333333 -0.34333333 -0.34333333 -0.48166667 -0.48166667 -0.48166667 -0.48166667 -0.48166667 -0.77327305 -0.825 -0.825 -0.825 -0.85333333 -0.85333333 -0.85354947 -1.1316667 -1.1316667 -0.81838663 -0.57500005 -0.44166667 -0.44166667 -0.44166667 -0.33748241 -0.11666667 -0.11666667 -0.11666667 -0.29333333 -0.26699893 -0.26666667 -0.26666667 -0.11333333 -0.11333333
-0.965 -0.965 -0.965 -0.64655918 -0.54070983 -0.88666667 -0.88666667 -0.88666667 -0.88666667 -0.57833334 -0.57833333 -0.545 -0.545 -0.545 -0.545 -0.54498711 -0.34166667 -0.34166667 -0.34166667 -0.34166667 -0.34260605 -0.34333333 -0.34333333 -0.33748861 -0.13610461 -0.48166667 -0.48166667 -0.48166667 -0.755 -0.755 -0.755 -0.75500029 -0.85333333 -0.85333333 -0.85333333 -0.85333333 -0.575 -0.575 -0.575 -0.575 -0.23666667 -0.23666667 -0.23666667 -0.18166777 -0.18166667 -0.18166667 -0.18166665 -0.29333333 -0.29333333 -0.26669916 -0.26666667 -0.11333238 -0.11333333
-0.965 -0.965 -0.965 -0.96500323 -1.025 -1.0048841 -0.88666667 -0.88666667 -0.88666667 -0.57833333 -0.57833333 -0.57833333 -0.57166667 -0.57166667 -0.57166667 -0.57166666 -0.34186817 -0.34166667 -0.34166667 -0.34166667 -0.34167975 -0.12000061 -0.12 -0.12 -0.12 -0.12000001 -0.38166667 -0.38166667 -0.755 -0.755 -0.755 -0.755 -0.8533332 -0.85333333 -0.85333333 -0.85331881 -0.57499999 -0.575 -0.575 -0.57424693 -0.23666667 -0.23666667 -0.23666667 -0.18166922 -0.18166667 -0.18166667 -0.18166667 -0.29333333 -0.29333333 -0.29333328 0.076666667 0.076666667 -0.078333333
-0.965 -0.965 -0.965 -1.0249999 -1.025 -1.025 -0.88666672 -0.88666667 -0.88666667 -0.57833333 -0.57833333 -0.57833333 -0.57166667 -0.57166667 -0.57166667 -0.56252752 -0.45166667 -0.45166667 -0.45166638 -0.34228797 -0.12 -0.12 -0.12 -0.12 -0.12 -0.12019692 -0.38166667 -0.38166667 -0.38166667 -0.755 -0.755 -0.75495387 -0.675 -0.675 -0.675 -0.49 -0.49 -0.40333333 -0.40333333 -0.40333333 -0.19833333 -0.23665464 -0.23666572 -0.11 -0.11 -0.11271609 -0.18166667 -0.29333333 -0.29333333 0.076666667 0.076666667 0.076666667 -0.078333333
