interpolatedSpi/02-06|21_2.tif
NCOLS 53
NROWS 52
XLLCORNER -116.03883
YLLCORNER 28.596182
DX 0.49850594
DY 0.49788537
NODATA_VALUE -9999
[rows 0 to 39 of 52, columns 0 to 52 of 53]
-0.552 -0.552 -0.45034359 -0.826 -0.806 -1.008 -1.076 -0.882 -0.86693075 -1.132 -1.162 -0.906 -1.3159195 -0.338 -0.906 -0.906 -0.906 -0.606 -0.424 -0.424 -0.424 -0.42400139 -0.568 -0.558 -0.558 -0.558 0.065993866 0.066 0.066 -0.348 -0.348 -0.348 -0.348 -0.8599999 -0.86 -0.86 -0.86 -0.86 -0.86 -0.85999996 0.57059029 0.58562042 -0.904 -0.904 -0.904 -0.904 -0.90293833 -0.254 -0.254 -0.254 1.199997 1.2 1.2
-0.55202906 -1.206 -0.92399977 -1.0067577 -0.95009257 -0.664 -0.636 -1.0481148 -1.174 -1.33 -1.162 -1.316 -1.316 -0.67287962 -0.33800908 -0.906 -0.606 -0.606 -0.4242373 -0.424 -0.424 -0.424 -0.57747572 -0.558 -0.558 -0.558 -0.71999999 -0.72 -0.348 -0.348 -0.348 -0.348 -0.348 -0.85999993 -0.86 -0.86 -0.86 -0.86 -0.85999998 -0.82755972 -0.68199822 -0.87706196 -0.904 -0.904 -0.904 -0.904 -0.904 -0.254 -0.254 -0.254 -0.13343293 1.2 1.2
-1.117984 -1.118 -0.726 -0.56 -0.904 -1.08 -0.634 -0.964 -1.188 -1.252 -0.898 -1.28 -0.63 -1.204 -0.674 -1.462 -0.606 -0.606 -0.606 -0.97384011 -0.974 -0.974 -0.928 -0.558 -0.558 -0.558 -0.72 -0.72 -0.72 -0.348 -0.348 -0.34800003 -0.62432364 -0.85939548 -0.85694702 -0.53500562 -0.532 -0.532 -0.55086605 -0.682 -0.682 -0.68228388 -0.904 -0.904 -0.904 -0.904 -0.904 -0.254 -0.254 -0.254 -0.254 1.2 1.2
-0.402 -1.118 -1.2220423 -0.368 -1.05 -0.98 -0.834 -1.046 -1.166 -1.038795 -1.044 -1.632 -1.45 -1.204 -1.162 -1.462 -1.5969595 -1.5973049 -1.608 -0.974 -0.974 -1.604 -0.928 -0.928 -0.558 -0.55800081 -0.72 -0.72 -0.72 -0.88 -0.90304446 -0.922 -0.922 -0.92199969 -0.532 -0.532 -0.532 -0.532 -0.682 -0.682 -0.682 -0.68200001 -0.904 -0.904 -0.904 -0.904 -0.904 -0.2540082 -0.254 -0.254 -0.254 1.1999519 1.2
-0.402 0.067997634 -1.222 -1.453491 -1.05 -0.86 -1.2239849 -0.888 -0.834 -1.1739999 -1.4706426 -1.613886 -0.818 -1.162 -1.162 -1.3648662 -1.598 -1.598 -1.608 -1.608 -0.97400123 -1.604 -1.332 -0.722 -0.386 -0.38599868 -0.72 -0.72 -0.88 -0.88 -0.922 -0.922 -0.922 -0.83337069 -0.532 -0.532 -0.532 -0.682 -0.682 -0.682 -0.682 -0.68198745 -0.90399999 -0.904 -0.904 -0.904 -0.904 -0.89821419 -0.254 -0.2540009 -0.274 -0.274 -0.274
-1.3 -0.618 -0.72200001 -1.046 -1.556 -1.23 -1.364 -1.3030584 -0.988 -0.716 -0.678 -0.49 -0.49000022 -0.834 -0.834 -1.2220386 -1.222 -0.974 -0.974 -1.6079993 -1.328 -1.328 -0.722 -0.386 -0.386 -0.38 -0.7 -0.7 -0.25205723 -0.88 -0.922 -0.922 -0.452 -0.45204681 -0.89996794 -0.992 -0.992 -0.77790558 -0.682 -0.682 -0.55216214 -0.552 -0.55199998 -1.3244446 -1.3319527 -1.3319999 -1.332 -1.3319998 -0.97221481 -0.274 -0.274 -0.274 -0.274
0.054001023 -0.412 0.22893518 -0.472 -0.84 -1.528 -0.97799999 -0.878 -0.922 -0.922 -0.678 -0.902 -0.41400012 -0.834 -1.3819984 -1.382 -1.222 -1.376 -0.788 -0.788 -1.2846436 -1.236 -1.236 -0.168 -0.38 -0.38 -0.7 -0.7 -0.25200909 -0.25216738 -0.76290024 -0.452 -0.452 -0.9 -0.9 -1.0486426 -0.992 -0.992 -0.86200451 -0.55200043 -0.552 -0.552 -0.55200128 -1.3319999 -1.332 -1.332 -1.332 -1.3319999 -1.116 -0.27416686 -0.274 -0.274 -0.274
0.054 0.474 0.372 -1.102 -1.3479859 -1.206 -1.078 -1.224 -1.346 -1.202 -1.202 -0.86 -0.414 -0.414 -1.3753586 -1.6060462 -1.628 -0.876 -0.96599982 -0.788 -0.45586779 -0.454 -0.712 -0.094000003 -0.09400307 -0.332 -0.43 -0.4300001 -0.40745335 -0.40800001 -0.764 -1.0418156 -0.626 -0.9 -0.90986833 -1.096 -1.096 -0.862 -0.862 -0.552 -0.552 -0.552 -1.3183281 -1.322 -1.332 -1.332 -1.332 -1.1160082 -1.116 -1.116 -0.274 -0.274 -0.274
0.1244474 0.474 0.426 -0.166 -1.264 -1.25 -1.374 -1.318 -1.398 -1.1348456 -0.97 -0.816 -0.816 -0.858 -0.85800231 -1.3009142 -1.3 -1.3 -0.88973864 -0.70799995 -0.476 -0.476 -0.622 -0.67653248 -0.30801588 -0.332 -0.16 -0.43 -0.76802426 -0.77 -1.158 -0.664 -0.85538765 -1.31 -1.246 -1.412 -1.468 -1.18 -1.1000369 -0.55188394 -0.526 -0.836 -1.3219153 -1.322 -1.3220563 -1.332 -1.392 -1.116 -1.116 -1.116 -1.116 -0.26005517 -0.306
-1.83 -1.83 0.364 -0.464 -1.152 -1.302 -1.034 -1.216 -1.416 -1.0680064 -1.186 0.11 -0.858 -0.858 -1.104 -1.1066882 -1.3 -1.2999811 -1.162 -0.708 -0.708 -0.67811062 -0.622 -0.65999928 -0.66 -0.66 -0.16 -0.22 -0.22 -0.77 -0.77 -0.66472071 -1.044 -1.31 -0.698 -1.412 -1.468 -1.07 -1.1 -0.8914359 -0.83599999 -0.82351046 -0.802 -1.322 -1.322 -1.392 -1.392 -1.392 -1.116 -1.116 -0.162 -0.162 -0.16200005
-1.83 -1.83 -0.426 -1.328 -1.064 -0.804 -1.166 -0.91814126 -0.948 -0.872 -1.028 -0.52 0.10915985 -1.104 -1.104 -1.1040701 -1.712 -1.6831334 -1.162 -1.072 -1.072 -0.908 -0.908 -0.66 -0.66 -0.66 -0.22 -0.22 -0.22 -1.768 -1.768 -1.7679988 -1.046 -1.046 -1.42 -1.862 -1.204 -2.2659941 -1.414 -0.888 -0.888 -0.38200138 -0.802 -1.322 -1.1480001 -1.264 -0.79458406 -0.792 -0.774 -0.774 -0.162 -0.162 -0.162
-1.83 -1.223957 -0.81091557 -0.99599831 -0.196 -1.356 -1.166 -0.918 -0.94799975 -0.87284199 -0.52000046 -0.52 -0.754 -1.104 -1.104 -1.712 -1.712 -1.7119687 -1.162 -1.072 -1.0397937 -0.908 -0.908 -0.66001026 -0.66 -0.6935294 -0.762 -0.762 -0.76199993 -1.768 -1.768 -1.538 -1.538 -1.046001 -1.42 -1.4560002 -1.262369 -2.266 -2.266 -0.88799998 -0.382 -0.382 -0.38200561 -1.148 -1.148 -1.264 -0.792 -0.792 -0.774 -0.774 -0.162 -0.162 -0.162
-2.204 -0.77397417 -0.79001888 -0.79148202 -0.19600599 -1.3559726 -1.166 -0.92105274 -0.94593269 -0.94601544 -0.754 -0.754 -0.754 -0.754 -1.1039504 -1.712 -1.712 -1.7048986 -1.162 -1.0720376 -1.2 -1.2 -1.2 -1.2 -0.6692193 -0.762 -0.762 -0.762 -0.762 -0.76271018 -1.538 -1.538 -1.538 -1.538 -1.456 -1.456 -1.456 -2.2261301 -2.2592105 -1.362 -1.362 -0.38205271 -0.93400733 -1.1479794 -1.148 -1.264 -0.792 -0.792 -0.774 -0.774 -0.16422027 -0.162 -0.056074108
-2.204 -0.79 -0.79 -0.79 -0.79 -0.79000023 -1.1664862 -1.0486595 -0.9404173 -0.75420705 -0.754 -0.754 -0.754 -0.754 -0.7540001 -1.712 -1.7119999 -1.6742738 -1.1620078 -1.2 -1.2 -1.2 -1.2 -1.2 -1.2050566 -1.0879913 -1.2079999 -1.208 -1.208 -1.208 -1.538 -1.538 -1.5379997 -1.298 -1.298 -1.456 -1.1993414 -1.192 -1.3619999 -1.362 -1.362 -1.362 -0.934 -0.934 -0.934 -0.9362965 -0.54571161 -0.544 -0.544 -0.544 -0.544 -0.078000017 -0.078
-1.512 -0.79 -0.79 -0.79 -0.79 -0.79 -0.79000003 -1.0305529 -0.88824067 -0.888 -0.888 -0.888 -0.888 -0.888 -0.888 -0.69607037 -1.6957642 -1.6366864 -1.1999954 -1.2 -1.2 -1.2 -1.2 -1.1999996 -1.434 -1.434 -1.4339997 -1.208 -1.208 -1.2087169 -1.566 -1.566 -1.298 -1.298 -1.298 -1.20898 -1.192 -1.192 -1.192 -1.362 -1.362 -1.362 -0.934 -0.934 -0.934 -0.934 -0.544 -0.544 -0.544 -0.544 -0.544 -0.078 -0.078
-1.512 -1.2432076 -0.79 -0.79 -0.79 -0.79 -0.83799058 -0.838 -0.838 -0.888 -0.888 -0.888 -0.888 -0.888 -0.84476103 -0.692 -0.692 -0.692 -0.8929375 -0.89200031 -0.892 -0.892 -0.892 -0.892 -1.434 -1.434 -1.434 -1.434 -1.208 -1.566 -1.566 -1.566 -1.298 -1.298 -1.298 -1.116 -1.1918994 -1.192 -1.192 -1.361878 -1.118475 -0.55043287 -0.934 -0.934 -0.36575905 -0.364 -0.364 -0.54328342 -0.10952362 -0.10800004 -0.10800008 0.089974522 -0.077999658
-1.512 -1.3193175 -1.0551681 -0.79 -0.79 -0.83797164 -0.838 -0.838 -0.838 -0.83836031 -0.888 -0.888 -0.888 -0.88799998 -0.692 -0.692 -0.692 -0.692 -0.89182134 -0.892 -0.892 -0.892 -0.892 -0.892 -1.434 -1.434 -1.434 -1.434 -1.4344801 -1.566 -1.566 -1.566 -1.7 -1.2979912 -1.116 -1.116 -1.116 -1.1133235 -0.5887792 -0.548 -0.548 -0.548 -0.666 -0.666 -0.364 -0.364 -0.364 -0.108 -0.108 -0.108 -0.108 0.09 0.09
-1.3139702 -1.314 -1.314 -1.314 -0.942 -0.83800268 -0.838 -0.838 -0.838 -0.838 -0.86755877 -0.88799648 -0.88799999 -0.692 -0.692 -0.692 -0.692 -0.692 -0.69076049 -0.892 -0.892 -0.892 -0.892 -0.892 -1.1268578 -1.0920019 -1.092 -1.092 -1.092 -1.566 -1.7 -1.7 -1.7 -1.7 -1.116 -1.1159936 -0.872 -0.872 -0.55204562 -0.548 -0.548 -0.548 -0.666 -0.666 -0.41076 -0.364 -0.364 -0.108 -0.108 -0.108 -0.10587693 0.09 0.09
-1.314 -1.314 -1.314 -1.1388197 -0.942 -0.942 -0.838 -0.838 -0.838 -0.838 -0.618 -0.618 -0.618 -0.692 -0.692 -0.692 -0.692 -0.69188663 -0.424 -0.424 -0.89199981 -0.892 -0.90110533 -1.266 -1.2644335 -1.092 -1.092 -1.092 -1.092 -1.6999381 -1.7 -1.7 -1.7 -1.7 -0.87200086 -0.872 -0.872 -0.872 -0.8708362 -0.548 -0.548 -0.548 -0.666 -0.666 -0.666 -0.364 -0.364 -0.10800001 -0.108 -0.108 0.09 0.09 0.09
-1.314 -1.314 -1.314 -0.942 -0.942 -0.942 -0.94199984 -0.838 -0.838 -0.6182271 -0.618 -0.618 -0.618 -0.61804609 -0.13673623 -0.006 -0.006 -0.006000002 -0.424 -0.424 -0.424 -1.266 -1.266 -1.266 -1.2656358 -0.50138563 -1.092 -1.092 -1.092 -0.95563113 -0.80208832 -0.802 -0.802 -0.802 -0.69668105 -0.45000096 -0.45 -0.45 -0.45 -0.34002846 -0.34 -0.34 -0.666 -0.666 -0.65600004 -0.65599999 -0.638 -0.638 -0.452 -0.452 -0.452 0.09 -0.36559228
-1.3139979 -1.314 -1.314 -0.942 -0.942 -0.942 -0.942 -0.78200002 -0.83777609 -0.61801995 -0.618 -0.618 -0.618 -0.61679909 -0.006 -0.006 -0.006 -0.0060001201 -0.424 -0.424 -0.424 -1.266 -1.266 -1.266 0.034 0.034 -0.164 -0.164 -0.164 -0.16748049 -0.802 -0.802 -0.802 -0.802 -0.62609663 -0.45 -0.45 -0.45 -0.45 -0.34 -0.34 -0.34 -0.34994257 -0.656 -0.656 -0.656 -0.638 -0.638 -0.452 -0.452 -0.452 -0.366 -0.366
-0.638 -0.9520485 -0.982 -0.9819884 -0.942 -0.78292575 -0.782 -0.782 -0.7922026 -0.64 -0.64 -0.64 -0.64 0.24997103 0.25 -0.0059998035 -0.006 -0.017013686 -0.424 -0.424 -0.424 -0.202 -0.202 -0.202 0.034 0.034 -0.164 -0.164 -0.164 -0.16400003 -0.20200381 -0.20200169 -0.7869199 -0.80135676 -0.37248865 -0.372 -0.372 -0.372 -0.372 -0.34 -0.34 -0.34 -0.63860001 -0.656 -0.656 -0.65600001 -0.638 -0.638 -0.6379933 -0.452 -0.45202066 -0.914 -0.366
-0.79996924 -0.80000003 -0.982 -0.982 -0.982 -0.782 -0.782 -0.782 -0.81 -0.81 -0.64 -0.64 -0.64 0.25 0.25 0.25 0.25 0.24992423 -0.424 -0.424 -0.42399999 -0.202 -0.202 -0.202 0.034 0.034 -0.164 -0.164 -0.164 -0.20157155 -0.202 -0.202 -0.202 -0.202 -0.37191612 -0.372 -0.372 -0.372 -0.372 -0.28400001 -0.284 -0.284 -0.284 -0.65600023 -0.686 -0.686 -0.686 -0.934 -0.934 -0.934 -0.914 -0.914 -0.914
-0.8 -0.8 -0.982 -0.982 -0.982 -0.78305124 -0.782 -0.81 -0.81 -0.81 -0.64002093 -0.64 -0.4847463 0.24999984 0.25 0.25 0.25 -0.081999999 -0.082 -0.082 0.18999999 0.18999971 -0.20199809 -0.202 -0.20168237 0.222 0.222 0.22199908 -0.16393762 0.26390713 0.26399752 0.26391864 -0.20120356 -0.20159785 -0.34141839 -0.3719998 -0.37024396 0.152 0.152 -0.284 -0.284 -0.284 -0.284 -0.686 -0.686 -0.686 -0.686 -0.934 -0.934 -0.934 -0.914 -0.914 -0.914
-0.8 -0.8 -0.982 -0.982 -0.982 -0.982 -0.79247958 -0.81 -0.81 -0.81 -0.80980114 -0.45 -0.45 -0.45 0.24587474 0.25 -0.079787634 -0.082 -0.082 -0.082 0.19 0.19 0.19 0.19 0.222 0.222 0.222 0.222 0.222 0.264 0.264 0.264 0.264 0.26400062 0.556 0.152 0.152 0.152 0.152 0.15199901 -0.092 -0.092 -0.092 -0.28269269 -0.678 -0.678 -0.678 -0.93399999 -0.93399942 -0.334 -0.334 -0.22416786 -0.224
-0.8 -0.8 -0.91631078 -0.982 -0.982 -0.982 -1.0236203 -0.81067441 -0.81 -0.81 -0.45000007 -0.45 -0.45 -0.45 -0.45 -0.39256851 -0.082 -0.082 -0.082 -0.082 0.1899979 0.19 0.19 0.19 0.222 0.222 0.222 0.222 0.222 0.58027335 0.264 0.264 0.264 0.556 0.556 0.55568628 0.152 0.152 0.52568493 0.81599994 -0.092 -0.092 -0.092 -0.27833297 -0.678 -0.678 -0.678 0.31 -0.32597582 -0.334 -0.334 -0.224 -0.224
-0.316 -0.316 -0.316 -0.81501549 -0.98184172 -1.024 -1.024 -1.024 -1.024 -0.786 -0.786 -0.45000002 -0.45 -0.45 -0.45 -0.44997667 -0.082 -0.082 -0.082 -0.082 0.071308023 0.19 0.19 0.20842397 0.86407659 0.222 0.222 0.222 0.692 0.692 0.692 0.6919982 0.556 0.556 0.556 0.556 0.816 0.816 0.816 0.816 0.084 0.084 0.084 -0.13199566 -0.132 -0.132 -0.13200017 0.31 0.31 -0.33321532 -0.334 -0.22399561 -0.224
-0.316 -0.316 -0.316 -0.31602994 -0.872 -0.8941033 -1.024 -1.024 -1.024 -0.786 -0.786 -0.786 -0.32800001 -0.328 -0.328 -0.32800001 -0.082981857 -0.082 -0.082 -0.082 -0.077837079 0.89399807 0.894 0.894 0.894 0.894 1.03 1.03 0.692 0.692 0.692 0.692 0.55600036 0.556 0.556 0.5560404 0.81599999 0.816 0.816 0.81458744 0.084 0.084 0.084 -0.13198998 -0.132 -0.132 -0.132 0.31 0.31 0.31000004 0.646 0.646 0.484
-0.316 -0.316 -0.316 -0.87199872 -0.872 -0.872 -1.0239999 -1.024 -1.024 -0.786 -0.786 -0.786 -0.328 -0.328 -0.328 -0.35008627 -0.618 -0.618 -0.61799862 -0.08502746 0.894 0.894 0.894 0.894 0.894 0.89410235 1.03 1.03 1.03 0.692 0.692 0.69194722 1.052 1.052 1.052 0.286 0.286 0.494 0.494 0.494 0.18 0.084030112 0.08400197 0.348 0.348 0.32980855 -0.13199798 0.31 0.31 0.646 0.646 0.646 0.484
-0.316 -0.316 -0.316 -0.872 -0.872 -0.872 -0.872 -1.024 -1.024 -0.786 -0.786 -0.34631339 -0.328 -0.328 -0.328 -0.618 -0.618 -0.618 -0.618 -0.618 0.894 0.894 0.894 0.894 0.894 1.0299995 1.03 1.03 1.03 0.61 0.61 0.61 1.052 1.052 1.052 0.286 0.286 0.494 0.494 0.18 0.18 0.18 0.348 0.348 0.348 0.348 0.36245793 0.524 0.524 0.524 0.646 0.486 0.486
-0.316 -0.316 -0.31677425 -0.872 -0.872 -0.872 -0.872 -1.0871547 -1.098 -1.0974643 -0.78599999 -0.32802328 -0.328 -0.328 -0.328001 -0.618 -0.618 -0.618 -0.618 -0.618 0.18041045 0.894 0.894 0.894 0.89398847 1.0299892 1.03 1.03 1.03 0.61 0.61 0.61 0.61006464 1.052 0.286 0.286 0.286 0.2860087 0.49397859 0.18 0.18 0.18 0.3479898 0.348 0.348 0.348 0.52400259 0.524 0.524 0.524 0.486 0.486 0.486
-0.732 -0.73199927 -0.87170264 -0.872 -0.872 -0.872 -1.0979519 -1.098 -1.098 -1.098 -0.60600001 -0.606 -0.606 -0.606 -0.61794457 -0.618 -0.618 -0.618 -0.618 0.14999954 0.15 0.15 0.83800001 0.838 0.838 0.838 0.85457207 1.03 0.71201302 0.712 0.712 0.712 0.712 0.482 0.482 0.482 0.482 0.482 0.716 0.716 0.716 0.716 0.716 0.78334276 0.784 0.784 0.784 0.524 0.524 0.524 0.48600599 0.486 0.486
-0.732 -0.732 -0.73055997 -0.56000063 -0.56000007 -0.56052467 -1.098 -1.098 -1.098 -1.098 -0.606 -0.606 -0.606 -0.606 -0.606 -0.618 -0.618 -0.618 0.14999981 0.15 0.15 0.15 0.838 0.838 0.838 0.838 0.838 0.83804049 0.71188492 0.712 0.712 0.712 0.71195377 0.36861968 0.4818826 0.482 0.482 0.482 0.716 0.716 0.716 0.716 0.716 0.784 0.784 0.784 0.784 0.66241892 0.524 0.20163716 0.198 -0.04 -0.04
-0.732 -0.732 -0.56002179 -0.56 -0.56 -0.56 -0.69664973 -1.098 -1.098 -1.098 -0.606 -0.606 -0.606 -0.606 -0.606 -0.61798957 -0.618 0.14977483 0.15 0.15 0.15 0.15 0.58312594 0.838 0.838 0.838 0.838 0.83769967 0.414 0.414 0.414 0.414 0.414 0.282 0.282 0.282 0.282 0.282 0.472 0.472 0.472 0.472 0.472 0.7837363 0.78399994 0.784 0.78398169 0.78171281 0.198 0.198 0.198 -0.039998667 -0.04
-0.73199986 -0.65748169 -0.56000001 -0.56 -0.56 -0.56 -0.56 -1.0977709 -1.098 -1.098 -0.606 -0.606 -0.606 -0.606 -0.4769319 -0.474 -0.474 0.14998394 0.15 0.15 0.15 0.15 0.15000002 0.838 0.838 0.838 0.838 0.30200012 0.30200005 0.32583632 0.414 0.414 0.414 0.282 0.282 0.282 0.282 0.28190789 0.472 0.472 0.472 0.472 0.47199402 0.676 0.676 0.676 0.676 0.67596145 0.198 0.198 0.198 0.19799992 0.064438892
-0.656 -0.656 -0.64774084 -0.56 -0.56 -0.56 -0.56 -0.56 -1.0977694 -0.60200001 -0.602 -0.602 -0.60200949 -0.47400019 -0.474 -0.474 -0.474 -0.474 0.14999882 0.1399479 0.052 0.052 0.052 0.24908055 0.7845357 0.49845838 0.25714072 0.302 0.302 0.302 0.302 0.302 0.30491814 0.14667342 0.146 0.146 0.146 0.146 0.45734734 0.39400014 0.394 0.394 0.394 0.38600085 0.67599992 0.676 0.676 0.376 0.19800285 0.198 0.198 0.066 0.066
-0.656 -0.656 -0.72 -0.72 -0.72 -0.5600533 -0.56 -0.56 -0.602 -0.602 -0.602 -0.602 -0.602 -0.47400001 -0.474 -0.474 -0.474 -0.474 0.052 0.052 0.052 0.052 0.052 0.16999999 0.17 0.17 0.17 0.302 0.302 0.302 0.302 0.302 0.206 0.206 0.146 0.146 0.146 0.27997718 0.28 0.394 0.394 0.394 0.39399996 0.386 0.386 0.386 0.376 0.376 0.376 0.224 0.224 0.066 0.066
-0.656 -0.656 -0.72 -0.72 -0.72 -0.72 -0.71999944 -0.618 -0.60201506 -0.602 -0.602 -0.602 -0.602 -0.47559668 -0.474 -0.474 -0.474 -0.474 0.05199999 0.052 0.052 0.052 0.052 0.17 0.17 0.17 0.17 0.17000055 0.302 0.302 0.302 0.20600503 0.206 0.206 0.206 0.146 0.28 0.28 0.28 0.28299955 0.19505 0.158 0.158 0.386 0.386 0.386 0.376 0.376 0.376 0.224 0.224 0.224 0.28337192
-1.054 -1.0539969 -0.72 -0.72 -0.72 -0.72 -0.618 -0.618 -0.618 -0.602 -0.602 -0.602 -0.602 -0.60196021 -0.474 -0.474 -0.474 -0.474 0.051990671 0.052 0.052 0.051999998 0.14920837 0.17 0.17 0.17 0.17 0.35799985 0.358 0.358 0.30259744 0.206 0.206 0.206 0.20599984 0.038000002 0.28 0.28 0.28 0.28 0.158 0.158 0.158 0.37 0.37 0.37 0.35400214 0.376 0.376 0.224 0.224 0.224 0.30600019
-1.054 -1.054 -0.72 -0.72 -0.72 -0.618 -0.618 -0.618 -0.618 -0.60375207 -0.602 -0.602 -0.602 -0.60199953 -0.53799263 -0.538 -0.538 -0.538 -0.27784414 -0.098 -0.098 -0.098 -0.098 0.17 0.17 0.17 0.1700124 0.358 0.358 0.358 0.358 0.20602157 0.11150486 0.038 0.038 0.038 0.27949897 0.14600279 0.146 0.146 0.15831175 0.55599999 0.556 0.37 0.37 0.36999993 0.354 0.354 0.232 0.232 0.232 0.39 0.374
