interpolatedSpi/02-04|23_2.tif
NCOLS 53
NROWS 52
XLLCORNER -116.03883
YLLCORNER 28.596182
DX 0.49850594
DY 0.49788537
NODATA_VALUE -9999
[rows 0 to 39 of 52, columns 0 to 52 of 53]
-0.955 -0.955 -1.6671368 -1.9625 -0.835 -1.11 -0.965 -0.655 -1.0192654 -0.5425 -0.405 -0.6425 -0.83997859 -0.58 -0.58 -0.58 -0.58 -0.615 -1.3225 -1.3225 -1.3225 -1.3224932 -0.61250001 -1.35 -1.35 -1.35 -0.27499873 -0.275 -0.275 -1.37 -1.37 -1.37 -1.37 -2.5124998 -2.5125 -2.5125 -2.5125 -2.5125 -2.5125 -2.5124999 0.23292813 0.26182307 -2.395 -2.395 -2.395 -2.395 -2.3932482 -1.3225 -1.3225 -1.3225 0.19249685 0.1925 0.1925
-0.95503144 -1.6625 -1.4424998 -1.3743371 -1.4322396 -1.145 -1.535 -1.2647679 -1.14 -1.01 -0.9375 -0.84 -0.84 -1.0858078 -0.58000613 -0.58 -0.615 -0.615 -1.3215775 -1.3225 -1.3225 -1.3225 -1.3340773 -1.35 -1.35 -1.35 -1.7575 -1.7575 -1.37 -1.37 -1.37 -1.37 -1.37 -2.5124998 -2.5125 -2.5125 -2.5125 -2.5125 -2.5124999 -2.3126637 -1.3175571 -2.264254 -2.395 -2.395 -2.395 -2.395 -2.395 -1.3225 -1.3225 -1.3225 -1.1968747 0.1925 0.1925
-0.50254421 -0.5025 -1.2425 -1.1075 -1.38 -1.2675 -1.62 -1.05 -1.5325 -1.48 -1.1725 -1.5175 -1.5275 -0.325 -1.0875 -2.2875 -0.615 -0.615 -0.615 -0.97010247 -0.97 -0.97 -1.0475 -1.35 -1.35 -1.35 -1.7575 -1.7575 -1.7575 -1.37 -1.37 -1.37 -1.666061 -2.5098624 -2.5023312 -1.4300111 -1.42 -1.42 -1.4071082 -1.3175 -1.3175 -1.3188779 -2.395 -2.395 -2.395 -2.395 -2.395 -1.3225 -1.3225 -1.3225 -1.3225 0.1925 0.1925
-0.1275 -0.50250012 -1.0776061 -0.7375 -1.485 -1.3475 -1.345 -1.6625 -1.43 -1.096745 -1.5325 -1.34 -1.45 -0.325 -1.5975 -2.2875 -1.3224405 -1.3145095 -1.5225 -0.97 -0.97 -1.4875 -1.0475 -1.0475 -1.35 -1.350002 -1.7575 -1.7575 -1.7575 -1.06 -1.5675269 -1.985 -1.985 -1.9849996 -1.42 -1.42 -1.42 -1.42 -1.3175 -1.3175 -1.3175 -1.3175 -2.395 -2.395 -2.395 -2.395 -2.395 -1.3225135 -1.3225 -1.3225 -1.3225 0.19246383 0.1925
-0.1275 0.10249784 -1.0775 -1.5720167 -1.485 -1.7675 -1.5050566 -2.075 -1.9025 -1.5425001 -1.4609985 -1.4224653 -1.18 -1.5975 -1.5975 -2.0438985 -1.315 -1.315 -1.5225 -1.5225 -0.97000105 -1.4875 -1.48 -0.8075 -1.315 -1.3148966 -1.7575 -1.7575 -1.06 -1.06 -1.985 -1.985 -1.985 -1.9581281 -1.42 -1.42 -1.42 -1.3175 -1.3175 -1.3175 -1.3175 -1.3174621 -2.395 -2.395 -2.395 -2.395 -2.395 -2.3854534 -1.3225 -1.3224817 -0.915 -0.915 -0.915
-1.5075 -0.495 -0.44499997 -1.225 -1.0525 -1.1825 -1.9 -1.922405 -1.43 -1.69 -1.35 -1.4175 -1.4174998 -0.705 -0.705 -0.87251147 -0.8725 -0.7725 -0.7725 -1.522499 -1.6625 -1.6625 -0.8075 -1.315 -1.315 -0.8725 -1.74 -1.74 -0.84502056 -1.06 -1.985 -1.985 -1.8425 -1.8424138 -1.0175592 -1.5475 -1.5475 -1.3886558 -1.3175 -1.3175 -0.92548953 -0.925 -0.9249987 -1.0098904 -0.98515583 -0.98500038 -0.98500005 -0.98500053 -0.90603641 -0.915 -0.915 -0.915 -0.915
-0.73501759 0.1375 -0.67860043 -0.29 -0.2175 -1.0825 -1.095 -1.5225 -1.66 -1.66 -1.35 -1.47 -1.4349999 -0.705 -0.91999936 -0.92 -0.8725 -0.8275 -0.3325 -0.3325 -1.5835631 -1.495 -1.495 -0.9575 -0.8725 -0.8725 -1.74 -1.74 -0.84504516 -0.84583151 -1.079171 -1.8425 -1.8425 -1.0175 -1.0175 -1.2261624 -1.5475 -1.5475 -1.7299937 -0.92500112 -0.925 -0.925 -0.92499327 -0.98500075 -0.985 -0.985 -0.985 -0.98499994 -0.89 -0.91499505 -0.915 -0.915 -0.915
-0.735 -1.21 -0.425 -0.8925 -0.58501763 -0.5825 -0.8975 -1.3675 -0.535 -1.14 -1.14 -1.16 -1.435 -1.435 -0.92353338 -1.0452291 -1.0575 -0.6025 0.019999639 -0.3325 -0.16171408 -0.0575 -1.7475 -0.26750001 -0.26751051 -1.0825 -0.95 -0.95000028 -1.6172843 -1.62 -1.0775 -0.92908687 -1.06 -1.0175 -1.0140062 -0.9575 -0.9575 -1.73 -1.73 -0.925 -0.925 -0.92499999 -1.1167517 -1.12 -0.985 -0.985 -0.985 -0.89000362 -0.89 -0.89 -0.915 -0.915 -0.915
-1.2331366 -1.21 -0.215 -0.69 -0.8075 -1.345 -0.8175 -0.36 -0.55 -0.15726198 -0.43 -1.4125 -1.4125 -0.6975 -0.69749821 -1.7829724 -1.785 -1.785 -0.50747443 -1.6424999 -1.285 -1.285 -2.05 -1.8667103 -1.0003695 -1.0825 -1.175 -0.95 -0.63185952 -0.63 -0.8925 -1.0425 -1.051314 -0.945 -0.895 -0.9125 -1.0275 -1.64 -1.0927528 -0.92255608 -0.3775 -0.625 -1.1199157 -1.12 -1.1192401 -0.985 -2.1174999 -0.89000001 -0.89 -0.89 -0.88999999 -0.69555564 0.2
-1.3625 -1.3625 -0.605 -1.0425 -1.07 -1.2 -0.5525 -0.5025 -0.13 -0.057503087 -0.2575 -0.1175 -0.6975 -0.6975 -0.5075 -0.52502149 -1.785 -1.7846747 -0.3325 -1.6425 -1.6425 -1.596442 -2.05 -1.0850183 -1.085 -1.085 -1.175 -0.7 -0.7 -0.63 -0.63 -1.0425332 -1.06 -0.945 -0.7225 -0.9125 -1.0275 -1.655 -1.0925 -0.63011725 -0.62499999 -0.61673486 -0.6025 -1.12 -1.12 -2.1175 -2.1175 -2.1175 -0.89 -0.89 0.8475 0.8475 0.84749976
-1.3625 -1.3625 -1.655 -1.58 -1.12 -1.01 -1.595 -0.60790247 -0.84 -1.165 -0.7025 -0.28 -0.11771719 -0.5075 -0.5075 -0.50750692 -0.5675 -0.5551661 -0.3325 -0.47 -0.47 -0.6475 -0.6475 -1.085 -1.085 -1.085 -0.7 -0.7 -0.7 -1.035 -1.035 -1.035 -0.5775 -0.5775 -1.285 -1.31 -0.045 -1.1400013 -0.79 -0.6225 -0.6225 -0.85749916 -0.6025 -1.12 -0.12750084 -1.0025 -0.25057519 -0.2425 0.4925 0.4925 0.8475 0.8475 0.8475
-1.3625 -1.4887928 -1.6229948 -1.7999794 -0.6725 -1.315 -1.595 -0.6075 -0.83999806 -1.1613994 -0.28000115 -0.28 0.1375 -0.5075 -0.5075 -0.5675 -0.5675 -0.56748663 -0.3325 -0.47 -0.50485739 -0.6475 -0.6475 -1.0849819 -1.085 -0.90502604 -0.5375 -0.5375 -0.53750002 -1.035 -1.035 -0.1125 -0.1125 -0.57750194 -1.285 -0.12000037 -0.24464061 -1.14 -1.14 -0.62250001 -0.8575 -0.8575 -0.85749468 -0.1275 -0.1275 -1.0025 -0.2425 -0.2425 0.4925 0.4925 0.8475 0.8475 0.8475
-0.9375 -1.0849837 -1.0375204 -1.0430076 -0.67250331 -1.3149848 -1.595 -0.61965556 -0.82397837 -0.84848661 0.1375 0.1375 0.1375 0.1375 -0.50740863 -0.5675 -0.5675 -0.56446578 -0.3325 -0.46991524 -0.18 -0.18 -0.18 -0.18 -1.0692306 -0.5375 -0.5375 -0.5375 -0.5375 -0.53759313 -0.1125 -0.1125 -0.1125 -0.1125 -0.12 -0.12 -0.12 -1.0909939 -1.1309122 0.07 0.07 -0.85745011 0.16498999 -0.12747183 -0.1275 -1.0025 -0.2425 -0.2425 0.4925 0.4925 0.8462121 0.8475 -0.072557797
-0.9375 -1.0375 -1.0375 -1.0375 -1.0375 -1.0375001 -1.5942831 -1.1277819 -0.78123423 0.1364392 0.1375 0.1375 0.1375 0.1375 0.13750003 -0.5675 -0.56749996 -0.5513806 -0.33250278 -0.18 -0.18 -0.18 -0.18 -0.18 -0.17432692 -0.060012626 0.17499985 0.175 0.175 0.175 -0.11249999 -0.1125 -0.11249944 0.355 0.355 -0.12 0.52893798 0.5475 0.070000276 0.07 0.07 0.07 0.165 0.165 0.165 0.15687526 1.1681031 1.1775 1.1775 1.1775 1.1775 0.65000004 0.65
-1.0975 -1.0375 -1.0375 -1.0375 -1.0375 -1.0375 -1.0375 -0.88844546 0.18749551 0.1925 0.1925 0.1925 0.1925 0.1925 0.1925 0.21200319 -0.55510088 -0.53532047 -0.18001925 -0.18 -0.18 -0.18 -0.18 -0.17999976 0.0825 0.0825 0.08250013 0.175 0.175 0.17551062 0.43 0.43 0.355 0.355 0.355 0.51666376 0.5475 0.5475 0.5475 0.07 0.07 0.07 0.165 0.165 0.165 0.165 1.1775 1.1775 1.1775 1.1775 1.1775 0.65 0.65
-1.0975 -1.0751627 -1.0375 -1.0375 -1.0375 -1.0375 0.29723798 0.2975 0.2975 0.1925 0.1925 0.1925 0.1925 0.1925 0.19691214 0.2125 0.2125 0.2125 0.021883714 0.022499793 0.0225 0.0225 0.0225 0.0225 0.0825 0.0825 0.0825 0.0825 0.175 0.43 0.43 0.43 0.35500001 0.355 0.355 0.925 0.54799982 0.5475 0.5475 0.070050372 0.17022219 0.40399876 0.165 0.165 1.6504018 1.655 1.655 1.1782083 1.6059973 1.6075 1.6074999 1.4723755 0.65000167
-1.0975 -0.32141856 -0.66429105 -1.0375 -1.0375 0.29671122 0.2975 0.2975 0.2975 0.29674334 0.1925 0.1925 0.1925 0.1925 0.2125 0.2125 0.2125 0.2125 0.022669723 0.0225 0.0225 0.0225 0.0225 0.0225 0.082499999 0.0825 0.0825 0.0825 0.083763977 0.43 0.43 0.43 0.425 0.35505967 0.925 0.925 0.925 0.92428486 0.41403562 0.405 0.405 0.405 1.3575 1.3575 1.655 1.655 1.655 1.6075 1.6075 1.6075 1.6075 1.4725 1.4725
-0.30041859 -0.3 -0.3 -0.29999999 0.4875 0.2975049 0.2975 0.2975 0.2975 0.2975 0.18663266 0.19249899 0.1925 0.2125 0.2125 0.2125 0.2125 0.2125 0.2274332 0.0225 0.0225 0.0225 0.0225 0.0225 0.087857199 0.14749965 0.1475 0.1475 0.1475 0.43 0.425 0.425 0.425 0.425 0.925 0.92499835 0.8625 0.8625 0.41071257 0.405 0.405 0.405 1.3575 1.3575 1.6089368 1.655 1.655 1.6075 1.6075 1.6075 1.6060524 1.4725 1.4725
-0.3 -0.3 -0.3 0.070845498 0.4875 0.4875 0.2975 0.2975 0.2975 0.2975 0.115 0.115 0.115 0.2125 0.2125 0.2125 0.2125 0.21253222 0.685 0.685 0.022500269 0.0225 0.037411797 0.635 0.63061125 0.1475 0.1475 0.1475 0.1475 0.42497174 0.425 0.425 0.425 0.425 0.86250022 0.8625 0.8625 0.8625 0.86087526 0.405 0.405 0.405 1.3575 1.3575 1.3575 1.655 1.655 1.6075 1.6075 1.6075 1.4725 1.4725 1.4725
-0.3 -0.3 -0.3 0.4875 0.4875 0.4875 0.48749971 0.2975 0.2975 0.11518839 0.115 0.115 0.115 0.11506075 0.37033737 0.4075 0.4075 0.4075 0.685 0.685 0.685 0.635 0.635 0.635 0.63502381 0.44779017 0.1475 0.1475 0.1475 0.55894032 0.59748303 0.5975 0.5975 0.5975 0.74900099 0.59000062 0.59 0.59 0.59 1.1049042 1.105 1.105 1.3575 1.3575 1.4149998 1.415 1.5475 1.5475 1.68 1.68 1.68 1.4725 1.3076475
-0.29999866 -0.3 -0.29999997 0.4875 0.4875 0.4875 0.4875 0.57249992 0.29859956 0.11504534 0.115 0.115 0.115 0.11557397 0.4075 0.4075 0.4075 0.40750008 0.685 0.685 0.685 0.635 0.635 0.635 0.72 0.72 0.8675 0.8675 0.8675 0.86602707 0.5975 0.5975 0.5975 0.5975 0.59375211 0.59 0.59 0.59 0.59 1.105 1.105 1.105 1.1147538 1.415 1.415 1.415 1.5475 1.5475 1.68 1.68 1.68 1.3075 1.3075
0.1325 -0.066793553 -0.09 -0.089832457 0.4875 0.57200819 0.5725 0.5725 0.7173405 0.16500002 0.165 0.165 0.165 0.9574742 0.9575 0.40750042 0.4075 0.41481172 0.685 0.685 0.685 0.655 0.655 0.655 0.72 0.72 0.8675 0.8675 0.8675 0.86749997 0.82749854 0.82749935 0.6032807 0.59774658 0.87468232 0.875 0.875 0.875 0.875 1.105 1.105 1.105 1.3979304 1.415 1.415 1.4149999 1.5475 1.5475 1.5475048 1.68 1.6799799 1.23 1.3075
0.1424981 0.14249996 -0.09 -0.09 -0.09 0.5725 0.5725 0.5725 0.97 0.97 0.165 0.165 0.165 0.9575 0.9575 0.9575 0.9575 0.95746767 0.685 0.685 0.685 0.655 0.655 0.655 0.72 0.72 0.8675 0.8675 0.8675 0.827951 0.8275 0.8275 0.8275 0.8275 0.87497656 0.875 0.875 0.875 0.875 1.1275 1.1275 1.1275 1.1275 1.414997 1.02 1.02 1.02 0.8075 0.8075 0.8075 1.23 1.23 1.23
0.1425 0.1425 -0.09 -0.09 -0.09 0.56901778 0.5725 0.97 0.97 0.97 0.1650991 0.165 0.91266912 0.95750003 0.9575 0.9575 0.9575 1.225 1.225 1.225 0.4575 0.45750015 0.65499904 0.655 0.65494859 0.5375 0.5375 0.53750079 0.86744667 0.42508021 0.42500214 0.42507027 0.82681209 0.82715265 0.8662778 0.8749998 0.8732825 0.3625 0.3625 1.1275 1.1275 1.1275 1.1275 1.02 1.02 1.02 1.02 0.8075 0.8075 0.8075 1.23 1.23 1.23
0.1425 0.1425 -0.09 -0.09 -0.09 -0.089999997 0.72127264 0.97 0.97 0.97 0.97006076 1.08 1.08 1.08 0.95822192 0.9575 1.2232174 1.225 1.225 1.225 0.4575 0.4575 0.4575 0.4575 0.5375 0.5375 0.5375 0.5375 0.5375 0.425 0.425 0.425 0.425 0.42499967 0.27 0.3625 0.3625 0.3625 0.3625 0.36250182 0.8175 0.8175 0.8175 0.83214463 0.8625 0.8625 0.8625 0.8075 0.80749961 0.41 0.41 0.84259427 0.8425
0.1425 0.1425 -0.0060838261 -0.09 -0.09 -0.089999964 1.5290063 0.97176481 0.97 0.97 1.0800001 1.08 1.08 1.08 1.08 1.0699806 1.225 1.225 1.225 1.225 0.45750594 0.4575 0.4575 0.4575 0.5375 0.5375 0.5375 0.5375 0.5375 0.48965869 0.425 0.425 0.425 0.27 0.27 0.27007183 0.3625 0.3625 0.1922595 0.060000029 0.8175 0.8175 0.8175 0.8307627 0.8625 0.8625 0.8625 0.495 0.41105909 0.41 0.41 0.8425 0.8425
1.2125 1.2125 1.2125 0.23657255 -0.087767014 1.53 1.53 1.53 1.53 1.545 1.545 1.08 1.08 1.08 1.08 1.0800092 1.225 1.225 1.225 1.225 0.7924121 0.4575 0.4575 0.45802341 0.48017173 0.5375 0.5375 0.5375 0.5125 0.5125 0.5125 0.51249963 0.27 0.27 0.27 0.27 0.06 0.06 0.06 0.06 0.64 0.64 0.64 0.52500231 0.525 0.525 0.52500011 0.495 0.495 0.41010357 0.41 0.84249744 0.8425
1.2125 1.2125 1.2125 1.2125116 1.4275 1.4424052 1.53 1.53 1.53 1.545 1.545 1.545 1.115 1.115 1.115 1.115 1.2251191 1.225 1.225 1.225 1.2133631 0.47749995 0.4775 0.4775 0.4775 0.4775 0.6 0.6 0.5125 0.5125 0.5125 0.5125 0.26999999 0.27 0.27 0.26999919 0.059999999 0.06 0.06 0.059912263 0.64 0.64 0.64 0.52500533 0.525 0.525 0.525 0.495 0.495 0.49499998 0.335 0.335 0.3675
1.2125 1.2125 1.2125 1.4274995 1.4275 1.4275 1.53 1.53 1.53 1.545 1.545 1.545 1.115 1.115 1.115 1.1283279 1.29 1.29 1.2899998 1.2253671 0.4775 0.4775 0.4775 0.4775 0.4775 0.47759219 0.6 0.6 0.6 0.5125 0.5125 0.51221357 0.26 0.26 0.26 -0.3375 -0.3375 0.04 0.04 0.04 0.315 0.63989806 0.63999782 0.3475 0.3475 0.35422705 0.52499948 0.495 0.495 0.335 0.335 0.335 0.3675
1.2125 1.2125 1.2125 1.4275 1.4275 1.4275 1.4275 1.53 1.53 1.545 1.545 1.1321938 1.115 1.115 1.115 1.29 1.29 1.29 1.29 1.29 0.4775 0.4775 0.4775 0.4775 0.4775 0.59999958 0.6 0.6 0.6 0.0675 0.0675 0.0675 0.26 0.26 0.26 -0.3375 -0.3375 0.04 0.04 0.315 0.315 0.315 0.3475 0.3475 0.3475 0.3475 0.3267578 0.095 0.095 0.095 0.335 0.175 0.175
1.2125 1.2125 1.2127994 1.4275 1.4275 1.4275 1.4275 1.42988 1.43 1.4301974 1.545 1.1150268 1.115 1.115 1.1150006 1.29 1.29 1.29 1.29 1.29 0.62140396 0.4775 0.4775 0.4775 0.47740011 0.59996582 0.6 0.6 0.6 0.0675 0.0675 0.0675 0.067525822 0.26 -0.3375 -0.3375 -0.3375 -0.33748466 0.040018754 0.315 0.315 0.315 0.34749803 0.3475 0.3475 0.3475 0.094996465 0.095 0.095 0.095 0.175 0.175 0.175
1.2725 1.2724999 1.4273815 1.4275 1.4275 1.4275 1.4299995 1.43 1.43 1.43 1.435 1.435 1.435 1.435 1.2906692 1.29 1.29 1.29 1.29 0.62750039 0.6275 0.6275 -0.0074999192 -0.0075 -0.0075 -0.0075 0.044935064 0.6 -0.17246836 -0.1725 -0.1725 -0.1725 -0.1725 -0.61 -0.61 -0.61 -0.61 -0.61 0.1125 0.1125 0.1125 0.1125 0.1125 -0.25908424 -0.26 -0.26 -0.26 0.095 0.095 0.095 0.1749874 0.175 0.175
1.2725 1.2725 1.2736094 1.405 1.405 1.4050244 1.43 1.43 1.43 1.43 1.435 1.435 1.435 1.435 1.435 1.29 1.29 1.29 0.62750017 0.6275 0.6275 0.6275 -0.0074999978 -0.0075 -0.0075 -0.0075 -0.0075 -0.0073716261 -0.17259557 -0.1725 -0.1725 -0.1725 -0.17253839 -0.60149648 -0.60999119 -0.61 -0.61 -0.61 0.1125 0.1125 0.1125 0.1125 0.1125 -0.26 -0.26 -0.26 -0.26 -0.093995063 0.095 0.82179966 0.83 0.775 0.775
1.2725 1.2725 1.4049832 1.405 1.405 1.405 1.4113499 1.43 1.43 1.43 1.435 1.435 1.435 1.435 1.435 1.290107 1.29 0.62769424 0.6275 0.6275 0.6275 0.6275 0.22773986 -0.0075 -0.0075 -0.0075 -0.0075 -0.0077922451 -0.42 -0.42 -0.42 -0.42 -0.42 -0.595 -0.595 -0.595 -0.595 -0.595 -0.4275 -0.4275 -0.4275 -0.4275 -0.42749999 -0.25760106 -0.2599995 -0.26 -0.25983346 -0.23980368 0.83 0.83 0.83 0.77500031 0.775
1.2724989 0.68419759 1.4049999 1.405 1.405 1.405 1.405 1.4299894 1.43 1.43 1.435 1.435 1.435 1.435 0.94610568 0.935 0.935 0.62750791 0.6275 0.6275 0.6275 0.6275 0.62749991 -0.0075 -0.0075 -0.0075 -0.0075 -0.68499973 -0.68499988 -0.62860156 -0.42 -0.42 -0.42 -0.595 -0.595 -0.595 -0.595 -0.59487809 -0.4275 -0.4275 -0.4275 -0.4275 -0.42744848 0.7225 0.7225 0.7225 0.7225 0.72250867 0.83 0.83 0.83 0.8300001 0.99422315
0.6725 0.6725 0.83749785 1.405 1.405 1.405 1.405 1.405 1.4299887 1.1675 1.1675 1.1675 1.1681348 0.93500072 0.935 0.935 0.935 0.935 0.6274979 0.60954981 0.4525 0.4525 0.4525 0.33275782 -0.057722825 -0.32645564 -0.55324192 -0.685 -0.685 -0.685 -0.685 -0.685 -0.67334581 -0.41601012 -0.415 -0.415 -0.415 -0.415 -0.30116846 0.24499879 0.245 0.245 0.245 0.8924995 0.72250004 0.7225 0.7225 1.1425 0.83000501 0.83 0.83 0.9975 0.9975
0.6725 0.6725 0.8725 0.8725 0.8725 1.4048226 1.405 1.405 1.1675 1.1675 1.1675 1.1675 1.1675 0.93500001 0.935 0.935 0.935 0.935 0.4525 0.4525 0.4525 0.4525 0.4525 -0.63499994 -0.635 -0.635 -0.635 -0.685 -0.685 -0.685 -0.685 -0.685 -0.505 -0.505 -0.415 -0.415 -0.415 0.36486717 0.365 0.245 0.245 0.245 0.2450001 0.8925 0.8925 0.8925 1.1425 1.1425 1.1425 1.2125 1.2125 0.9975 0.9975
0.6725 0.6725 0.8725 0.8725 0.8725 0.8725 0.87250059 0.98 1.1673235 1.1675 1.1675 1.1675 1.1675 0.93790023 0.935 0.935 0.935 0.935 0.45250001 0.4525 0.4525 0.4525 0.4525 -0.635 -0.635 -0.635 -0.635 -0.63500022 -0.685 -0.685 -0.685 -0.50500944 -0.505 -0.505 -0.505 -0.415 0.36499999 0.365 0.365 0.36184258 0.77398782 0.8725 0.8725 0.8925 0.8925 0.8925 1.1425 1.1425 1.1425 1.2125 1.2125 1.2125 0.66012066
0.83 0.82999876 0.8725 0.8725 0.8725 0.8725 0.98 0.98 0.98 1.1675 1.1675 1.1675 1.1675 1.1674277 0.935 0.935 0.935 0.935 0.45250819 0.4525 0.4525 0.45249999 -0.44343488 -0.635 -0.635 -0.635 -0.635 -0.8774998 -0.8775 -0.8775 -0.68705932 -0.505 -0.505 -0.505 -0.50499969 -0.185 0.365 0.365 0.365 0.365 0.8725 0.8725 0.8725 1.1875 1.1875 1.1875 1.3249822 1.1425 1.1425 1.2125 1.2125 1.2125 0.62500027
0.83 0.83 0.8725 0.8725 0.8725 0.98 0.98 0.98 0.98 1.1469413 1.1675 1.1675 1.1675 1.1674971 0.42255898 0.4225 0.4225 0.4225 -0.1493587 -0.355 -0.355 -0.355 -0.355 -0.635 -0.635 -0.635 -0.635016 -0.8775 -0.8775 -0.8775 -0.8775 -0.50496568 -0.32500926 -0.185 -0.185 -0.185 0.36575409 0.56749578 0.5675 0.5675 0.87264295 1.055 1.055 1.1875 1.1875 1.1875006 1.325 1.325 1.0725 1.0725 1.0725 0.685 0.7225
