interpolatedSpi/02-09|23_3.tif
NCOLS 53
NROWS 52
XLLCORNER -116.03883
YLLCORNER 28.596182
DX 0.49850594
DY 0.49788537
NODATA_VALUE -9999
[rows 0 to 34 of 52, columns 0 to 52 of 53]
0.015 0.015 -0.23732479 -0.135 0.11 0.1675 -0.0025 0.1725 -0.79763648 -0.59125 -0.3825 -0.46875 -0.85998405 -0.66625 -0.6525 -0.6525 -0.6525 -0.87375 -0.88375 -0.88375 -0.88375 -0.88374426 -0.28750001 -1.1225 -1.1225 -1.1225 -0.75375 -0.75375 -0.75375 -1.43125 -1.43125 -1.43125 -1.43125 -2.0824999 -2.0825 -2.0825 -2.0825 -2.0825 -2.0825 -2.0824999 0.40075242 0.42706268 -1.28875 -1.28875 -1.28875 -1.28875 -1.2881702 -0.93375 -0.93375 -0.93375 -0.0037519315 -0.00375 -0.00375
0.014969676 -0.6675 -0.19750013 -0.21474119 -0.13625689 -0.3275 -0.4475 -0.59212561 -0.8425 -0.80875 -0.55875 -0.86 -0.86 -0.91915388 -0.66625294 -0.6525 -0.87375 -0.87375 -0.88373696 -0.88375 -0.88375 -0.88375 -1.1351329 -1.1225 -1.1225 -1.1225 -0.93750001 -0.9375 -1.43125 -1.43125 -1.43125 -1.43125 -1.43125 -2.0824999 -2.0825 -2.0825 -2.0825 -2.0825 -2.0824999 -1.8440477 -0.59885807 -1.2050245 -1.28875 -1.28875 -1.28875 -1.28875 -1.28875 -0.93375 -0.93375 -0.93375 -0.85663351 -0.00375 -0.00375
0.34122704 0.34125 -0.31 -0.38125 -0.48375 0.11125 -0.51375 0.0775 -0.98375 -1.20625 -1.01375 -0.835 -1.19625 -1.11625 -0.92 -1.7825 -0.87375 -0.87375 -0.87375 -0.60008249 -0.6 -0.6 -1.3625 -1.1225 -1.1225 -1.1225 -0.9375 -0.9375 -0.9375 -1.43125 -1.43125 -1.43125 -1.515495 -2.0805748 -2.0754377 -1.3307028 -1.32375 -1.32375 -1.2325641 -0.59875001 -0.59875 -0.59963234 -1.28875 -1.28875 -1.28875 -1.28875 -1.28875 -0.93375 -0.93375 -0.93375 -0.93375 -0.00375 -0.00375
0.65875 0.34124986 -0.3376865 -0.29125 -1.17125 -0.81375 -0.66875 -1.06 -0.54125 -0.93061581 -1.15125 -1.27875 -1.23 -1.11625 -1.31125 -1.7825 -1.1957736 -1.1910275 -1.0475 -0.6 -0.6 -1.25125 -1.3625 -1.3625 -1.1225 -1.1224991 -0.9375 -0.9375 -0.9375 -1.27125 -1.455057 -1.60625 -1.60625 -1.6062498 -1.32375 -1.32375 -1.32375 -1.32375 -0.59875 -0.59875 -0.59875 -0.59875003 -1.28875 -1.28875 -1.28875 -1.28875 -1.28875 -0.93375448 -0.93375 -0.93375 -0.93375 -0.0038102235 -0.0037500007
0.65875 0.059999271 -0.3375 -1.081974 -1.17125 -1.42375 -1.3300431 -1.78125 -1.95625 -1.1837503 -1.2830326 -1.3224085 -0.68375 -1.31125 -1.31125 -1.6172732 -1.19125 -1.19125 -1.0475 -1.0475 -0.60000129 -1.25125 -1.02375 -0.335 -0.8575 -0.85745062 -0.9375 -0.9375 -1.27125 -1.27125 -1.60625 -1.60625 -1.60625 -1.5638209 -1.32375 -1.32375 -1.32375 -0.59875 -0.59875 -0.59875 -0.59875 -0.59881419 -1.28875 -1.28875 -1.28875 -1.28875 -1.28875 -1.2855901 -0.93375 -0.93379097 -1.8475 -1.8475 -1.8475
-1.1975 -0.59 -0.60374997 -0.7725 -0.8275 -1.46125 -1.85875 -1.8488278 -1.34375 -1.8175 -1.95625 -1.41125 -1.4112495 -1.4775 -1.4775 -0.86120986 -0.86125 -1.29 -1.29 -1.0474997 -1.185 -1.185 -0.335 -0.8575 -0.8575 -0.64625 -1.43 -1.43 -0.99252639 -1.27125 -1.60625 -1.60625 -1.38125 -1.3812104 -1.0025272 -1.0725 -1.0725 -0.74531538 -0.59875 -0.59875 -1.2629206 -1.26375 -1.2637484 -1.2224416 -1.2212575 -1.22125 -1.22125 -1.22125 -1.7016177 -1.8475 -1.8475 -1.8475 -1.8475
-0.21500493 -0.28125 -0.372861 -0.68 -0.8375 -1.58875 -1.31625 -1.68375 -2.05375 -2.05375 -1.95625 -1.89125 -1.7712499 -1.4775 -0.69500234 -0.695 -0.86125 -0.57125 -0.69375 -0.69375 -0.95525837 -0.6975 -0.6975 -0.725 -0.64625 -0.64625 -1.43 -1.43 -0.99254684 -0.99336236 -0.95759311 -1.38125 -1.38125 -1.0025 -1.0025 -1.1970864 -1.0725 -1.0725 -1.4224879 -1.2637502 -1.26375 -1.26375 -1.2637416 -1.221251 -1.22125 -1.22125 -1.22125 -1.2212503 -1.70375 -1.8474715 -1.8475 -1.8475 -1.8475
-0.215 -1.035 -0.4375 -1.4025 -0.86253096 -1.4075 -1.92125 -2.07625 -1.58 -1.90125 -1.90125 -1.25 -1.77125 -1.77125 -0.70238407 -0.96936554 -0.99625 -0.5675 -0.58375011 -0.69375 -0.55515868 -0.4675 -1.19125 -0.26 -0.2600128 -1.2525 -1.0625 -1.0625001 -1.7934335 -1.79625 -0.955 -1.1241116 -1.1075 -1.0025 -1.0099155 -1.30125 -1.30125 -1.4225 -1.4225 -1.26375 -1.26375 -1.26375 -1.3916213 -1.395 -1.22125 -1.22125 -1.22125 -1.7037316 -1.70375 -1.70375 -1.8475 -1.8475 -1.8475
-1.0753943 -1.035 -0.13625 -1.22 -0.975 -1.86375 -1.2975 -0.925 -1.61875 -1.0037262 -0.51 -1.41875 -1.41875 -0.7875 -0.78750009 -1.0087152 -1.00875 -1.00875 -0.56998059 -1.3975 -1.5 -1.5 -1.4525 -1.2942043 -1.1524822 -1.2525 -1.18125 -1.0625 -1.0239752 -1.02375 -1.12875 -1.1775 -1.0094058 -1.46125 -1.2625 -1.5175 -1.38125 -1.15875 -0.9288562 -1.2607649 -0.595 -0.87125 -1.3948993 -1.395 -1.394022 -1.22125 -1.7375 -1.70375 -1.70375 -1.70375 -1.70375 -1.6805044 -0.10875
-1.30125 -1.30125 -0.26625 -0.65 -1.42625 -0.9875 -1.03875 -1.575 -1.0775 -0.84753396 -1.22125 -0.4925 -0.7875 -0.7875 -0.7975 -0.80039739 -1.00875 -1.0086105 -0.3725 -1.3975 -1.3975 -1.4107054 -1.4525 -1.238754 -1.23875 -1.23875 -1.18125 -0.89125 -0.89125 -1.02375 -1.02375 -1.176867 -0.84375 -1.46125 -1.1425 -1.5175 -1.38125 -1.75 -0.92875 -0.61393623 -0.87124999 -0.83635276 -0.77625 -1.395 -1.395 -1.7375 -1.7375 -1.7375 -1.70375 -1.70375 -0.50625 -0.50625 -0.50624985
-1.30125 -1.30125 -1.06125 -1.34375 -1.20375 -0.56375 -1.6475 -0.74483798 -0.64375 -0.81125 -0.70125 -0.31625 -0.4922658 -0.7975 -0.7975 -0.79747823 -0.60875 -0.59635049 -0.3725 -0.39125 -0.39125 -0.385 -0.385 -1.23875 -1.23875 -1.23875 -0.89125 -0.89125 -0.89125 -1.095 -1.095 -1.0949996 -1.0925 -1.0925 -1.93625 -1.53875 -0.87 -1.1275058 -0.9225 -0.60875 -0.60875 -0.96624938 -0.77625 -1.395 -0.55000038 -0.845 -0.64597129 -0.64125 -0.66375 -0.66375 -0.50625 -0.50625 -0.50625
-1.30125 -1.197692 -1.1818028 -1.3287347 -0.755 -1.06625 -1.6475 -0.74375 -0.64375084 -0.8093943 -0.31625064 -0.31625 -0.09625 -0.7975 -0.7975 -0.60875001 -0.60875 -0.60873655 -0.3725 -0.39125 -0.39002263 -0.385 -0.385 -1.2387152 -1.23875 -0.99056673 -0.48375 -0.48375 -0.48375005 -1.095 -1.095 -0.38625 -0.38625 -1.0925023 -1.93625 -0.70125053 -1.0209329 -1.1275 -1.1275 -0.60875001 -0.96625 -0.96625 -0.96624696 -0.55 -0.55 -0.845 -0.64125 -0.64125 -0.66375 -0.66375 -0.50625 -0.50625 -0.50625
-0.6425 -0.7042774 -0.67002476 -0.67476442 -0.7550017 -1.0662427 -1.6475 -0.75487464 -0.65064102 -0.64812387 -0.09625 -0.09625 -0.09625 -0.09625 -0.79740066 -0.60875 -0.60875 -0.60569964 -0.3725 -0.39112259 0.04875 0.04875 0.04875 0.04875 -1.2163358 -0.48375 -0.48375 -0.48375 -0.48375 -0.48396964 -0.38625 -0.38625 -0.38625 -0.38625 -0.70125 -0.70125 -0.70125 -1.1077453 -1.1242705 -0.6975 -0.6975 -0.96623554 -0.65124653 -0.55000975 -0.55 -0.845 -0.64125 -0.64125 -0.66375 -0.66375 -0.50682139 -0.50625 -0.84226784
-0.6425 -0.67 -0.67 -0.67 -0.67 -0.67000016 -1.646012 -1.2198661 -0.66902567 -0.096843726 -0.09625 -0.09625 -0.09625 -0.09625 -0.096249605 -0.60875 -0.60874996 -0.59254486 -0.37250193 0.04875 0.04875 0.04875 0.04875 0.04875 0.057718886 -0.10269222 0.011249898 0.01125 0.01125 0.01125 -0.38624998 -0.38625 -0.38624916 0.31375 0.31375 -0.70125 0.080149098 0.1025 -0.69749954 -0.6975 -0.6975 -0.6975 -0.65125 -0.65125 -0.65125 -0.65259832 -0.057614799 -0.05375 -0.05375 -0.05375 -0.053750011 -0.40375002 -0.40375
-0.9175 -0.67 -0.67 -0.67 -0.67 -0.67 -0.67000006 -0.88966592 0.45767244 0.46375 0.46375 0.46375 0.46375 0.46375 0.46374999 0.6975333 -0.58792009 -0.57639918 0.048696956 0.04875 0.04875 0.04875 0.04875 0.048750503 0.46375 0.46375 0.46374936 0.01125 0.01125 0.012614163 0.6925 0.6925 0.31375 0.31375 0.31375 0.13634017 0.1025 0.1025 0.1025 -0.6975 -0.6975 -0.6975 -0.65125 -0.65125 -0.65125 -0.65125 -0.053750002 -0.05375 -0.05375 -0.05375 -0.05375 -0.40375 -0.40375
-0.9175 -0.82535856 -0.67 -0.67 -0.67 -0.67 0.47102601 0.47125 0.47125 0.46375 0.46375 0.46375 0.46375 0.46375 0.51641992 0.7025 0.7025 0.7025 0.47993344 0.48124956 0.48125 0.48125 0.48125 0.48125 0.46375 0.46375 0.46375 0.46375 0.01125 0.6925 0.6925 0.6925 0.31375003 0.31375 0.31375 0.58375 0.10313719 0.1025 0.1025 -0.69747009 -0.63841379 -0.50059028 -0.65125 -0.65125 -0.18145431 -0.18 -0.18 -0.053711667 -0.030082995 -0.030000002 -0.030000005 0.067428646 -0.40374904
-0.9175 -0.019775703 -0.32841893 -0.67 -0.67 0.4705757 0.47125 0.47125 0.47125 0.47119595 0.46375 0.46375 0.46375 0.46375003 0.7025 0.7025 0.7025 0.7025 0.48144764 0.48125 0.48125 0.48125 0.48125 0.48125 0.46375 0.46375 0.46375 0.46375 0.46458204 0.6925 0.6925 0.6925 0.795 0.31378908 0.58375 0.58375 0.58375 0.58140574 -0.46183051 -0.5 -0.5 -0.5 -0.42 -0.42 -0.18 -0.18 -0.18 -0.030000002 -0.03 -0.03 -0.03 0.0675 0.0675
0.004513122 0.005 0.005 0.0050000073 0.73875 0.4712569 0.47125 0.47125 0.47125 0.47125 0.448703 0.46374741 0.46374999 0.7025 0.7025 0.7025 0.7025 0.7025 0.70196313 0.48125 0.48125 0.48125 0.48125 0.48125 0.57801555 0.74749846 0.7475 0.7475 0.7475 0.69250001 0.795 0.795 0.795 0.795 0.58375 0.58374447 0.37375 0.37375 -0.48908993 -0.5 -0.5 -0.5 -0.42 -0.42 -0.21716026 -0.18 -0.18 -0.03 -0.03 -0.03 -0.028954546 0.0675 0.0675
0.005 0.005 0.005 0.35053382 0.73875 0.73875 0.47125 0.47125 0.47125 0.47125 0.265 0.265 0.265 0.7025 0.7025 0.7025 0.7025 0.70253264 0.96875 0.96875 0.4812502 0.48125 0.48949714 0.82 0.81934731 0.7475 0.7475 0.7475 0.7475 0.79499516 0.795 0.795 0.795 0.795 0.37375074 0.37375 0.37375 0.37375 0.37065264 -0.5 -0.5 -0.5 -0.42 -0.42 -0.42 -0.18 -0.18 -0.030000001 -0.03 -0.029999999 0.0675 0.0675 0.0675
0.005 0.005 0.005 0.73875 0.73875 0.73875 0.73874959 0.47125 0.47125 0.26521291 0.265 0.265 0.265 0.26527259 0.86236093 0.9 0.9 0.9 0.96875 0.96875 0.96875 0.82 0.82 0.82 0.81997479 0.73832082 0.7475 0.7475 0.7475 0.50930864 0.44503442 0.445 0.445 0.445 0.19840947 -0.04874904 -0.04875 -0.04875 -0.04875 -0.1850431 -0.185 -0.185 -0.42 -0.42 -0.041251581 -0.041249983 0.00625 0.00625 0.1825 0.1825 0.1825 0.0675 -0.032410588
0.0050010164 0.005 0.0050000265 0.73875 0.73875 0.73875 0.73875 0.40500002 0.47098511 0.26510655 0.265 0.265 0.265 0.26624605 0.9 0.9 0.9 0.90000002 0.96875 0.96875 0.96875 0.82 0.82 0.82 0.73 0.73 0.89875 0.89875 0.89875 0.89627465 0.445 0.445 0.445 0.445 0.19826056 -0.04875 -0.04875 -0.04875 -0.04875 -0.185 -0.185 -0.185 -0.18047708 -0.04125 -0.04125 -0.04125 0.00625 0.00625 0.1825 0.1825 0.1825 -0.032499993 -0.0325
0.3325 0.18167346 0.16 0.16016791 0.73875 0.40693107 0.405 0.405 0.52524495 0.38250001 0.3825 0.3825 0.3825 1.1987234 1.19875 0.90000023 0.9 0.90181146 0.96875 0.96875 0.96875 0.66875 0.66875 0.66875 0.73 0.73 0.89875 0.89875 0.89875 0.89874989 0.74749808 0.74749915 0.45260288 0.4453243 -0.043191423 -0.04375 -0.04375 -0.04375 -0.04375 -0.185 -0.185 -0.185 -0.049165189 -0.04125 -0.04125 -0.04125006 0.00625 0.00625 0.0062563444 0.1825 0.18247932 -0.28 -0.0325
0.35124644 0.35124997 0.16 0.16 0.16 0.405 0.405 0.405 0.735 0.735 0.3825 0.3825 0.3825 1.19875 1.19875 1.19875 1.19875 1.1987233 0.96875 0.96875 0.96874999 0.66875 0.66875 0.66875 0.73 0.73 0.89875 0.89875 0.89875 0.74920535 0.7475 0.7475 0.7475 0.7475 -0.043359566 -0.04375 -0.04375 -0.04375 -0.04375 0.017499947 0.0175 0.0175 0.0175 -0.041252599 -0.38 -0.38 -0.38 -0.62375 -0.62375 -0.62375 -0.28 -0.28 -0.28
0.35125 0.35125 0.16 0.16 0.16 0.40371224 0.405 0.735 0.735 0.735 0.38254339 0.3825 0.81251189 1.1987499 1.19875 1.19875 1.19875 0.9975 0.9975 0.9975 0.7325 0.73249995 0.66875031 0.66875 0.66887688 0.85375 0.85375 0.85375011 0.89874273 0.55128911 0.55125104 0.55128426 0.74716459 0.74733064 0.097045948 -0.04375008 -0.044445379 -0.25125 -0.25125 0.0175 0.0175 0.0175 0.0175 -0.38 -0.38 -0.38 -0.38 -0.62375 -0.62375 -0.62375 -0.28 -0.28 -0.28
0.35125 0.35125 0.16 0.16 0.16 0.16 0.52850936 0.735 0.735 0.735 0.73509598 0.90875 0.90875 0.90875 1.197041 1.19875 0.99884108 0.9975 0.9975 0.9975 0.7325 0.7325 0.7325 0.7325 0.85375 0.85375 0.85375 0.85375 0.85375 0.55125 0.55125 0.55125 0.55125 0.55124881 -0.015 -0.25125 -0.25125 -0.25125 -0.25125 -0.25125025 -0.37375 -0.37375 -0.37375 -0.3782244 -0.3875 -0.3875 -0.3875 -0.62374999 -0.62375019 -0.82125 -0.82125 -0.13503528 -0.135
0.35125 0.35125 0.22902782 0.16 0.16 0.16000001 0.81860138 0.73526393 0.735 0.735 0.90874997 0.90875 0.90875 0.90875 0.90875 0.93253357 0.9975 0.9975 0.9975 0.9975 0.73250205 0.7325 0.7325 0.7325 0.85375 0.85375 0.85375 0.85375 0.85375 0.46627001 0.55125 0.55125 0.55125 -0.015 -0.015 -0.015183454 -0.25125 -0.25125 -0.46369889 -0.62874997 -0.37375 -0.37375 -0.37375 -0.37867111 -0.3875 -0.3875 -0.3875 -0.47125 -0.81688903 -0.82125 -0.82125 -0.135 -0.135
0.83 0.83 0.83 0.32798742 0.16080007 0.81875 0.81875 0.81875 0.81875 0.78125 0.78125 0.90874999 0.90875 0.90875 0.90875 0.9087556 0.9975 0.9975 0.9975 0.9975 0.8481374 0.7325 0.7325 0.74342615 1.1368083 0.85375 0.85375 0.85375 0.43625 0.43625 0.43625 0.43625048 -0.015 -0.015 -0.015 -0.015 -0.62875 -0.62875 -0.62875 -0.62875 -0.3075 -0.3075 -0.3075 -0.52999553 -0.53 -0.53 -0.52999995 -0.47125 -0.47125 -0.82082354 -0.82125 -0.13500117 -0.135
0.83 0.83 0.83 0.82999313 0.7025 0.71940466 0.81875 0.81875 0.81875 0.78125 0.78125 0.78125 0.18500003 0.185 0.185 0.18500001 0.99594295 0.9975 0.9975 0.9975 0.99350445 1.1499989 1.15 1.15 1.15 1.15 0.68625 0.68625 0.43625 0.43625 0.43625 0.43625 -0.014999997 -0.015 -0.015 -0.014999695 -0.62875 -0.62875 -0.62875 -0.62833873 -0.3075 -0.3075 -0.3075 -0.52998968 -0.53 -0.53 -0.53 -0.47125 -0.47125 -0.47124999 -0.36625 -0.36625 -0.32125
0.83 0.83 0.83 0.70250029 0.7025 0.7025 0.81874996 0.81875 0.81875 0.78125 0.78125 0.78125 0.185 0.185 0.185 0.18214402 0.1475 0.1475 0.1475022 0.99269898 1.15 1.15 1.15 1.15 1.15 1.149651 0.68625 0.68625 0.68625 0.43625 0.43625 0.43617035 -0.01125 -0.01125 -0.01125 -0.5575 -0.5575 -0.535 -0.535 -0.535 -0.275 -0.30748981 -0.30750058 -0.385 -0.385 -0.39049534 -0.52999952 -0.47125 -0.47125 -0.36625 -0.36625 -0.36625 -0.32125
0.83 0.83 0.83 0.7025 0.7025 0.7025 0.7025 0.81875 0.81875 0.78125 0.78125 0.2088414 0.185 0.185 0.185 0.1475 0.1475 0.1475 0.1475 0.1475 1.15 1.15 1.15 1.15 1.15 0.68625158 0.68625 0.68625 0.68625 0.3125 0.3125 0.3125 -0.01125 -0.01125 -0.01125 -0.5575 -0.5575 -0.535 -0.535 -0.275 -0.275 -0.275 -0.385 -0.385 -0.385 -0.385 -0.39393352 -0.49375 -0.49375 -0.49375 -0.36625 -0.39 -0.39
0.83 0.83 0.82982245 0.7025 0.7025 0.7025 0.7025 0.66679956 0.665 0.66519959 0.78124998 0.18500911 0.185 0.185 0.18499987 0.1475 0.1475 0.1475 0.1475 0.1475 -0.1638791 1.15 1.15 1.15 1.1498839 0.68624437 0.68625 0.68625 0.68625 0.3125 0.3125 0.3125 0.31245185 -0.01125 -0.5575 -0.5575 -0.5575 -0.55749907 -0.53498227 -0.275 -0.275 -0.275 -0.38499332 -0.385 -0.385 -0.385 -0.4937529 -0.49375 -0.49375 -0.49375 -0.39 -0.39 -0.39
0.88875 0.8887499 0.70257363 0.7025 0.7025 0.7025 0.66500798 0.665 0.665 0.665 0.29375001 0.29375 0.29375 0.29375 0.14817498 0.1475 0.1475 0.1475 0.1475 -0.21999978 -0.22 -0.22 0.58625009 0.58625 0.58625 0.58625 0.59488129 0.68625 0.13877242 0.13875 0.13875 0.13875 0.13875 -0.55375 -0.55375 -0.55375 -0.55375 -0.55375 -0.63 -0.63 -0.63 -0.63 -0.63 -0.78314891 -0.78375 -0.78375 -0.78375 -0.49375 -0.49375 -0.49375 -0.39001635 -0.39 -0.39
0.88875 0.88875 0.88751501 0.74124992 0.74124999 0.74117564 0.665 0.665 0.665 0.665 0.29375 0.29375 0.29375 0.29375 0.29375 0.1475 0.1475 0.1475 -0.21999991 -0.22 -0.22 -0.22 0.58625 0.58625 0.58625 0.58625 0.58625 0.58627072 0.13890446 0.13875 0.13875 0.13875 0.13881205 -0.34328777 -0.55353208 -0.55375 -0.55375 -0.55374999 -0.63 -0.63 -0.63 -0.63 -0.63 -0.78375 -0.78375 -0.78375 -0.78375 -0.64814033 -0.49375 0.093375572 0.1 0.17625 0.17625
0.88875 0.88875 0.74126868 0.74125 0.74125 0.74125 0.72188282 0.665 0.665 0.665 0.29375 0.29375 0.29375 0.29375 0.29375 0.1476077 0.1475 -0.21989225 -0.22 -0.22 -0.22 -0.22 0.28756946 0.58625 0.58625 0.58625 0.58625 0.58621645 0.53875 0.53875 0.53875 0.53875 0.53875 -0.1825 -0.1825 -0.1825 -0.1825 -0.1825 -0.7975 -0.7975 -0.7975 -0.7975 -0.7975 -0.78158302 -0.78374955 -0.78375 -0.78359956 -0.76552103 0.1 0.1 0.1 0.17624957 0.17625
0.88874923 0.47693831 0.74124996 0.74125 0.74125 0.74125 0.74125 0.66503247 0.665 0.665 0.29375 0.29375 0.29375 0.29375 -0.22692245 -0.23875 -0.23875 -0.22000048 -0.22 -0.22 -0.22 -0.22 -0.21999993 0.58625 0.58625 0.58625 0.58625 0.76499978 0.7649999 0.7168485 0.53875 0.53875 0.53875 -0.1825 -0.1825 -0.1825 -0.1825 -0.18231798 -0.7975 -0.7975 -0.7975 -0.7975 -0.79744398 0.10375 0.10375 0.10375 0.10375 0.1037497 0.1 0.1 0.1 0.10000003 0.15531296
