interpolatedSpi/02-08|21_3.tif
NCOLS 53
NROWS 52
XLLCORNER -116.03883
YLLCORNER 28.596182
DX 0.49850594
DY 0.49788537
NODATA_VALUE -9999
[rows 0 to 26 of 52, columns 0 to 52 of 53]
-1.0042857 -1.0042857 -1.0023443 -1.2742857 -1.2028571 -1.5914286 -1.4014286 -1.2785714 -1.1987488 -1.3642857 -1.4914286 -1.1128571 -1.7342221 -0.96142857 -1.5314286 -1.5314286 -1.5314286 -0.52571429 -0.71 -0.71 -0.71 -0.70999924 -0.63142857 -0.98428571 -0.98428571 -0.98428571 -0.28428827 -0.28428571 -0.28428571 -0.28857143 -0.28857143 -0.28857143 -0.28857143 -0.97999986 -0.98 -0.98 -0.98 -0.98 -0.98 -0.97999997 0.2241719 0.23686038 -0.87142857 -0.87142857 -0.87142857 -0.87142857 -0.8706469 -0.39285714 -0.39285714 -0.39285714 1.0357113 1.0357143 1.0357143
-1.0043112 -1.5771429 -1.3785711 -1.468386 -1.6657379 -1.0514286 -1.1657143 -1.4898906 -1.71 -1.6928571 -1.4757143 -1.7342857 -1.7342857 -1.0753332 -0.96143499 -1.5314286 -0.52571429 -0.52571429 -0.70975972 -0.71 -0.71 -0.71 -1.0019567 -0.98428571 -0.98428571 -0.98428571 -1.2942857 -1.2942857 -0.28857143 -0.28857143 -0.28857143 -0.28857143 -0.28857143 -0.9799999 -0.98 -0.98 -0.98 -0.98 -0.97999999 -0.97811701 -0.98855827 -0.8856428 -0.87142857 -0.87142857 -0.87142857 -0.87142857 -0.87142857 -0.39285714 -0.39285714 -0.39285714 -0.27439863 1.0357143 1.0357143
-1.6756885 -1.6757143 -1.0757143 -1.0342857 -1.1928571 -1.4771429 -0.90714286 -1.2842857 -1.5942857 -1.6271429 -1.4014286 -1.7085714 -1.0614286 -1.7614286 -1.0757143 -1.8614286 -0.52571429 -0.52571429 -0.52571429 -1.2284207 -1.2285714 -1.2285714 -1.32 -0.98428571 -0.98428571 -0.98428571 -1.2942857 -1.2942857 -1.2942857 -0.28857143 -0.28857143 -0.28857147 -0.68331948 -0.97971388 -0.97816502 -0.78466366 -0.78285714 -0.78285714 -0.80873058 -0.98857143 -0.98857143 -0.98842163 -0.87142857 -0.87142857 -0.87142857 -0.87142857 -0.87142857 -0.39285714 -0.39285714 -0.39285714 -0.39285714 1.0357143 1.0357143
-0.43857143 -1.6757142 -1.2257182 -0.50428571 -1.0657143 -1.2557143 -1.0357143 -1.2685714 -1.2642857 -1.2949043 -1.33 -1.8314286 -1.8357143 -1.7614286 -1.6185714 -1.8614286 -2.081163 -2.0817661 -1.9085714 -1.2285714 -1.2285714 -1.8785714 -1.32 -1.32 -0.98428571 -0.98428726 -1.2942857 -1.2942857 -1.2942857 -1 -1.0595707 -1.1085714 -1.1085714 -1.1085712 -0.78285714 -0.78285714 -0.78285714 -0.78285714 -0.98857143 -0.98857143 -0.98857143 -0.98857142 -0.87142857 -0.87142857 -0.87142857 -0.87142857 -0.87142857 -0.39286318 -0.39285714 -0.39285714 -0.39285714 1.0356527 1.0357143
-0.43857143 -0.02143078 -1.2257143 -1.4484032 -1.0657143 -1.0371429 -1.5128296 -1.1185714 -1.2657143 -1.2142858 -1.7404627 -1.991358 -1.4985714 -1.6185714 -1.6185714 -1.7845456 -2.0828571 -2.0828571 -1.9085714 -1.9085714 -1.2285727 -1.8785714 -1.5285714 -0.94 -0.77571429 -0.77561118 -1.2942857 -1.2942857 -1 -1 -1.1085714 -1.1085714 -1.1085714 -0.99192547 -0.78285714 -0.78285714 -0.78285714 -0.98857143 -0.98857143 -0.98857143 -0.98857143 -0.9885546 -0.87142857 -0.87142857 -0.87142857 -0.87142857 -0.87142857 -0.86716869 -0.39285714 -0.39287758 -0.84857143 -0.84857143 -0.84857143
-1.55 -0.69857143 -0.57000001 -0.98571429 -1.6414286 -1.1628571 -1.4642857 -1.4200244 -1.29 -0.88 -0.90428571 -0.62 -0.62000058 -1.28 -1.28 -1.6271249 -1.6271429 -1.5014286 -1.5014286 -1.9085706 -1.4957143 -1.4957143 -0.94 -0.77571429 -0.77571429 -0.33428571 -0.71857143 -0.71857143 -0.3814849 -1 -1.1085714 -1.1085714 -0.49 -0.49002284 -0.70855591 -1.18 -1.18 -1.0477942 -0.98857143 -0.98857143 -0.81450309 -0.81428571 -0.81428532 -1.7092304 -1.7241915 -1.7242855 -1.7242857 -1.7242854 -1.3702257 -0.84857143 -0.84857143 -0.84857143 -0.84857143
-0.30428674 -0.48857143 -0.0049317963 -0.48285714 -0.85142857 -1.6442857 -0.98571428 -0.99857143 -1.02 -1.02 -0.90428571 -1.2042857 -0.80714293 -1.28 -1.5528563 -1.5528571 -1.6271429 -1.27 -0.94428571 -0.94428571 -1.4559934 -1.4114286 -1.4114286 -0.12285715 -0.33428571 -0.33428571 -0.71857143 -0.71857143 -0.38143565 -0.38155885 -0.63245523 -0.49 -0.49 -0.70857143 -0.70857143 -1.2461349 -1.18 -1.18 -1.0728609 -0.81428607 -0.81428571 -0.81428571 -0.81428444 -1.7242836 -1.7242857 -1.7242857 -1.7242857 -1.7242856 -1.4928571 -0.84869911 -0.84857143 -0.84857143 -0.84857143
-0.30428571 0.19428571 0.26714286 -1.0685714 -1.3556978 -1.2914286 -0.92428571 -1.4685714 -1.4028571 -1.2471429 -1.2471429 -1.0814286 -0.80714286 -0.80714286 -1.5477409 -1.6868685 -1.7 -0.82714286 -1.175714 -0.94428571 -0.33669658 -0.31571429 -0.64142857 -0.032857145 -0.032860073 -0.26 -0.53142857 -0.53142864 -0.50243164 -0.50285715 -0.63285714 -1.0437758 -0.69428571 -0.70857143 -0.72796584 -1.3014286 -1.3014286 -1.0728571 -1.0728571 -0.81428571 -0.81428571 -0.81428571 -1.3421371 -1.3457143 -1.7242857 -1.7242857 -1.7242857 -1.492866 -1.4928571 -1.4928571 -0.84857143 -0.84857143 -0.84857143
-0.049109359 0.19428572 0.44857143 -0.19428571 -0.99285714 -1.2285714 -1.3271429 -1.3971429 -1.5971429 -1.4353769 -1.3185714 -1.1542857 -1.1542857 -1.1128571 -1.112859 -1.3467017 -1.3457143 -1.3457143 -0.88035282 -0.75142853 -0.56285714 -0.56285714 -0.64142857 -0.64142857 -0.23711 -0.26 -0.33142857 -0.53142857 -0.65925287 -0.66 -1.1414286 -0.57142857 -0.71604915 -1.2971429 -1.3885714 -1.5142857 -1.5414286 -1.3685714 -1.2486268 -0.81347586 -0.63285714 -0.84142857 -1.3456508 -1.3457143 -1.3478451 -1.7242857 -1.7157143 -1.4928571 -1.4928571 -1.4928571 -1.4928571 -0.83025105 -0.55571429
-1.41 -1.41 0.34857143 -0.40285714 -1.0271429 -1.4071429 -1.3385714 -1.4071429 -1.5371429 -1.3942776 -1.5728571 -0.22285714 -1.1128571 -1.1128571 -1.3142857 -1.3147168 -1.3457143 -1.3457147 -1.3128571 -0.75142857 -0.75142857 -0.72713425 -0.64142857 -0.6457142 -0.64571429 -0.64571429 -0.33142857 -0.17428571 -0.17428571 -0.66 -0.66 -0.57197317 -0.85857143 -1.2971429 -0.67428571 -1.5142857 -1.5414286 -1.2142857 -1.2485714 -1.0911646 -0.84142856 -0.88341022 -0.95571429 -1.3457143 -1.3457143 -1.7157143 -1.7157143 -1.7157143 -1.4928571 -1.4928571 -0.70142857 -0.70142857 -0.70142852
-1.41 -1.41 -0.52285714 -1.3071429 -1.2142857 -0.72142857 -1.1714286 -1.2672645 -1.3314286 -1.2628571 -1.3885714 -0.97285714 -0.22385693 -1.3142857 -1.3142857 -1.3143254 -1.6585714 -1.6404267 -1.3128571 -1.4871429 -1.4871429 -0.95 -0.95 -0.64571429 -0.64571429 -0.64571429 -0.17428571 -0.17428571 -0.17428571 -1.3228571 -1.3228571 -1.3228564 -1.09 -1.09 -1.3657143 -1.9028571 -1.2828571 -2.162848 -1.5485714 -1.0885714 -1.0885714 -0.61000114 -0.95571429 -1.3457143 -1.4757144 -1.6571429 -0.97890129 -0.97571429 -0.91142857 -0.91142857 -0.70142857 -0.70142857 -0.70142857
-1.41 -1.0271267 -0.85753983 -1.1728549 -0.47428571 -1.4271429 -1.1714286 -1.2671429 -1.331428 -1.2636168 -0.97285752 -0.97285714 -1.0728571 -1.3142857 -1.3142857 -1.6585714 -1.6585714 -1.6585518 -1.3128571 -1.4871429 -1.3816589 -0.95 -0.95 -0.64572718 -0.64571429 -0.71474539 -0.85571429 -0.85571429 -0.8557142 -1.3228571 -1.3228571 -1.5128571 -1.5128571 -1.0900008 -1.3657143 -1.5457144 -1.2517029 -2.1628571 -2.1628571 -1.0885714 -0.61 -0.61 -0.61000632 -1.4757143 -1.4757143 -1.6571429 -0.97571429 -0.97571429 -0.91142857 -0.91142857 -0.70142857 -0.70142857 -0.70142857
-2.0071429 -1.0152776 -1.0457231 -1.046626 -0.47429065 -1.4271204 -1.1714286 -1.2659647 -1.3269986 -1.329638 -1.0728571 -1.0728571 -1.0728571 -1.0728571 -1.3142515 -1.6585714 -1.6585714 -1.6541077 -1.3128571 -1.4871806 -1.6214286 -1.6214286 -1.6214286 -1.6214286 -0.66239417 -0.85571429 -0.85571429 -0.85571429 -0.85571429 -0.856131 -1.5128571 -1.5128571 -1.5128571 -1.5128571 -1.5457143 -1.5457143 -1.5457143 -2.1318472 -2.1591662 -1.6714286 -1.6714286 -0.61005709 -1.3442902 -1.4757016 -1.4757143 -1.6571429 -0.97571429 -0.97571429 -0.91142857 -0.91142857 -0.70219043 -0.70142857 -0.19983704
-2.0071429 -1.0457143 -1.0457143 -1.0457143 -1.0457143 -1.0457144 -1.172083 -1.2167254 -1.3151799 -1.0731339 -1.0728571 -1.0728571 -1.0728571 -1.0728571 -1.0728572 -1.6585714 -1.6585714 -1.6348578 -1.312863 -1.6214286 -1.6214286 -1.6214286 -1.6214286 -1.6214286 -1.6165464 -1.2133885 -1.3771427 -1.3771429 -1.3771429 -1.3771429 -1.5128571 -1.5128571 -1.512857 -1.4271429 -1.4271429 -1.5457143 -1.4179405 -1.4142857 -1.6714284 -1.6714286 -1.6714286 -1.6714286 -1.3442857 -1.3442857 -1.3442857 -1.3464629 -1.0666895 -1.0671429 -1.0671429 -1.0671429 -1.0671429 -0.57428574 -0.57428571
-1.4014286 -1.0457143 -1.0457143 -1.0457143 -1.0457143 -1.0457143 -1.0457143 -1.185128 -1.1948789 -1.1942857 -1.1942857 -1.1942857 -1.1942857 -1.1942857 -1.1942857 -1.0641763 -1.6490643 -1.6112315 -1.6213899 -1.6214286 -1.6214286 -1.6214286 -1.6214286 -1.6214281 -1.3957143 -1.3957143 -1.3957143 -1.3771429 -1.3771429 -1.3775691 -1.59 -1.59 -1.4271429 -1.4271429 -1.4271429 -1.4163452 -1.4142857 -1.4142857 -1.4142857 -1.6714286 -1.6714286 -1.6714286 -1.3442857 -1.3442857 -1.3442857 -1.3442857 -1.0671429 -1.0671429 -1.0671429 -1.0671429 -1.0671429 -0.57428571 -0.57428571
-1.4014286 -1.2690002 -1.0457143 -1.0457143 -1.0457143 -1.0457143 -1.1628342 -1.1628571 -1.1628571 -1.1942857 -1.1942857 -1.1942857 -1.1942857 -1.1942857 -1.1649765 -1.0614286 -1.0614286 -1.0614286 -1.2297674 -1.2285718 -1.2285714 -1.2285714 -1.2285714 -1.2285714 -1.3957143 -1.3957143 -1.3957143 -1.3957143 -1.3771429 -1.59 -1.59 -1.59 -1.4271429 -1.4271429 -1.4271429 -1.1914286 -1.4139906 -1.4142857 -1.4142857 -1.6712997 -1.4141418 -0.81399892 -1.3442857 -1.3442857 -0.85579788 -0.85428571 -0.85428571 -1.0659975 -0.3724362 -0.37000006 -0.37000013 0.091327693 -0.57428436
-1.4014286 -1.3472105 -1.1975281 -1.0457143 -1.0457143 -1.1627879 -1.1628571 -1.1628571 -1.1628571 -1.1630836 -1.1942857 -1.1942857 -1.1942857 -1.1942857 -1.0614286 -1.0614286 -1.0614286 -1.0614286 -1.2284221 -1.2285714 -1.2285714 -1.2285714 -1.2285714 -1.2285714 -1.3957143 -1.3957143 -1.3957143 -1.3957143 -1.396421 -1.59 -1.59 -1.59 -1.5257143 -1.4271213 -1.1914286 -1.1914286 -1.1914286 -1.1880532 -0.84959516 -0.81142857 -0.81142857 -0.81142857 -1.0342857 -1.0342857 -0.85428571 -0.85428571 -0.85428571 -0.37000001 -0.37 -0.37 -0.37 0.091428571 0.091428571
-1.3456859 -1.3457143 -1.3457143 -1.3457143 -1.13 -1.1628563 -1.1628571 -1.1628571 -1.1628571 -1.1628571 -1.1781707 -1.1942829 -1.1942857 -1.0614286 -1.0614286 -1.0614286 -1.0614286 -1.0614286 -1.0581183 -1.2285714 -1.2285714 -1.2285714 -1.2285714 -1.2285714 -1.2954362 -1.2757149 -1.2757143 -1.2757143 -1.2757143 -1.59 -1.5257143 -1.5257143 -1.5257143 -1.5257143 -1.1914286 -1.1914204 -0.88285714 -0.88285714 -0.81232046 -0.81142857 -0.81142857 -0.81142857 -1.0342857 -1.0342857 -0.88215591 -0.85428571 -0.85428571 -0.37 -0.37 -0.37 -0.36505229 0.091428571 0.091428571
-1.3457143 -1.3457143 -1.3457143 -1.2441312 -1.13 -1.13 -1.1628571 -1.1628571 -1.1628571 -1.1628571 -0.98142857 -0.98142857 -0.98142857 -1.0614286 -1.0614286 -1.0614286 -1.0614286 -1.0613129 -0.80142857 -0.80142857 -1.2285713 -1.2285714 -1.2337536 -1.4414286 -1.4399367 -1.2757143 -1.2757143 -1.2757143 -1.2757143 -1.5256888 -1.5257143 -1.5257143 -1.5257143 -1.5257143 -0.88285823 -0.88285714 -0.88285714 -0.88285714 -0.88259335 -0.81142857 -0.81142857 -0.81142857 -1.0342857 -1.0342857 -1.0342857 -0.85428571 -0.85428571 -0.37000001 -0.37 -0.37 0.091428571 0.091428571 0.091428571
-1.3457143 -1.3457143 -1.3457143 -1.13 -1.13 -1.13 -1.1300001 -1.1628571 -1.1628571 -0.98161586 -0.98142857 -0.98142857 -0.98142857 -0.9814784 -0.49483288 -0.36142857 -0.36142857 -0.36142857 -0.80142857 -0.80142857 -0.80142857 -1.4414286 -1.4414286 -1.4414286 -1.4410896 -0.72796104 -1.2757143 -1.2757143 -1.2757143 -1.0749327 -0.97862524 -0.97857143 -0.97857143 -0.97857143 -0.79222595 -0.66428621 -0.66428571 -0.66428571 -0.66428571 -0.56860466 -0.56857143 -0.56857143 -1.0342857 -1.0342857 -0.87285782 -0.87285708 -0.69142857 -0.69142857 -0.35285714 -0.35285714 -0.35285714 0.091428571 8.174824e-05
-1.3457119 -1.3457143 -1.3457143 -1.13 -1.13 -1.13 -1.13 -0.8742858 -1.1617033 -0.98124981 -0.98142857 -0.98142857 -0.98142857 -0.98021196 -0.36142857 -0.36142857 -0.36142857 -0.3614287 -0.80142857 -0.80142857 -0.80142857 -1.4414286 -1.4414286 -1.4414286 -0.23142857 -0.23142857 -0.46285714 -0.46285714 -0.46285714 -0.46567053 -0.97857143 -0.97857143 -0.97857143 -0.97857143 -0.82151485 -0.66428571 -0.66428571 -0.66428571 -0.66428571 -0.56857143 -0.56857143 -0.56857143 -0.57814542 -0.87285714 -0.87285714 -0.87285714 -0.69142857 -0.69142857 -0.35285714 -0.35285714 -0.35285714 -1.1911587e-08 1.0992128e-52
-0.58857143 -0.94684534 -1.17 -1.1699884 -1.13 -0.87576527 -0.87428571 -0.87428571 -0.87064193 -0.78428572 -0.78428571 -0.78428571 -0.78428571 0.048544316 0.048571427 -0.36142826 -0.36142857 -0.37302192 -0.80142857 -0.80142857 -0.80142857 -0.20857143 -0.20857143 -0.20857143 -0.23142857 -0.23142857 -0.46285714 -0.46285714 -0.46285714 -0.46285708 -0.37571812 -0.37571598 -0.96341952 -0.97792512 -0.56903739 -0.56857143 -0.56857143 -0.56857143 -0.56857143 -0.56857143 -0.56857143 -0.56857143 -0.85610211 -0.87285714 -0.87285714 -0.87285712 -0.69142857 -0.69142857 -0.69141638 -0.35285714 -0.3528788 -0.83714286 -9.1982416e-20
-0.94136156 -0.94142861 -1.17 -1.17 -1.17 -0.87428571 -0.87428571 -0.87428571 -0.86428571 -0.86428571 -0.78428571 -0.78428571 -0.78428571 0.048571429 0.048571429 0.048571429 0.048571429 0.048475542 -0.80142857 -0.80142857 -0.80142855 -0.20857143 -0.20857143 -0.20857143 -0.23142857 -0.23142857 -0.46285714 -0.46285714 -0.46285714 -0.37669683 -0.37571429 -0.37571429 -0.37571429 -0.37571429 -0.56847627 -0.56857143 -0.56857143 -0.56857143 -0.56857143 -0.40285719 -0.40285714 -0.40285714 -0.40285714 -0.87285611 -0.73857143 -0.73857143 -0.73857143 -0.92 -0.92 -0.92 -0.83714286 -0.83714286 -0.83714286
-0.94142857 -0.94142857 -1.17 -1.17 -1.17 -0.87584004 -0.87428571 -0.86428571 -0.86428571 -0.86428571 -0.78429556 -0.78428571 -0.57766989 0.048571296 0.048571429 0.048571429 0.048571429 -0.16571429 -0.16571429 -0.16571429 -0.018571433 -0.01857157 -0.2085705 -0.20857143 -0.20853211 -0.13142857 -0.13142857 -0.13142936 -0.46280358 0.11133149 0.11142598 0.11134352 -0.37488171 -0.37529389 -0.53390532 -0.56857116 -0.56627345 0.11714286 0.11714286 -0.40285714 -0.40285714 -0.40285714 -0.40285714 -0.73857143 -0.73857143 -0.73857143 -0.73857143 -0.92 -0.92 -0.92 -0.83714286 -0.83714286 -0.83714286
-0.94142857 -0.94142857 -1.17 -1.17 -1.17 -1.17 -0.87054301 -0.86428571 -0.86428571 -0.86428571 -0.86410185 -0.53142857 -0.53142857 -0.53142857 0.045153355 0.048571429 -0.16428634 -0.16571429 -0.16571429 -0.16571429 -0.018571429 -0.018571429 -0.018571429 -0.018571429 -0.13142857 -0.13142857 -0.13142857 -0.13142857 -0.13142857 0.11142857 0.11142857 0.11142857 0.11142857 0.11142894 0.28714286 0.11714286 0.11714286 0.11714286 0.11714286 0.11714166 -0.17857143 -0.17857143 -0.17857143 -0.37753856 -0.79 -0.79 -0.79 -0.92 -0.91999953 -0.43571429 -0.43571429 -0.33297982 -0.33285714
-0.94142857 -0.94142857 -1.0875018 -1.17 -1.17 -1.17 -0.87569401 -0.86432173 -0.86428571 -0.86428571 -0.53142858 -0.53142857 -0.53142857 -0.53142857 -0.53142857 -0.48383344 -0.16571429 -0.16571429 -0.16571429 -0.16571429 -0.018572567 -0.018571429 -0.018571429 -0.018571429 -0.13142857 -0.13142857 -0.13142857 -0.13142857 -0.13142857 0.20221465 0.11142857 0.11142857 0.11142857 0.28714286 0.28714286 0.28701085 0.11714286 0.11714286 0.42265119 0.65999995 -0.17857143 -0.17857143 -0.17857143 -0.37180135 -0.79 -0.79 -0.79 0.41142857 -0.42515897 -0.43571429 -0.43571429 -0.33285714 -0.33285714
-0.42142857 -0.42142857 -0.42142857 -0.98231257 -1.1691476 -0.87571429 -0.87571429 -0.87571429 -0.87571429 -0.55571429 -0.55571429 -0.53142857 -0.53142857 -0.53142857 -0.53142857 -0.53140538 -0.16571429 -0.16571429 -0.16571429 -0.16571429 -0.082779798 -0.018571429 -0.018571429 -0.0034673586 0.5278465 -0.13142857 -0.13142857 -0.13142857 0.23428571 0.23428571 0.23428571 0.2342852 0.28714286 0.28714286 0.28714286 0.28714286 0.66 0.66 0.66 0.66 0.067142857 0.067142857 0.067142857 0.11571331 0.11571429 0.11571429 0.115714 0.41142857 0.41142857 -0.43468209 -0.43571429 -0.33285223 -0.33285714
