interpolatedSpi/02-05|21_2.tif
NCOLS 53
NROWS 52
XLLCORNER -116.03883
YLLCORNER 28.596182
DX 0.49850594
DY 0.49788537
NODATA_VALUE -9999
[rows 0 to 38 of 52, columns 0 to 52 of 53]
-0.5925 -0.5925 -0.38577992 -0.8875 -0.8775 -0.975 -1.075 -0.9 -1.0706238 -1.4775 -1.4175 -1.29 -1.6874014 -0.49 -0.925 -0.925 -0.925 -0.97 -0.585 -0.585 -0.585 -0.58500205 -0.7975 -0.5075 -0.5075 -0.5075 -0.20000611 -0.2 -0.2 -0.415 -0.415 -0.415 -0.415 -1.1974998 -1.1975 -1.1975 -1.1975 -1.1975 -1.1975 -1.1974999 0.69956618 0.71958348 -0.915 -0.915 -0.915 -0.915 -0.91390566 -0.245 -0.245 -0.245 1.3224967 1.3225 1.3225
-0.5925341 -1.36 -0.93249988 -1.06642 -0.95015153 -0.83 -0.7075 -1.3650263 -1.465 -1.605 -1.5375 -1.6875 -1.6875 -0.97587445 -0.49000973 -0.925 -0.97 -0.97 -0.58550199 -0.585 -0.585 -0.585 -0.5310551 -0.5075 -0.5075 -0.5075 -0.81499998 -0.815 -0.415 -0.415 -0.415 -0.415 -0.415 -1.1974999 -1.1975 -1.1975 -1.1975 -1.1975 -1.1974999 -1.0440947 -0.2925353 -0.83946457 -0.915 -0.915 -0.915 -0.915 -0.915 -0.245 -0.245 -0.245 -0.1150214 1.3225 1.3225
-1.0924859 -1.0925 -0.825 -0.5025 -1.04 -1.3125 -0.87 -1.385 -1.51 -1.6275 -1.235 -1.6775 -0.945 -1.435 -0.9775 -1.755 -0.97 -0.97 -0.97 -1.1848256 -1.185 -1.185 -0.955 -0.5075 -0.5075 -0.5075 -0.815 -0.815 -0.815 -0.415 -0.415 -0.41500003 -0.73874155 -1.1954935 -1.188611 -0.25125111 -0.2425 -0.2425 -0.24878868 -0.2925 -0.2925 -0.29329602 -0.915 -0.915 -0.915 -0.915 -0.915 -0.245 -0.245 -0.245 -0.245 1.3225 1.3225
-0.525 -1.0925 -1.3350586 -0.425 -1.29 -1.1275 -1.1375 -1.4325 -1.5575 -1.3557998 -1.3025 -2.1225 -1.86 -1.435 -1.405 -1.755 -1.774847 -1.774436 -1.81 -1.185 -1.185 -1.79 -0.955 -0.955 -0.5075 -0.50750154 -0.815 -0.815 -0.815 -0.9975 -1.046881 -1.0875 -1.0875 -1.0874993 -0.2425 -0.2425 -0.2425 -0.2425 -0.2925 -0.2925 -0.2925 -0.29250002 -0.915 -0.915 -0.915 -0.915 -0.915 -0.24500845 -0.245 -0.245 -0.245 1.3224504 1.3225
-0.525 -0.23750201 -1.335 -1.6283369 -1.29 -1.0425 -1.4724843 -1.2625 -1.0375 -1.5324998 -1.8651589 -2.027327 -0.82 -1.405 -1.405 -1.6394986 -1.775 -1.775 -1.81 -1.81 -1.1850012 -1.79 -1.45 -0.7325 -0.3025 -0.30252527 -0.815 -0.815 -0.9975 -0.9975 -1.0875 -1.0875 -1.0875 -0.9583275 -0.2425 -0.2425 -0.2425 -0.2925 -0.2925 -0.2925 -0.2925 -0.29249759 -0.91499999 -0.915 -0.915 -0.915 -0.915 -0.90903617 -0.245 -0.24499787 -0.1975 -0.1975 -0.1975
-1.31 -0.8375 -0.74750001 -1.19 -1.6 -1.4 -1.67 -1.6178283 -1.1725 -0.9475 -0.795 -0.5425 -0.54250018 -0.7925 -0.7925 -1.2325694 -1.2325 -0.93 -0.93 -1.8099992 -1.3925 -1.3925 -0.7325 -0.3025 -0.3025 -0.41 -0.8775 -0.8775 -0.28256521 -0.9975 -1.0875 -1.0875 -0.4025 -0.4025734 -1.1049496 -0.775 -0.775 -0.44177239 -0.2925 -0.2925 -0.26753118 -0.2675 -0.26750046 -1.1777779 -1.1824704 -1.1824999 -1.1825 -1.1824999 -0.97262739 -0.1975 -0.1975 -0.1975 -0.1975
0.079999131 -0.395 0.31137678 -0.3225 -0.575 -1.5125 -0.82749999 -0.9425 -1.09 -1.09 -0.795 -0.9075 -0.29000015 -0.7925 -1.5199978 -1.52 -1.2325 -1.4525 -0.9225 -0.9225 -1.3383045 -1.2775 -1.2775 -0.2075 -0.41 -0.41 -0.8775 -0.8775 -0.28251253 -0.28273068 -0.93614064 -0.4025 -0.4025 -1.105 -1.105 -0.87167361 -0.775 -0.775 -0.6250052 -0.2675005 -0.2675 -0.2675 -0.26750435 -1.1825008 -1.1825 -1.1825 -1.1825 -1.1825 -1.13 -0.1976848 -0.1975 -0.1975 -0.1975
0.08 0.6225 0.405 -1.0375 -1.2874857 -1.24 -1.1325 -1.1975 -1.4525 -1.37 -1.37 -0.8375 -0.29 -0.29 -1.5115611 -1.7363048 -1.7575 -0.9325 -0.94749997 -0.9225 -0.68834899 -0.6875 -1.0275 -0.185 -0.18500445 -0.53 -0.54 -0.54000012 -0.49674661 -0.49750001 -0.9375 -0.96592174 -0.325 -1.105 -1.1140555 -0.9525 -0.9525 -0.625 -0.625 -0.2675 -0.2675 -0.2675 -1.3153287 -1.32 -1.1825 -1.1825 -1.1825 -1.130002 -1.13 -1.13 -0.1975 -0.1975 -0.1975
0.21210947 0.6225 0.4975 -0.0875 -1.31 -1.23 -1.4425 -1.2975 -1.4825 -1.1555506 -1.04 -0.9675 -0.9675 -0.89 -0.89000132 -1.3885312 -1.3875 -1.3875 -0.93478978 -0.695 -0.6975 -0.6975 -0.9025 -0.97823955 -0.49523311 -0.53 -0.1775 -0.54 -0.86062595 -0.8625 -1.145 -0.84 -1.0641232 -1.5125 -1.4225 -1.69 -1.5675 -1.1475 -1.01756 -0.26824768 -0.435 -0.71 -1.3199117 -1.32 -1.3192261 -1.1825 -1.5625 -1.13 -1.13 -1.13 -1.13 -0.14614068 -0.255
-2.0825 -2.0825 0.375 -0.5325 -1.29 -1.29 -0.89 -1.1425 -1.36 -1.0724809 -1.2375 0.075 -0.89 -0.89 -1.03 -1.0349033 -1.3875 -1.3874753 -1.22 -0.695 -0.695 -0.6953221 -0.9025 -0.90000005 -0.9 -0.9 -0.1775 -0.525 -0.525 -0.8625 -0.8625 -0.84084399 -1.285 -1.5125 -0.9975 -1.69 -1.5675 -1.1275 -1.0175 -0.86009314 -0.70999999 -0.73479541 -0.7775 -1.32 -1.32 -1.5625 -1.5625 -1.5625 -1.13 -1.13 0.215 0.215 0.21499982
-2.0825 -2.0825 -0.47 -1.355 -0.9925 -0.8125 -1.0675 -0.70026485 -0.875 -0.78 -1.13 -0.53 0.074193137 -1.03 -1.03 -1.0300903 -1.8125 -1.7814028 -1.22 -1.0675 -1.0675 -1.0825 -1.0825 -0.9 -0.9 -0.9 -0.525 -0.525 -0.525 -2.1875 -2.1875 -2.1874985 -1.24 -1.24 -1.7 -2.0025 -1.2325 -2.2599981 -1.3275 -0.8575 -0.8575 -0.27000167 -0.7775 -1.32 -0.90000014 -0.9875 -0.72362845 -0.72 -0.495 -0.495 0.215 0.215 0.215
-2.0825 -1.3864104 -0.84766107 -0.91500124 -0.13 -1.415 -1.0675 -0.7 -0.87499854 -0.78105248 -0.53000033 -0.53 -0.6875 -1.03 -1.03 -1.8125 -1.8125 -1.8124663 -1.22 -1.0675 -1.0704457 -1.0825 -1.0825 -0.90000755 -0.9 -0.92218857 -0.9675 -0.9675 -0.96749994 -2.1875 -2.1875 -1.6775 -1.6775 -1.2400013 -1.7 -1.5975001 -1.3611843 -2.26 -2.26 -0.85749998 -0.27 -0.27 -0.27000464 -0.9 -0.9 -0.9875 -0.72 -0.72 -0.495 -0.495 0.215 0.215 0.215
-1.825 -0.77464104 -0.78751996 -0.78841371 -0.13000659 -1.4149697 -1.0675 -0.70452372 -0.86294071 -0.8725193 -0.6875 -0.6875 -0.6875 -0.6875 -1.0299515 -1.8125 -1.8125 -1.8048499 -1.22 -1.0675653 -1.29 -1.29 -1.29 -1.29 -0.90665316 -0.9675 -0.9675 -0.9675 -0.9675 -0.96834441 -1.6775 -1.6775 -1.6775 -1.6775 -1.5975 -1.5975 -1.5975 -2.2277939 -2.2521703 -1.2175 -1.2175 -0.27005096 -0.51751309 -0.89996316 -0.9 -0.9875 -0.72 -0.72 -0.495 -0.495 0.2124242 0.215 -0.1320284
-1.825 -0.7875 -0.7875 -0.7875 -0.7875 -0.78750026 -1.0683894 -0.89363539 -0.83076764 -0.68769956 -0.6875 -0.6875 -0.6875 -0.6875 -0.68750005 -1.8125 -1.8124999 -1.7718585 -1.2200085 -1.29 -1.29 -1.29 -1.29 -1.29 -1.2983212 -1.3168412 -1.4474999 -1.4475 -1.4475 -1.4475 -1.6775 -1.6775 -1.6774997 -1.4675 -1.4675 -1.5975 -1.2256367 -1.215 -1.2175 -1.2175 -1.2175 -1.2175 -0.5175 -0.5175 -0.5175 -0.52077077 -0.16618285 -0.1625 -0.1625 -0.1625 -0.16250001 0.0075000428 0.0075
-0.96 -0.7875 -0.7875 -0.7875 -0.7875 -0.7875 -0.78750002 -0.87738442 -0.75276325 -0.7525 -0.7525 -0.7525 -0.7525 -0.7525 -0.7525 -0.28725162 -1.7880876 -1.7313666 -1.2899914 -1.29 -1.29 -1.29 -1.29 -1.2899993 -1.675 -1.675 -1.6749997 -1.4475 -1.4475 -1.4482759 -1.835 -1.835 -1.4675 -1.4675 -1.4675 -1.2554477 -1.215 -1.215 -1.215 -1.2175 -1.2175 -1.2175 -0.5175 -0.5175 -0.5175 -0.5175 -0.1625 -0.1625 -0.1625 -0.1625 -0.1625 0.0075 0.0075
-0.96 -0.89578021 -0.7875 -0.7875 -0.7875 -0.7875 -0.61753337 -0.6175 -0.6175 -0.7525 -0.7525 -0.7525 -0.7525 -0.7525 -0.64771168 -0.2775 -0.2775 -0.2775 -0.72173488 -0.72000058 -0.72 -0.72 -0.72 -0.72 -1.675 -1.675 -1.675 -1.675 -1.4475 -1.835 -1.835 -1.835 -1.4675 -1.4675 -1.4675 -1.0875 -1.2148312 -1.215 -1.215 -1.2173371 -0.89215186 -0.1332503 -0.5175 -0.5175 0.07815608 0.08 0.08 -0.16187912 0.21368081 0.21499997 0.21499993 0.14747883 0.0075002847
-0.96 -1.0329855 -0.91274639 -0.7875 -0.7875 -0.61760044 -0.6175 -0.6175 -0.6175 -0.61847285 -0.7525 -0.7525 -0.7525 -0.75249994 -0.2775 -0.2775 -0.2775 -0.2775 -0.71960472 -0.72 -0.72 -0.72 -0.72 -0.72 -1.675 -1.675 -1.675 -1.675 -1.675582 -1.835 -1.835 -1.835 -1.8325 -1.4674702 -1.0875 -1.0875 -1.0875 -1.0815735 -0.1987 -0.13 -0.13 -0.13 -0.2625 -0.2625 0.08 0.08 0.08 0.215 0.215 0.215 0.215 0.1475 0.1475
-1.0348138 -1.035 -1.035 -1.035 -0.795 -0.61750458 -0.6175 -0.6175 -0.6175 -0.6175 -0.72486646 -0.75249524 -0.75249999 -0.2775 -0.2775 -0.2775 -0.2775 -0.2775 -0.30208907 -0.72 -0.72 -0.72 -0.72 -0.72 -1.1912524 -1.2225025 -1.2225 -1.2225 -1.2225 -1.835 -1.8325 -1.8325 -1.8325 -1.8325 -1.0875 -1.0874858 -0.5475 -0.5475 -0.13521311 -0.13 -0.13 -0.13 -0.2625 -0.2625 0.026969207 0.08 0.08 0.215 0.215 0.215 0.21427622 0.1475 0.1475
-1.035 -1.035 -1.035 -0.92198042 -0.795 -0.795 -0.6175 -0.6175 -0.6175 -0.6175 -0.3875 -0.3875 -0.3875 -0.2775 -0.2775 -0.2775 -0.2775 -0.27740333 -0.1175 -0.1175 -0.71999976 -0.72 -0.73077301 -1.1625 -1.1630401 -1.2225 -1.2225 -1.2225 -1.2225 -1.8324379 -1.8325 -1.8325 -1.8325 -1.8325 -0.5475019 -0.5475 -0.5475 -0.5475 -0.54600042 -0.13 -0.13 -0.13 -0.2625 -0.2625 -0.2625 0.08 0.08 0.21499999 0.215 0.215 0.1475 0.1475 0.1475
-1.035 -1.035 -1.035 -0.795 -0.795 -0.795 -0.79499973 -0.6175 -0.6175 -0.38773743 -0.3875 -0.3875 -0.3875 -0.38743146 0.19601211 0.3075 0.3075 0.3075 -0.1175 -0.1175 -0.1175 -1.1625 -1.1625 -1.1625 -1.1621267 -0.4920999 -1.2225 -1.2225 -1.2225 -0.79774881 -0.57762343 -0.5775 -0.5775 -0.5775 -0.32227763 -0.0050012321 -0.005 -0.005 -0.005 -0.017515393 -0.0175 -0.0175 -0.2625 -0.2625 -0.48999905 -0.49000007 -0.6825 -0.6825 -0.5175 -0.5175 -0.5175 0.1475 -0.56935847
-1.0349988 -1.035 -1.035 -0.795 -0.795 -0.795 -0.795 -0.62 -0.61751 -0.38772216 -0.3875 -0.3875 -0.3875 -0.38613622 0.3075 0.3075 0.3075 0.30749988 -0.1175 -0.1175 -0.1175 -1.1625 -1.1625 -1.1625 0.17 0.17 0.020000002 0.02 0.02 0.01674045 -0.5775 -0.5775 -0.5775 -0.5775 -0.29140718 -0.005 -0.005 -0.005 -0.005 -0.0175 -0.0175 -0.0175 -0.032366658 -0.49 -0.49 -0.49 -0.6825 -0.6825 -0.5175 -0.5175 -0.5175 -0.57 -0.57
-0.645 -0.82687491 -0.92 -0.91996374 -0.795 -0.62101254 -0.62 -0.62 -0.62819852 -0.6325 -0.6325 -0.6325 -0.6325 0.43246533 0.4325 0.3075001 0.3075 0.29630187 -0.1175 -0.1175 -0.1175 -0.0125 -0.0125 -0.0125 0.17 0.17 0.02 0.02 0.02 0.020000071 0.11749558 0.11749805 -0.56003222 -0.57675491 0.016823938 0.0175 0.0175 0.0175 0.0175 -0.0175 -0.0175 -0.0175 -0.46398267 -0.49 -0.49 -0.49000002 -0.6825 -0.6825 -0.68249406 -0.5175 -0.51752046 -0.975 -0.57
-0.67999335 -0.68000004 -0.92 -0.92 -0.92 -0.62 -0.62 -0.62 -0.6425 -0.6425 -0.6325 -0.6325 -0.6325 0.4325 0.4325 0.4325 0.4325 0.43243849 -0.1175 -0.1175 -0.1175 -0.0125 -0.0125 -0.0125 0.17 0.17 0.02 0.02 0.02 0.11640068 0.1175 0.1175 0.1175 0.1175 0.017549344 0.0175 0.0175 0.0175 0.0175 -0.012500001 -0.0125 -0.0125 -0.0125 -0.49000086 -0.6025 -0.6025 -0.6025 -0.9175 -0.9175 -0.9175 -0.975 -0.975 -0.975
-0.68 -0.68 -0.92 -0.92 -0.92 -0.62157685 -0.62 -0.6425 -0.6425 -0.6425 -0.63250123 -0.6325 -0.39349102 0.43249982 0.4325 0.4325 0.4325 0.025000001 0.025 0.025 0.40749999 0.40749969 -0.012497954 -0.0125 -0.012159743 0.475 0.475 0.47499892 0.020073531 0.48742626 0.48749803 0.4874354 0.11813237 0.11781931 0.03555253 0.017500187 0.019116966 0.5 0.5 -0.0125 -0.0125 -0.0125 -0.0125 -0.6025 -0.6025 -0.6025 -0.6025 -0.9175 -0.9175 -0.9175 -0.975 -0.975 -0.975
-0.68 -0.68 -0.92 -0.92 -0.92 -0.92 -0.62842109 -0.6425 -0.6425 -0.6425 -0.6423329 -0.34 -0.34 -0.34 0.42794748 0.4325 0.027715479 0.025 0.025 0.025 0.4075 0.4075 0.4075 0.4075 0.475 0.475 0.475 0.475 0.475 0.4875 0.4875 0.4875 0.4875 0.48750111 1.0125 0.5 0.5 0.5 0.5 0.49999842 0.08 0.08 0.08 -0.1420951 -0.6025 -0.6025 -0.6025 -0.91749999 -0.91749944 -0.335 -0.335 -0.27017151 -0.27
-0.68 -0.68 -0.83337685 -0.92 -0.92 -0.92 -0.82717171 -0.64308302 -0.6425 -0.6425 -0.34000007 -0.34 -0.34 -0.34 -0.34 -0.27662637 0.025 0.025 0.025 0.025 0.40749704 0.4075 0.4075 0.4075 0.475 0.475 0.475 0.475 0.475 0.77938778 0.4875 0.4875 0.4875 1.0125 1.0125 1.012102 0.5 0.5 0.87143382 1.1599999 0.08 0.08 0.08 -0.13760448 -0.6025 -0.6025 -0.6025 0.2375 -0.32786671 -0.335 -0.335 -0.27 -0.27
-0.19 -0.19 -0.19 -0.73696893 -0.91952025 -0.8275 -0.8275 -0.8275 -0.8275 -0.6575 -0.6575 -0.34000002 -0.34 -0.34 -0.34 -0.33997686 0.025 0.025 0.025 0.025 0.24058941 0.4075 0.4075 0.42326768 0.98617705 0.475 0.475 0.475 0.8825 0.8825 0.8825 0.88249834 1.0125 1.0125 1.0125 1.0125 1.16 1.16 1.16 1.16 0.2425 0.2425 0.2425 -0.13249246 -0.1325 -0.1325 -0.13250015 0.2375 0.2375 -0.33430244 -0.335 -0.26999574 -0.27
-0.19 -0.19 -0.19 -0.19002154 -0.59 -0.6245364 -0.8275 -0.8275 -0.8275 -0.6575 -0.6575 -0.6575 -0.17250001 -0.1725 -0.1725 -0.17250001 0.023667349 0.025 0.025 0.025 0.030832953 1.0099983 1.01 1.01 1.01 1.01 1.185 1.185 0.8825 0.8825 0.8825 0.8825 1.0125002 1.0125 1.0125 1.012525 1.16 1.16 1.16 1.1580479 0.2425 0.2425 0.2425 -0.13248261 -0.1325 -0.1325 -0.1325 0.2375 0.2375 0.23750005 0.575 0.575 0.3675
-0.19 -0.19 -0.19 -0.58999908 -0.59 -0.59 -0.82749991 -0.8275 -0.8275 -0.6575 -0.6575 -0.6575 -0.1725 -0.1725 -0.1725 -0.21286456 -0.7025 -0.7025 -0.70249812 0.020890898 1.01 1.01 1.01 1.01 1.01 1.0101317 1.185 1.185 1.185 0.8825 0.8825 0.88239862 1.32 1.32 1.32 0.52 0.52 0.715 0.715 0.715 0.2275 0.24249529 0.24249968 0.2 0.2 0.18739863 -0.13249849 0.2375 0.2375 0.575 0.575 0.575 0.3675
-0.19 -0.19 -0.19 -0.59 -0.59 -0.59 -0.59 -0.8275 -0.8275 -0.6575 -0.6575 -0.191893 -0.1725 -0.1725 -0.1725 -0.7025 -0.7025 -0.7025 -0.7025 -0.7025 1.01 1.01 1.01 1.01 1.01 1.1849994 1.185 1.185 1.185 0.725 0.725 0.725 1.32 1.32 1.32 0.52 0.52 0.715 0.715 0.2275 0.2275 0.2275 0.2 0.2 0.2 0.2 0.22279589 0.4775 0.4775 0.4775 0.575 0.4425 0.4425
-0.19 -0.19 -0.19055702 -0.59 -0.59 -0.59 -0.59 -0.89940383 -0.915 -0.91455791 -0.65749999 -0.17252827 -0.1725 -0.1725 -0.17250183 -0.7025 -0.7025 -0.7025 -0.7025 -0.7025 -0.047399629 1.01 1.01 1.01 1.009931 1.1849713 1.185 1.185 1.185 0.725 0.725 0.725 0.72508601 1.32 0.52 0.52 0.52 0.52000805 0.71496675 0.2275 0.2275 0.2275 0.20000167 0.2 0.2 0.2 0.47750353 0.4775 0.4775 0.4775 0.4425 0.4425 0.4425
-0.6425 -0.64249921 -0.58979148 -0.59 -0.59 -0.59 -0.91493084 -0.915 -0.915 -0.915 -0.51000001 -0.51 -0.51 -0.51 -0.70161149 -0.7025 -0.7025 -0.7025 -0.7025 -0.092500363 -0.0925 -0.0925 0.67500006 0.675 0.675 0.675 0.71901956 1.185 0.74001823 0.74 0.74 0.74 0.74 0.5575 0.5575 0.5575 0.5575 0.5575 0.735 0.735 0.735 0.735 0.735 0.83154655 0.8325 0.8325 0.8325 0.4775 0.4775 0.4775 0.44250551 0.4425 0.4425
-0.6425 -0.6425 -0.63986265 -0.32750053 -0.32750006 -0.32807289 -0.915 -0.915 -0.915 -0.915 -0.51 -0.51 -0.51 -0.51 -0.51 -0.7025 -0.7025 -0.7025 -0.092500153 -0.0925 -0.0925 -0.0925 0.675 0.675 0.675 0.675 0.675 0.67510797 0.73986581 0.74 0.74 0.74 0.73994609 0.45120595 0.55738994 0.5575 0.5575 0.5575 0.735 0.735 0.735 0.735 0.735 0.8325 0.8325 0.8325 0.8325 0.66649506 0.4775 0.37367148 0.3725 0.1575 0.1575
-0.6425 -0.6425 -0.3275399 -0.3275 -0.3275 -0.3275 -0.47672252 -0.915 -0.915 -0.915 -0.51 -0.51 -0.51 -0.51 -0.51 -0.70235227 -0.7025 -0.092678848 -0.0925 -0.0925 -0.0925 -0.0925 0.39067465 0.675 0.675 0.675 0.675 0.67479989 0.3925 0.3925 0.3925 0.3925 0.3925 0.37 0.37 0.37 0.37 0.37 0.535 0.535 0.535 0.535 0.535 0.83216427 0.83249993 0.8325 0.83247669 0.82962927 0.3725 0.3725 0.3725 0.1575012 0.1575
-0.64250016 -0.7282941 -0.32750006 -0.3275 -0.3275 -0.3275 -0.3275 -0.91474985 -0.915 -0.915 -0.51 -0.51 -0.51 -0.51 -0.55155602 -0.5525 -0.5525 -0.092511839 -0.0925 -0.0925 -0.0925 -0.0925 -0.092499963 0.675 0.675 0.675 0.675 0.3025001 0.30250004 0.32165419 0.3925 0.3925 0.3925 0.37 0.37 0.37 0.37 0.3698747 0.535 0.535 0.535 0.535 0.53498602 0.695 0.695 0.695 0.695 0.69497399 0.3725 0.3725 0.3725 0.37249989 0.1969109
-0.73 -0.73 -0.64895044 -0.3275 -0.3275 -0.3275 -0.3275 -0.3275 -0.91474862 -0.55250001 -0.5525 -0.5525 -0.55239914 -0.55249994 -0.5525 -0.5525 -0.5525 -0.5525 -0.092500719 -0.09865435 -0.1525 -0.1525 -0.1525 0.055324542 0.62497727 0.3573151 0.13160507 0.3025 0.3025 0.3025 0.3025 0.3025 0.30379085 0.18443884 0.185 0.185 0.185 0.185 0.5007166 0.35250033 0.3525 0.3525 0.3525 0.42000081 0.69499993 0.695 0.695 0.3275 0.37249928 0.3725 0.3725 0.1975 0.1975
-0.73 -0.73 -0.685 -0.685 -0.685 -0.32761909 -0.3275 -0.3275 -0.5525 -0.5525 -0.5525 -0.5525 -0.5525 -0.5525 -0.5525 -0.5525 -0.5525 -0.5525 -0.1525 -0.1525 -0.1525 -0.1525 -0.1525 0.04999999 0.05 0.05 0.05 0.3025 0.3025 0.3025 0.3025 0.3025 0.135 0.135 0.185 0.185 0.185 0.11001277 0.11 0.3525 0.3525 0.3525 0.35249996 0.42 0.42 0.42 0.3275 0.3275 0.3275 0.25 0.25 0.1975 0.1975
-0.73 -0.73 -0.685 -0.685 -0.685 -0.685 -0.68499973 -0.635 -0.55257768 -0.5525 -0.5525 -0.5525 -0.5525 -0.5525 -0.5525 -0.5525 -0.5525 -0.5525 -0.15250001 -0.1525 -0.1525 -0.1525 -0.1525 0.05 0.05 0.05 0.05 0.050001029 0.3025 0.3025 0.3025 0.13500878 0.135 0.135 0.135 0.185 0.11 0.11 0.11 0.11638063 0.13964036 0.1 0.1 0.42 0.42 0.42 0.3275 0.3275 0.3275 0.25 0.25 0.25 0.43525054
-1.0475 -1.0474975 -0.685 -0.685 -0.685 -0.685 -0.635 -0.635 -0.635 -0.5525 -0.5525 -0.5525 -0.5525 -0.5525 -0.5525 -0.5525 -0.5525 -0.5525 -0.15250713 -0.1525 -0.1525 -0.1525 0.014320531 0.05 0.05 0.05 0.05 0.14249992 0.1425 0.1425 0.30077651 0.135 0.135 0.135 0.13499972 -0.155 0.11 0.11 0.11 0.11 0.1 0.1 0.1 0.2925 0.2925 0.2925 0.24750779 0.3275 0.3275 0.25 0.25 0.25 0.45999905
