interpolatedSpi/02-07|21_2.tif
NCOLS 53
NROWS 52
XLLCORNER -116.03883
YLLCORNER 28.596182
DX 0.49850594
DY 0.49788537
NODATA_VALUE -9999
[rows 0 to 26 of 52, columns 0 to 52 of 53]
-0.86571429 -0.86571429 -0.74789377 -1.0685714 -1.0514286 -1.3114286 -1.1957143 -1.1157143 -1.032662 -1.1671429 -1.1928571 -0.91571429 -1.4442155 -0.59142857 -1.1642857 -1.1642857 -1.1642857 -0.49571429 -0.51428571 -0.51428571 -0.51428571 -0.51428734 -0.68285714 -0.72428571 -0.72428571 -0.72428571 -0.065716415 -0.065714286 -0.065714286 -0.14857143 -0.14857143 -0.14857143 -0.14857143 -1.0114284 -1.0114286 -1.0114286 -1.0114286 -1.0114286 -1.0114286 -1.0114285 0.65349463 0.67101619 -0.94714286 -0.94714286 -0.94714286 -0.94714286 -0.94671352 -0.68428571 -0.68428571 -0.68428571 0.97571084 0.97571429 0.97571429
-0.86573479 -1.3271429 -1.1042857 -1.2454229 -1.4258457 -0.96285714 -1.0142857 -1.3927437 -1.5457143 -1.4542857 -1.2914286 -1.4442857 -1.4442857 -0.86195207 -0.59143691 -1.1642857 -0.49571429 -0.49571429 -0.5142615 -0.51428571 -0.51428571 -0.51428571 -0.7481228 -0.72428571 -0.72428571 -0.72428571 -1.1442857 -1.1442857 -0.14857143 -0.14857143 -0.14857143 -0.14857143 -0.14857143 -1.0114284 -1.0114286 -1.0114286 -1.0114286 -1.0114286 -1.0114285 -0.99239339 -0.92141755 -0.94402248 -0.94714286 -0.94714286 -0.94714286 -0.94714286 -0.94714286 -0.68428571 -0.68428571 -0.68428571 -0.54663693 0.97571429 0.97571429
-1.5228329 -1.5228571 -1.0871429 -1.0271429 -1.18 -1.3742857 -0.98142857 -1.3357143 -1.4585714 -1.4757143 -1.1985714 -1.4971429 -0.87 -1.5014286 -0.86285714 -1.61 -0.49571429 -0.49571429 -0.49571429 -1.056985 -1.0571429 -1.0571429 -1.1771429 -0.72428571 -0.72428571 -0.72428571 -1.1442857 -1.1442857 -1.1442857 -0.14857143 -0.14857143 -0.14857148 -0.6395995 -1.0109034 -1.0083703 -0.685868 -0.68285714 -0.68285714 -0.71286314 -0.92142857 -0.92142857 -0.92146145 -0.94714286 -0.94714286 -0.94714286 -0.94714286 -0.94714286 -0.68428571 -0.68428571 -0.68428571 -0.68428571 0.97571429 0.97571429
-0.60285714 -1.5228571 -1.2257294 -0.54571429 -1.02 -1.2428571 -1.1228571 -1.2871429 -1.2785714 -1.1805494 -1.0971429 -1.73 -1.6828571 -1.5014286 -1.3942857 -1.61 -1.8212286 -1.8219273 -1.7414286 -1.0571429 -1.0571429 -1.8557143 -1.1771429 -1.1771429 -0.72428571 -0.72428781 -1.1442857 -1.1442857 -1.1442857 -0.97571429 -1.0815307 -1.1685714 -1.1685714 -1.168571 -0.68285714 -0.68285714 -0.68285714 -0.68285714 -0.92142857 -0.92142857 -0.92142857 -0.92142857 -0.94714286 -0.94714286 -0.94714286 -0.94714286 -0.94714286 -0.68428903 -0.68428571 -0.68428571 -0.68428571 0.97565596 0.97571429
-0.60285714 -0.25143036 -1.2257143 -1.360471 -1.02 -1.0714286 -1.3685452 -0.96428571 -1.0928571 -1.1085715 -1.6078798 -1.8456412 -1.3357143 -1.3942857 -1.3942857 -1.541964 -1.8228571 -1.8228571 -1.7414286 -1.7414286 -1.0571444 -1.8557143 -1.3057143 -0.78285714 -0.63428571 -0.63420867 -1.1442857 -1.1442857 -0.97571429 -0.97571429 -1.1685714 -1.1685714 -1.1685714 -1.0228314 -0.68285714 -0.68285714 -0.68285714 -0.92142857 -0.92142857 -0.92142857 -0.92142857 -0.92140954 -0.94714285 -0.94714286 -0.94714286 -0.94714286 -0.94714286 -0.9448031 -0.68428571 -0.68429135 -0.81 -0.81 -0.81
-1.4142857 -0.71285714 -0.44000002 -0.91285714 -1.55 -1.0485714 -1.2457143 -1.2096834 -1.1242857 -0.83285714 -0.88714286 -0.73428571 -0.73428611 -1.09 -1.09 -1.4799717 -1.48 -1.2785714 -1.2785714 -1.7414278 -1.4714286 -1.4714286 -0.78285714 -0.63428571 -0.63428571 -0.30428571 -0.70428571 -0.70428571 -0.35148549 -0.97571429 -1.1685714 -1.1685714 -0.39571429 -0.39575727 -0.80711348 -1.1271429 -1.1271429 -0.98507098 -0.92142857 -0.92142857 -0.72453159 -0.72428571 -0.72428555 -1.5618116 -1.572788 -1.572857 -1.5728571 -1.5728569 -1.3339509 -0.81 -0.81 -0.81 -0.81
-0.22000149 -0.41142857 -0.055848027 -0.37714286 -0.69428571 -1.4214286 -0.86714285 -0.95 -0.99285714 -0.99285714 -0.88714286 -1.1571429 -0.6485715 -1.09 -1.3628563 -1.3628571 -1.48 -1.1785714 -0.82428571 -0.82428571 -1.4243021 -1.3714286 -1.3714286 -0.094285722 -0.30428571 -0.30428571 -0.70428571 -0.70428571 -0.35143856 -0.3516125 -0.65672747 -0.39571429 -0.39571429 -0.80714286 -0.80714286 -1.1621554 -1.1271429 -1.1271429 -0.91715014 -0.72428598 -0.72428571 -0.72428571 -0.72428576 -1.5728555 -1.5728571 -1.5728571 -1.5728571 -1.5728571 -1.4457143 -0.81012598 -0.81 -0.81 -0.81
-0.22 0.18 0.084285714 -0.92571429 -1.231411 -1.1614286 -0.87142857 -1.2471428 -1.2571429 -1.2142857 -1.2142857 -0.90285714 -0.64857143 -0.64857143 -1.3579565 -1.4916642 -1.5042857 -0.65857143 -1.1114283 -0.82428571 -0.41940559 -0.4 -0.73428571 -0.18428572 -0.18428914 -0.45 -0.45285714 -0.45285723 -0.52225643 -0.52285714 -0.65714286 -1.0162552 -0.61428571 -0.80714286 -0.82152569 -1.1914286 -1.1914286 -0.91714286 -0.91714286 -0.72428571 -0.72428571 -0.72428571 -1.2839607 -1.2871429 -1.5728571 -1.5728571 -1.5728571 -1.4457191 -1.4457143 -1.4457143 -0.81 -0.81 -0.81
-0.080300519 0.18 0.30428571 -0.27428571 -1.0685714 -1.1728571 -1.25 -1.33 -1.5371429 -1.3434794 -1.2314286 -1.03 -1.03 -1.0214286 -1.0214307 -1.2606808 -1.26 -1.26 -0.72770077 -0.78142854 -0.62857143 -0.62857143 -0.70142857 -0.72133725 -0.42322302 -0.45 -0.20857143 -0.45285714 -0.62897062 -0.63 -1.1285714 -0.62285714 -0.78402578 -1.29 -1.3114286 -1.4185714 -1.4514286 -1.2614286 -1.2414378 -0.72390311 -0.63857143 -0.85 -1.2871019 -1.2871429 -1.288751 -1.5728571 -1.5628571 -1.4457143 -1.4457143 -1.4457143 -1.4457143 -0.78812226 -0.62428571
-1.5357143 -1.5357143 0.15285714 -0.57857143 -1.1114286 -1.3457143 -1.2314286 -1.3628571 -1.4785714 -1.2942737 -1.4471429 -0.17 -1.0214286 -1.0214286 -1.2428571 -1.2430923 -1.26 -1.2600199 -1.3157143 -0.78142857 -0.78142857 -0.76173545 -0.70142857 -0.68571458 -0.68571429 -0.68571429 -0.20857143 -0.21428571 -0.21428571 -0.63 -0.63 -0.62346406 -0.94285714 -1.29 -0.71714286 -1.4185714 -1.4514286 -1.2285714 -1.2414286 -0.94207442 -0.84999999 -0.91822017 -1.0357143 -1.2871429 -1.2871429 -1.5628571 -1.5628571 -1.5628571 -1.4457143 -1.4457143 -0.63428571 -0.63428571 -0.63428571
-1.5357143 -1.5357143 -0.58428571 -1.29 -1.2114286 -0.81571429 -1.1971429 -1.2258493 -1.3528571 -1.2671429 -1.3671429 -1.0428571 -0.17116329 -1.2428571 -1.2428571 -1.2429021 -1.6328571 -1.616212 -1.3157143 -1.39 -1.39 -0.97571429 -0.97571429 -0.68571429 -0.68571429 -0.68571429 -0.21428571 -0.21428571 -0.21428571 -1.44 -1.44 -1.4399992 -1.0228571 -1.0228571 -1.2085714 -1.76 -1.2328571 -2.094279 -1.4885714 -0.93714286 -0.93714286 -0.43857339 -1.0357143 -1.2871429 -1.2514288 -1.5042857 -0.82746657 -0.82428572 -0.82 -0.82 -0.63428571 -0.63428571 -0.63428571
-1.5357143 -1.1250549 -0.88543917 -1.1342864 -0.54571429 -1.3942857 -1.1971429 -1.2257143 -1.3528561 -1.2680925 -1.0428574 -1.0428571 -1.0957143 -1.2428571 -1.2428571 -1.6328571 -1.6328571 -1.6328391 -1.3157143 -1.39 -1.3086427 -0.97571429 -0.97571429 -0.68572643 -0.68571429 -0.72375183 -0.80142857 -0.80142857 -0.8014285 -1.44 -1.44 -1.4671429 -1.4671429 -1.0228577 -1.2085714 -1.4800001 -1.2443112 -2.0942857 -2.0942857 -0.93714284 -0.43857143 -0.43857143 -0.4385774 -1.2514286 -1.2514286 -1.5042857 -0.82428571 -0.82428571 -0.82 -0.82 -0.63428571 -0.63428571 -0.63428571
-1.9542857 -0.98753822 -1.0114381 -1.0123112 -0.54571868 -1.3942657 -1.1971429 -1.2253626 -1.3440957 -1.3506189 -1.0957143 -1.0957143 -1.0957143 -1.0957143 -1.2428363 -1.6328571 -1.6328571 -1.6287623 -1.3157143 -1.3900235 -1.4728571 -1.4728571 -1.4728571 -1.4728571 -0.6991251 -0.80142857 -0.80142857 -0.80142857 -0.80142857 -0.80193185 -1.4671429 -1.4671429 -1.4671429 -1.4671429 -1.48 -1.48 -1.48 -2.0637452 -2.0895541 -1.4642857 -1.4642857 -0.4386266 -1.1042908 -1.2514144 -1.2514286 -1.5042857 -0.82428571 -0.82428571 -0.82 -0.82 -0.63495947 -0.63428571 -0.13708577
-1.9542857 -1.0114286 -1.0114286 -1.0114286 -1.0114286 -1.0114287 -1.1976474 -1.2106783 -1.320721 -1.0959891 -1.0957143 -1.0957143 -1.0957143 -1.0957143 -1.0957143 -1.6328571 -1.6328571 -1.6111033 -1.3157192 -1.4728571 -1.4728571 -1.4728571 -1.4728571 -1.4728571 -1.4743677 -1.1498151 -1.2742856 -1.2742857 -1.2742857 -1.2742857 -1.4671429 -1.4671429 -1.4671426 -1.2142857 -1.2142857 -1.48 -1.1980644 -1.19 -1.4642856 -1.4642857 -1.4642857 -1.4642857 -1.1042857 -1.1042857 -1.1042857 -1.1070693 -0.80739563 -0.80714286 -0.80714286 -0.80714286 -0.80714286 -0.54285716 -0.54285714
-1.4714286 -1.0114286 -1.0114286 -1.0114286 -1.0114286 -1.0114286 -1.0114286 -1.1584074 -1.1408505 -1.14 -1.14 -1.14 -1.14 -1.14 -1.14 -1.0406858 -1.6233979 -1.5894296 -1.4728375 -1.4728571 -1.4728571 -1.4728571 -1.4728571 -1.4728568 -1.5428571 -1.5428571 -1.5428568 -1.2742857 -1.2742857 -1.2747434 -1.5028571 -1.5028571 -1.2142857 -1.2142857 -1.2142857 -1.1938902 -1.19 -1.19 -1.19 -1.4642857 -1.4642857 -1.4642857 -1.1042857 -1.1042857 -1.1042857 -1.1042857 -0.80714285 -0.80714286 -0.80714286 -0.80714286 -0.80714286 -0.54285714 -0.54285714
-1.4714286 -1.3001758 -1.0114286 -1.0114286 -1.0114286 -1.0114286 -1.0442793 -1.0442857 -1.0442857 -1.14 -1.14 -1.14 -1.14 -1.14 -1.1176241 -1.0385714 -1.0385714 -1.0385714 -1.1979821 -1.1971431 -1.1971429 -1.1971429 -1.1971429 -1.1971429 -1.5428571 -1.5428571 -1.5428571 -1.5428571 -1.2742857 -1.5028571 -1.5028571 -1.5028571 -1.2142857 -1.2142857 -1.2142857 -1.0514286 -1.1898165 -1.19 -1.19 -1.4641756 -1.2446089 -0.73219462 -1.1042857 -1.1042857 -0.63716032 -0.63571429 -0.63571429 -0.80629079 -0.2903836 -0.28857147 -0.28857153 -0.050074659 -0.54285614
-1.4714286 -1.2948725 -1.1523985 -1.0114286 -1.0114286 -1.0442663 -1.0442857 -1.0442857 -1.0442857 -1.0449755 -1.14 -1.14 -1.14 -1.14 -1.0385714 -1.0385714 -1.0385714 -1.0385714 -1.1970012 -1.1971429 -1.1971429 -1.1971429 -1.1971429 -1.1971429 -1.5428571 -1.5428571 -1.5428571 -1.5428571 -1.5427116 -1.5028571 -1.5028571 -1.5028571 -1.61 -1.2142787 -1.0514286 -1.0514286 -1.0514286 -1.04979 -0.75912609 -0.73 -0.73 -0.73 -0.88 -0.88 -0.63571429 -0.63571429 -0.63571429 -0.28857143 -0.28857143 -0.28857143 -0.28857143 -0.05 -0.05
-1.289999 -1.29 -1.29 -1.29 -0.94571429 -1.0442832 -1.0442857 -1.0442857 -1.0442857 -1.0442857 -1.1223708 -1.139997 -1.14 -1.0385714 -1.0385714 -1.0385714 -1.0385714 -1.0385714 -1.0261119 -1.1971429 -1.1971429 -1.1971429 -1.1971429 -1.1971429 -1.2986801 -1.1985733 -1.1985714 -1.1985714 -1.1985714 -1.5028571 -1.61 -1.61 -1.61 -1.61 -1.0514286 -1.0514246 -0.90142857 -0.90142857 -0.73214054 -0.73 -0.73 -0.73 -0.88 -0.88 -0.67353813 -0.63571429 -0.63571429 -0.28857143 -0.28857143 -0.28857143 -0.28601332 -0.05 -0.05
-1.29 -1.29 -1.29 -1.1278707 -0.94571429 -0.94571429 -1.0442857 -1.0442857 -1.0442857 -1.0442857 -0.90714286 -0.90714286 -0.90714286 -1.0385714 -1.0385714 -1.0385714 -1.0385714 -1.0384678 -0.64428571 -0.64428571 -1.1971426 -1.1971429 -1.1976993 -1.22 -1.2198071 -1.1985714 -1.1985714 -1.1985714 -1.1985714 -1.6099581 -1.61 -1.61 -1.61 -1.61 -0.9014291 -0.90142857 -0.90142857 -0.90142857 -0.90080289 -0.73 -0.73 -0.73 -0.88 -0.88 -0.88 -0.63571429 -0.63571429 -0.28857144 -0.28857143 -0.28857143 -0.05 -0.05 -0.05
-1.29 -1.29 -1.29 -0.94571429 -0.94571429 -0.94571429 -0.94571444 -1.0442857 -1.0442857 -0.90728443 -0.90714286 -0.90714286 -0.90714286 -0.90722473 -0.53094794 -0.41142857 -0.41142857 -0.41142857 -0.64428571 -0.64428571 -0.64428571 -1.22 -1.22 -1.22 -1.2197107 -0.66805255 -1.1985714 -1.1985714 -1.1985714 -0.99634121 -0.86721592 -0.86714286 -0.86714286 -0.86714286 -0.73707126 -0.50571518 -0.50571429 -0.50571429 -0.50571429 -0.4628937 -0.46285714 -0.46285714 -0.88 -0.88 -0.76714333 -0.76714284 -0.71142857 -0.71142857 -0.44857143 -0.44857143 -0.44857143 -0.05 -0.27693976
-1.2899977 -1.29 -1.29 -0.94571429 -0.94571429 -0.94571429 -0.94571428 -0.83428578 -1.0434461 -0.90708068 -0.90714286 -0.90714286 -0.90714286 -0.90617013 -0.41142857 -0.41142857 -0.41142857 -0.41142864 -0.64428571 -0.64428571 -0.64428571 -1.22 -1.22 -1.22 -0.18714286 -0.18714286 -0.38857143 -0.38857143 -0.38857143 -0.39118219 -0.86714286 -0.86714286 -0.86714286 -0.86714286 -0.68652779 -0.50571429 -0.50571429 -0.50571429 -0.50571429 -0.46285714 -0.46285714 -0.46285714 -0.47243114 -0.76714286 -0.76714286 -0.76714286 -0.71142857 -0.71142857 -0.44857143 -0.44857143 -0.44857143 -0.27714286 -0.27714286
-0.54142857 -0.89216816 -0.99857143 -0.99855609 -0.94571429 -0.83493044 -0.83428571 -0.83428571 -0.85771005 -0.83857143 -0.83857143 -0.83857143 -0.83857143 -0.065739445 -0.065714287 -0.41142831 -0.41142857 -0.41756401 -0.64428571 -0.64428571 -0.64428571 -0.22 -0.22 -0.22 -0.18714286 -0.18714286 -0.38857143 -0.38857143 -0.38857143 -0.38857132 -0.23428974 -0.23428749 -0.85123694 -0.86646439 -0.41051961 -0.41 -0.41 -0.41 -0.41 -0.46285714 -0.46285714 -0.46285714 -0.75038783 -0.76714286 -0.76714286 -0.76714286 -0.71142857 -0.71142857 -0.71141911 -0.44857143 -0.44858599 -0.77428571 -0.27714286
-0.8170905 -0.81714289 -0.99857143 -0.99857143 -0.99857143 -0.83428571 -0.83428571 -0.83428571 -0.89857143 -0.89857143 -0.83857143 -0.83857143 -0.83857143 -0.065714286 -0.065714286 -0.065714286 -0.065714286 -0.065779807 -0.64428571 -0.64428571 -0.6442857 -0.22 -0.22 -0.22 -0.18714286 -0.18714286 -0.38857143 -0.38857143 -0.38857143 -0.2360253 -0.23428571 -0.23428571 -0.23428571 -0.23428571 -0.4099133 -0.41 -0.41 -0.41 -0.41 -0.31285718 -0.31285714 -0.31285714 -0.31285714 -0.7671429 -0.77285714 -0.77285714 -0.77285714 -0.91428571 -0.91428571 -0.91428571 -0.77428571 -0.77428571 -0.77428571
-0.81714286 -0.81714286 -0.99857143 -0.99857143 -0.99857143 -0.83514923 -0.83428571 -0.89857143 -0.89857143 -0.89857143 -0.83857881 -0.83857143 -0.63545757 -0.065714405 -0.065714286 -0.065714286 -0.065714286 -0.10857143 -0.10857143 -0.10857143 0.014285709 0.01428554 -0.21999886 -0.22 -0.21992217 -0.10428571 -0.10428571 -0.10428639 -0.38852549 0.15992142 0.1599979 0.15993116 -0.23361184 -0.23394545 -0.37844762 -0.40999979 -0.40813768 0.14571429 0.14571429 -0.31285714 -0.31285714 -0.31285714 -0.31285714 -0.77285714 -0.77285714 -0.77285714 -0.77285714 -0.91428571 -0.91428571 -0.91428571 -0.77428571 -0.77428571 -0.77428571
-0.81714286 -0.81714286 -0.99857143 -0.99857143 -0.99857143 -0.99857143 -0.85834598 -0.89857143 -0.89857143 -0.89857143 -0.89840098 -0.59 -0.59 -0.59 -0.068804022 -0.065714286 -0.10828584 -0.10857143 -0.10857143 -0.10857143 0.014285714 0.014285714 0.014285714 0.014285714 -0.10428571 -0.10428571 -0.10428571 -0.10428571 -0.10428571 0.16 0.16 0.16 0.16 0.16000029 0.29857143 0.14571429 0.14571429 0.14571429 0.14571429 0.14571342 -0.055714286 -0.055714286 -0.055714286 -0.24631479 -0.64142857 -0.64142857 -0.64142857 -0.91428571 -0.91428507 -0.24714286 -0.24714286 -0.16300589 -0.16285714
-0.81714286 -0.81714286 -0.93308845 -0.99857143 -0.99857143 -0.99857143 -0.96559514 -0.89878303 -0.89857143 -0.89857143 -0.59000003 -0.59 -0.59 -0.59 -0.59 -0.54695437 -0.10857143 -0.10857143 -0.10857143 -0.10857143 0.014284764 0.014285714 0.014285714 0.014285714 -0.10428571 -0.10428571 -0.10428571 -0.10428571 -0.10428571 0.2370626 0.16 0.16 0.16 0.29857143 0.29857143 0.29845273 0.14571429 0.14571429 0.43594721 0.66142852 -0.055714286 -0.055714286 -0.055714286 -0.24098615 -0.64142857 -0.64142857 -0.64142857 0.47285714 -0.23817173 -0.24714286 -0.24714286 -0.16285714 -0.16285714
-0.35 -0.35 -0.35 -0.83595674 -0.99814264 -0.96571429 -0.96571429 -0.96571429 -0.96571429 -0.71142857 -0.71142857 -0.59000001 -0.59 -0.59 -0.59 -0.58996947 -0.10857143 -0.10857143 -0.10857143 -0.10857143 -0.039325158 0.014285714 0.014285714 0.025015586 0.40074902 -0.10428571 -0.10428571 -0.10428571 0.26428571 0.26428571 0.26428571 0.26428528 0.29857143 0.29857143 0.29857143 0.29857143 0.66142857 0.66142857 0.66142857 0.66142857 0.17714286 0.17714286 0.17714286 0.1785714 0.17857143 0.17857143 0.17857117 0.47285714 0.47285714 -0.24626558 -0.24714286 -0.16285329 -0.16285714
