interpolatedSpi/02-04|19_2.tif
NCOLS 53
NROWS 52
XLLCORNER -116.03883
YLLCORNER 28.596182
DX 0.49850594
DY 0.49788537
NODATA_VALUE -9999
[rows 0 to 31 of 52, columns 0 to 52 of 53]
-0.45666667 -0.45666667 -0.65633049 -0.38666667 -0.37333333 -0.52 -0.99 -1.0533333 -1.166779 -0.95333333 -0.61 -0.76333333 -0.83995553 -0.3 -0.64 -0.64 -0.64 -0.22 -0.62333333 -0.62333333 -0.62333333 -0.62334425 -1.7566667 -0.80666667 -0.80666667 -0.80666667 -1.1833317 -1.1833333 -1.1833333 -1.6366667 -1.6366667 -1.6366667 -1.6366667 -2.1266666 -2.1266667 -2.1266667 -2.1266667 -2.1266667 -2.1266667 -2.1266666 0.09605945 0.11973409 -0.92333333 -0.92333333 -0.92333333 -0.92333333 -0.92463456 -1.72 -1.72 -1.72 -1.5833336 -1.5833333 -1.5833333
-0.45669614 -1.12 -0.6899995 -0.64616193 -0.72036183 -0.57666667 -0.076666667 -0.52694736 -1.2966667 -1.1466667 -0.67333333 -0.84 -0.84 -0.27010003 -0.30000264 -0.64 -0.22 -0.22 -0.62280744 -0.62333333 -0.62333333 -0.62333333 -0.81912411 -0.80666667 -0.80666667 -0.80666667 -0.44000003 -0.44 -1.6366667 -1.6366667 -1.6366667 -1.6366667 -1.6366667 -2.1266666 -2.1266667 -2.1266667 -2.1266667 -2.1266667 -2.1266665 -1.7448229 0.096599061 -0.79956428 -0.92333333 -0.92333333 -0.92333333 -0.92333333 -0.92333333 -1.72 -1.72 -1.72 -1.7086675 -1.5833333 -1.5833333
-0.38333427 -0.38333333 -0.25333333 0.26 -0.75 -1.2466667 -0.83666667 -0.98 -1.2366667 -0.91 -0.61 -1.3466667 -0.72 -0.02 -0.27 -0.89 -0.22 -0.22 -0.22 -0.59000969 -0.59 -0.59 -1.0433333 -0.80666667 -0.80666667 -0.80666667 -0.44 -0.44 -0.44 -1.6366667 -1.6366667 -1.6366667 -1.6462947 -2.1209542 -2.1019698 0.50235292 0.52666667 0.52666667 0.472584 0.09666667 0.096666667 0.095362345 -0.92333333 -0.92333333 -0.92333333 -0.92333333 -0.92333333 -1.72 -1.72 -1.72 -1.72 -1.5833333 -1.5833333
0.36 -0.38333342 -0.8234232 0.036666666 -0.83333333 -0.95333333 -0.99333333 -1.3966667 -1.13 0.043456646 -0.88 -1.1266667 -1.11 -0.02 -0.62 -0.89 -0.95946443 -0.95948151 -1.2933333 -0.59 -0.59 -0.93 -1.0433333 -1.0433333 -0.80666667 -0.80666484 -0.44 -0.44 -0.44 -1.0266667 -1.3723336 -1.6566667 -1.6566667 -1.656665 0.52666667 0.52666667 0.52666667 0.52666667 0.096666667 0.096666667 0.096666667 0.096666628 -0.92333333 -0.92333333 -0.92333333 -0.92333333 -0.92333333 -1.71999 -1.72 -1.72 -1.72 -1.5832724 -1.5833333
0.36 -0.82333333 -0.82333333 -1.1981413 -0.83333333 -1.3566667 -1.6332927 -1.4233333 -1.2766667 -1.2833333 -1.2045592 -1.1632932 -0.88333333 -0.62 -0.62 -0.80175631 -0.96 -0.96 -1.2933333 -1.2933333 -0.59000073 -0.93 -1.36 -1.2566667 -0.93 -0.93007082 -0.44 -0.44 -1.0266667 -1.0266667 -1.6566667 -1.6566667 -1.6566667 -1.5674086 0.52666666 0.52666667 0.52666667 0.096666667 0.096666667 0.096666667 0.096666667 0.096677607 -0.92333332 -0.92333333 -0.92333333 -0.92333333 -0.92333333 -0.93042465 -1.72 -1.7199102 0.28333333 0.28333333 0.28333333
-1.77 -0.90666667 0.46666666 -0.77333333 -0.52333333 -1 -0.82666667 -0.90305709 -1.27 -1.0166667 -1.01 -0.84 -0.84000003 -1.6133333 -1.6133333 -1.12324 -1.1233333 -1.0833333 -1.0833333 -1.293333 -1.3833333 -1.3833333 -1.2566667 -0.93 -0.93 -1.2333333 -1.2766667 -1.2766667 -0.83001784 -1.0266667 -1.6566667 -1.6566667 -1.1833333 -1.1832975 -0.84002457 -0.74 -0.74 -0.16217527 0.096666667 0.096666667 0.20985865 0.21 0.21000141 0.56001103 0.58649978 0.58666626 0.58666662 0.58666609 -0.54500053 0.28333333 0.28333333 0.28333333 0.28333333
-1.4266755 -0.74333333 -0.91946801 -0.46333333 0.066666667 -0.79 -1.0266667 -1.22 -0.82666667 -0.82666667 -1.01 -0.82 -1.2299998 -1.6133333 -0.73666929 -0.73666667 -1.1233333 -0.82666667 -0.87666667 -0.87666667 -1.347203 -1.3066667 -1.3066667 -1.08 -1.2333333 -1.2333333 -1.2766667 -1.2766667 -0.82999903 -0.82998212 -0.56078214 -1.1833333 -1.1833333 -0.84 -0.84 -0.92880855 -0.74 -0.74 -0.76666574 0.20999864 0.21 0.21 0.21000798 0.58666607 0.58666667 0.58666667 0.58666667 0.58666593 -0.64666667 0.28314903 0.28333333 0.28333333 0.28333333
-1.4266667 -2.0166667 -1.1033333 -1.24 -0.78335951 -1.2033333 -0.67666667 -0.87999998 -0.63666667 -0.28 -0.28 -0.39666667 -1.23 -1.23 -0.74005139 -0.73970252 -0.74 -0.23 -1.0799998 -0.87666667 -0.077573919 -0.013333333 -0.89666667 -0.83666667 -0.83666821 -0.95666667 -0.37333333 -0.37333365 -0.81339174 -0.81333333 -0.56 -0.40770515 -0.65 -0.84 -0.84019014 -1.0866667 -1.0866667 -0.76666667 -0.76666667 0.21 0.21 0.21000001 0.47882724 0.48000001 0.58666667 0.58666667 0.58666667 -0.64661972 -0.64666667 -0.64666667 0.28333333 0.28333333 0.28333333
-1.8700083 -2.0166667 -1.4966667 -0.20333333 -1.0166667 -1.58 -1.02 -0.42 -0.30333333 -0.061443925 -0.056666667 -0.21666666 -0.21666667 -0.093333333 -0.093330607 -1.3117354 -1.3133333 -1.3133333 -0.35975382 -0.03666682 -0.77 -0.76999999 -0.58 -0.77187354 -0.94457384 -0.95666667 -0.66 -0.37333333 -0.85717198 -0.86 -0.34 -0.62333333 -0.66194676 -1.2033333 -0.84666667 -0.94 -0.76333333 -0.72666667 -0.26687908 0.21260387 0.79333333 0.32666667 0.47994736 0.48 0.48060038 0.58666667 -0.25666662 -0.64666666 -0.64666667 -0.64666667 -0.64666666 0.31944049 0.25666667
-1.05 -1.05 -1.5966667 -1.1066667 -1.0266667 -1.5166667 -0.76333333 -1.0033333 0.26666667 1.8113263e-05 0.23666667 -0.49333333 -0.093333333 -0.093333333 0.19666667 0.17595633 -1.3133333 -1.3129814 0.22 -0.036666667 -0.036666667 -0.13114459 -0.58 -0.81666219 -0.81666667 -0.81666667 -0.66 0.033333333 0.033333333 -0.86 -0.86 -0.62347874 -0.7 -1.2033333 -0.67333333 -0.94 -0.76333333 -1.2466667 -0.26666667 1.1926263 0.32666669 0.26421897 0.15666667 0.48 0.48 -0.25666667 -0.25666667 -0.25666667 -0.64666667 -0.64666667 0.57333333 0.57333333 0.57333321
-1.05 -1.05 -1.9066667 -2.3533333 -1.19 -0.61666667 -0.71666666 -0.57028736 -0.85333333 -0.81 0.15 -0.42333333 -0.49323955 0.19666667 0.19666667 0.19668397 0.34666667 0.34001861 0.22 0.31666667 0.31666667 0.46 0.46 -0.81666667 -0.81666667 -0.81666667 0.033333333 0.033333333 0.033333333 -1.2333333 -1.2333333 -1.2333325 -0.73 -0.73 -1.4366667 -0.76666667 0.076666667 -0.40999972 -0.66333333 1.2166667 1.2166667 0.12333344 0.15666667 0.48 0.40999977 0.083333333 0.45691348 0.46 0.69 0.69 0.57333333 0.57333333 0.57333333
-1.05 -1.4200909 -2.0972753 -2.0500016 -1.0366667 -0.99333333 -0.71666667 -0.57 -0.85333097 -0.81048008 -0.42333384 -0.42333333 0.42333333 0.19666667 0.19666667 0.34666666 0.34666667 0.34665946 0.22 0.31666667 0.34481442 0.46 0.46 -0.81661491 -0.81666667 -0.53725504 0.033333333 0.033333333 0.033333333 -1.2333333 -1.2333333 -0.13666667 -0.13666667 -0.73000194 -1.4366667 0.61999942 0.0039733313 -0.41 -0.41 1.2166666 0.12333333 0.12333333 0.12333541 0.41 0.41 0.083333333 0.46 0.46 0.69 0.69 0.57333333 0.57333333 0.57333333
-0.55666667 -0.41657472 -0.28340983 -0.29612413 -1.0366665 -0.99333436 -0.71666667 -0.57180539 -0.83380877 -0.85220178 0.42333333 0.42333333 0.42333333 0.42333333 0.19669878 0.34666667 0.34666667 0.3450312 0.22 0.3168165 0.83666667 0.83666667 0.83666667 0.83666667 -0.78798479 0.033333333 0.033333333 0.033333333 0.033333333 0.032603683 -0.13666667 -0.13666667 -0.13666667 -0.13666667 0.62 0.62 0.62 -0.36029783 -0.39723208 1.29 1.29 0.12339609 0.85998459 0.41004334 0.41 0.083333333 0.46 0.46 0.69 0.69 0.57375659 0.57333333 0.47254887
-0.55666667 -0.28333333 -0.28333333 -0.28333333 -0.28333333 -0.28333363 -0.71737486 -0.64730623 -0.78171904 0.42195963 0.42333333 0.42333333 0.42333333 0.42333333 0.42333379 0.34666666 0.34666665 0.3379782 0.22000376 0.83666667 0.83666667 0.83666667 0.83666667 0.83666667 0.82383755 0.072949448 0.06666666 0.066666667 0.066666667 0.066666667 -0.13666666 -0.13666667 -0.13666596 0.45333333 0.45333333 0.62 0.99267349 1.0033333 1.2899998 1.29 1.29 1.29 0.86 0.86 0.86 0.85459511 0.68511366 0.68666667 0.68666667 0.68666667 0.68666667 1.2266665 1.2266667
0.72 -0.28333333 -0.28333333 -0.28333333 -0.28333333 -0.28333333 -0.28333336 -0.19978878 1.0470274 1.0566667 1.0566667 1.0566667 1.0566667 1.0566667 1.0566667 0.80511453 0.35384958 0.3293219 0.83658917 0.83666667 0.83666667 0.83666667 0.83666667 0.83666649 0.24333333 0.24333333 0.24333308 0.066666667 0.066666667 0.067674562 0.57 0.57 0.45333333 0.45333333 0.45333333 0.91522945 1.0033333 1.0033333 1.0033333 1.29 1.29 1.29 0.86 0.86 0.86 0.86 0.68666667 0.68666667 0.68666667 0.68666667 0.68666667 1.2266667 1.2266667
0.72 0.3464704 -0.28333333 -0.28333333 -0.28333333 -0.28333333 1.0064135 1.0066667 1.0066667 1.0566667 1.0566667 1.0566667 1.0566667 1.0566667 1.0000442 0.8 0.8 0.8 0.68712358 0.68666682 0.68666667 0.68666667 0.68666667 0.68666667 0.24333333 0.24333333 0.24333333 0.24333333 0.066666667 0.57 0.57 0.57 0.45333334 0.45333333 0.45333333 1.3 1.0037261 1.0033333 1.0033333 1.2899465 1.1832958 0.93439933 0.86 0.86 0.74369337 0.74333333 0.74333333 0.68712108 0.96236651 0.96333331 0.96333328 1.5766135 1.2266674
0.72 0.53510344 0.12825078 -0.28333333 -0.28333333 1.0059045 1.0066667 1.0066667 1.0066667 1.007027 1.0566667 1.0566667 1.0566667 1.0566666 0.8 0.8 0.8 0.8 0.6867679 0.68666667 0.68666667 0.68666667 0.68666667 0.68666667 0.24333334 0.24333333 0.24333333 0.24333333 0.24452154 0.57 0.57 0.57 1.15 0.45343627 1.3 1.3 1.3 1.2980725 0.93777088 0.93333333 0.93333333 0.93333333 1.0066667 1.0066667 0.74333333 0.74333333 0.74333333 0.96333333 0.96333333 0.96333333 0.96333333 1.5766667 1.5766667
0.53056522 0.53 0.53 0.53 0.72 1.0066593 1.0066667 1.0066667 1.0066667 1.0066667 1.0576761 1.0566668 1.0566667 0.8 0.8 0.8 0.8 0.8 0.6972643 0.68666667 0.68666667 0.68666667 0.68666667 0.68666667 0.66047198 0.9566628 0.95666667 0.95666667 0.95666667 0.57000003 1.15 1.15 1.15 1.15 1.3 1.2999954 1.1266667 1.1266667 0.93574739 0.93333333 0.93333333 0.93333333 1.0066667 1.0066667 0.7841064 0.74333333 0.74333333 0.96333333 0.96333333 0.96333333 0.96990986 1.5766667 1.5766667
0.53 0.53 0.53 0.61947383 0.72 0.72 1.0066667 1.0066667 1.0066667 1.0066667 1.07 1.07 1.07 0.8 0.8 0.8 0.8 0.79984025 -0.68666667 -0.68666667 0.68666611 0.68666667 0.6754676 0.22666667 0.23323854 0.95666667 0.95666667 0.95666667 0.95666667 1.1499803 1.15 1.15 1.15 1.15 1.1266673 1.1266667 1.1266667 1.1266667 1.126011 0.93333333 0.93333333 0.93333333 1.0066667 1.0066667 1.0066667 0.74333333 0.74333333 0.96333333 0.96333333 0.96333333 1.5766667 1.5766667 1.5766667
0.53 0.53 0.53 0.72 0.72 0.72 0.72000044 1.0066667 1.0066667 1.0699346 1.07 1.07 1.07 1.0698318 0.017558335 -0.16666667 -0.16666667 -0.16666667 -0.68666667 -0.68666667 -0.68666667 0.22666667 0.22666667 0.22666667 0.2267451 0.72063073 0.95666667 0.95666667 0.95666667 0.88529049 0.83003147 0.83 0.83 0.83 1.3020563 1.549999 1.55 1.55 1.55 1.8765376 1.8766667 1.8766667 1.0066667 1.0066667 1.6199974 1.6199999 1.2 1.2 1.4333333 1.4333333 1.4333333 1.5766667 1.2769349
0.53000321 0.53 0.53000001 0.72 0.72 0.72 0.72000001 1.2166666 1.0075063 1.0699758 1.07 1.07 1.07 1.0675733 -0.16666667 -0.16666667 -0.16666667 -0.16666682 -0.68666667 -0.68666667 -0.68666667 0.22666667 0.22666667 0.22666667 0.50666667 0.50666667 0.68 0.68 0.68 0.6808183 0.83 0.83 0.83 0.83 1.1898023 1.55 1.55 1.55 1.55 1.8766667 1.8766667 1.8766667 1.868591 1.62 1.62 1.62 1.2 1.2 1.4333333 1.4333333 1.4333333 1.2766667 1.2766667
1.5633333 1.0759508 0.91666667 0.91660961 0.72 1.213793 1.2166667 1.2166667 1.2361002 1.0433333 1.0433333 1.0433333 1.0433333 0.43668641 0.43666666 -0.1666662 -0.16666667 -0.1803679 -0.68666667 -0.68666667 -0.68666667 0.12333333 0.12333333 0.12333333 0.50666667 0.50666667 0.68 0.68 0.68 0.68000004 0.73666726 0.73666693 0.82765421 0.82989994 1.3827031 1.3833333 1.3833333 1.3833333 1.3833333 1.8766667 1.8766667 1.8766667 1.6341324 1.62 1.62 1.6199999 1.2 1.2 1.2000084 1.4333333 1.4333083 0.87333333 1.2766667
0.98677618 0.98666665 0.91666667 0.91666667 0.91666667 1.2166667 1.2166667 1.2166667 1.27 1.27 1.0433333 1.0433333 1.0433333 0.43666667 0.43666667 0.43666667 0.43666667 0.43653971 -0.68666667 -0.68666667 -0.68666664 0.12333333 0.12333333 0.12333333 0.50666667 0.50666667 0.68 0.68 0.68 0.73602775 0.73666667 0.73666667 0.73666667 0.73666667 1.3830142 1.3833333 1.3833333 1.3833333 1.3833333 1.1733335 1.1733333 1.1733333 1.1733333 1.6199951 0.97666667 0.97666667 0.97666667 0.98333333 0.98333333 0.98333333 0.87333333 0.87333333 0.87333333
0.98666667 0.98666667 0.91666667 0.91666667 0.91666667 1.2150898 1.2166667 1.27 1.27 1.27 1.0433612 1.0433333 1.1059796 0.43666682 0.43666667 0.43666667 0.43666667 0.80333333 0.80333333 0.80333333 0.29333333 0.29333321 0.12333416 0.12333333 0.12369589 0.55333333 0.55333333 0.55333364 0.67997953 0.7866567 0.7866664 0.78665794 0.73675212 0.73670982 1.2681909 1.383333 1.3806859 0.59333333 0.59333333 1.1733333 1.1733333 1.1733333 1.1733333 0.97666667 0.97666667 0.97666667 0.97666667 0.98333333 0.98333333 0.98333333 0.87333333 0.87333333 0.87333333
0.98666667 0.98666667 0.91666667 0.91666667 0.91666667 0.91666667 1.2366278 1.27 1.27 1.27 1.2699171 1.12 1.12 1.12 0.44069371 0.43666667 0.80088996 0.80333333 0.80333333 0.80333333 0.29333333 0.29333333 0.29333333 0.29333333 0.55333333 0.55333333 0.55333333 0.55333333 0.55333333 0.78666667 0.78666667 0.78666667 0.78666667 0.78666653 0.72333333 0.59333333 0.59333333 0.59333333 0.59333333 0.5933329 0.36333333 0.36333333 0.36333333 0.42299531 0.54666667 0.54666667 0.54666667 0.98333332 0.98333349 1.14 1.14 1.2499084 1.25
0.98666667 0.98666667 0.94193175 0.91666667 0.91666667 0.91666668 1.5661402 1.2709349 1.27 1.27 1.1200001 1.12 1.12 1.12 1.12 1.0639423 0.80333333 0.80333333 0.80333333 0.80333333 0.29333728 0.29333333 0.29333333 0.29333333 0.55333333 0.55333333 0.55333333 0.55333333 0.55333333 0.29649224 0.78666667 0.78666667 0.78666667 0.72333333 0.72333333 0.72323239 0.59333333 0.59333333 0.56331848 0.54 0.36333333 0.36333333 0.36333333 0.4237315 0.54666667 0.54666667 0.54666667 1.1166667 1.1397093 1.14 1.14 1.25 1.25
1.8666667 1.8666667 1.8666667 1.1548578 0.91779585 1.5666667 1.5666667 1.5666667 1.5666667 1.57 1.57 1.12 1.12 1.12 1.12 1.11998 0.80333333 0.80333333 0.80333333 0.80333333 0.51588079 0.29333333 0.29333333 0.31278668 1.0151444 0.55333333 0.55333333 0.55333333 0.12333333 0.12333333 0.12333333 0.12333612 0.72333333 0.72333333 0.72333333 0.72333333 0.54 0.54 0.54 0.54 0.62333333 0.62333333 0.62333333 0.96999303 0.97 0.97 0.96999987 1.1166667 1.1166667 1.1399716 1.14 1.2499981 1.25
1.8666667 1.8666667 1.8666667 1.866657 1.6866667 1.6692167 1.5666667 1.5666667 1.5666667 1.57 1.57 1.57 1.7033333 1.7033333 1.7033333 1.7033333 0.8052079 0.80333333 0.80333333 0.80333333 0.7956405 1.0366646 1.0366667 1.0366667 1.0366667 1.0366666 0.15 0.15 0.12333333 0.12333333 0.12333333 0.12333333 0.72333317 0.72333333 0.72333333 0.72331514 0.54 0.54 0.54 0.54011698 0.62333333 0.62333333 0.62333333 0.96998392 0.97 0.97 0.97 1.1166667 1.1166667 1.1166666 0.88 0.88 1.0933333
1.8666667 1.8666667 1.8666667 1.6866671 1.6866667 1.6866667 1.5666667 1.5666667 1.5666667 1.57 1.57 1.57 1.7033333 1.7033333 1.7033333 1.7127263 1.8266667 1.8266667 1.826664 0.80911339 1.0366667 1.0366667 1.0366667 1.0366667 1.0366667 1.0359994 0.15 0.15 0.15 0.12333333 0.12333333 0.123299 0.5 0.5 0.5 0.20333333 0.20333334 0.56666667 0.56666667 0.56666667 0.63666667 0.62333752 0.62333468 0.80333333 0.80333333 0.80964981 0.96999981 1.1166667 1.1166667 0.88 0.88 0.88 1.0933333
1.8666667 1.8666667 1.8666667 1.6866667 1.6866667 1.6866667 1.6866667 1.5666667 1.5666667 1.57 1.57 1.6980019 1.7033333 1.7033333 1.7033333 1.8266667 1.8266667 1.8266667 1.8266667 1.8266667 1.0366667 1.0366667 1.0366667 1.0366667 1.0366667 0.15000302 0.15 0.15 0.15 0.07 0.07 0.07 0.5 0.5 0.5 0.20333333 0.20333333 0.56666667 0.56666667 0.63666667 0.63666667 0.63666667 0.80333333 0.80333333 0.80333333 0.80333333 0.81291719 0.92 0.92 0.92 0.88 1.11 1.11
1.8666667 1.8666667 1.866416 1.6866667 1.6866667 1.6866667 1.6866667 1.6612797 1.66 1.6598455 1.57 1.7033504 1.7033333 1.7033333 1.7033338 1.8266667 1.8266667 1.8266667 1.8266667 1.8266667 1.9125945 1.0366667 1.0366667 1.0366667 1.0366262 0.15003882 0.15 0.15 0.15 0.07 0.07 0.07 0.070065644 0.5 0.20333333 0.20333333 0.20333333 0.20334822 0.56667144 0.63666667 0.63666667 0.63666667 0.80332322 0.80333333 0.80333333 0.80333333 0.91999651 0.92 0.92 0.92 1.11 1.11 1.11
1.3066667 1.3066676 1.6867479 1.6866667 1.6866667 1.6866667 1.6600057 1.66 1.66 1.66 1.9066667 1.9066667 1.9066667 1.9066667 1.8270359 1.8266667 1.8266667 1.8266667 1.8266667 1.9499999 1.95 1.95 0.84000003 0.84 0.84 0.84 0.78044413 0.15 0.50665206 0.50666667 0.50666667 0.50666667 0.50666667 0.11666667 0.11666667 0.11666667 0.11666667 0.11666667 0.44 0.44 0.44 0.44 0.44 0.57368004 0.57333333 0.57333333 0.57333333 0.92 0.92 0.92 1.1099701 1.11 1.11
