interpolatedSpi/02-04|21_3.tif
NCOLS 53
NROWS 52
XLLCORNER -116.03883
YLLCORNER 28.596182
DX 0.49850594
DY 0.49788537
NODATA_VALUE -9999
[rows 0 to 30 of 52, columns 0 to 52 of 53]
-1.05 -1.05 -0.69680627 -1.36 -1.63 -1.5766667 -1.4833333 -1.3666667 -1.6624724 -2.0666667 -1.7733333 -1.81 -2.5065294 -0.84 -1.41 -1.41 -1.41 -1.0666667 -0.79333333 -0.79333333 -0.79333333 -0.79333799 -1.2766667 -0.65333333 -0.65333333 -0.65333333 -0.67666366 -0.67666667 -0.67666667 -0.48 -0.48 -0.48 -0.48 -1.6333331 -1.6333333 -1.6333333 -1.6333333 -1.6333333 -1.6333333 -1.6333332 1.7897951 1.8259567 -0.96 -0.96 -0.96 -0.96 -0.95929766 -0.53 -0.53 -0.53 1.3733294 1.3733333 1.3733333
-1.0500333 -1.8 -1.2633338 -1.5327771 -1.6669054 -1.3833333 -1.32 -2.4330813 -2.5933333 -2.3266667 -2.17 -2.5066667 -2.5066667 -1.7469656 -0.84001603 -1.41 -1.0666667 -1.0666667 -0.79368972 -0.79333333 -0.79333333 -0.79333333 -0.68298556 -0.65333333 -0.65333333 -0.65333333 -1.6933333 -1.6933333 -0.48 -0.48 -0.48 -0.48 -0.48 -1.6333332 -1.6333333 -1.6333333 -1.6333333 -1.6333333 -1.6333332 -1.3805561 -0.14672167 -0.86130844 -0.96 -0.96 -0.96 -0.96 -0.96 -0.53 -0.53 -0.53 -0.37217378 1.3733333 1.3733333
-1.7233143 -1.7233333 -1.6866667 -1.1766667 -1.9966667 -2.29 -1.91 -2.74 -2.6633333 -2.9466667 -2.2733333 -2.82 -1.83 -2.5233333 -1.75 -2.3866667 -1.0666667 -1.0666667 -1.0666667 -1.6730775 -1.6733333 -1.6733333 -1.2166667 -0.65333333 -0.65333333 -0.65333333 -1.6933333 -1.6933333 -1.6933333 -0.48 -0.48 -0.48000007 -1.1860534 -1.6303621 -1.6182856 -0.031480944 -0.016666667 -0.016666667 -0.033017241 -0.14666667 -0.14666667 -0.14770671 -0.96 -0.96 -0.96 -0.96 -0.96 -0.53 -0.53 -0.53 -0.53 1.3733333 1.3733333
-1.1366667 -1.7233333 -1.7034161 -1.0766667 -1.7933333 -2.0966667 -2.24 -2.67 -2.67 -2.1810772 -2.0333333 -3.3033333 -3.1266667 -2.5233333 -2.34 -2.3866667 -2.5454425 -2.5456297 -2.4466667 -1.6733333 -1.6733333 -2.5 -1.2166667 -1.2166667 -0.65333333 -0.65333853 -1.6933333 -1.6933333 -1.6933333 -1.3166667 -1.6623336 -1.9466667 -1.9466667 -1.9466651 -0.016666667 -0.016666667 -0.016666667 -0.016666667 -0.14666667 -0.14666667 -0.14666667 -0.1466667 -0.96 -0.96 -0.96 -0.96 -0.96 -0.53000542 -0.53 -0.53 -0.53 1.3732667 1.3733333
-1.1366667 -1.0000013 -1.7033333 -1.9165274 -1.7933333 -1.9133333 -2.3432822 -1.9733333 -1.98 -2.0699999 -2.948537 -3.3697675 -1.7466667 -2.34 -2.34 -2.3737384 -2.5466667 -2.5466667 -2.4466667 -2.4466667 -1.6733349 -2.5 -1.88 -1.15 -0.69666667 -0.69660923 -1.6933333 -1.6933333 -1.3166667 -1.3166667 -1.9466667 -1.9466667 -1.9466667 -1.6336353 -0.016666667 -0.016666667 -0.016666667 -0.14666667 -0.14666667 -0.14666667 -0.14666667 -0.14667439 -0.95999999 -0.96 -0.96 -0.96 -0.96 -0.95617247 -0.53 -0.53000613 -0.66666667 -0.66666667 -0.66666667
-1.3866667 -1.25 -0.27333337 -1.3266667 -1.8933333 -1.4066667 -1.9533333 -1.9558939 -1.9133333 -1.76 -1.44 -1 -1.0000005 -1.2466667 -1.2466667 -1.6467592 -1.6466667 -1.37 -1.37 -2.4466657 -1.93 -1.93 -1.15 -0.69666667 -0.69666667 -0.45 -1.3233333 -1.3233333 -0.41008294 -1.3166667 -1.9466667 -1.9466667 -0.28666667 -0.28676175 -1.1966013 -0.67 -0.67 -0.30857178 -0.14666667 -0.14666667 -0.22656689 -0.22666667 -0.22666713 -1.7687992 -1.7832423 -1.7833331 -1.7833333 -1.783333 -1.9015326 -0.66666667 -0.66666667 -0.66666667 -0.66666667
-0.14667819 -0.43333333 -0.23735736 0.036666665 0.013333333 -1.6633333 -0.80999999 -1.3266667 -1.6866667 -1.6866667 -1.44 -1.42 -0.43000017 -1.2466667 -2.0299977 -2.03 -1.6466667 -1.65 -1.3833333 -1.3833333 -1.849885 -1.76 -1.76 -0.17666667 -0.45 -0.45 -1.3233333 -1.3233333 -0.41002661 -0.41048997 -1.215584 -0.28666667 -0.28666667 -1.1966667 -1.1966667 -0.80979094 -0.67 -0.67 -0.44000797 -0.22666696 -0.22666667 -0.22666667 -0.22667178 -1.7833329 -1.7833333 -1.7833333 -1.7833333 -1.7833336 -2.16 -0.6669626 -0.66666667 -0.66666667 -0.66666667
-0.14666667 0.40666667 0.076666667 -0.88333333 -1.3566395 -1.3566667 -1.1666667 -1.3633333 -1.5966667 -1.9033333 -1.9033333 -1.0566667 -0.43 -0.43 -2.0190225 -2.2910837 -2.3166667 -0.83 -1.1533336 -1.3833333 -0.88685241 -0.84666667 -1.7566667 -0.6 -0.60000808 -1.2266667 -0.84 -0.84000017 -0.86506644 -0.86666667 -1.2166667 -0.83958364 0.056666667 -1.1966667 -1.2154907 -0.92666667 -0.92666667 -0.44 -0.44 -0.22666667 -0.22666667 -0.22666667 -1.7037432 -1.71 -1.7833333 -1.7833333 -1.7833333 -2.1599857 -2.16 -2.16 -0.66666667 -0.66666667 -0.66666667
0.01018339 0.40666667 0.44666667 -0.35 -1.6066667 -1.31 -1.64 -1.53 -2.05 -1.8027943 -1.7966667 -1.6166667 -1.6166667 -1.3166667 -1.3166699 -1.7382832 -1.7366667 -1.7366667 -0.87935734 -0.98666674 -1.32 -1.32 -1.5066667 -1.6581458 -1.1635152 -1.2266667 -0.29 -0.84 -0.94273286 -0.94333333 -1.09 -1.0033333 -1.2417245 -1.71 -1.8566667 -2.18 -1.9933333 -1.4733333 -1.30008 -0.22735111 -0.38 -0.9 -1.7099522 -1.71 -1.7104128 -1.7833333 -2.2633333 -2.16 -2.16 -2.16 -2.16 -0.59320728 -0.90666667
-2.2066667 -2.2066667 -0.17666667 -1.0166667 -1.6833333 -1.6966667 -0.96 -1.33 -1.8233333 -1.7399119 -1.9566667 -0.33 -1.3166667 -1.3166667 -1.6633333 -1.6643391 -1.7366667 -1.7366831 -1.7333333 -0.98666667 -0.98666667 -1.0296112 -1.5066667 -1.4833338 -1.4833333 -1.4833333 -0.29 -1.06 -1.06 -0.94333333 -0.94333333 -1.0042311 -1.4766667 -1.71 -1.2466667 -2.18 -1.9933333 -1.48 -1.3 -1.0638897 -0.89999998 -1.089792 -1.4166667 -1.71 -1.71 -2.2633333 -2.2633333 -2.2633333 -2.16 -2.16 -0.076666667 -0.076666667 -0.076666978
-2.2066667 -2.2066667 -0.98666667 -1.7666667 -1.29 -1.3 -1.38 -1.0836276 -1.42 -1.3666667 -2.06 -1.1166667 -0.33104875 -1.6633333 -1.6633333 -1.6634287 -2.49 -2.4502866 -1.7333333 -1.66 -1.66 -1.5633333 -1.5633333 -1.4833333 -1.4833333 -1.4833333 -1.06 -1.06 -1.06 -2.4566667 -2.4566667 -2.4566651 -1.52 -1.52 -1.7533333 -2.1633333 -1.4666667 -2.38 -1.4133333 -1.06 -1.06 -0.013337946 -1.4166667 -1.71 -1.0933337 -1.42 -1.0884153 -1.0833333 -0.72 -0.72 -0.076666667 -0.076666667 -0.076666667
-2.2066667 -1.6800469 -1.3195205 -1.1033477 -0.76666667 -1.79 -1.38 -1.0833333 -1.4199972 -1.3672575 -1.116667 -1.1166667 -1.17 -1.6633333 -1.6633333 -2.49 -2.49 -2.4899569 -1.7333333 -1.66 -1.6410166 -1.5633333 -1.5633333 -1.4833372 -1.4833333 -1.4942907 -1.5166667 -1.5166667 -1.5166666 -2.4566667 -2.4566667 -1.94 -1.94 -1.5200006 -1.7533333 -1.9233334 -1.6131235 -2.38 -2.38 -1.06 -0.013333333 -0.013333333 -0.013341364 -1.0933333 -1.0933333 -1.42 -1.0833333 -1.0833333 -0.72 -0.72 -0.076666667 -0.076666667 -0.076666667
-1.33 -0.81578252 -0.79003526 -0.79226891 -0.76667185 -1.7899758 -1.38 -1.0869851 -1.3968002 -1.4186073 -1.17 -1.17 -1.17 -1.17 -1.6632634 -2.49 -2.49 -2.4802302 -1.7333333 -1.6601692 -2.2433333 -2.2433333 -2.2433333 -2.2433333 -1.4962154 -1.5166667 -1.5166667 -1.5166667 -1.5166667 -1.517427 -1.94 -1.94 -1.94 -1.94 -1.9233333 -1.9233333 -1.9233333 -2.357981 -2.372865 -1.43 -1.43 -0.013409533 -0.69001381 -1.0932945 -1.0933333 -1.42 -1.0833333 -1.0833333 -0.72 -0.72 -0.079000611 -0.076666667 -0.041414794
-1.33 -0.79 -0.79 -0.79 -0.79 -0.79000041 -1.3810494 -1.2396721 -1.3349054 -1.1702679 -1.17 -1.17 -1.17 -1.17 -1.1699999 -2.49 -2.4899999 -2.4380978 -1.7333455 -2.2433333 -2.2433333 -2.2433333 -2.2433333 -2.2433333 -2.2418174 -2.029455 -2.2833332 -2.2833333 -2.2833333 -2.2833333 -1.94 -1.94 -1.9399997 -1.69 -1.69 -1.9233333 -1.4372375 -1.4233333 -1.43 -1.43 -1.43 -1.43 -0.69 -0.69 -0.69 -0.69508013 -0.29191998 -0.28666667 -0.28666667 -0.28666667 -0.28666667 -0.45999992 -0.46
0.083333331 -0.79 -0.79 -0.79 -0.79 -0.79 -0.79000004 -1.0914265 -1.0080358 -1.0066667 -1.0066667 -1.0066667 -1.0066667 -1.0066667 -1.0066667 -0.18386459 -2.4530625 -2.3863866 -2.2432695 -2.2433333 -2.2433333 -2.2433333 -2.2433333 -2.2433319 -2.1733333 -2.1733333 -2.1733335 -2.2833333 -2.2833333 -2.284121 -2.6766667 -2.6766667 -1.69 -1.69 -1.69 -1.4660503 -1.4233333 -1.4233333 -1.4233333 -1.43 -1.43 -1.43 -0.69 -0.69 -0.69 -0.69 -0.28666666 -0.28666667 -0.28666667 -0.28666667 -0.28666667 -0.46 -0.46
0.083333333 -0.24179874 -0.79 -0.79 -0.79 -0.79 -0.54338175 -0.54333333 -0.54333334 -1.0066667 -1.0066667 -1.0066667 -1.0066667 -1.0066667 -0.82135679 -0.16666667 -0.16666667 -0.16666667 -1.0303699 -1.0266679 -1.0266667 -1.0266667 -1.0266667 -1.0266667 -2.1733333 -2.1733333 -2.1733333 -2.1733333 -2.2833333 -2.6766667 -2.6766667 -2.6766667 -1.6900001 -1.69 -1.69 -1.2133333 -1.4230553 -1.4233333 -1.4233333 -1.4298278 -1.0859537 -0.2834371 -0.69 -0.69 0.027778038 0.03 0.03 -0.28607413 0.072075296 0.073333302 0.073333265 -0.17337666 -0.45999942
0.083333334 -0.52001503 -0.66180167 -0.79 -0.79 -0.54347908 -0.54333333 -0.54333333 -0.54333333 -0.54667225 -1.0066667 -1.0066667 -1.0066667 -1.0066666 -0.16666667 -0.16666667 -0.16666667 -0.16666667 -1.0258984 -1.0266667 -1.0266667 -1.0266667 -1.0266667 -1.0266667 -2.1733333 -2.1733333 -2.1733333 -2.1733333 -2.1751641 -2.6766667 -2.6766667 -2.6766667 -2.16 -1.6899629 -1.2133333 -1.2133333 -1.2133333 -1.2076328 -0.3523927 -0.28 -0.28 -0.28 -0.37333333 -0.37333333 0.03 0.03 0.03 0.073333333 0.073333333 0.073333333 0.073333333 -0.17333333 -0.17333333
-0.5361653 -0.53666667 -0.53666667 -0.53666667 -0.74333333 -0.54333849 -0.54333333 -0.54333333 -0.54333333 -0.54333333 -0.95291368 -1.0066574 -1.0066666 -0.16666667 -0.16666667 -0.16666667 -0.16666667 -0.16666667 -0.22272295 -1.0266667 -1.0266667 -1.0266667 -1.0266667 -1.0266667 -1.7021817 -1.9166681 -1.9166667 -1.9166667 -1.9166667 -2.6766666 -2.16 -2.16 -2.16 -2.16 -1.2133333 -1.2133196 -0.69333333 -0.69333333 -0.28516108 -0.28 -0.28 -0.28 -0.37333333 -0.37333333 -0.032449888 0.03 0.03 0.073333333 0.073333333 0.073333333 0.070688425 -0.17333333 -0.17333333
-0.53666667 -0.53666667 -0.53666667 -0.63398908 -0.74333333 -0.74333333 -0.54333333 -0.54333333 -0.54333333 -0.54333333 -0.29666667 -0.29666667 -0.29666667 -0.16666667 -0.16666667 -0.16666667 -0.16666667 -0.16659726 0.013333333 0.013333333 -1.0266662 -1.0266667 -1.0329154 -1.2833333 -1.2890349 -1.9166667 -1.9166667 -1.9166667 -1.9166667 -2.1599752 -2.16 -2.16 -2.16 -2.16 -0.69333516 -0.69333333 -0.69333333 -0.69333333 -0.69183188 -0.28 -0.28 -0.28 -0.37333333 -0.37333333 -0.37333333 0.03 0.03 0.073333319 0.073333333 0.073333331 -0.17333333 -0.17333333 -0.17333333
-0.53666667 -0.53666667 -0.53666667 -0.74333333 -0.74333333 -0.74333333 -0.74333303 -0.54333333 -0.54333333 -0.2969213 -0.29666667 -0.29666667 -0.29666667 -0.29658566 0.17329075 0.25333333 0.25333333 0.25333333 0.013333333 0.013333333 0.013333333 -1.2833333 -1.2833333 -1.2833333 -1.2829832 -0.92881255 -1.9166667 -1.9166667 -1.9166667 -0.90188282 -0.62015147 -0.62 -0.62 -0.62 -0.34859645 0.13666478 0.13666667 0.13666667 0.13666667 0.10661376 0.10666667 0.10666667 -0.37333333 -0.37333333 -0.47666624 -0.4766668 -0.85333333 -0.85333333 -0.71 -0.71 -0.71 -0.17333333 -0.78611827
-0.53666608 -0.53666667 -0.53666667 -0.74333333 -0.74333333 -0.74333333 -0.74333333 -0.74666661 -0.54414634 -0.2968722 -0.29666667 -0.29666667 -0.29666667 -0.29558742 0.25333333 0.25333333 0.25333333 0.25333326 0.013333333 0.013333333 0.013333333 -1.2833333 -1.2833333 -1.2833333 -0.033333333 -0.033333333 0.073333332 0.073333333 0.073333333 0.069550982 -0.62 -0.62 -0.62 -0.62 -0.24187438 0.13666667 0.13666667 0.13666667 0.13666667 0.10666667 0.10666667 0.10666667 0.088312768 -0.47666667 -0.47666667 -0.47666667 -0.85333333 -0.85333333 -0.71 -0.71 -0.71 -0.78666666 -0.78666667
-0.34666667 -0.45069216 -1.0833333 -1.0832347 -0.74333333 -0.74664738 -0.74666667 -0.74666667 -0.6835077 -0.52333333 -0.52333333 -0.52333333 -0.52333333 0.30997287 0.31 0.25333338 0.25333333 0.24700969 0.013333333 0.013333333 0.013333333 0.12666667 0.12666667 0.12666667 -0.033333333 -0.033333333 0.073333333 0.073333333 0.073333333 0.073333612 0.45665982 0.45666364 -0.5929396 -0.61884574 0.3322488 0.33333333 0.33333333 0.33333333 0.33333333 0.10666667 0.10666667 0.10666667 -0.44454652 -0.47666667 -0.47666667 -0.47666667 -0.85333333 -0.85333333 -0.85332817 -0.71 -0.71000686 -0.86333333 -0.78666667
-0.57662299 -0.57666675 -1.0833333 -1.0833333 -1.0833333 -0.74666667 -0.74666667 -0.74666667 -0.57333333 -0.57333333 -0.52333333 -0.52333333 -0.52333333 0.31 0.31 0.31 0.31 0.30996686 0.013333333 0.013333333 0.013333338 0.12666667 0.12666667 0.12666667 -0.033333333 -0.033333333 0.073333333 0.073333333 0.073333333 0.45234456 0.45666667 0.45666667 0.45666667 0.45666667 0.33339419 0.33333333 0.33333333 0.33333333 0.33333333 0.096666669 0.096666667 0.096666667 0.096666667 -0.47666672 -0.48333333 -0.48333333 -0.48333333 -0.69333333 -0.69333333 -0.69333333 -0.86333333 -0.86333333 -0.86333333
-0.57666667 -0.57666667 -1.0833333 -1.0833333 -1.0833333 -0.74843625 -0.74666667 -0.57333333 -0.57333333 -0.57333333 -0.52333949 -0.52333333 -0.32994715 0.30999986 0.31 0.31 0.31 0.26333333 0.26333333 0.26333333 0.80666665 0.80666616 0.12666998 0.12666667 0.12700117 0.76666667 0.76666667 0.76666501 0.073445381 0.87991564 0.87999775 0.87992609 0.45739019 0.457032 0.35557666 0.3333336 0.33566802 1.03 1.03 0.096666667 0.096666667 0.096666667 0.096666667 -0.48333333 -0.48333333 -0.48333333 -0.48333333 -0.69333333 -0.69333333 -0.69333333 -0.86333333 -0.86333333 -0.86333333
-0.57666667 -0.57666667 -1.0833333 -1.0833333 -1.0833333 -1.0833333 -0.68179306 -0.57333333 -0.57333333 -0.57333333 -0.57317498 -0.28666667 -0.28666667 -0.28666667 0.30648371 0.31 0.26364431 0.26333333 0.26333333 0.26333333 0.80666667 0.80666667 0.80666667 0.80666667 0.76666667 0.76666667 0.76666667 0.76666667 0.76666667 0.88 0.88 0.88 0.88 0.88000128 1.49 1.03 1.03 1.03 1.03 1.0299975 0.39666667 0.39666667 0.39666667 0.15260529 -0.35333333 -0.35333333 -0.35333333 -0.69333332 -0.69333289 -0.23666667 -0.23666667 -0.30013705 -0.3
-0.57666667 -0.57666667 -0.90046224 -1.0833333 -1.0833333 -1.0833333 -0.66650105 -0.57362747 -0.57333333 -0.57333333 -0.28666673 -0.28666667 -0.28666667 -0.28666667 -0.28666667 -0.23767801 0.26333333 0.26333333 0.26333333 0.26333333 0.80666246 0.80666667 0.80666667 0.80666667 0.76666667 0.76666667 0.76666667 0.76666667 0.76666667 0.97360115 0.88 0.88 0.88 1.49 1.49 1.4896428 1.03 1.03 1.4108135 1.7066666 0.39666667 0.39666667 0.39666667 0.15781288 -0.35333333 -0.35333333 -0.35333333 0.35 -0.22935686 -0.23666667 -0.23666667 -0.3 -0.3
-0.17333333 -0.17333333 -0.17333333 -0.85517132 -1.0824699 -0.66666667 -0.66666667 -0.66666667 -0.66666667 -0.56666667 -0.56666667 -0.28666669 -0.28666667 -0.28666667 -0.28666667 -0.28663181 0.26333333 0.26333333 0.26333333 0.26333333 0.56957363 0.80666667 0.80666667 0.81312204 1.0405684 0.76666667 0.76666667 0.76666667 1.0066667 1.0066667 1.0066667 1.0066661 1.49 1.49 1.49 1.49 1.7066667 1.7066667 1.7066667 1.7066667 0.62 0.62 0.62 0.24000764 0.24 0.24 0.23999981 0.35 0.35 -0.23595185 -0.23666667 -0.29999703 -0.3
-0.17333333 -0.17333333 -0.17333333 -0.17335057 -0.49333333 -0.51853885 -0.66666667 -0.66666667 -0.66666667 -0.56666667 -0.56666667 -0.56666667 -0.23 -0.23 -0.23 -0.23000001 0.26173965 0.26333333 0.26333333 0.26333333 0.27158567 1.0533327 1.0533333 1.0533333 1.0533333 1.0533333 1.1466667 1.1466667 1.0066667 1.0066667 1.0066667 1.0066667 1.4900001 1.49 1.49 1.4900062 1.7066666 1.7066667 1.7066667 1.7036105 0.62 0.62 0.62 0.24001762 0.24 0.24 0.24 0.35 0.35 0.34999999 0.29 0.29 0.17333333
-0.17333333 -0.17333333 -0.17333333 -0.4933326 -0.49333333 -0.49333333 -0.6666666 -0.66666667 -0.66666667 -0.56666667 -0.56666667 -0.56666667 -0.23 -0.23 -0.23 -0.25868676 -0.60666667 -0.60666667 -0.60666442 0.25841935 1.0533333 1.0533333 1.0533333 1.0533333 1.0533333 1.0534036 1.1466667 1.1466667 1.1466667 1.0066667 1.0066667 1.0064993 1.5666667 1.5666667 1.5666667 0.48333334 0.48333334 1.01 1.01 1.01 0.22333333 0.61987558 0.61999756 0.29333333 0.29333333 0.29131206 0.24000033 0.35 0.35 0.29 0.29 0.29 0.17333333
-0.17333333 -0.17333333 -0.17333333 -0.49333333 -0.49333333 -0.49333333 -0.49333333 -0.66666667 -0.66666667 -0.56666667 -0.56666667 -0.24346181 -0.23 -0.23 -0.23 -0.60666667 -0.60666667 -0.60666667 -0.60666667 -0.60666667 1.0533333 1.0533333 1.0533333 1.0533333 1.0533333 1.1466663 1.1466667 1.1466667 1.1466667 0.74666667 0.74666667 0.74666667 1.5666667 1.5666667 1.5666667 0.48333333 0.48333333 1.01 1.01 0.22333333 0.22333333 0.22333333 0.29333333 0.29333333 0.29333333 0.29333333 0.298536 0.35666667 0.35666667 0.35666667 0.29 0.31666667 0.31666667
-0.17333333 -0.17333333 -0.17377895 -0.49333333 -0.49333333 -0.49333333 -0.49333333 -0.69008243 -0.7 -0.69977108 -0.56666666 -0.23002345 -0.23 -0.23 -0.2300013 -0.60666667 -0.60666667 -0.60666667 -0.60666667 -0.60666667 -0.1646927 1.0533333 1.0533333 1.0533333 1.0532304 1.1466333 1.1466667 1.1466667 1.1466667 0.74666667 0.74666667 0.74666667 0.74678277 1.5666667 0.48333333 0.48333333 0.48333333 0.48335495 1.0099464 0.22333333 0.22333333 0.22333333 0.29332908 0.29333333 0.29333333 0.29333333 0.3566707 0.35666667 0.35666667 0.35666667 0.31666667 0.31666667 0.31666667
