interpolatedSpi/02-04|20_1.tif
NCOLS 53
NROWS 52
XLLCORNER -116.03883
YLLCORNER 28.596182
DX 0.49850594
DY 0.49788537
NODATA_VALUE -9999
[rows 0 to 29 of 52, columns 0 to 52 of 53]
-0.19666667 -0.19666667 -0.50013105 -0.62 -0.22333333 -0.25666667 -0.16333333 -0.33666667 -0.33595549 -0.46 -0.38 -0.05 -0.083318237 0.1 -0.63666667 -0.63666667 -0.63666667 0.10333333 -0.01 -0.01 -0.01 -0.010007545 -0.79333333 -0.53666667 -0.53666667 -0.53666667 -0.38666356 -0.38666667 -0.38666667 0.053333333 0.053333333 0.053333333 0.053333333 -0.1333333 -0.13333333 -0.13333333 -0.13333333 -0.13333333 -0.13333333 -0.13333332 0.26240396 0.26643755 -0.63333333 -0.63333333 -0.63333333 -0.63333333 -0.63338778 -0.66666667 -0.66666667 -0.66666667 0.16999826 0.17 0.17
-0.196676 -0.40666667 -0.54999955 -0.48050062 0.0061468823 -0.13333333 0.0066666667 -0.33319299 -0.34333333 -0.13 0.036666667 -0.083333333 -0.083333333 0.20298877 0.099994741 -0.63666667 0.10333333 0.10333333 -0.0098522285 -0.01 -0.01 -0.01 -0.54280766 -0.53666667 -0.53666667 -0.53666667 -0.1166667 -0.11666667 0.053333333 0.053333333 0.053333333 0.053333333 0.053333333 -0.13333331 -0.13333333 -0.13333333 -0.13333333 -0.13333333 -0.13333331 -0.12215805 -0.099980055 -0.56861732 -0.63333333 -0.63333333 -0.63333333 -0.63333333 -0.63333333 -0.66666667 -0.66666667 -0.66666667 -0.59728947 0.17 0.17
0.79327908 0.79333333 -0.16333333 0.68 -0.53333333 -0.40666667 -0.13666667 -0.48333333 -0.51333333 -0.38 0.35333333 -0.34666667 -0.15 0.04 0.20333333 -0.55 0.10333333 0.10333333 0.10333333 -0.099973837 -0.1 -0.1 -0.65333333 -0.53666667 -0.53666667 -0.53666667 -0.11666667 -0.11666667 -0.11666667 0.053333333 0.053333333 0.05333329 -0.38153139 -0.13318913 -0.12982737 0.23988176 0.24333333 0.24333333 0.20015105 -0.099999998 -0.1 -0.100682 -0.63333333 -0.63333333 -0.63333333 -0.63333333 -0.63333333 -0.66666667 -0.66666667 -0.66666667 -0.66666667 0.17 0.17
0.51 0.79333321 0.17326542 0.11333333 -0.24 -0.41 -0.57 -0.93 -0.45333333 -0.088013152 -0.15 -0.21666667 -0.01 0.04 -0.17 -0.55 -0.30191274 -0.2997174 -0.87666667 -0.1 -0.1 -1.22 -0.65333333 -0.65333333 -0.53666667 -0.53666457 -0.11666667 -0.11666667 -0.11666667 -0.47 -0.67849754 -0.85 -0.85 -0.84999914 0.24333333 0.24333333 0.24333333 0.24333333 -0.1 -0.1 -0.1 -0.10000002 -0.63333333 -0.63333333 -0.63333333 -0.63333333 -0.63333333 -0.66666625 -0.66666667 -0.66666667 -0.66666667 0.16993239 0.17
0.51 0.11666677 0.17333333 -0.1549796 -0.24 -0.71 -0.73995856 -0.75 -0.49333333 -0.42666671 -0.4020596 -0.3866237 -0.086666667 -0.17 -0.17 -0.42032949 -0.3 -0.3 -0.87666667 -0.87666667 -0.10000223 -1.22 -1.4233333 -0.52333333 -0.19666667 -0.19680151 -0.11666667 -0.11666667 -0.47 -0.47 -0.85 -0.85 -0.85 -0.82737112 0.24333333 0.24333333 0.24333333 -0.1 -0.1 -0.1 -0.1 -0.10001963 -0.63333333 -0.63333333 -0.63333333 -0.63333333 -0.63333333 -0.63363004 -0.66666667 -0.66672197 -1.9 -1.9 -1.9
-0.82666667 0.10666667 0.69999999 -0.13333333 -0.21666667 -0.13666667 -0.50333333 -0.53491373 -0.34333333 -0.93666667 -0.48333333 -0.27 -0.26999988 -0.13 -0.13 -0.53329551 -0.53333333 -0.54 -0.54 -0.87666686 -1.19 -1.19 -0.52333333 -0.19666667 -0.19666667 -0.77333333 -1.1533333 -1.1533333 -0.413339 -0.47 -0.85 -0.85 -0.73 -0.72995716 -0.32002955 -0.98333333 -0.98333333 -0.37327933 -0.1 -0.1 -0.30307973 -0.30333333 -0.3033324 -1.7630327 -1.7832062 -1.783333 -1.7833333 -1.7833329 -3.0361381 -1.9 -1.9 -1.9 -1.9
-0.58334363 0.24 -0.36170974 0.22666667 0.43333333 -0.45333333 -0.24333333 -0.47333333 -0.82666667 -0.82666667 -0.48333333 -0.24333333 -0.7866666 -0.13 -0.37666593 -0.37666667 -0.53333333 -0.87 -1.0966667 -1.0966667 -1.13659 -1.0766667 -1.0766667 -0.79999999 -0.77333333 -0.77333333 -1.1533333 -1.1533333 -0.41335587 -0.4137482 0.28995999 -0.73 -0.73 -0.32 -0.32 -0.87077439 -0.98333333 -0.98333333 -1.1933261 -0.30333457 -0.30333333 -0.30333333 -0.30332896 -1.7833277 -1.7833333 -1.7833333 -1.7833333 -1.7833342 -3.3133333 -1.9002801 -1.9 -1.9 -1.9
-0.58333333 -0.84 -0.036666667 -0.47 -0.54999541 -0.38333333 -0.40666667 -0.78333332 -0.54666667 -0.67666667 -0.67666667 -0.55 -0.78666667 -0.78666667 -0.37947965 -0.75918459 -0.79666667 -0.64333333 -0.8333336 -1.0966667 -1.1694318 -1.14 -1.3066667 -0.46666667 -0.46667019 -0.74 -0.86 -0.8600001 -0.79864507 -0.79999998 0.29333333 -0.36939035 -0.34333333 -0.32 -0.33017256 -0.77666667 -0.77666667 -1.1933333 -1.1933333 -0.30333333 -0.30333333 -0.30333332 -0.76703712 -0.77000005 -1.7833333 -1.7833333 -1.7833333 -3.3132751 -3.3133333 -3.3133333 -1.9 -1.9 -1.9
-0.85668871 -0.83999999 -0.41333333 0.16333333 -0.41333333 -0.79666667 -0.41 0.15666667 -0.48666667 -0.10921286 -0.11 -0.6 -0.6 -0.36 -0.36000279 -1.1822557 -1.1833333 -1.1833333 -0.67233714 -1.3433334 -1.4866667 -1.4866667 -1.1766667 -1.2554358 -0.71245522 -0.74 -1.1366667 -0.86 -0.53191763 -0.53 -0.37666667 -0.0033333333 -0.28537983 -0.84 -0.67666667 -0.77333333 -0.8 -0.58333333 -0.55667898 -0.30147343 0.11333333 -0.35666667 -0.76995929 -0.77 -0.77570359 -1.7833333 -1.6433333 -3.3133333 -3.3133333 -3.3133333 -3.3133333 -1.7601366 -1.6733333
-0.95 -0.95 -0.21333333 0.0033333333 -0.37666667 -0.65 -0.32333333 -0.47666667 -0.01 -0.013361327 -0.28666667 -0.03 -0.36 -0.36 -0.65666667 -0.66389014 -1.1833333 -1.1832017 -0.58333333 -1.3433333 -1.3433333 -1.3617995 -1.1766667 -1.7066566 -1.7066667 -1.7066667 -1.1366667 -0.78333333 -0.78333333 -0.53 -0.53 -0.0043954377 -0.56333333 -0.84 -0.64666667 -0.77333333 -0.8 -1.3566667 -0.55666667 -0.17954604 -0.35666665 -0.41666543 -0.52 -0.77 -0.77 -1.6433333 -1.6433333 -1.6433333 -3.3133333 -3.3133333 -0.77666667 -0.77666667 -0.776667
-0.95 -0.95 -1.1866667 -0.91333333 -0.51666667 -0.19666667 -0.61999999 -0.13351336 -0.71666667 -0.51666667 -0.54333333 -0.36 -0.030439816 -0.65666667 -0.65666667 -0.6566832 -0.8 -0.78862832 -0.58333333 -0.36666667 -0.36666667 -0.82333333 -0.82333333 -1.7066667 -1.7066667 -1.7066667 -0.78333333 -0.78333333 -0.78333333 -1.2566667 -1.2566667 -1.2566655 -0.46 -0.46 -0.94 -1.2 -0.48333333 -1.3066647 -1.0066667 -0.17333333 -0.17333333 -0.6533329 -0.52 -0.77 -0.91999996 -0.90333333 -0.39539781 -0.39 -0.55 -0.55 -0.77666667 -0.77666667 -0.77666667
-0.95 -1.0521194 -1.0700256 -1.0333193 -0.58666667 -0.81666667 -0.62 -0.13333333 -0.7166618 -0.51888242 -0.3600002 -0.36 -0.21666667 -0.65666667 -0.65666667 -0.8 -0.8 -0.79998767 -0.58333333 -0.36666667 -0.45634671 -0.82333333 -0.82333333 -1.7066306 -1.7066667 -1.4130105 -0.81333333 -0.81333333 -0.81333333 -1.2566667 -1.2566667 -1.67 -1.67 -0.46000132 -0.94 -0.90666666 -0.57901146 -1.3066667 -1.3066667 -0.17333335 -0.65333333 -0.65333333 -0.65333524 -0.92 -0.92 -0.90333333 -0.39 -0.39 -0.55 -0.55 -0.77666667 -0.77666667 -0.77666667
-0.94666667 -0.49876207 -0.44335119 -0.44760103 -0.58666776 -0.81666124 -0.62000001 -0.13932393 -0.67646903 -0.71144413 -0.21666667 -0.21666667 -0.21666667 -0.21666667 -0.65660434 -0.8 -0.8 -0.79720249 -0.58333333 -0.3666507 -0.30666667 -0.30666667 -0.30666667 -0.30666667 -1.6822327 -0.81333333 -0.81333333 -0.81333333 -0.81333333 -0.81352924 -1.67 -1.67 -1.67 -1.67 -0.90666667 -0.90666667 -0.90666667 -1.2871155 -1.3050895 -1.0966667 -1.0966667 -0.65335718 -1.1433257 -0.92002151 -0.92 -0.90333333 -0.39 -0.39 -0.55 -0.55 -0.77584434 -0.77666667 -1.4497274
-0.94666667 -0.44333333 -0.44333333 -0.44333333 -0.44333333 -0.44333349 -0.62050336 -0.38980314 -0.56922547 -0.21720011 -0.21666667 -0.21666667 -0.21666667 -0.21666667 -0.21666664 -0.8 -0.79999997 -0.78513815 -0.58333545 -0.30666667 -0.30666667 -0.30666667 -0.30666667 -0.30666667 -0.31409039 -0.66466759 -0.58666671 -0.58666667 -0.58666667 -0.58666667 -1.67 -1.67 -1.6699995 -1.2666667 -1.2666667 -0.90666667 -1.6584949 -1.68 -1.096667 -1.0966667 -1.0966667 -1.0966667 -1.1433333 -1.1433333 -1.1433333 -1.1416632 -0.5490656 -0.55 -0.55 -0.55 -0.55 0.60333305 0.60333333
-0.23 -0.44333333 -0.44333333 -0.44333333 -0.44333333 -0.44333333 -0.44333335 -0.37434967 -0.17506108 -0.17333333 -0.17333333 -0.17333333 -0.17333333 -0.17333333 -0.17333333 0.016007374 -0.78696773 -0.7703309 -0.30670153 -0.30666667 -0.30666667 -0.30666667 -0.30666667 -0.30666662 -0.65 -0.65 -0.64999991 -0.58666667 -0.58666667 -0.58722735 -0.86666667 -0.86666667 -1.2666667 -1.2666667 -1.2666667 -1.6137881 -1.68 -1.68 -1.68 -1.0966667 -1.0966667 -1.0966667 -1.1433333 -1.1433333 -1.1433333 -1.1433333 -0.55 -0.55 -0.55 -0.55 -0.55 0.60333333 0.60333333
-0.23 -0.30942158 -0.44333333 -0.44333333 -0.44333333 -0.44333333 -0.04341184 -0.043333333 -0.043333337 -0.17333333 -0.17333333 -0.17333333 -0.17333333 -0.17333333 -0.13068265 0.02 0.02 0.02 -0.26678801 -0.26666671 -0.26666667 -0.26666667 -0.26666667 -0.26666667 -0.65 -0.65 -0.65 -0.65 -0.58666667 -0.86666667 -0.86666667 -0.86666667 -1.2666666 -1.2666667 -1.2666667 -0.87666667 -1.6789364 -1.68 -1.68 -1.0966689 -1.1006556 -1.1099601 -1.1433333 -1.1433333 -0.58838457 -0.58666667 -0.58666667 -0.54951324 -0.25437005 -0.25333336 -0.25333339 0.033419539 0.60333217
-0.23 -0.32731405 -0.38598145 -0.44333333 -0.44333333 -0.043569672 -0.043333333 -0.043333333 -0.043333333 -0.044270151 -0.17333333 -0.17333333 -0.17333333 -0.17333331 0.02 0.02 0.02 0.02 -0.26641059 -0.26666667 -0.26666667 -0.26666667 -0.26666667 -0.26666667 -0.64999999 -0.65 -0.65 -0.65 -0.65078809 -0.86666667 -0.86666667 -0.86666667 -0.74333334 -1.2666144 -0.87666667 -0.87666667 -0.87666667 -0.87947461 -1.1460848 -1.11 -1.11 -1.11 -0.61 -0.61 -0.58666667 -0.58666667 -0.58666667 -0.25333334 -0.25333333 -0.25333333 -0.25333333 0.033333333 0.033333333
-0.32975878 -0.33 -0.33 -0.33 0.0066666667 -0.043332044 -0.043333333 -0.043333333 -0.043333333 -0.043333333 -0.12488004 -0.17332499 -0.17333332 0.02 0.02 0.02 0.02 0.02 -0.018465675 -0.26666667 -0.26666667 -0.26666667 -0.26666667 -0.26666667 -0.39905405 -0.32000179 -0.32 -0.32 -0.32 -0.86666666 -0.74333334 -0.74333333 -0.74333333 -0.74333333 -0.87666667 -0.87667325 -1.1266667 -1.1266667 -1.1102081 -1.11 -1.11 -1.11 -0.61 -0.61 -0.59027947 -0.58666667 -0.58666667 -0.25333333 -0.25333333 -0.25333333 -0.25025952 0.033333333 0.033333333
-0.33 -0.33 -0.33 -0.17145864 0.0066666667 0.0066666667 -0.043333333 -0.043333333 -0.043333333 -0.043333333 0.46666667 0.46666667 0.46666667 0.02 0.02 0.02 0.02 0.020002754 -0.23333333 -0.23333333 -0.26666665 -0.26666667 -0.26739704 -0.29666667 -0.29687672 -0.32 -0.32 -0.32 -0.32 -0.74329023 -0.74333333 -0.74333333 -0.74333333 -0.74333333 -1.1266658 -1.1266667 -1.1266667 -1.1266667 -1.1265826 -1.11 -1.11 -1.11 -0.61 -0.61 -0.61 -0.58666667 -0.58666667 -0.25333334 -0.25333333 -0.25333333 0.033333333 0.033333333 0.033333333
-0.33 -0.33 -0.33 0.0066666667 0.0066666667 0.0066666667 0.0066665903 -0.043333333 -0.043333333 0.4661402 0.46666667 0.46666667 0.46666667 0.46638837 0.033490374 0.036666667 0.036666667 0.036666665 -0.23333333 -0.23333333 -0.23333333 -0.29666667 -0.29666667 -0.29666667 -0.29652287 -0.038505287 -0.32 -0.32 -0.32 -0.61426893 -0.59668109 -0.59666667 -0.59666667 -0.59666667 -0.94188363 -0.68333434 -0.68333333 -0.68333333 -0.68333333 -0.28344644 -0.28333333 -0.28333333 -0.61 -0.61 0.079997119 0.079999924 -0.13333333 -0.13333333 -0.043333333 -0.043333333 -0.043333333 0.033333333 0.18985992
-0.33000038 -0.33 -0.32999999 0.0066666667 0.0066666667 0.0066666667 0.0066666658 -0.073333325 -0.043453285 0.46669689 0.46666667 0.46666667 0.46666667 0.46582289 0.036666667 0.036666667 0.036666667 0.036666589 -0.23333333 -0.23333333 -0.23333333 -0.29666667 -0.29666667 -0.29666667 0.21666667 0.21666667 -0.10666666 -0.10666667 -0.10666667 -0.10933977 -0.59666667 -0.59666667 -0.59666667 -0.59666667 -0.63997622 -0.68333333 -0.68333333 -0.68333333 -0.68333333 -0.28333333 -0.28333333 -0.28333333 -0.27190148 0.08 0.08 0.08 -0.13333333 -0.13333333 -0.043333333 -0.043333333 -0.043333333 0.18999999 0.19
-0.45333333 -0.40447261 -0.55333333 -0.55317087 0.0066666667 -0.072870456 -0.073333333 -0.073333333 -0.061187379 0.49999999 0.5 0.5 0.5 0.18667687 0.18666667 0.036666782 0.036666667 0.029552564 -0.23333333 -0.23333333 -0.23333333 -0.37333333 -0.37333333 -0.37333333 0.21666667 0.21666667 -0.10666667 -0.10666667 -0.10666667 -0.10666702 -0.59000004 -0.59000002 -0.59649911 -0.59665952 -0.78644919 -0.78666667 -0.78666667 -0.78666667 -0.78666667 -0.28333333 -0.28333333 -0.28333333 0.05999359 0.08 0.08 0.079999941 -0.13333333 -0.13333333 -0.13333009 -0.043333333 -0.043337656 -0.14 0.19
-0.76993986 -0.76999996 -0.55333333 -0.55333333 -0.55333333 -0.073333333 -0.073333333 -0.073333333 -0.04 -0.04 0.5 0.5 0.5 0.18666667 0.18666667 0.18666667 0.18666667 0.18661949 -0.23333333 -0.23333333 -0.23333334 -0.37333333 -0.37333333 -0.37333333 0.21666667 0.21666667 -0.10666667 -0.10666667 -0.10666667 -0.58455038 -0.59 -0.59 -0.59 -0.59 -0.78656962 -0.78666667 -0.78666667 -0.78666667 -0.78666667 -0.49333328 -0.49333333 -0.49333333 -0.49333333 0.079997468 -0.25 -0.25 -0.25 -0.24666667 -0.24666667 -0.24666667 -0.14 -0.14 -0.14
-0.77 -0.77 -0.55333333 -0.55333333 -0.55333333 -0.075856299 -0.073333333 -0.04 -0.04 -0.04 0.49993353 0.5 0.050581402 0.18666661 0.18666667 0.18666667 0.18666667 -0.023333333 -0.023333333 -0.023333333 -0.22333334 -0.22333344 -0.3733326 -0.37333333 -0.3731242 -0.3 -0.3 -0.29999954 -0.10669791 -0.31672114 -0.31666812 -0.31671439 -0.58953284 -0.58976412 -0.75146273 -0.78666666 -0.78661081 -0.77 -0.77 -0.49333333 -0.49333333 -0.49333333 -0.49333333 -0.25 -0.25 -0.25 -0.25 -0.24666667 -0.24666667 -0.24666667 -0.14 -0.14 -0.14
-0.77 -0.77 -0.55333333 -0.55333333 -0.55333333 -0.55333333 -0.06085764 -0.04 -0.04 -0.04 -0.040005523 -0.05 -0.05 -0.05 0.18527194 0.18666667 -0.021933945 -0.023333333 -0.023333333 -0.023333333 -0.22333333 -0.22333333 -0.22333333 -0.22333333 -0.3 -0.3 -0.3 -0.3 -0.3 -0.31666667 -0.31666667 -0.31666667 -0.31666667 -0.31666733 -0.63 -0.77 -0.77 -0.77 -0.77 -0.76999965 -0.70333333 -0.70333333 -0.70333333 -0.60570814 -0.40333333 -0.40333333 -0.40333333 -0.24666667 -0.24666679 -0.37333333 -0.37333333 -0.04335685 -0.043333333
-0.77 -0.77 -0.63153479 -0.55333333 -0.55333333 -0.55333334 -0.86187231 -0.042594692 -0.04 -0.040000001 -0.050000123 -0.05 -0.05 -0.05 -0.05 -0.030597229 -0.023333333 -0.023333333 -0.023333333 -0.023333333 -0.22333179 -0.22333333 -0.22333333 -0.22333333 -0.3 -0.3 -0.3 -0.3 -0.3 -0.38563593 -0.31666667 -0.31666667 -0.31666667 -0.63 -0.63 -0.63010871 -0.77 -0.77 -0.84316121 -0.89999999 -0.70333333 -0.70333333 -0.70333333 -0.60743562 -0.40333333 -0.40333333 -0.40333333 -0.65333333 -0.37682211 -0.37333333 -0.37333333 -0.043333333 -0.043333333
-0.89 -0.89 -0.89 -0.63774492 -0.5531859 -0.86333333 -0.86333333 -0.86333333 -0.86333333 -0.63333334 -0.63333333 -0.050000041 -0.05 -0.05 -0.05 -0.049998321 -0.023333333 -0.023333333 -0.023333333 -0.023333333 -0.13605982 -0.22333333 -0.22333333 -0.20475234 0.45163728 -0.3 -0.3 -0.3 -0.41 -0.41 -0.41 -0.40999961 -0.63 -0.63 -0.63 -0.63 -0.9 -0.9 -0.9 -0.9 -0.75666667 -0.75666667 -0.75666667 -0.54000436 -0.54 -0.54 -0.53999996 -0.65333333 -0.65333333 -0.3736745 -0.37333333 -0.043333636 -0.043333333
-0.89 -0.89 -0.89 -0.88997613 -0.44666667 -0.50725685 -0.86333333 -0.86333333 -0.86333333 -0.63333333 -0.63333333 -0.63333333 -0.32333332 -0.32333333 -0.32333333 -0.32333333 -0.024139336 -0.023333333 -0.023333333 -0.023333333 -0.026327283 0.48666472 0.48666667 0.48666667 0.48666667 0.48666663 -0.52 -0.52 -0.41 -0.41 -0.41 -0.41 -0.63000006 -0.63 -0.63 -0.63000733 -0.9 -0.9 -0.9 -0.90071652 -0.75666667 -0.75666667 -0.75666667 -0.54001005 -0.54 -0.54 -0.54 -0.65333333 -0.65333333 -0.65333326 -0.10333333 -0.10333333 0.54333333
-0.89 -0.89 -0.89 -0.44666769 -0.44666667 -0.44666667 -0.86333318 -0.86333333 -0.86333333 -0.63333333 -0.63333333 -0.63333333 -0.32333333 -0.32333333 -0.32333333 -0.33399567 -0.46333333 -0.46333333 -0.4633322 -0.025818564 0.48666667 0.48666667 0.48666667 0.48666667 0.48666667 0.4859091 -0.52 -0.52 -0.52 -0.41 -0.41 -0.41000858 -0.72 -0.72 -0.72 -0.86 -0.86 -1.0633333 -1.0633333 -1.0633333 -0.08 -0.75645442 -0.75666199 -0.13 -0.13 -0.14553853 -0.53999911 -0.65333333 -0.65333333 -0.10333333 -0.10333333 -0.10333333 0.54333333
-0.89 -0.89 -0.89 -0.44666667 -0.44666667 -0.44666667 -0.44666667 -0.86333333 -0.86333333 -0.63333333 -0.63333333 -0.33572886 -0.32333333 -0.32333333 -0.32333333 -0.46333333 -0.46333333 -0.46333333 -0.46333333 -0.46333333 0.48666667 0.48666667 0.48666667 0.48666667 0.48666667 -0.51999657 -0.52 -0.52 -0.52 -0.42333333 -0.42333333 -0.42333333 -0.72 -0.72 -0.72 -0.86 -0.86 -1.0633333 -1.0633333 -0.08 -0.08 -0.08 -0.13 -0.13 -0.13 -0.13 -0.0930337 0.32 0.32 0.32 -0.10333332 0.54666667 0.54666667
