interpolatedSpi/02-05|23_3.tif
NCOLS 53
NROWS 52
XLLCORNER -116.03883
YLLCORNER 28.596182
DX 0.49850594
DY 0.49788537
NODATA_VALUE -9999
-0.842 -0.842 -1.3826872 -1.49 -0.696 -0.8 -0.894 -0.498 -0.9840998 -0.59 -0.416 -0.572 -0.7019837 -0.504 -0.702 -0.702 -0.702 -0.494 -1.002 -1.002 -1.002 -1.0019945 -0.43400001 -1.082 -1.082 -1.082 -0.40199785 -0.402 -0.402 -1.102 -1.102 -1.102 -1.102 -2.3959997 -2.396 -2.396 -2.396 -2.396 -2.396 -2.3959999 0.46715986 0.49729947 -2.252 -2.252 -2.252 -2.252 -2.2503536 -1.244 -1.244 -1.244 -0.10400237 -0.104 -0.104 
-0.84202835 -1.48 -1.3739996 -1.2938084 -1.3159074 -1 -1.242 -0.99573207 -0.908 -0.756 -0.762 -0.702 -0.702 -0.65349983 -0.50400356 -0.702 -0.494 -0.494 -1.0013376 -1.002 -1.002 -1.002 -1.0682091 -1.082 -1.082 -1.082 -1.386 -1.386 -1.102 -1.102 -1.102 -1.102 -1.102 -2.3959998 -2.396 -2.396 -2.396 -2.396 -2.3959999 -2.2156333 -1.324047 -2.1393946 -2.252 -2.252 -2.252 -2.252 -2.252 -1.244 -1.244 -1.244 -1.1494701 -0.104 -0.104 
-0.38404249 -0.384 -1.052 -0.982 -1.478 -1.184 -1.536 -0.686 -1.326 -1.282 -0.98 -1.41 -1.52 -0.326 -0.654 -2.006 -0.494 -0.494 -0.494 -0.4961471 -0.496 -0.496 -0.82 -1.082 -1.082 -1.082 -1.386 -1.386 -1.386 -1.102 -1.102 -1.102 -1.2204244 -2.3930081 -2.3862454 -1.3576033 -1.348 -1.348 -1.3449814 -1.324 -1.324 -1.3251867 -2.252 -2.252 -2.252 -2.252 -2.252 -1.244 -1.244 -1.244 -1.244 -0.104 -0.104 
0.228 -0.38400008 -0.77414522 -0.678 -1.486 -1.286 -1.274 -1.508 -1.11 -0.94953822 -1.382 -1.13 -1.266 -0.326 -1.218 -2.006 -0.92235484 -0.91370572 -1.358 -0.496 -0.496 -1.262 -0.82 -0.82 -1.082 -1.0820015 -1.386 -1.386 -1.386 -0.854 -1.1250468 -1.348 -1.348 -1.348 -1.348 -1.348 -1.348 -1.348 -1.324 -1.324 -1.324 -1.324 -2.252 -2.252 -2.252 -2.252 -2.252 -1.2440127 -1.244 -1.244 -1.244 -0.10403299 -0.104 
0.228 0.085998423 -0.774 -1.4839164 -1.486 -1.674 -1.4440676 -2.082 -2.032 -1.3180003 -1.2673545 -1.241935 -0.788 -1.218 -1.218 -1.7280926 -0.914 -0.914 -1.358 -1.358 -0.49600155 -1.262 -1.07 -0.24 -0.886 -0.88593651 -1.386 -1.386 -0.854 -0.854 -1.348 -1.348 -1.348 -1.4098519 -1.348 -1.348 -1.348 -1.324 -1.324 -1.324 -1.324 -1.3239317 -2.252 -2.252 -2.252 -2.252 -2.252 -2.2430276 -1.244 -1.2439942 -1.114 -1.114 -1.114 
-1.422 -0.664 -0.41399996 -1.13 -1.042 -1.13 -1.748 -1.7907616 -1.232 -1.786 -1.354 -1.106 -1.1059998 -0.448 -0.448 -0.57599469 -0.576 -0.602 -0.602 -1.3579987 -1.446 -1.446 -0.24 -0.886 -0.886 -0.614 -1.712 -1.712 -0.61002352 -0.854 -1.348 -1.348 -1.676 -1.675949 -1.188035 -1.464 -1.464 -1.3673122 -1.324 -1.324 -0.61688303 -0.616 -0.61599879 -1.0790774 -1.058132 -1.0580003 -1.058 -1.0580004 -0.98837015 -1.114 -1.114 -1.114 -1.114 
-1.0260097 -0.034 -0.78833518 -0.45 -0.338 -1.056 -1.038 -1.632 -1.762 -1.762 -1.354 -1.042 -0.99999996 -0.448 -0.55399968 -0.554 -0.576 -0.312 0.13 0.13 -1.2735171 -1.08 -1.08 -0.816 -0.614 -0.614 -1.712 -1.712 -0.61005933 -0.61109223 -1.0158905 -1.676 -1.676 -1.188 -1.188 -1.238519 -1.464 -1.464 -1.6039951 -0.61600138 -0.616 -0.616 -0.61599428 -1.0580002 -1.058 -1.058 -1.058 -1.0579999 -0.958 -1.1139691 -1.114 -1.114 -1.114 
-1.026 -1.496 -0.49 -1.22 -0.98401353 -0.824 -0.976 -1.552 -0.6 -1.014 -1.014 -0.848 -1 -1 -0.55705997 -0.79443984 -0.818 -0.304 0.22199991 0.13 -0.0019156132 0.12 -1.454 0.053999994 0.053985013 -1.108 -0.882 -0.88200029 -1.6244328 -1.628 -1.014 -1.0269482 -1.016 -1.188 -1.1784169 -1.05 -1.05 -1.604 -1.604 -0.616 -0.616 -0.61599999 -1.094137 -1.098 -1.058 -1.058 -1.058 -0.95800381 -0.958 -0.958 -1.114 -1.114 -1.114 
-1.4665672 -1.496 -0.414 -1.008 -1.056 -1.658 -0.976 -0.422 -0.688 -0.14255267 -0.4 -1.012 -1.012 -0.406 -0.40599865 -1.2946678 -1.296 -1.296 -0.2237053 -1.4 -1.316 -1.316 -1.634 -1.524935 -0.99090108 -1.108 -1.03 -0.882 -0.67322031 -0.672 -1.03 -1.07 -1.1082773 -1.118 -0.852 -0.942 -1.07 -1.656 -1.0482808 -0.61367884 -0.096 -0.544 -1.0978939 -1.098 -1.0977749 -1.058 -2.2059999 -0.95800001 -0.958 -0.958 -0.95799999 -0.88241616 0.19 
-1.302 -1.302 -0.72 -1.034 -1.4 -1.496 -0.582 -0.594 -0.054 -0.00399259 -0.248 -0.09 -0.406 -0.406 -0.262 -0.27618178 -1.296 -1.2957818 -0.33 -1.4 -1.4 -1.389178 -1.634 -1.1880084 -1.188 -1.188 -1.03 -0.628 -0.628 -0.672 -0.672 -1.0701441 -1.146 -1.118 -0.742 -0.942 -1.07 -1.738 -1.048 -0.31605795 -0.54399998 -0.50800074 -0.446 -1.098 -1.098 -2.206 -2.206 -2.206 -0.958 -0.958 0.746 0.746 0.74599979 
-1.302 -1.302 -1.8 -1.892 -1.284 -0.8 -1.56 -0.63848816 -0.944 -1.254 -0.45 -0.308 -0.09029069 -0.262 -0.262 -0.26201661 -0.406 -0.40201116 -0.33 -0.44 -0.44 -0.532 -0.532 -1.188 -1.188 -1.188 -0.628 -0.628 -0.628 -0.98 -0.98 -0.98000027 -0.504 -0.504 -1.424 -1.414 0.028 -1.2020021 -0.72 -0.304 -0.304 -0.80799881 -0.446 -1.098 -0.07800077 -0.852 -0.05928539 -0.050000006 0.544 0.544 0.746 0.746 0.746 
-1.302 -1.5170901 -1.8392597 -2.0059814 -0.894 -1.354 -1.56 -0.638 -0.94399744 -1.2505656 -0.30800123 -0.308 0.2 -0.262 -0.262 -0.406 -0.406 -0.40599567 -0.33 -0.44 -0.45806693 -0.532 -0.532 -1.187973 -1.188 -0.80011092 -0.008 -0.008 -0.0080000778 -0.98 -0.98 0.102 0.102 -0.50400252 -1.424 -0.10600039 -0.20932382 -1.202 -1.202 -0.30400002 -0.808 -0.808 -0.80799466 -0.078 -0.078 -0.852 -0.05 -0.05 0.544 0.544 0.746 0.746 0.746 
-0.84 -1.0177893 -0.95003502 -0.95763539 -0.89400241 -1.3539891 -1.56 -0.64934929 -0.92291347 -0.95209492 0.2 0.2 0.2 0.2 -0.26193455 -0.406 -0.406 -0.40501872 -0.33 -0.43985698 0.052 0.052 0.052 0.052 -1.1660296 -0.008 -0.008 -0.008 -0.008 -0.0084452856 0.102 0.102 0.102 0.102 -0.106 -0.106 -0.106 -1.1494461 -1.1921762 0.106 0.106 -0.80795084 0.17199144 -0.077975921 -0.078 -0.852 -0.05 -0.05 0.544 0.544 0.74526717 0.746 -0.010186794 
-0.84 -0.95 -0.95 -0.95 -0.95 -0.95000017 -1.5594726 -1.1237836 -0.86665664 0.19876026 0.2 0.2 0.2 0.2 0.2 -0.406 -0.40599999 -0.40078692 -0.32999982 0.052 0.052 0.052 0.052 0.052 0.055242346 0.27036671 0.43199991 0.432 0.432 0.432 0.10200001 0.102 0.10200071 0.692 0.692 -0.106 0.78452762 0.81 0.10600041 0.106 0.106 0.106 0.172 0.172 0.172 0.16487389 1.1897135 1.198 1.198 1.198 1.198 1.1179999 1.118 
-1.038 -0.95 -0.95 -0.95 -0.95 -0.95 -0.95000004 -0.8892746 0.21042686 0.216 0.216 0.216 0.216 0.216 0.216 0.13558644 -0.3974237 -0.39559292 0.051951944 0.052 0.052 0.052 0.052 0.052000051 0.202 0.202 0.20200032 0.432 0.432 0.43241651 0.64 0.64 0.692 0.692 0.692 0.79109782 0.81 0.81 0.81 0.106 0.106 0.106 0.172 0.172 0.172 0.172 1.198 1.198 1.198 1.198 1.198 1.118 1.118 
-1.038 -1.0052386 -0.95 -0.95 -0.95 -0.95 0.24576527 0.246 0.246 0.216 0.216 0.216 0.216 0.216 0.19791023 0.134 0.134 0.134 0.095866086 0.095999955 0.096 0.096 0.096 0.096 0.202 0.202 0.202 0.202 0.432 0.64 0.64 0.64 0.692 0.692 0.692 1.112 0.81039986 0.81 0.81 0.10603534 0.17600594 0.33930063 0.172 0.172 1.5796425 1.584 1.584 1.1985174 1.5109027 1.512 1.5119999 1.507941 1.1180008 
-1.038 -0.35096104 -0.63726355 -0.95 -0.95 0.24529335 0.246 0.246 0.246 0.24578381 0.216 0.216 0.216 0.21599999 0.134 0.134 0.134 0.134 0.096033945 0.096 0.096 0.096 0.096 0.096 0.202 0.202 0.202 0.202 0.20359316 0.64 0.64 0.64 0.494 0.69203794 1.112 1.112 1.112 1.1092953 0.36977049 0.34 0.34 0.34 1.242 1.242 1.584 1.584 1.584 1.512 1.512 1.512 1.512 1.508 1.508 
-0.33229656 -0.332 -0.332 -0.33199999 0.59 0.24600887 0.246 0.246 0.246 0.246 0.19949563 0.21599716 0.21599999 0.134 0.134 0.134 0.134 0.134 0.16296399 0.096 0.096 0.096 0.096 0.096 0.190483 0.26199967 0.262 0.262 0.262 0.63999999 0.494 0.494 0.494 0.494 1.112 1.1119936 0.868 0.868 0.34659287 0.34 0.34 0.34 1.242 1.242 1.5310466 1.584 1.584 1.512 1.512 1.512 1.5119571 1.508 1.508 
-0.332 -0.332 -0.332 0.10218355 0.59 0.59 0.246 0.246 0.246 0.246 -0.002 -0.002 -0.002 0.134 0.134 0.134 0.134 0.13402115 0.64 0.64 0.096000221 0.096 0.10846504 0.608 0.60488511 0.262 0.262 0.262 0.262 0.49397638 0.494 0.494 0.494 0.494 0.86800086 0.868 0.868 0.868 0.86611572 0.34 0.34 0.34 1.242 1.242 1.242 1.584 1.584 1.512 1.512 1.512 1.508 1.508 1.508 
-0.332 -0.332 -0.332 0.59 0.59 0.59 0.58999947 0.246 0.246 -0.0017439927 -0.002 -0.002 -0.002 -0.0019152638 0.23760607 0.262 0.262 0.262 0.64 0.64 0.64 0.608 0.608 0.608 0.60799832 0.44033827 0.262 0.262 0.262 0.50821664 0.51799764 0.518 0.518 0.518 0.67072034 0.39400108 0.394 0.394 0.394 1.0519026 1.052 1.052 1.242 1.242 1.3999993 1.4 1.402 1.402 1.566 1.566 1.566 1.508 1.1782951 
-0.33199836 -0.332 -0.33199997 0.59 0.59 0.59 0.59 0.61599989 0.2474794 -0.0019056951 -0.002 -0.002 -0.002 -0.0014819591 0.262 0.262 0.262 0.26200011 0.64 0.64 0.64 0.608 0.608 0.608 0.602 0.602 0.81 0.81 0.81 0.80840705 0.518 0.518 0.518 0.518 0.45603407 0.394 0.394 0.394 0.394 1.052 1.052 1.052 1.0629494 1.4 1.4 1.4 1.402 1.402 1.566 1.566 1.566 1.178 1.178 
0.196 -0.04874216 -0.126 -0.12579228 0.59 0.61584956 0.616 0.616 0.74061749 0.10200002 0.102 0.102 0.102 0.9099737 0.91 0.2620005 0.262 0.27195974 0.64 0.64 0.64 0.5 0.5 0.5 0.602 0.602 0.81 0.81 0.81 0.81000005 0.87799771 0.87799899 0.52704806 0.51838594 0.54197295 0.542 0.542 0.542 0.542 1.052 1.052 1.052 1.3808379 1.4 1.4 1.3999999 1.402 1.402 1.4020059 1.566 1.5659786 1.088 1.178 
0.18000304 0.17999995 -0.126 -0.126 -0.126 0.616 0.616 0.616 0.958 0.958 0.102 0.102 0.102 0.91 0.91 0.91 0.91 0.90996757 0.64 0.64 0.63999999 0.5 0.5 0.5 0.602 0.602 0.81 0.81 0.81 0.87723329 0.878 0.878 0.878 0.878 0.5421658 0.542 0.542 0.542 0.542 0.92000003 0.92 0.92 0.92 1.3999945 0.686 0.686 0.686 0.522 0.522 0.522 1.088 1.088 1.088 
0.18 0.18 -0.126 -0.126 -0.126 0.61209992 0.616 0.958 0.958 0.958 0.10210537 0.102 0.89297673 0.91000004 0.91 0.91 0.91 1.222 1.222 1.222 0.398 0.39800008 0.4999995 0.5 0.50016144 0.724 0.724 0.72400021 0.8099861 0.55206497 0.55200174 0.55205692 0.87744283 0.87771867 0.60162983 0.54199981 0.54033109 0.044 0.044 0.92 0.92 0.92 0.92 0.686 0.686 0.686 0.686 0.522 0.522 0.522 1.088 1.088 1.088 
0.18 0.18 -0.126 -0.126 -0.126 -0.126 0.74400061 0.958 0.958 0.958 0.95806187 1.07 1.07 1.07 0.91094292 0.91 1.2199209 1.222 1.222 1.222 0.398 0.398 0.398 0.398 0.724 0.724 0.724 0.724 0.724 0.552 0.552 0.552 0.552 0.55199912 0.134 0.044 0.044 0.044 0.044 0.044001665 0.432 0.432 0.432 0.46974891 0.548 0.548 0.548 0.522 0.52199969 0.2 0.2 0.60411775 0.604 
0.18 0.18 -0.015555487 -0.126 -0.126 -0.12599997 1.3932263 0.95937403 0.958 0.958 1.0700001 1.07 1.07 1.07 1.07 1.0569079 1.222 1.222 1.222 1.222 0.39800637 0.398 0.398 0.398 0.724 0.724 0.724 0.724 0.724 0.72195998 0.552 0.552 0.552 0.134 0.134 0.13393011 0.044 0.044 -0.22163146 -0.42799996 0.432 0.432 0.432 0.46843214 0.548 0.548 0.548 0.294 0.20117123 0.2 0.2 0.604 0.604 
1.244 1.244 1.244 0.21749666 -0.12383512 1.394 1.394 1.394 1.394 1.408 1.408 1.07 1.07 1.07 1.07 1.0700096 1.222 1.222 1.222 1.222 0.75756687 0.398 0.398 0.40600815 0.70489057 0.724 0.724 0.724 0.782 0.782 0.782 0.78199903 0.134 0.134 0.134 0.134 -0.428 -0.428 -0.428 -0.428 0.3 0.3 0.3 0.31199976 0.312 0.312 0.31200007 0.294 0.294 0.20011453 0.2 0.60399726 0.604 
1.244 1.244 1.244 1.2440055 1.346 1.35298 1.394 1.394 1.394 1.408 1.408 1.408 0.94600001 0.946 0.946 0.94600001 1.2219157 1.222 1.222 1.222 1.2095219 0.70399916 0.704 0.704 0.704 0.704 0.656 0.656 0.782 0.782 0.782 0.782 0.13399992 0.134 0.134 0.1339912 -0.428 -0.428 -0.428 -0.42761396 0.3 0.3 0.3 0.31199944 0.312 0.312 0.312 0.294 0.294 0.29399997 0.06 0.06 0.058 
1.244 1.244 1.244 1.3459998 1.346 1.346 1.394 1.394 1.394 1.408 1.408 1.408 0.946 0.946 0.946 0.9635167 1.176 1.176 1.1760001 1.2217402 0.704 0.704 0.704 0.704 0.704 0.70396388 0.656 0.656 0.656 0.782 0.782 0.78151082 0.026 0.026 0.026 -0.594 -0.594 -0.34 -0.34 -0.34 0.248 0.29998369 0.29999903 0.17 0.17 0.17538164 0.31199959 0.294 0.294 0.06 0.06 0.06 0.058 
1.244 1.244 1.244 1.346 1.346 1.346 1.346 1.394 1.394 1.408 1.408 0.96447334 0.946 0.946 0.946 1.176 1.176 1.176 1.176 1.176 0.704 0.704 0.704 0.704 0.704 0.65600016 0.656 0.656 0.656 0.022 0.022 0.022 0.026 0.026 0.026 -0.594 -0.594 -0.34 -0.34 0.248 0.248 0.248 0.17 0.17 0.17 0.17 0.13549812 -0.25 -0.25 -0.25 0.059999997 -0.108 -0.108 
1.244 1.244 1.244142 1.346 1.346 1.346 1.346 1.2983994 1.296 1.2961923 1.408 0.94602563 0.946 0.946 0.9460008 1.176 1.176 1.176 1.176 1.176 0.51990746 0.704 0.704 0.704 0.7038517 0.65596219 0.656 0.656 0.656 0.022 0.022 0.022 0.02199768 0.026 -0.594 -0.594 -0.594 -0.59398961 -0.3399599 0.248 0.248 0.248 0.17000474 0.17 0.17 0.17 -0.25000221 -0.25 -0.25 -0.25 -0.108 -0.108 -0.108 
1.194 1.1940001 1.345941 1.346 1.346 1.346 1.2960106 1.296 1.296 1.296 1.252 1.252 1.252 1.252 1.1763507 1.176 1.176 1.176 1.176 0.5120004 0.512 0.512 -0.01599988 -0.016 -0.016 -0.016 0.042002243 0.656 -0.33195954 -0.332 -0.332 -0.332 -0.332 -0.676 -0.676 -0.676 -0.676 -0.676 0.084 0.084 0.084 0.084 0.084 -0.47302922 -0.474 -0.474 -0.474 -0.25 -0.25 -0.25 -0.10802237 -0.108 -0.108 
1.194 1.194 1.1954066 1.362 1.362 1.3619357 1.296 1.296 1.296 1.296 1.252 1.252 1.252 1.252 1.252 1.176 1.176 1.176 0.51200017 0.512 0.512 0.512 -0.015999998 -0.016 -0.016 -0.016 -0.016 -0.015858128 -0.33205561 -0.332 -0.332 -0.332 -0.33202234 -0.63631689 -0.67595891 -0.676 -0.676 -0.676 0.084 0.084 0.084 0.084 0.083999997 -0.474 -0.474 -0.474 -0.474 -0.36925322 -0.25 0.59051661 0.6 0.476 0.476 
1.194 1.194 1.3619787 1.362 1.362 1.362 1.3452363 1.296 1.296 1.296 1.252 1.252 1.252 1.252 1.252 1.1760543 1.176 0.51219468 0.512 0.512 0.512 0.512 0.17960102 -0.016 -0.016 -0.016 -0.016 -0.016325808 -0.476 -0.476 -0.476 -0.476 -0.476 -0.606 -0.606 -0.606 -0.606 -0.606 -0.478 -0.478 -0.478 -0.478 -0.47799999 -0.47138742 -0.47399945 -0.474 -0.47381863 -0.45202131 0.6 0.6 0.6 0.47600069 0.476 
1.1939988 0.58020448 1.3619999 1.362 1.362 1.362 1.362 1.2960281 1.296 1.296 1.252 1.252 1.252 1.252 0.80221722 0.792 0.792 0.51200721 0.512 0.512 0.512 0.512 0.51199991 -0.016 -0.016 -0.016 -0.016 -0.53799993 -0.53799997 -0.52480489 -0.476 -0.476 -0.476 -0.606 -0.606 -0.606 -0.606 -0.60584422 -0.478 -0.478 -0.478 -0.478 -0.47795572 0.596 0.596 0.596 0.596 0.59600032 0.6 0.6 0.6 0.60000009 0.74793523 
0.568 0.568 0.7467336 1.362 1.362 1.362 1.362 1.362 1.2960276 1.064 1.064 1.064 1.0644462 0.79200066 0.792 0.792 0.792 0.792 0.51199753 0.49087007 0.306 0.306 0.306 0.22191787 -0.056018187 -0.27014792 -0.45084393 -0.538 -0.538 -0.538 -0.538 -0.538 -0.53420143 -0.37631427 -0.376 -0.376 -0.376 -0.376 -0.36942056 0.099998962 0.1 0.1 0.1 0.77999946 0.59600005 0.596 0.596 1.038 0.60000702 0.6 0.6 0.752 0.752 
0.568 0.568 0.784 0.784 0.784 1.3618075 1.362 1.362 1.064 1.064 1.064 1.064 1.064 0.79200001 0.792 0.792 0.792 0.792 0.306 0.306 0.306 0.306 0.306 -0.51599996 -0.516 -0.516 -0.516 -0.538 -0.538 -0.538 -0.538 -0.538 -0.404 -0.404 -0.376 -0.376 -0.376 0.36187432 0.362 0.1 0.1 0.1 0.1000001 0.78 0.78 0.78 1.038 1.038 1.038 1.016 1.016 0.752 0.752 
0.568 0.568 0.784 0.784 0.784 0.784 0.78400091 0.95 1.0638927 1.064 1.064 1.064 1.064 0.79539295 0.792 0.792 0.792 0.792 0.30600001 0.306 0.306 0.306 0.306 -0.516 -0.516 -0.516 -0.516 -0.51600009 -0.538 -0.538 -0.538 -0.40400703 -0.404 -0.404 -0.404 -0.376 0.36199999 0.362 0.362 0.35510629 0.65132754 0.754 0.754 0.78 0.78 0.78 1.038 1.038 1.038 1.016 1.016 1.016 0.48753082 
0.778 0.77799835 0.784 0.784 0.784 0.784 0.95 0.95 0.95 1.064 1.064 1.064 1.064 1.0639154 0.792 0.792 0.792 0.792 0.30600831 0.306 0.306 0.30599999 -0.37120453 -0.516 -0.516 -0.516 -0.516 -0.55599997 -0.556 -0.556 -0.53818818 -0.404 -0.404 -0.404 -0.4039998 -0.194 0.362 0.362 0.362 0.362 0.754 0.754 0.754 1.092 1.092 1.092 1.2419801 1.038 1.038 1.016 1.016 1.016 0.46000051 
0.778 0.778 0.784 0.784 0.784 0.95 0.95 0.95 0.95 1.051501 1.064 1.064 1.064 1.0639974 0.42004281 0.42 0.42 0.42 -0.16063224 -0.36 -0.36 -0.36 -0.36 -0.516 -0.516 -0.516 -0.51600264 -0.556 -0.556 -0.556 -0.556 -0.40395951 -0.28588107 -0.194 -0.194 -0.194 0.36237144 0.46199792 0.462 0.462 0.75414726 0.94199999 0.942 1.092 1.092 1.0920006 1.242 1.242 0.978 0.978 0.978 0.636 0.642 
0.778 0.778 0.34 0.34 0.34 0.95 0.95 0.95 0.95 0.974 0.974 0.974 0.974 0.93495832 0.42 0.42 0.42 0.42 -0.154 -0.36 -0.36 -0.36 -0.36 -0.538 -0.53799999 -0.51600003 -0.556 -0.556 -0.556 -0.556 -0.3393142 -0.128 -0.18614691 -0.194 -0.194 -0.194 0.462 0.462 0.462 0.462 0.942 0.942 0.942 1.0619622 1.062 1.2411909 1.242 1.242 0.97799775 0.978 0.636 0.636 0.642 
0.778 0.34 0.34 0.34 0.34 0.34 0.94729851 0.602 0.602 0.974 0.974 0.974 0.974 0.9738688 0.42 0.42 0.42 0.39406486 -0.154 -0.154 -0.36 -0.36 -0.538 -0.538 -0.538 -0.538 -0.556 -0.556 -0.556 -0.556 -0.128 -0.128 -0.128 -0.19393321 -0.194 -0.194 0.462 0.462 0.462 0.462 0.942 0.942 0.942 1.062 1.062 1.0619942 0.96 0.96 0.468 0.468 0.636 0.636 0.642 
0.34411336 0.34 0.34 0.34 0.34 0.34 0.602 0.602 0.602 0.80110995 0.974 0.974 0.974 0.97398418 0.42 0.42 0.42 -0.154 -0.154 -0.154 -0.35998971 -0.36000109 -0.538 -0.538 -0.538 -0.538 -0.55599872 -0.556 -0.556 -0.12809843 -0.128 -0.128 -0.128 -0.128 -0.19355202 0.006 0.006 0.013891872 0.462 0.462 0.94199958 0.942 1.058511 1.062 1.062 0.96000004 0.96 0.96 0.468 0.468 0.024 0.024 0.184 
0.34 0.34 0.34 0.34 0.34 0.34 0.602 0.602 0.602 0.602 0.27802005 0.278 0.278 0.278 0.41999826 0.055906378 -0.148 -0.148 -0.15398894 -0.154 -0.15400004 -0.53799974 -0.538 -0.538 -0.538 -0.538 -0.53801309 -0.556 -0.55598537 -0.128 -0.128 -0.128 -0.128 -0.128 0.006 0.006 0.006 0.006 0.006 0.006002845 0.524 0.524 0.52400013 0.914 0.914 0.914 0.36 0.36 0.004 0.004 0.024 0.024000348 0.184 
0.34 0.34 0.34 0.34 0.34 0.34 0.602 0.602 0.602 0.278 0.278 0.278 0.278 0.278 0.16570742 -0.148 -0.148 -0.148 -0.148 -0.148 -0.14828648 -0.538 -0.538 -0.538 -0.538 -0.53310144 -0.38224445 -0.53230636 -0.13011067 -0.128 -0.128 -0.128 -0.128 -0.12799971 0.006 0.006 0.006 0.006 0.006 0.2469724 0.524 0.524 0.524 0.914 0.914 0.914 0.36 0.36 0.004 0.004 0.29399999 0.19006801 0.184 
0.34 0.34 0.34 0.34 0.34 0.34000008 0.60199994 0.602 0.58855219 0.278 0.278 0.278 0.278 0.278 0.25756642 -0.148 -0.148 -0.148 -0.148 -0.148 -0.148 -0.40511482 -0.38200022 -0.382 -0.382 -0.382 -0.382 -0.382 -0.54529556 -0.54799503 -0.54799999 -0.548 -0.548 -0.5479996 0.006 0.006 0.006 0.006 0.006 0.52399994 0.524 0.524 0.524 0.52400017 0.9136537 0.698 0.36000004 0.340346 0.0042944041 0.294 0.294 0.29807418 0.49 
0.34 0.34 0.34 0.34 0.34 0.34001674 0.60198587 0.6019804 0.27800041 0.278 0.278 0.278 0.278 0.278 0.26989413 -0.148 -0.148 -0.148 -0.148 -0.148 -0.148 -0.382 -0.382 -0.382 -0.382 -0.382 -0.382 -0.382 -0.54795418 -0.548 -0.548 -0.548 -0.548 -0.548 -0.39620405 0.006 0.006 0.006 0.006 0.524 0.524 0.524 0.524 0.52404457 0.698 0.698 0.69575623 0.34 0.34 0.294 0.294 0.49 0.49 
0.34 0.34 0.34 0.34 0.34 0.34034941 0.60167988 0.31456128 0.278 0.278 0.278 0.278 0.278 0.278 0.27054214 -0.148 -0.148 -0.148 -0.148 -0.148 -0.18131735 -0.382 -0.382 -0.382 -0.382 -0.382 -0.382 -0.382 -0.54799933 -0.548 -0.548 -0.548 -0.548 -0.548 -0.548 0.067619979 0.16344807 0.21583701 0.22380957 0.5029166 0.52399999 0.524 0.524 0.69798611 0.698 0.6969733 0.52599911 0.34 0.34 0.13598648 0.136 0.136 0.48999984 
0.34 0.34 0.34 0.34 0.34000027 0.34218483 0.57215234 0.27808909 0.278 0.278 0.278 0.278 0.278 0.278 0.26805224 -0.148 -0.148 -0.148 -0.148 -0.148 -0.38199899 -0.382 -0.382 -0.382 -0.382 -0.382 -0.382 -0.382 -0.54799995 -0.548 -0.548 -0.548 -0.548 -0.548 -0.54799984 0.228 0.228 0.228 0.228 0.196 0.196 0.196 0.196 0.5260005 0.526 0.526 0.526 0.52599502 0.074 0.074 0.136 0.136 -0.42424524 
0.34 0.34 0.34 0.34000002 0.34000732 0.34696578 0.29977648 0.27800423 0.278 0.278 0.278 0.278 0.278 0.278 0.26353893 -0.14799983 -0.148 -0.148 -0.148 -0.14940834 -0.382 -0.382 -0.382 -0.382 -0.382 -0.382 -0.382 -0.382 -0.54799996 -0.548 -0.548 -0.548 -0.548 -0.548 0.22799929 0.228 0.228 0.228 0.228 0.196 0.196 0.196 0.196 0.28506558 0.526 0.526 0.526 0.074005056 0.074 0.074 -0.676 -0.676 -0.676 
0.34 0.34 0.34000001 0.34000059 0.34007092 0.35145451 0.2791519 0.27800106 0.278 0.278 0.278 0.278 0.278 0.27799997 0.25742513 -0.14798998 -0.148 -0.148 -0.14800027 -0.37725879 -0.382 -0.382 -0.382 -0.382 -0.382 -0.382 -0.382 -0.382 -0.54799984 -0.548 -0.548 -0.548 -0.548 -0.21418869 0.2279999 0.228 0.228 0.228 0.228 0.196 0.196 0.196 0.196 0.196 0.526 0.526 0.526 0.074000005 0.074 0.074 -0.676 -0.676 -0.676 
0.34 0.34000002 0.34000025 0.34000695 0.34034168 0.31844155 0.27819482 0.27800065 0.278 0.278 0.278 0.278 0.278 0.2779992 0.25015632 -0.14784442 -0.14799999 -0.14800001 -0.14921153 -0.3819801 -0.382 -0.382 -0.382 -0.382 -0.382 -0.382 -0.382 -0.3820001 -0.54799896 -0.548 -0.54799968 -0.13208795 -0.092 -0.092 -0.092 0.228 0.228 0.228 0.228 0.196 0.196 0.196 0.196 0.196 0.52599415 0.526 0.52599978 0.074000032 0.074 0.073999593 -0.676 -0.676 -0.676 
