interpolatedSpi/02-08|23_2.tif
NCOLS 53
NROWS 52
XLLCORNER -116.03883
YLLCORNER 28.596182
DX 0.49850594
DY 0.49788537
NODATA_VALUE -9999
[rows 0 to 25 of 52, columns 0 to 52 of 53]
0.082857143 0.082857143 -0.29081075 -0.37428571 -0.012857143 0.052857143 -0.087142857 0.097142857 -0.73046789 -0.52142857 -0.42142857 -0.46428571 -0.87855814 -0.71714286 -0.64714286 -0.64714286 -0.64714286 -0.81 -0.75714286 -0.75714286 -0.75714286 -0.75713689 -0.13714287 -1.0528571 -1.0528571 -1.0528571 -0.49142694 -0.49142857 -0.49142857 -1.15 -1.15 -1.15 -1.15 -1.862857 -1.8628571 -1.8628571 -1.8628571 -1.8628571 -1.8628571 -1.8628571 0.39001946 0.41390201 -1.0914286 -1.0914286 -1.0914286 -1.0914286 -1.0910226 -0.84285714 -0.84285714 -0.84285714 -0.032858825 -0.032857143 -0.032857143
0.082828643 -0.55857143 -0.22571429 -0.23900318 -0.2442621 -0.34285714 -0.44571429 -0.58680794 -0.75428571 -0.85571429 -0.65428571 -0.87857143 -0.87857143 -0.93071404 -0.71714483 -0.64714286 -0.81 -0.81 -0.75721178 -0.75714286 -0.75714286 -0.75714286 -1.0638357 -1.0528571 -1.0528571 -1.0528571 -0.95571429 -0.95571429 -1.15 -1.15 -1.15 -1.15 -1.15 -1.862857 -1.8628571 -1.8628571 -1.8628571 -1.8628571 -1.8628571 -1.6643606 -0.62295047 -1.0345716 -1.0914286 -1.0914286 -1.0914286 -1.0914286 -1.0914286 -0.84285714 -0.84285714 -0.84285714 -0.77569117 -0.032857143 -0.032857143
0.29426643 0.29428571 -0.23 -0.35857143 -0.41285714 0.074285714 -0.52 -0.071428571 -0.98714286 -1.2028571 -1.04 -0.89428571 -1.1885714 -0.97428571 -0.93142857 -1.61 -0.81 -0.81 -0.81 -0.59861753 -0.59857143 -0.59857143 -1.2614286 -1.0528571 -1.0528571 -1.0528571 -0.95571429 -0.95571429 -0.95571429 -1.15 -1.15 -1.15 -1.313676 -1.8613662 -1.8574054 -1.28251 -1.2771429 -1.2771429 -1.194851 -0.62285715 -0.62285714 -0.62345633 -1.0914286 -1.0914286 -1.0914286 -1.0914286 -1.0914286 -0.84285714 -0.84285714 -0.84285714 -0.84285714 -0.032857143 -0.032857143
0.56571429 0.29428559 -0.31729517 -0.30428571 -0.97857143 -0.72571429 -0.57571429 -0.98857143 -0.54571429 -0.90240472 -1.0828571 -1.2071429 -1.1371429 -0.97428571 -1.2728571 -1.61 -1.1889605 -1.185451 -1.0357143 -0.59857143 -0.59857143 -1.1842857 -1.2614286 -1.2614286 -1.0528571 -1.0528567 -0.95571429 -0.95571429 -0.95571429 -1.18 -1.3500901 -1.49 -1.49 -1.4899998 -1.2771429 -1.2771429 -1.2771429 -1.2771429 -0.62285714 -0.62285714 -0.62285714 -0.62285716 -1.0914286 -1.0914286 -1.0914286 -1.0914286 -1.0914286 -0.84286028 -0.84285714 -0.84285714 -0.84285714 -0.032907631 -0.032857143
0.56571429 0.16999911 -0.31714286 -0.90068083 -0.97857143 -1.24 -1.2286073 -1.6528571 -1.7771429 -1.164286 -1.2004064 -1.2113531 -0.68428571 -1.2728571 -1.2728571 -1.4917727 -1.1857143 -1.1857143 -1.0357143 -1.0357143 -0.59857259 -1.1842857 -0.9 -0.35571429 -0.80428571 -0.804249 -0.95571429 -0.95571429 -1.18 -1.18 -1.49 -1.49 -1.49 -1.4428566 -1.2771429 -1.2771429 -1.2771429 -0.62285714 -0.62285714 -0.62285714 -0.62285714 -0.62292071 -1.0914286 -1.0914286 -1.0914286 -1.0914286 -1.0914286 -1.089216 -0.84285714 -0.84289013 -1.5785714 -1.5785714 -1.5785714
-1.0185714 -0.45142857 -0.50999998 -0.67571429 -0.66857143 -1.2328571 -1.6214286 -1.6254523 -1.2457143 -1.7242857 -1.81 -1.3742857 -1.3742853 -1.4557143 -1.4557143 -0.92566738 -0.92571429 -1.2328571 -1.2328571 -1.0357141 -1.13 -1.13 -0.35571429 -0.80428571 -0.80428571 -0.64714286 -1.2657143 -1.2657143 -0.94716491 -1.18 -1.49 -1.49 -1.24 -1.2399597 -0.85431341 -1.0742857 -1.0742857 -0.76251688 -0.62285714 -0.62285714 -1.2806072 -1.2814286 -1.2814271 -1.1419493 -1.1428515 -1.1428571 -1.1428571 -1.1428571 -1.5772464 -1.5785714 -1.5785714 -1.5785714 -1.5785714
0.044278877 -0.09 -0.26839447 -0.63285714 -0.73142857 -1.3585714 -1.1557143 -1.52 -1.8585714 -1.8585714 -1.81 -1.7685714 -1.6599999 -1.4557143 -0.73143074 -0.73142857 -0.92571429 -0.51571429 -0.78857143 -0.78857143 -0.93812787 -0.72285714 -0.72285714 -0.71857143 -0.64714286 -0.64714286 -1.2657143 -1.2657143 -0.94718257 -0.94787397 -0.83246196 -1.24 -1.24 -0.85428571 -0.85428571 -1.1754332 -1.0742857 -1.0742857 -1.4357018 -1.2814288 -1.2814286 -1.2814286 -1.2814208 -1.1428577 -1.1428571 -1.1428571 -1.1428571 -1.1428574 -1.6028571 -1.5785762 -1.5785714 -1.5785714 -1.5785714
0.044285714 -0.84142857 -0.25857143 -1.2214286 -0.76288343 -1.2342857 -1.7614286 -1.87 -1.3585714 -1.7028571 -1.7028571 -1.1471429 -1.66 -1.66 -0.73779943 -0.91878429 -0.93714286 -0.57714286 -0.67285726 -0.78857143 -0.53981938 -0.46571429 -1.0857143 -0.32 -0.32000966 -1.0685714 -1.02 -1.0200001 -1.6261836 -1.6285714 -0.83 -0.96210428 -0.95428571 -0.85428571 -0.86475707 -1.26 -1.26 -1.4357143 -1.4357143 -1.2814286 -1.2814286 -1.2814286 -1.2344109 -1.2371429 -1.1428571 -1.1428571 -1.1428571 -1.6028396 -1.6028571 -1.6028571 -1.5785714 -1.5785714 -1.5785714
-0.91251814 -0.84142856 0.055714286 -1.0185714 -0.90571429 -1.7271429 -1.2157143 -0.87142857 -1.4971429 -0.94577171 -0.55571429 -1.3685714 -1.3685714 -0.81285714 -0.81285737 -1.1237641 -1.1242857 -1.1242857 -0.5917538 -1.2528572 -1.3385714 -1.3385714 -1.4285714 -1.2208286 -0.99313519 -1.0685714 -1.0614286 -1.02 -0.92484191 -0.92428571 -0.96428571 -1.1042857 -0.95606751 -1.3628571 -1.2214286 -1.4371429 -1.3214286 -1.0985714 -0.90009169 -1.2788141 -0.69571429 -0.79285714 -1.2370608 -1.2371429 -1.2366122 -1.1428571 -1.54 -1.6028571 -1.6028571 -1.6028571 -1.6028571 -1.423115 -0.087142857
-1.31 -1.31 -0.13571429 -0.50714286 -1.3571429 -0.91428571 -0.98571429 -1.4442857 -1.0571429 -0.8057471 -1.1114286 -0.44571429 -0.81285714 -0.81285714 -0.83714286 -0.84108115 -1.1242857 -1.1241035 -0.29142857 -1.2528571 -1.2528571 -1.2639 -1.4285714 -0.97857995 -0.97857143 -0.97857143 -1.0614286 -0.94428571 -0.94428571 -0.92428571 -0.92428571 -1.1037276 -0.81 -1.3628571 -1.1242857 -1.4371429 -1.3214286 -1.5685714 -0.9 -0.64702465 -0.79285714 -0.77081678 -0.73285714 -1.2371429 -1.2371429 -1.54 -1.54 -1.54 -1.6028571 -1.6028571 -0.33 -0.33 -0.32999991
-1.31 -1.31 -0.83 -1.09 -1.13 -0.56285714 -1.5371429 -0.63810583 -0.54428571 -0.76285714 -0.77714286 -0.30857143 -0.44553225 -0.83714286 -0.83714286 -0.83711731 -0.61571429 -0.59869425 -0.29142857 -0.22 -0.22 -0.27428571 -0.27428571 -0.97857143 -0.97857143 -0.97857143 -0.94428571 -0.94428571 -0.94428571 -1.1342857 -1.1342857 -1.1342852 -1.0685714 -1.0685714 -1.8257143 -1.4428571 -0.95142857 -1.0800058 -0.85 -0.64285714 -0.64285714 -0.82857111 -0.73285714 -1.2371429 -0.57000025 -0.73857143 -0.59266901 -0.58857143 -0.54857143 -0.54857143 -0.33 -0.33 -0.33
-1.31 -1.1027905 -0.94095127 -1.2014132 -0.68 -0.98142857 -1.5371429 -0.63714286 -0.54428649 -0.76043564 -0.30857202 -0.30857143 -0.13428571 -0.83714286 -0.83714286 -0.61571429 -0.61571429 -0.61569583 -0.29142857 -0.22 -0.23066061 -0.27428571 -0.27428571 -0.97854281 -0.97857143 -0.89122595 -0.71285714 -0.71285714 -0.71285717 -1.1342857 -1.1342857 -0.62142857 -0.62142857 -1.0685735 -1.8257143 -1.0128575 -1.0822316 -1.08 -1.08 -0.64285715 -0.82857143 -0.82857143 -0.82856954 -0.57 -0.57 -0.73857143 -0.58857143 -0.58857143 -0.54857143 -0.54857143 -0.33 -0.33 -0.33
-0.61571429 -0.64769924 -0.62858835 -0.63271402 -0.68000166 -0.98142145 -1.5371428 -0.64822133 -0.55068452 -0.5499932 -0.13428571 -0.13428571 -0.13428571 -0.13428571 -0.83704329 -0.61571429 -0.61571429 -0.61152724 -0.29142857 -0.21993681 -6.1184674e-18 -3.2615109e-49 -1.7672176e-28 -2.9684376e-15 -0.96179609 -0.71285714 -0.71285714 -0.71285714 -0.71285714 -0.71296309 -0.62142857 -0.62142857 -0.62142857 -0.62142857 -1.0128571 -1.0128571 -1.0128571 -1.0775642 -1.0771889 -0.70571429 -0.70571429 -0.82856482 -0.66571101 -0.57000922 -0.57 -0.73857143 -0.58857143 -0.58857143 -0.54857143 -0.54857143 -0.33079295 -0.33 -0.78862852
-0.61571429 -0.62857143 -0.62857143 -0.62857143 -0.62857143 -0.62857158 -1.5357202 -1.1112843 -0.56775599 -0.13473265 -0.13428571 -0.13428571 -0.13428571 -0.13428571 -0.13428537 -0.61571429 -0.61571423 -0.5934705 -0.29143214 -2.5117135e-15 -1.1206849e-37 -1.8626548e-74 -3.4995055e-44 -1.1899697e-24 0.0042896954 -0.32895244 -0.20714296 -0.20714286 -0.20714286 -0.20714286 -0.62142856 -0.62142857 -0.62142779 0.024285714 0.024285714 -1.0128571 -0.12538498 -0.1 -0.70571394 -0.70571429 -0.70571429 -0.70571429 -0.66571429 -0.66571429 -0.66571429 -0.66622131 -0.16991597 -0.16714286 -0.16714286 -0.16714286 -0.16714286 -0.38285713 -0.38285714
-0.85142857 -0.62857143 -0.62857143 -0.62857143 -0.62857143 -0.62857143 -0.62857148 -0.85270675 0.34647775 0.35142857 0.35142857 0.35142857 0.35142857 0.35142857 0.35142857 0.55285821 -0.59707277 -0.57130846 -3.6750598e-05 5.350249e-14 1.9683918e-19 5.4295597e-22 7.853714e-15 3.3402579e-07 0.19857143 0.19857143 0.19857086 -0.20714286 -0.20714286 -0.20594139 0.39285714 0.39285714 0.024285714 0.024285714 0.024285714 -0.080090607 -0.1 -0.1 -0.1 -0.70571429 -0.70571429 -0.70571429 -0.66571429 -0.66571429 -0.66571429 -0.66571429 -0.16714286 -0.16714286 -0.16714286 -0.16714286 -0.16714286 -0.38285714 -0.38285714
-0.85142857 -0.76846139 -0.62857143 -0.62857143 -0.62857143 -0.62857143 0.32695528 0.32714286 0.32714286 0.35142857 0.35142857 0.35142857 0.35142857 0.35142857 0.39681058 0.55714286 0.55714286 0.55714286 0.28626897 0.28714256 0.28714286 0.28714286 0.28714286 0.28714286 0.19857143 0.19857143 0.19857143 0.19857143 -0.20714286 0.39285714 0.39285714 0.39285714 0.024285747 0.024285714 0.024285714 0.29142857 -0.099481736 -0.1 -0.1 -0.70569136 -0.66041129 -0.5547383 -0.66571429 -0.66571429 -0.32106689 -0.32 -0.32 -0.16719523 -0.1984616 -0.19857143 -0.19857142 0.029937452 -0.3828563
-0.85142857 -0.0020139136 -0.2996415 -0.62857143 -0.62857143 0.32657818 0.32714286 0.32714286 0.32714286 0.32731787 0.35142857 0.35142857 0.35142857 0.3514286 0.55714286 0.55714286 0.55714286 0.55714286 0.28738404 0.28714286 0.28714286 0.28714286 0.28714286 0.28714286 0.19857143 0.19857143 0.19857143 0.19857143 0.19927811 0.39285714 0.39285714 0.39285714 0.51571428 0.024324751 0.29142857 0.29142857 0.29142857 0.28964062 -0.52550501 -0.55428571 -0.55428571 -0.55428571 -0.41714286 -0.41714286 -0.32 -0.32 -0.32 -0.19857143 -0.19857143 -0.19857143 -0.19857143 0.03 0.03
0.020930925 0.021428571 0.021428571 0.021428576 0.53142857 0.32714813 0.32714286 0.32714286 0.32714286 0.32714286 0.33412383 0.35142559 0.35142856 0.55714286 0.55714286 0.55714286 0.55714286 0.55714286 0.54715905 0.28714286 0.28714286 0.28714286 0.28714286 0.28714286 0.33014428 0.4671414 0.46714286 0.46714286 0.46714286 0.39285715 0.51571428 0.51571429 0.51571429 0.51571429 0.29142857 0.29142436 0.13142857 0.13142857 -0.54572355 -0.55428571 -0.55428571 -0.55428571 -0.41714286 -0.41714286 -0.33504106 -0.32 -0.32 -0.19857143 -0.19857143 -0.19857143 -0.19612055 0.03 0.03
0.021428571 0.021428571 0.021428571 0.26159518 0.53142857 0.53142857 0.32714286 0.32714286 0.32714286 0.32714286 0.12285714 0.12285714 0.12285714 0.55714286 0.55714286 0.55714286 0.55714286 0.55717024 0.73428571 0.73428571 0.28714304 0.28714286 0.29430748 0.58142857 0.58039971 0.46714286 0.46714286 0.46714286 0.46714286 0.51570934 0.51571429 0.51571429 0.51571429 0.51571429 0.13142913 0.13142857 0.13142857 0.13142857 0.12899951 -0.55428571 -0.55428571 -0.55428571 -0.41714286 -0.41714286 -0.41714286 -0.32 -0.32 -0.19857143 -0.19857143 -0.19857143 0.03 0.03 0.03
0.021428571 0.021428571 0.021428571 0.53142857 0.53142857 0.53142857 0.53142826 0.32714286 0.32714286 0.12306802 0.12285714 0.12285714 0.12285714 0.12312773 0.69127571 0.72285714 0.72285714 0.72285714 0.73428571 0.73428571 0.73428571 0.58142857 0.58142857 0.58142857 0.58143858 0.5458215 0.46714286 0.46714286 0.46714286 0.26369666 0.20717321 0.20714286 0.20714286 0.20714286 0.0063663269 -0.16999932 -0.17 -0.17 -0.17 -0.13291481 -0.13285714 -0.13285714 -0.41714286 -0.41714286 -0.027144485 -0.027142866 -0.052857143 -0.052857143 0.087142857 0.087142857 0.087142857 0.03 0.027145412
0.021429294 0.021428571 0.02142859 0.53142857 0.53142857 0.53142857 0.53142857 0.24571431 0.32681727 0.12299445 0.12285714 0.12285714 0.12285714 0.12403451 0.72285714 0.72285714 0.72285714 0.72285715 0.73428571 0.73428571 0.73428571 0.58142857 0.58142857 0.58142857 0.61714286 0.61714286 0.71142857 0.71142857 0.71142857 0.70867753 0.20714286 0.20714286 0.20714286 0.20714286 0.01867498 -0.17 -0.17 -0.17 -0.17 -0.13285714 -0.13285714 -0.13285714 -0.12953097 -0.027142857 -0.027142857 -0.027142857 -0.052857143 -0.052857143 0.087142857 0.087142857 0.087142857 0.027142859 0.027142857
0.25428571 0.14611485 0.10285714 0.10298148 0.53142857 0.24736742 0.24571429 0.24571429 0.37480843 0.27428572 0.27428571 0.27428571 0.27428571 1.0242613 1.0242857 0.72285737 0.72285714 0.72315827 0.73428571 0.73428571 0.73428571 0.48857143 0.48857143 0.48857143 0.61714286 0.61714286 0.71142857 0.71142857 0.71142857 0.71142837 0.43856996 0.43857078 0.21295947 0.20739096 -0.14531112 -0.14571429 -0.14571429 -0.14571429 -0.14571429 -0.13285714 -0.13285714 -0.13285714 -0.032963729 -0.027142857 -0.027142857 -0.027142906 -0.052857143 -0.052857143 -0.052852103 0.087142857 0.08712644 -0.28 0.027142857
0.24428761 0.24428569 0.10285714 0.10285714 0.10285714 0.24571429 0.24571429 0.24571429 0.6 0.6 0.27428571 0.27428571 0.27428571 1.0242857 1.0242857 1.0242857 1.0242857 1.0242524 0.73428571 0.73428571 0.7342857 0.48857143 0.48857143 0.48857143 0.61714286 0.61714286 0.71142857 0.71142857 0.71142857 0.44164791 0.43857143 0.43857143 0.43857143 0.43857143 -0.14542598 -0.14571429 -0.14571429 -0.14571429 -0.14571429 -0.0028571767 -0.0028571429 -0.0028571429 -0.0028571429 -0.027144961 -0.30142857 -0.30142857 -0.30142857 -0.51714286 -0.51714286 -0.51714286 -0.28 -0.28 -0.28
0.24428571 0.24428571 0.10285714 0.10285714 0.10285714 0.2449634 0.24571429 0.6 0.6 0.6 0.27432581 0.27428571 0.66417094 1.0242857 1.0242857 1.0242857 1.0242857 0.78857143 0.78857143 0.78857143 0.56857143 0.56857137 0.48857182 0.48857143 0.48866004 0.57714286 0.57714286 0.57714318 0.71140687 0.29574276 0.29571505 0.29573923 0.43832727 0.43844814 -0.041744399 -0.14571434 -0.14617867 -0.28428571 -0.28428571 -0.0028571429 -0.0028571429 -0.0028571429 -0.0028571429 -0.30142857 -0.30142857 -0.30142857 -0.30142857 -0.51714286 -0.51714286 -0.51714286 -0.28 -0.28 -0.28
0.24428571 0.24428571 0.10285714 0.10285714 0.10285714 0.10285714 0.37831308 0.6 0.6 0.6 0.60008365 0.75142857 0.75142857 0.75142857 1.0226777 1.0242857 0.79014217 0.78857143 0.78857143 0.78857143 0.56857143 0.56857143 0.56857143 0.56857143 0.57714286 0.57714286 0.57714286 0.57714286 0.57714286 0.29571429 0.29571429 0.29571429 0.29571429 0.29571345 -0.10142857 -0.28428571 -0.28428571 -0.28428571 -0.28428571 -0.28428566 -0.31285714 -0.31285714 -0.31285714 -0.29844616 -0.26857143 -0.26857143 -0.26857143 -0.51714285 -0.51714302 -0.68142857 -0.68142857 -0.17431143 -0.17428571
0.24428571 0.24428571 0.15390293 0.10285714 0.10285714 0.10285716 0.65418938 0.60017108 0.6 0.6 0.75142855 0.75142857 0.75142857 0.75142857 0.75142857 0.77379932 0.78857143 0.78857143 0.78857143 0.78857143 0.56857313 0.56857143 0.56857143 0.56857143 0.57714286 0.57714286 0.57714286 0.57714286 0.57714286 0.21020647 0.29571429 0.29571429 0.29571429 -0.10142857 -0.10142857 -0.10157056 -0.28428571 -0.28428571 -0.41372477 -0.51428569 -0.31285714 -0.31285714 -0.31285714 -0.29918974 -0.26857143 -0.26857143 -0.26857143 -0.37571429 -0.6776194 -0.68142857 -0.68142857 -0.17428571 -0.17428571
