interpolatedSpi/02-09|20_3.tif
NCOLS 53
NROWS 52
XLLCORNER -116.03883
YLLCORNER 28.596182
DX 0.49850594
DY 0.49788537
NODATA_VALUE -9999
[rows 0 to 33 of 52, columns 0 to 52 of 53]
0.51625 0.51625 0.069200859 -0.275 0.26625 0.26 0.665 0.66875 0.060949009 -0.19375 -0.2025 0.18125 -0.029937933 0.72375 0.22 0.22 0.22 0.4325 0.365 0.365 0.365 0.36499841 0.2 -0.02625 -0.02625 -0.02625 0.6125022 0.6125 0.6125 0.21625 0.21625 0.21625 0.21625 0.40749996 0.4075 0.4075 0.4075 0.4075 0.4075 0.40750001 0.91577461 0.9210532 0.14875 0.14875 0.14875 0.14875 0.14954013 0.6325 0.6325 0.6325 1.1474989 1.1475 1.1475
0.51623039 0.075 0.21250062 0.33158452 0.63599654 0.7825 0.7325 0.4865287 0.1175 0.2 0.125 -0.03 -0.03 0.61411679 0.72374422 0.22 0.4325 0.4325 0.36508801 0.365 0.365 0.365 -0.053489695 -0.02625 -0.02625 -0.02625 0.097499991 0.0975 0.21625 0.21625 0.21625 0.21625 0.21625 0.40749997 0.4075 0.4075 0.4075 0.4075 0.40749998 0.32860311 -0.084963157 0.12038649 0.14875 0.14875 0.14875 0.14875 0.14875 0.6325 0.6325 0.6325 0.67520429 1.1475 1.1475
1.2362112 1.23625 0.7525 1.305 0.67625 0.46875 0.63875 0.18625 0.39875 0.21875 0.64375 -0.2125 -0.52875 0.1625 0.61375 0.5175 0.4325 0.4325 0.4325 0.10507558 0.105 0.105 -0.54375 -0.02625 -0.02625 -0.02625 0.0975 0.0975 0.0975 0.21625 0.21625 0.21624996 -0.20196631 0.40612442 0.40530102 0.17341487 0.17125 0.17125 0.1390205 -0.084999998 -0.085 -0.084701092 0.14875 0.14875 0.14875 0.14875 0.14875 0.6325 0.6325 0.6325 0.6325 1.1475 1.1475
0.3775 1.2362498 0.33496209 0.6875 0.11 0.59625 0.88 -0.24625 0.36875 0.32458798 0.3425 0.30625 0.18 0.1625 0.2775 0.5175 -0.45500207 -0.46187291 -0.42875 0.105 0.105 -1.165 -0.54375 -0.54375 -0.02625 -0.026249382 0.0975 0.0975 0.0975 -0.6925 -0.67055289 -0.6525 -0.6525 -0.65249935 0.17125 0.17125 0.17125 0.17125 -0.085 -0.085 -0.085 -0.084999991 0.14875 0.14875 0.14875 0.14875 0.14875 0.6324939 0.6325 0.6325 0.6325 1.1474186 1.1475
0.3775 -0.0049993764 0.335 0.32110015 0.11 0.50375 0.23878965 -0.02125 -0.17375 0.15624993 0.12780391 0.11630318 0.4875 0.2775 0.2775 0.42268647 -0.4625 -0.4625 -0.42875 -0.42875 0.10499744 -1.165 -1.38625 -0.58125 -0.53375 -0.53384485 0.0975 0.0975 -0.6925 -0.6925 -0.6525 -0.6525 -0.6525 -0.61784963 0.17125 0.17125 0.17125 -0.085 -0.085 -0.085 -0.085 -0.084973696 0.14875 0.14875 0.14875 0.14875 0.14875 0.15305597 0.6325 0.63241133 -1.345 -1.345 -1.345
-0.87125 0.15875 0.655 0.245 0.555 0.7075 0.26375 0.22726184 0.31875 -0.10125 0.33875 -0.2275 -0.22749953 -0.05625 -0.05625 -0.35002203 -0.35 -0.675 -0.675 -0.42875049 -1.4375 -1.4375 -0.58125 -0.53375 -0.53375 -0.94 -1.28625 -1.28625 -0.14879989 -0.6925 -0.6525 -0.6525 -0.46875 -0.46873211 -0.29751235 -0.55 -0.55 -0.22885837 -0.085 -0.085 0.18716013 0.1875 0.18750081 -1.1197059 -1.1423573 -1.1424997 -1.1425 -1.1424995 -1.7688482 -1.345 -1.345 -1.345 -1.345
-0.80625222 0.00125 -0.62676028 0.3025 0.90875 0.18375 0.2925 0.365 -0.0025 -0.0025000002 0.33875 -0.04875 -0.53500007 -0.05625 -0.44124885 -0.44125 -0.35 -0.7025 -0.98125 -0.98125 -1.4186494 -1.3975 -1.3975 -1.345 -0.94 -0.94 -1.28625 -1.28625 -0.14877222 -0.14915905 0.25257848 -0.46875 -0.46875 -0.2975 -0.2975 -0.83934002 -0.55 -0.55 -1.4412191 0.18749773 0.1875 0.1875 0.1875029 -1.1424969 -1.1425 -1.1425 -1.1425 -1.1425005 -1.925 -1.3451149 -1.345 -1.345 -1.345
-0.80625 -1.0725 -0.41625 -0.88125 -1.2249803 -0.39 -0.07375 -0.49499998 -0.24 -0.45125 -0.45125 -0.85375 -0.535 -0.535 -0.44189321 -0.60746315 -0.62375 -0.5375 -0.7862502 -0.98125 -1.1844653 -1.12875 -1.6225 -1.02875 -1.0287536 -1.305 -1.50375 -1.5037499 -0.52866405 -0.52999998 0.255 -0.12438438 -0.19375 -0.2975 -0.31254493 -1.08125 -1.08125 -1.44125 -1.44125 0.1875 0.1875 0.18750001 -0.57678611 -0.57875003 -1.1425 -1.1425 -1.1425 -1.9249702 -1.925 -1.925 -1.345 -1.345 -1.345
-1.0738275 -1.0725 -1.07 -0.6575 -0.37625 -0.61625 -0.31 0.415 0.30375 0.32866993 -0.08875 -0.34625 -0.34625 -0.7525 -0.75249643 -0.93787207 -0.93875 -0.93875 -0.57547208 -1.62875 -1.785 -1.785 -1.285 -1.4894968 -1.2771613 -1.305 -1.37375 -1.50375 -0.91096481 -0.9075 -0.105 0.67125 0.25447452 -0.87875 -0.825 -0.9125 -0.86875 -0.655 -0.89114091 0.18912928 0.5525 -0.36875 -0.57873005 -0.57875 -0.58192309 -1.1425 -1.4125 -1.925 -1.925 -1.925 -1.925 -1.3355063 -1.1325
-1.08125 -1.08125 -0.92875 -0.69125 -0.28 -0.22 -0.20125 -0.0675 0.53375 0.33497345 -0.04 -0.15375 -0.7525 -0.7525 -0.3725 -0.38026637 -0.93875 -0.93875914 -1.0125 -1.62875 -1.62875 -1.6488802 -1.285 -1.5024959 -1.5025 -1.5025 -1.37375 -0.64 -0.64 -0.9075 -0.9075 0.66968055 -0.15625 -0.87875 -0.61375 -0.9125 -0.86875 -1.4575 -0.89125 0.48851969 -0.36874996 -0.4008922 -0.45625 -0.57875 -0.57875 -1.4125 -1.4125 -1.4125 -1.925 -1.925 -1.26875 -1.26875 -1.2687499
-1.08125 -1.08125 -1.47875 -1.24375 -0.91 -0.54 -0.74374999 -0.041361654 -0.34625 -0.2875 -0.19125 -0.3375 -0.15399551 -0.3725 -0.3725 -0.37253504 -0.67625 -0.69389798 -1.0125 -0.38 -0.38 -0.67625 -0.67625 -1.5025 -1.5025 -1.5025 -0.64 -0.64 -0.64 -1.1475 -1.1475 -1.1474984 -0.67125 -0.67125 -0.70625 -1.1975 -0.705 -0.83749968 -1.30875 0.51125 0.51125 -0.21875078 -0.45625 -0.57875 -0.82250015 -1.09 -0.81135021 -0.80875 -1.0275 -1.0275 -1.26875 -1.26875 -1.26875
-1.08125 -1.2528381 -1.3784671 -1.3387412 -1.205 -1.24375 -0.74375 -0.04125 -0.34624745 -0.28815088 -0.33749993 -0.3375 -0.3625 -0.3725 -0.3725 -0.67624999 -0.67625 -0.67626914 -1.0125 -0.38 -0.43817747 -0.67625 -0.67625 -1.5024665 -1.5025 -1.3738885 -1.11125 -1.11125 -1.1112499 -1.1475 -1.1475 -1.10375 -1.10375 -0.6712501 -0.70625 -0.30500029 -0.72023331 -0.8375 -0.8375 0.51124998 -0.21875 -0.21875 -0.2187544 -0.8225 -0.8225 -1.09 -0.80875 -0.80875 -1.0275 -1.0275 -1.26875 -1.26875 -1.26875
-0.16375 -0.13412382 -0.022545799 -0.032036825 -1.2050001 -1.2437491 -0.74375001 -0.049897376 -0.32523238 -0.34471588 -0.3625 -0.3625 -0.3625 -0.3625 -0.37249858 -0.67625 -0.67625 -0.68059152 -1.0125 -0.38000328 -0.3775 -0.3775 -0.3775 -0.3775 -1.4831419 -1.11125 -1.11125 -1.11125 -1.11125 -1.1112055 -1.10375 -1.10375 -1.10375 -1.10375 -0.305 -0.305 -0.305 -0.81178081 -0.83124748 -0.005 -0.005 -0.2187385 -0.40126442 -0.82245943 -0.8225 -1.09 -0.80875 -0.80875 -1.0275 -1.0275 -1.2678748 -1.26875 -1.083874
-0.16375 -0.0225 -0.0225 -0.0225 -0.0225 -0.022500515 -0.74502986 -0.41139273 -0.26915933 -0.36248103 -0.3625 -0.3625 -0.3625 -0.3625 -0.36250006 -0.67625 -0.67625005 -0.69931446 -1.0124933 -0.3775 -0.3775 -0.3775 -0.3775 -0.3775 -0.38671701 -0.94246209 -0.87375005 -0.87375 -0.87375 -0.87375 -1.10375 -1.10375 -1.1037497 -0.8425 -0.8425 -0.305 -0.053445392 -0.04625 -0.0050000239 -0.005 -0.005 -0.005 -0.40125 -0.40125 -0.40125 -0.40604307 -0.69952411 -0.69875 -0.69875 -0.69875 -0.69875001 0.35874966 0.35875
0.1725 -0.0225 -0.0225 -0.0225 -0.0225 -0.0225 -0.022500049 -0.50462099 -0.44881533 -0.45 -0.45 -0.45 -0.45 -0.45 -0.45 -0.44390386 -0.67259024 -0.72229378 -0.37757973 -0.3775 -0.3775 -0.3775 -0.3775 -0.37750031 -0.80375 -0.80375 -0.8037501 -0.87375 -0.87375 -0.87408791 -1.0425 -1.0425 -0.8425 -0.8425 -0.8425 -0.17380057 -0.04625 -0.04625 -0.04625 -0.005 -0.005 -0.005 -0.40125 -0.40125 -0.40125 -0.40125 -0.69874999 -0.69875 -0.69875 -0.69875 -0.69875 0.35875 0.35875
0.1725 0.099903716 -0.0225 -0.0225 -0.0225 -0.0225 -0.31869186 -0.31875 -0.31875 -0.45 -0.45 -0.45 -0.45 -0.45 -0.44862121 -0.44375 -0.44375 -0.44375 -0.64293899 -0.64374973 -0.64375 -0.64375 -0.64375 -0.64375 -0.80375 -0.80375 -0.80375 -0.80375 -0.87375 -1.0425 -1.0425 -1.0425 -0.84250002 -0.8425 -0.8425 -0.01125 -0.046203659 -0.04625 -0.04625 -0.0050698499 -0.14448834 -0.46985648 -0.40125 -0.40125 -0.32398917 -0.32375 -0.32375 -0.69737956 0.13208642 0.13499993 0.13499984 0.4612344 0.35875021
0.1725 -0.0063147137 -0.016806982 -0.0225 -0.0225 -0.31857496 -0.31875 -0.31875 -0.31875 -0.31969583 -0.45 -0.45 -0.45 -0.45 -0.44375 -0.44375 -0.44375 -0.44375 -0.64357134 -0.64375 -0.64375 -0.64375 -0.64375 -0.64375 -0.80375 -0.80375 -0.80375 -0.80375 -0.80461841 -1.0425 -1.0425 -1.0425 -0.44625001 -0.84240588 -0.01125 -0.01125 -0.01125 -0.017326003 -0.444348 -0.47125 -0.47125 -0.47125 -0.38375 -0.38375 -0.32375 -0.32375 -0.32375 0.13499999 0.135 0.135 0.135 0.46125 0.46125
-0.010923641 -0.01125 -0.01125 -0.011250001 -0.16 -0.3187459 -0.31875 -0.31875 -0.31875 -0.31875 -0.41952741 -0.44999476 -0.44999999 -0.44375 -0.44375 -0.44375 -0.44375 -0.44375 -0.49888421 -0.64375 -0.64375 -0.64375 -0.64375 -0.64375 -0.58478539 -0.36750236 -0.3675 -0.3675 -0.3675 -1.0425 -0.44625001 -0.44625 -0.44625 -0.44625 -0.01125 -0.01126455 -0.56375 -0.56375 -0.472405 -0.47125 -0.47125 -0.47125 -0.38375 -0.38375 -0.33304007 -0.32375 -0.32375 0.135 0.135 0.135 0.13849825 0.46125 0.46125
-0.01125 -0.01125 -0.01125 -0.081298594 -0.16 -0.16 -0.31875 -0.31875 -0.31875 -0.31875 -0.0475 -0.0475 -0.0475 -0.44375 -0.44375 -0.44375 -0.44375 -0.443769 -1.06875 -1.06875 -0.64375017 -0.64375 -0.64405432 -0.65625 -0.65365051 -0.3675 -0.3675 -0.3675 -0.3675 -0.44624198 -0.44625 -0.44625 -0.44625 -0.44625 -0.56374806 -0.56375 -0.56375 -0.56375 -0.56340102 -0.47125 -0.47125 -0.47125 -0.38375 -0.38375 -0.38375 -0.32375 -0.32375 0.13499999 0.135 0.135 0.46125 0.46125 0.46125
-0.01125 -0.01125 -0.01125 -0.16 -0.16 -0.16 -0.16000024 -0.31875 -0.31875 -0.047780008 -0.0475 -0.0475 -0.0475 -0.047746884 -0.53683358 -0.55875 -0.55875 -0.55875 -1.06875 -1.06875 -1.06875 -0.65625 -0.65625 -0.65625 -0.65616631 -0.36225476 -0.3675 -0.3675 -0.3675 -0.17912935 -0.12003209 -0.12 -0.12 -0.12 -0.3924025 -0.15250093 -0.1525 -0.1525 -0.1525 -0.12879686 -0.12875 -0.12875 -0.38375 -0.38375 0.35374692 0.35374991 0.10625 0.10625 0.24375 0.24375 0.24375 0.46125 0.62110694
-0.01124924 -0.01125 -0.011250005 -0.16 -0.16 -0.16 -0.16 -0.27875001 -0.31859006 -0.047387786 -0.0475 -0.0475 -0.0475 -0.048503213 -0.55875 -0.55875 -0.55875 -0.55875015 -1.06875 -1.06875 -1.06875 -0.65625 -0.65625 -0.65625 -0.3575 -0.3575 -0.32625 -0.32625 -0.32625 -0.32512484 -0.12 -0.12 -0.12 -0.12 -0.13624112 -0.1525 -0.1525 -0.1525 -0.1525 -0.12875 -0.12875 -0.12875 -0.1135687 0.35375 0.35375 0.35375 0.10625 0.10625 0.24375 0.24375 0.24375 0.62124999 0.62125
0.23375 0.10311086 -0.5 -0.49990136 -0.16 -0.27806292 -0.27875 -0.27875 -0.19767576 0.076249997 0.07625 0.07625 0.07625 -0.69372493 -0.69375 -0.5587501 -0.55875 -0.57218775 -1.06875 -1.06875 -1.06875 -0.98625 -0.98625 -0.98625 -0.3575 -0.3575 -0.32625 -0.32625 -0.32625 -0.32624979 -0.042500493 -0.042500218 -0.11805215 -0.11991691 -0.41965559 -0.42 -0.42 -0.42 -0.42 -0.12875 -0.12875 -0.12875 0.32718174 0.35375 0.35375 0.35374991 0.10625 0.10625 0.10625495 0.24375 0.24375207 0.29 0.62125
-0.12368211 -0.12375007 -0.5 -0.5 -0.5 -0.27875 -0.27875 -0.27875 -0.05625 -0.05625 0.07625 0.07625 0.07625 -0.69375 -0.69375 -0.69375 -0.69375 -0.6937911 -1.06875 -1.06875 -1.06875 -0.98625 -0.98625 -0.98625 -0.3575 -0.3575 -0.32625 -0.32625 -0.32625 -0.045699302 -0.0425 -0.0425 -0.0425 -0.0425 -0.41981373 -0.42 -0.42 -0.42 -0.42 -0.58499988 -0.585 -0.585 -0.585 0.35374624 -0.13625 -0.13625 -0.13625 0.2125 0.2125 0.2125 0.29 0.29 0.29
-0.12375 -0.12375 -0.5 -0.5 -0.5 -0.27991293 -0.27875 -0.05625 -0.05625 -0.05625 0.076233689 0.07625 -0.51412261 -0.69374999 -0.69375 -0.69375 -0.69375 -1.00375 -1.00375 -1.00375 -1.1075 -1.1074999 -0.98625059 -0.98625 -0.98604604 -0.94 -0.94 -0.93999854 -0.32634919 0.11496861 0.11499916 0.1149725 -0.042230816 -0.042364079 -0.35266388 -0.42000006 -0.4205362 -0.58 -0.58 -0.585 -0.585 -0.585 -0.585 -0.13625 -0.13625 -0.13625 -0.13625 0.2125 0.2125 0.2125 0.29 0.29 0.29
-0.12375 -0.12375 -0.5 -0.5 -0.5 -0.5 -0.19547475 -0.05625 -0.05625 -0.05625 -0.056575905 -0.64625 -0.64625 -0.64625 -0.69347007 -0.69375 -1.0016842 -1.00375 -1.00375 -1.00375 -1.1075 -1.1075 -1.1075 -1.1075 -0.94 -0.94 -0.94 -0.94 -0.94 0.115 0.115 0.115 0.115 0.11499962 -0.0675 -0.58 -0.58 -0.58 -0.58 -0.58000105 -0.9125 -0.9125 -0.9125 -0.73921546 -0.38 -0.38 -0.38 0.21249998 0.21249974 -0.06 -0.06 0.17502798 0.175
-0.12375 -0.12375 -0.36420017 -0.5 -0.5 -0.50000001 -1.1380769 -0.059665382 -0.05625 -0.056250001 -0.64625006 -0.64625 -0.64625 -0.64625 -0.64625 -0.6501966 -1.00375 -1.00375 -1.00375 -1.00375 -1.1074992 -1.1075 -1.1075 -1.1075 -0.94 -0.94 -0.94 -0.94 -0.94 -0.33668711 0.115 0.115 0.115 -0.0675 -0.0675 -0.067897969 -0.58 -0.58 -0.49558322 -0.43000001 -0.9125 -0.9125 -0.9125 -0.74095851 -0.38 -0.38 -0.38 -0.13375 -0.060918918 -0.06 -0.06 0.175 0.175
-0.9725 -0.9725 -0.9725 -0.61846874 -0.50117238 -1.14 -1.14 -1.14 -1.14 -0.9275 -0.9275 -0.64625002 -0.64625 -0.64625 -0.64625 -0.64627266 -1.00375 -1.00375 -1.00375 -1.00375 -1.0622269 -1.1075 -1.1075 -1.0972281 -0.725019 -0.94 -0.94 -0.94 -0.49625 -0.49625 -0.49625 -0.49624743 -0.0675 -0.0675 -0.0675 -0.0675 -0.43 -0.43 -0.43 -0.43 -0.81875 -0.81875 -0.81875 -0.24876146 -0.24875 -0.24875 -0.24875004 -0.13375 -0.13375 -0.06008986 -0.06 0.17499924 0.175
-0.9725 -0.9725 -0.9725 -0.97251764 -1.3 -1.2767334 -1.14 -1.14 -1.14 -0.9275 -0.9275 -0.9275 -0.7325 -0.7325 -0.7325 -0.7325 -1.0037157 -1.00375 -1.00375 -1.00375 -1.0053018 -0.71500108 -0.715 -0.715 -0.715 -0.71500001 -0.9225 -0.9225 -0.49625 -0.49625 -0.49625 -0.49625 -0.067500138 -0.0675 -0.0675 -0.067515578 -0.42999999 -0.43 -0.43 -0.42884297 -0.81875 -0.81875 -0.81875 -0.24877643 -0.24875 -0.24875 -0.24875 -0.13375 -0.13375 -0.13374998 0.025 0.025 0.42
-0.9725 -0.9725 -0.9725 -1.2999992 -1.3 -1.3 -1.1400001 -1.14 -1.14 -0.9275 -0.9275 -0.9275 -0.7325 -0.7325 -0.7325 -0.75173029 -0.985 -0.985 -0.98500005 -1.0036441 -0.715 -0.715 -0.715 -0.715 -0.715 -0.71515615 -0.9225 -0.9225 -0.9225 -0.49625 -0.49625 -0.49615908 -0.25875 -0.25875 -0.25875 -0.026250001 -0.026250001 -0.16625 -0.16625 -0.16625 0.25625 -0.8184128 -0.81874163 0.3025 0.3025 0.28160825 -0.24874835 -0.13375 -0.13375 0.025 0.025 0.025 0.42
-0.9725 -0.9725 -0.9725 -1.3 -1.3 -1.3 -1.3 -1.14 -1.14 -0.9275 -0.9275 -0.74029719 -0.7325 -0.7325 -0.7325 -0.985 -0.985 -0.985 -0.985 -0.985 -0.715 -0.715 -0.715 -0.715 -0.715 -0.92249929 -0.9225 -0.9225 -0.9225 -0.355 -0.355 -0.355 -0.25875 -0.25875 -0.25875 -0.02625 -0.02625 -0.16625 -0.16625 0.25625 0.25625 0.25625 0.3025 0.3025 0.3025 0.3025 0.32724688 0.60375 0.60375 0.60375 0.025000013 0.71625 0.71625
-0.9725 -0.9725 -0.97295606 -1.3 -1.3 -1.3 -1.3 -1.1619583 -1.155 -1.1546094 -0.9275 -0.73250681 -0.7325 -0.7325 -0.73250087 -0.985 -0.985 -0.985 -0.985 -0.985 -0.98713073 -0.715 -0.715 -0.715 -0.71503527 -0.92249796 -0.9225 -0.9225 -0.9225 -0.355 -0.355 -0.355 -0.35498393 -0.25875 -0.02625 -0.02625 -0.02625 -0.026255558 -0.16622119 0.25625 0.25625 0.25625 0.30249719 0.3025 0.3025 0.3025 0.60375069 0.60375 0.60375 0.60375 0.71625 0.71625 0.71625
-1.0775 -1.0774998 -1.2998199 -1.3 -1.3 -1.3 -1.1550309 -1.155 -1.155 -1.155 -0.81375001 -0.81375 -0.81375 -0.81375 -0.9842096 -0.985 -0.985 -0.985 -0.985 -0.99874999 -0.99875 -0.99875 -0.88624997 -0.88625 -0.88625 -0.88625 -0.88937884 -0.9225 -0.088784147 -0.08875 -0.08875 -0.08875 -0.08875 0.2525 0.2525 0.2525 0.2525 0.2525 0.26875 0.26875 0.26875 0.26875 0.26875 0.67443848 0.675 0.675 0.675 0.60375 0.60375 0.60375 0.71623228 0.71625 0.71625
-1.0775 -1.0775 -1.073565 -0.60750139 -0.60750015 -0.60803421 -1.155 -1.155 -1.155 -1.155 -0.81375 -0.81375 -0.81375 -0.81375 -0.81375 -0.985 -0.985 -0.985 -0.99875 -0.99875 -0.99875 -0.99875 -0.88625 -0.88625 -0.88625 -0.88625 -0.88625 -0.88625687 -0.088715728 -0.08875 -0.08875 -0.08875 -0.088736232 0.26667254 0.25251468 0.2525 0.2525 0.2525 0.26875 0.26875 0.26875 0.26875 0.26875 0.675 0.675 0.675 0.675 0.64168211 0.60375 0.88433422 0.8875 0.60125 0.60125
-1.0775 -1.0775 -0.60755953 -0.6075 -0.6075 -0.6075 -0.74656269 -1.155 -1.155 -1.155 -0.81375 -0.81375 -0.81375 -0.81375 -0.81375 -0.98486904 -0.985 -0.99874597 -0.99875 -0.99875 -0.99875 -0.99875 -0.92792635 -0.88625 -0.88625 -0.88625 -0.88625 -0.88562244 -7.2470336e-12 -2.7755576e-17 -2.7755576e-17 -2.7755576e-17 -7.3745387e-15 0.2775 0.2775 0.2775 0.2775 0.2775 0.4375 0.4375 0.4375 0.4375 0.4375 0.67509461 0.67500002 0.675 0.67500657 0.67582096 0.8875 0.8875 0.8875 0.6012516 0.60125
