interpolatedSpi/02-01|23_1.tif
NCOLS 53
NROWS 52
XLLCORNER -116.03883
YLLCORNER 28.596182
DX 0.49850594
DY 0.49788537
NODATA_VALUE -9999
-1.74 -1.74 -1.4280342 -1.75 -1.02 -1.55 -1.28 -0.85 -1.0183842 -0.57 -0.33 -0.18 -0.019942359 0.68 0.64 0.64 0.64 -0.64 -1.03 -1.03 -1.03 -1.0300089 -1.95 -0.57 -0.57 -0.57 -0.56001768 -0.56 -0.56 -1.4 -1.4 -1.4 -1.4 -2.0599999 -2.06 -2.06 -2.06 -2.06 -2.06 -2.06 -0.29896829 -0.28039991 -1.85 -1.85 -1.85 -1.85 -1.8482523 -0.78 -0.78 -0.78 0.52999728 0.53 0.53 
-1.7400124 -2.02 -1.6799998 -1.6190544 -1.6792286 -1.5 -1.74 -1.6894067 -1.08 -0.45 -0.55 -0.020000001 -0.02 -1.1937312 0.67997694 0.64 -0.64 -0.64 -1.0294915 -1.03 -1.03 -1.03 -0.56947363 -0.57 -0.57 -0.57 -1.04 -1.04 -1.4 -1.4 -1.4 -1.4 -1.4 -2.0599999 -2.06 -2.06 -2.06 -2.06 -2.0599999 -1.8664596 -0.94002949 -1.7395786 -1.85 -1.85 -1.85 -1.85 -1.85 -0.78 -0.78 -0.78 -0.67137355 0.53 0.53 
-0.98002402 -0.98 -1.51 -0.96 -1.55 -1.35 -1.68 -1.44 -1.36 -1.23 -0.94 -0.89 -1.29 -0.21 -1.2 -1.44 -0.64 -0.64 -0.64 -0.80006686 -0.8 -0.8 -0.56 -0.57 -0.57 -0.57 -1.04 -1.04 -1.04 -1.4 -1.4 -1.4 -1.525164 -2.0568359 -2.0468759 -0.66292049 -0.65 -0.65 -0.68647436 -0.94 -0.94 -0.94116366 -1.85 -1.85 -1.85 -1.85 -1.85 -0.78 -0.78 -0.78 -0.78 0.53 0.53 
0.61 -0.97999985 -0.23012868 -0.47 -1.3 -1.21 -1.63 -2.05 -1.76 -1.629386 -1.36 -1.31 -0.95 -0.21 -1.29 -1.44 -1.7178577 -1.7192433 -1.51 -0.8 -0.8 -0.86 -0.56 -0.56 -0.57 -0.57000235 -1.04 -1.04 -1.04 -0.86 -1.2989422 -1.66 -1.66 -1.6599992 -0.65 -0.65 -0.65 -0.65 -0.94 -0.94 -0.94 -0.94000003 -1.85 -1.85 -1.85 -1.85 -1.85 -0.7800135 -0.78 -0.78 -0.78 0.52993173 0.53 
0.61 0.10999938 -0.23 -1.2361123 -1.3 -1.39 -1.4299733 -1.11 -1.77 -1.4599999 -1.4551772 -1.4600272 -1.65 -1.29 -1.29 -1.3947639 -1.72 -1.72 -1.51 -1.51 -0.80000017 -0.86 -1.09 -0.99 -2.37 -2.3696512 -1.04 -1.04 -0.86 -0.86 -1.66 -1.66 -1.66 -1.6430284 -0.65 -0.65 -0.65 -0.94 -0.94 -0.94 -0.94 -0.93997683 -1.85 -1.85 -1.85 -1.85 -1.85 -1.8404757 -0.78 -0.78003498 -1.56 -1.56 -1.56 
-1.98 -0.39 -0.049999972 -1.09 -0.85 -0.67 -1.14 -1.1361591 -0.41 -1.08 -0.9 -1.1 -1.1000004 -1.64 -1.64 -1.2600845 -1.26 -1.15 -1.15 -1.5100001 -1.3 -1.3 -0.99 -2.37 -2.37 -0.88 -1.46 -1.46 -0.53003144 -0.86 -1.66 -1.66 -1.57 -1.5700136 -1.6999906 -1.29 -1.29 -1.0482805 -0.94 -0.94 -0.70029933 -0.7 -0.69999893 -1.1918273 -1.180074 -1.1800002 -1.18 -1.1800003 -1.8937836 -1.56 -1.56 -1.56 -1.56 
-2.2799988 -0.97 -1.2312085 0.15 0.41 -0.59 -0.060000004 -0.66 -0.96 -0.96 -0.9 -1.11 -1.6299998 -1.64 -1.6100001 -1.61 -1.26 -1.91 -1.67 -1.67 -1.6817246 -2.11 -2.11 -1.13 -0.88 -0.88 -1.46 -1.46 -0.5300641 -0.53118021 -1.3209517 -1.57 -1.57 -1.7 -1.7 -1.208304 -1.29 -1.29 -1.2000031 -0.7000007 -0.7 -0.7 -0.69999537 -1.1800007 -1.18 -1.18 -1.18 -1.1800005 -1.99 -1.5600852 -1.56 -1.56 -1.56 
-2.28 -2.42 -0.68 -0.82 -0.82999943 -0.3 -0.76 -1.23 -1.42 -0.88 -0.88 -0.73 -1.63 -1.63 -1.6101372 -1.9651952 -2 -1.74 -0.6000011 -1.67 -0.16215795 -2.4801579e-36 -0.99 -1.14 -1.1400165 -2.42 -1.33 -1.33 -1.6261454 -1.63 -1.32 -1.0002328 -1.18 -1.7 -1.6783239 -1.14 -1.14 -1.2 -1.2 -0.7 -0.7 -0.69999999 -1.2967054 -1.3 -1.18 -1.18 -1.18 -1.9899692 -1.99 -1.99 -1.56 -1.56 -1.56 
-2.1013974 -2.42 -1.74 -1.1 -0.04 -0.94 -0.84 -0.92 -0.69 -0.8893594 -1.12 -1.31 -1.31 -1.1 -1.0999966 -2.2692475 -2.27 -2.27 -1.5659773 -1.81 -1.91 -1.91 -0.92 -0.96241415 -2.2910098 -2.42 -1.6 -1.33 -1.4990121 -1.5 -0.95 -0.92 -1.151681 -1.31 -0.94 -0.92 -0.96 -1.3 -1.0501154 -0.69794666 -0.24 -0.85 -1.2999886 -1.3 -1.2993246 -1.18 -2.1699999 -1.99 -1.99 -1.99 -1.99 -1.4056108 -1.3 
-0.32 -0.32 -1.86 -2.44 -1.66 -0.74 -0.72 -0.8 -0.94 -0.94004446 -0.68 0.53 -1.1 -1.1 -0.74 -0.76098464 -2.27 -2.2696993 -0.89 -1.81 -1.81 -1.8228833 -0.92 -0.49000814 -0.49 -0.49 -1.6 -1.51 -1.51 -1.5 -1.5 -0.92087244 -1.38 -1.31 -0.8 -0.92 -0.96 -1.22 -1.05 -1.758331 -0.84999997 -0.98958897 -1.23 -1.3 -1.3 -2.17 -2.17 -2.17 -1.99 -1.99 -0.32 -0.32 -0.32000037 
-0.32 -0.32 -3.87 -2.77 -0.83 -0.91 -1.36 -1.0601246 -1.81 -1.63 -0.94 -0.56 0.52854647 -0.74 -0.74 -0.74008537 -1.48 -1.449034 -0.89 -1.43 -1.43 -0.99 -0.99 -0.49 -0.49 -0.49 -1.51 -1.51 -1.51 -1.44 -1.44 -1.4399999 -0.85 -0.85 -1.58 -1.85 -0.75 -1.4599989 -1.15 -1.77 -1.77 -1.2499999 -1.23 -1.3 -0.73000098 -1.9 -1.29379 -1.29 -1.2 -1.2 -0.32 -0.32 -0.32 
-0.32 -1.8527348 -3.4005908 -1.8599819 -0.84 -1.34 -1.36 -1.06 -1.8099937 -1.6319942 -0.56000139 -0.56 -1.19 -0.74 -0.74 -1.48 -1.48 -1.4799664 -0.89 -1.43 -1.343593 -0.99 -0.99 -0.49002068 -0.49 -0.79570919 -1.42 -1.42 -1.42 -1.44 -1.44 -1.55 -1.55 -0.850002 -1.58 -1.47 -0.84300579 -1.46 -1.46 -1.77 -1.25 -1.25 -1.2499962 -0.73 -0.73 -1.9 -1.29 -1.29 -1.2 -1.2 -0.32 -0.32 -0.32 
-1.44 -1.6720413 -1.5000483 -1.5025917 -0.84000243 -1.3399882 -1.36 -1.0636928 -1.7583173 -1.8052997 -1.19 -1.19 -1.19 -1.19 -0.74006375 -1.48 -1.48 -1.4723822 -0.89 -1.4300371 -1.57 -1.57 -1.57 -1.57 -0.50905279 -1.42 -1.42 -1.42 -1.42 -1.4199066 -1.55 -1.55 -1.55 -1.55 -1.47 -1.47 -1.47 -1.4603305 -1.4584228 -1.25 -1.25 -1.25 -0.64000308 -0.72999133 -0.73 -1.9 -1.29 -1.29 -1.2 -1.2 -0.32319255 -0.32 -1.5386863 
-1.44 -1.5 -1.5 -1.5 -1.5 -1.4999999 -1.3599487 -1.2181485 -1.6204328 -1.190663 -1.19 -1.19 -1.19 -1.19 -1.1899993 -1.48 -1.4799999 -1.43953 -0.89001042 -1.57 -1.57 -1.57 -1.57 -1.57 -1.5609203 -1.1711312 -1.0400001 -1.04 -1.04 -1.04 -1.55 -1.55 -1.5499993 -0.94 -0.94 -1.47 -0.97418222 -0.96 -1.2499998 -1.25 -1.25 -1.25 -0.64 -0.64 -0.64 -0.64876845 0.2597234 0.27 0.27 0.27 0.26999997 -1.1499998 -1.15 
-1.86 -1.5 -1.5 -1.5 -1.5 -1.5 -1.5 -0.95643544 -0.27670651 -0.27 -0.27 -0.27 -0.27 -0.27 -0.27000001 -0.22115915 -1.4599519 -1.3992091 -1.5699147 -1.57 -1.57 -1.57 -1.57 -1.5699984 -1.15 -1.15 -1.1499998 -1.04 -1.04 -1.0395995 -0.84 -0.84 -0.94 -0.94 -0.94 -0.95679598 -0.96 -0.96 -0.96 -1.25 -1.25 -1.25 -0.64 -0.64 -0.64 -0.64 0.27000001 0.27 0.27 0.27 0.27 -1.15 -1.15 
-1.86 -1.7259761 -1.5 -1.5 -1.5 -1.5 -0.12027085 -0.12 -0.12 -0.27 -0.27 -0.27 -0.27 -0.27 -0.25896965 -0.22 -0.22 -0.22 -0.23408011 -0.23000137 -0.23 -0.23 -0.23 -0.23 -1.15 -1.15 -1.15 -1.15 -1.04 -0.84 -0.84 -0.84 -0.93999999 -0.94 -0.94 -0.42 -0.95928502 -0.96 -0.96 -1.2498037 -0.85808638 0.056084699 -0.64 -0.64 1.1544451 1.16 1.16 0.27161315 1.2465753 1.2499999 1.2499998 1.0096731 -1.1499956 
-1.86 -1.3053087 -1.3937303 -1.5 -1.5 -0.12081537 -0.12 -0.12 -0.12 -0.12108094 -0.27 -0.27 -0.27 -0.26999999 -0.22 -0.22 -0.22 -0.22 -0.22999107 -0.23 -0.23 -0.23 -0.23 -0.23 -1.15 -1.15 -1.15 -1.15 -1.1488724 -0.84 -0.84 -0.84 -0.52000001 -0.93993697 -0.42 -0.42 -0.42 -0.41960049 -0.0045858437 0.06 0.06 0.06 1.33 1.33 1.16 1.16 1.16 1.25 1.25 1.25 1.25 1.01 1.01 
-1.2904399 -1.29 -1.29 -1.29 -0.26 -0.12000361 -0.12 -0.12 -0.12 -0.12 -0.30482571 -0.27000599 -0.27000001 -0.22 -0.22 -0.22 -0.22 -0.22 -0.121041 -0.23 -0.23 -0.23 -0.23 -0.23 -0.41457128 -0.010006177 -0.01 -0.01 -0.01 -0.83999998 -0.52000001 -0.52 -0.52 -0.52 -0.42 -0.41999895 -0.38 -0.38 0.054505944 0.06 0.06 0.06 1.33 1.33 1.1863219 1.16 1.16 1.25 1.25 1.25 1.2474266 1.01 1.01 
-1.29 -1.29 -1.29 -0.80495763 -0.26 -0.26 -0.12 -0.12 -0.12 -0.12 -0.73 -0.73 -0.73 -0.22 -0.22 -0.22 -0.22 -0.21989258 1.36 1.36 -0.22999935 -0.23 -0.18934253 1.44 1.4269463 -0.01 -0.01 -0.01 -0.01 -0.51994807 -0.52 -0.52 -0.52 -0.52 -0.38000014 -0.38 -0.38 -0.38 -0.37839383 0.06 0.06 0.060000001 1.33 1.33 1.33 1.16 1.16 1.25 1.25 1.25 1.01 1.01 1.01 
-1.29 -1.29 -1.29 -0.26 -0.26 -0.26 -0.25999979 -0.12 -0.12 -0.7293703 -0.73 -0.73 -0.73 -0.72968224 0.30612457 0.43 0.43 0.43 1.36 1.36 1.36 1.44 1.44 1.44 1.4399944 0.74006976 -0.01 -0.01 -0.0099999936 0.54908641 0.77987214 0.78 0.78 0.78 0.045061679 0.63999768 0.64 0.64 0.64 1.6297852 1.63 1.63 1.33 1.33 1.9499974 1.9499999 1.67 1.67 1.53 1.53 1.53 1.01 0.93007153 
-1.2899986 -1.29 -1.29 -0.26 -0.26 -0.26 -0.25999999 0.48999982 -0.11756098 -0.72986398 -0.73 -0.73 -0.73 -0.72772376 0.43 0.43 0.43 0.43000027 1.36 1.36 1.36 1.44 1.44 1.44 1.42 1.42 1.72 1.72 1.72 1.714872 0.78 0.78 0.78 0.78 0.71003874 0.64 0.64 0.64 0.64 1.63 1.63 1.63 1.6400684 1.95 1.95 1.95 1.67 1.67 1.53 1.53 1.53 0.93000002 0.93 
-0.84 -1.0269789 -0.31 -0.30998549 -0.26 0.48566053 0.49 0.49 0.56287573 -0.57999997 -0.58 -0.58 -0.58 1.6399277 1.64 0.43000093 0.43 0.45450413 1.36 1.36 1.36 2.38 2.38 2.38 1.42 1.42 1.72 1.72 1.72 1.7200008 2.8799867 2.8799941 0.83278035 0.78225135 2.5080214 2.51 2.51 2.51 2.51 1.63 1.63 1.63 1.9323802 1.95 1.95 1.95 1.67 1.67 1.669995 1.53 1.5299888 1.28 0.93 
-0.50006457 -0.49999997 -0.31 -0.31 -0.31 0.49 0.49 0.49 0.69 0.69 -0.58 -0.58 -0.58 1.64 1.64 1.64 1.64 1.6399643 1.36 1.36 1.36 2.38 2.38 2.38 1.42 1.42 1.72 1.72 1.72 2.8669209 2.88 2.88 2.88 2.88 2.5101826 2.51 2.51 2.51 2.51 2.2999998 2.3 2.3 2.3 1.9500006 2.03 2.03 2.03 1.45 1.45 1.45 1.28 1.28 1.28 
-0.5 -0.5 -0.31 -0.31 -0.31 0.48579506 0.49 0.69 0.69 0.69 -0.57984366 -0.58 1.1686469 1.64 1.64 1.64 1.64 2.18 2.18 2.18 2.95 2.9499996 2.3800028 2.38 2.379932 2.72 2.72 2.7199976 1.7201616 2.7700219 2.7700006 2.7700192 2.879812 2.8799051 2.5758259 2.5099999 2.50876 2.14 2.14 2.3 2.3 2.3 2.3 2.03 2.03 2.03 2.03 1.45 1.45 1.45 1.28 1.28 1.28 
-0.5 -0.5 -0.31 -0.31 -0.31 -0.31 0.56485416 0.69 0.69 0.69 0.69048057 1.56 1.56 1.56 1.6395285 1.64 2.1764016 2.18 2.18 2.18 2.95 2.95 2.95 2.95 2.72 2.72 2.72 2.72 2.72 2.77 2.77 2.77 2.77 2.7699992 2.39 2.14 2.14 2.14 2.14 2.1399997 2.03 2.03 2.03 2.0104755 1.97 1.97 1.97 1.45 1.4499996 1.06 1.06 0.97007542 0.97 
-0.5 -0.5 -0.37857666 -0.31 -0.31 -0.30999995 1.9477641 0.69397082 0.69 0.69 1.56 1.56 1.56 1.56 1.56 1.5666496 2.18 2.18 2.18 2.18 2.949994 2.95 2.95 2.95 2.72 2.72 2.72 2.72 2.72 2.4744174 2.77 2.77 2.77 2.39 2.39 2.3898059 2.14 2.14 1.7516828 1.4500001 2.03 2.03 2.03 2.0073613 1.97 1.97 1.97 0.87 1.0576326 1.06 1.06 0.97 0.97 
1.67 1.67 1.67 0.18644043 -0.30648969 1.95 1.95 1.95 1.95 1.56 1.56 1.56 1.56 1.56 1.56 1.5600393 2.18 2.18 2.18 2.18 2.613997 2.95 2.95 2.9170253 1.7358647 2.72 2.72 2.72 2.37 2.37 2.37 2.3700017 2.39 2.39 2.39 2.39 1.45 1.45 1.45 1.45 1.51 1.51 1.51 1.0200099 1.02 1.02 1.0200003 0.87 0.87 1.0597685 1.06 0.96999657 0.97 
1.67 1.67 1.67 1.6700221 2.08 2.0610959 1.95 1.95 1.95 1.56 1.56 1.56 1.79 1.79 1.79 1.79 2.1783514 2.18 2.18 2.18 2.1916072 1.6900035 1.69 1.69 1.69 1.69 2.36 2.36 2.37 2.37 2.37 2.37 2.3899996 2.39 2.39 2.3899576 1.45 1.45 1.45 1.4496052 1.51 1.51 1.51 1.0200227 1.02 1.02 1.02 0.87 0.87 0.86999992 0.29 0.29 0.3 
1.67 1.67 1.67 2.0799991 2.08 2.08 1.95 1.95 1.95 1.56 1.56 1.56 1.79 1.79 1.79 1.7511586 1.28 1.28 1.2800023 2.1749166 1.69 1.69 1.69 1.69 1.69 1.6905042 2.36 2.36 2.36 2.37 2.37 2.3694143 1.87 1.87 1.87 1.29 1.29 1.36 1.36 1.36 1.22 1.509909 1.5099961 0.99 0.99 0.99113697 1.0199997 0.87 0.87 0.29 0.29 0.29 0.3 
1.67 1.67 1.67 2.08 2.08 2.08 2.08 1.95 1.95 1.56 1.56 1.7808033 1.79 1.79 1.79 1.28 1.28 1.28 1.28 1.28 1.69 1.69 1.69 1.69 1.69 2.3599977 2.36 2.36 2.36 1.46 1.46 1.46 1.87 1.87 1.87 1.29 1.29 1.36 1.36 1.22 1.22 1.22 0.99 0.99 0.99 0.99 0.93660423 0.34 0.34 0.34 0.29 0.38 0.38 
1.67 1.67 1.6705709 2.08 2.08 2.08 2.08 1.7087154 1.69 1.6897768 1.56 1.7899791 1.79 1.79 1.7899982 1.28 1.28 1.28 1.28 1.28 0.94196316 1.69 1.69 1.69 1.6898723 2.3599274 2.36 2.36 2.36 1.46 1.46 1.46 1.4600583 1.87 1.29 1.29 1.29 1.2900026 1.3599905 1.22 1.22 1.22 0.99001396 0.99 0.99 0.99 0.34000056 0.34 0.34 0.34 0.38 0.38 0.38 
1.75 1.7499999 2.0797727 2.08 2.08 2.08 1.690083 1.69 1.69 1.69 1.54 1.54 1.54 1.54 1.2812 1.28 1.28 1.28 1.28 0.91000022 0.91 0.91 1.0700001 1.07 1.07 1.07 1.1813436 2.36 1.3500414 1.35 1.35 1.35 1.35 0.94 0.94 0.94 0.94 0.94 0.81 0.81 0.81 0.81 0.81 0.39090446 0.39 0.39 0.39 0.34 0.34 0.34 0.3799937 0.38 0.38 
1.75 1.75 1.7493303 1.6700008 1.6700001 1.6700198 1.69 1.69 1.69 1.69 1.54 1.54 1.54 1.54 1.54 1.28 1.28 1.28 0.91000009 0.91 0.91 0.91 1.07 1.07 1.07 1.07 1.07 1.0702732 1.3495829 1.35 1.35 1.35 1.3498325 0.80394361 0.93985912 0.94 0.94 0.94 0.81 0.81 0.81 0.81 0.81 0.39 0.39 0.39 0.39 0.36661902 0.34 0.92341741 0.93 0.97 0.97 
1.75 1.75 1.6700101 1.67 1.67 1.67 1.6750799 1.69 1.69 1.69 1.54 1.54 1.54 1.54 1.54 1.2801962 1.28 0.91010848 0.91 0.91 0.91 0.91 1.010727 1.07 1.07 1.07 1.07 1.0694333 0.27 0.27 0.27 0.27 0.27 0.7 0.7 0.7 0.7 0.7 0.38 0.38 0.38 0.38 0.38 0.39048833 0.3900001 0.39 0.3900339 0.39415702 0.93 0.93 0.93 0.96999978 0.97 
1.7499989 1.1420875 1.6699999 1.67 1.67 1.67 1.67 1.6899915 1.69 1.69 1.54 1.54 1.54 1.54 1.1293288 1.12 1.12 0.9100054 0.91 0.91 0.91 0.91 0.90999997 1.07 1.07 1.07 1.07 -0.15999956 -0.1599998 -0.068485551 0.27 0.27 0.27 0.7 0.7 0.7 0.7 0.6996749 0.38 0.38 0.38 0.38 0.37998391 0.59 0.59 0.59 0.59 0.59002742 0.93 0.93 0.93 0.93000022 1.2852872 
1.13 1.13 1.2431267 1.67 1.67 1.67 1.67 1.67 1.6899905 1.28 1.28 1.28 1.280617 1.1200006 1.12 1.12 1.12 1.12 0.90999784 0.89153695 0.73 0.73 0.73 0.81187492 0.98436108 0.52612345 0.13936947 -0.16 -0.16 -0.16 -0.16 -0.16 -0.14333015 0.21685748 0.22 0.22 0.22 0.22 0.34055068 0.17000038 0.17 0.17 0.17 0.62999988 0.59000001 0.59 0.59 1.07 0.93000224 0.93 0.93 1.29 1.29 
1.13 1.13 1.22 1.22 1.22 1.6698501 1.67 1.67 1.28 1.28 1.28 1.28 1.28 1.12 1.12 1.12 1.12 1.12 0.73 0.73 0.73 0.73 0.73 3.7796483e-08 2.4397028e-30 7.2212671e-31 -2.0473314e-18 -0.16 -0.16 -0.16 -0.16 -0.16 -0.06 -0.06 0.22 0.22 0.22 -0.0099608311 -0.01 0.17 0.17 0.17 0.17000005 0.63 0.63 0.63 1.07 1.07 1.07 1.47 1.47 1.29 1.29 
1.13 1.13 1.22 1.22 1.22 1.22 1.2200003 1.27 1.2799906 1.28 1.28 1.28 1.28 1.1219959 1.12 1.12 1.12 1.12 0.73000001 0.73 0.73 0.73 0.73 5.6792021e-24 5.5879873e-61 -4.1080369e-63 -5.9596325e-32 -6.595717e-07 -0.16 -0.16 -0.16 -0.060005243 -0.06 -0.06 -0.06 0.22 -0.0099999973 -0.01 -0.01 -0.0052638625 0.42290254 0.47 0.47 0.63 0.63 0.63 1.07 1.07 1.07 1.47 1.47 1.47 1.1722569 
1.09 1.0900003 1.22 1.22 1.22 1.22 1.27 1.27 1.27 1.28 1.28 1.28 1.28 1.2799503 1.12 1.12 1.12 1.12 0.73000662 0.73 0.73 0.72999999 0.12858824 1.3247839e-35 1.1272829e-89 -1.3014615e-79 -3.1613661e-26 -0.14999988 -0.15 -0.15 -0.15988894 -0.06 -0.06 -0.06 -0.060000067 -0.13 -0.01 -0.01 -0.01 -0.0099999958 0.47 0.47 0.47 0.51 0.51 0.51 1.2899786 1.07 1.07 1.47 1.47 1.47 1.1599987 
1.09 1.09 1.22 1.22 1.22 1.27 1.27 1.27 1.27 1.2789008 1.28 1.28 1.28 1.2799987 0.99001496 0.99 0.99 0.99 0.19642538 0.08 0.08 0.08 0.08 2.2906502e-16 3.9421721e-36 -1.2895553e-38 -9.8943315e-06 -0.15 -0.15 -0.15 -0.15 -0.059995872 -0.099372975 -0.13 -0.13 -0.13 -0.010411033 -0.11999771 -0.12 -0.12 0.46974935 0.15000001 0.15 0.51 0.51 0.5100033 1.29 1.29 1.42 1.42 1.42 0.87 0.7 
1.09 1.09 0.62 0.62 0.62 1.27 1.27 1.27 1.27 1.18 1.18 1.18 1.18 1.1666103 0.99 0.99 0.99 0.99 0.2 0.08 0.08 0.08 0.08 0.33 0.32999987 4.8747045e-07 -0.15 -0.15 -0.15 -0.15 -0.079121466 -0.01 -0.11572165 -0.13 -0.13 -0.13 -0.12 -0.12 -0.12 -0.12 0.15 0.15 0.15 0.71982026 0.72 1.2874379 1.29 1.29 1.4199987 1.42 0.87 0.87 0.7 
1.09 0.62 0.62 0.62 0.62 0.62 1.266662 0.84 0.84 1.18 1.18 1.18 1.18 1.179955 0.99 0.99 0.99 0.95430529 0.2 0.2 0.08 0.08 0.33 0.33 0.33 0.33 -0.15 -0.15 -0.15 -0.15 -0.01 -0.01 -0.01 -0.12987857 -0.13 -0.13 -0.12 -0.12 -0.12 -0.12 0.15 0.15 0.15 0.72 0.72 0.72005269 1.65 1.65 1.14 1.14 0.87 0.87 0.7 
0.62441388 0.62 0.62 0.62 0.62 0.62 0.84 0.84 0.84 1.0219822 1.18 1.18 1.18 1.1799915 0.99 0.99 0.99 0.2 0.2 0.2 0.080005995 0.080001527 0.33 0.33 0.33 0.33 -0.14996588 -0.15 -0.15 -0.010032196 -0.01 -0.01 -0.01 -0.01 -0.13008694 -0.39 -0.39 -0.38532718 -0.12 -0.12 0.14999976 0.15 0.70342713 0.72 0.72 1.6499997 1.65 1.65 1.14 1.14 0.56 0.56 0.64 
0.62 0.62 0.62 0.62 0.62 0.62 0.84 0.84 0.84 0.84 0.78001152 0.78 0.78 0.78 0.98999777 0.52847287 0.27 0.27 0.20012904 0.2 0.19999998 0.32999964 0.33 0.33 0.33 0.33 0.32965101 -0.15 -0.14999522 -0.01 -0.01 -0.01 -0.01 -0.01 -0.39 -0.39 -0.39 -0.39 -0.39 -0.38999645 0.72 0.72 0.72000023 1.4 1.4 1.4 1.02 1.02 0.71 0.71 0.56 0.56000017 0.64 
0.62 0.62 0.62 0.62 0.62 0.62 0.84 0.84 0.84 0.78 0.78 0.78 0.78 0.78 0.64556522 0.27 0.27 0.27 0.27 0.27 0.26665773 0.33 0.33 0.33 0.33 0.30111107 -0.58855837 -0.20991062 -0.010690407 -0.01 -0.01 -0.01 -0.01 -0.010000832 -0.39 -0.39 -0.39 -0.39 -0.39 0.12636942 0.72 0.72 0.72 1.4 1.4 1.4 1.02 1.02 0.71 0.71 1.04 0.66206566 0.64 
0.62 0.62 0.62 0.62 0.62 0.62000007 0.83999995 0.84 0.83750967 0.78 0.78 0.78 0.78 0.78 0.75553726 0.27 0.27 0.27 0.27 0.27 0.27 -0.44664464 -0.58999871 -0.59 -0.59 -0.59 -0.59 -0.59 -0.50072957 -0.4999942 -0.49999999 -0.5 -0.5 -0.49999992 -0.39 -0.39 -0.39 -0.39 -0.39 0.71999987 0.72 0.72 0.72 0.7200003 1.3992625 0.94 1.02 1.078962 0.7103242 1.04 1.04 1.0451967 1.29 
0.62 0.62 0.62 0.62 0.62 0.62001405 0.83998813 0.83999637 0.78000008 0.78 0.78 0.78 0.78 0.78 0.77029578 0.27 0.27 0.27 0.27 0.27 0.27 -0.59 -0.59 -0.59 -0.59 -0.59 -0.59 -0.59 -0.50002484 -0.5 -0.5 -0.5 -0.5 -0.5 -0.46986001 -0.39 -0.39 -0.39 -0.39 0.72 0.72 0.72 0.72 0.72005636 0.94 0.94 0.94087745 1.08 1.08 1.04 1.04 1.29 1.29 
0.62 0.62 0.62 0.62 0.62 0.6202934 0.83973716 0.78677061 0.78 0.78 0.78 0.78 0.78 0.78 0.77107157 0.27 0.27 0.27 0.27 0.27 0.14755163 -0.59 -0.59 -0.59 -0.59 -0.59 -0.59 -0.59 -0.50000036 -0.5 -0.5 -0.5 -0.5 -0.5 -0.5 -0.23175087 0.014258554 0.1487707 0.16925309 0.70778705 0.72 0.72 0.72 0.93998243 0.94 0.93940308 0.84000115 1.08 1.08 0.95992803 0.96 0.96 1.2899998 
0.62 0.62 0.62 0.62 0.62000022 0.62183469 0.83327126 0.7800165 0.78 0.78 0.78 0.78 0.78 0.78 0.76809071 0.27 0.27 0.27 0.27 0.27 -0.58999629 -0.59 -0.59 -0.59 -0.59 -0.59 -0.59 -0.59 -0.50000002 -0.5 -0.5 -0.5 -0.5 -0.5 -0.49999986 0.18 0.18 0.18 0.18 0.53 0.53 0.53 0.53 0.84000029 0.84 0.84 0.84 0.83999778 0.63 0.63 0.96 0.96 0.013326956 
0.62 0.62 0.62 0.62000002 0.62000614 0.62594542 0.78373741 0.78000078 0.78 0.78 0.78 0.78 0.78 0.78 0.76268745 0.27000021 0.27 0.27 0.27 0.26482404 -0.59 -0.59 -0.59 -0.59 -0.59 -0.59 -0.59 -0.59 -0.50000002 -0.5 -0.5 -0.5 -0.5 -0.5 0.17999938 0.18 0.18 0.18 0.18 0.53 0.53 0.53 0.53 0.61366767 0.84 0.84 0.84 0.63000235 0.63 0.63 -0.41 -0.41 -0.41 
0.62 0.62 0.62000001 0.6200005 0.62006007 0.6395626 0.7801783 0.7800002 0.78 0.78 0.78 0.78 0.78 0.77999997 0.75536811 0.27001199 0.27 0.27 0.26999901 -0.57257504 -0.59 -0.59 -0.59 -0.59 -0.59 -0.59 -0.59 -0.59 -0.50000008 -0.5 -0.5 -0.5 -0.5 -0.60980584 0.17999975 0.18 0.18 0.18 0.18 0.53 0.53 0.53 0.53 0.53 0.84 0.84 0.84 0.63 0.63 0.63 -0.41 -0.41 -0.41 
0.62 0.62000001 0.62000021 0.62000588 0.62034466 0.71578681 0.78002566 0.78000012 0.78 0.78 0.78 0.78 0.78 0.77999904 0.74666601 0.27018626 0.27000001 0.26999997 0.26554736 -0.58992687 -0.59 -0.59 -0.59 -0.59 -0.59 -0.59 -0.59 -0.58999995 -0.50000056 -0.5 -0.50000011 -0.63681317 -0.65 -0.65 -0.65 0.18 0.18 0.18 0.18 0.53 0.53 0.53 0.53 0.53 0.8399945 0.84 0.8399999 0.63000002 0.63 0.62999944 -0.41 -0.41 -0.41 
