interpolatedSpi/02-07|20_1.tif
NCOLS 53
NROWS 52
XLLCORNER -116.03883
YLLCORNER 28.596182
DX 0.49850594
DY 0.49788537
NODATA_VALUE -9999
[rows 0 to 30 of 52, columns 0 to 52 of 53]
0.44 0.44 0.11250997 -0.13666667 0.22333333 0.24333333 0.50166667 0.45833333 0.12451654 -0.051666667 -0.058333333 0.12666667 0.10337149 0.56666667 0.15 0.15 0.15 0.46666667 0.39333333 0.39333333 0.39333333 0.39333094 0.145 -0.041666667 -0.041666667 -0.041666667 0.34000123 0.34 0.34 0.14 0.14 0.14 0.14 0.38833328 0.38833333 0.38833333 0.38833333 0.38833333 0.38833333 0.38833334 0.71976303 0.72321105 0.24333333 0.24333333 0.24333333 0.24333333 0.24332517 0.23833333 0.23833333 0.23833333 0.54999935 0.55 0.55
0.43998711 0.15 0.18833381 0.24553667 0.46476766 0.53666667 0.57 0.31027591 0.195 0.18 0.16333333 0.10333333 0.10333333 0.54341114 0.5666627 0.15 0.46666667 0.46666667 0.39342895 0.39333333 0.39333333 0.39333333 -0.052018628 -0.041666667 -0.041666667 -0.041666667 0.11999999 0.12 0.14 0.14 0.14 0.14 0.14 0.3883333 0.38833333 0.38833333 0.38833333 0.38833333 0.38833333 0.34178523 0.095023647 0.22533439 0.24333333 0.24333333 0.24333333 0.24333333 0.24333333 0.23833333 0.23833333 0.23833333 0.26417703 0.55 0.55
1.1132978 1.1133333 0.60166667 1.105 0.355 0.29333333 0.39833333 0.19166667 0.25833333 0.12333333 0.46333333 -0.09 -0.055 0.27333333 0.54333333 0.41 0.46666667 0.46666667 0.46666667 0.22671512 0.22666667 0.22666667 -0.23833333 -0.041666667 -0.041666667 -0.041666667 0.12 0.12 0.12 0.14 0.14 0.13999997 -0.14964237 0.38738252 0.38727844 0.27603853 0.275 0.275 0.25236074 0.095000001 0.095 0.095189681 0.24333333 0.24333333 0.24333333 0.24333333 0.24333333 0.23833333 0.23833333 0.23833333 0.23833333 0.55 0.55
0.57166667 1.1133332 0.53496809 0.61833333 0.22666667 0.36666667 0.48333333 -0.22 0.25833333 0.30132197 0.305 0.22 0.24166667 0.27333333 0.38833333 0.41 -0.13248415 -0.13624394 -0.18666667 0.22666667 0.22666667 -0.685 -0.23833333 -0.23833333 -0.041666667 -0.041665859 0.12 0.12 0.12 -0.33 -0.40224257 -0.46166667 -0.46166667 -0.46166609 0.275 0.275 0.275 0.275 0.095 0.095 0.095 0.095000006 0.24333333 0.24333333 0.24333333 0.24333333 0.24333333 0.2383334 0.23833333 0.23833333 0.23833333 0.54994327 0.55
0.57166667 0.34666701 0.535 0.47319474 0.22666667 0.405 0.14503951 0.15666667 0.078333333 0.23999997 0.11718463 0.061724917 0.46833333 0.38833333 0.38833333 0.3942416 -0.13666667 -0.13666667 -0.18666667 -0.18666667 0.22666482 -0.685 -0.73166667 -0.17166667 -0.10833333 -0.10842293 0.12 0.12 -0.33 -0.33 -0.46166667 -0.46166667 -0.46166667 -0.41703763 0.275 0.275 0.275 0.095 0.095 0.095 0.095 0.094978281 0.24333333 0.24333333 0.24333333 0.24333333 0.24333333 0.24328883 0.23833333 0.23826944 -1.1866667 -1.1866667 -1.1866667
-0.435 0.42833333 0.79666666 0.43666667 0.60833333 0.655 0.27833333 0.26275652 0.385 -0.031666667 0.38666667 0.078333333 0.07833359 0.17833333 0.17833333 -0.1466558 -0.14666667 -0.23166667 -0.23166667 -0.18666695 -0.89666667 -0.89666667 -0.17166667 -0.10833333 -0.10833333 -0.49166667 -0.835 -0.835 -0.08835543 -0.33 -0.46166667 -0.46166667 -0.225 -0.22498241 -0.056678785 -0.21166667 -0.21166667 0.00012566608 0.095 0.095 -0.12971938 -0.13 -0.12999981 -0.81923895 -0.83821379 -0.83833304 -0.8383333 -0.83833294 -1.9012428 -1.1866667 -1.1866667 -1.1866667 -1.1866667
-0.34167008 0.32166667 -0.047409696 0.53 0.925 0.32333333 0.46 0.435 0.12333333 0.12333333 0.38666667 0.18666667 -0.28500001 0.17833333 -0.10166583 -0.10166667 -0.14666667 -0.31666667 -0.51166667 -0.51166667 -0.82440605 -0.74333333 -0.74333333 -0.74833332 -0.49166667 -0.49166667 -0.835 -0.835 -0.088339938 -0.088454931 0.40478924 -0.225 -0.225 -0.056666667 -0.056666667 -0.50395682 -0.21166667 -0.21166667 -0.92330867 -0.1300011 -0.13 -0.13 -0.12999937 -0.83833068 -0.83833333 -0.83833333 -0.83833333 -0.83833409 -2.0983333 -1.1868473 -1.1866667 -1.1866667 -1.1866667
-0.34166667 -0.51666667 0.096666667 -0.23833333 -0.47831957 -0.0083333333 0.13166667 -0.15499999 -0.026666667 -0.10666667 -0.10666667 -0.34666667 -0.285 -0.285 -0.1029245 -0.2322085 -0.245 -0.25666667 -0.49166669 -0.51166667 -0.70234065 -0.67333333 -0.875 -0.65166667 -0.65166772 -0.73333333 -0.94333333 -0.9433333 -0.20126953 -0.20166665 0.40666667 0.083483871 0.09 -0.056666667 -0.070404379 -0.74833333 -0.74833333 -0.92333333 -0.92333333 -0.13 -0.13 -0.13 -0.36256729 -0.36333336 -0.83833333 -0.83833333 -0.83833333 -2.0982854 -2.0983333 -2.0983333 -1.1866667 -1.1866667 -1.1866667
-0.53537825 -0.51666666 -0.40833333 -0.061666667 -0.04 -0.25333333 -0.015 0.50666667 0.26833333 0.30953428 0.096666667 -0.093333335 -0.093333333 -0.37166667 -0.37166483 -0.51923355 -0.52 -0.52 -0.29253978 -0.89333336 -1.015 -1.015 -0.72666667 -0.81654427 -0.72510349 -0.73333333 -0.93166667 -0.94333333 -0.45618072 -0.45333333 0.081666667 0.56 0.19233214 -0.66166667 -0.53833333 -0.73333333 -0.67333333 -0.61333333 -0.77825714 -0.12959826 -0.04 -0.27333333 -0.36329942 -0.36333333 -0.36600689 -0.83833333 -1.1233333 -2.0983333 -2.0983333 -2.0983333 -2.0983333 -1.1706882 -1.06
-0.64 -0.64 -0.28833333 -0.20666667 0.0033333333 -0.031666667 0.091666667 0.12 0.49166667 0.31997901 0.065 0.05 -0.37166667 -0.37166667 -0.17666667 -0.18137564 -0.52 -0.51996582 -0.37666667 -0.89333333 -0.89333333 -0.90900806 -0.72666667 -0.95166241 -0.95166667 -0.95166667 -0.93166667 -0.30666667 -0.30666667 -0.45333333 -0.45333333 0.55861547 -0.17 -0.66166667 -0.30333333 -0.73333333 -0.67333333 -0.98333333 -0.77833333 0.13003555 -0.27333332 -0.22986484 -0.155 -0.36333333 -0.36333333 -1.1233333 -1.1233333 -1.1233333 -2.0983333 -2.0983333 -1.0583333 -1.0583333 -1.0583333
-0.64 -0.64 -0.80833333 -0.66333333 -0.44833333 -0.088333333 -0.35499999 0.21155934 -0.053333333 -0.10833333 0.0066666667 -0.036666667 0.049883997 -0.17666667 -0.17666667 -0.17668186 -0.30833333 -0.31191979 -0.37666667 -0.038333333 -0.038333333 -0.25833333 -0.25833333 -0.95166667 -0.95166667 -0.95166667 -0.30666667 -0.30666667 -0.30666667 -0.805 -0.805 -0.80499895 -0.21333333 -0.21333333 -0.39833333 -0.83666667 -0.345 -0.60833352 -0.93 0.145 0.145 -0.018333783 -0.155 -0.36333333 -0.74500005 -0.90833333 -0.58068052 -0.57833333 -0.815 -0.815 -1.0583333 -1.0583333 -1.0583333
-0.64 -0.71264986 -0.74645666 -0.85332394 -0.51333333 -0.615 -0.355 0.21166667 -0.05333112 -0.107724 -0.03666676 -0.036666667 -0.09 -0.17666667 -0.17666667 -0.30833333 -0.30833333 -0.30833722 -0.37666667 -0.038333333 -0.081536858 -0.25833333 -0.25833333 -0.95163855 -0.95166667 -0.81360445 -0.53166667 -0.53166667 -0.53166664 -0.805 -0.805 -0.955 -0.955 -0.21333384 -0.39833333 -0.28333346 -0.3907008 -0.60833333 -0.60833333 0.14499999 -0.018333333 -0.018333333 -0.01833861 -0.745 -0.745 -0.90833333 -0.57833333 -0.57833333 -0.815 -0.815 -1.0583333 -1.0583333 -1.0583333
-0.17833333 0.0102385 0.078305474 0.071586907 -0.5133338 -0.6149976 -0.35500001 0.20469132 -0.035072123 -0.054769529 -0.09 -0.09 -0.09 -0.09 -0.17665439 -0.30833333 -0.30833333 -0.30921563 -0.37666667 -0.038338855 -0.05 -0.05 -0.05 -0.05 -0.93606148 -0.53166667 -0.53166667 -0.53166667 -0.53166667 -0.53181458 -0.955 -0.955 -0.955 -0.955 -0.28333333 -0.28333333 -0.28333333 -0.59268816 -0.60636808 -0.34666667 -0.34666667 -0.018350994 -0.69666832 -0.74499534 -0.745 -0.90833333 -0.57833333 -0.57833333 -0.815 -0.815 -1.0574505 -1.0583333 -1.0823998
-0.17833333 0.078333333 0.078333333 0.078333333 0.078333333 0.078333042 -0.3556655 -0.086908808 0.013647067 -0.089961852 -0.09 -0.09 -0.09 -0.09 -0.089999935 -0.30833333 -0.30833334 -0.31302053 -0.37666466 -0.05 -0.05 -0.05 -0.05 -0.05 -0.05998163 -0.50529534 -0.49000001 -0.49 -0.49 -0.49 -0.955 -0.955 -0.95499992 -0.88833333 -0.88833333 -0.28333333 -0.69327418 -0.705 -0.34666687 -0.34666667 -0.34666667 -0.34666667 -0.69666667 -0.69666667 -0.69666667 -0.69813967 -0.57674605 -0.57666667 -0.57666667 -0.57666667 -0.57666667 0.17999974 0.18
0.11333333 0.078333333 0.078333333 0.078333333 0.078333333 0.078333333 0.078333304 -0.18013253 0.0018451956 0.0016666665 0.0016666667 0.0016666667 0.0016666667 0.0016666667 0.0016666658 -0.013066803 -0.3036579 -0.31769037 -0.05004105 -0.05 -0.05 -0.05 -0.05 -0.050000171 -0.51166667 -0.51166667 -0.51166664 -0.49 -0.49 -0.49046056 -0.72 -0.72 -0.88833333 -0.88833333 -0.88833333 -0.73436784 -0.705 -0.705 -0.705 -0.34666667 -0.34666667 -0.34666667 -0.69666667 -0.69666667 -0.69666667 -0.69666667 -0.57666666 -0.57666667 -0.57666667 -0.57666667 -0.57666667 0.18 0.18
0.11333333 0.10030323 0.078333333 0.078333333 0.078333333 0.078333333 -0.074969906 -0.075 -0.074999998 0.0016666667 0.0016666667 0.0016666667 0.0016666667 0.0016666667 -0.0016424383 -0.013333333 -0.013333333 -0.013333333 -0.19621979 -0.19666652 -0.19666667 -0.19666667 -0.19666667 -0.19666667 -0.51166667 -0.51166667 -0.51166667 -0.51166667 -0.49 -0.72 -0.72 -0.72 -0.88833332 -0.88833333 -0.88833333 -0.33333333 -0.7045079 -0.705 -0.705 -0.34670351 -0.41996349 -0.59093442 -0.69666667 -0.69666667 -0.46239189 -0.46166667 -0.46166667 -0.57571406 0.0013064959 0.0033332828 0.0033332234 0.21332824 0.18000007
0.11333333 0.066298271 0.071586053 0.078333333 0.078333333 -0.074909403 -0.075 -0.075 -0.075 -0.074447518 0.0016666667 0.0016666667 0.0016666667 0.0016666649 -0.013333333 -0.013333333 -0.013333333 -0.013333333 -0.1965029 -0.19666667 -0.19666667 -0.19666667 -0.19666667 -0.19666667 -0.51166666 -0.51166667 -0.51166667 -0.51166667 -0.51242444 -0.72 -0.72 -0.72 -0.36333334 -0.88826421 -0.33333333 -0.33333333 -0.33333333 -0.33530302 -0.59883872 -0.59166667 -0.59166667 -0.59166667 -0.42333333 -0.42333333 -0.46166667 -0.46166667 -0.46166667 0.0033333276 0.0033333333 0.0033333333 0.0033333333 0.21333333 0.21333333
0.065165544 0.065 0.065 0.064999999 0.0033333333 -0.074997979 -0.075 -0.075 -0.075 -0.075 0.01075162 0.0016682303 0.0016666701 -0.013333333 -0.013333333 -0.013333333 -0.013333333 -0.013333333 -0.058428204 -0.19666667 -0.19666667 -0.19666667 -0.19666667 -0.19666667 -0.2650889 -0.13500204 -0.135 -0.135 -0.135 -0.71999998 -0.36333334 -0.36333333 -0.36333333 -0.36333333 -0.33333333 -0.33333799 -0.51 -0.51 -0.59064694 -0.59166667 -0.59166667 -0.59166667 -0.42333333 -0.42333333 -0.45573135 -0.46166667 -0.46166667 0.0033333333 0.0033333333 0.0033333333 0.0055850794 0.21333333 0.21333333
0.065 0.065 0.065 0.035960247 0.0033333333 0.0033333333 -0.075 -0.075 -0.075 -0.075 0.12166667 0.12166667 0.12166667 -0.013333333 -0.013333333 -0.013333333 -0.013333333 -0.013376851 -0.5 -0.5 -0.19666679 -0.19666667 -0.1984926 -0.27166667 -0.27043632 -0.135 -0.135 -0.135 -0.135 -0.36331008 -0.36333333 -0.36333333 -0.36333333 -0.36333333 -0.50999938 -0.51 -0.51 -0.51 -0.51026739 -0.59166667 -0.59166667 -0.59166667 -0.42333333 -0.42333333 -0.42333333 -0.46166667 -0.46166667 0.0033333295 0.0033333333 0.0033333339 0.21333333 0.21333333 0.21333333
0.065 0.065 0.065 0.0033333333 0.0033333333 0.0033333333 0.0033332136 -0.075 -0.075 0.12146365 0.12166667 0.12166667 0.12166667 0.12158255 -0.22648124 -0.27666667 -0.27666667 -0.27666667 -0.5 -0.5 -0.5 -0.27166667 -0.27166667 -0.27166667 -0.2715971 -0.076428119 -0.135 -0.135 -0.135 -0.095130475 -0.040031801 -0.04 -0.04 -0.04 -0.36612687 -0.16500078 -0.165 -0.165 -0.165 -0.026743975 -0.026666667 -0.026666667 -0.42333333 -0.42333333 0.24833053 0.2483333 0.155 0.155 0.24333333 0.24333333 0.24333333 0.21333333 0.38484651
0.065000145 0.065 0.064999998 0.0033333333 0.0033333333 0.0033333333 0.0033333318 -0.13833331 -0.075253231 0.12180268 0.12166667 0.12166667 0.12166667 0.12088503 -0.27666667 -0.27666667 -0.27666667 -0.27666673 -0.5 -0.5 -0.5 -0.27166667 -0.27166667 -0.27166667 -0.023333333 -0.023333333 -0.098333332 -0.098333333 -0.098333333 -0.098015107 -0.04 -0.04 -0.04 -0.04 -0.10246571 -0.165 -0.165 -0.165 -0.165 -0.026666667 -0.026666667 -0.026666667 -0.018014115 0.24833333 0.24833333 0.24833333 0.155 0.155 0.24333333 0.24333333 0.24333333 0.385 0.385
0.11166667 0.076952821 -0.35333333 -0.35322986 0.0033333333 -0.13751365 -0.13833333 -0.13833333 -0.053918951 0.27166666 0.27166667 0.27166667 0.27166667 -0.33498025 -0.335 -0.27666671 -0.27666667 -0.28255117 -0.5 -0.5 -0.5 -0.48333333 -0.48333333 -0.48333333 -0.023333333 -0.023333333 -0.098333333 -0.098333333 -0.098333333 -0.098333313 -0.069999809 -0.069999916 -0.040754005 -0.040032162 -0.33632717 -0.33666667 -0.33666667 -0.33666667 -0.33666667 -0.026666667 -0.026666667 -0.026666667 0.23319075 0.24833333 0.24833333 0.24833327 0.155 0.155 0.15500318 0.24333333 0.24333154 0.20333333 0.385
-0.17327921 -0.17333336 -0.35333333 -0.35333333 -0.35333333 -0.13833333 -0.13833333 -0.13833333 0.093333333 0.093333333 0.27166667 0.27166667 0.27166667 -0.335 -0.335 -0.335 -0.335 -0.33501809 -0.5 -0.5 -0.5 -0.48333333 -0.48333333 -0.48333333 -0.023333333 -0.023333333 -0.098333333 -0.098333333 -0.098333333 -0.07031946 -0.07 -0.07 -0.07 -0.07 -0.33653508 -0.33666667 -0.33666667 -0.33666667 -0.33666667 -0.36333325 -0.36333333 -0.36333333 -0.36333333 0.24833065 -0.10166667 -0.10166667 -0.10166667 0.12166667 0.12166667 0.12166667 0.20333333 0.20333333 0.20333333
-0.17333333 -0.17333333 -0.35333333 -0.35333333 -0.35333333 -0.13946341 -0.13833333 0.093333333 0.093333333 0.093333333 0.27164471 0.27166667 -0.16413319 -0.33499998 -0.335 -0.335 -0.335 -0.505 -0.505 -0.505 -0.54166667 -0.54166662 -0.48333362 -0.48333333 -0.48319923 -0.475 -0.475 -0.4749991 -0.098394205 0.10496512 0.10499907 0.10496945 -0.069700907 -0.069848977 -0.28905931 -0.33666673 -0.33721962 -0.50166667 -0.50166667 -0.36333333 -0.36333333 -0.36333333 -0.36333333 -0.10166667 -0.10166667 -0.10166667 -0.10166667 0.12166667 0.12166667 0.12166667 0.20333333 0.20333333 0.20333333
-0.17333333 -0.17333333 -0.35333333 -0.35333333 -0.35333333 -0.35333333 -0.051627267 0.093333333 0.093333333 0.093333333 0.093137238 -0.26166667 -0.26166667 -0.26166667 -0.33456783 -0.335 -0.50386716 -0.505 -0.505 -0.505 -0.54166667 -0.54166667 -0.54166667 -0.54166667 -0.475 -0.475 -0.475 -0.475 -0.475 0.105 0.105 0.105 0.105 0.10499944 -0.16 -0.50166667 -0.50166667 -0.50166667 -0.50166667 -0.50166717 -0.68333333 -0.68333333 -0.68333333 -0.56509817 -0.32 -0.32 -0.32 0.12166665 0.1216665 -0.046666667 -0.046666667 0.1233528 0.12333333
-0.17333333 -0.17333333 -0.28836597 -0.35333333 -0.35333333 -0.35333334 -0.64036239 0.091017019 0.093333333 0.093333332 -0.26166675 -0.26166667 -0.26166667 -0.26166667 -0.26166667 -0.26771376 -0.505 -0.505 -0.505 -0.505 -0.54166638 -0.54166667 -0.54166667 -0.54166667 -0.475 -0.475 -0.475 -0.475 -0.475 -0.16841387 0.105 0.105 0.105 -0.16 -0.16 -0.16026531 -0.50166667 -0.50166667 -0.4510166 -0.41166668 -0.68333333 -0.68333333 -0.68333333 -0.56617377 -0.32 -0.32 -0.32 -0.13 -0.047704992 -0.046666667 -0.046666667 0.12333333 0.12333333
-0.665 -0.665 -0.665 -0.43147673 -0.35373546 -0.64166667 -0.64166667 -0.64166667 -0.64166667 -0.64 -0.64 -0.26166669 -0.26166667 -0.26166667 -0.26166667 -0.2616821 -0.505 -0.505 -0.505 -0.505 -0.52566652 -0.54166667 -0.54166667 -0.53098041 -0.14854737 -0.475 -0.475 -0.475 -0.265 -0.265 -0.265 -0.26499845 -0.16 -0.16 -0.16 -0.16 -0.41166667 -0.41166667 -0.41166667 -0.41166667 -0.52666667 -0.52666667 -0.52666667 -0.19833993 -0.19833333 -0.19833333 -0.19833337 -0.13 -0.13 -0.046768204 -0.046666667 0.12333343 0.12333333
-0.665 -0.665 -0.665 -0.66499794 -0.62666667 -0.62884791 -0.64166667 -0.64166667 -0.64166667 -0.64 -0.64 -0.64 -0.46999999 -0.47 -0.47 -0.47 -0.50502748 -0.505 -0.505 -0.505 -0.5055337 -0.13333445 -0.13333333 -0.13333333 -0.13333333 -0.13333335 -0.49166667 -0.49166667 -0.265 -0.265 -0.265 -0.265 -0.16000007 -0.16 -0.16 -0.16000787 -0.41166666 -0.41166667 -0.41166667 -0.41092822 -0.52666667 -0.52666667 -0.52666667 -0.19834856 -0.19833333 -0.19833333 -0.19833333 -0.13 -0.13 -0.12999996 0.14333333 0.14333333 0.37
-0.665 -0.665 -0.665 -0.62666676 -0.62666667 -0.62666667 -0.64166666 -0.64166667 -0.64166667 -0.64 -0.64 -0.64 -0.47 -0.47 -0.47 -0.47380798 -0.52 -0.52 -0.51999996 -0.50508472 -0.13333333 -0.13333333 -0.13333333 -0.13333333 -0.13333333 -0.133603 -0.49166667 -0.49166667 -0.49166667 -0.265 -0.265 -0.26495173 -0.25666667 -0.25666667 -0.25666667 -0.12 -0.12 -0.24333333 -0.24333333 -0.24333333 0.20666667 -0.52643664 -0.52666147 0.17 0.17 0.15604059 -0.19833224 -0.13 -0.13 0.14333333 0.14333333 0.14333333 0.37
-0.665 -0.665 -0.665 -0.62666667 -0.62666667 -0.62666667 -0.62666667 -0.64166667 -0.64166667 -0.64 -0.64 -0.47679755 -0.47 -0.47 -0.47 -0.52 -0.52 -0.52 -0.52 -0.52 -0.13333333 -0.13333333 -0.13333333 -0.13333333 -0.13333333 -0.49166544 -0.49166667 -0.49166667 -0.49166667 -0.19 -0.19 -0.19 -0.25666667 -0.25666667 -0.25666667 -0.12 -0.12 -0.24333333 -0.24333333 0.20666667 0.20666667 0.20666667 0.17 0.17 0.17 0.17 0.18725094 0.38 0.38 0.38 0.14333334 0.44666667 0.44666667
-0.665 -0.665 -0.66494662 -0.62666667 -0.62666667 -0.62666667 -0.62666667 -0.5298788 -0.525 -0.52519744 -0.63999999 -0.46999888 -0.47 -0.47 -0.47000017 -0.52 -0.52 -0.52 -0.52 -0.52 -0.59527129 -0.13333333 -0.13333333 -0.13333333 -0.13339753 -0.49166404 -0.49166667 -0.49166667 -0.49166667 -0.19 -0.19 -0.19 -0.1900087 -0.25666667 -0.12 -0.12 -0.12 -0.12000484 -0.24330264 0.20666667 0.20666667 0.20666667 0.17000223 0.17 0.17 0.17 0.38000128 0.38 0.38 0.38 0.44666667 0.44666667 0.44666667
