interpolatedSpi/02-06|21_3.tif
NCOLS 53
NROWS 52
XLLCORNER -116.03883
YLLCORNER 28.596182
DX 0.49850594
DY 0.49788537
NODATA_VALUE -9999
[rows 0 to 39 of 52, columns 0 to 52 of 53]
-0.73 -0.73 -0.62187692 -1.104 -1.138 -1.382 -1.35 -1.124 -1.1967062 -1.508 -1.436 -1.232 -1.7418997 -0.524 -1.198 -1.198 -1.198 -0.68 -0.632 -0.632 -0.632 -0.63200204 -0.844 -0.674 -0.674 -0.674 -0.14000387 -0.14 -0.14 -0.478 -0.478 -0.478 -0.478 -1.2639998 -1.264 -1.264 -1.264 -1.264 -1.264 -1.2639999 1.0866797 1.1114492 -1.05 -1.05 -1.05 -1.05 -1.0491245 -0.514 -0.514 -0.514 1.2279964 1.228 1.228
-0.73002835 -1.368 -1.1799998 -1.2839283 -1.3061146 -0.864 -0.928 -1.4861359 -1.7 -1.748 -1.534 -1.742 -1.742 -1.0741594 -0.52401262 -1.198 -0.68 -0.68 -0.63206259 -0.632 -0.632 -0.632 -0.6992658 -0.674 -0.674 -0.674 -1.11 -1.11 -0.478 -0.478 -0.478 -0.478 -0.478 -1.2639999 -1.264 -1.264 -1.264 -1.264 -1.2639999 -1.1694261 -0.72001214 -1.009957 -1.05 -1.05 -1.05 -1.05 -1.05 -0.514 -0.514 -0.514 -0.36955169 1.228 1.228
-1.4239804 -1.424 -0.998 -0.78 -1.228 -1.472 -0.934 -1.362 -1.648 -1.804 -1.38 -1.756 -1.06 -1.776 -1.076 -1.776 -0.68 -0.68 -0.68 -1.2738134 -1.274 -1.274 -1.154 -0.674 -0.674 -0.674 -1.11 -1.11 -1.11 -0.478 -0.478 -0.47800004 -0.87852486 -1.2625968 -1.2572983 -0.5505977 -0.544 -0.544 -0.56613616 -0.72 -0.72 -0.72042199 -1.05 -1.05 -1.05 -1.05 -1.05 -0.514 -0.514 -0.514 -0.514 1.228 1.228
-0.526 -1.424 -1.37206 -0.6 -1.31 -1.358 -1.228 -1.48 -1.546 -1.4187562 -1.424 -2.106 -2.044 -1.776 -1.652 -1.776 -2.006225 -2.0070695 -1.9 -1.274 -1.274 -1.932 -1.154 -1.154 -0.674 -0.67400218 -1.11 -1.11 -1.11 -1.19 -1.2558413 -1.31 -1.31 -1.3099994 -0.544 -0.544 -0.544 -0.544 -0.72 -0.72 -0.72 -0.72000001 -1.05 -1.05 -1.05 -1.05 -1.05 -0.51400676 -0.514 -0.514 -0.514 1.2279432 1.228
-0.526 -0.10800232 -1.372 -1.5871583 -1.31 -1.142 -1.5999707 -1.188 -1.23 -1.368 -1.9141254 -2.1758705 -1.272 -1.652 -1.652 -1.7386132 -2.008 -2.008 -1.9 -1.9 -1.2740013 -1.932 -1.478 -0.868 -0.524 -0.52393841 -1.11 -1.11 -1.19 -1.19 -1.31 -1.31 -1.31 -1.1440557 -0.544 -0.544 -0.544 -0.72 -0.72 -0.72 -0.72 -0.71996409 -1.05 -1.05 -1.05 -1.05 -1.05 -1.0452289 -0.514 -0.51399991 -0.512 -0.512 -0.512
-1.434 -0.758 -0.54800002 -1.092 -1.73 -1.288 -1.51 -1.4687748 -1.344 -1.022 -0.936 -0.548 -0.54800048 -1.08 -1.08 -1.3960628 -1.396 -1.2 -1.2 -1.8999992 -1.58 -1.58 -0.868 -0.524 -0.524 -0.26 -0.89 -0.89 -0.38207365 -1.19 -1.31 -1.31 -0.43 -0.4300583 -0.98796005 -1.034 -1.034 -0.81714307 -0.72 -0.72 -0.34846396 -0.348 -0.34800012 -1.4173979 -1.4239587 -1.4239999 -1.424 -1.4239999 -1.2836946 -0.512 -0.512 -0.512 -0.512
-0.068001432 -0.37 0.16713347 -0.358 -0.724 -1.644 -0.99399999 -1.034 -1.084 -1.084 -0.936 -1.078 -0.54200012 -1.08 -1.6559983 -1.656 -1.396 -1.346 -0.944 -0.944 -1.4923447 -1.394 -1.394 -0.024000007 -0.26 -0.26 -0.89 -0.89 -0.38201235 -0.38222746 -0.92497406 -0.43 -0.43 -0.988 -0.988 -1.0949997 -1.034 -1.034 -0.79200839 -0.34800062 -0.348 -0.348 -0.34800247 -1.4239998 -1.424 -1.424 -1.424 -1.424 -1.442 -0.5121843 -0.512 -0.512 -0.512
-0.068 0.39 0.388 -1.038 -1.4079788 -1.328 -1.074 -1.294 -1.326 -1.334 -1.334 -0.996 -0.542 -0.542 -1.6483569 -1.9073689 -1.932 -0.824 -1.0359999 -0.944 -0.41571481 -0.386 -1.018 -0.114 -0.11400521 -0.518 -0.522 -0.52200013 -0.59325712 -0.59400001 -0.926 -1.1244824 -0.618 -0.988 -1.0020895 -1.146 -1.146 -0.792 -0.792 -0.348 -0.348 -0.348 -1.3854988 -1.39 -1.424 -1.424 -1.424 -1.4419993 -1.442 -1.442 -0.512 -0.512 -0.512
0.04135769 0.39 0.524 -0.146 -1.28 -1.362 -1.462 -1.452 -1.6 -1.3990457 -1.314 -1.094 -1.094 -1.036 -1.0360033 -1.5749978 -1.574 -1.574 -0.85636213 -0.91199996 -0.736 -0.736 -0.83 -0.94391229 -0.47728747 -0.518 -0.138 -0.522 -0.85008237 -0.852 -1.266 -0.854 -1.0675476 -1.522 -1.482 -1.67 -1.6 -1.388 -1.1601053 -0.34808928 -0.368 -0.806 -1.38993 -1.39 -1.3901914 -1.424 -1.56 -1.442 -1.442 -1.442 -1.442 -0.43405834 -0.378
-1.908 -1.908 0.368 -0.556 -1.366 -1.522 -1.148 -1.38 -1.624 -1.3479788 -1.49 -0.018 -1.036 -1.036 -1.382 -1.3846334 -1.574 -1.5739996 -1.508 -0.912 -0.912 -0.8893253 -0.83 -0.86799928 -0.868 -0.868 -0.138 -0.374 -0.374 -0.852 -0.852 -0.85480416 -1.278 -1.522 -0.828 -1.67 -1.6 -1.186 -1.16 -0.80583452 -0.80599998 -0.86257027 -0.96 -1.39 -1.39 -1.56 -1.56 -1.56 -1.442 -1.442 0.114 0.114 0.11399982
-1.908 -1.908 -0.524 -1.476 -1.194 -0.946 -1.324 -1.1341558 -1.244 -1.146 -1.378 -0.73 -0.01894939 -1.382 -1.382 -1.3820886 -2.15 -2.1163048 -1.508 -1.472 -1.472 -1.194 -1.194 -0.868 -0.868 -0.868 -0.374 -0.374 -0.374 -1.958 -1.958 -1.9579989 -1.318 -1.318 -1.558 -2.108 -1.338 -2.2499943 -1.328 -0.8 -0.8 -0.2000025 -0.96 -1.39 -1.0920001 -1.122 -0.72560907 -0.722 -0.572 -0.572 0.114 0.114 0.114
-1.908 -1.3106094 -0.93025236 -1.110002 -0.352 -1.588 -1.324 -1.134 -1.2439991 -1.1470857 -0.73000054 -0.73 -1.028 -1.382 -1.382 -2.15 -2.15 -2.1499635 -1.508 -1.472 -1.4174065 -1.194 -1.194 -0.86801366 -0.868 -0.93834599 -1.082 -1.082 -1.0819999 -1.958 -1.958 -1.818 -1.818 -1.3180007 -1.558 -1.6680002 -1.3774473 -2.25 -2.25 -0.79999998 -0.2 -0.2 -0.20000657 -1.092 -1.092 -1.122 -0.722 -0.722 -0.572 -0.572 0.114 0.114 0.114
-1.876 -0.96613258 -0.99001687 -0.99085984 -0.35200635 -1.5879708 -1.324 -1.1363388 -1.2364199 -1.241441 -1.028 -1.028 -1.028 -1.028 -1.3819499 -2.15 -2.15 -2.1417108 -1.508 -1.4720824 -1.756 -1.756 -1.756 -1.756 -0.88319976 -1.082 -1.082 -1.082 -1.082 -1.0826543 -1.818 -1.818 -1.818 -1.818 -1.668 -1.668 -1.668 -2.2211609 -2.2438263 -1.428 -1.428 -0.20006605 -0.82400917 -1.0919742 -1.092 -1.122 -0.722 -0.722 -0.572 -0.572 0.11151127 0.114 0.062901851
-1.876 -0.99 -0.99 -0.99 -0.99 -0.99000024 -1.3246756 -1.2341133 -1.2161968 -1.0282302 -1.028 -1.028 -1.028 -1.028 -1.0280001 -2.15 -2.1499999 -2.1059632 -1.5080097 -1.756 -1.756 -1.756 -1.756 -1.756 -1.7507229 -1.4271608 -1.5999999 -1.6 -1.6 -1.6 -1.818 -1.818 -1.8179996 -1.518 -1.518 -1.668 -1.4055082 -1.398 -1.428 -1.428 -1.428 -1.428 -0.824 -0.824 -0.824 -0.82607381 -0.40813908 -0.406 -0.406 -0.406 -0.406 -0.26199992 -0.262
-1.04 -0.99 -0.99 -0.99 -0.99 -0.99 -0.99000002 -1.2070107 -1.1064914 -1.106 -1.106 -1.106 -1.106 -1.106 -1.106 -0.8866642 -2.1298204 -2.0620885 -1.755969 -1.756 -1.756 -1.756 -1.756 -1.7559992 -1.512 -1.512 -1.5120001 -1.6 -1.6 -1.6006528 -1.926 -1.926 -1.518 -1.518 -1.518 -1.4172226 -1.398 -1.398 -1.398 -1.428 -1.428 -1.428 -0.824 -0.824 -0.824 -0.824 -0.406 -0.406 -0.406 -0.406 -0.406 -0.262 -0.262
-1.04 -1.0213856 -0.99 -0.99 -0.99 -0.99 -1.0259929 -1.026 -1.026 -1.106 -1.106 -1.106 -1.106 -1.106 -1.056584 -0.882 -0.882 -0.882 -1.0880397 -1.0860007 -1.086 -1.086 -1.086 -1.086 -1.512 -1.512 -1.512 -1.512 -1.6 -1.926 -1.926 -1.926 -1.518 -1.518 -1.518 -1.22 -1.3977643 -1.398 -1.398 -1.4278562 -1.1407961 -0.47086923 -0.824 -0.824 -0.27170968 -0.27 -0.27 -0.40549047 -0.09708331 -0.096000027 -0.096000059 -0.056031191 -0.26199958
-1.04 -1.2151656 -1.1063906 -0.99 -0.99 -1.0259787 -1.026 -1.026 -1.026 -1.0265765 -1.106 -1.106 -1.106 -1.106 -0.882 -0.882 -0.882 -0.882 -1.0858178 -1.086 -1.086 -1.086 -1.086 -1.086 -1.512 -1.512 -1.512 -1.512 -1.5135059 -1.926 -1.926 -1.926 -1.74 -1.517975 -1.22 -1.22 -1.22 -1.2154623 -0.52688508 -0.468 -0.468 -0.468 -0.688 -0.688 -0.27 -0.27 -0.27 -0.096000002 -0.096 -0.096 -0.096 -0.056 -0.056
-1.2197758 -1.22 -1.22 -1.22 -1.136 -1.0260028 -1.026 -1.026 -1.026 -1.026 -1.0881328 -1.1059969 -1.106 -0.882 -0.882 -0.882 -0.882 -0.882 -0.87463496 -1.086 -1.086 -1.086 -1.086 -1.086 -1.3413064 -1.4280005 -1.428 -1.428 -1.428 -1.926 -1.74 -1.74 -1.74 -1.74 -1.22 -1.2199891 -0.806 -0.806 -0.47222043 -0.468 -0.468 -0.468 -0.688 -0.688 -0.33472079 -0.27 -0.27 -0.096 -0.096 -0.096 -0.095571096 -0.056 -0.056
-1.22 -1.22 -1.22 -1.1804431 -1.136 -1.136 -1.026 -1.026 -1.026 -1.026 -0.87 -0.87 -0.87 -0.882 -0.882 -0.882 -0.882 -0.88187573 -0.512 -0.512 -1.0859998 -1.086 -1.0959818 -1.496 -1.4953878 -1.428 -1.428 -1.428 -1.428 -1.7399682 -1.74 -1.74 -1.74 -1.74 -0.80600146 -0.806 -0.806 -0.806 -0.80478443 -0.468 -0.468 -0.468 -0.688 -0.688 -0.688 -0.27 -0.27 -0.096000014 -0.096 -0.096000001 -0.056 -0.056 -0.056
-1.22 -1.22 -1.22 -1.136 -1.136 -1.136 -1.1359998 -1.026 -1.026 -0.87016104 -0.87 -0.87 -0.87 -0.87000747 -0.27331435 -0.13 -0.13 -0.13 -0.512 -0.512 -0.512 -1.496 -1.496 -1.496 -1.4955989 -0.71254884 -1.428 -1.428 -1.428 -1.0496048 -0.90008262 -0.9 -0.9 -0.9 -0.61262697 -0.34000106 -0.34 -0.34 -0.34 -0.32601943 -0.326 -0.326 -0.688 -0.688 -0.77199965 -0.77200004 -0.878 -0.878 -0.662 -0.662 -0.662 -0.056 -0.61949572
-1.2199986 -1.22 -1.22 -1.136 -1.136 -1.136 -1.136 -0.95600002 -1.0257201 -0.87001995 -0.87 -0.87 -0.87 -0.86854792 -0.13 -0.13 -0.13 -0.13000011 -0.512 -0.512 -0.512 -1.496 -1.496 -1.496 -0.064 -0.064 -0.254 -0.254 -0.254 -0.25752413 -0.9 -0.9 -0.9 -0.9 -0.62015374 -0.34 -0.34 -0.34 -0.34 -0.326 -0.326 -0.326 -0.34003287 -0.772 -0.772 -0.772 -0.878 -0.878 -0.662 -0.662 -0.662 -0.62 -0.62
-0.768 -0.98517795 -1.26 -1.259964 -1.136 -0.95704147 -0.956 -0.956 -0.95381373 -0.892 -0.892 -0.892 -0.892 0.15996575 0.16 -0.12999978 -0.13 -0.14006514 -0.512 -0.512 -0.512 -0.252 -0.252 -0.252 -0.064 -0.064 -0.254 -0.254 -0.254 -0.25399989 -0.10800503 -0.10800222 -0.88009427 -0.89915092 -0.27471136 -0.274 -0.274 -0.274 -0.274 -0.326 -0.326 -0.326 -0.74744182 -0.772 -0.772 -0.77200001 -0.878 -0.878 -0.87799222 -0.662 -0.66201798 -1.064 -0.62
-1.0019556 -1.002 -1.26 -1.26 -1.26 -0.956 -0.956 -0.956 -0.95 -0.95 -0.892 -0.892 -0.892 0.16 0.16 0.16 0.16 0.15992432 -0.512 -0.512 -0.51199999 -0.252 -0.252 -0.252 -0.064 -0.064 -0.254 -0.254 -0.254 -0.10964616 -0.108 -0.108 -0.108 -0.108 -0.27391809 -0.274 -0.274 -0.274 -0.274 -0.28800001 -0.288 -0.288 -0.288 -0.77200035 -0.818 -0.818 -0.818 -1.056 -1.056 -1.056 -1.064 -1.064 -1.064
-1.002 -1.002 -1.26 -1.26 -1.26 -0.95759788 -0.956 -0.95 -0.95 -0.95 -0.89200714 -0.892 -0.6076406 0.15999984 0.16 0.16 0.16 -0.128 -0.128 -0.128 0.28599999 0.2859996 -0.25199738 -0.252 -0.25162707 0.288 0.288 0.28799871 -0.25391241 0.37390394 0.37399743 0.37391585 -0.10717621 -0.10758404 -0.24411997 -0.27399975 -0.27185522 0.366 0.366 -0.288 -0.288 -0.288 -0.288 -0.818 -0.818 -0.818 -0.818 -1.056 -1.056 -1.056 -1.064 -1.064 -1.064
-1.002 -1.002 -1.26 -1.26 -1.26 -1.26 -0.95375438 -0.95 -0.95 -0.95 -0.94977573 -0.544 -0.544 -0.544 0.15585117 0.16 -0.12608084 -0.128 -0.128 -0.128 0.286 0.286 0.286 0.286 0.288 0.288 0.288 0.288 0.288 0.374 0.374 0.374 0.374 0.3740009 0.802 0.366 0.366 0.366 0.366 0.36599821 -0.096 -0.096 -0.096 -0.29710655 -0.714 -0.714 -0.714 -1.056 -1.0559993 -0.362 -0.362 -0.28818878 -0.288
-1.002 -1.002 -1.1668801 -1.26 -1.26 -1.26 -1.1436557 -0.95061138 -0.95 -0.95 -0.54400007 -0.544 -0.544 -0.544 -0.544 -0.4862335 -0.128 -0.128 -0.128 -0.128 0.2859968 0.286 0.286 0.286 0.288 0.288 0.288 0.288 0.288 0.67401631 0.374 0.374 0.374 0.802 0.802 0.80166144 0.366 0.366 0.7588194 1.0639999 -0.096 -0.096 -0.096 -0.29227378 -0.714 -0.714 -0.714 0.358 -0.35302887 -0.362 -0.362 -0.288 -0.288
-0.436 -0.436 -0.436 -1.0534005 -1.2594184 -1.144 -1.144 -1.144 -1.144 -0.9 -0.9 -0.54400003 -0.544 -0.544 -0.544 -0.54397363 -0.128 -0.128 -0.128 -0.128 0.10534383 0.286 0.286 0.30410993 0.94727507 0.288 0.288 0.288 0.78 0.78 0.78 0.7799983 0.802 0.802 0.802 0.802 1.064 1.064 1.064 1.064 0.15 0.15 0.15 -0.071995537 -0.072 -0.072 -0.072000203 0.358 0.358 -0.36112272 -0.362 -0.28799566 -0.288
-0.436 -0.436 -0.436 -0.43602283 -0.86 -0.90129827 -1.144 -1.144 -1.144 -0.9 -0.9 -0.9 -0.36800001 -0.368 -0.368 -0.36800001 -0.1292493 -0.128 -0.128 -0.128 -0.12168451 0.9779981 0.978 0.978 0.978 0.978 1.182 1.182 0.78 0.78 0.78 0.78 0.80200031 0.802 0.802 0.80203502 1.064 1.064 1.064 1.0619294 0.15 0.15 0.15 -0.071989705 -0.072 -0.072 -0.072 0.358 0.358 0.35800003 0.572 0.572 0.328
-0.436 -0.436 -0.436 -0.85999902 -0.86 -0.86 -1.1439999 -1.144 -1.144 -0.9 -0.9 -0.9 -0.368 -0.368 -0.368 -0.40166252 -0.81 -0.81 -0.80999824 -0.1318521 0.978 0.978 0.978 0.978 0.978 0.97815352 1.182 1.182 1.182 0.78 0.78 0.77992791 1.232 1.232 1.232 0.3 0.3 0.592 0.592 0.592 0.186 0.15001129 0.15000136 0.332 0.332 0.31668886 -0.071998204 0.358 0.358 0.572 0.572 0.572 0.328
-0.436 -0.436 -0.436 -0.86 -0.86 -0.86 -0.86 -1.144 -1.144 -0.9 -0.9 -0.38927233 -0.368 -0.368 -0.368 -0.81 -0.81 -0.81 -0.81 -0.81 0.978 0.978 0.978 0.978 0.978 1.1819993 1.182 1.182 1.182 0.668 0.668 0.668 1.232 1.232 1.232 0.3 0.3 0.592 0.592 0.186 0.186 0.186 0.332 0.332 0.332 0.332 0.34530787 0.494 0.494 0.494 0.572 0.378 0.378
-0.436 -0.436 -0.43659044 -0.86 -0.86 -0.86 -0.86 -1.0656345 -1.076 -1.0756978 -0.89999999 -0.36802446 -0.368 -0.368 -0.36800153 -0.81 -0.81 -0.81 -0.81 -0.81 0.028480993 0.978 0.978 0.978 0.97795881 1.1819773 1.182 1.182 1.182 0.668 0.668 0.668 0.66808148 1.232 0.3 0.3 0.3 0.30001213 0.59197231 0.186 0.186 0.186 0.33199114 0.332 0.332 0.332 0.49400313 0.494 0.494 0.494 0.378 0.378 0.378
-0.874 -0.87399923 -0.8597775 -0.86 -0.86 -0.86 -1.075954 -1.076 -1.076 -1.076 -0.66000001 -0.66 -0.66 -0.66 -0.80930765 -0.81 -0.81 -0.81 -0.81 -0.012000475 -0.012 -0.012 0.77800003 0.778 0.778 0.778 0.8128704 1.182 0.67602072 0.676 0.676 0.676 0.676 0.462 0.462 0.462 0.462 0.462 0.746 0.746 0.746 0.746 0.746 0.80728246 0.808 0.808 0.808 0.494 0.494 0.494 0.37801827 0.378 0.378
-0.874 -0.874 -0.87093567 -0.50800071 -0.50800008 -0.50855395 -1.076 -1.076 -1.076 -1.076 -0.66 -0.66 -0.66 -0.66 -0.66 -0.81 -0.81 -0.81 -0.0120002 -0.012 -0.012 -0.012 0.778 0.778 0.778 0.778 0.778 0.77808538 0.6759135 0.676 0.676 0.676 0.67596525 0.40530984 0.4619413 0.462 0.462 0.462 0.746 0.746 0.746 0.746 0.746 0.808 0.808 0.808 0.808 0.66116746 0.494 0.20328014 0.2 -0.072 -0.072
-0.874 -0.874 -0.50804636 -0.508 -0.508 -0.508 -0.6522696 -1.076 -1.076 -1.076 -0.66 -0.66 -0.66 -0.66 -0.66 -0.80988424 -0.81 -0.012233968 -0.012 -0.012 -0.012 -0.012 0.48533938 0.778 0.778 0.778 0.778 0.77776908 0.452 0.452 0.452 0.452 0.452 0.362 0.362 0.362 0.362 0.362 0.58 0.58 0.58 0.58 0.58 0.80762887 0.80799992 0.808 0.80797423 0.80481221 0.2 0.2 0.2 -0.071998476 -0.072
-0.8739999 -0.81909177 -0.50800004 -0.508 -0.508 -0.508 -0.508 -1.0757582 -1.076 -1.076 -0.66 -0.66 -0.66 -0.66 -0.62284403 -0.622 -0.622 -0.012015699 -0.012 -0.012 -0.012 -0.012 -0.011999971 0.778 0.778 0.778 0.778 0.34600011 0.34600005 0.36855938 0.452 0.452 0.452 0.362 0.362 0.362 0.362 0.36195124 0.58 0.58 0.58 0.58 0.57999479 0.656 0.656 0.656 0.656 0.65596322 0.2 0.2 0.2 0.19999989 0.012733441
-0.818 -0.818 -0.76189671 -0.508 -0.508 -0.508 -0.508 -0.508 -1.0757569 -0.70400001 -0.704 -0.704 -0.70389558 -0.62200005 -0.622 -0.622 -0.622 -0.622 -0.012001175 -0.022052105 -0.11 -0.11 -0.11 0.11238221 0.71253025 0.362214 0.066836437 0.346 0.346 0.346 0.346 0.346 0.34921511 0.2900449 0.29 0.29 0.29 0.29 0.56722589 0.51200012 0.512 0.512 0.512 0.3820008 0.65599993 0.656 0.656 0.272 0.20000115 0.2 0.2 0.014 0.014
-0.818 -0.818 -0.826 -0.826 -0.826 -0.50810593 -0.508 -0.508 -0.704 -0.704 -0.704 -0.704 -0.704 -0.622 -0.622 -0.622 -0.622 -0.622 -0.11 -0.11 -0.11 -0.11 -0.11 -0.040000004 -0.04 -0.04 -0.04 0.346 0.346 0.346 0.346 0.346 0.294 0.294 0.29 0.29 0.29 0.42597684 0.426 0.512 0.512 0.512 0.51199996 0.382 0.382 0.382 0.272 0.272 0.272 0.148 0.148 0.014 0.014
-0.818 -0.818 -0.826 -0.826 -0.826 -0.826 -0.82599931 -0.7 -0.70399623 -0.704 -0.704 -0.704 -0.704 -0.62302288 -0.622 -0.622 -0.622 -0.622 -0.11000001 -0.11 -0.11 -0.11 -0.11 -0.04 -0.04 -0.04 -0.04 -0.039998417 0.346 0.346 0.346 0.29400273 0.294 0.294 0.294 0.29 0.426 0.426 0.426 0.42826282 0.2928178 0.252 0.252 0.382 0.382 0.382 0.272 0.272 0.272 0.148 0.148 0.148 0.32556643
-1.184 -1.1839971 -0.826 -0.826 -0.826 -0.826 -0.7 -0.7 -0.7 -0.704 -0.704 -0.704 -0.704 -0.70397451 -0.622 -0.622 -0.622 -0.622 -0.11000911 -0.11 -0.11 -0.11 -0.052337215 -0.04 -0.04 -0.04 -0.04 0.22799978 0.228 0.228 0.3447316 0.294 0.294 0.294 0.2939998 0.084000003 0.426 0.426 0.426 0.426 0.252 0.252 0.252 0.296 0.296 0.296 0.27399981 0.272 0.272 0.148 0.148 0.148 0.35800001
-1.184 -1.184 -0.826 -0.826 -0.826 -0.7 -0.7 -0.7 -0.7 -0.70356087 -0.704 -0.704 -0.704 -0.70399957 -0.61800046 -0.618 -0.618 -0.618 -0.44802983 -0.332 -0.332 -0.332 -0.332 -0.04 -0.04 -0.04 -0.039982322 0.228 0.228 0.228 0.228 0.29400618 0.17588107 0.084 0.084 0.084 0.42503574 0.16800537 0.168 0.168 0.25226788 0.59399999 0.594 0.296 0.296 0.29599991 0.274 0.274 0.242 0.242 0.242 0.45 0.362
