interpolatedSpi/02-06|22_2.tif
NCOLS 53
NROWS 52
XLLCORNER -116.03883
YLLCORNER 28.596182
DX 0.49850594
DY 0.49788537
NODATA_VALUE -9999
[rows 0 to 38 of 52, columns 0 to 52 of 53]
0.644 0.644 0.31759658 0.182 1.004 0.638 0.674 0.706 0.38067374 0.132 0.412 0.608 0.52003047 0.89 0.802 0.802 0.802 0.736 0.578 0.578 0.578 0.57799106 -0.34999999 0.478 0.478 0.478 0.69199452 0.692 0.692 0.446 0.446 0.446 0.446 0.88799991 0.888 0.888 0.888 0.888 0.888 0.88799998 0.15390816 0.14597902 0.062 0.062 0.062 0.062 0.061565531 -0.204 -0.204 -0.204 1.2859969 1.286 1.286
0.64395166 -0.444 0.1240001 0.202267 0.29221489 0.784 0.682 0.65184498 0.332 0.278 0.406 0.52 0.52 0.64482028 0.88999625 0.802 0.736 0.736 0.57820601 0.578 0.578 0.578 0.48715885 0.478 0.478 0.478 1.024 1.024 0.446 0.446 0.446 0.446 0.446 0.88799994 0.888 0.888 0.888 0.888 0.88800003 1.0312669 1.7819333 0.27070807 0.062 0.062 0.062 0.062 0.062 -0.204 -0.204 -0.204 -0.080447774 1.286 1.286
0.4259883 0.426 0.21 0.68 0.024 -0.192 0.152 0.2 -0.256 0.202 0.34 0.106 0.41 0.64 0.644 0.014 0.736 0.736 0.736 0.30008082 0.3 0.3 0.652 0.478 0.478 0.478 1.024 1.024 1.024 0.446 0.446 0.44600003 0.71558404 0.8889647 0.892021 1.3160414 1.32 1.32 1.3781074 1.782 1.782 1.7798006 0.062 0.062 0.062 0.062 0.062 -0.204 -0.204 -0.204 -0.204 1.286 1.286
-0.128 0.42599994 0.131981 1.226 -0.312 0.022 0.212 -0.202 0.188 0.49379607 0.32 -0.037999999 -0.024 0.64 -0.4 0.014 -0.56354715 -0.56708634 -0.37 0.3 0.3 -0.098 0.652 0.652 0.478 0.47800273 1.024 1.024 1.024 0.428 0.74513573 1.006 1.006 1.0060002 1.32 1.32 1.32 1.32 1.782 1.782 1.782 1.7819999 0.062 0.062 0.062 0.062 0.062 -0.20399664 -0.204 -0.204 -0.204 1.2859762 1.286
-0.128 0.60999912 0.132 -0.029701172 -0.312 -0.068 0.36998629 0.33 0.098 0.5499998 0.21349607 0.053978228 -0.098 -0.4 -0.4 -0.13213733 -0.568 -0.568 -0.37 -0.37 0.29999919 -0.098 0.04 0.418 0.742 0.74196078 1.024 1.024 0.428 0.428 1.006 1.006 1.006 0.96262827 1.32 1.32 1.32 1.782 1.782 1.782 1.782 1.7820008 0.062000025 0.062 0.062 0.062 0.062 0.05963227 -0.204 -0.20396592 0.556 0.556 0.556
-1.932 -0.108 0.15000001 0.42 -0.668 0.084 0.092 0.12247082 0.196 -0.266 -0.464 -0.21 -0.20999993 -0.014 -0.014 -0.34993192 -0.35 -0.122 -0.122 -0.36999959 -0.214 -0.214 0.418 0.742 0.742 0.574 0.596 0.596 0.8459615 0.428 1.006 1.006 0.776 0.77605162 1.2699646 1.356 1.356 1.6502072 1.782 1.782 1.78999 1.79 1.7900014 0.96772418 0.9838981 0.98399975 0.98399997 0.98399965 0.79146022 0.556 0.556 0.556 0.556
-0.68801006 -1.19 -0.93015121 -0.532 -0.242 -0.674 -0.35799999 -0.656 -0.62 -0.62 -0.464 -0.08 -0.48399992 -0.014 -0.067999838 -0.068 -0.35 0.18 0.1 0.1 -0.28468973 -0.364 -0.364 0.492 0.574 0.574 0.596 0.596 0.84597611 0.8455601 1.1777052 0.776 0.776 1.27 1.27 1.472553 1.356 1.356 1.9219804 1.7900002 1.79 1.79 1.7900071 0.98400306 0.984 0.984 0.984 0.98399993 0.866 0.55606143 0.556 0.556 0.556
-0.688 0.03 -0.37 -1.446 -1.2320123 -0.868 -1.01 -0.946 -0.862 -0.746 -0.746 -0.202 -0.484 -0.484 -0.070854146 -0.44869641 -0.486 0.132 -0.53799935 0.1 0.1189502 0.212 -0.674 0.23 0.2299968 -0.018 0.492 0.49200004 0.4374367 0.43600002 1.18 0.37487399 0.65 1.27 1.2772444 1.57 1.57 1.922 1.922 1.79 1.79 1.79 1.5345003 1.532 0.984 0.984 0.984 0.86600449 0.866 0.866 0.556 0.556 0.556
-0.14932777 0.029999997 0.052 -0.744 -0.994 -1.25 -0.794 -0.636 -0.666 -0.32150695 -0.14 -0.208 -0.208 0.26 0.25999169 -0.48400557 -0.484 -0.484 0.029723473 -0.61600006 -0.884 -0.88399999 0.722 -0.12385935 0.006991852 -0.018 0.694 0.492 1.3191652 1.324 0.298 1.428 1.1227838 0.894 1.524 1.434 1.92 1.132 1.9816075 1.7926426 2.382 1.9 1.5320081 1.532 1.5289156 0.984 0.58000002 0.866 0.866 0.866 0.866 0.62522613 0.5
-1.152 -1.152 0.042 -0.632 -1.15 -1.324 -1.134 -1.338 -0.71 -0.2341398 -0.34 0.724 0.26 0.26 -0.624 -0.62207984 -0.484 -0.48403146 -0.64 -0.616 -0.616 -0.65052739 0.722 0.87599708 0.876 0.876 0.694 0.546 0.546 1.324 1.324 1.4268507 0.822 0.894 1.262 1.434 1.92 1.566 1.982 1.4960062 1.9 1.7831861 1.582 1.532 1.532 0.58 0.58 0.58 0.866 0.866 1.112 1.112 1.1119998
-1.152 -1.152 -0.326 -0.78 -1.18 -0.894 -1.378 -0.22067927 -0.616 -0.666 -0.59 -0.836 0.72192249 -0.624 -0.624 -0.62398131 -0.462 -0.47134228 -0.64 -0.322 -0.322 -0.578 -0.578 0.876 0.876 0.876 0.546 0.546 0.546 0.45 0.45 0.45000061 1.142 1.142 0.91 0.74 1.612 1.3639997 1.766 1.488 1.488 1.2420011 1.582 1.532 1.208 1.168 1.2869422 1.29 1.65 1.65 1.112 1.112 1.112
-1.152 -0.79543078 -0.51973799 -0.86798956 -0.228 -1.398 -1.378 -0.22 -0.61599669 -0.66544606 -0.83599978 -0.836 -0.734 -0.624 -0.624 -0.46200001 -0.462 -0.46201013 -0.64 -0.322 -0.37227319 -0.578 -0.578 0.87594152 0.876 0.6675918 0.242 0.242 0.24200004 0.45 0.45 0.22 0.22 1.1419994 0.91 1.278 1.5661385 1.364 1.364 1.488 1.242 1.242 1.2419998 1.208 1.208 1.168 1.29 1.29 1.65 1.65 1.112 1.112 1.112
0.204 0.018483838 0.053969433 0.047327269 -0.22800607 -1.3979724 -1.378 -0.23425432 -0.58871155 -0.61730563 -0.734 -0.734 -0.734 -0.734 -0.62401558 -0.462 -0.462 -0.46429826 -0.64 -0.32205756 -0.514 -0.514 -0.514 -0.514 0.85195461 0.242 0.242 0.242 0.242 0.24213129 0.22 0.22 0.22 0.22 1.278 1.278 1.278 1.359809 1.3611911 0.99 0.99 1.2419864 1.1360025 1.2079931 1.208 1.168 1.29 1.29 1.65 1.65 1.1139518 1.112 1.6547806
0.204 0.054 0.054 0.054 0.054 0.053999396 -1.378051 -0.83012886 -0.51590853 -0.73387412 -0.734 -0.734 -0.734 -0.734 -0.7339999 -0.462 -0.46200003 -0.47420959 -0.63999711 -0.514 -0.514 -0.514 -0.514 -0.514 -0.50128635 0.24709818 0.27799999 0.278 0.278 0.278 0.22 0.22 0.22000026 0.44 0.44 1.278 0.98828687 0.98 0.98999999 0.99 0.99 0.99 1.136 1.136 1.136 1.1362227 1.4052199 1.406 1.406 1.406 1.406 1.294 1.294
0.388 0.054 0.054 0.054 0.054 0.054 0.053999908 -0.84478619 -0.59121309 -0.592 -0.592 -0.592 -0.592 -0.592 -0.592 0.064440826 -0.45344629 -0.48637404 -0.51401578 -0.514 -0.514 -0.514 -0.514 -0.51399926 0.074 0.074 0.074000287 0.278 0.278 0.27751541 0.036 0.036 0.44 0.44 0.44 0.89349783 0.98 0.98 0.98 0.99 0.99 0.99 1.136 1.136 1.136 1.136 1.406 1.406 1.406 1.406 1.406 1.294 1.294
0.388 0.26365559 0.054 0.054 0.054 0.054 -0.19195172 -0.192 -0.19200001 -0.592 -0.592 -0.592 -0.592 -0.592 -0.44419331 0.078 0.078 0.078 0.12006339 0.12199935 0.122 0.122 0.122 0.122 0.074 0.074 0.074 0.074 0.278 0.036 0.036 0.036 0.43999996 0.44 0.44 0.864 0.97984641 0.98 0.98 0.98990474 0.79972743 0.35590086 1.136 1.136 0.39030837 0.388 0.388 1.4038445 0.10057786 0.096000114 0.096000248 0.45012766 1.2939983
0.388 -0.053806679 -0.0067255244 0.054 0.054 -0.19185465 -0.192 -0.192 -0.192 -0.19488251 -0.592 -0.592 -0.592 -0.59199992 0.078 0.078 0.078 0.078 0.1219607 0.122 0.122 0.122 0.122 0.122 0.074000001 0.074 0.074 0.074 0.073861778 0.036 0.036 0.036 -0.112 0.4400298 0.864 0.864 0.864 0.8593258 0.39363206 0.354 0.354 0.354 0.224 0.224 0.388 0.388 0.388 0.096000004 0.096 0.096 0.096 0.45 0.45
-0.065614045 -0.066 -0.066 -0.066000004 -0.444 -0.1920065 -0.192 -0.192 -0.192 -0.192 -0.53022197 -0.59198937 -0.59199998 0.078 0.078 0.078 0.078 0.078 0.070970048 0.122 0.122 0.122 0.122 0.122 -0.1269623 -0.49199693 -0.492 -0.492 -0.492 0.035999992 -0.112 -0.112 -0.112 -0.112 0.864 0.86398878 0.438 0.438 0.35504887 0.354 0.354 0.354 0.224 0.224 0.36260715 0.388 0.388 0.096 0.096 0.096 0.0997958 0.45 0.45
-0.066 -0.066 -0.066 -0.24400584 -0.444 -0.444 -0.192 -0.192 -0.192 -0.192 0.224 0.224 0.224 0.078 0.078 0.078 0.078 0.078005288 -0.088 -0.088 0.12199991 0.122 0.11304075 -0.246 -0.24821463 -0.492 -0.492 -0.492 -0.492 -0.11203869 -0.112 -0.112 -0.112 -0.112 0.4380015 0.438 0.438 0.438 0.43766317 0.354 0.354 0.354 0.224 0.224 0.224 0.388 0.388 0.096000002 0.096 0.096 0.45 0.45 0.45
-0.066 -0.066 -0.066 -0.444 -0.444 -0.444 -0.44399961 -0.192 -0.192 0.22357057 0.224 0.224 0.224 0.22390904 0.10390152 0.11 0.11 0.11 -0.088 -0.088 -0.088 -0.246 -0.246 -0.246 -0.24605378 -0.46367569 -0.492 -0.492 -0.492 -0.57780322 -0.67394473 -0.674 -0.674 -0.674 0.13757032 -0.28199836 -0.282 -0.282 -0.282 -0.25391681 -0.254 -0.254 0.224 0.224 -0.077998739 -0.077999983 -0.03 -0.03 0.028 0.028 0.028 0.45 -0.035565457
-0.066000931 -0.066 -0.066000014 -0.444 -0.444 -0.444 -0.44400001 -1.3639997 -0.19668611 0.22325826 0.224 0.224 0.224 0.2237763 0.11 0.11 0.11 0.10999994 -0.088 -0.088 -0.088 -0.246 -0.246 -0.246 -0.438 -0.438 -0.722 -0.722 -0.722 -0.72173814 -0.674 -0.674 -0.674 -0.674 -0.47810773 -0.282 -0.282 -0.282 -0.282 -0.254 -0.254 -0.254 -0.24846237 -0.078 -0.078 -0.078 -0.03 -0.03 0.028 0.028 0.028 -0.035999998 -0.036
-0.366 -0.24332067 -0.856 -0.85588047 -0.444 -1.3586769 -1.364 -1.364 -1.1861832 -0.59400001 -0.594 -0.594 -0.594 0.065978515 0.066 0.10999997 0.11 0.10478299 -0.088 -0.088 -0.088 -0.556 -0.556 -0.556 -0.438 -0.438 -0.722 -0.722 -0.722 -0.72200035 -1.2039966 -1.2039985 -0.68732075 -0.6745682 -0.92970537 -0.93 -0.93 -0.93 -0.93 -0.254 -0.254 -0.254 -0.087691422 -0.078 -0.078 -0.078000046 -0.03 -0.03 -0.029997912 0.028 0.027987837 -0.244 -0.036
-0.53796734 -0.53800006 -0.856 -0.856 -0.856 -1.364 -1.364 -1.364 -0.876 -0.876 -0.594 -0.594 -0.594 0.066 0.066 0.066 0.066 0.065983078 -0.088 -0.088 -0.088000018 -0.556 -0.556 -0.556 -0.438 -0.438 -0.722 -0.722 -0.722 -1.1985654 -1.204 -1.204 -1.204 -1.204 -0.9301352 -0.93 -0.93 -0.93 -0.93 -0.71999988 -0.72 -0.72 -0.72 -0.078001964 -0.334 -0.334 -0.334 -0.13 -0.13 -0.13 -0.244 -0.244 -0.244
-0.538 -0.538 -0.856 -0.856 -0.856 -1.3613299 -1.364 -0.876 -0.876 -0.876 -0.59403471 -0.594 -0.65936998 0.065999831 0.066 0.066 0.066 -0.47 -0.47 -0.47 -0.432 -0.43200009 -0.5559994 -0.556 -0.55602497 -0.654 -0.654 -0.65400016 -0.72198901 -1.0280351 -1.0280009 -1.0280307 -1.2036992 -1.2038481 -0.97868698 -0.93000013 -0.93116623 -1.278 -1.278 -0.72 -0.72 -0.72 -0.72 -0.334 -0.334 -0.334 -0.334 -0.13 -0.13 -0.13 -0.244 -0.244 -0.244
-0.538 -0.538 -0.856 -0.856 -0.856 -0.856 -1.1813559 -0.876 -0.876 -0.876 -0.87588842 -0.674 -0.674 -0.674 0.06163901 0.066 -0.46642823 -0.47 -0.47 -0.47 -0.432 -0.432 -0.432 -0.432 -0.654 -0.654 -0.654 -0.654 -0.654 -1.028 -1.028 -1.028 -1.028 -1.0280004 -1.202 -1.278 -1.278 -1.278 -1.278 -1.2779975 -0.568 -0.568 -0.568 -0.43783543 -0.168 -0.168 -0.168 -0.13 -0.13000022 -0.352 -0.352 -0.042049142 -0.042
-0.538 -0.538 -0.74122433 -0.856 -0.856 -0.85600001 -1.2693008 -0.87724167 -0.876 -0.876 -0.67400005 -0.674 -0.674 -0.674 -0.674 -0.61331424 -0.47 -0.47 -0.47 -0.47 -0.43200029 -0.432 -0.432 -0.432 -0.654 -0.654 -0.654 -0.654 -0.654 -1.0398233 -1.028 -1.028 -1.028 -1.202 -1.202 -1.202059 -1.278 -1.278 -0.95271402 -0.70000005 -0.568 -0.568 -0.568 -0.43988603 -0.168 -0.168 -0.168 -0.368 -0.35219936 -0.352 -0.352 -0.042 -0.042
-1.158 -1.158 -1.158 -0.9317197 -0.85650724 -1.27 -1.27 -1.27 -1.27 -0.904 -0.904 -0.67400002 -0.674 -0.674 -0.674 -0.67398708 -0.47 -0.47 -0.47 -0.47 -0.44858197 -0.432 -0.432 -0.4268706 -0.25461307 -0.654 -0.654 -0.654 -1.044 -1.044 -1.044 -1.0439999 -1.202 -1.202 -1.202 -1.202 -0.7 -0.7 -0.7 -0.7 -0.242 -0.242 -0.242 -0.27999924 -0.28 -0.28 -0.27999996 -0.368 -0.368 -0.3520195 -0.352 -0.04199884 -0.042
-1.158 -1.158 -1.158 -1.1580023 -1.2 -1.2101792 -1.27 -1.27 -1.27 -0.904 -0.904 -0.904 -0.82199999 -0.822 -0.822 -0.82199999 -0.47038468 -0.47 -0.47 -0.47 -0.46941308 -0.23600054 -0.236 -0.236 -0.236 -0.23600001 -0.538 -0.538 -1.044 -1.044 -1.044 -1.044 -1.2019998 -1.202 -1.202 -1.2019824 -0.69999999 -0.7 -0.7 -0.69878046 -0.242 -0.242 -0.242 -0.27999824 -0.28 -0.28 -0.28 -0.368 -0.368 -0.36799993 0.188 0.188 0.098
-1.158 -1.158 -1.158 -1.1999999 -1.2 -1.2 -1.27 -1.27 -1.27 -0.904 -0.904 -0.904 -0.822 -0.822 -0.822 -0.81118534 -0.68 -0.68 -0.67999946 -0.47118613 -0.236 -0.236 -0.236 -0.236 -0.236 -0.23622727 -0.538 -0.538 -0.538 -1.044 -1.044 -1.0439395 -0.986 -0.986 -0.986 -0.402 -0.402 -0.422 -0.422 -0.422 -0.032 -0.24193413 -0.24199896 -0.102 -0.102 -0.108746 -0.27999968 -0.368 -0.368 0.188 0.188 0.188 0.098
-1.158 -1.158 -1.158 -1.2 -1.2 -1.2 -1.2 -1.27 -1.27 -0.904 -0.904 -0.82527882 -0.822 -0.822 -0.822 -0.68 -0.68 -0.68 -0.68 -0.68 -0.236 -0.236 -0.236 -0.236 -0.236 -0.53799897 -0.538 -0.538 -0.538 -0.95 -0.95 -0.95 -0.986 -0.986 -0.986 -0.402 -0.402 -0.422 -0.422 -0.032 -0.032 -0.032 -0.102 -0.102 -0.102 -0.102 -0.064540816 0.354 0.354 0.354 0.188 0.434 0.434
-1.158 -1.158 -1.1580585 -1.2 -1.2 -1.2 -1.2 -1.4589472 -1.472 -1.4710248 -0.904 -0.82201508 -0.822 -0.822 -0.82199951 -0.68 -0.68 -0.68 -0.68 -0.68 -0.16698376 -0.236 -0.236 -0.236 -0.23595798 -0.53797153 -0.538 -0.538 -0.538 -0.95 -0.95 -0.95 -0.95000382 -0.986 -0.402 -0.402 -0.402 -0.40200065 -0.4219734 -0.032 -0.032 -0.032 -0.10199575 -0.102 -0.102 -0.102 0.35400048 0.354 0.354 0.354 0.434 0.434 0.434
-1.758 -1.757999 -1.1999976 -1.2 -1.2 -1.2 -1.4719421 -1.472 -1.472 -1.472 -1.002 -1.002 -1.002 -1.002 -0.68148613 -0.68 -0.68 -0.68 -0.68 -0.16400031 -0.164 -0.164 -0.032000034 -0.032 -0.032 -0.032 -0.075674308 -0.538 -0.78199001 -0.782 -0.782 -0.782 -0.782 -0.166 -0.166 -0.166 -0.166 -0.166 0.262 0.262 0.262 0.262 0.262 0.40523423 0.406 0.406 0.406 0.354 0.354 0.354 0.4339874 0.434 0.434
-1.758 -1.758 -1.7546341 -1.3559997 -1.356 -1.356113 -1.472 -1.472 -1.472 -1.472 -1.002 -1.002 -1.002 -1.002 -1.002 -0.68 -0.68 -0.68 -0.16400013 -0.164 -0.164 -0.164 -0.032 -0.032 -0.032 -0.032 -0.032 -0.032107821 -0.78201699 -0.782 -0.782 -0.782 -0.78200683 -0.11724646 -0.16594952 -0.166 -0.166 -0.166 0.262 0.262 0.262 0.262 0.262 0.406 0.406 0.406 0.406 0.38168378 0.354 0.73767111 0.742 0.512 0.512
-1.758 -1.758 -1.3560509 -1.356 -1.356 -1.356 -1.3854635 -1.472 -1.472 -1.472 -1.002 -1.002 -1.002 -1.002 -1.002 -0.68024409 -0.68 -0.16415129 -0.164 -0.164 -0.164 -0.164 -0.080900255 -0.032 -0.032 -0.032 -0.032 -0.032562247 -0.826 -0.826 -0.826 -0.826 -0.826 -0.08 -0.08 -0.08 -0.08 -0.08 0.17 0.17 0.17 0.17 0.17 0.40674227 0.40600016 0.406 0.40605153 0.41224886 0.742 0.742 0.742 0.51200129 0.512
-1.7579993 -1.3991355 -1.356 -1.356 -1.356 -1.356 -1.356 -1.4719506 -1.472 -1.472 -1.002 -1.002 -1.002 -1.002 -0.60697339 -0.598 -0.598 -0.16401117 -0.164 -0.164 -0.164 -0.164 -0.16400007 -0.032 -0.032 -0.032 -0.032 -0.60000019 -0.6000001 -0.64809829 -0.826 -0.826 -0.826 -0.08 -0.08 -0.08 -0.08 -0.07995259 0.17 0.17 0.17 0.17 0.17000858 0.71 0.71 0.71 0.71 0.71000258 0.742 0.742 0.742 0.74199984 0.48835346
-1.392 -1.392 -1.3886065 -1.356 -1.356 -1.356 -1.356 -1.356 -1.471949 -0.83400001 -0.834 -0.834 -0.8343987 -0.59800058 -0.598 -0.598 -0.598 -0.598 -0.16400362 -0.19497689 -0.466 -0.466 -0.466 -0.35952734 -0.10499317 -0.49556581 -0.82493586 -0.6 -0.6 -0.6 -0.6 -0.6 -0.60653835 -0.015072991 -0.01 -0.01 -0.01 -0.01 0.19103954 0.2819998 0.282 0.282 0.282 0.51600057 0.70999995 0.71 0.71 0.68 0.74199901 0.742 0.742 0.488 0.488
-1.392 -1.392 -1.414 -1.414 -1.414 -1.3560193 -1.356 -1.356 -0.834 -0.834 -0.834 -0.834 -0.834 -0.59800001 -0.598 -0.598 -0.598 -0.598 -0.466 -0.466 -0.466 -0.466 -0.466 -0.94399998 -0.944 -0.944 -0.944 -0.6 -0.6 -0.6 -0.6 -0.6 -0.462 -0.462 -0.010000003 -0.01 -0.01 0.19596492 0.196 0.282 0.282 0.282 0.28200004 0.516 0.516 0.516 0.68 0.68 0.68 0.518 0.518 0.488 0.488
-1.392 -1.392 -1.414 -1.414 -1.414 -1.414 -1.4139973 -0.918 -0.83407909 -0.834 -0.834 -0.834 -0.834 -0.60094389 -0.598 -0.598 -0.598 -0.598 -0.466 -0.466 -0.466 -0.466 -0.466 -0.944 -0.944 -0.944 -0.944 -0.94399862 -0.6 -0.6 -0.6 -0.46200724 -0.462 -0.462 -0.462 -0.01 0.196 0.196 0.196 0.19826282 0.49275212 0.532 0.532 0.516 0.516 0.516 0.68 0.68 0.68 0.518 0.518 0.518 0.37206831
-1.326 -1.3260005 -1.414 -1.414 -1.414 -1.414 -0.918 -0.918 -0.918 -0.834 -0.834 -0.834 -0.834 -0.83392663 -0.598 -0.598 -0.598 -0.598 -0.46600231 -0.466 -0.466 -0.466 -0.85978974 -0.944 -0.944 -0.944 -0.944 -1.0439999 -1.044 -1.044 -0.60476016 -0.462 -0.462 -0.462 -0.46199984 -0.294 0.196 0.196 0.196 0.196 0.532 0.532 0.532 0.526 0.526 0.526 0.46202123 0.68 0.68 0.518 0.518 0.518 0.35999939
