interpolatedSpi/02-08|23_3.tif
NCOLS 53
NROWS 52
XLLCORNER -116.03883
YLLCORNER 28.596182
DX 0.49850594
DY 0.49788537
NODATA_VALUE -9999
[rows 0 to 25 of 52, columns 0 to 52 of 53]
0.12428571 0.12428571 -0.35842369 -0.27 0.0057142857 0.15285714 -0.087142857 0.032857143 -0.85064434 -0.60142857 -0.45714286 -0.44142857 -0.79856955 -0.77571429 -0.75142857 -0.75142857 -0.75142857 -0.83714286 -0.90714286 -0.90714286 -0.90714286 -0.9071361 -0.2057143 -1.2157143 -1.2157143 -1.2157143 -0.65428441 -0.65428571 -0.65428571 -1.4671429 -1.4671429 -1.4671429 -1.4671429 -2.3699998 -2.37 -2.37 -2.37 -2.37 -2.37 -2.3699999 0.3945088 0.42388701 -1.14 -1.14 -1.14 -1.14 -1.1399253 -1.0942857 -1.0942857 -1.0942857 -0.12285916 -0.12285714 -0.12285714
0.12425099 -0.65714286 -0.34285706 -0.34743952 -0.25997953 -0.26428571 -0.43428571 -0.60105948 -0.85 -0.85142857 -0.46142857 -0.79857143 -0.79857143 -0.84263326 -0.77571488 -0.75142857 -0.83714286 -0.83714286 -0.90705159 -0.90714286 -0.90714286 -0.90714286 -1.2221811 -1.2157143 -1.2157143 -1.2157143 -1.0757143 -1.0757143 -1.4671429 -1.4671429 -1.4671429 -1.4671429 -1.4671429 -2.3699999 -2.37 -2.37 -2.37 -2.37 -2.3699999 -2.0789159 -0.56155865 -1.0697956 -1.14 -1.14 -1.14 -1.14 -1.14 -1.0942857 -1.0942857 -1.0942857 -1.0137339 -0.12285714 -0.12285714
0.35712015 0.35714286 -0.27142857 -0.35428571 -0.42285714 -0.022857143 -0.63857143 0.0028571429 -1.09 -1.38 -1.0942857 -0.85 -1.1671429 -1.0542857 -0.84285714 -1.8028571 -0.83714286 -0.83714286 -0.83714286 -0.57009801 -0.57 -0.57 -1.3385714 -1.2157143 -1.2157143 -1.2157143 -1.0757143 -1.0757143 -1.0757143 -1.4671429 -1.4671429 -1.4671429 -1.5070303 -2.3673961 -2.3611442 -1.4272898 -1.4185714 -1.4185714 -1.3107654 -0.56142858 -0.56142857 -0.56216842 -1.14 -1.14 -1.14 -1.14 -1.14 -1.0942857 -1.0942857 -1.0942857 -1.0942857 -0.12285714 -0.12285714
0.76285714 0.35714272 -0.31875919 -0.21857143 -1.0885714 -0.80142857 -0.71 -1.0914286 -0.59428571 -0.99512799 -1.2371429 -1.29 -1.2114286 -1.0542857 -1.2714286 -1.8028571 -1.2216241 -1.2168766 -1.0957143 -0.57 -0.57 -1.3471429 -1.3385714 -1.3385714 -1.2157143 -1.2157136 -1.0757143 -1.0757143 -1.0757143 -1.2385714 -1.4094453 -1.55 -1.55 -1.5499999 -1.4185714 -1.4185714 -1.4185714 -1.4185714 -0.56142857 -0.56142857 -0.56142857 -0.56142859 -1.14 -1.14 -1.14 -1.14 -1.14 -1.0942863 -1.0942857 -1.0942857 -1.0942857 -0.12291178 -0.12285714
0.76285714 0.12571347 -0.31857143 -1.0586619 -1.0885714 -1.4314286 -1.3314802 -1.94 -2.05 -1.2085718 -1.2725016 -1.2956273 -0.68857143 -1.2714286 -1.2714286 -1.6178041 -1.2171429 -1.2171429 -1.0957143 -1.0957143 -0.57000154 -1.3471429 -1.0257143 -0.27285714 -0.86857143 -0.86851535 -1.0757143 -1.0757143 -1.2385714 -1.2385714 -1.55 -1.55 -1.55 -1.5276405 -1.4185714 -1.4185714 -1.4185714 -0.56142857 -0.56142857 -0.56142857 -0.56142857 -0.56149214 -1.14 -1.14 -1.14 -1.14 -1.14 -1.1395931 -1.0942857 -1.0943172 -1.7957143 -1.7957143 -1.7957143
-1.21 -0.53285714 -0.58142854 -0.77571429 -0.88571429 -1.47 -1.9314286 -1.932526 -1.3485714 -1.7914286 -2.0714286 -1.4214286 -1.4214281 -1.4642857 -1.4642857 -0.82427571 -0.82428571 -1.3114286 -1.3114286 -1.095714 -1.2471429 -1.2471429 -0.27285714 -0.86857143 -0.86857143 -0.62857143 -1.3857143 -1.3857143 -0.87717697 -1.2385714 -1.55 -1.55 -1.4314286 -1.4313789 -0.95574843 -1.1771429 -1.1771429 -0.75191384 -0.56142857 -0.56142857 -1.2191786 -1.22 -1.2199984 -1.207361 -1.2085639 -1.2085714 -1.2085714 -1.2085714 -1.6531494 -1.7957143 -1.7957143 -1.7957143 -1.7957143
-0.15429276 -0.22 -0.47452049 -0.70571429 -0.82857143 -1.5 -1.32 -1.7557143 -2.1428571 -2.1428571 -2.0714286 -1.9014286 -1.8042856 -1.4642857 -0.78285918 -0.78285714 -0.82428571 -0.65 -0.72714286 -0.72714286 -1.0047781 -0.73285714 -0.73285714 -0.72571429 -0.62857143 -0.62857143 -1.3857143 -1.3857143 -0.8771993 -0.87818206 -0.89436984 -1.4314286 -1.4314286 -0.95571429 -0.95571429 -1.2751781 -1.1771429 -1.1771429 -1.4799895 -1.2200004 -1.22 -1.22 -1.2199918 -1.2085723 -1.2085714 -1.2085714 -1.2085714 -1.2085717 -1.6485714 -1.7956851 -1.7957143 -1.7957143 -1.7957143
-0.15428571 -1.0542857 -0.46 -1.5271429 -1.0100296 -1.4128571 -1.9042857 -2.2242857 -1.5271429 -1.8728571 -1.8728571 -1.3428571 -1.8042857 -1.8042857 -0.78986509 -1.0547832 -1.0814286 -0.62857143 -0.59571442 -0.72714286 -0.48341625 -0.38857143 -1.1285714 -0.18285715 -0.18287 -1.18 -1.1228571 -1.1228572 -1.8423203 -1.8457143 -0.89142857 -1.0176874 -1.1014286 -0.95571429 -0.96321129 -1.3571429 -1.3571429 -1.48 -1.48 -1.22 -1.22 -1.22 -1.3695518 -1.3728571 -1.2085714 -1.2085714 -1.2085714 -1.6485547 -1.6485714 -1.6485714 -1.7957143 -1.7957143 -1.7957143
-1.1073862 -1.0542857 -0.14 -1.3257143 -1.1685714 -2.05 -1.3728571 -1.05 -1.66 -1.0266067 -0.44142857 -1.4814286 -1.4814286 -0.81857143 -0.81857175 -1.1982449 -1.1985714 -1.1985714 -0.62355574 -1.3257143 -1.5057143 -1.5057143 -1.4142857 -1.2411667 -1.0795143 -1.18 -1.2585714 -1.1228571 -0.96804771 -0.96714286 -0.99428571 -1 -0.86977036 -1.3771429 -1.2185714 -1.4971429 -1.3428571 -1.2942857 -0.9644381 -1.2170667 -0.56285714 -0.86428571 -1.3727513 -1.3728571 -1.3719325 -1.2085714 -1.8828571 -1.6485714 -1.6485714 -1.6485714 -1.6485714 -1.6004155 -0.082857143
-1.4042857 -1.4042857 -0.32857143 -0.76714286 -1.6828571 -1.1885714 -1.0928571 -1.6071429 -1.13 -0.86573334 -1.2228571 -0.47428571 -0.81857143 -0.81857143 -0.85285714 -0.85759877 -1.1985714 -1.1983955 -0.40142857 -1.3257143 -1.3257143 -1.3489043 -1.4142857 -1.0257216 -1.0257143 -1.0257143 -1.2585714 -0.96857143 -0.96857143 -0.96714286 -0.96714286 -0.99950959 -0.74142857 -1.3771429 -1.1071429 -1.4971429 -1.3428571 -1.8642857 -0.96428571 -0.62557982 -0.8642857 -0.81233343 -0.72285714 -1.3728571 -1.3728571 -1.8828571 -1.8828571 -1.8828571 -1.6485714 -1.6485714 -0.22714286 -0.22714286 -0.2271428
-1.4042857 -1.4042857 -1.2714286 -1.5428571 -1.4028571 -0.70857143 -1.7871429 -0.75963233 -0.74857143 -0.93571429 -0.80285714 -0.24571429 -0.47398193 -0.85285714 -0.85285714 -0.85283308 -0.64428571 -0.63153943 -0.40142857 -0.35142857 -0.35142857 -0.23571429 -0.23571429 -1.0257143 -1.0257143 -1.0257143 -0.96857143 -0.96857143 -0.96857143 -1.1071429 -1.1071429 -1.1071423 -0.97428571 -0.97428571 -1.9442857 -1.5814286 -0.80285714 -1.1685775 -0.88428571 -0.62 -0.62 -0.88571375 -0.72285714 -1.3728571 -0.54857186 -0.91428571 -0.58987836 -0.58428572 -0.46428571 -0.46428571 -0.22714286 -0.22714286 -0.22714286
-1.4042857 -1.3469941 -1.3872568 -1.5428413 -0.92571429 -1.25 -1.7871429 -0.75857143 -0.74857151 -0.93364097 -0.24571518 -0.24571429 -0.03 -0.85285714 -0.85285714 -0.64428572 -0.64428571 -0.64427189 -0.40142857 -0.35142857 -0.32870464 -0.23571429 -0.23571429 -1.0256821 -1.0257143 -0.82143856 -0.40428571 -0.40428571 -0.40428579 -1.1071429 -1.1071429 -0.31428571 -0.31428571 -0.97428837 -1.9442857 -0.60000058 -0.97581008 -1.1685714 -1.1685714 -0.62000001 -0.88571429 -0.88571429 -0.88571182 -0.54857143 -0.54857143 -0.91428571 -0.58428571 -0.58428571 -0.46428571 -0.46428571 -0.22714286 -0.22714286 -0.22714286
-0.73 -0.80882845 -0.76574291 -0.77133613 -0.92571607 -1.2499923 -1.7871428 -0.77123255 -0.74926053 -0.75345823 -0.03 -0.03 -0.03 -0.03 -0.85274058 -0.64428571 -0.64428571 -0.64115004 -0.40142857 -0.35129085 0.12571429 0.12571429 0.12571429 0.12571429 -1.0057145 -0.40428571 -0.40428571 -0.40428571 -0.40428571 -0.40459178 -0.31428571 -0.31428571 -0.31428571 -0.31428571 -0.6 -0.6 -0.6 -1.1419884 -1.1642904 -0.59857143 -0.59857143 -0.88569884 -0.59714119 -0.54857611 -0.54857143 -0.91428571 -0.58428571 -0.58428571 -0.46428571 -0.46428571 -0.22800319 -0.22714286 -0.75100444
-0.73 -0.76571429 -0.76571429 -0.76571429 -0.76571429 -0.76571449 -1.7857678 -1.3004598 -0.75109904 -0.030778451 -0.03 -0.03 -0.03 -0.03 -0.02999963 -0.64428572 -0.64428568 -0.62762737 -0.40143025 0.12571429 0.12571429 0.12571429 0.12571429 0.12571429 0.13120905 -0.10883986 -0.028571506 -0.028571429 -0.028571429 -0.028571429 -0.3142857 -0.31428571 -0.31428491 0.35571429 0.35571429 -0.6 0.23191835 0.25571429 -0.59857093 -0.59857143 -0.59857143 -0.59857143 -0.59714286 -0.59714286 -0.59714286 -0.59934988 -0.018062874 -0.014285714 -0.014285714 -0.014285714 -0.014285722 -0.20285715 -0.20285714
-1.0542857 -0.76571429 -0.76571429 -0.76571429 -0.76571429 -0.76571429 -0.76571435 -0.98689389 0.49188207 0.49857143 0.49857143 0.49857143 0.49857143 0.49857143 0.49857142 0.70277913 -0.6228176 -0.61103014 0.12564793 0.12571429 0.12571429 0.12571429 0.12571429 0.12571465 0.38 0.38 0.37999943 -0.028571429 -0.028571429 -0.027226932 0.64285714 0.64285714 0.35571429 0.35571429 0.35571429 0.27173335 0.25571429 0.25571429 0.25571429 -0.59857143 -0.59857143 -0.59857143 -0.59714286 -0.59714286 -0.59714286 -0.59714286 -0.014285716 -0.014285714 -0.014285714 -0.014285714 -0.014285714 -0.20285714 -0.20285714
-1.0542857 -0.94685385 -0.76571429 -0.76571429 -0.76571429 -0.76571429 0.40691267 0.40714286 0.40714286 0.49857143 0.49857143 0.49857143 0.49857143 0.49857143 0.54458374 0.70714286 0.70714286 0.70714286 0.43761924 0.43857111 0.43857143 0.43857143 0.43857143 0.43857143 0.38 0.38 0.38 0.38 -0.028571429 0.64285714 0.64285714 0.64285714 0.35571431 0.35571429 0.35571429 0.59857143 0.25616824 0.25571429 0.25571429 -0.59856188 -0.5801938 -0.53732645 -0.59714286 -0.59714286 -0.11150335 -0.11 -0.11 -0.014183033 0.048351771 0.048571423 0.048571417 0.19993899 -0.20285632
-1.0542857 -0.082533067 -0.4064216 -0.76571429 -0.76571429 0.40644988 0.40714286 0.40714286 0.40714286 0.40780172 0.49857143 0.49857143 0.49857143 0.49857145 0.70714286 0.70714286 0.70714286 0.70714286 0.43881134 0.43857143 0.43857143 0.43857143 0.43857143 0.43857143 0.38 0.38 0.38 0.38 0.3809561 0.64285714 0.64285714 0.64285714 0.70428571 0.3557474 0.59857143 0.59857143 0.59857143 0.59515391 -0.48692415 -0.53714286 -0.53714286 -0.53714286 -0.25428571 -0.25428571 -0.11 -0.11 -0.11 0.048571427 0.048571429 0.048571429 0.048571429 0.2 0.2
-0.056255515 -0.055714286 -0.055714286 -0.055714279 0.64857143 0.40714908 0.40714286 0.40714286 0.40714286 0.40714286 0.4726143 0.49856696 0.49857142 0.70714286 0.70714286 0.70714286 0.70714286 0.70714286 0.69763178 0.43857143 0.43857143 0.43857143 0.43857143 0.43857143 0.51548136 0.68428407 0.68428571 0.68428571 0.68428571 0.64285715 0.70428571 0.70428571 0.70428571 0.70428571 0.59857143 0.5985633 0.29 0.29 -0.52681475 -0.53714286 -0.53714286 -0.53714286 -0.25428571 -0.25428571 -0.1323404 -0.11 -0.11 0.048571429 0.048571429 0.048571429 0.050195137 0.2 0.2
-0.055714286 -0.055714286 -0.055714286 0.27594436 0.64857143 0.64857143 0.40714286 0.40714286 0.40714286 0.40714286 0.15571429 0.15571429 0.15571429 0.70714286 0.70714286 0.70714286 0.70714286 0.7071667 0.89 0.89 0.43857161 0.43857143 0.44674466 0.77428571 0.77347548 0.68428571 0.68428571 0.68428571 0.68428571 0.70428368 0.70428571 0.70428571 0.70428571 0.70428571 0.29000108 0.29 0.29 0.29 0.28706671 -0.53714286 -0.53714286 -0.53714286 -0.25428571 -0.25428571 -0.25428571 -0.11 -0.11 0.048571428 0.048571429 0.048571429 0.2 0.2 0.2
-0.055714286 -0.055714286 -0.055714286 0.64857143 0.64857143 0.64857143 0.64857106 0.40714286 0.40714286 0.15597383 0.15571429 0.15571429 0.15571429 0.15605785 0.82393095 0.85142857 0.85142857 0.85142857 0.89 0.89 0.89 0.77428571 0.77428571 0.77428571 0.77427971 0.7202531 0.68428571 0.68428571 0.68428571 0.4018066 0.33289367 0.33285714 0.33285714 0.33285714 0.11566015 -0.12999905 -0.13 -0.13 -0.13 0.055633166 0.055714286 0.055714286 -0.25428571 -0.25428571 0.16999823 0.16999999 0.14428571 0.14428571 0.27428571 0.27428571 0.27428571 0.2 0.037288471
-0.05571331 -0.055714286 -0.05571426 0.64857143 0.64857143 0.64857143 0.64857142 0.30000003 0.40671446 0.15583735 0.15571429 0.15571429 0.15571429 0.15707947 0.85142857 0.85142857 0.85142857 0.85142858 0.89 0.89 0.89 0.77428571 0.77428571 0.77428571 0.75285714 0.75285714 0.85714286 0.85714286 0.85714286 0.85428271 0.33285714 0.33285714 0.33285714 0.33285714 0.10155565 -0.13 -0.13 -0.13 -0.13 0.055714286 0.055714286 0.055714286 0.059310152 0.17 0.17 0.17 0.14428571 0.14428571 0.27428571 0.27428571 0.27428571 0.037142865 0.037142857
0.25857143 0.1130135 0.062857143 0.063027069 0.64857143 0.30201682 0.3 0.3 0.43690226 0.29142858 0.29142857 0.29142857 0.29142857 1.2171127 1.2171429 0.85142885 0.85142857 0.85244487 0.89 0.89 0.89 0.65 0.65 0.65 0.75285714 0.75285714 0.85714286 0.85714286 0.85714286 0.85714269 0.62571242 0.62571346 0.34021767 0.33317111 -0.13945948 -0.14 -0.14 -0.14 -0.14 0.055714286 0.055714286 0.055714286 0.1637071 0.17 0.17 0.16999993 0.14428571 0.14428571 0.14429039 0.27428571 0.27426246 -0.24571429 0.037142857
0.26285633 0.26285711 0.062857143 0.062857143 0.062857143 0.3 0.3 0.3 0.67571429 0.67571429 0.29142857 0.29142857 0.29142857 1.2171429 1.2171429 1.2171429 1.2171429 1.2171052 0.89 0.89 0.88999999 0.65 0.65 0.65 0.75285714 0.75285714 0.85714286 0.85714286 0.85714286 0.62832366 0.62571429 0.62571429 0.62571429 0.62571429 -0.13962217 -0.14 -0.14 -0.14 -0.14 0.10285713 0.10285714 0.10285714 0.10285714 0.16999699 -0.22285714 -0.22285714 -0.22285714 -0.56 -0.56 -0.56 -0.24571429 -0.24571429 -0.24571429
0.26285714 0.26285714 0.062857143 0.062857143 0.062857143 0.29875353 0.3 0.67571429 0.67571429 0.67571429 0.29147588 0.29142857 0.80971911 1.2171428 1.2171429 1.2171429 1.2171429 1.0785714 1.0785714 1.0785714 0.67571429 0.67571427 0.65000013 0.65 0.65013051 0.82142857 0.82142857 0.82142866 0.85713709 0.45289159 0.45285806 0.45288732 0.62541885 0.62556511 -0.0037367014 -0.14000009 -0.14074684 -0.36285714 -0.36285714 0.10285714 0.10285714 0.10285714 0.10285714 -0.22285714 -0.22285714 -0.22285714 -0.22285714 -0.56 -0.56 -0.56 -0.24571429 -0.24571429 -0.24571429
0.26285714 0.26285714 0.062857143 0.062857143 0.062857143 0.062857144 0.44061888 0.67571429 0.67571429 0.67571429 0.67585238 0.92571429 0.92571429 0.92571429 1.2154254 1.2171429 1.0794948 1.0785714 1.0785714 1.0785714 0.67571429 0.67571429 0.67571429 0.67571429 0.82142857 0.82142857 0.82142857 0.82142857 0.82142857 0.45285714 0.45285714 0.45285714 0.45285714 0.4528561 -0.042857143 -0.36285714 -0.36285714 -0.36285714 -0.36285714 -0.36285689 -0.35571429 -0.35571429 -0.35571429 -0.33711872 -0.29857143 -0.29857143 -0.29857143 -0.55999999 -0.56000017 -0.73857143 -0.73857143 -0.13859749 -0.13857143
0.26285714 0.26285714 0.1350431 0.062857143 0.062857143 0.062857159 0.79550134 0.67609246 0.67571429 0.67571429 0.92571426 0.92571429 0.92571429 0.92571429 0.92571429 0.94962449 1.0785714 1.0785714 1.0785714 1.0785714 0.6757174 0.67571429 0.67571429 0.67571429 0.82142857 0.82142857 0.82142857 0.82142857 0.82142857 0.4803041 0.45285714 0.45285714 0.45285714 -0.042857143 -0.042857143 -0.043105631 -0.36285714 -0.36285714 -0.57751695 -0.74428568 -0.35571429 -0.35571429 -0.35571429 -0.3381439 -0.29857143 -0.29857143 -0.29857143 -0.43428571 -0.73478006 -0.73857143 -0.73857143 -0.13857143 -0.13857143
