interpolatedSpi/02-02|23_2.tif
NCOLS 53
NROWS 52
XLLCORNER -116.03883
YLLCORNER 28.596182
DX 0.49850594
DY 0.49788537
NODATA_VALUE -9999
-0.88 -0.88 -1.7311539 -1.64 -0.83 -1.17 -0.98 -0.83 -0.8813724 -0.43 -0.16 -0.42 -0.53994071 0.18 0.08 0.08 0.08 -1.03 -1.47 -1.47 -1.47 -1.469989 -0.33000001 -1.4 -1.4 -1.4 0.19000011 0.19 0.19 -1.34 -1.34 -1.34 -1.34 -2.4299998 -2.43 -2.43 -2.43 -2.43 -2.43 -2.4299999 1.2602505 1.2990702 -2.35 -2.35 -2.35 -2.35 -2.3479747 -1.11 -1.11 -1.11 0.63999637 0.64 0.64 
-0.88002844 -1.52 -1.4899997 -1.4547157 -1.3895537 -1.11 -1.82 -2.0692632 -1.42 -0.95 -1.04 -0.54 -0.54 -1.4943981 0.17997882 0.08 -1.03 -1.03 -1.4694263 -1.47 -1.47 -1.47 -1.3710496 -1.4 -1.4 -1.4 -2.2399999 -2.24 -1.34 -1.34 -1.34 -1.34 -1.34 -2.4299998 -2.43 -2.43 -2.43 -2.43 -2.4299999 -2.2868316 -1.6499883 -2.2650601 -2.35 -2.35 -2.35 -2.35 -2.35 -1.11 -1.11 -1.11 -0.96488832 0.64 0.64 
-0.44003427 -0.44 -1.2 -0.9 -1.44 -1.51 -2.04 -1.94 -1.84 -1.68 -1.55 -1.5 -1.63 -0.03 -1.5 -2.18 -1.03 -1.03 -1.03 -1.3400378 -1.34 -1.34 -0.85 -1.4 -1.4 -1.4 -2.24 -2.24 -2.24 -1.34 -1.34 -1.3400001 -1.9273081 -2.4271064 -2.4160382 -0.94374521 -0.93 -0.93 -1.020557 -1.65 -1.65 -1.6508951 -2.35 -2.35 -2.35 -2.35 -2.35 -1.11 -1.11 -1.11 -1.11 0.64 0.64 
0.81 -0.43999997 -0.27012868 -0.29 -1.31 -1.52 -1.77 -2.58 -1.98 -1.611131 -1.75 -1.66 -1.34 -0.03 -1.64 -2.18 -1.8525248 -1.8494255 -1.66 -1.34 -1.34 -1.46 -0.85 -0.85 -1.4 -1.4000042 -2.24 -2.24 -2.24 -1.66 -2.15381 -2.56 -2.56 -2.5599987 -0.93 -0.93 -0.93 -0.93 -1.65 -1.65 -1.65 -1.65 -2.35 -2.35 -2.35 -2.35 -2.35 -1.1100156 -1.11 -1.11 -1.11 0.63993565 0.64 
0.81 0.819998 -0.27 -1.049046 -1.31 -1.55 -2.019971 -2.14 -2.28 -1.87 -1.8138427 -1.7899527 -1.46 -1.64 -1.64 -1.9961283 -1.85 -1.85 -1.66 -1.66 -1.3400003 -1.46 -1.38 -1.32 -1.77 -1.7698154 -2.24 -2.24 -1.66 -1.66 -2.56 -2.56 -2.56 -2.3733124 -0.93 -0.93 -0.93 -1.65 -1.65 -1.65 -1.65 -1.6499884 -2.35 -2.35 -2.35 -2.35 -2.35 -2.3389625 -1.11 -1.1100099 -1.33 -1.33 -1.33 
-1.67 0.04 0.54000006 -0.7 -0.87 -0.99 -1.95 -1.9743254 -1.3 -1.65 -1.27 -1.37 -1.3700001 -1.39 -1.39 -1.5800531 -1.58 -1.54 -1.54 -1.6599999 -1.8 -1.8 -1.32 -1.77 -1.77 -0.98 -1.38 -1.38 -0.79008011 -1.66 -2.56 -2.56 -1.57 -1.5699415 -1.0100404 -1.96 -1.96 -1.7459056 -1.65 -1.65 -1.5301497 -1.53 -1.5299982 -1.7605916 -1.7500663 -1.7500002 -1.75 -1.7500002 -1.6721646 -1.33 -1.33 -1.33 -1.33 
-0.540027 0.69 -0.053148581 0.64 0.82 -0.75 -0.83 -1.46 -1.92 -1.92 -1.27 -1.75 -2.3499998 -1.39 -1.7999988 -1.8 -1.58 -1.86 -1.5 -1.5 -1.9649427 -2.15 -2.15 -1.23 -0.98 -0.98 -1.38 -1.38 -0.79004837 -0.79089052 -1.00191 -1.57 -1.57 -1.01 -1.01 -1.6822336 -1.96 -1.96 -2.0299976 -1.5300007 -1.53 -1.53 -1.5299911 -1.7500016 -1.75 -1.75 -1.75 -1.75 -1.75 -1.3300832 -1.33 -1.33 -1.33 
-0.54 -1.37 -0.1 -0.24 -0.17000401 -0.15 -0.67 -1.36 -1.04 -1.8 -1.8 -1.48 -2.35 -2.35 -1.8037735 -2.0367968 -2.06 -1.85 -0.58000094 -1.5 -0.37243656 -0.15 -1.9 -1.14 -1.1400095 -1.88 -1.31 -1.31 -1.6170916 -1.62 -1 -0.73230124 -1.17 -1.01 -1.0225493 -1.45 -1.45 -2.03 -2.03 -1.53 -1.53 -1.53 -2.0245143 -2.03 -1.75 -1.75 -1.75 -1.75 -1.75 -1.75 -1.33 -1.33 -1.33 
-1.3487598 -1.37 -0.09 -0.37 -0.23 -1.15 -0.92 -0.58 -0.88 -0.47330682 -1.06 -1.81 -1.81 -1.12 -1.1199984 -2.7779933 -2.78 -2.78 -1.6561326 -2.2700001 -2.77 -2.77 -1.98 -1.9315267 -1.8054275 -1.88 -1.56 -1.31 -1.0813365 -1.08 -0.61 -1.18 -1.2908034 -1.27 -1.45 -1.36 -1.49 -1.7 -1.4201293 -1.5266075 -0.77 -1.21 -2.0299983 -2.03 -2.028424 -1.75 -3.0399999 -1.75 -1.75 -1.75 -1.75 -1.1146021 -0.66 
-1.23 -1.23 -1.13 -1.39 -1.23 -0.97 -0.73 -0.46 -0.91 -0.3700988 -0.41 0.14 -1.12 -1.12 -0.95 -0.97509928 -2.78 -2.7796451 -1.15 -2.27 -2.27 -2.3344167 -1.98 -1.5800076 -1.58 -1.58 -1.56 -2.12 -2.12 -1.08 -1.08 -1.1804173 -1.4 -1.27 -1.55 -1.36 -1.49 -1.59 -1.42 -1.9906 -1.21 -1.5075449 -2.02 -2.03 -2.03 -3.04 -3.04 -3.04 -1.75 -1.75 0.4 0.4 0.3999996 
-1.23 -1.23 -1.71 -1.39 -0.91 -1.03 -1.7 -0.76988575 -0.89 -1.15 -1.2 -0.19 0.13955881 -0.95 -0.95 -0.95010498 -1.86 -1.8227359 -1.15 -1.85 -1.85 -1.33 -1.33 -1.58 -1.58 -1.58 -2.12 -2.12 -2.12 -1.57 -1.57 -1.5699997 -1.45 -1.45 -1.93 -2.05 -1.04 -1.6400021 -1.66 -2 -2 -1.9000004 -2.02 -2.03 -1.2500006 -1.88 -1.2477522 -1.24 -0.25 -0.25 0.4 0.4 0.4 
-1.23 -1.43719 -1.5734446 -1.5799767 -0.36 -1.43 -1.7 -0.77 -0.889999 -1.1471195 -0.19000125 -0.19 -0.54 -0.95 -0.95 -1.86 -1.86 -1.8599596 -1.15 -1.85 -1.7478826 -1.33 -1.33 -1.5799896 -1.58 -1.8922836 -2.53 -2.53 -2.5299999 -1.57 -1.57 -1.58 -1.58 -1.4500013 -1.93 -1.3800003 -1.176301 -1.64 -1.64 -2 -1.9 -1.9 -1.8999953 -1.25 -1.25 -1.88 -1.24 -1.24 -0.25 -0.25 0.4 0.4 0.4 
-1.61 -1.2824161 -1.2500056 -1.2523711 -0.36000543 -1.4299747 -1.7 -0.78144776 -0.88173077 -0.89678929 -0.54 -0.54 -0.54 -0.54 -0.94994192 -1.86 -1.86 -1.8508328 -1.15 -1.8497525 -1.01 -1.01 -1.01 -1.01 -1.5711633 -2.53 -2.53 -2.53 -2.53 -2.5290196 -1.58 -1.58 -1.58 -1.58 -1.38 -1.38 -1.38 -1.6277553 -1.6384228 -1.43 -1.43 -1.8999747 -0.59002259 -1.2499364 -1.25 -1.88 -1.24 -1.24 -0.24999999 -0.25 0.39764187 0.4 -0.6469683 
-1.61 -1.25 -1.25 -1.25 -1.25 -1.2500001 -1.6993087 -1.2599742 -0.8596693 -0.54038332 -0.54 -0.54 -0.54 -0.54 -0.53999961 -1.86 -1.8599999 -1.8112988 -1.1500094 -1.01 -1.01 -1.01 -1.01 -1.01 -1.0013591 -1.4543394 -1.0100003 -1.01 -1.01 -1.01 -1.58 -1.58 -1.5799992 -0.93 -0.93 -1.38 -1.0105671 -1 -1.4299998 -1.43 -1.43 -1.43 -0.59 -0.59 -0.59 -0.59897722 0.95548804 0.97 0.97 0.97 0.96999998 0.25000003 0.25 
-1.69 -1.25 -1.25 -1.25 -1.25 -1.25 -1.25 -1.1580179 0.0052924306 0.0099999992 0.01 0.01 0.01 0.01 0.0099999946 0.30369623 -1.8255 -1.7627768 -1.0100178 -1.01 -1.01 -1.01 -1.01 -1.0099985 -0.61 -0.61 -0.61000056 -1.01 -1.01 -1.0090188 -0.52 -0.52 -0.93 -0.93 -0.93 -0.98878645 -1 -1 -1 -1.43 -1.43 -1.43 -0.59 -0.59 -0.59 -0.59 0.97000002 0.97 0.97 0.97 0.97 0.25 0.25 
-1.69 -1.526193 -1.25 -1.25 -1.25 -1.25 -0.35017664 -0.35 -0.34999999 0.01 0.01 0.01 0.01 0.01 0.076182099 0.31 0.31 0.31 0.24616356 0.24999871 0.25 0.25 0.25 0.25 -0.61 -0.61 -0.61 -0.61 -1.01 -0.52 -0.52 -0.52 -0.92999996 -0.93 -0.93 -0.31 -0.99908642 -1 -1 -1.4297512 -0.93337663 0.22503863 -0.59 -0.59 1.9421614 1.95 1.95 0.97158078 1.9266452 1.9299999 1.9299998 1.5897973 0.25000272 
-1.69 -1.3785945 -1.3107255 -1.25 -1.25 -0.35053176 -0.35 -0.35 -0.35 -0.34740574 0.01 0.01 0.01 0.010000036 0.31 0.31 0.31 0.31 0.2500536 0.25 0.25 0.25 0.25 0.25 -0.60999998 -0.61 -0.61 -0.61 -0.60967264 -0.52 -0.52 -0.52 -0.26000001 -0.92992076 -0.31 -0.31 -0.31 -0.30565433 0.15212949 0.23 0.23 0.23 1.79 1.79 1.95 1.95 1.95 1.93 1.93 1.93 1.93 1.59 1.59 
-1.3703122 -1.37 -1.37 -1.37 -0.69 -0.35000877 -0.35 -0.35 -0.35 -0.35 -0.027097149 0.009993615 0.0099999861 0.31 0.31 0.31 0.31 0.31 0.39304485 0.25 0.25 0.25 0.25 0.25 -0.093058005 0.0099966406 0.01 0.01 0.01 -0.51999999 -0.26 -0.26 -0.26 -0.26 -0.31 -0.30998947 0.09 0.09 0.22825189 0.23 0.23 0.23 1.79 1.79 1.9252265 1.95 1.95 1.93 1.93 1.93 1.9263543 1.59 1.59 
-1.37 -1.37 -1.37 -1.0497779 -0.69 -0.69 -0.35 -0.35 -0.35 -0.35 -0.48 -0.48 -0.48 0.31 0.31 0.31 0.31 0.31004792 1.7 1.7 0.25000059 0.25 0.28213644 1.57 1.555956 0.01 0.01 0.01 0.01 -0.25997251 -0.26 -0.26 -0.26 -0.26 0.089998594 0.09 0.09 0.09 0.090537814 0.23 0.23 0.23 1.79 1.79 1.79 1.95 1.95 1.93 1.93 1.93 1.59 1.59 1.59 
-1.37 -1.37 -1.37 -0.69 -0.69 -0.69 -0.68999948 -0.35 -0.35 -0.4798658 -0.48 -0.48 -0.48 -0.47950779 0.5447325 0.6 0.6 0.60000001 1.7 1.7 1.7 1.57 1.57 1.57 1.5698739 0.59222198 0.01 0.01 0.010000005 0.37251341 0.50992427 0.51 0.51 0.51 0.4185843 0.87999821 0.88 0.88 0.88 1.8797742 1.88 1.88 1.79 1.79 2.8199957 2.8199999 2.45 2.45 2.21 2.21 2.21 1.59 1.7198838 
-1.3699999 -1.37 -1.37 -0.69 -0.69 -0.69 -0.68999999 0.16999985 -0.34792084 -0.47996373 -0.48 -0.48 -0.48 -0.47788074 0.6 0.6 0.6 0.60000032 1.7 1.7 1.7 1.57 1.57 1.57 1.12 1.12 1.28 1.28 1.28 1.2757994 0.51 0.51 0.51 0.51 0.69489863 0.88 0.88 0.88 0.88 1.88 1.88 1.88 1.909576 2.82 2.82 2.82 2.45 2.45 2.21 2.21 2.21 1.72 1.72 
-1.34 -1.333723 -0.76 -0.75997969 -0.69 0.16502407 0.17 0.17 0.34854553 -0.43999997 -0.44 -0.44 -0.44 1.5599349 1.56 0.60000074 0.6 0.62898338 1.7 1.7 1.7 1.69 1.69 1.69 1.12 1.12 1.28 1.28 1.28 1.2800006 2.07999 2.0799956 0.54945959 0.51168315 2.2180461 2.22 2.22 2.22 2.22 1.88 1.88 1.88 2.7682411 2.82 2.82 2.82 2.45 2.45 2.4499914 2.21 2.2099928 2.05 1.72 
-0.80010255 -0.79999999 -0.76 -0.76 -0.76 0.17 0.17 0.17 0.66 0.66 -0.44 -0.44 -0.44 1.56 1.56 1.56 1.56 1.5600119 1.7 1.7 1.7 1.69 1.69 1.69 1.12 1.12 1.28 1.28 1.28 2.0709799 2.08 2.08 2.08 2.08 2.2199309 2.22 2.22 2.22 2.22 2.5499998 2.55 2.55 2.55 2.8199982 2.59 2.59 2.59 2.24 2.24 2.24 2.05 2.05 2.05 
-0.8 -0.8 -0.76 -0.76 -0.76 0.16511175 0.17 0.66 0.66 0.66 -0.43986459 -0.44 0.94911203 1.5599999 1.56 1.56 1.56 2.27 2.27 2.27 2.13 2.1299997 1.6900021 1.69 1.6898577 1.72 1.72 1.719999 1.2800711 2.089998 2.0899999 2.0899983 2.0800171 2.0800086 2.1950712 2.2199998 2.2184919 1.77 1.77 2.55 2.55 2.55 2.55 2.59 2.59 2.59 2.59 2.24 2.24 2.24 2.05 2.05 2.05 
-0.8 -0.8 -0.76 -0.76 -0.76 -0.76 0.35339269 0.66 0.66 0.66 0.66033143 1.26 1.26 1.26 1.558232 1.56 2.2652687 2.27 2.27 2.27 2.13 2.13 2.13 2.13 1.72 1.72 1.72 1.72 1.72 2.09 2.09 2.09 2.09 2.0899997 1.95 1.77 1.77 1.77 1.77 1.7700023 2.37 2.37 2.37 2.4220666 2.53 2.53 2.53 2.24 2.2399995 1.74 1.74 1.7300778 1.73 
-0.8 -0.8 -0.77443719 -0.76 -0.76 -0.75999995 1.4685626 0.66255267 0.66 0.66 1.26 1.26 1.26 1.26 1.26 1.2847403 2.27 2.27 2.27 2.27 2.1300011 2.13 2.13 2.13 1.72 1.72 1.72 1.72 1.72 1.7944174 2.09 2.09 2.09 1.95 1.95 1.9498602 1.77 1.77 1.5448886 1.37 2.37 2.37 2.37 2.4189259 2.53 2.53 2.53 1.73 1.7398754 1.74 1.74 1.73 1.73 
1.22 1.22 1.22 -0.26355957 -0.75654826 1.47 1.47 1.47 1.47 1.24 1.24 1.26 1.26 1.26 1.26 1.260064 2.27 2.27 2.27 2.27 2.1910915 2.13 2.13 2.1030445 1.1276079 1.72 1.72 1.72 1.69 1.69 1.69 1.6900017 1.95 1.95 1.95 1.95 1.37 1.37 1.37 1.37 2.01 2.01 2.01 1.8300036 1.83 1.83 1.8300002 1.73 1.73 1.7399878 1.74 1.7299965 1.73 
1.22 1.22 1.22 1.2200199 1.59 1.57255 1.47 1.47 1.47 1.24 1.24 1.24 1.44 1.44 1.44 1.44 2.2678384 2.27 2.27 2.27 2.2678209 1.1000028 1.1 1.1 1.1 1.1 1.79 1.79 1.69 1.69 1.69 1.69 1.9499998 1.95 1.95 1.9499805 1.37 1.37 1.37 1.3697368 2.01 2.01 2.01 1.8300083 1.83 1.83 1.83 1.73 1.73 1.7299999 1.04 1.04 0.78 
1.22 1.22 1.22 1.5899991 1.59 1.59 1.47 1.47 1.47 1.24 1.24 1.24 1.44 1.44 1.44 1.4133442 1.09 1.09 1.090003 2.263335 1.1 1.1 1.1 1.1 1.1 1.1005193 1.79 1.79 1.79 1.69 1.69 1.6897297 1.71 1.71 1.71 0.76 0.76 1.31 1.31 1.31 1.54 2.0098526 2.0099963 1.51 1.51 1.5221276 1.829999 1.73 1.73 1.04 1.04 1.04 0.78 
1.22 1.22 1.22 1.59 1.59 1.59 1.59 1.47 1.47 1.24 1.24 1.4320029 1.44 1.44 1.44 1.09 1.09 1.09 1.09 1.09 1.1 1.1 1.1 1.1 1.1 1.7899976 1.79 1.79 1.79 1.27 1.27 1.27 1.71 1.71 1.71 0.76 0.76 1.31 1.31 1.54 1.54 1.54 1.51 1.51 1.51 1.51 1.4516754 0.8 0.8 0.8 1.04 0.39 0.39 
1.22 1.22 1.2205152 1.59 1.59 1.59 1.59 1.3424769 1.33 1.3298455 1.24 1.4399925 1.44 1.44 1.4399988 1.09 1.09 1.09 1.09 1.09 0.97533123 1.1 1.1 1.1 1.0999423 1.7899454 1.79 1.79 1.79 1.27 1.27 1.27 1.2700622 1.71 0.76 0.76 0.76 0.76002239 1.3100157 1.54 1.54 1.54 1.5100018 1.51 1.51 1.51 0.79999746 0.8 0.8 0.8 0.39 0.39 0.39 
1.32 1.3199998 1.5897959 1.59 1.59 1.59 1.3300553 1.33 1.33 1.33 1.35 1.35 1.35 1.35 1.0912 1.09 1.09 1.09 1.09 0.97000007 0.97 0.97 0.82000005 0.82 0.82 0.82 0.90372348 1.79 1.1100279 1.11 1.11 1.11 1.11 0.43 0.43 0.43 0.43 0.43 1.25 1.25 1.25 1.25 1.25 0.54146221 0.54 0.54 0.54 0.8 0.8 0.8 0.39006459 0.39 0.39 
1.32 1.32 1.3194977 1.2600007 1.2600001 1.2600685 1.33 1.33 1.33 1.33 1.35 1.35 1.35 1.35 1.35 1.09 1.09 1.09 0.97000003 0.97 0.97 0.97 0.82 0.82 0.82 0.82 0.82 0.82020552 1.1096216 1.11 1.11 1.11 1.109848 0.37330984 0.4299413 0.43 0.43 0.43 1.25 1.25 1.25 1.25 1.25 0.54 0.54 0.54 0.54 0.66158108 0.8 0.78022314 0.78 0.69 0.69 
1.32 1.32 1.2600076 1.26 1.26 1.26 1.2777797 1.33 1.33 1.33 1.35 1.35 1.35 1.35 1.35 1.0901957 1.09 0.97003518 0.97 0.97 0.97 0.97 0.87556847 0.82 0.82 0.82 0.82 0.81951114 0.13 0.13 0.13 0.13 0.13 0.33 0.33 0.33 0.33 0.33 0.55 0.55 0.55 0.55 0.55000001 0.540586 0.54000012 0.54 0.54004068 0.54492967 0.78 0.78 0.78 0.6900005 0.69 
1.319999 0.76111271 1.2599999 1.26 1.26 1.26 1.26 1.3299702 1.33 1.33 1.35 1.35 1.35 1.35 0.88066145 0.87 0.87 0.96999743 0.97 0.97 0.97 0.97 0.96999994 0.82 0.82 0.82 0.82 -0.33999952 -0.33999978 -0.23997258 0.13 0.13 0.13 0.33 0.33 0.33 0.33 0.32981036 0.55 0.55 0.55 0.55 0.55000919 0.78 0.78 0.78 0.78 0.78 0.78 0.78 0.78 0.78000014 1.0052872 
0.75 0.75 0.84869344 1.26 1.26 1.26 1.26 1.26 1.3299694 1.02 1.02 1.02 1.0207832 0.87000069 0.87 0.87 0.87 0.87 0.96999772 0.95051123 0.78 0.78 0.78 0.78555121 0.73436108 0.27612345 -0.11059053 -0.34 -0.34 -0.34 -0.34 -0.34 -0.32095472 0.047643102 0.05 0.05 0.05 0.05 0.57254226 0.66999978 0.67 0.67 0.67 0.84999979 0.78000002 0.78 0.78 1.27 0.78000785 0.78 0.78 1.01 1.01 
0.75 0.75 0.78 0.78 0.78 1.2598401 1.26 1.26 1.02 1.02 1.02 1.02 1.02 0.87000001 0.87 0.87 0.87 0.87 0.78 0.78 0.78 0.78 0.78 -0.24999995 -0.25 -0.25 -0.25 -0.34 -0.34 -0.34 -0.34 -0.34 -0.16 -0.16 0.049999999 0.05 0.05 0.3699455 0.37 0.67 0.67 0.67 0.67000005 0.85 0.85 0.85 1.27 1.27 1.27 1.14 1.14 1.01 1.01 
0.75 0.75 0.78 0.78 0.78 0.78 0.78000071 0.91 1.0198964 1.02 1.02 1.02 1.02 0.87187111 0.87 0.87 0.87 0.87 0.78 0.78 0.78 0.78 0.78 -0.25 -0.25 -0.25 -0.25 -0.25000039 -0.34 -0.34 -0.34 -0.16000944 -0.16 -0.16 -0.16 0.05 0.37 0.37 0.37 0.37789356 0.96505296 1.02 1.02 0.85 0.85 0.85 1.27 1.27 1.27 1.14 1.14 1.14 0.62054197 
0.81 0.80999953 0.78 0.78 0.78 0.78 0.91 0.91 0.91 1.02 1.02 1.02 1.02 1.0199534 0.87 0.87 0.87 0.87 0.78000115 0.78 0.78 0.77999998 -0.068572148 -0.25 -0.25 -0.25 -0.25 -0.57999973 -0.58 -0.58 -0.34256912 -0.16 -0.16 -0.16 -0.15999968 0.17 0.37 0.37 0.37 0.37000001 1.02 1.02 1.02 1.34 1.34 1.34 1.4699805 1.27 1.27 1.14 1.14 1.14 0.57999933 
0.81 0.81 0.78 0.78 0.78 0.91 0.91 0.91 0.91 1.0079431 1.02 1.02 1.02 1.0199988 0.73001611 0.73 0.73 0.73 -0.049700391 -0.34 -0.34 -0.34 -0.34 -0.25 -0.25 -0.25 -0.25002177 -0.58 -0.58 -0.58 -0.58 -0.15998276 0.025615454 0.17 0.17 0.17 0.37067127 0.54999625 0.55 0.55 1.0202193 1.3 1.3 1.34 1.34 1.3400006 1.47 1.47 0.83 0.83 0.83 0.31 0.34 
0.81 0.81 0.47 0.47 0.47 0.91 0.91 0.91 0.91 1.05 1.05 1.05 1.05 1.0274489 0.73 0.73 0.73 0.73 -0.04 -0.34 -0.34 -0.34 -0.34 -0.22 -0.22000001 -0.24999996 -0.58 -0.58 -0.58 -0.58 -0.33698788 -0.1 0.1378737 0.17 0.17 0.17 0.55 0.55 0.55 0.55 1.3 1.3 1.3 1.3899716 1.39 1.4696404 1.47 1.47 0.82999754 0.83 0.31 0.31 0.34 
0.81 0.47 0.47 0.47 0.47 0.47 0.90836979 0.7 0.7 1.05 1.05 1.05 1.05 1.0499242 0.73 0.73 0.73 0.69520896 -0.04 -0.04 -0.34 -0.34 -0.22 -0.22 -0.22 -0.22 -0.58 -0.58 -0.58 -0.58 -0.1 -0.1 -0.1 0.16972678 0.17 0.17 0.55 0.55 0.55 0.55 1.3 1.3 1.3 1.39 1.39 1.3899858 1.14 1.14 0.24 0.24 0.31 0.31 0.34 
0.47319302 0.47 0.47 0.47 0.47 0.47 0.7 0.7 0.7 0.88733463 1.05 1.05 1.05 1.0499909 0.73 0.73 0.73 -0.04 -0.04 -0.04 -0.33998501 -0.33999927 -0.22 -0.22 -0.22 -0.22 -0.57997441 -0.58 -0.58 -0.10011039 -0.1 -0.1 -0.1 -0.1 0.16914764 0.03 0.03 0.038999504 0.55 0.55 1.2999993 1.3 1.3873832 1.39 1.39 1.1400001 1.14 1.14 0.24 0.24 0.14 0.14 0.69 
0.47 0.47 0.47 0.47 0.47 0.47 0.7 0.7 0.7 0.7 0.65001152 0.65 0.65 0.65 0.72999798 0.28770317 0.04 0.04 -0.03985252 -0.04 -0.040000059 -0.22000017 -0.22 -0.22 -0.22 -0.22 -0.22026174 -0.58 -0.57998359 -0.1 -0.1 -0.1 -0.1 -0.1 0.03 0.03 0.03 0.03 0.03 0.030002894 0.47 0.47 0.4700002 1.07 1.07 1.07 0.46 0.46 0.19 0.19 0.14 0.1400012 0.69 
0.47 0.47 0.47 0.47 0.47 0.47 0.7 0.7 0.7 0.65 0.65 0.65 0.65 0.65 0.48920546 0.04 0.04 0.04 0.04 0.04 0.036180263 -0.22 -0.22 -0.22 -0.22 -0.23004832 -0.53949856 -0.57455131 -0.10236711 -0.1 -0.1 -0.1 -0.1 -0.099999715 0.03 0.03 0.03 0.03 0.03 0.23468698 0.47 0.47 0.47 1.07 1.07 1.07 0.46 0.46 0.19 0.19 0.72999999 0.69220637 0.69 
0.47 0.47 0.47 0.47 0.47 0.47000007 0.69999995 0.7 0.69792472 0.65 0.65 0.65 0.65 0.65 0.62074064 0.04 0.04 0.04 0.04 0.04 0.04 -0.4892549 -0.53999955 -0.54 -0.54 -0.54 -0.54 -0.54 -0.81542641 -0.81999147 -0.81999998 -0.82 -0.82 -0.81999939 0.03 0.03 0.03 0.03 0.03 0.46999995 0.47 0.47 0.47 0.47000027 1.0693747 0.68 0.46000002 0.62705902 0.19038553 0.73 0.73 0.73706746 1.07 
0.47 0.47 0.47 0.47 0.47 0.47001469 0.69998759 0.69999697 0.65000006 0.65 0.65 0.65 0.65 0.65 0.638393 0.04 0.04 0.04 0.04 0.04 0.04 -0.54 -0.54 -0.54 -0.54 -0.54 -0.54 -0.54 -0.81992271 -0.82 -0.82 -0.82 -0.82 -0.82 -0.58710008 0.03 0.03 0.03 0.03 0.47 0.47 0.47 0.47 0.4700538 0.68 0.68 0.67968662 0.63 0.63 0.73 0.73 1.07 1.07 
0.47 0.47 0.47 0.47 0.47 0.47030674 0.69972557 0.65564217 0.65 0.65 0.65 0.65 0.65 0.65 0.6393209 0.04 0.04 0.04 0.04 0.04 -0.042581461 -0.54 -0.54 -0.54 -0.54 -0.54 -0.54 -0.54 -0.81999888 -0.82 -0.82 -0.82 -0.82 -0.82 -0.82 -0.064419106 -0.21113668 -0.29137199 -0.30358188 0.42307657 0.46999998 0.47 0.47 0.67998323 0.68 0.67808986 0.36000129 0.63 0.63 0.50991277 0.51 0.51 1.0699997 
0.47 0.47 0.47 0.47 0.47000023 0.47191809 0.69406578 0.65001375 0.65 0.65 0.65 0.65 0.65 0.65 0.63575556 0.040000001 0.04 0.04 0.04 0.039999997 -0.5399975 -0.54 -0.54 -0.54 -0.54 -0.54 -0.54 -0.54 -0.81999992 -0.82 -0.82 -0.82 -0.82 -0.82 -0.8199999 -0.31 -0.31 -0.31 -0.31 -0.26 -0.26 -0.26 -0.26 0.36000093 0.36 0.36 0.36 0.35999735 0.11 0.11 0.51 0.51 -0.58187817 
0.47 0.47 0.47 0.47000002 0.47000642 0.47622145 0.65303415 0.65000065 0.65 0.65 0.65 0.65 0.65 0.65 0.62929284 0.04000025 0.04 0.04 0.04 0.036509234 -0.54 -0.54 -0.54 -0.54 -0.54 -0.54 -0.54 -0.54 -0.81999994 -0.82 -0.82 -0.82 -0.82 -0.82 -0.31000047 -0.31 -0.31 -0.31 -0.31 -0.26 -0.26 -0.26 -0.26 -0.092664666 0.36 0.36 0.36 0.1100028 0.11 0.11 -1.07 -1.07 -1.07 
0.47 0.47 0.47000001 0.47000052 0.47006283 0.49104864 0.65013906 0.65000016 0.65 0.65 0.65 0.65 0.65 0.64999996 0.62053833 0.040014345 0.04 0.04 0.039999335 -0.52824828 -0.54 -0.54 -0.54 -0.54 -0.54 -0.54 -0.54 -0.54 -0.81999974 -0.82 -0.82 -0.82 -0.82 -1.0688938 -0.31000026 -0.31 -0.31 -0.31 -0.31 -0.26 -0.26 -0.26 -0.26 -0.26 0.36 0.36 0.36 0.11 0.11 0.11 -1.07 -1.07 -1.07 
0.47 0.47000002 0.47000022 0.47000615 0.47036379 0.57697605 0.65001855 0.6500001 0.65 0.65 0.65 0.65 0.65 0.64999885 0.61012994 0.040222778 0.040000013 0.03999998 0.036997059 -0.53995068 -0.54 -0.54 -0.54 -0.54 -0.54 -0.54 -0.54 -0.54000016 -0.81999825 -0.82 -0.82000024 -1.1301099 -1.16 -1.16 -1.16 -0.31 -0.31 -0.31 -0.31 -0.26 -0.26 -0.26 -0.26 -0.26 0.35998901 0.36 0.35999988 0.11000002 0.11 0.10999936 -1.07 -1.07 -1.07 
