interpolatedSpi/02-06|23_2.tif
NCOLS 53
NROWS 52
XLLCORNER -116.03883
YLLCORNER 28.596182
DX 0.49850594
DY 0.49788537
NODATA_VALUE -9999
[rows 0 to 30 of 52, columns 0 to 52 of 53]
-0.31666667 -0.31666667 -0.93972508 -1.0533333 -0.49666667 -0.41833333 -0.57333333 -0.35666667 -0.91191412 -0.54 -0.44833333 -0.49166667 -0.69666255 -0.64666667 -0.57666667 -0.57666667 -0.57666667 -0.60833333 -0.87166667 -0.87166667 -0.87166667 -0.8716602 -0.20000001 -1.12 -1.12 -1.12 -0.51333294 -0.51333333 -0.51333333 -1.2233333 -1.2233333 -1.2233333 -1.2233333 -2.3333331 -2.3333333 -2.3333333 -2.3333333 -2.3333333 -2.3333333 -2.3333333 0.1664081 0.19290437 -1.49 -1.49 -1.49 -1.49 -1.4895372 -1.2066667 -1.2066667 -1.2066667 -0.32500183 -0.325 -0.325
-0.31669747 -1.01 -0.93833299 -0.87899155 -0.8932167 -0.615 -0.855 -0.84137321 -0.83833333 -0.83666667 -0.60666667 -0.69666667 -0.69666667 -0.6699222 -0.64666633 -0.57666667 -0.60833333 -0.60833333 -0.87132332 -0.87166667 -0.87166667 -0.87166667 -1.1101744 -1.12 -1.12 -1.12 -1.24 -1.24 -1.2233333 -1.2233333 -1.2233333 -1.2233333 -1.2233333 -2.3333332 -2.3333333 -2.3333333 -2.3333333 -2.3333333 -2.3333333 -2.1016351 -0.91675437 -1.4204309 -1.49 -1.49 -1.49 -1.49 -1.49 -1.2066667 -1.2066667 -1.2066667 -1.133558 -0.325 -0.325
-0.06002786 -0.06 -0.63833333 -0.62833333 -0.86166667 -0.64 -1.1 -0.48166667 -1.205 -1.2816667 -1.0633333 -1.0716667 -1.2583333 -0.56166667 -0.67 -1.66 -0.60833333 -0.60833333 -0.60833333 -0.56342297 -0.56333333 -0.56333333 -0.93333333 -1.12 -1.12 -1.12 -1.24 -1.24 -1.24 -1.2233333 -1.2233333 -1.2233333 -1.3372647 -2.3306399 -2.3242737 -1.3689191 -1.36 -1.36 -1.3042404 -0.91666667 -0.91666667 -0.91739982 -1.49 -1.49 -1.49 -1.49 -1.49 -1.2066667 -1.2066667 -1.2066667 -1.2066667 -0.325 -0.325
0.36 -0.060000101 -0.56181398 -0.375 -1.09 -0.89666667 -0.91333333 -1.245 -0.94333333 -0.99048473 -1.3033333 -1.1 -1.1266667 -0.56166667 -1.2166667 -1.66 -1.0149731 -1.0097186 -1.0033333 -0.56333333 -0.56333333 -1.2916667 -0.93333333 -0.93333333 -1.12 -1.1200006 -1.24 -1.24 -1.24 -1.015 -1.2591616 -1.46 -1.46 -1.4599999 -1.36 -1.36 -1.36 -1.36 -0.91666667 -0.91666667 -0.91666667 -0.91666669 -1.49 -1.49 -1.49 -1.49 -1.49 -1.2066702 -1.2066667 -1.2066667 -1.2066667 -0.32502983 -0.325
0.36 0.034998906 -0.56166667 -1.2478317 -1.09 -1.365 -1.3100504 -1.9333333 -1.8933333 -1.2883336 -1.2474327 -1.2249351 -0.77166667 -1.2166667 -1.2166667 -1.5030878 -1.01 -1.01 -1.0033333 -1.0033333 -0.56333478 -1.2916667 -0.975 -0.31833333 -0.87833333 -0.87826989 -1.24 -1.24 -1.015 -1.015 -1.46 -1.46 -1.46 -1.4398854 -1.36 -1.36 -1.36 -0.91666667 -0.91666667 -0.91666667 -0.91666667 -0.9166583 -1.49 -1.49 -1.49 -1.49 -1.49 -1.487478 -1.2066667 -1.2066681 -1.2383333 -1.2383333 -1.2383333
-1.2483333 -0.575 -0.5733333 -0.93666667 -0.96333333 -1.1433333 -1.6133333 -1.6543025 -1.3166667 -1.6216667 -1.6816667 -1.315 -1.3149996 -1 -1 -0.5433619 -0.54333333 -0.85333333 -0.85333333 -1.0033328 -1.2366667 -1.2366667 -0.31833333 -0.87833333 -0.87833333 -0.60666667 -1.3116667 -1.3116667 -0.64836792 -1.015 -1.46 -1.46 -1.3533333 -1.3532874 -0.91336494 -1.2633333 -1.2633333 -1.0239159 -0.91666667 -0.91666667 -0.83010809 -0.83 -0.82999901 -1.0954239 -1.0883777 -1.0883334 -1.0883333 -1.0883335 -1.1405972 -1.2383333 -1.2383333 -1.2383333 -1.2383333
-0.37834042 -0.25333333 -0.66540076 -0.74166667 -0.59 -1.085 -1.055 -1.5316667 -1.855 -1.855 -1.6816667 -1.4316667 -1.3899999 -1 -0.66166768 -0.66166667 -0.54333333 -0.58 -0.39 -0.39 -1.0670113 -0.87666667 -0.87666667 -0.695 -0.60666667 -0.60666667 -1.3116667 -1.3116667 -0.64838976 -0.64937228 -0.73605556 -1.3533333 -1.3533333 -0.91333333 -0.91333333 -1.1970688 -1.2633333 -1.2633333 -1.4533267 -0.83000087 -0.83 -0.83 -0.82999513 -1.0883334 -1.0883333 -1.0883333 -1.0883333 -1.0883334 -1.1216667 -1.2383102 -1.2383333 -1.2383333 -1.2383333
-0.37833333 -1.0616667 -0.40166667 -1.38 -1.0550186 -1.0583333 -1.3566667 -1.8066667 -1.0166667 -1.39 -1.39 -1.1533333 -1.39 -1.39 -0.66666371 -0.84988977 -0.86833333 -0.44333333 -0.23166683 -0.39 -0.20788605 -0.11166667 -1.1266667 -0.040000005 -0.040012038 -0.97333333 -0.81833333 -0.81833351 -1.6132735 -1.6166666 -0.73333333 -0.8701757 -0.94833333 -0.91333333 -0.9140939 -1.1416667 -1.1416667 -1.4533333 -1.4533333 -0.83 -0.83 -0.82999999 -1.1054952 -1.1083333 -1.0883333 -1.0883333 -1.0883333 -1.1216654 -1.1216667 -1.1216667 -1.2383333 -1.2383333 -1.2383333
-1.0798725 -1.0616667 -0.27833333 -1.1966667 -1.1583333 -1.8433333 -1.24 -0.85833333 -1.2783333 -0.69620388 -0.50833333 -1.2033333 -1.2033333 -0.64333333 -0.64333172 -1.3420095 -1.3433333 -1.3433333 -0.4110221 -1.1233334 -1.245 -1.245 -1.4366667 -1.2488326 -0.87927798 -0.97333333 -1.06 -0.81833333 -0.61949553 -0.61833333 -0.84833333 -0.84 -0.78627753 -1.0516667 -0.94 -1.015 -1.0383333 -1.4266667 -0.99353343 -0.82812522 -0.41 -0.69166667 -1.10824 -1.1083333 -1.1082208 -1.0883333 -1.8883333 -1.1216667 -1.1216667 -1.1216667 -1.1216667 -1.048252 -0.013333333
-1.1816667 -1.1816667 -0.43666667 -0.87333333 -1.6516667 -1.3783333 -0.85 -1.06 -0.72833333 -0.54832798 -0.79666667 -0.23833333 -0.64333333 -0.64333333 -0.47166667 -0.48362197 -1.3433333 -1.3431195 -0.38333333 -1.1233333 -1.1233333 -1.1390081 -1.4366667 -0.82001168 -0.82 -0.82 -1.06 -0.78 -0.78 -0.61833333 -0.61833333 -0.83979769 -0.73333333 -1.0516667 -0.865 -1.015 -1.0383333 -1.7283333 -0.99333333 -0.5522661 -0.69166665 -0.63411683 -0.535 -1.1083333 -1.1083333 -1.8883333 -1.8883333 -1.8883333 -1.1216667 -1.1216667 0.28833333 0.28833333 0.28833322
-1.1816667 -1.1816667 -1.5466667 -1.6183333 -1.3783333 -0.77666667 -1.5833333 -0.6823314 -0.93833333 -1.1966667 -0.705 -0.21833333 -0.23830731 -0.47166667 -0.47166667 -0.47168032 -0.59 -0.57915316 -0.38333333 -0.36833333 -0.36833333 -0.30833333 -0.30833333 -0.82 -0.82 -0.82 -0.78 -0.78 -0.78 -0.83833333 -0.83833333 -0.83833316 -0.61833333 -0.61833333 -1.4283333 -1.3183333 -0.35 -1.0400035 -0.69 -0.545 -0.545 -0.75333262 -0.535 -1.1083333 -0.23333392 -0.8 -0.27033183 -0.26333334 0.005 0.005 0.28833333 0.28833333 0.28833333
-1.1816667 -1.3393142 -1.5772494 -1.7983161 -0.845 -1.26 -1.5833333 -0.68166667 -0.93833119 -1.1938046 -0.21833461 -0.21833333 0.125 -0.47166667 -0.47166667 -0.59 -0.59 -0.58998824 -0.38333333 -0.36833333 -0.35655055 -0.30833333 -0.30833333 -0.81997901 -0.82 -0.6430393 -0.28166667 -0.28166667 -0.28166673 -0.83833333 -0.83833333 -0.063333333 -0.063333333 -0.61833555 -1.4283333 -0.28666713 -0.52665646 -1.04 -1.04 -0.54500001 -0.75333333 -0.75333333 -0.75332954 -0.23333333 -0.23333333 -0.8 -0.26333333 -0.26333333 0.005 0.005 0.28833333 0.28833333 0.28833333
-0.60166667 -0.78111559 -0.71503362 -0.72283614 -0.84500225 -1.2599902 -1.5833333 -0.69276567 -0.92064638 -0.9450791 0.125 0.125 0.125 0.125 -0.47158214 -0.59 -0.59 -0.5873316 -0.38333333 -0.36819601 0.10666667 0.10666667 0.10666667 0.10666667 -0.80387188 -0.28166667 -0.28166667 -0.28166667 -0.28166667 -0.28188582 -0.063333333 -0.063333333 -0.063333333 -0.063333333 -0.28666667 -0.28666667 -0.28666667 -1.004157 -1.033591 -0.18666667 -0.18666667 -0.75330285 -0.14333641 -0.23332466 -0.23333333 -0.8 -0.26333333 -0.26333333 0.0050000031 0.005 0.28730543 0.28833333 -0.4276757
-0.60166667 -0.715 -0.715 -0.715 -0.715 -0.71500023 -1.5825056 -1.1567315 -0.87345927 0.12384845 0.125 0.125 0.125 0.125 0.12500016 -0.59 -0.58999997 -0.57582408 -0.38333463 0.10666667 0.10666667 0.10666667 0.10666667 0.10666667 0.10817835 -0.013841313 0.099999921 0.1 0.1 0.1 -0.063333325 -0.063333333 -0.063332686 0.475 0.475 -0.28666667 0.43761617 0.45833333 -0.18666629 -0.18666667 -0.18666667 -0.18666667 -0.14333333 -0.14333333 -0.14333333 -0.14790313 0.49988949 0.505 0.505 0.505 0.50499999 0.26000001 0.26
-0.98 -0.715 -0.715 -0.715 -0.715 -0.715 -0.71500005 -0.92567614 0.34688536 0.35333333 0.35333333 0.35333333 0.35333333 0.35333333 0.35333333 0.28300496 -0.5761487 -0.5617002 0.10660499 0.10666667 0.10666667 0.10666667 0.10666667 0.10666682 0.17666667 0.17666667 0.17666656 0.1 0.1 0.10083435 0.51666667 0.51666667 0.475 0.475 0.475 0.46100324 0.45833333 0.45833333 0.45833333 -0.18666667 -0.18666667 -0.18666667 -0.14333333 -0.14333333 -0.14333333 -0.14333333 0.505 0.505 0.505 0.505 0.505 0.26 0.26
-0.98 -0.88134351 -0.715 -0.715 -0.715 -0.715 0.18815604 0.18833333 0.18833334 0.35333333 0.35333333 0.35333333 0.35333333 0.35333333 0.33752317 0.28166667 0.28166667 0.28166667 0.23959408 0.23999986 0.24 0.24 0.24 0.24 0.17666667 0.17666667 0.17666667 0.17666667 0.1 0.51666667 0.51666667 0.51666667 0.475 0.475 0.475 0.66333333 0.45860476 0.45833333 0.45833333 -0.18665741 -0.16871642 -0.12684599 -0.14333333 -0.14333333 0.58773689 0.59 0.59 0.50516731 0.60631139 0.60666666 0.60666665 0.6432753 0.26000078
-0.98 -0.20959523 -0.44848242 -0.715 -0.715 0.1877996 0.18833333 0.18833333 0.18833333 0.18952237 0.35333333 0.35333333 0.35333333 0.35333332 0.28166667 0.28166667 0.28166667 0.28166667 0.24003722 0.24 0.24 0.24 0.24 0.24 0.17666667 0.17666667 0.17666667 0.17666667 0.17790336 0.51666667 0.51666667 0.51666667 0.48 0.47501928 0.66333333 0.66333333 0.66333333 0.66040504 -0.089616114 -0.12666667 -0.12666667 -0.12666667 0.44166667 0.44166667 0.59 0.59 0.59 0.60666667 0.60666667 0.60666667 0.60666667 0.64333333 0.64333333
-0.18875429 -0.18833333 -0.18833333 -0.18833333 0.40166667 0.18833884 0.18833333 0.18833333 0.18833333 0.18833333 0.31346029 0.35332647 0.35333332 0.28166667 0.28166667 0.28166667 0.28166667 0.28166667 0.29954825 0.24 0.24 0.24 0.24 0.24 0.29356268 0.42833197 0.42833333 0.42833333 0.42833333 0.51666666 0.48 0.48 0.48 0.48 0.66333333 0.66332635 0.39833333 0.39833333 -0.12011126 -0.12666667 -0.12666667 -0.12666667 0.44166667 0.44166667 0.56703289 0.59 0.59 0.60666667 0.60666667 0.60666667 0.60705983 0.64333333 0.64333333
-0.18833333 -0.18833333 -0.18833333 0.089506468 0.40166667 0.40166667 0.18833333 0.18833333 0.18833333 0.18833333 -0.17333333 -0.17333333 -0.17333333 0.28166667 0.28166667 0.28166667 0.28166667 0.28168374 0.61666667 0.61666667 0.24000015 0.24 0.25026581 0.66166667 0.65956607 0.42833333 0.42833333 0.42833333 0.42833333 0.47999474 0.48 0.48 0.48 0.48 0.39833426 0.39833333 0.39833333 0.39833333 0.39646702 -0.12666667 -0.12666667 -0.12666667 0.44166667 0.44166667 0.44166667 0.59 0.59 0.60666667 0.60666667 0.60666667 0.64333333 0.64333333 0.64333333
-0.18833333 -0.18833333 -0.18833333 0.40166667 0.40166667 0.40166667 0.40166634 0.18833333 0.18833333 -0.17295999 -0.17333333 -0.17333333 -0.17333333 -0.17304985 0.36530698 0.385 0.385 0.385 0.61666667 0.61666667 0.61666667 0.66166667 0.66166667 0.66166667 0.66168301 0.58131959 0.42833333 0.42833333 0.42833333 0.35958506 0.33334776 0.33333333 0.33333333 0.33333333 0.25499362 0.053334117 0.053333333 0.053333333 0.053333333 0.68655538 0.68666667 0.68666667 0.44166667 0.44166667 0.96999779 0.96999992 0.74 0.74 0.70166667 0.70166667 0.70166667 0.64333333 0.49180228
-0.18833253 -0.18833333 -0.18833331 0.40166667 0.40166667 0.40166667 0.40166667 0.35499995 0.18899973 -0.17316105 -0.17333333 -0.17333333 -0.17333333 -0.17223773 0.385 0.385 0.385 0.38500007 0.61666667 0.61666667 0.61666667 0.66166667 0.66166667 0.66166667 0.72 0.72 0.83833333 0.83833333 0.83833333 0.8355784 0.33333333 0.33333333 0.33333333 0.33333333 0.19341022 0.053333333 0.053333333 0.053333333 0.053333333 0.68666667 0.68666667 0.68666667 0.69558142 0.97 0.97 0.97 0.74 0.74 0.70166667 0.70166667 0.70166667 0.49166667 0.49166667
0.07 -0.04711956 -0.046666667 -0.046536597 0.40166667 0.35527001 0.355 0.355 0.45338223 0.016666681 0.016666667 0.016666667 0.016666667 0.84497303 0.845 0.38500035 0.385 0.39110408 0.61666667 0.61666667 0.61666667 0.6 0.6 0.6 0.72 0.72 0.83833333 0.83833333 0.83833333 0.83833317 0.60833159 0.60833256 0.34024505 0.33362815 0.10692587 0.10666667 0.10666667 0.10666667 0.10666667 0.68666667 0.68666667 0.68666667 0.95439869 0.97 0.97 0.96999991 0.74 0.74 0.73999862 0.70166667 0.70164774 0.27833333 0.49166667
0.18331181 0.18333329 -0.046666667 -0.046666667 -0.046666667 0.355 0.355 0.355 0.625 0.625 0.016666667 0.016666667 0.016666667 0.845 0.845 0.845 0.845 0.84497291 0.61666667 0.61666667 0.61666667 0.6 0.6 0.6 0.72 0.72 0.83833333 0.83833333 0.83833333 0.6109266 0.60833333 0.60833333 0.60833333 0.60833333 0.10691421 0.10666667 0.10666667 0.10666667 0.10666667 0.55000004 0.55 0.55 0.55 0.969996 0.44833333 0.44833333 0.44833333 0.048333333 0.048333333 0.048333333 0.27833333 0.27833333 0.27833333
0.18333333 0.18333333 -0.046666667 -0.046666667 -0.046666667 0.35288877 0.355 0.625 0.625 0.625 0.016741553 0.016666667 0.64312895 0.84499999 0.845 0.845 0.845 0.86333333 0.86333333 0.86333333 0.51 0.51000007 0.59999956 0.6 0.60013053 0.76333333 0.76333333 0.76333351 0.83832121 0.43336821 0.43333426 0.43336389 0.60803424 0.60818231 0.19590113 0.10666656 0.10577859 -0.15833333 -0.15833333 0.55 0.55 0.55 0.55 0.44833333 0.44833333 0.44833333 0.44833333 0.048333333 0.048333333 0.048333333 0.27833333 0.27833333 0.27833333
0.18333333 0.18333333 -0.046666667 -0.046666667 -0.046666667 -0.046666665 0.45605311 0.625 0.625 0.625 0.62508746 0.78333333 0.78333333 0.78333333 0.84463658 0.845 0.86321116 0.86333333 0.86333333 0.86333333 0.51 0.51 0.51 0.51 0.76333333 0.76333333 0.76333333 0.76333333 0.76333333 0.43333333 0.43333333 0.43333333 0.43333333 0.43333278 0.17 -0.15833333 -0.15833333 -0.15833333 -0.15833333 -0.15833211 0.115 0.115 0.115 0.15513573 0.23833333 0.23833333 0.23833333 0.048333339 0.048333034 -0.26 -0.26 0.093378339 0.093333333
0.18333333 0.18333333 0.036347183 -0.046666667 -0.046666667 -0.046666646 0.86124669 0.62574584 0.625 0.625 0.78333336 0.78333333 0.78333333 0.78333333 0.78333333 0.78839985 0.86333333 0.86333333 0.86333333 0.86333333 0.51000273 0.51 0.51 0.51 0.76333333 0.76333333 0.76333333 0.76333333 0.76333333 0.65871504 0.43333333 0.43333333 0.43333333 0.17 0.17 0.16974504 -0.15833333 -0.15833333 -0.46223373 -0.69833328 0.115 0.115 0.115 0.15340251 0.23833333 0.23833333 0.23833333 -0.185 -0.25906551 -0.26 -0.26 0.093333333 0.093333333
0.78333333 0.78333333 0.78333333 0.16143715 -0.045345917 0.86166667 0.86166667 0.86166667 0.86166667 0.89 0.89 0.78333334 0.78333333 0.78333333 0.78333333 0.78333839 0.86333333 0.86333333 0.86333333 0.86333333 0.6641832 0.51 0.51 0.51915965 0.85569554 0.76333333 0.76333333 0.76333333 0.73833333 0.73833333 0.73833333 0.73833205 0.17 0.17 0.17 0.17 -0.69833333 -0.69833333 -0.69833333 -0.69833333 -0.041666667 -0.041666667 -0.041666667 -0.10666536 -0.10666667 -0.10666667 -0.10666656 -0.185 -0.185 -0.25990862 -0.26 0.093331443 0.093333333
0.78333333 0.78333333 0.78333333 0.78333701 0.85166667 0.85312083 0.86166667 0.86166667 0.86166667 0.89 0.89 0.89 0.46833335 0.46833333 0.46833333 0.46833334 0.86301582 0.86333333 0.86333333 0.86333333 0.85799465 0.85999904 0.86 0.86 0.86 0.86 0.79666667 0.79666667 0.73833333 0.73833333 0.73833333 0.73833333 0.16999994 0.17 0.17 0.16999335 -0.69833333 -0.69833333 -0.69833333 -0.69777036 -0.041666667 -0.041666667 -0.041666667 -0.10666365 -0.10666667 -0.10666667 -0.10666667 -0.185 -0.185 -0.18500001 -0.28166667 -0.28166667 -0.26833333
0.78333333 0.78333333 0.78333333 0.85166651 0.85166667 0.85166667 0.86166666 0.86166667 0.86166667 0.89 0.89 0.89 0.46833333 0.46833333 0.46833333 0.48521537 0.69 0.69 0.69000045 0.8623543 0.86 0.86 0.86 0.86 0.86 0.85995234 0.79666667 0.79666667 0.79666667 0.73833333 0.73833333 0.73805656 0.088333333 0.088333333 0.088333333 -0.53333333 -0.53333333 -0.57 -0.57 -0.57 -0.055 -0.041670849 -0.041669005 -0.355 -0.355 -0.34558845 -0.10666746 -0.185 -0.185 -0.28166667 -0.28166667 -0.28166667 -0.26833333
0.78333333 0.78333333 0.78333333 0.85166667 0.85166667 0.85166667 0.85166667 0.86166667 0.86166667 0.89 0.89 0.48519392 0.46833333 0.46833333 0.46833333 0.69 0.69 0.69 0.69 0.69 0.86 0.86 0.86 0.86 0.86 0.79666688 0.79666667 0.79666667 0.79666667 0.30833333 0.30833333 0.30833333 0.088333333 0.088333333 0.088333333 -0.53333333 -0.53333333 -0.57 -0.57 -0.055 -0.055 -0.055 -0.355 -0.355 -0.355 -0.355 -0.37389389 -0.585 -0.585 -0.585 -0.28166667 -0.22666667 -0.22666667
0.78333333 0.78333333 0.78342849 0.85166667 0.85166667 0.85166667 0.85166667 0.86594684 0.86666667 0.86670673 0.88999999 0.46835567 0.46833333 0.46833333 0.4683341 0.69 0.69 0.69 0.69 0.69 0.53393326 0.86 0.86 0.86 0.8599159 0.79664726 0.79666667 0.79666667 0.79666667 0.30833333 0.30833333 0.30833333 0.30829919 0.088333333 -0.53333333 -0.53333333 -0.53333333 -0.5333349 -0.56996488 -0.055 -0.055 -0.055 -0.35498179 -0.355 -0.355 -0.355 -0.58500227 -0.585 -0.585 -0.585 -0.22666667 -0.22666667 -0.22666667
