interpolatedSpi/02-02|20_3.tif
NCOLS 53
NROWS 52
XLLCORNER -116.03883
YLLCORNER 28.596182
DX 0.49850594
DY 0.49788537
NODATA_VALUE -9999
0.555 0.555 0.052260682 0.06 0.405 0.03 -0.035 -0.355 -0.53880849 -0.685 -1.27 -0.925 -1.2449177 -0.245 -0.725 -0.725 -0.725 0.22 -0.49 -0.49 -0.49 -0.49000438 -0.945 -1.355 -1.355 -1.355 -0.6199967 -0.62 -0.62 -1.04 -1.04 -1.04 -1.04 -1.7499999 -1.75 -1.75 -1.75 -1.75 -1.75 -1.75 -0.98820509 -0.98038943 -2.51 -2.51 -2.51 -2.51 -2.51 -2.51 -2.51 -2.51 -0.60500396 -0.605 -0.605 
0.55499978 0.55 -0.24499913 -0.07659765 0.46934981 0.02 0.28 -0.28502392 -0.655 -0.865 -0.805 -1.245 -1.245 -0.61376625 -0.24500871 -0.725 0.22 0.22 -0.48907426 -0.49 -0.49 -0.49 -1.3513154 -1.355 -1.355 -1.355 -1.345 -1.345 -1.04 -1.04 -1.04 -1.04 -1.04 -1.7499999 -1.75 -1.75 -1.75 -1.75 -1.7499999 -1.6065851 -1.0049632 -2.3273795 -2.51 -2.51 -2.51 -2.51 -2.51 -2.51 -2.51 -2.51 -2.3520356 -0.605 -0.605 
1.7399421 1.74 0.51 0.93 0.115 -0.165 -0.175 -0.52 -0.59 -0.65 -0.23 -0.98 -1.055 -0.53 -0.615 -1.39 0.22 0.22 0.22 -0.79491134 -0.795 -0.795 -1.285 -1.355 -1.355 -1.355 -1.345 -1.345 -1.345 -1.04 -1.04 -1.04 -1.037593 -1.7456969 -1.732827 0.078093397 0.095 0.095 -0.04335101 -1.005 -1.005 -1.0069245 -2.51 -2.51 -2.51 -2.51 -2.51 -2.51 -2.51 -2.51 -2.51 -0.605 -0.605 
0.135 1.7399997 0.2299257 0.52 -0.07 0.065 -0.685 -0.86 -0.805 -0.66126031 -1.16 -1.04 -0.96 -0.53 -1.225 -1.39 -1.3006886 -1.298935 -1.535 -0.795 -0.795 -2.195 -1.285 -1.285 -1.355 -1.355 -1.345 -1.345 -1.345 -1.48 -1.2358384 -1.035 -1.035 -1.0349991 0.095 0.095 0.095 0.095 -1.005 -1.005 -1.005 -1.0050001 -2.51 -2.51 -2.51 -2.51 -2.51 -2.51 -2.51 -2.51 -2.51 -0.60503528 -0.605 
0.135 -0.29499904 0.23 -0.51586748 -0.07 -0.37 -0.85494306 -0.945 -1.295 -0.71000027 -1.1228306 -1.3149706 -1.11 -1.225 -1.225 -1.3339872 -1.3 -1.3 -1.535 -1.535 -0.7950028 -2.195 -3.48 -1.73 -1.5 -1.5001309 -1.345 -1.345 -1.48 -1.48 -1.035 -1.035 -1.035 -1.2122587 0.094999998 0.095 0.095 -1.005 -1.005 -1.005 -1.005 -1.004959 -2.51 -2.51 -2.51 -2.51 -2.51 -2.51 -2.51 -2.509963 -1.685 -1.685 -1.685 
-0.86 -0.155 0.93999999 -0.11 -0.245 0.015 -0.29 -0.37385876 -0.525 -0.86 -0.625 -0.635 -0.63500031 -0.345 -0.345 -0.49012193 -0.49 -1.375 -1.375 -1.5350001 -2.275 -2.275 -1.73 -1.5 -1.5 -2.06 -2.26 -2.26 -0.62507972 -1.48 -1.035 -1.035 -1.975 -1.9749577 -1.570029 -1.555 -1.555 -1.1751551 -1.005 -1.005 -0.58053007 -0.58 -0.57999885 -2.6377051 -2.6399856 -2.64 -2.64 -2.6399999 -2.3726065 -1.685 -1.685 -1.685 -1.685 
-1.5149874 0.785 -0.85645427 0.42 0.735 -0.265 -0.21 -0.335 -0.765 -0.765 -0.625 -0.355 -0.71500006 -0.345 -0.99499805 -0.995 -0.49 -1.055 -1.655 -1.655 -2.3433334 -2.42 -2.42 -2.12 -2.06 -2.06 -2.26 -2.26 -0.62509062 -0.62666839 -1.3675084 -1.975 -1.975 -1.57 -1.57 -1.1274576 -1.555 -1.555 -1.6249976 -0.58000145 -0.58 -0.58 -0.57999624 -2.6399967 -2.64 -2.64 -2.64 -2.6399999 -2.485 -1.6851585 -1.685 -1.685 -1.685 
-1.515 -1.88 -0.585 -0.39 -0.51499283 -0.28 -0.03 -1.12 -0.405 -0.75 -0.75 -0.98 -0.715 -0.715 -0.99307894 -1.1953665 -1.215 -0.655 -1.1050006 -1.655 -1.0965974 -1.01 -2.225 -1.185 -1.18501 -1.96 -2.175 -2.175 -2.1745511 -2.18 -1.365 -1.3979351 -1.48 -1.57 -1.5678609 -0.77 -0.77 -1.625 -1.625 -0.58 -0.58 -0.57999999 -2.0466504 -2.055 -2.64 -2.64 -2.64 -2.4850059 -2.485 -2.485 -1.685 -1.685 -1.685 
-1.7844192 -1.88 -2.38 -0.16 -0.67 -0.665 -0.645 -0.075 -0.14 0.48598852 0.445 0.044999998 0.045 -0.26 -0.25999624 -1.4543311 -1.455 -1.455 -0.72369321 -1.2050002 -2.03 -2.03 -1.875 -2.0870707 -1.8819005 -1.96 -2.12 -2.175 -1.3498231 -1.345 -1.375 -0.965 -1.1236524 -1.34 -1.495 -1.095 -0.935 -0.46 -0.79484531 -0.5776342 -0.05 -0.91 -2.0548763 -2.055 -2.0582927 -2.64 -2.19 -2.485 -2.485 -2.485 -2.485 -1.4409654 -1.55 
-1.25 -1.25 -2.5 -0.92 -0.85 -1.195 -0.485 -0.295 0.65 0.64496666 0.56 0.08 -0.26 -0.26 0.14 0.11812385 -1.455 -1.4548477 -0.86 -1.205 -1.205 -1.3112877 -1.875 -1.9449987 -1.945 -1.945 -2.12 -0.645 -0.645 -1.345 -1.345 -0.96559743 -1.28 -1.34 -1.69 -1.095 -0.935 -1.69 -0.795 0.14944122 -0.90999996 -1.0514257 -1.295 -2.055 -2.055 -2.19 -2.19 -2.19 -2.485 -2.485 0.275 0.275 0.27499932 
-1.25 -1.25 -2.625 -2.26 -1.49 -1.05 -1.13 0.22960532 -0.055 0.185 0.305 0.14 0.080079374 0.14 0.14 0.13997001 -0.12 -0.15883867 -0.86 0.02 0.02 -0.505 -0.505 -1.945 -1.945 -1.945 -0.645 -0.645 -0.645 -1.77 -1.77 -1.7699992 -1.515 -1.515 -1.55 -1.88 -0.635 -1.764998 -1.805 0.165 0.165 -1.0650008 -1.295 -2.055 -0.1450007 -0.605 0.040352841 0.049999994 0.595 0.595 0.275 0.275 0.275 
-1.25 -1.8436835 -2.4692415 -2.0849982 -2.37 -2.245 -1.13 0.23 -0.05499762 0.18234109 0.14000006 0.14 -0.035 0.14 0.14 -0.11999999 -0.12 -0.12004212 -0.86 0.02 -0.083099319 -0.505 -0.505 -1.9449415 -1.945 -1.4897234 -0.56 -0.56 -0.56000001 -1.77 -1.77 -1.46 -1.46 -1.5150001 -1.55 -0.37500023 -0.77931828 -1.765 -1.765 0.16499996 -1.065 -1.065 -1.0649934 -0.145 -0.145 -0.605 0.05 0.05 0.595 0.595 0.275 0.275 0.275 
0.365 -0.62936756 -0.46506724 -0.4767451 -2.369999 -2.245003 -1.13 0.21325918 -0.035360585 -0.04873296 -0.035 -0.035 -0.035 -0.035 0.13997521 -0.12 -0.12 -0.12955458 -0.86 0.020007438 0.065 0.065 0.065 0.065 -1.9098332 -0.56 -0.56 -0.56 -0.56 -0.56056475 -1.46 -1.46 -1.46 -1.46 -0.375 -0.375 -0.375 -1.6977103 -1.7454726 0.835 0.835 -1.0648978 0.68497159 -0.14492006 -0.145 -0.605 0.05 0.05 0.595 0.595 0.27616093 0.275 -0.77558719 
0.365 -0.465 -0.465 -0.465 -0.465 -0.46500075 -1.1328541 -0.48653561 0.017035561 -0.035015681 -0.035 -0.035 -0.035 -0.035 -0.035000676 -0.12 -0.12000012 -0.17075895 -0.85998669 0.065 0.065 0.065 0.065 0.065 0.065646092 -0.19805761 -0.050000105 -0.05 -0.05 -0.05 -1.46 -1.46 -1.4599976 0.56 0.56 -0.375 0.84996157 0.885 0.83500003 0.835 0.835 0.835 0.685 0.685 0.685 0.67602278 1.0632275 1.07 1.07 1.07 1.07 0.52999995 0.53 
0.195 -0.465 -0.465 -0.465 -0.465 -0.465 -0.46500005 -0.69330601 -0.96435594 -0.97 -0.97 -0.97 -0.97 -0.97 -0.96999999 -0.62208988 -0.12792122 -0.22133079 0.064883946 0.065 0.065 0.065 0.065 0.064999616 0.095 0.095 0.094999796 -0.05 -0.05 -0.049539438 0.18 0.18 0.56 0.56 0.56 0.83293869 0.885 0.885 0.885 0.835 0.835 0.835 0.685 0.685 0.685 0.685 1.07 1.07 1.07 1.07 1.07 0.53 0.53 
0.195 -0.050710501 -0.465 -0.465 -0.465 -0.465 -0.40001276 -0.4 -0.40000001 -0.97 -0.97 -0.97 -0.97 -0.97 -0.89168452 -0.615 -0.615 -0.615 -0.26399575 -0.26499966 -0.265 -0.265 -0.265 -0.265 0.095 0.095 0.095 0.095 -0.05 0.18 0.18 0.18 0.55999997 0.56 0.56 1.23 0.88545679 0.885 0.885 0.83492289 0.68092709 0.32153922 0.685 0.685 1.0139816 1.015 1.015 1.0699423 1.0351223 1.035 1.035 1.3048826 0.53000158 
0.195 -0.34995964 -0.4143954 -0.465 -0.465 -0.40003841 -0.4 -0.4 -0.4 -0.40410758 -0.97 -0.97 -0.97 -0.96999996 -0.615 -0.615 -0.615 -0.615 -0.26531265 -0.265 -0.265 -0.265 -0.265 -0.265 0.094999992 0.095 0.095 0.095 0.095309176 0.18 0.18 0.18 0.74999999 0.56007274 1.23 1.23 1.23 1.2229391 0.35577633 0.32 0.32 0.32 0.525 0.525 1.015 1.015 1.015 1.035 1.035 1.035 1.035 1.305 1.305 
-0.36441468 -0.365 -0.365 -0.365 -0.2 -0.39999484 -0.4 -0.4 -0.4 -0.4 -0.91965384 -0.96999133 -0.96999998 -0.615 -0.615 -0.615 -0.615 -0.615 -0.54747529 -0.265 -0.265 -0.265 -0.265 -0.265 0.12331678 0.47499794 0.475 0.475 0.475 0.18000003 0.74999999 0.75 0.75 0.75 1.23 1.2299831 0.59 0.59 0.32337135 0.32 0.32 0.32 0.525 0.525 0.93913113 1.015 1.015 1.035 1.035 1.035 1.0378951 1.305 1.305 
-0.365 -0.365 -0.365 -0.28729904 -0.2 -0.2 -0.4 -0.4 -0.4 -0.4 -0.305 -0.305 -0.305 -0.615 -0.615 -0.615 -0.615 -0.61491076 0.02 0.02 -0.26499988 -0.265 -0.2482014 0.425 0.42545013 0.475 0.475 0.475 0.475 0.749972 0.75 0.75 0.75 0.75 0.59000225 0.59 0.59 0.59 0.58906993 0.32 0.32 0.32 0.525 0.525 0.525 1.015 1.015 1.035 1.035 1.035 1.305 1.305 1.305 
-0.365 -0.365 -0.365 -0.2 -0.2 -0.2 -0.20000031 -0.4 -0.4 -0.30509807 -0.305 -0.305 -0.305 -0.30519314 -0.1779119 -0.075 -0.075 -0.075 0.02 0.02 0.02 0.425 0.425 0.425 0.42502801 0.50122622 0.475 0.475 0.475 0.55668909 0.52002262 0.52 0.52 0.52 0.73108576 0.92999923 0.93 0.93 0.93 0.65495416 0.655 0.655 0.525 0.525 0.8599986 0.85999987 0.48 0.48 0.72 0.72 0.72 1.305 0.95031741 
-0.36499963 -0.365 -0.36499999 -0.2 -0.2 -0.2 -0.2 -0.25000004 -0.39940024 -0.30491386 -0.305 -0.305 -0.305 -0.30454868 -0.075 -0.075 -0.075 -0.074999973 0.02 0.02 0.02 0.425 0.425 0.425 0.525 0.525 1.13 1.13 1.13 1.1266723 0.52 0.52 0.52 0.52 0.72488741 0.93 0.93 0.93 0.93 0.655 0.655 0.655 0.66145008 0.86 0.86 0.86 0.48 0.48 0.72 0.72 0.72 0.94999999 0.95 
-0.245 -0.29931444 -0.54 -0.53990136 -0.2 -0.2497107 -0.25 -0.25 -0.22995918 -0.21 -0.21 -0.21 -0.21 -0.085004069 -0.085 -0.075000008 -0.075 -0.07249689 0.02 0.02 0.02 0.255 0.255 0.255 0.525 0.525 1.13 1.13 1.13 1.1300001 1.2149956 1.214998 0.53746778 0.52074509 0.80967284 0.81 0.81 0.81 0.81 0.655 0.655 0.655 0.84871222 0.86 0.86 0.85999995 0.48 0.48 0.48000864 0.72 0.71997652 0.195 0.95 
0.14492594 0.14499988 -0.54 -0.54 -0.54 -0.25 -0.25 -0.25 -0.195 -0.195 -0.21 -0.21 -0.21 -0.085 -0.085 -0.085 -0.085 -0.08498831 0.02 0.02 0.020000009 0.255 0.255 0.255 0.525 0.525 1.13 1.13 1.13 1.2140416 1.215 1.215 1.215 1.215 0.81019984 0.81 0.81 0.81 0.81 0.89499994 0.895 0.895 0.895 0.85999801 0.6 0.6 0.6 0.08 0.08 0.08 0.195 0.195 0.195 
0.145 0.145 -0.54 -0.54 -0.54 -0.25152429 -0.25 -0.195 -0.195 -0.195 -0.20999815 -0.21 0.10050739 -0.084999942 -0.085 -0.085 -0.085 0.445 0.445 0.445 0.2 0.20000004 0.25499973 0.255 0.25480606 -0.2 -0.2 -0.19999683 1.1297851 0.89506377 0.8950017 0.89505587 1.2144531 1.2147238 0.88192436 0.80999997 0.80978217 0.745 0.745 0.895 0.895 0.895 0.895 0.6 0.6 0.6 0.6 0.08 0.08 0.08 0.195 0.195 0.195 
0.145 0.145 -0.54 -0.54 -0.54 -0.54 -0.22941511 -0.195 -0.195 -0.195 -0.19479838 0.17 0.17 0.17 -0.083497226 -0.085 0.44146821 0.445 0.445 0.445 0.2 0.2 0.2 0.2 -0.2 -0.2 -0.2 -0.2 -0.2 0.895 0.895 0.895 0.895 0.89500001 0.9 0.745 0.745 0.745 0.745 0.74499889 0.37 0.37 0.37 0.26261691 0.04 0.04 0.04 0.079999999 0.079999665 -0.265 -0.265 -0.044941614 -0.045 
0.145 0.145 -0.2927631 -0.54 -0.54 -0.53999999 -0.13510647 -0.19481091 -0.195 -0.195 0.16999997 0.17 0.17 0.17 0.17 0.14913938 0.445 0.445 0.445 0.445 0.2000019 0.2 0.2 0.2 -0.2 -0.2 -0.2 -0.2 -0.2 0.28536096 0.895 0.895 0.895 0.9 0.9 0.89987964 0.745 0.745 0.87443906 0.97499998 0.37 0.37 0.37 0.26402958 0.04 0.04 0.04 -0.095 -0.26288182 -0.265 -0.265 -0.045 -0.045 
-0.09 -0.09 -0.09 -0.42717263 -0.53909345 -0.135 -0.135 -0.135 -0.135 0.044999999 0.045 0.16999999 0.17 0.17 0.17 0.17001743 0.445 0.445 0.445 0.445 0.30691005 0.2 0.2 0.19476592 -0.0089057688 -0.2 -0.2 -0.2 0.07 0.07 0.07 0.070003463 0.9 0.9 0.9 0.9 0.975 0.975 0.975 0.975 -0.425 -0.425 -0.425 0.054990349 0.055 0.055 0.054999995 -0.095 -0.095 -0.26479286 -0.265 -0.04499995 -0.045 
-0.09 -0.09 -0.09 -0.089990845 0.08 0.048735467 -0.135 -0.135 -0.135 0.045 0.045 0.045 0.13 0.13 0.13 0.13 0.44411157 0.445 0.445 0.445 0.44127401 5.4904661e-07 2.3948367e-23 2.4843623e-40 -2.0804483e-33 -1.647076e-08 -0.525 -0.525 0.07 0.07 0.07 0.07 0.90000008 0.9 0.9 0.90000937 0.97499998 0.975 0.975 0.97252144 -0.425 -0.425 -0.425 0.054977741 0.055 0.055 0.055 -0.095 -0.095 -0.094999992 -0.035 -0.035 0.46 
-0.09 -0.09 -0.09 0.079999608 0.08 0.08 -0.13499992 -0.135 -0.135 0.045 0.045 0.045 0.13 0.13 0.13 0.11705288 -0.04 -0.04 -0.039998747 0.44226059 3.9055912e-10 2.278268e-26 3.5064397e-54 6.4578792e-129 -6.9536453e-50 -0.00039509013 -0.525 -0.525 -0.525 0.07 0.07 0.07034114 1.015 1.015 1.015 0.76 0.76 0.41 0.41 0.41 0.095 -0.42483689 -0.42499571 0.15 0.15 0.14639961 0.054999997 -0.094999999 -0.095 -0.035 -0.035 -0.035 0.46 
-0.09 -0.09 -0.09 0.08 0.08 0.08 0.08 -0.135 -0.135 0.045 0.045 0.12660123 0.13 0.13 0.13 -0.04 -0.04 -0.04 -0.04 -0.04 -6.4645868e-12 -3.9321827e-34 -1.8739785e-49 -4.0920262e-65 -1.0816943e-36 -0.52499821 -0.525 -0.525 -0.525 0.6 0.6 0.6 1.015 1.015 1.015 0.76 0.76 0.41 0.41 0.095 0.095 0.095 0.15 0.15 0.15 0.15 0.19394882 0.685 0.685 0.685 -0.034999979 1.065 1.065 
-0.09 -0.09 -0.089763267 0.08 0.08 0.08 0.08 0.29420265 0.305 0.30455362 0.045000007 0.13000796 0.13 0.13 0.12999941 -0.04 -0.04 -0.04 -0.04 -0.04 -0.071926659 -1.2583872e-14 -1.7227277e-20 -2.1637046e-17 -2.0596663e-06 -0.52497102 -0.525 -0.525 -0.525 0.6 0.6 0.6 0.60006248 1.015 0.76 0.76 0.76 0.75998575 0.40997852 0.095 0.095 0.095 0.14999666 0.15 0.15 0.15 0.68500135 0.685 0.685 0.685 1.065 1.065 1.065 
-0.185 -0.18499983 0.079901236 0.08 0.08 0.08 0.30495212 0.305 0.305 0.305 0.225 0.225 0.225 0.225 -0.038776938 -0.04 -0.04 -0.04 -0.04 -0.074999979 -0.075 -0.075 -0.0099999983 -0.01 -0.01 -0.01 -0.054451124 -0.525 0.91494102 0.915 0.915 0.915 0.915 0.975 0.975 0.975 0.975 0.975 0.635 0.635 0.635 0.635 0.635 0.82398249 0.825 0.825 0.825 0.685 0.685 0.685 1.0649401 1.065 1.065 
-0.185 -0.185 -0.17909732 0.51999912 0.5199999 0.5197901 0.305 0.305 0.305 0.305 0.225 0.225 0.225 0.225 0.225 -0.04 -0.04 -0.04 -0.074999991 -0.075 -0.075 -0.075 -0.01 -0.01 -0.01 -0.01 -0.01 -0.010108038 0.91509847 0.915 0.915 0.915 0.91503956 0.88996476 0.97491195 0.975 0.975 0.975 0.635 0.635 0.635 0.635 0.635 0.825 0.825 0.825 0.825 0.75953326 0.685 1.0014298 1.005 0.91 0.91 
-0.185 -0.185 0.5199107 0.52 0.52 0.52 0.46539091 0.305 0.305 0.305 0.225 0.225 0.225 0.225 0.225 -0.039794235 -0.04 -0.074989738 -0.075 -0.075 -0.075 -0.075 -0.034079671 -0.01 -0.01 -0.01 -0.01 -0.0091643312 1.17 1.17 1.17 1.17 1.17 0.825 0.825 0.825 0.825 0.825 0.695 0.695 0.695 0.695 0.695 0.82557379 0.82500012 0.825 0.82503983 0.82981905 1.005 1.005 1.005 0.91000053 0.91 
-0.18499867 0.52096289 0.52 0.52 0.52 0.52 0.52 0.30509154 0.305 0.305 0.225 0.225 0.225 0.225 0.42544667 0.43 0.43 -0.074987003 -0.075 -0.075 -0.075 -0.075 -0.074999881 -0.01 -0.01 -0.01 -0.01 1.0650001 1.065 1.0873466 1.17 1.17 1.17 0.825 0.825 0.825 0.825 0.8248747 0.695 0.695 0.695 0.695 0.69501073 1.06 1.06 1.06 1.06 1.0599956 1.005 1.005 1.005 1.0049997 0.51096461 
0.535 0.535 0.5403764 0.52 0.52 0.52 0.52 0.52 0.30509196 0.425 0.425 0.425 0.42452536 0.4299997 0.43 0.43 0.43 0.43 -0.074994484 -0.027816651 0.385 0.385 0.385 0.28653879 0.027617096 0.22889905 0.39908715 1.065 1.065 1.065 1.065 1.065 1.0628361 0.63904602 0.64 0.64 0.64 0.64 0.72129951 0.83499975 0.835 0.835 0.835 0.85000062 1.0599999 1.06 1.06 0.395 1.0049902 1.005 1.005 0.505 0.505 
0.535 0.535 0.59 0.59 0.59 0.52002332 0.52 0.52 0.425 0.425 0.425 0.425 0.425 0.43 0.43 0.43 0.43 0.43 0.385 0.385 0.385 0.385 0.385 0.46 0.46 0.46 0.46 1.065 1.065 1.065 1.065 1.065 0.555 0.555 0.64 0.64 0.64 0.90995402 0.91 0.835 0.835 0.835 0.83500002 0.85 0.85 0.85 0.395 0.395 0.395 0.445 0.445 0.505 0.505 
0.535 0.535 0.59 0.59 0.59 0.59 0.58999937 0.475 0.42504708 0.425 0.425 0.425 0.425 0.42993763 0.43 0.43 0.43 0.43 0.385 0.385 0.385 0.385 0.385 0.46 0.46 0.46 0.46 0.46000246 1.065 1.065 1.065 0.55502674 0.555 0.555 0.555 0.64 0.91 0.91 0.91 0.90802661 0.9445911 0.965 0.965 0.85 0.85 0.85 0.395 0.395 0.395 0.445 0.445 0.445 0.64991462 
0.235 0.23500235 0.59 0.59 0.59 0.59 0.475 0.475 0.475 0.425 0.425 0.425 0.425 0.42500155 0.43 0.43 0.43 0.43 0.38500081 0.385 0.385 0.385 0.4467886 0.46 0.46 0.46 0.46 0.60499988 0.605 0.60500001 1.0600439 0.555 0.555 0.555 0.55499995 0.505 0.91 0.91 0.91 0.91 0.965 0.965 0.965 0.565 0.565 0.565 0.14002483 0.395 0.395 0.445 0.445 0.445 0.66500046 
0.235 0.235 0.59 0.59 0.59 0.475 0.475 0.475 0.475 0.43048338 0.425 0.425 0.425 0.42500153 0.87494879 0.875 0.875 0.875 0.77816731 0.44 0.44 0.44 0.44 0.46 0.46 0.46 0.46000956 0.605 0.605 0.605 0.605 0.5550252 0.52687645 0.505 0.505 0.505 0.91027862 0.98499844 0.985 0.985 0.96463185 0.49500001 0.495 0.565 0.565 0.5649982 0.14 0.14 0.365 0.365 0.365 0.72 0.83 
0.235 0.235 0.515 0.515 0.515 0.475 0.475 0.475 0.475 0.51 0.51 0.51 0.51 0.5357224 0.875 0.875 0.875 0.875 0.79 0.44 0.44 0.44 0.44 0.27 0.27000008 0.45999972 0.605 0.605 0.605 0.605 0.68853542 0.77 0.53653137 0.505 0.505 0.505 0.985 0.985 0.985 0.985 0.495 0.495 0.495 0.1950946 0.195 0.14024722 0.14 0.14 0.36500046 0.365 0.72 0.72 0.83 
0.235 0.515 0.515 0.515 0.515 0.515 0.47725124 0.765 0.765 0.51 0.51 0.51 0.51 0.51008644 0.875 0.875 0.875 0.87115943 0.79 0.79 0.44 0.44 0.27 0.27 0.27 0.27 0.605 0.605 0.605 0.605 0.77 0.77 0.77 0.50526816 0.505 0.505 0.985 0.985 0.985 0.985 0.495 0.495 0.495 0.195 0.195 0.19500765 0.33 0.33 0.485 0.485 0.72 0.72 0.83 
0.51237045 0.515 0.515 0.515 0.515 0.515 0.765 0.765 0.765 0.62851334 0.51 0.51 0.51 0.51001007 0.875 0.875 0.875 0.79 0.79 0.79 0.44001749 0.43999896 0.27 0.27 0.27 0.27 0.60497619 0.605 0.605 0.76996205 0.77 0.77 0.77 0.77 0.50529104 0.265 0.265 0.27746085 0.985 0.985 0.49500043 0.495 0.20372256 0.195 0.195 0.32999995 0.33 0.33 0.485 0.485 1.395 1.395 1.695 
0.515 0.515 0.515 0.515 0.515 0.515 0.765 0.765 0.765 0.765 0.94998732 0.95 0.95 0.95 0.87500015 0.89102525 0.9 0.9 0.79020278 0.79 0.78999993 0.27000025 0.27 0.27 0.27 0.27 0.27024356 0.605 0.60500564 0.77 0.77 0.77 0.77 0.77 0.265 0.265 0.265 0.265 0.265 0.26500076 -0.52 -0.52 -0.51999974 0.24 0.24 0.24 0.59 0.59 1.175 1.175 1.395 1.3950007 1.695 
0.515 0.515 0.515 0.515 0.515 0.515 0.765 0.765 0.765 0.95 0.95 0.95 0.95 0.95 0.93682012 0.9 0.9 0.9 0.9 0.9 0.89474786 0.27 0.27 0.27 0.27 0.28491548 0.74425568 0.62406247 0.76918631 0.77 0.77 0.77 0.77 0.76999889 0.265 0.265 0.265 0.265 0.265 -0.10018018 -0.52 -0.52 -0.52 0.24 0.24 0.24 0.59 0.59 1.175 1.175 0.77000001 1.643973 1.695 
0.515 0.515 0.515 0.515 0.515 0.51500007 0.76499994 0.765 0.77267853 0.95 0.95 0.95 0.95 0.95 0.94760169 0.9 0.9 0.9 0.9 0.9 0.9 0.67286685 0.74499933 0.745 0.745 0.745 0.745 0.745 0.27701825 0.27000592 0.27000001 0.27 0.27 0.27 0.265 0.265 0.265 0.265 0.265 -0.51999991 -0.52 -0.52 -0.52 -0.51999966 0.23949499 -0.075 0.58999993 -0.073322565 1.173896 0.77 0.77 0.76802527 0.675 
0.515 0.515 0.515 0.515 0.515 0.51501597 0.76498652 0.76501119 0.94999977 0.95 0.95 0.95 0.95 0.95 0.94904861 0.9 0.9 0.9 0.9 0.9 0.9 0.745 0.745 0.745 0.745 0.745 0.745 0.745 0.27013112 0.27 0.27 0.27 0.27 0.27 0.26863 0.265 0.265 0.265 0.265 -0.52 -0.52 -0.52 -0.52 -0.519886 -0.075 -0.075 -0.075062675 -0.085 -0.085 0.77 0.77 0.675 0.675 
0.515 0.515 0.515 0.515 0.515 0.51533341 0.76470844 0.92912396 0.95 0.95 0.95 0.95 0.95 0.95 0.94912466 0.9 0.9 0.9 0.9 0.9 0.87793082 0.745 0.745 0.745 0.745 0.745 0.745 0.745 0.27000191 0.27 0.27 0.27 0.27 0.27 0.27 -0.016799696 -0.45486392 -0.69438992 -0.7308517 -0.55021097 -0.52000001 -0.52 -0.52 -0.075035535 -0.075 -0.079715663 -0.86499627 -0.085 -0.085 -0.36001635 -0.36 -0.36 0.67499954 
0.515 0.515 0.515 0.515 0.51500025 0.51708498 0.77924307 0.94994913 0.95 0.95 0.95 0.95 0.95 0.95 0.94883242 0.9 0.9 0.9 0.9 0.9 0.74500067 0.745 0.745 0.745 0.745 0.745 0.745 0.745 0.27000013 0.27 0.27 0.27 0.27 0.27 0.2699998 -0.75 -0.75 -0.75 -0.75 -0.99 -0.99 -0.99 -0.99 -0.86499771 -0.865 -0.865 -0.865 -0.86499509 -0.435 -0.435 -0.36 -0.36 -0.54920951 
0.515 0.515 0.515 0.51500002 0.51500698 0.52187114 0.93687782 0.94999758 0.95 0.95 0.95 0.95 0.95 0.95 0.94830269 0.90000002 0.9 0.9 0.9 0.89906712 0.745 0.745 0.745 0.745 0.745 0.745 0.745 0.745 0.27000011 0.27 0.27 0.27 0.27 0.27 -0.74999906 -0.75 -0.75 -0.75 -0.75 -0.99 -0.99 -0.99 -0.99 -0.95626304 -0.865 -0.865 -0.865 -0.43500481 -0.435 -0.435 -0.635 -0.635 -0.635 
0.515 0.515 0.51500001 0.51500057 0.51506888 0.54910284 0.94926069 0.94999939 0.95 0.95 0.95 0.95 0.95 0.95 0.94758511 0.90000118 0.9 0.9 0.89999982 0.74814055 0.745 0.745 0.745 0.745 0.745 0.745 0.745 0.745 0.27000044 0.27 0.27 0.27 0.27 -0.41079907 -0.74999997 -0.75 -0.75 -0.75 -0.75 -0.99 -0.99 -0.99 -0.99 -0.99 -0.865 -0.865 -0.865 -0.435 -0.435 -0.435 -0.635 -0.635 -0.635 
0.515 0.51500002 0.51500024 0.51500674 0.51546061 0.75982224 0.94986449 0.94999963 0.95 0.95 0.95 0.95 0.95 0.94999991 0.94673196 0.90001826 0.9 0.89999999 0.89919749 0.74501318 0.745 0.745 0.745 0.745 0.745 0.745 0.745 0.74499972 0.27000298 0.27 0.26999934 -0.57824168 -0.66 -0.66 -0.66 -0.75 -0.75 -0.75 -0.75 -0.99 -0.99 -0.99 -0.99 -0.99 -0.86500222 -0.865 -0.86499979 -0.43500003 -0.435 -0.43500011 -0.635 -0.635 -0.635 
