interpolatedSpi/02-04|22_1.tif
NCOLS 53
NROWS 52
XLLCORNER -116.03883
YLLCORNER 28.596182
DX 0.49850594
DY 0.49788537
NODATA_VALUE -9999
[rows 0 to 28 of 52, columns 0 to 52 of 53]
0.79333333 0.79333333 0.57234188 0.38666667 1.1733333 0.58333333 0.61666667 0.87666667 0.57082346 0.33 0.36666667 0.13 0.17334733 0.34333333 0.38666667 0.38666667 0.38666667 0.26333333 0.12666667 0.12666667 0.12666667 0.12666182 -0.37666666 -0.21 -0.21 -0.21 -0.23667053 -0.23666667 -0.23666667 -0.29 -0.29 -0.29 -0.29 0.11333325 0.11333333 0.11333333 0.11333333 0.11333333 0.11333333 0.11333332 -0.3285723 -0.33348991 -0.95 -0.95 -0.95 -0.95 -0.95076223 -1.4166667 -1.4166667 -1.4166667 1.0833281 1.0833333 1.0833333
0.79329231 -0.13 0.31999994 0.35421508 0.33665381 0.81666667 0.74 0.45010526 0.15666667 -0.06 -0.03 0.17333333 0.17333333 0.15396688 0.34333142 0.38666667 0.26333333 0.26333333 0.12684486 0.12666667 0.12666667 0.12666667 -0.20315718 -0.21 -0.21 -0.21 0.40666662 0.40666667 -0.29 -0.29 -0.29 -0.29 -0.29 0.11333327 0.11333333 0.11333333 0.11333333 0.11333333 0.11333339 0.29783626 1.2366001 -0.68466552 -0.95 -0.95 -0.95 -0.95 -0.95 -1.4166667 -1.4166667 -1.4166667 -1.2093643 1.0833333 1.0833333
0.59332839 0.59333333 0.26666667 0.75666667 0.02 -0.053333333 0.14333333 0.08 -0.37333333 -0.023333334 0.03 -0.26333333 0.036666667 0.25666667 0.15333333 -0.33666667 0.26333333 0.26333333 0.26333333 -0.11992829 -0.12 -0.12 -0.08 -0.21 -0.21 -0.21 0.40666667 0.40666667 0.40666667 -0.29 -0.29 -0.28999999 -0.19532465 0.11479844 0.12096578 0.92581929 0.93333333 0.93333333 0.97148467 1.2366667 1.2366667 1.2338705 -0.95 -0.95 -0.95 -0.95 -0.95 -1.4166667 -1.4166667 -1.4166667 -1.4166667 1.0833333 1.0833333
-1.8503717e-17 0.59333325 0.17998417 1.1366667 -0.043333333 -0.0033333333 -0.06 -0.35666667 0.10666667 0.14202994 -0.013333333 -0.063333333 -0.19666667 0.25666667 -0.06 -0.33666667 -0.40282327 -0.40286623 -0.016666667 -0.12 -0.12 -0.22666667 -0.08 -0.08 -0.21 -0.20999692 0.40666667 0.40666667 0.40666667 -0.14333333 -0.11589945 -0.093333333 -0.093333333 -0.093332527 0.93333333 0.93333333 0.93333333 0.93333333 1.2366667 1.2366667 1.2366667 1.2366666 -0.95 -0.95 -0.95 -0.95 -0.95 -1.4166608 -1.4166667 -1.4166667 -1.4166667 1.0833183 1.0833333
-2.4293994e-11 0.38666629 0.18 0.084010111 -0.043333333 -0.053333333 0.3999543 -0.01 -0.11333333 0.083333252 0.081690207 0.083349567 0.19666667 -0.06 -0.06 -0.24616459 -0.40333333 -0.40333333 -0.016666667 -0.016666667 -0.12000023 -0.22666667 -0.38333333 0.10333333 -0.096666667 -0.096717991 0.40666667 0.40666667 -0.14333333 -0.14333333 -0.093333333 -0.093333333 -0.093333333 -0.046189974 0.93333333 0.93333333 0.93333333 1.2366667 1.2366667 1.2366667 1.2366667 1.2367059 -0.94999996 -0.95 -0.95 -0.95 -0.95 -0.95415391 -1.4166667 -1.4165752 0.62333333 0.62333333 0.62333333
-1.7866667 -0.15 0.30000002 0.36 -0.24666667 0.10333333 -0.18333333 -0.1611417 0.13 -0.023333333 -0.12333333 0.10666667 0.10666673 0.13666667 0.13666667 0.023374377 0.023333333 0.06 0.06 -0.016666338 -0.35333333 -0.35333333 0.10333333 -0.096666667 -0.096666667 -0.31666667 -0.14 -0.14 -0.016678712 -0.14333333 -0.093333333 -0.093333333 0.15666667 0.1566914 0.39331654 0.91666667 0.91666667 1.1376674 1.2366667 1.2366667 1.6428261 1.6433333 1.643334 0.59555969 0.62315945 0.62333291 0.62333328 0.62333274 0.63655334 0.62333333 0.62333333 0.62333333 0.62333333
-0.27334499 -1.0833333 -1.1000977 -0.51 0.096666667 -0.61666667 -0.36999999 -0.69 -0.45333333 -0.45333333 -0.12333333 0.41333333 -0.2633332 0.13666667 0.19333316 0.19333333 0.023333333 0.47666667 0.35666667 0.35666667 -0.41931042 -0.49333333 -0.49333333 -0.33666666 -0.31666667 -0.31666667 -0.14 -0.14 -0.016690366 -0.017102987 0.53702808 0.15666667 0.15666667 0.39333333 0.39333333 1.0473803 0.91666667 0.91666667 1.39665 1.643333 1.6433333 1.6433333 1.6433364 0.62333581 0.62333333 0.62333333 0.62333333 0.62333339 0.71 0.62335051 0.62333333 0.62333333 0.62333333
-0.27333333 -0.066666667 -0.70333333 -1.2433333 -0.96334939 -0.55666667 -0.84666667 -0.69 -0.26666667 -0.44666667 -0.44666667 0.23 -0.26333333 -0.26333333 0.19020018 0.2236919 0.22666667 0.43333333 -0.15333281 0.35666667 0.01013187 0.093333333 -0.59666667 -0.043333336 -0.043336558 -0.29333333 -0.0066666661 -0.0066667138 -0.42190832 -0.42333331 0.54 -0.23919517 0.05 0.39333333 0.40825943 1.1566667 1.1566667 1.3966667 1.3966667 1.6433333 1.6433333 1.6433333 1.0709067 1.0666666 0.62333333 0.62333333 0.62333333 0.7099967 0.71 0.71 0.62333333 0.62333333 0.62333333
-0.23102517 -0.066666669 0.2 -0.54333333 -1.0933333 -1.1433333 -0.54666667 -0.40333333 -0.34666667 -0.11806788 0.033333333 -0.093333335 -0.093333333 0.15 0.14999436 -0.055876993 -0.056666667 -0.056666667 0.34377777 -0.60333339 -0.88666667 -0.88666666 0.49333333 -0.16711559 -0.26813993 -0.29333333 0.14666667 -0.0066666667 0.83508002 0.84 -0.32 0.61 0.45722335 0.35666667 0.91666667 0.95666667 1.3666667 0.72666667 1.5262973 1.6447766 1.9666667 1.6733333 1.0667025 1.0666667 1.0641713 0.62333333 0.15333336 0.71 0.71 0.71 0.71 0.70509322 0.64
-1.15 -1.15 -0.14666667 -0.27 -0.84666667 -1.2233333 -0.72666667 -1.01 -0.5 -0.060146553 -0.29 0.78666667 0.15 0.15 -0.45 -0.44460526 -0.056666667 -0.056724639 -0.32 -0.60333333 -0.60333333 -0.63983617 0.49333333 0.28333731 0.28333333 0.28333333 0.14666667 -0.11333333 -0.11333333 0.84 0.84 0.60942469 0.30666667 0.35666667 0.90666667 0.95666667 1.3666667 0.92666667 1.5266667 1.3922149 1.6733333 1.5312954 1.2866667 1.0666667 1.0666667 0.15333333 0.15333333 0.15333333 0.71 0.71 1.28 1.28 1.2799998
-1.15 -1.15 -0.026666667 -0.56666667 -1.0733333 -0.86666667 -1.2033333 -0.14745257 -0.58333333 -0.30666667 -0.56666667 -0.57333333 0.78485516 -0.45 -0.45 -0.44997501 -0.23333333 -0.23788201 -0.32 -0.16333333 -0.16333333 -0.48666667 -0.48666667 0.28333333 0.28333333 0.28333333 -0.11333333 -0.11333333 -0.11333333 0.32333333 0.32333333 0.32333331 0.84 0.84 0.68666667 0.71666667 1.3933333 1.2233342 1.3066667 1.39 1.39 1.0400008 1.2866667 1.0666667 0.76000026 1.0366667 1.3182944 1.3233333 1.6666667 1.6666667 1.28 1.28 1.28
-1.15 -0.66505327 -0.25710393 -0.8499891 -0.33666667 -1.1866667 -1.2033333 -0.14666667 -0.58332969 -0.3097318 -0.57333299 -0.57333333 -0.32666667 -0.45 -0.45 -0.23333334 -0.23333333 -0.23333827 -0.32 -0.16333333 -0.22682942 -0.48666667 -0.48666667 0.28330227 0.28333333 0.11568636 -0.22666667 -0.22666667 -0.22666665 0.32333333 0.32333333 -0.086666667 -0.086666667 0.83999958 0.68666667 0.9400001 1.3821082 1.2233333 1.2233333 1.39 1.04 1.04 1.039998 0.76 0.76 1.0366667 1.3233333 1.3233333 1.6666667 1.6666667 1.28 1.28 1.28
-0.3 -0.16265341 -0.16668103 -0.17161108 -0.3366711 -1.1866466 -1.2033333 -0.15967363 -0.55324253 -0.57610883 -0.32666667 -0.32666667 -0.32666667 -0.32666667 -0.44998253 -0.23333333 -0.23333333 -0.23445234 -0.32 -0.1634462 -0.55 -0.55 -0.55 -0.55 0.26880773 -0.22666667 -0.22666667 -0.22666667 -0.22666667 -0.22626194 -0.086666667 -0.086666667 -0.086666667 -0.086666667 0.94 0.94 0.94 1.2097886 1.2200788 0.79 0.79 1.0399866 1.0133247 0.7600244 0.76 1.0366667 1.3233333 1.3233333 1.6666667 1.6666667 1.2814028 1.28 2.1475522
-0.3 -0.16666667 -0.16666667 -0.16666667 -0.16666667 -0.16666709 -1.2032905 -0.70341464 -0.47296306 -0.32693614 -0.32666667 -0.32666667 -0.32666667 -0.32666667 -0.32666659 -0.23333334 -0.23333335 -0.23927808 -0.31999954 -0.55 -0.55 -0.55 -0.55 -0.55 -0.53717274 -0.022808272 0.076666604 0.076666667 0.076666667 0.076666667 -0.086666665 -0.086666667 -0.086666755 -0.16 -0.16 0.94 0.41825711 0.40333333 0.78999978 0.79 0.79 0.79 1.0133333 1.0133333 1.0133333 1.0134957 1.1113285 1.11 1.11 1.11 1.11 1.4233333 1.4233333
-0.22 -0.16666667 -0.16666667 -0.16666667 -0.16666667 -0.16666667 -0.16666673 -0.87005814 -0.22459651 -0.22333333 -0.22333333 -0.22333333 -0.22333333 -0.22333333 -0.22333333 0.0052712214 -0.22947946 -0.24520088 -0.54997105 -0.55 -0.55 -0.55 -0.55 -0.54999919 0.043333333 0.043333333 0.04333338 0.076666667 0.076666667 0.076606593 0.046666667 0.046666667 -0.16 -0.16 -0.16 0.31309349 0.40333333 0.40333333 0.40333333 0.79 0.79 0.79 1.0133333 1.0133333 1.0133333 1.0133333 1.11 1.11 1.11 1.11 1.11 1.4233333 1.4233333
-0.22 -0.20014461 -0.16666667 -0.16666667 -0.16666667 -0.16666667 -0.6565705 -0.65666667 -0.65666666 -0.22333333 -0.22333333 -0.22333333 -0.22333333 -0.22333333 -0.17185837 0.01 0.01 0.01 0.14786837 0.14999929 0.15 0.15 0.15 0.15 0.043333333 0.043333333 0.043333333 0.043333333 0.076666667 0.046666667 0.046666667 0.046666667 -0.15999998 -0.16 -0.16 0.47 0.4034216 0.40333333 0.40333333 0.78987453 0.53969384 -0.044166054 1.0133333 1.0133333 0.37198536 0.37 0.37 1.1090715 0.54863526 0.54666672 0.54666677 0.7900958 1.423332
-0.22 -0.57357507 -0.37751918 -0.16666667 -0.16666667 -0.65637715 -0.65666667 -0.65666667 -0.65666667 -0.65354394 -0.22333333 -0.22333333 -0.22333333 -0.22333331 0.01 0.01 0.01 0.01 0.14987494 0.15 0.15 0.15 0.15 0.15 0.043333336 0.043333333 0.043333333 0.043333333 0.043345455 0.046666667 0.046666667 0.046666667 -0.07333333 -0.15993382 0.47 0.47 0.47 0.4669904 -0.018171346 -0.046666667 -0.046666667 -0.046666667 0.14666667 0.14666667 0.37 0.37 0.37 0.54666666 0.54666667 0.54666667 0.54666667 0.79 0.79
-0.58300224 -0.58333333 -0.58333333 -0.58333334 -0.85 -0.65667165 -0.65666667 -0.65666667 -0.65666667 -0.65666667 -0.24781248 -0.22333755 -0.22333334 0.01 0.01 0.01 0.01 0.01 0.015714556 0.15 0.15 0.15 0.15 0.15 -0.12477325 -0.48666379 -0.48666667 -0.48666667 -0.48666667 0.046666661 -0.073333331 -0.073333333 -0.073333333 -0.073333333 0.47 0.4699928 0.19666667 0.19666667 -0.043628287 -0.046666667 -0.046666667 -0.046666667 0.14666667 0.14666667 0.33542031 0.37 0.37 0.54666667 0.54666667 0.54666667 0.54927583 0.79 0.79
-0.58333333 -0.58333333 -0.58333333 -0.70891064 -0.85 -0.85 -0.65666667 -0.65666667 -0.65666667 -0.65666667 -0.54666667 -0.54666667 -0.54666667 0.01 0.01 0.01 0.01 0.010015424 -0.073333333 -0.073333333 0.14999991 0.15 0.1422905 -0.16666667 -0.16954749 -0.48666667 -0.48666667 -0.48666667 -0.48666667 -0.073375421 -0.073333333 -0.073333333 -0.073333333 -0.073333333 0.19666763 0.19666667 0.19666667 0.19666667 0.19577366 -0.046666667 -0.046666667 -0.046666667 0.14666667 0.14666667 0.14666667 0.37 0.37 0.54666666 0.54666667 0.54666667 0.79 0.79 0.79
-0.58333333 -0.58333333 -0.58333333 -0.85 -0.85 -0.85 -0.8499997 -0.65666667 -0.65666667 -0.54678022 -0.54666667 -0.54666667 -0.54666667 -0.54631984 0.085546092 0.10333333 0.10333333 0.10333333 -0.073333333 -0.073333333 -0.073333333 -0.16666667 -0.16666667 -0.16666667 -0.16670495 -0.39050388 -0.48666667 -0.48666667 -0.48666667 -0.37833758 -0.43663093 -0.43666667 -0.43666667 -0.43666667 -0.072682419 -0.44999853 -0.45 -0.45 -0.45 -0.52660099 -0.52666667 -0.52666667 0.14666667 0.14666667 0.076666959 0.076666657 0.05 0.05 0.083333333 0.083333333 0.083333333 0.79 0.00070635588
-0.58333416 -0.58333333 -0.58333334 -0.85 -0.85 -0.85 -0.85 -1.0399999 -0.65819938 -0.54741325 -0.54666667 -0.54666667 -0.54666667 -0.54539119 0.10333333 0.10333333 0.10333333 0.10333328 -0.073333333 -0.073333333 -0.073333333 -0.16666667 -0.16666667 -0.16666667 -0.30333333 -0.30333333 -0.54333333 -0.54333333 -0.54333333 -0.54275143 -0.43666667 -0.43666667 -0.43666667 -0.43666667 -0.44332971 -0.45 -0.45 -0.45 -0.45 -0.52666667 -0.52666667 -0.52666667 -0.50768349 0.076666667 0.076666667 0.076666667 0.05 0.05 0.083333333 0.083333333 0.083333333 2.8131143e-09 -5.5511151e-17
-0.85 -0.73710214 -1.21 -1.2098956 -0.85 -1.0389007 -1.04 -1.04 -1.0715795 -1.37 -1.37 -1.37 -1.37 -0.0067110471 -0.0066666662 0.10333325 0.10333333 0.098678426 -0.073333333 -0.073333333 -0.073333333 -0.54666667 -0.54666667 -0.54666667 -0.30333333 -0.30333333 -0.54333333 -0.54333333 -0.54333333 -0.54333344 -0.69666501 -0.69666594 -0.44320138 -0.4369454 -0.69969885 -0.7 -0.7 -0.7 -0.7 -0.52666667 -0.52666667 -0.52666667 0.043445199 0.076666667 0.076666667 0.076666609 0.05 0.05 0.0500012 0.083333333 0.083330203 0.013333333 -5.5509686e-17
-0.8466673 -0.84666673 -1.21 -1.21 -1.21 -1.04 -1.04 -1.04 -1.1266667 -1.1266667 -1.37 -1.37 -1.37 -0.0066666667 -0.0066666667 -0.0066666667 -0.0066666667 -0.0066736459 -0.073333333 -0.073333333 -0.073333351 -0.54666667 -0.54666667 -0.54666667 -0.30333333 -0.30333333 -0.54333333 -0.54333333 -0.54333333 -0.69493782 -0.69666667 -0.69666667 -0.69666667 -0.69666667 -0.69999836 -0.7 -0.7 -0.7 -0.7 -0.59666665 -0.59666667 -0.59666667 -0.59666667 0.07666416 -0.25 -0.25 -0.25 0.043333333 0.043333333 0.043333333 0.013333333 0.013333333 0.013333333
-0.84666667 -0.84666667 -1.21 -1.21 -1.21 -1.0408936 -1.04 -1.1266667 -1.1266667 -1.1266667 -1.36997 -1.37 -1.0295314 -0.0066668829 -0.0066666667 -0.0066666667 -0.0066666667 -0.40666667 -0.40666667 -0.40666667 -0.36666667 -0.3666668 -0.54666579 -0.54666667 -0.54660822 -0.56333333 -0.56333333 -0.56333329 -0.54333657 -0.69666667 -0.69666667 -0.69666667 -0.69666667 -0.69666667 -0.69940717 -0.70000017 -0.70144103 -1.13 -1.13 -0.59666667 -0.59666667 -0.59666667 -0.59666667 -0.25 -0.25 -0.25 -0.25 0.043333333 0.043333333 0.043333333 0.013333333 0.013333333 0.013333333
-0.84666667 -0.84666667 -1.21 -1.21 -1.21 -1.21 -1.0724368 -1.1266667 -1.1266667 -1.1266667 -1.1265709 -0.95333333 -0.95333333 -0.95333333 -0.012245591 -0.0066666667 -0.40400117 -0.40666667 -0.40666667 -0.40666667 -0.36666667 -0.36666667 -0.36666667 -0.36666667 -0.56333333 -0.56333333 -0.56333333 -0.56333333 -0.56333333 -0.69666667 -0.69666667 -0.69666667 -0.69666667 -0.6966671 -0.90333333 -1.13 -1.13 -1.13 -1.13 -1.129998 -0.57666667 -0.57666667 -0.57666667 -0.42155358 -0.1 -0.1 -0.1 0.043333329 0.04333322 -0.073333333 -0.073333333 0.35658314 0.35666667
-0.84666667 -0.84666667 -1.0788622 -1.21 -1.21 -1.21 -1.0701006 -1.1264881 -1.1266667 -1.1266667 -0.95333333 -0.95333333 -0.95333333 -0.95333333 -0.95333333 -0.87565679 -0.40666667 -0.40666667 -0.40666667 -0.40666667 -0.36666698 -0.36666667 -0.36666667 -0.36666667 -0.56333333 -0.56333333 -0.56333333 -0.56333333 -0.56333333 -0.92820634 -0.69666667 -0.69666667 -0.69666667 -0.90333333 -0.90333333 -0.90350935 -1.13 -1.13 -0.8654941 -0.66000004 -0.57666667 -0.57666667 -0.57666667 -0.42423313 -0.1 -0.1 -0.1 -0.073333333 -0.073333333 -0.073333333 -0.073333333 0.35666667 0.35666667
-0.79 -0.79 -0.79 -1.1046945 -1.2093937 -1.07 -1.07 -1.07 -1.07 -0.92666667 -0.92666667 -0.95333333 -0.95333333 -0.95333333 -0.95333333 -0.95329867 -0.40666667 -0.40666667 -0.40666667 -0.40666667 -0.38412137 -0.36666667 -0.36666667 -0.3647475 -0.30535613 -0.56333333 -0.56333333 -0.56333333 -1.01 -1.01 -1.01 -1.0099987 -0.90333333 -0.90333333 -0.90333333 -0.90333333 -0.66 -0.66 -0.66 -0.66 -0.25 -0.25 -0.25 -0.29999899 -0.3 -0.3 -0.29999994 -0.073333333 -0.073333333 -0.073333333 -0.073333333 0.35666697 0.35666667
-0.79 -0.79 -0.79 -0.79000018 -0.79333333 -0.83356521 -1.07 -1.07 -1.07 -0.92666667 -0.92666667 -0.92666667 -0.50666669 -0.50666667 -0.50666667 -0.50666668 -0.40701471 -0.40666667 -0.40666667 -0.40666667 -0.40605612 -0.29333353 -0.29333333 -0.29333333 -0.29333333 -0.29333334 -0.45 -0.45 -1.01 -1.01 -1.01 -1.01 -0.90333329 -0.90333333 -0.90333333 -0.90332899 -0.66 -0.66 -0.66 -0.66001462 -0.25 -0.25 -0.25 -0.29999768 -0.3 -0.3 -0.3 -0.073333333 -0.073333333 -0.073333268 0.41666667 0.41666667 0.50333333
-0.79 -0.79 -0.79 -0.79333333 -0.79333333 -0.79333333 -1.0699999 -1.07 -1.07 -0.92666667 -0.92666667 -0.92666667 -0.50666667 -0.50666667 -0.50666667 -0.51352103 -0.59666667 -0.59666667 -0.59666618 -0.40773984 -0.29333333 -0.29333333 -0.29333333 -0.29333333 -0.29333333 -0.29345123 -0.45 -0.45 -0.45 -1.01 -1.01 -1.0100429 -0.85 -0.85 -0.85 -0.92 -0.92 -0.66333333 -0.66333333 -0.66333333 -0.46 -0.25006587 -0.24999873 -0.08 -0.08 -0.08833775 -0.29999903 -0.073333333 -0.073333333 0.41666667 0.41666667 0.41666667 0.50333333
