interpolatedSpi/02-01|21_1.tif
NCOLS 53
NROWS 52
XLLCORNER -116.03883
YLLCORNER 28.596182
DX 0.49850594
DY 0.49788537
NODATA_VALUE -9999
-0.24 -0.24 0.10194018 -0.44 -0.9 -0.64 -0.32 -0.36 -0.46492201 -0.54 0.17 0.1 -0.49987072 1.07 -0.06 -0.06 -0.06 0.11 0.34 0.34 0.34 0.33999181 -0.50999999 0.31 0.31 0.31 0.23001471 0.23 0.23 0.79 0.79 0.79 0.79 -1.8899995 -1.89 -1.89 -1.89 -1.89 -1.89 -1.8899999 3.1061843 3.1589452 -0.98 -0.98 -0.98 -0.98 -0.98207434 -2.25 -2.25 -2.25 0.56999414 0.57 0.57 
-0.24000933 -0.45 -0.41000095 -0.59925216 -0.86082651 -0.34 -0.61 -1.2301053 -1.68 -0.95 -0.89 -0.5 -0.5 -0.34526505 1.0699729 -0.06 0.11 0.11 0.33970011 0.34 0.34 0.34 0.27789137 0.31 0.31 0.31 -0.55999994 -0.56 0.79 0.79 0.79 0.79 0.79 -1.8899996 -1.89 -1.89 -1.89 -1.89 -1.8899999 -1.57578 0.009895725 -0.85987169 -0.98 -0.98 -0.98 -0.98 -0.98 -2.25 -2.25 -2.25 -2.0161629 0.57 0.57 
-1.0399869 -1.04 -1.23 -1.03 -1.19 -1.28 -1.41 -1.53 -1.49 -1.64 -0.8 -1.15 -1.03 -0.99 -0.35 -0.98 0.11 0.11 0.11 -0.039889533 -0.04 -0.04 -0.3 0.31 0.31 0.31 -0.56 -0.56 -0.56 0.79 0.79 0.7899999 -0.21131214 -1.8864428 -1.875852 -0.38392848 -0.37 -0.37 -0.32220601 0.0099999974 0.0099999998 0.008734039 -0.98 -0.98 -0.98 -0.98 -0.98 -2.25 -2.25 -2.25 -2.25 0.57 0.57 
-2.16 -1.0400002 -2.0698943 -0.6 -0.98 -1.29 -1.75 -1.89 -1.23 -1.2096122 -0.26 -1.64 -1.77 -0.99 -0.8 -0.98 -0.96015302 -0.9592503 -0.63 -0.04 -0.04 -1.05 -0.3 -0.3 0.31 0.30999565 -0.56 -0.56 -0.56 -0.92 -1.1230108 -1.29 -1.29 -1.2899993 -0.37 -0.37 -0.37 -0.37 0.01 0.01 0.01 0.0099999629 -0.98 -0.98 -0.98 -0.98 -0.98 -2.249984 -2.25 -2.25 -2.25 0.56995525 0.57 
-2.16 -2.1899998 -2.07 -1.5463318 -0.98 -1.56 -1.8199826 -1.42 -1.32 -0.35000064 -1.5146067 -2.0599413 -1.65 -0.8 -0.8 -0.92012345 -0.96 -0.96 -0.63 -0.63 -0.040001984 -1.05 -1.09 0.64 0.2 0.19983142 -0.56 -0.56 -0.92 -0.92 -1.29 -1.29 -1.29 -1.0486266 -0.37 -0.37 -0.37 0.01 0.01 0.01 0.01 0.0099913123 -0.97999999 -0.98 -0.98 -0.98 -0.98 -0.99130457 -2.25 -2.249935 -0.8 -0.8 -0.8 
-1.74 -2.18 -0.050000115 -0.97 -2.06 -1.05 -1.27 -1.2892043 -1.4 -1.72 -1.52 -1.63 -1.63 -0.53 -0.53 -0.62993964 -0.63 -0.21 -0.21 -0.63 -0.74 -0.74 0.64 0.2 0.2 -0.52 -0.48 -0.48 0.16990033 -0.92 -1.29 -1.29 -0.01 -0.010156731 -1.5098923 -0.59 -0.59 -0.1756237 0.01 0.01 -0.079887751 -0.08 -0.079999777 -0.6558254 -0.65003647 -0.65000009 -0.65000001 -0.65000013 -1.3472592 -0.8 -0.8 -0.8 -0.8 
-0.87999591 -2.03 -2.7078668 -1.25 -1.27 -2.01 -1.66 -1.86 -1.61 -1.61 -1.52 -1.11 -0.85999991 -0.53 -0.38000045 -0.38 -0.63 -0.4 -0.63 -0.63 -0.84839092 -0.97 -0.97 0.22 -0.52 -0.52 -0.48 -0.48 0.1699697 0.16944208 -0.55934919 -0.01 -0.01 -1.51 -1.51 -0.77517761 -0.59 -0.59 -0.040019064 -0.079999944 -0.08 -0.08 -0.079999697 -0.64999978 -0.65 -0.65 -0.65 -0.65000045 -1.41 -0.80012089 -0.8 -0.8 -0.8 
-0.88 0.39 -3.12 -2.1 -1.5300327 -1.3 -1.84 -1.54 -0.85 -1.69 -1.69 -0.48 -0.86 -0.86 -0.38329325 -0.56215139 -0.58 0.31 -0.81999981 -0.63 -0.18282559 -0.12 -0.81 -0.78 -0.78000735 -1.35 -0.64 -0.63999994 -0.34817785 -0.35 -0.56 -0.37379848 0.4 -1.51 -1.5108556 -0.93 -0.93 -0.040000003 -0.04 -0.08 -0.08 -0.079999998 -0.60733473 -0.61 -0.65 -0.65 -0.65 -1.4099711 -1.41 -1.41 -0.8 -0.8 -0.8 
0.26559326 0.38999998 -1.52 -2.41 -1.82 -1.91 -2.03 -2.39 -2.22 -2.3156925 -1.93 -1.26 -1.26 -0.93 -0.93000216 -0.77944258 -0.78 -0.78 0.13750375 -0.3700001 -0.86 -0.85999999 -0.73 -0.77847332 -1.292559 -1.35 0.59 -0.64 -0.27215007 -0.27 -0.59 -0.43 -0.71204193 -1.31 -1.54 -1.78 -1.79 -1.16 -1.9096537 -0.079508985 0.03 -0.25 -0.61000976 -0.61 -0.61022514 -0.65 -1.6299999 -1.41 -1.41 -1.41 -1.41 -0.78132389 -1.56 
-0.43 -0.43 -1.2 -3.05 -3.41 -2.61 -1.82 -2.3 -2.12 -2.340079 -1.99 0.11 -0.93 -0.93 -1.16 -1.1547881 -0.78 -0.78015707 -1.45 -0.37 -0.37 -0.43312845 -0.73 -0.90999659 -0.91 -0.91 0.59 -0.88 -0.88 -0.27 -0.27 -0.4310621 -0.99 -1.31 -2.41 -1.78 -1.79 -1.52 -1.91 -0.60155524 -0.24999999 -0.40428254 -0.67 -0.61 -0.61 -1.63 -1.63 -1.63 -1.41 -1.41 -0.65 -0.65 -0.65000034 
-0.43 -0.43 -0.95 -1.2 -1.54 -2.58 -2.12 -1.980187 -1.75 -1.87 -1.94 -1.38 0.10801483 -1.16 -1.16 -1.1600565 -1.65 -1.6395031 -1.45 -1 -1 -0.58 -0.58 -0.91 -0.91 -0.91 -0.88 -0.88 -0.88 -0.89 -0.89 -0.89000016 -1.54 -1.54 -0.81 -1.75 -1 -2.2099934 -1.6 -0.58 -0.58 0.60999579 -0.67 -0.61 -0.36000055 -1.04 -0.52478051 -0.52 -1.02 -1.02 -0.65 -0.65 -0.65 
-0.43 -0.65464157 -1.0566839 -1.7000133 -1.98 -1.98 -2.12 -1.98 -1.7500019 -1.8686705 -1.3800006 -1.38 -1.64 -1.16 -1.16 -1.65 -1.65 -1.6499886 -1.45 -1 -0.91752054 -0.58 -0.58 -0.90998733 -0.91 -0.95273354 -1.04 -1.04 -1.04 -0.89 -0.89 -0.67 -0.67 -1.539998 -0.81 -0.98000008 -1.0689521 -2.21 -2.21 -0.57999996 0.61 0.61 0.60999278 -0.36 -0.36 -1.04 -0.52 -0.52 -1.02 -1.02 -0.65 -0.65 -0.65 
0.24 -1.0164617 -1.0200066 -1.0249345 -1.9799998 -1.98 -2.12 -1.9817233 -1.7658494 -1.7531335 -1.64 -1.64 -1.64 -1.64 -1.160068 -1.65 -1.65 -1.6474177 -1.45 -1.0000694 -1.23 -1.23 -1.23 -1.23 -0.91552213 -1.04 -1.04 -1.04 -1.04 -1.0399125 -0.67 -0.67 -0.67 -0.67 -0.98 -0.98 -0.98 -2.1497834 -2.2003865 -0.93 -0.93 0.60991717 -0.36999966 -0.36000096 -0.36 -1.04 -0.52 -0.52 -1.02 -1.02 -0.65134232 -0.65 -1.8215159 
0.24 -1.02 -1.02 -1.02 -1.02 -1.0200004 -2.1196417 -2.0537274 -1.808134 -1.6401214 -1.64 -1.64 -1.64 -1.64 -1.6399995 -1.65 -1.65 -1.6362814 -1.4500021 -1.23 -1.23 -1.23 -1.23 -1.23 -1.2202717 -1.0151807 -1.04 -1.04 -1.04 -1.04 -0.67000001 -0.67 -0.6699994 -0.17 -0.17 -0.98 -0.67862057 -0.67 -0.92999985 -0.93 -0.93 -0.93 -0.37 -0.37 -0.37 -0.37466259 -0.94731027 -0.95 -0.95 -0.95 -0.95 -2.2699997 -2.27 
-0.75 -1.02 -1.02 -1.02 -1.02 -1.02 -1.0200001 -1.63274 -0.90479565 -0.9 -0.9 -0.9 -0.9 -0.9 -0.90000001 -0.92948279 -1.6385562 -1.6226131 -1.2300277 -1.23 -1.23 -1.23 -1.23 -1.2299988 -0.78 -0.78 -0.78000037 -1.04 -1.04 -1.03996 -1.02 -1.02 -0.17 -0.17 -0.17 -0.58990528 -0.67 -0.67 -0.67 -0.93 -0.93 -0.93 -0.37 -0.37 -0.37 -0.37 -0.94999999 -0.95 -0.95 -0.95 -0.95 -2.27 -2.27 
-0.75 -0.85051793 -1.02 -1.02 -1.02 -1.02 -0.50010206 -0.5 -0.50000001 -0.9 -0.9 -0.9 -0.9 -0.9 -0.90661821 -0.93 -0.93 -0.93 -0.23304598 -0.23000102 -0.23 -0.23 -0.23 -0.23 -0.78 -0.78 -0.78 -0.78 -1.04 -1.02 -1.02 -1.02 -0.17000008 -0.17 -0.17 -0.31 -0.66952335 -0.67 -0.67 -0.92986659 -0.66373807 -0.042660014 -0.37 -0.37 -0.13074065 -0.13 -0.13 -0.94925715 -0.50157255 -0.50000004 -0.50000009 -0.80022243 -2.269997 
-0.75 -0.38993704 -0.69613054 -1.02 -1.02 -0.50030724 -0.5 -0.5 -0.5 -0.50288251 -0.9 -0.9 -0.9 -0.9 -0.93 -0.93 -0.93 -0.93 -0.2306253 -0.23 -0.23 -0.23 -0.23 -0.23 -0.77999999 -0.78 -0.78 -0.78 -0.78087297 -1.02 -1.02 -1.02 -0.98 -0.17003379 -0.31 -0.31 -0.31 -0.30606947 -0.079879752 -0.04 -0.04 -0.04 -0.18 -0.18 -0.13 -0.13 -0.13 -0.5 -0.5 -0.5 -0.5 -0.8 -0.8 
-0.38012061 -0.38 -0.38 -0.38 -0.25 -0.49999355 -0.5 -0.5 -0.5 -0.5 -0.88334405 -0.89999713 -0.89999999 -0.93 -0.93 -0.93 -0.93 -0.93 -0.86691704 -0.23 -0.23 -0.23 -0.23 -0.23 -0.81539639 -1.339997 -1.34 -1.34 -1.34 -1.02 -0.98 -0.98 -0.98 -0.98 -0.31 -0.30999052 0.05 0.05 -0.038876216 -0.04 -0.04 -0.04 -0.18 -0.18 -0.13774172 -0.13 -0.13 -0.5 -0.5 -0.5 -0.50321678 -0.8 -0.8 
-0.38 -0.38 -0.38 -0.31878106 -0.25 -0.25 -0.5 -0.5 -0.5 -0.5 -0.68 -0.68 -0.68 -0.93 -0.93 -0.93 -0.93 -0.93004792 -0.8 -0.8 -0.23000023 -0.23 -0.24582476 -0.88 -0.88414118 -1.34 -1.34 -1.34 -1.34 -0.98003666 -0.98 -0.98 -0.98 -0.98 0.049998734 0.05 0.05 0.05 0.049706458 -0.04 -0.04 -0.04 -0.18 -0.18 -0.18 -0.13 -0.13 -0.49999998 -0.5 -0.5 -0.8 -0.8 -0.8 
-0.38 -0.38 -0.38 -0.25 -0.25 -0.25 -0.25000038 -0.5 -0.5 -0.67981419 -0.68 -0.68 -0.68 -0.68015577 -1.1647325 -1.22 -1.22 -1.22 -0.8 -0.8 -0.8 -0.88 -0.88 -0.88 -0.87991876 -0.94660677 -1.34 -1.34 -1.34 -0.74431409 -0.68002951 -0.68 -0.68 -0.68 0.21513024 0.44999909 0.45 0.45 0.45 0.61990969 0.62 0.62 -0.18 -0.18 0.22999829 0.23000001 0.25 0.25 0.14 0.14 0.14 -0.8 -0.32042918 
-0.3799982 -0.38 -0.38 -0.25 -0.25 -0.25 -0.25 -0.39000003 -0.49956018 -0.68000907 -0.68 -0.68 -0.68 -0.68105963 -1.22 -1.22 -1.22 -1.2199999 -0.8 -0.8 -0.8 -0.88 -0.88 -0.88 -0.59 -0.59 -0.89 -0.89 -0.89 -0.88885438 -0.68 -0.68 -0.68 -0.68 -0.11531024 0.45 0.45 0.45 0.45 0.62 0.62 0.62 0.60772911 0.23 0.23 0.23 0.25 0.25 0.14 0.14 0.14 -0.31999998 -0.32 
0.2 -0.093058559 -0.6 -0.59989846 -0.25 -0.38918996 -0.39 -0.39 -0.53939524 -0.69 -0.69 -0.69 -0.69 -1.0699876 -1.07 -1.2199999 -1.22 -1.2089336 -0.8 -0.8 -0.8 -0.54 -0.54 -0.54 -0.59 -0.59 -0.89 -0.89 -0.89 -0.88999919 0.21999428 0.21999747 -0.65737985 -0.67903514 0.49865733 0.5 0.5 0.5 0.5 0.62 0.62 0.62 0.25147474 0.23 0.23 0.22999999 0.25 0.25 0.24999604 0.14 0.13999732 0.08 -0.32 
-0.8398025 -0.83999996 -0.6 -0.6 -0.6 -0.39 -0.39 -0.39 -0.8 -0.8 -0.69 -0.69 -0.69 -1.07 -1.07 -1.07 -1.07 -1.0699706 -0.8 -0.8 -0.79999999 -0.54 -0.54 -0.54 -0.59 -0.59 -0.89 -0.89 -0.89 0.20748467 0.22 0.22 0.22 0.22 0.49986184 0.5 0.5 0.5 0.5 0.79999995 0.8 0.8 0.8 0.22999946 0.16 0.16 0.16 0.25 0.25 0.25 0.08 0.08 0.08 
-0.84 -0.84 -0.6 -0.6 -0.6 -0.3911038 -0.39 -0.8 -0.8 -0.8 -0.69001354 -0.69 -0.64914376 -1.0699999 -1.07 -1.07 -1.07 0.019999998 0.02 0.02 -0.27000001 -0.2700002 -0.53999868 -0.54 -0.54019189 -0.84 -0.84 -0.84000012 -0.88999192 0.3599721 0.35999925 0.35997556 0.22023927 0.22012082 0.45022293 0.50000024 0.50207776 1.12 1.12 0.8 0.8 0.8 0.8 0.16 0.16 0.16 0.16 0.25 0.25 0.25 0.08 0.08 0.08 
-0.84 -0.84 -0.6 -0.6 -0.6 -0.6 -0.54345102 -0.8 -0.8 -0.8 -0.79991162 -0.64 -0.64 -0.64 -1.0674659 -1.07 0.012736509 0.02 0.02 0.02 -0.27 -0.27 -0.27 -0.27 -0.84 -0.84 -0.84 -0.84 -0.84 0.36 0.36 0.36 0.36 0.36000061 0.65 1.12 1.12 1.12 1.12 1.1199996 1.05 1.05 1.05 0.83522526 0.39 0.39 0.39 0.25 0.25000027 0.53 0.53 0.53988809 0.54 
-0.84 -0.84 -0.68662315 -0.6 -0.6 -0.6 -0.67023069 -0.79959031 -0.8 -0.8 -0.63999999 -0.64 -0.64 -0.64 -0.64 -0.67514754 0.02 0.02 0.02 0.02 -0.26999776 -0.27 -0.27 -0.27 -0.84 -0.84 -0.84 -0.84 -0.84 0.31566261 0.36 0.36 0.36 0.65 0.65 0.65036497 1.12 1.12 1.435156 1.6799999 1.05 1.05 1.05 0.84036588 0.39 0.39 0.39 1.03 0.53622995 0.53 0.53 0.54 0.54 
-0.48 -0.48 -0.48 -0.5699127 -0.59974102 -0.67 -0.67 -0.67 -0.67 -0.6 -0.6 -0.64 -0.64 -0.64 -0.64 -0.63995816 0.02 0.02 0.02 0.02 -0.14345341 -0.27 -0.27 -0.28805759 -0.95465652 -0.84 -0.84 -0.84 0.3 0.3 0.3 0.30000025 0.65 0.65 0.65 0.65 1.68 1.68 1.68 1.68 1.03 1.03 1.03 1.0699992 1.07 1.07 1.0699998 1.03 1.03 0.53060922 0.53 0.5400003 0.54 
-0.48 -0.48 -0.48 -0.47999677 -0.42 -0.45635411 -0.67 -0.67 -0.67 -0.6 -0.6 -0.6 -0.25000002 -0.25 -0.25 -0.25000002 0.018626133 0.02 0.02 0.02 0.015564899 -0.95999811 -0.96 -0.96 -0.96 -0.95999997 -0.070000006 -0.07 0.3 0.3 0.3 0.3 0.65000023 0.65 0.65 0.65002606 1.68 1.68 1.68 1.6777627 1.03 1.03 1.03 1.0699981 1.07 1.07 1.07 1.03 1.03 1.0299999 0.6 0.6 0.8 
-0.48 -0.48 -0.48 -0.42000014 -0.42 -0.42 -0.66999991 -0.67 -0.67 -0.6 -0.6 -0.6 -0.25 -0.25 -0.25 -0.28655658 -0.73 -0.73 -0.72999806 0.015763796 -0.96 -0.96 -0.96 -0.96 -0.96 -0.95933023 -0.07 -0.07 -0.069999999 0.3 0.3 0.29994851 0.97 0.97 0.97 0.73 0.73 1.17 1.17 1.17 1.16 1.0300408 1.0300013 1.2 1.2 1.1950731 1.0700003 1.03 1.03 0.6 0.6 0.6 0.8 
-0.48 -0.48 -0.48 -0.42 -0.42 -0.42 -0.42 -0.67 -0.67 -0.6 -0.6 -0.26399495 -0.25 -0.25 -0.25 -0.73 -0.73 -0.73 -0.73 -0.73 -0.96 -0.96 -0.96 -0.96 -0.96 -0.070003036 -0.07 -0.07 -0.07 0.22 0.22 0.22 0.97 0.97 0.97 0.73 0.73 1.17 1.17 1.16 1.16 1.16 1.2 1.2 1.2 1.2 1.1786417 0.94 0.94 0.94 0.6 0.79 0.79 
-0.48 -0.48 -0.47991645 -0.42 -0.42 -0.42 -0.42 -0.30575859 -0.3 -0.30051506 -0.59999999 -0.25000419 -0.25 -0.25 -0.25000166 -0.73 -0.73 -0.73 -0.73 -0.73 0.20997791 -0.96 -0.96 -0.96 -0.95970341 -0.069969055 -0.07 -0.07 -0.07 0.22 0.22 0.22 0.22010834 0.97 0.73 0.73 0.73 0.7300184 1.1699993 1.16 1.16 1.16 1.1999976 1.2 1.2 1.2 0.94000704 0.94 0.94 0.94 0.79 0.79 0.79 
-0.01 -0.010000821 -0.42001708 -0.42 -0.42 -0.42 -0.30002553 -0.3 -0.3 -0.3 -0.3 -0.3 -0.3 -0.3 -0.72801538 -0.73 -0.73 -0.73 -0.73 0.25999941 0.26 0.26 0.47999976 0.48 0.48 0.48 0.43252793 -0.07 0.22998771 0.23 0.23 0.23 0.23 1.13 1.13 1.13 1.13 1.13 1.92 1.92 1.92 1.92 1.92 1.6393367 1.64 1.64 1.64 0.94 0.94 0.94 0.79002363 0.79 0.79 
-0.01 -0.01 -0.0076558222 0.26999861 0.26999985 0.26944386 -0.3 -0.3 -0.3 -0.3 -0.3 -0.3 -0.3 -0.3 -0.3 -0.73 -0.73 -0.73 0.25999975 0.26 0.26 0.26 0.48 0.48 0.48 0.48 0.48 0.47988337 0.22989188 0.23 0.23 0.23 0.22995656 1.2603874 1.130135 1.13 1.13 1.13 1.92 1.92 1.92 1.92 1.92 1.64 1.64 1.64 1.64 1.3126663 0.94 1.0191074 1.02 0.61 0.61 
-0.01 -0.01 0.26996453 0.27 0.27 0.27 0.1252224 -0.3 -0.3 -0.3 -0.3 -0.3 -0.3 -0.3 -0.3 -0.72966605 -0.73 0.25970974 0.26 0.26 0.26 0.26 0.39849957 0.48 0.48 0.48 0.48 0.47962483 -0.05 -0.05 -0.05 -0.05 -0.05 1.36 1.36 1.36 1.36 1.36 2 2 2 2 2 1.6397558 1.6399999 1.64 1.639983 1.6378711 1.02 1.02 1.02 0.6100023 0.61 
-0.010000037 -0.02961008 0.26999996 0.27 0.27 0.27 0.27 -0.2997573 -0.3 -0.3 -0.3 -0.3 -0.3 -0.3 0.032448138 0.04 0.04 0.25999434 0.26 0.26 0.26 0.26 0.25999998 0.48 0.48 0.48 0.48 0.43999954 0.43999977 0.33571609 -0.05 -0.05 -0.05 1.36 1.36 1.36 1.36 1.3599661 2 2 2 2 1.999964 1.54 1.54 1.54 1.54 1.5399581 1.02 1.02 1.02 1.0199995 0.2651546 
-0.03 -0.03 0.037292751 0.27 0.27 0.27 0.27 0.27 -0.29975555 0.27999999 0.28 0.28 0.27862354 0.039999511 0.04 0.04 0.04 0.04 0.25999832 0.24563985 0.12 0.12 0.12 0.21037809 0.45758982 0.33767716 0.23663156 0.44 0.44 0.44 0.44 0.44 0.42886634 1.3065207 1.31 1.31 1.31 1.31 1.9117086 1.5300008 1.53 1.53 1.53 0.57000284 1.5399997 1.54 1.54 0.2 1.0199869 1.02 1.02 0.26 0.26 
-0.03 -0.03 0.049999999 0.05 0.05 0.26992672 0.27 0.27 0.28 0.28 0.28 0.28 0.28 0.040000011 0.04 0.04 0.04 0.04 0.12 0.12 0.12 0.12 0.12 0.2 0.2 0.2 0.2 0.44 0.44 0.44 0.44 0.44 1 1 1.31 1.31 1.31 1.0300477 1.03 1.53 1.53 1.53 1.5299998 0.57 0.57 0.57 0.2 0.2 0.2 0.05 0.05 0.26 0.26 
-0.03 -0.03 0.05 0.05 0.05 0.05 0.050003074 0.61 0.28031071 0.28 0.28 0.28 0.28 0.042993782 0.04 0.04 0.04 0.04 0.12 0.12 0.12 0.12 0.12 0.2 0.2 0.2 0.2 0.200001 0.44 0.44 0.44 0.99997064 1 1 1 1.31 1.03 1.03 1.03 1.0431559 0.61112077 0.44 0.44 0.57 0.57 0.57 0.2 0.2 0.2 0.05 0.05 0.05 -0.084172214 
0.13 0.12999874 0.05 0.05 0.05 0.05 0.61 0.61 0.61 0.28 0.28 0.28 0.28 0.27992539 0.04 0.04 0.04 0.04 0.11999826 0.12 0.12 0.11999999 0.18588599 0.2 0.2 0.2 0.2 0.52999973 0.53 0.53 0.44098687 1 1 1 0.99999957 0.55000001 1.03 1.03 1.03 1.03 0.44 0.44 0.44 0.76 0.76 0.76 0.34998539 0.2 0.2 0.049999998 0.05 0.05 -0.12000081 
0.13 0.13 0.05 0.05 0.05 0.61 0.61 0.61 0.61 0.3161789 0.28 0.28 0.28 0.27999816 -0.19997238 -0.2 -0.2 -0.2 -0.7875883 -0.73 -0.73 -0.73 -0.73 0.2 0.2 0.2 0.20002177 0.53 0.53 0.53 0.53 0.99995809 0.74688802 0.55 0.55 0.55 1.0285052 0.63000833 0.63 0.63 0.44057963 1.18 1.18 0.76 0.76 0.75999826 0.35 0.35 -0.33 -0.33 -0.33 -0.22 -0.41 
0.13 0.13 1.12 1.12 1.12 0.61 0.61 0.61 0.61 0.46 0.46 0.46 0.46 0.41348825 -0.2 -0.2 -0.2 -0.2 -0.79 -0.73 -0.73 -0.73 -0.73 -0.05 -0.049999901 0.19999963 0.53 0.53 0.53 0.53 0.65150606 0.77 0.57617698 0.55 0.55 0.55 0.63 0.63 0.63 0.63 1.18 1.18 1.18 1.4499149 1.45 0.35494442 0.35 0.35 -0.32999912 -0.33 -0.22 -0.22 -0.41 
0.13 1.12 1.12 1.12 1.12 1.12 0.60813691 0.37 0.37 0.46 0.46 0.46 0.46 0.45984369 -0.2 -0.2 -0.2 -0.22665807 -0.79 -0.79 -0.73 -0.73 -0.05 -0.05 -0.05 -0.05 0.53 0.53 0.53 0.53 0.77 0.77 0.77 0.55022262 0.55 0.55 0.63 0.63 0.63 0.63 1.18 1.18 1.18 1.45 1.45 1.4499524 0.61 0.61 -0.2 -0.2 -0.22 -0.22 -0.41 
1.1107027 1.12 1.12 1.12 1.12 1.12 0.37 0.37 0.37 0.41817176 0.46 0.46 0.46 0.45999633 -0.2 -0.2 -0.2 -0.79 -0.79 -0.79 -0.730003 -0.72999585 -0.05 -0.05 -0.05 -0.05 0.52995877 0.53 0.53 0.76994481 0.77 0.77 0.77 0.77 0.55039953 0.46 0.46 0.46294215 0.63 0.63 1.1799995 1.18 1.4421497 1.45 1.45 0.6100003 0.61 0.61 -0.2 -0.2 -0.39 -0.39 -0.53 
1.12 1.12 1.12 1.12 1.12 1.12 0.37 0.37 0.37 0.37 0.43000086 0.43 0.43 0.43 -0.1999995 -0.23205049 -0.25 -0.25 -0.78900451 -0.79 -0.78999999 -0.050000988 -0.05 -0.05 -0.05 -0.05 -0.049578308 0.53 0.5300082 0.77 0.77 0.77 0.77 0.77 0.46 0.46 0.46 0.46 0.46 0.46000098 0.62 0.62 0.6199999 0.32 0.32 0.32 -0.29 -0.29 -0.66 -0.66 -0.39 -0.3900003 -0.53 
1.12 1.12 1.12 1.12 1.12 1.12 0.37 0.37 0.37 0.43 0.43 0.43 0.43 0.43 0.25075363 -0.25 -0.25 -0.25 -0.25 -0.25 -0.27578322 -0.050000006 -0.05 -0.05 -0.049999999 -0.039323657 0.28946722 0.49731956 0.76881645 0.77 0.77 0.77 0.77 0.76999932 0.46 0.46 0.46 0.46 0.46 0.53443163 0.62 0.62 0.62 0.32 0.32 0.32 -0.29 -0.29 -0.66 -0.66 -0.15000001 -0.50903756 -0.53 
1.12 1.12 1.12 1.12 1.12 1.1199998 0.37000017 0.37 0.37249033 0.43 0.43 0.43 0.43 0.43 0.39738301 -0.25 -0.25 -0.25 -0.25 -0.25 -0.25 0.23632266 0.28999952 0.29 0.29 0.29 0.29 0.29 0.64519305 0.65000142 0.65 0.65 0.65 0.64999986 0.46 0.46 0.46 0.46 0.46 0.61999998 0.62 0.62 0.62 0.61999987 0.3194549 -0.02 -0.28999997 -0.270346 -0.65965828 -0.15 -0.15 -0.15145507 -0.22 
1.12 1.12 1.12 1.12 1.12 1.1199521 0.37004045 0.37000363 0.42999992 0.43 0.43 0.43 0.43 0.43 0.41706105 -0.25 -0.25 -0.25 -0.25 -0.25 -0.25 0.29 0.29 0.29 0.29 0.29 0.29 0.29 0.64990062 0.65 0.65 0.65 0.65 0.65 0.59794002 0.46 0.46 0.46 0.46 0.62 0.62 0.62 0.62 0.61983605 -0.02 -0.02 -0.021566879 -0.27 -0.27 -0.15 -0.15 -0.22 -0.22 
1.12 1.12 1.12 1.12 1.12 1.1189998 0.37089197 0.42322939 0.43 0.43 0.43 0.43 0.43 0.43 0.41809543 -0.25 -0.25 -0.25 -0.25 -0.25 -0.17311381 0.29 0.29 0.29 0.29 0.29 0.29 0.29 0.64999856 0.65 0.65 0.65 0.65 0.65 0.65 0.28509492 0.013187914 -0.1354834 -0.15812214 0.5428656 0.61999997 0.62 0.62 -0.019948896 -0.02 -0.025073814 -0.86999713 -0.27 -0.27 -0.44011994 -0.44 -0.44 -0.2200001 
1.12 1.12 1.12 1.12 1.1199992 1.1137453 0.38044189 0.4299835 0.43 0.43 0.43 0.43 0.43 0.43 0.41412095 -0.25 -0.25 -0.25 -0.25 -0.25 0.28999767 0.29 0.29 0.29 0.29 0.29 0.29 0.29 0.6499999 0.65 0.65 0.65 0.65 0.65 0.64999984 -0.17 -0.17 -0.17 -0.17 -0.58 -0.58 -0.58 -0.58 -0.86999754 -0.87 -0.87 -0.87 -0.87000114 -0.99 -0.99 -0.44 -0.44 -0.69045317 
1.12 1.12 1.12 1.1199999 1.1199791 1.0996659 0.42717521 0.42999922 0.43 0.43 0.43 0.43 0.43 0.43 0.4069166 -0.24999972 -0.25 -0.25 -0.25 -0.24674998 0.29 0.29 0.29 0.29 0.29 0.29 0.29 0.29 0.64999992 0.65 0.65 0.65 0.65 0.65 -0.16999925 -0.17 -0.17 -0.17 -0.17 -0.58 -0.58 -0.58 -0.58 -0.65826975 -0.87 -0.87 -0.87 -0.98999866 -0.99 -0.99 -0.8 -0.8 -0.8 
1.12 1.12 1.12 1.1199983 1.1197949 1.0465311 0.42992991 0.4299998 0.43 0.43 0.43 0.43 0.43 0.42999996 0.39715748 -0.24998401 -0.25 -0.25 -0.24999938 0.27905874 0.29 0.29 0.29 0.29 0.29 0.29 0.29 0.29 0.64999966 0.65 0.65 0.65 0.65 0.26201761 -0.16999991 -0.17 -0.17 -0.17 -0.17 -0.58 -0.58 -0.58 -0.58 -0.58 -0.87 -0.87 -0.87 -0.99 -0.99 -0.99 -0.8 -0.8 -0.8 
1.12 1.1199999 1.1199993 1.1199799 1.1187857 0.71582462 0.43000652 0.42999988 0.43 0.43 0.43 0.43 0.43 0.42999872 0.38555469 -0.24975166 -0.24999999 -0.24999998 -0.24720416 0.28995408 0.29 0.29 0.29 0.29 0.29 0.29 0.29 0.29000021 0.64999774 0.65 0.64999962 0.16659345 0.12 0.12 0.12 -0.17 -0.17 -0.17 -0.17 -0.58 -0.58 -0.58 -0.58 -0.58 -0.86999486 -0.87 -0.87000006 -0.98999999 -0.99 -0.9899999 -0.8 -0.8 -0.8 
