interpolatedSpi/02-04|22_1.tif
NCOLS 53
NROWS 52
XLLCORNER -116.03883
YLLCORNER 28.596182
DX 0.49850594
DY 0.49788537
NODATA_VALUE -9999
[rows 0 to 36 of 52, columns 0 to 52 of 53]
0.695 0.695 0.62111752 0.4475 1.1675 0.695 0.695 0.8775 0.58989863 0.2675 0.4925 0.2875 0.3600317 0.745 0.57 0.57 0.57 0.5425 0.525 0.525 0.525 0.52499198 -0.3075 0.0425 0.0425 0.0425 -0.030002764 -0.03 -0.03 -0.07 -0.07 -0.07 -0.07 -0.19249998 -0.1925 -0.1925 -0.1925 -0.1925 -0.1925 -0.19250001 -0.49177513 -0.495125 -0.9875 -0.9875 -0.9875 -0.9875 -0.98816967 -1.3975 -1.3975 -1.3975 0.73499557 0.735 0.735
0.69496845 -0.015 0.34249987 0.37457664 0.47009229 0.8625 0.855 0.52257895 0.31 0.175 0.195 0.36 0.36 0.45347533 0.74499492 0.57 0.5425 0.5425 0.52502282 0.525 0.525 0.525 0.050000786 0.0425 0.0425 0.0425 0.73999995 0.74 -0.07 -0.07 -0.07 -0.07 -0.07 -0.19249998 -0.1925 -0.1925 -0.1925 -0.1925 -0.19249992 0.032292256 1.1624283 -0.72661471 -0.9875 -0.9875 -0.9875 -0.9875 -0.9875 -1.3975 -1.3975 -1.3975 -1.2206711 0.735 0.735
0.44750014 0.4475 0.2275 0.6175 0.035 -0.045 0.1525 0.1675 -0.195 0.1525 0.3275 -0.1825 0.3525 0.5975 0.4525 -0.07 0.5425 0.5425 0.5425 0.38004215 0.38 0.38 0.185 0.0425 0.0425 0.0425 0.74 0.74 0.74 -0.07 -0.07 -0.069999976 0.17310703 -0.18970849 -0.18200538 0.92466819 0.935 0.935 0.9636135 1.1625 1.1625 1.1597507 -0.9875 -0.9875 -0.9875 -0.9875 -0.9875 -1.3975 -1.3975 -1.3975 -1.3975 0.735 0.735
-0.1375 0.44749988 -0.15252566 0.85 -0.3775 -0.03 -0.175 -0.365 0.33 0.25607003 0.105 -0.059999999 -0.025 0.5975 0.185 -0.07 -0.1965245 -0.19698151 -0.06 0.38 0.38 -0.155 0.185 0.185 0.0425 0.042503484 0.74 0.74 0.74 -0.0125 0.23303328 0.435 0.435 0.43500039 0.935 0.935 0.935 0.935 1.1625 1.1625 1.1625 1.1624999 -0.9875 -0.9875 -0.9875 -0.9875 -0.9875 -1.3974948 -1.3975 -1.3975 -1.3975 0.73498742 0.735
-0.1375 0.16499942 -0.1525 -0.3720167 -0.3775 -0.245 0.1024695 -0.1025 -0.13 0.15999988 0.16903483 0.17501289 0.265 0.185 0.185 0.012376763 -0.1975 -0.1975 -0.06 -0.06 0.37999893 -0.155 -0.1125 0.305 0.235 0.23494809 0.74 0.74 -0.012499999 -0.0125 0.435 0.435 0.435 0.42745708 0.935 0.935 0.935 1.1625 1.1625 1.1625 1.1625 1.1625321 -0.98749996 -0.9875 -0.9875 -0.9875 -0.9875 -0.99114951 -1.3975 -1.3974216 0.35 0.35 0.35
-1.585 -0.2125 0.18000001 -0.025 -0.6875 -0.3375 -0.32 -0.29215377 -0.0375 -0.1775 -0.2275 0.1525 0.15250007 0.1075 0.1075 -0.049937227 -0.05 0.0525 0.0525 -0.059999617 -0.16 -0.16 0.305 0.235 0.235 0.0125 0.095 0.095 0.29497146 -0.0125 0.435 0.435 0.395 0.39500549 0.44749637 0.8875 0.8875 1.0774225 1.1625 1.1625 1.4945853 1.495 1.4950008 0.31165425 0.33485384 0.33499965 0.33499995 0.3349995 0.34536336 0.35 0.35 0.35 0.35
-0.3900067 -0.8025 -0.85346044 -0.7275 -0.36 -0.9325 -0.64249999 -0.8725 -0.845 -0.845 -0.2275 0.1425 -0.24749994 0.1075 0.20999969 0.21 -0.05 0.355 0.375 0.375 -0.21419546 -0.275 -0.275 -0.029999996 0.0125 0.0125 0.095 0.095 0.29497319 0.29450646 0.72225472 0.395 0.395 0.4475 0.4475 0.9542184 0.8875 0.8875 1.289986 1.4949997 1.495 1.495 1.4950033 0.33500284 0.335 0.335 0.335 0.33500004 0.405 0.3500109 0.35 0.35 0.35
-0.39 -0.31 -0.52 -1.3225 -1.2425046 -0.935 -0.9975 -0.8 -0.515 -0.77 -0.77 -0.0225 -0.2475 -0.2475 0.20686113 0.089324701 0.0775 0.3625 -0.26499934 0.375 0.24092687 0.3375 -0.55 0.1875 0.18749594 -0.1275 0.17 0.16999997 -0.1633881 -0.16499998 0.725 -0.070027291 0.1625 0.4475 0.46026324 1.01 1.01 1.29 1.29 1.495 1.495 1.495 0.84973771 0.84499997 0.335 0.335 0.335 0.40499734 0.405 0.405 0.35 0.35 0.35
-0.41771803 -0.31 -0.23 -0.4125 -0.94 -1.2825 -0.7225 -0.72 -0.8025 -0.3340054 -0.225 -0.2025 -0.2025 0.07 0.069994264 -0.35628762 -0.3575 -0.3575 0.26671116 -0.66000003 -0.8 -0.79999999 0.705 -0.055425131 -0.095756317 -0.1275 0.3525 0.17 0.91315628 0.9175 -0.135 0.83 0.62853656 0.4175 0.895 0.8475 1.205 0.4825 1.3171144 1.4965846 1.85 1.5225 0.84503258 0.845 0.84212944 0.335 0.062500014 0.405 0.405 0.405 0.405 0.42968476 0.2275
-1.02 -1.02 -0.3325 -0.2425 -0.745 -1.2375 -0.8125 -1.32 -0.76 -0.2151482 -0.555 0.855 0.07 0.07 -0.54 -0.53749693 -0.3575 -0.35752777 -0.495 -0.66 -0.66 -0.67803669 0.705 0.31750734 0.3175 0.3175 0.3525 0.1275 0.1275 0.9175 0.9175 0.82924135 0.43 0.4175 0.6975 0.8475 1.205 0.7825 1.3175 1.3371758 1.5225 1.3470954 1.045 0.845 0.845 0.0625 0.0625 0.0625 0.405 0.405 0.99 0.99 0.98999971
-1.02 -1.02 -0.49 -0.89 -1.075 -0.625 -1.06 -0.23089323 -0.5875 -0.605 -0.7275 -0.76 0.8528488 -0.54 -0.54 -0.53997693 -0.34 -0.34813513 -0.495 -0.3175 -0.3175 -0.575 -0.575 0.3175 0.3175 0.3175 0.1275 0.1275 0.1275 0.3775 0.3775 0.37750009 0.675 0.675 0.335 0.3975 1.085 0.88500006 1.025 1.3375 1.3375 0.80750078 1.045 0.845 0.46750019 0.6275 0.91132848 0.915 1.2425 1.2425 0.99 0.99 0.99
-1.02 -0.79124204 -0.66069427 -0.9824902 -0.435 -0.875 -1.06 -0.23 -0.58749701 -0.60480612 -0.7599998 -0.76 -0.4125 -0.54 -0.54 -0.34000001 -0.34 -0.34000882 -0.495 -0.3175 -0.36806776 -0.575 -0.575 0.31746395 0.3175 0.15478382 -0.1775 -0.1775 -0.17749996 0.3775 0.3775 0.0375 0.0375 0.67499907 0.335 0.68250008 1.0541316 0.885 0.885 1.3375 0.8075 0.8075 0.80749758 0.4675 0.4675 0.6275 0.915 0.915 1.2425 1.2425 0.99 0.99 0.99
-0.215 -0.20714616 -0.17752611 -0.18332587 -0.43500241 -0.87498961 -1.06 -0.24021683 -0.56286459 -0.58795697 -0.4125 -0.4125 -0.4125 -0.4125 -0.53998194 -0.34 -0.34 -0.3420013 -0.495 -0.31761034 -0.695 -0.695 -0.695 -0.695 0.29995685 -0.1775 -0.1775 -0.1775 -0.1775 -0.17712025 0.0375 0.0375 0.0375 0.0375 0.6825 0.6825 0.6825 0.87524485 0.88220232 0.5125 0.5125 0.80748413 0.68999238 0.46752143 0.4675 0.6275 0.915 0.915 1.2425 1.2425 0.99091604 0.99 1.5735684
-0.215 -0.1775 -0.1775 -0.1775 -0.1775 -0.17750029 -1.0595263 -0.66732126 -0.49713964 -0.41268886 -0.4125 -0.4125 -0.4125 -0.4125 -0.41249991 -0.34 -0.34000002 -0.35063194 -0.49499849 -0.695 -0.695 -0.695 -0.695 -0.695 -0.68386529 -0.058852594 0.024999958 0.025 0.025 0.025 0.037499999 0.0375 0.037499943 -0.01 -0.01 0.6825 0.37869009 0.37 0.51249992 0.5125 0.5125 0.5125 0.69 0.69 0.69 0.68956506 0.87023307 0.87 0.87 0.87 0.87000001 1.15 1.15
-0.2175 -0.1775 -0.1775 -0.1775 -0.1775 -0.1775 -0.17750006 -0.76874192 -0.2885154 -0.2875 -0.2875 -0.2875 -0.2875 -0.2875 -0.2875 -0.18708311 -0.33755401 -0.36122468 -0.6949748 -0.695 -0.695 -0.695 -0.695 -0.69499931 -0.18 -0.18 -0.17999971 0.025 0.025 0.024934921 -0.0075 -0.0075 -0.01 -0.01 -0.01 0.3091282 0.37 0.37 0.37 0.5125 0.5125 0.5125 0.69 0.69 0.69 0.69 0.86999999 0.87 0.87 0.87 0.87 1.15 1.15
-0.2175 -0.20260845 -0.1775 -0.1775 -0.1775 -0.1775 -0.52743131 -0.5275 -0.52749999 -0.2875 -0.2875 -0.2875 -0.2875 -0.2875 -0.26488778 -0.185 -0.185 -0.185 -0.1067966 -0.1050006 -0.105 -0.105 -0.105 -0.105 -0.18 -0.18 -0.18 -0.18 0.025 -0.0075 -0.0075 -0.0075 -0.0099999998 -0.01 -0.0099999996 0.5125 0.37018867 0.37 0.37 0.51241307 0.33898099 -0.065766507 0.69 0.69 0.086867066 0.085 0.085 0.86883877 0.16746366 0.16500006 0.16500013 0.47760171 1.1499986
-0.2175 -0.53863696 -0.36473703 -0.1775 -0.1775 -0.5272932 -0.5275 -0.5275 -0.5275 -0.52577049 -0.2875 -0.2875 -0.2875 -0.28749999 -0.185 -0.185 -0.185 -0.185 -0.10507146 -0.105 -0.105 -0.105 -0.105 -0.105 -0.18 -0.18 -0.18 -0.18 -0.17937256 -0.0075 -0.0075 -0.0075 -0.33999999 -0.0099548181 0.5125 0.5125 0.5125 0.5092191 -0.039794756 -0.0675 -0.0675 -0.0675 0.005 0.005 0.085 0.085 0.085 0.165 0.165 0.165 0.165 0.4775 0.4775
-0.54717719 -0.5475 -0.5475 -0.5475 -0.6725 -0.52750374 -0.5275 -0.5275 -0.5275 -0.5275 -0.31059109 -0.28750397 -0.28750001 -0.185 -0.185 -0.185 -0.185 -0.185 -0.1823583 -0.105 -0.105 -0.105 -0.105 -0.105 -0.33353428 -0.64499748 -0.645 -0.645 -0.645 -0.0075000171 -0.33999999 -0.34 -0.34 -0.34 0.5125 0.51249217 0.215 0.215 -0.063972567 -0.0675 -0.0675 -0.0675 0.005 0.005 0.072613245 0.085 0.085 0.165 0.165 0.165 0.16835081 0.4775 0.4775
-0.5475 -0.5475 -0.5475 -0.60636436 -0.6725 -0.6725 -0.5275 -0.5275 -0.5275 -0.5275 -0.5925 -0.5925 -0.5925 -0.185 -0.185 -0.185 -0.185 -0.18496488 -0.2425 -0.2425 -0.10500006 -0.105 -0.11260806 -0.4175 -0.41954808 -0.645 -0.645 -0.645 -0.645 -0.34003106 -0.34 -0.34 -0.34 -0.34 0.21500105 0.215 0.215 0.215 0.21397681 -0.0675 -0.0675 -0.0675 0.005 0.005 0.005 0.085 0.085 0.165 0.165 0.165 0.4775 0.4775 0.4775
-0.5475 -0.5475 -0.5475 -0.6725 -0.6725 -0.6725 -0.67249978 -0.5275 -0.5275 -0.5924329 -0.5925 -0.5925 -0.5925 -0.59224611 -0.012997738 0.0275 0.0275 0.027499999 -0.2425 -0.2425 -0.2425 -0.4175 -0.4175 -0.4175 -0.41752941 -0.58074577 -0.645 -0.645 -0.645 -0.62556513 -0.68246631 -0.6825 -0.6825 -0.6825 -2.5161555e-05 -0.29999883 -0.3 -0.3 -0.3 -0.28247058 -0.2825 -0.2825 0.005 0.005 0.16499933 0.16499994 -0.015 -0.015 -0.0925 -0.0925 -0.0925 0.4775 -0.31179364
-0.54750064 -0.5475 -0.5475 -0.6725 -0.6725 -0.6725 -0.6725 -1.0699998 -0.52966913 -0.59303273 -0.5925 -0.5925 -0.5925 -0.59128339 0.0275 0.0275 0.0275 0.027499922 -0.2425 -0.2425 -0.2425 -0.4175 -0.4175 -0.4175 -0.5225 -0.5225 -0.7375 -0.7375 -0.7375 -0.73719996 -0.6825 -0.6825 -0.6825 -0.6825 -0.4913551 -0.3 -0.3 -0.3 -0.3 -0.2825 -0.2825 -0.2825 -0.26841994 0.165 0.165 0.165 -0.015 -0.015 -0.0925 -0.0925 -0.0925 -0.31249999 -0.3125
-0.7525 -0.66439878 -1.0175 -1.0173999 -0.6725 -1.0677001 -1.07 -1.07 -1.0472263 -1.18 -1.18 -1.18 -1.18 0.03246053 0.0325 0.027500004 0.0275 0.020385897 -0.2425 -0.2425 -0.2425 -0.545 -0.545 -0.545 -0.5225 -0.5225 -0.7375 -0.7375 -0.7375 -0.73750004 -0.79749927 -0.79749968 -0.68539035 -0.68262329 -0.80735418 -0.8075 -0.8075 -0.8075 -0.8075 -0.2825 -0.2825 -0.2825 0.14035913 0.165 0.165 0.16499995 -0.015 -0.015 -0.01500279 -0.0925 -0.092506372 -0.235 -0.3125
-0.67751424 -0.67750006 -1.0175 -1.0175 -1.0175 -1.07 -1.07 -1.07 -1.0075 -1.0075 -1.18 -1.18 -1.18 0.0325 0.0325 0.0325 0.0325 0.032469464 -0.2425 -0.2425 -0.24250001 -0.545 -0.545 -0.545 -0.5225 -0.5225 -0.7375 -0.7375 -0.7375 -0.7968235 -0.7975 -0.7975 -0.7975 -0.7975 -0.80749507 -0.8075 -0.8075 -0.8075 -0.8075 -0.45499996 -0.455 -0.455 -0.455 0.16499795 -0.1025 -0.1025 -0.1025 -0.0625 -0.0625 -0.0625 -0.235 -0.235 -0.235
-0.6775 -0.6775 -1.0175 -1.0175 -1.0175 -1.0697241 -1.07 -1.0075 -1.0075 -1.0075 -1.1799788 -1.18 -0.90013478 0.032499801 0.0325 0.0325 0.0325 -0.41 -0.41 -0.41 -0.070000011 -0.070000353 -0.54499769 -0.545 -0.544884 -0.36 -0.36 -0.3600009 -0.73743899 -0.78500249 -0.78500007 -0.78500218 -0.79747864 -0.79748921 -0.80571159 -0.80750018 -0.80902481 -1.2625 -1.2625 -0.455 -0.455 -0.455 -0.455 -0.1025 -0.1025 -0.1025 -0.1025 -0.0625 -0.0625 -0.0625 -0.235 -0.235 -0.235
-0.6775 -0.6775 -1.0175 -1.0175 -1.0175 -1.0175 -1.0466081 -1.0075 -1.0075 -1.0075 -1.0074061 -0.8375 -0.8375 -0.8375 0.02737289 0.0325 -0.40705129 -0.41 -0.41 -0.41 -0.07 -0.07 -0.07 -0.07 -0.36 -0.36 -0.36 -0.36 -0.36 -0.785 -0.785 -0.785 -0.785 -0.78500034 -0.9475 -1.2625 -1.2625 -1.2625 -1.2625 -1.2624972 -0.5125 -0.5125 -0.5125 -0.36036929 -0.045 -0.045 -0.045 -0.062499999 -0.062500196 -0.265 -0.265 -0.015053521 -0.015
-0.6775 -0.6775 -0.89478387 -1.0175 -1.0175 -1.0175 -1.242083 -1.0082406 -1.0075 -1.0075 -0.83750002 -0.8375 -0.8375 -0.8375 -0.8375 -0.76612531 -0.41 -0.41 -0.41 -0.41 -0.07000263 -0.07 -0.07 -0.07 -0.36 -0.36 -0.36 -0.36 -0.36 -0.73142566 -0.785 -0.785 -0.785 -0.9475 -0.9475 -0.94774461 -1.2625 -1.2625 -0.97548296 -0.75250004 -0.5125 -0.5125 -0.5125 -0.36239256 -0.045 -0.045 -0.045 -0.1025 -0.26297527 -0.265 -0.265 -0.015 -0.015
-1.055 -1.055 -1.055 -1.0269023 -1.0178669 -1.2425 -1.2425 -1.2425 -1.2425 -0.9375 -0.9375 -0.83750001 -0.8375 -0.8375 -0.8375 -0.8374729 -0.41 -0.41 -0.41 -0.41 -0.21836497 -0.07 -0.07 -0.066794124 0.034131842 -0.36 -0.36 -0.36 -0.7125 -0.7125 -0.7125 -0.7125003 -0.9475 -0.9475 -0.9475 -0.9475 -0.7525 -0.7525 -0.7525 -0.7525 -0.19 -0.19 -0.19 -0.070002413 -0.07 -0.07 -0.069999992 -0.1025 -0.1025 -0.264802 -0.265 -0.014999282 -0.015
-1.055 -1.055 -1.055 -1.0550114 -1.2675 -1.2638646 -1.2425 -1.2425 -1.2425 -0.9375 -0.9375 -0.9375 -0.7375 -0.7375 -0.7375 -0.7375 -0.4106045 -0.41 -0.41 -0.41 -0.4048377 0.052499664 0.0525 0.0525 0.0525 0.05249999 -0.1675 -0.1675 -0.7125 -0.7125 -0.7125 -0.7125 -0.94749983 -0.9475 -0.9475 -0.94748066 -0.7525 -0.7525 -0.7525 -0.75210519 -0.19 -0.19 -0.19 -0.070005565 -0.07 -0.07 -0.07 -0.1025 -0.1025 -0.10249997 0.1275 0.1275 0.065
-1.055 -1.055 -1.055 -1.2674995 -1.2675 -1.2675 -1.2425 -1.2425 -1.2425 -0.9375 -0.9375 -0.9375 -0.7375 -0.7375 -0.7375 -0.7376904 -0.74 -0.74 -0.73999915 -0.41186392 0.0525 0.0525 0.0525 0.0525 0.0525 0.052334438 -0.1675 -0.1675 -0.1675 -0.7125 -0.7125 -0.71249356 -0.71 -0.71 -0.71 -0.7825 -0.7825 -0.6625 -0.6625 -0.6625 -0.515 -0.19010194 -0.18999955 -0.13 -0.13 -0.12772607 -0.070000214 -0.1025 -0.1025 0.1275 0.1275 0.1275 0.065
-1.055 -1.055 -1.055 -1.2675 -1.2675 -1.2675 -1.2675 -1.2425 -1.2425 -0.9375 -0.9375 -0.74549712 -0.7375 -0.7375 -0.7375 -0.74 -0.74 -0.74 -0.74 -0.74 0.0525 0.0525 0.0525 0.0525 0.0525 -0.16749925 -0.1675 -0.1675 -0.1675 -0.7025 -0.7025 -0.7025 -0.71 -0.71 -0.71 -0.7825 -0.7825 -0.6625 -0.6625 -0.515 -0.515 -0.515 -0.13 -0.13 -0.13 -0.13 -0.093855173 0.31 0.31 0.31 0.1275 0.3175 0.3175
-1.055 -1.055 -1.0552959 -1.2675 -1.2675 -1.2675 -1.2675 -1.3317608 -1.335 -1.3343175 -0.9375 -0.7375067 -0.7375 -0.7375 -0.73750001 -0.74 -0.74 -0.74 -0.74 -0.74 -0.20887827 0.0525 0.0525 0.0525 0.05247065 -0.16749564 -0.1675 -0.1675 -0.1675 -0.7025 -0.7025 -0.7025 -0.70249785 -0.71 -0.7825 -0.7825 -0.7825 -0.78249509 -0.66248994 -0.515 -0.515 -0.515 -0.13002337 -0.13 -0.13 -0.13 0.30999873 0.31 0.31 0.31 0.3175 0.3175 0.3175
-1.2575 -1.2574996 -1.2673879 -1.2675 -1.2675 -1.2675 -1.3349856 -1.335 -1.335 -1.335 -0.81750001 -0.8175 -0.8175 -0.8175 -0.74035768 -0.74 -0.74 -0.74 -0.74 -0.22000031 -0.22 -0.22 -0.089999976 -0.09 -0.09 -0.09 -0.096689247 -0.1675 -0.30749427 -0.3075 -0.3075 -0.3075 -0.3075 -0.815 -0.815 -0.815 -0.815 -0.815 -0.385 -0.385 -0.385 -0.385 -0.385 0.18702139 0.1875 0.1875 0.1875 0.31 0.31 0.31 0.31749882 0.3175 0.3175
-1.2575 -1.2575 -1.2549255 -0.95000064 -0.95000007 -0.95037553 -1.335 -1.335 -1.335 -1.335 -0.8175 -0.8175 -0.8175 -0.8175 -0.8175 -0.74 -0.74 -0.74 -0.22000013 -0.22 -0.22 -0.22 -0.09 -0.09 -0.09 -0.09 -0.09 -0.090016621 -0.30758302 -0.3075 -0.3075 -0.3075 -0.30753335 -0.71295771 -0.81489434 -0.815 -0.815 -0.815 -0.385 -0.385 -0.385 -0.385 -0.385 0.1875 0.1875 0.1875 0.1875 0.24478339 0.31 0.77475624 0.78 0.6425 0.6425
-1.2575 -1.2575 -0.95003895 -0.95 -0.95 -0.95 -1.0477884 -1.335 -1.335 -1.335 -0.8175 -0.8175 -0.8175 -0.8175 -0.8175 -0.74005786 -0.74 -0.22015246 -0.22 -0.22 -0.22 -0.22 -0.13815934 -0.09 -0.09 -0.09 -0.09 -0.090306329 -0.5225 -0.5225 -0.5225 -0.5225 -0.5225 -0.635 -0.635 -0.635 -0.635 -0.635 -0.3975 -0.3975 -0.3975 -0.3975 -0.3975 0.18797612 0.1875001 0.1875 0.18753305 0.1915626 0.78 0.78 0.78 0.64250077 0.6425
-1.2574993 -0.90942107 -0.94999999 -0.95 -0.95 -0.95 -0.95 -1.3348361 -1.335 -1.335 -0.8175 -0.8175 -0.8175 -0.8175 -0.62683121 -0.6225 -0.6225 -0.22001036 -0.22 -0.22 -0.22 -0.22 -0.22000005 -0.09 -0.09 -0.09 -0.09 -0.57499994 -0.57499998 -0.56382672 -0.5225 -0.5225 -0.5225 -0.635 -0.635 -0.635 -0.635 -0.63496783 -0.3975 -0.3975 -0.3975 -0.3975 -0.39748525 0.3825 0.3825 0.3825 0.3825 0.38253206 0.78 0.78 0.78 0.78000001 0.79029089
-0.9025 -0.9025 -0.93127876 -0.95 -0.95 -0.95 -0.95 -0.95 -1.3348348 -0.90750001 -0.9075 -0.9075 -0.90728641 -0.62250028 -0.6225 -0.6225 -0.6225 -0.6225 -0.22000291 -0.24487383 -0.4625 -0.4625 -0.4625 -0.3727025 -0.18204183 -0.67454022 -1.0897322 -0.575 -0.575 -0.575 -0.575 -0.575 -0.57444873 -0.5886504 -0.5875 -0.5875 -0.5875 -0.5875 -0.36133821 -0.20500035 -0.205 -0.205 -0.205 0.34250012 0.38249999 0.3825 0.3825 0.6975 0.77999868 0.78 0.78 0.7925 0.7925
-0.9025 -0.9025 -1.0375 -1.0375 -1.0375 -0.95002915 -0.95 -0.95 -0.9075 -0.9075 -0.9075 -0.9075 -0.9075 -0.62250001 -0.6225 -0.6225 -0.6225 -0.6225 -0.4625 -0.4625 -0.4625 -0.4625 -0.4625 -1.24 -1.24 -1.24 -1.24 -0.575 -0.575 -0.575 -0.575 -0.575 -0.69 -0.69 -0.5875 -0.5875 -0.5875 -0.18506855 -0.185 -0.205 -0.205 -0.205 -0.20499994 0.3425 0.3425 0.3425 0.6975 0.6975 0.6975 0.685 0.685 0.7925 0.7925
