interpolatedSpi/02-06|20_2.tif
NCOLS 53
NROWS 52
XLLCORNER -116.03883
YLLCORNER 28.596182
DX 0.49850594
DY 0.49788537
NODATA_VALUE -9999
[rows 0 to 30 of 52, columns 0 to 52 of 53]
0.59833333 0.59833333 0.070085474 -0.105 0.16166667 0.016666667 0.39333333 0.068333333 -0.22210855 -0.32 -0.29 -0.175 -0.39660052 0.40666667 -0.27333333 -0.27333333 -0.27333333 0.47666667 0.35833333 0.35833333 0.35833333 0.35832871 -0.12166667 -0.27333333 -0.27333333 -0.27333333 0.21666931 0.21666667 0.21666667 0.06 0.06 0.06 0.06 0.053333335 0.053333333 0.053333333 0.053333333 0.053333333 0.053333333 0.053333344 0.46061264 0.46464615 -0.925 -0.925 -0.925 -0.925 -0.92460255 -0.68166667 -0.68166667 -0.68166667 0.4566643 0.45666667 0.45666667
0.59830993 0.071666667 0.098333949 0.2020478 0.44636729 0.51 0.48333333 0.16025677 -0.12166667 -0.13333333 -0.20666667 -0.39666667 -0.39666667 0.11929477 0.40665718 -0.27333333 0.47666667 0.47666667 0.35848762 0.35833333 0.35833333 0.35833333 -0.28684352 -0.27333333 -0.27333333 -0.27333333 -0.22 -0.22 0.06 0.06 0.06 0.06 0.06 0.053333334 0.053333333 0.053333333 0.053333333 0.053333333 0.053333332 0.0013817346 -0.28496604 -0.84734081 -0.925 -0.925 -0.925 -0.925 -0.925 -0.68166667 -0.68166667 -0.68166667 -0.58727498 0.45666667 0.45666667
1.2982889 1.2983333 0.63166667 1.1033333 0.30666667 0.23833333 0.295 -0.15666667 -0.235 -0.205 0.265 -0.795 -0.45666667 -0.265 0.11833333 -0.29166667 0.47666667 0.47666667 0.47666667 0.22837112 0.22833333 0.22833333 -0.53 -0.27333333 -0.27333333 -0.27333333 -0.22 -0.22 -0.22 0.06 0.06 0.059999967 -0.26815438 0.052712003 0.05311615 0.030213814 0.03 0.03 -0.0096186982 -0.285 -0.285 -0.2858184 -0.925 -0.925 -0.925 -0.925 -0.925 -0.68166667 -0.68166667 -0.68166667 -0.68166666 0.45666667 0.45666667
0.545 1.2983331 0.30995966 0.53666667 -0.038333333 0.255 0.33166667 -0.54 -0.125 -0.17890424 -0.51333333 -0.525 -0.44833333 -0.265 -0.20833333 -0.29166667 -0.39586332 -0.39605476 -0.65 0.22833333 0.22833333 -1.3516667 -0.53 -0.53 -0.27333333 -0.27333307 -0.22 -0.22 -0.22 -1.0233333 -0.80294778 -0.62166667 -0.62166667 -0.62166616 0.03 0.03 0.03 0.03 -0.285 -0.285 -0.285 -0.28500002 -0.925 -0.925 -0.925 -0.925 -0.925 -0.68166974 -0.68166667 -0.68166667 -0.68166667 0.45661054 0.45666667
0.545 -0.026666049 0.31 0.095488957 -0.038333333 -0.08 -0.36829421 -0.36166667 -0.39666667 -0.24833335 -0.39621807 -0.46330516 -0.26666667 -0.20833333 -0.20833333 -0.26574121 -0.39666667 -0.39666667 -0.65 -0.65 0.22833016 -1.3516667 -1.9866667 -0.68 -0.47833333 -0.47846774 -0.22 -0.22 -1.0233333 -1.0233333 -0.62166667 -0.62166667 -0.62166667 -0.70023873 0.029999999 0.03 0.03 -0.285 -0.285 -0.285 -0.285 -0.28499485 -0.92499999 -0.925 -0.925 -0.925 -0.925 -0.92283403 -0.68166667 -0.68169267 -1.2616667 -1.2616667 -1.2616667
-0.79333333 0.20166667 0.62333333 0.061666667 0.035 0.31666667 0.043333333 -0.0085182657 0.12 -0.40833333 -0.12166667 -0.22166667 -0.2216667 -0.35166667 -0.35166667 -0.35670007 -0.35666667 -0.65166667 -0.65166667 -0.65000048 -1.5633333 -1.5633333 -0.68 -0.47833333 -0.47833333 -1.0533333 -1.515 -1.515 -0.3433961 -1.0233333 -0.62166667 -0.62166667 -1.0383333 -1.0382809 -0.53670272 -0.99833333 -0.99833333 -0.50568595 -0.285 -0.285 -0.23173318 -0.23166667 -0.23166601 -1.478389 -1.4882711 -1.4883332 -1.4883333 -1.4883331 -2.4209737 -1.2616667 -1.2616667 -1.2616667 -1.2616667
-0.43333545 0.37666667 -0.41935726 0.31833333 0.71666667 -0.078333333 -0.063333333 -0.14333333 -0.31 -0.31 -0.12166667 0.0083333333 -0.82833329 -0.35166667 -0.49499957 -0.495 -0.35666667 -0.88833333 -1.19 -1.19 -1.4855746 -1.3983333 -1.3983333 -1.32 -1.0533333 -1.0533333 -1.515 -1.515 -0.34337762 -0.34414875 0.0082282483 -1.0383333 -1.0383333 -0.53666667 -0.53666667 -0.9456848 -0.99833333 -0.99833333 -1.2783236 -0.23166812 -0.23166667 -0.23166667 -0.23166427 -1.4883303 -1.4883333 -1.4883333 -1.4883333 -1.488334 -2.68 -1.2619477 -1.2616667 -1.2616667 -1.2616667
-0.43333333 -0.74 -0.185 -0.61666667 -0.84498691 -0.34 -0.25 -0.61999998 -0.23333333 -0.38166667 -0.38166667 -0.69666667 -0.82833333 -0.82833333 -0.49728698 -0.84108765 -0.875 -0.55 -0.97000023 -1.19 -1.5055638 -1.475 -1.8433333 -0.76333334 -0.76333761 -1.095 -1.515 -1.515 -1.1006702 -1.1033333 0.011666667 -0.33163475 -0.30166667 -0.53666667 -0.54712444 -0.90166667 -0.90166667 -1.2783333 -1.2783333 -0.23166667 -0.23166667 -0.23166666 -0.9346744 -0.93833336 -1.4883333 -1.4883333 -1.4883333 -2.6799546 -2.68 -2.68 -1.2616667 -1.2616667 -1.2616667
-0.72052984 -0.73999999 -0.95666667 -0.27333333 -0.5 -0.62166667 -0.31166667 0.43666667 0.1 0.35916722 -0.105 -0.35166667 -0.35166667 -0.55 -0.5499985 -1.0827527 -1.0833333 -1.0833333 -0.61411366 -1.6216667 -1.835 -1.835 -1.7366667 -1.8012977 -1.0615768 -1.095 -1.3366667 -1.515 -0.84226544 -0.83833333 -0.34 0.078333333 -0.22889593 -1.1666667 -0.90333333 -0.87166667 -0.78166667 -0.435 -0.548281 -0.23031266 0.071666667 -0.445 -0.93828584 -0.93833333 -0.94142903 -1.4883333 -1.725 -2.68 -2.68 -2.68 -2.68 -1.2272196 -1.3083333
-0.61166667 -0.61166667 -0.78666667 -0.43833333 -0.36 -0.46833333 -0.30333333 -0.12 0.50166667 0.42497654 0.076666667 -0.2 -0.55 -0.55 -0.39 -0.39950938 -1.0833333 -1.0832755 -0.85166667 -1.6216667 -1.6216667 -1.6491511 -1.7366667 -1.7549997 -1.755 -1.755 -1.3366667 -0.66166667 -0.66166667 -0.83833333 -0.83833333 0.077176398 -0.53166667 -1.1666667 -0.93666667 -0.87166667 -0.78166667 -1.4533333 -0.54833333 0.30264756 -0.44499998 -0.51908011 -0.64666667 -0.93833333 -0.93833333 -1.725 -1.725 -1.725 -2.68 -2.68 -0.985 -0.985 -0.98500012
-0.61166667 -0.61166667 -1.3183333 -1.11 -0.765 -0.49 -0.76999999 0.021509139 -0.34166667 -0.27166667 -0.31666667 -0.55333333 -0.20047091 -0.39 -0.39 -0.3900273 -0.62666667 -0.63847572 -0.85166667 -0.39666667 -0.39666667 -0.83166667 -0.83166667 -1.755 -1.755 -1.755 -0.66166667 -0.66166667 -0.66166667 -1.3166667 -1.3166667 -1.3166654 -0.7 -0.7 -0.96833333 -1.3 -0.59166667 -1.3899993 -1.4266667 0.31666667 0.31666667 -0.61833343 -0.64666667 -0.93833333 -0.75500014 -0.895 -0.41068493 -0.405 -0.65666667 -0.65666667 -0.985 -0.985 -0.985
-0.61166667 -0.91677727 -1.2294301 -1.296654 -1.15 -1.245 -0.77 0.021666667 -0.34166363 -0.27244218 -0.55333297 -0.55333333 -0.22166667 -0.39 -0.39 -0.62666666 -0.62666667 -0.62667947 -0.85166667 -0.39666667 -0.48209182 -0.83166667 -0.83166667 -1.7549623 -1.755 -1.5155826 -1.0266667 -1.0266667 -1.0266666 -1.3166667 -1.3166667 -1.2916667 -1.2916667 -0.70000074 -0.96833333 -0.8233333 -0.7060526 -1.39 -1.39 0.31666664 -0.61833333 -0.61833333 -0.61833433 -0.755 -0.755 -0.895 -0.405 -0.405 -0.65666667 -0.65666667 -0.985 -0.985 -0.985
0.10833333 0.032627689 0.14495295 0.13455501 -1.1500003 -1.2449978 -0.77000001 0.0119217 -0.31662928 -0.33983878 -0.22166667 -0.22166667 -0.22166667 -0.22166667 -0.38997615 -0.62666667 -0.62666667 -0.62957178 -0.85166667 -0.39664979 -0.32833333 -0.32833333 -0.32833333 -0.32833333 -1.7302547 -1.0266667 -1.0266667 -1.0266667 -1.0266667 -1.0267847 -1.2916667 -1.2916667 -1.2916667 -1.2916667 -0.82333333 -0.82333333 -0.82333333 -1.362578 -1.383954 -0.585 -0.585 -0.61833154 -0.76166644 -0.75500064 -0.755 -0.895 -0.405 -0.405 -0.65666667 -0.65666667 -0.98380884 -0.985 -1.2090777
0.10833333 0.145 0.145 0.145 0.145 0.14499941 -0.77121585 -0.39545994 -0.24983188 -0.22179415 -0.22166667 -0.22166667 -0.22166667 -0.22166667 -0.22166675 -0.62666666 -0.6266667 -0.64210013 -0.85166184 -0.32833333 -0.32833333 -0.32833333 -0.32833333 -0.32833333 -0.338568 -0.89657644 -0.8416667 -0.84166667 -0.84166667 -0.84166667 -1.2916667 -1.2916667 -1.2916663 -0.98166667 -0.98166667 -0.82333333 -0.55760093 -0.55 -0.58499998 -0.585 -0.585 -0.585 -0.76166667 -0.76166667 -0.76166667 -0.76259455 -0.63526113 -0.63666667 -0.63666667 -0.63666667 -0.63666667 0.049999786 0.05
0.40666667 0.145 0.145 0.145 0.145 0.145 0.14499994 -0.46829638 -0.33593805 -0.33666667 -0.33666667 -0.33666667 -0.33666667 -0.33666667 -0.33666667 -0.39385302 -0.62301024 -0.65747661 -0.32839906 -0.32833333 -0.32833333 -0.32833333 -0.32833333 -0.32833355 -0.80166667 -0.80166667 -0.80166672 -0.84166667 -0.84166667 -0.84212723 -1.0716667 -1.0716667 -0.98166667 -0.98166667 -0.98166667 -0.61914824 -0.55 -0.55 -0.55 -0.585 -0.585 -0.585 -0.76166667 -0.76166667 -0.76166667 -0.76166667 -0.63666666 -0.63666667 -0.63666667 -0.63666667 -0.63666667 0.05 0.05
0.40666667 0.30925114 0.145 0.145 0.145 0.145 -0.17826987 -0.17833333 -0.17833334 -0.33666667 -0.33666667 -0.33666667 -0.33666667 -0.33666667 -0.34953541 -0.395 -0.395 -0.395 -0.51276984 -0.51333314 -0.51333333 -0.51333333 -0.51333333 -0.51333333 -0.80166667 -0.80166667 -0.80166667 -0.80166667 -0.84166667 -1.0716667 -1.0716667 -1.0716667 -0.98166667 -0.98166667 -0.98166667 -0.40333333 -0.54980581 -0.55 -0.55 -0.58504317 -0.67126089 -0.87247157 -0.76166667 -0.76166667 -0.42603897 -0.425 -0.425 -0.63558499 0.01936609 0.021666609 0.021666542 0.32162547 0.050000552
0.40666667 0.11148027 0.12391475 0.145 0.145 -0.17814229 -0.17833333 -0.17833333 -0.17833333 -0.17947433 -0.33666667 -0.33666667 -0.33666667 -0.33666667 -0.395 -0.395 -0.395 -0.395 -0.51322763 -0.51333333 -0.51333333 -0.51333333 -0.51333333 -0.51333333 -0.80166666 -0.80166667 -0.80166667 -0.80166667 -0.80264875 -1.0716667 -1.0716667 -1.0716667 -0.56833335 -0.98159786 -0.40333333 -0.40333333 -0.40333333 -0.4069718 -0.85286003 -0.87333333 -0.87333333 -0.87333333 -0.54166667 -0.54166667 -0.425 -0.425 -0.425 0.021666661 0.021666667 0.021666667 0.021666667 0.32166667 0.32166667
0.10371409 0.10333333 0.10333333 0.10333333 -0.005 -0.17832886 -0.17833333 -0.17833333 -0.17833333 -0.17833333 -0.2866992 -0.33665807 -0.33666665 -0.395 -0.395 -0.395 -0.395 -0.395 -0.42426737 -0.51333333 -0.51333333 -0.51333333 -0.51333333 -0.51333333 -0.54654318 -0.38000228 -0.38 -0.38 -0.38 -1.0716666 -0.56833334 -0.56833333 -0.56833333 -0.56833333 -0.40333333 -0.40334202 -0.73333333 -0.73333333 -0.87158522 -0.87333333 -0.87333333 -0.87333333 -0.54166667 -0.54166667 -0.44306402 -0.425 -0.425 0.021666667 0.021666667 0.021666667 0.024883447 0.32166667 0.32166667
0.10333333 0.10333333 0.10333333 0.052317551 -0.005 -0.005 -0.17833333 -0.17833333 -0.17833333 -0.17833333 0.32333333 0.32333333 0.32333333 -0.395 -0.395 -0.395 -0.395 -0.3949854 -0.71166667 -0.71166667 -0.51333341 -0.51333333 -0.51175086 -0.44833333 -0.44771816 -0.38 -0.38 -0.38 -0.38 -0.56831416 -0.56833333 -0.56833333 -0.56833333 -0.56833333 -0.73333217 -0.73333333 -0.73333333 -0.73333333 -0.73379468 -0.87333333 -0.87333333 -0.87333333 -0.54166667 -0.54166667 -0.54166667 -0.425 -0.425 0.021666665 0.021666667 0.021666668 0.32166667 0.32166667 0.32166667
0.10333333 0.10333333 0.10333333 -0.005 -0.005 -0.005 -0.0050002649 -0.17833333 -0.17833333 0.32281547 0.32333333 0.32333333 0.32333333 0.32288578 -0.32350102 -0.30666667 -0.30666667 -0.30666667 -0.71166667 -0.71166667 -0.71166667 -0.44833333 -0.44833333 -0.44833333 -0.44826564 -0.28908245 -0.38 -0.38 -0.38 -0.3823506 -0.34502197 -0.345 -0.345 -0.345 -0.50859806 -0.19333456 -0.19333333 -0.19333333 -0.19333333 0.011545573 0.011666667 0.011666667 -0.54166667 -0.54166667 0.38166281 0.38166663 0.28333333 0.28333333 0.38166667 0.38166667 0.38166667 0.32166667 0.63638502
0.10333368 0.10333333 0.10333333 -0.005 -0.005 -0.005 -0.0050000004 -0.041666706 -0.17778689 0.32334845 0.32333333 0.32333333 0.32333333 0.3220971 -0.30666667 -0.30666667 -0.30666667 -0.30666678 -0.71166667 -0.71166667 -0.71166667 -0.44833333 -0.44833333 -0.44833333 -0.20666667 -0.20666667 -0.14666667 -0.14666667 -0.14666667 -0.14774864 -0.345 -0.345 -0.345 -0.345 -0.26920831 -0.19333333 -0.19333333 -0.19333333 -0.19333333 0.011666667 0.011666667 0.011666667 0.023308282 0.38166667 0.38166667 0.38166667 0.28333333 0.28333333 0.38166667 0.38166667 0.38166667 0.63666666 0.63666667
0.215 0.14798597 -0.37833333 -0.37822502 -0.005 -0.041454515 -0.041666667 -0.041666667 0.0093463412 0.33999999 0.34 0.34 0.34 -0.35664399 -0.35666667 -0.30666671 -0.30666667 -0.31733782 -0.71166667 -0.71166667 -0.71166667 -0.65 -0.65 -0.65 -0.20666667 -0.20666667 -0.14666667 -0.14666667 -0.14666667 -0.14666669 -0.17666774 -0.17666714 -0.34076919 -0.34481954 -0.22680073 -0.22666667 -0.22666667 -0.22666667 -0.22666667 0.011666667 0.011666667 0.011666667 0.36129334 0.38166667 0.38166667 0.38166664 0.28333333 0.28333333 0.28333687 0.38166667 0.38165877 0.205 0.63666667
-0.09660748 -0.096666716 -0.37833333 -0.37833333 -0.37833333 -0.041666667 -0.041666667 -0.041666667 0.098333333 0.098333333 0.34 0.34 0.34 -0.35666667 -0.35666667 -0.35666667 -0.35666667 -0.35670587 -0.71166667 -0.71166667 -0.71166666 -0.65 -0.65 -0.65 -0.20666667 -0.20666667 -0.14666667 -0.14666667 -0.14666667 -0.17632841 -0.17666667 -0.17666667 -0.17666667 -0.17666667 -0.22664199 -0.22666667 -0.22666667 -0.22666667 -0.22666667 0.06333332 0.063333333 0.063333333 0.063333333 0.38166549 0.22833333 0.22833333 0.22833333 0.24833333 0.24833333 0.24833333 0.205 0.205 0.205
-0.096666667 -0.096666667 -0.37833333 -0.37833333 -0.37833333 -0.043436247 -0.041666667 0.098333333 0.098333333 0.098333333 0.33997025 0.34 -0.086266731 -0.35666663 -0.35666667 -0.35666667 -0.35666667 -0.31 -0.31 -0.31 -0.59666667 -0.59666671 -0.64999974 -0.65 -0.64975992 -0.455 -0.455 -0.45499926 -0.1467165 0.13660422 0.136665 0.13661196 -0.17613115 -0.17639626 -0.2175577 -0.22666665 -0.22656054 -0.195 -0.195 0.063333333 0.063333333 0.063333333 0.063333333 0.22833333 0.22833333 0.22833333 0.22833333 0.24833333 0.24833333 0.24833333 0.205 0.205 0.205
-0.096666667 -0.096666667 -0.37833333 -0.37833333 -0.37833333 -0.37833333 0.010731244 0.098333333 0.098333333 0.098333333 0.098178667 -0.18166667 -0.18166667 -0.18166667 -0.35563535 -0.35666667 -0.31031098 -0.31 -0.31 -0.31 -0.59666667 -0.59666667 -0.59666667 -0.59666667 -0.455 -0.455 -0.455 -0.455 -0.455 0.13666667 0.13666667 0.13666667 0.13666667 0.13666681 0.20333333 -0.195 -0.195 -0.195 -0.195 -0.19500021 -0.30166667 -0.30166667 -0.30166667 -0.1948211 0.026666667 0.026666667 0.026666667 0.24833333 0.24833311 0.021666667 0.021666667 0.39495378 0.395
-0.096666667 -0.096666667 -0.27667145 -0.37833333 -0.37833333 -0.37833334 -0.80006959 0.09549703 0.098333333 0.098333332 -0.18166675 -0.18166667 -0.18166667 -0.18166667 -0.18166667 -0.19602994 -0.31 -0.31 -0.31 -0.31 -0.59666445 -0.59666667 -0.59666667 -0.59666667 -0.455 -0.455 -0.455 -0.455 -0.455 -0.19832691 0.13666667 0.13666667 0.13666667 0.20333333 0.20333333 0.20302402 -0.195 -0.195 -0.12277676 -0.066666679 -0.30166667 -0.30166667 -0.30166667 -0.19599467 0.026666667 0.026666667 0.026666667 0.10833333 0.022746525 0.021666667 0.021666667 0.395 0.395
-0.54833333 -0.54833333 -0.54833333 -0.42095701 -0.37874332 -0.80166667 -0.80166667 -0.80166667 -0.80166667 -0.58666667 -0.58666667 -0.1816667 -0.18166667 -0.18166667 -0.18166667 -0.1816748 -0.31 -0.31 -0.31 -0.31 -0.47157463 -0.59666667 -0.59666667 -0.58763787 -0.26072087 -0.455 -0.455 -0.455 -0.31666667 -0.31666667 -0.31666667 -0.31666476 0.20333333 0.20333333 0.20333333 0.20333333 -0.066666667 -0.066666667 -0.066666667 -0.066666667 -0.425 -0.425 -0.425 0.079989847 0.08 0.08 0.079999983 0.10833333 0.10833333 0.021772265 0.021666667 0.39499902 0.395
-0.54833333 -0.54833333 -0.54833333 -0.54833908 -0.655 -0.67632774 -0.80166667 -0.80166667 -0.80166667 -0.58666667 -0.58666667 -0.58666667 -0.28333333 -0.28333333 -0.28333333 -0.28333334 -0.31050986 -0.31 -0.31 -0.31 -0.31432805 -0.25166761 -0.25166667 -0.25166667 -0.25166667 -0.25166668 -0.775 -0.775 -0.31666667 -0.31666667 -0.31666667 -0.31666667 0.20333322 0.20333333 0.20333333 0.20332084 -0.066666672 -0.066666667 -0.066666667 -0.067522099 -0.425 -0.425 -0.425 0.079976582 0.08 0.08 0.08 0.10833333 0.10833333 0.10833335 0.2 0.2 0.65833333
-0.54833333 -0.54833333 -0.54833333 -0.65499975 -0.655 -0.655 -0.80166661 -0.80166667 -0.80166667 -0.58666667 -0.58666667 -0.58666667 -0.28333333 -0.28333333 -0.28333333 -0.306562 -0.58833333 -0.58833333 -0.58833261 -0.3115721 -0.25166667 -0.25166667 -0.25166667 -0.25166667 -0.25166667 -0.2520605 -0.775 -0.775 -0.775 -0.31666667 -0.31666667 -0.31657977 0.05 0.05 0.05 -0.24666667 -0.24666667 -0.26166667 -0.26166667 -0.26166667 0.165 -0.42481493 -0.42499448 0.315 0.315 0.30609377 0.080000669 0.10833333 0.10833333 0.2 0.2 0.2 0.65833333
-0.54833333 -0.54833333 -0.54833333 -0.655 -0.655 -0.655 -0.655 -0.80166667 -0.80166667 -0.58666667 -0.58666667 -0.29546229 -0.28333333 -0.28333333 -0.28333333 -0.58833333 -0.58833333 -0.58833333 -0.58833333 -0.58833333 -0.25166667 -0.25166667 -0.25166667 -0.25166667 -0.25166667 -0.77499821 -0.775 -0.775 -0.775 -0.18166667 -0.18166667 -0.18166667 0.05 0.05 0.05 -0.24666667 -0.24666667 -0.26166667 -0.26166667 0.165 0.165 0.165 0.315 0.315 0.315 0.315 0.34347774 0.66166667 0.66166667 0.66166667 0.20000001 0.87 0.87
-0.54833333 -0.54833333 -0.54848187 -0.655 -0.655 -0.655 -0.655 -0.62643965 -0.625 -0.62493419 -0.58666666 -0.28334785 -0.28333333 -0.28333333 -0.28333439 -0.58833333 -0.58833333 -0.58833333 -0.58833333 -0.58833333 -0.96613396 -0.25166667 -0.25166667 -0.25166667 -0.25177961 -0.77500141 -0.775 -0.775 -0.775 -0.18166667 -0.18166667 -0.18166667 -0.1816331 0.05 -0.24666667 -0.24666667 -0.24666667 -0.24666696 -0.26163757 0.165 0.165 0.165 0.31499089 0.315 0.315 0.315 0.66166835 0.66166667 0.66166667 0.66166667 0.87 0.87 0.87
