interpolatedSpi/02-06|20_1.tif
NCOLS 53
NROWS 52
XLLCORNER -116.03883
YLLCORNER 28.596182
DX 0.49850594
DY 0.49788537
NODATA_VALUE -9999
[rows 0 to 27 of 52, columns 0 to 52 of 53]
0.31666667 0.31666667 0.067997154 -0.105 0.26 0.18166667 0.47166667 0.20666667 -0.028146182 -0.045 -0.018333333 0.086666667 -0.079954573 0.47166667 -0.068333333 -0.068333333 -0.068333333 0.42 0.425 0.425 0.425 0.42499514 -0.08 -0.058333333 -0.058333333 -0.058333333 0.27000166 0.27 0.27 0.12 0.12 0.12 0.12 0.29666663 0.29666667 0.29666667 0.29666667 0.29666667 0.29666667 0.29666668 0.62644741 0.62974498 -0.37166667 -0.37166667 -0.37166667 -0.37166667 -0.37155778 -0.305 -0.305 -0.305 0.53499826 0.535 0.535
0.31665178 -0.018333333 0.091667094 0.18575814 0.42472358 0.44 0.505 0.27512121 0.038333333 0.036666667 0.04 -0.08 -0.08 0.36037235 0.47166055 -0.068333333 0.42 0.42 0.42499348 0.425 0.425 0.425 -0.06605344 -0.058333333 -0.058333333 -0.058333333 0.054999992 0.055 0.12 0.12 0.12 0.12 0.12 0.29666664 0.29666667 0.29666667 0.29666667 0.29666667 0.29666666 0.24122226 -0.051639234 -0.33283703 -0.37166667 -0.37166667 -0.37166667 -0.37166667 -0.37166667 -0.305 -0.305 -0.305 -0.2353464 0.535 0.535
0.919964 0.92 0.46166667 0.85833333 0.17333333 0.22166667 0.28833333 -0.021666667 -0.078333333 -0.066666667 0.365 -0.43833333 -0.11666667 -0.055 0.36 -0.065 0.42 0.42 0.42 0.38501163 0.385 0.385 -0.205 -0.058333333 -0.058333333 -0.058333333 0.055 0.055 0.055 0.12 0.12 0.11999998 -0.1247117 0.29579302 0.29531703 0.15299537 0.15166667 0.15166667 0.12609269 -0.051666665 -0.051666667 -0.052075865 -0.37166667 -0.37166667 -0.37166667 -0.37166667 -0.37166667 -0.305 -0.305 -0.305 -0.305 0.535 0.535
0.49166667 0.91999988 0.30996426 0.43333333 -0.016666667 0.25 0.245 -0.395 -0.0083333333 -0.0039150149 -0.205 -0.25166667 -0.17333333 -0.055 0.091666667 -0.065 -0.041845189 -0.041343196 -0.33 0.385 0.385 -0.835 -0.205 -0.205 -0.058333333 -0.058332767 0.055 0.055 0.055 -0.59833333 -0.48311101 -0.38833333 -0.38833333 -0.38833291 0.15166667 0.15166667 0.15166667 0.15166667 -0.051666667 -0.051666667 -0.051666667 -0.051666679 -0.37166667 -0.37166667 -0.37166667 -0.37166667 -0.37166667 -0.30500084 -0.305 -0.305 -0.305 0.53495253 0.535
0.49166667 0.0050005594 0.31 0.082237227 -0.016666667 -0.085 -0.19997792 -0.20333333 -0.32333333 -0.076666674 -0.16331687 -0.20163229 0.038333333 0.091666667 0.091666667 -0.012792122 -0.041666667 -0.041666667 -0.33 -0.33 0.38499755 -0.835 -1.0033333 -0.24166667 -0.12833333 -0.12842411 0.055 0.055 -0.59833333 -0.59833333 -0.38833333 -0.38833333 -0.38833333 -0.40436198 0.15166667 0.15166667 0.15166667 -0.051666667 -0.051666667 -0.051666667 -0.051666667 -0.051671493 -0.37166666 -0.37166667 -0.37166667 -0.37166667 -0.37166667 -0.37107325 -0.305 -0.3050275 -0.91833333 -0.91833333 -0.91833333
-0.66166667 0.098333333 0.44666666 0.135 0.19 0.35166667 0.11166667 0.071337645 0.215 -0.19666667 0.011666667 -0.063333333 -0.063333266 -0.055 -0.055 -0.17332166 -0.17333333 -0.175 -0.175 -0.33000024 -0.995 -0.995 -0.24166667 -0.12833333 -0.12833333 -0.51666667 -1.0133333 -1.0133333 -0.116711 -0.59833333 -0.38833333 -0.38833333 -0.47333333 -0.47329885 -0.14335709 -0.56166667 -0.56166667 -0.20944681 -0.051666667 -0.051666667 -0.10160431 -0.10166667 -0.10166627 -0.97908472 -0.98993166 -0.98999984 -0.98999998 -0.98999978 -1.948074 -0.91833333 -0.91833333 -0.91833333 -0.91833333
-0.43000457 0.13666667 -0.24619318 0.27 0.56333333 -0.013333333 0.0083333335 -0.06 -0.05 -0.05 0.011666667 0.068333333 -0.45499997 -0.055 -0.12499979 -0.125 -0.17333333 -0.36333333 -0.60166667 -0.60166667 -0.9023179 -0.79833333 -0.79833333 -0.80999999 -0.51666667 -0.51666667 -1.0133333 -1.0133333 -0.11669279 -0.11714769 0.29234728 -0.47333333 -0.47333333 -0.14333333 -0.14333333 -0.57528267 -0.56166667 -0.56166667 -0.84499018 -0.1016677 -0.10166667 -0.10166667 -0.10166499 -0.98999672 -0.99 -0.99 -0.99 -0.99000071 -2.1816667 -0.91858369 -0.91833333 -0.91833333 -0.91833333
-0.43 -0.52166667 -0.063333333 -0.335 -0.51665625 -0.14833333 -0.10166667 -0.29666665 0.0066666667 -0.165 -0.165 -0.38666667 -0.455 -0.455 -0.12726411 -0.41037052 -0.43833333 -0.26333333 -0.61666665 -0.60166667 -1.0173882 -0.99333333 -1.18 -0.60166667 -0.60166875 -0.76333333 -1.01 -1.01 -0.56342898 -0.56499998 0.295 -0.046709559 0.036666667 -0.14333333 -0.15379111 -0.58666667 -0.58666667 -0.845 -0.845 -0.10166667 -0.10166667 -0.10166666 -0.40023445 -0.4016667 -0.99 -0.99 -0.99 -2.1816213 -2.1816667 -2.1816667 -0.91833333 -0.91833333 -0.91833333
-0.51686234 -0.52166666 -0.56833333 -0.078333333 -0.225 -0.405 -0.18666667 0.44166667 0.21833333 0.38313711 0.031666667 -0.21833334 -0.21833333 -0.35333333 -0.35333233 -0.6676923 -0.66833333 -0.66833333 -0.31727021 -1.0616667 -1.2766667 -1.2766667 -1.14 -1.1642367 -0.7470416 -0.76333333 -0.95 -1.01 -0.49964965 -0.49666667 -0.07 0.40333333 0.11876847 -0.77833333 -0.51 -0.59333333 -0.495 -0.34 -0.45994459 -0.10085575 0.08 -0.21166667 -0.40165717 -0.40166667 -0.40497813 -0.99 -1.2566667 -2.1816667 -2.1816667 -2.1816667 -2.1816667 -0.9160507 -1.0133333
-0.49 -0.49 -0.41 -0.13166667 -0.058333333 -0.135 -0.046666667 0.05 0.50333333 0.42498683 0.13166667 -0.10333333 -0.35333333 -0.35333333 -0.24666667 -0.25245002 -0.66833333 -0.66829987 -0.53333333 -1.0616667 -1.0616667 -1.0893659 -1.14 -1.2949971 -1.295 -1.295 -0.95 -0.37 -0.37 -0.49666667 -0.49666667 0.40226175 -0.16166667 -0.77833333 -0.54666667 -0.59333333 -0.495 -0.955 -0.46 0.11223956 -0.21166665 -0.26003302 -0.34333333 -0.40166667 -0.40166667 -1.2566667 -1.2566667 -1.2566667 -2.1816667 -2.1816667 -0.9 -0.9 -0.90000004
-0.49 -0.49 -0.75333333 -0.59666667 -0.43833333 -0.15333333 -0.36666666 0.12991864 -0.145 -0.17833333 -0.27333333 -0.45333333 -0.10379966 -0.24666667 -0.24666667 -0.24668589 -0.41333333 -0.4196315 -0.53333333 -0.115 -0.115 -0.51333333 -0.51333333 -1.295 -1.295 -1.295 -0.37 -0.37 -0.37 -1.065 -1.065 -1.0649985 -0.37166667 -0.37166667 -0.66833333 -0.93833333 -0.34333333 -0.81833362 -1 0.12166667 0.12166667 -0.33166671 -0.34333333 -0.40166667 -0.59000002 -0.66666667 -0.24935701 -0.245 -0.59333333 -0.59333333 -0.9 -0.9 -0.9
-0.49 -0.6036722 -0.68647808 -0.80498902 -0.50666667 -0.60666667 -0.36666667 0.13 -0.1449977 -0.17796404 -0.45333298 -0.45333333 -0.04 -0.24666667 -0.24666667 -0.41333333 -0.41333333 -0.41334016 -0.53333333 -0.115 -0.19322456 -0.51333333 -0.51333333 -1.2949682 -1.295 -1.0802366 -0.64166667 -0.64166667 -0.64166663 -1.065 -1.065 -1.2566667 -1.2566667 -0.37166748 -0.66833333 -0.62499994 -0.42484676 -0.81833333 -0.81833333 0.12166665 -0.33166667 -0.33166667 -0.33166854 -0.59 -0.59 -0.66666667 -0.245 -0.245 -0.59333333 -0.59333333 -0.9 -0.9 -0.9
0.055 0.17754776 0.25496802 0.24732304 -0.50666713 -0.60666431 -0.36666667 0.12388631 -0.12604969 -0.14587042 -0.04 -0.04 -0.04 -0.04 -0.24663739 -0.41333333 -0.41333333 -0.41488272 -0.53333333 -0.11500844 -0.135 -0.135 -0.135 -0.135 -1.2748282 -0.64166667 -0.64166667 -0.64166667 -0.64166667 -0.64189009 -1.2566667 -1.2566667 -1.2566667 -1.2566667 -0.625 -0.625 -0.625 -0.80905031 -0.81669353 -0.6 -0.6 -0.3316811 -0.70999589 -0.59001156 -0.59 -0.66666667 -0.245 -0.245 -0.59333333 -0.59333333 -0.89888745 -0.9 -1.0232925
0.055 0.255 0.255 0.255 0.255 0.25499964 -0.36728098 -0.13169817 -0.075492032 -0.040113895 -0.04 -0.04 -0.04 -0.04 -0.039999996 -0.41333333 -0.41333335 -0.42156451 -0.53333037 -0.135 -0.135 -0.135 -0.135 -0.135 -0.14418911 -0.58396806 -0.55666668 -0.55666667 -0.55666667 -0.55666667 -1.2566667 -1.2566667 -1.2566665 -1.0916667 -1.0916667 -0.625 -0.9652671 -0.975 -0.60000022 -0.6 -0.6 -0.6 -0.71 -0.71 -0.71 -0.70969844 -0.62923845 -0.63166667 -0.63166667 -0.63166667 -0.63166667 -0.025000181 -0.025
0.415 0.255 0.255 0.255 0.255 0.255 0.25499996 -0.17207081 -0.030067566 -0.03 -0.03 -0.03 -0.03 -0.03 -0.03 -0.065969959 -0.40784257 -0.42976525 -0.13505004 -0.135 -0.135 -0.135 -0.135 -0.13500017 -0.56 -0.56 -0.56 -0.55666667 -0.55666667 -0.55724404 -0.845 -0.845 -1.0916667 -1.0916667 -1.0916667 -0.99368852 -0.975 -0.975 -0.975 -0.6 -0.6 -0.6 -0.71 -0.71 -0.71 -0.71 -0.63166667 -0.63166667 -0.63166667 -0.63166667 -0.63166667 -0.025 -0.025
0.415 0.35543382 0.255 0.255 0.255 0.255 0.023378802 0.023333333 0.023333332 -0.03 -0.03 -0.03 -0.03 -0.03 -0.038088923 -0.066666667 -0.066666667 -0.066666667 -0.28454292 -0.28499985 -0.285 -0.285 -0.285 -0.285 -0.56 -0.56 -0.56 -0.56 -0.55666667 -0.845 -0.845 -0.845 -1.0916666 -1.0916667 -1.0916667 -0.49833333 -0.97436888 -0.975 -0.975 -0.60002062 -0.64088666 -0.7362582 -0.71 -0.71 -0.53720158 -0.53666667 -0.53666667 -0.63087284 -0.15002236 -0.14833338 -0.14833342 0.069985566 -0.024999807
0.415 0.29822306 0.27524184 0.255 0.255 0.023470213 0.023333333 0.023333333 0.023333333 0.022948998 -0.03 -0.03 -0.03 -0.030000004 -0.066666667 -0.066666667 -0.066666667 -0.066666667 -0.28480497 -0.285 -0.285 -0.285 -0.285 -0.285 -0.55999999 -0.56 -0.56 -0.56 -0.56103664 -0.845 -0.845 -0.845 -0.51833334 -1.0915925 -0.49833333 -0.49833333 -0.49833333 -0.49893677 -0.7517486 -0.73666667 -0.73666667 -0.73666667 -0.5 -0.5 -0.53666667 -0.53666667 -0.53666667 -0.14833334 -0.14833333 -0.14833333 -0.14833333 0.07 0.07
0.2952294 0.295 0.295 0.295 0.15 0.023336601 0.023333333 0.023333333 0.023333333 0.023333333 -0.00072614784 -0.029994962 -0.029999989 -0.066666667 -0.066666667 -0.066666667 -0.066666667 -0.066666667 -0.1067195 -0.285 -0.285 -0.285 -0.285 -0.285 -0.35194108 -0.25000168 -0.25 -0.25 -0.25 -0.84499998 -0.51833334 -0.51833333 -0.51833333 -0.51833333 -0.49833333 -0.49833469 -0.55 -0.55 -0.73433586 -0.73666667 -0.73666667 -0.73666667 -0.5 -0.5 -0.5309894 -0.53666667 -0.53666667 -0.14833333 -0.14833333 -0.14833333 -0.14599223 0.07 0.07
0.295 0.295 0.295 0.22671734 0.15 0.15 0.023333333 0.023333333 0.023333333 0.023333333 0.35666667 0.35666667 0.35666667 -0.066666667 -0.066666667 -0.066666667 -0.066666667 -0.066674929 -0.43 -0.43 -0.28500006 -0.285 -0.28402617 -0.245 -0.24504501 -0.25 -0.25 -0.25 -0.25 -0.51830601 -0.51833333 -0.51833333 -0.51833333 -0.51833333 -0.54999982 -0.55 -0.55 -0.55 -0.55063315 -0.73666667 -0.73666667 -0.73666667 -0.5 -0.5 -0.5 -0.53666667 -0.53666667 -0.14833333 -0.14833333 -0.14833333 0.07 0.07 0.07
0.295 0.295 0.295 0.15 0.15 0.15 0.14999981 0.023333333 0.023333333 0.35632257 0.35666667 0.35666667 0.35666667 0.35640291 -0.10713779 -0.11666667 -0.11666667 -0.11666667 -0.43 -0.43 -0.43 -0.245 -0.245 -0.245 -0.24495611 -0.1652019 -0.25 -0.25 -0.25 -0.31832517 -0.28002344 -0.28 -0.28 -0.28 -0.38078448 -0.14333426 -0.14333333 -0.14333333 -0.14333333 -0.00010079702 -3.5168703e-13 -6.9566105e-15 -0.5 -0.5 0.33332985 0.33333332 0.29833333 0.29833333 0.32333333 0.32333333 0.32333333 0.07 0.39637459
0.29500021 0.295 0.29499999 0.15 0.15 0.15 0.15 0.078333317 0.023553245 0.35672561 0.35666667 0.35666667 0.35666667 0.35573786 -0.11666667 -0.11666667 -0.11666667 -0.11666676 -0.43 -0.43 -0.43 -0.245 -0.245 -0.245 -0.088333333 -0.088333333 -0.20166666 -0.20166667 -0.20166667 -0.202094 -0.28 -0.28 -0.28 -0.28 -0.21170421 -0.14333333 -0.14333333 -0.14333333 -0.14333333 1.3877788e-17 1.3877788e-17 1.3877788e-17 0.010487942 0.33333333 0.33333333 0.33333333 0.29833333 0.29833333 0.32333333 0.32333333 0.32333333 0.39666666 0.39666667
0.36333333 0.31597468 -0.21166667 -0.21156174 0.15 0.078747994 0.078333333 0.078333333 0.14513608 0.42166666 0.42166667 0.42166667 0.42166667 -0.18164703 -0.18166667 -0.11666672 -0.11666667 -0.12492254 -0.43 -0.43 -0.43 -0.40333333 -0.40333333 -0.40333333 -0.088333333 -0.088333333 -0.20166667 -0.20166667 -0.20166667 -0.20166669 -0.24000025 -0.24000011 -0.27899466 -0.27995712 -0.28665786 -0.28666667 -0.28666667 -0.28666667 -0.28666667 1.3877453e-17 1.3877788e-17 1.3877786e-17 0.31497893 0.33333333 0.33333333 0.33333331 0.29833333 0.29833333 0.29833423 0.32333333 0.32332663 0.17333333 0.39666667
0.035062352 0.034999957 -0.21166667 -0.21166667 -0.21166667 0.078333333 0.078333333 0.078333333 0.26166667 0.26166667 0.42166667 0.42166667 0.42166667 -0.18166667 -0.18166667 -0.18166667 -0.18166667 -0.18169398 -0.43 -0.43 -0.43 -0.40333333 -0.40333333 -0.40333333 -0.088333333 -0.088333333 -0.20166667 -0.20166667 -0.20166667 -0.23956779 -0.24 -0.24 -0.24 -0.24 -0.28664364 -0.28666667 -0.28666667 -0.28666667 -0.28666667 -0.046666655 -0.046666667 -0.046666667 -0.046666667 0.33333241 0.21333333 0.21333333 0.21333333 0.315 0.315 0.315 0.17333333 0.17333333 0.17333333
0.035 0.035 -0.21166667 -0.21166667 -0.21166667 0.076809042 0.078333333 0.26166667 0.26166667 0.26166667 0.42164697 0.42166667 0.063493663 -0.18166663 -0.18166667 -0.18166667 -0.18166667 -0.18166667 -0.18166667 -0.18166667 -0.475 -0.47499995 -0.40333368 -0.40333333 -0.40325674 -0.42333333 -0.42333333 -0.4233328 -0.20170249 -0.04837153 -0.048334354 -0.048366796 -0.23967242 -0.23983459 -0.27823121 -0.28666673 -0.28721403 -0.45 -0.45 -0.046666667 -0.046666667 -0.046666667 -0.046666667 0.21333333 0.21333333 0.21333333 0.21333333 0.315 0.315 0.315 0.17333333 0.17333333 0.17333333
0.035 0.035 -0.21166667 -0.21166667 -0.21166667 -0.21166667 0.14694964 0.26166667 0.26166667 0.26166667 0.26151292 -0.016666667 -0.016666667 -0.016666667 -0.18069428 -0.18166667 -0.18166667 -0.18166667 -0.18166667 -0.18166667 -0.475 -0.475 -0.475 -0.475 -0.42333333 -0.42333333 -0.42333333 -0.42333333 -0.42333333 -0.048333333 -0.048333333 -0.048333333 -0.048333333 -0.048333709 -0.22666667 -0.45 -0.45 -0.45 -0.45 -0.44999956 -0.37333333 -0.37333333 -0.37333333 -0.23774306 0.043333333 0.043333333 0.043333333 0.31499999 0.31499978 0.085 0.085 0.27830779 0.27833333
0.035 0.035 -0.12263732 -0.21166667 -0.21166667 -0.21166667 -0.46038309 0.25938712 0.26166667 0.26166667 -0.016666736 -0.016666667 -0.016666667 -0.016666667 -0.016666667 -0.03021573 -0.18166667 -0.18166667 -0.18166667 -0.18166667 -0.47499773 -0.475 -0.475 -0.475 -0.42333333 -0.42333333 -0.42333333 -0.42333333 -0.42333333 -0.33652634 -0.048333333 -0.048333333 -0.048333333 -0.22666667 -0.22666667 -0.22684009 -0.45 -0.45 -0.37121101 -0.31000001 -0.37333333 -0.37333333 -0.37333333 -0.23957092 0.043333333 0.043333333 0.043333333 0.083333333 0.084979233 0.085 0.085 0.27833333 0.27833333
-0.42166667 -0.42166667 -0.42166667 -0.26431944 -0.21203657 -0.46166667 -0.46166667 -0.46166667 -0.46166667 -0.34833333 -0.34833333 -0.01666669 -0.016666667 -0.016666667 -0.016666667 -0.016677133 -0.18166667 -0.18166667 -0.18166667 -0.18166667 -0.34699885 -0.475 -0.475 -0.46557865 -0.12872974 -0.42333333 -0.42333333 -0.42333333 -0.43833333 -0.43833333 -0.43833333 -0.4383317 -0.22666667 -0.22666667 -0.22666667 -0.22666667 -0.31 -0.31 -0.31 -0.31 -0.43833333 -0.43833333 -0.43833333 0.014990886 0.015 0.015 0.015000009 0.083333333 0.083333333 0.084997969 0.085 0.278333 0.27833333
-0.42166667 -0.42166667 -0.42166667 -0.42166891 -0.46333333 -0.46309097 -0.46166667 -0.46166667 -0.46166667 -0.34833333 -0.34833333 -0.34833333 -0.24666666 -0.24666667 -0.24666667 -0.24666667 -0.18214294 -0.18166667 -0.18166667 -0.18166667 -0.18609499 -0.11500099 -0.115 -0.115 -0.115 -0.11500002 -0.575 -0.575 -0.43833333 -0.43833333 -0.43833333 -0.43833333 -0.22666669 -0.22666667 -0.22666667 -0.22666952 -0.31 -0.31 -0.31 -0.30996344 -0.43833333 -0.43833333 -0.43833333 0.014978978 0.015 0.015 0.015 0.083333333 0.083333333 0.083333351 0.21166667 0.21166667 0.46166667
