interpolatedSpi/02-04|19_1.tif
NCOLS 53
NROWS 52
XLLCORNER -116.03883
YLLCORNER 28.596182
DX 0.49850594
DY 0.49788537
NODATA_VALUE -9999
[rows 0 to 31 of 52, columns 0 to 52 of 53]
-0.56 -0.56 -0.59849288 -0.53666667 -0.38 -0.50333333 -0.85 -1.0166667 -0.96414223 -0.70666667 -0.37 -0.61666667 -0.77996679 -0.37666667 -0.74666667 -0.74666667 -0.74666667 -0.25666667 -0.88666667 -0.88666667 -0.88666667 -0.88667473 -1.7233333 -0.8 -0.8 -0.8 -0.9666645 -0.96666667 -0.96666667 -1.5166667 -1.5166667 -1.5166667 -1.5166667 -1.6633333 -1.6633333 -1.6633333 -1.6633333 -1.6633333 -1.6633333 -1.6633333 0.10429444 0.12313959 -0.63666667 -0.63666667 -0.63666667 -0.63666667 -0.63784812 -1.36 -1.36 -1.36 -1.0300007 -1.03 -1.03
-0.56001081 -0.80333333 -0.59333281 -0.50993407 -0.63024795 -0.54 -0.15333333 -0.59676874 -1.4466667 -1.03 -0.91 -0.78 -0.78 -0.32683339 -0.37666933 -0.74666667 -0.25666667 -0.25666667 -0.88584523 -0.88666667 -0.88666667 -0.88666667 -0.8049128 -0.8 -0.8 -0.8 -0.43666669 -0.43666667 -1.5166667 -1.5166667 -1.5166667 -1.5166667 -1.5166667 -1.6633333 -1.6633333 -1.6633333 -1.6633333 -1.6633333 -1.6633332 -1.3825447 -0.023386552 -0.56224347 -0.63666667 -0.63666667 -0.63666667 -0.63666667 -0.63666667 -1.36 -1.36 -1.36 -1.3326361 -1.03 -1.03
-0.33000808 -0.33 -0.14333333 0.35333333 -0.44333333 -1.02 -0.63 -0.74 -0.91666667 -0.68666667 -0.8 -1.2133333 -0.68 -0.23333333 -0.32666667 -0.69333333 -0.25666667 -0.25666667 -0.25666667 -0.80668992 -0.80666667 -0.80666667 -0.89333333 -0.8 -0.8 -0.8 -0.43666667 -0.43666667 -0.43666667 -1.5166667 -1.5166667 -1.5166667 -1.50062 -1.6593696 -1.6456174 0.22255886 0.24 0.24 0.20687961 -0.023333332 -0.023333333 -0.024117631 -0.63666667 -0.63666667 -0.63666667 -0.63666667 -0.63666667 -1.36 -1.36 -1.36 -1.36 -1.03 -1.03
0.42666667 -0.33000002 -0.42671211 0.11666667 -0.44333333 -0.60333333 -0.74 -1.2466667 -0.89666667 -0.072380586 -0.71333333 -0.90333333 -0.80666667 -0.23333333 -0.61 -0.69333333 -0.81903088 -0.8196053 -1.1733333 -0.80666667 -0.80666667 -0.77333333 -0.89333333 -0.89333333 -0.8 -0.79999819 -0.43666667 -0.43666667 -0.43666667 -0.77333333 -1.1628945 -1.4833333 -1.4833333 -1.483332 0.24 0.24 0.24 0.24 -0.023333333 -0.023333333 -0.023333333 -0.023333356 -0.63666667 -0.63666667 -0.63666667 -0.63666667 -0.63666667 -1.3599909 -1.36 -1.36 -1.36 -1.0299541 -1.03
0.42666667 -0.61333299 -0.42666667 -0.65155624 -0.44333333 -0.82333333 -1.2832927 -1.06 -1.0833333 -0.96666672 -0.99586061 -1.0066523 -0.90666667 -0.61 -0.61 -0.66774829 -0.82 -0.82 -1.1733333 -1.1733333 -0.80666664 -0.77333333 -1.0366667 -0.98666667 -0.67 -0.67004204 -0.43666667 -0.43666667 -0.77333333 -0.77333333 -1.4833333 -1.4833333 -1.4833333 -1.3714465 0.24 0.24 0.24 -0.023333333 -0.023333333 -0.023333333 -0.023333333 -0.023333012 -0.63666666 -0.63666667 -0.63666667 -0.63666667 -0.63666667 -0.64310523 -1.36 -1.3599221 0.37666667 0.37666667 0.37666667
-1.5366667 -0.67666667 0.62999999 -0.31333333 -0.053333333 -0.77 -0.34333333 -0.43508719 -0.93666667 -0.75 -1.05 -0.75666667 -0.75666677 -1.58 -1.58 -0.9832432 -0.98333333 -0.66666667 -0.66666667 -1.1733329 -1.17 -1.17 -0.98666667 -0.67 -0.67 -0.85 -0.85666667 -0.85666667 -0.71333874 -0.77333333 -1.4833333 -1.4833333 -0.89 -0.8899805 -0.70334672 -0.79 -0.79 -0.26051917 -0.023333333 -0.023333333 -0.020004157 -0.019999999 -0.019999024 0.43409185 0.45321287 0.45333304 0.4533333 0.45333292 -0.16230374 0.37666667 0.37666667 0.37666667 0.37666667
-0.93334342 -0.41666667 -0.65391243 -0.47666667 -0.07 -0.40666667 -0.70666667 -0.84 -0.63666667 -0.63666667 -1.05 -0.90666667 -1.2366664 -1.58 -0.61000291 -0.61 -0.98333333 -0.72333333 -0.7 -0.7 -1.1181609 -1.06 -1.06 -0.75333333 -0.85 -0.85 -0.85666667 -0.85666667 -0.71333139 -0.71329757 -0.58695496 -0.89 -0.89 -0.70333333 -0.70333333 -0.70467306 -0.79 -0.79 -0.80999931 -0.0200011 -0.02 -0.02 -0.019993741 0.45333371 0.45333333 0.45333333 0.45333333 0.45333294 -0.21333333 0.37654974 0.37666667 0.37666667 0.37666667
-0.93333333 -1.8 -0.94 -1.1233333 -0.58669743 -1.0133333 -0.52666667 -0.67333333 -0.90333333 -0.25 -0.25 -0.27333333 -1.2366667 -1.2366667 -0.61429951 -0.71929084 -0.73 -0.25666667 -0.78999991 -0.7 -0.15235247 -0.07 -0.72 -0.57333333 -0.57333312 -0.55666667 -0.67666667 -0.67666673 -0.6801168 -0.68 -0.58666667 -0.30019375 -0.56333333 -0.70333333 -0.71008335 -0.63333333 -0.63333333 -0.81 -0.81 -0.02 -0.02 -0.019999992 0.5185753 0.52 0.45333333 0.45333333 0.45333333 -0.21330796 -0.21333333 -0.21333333 0.37666667 0.37666667 0.37666667
-1.6629503 -1.8 -1.0933333 -0.12333333 -0.8 -1.3 -0.81333333 -0.36333333 -0.03 -0.067213755 0.066666667 -1.5537189e-09 -5.6358876e-26 -0.0033333333 -0.0033315155 -1.1853939 -1.1866667 -1.1866667 -0.33808083 -0.14000019 -1.04 -1.04 -0.47 -0.62147911 -0.55834623 -0.55666667 -0.46 -0.67666667 -1.094226 -1.0966667 -0.22666667 -0.57666667 -0.79827353 -1.2266667 -0.94 -0.95 -0.86 -1.1866667 -0.30374122 -0.01822937 0.37666667 0.36333333 0.51996581 0.52 0.51962476 0.45333333 -0.033333308 -0.21333333 -0.21333333 -0.21333333 -0.21333333 0.39617283 0.37333333
-0.89666667 -0.89666667 -1.2633333 -0.82666667 -1.08 -1.61 -0.80666667 -0.88333333 0.15333333 -0.076651847 0.24666667 -0.47333333 -0.0033333333 -0.0033333333 0.19 0.17111839 -1.1866667 -1.1863203 0.33 -0.14 -0.14 -0.25595019 -0.47 -0.79666048 -0.79666667 -0.79666667 -0.46 -0.15666667 -0.15666667 -1.0966667 -1.0966667 -0.57750118 -1.0166667 -1.2266667 -0.97333333 -0.95 -0.86 -1.22 -0.30333333 0.95920102 0.36333333 0.3437419 0.31 0.52 0.52 -0.033333333 -0.033333333 -0.033333333 -0.21333333 -0.21333333 0.53333333 0.53333333 0.53333327
-0.89666667 -0.89666667 -1.4733333 -1.78 -0.87333333 -0.67 -0.77333333 -0.73027005 -0.88 -0.83333333 0.13333333 -0.46333333 -0.47331932 0.19 0.19 0.19002192 0.38 0.37737577 0.33 0.10666667 0.10666667 0.31333333 0.31333333 -0.79666667 -0.79666667 -0.79666667 -0.15666667 -0.15666667 -0.15666667 -0.83 -0.83 -0.83000031 -0.82333333 -0.82333333 -1.07 -0.64 -0.12666667 -0.28999972 -0.59333333 0.98 0.98 0.15000053 0.31 0.52 0.37999992 0.23333333 0.39813373 0.4 0.58 0.58 0.53333333 0.53333333 0.53333333
-0.89666667 -1.1457959 -1.6041989 -1.7233374 -1.0233333 -0.68666667 -0.77333333 -0.73 -0.87999875 -0.83385034 -0.46333381 -0.46333333 0.36333333 0.19 0.19 0.37999999 0.38 0.37999715 0.33 0.10666667 0.1472518 0.31333333 0.31333333 -0.79662184 -0.79666667 -0.5983392 -0.19333333 -0.19333333 -0.19333333 -0.83 -0.83 -0.1 -0.1 -0.82333401 -1.07 0.54666592 -0.14751215 -0.29 -0.29 0.97999997 0.15 0.15 0.15000169 0.38 0.38 0.23333333 0.4 0.4 0.58 0.58 0.53333333 0.53333333 0.53333333
-0.21 -0.089023051 0.033266149 0.020610337 -1.0233316 -0.68667462 -0.77333333 -0.73053341 -0.86966347 -0.87878141 0.36333333 0.36333333 0.36333333 0.36333333 0.19002455 0.38 0.38 0.37935442 0.33 0.1067703 0.46 0.46 0.46 0.46 -0.77490228 -0.19333333 -0.19333333 -0.19333333 -0.19333333 -0.1936789 -0.1 -0.1 -0.1 -0.1 0.54666667 0.54666667 0.54666667 -0.24961974 -0.28016119 1.02 1.02 0.1500468 0.82998459 0.38004334 0.38 0.23333333 0.4 0.4 0.58 0.58 0.53350263 0.53333333 0.4554443
-0.21 0.033333333 0.033333333 0.033333333 0.033333333 0.033333028 -0.7731115 -0.75284907 -0.84208655 0.36199555 0.36333333 0.36333333 0.36333333 0.36333333 0.36333359 0.38 0.37999999 0.37657034 0.33000112 0.46 0.46 0.46 0.46 0.46 0.45344034 -0.10512746 -0.10000002 -0.1 -0.1 -0.1 -0.099999992 -0.1 -0.099999427 0.37666667 0.37666667 0.54666667 0.82860227 0.83666667 1.0199999 1.02 1.02 1.02 0.83 0.83 0.83 0.82584774 0.61522234 0.61666667 0.61666667 0.61666667 0.61666667 1.0799999 1.08
0.97 0.033333333 0.033333333 0.033333333 0.033333333 0.033333333 0.033333282 -0.34302015 0.71177225 0.72 0.72 0.72 0.72 0.72 0.72 0.5142137 0.38205859 0.37315336 0.45998367 0.46 0.46 0.46 0.46 0.46000017 0.15666667 0.15666667 0.15666631 -0.1 -0.1 -0.098945381 0.42666667 0.42666667 0.37666667 0.37666667 0.37666667 0.76297974 0.83666667 0.83666667 0.83666667 1.02 1.02 1.02 0.83 0.83 0.83 0.83 0.61666667 0.61666667 0.61666667 0.61666667 0.61666667 1.08 1.08
0.97 0.62128964 0.033333333 0.033333333 0.033333333 0.033333333 0.70653451 0.70666667 0.70666667 0.72 0.72 0.72 0.72 0.72 0.67367253 0.51 0.51 0.51 0.60289675 0.60333319 0.60333333 0.60333333 0.60333333 0.60333333 0.15666667 0.15666667 0.15666667 0.15666667 -0.1 0.42666667 0.42666667 0.42666667 0.37666667 0.37666667 0.37666667 0.98666667 0.83686527 0.83666667 0.83666667 1.0199735 0.96714651 0.84386135 0.83 0.83 0.77018516 0.77 0.77 0.61700668 0.82261113 0.82333332 0.82333329 1.1999817 1.0800002
0.97 0.70400801 0.36901054 0.033333333 0.033333333 0.70626883 0.70666667 0.70666667 0.70666667 0.70676275 0.72 0.72 0.72 0.71999997 0.51 0.51 0.51 0.51 0.60324996 0.60333333 0.60333333 0.60333333 0.60333333 0.60333333 0.15666668 0.15666667 0.15666667 0.15666667 0.15764875 0.42666667 0.42666667 0.42666667 0.91333332 0.37674167 0.98666667 0.98666667 0.98666667 0.98566617 0.84291299 0.84333333 0.84333333 0.84333333 1.05 1.05 0.77 0.77 0.77 0.82333333 0.82333333 0.82333333 0.82333333 1.2 1.2
0.69712073 0.69666667 0.69666667 0.69666667 0.55666667 0.7066628 0.70666667 0.70666667 0.70666667 0.70666667 0.72504721 0.72000087 0.72 0.51 0.51 0.51 0.51 0.51 0.45797609 0.60333333 0.60333333 0.60333333 0.60333333 0.60333333 0.55830841 0.82666304 0.82666667 0.82666667 0.82666667 0.42666669 0.91333333 0.91333333 0.91333333 0.91333333 0.98666667 0.9866643 0.89666667 0.89666667 0.84399928 0.84333333 0.84333333 0.84333333 1.05 1.05 0.81335364 0.77 0.77 0.82333333 0.82333333 0.82333333 0.82737218 1.2 1.2
0.69666667 0.69666667 0.69666667 0.63073858 0.55666667 0.55666667 0.70666667 0.70666667 0.70666667 0.70666667 0.78666667 0.78666667 0.78666667 0.51 0.51 0.51 0.51 0.50991131 -0.43 -0.43 0.60333291 0.60333333 0.59318925 0.18666667 0.19242831 0.82666667 0.82666667 0.82666667 0.82666667 0.91332451 0.91333333 0.91333333 0.91333333 0.91333333 0.89666698 0.89666667 0.89666667 0.89666667 0.89650228 0.84333333 0.84333333 0.84333333 1.05 1.05 1.05 0.77 0.77 0.82333333 0.82333333 0.82333333 1.2 1.2 1.2
0.69666667 0.69666667 0.69666667 0.55666667 0.55666667 0.55666667 0.5566669 0.70666667 0.70666667 0.78658408 0.78666667 0.78666667 0.78666667 0.78649428 0.075609972 -0.026666667 -0.026666667 -0.026666669 -0.43 -0.43 -0.43 0.18666667 0.18666667 0.18666667 0.18672736 0.60461804 0.82666667 0.82666667 0.82666667 0.74053794 0.70335399 0.70333333 0.70333333 0.70333333 1.0638878 1.2999991 1.3 1.3 1.3 1.6598883 1.66 1.66 1.05 1.05 1.3133322 1.3133332 0.81666667 0.81666667 1.0466667 1.0466667 1.0466667 1.2 0.91692
0.69666839 0.69666667 0.69666666 0.55666667 0.55666667 0.55666667 0.55666667 0.80999997 0.70707983 0.7867513 0.78666667 0.78666667 0.78666667 0.78507068 -0.026666667 -0.026666667 -0.026666667 -0.026666783 -0.43 -0.43 -0.43 0.18666667 0.18666667 0.18666667 0.40333333 0.40333333 0.56666666 0.56666667 0.56666667 0.56741223 0.70333333 0.70333333 0.70333333 0.70333333 1.0015028 1.3 1.3 1.3 1.3 1.66 1.66 1.66 1.6490925 1.3133333 1.3133333 1.3133333 0.81666667 0.81666667 1.0466667 1.0466667 1.0466667 0.91666667 0.91666667
1.2533333 0.98584853 0.71333333 0.71328788 0.55666667 0.80853422 0.81 0.81 0.88287573 0.88 0.88 0.88 0.88 0.4633469 0.46333333 -0.026666291 -0.026666667 -0.037293907 -0.43 -0.43 -0.43 0.08 0.08 0.08 0.40333333 0.40333333 0.56666667 0.56666667 0.56666667 0.56666669 0.60000066 0.60000029 0.70073621 0.70322255 1.2360584 1.2366667 1.2366667 1.2366667 1.2366667 1.66 1.66 1.66 1.3324215 1.3133333 1.3133333 1.3133332 0.81666667 0.81666667 0.81667495 1.0466667 1.0466395 0.44 0.91666667
0.8734055 0.87333331 0.71333333 0.71333333 0.71333333 0.81 0.81 0.81 1.01 1.01 0.88 0.88 0.88 0.46333333 0.46333333 0.46333333 0.46333333 0.46323233 -0.43 -0.43 -0.42999998 0.08 0.08 0.08 0.40333333 0.40333333 0.56666667 0.56666667 0.56666667 0.59962416 0.6 0.6 0.6 0.6 1.2363525 1.2366667 1.2366667 1.2366667 1.2366667 1.1300001 1.13 1.13 1.13 1.313329 0.74333333 0.74333333 0.74333333 0.50666667 0.50666667 0.50666667 0.44 0.44 0.44
0.87333333 0.87333333 0.71333333 0.71333333 0.71333333 0.8094919 0.81 1.01 1.01 1.01 0.880016 0.88 1.0243587 0.46333347 0.46333333 0.46333333 0.46333333 0.62333333 0.62333333 0.62333333 0.020000002 0.020000045 0.079999708 0.08 0.080276545 0.39333333 0.39333333 0.39333375 0.56663865 0.64665737 0.64666642 0.64665852 0.60007976 0.60004027 1.1233031 1.2366664 1.2346783 0.64333333 0.64333333 1.13 1.13 1.13 1.13 0.74333333 0.74333333 0.74333333 0.74333333 0.50666667 0.50666667 0.50666667 0.44 0.44 0.44
0.87333333 0.87333333 0.71333333 0.71333333 0.71333333 0.71333333 0.88485416 1.01 1.01 1.01 1.0100258 1.0566667 1.0566667 1.0566667 0.46682998 0.46333333 0.62226713 0.62333333 0.62333333 0.62333333 0.02 0.02 0.02 0.02 0.39333333 0.39333333 0.39333333 0.39333333 0.39333333 0.64666667 0.64666667 0.64666667 0.64666667 0.64666641 0.52666667 0.64333333 0.64333333 0.64333333 0.64333333 0.6433326 0.33333333 0.33333333 0.33333333 0.33116655 0.32666667 0.32666667 0.32666667 0.50666666 0.5066669 0.75 0.75 0.82324008 0.82333333
0.87333333 0.87333333 0.7710821 0.71333333 0.71333333 0.71333335 1.3460692 1.011061 1.01 1.01 1.0566667 1.0566667 1.0566667 1.0566667 1.0566667 1.0079686 0.62333333 0.62333333 0.62333333 0.62333333 0.020004667 0.02 0.02 0.02 0.39333333 0.39333333 0.39333333 0.39333333 0.39333333 0.23531426 0.64666667 0.64666667 0.64666667 0.52666667 0.52666667 0.52675726 0.64333333 0.64333333 0.44448492 0.29000003 0.33333333 0.33333333 0.33333333 0.33154431 0.32666667 0.32666667 0.32666667 0.6 0.74813101 0.75 0.75 0.82333333 0.82333333
1.57 1.57 1.57 0.92812322 0.71459242 1.3466667 1.3466667 1.3466667 1.3466667 1.2633333 1.2633333 1.0566667 1.0566667 1.0566667 1.0566667 1.0566392 0.62333333 0.62333333 0.62333333 0.62333333 0.2832751 0.02 0.02 0.031514984 0.4570314 0.39333333 0.39333333 0.39333333 0.09 0.09 0.09 0.090002337 0.52666667 0.52666667 0.52666667 0.52666667 0.29 0.29 0.29 0.29 0.16 0.16 0.16 0.42666131 0.42666667 0.42666667 0.42666664 0.6 0.6 0.74981723 0.75 0.82333145 0.82333333
1.57 1.57 1.57 1.5700002 1.5733333 1.5403723 1.3466667 1.3466667 1.3466667 1.2633333 1.2633333 1.2633333 1.2333333 1.2333333 1.2333333 1.2333333 0.62468888 0.62333333 0.62333333 0.62333333 0.61420868 0.45999879 0.46 0.46 0.46 0.45999999 -0.026666663 -0.026666667 0.09 0.09 0.09 0.09 0.52666638 0.52666667 0.52666667 0.52663436 0.28999999 0.29 0.29 0.28888867 0.16 0.16 0.16 0.4266543 0.42666667 0.42666667 0.42666667 0.6 0.6 0.59999998 0.45 0.45 0.73333333
1.57 1.57 1.57 1.5733333 1.5733333 1.5733333 1.3466668 1.3466667 1.3466667 1.2633333 1.2633333 1.2633333 1.2333333 1.2333333 1.2333333 1.2432341 1.3633333 1.3633333 1.3633314 0.62751305 0.46 0.46 0.46 0.46 0.46 0.45963376 -0.026666667 -0.026666667 -0.026666666 0.09 0.09 0.089813339 0.13 0.13 0.13 -0.11333333 -0.11333333 0.036666667 0.036666667 0.036666667 0.33 0.16005332 0.16000117 0.31666667 0.31666667 0.32083554 0.42666667 0.6 0.6 0.45 0.45 0.45 0.73333333
1.57 1.57 1.57 1.5733333 1.5733333 1.5733333 1.5733333 1.3466667 1.3466667 1.2633333 1.2633333 1.2345329 1.2333333 1.2333333 1.2333333 1.3633333 1.3633333 1.3633333 1.3633333 1.3633333 0.46 0.46 0.46 0.46 0.46 -0.026665006 -0.026666667 -0.026666667 -0.026666667 -0.2 -0.2 -0.2 0.13 0.13 0.13 -0.11333333 -0.11333333 0.036666667 0.036666667 0.33 0.33 0.33 0.31666667 0.31666667 0.31666667 0.31666667 0.33309613 0.51666667 0.51666667 0.51666667 0.45 0.69 0.69
1.57 1.57 1.5700046 1.5733333 1.5733333 1.5733333 1.5733333 1.2782097 1.2633333 1.2633333 1.2633333 1.2333534 1.2333333 1.2333333 1.2333338 1.3633333 1.3633333 1.3633333 1.3633333 1.3633333 1.4158511 0.46 0.46 0.46 0.45997322 -0.026646599 -0.026666667 -0.026666667 -0.026666667 -0.2 -0.2 -0.2 -0.19994958 0.13 -0.11333333 -0.11333333 -0.11333333 -0.11332709 0.036686671 0.33 0.33 0.33 0.31666748 0.31666667 0.31666667 0.31666667 0.51666454 0.51666667 0.51666667 0.51666667 0.69 0.69 0.69
0.93333333 0.93333445 1.573309 1.5733333 1.5733333 1.5733333 1.2633993 1.2633333 1.2633333 1.2633333 1.4733333 1.4733333 1.4733333 1.4733333 1.363841 1.3633333 1.3633333 1.3633333 1.3633333 1.4566666 1.4566667 1.4566667 0.33000002 0.33 0.33 0.33 0.29921508 -0.026666667 0.13999317 0.14 0.14 0.14 0.14 -0.016666667 -0.016666667 -0.016666667 -0.016666667 -0.016666667 0.26 0.26 0.26 0.26 0.26 0.30668174 0.30666667 0.30666667 0.30666667 0.51666667 0.51666667 0.51666667 0.68997269 0.69 0.69
