interpolatedSpi/02-09|19_1.tif
NCOLS 53
NROWS 52
XLLCORNER -116.03883
YLLCORNER 28.596182
DX 0.49850594
DY 0.49788537
NODATA_VALUE -9999
[rows 0 to 36 of 52, columns 0 to 52 of 53]
0.10875 0.10875 -0.024551284 -0.23625 -0.27 -0.40375 -0.22875 -0.43375 -0.5970025 -0.57625 -0.40375 -0.31625 -0.52374166 -0.4225 -0.42625 -0.42625 -0.42625 0.00125 -0.0875 -0.0875 -0.0875 -0.087504708 -0.57624999 -0.06125 -0.06125 -0.06125 -0.50374794 -0.50375 -0.50375 -0.56375 -0.56375 -0.56375 -0.56375 -0.70999997 -0.71 -0.71 -0.71 -0.71 -0.71 -0.70999999 -0.16215053 -0.15630795 -0.38375 -0.38375 -0.38375 -0.38375 -0.38440334 -0.78375 -0.78375 -0.78375 -0.086251449 -0.08625 -0.08625
0.10874806 0.065 0.0075003259 0.029151731 -0.078848493 0.05 0.245 -0.30115551 -0.7325 -0.57625 -0.38375 -0.52375 -0.52375 -0.0014088133 -0.42249493 -0.42625 0.00125 0.00125 -0.087384282 -0.0875 -0.0875 -0.0875 -0.077501702 -0.06125 -0.06125 -0.06125 -0.0012500041 -0.0012500002 -0.56375 -0.56375 -0.56375 -0.56375 -0.56375 -0.70999998 -0.71 -0.71 -0.71 -0.71 -0.70999994 -0.56741185 0.14495765 -0.31959049 -0.38375 -0.38375 -0.38375 -0.38375 -0.38375 -0.78375 -0.78375 -0.78375 -0.72591263 -0.08625 -0.08625
-0.081243742 -0.08125 0.29 0.3125 -0.0675 -0.16125 0.07375 0.14 -0.29 -0.305 -0.22375 -0.435 -0.13875 -0.265 -3.7221141e-15 -0.4725 0.00125 0.00125 0.00125 -0.13248692 -0.1325 -0.1325 -0.37 -0.06125 -0.06125 -0.06125 -0.00125 -0.00125 -0.00125 -0.56375 -0.56375 -0.56375 -0.57518325 -0.70837907 -0.70294929 0.040558671 0.0475 0.0475 0.05976293 0.145 0.145 0.14432386 -0.38375 -0.38375 -0.38375 -0.38375 -0.38375 -0.78375 -0.78375 -0.78375 -0.78375 -0.08625 -0.08625
0.24125 -0.081250067 -0.4150134 0.23 -0.2025 0.04125 -0.0025 -0.31375 -0.215 -0.048911578 -0.33125 -0.45 -0.215 -0.265 -0.17625 -0.4725 -0.28643455 -0.28479944 -0.4475 -0.1325 -0.1325 -0.34375 -0.37 -0.37 -0.06125 -0.0612497 -0.00125 -0.00125 -0.00125 -0.5425 -0.5671905 -0.5875 -0.5875 -0.5874995 0.0475 0.0475 0.0475 0.0475 0.145 0.145 0.145 0.14499998 -0.38375 -0.38375 -0.38375 -0.38375 -0.38375 -0.78374495 -0.78375 -0.78375 -0.78375 -0.086252001 -0.08625
0.24125 0.10749904 -0.415 -0.45047964 -0.2025 -0.21875 -0.31999027 -0.29375 -0.2525 -0.33250008 -0.3410292 -0.34375215 -0.35875 -0.17625 -0.17625 -0.37152447 -0.285 -0.285 -0.4475 -0.4475 -0.13250043 -0.34375 -0.35625 -0.275 -0.0725 -0.072456424 -0.00125 -0.00125 -0.5425 -0.5425 -0.5875 -0.5875 -0.5875 -0.55426401 0.047499999 0.0475 0.0475 0.145 0.145 0.145 0.145 0.14498685 -0.38374999 -0.38375 -0.38375 -0.38375 -0.38375 -0.3873105 -0.78375 -0.78372147 -0.1475 -0.1475 -0.1475
-1.08375 0.12375 0.20500002 -0.29625 0.06875 0.02 -0.3175 -0.31445932 -0.46875 -0.35375 -0.70625 -0.53125 -0.53124989 -0.9175 -0.9175 -0.22743542 -0.2275 -0.1375 -0.1375 -0.44749967 -0.4025 -0.4025 -0.275 -0.0725 -0.0725 0.11375 -0.55125 -0.55125 -0.38876393 -0.5425 -0.5875 -0.5875 -0.41125 -0.41126933 -0.59623672 -0.54875 -0.54875 -0.069627399 0.145 0.145 0.0089199331 0.0087500012 0.0087510131 0.2253053 0.23618148 0.23624983 0.23624998 0.23624977 0.26868556 -0.1475 -0.1475 -0.1475 -0.1475
-0.028757542 0.1925 0.26890169 0.13875 0.34625 -0.345 -0.28875 -0.38625 -0.5975 -0.5975 -0.70625 -0.4925 -0.53624992 -0.9175 0.039997131 0.04 -0.2275 -0.06125 -0.07125 -0.07125 -0.33534475 -0.26 -0.26 0.16 0.11375 0.11375 -0.55125 -0.55125 -0.38874883 -0.38872854 -0.23416685 -0.41125 -0.41125 -0.59625 -0.59625 -0.31863958 -0.54875 -0.54875 -0.39500533 0.0087494379 0.00875 0.00875 0.0087565034 0.23625163 0.23625 0.23625 0.23625 0.23625008 0.37625 -0.14739621 -0.1475 -0.1475 -0.1475
-0.02875 -0.34125 0.3975 -0.38 -0.027520208 -0.5125 -0.59125 -0.4025 -0.61125 -0.41 -0.41 -0.23375 -0.53625 -0.53625 0.036046391 -0.051075697 -0.06 -0.05 -0.32374974 -0.07125 -0.01284022 0.01125 -0.05125 -0.085 -0.084999113 -0.01625 -0.03 -0.030000184 -0.36882008 -0.36875 -0.23375 -0.12795919 -0.4025 -0.59625 -0.58059899 -0.12625 -0.12625 -0.395 -0.395 0.00875 0.00875 0.0087500089 0.52807724 0.52874999 0.23625 0.23625 0.23625 0.37624467 0.37625 0.37625 -0.1475 -0.1475 -0.1475
-0.30938974 -0.34124999 0.3375 0.41875 0.06125 -0.35 -0.195 0.00125 -0.35125 -0.1179995 -0.2525 -0.2375 -0.2375 -0.1525 -0.15249748 -0.42148968 -0.4225 -0.4225 -0.091788358 0.092499924 -0.2725 -0.2725 0.10375 0.0098329511 -0.023178185 -0.01625 -0.00625 -0.03 -0.16048731 -0.16125 -0.05125 0.13625 0.071402689 -0.05 -0.0475 -0.16125 -0.13375 -0.435 0.06476912 0.010602466 0.42375 0.49125 0.52872436 0.52875 0.52710365 0.23625 0.32875 0.37625 0.37625 0.37625 0.37625 -0.090537845 0.33875
-0.13125 -0.13125 0.04625 0.2325 -0.15 -0.63125 -0.305 -0.19125 0.04875 -0.058751235 -0.0275 -0.2525 -0.1525 -0.1525 0.115 0.10762794 -0.4225 -0.42237449 0.1025 0.0925 0.0925 0.045475768 0.10375 -0.15374512 -0.15375 -0.15375 -0.00625 0.3275 0.3275 -0.16125 -0.16125 0.13600581 0.0075 -0.05 -0.025 -0.16125 -0.13375 -0.3975 0.065 0.69831677 0.49125 0.44716927 0.37125 0.52875 0.52875 0.32875 0.32875 0.32875 0.37625 0.37625 0.31 0.31 0.31000001
-0.13125 -0.13125 -0.12875 -0.47375 -0.3275 -0.13125 -0.41 -0.2839045 -0.3825 -0.3525 0.08375 -0.28875 -0.25254811 0.115 0.115 0.11502898 0.36625 0.35240716 0.1025 0.33 0.33 0.61375 0.61375 -0.15375 -0.15375 -0.15375 0.3275 0.3275 0.3275 0.06875 0.06875 0.068749899 0.10375 0.10375 -0.2425 0.02875 0.22625 -0.17374932 0.175 0.70875 0.70875 0.2812503 0.37125 0.52875 0.48124996 0.4125 0.40591623 0.40625 0.76 0.76 0.31 0.31 0.31
-0.13125 -0.13027684 -0.27597381 -0.50124205 -0.0175 -0.0525 -0.41 -0.28375 -0.38249918 -0.35283236 -0.28875008 -0.28875 0.38625 0.115 0.115 0.36624999 0.36625 0.36623499 0.1025 0.33 0.38572273 0.61375 0.61375 -0.15371898 -0.15375 0.010609781 0.34625 0.34625 0.34625 0.06875 0.06875 0.27 0.27 0.10374905 -0.2425 0.4374997 0.17493693 -0.17375 -0.17375 0.70874999 0.28125 0.28125 0.28125146 0.48125 0.48125 0.4125 0.40625 0.40625 0.76 0.76 0.31 0.31 0.31
-0.2025 0.04066614 0.059980512 0.055939947 -0.017500307 -0.052499174 -0.40999999 -0.28530407 -0.37569512 -0.38171662 0.38625 0.38625 0.38625 0.38625 0.11503842 0.36625 0.36625 0.36284457 0.1025 0.33011646 0.7375 0.7375 0.7375 0.7375 -0.13825331 0.34625 0.34625 0.34625 0.34625 0.34610334 0.27 0.27 0.27 0.27 0.4375 0.4375 0.4375 -0.14418416 -0.16736604 0.67625 0.67625 0.28127125 0.46000073 0.48124795 0.48125 0.4125 0.40625 0.40625 0.76 0.76 0.31163255 0.31 0.018443772
-0.2025 0.06 0.06 0.06 0.06 0.059999953 -0.40908485 -0.350276 -0.35754031 0.38542288 0.38625 0.38625 0.38625 0.38625 0.38625016 0.36625 0.36624996 0.34815855 0.10250573 0.7375 0.7375 0.7375 0.7375 0.7375 0.73482338 0.40407533 0.40124999 0.40125 0.40125 0.40125 0.27000001 0.27 0.27000048 0.66625 0.66625 0.4375 0.83488337 0.84625 0.6762501 0.67625 0.67625 0.67625 0.46 0.46 0.46 0.45966944 0.23238991 0.23125 0.23125 0.23125 0.23125001 0.66749993 0.6675
0.4 0.06 0.06 0.06 0.06 0.06 0.059999972 -0.1840766 0.60851438 0.61375 0.61375 0.61375 0.61375 0.61375 0.61375 0.71536804 0.37180071 0.33013392 0.73742025 0.7375 0.7375 0.7375 0.7375 0.73750025 0.61375 0.61375 0.6137497 0.40125 0.40125 0.40184573 0.69875 0.69875 0.66625 0.66625 0.66625 0.81741597 0.84625 0.84625 0.84625 0.67625 0.67625 0.67625 0.46 0.46 0.46 0.46 0.23125001 0.23125 0.23125 0.23125 0.23125 0.6675 0.6675
0.4 0.27342186 0.06 0.06 0.06 0.06 0.30620167 0.30625 0.30625001 0.61375 0.61375 0.61375 0.61375 0.61375 0.63663798 0.7175 0.7175 0.7175 0.9481064 0.94874978 0.94875 0.94875 0.94875 0.94875 0.61375 0.61375 0.61375 0.61375 0.40125 0.69875 0.69875 0.69875 0.66625 0.66625 0.66625 0.86625 0.84627648 0.84625 0.84625 0.67626823 0.71252445 0.79713761 0.46 0.46 0.62947537 0.63 0.63 0.23181013 0.57006185 0.57124997 0.57124994 0.78123273 0.66750023
0.4 0.22483442 0.14096737 0.06 0.06 0.3061045 0.30625 0.30625 0.30625 0.30846593 0.61375 0.61375 0.61375 0.61375001 0.7175 0.7175 0.7175 0.7175 0.94854343 0.94875 0.94875 0.94875 0.94875 0.94875 0.61375001 0.61375 0.61375 0.61375 0.61405918 0.69875 0.69875 0.69875 1.0475 0.66627955 0.86625 0.86625 0.86625 0.86741647 0.80059172 0.7975 0.7975 0.7975 0.8075 0.8075 0.63 0.63 0.63 0.57125 0.57125 0.57125 0.57125 0.78125 0.78125
0.22020043 0.22 0.22 0.22 0.235 0.30624816 0.30625 0.30625 0.30625 0.30625 0.60390782 0.61374831 0.61375 0.7175 0.7175 0.7175 0.7175 0.7175 0.71779498 0.94875 0.94875 0.94875 0.94875 0.94875 0.89202296 1.0562476 1.05625 1.05625 1.05625 0.69875002 1.0475 1.0475 1.0475 1.0475 0.86625 0.8662528 0.9725 0.9725 0.79968514 0.7975 0.7975 0.7975 0.8075 0.8075 0.65748311 0.63 0.63 0.57125 0.57125 0.57125 0.57350175 0.78125 0.78125
0.22 0.22 0.22 0.22706372 0.235 0.235 0.30625 0.30625 0.30625 0.30625 0.48375 0.48375 0.48375 0.7175 0.7175 0.7175 0.7175 0.71746695 0.435 0.435 0.94874979 0.94875 0.94381998 0.74625 0.74904079 1.05625 1.05625 1.05625 1.05625 1.0475009 1.0475 1.0475 1.0475 1.0475 0.97249963 0.9725 0.9725 0.9725 0.97190269 0.7975 0.7975 0.7975 0.8075 0.8075 0.8075 0.63 0.63 0.57125 0.57125 0.57125 0.78125 0.78125 0.78125
0.22 0.22 0.22 0.235 0.235 0.235 0.23500011 0.30625 0.30625 0.48356677 0.48375 0.48375 0.48375 0.48389563 0.55561552 0.5175 0.5175 0.5175 0.435 0.435 0.435 0.74625 0.74625 0.74625 0.74628677 0.96249128 1.05625 1.05625 1.05625 1.0853027 1.0937455 1.09375 1.09375 1.09375 1.103976 1.2887493 1.28875 1.28875 1.28875 1.0212194 1.02125 1.02125 0.8075 0.8075 0.89999961 0.89999997 0.82 0.82 0.8575 0.8575 0.8575 0.78125 0.81996535
0.22000106 0.22 0.22 0.235 0.235 0.235 0.235 0.39624997 0.30660986 0.48369219 0.48375 0.48375 0.48375 0.48381623 0.5175 0.5175 0.5175 0.51749998 0.435 0.435 0.435 0.74625 0.74625 0.74625 0.8775 0.8775 0.975 0.975 0.975 0.97564782 1.09375 1.09375 1.09375 1.09375 1.1911964 1.28875 1.28875 1.28875 1.28875 1.02125 1.02125 1.02125 1.017435 0.9 0.9 0.9 0.82 0.82 0.8575 0.8575 0.8575 0.82 0.82
0.56 0.40715278 0.505 0.50492167 0.235 0.39531701 0.39625 0.39625 0.46047173 0.42 0.42 0.42 0.42 0.35000228 0.35 0.51749987 0.5175 0.51532625 0.435 0.435 0.435 0.6125 0.6125 0.6125 0.8775 0.8775 0.975 0.975 0.975 0.97500006 1.0612502 1.0612501 1.0929332 1.0937152 1.1574281 1.1575 1.1575 1.1575 1.1575 1.02125 1.02125 1.02125 0.90667621 0.9 0.9 0.89999992 0.82 0.82 0.82000135 0.8575 0.8574934 0.71 0.82
0.66123077 0.66124997 0.505 0.505 0.505 0.39625 0.39625 0.39625 0.5725 0.5725 0.42 0.42 0.42 0.35 0.35 0.35 0.35 0.35001007 0.435 0.435 0.43500001 0.6125 0.6125 0.6125 0.8775 0.8775 0.975 0.975 0.975 1.0602775 1.06125 1.06125 1.06125 1.06125 1.1574525 1.1575 1.1575 1.1575 1.1575 0.73625007 0.73625 0.73625 0.73625 0.89999653 0.4475 0.4475 0.4475 0.54875 0.54875 0.54875 0.71 0.71 0.71
0.66125 0.66125 0.505 0.505 0.505 0.39682161 0.39625 0.5725 0.5725 0.5725 0.42001877 0.42 0.30866676 0.34999998 0.35 0.35 0.35 0.11875 0.11875 0.11875 0.21875001 0.21875029 0.61249808 0.6125 0.61265074 0.74125 0.74125 0.74125056 0.97496222 1.0587505 1.05875 1.0587504 1.0612457 1.0612478 1.1403549 1.1574997 1.1551877 0.4675 0.4675 0.73625 0.73625 0.73625 0.73625 0.4475 0.4475 0.4475 0.4475 0.54875 0.54875 0.54875 0.71 0.71 0.71
0.66125 0.66125 0.505 0.505 0.505 0.505 0.46221523 0.5725 0.5725 0.5725 0.5723405 0.28375 0.28375 0.28375 0.34960957 0.35 0.12029099 0.11875 0.11875 0.11875 0.21875 0.21875 0.21875 0.21875 0.74125 0.74125 0.74125 0.74125 0.74125 1.05875 1.05875 1.05875 1.05875 1.0587496 0.88875 0.4675 0.4675 0.4675 0.4675 0.46749981 0.36375 0.36375 0.36375 0.37351276 0.39375 0.39375 0.39375 0.54875 0.54875001 0.56125 0.56125 0.79123023 0.79125
0.66125 0.66125 0.56139528 0.505 0.505 0.505 0.53880989 0.57239364 0.5725 0.5725 0.28375004 0.28375 0.28375 0.28375 0.28375 0.28915575 0.11875 0.11875 0.11875 0.11875 0.21874923 0.21875 0.21875 0.21875 0.74125 0.74125 0.74125 0.74125 0.74125 0.69111918 1.05875 1.05875 1.05875 0.88875 0.88875 0.88842289 0.4675 0.4675 0.51603965 0.55374999 0.36375 0.36375 0.36375 0.37411772 0.39375 0.39375 0.39375 0.565 0.56129672 0.56125 0.56125 0.79125 0.79125
0.76875 0.76875 0.76875 0.57112938 0.50530835 0.53875 0.53875 0.53875 0.53875 0.4825 0.4825 0.28375001 0.28375 0.28375 0.28375 0.28373954 0.11875 0.11875 0.11875 0.11875 0.17511324 0.21875 0.21875 0.21793217 0.21215786 0.74125 0.74125 0.74125 0.56125 0.56125 0.56125 0.56125209 0.88875 0.88875 0.88875 0.88875 0.55375 0.55375 0.55375 0.55375 0.39625 0.39625 0.39625 0.5999959 0.6 0.6 0.59999993 0.565 0.565 0.56125457 0.56125 0.79124859 0.79125
0.76875 0.76875 0.76875 0.76874724 0.7175 0.69150681 0.53875 0.53875 0.53875 0.4825 0.4825 0.4825 0.255 0.255 0.255 0.255 0.11908889 0.11875 0.11875 0.11875 0.12026465 0.18750009 0.1875 0.1875 0.1875 0.1875 0.13 0.13 0.56125 0.56125 0.56125 0.56125 0.8887498 0.88875 0.88875 0.88872719 0.55375 0.55375 0.55375 0.55407901 0.39625 0.39625 0.39625 0.59999055 0.6 0.6 0.6 0.565 0.565 0.56499999 0.51125 0.51125 0.61
0.76875 0.76875 0.76875 0.71750012 0.7175 0.7175 0.53875007 0.53875 0.53875 0.4825 0.4825 0.4825 0.255 0.255 0.255 0.25871278 0.30375 0.30375 0.30374952 0.11979493 0.1875 0.1875 0.1875 0.1875 0.1875 0.18745673 0.13 0.13 0.13 0.56125 0.56125 0.56108989 0.60875 0.60875 0.60875 0.515 0.515 0.62875 0.62875 0.62875 0.7625 0.39636488 0.39625275 0.765 0.765 0.75874669 0.60000038 0.565 0.565 0.51125 0.51125 0.51125 0.61
0.76875 0.76875 0.76875 0.7175 0.7175 0.7175 0.7175 0.53875 0.53875 0.4825 0.4825 0.26409672 0.255 0.255 0.255 0.30375 0.30375 0.30375 0.30375 0.30375 0.1875 0.1875 0.1875 0.1875 0.1875 0.1300002 0.13 0.13 0.13 0.3125 0.3125 0.3125 0.60875 0.60875 0.60875 0.515 0.515 0.62875 0.62875 0.7625 0.7625 0.7625 0.765 0.765 0.765 0.765 0.76294632 0.74 0.74 0.74 0.51125 0.675 0.675
0.76875 0.76875 0.76867863 0.7175 0.7175 0.7175 0.7175 0.45807679 0.445 0.44506438 0.48249999 0.25500209 0.255 0.255 0.25500017 0.30375 0.30375 0.30375 0.30375 0.30375 0.38050382 0.1875 0.1875 0.1875 0.18746009 0.12999233 0.13 0.13 0.13 0.3125 0.3125 0.3125 0.31254244 0.60875 0.515 0.515 0.515 0.5150046 0.62875912 0.7625 0.7625 0.7625 0.76499985 0.765 0.765 0.765 0.7399998 0.74 0.74 0.74 0.675 0.675 0.675
0.3025 0.30250081 0.7175123 0.7175 0.7175 0.7175 0.44505798 0.445 0.445 0.445 0.28 0.28 0.28 0.28 0.30364038 0.30375 0.30375 0.30375 0.30375 0.38874995 0.38875 0.38875 -0.0062499677 -0.00625 -0.00625 -0.00625 0.0055101275 0.13 0.27249416 0.2725 0.2725 0.2725 0.2725 0.3975 0.3975 0.3975 0.3975 0.3975 0.73875 0.73875 0.73875 0.73875 0.73875 0.72006783 0.72 0.72 0.72 0.74 0.74 0.74 0.67501024 0.675 0.675
0.3025 0.3025 0.30217569 0.26375091 0.2637501 0.26392701 0.445 0.445 0.445 0.445 0.28 0.28 0.28 0.28 0.28 0.30375 0.30375 0.30375 0.38874998 0.38875 0.38875 0.38875 -0.0062499986 -0.00625 -0.00625 -0.00625 -0.00625 -0.0062208955 0.2723856 0.2725 0.2725 0.2725 0.27245404 0.39466549 0.39749706 0.3975 0.3975 0.3975 0.73875 0.73875 0.73875 0.73875 0.73875 0.72 0.72 0.72 0.72 0.72935239 0.74 0.71527892 0.715 0.4975 0.4975
0.3025 0.3025 0.26375491 0.26375 0.26375 0.26375 0.30978674 0.445 0.445 0.445 0.28 0.28 0.28 0.28 0.28 0.30373044 0.30375 0.38872508 0.38875 0.38875 0.38875 0.38875 0.14008031 -0.00625 -0.00625 -0.00625 -0.00625 -0.0062623137 -0.02375 -0.02375 -0.02375 -0.02375 -0.02375 0.3925 0.3925 0.3925 0.3925 0.3925 0.81 0.81 0.81 0.81 0.81 0.71980467 0.71999996 0.72 0.71998644 0.71836758 0.715 0.715 0.715 0.49750122 0.4975
0.3025 0.3025 0.26375001 0.26375 0.26375 0.26375 0.26375 0.44492283 0.445 0.445 0.28 0.28 0.28 0.28 0.14188735 0.13875 0.13875 0.38874357 0.38875 0.38875 0.38875 0.38875 0.38874991 -0.00625 -0.00625 -0.00625 -0.00625 0.1862498 0.1862499 0.1415569 -0.02375 -0.02375 -0.02375 0.3925 0.3925 0.3925 0.3925 0.39250762 0.81 0.81 0.81 0.81 0.81000192 0.64 0.64 0.64 0.64 0.64000605 0.715 0.715 0.715 0.71500003 0.75613405
0.3025 0.3025 0.26533792 0.26375 0.26375 0.26375 0.26375 0.26375 0.4449216 -0.017499993 -0.0175 -0.0175 -0.016793972 0.1387502 0.13875 0.13875 0.13875 0.13875 0.38874718 0.36464546 0.15375 0.15375 0.15375 0.11305483 -0.0060499091 -0.0049792604 -0.0039672865 0.18625 0.18625 0.18625 0.18625 0.18625 0.18165342 0.40417088 0.40375 0.40375 0.40375 0.40375 0.81469616 0.83499996 0.835 0.835 0.835 0.70999979 0.64000002 0.64 0.64 0.8 0.71500136 0.715 0.715 0.76 0.76
0.3025 0.3025 0.1 0.1 0.1 0.26369545 0.26375 0.26375 -0.0175 -0.0175 -0.0175 -0.0175 -0.0175 0.13874999 0.13875 0.13875 0.13875 0.13875 0.15375 0.15375 0.15375 0.15375 0.15375 -0.0037499918 -0.00375 -0.00375 -0.00375 0.18625 0.18625 0.18625 0.18625 0.18625 0.44125 0.44125 0.40375 0.40375 0.40375 0.46373978 0.46375 0.835 0.835 0.835 0.83499995 0.71 0.71 0.71 0.8 0.8 0.8 0.81875 0.81875 0.76 0.76
