interpolatedSpi/02-05|22_2.tif
NCOLS 53
NROWS 52
XLLCORNER -116.03883
YLLCORNER 28.596182
DX 0.49850594
DY 0.49788537
NODATA_VALUE -9999
[rows 0 to 37 of 52, columns 0 to 52 of 53]
0.62 0.62 0.51081539 0.386 1.222 0.796 0.758 0.85 0.49978416 -0.056 0.302 0.204 0.34004364 0.87 0.738 0.738 0.738 0.67 0.506 0.506 0.506 0.50599019 -0.51199999 0.438 0.438 0.438 0.7179966 0.718 0.718 0.374 0.374 0.374 0.374 0.02200007 0.022 0.022 0.022 0.022 0.022 0.022000003 0.11104213 0.11179207 -0.706 -0.706 -0.706 -0.706 -0.70676114 -1.172 -1.172 -1.172 0.87199575 0.872 0.872
0.61995779 -0.33 0.18999995 0.25222868 0.41020387 0.908 0.94 0.5660555 0.292 0.122 0.226 0.34 0.34 0.56302702 0.86999511 0.738 0.67 0.67 0.50621383 0.506 0.506 0.506 0.44557974 0.438 0.438 0.438 1.2199999 1.22 0.374 0.374 0.374 0.374 0.374 0.022000051 0.022 0.022 0.022 0.022 0.022000082 0.26545287 1.4999151 -0.43831964 -0.706 -0.706 -0.706 -0.706 -0.706 -1.172 -1.172 -1.172 -1.0025096 0.872 0.872
0.33199665 0.332 0.144 0.654 -0.07 -0.238 0.078 0.064 -0.31 0.17 0.43 -0.114 0.398 0.74 0.562 -0.254 0.67 0.67 0.67 0.57398023 0.574 0.574 0.582 0.438 0.438 0.438 1.22 1.22 1.22 0.374 0.374 0.37400003 0.63877004 0.025014482 0.032443424 1.1337186 1.144 1.144 1.1887754 1.5 1.5 1.4971791 -0.706 -0.706 -0.706 -0.706 -0.706 -1.172 -1.172 -1.172 -1.172 0.872 0.872
-0.346 0.33199984 -0.47801011 0.92 -0.656 -0.144 -0.206 -0.542 0.16 0.33211923 0.124 -0.198 -0.05 0.74 -0.142 -0.254 -0.38895947 -0.3892573 -0.25 0.574 0.574 -0.176 0.582 0.582 0.438 0.43800391 1.22 1.22 1.22 0.214 0.60356119 0.924 0.924 0.92400017 1.144 1.144 1.144 1.144 1.5 1.5 1.5 1.4999999 -0.706 -0.706 -0.706 -0.706 -0.706 -1.1719941 -1.172 -1.172 -1.172 0.87198445 0.872
-0.346 -0.076000737 -0.478 -0.67420942 -0.656 -0.586 -0.088018592 -0.304 -0.238 0.33599974 0.14712967 0.060008881 0.122 -0.142 -0.142 -0.21907574 -0.39 -0.39 -0.25 -0.25 0.57399852 -0.176 0.162 0.656 0.726 0.72594306 1.22 1.22 0.214 0.214 0.924 0.924 0.924 0.85422792 1.144 1.144 1.144 1.5 1.5 1.5 1.5 1.5000247 -0.70599996 -0.706 -0.706 -0.706 -0.706 -0.71014798 -1.172 -1.1719297 0.396 0.396 0.396
-1.95 -0.584 -0.10199999 0.032 -1.132 -0.532 -0.37 -0.36155011 -0.112 -0.368 -0.32 -0.016 -0.015999909 -0.254 -0.254 -0.38987735 -0.39 -0.048 -0.048000001 -0.2499994 -0.028 -0.028 0.656 0.726 0.726 0.482 0.426 0.426 0.75395014 0.214 0.924 0.924 0.554 0.55400731 0.62399511 1.022 1.022 1.3521198 1.5 1.5 1.7556807 1.756 1.7560012 0.45513446 0.47586936 0.47599968 0.47599996 0.47599956 0.52840309 0.396 0.396 0.396 0.396
-0.79201084 -1.076 -1.1888314 -0.676 -0.464 -1.266 -0.91199999 -1.12 -0.868 -0.868 -0.32 -0.01 -0.31799994 -0.254 0.11799889 0.118 -0.39 0.346 0.43 0.43 -0.12885069 -0.242 -0.242 0.438 0.482 0.482 0.426 0.426 0.7539641 0.75333908 1.0950394 0.554 0.554 0.624 0.624 1.138553 1.022 1.022 1.6079797 1.7559998 1.756 1.756 1.7560064 0.47600491 0.476 0.476 0.476 0.47600008 0.61 0.39604241 0.396 0.396 0.396
-0.792 -0.61 -0.616 -1.676 -1.4100152 -1.15 -1.408 -1.196 -1 -0.99 -0.99 -0.104 -0.318 -0.318 0.11500864 -0.18619283 -0.216 0.358 -0.40599914 0.43 0.43131057 0.55 -0.612 0.34 0.33999582 0.016 0.428 0.428 0.14015855 0.13800002 1.098 0.10735822 0.284 0.624 0.64265286 1.236 1.236 1.608 1.608 1.756 1.756 1.756 1.3599774 1.356 0.476 0.476 0.476 0.6099949 0.61 0.61 0.396 0.396 0.396
-0.69253325 -0.61 -0.236 -0.668 -1.194 -1.498 -1.148 -0.952 -0.994 -0.51394256 -0.416 -0.27000001 -0.27 -0.002 -0.0020061873 -0.37954292 -0.38 -0.38 0.24137423 -0.62800005 -0.848 -0.84799998 0.878 -0.024815494 0.048650645 0.016 0.634 0.428 1.3088515 1.314 0.058 1.356 1.0276146 0.68 1.278 1.13 1.72 0.818 1.7035909 1.7584729 2.31 1.944 1.3560264 1.356 1.3510469 0.476 0.29800001 0.61 0.61 0.61 0.61 0.51627418 0.598
-1.154 -1.154 -0.226 -0.602 -1.134 -1.61 -1.202 -1.562 -0.936 -0.39215314 -0.682 0.556 -0.002 -0.002 -0.66 -0.65615967 -0.38 -0.38005578 -0.654 -0.628 -0.628 -0.65634338 0.878 0.58600553 0.586 0.586 0.634 0.556 0.556 1.314 1.314 1.3547634 0.704 0.68 1.04 1.13 1.72 1.198 1.704 1.6764538 1.944 1.7875134 1.518 1.356 1.356 0.298 0.298 0.298 0.61 0.61 1.362 1.362 1.3619997
-1.154 -1.154 -0.652 -1.086 -1.36 -0.722 -1.506 -0.41290362 -0.782 -0.716 -1.038 -1.02 0.55390105 -0.66 -0.66 -0.65996585 -0.364 -0.37922056 -0.654 -0.314 -0.314 -0.574 -0.574 0.586 0.586 0.586 0.556 0.556 0.556 0.538 0.538 0.53800027 1.006 1.006 0.682 0.576 1.768 1.2379999 1.518 1.676 1.676 1.214001 1.518 1.356 1.088 0.954 1.508763 1.514 1.908 1.908 1.362 1.362 1.362
-1.154 -0.93734446 -0.83720328 -1.0939913 -0.472 -1.25 -1.506 -0.412 -0.78199691 -0.7167312 -1.0199996 -1.02 -0.604 -0.66 -0.66 -0.36400001 -0.364 -0.3640165 -0.654 -0.314 -0.36505871 -0.574 -0.574 0.58595335 0.586 0.46437376 0.216 0.216 0.21600004 0.538 0.538 0.348 0.348 1.0059991 0.682 1.21 1.6807671 1.238 1.238 1.676 1.214 1.214 1.2139991 1.088 1.088 0.954 1.514 1.514 1.908 1.908 1.362 1.362 1.362
-0.134 -0.14520661 -0.096036376 -0.10322407 -0.47200415 -1.2499816 -1.506 -0.42546652 -0.75650322 -0.78027656 -0.604 -0.604 -0.604 -0.604 -0.65999207 -0.364 -0.364 -0.36774436 -0.654 -0.31406175 -0.52 -0.52 -0.52 -0.52 0.56698124 0.216 0.216 0.216 0.216 0.21622821 0.348 0.348 0.348 0.348 1.21 1.21 1.21 1.2366336 1.2373391 1.15 1.15 1.2139966 1.2299951 1.0880137 1.088 0.954 1.514 1.514 1.908 1.908 1.3639808 1.362 1.9598441
-0.134 -0.096 -0.096 -0.096 -0.096 -0.096000481 -1.5053445 -0.9884079 -0.68848018 -0.60418999 -0.604 -0.604 -0.604 -0.604 -0.60399984 -0.364 -0.36400005 -0.38389202 -0.65399553 -0.52 -0.52 -0.52 -0.52 -0.52 -0.50836724 0.28281449 0.36199997 0.362 0.362 0.362 0.348 0.348 0.34800019 0.51 0.51 1.21 1.0797263 1.076 1.15 1.15 1.15 1.15 1.23 1.23 1.23 1.2280793 1.5417015 1.542 1.542 1.542 1.542 1.322 1.322
0.082 -0.096 -0.096 -0.096 -0.096 -0.096 -0.09600009 -0.96862027 -0.38337879 -0.382 -0.382 -0.382 -0.382 -0.382 -0.382 -0.058683997 -0.3590745 -0.40371064 -0.52001675 -0.52 -0.52 -0.52 -0.52 -0.51999937 0.018 0.018 0.018000484 0.362 0.362 0.36171966 0.222 0.222 0.51 0.51 0.51 0.98533295 1.076 1.076 1.076 1.15 1.15 1.15 1.23 1.23 1.23 1.23 1.542 1.542 1.542 1.542 1.542 1.322 1.322
0.082 0.015732622 -0.096 -0.096 -0.096 -0.096 -0.26796624 -0.268 -0.268 -0.382 -0.382 -0.382 -0.382 -0.382 -0.30919969 -0.052 -0.052 -0.052 0.016361748 0.017999451 0.018 0.018 0.018 0.018 0.018 0.018 0.018 0.018 0.362 0.222 0.222 0.222 0.50999997 0.51 0.51 1.05 1.0759656 1.076 1.076 1.1498996 0.94955563 0.48200248 1.23 1.23 0.51820345 0.516 0.516 1.5399889 0.32427034 0.32000011 0.32000023 0.67409799 1.3219987
0.082000001 -0.29557916 -0.20226967 -0.096 -0.096 -0.26789837 -0.268 -0.268 -0.268 -0.26882152 -0.382 -0.382 -0.382 -0.38199996 -0.052 -0.052 -0.052 -0.052 0.01793747 0.018 0.018 0.018 0.018 0.018 0.018 0.018 0.018 0.018 0.018742015 0.222 0.222 0.222 -0.13999999 0.51003924 1.05 1.05 1.05 1.0448794 0.51773353 0.48 0.48 0.48 0.384 0.384 0.516 0.516 0.516 0.32 0.32 0.32 0.32 0.674 0.674
-0.30557431 -0.306 -0.306 -0.306 -0.442 -0.26800449 -0.268 -0.268 -0.268 -0.268 -0.36746398 -0.3819975 -0.38199999 -0.052 -0.052 -0.052 -0.052 -0.052 -0.054466547 0.018 0.018 0.018 0.018 0.018 -0.22000157 -0.60399663 -0.604 -0.604 -0.604 0.22199998 -0.13999999 -0.14 -0.14 -0.14 1.05 1.0499877 0.584 0.584 0.48129859 0.48 0.48 0.48 0.384 0.384 0.49556185 0.516 0.516 0.32 0.32 0.32 0.3237958 0.674 0.674
-0.306 -0.306 -0.306 -0.37004443 -0.442 -0.442 -0.268 -0.268 -0.268 -0.268 -0.19 -0.19 -0.19 -0.052 -0.052 -0.052 -0.052 -0.051968932 -0.178 -0.178 0.01799992 0.018 0.008943366 -0.354 -0.35625064 -0.604 -0.604 -0.604 -0.604 -0.14004725 -0.14 -0.14 -0.14 -0.14 0.58400164 0.584 0.584 0.584 0.58358754 0.48 0.48 0.48 0.384 0.384 0.384 0.516 0.516 0.32 0.32 0.32 0.674 0.674 0.674
-0.306 -0.306 -0.306 -0.442 -0.442 -0.442 -0.44199973 -0.268 -0.268 -0.19008052 -0.19 -0.19 -0.19 -0.18991402 0.10017141 0.136 0.136 0.136 -0.178 -0.178 -0.178 -0.354 -0.354 -0.354 -0.35403193 -0.53266469 -0.604 -0.604 -0.604 -0.71831482 -0.83793135 -0.838 -0.838 -0.838 0.24496093 -0.22799816 -0.228 -0.228 -0.228 -0.059926113 -0.06 -0.06 0.384 0.384 0.21200072 0.21199994 0.046 0.046 0.092 0.092 0.092 0.674 -0.057345503
-0.30600097 -0.306 -0.306 -0.442 -0.442 -0.442 -0.44200001 -1.3499997 -0.27232626 -0.19038085 -0.19 -0.19 -0.19 -0.1893603 0.136 0.136 0.136 0.13599991 -0.178 -0.178 -0.178 -0.354 -0.354 -0.354 -0.468 -0.468 -0.648 -0.648 -0.648 -0.64903651 -0.838 -0.838 -0.838 -0.838 -0.53316757 -0.228 -0.228 -0.228 -0.228 -0.06 -0.06 -0.06 -0.051441839 0.212 0.212 0.212 0.046 0.046 0.092 0.092 0.092 -0.057999995 -0.058
-0.618 -0.4820539 -0.94 -0.93985552 -0.442 -1.3447463 -1.35 -1.35 -1.1612519 -0.61000001 -0.61 -0.61 -0.61 0.12797598 0.128 0.13599999 0.136 0.12772656 -0.178 -0.178 -0.178 -0.488 -0.488 -0.488 -0.468 -0.468 -0.648 -0.648 -0.648 -0.64800028 -1.0299988 -1.0299995 -0.84282563 -0.83820584 -0.79804221 -0.798 -0.798 -0.798 -0.798 -0.06 -0.06 -0.06 0.19702252 0.212 0.212 0.21199993 0.046 0.046 0.046001656 0.092 0.091986317 -0.214 -0.058
-0.49002431 -0.49000008 -0.94 -0.94 -0.94 -1.35 -1.35 -1.35 -0.832 -0.832 -0.61 -0.61 -0.61 0.128 0.128 0.128 0.128 0.12796607 -0.178 -0.178 -0.17800001 -0.488 -0.488 -0.488 -0.468 -0.468 -0.648 -0.648 -0.648 -1.0256929 -1.03 -1.03 -1.03 -1.03 -0.79811448 -0.798 -0.798 -0.798 -0.798 -0.52599988 -0.526 -0.526 -0.526 0.21199692 -0.19 -0.19 -0.19 -0.098 -0.098 -0.098 -0.214 -0.214 -0.214
-0.49 -0.49 -0.94 -0.94 -0.94 -1.347845 -1.35 -0.832 -0.832 -0.832 -0.61002733 -0.61 -0.58875476 0.12799984 0.128 0.128 0.128 -0.332 -0.332 -0.332 -0.10800001 -0.10800028 -0.48799815 -0.488 -0.48804418 -0.572 -0.572 -0.57200018 -0.64798772 -0.8860287 -0.88600077 -0.88602514 -1.0297539 -1.0298757 -0.83922794 -0.79800016 -0.79938741 -1.212 -1.212 -0.526 -0.526 -0.526 -0.526 -0.19 -0.19 -0.19 -0.19 -0.098 -0.098 -0.098 -0.214 -0.214 -0.214
-0.49 -0.49 -0.94 -0.94 -0.94 -0.94 -1.1561277 -0.832 -0.832 -0.832 -0.83186301 -0.584 -0.584 -0.584 0.12380402 0.128 -0.32893467 -0.332 -0.332 -0.332 -0.108 -0.108 -0.108 -0.108 -0.572 -0.572 -0.572 -0.572 -0.572 -0.886 -0.886 -0.886 -0.886 -0.88600078 -1.254 -1.212 -1.212 -1.212 -1.212 -1.2119976 -0.576 -0.576 -0.576 -0.42826245 -0.122 -0.122 -0.122 -0.098000001 -0.098000301 -0.408 -0.408 -0.094029193 -0.094
-0.49 -0.49 -0.7775816 -0.94 -0.94 -0.94000001 -1.2312902 -0.83326058 -0.832 -0.832 -0.58400005 -0.584 -0.584 -0.584 -0.584 -0.52560217 -0.332 -0.332 -0.332 -0.332 -0.10800173 -0.108 -0.108 -0.108 -0.572 -0.572 -0.572 -0.572 -0.572 -0.91555826 -0.886 -0.886 -0.886 -1.254 -1.254 -1.2539674 -1.212 -1.212 -1.0206553 -0.87200003 -0.576 -0.576 -0.576 -0.43037472 -0.122 -0.122 -0.122 -0.34 -0.40715273 -0.408 -0.408 -0.094 -0.094
-0.93 -0.93 -0.93 -0.93749272 -0.94002683 -1.232 -1.232 -1.232 -1.232 -0.83 -0.83 -0.58400002 -0.584 -0.584 -0.584 -0.58398403 -0.332 -0.332 -0.332 -0.332 -0.20574633 -0.108 -0.108 -0.1040221 0.016570219 -0.572 -0.572 -0.572 -0.926 -0.926 -0.926 -0.92599983 -1.254 -1.254 -1.254 -1.254 -0.872 -0.872 -0.872 -0.872 -0.252 -0.252 -0.252 -0.18800129 -0.188 -0.188 -0.18799998 -0.34 -0.34 -0.40791715 -0.408 -0.093999667 -0.094
-0.93 -0.93 -0.93 -0.93000129 -0.954 -0.99442577 -1.232 -1.232 -1.232 -0.83 -0.83 -0.83 -0.678 -0.678 -0.678 -0.678 -0.33242132 -0.332 -0.332 -0.332 -0.32859507 0.043999583 0.044 0.044 0.044 0.043999982 -0.384 -0.384 -0.926 -0.926 -0.926 -0.926 -1.2539998 -1.254 -1.254 -1.2539811 -0.872 -0.872 -0.872 -0.87127179 -0.252 -0.252 -0.252 -0.18800297 -0.188 -0.188 -0.188 -0.34 -0.34 -0.33999996 -0.028 -0.028 0.036
-0.93 -0.93 -0.93 -0.95399994 -0.954 -0.954 -1.2319999 -1.232 -1.232 -0.83 -0.83 -0.83 -0.678 -0.678 -0.678 -0.66916549 -0.562 -0.562 -0.56199941 -0.3332991 0.044 0.044 0.044 0.044 0.044 0.043677907 -0.384 -0.384 -0.384 -0.926 -0.926 -0.92596267 -1.022 -1.022 -1.022 -0.66 -0.66 -0.706 -0.706 -0.706 -0.432 -0.25205646 -0.25200012 -0.268 -0.268 -0.26496809 -0.18800047 -0.34 -0.34 -0.028 -0.028 -0.028 0.036
-0.93 -0.93 -0.93 -0.954 -0.954 -0.954 -0.954 -1.232 -1.232 -0.83 -0.83 -0.68407781 -0.678 -0.678 -0.678 -0.562 -0.562 -0.562 -0.562 -0.562 0.044 0.044 0.044 0.044 0.044 -0.38399854 -0.384 -0.384 -0.384 -0.868 -0.868 -0.868 -1.022 -1.022 -1.022 -0.66 -0.66 -0.706 -0.706 -0.432 -0.432 -0.432 -0.268 -0.268 -0.268 -0.268 -0.22561198 0.248 0.248 0.248 -0.027999993 0.356 0.356
-0.93 -0.93 -0.93003342 -0.954 -0.954 -0.954 -0.954 -1.1063219 -1.114 -1.1135124 -0.83 -0.6780129 -0.678 -0.678 -0.6779996 -0.562 -0.562 -0.562 -0.562 -0.562 -0.29168673 0.044 0.044 0.044 0.043971989 -0.38398357 -0.384 -0.384 -0.384 -0.868 -0.868 -0.868 -0.86801927 -1.022 -0.66 -0.66 -0.66 -0.66000187 -0.70598131 -0.432 -0.432 -0.432 -0.26800996 -0.268 -0.268 -0.268 0.24799927 0.248 0.248 0.248 0.356 0.356 0.356
-1.274 -1.2739994 -0.95399867 -0.954 -0.954 -0.954 -1.113966 -1.114 -1.114 -1.114 -0.83200001 -0.832 -0.832 -0.832 -0.56324613 -0.562 -0.562 -0.562 -0.562 -0.30600015 -0.306 -0.306 -0.091999977 -0.092 -0.092 -0.092 -0.11720336 -0.384 -0.505995 -0.506 -0.506 -0.506 -0.506 -0.622 -0.622 -0.622 -0.622 -0.622 -0.244 -0.244 -0.244 -0.244 -0.244 0.17932467 0.18 0.18 0.18 0.248 0.248 0.248 0.35598299 0.356 0.356
-1.274 -1.274 -1.2710695 -0.92400006 -0.92400001 -0.92418524 -1.114 -1.114 -1.114 -1.114 -0.832 -0.832 -0.832 -0.832 -0.832 -0.562 -0.562 -0.562 -0.30600006 -0.306 -0.306 -0.306 -0.092000001 -0.092 -0.092 -0.092 -0.092 -0.092062209 -0.50616141 -0.506 -0.506 -0.506 -0.50606484 -0.59138731 -0.6219683 -0.622 -0.622 -0.622 -0.244 -0.244 -0.244 -0.244 -0.244 0.18 0.18 0.18 0.18 0.21179813 0.248 0.88877031 0.896 0.652 0.652
-1.274 -1.274 -0.92404433 -0.924 -0.924 -0.924 -0.9722592 -1.114 -1.114 -1.114 -0.832 -0.832 -0.832 -0.832 -0.832 -0.56220682 -0.562 -0.30607506 -0.306 -0.306 -0.306 -0.306 -0.17127769 -0.092 -0.092 -0.092 -0.092 -0.09258925 -0.924 -0.924 -0.924 -0.924 -0.924 -0.568 -0.568 -0.568 -0.568 -0.568 -0.288 -0.288 -0.288 -0.288 -0.288 0.1809669 0.1800002 0.18 0.18006713 0.18818004 0.896 0.896 0.896 0.65200137 0.652
-1.2739998 -1.1916377 -0.92400004 -0.924 -0.924 -0.924 -0.924 -1.1139191 -1.114 -1.114 -0.832 -0.832 -0.832 -0.832 -0.73226556 -0.73 -0.73 -0.30601091 -0.306 -0.306 -0.306 -0.306 -0.30600007 -0.092 -0.092 -0.092 -0.092 -0.93599996 -0.93599999 -0.93344611 -0.924 -0.924 -0.924 -0.568 -0.568 -0.568 -0.568 -0.56794311 -0.288 -0.288 -0.288 -0.288 -0.28797993 0.576 0.576 0.576 0.576 0.57602581 0.896 0.896 0.896 0.89599994 0.78993816
-1.19 -1.19 -1.1512135 -0.924 -0.924 -0.924 -0.924 -0.924 -1.1139183 -0.836 -0.836 -0.836 -0.83599051 -0.73000015 -0.73 -0.73 -0.73 -0.73 -0.30600391 -0.33943863 -0.632 -0.632 -0.632 -0.49864608 -0.1665939 -0.56573172 -0.90247538 -0.936 -0.936 -0.936 -0.936 -0.936 -0.93479741 -0.48833225 -0.484 -0.484 -0.484 -0.484 -0.23878245 -0.026000471 -0.026 -0.026 -0.026 0.49400024 0.57599998 0.576 0.576 0.794 0.89599837 0.896 0.896 0.792 0.792
-1.19 -1.19 -1.26 -1.26 -1.26 -0.92411192 -0.924 -0.924 -0.836 -0.836 -0.836 -0.836 -0.836 -0.73 -0.73 -0.73 -0.73 -0.73 -0.632 -0.632 -0.632 -0.632 -0.632 -1.024 -1.024 -1.024 -1.024 -0.936 -0.936 -0.936 -0.936 -0.936 -0.87 -0.87 -0.484 -0.484 -0.484 -0.18805041 -0.188 -0.026 -0.026 -0.026 -0.025999951 0.494 0.494 0.494 0.794 0.794 0.794 0.69 0.69 0.792 0.792
-1.19 -1.19 -1.26 -1.26 -1.26 -1.26 -1.2599981 -0.918 -0.83607721 -0.836 -0.836 -0.836 -0.836 -0.73132225 -0.73 -0.73 -0.73 -0.73 -0.632 -0.632 -0.632 -0.632 -0.632 -1.024 -1.024 -1.024 -1.024 -1.0239997 -0.936 -0.936 -0.936 -0.87000346 -0.87 -0.87 -0.87 -0.484 -0.188 -0.188 -0.188 -0.18373748 0.24039068 0.29 0.29 0.494 0.494 0.494 0.794 0.794 0.794 0.69 0.69 0.69 0.6090453
