interpolatedSpi/02-07|20_3.tif
NCOLS 53
NROWS 52
XLLCORNER -116.03883
YLLCORNER 28.596182
DX 0.49850594
DY 0.49788537
NODATA_VALUE -9999
[rows 0 to 26 of 52, columns 0 to 52 of 53]
0.80857143 0.80857143 0.20320757 -0.041428571 0.38428571 0.22285714 0.60428571 0.31428571 -0.11623117 -0.27 -0.36 -0.15571429 -0.43135293 0.48714286 -0.18 -0.18 -0.18 0.51571429 0.30571429 0.30571429 0.30571429 0.30571082 -0.054285717 -0.35857143 -0.35857143 -0.35857143 0.30000288 0.3 0.3 0.044285714 0.044285714 0.044285714 0.044285714 0.06428571 0.064285714 0.064285714 0.064285714 0.064285714 0.064285714 0.064285727 0.52079664 0.52540259 -0.69857143 -0.69857143 -0.69857143 -0.69857143 -0.69821443 -0.48 -0.48 -0.48 0.62285485 0.62285714 0.62285714
0.80854788 0.27857143 0.26142935 0.37048914 0.69533803 0.71142857 0.67571429 0.30319616 -0.03 -0.13428571 -0.22857143 -0.43142857 -0.43142857 0.21092412 0.48713362 -0.18 0.51571429 0.51571429 0.3059881 0.30571429 0.30571429 0.30571429 -0.37120433 -0.35857143 -0.35857143 -0.35857143 -0.27428572 -0.27428571 0.044285714 0.044285714 0.044285714 0.044285714 0.044285714 0.064285711 0.064285714 0.064285714 0.064285714 0.064285714 0.06428572 0.017773865 -0.24853416 -0.6439672 -0.69857143 -0.69857143 -0.69857143 -0.69857143 -0.69857143 -0.48 -0.48 -0.48 -0.38855003 0.62285714 0.62285714
1.6970916 1.6971429 0.93285714 1.3957143 0.55 0.39285714 0.40285714 -0.045714286 -0.074285714 -0.20142857 0.27142857 -0.73714286 -0.56 -0.16857143 0.21 -0.092857143 0.51571429 0.51571429 0.51571429 0.16718314 0.16714286 0.16714286 -0.59857143 -0.35857143 -0.35857143 -0.35857143 -0.27428571 -0.27428571 -0.27428571 0.044285714 0.044285714 0.044285675 -0.34633605 0.063723747 0.064963859 0.13647523 0.13714286 0.13714286 0.088630165 -0.24857143 -0.24857143 -0.24914686 -0.69857143 -0.69857143 -0.69857143 -0.69857143 -0.69857143 -0.48 -0.48 -0.48 -0.48 0.62285714 0.62285714
0.70714286 1.6971426 0.57138546 0.77571429 0.12714286 0.45285714 0.52571429 -0.52571429 -0.021428571 -0.10198717 -0.39142857 -0.41857143 -0.37285714 -0.16857143 -0.12571429 -0.092857143 -0.47703799 -0.47930234 -0.59857143 0.16714286 0.16714286 -1.4028571 -0.59857143 -0.59857143 -0.35857143 -0.35857101 -0.27428571 -0.27428571 -0.27428571 -1.0328571 -0.88706563 -0.76714286 -0.76714286 -0.76714215 0.13714286 0.13714286 0.13714286 0.13714286 -0.24857143 -0.24857143 -0.24857143 -0.24857145 -0.69857143 -0.69857143 -0.69857143 -0.69857143 -0.69857143 -0.48000276 -0.48 -0.48 -0.48 0.6227878 0.62285714
0.70714286 0.17714358 0.57142857 0.30272086 0.12714286 0.27857143 -0.17851831 -0.17714286 -0.32571429 -0.11428575 -0.36474763 -0.48136575 -0.042857143 -0.12571429 -0.12571429 -0.10981216 -0.48 -0.48 -0.59857143 -0.59857143 0.1671397 -1.4028571 -1.8528571 -0.70142857 -0.57285714 -0.57300875 -0.27428571 -0.27428571 -1.0328571 -1.0328571 -0.76714286 -0.76714286 -0.76714286 -0.81671057 0.13714286 0.13714286 0.13714286 -0.24857143 -0.24857143 -0.24857143 -0.24857143 -0.24857253 -0.69857142 -0.69857143 -0.69857143 -0.69857143 -0.69857143 -0.69662587 -0.48 -0.48004574 -1.5 -1.5 -1.5
-0.82857143 0.34428571 0.94142857 0.25285714 0.36285714 0.61857143 0.25571429 0.20029617 0.29714286 -0.23428571 0.11714286 -0.13714286 -0.13714279 -0.18428571 -0.18428571 -0.31575361 -0.31571429 -0.73571429 -0.73571429 -0.59857193 -1.6657143 -1.6657143 -0.70142857 -0.57285714 -0.57285714 -1.2214286 -1.6957143 -1.6957143 -0.34149223 -1.0328571 -0.76714286 -0.76714286 -1.03 -1.0299509 -0.5600338 -1.0285714 -1.0285714 -0.48988223 -0.24857143 -0.24857143 -0.25998575 -0.26 -0.25999953 -1.6205745 -1.6370391 -1.6371426 -1.6371428 -1.6371425 -2.4869142 -1.5 -1.5 -1.5 -1.5
-0.69857125 0.51285714 -0.39539083 0.57428571 1.1614286 0.21428571 0.23285714 0.22714286 -0.02 -0.02 0.11714286 0.097142857 -0.77142856 -0.18428571 -0.47857055 -0.47857143 -0.31571429 -0.77428571 -1.1728571 -1.1728571 -1.6064696 -1.54 -1.54 -1.5642857 -1.2214286 -1.2214286 -1.6957143 -1.6957143 -0.34146678 -0.3421321 -0.014468379 -1.03 -1.03 -0.56 -0.56 -1.0550254 -1.0285714 -1.0285714 -1.5099833 -0.26000174 -0.26 -0.26 -0.25999871 -1.6371394 -1.6371429 -1.6371429 -1.6371429 -1.6371435 -2.7257143 -1.5002429 -1.5 -1.5 -1.5
-0.69857143 -1.0042857 -0.097142857 -0.41857143 -0.72426819 -0.17714286 -0.017142857 -0.45857141 -0.11714286 -0.29285714 -0.29285714 -0.79 -0.77142857 -0.77142857 -0.4805807 -0.7882288 -0.81857143 -0.47 -0.89857171 -1.1728571 -1.4050236 -1.3585714 -1.9257143 -0.97285715 -0.97286177 -1.3314286 -1.8357143 -1.8357142 -0.99484514 -0.99714284 -0.011428571 -0.32016996 -0.35142857 -0.56 -0.57267156 -1.0771429 -1.0771429 -1.51 -1.51 -0.26 -0.26 -0.26 -1.0109474 -1.0142857 -1.6371429 -1.6371429 -1.6371429 -2.7256729 -2.7257143 -2.7257143 -1.5 -1.5 -1.5
-0.97697692 -1.0042857 -0.97857143 -0.1 -0.22428571 -0.48714286 -0.20571429 0.63285714 0.31714286 0.54270378 0.021428571 -0.23285714 -0.23285714 -0.59285714 -0.59285395 -1.0949419 -1.0957143 -1.0957143 -0.5354221 -1.6285715 -1.9057143 -1.9057143 -1.6814286 -1.8294453 -1.295294 -1.3314286 -1.6442857 -1.8357143 -0.95514689 -0.95 -0.31142857 0.31714286 -0.051964786 -1.1071429 -1.0042857 -1.0028571 -0.95 -0.64 -0.79421447 -0.25898609 -0.032857143 -0.58 -1.014228 -1.0142857 -1.0177915 -1.6371429 -1.9485714 -2.7257143 -2.7257143 -2.7257143 -2.7257143 -1.4500192 -1.5014286
-0.82428571 -0.82428571 -0.91 -0.43285714 -0.2 -0.28 -0.11 0.12142857 0.78714286 0.59998165 0.22571429 -0.062857143 -0.59285714 -0.59285714 -0.25285714 -0.26441731 -1.0957143 -1.0956628 -0.90857143 -1.6285714 -1.6285714 -1.6642767 -1.6814286 -1.7642841 -1.7642857 -1.7642857 -1.6442857 -0.59714286 -0.59714286 -0.95 -0.95 0.31575291 -0.41571429 -1.1071429 -0.88 -1.0028571 -0.95 -1.5642857 -0.79428571 0.44810427 -0.57999998 -0.60938715 -0.66 -1.0142857 -1.0142857 -1.9485714 -1.9485714 -1.9485714 -2.7257143 -2.7257143 -1.0985714 -1.0985714 -1.0985716
-0.82428571 -0.82428571 -1.5214286 -1.36 -0.81714286 -0.38714286 -0.61999999 0.2341403 -0.077142857 0.0057142857 -0.044285714 -0.28714286 -0.063156518 -0.25285714 -0.25285714 -0.2528878 -0.51857143 -0.53904046 -0.90857143 -0.24857143 -0.24857143 -0.76142857 -0.76142857 -1.7642857 -1.7642857 -1.7642857 -0.59714286 -0.59714286 -0.59714286 -1.2671429 -1.2671429 -1.2671415 -0.75571429 -0.75571429 -0.94428571 -1.3371429 -0.57285714 -1.2814288 -1.5457143 0.46857143 0.46857143 -0.47571489 -0.66 -1.0142857 -0.89571449 -1.1371429 -0.63141152 -0.62571429 -0.84571429 -0.84571429 -1.0985714 -1.0985714 -1.0985714
-0.82428571 -1.1252979 -1.4525412 -1.4457033 -1.2628571 -1.2714286 -0.62 0.23428571 -0.077140256 0.0047963291 -0.28714248 -0.28714286 -0.13285714 -0.25285714 -0.25285714 -0.51857142 -0.51857143 -0.51859362 -0.90857143 -0.24857143 -0.34928614 -0.76142857 -0.76142857 -1.7642449 -1.7642857 -1.5163372 -1.01 -1.01 -1.0099999 -1.2671429 -1.2671429 -1.2942857 -1.2942857 -0.7557148 -0.94428571 -0.60142865 -0.69037364 -1.2814286 -1.2814286 0.4685714 -0.47571429 -0.47571429 -0.47571735 -0.89571429 -0.89571429 -1.1371429 -0.62571429 -0.62571429 -0.84571429 -0.84571429 -1.0985714 -1.0985714 -1.0985714
0.034285714 -0.037244065 0.087088732 0.076037213 -1.262857 -1.2714284 -0.62000002 0.22376994 -0.055682244 -0.074979236 -0.13285714 -0.13285714 -0.13285714 -0.13285714 -0.25284014 -0.51857143 -0.51857143 -0.52360695 -0.90857143 -0.2485814 -0.26857143 -0.26857143 -0.26857143 -0.26857143 -1.7383506 -1.01 -1.01 -1.01 -1.01 -1.0101168 -1.2942857 -1.2942857 -1.2942857 -1.2942857 -0.60142857 -0.60142857 -0.60142857 -1.2486695 -1.2738966 -0.27857143 -0.27857143 -0.47570368 -0.67572182 -0.8956931 -0.89571429 -1.1371429 -0.62571429 -0.62571429 -0.84571428 -0.84571429 -1.0976541 -1.0985714 -1.3144563
0.034285714 0.087142857 0.087142857 0.087142857 0.087142857 0.087142285 -0.62166748 -0.21582421 0.0015726743 -0.13279508 -0.13285714 -0.13285714 -0.13285714 -0.13285714 -0.13285728 -0.51857142 -0.51857149 -0.54532277 -0.90856392 -0.26857143 -0.26857143 -0.26857143 -0.26857143 -0.26857143 -0.28089589 -0.9231846 -0.89000002 -0.89 -0.89 -0.89 -1.2942857 -1.2942857 -1.2942852 -0.84714286 -0.84714286 -0.60142857 -0.2958826 -0.28714286 -0.27857143 -0.27857143 -0.27857143 -0.27857143 -0.67571429 -0.67571429 -0.67571429 -0.67892541 -0.64143255 -0.64142857 -0.64142857 -0.64142857 -0.64142858 0.32571399 0.32571429
0.33571429 0.087142857 0.087142857 0.087142857 0.087142857 0.087142857 0.087142808 -0.38378667 -0.31242484 -0.31428571 -0.31428571 -0.31428571 -0.31428571 -0.31428571 -0.31428571 -0.42907971 -0.5172232 -0.57197541 -0.26865177 -0.26857143 -0.26857143 -0.26857143 -0.26857143 -0.26857174 -0.83857143 -0.83857143 -0.8385715 -0.89 -0.89 -0.89029464 -1.0371429 -1.0371429 -0.84714286 -0.84714286 -0.84714286 -0.37684869 -0.28714286 -0.28714286 -0.28714286 -0.27857143 -0.27857143 -0.27857143 -0.67571429 -0.67571429 -0.67571429 -0.67571429 -0.64142857 -0.64142857 -0.64142857 -0.64142857 -0.64142857 0.32571429 0.32571429
0.33571429 0.24317397 0.087142857 0.087142857 0.087142857 0.087142857 -0.29421085 -0.29428571 -0.29428571 -0.31428571 -0.31428571 -0.31428571 -0.31428571 -0.31428571 -0.34012825 -0.43142857 -0.43142857 -0.43142857 -0.53774914 -0.53857115 -0.53857143 -0.53857143 -0.53857143 -0.53857143 -0.83857143 -0.83857143 -0.83857143 -0.83857143 -0.89 -1.0371429 -1.0371429 -1.0371429 -0.84714287 -0.84714286 -0.84714286 -0.12142857 -0.28692345 -0.28714286 -0.28714286 -0.27864397 -0.42345553 -0.76140972 -0.67571429 -0.67571429 -0.32109776 -0.32 -0.32 -0.64003876 0.20133033 0.20428564 0.20428555 0.56282116 0.32571477
0.33571429 0.0034558595 0.040152868 0.087142857 0.087142857 -0.29406035 -0.29428571 -0.29428571 -0.29428571 -0.29442984 -0.31428571 -0.31428571 -0.31428571 -0.31428573 -0.43142857 -0.43142857 -0.43142857 -0.43142857 -0.53847572 -0.53857143 -0.53857143 -0.53857143 -0.53857143 -0.53857143 -0.83857142 -0.83857143 -0.83857143 -0.83857143 -0.8392937 -1.0371429 -1.0371429 -1.0371429 -0.42428573 -0.84705883 -0.12142857 -0.12142857 -0.12142857 -0.12538253 -0.7327327 -0.76285714 -0.76285714 -0.76285714 -0.52285714 -0.52285714 -0.32 -0.32 -0.32 0.20428571 0.20428571 0.20428571 0.20428571 0.56285714 0.56285714
-0.0052531263 -0.0057142857 -0.0057142857 -0.0057142866 -0.098571429 -0.29428067 -0.29428571 -0.29428571 -0.29428571 -0.29428571 -0.27783762 -0.31427944 -0.3142857 -0.43142857 -0.43142857 -0.43142857 -0.43142857 -0.43142857 -0.46589102 -0.53857143 -0.53857143 -0.53857143 -0.53857143 -0.53857143 -0.54257393 -0.32000281 -0.32 -0.32 -0.32 -1.0371428 -0.42428572 -0.42428571 -0.42428571 -0.42428571 -0.12142857 -0.12143801 -0.48 -0.48 -0.75932525 -0.76285714 -0.76285714 -0.76285714 -0.52285714 -0.52285714 -0.35140927 -0.32 -0.32 0.20428571 0.20428571 0.20428571 0.20813053 0.56285714 0.56285714
-0.0057142857 -0.0057142857 -0.0057142857 -0.049442099 -0.098571429 -0.098571429 -0.29428571 -0.29428571 -0.29428571 -0.29428571 0.16714286 0.16714286 0.16714286 -0.43142857 -0.43142857 -0.43142857 -0.43142857 -0.4314281 -0.84428571 -0.84428571 -0.53857155 -0.53857143 -0.53571949 -0.42142857 -0.42051545 -0.32 -0.32 -0.32 -0.32 -0.4242751 -0.42428571 -0.42428571 -0.42428571 -0.42428571 -0.47999874 -0.48 -0.48 -0.48 -0.48097447 -0.76285714 -0.76285714 -0.76285714 -0.52285714 -0.52285714 -0.52285714 -0.32 -0.32 0.20428571 0.20428571 0.20428572 0.56285714 0.56285714 0.56285714
-0.0057142857 -0.0057142857 -0.0057142857 -0.098571429 -0.098571429 -0.098571429 -0.098571728 -0.29428571 -0.29428571 0.16666653 0.16714286 0.16714286 0.16714286 0.16676992 -0.42911594 -0.42857143 -0.42857143 -0.42857143 -0.84428571 -0.84428571 -0.84428571 -0.42142857 -0.42142857 -0.42142857 -0.42136134 -0.24731592 -0.32 -0.32 -0.32 -0.22552854 -0.18288089 -0.18285714 -0.18285714 -0.18285714 -0.33249884 -0.12571509 -0.12571429 -0.12571429 -0.12571429 0.032748266 0.032857143 0.032857143 -0.52285714 -0.52285714 0.46142446 0.46142852 0.32857143 0.32857143 0.48571429 0.48571429 0.48571429 0.56285714 0.78694232
-0.005713634 -0.0057142857 -0.0057142891 -0.098571429 -0.098571429 -0.098571429 -0.098571429 -0.14000004 -0.29366882 0.16721151 0.16714286 0.16714286 0.16714286 0.1659739 -0.42857143 -0.42857143 -0.42857143 -0.42857155 -0.84428571 -0.84428571 -0.84428571 -0.42142857 -0.42142857 -0.42142857 -0.18142857 -0.18142857 -0.07857143 -0.078571429 -0.078571429 -0.07914034 -0.18285714 -0.18285714 -0.18285714 -0.18285714 -0.15430141 -0.12571429 -0.12571429 -0.12571429 -0.12571429 0.032857143 0.032857143 0.032857143 0.04634164 0.46142857 0.46142857 0.46142857 0.32857143 0.32857143 0.48571429 0.48571429 0.48571429 0.78714285 0.78714286
0.20428571 0.09108701 -0.50285714 -0.50273985 -0.098571429 -0.1397603 -0.14 -0.14 -0.07024752 0.24285714 0.24285714 0.24285714 0.24285714 -0.48711909 -0.48714286 -0.42857147 -0.42857143 -0.43952489 -0.84428571 -0.84428571 -0.84428571 -0.69714286 -0.69714286 -0.69714286 -0.18142857 -0.18142857 -0.078571429 -0.078571429 -0.078571429 -0.078571326 0.062855581 0.062856453 -0.17668148 -0.18259372 -0.14860941 -0.14857143 -0.14857143 -0.14857143 -0.14857143 0.032857143 0.032857143 0.032857143 0.43783007 0.46142857 0.46142857 0.46142852 0.32857143 0.32857143 0.32857709 0.48571429 0.48570579 0.29571429 0.78714286
-0.077089413 -0.077142931 -0.50285714 -0.50285714 -0.50285714 -0.14 -0.14 -0.14 0.051428571 0.051428571 0.24285714 0.24285714 0.24285714 -0.48714286 -0.48714286 -0.48714286 -0.48714286 -0.48718227 -0.84428571 -0.84428571 -0.84428571 -0.69714286 -0.69714286 -0.69714286 -0.18142857 -0.18142857 -0.078571429 -0.078571429 -0.078571429 0.061262525 0.062857143 0.062857143 0.062857143 0.062857143 -0.1484671 -0.14857143 -0.14857143 -0.14857143 -0.14857143 0.0085714349 0.0085714286 0.0085714286 0.0085714286 0.46142653 0.19571429 0.19571429 0.19571429 0.30571429 0.30571429 0.30571429 0.29571429 0.29571429 0.29571429
-0.077142857 -0.077142857 -0.50285714 -0.50285714 -0.50285714 -0.14190724 -0.14 0.051428571 0.051428571 0.051428571 0.24283358 0.24285714 -0.11667774 -0.48714279 -0.48714286 -0.48714286 -0.48714286 -0.44 -0.44 -0.44 -0.69714286 -0.69714286 -0.69714286 -0.69714286 -0.69690405 -0.53857143 -0.53857143 -0.53857033 -0.078645768 0.32280533 0.32285576 0.32281175 0.06330151 0.06308152 -0.11074625 -0.14857143 -0.14862409 -0.16428571 -0.16428571 0.0085714286 0.0085714286 0.0085714286 0.0085714286 0.19571429 0.19571429 0.19571429 0.19571429 0.30571429 0.30571429 0.30571429 0.29571429 0.29571429 0.29571429
-0.077142857 -0.077142857 -0.50285714 -0.50285714 -0.50285714 -0.50285714 -0.068353878 0.051428571 0.051428571 0.051428571 0.051291265 -0.19714286 -0.19714286 -0.19714286 -0.48543382 -0.48714286 -0.44031415 -0.44 -0.44 -0.44 -0.69714286 -0.69714286 -0.69714286 -0.69714286 -0.53857143 -0.53857143 -0.53857143 -0.53857143 -0.53857143 0.32285714 0.32285714 0.32285714 0.32285714 0.32285709 0.3 -0.16428571 -0.16428571 -0.16428571 -0.16428571 -0.1642866 -0.47285714 -0.47285714 -0.47285714 -0.34687363 -0.085714286 -0.085714286 -0.085714286 0.30571427 0.30571394 -0.052857143 -0.052857143 0.30285541 0.30285714
-0.077142857 -0.077142857 -0.34920418 -0.50285714 -0.50285714 -0.50285715 -0.77995064 0.048803866 0.051428571 0.051428571 -0.19714293 -0.19714286 -0.19714286 -0.19714286 -0.19714286 -0.22094935 -0.44 -0.44 -0.44 -0.44 -0.69714087 -0.69714286 -0.69714286 -0.69714286 -0.53857143 -0.53857143 -0.53857143 -0.53857143 -0.53857143 -0.13951844 0.32285714 0.32285714 0.32285714 0.3 0.3 0.29963947 -0.16428571 -0.16428571 -0.10398802 -0.057142868 -0.47285714 -0.47285714 -0.47285714 -0.3482879 -0.085714286 -0.085714286 -0.085714286 -0.01 -0.052323147 -0.052857143 -0.052857143 0.30285714 0.30285714
-0.63142857 -0.63142857 -0.63142857 -0.53509353 -0.50302469 -0.78142857 -0.78142857 -0.78142857 -0.78142857 -0.52857143 -0.52857143 -0.19714288 -0.19714286 -0.19714286 -0.19714286 -0.19715825 -0.44 -0.44 -0.44 -0.44 -0.58493406 -0.69714286 -0.69714286 -0.68768412 -0.34474729 -0.53857143 -0.53857143 -0.53857143 -0.30285714 -0.30285714 -0.30285714 -0.30285452 0.3 0.3 0.3 0.3 -0.057142857 -0.057142857 -0.057142857 -0.057142857 -0.57857143 -0.57857143 -0.57857143 -0.031439572 -0.031428571 -0.031428571 -0.031428589 -0.01 -0.01 -0.052804924 -0.052857143 0.30285615 0.30285714
