interpolatedSpi/02-07|22_2.tif
NCOLS 53
NROWS 52
XLLCORNER -116.03883
YLLCORNER 28.596182
DX 0.49850594
DY 0.49788537
NODATA_VALUE -9999
[rows 0 to 28 of 52, columns 0 to 52 of 53]
0.56666667 0.56666667 0.20491738 -0.0066666667 0.66666667 0.39333333 0.50166667 0.51666667 0.19155022 0.17166667 0.37166667 0.785 0.59002415 0.88333333 0.815 0.815 0.815 0.815 0.64833333 0.64833333 0.64833333 0.64832507 -0.20999999 0.32166667 0.32166667 0.32166667 0.27166242 0.27166667 0.27166667 0.15333333 0.15333333 0.15333333 0.15333333 0.60166658 0.60166667 0.60166667 0.60166667 0.60166667 0.60166667 0.60166665 0.12513394 0.12000329 0.13166667 0.13166667 0.13166667 0.13166667 0.13126105 -0.11666667 -0.11666667 -0.11666667 1.0433309 1.0433333 1.0433333
0.56662409 -0.39166667 0.078333589 0.18953235 0.2518687 0.67666667 0.50833333 0.68632856 0.35166667 0.39 0.50333333 0.59 0.59 0.77370012 0.8833314 0.815 0.815 0.815 0.64855064 0.64833333 0.64833333 0.64833333 0.32859722 0.32166667 0.32166667 0.32166667 0.53666665 0.53666667 0.15333333 0.15333333 0.15333333 0.15333333 0.15333333 0.6016666 0.60166667 0.60166667 0.60166667 0.60166667 0.6016667 0.76985497 1.6615811 0.3173196 0.13166667 0.13166667 0.13166667 0.13166667 0.13166667 -0.11666667 -0.11666667 -0.11666667 -0.020478356 1.0433333 1.0433333
0.49165105 0.49166667 0.3 0.75166667 0.17 -0.053333333 0.26 0.42666667 -0.063333333 0.44833333 0.43333333 0.22666667 0.36833333 0.745 0.77333333 0.23333333 0.815 0.815 0.815 0.33509109 0.335 0.335 0.45333333 0.32166667 0.32166667 0.32166667 0.53666667 0.53666667 0.53666667 0.15333333 0.15333333 0.15333336 0.42692904 0.60258568 0.60546738 1.0062582 1.01 1.01 1.0919625 1.6616667 1.6616667 1.6597102 0.13166667 0.13166667 0.13166667 0.13166667 0.13166667 -0.11666667 -0.11666667 -0.11666667 -0.11666666 1.0433333 1.0433333
0.005 0.49166666 0.43664394 1.4216667 -0.016666667 0.32333333 0.47333333 0.063333333 0.43 0.61771098 0.51333333 0.245 0.22666667 0.745 -0.27 0.23333333 -0.53242935 -0.53738511 -0.56 0.335 0.335 -0.22666667 0.45333333 0.45333333 0.32166667 0.32166774 0.53666667 0.53666667 0.53666667 0.19833333 0.48547468 0.72166667 0.72166667 0.72166689 1.01 1.01 1.01 1.01 1.6616667 1.6616667 1.6616667 1.6616666 0.13166667 0.13166667 0.13166667 0.13166667 0.13166667 -0.11666353 -0.11666667 -0.11666667 -0.11666667 1.0433203 1.0433333
0.005 0.88333251 0.43666667 0.34194807 -0.016666667 0.20666667 0.47666299 0.69 0.285 0.80666644 0.51722141 0.37994676 0.0083333333 -0.27 -0.27 0.054655525 -0.53833333 -0.53833333 -0.56 -0.56 0.33499885 -0.22666667 0.0033333333 0.225 0.33666667 0.33672791 0.53666667 0.53666667 0.19833333 0.19833333 0.72166667 0.72166667 0.72166667 0.71475246 1.01 1.01 1.01 1.6616667 1.6616667 1.6616667 1.6616667 1.6616448 0.13166669 0.13166667 0.13166667 0.13166667 0.13166667 0.12945619 -0.11666667 -0.11663251 0.645 0.645 0.645
-1.7433333 0.14666667 0.39333333 0.53 -0.28833333 0.34 0.33 0.37609031 0.39833333 -0.12833333 -0.54 -0.03 -0.029999975 0.14333333 0.14333333 -0.19830557 -0.19833333 -0.125 -0.125 -0.55999944 -0.46666667 -0.46666667 0.225 0.33666667 0.33666667 0.59833333 0.38166667 0.38166667 0.83994112 0.19833333 0.72166667 0.72166667 0.685 0.68506513 1.3082887 1.3933333 1.3933333 1.5786516 1.6616667 1.6616667 1.4352827 1.435 1.4350016 0.69815359 0.7082696 0.70833318 0.70833331 0.70833312 0.69638537 0.645 0.645 0.645 0.645
-0.78167308 -0.82166667 -0.53098542 -0.345 -0.046666667 -0.35333333 -0.011666662 -0.25666667 -0.23 -0.23 -0.54 0.025 -0.51666655 0.14333333 -0.083332654 -0.083333333 -0.19833333 0.081666667 0.073333333 0.073333333 -0.48316094 -0.50166667 -0.50166667 0.485 0.59833333 0.59833333 0.38166667 0.38166667 0.83997329 0.83950825 1.1077538 0.685 0.685 1.3083333 1.3083333 1.4768448 1.3933333 1.3933333 1.8899828 1.4350006 1.435 1.435 1.4350089 0.70833703 0.70833333 0.70833333 0.70833333 0.70833335 0.73333333 0.64501751 0.645 0.645 0.645
-0.78166667 0.11833333 -0.063333333 -1.07 -0.89501003 -0.54333333 -0.565 -0.5 -0.53333333 -0.33333333 -0.33333333 -0.085 -0.51666667 -0.51666667 -0.086306402 -0.4734409 -0.51166667 0.10666667 -0.44499947 0.073333333 0.17881194 0.27333333 -0.615 0.30833333 0.30832884 -0.04 0.42666667 0.42666665 0.38327273 0.38166668 1.11 0.39256619 0.7 1.3083333 1.3110904 1.5466667 1.5466667 1.89 1.89 1.435 1.435 1.435 1.3736835 1.3716666 0.70833333 0.70833333 0.70833333 0.73333238 0.73333333 0.73333333 0.645 0.645 0.645
-0.046530886 0.11833333 0.18333333 -0.53333333 -0.65333333 -0.89 -0.36166667 -0.24333333 -0.17 -0.025132167 -3.7028587e-19 -0.081666668 -0.081666667 0.435 0.43499187 -0.614712 -0.615 -0.615 0.022453902 -0.57833339 -0.84 -0.83999999 0.74833333 -0.077732745 -0.0048971972 -0.04 0.645 0.42666667 1.2004771 1.205 0.30666667 1.4716667 1.1249831 0.935 1.405 1.3383333 1.7483333 0.825 1.9311557 1.4381172 2.1333333 1.6866667 1.3716941 1.3716667 1.3679331 0.70833333 0.73666667 0.73333333 0.73333333 0.73333333 0.73333333 0.68754004 0.43
-0.96833333 -0.96833333 0.245 -0.40833333 -0.84666667 -0.95166667 -0.78166667 -0.94166667 -0.38 0.01155387 -0.02 0.885 0.435 0.435 -0.43 -0.43253736 -0.615 -0.61496904 -0.48333333 -0.57833333 -0.57833333 -0.61204478 0.74833333 0.90499703 0.905 0.905 0.645 0.69666667 0.69666667 1.205 1.205 1.4703612 0.78333333 0.935 1.1966667 1.3383333 1.7483333 1.4533333 1.9316667 1.179065 1.6866667 1.6327902 1.54 1.3716667 1.3716667 0.73666667 0.73666667 0.73666667 0.73333333 0.73333333 0.98666667 0.98666667 0.98666646
-0.96833333 -0.96833333 -0.21 -0.60833333 -0.90833333 -0.69666667 -1.0666667 -0.003824958 -0.27833333 -0.39833333 -0.28333333 -0.56333333 0.88307118 -0.43 -0.43 -0.43000115 -0.44 -0.44227434 -0.48333333 -0.34833333 -0.34833333 -0.61333333 -0.61333333 0.905 0.905 0.905 0.69666667 0.69666667 0.69666667 0.29333333 0.29333333 0.29333414 0.98 0.98 0.78666667 0.57166667 1.4416667 1.1850001 1.55 1.1666667 1.1666667 0.9516686 1.54 1.3716667 1.1066666 0.95833333 1.1200086 1.1216667 1.3033333 1.3033333 0.98666667 0.98666667 0.98666667
-0.96833333 -0.64096888 -0.37998304 -0.69665651 -0.085 -1.135 -1.0666667 -0.0033333333 -0.27833104 -0.39700388 -0.56333312 -0.56333333 -0.53333333 -0.43 -0.43 -0.44 -0.44 -0.44000247 -0.48333333 -0.34833333 -0.40037394 -0.61333333 -0.61333333 0.90493911 0.905 0.67106125 0.19333333 0.19333333 0.1933334 0.29333333 0.29333333 0.083333333 0.083333333 0.97999947 0.78666667 1.0166667 1.4029142 1.185 1.185 1.1666667 0.95166667 0.95166667 0.95166788 1.1066667 1.1066667 0.95833333 1.1216667 1.1216667 1.3033333 1.3033333 0.98666667 0.98666667 0.98666667
0.38 0.14444061 0.17997107 0.17365551 -0.085005438 -1.1349752 -1.0666667 -0.016422358 -0.25938302 -0.28146685 -0.53333333 -0.53333333 -0.53333333 -0.53333333 -0.43001464 -0.44 -0.44 -0.4405595 -0.48333333 -0.34833805 -0.36166667 -0.36166667 -0.36166667 -0.36166667 0.88297483 0.19333333 0.19333333 0.19333333 0.19333333 0.19337645 0.083333333 0.083333333 0.083333333 0.083333333 1.0166667 1.0166667 1.0166667 1.176901 1.1812948 0.69166667 0.69166667 0.95165268 0.80667694 1.1066378 1.1066667 0.95833333 1.1216667 1.1216667 1.3033333 1.3033333 0.9878155 0.98666667 1.3311558
0.38 0.18 0.18 0.18 0.18 0.17999945 -1.0668414 -0.56357258 -0.20882539 -0.53306167 -0.53333333 -0.53333333 -0.53333333 -0.53333333 -0.53333324 -0.44 -0.44000001 -0.44297237 -0.48333234 -0.36166667 -0.36166667 -0.36166667 -0.36166667 -0.36166667 -0.35053186 0.15722493 0.13833334 0.13833333 0.13833333 0.13833333 0.083333332 0.083333333 0.083333516 0.235 0.235 1.0166667 0.67639956 0.66666667 0.69166665 0.69166667 0.69166667 0.69166667 0.80666667 0.80666667 0.80666667 0.80772213 1.0752697 1.075 1.075 1.075 1.075 1.18 1.18
0.49333333 0.18 0.18 0.18 0.18 0.18 0.17999992 -0.65430227 -0.41037004 -0.41166667 -0.41166667 -0.41166667 -0.41166667 -0.41166667 -0.41166667 0.10595871 -0.43116983 -0.44593367 -0.36168195 -0.36166667 -0.36166667 -0.36166667 -0.36166667 -0.36166605 0.15333333 0.15333333 0.15333331 0.13833333 0.13833333 0.13799626 -0.03 -0.03 0.235 0.235 0.235 0.59751832 0.66666667 0.66666667 0.66666667 0.69166667 0.69166667 0.69166667 0.80666667 0.80666667 0.80666667 0.80666667 1.075 1.075 1.075 1.075 1.075 1.18 1.18
0.49333333 0.37668289 0.18 0.18 0.18 0.18 -0.24824927 -0.24833333 -0.24833334 -0.41166667 -0.41166667 -0.41166667 -0.41166667 -0.41166667 -0.29511264 0.11666667 0.11666667 0.11666667 0.16671947 0.16833279 0.16833333 0.16833333 0.16833333 0.16833333 0.15333333 0.15333333 0.15333333 0.15333333 0.13833333 -0.03 -0.03 -0.03 0.23499998 0.235 0.235 0.56833333 0.66653647 0.66666667 0.66666667 0.6915723 0.50318912 0.063549598 0.80666667 0.80666667 0.088888629 0.086666667 0.086666667 1.0729131 -0.18890108 -0.19333322 -0.19333309 0.18015127 1.179998
0.49333333 -0.01918842 0.072043512 0.18 0.18 -0.24808025 -0.24833333 -0.24833333 -0.24833333 -0.24951036 -0.41166667 -0.41166667 -0.41166667 -0.4116666 0.11666667 0.11666667 0.11666667 0.11666667 0.16828718 0.16833333 0.16833333 0.16833333 0.16833333 0.16833333 0.15333333 0.15333333 0.15333333 0.15333333 0.15266648 -0.03 -0.03 -0.03 -0.068333332 0.23502658 0.56833333 0.56833333 0.56833333 0.56409019 0.099970454 0.061666667 0.061666667 0.061666667 -0.046666667 -0.046666667 0.086666667 0.086666667 0.086666667 -0.19333333 -0.19333333 -0.19333333 -0.19333333 0.18 0.18
-0.032930114 -0.033333333 -0.033333333 -0.033333338 -0.47333333 -0.24833914 -0.24833333 -0.24833333 -0.24833333 -0.24833333 -0.35854469 -0.41165752 -0.41166665 0.11666667 0.11666667 0.11666667 0.11666667 0.11666667 0.10030552 0.16833333 0.16833333 0.16833333 0.16833333 0.16833333 -0.079662103 -0.46832996 -0.46833333 -0.46833333 -0.46833333 -0.030000002 -0.068333333 -0.068333333 -0.068333333 -0.068333333 0.56833333 0.56832315 0.18166667 0.18166667 0.063165045 0.061666667 0.061666667 0.061666667 -0.046666667 -0.046666667 0.066022076 0.086666667 0.086666667 -0.19333333 -0.19333333 -0.19333333 -0.18933023 0.18 0.18
-0.033333333 -0.033333333 -0.033333333 -0.2405359 -0.47333333 -0.47333333 -0.24833333 -0.24833333 -0.24833333 -0.24833333 0.29 0.29 0.29 0.11666667 0.11666667 0.11666667 0.11666667 0.11663059 -0.20666667 -0.20666667 0.16833318 0.16833333 0.15790522 -0.26 -0.26187553 -0.46833333 -0.46833333 -0.46833333 -0.46833333 -0.068374063 -0.068333333 -0.068333333 -0.068333333 -0.068333333 0.18166803 0.18166667 0.18166667 0.18166667 0.18121625 0.061666667 0.061666667 0.061666667 -0.046666667 -0.046666667 -0.046666667 0.086666667 0.086666667 -0.19333333 -0.19333333 -0.19333333 0.18 0.18 0.18
-0.033333333 -0.033333333 -0.033333333 -0.47333333 -0.47333333 -0.47333333 -0.47333299 -0.24833333 -0.24833333 0.28944429 0.29 0.29 0.29 0.289892 -0.060057227 -0.10166667 -0.10166667 -0.10166667 -0.20666667 -0.20666667 -0.20666667 -0.26 -0.26 -0.26 -0.26004529 -0.44385553 -0.46833333 -0.46833333 -0.46833333 -0.45300052 -0.52995459 -0.53 -0.53 -0.53 -0.024117102 -0.31166555 -0.31166667 -0.31166667 -0.31166667 -0.42659985 -0.42666667 -0.42666667 -0.046666667 -0.046666667 -0.24666583 -0.24666659 -0.03 -0.03 -0.135 -0.135 -0.135 0.18 -0.029812235
-0.033334182 -0.033333333 -0.033333349 -0.47333333 -0.47333333 -0.47333333 -0.47333334 -1.248333 -0.25233172 0.28916728 0.29 0.29 0.29 0.28923144 -0.10166667 -0.10166667 -0.10166667 -0.1016667 -0.20666667 -0.20666667 -0.20666667 -0.26 -0.26 -0.26 -0.42166667 -0.42166667 -0.60833333 -0.60833333 -0.60833333 -0.607906 -0.53 -0.53 -0.53 -0.53 -0.42089338 -0.31166667 -0.31166667 -0.31166667 -0.31166667 -0.42666667 -0.42666667 -0.42666667 -0.42100318 -0.24666667 -0.24666667 -0.24666667 -0.03 -0.03 -0.135 -0.135 -0.135 -0.030000004 -0.03
-0.30666667 -0.19722933 -0.73833333 -0.73825645 -0.47333333 -1.2438492 -1.2483333 -1.2483333 -1.1098695 -0.62833334 -0.62833333 -0.62833333 -0.62833333 -0.17668137 -0.17666667 -0.10166672 -0.10166667 -0.10443326 -0.20666667 -0.20666667 -0.20666667 -0.62166667 -0.62166667 -0.62166667 -0.42166667 -0.42166667 -0.60833333 -0.60833333 -0.60833333 -0.60833367 -1.0683299 -1.0683318 -0.5435302 -0.53057713 -0.92621187 -0.92666667 -0.92666667 -0.92666667 -0.92666667 -0.42666667 -0.42666667 -0.42666667 -0.25657823 -0.24666667 -0.24666667 -0.24666669 -0.03 -0.03 -0.03000378 -0.135 -0.13500142 -0.16666667 -0.03
-0.64160305 -0.64166668 -0.73833333 -0.73833333 -0.73833333 -1.2483333 -1.2483333 -1.2483333 -0.86833333 -0.86833333 -0.62833333 -0.62833333 -0.62833333 -0.17666667 -0.17666667 -0.17666667 -0.17666667 -0.17666971 -0.20666667 -0.20666667 -0.20666668 -0.62166667 -0.62166667 -0.62166667 -0.42166667 -0.42166667 -0.60833333 -0.60833333 -0.60833333 -1.0631468 -1.0683333 -1.0683333 -1.0683333 -1.0683333 -0.92673657 -0.92666667 -0.92666667 -0.92666667 -0.92666667 -0.72833325 -0.72833333 -0.72833333 -0.72833333 -0.24666777 -0.39 -0.39 -0.39 -0.076666667 -0.076666667 -0.076666667 -0.16666667 -0.16666667 -0.16666667
-0.64166667 -0.64166667 -0.73833333 -0.73833333 -0.73833333 -1.2456527 -1.2483333 -0.86833333 -0.86833333 -0.86833333 -0.62836288 -0.62833333 -0.65420895 -0.17666678 -0.17666667 -0.17666667 -0.17666667 -0.50666667 -0.50666667 -0.50666667 -0.61333333 -0.61333334 -0.62166663 -0.62166667 -0.62166584 -0.715 -0.715 -0.71499975 -0.60835057 -1.0250086 -1.0250002 -1.0250076 -1.0682593 -1.0682959 -0.95187024 -0.92666681 -0.92787869 -1.2883333 -1.2883333 -0.72833333 -0.72833333 -0.72833333 -0.72833333 -0.39 -0.39 -0.39 -0.39 -0.076666667 -0.076666667 -0.076666667 -0.16666667 -0.16666667 -0.16666667
-0.64166667 -0.64166667 -0.73833333 -0.73833333 -0.73833333 -0.73833334 -1.1061104 -0.86833333 -0.86833333 -0.86833333 -0.86821825 -0.66 -0.66 -0.66 -0.17951506 -0.17666667 -0.50446763 -0.50666667 -0.50666667 -0.50666667 -0.61333333 -0.61333333 -0.61333333 -0.61333333 -0.715 -0.715 -0.715 -0.715 -0.715 -1.025 -1.025 -1.025 -1.025 -1.025 -1.03 -1.2883333 -1.2883333 -1.2883333 -1.2883333 -1.2883309 -0.6 -0.6 -0.6 -0.46983558 -0.2 -0.2 -0.2 -0.07666667 -0.076666886 -0.30333333 -0.30333333 -0.031699509 -0.031666667
-0.64166667 -0.64166667 -0.70344345 -0.73833333 -0.73833333 -0.73833334 -1.1877655 -0.8693418 -0.86833333 -0.86833333 -0.66000002 -0.66 -0.66 -0.66 -0.66 -0.62035991 -0.50666667 -0.50666667 -0.50666667 -0.50666667 -0.61333251 -0.61333333 -0.61333333 -0.61333333 -0.715 -0.715 -0.715 -0.715 -0.715 -1.0360843 -1.025 -1.025 -1.025 -1.03 -1.03 -1.0302006 -1.2883333 -1.2883333 -0.9591079 -0.70333338 -0.6 -0.6 -0.6 -0.47223918 -0.2 -0.2 -0.2 -0.51166667 -0.30592915 -0.30333333 -0.30333333 -0.031666667 -0.031666667
-1.295 -1.295 -1.295 -0.87790497 -0.73894416 -1.1883333 -1.1883333 -1.1883333 -1.1883333 -0.775 -0.775 -0.66000001 -0.66 -0.66 -0.66 -0.65999028 -0.50666667 -0.50666667 -0.50666667 -0.50666667 -0.56678746 -0.61333333 -0.61333333 -0.60382475 -0.27070593 -0.715 -0.715 -0.715 -1.04 -1.04 -1.04 -1.0399999 -1.03 -1.03 -1.03 -1.03 -0.70333333 -0.70333333 -0.70333333 -0.70333333 -0.40666667 -0.40666667 -0.40666667 -0.41166657 -0.41166667 -0.41166667 -0.4116666 -0.51166667 -0.51166667 -0.30358718 -0.30333333 -0.031665843 -0.031666667
-1.295 -1.295 -1.295 -1.2949924 -1.1533333 -1.1584229 -1.1883333 -1.1883333 -1.1883333 -0.775 -0.775 -0.775 -0.69666667 -0.69666667 -0.69666667 -0.69666666 -0.50651707 -0.50666667 -0.50666667 -0.50666667 -0.50826428 -0.250001 -0.25 -0.25 -0.25 -0.25000001 -0.44833334 -0.44833333 -1.04 -1.04 -1.04 -1.04 -1.0299999 -1.03 -1.03 -1.0299871 -0.70333332 -0.70333333 -0.70333333 -0.70184912 -0.40666667 -0.40666667 -0.40666667 -0.41166643 -0.41166667 -0.41166667 -0.41166667 -0.51166667 -0.51166667 -0.51166658 0.13166667 0.13166667 -0.026666667
-1.295 -1.295 -1.295 -1.1533337 -1.1533333 -1.1533333 -1.1883333 -1.1883333 -1.1883333 -0.775 -0.775 -0.775 -0.69666667 -0.69666667 -0.69666667 -0.67597666 -0.425 -0.425 -0.42500021 -0.50620539 -0.25 -0.25 -0.25 -0.25 -0.25 -0.25014926 -0.44833333 -0.44833333 -0.44833333 -1.04 -1.04 -1.0399002 -0.87166667 -0.87166667 -0.87166667 -0.315 -0.315 -0.365 -0.365 -0.365 -0.016666667 -0.40654434 -0.40666435 -0.096666667 -0.096666667 -0.10860481 -0.411666 -0.51166667 -0.51166667 0.13166667 0.13166667 0.13166667 -0.026666667
