interpolatedSpi/02-01|19_3.tif
NCOLS 53
NROWS 52
XLLCORNER -116.03883
YLLCORNER 28.596182
DX 0.49850594
DY 0.49788537
NODATA_VALUE -9999
0.66 0.66 0.53744445 0.81 0.34 0.56 0.41 0.24 0.05152838 -0.5 -0.4 -0.43 -0.46992754 0.41 -0.1 -0.1 -0.1 0.43 0.74 0.74 0.74 0.73998873 -0.43 -0.14 -0.14 -0.14 -0.67999716 -0.68 -0.68 -1.3 -1.3 -1.3 -1.3 -2.2699998 -2.27 -2.27 -2.27 -2.27 -2.27 -2.27 -1.2410818 -1.2304174 -2.87 -2.87 -2.87 -2.87 -2.870049 -2.9 -2.9 -2.9 -1.6000027 -1.6 -1.6 
0.65993735 -0.75 0.39999973 0.44490729 0.66982368 0.87 0.95 0.40981819 0.3 -0.06 -0.13 -0.47 -0.47 0.95816604 0.41000214 -0.1 0.43 0.43 0.7395958 0.74 0.74 0.74 -0.15052742 -0.14 -0.14 -0.14 0.50999996 0.51 -1.3 -1.3 -1.3 -1.3 -1.3 -2.2699999 -2.27 -2.27 -2.27 -2.27 -2.2699998 -1.9998852 -0.74001827 -2.6115409 -2.87 -2.87 -2.87 -2.87 -2.87 -2.9 -2.9 -2.9 -2.7922028 -1.6 -1.6 
0.31998804 0.32 0.17 0.64 0.12 -0.22 -0.14 -0.45 -0.75 -0.22 0.58 -0.67 -0.02 0.7 0.96 -1.43 0.43 0.43 0.43 0.73000291 0.73 0.73 -0.34 -0.14 -0.14 -0.14 0.51 0.51 0.51 -1.3 -1.3 -1.3 -1.015974 -2.2641063 -2.2487781 -0.010892713 0.01 0.01 -0.084330234 -0.73999999 -0.74 -0.74272373 -2.87 -2.87 -2.87 -2.87 -2.87 -2.9 -2.9 -2.9 -2.9 -1.6 -1.6 
-0.78 0.31999983 -0.52001379 0.85 0.11 -0.23 -0.39 -0.72 -0.72 0.11728549 -0.7 -0.96 -1.22 0.7 -0.89 -1.43 -0.50711538 -0.49934839 -1.16 0.73 0.73 -0.76 -0.34 -0.34 -0.14 -0.13999675 0.51 0.51 0.51 -0.66 -0.68743389 -0.71 -0.71 -0.70999945 0.01 0.01 0.01 0.01 -0.74 -0.74 -0.74 -0.74000008 -2.87 -2.87 -2.87 -2.87 -2.87 -2.8999996 -2.9 -2.9 -2.9 -1.5999971 -1.6 
-0.78 -1.5699981 -0.52 -0.47105109 0.11 -0.42 -0.70994539 -0.4 -0.6 -0.92999973 -0.57027795 -0.39991835 0.17 -0.89 -0.89 -1.2367015 -0.5 -0.5 -1.16 -1.16 0.72999691 -0.76 -1.96 -1.15 -1.06 -1.0601119 0.51 0.51 -0.66 -0.66 -0.71 -0.71 -0.71 -0.83068669 0.0099999987 0.01 0.01 -0.74 -0.74 -0.74 -0.74 -0.73992953 -2.87 -2.87 -2.87 -2.87 -2.87 -2.870267 -2.9 -2.8999377 -1.51 -1.51 -1.51 
-2.26 -1.71 -1.14 -0.26 -0.43 0.26 -0.87 -0.80982654 -0.52 -0.49 -0.32 -0.04 -0.039999862 -0.55 -0.55 -0.37994447 -0.38 -0.5 -0.5 -1.1599997 -1.92 -1.92 -1.15 -1.06 -1.06 -1.54 -2.26 -2.26 -0.19004376 -0.66 -0.71 -0.71 -1.35 -1.3499195 -0.5800552 -0.7 -0.7 -0.72762509 -0.74 -0.74 -0.010910467 -0.01 -0.010000297 -1.1115984 -1.0801978 -1.0800005 -1.0800001 -1.0800007 -2.6688 -1.51 -1.51 -1.51 -1.51 
-2.3999978 -2.74 -2.2182766 -0.21 0.66 -0.81 -0.5 -0.51 -1.1 -1.1 -0.32 -0.28 -0.65999989 -0.55 -0.1500012 -0.15 -0.38 -0.23 -0.77 -0.77 -1.9105747 -1.9 -1.9 -1.28 -1.54 -1.54 -2.26 -2.26 -0.1900472 -0.19086906 0.0068859688 -1.35 -1.35 -0.58 -0.58 -0.90696322 -0.7 -0.7 -1.0599875 -0.010001462 -0.01 -0.01 -0.010004908 -1.0800042 -1.08 -1.08 -1.08 -1.0800011 -2.86 -1.5102675 -1.51 -1.51 -1.51 
-2.4 -2.49 -1.68 -1.8 -1.6400092 -0.45 -0.86 -0.91 -1.4 -0.03 -0.03 -0.25 -0.66 -0.66 -0.15349907 -0.70556175 -0.76 0.35 -1.0799997 -0.77 -0.21377185 -0.19 -1.8 -1.27 -1.2700068 -1.8 -0.53 -0.53000061 -0.99716165 -0.99999998 0.01 -0.23299484 -0.53 -0.58 -0.56659504 -1.08 -1.08 -1.06 -1.06 -0.01 -0.01 -0.010000002 -1.8224349 -1.83 -1.08 -1.08 -1.08 -2.8599322 -2.86 -2.86 -1.51 -1.51 -1.51 
-2.373179 -2.49 -1.81 -2.11 -1.15 -1.07 -1.24 -0.92 -1.6 -0.59522861 -0.35 -0.64 -0.64 0.52 0.52001166 -0.5904738 -0.59 -0.59 0.13170829 -0.35000003 -0.47 -0.47 -1.07 -1.512319 -1.74659 -1.8 -1.45 -0.53 -0.12238251 -0.12 -0.15 0.38 -0.15891129 -0.96 -0.11 -0.21 -0.58 -0.6 -0.25016162 -0.010357102 -0.09 -0.86 -1.8298404 -1.83 -1.8257786 -1.08 -2.1399999 -2.86 -2.86 -2.86 -2.86 -1.3717967 -2.02 
-1.72 -1.72 -1.49 -2.09 -1.05 -0.51 -0.26 -0.6 -4.2592397e-43 -0.33994813 -0.42 0.61 0.52 0.52 1.76 1.7277687 -0.59 -0.58977624 0.37 -0.35 -0.35 -0.36546002 -1.07 -1.0200009 -1.02 -1.02 -1.45 0.089999999 0.09 -0.12 -0.12 0.37797062 -0.69 -0.96 -0.59 -0.21 -0.58 -1.83 -0.25 -0.75173451 -0.85999997 -0.85632661 -0.85 -1.83 -1.83 -2.14 -2.14 -2.14 -2.86 -2.86 -0.4 -0.4 -0.40000061 
-1.72 -1.72 -1.18 -1.59 -2.03 -0.16 -0.079999998 -0.15014541 -0.39 -0.11 -0.21 -0.29 0.6088017 1.76 1.76 1.7598662 0.6 0.58792852 0.37 0.84 0.84 -0.05 -0.05 -1.02 -1.02 -1.02 0.09 0.09 0.09 -1.29 -1.29 -1.289999 -0.75 -0.75 -1.56 -0.75 0.01 -1.3299955 -1.11 -0.76 -0.76 -1.1099991 -0.85 -1.83 -0.86000064 -1.47 -0.43736457 -0.43 -0.54 -0.54 -0.4 -0.4 -0.4 
-1.72 -1.4869266 -1.3549616 -1.5499929 -1.48 -1.42 -0.08 -0.15 -0.389998 -0.11310206 -0.28999977 -0.29 -0.19 1.76 1.76 0.60000004 0.6 0.59998691 0.37 0.84 0.66522211 -0.05 -0.05 -1.0199598 -1.02 -0.55650542 0.39 0.39 0.38999996 -1.29 -1.29 0.06 0.06 -0.75000222 -1.56 -0.43000004 -0.11988696 -1.33 -1.33 -0.76000001 -1.11 -1.11 -1.1099982 -0.86 -0.86 -1.47 -0.43 -0.43 -0.54 -0.54 -0.4 -0.4 -0.4 
-0.8 -0.687759 -0.6400349 -0.64659417 -1.4799999 -1.4200014 -0.080000037 -0.14913835 -0.37346155 -0.38268845 -0.19 -0.19 -0.19 -0.19 1.7597238 0.6 0.6 0.59703033 0.37 0.84008378 1.14 1.14 1.14 1.14 -0.98227512 0.39 0.39 0.39 0.39 0.38918321 0.06 0.06 0.06 0.06 -0.43 -0.43 -0.43 -1.2859866 -1.3215131 -0.2 -0.2 -1.1099511 -0.59000924 -0.85997399 -0.86 -1.47 -0.43 -0.43 -0.54 -0.54 -0.4005079 -0.4 0.19740621 
-0.8 -0.64 -0.64 -0.64 -0.64 -0.64000033 -0.083430123 -0.11315258 -0.32933844 -0.19020839 -0.19 -0.19 -0.19 -0.19 -0.18999996 0.60000002 0.59999996 0.58422357 0.3700057 1.14 1.14 1.14 1.14 1.14 1.1415103 0.81466045 0.97999988 0.98 0.98 0.98 0.060000013 0.06 0.060000349 0.35 0.35 -0.43 -0.25500549 -0.25 -0.20000003 -0.2 -0.2 -0.2 -0.59 -0.59 -0.59 -0.596124 0.23542474 0.24 0.24 0.24 0.23999999 -0.56999996 -0.57 
-0.12 -0.64 -0.64 -0.64 -0.64 -0.64 -0.63999997 -0.22956562 -0.18081641 -0.18 -0.18 -0.18 -0.18 -0.18 -0.18 0.10421832 0.59220348 0.56850527 1.1399033 1.14 1.14 1.14 1.14 1.1400001 1.21 1.21 1.2099997 0.98 0.98 0.97993993 0.95 0.95 0.35 0.35 0.35 -0.15388618 -0.25 -0.25 -0.25 -0.2 -0.2 -0.2 -0.59 -0.59 -0.59 -0.59 0.23999999 0.24 0.24 0.24 0.24 -0.57 -0.57 
-0.12 -0.31359009 -0.64 -0.64 -0.64 -0.64 -0.5600157 -0.56 -0.55999999 -0.18 -0.18 -0.18 -0.18 -0.18 -0.11602397 0.11 0.11 0.11 1.2496633 1.2499999 1.25 1.25 1.25 1.25 1.21 1.21 1.21 1.21 0.98 0.95 0.95 0.95 0.35000005 0.35 0.35 0.54 -0.24895402 -0.25 -0.25 -0.19994011 -0.080331718 0.19880449 -0.59 -0.59 -0.15135787 -0.15 -0.15 0.23948916 -0.06891669 -0.069999973 -0.069999941 -0.040080229 -0.56999892 
-0.12 -0.66495974 -0.66024184 -0.64 -0.64 -0.56004727 -0.56 -0.56 -0.56 -0.55726161 -0.18 -0.18 -0.18 -0.17999996 0.11 0.11 0.11 0.11 1.2489817 1.25 1.25 1.25 1.25 1.25 1.21 1.21 1.21 1.21 1.2090543 0.95 0.95 0.95 0.70000001 0.35002778 0.54 0.54 0.54 0.54532756 0.17153881 0.2 0.2 0.2 -0.2 -0.2 -0.15 -0.15 -0.15 -0.070000001 -0.07 -0.07 -0.07 -0.04 -0.04 
-0.67948918 -0.68 -0.68 -0.68 -1.04 -0.56001238 -0.56 -0.56 -0.56 -0.56 -0.18832805 -0.18000143 -0.18 0.11 0.11 0.11 0.11 0.11 0.22651515 1.25 1.25 1.25 1.25 1.25 1.1503081 1.020001 1.02 1.02 1.02 0.94999999 0.7 0.7 0.7 0.7 0.54 0.5400129 1.03 1.03 0.21036379 0.2 0.2 0.2 -0.2 -0.2 -0.15774172 -0.15 -0.15 -0.07 -0.07 -0.07 -0.069678322 -0.04 -0.04 
-0.68 -0.68 -0.68 -0.84952937 -1.04 -1.04 -0.56 -0.56 -0.56 -0.56 -0.29 -0.29 -0.29 0.11 0.11 0.11 0.11 0.10999008 0.54 0.54 1.2499997 1.25 1.2490262 1.21 1.2082895 1.02 1.02 1.02 1.02 0.70003258 0.7 0.7 0.7 0.7 1.0299983 1.03 1.03 1.03 1.0270624 0.2 0.2 0.2 -0.2 -0.2 -0.2 -0.15 -0.15 -0.069999989 -0.07 -0.069999999 -0.04 -0.04 -0.04 
-0.68 -0.68 -0.68 -1.04 -1.04 -1.04 -1.0399993 -0.56 -0.56 -0.29027872 -0.29 -0.29 -0.29 -0.28975078 0.061434655 0.05 0.05 0.050000002 0.54 0.54 0.54 1.21 1.21 1.21 1.209972 1.0672072 1.02 1.02 1.02 0.67486948 0.66000393 0.66 0.66 0.66 0.89663931 0.71000073 0.71 0.71 0.71 0.70993022 0.71 0.71 -0.2 -0.2 0.5899967 0.59000005 0.74 0.74 0.47 0.47 0.47 -0.04 0.65937412 
-0.67999988 -0.68 -0.68000001 -1.04 -1.04 -1.04 -1.04 -0.28000008 -0.55888045 -0.29022669 -0.29 -0.29 -0.29 -0.28933283 0.05 0.05 0.05 0.050000141 0.54 0.54 0.54 1.21 1.21 1.21 1.11 1.11 1.08 1.08 1.08 1.0777088 0.66 0.66 0.66 0.66 0.68498626 0.71 0.71 0.71 0.71 0.71 0.71 0.71 0.70622434 0.59 0.59 0.59 0.74 0.74 0.47 0.47 0.47 0.65999999 0.66 
-0.64 -0.64879343 -0.31 -0.31021179 -1.04 -0.28439733 -0.28 -0.28 -0.31279408 -0.54 -0.54 -0.54 -0.54 -0.17001204 -0.17 0.049999831 0.05 0.06291078 0.54 0.54 0.54 1.23 1.23 1.23 1.11 1.11 1.08 1.08 1.08 1.08 1.0999972 1.0999988 0.67105874 0.66047171 0.620048 0.62 0.62 0.62 0.62 0.71 0.71 0.71 0.59660741 0.59 0.59 0.59000001 0.74 0.74 0.73999028 0.47 0.47001744 0.86 0.66 
-0.47003228 -0.46999997 -0.31 -0.31 -0.31 -0.28 -0.28 -0.28 -0.37 -0.37 -0.54 -0.54 -0.54 -0.17 -0.17 -0.17 -0.17 -0.16992037 0.54 0.54 0.54000003 1.23 1.23 1.23 1.11 1.11 1.08 1.08 1.08 1.0997745 1.1 1.1 1.1 1.1 0.62023685 0.62 0.62 0.62 0.62 0.47000006 0.47 0.47 0.47 0.59000023 0.62 0.62 0.62 1.06 1.06 1.06 0.86 0.86 0.86 
-0.47 -0.47 -0.31 -0.31 -0.31 -0.28015769 -0.28 -0.37 -0.37 -0.37 -0.53997907 -0.54 -0.18046512 -0.16999998 -0.17 -0.17 -0.17 0.03 0.03 0.03 0.39000002 0.39000062 1.2299959 1.23 1.2295395 0.51 0.51 0.51000136 1.0799079 1.3099581 1.3099989 1.3099633 1.1003589 1.1001812 0.70562689 0.62000016 0.621374 1.03 1.03 0.47 0.47 0.47 0.47 0.62 0.62 0.62 0.62 1.06 1.06 1.06 0.86 0.86 0.86 
-0.47 -0.47 -0.31 -0.31 -0.31 -0.31 -0.31368437 -0.37 -0.37 -0.37 -0.36985086 -0.1 -0.1 -0.1 -0.16958747 -0.17 0.028667249 0.03 0.03 0.03 0.39 0.39 0.39 0.39 0.51 0.51 0.51 0.51 0.51 1.31 1.31 1.31 1.31 1.3100001 1.34 1.03 1.03 1.03 1.03 1.0299974 0.29 0.29 0.29 0.45270595 0.79 0.79 0.79 1.06 1.0599999 0.92 0.92 0.84000487 0.84 
-0.47 -0.47 -0.36774876 -0.31 -0.31 -0.30999999 0.2688643 -0.36798307 -0.37 -0.37 -0.099999939 -0.1 -0.1 -0.1 -0.1 -0.10571834 0.03 0.03 0.03 0.03 0.38999722 0.39 0.39 0.39 0.51 0.51 0.51 0.51 0.51 0.9996383 1.31 1.31 1.31 1.34 1.34 1.3397593 1.03 1.03 1.2326003 1.39 0.29 0.29 0.29 0.4515217 0.79 0.79 0.79 1.06 0.92174439 0.92 0.92 0.84 0.84 
0.01 0.01 0.01 -0.2297672 -0.30963957 0.27 0.27 0.27 0.27 0.19 0.19 -0.099999979 -0.1 -0.1 -0.1 -0.099991754 0.03 0.03 0.03 0.03 0.23290768 0.39 0.39 0.37455945 -0.1683845 0.51 0.51 0.51 0.89 0.89 0.89 0.89000176 1.34 1.34 1.34 1.34 1.39 1.39 1.39 1.39 0.69 0.69 0.69 1.039993 1.04 1.04 1.0399999 1.06 1.06 0.92017058 0.92 0.83999914 0.84 
0.01 0.01 0.01 0.009995692 -0.07 -0.020558414 0.27 0.27 0.27 0.19 0.19 0.19 0.059999994 0.06 0.06 0.059999991 0.029523726 0.03 0.03 0.03 0.03542667 -0.19999838 -0.2 -0.2 -0.2 -0.20000001 -0.65999999 -0.66 0.89 0.89 0.89 0.89 1.34 1.34 1.34 1.3400049 1.39 1.39 1.39 1.3901755 0.69 0.69 0.69 1.0399838 1.04 1.04 1.04 1.06 1.06 1.0599999 0.67 0.67 0.8 
0.01 0.01 0.01 -0.069999816 -0.07 -0.07 0.26999987 0.27 0.27 0.19 0.19 0.19 0.06 0.06 0.06 0.03791373 -0.23 -0.23 -0.22999933 0.02853145 -0.2 -0.2 -0.2 -0.2 -0.2 -0.20034617 -0.66 -0.66 -0.66 0.89 0.89 0.89017379 1.4 1.4 1.4 1.43 1.43 1.43 1.43 1.43 0.82 0.69004078 0.68999978 0.66 0.66 0.67440157 1.039999 1.06 1.06 0.67 0.67 0.67 0.8 
0.01 0.01 0.01 -0.07 -0.07 -0.07 -0.07 0.27 0.27 0.19 0.19 0.065198125 0.06 0.06 0.06 -0.23 -0.23 -0.23 -0.23 -0.23 -0.2 -0.2 -0.2 -0.2 -0.2 -0.65999843 -0.66 -0.66 -0.66 1.16 1.16 1.16 1.4 1.4 1.4 1.43 1.43 1.43 1.43 0.82 0.82 0.82 0.66 0.66 0.66 0.66 0.67314357 0.82 0.82 0.82 0.67 0.73 0.73 
0.01 0.01 0.0098885964 -0.07 -0.07 -0.07 -0.07 -0.231842 -0.24 -0.23926175 0.18999998 0.059967337 0.06 0.06 0.059998997 -0.23 -0.23 -0.23 -0.23 -0.23 -0.27672089 -0.2 -0.2 -0.2 -0.19991143 -0.65994993 -0.66 -0.66 -0.66 1.16 1.16 1.16 1.1600343 1.4 1.43 1.43 1.43 1.4299997 1.4299584 0.82 0.82 0.82 0.66000971 0.66 0.66 0.66 0.81999728 0.82 0.82 0.82 0.73 0.73 0.73 
-0.16 -0.1599997 -0.069961103 -0.07 -0.07 -0.07 -0.23996383 -0.24 -0.24 -0.24 -0.33 -0.33 -0.33 -0.33 -0.23046148 -0.23 -0.23 -0.23 -0.23 -0.27999997 -0.28 -0.28 0.22999993 0.23 0.23 0.23 0.15318155 -0.66 1.1199271 1.12 1.12 1.12 1.12 1.08 1.08 1.08 1.08 1.08 0.72 0.72 0.72 0.72 0.72 0.55016582 0.55 0.55 0.55 0.82 0.82 0.82 0.73001418 0.73 0.73 
-0.16 -0.16 -0.15464158 0.47999889 0.47999988 0.47929774 -0.24 -0.24 -0.24 -0.24 -0.33 -0.33 -0.33 -0.33 -0.33 -0.23 -0.23 -0.23 -0.27999999 -0.28 -0.28 -0.28 0.23 0.23 0.23 0.23 0.23 0.22981257 1.1199073 1.12 1.12 1.12 1.1199628 0.78521116 1.0796948 1.08 1.08 1.08 0.72 0.72 0.72 0.72 0.72 0.55 0.55 0.55 0.55 0.67625728 0.82 0.76066942 0.76 1.07 1.07 
-0.16 -0.16 0.47991893 0.48 0.48 0.48 0.29712304 -0.24 -0.24 -0.24 -0.33 -0.33 -0.33 -0.33 -0.33 -0.23007449 -0.23 -0.27998534 -0.28 -0.28 -0.28 -0.28 0.041067195 0.23 0.23 0.23 0.23 0.23046013 0.88 0.88 0.88 0.88 0.88 0.56 0.56 0.56 0.56 0.56 0.41 0.41 0.41 0.41 0.41 0.55070808 0.55000015 0.55 0.55004916 0.55594516 0.76 0.76 0.76 1.0699983 1.07 
-0.15999904 0.34986209 0.47999998 0.48 0.48 0.48 0.48 -0.23969343 -0.24 -0.24 -0.33 -0.33 -0.33 -0.33 -0.065997067 -0.06 -0.06 -0.27999434 -0.28 -0.28 -0.28 -0.28 -0.27999989 0.23 0.23 0.23 0.23 0.31000053 0.31000026 0.43130985 0.88 0.88 0.88 0.56 0.56 0.56 0.56 0.55987809 0.41 0.41 0.41 0.41 0.41002988 0.84 0.84 0.84 0.84 0.83999355 0.76 0.76 0.76 0.75999986 0.53795281 
0.36 0.36 0.37625007 0.48 0.48 0.48 0.48 0.48 -0.23969327 -0.35 -0.35 -0.35 -0.34995254 -0.060000389 -0.06 -0.06 -0.06 -0.06 -0.2799964 -0.24922825 0.02 0.02 0.02 0.071481381 0.19398363 0.0012668713 -0.16104541 0.31 0.31 0.31 0.31 0.31 0.328451 0.37719416 0.38 0.38 0.38 0.38 0.48326289 0.7999993 0.8 0.8 0.8 0.84999997 0.84 0.84 0.84 0.92 0.76000256 0.76 0.76 0.53 0.53 
0.36 0.36 0.32 0.32 0.32 0.4799467 0.48 0.48 -0.35 -0.35 -0.35 -0.35 -0.35 -0.060000013 -0.06 -0.06 -0.06 -0.06 0.02 0.02 0.02 0.02 0.02 -0.21999999 -0.22 -0.22 -0.22 0.31 0.31 0.31 0.31 0.31 0.13 0.13 0.38 0.38 0.38 0.82992337 0.83 0.8 0.8 0.8 0.8 0.85 0.85 0.85 0.92 0.92 0.92 0.95 0.95 0.53 0.53 
0.36 0.36 0.32 0.32 0.32 0.32 0.31999764 -0.11 -0.34977403 -0.35 -0.35 -0.35 -0.35 -0.063617486 -0.06 -0.06 -0.06 -0.06 0.019999998 0.02 0.02 0.02 0.02 -0.22 -0.22 -0.22 -0.22 -0.21999786 0.31 0.31 0.31 0.13000944 0.13 0.13 0.13 0.38 0.82999999 0.83 0.83 0.82921064 0.8 0.8 0.8 0.85 0.85 0.85 0.92 0.92 0.92 0.95 0.95 0.95 0.64774313 
0.5 0.4999989 0.32 0.32 0.32 0.32 -0.11 -0.11 -0.11 -0.35 -0.35 -0.35 -0.35 -0.34990985 -0.06 -0.06 -0.06 -0.06 0.019998698 0.02 0.02 0.020000004 -0.17771254 -0.22 -0.22 -0.22 -0.22 -0.24999998 -0.25 -0.24999999 0.30398297 0.13 0.13 0.13 0.13000036 0.50999999 0.83 0.83 0.83 0.83 0.8 0.8 0.8 0.74 0.74 0.74 1.1099815 0.92 0.92 0.95 0.95 0.95 0.66000072 
0.5 0.5 0.32 0.32 0.32 -0.11 -0.11 -0.11 -0.11 -0.32369978 -0.35 -0.35 -0.35 -0.34999979 -0.37996317 -0.38 -0.38 -0.38 0.087179968 0.3 0.3 0.3 0.3 -0.22 -0.22 -0.22 -0.22000198 -0.25 -0.25 -0.25 -0.25 0.13001873 0.34373901 0.51 0.51 0.51 0.83067087 1.0099963 1.01 1.01 0.8 0.8 0.8 0.74 0.74 0.74000157 1.11 1.11 0.82 0.82 0.82 1.16 0.92 
0.5 0.5 0.59 0.59 0.59 -0.11 -0.11 -0.11 -0.11 -0.61 -0.61 -0.61 -0.61 -0.59379136 -0.38 -0.38 -0.38 -0.38 0.08 0.3 0.3 0.3 0.3 -0.15 -0.15000003 -0.2199999 -0.25 -0.25 -0.25 -0.25 -0.027238893 0.19 0.47192439 0.51 0.51 0.51 1.01 1.01 1.01 1.01 0.8 0.8 0.8 1.3398297 1.34 1.1110338 1.11 1.11 0.82000179 0.82 1.16 1.16 0.92 
0.5 0.59 0.59 0.59 0.59 0.59 -0.11163021 -0.32 -0.32 -0.61 -0.61 -0.61 -0.61 -0.60994553 -0.38 -0.38 -0.38 -0.35921574 0.08 0.08 0.3 0.3 -0.15 -0.15 -0.15 -0.15 -0.25 -0.25 -0.25 -0.25 0.19 0.19 0.19 0.50967619 0.51 0.51 1.01 1.01 1.01 1.01 0.8 0.8 0.8 1.34 1.34 1.3400164 1.63 1.63 1.18 1.18 1.16 1.16 0.92 
0.58915479 0.59 0.59 0.59 0.59 0.59 -0.32 -0.32 -0.32 -0.47522012 -0.61 -0.61 -0.61 -0.60998733 -0.38 -0.38 -0.38 0.08 0.08 0.08 0.29998901 0.29999725 -0.15 -0.15 -0.15 -0.15 -0.24999289 -0.25 -0.25 0.18989881 0.19 0.19 0.19 0.19 0.50954764 0.73 0.73 0.73484589 1.01 1.01 0.80000019 0.8 1.3242994 1.34 1.34 1.6299999 1.63 1.63 1.18 1.18 0.97 0.97 1.14 
0.59 0.59 0.59 0.59 0.59 0.59 -0.32 -0.32 -0.32 -0.32 -1.7573725e-05 -2.4166824e-17 -1.1156261e-17 -3.9809694e-13 -0.37999897 -0.23256772 -0.15 -0.15 0.079575996 0.08 0.080000043 -0.14999935 -0.15 -0.15 -0.15 -0.15 -0.15007271 -0.25 -0.24998496 0.19 0.19 0.19 0.19 0.19 0.73 0.73 0.73 0.73 0.73 0.73000359 1.84 1.84 1.84 1.94 1.94 1.94 1.97 1.97 1.68 1.68 0.97 0.97000037 1.14 
0.59 0.59 0.59 0.59 0.59 0.59 -0.32 -0.32 -0.32 -1.6719097e-10 -5.7443592e-43 -5.3019057e-103 -1.135566e-49 -3.7447609e-28 -0.039539641 -0.15 -0.15 -0.15 -0.15 -0.15 -0.13901826 -0.15 -0.15 -0.15 -0.15 -0.14717391 -0.060141029 -0.22412748 0.18783015 0.19 0.19 0.19 0.19 0.19000118 0.73 0.73 0.73 0.73 0.73 1.2463694 1.84 1.84 1.84 1.94 1.94 1.94 1.97 1.97 1.68 1.68 1.07 1.1361385 1.14 
0.59 0.59 0.59 0.59 0.59 0.58999973 -0.31999979 -0.32 -0.30671822 -1.970761e-20 -2.5967177e-48 -2.3791323e-71 -2.7281105e-52 -2.6887202e-30 -0.0071949237 -0.15 -0.15 -0.15 -0.15 -0.15 -0.15 -0.074042254 -0.060000126 -0.06 -0.06 -0.06 -0.06 -0.06 0.35407369 0.35999799 0.36 0.36 0.36 0.36000027 0.73 0.73 0.73 0.73 0.73 1.8399999 1.84 1.84 1.84 1.84 1.9393747 1.55 1.97 1.1347049 1.6795093 1.07 1.07 1.0772753 1.42 
0.59 0.59 0.59 0.59 0.59 0.58994187 -0.31995092 -0.31998064 -4.031678e-07 -1.8718356e-21 -1.0747899e-37 -1.683738e-44 -1.9892539e-40 -3.2448083e-24 -0.0028541812 -0.15 -0.15 -0.15 -0.15 -0.15 -0.15 -0.06 -0.06 -0.06 -0.06 -0.06 -0.06 -0.06 0.35988406 0.36 0.36 0.36 0.36 0.36 0.46137996 0.73 0.73 0.73 0.73 1.84 1.84 1.84 1.84 1.8399257 1.55 1.55 1.547305 1.12 1.12 1.07 1.07 1.42 1.42 
0.59 0.59 0.59 0.59 0.58999999 0.58878639 -0.31891078 -0.036109909 -6.8117513e-10 -1.6977186e-19 -4.138383e-29 -4.5331141e-33 -2.907646e-31 -2.9936283e-18 -0.0026260077 -0.15 -0.15 -0.15 -0.15 -0.15 -0.13718564 -0.06 -0.06 -0.06 -0.06 -0.06 -0.06 -0.06 0.35999832 0.36 0.36 0.36 0.36 0.36 0.36 0.7799643 0.8576606 0.90013811 0.90661328 1.8027184 1.84 1.84 1.84 1.5500232 1.55 1.5473139 1.1000001 1.12 1.12 0.81997601 0.82 0.82 1.4199997 
0.59 0.59 0.59 0.59 0.58999908 0.5824111 -0.28595831 -8.7991968e-05 -1.2547525e-10 -3.2909862e-17 -2.0565496e-23 -1.6829131e-26 -3.5925996e-23 -7.3607473e-14 -0.0035027311 -0.15 -0.15 -0.15 -0.15 -0.15 -0.060000389 -0.06 -0.06 -0.06 -0.06 -0.06 -0.06 -0.06 0.35999989 0.36 0.36 0.36 0.36 0.36 0.36000011 0.91 0.91 0.91 0.91 1.26 1.26 1.26 1.26 1.1000013 1.1 1.1 1.1 1.0999958 0.71 0.71 0.82 0.82 0.73199124 
0.59 0.59 0.59 0.58999993 0.58997459 0.56544018 -0.020386266 -4.1782367e-06 -1.5918423e-10 -3.2360143e-15 -1.5802146e-19 -4.5705321e-22 -9.6421339e-18 -7.8241595e-11 -0.0050919258 -0.14999994 -0.15 -0.15 -0.15 -0.14945833 -0.06 -0.06 -0.06 -0.06 -0.06 -0.06 -0.06 -0.06 0.35999991 0.36 0.36 0.36 0.36 0.36 0.9099995 0.91 0.91 0.91 0.91 1.26 1.26 1.26 1.26 1.2168167 1.1 1.1 1.1 0.71000436 0.71 0.71 0.69 0.69 0.69 
0.59 0.59 0.58999996 0.58999794 0.5897517 0.51244979 -0.0010047106 -1.0462072e-06 -4.190495e-10 -1.3961158e-13 -9.5599552e-17 -3.4051914e-18 -4.7769411e-14 -9.5590383e-09 -0.0072446726 -0.14999647 -0.15 -0.15 -0.1499999 -0.061823543 -0.06 -0.06 -0.06 -0.06 -0.06 -0.06 -0.06 -0.06 0.35999961 0.36 0.36 0.36 0.36 0.059863318 0.90999971 0.91 0.91 0.91 0.91 1.26 1.26 1.26 1.26 1.26 1.1 1.1 1.1 0.71 0.71 0.71 0.69 0.69 0.69 
0.58999999 0.58999994 0.58999914 0.58997568 0.58859393 0.23236155 -0.0001528653 -6.3889192e-07 -1.3842445e-09 -2.9916291e-12 -1.1401306e-14 -6.4479153e-15 -1.8830399e-11 -2.8176187e-07 -0.0098041134 -0.14994522 -0.15 -0.15 -0.14953403 -0.060007653 -0.06 -0.06 -0.06 -0.06 -0.06 -0.06 -0.06 -0.059999756 0.35999737 0.36 0.35999971 -0.013956007 -0.05 -0.05 -0.05 0.91 0.91 0.91 0.91 1.26 1.26 1.26 1.26 1.26 1.1000028 1.1 1.0999998 0.71000003 0.71 0.70999999 0.69 0.69 0.69 
