interpolatedSpi/02-07|19_1.tif
NCOLS 53
NROWS 52
XLLCORNER -116.03883
YLLCORNER 28.596182
DX 0.49850594
DY 0.49788537
NODATA_VALUE -9999
[rows 0 to 29 of 52, columns 0 to 52 of 53]
0.13333333 0.13333333 0.030257836 -0.14833333 -0.11 -0.083333333 -0.058333333 -0.22166667 -0.46409337 -0.61833333 -0.345 -0.22 -0.60330383 -0.245 -0.28333333 -0.28333333 -0.28333333 0.085 -0.18166667 -0.18166667 -0.18166667 -0.18167331 -0.87166666 -0.16 -0.16 -0.16 -0.41833113 -0.41833333 -0.41833333 -0.69333333 -0.69333333 -0.69333333 -0.69333333 -1.1566666 -1.1566667 -1.1566667 -1.1566667 -1.1566667 -1.1566667 -1.1566666 -0.16567378 -0.15515794 -0.775 -0.775 -0.775 -0.775 -0.77552811 -1.0983333 -1.0983333 -1.0983333 -0.34166824 -0.34166667 -0.34166667
0.13332778 0.0083333333 0.16666699 0.15062835 -0.048393944 0.18833333 0.475 -0.31488517 -0.69666667 -0.42166667 -0.44833333 -0.60333333 -0.60333333 0.025760802 -0.24499706 -0.28333333 0.085 0.085 -0.18131897 -0.18166667 -0.18166667 -0.18166667 -0.17552794 -0.16 -0.16 -0.16 -0.37833332 -0.37833333 -0.69333333 -0.69333333 -0.69333333 -0.69333333 -0.69333333 -1.1566666 -1.1566667 -1.1566667 -1.1566667 -1.1566667 -1.1566666 -0.98411758 -0.13337676 -0.69713889 -0.775 -0.775 -0.775 -0.775 -0.775 -1.0983333 -1.0983333 -1.0983333 -1.0355898 -0.34166667 -0.34166667
0.094995085 0.095 0.44333333 0.53166667 0.005 -0.28333333 0.023333333 0.19666667 -0.46333333 -0.40666667 -0.25833333 -0.45 -0.10666667 -0.15333333 0.026666667 -0.46166667 0.085 0.085 0.085 -0.33662161 -0.33666667 -0.33666667 -0.455 -0.16 -0.16 -0.16 -0.37833333 -0.37833333 -0.37833333 -0.69333333 -0.69333333 -0.69333334 -0.78078768 -1.1543777 -1.1471416 -0.14271062 -0.13333333 -0.13333333 -0.13333333 -0.13333333 -0.13333333 -0.13415386 -0.775 -0.775 -0.775 -0.775 -0.775 -1.0983333 -1.0983333 -1.0983333 -1.0983333 -0.34166667 -0.34166667
0.15833333 0.094999926 -0.27006025 0.27333333 -0.16666667 0.01 0.028333333 -0.44 -0.25166667 -0.013672648 -0.41333333 -0.47666667 -0.29333333 -0.15333333 -0.175 -0.46166667 -0.39054832 -0.38966719 -0.66166667 -0.33666667 -0.33666667 -0.34166667 -0.455 -0.455 -0.16 -0.16000109 -0.37833333 -0.37833333 -0.37833333 -0.78666667 -0.8351332 -0.875 -0.875 -0.87499942 -0.13333333 -0.13333333 -0.13333333 -0.13333333 -0.13333333 -0.13333333 -0.13333333 -0.13333336 -0.775 -0.775 -0.775 -0.775 -0.775 -1.0983293 -1.0983333 -1.0983333 -1.0983333 -0.34166541 -0.34166667
0.15833333 0.014999477 -0.27 -0.42681723 -0.16666667 -0.19333333 -0.29831668 -0.37 -0.34833333 -0.50666676 -0.50978126 -0.51000501 -0.545 -0.175 -0.175 -0.36568217 -0.39 -0.39 -0.66166667 -0.66166667 -0.33666671 -0.34166667 -0.54333333 -0.44166667 -0.12166667 -0.12170883 -0.37833333 -0.37833333 -0.78666667 -0.78666667 -0.875 -0.875 -0.875 -0.84514263 -0.13333333 -0.13333333 -0.13333333 -0.13333333 -0.13333333 -0.13333333 -0.13333333 -0.13335232 -0.77499999 -0.775 -0.775 -0.775 -0.775 -0.77787807 -1.0983333 -1.0982977 -0.30333333 -0.30333333 -0.30333333
-1.17 -0.005 0.25333335 -0.255 0.115 0.02 -0.43333333 -0.42522485 -0.64833333 -0.56 -0.905 -0.62 -0.61999995 -1.3516667 -1.3516667 -0.56829148 -0.56833333 -0.38833333 -0.38833333 -0.66166646 -0.68333333 -0.68333333 -0.44166667 -0.12166667 -0.12166667 -0.30166667 -0.72166667 -0.72166667 -0.55002153 -0.78666667 -0.875 -0.875 -0.71666667 -0.71669331 -0.97164834 -0.79 -0.79 -0.33648816 -0.13333333 -0.13333333 -0.32975471 -0.33 -0.32999939 0.058357926 0.073239575 0.073333107 0.073333304 0.073333013 -0.082732845 -0.30333333 -0.30333333 -0.30333333 -0.30333333
-0.16333933 0.155 0.087326784 -0.088333333 0.25 -0.40333333 -0.52666667 -0.71166667 -0.80666667 -0.80666667 -0.905 -0.75166667 -0.87999992 -1.3516667 -0.39500287 -0.395 -0.56833333 -0.43 -0.43166667 -0.43166667 -0.65977009 -0.63333333 -0.63333333 -0.30833333 -0.30166667 -0.30166667 -0.72166667 -0.72166667 -0.55000155 -0.55002861 -0.62651218 -0.71666667 -0.71666667 -0.97166667 -0.97166667 -0.67744106 -0.79 -0.79 -0.78000035 -0.33000063 -0.33 -0.33 -0.32999564 0.07333417 0.073333333 0.073333333 0.073333333 0.073333284 -0.01 -0.3032752 -0.30333333 -0.30333333 -0.30333333
-0.16333333 -0.55666667 0.15 -0.67833333 -0.21169342 -0.805 -0.80833333 -0.65166667 -0.87 -0.71666667 -0.71666667 -0.57166667 -0.88 -0.88 -0.39832755 -0.4754502 -0.48333333 -0.49666667 -0.74999967 -0.43166667 -0.44866057 -0.40833333 -0.555 -0.65333333 -0.65333215 -0.56166667 -0.37833333 -0.37833345 -0.57657322 -0.57666667 -0.62666667 -0.44942381 -0.79333333 -0.97166667 -0.95911734 -0.58333333 -0.58333333 -0.78 -0.78 -0.33 -0.33 -0.32999999 0.22179101 0.22333333 0.073333333 0.073333333 0.073333333 -0.009996828 -0.01 -0.01 -0.30333333 -0.30333333 -0.30333333
-0.50938199 -0.55666666 0.081666667 0.16 -0.24333333 -0.66 -0.40166667 -0.29833333 -0.475 -0.36867499 -0.52333333 -0.53833333 -0.53833333 -0.415 -0.41499718 -0.93872723 -0.94 -0.94 -0.53533839 -0.28500013 -0.88333333 -0.88333333 -0.44333333 -0.510994 -0.57090425 -0.56166667 -0.455 -0.37833333 -0.70807268 -0.71 -0.35333333 -0.425 -0.50642519 -0.80833333 -0.53166667 -0.545 -0.62666667 -1.0333333 -0.34864964 -0.32890638 -0.085 0.05 0.22330077 0.22333333 0.22248905 0.073333333 -0.053333327 -0.01 -0.01 -0.01 -0.0099999995 -0.24626742 0.44166667
-0.245 -0.245 -0.11333333 0.096666667 -0.39166667 -1.005 -0.51166667 -0.52166667 -0.073333333 -0.34165349 -0.26 -0.51666667 -0.415 -0.415 -0.115 -0.12631525 -0.94 -0.939827 -0.205 -0.285 -0.285 -0.36208539 -0.44333333 -0.61666338 -0.61666667 -0.61666667 -0.455 -0.13 -0.13 -0.71 -0.71 -0.42530662 -0.58666667 -0.80833333 -0.46833333 -0.545 -0.62666667 -0.97166667 -0.34833333 0.50264763 0.049999994 0.040204283 0.023333333 0.22333333 0.22333333 -0.053333333 -0.053333333 -0.053333333 -0.01 -0.01 0.155 0.155 0.15500011
-0.245 -0.245 -0.37833333 -0.735 -0.53166667 -0.42 -0.64666666 -0.58345105 -0.60833333 -0.785 -0.053333333 -0.645 -0.51683737 -0.115 -0.115 -0.11498154 0.045 0.031878827 -0.205 -0.22 -0.22 0.32833333 0.32833333 -0.61666667 -0.61666667 -0.61666667 -0.13 -0.13 -0.13 -0.47833333 -0.47833333 -0.47833351 -0.32166667 -0.32166667 -0.73 -0.45666667 -0.18833333 -0.50666589 -0.27333333 0.51666667 0.51666667 0.11166638 0.023333333 0.22333333 0.14833324 -1.5632867e-15 -0.0085271379 -0.0083333335 0.47 0.47 0.155 0.155 0.155
-0.245 -0.30269028 -0.53053572 -0.89499187 -0.38333333 -0.24 -0.64666667 -0.58333333 -0.60833312 -0.78304275 -0.64500018 -0.645 0.18833333 -0.115 -0.115 0.044999995 0.045 0.044985772 -0.205 -0.22 -0.11231849 0.32833333 0.32833333 -0.61662852 -0.61666667 -0.45778555 -0.13333333 -0.13333333 -0.13333333 -0.47833333 -0.47833333 -0.13 -0.13 -0.32166779 -0.73 0.20166627 -0.22467991 -0.50666667 -0.50666667 0.51666665 0.11166667 0.11166667 0.11166692 0.14833333 0.14833333 1.5939595e-66 -0.0083333333 -0.0083333333 0.47 0.47 0.155 0.155 0.155
-0.39 -0.1940284 -0.17335389 -0.17855555 -0.38333271 -0.24000338 -0.64666666 -0.58411293 -0.60661058 -0.61294657 0.18833333 0.18833333 0.18833333 0.18833333 -0.11495703 0.045 0.045 0.041772102 -0.205 -0.21981184 0.43 0.43 0.43 0.43 -0.59855552 -0.13333333 -0.13333333 -0.13333333 -0.13333333 -0.13352075 -0.13 -0.13 -0.13 -0.13 0.20166667 0.20166667 0.20166667 -0.47240617 -0.49915613 0.49333333 0.49333333 0.1116872 0.27499566 0.14834553 0.14833333 6.278048e-27 -0.0083333333 -0.0083333333 0.47 0.47 0.15614279 0.155 0.01338463
-0.39 -0.17333333 -0.17333333 -0.17333333 -0.17333333 -0.17333336 -0.64562568 -0.61670292 -0.60201446 0.187471 0.18833333 0.18833333 0.18833333 0.18833333 0.18833353 0.044999997 0.044999961 0.027851706 -0.20499446 0.43 0.43 0.43 0.43 0.43 0.42790814 -0.059431209 -0.083333344 -0.083333333 -0.083333333 -0.083333333 -0.12999999 -0.13 -0.12999947 0.31 0.31 0.20166667 0.58406208 0.595 0.49333339 0.49333333 0.49333333 0.49333333 0.275 0.275 0.275 0.27308625 0.12413422 0.125 0.125 0.125 0.12500001 0.52166659 0.52166667
0.42333333 -0.17333333 -0.17333333 -0.17333333 -0.17333333 -0.17333333 -0.17333336 -0.37008736 0.45760877 0.46333333 0.46333333 0.46333333 0.46333333 0.46333333 0.46333333 0.65923066 0.054790415 0.010766805 0.42992024 0.43 0.43 0.43 0.43 0.43000041 0.33333333 0.33333333 0.33333275 -0.083333333 -0.083333333 -0.082398861 0.38333333 0.38333333 0.31 0.31 0.31 0.54934617 0.595 0.595 0.595 0.49333333 0.49333333 0.49333333 0.275 0.275 0.275 0.275 0.12500001 0.125 0.125 0.125 0.125 0.52166667 0.52166667
0.42333333 0.20120111 -0.17333333 -0.17333333 -0.17333333 -0.17333333 0.28324371 0.28333333 0.28333334 0.46333333 0.46333333 0.46333333 0.46333333 0.46333333 0.50745473 0.66333333 0.66333333 0.66333333 0.77893411 0.77999964 0.78 0.78 0.78 0.78 0.33333333 0.33333333 0.33333333 0.33333333 -0.083333333 0.38333333 0.38333333 0.38333333 0.31000001 0.31 0.31 0.755 0.59521184 0.595 0.595 0.49336233 0.551173 0.68608884 0.275 0.275 0.54416676 0.545 0.545 0.12584201 0.63487862 0.63666662 0.63666657 0.90827474 0.52166745
0.42333333 0.1849135 0.0046261894 -0.17333333 -0.17333333 0.28306351 0.28333333 0.28333333 0.28333333 0.28463046 0.46333333 0.46333333 0.46333333 0.46333336 0.66333333 0.66333333 0.66333333 0.66333333 0.77989578 0.78 0.78 0.78 0.78 0.78 0.33333334 0.33333333 0.33333333 0.33333333 0.3335152 0.38333333 0.38333333 0.38333333 0.91499999 0.31005987 0.755 0.755 0.755 0.75594078 0.68086857 0.68666667 0.68666667 0.68666667 0.805 0.805 0.545 0.545 0.545 0.63666667 0.63666667 0.63666667 0.63666667 0.90833333 0.90833333
0.17859584 0.17833333 0.17833333 0.17833333 0.26 0.28333273 0.28333333 0.28333333 0.28333333 0.28333333 0.46371181 0.4633334 0.46333333 0.66333333 0.66333333 0.66333333 0.66333333 0.66333333 0.64764885 0.78 0.78 0.78 0.78 0.78 0.7432656 1.0249963 1.025 1.025 1.025 0.38333336 0.91499999 0.915 0.915 0.915 0.755 0.75500228 0.84166667 0.84166667 0.68860207 0.68666667 0.68666667 0.68666667 0.805 0.805 0.58525695 0.545 0.545 0.63666667 0.63666667 0.63666667 0.63957964 0.90833333 0.90833333
0.17833333 0.17833333 0.17833333 0.21679138 0.26 0.26 0.28333333 0.28333333 0.28333333 0.28333333 0.46833333 0.46833333 0.46833333 0.66333333 0.66333333 0.66333333 0.66333333 0.66328761 0.27 0.27 0.77999979 0.78 0.77732196 0.67 0.67319591 1.025 1.025 1.025 1.025 0.9150112 0.915 0.915 0.915 0.915 0.84166636 0.84166667 0.84166667 0.84166667 0.84113915 0.68666667 0.68666667 0.68666667 0.805 0.805 0.805 0.545 0.545 0.63666667 0.63666667 0.63666667 0.90833333 0.90833333 0.90833333
0.17833333 0.17833333 0.17833333 0.26 0.26 0.26 0.26000004 0.28333333 0.28333333 0.46814236 0.46833333 0.46833333 0.46833333 0.46845482 0.43939313 0.38666667 0.38666667 0.38666667 0.27 0.27 0.27 0.67 0.67 0.67 0.67001074 0.85890064 1.025 1.025 1.025 0.88906031 0.88000344 0.88 0.88 0.88 0.96905413 1.1483326 1.1483333 1.1483333 1.1483333 1.2265928 1.2266667 1.2266667 0.805 0.805 1.0366657 1.0366666 0.985 0.985 0.99 0.99 0.99 0.90833333 0.92831545
0.17833475 0.17833333 0.17833334 0.26 0.26 0.26 0.26 0.3883333 0.28375316 0.46829555 0.46833333 0.46833333 0.46833333 0.46817308 0.38666667 0.38666667 0.38666667 0.38666663 0.27 0.27 0.27 0.67 0.67 0.67 0.70833333 0.70833333 0.84666666 0.84666667 0.84666667 0.84684851 0.88 0.88 0.88 0.88 1.014093 1.1483333 1.1483333 1.1483333 1.1483333 1.2266667 1.2266667 1.2266667 1.2206885 1.0366667 1.0366667 1.0366667 0.985 0.985 0.99 0.99 0.99 0.92833334 0.92833333
0.635 0.42695461 0.53333333 0.53325403 0.26 0.3875908 0.38833333 0.38833333 0.46728204 0.42666667 0.42666667 0.42666667 0.42666667 0.39166781 0.39166667 0.38666667 0.38666667 0.38359267 0.27 0.27 0.27 0.37666667 0.37666667 0.37666667 0.70833333 0.70833333 0.84666667 0.84666667 0.84666667 0.84666667 0.84666688 0.84666676 0.87916222 0.87996426 1.0331592 1.0333333 1.0333333 1.0333333 1.0333333 1.2266667 1.2266667 1.2266667 1.0471285 1.0366667 1.0366667 1.0366666 0.985 0.985 0.98500018 0.99 0.9899848 0.65 0.92833333
0.62333555 0.62333332 0.53333333 0.53333333 0.53333333 0.38833333 0.38833333 0.38833333 0.605 0.605 0.42666667 0.42666667 0.42666667 0.39166667 0.39166667 0.39166667 0.39166667 0.39165315 0.27 0.27 0.27 0.37666667 0.37666667 0.37666667 0.70833333 0.70833333 0.84666667 0.84666667 0.84666667 0.84666667 0.84666667 0.84666667 0.84666667 0.84666667 1.0332412 1.0333333 1.0333333 1.0333333 1.0333333 0.95500007 0.955 0.955 0.955 1.0366626 0.50333333 0.50333333 0.50333333 0.55333333 0.55333333 0.55333333 0.65 0.65 0.65
0.62333333 0.62333333 0.53333333 0.53333333 0.53333333 0.38909548 0.38833333 0.605 0.605 0.605 0.42668862 0.42666667 0.39942918 0.39166667 0.39166667 0.39166667 0.39166667 0.30666667 0.30666667 0.30666667 0.265 0.26500008 0.37666612 0.37666667 0.37687639 0.57333333 0.57333333 0.57333398 0.84662249 0.78667862 0.78666699 0.78667714 0.84656412 0.84661489 1.000048 1.0333331 1.0314511 0.47166667 0.47166667 0.955 0.955 0.955 0.955 0.50333333 0.50333333 0.50333333 0.50333333 0.55333333 0.55333333 0.55333333 0.65 0.65 0.65
0.62333333 0.62333333 0.53333333 0.53333333 0.53333333 0.53333333 0.46942534 0.605 0.605 0.605 0.60488308 0.39333333 0.39333333 0.39333333 0.39167649 0.39166667 0.30723309 0.30666667 0.30666667 0.30666667 0.265 0.265 0.265 0.265 0.57333333 0.57333333 0.57333333 0.57333333 0.57333333 0.78666667 0.78666667 0.78666667 0.78666667 0.78666682 0.86 0.47166667 0.47166667 0.47166667 0.47166667 0.47166626 0.26666667 0.26666667 0.26666667 0.30517475 0.385 0.385 0.385 0.55333333 0.55333325 0.46833333 0.46833333 0.65999757 0.66
0.62333333 0.62333333 0.56581701 0.53333333 0.53333333 0.53333334 0.71314109 0.60534141 0.605 0.605 0.39333341 0.39333333 0.39333333 0.39333333 0.39333333 0.39318383 0.30666667 0.30666667 0.30666667 0.30666667 0.26500032 0.265 0.265 0.265 0.57333333 0.57333333 0.57333333 0.57333333 0.57333333 0.58099046 0.78666667 0.78666667 0.78666667 0.86 0.86 0.85969845 0.47166667 0.47166667 0.47917038 0.485 0.26666667 0.26666667 0.26666667 0.30519645 0.385 0.385 0.385 0.52166667 0.46899786 0.46833333 0.46833333 0.66 0.66
0.89666667 0.89666667 0.89666667 0.62443099 0.53406354 0.71333333 0.71333333 0.71333333 0.71333333 0.735 0.735 0.39333336 0.39333333 0.39333333 0.39333333 0.39332785 0.30666667 0.30666667 0.30666667 0.30666667 0.28318198 0.265 0.265 0.26713725 0.35675987 0.57333333 0.57333333 0.57333333 0.50833333 0.50833333 0.50833333 0.5083345 0.86 0.86 0.86 0.86 0.485 0.485 0.485 0.485 0.24666667 0.24666667 0.24666667 0.5299943 0.53 0.53 0.52999995 0.52166667 0.52166667 0.46839832 0.46833333 0.65999869 0.66
0.89666667 0.89666667 0.89666667 0.89667412 1.035 0.98822438 0.71333333 0.71333333 0.71333333 0.735 0.735 0.735 0.66166666 0.66166667 0.66166667 0.66166667 0.30763448 0.30666667 0.30666667 0.30666667 0.30603931 0.34666644 0.34666667 0.34666667 0.34666667 0.34666666 0.065000004 0.065 0.50833333 0.50833333 0.50833333 0.50833333 0.8599999 0.86 0.86 0.85998914 0.485 0.485 0.485 0.48494882 0.24666667 0.24666667 0.24666667 0.52998686 0.53 0.53 0.53 0.52166667 0.52166667 0.52166665 0.4 0.4 0.55166667
0.89666667 0.89666667 0.89666667 1.0349997 1.035 1.035 0.71333345 0.71333333 0.71333333 0.735 0.735 0.735 0.66166667 0.66166667 0.66166667 0.67486766 0.835 0.835 0.83499864 0.30965083 0.34666667 0.34666667 0.34666667 0.34666667 0.34666667 0.3464547 0.065 0.065 0.065000001 0.50833333 0.50833333 0.50805549 0.72666667 0.72666667 0.72666667 0.31333334 0.31333333 0.47333333 0.47333333 0.47333333 0.59 0.24677436 0.2466696 0.64 0.64 0.63583113 0.53000028 0.52166667 0.52166667 0.4 0.4 0.4 0.55166667
0.89666667 0.89666667 0.89666667 1.035 1.035 1.035 1.035 0.71333333 0.71333333 0.735 0.735 0.66459894 0.66166667 0.66166667 0.66166667 0.835 0.835 0.835 0.835 0.835 0.34666667 0.34666667 0.34666667 0.34666667 0.34666667 0.065000961 0.065 0.065 0.065 0.076666667 0.076666667 0.076666667 0.72666667 0.72666667 0.72666667 0.31333333 0.31333333 0.47333333 0.47333333 0.59 0.59 0.59 0.64 0.64 0.64 0.64 0.65095298 0.77333333 0.77333333 0.77333333 0.40000001 0.66 0.66
