interpolatedSpi/02-02|23_3.tif
NCOLS 53
NROWS 52
XLLCORNER -116.03883
YLLCORNER 28.596182
DX 0.49850594
DY 0.49788537
NODATA_VALUE -9999
-0.865 -0.865 -0.97300856 -0.72 0.11 -0.275 -0.095 -0.03 -0.037270725 0.155 0.695 0.385 0.56002594 0.875 -0.04 -0.04 -0.04 -0.08 -0.365 -0.365 -0.365 -0.36500226 -0.6 -0.165 -0.165 -0.165 0.024991293 0.025 0.025 -0.265 -0.265 -0.265 -0.265 -1.5299997 -1.53 -1.53 -1.53 -1.53 -1.53 -1.5299999 0.54762148 0.56928067 -2.255 -2.255 -2.255 -2.255 -2.2527133 -0.855 -0.855 -0.855 0.40499738 0.405 0.405 
-0.86501355 -1.17 -0.9100001 -0.85546972 -0.63503857 -0.415 -0.735 -0.42980862 -0.505 0.53 0.36 0.56 0.56 0.46636713 0.87498696 -0.04 -0.08 -0.08 -0.3646284 -0.365 -0.365 -0.365 -0.16421044 -0.165 -0.165 -0.165 -0.54499997 -0.545 -0.265 -0.265 -0.265 -0.265 -0.265 -1.5299998 -1.53 -1.53 -1.53 -1.53 -1.5299999 -1.3413942 -0.41004847 -2.0311239 -2.255 -2.255 -2.255 -2.255 -2.255 -0.855 -0.855 -0.855 -0.75051959 0.405 0.405 
-0.35004896 -0.35 -0.995 -0.575 -1.225 -1.225 -1.27 -0.5 -0.525 -0.41 0.25 -0.74 -0.185 0.655 0.465 -1.86 -0.08 -0.08 -0.08 0.37478488 0.375 0.375 -0.15 -0.165 -0.165 -0.165 -0.545 -0.545 -0.545 -0.265 -0.265 -0.26500001 -0.31795401 -1.526803 -1.5197148 -0.43512564 -0.425 -0.425 -0.4231134 -0.41 -0.41 -0.41235929 -2.255 -2.255 -2.255 -2.255 -2.255 -0.855 -0.855 -0.855 -0.855 0.405 0.405 
0.625 -0.35000002 -0.45513021 -0.215 -1.16 -1.08 -1.205 -1.38 -0.275 0.0079641146 -0.565 -0.495 -0.6 0.655 0.285 -1.86 -0.024154258 -0.010049046 -1.205 0.375 0.375 -0.62 -0.15 -0.15 -0.165 -0.1650019 -0.545 -0.545 -0.545 -0.15 -0.27345249 -0.375 -0.375 -0.37500005 -0.425 -0.425 -0.425 -0.425 -0.41 -0.41 -0.41 -0.41000007 -2.255 -2.255 -2.255 -2.255 -2.255 -0.85501766 -0.855 -0.855 -0.855 0.40495231 0.405 
0.625 0.2549987 -0.455 -1.001393 -1.16 -1.175 -0.65505403 -0.995 -0.905 0.12999951 -0.058213837 -0.14494342 0.25 0.285 0.285 -1.1211497 -0.01 -0.01 -1.205 -1.205 0.37499795 -0.62 -0.6 0.27 -0.1 -0.099910073 -0.545 -0.545 -0.15 -0.15 -0.375 -0.375 -0.375 -0.57017314 -0.425 -0.425 -0.425 -0.41 -0.41 -0.41 -0.41 -0.40998649 -2.255 -2.255 -2.255 -2.255 -2.255 -2.2425383 -0.855 -0.85500897 -1.055 -1.055 -1.055 
-1.42 -0.12 0.46500004 -0.49 -0.6 -0.6 -1.225 -1.1955534 0.265 -0.455 -0.115 0.29 0.28999997 1.235 1.235 -0.10499759 -0.105 0.07 0.069999996 -1.2049978 -1.28 -1.28 0.27 -0.1 -0.1 0.285 -1.515 -1.515 0.19496737 -0.15 -0.375 -0.375 -1.41 -1.4099337 -0.77504544 -0.65 -0.65 -0.48424948 -0.41 -0.41 -0.27017461 -0.27 -0.26999758 -0.21662943 -0.18022933 -0.18000055 -0.18000007 -0.18000078 -0.2154661 -1.055 -1.055 -1.055 -1.055 
-2.2349905 0.01 -0.89454752 0.365 0.57 -0.385 -0.215 -1 -0.99 -0.99 -0.115 -0.015 0.030000068 1.235 -0.094996015 -0.095 -0.105 -0.19 1.245 1.245 -0.95953987 -0.6 -0.6 -0.14 0.285 0.285 -1.515 -1.515 0.19494347 0.19395927 -0.69524226 -1.41 -1.41 -0.775 -0.775 -0.52745599 -0.65 -0.65 -0.93998995 -0.27000093 -0.27 -0.27 -0.26998805 -0.18000346 -0.18 -0.18 -0.18 -0.17999992 -0.05 -1.0548008 -1.055 -1.055 -1.055 
-2.235 -1.92 -0.77 -0.695 -0.60500516 0.035 0.265 -0.78499999 -0.005 -0.09 -0.09 0.305 0.03 0.03 -0.094142384 -0.75074502 -0.815 -0.28 1.1200001 1.245 0.61223291 0.83 -1.45 0.25499999 0.25498091 -1.225 -0.825 -0.82500024 -0.77160098 -0.775 -0.695 -0.57679027 -0.44 -0.775 -0.75446474 -0.425 -0.425 -0.94 -0.94 -0.27 -0.27 -0.26999998 -0.79541417 -0.79999997 -0.18 -0.18 -0.18 -0.050004948 -0.05 -0.05 -1.055 -1.055 -1.055 
-1.7273213 -1.92 -1.525 -0.6 -0.505 -0.965 0.2 0.395 0.37 0.88434726 0.705 0.155 0.155 0.345 0.34499962 -0.38619845 -0.385 -0.385 -0.06628784 -1.5 -1.735 -1.735 -1.775 -1.5780771 -1.0758551 -1.225 -0.58 -0.825 -0.5267433 -0.525 -0.615 -0.315 -0.55423523 -0.41 -0.055 -0.125 -0.185 -0.845 -0.40020548 -0.26546927 0.745 -0.135 -0.79993894 -0.8 -0.7965103 -0.18 -2.2749999 -0.05000002 -0.05 -0.05 -0.049999998 -0.86450362 -0.265 
-0.65 -0.65 -1.58 -1.375 -0.965 -0.885 0.32 0.42 0.915 1.0150025 0.7 0.48 0.345 0.345 0.305 0.29553634 -0.385 -0.38497701 -0.305 -1.5 -1.5 -1.5302759 -1.775 -1.7050013 -1.705 -1.705 -0.58 -0.465 -0.465 -0.525 -0.525 -0.31590089 -0.79 -0.41 -0.38 -0.125 -0.185 -1.135 -0.4 0.12141029 -0.13499996 -0.24152842 -0.425 -0.8 -0.8 -2.275 -2.275 -2.275 -0.05 -0.05 0.475 0.475 0.47499972 
-0.65 -0.65 -2.895 -2.45 -0.81 -0.39 -1.06 -0.085301207 -0.39 -0.375 0.525 -0.12 0.47920102 0.305 0.305 0.30495386 -0.095 -0.10602179 -0.305 -1.29 -1.29 -0.585 -0.585 -1.705 -1.705 -1.705 -0.465 -0.465 -0.465 -0.665 -0.665 -0.66500021 -0.085 -0.085 -1.57 -1.46 0.435 -1.0950009 -0.69 0.13 0.13 -0.65999923 -0.425 -0.8 -8.3701047e-07 -0.92 0.10968529 0.11999999 0.38 0.38 0.475 0.475 0.475 
-0.65 -1.6193702 -2.7051026 -1.7649931 -0.77 -0.935 -1.06 -0.085 -0.38999745 -0.37516618 -0.12000033 -0.12 0.36 0.305 0.305 -0.094999987 -0.095 -0.095011952 -0.305 -1.29 -1.1515523 -0.585 -0.585 -1.7049541 -1.705 -1.0031837 0.43 0.43 0.42999989 -0.665 -0.665 0.7 0.7 -0.085004071 -1.57 0.39499948 0.17362318 -1.095 -1.095 0.12999997 -0.66 -0.66 -0.65999519 -5.1047372e-36 -1.0690576e-39 -0.92 0.12 0.12 0.38 0.38 0.475 0.475 0.475 
-0.665 -0.76077891 -0.58506976 -0.59353736 -0.77000083 -0.9349961 -1.06 -0.097001693 -0.36898238 -0.38960831 0.36 0.36 0.36 0.36 0.30500779 -0.095 -0.095 -0.097711435 -0.305 -1.2895453 0.26 0.26 0.26 0.26 -1.6699598 0.43 0.43 0.43 0.43 0.42959222 0.7 0.7 0.7 0.7 0.395 0.395 0.395 -1.0232737 -1.0843726 0.32 0.32 -0.65994729 0.4849834 4.6714104e-05 -1.7059899e-17 -0.92 0.12 0.12 0.38000001 0.38 0.47465535 0.475 0.096602371 
-0.665 -0.585 -0.585 -0.585 -0.585 -0.58500015 -1.0596799 -0.59870584 -0.31290934 0.35919264 0.36 0.36 0.36 0.36 0.35999982 -0.094999994 -0.095000033 -0.10940457 -0.30499525 0.26 0.26 0.26 0.26 0.26 0.27459211 0.96842831 1.2649998 1.265 1.265 1.265 0.70000001 0.7 0.70000058 1.18 1.18 0.395 1.2553897 1.28 0.32000056 0.32 0.32 0.32 0.485 0.485 0.485 0.47522248 1.7739509 1.785 1.785 1.785 1.785 2.0499997 2.05 
-0.7 -0.585 -0.585 -0.585 -0.585 -0.585 -0.58500003 -0.5279096 0.11294316 0.115 0.115 0.115 0.115 0.115 0.115 0.33051739 -0.088194786 -0.1237559 0.25992903 0.26 0.26 0.26 0.26 0.26000046 0.935 0.935 0.93500046 1.265 1.265 1.26496 1.245 1.245 1.18 1.18 1.18 1.2639812 1.28 1.28 1.28 0.32 0.32 0.32 0.485 0.485 0.485 0.485 1.785 1.785 1.785 1.785 1.785 2.05 2.05 
-0.7 -0.65718681 -0.585 -0.585 -0.585 -0.585 0.22984004 0.23 0.23 0.115 0.115 0.115 0.115 0.115 0.16353354 0.335 0.335 0.335 0.65379677 0.6549996 0.655 0.655 0.655 0.655 0.935 0.935 0.935 0.935 1.265 1.245 1.245 1.245 1.18 1.18 1.18 1.61 1.2804369 1.28 1.28 0.32011048 0.53989047 1.0528032 0.485 0.485 2.2146457 2.22 2.22 1.7852402 1.9294933 1.93 1.93 1.6850553 2.0499993 
-0.7 -0.55402836 -0.56728839 -0.585 -0.585 0.22951846 0.23 0.23 0.23 0.22917128 0.115 0.115 0.115 0.11500003 0.335 0.335 0.335 0.335 0.65471415 0.655 0.655 0.655 0.655 0.655 0.93499999 0.935 0.935 0.935 0.93612758 1.245 1.245 1.245 0.99000001 1.1800392 1.61 1.61 1.61 1.6070074 1.0692529 1.055 1.055 1.055 2 2 2.22 2.22 2.22 1.93 1.93 1.93 1.93 1.685 1.685 
-0.54991486 -0.55 -0.55 -0.54999999 0.43 0.23000516 0.23 0.23 0.23 0.23 0.11197172 0.11499948 0.115 0.335 0.335 0.335 0.335 0.335 0.43457786 0.655 0.655 0.655 0.655 0.655 0.78079757 0.77000089 0.77 0.77 0.77 1.245 0.99 0.99 0.99 0.99 1.61 1.6099929 1.34 1.34 1.0585586 1.055 1.055 1.055 2 2 2.1859364 2.22 2.22 1.93 1.93 1.93 1.927373 1.685 1.685 
-0.55 -0.55 -0.55 -0.088503381 0.43 0.43 0.23 0.23 0.23 0.23 0.075 0.075 0.075 0.335 0.335 0.335 0.335 0.33505619 1.515 1.515 0.65500035 0.655 0.67374626 1.425 1.4191033 0.77 0.77 0.77 0.77 0.9899776 0.99 0.99 0.99 0.99 1.3400009 1.34 1.34 1.34 1.339008 1.055 1.055 1.055 2 2 2 2.22 2.22 1.93 1.93 1.93 1.685 1.685 1.685 
-0.55 -0.55 -0.55 0.43 0.43 0.43 0.42999969 0.23 0.23 0.075160005 0.075 0.075 0.075 0.075161997 0.61020362 0.675 0.675 0.675 1.515 1.515 1.515 1.425 1.425 1.425 1.4247829 0.70705708 0.77 0.77 0.77 1.4322303 1.5399459 1.54 1.54 1.54 1.4150047 1.5199996 1.52 1.52 1.52 1.9498775 1.95 1.95 2 2 1.8650006 1.865 1.745 1.745 1.98 1.98 1.98 1.685 1.4352235 
-0.5499986 -0.55 -0.54999996 0.43 0.43 0.43 0.43 0.88499981 0.23261895 0.074963729 0.075 0.075 0.075 0.076177365 0.675 0.675 0.675 0.67500024 1.515 1.515 1.515 1.425 1.425 1.425 0.65 0.65 1.39 1.39 1.39 1.3908183 1.54 1.54 1.54 1.54 1.5300056 1.52 1.52 1.52 1.52 1.95 1.95 1.95 1.9473256 1.865 1.865 1.865 1.745 1.745 1.98 1.98 1.98 1.435 1.435 
-0.1 -0.30082856 -0.065 -0.064856392 0.43 0.88236739 0.885 0.885 0.88135621 0.035000019 0.035 0.035 0.035 1.7049456 1.705 0.67500079 0.675 0.69713277 1.515 1.515 1.515 1.14 1.14 1.14 0.65 0.65 1.39 1.39 1.39 1.3900008 2.5249937 2.5249972 1.5647565 1.541056 2.0943667 2.095 2.095 2.095 2.095 1.95 1.95 1.95 1.8696804 1.865 1.865 1.8649999 1.745 1.745 1.7450085 1.98 1.9799993 1.965 1.435 
-0.015016142 -0.015000009 -0.065 -0.065 -0.065 0.885 0.885 0.885 0.875 0.875 0.035 0.035 0.035 1.705 1.705 1.705 1.705 1.704975 1.515 1.515 1.515 1.14 1.14 1.14 0.65 0.65 1.39 1.39 1.39 2.5122028 2.525 2.525 2.525 2.525 2.0952122 2.095 2.095 2.095 2.095 2.07 2.07 2.07 2.07 1.8649964 1.395 1.395 1.395 1.455 1.455 1.455 1.965 1.965 1.965 
-0.015 -0.015 -0.065 -0.065 -0.065 0.88000663 0.885 0.875 0.875 0.875 0.035103405 0.035 1.3383139 1.705 1.705 1.705 1.705 2.19 2.19 2.19 1.485 1.4849997 1.1400017 1.14 1.1403011 1.88 1.88 1.8799988 1.3900792 2.1550737 2.155002 2.1550646 2.5243676 2.5246807 2.1713422 2.0949997 2.0923525 1.305 1.305 2.07 2.07 2.07 2.07 1.395 1.395 1.395 1.395 1.455 1.455 1.455 1.965 1.965 1.965 
-0.015 -0.015 -0.065 -0.065 -0.065 -0.064999996 0.88125729 0.875 0.875 0.875 0.87541705 1.63 1.63 1.63 1.704558 1.705 2.1867681 2.19 2.19 2.19 1.485 1.485 1.485 1.485 1.88 1.88 1.88 1.88 1.88 2.155 2.155 2.155 2.155 2.1549986 1.48 1.305 1.305 1.305 1.305 1.3050007 1.395 1.395 1.395 1.4470652 1.555 1.555 1.555 1.455 1.4549997 1.125 1.125 1.0652189 1.065 
-0.015 -0.015 -0.046953511 -0.065 -0.065 -0.06499996 1.738465 0.877726 0.875 0.875 1.63 1.63 1.63 1.63 1.63 1.6362308 2.19 2.19 2.19 2.19 1.4850055 1.485 1.485 1.485 1.88 1.88 1.88 1.88 1.88 2.0256826 2.155 2.155 2.155 1.48 1.48 1.4798641 1.305 1.305 0.76191873 0.34000009 1.395 1.395 1.395 1.4460829 1.555 1.555 1.555 0.945 1.1227572 1.125 1.125 1.065 1.065 
1.86 1.86 1.86 0.41765042 -0.062165762 1.74 1.74 1.74 1.74 1.485 1.485 1.63 1.63 1.63 1.63 1.6300355 2.19 2.19 2.19 2.19 1.7926391 1.485 1.485 1.488533 1.6315775 1.88 1.88 1.88 1.98 1.98 1.98 1.9800007 1.48 1.48 1.48 1.48 0.34 0.34 0.34 0.34 0.96 0.96 0.96 1.4649898 1.465 1.465 1.465 0.945 0.945 1.1247807 1.125 1.0649958 1.065 
1.86 1.86 1.86 1.8600003 1.865 1.8468229 1.74 1.74 1.74 1.485 1.485 1.485 1.575 1.575 1.575 1.575 2.1884155 2.19 2.19 2.19 2.1793171 1.6199996 1.62 1.62 1.62 1.62 1.69 1.69 1.98 1.98 1.98 1.98 1.4799996 1.48 1.48 1.4799597 0.34 0.34 0.34 0.34030708 0.96 0.96 0.96 1.4649766 1.465 1.465 1.465 0.945 0.945 0.94499991 0.235 0.235 0.33 
1.86 1.86 1.86 1.865 1.865 1.865 1.74 1.74 1.74 1.485 1.485 1.485 1.575 1.575 1.575 1.5559601 1.325 1.325 1.3250022 2.1851142 1.62 1.62 1.62 1.62 1.62 1.6200527 1.69 1.69 1.69 1.98 1.98 1.9790989 0.985 0.985 0.985 0.235 0.235 0.41 0.41 0.41 0.93 0.95999059 0.96000078 1.065 1.065 1.0801595 1.4649981 0.945 0.945 0.235 0.235 0.235 0.33 
1.86 1.86 1.86 1.865 1.865 1.865 1.865 1.74 1.74 1.485 1.485 1.5714013 1.575 1.575 1.575 1.325 1.325 1.325 1.325 1.325 1.62 1.62 1.62 1.62 1.62 1.6899998 1.69 1.69 1.69 0.58 0.58 0.58 0.985 0.985 0.985 0.235 0.235 0.41 0.41 0.93 0.93 0.93 1.065 1.065 1.065 1.065 0.98367414 0.075 0.075 0.075 0.23499999 -0.15 -0.15 
1.86 1.86 1.860007 1.865 1.865 1.865 1.865 1.5270358 1.51 1.5099571 1.485 1.5749812 1.575 1.575 1.5749991 1.325 1.325 1.325 1.325 1.325 0.36850385 1.62 1.62 1.62 1.619656 1.6899021 1.69 1.69 1.69 0.58 0.58 0.58 0.58005449 0.985 0.235 0.235 0.235 0.23500724 0.41003546 0.93 0.93 0.93 1.0649918 1.065 1.065 1.065 0.075001497 0.075 0.075 0.075 -0.15 -0.15 -0.15 
1.465 1.4650007 1.8649832 1.865 1.865 1.865 1.5100755 1.51 1.51 1.51 1.35 1.35 1.35 1.35 1.3251154 1.325 1.325 1.325 1.325 0.3150006 0.315 0.315 -0.049999722 -0.05 -0.05 -0.05 0.10018438 1.69 0.095065325 0.095 0.095 0.095 0.095 0.285 0.285 0.285 0.285 0.285 0.965 0.965 0.965 0.965 0.965 0.21628131 0.215 0.215 0.215 0.075 0.075 0.075 -0.14996455 -0.15 -0.15 
1.465 1.465 1.4644978 1.4050009 1.4050001 1.4051027 1.51 1.51 1.51 1.51 1.35 1.35 1.35 1.35 1.35 1.325 1.325 1.325 0.31500025 0.315 0.315 0.315 -0.049999999 -0.05 -0.05 -0.05 -0.05 -0.049631691 0.094745134 0.094999997 0.095 0.095 0.094897615 0.34735918 0.28506457 0.285 0.285 0.285 0.965 0.965 0.965 0.965 0.965 0.215 0.215 0.215 0.215 0.14953326 0.075 0.27771283 0.28 0.165 0.165 
1.465 1.465 1.4050076 1.405 1.405 1.405 1.4316696 1.51 1.51 1.51 1.35 1.35 1.35 1.35 1.35 1.3250129 1.325 0.31529613 0.315 0.315 0.315 0.315 0.085216615 -0.05 -0.05 -0.05 -0.05 -0.050364722 -0.565 -0.565 -0.565 -0.565 -0.565 0.395 0.395 0.395 0.395 0.395 0.525 0.525 0.525 0.525 0.525 0.2157325 0.21500015 0.215 0.21505085 0.22112824 0.28 0.28 0.28 0.16500064 0.165 
1.4649983 0.5384237 1.4049999 1.405 1.405 1.405 1.405 1.5099553 1.51 1.51 1.35 1.35 1.35 1.35 0.67043689 0.655 0.655 0.31500875 0.315 0.315 0.315 0.315 0.31499988 -0.05 -0.05 -0.05 -0.05 -0.52500002 -0.52500002 -0.53351297 -0.565 -0.565 -0.565 0.395 0.395 0.395 0.395 0.39494243 0.525 0.525 0.525 0.525 0.52500038 0.515 0.515 0.515 0.515 0.51498105 0.28 0.28 0.28 0.28000028 0.72660537 
0.52 0.52 0.71688393 1.405 1.405 1.405 1.405 1.405 1.5099538 0.92000001 0.92 0.92 0.92102048 0.655001 0.655 0.655 0.655 0.655 0.3149955 0.27653531 -0.06 -0.06 -0.06 -0.060416924 -0.10482492 -0.39818265 -0.64559898 -0.525 -0.525 -0.525 -0.525 -0.525 -0.51740116 0.3093266 0.31 0.31 0.31 0.31 0.52593921 0.52999999 0.53 0.53 0.53 0.70999943 0.51500005 0.515 0.515 0.875 0.28000953 0.28 0.28 0.735 0.735 
0.52 0.52 0.745 0.745 0.745 1.4047801 1.405 1.405 0.92 0.92 0.92 0.92 0.92 0.65500001 0.655 0.655 0.655 0.655 -0.06 -0.06 -0.06 -0.06 -0.06 -0.73499997 -0.735 -0.735 -0.735 -0.525 -0.525 -0.525 -0.525 -0.525 0.25 0.25 0.31 0.31 0.31 0.43997786 0.44 0.53 0.53 0.53 0.53000003 0.71 0.71 0.71 0.875 0.875 0.875 1.08 1.08 0.735 0.735 
0.52 0.52 0.745 0.745 0.745 0.745 0.74500011 0.765 0.91985406 0.92 0.92 0.92 0.92 0.65830563 0.655 0.655 0.655 0.655 -0.059999986 -0.06 -0.06 -0.06 -0.06 -0.735 -0.735 -0.735 -0.735 -0.73499914 -0.525 -0.525 -0.525 0.24995937 0.25 0.25 0.25 0.31 0.44 0.44 0.44 0.44236807 0.70703178 0.74 0.74 0.71 0.71 0.71 0.875 0.875 0.875 1.08 1.08 1.08 0.50857091 
0.75 0.74999819 0.745 0.745 0.745 0.745 0.765 0.765 0.765 0.92 0.92 0.92 0.92 0.91991762 0.655 0.655 0.655 0.655 -0.059987508 -0.06 -0.06 -0.060000004 -0.61609231 -0.735 -0.735 -0.735 -0.735 -0.62000009 -0.62 -0.62 -0.52599065 0.25 0.25 0.25 0.2500001 0.35 0.44 0.44 0.44 0.44 0.74 0.74 0.74 0.72 0.72 0.72 1.07998 0.875 0.875 1.08 1.08 1.08 0.48500018 
0.75 0.75 0.745 0.745 0.745 0.765 0.765 0.765 0.765 0.90300896 0.92 0.92 0.92 0.91999878 0.68499655 0.685 0.685 0.685 -0.14161215 -0.345 -0.345 -0.345 -0.345 -0.735 -0.735 -0.735 -0.73499241 -0.62 -0.62 -0.62 -0.62 0.24997194 0.30624711 0.35 0.35 0.35 0.43947708 0.30000291 0.3 0.3 0.73987859 0.585 0.585 0.72 0.72 0.72000152 1.08 1.08 1.005 1.005 1.005 0.605 0.55 
0.75 0.75 0.305 0.305 0.305 0.765 0.765 0.765 0.765 0.905 0.905 0.905 0.905 0.88949608 0.685 0.685 0.685 0.685 -0.135 -0.345 -0.345 -0.345 -0.345 -0.09 -0.090000255 -0.73499905 -0.62 -0.62 -0.62 -0.62 -0.30610935 1.1960368e-21 0.3083548 0.35 0.35 0.35 0.3 0.3 0.3 0.3 0.585 0.585 0.585 0.98987229 0.99 1.0795955 1.08 1.08 1.0049975 1.005 0.605 0.605 0.55 
0.75 0.305 0.305 0.305 0.305 0.305 0.76569866 0.855 0.855 0.905 0.905 0.905 0.905 0.9049479 0.685 0.685 0.685 0.6479498 -0.135 -0.135 -0.345 -0.345 -0.09 -0.09 -0.09 -0.09 -0.62 -0.62 -0.62 -0.62 -5.0518907e-24 -7.965494e-59 6.2230107e-32 0.34964583 0.35 0.35 0.3 0.3 0.3 0.3 0.585 0.585 0.585 0.99 0.99 0.99000453 1.07 1.07 0.465 0.465 0.605 0.605 0.55 
0.3091791 0.305 0.305 0.305 0.305 0.305 0.855 0.855 0.855 0.88176209 0.905 0.905 0.905 0.90499317 0.685 0.685 0.685 -0.135 -0.135 -0.135 -0.34498951 -0.34499844 -0.09 -0.09 -0.09 -0.09 -0.61996233 -0.62 -0.62 -0.00014258383 -2.9695768e-43 -1.168723e-134 1.1710017e-55 1.6569034e-18 0.34857922 -0.05 -0.05 -0.043942642 0.3 0.3 0.58499975 0.585 0.97822454 0.99 0.99 1.07 1.07 1.07 0.465 0.465 0.22 0.22 0.535 
0.305 0.305 0.305 0.305 0.305 0.305 0.855 0.855 0.855 0.855 0.60000879 0.6 0.6 0.6 0.68499805 0.25872842 0.02 0.02 -0.13471426 -0.135 -0.13500004 -0.09000037 -0.09 -0.09 -0.09 -0.09 -0.090385339 -0.62 -0.61997881 -2.1787796e-13 -3.7813724e-37 -9.6721219e-58 3.7153582e-46 -7.0509111e-20 -0.05 -0.05 -0.05 -0.05 -0.05 -0.049996949 0.72 0.72 0.72000013 1.11 1.11 1.11 0.545 0.545 0.285 0.285 0.22 0.22000069 0.535 
0.305 0.305 0.305 0.305 0.305 0.305 0.855 0.855 0.855 0.6 0.6 0.6 0.6 0.6 0.44711339 0.02 0.02 0.02 0.02 0.02 0.01259926 -0.090000001 -0.09 -0.09 -0.090000001 -0.10114736 -0.44444372 -0.59616834 -0.003057517 -1.3042985e-14 -1.2309977e-19 -8.0103508e-22 -5.9388815e-19 -1.0949381e-07 -0.05 -0.05 -0.05 -0.05 -0.05 0.30820221 0.72 0.72 0.72 1.11 1.11 1.11 0.545 0.545 0.285 0.285 1.115 0.56699511 0.535 
0.305 0.305 0.305 0.305 0.305 0.30500016 0.85499987 0.855 0.84441608 0.6 0.6 0.6 0.6 0.6 0.57217963 0.02 0.02 0.02 0.02 0.02 0.02 -0.38926526 -0.4449995 -0.445 -0.445 -0.445 -0.445 -0.445 -0.48888078 -0.4899942 -0.48999999 -0.49 -0.49 -0.48999968 -0.05 -0.05 -0.05 -0.05 -0.05 0.71999991 0.72 0.72 0.72 0.72000017 1.1102806 1.285 0.54500008 1.2476306 0.2858543 1.115 1.115 1.1141685 1.075 
0.305 0.305 0.305 0.305 0.305 0.30503514 0.85497034 0.85498457 0.60000032 0.6 0.6 0.6 0.6 0.6 0.58896383 0.02 0.02 0.02 0.02 0.02 0.02 -0.445 -0.445 -0.445 -0.445 -0.445 -0.445 -0.445 -0.48998758 -0.49 -0.49 -0.49 -0.49 -0.49 -0.36944004 -0.05 -0.05 -0.05 -0.05 0.72 0.72 0.72 0.72 0.72014474 1.285 1.285 1.2848433 1.26 1.26 1.115 1.115 1.075 1.075 
0.305 0.305 0.305 0.305 0.305 0.3057335 0.85433995 0.62877508 0.6 0.6 0.6 0.6 0.6 0.6 0.5898461 0.02 0.02 0.02 0.02 0.02 -0.04620755 -0.445 -0.445 -0.445 -0.445 -0.445 -0.445 -0.445 -0.48999982 -0.49 -0.49 -0.49 -0.49 -0.49 -0.49 -0.048623783 -0.046453872 -0.045273941 -0.045080869 0.7007164 0.71999999 0.72 0.72 1.2849549 1.285 1.2844926 1.2000003 1.26 1.26 1.0149259 1.015 1.015 1.075 
0.305 0.305 0.305 0.305 0.30500056 0.30958667 0.82910016 0.60007012 0.6 0.6 0.6 0.6 0.6 0.6 0.58645611 0.020000001 0.02 0.02 0.02 0.019999997 -0.44499799 -0.445 -0.445 -0.445 -0.445 -0.445 -0.445 -0.445 -0.48999999 -0.49 -0.49 -0.49 -0.49 -0.49 -0.48999991 -0.045 -0.045 -0.045 -0.044999998 0.42 0.42 0.42 0.42 1.2000002 1.2 1.2 1.2 1.1999943 0.675 0.675 1.015 1.015 0.42653117 
0.305 0.305 0.305 0.30500004 0.30501536 0.31981588 0.61654691 0.60000333 0.6 0.6 0.6 0.6 0.6 0.6 0.58031122 0.020000238 0.02 0.02 0.02 0.017201369 -0.445 -0.445 -0.445 -0.445 -0.445 -0.445 -0.445 -0.445 -0.48999999 -0.49 -0.49 -0.49 -0.49 -0.49 -0.045000408 -0.045 -0.045 -0.045 -0.045 0.42 0.42 0.42 0.42 0.63051865 1.2 1.2 1.2 0.67500587 0.675 0.675 0.165 0.165 0.165 
0.305 0.305 0.30500003 0.30500125 0.30514992 0.34898267 0.60083639 0.60000083 0.6 0.6 0.6 0.6 0.6 0.59999996 0.57198727 0.02001364 0.02 0.02 0.019999467 -0.43557836 -0.445 -0.445 -0.445 -0.445 -0.445 -0.445 -0.445 -0.445 -0.48999996 -0.49 -0.49 -0.49 -0.49 -0.52660183 -0.045000151 -0.045 -0.045 -0.045 -0.045 0.42 0.42 0.42 0.42 0.42 1.2 1.2 1.2 0.67500001 0.675 0.675 0.165 0.165 0.165 
0.30500001 0.30500004 0.30500052 0.30501468 0.30583304 0.48807581 0.60013245 0.60000051 0.6 0.6 0.6 0.6 0.6 0.59999891 0.56209076 0.020211822 0.020000012 0.019999984 0.017592469 -0.44496046 -0.445 -0.445 -0.445 -0.445 -0.445 -0.445 -0.445 -0.44500003 -0.48999972 -0.49 -0.49000004 -0.53560439 -0.54 -0.54 -0.54 -0.045 -0.045 -0.045 -0.045 0.42 0.42 0.42 0.42 0.42 1.1999862 1.2 1.1999997 0.67500004 0.675 0.67499972 0.165 0.165 0.165 
