interpolatedSpi/02-08|20_3.tif
NCOLS 53
NROWS 52
XLLCORNER -116.03883
YLLCORNER 28.596182
DX 0.49850594
DY 0.49788537
NODATA_VALUE -9999
[rows 0 to 26 of 52, columns 0 to 52 of 53]
0.72285714 0.72285714 0.17625764 -0.15 0.38714286 0.30428571 0.80142857 0.63714286 0.088317447 -0.092857143 -0.091428571 0.17285714 -0.094214074 0.77571429 0.15714286 0.15714286 0.15714286 0.50428571 0.42857143 0.42857143 0.42857143 0.42856899 0.17571428 -0.068571429 -0.068571429 -0.068571429 0.64857387 0.64857143 0.64857143 0.30571429 0.30571429 0.30571429 0.30571429 0.41428569 0.41428571 0.41428571 0.41428571 0.41428571 0.41428571 0.41428573 0.90754346 0.91262863 0.015714286 0.015714286 0.015714286 0.015714286 0.016358289 0.41 0.41 0.41 1.0842843 1.0842857 1.0842857
0.72283334 0.18714286 0.3285721 0.44175614 0.72828963 0.89 0.82285714 0.57887354 0.22285714 0.18 0.074285714 -0.094285714 -0.094285714 0.55644787 0.77570616 0.15714286 0.50428571 0.50428571 0.42867015 0.42857143 0.42857143 0.42857143 -0.088723915 -0.068571429 -0.068571429 -0.068571429 0.081428561 0.081428572 0.30571429 0.30571429 0.30571429 0.30571429 0.30571429 0.4142857 0.41428571 0.41428571 0.41428571 0.41428571 0.41428569 0.32578701 -0.13424706 -0.0024868248 0.015714286 0.015714286 0.015714286 0.015714286 0.015714286 0.41 0.41 0.41 0.46591242 1.0842857 1.0842857
1.48567 1.4857143 0.90714286 1.4214286 0.68142857 0.53285714 0.62428571 0.20285714 0.30428571 0.11142857 0.58714286 -0.4 -0.45428571 0.062857143 0.55571429 0.34142857 0.50428571 0.50428571 0.50428571 0.23577035 0.23571429 0.23571429 -0.45142857 -0.068571429 -0.068571429 -0.068571429 0.081428571 0.081428571 0.081428571 0.30571429 0.30571429 0.30571424 -0.13167206 0.41281624 0.41148006 0.11561927 0.11285714 0.11285714 0.081773085 -0.13428571 -0.13428571 -0.1340939 0.015714286 0.015714286 0.015714286 0.015714286 0.015714286 0.41 0.41 0.41 0.41 1.0842857 1.0842857
0.54571429 1.4857141 0.49281534 0.78714286 0.15714286 0.62428571 0.86 -0.32571429 0.31571429 0.23667197 0.10571429 0.065714286 0.01 0.062857143 0.19285714 0.34142857 -0.35038048 -0.35511172 -0.38285714 0.23571429 0.23571429 -1.1842857 -0.45142857 -0.45142857 -0.068571429 -0.068570679 0.081428571 0.081428571 0.081428571 -0.79 -0.68731888 -0.60285714 -0.60285714 -0.60285658 0.11285714 0.11285714 0.11285714 0.11285714 -0.13428571 -0.13428571 -0.13428571 -0.13428571 0.015714286 0.015714286 0.015714286 0.015714286 0.015714286 0.40999503 0.41 0.41 0.41 1.0842071 1.0842857
0.54571429 0.084286464 0.49285714 0.38939215 0.15714286 0.50142857 0.13576641 0.0071428571 -0.17 0.11999997 0.0049040875 -0.047079218 0.39714286 0.19285714 0.19285714 0.28131298 -0.35571429 -0.35571429 -0.38285714 -0.38285714 0.23571142 -1.1842857 -1.3842857 -0.51285714 -0.47428571 -0.47440351 0.081428571 0.081428571 -0.79 -0.79 -0.60285714 -0.60285714 -0.60285714 -0.60258767 0.11285714 0.11285714 0.11285714 -0.13428571 -0.13428571 -0.13428571 -0.13428571 -0.13426475 0.015714287 0.015714286 0.015714286 0.015714286 0.015714286 0.019223917 0.41 0.40992236 -1.3214286 -1.3214286 -1.3214286
-0.80857143 0.28285714 0.76285714 0.31285714 0.60142857 0.83571429 0.34142857 0.29863043 0.40428571 -0.062857143 0.28285714 -0.11857143 -0.11857109 -0.097142857 -0.097142857 -0.30716355 -0.30714286 -0.60142857 -0.60142857 -0.38285771 -1.4671429 -1.4671429 -0.51285714 -0.47428571 -0.47428571 -0.97857143 -1.4671429 -1.4671429 -0.15862939 -0.79 -0.60285714 -0.60285714 -0.60142857 -0.601392 -0.25145377 -0.67571429 -0.67571429 -0.301789 -0.13428571 -0.13428571 0.082586319 0.082857144 0.082857697 -1.2023963 -1.2241487 -1.2242854 -1.2242857 -1.2242853 -2.0627111 -1.3214286 -1.3214286 -1.3214286 -1.3214286
-0.65857382 0.22428571 -0.45421599 0.47142857 1.1385714 0.28142857 0.33714286 0.36571429 0.16428571 0.16428571 0.28285714 0.065714286 -0.67000003 -0.097142857 -0.39285626 -0.39285714 -0.30714286 -0.68857143 -1.0242857 -1.0242857 -1.4105911 -1.3471429 -1.3471429 -1.4685714 -0.97857143 -0.97857143 -1.4671429 -1.4671429 -0.1585984 -0.15906804 0.30000603 -0.60142857 -0.60142857 -0.25142857 -0.25142857 -0.90290699 -0.67571429 -0.67571429 -1.4399735 0.082855023 0.082857143 0.082857143 0.082858939 -1.2242821 -1.2242857 -1.2242857 -1.2242857 -1.2242863 -2.2757143 -1.3216177 -1.3214286 -1.3214286 -1.3214286
-0.65857143 -0.89285714 -0.23142857 -0.67142857 -1.0599777 -0.26142857 0.011428571 -0.33857141 -0.072857143 -0.35857143 -0.35857143 -0.83428571 -0.67 -0.67 -0.3947586 -0.66348207 -0.69 -0.48571429 -0.76857169 -1.0242857 -1.3443764 -1.2942857 -1.77 -1.0414286 -1.0414321 -1.3128571 -1.6614286 -1.6614285 -0.61980666 -0.62142855 0.30285714 -0.055390186 -0.09 -0.25142857 -0.26915246 -1.0928571 -1.0928571 -1.44 -1.44 0.082857143 0.082857143 0.082857148 -0.56958942 -0.5714286 -1.2242857 -1.2242857 -1.2242857 -2.2756743 -2.2757143 -2.2757143 -1.3214286 -1.3214286 -1.3214286
-0.89133999 -0.89285713 -0.92142857 -0.43428571 -0.23571429 -0.51142857 -0.22 0.62857143 0.42714286 0.46815393 -0.058571429 -0.3 -0.3 -0.72857143 -0.72856835 -0.98346552 -0.98428571 -0.98428571 -0.52889287 -1.6271429 -1.8842857 -1.8842857 -1.4771429 -1.6545898 -1.2855043 -1.3128571 -1.5042857 -1.6614286 -0.89590304 -0.89142857 -0.045714286 0.81857143 0.36743951 -0.94428571 -0.87285714 -0.97285714 -0.89428571 -0.63428571 -0.82990963 0.08400497 0.34 -0.36571428 -0.57140601 -0.57142857 -0.5751032 -1.2242857 -1.5857143 -2.2757143 -2.2757143 -2.2757143 -2.2757143 -1.3217843 -1.2585714
-0.88285714 -0.88285714 -0.75285714 -0.50857143 -0.12571429 -0.084285714 -0.09 0.071428571 0.74428571 0.47854885 0.08 -0.12428571 -0.72857143 -0.72857143 -0.40142857 -0.40942272 -0.98428571 -0.98427092 -0.95 -1.6271429 -1.6271429 -1.6602715 -1.4771429 -1.6471396 -1.6471429 -1.6471429 -1.5042857 -0.58285714 -0.58285714 -0.89142857 -0.89142857 0.8168726 -0.077142857 -0.94428571 -0.66 -0.97285714 -0.89428571 -1.4842857 -0.83 0.6091486 -0.36571425 -0.3903785 -0.43285714 -0.57142857 -0.57142857 -1.5857143 -1.5857143 -1.5857143 -2.2757143 -2.2757143 -1.3242857 -1.3242857 -1.3242857
-0.88285714 -0.88285714 -1.3714286 -1.1828571 -0.66571429 -0.38142857 -0.6142857 0.044220428 -0.29 -0.26714286 -0.24142857 -0.45142857 -0.12472213 -0.40142857 -0.40142857 -0.40145642 -0.64285714 -0.65897744 -0.95 -0.23142857 -0.23142857 -0.69428571 -0.69428571 -1.6471429 -1.6471429 -1.6471429 -0.58285714 -0.58285714 -0.58285714 -1.1971429 -1.1971429 -1.197141 -0.62857143 -0.62857143 -0.75714286 -1.2085714 -0.63428571 -0.92000051 -1.4185714 0.63285714 0.63285714 -0.2028579 -0.43285714 -0.57142857 -0.91285723 -1.1157143 -0.75359923 -0.75 -1.0485714 -1.0485714 -1.3242857 -1.3242857 -1.3242857
-0.88285714 -1.093789 -1.2909584 -1.2585613 -1.0957143 -1.1085714 -0.61428571 0.044285714 -0.28999721 -0.26739609 -0.45142833 -0.45142857 -0.25571429 -0.40142857 -0.40142857 -0.64285713 -0.64285714 -0.64287462 -0.95 -0.23142857 -0.3223243 -0.69428571 -0.69428571 -1.6471041 -1.6471429 -1.4672863 -1.1 -1.1 -1.0999999 -1.1971429 -1.1971429 -1.2271429 -1.2271429 -0.62857178 -0.75714286 -0.4385716 -0.68972219 -0.92 -0.92 0.63285712 -0.20285714 -0.20285714 -0.20286231 -0.91285714 -0.91285714 -1.1157143 -0.75 -0.75 -1.0485714 -1.0485714 -1.3242857 -1.3242857 -1.3242857
-0.064285714 0.041836635 0.15994973 0.14972228 -1.0957142 -1.1085711 -0.61428573 0.036179073 -0.2669643 -0.28940314 -0.25571429 -0.25571429 -0.25571429 -0.25571429 -0.40140793 -0.64285714 -0.64285714 -0.64682285 -0.95 -0.23146082 -0.32714286 -0.32714286 -0.32714286 -0.32714286 -1.6243549 -1.1 -1.1 -1.1 -1.1 -1.1000092 -1.2271429 -1.2271429 -1.2271429 -1.2271429 -0.43857143 -0.43857143 -0.43857143 -0.89685706 -0.91405594 -0.12857143 -0.12857143 -0.20285315 -0.57144026 -0.91282426 -0.91285714 -1.1157143 -0.75 -0.75 -1.0485714 -1.0485714 -1.3232855 -1.3242857 -1.2947402
-0.064285714 0.16 0.16 0.16 0.16 0.15999947 -0.61555094 -0.30271761 -0.20550719 -0.25575061 -0.25571429 -0.25571429 -0.25571429 -0.25571429 -0.25571426 -0.64285714 -0.64285719 -0.66392505 -0.9499937 -0.32714286 -0.32714286 -0.32714286 -0.32714286 -0.32714286 -0.34033211 -0.98380954 -0.92857146 -0.92857143 -0.92857143 -0.92857143 -1.2271429 -1.2271429 -1.2271426 -0.97428571 -0.97428571 -0.43857143 -0.20107888 -0.19428571 -0.12857147 -0.12857143 -0.12857143 -0.12857143 -0.57142857 -0.57142857 -0.57142857 -0.5752163 -0.80258919 -0.80285714 -0.80285714 -0.80285714 -0.80285715 0.26142824 0.26142857
0.35571429 0.16 0.16 0.16 0.16 0.16 0.15999995 -0.37174292 -0.21970978 -0.22 -0.22 -0.22 -0.22 -0.22 -0.22 -0.3194245 -0.63778354 -0.68491517 -0.32722107 -0.32714286 -0.32714286 -0.32714286 -0.32714286 -0.3271432 -0.93714286 -0.93714286 -0.93714285 -0.92857143 -0.92857143 -0.92901769 -1.1514286 -1.1514286 -0.97428571 -0.97428571 -0.97428571 -0.3192332 -0.19428571 -0.19428571 -0.19428571 -0.12857143 -0.12857143 -0.12857143 -0.57142857 -0.57142857 -0.57142857 -0.57142857 -0.80285714 -0.80285714 -0.80285714 -0.80285714 -0.80285714 0.26142857 0.26142857
0.35571429 0.28285208 0.16 0.16 0.16 0.16 -0.15136745 -0.15142857 -0.15142857 -0.22 -0.22 -0.22 -0.22 -0.22 -0.24237585 -0.32142857 -0.32142857 -0.32142857 -0.61768359 -0.61857113 -0.61857143 -0.61857143 -0.61857143 -0.61857143 -0.93714286 -0.93714286 -0.93714286 -0.93714286 -0.92857143 -1.1514286 -1.1514286 -1.1514286 -0.97428573 -0.97428571 -0.97428571 -0.13571429 -0.19420816 -0.19428571 -0.19428571 -0.12864613 -0.27772939 -0.62565274 -0.57142857 -0.57142857 -0.39483239 -0.39428571 -0.39428571 -0.80130275 0.1395523 0.14285706 0.14285696 0.47853848 0.26142901
0.35571429 0.15691544 0.15566246 0.16 0.16 -0.15124456 -0.15142857 -0.15142857 -0.15142857 -0.15192272 -0.22 -0.22 -0.22 -0.22000001 -0.32142857 -0.32142857 -0.32142857 -0.32142857 -0.618306 -0.61857143 -0.61857143 -0.61857143 -0.61857143 -0.61857143 -0.93714285 -0.93714286 -0.93714286 -0.93714286 -0.93792228 -1.1514286 -1.1514286 -1.1514286 -0.56857144 -0.97419062 -0.13571429 -0.13571429 -0.13571429 -0.14077523 -0.59973952 -0.62714286 -0.62714286 -0.62714286 -0.48714286 -0.48714286 -0.39428571 -0.39428571 -0.39428571 0.14285714 0.14285714 0.14285714 0.14285714 0.47857143 0.47857143
0.15180358 0.15142857 0.15142857 0.15142857 -0.0014285715 -0.1514247 -0.15142857 -0.15142857 -0.15142857 -0.15142857 -0.19231241 -0.21999523 -0.21999999 -0.32142857 -0.32142857 -0.32142857 -0.32142857 -0.32142857 -0.38882271 -0.61857143 -0.61857143 -0.61857143 -0.61857143 -0.61857143 -0.63783834 -0.42571706 -0.42571429 -0.42571429 -0.42571429 -1.1514285 -0.56857144 -0.56857143 -0.56857143 -0.56857143 -0.13571429 -0.1357264 -0.59571429 -0.59571429 -0.62675042 -0.62714286 -0.62714286 -0.62714286 -0.48714286 -0.48714286 -0.4086632 -0.39428571 -0.39428571 0.14285714 0.14285714 0.14285714 0.14645687 0.47857143 0.47857143
0.15142857 0.15142857 0.15142857 0.079445863 -0.0014285714 -0.0014285714 -0.15142857 -0.15142857 -0.15142857 -0.15142857 0.14571429 0.14571429 0.14571429 -0.32142857 -0.32142857 -0.32142857 -0.32142857 -0.32144604 -1.02 -1.02 -0.61857159 -0.61857143 -0.61860621 -0.62 -0.61825093 -0.42571429 -0.42571429 -0.42571429 -0.42571429 -0.56855688 -0.56857143 -0.56857143 -0.56857143 -0.56857143 -0.59571267 -0.59571429 -0.59571429 -0.59571429 -0.59579903 -0.62714286 -0.62714286 -0.62714286 -0.48714286 -0.48714286 -0.48714286 -0.39428571 -0.39428571 0.14285714 0.14285714 0.14285714 0.47857143 0.47857143 0.47857143
0.15142857 0.15142857 0.15142857 -0.0014285714 -0.0014285714 -0.0014285714 -0.0014288006 -0.15142857 -0.15142857 0.14540755 0.14571429 0.14571429 0.14571429 0.14542323 -0.40699608 -0.42714286 -0.42714286 -0.42714286 -1.02 -1.02 -1.02 -0.62 -0.62 -0.62 -0.61992677 -0.39049622 -0.42571429 -0.42571429 -0.42571429 -0.26787505 -0.20289311 -0.20285714 -0.20285714 -0.20285714 -0.40893687 -0.14714388 -0.14714286 -0.14714286 -0.14714286 -0.070076233 -0.07 -0.07 -0.48714286 -0.48714286 0.40142486 0.40142851 0.21714286 0.21714286 0.38571429 0.38571429 0.38571429 0.47857143 0.72549331
0.15142951 0.15142857 0.15142857 -0.0014285714 -0.0014285714 -0.0014285714 -0.0014285727 -0.12142858 -0.15130862 0.14583476 0.14571429 0.14571429 0.14571429 0.14459018 -0.42714286 -0.42714286 -0.42714286 -0.42714303 -1.02 -1.02 -1.02 -0.62 -0.62 -0.62 -0.35857143 -0.35857143 -0.34714286 -0.34714286 -0.34714286 -0.34635573 -0.20285714 -0.20285714 -0.20285714 -0.20285714 -0.17501532 -0.14714286 -0.14714286 -0.14714286 -0.14714286 -0.07 -0.07 -0.07 -0.055167054 0.40142857 0.40142857 0.40142857 0.21714286 0.21714286 0.38571429 0.38571429 0.38571429 0.72571427 0.72571429
0.45285714 0.29300461 -0.42857143 -0.42844751 -0.0014285714 -0.12073426 -0.12142857 -0.12142857 -0.02773121 0.27857143 0.27857143 0.27857143 0.27857143 -0.5885432 -0.58857143 -0.42714298 -0.42714286 -0.44276377 -1.02 -1.02 -1.02 -0.96285714 -0.96285714 -0.96285714 -0.35857143 -0.35857143 -0.34714286 -0.34714286 -0.34714286 -0.34714266 -0.071429407 -0.071428941 -0.19955388 -0.20271624 -0.30844917 -0.30857143 -0.30857143 -0.30857143 -0.30857143 -0.07 -0.07 -0.07 0.37547001 0.40142857 0.40142857 0.4014285 0.21714286 0.21714286 0.21714893 0.38571429 0.38570943 0.27714286 0.72571429
0.042935003 0.042857061 -0.42857143 -0.42857143 -0.42857143 -0.12142857 -0.12142857 -0.12142857 0.13571429 0.13571429 0.27857143 0.27857143 0.27857143 -0.58857143 -0.58857143 -0.58857143 -0.58857143 -0.58861869 -1.02 -1.02 -1.02 -0.96285714 -0.96285714 -0.96285714 -0.35857143 -0.35857143 -0.34714286 -0.34714286 -0.34714286 -0.07453727 -0.071428571 -0.071428571 -0.071428571 -0.071428571 -0.30845441 -0.30857143 -0.30857143 -0.30857143 -0.30857143 -0.41857134 -0.41857143 -0.41857143 -0.41857143 0.40142534 -0.02 -0.02 -0.02 0.27571429 0.27571429 0.27571429 0.27714286 0.27714286 0.27714286
0.042857143 0.042857143 -0.42857143 -0.42857143 -0.42857143 -0.12304297 -0.12142857 0.13571429 0.13571429 0.13571429 0.27855384 0.27857143 -0.18835698 -0.58857136 -0.58857143 -0.58857143 -0.58857143 -0.74 -0.74 -0.74 -0.98571429 -0.98571427 -0.96285725 -0.96285714 -0.96259854 -0.81285714 -0.81285714 -0.81285603 -0.34721812 0.18280647 0.18285579 0.18281275 -0.070993971 -0.071209125 -0.26617063 -0.30857151 -0.30923689 -0.50714286 -0.50714286 -0.41857143 -0.41857143 -0.41857143 -0.41857143 -0.02 -0.02 -0.02 -0.02 0.27571429 0.27571429 0.27571429 0.27714286 0.27714286 0.27714286
0.042857143 0.042857143 -0.42857143 -0.42857143 -0.42857143 -0.42857143 -0.025187511 0.13571429 0.13571429 0.13571429 0.13547755 -0.29285714 -0.29285714 -0.29285714 -0.58682872 -0.58857143 -0.73899092 -0.74 -0.74 -0.74 -0.98571429 -0.98571429 -0.98571429 -0.98571429 -0.81285714 -0.81285714 -0.81285714 -0.81285714 -0.81285714 0.18285714 0.18285714 0.18285714 0.18285714 0.1828568 0.021428571 -0.50714286 -0.50714286 -0.50714286 -0.50714286 -0.5071439 -0.85 -0.85 -0.85 -0.66683668 -0.28714286 -0.28714286 -0.28714286 0.27571427 0.27571392 -0.10285714 -0.10285714 0.16431317 0.16428571
0.042857143 0.042857143 -0.25841882 -0.42857143 -0.42857143 -0.42857144 -0.83113839 0.13266188 0.13571429 0.13571428 -0.29285722 -0.29285714 -0.29285714 -0.29285714 -0.29285714 -0.31716241 -0.74 -0.74 -0.74 -0.74 -0.98571239 -0.98571429 -0.98571429 -0.98571429 -0.81285714 -0.81285714 -0.81285714 -0.81285714 -0.81285714 -0.3090767 0.18285714 0.18285714 0.18285714 0.021428571 0.021428571 0.021018123 -0.50714286 -0.50714286 -0.42835386 -0.36714287 -0.85 -0.85 -0.85 -0.66884663 -0.28714286 -0.28714286 -0.28714286 -0.078571429 -0.10255455 -0.10285714 -0.10285714 0.16428571 0.16428571
-0.78 -0.78 -0.78 -0.51668423 -0.42934149 -0.83285714 -0.83285714 -0.83285714 -0.83285714 -0.64571429 -0.64571429 -0.29285717 -0.29285714 -0.29285714 -0.29285714 -0.29288549 -0.74 -0.74 -0.74 -0.74 -0.87849254 -0.98571429 -0.98571429 -0.97404976 -0.55215003 -0.81285714 -0.81285714 -0.81285714 -0.48285714 -0.48285714 -0.48285714 -0.48285435 0.021428571 0.021428571 0.021428571 0.021428571 -0.36714286 -0.36714286 -0.36714286 -0.36714286 -0.78857143 -0.78857143 -0.78857143 -0.19572621 -0.19571429 -0.19571429 -0.19571431 -0.078571429 -0.078571429 -0.10282755 -0.10285714 0.16428512 0.16428571
