interpolatedSpi/02-07|22_2.tif
NCOLS 53
NROWS 52
XLLCORNER -116.03883
YLLCORNER 28.596182
DX 0.49850594
DY 0.49788537
NODATA_VALUE -9999
[rows 0 to 26 of 52, columns 0 to 52 of 53]
0.58571429 0.58571429 0.31508181 0.10428571 0.74714286 0.5 0.57571429 0.57428571 0.27685055 0.13857143 0.39 0.73 0.61431724 0.99714286 0.89142857 0.89142857 0.89142857 0.87 0.72714286 0.72714286 0.72714286 0.72713424 -0.16714285 0.39571429 0.39571429 0.39571429 0.35571244 0.35571429 0.35571429 0.17285714 0.17285714 0.17285714 0.17285714 0.19999999 0.2 0.2 0.2 0.2 0.2 0.2 0.23109476 0.23133971 -0.11857143 -0.11857143 -0.11857143 -0.11857143 -0.1190941 -0.43857143 -0.43857143 -0.43857143 0.82142595 0.82142857 0.82142857
0.58567633 -0.26857143 0.13428594 0.24151333 0.35161355 0.76857143 0.67428571 0.74541491 0.43571429 0.43857143 0.53571429 0.61428571 0.61428571 0.85333826 0.99714018 0.89142857 0.87 0.87 0.72732912 0.72714286 0.72714286 0.72714286 0.40233152 0.39571429 0.39571429 0.39571429 0.73142855 0.73142857 0.17285714 0.17285714 0.17285714 0.17285714 0.17285714 0.2 0.2 0.2 0.2 0.2 0.20000005 0.41646025 1.545617 0.083376 -0.11857143 -0.11857143 -0.11857143 -0.11857143 -0.11857143 -0.43857143 -0.43857143 -0.43857143 -0.33409102 0.82142857 0.82142857
0.48855926 0.48857143 0.33 0.78428571 0.21857143 0.0028571429 0.25428571 0.42142857 -0.0028571429 0.50857143 0.58714286 0.21571429 0.43428571 0.87142857 0.85285714 0.23 0.87 0.87 0.87 0.57004568 0.57 0.57 0.52142857 0.39571429 0.39571429 0.39571429 0.73142857 0.73142857 0.73142857 0.17285714 0.17285714 0.17285717 0.48920576 0.20193762 0.2065155 0.89358557 0.9 0.9 0.98121384 1.5457143 1.5457143 1.5435861 -0.11857143 -0.11857143 -0.11857143 -0.11857143 -0.11857143 -0.43857143 -0.43857143 -0.43857143 -0.43857143 0.82142857 0.82142857
-0.024285714 0.48857137 0.18141588 1.3228571 -0.10571429 0.32571429 0.37142857 -0.0014285714 0.47714286 0.61209748 0.51285714 0.17571429 0.25285714 0.87142857 -0.16142857 0.23 -0.43203858 -0.436227 -0.54571429 0.57 0.57 -0.23 0.52142857 0.52142857 0.39571429 0.39571596 0.73142857 0.73142857 0.73142857 0.16714286 0.53083781 0.83 0.83 0.83000005 0.9 0.9 0.9 0.9 1.5457143 1.5457143 1.5457143 1.5457142 -0.11857143 -0.11857143 -0.11857143 -0.11857143 -0.11857143 -0.43856739 -0.43857143 -0.43857143 -0.43857143 0.82141775 0.82142857
-0.024285714 0.63142775 0.18142857 0.069808218 -0.10571429 0.03 0.28000133 0.47571429 0.18428571 0.78571402 0.52962096 0.40852805 0.10571429 -0.16142857 -0.16142857 0.089993885 -0.43714286 -0.43714286 -0.54571429 -0.54571429 0.56999839 -0.23 0.12285714 0.43 0.47428571 0.47433923 0.73142857 0.73142857 0.16714286 0.16714286 0.83 0.83 0.83 0.78932216 0.9 0.9 0.9 1.5457143 1.5457143 1.5457143 1.5457143 1.5456918 -0.11857141 -0.11857143 -0.11857143 -0.11857143 -0.11857143 -0.12141983 -0.43857143 -0.43852979 0.49 0.49 0.49
-1.6071429 0.024285714 0.31142857 0.34 -0.47285714 0.11857143 0.26428571 0.29135463 0.29285714 -0.17285714 -0.47 0.045714286 0.045714325 0.041428571 0.041428571 -0.21281265 -0.21285714 -0.092857143 -0.092857144 -0.54571363 -0.32714286 -0.32714286 0.43 0.47428571 0.47428571 0.70285714 0.38714286 0.38714286 0.89421894 0.16714286 0.83 0.83 0.61428571 0.61433243 1.0613966 1.1914286 1.1914286 1.4361079 1.5457143 1.5457143 1.3131476 1.3128571 1.3128587 0.38102232 0.38994379 0.38999986 0.38999998 0.38999981 0.50942934 0.49 0.49 0.49 0.49
-0.83000581 -0.56285714 -0.45375814 -0.31714286 -0.13 -0.53285714 -0.16714285 -0.34142857 -0.27857143 -0.27857143 -0.47 0.01 -0.39428563 0.041428571 -0.028571219 -0.028571429 -0.21285714 0.12714286 0.19428571 0.19428571 -0.34599345 -0.36714286 -0.36714286 0.59571428 0.70285714 0.70285714 0.38714286 0.38714286 0.894253 0.89368335 1.1090278 0.61428571 0.61428571 1.0614286 1.0614286 1.2762368 1.1914286 1.1914286 1.6714119 1.3128576 1.3128571 1.3128571 1.3128653 0.39000429 0.39 0.39 0.39 0.39000009 0.54571429 0.49001104 0.49 0.49 0.49
-0.83 -0.17714286 -0.032857143 -1.0371429 -0.87286656 -0.60285714 -0.65571429 -0.51999999 -0.62714286 -0.45571429 -0.45571429 -0.074285714 -0.39428571 -0.39428571 -0.031080568 -0.43711098 -0.47714286 0.16285714 -0.42142794 0.19428571 0.31785124 0.42142857 -0.61857143 0.39 0.38999514 0.012857143 0.44428572 0.44428569 0.33482447 0.33285716 1.1114286 0.34195399 0.55857143 1.0614286 1.0677847 1.3471429 1.3471429 1.6714286 1.6714286 1.3128571 1.3128571 1.3128572 1.1611793 1.1585714 0.39 0.39 0.39 0.54570836 0.54571429 0.54571429 0.49 0.49 0.49
-0.28616131 -0.17714286 0.048571429 -0.42 -0.60285714 -0.90428571 -0.49 -0.40714286 -0.29428571 -0.085812739 -0.091428571 -0.11142857 -0.11142857 0.34285714 0.34285013 -0.61532808 -0.61571429 -0.61571429 0.073665032 -0.57285719 -0.79857143 -0.79857141 0.73428571 -0.085432667 0.050863185 0.012857143 0.69 0.44428571 1.2268545 1.2314286 0.28142857 1.5457143 1.1521423 0.88 1.2842857 1.1657143 1.5728571 0.65 1.6980872 1.3157969 1.9714286 1.5571429 1.1586021 1.1585714 1.1542455 0.39 0.50571428 0.54571429 0.54571429 0.54571429 0.54571429 0.55438813 0.45857143
-0.89571429 -0.89571429 0.19571429 -0.36714286 -0.74571429 -0.98142857 -0.74142857 -0.96 -0.45857143 -0.032961941 -0.052857143 0.84428571 0.34285714 0.34285714 -0.40285714 -0.40577657 -0.61571429 -0.6156857 -0.50142857 -0.57285714 -0.57285714 -0.60193672 0.73428571 0.79857021 0.79857143 0.79857143 0.69 0.78 0.78 1.2314286 1.2314286 1.5442322 0.76428571 0.88 1.0214286 1.1657143 1.5728571 1.2771429 1.6985714 1.1139173 1.5571429 1.4800016 1.3471429 1.1585714 1.1585714 0.50571429 0.50571429 0.50571429 0.54571429 0.54571429 1.0071429 1.0071429 1.0071427
-0.89571429 -0.89571429 -0.38428571 -0.72428571 -0.92285714 -0.52142857 -1.0071429 -0.047687403 -0.24285714 -0.38285714 -0.42571429 -0.58857143 0.84237742 -0.40285714 -0.40285714 -0.40285549 -0.38857143 -0.3944947 -0.50142857 -0.33714286 -0.33714286 -0.59714286 -0.59714286 0.79857143 0.79857143 0.79857143 0.78 0.78 0.78 0.34714286 0.34714286 0.34714354 0.86571429 0.86571429 0.58428571 0.39714286 1.4485714 0.99571463 1.3271429 1.1042857 1.1042857 0.81857317 1.3471429 1.1585714 0.9885713 0.77857143 1.15007 1.1528571 1.3757143 1.3757143 1.0071429 1.0071429 1.0071429
-0.89571429 -0.67495802 -0.52937584 -0.75999118 -0.13142857 -0.97142857 -1.0071429 -0.047142857 -0.24285551 -0.38130611 -0.58857116 -0.58857143 -0.42571429 -0.40285714 -0.40285714 -0.38857143 -0.38857143 -0.38857785 -0.50142857 -0.33714286 -0.38820157 -0.59714286 -0.59714286 0.7985155 0.79857143 0.61120128 0.22857143 0.22857143 0.2285715 0.34714286 0.34714286 0.17571429 0.17571429 0.86571351 0.58428571 0.96857142 1.3823678 0.99571429 0.99571429 1.1042857 0.81857143 0.81857143 0.81857274 0.98857143 0.98857143 0.77857143 1.1528571 1.1528571 1.3757143 1.3757143 1.0071429 1.0071429 1.0071429
0.33 0.15250298 0.20282299 0.19588799 -0.13143298 -0.97140874 -1.0071429 -0.058959906 -0.22937043 -0.24651292 -0.42571429 -0.42571429 -0.42571429 -0.42571429 -0.40286038 -0.38857143 -0.38857143 -0.39002859 -0.50142857 -0.3371406 -0.32571429 -0.32571429 -0.32571429 -0.32571429 0.7790742 0.22857143 0.22857143 0.22857143 0.22857143 0.22862834 0.17571429 0.17571429 0.17571429 0.17571429 0.96857143 0.96857143 0.96857143 0.99445221 0.99380446 0.74142857 0.74142857 0.81856728 0.85286179 0.98855836 0.98857143 0.77857143 1.1528571 1.1528571 1.3757143 1.3757143 1.00848 1.0071429 1.3477245
0.33 0.20285714 0.20285714 0.20285714 0.20285714 0.20285665 -1.0070513 -0.55293196 -0.19338916 -0.42552082 -0.42571429 -0.42571429 -0.42571429 -0.42571429 -0.4257142 -0.38857143 -0.38857145 -0.39631266 -0.50142643 -0.32571429 -0.32571429 -0.32571429 -0.32571429 -0.32571429 -0.31654042 0.19016198 0.18428572 0.18428571 0.18428571 0.18428571 0.17571428 0.17571429 0.17571451 0.35857143 0.35857143 0.96857143 0.77691077 0.77142857 0.74142859 0.74142857 0.74142857 0.74142857 0.85285714 0.85285714 0.85285714 0.85234018 1.1598758 1.16 1.16 1.16 1.16 1.0971428 1.0971429
0.49714286 0.20285714 0.20285714 0.20285714 0.20285714 0.20285714 0.20285707 -0.60744698 -0.31347754 -0.31428571 -0.31428571 -0.31428571 -0.31428571 -0.31428571 -0.31428572 0.0804002 -0.38100944 -0.40402524 -0.32573634 -0.32571429 -0.32571429 -0.32571429 -0.32571429 -0.32571381 0.098571429 0.098571429 0.098571549 0.18428571 0.18428571 0.18399679 0.04 0.04 0.35857143 0.35857143 0.35857143 0.70529331 0.77142857 0.77142857 0.77142857 0.74142857 0.74142857 0.74142857 0.85285714 0.85285714 0.85285714 0.85285714 1.16 1.16 1.16 1.16 1.16 1.0971429 1.0971429
0.49714286 0.38758363 0.20285714 0.20285714 0.20285714 0.20285714 -0.1727834 -0.17285714 -0.17285715 -0.31428571 -0.31428571 -0.31428571 -0.31428571 -0.31428571 -0.22541261 0.088571429 0.088571429 0.088571429 0.078764665 0.079999586 0.08 0.08 0.08 0.08 0.098571429 0.098571429 0.098571429 0.098571429 0.18428571 0.04 0.04 0.04 0.3585714 0.35857143 0.35857143 0.68857143 0.77131887 0.77142857 0.77142857 0.74135049 0.58543242 0.22155844 0.85285714 0.85285714 0.22195303 0.22 0.22 1.157866 -0.13260993 -0.13714274 -0.13714261 0.21441926 1.0971411
0.49714286 0.020303049 0.1038167 0.20285714 0.20285714 -0.17263515 -0.17285714 -0.17285714 -0.17285714 -0.17387632 -0.31428571 -0.31428571 -0.31428571 -0.31428567 0.088571429 0.088571429 0.088571429 0.088571429 0.080007657 0.08 0.08 0.08 0.08 0.08 0.098571428 0.098571429 0.098571429 0.098571429 0.098358381 0.04 0.04 0.04 -0.097142854 0.35859399 0.68857143 0.68857143 0.68857143 0.68405494 0.25491041 0.22 0.22 0.22 0.081428571 0.081428571 0.22 0.22 0.22 -0.13714285 -0.13714286 -0.13714286 -0.13714286 0.21428571 0.21428571
0.0075584074 0.0071428571 0.0071428571 0.0071428537 -0.33571429 -0.17286134 -0.17285714 -0.17285714 -0.17285714 -0.17285714 -0.27037491 -0.31427816 -0.3142857 0.088571429 0.088571429 0.088571429 0.088571429 0.088571429 0.067427819 0.08 0.08 0.08 0.08 0.08 -0.14361176 -0.51856808 -0.51857143 -0.51857143 -0.51857143 0.039999993 -0.097142855 -0.097142857 -0.097142857 -0.097142857 0.68857143 0.68856059 0.27714286 0.27714286 0.22071351 0.22 0.22 0.22 0.081428571 0.081428571 0.19854437 0.22 0.22 -0.13714286 -0.13714286 -0.13714286 -0.13337463 0.21428571 0.21428571
0.0071428571 0.0071428571 0.0071428571 -0.15431369 -0.33571429 -0.33571429 -0.17285714 -0.17285714 -0.17285714 -0.17285714 0.26571429 0.26571429 0.26571429 0.088571429 0.088571429 0.088571429 0.088571429 0.088544043 -0.23571429 -0.23571429 0.079999872 0.08 0.070922498 -0.29285714 -0.29488915 -0.51857143 -0.51857143 -0.51857143 -0.51857143 -0.097185769 -0.097142857 -0.097142857 -0.097142857 -0.097142857 0.2771443 0.27714286 0.27714286 0.27714286 0.27691297 0.22 0.22 0.22 0.081428571 0.081428571 0.081428571 0.22 0.22 -0.13714285 -0.13714286 -0.13714286 0.21428571 0.21428571 0.21428571
0.0071428571 0.0071428571 0.0071428571 -0.33571429 -0.33571429 -0.33571429 -0.33571404 -0.17285714 -0.17285714 0.26526155 0.26571429 0.26571429 0.26571429 0.26560392 -0.045561428 -0.077142857 -0.077142857 -0.077142858 -0.23571429 -0.23571429 -0.23571429 -0.29285714 -0.29285714 -0.29285714 -0.29289316 -0.46761764 -0.51857143 -0.51857143 -0.51857143 -0.51346211 -0.59709368 -0.59714286 -0.59714286 -0.59714286 0.067190341 -0.22571314 -0.22571429 -0.22571429 -0.22571429 -0.27136133 -0.27142857 -0.27142857 0.081428571 0.081428571 -0.13857051 -0.13857138 -0.0085714286 -0.0085714286 -0.074285714 -0.074285714 -0.074285714 0.21428571 -0.052618285
0.0071419039 0.0071428571 0.0071428448 -0.33571429 -0.33571429 -0.33571429 -0.33571429 -1.075714 -0.17646712 0.26500959 0.26571429 0.26571429 0.26571429 0.2650415 -0.077142857 -0.077142857 -0.077142857 -0.077142903 -0.23571429 -0.23571429 -0.23571429 -0.29285714 -0.29285714 -0.29285714 -0.42142857 -0.42142857 -0.52285714 -0.52285714 -0.52285714 -0.52326239 -0.59714286 -0.59714286 -0.59714286 -0.59714286 -0.41153064 -0.22571429 -0.22571429 -0.22571429 -0.22571429 -0.27142857 -0.27142857 -0.27142857 -0.26724838 -0.13857143 -0.13857143 -0.13857143 -0.0085714286 -0.0085714286 -0.074285714 -0.074285714 -0.074285714 -0.052857144 -0.052857143
-0.3 -0.17138566 -0.63 -0.62991462 -0.33571429 -1.0714327 -1.0757143 -1.0757143 -0.9434969 -0.51142858 -0.51142857 -0.51142857 -0.51142857 -0.10287044 -0.10285714 -0.077142877 -0.077142857 -0.081320981 -0.23571429 -0.23571429 -0.23571429 -0.52142857 -0.52142857 -0.52142857 -0.42142857 -0.42142857 -0.52285714 -0.52285714 -0.52285714 -0.52285739 -0.85999833 -0.85999926 -0.60374938 -0.59742466 -0.78264229 -0.78285714 -0.78285714 -0.78285714 -0.78285714 -0.27142857 -0.27142857 -0.27142857 -0.14588719 -0.13857143 -0.13857143 -0.13857146 -0.0085714286 -0.0085714286 -0.0085737941 -0.074285714 -0.074291591 -0.20571429 -0.052857143
-0.50853182 -0.50857145 -0.63 -0.63 -0.63 -1.0757143 -1.0757143 -1.0757143 -0.71285714 -0.71285714 -0.51142857 -0.51142857 -0.51142857 -0.10285714 -0.10285714 -0.10285714 -0.10285714 -0.10287179 -0.23571429 -0.23571429 -0.2357143 -0.52142857 -0.52142857 -0.52142857 -0.42142857 -0.42142857 -0.52285714 -0.52285714 -0.52285714 -0.85619869 -0.86 -0.86 -0.86 -0.86 -0.78289521 -0.78285714 -0.78285714 -0.78285714 -0.78285714 -0.62428562 -0.62428571 -0.62428571 -0.62428571 -0.1385729 -0.33 -0.33 -0.33 -0.10714286 -0.10714286 -0.10714286 -0.20571429 -0.20571429 -0.20571429
-0.50857143 -0.50857143 -0.63 -0.63 -0.63 -1.0733715 -1.0757143 -0.71285714 -0.71285714 -0.71285714 -0.51145337 -0.51142857 -0.51959982 -0.10285724 -0.10285714 -0.10285714 -0.10285714 -0.38285714 -0.38285714 -0.38285714 -0.43714286 -0.43714292 -0.52142816 -0.52142857 -0.52148942 -0.67142857 -0.67142857 -0.67142822 -0.52288115 -0.93998406 -0.93999957 -0.93998603 -0.86013673 -0.86006904 -0.79664921 -0.78285731 -0.78431253 -1.2171429 -1.2171429 -0.62428571 -0.62428571 -0.62428571 -0.62428571 -0.33 -0.33 -0.33 -0.33 -0.10714286 -0.10714286 -0.10714286 -0.20571429 -0.20571429 -0.20571429
-0.50857143 -0.50857143 -0.63 -0.63 -0.63 -0.63 -0.93990746 -0.71285714 -0.71285714 -0.71285714 -0.7127514 -0.52142857 -0.52142857 -0.52142857 -0.10532388 -0.10285714 -0.38099129 -0.38285714 -0.38285714 -0.38285714 -0.43714286 -0.43714286 -0.43714286 -0.43714286 -0.67142857 -0.67142857 -0.67142857 -0.67142857 -0.67142857 -0.94 -0.94 -0.94 -0.94 -0.94000025 -1.0585714 -1.2171429 -1.2171429 -1.2171429 -1.2171429 -1.2171406 -0.60428571 -0.60428571 -0.60428571 -0.47505062 -0.20714286 -0.20714286 -0.20714286 -0.10714286 -0.1071431 -0.36142857 -0.36142857 -0.13573132 -0.13571429
-0.50857143 -0.50857143 -0.58617281 -0.63 -0.63 -0.63000001 -1.0365674 -0.71387911 -0.71285714 -0.71285714 -0.52142859 -0.52142857 -0.52142857 -0.52142857 -0.52142857 -0.48709901 -0.38285714 -0.38285714 -0.38285714 -0.38285714 -0.43714244 -0.43714286 -0.43714286 -0.43714286 -0.67142857 -0.67142857 -0.67142857 -0.67142857 -0.67142857 -0.96111304 -0.94 -0.94 -0.94 -1.0585714 -1.0585714 -1.0586946 -1.2171429 -1.2171429 -0.9751481 -0.78714289 -0.60428571 -0.60428571 -0.60428571 -0.47732591 -0.20714286 -0.20714286 -0.20714286 -0.55571429 -0.36384935 -0.36142857 -0.36142857 -0.13571429 -0.13571429
-1.0814286 -1.0814286 -1.0814286 -0.74318555 -0.63042479 -1.0371429 -1.0371429 -1.0371429 -1.0371429 -0.60857143 -0.60857143 -0.52142858 -0.52142857 -0.52142857 -0.52142857 -0.52141979 -0.38285714 -0.38285714 -0.38285714 -0.38285714 -0.41345433 -0.43714286 -0.43714286 -0.42831969 -0.12544507 -0.67142857 -0.67142857 -0.67142857 -0.96857143 -0.96857143 -0.96857143 -0.96857131 -1.0585714 -1.0585714 -1.0585714 -1.0585714 -0.78714286 -0.78714286 -0.78714286 -0.78714286 -0.44 -0.44 -0.44 -0.38571538 -0.38571429 -0.38571429 -0.38571423 -0.55571429 -0.55571429 -0.3616653 -0.36142857 -0.13571391 -0.13571429
