interpolatedSpi/02-09|19_2.tif
NCOLS 53
NROWS 52
XLLCORNER -116.03883
YLLCORNER 28.596182
DX 0.49850594
DY 0.49788537
NODATA_VALUE -9999
[rows 0 to 35 of 52, columns 0 to 52 of 53]
0.19625 0.19625 -0.028592952 -0.25 -0.14875 -0.22 -0.18875 -0.33125 -0.71925531 -0.745 -0.595 -0.23625 -0.45749475 -0.39375 -0.32125 -0.32125 -0.32125 -5.2440803e-14 0.00625 0.00625 0.00625 0.0062447866 -0.535 -0.045 -0.045 -0.045 -0.62124573 -0.62125 -0.62125 -0.7575 -0.7575 -0.7575 -0.7575 -1.0974999 -1.0975 -1.0975 -1.0975 -1.0975 -1.0975 -1.0975 -0.0055114256 0.0060996978 -0.58375 -0.58375 -0.58375 -0.58375 -0.58466671 -1.145 -1.145 -1.145 -0.15000207 -0.15 -0.15
0.19624139 0.0025 0.083750425 0.071320303 -0.11759643 0.1 0.43 -0.22249522 -0.73875 -0.585 -0.13125 -0.4575 -0.4575 0.0024245484 -0.39374456 -0.32125 -6.938894e-18 -6.9388939e-18 0.0062418508 0.00625 0.00625 0.00625 -0.071515935 -0.045 -0.045 -0.045 -0.1175 -0.1175 -0.7575 -0.7575 -0.7575 -0.7575 -0.7575 -1.0975 -1.0975 -1.0975 -1.0975 -1.0975 -1.0974999 -0.87779082 0.21493816 -0.48682816 -0.58375 -0.58375 -0.58375 -0.58375 -0.58375 -1.145 -1.145 -1.145 -1.0624936 -0.15 -0.15
-0.0049928268 -0.005 0.4525 0.425 -0.16375 -0.24125 -0.00625 0.1525 -0.4925 -0.44625 -0.18625 -0.48375 -0.06 -0.19 0.00375 -0.66 -6.9388939e-18 -6.9388939e-18 4.4921867e-16 -0.16245094 -0.1625 -0.1625 -0.54875 -0.045 -0.045 -0.045 -0.1175 -0.1175 -0.1175 -0.7575 -0.7575 -0.7575 -0.80202951 -1.094859 -1.0862026 0.10512784 0.11625 0.11625 0.12867015 0.215 0.215 0.2139786 -0.58375 -0.58375 -0.58375 -0.58375 -0.58375 -1.145 -1.145 -1.145 -1.145 -0.15 -0.15
0.28375 -0.0050001309 -0.65378983 0.2125 -0.4225 -0.07125 -0.0825 -0.41 -0.3875 -0.0018639972 -0.4825 -0.6775 -0.34125 -0.19 -0.2125 -0.66 -0.44664495 -0.44468821 -0.66875 -0.1625 -0.1625 -0.3125 -0.54875 -0.54875 -0.045 -0.045000362 -0.1175 -0.1175 -0.1175 -0.9475 -0.89400392 -0.85 -0.85 -0.84999924 0.11625 0.11625 0.11625 0.11625 0.215 0.215 0.215 0.21499997 -0.58375 -0.58375 -0.58375 -0.58375 -0.58375 -1.1449929 -1.145 -1.145 -1.145 -0.15000972 -0.15
0.28375 0.014998773 -0.65375 -0.7721085 -0.4225 -0.39125 -0.48873417 -0.49375 -0.41875 -0.62000011 -0.59926447 -0.58749803 -0.57375 -0.2125 -0.2125 -0.50854351 -0.445 -0.445 -0.66875 -0.66875 -0.16250033 -0.3125 -0.47625 -0.47125 -0.215 -0.21496256 -0.1175 -0.1175 -0.9475 -0.9475 -0.85 -0.85 -0.85 -0.83467848 0.11625 0.11625 0.11625 0.215 0.215 0.215 0.215 0.21496947 -0.58374999 -0.58375 -0.58375 -0.58375 -0.58375 -0.58874582 -1.145 -1.1449687 -0.4475 -0.4475 -0.4475
-1.36375 0.00875 0.10750003 -0.5225 -0.04875 -0.0075 -0.61875 -0.60274642 -0.81125 -0.7 -0.81375 -0.79 -0.78999986 -1.155 -1.155 -0.38492817 -0.385 -0.39125 -0.39125 -0.6687496 -0.615 -0.615 -0.47125 -0.215 -0.215 -0.055 -0.88 -0.88 -0.5925322 -0.9475 -0.85 -0.85 -0.76875 -0.76877625 -1.019982 -0.87375 -0.87375 -0.12182967 0.215 0.215 -0.10085557 -0.10125 -0.10124887 0.14932664 0.16241752 0.1624998 0.16249997 0.16249972 0.053098312 -0.4475 -0.4475 -0.4475 -0.4475
-0.28875734 0.075 0.15736614 0.08 0.405 -0.60625 -0.52 -0.6325 -0.83875 -0.83875 -0.81375 -0.6275 -0.63499992 -1.155 -0.087503198 -0.0875 -0.385 -0.18125 -0.22 -0.22 -0.56610627 -0.51125 -0.51125 -0.017500003 -0.055 -0.055 -0.88 -0.88 -0.5924984 -0.59247049 -0.33197174 -0.76875 -0.76875 -1.02 -1.02 -0.71444279 -0.87375 -0.87375 -0.64125806 -0.10125075 -0.10125 -0.10125 -0.10124286 0.16250163 0.1625 0.1625 0.1625 0.16250001 0.18 -0.44737565 -0.4475 -0.4475 -0.4475
-0.28875 -0.5775 0.36875 -0.6725 -0.21127644 -0.84125 -0.9375 -0.6525 -0.7325 -0.42625 -0.42625 -0.31125 -0.635 -0.635 -0.091256358 -0.081807769 -0.08125 -0.105 -0.48749973 -0.22 0.047041499 0.06625 -0.18125 -0.4025 -0.40249855 -0.29 0.073749999 0.073749663 -0.56509636 -0.565 -0.33125 -0.37688105 -0.78625 -1.02 -0.9974326 -0.58125 -0.58125 -0.64125 -0.64125 -0.10125 -0.10125 -0.10124999 0.45381532 0.45499999 0.1625 0.1625 0.1625 0.17999933 0.18 0.18 -0.4475 -0.4475 -0.4475
-0.53369214 -0.57749999 0.175 0.31 -0.09375 -0.61125 -0.44875 -0.2525 -0.7225 -0.36365307 -0.44375 -0.31 -0.31 -0.055 -0.054997743 -0.49509336 -0.49625 -0.49625 -0.16338921 0.23999992 -0.16 -0.16 0.08875 -0.074847441 -0.30133703 -0.29 -0.1325 0.07375 -0.15118526 -0.1525 -0.2625 0.01875 -0.022804441 -0.23875 -0.22875 -0.34 -0.31375 -0.60125 -0.057751082 -0.099191084 0.36 0.34 0.45495401 0.455 0.45335365 0.1625 0.1525 0.18 0.18 0.18 0.18 -0.3612786 0.27
-0.28875 -0.28875 -0.115 0.07875 -0.2475 -0.82875 -0.50625 -0.45125 -0.12125 -0.27250772 -0.26875 -0.4225 -0.055 -0.055 0.185 0.17565635 -0.49625 -0.49612916 -0.00625 0.24 0.24 0.1884666 0.08875 -0.25624347 -0.25625 -0.25625 -0.1325 0.29375 0.29375 -0.1525 -0.1525 0.018593529 -0.06375 -0.23875 -0.085 -0.34 -0.31375 -0.6175 -0.0575 0.69510168 0.34 0.27847065 0.1725 0.455 0.455 0.1525 0.1525 0.1525 0.18 0.18 0.245 0.245 0.24500001
-0.28875 -0.28875 -0.38625 -0.9075 -0.56375 -0.2925 -0.61 -0.49390969 -0.645 -0.6125 -0.10625 -0.59875 -0.4227341 0.185 0.185 0.18502509 0.4025 0.38104688 -0.00625 0.4275 0.4275 0.8325 0.8325 -0.25625 -0.25625 -0.25625 0.29375 0.29375 0.29375 -0.18875 -0.18875 -0.18874979 -0.00375 -0.00375 -0.64625 -0.22375 0.12125 -0.44249986 0.1 0.7075 0.7075 0.17000001 0.1725 0.455 0.3837499 0.22625 0.3404371 0.34125 0.88375 0.88375 0.245 0.245 0.245
-0.28875 -0.33101632 -0.60868597 -0.86998795 -0.17875 -0.23125 -0.61 -0.49375 -0.64499874 -0.61286006 -0.59875002 -0.59875 0.34125 0.185 0.185 0.40249999 0.4025 0.40247674 -0.00625 0.4275 0.50703376 0.8325 0.8325 -0.25620611 -0.25625 -0.059840062 0.34125 0.34125 0.34124999 -0.18875 -0.18875 0.0975 0.0975 -0.0037517616 -0.64625 0.29624974 0.033456395 -0.4425 -0.4425 0.70749998 0.17 0.17 0.17000155 0.38375 0.38375 0.22625 0.34125 0.34125 0.88375 0.88375 0.245 0.245 0.245
-0.46625 -0.12925296 -0.10002946 -0.10556952 -0.17875043 -0.23124876 -0.60999999 -0.49518097 -0.63457733 -0.64415134 0.34125 0.34125 0.34125 0.34125 0.18502213 0.4025 0.4025 0.39722239 -0.00625 0.42763288 0.89625 0.89625 0.89625 0.89625 -0.23625231 0.34125 0.34125 0.34125 0.34125 0.34095571 0.0975 0.0975 0.0975 0.0975 0.29625 0.29625 0.29625 -0.40686089 -0.43375961 0.72125 0.72125 0.17002965 0.34500133 0.38374627 0.38375 0.22625 0.34125 0.34125 0.88375 0.88375 0.24731732 0.245 -0.075865674
-0.46625 -0.1 -0.1 -0.1 -0.1 -0.10000005 -0.60903045 -0.55501444 -0.60677061 0.34018874 0.34125 0.34125 0.34125 0.34125 0.34125027 0.4025 0.40249994 0.37446254 -0.0062413825 0.89625 0.89625 0.89625 0.89625 0.89625 0.89287018 0.41087046 0.39499999 0.395 0.395 0.395 0.097500009 0.0975 0.097500617 0.61 0.61 0.29625 0.90994603 0.9275 0.72125012 0.72125 0.72125 0.72125 0.345 0.345 0.345 0.34417361 0.09036897 0.08875 0.08875 0.08875 0.088750014 0.77749989 0.7775
0.42875 -0.1 -0.1 -0.1 -0.1 -0.1 -0.10000003 -0.30900844 0.71164478 0.71875 0.71875 0.71875 0.71875 0.71875 0.71875 0.94895046 0.41121172 0.34652863 0.89613666 0.89625 0.89625 0.89625 0.89625 0.89625035 0.74 0.74 0.73999951 0.395 0.395 0.39566581 0.7275 0.7275 0.61 0.61 0.61 0.87663999 0.9275 0.9275 0.9275 0.72125 0.72125 0.72125 0.345 0.345 0.345 0.345 0.088750009 0.08875 0.08875 0.08875 0.08875 0.7775 0.7775
0.42875 0.23190238 -0.1 -0.1 -0.1 -0.1 0.37490677 0.375 0.37500001 0.71875 0.71875 0.71875 0.71875 0.71875 0.77059264 0.95375 0.95375 0.95375 1.1928438 1.1937497 1.19375 1.19375 1.19375 1.19375 0.74 0.74 0.74 0.74 0.395 0.7275 0.7275 0.7275 0.61000001 0.61 0.61 0.99875 0.92759434 0.9275 0.9275 0.72126693 0.7549067 0.83341376 0.345 0.345 0.61042834 0.61125 0.61125 0.08968213 0.65302121 0.65499995 0.65499989 1.0137142 0.77750048
0.42875 0.19762877 0.047385908 -0.1 -0.1 0.37471935 0.375 0.375 0.375 0.37747716 0.71875 0.71875 0.71875 0.71875003 0.95375 0.95375 0.95375 0.95375 1.1935356 1.19375 1.19375 1.19375 1.19375 1.19375 0.74000001 0.74 0.74 0.74 0.73995454 0.7275 0.7275 0.7275 1.32375 0.61005677 0.99875 0.99875 0.99875 1.000902 0.8396964 0.83375 0.83375 0.83375 0.835 0.835 0.61125 0.61125 0.61125 0.655 0.655 0.655 0.655 1.01375 1.01375
0.19153556 0.19125 0.19125 0.19125 0.20625 0.37499565 0.375 0.375 0.375 0.375 0.71032733 0.71874855 0.71875 0.95375 0.95375 0.95375 0.95375 0.95375 0.94494602 1.19375 1.19375 1.19375 1.19375 1.19375 1.1487285 1.4224963 1.4225 1.4225 1.4225 0.72750003 1.32375 1.32375 1.32375 1.32375 0.99875 0.99875517 1.195 1.195 0.83826074 0.83375 0.83375 0.83375 0.835 0.835 0.6458942 0.61125 0.61125 0.655 0.655 0.655 0.65884673 1.01375 1.01375
0.19125 0.19125 0.19125 0.19831372 0.20625 0.20625 0.375 0.375 0.375 0.375 0.6075 0.6075 0.6075 0.95375 0.95375 0.95375 0.95375 0.95369319 0.51625 0.51625 1.1937497 1.19375 1.1907068 1.06875 1.0719347 1.4225 1.4225 1.4225 1.4225 1.3237601 1.32375 1.32375 1.32375 1.32375 1.1949993 1.195 1.195 1.195 1.1937554 0.83375 0.83375 0.83375 0.835 0.835 0.835 0.61125 0.61125 0.65500001 0.655 0.655 1.01375 1.01375 1.01375
0.19125 0.19125 0.19125 0.20625 0.20625 0.20625 0.20625026 0.375 0.375 0.60725999 0.6075 0.6075 0.6075 0.60771572 0.67551105 0.61 0.61 0.61 0.51625 0.51625 0.51625 1.06875 1.06875 1.06875 1.0687644 1.2638314 1.4225 1.4225 1.4225 1.4917021 1.52748 1.5275 1.5275 1.5275 1.3828101 1.646249 1.64625 1.64625 1.64625 1.3186836 1.31875 1.31875 0.835 0.835 1.1587486 1.15875 1.08125 1.08125 1.085 1.085 1.085 1.01375 1.0649542
0.19125171 0.19125 0.19125 0.20625 0.20625 0.20625 0.20625 0.49499997 0.37547981 0.60740819 0.6075 0.6075 0.6075 0.60750491 0.61 0.61 0.61 0.60999997 0.51625 0.51625 0.51625 1.06875 1.06875 1.06875 1.12 1.12 1.30625 1.30625 1.30625 1.307457 1.5275 1.5275 1.5275 1.5275 1.5868424 1.64625 1.64625 1.64625 1.64625 1.31875 1.31875 1.31875 1.3137158 1.15875 1.15875 1.15875 1.08125 1.08125 1.085 1.085 1.085 1.065 1.065
0.7425 0.49238233 0.615 0.61488141 0.20625 0.4933293 0.495 0.495 0.56878667 0.50625 0.50625 0.50625 0.50625 0.41750289 0.4175 0.60999985 0.61 0.60752983 0.51625 0.51625 0.51625 0.77875 0.77875 0.77875 1.12 1.12 1.30625 1.30625 1.30625 1.3062501 1.4100007 1.4100003 1.5245468 1.527374 1.4038925 1.40375 1.40375 1.40375 1.40375 1.31875 1.31875 1.31875 1.1675598 1.15875 1.15875 1.1587499 1.08125 1.08125 1.0812501 1.085 1.0849918 0.90125 1.065
0.80373837 0.80374997 0.615 0.615 0.615 0.495 0.495 0.495 0.6975 0.6975 0.50625 0.50625 0.50625 0.4175 0.4175 0.4175 0.4175 0.41751169 0.51625 0.51625 0.51625001 0.77875 0.77875 0.77875 1.12 1.12 1.30625 1.30625 1.30625 1.4088302 1.41 1.41 1.41 1.41 1.4037531 1.40375 1.40375 1.40375 1.40375 0.80875013 0.80875 0.80875 0.80875 1.1587449 0.4875 0.4875 0.4875 0.73 0.73 0.73 0.90125 0.90125 0.90125
0.80375 0.80375 0.615 0.615 0.615 0.49563074 0.495 0.6975 0.6975 0.6975 0.50627354 0.50625 0.32443975 0.41749997 0.4175 0.4175 0.4175 0.2475 0.2475 0.2475 0.35125001 0.35125032 0.77874792 0.77875 0.77896809 0.985 0.985 0.98500077 1.3061981 1.3612597 1.3612503 1.3612585 1.4099167 1.4099579 1.4048306 1.4037496 1.4004784 0.4275 0.4275 0.80875 0.80875 0.80875 0.80875 0.4875 0.4875 0.4875 0.4875 0.73 0.73 0.73 0.90125 0.90125 0.90125
0.80375 0.80375 0.615 0.615 0.615 0.615 0.57078983 0.6975 0.6975 0.6975 0.69727145 0.28375 0.28375 0.28375 0.41671178 0.4175 0.24863284 0.2475 0.2475 0.2475 0.35125 0.35125 0.35125 0.35125 0.985 0.985 0.985 0.985 0.985 1.36125 1.36125 1.36125 1.36125 1.3612499 1.29125 0.4275 0.4275 0.4275 0.4275 0.42749969 0.26875 0.26875 0.26875 0.32325718 0.43625 0.43625 0.43625 0.72999999 0.73000002 0.74625 0.74625 1.0549626 1.055
0.80375 0.80375 0.6831255 0.615 0.615 0.615 0.68626996 0.69746455 0.6975 0.6975 0.28375008 0.28375 0.28375 0.28375 0.28375 0.29470766 0.2475 0.2475 0.2475 0.2475 0.3512492 0.35125 0.35125 0.35125 0.985 0.985 0.985 0.985 0.985 0.87723355 1.36125 1.36125 1.36125 1.29125 1.29125 1.2905793 0.4275 0.4275 0.57171199 0.68374998 0.26875 0.26875 0.26875 0.32399189 0.43625 0.43625 0.43625 0.83875 0.74740254 0.74625 0.74625 1.055 1.055
0.9875 0.9875 0.9875 0.70839599 0.61538519 0.68625 0.68625 0.68625 0.68625 0.66625 0.66625 0.28375003 0.28375 0.28375 0.28375 0.28374771 0.2475 0.2475 0.2475 0.2475 0.30597687 0.35125 0.35125 0.35177341 0.39857959 0.985 0.985 0.985 0.70625 0.70625 0.70625 0.70625275 1.29125 1.29125 1.29125 1.29125 0.68375 0.68375 0.68375 0.68375 0.48375 0.48375 0.48375 0.83999284 0.84 0.84 0.83999987 0.83875 0.83875 0.74636271 0.74625 1.0549986 1.055
0.9875 0.9875 0.9875 0.98749421 0.88 0.85182557 0.68625 0.68625 0.68625 0.66625 0.66625 0.66625 0.45124999 0.45125 0.45125 0.45125 0.2479923 0.2475 0.2475 0.2475 0.24907431 0.37124995 0.37125 0.37125 0.37125 0.37125 0.24375001 0.24375 0.70625 0.70625 0.70625 0.70625 1.2912497 1.29125 1.29125 1.2912187 0.68375001 0.68375 0.68375 0.68500025 0.48375 0.48375 0.48375 0.83998348 0.84 0.84 0.84 0.83875 0.83875 0.83874999 0.78125 0.78125 0.7875
0.9875 0.9875 0.9875 0.88000025 0.88 0.88 0.68625007 0.68625 0.68625 0.66625 0.66625 0.66625 0.45125 0.45125 0.45125 0.45620037 0.51625 0.51625 0.51624931 0.24901797 0.37125 0.37125 0.37125 0.37125 0.37125 0.37115405 0.24375 0.24375 0.24375 0.70625 0.70625 0.70621621 0.9075 0.9075 0.9075 0.8475 0.8475 0.96875 0.96875 0.96875 1.13625 0.48395467 0.48375475 1.12 1.12 1.1093883 0.84000074 0.83875 0.83875 0.78125 0.78125 0.78125 0.7875
0.9875 0.9875 0.9875 0.88 0.88 0.88 0.88 0.68625 0.68625 0.66625 0.66625 0.4598469 0.45125 0.45125 0.45125 0.51625 0.51625 0.51625 0.51625 0.51625 0.37125 0.37125 0.37125 0.37125 0.37125 0.24375043 0.24375 0.24375 0.24375 0.65375 0.65375 0.65375 0.9075 0.9075 0.9075 0.8475 0.8475 0.96875 0.96875 1.13625 1.13625 1.13625 1.12 1.12 1.12 1.12 1.1107584 1.0075 1.0075 1.0075 0.78125 0.93375 0.93375
0.9875 0.9875 0.9873503 0.88 0.88 0.88 0.88 0.68007753 0.67 0.66999356 0.66624999 0.45124969 0.45125 0.45125 0.45125022 0.51625 0.51625 0.51625 0.51625 0.51625 0.58463424 0.37125 0.37125 0.37125 0.37120932 0.24374606 0.24375 0.24375 0.24375 0.65375 0.65375 0.65375 0.65378572 0.9075 0.8475 0.8475 0.8475 0.84750496 0.96876142 1.13625 1.13625 1.13625 1.120001 1.12 1.12 1.12 1.0074997 1.0075 1.0075 1.0075 0.93375 0.93375 0.93375
0.46125 0.46125092 0.88004175 0.88 0.88 0.88 0.67004469 0.67 0.67 0.67 0.44750001 0.4475 0.4475 0.4475 0.51593269 0.51625 0.51625 0.51625 0.51625 0.59374995 0.59375 0.59375 0.17375003 0.17375 0.17375 0.17375 0.1797919 0.24375 0.54248776 0.5425 0.5425 0.5425 0.5425 0.8025 0.8025 0.8025 0.8025 0.8025 1.17125 1.17125 1.17125 1.17125 1.17125 0.97896292 0.97875 0.97875 0.97875 1.0075 1.0075 1.0075 0.93376162 0.93375 0.93375
0.46125 0.46125 0.45906281 0.20000137 0.20000015 0.20045865 0.67 0.67 0.67 0.67 0.4475 0.4475 0.4475 0.4475 0.4475 0.51625 0.51625 0.51625 0.59374998 0.59375 0.59375 0.59375 0.17375 0.17375 0.17375 0.17375 0.17375 0.17376518 0.54242277 0.5425 0.5425 0.5425 0.54246897 0.73518043 0.80243029 0.8025 0.8025 0.8025 1.17125 1.17125 1.17125 1.17125 1.17125 0.97875 0.97875 0.97875 0.97875 0.99219406 1.0075 1.1063843 1.1075 0.79125 0.79125
0.46125 0.46125 0.20003309 0.2 0.2 0.2 0.31937802 0.67 0.67 0.67 0.4475 0.4475 0.4475 0.4475 0.4475 0.51619439 0.51625 0.59372728 0.59375 0.59375 0.59375 0.59375 0.32934172 0.17375 0.17375 0.17375 0.17375 0.17386954 0.3425 0.3425 0.3425 0.3425 0.3425 0.68375 0.68375 0.68375 0.68375 0.68375 1.25375 1.25375 1.25375 1.25375 1.25375 0.97888124 0.97875003 0.97875 0.97875911 0.97986484 1.1075 1.1075 1.1075 0.79125177 0.79125
0.46124975 0.32888196 0.20000002 0.2 0.2 0.2 0.2 0.66979988 0.67 0.67 0.4475 0.4475 0.4475 0.4475 0.15538564 0.14875 0.14875 0.59373855 0.59375 0.59375 0.59375 0.59375 0.59374988 0.17375 0.17375 0.17375 0.17375 0.40624993 0.40624997 0.39268245 0.3425 0.3425 0.3425 0.68375 0.68375 0.68375 0.68375 0.68377878 1.25375 1.25375 1.25375 1.25375 1.2537557 1.0325 1.0325 1.0325 1.0325 1.032506 1.1075 1.1075 1.1075 1.1075 1.1508745
0.32625 0.32625 0.27569565 0.2 0.2 0.2 0.2 0.2 0.66979809 0.04750001 0.0475 0.0475 0.048449282 0.14875043 0.14875 0.14875 0.14875 0.14875 0.5937457 0.55695212 0.235 0.235 0.235 0.21855811 0.15784277 0.072726201 0.0011509296 0.40625 0.40625 0.40625 0.40625 0.40625 0.40592016 0.72455245 0.72625 0.72625 0.72625 0.72625 1.2678388 1.3287499 1.32875 1.32875 1.32875 1.03125 1.0325 1.0325 1.0325 1.2425 1.1075022 1.1075 1.1075 1.15625 1.15625
