interpolatedSpi/02-03|19_2.tif
NCOLS 53
NROWS 52
XLLCORNER -116.03883
YLLCORNER 28.596182
DX 0.49850594
DY 0.49788537
NODATA_VALUE -9999
0.01 0.01 -0.4388077 0.165 -0.26 -0.4 -0.33 -0.38 -0.60901123 -0.61 -0.345 -0.665 -0.78993865 -0.045 -0.425 -0.425 -0.425 0.135 -0.21 -0.21 -0.21 -0.21001387 -1.65 -0.485 -0.485 -0.485 -1.2000035 -1.2 -1.2 -1.395 -1.395 -1.395 -1.395 -2.1299999 -2.13 -2.13 -2.13 -2.13 -2.13 -2.1299999 -0.18593876 -0.16516317 -0.805 -0.805 -0.805 -0.805 -0.80625767 -1.575 -1.575 -1.575 -1.9249993 -1.925 -1.925 
0.0099497928 -1.12 -0.37999987 -0.40405748 -0.37537744 -0.1 -0.015 -0.35999522 -0.43 -0.68 -0.485 -0.79 -0.79 0.16429976 -0.04500082 -0.425 0.135 0.135 -0.20955017 -0.21 -0.21 -0.21 -0.49052689 -0.485 -0.485 -0.485 -0.18000002 -0.18 -1.395 -1.395 -1.395 -1.395 -1.395 -2.1299999 -2.13 -2.13 -2.13 -2.13 -2.1299998 -1.7300215 0.20992153 -0.68183773 -0.805 -0.805 -0.805 -0.805 -0.805 -1.575 -1.575 -1.575 -1.6040223 -1.925 -1.925 
-0.29999325 -0.3 -0.27 0.24 -0.57 -0.79 -0.315 -0.65 -1.15 -0.7 -0.265 -1.11 -0.48 0.495 0.165 -0.72 0.135 0.135 0.135 0.014934592 0.015 0.015 -0.59 -0.485 -0.485 -0.485 -0.18 -0.18 -0.18 -1.395 -1.395 -1.395 -1.325197 -2.1238948 -2.1051015 0.52048772 0.545 0.545 0.50286583 0.21 0.21 0.20870207 -0.805 -0.805 -0.805 -0.805 -0.805 -1.575 -1.575 -1.575 -1.575 -1.925 -1.925 
0.485 -0.30000011 -0.82514476 0.125 -0.87 -0.75 -0.705 -0.915 -0.97 0.072818694 -0.815 -0.845 -0.745 0.495 0.035 -0.72 -0.55130066 -0.54952005 -0.665 0.015 0.015 -0.88 -0.59 -0.59 -0.485 -0.48499848 -0.18 -0.18 -0.18 -0.74 -1.0198256 -1.25 -1.25 -1.2499986 0.545 0.545 0.545 0.545 0.21 0.21 0.21 0.20999996 -0.805 -0.805 -0.805 -0.805 -0.805 -1.5749903 -1.575 -1.575 -1.575 -1.9249223 -1.925 
0.485 -0.25000105 -0.825 -1.3323956 -0.87 -1.39 -1.3999599 -1.185 -0.75 -1.0049998 -0.87773026 -0.81489687 -0.095 0.035 0.035 -0.46749822 -0.55 -0.55 -0.665 -0.665 0.014998206 -0.88 -1.215 -0.88 -0.45 -0.45013908 -0.18 -0.18 -0.74 -0.74 -1.25 -1.25 -1.25 -1.1877707 0.545 0.545 0.545 0.21 0.21 0.21 0.21 0.21004296 -0.80499998 -0.805 -0.805 -0.805 -0.805 -0.81185395 -1.575 -1.574909 0.455 0.455 0.455 
-1.535 -0.42 0.335 -0.89 -0.78 -0.8 -1.085 -1.0978029 -0.955 -0.74 -0.795 -0.375 -0.37499982 -1.1 -1.1 -0.64492878 -0.645 -0.695 -0.695 -0.66499981 -0.95 -0.95 -0.88 -0.45 -0.45 -1.045 -1.13 -1.13 -0.54001812 -0.74 -1.25 -1.25 -0.92 -0.91994671 -0.4100365 -0.22 -0.22 0.076969684 0.21 0.21 0.65444499 0.655 0.65500238 0.83551993 0.86481543 0.86499955 0.86499994 0.86499936 -0.53153511 0.455 0.455 0.455 0.455 
-1.1100032 -0.535 -0.30923786 -0.02 0.665 -0.82 -0.645 -0.945 -0.625 -0.625 -0.795 -0.815 -1.1749998 -1.1 -0.35000225 -0.35 -0.645 -0.305 -0.455 -0.455 -1.0018391 -1.06 -1.06 -0.83999999 -1.045 -1.045 -1.13 -1.13 -0.53999825 -0.53996781 -0.28071018 -0.92 -0.92 -0.41 -0.41 -0.70745284 -0.22 -0.22 -0.52998925 0.65499835 0.655 0.655 0.65501303 0.86499986 0.865 0.865 0.865 0.86499909 -0.665 0.45477805 0.455 0.455 0.455 
-1.11 -1.68 -0.365 -0.58 -0.59499914 -0.705 -0.42 -0.59499998 -0.165 0.11 0.11 -0.515 -1.175 -1.175 -0.35566026 -0.25437052 -0.245 0.215 -0.89999954 -0.455 0.21783547 0.29 -0.875 -0.765 -0.76500252 -0.96 -0.055000001 -0.05500038 -0.51010512 -0.51 -0.28 -0.1060989 -0.11 -0.41 -0.41327994 -1.115 -1.115 -0.53 -0.53 0.655 0.655 0.65500002 0.83997037 0.84 0.865 0.865 0.865 -0.66494176 -0.665 -0.665 0.455 0.455 0.455 
-1.4971828 -1.68 -1.25 0.115 -0.615 -0.995 -0.5 0.145 -0.12 0.57775791 0.385 -0.41999999 -0.42 -0.285 -0.28499506 -1.0776728 -1.08 -1.08 0.044793528 0.089999864 -0.56 -0.55999999 -0.545 -0.74495243 -0.94034915 -0.96 -0.425 -0.055 -0.39302426 -0.395 -0.105 -0.075 -0.10521926 -1.09 -0.525 -0.715 -0.285 -0.04 0.069949206 0.65941914 1.645 0.86 0.83992919 0.84 0.84014071 0.865 0.065000042 -0.66499999 -0.665 -0.665 -0.665 0.49670999 0.395 
-0.475 -0.475 -1.19 -0.73 -0.16 -0.635 0.005 -0.12 1.015 0.75503458 0.765 0.025 -0.285 -0.285 0.24 0.2218956 -1.08 -1.0796789 0.315 0.09 0.09 0.0062582107 -0.545 -0.81499489 -0.815 -0.815 -0.425 0.395 0.395 -0.395 -0.395 -0.075113797 -0.135 -1.09 -0.19 -0.715 -0.285 -1.085 0.07 1.7227723 0.86000003 0.69286058 0.405 0.84 0.84 0.065 0.065 0.065 -0.665 -0.665 0.79 0.79 0.78999985 
-0.475 -0.475 -1.62 -1.765 -1.055 -0.055 -0.24499999 0.28973515 0.075 0.225 0.585 0.21 0.02524583 0.24 0.24 0.24002653 0.47 0.46186487 0.315 0.685 0.685 0.835 0.835 -0.815 -0.815 -0.815 0.395 0.395 0.395 -1.175 -1.175 -1.1749983 -0.505 -0.505 -1.345 -0.6 0.64 0.075000638 -0.2 1.75 1.75 0.56999946 0.405 0.84 0.9899994 0.225 0.65743747 0.66 0.945 0.945 0.79 0.79 0.79 
-0.475 -0.96951506 -1.6818767 -1.6099948 -0.075 -0.835 -0.245 0.29 0.075001796 0.22333818 0.21000002 0.21 0.795 0.24 0.24 0.46999999 0.47 0.46999118 0.315 0.685 0.71445695 0.835 0.835 -0.81493317 -0.815 -0.37451579 0.525 0.525 0.52499998 -1.175 -1.175 0.235 0.235 -0.5050023 -1.345 1.1399995 0.56142699 0.075 0.075 1.75 0.57 0.57 0.57000301 0.99 0.99 0.225 0.66 0.66 0.945 0.945 0.79 0.79 0.79 
-0.425 -0.36405844 -0.25505603 -0.26479908 -0.075004113 -0.83498206 -0.24500002 0.28341445 0.089815699 0.0789169 0.795 0.795 0.795 0.795 0.24007862 0.47 0.47 0.4679987 0.315 0.68516257 1.255 1.255 1.255 1.255 -0.7788565 0.525 0.525 0.525 0.525 0.52400559 0.235 0.235 0.235 0.235 1.14 1.14 1.14 0.12643837 0.087767918 1.775 1.775 0.57006481 1.2199921 0.99002215 0.99 0.225 0.66 0.66 0.945 0.945 0.79056232 0.79 0.67752642 
-0.425 -0.255 -0.255 -0.255 -0.255 -0.25500024 -0.24651017 0.0081141814 0.12934262 0.79422845 0.795 0.795 0.795 0.795 0.79500043 0.47 0.46999998 0.45936806 0.3150052 1.255 1.255 1.255 1.255 1.255 1.2390007 0.51817449 0.515 0.515 0.515 0.515 0.23500001 0.235 0.2350007 0.815 0.815 1.14 1.4365185 1.445 1.7749998 1.775 1.775 1.775 1.22 1.22 1.22 1.2130757 0.96292522 0.965 0.965 0.965 0.965 1.4249999 1.425 
0.58 -0.255 -0.255 -0.255 -0.255 -0.255 -0.255 0.34181153 1.3983714 1.405 1.405 1.405 1.405 1.405 1.405 1.1746484 0.48109487 0.44877553 1.2548819 1.255 1.255 1.255 1.255 1.2549996 0.515 0.515 0.515 0.515 0.515 0.51584103 0.935 0.935 0.815 0.815 0.815 1.344081 1.445 1.445 1.445 1.775 1.775 1.775 1.22 1.22 1.22 1.22 0.965 0.965 0.965 0.965 0.965 1.425 1.425 
0.58 0.26913899 -0.255 -0.255 -0.255 -0.255 1.4946565 1.495 1.495 1.405 1.405 1.405 1.405 1.405 1.3531574 1.17 1.17 1.17 0.9260052 0.92500034 0.925 0.925 0.925 0.925 0.515 0.515 0.515 0.515 0.515 0.935 0.935 0.935 0.81500001 0.815 0.815 1.765 1.4454237 1.445 1.445 1.774901 1.5775473 1.1169726 1.22 1.22 0.91095668 0.91 0.91 0.96558241 1.3187594 1.32 1.3199999 2.0749014 1.4250013 
0.58 0.76489779 0.26369719 -0.255 -0.255 1.493966 1.495 1.495 1.495 1.4943514 1.405 1.405 1.405 1.405 1.17 1.17 1.17 1.17 0.92521885 0.925 0.925 0.925 0.925 0.925 0.51500001 0.515 0.515 0.515 0.51652769 0.935 0.935 0.935 1.485 0.81511281 1.765 1.765 1.765 1.760854 1.1358996 1.115 1.115 1.115 1.07 1.07 0.91 0.91 0.91 1.32 1.32 1.32 1.32 2.075 2.075 
0.7704115 0.77 0.77 0.77 1.22 1.4949929 1.495 1.495 1.495 1.495 1.4155992 1.4050018 1.405 1.17 1.17 1.17 1.17 1.17 1.02138 0.925 0.925 0.925 0.925 0.925 0.90471631 1.1849964 1.185 1.185 1.185 0.93500003 1.485 1.485 1.485 1.485 1.765 1.7649901 1.39 1.39 1.1184338 1.115 1.115 1.115 1.07 1.07 0.93477351 0.91 0.91 1.32 1.32 1.32 1.3280956 2.075 2.075 
0.77 0.77 0.77 0.98191171 1.22 1.22 1.495 1.495 1.495 1.495 1.545 1.545 1.545 1.17 1.17 1.17 1.17 1.1698067 -0.88 -0.88 0.92499927 0.925 0.9073493 0.2 0.20886752 1.185 1.185 1.185 1.185 1.4849695 1.485 1.485 1.485 1.485 1.3900013 1.39 1.39 1.39 1.3890394 1.115 1.115 1.115 1.07 1.07 1.07 0.91 0.91 1.32 1.32 1.32 2.075 2.075 2.075 
0.77 0.77 0.77 1.22 1.22 1.22 1.2200004 1.495 1.495 1.5449484 1.545 1.545 1.545 1.5447663 0.22297578 9.9525762e-19 1.8221519e-21 -4.2139091e-09 -0.88 -0.88 -0.88 0.2 0.2 0.2 0.20011485 0.88339852 1.185 1.185 1.185 1.0104406 0.91005655 0.91 0.91 0.91 1.4371192 1.5049997 1.505 1.505 1.505 1.7999063 1.8 1.8 1.07 1.07 1.7399972 1.74 1.75 1.75 2.02 2.02 2.02 2.075 1.7253129 
0.77000372 0.77 0.77000002 1.22 1.22 1.22 1.22 1.7949999 1.4961995 1.5449093 1.545 1.545 1.545 1.5419683 2.6866896e-27 1.8188615e-98 1.6628865e-52 -2.5292125e-07 -0.88 -0.88 -0.88 0.2 0.2 0.2 0.61 0.61 0.65 0.65 0.65 0.65141838 0.91 0.91 0.91 0.91 1.2073366 1.505 1.505 1.505 1.505 1.8 1.8 1.8 1.7981122 1.74 1.74 1.74 1.75 1.75 2.02 2.02 2.02 1.725 1.725 
1.97 1.4055957 1.33 1.3299681 1.22 1.7916731 1.795 1.795 1.7512746 1.445 1.445 1.445 1.445 0.42003337 0.42 3.2239455e-07 2.5863631e-15 -0.023186706 -0.88 -0.88 -0.88 0.15 0.15 0.15 0.61 0.61 0.65 0.65 0.65 0.65000007 0.74500105 0.74500046 0.90585297 0.90982311 1.2296364 1.23 1.23 1.23 1.23 1.8 1.8 1.8 1.7433033 1.74 1.74 1.7399999 1.75 1.75 1.7500097 2.02 2.0199729 1.415 1.725 
1.2551358 1.255 1.33 1.33 1.33 1.795 1.795 1.795 1.675 1.675 1.445 1.445 1.445 0.42 0.42 0.42 0.42 0.41985414 -0.88 -0.88 -0.87999996 0.15 0.15 0.15 0.61 0.61 0.65 0.65 0.65 0.74392887 0.745 0.745 0.745 0.745 1.2297607 1.23 1.23 1.23 1.23 1.1450002 1.145 1.145 1.145 1.7399972 1.38 1.38 1.38 1.585 1.585 1.585 1.415 1.415 1.415 
1.255 1.255 1.33 1.33 1.33 1.7925559 1.795 1.675 1.675 1.675 1.4450283 1.445 1.0895507 0.42000013 0.42 0.42 0.42 0.68 0.68 0.68 0.155 0.155 0.15000002 0.15 0.15014694 0.18 0.18 0.18000112 0.64992404 0.63502192 0.63500059 0.6350192 0.744812 0.74490507 1.1435474 1.2299997 1.2275704 0.505 0.505 1.145 1.145 1.145 1.145 1.38 1.38 1.38 1.38 1.585 1.585 1.585 1.415 1.415 1.415 
1.255 1.255 1.33 1.33 1.33 1.33 1.7500875 1.675 1.675 1.675 1.6746327 1.01 1.01 1.01 0.42347701 0.42 0.67826742 0.68 0.68 0.68 0.155 0.155 0.155 0.155 0.18 0.18 0.18 0.18 0.18 0.635 0.635 0.635 0.635 0.63499999 0.63 0.505 0.505 0.505 0.505 0.50500106 0.74 0.74 0.74 0.86528603 1.125 1.125 1.125 1.585 1.585 1.57 1.57 1.6649392 1.665 
1.255 1.255 1.3029303 1.33 1.33 1.33 1.3954969 1.6741176 1.675 1.675 1.0100001 1.01 1.01 1.01 1.01 0.96159051 0.68 0.68 0.68 0.68 0.15500406 0.155 0.155 0.155 0.18 0.18 0.18 0.18 0.18 0.23965832 0.635 0.635 0.635 0.63 0.63 0.62990293 0.505 0.505 0.67101966 0.79999997 0.74 0.74 0.74 0.86544247 1.125 1.125 1.125 1.675 1.5713083 1.57 1.57 1.665 1.665 
1.92 1.92 1.92 1.4779292 1.3301173 1.395 1.395 1.395 1.395 1.52 1.52 1.01 1.01 1.01 1.01 1.0099791 0.68 0.68 0.68 0.68 0.38409297 0.155 0.155 0.18130127 1.1163617 0.18 0.18 0.18 0.1 0.1 0.1 0.10000225 0.63 0.63 0.63 0.63 0.8 0.8 0.8 0.8 1.235 1.235 1.235 1.6199923 1.62 1.62 1.6199998 1.675 1.675 1.5701279 1.57 1.6649969 1.665 
1.92 1.92 1.92 1.9199725 1.41 1.4078188 1.395 1.395 1.395 1.52 1.52 1.52 1.95 1.95 1.95 1.95 0.68199669 0.68 0.68 0.68 0.672094 1.1599972 1.16 1.16 1.16 1.16 0.4 0.4 0.1 0.1 0.1 0.1 0.63 0.63 0.63 0.63 0.8 0.8 0.8 0.80061416 1.235 1.235 1.235 1.6199821 1.62 1.62 1.62 1.675 1.675 1.6749999 1.06 1.06 1.195 
1.92 1.92 1.92 1.4100012 1.41 1.41 1.395 1.395 1.395 1.52 1.52 1.52 1.95 1.95 1.95 1.9362913 1.77 1.77 1.7699972 0.68615661 1.16 1.16 1.16 1.16 1.16 1.1594281 0.4 0.4 0.4 0.1 0.1 0.10015126 0.63 0.63 0.63 0.56 0.56 0.94 0.94 0.94 0.87 1.2348855 1.2350004 1.285 1.285 1.2976961 1.6199992 1.675 1.675 1.06 1.06 1.06 1.195 
1.92 1.92 1.92 1.41 1.41 1.41 1.41 1.395 1.395 1.52 1.52 1.9328062 1.95 1.95 1.95 1.77 1.77 1.77 1.77 1.77 1.16 1.16 1.16 1.16 1.16 0.40000259 0.4 0.4 0.4 0.335 0.335 0.335 0.63 0.63 0.63 0.56 0.56 0.94 0.94 0.87 0.87 0.87 1.285 1.285 1.285 1.285 1.2722672 1.13 1.13 1.13 1.06 1.12 1.12 
1.92 1.92 1.9192898 1.41 1.41 1.41 1.41 1.6908435 1.705 1.7046824 1.52 1.9500029 1.95 1.95 1.9499994 1.77 1.77 1.77 1.77 1.77 2.013539 1.16 1.16 1.16 1.1600062 0.40004445 0.4 0.4 0.4 0.335 0.335 0.335 0.33504659 0.63 0.56 0.56 0.56 0.56001548 0.93999523 0.87 0.87 0.87 1.2849748 1.285 1.285 1.285 1.1299963 1.13 1.13 1.13 1.12 1.12 1.12 
1.34 1.340001 1.4102658 1.41 1.41 1.41 1.7049372 1.705 1.705 1.705 1.985 1.985 1.985 1.985 1.7709923 1.77 1.77 1.77 1.77 2.0499998 2.05 2.05 1.19 1.19 1.19 1.19 1.1218128 0.4 0.82498259 0.825 0.825 0.825 0.825 0.34 0.34 0.34 0.34 0.34 0.59 0.59 0.59 0.59 0.59 0.75579894 0.755 0.755 0.755 1.13 1.13 1.13 1.1200016 1.12 1.12 
1.34 1.34 1.3436421 1.7749993 1.7749999 1.7749315 1.705 1.705 1.705 1.705 1.985 1.985 1.985 1.985 1.985 1.77 1.77 1.77 2.0499999 2.05 2.05 2.05 1.19 1.19 1.19 1.19 1.19 1.1898325 0.82503475 0.825 0.825 0.825 0.82501396 0.29464787 0.33995304 0.34 0.34 0.34 0.59 0.59 0.59 0.59 0.59 0.755 0.755 0.755 0.755 0.93035733 1.13 1.4217087 1.425 1.465 1.465 
1.34 1.34 1.7749449 1.775 1.775 1.775 1.7572203 1.705 1.705 1.705 1.985 1.985 1.985 1.985 1.985 1.7701603 1.77 2.0499179 2.05 2.05 2.05 2.05 1.5085926 1.19 1.19 1.19 1.19 1.189805 0.915 0.915 0.915 0.915 0.915 0.26 0.26 0.26 0.26 0.26 0.31 0.31 0.31 0.31 0.31 0.75542729 0.75500009 0.755 0.75502966 0.75866584 1.425 1.425 1.425 1.4649998 1.465 
1.3400004 1.5606134 1.775 1.775 1.775 1.775 1.775 1.7050298 1.705 1.705 1.985 1.985 1.985 1.985 1.4276605 1.415 1.415 2.0499837 2.05 2.05 2.05 2.05 2.0499998 1.19 1.19 1.19 1.19 0.40000051 0.40000024 0.50960451 0.915 0.915 0.915 0.26 0.26 0.26 0.26 0.25989163 0.31 0.31 0.31 0.31 0.31001839 0.93 0.93 0.93 0.93 0.93003992 1.425 1.425 1.425 1.4250001 1.6522018 
1.565 1.565 1.598623 1.775 1.775 1.775 1.775 1.775 1.7050291 1.415 1.415 1.415 1.4163527 1.4150008 1.415 1.415 1.415 1.415 2.0499914 1.9761478 1.33 1.33 1.33 1.2894544 1.0987585 0.61054274 0.19878447 0.4 0.4 0.4 0.4 0.4 0.41331825 0.098316499 0.1 0.1 0.1 0.1 0.35508469 0.54999957 0.55 0.55 0.55 0.92000003 0.93 0.93 0.93 1.39 1.4249994 1.425 1.425 1.655 1.655 
1.565 1.565 1.53 1.53 1.53 1.7749184 1.775 1.775 1.415 1.415 1.415 1.415 1.415 1.415 1.415 1.415 1.415 1.415 1.33 1.33 1.33 1.33 1.33 0.050000066 0.05 0.05 0.05 0.4 0.4 0.4 0.4 0.4 -0.05 -0.05 0.099999999 0.1 0.1 0.15998978 0.16 0.55 0.55 0.55 0.54999998 0.92 0.92 0.92 1.39 1.39 1.39 1.825 1.825 1.655 1.655 
1.565 1.565 1.53 1.53 1.53 1.53 1.529998 1.17 1.4147693 1.415 1.415 1.415 1.415 1.415 1.415 1.415 1.415 1.415 1.33 1.33 1.33 1.33 1.33 0.05 0.05 0.05 0.05 0.050001384 0.4 0.4 0.4 -0.049976407 -0.05 -0.05 -0.05 0.1 0.16 0.16 0.16 0.17026163 0.43197881 0.41 0.41 0.92 0.92 0.92 1.39 1.39 1.39 1.825 1.825 1.825 1.7727431 
1.24 1.2400026 1.53 1.53 1.53 1.53 1.17 1.17 1.17 1.415 1.415 1.415 1.415 1.415 1.415 1.415 1.415 1.415 1.3300009 1.33 1.33 1.33 0.27546006 0.05 0.05 0.05 0.05 -0.3199997 -0.32 -0.31999999 0.39225565 -0.05 -0.05 -0.05 -0.050000286 -0.35 0.16 0.16 0.16 0.16 0.41 0.41 0.41 0.94 0.94 0.94 1.2200166 1.39 1.39 1.825 1.825 1.825 1.7849997 
1.24 1.24 1.53 1.53 1.53 1.17 1.17 1.17 1.17 1.3881387 1.415 1.415 1.415 1.4149968 0.45511048 0.455 0.455 0.455 -0.089072709 -0.215 -0.215 -0.215 -0.215 0.05 0.05 0.05 0.049975594 -0.32 -0.32 -0.32 -0.32 -0.05009703 -0.21874132 -0.35 -0.35 -0.35 0.15973698 0.090001457 0.09 0.09 0.40986684 0.24000001 0.24 0.94 0.94 0.94000119 1.22 1.22 1.365 1.365 1.365 1.645 1.695 
1.24 1.24 0.775 0.775 0.775 1.17 1.17 1.17 1.17 1.24 1.24 1.24 1.24 1.1846792 0.455 0.455 0.455 0.455 -0.085 -0.215 -0.215 -0.215 -0.215 -0.825 -0.82499965 0.049998707 -0.32 -0.32 -0.32 -0.32 -0.54276111 -0.76 -0.39878438 -0.35 -0.35 -0.35 0.09 0.09 0.09 0.09 0.24 0.24 0.24 0.79982341 0.8 1.2181121 1.22 1.22 1.3649996 1.365 1.645 1.645 1.695 
1.24 0.775 0.775 0.775 0.775 0.775 1.1701164 1.185 1.185 1.24 1.24 1.24 1.24 1.2398141 0.455 0.455 0.455 0.43060109 -0.085 -0.085 -0.215 -0.215 -0.825 -0.825 -0.825 -0.825 -0.32 -0.32 -0.32 -0.32 -0.76 -0.76 -0.76 -0.35041489 -0.35 -0.35 0.09 0.09 0.09 0.09 0.24 0.24 0.24 0.8 0.8 0.79999377 0.69 0.69 1.3 1.3 1.645 1.645 1.695 
0.77936693 0.775 0.775 0.775 0.775 0.775 1.185 1.185 1.185 1.2144383 1.24 1.24 1.24 1.239994 0.455 0.455 0.455 -0.085 -0.085 -0.085 -0.21499351 -0.21500373 -0.825 -0.825 -0.825 -0.825 -0.3200359 -0.32 -0.32 -0.75989881 -0.76 -0.76 -0.76 -0.76 -0.35139899 -0.635 -0.635 -0.62245262 0.09 0.09 0.23999987 0.24 0.78371788 0.8 0.8 0.69000004 0.69 0.69 1.3 1.3 0.99 0.99 0.535 
0.775 0.775 0.775 0.775 0.775 0.775 1.185 1.185 1.185 1.185 1.1200035 1.12 1.12 1.12 0.45499863 -0.012937225 -0.275 -0.275 -0.085350264 -0.085 -0.085000026 -0.82499911 -0.825 -0.825 -0.825 -0.825 -0.82463284 -0.32 -0.32001504 -0.76 -0.76 -0.76 -0.76 -0.76 -0.635 -0.635 -0.635 -0.635 -0.635 -0.63499667 -0.325 -0.325 -0.3249999 -0.045 -0.045 -0.045 0.595 0.595 0.435 0.435 0.99 0.98999901 0.535 
0.775 0.775 0.775 0.775 0.775 0.775 1.185 1.185 1.185 1.12 1.12 1.12 1.12 1.12 0.75228135 -0.275 -0.275 -0.275 -0.275 -0.275 -0.26592813 -0.82499999 -0.825 -0.825 -0.825 -0.81542269 -0.52047793 -0.34723527 -0.75783015 -0.76 -0.76 -0.76 -0.76 -0.75999973 -0.635 -0.635 -0.635 -0.635 -0.635 -0.49078872 -0.325 -0.325 -0.325 -0.045 -0.045 -0.045 0.595 0.595 0.435 0.435 -0.55499998 0.47487121 0.535 
0.775 0.775 0.775 0.775 0.775 0.77500012 1.1849999 1.185 1.1823021 1.12 1.12 1.12 1.12 1.12 1.0530872 -0.275 -0.275 -0.275 -0.275 -0.275 -0.275 -0.56585996 -0.52000043 -0.52 -0.52 -0.52 -0.52 -0.52 -0.93406342 -0.93999787 -0.94 -0.94 -0.94 -0.93999978 -0.635 -0.635 -0.635 -0.635 -0.635 -0.32500004 -0.325 -0.325 -0.325 -0.32499988 -0.04532866 -0.25 0.59499991 -0.66776962 0.43401427 -0.555 -0.555 -0.55479213 -0.545 
0.775 0.775 0.775 0.775 0.775 0.77502619 1.1849779 1.1849961 1.1200001 1.12 1.12 1.12 1.12 1.12 1.0934561 -0.275 -0.275 -0.275 -0.275 -0.275 -0.275 -0.52 -0.52 -0.52 -0.52 -0.52 -0.52 -0.52 -0.93988406 -0.94 -0.94 -0.94 -0.94 -0.94 -0.85643003 -0.635 -0.635 -0.635 -0.635 -0.325 -0.325 -0.325 -0.325 -0.32498079 -0.25 -0.25 -0.25275771 -0.69 -0.69 -0.555 -0.555 -0.545 -0.545 
0.775 0.775 0.775 0.775 0.775 0.77554679 1.1845115 1.1273348 1.12 1.12 1.12 1.12 1.12 1.12 1.0955781 -0.275 -0.275 -0.275 -0.275 -0.275 -0.30988355 -0.52 -0.52 -0.52 -0.52 -0.52 -0.52 -0.52 -0.93999832 -0.94 -0.94 -0.94 -0.94 -0.94 -0.94 -0.67387723 -0.73429157 -0.76732964 -0.77234308 -0.32082189 -0.325 -0.325 -0.325 -0.25000599 -0.25 -0.25385013 -0.89499902 -0.69 -0.69 -0.77 -0.77 -0.77 -0.5450001 
0.775 0.775 0.775 0.775 0.77500042 0.77841921 1.1765078 1.1200179 1.12 1.12 1.12 1.12 1.12 1.12 1.0874246 -0.275 -0.275 -0.275 -0.275 -0.275 -0.51999894 -0.52 -0.52 -0.52 -0.52 -0.52 -0.52 -0.52 -0.93999989 -0.94 -0.94 -0.94 -0.94 -0.94 -0.93999997 -0.775 -0.775 -0.775 -0.775 -0.26 -0.26 -0.26 -0.26 -0.89499813 -0.895 -0.895 -0.895 -0.89499858 -0.77 -0.77 -0.77 -0.77 -0.55576708 
0.775 0.775 0.775 0.77500003 0.77501145 0.78610137 1.1237533 1.1200008 1.12 1.12 1.12 1.12 1.12 1.12 1.0726451 -0.27499943 -0.275 -0.275 -0.275 -0.27647455 -0.52 -0.52 -0.52 -0.52 -0.52 -0.52 -0.52 -0.52 -0.93999991 -0.94 -0.94 -0.94 -0.94 -0.94 -0.77500015 -0.775 -0.775 -0.775 -0.775 -0.26 -0.26 -0.26 -0.26 -0.43138377 -0.895 -0.895 -0.895 -0.7700014 -0.77 -0.77 -0.46 -0.46 -0.46 
0.775 0.775 0.77500002 0.77500093 0.77511207 0.81365304 1.1201581 1.1200002 1.12 1.12 1.12 1.12 1.12 1.1199999 1.0526245 -0.27496719 -0.275 -0.275 -0.27500028 -0.51503591 -0.52 -0.52 -0.52 -0.52 -0.52 -0.52 -0.52 -0.52 -0.93999961 -0.94 -0.94 -0.94 -0.94 -0.83751411 -0.77500001 -0.775 -0.775 -0.775 -0.775 -0.26 -0.26 -0.26 -0.26 -0.26 -0.895 -0.895 -0.895 -0.77 -0.77 -0.77 -0.46 -0.46 -0.46 
0.775 0.77500003 0.77500039 0.77501097 0.77565506 0.9786559 1.1200174 1.1200001 1.12 1.12 1.12 1.12 1.12 1.1199974 1.0288217 -0.27449053 -0.27499997 -0.27500001 -0.27626848 -0.51997917 -0.52 -0.52 -0.52 -0.52 -0.52 -0.52 -0.52 -0.52000024 -0.93999737 -0.94 -0.9399999 -0.8123077 -0.8 -0.8 -0.8 -0.775 -0.775 -0.775 -0.775 -0.26 -0.26 -0.26 -0.26 -0.26 -0.89498874 -0.895 -0.89499994 -0.77000001 -0.77 -0.76999983 -0.46 -0.46 -0.46 
