interpolatedSpi/02-03|19_3.tif
NCOLS 53
NROWS 52
XLLCORNER -116.03883
YLLCORNER 28.596182
DX 0.49850594
DY 0.49788537
NODATA_VALUE -9999
0.31 0.31 -0.16764103 0.41 -0.105 -0.03 -0.025 -0.18 -0.56087648 -0.685 -0.51 -0.75 -0.79993577 -0.02 -0.415 -0.415 -0.415 0.25 0.02 0.02 0.02 0.019987334 -1.295 -0.63 -0.63 -0.63 -1.0649997 -1.065 -1.065 -1.475 -1.475 -1.475 -1.475 -2.3799998 -2.38 -2.38 -2.38 -2.38 -2.38 -2.38 -0.62391402 -0.60518729 -1.34 -1.34 -1.34 -1.34 -1.3413883 -2.19 -2.19 -2.19 -2.19 -2.19 -2.19 
0.30993935 -1.055 -0.17500003 -0.23273795 -0.075330605 0.205 0.35 -0.13011961 -0.25 -0.625 -0.45 -0.8 -0.8 0.46836611 -0.01999757 -0.415 0.25 0.25 0.020299889 0.02 0.02 0.02 -0.63684282 -0.63 -0.63 -0.63 -0.05000004 -0.05 -1.475 -1.475 -1.475 -1.475 -1.475 -2.3799999 -2.38 -2.38 -2.38 -2.38 -2.3799998 -1.9930215 -0.15504901 -1.1962093 -1.34 -1.34 -1.34 -1.34 -1.34 -2.19 -2.19 -2.19 -2.19 -2.19 -2.19 
-0.19999042 -0.2 -0.205 0.2 -0.66 -0.825 -0.435 -0.75 -1.305 -0.895 0.01 -1.085 -0.375 0.62 0.47 -1.145 0.25 0.25 0.25 0.024998546 0.025 0.025 -0.76 -0.63 -0.63 -0.63 -0.05 -0.05 -0.05 -1.475 -1.475 -1.475 -1.357057 -2.3731042 -2.3524953 0.54792194 0.575 0.575 0.48318524 -0.15499999 -0.155 -0.15651531 -1.34 -1.34 -1.34 -1.34 -1.34 -2.19 -2.19 -2.19 -2.19 -2.19 -2.19 
-0.035 -0.20000019 -1.1651348 0.145 -0.975 -0.895 -0.82 -1.055 -1.125 -0.26240752 -1.2 -1.265 -1.25 0.62 -0.415 -1.145 -0.71332816 -0.70932737 -1.105 0.025 0.025 -1.07 -0.76 -0.76 -0.63 -0.6299971 -0.05 -0.05 -0.05 -1 -1.1261959 -1.23 -1.23 -1.2299986 0.575 0.575 0.575 0.575 -0.155 -0.155 -0.155 -0.15500004 -1.34 -1.34 -1.34 -1.34 -1.34 -2.1899893 -2.19 -2.19 -2.19 -2.1899324 -2.19 
-0.035 -0.79000069 -1.165 -1.4979823 -0.975 -1.74 -1.7499599 -1.585 -1.17 -1.3999997 -1.1617023 -1.044894 -0.305 -0.415 -0.415 -0.89660726 -0.71 -0.71 -1.105 -1.105 0.024997757 -1.07 -1.52 -1.435 -1.125 -1.1251155 -0.05 -0.05 -1 -1 -1.23 -1.23 -1.23 -1.2752574 0.575 0.575 0.575 -0.155 -0.155 -0.155 -0.155 -0.15492374 -1.34 -1.34 -1.34 -1.34 -1.34 -1.3475661 -2.19 -2.1899072 -0.12 -0.12 -0.12 
-1.67 -0.885 -0.255 -1.015 -1.145 -1.24 -1.585 -1.585 -1.42 -1.195 -1.085 -0.625 -0.62499979 -1.45 -1.45 -0.93986962 -0.94 -1.11 -1.11 -1.1049999 -1.62 -1.62 -1.435 -1.125 -1.125 -1.62 -1.7 -1.7 -0.59003765 -1 -1.23 -1.23 -1.47 -1.469919 -0.69505544 -0.335 -0.335 -0.21068711 -0.155 -0.155 0.6340147 0.635 0.63500215 0.5264598 0.55979001 0.55999949 0.55999994 0.55999926 -1.2857269 -0.12 -0.12 -0.12 -0.12 
-1.9999949 -1.2 -0.97348378 -0.355 0.175 -1.215 -1.185 -1.29 -1.29 -1.29 -1.085 -1.24 -1.6849999 -1.45 -0.40000315 -0.4 -0.94 -0.67 -0.955 -0.955 -1.6553449 -1.695 -1.695 -1.35 -1.62 -1.62 -1.7 -1.7 -0.59001807 -0.5903326 -0.4912642 -1.47 -1.47 -0.695 -0.695 -0.83606884 -0.335 -0.335 -0.80998354 0.63499799 0.635 0.635 0.63501108 0.55999919 0.56 0.56 0.56 0.5599988 -1.455 -0.12026456 -0.12 -0.12 -0.12 
-2 -1.88 -0.765 -1.18 -1.1750003 -1.14 -0.875 -1.185 -0.905 -0.66 -0.66 -1.18 -1.685 -1.685 -0.40881629 -0.73242629 -0.765 -0.14 -1.0399999 -0.955 0.064818647 0.165 -1.48 -1.235 -1.2350041 -1.555 -0.45 -0.45000044 -0.89891372 -0.89999999 -0.49 -0.31684813 -0.395 -0.695 -0.69286091 -1.255 -1.255 -0.81 -0.81 0.635 0.635 0.63500002 0.41655085 0.41500001 0.56 0.56 0.56 -1.4549233 -1.455 -1.455 -0.12 -0.12 -0.12 
-1.7426974 -1.88 -1.88 -0.435 -0.92 -1.37 -1.085 -0.465 -0.93 -0.016933935 -0.33 -1.155 -1.155 -0.345 -0.34499582 -1.7073662 -1.71 -1.71 -0.2773864 -0.50500011 -1.015 -1.015 -0.955 -1.2731061 -1.5227524 -1.555 -1.075 -0.45 -0.57427362 -0.575 -0.295 -0.25 -0.32303012 -1.255 -0.62 -0.81 -0.405 -0.16 -0.15000462 0.63903972 1.54 0.635 0.4149528 0.415 0.41581614 0.56 -0.40499995 -1.455 -1.455 -1.455 -1.455 -0.044050465 -0.19 
-0.975 -0.975 -1.665 -1.285 -0.445 -0.97 -0.275 -0.54 0.465 0.21503581 0.115 -0.1 -0.345 -0.345 0.1 0.075175032 -1.71 -1.7096258 -0.07 -0.505 -0.505 -0.57070509 -0.955 -1.3399927 -1.34 -1.34 -1.075 0.235 0.235 -0.575 -0.575 -0.25027501 -0.395 -1.255 -0.46 -0.81 -0.405 -1.445 -0.15 1.3256895 0.63500004 0.44765691 0.125 0.415 0.415 -0.405 -0.405 -0.405 -1.455 -1.455 0.49 0.49 0.48999975 
-0.975 -0.975 -1.68 -2.03 -1.43 -0.295 -0.375 -0.090238888 -0.4 -0.22 0.005 -0.11 -0.10001368 0.1 0.1 0.099985003 -0.03 -0.032099388 -0.07 0.175 0.175 0.335 0.335 -1.34 -1.34 -1.34 0.235 0.235 0.235 -1.49 -1.49 -1.4899982 -0.875 -0.875 -1.6 -0.72 0.545 -0.30999821 -0.415 1.35 1.35 0.30999939 0.125 0.415 0.70499931 -0.145 0.42640385 0.43 0.72 0.72 0.49 0.49 0.49 
-0.975 -1.2795634 -1.8293575 -1.5749956 -0.405 -1.195 -0.375 -0.09 -0.39999741 -0.22199418 -0.11000014 -0.11 0.465 0.1 0.1 -0.029999996 -0.03 -0.030002277 -0.07 0.175 0.20642074 0.335 0.335 -1.3399318 -1.34 -0.78610754 0.345 0.345 0.34499999 -1.49 -1.49 0.105 0.105 -0.87500199 -1.6 0.82999955 0.44157198 -0.31 -0.31 1.35 0.31 0.31 0.31000283 0.705 0.705 -0.145 0.43 0.43 0.72 0.72 0.49 0.49 0.49 
-0.7 -0.67540079 -0.58505327 -0.59215893 -0.40500427 -1.1949813 -0.37500002 -0.093508192 -0.37863783 -0.39529972 0.465 0.465 0.465 0.465 0.1000517 -0.03 -0.03 -0.030516464 -0.07 0.17526316 1.09 1.09 1.09 1.09 -1.297476 0.345 0.345 0.345 0.345 0.34397387 0.105 0.105 0.105 0.105 0.83 0.83 0.83 -0.25478788 -0.29512913 1.67 1.67 0.31007315 1.0049897 0.7050289 0.705 -0.145 0.43 0.43 0.72 0.72 0.49083442 0.49 0.46668428 
-0.7 -0.585 -0.585 -0.585 -0.585 -0.58500025 -0.37709893 -0.24018885 -0.32164552 0.46407301 0.465 0.465 0.465 0.465 0.46500028 -0.029999998 -0.030000006 -0.032743727 -0.069995686 1.09 1.09 1.09 1.09 1.09 1.0801614 0.46661778 0.50499997 0.505 0.505 0.505 0.10500001 0.105 0.10500074 0.72 0.72 0.83 1.1945719 1.205 1.6699997 1.67 1.67 1.67 1.005 1.005 1.005 0.99699705 0.90179006 0.905 0.905 0.905 0.905 0.9649999 0.965 
0.074999999 -0.585 -0.585 -0.585 -0.585 -0.585 -0.58499999 -0.014751544 0.85383103 0.86 0.86 0.86 0.86 0.86 0.86 0.80600698 -0.016752514 -0.035477076 1.0898542 1.09 1.09 1.09 1.09 1.09 0.635 0.635 0.63499982 0.505 0.505 0.50593114 0.97 0.97 0.72 0.72 0.72 1.1273085 1.205 1.205 1.205 1.67 1.67 1.67 1.005 1.005 1.005 1.005 0.905 0.905 0.905 0.905 0.905 0.965 0.965 
0.075 -0.1707105 -0.585 -0.585 -0.585 -0.585 0.71974387 0.72 0.72 0.86 0.86 0.86 0.86 0.86 0.84786662 0.805 0.805 0.805 1.0999691 1.1 1.1 1.1 1.1 1.1 0.635 0.635 0.635 0.635 0.505 0.97 0.97 0.97 0.72000002 0.72 0.72 1.63 1.2055627 1.205 1.205 1.6699084 1.4875059 1.0618232 1.005 1.005 0.72087953 0.72 0.72 0.90520422 1.0295632 1.03 1.03 1.7898749 0.96500168 
0.075000002 0.14798635 -0.21305616 -0.585 -0.585 0.71922894 0.72 0.72 0.72 0.72100888 0.86 0.86 0.86 0.85999999 0.805 0.805 0.805 0.805 1.0997365 1.1 1.1 1.1 1.1 1.1 0.63500001 0.635 0.635 0.635 0.63621851 0.97 0.97 0.97 1.405 0.7201091 1.63 1.63 1.63 1.6282096 1.0691924 1.06 1.06 1.06 0.945 0.945 0.72 0.72 0.72 1.03 1.03 1.03 1.03 1.79 1.79 
0.15046825 0.15 0.15 0.15 0.52 0.71999484 0.72 0.72 0.72 0.72 0.8577287 0.85999961 0.86 0.805 0.805 0.805 0.805 0.805 0.74605943 1.1 1.1 1.1 1.1 1.1 1.0311253 1.2749965 1.275 1.275 1.275 0.97000002 1.405 1.405 1.405 1.405 1.63 1.6299958 1.47 1.47 1.0651195 1.06 1.06 1.06 0.945 0.945 0.75483775 0.72 0.72 1.03 1.03 1.03 1.0381492 1.79 1.79 
0.15 0.15 0.15 0.32423852 0.52 0.52 0.72 0.72 0.72 0.72 0.83 0.83 0.83 0.805 0.805 0.805 0.805 0.80482318 -0.495 -0.495 1.0999994 1.1 1.0908703 0.725 0.72995141 1.275 1.275 1.275 1.275 1.4049868 1.405 1.405 1.405 1.405 1.4700006 1.47 1.47 1.47 1.4685606 1.06 1.06 1.06 0.945 0.945 0.945 0.72 0.72 1.03 1.03 1.03 1.79 1.79 1.79 
0.15 0.15 0.15 0.52 0.52 0.52 0.52000031 0.72 0.72 0.82988645 0.83 0.83 0.83 0.82998441 -0.061081981 -0.265 -0.265 -0.265 -0.495 -0.495 -0.495 0.725 0.725 0.725 0.72507844 1.1333784 1.275 1.275 1.275 1.0848232 1.0150384 1.015 1.015 1.015 1.488086 1.5149999 1.515 1.515 1.515 1.8748885 1.875 1.875 0.945 0.945 1.7999964 1.8 1.77 1.77 1.88 1.88 1.88 1.79 1.7000805 
0.15000403 0.15 0.15000001 0.52 0.52 0.52 0.52000001 1.3399998 0.722479 0.82986398 0.83 0.83 0.83 0.82785131 -0.265 -0.265 -0.265 -0.26500007 -0.495 -0.495 -0.495 0.725 0.725 0.725 1.005 1.005 0.925 0.925 0.925 0.92549098 1.015 1.015 1.015 1.015 1.2648627 1.515 1.515 1.515 1.515 1.875 1.875 1.875 1.8726402 1.8 1.8 1.8 1.77 1.77 1.88 1.88 1.88 1.7 1.7 
1.45 0.83920663 0.785 0.78492312 0.52 1.3352555 1.34 1.34 1.2197551 0.68000001 0.68 0.68 0.68 0.045020671 0.044999999 -0.26499976 -0.265 -0.27106016 -0.495 -0.495 -0.495 0.59 0.59 0.59 1.005 1.005 0.925 0.925 0.925 0.92500015 1.1349992 1.1349997 1.018016 1.0151286 1.434522 1.435 1.435 1.435 1.435 1.875 1.875 1.875 1.8041293 1.8 1.8 1.7999999 1.77 1.77 1.770004 1.88 1.879985 1.545 1.7 
0.68014623 0.68000002 0.785 0.785 0.785 1.34 1.34 1.34 1.01 1.01 0.68 0.68 0.68 0.045 0.045 0.045 0.045 0.044938895 -0.495 -0.495 -0.49499996 0.59 0.59 0.59 1.005 1.005 0.925 0.925 0.925 1.1326322 1.135 1.135 1.135 1.135 1.434852 1.435 1.435 1.435 1.435 1.2900002 1.29 1.29 1.29 1.7999963 1.32 1.32 1.32 1.625 1.625 1.625 1.545 1.545 1.545 
0.68 0.68 0.785 0.785 0.785 1.3370828 1.34 1.01 1.01 1.01 0.68004062 0.68 0.59011628 0.04500012 0.045 0.045 0.045 0.24 0.24 0.24 -0.019999986 -0.019999547 0.58999703 0.59 0.5899357 0.285 0.285 0.28500153 0.92489657 1.3199631 1.319999 1.3199677 1.1353162 1.1351597 1.3816897 1.4349999 1.4341622 1.185 1.185 1.29 1.29 1.29 1.29 1.32 1.32 1.32 1.32 1.625 1.625 1.625 1.545 1.545 1.545 
0.68 0.68 0.785 0.785 0.785 0.785 1.2164906 1.01 1.01 1.01 1.009757 0.57 0.57 0.57 0.048093946 0.045 0.23870057 0.24 0.24 0.24 -0.02 -0.02 -0.02 -0.02 0.285 0.285 0.285 0.285 0.285 1.32 1.32 1.32 1.32 1.3200008 1.705 1.185 1.185 1.185 1.185 1.1849991 0.89 0.89 0.89 0.98925208 1.195 1.195 1.195 1.625 1.6250001 1.75 1.75 1.9349051 1.935 
0.68 0.68 0.74710237 0.785 0.785 0.78500001 1.1297871 1.0103782 1.01 1.01 0.57000011 0.57 0.57 0.57 0.57 0.52691835 0.24 0.24 0.24 0.24 -0.019997989 -0.02 -0.02 -0.02 0.285 0.285 0.285 0.285 0.285 0.85445746 1.32 1.32 1.32 1.705 1.705 1.7045962 1.185 1.185 1.3876003 1.545 0.89 0.89 0.89 0.98984674 1.195 1.195 1.195 1.835 1.7510591 1.75 1.75 1.935 1.935 
1.335 1.335 1.335 0.92290012 0.78542029 1.13 1.13 1.13 1.13 1.095 1.095 0.57000004 0.57 0.57 0.57 0.56997913 0.24 0.24 0.24 0.24 0.093455566 -0.02 -0.02 0.001590595 0.78184498 0.285 0.285 0.285 0.69 0.69 0.69 0.69000264 1.705 1.705 1.705 1.705 1.545 1.545 1.545 1.545 1.355 1.355 1.355 1.7199927 1.72 1.72 1.7199998 1.835 1.835 1.7501036 1.75 1.9349961 1.935 
1.335 1.335 1.335 1.3349857 1.07 1.078725 1.13 1.13 1.13 1.095 1.095 1.095 1.57 1.57 1.57 1.57 0.24181351 0.24 0.24 0.24 0.23610251 0.80499774 0.805 0.805 0.805 0.80499998 0.095000001 0.095 0.69 0.69 0.69 0.69 1.7049999 1.705 1.705 1.7049866 1.545 1.545 1.545 1.5450439 1.355 1.355 1.355 1.7199831 1.72 1.72 1.72 1.835 1.835 1.8349999 1.16 1.16 1.555 
1.335 1.335 1.335 1.0700006 1.07 1.07 1.13 1.13 1.13 1.095 1.095 1.095 1.57 1.57 1.57 1.5441058 1.23 1.23 1.2299974 0.24559178 0.805 0.805 0.805 0.805 0.805 0.80446569 0.095 0.095 0.095000001 0.69 0.69 0.69016413 1.54 1.54 1.54 1.22 1.22 1.555 1.555 1.555 1.3 1.3549827 1.355002 1.625 1.625 1.6286004 1.7199999 1.835 1.835 1.16 1.16 1.16 1.555 
1.335 1.335 1.335 1.07 1.07 1.07 1.07 1.13 1.13 1.095 1.095 1.5510069 1.57 1.57 1.57 1.23 1.23 1.23 1.23 1.23 0.805 0.805 0.805 0.805 0.805 0.095002422 0.095 0.095 0.095 0.945 0.945 0.945 1.54 1.54 1.54 1.22 1.22 1.555 1.555 1.3 1.3 1.3 1.625 1.625 1.625 1.625 1.6085705 1.425 1.425 1.425 1.16 1.39 1.39 
1.335 1.335 1.334631 1.07 1.07 1.07 1.07 1.2270819 1.235 1.2347596 1.095 1.5699983 1.57 1.57 1.5699988 1.23 1.23 1.23 1.23 1.23 1.548243 0.805 0.805 0.805 0.80505355 0.095054576 0.095 0.095 0.095 0.945 0.945 0.945 0.94508761 1.54 1.22 1.22 1.22 1.2200135 1.5549826 1.3 1.3 1.3 1.6249803 1.625 1.625 1.625 1.4249964 1.425 1.425 1.425 1.39 1.39 1.39 
1.07 1.0700005 1.0701394 1.07 1.07 1.07 1.2349649 1.235 1.235 1.235 1.55 1.55 1.55 1.55 1.2314769 1.23 1.23 1.23 1.23 1.5799998 1.58 1.58 1.065 1.065 1.065 1.065 0.98127652 0.095 1.1549566 1.155 1.155 1.155 1.155 0.825 0.825 0.825 0.825 0.825 1.055 1.055 1.055 1.055 1.055 1.0658442 1.065 1.065 1.065 1.425 1.425 1.425 1.3900055 1.39 1.39 
1.07 1.07 1.0741444 1.564999 1.5649999 1.564678 1.235 1.235 1.235 1.235 1.55 1.55 1.55 1.55 1.55 1.23 1.23 1.23 1.5799999 1.58 1.58 1.58 1.065 1.065 1.065 1.065 1.065 1.0647948 1.1550058 1.155 1.155 1.155 1.1550023 0.69177812 0.82486205 0.825 0.825 0.825 1.055 1.055 1.055 1.055 1.055 1.065 1.065 1.065 1.065 1.233343 1.425 1.7364856 1.74 1.86 1.86 
1.07 1.07 1.5649373 1.565 1.565 1.565 1.4811814 1.235 1.235 1.235 1.55 1.55 1.55 1.55 1.55 1.2302435 1.23 1.5798974 1.58 1.58 1.58 1.58 1.2557851 1.065 1.065 1.065 1.065 1.0650742 1.17 1.17 1.17 1.17 1.17 0.59 0.59 0.59 0.59 0.59 0.665 0.665 0.665 0.665 0.665 1.065647 1.0650001 1.065 1.0650449 1.0705022 1.74 1.74 1.74 1.8599993 1.86 
1.0700006 1.4082739 1.565 1.565 1.565 1.565 1.565 1.2351405 1.235 1.235 1.55 1.55 1.55 1.55 1.2615524 1.255 1.255 1.5799916 1.58 1.58 1.58 1.58 1.5799999 1.065 1.065 1.065 1.065 0.61000054 0.61000026 0.72918161 1.17 1.17 1.17 0.59 0.59 0.59 0.59 0.58993566 0.665 0.665 0.665 0.665 0.66503333 1.33 1.33 1.33 1.33 1.3300331 1.74 1.74 1.74 1.74 1.8008836 
1.415 1.415 1.4367941 1.565 1.565 1.565 1.565 1.565 1.2351403 1.085 1.085 1.085 1.0861035 1.2550004 1.255 1.255 1.255 1.255 1.5799953 1.5399967 1.19 1.19 1.19 1.1539838 0.98696454 0.56941155 0.21737595 0.61 0.61 0.61 0.61 0.61 0.62686555 0.49309203 0.495 0.495 0.495 0.495 0.74671619 1.0999992 1.1 1.1 1.1 1.325 1.33 1.33 1.33 1.9 1.7400026 1.74 1.74 1.8 1.8 
1.415 1.415 1.375 1.375 1.375 1.5649367 1.565 1.565 1.085 1.085 1.085 1.085 1.085 1.255 1.255 1.255 1.255 1.255 1.19 1.19 1.19 1.19 1.19 0.090000057 0.09 0.09 0.09 0.61 0.61 0.61 0.61 0.61 0.325 0.325 0.495 0.495 0.495 0.88493358 0.885 1.1 1.1 1.1 1.1 1.325 1.325 1.325 1.9 1.9 1.9 2.13 2.13 1.8 1.8 
1.415 1.415 1.375 1.375 1.375 1.375 1.3749977 0.965 1.084887 1.085 1.085 1.085 1.085 1.2528794 1.255 1.255 1.255 1.255 1.19 1.19 1.19 1.19 1.19 0.09 0.09 0.09 0.09 0.090002088 0.61 0.61 0.61 0.32501494 0.325 0.325 0.325 0.495 0.885 0.885 0.885 0.89065705 1.0114841 0.995 0.995 1.325 1.325 1.325 1.9 1.9 1.9 2.13 2.13 2.13 1.8181143 
1.155 1.155002 1.375 1.375 1.375 1.375 0.965 0.965 0.965 1.085 1.085 1.085 1.085 1.0850528 1.255 1.255 1.255 1.255 1.1900007 1.19 1.19 1.19 0.28376153 0.09 0.09 0.09 0.09 -0.084999857 -0.085 -0.084999992 0.60253013 0.325 0.325 0.325 0.32499994 0.265 0.885 0.885 0.885 0.885 0.995 0.995 0.995 1.31 1.31 1.31 1.6000292 1.9 1.9 2.13 2.13 2.13 1.8199998 
1.155 1.155 1.375 1.375 1.375 0.965 0.965 0.965 0.965 1.071839 1.085 1.085 1.085 1.0849975 0.26511393 0.265 0.265 0.265 0.10645989 0.145 0.145 0.145 0.145 0.09 0.09 0.09 0.089988457 -0.085 -0.085 -0.085 -0.085 0.32492251 0.29125174 0.265 0.265 0.265 0.88469928 0.80500167 0.805 0.805 0.99480809 0.75000001 0.75 1.31 1.31 1.3100012 1.6 1.6 1.605 1.605 1.605 1.835 1.735 
1.155 1.155 0.85 0.85 0.85 0.965 0.965 0.965 0.965 0.85 0.85 0.85 0.85 0.80877368 0.265 0.265 0.265 0.265 0.105 0.145 0.145 0.145 0.145 -0.385 -0.38499981 0.089999298 -0.085 -0.085 -0.085 -0.085 -0.18625505 -0.285 0.19955754 0.265 0.265 0.265 0.805 0.805 0.805 0.805 0.75 0.75 0.75 1.2798329 1.28 1.5985616 1.6 1.6 1.6049999 1.605 1.835 1.835 1.735 
1.155 0.85 0.85 0.85 0.85 0.85 0.9641849 0.86 0.86 0.85 0.85 0.85 0.85 0.84986146 0.265 0.265 0.265 0.25777069 0.105 0.105 0.145 0.145 -0.385 -0.385 -0.385 -0.385 -0.085 -0.085 -0.085 -0.085 -0.285 -0.285 -0.285 0.26444345 0.265 0.265 0.805 0.805 0.805 0.805 0.75 0.75 0.75 1.28 1.28 1.2800028 1.33 1.33 1.58 1.58 1.835 1.835 1.735 
0.85286433 0.85 0.85 0.85 0.85 0.85 0.86 0.86 0.86 0.85464758 0.85 0.85 0.85 0.84999773 0.265 0.265 0.265 0.105 0.105 0.105 0.144998 0.14499676 -0.385 -0.385 -0.385 -0.385 -0.085021324 -0.085 -0.085 -0.28495401 -0.285 -0.285 -0.285 -0.285 0.26334348 0.035 0.035 0.048326188 0.805 0.805 0.75000005 0.75 1.2645901 1.28 1.28 1.33 1.33 1.33 1.58 1.58 1.055 1.055 0.735 
0.85 0.85 0.85 0.85 0.85 0.85 0.86 0.86 0.86 0.86 0.87499928 0.875 0.875 0.875 0.26499938 -0.020249405 -0.18 -0.18 0.1044746 0.105 0.10500001 -0.38499923 -0.385 -0.385 -0.385 -0.385 -0.38478188 -0.085 -0.085006836 -0.285 -0.285 -0.285 -0.285 -0.285 0.035 0.035 0.035 0.035 0.035 0.035004188 0.645 0.645 0.64500003 0.725 0.725 0.725 1.17 1.17 0.9 0.9 1.055 1.0549993 0.735 
0.85 0.85 0.85 0.85 0.85 0.85 0.86 0.86 0.86 0.875 0.875 0.875 0.875 0.875 0.59690453 -0.18 -0.18 -0.18 -0.18 -0.18 -0.16639219 -0.385 -0.385 -0.385 -0.385 -0.38138888 -0.2701802 -0.11019168 -0.2840137 -0.285 -0.285 -0.285 -0.285 -0.2849993 0.035 0.035 0.035 0.035 0.035 0.31877058 0.645 0.645 0.645 0.725 0.725 0.725 1.17 1.17 0.9 0.9 -0.059999981 0.69114459 0.735 
0.85 0.85 0.85 0.85 0.85 0.85 0.86 0.86 0.86062258 0.875 0.875 0.875 0.875 0.875 0.8243957 -0.18 -0.18 -0.18 -0.18 -0.18 -0.18 -0.28729885 -0.27000016 -0.27 -0.27 -0.27 -0.27 -0.27 -0.27494179 -0.27500012 -0.275 -0.275 -0.275 -0.27499978 0.035 0.035 0.035 0.035 0.035 0.64499993 0.645 0.645 0.645 0.64500004 0.72455911 0.45 1.1699999 -0.028894118 0.89916761 -0.06 -0.06 -0.058233135 0.025 
0.85 0.85 0.85 0.85 0.85 0.85000064 0.85999946 0.86000091 0.87499998 0.875 0.875 0.875 0.875 0.875 0.85492559 -0.18 -0.18 -0.18 -0.18 -0.18 -0.18 -0.27 -0.27 -0.27 -0.27 -0.27 -0.27 -0.27 -0.27499862 -0.275 -0.275 -0.275 -0.275 -0.275 -0.19006003 0.035 0.035 0.035 0.035 0.645 0.645 0.645 0.645 0.64495005 0.45 0.45 0.44686624 -0.05 -0.05 -0.06 -0.06 0.025 0.025 
0.85 0.85 0.85 0.85 0.85 0.85001334 0.85998855 0.87330735 0.875 0.875 0.875 0.875 0.875 0.875 0.85653041 -0.18 -0.18 -0.18 -0.18 -0.18 -0.19281436 -0.27 -0.27 -0.27 -0.27 -0.27 -0.27 -0.27 -0.27499998 -0.275 -0.275 -0.275 -0.275 -0.275 -0.275 0.0030635143 -0.046560936 -0.073699351 -0.077816379 0.62796615 0.64499999 0.645 0.645 0.45001557 0.45 0.4459111 -0.23499912 -0.05 -0.05 -0.35003707 -0.35 -0.35 0.024999835 
0.85 0.85 0.85 0.85 0.85000001 0.8500834 0.8612268 0.87499588 0.875 0.875 0.875 0.875 0.875 0.875 0.85036412 -0.18 -0.18 -0.18 -0.18 -0.18 -0.26999961 -0.27 -0.27 -0.27 -0.27 -0.27 -0.27 -0.27 -0.275 -0.275 -0.275 -0.275 -0.275 -0.275 -0.27499996 -0.08 -0.08 -0.08 -0.079999998 0.38 0.38 0.38 0.38 -0.23499802 -0.235 -0.235 -0.235 -0.23500306 -0.52 -0.52 -0.35 -0.35 -0.35234094 
0.85 0.85 0.85 0.85 0.85000028 0.8502783 0.87395372 0.8749998 0.875 0.875 0.875 0.875 0.875 0.875 0.83918679 -0.17999957 -0.18 -0.18 -0.18 -0.18054167 -0.27 -0.27 -0.27 -0.27 -0.27 -0.27 -0.27 -0.27 -0.275 -0.275 -0.275 -0.275 -0.275 -0.275 -0.080000179 -0.08 -0.08 -0.08 -0.08 0.38 0.38 0.38 0.38 0.21401414 -0.235 -0.235 -0.235 -0.51999681 -0.52 -0.52 -0.355 -0.355 -0.355 
0.85 0.85 0.85 0.85000002 0.85000277 0.8517205 0.87494215 0.87499995 0.875 0.875 0.875 0.875 0.875 0.87499993 0.8240458 -0.17997519 -0.18 -0.18 -0.1800001 -0.26817646 -0.27 -0.27 -0.27 -0.27 -0.27 -0.27 -0.27 -0.27 -0.275 -0.275 -0.275 -0.275 -0.275 -0.42140818 -0.08000012 -0.08 -0.08 -0.08 -0.08 0.38 0.38 0.38 0.38 0.38 -0.235 -0.235 -0.235 -0.52 -0.52 -0.52 -0.355 -0.355 -0.355 
0.85 0.85 0.85000001 0.85000027 0.85002049 0.86387454 0.87498964 0.87499997 0.875 0.875 0.875 0.875 0.875 0.87499802 0.8060444 -0.1796147 -0.17999998 -0.18 -0.18046597 -0.26999235 -0.27 -0.27 -0.27 -0.27 -0.27 -0.27 -0.27 -0.27 -0.27499997 -0.275 -0.27500014 -0.45741756 -0.475 -0.475 -0.475 -0.08 -0.08 -0.08 -0.08 0.38 0.38 0.38 0.38 0.38 -0.2349891 -0.235 -0.23500014 -0.51999998 -0.52 -0.51999991 -0.355 -0.355 -0.355 
