interpolatedSpi/02-08|22_3.tif
NCOLS 53
NROWS 52
XLLCORNER -116.03883
YLLCORNER 28.596182
DX 0.49850594
DY 0.49788537
NODATA_VALUE -9999
[rows 0 to 26 of 52, columns 0 to 52 of 53]
0.47857143 0.47857143 0.072614169 -0.16 0.55142857 0.37 0.44142857 0.4 0.05651012 0.095714286 0.20285714 0.78 0.53431595 0.90142857 0.86714286 0.86714286 0.86714286 0.84142857 0.78 0.78 0.78 0.77999195 -0.055714282 0.36142857 0.36142857 0.36142857 0.33856923 0.33857143 0.33857143 0.047142857 0.047142857 0.047142857 0.047142857 0.31428566 0.31428571 0.31428571 0.31428571 0.31428571 0.31428571 0.31428572 0.38636756 0.38705871 0.055714286 0.055714286 0.055714286 0.055714286 0.055163616 -0.28142857 -0.28142857 -0.28142857 0.85142622 0.85142857 0.85142857
0.478527 -0.52142857 -0.051428232 0.091999825 0.23444866 0.61857143 0.45428571 0.6952659 0.34428571 0.33857143 0.51 0.53428571 0.53428571 0.86868099 0.90142787 0.86714286 0.84142857 0.84142857 0.78008009 0.78 0.78 0.78 0.36488758 0.36142857 0.36142857 0.36142857 0.5742857 0.57428571 0.047142857 0.047142857 0.047142857 0.047142857 0.047142857 0.31428568 0.31428571 0.31428571 0.31428571 0.31428571 0.31428577 0.5344942 1.6841861 0.25332805 0.055714286 0.055714286 0.055714286 0.055714286 0.055714286 -0.28142857 -0.28142857 -0.28142857 -0.18749097 0.85142857 0.85142857
0.43713141 0.43714286 0.24285714 0.75 0.15428571 -0.13857143 0.16714286 0.42428571 -0.13857143 0.52285714 0.5 0.22142857 0.26285714 0.87428571 0.86857143 0.23142857 0.84142857 0.84142857 0.84142857 0.45295224 0.45285714 0.45285714 0.42714286 0.36142857 0.36142857 0.36142857 0.57428571 0.57428571 0.57428571 0.047142857 0.047142857 0.047142893 0.40062805 0.3160901 0.32082781 1.0107022 1.0171429 1.0171429 1.1010518 1.6842857 1.6842857 1.6822032 0.055714286 0.055714286 0.055714286 0.055714286 0.055714286 -0.28142857 -0.28142857 -0.28142857 -0.28142857 0.85142857 0.85142857
-0.057142857 0.43714284 0.3285432 1.5457143 -0.10714286 0.34142857 0.42857143 -0.022857143 0.44428571 0.60868636 0.53714286 0.25571429 0.29571429 0.87428571 -0.27 0.23142857 -0.68578548 -0.69178213 -0.77714286 0.45285714 0.45285714 -0.36857143 0.42714286 0.42714286 0.36142857 0.36142963 0.57428571 0.57428571 0.57428571 0.042857143 0.44809484 0.78142857 0.78142857 0.78142875 1.0171429 1.0171429 1.0171429 1.0171429 1.6842857 1.6842857 1.6842857 1.6842857 0.055714286 0.055714286 0.055714286 0.055714286 0.055714286 -0.28142432 -0.28142857 -0.28142857 -0.28142857 0.85142139 0.85142857
-0.057142857 0.84857047 0.32857143 0.2778695 -0.10714286 0.037142857 0.27429269 0.68857143 0.18142857 0.96714251 0.62465679 0.46279637 0.038571429 -0.27 -0.27 0.050983204 -0.69285714 -0.69285714 -0.77714286 -0.77714286 0.45285549 -0.36857143 0.24428571 0.38142857 0.47142857 0.4715168 0.57428571 0.57428571 0.042857144 0.042857143 0.78142857 0.78142857 0.78142857 0.75799176 1.0171429 1.0171429 1.0171429 1.6842857 1.6842857 1.6842857 1.6842857 1.6842674 0.055714306 0.055714286 0.055714286 0.055714286 0.055714286 0.052713297 -0.28142857 -0.28138764 0.63142857 0.63142857 0.63142857
-1.8028571 0.077142857 0.34142857 0.38571429 -0.43285714 0.16571429 0.25571429 0.3111324 0.31714286 -0.26714286 -0.73714286 -0.024285714 -0.024285673 0.015714286 0.015714286 -0.27426467 -0.27428571 -0.25428571 -0.25428572 -0.7771421 -0.49285714 -0.49285714 0.38142857 0.47142857 0.47142857 0.84857143 0.53142857 0.53142857 0.96134441 0.042857143 0.78142857 0.78142857 0.65714286 0.65721197 1.3185241 1.45 1.45 1.6118041 1.6842857 1.6842857 1.4945227 1.4942857 1.4942877 0.59179522 0.60136826 0.60142843 0.60142855 0.60142837 0.7449197 0.63142857 0.63142857 0.63142857 0.63142857
-1.1257201 -0.66 -0.37208122 -0.31142857 -0.16714286 -0.53857143 -0.092857137 -0.23428571 -0.17571429 -0.17571429 -0.73714286 -0.064285714 -0.64142844 0.015714286 -0.18714225 -0.18714286 -0.27428571 0.0014285714 0.082857143 0.082857143 -0.50093597 -0.51 -0.51 0.69428571 0.84857143 0.84857143 0.53142857 0.53142857 0.96139569 0.96082314 1.2601873 0.65714286 0.65714286 1.3185714 1.3185714 1.5254715 1.45 1.45 1.9499827 1.4942863 1.4942857 1.4942857 1.4942966 0.60143329 0.60142857 0.60142857 0.60142857 0.60142869 0.8 0.63146198 0.63142857 0.63142857 0.63142857
-1.1257143 -0.038571429 0.017142857 -1.0857143 -0.85287049 -0.62 -0.56857143 -0.37571428 -0.57857143 -0.37571429 -0.37571429 -0.14285714 -0.64142857 -0.64142857 -0.19025968 -0.60218782 -0.64285714 0.11285714 -0.5142851 0.082857143 0.27297299 0.38285714 -0.70714286 0.40142857 0.40142376 0.028571429 0.48714286 0.48714287 0.39912019 0.39714288 1.2628571 0.41623837 0.73 1.3185714 1.3245201 1.5885714 1.5885714 1.95 1.95 1.4942857 1.4942857 1.4942857 1.4492894 1.4471428 0.60142857 0.60142857 0.60142857 0.79999244 0.8 0.8 0.63142857 0.63142857 0.63142857
-0.20242421 -0.038571429 0.18285714 -0.45142857 -0.56571429 -0.83857143 -0.32 -0.20714286 -0.078571429 -0.012498026 -0.10857143 -0.18142857 -0.18142857 0.40714286 0.40713442 -0.8038358 -0.80428571 -0.80428571 0.017122821 -0.66142862 -0.91142857 -0.91142856 0.96285714 -0.04902331 0.066145584 0.028571429 0.70857143 0.48714286 1.298117 1.3028571 0.32857143 1.7 1.2531849 0.96 1.5271429 1.4485714 1.9771429 0.94714286 2.0723373 1.4981054 2.35 1.7842857 1.4471803 1.4471429 1.4423827 0.60142857 0.86714284 0.8 0.8 0.8 0.8 0.68194302 0.51
-1.1185714 -1.1185714 0.25857143 -0.38714286 -0.75714286 -0.84 -0.65142857 -0.85 -0.37 0.0041879732 0.011428571 0.96428571 0.40714286 0.40714286 -0.49 -0.49431057 -0.80428571 -0.80423694 -0.59714286 -0.66142857 -0.66142857 -0.69363696 0.96285714 0.93000062 0.93 0.93 0.70857143 0.93571429 0.93571429 1.3028571 1.3028571 1.6983174 0.81285714 0.96 1.2442857 1.4485714 1.9771429 1.6657143 2.0728571 1.202903 1.7842857 1.7449279 1.6771429 1.4471429 1.4471429 0.86714286 0.86714286 0.86714286 0.8 0.8 1.0371429 1.0371429 1.0371427
-1.1185714 -1.1185714 -0.38 -0.77571429 -0.97 -0.56285714 -1.0128571 -0.010419909 -0.13285714 -0.35142857 -0.33285714 -0.57857143 0.96223089 -0.49 -0.49 -0.49000412 -0.52571429 -0.52946319 -0.59714286 -0.48428571 -0.48428571 -0.74714286 -0.74714286 0.93 0.93 0.93 0.93571429 0.93571429 0.93571429 0.24142857 0.24142857 0.24142951 1.0328571 1.0328571 0.77857143 0.56285714 1.79 1.1900013 1.5742857 1.1885714 1.1885714 0.92428819 1.6771429 1.4471429 1.2199999 1.0114286 1.4247311 1.4271429 1.5585714 1.5585714 1.0371429 1.0371429 1.0371429
-1.1185714 -0.7997403 -0.5488654 -0.79141966 -0.10285714 -0.99285714 -1.0128571 -0.01 -0.13285612 -0.34900707 -0.57857113 -0.57857143 -0.50142857 -0.49 -0.49 -0.52571428 -0.52571429 -0.52571835 -0.59714286 -0.48428571 -0.53590551 -0.74714286 -0.74714286 0.92993284 0.93 0.75061304 0.38428571 0.38428571 0.38428578 0.24142857 0.24142857 0.16857143 0.16857143 1.0328564 0.77857143 1.2371428 1.7189857 1.19 1.19 1.1885714 0.92428571 0.92428571 0.92428797 1.22 1.22 1.0114286 1.4271429 1.4271429 1.5585714 1.5585714 1.0371429 1.0371429 1.0371429
0.35 0.12714138 0.1756793 0.16871489 -0.10286183 -0.99283613 -1.0128571 -0.022344594 -0.12439103 -0.13856462 -0.50142857 -0.50142857 -0.50142857 -0.50142857 -0.49000162 -0.52571429 -0.52571429 -0.52663654 -0.59714286 -0.48425255 -0.36714286 -0.36714286 -0.36714286 -0.36714286 0.90759979 0.38428571 0.38428571 0.38428571 0.38428571 0.38418776 0.16857143 0.16857143 0.16857143 0.16857143 1.2371429 1.2371429 1.2371429 1.1924564 1.1874357 0.84857143 0.84857143 0.92428164 1.0085787 1.2199796 1.22 1.0114286 1.4271429 1.4271429 1.5585714 1.5585714 1.0390345 1.0371429 1.3011495
0.35 0.17571429 0.17571429 0.17571429 0.17571429 0.1757138 -1.0128058 -0.53835839 -0.10180428 -0.50103706 -0.50142857 -0.50142857 -0.50142857 -0.50142857 -0.50142847 -0.52571429 -0.5257143 -0.5306138 -0.59714112 -0.36714286 -0.36714286 -0.36714286 -0.36714286 -0.36714286 -0.3547257 0.33634384 0.33142858 0.33142857 0.33142857 0.33142857 0.16857143 0.16857143 0.16857169 0.38857143 0.38857143 1.2371429 0.91909728 0.91 0.84857146 0.84857143 0.84857143 0.84857143 1.0085714 1.0085714 1.0085714 1.0085913 1.3617698 1.3614286 1.3614286 1.3614286 1.3614286 1.2185714 1.2185714
0.59571429 0.17571429 0.17571429 0.17571429 0.17571429 0.17571429 0.17571421 -0.63362228 -0.35568533 -0.35714286 -0.35714286 -0.35714286 -0.35714286 -0.35714286 -0.35714286 0.15510038 -0.514748 -0.5354951 -0.36717175 -0.36714286 -0.36714286 -0.36714286 -0.36714286 -0.36714223 0.20714286 0.20714286 0.20714303 0.33142857 0.33142857 0.33091938 0.077142857 0.077142857 0.38857143 0.38857143 0.38857143 0.82647275 0.91 0.91 0.91 0.84857143 0.84857143 0.84857143 1.0085714 1.0085714 1.0085714 1.0085714 1.3614286 1.3614286 1.3614286 1.3614286 1.3614286 1.2185714 1.2185714
0.59571429 0.43935306 0.17571429 0.17571429 0.17571429 0.17571429 -0.27562569 -0.27571429 -0.27571429 -0.35714286 -0.35714286 -0.35714286 -0.35714286 -0.35714286 -0.24179691 0.16571429 0.16571429 0.16571429 0.1712129 0.17285659 0.17285714 0.17285714 0.17285714 0.17285714 0.20714286 0.20714286 0.20714286 0.20714286 0.33142857 0.077142857 0.077142857 0.077142857 0.3885714 0.38857143 0.38857143 0.75142857 0.90979005 0.91 0.91 0.8484741 0.65411047 0.20051414 1.0085714 1.0085714 0.24237186 0.24 0.24 1.3589537 -0.13760035 -0.14285701 -0.14285686 0.24586144 1.2185695
0.59571429 0.027121052 0.092578151 0.17571429 0.17571429 -0.27544756 -0.27571429 -0.27571429 -0.27571429 -0.27630108 -0.35714286 -0.35714286 -0.35714286 -0.35714279 0.16571429 0.16571429 0.16571429 0.16571429 0.17285076 0.17285714 0.17285714 0.17285714 0.17285714 0.17285714 0.20714286 0.20714286 0.20714286 0.20714286 0.20667 0.077142857 0.077142857 0.077142857 0.011428573 0.38859923 0.75142857 0.75142857 0.75142857 0.74704335 0.2436138 0.19857143 0.19857143 0.19857143 0.0014285714 0.0014285714 0.24 0.24 0.24 -0.14285714 -0.14285714 -0.14285714 -0.14285714 0.24571429 0.24571429
0.011930272 0.011428571 0.011428571 0.011428567 -0.43 -0.27571827 -0.27571429 -0.27571429 -0.27571429 -0.27571429 -0.29744151 -0.35713258 -0.35714283 0.16571429 0.16571429 0.16571429 0.16571429 0.16571429 0.14399892 0.17285714 0.17285714 0.17285714 0.17285714 0.17285714 -0.098093742 -0.56142441 -0.56142857 -0.56142857 -0.56142857 0.077142854 0.011428573 0.011428571 0.011428571 0.011428571 0.75142857 0.75141804 0.35142857 0.35142857 0.20048008 0.19857143 0.19857143 0.19857143 0.0014285714 0.0014285714 0.20306093 0.24 0.24 -0.14285714 -0.14285714 -0.14285714 -0.13869065 0.24571429 0.24571429
0.011428571 0.011428571 0.011428571 -0.19644673 -0.43 -0.43 -0.27571429 -0.27571429 -0.27571429 -0.27571429 0.43142857 0.43142857 0.43142857 0.16571429 0.16571429 0.16571429 0.16571429 0.16568808 -0.18714286 -0.18714286 0.172857 0.17285714 0.1617972 -0.28142857 -0.28394929 -0.56142857 -0.56142857 -0.56142857 -0.56142857 0.011370241 0.011428571 0.011428571 0.011428571 0.011428571 0.35142998 0.35142857 0.35142857 0.35142857 0.35086147 0.19857143 0.19857143 0.19857143 0.0014285714 0.0014285714 0.0014285714 0.24 0.24 -0.14285713 -0.14285714 -0.14285714 0.24571429 0.24571429 0.24571429
0.011428571 0.011428571 0.011428571 -0.43 -0.43 -0.43 -0.42999976 -0.27571429 -0.27571429 0.4306986 0.43142857 0.43142857 0.43142857 0.43126302 0.037363018 0.0071428571 0.0071428571 0.0071428562 -0.18714286 -0.18714286 -0.18714286 -0.28142857 -0.28142857 -0.28142857 -0.28147459 -0.50073362 -0.56142857 -0.56142857 -0.56142857 -0.43046185 -0.51566244 -0.51571429 -0.51571429 -0.51571429 0.13733317 -0.16142741 -0.16142857 -0.16142857 -0.16142857 -0.45419638 -0.45428571 -0.45428571 0.0014285714 0.0014285714 -0.1857135 -0.18571419 0.075714286 0.075714286 -0.038571429 -0.038571429 -0.038571429 0.24571429 0.11725782
0.011427587 0.011428571 0.011428556 -0.43 -0.43 -0.43 -0.43 -0.87571411 -0.27811332 0.43062672 0.43142857 0.43142857 0.43142857 0.43059601 0.0071428571 0.0071428571 0.0071428571 0.0071428013 -0.18714286 -0.18714286 -0.18714286 -0.28142857 -0.28142857 -0.28142857 -0.44571429 -0.44571429 -0.58714286 -0.58714286 -0.58714286 -0.58675319 -0.51571429 -0.51571429 -0.51571429 -0.51571429 -0.33866882 -0.16142857 -0.16142857 -0.16142857 -0.16142857 -0.45428571 -0.45428571 -0.45428571 -0.44583543 -0.18571429 -0.18571429 -0.18571429 0.075714286 0.075714286 -0.038571428 -0.038571429 -0.038571429 0.11714285 0.11714286
-0.30571429 -0.17266197 -0.63285714 -0.63279829 -0.43 -0.8731354 -0.87571429 -0.87571429 -0.83563264 -0.45285715 -0.45285714 -0.45285714 -0.45285714 -0.048584589 -0.048571428 0.0071428144 0.0071428571 0.0020237142 -0.18714286 -0.18714286 -0.18714286 -0.64428571 -0.64428571 -0.64428571 -0.44571429 -0.44571429 -0.58714286 -0.58714286 -0.58714286 -0.58714301 -0.80285532 -0.80285634 -0.52293119 -0.51602212 -0.92381528 -0.92428571 -0.92428571 -0.92428571 -0.92428571 -0.45428571 -0.45428571 -0.45428571 -0.20050292 -0.18571429 -0.18571429 -0.18571432 0.075714286 0.075714286 0.075710172 -0.038571429 -0.038573728 -0.09 0.11714286
-0.52281591 -0.52285716 -0.63285714 -0.63285714 -0.63285714 -0.87571429 -0.87571429 -0.87571429 -0.76571429 -0.76571429 -0.45285714 -0.45285714 -0.45285714 -0.048571429 -0.048571429 -0.048571429 -0.048571429 -0.048586594 -0.18714286 -0.18714286 -0.18714287 -0.64428571 -0.64428571 -0.64428571 -0.44571429 -0.44571429 -0.58714286 -0.58714286 -0.58714286 -0.80042495 -0.80285714 -0.80285714 -0.80285714 -0.80285714 -0.9242258 -0.92428571 -0.92428571 -0.92428571 -0.92428571 -0.82714276 -0.82714286 -0.82714286 -0.82714286 -0.18571559 -0.35571429 -0.35571429 -0.35571429 0.012857143 0.012857143 0.012857143 -0.09 -0.09 -0.09
-0.52285714 -0.52285714 -0.63285714 -0.63285714 -0.63285714 -0.87443779 -0.87571429 -0.76571429 -0.76571429 -0.76571429 -0.45289566 -0.45285714 -0.52406373 -0.048571541 -0.048571429 -0.048571429 -0.048571429 -0.43285714 -0.43285714 -0.43285714 -0.68428571 -0.68428568 -0.64428591 -0.64428571 -0.64438834 -0.91142857 -0.91142857 -0.9114278 -0.58719526 -1.1385045 -1.1385696 -1.1385128 -0.80343091 -0.80314686 -0.90287749 -0.92428593 -0.92615761 -1.4828571 -1.4828571 -0.82714286 -0.82714286 -0.82714286 -0.82714286 -0.35571429 -0.35571429 -0.35571429 -0.35571429 0.012857143 0.012857143 0.012857143 -0.09 -0.09 -0.09
-0.52285714 -0.52285714 -0.63285714 -0.63285714 -0.63285714 -0.63285714 -0.8345445 -0.76571429 -0.76571429 -0.76571429 -0.7655896 -0.54 -0.54 -0.54 -0.05146753 -0.048571429 -0.43029636 -0.43285714 -0.43285714 -0.43285714 -0.68428571 -0.68428571 -0.68428571 -0.68428571 -0.91142857 -0.91142857 -0.91142857 -0.91142857 -0.91142857 -1.1385714 -1.1385714 -1.1385714 -1.1385714 -1.1385716 -1.2342857 -1.4828571 -1.4828571 -1.4828571 -1.4828571 -1.4828545 -0.75285714 -0.75285714 -0.75285714 -0.5924751 -0.26 -0.26 -0.26 0.012857135 0.012856817 -0.32285714 -0.32285714 -0.011447686 -0.011428571
-0.52285714 -0.52285714 -0.59315487 -0.63285714 -0.63285714 -0.63285715 -1.0466435 -0.76660119 -0.76571429 -0.76571429 -0.54000002 -0.54 -0.54 -0.54 -0.54 -0.49970324 -0.43285714 -0.43285714 -0.43285714 -0.43285714 -0.68428377 -0.68428571 -0.68428571 -0.68428571 -0.91142857 -0.91142857 -0.91142857 -0.91142857 -0.91142857 -1.2663053 -1.1385714 -1.1385714 -1.1385714 -1.2342857 -1.2342857 -1.2344787 -1.4828571 -1.4828571 -1.172525 -0.93142862 -0.75285714 -0.75285714 -0.75285714 -0.59579371 -0.26 -0.26 -0.26 -0.77571429 -0.3284997 -0.32285714 -0.32285714 -0.011428571 -0.011428571
-0.91857143 -0.91857143 -0.91857143 -0.70449357 -0.63318283 -1.0471429 -1.0471429 -1.0471429 -1.0471429 -0.61857143 -0.61857143 -0.54000001 -0.54 -0.54 -0.54 -0.53999321 -0.43285714 -0.43285714 -0.43285714 -0.43285714 -0.57457044 -0.68428571 -0.68428571 -0.67437834 -0.33268606 -0.91142857 -0.91142857 -0.91142857 -1.3114286 -1.3114286 -1.3114286 -1.3114278 -1.2342857 -1.2342857 -1.2342857 -1.2342857 -0.93142857 -0.93142857 -0.93142857 -0.93142857 -0.57 -0.57 -0.57 -0.62142754 -0.62142857 -0.62142857 -0.62142846 -0.77571429 -0.77571429 -0.32340892 -0.32285714 -0.011429191 -0.011428571
