interpolatedSpi/02-01|23_2.tif
NCOLS 53
NROWS 52
XLLCORNER -116.03883
YLLCORNER 28.596182
DX 0.49850594
DY 0.49788537
NODATA_VALUE -9999
-1.39 -1.39 -0.87840172 -0.56 0.11 -0.23 0.01 0.06 -0.10249531 0.22 0.63 0.35 0.63000988 0.75 0.22 0.22 0.22 -0.33 -0.85 -0.85 -0.85 -0.85000279 -1.14 -0.39 -0.39 -0.39 -0.66001821 -0.66 -0.66 -0.87 -0.87 -0.87 -0.87 -2.0399998 -2.04 -2.04 -2.04 -2.04 -2.04 -2.04 -0.87257358 -0.86036906 -2.31 -2.31 -2.31 -2.31 -2.3080073 -1.09 -1.09 -1.09 0.52999664 0.53 0.53 
-1.390012 -1.66 -1.0100004 -0.93301607 -0.65984021 -0.57 -0.9 -0.3398756 -0.52 0.51 0.47 0.63 0.63 0.3712671 0.74999073 0.22 -0.33 -0.33 -0.84932199 -0.85 -0.85 -0.85 -0.38684177 -0.39 -0.39 -0.39 -0.51999999 -0.52 -0.87 -0.87 -0.87 -0.87 -0.87 -2.0399998 -2.04 -2.04 -2.04 -2.04 -2.0399999 -1.7371912 -0.20010671 -2.0539686 -2.31 -2.31 -2.31 -2.31 -2.31 -1.09 -1.09 -1.09 -0.95566805 0.53 0.53 
-1.0500257 -1.05 -1.33 -1 -1.4 -1.17 -1.25 -0.41 -0.41 -0.42 0.19 -0.58 -0.24 0.23 0.37 -1.91 -0.33 -0.33 -0.33 -0.040235469 -0.04 -0.04 -0.33 -0.39 -0.39 -0.39 -0.52 -0.52 -0.52 -0.87 -0.87 -0.87000001 -0.93258201 -2.0363505 -2.0271551 -0.67264559 -0.66 -0.66 -0.60214412 -0.2 -0.2 -0.20269816 -2.31 -2.31 -2.31 -2.31 -2.31 -1.09 -1.09 -1.09 -1.09 0.53 0.53 
0.13 -1.0499999 -0.74015472 -0.53 -1.5 -1.15 -1.24 -1.21 -0.43 -0.061680413 -0.59 -0.37 -0.79 0.23 -5.7474866e-16 -1.91 -0.36193548 -0.34998599 -0.9 -0.04 -0.04 -0.86 -0.33 -0.33 -0.39 -0.39000065 -0.52 -0.52 -0.52 -0.12 -0.6028364 -1 -1 -0.99999974 -0.66 -0.66 -0.66 -0.66 -0.2 -0.2 -0.2 -0.20000008 -2.31 -2.31 -2.31 -2.31 -2.31 -1.0900154 -1.09 -1.09 -1.09 0.52995231 0.53 
0.13 -0.28000084 -0.74 -1.621393 -1.5 -1.53 -0.77006042 -0.75 -0.84 -0.16000022 -0.22823882 -0.25998424 -0.15 4.0388439e-18 -2.627905e-81 -1.2534679 -0.35 -0.35 -0.9 -0.9 -0.040001665 -0.86 -1.17 -0.2 -0.72 -0.71979882 -0.52 -0.52 -0.12 -0.12 -1 -1 -1 -1.1282296 -0.66 -0.66 -0.66 -0.2 -0.2 -0.2 -0.2 -0.19995849 -2.31 -2.31 -2.31 -2.31 -2.31 -2.2991405 -1.09 -1.0899928 -0.93 -0.93 -0.93 
-1.5 -0.42 -0.23999997 -1.11 -0.95 -0.94 -1.29 -1.2208645 0.05 -0.34 -0.39 0.07 0.069999855 0.89 0.89 0.17984307 0.18 -0.05 -0.050000003 -0.8999985 -1.13 -1.13 -0.2 -0.72 -0.72 0.14 -1.58 -1.58 0.22996667 -0.12 -1 -1 -1.68 -1.6799195 -0.91005495 -0.26 -0.26 -0.21856237 -0.2 -0.2 0.2294637 0.23 0.23000174 0.077103843 0.11973143 0.11999935 0.11999992 0.11999909 0.13558191 -0.93 -0.93 -0.93 -0.93 
-2.5999808 -0.93 -1.4687491 -0.14 0.19 -0.62 -0.18 -0.96 -0.96 -0.96 -0.39 -0.41 -0.58999985 0.89 -0.46999593 -0.47 0.18 -1.36 0.8 0.8 -0.9179308 -0.68 -0.68 -0.02000001 0.14 0.14 -1.58 -1.58 0.2299324 0.22875541 -0.65085876 -1.68 -1.68 -0.91 -0.91 -0.085715187 -0.26 -0.26 -0.34999688 0.22999919 0.23 0.23 0.23000802 0.11999693 0.12 0.12 0.12 0.12000014 0.36 -0.92974436 -0.93 -0.93 -0.93 
-2.6 -1.81 -1.2 -1.31 -0.99001834 -0.25 -0.08 -0.75999999 -0.28 -0.26 -0.26 1.1006957e-20 -0.59 -0.59 -0.47082331 -1.125745 -1.19 -0.45 1.0699997 0.8 0.48067422 0.67 -1.22 0.29999999 0.29998104 -1.17 -0.77 -0.77000029 -0.9259352 -0.92999999 -0.65 -0.77345632 -0.75 -0.91 -0.87349287 0.06 0.06 -0.35 -0.35 0.23 0.23 0.23000002 -0.42687515 -0.42999997 0.12 0.12 0.12 0.35999086 0.36 0.36 -0.93 -0.93 -0.93 
-1.5581522 -1.81 -2.34 -1.18 -0.5 -0.85 0.03 0.2 0.34 0.57923128 0.63 0.060000005 0.06 0.22 0.22000216 -0.33239689 -0.33 -0.33 -0.21796966 -1.34 -1.56 -1.56 -1.44 -1.3066984 -1.0218628 -1.17 -0.86 -0.77 -0.39220818 -0.39 -0.78 -0.11 -0.22584248 -0.01 0.37 0.39 0.29 -0.57 -0.11021241 0.23330319 0.97 -0.019999997 -0.4299365 -0.43 -0.4269043 0.12 -1.7099999 0.35999998 0.36 0.36 0.36 -0.76814033 -0.27 
-0.15 -0.15 -1.81 -1.98 -1.24 -1.04 0.32 0.27 0.85 0.64005434 0.4 0.48 0.22 0.22 0.45 0.43930195 -0.33 -0.32997679 -0.27 -1.34 -1.34 -1.3683434 -1.44 -1.3100025 -1.31 -1.31 -0.86 -0.12 -0.12 -0.39 -0.39 -0.11043622 -0.34 -0.01 0.13 0.39 0.29 -0.8 -0.11 0.096596538 -0.019999956 -0.027346788 -0.04 -0.43 -0.43 -1.71 -1.71 -1.71 0.36 0.36 0.37 0.37 0.36999976 
-0.15 -0.15 -3.98 -2.85 -0.92 -0.56 -1.23 -0.21050894 -0.81 -0.62 0.57 -0.16 0.47914759 0.45 0.45 0.44996539 0.15 0.12795643 -0.27 -1.22 -1.22 -0.55 -0.55 -1.31 -1.31 -1.31 -0.12 -0.12 -0.12 -0.28 -0.28 -0.2800001 0.26 0.26 -1.17 -1.17 0.65 -0.81999983 -0.24 0.1 0.1 -0.30999911 -0.04 -0.43 0.40999888 -0.88 0.14198941 0.15 0.08 0.08 0.37 0.37 0.37 
-0.15 -1.8036442 -3.4977887 -1.8699944 -0.9 -1.09 -1.23 -0.21 -0.80999499 -0.62210497 -0.1600006 -0.16 0.31 0.45 0.45 0.15000001 0.15 0.1499761 -0.27 -1.22 -1.0884256 -0.55 -0.55 -1.3099687 -1.31 -0.61640172 0.8 0.8 0.79999988 -0.28 -0.28 1.17 1.17 0.25999608 -1.17 0.78999952 0.41748701 -0.82 -0.82 0.099999987 -0.31 -0.31 -0.30999475 0.41 0.41 -0.88 0.15 0.15 0.08 0.08 0.37 0.37 0.37 
-0.48 -0.85097609 -0.6000848 -0.60919024 -0.90000094 -1.0899955 -1.23 -0.22255562 -0.76865386 -0.80503859 0.31 0.31 0.31 0.31 0.44998017 0.15 0.15 0.14457713 -0.27 -1.2195803 0.21 0.21 0.21 0.21 -1.2825072 0.8 0.8 0.8 0.8 0.79955257 1.17 1.17 1.17 1.17 0.79 0.79 0.79 -0.74234765 -0.80858398 0.7 0.7 -0.30994567 0.55999486 0.41001445 0.41 -0.88 0.15 0.15 0.080000009 0.08 0.36894791 0.37 -0.30592405 
-0.48 -0.6 -0.6 -0.6 -0.6 -0.60000021 -1.2296415 -0.7474518 -0.65834621 0.30879854 0.31 0.31 0.31 0.31 0.30999974 0.15 0.14999993 0.12119087 -0.2699926 0.21 0.21 0.21 0.21 0.21 0.23118685 1.2247095 1.4599999 1.46 1.46 1.46 1.17 1.17 1.1700003 1.42 1.42 0.79 1.5774753 1.6 0.70000052 0.7 0.7 0.7 0.56 0.56 0.56 0.54997891 1.4313929 1.44 1.44 1.44 1.44 0.89999989 0.9 
-0.85 -0.6 -0.6 -0.6 -0.6 -0.6 -0.60000004 -0.62789848 -0.052763349 -0.05 -0.05 -0.05 -0.05 -0.05 -0.049999996 0.077390306 0.14885178 0.092487968 0.20993979 0.21 0.21 0.21 0.21 0.21000045 1.19 1.19 1.1900004 1.46 1.46 1.4599199 1.42 1.42 1.42 1.42 1.42 1.5711661 1.6 1.6 1.6 0.7 0.7 0.7 0.56 0.56 0.56 0.56 1.44 1.44 1.44 1.44 1.44 0.9 0.9 
-0.85 -0.75692784 -0.6 -0.6 -0.6 -0.6 0.27982729 0.28 0.27999999 -0.05 -0.05 -0.05 -0.05 -0.05 -0.02132109 0.08 0.08 0.08 0.59881168 0.5999996 0.6 0.6 0.6 0.6 1.19 1.19 1.19 1.19 1.46 1.42 1.42 1.42 1.42 1.42 1.42 1.83 1.6003045 1.6 1.6 0.70004381 0.7867595 0.98913325 0.56 0.56 1.8659573 1.87 1.87 1.4401171 1.5097554 1.51 1.51 1.1399638 0.90000049 
-0.85 -0.47047412 -0.52915355 -0.6 -0.6 0.27948005 0.28 0.28 0.28 0.27762193 -0.05 -0.05 -0.05 -0.049999984 0.08 0.08 0.08 0.08 0.59953549 0.6 0.6 0.6 0.6 0.6 1.19 1.19 1.19 1.19 1.1908366 1.42 1.42 1.42 1.25 1.4200376 1.83 1.83 1.83 1.8263553 1.0286327 0.99 0.99 0.99 1.83 1.83 1.87 1.87 1.87 1.51 1.51 1.51 1.51 1.14 1.14 
-0.46007804 -0.46 -0.46 -0.45999999 0.51 0.28000593 0.28 0.28 0.28 0.28 -0.055299447 -0.050000912 -0.050000002 0.08 0.08 0.08 0.08 0.08 0.19778193 0.6 0.6 0.6 0.6 0.6 0.94836579 1.0600007 1.06 1.06 1.06 1.42 1.25 1.25 1.25 1.25 1.83 1.8299913 1.5 1.5 0.99636811 0.99 0.99 0.99 1.83 1.83 1.8638066 1.87 1.87 1.51 1.51 1.51 1.5060326 1.14 1.14 
-0.46 -0.46 -0.46 -0.0032125299 0.51 0.51 0.28 0.28 0.28 0.28 -0.12 -0.12 -0.12 0.08 0.08 0.08 0.08 0.080074365 1.3 1.3 0.60000028 0.6 0.62678037 1.7 1.6942384 1.06 1.06 1.06 1.06 1.2499807 1.25 1.25 1.25 1.25 1.5000012 1.5 1.5 1.5 1.4982207 0.99 0.99 0.99 1.83 1.83 1.83 1.87 1.87 1.51 1.51 1.51 1.14 1.14 1.14 
-0.46 -0.46 -0.46 0.51 0.51 0.51 0.50999965 0.28 0.28 -0.11958708 -0.12 -0.12 -0.12 -0.11987538 0.44424009 0.53 0.53 0.53 1.3 1.3 1.3 1.7 1.7 1.7 1.6998235 1.0652452 1.06 1.06 1.06 1.8637277 2.0099253 2.01 2.01 2.01 1.604479 1.7499994 1.75 1.75 1.75 2.2198317 2.22 2.22 1.83 1.83 1.9299996 1.9299999 1.72 1.72 1.83 1.83 1.83 1.14 1.0001252 
-0.4599982 -0.46 -0.45999997 0.51 0.51 0.51 0.51 0.93999981 0.28263894 -0.11992746 -0.12 -0.12 -0.12 -0.11872452 0.53 0.53 0.53 0.53000022 1.3 1.3 1.3 1.7 1.7 1.7 1.07 1.07 2.04 2.04 2.04 2.0398363 2.01 2.01 2.01 2.01 1.8800715 1.75 1.75 1.75 1.75 2.22 2.22 2.22 2.2108755 1.93 1.93 1.93 1.72 1.72 1.83 1.83 1.83 1 1 
0.12 -0.13940494 0.21 0.21008704 0.51 0.93751203 0.94 0.94 0.87076806 -0.039999982 -0.04 -0.04 -0.04 1.6399453 1.64 0.53000085 0.53 0.55028837 1.3 1.3 1.3 1.85 1.85 1.85 1.07 1.07 2.04 2.04 2.04 2.0400007 2.9999937 2.9999972 2.0348822 2.0110613 2.5493821 2.55 2.55 2.55 2.55 2.22 2.22 2.22 1.9459684 1.93 1.93 1.9299999 1.72 1.72 1.720004 1.83 1.8299893 1.59 1 
0.1299981 0.13000001 0.21 0.21 0.21 0.94 0.94 0.94 0.75 0.75 -0.04 -0.04 -0.04 1.64 1.64 1.64 1.64 1.639958 1.3 1.3 1.3 1.85 1.85 1.85 1.07 1.07 2.04 2.04 2.04 2.9891759 3 3 3 3 2.550222 2.55 2.55 2.55 2.55 2.4199999 2.42 2.42 2.42 1.9299976 1.62 1.62 1.62 1.24 1.24 1.24 1.59 1.59 1.59 
0.13 0.13 0.21 0.21 0.21 0.93616299 0.94 0.75 0.75 0.75 -0.03990275 -0.04 1.349112 1.64 1.64 1.64 1.64 2.19 2.19 2.19 2.04 2.0399999 1.8500009 1.85 1.8500893 2.37 2.37 2.3699992 2.0400533 2.6400717 2.6400019 2.6400629 2.9993847 2.9996893 2.629911 2.5499997 2.5474196 1.78 1.78 2.42 2.42 2.42 2.42 1.62 1.62 1.62 1.62 1.24 1.24 1.24 1.59 1.59 1.59 
0.13 0.13 0.21 0.21 0.21 0.21 0.86888855 0.75 0.75 0.75 0.75050267 1.66 1.66 1.66 1.6401179 1.64 2.1863349 2.19 2.19 2.19 2.04 2.04 2.04 2.04 2.37 2.37 2.37 2.37 2.37 2.64 2.64 2.64 2.64 2.6399988 2.06 1.78 1.78 1.78 1.78 1.78 1.67 1.67 1.67 1.6276967 1.54 1.54 1.54 1.24 1.2399995 0.72 0.72 0.93016056 0.93 
0.13 0.13 0.18112562 0.21 0.21 0.21000004 1.9378883 0.75375022 0.75 0.75 1.66 1.66 1.66 1.66 1.66 1.6584395 2.19 2.19 2.19 2.19 2.0400012 2.04 2.04 2.04 2.37 2.37 2.37 2.37 2.37 2.6030522 2.64 2.64 2.64 2.06 2.06 2.0597826 1.78 1.78 1.1553158 0.6700001 1.67 1.67 1.67 1.6266394 1.54 1.54 1.54 0.26 0.71426844 0.72 0.72 0.93 0.93 
1.9 1.9 1.9 0.63372946 0.21254305 1.94 1.94 1.94 1.94 1.56 1.56 1.66 1.66 1.66 1.66 1.6600336 2.19 2.19 2.19 2.19 2.1054551 2.04 2.04 2.0381681 1.9878115 2.37 2.37 2.37 2.59 2.59 2.59 2.5900002 2.06 2.06 2.06 2.06 0.67 0.67 0.67 0.67 0.89 0.89 0.89 1.089996 1.09 1.09 1.0900001 0.26 0.26 0.71943952 0.72 0.92999501 0.93 
1.9 1.9 1.9 1.9000022 1.94 1.94 1.94 1.94 1.94 1.56 1.56 1.56 1.77 1.77 1.77 1.77 2.1885712 2.19 2.19 2.19 2.1877216 1.9700002 1.97 1.97 1.97 1.97 2.21 2.21 2.59 2.59 2.59 2.59 2.0599995 2.06 2.06 2.0599446 0.67 0.67 0.67 0.66960519 0.89 0.89 0.89 1.0899907 1.09 1.09 1.09 0.26 0.26 0.25999996 -0.06 -0.06 0.26 
1.9 1.9 1.9 1.9399999 1.94 1.94 1.94 1.94 1.94 1.56 1.56 1.56 1.77 1.77 1.77 1.7425826 1.41 1.41 1.410002 2.1855944 1.97 1.97 1.97 1.97 1.97 1.9701806 2.21 2.21 2.21 2.59 2.59 2.5890023 1.38 1.38 1.38 0.65 0.65 0.58 0.58 0.58 0.46 0.88986512 0.88999694 0.48 0.48 0.50311831 1.089997 0.26 0.26 -0.06 -0.06 -0.06 0.26 
1.9 1.9 1.9 1.94 1.94 1.94 1.94 1.94 1.94 1.56 1.56 1.761603 1.77 1.77 1.77 1.41 1.41 1.41 1.41 1.41 1.97 1.97 1.97 1.97 1.97 2.2099992 2.21 2.21 2.21 1.04 1.04 1.04 1.38 1.38 1.38 0.65 0.65 0.58 0.58 0.46 0.46 0.46 0.48 0.48 0.48 0.48 0.42413981 -0.2 -0.2 -0.2 -0.06 -0.06 -0.06 
1.9 1.9 1.9000557 1.94 1.94 1.94 1.94 1.7971982 1.79 1.7896051 1.56 1.7699832 1.77 1.77 1.7699988 1.41 1.41 1.41 1.41 1.41 0.41640517 1.97 1.97 1.97 1.9696643 2.2098948 2.21 2.21 2.21 1.04 1.04 1.04 1.0400442 1.38 0.65 0.65 0.65 0.64999691 0.57999182 0.46 0.46 0.46 0.47999879 0.48 0.48 0.48 -0.19999853 -0.2 -0.2 -0.2 -0.060000001 -0.06 -0.06 
1.62 1.6200005 1.9399677 1.94 1.94 1.94 1.7900319 1.79 1.79 1.79 1.57 1.57 1.57 1.57 1.4107385 1.41 1.41 1.41 1.41 0.35000063 0.35 0.35 0.34000027 0.34 0.34 0.34 0.50140505 2.21 0.45007208 0.45 0.45 0.45 0.45 0.36 0.36 0.36 0.36 0.36 0.4 0.4 0.4 0.4 0.4 -0.059185988 -0.06 -0.06 -0.06 -0.2 -0.2 -0.2 -0.060022056 -0.06 -0.06 
1.62 1.62 1.6195815 1.5700007 1.5700001 1.5702147 1.79 1.79 1.79 1.79 1.57 1.57 1.57 1.57 1.57 1.41 1.41 1.41 0.35000027 0.35 0.35 0.35 0.34 0.34 0.34 0.34 0.34 0.34039578 0.44966018 0.45 0.45 0.45 0.44986349 0.3940141 0.36003522 0.36 0.36 0.36 0.4 0.4 0.4 0.4 0.4 -0.06 -0.06 -0.06 -0.06 -0.12546674 -0.2 0.40319427 0.41 0.53 0.53 
1.62 1.62 1.5700063 1.57 1.57 1.57 1.6258791 1.79 1.79 1.79 1.57 1.57 1.57 1.57 1.57 1.410117 1.41 0.35031079 0.35 0.35 0.35 0.35 0.34370456 0.34 0.34 0.34 0.34 0.3394546 -0.43 -0.43 -0.43 -0.43 -0.43 0.42 0.42 0.42 0.42 0.42 0.31 0.31 0.31 0.31 0.31 -0.058876833 -0.059999765 -0.059999998 -0.059922026 -0.050550027 0.41 0.41 0.41 0.52999933 0.53 
1.6199982 0.67871614 1.5699999 1.57 1.57 1.57 1.57 1.7899063 1.79 1.79 1.57 1.57 1.57 1.57 0.91488161 0.9 0.9 0.35001415 0.35 0.35 0.35 0.35 0.34999991 0.34 0.34 0.34 0.34 -0.58999982 -0.58999993 -0.55594811 -0.43 -0.43 -0.43 0.42 0.42 0.42 0.42 0.41990518 0.31 0.31 0.31 0.31 0.31000536 0.4 0.4 0.4 0.4 0.40000081 0.41 0.41 0.41 0.41000043 1.1113108 
0.66 0.66 0.87113393 1.57 1.57 1.57 1.57 1.57 1.7899046 1.14 1.14 1.14 1.1410205 0.90000096 0.9 0.9 0.9 0.9 0.34999556 0.31204818 -0.02 -0.02 -0.02 0.067092844 0.25676217 -0.18862768 -0.56438638 -0.59 -0.59 -0.59 -0.59 -0.59 -0.57489869 0.27921437 0.28 0.28 0.28 0.28 0.32314975 0.37999987 0.38 0.38 0.38 0.59999941 0.40000005 0.4 0.4 0.79 0.41000609 0.41 0.41 1.12 1.12 
0.66 0.66 0.95 0.95 0.95 1.5697935 1.57 1.57 1.14 1.14 1.14 1.14 1.14 0.90000001 0.9 0.9 0.9 0.9 -0.02 -0.02 -0.02 -0.02 -0.02 -0.69999996 -0.7 -0.7 -0.7 -0.59 -0.59 -0.59 -0.59 -0.59 0.21 0.21 0.28 0.28 0.28 0.39997956 0.4 0.38 0.38 0.38 0.38000002 0.6 0.6 0.6 0.79 0.79 0.79 1.5 1.5 1.12 1.12 
0.66 0.66 0.95 0.95 0.95 0.95 0.95000011 0.97 1.1398399 1.14 1.14 1.14 1.14 0.90299378 0.9 0.9 0.9 0.9 -0.019999982 -0.02 -0.02 -0.02 -0.02 -0.7 -0.7 -0.7 -0.7 -0.69999955 -0.59 -0.59 -0.59 0.20995806 0.21 0.21 0.21 0.28 0.4 0.4 0.4 0.39947376 0.47273093 0.49 0.49 0.6 0.6 0.6 0.79 0.79 0.79 1.5 1.5 1.5 1.0022569 
0.87 0.86999835 0.95 0.95 0.95 0.95 0.97 0.97 0.97 1.14 1.14 1.14 1.14 1.1399254 0.9 0.9 0.9 0.9 -0.01998382 -0.02 -0.02 -0.020000001 -0.58020678 -0.7 -0.7 -0.7 -0.7 -0.5800001 -0.58 -0.58 -0.58986278 0.21 0.21 0.21 0.21 0.21 0.4 0.4 0.4 0.4 0.49 0.49 0.49 0.3 0.3 0.3 1.0799718 0.79 0.79 1.5 1.5 1.5 0.9899995 
0.87 0.87 0.95 0.95 0.95 0.97 0.97 0.97 0.97 1.1213619 1.14 1.14 1.14 1.139999 0.98998964 0.99 0.99 0.99 0.16101054 -0.11 -0.11 -0.11 -0.11 -0.7 -0.7 -0.7 -0.69999208 -0.58 -0.58 -0.58 -0.58 0.20997021 0.21 0.21 0.21 0.21 0.39790888 -0.15998834 -0.16 -0.16 0.48959269 -0.029999984 -0.03 0.3 0.3 0.3000033 1.08 1.08 1.43 1.43 1.43 0.89 0.81 
0.87 0.87 0.49 0.49 0.49 0.97 0.97 0.97 0.97 1.03 1.03 1.03 1.03 1.0271811 0.99 0.99 0.99 0.99 0.17 -0.11 -0.11 -0.11 -0.11 -0.07 -0.070000249 -0.69999907 -0.58 -0.58 -0.58 -0.58 -0.30154862 -0.03 0.18144329 0.21 0.21 0.21 -0.16 -0.16 -0.16 -0.16 -0.03 -0.03 -0.03 0.79973827 0.8 1.0787414 1.08 1.08 1.4299971 1.43 0.89 0.89 0.81 
0.87 0.49 0.49 0.49 0.49 0.49 0.97062103 1.05 1.05 1.03 1.03 1.03 1.03 1.0299905 0.99 0.99 0.99 0.9529498 0.17 0.17 -0.11 -0.11 -0.07 -0.07 -0.07 -0.07 -0.58 -0.58 -0.58 -0.58 -0.03 -0.03 -0.03 0.20975714 0.21 0.21 -0.16 -0.16 -0.16 -0.16 -0.03 -0.03 -0.03 0.8 0.8 0.80003286 1.38 1.38 0.84 0.84 0.89 0.89 0.81 
0.49356867 0.49 0.49 0.49 0.49 0.49 1.05 1.05 1.05 1.0392952 1.03 1.03 1.03 1.0299954 0.99 0.99 0.99 0.17 0.17 0.17 -0.10998601 -0.10999976 -0.07 -0.07 -0.07 -0.07 -0.57996375 -0.58 -0.58 -0.030126486 -0.03 -0.03 -0.03 -0.03 0.20838148 -0.51 -0.51 -0.50394264 -0.16 -0.16 -0.030000115 -0.03 0.77586758 0.8 0.8 1.3799998 1.38 1.38 0.84 0.84 0.33 0.33 0.46 
0.49 0.49 0.49 0.49 0.49 0.49 1.05 1.05 1.05 1.05 0.80000663 0.8 0.8 0.8 0.98999779 0.52847287 0.27 0.27 0.17018435 0.17 0.16999994 -0.070000058 -0.07 -0.07 -0.07 -0.07 -0.070370798 -0.58 -0.5799812 -0.03 -0.03 -0.03 -0.03 -0.03 -0.51 -0.51 -0.51 -0.51 -0.51 -0.50999581 0.75 0.75 0.75000018 1.28 1.28 1.28 0.75 0.75 0.44 0.44 0.33 0.33000028 0.46 
0.49 0.49 0.49 0.49 0.49 0.49 1.05 1.05 1.05 0.8 0.8 0.8 0.8 0.8 0.66029327 0.27 0.27 0.27 0.27 0.27 0.26522533 -0.069999999 -0.07 -0.07 -0.070000002 -0.086956545 -0.60915383 -0.58408223 -0.032712313 -0.03 -0.03 -0.03 -0.03 -0.030001051 -0.51 -0.51 -0.51 -0.51 -0.51 0.076149072 0.75 0.75 0.75 1.28 1.28 1.28 0.75 0.75 0.44 0.44 1.16 0.49861487 0.46 
0.49 0.49 0.49 0.49 0.49 0.49000017 1.0499999 1.05 1.0396236 0.8 0.8 0.8 0.8 0.8 0.77457794 0.27 0.27 0.27 0.27 0.27 0.27 -0.52467787 -0.60999924 -0.61 -0.61 -0.61 -0.61 -0.61 -0.83601877 -0.83999041 -0.83999998 -0.84 -0.84 -0.83999976 -0.51 -0.51 -0.51 -0.51 -0.51 0.74999985 0.75 0.75 0.75 0.75000024 1.2800481 1.31 0.75000006 1.3297931 0.44078858 1.16 1.16 1.1560505 0.97 
0.49 0.49 0.49 0.49 0.49 0.49003577 1.0499698 1.0499849 0.80000031 0.8 0.8 0.8 0.8 0.8 0.78991523 0.27 0.27 0.27 0.27 0.27 0.27 -0.61 -0.61 -0.61 -0.61 -0.61 -0.61 -0.61 -0.83993651 -0.84 -0.84 -0.84 -0.84 -0.84 -0.74958003 -0.51 -0.51 -0.51 -0.51 0.75 0.75 0.75 0.75 0.75014346 1.31 1.31 1.310188 1.34 1.34 1.16 1.16 0.97 0.97 
0.49 0.49 0.49 0.49 0.49 0.49074684 1.0493282 0.82821087 0.8 0.8 0.8 0.8 0.8 0.8 0.79072144 0.27 0.27 0.27 0.27 0.27 0.14470399 -0.61 -0.61 -0.61 -0.61 -0.61 -0.61 -0.61 -0.83999908 -0.84 -0.84 -0.84 -0.84 -0.84 -0.84 -0.41006026 -0.25467881 -0.16972377 -0.15678026 0.72236017 0.74999999 0.75 0.75 1.3099553 1.31 1.3088062 1.1100011 1.34 1.34 1.0399149 1.04 1.04 0.97000003 
0.49 0.49 0.49 0.49 0.49000057 0.49467007 1.0244624 0.80006874 0.8 0.8 0.8 0.8 0.8 0.8 0.78762368 0.27 0.27 0.27 0.27 0.27 -0.6099962 -0.61 -0.61 -0.61 -0.61 -0.61 -0.61 -0.61 -0.83999994 -0.84 -0.84 -0.84 -0.84 -0.84 -0.83999986 -0.15 -0.15 -0.15 -0.15 0.32 0.32 0.32 0.32 1.1100006 1.11 1.11 1.11 1.109995 0.65 0.65 1.04 1.04 0.49277458 
0.49 0.49 0.49 0.49000004 0.49001564 0.50508964 0.81618667 0.80000326 0.8 0.8 0.8 0.8 0.8 0.8 0.78200853 0.27000022 0.27 0.27 0.27 0.26470367 -0.61 -0.61 -0.61 -0.61 -0.61 -0.61 -0.61 -0.61 -0.83999995 -0.84 -0.84 -0.84 -0.84 -0.84 -0.15000063 -0.15 -0.15 -0.15 -0.15 0.32 0.32 0.32 0.32 0.5332176 1.11 1.11 1.11 0.65000515 0.65 0.65 0.25 0.25 0.25 
0.49 0.49 0.49000003 0.49000127 0.49015267 0.53523424 0.80081575 0.80000082 0.8 0.8 0.8 0.8 0.8 0.79999997 0.77440216 0.27001246 0.27 0.27 0.26999899 -0.59216981 -0.61 -0.61 -0.61 -0.61 -0.61 -0.61 -0.61 -0.61 -0.83999978 -0.84 -0.84 -0.84 -0.84 -0.98640791 -0.15000027 -0.15 -0.15 -0.15 -0.15 0.32 0.32 0.32 0.32 0.32 1.11 1.11 1.11 0.65 0.65 0.65 0.25 0.25 0.25 
0.49000001 0.49000004 0.49000053 0.49001495 0.49085082 0.68157976 0.80012859 0.8000005 0.8 0.8 0.8 0.8 0.8 0.799999 0.7653588 0.27019356 0.27000001 0.26999997 0.26544381 -0.60992517 -0.61 -0.61 -0.61 -0.61 -0.61 -0.61 -0.61 -0.61000013 -0.83999856 -0.84 -0.84000014 -1.0224176 -1.04 -1.04 -1.04 -0.15 -0.15 -0.15 -0.15 0.32 0.32 0.32 0.32 0.32 1.109986 1.11 1.1099998 0.65000003 0.65 0.64999978 0.25 0.25 0.25 
