interpolatedSpi/02-02|19_1.tif
NCOLS 53
NROWS 52
XLLCORNER -116.03883
YLLCORNER 28.596182
DX 0.49850594
DY 0.49788537
NODATA_VALUE -9999
0.45 0.45 0.079829053 0.86 0.56 0.44 0.43 0.46 0.46548346 0.31 0.33 0.5 0.34004611 0.9 0.21 0.21 0.21 0.73 0.11 0.11 0.11 0.10998497 -1.45 -0.03 -0.03 -0.03 -0.88000943 -0.88 -0.88 -0.69 -0.69 -0.69 -0.69 -1.8699998 -1.87 -1.87 -1.87 -1.87 -1.87 -1.87 -0.85097496 -0.83985251 -0.26 -0.26 -0.26 -0.26 -0.26147001 -1.16 -1.16 -1.16 -1.4799993 -1.48 -1.48 
0.44995246 -0.62 0.21999995 0.13018541 0.16961429 0.54 0.36 0.25045932 0.5 0.54 0.56 0.34 0.34 0.71063355 0.89999161 0.21 0.73 0.73 0.1108084 0.11 0.11 0.11 -0.025789033 -0.03 -0.03 -0.03 0.079999992 0.08 -0.69 -0.69 -0.69 -0.69 -0.69 -1.8699998 -1.87 -1.87 -1.87 -1.87 -1.8699999 -1.5496573 0.049905452 -0.22238424 -0.26 -0.26 -0.26 -0.26 -0.26 -1.16 -1.16 -1.16 -1.1865347 -1.48 -1.48 
1.5254181e-05 1.7160033e-29 0.18 0.45 0.11 -0.04 0.38 0.25 -0.15 0.39 0.66 -0.16 0.24 1.34 0.71 0.17 0.73 0.73 0.73 0.48988953 0.49 0.49 0.05 -0.03 -0.03 -0.03 0.08 0.08 0.08 -0.69 -0.69 -0.68999999 -0.60334799 -1.8654174 -1.8540836 -0.17566953 -0.16 -0.16 -0.13358753 0.049999999 0.05 0.049603588 -0.26 -0.26 -0.26 -0.26 -0.26 -1.16 -1.16 -1.16 -1.16 -1.48 -1.48 
1.27 1.6141227e-08 0.079848345 0.27 -0.45 -0.02 0.13 0.21 -0.02 0.95838422 0.27 0.22 0.52 1.34 0.95 0.17 0.23946443 0.24034332 0.18 0.49 0.49 -0.45 0.05 0.05 -0.03 -0.029999451 0.08 0.08 0.08 -0.23 -0.38362976 -0.51 -0.51 -0.50999972 -0.16 -0.16 -0.16 -0.16 0.05 0.05 0.05 0.049999988 -0.26 -0.26 -0.26 -0.26 -0.26 -1.1599886 -1.16 -1.16 -1.16 -1.479921 -1.48 
1.27 0.77999872 0.08 -0.52775013 -0.45 -0.4 -0.40996863 -0.16 0.37 0.05000019 0.075731019 0.09012032 0.93 0.95 0.95 0.42920319 0.24 0.24 0.18 0.18 0.4899982 -0.45 -0.66 0.1 0.68 0.6798642 0.08 0.08 -0.23 -0.23 -0.51 -0.51 -0.51 -0.39874174 -0.16 -0.16 -0.16 0.05 0.05 0.05 0.05 0.050118731 -0.25999998 -0.26 -0.26 -0.26 -0.26 -0.26801112 -1.16 -1.1599058 0.94 0.94 0.94 
-0.82 0.6 0.50000001 -0.13 -0.15 0.28 -0.3 -0.28207599 0.15 0.24 0.21 0.53 0.53000026 0.07 0.07 0.2101014 0.21 0.29 0.29 0.18000026 0.26 0.26 0.1 0.68 0.68 0.1 -0.15 -0.15 0.0099788349 -0.23 -0.51 -0.51 0.08 0.080029256 0.35997999 0.62 0.62 0.22634251 0.05 0.05 1.2784659 1.28 1.2800023 1.2921087 1.3198254 1.3199996 1.3199999 1.3199994 0.2415849 0.94 0.94 0.94 0.94 
0.2200002 0.13 0.59238185 0.89 1.46 0.06 0.47 0.21 0.44 0.44 0.21 0.47 0.15000015 0.07 0.62999832 0.63 0.21 0.74 0.48 0.48 0.18931027 0.11 0.11 0.19000001 0.1 0.1 -0.15 -0.15 0.01002739 0.010504272 0.58965814 0.08 0.08 0.36 0.36 0.20062717 0.62 0.62 0.50000416 1.2799989 1.28 1.28 1.280013 1.3200013 1.32 1.32 1.32 1.3199993 0.17 0.93984741 0.94 0.94 0.94 
0.22 -0.8 0.29 0.6 0.51000516 0.21 0.64 0.58000002 1 1.47 1.47 0.72 0.15 0.15 0.62670675 0.96698008 1 1 -0.12999937 0.48 0.77877514 0.8 0.23 0.3 0.30000026 0.32 0.99 0.9899996 0.47835305 0.48 0.59 0.58873092 0.62 0.36 0.36256691 -0.15 -0.15 0.5 0.5 1.28 1.28 1.28 1.5609339 1.56 1.32 1.32 1.32 0.17004377 0.17 0.17 0.94 0.94 0.94 
-0.60428695 -0.79999999 -0.14 0.65 0.19 0.04 0.49 0.95 0.73 1.5194632 1.25 0.67000002 0.67 0.42 0.42000273 0.17231328 0.17 0.17 0.82750376 1.4899998 0.55 0.55 0.39 0.29305337 0.31798453 0.32 0.82 0.99 0.45313794 0.45 0.58 0.8 0.73452453 -0.2 0.45 0.22 0.71 1.02 1.0699769 1.2842852 2.24 1.75 1.5599365 1.56 1.5586492 1.32 0.93000002 0.17000001 0.17 0.17 0.17 0.98731283 1.15 
0.49 0.49 -0.09 -0.02 0.73 0.34 0.66 1.09 1.96 1.7200272 1.61 0.59 0.42 0.42 0.71 0.70259366 0.17 0.17021124 1.06 1.49 1.49 1.3688965 0.39 0.42999924 0.43 0.43 0.82 1.1 1.1 0.45 0.45 0.79975344 0.67 -0.2 0.77 0.22 0.71 0.24 1.07 2.3587689 1.75 1.5369432 1.17 1.56 1.56 0.93 0.93 0.93 0.17 0.17 1.32 1.32 1.3199999 
0.49 0.49 -0.7 -0.32 -0.36 0.75 0.66000001 1.2499065 1.18 1.46 1.12 0.78 0.59025269 0.71 0.71 0.71008421 1.44 1.4200558 1.06 2.1 2.1 2.2 2.2 0.43 0.43 0.43 1.1 1.1 1.1 0.04 0.04 0.040001039 0.51 0.51 -0.41 0.26 1.76 1.0199998 0.89 2.38 2.38 1.1400001 1.17 1.56 1.8599992 0.8 1.4079328 1.41 1.75 1.75 1.32 1.32 1.32 
0.49 -0.023786561 -0.53784045 -0.76999202 0.83 0.05 0.66 1.25 1.1800006 1.4568979 0.78000089 0.78 1.92 0.71 0.71 1.44 1.44 1.4399784 1.06 2.1 2.119638 2.2 2.2 0.43007141 0.43 0.79159152 1.53 1.53 1.5299999 0.04 0.04 1.38 1.38 0.50999748 -0.41 2.0099995 1.6381313 1.02 1.02 2.38 1.14 1.14 1.1400052 1.86 1.86 0.8 1.41 1.41 1.75 1.75 1.32 1.32 1.32 
0.6 0.66840677 0.77995843 0.76878871 0.8299957 0.050018417 0.65999998 1.2427374 1.1848237 1.1873115 1.92 1.92 1.92 1.92 0.7101714 1.44 1.44 1.4350936 1.06 2.1000687 2.36 2.36 2.36 2.36 0.46357264 1.53 1.53 1.53 1.53 1.5290838 1.38 1.38 1.38 1.38 2.01 2.01 2.01 1.0677113 1.0297637 2.32 2.32 1.1400635 1.9699962 1.8600106 1.86 0.8 1.41 1.41 1.75 1.75 1.32156 1.32 1.3419201 
0.6 0.78 0.78 0.78 0.78 0.7799997 0.65843863 0.93915695 1.197693 1.9192101 1.92 1.92 1.92 1.92 1.9200001 1.44 1.4399999 1.4139346 1.0600095 2.36 2.36 2.36 2.36 2.36 2.3305979 1.3796011 1.36 1.36 1.36 1.36 1.38 1.38 1.3800001 1.43 1.43 2.01 2.0197219 2.02 2.3199998 2.32 2.32 2.32 1.97 1.97 1.97 1.9618579 1.4992877 1.5 1.5 1.5 1.5 1.9099999 1.91 
1.68 0.78 0.78 0.78 0.78 0.78 0.77999999 1.2220156 2.1450286 2.15 2.15 2.15 2.15 2.15 2.15 1.9539665 1.4480597 1.3879655 2.3598367 2.36 2.36 2.36 2.36 2.3599989 1 1 1.0000005 1.36 1.36 1.3595995 1.16 1.16 1.43 1.43 1.43 1.9254884 2.02 2.02 2.02 2.32 2.32 2.32 1.97 1.97 1.97 1.97 1.5 1.5 1.5 1.5 1.5 1.91 1.91 
1.68 1.3449402 0.78 0.78 0.78 0.78 2.2797056 2.28 2.28 2.15 2.15 2.15 2.15 2.15 2.1058786 1.95 1.95 1.95 1.4428021 1.4400009 1.44 1.44 1.44 1.44 1 1 1 1 1.36 1.16 1.16 1.16 1.43 1.43 1.43 2.01 2.0199868 2.02 2.02 2.3198636 2.0477547 1.4127198 1.97 1.97 1.611111 1.61 1.61 1.501248 2.2573441 2.2599999 2.2599999 2.89985 1.910002 
1.68 1.8065091 1.3012274 0.78 0.78 2.2791137 2.28 2.28 2.28 2.2790632 2.15 2.15 2.15 2.15 1.95 1.95 1.95 1.95 1.4404556 1.44 1.44 1.44 1.44 1.44 1 1 1 1 1.000582 1.16 1.16 1.16 1.72 1.430066 2.01 2.01 2.01 2.0043945 1.4486194 1.41 1.41 1.41 1.68 1.68 1.61 1.61 1.61 2.26 2.26 2.26 2.26 2.9 2.9 
1.8103476 1.81 1.81 1.81 2.01 2.279993 2.28 2.28 2.28 2.28 2.1552996 2.1500009 2.15 1.95 1.95 1.95 1.95 1.95 1.7370468 1.44 1.44 1.44 1.44 1.44 1.3765151 1.6099967 1.61 1.61 1.61 1.16 1.72 1.72 1.72 1.72 2.01 2.0099866 1.5 1.5 1.4111238 1.41 1.41 1.41 1.68 1.68 1.6208384 1.61 1.61 2.26 2.26 2.26 2.2668625 2.9 2.9 
1.81 1.81 1.81 1.904183 2.01 2.01 2.28 2.28 2.28 2.28 2.22 2.22 2.22 1.95 1.95 1.95 1.95 1.9497835 -0.79 -0.79 1.4399991 1.44 1.4044551 -0.019999999 -0.005325822 1.61 1.61 1.61 1.61 1.7199888 1.72 1.72 1.72 1.72 1.5000018 1.5 1.5 1.5 1.4996702 1.41 1.41 1.41 1.68 1.68 1.68 1.61 1.61 2.26 2.26 2.26 2.9 2.9 2.9 
1.81 1.81 1.81 2.01 2.01 2.01 2.0100004 2.28 2.28 2.2200619 2.22 2.22 2.22 2.2198318 0.88965664 0.64 0.64 0.63999999 -0.79 -0.79 -0.79 -0.02 -0.02 -0.02 -0.019798307 1.1326829 1.61 1.61 1.61 1.1074599 0.97007377 0.97 0.97 0.97 1.4037992 1.2700005 1.27 1.27 1.27 1.899933 1.9 1.9 1.68 1.68 2.0199986 2.0200001 2.35 2.35 2.79 2.79 2.79 2.9 2.2905454 
1.810002 1.81 1.81 2.01 2.01 2.01 2.01 2.2 2.2796801 2.2198821 2.22 2.22 2.22 2.2168996 0.64 0.64 0.64 0.63999959 -0.79 -0.79 -0.79 -0.02 -0.02 -0.02 0.7 0.7 0.48 0.48 0.48 0.4826731 0.97 0.97 0.97 0.97 1.1199176 1.27 1.27 1.27 1.27 1.9 1.9 1.9 1.9037757 2.02 2.02 2.02 2.35 2.35 2.79 2.79 2.79 2.29 2.29 
2.47 2.1513211 1.79 1.7900638 2.01 2.1989007 2.2 2.2 2.2072876 2.09 2.09 2.09 2.09 0.84004069 0.84 0.64000015 0.64 0.6023216 -0.79 -0.79 -0.79 -0.22 -0.22 -0.22 0.7 0.7 0.48 0.48 0.48 0.48000002 0.51000292 0.51000129 0.95843859 0.96950685 1.0598971 1.06 1.06 1.06 1.06 1.9 1.9 1.9 2.0133922 2.02 2.02 2.02 2.35 2.35 2.3500158 2.79 2.7899526 1.73 2.29 
1.970095 1.97 1.79 1.79 1.79 2.2 2.2 2.2 2.22 2.22 2.09 2.09 2.09 0.84 0.84 0.84 0.84 0.83981836 -0.79 -0.79 -0.78999998 -0.22 -0.22 -0.22 0.7 0.7 0.48 0.48 0.48 0.50966175 0.51 0.51 0.51 0.51 1.0597286 1.06 1.06 1.06 1.06 1.5000001 1.5 1.5 1.5 2.02 2.02 2.02 2.02 1.92 1.92 1.92 1.73 1.73 1.73 
1.97 1.97 1.79 1.79 1.79 2.197845 2.2 2.22 2.22 2.22 2.090016 2.09 1.3137315 0.84000007 0.84 0.84 0.84 0.21 0.21 0.21 -0.94999998 -0.94999946 -0.22000356 -0.22 -0.22003811 -0.72 -0.72 -0.71999714 0.47980607 0.27004783 0.27000128 0.2700419 0.50958982 0.50979288 0.9618867 1.0599998 1.0586595 0.66 0.66 1.5 1.5 1.5 1.5 2.02 2.02 2.02 2.02 1.92 1.92 1.92 1.73 1.73 1.73 
1.97 1.97 1.79 1.79 1.79 1.79 2.2074854 2.22 2.22 2.22 2.2194034 1.14 1.14 1.14 0.84176797 0.84 0.21419816 0.21 0.21 0.21 -0.95 -0.95 -0.95 -0.95 -0.72 -0.72 -0.72 -0.72 -0.72 0.27 0.27 0.27 0.27 0.27000023 0.38 0.66 0.66 0.66 0.66 0.6600026 1.35 1.35 1.35 1.4769133 1.74 1.74 1.74 1.92 1.9199999 1.82 1.82 1.7699903 1.77 
1.97 1.97 1.8549674 1.79 1.79 1.79 1.0321117 2.2162498 2.22 2.22 1.14 1.14 1.14 1.14 1.14 1.1152716 0.21 0.21 0.21 0.21 -0.94999103 -0.95 -0.95 -0.95 -0.72 -0.72 -0.72 -0.72 -0.72 -0.010803438 0.27 0.27 0.27 0.38 0.38 0.38021743 0.66 0.66 0.82883355 0.95999998 1.35 1.35 1.35 1.4745529 1.74 1.74 1.74 1.61 1.8173834 1.82 1.82 1.77 1.77 
1.92 1.92 1.92 1.8225946 1.789071 1.03 1.03 1.03 1.03 1.3 1.3 1.14 1.14 1.14 1.14 1.1399411 0.21 0.21 0.21 0.21 -0.44381363 -0.95 -0.95 -0.91938061 0.17814285 -0.72 -0.72 -0.72 -0.11 -0.11 -0.11 -0.1099984 0.38 0.38 0.38 0.38 0.96 0.96 0.96 0.96 1.33 1.33 1.33 1.529996 1.53 1.53 1.5300001 1.61 1.61 1.8197441 1.82 1.7699937 1.77 
1.92 1.92 1.92 1.9199591 1.16 1.1410959 1.03 1.03 1.03 1.3 1.3 1.3 1.93 1.93 1.93 1.93 0.21234473 0.21 0.21 0.21 0.19247415 0.21999679 0.22 0.22 0.22 0.21999999 0.32999999 0.33 -0.11 -0.11 -0.11 -0.11 0.38000004 0.38 0.38 0.38000489 0.95999999 0.96 0.96 0.95921037 1.33 1.33 1.33 1.5299907 1.53 1.53 1.53 1.61 1.61 1.6099999 0.53 0.53 0.75 
1.92 1.92 1.92 1.1600018 1.16 1.16 1.03 1.03 1.03 1.3 1.3 1.3 1.93 1.93 1.93 1.8964898 1.49 1.49 1.4899967 0.21722977 0.22 0.22 0.22 0.22 0.22 0.22008278 0.33 0.33 0.33 -0.11 -0.11 -0.10981978 0.44 0.44 0.44 0.62 0.62 0.78 0.78 0.78 0.65 1.3297867 1.3299978 1.03 1.03 1.0489494 1.5299988 1.61 1.61 0.53 0.53 0.53 0.75 
1.92 1.92 1.92 1.16 1.16 1.16 1.16 1.03 1.03 1.3 1.3 1.9048091 1.93 1.93 1.93 1.49 1.49 1.49 1.49 1.49 0.22 0.22 0.22 0.22 0.22 0.32999962 0.33 0.33 0.33 0.17 0.17 0.17 0.44 0.44 0.44 0.62 0.62 0.78 0.78 0.65 0.65 0.65 1.03 1.03 1.03 1.03 0.99878401 0.65 0.65 0.65 0.53 0.37 0.37 
1.92 1.92 1.9189417 1.16 1.16 1.16 1.16 1.6645662 1.69 1.6893304 1.3 1.9300226 1.93 1.93 1.9299985 1.49 1.49 1.49 1.49 1.49 1.7640541 0.22 0.22 0.22 0.22006797 0.33001238 0.33 0.33 0.33 0.17 0.17 0.17 0.17004339 0.44 0.62 0.62 0.62 0.62000635 0.77999113 0.65 0.65 0.65 1.0299769 1.03 1.03 1.03 0.64999883 0.65 0.65 0.65 0.37 0.37 0.37 
1.18 1.1800013 1.1604004 1.16 1.16 1.16 1.6898872 1.69 1.69 1.69 2.2 2.2 2.2 2.2 1.4932769 1.49 1.49 1.49 1.49 1.8299998 1.83 1.83 0.54999995 0.55 0.55 0.55 0.53101117 0.33 0.70998444 0.71 0.71 0.71 0.71 0.3 0.3 0.3 0.3 0.3 0.41 0.41 0.41 0.41 0.41 0.53075371 0.53 0.53 0.53 0.65 0.65 0.65 0.37004411 0.37 0.37 
1.18 1.18 1.1855258 1.8399986 1.8399998 1.8398533 1.69 1.69 1.69 1.69 2.2 2.2 2.2 2.2 2.2 1.49 1.49 1.49 1.8299999 1.83 1.83 1.83 0.55 0.55 0.55 0.55 0.55 0.54995361 0.71007723 0.71 0.71 0.71 0.71003103 0.23197181 0.29992956 0.3 0.3 0.3 0.41 0.41 0.41 0.41 0.41 0.53 0.53 0.53 0.53 0.58611434 0.65 1.5795125 1.59 1.61 1.61 
1.18 1.18 1.8399164 1.84 1.84 1.84 1.8019006 1.69 1.69 1.69 2.2 2.2 2.2 2.2 2.2 1.4905416 1.49 1.8299003 1.83 1.83 1.83 1.83 1.0241843 0.55 0.55 0.55 0.55 0.55025469 0.91 0.91 0.91 0.91 0.91 0.18 0.18 0.18 0.18 0.18 0.04 0.04 0.04 0.04 0.040000004 0.53085458 0.53000018 0.53 0.53005933 0.53729135 1.59 1.59 1.59 1.6099999 1.61 
1.1800008 1.6212268 1.84 1.84 1.84 1.84 1.84 1.6900639 1.69 1.69 2.2 2.2 2.2 2.2 1.6915499 1.68 1.68 1.8299961 1.83 1.83 1.83 1.83 1.8299997 0.55 0.55 0.55 0.55 0.19000069 0.19000033 0.3432335 0.91 0.91 0.91 0.18 0.18 0.18 0.18 0.17972909 0.04 0.04 0.04 0.04 0.040001532 0.88 0.88 0.88 0.88 0.88005726 1.59 1.59 1.59 1.5900003 2.0435199 
1.63 1.63 1.6954759 1.84 1.84 1.84 1.84 1.84 1.6900647 2 2 2 2.0004746 1.6800007 1.68 1.68 1.68 1.68 1.8299905 1.7489677 1.04 1.04 1.04 0.91032361 0.45715781 -0.039623176 -0.45835167 0.19 0.19 0.19 0.19 0.19 0.20849284 -0.22258136 -0.22 -0.22 -0.22 -0.22 0.043756849 0.059999964 0.06 0.06 0.06 1.0599995 0.88000005 0.88 0.88 1.82 1.5900037 1.59 1.59 2.05 2.05 
1.63 1.63 1.81 1.81 1.81 1.83999 1.84 1.84 2 2 2 2 2 1.68 1.68 1.68 1.68 1.68 1.04 1.04 1.04 1.04 1.04 -0.60999991 -0.61 -0.61 -0.61 0.19 0.19 0.19 0.19 0.19 -0.45 -0.45 -0.22 -0.22 -0.22 -0.50995061 -0.51 0.06 0.06 0.06 0.060000051 1.06 1.06 1.06 1.82 1.82 1.82 2.18 2.18 2.05 2.05 
1.63 1.63 1.81 1.81 1.81 1.81 1.8099984 1.52 1.9995481 2 2 2 2 1.6839917 1.68 1.68 1.68 1.68 1.04 1.04 1.04 1.04 1.04 -0.61 -0.61 -0.61 -0.61 -0.60999678 0.19 0.19 0.19 -0.44996645 -0.45 -0.45 -0.45 -0.22 -0.51 -0.51 -0.51 -0.49500223 0.32976271 0.38 0.38 1.06 1.06 1.06 1.82 1.82 1.82 2.18 2.18 2.18 2.1405716 
1.33 1.3300024 1.81 1.81 1.81 1.81 1.52 1.52 1.52 2 2 2 2 1.9999005 1.68 1.68 1.68 1.68 1.0400107 1.04 1.04 1.04 -0.31935752 -0.61 -0.61 -0.61 -0.61 -0.74999989 -0.75 -0.74999999 0.17988736 -0.45 -0.45 -0.45 -0.45000052 -0.98999999 -0.51 -0.51 -0.51 -0.50999999 0.38 0.38 0.38 1.41 1.41 1.41 1.6300185 1.82 1.82 2.18 2.18 2.18 2.1499998 
1.33 1.33 1.81 1.81 1.81 1.52 1.52 1.52 1.52 1.9473792 2 2 2 1.9999945 0.5201335 0.52 0.52 0.52 -0.29729772 -0.52 -0.52 -0.52 -0.52 -0.61 -0.61 -0.61 -0.61000923 -0.75 -0.75 -0.75 -0.75 -0.45013394 -0.75373438 -0.99 -0.99 -0.99 -0.50798578 0.029988757 0.03 0.03 0.38023499 0.67999999 0.68 1.41 1.41 1.4100009 1.63 1.63 1.76 1.76 1.76 1.95 2.08 
1.33 1.33 0.71 0.71 0.71 1.52 1.52 1.52 1.52 1.84 1.84 1.84 1.84 1.7469765 0.52 0.52 0.52 0.52 -0.29 -0.52 -0.52 -0.52 -0.52 -1.57 -1.5699996 -0.61000142 -0.75 -0.75 -0.75 -0.75 -1.0790789 -1.4 -1.0387844 -0.99 -0.99 -0.99 0.03 0.03 0.03 0.03 0.68 0.68 0.68 1.2098329 1.21 1.6281121 1.63 1.63 1.759999 1.76 1.95 1.95 2.08 
1.33 0.71 0.71 0.71 0.71 0.71 1.5210092 1.65 1.65 1.84 1.84 1.84 1.84 1.8396874 0.52 0.52 0.52 0.48340163 -0.29 -0.29 -0.52 -0.52 -1.57 -1.57 -1.57 -1.57 -0.75 -0.75 -0.75 -0.75 -1.4 -1.4 -1.4 -0.99041489 -0.99 -0.99 0.03 0.03 0.03 0.03 0.68 0.68 0.68 1.21 1.21 1.2099813 0.88 0.88 1.55 1.55 1.95 1.95 2.08 
0.71582257 0.71 0.71 0.71 0.71 0.71 1.65 1.65 1.65 1.7516959 1.84 1.84 1.84 1.839986 0.52 0.52 0.52 -0.29 -0.29 -0.29 -0.51998851 -0.52000641 -1.57 -1.57 -1.57 -1.57 -0.75005829 -0.75 -0.75 -1.3998505 -1.4 -1.4 -1.4 -1.4 -0.99056784 -0.7 -0.7 -0.68736608 0.03 0.03 0.67999943 0.68 1.1945901 1.21 1.21 0.88000012 0.88 0.88 1.55 1.55 1.39 1.39 0.86 
0.71 0.71 0.71 0.71 0.71 0.71 1.65 1.65 1.65 1.65 1.4300118 1.43 1.43 1.43 0.5199988 0.032832478 -0.24 -0.24 -0.28990783 -0.29 -0.29000005 -1.5699985 -1.57 -1.57 -1.57 -1.57 -1.5694038 -0.75 -0.75002222 -1.4 -1.4 -1.4 -1.4 -1.4 -0.7 -0.7 -0.7 -0.7 -0.7 -0.69999628 -0.23 -0.23 -0.22999983 0.27 0.27 0.27 0.79 0.79 0.71 0.71 1.39 1.3899988 0.86 
0.71 0.71 0.71 0.71 0.71 0.71 1.65 1.65 1.65 1.43 1.43 1.43 1.43 1.43 0.98979201 -0.24 -0.24 -0.24 -0.24 -0.24 -0.24238734 -1.57 -1.57 -1.57 -1.57 -1.5505314 -0.95097153 -0.77723663 -1.3967945 -1.4 -1.4 -1.4 -1.4 -1.3999985 -0.7 -0.7 -0.7 -0.7 -0.7 -0.48135709 -0.23 -0.23 -0.23 0.27 0.27 0.27 0.79 0.79 0.71 0.71 -0.34999998 0.79325155 0.86 
0.71 0.71 0.71 0.71 0.71 0.71000028 1.6499998 1.65 1.6408688 1.43 1.43 1.43 1.43 1.43 1.3498965 -0.24 -0.24 -0.24 -0.24 -0.24 -0.24 -1.0425578 -0.95000087 -0.95 -0.95 -0.95 -0.95 -0.95 -1.2164872 -1.2200021 -1.22 -1.22 -1.22 -1.2199996 -0.7 -0.7 -0.7 -0.7 -0.7 -0.23000006 -0.23 -0.23 -0.23 -0.22999978 0.2695511 -0.01 0.78999992 -0.34010511 0.70906246 -0.35 -0.35 -0.34376401 -0.05 
0.71 0.71 0.71 0.71 0.71 0.71006005 1.6499493 1.6499867 1.4300003 1.43 1.43 1.43 1.43 1.43 1.3982234 -0.24 -0.24 -0.24 -0.24 -0.24 -0.24 -0.95 -0.95 -0.95 -0.95 -0.95 -0.95 -0.95 -1.2199255 -1.22 -1.22 -1.22 -1.22 -1.22 -1.0775201 -0.7 -0.7 -0.7 -0.7 -0.23 -0.23 -0.23 -0.23 -0.22994364 -0.01 -0.01 -0.012193631 -0.36 -0.36 -0.35 -0.35 -0.05 -0.05 
0.71 0.71 0.71 0.71 0.71000001 0.71125362 1.648878 1.4548256 1.43 1.43 1.43 1.43 1.43 1.43 1.4007638 -0.24 -0.24 -0.24 -0.24 -0.24 -0.3410911 -0.95 -0.95 -0.95 -0.95 -0.95 -0.95 -0.95 -1.2199989 -1.22 -1.22 -1.22 -1.22 -1.22 -1.22 -0.68890872 -0.67163098 -0.66219153 -0.66073361 -0.21007361 -0.22999999 -0.23 -0.23 -0.010017568 -0.01 -0.013462132 -0.5899989 -0.36 -0.36 -0.22999564 -0.23 -0.23 -0.050000079 
0.71 0.71 0.71 0.71 0.71000095 0.71783914 1.6243938 1.4300605 1.43 1.43 1.43 1.43 1.43 1.43 1.3910029 -0.24 -0.24 -0.24 -0.24 -0.24 -0.94999693 -0.95 -0.95 -0.95 -0.95 -0.95 -0.95 -0.95 -1.2199999 -1.22 -1.22 -1.22 -1.22 -1.22 -1.2199999 -0.66 -0.66 -0.66 -0.66 0.08 0.08 0.08 0.08 -0.58999832 -0.59 -0.59 -0.59 -0.58999579 -0.21 -0.21 -0.23 -0.23 0.045953651 
0.71 0.71 0.71 0.71000007 0.71002625 0.73541969 1.4434742 1.4300029 1.43 1.43 1.43 1.43 1.43 1.43 1.3733099 -0.23999931 -0.24 -0.24 -0.24 -0.24427318 -0.95 -0.95 -0.95 -0.95 -0.95 -0.95 -0.95 -0.95 -1.2199999 -1.22 -1.22 -1.22 -1.22 -1.22 -0.66000051 -0.66 -0.66 -0.66 -0.66 0.08 0.08 0.08 0.08 -0.10083012 -0.59 -0.59 -0.59 -0.21000425 -0.21 -0.21 0.17 0.17 0.17 
0.71 0.71 0.71000004 0.71000213 0.71025676 0.79529087 1.4306266 1.4300007 1.43 1.43 1.43 1.43 1.43 1.4299999 1.3493426 -0.23996073 -0.24 -0.24 -0.24000081 -0.93561427 -0.95 -0.95 -0.95 -0.95 -0.95 -0.95 -0.95 -0.95 -1.2199997 -1.22 -1.22 -1.22 -1.22 -1.0150281 -0.66000009 -0.66 -0.66 -0.66 -0.66 0.08 0.08 0.08 0.08 0.08 -0.59 -0.59 -0.59 -0.21 -0.21 -0.21 0.17 0.17 0.17 
0.71000001 0.71000006 0.71000089 0.71002514 0.71148253 1.1388003 1.430086 1.4300004 1.43 1.43 1.43 1.43 1.43 1.4299969 1.3208475 -0.2393901 -0.23999997 -0.24000002 -0.24367601 -0.94993963 -0.95 -0.95 -0.95 -0.95 -0.95 -0.95 -0.95 -0.95000016 -1.2199983 -1.22 -1.2199998 -0.96461541 -0.94 -0.94 -0.94 -0.66 -0.66 -0.66 -0.66 0.08 0.08 0.08 0.08 0.08 -0.58998812 -0.59 -0.58999981 -0.21000003 -0.21 -0.20999979 0.17 0.17 0.17 
