interpolatedSpi/02-03|20_2.tif
NCOLS 53
NROWS 52
XLLCORNER -116.03883
YLLCORNER 28.596182
DX 0.49850594
DY 0.49788537
NODATA_VALUE -9999
0.35 0.35 -0.053820514 0.01 0.49 0.05 0.2 0.01 0.0051122906 -0.12 -0.21 0.19 -0.079931654 0.75 -0.245 -0.245 -0.245 0.545 0.225 0.225 0.225 0.22498839 -0.97999999 -0.35 -0.35 -0.35 -0.74499622 -0.745 -0.745 -0.405 -0.405 -0.405 -0.405 -0.68999994 -0.69 -0.69 -0.69 -0.69 -0.69 -0.69000001 -0.94722895 -0.95015253 -1.55 -1.55 -1.55 -1.55 -1.5488567 -0.85 -0.85 -0.85 0.31999757 0.32 0.32 
0.34997756 -0.155 -0.17999997 -0.009993818 0.70943246 0.575 0.83 0.08510526 0.1 0.18 0.28 -0.08 -0.08 0.3363838 0.7499862 -0.245 0.545 0.545 0.22541724 0.225 0.225 0.225 -0.36526476 -0.35 -0.35 -0.35 0.11999997 0.12 -0.405 -0.405 -0.405 -0.405 -0.405 -0.68999996 -0.69 -0.69 -0.69 -0.69 -0.68999993 -0.63843718 -0.45996061 -1.4177366 -1.55 -1.55 -1.55 -1.55 -1.55 -0.85 -0.85 -0.85 -0.75298248 0.32 0.32 
0.55996962 0.56 -0.15 0.925 -0.175 0.055 0.285 -0.15 -0.12 -0.1 1.03 -0.14 0.025 0.25 0.335 -0.915 0.545 0.545 0.545 -0.074912789 -0.075 -0.075 -0.64 -0.35 -0.35 -0.35 0.12 0.12 0.12 -0.405 -0.405 -0.40500002 -0.57830402 -0.68802152 -0.68050598 0.32065326 0.33 0.33 0.23063882 -0.45999999 -0.46 -0.46139383 -1.55 -1.55 -1.55 -1.55 -1.55 -0.85 -0.85 -0.85 -0.85 0.32 0.32 
0.035 0.55999983 -0.280108 0.33 -0.04 -0.005 -0.47 -0.755 -0.12 0.03359427 -0.325 -0.465 0.105 0.25 -0.455 -0.915 -0.50813689 -0.50426431 -1.355 -0.075 -0.075 -1.955 -0.64 -0.64 -0.35 -0.34999765 0.12 0.12 0.12 -0.82 -0.78982272 -0.765 -0.765 -0.76499915 0.33 0.33 0.33 0.33 -0.46 -0.46 -0.46 -0.46000004 -1.55 -1.55 -1.55 -1.55 -1.55 -0.85000883 -0.85 -0.85 -0.85 0.31992585 0.32 
0.035 -0.080000367 -0.28 -0.56304351 -0.04 -0.505 -0.91990472 -1.015 -0.785 -0.35000027 -0.29087322 -0.25499714 -0.235 -0.455 -0.455 -0.75634353 -0.505 -0.505 -1.355 -1.355 -0.075003711 -1.955 -2.52 -0.89 -0.35 -0.35018931 0.12 0.12 -0.82 -0.82 -0.765 -0.765 -0.765 -0.87720099 0.33 0.33 0.33 -0.46 -0.46 -0.46 -0.46 -0.46002075 -1.55 -1.55 -1.55 -1.55 -1.55 -1.5437691 -0.85 -0.85004932 -1.95 -1.95 -1.95 
-0.925 0.105 0.80500001 -0.145 -0.21 0.28 -0.455 -0.52669604 -0.525 -1.11 -0.27 -0.275 -0.27499997 -0.285 -0.285 -0.75001811 -0.75 -0.89 -0.89 -1.3550002 -1.555 -1.555 -0.89 -0.35 -0.35 -1.16 -1.41 -1.41 -0.11506562 -0.82 -0.765 -0.765 -1.36 -1.3599645 -1.0200244 -1.115 -1.115 -0.6626392 -0.46 -0.46 -0.67473185 -0.675 -0.67499879 -2.5667294 -2.5848856 -2.5849997 -2.585 -2.5849996 -3.4732385 -1.95 -1.95 -1.95 -1.95 
-0.55501513 0.335 -0.66604 0.105 0.36 -0.065 0.15 -0.135 -0.8 -0.8 -0.27 -0.09 -0.98499994 -0.285 -0.82499838 -0.825 -0.75 -1.02 -1.535 -1.535 -1.5267241 -1.495 -1.495 -1.12 -1.16 -1.16 -1.41 -1.41 -0.11506993 -0.1162875 0.060745638 -1.36 -1.36 -1.02 -1.02 -0.92437599 -1.115 -1.115 -1.4999867 -0.67500115 -0.675 -0.675 -0.67499464 -2.5849936 -2.585 -2.585 -2.585 -2.5850007 -3.825 -1.9503716 -1.95 -1.95 -1.95 
-0.555 -0.765 -0.39 -0.84 -1.0349888 -0.525 -0.2 -1.005 -0.335 -0.84 -0.84 -0.83 -0.985 -0.985 -0.82609775 -1.1483187 -1.18 -0.995 -1.3150002 -1.535 -1.1930135 -1.12 -1.775 -0.56000001 -0.56001006 -1.34 -1.07 -1.0700001 -1.310795 -1.315 0.065 -1.0801201 -0.83 -1.02 -1.0312659 -0.765 -0.765 -1.5 -1.5 -0.675 -0.675 -0.67499999 -1.4358913 -1.4400001 -2.585 -2.585 -2.585 -3.8249528 -3.825 -3.825 -1.95 -1.95 -1.95 
-0.8294791 -0.76499999 -1.425 -0.4 -1.03 -1.07 -0.515 -0.205 -0.135 0.31156506 0.355 -0.16000001 -0.16 -0.115 -0.11500348 -1.5539548 -1.555 -1.555 -1.0438485 -1.4850001 -1.98 -1.98 -1.6 -1.7060354 -1.2613966 -1.34 -1.405 -1.07 -0.72203385 -0.72 -1.15 -0.39 -0.71737558 -1.62 -1.415 -1.3 -1.115 -0.58 -0.70494228 -0.67256724 -0.13 -0.88 -1.4400057 -1.44 -1.4464447 -2.585 -2.275 -3.825 -3.825 -3.825 -3.825 -1.7713318 -1.965 
-1.19 -1.19 -0.8 -0.18 -0.635 -1.21 -0.535 -0.67 0.21 0.42488638 0.33 0.47 -0.115 -0.115 -0.485 -0.49967553 -1.555 -1.554831 -0.805 -1.485 -1.485 -1.5487726 -1.6 -1.9449935 -1.945 -1.945 -1.405 -0.935 -0.935 -0.72 -0.72 -0.3912328 -1.04 -1.62 -1.745 -1.3 -1.115 -1.97 -0.705 -0.35083458 -0.87999997 -1.0985669 -1.475 -1.44 -1.44 -2.275 -2.275 -2.275 -3.825 -3.825 -0.515 -0.515 -0.51500054 
-1.19 -1.19 -1.89 -1.305 -1.155 -0.825 -1.005 -0.3203791 -1.28 -1.17 -0.805 -0.685 0.46846149 -0.485 -0.485 -0.48504557 -0.88 -0.87606365 -0.805 0.07 0.07 -0.53 -0.53 -1.945 -1.945 -1.945 -0.935 -0.935 -0.935 -1.335 -1.335 -1.3349995 -1.225 -1.225 -1.59 -2 -0.98 -1.7049982 -1.525 -0.345 -0.345 -1.46 -1.475 -1.44 -0.79000028 -1 -0.21889347 -0.21000001 -0.24 -0.24 -0.515 -0.515 -0.515 
-1.19 -1.4921143 -1.6403596 -1.5999828 -1.56 -1.64 -1.005 -0.32 -1.279992 -1.1712187 -0.68500063 -0.685 -0.175 -0.485 -0.485 -0.87999999 -0.88 -0.87999573 -0.805 0.07 -0.047827794 -0.53 -0.53 -1.9449424 -1.945 -1.6606576 -1.08 -1.08 -1.08 -1.335 -1.335 -1.64 -1.64 -1.225001 -1.59 -1.39 -1.0625826 -1.705 -1.705 -0.34500004 -1.46 -1.46 -1.4599952 -0.79 -0.79 -1 -0.21 -0.21 -0.24 -0.24 -0.515 -0.515 -0.515 
-0.27 -0.33935987 -0.21504138 -0.22503508 -1.5600002 -1.6399981 -1.005 -0.32843198 -1.2138462 -1.2771276 -0.175 -0.175 -0.175 -0.175 -0.48495609 -0.88 -0.88 -0.87903163 -0.805 0.070017592 0.15 0.15 0.15 0.15 -1.9088355 -1.08 -1.08 -1.08 -1.08 -1.0800132 -1.64 -1.64 -1.64 -1.64 -1.39 -1.39 -1.39 -1.6895667 -1.7022962 -1.345 -1.345 -1.4599938 -0.96499401 -0.79001686 -0.79 -1 -0.21 -0.21 -0.24 -0.24 -0.51400233 -0.515 -1.3138861 
-0.27 -0.215 -0.215 -0.215 -0.215 -0.2150006 -1.0066254 -0.68100807 -1.0373539 -0.17618725 -0.175 -0.175 -0.175 -0.175 -0.17500012 -0.87999999 -0.87999999 -0.87485551 -0.80499795 0.15 0.15 0.15 0.15 0.15 0.14005148 -0.71882166 -0.5900001 -0.59 -0.59 -0.59 -1.64 -1.64 -1.6399998 -1.47 -1.47 -1.39 -1.3705562 -1.37 -1.345 -1.345 -1.345 -1.345 -0.965 -0.965 -0.965 -0.96524357 -0.21513154 -0.215 -0.215 -0.215 -0.215 0.49499979 0.495 
0.98 -0.215 -0.215 -0.215 -0.215 -0.215 -0.21500005 -0.40540531 -0.33280618 -0.33 -0.33 -0.33 -0.33 -0.33 -0.33 0.44882638 -0.85864884 -0.86972965 0.1498799 0.15 0.15 0.15 0.15 0.1499998 -0.31 -0.31 -0.31000039 -0.59 -0.59 -0.59108132 -1.13 -1.13 -1.47 -1.47 -1.47 -1.3860188 -1.37 -1.37 -1.37 -1.345 -1.345 -1.345 -0.965 -0.965 -0.965 -0.965 -0.21500001 -0.215 -0.215 -0.215 -0.215 0.495 0.495 
0.98 0.53511508 -0.215 -0.215 -0.215 -0.215 0.6948214 0.695 0.69499997 -0.33 -0.33 -0.33 -0.33 -0.33 -0.15461744 0.465 0.465 0.465 -0.024466371 -0.024999821 -0.025 -0.025 -0.025 -0.025 -0.31 -0.31 -0.31 -0.31 -0.59 -1.13 -1.13 -1.13 -1.47 -1.47 -1.47 -1.23 -1.3698146 -1.37 -1.37 -1.3450038 -1.3524793 -1.3699253 -0.965 -0.965 -0.59115727 -0.59 -0.59 -0.21525635 -0.36945835 -0.36999999 -0.36999997 0.13005512 0.49499926 
0.98 0.16256045 -0.035353657 -0.215 -0.215 0.69446233 0.695 0.695 0.695 0.68761356 -0.33 -0.33 -0.33 -0.3299999 0.465 0.465 0.465 0.465 -0.024562293 -0.025 -0.025 -0.025 -0.025 -0.025 -0.30999999 -0.31 -0.31 -0.31 -0.31298262 -1.13 -1.13 -1.13 -0.91000001 -1.4699621 -1.23 -1.23 -1.23 -1.2377602 -1.370018 -1.37 -1.37 -1.37 -0.505 -0.505 -0.59 -0.59 -0.59 -0.37 -0.37 -0.37 -0.37 0.13 0.13 
0.14081235 0.14 0.14 0.14 0.46 0.69499394 0.695 0.695 0.695 0.695 -0.24558498 -0.32998547 -0.32999997 0.465 0.465 0.465 0.465 0.465 0.41869557 -0.025 -0.025 -0.025 -0.025 -0.025 -0.10060188 -0.0050016526 -0.005 -0.005 -0.005 -1.13 -0.91 -0.91 -0.91 -0.91 -1.23 -1.2300186 -1.935 -1.935 -1.3770549 -1.37 -1.37 -1.37 -0.505 -0.505 -0.57683907 -0.59 -0.59 -0.37 -0.37 -0.37 -0.3646387 0.13 0.13 
0.14 0.14 0.14 0.29069277 0.46 0.46 0.695 0.695 0.695 0.695 0.785 0.785 0.785 0.465 0.465 0.465 0.465 0.46506445 0.34 0.34 -0.024999852 -0.025 -0.013557479 0.445 0.44094885 -0.005 -0.005 -0.005 -0.005 -0.90990785 -0.91 -0.91 -0.91 -0.91 -1.9349975 -1.935 -1.935 -1.935 -1.9329131 -1.37 -1.37 -1.37 -0.505 -0.505 -0.505 -0.59 -0.59 -0.36999999 -0.37 -0.37 0.13 0.13 0.13 
0.14 0.14 0.14 0.46 0.46 0.46 0.46000036 0.695 0.695 0.78490709 0.785 0.785 0.785 0.78480063 0.78067474 0.855 0.855 0.855 0.34 0.34 0.34 0.445 0.445 0.445 0.44511485 0.44609091 -0.005 -0.005 -0.0049999988 -0.61258786 -0.57003344 -0.57 -0.57 -0.57 -1.2127794 -0.20000394 -0.2 -0.2 -0.2 0.30977013 0.31 0.31 -0.505 -0.505 0.83499441 0.83499979 0.25 0.25 0.23 0.23 0.23 0.13 0.75444117 
0.13999922 0.14 0.14000001 0.46 0.46 0.46 0.45999999 -0.084999773 0.69188126 0.7847189 0.785 0.785 0.785 0.78513736 0.855 0.855 0.855 0.85499985 0.34 0.34 0.34 0.445 0.445 0.445 0.855 0.855 0.31000001 0.31 0.31 0.30519932 -0.57 -0.57 -0.57 -0.57 -0.38510161 -0.2 -0.2 -0.2 -0.2 0.31 0.31 0.31 0.32651851 0.835 0.835 0.835 0.25 0.25 0.23 0.23 0.23 0.75499998 0.755 
-0.11 -0.011165358 -0.615 -0.61468812 0.46 -0.081846648 -0.085 -0.085 -0.010302381 0.47499999 0.475 0.475 0.475 0.52499837 0.525 0.85499975 0.855 0.84143051 0.34 0.34 0.34 0.015 0.015 0.015 0.855 0.855 0.31 0.31 0.31 0.3099995 -0.37500124 -0.37500055 -0.56509897 -0.56979095 -0.32527775 -0.325 -0.325 -0.325 -0.325 0.31 0.31 0.31 0.80609177 0.835 0.835 0.83499995 0.25 0.25 0.24999928 0.23 0.2300076 0.4 0.755 
-0.34995442 -0.35000005 -0.615 -0.615 -0.615 -0.085 -0.085 -0.085 0.12 0.12 0.475 0.475 0.475 0.525 0.525 0.525 0.525 0.52498073 0.34 0.34 0.33999999 0.015 0.015 0.015 0.855 0.855 0.31 0.31 0.31 -0.36727657 -0.375 -0.375 -0.375 -0.375 -0.32502467 -0.325 -0.325 -0.325 -0.325 0.17500004 0.175 0.175 0.175 0.83499778 0.545 0.545 0.545 0.265 0.265 0.265 0.4 0.4 0.4 
-0.35 -0.35 -0.615 -0.615 -0.615 -0.087785775 -0.085 0.12 0.12 0.12 0.4749563 0.475 0.2666332 0.52499993 0.525 0.525 0.525 0.265 0.265 0.265 -0.19999999 -0.19999984 0.014998953 0.015 0.015087642 -0.235 -0.235 -0.2349987 0.30991192 0.14489637 0.14499723 0.14490921 -0.37411127 -0.37455125 -0.33356749 -0.32499988 -0.32399463 -0.025 -0.025 0.175 0.175 0.175 0.175 0.545 0.545 0.545 0.545 0.265 0.265 0.265 0.4 0.4 0.4 
-0.35 -0.35 -0.615 -0.615 -0.615 -0.615 -0.0082744883 0.12 0.12 0.12 0.12005524 0.22 0.22 0.22 0.52320256 0.525 0.26673258 0.265 0.265 0.265 -0.2 -0.2 -0.2 -0.2 -0.235 -0.235 -0.235 -0.235 -0.235 0.145 0.145 0.145 0.145 0.14499978 0.04 -0.025 -0.025 -0.025 -0.025 -0.024999584 0.075 0.075 0.075 0.07663002 0.08 0.08 0.08 0.26499999 0.26499978 0.035 0.035 0.35001216 0.35 
-0.35 -0.35 -0.51935361 -0.615 -0.615 -0.615 -0.54381994 0.11790429 0.12 0.12 0.2199999 0.22 0.22 0.22 0.22 0.24500656 0.265 0.265 0.265 0.265 -0.1999964 -0.2 -0.2 -0.2 -0.235 -0.235 -0.235 -0.235 -0.235 -0.021265194 0.145 0.145 0.145 0.04 0.04 0.039949526 -0.025 -0.025 -0.078463959 -0.11999999 0.075 0.075 0.075 0.076337874 0.08 0.08 0.08 0.03 0.0349377 0.035 0.035 0.35 0.35 
-0.83 -0.83 -0.83 -0.66890641 -0.61487539 -0.545 -0.545 -0.545 -0.545 -0.265 -0.265 0.21999997 0.22 0.22 0.22 0.22000283 0.265 0.265 0.265 0.265 0.0029109159 -0.2 -0.2 -0.17579236 0.68225228 -0.235 -0.235 -0.235 -0.08 -0.08 -0.08 -0.079999056 0.04 0.04 0.04 0.04 -0.12 -0.12 -0.12 -0.12 -0.565 -0.565 -0.565 0.0049885399 0.005 0.005 0.0050000237 0.03 0.03 0.034993908 0.035 0.34999909 0.35 
-0.83 -0.83 -0.83 -0.82998384 -0.53 -0.53218125 -0.545 -0.545 -0.545 -0.265 -0.265 -0.265 -0.28499998 -0.285 -0.285 -0.28499999 0.26415736 0.265 0.265 0.265 0.25799944 0.72499746 0.725 0.725 0.725 0.72499996 -0.38 -0.38 -0.08 -0.08 -0.08 -0.08 0.040000054 0.04 0.04 0.040006109 -0.12000001 -0.12 -0.12 -0.12171086 -0.565 -0.565 -0.565 0.0049735676 0.005 0.005 0.005 0.03 0.03 0.030000019 0.17 0.17 0.725 
-0.83 -0.83 -0.83 -0.53000069 -0.53 -0.53 -0.54499999 -0.545 -0.545 -0.265 -0.265 -0.265 -0.285 -0.285 -0.285 -0.27814564 -0.195 -0.195 -0.19499881 0.2624018 0.725 0.725 0.725 0.725 0.725 0.72416843 -0.38 -0.38 -0.38 -0.08 -0.08 -0.07969748 0.115 0.115 0.115 -0.25 -0.25 -0.51 -0.51 -0.51 0.075 -0.56479925 -0.5649931 0.36 0.36 0.3465459 0.0050009805 0.030000001 0.030000001 0.17 0.17 0.17 0.725 
-0.83 -0.83 -0.83 -0.53 -0.53 -0.53 -0.53 -0.545 -0.545 -0.265 -0.265 -0.28420029 -0.285 -0.285 -0.285 -0.195 -0.195 -0.195 -0.195 -0.195 0.725 0.725 0.725 0.725 0.725 -0.37999623 -0.38 -0.38 -0.38 0.39 0.39 0.39 0.115 0.115 0.115 -0.25 -0.25 -0.51 -0.51 0.075 0.075 0.075 0.36 0.36 0.36 0.36 0.41750313 1.06 1.06 1.06 0.17000002 1.235 1.235 
-0.83 -0.83 -0.82958224 -0.53 -0.53 -0.53 -0.53 -0.42527871 -0.42 -0.41973389 -0.265 -0.28499874 -0.285 -0.285 -0.28499969 -0.195 -0.195 -0.195 -0.195 -0.195 -0.92451824 0.725 0.725 0.725 0.72485479 -0.37997749 -0.38 -0.38 -0.38 0.39 0.39 0.39 0.38996562 0.115 -0.25 -0.25 -0.25 -0.25000991 -0.5099601 0.075 0.075 0.075 0.3599827 0.36 0.36 0.36 1.0600033 1.06 1.06 1.06 1.235 1.235 1.235 
-0.5 -0.50000058 -0.53015672 -0.53 -0.53 -0.53 -0.42002341 -0.42 -0.42 -0.42 -0.27 -0.27 -0.27 -0.27 -0.19534616 -0.195 -0.195 -0.195 -0.195 -0.99499952 -0.995 -0.995 0.020000117 0.02 0.02 0.02 -0.014525145 -0.38 1.0399418 1.04 1.04 1.04 1.04 0.83499999 0.835 0.835 0.835 0.835 0.795 0.795 0.795 0.795 0.795 1.3934398 1.395 1.395 1.395 1.06 1.06 1.06 1.2349724 1.235 1.235 
-0.5 -0.5 -0.49522769 0.069998794 0.069999867 0.069521911 -0.42 -0.42 -0.42 -0.42 -0.27 -0.27 -0.27 -0.27 -0.27 -0.195 -0.195 -0.195 -0.9949998 -0.995 -0.995 -0.995 0.019999996 0.02 0.02 0.02 0.02 0.019916382 1.0398957 1.04 1.04 1.04 1.0399581 0.91720074 0.83508512 0.835 0.835 0.835 0.795 0.795 0.795 0.795 0.795 1.395 1.395 1.395 1.395 1.2383475 1.06 1.5297005 1.535 1.15 1.15 
-0.5 -0.5 0.069927799 0.07 0.07 0.07 -0.054457933 -0.42 -0.42 -0.42 -0.27 -0.27 -0.27 -0.27 -0.27 -0.19505503 -0.195 -0.99476545 -0.995 -0.995 -0.995 -0.995 -0.35601333 0.02 0.02 0.02 0.02 0.020531116 0.77 0.77 0.77 0.77 0.77 0.98 0.98 0.98 0.98 0.98 1.565 1.565 1.565 1.565 1.565 1.3957935 1.3950002 1.395 1.3950551 1.401649 1.535 1.535 1.535 1.1500022 1.15 
-0.49999857 0.25989062 0.070000029 0.07 0.07 0.07 0.07 -0.41979136 -0.42 -0.42 -0.27 -0.27 -0.27 -0.27 0.018447649 0.025 0.025 -0.99497375 -0.995 -0.995 -0.995 -0.995 -0.99499974 0.02 0.02 0.02 0.02 0.62500012 0.62500007 0.65585952 0.77 0.77 0.77 0.98 0.98 0.98 0.98 0.97984422 1.565 1.565 1.565 1.565 1.5649977 1.72 1.72 1.72 1.72 1.7199851 1.535 1.535 1.535 1.5349998 1.2238954 
0.275 0.275 0.23711566 0.07 0.07 0.07 0.07 0.07 -0.41978957 0.19999999 0.2 0.2 0.19888459 0.024999575 0.025 0.025 0.025 0.025 -0.99499101 -0.91807063 -0.245 -0.245 -0.245 -0.17583003 0.052414731 0.22585982 0.37232767 0.625 0.625 0.625 0.625 0.625 0.63063615 0.74898991 0.75 0.75 0.75 0.75 1.5593642 1.5350001 1.535 1.535 1.535 1.4250009 1.7199999 1.72 1.72 1.105 1.5349931 1.535 1.535 1.225 1.225 
0.275 0.275 0.275 0.275 0.275 0.070068287 0.07 0.07 0.2 0.2 0.2 0.2 0.2 0.025000008 0.025 0.025 0.025 0.025 -0.245 -0.245 -0.245 -0.245 -0.245 0.42499997 0.425 0.425 0.425 0.625 0.625 0.625 0.625 0.625 0.66 0.66 0.75 0.75 0.75 1.4148868 1.415 1.535 1.535 1.535 1.535 1.425 1.425 1.425 1.105 1.105 1.105 1.045 1.045 1.225 1.225 
0.275 0.275 0.275 0.275 0.275 0.275 0.27499995 0.265 0.2000612 0.2 0.2 0.2 0.2 0.027182966 0.025 0.025 0.025 0.025 -0.24499999 -0.245 -0.245 -0.245 -0.245 0.425 0.425 0.425 0.425 0.42500084 0.625 0.625 0.625 0.65999816 0.66 0.66 0.66 0.75 1.415 1.415 1.415 1.4181574 1.5518602 1.555 1.555 1.425 1.425 1.425 1.105 1.105 1.105 1.045 1.045 1.045 1.1797142 
-0.455 -0.45499427 0.275 0.275 0.275 0.275 0.265 0.265 0.265 0.2 0.2 0.2 0.2 0.1999456 0.025 0.025 0.025 0.025 -0.24499474 -0.245 -0.245 -0.24499998 0.30699756 0.425 0.425 0.425 0.425 0.74999973 0.75 0.75 0.62634289 0.66 0.66 0.66 0.66000048 1.16 1.415 1.415 1.415 1.415 1.555 1.555 1.555 1.215 1.215 1.215 1.2249883 1.105 1.105 1.045 1.045 1.045 1.1750011 
-0.455 -0.455 0.275 0.275 0.275 0.265 0.265 0.265 0.265 0.20712748 0.2 0.2 0.2 0.20000176 0.81490908 0.815 0.815 0.815 1.1755234 1.055 1.055 1.055 1.055 0.425 0.425 0.425 0.42502144 0.75 0.75 0.75 0.75 0.66010793 0.94123554 1.16 1.16 1.16 1.416623 1.8499909 1.85 1.85 1.5548825 1.405 1.405 1.215 1.215 1.215 1.225 1.225 1.295 1.295 1.295 1.3 1.585 
-0.455 -0.45499999 0.885 0.885 0.885 0.265 0.265 0.265 0.265 0.28 0.28 0.28 0.28 0.3177027 0.815 0.815 0.815 0.815 1.18 1.055 1.055 1.055 1.055 1.03 1.0299998 0.42500089 0.75 0.75 0.75 0.75 1.0841417 1.41 1.1897466 1.16 1.16 1.16 1.85 1.85 1.85 1.85 1.405 1.405 1.405 1.7099038 1.71 1.22718 1.225 1.225 1.2950009 1.295 1.3 1.3 1.585 
-0.455 0.88499999 0.885 0.885 0.885 0.885 0.26666902 0.48 0.48 0.28 0.28 0.28 0.28 0.2801267 0.815 0.815 0.815 0.83149186 1.18 1.18 1.055 1.055 1.03 1.03 1.03 1.03 0.75 0.75 0.75 0.75 1.41 1.41 1.41 1.160253 1.16 1.16 1.85 1.85 1.85 1.85 1.405 1.405 1.405 1.71 1.71 1.709996 1.64 1.64 1.49 1.49 1.3 1.3 1.585 
0.87241573 0.885 0.885 0.885 0.885 0.885 0.48 0.48 0.48 0.37295164 0.28 0.28 0.28 0.28000755 0.815 0.815 0.815 1.18 1.18 1.18 1.0550062 1.0549998 1.03 1.03 1.03 1.03 0.7500199 0.75 0.75 1.4098482 1.41 1.41 1.41 1.41 1.161339 1.67 1.67 1.6731152 1.85 1.85 1.4050004 1.405 1.7011321 1.71 1.71 1.64 1.64 1.64 1.49 1.49 2.33 2.33 2.615 
0.885 0.885 0.885 0.885 0.885 0.885 0.48 0.48 0.48 0.48 0.54499237 0.545 0.545 0.545 0.81500073 1.0457636 1.175 1.175 1.1799908 1.18 1.18 1.03 1.03 1.03 1.03 1.03 1.0297964 0.75 0.75002256 1.41 1.41 1.41 1.41 1.41 1.67 1.67 1.67 1.67 1.67 1.6699995 1.18 1.18 1.1800001 1.54 1.54 1.54 1.52 1.52 1.905 1.905 2.33 2.3300006 2.615 
0.885 0.885 0.885 0.885 0.885 0.885 0.48 0.48 0.48 0.545 0.545 0.545 0.545 0.545 0.71106649 1.175 1.175 1.175 1.175 1.175 1.1752387 1.03 1.03 1.03 1.03 1.0276449 0.95511752 0.777916 1.4067452 1.41 1.41 1.41 1.41 1.4100006 1.67 1.67 1.67 1.67 1.67 1.4420531 1.18 1.18 1.18 1.54 1.54 1.54 1.52 1.52 1.905 1.905 1.09 2.5308745 2.615 
0.885 0.885 0.885 0.885 0.885 0.88499988 0.48000009 0.48 0.48269786 0.545 0.545 0.545 0.545 0.545 0.57521868 1.175 1.175 1.175 1.175 1.175 1.175 0.96715748 0.95500011 0.955 0.955 0.955 0.955 0.955 1.0835533 1.0850038 1.085 1.085 1.085 1.0850004 1.67 1.67 1.67 1.67 1.67 1.1800001 1.18 1.18 1.18 1.1800002 1.5390461 0.945 1.5199999 0.4979919 1.9037514 1.09 1.09 1.0802303 0.62 
0.885 0.885 0.885 0.885 0.885 0.88497413 0.48002184 0.48000393 0.54499992 0.545 0.545 0.545 0.545 0.545 0.55698756 1.175 1.175 1.175 1.175 1.175 1.175 0.955 0.955 0.955 0.955 0.955 0.955 0.955 1.0849641 1.085 1.085 1.085 1.085 1.085 1.2452899 1.67 1.67 1.67 1.67 1.18 1.18 1.18 1.18 1.1799398 0.945 0.945 0.9420856 0.48 0.48 1.09 1.09 0.62 0.62 
0.885 0.885 0.885 0.885 0.885 0.88445988 0.48048258 0.53766517 0.545 0.545 0.545 0.545 0.545 0.545 0.55602923 1.175 1.175 1.175 1.175 1.175 1.143676 0.955 0.955 0.955 0.955 0.955 0.955 0.955 1.0849995 1.085 1.085 1.085 1.085 1.085 1.085 1.1119371 0.24445668 -0.22987561 -0.30208085 1.0507999 1.18 1.18 1.18 0.94501876 0.945 0.93777728 -0.26499644 0.48 0.48 -0.20500872 -0.205 -0.205 0.61999963 
0.885 0.885 0.885 0.885 0.88499959 0.88162249 0.48845712 0.54498213 0.545 0.545 0.545 0.545 0.545 0.545 0.55971147 1.175 1.175 1.175 1.175 1.175 0.95500095 0.955 0.955 0.955 0.955 0.955 0.955 0.955 1.085 1.085 1.085 1.085 1.085 1.085 1.0849997 -0.34 -0.34 -0.34 -0.34 -0.83 -0.83 -0.83 -0.83 -0.2649965 -0.265 -0.265 -0.265 -0.26499957 -0.245 -0.245 -0.205 -0.205 -0.41292343 
0.885 0.885 0.885 0.88499997 0.88498869 0.87403437 0.54123813 0.54499915 0.545 0.545 0.545 0.545 0.545 0.545 0.56638609 1.1749997 1.175 1.175 1.175 1.1736759 0.955 0.955 0.955 0.955 0.955 0.955 0.955 0.955 1.085 1.085 1.085 1.085 1.085 1.085 -0.33999869 -0.34 -0.34 -0.34 -0.34 -0.83 -0.83 -0.83 -0.83 -0.67750893 -0.265 -0.265 -0.265 -0.24500022 -0.245 -0.245 -0.505 -0.505 -0.505 
0.885 0.885 0.88499998 0.88499908 0.8848893 0.84685551 0.54484087 0.54499979 0.545 0.545 0.545 0.545 0.545 0.54500004 0.57542762 1.1749852 1.175 1.175 1.1749997 0.95945755 0.955 0.955 0.955 0.955 0.955 0.955 0.955 0.955 1.0849999 1.085 1.085 1.085 1.085 -0.22535491 -0.34000011 -0.34 -0.34 -0.34 -0.34 -0.83 -0.83 -0.83 -0.83 -0.83 -0.265 -0.265 -0.265 -0.245 -0.245 -0.245 -0.505 -0.505 -0.505 
0.88499999 0.88499997 0.88499962 0.88498916 0.88435314 0.68425342 0.54498232 0.54499987 0.545 0.545 0.545 0.545 0.545 0.54500118 0.58617728 1.1747699 1.175 1.175 1.173861 0.95501871 0.955 0.955 0.955 0.955 0.955 0.955 0.955 0.95500008 1.0849992 1.085 1.0849987 -0.5476372 -0.705 -0.705 -0.705 -0.34 -0.34 -0.34 -0.34 -0.83 -0.83 -0.83 -0.83 -0.83 -0.26501002 -0.265 -0.26499999 -0.245 -0.245 -0.24500014 -0.505 -0.505 -0.505 
