interpolatedSpi/02-07|20_2.tif
NCOLS 53
NROWS 52
XLLCORNER -116.03883
YLLCORNER 28.596182
DX 0.49850594
DY 0.49788537
NODATA_VALUE -9999
[rows 0 to 27 of 52, columns 0 to 52 of 53]
0.58142857 0.58142857 0.12032601 -0.10285714 0.24857143 0.11285714 0.54142857 0.32 -0.079759377 -0.16142857 -0.12714286 -0.025714286 -0.21993095 0.61857143 0.061428571 0.061428571 0.061428571 0.54428571 0.42714286 0.42714286 0.42714286 0.42713905 0.03142857 -0.097142857 -0.097142857 -0.097142857 0.46285945 0.46285714 0.46285714 0.21 0.21 0.21 0.21 0.19428572 0.19428571 0.19428571 0.19428571 0.19428571 0.19428571 0.19428573 0.66634341 0.67116956 -0.34571429 -0.34571429 -0.34571429 -0.34571429 -0.34538295 -0.14285714 -0.14285714 -0.14285714 0.72428391 0.72428571 0.72428571
0.58140928 0.14714286 0.16285775 0.270543 0.47547342 0.59714286 0.57714286 0.32022146 0.078571429 -0.021428571 -0.094285714 -0.22 -0.22 0.31530035 0.61856283 0.061428571 0.54428571 0.54428571 0.4272956 0.42714286 0.42714286 0.42714286 -0.11210683 -0.097142857 -0.097142857 -0.097142857 -0.011428577 -0.011428571 0.21 0.21 0.21 0.21 0.21 0.19428572 0.19428571 0.19428571 0.19428571 0.19428571 0.19428571 0.13748435 -0.16996677 -0.32439253 -0.34571429 -0.34571429 -0.34571429 -0.34571429 -0.34571429 -0.14285714 -0.14285714 -0.14285714 -0.070952827 0.72428571 0.72428571
1.3113867 1.3114286 0.69285714 1.1457143 0.42 0.29428571 0.36428571 0.025714286 0.061428571 -0.067142857 0.35428571 -0.51428571 -0.36285714 -0.021428571 0.31428571 0.07 0.54428571 0.54428571 0.54428571 0.24862334 0.24857143 0.24857143 -0.38142857 -0.097142857 -0.097142857 -0.097142857 -0.011428571 -0.011428571 -0.011428571 0.21 0.21 0.20999997 -0.12079062 0.19355685 0.19355438 0.11643427 0.11571429 0.11571429 0.079778959 -0.17 -0.17 -0.17022469 -0.34571429 -0.34571429 -0.34571429 -0.34571429 -0.34571429 -0.14285714 -0.14285714 -0.14285714 -0.14285714 0.72428571 0.72428571
0.47571429 1.3114284 0.3871004 0.59142857 0.044285714 0.39428571 0.47714286 -0.43285714 0.058571429 0.019487566 -0.19857143 -0.19142857 -0.17571429 -0.021428571 0.024285714 0.07 -0.28724566 -0.28941545 -0.42285714 0.24857143 0.24857143 -1.1342857 -0.38142857 -0.38142857 -0.097142857 -0.097142429 -0.011428571 -0.011428571 -0.011428571 -0.77714286 -0.61253954 -0.47714286 -0.47714286 -0.4771424 0.11571429 0.11571429 0.11571429 0.11571429 -0.17 -0.17 -0.17 -0.17000001 -0.34571429 -0.34571429 -0.34571429 -0.34571429 -0.34571429 -0.1428597 -0.14285714 -0.14285714 -0.14285714 0.72422687 0.72428571
0.47571429 -0.0014278588 0.38714286 0.18944461 0.044285714 0.18857143 -0.14423724 -0.15428571 -0.27 -0.0057143229 -0.17533008 -0.25280762 0.092857143 0.024285714 0.024285714 0.049216984 -0.29 -0.29 -0.42285714 -0.42285714 0.24856865 -1.1342857 -1.61 -0.48285714 -0.38285714 -0.38297298 -0.011428571 -0.011428571 -0.77714286 -0.77714286 -0.47714286 -0.47714286 -0.47714286 -0.53209838 0.11571428 0.11571429 0.11571429 -0.17 -0.17 -0.17 -0.17 -0.16998869 -0.34571428 -0.34571429 -0.34571429 -0.34571429 -0.34571429 -0.34390861 -0.14285714 -0.14289904 -1.0771429 -1.0771429 -1.0771429
-0.70571429 0.2 0.63714285 0.16857143 0.33 0.57714286 0.19142857 0.14716724 0.27142857 -0.16285714 0.14142857 -0.098571429 -0.098571302 -0.12857143 -0.12857143 -0.26144858 -0.26142857 -0.51428571 -0.51428571 -0.4228576 -1.3271429 -1.3271429 -0.48285714 -0.38285714 -0.38285714 -0.87857143 -1.3557143 -1.3557143 -0.1629137 -0.77714286 -0.47714286 -0.47714286 -0.76857143 -0.76852575 -0.33145996 -0.59571429 -0.59571429 -0.30170443 -0.17 -0.17 -0.053003245 -0.052857142 -0.052856806 -1.1624659 -1.177051 -1.1771426 -1.1771428 -1.1771426 -2.111497 -1.0771429 -1.0771429 -1.0771429 -1.0771429
-0.48428715 0.30285714 -0.38270004 0.37857143 0.87571429 0.094285714 0.15571429 0.087142857 -0.022857143 -0.022857143 0.14142857 0.061428571 -0.59714286 -0.12857143 -0.34428507 -0.34428571 -0.26142857 -0.63571429 -0.93857143 -0.93857143 -1.2665517 -1.1985714 -1.1985714 -1.2842857 -0.87857143 -0.87857143 -1.3557143 -1.3557143 -0.16289078 -0.16347637 0.17431435 -0.76857143 -0.76857143 -0.33142857 -0.33142857 -0.73031818 -0.59571429 -0.59571429 -1.1814083 -0.052858714 -0.052857143 -0.052857143 -0.05285633 -1.1771398 -1.1771429 -1.1771429 -1.1771429 -1.1771436 -2.3571429 -1.0773965 -1.0771429 -1.0771429 -1.0771429
-0.48428571 -0.74 -0.18571429 -0.53571429 -0.83569709 -0.24142857 -0.06 -0.39142855 -0.1 -0.32857143 -0.32857143 -0.65142857 -0.59714286 -0.59714286 -0.34602055 -0.63442686 -0.66285714 -0.39428571 -0.77000017 -0.93857143 -1.2304555 -1.1928571 -1.59 -0.79428572 -0.79428999 -1.1257143 -1.51 -1.5099999 -0.73797761 -0.73999998 0.17714286 -0.15800209 -0.14571429 -0.33142857 -0.34568917 -0.84285714 -0.84285714 -1.1814286 -1.1814286 -0.052857143 -0.052857143 -0.052857139 -0.63362958 -0.63571431 -1.1771429 -1.1771429 -1.1771429 -2.3570979 -2.3571429 -2.3571429 -1.0771429 -1.0771429 -1.0771429
-0.72916318 -0.73999999 -0.90285714 -0.32285714 -0.31142857 -0.50142857 -0.26857143 0.48714286 0.26142857 0.4186377 -0.025714286 -0.25714286 -0.25714286 -0.58285714 -0.58285477 -0.90076365 -0.90142857 -0.90142857 -0.45163909 -1.4171429 -1.6357143 -1.6357143 -1.3785714 -1.5066795 -1.092315 -1.1257143 -1.3071429 -1.51 -0.75441636 -0.75 -0.16142857 0.55 0.18089225 -0.95285714 -0.83142857 -0.87142857 -0.74571429 -0.46714286 -0.62849689 -0.052123809 0.11142857 -0.38 -0.63568335 -0.63571429 -0.63876174 -1.1771429 -1.5142857 -2.3571428 -2.3571429 -2.3571429 -2.3571429 -1.0739412 -1.1057143
-0.66857143 -0.66857143 -0.76 -0.42142857 -0.19285714 -0.22714286 -0.16714286 -0.037142857 0.61571429 0.45854955 0.097142857 -0.17428571 -0.58285714 -0.58285714 -0.33 -0.3378374 -0.90142857 -0.90139755 -0.79142857 -1.4171429 -1.4171429 -1.4453022 -1.3785714 -1.4985692 -1.4985714 -1.4985714 -1.3071429 -0.49285714 -0.49285714 -0.75 -0.75 0.54861005 -0.18285714 -0.95285714 -0.71428571 -0.87142857 -0.74571429 -1.3357143 -0.62857143 0.54073679 -0.37999998 -0.40413945 -0.44571429 -0.63571429 -0.63571429 -1.5142857 -1.5142857 -1.5142857 -2.3571429 -2.3571429 -1.0514286 -1.0514286 -1.0514286
-0.66857143 -0.66857143 -1.2128571 -1.0071429 -0.60571429 -0.38428571 -0.64714285 0.044190753 -0.26857143 -0.25 -0.23428571 -0.41714286 -0.17460963 -0.33 -0.33 -0.33002291 -0.52857143 -0.5423674 -0.79142857 -0.19714286 -0.19714286 -0.60285714 -0.60285714 -1.4985714 -1.4985714 -1.4985714 -0.49285714 -0.49285714 -0.49285714 -1.1471429 -1.1471429 -1.1471413 -0.56714286 -0.56714286 -0.74857143 -1.16 -0.50142857 -1.0042858 -1.2871429 0.56 0.56 -0.28714338 -0.44571429 -0.63571429 -0.7357144 -0.91428571 -0.4901441 -0.48571429 -0.79857143 -0.79857143 -1.0514286 -1.0514286 -1.0514286
-0.66857143 -0.90355839 -1.1250715 -1.1228472 -0.98714286 -1.0457143 -0.64714286 0.044285714 -0.26856882 -0.25020575 -0.41714264 -0.41714286 -0.17 -0.33 -0.33 -0.52857142 -0.52857143 -0.52858639 -0.79142857 -0.19714286 -0.27681689 -0.60285714 -0.60285714 -1.498535 -1.4985714 -1.3008701 -0.89714286 -0.89714286 -0.89714281 -1.1471429 -1.1471429 -1.1228571 -1.1228571 -0.56714335 -0.74857143 -0.4842858 -0.58320903 -1.0042857 -1.0042857 0.55999997 -0.28714286 -0.28714286 -0.28714613 -0.73571429 -0.73571429 -0.91428571 -0.48571429 -0.48571429 -0.79857143 -0.79857143 -1.0514286 -1.0514286 -1.0514286
0.10142857 0.08490934 0.19281216 0.18332448 -0.98714298 -1.0457129 -0.64714287 0.035774621 -0.24701237 -0.26808648 -0.17 -0.17 -0.17 -0.17 -0.32997733 -0.52857143 -0.52857143 -0.53196533 -0.79142857 -0.19715861 -0.23857143 -0.23857143 -0.23857143 -0.23857143 -1.4767523 -0.89714286 -0.89714286 -0.89714286 -0.89714286 -0.8972472 -1.1228571 -1.1228571 -1.1228571 -1.1228571 -0.48428571 -0.48428571 -0.48428571 -0.97922132 -0.99858843 -0.24571429 -0.24571429 -0.28714063 -0.59429056 -0.73570066 -0.73571429 -0.91428571 -0.48571429 -0.48571429 -0.79857143 -0.79857143 -1.0505112 -1.0514286 -1.2053851
0.10142857 0.19285714 0.19285714 0.19285714 0.19285714 0.19285662 -0.64816307 -0.32002519 -0.18949482 -0.17010568 -0.17 -0.17 -0.17 -0.17 -0.17000004 -0.52857143 -0.52857147 -0.54660163 -0.79142312 -0.23857143 -0.23857143 -0.23857143 -0.23857143 -0.23857143 -0.24978384 -0.79571485 -0.74714289 -0.74714286 -0.74714286 -0.74714286 -1.1228571 -1.1228571 -1.1228568 -0.87571429 -0.87571429 -0.48428571 -0.30512467 -0.3 -0.24571432 -0.24571429 -0.24571429 -0.24571429 -0.59428571 -0.59428571 -0.59428571 -0.59651262 -0.56528279 -0.56571429 -0.56571429 -0.56571429 -0.56571429 0.15999975 0.16
0.39 0.19285714 0.19285714 0.19285714 0.19285714 0.19285714 0.19285709 -0.36513304 -0.22528241 -0.22571429 -0.22571429 -0.22571429 -0.22571429 -0.22571429 -0.22571429 -0.28873399 -0.52480879 -0.56456528 -0.23864085 -0.23857143 -0.23857143 -0.23857143 -0.23857143 -0.23857172 -0.75714286 -0.75714286 -0.75714284 -0.74714286 -0.74714286 -0.74761486 -0.98285714 -0.98285714 -0.87571429 -0.87571429 -0.87571429 -0.39222312 -0.3 -0.3 -0.3 -0.24571429 -0.24571429 -0.24571429 -0.59428571 -0.59428571 -0.59428571 -0.59428571 -0.56571428 -0.56571429 -0.56571429 -0.56571429 -0.56571429 0.16 0.16
0.39 0.31660595 0.19285714 0.19285714 0.19285714 0.19285714 -0.065663537 -0.065714286 -0.06571429 -0.22571429 -0.22571429 -0.22571429 -0.22571429 -0.22571429 -0.23989616 -0.29 -0.29 -0.29 -0.48923412 -0.48999974 -0.49 -0.49 -0.49 -0.49 -0.75714286 -0.75714286 -0.75714286 -0.75714286 -0.74714286 -0.98285714 -0.98285714 -0.98285714 -0.8757143 -0.87571429 -0.87571429 -0.19857143 -0.29986571 -0.3 -0.3 -0.24577465 -0.36623734 -0.64736738 -0.59428571 -0.59428571 -0.37211632 -0.37142857 -0.37142857 -0.56457134 0.12756879 0.12999994 0.12999987 0.45424109 0.1600006
0.39 0.22317577 0.20586976 0.19285714 0.19285714 -0.065561509 -0.065714286 -0.065714286 -0.065714286 -0.066867292 -0.22571429 -0.22571429 -0.22571429 -0.22571429 -0.29 -0.29 -0.29 -0.29 -0.48982134 -0.49 -0.49 -0.49 -0.49 -0.49 -0.75714285 -0.75714286 -0.75714286 -0.75714286 -0.75796385 -0.98285714 -0.98285714 -0.98285714 -0.48285715 -0.87563592 -0.19857143 -0.19857143 -0.19857143 -0.20303882 -0.62650345 -0.64857143 -0.64857143 -0.64857143 -0.45 -0.45 -0.37142857 -0.37142857 -0.37142857 0.12999999 0.13 0.13 0.13 0.45428571 0.45428571
0.21887042 0.21857143 0.21857143 0.21857143 0.078571429 -0.065710564 -0.065714286 -0.065714286 -0.065714286 -0.065714286 -0.19142923 -0.22570838 -0.22571427 -0.29 -0.29 -0.29 -0.29 -0.29 -0.33417691 -0.49 -0.49 -0.49 -0.49 -0.49 -0.50244292 -0.3185738 -0.31857143 -0.31857143 -0.31857143 -0.98285712 -0.48285715 -0.48285714 -0.48285714 -0.48285714 -0.19857143 -0.19858211 -0.60428571 -0.60428571 -0.64801846 -0.64857143 -0.64857143 -0.64857143 -0.45 -0.45 -0.38359413 -0.37142857 -0.37142857 0.13 0.13 0.13 0.13347719 0.45428571 0.45428571
0.21857143 0.21857143 0.21857143 0.15264334 0.078571429 0.078571429 -0.065714286 -0.065714286 -0.065714286 -0.065714286 0.22714286 0.22714286 0.22714286 -0.29 -0.29 -0.29 -0.29 -0.2899974 -0.74142857 -0.74142857 -0.4900001 -0.49 -0.48846969 -0.42714286 -0.42616543 -0.31857143 -0.31857143 -0.31857143 -0.31857143 -0.48284041 -0.48285714 -0.48285714 -0.48285714 -0.48285714 -0.60428429 -0.60428571 -0.60428571 -0.60428571 -0.60440977 -0.64857143 -0.64857143 -0.64857143 -0.45 -0.45 -0.45 -0.37142857 -0.37142857 0.13 0.13 0.13 0.45428571 0.45428571 0.45428571
0.21857143 0.21857143 0.21857143 0.078571429 0.078571429 0.078571429 0.078571208 -0.065714286 -0.065714286 0.22684054 0.22714286 0.22714286 0.22714286 0.22682065 -0.2772805 -0.27428571 -0.27428571 -0.27428572 -0.74142857 -0.74142857 -0.74142857 -0.42714286 -0.42714286 -0.42714286 -0.42708683 -0.27061492 -0.31857143 -0.31857143 -0.31857143 -0.24206451 -0.19145723 -0.19142857 -0.19142857 -0.19142857 -0.37477266 -0.052858395 -0.052857143 -0.052857143 -0.052857143 0.045619288 0.045714286 0.045714286 -0.45 -0.45 0.39285362 0.3928571 0.27714286 0.27714286 0.42857143 0.42857143 0.42857143 0.45428571 0.65838877
0.21857206 0.21857143 0.21857142 0.078571429 0.078571429 0.078571429 0.078571428 -0.0028571611 -0.065462958 0.2272724 0.22714286 0.22714286 0.22714286 0.22615892 -0.27428571 -0.27428571 -0.27428571 -0.27428585 -0.74142857 -0.74142857 -0.74142857 -0.42714286 -0.42714286 -0.42714286 -0.22714286 -0.22714286 -0.16 -0.16 -0.16 -0.16017145 -0.19142857 -0.19142857 -0.19142857 -0.19142857 -0.12218092 -0.052857143 -0.052857143 -0.052857143 -0.052857143 0.045714286 0.045714286 0.045714286 0.056636728 0.39285714 0.39285714 0.39285714 0.27714286 0.27714286 0.42857143 0.42857143 0.42857143 0.65857142 0.65857143
0.42142857 0.31019896 -0.30142857 -0.30131833 0.078571429 -0.0023859999 -0.0028571429 -0.0028571429 0.076785614 0.37 0.37 0.37 0.37 -0.36283329 -0.36285714 -0.27428578 -0.27428571 -0.28659424 -0.74142857 -0.74142857 -0.74142857 -0.65857143 -0.65857143 -0.65857143 -0.22714286 -0.22714286 -0.16 -0.16 -0.16 -0.15999992 -0.045715212 -0.045714695 -0.18776626 -0.19127236 -0.16574222 -0.16571429 -0.16571429 -0.16571429 -0.16571429 0.045714286 0.045714286 0.045714286 0.3737423 0.39285714 0.39285714 0.3928571 0.27714286 0.27714286 0.27714831 0.42857143 0.42856568 0.3 0.65857143
0.077208238 0.077142791 -0.30142857 -0.30142857 -0.30142857 -0.0028571429 -0.0028571429 -0.0028571429 0.21571429 0.21571429 0.37 0.37 0.37 -0.36285714 -0.36285714 -0.36285714 -0.36285714 -0.36289882 -0.74142857 -0.74142857 -0.74142857 -0.65857143 -0.65857143 -0.65857143 -0.22714286 -0.22714286 -0.16 -0.16 -0.16 -0.047002865 -0.045714286 -0.045714286 -0.045714286 -0.045714286 -0.16565507 -0.16571429 -0.16571429 -0.16571429 -0.16571429 -0.05714283 -0.057142857 -0.057142857 -0.057142857 0.39285538 0.16285714 0.16285714 0.16285714 0.33857143 0.33857143 0.33857143 0.3 0.3 0.3
0.077142857 0.077142857 -0.30142857 -0.30142857 -0.30142857 -0.0044264876 -0.0028571429 0.21571429 0.21571429 0.21571429 0.36998101 0.37 -0.011713978 -0.36285708 -0.36285714 -0.36285714 -0.36285714 -0.42714286 -0.42714286 -0.42714286 -0.68142857 -0.68142855 -0.65857154 -0.65857143 -0.65839609 -0.56714286 -0.56714286 -0.56714189 -0.1600658 0.20994904 0.20999864 0.20995536 -0.045277243 -0.045493607 -0.14417578 -0.16571432 -0.16599196 -0.24857143 -0.24857143 -0.057142857 -0.057142857 -0.057142857 -0.057142857 0.16285714 0.16285714 0.16285714 0.16285714 0.33857143 0.33857143 0.33857143 0.3 0.3 0.3
0.077142857 0.077142857 -0.30142857 -0.30142857 -0.30142857 -0.30142857 0.078947758 0.21571429 0.21571429 0.21571429 0.21554147 -0.097142857 -0.097142857 -0.097142857 -0.36129123 -0.36285714 -0.42671447 -0.42714286 -0.42714286 -0.42714286 -0.68142857 -0.68142857 -0.68142857 -0.68142857 -0.56714286 -0.56714286 -0.56714286 -0.56714286 -0.56714286 0.21 0.21 0.21 0.21 0.20999994 0.18285714 -0.24857143 -0.24857143 -0.24857143 -0.24857143 -0.24857192 -0.43428571 -0.43428571 -0.43428571 -0.30365397 -0.032857143 -0.032857143 -0.032857143 0.33857142 0.33857116 0.061428571 0.061428571 0.31856691 0.31857143
0.077142857 0.077142857 -0.16479087 -0.30142857 -0.30142857 -0.30142858 -0.61566493 0.21308958 0.21571429 0.21571428 -0.097142931 -0.097142857 -0.097142857 -0.097142857 -0.097142857 -0.11897169 -0.42714286 -0.42714286 -0.42714286 -0.42714286 -0.6814266 -0.68142857 -0.68142857 -0.68142857 -0.56714286 -0.56714286 -0.56714286 -0.56714286 -0.56714286 -0.17425734 0.21 0.21 0.21 0.18285714 0.18285714 0.18252213 -0.24857143 -0.24857143 -0.15129114 -0.075714302 -0.43428571 -0.43428571 -0.43428571 -0.304975 -0.032857143 -0.032857143 -0.032857143 0.15285714 0.062567763 0.061428571 0.061428571 0.31857143 0.31857143
-0.53428571 -0.53428571 -0.53428571 -0.35981226 -0.30195677 -0.61714286 -0.61714286 -0.61714286 -0.61714286 -0.44857143 -0.44857143 -0.097142882 -0.097142857 -0.097142857 -0.097142857 -0.097163776 -0.42714286 -0.42714286 -0.42714286 -0.42714286 -0.57046653 -0.68142857 -0.68142857 -0.67320358 -0.37604864 -0.56714286 -0.56714286 -0.56714286 -0.31 -0.31 -0.31 -0.30999782 0.18285714 0.18285714 0.18285714 0.18285714 -0.075714286 -0.075714286 -0.075714286 -0.075714286 -0.47857143 -0.47857143 -0.47857143 0.0642748 0.064285714 0.064285714 0.064285684 0.15285714 0.15285714 0.061539972 0.061428571 0.31857103 0.31857143
-0.53428571 -0.53428571 -0.53428571 -0.53429256 -0.66142857 -0.6549887 -0.61714286 -0.61714286 -0.61714286 -0.44857143 -0.44857143 -0.44857143 -0.21285714 -0.21285714 -0.21285714 -0.21285715 -0.42739931 -0.42714286 -0.42714286 -0.42714286 -0.43098158 -0.36714372 -0.36714286 -0.36714286 -0.36714286 -0.36714287 -0.73714286 -0.73714286 -0.31 -0.31 -0.31 -0.31 0.18285705 0.18285714 0.18285714 0.18284714 -0.075714285 -0.075714286 -0.075714286 -0.075607748 -0.47857143 -0.47857143 -0.47857143 0.064260541 0.064285714 0.064285714 0.064285714 0.15285714 0.15285714 0.15285715 0.23857143 0.23857143 0.56285714
