interpolatedSpi/02-02|20_1.tif
NCOLS 53
NROWS 52
XLLCORNER -116.03883
YLLCORNER 28.596182
DX 0.49850594
DY 0.49788537
NODATA_VALUE -9999
0.77 0.77 0.074692312 0.06 0.84 0.59 0.52 0.23 0.61462883 0.18 -0.53 0.24 -0.13996294 0.31 -0.94 -0.94 -0.94 -0.01 -0.42 -0.42 -0.42 -0.42000761 -1.21 -1.85 -1.85 -1.85 -1.75 -1.75 -1.75 -1.49 -1.49 -1.49 -1.49 -1.51 -1.51 -1.51 -1.51 -1.51 -1.51 -1.51 -0.93618045 -0.93010444 -1.34 -1.34 -1.34 -1.34 -1.3395263 -1.05 -1.05 -1.05 -1.2099997 -1.21 -1.21 
0.76997379 0.18 0.069999585 0.16302225 1.2492065 0.92 1.2 0.33029664 0.42 0.44 0.64 -0.14 -0.14 0.42959986 0.30999041 -0.94 -0.01 -0.01 -0.41946541 -0.42 -0.42 -0.42 -1.8284188 -1.85 -1.85 -1.85 -0.80000007 -0.8 -1.49 -1.49 -1.49 -1.49 -1.49 -1.51 -1.51 -1.51 -1.51 -1.51 -1.5099999 -1.3985625 -0.96994453 -1.2951027 -1.34 -1.34 -1.34 -1.34 -1.34 -1.05 -1.05 -1.05 -1.0632674 -1.21 -1.21 
0.31999217 0.32 -0.29 1.02 -0.24 0.45 0.57 0.28 0.12 0.09 1.32 0.13 0.06 0.19 0.43 -1.09 -0.01 -0.01 -0.01 -0.68992151 -0.69 -0.69 -1.44 -1.85 -1.85 -1.85 -0.8 -0.8 -0.8 -1.49 -1.49 -1.49 -1.648862 -1.5066604 -1.4932458 0.27350575 0.29 0.29 0.13152521 -0.96999999 -0.97 -0.97047313 -1.34 -1.34 -1.34 -1.34 -1.34 -1.05 -1.05 -1.05 -1.05 -1.21 -1.21 
0.38 0.32000002 0.39986213 0.67 0.59 0.05 -0.59 -0.53 0.29 0.14003232 0.09 -0.059999999 0.36 0.19 -0.38 -1.09 -0.90145368 -0.89937641 -1.95 -0.69 -0.69 -1.86 -1.44 -1.44 -1.85 -1.8499948 -0.8 -0.8 -0.8 -0.84 -1.3777042 -1.82 -1.82 -1.8199983 0.29 0.29 0.29 0.29 -0.97 -0.97 -0.97 -0.97000001 -1.34 -1.34 -1.34 -1.34 -1.34 -1.0500037 -1.05 -1.05 -1.05 -1.2100611 -1.21 
0.38 0.4 0.4 0.099902872 0.59 0.19 -0.71985359 -0.62 -0.99 -0.31000036 -0.223541 -0.17001003 -0.24 -0.38 -0.38 -0.85207458 -0.9 -0.9 -1.95 -1.95 -0.69000233 -1.86 -1.64 -1.3 -1.11 -1.1100303 -0.8 -0.8 -0.84 -0.84 -1.82 -1.82 -1.82 -1.6672557 0.29 0.29 0.29 -0.97 -0.97 -0.97 -0.97 -0.96999324 -1.34 -1.34 -1.34 -1.34 -1.34 -1.3374186 -1.05 -1.050091 -3.08 -3.08 -3.08 
-0.48 0.62 1.3 0.66 0.5 0.9 0.01 -0.070658043 -0.86 -1.44 -0.52 -0.75 -0.74999966 -0.03 -0.03 -0.95997103 -0.96 -0.84 -0.84 -1.9499998 -1.81 -1.81 -1.3 -1.11 -1.11 -1.24 -1.85 -1.85 -0.54002845 -0.84 -1.82 -1.82 -1.01 -1.0099958 -0.9700029 -1.12 -1.12 -1.0164059 -0.97 -0.97 -0.90008731 -0.9 -0.89999831 -3.3341649 -3.3697756 -3.3699995 -3.3699999 -3.3699992 -3.95036 -3.08 -3.08 -3.08 -3.08 
-0.21003211 0.49 -0.24746409 0.56 0.85 0.74 0.83 0.78 -0.08 -0.08 -0.52 -0.04 -0.62999999 -0.03 -0.83999757 -0.84 -0.96 -1.16 -1.68 -1.68 -1.7063217 -1.59 -1.59 -1.41 -1.24 -1.24 -1.85 -1.85 -0.54005245 -0.54096563 -0.34339143 -1.01 -1.01 -0.97 -0.97 -1.0764288 -1.12 -1.12 -1.3399924 -0.90000061 -0.9 -0.9 -0.89999102 -3.3699881 -3.37 -3.37 -3.37 -3.3700005 -4.2 -3.080222 -3.08 -3.08 -3.08 
-0.21 -0.63 0.09 -0.7 -0.77999541 -0.01 0.5 -0.36999998 0.42 -0.3 -0.3 -0.64 -0.63 -0.63 -0.83855921 -1.0039363 -1.02 -1.53 -1.2900004 -1.68 -1.0267854 -0.93 -1.59 -1.94 -1.9400013 -2.04 -0.99000001 -0.9900003 -1.4368463 -1.44 -0.34 -1.3064387 -0.9 -0.97 -0.98311975 -1.04 -1.04 -1.34 -1.34 -0.9 -0.9 -0.89999998 -1.2266844 -1.2300001 -3.37 -3.37 -3.37 -4.1999684 -4.2 -4.2 -3.08 -3.08 -3.08 
-0.76047536 -0.62999999 -0.98 -0.3 -1.06 -0.52 0.21 0.55 0.5 0.73923128 1 0.60999999 0.61 0.57 0.56999502 -1.3091917 -1.31 -1.31 -1.4933636 -0.75000028 -2.07 -2.07 -1.53 -1.566355 -2.0299226 -2.04 -2.34 -0.99 -1.2783148 -1.28 -1.42 -0.56 -0.92766735 -1.67 -1.43 -1.59 -1.53 -1.72 -2.0198615 -0.89665217 -0.15 -0.74 -1.2299918 -1.23 -1.2420451 -3.37 -2.4000001 -4.2 -4.2 -4.2 -4.2 -2.8210245 -2.81 
-1.49 -1.49 -0.12 0.02 -0.7 -0.55 0.05 0.31 0.85 0.79988391 1.04 1.57 0.57 0.57 0.04 0.02148414 -1.31 -1.3097669 -0.28 -0.75 -0.75 -0.92006028 -1.53 -2.319985 -2.32 -2.32 -2.34 -1.43 -1.43 -1.28 -1.28 -0.56138453 -1.29 -1.67 -1.63 -1.59 -1.53 -1.74 -2.02 -2.3840034 -0.73999997 -0.90162933 -1.18 -1.23 -1.23 -2.4 -2.4 -2.4 -4.2 -4.2 -1 -1 -1.0000007 
-1.49 -1.49 -1.49 -0.84 -1.01 -0.54 -0.46999999 0.089771498 -0.77 -0.4 -0.31 -0.38 1.5674025 0.04 0.04 0.039956163 -0.34 -0.33685092 -0.28 0.59 0.59 -0.2 -0.2 -2.32 -2.32 -2.32 -1.43 -1.43 -1.43 -2.75 -2.75 -2.7499976 -1.39 -1.39 -1.73 -2.12 -1.17 -1.8099969 -2.17 -2.39 -2.39 -1.3599994 -1.18 -1.23 -1.61 -1.65 -0.56792445 -0.56 -0.28 -0.28 -1 -1 -1 
-1.49 -1.4897977 -1.2126218 -1.3499826 -0.95 -1.11 -0.47 0.09 -0.76999282 -0.40409915 -0.38000003 -0.38 -4.8280706e-15 0.04 0.04 -0.33999999 -0.34 -0.33999659 -0.28 0.59 0.43486007 -0.2 -0.2 -2.3199137 -2.32 -1.8729414 -0.96 -0.96 -0.96000006 -2.75 -2.75 -3.72 -3.72 -1.3900009 -1.73 -1.41 -1.2148993 -1.81 -1.81 -2.39 -1.36 -1.36 -1.3600018 -1.61 -1.61 -1.65 -0.56 -0.56 -0.28 -0.28 -1 -1 -1 
-0.89 -0.07299993 0.039966294 0.029933511 -0.95000081 -1.1099962 -0.47000002 0.083106704 -0.7107372 -0.76033831 -1.4208218e-12 -1.5658957e-62 -4.2251978e-57 1.8778543e-20 0.039994334 -0.34 -0.34 -0.3392253 -0.28 0.59005522 0.8 0.8 0.8 0.8 -2.266081 -0.96 -0.96 -0.96 -0.96 -0.96086159 -3.72 -3.72 -3.72 -3.72 -1.41 -1.41 -1.41 -1.7902933 -1.8094743 -1.74 -1.74 -1.3600204 -1.3700082 -1.6099769 -1.61 -1.65 -0.56 -0.56 -0.28 -0.28 -0.99738792 -1 -1.7244419 
-0.89 0.04 0.04 0.04 0.04 0.039999516 -0.47163824 -0.20514045 -0.55262953 -0.00081989809 5.0474334e-14 1.957959e-24 1.018342e-22 1.3345832e-12 2.9816202e-07 -0.33999999 -0.33999999 -0.33588441 -0.27999733 0.8 0.8 0.8 0.8 0.8 0.78767155 -0.45892329 -0.30000014 -0.3 -0.3 -0.3 -3.72 -3.72 -3.7199978 -1.88 -1.88 -1.41 -3.6557629 -3.72 -1.7400011 -1.74 -1.74 -1.74 -1.37 -1.37 -1.37 -1.3719485 -0.70925043 -0.71 -0.71 -0.71 -0.70999999 -0.08000019 -0.08 
1.28 0.04 0.04 0.04 0.04 0.04 0.039999964 0.080102386 0.40565281 0.41 0.41 0.41 0.41 0.41 0.41 1.0075504 -0.31841213 -0.33178363 0.79986419 0.8 0.8 0.8 0.8 0.79999991 0.23 0.23 0.22999925 -0.3 -0.3 -0.30024029 -0.42 -0.42 -1.88 -1.88 -1.88 -3.4252509 -3.72 -3.72 -3.72 -1.74 -1.74 -1.74 -1.37 -1.37 -1.37 -1.37 -0.71000001 -0.71 -0.71 -0.71 -0.71 -0.08 -0.08 
1.28 0.81836209 0.04 0.04 0.04 0.04 1.1297861 1.13 1.13 0.41 0.41 0.41 0.41 0.41 0.54457027 1.02 1.02 1.02 0.72024407 0.72000008 0.72 0.72 0.72 0.72 0.23 0.23 0.23 0.23 -0.3 -0.42 -0.42 -0.42 -1.8799999 -1.88 -1.88 -1.28 -3.7167694 -3.72 -3.72 -1.7399589 -1.6562322 -1.4608369 -1.37 -1.37 -1.3201543 -1.32 -1.32 -0.7107746 -1.1783576 -1.18 -1.1799999 -0.89987595 -0.080001667 
1.28 0.19008051 0.10072552 0.04 0.04 1.129356 1.13 1.13 1.13 1.1248115 0.41 0.41 0.41 0.41000007 1.02 1.02 1.02 1.02 0.72026798 0.72 0.72 0.72 0.72 0.72 0.23000001 0.23 0.23 0.23 0.22763573 -0.42 -0.42 -0.42 -0.45 -1.8799044 -1.28 -1.28 -1.28 -1.2818305 -1.60307 -1.46 -1.46 -1.46 -0.9 -0.9 -1.32 -1.32 -1.32 -1.18 -1.18 -1.18 -1.18 -0.9 -0.9 
0.16100746 0.16 0.16 0.16 0.46 1.1299827 1.13 1.13 1.13 1.13 0.43649814 0.41000456 0.41000001 1.02 1.02 1.02 1.02 1.02 1.0198391 0.72 0.72 0.72 0.72 0.72 0.51563813 0.55999821 0.56 0.56 0.56 -0.42 -0.45 -0.45 -0.45 -0.45 -1.28 -1.280004 -1.43 -1.43 -1.4596254 -1.46 -1.46 -1.46 -0.9 -0.9 -1.2549695 -1.32 -1.32 -1.18 -1.18 -1.18 -1.1769977 -0.9 -0.9 
0.16 0.16 0.16 0.30127448 0.46 0.46 1.13 1.13 1.13 1.13 0.76 0.76 0.76 1.02 1.02 1.02 1.02 1.0200859 1.39 1.39 0.72000027 0.72 0.73119906 1.18 1.1744184 0.56 0.56 0.56 0.56 -0.44989716 -0.45 -0.45 -0.45 -0.45 -1.4299995 -1.43 -1.43 -1.43 -1.4300285 -1.46 -1.46 -1.46 -0.9 -0.9 -0.9 -1.32 -1.32 -1.18 -1.18 -1.18 -0.9 -0.9 -0.9 
0.16 0.16 0.16 0.46 0.46 0.46 0.46000102 1.13 1.13 0.76038195 0.76 0.76 0.76 0.760162 1.4408997 1.54 1.54 1.54 1.39 1.39 1.39 1.18 1.18 1.18 1.1800336 0.94814799 0.56 0.56 0.56 -0.41041074 -0.43000197 -0.43 -0.43 -0.43 -0.87227568 -0.090003043 -0.09 -0.09 -0.09 -0.080188823 -0.08 -0.08 -0.9 -0.9 0.43999441 0.43999982 -0.08 -0.08 -0.27 -0.27 -0.27 -0.9 0.079123761 
0.15999814 0.16 0.16000001 0.46 0.46 0.46 0.45999999 -0.51999952 1.1234027 0.75966449 0.76 0.76 0.76 0.76153057 1.54 1.54 1.54 1.54 1.39 1.39 1.39 1.18 1.18 1.18 1.3 1.3 0.57000001 0.57 0.57 0.56454469 -0.43 -0.43 -0.43 -0.43 -0.26009354 -0.09 -0.09 -0.09 -0.09 -0.08 -0.08 -0.08 -0.063638811 0.44 0.44 0.44 -0.08 -0.08 -0.27 -0.27 -0.27 0.079999988 0.08 
-0.44 -0.18840257 -1.24 -1.2395068 0.46 -0.51432975 -0.52 -0.52 -0.40704263 0.38999999 0.39 0.39 0.39 1.1799743 1.18 1.5399997 1.54 1.5360477 1.39 1.39 1.39 0.41 0.41 0.41 1.3 1.3 0.57 0.57 0.57 0.56999903 -0.76999784 -0.76999905 -0.43854539 -0.4303645 -1.2890117 -1.29 -1.29 -1.29 -1.29 -0.08 -0.08 -0.08 0.41136663 0.44 0.44 0.43999989 -0.08 -0.08 -0.08000684 -0.27 -0.27 -0.27 0.08 
-0.60996772 -0.61000011 -1.24 -1.24 -1.24 -0.52 -0.52 -0.52 -0.21 -0.21 0.39 0.39 0.39 1.18 1.18 1.18 1.18 1.1800247 1.39 1.39 1.39 0.41 0.41 0.41 1.3 1.3 0.57 0.57 0.57 -0.7548914 -0.77 -0.77 -0.77 -0.77 -1.2897434 -1.29 -1.29 -1.29 -1.29 -0.88999979 -0.89 -0.89 -0.89 0.43999524 -0.18 -0.18 -0.18 -0.44 -0.44 -0.44 -0.27 -0.27 -0.27 
-0.61 -0.61 -1.24 -1.24 -1.24 -0.52378445 -0.52 -0.21 -0.21 -0.21 0.38992614 0.39 0.2510888 1.1799998 1.18 1.18 1.18 0.69 0.69 0.69 0.42 0.41999999 0.41000005 0.41 0.40985268 -0.26 -0.26 -0.25999802 0.56986587 -0.56004185 -0.56000112 -0.56003666 -0.76964109 -0.76981877 -1.1972508 -1.2900001 -1.2905027 -1.44 -1.44 -0.89 -0.89 -0.89 -0.89 -0.18 -0.18 -0.18 -0.18 -0.44 -0.44 -0.44 -0.27 -0.27 -0.27 
-0.61 -0.61 -1.24 -1.24 -1.24 -1.24 -0.40397606 -0.21 -0.21 -0.21 -0.20976247 0.22 0.22 0.22 1.1743425 1.18 0.69326524 0.69 0.69 0.69 0.42 0.42 0.42 0.42 -0.26 -0.26 -0.26 -0.26 -0.26 -0.56 -0.56 -0.56 -0.56 -0.5600011 -1.08 -1.44 -1.44 -1.44 -1.44 -1.4399982 -0.96 -0.96 -0.96 -0.94372467 -0.91 -0.91 -0.91 -0.44000001 -0.4400005 -0.96 -0.96 -0.7898735 -0.79 
-0.61 -0.61 -1.0126142 -1.24 -1.24 -1.24 -0.65920146 -0.21141815 -0.21 -0.21 0.21999983 0.22 0.22 0.22 0.22 0.29875802 0.69 0.69 0.69 0.69 0.42000209 0.42 0.42 0.42 -0.26 -0.26 -0.26 -0.26 -0.26 -0.42698784 -0.56 -0.56 -0.56 -1.08 -1.08 -1.0802795 -1.44 -1.44 -1.5581835 -1.65 -0.96 -0.96 -0.96 -0.94623892 -0.91 -0.91 -0.91 -1.53 -0.96710214 -0.96 -0.96 -0.79 -0.79 
-1.35 -1.35 -1.35 -1.26758 -1.2390461 -0.66 -0.66 -0.66 -0.66 -0.59 -0.59 0.21999994 0.22 0.22 0.22 0.22002975 0.69 0.69 0.69 0.69 0.53781924 0.42 0.42 0.45088109 1.5171763 -0.26 -0.26 -0.26 -0.38 -0.38 -0.38 -0.38000076 -1.08 -1.08 -1.08 -1.08 -1.65 -1.65 -1.65 -1.65 -1.69 -1.69 -1.69 -1.5600026 -1.56 -1.56 -1.5599998 -1.53 -1.53 -0.96069451 -0.96 -0.78999834 -0.79 
-1.35 -1.35 -1.35 -1.3499591 -0.59 -0.60017915 -0.66 -0.66 -0.66 -0.59 -0.59 -0.59 -0.58999997 -0.59 -0.59 -0.58999998 0.68836968 0.69 0.69 0.69 0.68597026 1.5999968 1.6 1.6 1.6 1.5999999 -0.41 -0.41 -0.38 -0.38 -0.38 -0.38 -1.0799997 -1.08 -1.08 -1.0799617 -1.65 -1.65 -1.65 -1.6499561 -1.69 -1.69 -1.69 -1.560006 -1.56 -1.56 -1.56 -1.53 -1.53 -1.5299999 -0.46 -0.46 0.35 
-1.35 -1.35 -1.35 -0.59000175 -0.59 -0.59 -0.65999997 -0.66 -0.66 -0.59 -0.59 -0.59 -0.59 -0.59 -0.59 -0.56029778 -0.2 -0.2 -0.1999977 0.68497306 1.6 1.6 1.6 1.6 1.6 1.5984874 -0.41 -0.41 -0.41 -0.38 -0.38 -0.37945933 -0.61 -0.61 -0.61 -0.66 -0.66000001 -1.64 -1.64 -1.64 -0.78 -1.6897146 -1.6899941 -0.9 -0.9 -0.92501325 -1.5599982 -1.53 -1.53 -0.46 -0.46 -0.46 0.35 
-1.35 -1.35 -1.35 -0.59 -0.59 -0.59 -0.59 -0.66 -0.66 -0.59 -0.59 -0.59 -0.59 -0.59 -0.59 -0.2 -0.2 -0.2 -0.2 -0.2 1.6 1.6 1.6 1.6 1.6 -0.40999314 -0.41 -0.41 -0.41 0.46 0.46 0.46 -0.61 -0.61 -0.61 -0.66 -0.66 -1.64 -1.64 -0.78 -0.78 -0.78 -0.9 -0.9 -0.9 -0.9 -0.8260674 -8.7178412e-27 -1.7436932e-41 -3.4161867e-17 -0.45999998 0.47 0.47 
-1.35 -1.35 -1.3489417 -0.59 -0.59 -0.59 -0.59 -0.38055741 -0.37 -0.37037771 -0.59 -0.58999832 -0.59 -0.59 -0.58999865 -0.2 -0.2 -0.2 -0.2 -0.2 -0.74004846 1.6 1.6 1.6 1.5998744 -0.40992123 -0.41 -0.41 -0.41 0.46 0.46 0.46 0.45985602 -0.61 -0.66 -0.66 -0.66 -0.66003902 -1.6399413 -0.78 -0.78 -0.78 -0.89999271 -0.9 -0.9 -0.9 5.2276876e-06 7.2387466e-44 -3.8257735e-143 8.647055e-47 0.47 0.47 0.47 
-0.32 -0.3200018 -0.59039018 -0.59 -0.59 -0.59 -0.37004681 -0.37 -0.37 -0.37 -0.56999999 -0.57 -0.57 -0.57 -0.2017077 -0.2 -0.2 -0.2 -0.2 -0.83999962 -0.84 -0.84 0.9900001 0.99 0.99 0.99 0.86916199 -0.41 1.7399119 1.74 1.74 1.74 1.74 1.14 1.14 1.14 1.14 1.14 0.35 0.35 0.35 0.35 0.35 0.52784438 0.53 0.53 0.53 6.5897745e-23 6.2451874e-53 3.7261932e-33 0.46992595 0.47 0.47 
-0.32 -0.32 -0.31849303 -0.1400009 -0.1400001 -0.14022453 -0.37 -0.37 -0.37 -0.37 -0.57 -0.57 -0.57 -0.57 -0.57 -0.2 -0.2 -0.2 -0.83999984 -0.84 -0.84 -0.84 0.98999999 0.99 0.99 0.99 0.99 0.9897045 1.7396602 1.74 1.74 1.74 1.7398635 1.0889789 1.1399472 1.14 1.14 1.14 0.35 0.35 0.35 0.35 0.35 0.53 0.53 0.53 0.53 0.28216164 6.2826464e-11 0.77129759 0.78 0.43 0.43 
-0.32 -0.32 -0.1400228 -0.14 -0.14 -0.14 -0.19841903 -0.37 -0.37 -0.37 -0.57 -0.57 -0.57 -0.57 -0.57 -0.20027852 -0.2 -0.83981236 -0.84 -0.84 -0.84 -0.84 0.31206464 0.99 0.99 0.99 0.99 0.98990772 0.86 0.86 0.86 0.86 0.86 1.05 1.05 1.05 1.05 1.05 1.09 1.09 1.09 1.09 1.09 0.53053717 0.53000011 0.53 0.53003729 0.53452318 0.78 0.78 0.78 0.43000196 0.43 
-0.31999921 0.10161673 -0.13999997 -0.14 -0.14 -0.14 -0.14 -0.36990207 -0.37 -0.37 -0.57 -0.57 -0.57 -0.57 0.094896277 0.11 0.11 -0.83997555 -0.84 -0.84 -0.84 -0.84 -0.83999968 0.99 0.99 0.99 0.99 0.32000053 0.32000025 0.43492512 0.86 0.86 0.86 1.05 1.05 1.05 1.05 1.0494582 1.09 1.09 1.09 1.09 1.0899517 0.75 0.75 0.75 0.75 0.75000242 0.78 0.78 0.78 0.78000011 0.95219446 
0.11 0.11 0.047502737 -0.14 -0.14 -0.14 -0.14 -0.14 -0.36990069 0.13999999 0.14 0.14 0.13831502 0.10999902 0.11 0.11 0.11 0.11 -0.83999053 -0.75896773 -0.05 -0.05 -0.05 0.21143328 0.93157345 0.61894404 0.3551805 0.32 0.32 0.32 0.32 0.32 0.33783601 0.24921442 0.25 0.25 0.25 0.25 0.97165199 0.46000113 0.46 0.46 0.46 0.70000015 0.74999999 0.75 0.75 0.8 0.78000032 0.78 0.78 0.96 0.96 
0.11 0.11 8.7602509e-10 -1.1257274e-22 -1.6666811e-16 -0.13995336 -0.14 -0.14 0.14 0.14 0.14 0.14 0.14 0.11 0.11 0.11 0.11 0.11 -0.05 -0.05 -0.05 -0.05 -0.05 0.25999998 0.26 0.26 0.26 0.32 0.32 0.32 0.32 0.32 0.18 0.18 0.25 0.25 0.25 -0.04994891 -0.05 0.46 0.46 0.46 0.46000001 0.7 0.7 0.7 0.8 0.8 0.8 0.73 0.73 0.96 0.96 
0.11 0.11 1.6597096e-20 -4.1871304e-59 -3.031796e-94 -1.8519778e-33 3.8422205e-07 0.07 0.13993409 0.14 0.14 0.14 0.14 0.11037422 0.11 0.11 0.11 0.11 -0.049999997 -0.05 -0.05 -0.05 -0.05 0.26 0.26 0.26 0.26 0.26000025 0.32 0.32 0.32 0.18000734 0.18 0.18 0.18 0.25 -0.049999996 -0.05 -0.05 -0.036580944 0.52744068 0.54 0.54 0.7 0.7 0.7 0.8 0.8 0.8 0.73 0.73 0.73 0.85131404 
-0.6 -0.59999443 -4.7717874e-23 5.4285245e-56 1.4850177e-58 2.2378958e-19 0.07 0.07 0.07 0.14 0.14 0.14 0.14 0.13999067 0.11 0.11 0.11 0.11 -0.049996739 -0.049999999 -0.05 -0.049999983 0.2054148 0.26 0.26 0.26 0.26 0.29999997 0.3 0.3 0.31978011 0.18 0.18 0.18 0.17999971 -0.12 -0.05 -0.05 -0.05 -0.049999995 0.54 0.54 0.54 0.62 0.62 0.62 1.0899718 0.8 0.8 0.73 0.73 0.73 0.84000117 
-0.6 -0.6 -2.7567362e-12 3.632862e-21 8.297389e-19 0.07 0.07 0.07 0.07 0.13233821 0.14 0.14 0.14 0.1400035 1.1498803 1.15 1.15 1.15 1.4472377 1.09 1.09 1.09 1.09 0.26 0.26 0.26 0.26000264 0.3 0.3 0.3 0.3 0.18006805 0.011258678 -0.12 -0.12 -0.12 -0.047536449 0.60998626 0.61 0.61 0.53996867 0.5 0.5 0.62 0.62 0.62000199 1.09 1.09 0.83 0.83 0.83 1.1 1.26 
-0.6 -0.59999999 0.8 0.8 0.8 0.07 0.07 0.07 0.07 0.52 0.52 0.52 0.52 0.56439758 1.15 1.15 1.15 1.15 1.46 1.09 1.09 1.09 1.09 0.54 0.53999989 0.26000041 0.3 0.3 0.3 0.3 0.55313762 0.8 -0.010532618 -0.12 -0.12 -0.12 0.61 0.61 0.61 0.61 0.5 0.5 0.5 1.349732 1.35 1.0911687 1.09 1.09 0.83000233 0.83 1.1 1.1 1.26 
-0.6 0.79999999 0.8 0.8 0.8 0.8 0.073881446 0.57 0.57 0.52 0.52 0.52 0.52 0.5201492 1.15 1.15 1.15 1.1640068 1.46 1.46 1.09 1.09 0.54 0.54 0.54 0.54 0.3 0.3 0.3 0.3 0.8 0.8 0.8 -0.11906904 -0.12 -0.12 0.61 0.61 0.61 0.61 0.5 0.5 0.5 1.35 1.35 1.3499977 1.31 1.31 1.31 1.31 1.1 1.1 1.26 
0.78685226 0.8 0.8 0.8 0.8 0.8 0.57 0.57 0.57 0.54323791 0.52 0.52 0.52 0.52000258 1.15 1.15 1.15 1.46 1.46 1.46 1.0900185 1.0899966 0.54 0.54 0.54 0.54 0.30001706 0.3 0.3 0.79988501 0.8 0.8 0.8 0.8 -0.11607954 1.06 1.06 1.052212 0.61 0.61 0.5000001 0.5 1.3252861 1.35 1.35 1.31 1.31 1.31 1.31 1.31 2.19 2.19 2.47 
0.8 0.8 0.8 0.8 0.8 0.8 0.57 0.57 0.57 0.57 0.50000058 0.5 0.5 0.5 1.1499994 1.1692303 1.18 1.18 1.4594838 1.46 1.4599999 0.5400008 0.54 0.54 0.54 0.54 0.53982551 0.3 0.30001709 0.8 0.8 0.8 0.8 0.8 1.06 1.06 1.06 1.06 1.06 1.0599983 1.03 1.03 1.0300001 1.31 1.31 1.31 1.42 1.42 1.79 1.79 2.19 2.1900006 2.47 
0.8 0.8 0.8 0.8 0.8 0.8 0.57 0.57 0.57 0.5 0.5 0.5 0.5 0.5 0.67924637 1.18 1.18 1.18 1.18 1.18 1.1933691 0.54000001 0.54 0.54 0.54 0.5462802 0.7396866 0.35991411 0.79753426 0.8 0.8 0.8 0.8 0.80000057 1.06 1.06 1.06 1.06 1.06 1.0460441 1.03 1.03 1.03 1.31 1.31 1.31 1.42 1.42 1.79 1.79 1.09 2.3938733 2.47 
0.8 0.8 0.8 0.8 0.8 0.79999993 0.57000005 0.57 0.56709461 0.5 0.5 0.5 0.5 0.5 0.53261699 1.18 1.18 1.18 1.18 1.18 1.18 0.71080554 0.73999972 0.74 0.74 0.74 0.74 0.74 0.5725642 0.57000272 0.57000001 0.57 0.57 0.57000035 1.06 1.06 1.06 1.06 1.06 1.03 1.03 1.03 1.03 1.0300001 1.3088296 0.58 1.4199999 0.34885689 1.7887207 1.09 1.09 1.0823089 0.72 
0.8 0.8 0.8 0.8 0.8 0.79998531 0.57001241 0.56999576 0.50000009 0.5 0.5 0.5 0.5 0.5 0.51293895 1.18 1.18 1.18 1.18 1.18 1.18 0.74 0.74 0.74 0.74 0.74 0.74 0.74 0.57004693 0.57 0.57 0.57 0.57 0.57 0.70425995 1.06 1.06 1.06 1.06 1.03 1.03 1.03 1.03 1.0298847 0.58 0.58 0.57843312 0.33 0.33 1.09 1.09 0.72 0.72 
0.8 0.8 0.8 0.8 0.8 0.79969326 0.57027105 0.50789904 0.5 0.5 0.5 0.5 0.5 0.5 0.51190457 1.18 1.18 1.18 1.18 1.18 1.117352 0.74 0.74 0.74 0.74 0.74 0.74 0.74 0.57000068 0.57 0.57 0.57 0.57 0.57 0.57 0.6157702 -0.074760853 -0.45233879 -0.50981494 0.90529939 1.03 1.03 1.03 0.58003593 0.58 0.5748068 -0.28999704 0.33 0.33 0.10995639 0.11 0.11 0.71999973 
0.8 0.8 0.8 0.8 0.79999977 0.79808186 0.56555937 0.50001925 0.5 0.5 0.5 0.5 0.5 0.5 0.51587905 1.18 1.18 1.18 1.18 1.18 0.7400019 0.74 0.74 0.74 0.74 0.74 0.74 0.74 0.57000005 0.57 0.57 0.57 0.57 0.57 0.56999978 -0.54 -0.54 -0.54 -0.54 -0.91 -0.91 -0.91 -0.91 -0.28999748 -0.29 -0.29 -0.29 -0.28999765 -0.09 -0.09 0.11 0.11 0.062053321 
0.8 0.8 0.8 0.79999998 0.79999358 0.79372406 0.5051983 0.50000091 0.5 0.5 0.5 0.5 0.5 0.5 0.5230834 1.1799997 1.18 1.18 1.18 1.1773518 0.74 0.74 0.74 0.74 0.74 0.74 0.74 0.74 0.57000004 0.57 0.57 0.57 0.57 0.57 -0.53999898 -0.54 -0.54 -0.54 -0.54 -0.91 -0.91 -0.91 -0.91 -0.74266467 -0.29 -0.29 -0.29 -0.090002237 -0.09 -0.09 0.04 0.04 0.04 
0.8 0.8 0.79999999 0.79999948 0.79993687 0.77332413 0.50030738 0.50000023 0.5 0.5 0.5 0.5 0.5 0.50000004 0.53284252 1.179984 1.18 1.18 1.1799995 0.7489151 0.74 0.74 0.74 0.74 0.74 0.74 0.74 0.74 0.57000016 0.57 0.57 0.57 0.57 -0.47681983 -0.5400001 -0.54 -0.54 -0.54 -0.54 -0.91 -0.91 -0.91 -0.91 -0.91 -0.29 -0.29 -0.29 -0.090000002 -0.09 -0.09 0.04 0.04 0.04 
0.8 0.79999998 0.79999978 0.79999382 0.79960353 0.62857686 0.5000595 0.50000014 0.5 0.5 0.5 0.5 0.5 0.50000128 0.54444531 1.1797517 1.18 1.18 1.1777219 0.74003741 0.74 0.74 0.74 0.74 0.74 0.74 0.74 0.7399999 0.57000107 0.57 0.56999899 -0.73428559 -0.86 -0.86 -0.86 -0.54 -0.54 -0.54 -0.54 -0.91 -0.91 -0.91 -0.91 -0.91 -0.29001099 -0.29 -0.2899999 -0.090000014 -0.09 -0.089999929 0.04 0.04 0.04 
