interpolatedSpi/02-02|22_1.tif
NCOLS 53
NROWS 52
XLLCORNER -116.03883
YLLCORNER 28.596182
DX 0.49850594
DY 0.49788537
NODATA_VALUE -9999
0.815 0.815 0.49147436 0.295 1.4 0.925 0.805 0.805 0.73649408 0.675 1.17 0.995 0.93502429 1.23 1.2 1.2 1.2 0.955 1.075 1.075 1.075 1.0749905 0.085000007 0.795 0.795 0.795 0.31999987 0.32 0.32 0.17 0.17 0.17 0.17 -1.0749998 -1.075 -1.075 -1.075 -1.075 -1.075 -1.075 -0.92659693 -0.92522367 -1.805 -1.805 -1.805 -1.805 -1.8056043 -2.175 -2.175 -2.175 -0.035004445 -0.035 -0.035 
0.81497956 0.355 0.22999995 0.23320766 0.41494214 0.675 0.635 0.35522009 0.61 0.81 0.775 0.935 0.935 0.82136713 1.2299948 1.2 0.955 0.955 1.0748435 1.075 1.075 1.075 0.77999843 0.795 0.795 0.795 1.405 1.405 0.17 0.17 0.17 0.17 0.17 -1.0749998 -1.075 -1.075 -1.075 -1.075 -1.0749999 -0.76100622 0.77992594 -1.4913307 -1.805 -1.805 -1.805 -1.805 -1.805 -2.175 -2.175 -2.175 -1.9975492 -0.035 -0.035 
0.37000676 0.37 0.185 0.535 2.9442581e-32 -0.21 -0.075 0.025 -0.03 0.49 1.025 0.18 0.505 1.115 0.82 0.47 0.955 0.955 0.955 0.84006832 0.84 0.84 0.51 0.795 0.795 0.795 1.405 1.405 1.405 0.17 0.17 0.17000003 0.48050304 -1.0695257 -1.0570358 0.8373145 0.855 0.855 0.84556698 0.78 0.78 0.77669444 -1.805 -1.805 -1.805 -1.805 -1.805 -2.175 -2.175 -2.175 -2.175 -0.035 -0.035 
-0.08 0.36999991 -0.055072764 0.85 -0.67 -0.155 -0.495 -0.63 0.52 0.19422442 0.245 0.215 0.48 1.115 0.565 0.47 0.0035959467 0.00066912825 -0.27 0.84 0.84 0.12 0.51 0.51 0.795 0.79500305 1.405 1.405 1.405 0.39 0.62318803 0.815 0.815 0.81500003 0.855 0.855 0.855 0.855 0.78 0.78 0.78 0.7799999 -1.805 -1.805 -1.805 -1.805 -1.805 -2.1749953 -2.175 -2.175 -2.175 -0.035006696 -0.035 
-0.08 -0.015000073 -0.055 -0.60932677 -0.67 -0.32 -0.16001859 -0.315 -0.085 0.64499983 0.50488262 0.44003509 0.685 0.565 0.565 0.49405135 4.6260731e-90 -1.322096e-12 -0.27 -0.27 0.83999855 0.12 0.08 0.39 0.35 0.34997805 1.405 1.405 0.39 0.39 0.815 0.815 0.815 0.80839985 0.855 0.855 0.855 0.78 0.78 0.78 0.78 0.78005261 -1.805 -1.805 -1.805 -1.805 -1.805 -1.8082935 -2.175 -2.1749132 -0.24 -0.24 -0.24 
-1.195 -0.205 0.48000001 0.105 -0.895 -0.635 -0.035 -0.070848019 -0.06 -0.245 -0.07 0.575 0.57500007 0.47 0.47 0.38498069 0.385 0.295 0.295 -0.2699992 0.04 0.04 0.39 0.35 0.35 0.255 0.535 0.535 0.63997698 0.39 0.815 0.815 0.78 0.77995768 0.37502909 0.665 0.665 0.74442212 0.78 0.78 1.3243203 1.325 1.3250011 -0.18903875 -0.16018181 -0.16000044 -0.16000006 -0.16000062 -0.44477393 -0.24 -0.24 -0.24 -0.24 
-0.52500481 -0.26 -0.50435599 -0.435 -0.525 -0.985 -0.75999999 -0.83 -1.055 -1.055 -0.07 0.18 -0.030000042 0.47 0.30500049 0.305 0.385 0.43 0.635 0.635 -0.014195462 -0.075 -0.075 0.39 0.255 0.255 0.535 0.535 0.6399863 0.63974786 0.9732415 0.78 0.78 0.375 0.375 0.692232 0.665 0.665 1.0899853 1.3249997 1.325 1.325 1.3250057 -0.15999431 -0.16 -0.16 -0.16 -0.16000016 -0.42 -0.24003567 -0.24 -0.24 -0.24 
-0.525 -0.625 -0.335 -0.765 -0.79499828 -1.085 -0.75 -0.785 -0.525 -0.74 -0.74 -0.215 -0.03 -0.03 0.30270159 0.19570916 0.185 0.595 -0.16999917 0.635 0.77868775 0.895 -0.19 0.665 0.66499194 0.04 0.225 0.22500011 0.40582347 0.40500001 0.975 0.2796587 0.35 0.375 0.39282575 0.715 0.715 1.09 1.09 1.325 1.325 1.325 0.86509015 0.85999995 -0.16 -0.16 -0.16 -0.4199901 -0.42 -0.42 -0.24 -0.24 -0.24 
-0.7440967 -0.625 -0.99 0.055 -0.38 -1.03 -0.285 -0.985 -1.34 -0.470793 -0.35 -0.2 -0.2 0.165 0.16499285 -0.6875613 -0.69 -0.69 0.47822157 -0.75499994 -0.475 -0.47499998 2.195 0.74988929 0.1029835 0.04 0.665 0.225 1.1396539 1.145 0.26 1.295 1.0482068 0.585 1 0.865 1.235 0.365 1.1796237 1.3272542 1.83 1.62 0.86003421 0.86 0.85425889 -0.16 -0.73499997 -0.42 -0.42 -0.42 -0.42 -0.14101659 -0.195 
-1.41 -1.41 -0.925 -0.31 -0.345 -1.005 -0.585 -1.31 -0.93 -0.25016796 -0.905 1.19 0.165 0.165 -0.595 -0.59630297 -0.69 -0.69002174 -0.8 -0.755 -0.755 -0.7189266 2.195 0.9700232 0.97 0.97 0.665 -0.039999999 -0.04 1.145 1.145 1.2940707 0.805 0.585 0.505 0.865 1.235 0.595 1.18 1.6669775 1.62 1.4179633 1.07 0.86 0.86 -0.735 -0.735 -0.735 -0.42 -0.42 0.555 0.555 0.55499972 
-1.41 -1.41 -0.925 -1.285 -1.025 -0.015 -0.71 0.088654956 -0.34 -0.825 -1.1 -0.915 1.1871961 -0.595 -0.595 -0.59500692 -0.655 -0.66261028 -0.8 -0.33 -0.33 -0.59 -0.59 0.97 0.97 0.97 -0.04 -0.04 -0.04 0.58 0.58 0.58000037 0.455 0.455 0.175 -0.125 0.675 0.82499677 1.03 1.675 1.675 0.82000082 1.07 0.86 0.40999969 -0.12 0.36026256 0.365 0.655 0.655 0.555 0.555 0.555 
-1.41 -1.2006629 -1.0786248 -1.2699926 -0.81 -0.515 -0.71 0.09 -0.33999641 -0.81962679 -0.91499988 -0.915 -0.445 -0.595 -0.595 -0.655 -0.655 -0.65500825 -0.8 -0.33 -0.38105871 -0.59 -0.59 0.9699369 0.97 0.50321822 -0.45 -0.45 -0.44999995 0.58 0.58 0.14 0.14 0.45499923 0.175 0.43000001 0.63811842 0.825 0.825 1.675 0.82 0.82 0.81999707 0.41 0.41 -0.12 0.365 0.365 0.655 0.655 0.555 0.555 0.555 
-0.315 -0.34908906 -0.29503645 -0.30205932 -0.80999867 -0.51500697 -0.70999999 0.080152453 -0.3103686 -0.35266464 -0.445 -0.445 -0.445 -0.445 -0.59497875 -0.655 -0.655 -0.65687218 -0.8 -0.33016788 -0.9 -0.9 -0.9 -0.9 0.93717142 -0.45 -0.45 -0.45 -0.45 -0.44934248 0.14 0.14 0.14 0.14 0.43 0.43 0.43 0.80551105 0.82237131 0.475 0.475 0.81998144 0.42999932 0.41000193 0.41 -0.12 0.365 0.365 0.655 0.655 0.55536279 0.555 1.1585852 
-0.315 -0.295 -0.295 -0.295 -0.295 -0.29500009 -0.70950081 -0.33152555 -0.23131488 -0.44489896 -0.445 -0.445 -0.445 -0.445 -0.44499985 -0.655 -0.65500002 -0.66494601 -0.7999983 -0.9 -0.9 -0.9 -0.9 -0.9 -0.89275657 -0.340624 -0.24500004 -0.245 -0.245 -0.245 0.13999999 0.14 0.13999978 -0.045 -0.045 0.43 0.2307007 0.225 0.47499986 0.475 0.475 0.475 0.43 0.43 0.43 0.4261725 0.66294736 0.665 0.665 0.665 0.665 0.73999996 0.74 
-0.59 -0.295 -0.295 -0.295 -0.295 -0.295 -0.29500003 -0.56051855 -0.23491567 -0.235 -0.235 -0.235 -0.235 -0.235 -0.235 -0.34282198 -0.65009335 -0.6748553 -0.89998738 -0.9 -0.9 -0.9 -0.9 -0.89999939 -0.565 -0.565 -0.56499955 -0.245 -0.245 -0.24492991 -0.21 -0.21 -0.045 -0.045 -0.045 0.18174903 0.225 0.225 0.225 0.475 0.475 0.475 0.43 0.43 0.43 0.43 0.66499999 0.665 0.665 0.665 0.665 0.74 0.74 
-0.59 -0.48017485 -0.295 -0.295 -0.295 -0.295 -0.65492934 -0.655 -0.65499999 -0.235 -0.235 -0.235 -0.235 -0.235 -0.25926677 -0.345 -0.345 -0.345 -0.37659851 -0.37500054 -0.375 -0.375 -0.375 -0.375 -0.565 -0.565 -0.565 -0.565 -0.245 -0.21 -0.21 -0.21 -0.045000015 -0.045 -0.045 0.43 0.22527143 0.225 0.225 0.47490404 0.28353075 -0.16308718 0.43 0.43 -0.22297863 -0.225 -0.225 0.66328837 -0.37136567 -0.37499991 -0.3749998 -0.17486155 0.73999814 
-0.59 -0.97925695 -0.646702 -0.295 -0.295 -0.65478729 -0.655 -0.655 -0.655 -0.65197336 -0.235 -0.235 -0.235 -0.23500001 -0.345 -0.345 -0.345 -0.345 -0.3749732 -0.375 -0.375 -0.375 -0.375 -0.375 -0.565 -0.565 -0.565 -0.565 -0.56370874 -0.21 -0.21 -0.21 -0.83999998 -0.044970875 0.43 0.43 0.43 0.42525793 -0.14030551 -0.165 -0.165 -0.165 -0.335 -0.335 -0.225 -0.225 -0.225 -0.375 -0.375 -0.375 -0.375 -0.175 -0.175 
-0.98963462 -0.99 -0.99 -0.99 -0.775 -0.6550031 -0.655 -0.655 -0.655 -0.655 -0.29897358 -0.23501101 -0.23500002 -0.345 -0.345 -0.345 -0.345 -0.345 -0.35555853 -0.375 -0.375 -0.375 -0.375 -0.375 -0.62564909 -0.88499827 -0.885 -0.885 -0.885 -0.21000003 -0.83999999 -0.84 -0.84 -0.84 0.43 0.42998868 6.7927445e-37 1.6549587e-28 -0.16293973 -0.165 -0.165 -0.165 -0.335 -0.335 -0.24203179 -0.225 -0.225 -0.375 -0.375 -0.375 -0.37285548 -0.175 -0.175 
-0.99 -0.99 -0.99 -0.88875329 -0.775 -0.775 -0.655 -0.655 -0.655 -0.655 -1.08 -1.08 -1.08 -0.345 -0.345 -0.345 -0.345 -0.34496116 -0.475 -0.475 -0.37500004 -0.375 -0.38668598 -0.855 -0.85527008 -0.885 -0.885 -0.885 -0.885 -0.84000458 -0.84 -0.84 -0.84 -0.84 1.5116642e-06 1.7089849e-25 -1.2536453e-55 -1.4623305e-21 -0.00060274463 -0.165 -0.165 -0.165 -0.335 -0.335 -0.335 -0.225 -0.225 -0.375 -0.375 -0.375 -0.175 -0.175 -0.175 
-0.99 -0.99 -0.99 -0.775 -0.775 -0.775 -0.77499982 -0.655 -0.655 -1.0795613 -1.08 -1.08 -1.08 -1.0795421 -0.15478573 -0.11 -0.11 -0.11 -0.475 -0.475 -0.475 -0.855 -0.855 -0.855 -0.85495798 -0.79058562 -0.885 -0.885 -0.885 -1.1500481 -1.2199626 -1.22 -1.22 -1.22 -0.16354626 -0.38999911 -0.39 -0.39 -0.39 -0.42996374 -0.43 -0.43 -0.335 -0.335 -0.17500067 -0.1750001 -0.455 -0.455 -0.555 -0.555 -0.555 -0.175 -1.1741059 
-0.99000045 -0.99 -0.98999999 -0.775 -0.775 -0.775 -0.77500001 -1.3399998 -0.6577389 -1.0809839 -1.08 -1.08 -1.08 -1.0780966 -0.11 -0.11 -0.11 -0.1100001 -0.475 -0.475 -0.475 -0.855 -0.855 -0.855 -0.705 -0.705 -0.915 -0.915 -0.915 -0.91666387 -1.22 -1.22 -1.22 -1.22 -0.80522801 -0.39 -0.39 -0.39 -0.39 -0.43 -0.43 -0.43 -0.42197672 -0.175 -0.175 -0.175 -0.455 -0.455 -0.555 -0.555 -0.555 -1.175 -1.175 
-1.135 -1.0709313 -1.245 -1.2448636 -0.775 -1.3367309 -1.34 -1.34 -1.3655065 -2.165 -2.165 -2.165 -2.165 -0.075068036 -0.075 -0.10999997 -0.11 -0.11961721 -0.475 -0.475 -0.475 -0.34 -0.34 -0.34 -0.705 -0.705 -0.915 -0.915 -0.915 -0.91500016 -1.1300006 -1.1300003 -1.217738 -1.2199035 -1.1500739 -1.15 -1.15 -1.15 -1.15 -0.43 -0.43 -0.43 -0.18904121 -0.175 -0.175 -0.17500005 -0.455 -0.455 -0.4550036 -0.555 -0.55502504 -1.115 -1.175 
-1.0700123 -1.07 -1.245 -1.245 -1.245 -1.34 -1.34 -1.34 -1.41 -1.41 -2.165 -2.165 -2.165 -0.075 -0.075 -0.075 -0.075 -0.075044522 -0.475 -0.475 -0.47499999 -0.34 -0.34 -0.34 -0.705 -0.705 -0.915 -0.915 -0.915 -1.1275759 -1.13 -1.13 -1.13 -1.13 -1.1499901 -1.15 -1.15 -1.15 -1.15 -0.59999996 -0.6 -0.6 -0.6 -0.17500215 -0.455 -0.455 -0.455 -0.83 -0.83 -0.83 -1.115 -1.115 -1.115 
-1.07 -1.07 -1.245 -1.245 -1.245 -1.3395007 -1.34 -1.41 -1.41 -1.41 -2.1649071 -2.165 -1.5930127 -0.075000317 -0.075 -0.075 -0.075 -0.735 -0.735 -0.735 0.30999998 0.30999952 -0.33999683 -0.34 -0.33997502 -0.125 -0.125 -0.12500188 -0.91487233 -1.105005 -1.1050001 -1.1050044 -1.1299573 -1.1299784 -1.1464228 -1.1500002 -1.1518432 -1.7 -1.7 -0.6 -0.6 -0.6 -0.6 -0.455 -0.455 -0.455 -0.455 -0.83 -0.83 -0.83 -1.115 -1.115 -1.115 
-1.07 -1.07 -1.245 -1.245 -1.245 -1.245 -1.366199 -1.41 -1.41 -1.41 -1.4100304 -1.465 -1.465 -1.465 -0.08319159 -0.075 -0.73060192 -0.735 -0.735 -0.735 0.31 0.31 0.31 0.31 -0.125 -0.125 -0.125 -0.125 -0.125 -1.105 -1.105 -1.105 -1.105 -1.1050006 -1.4 -1.7 -1.7 -1.7 -1.7 -1.6999972 -0.99 -0.99 -0.99 -0.87935798 -0.65 -0.65 -0.65 -0.82999999 -0.83000016 -0.995 -0.995 -0.63011799 -0.63 
-1.07 -1.07 -1.1818373 -1.245 -1.245 -1.245 -1.6296096 -1.4106933 -1.41 -1.41 -1.465 -1.465 -1.465 -1.465 -1.465 -1.3509576 -0.735 -0.735 -0.735 -0.735 0.30999192 0.31 0.31 0.31 -0.125 -0.125 -0.125 -0.125 -0.125 -0.75769048 -1.105 -1.105 -1.105 -1.4 -1.4 -1.400233 -1.7 -1.7 -1.4973997 -1.34 -0.99 -0.99 -0.99 -0.87986454 -0.65 -0.65 -0.65 -0.525 -0.98914385 -0.995 -0.995 -0.63 -0.63 
-1.685 -1.685 -1.685 -1.3553201 -1.2458916 -1.63 -1.63 -1.63 -1.63 -1.415 -1.415 -1.465 -1.465 -1.465 -1.465 -1.4649537 -0.735 -0.735 -0.735 -0.735 -0.1460041 0.31 0.31 0.32321606 0.77314286 -0.125 -0.125 -0.125 -0.635 -0.635 -0.635 -0.63500197 -1.4 -1.4 -1.4 -1.4 -1.34 -1.34 -1.34 -1.34 -0.7 -0.7 -0.7 -0.39500613 -0.395 -0.395 -0.39500008 -0.525 -0.525 -0.99442733 -0.995 -0.62999708 -0.63 
-1.685 -1.685 -1.685 -1.6850092 -1.855 -1.8222813 -1.63 -1.63 -1.63 -1.415 -1.415 -1.415 -0.90000003 -0.9 -0.9 -0.90000001 -0.73525646 -0.735 -0.735 -0.735 -0.71912651 0.81499861 0.815 0.815 0.815 0.81499997 0.175 0.175 -0.635 -0.635 -0.635 -0.635 -1.3999996 -1.4 -1.4 -1.3999593 -1.34 -1.34 -1.34 -1.3395394 -0.7 -0.7 -0.7 -0.39501414 -0.395 -0.395 -0.395 -0.525 -0.525 -0.52499994 -0.05 -0.05 -0.1 
-1.685 -1.685 -1.685 -1.8549996 -1.855 -1.855 -1.6300001 -1.63 -1.63 -1.415 -1.415 -1.415 -0.9 -0.9 -0.9 -0.89809601 -0.875 -0.875 -0.87499964 -0.73579074 0.815 0.815 0.815 0.815 0.815 0.81451837 0.175 0.175 0.175 -0.635 -0.635 -0.63489058 -0.9 -0.9 -0.9 -0.97 -0.97 -1.235 -1.235 -1.235 -1.06 -0.70011292 -0.69999944 -0.625 -0.625 -0.61628326 -0.39500083 -0.525 -0.525 -0.05 -0.05 -0.05 -0.1 
-1.685 -1.685 -1.685 -1.855 -1.855 -1.855 -1.855 -1.63 -1.63 -1.415 -1.415 -0.92059257 -0.9 -0.9 -0.9 -0.875 -0.875 -0.875 -0.875 -0.875 0.815 0.815 0.815 0.815 0.815 0.17500218 0.175 0.175 0.175 -0.465 -0.465 -0.465 -0.9 -0.9 -0.9 -0.97 -0.97 -1.235 -1.235 -1.06 -1.06 -1.06 -0.625 -0.625 -0.625 -0.625 -0.57612234 -0.03 -0.03 -0.03 -0.049999999 -0.005 -0.005 
-1.685 -1.685 -1.6852367 -1.855 -1.855 -1.855 -1.855 -1.7074382 -1.7 -1.6995107 -1.415 -0.90001215 -0.9 -0.9 -0.89999991 -0.875 -0.875 -0.875 -0.875 -0.875 0.047694966 0.815 0.815 0.815 0.81494439 0.17502082 0.175 0.175 0.175 -0.465 -0.465 -0.465 -0.46505796 -0.9 -0.97 -0.97 -0.97 -0.97001077 -1.2349881 -1.06 -1.06 -1.06 -0.62502641 -0.625 -0.625 -0.625 -0.03000146 -0.03 -0.03 -0.03 -0.0050000001 -0.005 -0.005 
-1.715 -1.7149999 -1.8549056 -1.855 -1.855 -1.855 -1.700033 -1.7 -1.7 -1.7 -1.045 -1.045 -1.045 -1.045 -0.87578459 -0.875 -0.875 -0.875 -0.875 0.01499947 0.015 0.015 0.54500004 0.545 0.545 0.545 0.51306424 0.175 0.12500205 0.125 0.125 0.125 0.125 -0.79 -0.79 -0.79 -0.79 -0.79 -0.795 -0.795 -0.795 -0.795 -0.795 -0.17068588 -0.17 -0.17 -0.17 -0.03 -0.03 -0.03 -0.0050039386 -0.005 -0.005 
-1.715 -1.715 -1.7113161 -1.2750012 -1.2750001 -1.2754147 -1.7 -1.7 -1.7 -1.7 -1.045 -1.045 -1.045 -1.045 -1.045 -0.875 -0.875 -0.875 0.014999777 0.015 0.015 0.015 0.545 0.545 0.545 0.545 0.545 0.54492128 0.12482816 0.125 0.125 0.125 0.12493097 -0.71346828 -0.78992075 -0.79 -0.79 -0.79 -0.795 -0.795 -0.795 -0.795 -0.795 -0.17 -0.17 -0.17 -0.17 -0.10453326 -0.03 0.92917778 0.94 0.845 0.845 
-1.715 -1.715 -1.2750557 -1.275 -1.275 -1.275 -1.3829482 -1.7 -1.7 -1.7 -1.045 -1.045 -1.045 -1.045 -1.045 -0.87512595 -0.875 0.014739058 0.015 0.015 0.015 0.015 0.34865807 0.545 0.545 0.545 0.545 0.54438725 -0.32 -0.32 -0.32 -0.32 -0.32 -0.655 -0.655 -0.655 -0.655 -0.655 -0.72 -0.72 -0.72 -0.72 -0.72 -0.16890125 -0.16999977 -0.17 -0.16992372 -0.16066182 0.94 0.94 0.94 0.84500053 0.845 
-1.7149989 -1.1463077 -1.275 -1.275 -1.275 -1.275 -1.275 -1.699819 -1.7 -1.7 -1.045 -1.045 -1.045 -1.045 -0.52188308 -0.51 -0.51 0.014986488 0.015 0.015 0.015 0.015 0.014999968 0.545 0.545 0.545 0.545 -0.67499963 -0.67499984 -0.59944737 -0.32 -0.32 -0.32 -0.655 -0.655 -0.655 -0.655 -0.65491534 -0.72 -0.72 -0.72 -0.72 -0.71997204 0.28 0.28 0.28 0.28 0.28005323 0.94 0.94 0.94 0.9400001 1.1011709 
-1.135 -1.135 -1.1764283 -1.275 -1.275 -1.275 -1.275 -1.275 -1.6998165 -0.77500001 -0.775 -0.775 -0.77564077 -0.51000077 -0.51 -0.51 -0.51 -0.51 0.014996702 -0.013207437 -0.26 -0.26 -0.26 -0.059801723 0.45976126 0.0036649286 -0.38127936 -0.675 -0.675 -0.675 -0.675 -0.675 -0.65928434 -0.52882155 -0.53 -0.53 -0.53 -0.53 -0.65143337 -0.35500066 -0.355 -0.355 -0.355 0.11500048 0.27999996 0.28 0.28 0.865 0.9399988 0.94 0.94 1.105 1.105 
-1.135 -1.135 -1.24 -1.24 -1.24 -1.2749883 -1.275 -1.275 -0.775 -0.775 -0.775 -0.775 -0.775 -0.51000001 -0.51 -0.51 -0.51 -0.51 -0.26 -0.26 -0.26 -0.26 -0.26 -0.51999999 -0.52 -0.52 -0.52 -0.675 -0.675 -0.675 -0.675 -0.675 -0.425 -0.425 -0.53 -0.53 -0.53 -0.16006301 -0.16 -0.355 -0.355 -0.355 -0.35499996 0.115 0.115 0.115 0.865 0.865 0.865 0.895 0.895 1.105 1.105 
-1.135 -1.135 -1.24 -1.24 -1.24 -1.24 -1.2399975 -0.785 -0.77500942 -0.775 -0.775 -0.775 -0.775 -0.51330563 -0.51 -0.51 -0.51 -0.51 -0.26 -0.26 -0.26 -0.26 -0.26 -0.52 -0.52 -0.52 -0.52 -0.52000065 -0.675 -0.675 -0.675 -0.42501311 -0.425 -0.425 -0.425 -0.53 -0.16 -0.16 -0.16 -0.16513082 -0.16532309 -0.13 -0.13 0.115 0.115 0.115 0.865 0.865 0.865 0.895 0.895 0.895 1.0053712 
-1.215 -1.2149994 -1.24 -1.24 -1.24 -1.24 -0.785 -0.785 -0.785 -0.775 -0.775 -0.775 -0.775 -0.77491762 -0.51 -0.51 -0.51 -0.51 -0.26000451 -0.26 -0.26 -0.26 -0.47420213 -0.52 -0.52 -0.52 -0.52 -0.84499973 -0.845 -0.845 -0.67681521 -0.425 -0.425 -0.425 -0.42499974 -0.155 -0.16 -0.16 -0.16 -0.16 -0.13 -0.13 -0.13 0.365 0.365 0.365 0.25005989 0.865 0.865 0.895 0.895 0.895 0.99499817 
-1.215 -1.215 -1.24 -1.24 -1.24 -0.785 -0.785 -0.785 -0.785 -0.77609003 -0.775 -0.775 -0.775 -0.7749992 -0.70997698 -0.71 -0.71 -0.71 -0.63596898 -0.52 -0.52 -0.52 -0.52 -0.52 -0.52 -0.52 -0.52002144 -0.845 -0.845 -0.845 -0.845 -0.42499509 -0.27313281 -0.155 -0.155 -0.155 -0.16037328 -0.25999792 -0.26 -0.26 -0.12985901 0.049999995 0.05 0.365 0.365 0.36499951 0.25 0.25 0.48 0.48 0.48 -0.09 0.34 
-1.215 -1.215 -0.74 -0.74 -0.74 -0.785 -0.785 -0.785 -0.785 -0.57 -0.57 -0.57 -0.57 -0.57986613 -0.71 -0.71 -0.71 -0.71 -0.64 -0.52 -0.52 -0.52 -0.52 -0.945 -0.94499983 -0.52000063 -0.845 -0.845 -0.845 -0.845 -0.64502128 -0.45 -0.19010095 -0.155 -0.155 -0.155 -0.26 -0.26 -0.26 -0.26 0.05 0.05 0.05 -0.39485968 -0.395 0.24710077 0.25 0.25 0.47999528 0.48 -0.09 -0.09 0.34 
-1.215 -0.74 -0.74 -0.74 -0.74 -0.74 -0.78325335 -0.56 -0.56 -0.57 -0.57 -0.57 -0.57 -0.57003316 -0.71 -0.71 -0.71 -0.70683718 -0.64 -0.64 -0.52 -0.52 -0.945 -0.945 -0.945 -0.945 -0.845 -0.845 -0.845 -0.845 -0.45 -0.45 -0.45 -0.15529852 -0.155 -0.155 -0.26 -0.26 -0.26 -0.26 0.05 0.05 0.05 -0.395 -0.395 -0.39500878 -0.55 -0.55 -0.52 -0.52 -0.09 -0.09 0.34 
-0.74446084 -0.74 -0.74 -0.74 -0.74 -0.74 -0.56 -0.56 -0.56 -0.56535242 -0.57 -0.57 -0.57 -0.57000322 -0.71 -0.71 -0.71 -0.64 -0.64 -0.64 -0.520006 -0.5200026 -0.945 -0.945 -0.945 -0.945 -0.84500711 -0.845 -0.845 -0.45009084 -0.45 -0.45 -0.45 -0.45 -0.15670033 -0.84 -0.84 -0.82996209 -0.26 -0.26 0.049999726 0.05 -0.38206153 -0.395 -0.395 -0.54999994 -0.55 -0.55 -0.52 -0.52 -0.22 -0.22 -0.185 
-0.74 -0.74 -0.74 -0.74 -0.74 -0.74 -0.56 -0.56 -0.56 -0.56 -0.70499611 -0.705 -0.705 -0.705 -0.70999967 -0.63628386 -0.595 -0.595 -0.63991704 -0.64 -0.63999998 -0.94499938 -0.945 -0.945 -0.945 -0.945 -0.94492729 -0.845 -0.8449865 -0.45 -0.45 -0.45 -0.45 -0.45 -0.84 -0.84 -0.84 -0.84 -0.84 -0.83999726 -0.56 -0.56 -0.56000006 -0.75 -0.75 -0.75 -0.665 -0.665 -0.355 -0.355 -0.22 -0.21999992 -0.185 
-0.74 -0.74 -0.74 -0.74 -0.74 -0.74 -0.56 -0.56 -0.56 -0.705 -0.705 -0.705 -0.705 -0.705 -0.67600426 -0.595 -0.595 -0.595 -0.595 -0.595 -0.5971486 -0.945 -0.945 -0.945 -0.945 -0.9325966 -0.55061896 -0.80483089 -0.45194793 -0.45 -0.45 -0.45 -0.45 -0.45000085 -0.84 -0.84 -0.84 -0.84 -0.84 -0.70974465 -0.56 -0.56 -0.56 -0.75 -0.75 -0.75 -0.665 -0.665 -0.355 -0.355 -0.93999999 -0.22664896 -0.185 
-0.74 -0.74 -0.74 -0.74 -0.74 -0.73999995 -0.56000004 -0.56 -0.56601831 -0.705 -0.705 -0.705 -0.705 -0.705 -0.69972372 -0.595 -0.595 -0.595 -0.595 -0.595 -0.595 -0.6105307 -0.55000055 -0.55 -0.55 -0.55 -0.55 -0.55 -0.73217393 -0.73499663 -0.73499999 -0.735 -0.735 -0.73500007 -0.84 -0.84 -0.84 -0.84 -0.84 -0.56000003 -0.56 -0.56 -0.56 -0.56000008 -0.74967134 -0.545 -0.66499999 -0.90576152 -0.35548629 -0.94 -0.94 -0.93178928 -0.545 
-0.74 -0.74 -0.74 -0.74 -0.74 -0.7399885 -0.56000971 -0.56000877 -0.70499982 -0.705 -0.705 -0.705 -0.705 -0.705 -0.70290693 -0.595 -0.595 -0.595 -0.595 -0.595 -0.595 -0.55 -0.55 -0.55 -0.55 -0.55 -0.55 -0.55 -0.73494893 -0.735 -0.735 -0.735 -0.735 -0.735 -0.76376999 -0.84 -0.84 -0.84 -0.84 -0.56 -0.56 -0.56 -0.56 -0.55999616 -0.545 -0.545 -0.54728764 -0.91 -0.91 -0.94 -0.94 -0.545 -0.545 
-0.74 -0.74 -0.74 -0.74 -0.74 -0.73975995 -0.56021775 -0.6886377 -0.705 -0.705 -0.705 -0.705 -0.705 -0.705 -0.70307426 -0.595 -0.595 -0.595 -0.595 -0.595 -0.58859282 -0.55 -0.55 -0.55 -0.55 -0.55 -0.55 -0.55 -0.73499926 -0.735 -0.735 -0.735 -0.735 -0.735 -0.735 -0.71506126 -0.52084851 -0.41465471 -0.39849603 -0.55710746 -0.56 -0.56 -0.56 -0.5450012 -0.545 -0.54920828 -1.2499984 -0.91 -0.91 -0.89506761 -0.895 -0.895 -0.54500015 
-0.74 -0.74 -0.74 -0.74 -0.73999982 -0.73849893 -0.57379735 -0.70496013 -0.705 -0.705 -0.705 -0.705 -0.705 -0.705 -0.70243133 -0.595 -0.595 -0.595 -0.595 -0.595 -0.55000019 -0.55 -0.55 -0.55 -0.55 -0.55 -0.55 -0.55 -0.73499995 -0.735 -0.735 -0.735 -0.735 -0.735 -0.73499993 -0.39 -0.39 -0.39 -0.39 -0.515 -0.515 -0.515 -0.515 -1.249998 -1.25 -1.25 -1.25 -1.2499994 -1.205 -1.205 -0.895 -0.895 -0.93498333 
-0.74 -0.74 -0.74 -0.73999999 -0.73999497 -0.73517912 -0.6953624 -0.70499811 -0.705 -0.705 -0.705 -0.705 -0.705 -0.705 -0.70126592 -0.59500005 -0.595 -0.595 -0.595 -0.59472916 -0.55 -0.55 -0.55 -0.55 -0.55 -0.55 -0.55 -0.55 -0.73499996 -0.735 -0.735 -0.735 -0.735 -0.735 -0.39000032 -0.39 -0.39 -0.39 -0.39 -0.515 -0.515 -0.515 -0.515 -0.71337334 -1.25 -1.25 -1.25 -1.2050005 -1.205 -1.205 -0.955 -0.955 -0.955 
-0.74 -0.74 -0.73999999 -0.73999959 -0.73995109 -0.72849176 -0.7044973 -0.70499953 -0.705 -0.705 -0.705 -0.705 -0.705 -0.70499999 -0.69968724 -0.59500259 -0.595 -0.595 -0.59499995 -0.55091177 -0.55 -0.55 -0.55 -0.55 -0.55 -0.55 -0.55 -0.55 -0.73499983 -0.735 -0.735 -0.735 -0.735 -0.62153339 -0.39000006 -0.39 -0.39 -0.39 -0.39 -0.515 -0.515 -0.515 -0.515 -0.515 -1.25 -1.25 -1.25 -1.205 -1.205 -1.205 -0.955 -0.955 -0.955 
-0.74 -0.73999999 -0.73999983 -0.73999521 -0.73974413 -0.71313783 -0.70491662 -0.70499971 -0.705 -0.705 -0.705 -0.705 -0.705 -0.70499979 -0.69781032 -0.59504017 -0.595 -0.595 -0.59476701 -0.55000383 -0.55 -0.55 -0.55 -0.55 -0.55 -0.55 -0.55 -0.55000011 -0.73499884 -0.735 -0.73499989 -0.59362639 -0.58 -0.58 -0.58 -0.39 -0.39 -0.39 -0.39 -0.515 -0.515 -0.515 -0.515 -0.515 -1.249987 -1.25 -1.25 -1.205 -1.205 -1.2049999 -0.955 -0.955 -0.955 
