interpolatedSpi/02-01|20_2.tif
NCOLS 53
NROWS 52
XLLCORNER -116.03883
YLLCORNER 28.596182
DX 0.49850594
DY 0.49788537
NODATA_VALUE -9999
0.35 0.35 -0.11705128 -0.22 -0.22 -0.6 -0.31 -0.65 -1.0832127 -0.98 -1.16 -1.36 -1.4298913 -0.11 -0.24 -0.24 -0.24 0.32 -0.16 -0.16 -0.16 -0.16000347 -0.52 -0.89 -0.89 -0.89 -0.0099962332 -0.01 -0.01 -0.53 -0.53 -0.53 -0.53 -1.8399997 -1.84 -1.84 -1.84 -1.84 -1.84 -1.84 -0.60332046 -0.59050919 -2.59 -2.59 -2.59 -2.59 -2.5891833 -2.09 -2.09 -2.09 -0.33000366 -0.33 -0.33 
0.35000133 0.38 -0.42999913 -0.25357849 -0.32019836 -0.32 -0.16 -0.4102775 -0.97 -1.24 -1.16 -1.43 -1.43 -0.91729908 -0.11001093 -0.24 0.32 0.32 -0.15937414 -0.16 -0.16 -0.16 -0.91000209 -0.89 -0.89 -0.89 -1.05 -1.05 -0.53 -0.53 -0.53 -0.53 -0.53 -1.8399998 -1.84 -1.84 -1.84 -1.84 -1.8399999 -1.7081493 -1.1299835 -2.4128401 -2.59 -2.59 -2.59 -2.59 -2.59 -2.09 -2.09 -2.09 -1.9440591 -0.33 -0.33 
1.3399542 1.34 0.32 0.42 0.02 -0.44 -0.37 -0.64 -0.67 -0.64 -0.63 -1.16 -1.33 -0.64 -0.92 -1.2 0.32 0.32 0.32 -0.7298343 -0.73 -0.73 -1.27 -0.89 -0.89 -0.89 -1.05 -1.05 -1.05 -0.53 -0.53 -0.53 -0.525186 -1.8359518 -1.8264105 -0.39337867 -0.38 -0.38 -0.47433023 -1.13 -1.13 -1.131867 -2.59 -2.59 -2.59 -2.59 -2.59 -2.09 -2.09 -2.09 -2.09 -0.33 -0.33 
-0.58 1.3399996 -0.42003217 0.07 -0.61 -0.04 -0.71 -0.83 -1.01 -0.78155115 -1.44 -0.98 -1.16 -0.64 -1.33 -1.2 -1.3290054 -1.3288439 -1.43 -0.73 -0.73 -2.2 -1.27 -1.27 -0.89 -0.8900008 -1.05 -1.05 -1.05 -1.53 -0.9758355 -0.52 -0.52 -0.51999991 -0.38 -0.38 -0.38 -0.38 -1.13 -1.13 -1.13 -1.1300001 -2.59 -2.59 -2.59 -2.59 -2.59 -2.0900063 -2.09 -2.09 -2.09 -0.33001013 -0.33 
-0.58 -1.3199983 -0.42 -0.92858169 -0.61 -0.83 -1.0499744 -1.12 -1.5 -0.89000024 -1.2258233 -1.3800201 -1.52 -1.33 -1.33 -1.2450597 -1.33 -1.33 -1.43 -1.43 -0.73000292 -2.2 -4.39 -1.89 -1.62 -1.62007 -1.05 -1.05 -1.53 -1.53 -0.52 -0.52 -0.52 -0.82925996 -0.38 -0.38 -0.38 -1.13 -1.13 -1.13 -1.13 -1.1298929 -2.59 -2.59 -2.59 -2.59 -2.59 -2.5855494 -2.09 -2.089935 -0.64 -0.64 -0.64 
-0.68 -0.74 -0.33000001 -0.75 -0.81 -0.6 -0.55 -0.62297632 -0.72 -0.95 -1.08 -0.93 -0.93000039 -0.81 -0.81 -0.55015693 -0.55 -1.42 -1.42 -1.4300004 -2.11 -2.11 -1.89 -1.62 -1.62 -1.92 -2.07 -2.07 -0.50009619 -1.53 -0.52 -0.52 -2.16 -2.1599404 -1.5900406 -0.93 -0.93 -1.0681254 -1.13 -1.13 -0.021384409 -0.019999999 -0.019998943 -1.7550048 -1.7400939 -1.7400002 -1.74 -1.7400003 -1.4451542 -0.64 -0.64 -0.64 -0.64 
-1.0399832 0.49 -1.0628494 -0.42 -0.35 -1.04 -1.1 -1.44 -1.18 -1.18 -1.08 -0.72 -0.70000008 -0.81 -1.1999988 -1.2 -0.55 -1.53 -1.84 -1.84 -2.1712644 -2.24 -2.24 -2.16 -1.92 -1.92 -2.07 -2.07 -0.50011597 -0.50213511 -1.4831083 -2.16 -2.16 -1.59 -1.59 -0.63589438 -0.93 -0.93 -1.0199969 -0.020001392 -0.02 -0.02 -0.019997225 -1.7399998 -1.74 -1.74 -1.74 -1.7399999 -1.56 -0.64018232 -0.64 -0.64 -0.64 
-1.04 -1.59 -1.19 -1.25 -1.4199903 -0.95 -0.72 -1.56 -0.74 -1.13 -1.13 -1.02 -0.7 -0.7 -1.1965695 -1.391259 -1.41 -0.8 -1.1900007 -1.84 -1.3794296 -1.32 -2.32 -0.84000001 -0.84001058 -1.66 -2.04 -2.04 -2.4830268 -2.49 -1.48 -1.2958677 -1.46 -1.59 -1.5817288 -0.39 -0.39 -1.02 -1.02 -0.02 -0.02 -0.01999999 -1.700939 -1.71 -1.74 -1.74 -1.74 -1.5600069 -1.56 -1.56 -0.64 -0.64 -0.64 
-1.4564903 -1.59 -2.97 -1.33 -1.46 -1.04 -1.22 -0.65 -0.49 -0.027486185 -0.12 -0.32 -0.32 -0.67 -0.66999549 -1.2803623 -1.28 -1.28 -0.85953412 -1.3900001 -2.02 -2.02 -1.99 -2.1899524 -1.5773657 -1.66 -1.7 -2.04 -1.3738934 -1.37 -1.25 -1.02 -1.1710973 -1.54 -1.3 -0.86 -0.43 0.13 -0.22983377 -0.017812751 0.47 -0.48 -1.7098567 -1.71 -1.7101689 -1.74 -1.4 -1.56 -1.56 -1.56 -1.56 -0.48063048 -0.46 
-0.71 -0.71 -3.33 -1.72 -1.4 -1.76 -1.31 -1.07 0.01 0.0899753 -0.03 -0.93 -0.67 -0.67 -0.19 -0.20494984 -1.28 -1.2799511 -1.14 -1.39 -1.39 -1.4711651 -1.99 -1.7500045 -1.75 -1.75 -1.7 -0.6 -0.6 -1.37 -1.37 -1.020569 -1.32 -1.54 -1.57 -0.86 -0.43 -1.55 -0.23 0.73411705 -0.47999996 -0.60856879 -0.83 -1.71 -1.71 -1.4 -1.4 -1.4 -1.56 -1.56 0.64 0.64 0.63999959 
-0.71 -0.71 -2.36 -1.94 -1.38 -1.82 -2.02 -0.61034275 -0.72 -0.62 -0.28 -0.48 -0.92940053 -0.19 -0.19 -0.19002307 -0.39 -0.42936352 -1.14 -0.46 -0.46 -0.54 -0.54 -1.75 -1.75 -1.75 -0.6 -0.6 -0.6 -1.95 -1.95 -1.949999 -1.28 -1.28 -1.34 -1.72 -0.52 -1.7599963 -1.59 0.75 0.75 -0.78000016 -0.83 -1.71 0.40999923 -0.09 0.37233395 0.38 0.98 0.98 0.64 0.64 0.64 
-0.71 -1.4224268 -2.180771 -1.9100019 -2.73 -2.56 -2.02 -0.61 -0.71999908 -0.62110788 -0.48000018 -0.48 -0.56 -0.19 -0.19 -0.38999999 -0.39 -0.39004268 -1.14 -0.46 -0.47571037 -0.54 -0.54 -1.7499511 -1.75 -1.3884085 -0.65 -0.65 -0.64999999 -1.95 -1.95 -1.32 -1.32 -1.2800002 -1.34 -0.020000258 -0.64828271 -1.76 -1.76 0.74999995 -0.78 -0.78 -0.7799914 0.41 0.41 -0.09 0.38 0.38 0.98 0.98 0.64 0.64 0.64 
1.2 -0.3263444 -0.1600668 -0.17269528 -2.7299986 -2.560004 -2.02 -0.62735629 -0.71241988 -0.71738873 -0.56 -0.56 -0.56 -0.56 -0.19005241 -0.39 -0.39 -0.3996837 -1.14 -0.45998405 -0.39 -0.39 -0.39 -0.39 -1.7260678 -0.65 -0.65 -0.65 -0.65 -0.65053428 -1.32 -1.32 -1.32 -1.32 -0.020000001 -0.02 -0.02 -1.6755895 -1.7361165 1.42 1.42 -0.77988167 1.2999695 0.41008572 0.41 -0.09 0.38 0.38 0.98 0.98 0.64123348 0.64 -0.4574399 
1.2 -0.16 -0.16 -0.16 -0.16 -0.16000101 -2.0213823 -1.3528547 -0.69219681 -0.56016997 -0.56 -0.56 -0.56 -0.56 -0.56000071 -0.39 -0.39000012 -0.44144488 -1.1399871 -0.39 -0.39 -0.39 -0.39 -0.39 -0.38329971 -0.12004414 0.15999983 0.16 0.16 0.16 -1.32 -1.32 -1.3199973 0.95 0.95 -0.02 1.4577314 1.5 1.42 1.42 1.42 1.42 1.3 1.3 1.3 1.2903269 1.4826803 1.49 1.49 1.49 1.49 0.30000007 0.3 
0.37 -0.16 -0.16 -0.16 -0.16 -0.16 -0.16000012 -1.339869 -1.5349879 -1.54 -1.54 -1.54 -1.54 -1.54 -1.54 -1.2949263 -0.40434926 -0.49270021 -0.39009405 -0.39 -0.39 -0.39 -0.39 -0.39000059 -0.08 -0.08 -0.079999663 0.16 0.16 0.16026032 0.29 0.29 0.95 0.95 0.95 1.4118961 1.5 1.5 1.5 1.42 1.42 1.42 1.3 1.3 1.3 1.3 1.49 1.49 1.49 1.49 1.49 0.3 0.3 
0.37 0.17268702 -0.16 -0.16 -0.16 -0.16 -0.46993916 -0.47 -0.47000003 -1.54 -1.54 -1.54 -1.54 -1.54 -1.4848483 -1.29 -1.29 -1.29 -0.89844773 -0.89999948 -0.9 -0.9 -0.9 -0.9 -0.08 -0.08 -0.08 -0.08 0.16 0.29 0.29 0.29 0.94999994 0.95 0.95 1.71 1.500278 1.5 1.5 1.4199401 1.3003317 1.0211955 1.3 1.3 1.6389507 1.64 1.64 1.4901649 1.5896505 1.59 1.59 1.8397668 0.30000313 
0.37 0.058594471 -0.053730332 -0.16 -0.16 -0.46981684 -0.47 -0.47 -0.47 -0.47771073 -1.54 -1.54 -1.54 -1.54 -1.29 -1.29 -1.29 -1.29 -0.90034838 -0.9 -0.9 -0.9 -0.9 -0.9 -0.080000019 -0.08 -0.08 -0.08 -0.078654182 0.29 0.29 0.29 0.92999998 0.95007682 1.71 1.71 1.71 1.7022896 1.0503864 1.02 1.02 1.02 1.06 1.06 1.64 1.64 1.64 1.59 1.59 1.59 1.59 1.84 1.84 
0.050319264 0.05 0.05 0.05 0.02 -0.46998736 -0.47 -0.47 -0.47 -0.47 -1.4453644 -1.5399837 -1.54 -1.29 -1.29 -1.29 -1.29 -1.29 -1.2247054 -0.9 -0.9 -0.9 -0.9 -0.9 -0.28930025 0.069999187 0.07 0.07 0.07 0.29000003 0.92999999 0.93 0.93 0.93 1.71 1.7099816 1.01 1.01 1.0198751 1.02 1.02 1.02 1.06 1.06 1.550196 1.64 1.64 1.59 1.59 1.59 1.5926807 1.84 1.84 
0.05 0.05 0.05 0.035872552 0.02 0.02 -0.47 -0.47 -0.47 -0.47 -0.29 -0.29 -0.29 -1.29 -1.29 -1.29 -1.29 -1.2899075 -0.74 -0.74 -0.89999994 -0.9 -0.89123552 -0.54 -0.53450844 0.07 0.07 0.07 0.07 0.92991243 0.93 0.93 0.93 0.93 1.0100025 1.01 1.01 1.01 1.0100449 1.02 1.02 1.02 1.06 1.06 1.06 1.64 1.64 1.59 1.59 1.59 1.84 1.84 1.84 
0.05 0.05 0.05 0.02 0.02 0.02 0.019999251 -0.47 -0.47 -0.29018581 -0.29 -0.29 -0.29 -0.29062304 -0.83672345 -0.73 -0.73 -0.73 -0.74 -0.74 -0.74 -0.54 -0.54 -0.54 -0.53994678 -0.15030021 0.07 0.07 0.070000003 0.64188054 0.60003246 0.6 0.6 0.6 1.080049 1.1799996 1.18 1.18 1.18 0.86002189 0.86 0.86 1.06 1.06 0.80000109 0.79999988 0.47 0.47 0.92 0.92 0.92 1.84 1.1705991 
0.050000776 0.05 0.049999999 0.02 0.02 0.02 0.020000001 0.14999982 -0.467521 -0.28970076 -0.29 -0.29 -0.29 -0.2908634 -0.73 -0.73 -0.73 -0.73 -0.74 -0.74 -0.74 -0.54 -0.54 -0.54 -0.35 -0.35 0.89999998 0.9 0.9 0.89836341 0.6 0.6 0.6 0.6 0.88984077 1.18 1.18 1.18 1.18 0.86 0.86 0.86 0.85811217 0.8 0.8 0.8 0.47 0.47 0.92 0.92 0.92 1.17 1.17 
0.3 0.18625767 2.4077635e-13 5.8023429e-06 0.02 0.14924782 0.15 0.15 0.16093136 0.040000003 0.04 0.04 0.04 -0.77997331 -0.78 -0.73000004 -0.73 -0.73026349 -0.74 -0.74 -0.74 -0.23 -0.23 -0.23 -0.35 -0.35 0.9 0.9 0.9 0.90000038 1.4199948 1.4199977 0.62060947 0.6008791 1.2592499 1.26 1.26 1.26 1.26 0.86 0.86 0.86 0.80330403 0.8 0.8 0.79999999 0.47 0.47 0.4700162 0.92 0.91997541 0.37 1.17 
0.63993543 0.63999989 4.9997061e-25 6.7955235e-49 1.5376614e-25 0.15 0.15 0.15 0.18 0.18 0.04 0.04 0.04 -0.78 -0.78 -0.78 -0.78 -0.77999537 -0.74 -0.74 -0.73999998 -0.23 -0.23 -0.23 -0.35 -0.35 0.9 0.9 0.9 1.414137 1.42 1.42 1.42 1.42 1.260079 1.26 1.26 1.26 1.26 1.2199999 1.22 1.22 1.22 0.79999977 0.77 0.77 0.77 0.29 0.29 0.29 0.37 0.37 0.37 
0.64 0.64 1.1400388e-26 4.7659915e-121 3.0513432e-50 0.14921157 0.15 0.18 0.18 0.18 0.040017234 0.04 0.15439746 -0.77999978 -0.78 -0.78 -0.78 0.2 0.2 0.2 -0.11 -0.11000009 -0.22999942 -0.23 -0.23002776 -0.22 -0.22 -0.21999733 0.899819 1.1300578 1.1300015 1.1300506 1.4195044 1.4197497 1.2883089 1.2599999 1.2595308 1.12 1.12 1.22 1.22 1.22 1.22 0.77 0.77 0.77 0.77 0.29 0.29 0.29 0.37 0.37 0.37 
0.64 0.64 5.1464556e-12 1.0313765e-46 4.6726188e-39 5.8979951e-10 0.16122812 0.18 0.18 0.18 0.18 0.18 0.18 0.18 -0.7743425 -0.78 0.19346952 0.2 0.2 0.2 -0.11 -0.11 -0.11 -0.11 -0.22 -0.22 -0.22 -0.22 -0.22 1.13 1.13 1.13 1.13 1.1300005 1.37 1.12 1.12 1.12 1.12 1.1199992 0.85 0.85 0.85 0.75237718 0.55 0.55 0.55 0.29000001 0.2899999 0.19 0.19 0.4299854 0.43 
0.64 0.64 0.23099506 3.5144044e-21 1.4034872e-26 2.3159762e-10 0.01030167 0.17946425 0.18 0.18 0.18 0.18 0.18 0.18 0.18 0.10131487 0.2 0.2 0.2 0.2 -0.1099976 -0.11 -0.11 -0.11 -0.22 -0.22 -0.22 -0.22 -0.22 0.49449748 1.13 1.13 1.13 1.37 1.37 1.3698059 1.12 1.12 1.3676225 1.56 0.85 0.85 0.85 0.75457078 0.55 0.55 0.55 0.59 0.19498396 0.19 0.19 0.43 0.43 
0.35 0.35 0.35 0.087754621 -0.00020242601 0.0099999998 0.01 0.01 0.01 0.2 0.2 0.18 0.18 0.18 0.18 0.18000127 0.2 0.2 0.2 0.2 0.025273944 -0.11 -0.11 -0.1288427 -0.80283738 -0.22 -0.22 -0.22 0.27 0.27 0.27 0.27000361 1.37 1.37 1.37 1.37 1.56 1.56 1.56 1.56 0.3 0.3 0.3 0.81998955 0.82 0.82 0.81999991 0.59 0.59 0.19048738 0.19 0.42999975 0.43 
0.35 0.35 0.35 0.34997361 -0.14 -0.11818754 0.01 0.01 0.01 0.2 0.2 0.2 0.18 0.18 0.18 0.18 0.19983514 0.2 0.2 0.2 0.19525999 -0.82999802 -0.83 -0.83 -0.83 -0.82999999 -0.55 -0.55 0.27 0.27 0.27 0.27 1.37 1.37 1.37 1.3700033 1.56 1.56 1.56 1.5584207 0.3 0.3 0.3 0.81997589 0.82 0.82 0.82 0.59 0.59 0.58999997 0.38 0.38 0.76 
0.35 0.35 0.35 -0.13999887 -0.14 -0.14 0.0099999437 0.01 0.01 0.2 0.2 0.2 0.18 0.18 0.18 0.17466883 0.11 0.11 0.11000023 0.19949165 -0.83 -0.83 -0.83 -0.83 -0.83 -0.82978929 -0.55 -0.55 -0.55 0.27 0.27 0.27025103 1.41 1.41 1.41 1.4 1.4 1.2 1.2 1.2 0.75 0.30014115 0.30000403 0.84 0.84 0.83924202 0.81999966 0.59 0.59 0.38 0.38 0.38 0.76 
0.35 0.35 0.35 -0.14 -0.14 -0.14 -0.14 0.0099999999 0.01 0.2 0.2 0.18079971 0.18 0.18 0.18 0.11 0.11 0.11 0.11 0.11 -0.83 -0.83 -0.83 -0.83 -0.83 -0.55000096 -0.55 -0.55 -0.55 0.66 0.66 0.66 1.41 1.41 1.41 1.4 1.4 1.2 1.2 0.75 0.75 0.75 0.84 0.84 0.84 0.84 0.86628715 1.16 1.16 1.16 0.38000002 1.33 1.33 
0.35 0.35 0.34931765 -0.14 -0.14 -0.14 -0.14 -0.14952012 -0.15 -0.1493991 0.2 0.17999916 0.18 0.18 0.17999976 0.11 0.11 0.11 0.11 0.11 0.042741565 -0.83 -0.83 -0.83 -0.82989908 -0.54998818 -0.55 -0.55 -0.55 0.66 0.66 0.66 0.6601099 1.41 1.4 1.4 1.4 1.3999917 1.1999693 0.75 0.75 0.75 0.83999454 0.84 0.84 0.84 1.1599997 1.16 1.16 1.16 1.33 1.33 1.33 
-0.39 -0.38999871 -0.13975112 -0.14 -0.14 -0.14 -0.14999787 -0.15 -0.15 -0.15 0.16999999 0.17 0.17 0.17 0.11027692 0.11 0.11 0.11 0.11 0.080000018 0.08 0.08 -0.34000008 -0.34 -0.34 -0.34 -0.3581257 -0.55 0.85994225 0.86 0.86 0.86 0.86 1.28 1.28 1.28 1.28 1.28 1.07 1.07 1.07 1.07 1.07 1.1295628 1.13 1.13 1.13 1.16 1.16 1.16 1.3299732 1.33 1.33 
-0.39 -0.39 -0.38623231 0.059999598 0.059999956 0.059795146 -0.15 -0.15 -0.15 -0.15 0.17 0.17 0.17 0.17 0.17 0.11 0.11 0.11 0.080000008 0.08 0.08 0.08 -0.34 -0.34 -0.34 -0.34 -0.34 -0.34004322 0.86027417 0.86 0.86 0.86 0.86011014 1.1722887 1.2798885 1.28 1.28 1.28 1.07 1.07 1.07 1.07 1.07 1.13 1.13 1.13 1.13 1.1440286 1.16 0.91278923 0.91 1.03 1.03 
-0.39 -0.39 0.059942999 0.06 0.06 0.06 0.0066608858 -0.15 -0.15 -0.15 0.17 0.17 0.17 0.17 0.17 0.11004707 0.11 0.080008796 0.08 0.08 0.08 0.08 -0.18440828 -0.34 -0.34 -0.34 -0.34 -0.33864732 1.57 1.57 1.57 1.57 1.57 1.09 1.09 1.09 1.09 1.09 0.88 0.88 0.88 0.88 0.88 1.1299023 1.13 1.13 1.1299932 1.1291525 0.91 0.91 0.91 1.0299993 1.03 
-0.38999882 0.23752257 0.060000026 0.06 0.06 0.06 0.06 -0.14991058 -0.15 -0.15 0.17 0.17 0.17 0.17 0.26777886 0.27 0.27 0.08000489 0.08 0.08 0.08 0.08 0.079999996 -0.34 -0.34 -0.34 -0.34 1.49 1.49 1.5070259 1.57 1.57 1.57 1.09 1.09 1.09 1.09 1.0899526 0.88 0.88 0.88 0.88 0.88000536 1.09 1.09 1.09 1.09 1.0899855 0.91 0.91 0.91 0.90999946 0.04472743 
0.25 0.25 0.18377552 0.06 0.06 0.06 0.06 0.06 -0.14991002 0.029999997 0.03 0.03 0.030332249 0.26999986 0.27 0.27 0.27 0.27 0.080001199 0.09025725 0.18 0.18 0.18 0.05103405 -0.27837199 0.051387798 0.33024593 1.49 1.49 1.49 1.49 1.49 1.4847183 1.0174186 1.02 1.02 1.02 1.02 0.89314984 0.94999987 0.95 0.95 0.95 0.6800012 1.0899999 1.09 1.09 1.3518114e-12 0.90998542 0.91 0.91 0.03 0.03 
0.25 0.25 0.040000002 0.04 0.04 0.059993338 0.06 0.06 0.03 0.03 0.03 0.03 0.03 0.26999999 0.27 0.27 0.27 0.27 0.18 0.18 0.18 0.18 0.18 0.42999999 0.43 0.43 0.43 1.49 1.49 1.49 1.49 1.49 0.79 0.79 1.02 1.02 1.02 1.1799728 1.18 0.95 0.95 0.95 0.95000001 0.68 0.68 0.68 2.7764347e-14 8.041596e-54 1.3078482e-25 0.19 0.19 0.03 0.03 
0.25 0.25 0.04 0.04 0.04 0.04 0.039999561 -0.04 0.029934093 0.03 0.03 0.03 0.03 0.26700622 0.27 0.27 0.27 0.27 0.18 0.18 0.18 0.18 0.18 0.43 0.43 0.43 0.43 0.43000429 1.49 1.49 1.49 0.7900367 0.79 0.79 0.79 1.02 1.18 1.18 1.18 1.1739483 0.98372034 0.99 0.99 0.68 0.68 0.68 3.3691657e-26 -9.3667735e-109 4.7208674e-30 0.19 0.19 0.19 0.43757236 
0.23 0.23000016 0.04 0.04 0.04 0.04 -0.04 -0.04 -0.04 0.03 0.03 0.03 0.03 0.030074609 0.27 0.27 0.27 0.27 0.18000133 0.18 0.18 0.17999999 0.38594147 0.43 0.43 0.43 0.43 0.47999996 0.48 0.48000001 1.4791338 0.79 0.79 0.79 0.79000002 0.81 1.18 1.18 1.18 1.18 0.99 0.99 0.99 0.39 0.39 0.39 -0.31996884 -2.4683251e-14 1.0043898e-10 0.19 0.19 0.19 0.48000078 
0.23 0.23 0.04 0.04 0.04 -0.04 -0.04 -0.04 -0.04 0.022324437 0.03 0.03 0.03 0.030000642 0.12001726 0.12 0.12 0.12 -0.25791625 -0.49 -0.49 -0.49 -0.49 0.43 0.43 0.43 0.4300033 0.48 0.48 0.48 0.48 0.78996708 0.80124942 0.81 0.81 0.81 1.1795508 1.0600025 1.06 1.06 0.98958486 0.46000002 0.46 0.39 0.39 0.38999699 -0.32 -0.32 0.19 0.19 0.19 0.62 0.76 
0.23 0.23 -0.09 -0.09 -0.09 -0.04 -0.04 -0.04 -0.04 -0.05 -0.05 -0.05 -0.05 -0.038019702 0.12 0.12 0.12 0.12 -0.25 -0.49 -0.49 -0.49 -0.49 -0.17 -0.16999976 0.42999911 0.48 0.48 0.48 0.48 0.50025101 0.52 0.77549398 0.81 0.81 0.81 1.06 1.06 1.06 1.06 0.46 0.46 0.46 -0.1398108 -0.14 -0.31919091 -0.32 -0.32 0.19000034 0.19 0.62 0.62 0.76 
0.23 -0.089999998 -0.09 -0.09 -0.09 -0.09 -0.038214535 0.19 0.19 -0.05 -0.05 -0.05 -0.05 -0.049959739 0.12 0.12 0.12 0.10328223 -0.25 -0.25 -0.49 -0.49 -0.17 -0.17 -0.17 -0.17 0.48 0.48 0.48 0.48 0.52 0.52 0.52 0.80970654 0.81 0.81 1.06 1.06 1.06 1.06 0.46 0.46 0.46 -0.14 -0.14 -0.13998187 0.18 0.18 0.31 0.31 0.62 0.62 0.76 
-0.086994802 -0.09 -0.09 -0.09 -0.09 -0.09 0.19 0.19 0.19 0.06154197 -0.05 -0.05 -0.05 -0.049990083 0.12 0.12 0.12 -0.25 -0.25 -0.25 -0.48998801 -0.48999805 -0.17 -0.17 -0.17 -0.17 0.4799538 0.48 0.48 0.5199908 0.52 0.52 0.52 0.52 0.80834784 0.15 0.15 0.16574913 1.06 1.06 0.46000053 0.46 -0.12255488 -0.14 -0.14 0.17999988 0.18 0.18 0.31 0.31 1.1 1.1 1.39 
-0.09 -0.09 -0.09 -0.09 -0.09 -0.09 0.19 0.19 0.19 0.19 0.42998617 0.43 0.43 0.43 0.12000023 0.1007697 0.09 0.09 -0.24937321 -0.25 -0.25000005 -0.17000046 -0.17 -0.17 -0.17 -0.17 -0.16952741 0.48 0.48000137 0.52 0.52 0.52 0.52 0.52 0.15 0.15 0.15 0.15 0.15 0.15000183 -0.47 -0.47 -0.46999972 0.35 0.35 0.35 0.61 0.61 1.1 1.1 1.1 1.1000006 1.39 
-0.09 -0.09 -0.09 -0.09 -0.09 -0.09 0.19 0.19 0.19 0.43 0.43 0.43 0.43 0.43 0.34037682 0.09 0.09 0.09 0.09 0.09 0.073766119 -0.17 -0.17 -0.17 -0.17 -0.14770528 0.53888744 0.48816817 0.51980274 0.52 0.52 0.52 0.52 0.51999919 0.15 0.15 0.15 0.15 0.15 -0.13842256 -0.47 -0.47 -0.47 0.35 0.35 0.35 0.61 0.61 1.1 1.1 0.91 1.3635211 1.39 
-0.09 -0.09 -0.09 -0.09 -0.09 -0.089999916 0.18999994 0.19 0.19996134 0.43 0.43 0.43 0.43 0.43 0.41369151 0.09 0.09 0.09 0.09 0.09 0.09 0.43003827 0.53999901 0.54 0.54 0.54 0.54 0.54 0.41189323 0.4100013 0.41 0.41 0.41 0.40999981 0.15 0.15 0.15 0.15 0.15 -0.46999993 -0.47 -0.47 -0.47 -0.46999964 0.34971142 0.17 0.60999995 0.22674696 1.0992289 0.91 0.91 0.91 0.91 
-0.09 -0.09 -0.09 -0.09 -0.09 -0.089982113 0.1899849 0.19001452 0.4299997 0.43 0.43 0.43 0.43 0.43 0.42353052 0.09 0.09 0.09 0.09 0.09 0.09 0.54 0.54 0.54 0.54 0.54 0.54 0.54 0.41003589 0.41 0.41 0.41 0.41 0.41 0.33876003 0.15 0.15 0.15 0.15 -0.47 -0.47 -0.47 -0.47 -0.46983605 0.17 0.17 0.17031338 0.22 0.22 0.91 0.91 0.91 0.91 
-0.09 -0.09 -0.09 -0.09 -0.089999998 -0.089626582 0.18967438 0.40291757 0.43 0.43 0.43 0.43 0.43 0.43 0.42404772 0.09 0.09 0.09 0.09 0.09 0.15407182 0.54 0.54 0.54 0.54 0.54 0.54 0.54 0.41000052 0.41 0.41 0.41 0.41 0.41 0.41 -0.03045588 -0.3109966 -0.46438763 -0.48773547 -0.47707065 -0.47 -0.47 -0.47 0.16994889 0.17 0.16647818 -0.41999694 0.22 0.22 -0.14998255 -0.15 -0.15 0.90999953 
-0.09 -0.09 -0.09 -0.09 -0.089999716 -0.087664803 0.20878803 0.42993401 0.43 0.43 0.43 0.43 0.43 0.43 0.42206048 0.09 0.09 0.09 0.09 0.090000002 0.53999806 0.54 0.54 0.54 0.54 0.54 0.54 0.54 0.41000004 0.41 0.41 0.41 0.41 0.41 0.40999982 -0.5 -0.5 -0.5 -0.5 -0.58 -0.58 -0.58 -0.58 -0.41999829 -0.42 -0.42 -0.42 -0.41999601 -0.07 -0.07 -0.15 -0.15 -0.29457508 
-0.09 -0.09 -0.09 -0.089999978 -0.08999218 -0.082289431 0.41305296 0.42999687 0.43 0.43 0.43 0.43 0.43 0.43 0.4184583 0.09000014 0.09 0.09 0.09 0.092708353 0.54 0.54 0.54 0.54 0.54 0.54 0.54 0.54 0.41000003 0.41 0.41 0.41 0.41 0.41 -0.49999917 -0.5 -0.5 -0.5 -0.5 -0.58 -0.58 -0.58 -0.58 -0.53681669 -0.42 -0.42 -0.42 -0.070003915 -0.07 -0.07 -0.36 -0.36 -0.36 
-0.09 -0.089999999 -0.089999987 -0.089999365 -0.08992277 -0.050266713 0.42904995 0.42999921 0.43 0.43 0.43 0.43 0.43 0.42999998 0.41357874 0.090007996 0.09 0.09 0.090000516 0.53088229 0.54 0.54 0.54 0.54 0.54 0.54 0.54 0.54 0.41000012 0.41 0.41 0.41 0.41 -0.13171114 -0.49999995 -0.5 -0.5 -0.5 -0.5 -0.58 -0.58 -0.58 -0.58 -0.58 -0.42 -0.42 -0.42 -0.070000004 -0.07 -0.07 -0.36 -0.36 -0.36 
-0.089999997 -0.089999981 -0.089999735 -0.089992449 -0.089475187 0.20181644 0.4298269 0.42999952 0.43 0.43 0.43 0.43 0.43 0.42999936 0.40777734 0.090124172 0.090000007 0.090000016 0.092329868 0.53996174 0.54 0.54 0.54 0.54 0.54 0.54 0.54 0.53999992 0.41000081 0.41 0.40999948 -0.26494499 -0.33 -0.33 -0.33 -0.5 -0.5 -0.5 -0.5 -0.58 -0.58 -0.58 -0.58 -0.58 -0.42000284 -0.42 -0.41999983 -0.070000025 -0.07 -0.070000157 -0.36 -0.36 -0.36 
