interpolatedSpi/02-01|21_2.tif
NCOLS 53
NROWS 52
XLLCORNER -116.03883
YLLCORNER 28.596182
DX 0.49850594
DY 0.49788537
NODATA_VALUE -9999
-0.79 -0.79 -0.54277777 -1.25 -1.84 -1.75 -1.2 -1.22 -1.4989894 -1.52 -0.77 -0.98 -1.6398559 0.11 -0.92 -0.92 -0.92 -0.2 -0.53 -0.53 -0.53 -0.53000376 -0.91999999 -0.33 -0.33 -0.33 -0.26998314 -0.27 -0.27 0.3 0.3 0.3 0.3 -2.5499994 -2.55 -2.55 -2.55 -2.55 -2.55 -2.5499998 3.4355273 3.4988278 -1.1 -1.1 -1.1 -1.1 -1.1022377 -2.47 -2.47 -2.47 0.45999391 0.46 0.46 
-0.79000311 -0.86 -1.0400009 -1.3030284 -1.6507384 -1 -1.52 -2.4101148 -2.77 -1.76 -1.77 -1.64 -1.64 -1.2853317 0.10997399 -0.92 -0.2 -0.2 -0.52956972 -0.53 -0.53 -0.53 -0.3715833 -0.33 -0.33 -0.33 -2.0299999 -2.03 0.3 0.3 0.3 0.3 0.3 -2.5499996 -2.55 -2.55 -2.55 -2.55 -2.5499998 -2.2484526 -0.80004938 -1.0635972 -1.1 -1.1 -1.1 -1.1 -1.1 -2.47 -2.47 -2.47 -2.2270416 0.46 0.46 
-1.9399652 -1.94 -1.82 -1.43 -1.86 -2.23 -1.91 -2.37 -2.49 -2.82 -1.99 -2.37 -1.79 -2.24 -1.29 -1.7 -0.2 -0.2 -0.2 -1.0498488 -1.05 -1.05 -1.12 -0.33 -0.33 -0.33 -2.03 -2.03 -2.03 0.3 0.3 0.29999988 -0.92757017 -2.5454368 -2.5299881 -0.41970146 -0.4 -0.4 -0.45030946 -0.8 -0.8 -0.80038362 -1.1 -1.1 -1.1 -1.1 -1.1 -2.47 -2.47 -2.47 -2.47 0.46 0.46 
-1.06 -1.9399998 -1.1100858 -1.26 -1.31 -2.17 -2.6 -2.68 -2.07 -2.148869 -1.49 -2.78 -3.14 -2.24 -2.04 -1.7 -1.9778577 -1.9787528 -1.74 -1.05 -1.05 -2 -1.12 -1.12 -0.33 -0.33000849 -2.03 -2.03 -2.03 -1.74 -2.0198256 -2.25 -2.25 -2.2499985 -0.4 -0.4 -0.4 -0.4 -0.8 -0.8 -0.8 -0.80000001 -1.1 -1.1 -1.1 -1.1 -1.1 -2.4699827 -2.47 -2.47 -2.47 0.45994382 0.46 
-1.06 -1.3999995 -1.11 -0.87691858 -1.31 -1.6 -2.2798803 -1.43 -2.21 -0.9000005 -2.4812835 -3.2299484 -2.87 -2.04 -2.04 -1.8169058 -1.98 -1.98 -1.74 -1.74 -1.0500018 -2 -0.1 -0.28 -0.61 -0.60968464 -2.03 -2.03 -1.74 -1.74 -2.25 -2.25 -2.25 -1.7898816 -0.4 -0.4 -0.4 -0.8 -0.8 -0.8 -0.8 -0.7998803 -1.1 -1.1 -1.1 -1.1 -1.1 -1.1121947 -2.47 -2.4699457 -1.26 -1.26 -1.26 
-1.32 -0.93 1.3299999 -0.26 -0.87 -0.07 -0.54 -0.65394549 -1.73 -1.77 -1.43 -1.44 -1.4400009 -1.02 -1.02 -0.95994688 -0.96 -0.82 -0.82 -1.7399987 -1.16 -1.16 -0.28 -0.61 -0.61 0.74 -0.83 -0.83 -0.380124 -1.74 -2.25 -2.25 0.19 0.18988088 -0.94991816 -0.26 -0.26 -0.63293867 -0.8 -0.8 0.43845345 0.44 0.44000041 -1.4339981 -1.4399624 -1.4399999 -1.44 -1.4399999 -2.065883 -1.26 -1.26 -1.26 -1.26 
-0.68000798 0.01 -0.68721463 0.66 0.78 -0.57 0.060000004 -0.85 -1.05 -1.05 -1.43 -1.24 -0.85999993 -1.02 -0.74000084 -0.74 -0.96 0.27 -0.28 -0.28 -1.0751723 -0.98 -0.98 1.26 0.74 0.74 -0.83 -0.83 -0.38002215 -0.38040771 -0.38117125 0.19 0.19 -0.95 -0.95 -0.36892801 -0.26 -0.26 0.40997678 0.43999996 0.44 0.44 0.44000003 -1.4399968 -1.44 -1.44 -1.44 -1.4400004 -2.19 -1.2601843 -1.26 -1.26 -1.26 
-0.68 -0.25 -0.34 0.55 -0.099962737 -0.64 -2.4348332e-18 -0.41999999 0.3 -0.54 -0.54 -0.55 -0.86 -0.86 -0.74082331 -1.0223347 -1.05 0.97 -0.59999967 -0.28 0.34670786 0.48 -1.21 -0.080000005 -0.080015607 -1.29 -0.31 -0.31000018 -0.75866843 -0.75999999 -0.38 -0.42655364 0.23 -0.95 -0.95798593 -0.46 -0.46 0.41 0.41 0.44 0.44 0.44 -0.86415444 -0.87000003 -1.44 -1.44 -1.44 -2.1899715 -2.19 -2.19 -1.26 -1.26 -1.26 
-0.31978915 -0.25 0.62 -0.13 -0.59 -0.87 -0.71 -1.21 -1.36 -1.61518 -1.88 -1.27 -1.27 -1.08 -1.0800037 -1.3292196 -1.33 -1.33 0.73033707 -0.84000005 -1.09 -1.09 -0.7 -1.0090174 -1.1680639 -1.29 0.46 -0.31 -0.22052299 -0.22 -0.61 -0.77 -0.94123781 -1.19 -1.23 -1.19 -0.92 -1.27 -0.92016162 0.44098203 0.66 -0.099999998 -0.87004067 -0.87 -0.87320827 -1.44 -2.24 -2.19 -2.19 -2.19 -2.19 -1.1118362 -1.04 
-0.71 -0.71 -0.05 -0.66 -1.53 -1.44 -1.17 -1.45 -1.34 -1.6798987 -1.72 -0.14 -1.08 -1.08 -1.47 -1.4680798 -1.33 -1.330107 -1.75 -0.84 -0.84 -0.87220841 -0.7 -1.0099941 -1.01 -1.01 0.46 -0.73 -0.73 -0.22 -0.22 -0.77064485 -1.11 -1.19 -0.69 -1.19 -0.92 -0.93 -0.92 -0.014910357 -0.099999966 -0.47468618 -1.12 -0.87 -0.87 -2.24 -2.24 -2.24 -2.19 -2.19 -0.07 -0.07 -0.070000364 
-0.71 -0.71 -0.58 -0.93 -1.2 -1.11 -1.38 -1.7500415 -2.04 -1.96 -2.25 -1.89 -0.14233116 -1.47 -1.47 -1.47009 -2.25 -2.2237577 -1.75 -1.8 -1.8 -1.31 -1.31 -1.01 -1.01 -1.01 -0.73 -0.73 -0.73 -1.22 -1.22 -1.2199998 -1.29 -1.29 -0.5 -1.38 -0.77 -1.1899951 -0.39 -8.743589e-29 1.1287442e-21 1.2199923 -1.12 -0.87 -0.2800007 -1.07 -0.31831206 -0.31000001 -0.17 -0.17 -0.07 -0.07 -0.07 
-0.71 -0.65396741 -0.72935748 -1.1200134 -1.3 -1.41 -1.38 -1.75 -2.0399976 -1.9608863 -1.8900001 -1.89 -1.81 -1.47 -1.47 -2.25 -2.25 -2.2499715 -1.75 -1.8 -1.703774 -1.31 -1.31 -1.0100132 -1.01 -1.1546366 -1.45 -1.45 -1.4499999 -1.22 -1.22 -1.5 -1.5 -1.2899978 -0.5 -1.47 -0.74594746 -1.19 -1.19 3.9385597e-08 1.22 1.22 1.2199888 -0.28 -0.28 -1.07 -0.31 -0.31 -0.17 -0.17 -0.07 -0.07 -0.07 
-0.26 -1.2284801 -1.2799866 -1.2788449 -1.3000005 -1.4099974 -1.38 -1.7454455 -2.020016 -2.037911 -1.81 -1.81 -1.81 -1.81 -1.4700482 -2.25 -2.25 -2.2435442 -1.75 -1.8001848 -2.44 -2.44 -2.44 -2.44 -1.0345578 -1.45 -1.45 -1.45 -1.45 -1.4499488 -1.5 -1.5 -1.5 -1.5 -1.47 -1.47 -1.47 -1.2028357 -1.1884979 -0.99 -0.99 1.2198811 -0.31999863 -0.28000385 -0.28 -1.07 -0.31 -0.31 -0.17 -0.17 -0.070362789 -0.07 0.012083892 
-0.26 -1.28 -1.28 -1.28 -1.28 -1.2800001 -1.3800768 -1.5551079 -1.9667007 -1.8102456 -1.81 -1.81 -1.81 -1.81 -1.8099997 -2.25 -2.2499999 -2.2157034 -1.7500092 -2.44 -2.44 -2.44 -2.44 -2.44 -2.4250806 -1.6547652 -1.7499999 -1.75 -1.75 -1.75 -1.5 -1.5 -1.4999989 -0.58 -0.58 -1.47 -0.93529455 -0.92 -0.98999996 -0.99 -0.99 -0.99 -0.32 -0.32 -0.32 -0.32521932 -0.47905177 -0.48 -0.48 -0.48 -0.47999999 -2.3299995 -2.33 
-0.69 -1.28 -1.28 -1.28 -1.28 -1.28 -1.28 -1.3711036 -1.4027432 -1.4 -1.4 -1.4 -1.4 -1.4 -1.4 -1.3315208 -2.2353556 -2.1815331 -2.4399134 -2.44 -2.44 -2.44 -2.44 -2.4399985 -1.75 -1.75 -1.75 -1.75 -1.75 -1.7495595 -1.53 -1.53 -0.58 -0.58 -0.58 -0.86553546 -0.92 -0.92 -0.92 -0.99 -0.99 -0.99 -0.32 -0.32 -0.32 -0.32 -0.48 -0.48 -0.48 -0.48 -0.48 -2.33 -2.33 
-0.69 -0.9096503 -1.28 -1.28 -1.28 -1.28 -1.1300294 -1.13 -1.13 -1.4 -1.4 -1.4 -1.4 -1.4 -1.3845575 -1.33 -1.33 -1.33 -1.1539282 -1.1500013 -1.15 -1.15 -1.15 -1.15 -1.75 -1.75 -1.75 -1.75 -1.75 -1.53 -1.53 -1.53 -0.58000009 -0.58 -0.58 -0.37 -0.91927178 -0.92 -0.92 -0.9899116 -0.81348928 -0.40176338 -0.32 -0.32 -0.40972225 -0.41 -0.41 -0.48032792 -0.67930109 -0.67999998 -0.67999996 -1.3701451 -2.329998 
-0.69 -0.72892561 -1.0016747 -1.28 -1.28 -1.1300886 -1.13 -1.13 -1.13 -1.1319457 -1.4 -1.4 -1.4 -1.4 -1.33 -1.33 -1.33 -1.33 -1.1501608 -1.15 -1.15 -1.15 -1.15 -1.15 -1.75 -1.75 -1.75 -1.75 -1.7491998 -1.53 -1.53 -1.53 -1.23 -0.57999433 -0.37 -0.37 -0.37 -0.36828213 -0.43291294 -0.4 -0.4 -0.4 -0.76 -0.76 -0.41 -0.41 -0.41 -0.68 -0.68 -0.68 -0.68 -1.37 -1.37 
-0.72989358 -0.73 -0.73 -0.73 -0.63 -1.1299871 -1.13 -1.13 -1.13 -1.13 -1.3795587 -1.3999965 -1.4 -1.33 -1.33 -1.33 -1.33 -1.33 -1.2919002 -1.15 -1.15 -1.15 -1.15 -1.15 -1.501287 -1.6100008 -1.61 -1.61 -1.61 -1.53 -1.23 -1.23 -1.23 -1.23 -0.37 -0.36999579 -0.21 -0.21 -0.39762757 -0.4 -0.4 -0.4 -0.76 -0.76 -0.46419205 -0.41 -0.41 -0.68 -0.68 -0.68 -0.68739859 -1.37 -1.37 
-0.73 -0.73 -0.73 -0.68290851 -0.63 -0.63 -1.13 -1.13 -1.13 -1.13 -1.13 -1.13 -1.13 -1.33 -1.33 -1.33 -1.33 -1.3300083 -0.95 -0.95 -1.1499999 -1.15 -1.1487827 -1.1 -1.1045913 -1.61 -1.61 -1.61 -1.61 -1.2300387 -1.23 -1.23 -1.23 -1.23 -0.21000056 -0.21 -0.21 -0.21 -0.21065043 -0.4 -0.4 -0.4 -0.76 -0.76 -0.76 -0.41 -0.41 -0.68 -0.68 -0.68 -1.37 -1.37 -1.37 
-0.73 -0.73 -0.73 -0.63 -0.63 -0.63 -0.63000076 -1.13 -1.13 -1.13 -1.13 -1.13 -1.13 -1.1301246 -1.3704711 -1.38 -1.38 -1.38 -0.95 -0.95 -0.95 -1.1 -1.1 -1.1 -1.0999328 -1.2166068 -1.61 -1.61 -1.61 -0.85651639 -0.76004623 -0.76 -0.76 -0.76 -0.082003323 0.099999296 0.1 0.1 0.1 0.019942532 0.02 0.02 -0.76 -0.76 -0.49000113 -0.49000012 -0.82 -0.82 -0.76 -0.76 -0.76 -1.37 -1.1701788 
-0.7299995 -0.73 -0.73 -0.63 -0.63 -0.63 -0.63 -0.85000008 -1.1288805 -1.1298458 -1.13 -1.13 -1.13 -1.1304906 -1.38 -1.38 -1.38 -1.3799999 -0.95 -0.95 -0.95 -1.1 -1.1 -1.1 -0.86 -0.86 -0.97 -0.97 -0.97 -0.96885438 -0.76 -0.76 -0.76 -0.76 -0.33023611 0.1 0.1 0.1 0.1 0.02 0.02 0.02 0.0039534488 -0.49 -0.49 -0.49 -0.82 -0.82 -0.76 -0.76 -0.76 -1.17 -1.17 
-0.57 -0.66264296 -1.15 -1.1498491 -0.63 -0.84872709 -0.85 -0.85 -0.91194437 -0.96 -0.96 -0.96 -0.96 -1.1799928 -1.18 -1.3799998 -1.38 -1.3686701 -0.95 -0.95 -0.95 -0.63 -0.63 -0.63 -0.86 -0.86 -0.97 -0.97 -0.97 -0.96999911 0.24999358 0.24999716 -0.73461517 -0.75891721 0.1489657 0.15 0.15 0.15 0.15 0.02 0.02 0.02 -0.46191776 -0.49 -0.49 -0.49000003 -0.82 -0.82 -0.81999784 -0.76 -0.75998927 -0.52 -1.17 
-1.159888 -1.16 -1.15 -1.15 -1.15 -0.85 -0.85 -0.85 -1.02 -1.02 -0.96 -0.96 -0.96 -1.18 -1.18 -1.18 -1.18 -1.1799752 -0.95 -0.95 -0.94999999 -0.63 -0.63 -0.63 -0.86 -0.86 -0.97 -0.97 -0.97 0.23624441 0.25 0.25 0.25 0.25 0.15004934 0.15 0.15 0.15 0.15 0.089999982 0.09 0.09 0.09 -0.49000138 -0.67 -0.67 -0.67 -0.42 -0.42 -0.42 -0.52 -0.52 -0.52 
-1.16 -1.16 -1.15 -1.15 -1.15 -0.85157685 -0.85 -1.02 -1.02 -1.02 -0.96000739 -0.96 -0.82926004 -1.1799999 -1.18 -1.18 -1.18 -0.11 -0.11 -0.11 -0.25000001 -0.25000028 -0.62999815 -0.63 -0.63010608 -0.7 -0.7 -0.70000064 -0.96995637 0.30998804 0.30999968 0.30998952 0.25010255 0.25005178 0.16785069 0.15000017 0.15150805 0.6 0.6 0.09 0.09 0.09 0.09 -0.67 -0.67 -0.67 -0.67 -0.42 -0.42 -0.42 -0.52 -0.52 -0.52 
-1.16 -1.16 -1.15 -1.15 -1.15 -1.15 -0.91362603 -1.02 -1.02 -1.02 -1.0198785 -0.8 -0.8 -0.8 -1.1777606 -1.18 -0.11713022 -0.11 -0.11 -0.11 -0.25 -0.25 -0.25 -0.25 -0.7 -0.7 -0.7 -0.7 -0.7 0.31 0.31 0.31 0.31 0.31000076 0.67 0.6 0.6 0.6 0.6 0.59999927 0.45 0.45 0.45 0.35887873 0.17 0.17 0.17 -0.41999998 -0.41999911 0.5 0.5 0.35978592 0.36 
-1.16 -1.16 -1.1536093 -1.15 -1.15 -1.15 -1.0898758 -1.0202206 -1.02 -1.02 -0.80000005 -0.8 -0.8 -0.8 -0.8 -0.83104473 -0.11 -0.11 -0.11 -0.11 -0.24999892 -0.25 -0.25 -0.25 -0.7 -0.7 -0.7 -0.7 -0.7 0.36911651 0.31 0.31 0.31 0.67 0.67 0.66994564 0.6 0.6 0.84199476 1.03 0.45 0.45 0.45 0.36298069 0.17 0.17 0.17 1.07 0.50710214 0.5 0.5 0.36 0.36 
-0.72 -0.72 -0.72 -1.0421872 -1.1494631 -1.09 -1.09 -1.09 -1.09 -1.05 -1.05 -0.80000002 -0.8 -0.8 -0.8 -0.79995625 -0.11 -0.11 -0.11 -0.11 -0.18890854 -0.25 -0.25 -0.26439373 -0.7955471 -0.7 -0.7 -0.7 0.39 0.39 0.39 0.38999966 0.67 0.67 0.67 0.67 1.03 1.03 1.03 1.03 0.69 0.69 0.69 0.99999377 1 1 0.99999974 1.07 1.07 0.50069451 0.5 0.35999874 0.36 
-0.72 -0.72 -0.72 -0.72000323 -0.78 -0.82507909 -1.09 -1.09 -1.09 -1.05 -1.05 -1.05 -0.40000002 -0.4 -0.4 -0.40000001 -0.11119069 -0.11 -0.11 -0.11 -0.11215292 -0.79999849 -0.8 -0.8 -0.8 -0.79999997 0.18999999 0.19 0.39 0.39 0.39 0.39 0.67000001 0.67 0.67 0.67000081 1.03 1.03 1.03 1.0280259 0.69 0.69 0.69 0.99998562 1 1 1 1.07 1.07 1.0699999 0.11 0.11 -0.03 
-0.72 -0.72 -0.72 -0.77999986 -0.78 -0.78 -1.0899999 -1.09 -1.09 -1.05 -1.05 -1.05 -0.4 -0.4 -0.4 -0.42741744 -0.76 -0.76 -0.75999832 -0.11367138 -0.8 -0.8 -0.8 -0.8 -0.8 -0.79925497 0.19 0.19 0.19 0.39 0.39 0.38991632 0.68 0.68 0.68 0.18 0.18 0.58 0.58 0.58 0.68 0.68999686 0.68999985 0.67 0.67 0.68250662 0.99999925 1.07 1.07 0.11 0.11 0.11 -0.03 
-0.72 -0.72 -0.72 -0.78 -0.78 -0.78 -0.78 -1.09 -1.09 -1.05 -1.05 -0.42599063 -0.4 -0.4 -0.4 -0.76 -0.76 -0.76 -0.76 -0.76 -0.8 -0.8 -0.8 -0.8 -0.8 0.18999662 0.19 0.19 0.19 0.26 0.26 0.26 0.68 0.68 0.68 0.18 0.18 0.58 0.58 0.68 0.68 0.68 0.67 0.67 0.67 0.67 0.63796254 0.28 0.28 0.28 0.11 -0.07 -0.07 
-0.72 -0.72 -0.72008355 -0.78 -0.78 -0.78 -0.78 -0.65623847 -0.65 -0.65068675 -1.05 -0.40001927 -0.4 -0.4 -0.40000125 -0.76 -0.76 -0.76 -0.76 -0.76 0.1014489 -0.8 -0.8 -0.8 -0.79968899 0.19002926 0.19 0.19 0.19 0.26 0.26 0.26 0.26005801 0.68 0.18 0.18 0.18 0.18001673 0.58000682 0.68 0.68 0.68 0.67000061 0.67 0.67 0.67 0.28000375 0.28 0.28 0.28 -0.069999998 -0.07 -0.07 
-0.49 -0.4900004 -0.77995821 -0.78 -0.78 -0.78 -0.65002766 -0.65 -0.65 -0.65 -0.63 -0.63 -0.63 -0.63 -0.75939996 -0.76 -0.76 -0.76 -0.76 0.13999946 0.14 0.14 0.70999975 0.71 0.71 0.71 0.66511731 0.19 -0.059989761 -0.06 -0.06 -0.06 -0.06 0.56 0.56 0.56 0.56 0.56 1.17 1.17 1.17 1.17 1.17 0.65003015 0.65 0.65 0.65 0.28 0.28 0.28 -0.06994486 -0.07 -0.07 
-0.49 -0.49 -0.48849304 -0.31000094 -0.3100001 -0.31033177 -0.65 -0.65 -0.65 -0.65 -0.63 -0.63 -0.63 -0.63 -0.63 -0.76 -0.76 -0.76 0.13999977 0.14 0.14 0.14 0.71 0.71 0.71 0.71 0.71 0.70988921 -0.059810781 -0.059999998 -0.06 -0.06 -0.059923987 0.96816917 0.56042264 0.56 0.56 0.56000001 1.17 1.17 1.17 1.17 1.17 0.65 0.65 0.65 0.65 0.47698077 0.28 0.042677663 0.04 -0.31 -0.31 
-0.49 -0.49 -0.3100228 -0.31 -0.31 -0.31 -0.39635857 -0.65 -0.65 -0.65 -0.63 -0.63 -0.63 -0.63 -0.63 -0.75989743 -0.76 0.13973613 0.14 0.14 0.14 0.14 0.49883981 0.71 0.71 0.71 0.71 0.70980183 0.43 0.43 0.43 0.43 0.43 1.28 1.28 1.28 1.28 1.28 1.49 1.49 1.49 1.49 1.49 0.65004883 0.65000001 0.65 0.65000339 0.65032008 0.04 0.04 0.04 -0.30999804 -0.31 
-0.49000007 -0.52922016 -0.31000003 -0.31 -0.31 -0.31 -0.31 -0.64985523 -0.65 -0.65 -0.63 -0.63 -0.63 -0.63 -0.35621918 -0.35 -0.35 0.13998739 0.14 0.14 0.14 0.14 0.13999997 0.71 0.71 0.71 0.71 0.77999967 0.77999984 0.70551149 0.43 0.43 0.43 1.28 1.28 1.28 1.28 1.280149 1.49 1.49 1.49 1.49 1.4899824 0.67 0.67 0.67 0.67 0.66994919 0.04 0.04 0.04 0.039999664 -0.50705451 
-0.53 -0.53 -0.50415895 -0.31 -0.31 -0.31 -0.31 -0.31 -0.64985464 -0.49 -0.49 -0.49 -0.49033225 -0.3500004 -0.35 -0.35 -0.35 -0.35 0.13999676 0.11230543 -0.13 -0.13 -0.13 0.078692053 0.61715781 0.12037682 -0.29810599 0.78 0.78 0.78 0.78 0.78 0.77204739 1.4964085 1.5 1.5 1.5 1.5 1.4467936 1.2600004 1.26 1.26 1.26 0.08000173 0.66999985 0.67 0.67 -0.37 0.039993432 0.04 0.04 -0.51 -0.51 
-0.53 -0.53 -0.63 -0.63 -0.63 -0.31010659 -0.31 -0.31 -0.49 -0.49 -0.49 -0.49 -0.49 -0.35000001 -0.35 -0.35 -0.35 -0.35 -0.13 -0.13 -0.13 -0.13 -0.13 -0.44999998 -0.45 -0.45 -0.45 0.77999999 0.78 0.78 0.78 0.78 1.18 1.18 1.5 1.5 1.5 1.1000681 1.1 1.26 1.26 1.26 1.2599999 0.08 0.08 0.08 -0.37 -0.37 -0.37 -0.5 -0.5 -0.51 -0.51 
-0.53 -0.53 -0.63 -0.63 -0.63 -0.63 -0.62999687 -0.06 -0.48959514 -0.49 -0.49 -0.49 -0.49 -0.35174637 -0.35 -0.35 -0.35 -0.35 -0.13 -0.13 -0.13 -0.13 -0.13 -0.45 -0.45 -0.45 -0.45 -0.44999499 0.78 0.78 0.78 1.179979 1.18 1.18 1.18 1.5 1.1 1.1 1.1 1.1042099 0.6530339 0.54 0.54 0.08 0.08 0.08 -0.37 -0.37 -0.37 -0.5 -0.5 -0.5 -0.28357091 
-0.38 -0.38000118 -0.63 -0.63 -0.63 -0.63 -0.06 -0.06 -0.06 -0.49 -0.49 -0.49 -0.49 -0.48995648 -0.35 -0.35 -0.35 -0.35 -0.13000424 -0.13 -0.13 -0.13000001 -0.39364806 -0.45 -0.45 -0.45 -0.45 0.0399996 0.04 0.040000008 0.77207276 1.18 1.18 1.18 1.1799996 0.74000001 1.1 1.1 1.1 1.1 0.54 0.54 0.54 0.18 0.18 0.18 0.0099629931 -0.37 -0.37 -0.5 -0.5 -0.5 -0.26000045 
-0.38 -0.38 -0.63 -0.63 -0.63 -0.06 -0.06 -0.06 -0.06 -0.44285674 -0.49 -0.49 -0.49 -0.48999892 -0.2900069 -0.29 -0.29 -0.29 -0.62507989 -1.06 -1.06 -1.06 -1.06 -0.45 -0.45 -0.45 -0.44996768 0.04 0.04 0.04 0.04 1.1798914 0.93251273 0.74 0.74 0.74 1.0968631 0.26001749 0.26 0.26 0.54018799 0.77999999 0.78 0.18 0.18 0.17999928 0.01 0.01 -0.26 -0.26 -0.26 -0.14 -0.42 
-0.38 -0.38 0.49 0.49 0.49 -0.06 -0.06 -0.06 -0.06 -0.22 -0.22 -0.22 -0.22 -0.22493306 -0.29 -0.29 -0.29 -0.29 -0.61 -1.06 -1.06 -1.06 -1.06 -0.71 -0.7099999 -0.45000038 0.04 0.04 0.04 0.04 0.22732184 0.41 0.70073453 0.74 0.74 0.74 0.26 0.26 0.26 0.26 0.78 0.78 0.78 1.1498833 1.15 0.01512422 0.01 0.01 -0.25999697 -0.26 -0.14 -0.14 -0.42 
-0.38 0.49 0.49 0.49 0.49 0.49 -0.060232887 -0.09 -0.09 -0.22 -0.22 -0.22 -0.22 -0.22001658 -0.29 -0.29 -0.29 -0.30445862 -0.61 -0.61 -1.06 -1.06 -0.71 -0.71 -0.71 -0.71 0.04 0.04 0.04 0.04 0.41 0.41 0.41 0.73966607 0.74 0.74 0.26 0.26 0.26 0.26 0.78 0.78 0.78 1.15 1.15 1.1499819 0.83 0.83 0.37 0.37 -0.14 -0.14 -0.42 
0.48182962 0.49 0.49 0.49 0.49 0.49 -0.09 -0.09 -0.09 -0.15958143 -0.22 -0.22 -0.22 -0.21999672 -0.29 -0.29 -0.29 -0.61 -0.61 -0.61 -1.0599775 -1.0599979 -0.71 -0.71 -0.71 -0.71 0.039946689 0.04 0.04 0.40991491 0.41 0.41 0.41 0.41 0.73874301 0.42 0.42 0.41723092 0.26 0.26 0.77999954 0.78 1.1392422 1.15 1.15 0.83000012 0.83 0.83 0.37 0.37 -0.15 -0.15 -0.37 
0.49 0.49 0.49 0.49 0.49 0.49 -0.09 -0.09 -0.09 -0.090000001 -0.030005474 -0.03 -0.03 -0.03 -0.29000013 -0.37974139 -0.43 -0.43 -0.60966817 -0.61 -0.61000009 -0.71000051 -0.71 -0.71 -0.71 -0.71 -0.70945471 0.04 0.040012646 0.41 0.41 0.41 0.41 0.41 0.42 0.42 0.42 0.42 0.42 0.42000043 0.85 0.85 0.84999993 0.65 0.65 0.65 0.07 0.07 -0.25 -0.25 -0.15 -0.15000048 -0.37 
0.49 0.49 0.49 0.49 0.49 0.49 -0.09 -0.09 -0.09 -0.03 -0.03 -0.03 -0.03 -0.03 -0.13543904 -0.43 -0.43 -0.43 -0.43 -0.43 -0.43859441 -0.71 -0.71 -0.71 -0.71 -0.6757729 0.37829198 0.086294668 0.40817535 0.41 0.41 0.41 0.41 0.41000002 0.42 0.42 0.42 0.42 0.42 0.620035 0.85 0.85 0.85 0.65 0.65 0.65 0.07 0.07 -0.25 -0.25 -0.39 -0.37110321 -0.37 
0.49 0.49 0.49 0.49 0.49 0.48999983 -0.089999866 -0.09 -0.087509666 -0.03 -0.03 -0.03 -0.03 -0.03 -0.049186463 -0.43 -0.43 -0.43 -0.43 -0.43 -0.43 0.21081129 0.37999847 0.38 0.38 0.38 0.38 0.38 0.41944194 0.41999988 0.42 0.42 0.42 0.42 0.42 0.42 0.42 0.42 0.42 0.84999995 0.85 0.85 0.85 0.84999991 0.64935871 0.25 0.070000019 -0.0086160077 -0.24978971 -0.39 -0.39 -0.39665173 -0.71 
0.49 0.49 0.49 0.49 0.49 0.48996295 -0.089968718 -0.08999637 -0.030000076 -0.03 -0.03 -0.03 -0.03 -0.03 -0.03761115 -0.43 -0.43 -0.43 -0.43 -0.43 -0.43 0.38 0.38 0.38 0.38 0.38 0.38 0.38 0.41998896 0.42 0.42 0.42 0.42 0.42 0.42 0.42 0.42 0.42 0.42 0.85 0.85 0.85 0.85 0.8498463 0.25 0.25 0.24837045 -0.01 -0.01 -0.39 -0.39 -0.71 -0.71 
0.49 0.49 0.49 0.49 0.49 0.48922649 -0.089309825 -0.036770608 -0.03 -0.03 -0.03 -0.03 -0.03 -0.03 -0.037002687 -0.43 -0.43 -0.43 -0.43 -0.43 -0.31467072 0.38 0.38 0.38 0.38 0.38 0.38 0.38 0.41999984 0.42 0.42 0.42 0.42 0.42 0.42 0.26730058 0.029925957 -0.09986646 -0.11960813 0.81400395 0.84999999 0.85 0.85 0.25004791 0.25 0.24403081 -0.74999646 -0.01 -0.01 -0.8300109 -0.83 -0.83 -0.71000005 
0.49 0.49 0.49 0.49 0.48999941 0.48516305 -0.080749119 -0.030016498 -0.03 -0.03 -0.03 -0.03 -0.03 -0.03 -0.039340616 -0.43 -0.43 -0.43 -0.43 -0.43 0.3799965 0.38 0.38 0.38 0.38 0.38 0.38 0.38 0.41999999 0.42 0.42 0.42 0.42 0.42 0.41999989 -0.13 -0.13 -0.13 -0.13 0.29 0.29 0.29 0.29 -0.7499971 -0.75 -0.75 -0.75 -0.75000121 -0.88 -0.88 -0.83 -0.83 -1.058217 
0.49 0.49 0.49 0.48999996 0.4899838 0.47428111 -0.033117516 -0.030000783 -0.03 -0.03 -0.03 -0.03 -0.03 -0.03 -0.043578469 -0.42999984 -0.43 -0.43 -0.43 -0.42512496 0.38 0.38 0.38 0.38 0.38 0.38 0.38 0.38 0.41999999 0.42 0.42 0.42 0.42 0.42 -0.1299995 -0.13 -0.13 -0.13 -0.13 0.29 0.29 0.29 0.29 0.0093084713 -0.75 -0.75 -0.75 -0.87999855 -0.88 -0.88 -1.16 -1.16 -1.16 
0.49 0.49 0.48999997 0.48999868 0.48984139 0.43382177 -0.030104798 -0.030000196 -0.03 -0.03 -0.03 -0.03 -0.03 -0.030000025 -0.049319127 -0.42999059 -0.43 -0.43 -0.42999907 0.36358812 0.38 0.38 0.38 0.38 0.38 0.38 0.38 0.38 0.41999996 0.42 0.42 0.42 0.42 0.053978994 -0.12999998 -0.13 -0.13 -0.13 -0.13 0.29 0.29 0.29 0.29 0.29 -0.75 -0.75 -0.75 -0.88 -0.88 -0.88 -1.16 -1.16 -1.16 
0.48999999 0.48999996 0.48999945 0.48998447 0.48906462 0.18474171 -0.030003802 -0.030000119 -0.03 -0.03 -0.03 -0.03 -0.03 -0.030000751 -0.056144302 -0.42985392 -0.42999999 -0.42999997 -0.42580624 0.37993113 0.38 0.38 0.38 0.38 0.38 0.38 0.38 0.38000002 0.41999975 0.42 0.41999965 -0.036043911 -0.08 -0.08 -0.08 -0.13 -0.13 -0.13 -0.13 0.29 0.29 0.29 0.29 0.29 -0.74998156 -0.75 -0.75000006 -0.87999999 -0.88 -0.88000015 -1.16 -1.16 -1.16 
