interpolatedSpi/02-07|19_2.tif
NCOLS 53
NROWS 52
XLLCORNER -116.03883
YLLCORNER 28.596182
DX 0.49850594
DY 0.49788537
NODATA_VALUE -9999
[rows 0 to 28 of 52, columns 0 to 52 of 53]
0.22571429 0.22571429 0.11366423 -0.061428571 -0.098571429 -0.01 -0.14285714 -0.27571429 -0.65994832 -0.62285714 -0.44571429 -0.23142857 -0.45426701 -0.22714286 -0.31714286 -0.31714286 -0.31714286 0.065714286 -0.12 -0.12 -0.12 -0.12000753 -0.90142857 -0.32142857 -0.32142857 -0.32142857 -0.57999418 -0.58 -0.58 -0.90714286 -0.90714286 -0.90714286 -0.90714286 -1.6099999 -1.61 -1.61 -1.61 -1.61 -1.61 -1.61 -0.33798627 -0.32452804 -1.2757143 -1.2757143 -1.2757143 -1.2757143 -1.2762393 -1.5971429 -1.5971429 -1.5971429 -0.90285858 -0.90285714 -0.90285714
0.22569232 -0.26857143 0.15428607 0.098838954 -0.12154822 0.28285714 0.62857143 -0.12290772 -0.66285714 -0.50714286 -0.17571429 -0.45428571 -0.45428571 0.12880912 -0.22713934 -0.31714286 0.065714286 0.065714286 -0.11975785 -0.12 -0.12 -0.12 -0.34030273 -0.32142857 -0.32142857 -0.32142857 -0.42571428 -0.42571429 -0.90714286 -0.90714286 -0.90714286 -0.90714286 -0.90714286 -1.6099999 -1.61 -1.61 -1.61 -1.61 -1.6099999 -1.3811028 -0.28432136 -1.1554121 -1.2757143 -1.2757143 -1.2757143 -1.2757143 -1.2757143 -1.5971429 -1.5971429 -1.5971429 -1.539572 -0.90285714 -0.90285714
0.19427767 0.19428571 0.46285714 0.44714286 -0.25571429 -0.58714286 -0.30142857 -0.091428571 -0.71857143 -0.63714286 -0.17857143 -0.66857143 -0.14 -0.058571429 0.13 -0.82714286 0.065714286 0.065714286 0.065714286 -0.28423796 -0.28428571 -0.28428571 -0.68 -0.32142857 -0.32142857 -0.32142857 -0.42571429 -0.42571429 -0.42571429 -0.90714286 -0.90714286 -0.90714287 -1.024742 -1.6062912 -1.5945755 0.031957677 0.047142857 0.047142857 0.0054578776 -0.28428571 -0.28428571 -0.2855535 -1.2757143 -1.2757143 -1.2757143 -1.2757143 -1.2757143 -1.5971429 -1.5971429 -1.5971429 -1.5971429 -0.90285714 -0.90285714
0.11142857 0.19428557 -0.54008381 0.19571429 -0.44285714 -0.36714286 -0.25428571 -0.68285714 -0.47714286 -0.044371361 -0.68285714 -0.83571429 -0.79428571 -0.058571429 -0.44857143 -0.82714286 -0.54077927 -0.53814803 -1.0242857 -0.28428571 -0.28428571 -0.48714286 -0.68 -0.68 -0.32142857 -0.32142909 -0.42571429 -0.42571429 -0.42571429 -1.2157143 -1.1804421 -1.1514286 -1.1514286 -1.1514276 0.047142857 0.047142857 0.047142857 0.047142857 -0.28428571 -0.28428571 -0.28428571 -0.28428575 -1.2757143 -1.2757143 -1.2757143 -1.2757143 -1.2757143 -1.5971388 -1.5971429 -1.5971429 -1.5971429 -0.90285042 -0.90285714
0.11142857 -0.30714328 -0.54 -0.687925 -0.44285714 -0.52285714 -0.69996829 -0.75285714 -0.73285714 -0.95571435 -0.9000547 -0.87142693 -0.86 -0.44857143 -0.44857143 -0.69733905 -0.53857143 -0.53857143 -1.0242857 -1.0242857 -0.28428618 -0.48714286 -0.85285714 -0.89714286 -0.67142857 -0.67145724 -0.42571429 -0.42571429 -1.2157143 -1.2157143 -1.1514286 -1.1514286 -1.1514286 -1.1729798 0.047142856 0.047142857 0.047142857 -0.28428571 -0.28428571 -0.28428571 -0.28428571 -0.28429095 -1.2757143 -1.2757143 -1.2757143 -1.2757143 -1.2757143 -1.2785754 -1.5971429 -1.5971025 -0.69714286 -0.69714286 -0.69714286
-1.5228571 -0.42428571 -0.057142846 -0.47571429 -0.097142857 -0.21714286 -0.84 -0.82884322 -1.06 -0.96 -1.0214286 -0.99714286 -0.99714277 -1.5114286 -1.5114286 -0.8470618 -0.84714286 -0.75428571 -0.75428572 -1.0242855 -1.1057143 -1.1057143 -0.89714286 -0.67142857 -0.67142857 -0.79428571 -1.1742857 -1.1742857 -0.68147739 -1.2157143 -1.1514286 -1.1514286 -1.2657143 -1.2657162 -1.2842843 -0.93285714 -0.93285714 -0.48493609 -0.28428571 -0.28428571 -0.33850372 -0.33857143 -0.33857075 -0.032343325 -0.010139888 -0.010000337 -0.010000043 -0.010000483 -0.7272493 -0.69714286 -0.69714286 -0.69714286 -0.69714286
-0.97857181 -0.41571429 -0.4550458 -0.24714286 0.10142857 -0.75 -0.94285714 -1.0471429 -1.2314286 -1.2314286 -1.0214286 -0.98428571 -1.1071428 -1.5114286 -0.51143157 -0.51142857 -0.84714286 -0.62428571 -0.74 -0.74 -1.1003284 -1.0942857 -1.0942857 -0.79857143 -0.79428571 -0.79428571 -1.1742857 -1.1742857 -0.68144173 -0.68167074 -0.59240211 -1.2657143 -1.2657143 -1.2842857 -1.2842857 -0.99432366 -0.93285714 -0.93285714 -1.0042832 -0.33857236 -0.33857143 -0.33857143 -0.33856739 -0.010000582 -0.01 -0.01 -0.01 -0.010000414 -0.70285714 -0.69714399 -0.69714286 -0.69714286 -0.69714286
-0.97857143 -1.1757143 -0.15142857 -1.1885714 -0.76573853 -1.3214286 -1.1471429 -1.0685714 -1.18 -0.77142857 -0.77142857 -0.78142857 -1.1071429 -1.1071429 -0.51551572 -0.48540694 -0.48285714 -0.40714286 -0.84857132 -0.74 -0.24157388 -0.20142857 -0.87571429 -0.98285714 -0.98285773 -1.0285714 -0.38285714 -0.38285742 -0.90635192 -0.90714285 -0.59142857 -0.64922896 -1.0657143 -1.2842857 -1.2685176 -1.0457143 -1.0457143 -1.0042857 -1.0042857 -0.33857143 -0.33857143 -0.33857142 -0.1151988 -0.11428571 -0.01 -0.01 -0.01 -0.70283077 -0.70285714 -0.70285714 -0.69714286 -0.69714286 -0.69714286
-1.0946548 -1.1757143 -0.62285714 -0.19285714 -0.60142857 -1.1342857 -0.95857143 -0.81857143 -1.1242857 -0.74721164 -0.74857143 -0.66857143 -0.66857143 -0.17142857 -0.17142603 -0.98003901 -0.98142857 -0.98142857 -0.47452761 -0.16285725 -0.67428571 -0.67428571 -0.49571429 -0.72596253 -1.0239646 -1.0285714 -0.68 -0.38285714 -0.60583953 -0.60714286 -0.53285714 -0.51857143 -0.5509512 -1.0371429 -0.73142857 -0.74428571 -0.76142857 -1.0071429 -0.52308077 -0.33732157 -0.058571429 -0.23142857 -0.11431595 -0.11428571 -0.11369874 -0.01 -0.5985714 -0.70285714 -0.70285714 -0.70285714 -0.70285714 -0.60429588 0.064285714
-0.64142857 -0.64142857 -0.67142857 -0.44857143 -0.52571429 -1.1728571 -0.75857143 -0.90142857 -0.31428571 -0.65141657 -0.54571429 -0.56571429 -0.17142857 -0.17142857 0.098571429 0.083758741 -0.98142857 -0.98126162 -0.28 -0.16285714 -0.16285714 -0.22874629 -0.49571429 -0.79713715 -0.79714286 -0.79714286 -0.68 -0.12714286 -0.12714286 -0.60714286 -0.60714286 -0.51869335 -0.58285714 -1.0371429 -0.62285714 -0.74428571 -0.76142857 -1.2642857 -0.52285714 0.34569155 -0.23142856 -0.25661756 -0.3 -0.11428571 -0.11428571 -0.59857143 -0.59857143 -0.59857143 -0.70285714 -0.70285714 0.048571429 0.048571429 0.048571434
-0.64142857 -0.64142857 -0.78714286 -1.2942857 -0.89 -0.54428571 -0.74428571 -0.81436287 -0.94285714 -0.99428571 -0.35428571 -0.85428571 -0.56609788 0.098571429 0.098571429 0.098564672 0.04 0.023204899 -0.28 -0.081428571 -0.081428571 0.47142857 0.47142857 -0.79714286 -0.79714286 -0.79714286 -0.12714286 -0.12714286 -0.12714286 -0.86428571 -0.86428571 -0.86428525 -0.52142857 -0.52142857 -1.2114286 -0.71285714 -0.15285714 -0.84714112 -0.56428571 0.36 0.36 -0.24142876 -0.3 -0.11428571 -0.10571449 -0.38285714 -0.16900092 -0.16714286 0.40714286 0.40714286 0.048571429 0.048571429 0.048571429
-0.64142857 -0.7045119 -1.0035588 -1.3057011 -0.52714286 -0.62571429 -0.74428571 -0.81428571 -0.94285607 -0.99371595 -0.8542859 -0.85428571 0.17714286 0.098571429 0.098571429 0.040000002 0.04 0.039981788 -0.28 -0.081428571 0.027141324 0.47142857 0.47142857 -0.79709167 -0.79714286 -0.59192793 -0.17285714 -0.17285714 -0.17285714 -0.86428571 -0.86428571 -0.18714286 -0.18714286 -0.52143046 -1.2114286 0.019999708 -0.2314304 -0.84714286 -0.84714286 0.35999998 -0.24142857 -0.24142857 -0.2414276 -0.10571429 -0.10571429 -0.38285714 -0.16714286 -0.16714286 0.40714286 0.40714286 0.048571429 0.048571429 0.048571429
-0.66 -0.44085875 -0.40431828 -0.41080639 -0.5271435 -0.62571196 -0.74428571 -0.81342406 -0.93399726 -0.94420008 0.17714286 0.17714286 0.17714286 0.17714286 0.098582559 0.04 0.04 0.03586829 -0.28 -0.081235976 0.58857143 0.58857143 0.58857143 0.58857143 -0.77317817 -0.17285714 -0.17285714 -0.17285714 -0.17285714 -0.17322056 -0.18714286 -0.18714286 -0.18714286 -0.18714286 0.019999999 0.02 0.02 -0.80509369 -0.83730405 0.46285714 0.46285714 -0.24139069 0.23141703 -0.10568181 -0.10571429 -0.38285714 -0.16714286 -0.16714286 0.40714286 0.40714286 0.049872287 0.048571429 -0.069364128
-0.66 -0.40428571 -0.40428571 -0.40428571 -0.40428571 -0.40428581 -0.74398217 -0.77742379 -0.91035991 0.17593545 0.17714286 0.17714286 0.17714286 0.17714286 0.17714309 0.040000001 0.039999949 0.018050184 -0.27999273 0.58857143 0.58857143 0.58857143 0.58857143 0.58857143 0.58452299 -0.033327457 -0.028571458 -0.028571429 -0.028571429 -0.028571429 -0.18714285 -0.18714286 -0.18714233 0.25142857 0.25142857 0.02 0.49220741 0.50571429 0.46285717 0.46285714 0.46285714 0.46285714 0.23142857 0.23142857 0.23142857 0.2271537 0.12376405 0.12571429 0.12571429 0.12571429 0.12571429 0.54142847 0.54142857
0.39285714 -0.40428571 -0.40428571 -0.40428571 -0.40428571 -0.40428571 -0.40428574 -0.49276208 0.49386058 0.50142857 0.50142857 0.50142857 0.50142857 0.50142857 0.50142857 0.64833373 0.049674615 -0.0038185187 0.58846233 0.58857143 0.58857143 0.58857143 0.58857143 0.58857173 0.40142857 0.40142857 0.40142797 -0.028571429 -0.028571429 -0.027587372 0.46285714 0.46285714 0.25142857 0.25142857 0.25142857 0.46498063 0.50571429 0.50571429 0.50571429 0.46285714 0.46285714 0.46285714 0.23142857 0.23142857 0.23142857 0.23142857 0.12571429 0.12571429 0.12571429 0.12571429 0.12571429 0.54142857 0.54142857
0.39285714 0.096089914 -0.40428571 -0.40428571 -0.40428571 -0.40428571 0.17702874 0.17714286 0.17714287 0.50142857 0.50142857 0.50142857 0.50142857 0.50142857 0.53451962 0.65142857 0.65142857 0.65142857 0.84493101 0.84571402 0.84571429 0.84571429 0.84571429 0.84571429 0.40142857 0.40142857 0.40142857 0.40142857 -0.028571429 0.46285714 0.46285714 0.46285714 0.25142859 0.25142857 0.25142857 0.82857143 0.50614176 0.50571429 0.50571429 0.46288155 0.51157923 0.62522754 0.23142857 0.23142857 0.47496041 0.47571429 0.47571429 0.12655789 0.63677923 0.63857138 0.63857133 0.97850518 0.54142946
0.39285714 0.096743932 -0.15487731 -0.40428571 -0.40428571 0.17679932 0.17714286 0.17714286 0.17714286 0.17947975 0.50142857 0.50142857 0.50142857 0.50142859 0.65142857 0.65142857 0.65142857 0.65142857 0.84554073 0.84571429 0.84571429 0.84571429 0.84571429 0.84571429 0.40142858 0.40142857 0.40142857 0.40142857 0.40165201 0.46285714 0.46285714 0.46285714 0.97714284 0.2515048 0.82857143 0.82857143 0.82857143 0.83043184 0.6181295 0.62571429 0.62571429 0.62571429 0.69714286 0.69714286 0.47571429 0.47571429 0.47571429 0.63857143 0.63857143 0.63857143 0.63857143 0.97857143 0.97857143
0.088940356 0.088571429 0.088571429 0.088571429 0.10285714 0.17714094 0.17714286 0.17714286 0.17714286 0.17714286 0.50132029 0.50142855 0.50142857 0.65142857 0.65142857 0.65142857 0.65142857 0.65142857 0.64203944 0.84571429 0.84571429 0.84571429 0.84571429 0.84571429 0.84219974 1.1757101 1.1757143 1.1757143 1.1757143 0.46285717 0.97714285 0.97714286 0.97714286 0.97714286 0.82857143 0.82857594 1 1 0.6303878 0.62571429 0.62571429 0.62571429 0.69714286 0.69714286 0.50999905 0.47571429 0.47571429 0.63857143 0.63857143 0.63857143 0.64221711 0.97857143 0.97857143
0.088571429 0.088571429 0.088571429 0.095298785 0.10285714 0.10285714 0.17714286 0.17714286 0.17714286 0.17714286 0.5 0.5 0.5 0.65142857 0.65142857 0.65142857 0.65142857 0.65137781 0.26142857 0.26142857 0.84571405 0.84571429 0.84505347 0.81857143 0.82178663 1.1757143 1.1757143 1.1757143 1.1757143 0.97716308 0.97714286 0.97714286 0.97714286 0.97714286 0.9999994 1 1 1 0.99870002 0.62571429 0.62571429 0.62571429 0.69714286 0.69714286 0.69714286 0.47571429 0.47571429 0.63857143 0.63857143 0.63857143 0.97857143 0.97857143 0.97857143
0.088571429 0.088571429 0.088571429 0.10285714 0.10285714 0.10285714 0.10285726 0.17714286 0.17714286 0.49966672 0.5 0.5 0.5 0.50009434 0.40282026 0.34428571 0.34428571 0.34428571 0.26142857 0.26142857 0.26142857 0.81857143 0.81857143 0.81857143 0.81858744 1.018357 1.1757143 1.1757143 1.1757143 1.0862656 1.1057016 1.1057143 1.1057143 1.1057143 1.1187762 1.2857136 1.2857143 1.2857143 1.2857143 1.4441737 1.4442857 1.4442857 0.69714286 0.69714286 1.2771404 1.2771428 1.2171429 1.2171429 1.1385714 1.1385714 1.1385714 0.97857143 1.1427103
0.088573628 0.088571429 0.088571429 0.10285714 0.10285714 0.10285714 0.10285715 0.51714276 0.17850231 0.49989766 0.5 0.5 0.5 0.49969445 0.34428571 0.34428571 0.34428571 0.34428569 0.26142857 0.26142857 0.26142857 0.81857143 0.81857143 0.81857143 0.87571429 0.87571429 1.0457143 1.0457143 1.0457143 1.0460416 1.1057143 1.1057143 1.1057143 1.1057143 1.1956649 1.2857143 1.2857143 1.2857143 1.2857143 1.4442857 1.4442857 1.4442857 1.4390268 1.2771429 1.2771429 1.2771429 1.2171429 1.2171429 1.1385714 1.1385714 1.1385714 1.1428571 1.1428571
0.79714286 0.47118565 0.54 0.53987318 0.10285714 0.51474581 0.51714286 0.51714286 0.57804614 0.38714286 0.38714286 0.38714286 0.38714286 0.39714253 0.39714286 0.34428575 0.34428571 0.34210255 0.26142857 0.26142857 0.26142857 0.50428571 0.50428571 0.50428571 0.87571429 0.87571429 1.0457143 1.0457143 1.0457143 1.0457143 1.0785716 1.0785715 1.1050321 1.1056852 1.1984661 1.1985714 1.1985714 1.1985714 1.1985714 1.4442857 1.4442857 1.4442857 1.286346 1.2771429 1.2771429 1.2771428 1.2171429 1.2171429 1.21714 1.1385714 1.1385611 0.90714286 1.1428571
0.70287505 0.70285711 0.54 0.54 0.54 0.51714286 0.51714286 0.51714286 0.68428571 0.68428571 0.38714286 0.38714286 0.38714286 0.39714286 0.39714286 0.39714286 0.39714286 0.3971276 0.26142857 0.26142857 0.26142858 0.50428571 0.50428571 0.50428571 0.87571429 0.87571429 1.0457143 1.0457143 1.0457143 1.078201 1.0785714 1.0785714 1.0785714 1.0785714 1.1985122 1.1985714 1.1985714 1.1985714 1.1985714 1.047143 1.0471429 1.0471429 1.0471429 1.2771386 0.72 0.72 0.72 0.94142857 0.94142857 0.94142857 0.90714286 0.90714286 0.90714286
0.70285714 0.70285714 0.54 0.54 0.54 0.517263 0.51714286 0.68428571 0.68428571 0.68428571 0.38717944 0.38714286 0.49453639 0.39714288 0.39714286 0.39714286 0.39714286 0.50571429 0.50571429 0.50571429 0.33285715 0.33285727 0.50428488 0.50428571 0.50441372 0.54428571 0.54428571 0.54428691 1.0456333 1.0685734 1.0685715 1.0685732 1.0785543 1.0785628 1.1771922 1.1985712 1.1965798 0.60428571 0.60428571 1.0471429 1.0471429 1.0471429 1.0471429 0.72 0.72 0.72 0.72 0.94142857 0.94142857 0.94142857 0.90714286 0.90714286 0.90714286
0.70285714 0.70285714 0.54 0.54 0.54 0.54 0.57969955 0.68428571 0.68428571 0.68428571 0.68419418 0.51857143 0.51857143 0.51857143 0.39785846 0.39714286 0.50499079 0.50571429 0.50571429 0.50571429 0.33285714 0.33285714 0.33285714 0.33285714 0.54428571 0.54428571 0.54428571 0.54428571 0.54428571 1.0685714 1.0685714 1.0685714 1.0685714 1.0685716 1.1342857 0.60428571 0.60428571 0.60428571 0.60428571 0.60428508 0.33428571 0.33428571 0.33428571 0.44167271 0.66428571 0.66428571 0.66428571 0.94142856 0.94142857 0.93857143 0.93857143 1.1742207 1.1742857
0.70285714 0.70285714 0.59877999 0.54 0.54 0.54000001 0.96378885 0.68516812 0.68428571 0.68428571 0.51857153 0.51857143 0.51857143 0.51857143 0.51857143 0.50861641 0.50571429 0.50571429 0.50571429 0.50571429 0.33285848 0.33285714 0.33285714 0.33285714 0.54428571 0.54428571 0.54428571 0.54428571 0.54428571 0.70014887 1.0685714 1.0685714 1.0685714 1.1342857 1.1342857 1.1338742 0.60428571 0.60428571 0.72568508 0.81999998 0.33428571 0.33428571 0.33428571 0.44159495 0.66428571 0.66428571 0.66428571 1.0971429 0.94054721 0.93857143 0.93857143 1.1742857 1.1742857
1.1671429 1.1671429 1.1671429 0.69724195 0.5409318 0.96428571 0.96428571 0.96428571 0.96428571 0.98571429 0.98571429 0.51857146 0.51857143 0.51857143 0.51857143 0.51857063 0.50571429 0.50571429 0.50571429 0.50571429 0.40828639 0.33285714 0.33285714 0.33839032 0.54428571 0.54428571 0.54428571 0.54428571 0.57 0.57 0.57 0.57000209 1.1342857 1.1342857 1.1342857 1.1342857 0.82 0.82 0.82 0.82 0.62285714 0.62285714 0.62285714 1.0285633 1.0285714 1.0285714 1.0285713 1.0971429 1.0971429 0.93876464 0.93857143 1.1742846 1.1742857
1.1671429 1.1671429 1.1671429 1.1671434 1.1771429 1.1461899 0.96428571 0.96428571 0.96428571 0.98571429 0.98571429 0.98571429 1.0471428 1.0471429 1.0471429 1.0471429 0.50682646 0.50571429 0.50571429 0.50571429 0.5031047 0.54428513 0.54428571 0.54428571 0.54428571 0.5442857 -0.012857139 -0.012857143 0.57 0.57 0.57 0.57 1.1342857 1.1342857 1.1342857 1.1342811 0.82000001 0.82 0.82 0.82095884 0.62285714 0.62285714 0.62285714 1.0285526 1.0285714 1.0285714 1.0285714 1.0971429 1.0971429 1.0971428 0.95857143 0.95857143 1.0285714
1.1671429 1.1671429 1.1671429 1.1771428 1.1771429 1.1771429 0.96428579 0.96428571 0.96428571 0.98571429 0.98571429 0.98571429 1.0471429 1.0471429 1.0471429 1.0521476 1.1128571 1.1128571 1.1128556 0.50914359 0.54428571 0.54428571 0.54428571 0.54428571 0.54428571 0.54386643 -0.012857143 -0.012857143 -0.012857142 0.57 0.57 0.56996782 1.0771429 1.0771429 1.0771429 0.83857143 0.83857143 1.0385714 1.0385714 1.0385714 1.1285714 0.62301577 0.62286144 1.1985714 1.1985714 1.1921286 1.028572 1.0971429 1.0971429 0.95857143 0.95857143 0.95857143 1.0285714
