interpolatedSpi/02-01|22_3.tif
NCOLS 53
NROWS 52
XLLCORNER -116.03883
YLLCORNER 28.596182
DX 0.49850594
DY 0.49788537
NODATA_VALUE -9999
0.67 0.67 1.1768291 0.82 1.04 0.78 0.62 0.5 0.59051776 -0.37 0.69 0.83 1.1500791 2.11 2.09 2.09 2.09 1.62 1.61 1.61 1.61 1.609989 0.47 0.62 0.62 0.62 1.2100082 1.21 1.21 0.61 0.61 0.61 0.61 -2.1999994 -2.2 -2.2 -2.2 -2.2 -2.2 -2.1999999 0.46133548 0.48937616 -1.96 -1.96 -1.96 -1.96 -1.9602123 -2.09 -2.09 -2.09 -0.44000343 -0.44 -0.44 
0.66997956 0.21 0.46999995 0.55981459 0.82007714 1.03 1.52 0.74991388 0.55 0.4 0.87 1.15 1.15 1.0834345 2.1099874 2.09 1.62 1.62 1.610013 1.61 1.61 1.61 0.64421306 0.62 0.62 0.62 1.29 1.29 0.61 0.61 0.61 0.61 0.61 -2.1999996 -2.2 -2.2 -2.2 -2.2 -2.1999998 -1.7056176 0.77984243 -1.6275232 -1.96 -1.96 -1.96 -1.96 -1.96 -2.09 -2.09 -2.09 -1.9531804 -0.44 -0.44 
0.32000796 0.32 0.43 0.58 1.1777032e-31 -0.21 -0.18 -0.12 -0.16 0.38 1.22 0.03 0.56 1.43 1.08 -0.06 1.62 1.62 1.62 2.0998576 2.1 2.1 1.08 0.62 0.62 0.62 1.29 1.29 1.29 0.61 0.61 0.61000006 1.1780521 -2.1916349 -2.1769165 0.25727459 0.28 0.28 0.34288682 0.78 0.78 0.77649623 -1.96 -1.96 -1.96 -1.96 -1.96 -2.09 -2.09 -2.09 -2.09 -0.44 -0.44 
-0.01 0.31999965 -1.400026 0.55 -1.26 -0.14 -0.97 -1.03 0.08 0.46654223 0.17 -0.77 -0.36 1.43 -0.2 -0.06 0.17816377 0.18100895 -0.63 2.1 2.1 0.05 1.08 1.08 0.62 0.62000335 1.29 1.29 1.29 -0.05 0.95956702 1.79 1.79 1.7899988 0.28 0.28 0.28 0.28 0.78 0.78 0.78 0.7799999 -1.96 -1.96 -1.96 -1.96 -1.96 -2.0899984 -2.09 -2.09 -2.09 -0.44002254 -0.44 
-0.01 -0.65000138 -1.4 -1.4724441 -1.26 -1.45 -1.5599152 -1.29 -1.18 -0.06000026 0.061425109 0.11999857 0.11 -0.2 -0.2 -0.10255553 0.18 0.18 -0.63 -0.63 2.0999959 0.05 1.06 1.49 1.11 1.1100258 1.29 1.29 -0.049999998 -0.05 1.79 1.79 1.79 1.5241117 0.28 0.28 0.28 0.78 0.78 0.78 0.78 0.78005599 -1.96 -1.96 -1.96 -1.96 -1.96 -1.9611572 -2.09 -2.089957 -1.13 -1.13 -1.13 
-0.58 -0.52 -0.069999997 -0.75 -1.43 -0.97 -0.47 -0.57498348 -0.43 -0.81 -0.67 0.03 0.030000053 -0.94 -0.94 -0.88975132 -0.89 -0.44 -0.44 -0.62999893 0.28 0.28 1.49 1.11 1.11 1.22 0.33 0.33 0.57994192 -0.05 1.79 1.79 0.38 0.37997806 0.17001521 0.8 0.8 0.78618746 0.78 0.78 1.3592766 1.36 1.3600029 -0.69277203 -0.67014257 -0.67000034 -0.67000004 -0.67000048 -0.44430916 -1.13 -1.13 -1.13 -1.13 
0.81995623 1.25 -0.11063291 -0.6 -1.01 -1.64 -1.37 -1.25 -1.17 -1.17 -0.67 -0.74 -0.070000117 -0.94 0.13999676 0.14 -0.89 -0.3 0.59 0.59 0.28 0.28 0.28 1.05 1.22 1.22 0.33 0.33 0.57996212 0.5793026 1.2758356 0.38 0.38 0.17 0.17 0.72375039 0.8 0.8 1.1299886 1.3599997 1.36 1.36 1.360013 -0.66999704 -0.67 -0.67 -0.67 -0.66999976 -0.27 -1.1298296 -1.13 -1.13 -1.13 
0.82 -1.18 -0.12 -1.56 -1.490004 -1.7 -2.04 -1.22 -1.69 -1.61 -1.61 -0.49 -0.07 -0.07 0.13855921 -0.94380079 -1.05 0.15 -0.85999851 0.59 0.43302669 0.54 -0.71 0.76999999 0.76998942 -0.05 0.26 0.26000002 -0.067722309 -0.069999971 1.28 0.0029884897 0.3 0.17 0.18083806 0.66 0.66 1.13 1.13 1.36 1.36 1.36 -0.12914119 -0.14000003 -0.67 -0.67 -0.67 -0.27001523 -0.27 -0.27 -1.13 -1.13 -1.13 
-1.0813849 -1.18 0.36 0.04 -0.72 -1.42 -1.9 -2.03 -1.62 -0.82256239 -0.97 -0.28000001 -0.28 0.08 0.079998307 -0.99016723 -0.99 -0.99 -0.0041780421 -1.0499999 -0.72 -0.71999999 0.61 -0.18980969 0.032634349 -0.05 0.46 0.26 1.0454093 1.05 -0.08 1.5 0.91072237 0.46 0.55 0.31 0.64 -1.05 0.22940895 1.3655797 2.61 1.41 -0.1399381 -0.14 -0.14298313 -0.67 -0.94999999 -0.27000001 -0.27 -0.27 -0.27 -0.90837676 0.37 
-0.53 -0.53 1.2 2.02 -0.92 -1.6 -0.46 -0.91 -0.87 -0.61996789 -0.52 0.73 0.08 0.08 -0.1 -0.11220675 -0.99 -0.98987778 -0.57 -1.05 -1.05 -1.0074849 0.61 -0.059987313 -0.06 -0.06 0.46 1.07 1.07 1.05 1.05 1.497781 0.33 0.46 0.31 0.31 0.64 0.71 0.23 0.79076209 1.4100001 0.98021291 0.24 -0.14 -0.14 -0.95 -0.95 -0.95 -0.27 -0.27 0.65 0.65 0.6499999 
-0.53 -0.53 -0.15 -1.31 -0.97 -0.29 -1.62 -1.1906232 -0.77 -0.93 -1.2 -1.04 0.72764265 -0.1 -0.1 -0.099919248 0.6 0.53859291 -0.57 -0.61 -0.61 -0.95 -0.95 -0.06 -0.06 -0.06 1.07 1.07 1.07 0.62 0.62 0.61999952 0.37 0.37 -0.28 -0.49 1.54 0.14000289 0.6 0.8 0.8 0.41999941 0.24 -0.14 0.52999946 -0.03 0.72276463 0.73 1.17 1.17 0.65 0.65 0.65 
-0.53 -0.36625269 -0.64501337 -0.49999558 -0.64 -0.81 -1.62 -1.19 -0.77000351 -0.92822739 -1.0399999 -1.04 -0.1 -0.1 -0.1 0.59999998 0.6 0.59993341 -0.57 -0.61 -0.67676908 -0.95 -0.95 -0.060035393 -0.06 -0.043564022 -0.01 -0.01 -0.0099998645 0.62 0.62 0.26 0.26 0.36999822 -0.28 0.83999984 1.3700244 0.14 0.14 0.79999999 0.42 0.42 0.42000077 0.53 0.53 -0.03 0.73 0.73 1.17 1.17 0.65 0.65 0.65 
0.12 0.32367623 0.37993867 0.37362003 -0.64000096 -0.80999599 -1.62 -1.195293 -0.7989423 -0.77417803 -0.1 -0.1 -0.1 -0.1 -0.1 0.6 0.6 0.58489344 -0.57 -0.60996505 -0.49 -0.49 -0.49 -0.49 -0.067230275 -0.01 -0.01 -0.01 -0.01 -0.0096822957 0.26 0.26 0.26 0.26 0.84 0.84 0.84 0.1741484 0.1469097 1.06 1.06 0.42003442 0.96998494 0.53004238 0.53 -0.03 0.73 0.73 1.17 1.17 0.6518865 0.65 1.0078104 
0.12 0.38 0.38 0.38 0.38 0.3799995 -1.6179264 -1.4164855 -0.87615768 -0.10072561 -0.1 -0.1 -0.1 -0.1 -0.10000012 0.59999999 0.59999982 0.51974599 -0.56998345 -0.49 -0.49 -0.49 -0.49 -0.49 -0.49496995 -0.1834524 -0.18999996 -0.19 -0.19 -0.19 0.26 0.26 0.26000061 0.77 0.77 0.84 1.073326 1.08 1.06 1.06 1.06 1.06 0.97 0.97 0.97 0.96304091 1.6140515 1.62 1.62 1.62 1.62 0.36000006 0.36 
0.68 0.38 0.38 0.38 0.38 0.38 0.37999988 -1.1291847 -0.26346634 -0.26 -0.26 -0.26 -0.26 -0.26 -0.26 -0.63219719 0.58021775 0.4397876 -0.49000967 -0.49 -0.49 -0.49 -0.49 -0.49000074 -0.72 -0.72 -0.71999925 -0.19 -0.19 -0.18975971 -0.07 -0.07 0.77 0.77 0.77 1.0303413 1.08 1.08 1.08 1.06 1.06 1.06 0.97 0.97 0.97 0.97 1.62 1.62 1.62 1.62 1.62 0.36 0.36 
0.68 0.56831341 0.38 0.38 0.38 0.38 -0.15989402 -0.16 -0.16 -0.26 -0.26 -0.26 -0.26 -0.26 -0.34383066 -0.64 -0.64 -0.64 -1.1280505 -1.1299993 -1.13 -1.13 -1.13 -1.13 -0.72 -0.72 -0.72 -0.72 -0.19 -0.07 -0.07 -0.07 0.76999992 0.77 0.77 0.98 1.0798676 1.08 1.08 1.0599221 0.90443123 0.54155417 0.97 0.97 0.52138873 0.52 0.52 1.6174666 0.085381603 0.080000134 0.080000292 0.14003328 0.35999955 
0.68 0.13504042 0.24842803 0.38 0.38 -0.15968094 -0.16 -0.16 -0.16 -0.16072063 -0.26 -0.26 -0.26 -0.26000005 -0.64 -0.64 -0.64 -0.64 -1.1295623 -1.13 -1.13 -1.13 -1.13 -1.13 -0.72000001 -0.72 -0.72 -0.72 -0.71763573 -0.07 -0.07 -0.07 -0.52999999 0.76998998 0.98 0.98 0.98 0.9729722 0.57417874 0.54 0.54 0.54 0.19 0.19 0.52 0.52 0.52 0.080000005 0.08 0.08 0.08 0.14 0.14 
0.12063853 0.12 0.12 0.12 -2.8462303e-11 -0.15999587 -0.16 -0.16 -0.16 -0.16 -0.24561541 -0.25999752 -0.25999999 -0.64 -0.64 -0.64 -0.64 -0.64 -0.71881559 -1.13 -1.13 -1.13 -1.13 -1.13 -1.1250219 -1.4299962 -1.43 -1.43 -1.43 -0.070000024 -0.52999999 -0.53 -0.53 -0.53 0.98 0.97998315 0.34 0.34 0.5375027 0.54 0.54 0.54 0.19 0.19 0.46890464 0.52 0.52 0.08 0.08 0.08 0.080643356 0.14 0.14 
0.12 0.12 0.12 0.06349021 -4.3559598e-30 -2.6957743e-15 -0.16 -0.16 -0.16 -0.16 -0.07 -0.07 -0.07 -0.64 -0.64 -0.64 -0.64 -0.64001818 -1.28 -1.28 -1.1300001 -1.13 -1.1368168 -1.41 -1.41018 -1.43 -1.43 -1.43 -1.43 -0.53009164 -0.53 -0.53 -0.53 -0.53 0.34000225 0.34 0.34 0.34 0.34067007 0.54 0.54 0.54 0.19 0.19 0.19 0.52 0.52 0.080000006 0.08 0.08 0.14 0.14 0.14 
0.12 0.12 0.12 2.4109423e-16 2.8761615e-62 -2.0426811e-57 -2.4447953e-07 -0.16 -0.16 -0.070092906 -0.07 -0.07 -0.07 -0.070355138 -0.72903647 -0.75 -0.75 -0.75 -1.28 -1.28 -1.28 -1.41 -1.41 -1.41 -1.4099468 -1.3198499 -1.43 -1.43 -1.43 -1.1118077 -1.2199321 -1.22 -1.22 -1.22 0.097112366 -0.23999868 -0.24 -0.24 -0.24 -0.11990969 -0.12 -0.12 0.19 0.19 -0.14999858 -0.14999992 0.08 0.08 0.11 0.11 0.11 0.14 -0.81914164 
0.11999804 0.12 0.12 1.1336347e-25 -1.1231797e-58 -1.3213933e-55 -3.9449066e-09 -0.36999994 -0.16083966 -0.07008161 -0.07 -0.07 -0.07 -0.071334348 -0.75 -0.75 -0.75 -0.75000015 -1.28 -1.28 -1.28 -1.41 -1.41 -1.41 -1.22 -1.22 -0.81000001 -0.81 -0.81 -0.81223668 -1.22 -1.22 -1.22 -1.22 -0.73026915 -0.24 -0.24 -0.24 -0.24 -0.12 -0.12 -0.12 -0.12094391 -0.15 -0.15 -0.15 0.08 0.08 0.11 0.11 0.11 -0.81999997 -0.82 
-0.51 -0.2162399 -0.31 -0.30991006 -1.1298912e-14 -0.36785919 -0.37 -0.37 -0.2898367 -0.16 -0.16 -0.16 -0.16 -0.60998535 -0.61 -0.74999989 -0.75 -0.76396472 -1.28 -1.28 -1.28 -0.78 -0.78 -0.78 -1.22 -1.22 -0.81 -0.81 -0.81 -0.80999977 -0.50000458 -0.50000202 -1.2019039 -1.2192281 -0.74054099 -0.74 -0.74 -0.74 -0.74 -0.12 -0.12 -0.12 -0.14834849 -0.15 -0.15 -0.15000002 0.08 0.08 0.08000108 0.11 0.10994992 -1.01 -0.82 
-0.12007406 -0.12000003 -0.31 -0.31 -0.31 -0.37 -0.37 -0.37 -0.15 -0.15 -0.16 -0.16 -0.16 -0.61 -0.61 -0.61 -0.61 -0.61007488 -1.28 -1.28 -1.28 -0.78 -0.78 -0.78 -1.22 -1.22 -0.81 -0.81 -0.81 -0.50349527 -0.5 -0.5 -0.5 -0.5 -0.73988157 -0.74 -0.74 -0.74 -0.74 -0.68999985 -0.69 -0.69 -0.69 -0.15000077 -0.25 -0.25 -0.25 -0.53 -0.53 -0.53 -1.01 -1.01 -1.01 
-0.12 -0.12 -0.31 -0.31 -0.31 -0.36968463 -0.37 -0.15 -0.15 -0.15 -0.15999877 -0.16 -0.21719873 -0.60999991 -0.61 -0.61 -0.61 -0.36 -0.36 -0.36 -0.20000001 -0.20000043 -0.77999717 -0.78 -0.78024211 -0.98 -0.98 -0.97999959 -0.81002747 -1.0998804 -1.0999968 -1.0998952 -0.50102546 -0.50051779 -0.69764522 -0.74000023 -0.74201074 -1.34 -1.34 -0.69 -0.69 -0.69 -0.69 -0.25 -0.25 -0.25 -0.25 -0.53 -0.53 -0.53 -1.01 -1.01 -1.01 
-0.12 -0.12 -0.31 -0.31 -0.31 -0.31 -0.28766043 -0.15 -0.15 -0.15 -0.15004419 -0.23 -0.23 -0.23 -0.60776057 -0.61 -0.36166594 -0.36 -0.36 -0.36 -0.2 -0.2 -0.2 -0.2 -0.98 -0.98 -0.98 -0.98 -0.98 -1.1 -1.1 -1.1 -1.1 -1.1000001 -1.13 -1.34 -1.34 -1.34 -1.34 -1.3399985 -0.96 -0.96 -0.96 -0.78102125 -0.41 -0.41 -0.41 -0.53 -0.53000058 -1.13 -1.13 -1.3899076 -1.39 
-0.12 -0.12 -0.24142334 -0.31 -0.31 -0.31000001 -0.74893528 -0.15189087 -0.15 -0.15 -0.22999999 -0.23 -0.23 -0.23 -0.23 -0.26116671 -0.36 -0.36 -0.36 -0.36 -0.20000124 -0.2 -0.2 -0.2 -0.98 -0.98 -0.98 -0.98 -0.98 -0.88570264 -1.1 -1.1 -1.1 -1.13 -1.13 -1.1301631 -1.34 -1.34 -1.3681389 -1.39 -0.96 -0.96 -0.96 -0.78287516 -0.41 -0.41 -0.41 -1.13 -1.13 -1.13 -1.13 -1.39 -1.39 
-0.46 -0.46 -0.46 -0.34760912 -0.30989409 -0.75 -0.75 -0.75 -0.75 -0.2 -0.2 -0.23 -0.23 -0.23 -0.23 -0.23000825 -0.36 -0.36 -0.36 -0.36 -0.26981881 -0.2 -0.2 -0.19790637 -0.15829482 -0.98 -0.98 -0.98 -0.81 -0.81 -0.81 -0.81000122 -1.13 -1.13 -1.13 -1.13 -1.39 -1.39 -1.39 -1.39 -0.69 -0.69 -0.69 -0.29000804 -0.29 -0.29 -0.29000004 -1.13 -1.13 -1.13 -1.13 -1.3900011 -1.39 
-0.46 -0.46 -0.46 -0.45998761 -0.23 -0.30561654 -0.75 -0.75 -0.75 -0.2 -0.2 -0.2 -0.42999999 -0.43 -0.43 -0.42999999 -0.35934054 -0.36 -0.36 -0.36 -0.35756946 -0.12000022 -0.12 -0.12 -0.12 -0.12000005 -1.56 -1.56 -0.81 -0.81 -0.81 -0.81 -1.13 -1.13 -1.13 -1.1300024 -1.39 -1.39 -1.39 -1.3893858 -0.69 -0.69 -0.69 -0.29001855 -0.29 -0.29 -0.29 -1.13 -1.13 -1.1300001 -1.6 -1.6 -1.39 
-0.46 -0.46 -0.46 -0.23000053 -0.23 -0.23 -0.7499998 -0.75 -0.75 -0.2 -0.2 -0.2 -0.43 -0.43 -0.43 -0.39725139 -4.9707737e-20 -4.0174613e-17 -9.2996076e-07 -0.35796662 -0.12 -0.12 -0.12 -0.12 -0.12 -0.12108368 -1.56 -1.56 -1.56 -0.81 -0.81 -0.81037332 -1.16 -1.16 -1.16 -1.53 -1.53 -1.25 -1.25 -1.25 -1.07 -0.69011919 -0.69000149 -0.89 -0.89 -0.86726068 -0.29000301 -1.13 -1.13 -1.6 -1.6 -1.6 -1.39 
-0.46 -0.46 -0.46 -0.23 -0.23 -0.23 -0.23 -0.75 -0.75 -0.2 -0.2 -0.42080332 -0.43 -0.43 -0.43 -8.6164326e-16 -3.5702073e-45 -7.3536567e-49 -2.6532309e-30 -4.7896184e-15 -0.12 -0.12 -0.12 -0.12 -0.12 -1.5599951 -1.56 -1.56 -1.56 -1.39 -1.39 -1.39 -1.16 -1.16 -1.16 -1.53 -1.53 -1.25 -1.25 -1.07 -1.07 -1.07 -0.89 -0.89 -0.89 -0.89 -0.91875157 -1.24 -1.24 -1.24 -1.6 -1.18 -1.18 
-0.46 -0.46 -0.45967971 -0.23 -0.23 -0.23 -0.23 -0.22047988 -0.22 -0.21996566 -0.20000002 -0.43003015 -0.43 -0.43 -0.42999851 -1.9625664e-35 -4.7497086e-108 -2.4439061e-73 -3.7235758e-33 -2.3050264e-10 -0.78169153 -0.12 -0.12 -0.12 -0.12026158 -1.5599904 -1.56 -1.56 -1.56 -1.39 -1.39 -1.39 -1.3899597 -1.16 -1.53 -1.53 -1.53 -1.5299886 -1.2499877 -1.07 -1.07 -1.07 -0.89001093 -0.89 -0.89 -0.89 -1.2400001 -1.24 -1.24 -1.24 -1.18 -1.18 -1.18 
-0.19 -0.19000047 -0.23011955 -0.23 -0.23 -0.23 -0.22000213 -0.22 -0.22 -0.22 -0.78999999 -0.79 -0.79 -0.79 -0.0036460985 -7.6594186e-37 -2.4332264e-70 -4.054972e-51 -2.8456726e-18 -0.80999952 -0.81 -0.81 -1.3899998 -1.39 -1.39 -1.39 -1.4046732 -1.56 -0.52004259 -0.52 -0.52 -0.52 -0.52 -1.69 -1.69 -1.69 -1.69 -1.69 -1.54 -1.54 -1.54 -1.54 -1.54 -1.2494573 -1.25 -1.25 -1.25 -1.24 -1.24 -1.24 -1.1800095 -1.18 -1.18 
-0.19 -0.19 -0.18807434 0.039999457 0.03999994 0.039746355 -0.22 -0.22 -0.22 -0.22 -0.79 -0.79 -0.79 -0.79 -0.79 -2.5005938e-17 -7.3569101e-34 -3.8718082e-19 -0.8099998 -0.81 -0.81 -0.81 -1.39 -1.39 -1.39 -1.39 -1.39 -1.3900351 -0.52033596 -0.52 -0.52 -0.52 -0.52013496 -1.6616549 -1.6899706 -1.69 -1.69 -1.69 -1.54 -1.54 -1.54 -1.54 -1.54 -1.25 -1.25 -1.25 -1.25 -1.2453238 -1.24 -0.51814456 -0.51 -0.7 -0.7 
-0.19 -0.19 0.039970866 0.04 0.04 0.04 -0.026038903 -0.22 -0.22 -0.22 -0.79 -0.79 -0.79 -0.79 -0.79 -0.00060432189 -8.7024953e-11 -0.80976251 -0.81 -0.81 -0.81 -0.81 -1.1751352 -1.39 -1.39 -1.39 -1.39 -1.3900002 -1.39 -1.39 -1.39 -1.39 -1.39 -1.64 -1.64 -1.64 -1.64 -1.64 -1.5 -1.5 -1.5 -1.5 -1.5 -1.2487059 -1.2499997 -1.25 -1.2499102 -1.2390834 -0.51 -0.51 -0.51 -0.69999894 -0.7 
-0.19000064 -0.53317641 0.039999919 0.04 0.04 0.04 0.04 -0.21988929 -0.22 -0.22 -0.79 -0.79 -0.79 -0.79 -0.40866243 -0.4 -0.4 -0.80998945 -0.81 -0.81 -0.81 -0.81 -0.81000003 -1.39 -1.39 -1.39 -1.39 -1.8299996 -1.8299998 -1.7363573 -1.39 -1.39 -1.39 -1.64 -1.64 -1.64 -1.64 -1.6399932 -1.5 -1.5 -1.5 -1.5 -1.4999594 -0.72 -0.72 -0.72 -0.72 -0.71998306 -0.51 -0.51 -0.51 -0.50999965 0.048807154 
-0.54 -0.54 -0.38688756 0.04 0.04 0.04 0.04 0.04 -0.21988972 -0.46 -0.46 -0.46 -0.46078316 -0.40000056 -0.4 -0.4 -0.4 -0.4 -0.80999952 -0.8058971 -0.77 -0.77 -0.77 -0.92885956 -1.4108095 -1.5221569 -1.6162152 -1.83 -1.83 -1.83 -1.83 -1.83 -1.8114531 -1.6296633 -1.63 -1.63 -1.63 -1.63 -1.4004377 -0.97000095 -0.97 -0.97 -0.97 -0.50000065 -0.71999994 -0.72 -0.72 -0.05 -0.50999263 -0.51 -0.51 0.06 0.06 
-0.54 -0.54 -0.23 -0.23 -0.23 0.039910061 0.04 0.04 -0.46 -0.46 -0.46 -0.46 -0.46 -0.4 -0.4 -0.4 -0.4 -0.4 -0.77 -0.77 -0.77 -0.77 -0.77 -1.65 -1.65 -1.65 -1.65 -1.83 -1.83 -1.83 -1.83 -1.83 -1.6 -1.6 -1.63 -1.63 -1.63 -1.2300681 -1.23 -0.97 -0.97 -0.97 -0.96999995 -0.5 -0.5 -0.5 -0.05 -0.05 -0.05 -0.03 -0.03 0.06 0.06 
-0.54 -0.54 -0.23 -0.23 -0.23 -0.23 -0.23000088 -0.39 -0.45993409 -0.46 -0.46 -0.46 -0.46 -0.40074845 -0.4 -0.4 -0.4 -0.4 -0.76999999 -0.77 -0.77 -0.77 -0.77 -1.65 -1.65 -1.65 -1.65 -1.6500007 -1.83 -1.83 -1.83 -1.6000121 -1.6 -1.6 -1.6 -1.63 -1.23 -1.23 -1.23 -1.2231589 -0.71709746 -0.67 -0.67 -0.5 -0.5 -0.5 -0.05 -0.05 -0.05 -0.03 -0.03 -0.03 -0.32040087 
-0.37 -0.37000133 -0.23 -0.23 -0.23 -0.23 -0.39 -0.39 -0.39 -0.46 -0.46 -0.46 -0.46 -0.45998135 -0.4 -0.4 -0.4 -0.4 -0.76999369 -0.77 -0.77 -0.77000001 -1.4949837 -1.65 -1.65 -1.65 -1.65 -1.7299999 -1.73 -1.73 -1.8289181 -1.6 -1.6 -1.6 -1.6 -1.55 -1.23 -1.23 -1.23 -1.23 -0.67 -0.67 -0.67 -0.65 -0.65 -0.65 -0.68993767 -0.05 -0.05 -0.030000005 -0.03 -0.03 -0.36000162 
-0.37 -0.37 -0.23 -0.23 -0.23 -0.39 -0.39 -0.39 -0.39 -0.45232024 -0.46 -0.46 -0.46 -0.46000049 -0.68996663 -0.69 -0.69 -0.69 -1.3482232 -1.31 -1.31 -1.31 -1.31 -1.65 -1.65 -1.65 -1.6500053 -1.73 -1.73 -1.73 -1.73 -1.5999787 -1.5718764 -1.55 -1.55 -1.55 -1.2308597 -1.4599952 -1.46 -1.46 -0.67032115 -1.08 -1.08 -0.65 -0.65 -0.65000017 -0.69 -0.69 -0.98 -0.98 -0.98 -1.35 -0.94 
-0.37 -0.37 -0.51 -0.51 -0.51 -0.39 -0.39 -0.39 -0.39 -0.24 -0.24 -0.24 -0.24 -0.27171255 -0.69 -0.69 -0.69 -0.69 -1.35 -1.31 -1.31 -1.31 -1.31 -1.38 -1.3800001 -1.6499996 -1.73 -1.73 -1.73 -1.73 -1.5831802 -1.44 -1.5369115 -1.55 -1.55 -1.55 -1.46 -1.46 -1.46 -1.46 -1.08 -1.08 -1.08 -1.2899338 -1.29 -0.69269696 -0.69 -0.69 -0.9800033 -0.98 -1.35 -1.35 -0.94 
-0.37 -0.51 -0.51 -0.51 -0.51 -0.51 -0.38751587 -0.07 -0.07 -0.24 -0.24 -0.24 -0.24 -0.24010657 -0.69 -0.69 -0.69 -0.71982089 -1.35 -1.35 -1.31 -1.31 -1.38 -1.38 -1.38 -1.38 -1.73 -1.73 -1.73 -1.73 -1.44 -1.44 -1.44 -1.5498887 -1.55 -1.55 -1.46 -1.46 -1.46 -1.46 -1.08 -1.08 -1.08 -1.29 -1.29 -1.2900079 -1.43 -1.43 -1.72 -1.72 -1.35 -1.35 -0.94 
-0.50868523 -0.51 -0.51 -0.51 -0.51 -0.51 -0.07 -0.07 -0.07 -0.1609911 -0.24 -0.24 -0.24 -0.24000629 -0.69 -0.69 -0.69 -1.35 -1.35 -1.35 -1.310002 -1.3100004 -1.38 -1.38 -1.38 -1.38 -1.7299751 -1.73 -1.73 -1.4400667 -1.44 -1.44 -1.44 -1.44 -1.5496774 -1.51 -1.51 -1.5091347 -1.46 -1.46 -1.0800003 -1.08 -1.2838942 -1.29 -1.29 -1.4299999 -1.43 -1.43 -1.72 -1.72 -1.82 -1.82 -1.56 
-0.51 -0.51 -0.51 -0.51 -0.51 -0.51 -0.07 -0.07 -0.07 -0.070000001 -0.45999366 -0.46 -0.46 -0.46 -0.68999923 -0.56820812 -0.5 -0.5 -1.348433 -1.35 -1.35 -1.3799999 -1.38 -1.38 -1.38 -1.38 -1.3802545 -1.73 -1.7299901 -1.44 -1.44 -1.44 -1.44 -1.44 -1.51 -1.51 -1.51 -1.51 -1.51 -1.5099991 -1.22 -1.22 -1.2200001 -1.62 -1.62 -1.62 -1.71 -1.71 -1.7 -1.7 -1.82 -1.8199994 -1.56 
-0.51 -0.51 -0.51 -0.51 -0.51 -0.51 -0.07 -0.07 -0.07 -0.46 -0.46 -0.46 -0.46 -0.46 -0.4705439 -0.5 -0.5 -0.5 -0.5 -0.5 -0.5405847 -1.38 -1.38 -1.38 -1.38 -1.3784299 -1.3300783 -1.6755327 -1.4414301 -1.44 -1.44 -1.44 -1.44 -1.4400002 -1.51 -1.51 -1.51 -1.51 -1.51 -1.3750927 -1.22 -1.22 -1.22 -1.62 -1.62 -1.62 -1.71 -1.71 -1.7 -1.7 -1.99 -1.5837207 -1.56 
-0.51 -0.51 -0.51 -0.51 -0.51 -0.50999987 -0.070000101 -0.07 -0.086187174 -0.46 -0.46 -0.46 -0.46 -0.46 -0.46191865 -0.5 -0.5 -0.5 -0.5 -0.5 -0.5 -1.335037 -1.3300001 -1.33 -1.33 -1.33 -1.33 -1.33 -1.14291 -1.1400036 -1.14 -1.14 -1.14 -1.1400003 -1.51 -1.51 -1.51 -1.51 -1.51 -1.22 -1.22 -1.22 -1.22 -1.2200002 -1.6197435 -1.46 -1.71 -1.847578 -1.7001314 -1.99 -1.99 -2.0006012 -2.5 
-0.51 -0.51 -0.51 -0.51 -0.51 -0.50997189 -0.070023731 -0.070023597 -0.45999951 -0.46 -0.46 -0.46 -0.46 -0.46 -0.46076111 -0.5 -0.5 -0.5 -0.5 -0.5 -0.5 -1.33 -1.33 -1.33 -1.33 -1.33 -1.33 -1.33 -1.1400524 -1.14 -1.14 -1.14 -1.14 -1.14 -1.24138 -1.51 -1.51 -1.51 -1.51 -1.22 -1.22 -1.22 -1.22 -1.2200615 -1.46 -1.46 -1.4624443 -1.85 -1.85 -1.99 -1.99 -2.5 -2.5 
-0.51 -0.51 -0.51 -0.51 -0.51 -0.5094132 -0.070533275 -0.41599105 -0.46 -0.46 -0.46 -0.46 -0.46 -0.46 -0.46070027 -0.5 -0.5 -0.5 -0.5 -0.5 -0.61817692 -1.33 -1.33 -1.33 -1.33 -1.33 -1.33 -1.33 -1.1400008 -1.14 -1.14 -1.14 -1.14 -1.14 -1.14 -1.3017635 -0.97808085 -0.80109119 -0.77416614 -1.2174289 -1.22 -1.22 -1.22 -1.4599808 -1.46 -1.4635815 -2.059999 -1.85 -1.85 -2.4699498 -2.47 -2.47 -2.5 
-0.51 -0.51 -0.51 -0.51 -0.50999955 -0.50633074 -0.10680089 -0.45989276 -0.46 -0.46 -0.46 -0.46 -0.46 -0.46 -0.46093406 -0.5 -0.5 -0.5 -0.5 -0.5 -1.3299964 -1.33 -1.33 -1.33 -1.33 -1.33 -1.33 -1.33 -1.1400001 -1.14 -1.14 -1.14 -1.14 -1.14 -1.1399999 -0.76 -0.76 -0.76 -0.76 -1.18 -1.18 -1.18 -1.18 -2.0599983 -2.06 -2.06 -2.06 -2.0600019 -2.24 -2.24 -2.47 -2.47 -2.8616155 
-0.51 -0.51 -0.51 -0.50999997 -0.50998771 -0.49823176 -0.43400217 -0.45999491 -0.46 -0.46 -0.46 -0.46 -0.46 -0.46 -0.46135785 -0.49999998 -0.5 -0.5 -0.5 -0.50499541 -1.33 -1.33 -1.33 -1.33 -1.33 -1.33 -1.33 -1.33 -1.14 -1.14 -1.14 -1.14 -1.14 -1.14 -0.76000035 -0.76 -0.76 -0.76 -0.76 -1.18 -1.18 -1.18 -1.18 -1.4175082 -2.06 -2.06 -2.06 -2.239998 -2.24 -2.24 -3.04 -3.04 -3.04 
-0.51 -0.51 -0.50999998 -0.509999 -0.50988052 -0.48353608 -0.4586389 -0.45999872 -0.46 -0.46 -0.46 -0.46 -0.46 -0.46 -0.46193191 -0.49999906 -0.5 -0.5 -0.50000095 -1.3131829 -1.33 -1.33 -1.33 -1.33 -1.33 -1.33 -1.33 -1.33 -1.1400002 -1.14 -1.14 -1.14 -1.14 -0.56168708 -0.75999988 -0.76 -0.76 -0.76 -0.76 -1.18 -1.18 -1.18 -1.18 -1.18 -2.06 -2.06 -2.06 -2.24 -2.24 -2.24 -3.04 -3.04 -3.04 
-0.51 -0.50999997 -0.50999958 -0.50998829 -0.50938422 -0.46343234 -0.45977306 -0.45999922 -0.46 -0.46 -0.46 -0.46 -0.46 -0.46000008 -0.46261443 -0.49998539 -0.5 -0.50000003 -0.50429731 -1.3299294 -1.33 -1.33 -1.33 -1.33 -1.33 -1.33 -1.33 -1.3299999 -1.1400012 -1.14 -1.1399994 -0.41945062 -0.35 -0.35 -0.35 -0.76 -0.76 -0.76 -0.76 -1.18 -1.18 -1.18 -1.18 -1.18 -2.0599844 -2.06 -2.0600001 -2.24 -2.24 -2.2400004 -3.04 -3.04 -3.04 
