interpolatedSpi/02-05|20_1.tif
NCOLS 53
NROWS 52
XLLCORNER -116.03883
YLLCORNER 28.596182
DX 0.49850594
DY 0.49788537
NODATA_VALUE -9999
[rows 0 to 40 of 52, columns 0 to 52 of 53]
0.322 0.322 -0.00079145092 -0.146 0.086 0.04 0.216 -0.01 -0.20668746 -0.316 -0.3 -0.15 -0.24395356 0.32 -0.28 -0.28 -0.28 0.458 0.366 0.366 0.366 0.36599524 -0.128 -0.234 -0.234 -0.234 -0.079997249 -0.08 -0.08 -0.14 -0.14 -0.14 -0.14 0.063999959 0.064 0.064 0.064 0.064 0.064 0.064000005 0.2598898 0.26170426 -0.9 -0.9 -0.9 -0.9 -0.90009147 -0.956 -0.956 -0.956 0.049997911 0.05 0.05
0.32198205 -0.082 -0.0099995639 0.069550063 0.33968262 0.322 0.406 0.0082181756 -0.248 -0.122 -0.09 -0.244 -0.244 0.22830677 0.31999359 -0.28 0.458 0.458 0.36611996 0.366 0.366 0.366 -0.24568543 -0.234 -0.234 -0.234 -0.14000001 -0.14 -0.14 -0.14 -0.14 -0.14 -0.14 0.06399997 0.064 0.064 0.064 0.064 0.064000005 0.038978302 -0.1079774 -0.80389687 -0.9 -0.9 -0.9 -0.9 -0.9 -0.956 -0.956 -0.956 -0.87258152 0.05 0.05
0.88796252 0.888 0.368 0.868 0.062 0.114 0.2 -0.222 -0.344 -0.162 0.286 -0.562 -0.222 -0.07 0.228 -0.164 0.458 0.458 0.458 0.29402093 0.294 0.294 -0.456 -0.234 -0.234 -0.234 -0.14 -0.14 -0.14 -0.14 -0.14 -0.14000002 -0.36048123 0.063584314 0.064688782 0.1373219 0.138 0.138 0.10705968 -0.108 -0.108 -0.10901277 -0.9 -0.9 -0.9 -0.9 -0.9 -0.956 -0.956 -0.956 -0.956 0.05 0.05
0.534 0.88799986 0.19996752 0.38 -0.094 0.084 0.062 -0.462 -0.164 -0.11471741 -0.382 -0.39 -0.206 -0.07 -4.9350147e-17 -0.164 -0.2632349 -0.26349413 -0.624 0.294 0.294 -1.176 -0.456 -0.456 -0.234 -0.23399953 -0.14 -0.14 -0.14 -0.684 -0.63681372 -0.598 -0.598 -0.59799943 0.138 0.138 0.138 0.138 -0.108 -0.108 -0.108 -0.10800003 -0.9 -0.9 -0.9 -0.9 -0.9 -0.95599929 -0.956 -0.956 -0.956 0.049953683 0.049999999
0.534 3.668101e-07 0.2 0.020586748 -0.094 -0.322 -0.38999024 -0.386 -0.398 -0.28400005 -0.36101624 -0.39398482 -0.288 -1.0713745e-18 -2.2611257e-82 -0.11130324 -0.264 -0.264 -0.624 -0.624 0.29399705 -1.176 -1.442 -0.482 -0.214 -0.21412066 -0.14 -0.14 -0.684 -0.684 -0.598 -0.598 -0.598 -0.61987443 0.138 0.138 0.138 -0.108 -0.108 -0.108 -0.108 -0.10802278 -0.89999999 -0.9 -0.9 -0.9 -0.9 -0.90049847 -0.956 -0.95601847 -1.368 -1.368 -1.368
-0.736 0.122 0.54599999 -0.02 -0.118 -0.02 -0.088 -0.12615253 0.01 -0.52 -0.186 -0.194 -0.19400006 -0.236 -0.236 -0.28001352 -0.28 -0.384 -0.384 -0.6240002 -1.316 -1.316 -0.482 -0.214 -0.214 -0.73 -0.984 -0.984 -0.30803488 -0.684 -0.598 -0.598 -0.714 -0.71396949 -0.42202101 -0.756 -0.756 -0.30847359 -0.108 -0.108 -0.34370566 -0.344 -0.34399931 -1.3990324 -1.4079439 -1.4079999 -1.408 -1.4079998 -2.4488232 -1.368 -1.368 -1.368 -1.368
-0.39400569 0.194 -0.29263389 0.172 0.332 -0.164 -0.134 -0.24 -0.488 -0.488 -0.186 0.008 -0.66799993 -0.236 -0.3359997 -0.336 -0.28 -0.652 -0.85 -0.85 -1.203839 -1.078 -1.078 -0.72999999 -0.73 -0.73 -0.984 -0.984 -0.30803217 -0.30859225 0.1149835 -0.714 -0.714 -0.422 -0.422 -0.73312512 -0.756 -0.756 -0.94599341 -0.34400084 -0.344 -0.344 -0.34399711 -1.407997 -1.408 -1.408 -1.408 -1.4080008 -2.686 -1.3682612 -1.368 -1.368 -1.368
-0.394 -0.618 -0.108 -0.48 -0.59199358 -0.294 -0.344 -0.63999999 -0.23 -0.256 -0.256 -0.418 -0.668 -0.668 -0.33827783 -0.5837259 -0.608 -0.5 -0.86599998 -0.85 -1.1073571 -1.088 -1.29 -0.454 -0.45400279 -0.67 -0.912 -0.91200003 -0.85806572 -0.85999998 0.118 -0.26848766 -0.17 -0.422 -0.42633522 -0.714 -0.714 -0.946 -0.946 -0.344 -0.344 -0.34399999 -0.86846681 -0.87200003 -1.408 -1.408 -1.408 -2.6859514 -2.686 -2.686 -1.368 -1.368 -1.368
-0.60161472 -0.61799999 -0.726 -0.086 -0.512 -0.604 -0.278 0.298 -0.018 0.23877491 -0.048 -0.284 -0.284 -0.348 -0.34799959 -0.82140356 -0.822 -0.822 -0.55587047 -1.29 -1.316 -1.316 -1.318 -1.3010343 -0.6482329 -0.67 -0.962 -0.912 -0.56204547 -0.56 -0.296 -0.184 -0.41668721 -1.038 -0.574 -0.62 -0.552 -0.416 -0.5179529 -0.34262516 -0.036 -0.374 -0.87195604 -0.872 -0.8750169 -1.408 -1.526 -2.686 -2.686 -2.686 -2.686 -1.2830859 -1.332
-0.51 -0.51 -0.576 -0.254 -0.338 -0.512 -0.244 -0.104 0.276 0.30397975 0.048 -0.148 -0.348 -0.348 -0.304 -0.3111046 -0.822 -0.8219491 -0.604 -1.29 -1.29 -1.2933497 -1.318 -1.3779989 -1.378 -1.378 -0.962 -0.606 -0.606 -0.56 -0.56 -0.18487624 -0.646 -1.038 -0.672 -0.62 -0.552 -1.142 -0.518 -0.23270007 -0.37399999 -0.45775338 -0.602 -0.872 -0.872 -1.526 -1.526 -1.526 -2.686 -2.686 -0.686 -0.686 -0.68600024
-0.51 -0.51 -0.958 -0.804 -0.714 -0.344 -0.57599999 0.077817199 -0.26 -0.292 -0.34 -0.452 -0.14840501 -0.304 -0.304 -0.30402815 -0.548 -0.55093914 -0.604 -0.406 -0.406 -0.658 -0.658 -1.378 -1.378 -1.378 -0.606 -0.606 -0.606 -1.208 -1.208 -1.2079991 -0.398 -0.398 -0.736 -1.036 -0.388 -1.2579989 -1.078 -0.228 -0.228 -0.64999984 -0.602 -0.872 -0.63600018 -0.822 -0.32121119 -0.316 -0.546 -0.546 -0.686 -0.686 -0.686
-0.51 -0.70342161 -0.89228271 -1.0959857 -0.738 -0.878 -0.576 0.078 -0.25999718 -0.29164548 -0.45199979 -0.452 -0.186 -0.304 -0.304 -0.54799999 -0.548 -0.54800319 -0.604 -0.406 -0.45548767 -0.658 -0.658 -1.3779706 -1.378 -1.1676195 -0.738 -0.738 -0.73799998 -1.208 -1.208 -1.264 -1.264 -0.39800093 -0.736 -0.71199994 -0.50602069 -1.258 -1.258 -0.22800001 -0.65 -0.65 -0.64999989 -0.636 -0.636 -0.822 -0.316 -0.316 -0.546 -0.546 -0.686 -0.686 -0.686
0.05 -0.0014862685 0.07796687 0.069498092 -0.73800067 -0.87799669 -0.57600001 0.06994963 -0.23670834 -0.2608356 -0.186 -0.186 -0.186 -0.186 -0.30398328 -0.548 -0.548 -0.54872305 -0.604 -0.40594051 -0.196 -0.196 -0.196 -0.196 -1.3574674 -0.738 -0.738 -0.738 -0.738 -0.73822161 -1.264 -1.264 -1.264 -1.264 -0.712 -0.712 -0.712 -1.2315173 -1.255161 -0.88 -0.88 -0.65001237 -0.83399322 -0.63601907 -0.636 -0.822 -0.316 -0.316 -0.546 -0.546 -0.6854921 -0.686 -0.99643607
0.05 0.078 0.078 0.078 0.078 0.077999598 -0.57677301 -0.2665954 -0.17456839 -0.18608049 -0.186 -0.186 -0.186 -0.186 -0.18600006 -0.548 -0.54800001 -0.55184122 -0.6039979 -0.196 -0.196 -0.196 -0.196 -0.196 -0.20227098 -0.60239692 -0.54800004 -0.548 -0.548 -0.548 -1.264 -1.264 -1.2639996 -0.916 -0.916 -0.712 -1.1047655 -1.116 -0.88000014 -0.88 -0.88 -0.88 -0.834 -0.834 -0.834 -0.83391649 -0.51082985 -0.512 -0.512 -0.512 -0.512 0.057999846 0.058
0.314 0.078 0.078 0.078 0.078 0.078 0.077999956 -0.36594401 -0.26530891 -0.266 -0.266 -0.266 -0.266 -0.266 -0.266 -0.22880386 -0.54292674 -0.55566818 -0.19605128 -0.196 -0.196 -0.196 -0.196 -0.19600005 -0.486 -0.486 -0.48600009 -0.548 -0.548 -0.54864078 -0.868 -0.868 -0.916 -0.916 -0.916 -1.0839619 -1.116 -1.116 -1.116 -0.88 -0.88 -0.88 -0.834 -0.834 -0.834 -0.834 -0.512 -0.512 -0.512 -0.512 -0.512 0.058 0.058
0.314 0.22613988 0.078 0.078 0.078 0.078 -0.22394073 -0.224 -0.224 -0.266 -0.266 -0.266 -0.266 -0.266 -0.25761693 -0.228 -0.228 -0.228 -0.23587819 -0.23599996 -0.236 -0.236 -0.236 -0.236 -0.486 -0.486 -0.486 -0.486 -0.548 -0.868 -0.868 -0.868 -0.916 -0.916 -0.916 -0.602 -1.1153194 -1.116 -1.116 -0.88000309 -0.88598341 -0.89994022 -0.834 -0.834 -0.49504926 -0.494 -0.494 -0.51136633 -0.1273489 -0.12600003 -0.12600007 0.020005716 0.057999923
0.314 0.076553346 0.073951632 0.078 0.078 -0.22382156 -0.224 -0.224 -0.224 -0.22430266 -0.266 -0.266 -0.266 -0.266 -0.228 -0.228 -0.228 -0.228 -0.23599285 -0.236 -0.236 -0.236 -0.236 -0.236 -0.48599999 -0.486 -0.486 -0.486 -0.48738946 -0.868 -0.868 -0.868 -0.43600001 -0.91595647 -0.602 -0.602 -0.602 -0.60278576 -0.91366672 -0.9 -0.9 -0.9 -0.564 -0.564 -0.494 -0.494 -0.494 -0.126 -0.126 -0.126 -0.126 0.02 0.02
0.070292304 0.07 0.07 0.069999999 -0.02 -0.22399474 -0.224 -0.224 -0.224 -0.224 -0.21830383 -0.26599179 -0.26599998 -0.228 -0.228 -0.228 -0.228 -0.228 -0.23847519 -0.236 -0.236 -0.236 -0.236 -0.236 -0.30520402 -0.22600141 -0.226 -0.226 -0.226 -0.86799998 -0.43600001 -0.436 -0.436 -0.436 -0.602 -0.60200179 -0.67 -0.67 -0.89712811 -0.9 -0.9 -0.9 -0.564 -0.564 -0.50483841 -0.494 -0.494 -0.126 -0.126 -0.126 -0.1244345 0.02 0.02
0.07 0.07 0.07 0.027617657 -0.02 -0.02 -0.224 -0.224 -0.224 -0.224 0.364 0.364 0.364 -0.228 -0.228 -0.228 -0.228 -0.22800033 -0.384 -0.384 -0.23600006 -0.236 -0.23512355 -0.2 -0.20023406 -0.226 -0.226 -0.226 -0.226 -0.43597862 -0.436 -0.436 -0.436 -0.436 -0.66999976 -0.67 -0.67 -0.67 -0.67078962 -0.9 -0.9 -0.9 -0.564 -0.564 -0.564 -0.494 -0.494 -0.126 -0.126 -0.126 0.02 0.02 0.02
0.07 0.07 0.07 -0.02 -0.02 -0.02 -0.020000312 -0.224 -0.224 0.36339301 0.364 0.364 0.364 0.36363116 -0.22961884 -0.23 -0.23 -0.23 -0.384 -0.384 -0.384 -0.2 -0.2 -0.2 -0.19992268 -0.067593658 -0.226 -0.226 -0.226 -0.32542168 -0.30601279 -0.306 -0.306 -0.306 -0.53000354 -0.33400076 -0.334 -0.334 -0.334 -0.010121777 -0.01 -0.01 -0.564 -0.564 0.31799632 0.31799995 0.182 0.182 0.158 0.158 0.158 0.02 0.30374607
0.07 0.07 0.069999997 -0.02 -0.02 -0.02 -0.02 -0.046000052 -0.22328829 0.36396554 0.364 0.364 0.364 0.36283441 -0.23 -0.23 -0.23 -0.23000004 -0.384 -0.384 -0.384 -0.2 -0.2 -0.2 0.076 0.076 -0.073999998 -0.074 -0.074 -0.075265633 -0.306 -0.306 -0.306 -0.306 -0.31999232 -0.334 -0.334 -0.334 -0.334 -0.01 -0.01 -0.01 0.00032013488 0.318 0.318 0.318 0.182 0.182 0.158 0.158 0.158 0.304 0.304
0.07 0.057281354 -0.344 -0.343906 -0.02 -0.045849565 -0.046 -0.046 -0.0073758654 0.32599999 0.326 0.326 0.326 -0.24798131 -0.248 -0.23000001 -0.23 -0.23405767 -0.384 -0.384 -0.384 -0.37 -0.37 -0.37 0.076 0.076 -0.074 -0.074 -0.074 -0.074000173 -0.31199996 -0.31199998 -0.3061508 -0.30600643 -0.39989233 -0.4 -0.4 -0.4 -0.4 -0.01 -0.01 -0.01 0.29993928 0.318 0.318 0.31799997 0.182 0.182 0.18199914 0.158 0.15799463 0.038 0.304
-0.21994493 -0.22000002 -0.344 -0.344 -0.344 -0.046 -0.046 -0.046 0.06 0.06 0.326 0.326 0.326 -0.248 -0.248 -0.248 -0.248 -0.24801502 -0.384 -0.384 -0.384 -0.37 -0.37 -0.37 0.076 0.076 -0.074 -0.074 -0.074 -0.30931653 -0.312 -0.312 -0.312 -0.312 -0.39995658 -0.4 -0.4 -0.4 -0.4 -0.027999995 -0.028 -0.028 -0.028 0.31799877 0.158 0.158 0.158 0.068 0.068 0.068 0.038 0.038 0.038
-0.22 -0.22 -0.344 -0.344 -0.344 -0.047566341 -0.046 0.06 0.06 0.06 0.32596726 0.326 -0.1201501 -0.24799999 -0.248 -0.248 -0.248 -0.158 -0.158 -0.158 -0.448 -0.44799994 -0.37000038 -0.37 -0.36985106 -0.33 -0.33 -0.32999939 -0.074041371 -0.050052213 -0.050001395 -0.050045742 -0.31155221 -0.3117739 -0.38415661 -0.39999996 -0.39969169 -0.308 -0.308 -0.028 -0.028 -0.028 -0.028 0.158 0.158 0.158 0.158 0.068 0.068 0.068 0.038 0.038 0.038
-0.22 -0.22 -0.344 -0.344 -0.344 -0.344 -0.0063272964 0.06 0.06 0.06 0.059845334 -0.22 -0.22 -0.22 -0.24783499 -0.248 -0.15859974 -0.158 -0.158 -0.158 -0.448 -0.448 -0.448 -0.448 -0.33 -0.33 -0.33 -0.33 -0.33 -0.05 -0.05 -0.05 -0.05 -0.050000046 -0.072 -0.308 -0.308 -0.308 -0.308 -0.3079999 -0.32 -0.32 -0.32 -0.22107302 -0.016 -0.016 -0.016 0.067999998 0.06799993 -0.004 -0.004 0.35992167 0.36
-0.22 -0.22 -0.29924471 -0.344 -0.344 -0.34400001 -0.76453424 0.057396904 0.06 0.059999999 -0.22000009 -0.22 -0.22 -0.22 -0.22 -0.22228585 -0.158 -0.158 -0.158 -0.158 -0.44799776 -0.448 -0.448 -0.448 -0.33 -0.33 -0.33 -0.33 -0.33 -0.21257041 -0.05 -0.05 -0.05 -0.072 -0.072 -0.07218326 -0.308 -0.308 -0.26297772 -0.22800001 -0.32 -0.32 -0.32 -0.22211418 -0.016 -0.016 -0.016 -0.058 -0.0046728347 -0.004 -0.004 0.36 0.36
-0.548 -0.548 -0.548 -0.39514841 -0.34437425 -0.766 -0.766 -0.766 -0.766 -0.65 -0.65 -0.22000003 -0.22 -0.22 -0.22 -0.21999608 -0.158 -0.158 -0.158 -0.158 -0.32145341 -0.448 -0.448 -0.43821226 -0.085399395 -0.33 -0.33 -0.33 -0.27 -0.27 -0.27 -0.26999908 -0.072 -0.072 -0.072 -0.072 -0.228 -0.228 -0.228 -0.228 -0.29 -0.29 -0.29 0.045993245 0.046 0.046 0.04599998 -0.058 -0.058 -0.004065796 -0.004 0.35999933 0.36
-0.548 -0.548 -0.548 -0.54800258 -0.596 -0.62072079 -0.766 -0.766 -0.766 -0.65 -0.65 -0.65 -0.49599999 -0.496 -0.496 -0.496 -0.15872907 -0.158 -0.158 -0.158 -0.16237701 -0.074001027 -0.074 -0.074 -0.074 -0.074000015 -0.526 -0.526 -0.27 -0.27 -0.27 -0.27 -0.07200004 -0.072 -0.072 -0.072004561 -0.22800001 -0.228 -0.228 -0.22882472 -0.29 -0.29 -0.29 0.045984419 0.046 0.046 0.046 -0.058 -0.058 -0.057999962 0.228 0.228 0.75
-0.548 -0.548 -0.548 -0.59599989 -0.596 -0.596 -0.76599994 -0.766 -0.766 -0.65 -0.65 -0.65 -0.496 -0.496 -0.496 -0.50056957 -0.556 -0.556 -0.55599897 -0.16024801 -0.074 -0.074 -0.074 -0.074 -0.074 -0.074340154 -0.526 -0.526 -0.526 -0.27 -0.27 -0.2699691 -0.128 -0.128 -0.128 -0.338 -0.338 -0.416 -0.416 -0.416 0.18 -0.28985257 -0.28999564 0.294 0.294 0.28460108 0.046000479 -0.057999999 -0.058 0.228 0.228 0.228 0.75
-0.548 -0.548 -0.548 -0.596 -0.596 -0.596 -0.596 -0.766 -0.766 -0.65 -0.65 -0.50215778 -0.496 -0.496 -0.496 -0.556 -0.556 -0.556 -0.556 -0.556 -0.074 -0.074 -0.074 -0.074 -0.074 -0.52599846 -0.526 -0.526 -0.526 -0.222 -0.222 -0.222 -0.128 -0.128 -0.128 -0.338 -0.338 -0.416 -0.416 0.18 0.18 0.18 0.294 0.294 0.294 0.294 0.31897279 0.598 0.598 0.598 0.22800001 0.842 0.842
-0.548 -0.548 -0.54806684 -0.596 -0.596 -0.596 -0.596 -0.59219195 -0.592 -0.59209958 -0.65 -0.49601357 -0.496 -0.496 -0.49600021 -0.556 -0.556 -0.556 -0.556 -0.556 -0.96780758 -0.074 -0.074 -0.074 -0.074132231 -0.52601069 -0.526 -0.526 -0.526 -0.222 -0.222 -0.222 -0.22198648 -0.128 -0.338 -0.338 -0.338 -0.33800282 -0.41595935 0.18 0.18 0.18 0.29399308 0.294 0.294 0.294 0.5980023 0.598 0.598 0.598 0.842 0.842 0.842
-0.196 -0.19600062 -0.59596063 -0.596 -0.596 -0.596 -0.59200085 -0.592 -0.592 -0.592 -0.658 -0.658 -0.658 -0.658 -0.55647074 -0.556 -0.556 -0.556 -0.556 -1.0059997 -1.006 -1.006 -0.71599989 -0.716 -0.716 -0.716 -0.69960056 -0.526 -0.2280122 -0.228 -0.228 -0.228 -0.228 0.196 0.196 0.196 0.196 0.196 0.518 0.518 0.518 0.518 0.518 0.82919202 0.83 0.83 0.83 0.598 0.598 0.598 0.84196156 0.842 0.842
-0.196 -0.196 -0.19576569 -0.16800086 -0.1680001 -0.16841363 -0.592 -0.592 -0.592 -0.592 -0.658 -0.658 -0.658 -0.658 -0.658 -0.556 -0.556 -0.556 -1.0059999 -1.006 -1.006 -1.006 -0.716 -0.716 -0.716 -0.716 -0.716 -0.7159593 -0.22785789 -0.228 -0.228 -0.228 -0.22794291 0.30711272 0.19611505 0.196 0.196 0.196 0.518 0.518 0.518 0.518 0.518 0.83 0.83 0.83 0.83 0.72151227 0.598 1.0232025 1.028 0.658 0.658
-0.196 -0.196 -0.16800355 -0.168 -0.168 -0.168 -0.27569421 -0.592 -0.592 -0.592 -0.658 -0.658 -0.658 -0.658 -0.658 -0.55607594 -0.556 -1.0058681 -1.006 -1.006 -1.006 -1.006 -0.82343238 -0.716 -0.716 -0.716 -0.716 -0.71539377 0.14 0.14 0.14 0.14 0.14 0.392 0.392 0.392 0.392 0.392 0.946 0.946 0.946 0.946 0.946 0.8311427 0.83000024 0.83 0.83007933 0.83957397 1.028 1.028 1.028 0.65800207 0.658
-0.19599937 0.13737137 -0.16799996 -0.168 -0.168 -0.168 -0.168 -0.59181947 -0.592 -0.592 -0.658 -0.658 -0.658 -0.658 -0.38421918 -0.378 -0.378 -1.0059838 -1.006 -1.006 -1.006 -1.006 -1.0059999 -0.716 -0.716 -0.716 -0.716 0.096000016 0.09600002 0.10536427 0.14 0.14 0.14 0.392 0.392 0.392 0.392 0.39192144 0.946 0.946 0.946 0.946 0.94600444 1.298 1.298 1.298 1.298 1.2979782 1.028 1.028 1.028 1.0279998 0.679676
0.144 0.144 0.08574927 -0.168 -0.168 -0.168 -0.168 -0.168 -0.59181767 0.04399999 0.044 0.044 0.042334011 -0.3780004 -0.378 -0.378 -0.378 -0.378 -1.0059946 -0.95984238 -0.556 -0.556 -0.556 -0.59424204 -0.67037927 -0.42627137 -0.22015398 0.096 0.096 0.096 0.096 0.096 0.097819697 0.27420426 0.276 0.276 0.276 0.276 0.9568953 1.0039999 1.004 1.004 1.004 1.0540007 1.2979999 1.298 1.298 0.894 1.0279979 1.028 1.028 0.68 0.68
0.144 0.144 0.14 0.14 0.14 -0.1678974 -0.168 -0.168 0.044 0.044 0.044 0.044 0.044 -0.37799998 -0.378 -0.378 -0.378 -0.378 -0.556 -0.556 -0.556 -0.556 -0.556 -0.14600002 -0.146 -0.146 -0.146 0.095999999 0.096 0.096 0.096 0.096 0.116 0.116 0.276 0.276 0.276 0.64393733 0.644 1.004 1.004 1.004 1.004 1.054 1.054 1.054 0.894 0.894 0.894 0.684 0.684 0.68 0.68
0.144 0.144 0.14 0.14 0.14 0.14 0.13999943 0.036 0.043992468 0.044 0.044 0.044 0.044 -0.37273593 -0.378 -0.378 -0.378 -0.378 -0.556 -0.556 -0.556 -0.556 -0.556 -0.146 -0.146 -0.146 -0.146 -0.14599902 0.096 0.096 0.096 0.11599895 0.116 0.116 0.116 0.276 0.644 0.644 0.644 0.65347227 1.101789 1.12 1.12 1.054 1.054 1.054 0.894 0.894 0.894 0.684 0.684 0.684 0.62203415
0.022 0.022000958 0.14 0.14 0.14 0.14 0.036 0.036 0.036 0.044 0.044 0.044 0.044 0.043868813 -0.378 -0.378 -0.378 -0.378 -0.55599657 -0.556 -0.556 -0.55599999 -0.21821159 -0.146 -0.146 -0.146 -0.146 -0.11800002 -0.118 -0.118 0.093703952 0.116 0.116 0.116 0.11600042 0.55999999 0.644 0.644 0.644 0.644 1.12 1.12 1.12 1.052 1.052 1.052 0.84000526 0.894 0.894 0.684 0.684 0.684 0.61600014
0.022 0.022 0.14 0.14 0.14 0.036 0.036 0.036 0.036 0.043120372 0.044 0.044 0.044 0.043999257 0.053950284 0.054 0.054 0.054 0.20542818 0.192 0.192 0.192 0.192 -0.146 -0.146 -0.146 -0.14599815 -0.118 -0.118 -0.118 -0.118 0.11605737 0.36573716 0.56 0.56 0.56 0.64549292 1.0439917 1.044 1.044 1.1199843 1.1 1.1 1.052 1.052 1.0519991 0.84 0.84 0.682 0.682 0.682 0.62 0.666
0.022 0.022000002 0.482 0.482 0.482 0.036 0.036 0.036 0.036 -0.046 -0.046 -0.046 -0.046 -0.038952766 0.054 0.054 0.054 0.054 0.206 0.192 0.192 0.192 0.192 0.074 0.073999913 -0.14599968 -0.118 -0.118 -0.118 -0.118 0.18070239 0.472 0.54952921 0.56 0.56 0.56 1.044 1.044 1.044 1.044 1.1 1.1 1.1 1.1819741 1.182 0.84153727 0.84 0.84 0.68200002 0.682 0.62 0.62 0.666
