interpolatedSpi/02-04|23_3.tif
NCOLS 53
NROWS 52
XLLCORNER -116.03883
YLLCORNER 28.596182
DX 0.49850594
DY 0.49788537
NODATA_VALUE -9999
[rows 0 to 28 of 52, columns 0 to 52 of 53]
-0.97666667 -0.97666667 -1.8837009 -2.08 -0.90666667 -1.2266667 -1.08 -0.75333333 -1.1729153 -0.63 -0.46 -0.72333333 -0.94331385 -0.70666667 -0.78 -0.78 -0.78 -0.69333333 -1.6566667 -1.6566667 -1.6566667 -1.6566563 -0.58000001 -1.6466667 -1.6466667 -1.6466667 -0.21332795 -0.21333333 -0.21333333 -1.6933333 -1.6933333 -1.6933333 -1.6933333 -2.9999997 -3 -3 -3 -3 -3 -2.9999999 0.65727299 0.6958226 -2.6166667 -2.6166667 -2.6166667 -2.6166667 -2.6148047 -1.4766667 -1.4766667 -1.4766667 0.2233298 0.22333333 0.22333333
-0.97670384 -1.8133333 -1.5833331 -1.5245262 -1.5663893 -1.2833333 -1.7533333 -1.4363987 -1.3233333 -1.1533333 -1.01 -0.94333333 -0.94333333 -1.3079882 -0.7066746 -0.78 -0.69333333 -0.69333333 -1.6554106 -1.6566667 -1.6566667 -1.6566667 -1.6231554 -1.6466667 -1.6466667 -1.6466667 -2.0833333 -2.0833333 -1.6933333 -1.6933333 -1.6933333 -1.6933333 -1.6933333 -2.9999998 -3 -3 -3 -3 -2.9999999 -2.7417127 -1.4567396 -2.47591 -2.6166667 -2.6166667 -2.6166667 -2.6166667 -2.6166667 -1.4766667 -1.4766667 -1.4766667 -1.335701 0.22333333 0.22333333
-0.47005122 -0.47 -1.3566667 -1.2066667 -1.5833333 -1.46 -1.8033333 -1.1266667 -1.7366667 -1.7133333 -1.3666667 -1.66 -1.81 -0.35666667 -1.31 -2.5666667 -0.69333333 -0.69333333 -0.69333333 -1.1601444 -1.16 -1.16 -1.2 -1.6466667 -1.6466667 -1.6466667 -2.0833333 -2.0833333 -2.0833333 -1.6933333 -1.6933333 -1.6933334 -1.9484754 -2.9964877 -2.9867518 -1.5897093 -1.5766667 -1.5766667 -1.5615738 -1.4566667 -1.4566667 -1.45815 -2.6166667 -2.6166667 -2.6166667 -2.6166667 -2.6166667 -1.4766667 -1.4766667 -1.4766667 -1.4766667 0.22333333 0.22333333
-0.03 -0.47000012 -1.0634564 -0.75 -1.69 -1.57 -1.53 -1.85 -1.63 -1.2619928 -1.7666667 -1.51 -1.6133333 -0.35666667 -1.8533333 -2.5666667 -1.5313158 -1.5227518 -1.7566667 -1.16 -1.16 -1.6466667 -1.2 -1.2 -1.6466667 -1.6466688 -2.0833333 -2.0833333 -2.0833333 -1.1666667 -1.7464361 -2.2233333 -2.2233333 -2.2233328 -1.5766667 -1.5766667 -1.5766667 -1.5766667 -1.4566667 -1.4566667 -1.4566667 -1.4566667 -2.6166667 -2.6166667 -2.6166667 -2.6166667 -2.6166667 -1.476681 -1.4766667 -1.4766667 -1.4766667 0.22329 0.22333333
-0.03 0.30333083 -1.0633333 -1.6417518 -1.69 -2.0233333 -1.7467352 -2.4466667 -2.2733333 -1.8066668 -1.7071304 -1.6599656 -1.42 -1.8533333 -1.8533333 -2.3142312 -1.5233333 -1.5233333 -1.7566667 -1.7566667 -1.160001 -1.6466667 -1.7033333 -0.90666667 -1.5033333 -1.5032189 -2.0833333 -2.0833333 -1.1666667 -1.1666667 -2.2233333 -2.2233333 -2.2233333 -2.1919043 -1.5766667 -1.5766667 -1.5766667 -1.4566667 -1.4566667 -1.4566667 -1.4566667 -1.4566197 -2.6166666 -2.6166667 -2.6166667 -2.6166667 -2.6166667 -2.6065193 -1.4766667 -1.4766499 -1.1033333 -1.1033333 -1.1033333
-1.5566667 -0.45 -0.32333329 -1.29 -1.21 -1.4266667 -2.3166667 -2.3333104 -1.7066667 -1.99 -1.6166667 -1.57 -1.5699999 -0.85 -0.85 -1.0233502 -1.0233333 -0.95 -0.95 -1.7566655 -1.8766667 -1.8766667 -0.90666667 -1.5033333 -1.5033333 -1.0133333 -1.9166667 -1.9166667 -0.94002174 -1.1666667 -2.2233333 -2.2233333 -2.0566667 -2.0565702 -1.1333996 -1.7933333 -1.7933333 -1.5608222 -1.4566667 -1.4566667 -0.97060698 -0.97 -0.96999858 -1.1922631 -1.1668269 -1.1666671 -1.1666667 -1.1666672 -1.0477875 -1.1033333 -1.1033333 -1.1033333 -1.1033333
-0.54002754 0.43333333 -0.48764382 -0.12 -0.086666667 -1.2466667 -1.3766667 -1.86 -1.9966667 -1.9966667 -1.6166667 -1.69 -1.7033333 -0.85 -1.0933326 -1.0933333 -1.0233333 -0.96 -0.46666667 -0.46666667 -1.8012643 -1.7166667 -1.7166667 -1.1266667 -1.0133333 -1.0133333 -1.9166667 -1.9166667 -0.94005051 -0.94092986 -1.2417451 -2.0566667 -2.0566667 -1.1333333 -1.1333333 -1.399377 -1.7933333 -1.7933333 -1.9066627 -0.9700013 -0.97 -0.97 -0.96999293 -1.1666676 -1.1666667 -1.1666667 -1.1666667 -1.1666666 -1.0233333 -1.1033175 -1.1033333 -1.1033333 -1.1033333
-0.54 -1.1933333 -0.37666667 -0.87 -0.54335206 -0.63 -1.0066667 -1.6033333 -0.63333333 -1.43 -1.43 -1.4766667 -1.7033333 -1.7033333 -1.0975185 -1.248162 -1.2633333 -0.74 0.023332831 -0.46666667 -0.23140622 -0.11 -2.01 -0.31666667 -0.31667815 -1.2066667 -1.14 -1.1400003 -1.8036297 -1.8066667 -1.24 -0.98843561 -1.2333333 -1.1333333 -1.1312418 -1.07 -1.07 -1.9066667 -1.9066667 -0.97 -0.97 -0.96999999 -1.3257941 -1.33 -1.1666667 -1.1666667 -1.1666667 -1.0233388 -1.0233333 -1.0233333 -1.1033333 -1.1033333 -1.1033333
-1.2509852 -1.1933333 0.06 -0.65666667 -0.86666667 -1.5166667 -0.93666667 -0.40333333 -0.67666667 -0.19022972 -0.53 -1.7133333 -1.7133333 -0.74333333 -0.74333217 -2.0145671 -2.0166667 -2.0166667 -0.62347601 -1.9099999 -1.54 -1.54 -2.1566667 -2.0677989 -1.1169782 -1.2066667 -1.4466667 -1.14 -0.75226629 -0.75 -0.92 -1.2533333 -1.2650851 -1.1166667 -1.06 -1.11 -1.25 -1.9366667 -1.2303263 -0.96732174 -0.37 -0.70333333 -1.3298963 -1.33 -1.3290807 -1.1666667 -2.4066666 -1.0233333 -1.0233333 -1.0233333 -1.0233333 -0.84394283 0.26
-1.5733333 -1.5733333 -0.65 -1.1266667 -1.1433333 -1.39 -0.62 -0.54666667 -0.17333333 -0.0666749 -0.30333333 -0.22666667 -0.74333333 -0.74333333 -0.62 -0.63915591 -2.0166667 -2.0163078 -0.42 -1.91 -1.91 -1.8623315 -2.1566667 -1.4000143 -1.4 -1.4 -1.4466667 -0.81666667 -0.81666667 -0.75 -0.75 -1.2533776 -1.2766667 -1.1166667 -0.82333333 -1.11 -1.25 -1.8833333 -1.23 -0.69875173 -0.70333332 -0.69965994 -0.69333333 -1.33 -1.33 -2.4066667 -2.4066667 -2.4066667 -1.0233333 -1.0233333 0.98 0.98 0.97999973
-1.5733333 -1.5733333 -1.56 -1.58 -1.21 -1.1633333 -1.8033333 -0.72037045 -0.94333333 -1.3533333 -0.83 -0.26333333 -0.22671625 -0.62 -0.62 -0.62 -0.62 -0.60950306 -0.42 -0.51333333 -0.51333333 -0.81333333 -0.81333333 -1.4 -1.4 -1.4 -0.81666667 -0.81666667 -0.81666667 -1.2033333 -1.2033333 -1.2033335 -0.70666667 -0.70666667 -1.46 -1.46 -0.04 -1.2866684 -0.91666667 -0.69 -0.69 -1.0333322 -0.69333333 -1.33 -0.21333425 -1.1633333 -0.32234883 -0.31333334 0.64666667 0.64666667 0.98 0.98 0.98
-1.5733333 -1.5675808 -1.5685347 -1.8599776 -0.67666667 -1.5166667 -1.8033333 -0.72 -0.94333147 -1.348791 -0.26333475 -0.26333333 0.18 -0.62 -0.62 -0.62 -0.62 -0.61998862 -0.42 -0.51333333 -0.57224723 -0.81333333 -0.81333333 -1.3999758 -1.4 -1.069089 -0.39333333 -0.39333333 -0.39333339 -1.2033333 -1.2033333 -0.07 -0.07 -0.70666873 -1.46 -0.11333376 -0.27251315 -1.2866667 -1.2866667 -0.69000001 -1.0333333 -1.0333333 -1.0333273 -0.21333333 -0.21333333 -1.1633333 -0.31333333 -0.31333333 0.64666667 0.64666667 0.98 0.98 0.98
-1.17 -1.2009103 -1.1700153 -1.1749811 -0.67667097 -1.5166468 -1.8033333 -0.73333521 -0.92794338 -0.95403952 0.18 0.18 0.18 0.18 -0.61988667 -0.62 -0.62 -0.61741768 -0.42 -0.51325079 -0.23 -0.23 -0.23 -0.23 -1.3793602 -0.39333333 -0.39333333 -0.39333333 -0.39333333 -0.39363618 -0.07 -0.07 -0.07 -0.07 -0.11333333 -0.11333333 -0.11333333 -1.2303295 -1.2763772 0.083333333 0.083333333 -1.0332733 0.1733201 -0.21329609 -0.21333333 -1.1633333 -0.31333333 -0.31333333 0.64666667 0.64666667 0.9787907 0.98 -0.020425146
-1.17 -1.17 -1.17 -1.17 -1.17 -1.1700001 -1.8025994 -1.2907693 -0.88688451 0.17878002 0.18 0.18 0.18 0.18 0.18000003 -0.62 -0.61999997 -0.60628137 -0.42000217 -0.23 -0.23 -0.23 -0.23 -0.23 -0.2230832 0.012888056 0.21999987 0.22 0.22 0.22 -0.069999992 -0.07 -0.069999354 0.46666667 0.46666667 -0.11333333 0.72599219 0.75 0.083333719 0.083333333 0.083333333 0.083333333 0.17333333 0.17333333 0.17333333 0.16403135 1.3654944 1.3766667 1.3766667 1.3766667 1.3766667 0.84000003 0.84
-1.2966667 -1.17 -1.17 -1.17 -1.17 -1.17 -1.17 -1.0337258 0.22751025 0.23333333 0.23333333 0.23333333 0.23333333 0.23333333 0.23333333 0.30507803 -0.60527646 -0.59261311 -0.23002396 -0.23 -0.23 -0.23 -0.23 -0.22999971 0.09 0.09 0.090000183 0.22 0.22 0.22054066 0.49 0.49 0.46666667 0.46666667 0.46666667 0.70461325 0.75 0.75 0.75 0.083333333 0.083333333 0.083333333 0.17333333 0.17333333 0.17333333 0.17333333 1.3766667 1.3766667 1.3766667 1.3766667 1.3766667 0.84 0.84
-1.2966667 -1.2495101 -1.17 -1.17 -1.17 -1.17 0.25305398 0.25333333 0.25333333 0.23333333 0.23333333 0.23333333 0.23333333 0.23333333 0.24951118 0.30666667 0.30666667 0.30666667 0.022562414 0.023333075 0.023333333 0.023333333 0.023333333 0.023333333 0.09 0.09 0.09 0.09 0.22 0.49 0.49 0.49 0.46666667 0.46666667 0.46666667 1.13 0.75050313 0.75 0.75 0.083389025 0.19402649 0.45222748 0.17333333 0.17333333 2.0973772 2.1033333 2.1033333 1.3777756 2.047647 2.0499999 2.0499999 1.7931891 0.84000194
-1.2966667 -0.54734662 -0.84444372 -1.17 -1.17 0.25249236 0.25333333 0.25333333 0.25333333 0.25318921 0.23333333 0.23333333 0.23333333 0.23333334 0.30666667 0.30666667 0.30666667 0.30666667 0.023586429 0.023333333 0.023333333 0.023333333 0.023333333 0.023333333 0.089999998 0.09 0.09 0.09 0.091454938 0.49 0.49 0.49 0.47 0.46673422 1.13 1.13 1.13 1.1285427 0.47213142 0.45333333 0.45333333 0.45333333 1.6266667 1.6266667 2.1033333 2.1033333 2.1033333 2.05 2.05 2.05 2.05 1.7933333 1.7933333
-0.52704505 -0.52666667 -0.52666667 -0.52666666 0.48333333 0.25333927 0.25333333 0.25333333 0.25333333 0.25333333 0.22197711 0.23333138 0.23333333 0.30666667 0.30666667 0.30666667 0.30666667 0.30666667 0.31601906 0.023333333 0.023333333 0.023333333 0.023333333 0.023333333 0.084898422 0.1333331 0.13333333 0.13333333 0.13333333 0.49 0.47 0.47 0.47 0.47 1.13 1.1299966 1 1 0.46015928 0.45333333 0.45333333 0.45333333 1.6266667 1.6266667 2.0295289 2.1033333 2.1033333 2.05 2.05 2.05 2.0472479 1.7933333 1.7933333
-0.52666667 -0.52666667 -0.52666667 -0.0510426 0.48333333 0.48333333 0.25333333 0.25333333 0.25333333 0.25333333 0.083333333 0.083333333 0.083333333 0.30666667 0.30666667 0.30666667 0.30666667 0.30669035 0.80666667 0.80666667 0.023333651 0.023333333 0.038671181 0.65333333 0.648652 0.13333333 0.13333333 0.13333333 0.13333333 0.46996572 0.47 0.47 0.47 0.47 1.0000005 1 1 1 0.99805489 0.45333333 0.45333333 0.45333333 1.6266667 1.6266667 1.6266667 2.1033333 2.1033333 2.05 2.05 2.05 1.7933333 1.7933333 1.7933333
-0.52666667 -0.52666667 -0.52666667 0.48333333 0.48333333 0.48333333 0.48333298 0.25333333 0.25333333 0.083508822 0.083333333 0.083333333 0.083333333 0.083472482 0.42268388 0.45 0.45 0.45 0.80666667 0.80666667 0.80666667 0.65333333 0.65333333 0.65333333 0.65334827 0.4340606 0.13333333 0.13333333 0.13333334 0.54632488 0.57332317 0.57333333 0.57333333 0.57333333 0.83749863 0.61000089 0.61 0.61 0.61 1.2265609 1.2266667 1.2266667 1.6266667 1.6266667 1.7533328 1.7533334 1.9533333 1.9533333 2.0966667 2.0966667 2.0966667 1.7933333 1.5835211
-0.526665 -0.52666667 -0.52666663 0.48333333 0.48333333 0.48333333 0.48333333 0.53999992 0.25447954 0.083369604 0.083333333 0.083333333 0.083333333 0.084052834 0.45 0.45 0.45 0.4500001 0.80666667 0.80666667 0.80666667 0.65333333 0.65333333 0.65333333 0.70666667 0.70666667 0.81 0.81 0.81 0.80870891 0.57333333 0.57333333 0.57333333 0.57333333 0.59165664 0.61 0.61 0.61 0.61 1.2266667 1.2266667 1.2266667 1.2432376 1.7533333 1.7533333 1.7533333 1.9533333 1.9533333 2.0966667 2.0966667 2.0966667 1.5833334 1.5833333
0.01 -0.23685941 -0.26 -0.25978435 0.48333333 0.53967213 0.54 0.54 0.73069148 0.12333335 0.12333333 0.12333333 0.12333333 1.0766356 1.0766667 0.45000048 0.45 0.45939764 0.80666667 0.80666667 0.80666667 0.60666667 0.60666667 0.60666667 0.70666667 0.70666667 0.81 0.81 0.81 0.81000001 0.82666506 0.82666596 0.57970049 0.57360492 0.88297876 0.88333333 0.88333333 0.88333333 0.88333333 1.2266667 1.2266667 1.2266667 1.7243334 1.7533333 1.7533333 1.7533332 1.9533333 1.9533333 1.9533385 2.0966667 2.0966401 1.5033333 1.5833333
0.043327003 0.043333281 -0.26 -0.26 -0.26 0.54 0.54 0.54 1.0633333 1.0633333 0.12333333 0.12333333 0.12333333 1.0766667 1.0766667 1.0766667 1.0766667 1.0766343 0.80666667 0.80666667 0.80666666 0.60666667 0.60666667 0.60666667 0.70666667 0.70666667 0.81 0.81 0.81 0.82647875 0.82666667 0.82666667 0.82666667 0.82666667 0.88330537 0.88333333 0.88333333 0.88333333 0.88333333 1.22 1.22 1.22 1.22 1.7533284 1.1066667 1.1066667 1.1066667 0.95333333 0.95333333 0.95333333 1.5033333 1.5033333 1.5033333
0.043333333 0.043333333 -0.26 -0.26 -0.26 0.53579506 0.54 1.0633333 1.0633333 1.0633333 0.12344905 0.12333333 1.0248943 1.0766667 1.0766667 1.0766667 1.0766667 1.53 1.53 1.53 0.32333334 0.32333354 0.60666529 0.60666667 0.60660977 0.46333333 0.46333333 0.46333416 0.80994398 0.36675834 0.36666912 0.36674698 0.82588048 0.82626969 0.87294084 0.88333308 0.88111035 0.22 0.22 1.22 1.22 1.22 1.22 1.1066667 1.1066667 1.1066667 1.1066667 0.95333333 0.95333333 0.95333333 1.5033333 1.5033333 1.5033333
0.043333333 0.043333333 -0.26 -0.26 -0.26 -0.26 0.73586838 1.0633333 1.0633333 1.0633333 1.0634236 1.2266667 1.2266667 1.2266667 1.0775507 1.0766667 1.5269791 1.53 1.53 1.53 0.32333333 0.32333333 0.32333333 0.32333333 0.46333333 0.46333333 0.46333333 0.46333333 0.46333333 0.36666667 0.36666667 0.36666667 0.36666667 0.36666618 0.13333333 0.22 0.22 0.22 0.22 0.2200025 0.85333333 0.85333333 0.85333333 0.86526656 0.89 0.89 0.89 0.95333333 0.953333 0.61333333 0.61333333 1.2034063 1.2033333
0.043333333 0.043333333 -0.15051797 -0.26 -0.26 -0.25999996 1.5291719 1.064804 1.0633333 1.0633333 1.2266667 1.2266667 1.2266667 1.2266667 1.2266667 1.2144168 1.53 1.53 1.53 1.53 0.32334267 0.32333333 0.32333333 0.32333333 0.46333333 0.46333333 0.46333333 0.46333333 0.46333333 0.45287825 0.36666667 0.36666667 0.36666667 0.13333333 0.13333333 0.13340063 0.22 0.22 0.068049801 -0.049999973 0.85333333 0.85333333 0.85333333 0.86395753 0.89 0.89 0.89 0.75333333 0.61507772 0.61333333 0.61333333 1.2033333 1.2033333
1.2966667 1.2966667 1.2966667 0.13029912 -0.25753763 1.53 1.53 1.53 1.53 1.5433333 1.5433333 1.2266667 1.2266667 1.2266667 1.2266667 1.2266859 1.53 1.53 1.53 1.53 0.84988352 0.32333333 0.32333333 0.32699719 0.46333333 0.46333333 0.46333333 0.46333333 0.48333333 0.48333333 0.48333333 0.48333284 0.13333333 0.13333333 0.13333333 0.13333333 -0.05 -0.05 -0.05 -0.05 0.76333333 0.76333333 0.76333333 0.56333735 0.56333333 0.56333333 0.56333344 0.75333333 0.75333333 0.61350392 0.61333333 1.20333 1.2033333
1.2966667 1.2966667 1.2966667 1.2966729 1.4133333 1.4302986 1.53 1.53 1.53 1.5433333 1.5433333 1.5433333 1.1966667 1.1966667 1.1966667 1.1966667 1.5296947 1.53 1.53 1.53 1.5117103 0.46333295 0.46333333 0.46333333 0.46333333 0.46333334 0.54333333 0.54333333 0.48333333 0.48333333 0.48333333 0.48333333 0.13333341 0.13333333 0.13333333 0.13334229 -0.049999999 -0.05 -0.05 -0.04983915 0.76333333 0.76333333 0.76333333 0.56334261 0.56333333 0.56333333 0.56333333 0.75333333 0.75333333 0.75333331 0.54666667 0.54666667 0.47333333
1.2966667 1.2966667 1.2966667 1.4133331 1.4133333 1.4133333 1.53 1.53 1.53 1.5433333 1.5433333 1.5433333 1.1966667 1.1966667 1.1966667 1.2093599 1.3633333 1.3633333 1.3633338 1.5290586 0.46333333 0.46333333 0.46333333 0.46333333 0.46333333 0.46339354 0.54333333 0.54333333 0.54333333 0.48333333 0.48333333 0.48301365 0.24333333 0.24333333 0.24333333 -0.50666666 -0.50666666 -0.013333333 -0.013333333 -0.013333333 0.39666667 0.76321832 0.76333152 0.52 0.52 0.52164228 0.56333354 0.75333333 0.75333333 0.54666667 0.54666667 0.54666667 0.47333333
