interpolatedSpi/02-04|21_2.tif
NCOLS 53
NROWS 52
XLLCORNER -116.03883
YLLCORNER 28.596182
DX 0.49850594
DY 0.49788537
NODATA_VALUE -9999
[rows 0 to 29 of 52, columns 0 to 52 of 53]
-0.99666667 -0.99666667 -0.58732194 -1.1733333 -1.3366667 -1.2366667 -1.3033333 -1.22 -1.4113787 -1.7733333 -1.6633333 -1.5666667 -2.1532213 -0.79333333 -1.15 -1.15 -1.15 -1.2366667 -0.51666667 -0.51666667 -0.51666667 -0.51667155 -1.0233333 -0.48333333 -0.48333333 -0.48333333 -0.37000333 -0.37 -0.37 -0.35333333 -0.35333333 -0.35333333 -0.35333333 -1.2299998 -1.23 -1.23 -1.23 -1.23 -1.23 -1.2299999 0.9102801 0.93289177 -0.8 -0.8 -0.8 -0.8 -0.79899277 -0.18333333 -0.18333333 -0.18333333 1.4999965 1.5 1.5
-0.99670562 -1.8733333 -1.1100003 -1.351644 -1.3468907 -1.3233333 -1.06 -1.9764051 -1.9733333 -1.9666667 -1.8933333 -2.1533333 -2.1533333 -1.3215661 -0.79334289 -1.15 -1.2366667 -1.2366667 -0.51760545 -0.51666667 -0.51666667 -0.51666667 -0.5140383 -0.48333333 -0.48333333 -0.48333333 -1.1766666 -1.1766667 -0.35333333 -0.35333333 -0.35333333 -0.35333333 -0.35333333 -1.2299999 -1.23 -1.23 -1.23 -1.23 -1.2299999 -0.99702513 0.13661841 -0.68634289 -0.8 -0.8 -0.8 -0.8 -0.8 -0.18333333 -0.18333333 -0.18333333 -0.043749722 1.5 1.5
-1.4399866 -1.44 -1.3766667 -0.92333333 -1.6766667 -1.9033333 -1.58 -2.3233333 -2.1833333 -2.3066667 -1.7266667 -2.33 -1.31 -1.8733333 -1.3233333 -2.1866667 -1.2366667 -1.2366667 -1.2366667 -1.4064079 -1.4066667 -1.4066667 -1.0666667 -0.48333333 -0.48333333 -0.48333333 -1.1766667 -1.1766667 -1.1766667 -0.35333333 -0.35333333 -0.35333339 -0.88126874 -1.2271366 -1.215821 0.27937431 0.29333333 0.29333333 0.2736288 0.13666667 0.13666667 0.13546891 -0.8 -0.8 -0.8 -0.8 -0.8 -0.18333333 -0.18333333 -0.18333333 -0.18333333 1.5 1.5
-1.0033333 -1.4400001 -1.7067285 -0.81333333 -1.63 -1.71 -1.8466667 -2.22 -2.3333333 -1.7980347 -1.6733333 -2.8566667 -2.4733333 -1.8733333 -1.79 -2.1866667 -2.1535884 -2.1526911 -2.2333333 -1.4066667 -1.4066667 -2.2466667 -1.0666667 -1.0666667 -0.48333333 -0.4833368 -1.1766667 -1.1766667 -1.1766667 -1.0066667 -1.2499138 -1.45 -1.45 -1.4499986 0.29333333 0.29333333 0.29333333 0.29333333 0.13666667 0.13666667 0.13666667 0.13666663 -0.8 -0.8 -0.8 -0.8 -0.8 -0.18334111 -0.18333333 -0.18333333 -0.18333333 1.4999401 1.5
-1.0033333 -0.80666832 -1.7066667 -1.9651175 -1.63 -1.6466667 -1.9999698 -1.7333333 -1.5366667 -2.0766664 -2.5250528 -2.7430831 -0.99666667 -1.79 -1.79 -2.0548852 -2.1533333 -2.1533333 -2.2333333 -2.2333333 -1.4066683 -2.2466667 -1.88 -1.0266667 -0.45666667 -0.45672142 -1.1766667 -1.1766667 -1.0066667 -1.0066667 -1.45 -1.45 -1.45 -1.221198 0.29333333 0.29333333 0.29333333 0.13666667 0.13666667 0.13666667 0.13666667 0.13661486 -0.79999999 -0.8 -0.8 -0.8 -0.8 -0.7945109 -0.18333333 -0.18334006 -0.33333333 -0.33333333 -0.33333333
-1.43 -1.2266667 -0.77000002 -1.4266667 -1.8666667 -1.61 -2.0333333 -1.9949247 -1.5833333 -1.4133333 -1.1266667 -0.86666667 -0.86666675 -0.90666667 -0.90666667 -1.5933977 -1.5933333 -1.1666667 -1.1666667 -2.2333325 -1.6966667 -1.6966667 -1.0266667 -0.45666667 -0.45666667 -0.69 -1.1633333 -1.1633333 -0.28673254 -1.0066667 -1.45 -1.45 -0.23666667 -0.23675548 -1.0866057 -0.60333333 -0.60333333 -0.092269226 0.13666667 0.13666667 -0.39933066 -0.4 -0.40000063 -1.5629564 -1.5765808 -1.5766665 -1.5766666 -1.5766664 -1.4490827 -0.33333333 -0.33333333 -0.33333333 -0.33333333
-0.02667512 -0.55666667 -0.081209592 -0.23333333 -0.41666667 -1.74 -0.96333332 -1.2633333 -1.5733333 -1.5733333 -1.1266667 -1.2566667 -0.1766669 -0.90666667 -1.8599971 -1.86 -1.5933333 -1.8633333 -1.26 -1.26 -1.6683908 -1.6366667 -1.6366667 -0.49333333 -0.69 -0.69 -1.1633333 -1.1633333 -0.28668803 -0.28706007 -1.072035 -0.23666667 -0.23666667 -1.0866667 -1.0866667 -0.74493974 -0.60333333 -0.60333333 -0.53000254 -0.40000018 -0.4 -0.4 -0.40000569 -1.5766673 -1.5766667 -1.5766667 -1.5766667 -1.5766667 -1.6833333 -0.33360087 -0.33333333 -0.33333333 -0.33333333
-0.026666667 0.49333333 0.07 -1.2433333 -1.5433161 -1.42 -1.42 -1.41 -1.9133333 -1.93 -1.93 -1.0166667 -0.17666667 -0.17666667 -1.8484508 -2.0451873 -2.0633333 -1.0866667 -1.1366668 -1.26 -1.0801577 -1.0866667 -1.4266667 -0.59 -0.59000507 -0.98333333 -0.76 -0.76000014 -0.65204848 -0.65333334 -1.0733333 -0.82433333 -0.016666667 -1.0866667 -1.1044449 -0.86333333 -0.86333333 -0.53 -0.53 -0.4 -0.4 -0.4 -1.677793 -1.6833333 -1.5766667 -1.5766667 -1.5766667 -1.6833293 -1.6833333 -1.6833333 -0.33333333 -0.33333333 -0.33333333
0.046783928 0.49333333 0.23333333 -0.39 -1.71 -1.3433333 -1.78 -1.55 -1.9633333 -1.5194264 -1.4266667 -1.3733333 -1.3733333 -1.2433333 -1.2433348 -1.5082181 -1.5066667 -1.5066667 -1.0942992 -0.82666671 -1.01 -1.01 -1.32 -1.3846311 -0.94369572 -0.98333333 -0.35666667 -0.76 -0.92569817 -0.92666667 -1.05 -0.85 -1.0883921 -1.6433333 -1.71 -2.0733333 -1.9366667 -1.2033333 -1.256642 -0.40104155 -0.63333333 -0.96333333 -1.683253 -1.6833333 -1.682733 -1.5766667 -2.05 -1.6833333 -1.6833333 -1.6833333 -1.6833333 -0.29515106 -0.66333333
-2.45 -2.45 -0.14 -0.91333333 -1.55 -1.5333333 -0.93666667 -1.2966667 -1.6866667 -1.4066222 -1.63 -0.22666667 -1.2433333 -1.2433333 -1.3966667 -1.3981754 -1.5066667 -1.5066615 -1.42 -0.82666667 -0.82666667 -0.85028617 -1.32 -1.2633344 -1.2633333 -1.2633333 -0.35666667 -0.88 -0.88 -0.92666667 -0.92666667 -0.85089773 -1.3233333 -1.6433333 -1.3133333 -2.0733333 -1.9366667 -1.4066667 -1.2566667 -1.207477 -0.96333332 -1.0465969 -1.19 -1.6833333 -1.6833333 -2.05 -2.05 -2.05 -1.6833333 -1.6833333 -0.026666667 -0.026666667 -0.026666905
-2.45 -2.45 -0.85333333 -1.6333333 -1.12 -1.1733333 -1.2466667 -0.85699557 -1.18 -1.0666667 -1.6733333 -0.93 -0.22760452 -1.3966667 -1.3966667 -1.3967432 -2.06 -2.0264098 -1.42 -1.2066667 -1.2066667 -1.32 -1.32 -1.2633333 -1.2633333 -1.2633333 -0.88 -0.88 -0.88 -2.47 -2.47 -2.4699981 -1.3166667 -1.3166667 -1.8466667 -2.07 -1.42 -2.5300009 -1.5433333 -1.2066667 -1.2066667 -0.39000263 -1.19 -1.6833333 -1.1000003 -1.3633333 -1.0609447 -1.0566667 -0.74333333 -0.74333333 -0.026666667 -0.026666667 -0.026666667
-2.45 -1.7607157 -1.1861872 -1.0133413 -0.41666667 -1.59 -1.2466667 -0.85666667 -1.1799973 -1.0679223 -0.93000018 -0.93 -0.95333333 -1.3966667 -1.3966667 -2.06 -2.06 -2.0599636 -1.42 -1.2066667 -1.228923 -1.32 -1.32 -1.2633358 -1.2633333 -1.2370358 -1.1833333 -1.1833333 -1.1833333 -2.47 -2.47 -1.7266667 -1.7266667 -1.3166681 -1.8466667 -1.8000001 -1.6140285 -2.53 -2.53 -1.2066666 -0.39 -0.39 -0.39000526 -1.1 -1.1 -1.3633333 -1.0566667 -1.0566667 -0.74333333 -0.74333333 -0.026666667 -0.026666667 -0.026666667
-1.84 -0.92239052 -0.91669225 -0.91736053 -0.41667265 -1.5899723 -1.2466667 -0.86146735 -1.157719 -1.1770406 -0.95333333 -0.95333333 -0.95333333 -0.95333333 -1.3966039 -2.06 -2.06 -2.0517366 -1.42 -1.2067587 -1.52 -1.52 -1.52 -1.52 -1.2676066 -1.1833333 -1.1833333 -1.1833333 -1.1833333 -1.1842784 -1.7266667 -1.7266667 -1.7266667 -1.7266667 -1.8 -1.8 -1.8 -2.4949184 -2.5207871 -1.3033333 -1.3033333 -0.39004913 -0.57335136 -1.0999493 -1.1 -1.3633333 -1.0566667 -1.0566667 -0.74333333 -0.74333333 -0.029266656 -0.026666667 -0.17260348
-1.84 -0.91666667 -0.91666667 -0.91666667 -0.91666667 -0.91666694 -1.2475454 -1.0621751 -1.0982755 -0.95357458 -0.95333333 -0.95333333 -0.95333333 -0.95333333 -0.95333329 -2.06 -2.0599999 -2.0161004 -1.4200092 -1.52 -1.52 -1.52 -1.52 -1.52 -1.5362834 -1.7003048 -1.8866665 -1.8866667 -1.8866667 -1.8866667 -1.7266667 -1.7266667 -1.7266665 -1.6033333 -1.6033333 -1.8 -1.2685352 -1.2533333 -1.3033333 -1.3033333 -1.3033333 -1.3033333 -0.57333333 -0.57333333 -0.57333333 -0.57883101 -0.12946962 -0.12333333 -0.12333333 -0.12333333 -0.12333334 0.043333319 0.043333333
-0.33 -0.91666667 -0.91666667 -0.91666667 -0.91666667 -0.91666667 -0.91666669 -0.98344321 -0.88416169 -0.88333333 -0.88333333 -0.88333333 -0.88333333 -0.88333333 -0.88333333 -0.031102101 -2.0274635 -1.9723622 -1.5199876 -1.52 -1.52 -1.52 -1.52 -1.5199991 -2.2733333 -2.2733333 -2.2733328 -1.8866667 -1.8866667 -1.8875144 -2.31 -2.31 -1.6033333 -1.6033333 -1.6033333 -1.3093995 -1.2533333 -1.2533333 -1.2533333 -1.3033333 -1.3033333 -1.3033333 -0.57333333 -0.57333333 -0.57333333 -0.57333333 -0.12333333 -0.12333333 -0.12333333 -0.12333333 -0.12333333 0.043333333 0.043333333
-0.33 -0.54840933 -0.91666667 -0.91666667 -0.91666667 -0.91666667 -0.55340464 -0.55333333 -0.55333334 -0.88333333 -0.88333333 -0.88333333 -0.88333333 -0.88333333 -0.69140525 -0.013333333 -0.013333333 -0.013333333 -0.76895928 -0.76666744 -0.76666667 -0.76666667 -0.76666667 -0.76666667 -2.2733333 -2.2733333 -2.2733333 -2.2733333 -1.8866667 -2.31 -2.31 -2.31 -1.6033334 -1.6033333 -1.6033333 -1.1333333 -1.2531744 -1.2533333 -1.2533333 -1.3031506 -0.93834507 -0.086979644 -0.57333333 -0.57333333 0.25410524 0.25666667 0.25666667 -0.12254351 0.35498928 0.35666662 0.35666658 0.21330764 0.043333679
-0.33 -0.67384363 -0.79858926 -0.91666667 -0.91666667 -0.55354801 -0.55333333 -0.55333333 -0.55333333 -0.55571141 -0.88333333 -0.88333333 -0.88333333 -0.88333323 -0.013333333 -0.013333333 -0.013333333 -0.013333333 -0.76599373 -0.76666667 -0.76666667 -0.76666667 -0.76666667 -0.76666667 -2.2733333 -2.2733333 -2.2733333 -2.2733333 -2.2734667 -2.31 -2.31 -2.31 -2.2566667 -1.6033013 -1.1333333 -1.1333333 -1.1333333 -1.1276261 -0.1574179 -0.083333333 -0.083333333 -0.083333333 -0.073333333 -0.073333333 0.25666667 0.25666667 0.25666667 0.35666667 0.35666667 0.35666667 0.35666667 0.21333333 0.21333333
-0.68300461 -0.68333333 -0.68333333 -0.68333333 -0.64666667 -0.55333574 -0.55333333 -0.55333333 -0.55333333 -0.55333333 -0.83841302 -0.8833256 -0.88333332 -0.013333333 -0.013333333 -0.013333333 -0.013333333 -0.013333333 -0.055766815 -0.76666667 -0.76666667 -0.76666667 -0.76666667 -0.76666667 -1.5243871 -1.5966703 -1.5966667 -1.5966667 -1.5966667 -2.31 -2.2566667 -2.2566667 -2.2566667 -2.2566667 -1.1333333 -1.1333196 -0.61333333 -0.61333333 -0.089951173 -0.083333333 -0.083333333 -0.083333333 -0.073333333 -0.073333333 0.2055713 0.25666667 0.25666667 0.35666667 0.35666667 0.35666667 0.35512976 0.21333333 0.21333333
-0.68333333 -0.68333333 -0.68333333 -0.66606645 -0.64666667 -0.64666667 -0.55333333 -0.55333333 -0.55333333 -0.55333333 -0.29 -0.29 -0.29 -0.013333333 -0.013333333 -0.013333333 -0.013333333 -0.013252909 0.25 0.25 -0.76666625 -0.76666667 -0.77413271 -1.0733333 -1.0780447 -1.5966667 -1.5966667 -1.5966667 -1.5966667 -2.2565995 -2.2566667 -2.2566667 -2.2566667 -2.2566667 -0.61333516 -0.61333333 -0.61333333 -0.61333333 -0.61142174 -0.083333333 -0.083333333 -0.083333333 -0.073333333 -0.073333333 -0.073333333 0.25666667 0.25666667 0.35666665 0.35666667 0.35666666 0.21333333 0.21333333 0.21333333
-0.68333333 -0.68333333 -0.68333333 -0.64666667 -0.64666667 -0.64666667 -0.64666652 -0.55333333 -0.55333333 -0.29027184 -0.29 -0.29 -0.29 -0.28982762 0.38058557 0.47333333 0.47333333 0.47333333 0.25 0.25 0.25 -1.0733333 -1.0733333 -1.0733333 -1.072985 -0.67000705 -1.5966667 -1.5966667 -1.5966667 -0.7612564 -0.43684567 -0.43666667 -0.43666667 -0.43666667 -0.26984445 0.21333146 0.21333333 0.21333333 0.21333333 0.19996123 0.2 0.2 -0.073333333 -0.073333333 -0.29333241 -0.29333346 -0.64333333 -0.64333333 -0.51 -0.51 -0.51 0.21333333 -0.5626389
-0.68333259 -0.68333333 -0.68333333 -0.64666667 -0.64666667 -0.64666667 -0.64666667 -0.51000001 -0.55316007 -0.29037782 -0.29 -0.29 -0.29 -0.28850213 0.47333333 0.47333333 0.47333333 0.47333327 0.25 0.25 0.25 -1.0733333 -1.0733333 -1.0733333 0.17 0.17 0.22666667 0.22666667 0.22666667 0.22304798 -0.43666667 -0.43666667 -0.43666667 -0.43666667 -0.1118451 0.21333333 0.21333333 0.21333333 0.21333333 0.2 0.2 0.2 0.18447785 -0.29333333 -0.29333333 -0.29333333 -0.64333333 -0.64333333 -0.51 -0.51 -0.51 -0.56333333 -0.56333333
-0.44333333 -0.55982044 -0.85 -0.84994101 -0.64666667 -0.51079075 -0.51 -0.51 -0.51485838 -0.70666666 -0.70666667 -0.70666667 -0.70666667 0.55995877 0.56 0.4733334 0.47333333 0.46744883 0.25 0.25 0.25 0.26333333 0.26333333 0.26333333 0.17 0.17 0.22666667 0.22666667 0.22666667 0.22666683 0.45666099 0.45666416 -0.41421407 -0.43570895 0.40903641 0.41 0.41 0.41 0.41 0.2 0.2 0.2 -0.26616887 -0.29333333 -0.29333333 -0.29333334 -0.64333333 -0.64333333 -0.64332853 -0.51 -0.51001192 -0.77666667 -0.56333333
-0.44666603 -0.44666674 -0.85 -0.85 -0.85 -0.51 -0.51 -0.51 -0.52333333 -0.52333333 -0.70666667 -0.70666667 -0.70666667 0.56 0.56 0.56 0.56 0.55996527 0.25 0.25 0.25 0.26333333 0.26333333 0.26333333 0.17 0.17 0.22666667 0.22666667 0.22666667 0.4540734 0.45666667 0.45666667 0.45666667 0.45666667 0.41002303 0.41 0.41 0.41 0.41 0.18666667 0.18666667 0.18666667 0.18666667 -0.29333346 -0.31 -0.31 -0.31 -0.59 -0.59 -0.59 -0.77666667 -0.77666667 -0.77666667
-0.44666667 -0.44666667 -0.85 -0.85 -0.85 -0.5117871 -0.51 -0.52333333 -0.52333333 -0.52333333 -0.7066441 -0.70666667 -0.3198943 0.55999982 0.56 0.56 0.56 0.34666667 0.34666667 0.34666667 0.83999999 0.83999957 0.26333614 0.26333333 0.26367272 0.88 0.88 0.87999844 0.22677225 0.87658297 0.87666443 0.87659334 0.45738449 0.45702912 0.41858638 0.41000025 0.41212244 1.0433333 1.0433333 0.18666667 0.18666667 0.18666667 0.18666667 -0.31 -0.31 -0.31 -0.31 -0.59 -0.59 -0.59 -0.77666667 -0.77666667 -0.77666667
-0.44666667 -0.44666667 -0.85 -0.85 -0.85 -0.85 -0.51499028 -0.52333333 -0.52333333 -0.52333333 -0.52317314 -0.23333333 -0.23333333 -0.23333333 0.5553247 0.56 0.34808827 0.34666667 0.34666667 0.34666667 0.84 0.84 0.84 0.84 0.88 0.88 0.88 0.88 0.88 0.87666667 0.87666667 0.87666667 0.87666667 0.8766679 1.4633333 1.0433333 1.0433333 1.0433333 1.0433333 1.043331 0.42666667 0.42666667 0.42666667 0.17284397 -0.35333333 -0.35333333 -0.35333333 -0.58999999 -0.5899997 -0.27666667 -0.27666667 -0.31344605 -0.31333333
-0.44666667 -0.44666667 -0.70442499 -0.85 -0.85 -0.84999999 -0.52998817 -0.52335434 -0.52333333 -0.52333333 -0.23333337 -0.23333333 -0.23333333 -0.23333333 -0.23333333 -0.16822008 0.34666667 0.34666667 0.34666667 0.34666667 0.83999618 0.84 0.84 0.84 0.88 0.88 0.88 0.88 0.88 0.98997332 0.87666667 0.87666667 0.87666667 1.4633333 1.4633333 1.4630072 1.0433333 1.0433333 1.4335264 1.7366666 0.42666667 0.42666667 0.42666667 0.17772661 -0.35333333 -0.35333333 -0.35333333 0.22666667 -0.27039518 -0.27666667 -0.27666667 -0.31333333 -0.31333333
-0.04 -0.04 -0.04 -0.64691073 -0.84917256 -0.53 -0.53 -0.53 -0.53 -0.42 -0.42 -0.23333335 -0.23333333 -0.23333333 -0.23333333 -0.23329657 0.34666667 0.34666667 0.34666667 0.34666667 0.62472534 0.84 0.84 0.84680431 1.0902036 0.88 0.88 0.88 1.03 1.03 1.03 1.0299994 1.4633333 1.4633333 1.4633333 1.4633333 1.7366667 1.7366667 1.7366667 1.7366667 0.61666667 0.61666667 0.61666667 0.11334345 0.11333333 0.11333333 0.11333319 0.22666667 0.22666667 -0.27605338 -0.27666667 -0.31332933 -0.31333333
-0.04 -0.04 -0.04 -0.040013104 -0.28333333 -0.31920272 -0.53 -0.53 -0.53 -0.42 -0.42 -0.42 -0.016666677 -0.016666667 -0.016666667 -0.01666668 0.34517678 0.34666667 0.34666667 0.34666667 0.35416155 1.0999993 1.1 1.1 1.1 1.1 1.16 1.16 1.03 1.03 1.03 1.03 1.4633334 1.4633333 1.4633333 1.4633458 1.7366666 1.7366667 1.7366667 1.7340199 0.61666667 0.61666667 0.61666667 0.11335667 0.11333333 0.11333333 0.11333333 0.22666667 0.22666667 0.2266667 0.48 0.48 0.39666667
-0.04 -0.04 -0.04 -0.28333277 -0.28333333 -0.28333333 -0.52999991 -0.53 -0.53 -0.42 -0.42 -0.42 -0.016666667 -0.016666667 -0.016666667 -0.050938464 -0.46666667 -0.46666667 -0.46666457 0.34207275 1.1 1.1 1.1 1.1 1.1 1.1000452 1.16 1.16 1.16 1.03 1.03 1.0298541 1.6166667 1.6166667 1.6166667 0.63333334 0.63333334 1.1333333 1.1333333 1.1333333 0.30333333 0.61656838 0.61666475 0.36 0.36 0.35065161 0.11333418 0.22666667 0.22666667 0.48 0.48 0.48 0.39666667
-0.04 -0.04 -0.04 -0.28333333 -0.28333333 -0.28333333 -0.28333333 -0.53 -0.53 -0.42 -0.42 -0.032794183 -0.016666667 -0.016666667 -0.016666667 -0.46666667 -0.46666667 -0.46666667 -0.46666667 -0.46666667 1.1 1.1 1.1 1.1 1.1 1.1599998 1.16 1.16 1.16 0.80333333 0.80333333 0.80333333 1.6166667 1.6166667 1.6166667 0.63333333 0.63333333 1.1333333 1.1333333 0.30333333 0.30333333 0.30333333 0.36 0.36 0.36 0.36 0.37588182 0.55333333 0.55333333 0.55333333 0.48 0.59 0.59
