interpolatedSpi/02-02|19_1.tif
NCOLS 53
NROWS 52
XLLCORNER -116.03883
YLLCORNER 28.596182
DX 0.49850594
DY 0.49788537
NODATA_VALUE -9999
0.67 0.67 0.14942307 0.64 0.175 0.155 0.175 0.13 -0.041809106 -0.14 -0.135 -0.145 -0.014948123 0.615 0.41 0.41 0.41 0.79 0.75 0.75 0.75 0.74998868 -0.42499999 0.34 0.34 0.34 -0.29000478 -0.29 -0.29 -0.325 -0.325 -0.325 -0.325 -1.3899998 -1.39 -1.39 -1.39 -1.39 -1.39 -1.39 -0.21268033 -0.20004852 -0.39 -0.39 -0.39 -0.39 -0.39163334 -1.39 -1.39 -1.39 -1.4299999 -1.43 -1.43 
0.66995157 -0.42 0.11999994 0.038204573 0.12967766 0.37 0.48 0.24491866 0.345 -0.145 0.08 -0.015 -0.015 0.71466655 0.6149994 0.41 0.79 0.79 0.75005215 0.75 0.75 0.75 0.32289295 0.34 0.34 0.34 0.385 0.385 -0.325 -0.325 -0.325 -0.325 -0.325 -1.3899998 -1.39 -1.39 -1.39 -1.39 -1.3899999 -1.1191736 0.18495338 -0.32022821 -0.39 -0.39 -0.39 -0.39 -0.39 -1.39 -1.39 -1.39 -1.3933168 -1.43 -1.43 
0.1400147 0.14 0.07 0.2 -0.4 -0.37 -0.145 -0.29 -0.585 -0.23 0.52 -0.295 0.25 1.12 0.715 -0.305 0.79 0.79 0.79 0.80998256 0.81 0.81 0.015 0.34 0.34 0.34 0.385 0.385 0.385 -0.325 -0.325 -0.325 -0.325 -1.3852883 -1.3723151 0.49258941 0.51 0.51 0.46912357 0.185 0.185 0.18426472 -0.39 -0.39 -0.39 -0.39 -0.39 -1.39 -1.39 -1.39 -1.39 -1.43 -1.43 
0.43 0.1399999 -0.36512485 0.09 -0.66 -0.515 -0.505 -0.46 -0.495 0.17848116 -0.375 -0.395 -0.32 1.12 0.3 -0.305 0.012551696 0.01554301 -0.4 0.81 0.81 -0.3 0.015 0.015 0.34 0.34000022 0.385 0.385 0.385 -0.315 -0.32048678 -0.325 -0.325 -0.32499935 0.51 0.51 0.51 0.51 0.185 0.185 0.185 0.18499998 -0.39 -0.39 -0.39 -0.39 -0.39 -1.3899874 -1.39 -1.39 -1.39 -1.4299489 -1.43 
0.43 -0.075000532 -0.365 -0.85981639 -0.66 -0.93 -0.99495584 -0.725 -0.36 -0.53499983 -0.3468527 -0.2548983 0.455 0.3 0.3 -0.099776791 0.015 0.015 -0.4 -0.4 0.80999777 -0.3 -0.765 -0.28 -0.095 -0.095091087 0.385 0.385 -0.315 -0.315 -0.325 -0.325 -0.325 -0.32405703 0.51 0.51 0.51 0.185 0.185 0.185 0.185 0.18507529 -0.38999998 -0.39 -0.39 -0.39 -0.39 -0.39890124 -1.39 -1.3899316 0.135 0.135 0.135 
-1.035 -0.14 -0.25999999 -0.665 -0.595 -0.41 -0.73 -0.72935986 -0.515 -0.37 -0.025 -0.035 -0.034999677 -0.32 -0.32 -0.28989739 -0.29 -0.185 -0.185 -0.39999971 -0.48 -0.48 -0.28 -0.095 -0.095 -0.485 -0.54 -0.54 0.14995771 -0.315 -0.325 -0.325 -0.32 -0.3199535 0.12496817 0.395 0.395 0.24996829 0.185 0.185 0.96402717 0.965 0.96500146 0.87722797 0.89985743 0.89999966 0.89999996 0.8999995 -0.53417723 0.135 0.135 0.135 0.135 
-0.84999755 -0.655 -0.35201103 0.074999999 0.45 -0.49 -0.61 -0.46 -0.35 -0.35 -0.025 -0.335 -0.62999987 -0.32 0.13499864 0.135 -0.29 0.03 -0.075 -0.075 -0.46821838 -0.455 -0.455 -0.285 -0.485 -0.485 -0.54 -0.54 0.14999738 0.14995172 0.45391974 -0.32 -0.32 0.125 0.125 -0.13057764 0.395 0.395 -0.0049861353 0.96499865 0.965 0.965 0.96500669 0.89999774 0.9 0.9 0.9 0.89999909 -0.62 0.13485038 0.135 0.135 0.135 
-0.85 -1.385 0.025 -0.335 -0.52498911 -0.3 -0.195 -0.37999999 -0.035 0.33 0.33 -0.115 -0.63 -0.63 0.12975139 0.19875299 0.205 0.47 -0.54499952 -0.075 0.46023985 0.515 -0.57 -0.17 -0.17000703 -0.715 0.535 0.53499962 0.10515769 0.10500001 0.455 0.27620075 0.37 0.125 0.12585563 -0.57 -0.57 -0.0049999978 -0.005 0.965 0.965 0.96500001 0.49552809 0.49500002 0.9 0.9 0.9 -0.61994214 -0.62 -0.62 0.135 0.135 0.135 
-1.2036999 -1.385 -0.85 -0.005 -0.33 -0.595 -0.39 0.045 -0.375 0.29086041 0.18 -0.29499999 -0.295 0.17 0.17000339 -0.6825195 -0.685 -0.685 0.31505868 0.26999992 -0.13 -0.12999999 -0.305 -0.46556785 -0.66007839 -0.715 -0.065 0.535 0.2914237 0.29 0.25 0.54 0.46193326 -0.525 0.155 -0.04 0.34 0.57 0.48503925 0.96774522 1.58 0.515 0.49494873 0.495 0.49727956 0.9 0.010000047 -0.61999999 -0.62 -0.62 -0.62 0.19040581 0.115 
-0.19 -0.19 -0.8 -0.63 0.045 -0.14 0.29 0.31 0.69 0.46002964 0.42 0.29 0.17 0.17 0.53 0.51333573 -0.685 -0.684785 0.245 0.27 0.27 0.2184666 -0.305 -0.43499754 -0.435 -0.435 -0.065 0.72 0.72 0.29 0.29 0.53970602 0.385 -0.525 0.125 -0.04 0.34 -0.59 0.485 0.86867926 0.51500005 0.3919413 0.18 0.495 0.495 0.01 0.01 0.01 -0.62 -0.62 0.58 0.58 0.57999983 
-0.19 -0.19 -0.915 -1.255 -0.73 0.075 0.23 0.46994287 0.405 0.585 0.24 0.23 0.28991994 0.53 0.53 0.52998385 0.39 0.38238972 0.245 0.915 0.915 0.975 0.975 -0.435 -0.435 -0.435 0.72 0.72 0.72 -0.725 -0.725 -0.72499817 -0.21 -0.21 -0.885 -0.205 0.58 0.0050013189 0.07 0.875 0.875 0.25499975 0.18 0.495 0.6849996 0.195 0.67711447 0.68 0.825 0.825 0.58 0.58 0.58 
-0.19 -0.50319753 -1.0600901 -0.93999143 0.22 -0.49 0.23 0.47 0.40500054 0.58300582 0.23000046 0.23 0.98 0.53 0.53 0.39 0.39 0.38999175 0.245 0.915 0.92678278 0.975 0.975 -0.43494304 -0.435 -0.10628044 0.565 0.565 0.56500002 -0.725 -0.725 0.29 0.29 -0.21000185 -0.885 0.80499976 0.51265155 0.005 0.005 0.87499998 0.255 0.255 0.2550031 0.685 0.685 0.195 0.68 0.68 0.825 0.825 0.58 0.58 0.58 
-0.075 -0.011650695 0.069951146 0.062696673 0.21999615 -0.48998324 0.22999998 0.46704574 0.40947916 0.40970028 0.98 0.98 0.98 0.98 0.53006375 0.39 0.39 0.38812782 0.245 0.91507243 1.18 1.18 1.18 1.18 -0.40683955 0.565 0.565 0.565 0.565 0.56426688 0.29 0.29 0.29 0.29 0.805 0.805 0.805 0.043754253 0.014012648 1.205 1.205 0.2550511 0.89999264 0.68502071 0.685 0.195 0.68 0.68 0.825 0.825 0.58088883 0.58 0.68639795 
-0.075 0.07 0.07 0.07 0.07 0.069999769 0.22815702 0.34355062 0.42142918 0.97938528 0.98 0.98 0.98 0.98 0.98000013 0.39 0.38999998 0.38005399 0.24500505 1.18 1.18 1.18 1.18 1.18 1.1700539 0.62089256 0.63499999 0.635 0.635 0.635 0.29000001 0.29 0.29000056 0.755 0.755 0.805 0.96541163 0.97 1.2049999 1.205 1.205 1.205 0.9 0.9 0.9 0.89509384 0.79415104 0.795 0.795 0.795 0.795 1.0999999 1.1 
0.415 0.07 0.07 0.07 0.07 0.07 0.070000007 0.46448304 1.1609779 1.165 1.165 1.165 1.165 1.165 1.165 1.0179457 0.39990555 0.37014485 1.1798825 1.18 1.18 1.18 1.18 1.1799996 0.72 0.72 0.71999988 0.635 0.635 0.63559072 0.93 0.93 0.755 0.755 0.755 0.93555946 0.97 0.97 0.97 1.205 1.205 1.205 0.9 0.9 0.9 0.9 0.795 0.795 0.795 0.795 0.795 1.1 1.1 
0.415 0.28656042 0.07 0.07 0.07 0.07 0.90983514 0.91 0.91000001 1.165 1.165 1.165 1.165 1.165 1.131909 1.015 1.015 1.015 0.84103553 0.84000035 0.84 0.84 0.84 0.84 0.72 0.72 0.72 0.72 0.635 0.93 0.93 0.93 0.75500002 0.755 0.755 1.245 0.97036411 0.97 0.97 1.204919 1.0434478 0.66661394 0.9 0.9 0.58098754 0.58 0.58 0.79504814 0.82489516 0.825 0.82499999 1.4349491 1.1000007 
0.415 0.58530035 0.33314394 0.07 0.07 0.90950369 0.91 0.91 0.91 0.9118376 1.165 1.165 1.165 1.165 1.015 1.015 1.015 1.015 0.84015632 0.84 0.84 0.84 0.84 0.84 0.72 0.72 0.72 0.72 0.72076384 0.93 0.93 0.93 1.3 0.755063 1.245 1.245 1.245 1.2439902 0.68432383 0.665 0.665 0.665 0.55 0.55 0.58 0.58 0.58 0.825 0.825 0.825 0.825 1.435 1.435 
0.59018092 0.59 0.59 0.59 0.615 0.90999239 0.91 0.91 0.91 0.91 1.1468299 1.1649969 1.165 1.015 1.015 1.015 1.015 1.015 0.91321673 0.84 0.84 0.84 0.84 0.84 0.85468849 0.96999865 0.97 0.97 0.97 0.93000002 1.3 1.3 1.3 1.3 1.245 1.2449976 1.155 1.155 0.67111838 0.665 0.665 0.665 0.55 0.55 0.57535497 0.58 0.58 0.825 0.825 0.825 0.83154079 1.435 1.435 
0.59 0.59 0.59 0.60177287 0.615 0.615 0.91 0.91 0.91 0.91 0.925 0.925 0.925 1.015 1.015 1.015 1.015 1.0148537 -0.38 -0.38 0.8399995 0.84 0.82539253 0.24 0.24657187 0.97 0.97 0.97 0.97 1.2999664 1.3 1.3 1.3 1.3 1.1550003 1.155 1.155 1.155 1.1532706 0.665 0.665 0.665 0.55 0.55 0.55 0.58 0.58 0.82500001 0.825 0.825 1.435 1.435 1.435 
0.59 0.59 0.59 0.615 0.615 0.615 0.61500045 0.91 0.91 0.92498452 0.925 0.925 0.925 0.92505606 0.29866117 0.13 0.13 0.13 -0.38 -0.38 -0.38 0.24 0.24 0.24 0.24008684 0.74969979 0.97 0.97 0.97 0.84913448 0.7550536 0.755 0.755 0.755 1.1108741 1.0500002 1.05 1.05 1.05 1.2449206 1.245 1.245 0.55 0.55 1.1449975 1.1450001 1.42 1.42 1.505 1.505 1.505 1.435 1.8096647 
0.59000174 0.59 0.59 0.615 0.615 0.615 0.61500001 1.2949999 0.91153938 0.92485038 0.925 0.925 0.925 0.92343999 0.13 0.13 0.13 0.12999985 -0.38 -0.38 -0.38 0.24 0.24 0.24 0.55 0.55 0.355 0.355 0.355 0.35718213 0.755 0.755 0.755 0.755 0.90241892 1.05 1.05 1.05 1.05 1.245 1.245 1.245 1.2418536 1.145 1.145 1.145 1.42 1.42 1.505 1.505 1.505 1.81 1.81 
1.15 0.88894275 0.985 0.98489266 0.615 1.2910655 1.295 1.295 1.2039053 0.76000001 0.76 0.76 0.76 0.27501579 0.275 0.13000011 0.13 0.11656225 -0.38 -0.38 -0.38 -0.08 -0.08 -0.08 0.55 0.55 0.355 0.355 0.355 0.35500007 0.44500197 0.44500087 0.74720862 0.75466766 0.5052879 0.505 0.505 0.505 0.505 1.245 1.245 1.245 1.1505056 1.145 1.145 1.145 1.42 1.42 1.4200031 1.505 1.5050114 1.76 1.81 
0.79006837 0.79000003 0.985 0.985 0.985 1.295 1.295 1.295 1.045 1.045 0.76 0.76 0.76 0.275 0.275 0.275 0.275 0.27492676 -0.38 -0.38 -0.37999999 -0.08 -0.08 -0.08 0.55 0.55 0.355 0.355 0.355 0.44398524 0.445 0.445 0.445 0.445 0.50497039 0.505 0.505 0.505 0.505 0.24500026 0.245 0.245 0.245 1.1449995 1.08 1.08 1.08 1.625 1.625 1.625 1.76 1.76 1.76 
0.79 0.79 0.985 0.985 0.985 1.2933706 1.295 1.045 1.045 1.045 0.76003508 0.76 0.6742019 0.27500009 0.275 0.275 0.275 0.255 0.255 0.255 -0.36999999 -0.36999978 -0.080001413 -0.08 -0.080255891 -0.81 -0.81 -0.80999722 0.35481173 -0.17487644 -0.1749967 -0.17489176 0.44394036 0.44446495 0.49390991 0.50499967 0.5021347 -0.35 -0.35 0.245 0.245 0.245 0.245 1.08 1.08 1.08 1.08 1.625 1.625 1.625 1.76 1.76 1.76 
0.79 0.79 0.985 0.985 0.985 0.985 1.2014323 1.045 1.045 1.045 1.0447846 0.655 0.655 0.655 0.27723943 0.275 0.25513328 0.255 0.255 0.255 -0.37 -0.37 -0.37 -0.37 -0.81 -0.81 -0.81 -0.81 -0.81 -0.175 -0.175 -0.175 -0.175 -0.17500037 -0.35 -0.35 -0.35 -0.35 -0.35 -0.34999837 0.07 0.07 0.07 0.41981971 1.145 1.145 1.145 1.625 1.625 1.59 1.59 1.6250328 1.625 
0.79 0.79 0.91461869 0.985 0.985 0.985 0.90025731 1.044543 1.045 1.045 0.65500009 0.655 0.655 0.655 0.655 0.62379312 0.255 0.255 0.255 0.255 -0.36999517 -0.37 -0.37 -0.37 -0.81 -0.81 -0.81 -0.81 -0.81 -0.50383561 -0.175 -0.175 -0.175 -0.35 -0.35 -0.35 -0.35 -0.35 -0.048913494 0.18499995 0.07 0.07 0.07 0.41673225 1.145 1.145 1.145 1.565 1.5896885 1.59 1.59 1.625 1.625 
1 1 1 0.98876091 0.98474478 0.9 0.9 0.9 0.9 1.06 1.06 0.65500003 0.655 0.655 0.655 0.65497468 0.255 0.255 0.255 0.255 -0.097270274 -0.37 -0.37 -0.34592322 0.48944073 -0.81 -0.81 -0.81 -0.62 -0.62 -0.62 -0.61999813 -0.35 -0.35 -0.35 -0.35 0.185 0.185 0.185 0.185 0.915 0.915 0.915 1.5299876 1.53 1.53 1.5299999 1.565 1.565 1.5899695 1.59 1.6249962 1.625 
1 1 1 0.99998977 0.81 0.82308748 0.9 0.9 0.9 1.06 1.06 1.06 1.545 1.545 1.545 1.545 0.25639219 0.255 0.255 0.255 0.245573 0.54999747 0.55 0.55 0.55 0.54999998 0.12999999 0.13 -0.62 -0.62 -0.62 -0.62 -0.34999976 -0.35 -0.35 -0.34997271 0.18500001 0.185 0.185 0.18703988 0.915 0.915 0.915 1.5299715 1.53 1.53 1.53 1.565 1.565 1.5649999 0.865 0.865 0.955 
1 1 1 0.81000044 0.81 0.81 0.89999997 0.9 0.9 1.06 1.06 1.06 1.545 1.545 1.545 1.5046354 1.015 1.015 1.014998 0.25929268 0.55 0.55 0.55 0.55 0.55 0.54968393 0.13 0.13 0.13 -0.62 -0.62 -0.61949473 -0.015 -0.015 -0.015 0.515 0.515 0.65 0.65 0.65 0.695 0.91493099 0.91500194 1.175 1.175 1.1884541 1.5299991 1.565 1.565 0.865 0.865 0.865 0.955 
1 1 1 0.81 0.81 0.81 0.81 0.9 0.9 1.06 1.06 1.525607 1.545 1.545 1.545 1.015 1.015 1.015 1.015 1.015 0.55 0.55 0.55 0.55 0.55 0.13000143 0.13 0.13 0.13 0.165 0.165 0.165 -0.015 -0.015 -0.015 0.515 0.515 0.65 0.65 0.695 0.695 0.695 1.175 1.175 1.175 1.175 1.1495343 0.865 0.865 0.865 0.865 0.78 0.78 
1 1 0.99973542 0.81 0.81 0.81 0.81 1.0384828 1.05 1.0500172 1.06 1.5449874 1.545 1.545 1.5449982 1.015 1.015 1.015 1.015 1.015 1.2596812 0.55 0.55 0.55 0.5500896 0.13004811 0.13 0.13 0.13 0.165 0.165 0.165 0.16497893 -0.015 0.515 0.515 0.515 0.51500561 0.65000307 0.695 0.695 0.695 1.1749709 1.175 1.175 1.175 0.86499727 0.865 0.865 0.865 0.78 0.78 0.78 
0.88 0.88000021 0.8101024 0.81 0.81 0.81 1.0499489 1.05 1.05 1.05 1.395 1.395 1.395 1.395 1.0167539 1.015 1.015 1.015 1.015 1.2899998 1.29 1.29 0.98499993 0.985 0.985 0.985 0.9112025 0.13 0.76497399 0.765 0.765 0.765 0.765 0.59 0.59 0.59 0.59 0.59 0.755 0.755 0.755 0.755 0.755 0.59088185 0.59 0.59 0.59 0.865 0.865 0.865 0.78001339 0.78 0.78 
0.88 0.88 0.88435367 1.3999988 1.3999999 1.3996584 1.05 1.05 1.05 1.05 1.395 1.395 1.395 1.395 1.395 1.015 1.015 1.015 1.2899999 1.29 1.29 1.29 0.985 0.985 0.985 0.985 0.985 0.98481887 0.76504248 0.765 0.765 0.765 0.76501706 0.4851232 0.5898914 0.59 0.59 0.59 0.755 0.755 0.755 0.755 0.755 0.59 0.59 0.59 0.59 0.71859537 0.865 1.2852583 1.29 1.31 1.31 
0.88 0.88 1.3999341 1.4 1.4 1.4 1.3111015 1.05 1.05 1.05 1.395 1.395 1.395 1.395 1.395 1.0152896 1.015 1.2899194 1.29 1.29 1.29 1.29 1.0979892 0.985 0.985 0.985 0.985 0.98492187 0.875 0.875 0.875 0.875 0.875 0.405 0.405 0.405 0.405 0.405 0.445 0.445 0.445 0.445 0.445 0.59092783 0.59000019 0.59 0.59006441 0.59785139 1.29 1.29 1.29 1.3099999 1.31 
0.88000078 1.2967142 1.4 1.4 1.4 1.4 1.4 1.050149 1.05 1.05 1.395 1.395 1.395 1.395 1.0967745 1.09 1.09 1.2899949 1.29 1.29 1.29 1.29 1.2899999 0.985 0.985 0.985 0.985 0.28000058 0.28000028 0.40663046 0.875 0.875 0.875 0.405 0.405 0.405 0.405 0.40491534 0.445 0.445 0.445 0.445 0.44503141 0.97 0.97 0.97 0.97 0.97002581 1.29 1.29 1.29 1.29 1.3297055 
1.305 1.305 1.3440384 1.4 1.4 1.4 1.4 1.4 1.0501497 1.24 1.24 1.24 1.2403678 1.0900004 1.09 1.09 1.09 1.09 1.2899944 1.2417909 0.82 0.82 0.82 0.85640176 0.88175308 0.32929836 -0.13653067 0.28 0.28 0.28 0.28 0.28 0.29579428 0.27455665 0.28 0.28 0.28 0.28 0.52201977 0.85499926 0.855 0.855 0.855 1.1149996 0.97000004 0.97 0.97 1.325 1.2900006 1.29 1.29 1.33 1.33 
1.305 1.305 1.45 1.45 1.45 1.4000167 1.4 1.4 1.24 1.24 1.24 1.24 1.24 1.09 1.09 1.09 1.09 1.09 0.82 0.82 0.82 0.82 0.82 -0.30499994 -0.305 -0.305 -0.305 0.28 0.28 0.28 0.28 0.28 -0.205 -0.205 0.28 0.28 0.28 0.37498382 0.375 0.855 0.855 0.855 0.85499998 1.115 1.115 1.115 1.325 1.325 1.325 1.365 1.365 1.33 1.33 
1.305 1.305 1.45 1.45 1.45 1.45 1.4499985 1.175 1.2399388 1.24 1.24 1.24 1.24 1.0918711 1.09 1.09 1.09 1.09 0.82000001 0.82 0.82 0.82 0.82 -0.305 -0.305 -0.305 -0.305 -0.30499767 0.28 0.28 0.28 -0.20497457 -0.205 -0.205 -0.205 0.28 0.375 0.375 0.375 0.3876297 0.76648411 0.75 0.75 1.115 1.115 1.115 1.325 1.325 1.325 1.365 1.365 1.365 1.3481143 
1.07 1.0700018 1.45 1.45 1.45 1.45 1.175 1.175 1.175 1.24 1.24 1.24 1.24 1.2399534 1.09 1.09 1.09 1.09 0.82000434 0.82 0.82 0.81999998 -0.10683519 -0.305 -0.305 -0.305 -0.305 -0.75499963 -0.755 -0.75499999 0.26887355 -0.205 -0.205 -0.205 -0.20500023 -0.45 0.375 0.375 0.375 0.375 0.75 0.75 0.75 0.985 0.985 0.985 0.99503214 1.325 1.325 1.365 1.365 1.365 1.3499999 
1.07 1.07 1.45 1.45 1.45 1.175 1.175 1.175 1.175 1.2328668 1.24 1.24 1.24 1.2399965 0.28509264 0.285 0.285 0.285 -0.066743442 -0.265 -0.265 -0.265 -0.265 -0.305 -0.305 -0.305 -0.30502968 -0.755 -0.755 -0.755 -0.755 -0.20509105 -0.34280541 -0.45 -0.45 -0.45 0.37484791 0.33500083 0.335 0.335 0.7497611 0.44500001 0.445 0.985 0.985 0.98500004 0.995 0.995 1.03 1.03 1.03 1.28 1.33 
1.07 1.07 0.88 0.88 0.88 1.175 1.175 1.175 1.175 0.97 0.97 0.97 0.97 0.92172645 0.285 0.285 0.285 0.285 -0.06 -0.265 -0.265 -0.265 -0.265 -1.195 -1.1949996 -0.30500131 -0.755 -0.755 -0.755 -0.755 -0.81828441 -0.88 -0.5011641 -0.45 -0.45 -0.45 0.335 0.335 0.335 0.335 0.445 0.445 0.445 0.75990067 0.76 0.99394369 0.995 0.995 1.0300001 1.03 1.28 1.28 1.33 
1.07 0.88 0.88 0.88 0.88 0.88 1.1734862 0.98 0.98 0.97 0.97 0.97 0.97 0.96983777 0.285 0.285 0.285 0.26941181 -0.06 -0.06 -0.265 -0.265 -1.195 -1.195 -1.195 -1.195 -0.755 -0.755 -0.755 -0.755 -0.88 -0.88 -0.88 -0.45043512 -0.45 -0.45 0.335 0.335 0.335 0.335 0.445 0.445 0.445 0.76 0.76 0.75999518 0.675 0.675 1.05 1.05 1.28 1.28 1.33 
0.88178434 0.88 0.88 0.88 0.88 0.88 0.98 0.98 0.98 0.97464758 0.97 0.97 0.97 0.96999479 0.285 0.285 0.285 -0.06 -0.06 -0.06 -0.26498976 -0.26500568 -1.195 -1.195 -1.195 -1.195 -0.75503128 -0.755 -0.755 -0.87997125 -0.88 -0.88 -0.88 -0.88 -0.45081835 -0.3 -0.3 -0.28901022 0.335 0.335 0.4449999 0.445 0.75084131 0.76 0.76 0.67500003 0.675 0.675 1.05 1.05 1.015 1.015 0.84 
0.88 0.88 0.88 0.88 0.88 0.88 0.98 0.98 0.98 0.98 0.86500302 0.865 0.865 0.865 0.28499881 -0.12204129 -0.35 -0.35 -0.060534613 -0.06 -0.06000004 -1.1949986 -1.195 -1.195 -1.195 -1.195 -1.1946801 -0.755 -0.75500427 -0.88 -0.88 -0.88 -0.88 -0.88 -0.3 -0.3 -0.3 -0.3 -0.3 -0.29999659 0.185 0.185 0.18500004 0.295 0.295 0.295 0.875 0.875 0.855 0.855 1.015 1.0149996 0.84 
0.88 0.88 0.88 0.88 0.88 0.88 0.98 0.98 0.98 0.865 0.865 0.865 0.865 0.865 0.54472891 -0.35 -0.35 -0.35 -0.35 -0.35 -0.33615345 -1.195 -1.195 -1.195 -1.195 -1.1764734 -0.60592452 -0.73457686 -0.87938357 -0.88 -0.88 -0.88 -0.88 -0.87999873 -0.3 -0.3 -0.3 -0.3 -0.3 -0.074379127 0.185 0.185 0.185 0.295 0.295 0.295 0.875 0.875 0.855 0.855 0.12500001 0.80055766 0.84 
0.88 0.88 0.88 0.88 0.88 0.88000003 0.97999998 0.98 0.97522686 0.865 0.865 0.865 0.865 0.865 0.80672112 -0.35 -0.35 -0.35 -0.35 -0.35 -0.35 -0.69440055 -0.60500083 -0.605 -0.605 -0.605 -0.605 -0.605 -0.71858933 -0.72000189 -0.72 -0.72 -0.72 -0.7199997 -0.3 -0.3 -0.3 -0.3 -0.3 0.18499994 0.185 0.185 0.185 0.18500005 0.29523247 0.44 0.87499995 0.18710993 0.85440418 0.125 0.125 0.12208987 -0.015 
0.88 0.88 0.88 0.88 0.88 0.88000639 0.97999461 0.97999304 0.86500014 0.865 0.865 0.865 0.865 0.865 0.84188113 -0.35 -0.35 -0.35 -0.35 -0.35 -0.35 -0.605 -0.605 -0.605 -0.605 -0.605 -0.605 -0.605 -0.71996825 -0.72 -0.72 -0.72 -0.72 -0.72 -0.60492004 -0.3 -0.3 -0.3 -0.3 0.185 0.185 0.185 0.185 0.18506532 0.44 0.44 0.43833911 0.175 0.175 0.125 0.125 -0.015 -0.015 
0.88 0.88 0.88 0.88 0.88 0.88013336 0.97987806 0.877977 0.865 0.865 0.865 0.865 0.865 0.865 0.84372934 -0.35 -0.35 -0.35 -0.35 -0.35 -0.38630737 -0.605 -0.605 -0.605 -0.605 -0.605 -0.605 -0.605 -0.71999954 -0.72 -0.72 -0.72 -0.72 -0.72 -0.72 -0.25003706 -0.1723394 -0.12986189 -0.12338516 0.19174926 0.185 0.185 0.185 0.43997964 0.44 0.43641848 -0.1599984 0.175 0.175 -0.20503489 -0.205 -0.205 -0.015000083 
0.88 0.88 0.88 0.88 0.8800001 0.88083391 0.96935684 0.86503162 0.865 0.865 0.865 0.865 0.865 0.865 0.83662788 -0.35 -0.35 -0.35 -0.35 -0.35 -0.6049989 -0.605 -0.605 -0.605 -0.605 -0.605 -0.605 -0.605 -0.71999997 -0.72 -0.72 -0.72 -0.72 -0.72 -0.71999988 -0.12 -0.12 -0.12 -0.12 0.29 0.29 0.29 0.29 -0.15999826 -0.16 -0.16 -0.16 -0.16000214 -0.365 -0.365 -0.205 -0.205 -0.1383394 
0.88 0.88 0.88 0.88000001 0.88000279 0.88266263 0.87271724 0.8650015 0.865 0.865 0.865 0.865 0.865 0.865 0.8237554 -0.3499995 -0.35 -0.35 -0.35 -0.35153473 -0.605 -0.605 -0.605 -0.605 -0.605 -0.605 -0.605 -0.605 -0.71999997 -0.72 -0.72 -0.72 -0.72 -0.72 -0.12000055 -0.12 -0.12 -0.12 -0.12 0.29 0.29 0.29 0.29 0.16854693 -0.16 -0.16 -0.16 -0.36499771 -0.365 -0.365 -0.11 -0.11 -0.11 
0.88 0.88 0.88 0.88000023 0.88002709 0.88477824 0.86540742 0.86500038 0.865 0.865 0.865 0.865 0.865 0.86499992 0.80631815 -0.34997143 -0.35 -0.35 -0.35000029 -0.5998333 -0.605 -0.605 -0.605 -0.605 -0.605 -0.605 -0.605 -0.605 -0.71999989 -0.72 -0.72 -0.72 -0.72 -0.52966891 -0.1200001 -0.12 -0.12 -0.12 -0.12 0.29 0.29 0.29 0.29 0.29 -0.16 -0.16 -0.16 -0.365 -0.365 -0.365 -0.11 -0.11 -0.11 
0.88 0.88000001 0.88000009 0.88000266 0.88013277 0.87642473 0.86506872 0.86500023 0.865 0.865 0.865 0.865 0.865 0.86499772 0.78558668 -0.34955627 -0.34999997 -0.35000001 -0.35132026 -0.60497832 -0.605 -0.605 -0.605 -0.605 -0.605 -0.605 -0.605 -0.60500007 -0.71999928 -0.72 -0.71999982 -0.48285717 -0.46 -0.46 -0.46 -0.12 -0.12 -0.12 -0.12 0.29 0.29 0.29 0.29 0.29 -0.15999202 -0.16 -0.1600001 -0.36499999 -0.365 -0.36499986 -0.11 -0.11 -0.11 
