interpolatedSpi/02-09|19_1.tif
NCOLS 53
NROWS 52
XLLCORNER -116.03883
YLLCORNER 28.596182
DX 0.49850594
DY 0.49788537
NODATA_VALUE -9999
[rows 0 to 26 of 52, columns 0 to 52 of 53]
0.19555556 0.19555556 0.002511869 -0.16333333 -0.26333333 -0.37333333 -0.21222222 -0.40777778 -0.59168019 -0.57777778 -0.42555556 -0.36888889 -0.50665285 -0.33888889 -0.31111111 -0.31111111 -0.31111111 0.095555556 0.076666667 0.076666667 0.076666667 0.076661637 -0.44555555 0.024444444 0.024444444 0.024444444 -0.41444262 -0.41444444 -0.41444444 -0.49666667 -0.49666667 -0.49666667 -0.49666667 -0.73222218 -0.73222222 -0.73222222 -0.73222222 -0.73222222 -0.73222222 -0.7322222 -0.096843323 -0.09007868 -0.39888889 -0.39888889 -0.39888889 -0.39888889 -0.39966926 -0.87666667 -0.87666667 -0.87666667 -0.23000134 -0.23 -0.23
0.19554835 0.033333333 0.0088891709 0.019937509 -0.060116324 0.066666667 0.28444444 -0.24109623 -0.63 -0.60444444 -0.38555556 -0.50666667 -0.50666667 0.078603228 -0.33888358 -0.31111111 0.095555556 0.095555556 0.076691295 0.076666667 0.076666667 0.076666667 0.0057290339 0.024444444 0.024444444 0.024444444 0.075555552 0.075555555 -0.49666667 -0.49666667 -0.49666667 -0.49666667 -0.49666667 -0.73222219 -0.73222222 -0.73222222 -0.73222222 -0.73222222 -0.73222216 -0.58088719 0.16440694 -0.3305329 -0.39888889 -0.39888889 -0.39888889 -0.39888889 -0.39888889 -0.87666667 -0.87666667 -0.87666667 -0.82304445 -0.23 -0.23
-0.041103977 -0.041111111 0.25333333 0.27222222 -0.16111111 -0.22111111 -0.0088888889 0.032222222 -0.37111111 -0.36555556 -0.15666667 -0.43444444 -0.094444444 -0.13555556 0.08 -0.50666667 0.095555556 0.095555556 0.095555556 0.007797804 0.0077777778 0.0077777778 -0.33111111 0.024444444 0.024444444 0.024444444 0.075555556 0.075555556 0.075555556 -0.49666667 -0.49666667 -0.49666667 -0.51645756 -0.73024354 -0.72379343 0.1650353 0.17333333 0.17333333 0.17221535 0.16444444 0.16444444 0.16372408 -0.39888889 -0.39888889 -0.39888889 -0.39888889 -0.39888889 -0.87666667 -0.87666667 -0.87666667 -0.87666667 -0.23 -0.23
0.16888889 -0.041111195 -0.4589117 0.19444444 -0.27666667 -0.075555556 -0.12888889 -0.40444444 -0.29888889 -0.11030161 -0.40777778 -0.51222222 -0.32 -0.13555556 -0.19555556 -0.50666667 -0.27842639 -0.27640587 -0.50666667 0.0077777778 0.0077777778 -0.32222222 -0.33111111 -0.33111111 0.024444444 0.0244447 0.075555556 0.075555556 0.075555556 -0.52666667 -0.53276309 -0.53777778 -0.53777778 -0.53777722 0.17333333 0.17333333 0.17333333 0.17333333 0.16444444 0.16444444 0.16444444 0.16444442 -0.39888889 -0.39888889 -0.39888889 -0.39888889 -0.39888889 -0.87666064 -0.87666667 -0.87666667 -0.87666667 -0.2299992 -0.23
0.16888889 -0.0077786051 -0.45888889 -0.53285776 -0.27666667 -0.35666667 -0.45998502 -0.40444444 -0.34555556 -0.42000006 -0.38863 -0.3722149 -0.32111111 -0.19555556 -0.19555556 -0.40010584 -0.27666667 -0.27666667 -0.50666667 -0.50666667 0.0077771013 -0.32222222 -0.41333333 -0.31777778 -0.16111111 -0.16107753 0.075555556 0.075555556 -0.52666667 -0.52666667 -0.53777778 -0.53777778 -0.53777778 -0.52038716 0.17333333 0.17333333 0.17333333 0.16444444 0.16444444 0.16444444 0.16444444 0.16443629 -0.39888888 -0.39888889 -0.39888889 -0.39888889 -0.39888889 -0.4031417 -0.87666667 -0.87663657 -0.20555556 -0.20555556 -0.20555556
-1.1022222 0.012222222 0.068888907 -0.39666667 -0.054444444 -0.10444444 -0.41111111 -0.41025759 -0.54777778 -0.42333333 -0.65666667 -0.53888889 -0.53888875 -0.89444444 -0.89444444 -0.28993106 -0.29 -0.19555556 -0.19555556 -0.50666634 -0.49333333 -0.49333333 -0.31777778 -0.16111111 -0.16111111 -0.017777778 -0.59333333 -0.59333333 -0.31335276 -0.52666667 -0.53777778 -0.53777778 -0.44555556 -0.44556566 -0.54221527 -0.46888889 -0.46888889 -0.03149168 0.16444444 0.16444444 0.08010532 0.080000001 0.080000968 0.2516433 0.26326014 0.26333316 0.26333331 0.26333308 0.093282791 -0.20555556 -0.20555556 -0.20555556 -0.20555556
-0.23889507 0.011111111 0.094978845 0.041111111 0.24555556 -0.42222222 -0.44444444 -0.46888889 -0.65777778 -0.65777778 -0.65666667 -0.56444444 -0.63333325 -0.89444444 -0.0044471108 -0.0044444444 -0.29 -0.13 -0.13333333 -0.13333333 -0.42316723 -0.34444444 -0.34444444 0.057777775 -0.017777778 -0.017777778 -0.59333333 -0.59333333 -0.31333592 -0.31338102 -0.17279483 -0.44555556 -0.44555556 -0.54222222 -0.54222222 -0.33454435 -0.46888889 -0.46888889 -0.4077799 0.079999321 0.08 0.08 0.080005828 0.26333413 0.26333333 0.26333333 0.26333333 0.26333328 0.17777778 -0.20547959 -0.20555556 -0.20555556 -0.20555556
-0.23888889 -0.52222222 0.32666667 -0.47888889 -0.19779389 -0.54555556 -0.64 -0.50666666 -0.66222222 -0.45444444 -0.45444444 -0.31333333 -0.63333333 -0.63333333 -0.0087592053 -0.10867552 -0.11888889 -0.051111111 -0.39444418 -0.13333333 0.0043314237 0.035555556 -0.19777778 -0.14666667 -0.14666747 -0.20888889 -0.017777778 -0.017777981 -0.35762204 -0.35777777 -0.17222222 -0.1177781 -0.34444444 -0.54222222 -0.52840529 -0.22222222 -0.22222222 -0.40777778 -0.40777778 0.08 0.08 0.080000009 0.40608225 0.40666666 0.26333333 0.26333333 0.26333333 0.17778103 0.17777778 0.17777778 -0.20555556 -0.20555556 -0.20555556
-0.47535898 -0.52222221 0.12666667 0.29888889 -0.04 -0.44777778 -0.31444444 -0.094444444 -0.47666667 -0.20908205 -0.32333333 -0.35111111 -0.35111111 -0.14444444 -0.14444176 -0.54547441 -0.54666667 -0.54666667 -0.10352147 -0.023333398 -0.33222222 -0.33222222 -0.018888889 -0.12728061 -0.20261853 -0.20888889 -0.11111111 -0.017777778 -0.12824322 -0.12888889 -0.054444444 0.15222222 0.084507057 -0.13888889 -0.057777778 -0.17666667 -0.12222222 -0.37333333 0.046472727 0.08178055 0.47888889 0.35666667 0.40663954 0.40666667 0.40585991 0.26333333 0.19111111 0.17777778 0.17777778 0.17777778 0.17777778 -0.14786711 0.19888889
-0.21333333 -0.21333333 -0.12666667 0.068888889 -0.20444444 -0.63 -0.28 -0.22222222 -0.021111111 -0.14110864 -0.11 -0.22555556 -0.14444444 -0.14444444 0.14111111 0.13167793 -0.54666667 -0.5465308 0.027777778 -0.023333333 -0.023333333 -0.06312857 -0.018888889 -0.28110615 -0.28111111 -0.28111111 -0.11111111 0.32888889 0.32888889 -0.12888889 -0.12888889 0.15196723 0.017777778 -0.13888889 -0.08 -0.17666667 -0.12222222 -0.51111111 0.046666667 0.55168042 0.35666667 0.3138104 0.24 0.40666667 0.40666667 0.19111111 0.19111111 0.19111111 0.17777778 0.17777778 0.25777778 0.25777778 0.25777776
-0.21333333 -0.21333333 -0.24 -0.66444444 -0.41333333 -0.18333333 -0.38666666 -0.28680631 -0.38111111 -0.34555556 0.0033333333 -0.29222222 -0.22564419 0.14111111 0.14111111 0.14112393 0.25222222 0.24044232 0.027777778 0.26333333 0.26333333 0.51777778 0.51777778 -0.28111111 -0.28111111 -0.28111111 0.32888889 0.32888889 0.32888889 -0.10444444 -0.10444444 -0.10444424 -0.011111111 -0.011111111 -0.36666667 -0.048888889 0.13444444 -0.26666575 0.072222222 0.56 0.56 0.1800002 0.24 0.40666667 0.3733333 0.32111111 0.35484733 0.35555556 0.66444444 0.66444444 0.25777778 0.25777778 0.25777778
-0.21333333 -0.22498035 -0.42112558 -0.56888081 -0.058888889 -0.16111111 -0.38666667 -0.28666667 -0.38111032 -0.34594947 -0.29222229 -0.29222222 0.34777778 0.14111111 0.14111111 0.25222222 0.25222222 0.25220945 0.027777778 0.26333333 0.31330105 0.51777778 0.51777778 -0.28107882 -0.28111111 -0.10214157 0.26333333 0.26333333 0.26333334 -0.10444444 -0.10444444 0.15111111 0.15111111 -0.011112086 -0.36666667 0.34444418 0.087407472 -0.26666667 -0.26666667 0.55999999 0.18 0.18 0.18000141 0.37333333 0.37333333 0.32111111 0.35555556 0.35555556 0.66444444 0.66444444 0.25777778 0.25777778 0.25777778
-0.26333333 -0.040708782 -0.017801338 -0.021763976 -0.05888954 -0.1611087 -0.38666666 -0.28789761 -0.37460292 -0.38018266 0.34777778 0.34777778 0.34777778 0.34777778 0.14114039 0.25222222 0.25222222 0.24932429 0.027777778 0.26344532 0.65555556 0.65555556 0.65555556 0.65555556 -0.26480869 0.26333333 0.26333333 0.26333333 0.26333333 0.26314185 0.15111111 0.15111111 0.15111111 0.15111111 0.34444444 0.34444444 0.34444444 -0.23707512 -0.26007408 0.61111111 0.61111111 0.18002319 0.38999943 0.37333494 0.37333333 0.32111111 0.35555556 0.35555556 0.66444444 0.66444444 0.25925312 0.25777778 0.019825111
-0.26333333 -0.017777778 -0.017777778 -0.017777778 -0.017777778 -0.017777837 -0.38608926 -0.33936264 -0.35723968 0.34699373 0.34777778 0.34777778 0.34777778 0.34777778 0.34777793 0.25222222 0.25222219 0.23682687 0.027782938 0.65555556 0.65555556 0.65555556 0.65555556 0.65555556 0.65423298 0.34386518 0.34666665 0.34666667 0.34666667 0.34666667 0.15111112 0.15111111 0.15111165 0.60111111 0.60111111 0.34444444 0.73224092 0.74333333 0.61111119 0.61111111 0.61111111 0.61111111 0.39 0.39 0.39 0.3895206 0.21645929 0.21555556 0.21555556 0.21555556 0.21555556 0.62555548 0.62555556
0.26111111 -0.017777778 -0.017777778 -0.017777778 -0.017777778 -0.017777778 -0.0177778 -0.19618471 0.56056024 0.56555556 0.56555556 0.56555556 0.56555556 0.56555556 0.56555555 0.64498546 0.2584619 0.2214884 0.6554767 0.65555556 0.65555556 0.65555556 0.65555556 0.65555581 0.59444444 0.59444444 0.5944441 0.34666667 0.34666667 0.34737197 0.69888889 0.69888889 0.60111111 0.60111111 0.60111111 0.72055092 0.74333333 0.74333333 0.74333333 0.61111111 0.61111111 0.61111111 0.39 0.39 0.39 0.39 0.21555556 0.21555556 0.21555556 0.21555556 0.21555556 0.62555556 0.62555556
0.26111111 0.15728395 -0.017777778 -0.017777778 -0.017777778 -0.017777778 0.22106423 0.22111111 0.22111112 0.56555556 0.56555556 0.56555556 0.56555556 0.56555556 0.58344923 0.64666667 0.64666667 0.64666667 0.86934669 0.86999978 0.87 0.87 0.87 0.87 0.59444444 0.59444444 0.59444444 0.59444444 0.34666667 0.69888889 0.69888889 0.69888889 0.60111112 0.60111111 0.60111111 0.82333333 0.74343926 0.74333333 0.74333333 0.61112448 0.63770406 0.69973433 0.39 0.39 0.50962967 0.51 0.51 0.21592547 0.43921567 0.43999998 0.43999996 0.69110113 0.62555569
0.26111111 0.12919632 0.054755487 -0.017777778 -0.017777778 0.22096996 0.22111111 0.22111111 0.22111111 0.22359328 0.56555556 0.56555556 0.56555556 0.56555557 0.64666667 0.64666667 0.64666667 0.64666667 0.8698005 0.87 0.87 0.87 0.87 0.87 0.59444445 0.59444444 0.59444444 0.59444444 0.59482435 0.69888889 0.69888889 0.69888889 1.0288889 0.60114404 0.82333333 0.82333333 0.82333333 0.82476863 0.70275134 0.7 0.7 0.7 0.65333333 0.65333333 0.51 0.51 0.51 0.44 0.44 0.44 0.44 0.69111111 0.69111111
0.12573529 0.12555556 0.12555556 0.12555556 0.12222222 0.22110856 0.22111111 0.22111111 0.22111111 0.22111111 0.55218031 0.56555325 0.56555555 0.64666667 0.64666667 0.64666667 0.64666667 0.64666667 0.64797184 0.87 0.87 0.87 0.87 0.87 0.82989395 0.97555349 0.97555556 0.97555556 0.97555556 0.69888891 1.0288889 1.0288889 1.0288889 1.0288889 0.82333333 0.82333679 0.95444444 0.95444444 0.70317712 0.7 0.7 0.7 0.65333333 0.65333333 0.53219294 0.51 0.51 0.44 0.44 0.44 0.44269256 0.69111111 0.69111111
0.12555556 0.12555556 0.12555556 0.12398584 0.12222222 0.12222222 0.22111111 0.22111111 0.22111111 0.22111111 0.38888889 0.38888889 0.38888889 0.64666667 0.64666667 0.64666667 0.64666667 0.64662884 0.39 0.39 0.86999981 0.87 0.86632108 0.71888889 0.72119955 0.97555556 0.97555556 0.97555556 0.97555556 1.0288835 1.0288889 1.0288889 1.0288889 1.0288889 0.95444398 0.95444444 0.95444444 0.95444444 0.95356583 0.7 0.7 0.7 0.65333333 0.65333333 0.65333333 0.51 0.51 0.44000001 0.44 0.44 0.69111111 0.69111111 0.69111111
0.12555556 0.12555556 0.12555556 0.12222222 0.12222222 0.12222222 0.12222237 0.22111111 0.22111111 0.38871569 0.38888889 0.38888889 0.38888889 0.38904949 0.46139887 0.41777778 0.41777778 0.41777778 0.39 0.39 0.39 0.71888889 0.71888889 0.71888889 0.71891846 0.8962941 0.97555556 0.97555556 0.97555556 1.0303589 1.0322219 1.0322222 1.0322222 1.0322222 1.0721952 1.2377771 1.2377778 1.2377778 1.2377778 0.97329593 0.97333333 0.97333333 0.65333333 0.65333333 0.82999926 0.82999998 0.78333333 0.78333333 0.78666667 0.78666667 0.78666667 0.69111111 0.87650076
0.12555665 0.12555556 0.12555556 0.12222222 0.12222222 0.12222222 0.12222223 0.3955555 0.22180861 0.38881735 0.38888889 0.38888889 0.38888889 0.38894558 0.41777778 0.41777778 0.41777778 0.41777777 0.39 0.39 0.39 0.71888889 0.71888889 0.71888889 0.82444444 0.82444444 0.89222222 0.89222222 0.89222222 0.89298597 1.0322222 1.0322222 1.0322222 1.0322222 1.1349435 1.2377778 1.2377778 1.2377778 1.2377778 0.97333333 0.97333333 0.97333333 0.96882352 0.83 0.83 0.83 0.78333333 0.78333333 0.78666667 0.78666667 0.78666667 0.87666666 0.87666667
0.47888889 0.32042074 0.46888889 0.46878831 0.12222222 0.39397406 0.39555556 0.39555556 0.43158855 0.31 0.31 0.31 0.31 0.2788899 0.27888889 0.41777767 0.41777778 0.41704587 0.39 0.39 0.39 0.55111111 0.55111111 0.55111111 0.82444444 0.82444444 0.89222222 0.89222222 0.89222222 0.89222229 0.98555585 0.98555569 1.0310493 1.0321722 1.0233449 1.0233333 1.0233333 1.0233333 1.0233333 0.97333333 0.97333333 0.97333333 0.83789209 0.83 0.83 0.82999993 0.78333333 0.78333333 0.78333345 0.78666667 0.7866686 0.83 0.87666667
0.544432 0.54444443 0.46888889 0.46888889 0.46888889 0.39555556 0.39555556 0.39555556 0.49444444 0.49444444 0.31 0.31 0.31 0.27888889 0.27888889 0.27888889 0.27888889 0.27890175 0.39 0.39 0.39000001 0.55111111 0.55111111 0.55111111 0.82444444 0.82444444 0.89222222 0.89222222 0.89222222 0.98450322 0.98555556 0.98555556 0.98555556 0.98555556 1.0233147 1.0233333 1.0233333 1.0233333 1.0233333 0.54222233 0.54222222 0.54222222 0.54222222 0.8299968 0.41333333 0.41333333 0.41333333 0.63555556 0.63555556 0.63555556 0.83 0.83 0.83
0.54444444 0.54444444 0.46888889 0.46888889 0.46888889 0.39594101 0.39555556 0.49444444 0.49444444 0.49444444 0.31002271 0.31 0.27822293 0.27888889 0.27888889 0.27888889 0.27888889 0.13888889 0.13888889 0.13888889 0.21777779 0.21777803 0.55110949 0.55111111 0.55119247 0.55888889 0.55888889 0.55888968 0.89216835 0.87224481 0.87222283 0.87224201 0.98536186 0.98545775 1.0165302 1.023333 1.0207901 0.26444444 0.26444444 0.54222222 0.54222222 0.54222222 0.54222222 0.41333333 0.41333333 0.41333333 0.41333333 0.63555556 0.63555556 0.63555556 0.83 0.83 0.83
0.54444444 0.54444444 0.46888889 0.46888889 0.46888889 0.46888889 0.43256678 0.49444444 0.49444444 0.49444444 0.49432108 0.27111111 0.27111111 0.27111111 0.27884305 0.27888889 0.13982181 0.13888889 0.13888889 0.13888889 0.21777778 0.21777778 0.21777778 0.21777778 0.55888889 0.55888889 0.55888889 0.55888889 0.55888889 0.87222222 0.87222222 0.87222222 0.87222222 0.8722218 0.67 0.26444444 0.26444444 0.26444444 0.26444444 0.26444434 0.18888889 0.18888889 0.18888889 0.26120314 0.41111111 0.41111111 0.41111111 0.63555555 0.63555557 0.65 0.65 0.86776859 0.86777778
0.54444444 0.54444444 0.49615914 0.46888889 0.46888889 0.46888889 0.56432023 0.49466505 0.49444444 0.49444444 0.27111116 0.27111111 0.27111111 0.27111111 0.27111111 0.27172896 0.13888889 0.13888889 0.13888889 0.13888889 0.21777717 0.21777778 0.21777778 0.21777778 0.55888889 0.55888889 0.55888889 0.55888889 0.55888889 0.50356508 0.87222222 0.87222222 0.87222222 0.67 0.67 0.66968508 0.26444444 0.26444444 0.35573963 0.42666665 0.18888889 0.18888889 0.18888889 0.26131704 0.41111111 0.41111111 0.41111111 0.67111111 0.65026304 0.65 0.65 0.86777778 0.86777778
0.69222222 0.69222222 0.69222222 0.52488469 0.46920949 0.56444444 0.56444444 0.56444444 0.56444444 0.52 0.52 0.27111113 0.27111111 0.27111111 0.27111111 0.27110273 0.13888889 0.13888889 0.13888889 0.13888889 0.18335323 0.21777778 0.21777778 0.21899906 0.27755572 0.55888889 0.55888889 0.55888889 0.37333333 0.37333333 0.37333333 0.37333543 0.67 0.67 0.67 0.67 0.42666667 0.42666667 0.42666667 0.42666667 0.40777778 0.40777778 0.40777778 0.70332739 0.70333333 0.70333333 0.70333324 0.67111111 0.67111111 0.65002572 0.65 0.86777637 0.86777778
