interpolatedSpi/02-07|19_3.tif
NCOLS 53
NROWS 52
XLLCORNER -116.03883
YLLCORNER 28.596182
DX 0.49850594
DY 0.49788537
NODATA_VALUE -9999
[rows 0 to 29 of 52, columns 0 to 52 of 53]
0.26428571 0.26428571 0.13105617 -0.034285714 -0.17285714 -0.058571429 -0.17142857 -0.33142857 -0.78886642 -0.83142857 -0.63571429 -0.43857143 -0.67996859 -0.29857143 -0.46857143 -0.46857143 -0.46857143 0.094285714 -0.11714286 -0.11714286 -0.11714286 -0.11715246 -1.1142857 -0.44142857 -0.44142857 -0.44142857 -0.81427891 -0.81428571 -0.81428571 -1.23 -1.23 -1.23 -1.23 -1.9342856 -1.9342857 -1.9342857 -1.9342857 -1.9342857 -1.9342857 -1.9342857 -0.56333751 -0.54883956 -1.6014286 -1.6014286 -1.6014286 -1.6014286 -1.6019442 -1.9171429 -1.9171429 -1.9171429 -1.115716 -1.1157143 -1.1157143
0.26425595 -0.40571429 0.15000032 0.09455324 -0.10299647 0.39285714 0.71571429 -0.21576076 -0.72285714 -0.67714286 -0.33857143 -0.68 -0.68 0.1399614 -0.29856762 -0.46857143 0.094285714 0.094285714 -0.11686718 -0.11714286 -0.11714286 -0.11714286 -0.46037792 -0.44142857 -0.44142857 -0.44142857 -0.50142857 -0.50142857 -1.23 -1.23 -1.23 -1.23 -1.23 -1.9342856 -1.9342857 -1.9342857 -1.9342857 -1.9342857 -1.9342856 -1.6714796 -0.41860794 -1.457898 -1.6014286 -1.6014286 -1.6014286 -1.6014286 -1.6014286 -1.9171429 -1.9171429 -1.9171429 -1.8506876 -1.1157143 -1.1157143
0.16570513 0.16571429 0.42428571 0.45714286 -0.32428571 -0.7 -0.35857143 -0.22428571 -0.93142857 -0.80285714 -0.21285714 -0.86571429 -0.25857143 -0.087142857 0.14142857 -1.0971429 0.094285714 0.094285714 0.094285714 -0.26424294 -0.26428571 -0.26428571 -0.80142857 -0.44142857 -0.44142857 -0.44142857 -0.50142857 -0.50142857 -0.50142857 -1.23 -1.23 -1.23 -1.3008346 -1.929881 -1.9160157 0.010584845 0.028571429 0.028571429 -0.027667358 -0.41857143 -0.41857143 -0.420084 -1.6014286 -1.6014286 -1.6014286 -1.6014286 -1.6014286 -1.9171429 -1.9171429 -1.9171429 -1.9171429 -1.1157143 -1.1157143
-0.017142857 0.16571413 -0.58152158 0.23 -0.50285714 -0.48285714 -0.33428571 -0.87 -0.60571429 -0.041966638 -0.85 -1.0442857 -1.0342857 -0.087142857 -0.59857143 -1.0971429 -0.71437965 -0.71086404 -1.2028571 -0.26428571 -0.26428571 -0.69571429 -0.80142857 -0.80142857 -0.44142857 -0.44142887 -0.50142857 -0.50142857 -0.50142857 -1.3357143 -1.3584452 -1.3771429 -1.3771429 -1.3771418 0.028571429 0.028571429 0.028571429 0.028571429 -0.41857143 -0.41857143 -0.41857143 -0.41857147 -1.6014286 -1.6014286 -1.6014286 -1.6014286 -1.6014286 -1.9171389 -1.9171429 -1.9171429 -1.9171429 -1.1157062 -1.1157143
-0.017142857 -0.47571448 -0.58142857 -0.75515168 -0.50285714 -0.61428571 -0.78425168 -0.88571429 -0.83714286 -1.1671428 -1.0429487 -0.98284241 -0.88 -0.59857143 -0.59857143 -0.92610459 -0.71142857 -0.71142857 -1.2028571 -1.2028571 -0.26428665 -0.69571429 -1.1714286 -1.0971429 -0.82285714 -0.8229162 -0.50142857 -0.50142857 -1.3357143 -1.3357143 -1.3771429 -1.3771429 -1.3771429 -1.3997716 0.028571427 0.028571429 0.028571429 -0.41857143 -0.41857143 -0.41857143 -0.41857143 -0.41857308 -1.6014286 -1.6014286 -1.6014286 -1.6014286 -1.6014286 -1.6042388 -1.9171429 -1.9170958 -0.86857143 -0.86857143 -0.86857143
-1.8057143 -0.62142857 -0.13142856 -0.53714286 -0.21142857 -0.19714286 -1.0414286 -1.0214927 -1.2014286 -1.0128571 -1.1485714 -1.0071429 -1.0071428 -1.6642857 -1.6642857 -0.96992102 -0.97 -0.89 -0.89 -1.2028569 -1.3771429 -1.3771429 -1.0971429 -0.82285714 -0.82285714 -1.0757143 -1.5028571 -1.5028571 -0.80147748 -1.3357143 -1.3771429 -1.3771429 -1.4971429 -1.4971351 -1.4228624 -1.1285714 -1.1285714 -0.63822614 -0.41857143 -0.41857143 -0.4356929 -0.43571428 -0.4357135 -0.19807534 -0.17301503 -0.17285752 -0.17285719 -0.17285769 -1.0628219 -0.86857143 -0.86857143 -0.86857143 -0.86857143
-1.2985731 -0.70142857 -0.67942136 -0.22142857 0.21285714 -0.95428571 -1.1085714 -1.2285714 -1.3785714 -1.3785714 -1.1485714 -1.0657143 -1.2742856 -1.6642857 -0.6428602 -0.64285714 -0.97 -0.72285714 -0.90428571 -0.90428571 -1.3885879 -1.4014286 -1.4014286 -1.0485714 -1.0757143 -1.0757143 -1.5028571 -1.5028571 -0.80144547 -0.80173972 -0.67129958 -1.4971429 -1.4971429 -1.4228571 -1.4228571 -1.1853696 -1.1285714 -1.1285714 -1.2099972 -0.43571536 -0.43571429 -0.43571429 -0.43570995 -0.17285809 -0.17285714 -0.17285714 -0.17285714 -0.17285768 -1.0671429 -0.86861078 -0.86857143 -0.86857143 -0.86857143
-1.2985714 -1.54 -0.35571429 -1.3414286 -0.91288171 -1.3957143 -1.2871429 -1.2142857 -1.3471429 -0.80285714 -0.80285714 -0.84714286 -1.2742857 -1.2742857 -0.64718933 -0.63244849 -0.63142857 -0.41714286 -1.0257142 -0.90428571 -0.40099431 -0.36 -1.1842857 -1.2 -1.2000007 -1.2571429 -0.51285714 -0.51285749 -1.0904124 -1.0914286 -0.67 -0.75230044 -1.19 -1.4228571 -1.4057037 -1.2328571 -1.2328571 -1.21 -1.21 -0.43571429 -0.43571429 -0.43571428 -0.34318588 -0.34285713 -0.17285714 -0.17285714 -0.17285714 -1.0671088 -1.0671429 -1.0671429 -0.86857143 -0.86857143 -0.86857143
-1.4418184 -1.54 -0.83857143 -0.39714286 -0.62571429 -1.1414286 -1.0571429 -0.88142857 -1.2614286 -0.74195493 -0.72428571 -0.75142857 -0.75142857 -0.14857143 -0.14856741 -1.0402859 -1.0414286 -1.0414286 -0.51004223 -0.28714297 -0.84285714 -0.84285714 -0.75857143 -1.0165187 -1.2513844 -1.2571429 -0.90857143 -0.51285714 -0.66198549 -0.66285714 -0.63 -0.50571429 -0.58054527 -1.1814286 -0.82142857 -0.87 -0.92714286 -1.1514286 -0.57598013 -0.43426037 -0.11 -0.38428571 -0.34287017 -0.34285714 -0.34190029 -0.17285714 -0.89714282 -1.0671429 -1.0671429 -1.0671429 -1.0671429 -0.76256224 -0.17714286
-0.89285714 -0.89285714 -0.88714286 -0.66857143 -0.50428571 -1.1328571 -0.69857143 -0.89285714 -0.24142857 -0.6099686 -0.51714286 -0.51857143 -0.14857143 -0.14857143 0.27857143 0.26046703 -1.0414286 -1.0412441 -0.26857143 -0.28714286 -0.28714286 -0.35873748 -0.75857143 -1.001424 -1.0014286 -1.0014286 -0.90857143 -0.18428571 -0.18428571 -0.66285714 -0.66285714 -0.50599607 -0.65428571 -1.1814286 -0.73714286 -0.87 -0.92714286 -1.5214286 -0.57571429 0.29142898 -0.3842857 -0.39845452 -0.42285714 -0.34285714 -0.34285714 -0.89714286 -0.89714286 -0.89714286 -1.0671429 -1.0671429 -0.017142857 -0.017142857 -0.017142917
-0.89285714 -0.89285714 -0.96285714 -1.5071429 -0.95 -0.44 -0.66571428 -0.69726749 -0.92285714 -0.84714286 -0.38285714 -0.84714286 -0.51900831 0.27857143 0.27857143 0.27855149 0.10571429 0.086070016 -0.26857143 -0.05 -0.05 0.42142857 0.42142857 -1.0014286 -1.0014286 -1.0014286 -0.18428571 -0.18428571 -0.18428571 -1.1357143 -1.1357143 -1.1357135 -0.68714286 -0.68714286 -1.47 -0.86428571 -0.18571429 -0.98142669 -0.74571429 0.30571429 0.30571429 -0.40000008 -0.42285714 -0.34285714 -0.19428603 -0.57857143 -0.15606261 -0.15285714 0.35714286 0.35714286 -0.017142857 -0.017142857 -0.017142857
-0.89285714 -0.92325448 -1.1951233 -1.4799844 -0.50857143 -0.72285714 -0.66571429 -0.69714286 -0.92285526 -0.84798168 -0.84714286 -0.84714286 0.18571429 0.27857143 0.27857143 0.10571429 0.10571429 0.10569298 -0.26857143 -0.05 0.042578981 0.42142857 0.42142857 -1.0013711 -1.0014286 -0.74033132 -0.20714286 -0.20714286 -0.20714285 -1.1357143 -1.1357143 -0.26714286 -0.26714286 -0.687145 -1.47 -0.031428886 -0.2778031 -0.98142857 -0.98142857 0.30571426 -0.4 -0.4 -0.39999852 -0.19428571 -0.19428571 -0.57857143 -0.15285714 -0.15285714 0.35714286 0.35714286 -0.017142857 -0.017142857 -0.017142857
-0.75142857 -0.47889328 -0.43003948 -0.43759444 -0.50857267 -0.72285208 -0.66571429 -0.69675599 -0.90730312 -0.92088004 0.18571429 0.18571429 0.18571429 0.18571429 0.27855827 0.10571429 0.10571429 0.10088166 -0.26857143 -0.049797202 0.65571429 0.65571429 0.65571429 0.65571429 -0.9727294 -0.20714286 -0.20714286 -0.20714286 -0.20714286 -0.2076122 -0.26714286 -0.26714286 -0.26714286 -0.26714286 -0.031428573 -0.031428571 -0.031428571 -0.9353643 -0.97070996 0.44571429 0.44571429 -0.39995451 0.16141639 -0.19425145 -0.19428571 -0.57857143 -0.15285714 -0.15285714 0.35714286 0.35714286 -0.015784989 -0.017142857 -0.087719006
-0.75142857 -0.43 -0.43 -0.43 -0.43 -0.43000012 -0.66586052 -0.68061441 -0.86580642 0.18452237 0.18571429 0.18571429 0.18571429 0.18571429 0.18571457 0.10571429 0.10571423 0.08004084 -0.26856322 0.65571429 0.65571429 0.65571429 0.65571429 0.65571429 0.65311687 0.017252082 0.05428566 0.054285714 0.054285714 0.054285714 -0.26714285 -0.26714286 -0.26714225 0.23857143 0.23857143 -0.031428571 0.45744498 0.47142857 0.4457143 0.44571429 0.44571429 0.44571429 0.16142857 0.16142857 0.16142857 0.15627885 0.16071458 0.16285714 0.16285714 0.16285714 0.16285715 0.58714273 0.58714286
0.49571428 -0.43 -0.43 -0.43 -0.43 -0.43 -0.43000002 -0.42791763 0.56801481 0.57571429 0.57571429 0.57571429 0.57571429 0.57571429 0.57571428 0.75341019 0.11601885 0.054462248 0.6555982 0.65571429 0.65571429 0.65571429 0.65571429 0.65571465 0.53571429 0.53571429 0.53571361 0.054285714 0.054285714 0.055286935 0.55428571 0.55428571 0.23857143 0.23857143 0.23857143 0.43412758 0.47142857 0.47142857 0.47142857 0.44571429 0.44571429 0.44571429 0.16142857 0.16142857 0.16142857 0.16142857 0.16285715 0.16285714 0.16285714 0.16285714 0.16285714 0.58714286 0.58714286
0.49571429 0.15108137 -0.43 -0.43 -0.43 -0.43 0.18559344 0.18571429 0.1857143 0.57571429 0.57571429 0.57571429 0.57571429 0.57571429 0.6157387 0.75714286 0.75714286 0.75714286 0.9690427 0.96999968 0.97 0.97 0.97 0.97 0.53571429 0.53571429 0.53571429 0.53571429 0.054285714 0.55428571 0.55428571 0.55428571 0.23857146 0.23857143 0.23857143 0.9 0.47199601 0.47142857 0.47142857 0.44575987 0.53674766 0.74909056 0.16142857 0.16142857 0.56304247 0.56428571 0.56428571 0.16389563 0.79207916 0.79428566 0.79428559 1.2213325 0.58714415
0.49571429 0.1217497 -0.15601222 -0.43 -0.43 0.18535049 0.18571429 0.18571429 0.18571429 0.18852474 0.57571429 0.57571429 0.57571429 0.57571431 0.75714286 0.75714286 0.75714286 0.75714286 0.96980986 0.97 0.97 0.97 0.97 0.97 0.5357143 0.53571429 0.53571429 0.53571429 0.53578184 0.55428571 0.55428571 0.55428571 1.0542857 0.2386584 0.9 0.9 0.9 0.90229224 0.73237632 0.75 0.75 0.75 0.81857143 0.81857143 0.56428571 0.56428571 0.56428571 0.79428571 0.79428571 0.79428571 0.79428571 1.2214286 1.2214286
0.11188568 0.11142857 0.11142857 0.11142857 0.074285714 0.18571141 0.18571429 0.18571429 0.18571429 0.18571429 0.57517336 0.57571419 0.57571429 0.75714286 0.75714286 0.75714286 0.75714286 0.75714286 0.75299733 0.97 0.97 0.97 0.97 0.97 0.98143248 1.3314243 1.3314286 1.3314286 1.3314286 0.55428574 1.0542857 1.0542857 1.0542857 1.0542857 0.9 0.90000557 1.1114286 1.1114286 0.75451297 0.75 0.75 0.75 0.81857143 0.81857143 0.6036579 0.56428571 0.56428571 0.79428571 0.79428571 0.79428571 0.7988658 1.2214286 1.2214286
0.11142857 0.11142857 0.11142857 0.093937446 0.074285714 0.074285714 0.18571429 0.18571429 0.18571429 0.18571429 0.56857143 0.56857143 0.56857143 0.75714286 0.75714286 0.75714286 0.75714286 0.75710414 0.42714286 0.42714286 0.96999978 0.97 0.96940875 0.94571429 0.9491867 1.3314286 1.3314286 1.3314286 1.3314286 1.0543139 1.0542857 1.0542857 1.0542857 1.0542857 1.1114278 1.1114286 1.1114286 1.1114286 1.1101761 0.75 0.75 0.75 0.81857143 0.81857143 0.81857143 0.56428571 0.56428571 0.79428572 0.79428571 0.79428572 1.2214286 1.2214286 1.2214286
0.11142857 0.11142857 0.11142857 0.074285714 0.074285714 0.074285714 0.074285885 0.18571429 0.18571429 0.56817621 0.56857143 0.56857143 0.56857143 0.56868891 0.56750675 0.52285714 0.52285714 0.52285714 0.42714286 0.42714286 0.42714286 0.94571429 0.94571429 0.94571429 0.94573309 1.1643301 1.3314286 1.3314286 1.3314286 1.2639724 1.3042611 1.3042857 1.3042857 1.3042857 1.2469287 1.4371421 1.4371429 1.4371429 1.4371429 1.677016 1.6771429 1.6771429 0.81857143 0.81857143 1.5128542 1.5128571 1.36 1.36 1.3542857 1.3542857 1.3542857 1.2214286 1.2599655
0.11143143 0.11142857 0.11142857 0.074285714 0.074285714 0.074285714 0.074285721 0.68714271 0.18771919 0.56847168 0.56857143 0.56857143 0.56857143 0.56848172 0.52285714 0.52285714 0.52285714 0.52285712 0.42714286 0.42714286 0.42714286 0.94571429 0.94571429 0.94571429 1.0128571 1.0128571 1.2671429 1.2671429 1.2671429 1.2673455 1.3042857 1.3042857 1.3042857 1.3042857 1.3706778 1.4371429 1.4371429 1.4371429 1.4371429 1.6771429 1.6771429 1.6771429 1.6719738 1.5128571 1.5128571 1.5128571 1.36 1.36 1.3542857 1.3542857 1.3542857 1.26 1.26
1.0328571 0.60922037 0.71142857 0.71124373 0.074285714 0.68359689 0.68714286 0.68714286 0.72774505 0.45857144 0.45857143 0.45857143 0.45857143 0.5714249 0.57142857 0.52285718 0.52285714 0.52033521 0.42714286 0.42714286 0.42714286 0.64142857 0.64142857 0.64142857 1.0128571 1.0128571 1.2671429 1.2671429 1.2671429 1.2671429 1.31 1.31 1.3044293 1.3042918 1.4455529 1.4457143 1.4457143 1.4457143 1.4457143 1.6771429 1.6771429 1.6771429 1.521903 1.5128571 1.5128571 1.512857 1.36 1.36 1.3599998 1.3542857 1.3542686 0.97142857 1.26
0.90859503 0.90857139 0.71142857 0.71142857 0.71142857 0.68714286 0.68714286 0.68714286 0.79857143 0.79857143 0.45857143 0.45857143 0.45857143 0.57142857 0.57142857 0.57142857 0.57142857 0.57141237 0.42714286 0.42714286 0.42714287 0.64142857 0.64142857 0.64142857 1.0128571 1.0128571 1.2671429 1.2671429 1.2671429 1.3095168 1.31 1.31 1.31 1.31 1.4456473 1.4457143 1.4457143 1.4457143 1.4457143 1.2742858 1.2742857 1.2742857 1.2742857 1.5128521 0.85857143 0.85857143 0.85857143 1.0414286 1.0414286 1.0414286 0.97142857 0.97142857 0.97142857
0.90857143 0.90857143 0.71142857 0.71142857 0.71142857 0.68727051 0.68714286 0.79857143 0.79857143 0.79857143 0.45861328 0.45857143 0.63833887 0.5714286 0.57142857 0.57142857 0.57142857 0.58714286 0.58714286 0.58714286 0.50142857 0.50142868 0.64142789 0.64142857 0.64163788 0.81857143 0.81857143 0.8185725 1.2670704 1.4085518 1.4085709 1.4085542 1.3101685 1.3100851 1.4216067 1.4457141 1.4437801 0.86857143 0.86857143 1.2742857 1.2742857 1.2742857 1.2742857 0.85857143 0.85857143 0.85857143 0.85857143 1.0414286 1.0414286 1.0414286 0.97142857 0.97142857 0.97142857
0.90857143 0.90857143 0.71142857 0.71142857 0.71142857 0.71142857 0.72884732 0.79857143 0.79857143 0.79857143 0.79850514 0.67857143 0.67857143 0.67857143 0.57205999 0.57142857 0.58703814 0.58714286 0.58714286 0.58714286 0.50142857 0.50142857 0.50142857 0.50142857 0.81857143 0.81857143 0.81857143 0.81857143 0.81857143 1.4085714 1.4085714 1.4085714 1.4085714 1.4085715 1.4528571 0.86857143 0.86857143 0.86857143 0.86857143 0.86857025 0.43285714 0.43285714 0.43285714 0.53792005 0.75571429 0.75571429 0.75571429 1.0414286 1.0414287 1.2028571 1.2028571 1.5012996 1.5014286
0.90857143 0.90857143 0.7825833 0.71142857 0.71142857 0.71142858 1.1522285 0.79968794 0.79857143 0.79857143 0.67857154 0.67857143 0.67857143 0.67857143 0.67857143 0.66977567 0.58714286 0.58714286 0.58714286 0.58714286 0.50142923 0.50142857 0.50142857 0.50142857 0.81857143 0.81857143 0.81857143 0.81857143 0.81857143 0.91452628 1.4085714 1.4085714 1.4085714 1.4528571 1.4528571 1.4524034 0.86857143 0.86857143 0.97791125 1.0628571 0.43285714 0.43285714 0.43285714 0.53803357 0.75571429 0.75571429 0.75571429 1.4157143 1.2055093 1.2028571 1.2028571 1.5014286 1.5014286
1.4357143 1.4357143 1.4357143 0.89302691 0.71234215 1.1528571 1.1528571 1.1528571 1.1528571 1.1928571 1.1928571 0.67857146 0.67857143 0.67857143 0.67857143 0.67856566 0.58714286 0.58714286 0.58714286 0.58714286 0.53883151 0.50142857 0.50142857 0.50251277 0.55513439 0.81857143 0.81857143 0.81857143 0.74 0.74 0.74 0.74000281 1.4528571 1.4528571 1.4528571 1.4528571 1.0628571 1.0628571 1.0628571 1.0628571 0.78285714 0.78285714 0.78285714 1.1657066 1.1657143 1.1657143 1.1657142 1.4157143 1.4157143 1.2031165 1.2028571 1.501427 1.5014286
1.4357143 1.4357143 1.4357143 1.4357089 1.3357143 1.3091239 1.1528571 1.1528571 1.1528571 1.1928571 1.1928571 1.1928571 1.3185714 1.3185714 1.3185714 1.3185714 0.58829952 0.58714286 0.58714286 0.58714286 0.58584539 0.54285703 0.54285714 0.54285714 0.54285714 0.54285713 -0.08714285 -0.087142857 0.74 0.74 0.74 0.74 1.452857 1.4528571 1.4528571 1.4528436 1.0628571 1.0628571 1.0628571 1.0635966 0.78285714 0.78285714 0.78285714 1.1656965 1.1657143 1.1657143 1.1657143 1.4157143 1.4157143 1.4157143 1.1885714 1.1885714 1.3257143
1.4357143 1.4357143 1.4357143 1.3357145 1.3357143 1.3357143 1.1528572 1.1528571 1.1528571 1.1928571 1.1928571 1.1928571 1.3185714 1.3185714 1.3185714 1.3109555 1.2185714 1.2185714 1.2185698 0.59070933 0.54285714 0.54285714 0.54285714 0.54285714 0.54285714 0.54238303 -0.087142857 -0.087142857 -0.087142855 0.74 0.74 0.73997793 1.2871429 1.2871429 1.2871429 1.0471429 1.0471429 1.2314286 1.2314286 1.2314286 1.2628571 0.7830077 0.78286142 1.3557143 1.3557143 1.3485135 1.1657152 1.4157143 1.4157143 1.1885714 1.1885714 1.1885714 1.3257143
1.4357143 1.4357143 1.4357143 1.3357143 1.3357143 1.3357143 1.3357143 1.1528571 1.1528571 1.1928571 1.1928571 1.3135447 1.3185714 1.3185714 1.3185714 1.2185714 1.2185714 1.2185714 1.2185714 1.2185714 0.54285714 0.54285714 0.54285714 0.54285714 0.54285714 -0.087140708 -0.087142857 -0.087142857 -0.087142857 0.70571429 0.70571429 0.70571429 1.2871429 1.2871429 1.2871429 1.0471429 1.0471429 1.2314286 1.2314286 1.2628571 1.2628571 1.2628571 1.3557143 1.3557143 1.3557143 1.3557143 1.3482037 1.2642857 1.2642857 1.2642857 1.1885714 1.2128571 1.2128571
