interpolatedSpi/02-09|21_3.tif
NCOLS 53
NROWS 52
XLLCORNER -116.03883
YLLCORNER 28.596182
DX 0.49850594
DY 0.49788537
NODATA_VALUE -9999
[rows 0 to 35 of 52, columns 0 to 52 of 53]
-1.09625 -1.09625 -1.1381079 -1.34375 -1.26625 -1.6475 -1.39625 -1.3075 -1.3175709 -1.46625 -1.6175 -1.275 -1.8561975 -1.21875 -1.59875 -1.59875 -1.59875 -0.64625 -0.8675 -0.8675 -0.8675 -0.86749716 -0.57250001 -1.1825 -1.1825 -1.1825 -0.63125021 -0.63125 -0.63125 -0.33625 -0.33625 -0.33625 -0.33625 -1.0387499 -1.03875 -1.03875 -1.03875 -1.03875 -1.03875 -1.03875 -0.19286152 -0.18389594 -0.75625 -0.75625 -0.75625 -0.75625 -0.75552112 -0.31 -0.31 -0.31 0.87999753 0.88 0.88
-1.0962782 -1.73125 -1.3949996 -1.4852155 -1.7137727 -1.10375 -1.26 -1.6297608 -1.8875 -1.7525 -1.625 -1.85625 -1.85625 -1.2299625 -1.2187535 -1.59875 -0.64625 -0.64625 -0.86721152 -0.8675 -0.8675 -0.8675 -1.1915799 -1.1825 -1.1825 -1.1825 -1.4275 -1.4275 -0.33625 -0.33625 -0.33625 -0.33625 -0.33625 -1.0387499 -1.03875 -1.03875 -1.03875 -1.03875 -1.03875 -1.0126744 -0.89250076 -0.77278282 -0.75625 -0.75625 -0.75625 -0.75625 -0.75625 -0.31 -0.31 -0.31 -0.21132406 0.88 0.88
-1.7087244 -1.70875 -1.0375 -1.0275 -1.16875 -1.5425 -0.93375 -1.39625 -1.7225 -1.71125 -1.535 -1.85 -1.23625 -1.785 -1.23 -1.945 -0.64625 -0.64625 -0.64625 -1.2911268 -1.29125 -1.29125 -1.355 -1.1825 -1.1825 -1.1825 -1.4275 -1.4275 -1.4275 -0.33625 -0.33625 -0.33625004 -0.6870703 -1.0383035 -1.0365743 -0.80714196 -0.805 -0.805 -0.81600519 -0.8925 -0.8925 -0.89232577 -0.75625 -0.75625 -0.75625 -0.75625 -0.75625 -0.31 -0.31 -0.31 -0.31 0.88 0.88
-0.4025 -1.7087499 -1.1487406 -0.475 -1.04625 -1.2225 -1.04875 -1.3325 -1.24 -1.3118882 -1.4 -1.89625 -1.87125 -1.785 -1.63125 -1.945 -2.1285846 -2.1289604 -1.93625 -1.29125 -1.29125 -1.83125 -1.355 -1.355 -1.1825 -1.1825012 -1.4275 -1.4275 -1.4275 -1 -1.0356641 -1.065 -1.065 -1.0649998 -0.805 -0.805 -0.805 -0.805 -0.8925 -0.8925 -0.8925 -0.89249999 -0.75625 -0.75625 -0.75625 -0.75625 -0.75625 -0.31000563 -0.31 -0.31 -0.31 0.87994374 0.88
-0.4025 -0.09625193 -1.14875 -1.3984408 -1.04625 -0.96375 -1.5374694 -1.265 -1.37375 -1.2362501 -1.7912618 -2.0561787 -1.55875 -1.63125 -1.63125 -1.8440862 -2.13 -2.13 -1.93625 -1.93625 -1.291251 -1.83125 -1.5325 -0.98125 -0.87 -0.86988321 -1.4275 -1.4275 -1 -1 -1.065 -1.065 -1.065 -0.96835625 -0.805 -0.805 -0.805 -0.8925 -0.8925 -0.8925 -0.8925 -0.8924959 -0.75625 -0.75625 -0.75625 -0.75625 -0.75625 -0.75227782 -0.31 -0.31002388 -0.8425 -0.8425 -0.8425
-1.53375 -0.7325 -0.56750001 -0.9875 -1.49 -1.095 -1.49125 -1.4622835 -1.31 -0.9325 -0.88 -0.6275 -0.62750061 -1.30375 -1.30375 -1.6524617 -1.6525 -1.55625 -1.55625 -1.9362492 -1.3675 -1.3675 -0.98125 -0.87 -0.87 -0.37 -0.745 -0.745 -0.4275521 -1 -1.065 -1.065 -0.5525 -0.55251045 -0.65249295 -1.0225 -1.0225 -0.93271847 -0.8925 -0.8925 -0.85005301 -0.85 -0.84999947 -1.6956196 -1.7123943 -1.7124997 -1.7125 -1.7124996 -1.1760083 -0.8425 -0.8425 -0.8425 -0.8425
-0.30875207 -0.5375 -0.084578495 -0.46 -0.745 -1.5375 -0.85249999 -0.93625 -1.0175 -1.0175 -0.88 -1.17 -0.90375005 -1.30375 -1.4937494 -1.49375 -1.6525 -1.18875 -0.995 -0.995 -1.3521839 -1.335 -1.335 -0.16875001 -0.37 -0.37 -0.745 -0.745 -0.42750481 -0.42758852 -0.54613769 -0.5525 -0.5525 -0.6525 -0.6525 -1.1089616 -1.0225 -1.0225 -1.051249 -0.85000028 -0.85 -0.85 -0.84999764 -1.7124972 -1.7125 -1.7125 -1.7125 -1.7124997 -1.2625 -0.84258323 -0.8425 -0.8425 -0.8425
-0.30875 0.17125 0.22875 -1.02 -1.2437372 -1.225 -0.8175 -1.43625 -1.35125 -1.17625 -1.17625 -1.09125 -0.90375 -0.90375 -1.4897021 -1.6030408 -1.61375 -0.815 -1.1137499 -0.995 -0.35657888 -0.33875 -0.55625 0.0024999976 0.0024973076 -0.20625 -0.665 -0.66500003 -0.50971091 -0.51 -0.54625 -0.91525888 -0.6075 -0.6525 -0.67210832 -1.18125 -1.18125 -1.05125 -1.05125 -0.85 -0.85 -0.84999999 -1.2067329 -1.21 -1.7125 -1.7125 -1.7125 -1.2625171 -1.2625 -1.2625 -0.8425 -0.8425 -0.8425
-0.024083757 0.17125 0.44125 -0.1775 -0.825 -1.11 -1.22625 -1.2875 -1.535 -1.3645477 -1.305 -1.2525 -1.2525 -1.13125 -1.1312506 -1.2285765 -1.2275 -1.2275 -0.86060465 -0.61124999 -0.54875 -0.54875 -0.6375 -0.58826929 -0.18521351 -0.20625 -0.48375 -0.665 -0.61529055 -0.615 -1.00125 -0.51125 -0.59246428 -1.22625 -1.34 -1.46875 -1.485 -1.29875 -1.1900502 -0.84895101 -0.615 -0.7325 -1.2099363 -1.21 -1.2128283 -1.7125 -1.72625 -1.2625 -1.2625 -1.2625 -1.2625 -0.82787037 -0.52
-1.11625 -1.11625 0.35 -0.3125 -0.87875 -1.285 -1.305 -1.255 -1.355 -1.3212404 -1.55 -0.33625 -1.13125 -1.13125 -1.19625 -1.1966786 -1.2275 -1.2274856 -1.13625 -0.61125 -0.61125 -0.60319791 -0.6375 -0.64249991 -0.6425 -0.6425 -0.48375 -0.29 -0.29 -0.615 -0.615 -0.51155583 -0.6725 -1.22625 -0.69625 -1.46875 -1.485 -1.14625 -1.19 -1.1297427 -0.73249999 -0.76418302 -0.81875 -1.21 -1.21 -1.72625 -1.72625 -1.72625 -1.2625 -1.2625 -0.725 -0.725 -0.72499992
-1.11625 -1.11625 -0.47875 -1.15125 -1.13625 -0.58125 -1.0075 -1.1863707 -1.26375 -1.17875 -1.3475 -1.0225 -0.33716478 -1.19625 -1.19625 -1.1962754 -1.41625 -1.4015543 -1.13625 -1.38 -1.38 -0.835 -0.835 -0.6425 -0.6425 -0.6425 -0.29 -0.29 -0.29 -1.10625 -1.10625 -1.1062493 -1.02875 -1.02875 -1.355 -1.7525 -1.1775 -2.0499906 -1.49875 -1.12875 -1.12875 -0.66500051 -0.81875 -1.21 -1.3025002 -1.52875 -0.98321393 -0.98 -0.815 -0.815 -0.725 -0.725 -0.725
-1.11625 -0.84115113 -0.76572974 -1.1162464 -0.4925 -1.27625 -1.0075 -1.18625 -1.2637494 -1.1796917 -1.0225002 -1.0225 -1.0025 -1.19625 -1.19625 -1.41625 -1.41625 -1.4162341 -1.13625 -1.38 -1.2729731 -0.835 -0.835 -0.64250848 -0.6425 -0.7176946 -0.87125 -0.87125 -0.87124993 -1.10625 -1.10625 -1.33125 -1.33125 -1.0287509 -1.355 -1.4712501 -1.1394162 -2.05 -2.05 -1.12875 -0.665 -0.665 -0.66500463 -1.3025 -1.3025 -1.52875 -0.98 -0.98 -0.815 -0.815 -0.725 -0.725 -0.725
-1.72 -0.91512983 -0.94250698 -0.94375034 -0.49250407 -1.2762315 -1.0075 -1.1840497 -1.2584095 -1.2615304 -1.0025 -1.0025 -1.0025 -1.0025 -1.1962226 -1.41625 -1.41625 -1.4126348 -1.13625 -1.3800624 -1.60125 -1.60125 -1.60125 -1.60125 -0.65890883 -0.87125 -0.87125 -0.87125 -0.87125 -0.87152123 -1.33125 -1.33125 -1.33125 -1.33125 -1.47125 -1.47125 -1.47125 -2.0207996 -2.0467235 -1.61375 -1.61375 -0.66505103 -1.3224993 -1.3025019 -1.3025 -1.52875 -0.98 -0.98 -0.815 -0.815 -0.72532651 -0.725 -0.32581687
-1.72 -0.9425 -0.9425 -0.9425 -0.9425 -0.94250014 -1.0081878 -1.0920879 -1.2441614 -1.0027792 -1.0025 -1.0025 -1.0025 -1.0025 -1.0025001 -1.41625 -1.41625 -1.3970439 -1.1362554 -1.60125 -1.60125 -1.60125 -1.60125 -1.60125 -1.595816 -1.2016904 -1.3562499 -1.35625 -1.35625 -1.35625 -1.33125 -1.33125 -1.33125 -1.31875 -1.31875 -1.47125 -1.3339279 -1.33 -1.6137498 -1.61375 -1.61375 -1.61375 -1.3225 -1.3225 -1.3225 -1.3239353 -1.1030588 -1.10375 -1.10375 -1.10375 -1.10375 -0.56750003 -0.5675
-1.27875 -0.9425 -0.9425 -0.9425 -0.9425 -0.9425 -0.94250001 -1.0640709 -1.1404933 -1.14 -1.14 -1.14 -1.14 -1.14 -1.14 -0.99429705 -1.4094806 -1.3779086 -1.6011916 -1.60125 -1.60125 -1.60125 -1.60125 -1.6012495 -1.35 -1.35 -1.35 -1.35625 -1.35625 -1.3564102 -1.43625 -1.43625 -1.31875 -1.31875 -1.31875 -1.3281977 -1.33 -1.33 -1.33 -1.61375 -1.61375 -1.61375 -1.3225 -1.3225 -1.3225 -1.3225 -1.10375 -1.10375 -1.10375 -1.10375 -1.10375 -0.5675 -0.5675
-1.27875 -1.1535679 -0.9425 -0.9425 -0.9425 -0.9425 -1.0999691 -1.1 -1.1 -1.14 -1.14 -1.14 -1.14 -1.14 -1.1071847 -0.99125 -0.99125 -0.99125 -1.1812824 -1.1800004 -1.18 -1.18 -1.18 -1.18 -1.35 -1.35 -1.35 -1.35 -1.35625 -1.43625 -1.43625 -1.43625 -1.31875 -1.31875 -1.31875 -1.04125 -1.3296177 -1.33 -1.33 -1.6136046 -1.3235544 -0.64664912 -1.3225 -1.3225 -0.85021202 -0.84875 -0.84875 -1.1025525 -0.37754665 -0.37500006 -0.37500014 0.086150933 -0.56749867
-1.27875 -1.2154957 -1.079765 -0.9425 -0.9425 -1.0999069 -1.1 -1.1 -1.1 -1.1002883 -1.14 -1.14 -1.14 -1.14 -0.99125 -0.99125 -0.99125 -0.99125 -1.1798314 -1.18 -1.18 -1.18 -1.18 -1.18 -1.35 -1.35 -1.35 -1.35 -1.3503137 -1.43625 -1.43625 -1.43625 -1.2975 -1.3187213 -1.04125 -1.04125 -1.04125 -1.0363111 -0.68719185 -0.64375 -0.64375 -0.64375 -0.945 -0.945 -0.84875 -0.84875 -0.84875 -0.37500001 -0.375 -0.375 -0.375 0.08625 0.08625
-1.2137402 -1.21375 -1.21375 -1.21375 -1.055 -1.0999988 -1.1 -1.1 -1.1 -1.1 -1.1201266 -1.1399966 -1.14 -0.99125 -0.99125 -0.99125 -0.99125 -0.99125 -0.99602533 -1.18 -1.18 -1.18 -1.18 -1.18 -1.2411399 -1.2100008 -1.21 -1.21 -1.21 -1.43625 -1.2975 -1.2975 -1.2975 -1.2975 -1.04125 -1.0412381 -0.59 -0.59 -0.64307885 -0.64375 -0.64375 -0.64375 -0.945 -0.945 -0.86365281 -0.84875 -0.84875 -0.375 -0.375 -0.375 -0.3700542 0.08625 0.08625
-1.21375 -1.21375 -1.21375 -1.1389923 -1.055 -1.055 -1.1 -1.1 -1.1 -1.1 -0.8775 -0.8775 -0.8775 -0.99125 -0.99125 -0.99125 -0.99125 -0.99114899 -0.8325 -0.8325 -1.1799999 -1.18 -1.1831041 -1.3075 -1.3066222 -1.21 -1.21 -1.21 -1.21 -1.2974911 -1.2975 -1.2975 -1.2975 -1.2975 -0.59000159 -0.59 -0.59 -0.59 -0.59018423 -0.64375 -0.64375 -0.64375 -0.945 -0.945 -0.945 -0.84875 -0.84875 -0.37500001 -0.375 -0.375 0.08625 0.08625 0.08625
-1.21375 -1.21375 -1.21375 -1.055 -1.055 -1.055 -1.0550001 -1.1 -1.1 -0.87772968 -0.8775 -0.8775 -0.8775 -0.87757086 -0.49649055 -0.38 -0.38 -0.38 -0.8325 -0.8325 -0.8325 -1.3075 -1.3075 -1.3075 -1.3072048 -0.70842363 -1.21 -1.21 -1.21 -0.85018412 -0.75005385 -0.75 -0.75 -0.75 -0.55543528 -0.50625019 -0.50625 -0.50625 -0.50625 -0.44127771 -0.44125 -0.44125 -0.945 -0.945 -0.78500067 -0.78499993 -0.575 -0.575 -0.24 -0.24 -0.24 0.08625 0.12121871
-1.2137476 -1.21375 -1.21375 -1.055 -1.055 -1.055 -1.055 -0.73250011 -1.0985306 -0.87727897 -0.8775 -0.8775 -0.8775 -0.87652377 -0.38 -0.38 -0.38 -0.38000013 -0.8325 -0.8325 -0.8325 -1.3075 -1.3075 -1.3075 -0.25375 -0.25375 -0.42875 -0.42875 -0.42875 -0.43050252 -0.75 -0.75 -0.75 -0.75 -0.62819192 -0.50625 -0.50625 -0.50625 -0.50625 -0.44125 -0.44125 -0.44125 -0.45206569 -0.785 -0.785 -0.785 -0.575 -0.575 -0.24 -0.24 -0.24 0.12124999 0.12125
-0.4425 -0.80715733 -1.03 -1.0300073 -1.055 -0.73436597 -0.7325 -0.7325 -0.71974675 -0.63375 -0.63375 -0.63375 -0.63375 0.067477172 0.067499998 -0.37999966 -0.38 -0.39192271 -0.8325 -0.8325 -0.8325 -0.05625 -0.05625 -0.05625 -0.25375 -0.25375 -0.42875 -0.42875 -0.42875 -0.42874987 -0.24875319 -0.24875141 -0.73740183 -0.74946263 -0.49404039 -0.49375 -0.49375 -0.49375 -0.49375 -0.44125 -0.44125 -0.44125 -0.76607196 -0.785 -0.785 -0.78499997 -0.575 -0.575 -0.57498794 -0.24 -0.24002202 -0.7325 0.12125
-0.78868425 -0.78875004 -1.03 -1.03 -1.03 -0.7325 -0.7325 -0.7325 -0.6975 -0.6975 -0.63375 -0.63375 -0.63375 0.0675 0.0675 0.0675 0.0675 0.067398422 -0.8325 -0.8325 -0.83249997 -0.05625 -0.05625 -0.05625 -0.25375 -0.25375 -0.42875 -0.42875 -0.42875 -0.25077951 -0.24875 -0.24875 -0.24875 -0.24875 -0.49362911 -0.49375 -0.49375 -0.49375 -0.49375 -0.31000003 -0.31 -0.31 -0.31 -0.78499868 -0.6125 -0.6125 -0.6125 -0.77125 -0.77125 -0.77125 -0.7325 -0.7325 -0.7325
-0.78875 -0.78875 -1.03 -1.03 -1.03 -0.73406371 -0.7325 -0.6975 -0.6975 -0.6975 -0.63375785 -0.63375 -0.43968288 0.067499894 0.0675 0.0675 0.0675 -0.09 -0.09 -0.09 -0.096249999 -0.09624997 -0.056250195 -0.05625 -0.056404757 -0.22375 -0.22375 -0.22375049 -0.42871687 0.12867477 0.12874799 0.12868409 -0.24810481 -0.24842422 -0.44986837 -0.49374977 -0.49177278 0.09625 0.09625 -0.31 -0.31 -0.31 -0.31 -0.6125 -0.6125 -0.6125 -0.6125 -0.77125 -0.77125 -0.77125 -0.7325 -0.7325 -0.7325
-0.78875 -0.78875 -1.03 -1.03 -1.03 -1.03 -0.71940052 -0.6975 -0.6975 -0.6975 -0.69733359 -0.39625 -0.39625 -0.39625 0.064767015 0.0675 -0.088950459 -0.09 -0.09 -0.09 -0.09625 -0.09625 -0.09625 -0.09625 -0.22375 -0.22375 -0.22375 -0.22375 -0.22375 0.12875 0.12875 0.12875 0.12875 0.12875033 0.28375 0.09625 0.09625 0.09625 0.09625 0.096248923 -0.18 -0.18 -0.18 -0.37443386 -0.7775 -0.7775 -0.7775 -0.77125 -0.77124977 -0.53625 -0.53625 -0.45381781 -0.45375
-0.78875 -0.78875 -0.94292569 -1.03 -1.03 -1.03 -0.65382764 -0.69736212 -0.6975 -0.6975 -0.39624999 -0.39625 -0.39625 -0.39625 -0.39625 -0.35819235 -0.09 -0.09 -0.09 -0.09 -0.096249952 -0.09625 -0.09625 -0.09625 -0.22375 -0.22375 -0.22375 -0.22375 -0.22375 0.149995 0.12875 0.12875 0.12875 0.28375 0.28375 0.2836044 0.09625 0.09625 0.35723854 0.55999996 -0.18 -0.18 -0.18 -0.36891253 -0.7775 -0.7775 -0.7775 0.33375 -0.52540988 -0.53625 -0.53625 -0.45375 -0.45375
-0.38125 -0.38125 -0.38125 -0.86734054 -1.0290742 -0.65375 -0.65375 -0.65375 -0.65375 -0.3375 -0.3375 -0.39625 -0.39625 -0.39625 -0.39625 -0.39623058 -0.09 -0.09 -0.09 -0.09 -0.093522703 -0.09625 -0.09625 -0.084964007 0.31011949 -0.22375 -0.22375 -0.22375 0.1575 0.1575 0.1575 0.15749988 0.28375 0.28375 0.28375 0.28375 0.56 0.56 0.56 0.56 0.02625 0.02625 0.02625 0.083748844 0.08375 0.08375 0.083749727 0.33375 0.33375 -0.53518995 -0.53625 -0.45374496 -0.45375
-0.38125 -0.38125 -0.38125 -0.38125081 -0.39625 -0.43369473 -0.65375 -0.65375 -0.65375 -0.3375 -0.3375 -0.3375 -0.067500015 -0.0675 -0.0675 -0.067500013 -0.090588473 -0.09 -0.09 -0.09 -0.090071229 0.33499882 0.335 0.335 0.335 0.33499999 0.255 0.255 0.1575 0.1575 0.1575 0.1575 0.28375038 0.28375 0.28375 0.28379235 0.55999999 0.56 0.56 0.55808076 0.02625 0.02625 0.02625 0.083747334 0.08375 0.08375 0.08375 0.33375 0.33375 0.33375003 0.54625 0.54625 0.4275
-0.38125 -0.38125 -0.38125 -0.39624997 -0.39625 -0.39625 -0.6537499 -0.65375 -0.65375 -0.3375 -0.3375 -0.3375 -0.0675 -0.0675 -0.0675 -0.093679845 -0.41125 -0.41125 -0.41124917 -0.0918145 0.335 0.335 0.335 0.335 0.335 0.3349398 0.255 0.255 0.255 0.1575 0.1575 0.15735357 0.80375 0.80375 0.80375 -0.099999996 -0.099999999 0.1225 0.1225 0.1225 -0.04 0.026229219 0.026251651 0.2475 0.2475 0.24129406 0.083750856 0.33375 0.33375 0.54625 0.54625 0.54625 0.4275
-0.38125 -0.38125 -0.38125 -0.39625 -0.39625 -0.39625 -0.39625 -0.65375 -0.65375 -0.3375 -0.3375 -0.078296106 -0.0675 -0.0675 -0.0675 -0.41125 -0.41125 -0.41125 -0.41125 -0.41125 0.335 0.335 0.335 0.335 0.335 0.25500027 0.255 0.255 0.255 -0.07 -0.07 -0.07 0.80375 0.80375 0.80375 -0.1 -0.1 0.1225 0.1225 -0.04 -0.04 -0.04 0.2475 0.2475 0.2475 0.2475 0.27122004 0.53625 0.53625 0.53625 0.54625 0.64 0.64
-0.38125 -0.38125 -0.38127089 -0.39625 -0.39625 -0.39625 -0.39625 -0.22369787 -0.215 -0.21521032 -0.33749999 -0.06751047 -0.0675 -0.0675 -0.067501189 -0.41125 -0.41125 -0.41125 -0.41125 -0.41125 0.083214782 0.335 0.335 0.335 0.33504171 0.25501589 0.255 0.255 0.255 -0.07 -0.07 -0.07 -0.069871441 0.80375 -0.1 -0.1 -0.1 -0.099990692 0.12248892 -0.04 -0.04 -0.04 0.24748255 0.2475 0.2475 0.2475 0.53625082 0.53625 0.53625 0.53625 0.64 0.64 0.64
-0.62625 -0.62624957 -0.39625023 -0.39625 -0.39625 -0.39625 -0.21503857 -0.215 -0.215 -0.215 -0.1925 -0.1925 -0.1925 -0.1925 -0.41024036 -0.41125 -0.41125 -0.41125 -0.41125 0.072499712 0.0725 0.0725 0.53749997 0.5375 0.5375 0.5375 0.51311662 0.255 0.22750113 0.2275 0.2275 0.2275 0.2275 0.11 0.11 0.11 0.11 0.11 0.5125 0.5125 0.5125 0.5125 0.5125 0.6206866 0.62125 0.62125 0.62125 0.53625 0.53625 0.53625 0.63998365 0.64 0.64
-0.62625 -0.62625 -0.62126831 -0.031250734 -0.031250081 -0.031429384 -0.215 -0.215 -0.215 -0.215 -0.1925 -0.1925 -0.1925 -0.1925 -0.1925 -0.41125 -0.41125 -0.41125 0.072499879 0.0725 0.0725 0.0725 0.5375 0.5375 0.5375 0.5375 0.5375 0.53743991 0.22745173 0.2275 0.2275 0.2275 0.22748061 0.056144346 0.10994423 0.11 0.11 0.11 0.5125 0.5125 0.5125 0.5125 0.5125 0.62125 0.62125 0.62125 0.62125 0.58150234 0.53625 0.054189004 0.04875 0.0625 0.0625
-0.62625 -0.62625 -0.031325368 -0.03125 -0.03125 -0.03125 -0.077921725 -0.215 -0.215 -0.215 -0.1925 -0.1925 -0.1925 -0.1925 -0.1925 -0.41108312 -0.41125 0.072358168 0.0725 0.0725 0.0725 0.0725 0.36523774 0.5375 0.5375 0.5375 0.5375 0.53719189 0.1025 0.1025 0.1025 0.1025 0.1025 0.015 0.015 0.015 0.015 0.015 0.41625 0.41625 0.41625 0.41625 0.41625 0.62092343 0.62124993 0.62125 0.62122733 0.61843955 0.04875 0.04875 0.04875 0.062499923 0.0625
-0.62624968 -0.4546618 -0.031250059 -0.03125 -0.03125 -0.03125 -0.03125 -0.21492176 -0.215 -0.215 -0.1925 -0.1925 -0.1925 -0.1925 -0.34772395 -0.35125 -0.35125 0.072489094 0.0725 0.0725 0.0725 0.0725 0.072500012 0.5375 0.5375 0.5375 0.5375 0.010000103 0.010000043 0.029686248 0.1025 0.1025 0.1025 0.015 0.015 0.015 0.015 0.014979681 0.41625 0.41625 0.41625 0.41625 0.41624713 0.4875 0.4875 0.4875 0.4875 0.48746461 0.04875 0.04875 0.04875 0.048750118 0.23861747
-0.45125 -0.45125 -0.34381748 -0.03125 -0.03125 -0.03125 -0.03125 -0.03125 -0.21492126 -0.052500003 -0.0525 -0.0525 -0.052832249 -0.35124977 -0.35125 -0.35125 -0.35125 -0.35125 0.072499041 0.0642942 -0.0075 -0.0075 -0.0075 0.12910145 0.49948272 0.29605948 0.12438021 0.01 0.01 0.01 0.01 0.01 0.016601434 -0.011576854 -0.015 -0.015 -0.015 -0.015 0.40920543 0.37875007 0.37875 0.37875 0.37875 0.19375086 0.48749992 0.4875 0.4875 0.1625 0.048751822 0.04875 0.04875 0.24125 0.24125
