interpolatedSpi/02-05|20_2.tif
NCOLS 53
NROWS 52
XLLCORNER -116.03883
YLLCORNER 28.596182
DX 0.49850594
DY 0.49788537
NODATA_VALUE -9999
[rows 0 to 39 of 52, columns 0 to 52 of 53]
0.3925 0.3925 -0.11422649 -0.2325 -0.045 -0.1375 0.1275 -0.13 -0.32206176 -0.5275 -0.43 -0.175 -0.32244545 0.34 -0.5275 -0.5275 -0.5275 0.4475 0.3075 0.3075 0.3075 0.30749326 -0.3925 -0.305 -0.305 -0.305 -0.14249568 -0.1425 -0.1425 0.015 0.015 0.015 0.015 0.10499998 0.105 0.105 0.105 0.105 0.105 0.10500001 0.34738886 0.34962778 -1.1125 -1.1125 -1.1125 -1.1125 -1.1123081 -0.995 -0.995 -0.995 0.20499751 0.205 0.205
0.39247379 -0.1975 -0.094999501 -0.0075911611 0.36711567 0.39 0.36 -0.13461724 -0.3025 -0.115 -0.1425 -0.3225 -0.3225 0.1606002 0.33999016 -0.5275 0.4475 0.4475 0.30768254 0.3075 0.3075 0.3075 -0.32237024 -0.305 -0.305 -0.305 -0.16500001 -0.165 0.015 0.015 0.015 0.015 0.015 0.10499999 0.105 0.105 0.105 0.105 0.105 0.066354513 -0.15247072 -0.99601135 -1.1125 -1.1125 -1.1125 -1.1125 -1.1125 -0.995 -0.995 -0.995 -0.89549485 0.205 0.205
1.089952 1.09 0.3375 1.05 0.02 0.0375 0.1825 -0.3775 -0.47 -0.2975 0.365 -0.7875 -0.3775 -0.1625 0.16 -0.37 0.4475 0.4475 0.4475 0.2050298 0.205 0.205 -0.635 -0.305 -0.305 -0.305 -0.165 -0.165 -0.165 0.015 0.015 0.014999959 -0.39298656 0.10427686 0.10534904 0.14215637 0.1425 0.1425 0.10539677 -0.1525 -0.1525 -0.1537276 -1.1125 -1.1125 -1.1125 -1.1125 -1.1125 -0.995 -0.995 -0.995 -0.995 0.205 0.205
0.67 1.0899998 0.20494256 0.38 -0.1375 -0.03 0.065 -0.7275 -0.2425 -0.19084829 -0.4875 -0.5425 -0.3 -0.1625 -0.185 -0.37 -0.42954094 -0.42938517 -0.8525 0.205 0.205 -1.57 -0.635 -0.635 -0.305 -0.3049993 -0.165 -0.165 -0.165 -0.9 -0.86296425 -0.8325 -0.8325 -0.83249924 0.1425 0.1425 0.1425 0.1425 -0.1525 -0.1525 -0.1525 -0.15250004 -1.1125 -1.1125 -1.1125 -1.1125 -1.1125 -0.99500148 -0.995 -0.995 -0.995 0.20493206 0.205
0.67 0.092500206 0.205 -0.0026772884 -0.1375 -0.395 -0.59496136 -0.6025 -0.3775 -0.39500004 -0.45842934 -0.48497995 -0.345 -0.185 -0.185 -0.30972585 -0.43 -0.43 -0.8525 -0.8525 0.20499644 -1.57 -2.0725 -0.6775 -0.28 -0.28018882 -0.165 -0.165 -0.9 -0.9 -0.8325 -0.8325 -0.8325 -0.87917176 0.1425 0.1425 0.1425 -0.1525 -0.1525 -0.1525 -0.1525 -0.15252703 -1.1125 -1.1125 -1.1125 -1.1125 -1.1125 -1.1114541 -0.995 -0.99503946 -1.875 -1.875 -1.875
-0.9525 0.2475 0.83 -0.025 -0.215 0.015 -0.26 -0.30384981 -0.0875 -0.755 -0.2075 -0.2375 -0.23750007 -0.41 -0.41 -0.45502656 -0.455 -0.7625 -0.7625 -0.85250043 -1.755 -1.755 -0.6775 -0.28 -0.28 -1.0875 -1.3675 -1.3675 -0.47253966 -0.9 -0.8325 -0.8325 -1.08 -1.0799483 -0.58503562 -1.195 -1.195 -0.47502117 -0.1525 -0.1525 -0.43215078 -0.4325 -0.43249899 -1.8836426 -1.8974132 -1.8974998 -1.8975 -1.8974997 -3.134691 -1.875 -1.875 -1.875 -1.875
-0.46500726 0.2975 -0.46795316 0.28 0.5875 -0.2275 -0.1175 -0.2625 -0.745 -0.745 -0.2075 -0.04 -1.0874999 -0.41 -0.56499954 -0.565 -0.455 -1.06 -1.34 -1.34 -1.6454309 -1.5225 -1.5225 -1.0675 -1.0875 -1.0875 -1.3675 -1.3675 -0.47253657 -0.47317326 0.19100526 -1.08 -1.08 -0.585 -0.585 -1.1119424 -1.195 -1.195 -1.3924932 -0.43250134 -0.4325 -0.4325 -0.43249581 -1.8974962 -1.8975 -1.8975 -1.8975 -1.8975009 -3.425 -1.8753072 -1.875 -1.875 -1.875
-0.465 -0.7875 -0.14 -0.69 -0.84749097 -0.4525 -0.455 -0.89749998 -0.5 -0.56 -0.56 -0.7225 -1.0875 -1.0875 -0.56858483 -0.9566255 -0.995 -0.76 -1.1500002 -1.34 -1.5908943 -1.565 -1.8375 -0.46750001 -0.46750555 -0.8975 -1.285 -1.285 -1.0978012 -1.1 0.195 -0.40558117 -0.345 -0.585 -0.59177379 -1.0425 -1.0425 -1.3925 -1.3925 -0.4325 -0.4325 -0.43249999 -1.2151341 -1.22 -1.8975 -1.8975 -1.8975 -3.4249419 -3.425 -3.425 -1.875 -1.875 -1.875
-0.78787929 -0.78749999 -0.7725 -0.08 -0.6525 -0.85 -0.3725 0.345 -0.1875 0.13944942 -0.2025 -0.535 -0.535 -0.5325 -0.53250082 -1.2916708 -1.2925 -1.2925 -0.81953411 -1.8875 -1.87 -1.87 -1.785 -1.8168106 -0.85416735 -0.8975 -1.2225 -1.285 -0.73322511 -0.73 -0.4225 -0.2675 -0.55332286 -1.1925 -0.8225 -0.795 -0.855 -0.5275 -0.52500115 -0.43048014 0.02 -0.5425 -1.2199438 -1.22 -1.2238133 -1.8975 -2.0225 -3.425 -3.425 -3.425 -3.425 -1.7663673 -1.8075
-0.79 -0.79 -0.4925 -0.2975 -0.4925 -0.71 -0.3925 -0.3025 0.2125 0.22246357 -0.115 -0.12 -0.5325 -0.5325 -0.62 -0.62922364 -1.2925 -1.2924078 -0.885 -1.8875 -1.8875 -1.8852454 -1.785 -1.9149975 -1.915 -1.915 -1.2225 -0.9175 -0.9175 -0.73 -0.73 -0.26857633 -0.835 -1.1925 -0.855 -0.795 -0.855 -1.6125 -0.525 0.050518852 -0.54249998 -0.66464035 -0.875 -1.22 -1.22 -2.0225 -2.0225 -2.0225 -3.425 -3.425 -1.0025 -1.0025 -1.0025003
-0.79 -0.79 -1.4425 -1.23 -0.91 -0.44 -0.81249999 -0.050218115 -0.6375 -0.5275 -0.5475 -0.59 -0.12062632 -0.62 -0.62 -0.62003317 -0.9075 -0.90631909 -0.885 -0.6325 -0.6325 -1.0575 -1.0575 -1.915 -1.915 -1.915 -0.9175 -0.9175 -0.9175 -1.2475 -1.2475 -1.2474993 -0.595 -0.595 -0.9625 -1.225 -0.5675 -1.7349981 -1.32 0.06 0.06 -0.89999992 -0.875 -1.22 -1.0025001 -1.125 -0.55385248 -0.5475 -0.8175 -0.8175 -1.0025 -1.0025 -1.0025
-0.79 -1.0717168 -1.3518187 -1.4524821 -1.11 -1.3025 -0.8125 -0.05 -0.63749509 -0.52871867 -0.58999992 -0.59 -0.3225 -0.62 -0.62 -0.90749999 -0.9075 -0.90749872 -0.885 -0.6325 -0.71596135 -1.0575 -1.0575 -1.9149649 -1.915 -1.6807873 -1.2025 -1.2025 -1.2025 -1.2475 -1.2475 -1.285 -1.285 -0.59500101 -0.9625 -1.0399999 -0.71823299 -1.735 -1.735 0.059999969 -0.9 -0.9 -0.90000074 -1.0025 -1.0025 -1.125 -0.5475 -0.5475 -0.8175 -0.8175 -1.0025 -1.0025 -1.0025
-0.4175 -0.23528261 -0.13504111 -0.14454153 -1.1100009 -1.3024955 -0.81250001 -0.059385948 -0.59701524 -0.63462761 -0.3225 -0.3225 -0.3225 -0.3225 -0.61995786 -0.9075 -0.9075 -0.90720949 -0.885 -0.63243869 -0.415 -0.415 -0.415 -0.415 -1.8890278 -1.2025 -1.2025 -1.2025 -1.2025 -1.2024689 -1.285 -1.285 -1.285 -1.285 -1.04 -1.04 -1.04 -1.7012239 -1.7309819 -1.2 -1.2 -0.90001614 -1.2149927 -1.0025205 -1.0025 -1.125 -0.5475 -0.5475 -0.8175 -0.8175 -1.0018288 -1.0025 -1.3690461
-0.4175 -0.135 -0.135 -0.135 -0.135 -0.13500049 -0.81375423 -0.45178962 -0.48900567 -0.32283646 -0.3225 -0.3225 -0.3225 -0.3225 -0.32250001 -0.9075 -0.9075 -0.90595665 -0.88499879 -0.415 -0.415 -0.415 -0.415 -0.415 -0.42483871 -1.0489384 -0.99500004 -0.995 -0.995 -0.995 -1.285 -1.285 -1.285 -1.2875 -1.2875 -1.04 -1.0327086 -1.0325 -1.1999999 -1.2 -1.2 -1.2 -1.215 -1.215 -1.215 -1.2143737 -0.79102589 -0.7925 -0.7925 -0.7925 -0.7925 0.39249971 0.3925
0.18 -0.135 -0.135 -0.135 -0.135 -0.135 -0.13500005 -0.53160664 -0.33546813 -0.335 -0.335 -0.335 -0.335 -0.335 -0.335 -0.29832876 -0.8978176 -0.90441884 -0.4150591 -0.415 -0.415 -0.415 -0.415 -0.415 -0.87 -0.87 -0.87000018 -0.995 -0.995 -0.99572589 -1.3575 -1.3575 -1.2875 -1.2875 -1.2875 -1.0733482 -1.0325 -1.0325 -1.0325 -1.2 -1.2 -1.2 -1.215 -1.215 -1.215 -1.215 -0.7925 -0.7925 -0.7925 -0.7925 -0.7925 0.3925 0.3925
0.18 0.062729079 -0.135 -0.135 -0.135 -0.135 -0.27497252 -0.275 -0.275 -0.335 -0.335 -0.335 -0.335 -0.335 -0.32672724 -0.2975 -0.2975 -0.2975 -0.4174922 -0.4175 -0.4175 -0.4175 -0.4175 -0.4175 -0.87 -0.87 -0.87 -0.87 -0.995 -1.3575 -1.3575 -1.3575 -1.2875 -1.2875 -1.2875 -0.91 -1.0323378 -1.0325 -1.0325 -1.2000231 -1.2463715 -1.3545367 -1.215 -1.215 -0.7215276 -0.72 -0.72 -0.79159275 -0.24193074 -0.24000005 -0.2400001 0.090045705 0.39249938
0.18 -0.16303255 -0.15397673 -0.135 -0.135 -0.27491728 -0.275 -0.275 -0.275 -0.27543238 -0.335 -0.335 -0.335 -0.335 -0.2975 -0.2975 -0.2975 -0.2975 -0.41739281 -0.4175 -0.4175 -0.4175 -0.4175 -0.4175 -0.86999999 -0.87 -0.87 -0.87 -0.8717732 -1.3575 -1.3575 -1.3575 -0.88250001 -1.2874518 -0.91 -0.91 -0.91 -0.91435119 -1.3345823 -1.355 -1.355 -1.355 -0.835 -0.835 -0.72 -0.72 -0.72 -0.24000001 -0.24 -0.24 -0.24 0.09 0.09
-0.17206545 -0.1725 -0.1725 -0.1725 -0.1175 -0.27499594 -0.275 -0.275 -0.275 -0.275 -0.27216218 -0.33498918 -0.33499998 -0.2975 -0.2975 -0.2975 -0.2975 -0.2975 -0.32458332 -0.4175 -0.4175 -0.4175 -0.4175 -0.4175 -0.568817 -0.46750218 -0.4675 -0.4675 -0.4675 -1.3575 -0.88250001 -0.8825 -0.8825 -0.8825 -0.91 -0.9100104 -1.305 -1.305 -1.3543757 -1.355 -1.355 -1.355 -0.835 -0.835 -0.73780596 -0.72 -0.72 -0.24 -0.24 -0.24 -0.23646154 0.09 0.09
-0.1725 -0.1725 -0.1725 -0.14659968 -0.1175 -0.1175 -0.275 -0.275 -0.275 -0.275 0.495 0.495 0.495 -0.2975 -0.2975 -0.2975 -0.2975 -0.29747604 -0.5775 -0.5775 -0.41750006 -0.4175 -0.41579579 -0.3475 -0.3485803 -0.4675 -0.4675 -0.4675 -0.4675 -0.88245774 -0.8825 -0.8825 -0.8825 -0.8825 -1.3049986 -1.305 -1.305 -1.305 -1.3051399 -1.355 -1.355 -1.355 -0.835 -0.835 -0.835 -0.72 -0.72 -0.24 -0.24 -0.24 0.09 0.09 0.09
-0.1725 -0.1725 -0.1725 -0.1175 -0.1175 -0.1175 -0.11750024 -0.275 -0.275 0.49420514 0.495 0.495 0.495 0.49450624 -0.18013375 -0.1525 -0.1525 -0.1525 -0.5775 -0.5775 -0.5775 -0.3475 -0.3475 -0.3475 -0.34739495 -0.20786047 -0.4675 -0.4675 -0.4675 -0.7285561 -0.70501746 -0.705 -0.705 -0.705 -1.0446915 -0.68000142 -0.68 -0.68 -0.68 -0.18016077 -0.18 -0.18 -0.835 -0.835 0.23999551 0.23999992 0.025 0.025 0.055 0.055 0.055 0.09 0.43718929
-0.17249999 -0.1725 -0.1725 -0.1175 -0.1175 -0.1175 -0.1175 -0.15250004 -0.2745102 0.49493426 0.495 0.495 0.495 0.49372943 -0.1525 -0.1525 -0.1525 -0.15250012 -0.5775 -0.5775 -0.5775 -0.3475 -0.3475 -0.3475 0.0275 0.0275 -0.2625 -0.2625 -0.2625 -0.26491398 -0.705 -0.705 -0.705 -0.705 -0.69250686 -0.68 -0.68 -0.68 -0.68 -0.18 -0.18 -0.18 -0.16678519 0.24 0.24 0.24 0.025 0.025 0.055 0.055 0.055 0.43749999 0.4375
-0.17 -0.18496123 -0.5625 -0.5623709 -0.1175 -0.15229749 -0.1525 -0.1525 -0.11970592 0.42249999 0.4225 0.4225 0.4225 -0.082483561 -0.0825 -0.15249995 -0.1525 -0.16369813 -0.5775 -0.5775 -0.5775 -0.655 -0.655 -0.655 0.0275 0.0275 -0.2625 -0.2625 -0.2625 -0.26250027 -0.63750043 -0.63750019 -0.70330349 -0.70492764 -0.62758851 -0.6275 -0.6275 -0.6275 -0.6275 -0.18 -0.18 -0.18 0.21687349 0.24 0.24 0.23999996 0.025 0.025 0.02500108 0.055 0.054999329 0.04 0.4375
-0.56492499 -0.565 -0.5625 -0.5625 -0.5625 -0.1525 -0.1525 -0.1525 -0.0625 -0.0625 0.4225 0.4225 0.4225 -0.0825 -0.0825 -0.0825 -0.0825 -0.082555197 -0.5775 -0.5775 -0.5775 -0.655 -0.655 -0.655 0.0275 0.0275 -0.2625 -0.2625 -0.2625 -0.63327185 -0.6375 -0.6375 -0.6375 -0.6375 -0.62750493 -0.6275 -0.6275 -0.6275 -0.6275 -0.1675 -0.1675 -0.1675 -0.1675 0.23999835 0.025 0.025 0.025 -0.0475 -0.0475 -0.0475 0.04 0.04 0.04
-0.565 -0.565 -0.5625 -0.5625 -0.5625 -0.15465503 -0.1525 -0.0625 -0.0625 -0.0625 0.4224403 0.4225 -0.17195824 -0.082500051 -0.0825 -0.0825 -0.0825 -0.26 -0.26 -0.26 -0.6225 -0.62250002 -0.65499984 -0.655 -0.65469721 -0.4675 -0.4675 -0.46749951 -0.26253313 -0.14009914 -0.14000265 -0.14008686 -0.63664972 -0.63707066 -0.6289574 -0.62749989 -0.6265449 -0.3425 -0.3425 -0.1675 -0.1675 -0.1675 -0.1675 0.025 0.025 0.025 0.025 -0.0475 -0.0475 -0.0475 0.04 0.04 0.04
-0.565 -0.565 -0.5625 -0.5625 -0.5625 -0.5625 -0.11881563 -0.0625 -0.0625 -0.0625 -0.062633952 -0.305 -0.305 -0.305 -0.083811244 -0.0825 -0.25881718 -0.26 -0.26 -0.26 -0.6225 -0.6225 -0.6225 -0.6225 -0.4675 -0.4675 -0.4675 -0.4675 -0.4675 -0.14 -0.14 -0.14 -0.14 -0.13999979 -0.0425 -0.3425 -0.3425 -0.3425 -0.3425 -0.34250024 -0.445 -0.445 -0.445 -0.3514423 -0.1575 -0.1575 -0.1575 -0.047500003 -0.047500068 -0.1175 -0.1175 0.38241668 0.3825
-0.565 -0.565 -0.56340232 -0.5625 -0.5625 -0.56250001 -1.178017 -0.066021743 -0.062500001 -0.062500001 -0.30500013 -0.305 -0.305 -0.305 -0.305 -0.2867557 -0.26 -0.26 -0.26 -0.26 -0.6224972 -0.6225 -0.6225 -0.6225 -0.4675 -0.4675 -0.4675 -0.4675 -0.4675 -0.30072302 -0.14 -0.14 -0.14 -0.0425 -0.0425 -0.042732957 -0.3425 -0.3425 -0.36641809 -0.385 -0.445 -0.445 -0.445 -0.35237853 -0.1575 -0.1575 -0.1575 -0.15 -0.11790495 -0.1175 -0.1175 0.3825 0.3825
-0.86 -0.86 -0.86 -0.63709143 -0.56282509 -1.18 -1.18 -1.18 -1.18 -0.9175 -0.9175 -0.30500004 -0.305 -0.305 -0.305 -0.30499716 -0.26 -0.26 -0.26 -0.26 -0.46431676 -0.6225 -0.6225 -0.60535838 0.010235558 -0.4675 -0.4675 -0.4675 -0.3575 -0.3575 -0.3575 -0.35749909 -0.0425 -0.0425 -0.0425 -0.0425 -0.385 -0.385 -0.385 -0.385 -0.5175 -0.5175 -0.5175 -0.085008696 -0.085 -0.085 -0.085000023 -0.15 -0.15 -0.1175396 -0.1175 0.38249887 0.3825
-0.86 -0.86 -0.86 -0.85999556 -0.7775 -0.83603011 -1.18 -1.18 -1.18 -0.9175 -0.9175 -0.9175 -0.50999999 -0.51 -0.51 -0.51 -0.26079684 -0.26 -0.26 -0.26 -0.26546103 0.032498202 0.0325 0.0325 0.0325 0.032499973 -0.765 -0.765 -0.3575 -0.3575 -0.3575 -0.3575 -0.042500152 -0.0425 -0.0425 -0.042517105 -0.38500001 -0.385 -0.385 -0.38644765 -0.5175 -0.5175 -0.5175 -0.085020056 -0.085 -0.085 -0.085 -0.15 -0.15 -0.14999996 0.1575 0.1575 0.87
-0.86 -0.86 -0.86 -0.77750019 -0.7775 -0.7775 -1.1799998 -1.18 -1.18 -0.9175 -0.9175 -0.9175 -0.51 -0.51 -0.51 -0.52408952 -0.695 -0.695 -0.69499888 -0.26245699 0.0325 0.0325 0.0325 0.0325 0.0325 0.031899839 -0.765 -0.765 -0.765 -0.3575 -0.3575 -0.35748552 -0.2525 -0.2525 -0.2525 -0.685 -0.685 -0.715 -0.715 -0.715 0.1 -0.51730631 -0.5174941 0.2725 0.2725 0.25895116 -0.084999165 -0.15 -0.15 0.1575 0.1575 0.1575 0.87
-0.86 -0.86 -0.86 -0.7775 -0.7775 -0.7775 -0.7775 -1.18 -1.18 -0.9175 -0.9175 -0.52629412 -0.51 -0.51 -0.51 -0.695 -0.695 -0.695 -0.695 -0.695 0.0325 0.0325 0.0325 0.0325 0.0325 -0.76499728 -0.765 -0.765 -0.765 -0.335 -0.335 -0.335 -0.2525 -0.2525 -0.2525 -0.685 -0.685 -0.715 -0.715 0.1 0.1 0.1 0.2725 0.2725 0.2725 0.2725 0.30515357 0.67 0.67 0.67 0.15750002 1 1
-0.86 -0.86 -0.85988512 -0.7775 -0.7775 -0.7775 -0.7775 -0.56567738 -0.555 -0.55562236 -0.91749999 -0.51001047 -0.51 -0.51 -0.51000064 -0.695 -0.695 -0.695 -0.695 -0.695 -1.2477956 0.0325 0.0325 0.0325 0.032319779 -0.76500436 -0.765 -0.765 -0.765 -0.335 -0.335 -0.335 -0.33498793 -0.2525 -0.685 -0.685 -0.685 -0.68500073 -0.71494442 0.1 0.1 0.1 0.27248953 0.2725 0.2725 0.2725 0.67000332 0.67 0.67 0.67 1 1 1
-0.0625 -0.062501394 -0.77751815 -0.7775 -0.7775 -0.7775 -0.55504735 -0.555 -0.555 -0.555 -0.635 -0.635 -0.635 -0.635 -0.69472306 -0.695 -0.695 -0.695 -0.695 -1.3024996 -1.3025 -1.3025 -0.84249985 -0.8425 -0.8425 -0.8425 -0.83581075 -0.765 -0.31501843 -0.315 -0.315 -0.315 -0.315 0.0099999968 0.01 0.01 0.01 0.01 0.4875 0.4875 0.4875 0.4875 0.4875 1.0038958 1.005 1.005 1.005 0.67 0.67 0.67 0.99994801 1 1
-0.0625 -0.0625 -0.059569836 0.28749786 0.28749976 0.28667796 -0.555 -0.555 -0.555 -0.555 -0.635 -0.635 -0.635 -0.635 -0.635 -0.695 -0.695 -0.695 -1.3024998 -1.3025 -1.3025 -1.3025 -0.8425 -0.8425 -0.8425 -0.8425 -0.8425 -0.84248307 -0.3149218 -0.315 -0.315 -0.315 -0.31496859 0.18432225 0.010180503 0.01 0.01 0.010000004 0.4875 0.4875 0.4875 0.4875 0.4875 1.005 1.005 1.005 1.005 0.84834745 0.67 1.1174515 1.1225 0.6725 0.6725
-0.0625 -0.0625 0.28745567 0.2875 0.2875 0.2875 0.073508554 -0.555 -0.555 -0.555 -0.635 -0.635 -0.635 -0.635 -0.635 -0.69495227 -0.695 -1.3023219 -1.3025 -1.3025 -1.3025 -1.3025 -1.01291 -0.8425 -0.8425 -0.8425 -0.8425 -0.84198299 -0.1125 -0.1125 -0.1125 -0.1125 -0.1125 0.3175 0.3175 0.3175 0.3175 0.3175 1.1525 1.1525 1.1525 1.1525 1.1525 1.0062208 1.0050003 1.005 1.0050848 1.0152151 1.1225 1.1225 1.1225 0.67250252 0.6725
-0.062498628 0.6679755 0.28750006 0.2875 0.2875 0.2875 0.2875 -0.55464127 -0.555 -0.555 -0.635 -0.635 -0.635 -0.635 -0.46633146 -0.4625 -0.4625 -1.3024784 -1.3025 -1.3025 -1.3025 -1.3025 -1.3024998 -0.8425 -0.8425 -0.8425 -0.8425 -0.097500037 -0.097500007 -0.10069236 -0.1125 -0.1125 -0.1125 0.3175 0.3175 0.3175 0.3175 0.31743396 1.1525 1.1525 1.1525 1.1525 1.1525077 1.505 1.505 1.505 1.505 1.5049692 1.1225 1.1225 1.1225 1.1224998 0.79073271
0.6825 0.6825 0.60765143 0.2875 0.2875 0.2875 0.2875 0.2875 -0.55463907 0.14499999 0.145 0.145 0.1431489 -0.46250025 -0.4625 -0.4625 -0.4625 -0.4625 -1.3024928 -1.2407001 -0.7 -0.7 -0.7 -0.73349804 -0.79147681 -0.5184614 -0.2880286 -0.0975 -0.0975 -0.0975 -0.0975 -0.0975 -0.096611749 0.21781144 0.22 0.22 0.22 0.22 1.1712851 1.2524998 1.2525 1.2525 1.2525 1.1900009 1.5049999 1.505 1.505 0.9575 1.1224974 1.1225 1.1225 0.7925 0.7925
0.6825 0.6825 0.67 0.67 0.67 0.28762741 0.2875 0.2875 0.145 0.145 0.145 0.145 0.145 -0.46249997 -0.4625 -0.4625 -0.4625 -0.4625 -0.7 -0.7 -0.7 -0.7 -0.7 -0.20500003 -0.205 -0.205 -0.205 -0.097500001 -0.0975 -0.0975 -0.0975 -0.0975 0.025 0.025 0.22 0.22 0.22 0.77240591 0.7725 1.2525 1.2525 1.2525 1.2525 1.19 1.19 1.19 0.9575 0.9575 0.9575 0.78 0.78 0.7925 0.7925
0.6825 0.6825 0.67 0.67 0.67 0.67 0.66999856 0.4075 0.14524715 0.145 0.145 0.145 0.145 -0.45492199 -0.4625 -0.4625 -0.4625 -0.4625 -0.7 -0.7 -0.7 -0.7 -0.7 -0.205 -0.205 -0.205 -0.205 -0.20499955 -0.0975 -0.0975 -0.0975 0.024993577 0.025 0.025 0.025 0.22 0.77249999 0.7725 0.7725 0.7851297 1.3094031 1.32 1.32 1.19 1.19 1.19 0.9575 0.9575 0.9575 0.78 0.78 0.78 0.85816444
0.605 0.60500061 0.67 0.67 0.67 0.67 0.4075 0.4075 0.4075 0.145 0.145 0.145 0.145 0.14481115 -0.4625 -0.4625 -0.4625 -0.4625 -0.69999537 -0.7 -0.7 -0.69999998 -0.29217635 -0.205 -0.205 -0.205 -0.205 0.0049998284 0.005 0.0049999989 -0.096395322 0.025 0.025 0.025 0.025000661 0.71749999 0.7725 0.7725 0.7725 0.7725 1.32 1.32 1.32 1.2 1.2 1.2 1.0199939 0.9575 0.9575 0.78 0.78 0.78 0.86500045
0.605 0.605 0.67 0.67 0.67 0.4075 0.4075 0.4075 0.4075 0.17377176 0.145 0.145 0.145 0.14499903 0.17992606 0.18 0.18 0.18 0.41362618 0.45 0.45 0.45 0.45 -0.205 -0.205 -0.205 -0.20498615 0.005 0.005 0.005 0.005 0.025097821 0.41451122 0.7175 0.7175 0.7175 0.77449697 1.3074889 1.3075 1.3075 1.3199863 1.3025 1.3025 1.2 1.2 1.1999992 1.02 1.02 0.8925 0.8925 0.8925 1.015 1.0275
