interpolatedSpi/02-06|21_1.tif
NCOLS 53
NROWS 52
XLLCORNER -116.03883
YLLCORNER 28.596182
DX 0.49850594
DY 0.49788537
NODATA_VALUE -9999
[rows 0 to 39 of 52, columns 0 to 52 of 53]
-0.562 -0.562 -0.43598975 -0.668 -0.63 -0.776 -0.822 -0.718 -0.618796 -0.726 -0.862 -0.68 -0.97397052 -0.616 -0.736 -0.736 -0.736 -0.502 -0.33 -0.33 -0.33 -0.3299999 -0.32 -0.412 -0.412 -0.412 -0.024004809 -0.024 -0.024 -0.446 -0.446 -0.446 -0.446 -0.47399999 -0.474 -0.474 -0.474 -0.474 -0.474 -0.47399998 0.14928608 0.15581862 -0.556 -0.556 -0.556 -0.556 -0.5550494 0.026 0.026 0.026 1.001998 1.002 1.002
-0.56202097 -1.034 -0.71199988 -0.77422868 -0.85405841 -0.596 -0.466 -0.71199426 -0.74 -0.88 -0.736 -0.974 -0.974 -0.67579993 -0.61600178 -0.736 -0.502 -0.502 -0.33022426 -0.33 -0.33 -0.33 -0.42579092 -0.412 -0.412 -0.412 -0.55799999 -0.558 -0.446 -0.446 -0.446 -0.446 -0.446 -0.474 -0.474 -0.474 -0.474 -0.474 -0.47400002 -0.48904743 -0.55000536 -0.55527203 -0.556 -0.556 -0.556 -0.556 -0.556 0.026 0.026 0.026 0.10693085 1.002 1.002
-0.89998568 -0.9 -0.608 -0.552 -0.84 -0.83 -0.542 -0.846 -0.914 -0.892 -0.714 -1.036 -0.582 -1.188 -0.676 -1.07 -0.502 -0.502 -0.502 -0.73388256 -0.734 -0.734 -0.674 -0.412 -0.412 -0.412 -0.558 -0.558 -0.558 -0.446 -0.446 -0.446 -0.49317721 -0.47448796 -0.47599188 -0.68603902 -0.688 -0.688 -0.67064324 -0.55 -0.55 -0.55000767 -0.556 -0.556 -0.556 -0.556 -0.556 0.026 0.026 0.026 0.026000002 1.002 1.002
-0.096 -0.89999997 -0.73204259 -0.29 -0.71 -0.798 -0.688 -0.798 -0.934 -0.87853644 -0.918 -1.238 -1.082 -1.188 -0.964 -1.07 -1.2962556 -1.2974423 -1.324 -0.734 -0.734 -1.296 -0.674 -0.674 -0.412 -0.41200073 -0.558 -0.558 -0.558 -0.51 -0.52865504 -0.544 -0.544 -0.54400011 -0.688 -0.688 -0.688 -0.688 -0.55 -0.55 -0.55 -0.55 -0.556 -0.556 -0.556 -0.556 -0.556 0.025992658 0.026 0.026 0.026 1.0019612 1.002
-0.096 0.31999807 -0.732 -0.94813172 -0.71 -0.624 -0.89197699 -0.502 -0.604 -0.92999985 -1.0111003 -1.0519333 -0.586 -0.964 -0.964 -1.0385066 -1.298 -1.298 -1.324 -1.324 -0.7340011 -1.296 -1.078 -0.814 -0.408 -0.40797197 -0.558 -0.558 -0.51 -0.51 -0.544 -0.544 -0.544 -0.5145826 -0.688 -0.688 -0.688 -0.55 -0.55 -0.55 -0.55 -0.54999807 -0.556 -0.556 -0.556 -0.556 -0.556 -0.55081948 0.026 0.025990494 -0.186 -0.186 -0.186
-0.988 -0.214 -0.51 -0.69 -1.026 -0.854 -0.876 -0.82811729 -0.648 -0.37 -0.37 -0.198 -0.19800026 -0.786 -0.786 -1.2240241 -1.224 -0.808 -0.808 -1.3239994 -1.064 -1.064 -0.814 -0.408 -0.408 -0.288 -0.462 -0.462 -0.17603053 -0.51 -0.544 -0.544 -0.388 -0.38801087 -0.49199262 -0.712 -0.712 -0.6001184 -0.55 -0.55 -0.53002494 -0.53 -0.52999996 -1.2436431 -1.2559226 -1.2559998 -1.256 -1.2559997 -0.88036361 -0.186 -0.186 -0.186 -0.186
0.12200045 -0.13 0.19676083 -0.312 -0.716 -1.104 -0.74799999 -0.56 -0.596 -0.596 -0.37 -0.718 -0.39000009 -0.786 -1.3239984 -1.324 -1.224 -1.142 -0.65 -0.65 -1.0131034 -0.956 -0.956 -0.22 -0.288 -0.288 -0.462 -0.462 -0.17600874 -0.17616094 -0.50743742 -0.388 -0.388 -0.492 -0.492 -0.74249984 -0.712 -0.712 -0.67600125 -0.5300002 -0.53 -0.53 -0.53000093 -1.2559995 -1.256 -1.256 -1.256 -1.2559999 -1.03 -0.18616726 -0.186 -0.186 -0.186
0.122 0.34 0.282 -0.846 -1.1279838 -0.894 -0.8 -0.82599999 -1.092 -0.898 -0.898 -0.706 -0.39 -0.39 -1.3175919 -1.3148924 -1.314 -0.788 -0.77199987 -0.65 -0.33218925 -0.34 -0.522 -0.066000002 -0.06600049 -0.104 -0.206 -0.20600009 -0.32547438 -0.326 -0.508 -0.75011458 -0.5 -0.492 -0.49867396 -0.768 -0.768 -0.676 -0.676 -0.53 -0.53 -0.53 -1.1552867 -1.158 -1.256 -1.256 -1.256 -1.0300086 -1.03 -1.03 -0.186 -0.186 -0.186
0.064788011 0.34 0.38 -0.098 -0.892 -0.916 -1.01 -1.26 -1.228 -0.86596332 -0.602 -0.524 -0.524 -0.792 -0.79200182 -0.96298105 -0.962 -0.962 -0.78555757 -0.49399995 -0.248 -0.248 -0.544 -0.53066984 -0.1001706 -0.104 -0.17 -0.206 -0.48039616 -0.482 -0.82 -0.326 -0.4509064 -0.838 -0.726 -0.894 -0.906 -0.738 -0.81596398 -0.52985716 -0.498 -0.808 -1.1579215 -1.158 -1.1585516 -1.256 -1.128 -1.03 -1.03 -1.03 -1.03 -0.20243498 -0.134
-1.474 -1.474 0.382 -0.144 -0.706 -0.95 -0.768 -1.124 -1.276 -0.77401087 -0.838 -0.116 -0.792 -0.792 -0.986 -0.98567083 -0.962 -0.96197441 -0.82 -0.494 -0.494 -0.46230695 -0.544 -0.35000367 -0.35 -0.35 -0.17 0.104 0.104 -0.482 -0.482 -0.32647036 -0.574 -0.838 -0.358 -0.894 -0.906 -0.704 -0.816 -0.76681036 -0.80799999 -0.7595112 -0.676 -1.158 -1.158 -1.128 -1.128 -1.128 -1.03 -1.03 -0.318 -0.318 -0.31799993
-1.474 -1.474 -0.158 -0.846 -0.716 -0.57 -0.876 -0.88201454 -1.002 -0.778 -0.88 -0.672 -0.1167412 -0.986 -0.986 -0.986015 -1.116 -1.1004645 -0.82 -0.786 -0.786 -0.596 -0.596 -0.35 -0.35 -0.35 0.104 0.104 0.104 -1.098 -1.098 -1.0979991 -0.62 -0.62 -0.968 -1.21 -0.894 -1.7159938 -1.012 -0.766 -0.766 -0.47200067 -0.676 -1.158 -1.0840001 -1.168 -0.69786052 -0.696 -0.77 -0.77 -0.318 -0.318 -0.318
-1.474 -0.90589402 -0.45159414 -0.64799684 0.008 -0.83 -0.876 -0.882 -1.001999 -0.78048165 -0.67200014 -0.672 -0.584 -0.986 -0.986 -1.116 -1.116 -1.1159832 -0.82 -0.786 -0.74868787 -0.596 -0.596 -0.3500102 -0.35 -0.35065744 -0.352 -0.352 -0.35199994 -1.098 -1.098 -0.974 -0.974 -0.62000095 -0.968 -1.0860001 -0.90843199 -1.716 -1.716 -0.76599999 -0.472 -0.472 -0.47200446 -1.084 -1.084 -1.168 -0.696 -0.696 -0.77 -0.77 -0.318 -0.318 -0.318
-1.412 -0.67593496 -0.7100042 -0.70954125 0.0079956291 -0.82998021 -0.876 -0.88192615 -0.99373077 -0.99615076 -0.584 -0.584 -0.584 -0.584 -0.98594305 -1.116 -1.116 -1.1121782 -0.82 -0.7860355 -0.908 -0.908 -0.908 -0.908 -0.35943913 -0.352 -0.352 -0.352 -0.352 -0.35254524 -0.974 -0.974 -0.974 -0.974 -1.086 -1.086 -1.086 -1.6847695 -1.7113735 -1.1 -1.1 -0.47203378 -0.89800637 -1.0839821 -1.084 -1.168 -0.696 -0.696 -0.77 -0.77 -0.31963981 -0.318 0.2495823
-1.412 -0.71 -0.71 -0.71 -0.71 -0.71000004 -0.87588214 -0.87885455 -0.97166921 -0.58444459 -0.584 -0.584 -0.584 -0.584 -0.58400011 -1.116 -1.116 -1.0956964 -0.82000441 -0.908 -0.908 -0.908 -0.908 -0.908 -0.91426669 -0.6664208 -0.74999992 -0.75 -0.75 -0.75 -0.974 -0.974 -0.97399993 -0.916 -0.916 -1.086 -0.78462057 -0.776 -1.0999998 -1.1 -1.1 -1.1 -0.898 -0.898 -0.898 -0.89987895 -0.42388077 -0.422 -0.422 -0.422 -0.42200001 0.12599991 0.126
-1.104 -0.71 -0.71 -0.71 -0.71 -0.71 -0.71000001 -0.82512762 -0.73120225 -0.73 -0.73 -0.73 -0.73 -0.73 -0.73 -0.82606089 -1.1114033 -1.0754676 -0.90798903 -0.908 -0.908 -0.908 -0.908 -0.90799987 -1.198 -1.198 -1.1979994 -0.75 -0.75 -0.75030037 -0.9 -0.9 -0.916 -0.916 -0.916 -0.79842651 -0.776 -0.776 -0.776 -1.1 -1.1 -1.1 -0.898 -0.898 -0.898 -0.898 -0.422 -0.422 -0.422 -0.422 -0.422 0.126 0.126
-1.104 -0.95731828 -0.71 -0.71 -0.71 -0.71 -0.69400314 -0.694 -0.694 -0.73 -0.73 -0.73 -0.73 -0.73 -0.75161949 -0.828 -0.828 -0.828 -0.79634108 -0.79600011 -0.796 -0.796 -0.796 -0.796 -1.198 -1.198 -1.198 -1.198 -0.75 -0.9 -0.9 -0.9 -0.916 -0.916 -0.916 -0.85 -0.77609798 -0.776 -0.776 -1.0999256 -0.95161133 -0.60548243 -0.898 -0.898 -0.40552451 -0.404 -0.404 -0.42146481 -0.097139222 -0.096000028 -0.096000062 0.22198539 0.1260002
-1.104 -1.0592354 -0.88610402 -0.71 -0.71 -0.69400945 -0.694 -0.694 -0.694 -0.69425943 -0.73 -0.73 -0.73 -0.73000001 -0.828 -0.828 -0.828 -0.828 -0.79602858 -0.796 -0.796 -0.796 -0.796 -0.796 -1.198 -1.198 -1.198 -1.198 -1.1969161 -0.9 -0.9 -0.9 -1.148 -0.91599889 -0.85 -0.85 -0.85 -0.84995052 -0.61489628 -0.604 -0.604 -0.604 -0.748 -0.748 -0.404 -0.404 -0.404 -0.096000004 -0.096 -0.096 -0.096 0.222 0.222
-1.0580184 -1.058 -1.058 -1.058 -0.814 -0.6940031 -0.694 -0.694 -0.694 -0.694 -0.72818299 -0.72999969 -0.73 -0.828 -0.828 -0.828 -0.828 -0.828 -0.79152824 -0.796 -0.796 -0.796 -0.796 -0.796 -1.009858 -1.0480008 -1.048 -1.048 -1.048 -0.90000001 -1.148 -1.148 -1.148 -1.148 -0.85 -0.84999989 -0.846 -0.846 -0.60702173 -0.604 -0.604 -0.604 -0.748 -0.748 -0.45726304 -0.404 -0.404 -0.096 -0.096 -0.096 -0.092590213 0.222 0.222
-1.058 -1.058 -1.058 -0.94309676 -0.814 -0.814 -0.694 -0.694 -0.694 -0.694 -0.706 -0.706 -0.706 -0.828 -0.828 -0.828 -0.828 -0.82787837 -0.29 -0.29 -0.79599979 -0.796 -0.79970056 -0.948 -0.94890025 -1.048 -1.048 -1.048 -1.048 -1.1479898 -1.148 -1.148 -1.148 -1.148 -0.84600001 -0.846 -0.846 -0.846 -0.84513495 -0.604 -0.604 -0.604 -0.748 -0.748 -0.748 -0.404 -0.404 -0.09600001 -0.096 -0.096000001 0.222 0.222 0.222
-1.058 -1.058 -1.058 -0.814 -0.814 -0.814 -0.81399982 -0.694 -0.694 -0.70598761 -0.706 -0.706 -0.706 -0.706076 -0.2322651 -0.092 -0.092 -0.092000001 -0.29 -0.29 -0.29 -0.948 -0.948 -0.948 -0.94772547 -0.48151374 -1.048 -1.048 -1.048 -0.75201717 -0.6640476 -0.664 -0.664 -0.664 -0.74527481 -0.60400055 -0.604 -0.604 -0.604 -0.57800356 -0.578 -0.578 -0.748 -0.748 -0.60800058 -0.60799996 -0.508 -0.508 -0.298 -0.298 -0.298 0.222 -0.093717458
-1.0579981 -1.058 -1.058 -0.814 -0.814 -0.814 -0.814 -0.694 -0.694 -0.70611969 -0.706 -0.706 -0.706 -0.70479516 -0.092 -0.092 -0.092 -0.092000057 -0.29 -0.29 -0.29 -0.948 -0.948 -0.948 0.032 0.032 -0.128 -0.128 -0.128 -0.13092405 -0.664 -0.664 -0.664 -0.664 -0.63401648 -0.604 -0.604 -0.604 -0.604 -0.578 -0.578 -0.578 -0.57894391 -0.608 -0.608 -0.608 -0.508 -0.508 -0.298 -0.298 -0.298 -0.094000007 -0.094
-0.456 -0.74496467 -1.238 -1.237877 -0.814 -0.69469432 -0.694 -0.694 -0.74574177 -0.838 -0.838 -0.838 -0.838 0.25196452 0.252 -0.091999736 -0.092 -0.097217009 -0.29 -0.29 -0.29 -0.128 -0.128 -0.128 0.032 0.032 -0.128 -0.128 -0.128 -0.12800009 -0.24800264 -0.24800117 -0.65354446 -0.66355402 -0.61805074 -0.618 -0.618 -0.618 -0.618 -0.578 -0.578 -0.578 -0.60634809 -0.608 -0.608 -0.608 -0.508 -0.508 -0.50799244 -0.298 -0.29801833 -0.708 -0.094
-0.57397759 -0.57400012 -1.238 -1.238 -1.238 -0.694 -0.694 -0.694 -0.836 -0.836 -0.838 -0.838 -0.838 0.252 0.252 0.252 0.252 0.25193854 -0.29 -0.29 -0.28999999 -0.128 -0.128 -0.128 0.032 0.032 -0.128 -0.128 -0.128 -0.24664699 -0.248 -0.248 -0.248 -0.248 -0.61781743 -0.618 -0.618 -0.618 -0.618 -0.55800001 -0.558 -0.558 -0.558 -0.60799994 -0.6 -0.6 -0.6 -0.846 -0.846 -0.846 -0.708 -0.708 -0.708
-0.574 -0.574 -1.238 -1.238 -1.238 -0.69685936 -0.694 -0.836 -0.836 -0.836 -0.83799975 -0.838 -0.44087738 0.25199986 0.252 0.252 0.252 -0.025999999 -0.026 -0.026 0.095999995 0.095999834 -0.12799891 -0.128 -0.12782465 0.092 0.092 0.091999476 -0.12796445 0.025945396 0.025998542 0.025952163 -0.24753171 -0.24776354 -0.55192326 -0.61799981 -0.61634449 -0.124 -0.124 -0.558 -0.558 -0.558 -0.558 -0.6 -0.6 -0.6 -0.6 -0.846 -0.846 -0.846 -0.708 -0.708 -0.708
-0.574 -0.574 -1.238 -1.238 -1.238 -1.238 -0.74714645 -0.836 -0.836 -0.836 -0.83573265 -0.352 -0.352 -0.352 0.24844049 0.252 -0.024147477 -0.026 -0.026 -0.026 0.096 0.096 0.096 0.096 0.092 0.092 0.092 0.092 0.092 0.026 0.026 0.026 0.026 0.025999827 -0.056 -0.124 -0.124 -0.124 -0.124 -0.12400063 -0.256 -0.256 -0.256 -0.3959275 -0.686 -0.686 -0.686 -0.846 -0.84599943 -0.258 -0.258 -0.16013332 -0.16
-0.574 -0.574 -0.99834263 -1.238 -1.238 -1.238 -0.79607098 -0.83587394 -0.836 -0.836 -0.35200005 -0.352 -0.352 -0.352 -0.352 -0.30244357 -0.026 -0.026 -0.026 -0.026 0.095999056 0.096 0.096 0.096 0.092 0.092 0.092 0.092 0.092 0.22551823 0.026 0.026 0.026 -0.056 -0.056 -0.056052804 -0.124 -0.124 0.071846923 0.22399997 -0.256 -0.256 -0.256 -0.39241277 -0.686 -0.686 -0.686 0.216 -0.25209401 -0.258 -0.258 -0.16 -0.16
-0.312 -0.312 -0.312 -1.0058263 -1.2373068 -0.796 -0.796 -0.796 -0.796 -0.568 -0.568 -0.35200002 -0.352 -0.352 -0.352 -0.35197933 -0.026 -0.026 -0.026 -0.026 0.042763158 0.096 0.096 0.1111265 0.64808419 0.092 0.092 0.092 0.296 0.296 0.296 0.29599887 -0.056 -0.056 -0.056 -0.056 0.224 0.224 0.224 0.224 -0.086 -0.086 -0.086 -0.19599779 -0.196 -0.196 -0.19600016 0.216 0.216 -0.25742246 -0.258 -0.15999656 -0.16
-0.312 -0.312 -0.312 -0.31202445 -0.766 -0.77036249 -0.796 -0.796 -0.796 -0.568 -0.568 -0.568 -0.19200001 -0.192 -0.192 -0.19200001 -0.026758375 -0.026 -0.026 -0.026 -0.024118491 0.67399841 0.674 0.674 0.674 0.67399999 0.576 0.576 0.296 0.296 0.296 0.296 -0.055999744 -0.056 -0.056 -0.055971166 0.224 0.224 0.224 0.2233683 -0.086 -0.086 -0.086 -0.1959949 -0.196 -0.196 -0.196 0.216 0.216 0.21600004 0.522 0.522 0.404
-0.312 -0.312 -0.312 -0.76599895 -0.766 -0.766 -0.79599999 -0.796 -0.796 -0.568 -0.568 -0.568 -0.192 -0.192 -0.192 -0.21088757 -0.44 -0.44 -0.43999893 -0.028338374 0.674 0.674 0.674 0.674 0.674 0.67392625 0.576 0.576 0.576 0.296 0.296 0.29588414 0.298 0.298 0.298 -0.456 -0.456 0.08 0.08 0.08 -0.104 -0.086005646 -0.085997731 0.218 0.218 0.20230987 -0.19599821 0.216 0.216 0.522 0.522 0.522 0.404
-0.312 -0.312 -0.312 -0.766 -0.766 -0.766 -0.766 -0.796 -0.796 -0.568 -0.568 -0.20703458 -0.192 -0.192 -0.192 -0.44 -0.44 -0.44 -0.44 -0.44 0.674 0.674 0.674 0.674 0.674 0.57600033 0.576 0.576 0.576 0.116 0.116 0.116 0.298 0.298 0.298 -0.456 -0.456 0.08 0.08 -0.104 -0.104 -0.104 0.218 0.218 0.218 0.218 0.2334437 0.406 0.406 0.406 0.522 0.386 0.386
-0.312 -0.312 -0.31263222 -0.766 -0.766 -0.766 -0.766 -0.82121668 -0.824 -0.82356048 -0.56799999 -0.19201273 -0.192 -0.192 -0.19200086 -0.44 -0.44 -0.44 -0.44 -0.44 0.18292254 0.674 0.674 0.674 0.67394604 0.57599077 0.576 0.576 0.576 0.116 0.116 0.116 0.11602558 0.298 -0.456 -0.456 -0.456 -0.45597767 0.079987452 -0.104 -0.104 -0.104 0.21798045 0.218 0.218 0.218 0.406 0.406 0.406 0.406 0.386 0.386 0.386
-0.536 -0.53599961 -0.76575311 -0.766 -0.766 -0.766 -0.82398766 -0.824 -0.824 -0.824 -0.34400001 -0.344 -0.344 -0.344 -0.4395569 -0.44 -0.44 -0.44 -0.44 0.16199964 0.162 0.162 0.41200004 0.412 0.412 0.412 0.42615531 0.576 0.03202228 0.032 0.032 0.032 0.032 -0.076000001 -0.076 -0.076 -0.076 -0.076 0.18 0.18 0.18 0.18 0.18 0.40771359 0.408 0.408 0.408 0.406 0.406 0.406 0.38600315 0.386 0.386
-0.536 -0.536 -0.5357154 -0.50200053 -0.50200006 -0.50231408 -0.824 -0.824 -0.824 -0.824 -0.344 -0.344 -0.344 -0.344 -0.344 -0.44 -0.44 -0.44 0.16199985 0.162 0.162 0.162 0.412 0.412 0.412 0.412 0.412 0.41203432 0.031912728 0.031999999 0.032 0.032 0.031964941 -0.16557046 -0.076092746 -0.076 -0.076 -0.076000002 0.18 0.18 0.18 0.18 0.18 0.408 0.408 0.408 0.408 0.40706476 0.406 0.038150378 0.034 -0.136 -0.136
-0.536 -0.536 -0.50200431 -0.502 -0.502 -0.502 -0.58378664 -0.824 -0.824 -0.824 -0.344 -0.344 -0.344 -0.344 -0.344 -0.43992541 -0.44 0.1618235 0.162 0.162 0.162 0.162 0.31938588 0.412 0.412 0.412 0.412 0.41157067 -0.194 -0.194 -0.194 -0.194 -0.194 -0.234 -0.234 -0.234 -0.234 -0.234 0.074 0.074 0.074 0.074 0.074000001 0.40774607 0.40799995 0.408 0.40798237 0.40582493 0.034 0.034 0.034 -0.13599905 -0.136
-0.53599974 -0.39872944 -0.50199999 -0.502 -0.502 -0.502 -0.502 -0.8238629 -0.824 -0.824 -0.344 -0.344 -0.344 -0.344 -0.26577691 -0.264 -0.264 0.16198904 0.162 0.162 0.162 0.162 0.16199999 0.412 0.412 0.412 0.412 -0.56199962 -0.56199983 -0.48368066 -0.194 -0.194 -0.194 -0.234 -0.234 -0.234 -0.234 -0.23389028 0.074 0.074 0.074 0.074 0.074005976 0.304 0.304 0.304 0.304 0.30397822 0.034 0.034 0.034 0.034000017 0.059083969
-0.396 -0.396 -0.44136763 -0.502 -0.502 -0.502 -0.502 -0.502 -0.82386184 -0.47000001 -0.47 -0.47 -0.46970098 -0.26400012 -0.264 -0.264 -0.264 -0.264 0.1619987 0.15092217 0.054 0.054 0.054 0.14317764 0.376784 0.18834983 0.029043302 -0.562 -0.562 -0.562 -0.562 -0.562 -0.54147595 -0.07051852 -0.072 -0.072 -0.072 -0.072 0.088652605 0.15199986 0.152 0.152 0.152 0.21000028 0.30399998 0.304 0.304 0.252 0.034003492 0.034 0.034 0.062 0.062
-0.396 -0.396 -0.57 -0.57 -0.57 -0.50202265 -0.502 -0.502 -0.47 -0.47 -0.47 -0.47 -0.47 -0.26400001 -0.264 -0.264 -0.264 -0.264 0.054 0.054 0.054 0.054 0.054 -0.027999996 -0.028 -0.028 -0.028 -0.562 -0.562 -0.562 -0.562 -0.562 0.06 0.06 -0.071999999 -0.072 -0.072 0.30193631 0.302 0.152 0.152 0.152 0.15199999 0.21 0.21 0.21 0.252 0.252 0.252 0.25 0.25 0.062 0.062
-0.396 -0.396 -0.57 -0.57 -0.57 -0.57 -0.56999952 -0.482 -0.4700113 -0.47 -0.47 -0.47 -0.47 -0.26656966 -0.264 -0.264 -0.264 -0.264 0.053999994 0.054 0.054 0.054 0.054 -0.028 -0.028 -0.028 -0.028 -0.028002138 -0.562 -0.562 -0.562 0.059967389 0.06 0.06 0.06 -0.072 0.302 0.302 0.302 0.29805322 0.077815255 0.064 0.064 0.21 0.21 0.21 0.252 0.252 0.252 0.25 0.25 0.25 0.18336599
-0.77 -0.76999706 -0.57 -0.57 -0.57 -0.57 -0.482 -0.482 -0.482 -0.47 -0.47 -0.47 -0.47 -0.46993596 -0.264 -0.264 -0.264 -0.264 0.053994439 0.054 0.054 0.054000002 -0.013551345 -0.028 -0.028 -0.028 -0.028 0.2179998 0.218 0.21799999 -0.55360526 0.06 0.06 0.06 0.060000084 0.148 0.302 0.302 0.302 0.302 0.064 0.064 0.064 0.218 0.218 0.218 0.31399396 0.252 0.252 0.25 0.25 0.25 0.19600084
-0.77 -0.77 -0.57 -0.57 -0.57 -0.482 -0.482 -0.482 -0.482 -0.47131241 -0.47 -0.47 -0.47 -0.46999908 -0.31399425 -0.314 -0.314 -0.314 0.017091366 0.168 0.168 0.168 0.168 -0.028 -0.028 -0.028 -0.027983773 0.218 0.218 0.218 0.218 0.060040841 0.10949745 0.148 0.148 0.148 0.30116329 0.078004664 0.078 0.078 0.064213055 0.33599999 0.336 0.218 0.218 0.21800041 0.314 0.314 0.37 0.37 0.37 0.522 0.496
