interpolatedSpi/02-08|20_2.tif
NCOLS 53
NROWS 52
XLLCORNER -116.03883
YLLCORNER 28.596182
DX 0.49850594
DY 0.49788537
NODATA_VALUE -9999
[rows 0 to 26 of 52, columns 0 to 52 of 53]
0.50142857 0.50142857 0.11990477 -0.15285714 0.26571429 0.27142857 0.61571429 0.63142857 0.14999644 -0.068571429 -0.025714286 0.28857143 0.12148327 0.78571429 0.27 0.27 0.27 0.51428571 0.42571429 0.42571429 0.42571429 0.42571247 0.23714286 0.11857143 0.11857143 0.11857143 0.58428758 0.58428571 0.58428571 0.31 0.31 0.31 0.31 0.50428568 0.50428571 0.50428571 0.50428571 0.50428571 0.50428571 0.50428572 0.83076855 0.83412851 0.21714286 0.21714286 0.21714286 0.21714286 0.21755353 0.46857143 0.46857143 0.46857143 1.0071417 1.0071429 1.0071429
0.50141048 0.094285714 0.23428623 0.33234858 0.6069256 0.74428571 0.71714286 0.47741216 0.23 0.31571429 0.21714286 0.12142857 0.12142857 0.66041919 0.78570821 0.27 0.51428571 0.51428571 0.42582977 0.42571429 0.42571429 0.42571429 0.094057583 0.11857143 0.11857143 0.11857143 0.24285713 0.24285714 0.31 0.31 0.31 0.31 0.31 0.50428569 0.50428571 0.50428571 0.50428571 0.50428571 0.50428569 0.4281108 0.034317481 0.19495475 0.21714286 0.21714286 0.21714286 0.21714286 0.21714286 0.46857143 0.46857143 0.46857143 0.51323029 1.0071429 1.0071429
1.1499637 1.15 0.68428571 1.25 0.60285714 0.44571429 0.6 0.24142857 0.41428571 0.26142857 0.67857143 -0.11714286 -0.26 0.26714286 0.66 0.49714286 0.51428571 0.51428571 0.51428571 0.21720349 0.21714286 0.21714286 -0.34714286 0.11857143 0.11857143 0.11857143 0.24285714 0.24285714 0.24285714 0.31 0.31 0.30999996 -0.047611478 0.50292713 0.50167951 0.22685149 0.22428571 0.22428571 0.20038872 0.034285716 0.034285714 0.034519543 0.21714286 0.21714286 0.21714286 0.21714286 0.21714286 0.46857143 0.46857143 0.46857143 0.46857143 1.0071429 1.0071429
0.44 1.1499998 0.36853445 0.66857143 0.16142857 0.55714286 0.80714286 -0.17142857 0.40142857 0.33401334 0.35 0.29142857 0.26714286 0.26714286 0.35285714 0.49714286 -0.29106582 -0.29657432 -0.31857143 0.21714286 0.21714286 -1.0157143 -0.34714286 -0.34714286 0.11857143 0.11857205 0.24285714 0.24285714 0.24285714 -0.47714286 -0.45284427 -0.43285714 -0.43285714 -0.43285663 0.22428571 0.22428571 0.22428571 0.22428571 0.034285714 0.034285714 0.034285714 0.034285721 0.21714286 0.21714286 0.21714286 0.21714286 0.21714286 0.46856826 0.46857143 0.46857143 0.46857143 1.00707 1.0071429
0.44 0.10285763 0.36857143 0.35717422 0.16142857 0.45142857 0.24289267 0.07 0.0014285714 0.24142852 0.18948732 0.1671932 0.51857143 0.35285714 0.35285714 0.43691917 -0.29714286 -0.29714286 -0.31857143 -0.31857143 0.21714038 -1.0157143 -1.1485714 -0.31857143 -0.24857143 -0.2486722 0.24285714 0.24285714 -0.47714286 -0.47714286 -0.43285714 -0.43285714 -0.43285714 -0.40457112 0.22428571 0.22428571 0.22428571 0.034285714 0.034285714 0.034285714 0.034285714 0.034297712 0.21714286 0.21714286 0.21714286 0.21714286 0.21714286 0.21938088 0.46857143 0.46849559 -1.2228571 -1.2228571 -1.2228571
-0.72142857 0.23142857 0.72 0.29571429 0.55428571 0.69 0.27714286 0.25062264 0.40285714 -0.02 0.41428571 -0.067142857 -0.067142471 0.03 0.03 -0.23143926 -0.23142857 -0.47142857 -0.47142857 -0.31857178 -1.21 -1.21 -0.31857143 -0.24857143 -0.24857143 -0.68 -1.0228571 -1.0228571 -0.040040032 -0.47714286 -0.43285714 -0.43285714 -0.28285714 -0.28284013 -0.12001175 -0.35428571 -0.35428571 -0.085927727 0.034285714 0.034285714 0.15841642 0.15857143 0.15857194 -0.97430403 -0.99558024 -0.99571396 -0.99571424 -0.99571384 -1.8325539 -1.2228571 -1.2228571 -1.2228571 -1.2228571
-0.54143217 0.048571429 -0.48039258 0.34571429 0.87714286 0.23857143 0.37714286 0.39285714 -0.012857143 -0.012857143 0.41428571 0.07 -0.51857145 0.03 -0.27571337 -0.27571429 -0.23142857 -0.50714286 -0.71714286 -0.71714286 -1.1622003 -1.1085714 -1.1085714 -1.0385714 -0.68 -0.68 -1.0228571 -1.0228571 -0.040014653 -0.040269762 0.44771236 -0.28285714 -0.28285714 -0.12 -0.12 -0.66706471 -0.35428571 -0.35428571 -1.2013992 0.15856954 0.15857143 0.15857143 0.15857311 -0.99571111 -0.99571429 -0.99571429 -0.99571429 -0.9957149 -2.0171429 -1.2230145 -1.2228571 -1.2228571 -1.2228571
-0.54142857 -0.88428571 -0.30285714 -0.65857143 -0.97283913 -0.26 -0.021428571 -0.37714284 -0.24285714 -0.34428571 -0.34428571 -0.65571429 -0.51857143 -0.51857143 -0.27738051 -0.42663973 -0.44142857 -0.39571429 -0.66428577 -0.71714286 -0.98755759 -0.94571429 -1.2785714 -0.76285715 -0.7628604 -1.0157143 -1.2128571 -1.2128571 -0.29054753 -0.29142856 0.45 0.022279947 0.01 -0.12 -0.13540145 -0.92857143 -0.92857143 -1.2014286 -1.2014286 0.15857143 0.15857143 0.15857143 -0.42573491 -0.42714289 -0.99571429 -0.99571429 -0.99571429 -2.017104 -2.0171429 -2.0171429 -1.2228571 -1.2228571 -1.2228571
-0.88211835 -0.88428571 -0.90285714 -0.47571429 -0.27857143 -0.52571429 -0.22714286 0.38 0.23 0.2311392 -0.07 -0.29857143 -0.29857143 -0.68857143 -0.68856876 -0.79330227 -0.79428571 -0.79428571 -0.43671213 -1.3685714 -1.4385714 -1.4385714 -1.03 -1.1806135 -0.99023296 -1.0157143 -1.0785714 -1.2128571 -0.63622752 -0.63285714 0.025714286 0.72428571 0.35445839 -0.70857143 -0.66 -0.77142857 -0.71571429 -0.54 -0.72705644 0.15962998 0.39571429 -0.28142857 -0.42713123 -0.42714286 -0.43034308 -0.99571429 -1.2828571 -2.0171429 -2.0171429 -2.0171429 -2.0171429 -1.2178768 -1.0871429
-0.87 -0.87 -0.66428571 -0.51714286 -0.16142857 -0.17714286 -0.11428571 -0.12714286 0.38285714 0.2313947 -0.074285714 -0.14571429 -0.68857143 -0.68857143 -0.40428571 -0.40963474 -0.79428571 -0.79427316 -0.75571429 -1.3685714 -1.3685714 -1.3775897 -1.03 -1.2414246 -1.2414286 -1.2414286 -1.0785714 -0.47857143 -0.47857143 -0.63285714 -0.63285714 0.72289306 -0.01 -0.70857143 -0.44857143 -0.77142857 -0.71571429 -1.2357143 -0.72714286 0.47449003 -0.28142854 -0.30871664 -0.35571429 -0.42714286 -0.42714286 -1.2828571 -1.2828571 -1.2828571 -2.0171429 -2.0171429 -1.1828571 -1.1828571 -1.1828571
-0.87 -0.87 -1.2342857 -1.05 -0.75714286 -0.36571429 -0.63428571 -0.018691614 -0.33 -0.40428571 -0.25142857 -0.31857143 -0.14594521 -0.40428571 -0.40428571 -0.40430714 -0.59 -0.59869746 -0.75571429 -0.24142857 -0.24142857 -0.52285714 -0.52285714 -1.2414286 -1.2414286 -1.2414286 -0.47857143 -0.47857143 -0.47857143 -0.89571429 -0.89571429 -0.89571283 -0.40571429 -0.40571429 -0.50571429 -0.99142857 -0.50857143 -0.68142838 -1.0585714 0.49428571 0.49428571 -0.12000077 -0.35571429 -0.42714286 -0.75142866 -0.95428571 -0.66410492 -0.66142857 -0.98571429 -0.98571429 -1.1828571 -1.1828571 -1.1828571
-0.87 -1.0272602 -1.1556444 -1.2142752 -0.96142857 -1.0642857 -0.63428571 -0.018571429 -0.3299974 -0.40346272 -0.31857154 -0.31857143 -0.27714286 -0.40428571 -0.40428571 -0.58999999 -0.59 -0.59000943 -0.75571429 -0.24142857 -0.29669542 -0.52285714 -0.52285714 -1.2413994 -1.2414286 -1.1216807 -0.87714286 -0.87714286 -0.87714281 -0.89571429 -0.89571429 -0.86285714 -0.86285714 -0.40571456 -0.50571429 -0.26428594 -0.53262432 -0.68142857 -0.68142857 0.49428569 -0.12 -0.12 -0.1200046 -0.75142857 -0.75142857 -0.95428571 -0.66142857 -0.66142857 -0.98571429 -0.98571429 -1.1828571 -1.1828571 -1.1828571
-0.16571429 -0.065896573 0.031388018 0.022404919 -0.96142899 -1.0642833 -0.63428573 -0.026150522 -0.30853939 -0.3319398 -0.27714286 -0.27714286 -0.27714286 -0.27714286 -0.4042677 -0.59 -0.59 -0.59213964 -0.75571429 -0.24143638 -0.25714286 -0.25714286 -0.25714286 -0.25714286 -1.2244732 -0.87714286 -0.87714286 -0.87714286 -0.87714286 -0.87711536 -0.86285714 -0.86285714 -0.86285714 -0.86285714 -0.26428571 -0.26428571 -0.26428571 -0.66128862 -0.6776733 -0.18142857 -0.18142857 -0.1200033 -0.55429246 -0.75140958 -0.75142857 -0.95428571 -0.66142857 -0.66142857 -0.98571428 -0.98571429 -1.1821419 -1.1828571 -1.1296612
-0.16571429 0.031428571 0.031428571 0.031428571 0.031428571 0.03142811 -0.63538638 -0.34299304 -0.25128449 -0.27720161 -0.27714286 -0.27714286 -0.27714286 -0.27714286 -0.27714281 -0.59 -0.59000003 -0.60136687 -0.75571036 -0.25714286 -0.25714286 -0.25714286 -0.25714286 -0.25714286 -0.26665666 -0.77860611 -0.73857146 -0.73857143 -0.73857143 -0.73857143 -0.86285715 -0.86285714 -0.86285718 -0.89428571 -0.89428571 -0.26428571 -0.24623073 -0.24571429 -0.18142861 -0.18142857 -0.18142857 -0.18142857 -0.55428571 -0.55428571 -0.55428571 -0.55706935 -0.6671665 -0.66714286 -0.66714286 -0.66714286 -0.66714286 0.23857114 0.23857143
0.14571429 0.031428571 0.031428571 0.031428571 0.031428571 0.031428571 0.031428526 -0.41444747 -0.21431485 -0.21428571 -0.21428571 -0.21428571 -0.21428571 -0.21428571 -0.21428571 -0.23532542 -0.5843924 -0.61269172 -0.25720549 -0.25714286 -0.25714286 -0.25714286 -0.25714286 -0.25714305 -0.69714286 -0.69714286 -0.69714292 -0.73857143 -0.73857143 -0.73912639 -1.0157143 -1.0157143 -0.89428571 -0.89428571 -0.89428571 -0.34960836 -0.24571429 -0.24571429 -0.24571429 -0.18142857 -0.18142857 -0.18142857 -0.55428571 -0.55428571 -0.55428571 -0.55428571 -0.66714285 -0.66714286 -0.66714286 -0.66714286 -0.66714286 0.23857143 0.23857143
0.14571429 0.10316701 0.031428571 0.031428571 0.031428571 0.031428571 -0.22566382 -0.22571429 -0.22571429 -0.21428571 -0.21428571 -0.21428571 -0.21428571 -0.21428571 -0.21901301 -0.23571429 -0.23571429 -0.23571429 -0.42377649 -0.42428554 -0.42428571 -0.42428571 -0.42428571 -0.42428571 -0.69714286 -0.69714286 -0.69714286 -0.69714286 -0.73857143 -1.0157143 -1.0157143 -1.0157143 -0.89428573 -0.89428571 -0.89428571 -0.22571429 -0.24568781 -0.24571429 -0.24571429 -0.18148979 -0.30366117 -0.58877887 -0.55428571 -0.55428571 -0.47310844 -0.47285714 -0.47285714 -0.66598115 0.037528856 0.039999938 0.039999866 0.29999064 0.23857155
0.14571429 0.031717782 0.029982726 0.031428571 0.031428571 -0.22556235 -0.22571429 -0.22571429 -0.22571429 -0.22563193 -0.21428571 -0.21428571 -0.21428571 -0.21428572 -0.23571429 -0.23571429 -0.23571429 -0.23571429 -0.42411727 -0.42428571 -0.42428571 -0.42428571 -0.42428571 -0.42428571 -0.69714285 -0.69714286 -0.69714286 -0.69714286 -0.69830161 -1.0157143 -1.0157143 -1.0157143 -0.50000001 -0.89420819 -0.22571429 -0.22571429 -0.22571429 -0.2313534 -0.56820946 -0.59 -0.59 -0.59 -0.44142857 -0.44142857 -0.47285714 -0.47285714 -0.47285714 0.039999994 0.04 0.04 0.04 0.3 0.3
0.028817718 0.028571429 0.028571429 0.028571428 -0.064285714 -0.22571012 -0.22571429 -0.22571429 -0.22571429 -0.22571429 -0.19395266 -0.21428221 -0.21428571 -0.23571429 -0.23571429 -0.23571429 -0.23571429 -0.23571429 -0.28738233 -0.42428571 -0.42428571 -0.42428571 -0.42428571 -0.42428571 -0.45151696 -0.28714508 -0.28714286 -0.28714286 -0.28714286 -1.0157143 -0.50000001 -0.5 -0.5 -0.5 -0.22571429 -0.22572779 -0.73857143 -0.73857143 -0.59185514 -0.59 -0.59 -0.59 -0.44142857 -0.44142857 -0.46799092 -0.47285714 -0.47285714 0.04 0.04 0.04 0.042787876 0.3 0.3
0.028571429 0.028571429 0.028571429 -0.015156385 -0.064285714 -0.064285714 -0.22571429 -0.22571429 -0.22571429 -0.22571429 0.054285714 0.054285714 0.054285714 -0.23571429 -0.23571429 -0.23571429 -0.23571429 -0.23574521 -0.82 -0.82 -0.42428587 -0.42428571 -0.42498131 -0.45285714 -0.45136529 -0.28714286 -0.28714286 -0.28714286 -0.28714286 -0.49997833 -0.5 -0.5 -0.5 -0.5 -0.73856963 -0.73857143 -0.73857143 -0.73857143 -0.73801595 -0.59 -0.59 -0.59 -0.44142857 -0.44142857 -0.44142857 -0.47285714 -0.47285714 0.039999994 0.04 0.04 0.3 0.3 0.3
0.028571429 0.028571429 0.028571429 -0.064285714 -0.064285714 -0.064285714 -0.064285961 -0.22571429 -0.22571429 0.053996674 0.054285714 0.054285714 0.054285714 0.054105028 -0.38719191 -0.42285714 -0.42285714 -0.42285714 -0.82 -0.82 -0.82 -0.45285714 -0.45285714 -0.45285714 -0.45278271 -0.23469043 -0.28714286 -0.28714286 -0.28714286 -0.1779448 -0.11003836 -0.11 -0.11 -0.11 -0.49987649 -0.16571559 -0.16571429 -0.16571429 -0.16571429 -0.087211662 -0.087142857 -0.087142857 -0.44142857 -0.44142857 0.33713961 0.33714278 0.10857143 0.10857143 0.20714286 0.20714286 0.20714286 0.3 0.49982118
0.028572107 0.028571429 0.028571425 -0.064285714 -0.064285714 -0.064285714 -0.064285716 -0.22571429 -0.22571429 0.054323281 0.054285714 0.054285714 0.054285714 0.053349429 -0.42285714 -0.42285714 -0.42285714 -0.42285726 -0.82 -0.82 -0.82 -0.45285714 -0.45285714 -0.45285714 -0.18714286 -0.18714286 -0.26714286 -0.26714286 -0.26714286 -0.26628559 -0.11 -0.11 -0.11 -0.11 -0.13784188 -0.16571429 -0.16571429 -0.16571429 -0.16571429 -0.087142857 -0.087142857 -0.087142857 -0.073793205 0.33714286 0.33714286 0.33714286 0.10857143 0.10857143 0.20714286 0.20714286 0.20714286 0.49999999 0.5
0.24714286 0.13069272 -0.37285714 -0.37276762 -0.064285714 -0.22478027 -0.22571429 -0.22571429 -0.15908505 0.095714283 0.095714286 0.095714286 0.095714286 -0.5628357 -0.56285714 -0.42285725 -0.42285714 -0.43332127 -0.82 -0.82 -0.82 -0.79571429 -0.79571429 -0.79571429 -0.18714286 -0.18714286 -0.26714286 -0.26714286 -0.26714286 -0.26714275 -0.11999994 -0.11999997 -0.11025133 -0.11001072 -0.39110599 -0.39142857 -0.39142857 -0.39142857 -0.39142857 -0.087142857 -0.087142857 -0.087142857 0.31378008 0.33714286 0.33714286 0.33714277 0.10857143 0.10857143 0.10857498 0.20714286 0.20714235 0.19571429 0.5
-0.11278878 -0.11285719 -0.37285714 -0.37285714 -0.37285714 -0.22571429 -0.22571429 -0.22571429 -0.042857143 -0.042857143 0.095714286 0.095714286 0.095714286 -0.56285714 -0.56285714 -0.56285714 -0.56285714 -0.56288515 -0.82 -0.82 -0.82 -0.79571429 -0.79571429 -0.79571429 -0.18714286 -0.18714286 -0.26714286 -0.26714286 -0.26714286 -0.12165905 -0.12 -0.12 -0.12 -0.12 -0.39129464 -0.39142857 -0.39142857 -0.39142857 -0.39142857 -0.50142846 -0.50142857 -0.50142857 -0.50142857 0.33713904 -0.16 -0.16 -0.16 0.062857143 0.062857143 0.062857143 0.19571429 0.19571429 0.19571429
-0.11285714 -0.11285714 -0.37285714 -0.37285714 -0.37285714 -0.22648769 -0.22571429 -0.042857143 -0.042857143 -0.042857143 0.095697227 0.095714286 -0.44358803 -0.56285714 -0.56285714 -0.56285714 -0.56285714 -0.77 -0.77 -0.77 -0.94 -0.93999989 -0.79571499 -0.79571429 -0.79553664 -0.78428571 -0.78428571 -0.78428448 -0.26722643 0.08995815 0.089998882 0.089963337 -0.11964109 -0.11981877 -0.34294998 -0.39142862 -0.39182593 -0.51 -0.51 -0.50142857 -0.50142857 -0.50142857 -0.50142857 -0.16 -0.16 -0.16 -0.16 0.062857143 0.062857143 0.062857143 0.19571429 0.19571429 0.19571429
-0.11285714 -0.11285714 -0.37285714 -0.37285714 -0.37285714 -0.37285714 -0.1572762 -0.042857143 -0.042857143 -0.042857143 -0.04314517 -0.56428571 -0.56428571 -0.56428571 -0.56286556 -0.56285714 -0.76861965 -0.77 -0.77 -0.77 -0.94 -0.94 -0.94 -0.94 -0.78428571 -0.78428571 -0.78428571 -0.78428571 -0.78428571 0.09 0.09 0.09 0.09 0.089999717 -0.044285714 -0.51 -0.51 -0.51 -0.51 -0.51000088 -0.79 -0.79 -0.79 -0.67424383 -0.43428571 -0.43428571 -0.43428571 0.062857129 0.062856957 -0.12857143 -0.12857143 0.10002329 0.1
-0.11285714 -0.11285714 -0.2790154 -0.37285714 -0.37285714 -0.37285716 -1.0496388 -0.046035603 -0.042857143 -0.042857144 -0.56428577 -0.56428571 -0.56428571 -0.56428571 -0.56428571 -0.56419922 -0.77 -0.77 -0.77 -0.77 -0.93999868 -0.94 -0.94 -0.94 -0.78428571 -0.78428571 -0.78428571 -0.78428571 -0.78428571 -0.26681038 0.09 0.09 0.09 -0.044285714 -0.044285714 -0.044647353 -0.51 -0.51 -0.44568246 -0.3957143 -0.79 -0.79 -0.79 -0.67491042 -0.43428571 -0.43428571 -0.43428571 -0.13142857 -0.12860703 -0.12857143 -0.12857143 0.1 0.1
-0.92857143 -0.92857143 -0.92857143 -0.51218999 -0.37403039 -1.0514286 -1.0514286 -1.0514286 -1.0514286 -0.84857143 -0.84857143 -0.56428573 -0.56428571 -0.56428571 -0.56428571 -0.56429875 -0.77 -0.77 -0.77 -0.77 -0.86581751 -0.94 -0.94 -0.92874672 -0.52221364 -0.78428571 -0.78428571 -0.78428571 -0.39285714 -0.39285714 -0.39285714 -0.39285512 -0.044285714 -0.044285714 -0.044285714 -0.044285714 -0.39571429 -0.39571429 -0.39571429 -0.39571429 -0.68857143 -0.68857143 -0.68857143 -0.20572399 -0.20571429 -0.20571429 -0.20571436 -0.13142857 -0.13142857 -0.12857491 -0.12857143 0.099999935 0.1
