interpolatedSpi/02-04|22_3.tif
NCOLS 53
NROWS 52
XLLCORNER -116.03883
YLLCORNER 28.596182
DX 0.49850594
DY 0.49788537
NODATA_VALUE -9999
[rows 0 to 29 of 52, columns 0 to 52 of 53]
0.98333333 0.98333333 0.79574074 0.52666667 1.68 1.0066667 0.93333333 1.19 0.93931795 0.54 0.74666667 0.45 0.56006094 1.3 1.4166667 1.4166667 1.4166667 0.81666667 0.97666667 0.97666667 0.97666667 0.97665642 -0.086666661 0.47 0.47 0.47 0.40999834 0.41 0.41 0.093333333 0.093333333 0.093333333 0.093333333 -0.66333318 -0.66333333 -0.66333333 -0.66333333 -0.66333333 -0.66333333 -0.66333333 -0.55450395 -0.55360956 -1.64 -1.64 -1.64 -1.64 -1.6411052 -2.3166667 -2.3166667 -2.3166667 0.50332748 0.50333333 0.50333333
0.98329201 0.053333333 0.33333328 0.3921405 0.62018918 1.2566667 1.29 0.77017224 0.52 0.31666667 0.34 0.56 0.56 0.67542293 1.2999935 1.4166667 0.81666667 0.81666667 0.97645805 0.97666667 0.97666667 0.97666667 0.4663154 0.47 0.47 0.47 1.2299999 1.23 0.093333333 0.093333333 0.093333333 0.093333333 0.093333333 -0.66333322 -0.66333333 -0.66333333 -0.66333333 -0.66333333 -0.66333321 -0.34299061 1.2565721 -1.2885126 -1.64 -1.64 -1.64 -1.64 -1.64 -2.3166667 -2.3166667 -2.3166667 -2.0828296 0.50333333 0.50333333
0.62333455 0.62333333 0.28666667 0.94 0.026666667 -0.11666667 0.10333333 0.18666667 -0.28 0.29 0.67666667 -0.31333333 0.37666667 0.91666667 0.67333333 -0.12333333 0.81666667 0.81666667 0.81666667 0.73673644 0.73666667 0.73666667 0.4 0.47 0.47 0.47 1.23 1.23 1.23 0.093333333 0.093333333 0.093333352 0.28268403 -0.65893007 -0.64741689 1.0309971 1.0466667 1.0466667 1.0730791 1.2566667 1.2566667 1.2529626 -1.64 -1.64 -1.64 -1.64 -1.64 -2.3166667 -2.3166667 -2.3166667 -2.3166667 0.50333333 0.50333333
-0.24666667 0.62333317 -0.17005208 1.3633333 -0.59666667 -0.11333333 -0.37666667 -0.67333333 0.45333333 0.23157752 0.10333333 -0.21333333 -0.05 0.91666667 0.14333333 -0.12333333 -0.30195616 -0.3025486 -0.29666667 0.73666667 0.73666667 -0.33666667 0.4 0.4 0.47 0.4700038 1.23 1.23 1.23 -0.11666667 0.2143689 0.48666667 0.48666667 0.4866671 1.0466667 1.0466667 1.0466667 1.0466667 1.2566667 1.2566667 1.2566667 1.2566666 -1.64 -1.64 -1.64 -1.64 -1.64 -2.3166581 -2.3166667 -2.3166667 -2.3166667 0.50332255 0.50333333
-0.24666667 0.046666269 -0.17 -0.55734212 -0.59666667 -0.59 -0.10003873 -0.51666667 -0.37666667 0.30666644 0.24798776 0.22336007 0.41 0.14333333 0.14333333 -0.037920894 -0.30333333 -0.30333333 -0.29666667 -0.29666667 0.73666453 -0.33666667 -0.02 0.54666667 0.28333333 0.28328602 1.23 1.23 -0.11666666 -0.11666667 0.48666667 0.48666667 0.48666667 0.44392338 1.0466667 1.0466667 1.0466667 1.2566667 1.2566667 1.2566667 1.2566667 1.2567204 -1.64 -1.64 -1.64 -1.64 -1.64 -1.6460232 -2.3166667 -2.316555 0.17333333 0.17333333 0.17333333
-1.6433333 -0.52666667 0.35000002 0.27333333 -1.0933333 -0.55 -0.30333333 -0.33064611 -0.19333333 -0.38666667 -0.31 0.29 0.29000008 -0.0066666667 -0.0066666667 0.016722197 0.016666667 0.023333333 0.023333332 -0.29666576 -0.29333333 -0.29333333 0.54666667 0.28333333 0.28333333 0.08 0.0066666667 0.0066666667 0.42328329 -0.11666667 0.48666667 0.48666667 0.26 0.2599892 0.15667427 0.85333333 0.85333333 1.1318863 1.2566667 1.2566667 1.8126391 1.8133333 1.8133348 -0.032224982 -0.0035142189 -0.0033337696 -0.0033333891 -0.003333947 0.11822601 0.17333333 0.17333333 0.17333333 0.17333333
-0.87667519 -0.82666667 -1.1221324 -0.51 -0.25666667 -1.3933333 -1.02 -1.32 -0.94666667 -0.94666667 -0.31 0.23 -0.36666657 -0.0066666667 0.24666591 0.24666667 0.016666667 0.59333333 0.73666667 0.73666667 -0.38130278 -0.48 -0.48 0.04666667 0.08 0.08 0.0066666667 0.0066666667 0.42328924 0.42252149 0.89619626 0.26 0.26 0.15666667 0.15666667 0.96952321 0.85333333 0.85333333 1.536643 1.8133329 1.8133333 1.8133333 1.8133408 -0.0033262137 -0.0033333333 -0.0033333333 -0.0033333333 -0.0033332159 0.19333333 0.1733373 0.17333333 0.17333333 0.17333333
-0.87666667 -0.64 -0.77666667 -1.39 -0.97002408 -1.07 -1.2933333 -1.2133333 -0.86666667 -1.1666667 -1.1666667 -0.04 -0.36666667 -0.36666667 0.24245863 0.076658699 0.06 0.60666667 -0.27666563 0.73666667 0.414634 0.57 -0.87333333 0.28 0.27999205 -0.33666667 0.070000002 0.069999978 -0.33068187 -0.33333331 0.9 -0.27026507 -0.14 0.15666667 0.18594843 1.0666667 1.0666667 1.5366667 1.5366667 1.8133333 1.8133333 1.8133333 1.2791951 1.2733333 -0.0033333333 -0.0033333333 -0.0033333333 0.19332585 0.19333333 0.19333333 0.17333333 0.17333333 0.17333333
-0.74721231 -0.64 -0.40666667 -0.39 -1.0633333 -1.41 -0.73333333 -0.86333333 -1.0266667 -0.39934908 -0.43 -0.38 -0.38 0.0066666667 0.0066591127 -0.50176328 -0.50333333 -0.50333333 0.47182448 -1.04 -1.26 -1.26 1.8133333 0.18543783 -0.27452295 -0.33666667 0.45666667 0.07 1.246457 1.2533333 -0.30666667 1.3466667 0.95045455 0.47333333 1.1833333 1.0666667 1.9033333 0.57 1.7061418 1.8162645 2.47 2.1466667 1.2733903 1.2733333 1.2661476 -0.0033333333 -0.27999999 0.19333333 0.19333333 0.19333333 0.19333334 0.32481738 0.51333333
-1.3466667 -1.3466667 -0.44666667 -0.53666667 -0.86 -1.5766667 -0.86666667 -1.5433333 -0.95666667 -0.24019019 -0.75333333 1.1066667 0.0066666667 0.0066666667 -0.79666667 -0.79264347 -0.50333333 -0.50338144 -0.74333333 -1.04 -1.04 -1.0683434 1.8133333 0.71002089 0.71 0.71 0.45666667 0.21333333 0.21333333 1.2533333 1.2533333 1.3451747 0.56 0.47333333 0.93 1.0666667 1.9033333 0.98666667 1.7066667 1.9985253 2.1466667 1.9544257 1.6233333 1.2733333 1.2733333 -0.28 -0.28 -0.28 0.19333333 0.19333333 1.39 1.39 1.3899997
-1.3466667 -1.3466667 -0.8 -1.3733333 -1.4866667 -0.55333333 -1.4966667 -0.16132254 -0.70333333 -0.65666667 -1.2166667 -0.94666667 1.1039314 -0.79666667 -0.79666667 -0.79662744 -0.45666667 -0.47171228 -0.74333333 -0.58333333 -0.58333333 -0.97666667 -0.97666667 0.71 0.71 0.71 0.21333333 0.21333333 0.21333333 0.45333333 0.45333333 0.45333351 0.78666667 0.78666667 0.48666667 0.35333333 1.8866667 1.3166655 1.61 2.0033333 2.0033333 1.2500012 1.6233333 1.2733333 0.94666653 0.68666667 1.482377 1.49 1.9866667 1.9866667 1.39 1.39 1.39
-1.3466667 -1.1107648 -1.0446618 -1.3533266 -0.93666667 -1.3533333 -1.4966667 -0.16 -0.7033288 -0.65718368 -0.94666629 -0.94666667 -0.43 -0.79666667 -0.79666667 -0.45666668 -0.45666667 -0.45668298 -0.74333333 -0.58333333 -0.660576 -0.97666667 -0.97666667 0.70993212 0.71 0.41196093 -0.19666667 -0.19666667 -0.19666662 0.45333333 0.45333333 0.056666667 0.056666667 0.78666584 0.48666667 1.1266667 1.7733494 1.3166667 1.3166667 2.0033333 1.25 1.25 1.2499979 0.94666667 0.94666667 0.68666667 1.49 1.49 1.9866667 1.9866667 1.39 1.39 1.39
-0.47666667 -0.23925625 -0.18337699 -0.19180707 -0.93666892 -1.3533235 -1.4966667 -0.17645361 -0.66589211 -0.70211474 -0.43 -0.43 -0.43 -0.43 -0.79661473 -0.45666667 -0.45666667 -0.46036799 -0.74333333 -0.58343947 -0.94666667 -0.94666667 -0.94666667 -0.94666667 0.6812138 -0.19666667 -0.19666667 -0.19666667 -0.19666667 -0.19619531 0.056666667 0.056666667 0.056666667 0.056666667 1.1266667 1.1266667 1.1266667 1.307346 1.3148641 1.0766667 1.0766667 1.2499907 1.1899917 0.9466901 0.94666667 0.68666667 1.49 1.49 1.9866667 1.9866667 1.3921646 1.39 2.1241515
-0.47666667 -0.18333333 -0.18333333 -0.18333333 -0.18333333 -0.18333382 -1.4962996 -0.86427622 -0.56600243 -0.43029316 -0.43 -0.43 -0.43 -0.43 -0.42999996 -0.45666667 -0.45666671 -0.47633004 -0.74333 -0.94666667 -0.94666667 -0.94666667 -0.94666667 -0.94666667 -0.93210836 -0.0082879838 0.1366666 0.13666667 0.13666667 0.13666667 0.056666666 0.056666667 0.056666875 0.23 0.23 1.1266667 0.85121235 0.84333333 1.0766665 1.0766667 1.0766667 1.0766667 1.19 1.19 1.19 1.1864973 1.4765866 1.4766667 1.4766667 1.4766667 1.4766667 1.38 1.38
-0.44666667 -0.18333333 -0.18333333 -0.18333333 -0.18333333 -0.18333333 -0.18333342 -1.1117001 -0.37428629 -0.37333333 -0.37333333 -0.37333333 -0.37333333 -0.37333333 -0.37333333 -0.35048281 -0.45499941 -0.49592093 -0.946641 -0.94666667 -0.94666667 -0.94666667 -0.94666667 -0.94666577 -0.27333333 -0.27333333 -0.27333276 0.13666667 0.13666667 0.13646642 0.036666667 0.036666667 0.23 0.23 0.23 0.74508402 0.84333333 0.84333333 0.84333333 1.0766667 1.0766667 1.0766667 1.19 1.19 1.19 1.19 1.4766666 1.4766667 1.4766667 1.4766667 1.4766667 1.38 1.38
-0.44666667 -0.34863066 -0.18333333 -0.18333333 -0.18333333 -0.18333333 -0.93318613 -0.93333333 -0.93333332 -0.37333333 -0.37333333 -0.37333333 -0.37333333 -0.37333333 -0.36818584 -0.35 -0.35 -0.35 -0.17901149 -0.17666745 -0.17666667 -0.17666667 -0.17666667 -0.17666667 -0.27333333 -0.27333333 -0.27333333 -0.27333333 0.13666667 0.036666667 0.036666667 0.036666667 0.22999998 0.23 0.23 0.86 0.8433554 0.84333333 0.84333333 1.0765213 0.78647108 0.10956578 1.19 1.19 0.39579189 0.39333333 0.39333333 1.4746695 0.26757338 0.26333344 0.26333356 0.69676999 1.3799986
-0.44666667 -0.93648156 -0.57130196 -0.18333333 -0.18333333 -0.9328902 -0.93333333 -0.93333333 -0.93333333 -0.92929781 -0.37333333 -0.37333333 -0.37333333 -0.37333333 -0.35 -0.35 -0.35 -0.35 -0.1768215 -0.17666667 -0.17666667 -0.17666667 -0.17666667 -0.17666667 -0.27333333 -0.27333333 -0.27333333 -0.27333333 -0.27220576 0.036666667 0.036666667 0.036666667 -0.56333332 0.23004493 0.86 0.86 0.86 0.85409941 0.15330878 0.10666667 0.10666667 0.10666667 0.17333333 0.17333333 0.39333333 0.39333333 0.39333333 0.26333333 0.26333333 0.26333333 0.26333333 0.69666667 0.69666667
-0.9494537 -0.95 -0.95 -0.95 -0.96333333 -0.93333411 -0.93333333 -0.93333333 -0.93333333 -0.93333333 -0.41219708 -0.37334002 -0.37333335 -0.35 -0.35 -0.35 -0.35 -0.35 -0.34840598 -0.17666667 -0.17666667 -0.17666667 -0.17666667 -0.17666667 -0.51356736 -0.98332949 -0.98333333 -0.98333333 -0.98333333 0.036666636 -0.56333332 -0.56333333 -0.56333333 -0.56333333 0.86 0.85998587 0.32333333 0.32333333 0.10937207 0.10666667 0.10666667 0.10666667 0.17333333 0.17333333 0.35926976 0.39333333 0.39333333 0.26333333 0.26333333 0.26333333 0.26797979 0.69666667 0.69666667
-0.95 -0.95 -0.95 -0.95627887 -0.96333333 -0.96333333 -0.93333333 -0.93333333 -0.93333333 -0.93333333 -0.88666667 -0.88666667 -0.88666667 -0.35 -0.35 -0.35 -0.35 -0.34996199 -0.54 -0.54 -0.17666681 -0.17666667 -0.19103068 -0.76666667 -0.76861722 -0.98333333 -0.98333333 -0.98333333 -0.98333333 -0.5633761 -0.56333333 -0.56333333 -0.56333333 -0.56333333 0.32333522 0.32333333 0.32333333 0.32333333 0.32251629 0.10666667 0.10666667 0.10666667 0.17333333 0.17333333 0.17333333 0.39333333 0.39333333 0.26333333 0.26333333 0.26333333 0.69666667 0.69666667 0.69666667
-0.95 -0.95 -0.95 -0.96333333 -0.96333333 -0.96333333 -0.96333329 -0.93333333 -0.93333333 -0.88671484 -0.88666667 -0.88666667 -0.88666667 -0.8863323 -0.16383285 -0.12 -0.12 -0.12 -0.54 -0.54 -0.54 -0.76666667 -0.76666667 -0.76666667 -0.76663959 -0.81898238 -0.98333333 -0.98333333 -0.98333333 -1.1964539 -1.3299246 -1.33 -1.33 -1.33 -0.076080255 -0.63333116 -0.63333333 -0.63333333 -0.63333333 -0.36326902 -0.36333333 -0.36333333 0.17333333 0.17333333 0.096666987 0.096666573 -0.16666667 -0.16666667 -0.093333333 -0.093333333 -0.093333333 0.69666667 -0.019359213
-0.95000124 -0.95 -0.95 -0.96333333 -0.96333333 -0.96333333 -0.96333334 -1.4899998 -0.9355591 -0.88698102 -0.88666667 -0.88666667 -0.88666667 -0.88516226 -0.12 -0.12 -0.12 -0.12000012 -0.54 -0.54 -0.54 -0.76666667 -0.76666667 -0.76666667 -0.67 -0.67 -0.87666666 -0.87666667 -0.87666667 -0.87913974 -1.33 -1.33 -1.33 -1.33 -0.98185803 -0.63333333 -0.63333333 -0.63333333 -0.63333333 -0.36333333 -0.36333333 -0.36333333 -0.34885997 0.096666667 0.096666667 0.096666667 -0.16666667 -0.16666667 -0.093333333 -0.093333333 -0.093333333 -0.020000002 -0.02
-1.35 -1.1675167 -1.4833333 -1.4831825 -0.96333333 -1.4869527 -1.49 -1.49 -1.4608497 -1.2333333 -1.2333333 -1.2333333 -1.2333333 -0.11003657 -0.11 -0.11999999 -0.12 -0.13106638 -0.54 -0.54 -0.54 -0.89333333 -0.89333333 -0.89333333 -0.67 -0.67 -0.87666667 -0.87666667 -0.87666667 -0.87666702 -1.3566665 -1.3566666 -1.3306702 -1.3300286 -1.1901557 -1.19 -1.19 -1.19 -1.19 -0.36333333 -0.36333333 -0.36333333 0.07133736 0.096666667 0.096666667 0.09666658 -0.16666667 -0.16666667 -0.16666403 -0.093333333 -0.093337954 -0.19666667 -0.02
-1.01673 -1.0166667 -1.4833333 -1.4833333 -1.4833333 -1.49 -1.49 -1.49 -1.41 -1.41 -1.2333333 -1.2333333 -1.2333333 -0.11 -0.11 -0.11 -0.11 -0.11004776 -0.54 -0.54 -0.54000001 -0.89333333 -0.89333333 -0.89333333 -0.67 -0.67 -0.87666667 -0.87666667 -0.87666667 -1.3512546 -1.3566667 -1.3566667 -1.3566667 -1.3566667 -1.1900822 -1.19 -1.19 -1.19 -1.19 -0.76333323 -0.76333333 -0.76333333 -0.76333333 0.096662933 -0.39 -0.39 -0.39 -0.14666667 -0.14666667 -0.14666667 -0.19666667 -0.19666667 -0.19666667
-1.0166667 -1.0166667 -1.4833333 -1.4833333 -1.4833333 -1.489965 -1.49 -1.41 -1.41 -1.41 -1.2333551 -1.2333333 -1.0562896 -0.11000021 -0.11 -0.11 -0.11 -0.58666667 -0.58666667 -0.58666667 -0.13000002 -0.13000057 -0.89332961 -0.89333333 -0.89325877 -0.87333333 -0.87333333 -0.87333334 -0.87666613 -1.3599993 -1.36 -1.3599994 -1.3566724 -1.3566695 -1.2196878 -1.1900002 -1.191765 -1.7166667 -1.7166667 -0.76333333 -0.76333333 -0.76333333 -0.76333333 -0.39 -0.39 -0.39 -0.39 -0.14666667 -0.14666667 -0.14666667 -0.19666667 -0.19666667 -0.19666667
-1.0166667 -1.0166667 -1.4833333 -1.4833333 -1.4833333 -1.4833333 -1.4600583 -1.41 -1.41 -1.41 -1.4097827 -1.0166667 -1.0166667 -1.0166667 -0.1153432 -0.11 -0.58349028 -0.58666667 -0.58666667 -0.58666667 -0.13 -0.13 -0.13 -0.13 -0.87333333 -0.87333333 -0.87333333 -0.87333333 -0.87333333 -1.36 -1.36 -1.36 -1.36 -1.3600009 -1.8066667 -1.7166667 -1.7166667 -1.7166667 -1.7166667 -1.7166636 -0.90666667 -0.90666667 -0.90666667 -0.68104737 -0.21333333 -0.21333333 -0.21333333 -0.14666667 -0.14666701 -0.50333333 -0.50333333 -0.12001865 -0.12
-1.0166667 -1.0166667 -1.3148994 -1.4833333 -1.4833333 -1.4833333 -1.7660338 -1.411124 -1.41 -1.41 -1.0166667 -1.0166667 -1.0166667 -1.0166667 -1.0166667 -0.94228615 -0.58666667 -0.58666667 -0.58666667 -0.58666667 -0.13000353 -0.13 -0.13 -0.13 -0.87333333 -0.87333333 -0.87333333 -0.87333333 -0.87333333 -1.2910307 -1.36 -1.36 -1.36 -1.8066667 -1.8066667 -1.8065968 -1.7166667 -1.7166667 -1.4615404 -1.2633334 -0.90666667 -0.90666667 -0.90666667 -0.68416405 -0.21333333 -0.21333333 -0.21333333 -0.37333333 -0.50171355 -0.50333333 -0.50333333 -0.12 -0.12
-1.1633333 -1.1633333 -1.1633333 -1.4031005 -1.4828234 -1.7666667 -1.7666667 -1.7666667 -1.7666667 -1.2333333 -1.2333333 -1.0166667 -1.0166667 -1.0166667 -1.0166667 -1.0166394 -0.58666667 -0.58666667 -0.58666667 -0.58666667 -0.32927452 -0.13 -0.13 -0.11979354 0.20953395 -0.87333333 -0.87333333 -0.87333333 -1.2666667 -1.2666667 -1.2666667 -1.2666671 -1.8066667 -1.8066667 -1.8066667 -1.8066667 -1.2633333 -1.2633333 -1.2633333 -1.2633333 -0.46333333 -0.46333333 -0.46333333 -0.28333695 -0.28333333 -0.28333333 -0.28333331 -0.37333333 -0.37333333 -0.50317494 -0.50333333 -0.11999921 -0.12
-1.1633333 -1.1633333 -1.1633333 -1.1633314 -1.1266667 -1.2197332 -1.7666667 -1.7666667 -1.7666667 -1.2333333 -1.2333333 -1.2333333 -0.68666668 -0.68666667 -0.68666667 -0.68666667 -0.58672773 -0.58666667 -0.58666667 -0.58666667 -0.57972068 0.25999893 0.26 0.26 0.26 0.25999997 -0.30666667 -0.30666667 -1.2666667 -1.2666667 -1.2666667 -1.2666667 -1.8066664 -1.8066667 -1.8066667 -1.8066338 -1.2633333 -1.2633333 -1.2633333 -1.2626314 -0.46333333 -0.46333333 -0.46333333 -0.28334168 -0.28333333 -0.28333333 -0.28333333 -0.37333333 -0.37333333 -0.37333328 0.036666667 0.036666667 0.28333333
-1.1633333 -1.1633333 -1.1633333 -1.1266668 -1.1266667 -1.1266667 -1.7666664 -1.7666667 -1.7666667 -1.2333333 -1.2333333 -1.2333333 -0.68666667 -0.68666667 -0.68666667 -0.68158936 -0.62 -0.62 -0.61999991 -0.58685493 0.26 0.26 0.26 0.26 0.26 0.25957355 -0.30666667 -0.30666667 -0.30666667 -1.2666667 -1.2666667 -1.2666044 -1.4033333 -1.4033333 -1.4033333 -1.04 -1.04 -1.1033333 -1.1033333 -1.1033333 -0.78333333 -0.46343371 -0.46333266 -0.37333333 -0.37333333 -0.36992244 -0.28333372 -0.37333333 -0.37333333 0.036666667 0.036666667 0.036666667 0.28333333
-1.1633333 -1.1633333 -1.1633333 -1.1266667 -1.1266667 -1.1266667 -1.1266667 -1.7666667 -1.7666667 -1.2333333 -1.2333333 -0.70852545 -0.68666667 -0.68666667 -0.68666667 -0.62 -0.62 -0.62 -0.62 -0.62 0.26 0.26 0.26 0.26 0.26 -0.30666473 -0.30666667 -0.30666667 -0.30666667 -1.17 -1.17 -1.17 -1.4033333 -1.4033333 -1.4033333 -1.04 -1.04 -1.1033333 -1.1033333 -0.78333333 -0.78333333 -0.78333333 -0.37333333 -0.37333333 -0.37333333 -0.37333333 -0.32158051 0.25666667 0.25666667 0.25666667 0.036666677 0.57333333 0.57333333
