interpolatedSpi/02-07|23_3.tif
NCOLS 53
NROWS 52
XLLCORNER -116.03883
YLLCORNER 28.596182
DX 0.49850594
DY 0.49788537
NODATA_VALUE -9999
[rows 0 to 26 of 52, columns 0 to 52 of 53]
-0.18857143 -0.18857143 -0.66242491 -0.61142857 -0.20142857 -0.11857143 -0.33142857 -0.17428571 -0.85189378 -0.59857143 -0.44857143 -0.40285714 -0.63142704 -0.61285714 -0.73285714 -0.73285714 -0.73285714 -0.64714286 -0.81142857 -0.81142857 -0.81142857 -0.81142301 -0.23428572 -1.0628571 -1.0628571 -1.0628571 -0.50999899 -0.51 -0.51 -1.21 -1.21 -1.21 -1.21 -2.3428569 -2.3428571 -2.3428571 -2.3428571 -2.3428571 -2.3428571 -2.3428571 0.37359772 0.40238683 -1.4428571 -1.4428571 -1.4428571 -1.4428571 -1.4425258 -1.24 -1.24 -1.24 -0.28000199 -0.28 -0.28
-0.18860171 -0.87 -0.68285693 -0.65398817 -0.59140181 -0.43285714 -0.60285714 -0.66111142 -0.80142857 -0.72571429 -0.43571429 -0.63142857 -0.63142857 -0.55875244 -0.61285755 -0.73285714 -0.64714286 -0.64714286 -0.81121436 -0.81142857 -0.81142857 -0.81142857 -1.06203 -1.0628571 -1.0628571 -1.0628571 -1.09 -1.09 -1.21 -1.21 -1.21 -1.21 -1.21 -2.342857 -2.3428571 -2.3428571 -2.3428571 -2.3428571 -2.3428571 -2.0765254 -0.70011078 -1.3527178 -1.4428571 -1.4428571 -1.4428571 -1.4428571 -1.4428571 -1.24 -1.24 -1.24 -1.1603959 -0.28 -0.28
0.13854144 0.13857143 -0.49428571 -0.50571429 -0.72142857 -0.41714286 -0.92142857 -0.19714286 -1.12 -1.3242857 -0.95285714 -0.97142857 -1.13 -0.7 -0.55857143 -1.7457143 -0.64714286 -0.64714286 -0.64714286 -0.35441861 -0.35428571 -0.35428571 -1.0471429 -1.0628571 -1.0628571 -1.0628571 -1.09 -1.09 -1.09 -1.21 -1.21 -1.21 -1.2271929 -2.3399541 -2.3337088 -1.3690064 -1.36 -1.36 -1.2769894 -0.7 -0.7 -0.70094993 -1.4428571 -1.4428571 -1.4428571 -1.4428571 -1.4428571 -1.24 -1.24 -1.24 -1.24 -0.28 -0.28
0.66285714 0.13857132 -0.40445991 -0.30428571 -1.1085714 -0.87571429 -0.87857143 -1.2028571 -0.65428571 -0.86874686 -1.1785714 -1.1228571 -1.1228571 -0.7 -1.0142857 -1.7457143 -0.94191156 -0.9355121 -1.13 -0.35428571 -0.35428571 -1.2657143 -1.0471429 -1.0471429 -1.0628571 -1.0628573 -1.09 -1.09 -1.09 -1.0128571 -1.1406207 -1.2457143 -1.2457143 -1.2457144 -1.36 -1.36 -1.36 -1.36 -0.7 -0.7 -0.7 -0.70000003 -1.4428571 -1.4428571 -1.4428571 -1.4428571 -1.4428571 -1.2400026 -1.24 -1.24 -1.24 -0.28004078 -0.28
0.66285714 0.10285621 -0.40428571 -1.1358536 -1.1085714 -1.3842857 -1.2200576 -1.8728571 -1.9285714 -1.0357147 -1.0847365 -1.1027741 -0.52285714 -1.0142857 -1.0142857 -1.4909571 -0.93571429 -0.93571429 -1.13 -1.13 -0.35428754 -1.2657143 -0.90285714 -0.11285714 -0.75571429 -0.75566025 -1.09 -1.09 -1.0128571 -1.0128571 -1.2457143 -1.2457143 -1.2457143 -1.2861227 -1.36 -1.36 -1.36 -0.7 -0.7 -0.7 -0.7 -0.70001531 -1.4428571 -1.4428571 -1.4428571 -1.4428571 -1.4428571 -1.4410515 -1.24 -1.2400129 -1.5285714 -1.5285714 -1.5285714
-1.2671429 -0.55285714 -0.45428568 -0.81 -0.91714286 -1.2442857 -1.6957143 -1.7183936 -1.0771429 -1.6028571 -1.6957143 -1.1114286 -1.1114282 -0.90857143 -0.90857143 -0.59428847 -0.59428571 -0.98142857 -0.98142857 -1.1299993 -1.3042857 -1.3042857 -0.11285714 -0.75571429 -0.75571429 -0.52428571 -1.4714286 -1.4714286 -0.65003439 -1.0128571 -1.2457143 -1.2457143 -1.46 -1.4599536 -1.0157462 -1.2171429 -1.2171429 -0.85998995 -0.7 -0.7 -0.85837366 -0.85857143 -0.85857004 -1.0751786 -1.0686128 -1.0685715 -1.0685714 -1.0685716 -1.3328269 -1.5285714 -1.5285714 -1.5285714 -1.5285714
-0.62857438 -0.22428571 -0.65952815 -0.60428571 -0.62571429 -1.2028571 -1.0685714 -1.6142857 -1.9271429 -1.9271429 -1.6957143 -1.3914286 -1.2999999 -0.90857143 -0.60571519 -0.60571429 -0.59428571 -0.41285714 -0.28 -0.28 -1.0498027 -0.76428571 -0.76428571 -0.7 -0.52428571 -0.52428571 -1.4714286 -1.4714286 -0.65006261 -0.65115262 -0.87690453 -1.46 -1.46 -1.0157143 -1.0157143 -1.2272576 -1.2171429 -1.2171429 -1.4771338 -0.85857229 -0.85857143 -0.85857143 -0.85856457 -1.0685721 -1.0685714 -1.0685714 -1.0685714 -1.0685716 -1.3028571 -1.5285267 -1.5285714 -1.5285714 -1.5285714
-0.62857143 -1.3185714 -0.48142857 -1.4885714 -1.1285921 -1.1357143 -1.4442857 -2 -1.12 -1.4114286 -1.4114286 -0.99 -1.3 -1.3 -0.61047773 -0.91016733 -0.94 -0.46571429 -0.2514286 -0.28 -0.20349585 -0.091428571 -1.1328571 -0.0042857191 -0.0043002521 -1.1314286 -1.0114286 -1.0114287 -1.7205213 -1.7242857 -0.87428571 -0.96440446 -1.0057143 -1.0157143 -1.0154291 -1.2357143 -1.2357143 -1.4771429 -1.4771429 -0.85857143 -0.85857143 -0.85857142 -1.1793806 -1.1828571 -1.0685714 -1.0685714 -1.0685714 -1.3028482 -1.3028571 -1.3028571 -1.5285714 -1.5285714 -1.5285714
-1.3207388 -1.3185714 -0.41428571 -1.2557143 -1.1842857 -1.9457143 -1.1657143 -0.82428571 -1.2728571 -0.64174223 -0.30571429 -1.13 -1.13 -0.56571429 -0.56571406 -1.1138 -1.1142857 -1.1142857 -0.43300325 -1.2314286 -1.4114286 -1.4114286 -1.3914286 -1.2347559 -1.0178423 -1.1314286 -1.1271429 -1.0114286 -0.8253732 -0.82428571 -0.95285714 -0.88428571 -0.84471352 -1.2271429 -1.0057143 -1.1928571 -1.1385714 -1.3542857 -0.91877262 -0.85597606 -0.27714286 -0.67 -1.1827516 -1.1828571 -1.1822139 -1.0685714 -2.0314285 -1.3028571 -1.3028571 -1.3028571 -1.3028571 -1.3250907 -0.081428571
-1.3328571 -1.3328571 -0.57571429 -0.89857143 -1.7528571 -1.3328571 -0.85714286 -1.1828571 -0.69428571 -0.48143281 -0.81857143 -0.28142857 -0.56571429 -0.56571429 -0.54142857 -0.54928557 -1.1142857 -1.114119 -0.36714286 -1.2314286 -1.2314286 -1.2546186 -1.3914286 -1.004293 -1.0042857 -1.0042857 -1.1271429 -0.88428571 -0.88428571 -0.82428571 -0.82428571 -0.88413669 -0.80571429 -1.2271429 -0.96714286 -1.1928571 -1.1385714 -1.78 -0.91857143 -0.37607983 -0.66999998 -0.6201468 -0.53428571 -1.1828571 -1.1828571 -2.0314286 -2.0314286 -2.0314286 -1.3028571 -1.3028571 0.10571429 0.10571429 0.10571422
-1.3328571 -1.3328571 -1.7214286 -1.8757143 -1.4314286 -0.71 -1.6485714 -0.67227284 -0.82714286 -1.0142857 -0.63857143 -0.23571429 -0.28136813 -0.54142857 -0.54142857 -0.54142544 -0.51428571 -0.50656297 -0.36714286 -0.39428571 -0.39428571 -0.24857143 -0.24857143 -1.0042857 -1.0042857 -1.0042857 -0.88428571 -0.88428571 -0.88428571 -0.98428571 -0.98428571 -0.98428542 -0.71857143 -0.71857143 -1.7614286 -1.5328571 -0.41142857 -1.1300046 -0.74857143 -0.36714286 -0.36714286 -0.75857069 -0.53428571 -1.1828571 -0.33285767 -0.83 -0.30887928 -0.30142858 -0.067142857 -0.067142857 0.10571429 0.10571429 0.10571429
-1.3328571 -1.5007094 -1.7872678 -1.8499845 -1.0257143 -1.28 -1.6485714 -0.67142857 -0.82714156 -1.0122124 -0.2357153 -0.23571429 0.094285714 -0.54142857 -0.54142857 -0.51428572 -0.51428571 -0.51427734 -0.36714286 -0.39428571 -0.36567039 -0.24857143 -0.24857143 -1.0042549 -1.0042857 -0.7164213 -0.12857143 -0.12857143 -0.12857152 -0.98428571 -0.98428571 -0.047142857 -0.047142857 -0.71857429 -1.7614286 -0.31428626 -0.61370344 -1.13 -1.13 -0.36714287 -0.75857143 -0.75857143 -0.75856831 -0.33285714 -0.33285714 -0.83 -0.30142857 -0.30142857 -0.067142857 -0.067142857 0.10571429 0.10571429 0.10571429
-0.72857143 -0.87817244 -0.80432543 -0.81185121 -1.0257157 -1.279994 -1.6485714 -0.68345664 -0.81641255 -0.83202966 0.094285714 0.094285714 0.094285714 0.094285714 -0.54133852 -0.51428571 -0.51428571 -0.51238587 -0.36714286 -0.39411527 0.19428571 0.19428571 0.19428571 0.19428571 -0.98327345 -0.12857143 -0.12857143 -0.12857143 -0.12857143 -0.12897931 -0.047142857 -0.047142857 -0.047142857 -0.047142857 -0.31428572 -0.31428571 -0.31428571 -1.0913022 -1.1233907 -0.25 -0.25 -0.75854407 -0.24428875 -0.33284861 -0.33285714 -0.83 -0.30142857 -0.30142857 -0.067142854 -0.067142857 0.10508718 0.10571429 -0.47999868
-0.72857143 -0.80428571 -0.80428571 -0.80428571 -0.80428571 -0.80428591 -1.6476279 -1.186244 -0.78778514 0.093288774 0.094285714 0.094285714 0.094285714 0.094285714 0.094285939 -0.51428571 -0.51428569 -0.50419272 -0.36714309 0.19428571 0.19428571 0.19428571 0.19428571 0.19428571 0.19675496 0.10689804 0.2014285 0.20142857 0.20142857 0.20142857 -0.047142847 -0.047142857 -0.047142077 0.60142857 0.60142857 -0.31428571 0.52735455 0.55142857 -0.24999954 -0.25 -0.25 -0.25 -0.24428571 -0.24428571 -0.24428571 -0.24836175 0.48474091 0.49 0.49 0.49 0.48999999 0.36571423 0.36571429
-1.0442857 -0.80428571 -0.80428571 -0.80428571 -0.80428571 -0.80428571 -0.80428577 -0.9356846 0.41218275 0.41857143 0.41857143 0.41857143 0.41857143 0.41857143 0.41857143 0.4688455 -0.49865249 -0.49413669 0.19421507 0.19428571 0.19428571 0.19428571 0.19428571 0.19428586 0.30857143 0.30857143 0.30857128 0.20142857 0.20142857 0.20240691 0.69 0.69 0.60142857 0.60142857 0.60142857 0.55943813 0.55142857 0.55142857 0.55142857 -0.25 -0.25 -0.25 -0.24428571 -0.24428571 -0.24428571 -0.24428571 0.49 0.49 0.49 0.49 0.49 0.36571429 0.36571429
-1.0442857 -0.95493644 -0.80428571 -0.80428571 -0.80428571 -0.80428571 0.27121745 0.27142857 0.27142858 0.41857143 0.41857143 0.41857143 0.41857143 0.41857143 0.42991693 0.47 0.47 0.47 0.31961745 0.31999987 0.32 0.32 0.32 0.32 0.30857143 0.30857143 0.30857143 0.30857143 0.20142857 0.69 0.69 0.69 0.60142858 0.60142857 0.60142857 0.78571429 0.55173877 0.55142857 0.55142857 -0.24999582 -0.24230704 -0.22436257 -0.24428571 -0.24428571 0.51906553 0.52142857 0.52142857 0.4901432 0.57683833 0.57714285 0.57714284 0.69852102 0.36571496
-1.0442857 -0.26160077 -0.51873117 -0.80428571 -0.80428571 0.27079299 0.27142857 0.27142857 0.27142857 0.27248893 0.41857143 0.41857143 0.41857143 0.41857143 0.47 0.47 0.47 0.47 0.32013399 0.32 0.32 0.32 0.32 0.32 0.30857143 0.30857143 0.30857143 0.30857143 0.30995882 0.69 0.69 0.69 0.59571429 0.60144718 0.78571429 0.78571429 0.78571429 0.78137833 -0.17515892 -0.22428571 -0.22428571 -0.22428571 0.37428571 0.37428571 0.52142857 0.52142857 0.52142857 0.57714286 0.57714286 0.57714286 0.57714286 0.69857143 0.69857143
-0.24039325 -0.24 -0.24 -0.23999999 0.53285714 0.27143532 0.27142857 0.27142857 0.27142857 0.27142857 0.38504346 0.41856566 0.41857142 0.47 0.47 0.47 0.47 0.47 0.4773597 0.32 0.32 0.32 0.32 0.32 0.39865558 0.53428449 0.53428571 0.53428571 0.53428571 0.69 0.59571429 0.59571429 0.59571429 0.59571429 0.78571429 0.78570394 0.39285714 0.39285714 -0.21657977 -0.22428571 -0.22428571 -0.22428571 0.37428571 0.37428571 0.49864579 0.52142857 0.52142857 0.57714286 0.57714286 0.57714286 0.57844489 0.69857143 0.69857143
-0.24 -0.24 -0.24 0.12394996 0.53285714 0.53285714 0.27142857 0.27142857 0.27142857 0.27142857 -0.024285714 -0.024285714 -0.024285714 0.47 0.47 0.47 0.47 0.47002337 0.77285714 0.77285714 0.32000018 0.32 0.32973832 0.72 0.7183281 0.53428571 0.53428571 0.53428571 0.53428571 0.59570803 0.59571429 0.59571429 0.59571429 0.59571429 0.39285852 0.39285714 0.39285714 0.39285714 0.39066499 -0.22428571 -0.22428571 -0.22428571 0.37428571 0.37428571 0.37428571 0.52142857 0.52142857 0.57714286 0.57714286 0.57714286 0.69857143 0.69857143 0.69857143
-0.24 -0.24 -0.24 0.53285714 0.53285714 0.53285714 0.53285674 0.27142857 0.27142857 -0.023980452 -0.024285714 -0.024285714 -0.024285714 -0.02397775 0.58447546 0.61142857 0.61142857 0.61142857 0.77285714 0.77285714 0.77285714 0.72 0.72 0.72 0.71998759 0.60846844 0.53428571 0.53428571 0.53428572 0.41775426 0.37859279 0.37857143 0.37857143 0.37857143 0.23683076 0.01714371 0.017142857 0.017142857 0.017142857 0.56274944 0.56285714 0.56285714 0.37428571 0.37428571 0.77142691 0.77142852 0.61857143 0.61857143 0.72285714 0.72285714 0.72285714 0.69857143 0.43452202
-0.23999887 -0.24 -0.23999997 0.53285714 0.53285714 0.53285714 0.53285714 0.37999997 0.27186268 -0.024163947 -0.024285714 -0.024285714 -0.024285714 -0.023038268 0.61142857 0.61142857 0.61142857 0.61142862 0.77285714 0.77285714 0.77285714 0.72 0.72 0.72 0.67571429 0.67571429 0.84714285 0.84714286 0.84714286 0.84458665 0.37857143 0.37857143 0.37857143 0.37857143 0.19795638 0.017142857 0.017142857 0.017142857 0.017142857 0.56285714 0.56285714 0.56285714 0.5694196 0.77142857 0.77142857 0.77142857 0.61857143 0.61857143 0.72285714 0.72285714 0.72285714 0.43428572 0.43428571
0.12428571 -0.042492052 -0.055714286 -0.055543531 0.53285714 0.38088443 0.38 0.38 0.48931359 0.11000001 0.11 0.11 0.11 1.0742543 1.0742857 0.61142893 0.61142857 0.61568198 0.77285714 0.77285714 0.77285714 0.57571429 0.57571429 0.57571429 0.67571429 0.67571429 0.84714286 0.84714286 0.84714286 0.84714281 0.78285457 0.78285601 0.38873254 0.37900485 0.070353127 0.07 0.07 0.07 0.07 0.56285714 0.56285714 0.56285714 0.75994387 0.77142857 0.77142857 0.77142847 0.61857143 0.61857143 0.61857518 0.72285714 0.72283657 0.26285714 0.43428571
0.19570072 0.19571424 -0.055714286 -0.055714286 -0.055714286 0.38 0.38 0.38 0.68 0.68 0.11 0.11 0.11 1.0742857 1.0742857 1.0742857 1.0742857 1.0742505 0.77285714 0.77285714 0.77285714 0.57571429 0.57571429 0.57571429 0.67571429 0.67571429 0.84714286 0.84714286 0.84714286 0.78358197 0.78285714 0.78285714 0.78285714 0.78285714 0.070351752 0.07 0.07 0.07 0.07 0.4071429 0.40714286 0.40714286 0.40714286 0.771424 0.17571429 0.17571429 0.17571429 -0.091428571 -0.091428571 -0.091428571 0.26285714 0.26285714 0.26285714
0.19571429 0.19571429 -0.055714286 -0.055714286 -0.055714286 0.37770981 0.38 0.68 0.68 0.68 0.11007017 0.11 0.77887495 1.0742857 1.0742857 1.0742857 1.0742857 1.0585714 1.0585714 1.0585714 0.57 0.57 0.57571426 0.57571429 0.57592445 0.88285714 0.88285714 0.88285706 0.84714863 0.60003644 0.60000097 0.60003192 0.78254462 0.78269934 0.19684264 0.069999884 0.068994632 -0.23 -0.23 0.40714286 0.40714286 0.40714286 0.40714286 0.17571429 0.17571429 0.17571429 0.17571429 -0.091428571 -0.091428571 -0.091428571 0.26285714 0.26285714 0.26285714
0.19571429 0.19571429 -0.055714286 -0.055714286 -0.055714286 -0.055714284 0.49228124 0.68 0.68 0.68 0.68013731 0.92857143 0.92857143 0.92857143 1.073427 1.0742857 1.0586761 1.0585714 1.0585714 1.0585714 0.57 0.57 0.57 0.57 0.88285714 0.88285714 0.88285714 0.88285714 0.88285714 0.6 0.6 0.6 0.6 0.59999894 0.098571429 -0.23 -0.23 -0.23 -0.23 -0.22999934 -0.12142857 -0.12142857 -0.12142857 -0.068431715 0.041428571 0.041428571 0.041428571 -0.091428568 -0.091428826 -0.35428571 -0.35428571 0.057192903 0.057142857
0.19571429 0.19571429 0.035033773 -0.055714286 -0.055714286 -0.055714265 0.89390546 0.68067531 0.68 0.68 0.92857142 0.92857143 0.92857143 0.92857143 0.92857143 0.9405345 1.0585714 1.0585714 1.0585714 1.0585714 0.57000378 0.57 0.57 0.57 0.88285714 0.88285714 0.88285714 0.88285714 0.88285714 0.72034433 0.6 0.6 0.6 0.098571429 0.098571429 0.098316285 -0.23 -0.23 -0.53550834 -0.77285709 -0.12142857 -0.12142857 -0.12142857 -0.070012017 0.041428571 0.041428571 0.041428571 -0.22142857 -0.35263033 -0.35428571 -0.35428571 0.057142857 0.057142857
0.87857143 0.87857143 0.87857143 0.17853683 -0.054361237 0.89428571 0.89428571 0.89428571 0.89428571 0.90714286 0.90714286 0.92857143 0.92857143 0.92857143 0.92857143 0.92857965 1.0585714 1.0585714 1.0585714 1.0585714 0.78319672 0.57 0.57 0.58323475 1.0671266 0.88285714 0.88285714 0.88285714 0.76285714 0.76285714 0.76285714 0.76285646 0.098571429 0.098571429 0.098571429 0.098571429 -0.77285714 -0.77285714 -0.77285714 -0.77285714 -0.19571429 -0.19571429 -0.19571429 -0.21428534 -0.21428571 -0.21428571 -0.21428563 -0.22142857 -0.22142857 -0.35412384 -0.35428571 0.057140631 0.057142857
