interpolatedSpi/02-06|20_1.tif
NCOLS 53
NROWS 52
XLLCORNER -116.03883
YLLCORNER 28.596182
DX 0.49850594
DY 0.49788537
NODATA_VALUE -9999
[rows 0 to 39 of 52, columns 0 to 52 of 53]
0.426 0.426 0.068928209 -0.148 0.292 0.262 0.574 0.272 0.11256145 0.03 0.038 0.206 0.02403162 0.408 -0.226 -0.226 -0.226 0.328 0.342 0.342 0.342 0.34199601 -0.072000001 -0.202 -0.202 -0.202 0.2180014 0.218 0.218 0.098 0.098 0.098 0.098 0.44599993 0.446 0.446 0.446 0.446 0.446 0.44600001 0.8041418 0.80777285 -0.084 -0.084 -0.084 -0.084 -0.083859533 0.002 0.002 0.002 0.54599887 0.546 0.546
0.42598321 0.048 0.16800048 0.23407787 0.5236705 0.524 0.528 0.35822583 0.18 0.194 0.156 0.024 0.024 0.43191997 0.40799469 -0.226 0.328 0.328 0.34198175 0.342 0.342 0.342 -0.20421076 -0.202 -0.202 -0.202 -0.036000011 -0.036 0.098 0.098 0.098 0.098 0.098 0.44599995 0.446 0.446 0.446 0.446 0.44599998 0.36824966 -0.031968765 -0.077690054 -0.084 -0.084 -0.084 -0.084 -0.084 0.002 0.002 0.002 0.047109001 0.546 0.546
1.1179598 1.118 0.58 1.052 0.228 0.3 0.372 0.078 6.1148567e-32 -0.016 0.438 -0.42 -0.07 -0.05 0.432 -0.018 0.328 0.328 0.328 0.34999767 0.35 0.35 -0.244 -0.202 -0.202 -0.202 -0.036 -0.036 -0.036 0.098 0.098 0.097999969 -0.20913324 0.44455558 0.44318903 0.14676737 0.144 0.144 0.12186384 -0.031999999 -0.032 -0.032066494 -0.084 -0.084 -0.084 -0.084 -0.084 0.002 0.002 0.002 0.002000001 0.546 0.546
0.71 1.1179999 0.55196599 0.582 0.166 0.276 0.408 -0.366 0.13 0.10365745 -0.034 -0.156 -0.092 -0.05 0.172 -0.018 -0.0021224152 -0.0017687829 -0.244 0.35 0.35 -0.684 -0.244 -0.244 -0.202 -0.20199917 -0.036 -0.036 -0.036 -0.632 -0.58152165 -0.54 -0.54 -0.53999946 0.144 0.144 0.144 0.144 -0.032 -0.032 -0.032 -0.032000002 -0.084 -0.084 -0.084 -0.084 -0.084 0.0019989151 0.002 0.002 0.002 0.54594748 0.546
0.71 0.34800037 0.552 0.38687041 0.166 0.162 -0.055963514 -0.018 -0.064 0.012000068 -0.061352859 -0.093955023 0.22 0.172 0.172 0.045122722 -0.002 -0.002 -0.244 -0.244 0.3499979 -0.684 -0.762 -0.212 -0.158 -0.15809024 -0.036 -0.036 -0.632 -0.632 -0.54 -0.54 -0.54 -0.51359967 0.144 0.144 0.144 -0.032 -0.032 -0.032 -0.032 -0.032016989 -0.084000002 -0.084 -0.084 -0.084 -0.084 -0.083234493 0.002 0.0019522903 -1.062 -1.062 -1.062
-0.548 0.416 0.702 0.382 0.418 0.62 0.234 0.20173678 0.346 -0.126 0.088 -0.004 -0.0039998523 -0.022 -0.022 -0.22597103 -0.226 -0.17 -0.17 -0.24400038 -0.984 -0.984 -0.212 -0.158 -0.158 -0.544 -1.122 -1.122 -0.22603724 -0.632 -0.54 -0.54 -0.4 -0.39996322 -0.048025396 -0.692 -0.692 -0.23618607 -0.032 -0.032 -0.20778049 -0.208 -0.20799959 -0.97204192 -0.98790009 -0.98799976 -0.98799997 -0.98799967 -2.0808946 -1.062 -1.062 -1.062 -1.062
-0.27800569 0.358 -0.030107322 0.56 0.958 0.178 0.22 0.2 0.162 0.162 0.088 0.158 -0.49399996 -0.022 -0.10599975 -0.106 -0.226 -0.432 -0.674 -0.674 -0.87372402 -0.75 -0.75 -0.88599999 -0.544 -0.544 -1.122 -1.122 -0.22601643 -0.22630256 0.36330325 -0.4 -0.4 -0.048 -0.048 -0.73666048 -0.692 -0.692 -1.0459877 -0.20800117 -0.208 -0.208 -0.20799792 -0.98799631 -0.988 -0.988 -0.988 -0.9880008 -2.328 -1.0622509 -1.062 -1.062 -1.062
-0.278 -0.368 0.216 -0.174 -0.36198922 0.01 0.062 -0.075999988 0.1 -0.062 -0.062 -0.376 -0.494 -0.494 -0.10866204 -0.40108526 -0.43 -0.272 -0.59800008 -0.674 -1.0890551 -1.068 -1.186 -0.786 -0.78600018 -0.8 -1.048 -1.048 -0.50701183 -0.50799998 0.366 0.052915223 0.092 -0.048 -0.064143 -0.774 -0.774 -1.046 -1.046 -0.208 -0.208 -0.208 -0.32526167 -0.32600003 -0.988 -0.988 -0.988 -2.327949 -2.328 -2.328 -1.062 -1.062 -1.062
-0.38499214 -0.36799999 -0.12 0.144 0.034 -0.236 0.038 0.696 0.292 0.43713365 0.032 -0.222 -0.222 -0.31 -0.30999947 -0.70523076 -0.706 -0.706 -0.32176441 -1.0420001 -1.316 -1.316 -1.142 -1.1686603 -0.79858917 -0.8 -1.044 -1.048 -0.55687063 -0.554 0.042 0.482 0.13044932 -0.81 -0.614 -0.786 -0.714 -0.548 -0.62996214 -0.20718759 -0.026 -0.224 -0.32598209 -0.326 -0.32972609 -0.988 -1.292 -2.328 -2.328 -2.328 -2.328 -1.078933 -1.168
-0.48 -0.48 0.074 0.09 0.116 0.112 0.138 0.252 0.654 0.47399457 0.128 0.076 -0.31 -0.31 -0.254 -0.26019938 -0.706 -0.70593626 -0.432 -1.042 -1.042 -1.0773004 -1.142 -1.3319964 -1.332 -1.332 -1.044 -0.392 -0.392 -0.554 -0.554 0.48067616 -0.216 -0.81 -0.566 -0.786 -0.714 -1.028 -0.63 0.0055302514 -0.22399999 -0.22106128 -0.216 -0.326 -0.326 -1.292 -1.292 -1.292 -2.328 -2.328 -1.198 -1.198 -1.198
-0.48 -0.48 -0.62 -0.48 -0.26 0.074 -0.16399999 0.25594599 -0.03 0.048 -0.112 -0.29 0.075512174 -0.254 -0.254 -0.25401361 -0.372 -0.37514908 -0.432 -0.054 -0.054 -0.536 -0.536 -1.332 -1.332 -1.332 -0.392 -0.392 -0.392 -1.03 -1.03 -1.0299987 -0.396 -0.396 -0.708 -1.03 -0.48 -0.83000063 -1.14 0.016 0.016 -0.28399978 -0.216 -0.326 -0.81999987 -0.772 -0.39587609 -0.392 -0.76 -0.76 -1.198 -1.198 -1.198
-0.48 -0.54041546 -0.56025701 -0.70398812 -0.298 -0.434 -0.164 0.256 -0.029997612 0.047135855 -0.28999956 -0.29 0.018 -0.254 -0.254 -0.372 -0.372 -0.37200341 -0.432 -0.054 -0.14865499 -0.536 -0.536 -1.3319676 -1.332 -1.1183323 -0.682 -0.682 -0.68199996 -1.03 -1.03 -1.356 -1.356 -0.39600086 -0.708 -0.71799997 -0.54799022 -0.83 -0.83 0.01599999 -0.284 -0.284 -0.28400387 -0.82 -0.82 -0.772 -0.392 -0.392 -0.76 -0.76 -1.198 -1.198 -1.198
-0.256 0.14796055 0.21197399 0.20536845 -0.29800065 -0.43399679 -0.16400001 0.25083004 -0.010291675 -0.027963212 0.018 0.018 0.018 0.018 -0.25396147 -0.372 -0.372 -0.3727747 -0.432 -0.054029023 -0.146 -0.146 -0.146 -0.146 -1.3113913 -0.682 -0.682 -0.682 -0.682 -0.68220189 -1.356 -1.356 -1.356 -1.356 -0.718 -0.718 -0.718 -0.82468605 -0.82938414 -0.748 -0.748 -0.28402496 -0.99199411 -0.82001657 -0.82 -0.772 -0.392 -0.392 -0.76 -0.76 -1.196411 -1.198 -1.2121666
-0.256 0.212 0.212 0.212 0.212 0.21199973 -0.1646911 0.034691256 0.042288306 0.017950293 0.018 0.018 0.018 0.018 0.018000102 -0.372 -0.37200001 -0.37611559 -0.43199824 -0.146 -0.146 -0.146 -0.146 -0.146 -0.15828043 -0.68270632 -0.678 -0.678 -0.678 -0.678 -1.356 -1.356 -1.3559999 -1.268 -1.268 -0.718 -1.1535419 -1.166 -0.74800024 -0.748 -0.748 -0.748 -0.992 -0.992 -0.992 -0.990469 -0.8967737 -0.9 -0.9 -0.9 -0.9 -0.078000231 -0.078
0.284 0.212 0.212 0.212 0.212 0.212 0.21199997 -0.032102911 0.16346478 0.164 0.164 0.164 0.164 0.164 0.164 0.064001977 -0.36511797 -0.3802159 -0.14603594 -0.146 -0.146 -0.146 -0.146 -0.14600015 -0.714 -0.714 -0.71399995 -0.678 -0.678 -0.67846857 -0.912 -0.912 -1.268 -1.268 -1.268 -1.1823391 -1.166 -1.166 -1.166 -0.748 -0.748 -0.748 -0.992 -0.992 -0.992 -0.992 -0.9 -0.9 -0.9 -0.9 -0.9 -0.078 -0.078
0.284 0.25719522 0.212 0.212 0.212 0.212 0.052031403 0.052 0.052000003 0.164 0.164 0.164 0.164 0.164 0.14149809 0.062 0.062 0.062 -0.27560363 -0.27599987 -0.276 -0.276 -0.276 -0.276 -0.714 -0.714 -0.714 -0.714 -0.678 -0.912 -0.912 -0.912 -1.268 -1.268 -1.268 -0.672 -1.1653459 -1.166 -1.166 -0.74802533 -0.79826068 -0.91549789 -0.992 -0.992 -0.71485792 -0.714 -0.714 -0.8989584 -0.26821554 -0.26600006 -0.26600012 -0.052003988 -0.077999947
0.284 0.2042025 0.20693954 0.212 0.212 0.052094536 0.052 0.052 0.052 0.052807104 0.164 0.164 0.164 0.16399999 0.062 0.062 0.062 0.062 -0.27569807 -0.276 -0.276 -0.276 -0.276 -0.276 -0.71399999 -0.714 -0.714 -0.714 -0.71472019 -0.912 -0.912 -0.912 -0.65400001 -1.2679246 -0.672 -0.672 -0.672 -0.67225662 -0.93181931 -0.916 -0.916 -0.916 -0.638 -0.638 -0.714 -0.714 -0.714 -0.26600001 -0.266 -0.266 -0.266 -0.052 -0.052
0.20221284 0.202 0.202 0.202 0.112 0.052001548 0.052 0.052 0.052 0.052 0.18050434 0.16400284 0.16400001 0.062 0.062 0.062 0.062 0.062 0.0010344704 -0.276 -0.276 -0.276 -0.276 -0.276 -0.40854095 -0.28800231 -0.288 -0.288 -0.288 -0.91199999 -0.654 -0.654 -0.654 -0.654 -0.672 -0.67200053 -0.692 -0.692 -0.91320303 -0.916 -0.916 -0.916 -0.638 -0.638 -0.70223258 -0.714 -0.714 -0.266 -0.266 -0.266 -0.26370536 -0.052 -0.052
0.202 0.202 0.202 0.15961766 0.112 0.112 0.052 0.052 0.052 0.052 0.382 0.382 0.382 0.062 0.062 0.062 0.062 0.06197422 -0.484 -0.484 -0.27600008 -0.276 -0.27853196 -0.38 -0.37917176 -0.288 -0.288 -0.288 -0.288 -0.65396273 -0.654 -0.654 -0.654 -0.654 -0.69199993 -0.692 -0.692 -0.692 -0.69276391 -0.916 -0.916 -0.916 -0.638 -0.638 -0.638 -0.714 -0.714 -0.266 -0.266 -0.266 -0.052 -0.052 -0.052
0.202 0.202 0.202 0.112 0.112 0.112 0.11199991 0.052 0.052 0.38165935 0.382 0.382 0.382 0.38180062 -0.064269896 -0.094 -0.094 -0.094000002 -0.484 -0.484 -0.484 -0.38 -0.38 -0.38 -0.37993669 -0.21771374 -0.288 -0.288 -0.288 -0.34629816 -0.28603619 -0.286 -0.286 -0.286 -0.51872988 -0.27600094 -0.276 -0.276 -0.276 -0.13810645 -0.138 -0.138 -0.638 -0.638 0.22599639 0.22600002 0.286 0.286 0.318 0.318 0.318 -0.052 0.39360122
0.20200015 0.202 0.202 0.112 0.112 0.112 0.112 0.036000005 0.051936026 0.38200181 0.382 0.382 0.382 0.38106596 -0.094 -0.094 -0.094 -0.094000112 -0.484 -0.484 -0.484 -0.38 -0.38 -0.38 -0.154 -0.154 -0.27 -0.27 -0.27 -0.27008729 -0.286 -0.286 -0.286 -0.286 -0.28100277 -0.276 -0.276 -0.276 -0.276 -0.138 -0.138 -0.138 -0.12654717 0.226 0.226 0.226 0.286 0.286 0.318 0.318 0.318 0.394 0.394
0.25 0.21176399 -0.288 -0.28788395 0.112 0.036439733 0.036 0.036 0.087741765 0.384 0.384 0.384 0.384 -0.14798268 -0.148 -0.094000041 -0.094 -0.10427593 -0.484 -0.484 -0.484 -0.534 -0.534 -0.534 -0.154 -0.154 -0.27 -0.27 -0.27 -0.27000002 -0.3019999 -0.30199996 -0.28640214 -0.28601715 -0.44781404 -0.448 -0.448 -0.448 -0.448 -0.138 -0.138 -0.138 0.20595694 0.226 0.226 0.22599997 0.286 0.286 0.28600115 0.318 0.31799222 0.144 0.394
-0.13192746 -0.13200003 -0.288 -0.288 -0.288 0.036 0.036 0.036 0.178 0.178 0.384 0.384 0.384 -0.148 -0.148 -0.148 -0.148 -0.14803708 -0.484 -0.484 -0.484 -0.534 -0.534 -0.534 -0.154 -0.154 -0.27 -0.27 -0.27 -0.3016392 -0.302 -0.302 -0.302 -0.302 -0.44792796 -0.448 -0.448 -0.448 -0.448 -0.26599997 -0.266 -0.266 -0.266 0.22599874 0.062 0.062 0.062 0.262 0.262 0.262 0.144 0.144 0.144
-0.132 -0.132 -0.288 -0.288 -0.288 0.034296998 0.036 0.178 0.178 0.178 0.38397464 0.384 0.0032198788 -0.14799998 -0.148 -0.148 -0.148 -0.266 -0.266 -0.266 -0.408 -0.40800009 -0.53399939 -0.534 -0.53379252 -0.364 -0.364 -0.36399978 -0.27001519 -0.10603906 -0.10600104 -0.10603422 -0.30166502 -0.30183085 -0.42187037 -0.44800009 -0.44877748 -0.68 -0.68 -0.266 -0.266 -0.266 -0.266 0.062 0.062 0.062 0.062 0.262 0.262 0.262 0.144 0.144 0.144
-0.132 -0.132 -0.288 -0.288 -0.288 -0.288 0.089146452 0.178 0.178 0.178 0.17785638 -0.082 -0.082 -0.082 -0.14761105 -0.148 -0.26521368 -0.266 -0.266 -0.266 -0.408 -0.408 -0.408 -0.408 -0.364 -0.364 -0.364 -0.364 -0.364 -0.106 -0.106 -0.106 -0.106 -0.10600061 -0.394 -0.68 -0.68 -0.68 -0.68 -0.67999961 -0.622 -0.622 -0.622 -0.4592918 -0.122 -0.122 -0.122 0.26199999 0.26199969 -0.06 -0.06 0.13200292 0.132
-0.132 -0.132 -0.23169495 -0.288 -0.288 -0.28800001 -0.55669395 0.17568053 0.178 0.178 -0.082000075 -0.082 -0.082 -0.082 -0.082 -0.087437179 -0.266 -0.266 -0.266 -0.266 -0.4079989 -0.408 -0.408 -0.408 -0.364 -0.364 -0.364 -0.364 -0.364 -0.38532553 -0.106 -0.106 -0.106 -0.394 -0.394 -0.39422209 -0.68 -0.68 -0.65186107 -0.63 -0.622 -0.622 -0.622 -0.46190221 -0.122 -0.122 -0.122 -0.14 -0.060996792 -0.06 -0.06 0.132 0.132
-0.528 -0.528 -0.528 -0.3481746 -0.28823477 -0.558 -0.558 -0.558 -0.558 -0.44 -0.44 -0.082000025 -0.082 -0.082 -0.082 -0.082011664 -0.266 -0.266 -0.266 -0.266 -0.34603581 -0.408 -0.408 -0.39533352 0.056407292 -0.364 -0.364 -0.364 -0.484 -0.484 -0.484 -0.48399841 -0.394 -0.394 -0.394 -0.394 -0.63 -0.63 -0.63 -0.63 -0.658 -0.658 -0.658 -0.27400772 -0.274 -0.274 -0.27399995 -0.14 -0.14 -0.060097476 -0.06 0.13199951 0.132
-0.528 -0.528 -0.528 -0.52799558 -0.446 -0.46228664 -0.558 -0.558 -0.558 -0.44 -0.44 -0.44 -0.154 -0.154 -0.154 -0.15400001 -0.266403 -0.266 -0.266 -0.266 -0.2681268 0.075998671 0.076 0.076 0.076 0.075999976 -0.62 -0.62 -0.484 -0.484 -0.484 -0.484 -0.39400007 -0.394 -0.394 -0.39400766 -0.63 -0.63 -0.63 -0.62981575 -0.658 -0.658 -0.658 -0.27401781 -0.274 -0.274 -0.274 -0.14 -0.14 -0.13999998 0.034 0.034 0.25
-0.528 -0.528 -0.528 -0.44600019 -0.446 -0.446 -0.55799996 -0.558 -0.558 -0.44 -0.44 -0.44 -0.154 -0.154 -0.154 -0.17928497 -0.486 -0.486 -0.48599943 -0.26724261 0.076 0.076 0.076 0.076 0.076 0.075476223 -0.62 -0.62 -0.62 -0.484 -0.484 -0.48392019 -0.488 -0.488 -0.488 -0.51 -0.51 -0.588 -0.588 -0.588 -0.066 -0.65781431 -0.65799554 -0.06 -0.06 -0.068110357 -0.27399921 -0.14 -0.14 0.034 0.034 0.034 0.25
-0.528 -0.528 -0.528 -0.446 -0.446 -0.446 -0.446 -0.558 -0.558 -0.44 -0.44 -0.16543588 -0.154 -0.154 -0.154 -0.486 -0.486 -0.486 -0.486 -0.486 0.076 0.076 0.076 0.076 0.076 -0.61999763 -0.62 -0.62 -0.62 -0.36 -0.36 -0.36 -0.488 -0.488 -0.488 -0.51 -0.51 -0.588 -0.588 -0.066 -0.066 -0.066 -0.06 -0.06 -0.06 -0.06 -0.033055674 0.268 0.268 0.268 0.034000005 0.318 0.318
-0.528 -0.528 -0.52788581 -0.446 -0.446 -0.446 -0.446 -0.46504024 -0.466 -0.46595536 -0.44 -0.15402044 -0.154 -0.154 -0.15400115 -0.486 -0.486 -0.486 -0.486 -0.486 -0.78904355 0.076 0.076 0.076 0.07586571 -0.61999752 -0.62 -0.62 -0.62 -0.36 -0.36 -0.36 -0.36001795 -0.488 -0.51 -0.51 -0.51 -0.51000289 -0.5879644 -0.066 -0.066 -0.066 -0.060000364 -0.06 -0.06 -0.06 0.26800147 0.268 0.268 0.268 0.318 0.318 0.318
0.074 0.073998948 -0.44602477 -0.446 -0.446 -0.446 -0.46599574 -0.466 -0.466 -0.466 -0.398 -0.398 -0.398 -0.398 -0.48559381 -0.486 -0.486 -0.486 -0.486 -0.8259998 -0.826 -0.826 -0.57599989 -0.576 -0.576 -0.576 -0.57979777 -0.62 -0.29601327 -0.296 -0.296 -0.296 -0.296 -0.076000002 -0.076 -0.076 -0.076 -0.076 0.068 0.068 0.068 0.068 0.068 0.41727945 0.418 0.418 0.418 0.268 0.268 0.268 0.31799212 0.318 0.318
0.074 0.074 0.072643508 -0.08800072 -0.08800008 -0.088368736 -0.466 -0.466 -0.466 -0.466 -0.398 -0.398 -0.398 -0.398 -0.398 -0.486 -0.486 -0.486 -0.82599991 -0.826 -0.826 -0.826 -0.576 -0.576 -0.576 -0.576 -0.576 -0.57600903 -0.29600077 -0.296 -0.296 -0.296 -0.29600031 -0.0011689859 -0.075922516 -0.076 -0.076 -0.075999998 0.068 0.068 0.068 0.068 0.068000001 0.418 0.418 0.418 0.418 0.34785707 0.268 0.61409507 0.618 0.2 0.2
0.074 0.074 -0.08797948 -0.088 -0.088 -0.088 -0.18401041 -0.466 -0.466 -0.466 -0.398 -0.398 -0.398 -0.398 -0.398 -0.48593323 -0.486 -0.82590031 -0.826 -0.826 -0.826 -0.826 -0.66861412 -0.576 -0.576 -0.576 -0.576 -0.57580317 -0.298 -0.298 -0.298 -0.298 -0.298 0.056 0.056 0.056 0.056 0.056 0.236 0.236 0.236 0.236 0.236 0.41870808 0.41800015 0.418 0.41804916 0.42394372 0.618 0.618 0.618 0.20000234 0.2
0.074000394 0.28382786 -0.087999948 -0.088 -0.088 -0.088 -0.088 -0.46583905 -0.466 -0.466 -0.398 -0.398 -0.398 -0.398 -0.49969002 -0.502 -0.502 -0.82599166 -0.826 -0.826 -0.826 -0.826 -0.82599994 -0.576 -0.576 -0.576 -0.576 -0.43799987 -0.43799994 -0.4082046 -0.298 -0.298 -0.298 0.055999998 0.056 0.056 0.056 0.055844225 0.236 0.236 0.236 0.236 0.23599755 0.708 0.708 0.708 0.708 0.70799274 0.618 0.618 0.618 0.61799991 0.46996468
0.288 0.288 0.21229214 -0.088 -0.088 -0.088 -0.088 -0.088 -0.46583799 -0.12200001 -0.122 -0.122 -0.122655 -0.50199985 -0.502 -0.502 -0.502 -0.502 -0.82599787 -0.8077421 -0.648 -0.648 -0.648 -0.62946618 -0.57199818 -0.55058521 -0.53246659 -0.438 -0.438 -0.438 -0.438 -0.438 -0.43054927 -0.17465094 -0.174 -0.174 -0.174 -0.174 0.22998856 0.20400006 0.204 0.204 0.204 0.52200055 0.70799995 0.708 0.708 0.704 0.61800138 0.618 0.618 0.474 0.474
0.288 0.288 0.246 0.246 0.246 -0.087888742 -0.088 -0.088 -0.122 -0.122 -0.122 -0.122 -0.122 -0.50199998 -0.502 -0.502 -0.502 -0.502 -0.648 -0.648 -0.648 -0.648 -0.648 -0.52600001 -0.526 -0.526 -0.526 -0.438 -0.438 -0.438 -0.438 -0.438 -0.232 -0.232 -0.174 -0.174 -0.174 -0.016026907 -0.016 0.204 0.204 0.204 0.20400003 0.522 0.522 0.522 0.704 0.704 0.704 0.514 0.514 0.474 0.474
0.288 0.288 0.246 0.246 0.246 0.246 0.2459992 0.1 -0.12179098 -0.122 -0.122 -0.122 -0.122 -0.49725985 -0.502 -0.502 -0.502 -0.502 -0.648 -0.648 -0.648 -0.648 -0.648 -0.526 -0.526 -0.526 -0.526 -0.52599964 -0.438 -0.438 -0.438 -0.2320108 -0.232 -0.232 -0.232 -0.174 -0.016000002 -0.016 -0.016 -0.010211388 0.35574152 0.384 0.384 0.522 0.522 0.522 0.704 0.704 0.704 0.514 0.514 0.514 0.43958278
0.31 0.30999983 0.246 0.246 0.246 0.246 0.1 0.1 0.1 -0.122 -0.122 -0.122 -0.122 -0.12211813 -0.502 -0.502 -0.502 -0.502 -0.64799714 -0.648 -0.648 -0.64799999 -0.54747501 -0.526 -0.526 -0.526 -0.526 -0.43000008 -0.43 -0.43 -0.43790644 -0.232 -0.232 -0.232 -0.23199959 0.20199999 -0.016 -0.016 -0.016 -0.015999996 0.384 0.384 0.384 0.606 0.606 0.606 0.89198169 0.704 0.704 0.514 0.514 0.514 0.43600073
0.31 0.31 0.246 0.246 0.246 0.1 0.1 0.1 0.1 -0.097662341 -0.122 -0.122 -0.122 -0.12200022 -0.012056391 -0.012 -0.012 -0.012 0.20185434 0.088 0.088 0.088 0.088 -0.526 -0.526 -0.526 -0.52599367 -0.43 -0.43 -0.43 -0.43 -0.23193821 0.012112446 0.202 0.202 0.202 -0.014140231 0.48198963 0.482 0.482 0.38417389 0.60599999 0.606 0.606 0.606 0.60600121 0.892 0.892 0.558 0.558 0.558 0.644 0.698
