interpolatedSpi/02-03|20_1.tif
NCOLS 53
NROWS 52
XLLCORNER -116.03883
YLLCORNER 28.596182
DX 0.49850594
DY 0.49788537
NODATA_VALUE -9999
[rows 0 to 29 of 52, columns 0 to 52 of 53]
0.21666667 0.21666667 0.068304842 0.096666667 0.33333333 -0.03 0.14333333 0.03 -0.061468082 -0.053333333 -0.053333333 0.16666667 -0.016610672 0.66333333 -0.04 -0.04 -0.04 0.53666667 0.34333333 0.34333333 0.34333333 0.34332434 -0.59 -0.20333333 -0.20333333 -0.20333333 -0.46666374 -0.46666667 -0.46666667 -0.21666667 -0.21666667 -0.21666667 -0.21666667 -0.44333329 -0.44333333 -0.44333333 -0.44333333 -0.44333333 -0.44333333 -0.44333334 -0.52907619 -0.53016617 -1.1833333 -1.1833333 -1.1833333 -1.1833333 -1.1824404 -0.63666667 -0.63666667 -0.63666667 0.35333128 0.35333333 0.35333333
0.21665289 -0.093333333 -0.093333206 0.048873096 0.45300273 0.43333333 0.55666667 0.093349282 0.056666667 0.11 0.2 -0.016666666 -0.016666667 0.32114483 0.66332297 -0.04 0.53666667 0.53666667 0.34358541 0.34333333 0.34333333 0.34333333 -0.21719443 -0.20333333 -0.20333333 -0.20333333 0.21999997 0.22 -0.21666667 -0.21666667 -0.21666667 -0.21666667 -0.21666667 -0.4433333 -0.44333333 -0.44333333 -0.44333333 -0.44333333 -0.44333328 -0.40073467 -0.24663872 -1.0696759 -1.1833333 -1.1833333 -1.1833333 -1.1833333 -1.1833333 -0.63666667 -0.63666667 -0.63666667 -0.55457492 0.35333333 0.35333333
0.58330592 0.58333333 0.016666667 0.71 -0.016666667 0.023333333 0.26 -0.11 -0.05 -0.026666666 0.74 -0.083333333 0.073333333 0.25333333 0.32 -0.64 0.53666667 0.53666667 0.53666667 0.090073645 0.09 0.09 -0.46666667 -0.20333333 -0.20333333 -0.20333333 0.22 0.22 0.22 -0.21666667 -0.21666667 -0.21666668 -0.36429602 -0.44183965 -0.4360732 0.32951916 0.33666667 0.33666667 0.26329871 -0.24666666 -0.24666667 -0.24786443 -1.1833333 -1.1833333 -1.1833333 -1.1833333 -1.1833333 -0.63666667 -0.63666667 -0.63666667 -0.63666666 0.35333333 0.35333333
0.053333333 0.58333316 -0.25339205 0.24333333 -0.14666667 0.073333333 -0.28 -0.51 -0.10666667 0.075223235 -0.28 -0.35333333 0.086666667 0.25333333 -0.22666667 -0.64 -0.24636821 -0.24278682 -0.98 0.09 0.09 -1.5033333 -0.46666667 -0.46666667 -0.20333333 -0.20333122 0.22 0.22 0.22 -0.53333333 -0.52784656 -0.52333333 -0.52333333 -0.52333267 0.33666667 0.33666667 0.33666667 0.33666667 -0.24666667 -0.24666667 -0.24666667 -0.2466667 -1.1833333 -1.1833333 -1.1833333 -1.1833333 -1.1833333 -0.63667356 -0.63666667 -0.63666667 -0.63666667 0.35327301 0.35333333
0.053333333 -0.24666668 -0.25333333 -0.52383848 -0.14666667 -0.48333333 -0.63328802 -0.70666667 -0.58666667 -0.21000024 -0.18250637 -0.16333286 -0.16 -0.22666667 -0.22666667 -0.4969951 -0.24333333 -0.24333333 -0.98 -0.98 0.089996863 -1.5033333 -1.6466667 -0.57333333 -0.17666667 -0.17679831 0.22 0.22 -0.53333333 -0.53333333 -0.52333333 -0.52333333 -0.52333333 -0.59624826 0.33666667 0.33666667 0.33666667 -0.24666667 -0.24666667 -0.24666667 -0.24666667 -0.24668082 -1.1833333 -1.1833333 -1.1833333 -1.1833333 -1.1833333 -1.1784673 -0.63666667 -0.63670508 -1.4933333 -1.4933333 -1.4933333
-0.85 -0.12666667 0.31333333 -0.39666667 -0.24 -0.0033333333 -0.28666667 -0.3404387 -0.24333333 -0.72 -0.086666667 -0.19 -0.18999998 -0.12333333 -0.12333333 -0.54664816 -0.54666667 -0.47 -0.47 -0.97999999 -1.09 -1.09 -0.57333333 -0.17666667 -0.17666667 -0.74 -1.0233333 -1.0233333 0.046612671 -0.53333333 -0.52333333 -0.52333333 -0.91 -0.90997562 -0.67668338 -0.70666667 -0.70666667 -0.38897817 -0.24666667 -0.24666667 -0.39315041 -0.39333333 -0.39333249 -1.9528387 -1.9665801 -1.9666665 -1.9666666 -1.9666664 -2.8866617 -1.4933333 -1.4933333 -1.4933333 -1.4933333
-0.37000818 0.15333333 -0.51211653 -0.12 -0.043333333 -0.27666667 -0.12333333 -0.44333333 -0.64 -0.64 -0.086666667 0.026666667 -0.60999995 -0.12333333 -0.46999896 -0.47 -0.54666667 -0.59666667 -0.97333333 -0.97333333 -1.022452 -0.94666667 -0.94666667 -0.71333333 -0.74 -0.74 -1.0233333 -1.0233333 0.046608778 0.045600901 0.14994235 -0.91 -0.91 -0.67666667 -0.67666667 -0.57413759 -0.70666667 -0.70666667 -1.0366552 -0.39333423 -0.39333333 -0.39333333 -0.39332963 -1.9666612 -1.9666667 -1.9666667 -1.9666667 -1.9666674 -3.2033333 -1.4936722 -1.4933333 -1.4933333 -1.4933333
-0.37 -0.72333333 -0.38666667 -0.56 -0.70665826 -0.44333333 -0.33666667 -0.73999998 -0.31333333 -0.51 -0.51 -0.45333333 -0.61 -0.61 -0.47096053 -0.68858167 -0.71 -0.58333333 -0.95666668 -0.97333333 -0.87499671 -0.83 -1.2533333 -0.41666667 -0.41667342 -0.94 -0.73333333 -0.73333344 -0.94318589 -0.94666664 0.15333333 -0.74686172 -0.55666667 -0.67666667 -0.68189555 -0.46333333 -0.46333333 -1.0366667 -1.0366667 -0.39333333 -0.39333333 -0.39333333 -0.98019422 -0.98333338 -1.9666667 -1.9666667 -1.9666667 -3.2032863 -3.2033333 -3.2033333 -1.4933333 -1.4933333 -1.4933333
-0.72434477 -0.72333333 -1.1133333 -0.26666667 -0.73 -0.87333333 -0.54 -0.32 -0.20333333 0.19006922 0.15666667 -0.29333334 -0.29333333 -0.22666667 -0.22666852 -1.0590245 -1.06 -1.06 -0.64032325 -1.0800001 -1.36 -1.36 -1.1433333 -1.2099841 -0.88726182 -0.94 -1.0533333 -0.73333333 -0.45164645 -0.45 -0.8 -0.15 -0.38839691 -1.1466667 -0.86 -0.83666667 -0.66666667 -0.4 -0.53993535 -0.39160734 -0.0066666667 -0.55666667 -0.98332681 -0.98333333 -0.98886807 -1.9666667 -1.7766667 -3.2033333 -3.2033333 -3.2033333 -3.2033333 -1.337284 -1.4433333
-0.73 -0.73 -0.87666667 -0.13666667 -0.38 -1.0066667 -0.52333333 -0.59333333 0.053333333 0.28992508 0.11 -0.07 -0.22666667 -0.22666667 -0.42333333 -0.4320655 -1.06 -1.0599007 -0.62333333 -1.08 -1.08 -1.1160734 -1.1433333 -1.3433295 -1.3433333 -1.3433333 -1.0533333 -0.53666667 -0.53666667 -0.45 -0.45 -0.15089773 -0.62333333 -1.1466667 -1.0833333 -0.83666667 -0.66666667 -1.4366667 -0.54 -0.25797937 -0.55666664 -0.69870456 -0.94333333 -0.98333333 -0.98333333 -1.7766667 -1.7766667 -1.7766667 -3.2033333 -3.2033333 -0.24 -0.24 -0.24000045
-0.73 -0.73 -1.14 -0.84333333 -0.82 -0.59 -0.77666666 -0.23363454 -0.80666667 -0.87 -0.59666667 -0.54 -0.07062594 -0.42333333 -0.42333333 -0.42335679 -0.62666667 -0.62649172 -0.62333333 0.046666667 0.046666667 -0.36 -0.36 -1.3433333 -1.3433333 -1.3433333 -0.53666667 -0.53666667 -0.53666667 -1.1633333 -1.1633333 -1.1633324 -0.72333333 -0.72333333 -1.19 -1.51 -0.54666667 -1.2499985 -1.0733333 -0.25333333 -0.25333333 -0.9533333 -0.94333333 -0.98333333 -0.48333358 -0.68666667 -0.024246577 -0.016666671 -0.06 -0.06 -0.24 -0.24 -0.24
-0.73 -0.9069668 -1.0134018 -1.1533197 -0.99666667 -1.0366667 -0.77666667 -0.23333333 -0.80666188 -0.86929834 -0.54000043 -0.54 -0.096666667 -0.42333333 -0.42333333 -0.62666666 -0.62666667 -0.62666648 -0.62333333 0.046666667 -0.033194393 -0.36 -0.36 -1.3432933 -1.3433333 -1.1066552 -0.62333333 -0.62333333 -0.62333332 -1.1633333 -1.1633333 -1.7833333 -1.7833333 -0.72333461 -1.19 -0.94333332 -0.63165452 -1.25 -1.25 -0.25333336 -0.95333333 -0.95333333 -0.95332993 -0.48333333 -0.48333333 -0.68666667 -0.016666667 -0.016666667 -0.06 -0.06 -0.24 -0.24 -0.24
-0.033333333 -0.30683699 -0.24002292 -0.24661544 -0.99666679 -1.0366657 -0.77666667 -0.24002147 -0.76715814 -0.80832047 -0.096666667 -0.096666667 -0.096666667 -0.096666667 -0.42328706 -0.62666667 -0.62666667 -0.62662363 -0.62333333 0.04667399 0.086666667 0.086666667 0.086666667 0.086666667 -1.3185387 -0.62333333 -0.62333333 -0.62333333 -0.62333333 -0.62354691 -1.7833333 -1.7833333 -1.7833333 -1.7833333 -0.94333333 -0.94333333 -0.94333333 -1.2350113 -1.2479722 -0.98 -0.98 -0.95333477 -0.61999532 -0.4833465 -0.48333333 -0.68666667 -0.016666667 -0.016666667 -0.06 -0.06 -0.23934698 -0.24 -0.90188332
-0.033333333 -0.24 -0.24 -0.24 -0.24 -0.24000034 -0.77733218 -0.51965595 -0.66175308 -0.097432889 -0.096666667 -0.096666667 -0.096666667 -0.096666667 -0.096666865 -0.62666666 -0.62666667 -0.62643802 -0.62333108 0.086666667 0.086666667 0.086666667 0.086666667 0.086666667 0.079890659 -0.37020099 -0.25666674 -0.25666667 -0.25666667 -0.25666667 -1.7833333 -1.7833333 -1.7833326 -1.1733333 -1.1733333 -0.94333333 -1.6724771 -1.6933333 -0.98000041 -0.98 -0.98 -0.98 -0.62 -0.62 -0.62 -0.62046394 0.0096873437 0.01 0.01 0.01 0.0099999987 0.51333318 0.51333333
0.47333333 -0.24 -0.24 -0.24 -0.24 -0.24 -0.24000004 -0.37274832 -0.36431973 -0.36333333 -0.36333333 -0.36333333 -0.36333333 -0.36333333 -0.36333333 0.12650459 -0.61455264 -0.62621001 0.086577395 0.086666667 0.086666667 0.086666667 0.086666667 0.086666399 -0.22666667 -0.22666667 -0.22666671 -0.25666667 -0.25666667 -0.25759446 -0.72 -0.72 -1.1733333 -1.1733333 -1.1733333 -1.6100346 -1.6933333 -1.6933333 -1.6933333 -0.98 -0.98 -0.98 -0.62 -0.62 -0.62 -0.62 0.0099999958 0.01 0.01 0.01 0.01 0.51333333 0.51333333
0.47333333 0.20776744 -0.24 -0.24 -0.24 -0.24 0.31989009 0.32 0.31999998 -0.36333333 -0.36333333 -0.36333333 -0.36333333 -0.36333333 -0.25302984 0.13666667 0.13666667 0.13666667 -0.14263257 -0.1433331 -0.14333333 -0.14333333 -0.14333333 -0.14333333 -0.22666667 -0.22666667 -0.22666667 -0.22666667 -0.25666667 -0.72 -0.72 -0.72 -1.1733333 -1.1733333 -1.1733333 -0.80666667 -1.6921594 -1.6933333 -1.6933333 -0.97997483 -0.92914098 -0.81050809 -0.62 -0.62 -0.2478188 -0.24666667 -0.24666667 0.0098400106 -0.08632886 -0.086666658 -0.086666648 0.27336957 0.51333285
0.47333333 0.16192791 -0.040955226 -0.24 -0.24 0.31966913 0.32 0.32 0.32 0.3150757 -0.36333333 -0.36333333 -0.36333333 -0.36333327 0.13666667 0.13666667 0.13666667 0.13666667 -0.14308322 -0.14333333 -0.14333333 -0.14333333 -0.14333333 -0.14333333 -0.22666666 -0.22666667 -0.22666667 -0.22666667 -0.22846109 -0.72 -0.72 -0.72 -0.48666667 -1.1732795 -0.80666667 -0.80666667 -0.80666667 -0.80874797 -0.86592579 -0.81 -0.81 -0.81 -0.20666667 -0.20666667 -0.24666667 -0.24666667 -0.24666667 -0.086666669 -0.086666667 -0.086666667 -0.086666667 0.27333333 0.27333333
0.15373773 0.15333333 0.15333333 0.15333334 0.43 0.32000284 0.32 0.32 0.32 0.32 -0.28712017 -0.36332022 -0.3633333 0.13666667 0.13666667 0.13666667 0.13666667 0.13666667 0.10461561 -0.14333333 -0.14333333 -0.14333333 -0.14333333 -0.14333333 -0.12686196 -0.036667696 -0.036666667 -0.036666667 -0.036666667 -0.71999999 -0.48666667 -0.48666667 -0.48666667 -0.48666667 -0.80666667 -0.80667149 -0.99 -0.99 -0.81224757 -0.81 -0.81 -0.81 -0.20666667 -0.20666667 -0.24047329 -0.24666667 -0.24666667 -0.086666667 -0.086666667 -0.086666667 -0.082806531 0.27333333 0.27333333
0.15333333 0.15333333 0.15333333 0.28361979 0.43 0.43 0.32 0.32 0.32 0.32 0.64333333 0.64333333 0.64333333 0.13666667 0.13666667 0.13666667 0.13666667 0.13666556 -0.023333333 -0.023333333 -0.14333328 -0.14333333 -0.1375715 0.093333333 0.092163003 -0.036666667 -0.036666667 -0.036666667 -0.036666667 -0.48662085 -0.48666667 -0.48666667 -0.48666667 -0.48666667 -0.98999936 -0.99 -0.99 -0.99 -0.98931096 -0.81 -0.81 -0.81 -0.20666667 -0.20666667 -0.20666667 -0.24666667 -0.24666667 -0.086666662 -0.086666667 -0.086666666 0.27333333 0.27333333 0.27333333
0.15333333 0.15333333 0.15333333 0.43 0.43 0.43 0.42999983 0.32 0.32 0.64299956 0.64333333 0.64333333 0.64333333 0.64301766 0.13127052 0.13 0.13 0.13 -0.023333333 -0.023333333 -0.023333333 0.093333333 0.093333333 0.093333333 0.093450987 0.2518217 -0.036666667 -0.036666667 -0.036666666 -0.32174433 -0.29668535 -0.29666667 -0.29666667 -0.29666667 -0.58493033 -0.016668877 -0.016666667 -0.016666667 -0.016666667 0.38650293 0.38666667 0.38666667 -0.20666667 -0.20666667 0.75999596 0.75999986 0.36333333 0.36333333 0.36333333 0.36333333 0.36333333 0.27333333 0.67963639
0.1533332 0.15333333 0.15333334 0.43 0.43 0.43 0.43 0.14666672 0.31930695 0.64320336 0.64333333 0.64333333 0.64333333 0.64232603 0.13 0.13 0.13 0.12999996 -0.023333333 -0.023333333 -0.023333333 0.093333333 0.093333333 0.093333333 0.51333333 0.51333333 0.22 0.22 0.22 0.21718142 -0.29666667 -0.29666667 -0.29666667 -0.29666667 -0.15674355 -0.016666667 -0.016666667 -0.016666667 -0.016666667 0.38666667 0.38666667 0.38666667 0.39841316 0.76 0.76 0.76 0.36333333 0.36333333 0.36333333 0.36333333 0.36333333 0.67999999 0.68
0.11 0.11888355 -0.24333333 -0.24313799 0.43 0.14830602 0.14666667 0.14666667 0.20010887 0.5 0.5 0.5 0.5 0.040014974 0.04 0.12999993 0.13 0.12595989 -0.023333333 -0.023333333 -0.023333333 -0.026666667 -0.026666667 -0.026666667 0.51333333 0.51333333 0.22 0.22 0.22 0.21999976 -0.11666781 -0.11666717 -0.29214264 -0.29647369 -0.063598412 -0.063333333 -0.063333333 -0.063333333 -0.063333333 0.38666667 0.38666667 0.38666667 0.73944307 0.76 0.76 0.75999997 0.36333333 0.36333333 0.36333333 0.36333333 0.36333766 0.46 0.68
-0.12328902 -0.12333335 -0.24333333 -0.24333333 -0.24333333 0.14666667 0.14666667 0.14666667 0.29333333 0.29333333 0.5 0.5 0.5 0.04 0.04 0.04 0.04 0.039993315 -0.023333333 -0.023333333 -0.023333333 -0.026666667 -0.026666667 -0.026666667 0.51333333 0.51333333 0.22 0.22 0.22 -0.11287073 -0.11666667 -0.11666667 -0.11666667 -0.11666667 -0.06335965 -0.063333333 -0.063333333 -0.063333333 -0.063333333 0.34333334 0.34333333 0.34333333 0.34333333 0.75999875 0.59666667 0.59666667 0.59666667 0.41333333 0.41333333 0.41333333 0.46 0.46 0.46
-0.12333333 -0.12333333 -0.24333333 -0.24333333 -0.24333333 0.14461676 0.14666667 0.29333333 0.29333333 0.29333333 0.49997456 0.5 0.29571882 0.040000048 0.04 0.04 0.04 0.17333333 0.17333333 0.17333333 -0.25333333 -0.25333316 -0.026667771 -0.026666667 -0.026588164 -0.15 -0.15 -0.14999912 0.21994021 0.24992693 0.24999805 0.24993598 -0.11604 -0.11635024 -0.072594238 -0.063333275 -0.06283065 0.086666667 0.086666667 0.34333333 0.34333333 0.34333333 0.34333333 0.59666667 0.59666667 0.59666667 0.59666667 0.41333333 0.41333333 0.41333333 0.46 0.46 0.46
-0.12333333 -0.12333333 -0.24333333 -0.24333333 -0.24333333 -0.24333333 0.20155972 0.29333333 0.29333333 0.29333333 0.2933094 0.25 0.25 0.25 0.041237578 0.04 0.17244483 0.17333333 0.17333333 0.17333333 -0.25333333 -0.25333333 -0.25333333 -0.25333333 -0.15 -0.15 -0.15 -0.15 -0.15 0.25 0.25 0.25 0.25 0.24999976 0.13666667 0.086666667 0.086666667 0.086666667 0.086666667 0.086667238 0.22666667 0.22666667 0.22666667 0.23317717 0.24666667 0.24666667 0.24666667 0.41333333 0.41333315 0.22333333 0.22333333 0.44333739 0.44333333
-0.12333333 -0.12333333 -0.20002176 -0.24333333 -0.24333333 -0.24333334 -0.31891162 0.29140045 0.29333333 0.29333333 0.24999994 0.25 0.25 0.25 0.25 0.23277557 0.17333333 0.17333333 0.17333333 0.17333333 -0.25333003 -0.25333333 -0.25333333 -0.25333333 -0.15 -0.15 -0.15 -0.15 -0.15 0.094819152 0.25 0.25 0.25 0.13666667 0.13666667 0.13662784 0.086666667 0.086666667 0.081038882 0.076666668 0.22666667 0.22666667 0.22666667 0.23272416 0.24666667 0.24666667 0.24666667 0.076666667 0.22150588 0.22333333 0.22333333 0.44333333 0.44333333
-0.49 -0.49 -0.49 -0.30517945 -0.24340261 -0.32 -0.32 -0.32 -0.32 -0.053333335 -0.053333333 0.24999998 0.25 0.25 0.25 0.24999513 0.17333333 0.17333333 0.17333333 0.17333333 -0.067149841 -0.25333333 -0.25333333 -0.23754385 0.32773556 -0.15 -0.15 -0.15 0.04 0.04 0.04 0.040000882 0.13666667 0.13666667 0.13666667 0.13666667 0.076666667 0.076666667 0.076666667 0.076666667 -0.26333333 -0.26333333 -0.26333333 0.14332516 0.14333333 0.14333333 0.14333337 0.076666667 0.076666667 0.22315463 0.22333333 0.44333241 0.44333333
-0.49 -0.49 -0.49 -0.48998923 -0.29 -0.29436249 -0.32 -0.32 -0.32 -0.053333333 -0.053333333 -0.053333333 -0.096666652 -0.096666667 -0.096666667 -0.096666661 0.17286317 0.17333333 0.17333333 0.17333333 0.16689649 0.34999834 0.35 0.35 0.35 0.34999998 -0.17666667 -0.17666667 0.04 0.04 0.04 0.04 0.13666673 0.13666667 0.13666667 0.136674 0.076666658 0.076666667 0.076666667 0.075438354 -0.26333333 -0.26333333 -0.26333333 0.14331448 0.14333333 0.14333333 0.14333333 0.076666667 0.076666667 0.076666691 0.26 0.26 0.65666667
-0.49 -0.49 -0.49 -0.29000046 -0.29 -0.29 -0.31999999 -0.32 -0.32 -0.053333333 -0.053333333 -0.053333333 -0.096666667 -0.096666667 -0.096666667 -0.095651206 -0.083333333 -0.083333333 -0.08333267 0.17188361 0.35 0.35 0.35 0.35 0.35 0.34960366 -0.17666667 -0.17666667 -0.17666667 0.04 0.04 0.040208117 0.22666667 0.22666667 0.22666667 0.033333334 0.033333332 -0.20333333 -0.20333333 -0.20333333 0.21666667 -0.26318277 -0.26332833 0.40666667 0.40666667 0.39668663 0.14333392 0.076666667 0.076666667 0.26 0.26 0.26 0.65666667
-0.49 -0.49 -0.49 -0.29 -0.29 -0.29 -0.29 -0.32 -0.32 -0.053333333 -0.053333333 -0.094933958 -0.096666667 -0.096666667 -0.096666667 -0.083333333 -0.083333333 -0.083333333 -0.083333333 -0.083333333 0.35 0.35 0.35 0.35 0.35 -0.17666487 -0.17666667 -0.17666667 -0.17666667 0.36333333 0.36333333 0.36333333 0.22666667 0.22666667 0.22666667 0.033333333 0.033333333 -0.20333333 -0.20333333 0.21666667 0.21666667 0.21666667 0.40666667 0.40666667 0.40666667 0.40666667 0.45239535 0.96333333 0.96333333 0.96333333 0.26000001 1 1
