interpolatedSpi/02-02|21_2.tif
NCOLS 53
NROWS 52
XLLCORNER -116.03883
YLLCORNER 28.596182
DX 0.49850594
DY 0.49788537
NODATA_VALUE -9999
-0.595 -0.595 -0.39276495 -0.955 -1.43 -1.315 -0.965 -0.925 -1.0880006 -1.285 -0.67 -0.87 -1.4298584 0.29 -0.75 -0.75 -0.75 -0.33 -0.53 -0.53 -0.53 -0.53000453 -0.99999999 -0.45 -0.45 -0.45 -0.47498341 -0.475 -0.475 0.1 0.1 0.1 0.1 -1.8099996 -1.81 -1.81 -1.81 -1.81 -1.81 -1.8099999 2.993262 3.0439668 -1.01 -1.01 -1.01 -1.01 -1.010686 -1.43 -1.43 -1.43 0.8799952 0.88 0.88 
-0.59501377 -0.905 -0.92000081 -1.158971 -1.4204546 -0.765 -1.12 -2.0848612 -2.485 -1.635 -1.54 -1.43 -1.43 -1.1003484 0.28997396 -0.75 -0.33 -0.33 -0.52973923 -0.53 -0.53 -0.53 -0.46789661 -0.45 -0.45 -0.45 -1.7899999 -1.79 0.1 0.1 0.1 0.1 0.1 -1.8099997 -1.81 -1.81 -1.81 -1.81 -1.8099999 -1.5751996 -0.40506771 -0.9365882 -1.01 -1.01 -1.01 -1.01 -1.01 -1.43 -1.43 -1.43 -1.2384526 0.88 0.88 
-1.604974 -1.605 -1.625 -1.225 -1.695 -1.97 -1.83 -2.195 -2.22 -2.52 -1.73 -2.08 -1.615 -2.015 -1.105 -1.685 -0.33 -0.33 -0.33 -1.0348532 -1.035 -1.035 -0.79 -0.45 -0.45 -0.45 -1.79 -1.79 -1.79 0.1 0.1 0.099999892 -0.97592915 -1.8077217 -1.7981325 -0.54668343 -0.535 -0.535 -0.51864943 -0.405 -0.405 -0.40577364 -1.01 -1.01 -1.01 -1.01 -1.01 -1.43 -1.43 -1.43 -1.43 0.88 0.88 
-1.42 -1.605 -1.4900337 -1.025 -1.31 -1.895 -2.23 -2.465 -1.985 -1.8897253 -1.26 -2.52 -2.705 -2.015 -1.865 -1.685 -2.0174369 -2.0188159 -1.665 -1.035 -1.035 -1.925 -0.79 -0.79 -0.45 -0.45000669 -1.79 -1.79 -1.79 -1.41 -1.8077914 -2.135 -2.135 -2.1349987 -0.535 -0.535 -0.535 -0.535 -0.405 -0.405 -0.405 -0.40500002 -1.01 -1.01 -1.01 -1.01 -1.01 -1.4299947 -1.43 -1.43 -1.43 0.87993925 0.88 
-1.42 -1.5449999 -1.49 -1.3766252 -1.31 -1.7 -2.1749192 -1.615 -1.85 -0.95500037 -2.356808 -3.0199563 -2.715 -1.865 -1.865 -1.7498256 -2.02 -2.02 -1.665 -1.665 -1.0350017 -1.925 -0.97 -0.35 -0.655 -0.65490089 -1.79 -1.79 -1.41 -1.41 -2.135 -2.135 -2.135 -1.7927399 -0.535 -0.535 -0.535 -0.405 -0.405 -0.405 -0.405 -0.40497394 -1.01 -1.01 -1.01 -1.01 -1.01 -1.0137385 -1.43 -1.4299798 -0.98 -0.98 -0.98 
-1.285 -1.32 0.55499994 -0.78 -1.375 -0.575 -1.13 -1.1920939 -1.56 -1.74 -1.45 -1.9 -1.9000005 -1.27 -1.27 -1.1099867 -1.11 -0.8 -0.8 -1.6649993 -1.38 -1.38 -0.35 -0.655 -0.655 -0.23 -0.995 -0.995 -0.2101098 -1.41 -2.135 -2.135 -0.32 -0.32012538 -1.5199138 -0.61 -0.61 -0.46842143 -0.405 -0.405 -0.13533675 -0.135 -0.13499964 -1.6534375 -1.6649276 -1.6649998 -1.665 -1.6649998 -2.0172538 -0.98 -0.98 -0.98 -0.98 
-0.49500726 -0.57 -0.90348174 0.285 0.535 -1.065 -0.39999999 -1.01 -1.405 -1.405 -1.45 -1.2 -0.99499988 -1.27 -1.0550006 -1.055 -1.11 -0.675 -0.92 -0.92 -1.4341955 -1.495 -1.495 0.40999999 -0.23 -0.23 -0.995 -0.995 -0.21003613 -0.21066521 -0.89978089 -0.32 -0.32 -1.52 -1.52 -0.73526721 -0.61 -0.61 -0.065018891 -0.1349999 -0.135 -0.135 -0.13500001 -1.6649978 -1.665 -1.665 -1.665 -1.6650003 -2.215 -0.98024474 -0.98 -0.98 -0.98 
-0.495 0.21 -0.55 -0.27 -0.64997822 -0.79 -0.505 -0.93499999 -0.565 -1.075 -1.075 -0.49 -0.995 -0.995 -1.0545883 -1.3145657 -1.34 0.205 -1.0099999 -0.92 -0.22126691 -0.13 -1.45 -0.725 -0.72501174 -1.635 -0.69 -0.69000011 -0.82782743 -0.83 -0.9 -0.57420387 0.395 -1.52 -1.5184313 -0.84 -0.84 -0.065000003 -0.065 -0.135 -0.135 -0.135 -1.2596081 -1.265 -1.665 -1.665 -1.665 -2.2149791 -2.215 -2.215 -0.98 -0.98 -0.98 
0.012011221 0.20999999 0.26 -0.71 -1.375 -0.995 -1.04 -1.15 -1.485 -1.6604363 -1.71 -1.295 -1.295 -1.16 -1.160003 -1.2851533 -1.285 -1.285 0.019528366 -0.68500011 -1.205 -1.205 -1.19 -1.3475383 -1.543296 -1.635 0.18 -0.69 -0.47624937 -0.475 -0.845 -0.71 -0.90893826 -1.255 -1.465 -1.575 -1.67 -1.55 -1.2651316 -0.1341742 0.05 -0.545 -1.2650122 -1.265 -1.2672514 -1.665 -2.455 -2.215 -2.215 -2.215 -2.215 -0.92521673 -1.565 
-1.095 -1.095 -0.515 -1.305 -1.685 -1.55 -1.005 -1.085 -1.34 -1.7049098 -1.765 -0.135 -1.16 -1.16 -1.48 -1.4773255 -1.285 -1.2851255 -1.8 -0.685 -0.685 -0.75199347 -1.19 -1.3349973 -1.335 -1.335 0.18 -1.105 -1.105 -0.475 -0.475 -0.71074916 -1.105 -1.255 -0.835 -1.575 -1.67 -1.475 -1.265 -0.77310348 -0.54499997 -0.83703482 -1.34 -1.265 -1.265 -2.455 -2.455 -2.455 -2.215 -2.215 -0.54 -0.54 -0.54000038 
-1.095 -1.095 -1.065 -1.46 -1.365 -1.365 -1.395 -1.2301143 -1.29 -1.37 -1.895 -1.315 -0.13657245 -1.48 -1.48 -1.480079 -2.165 -2.1458431 -1.8 -1.465 -1.465 -1.05 -1.05 -1.335 -1.335 -1.335 -1.105 -1.105 -1.105 -1.46 -1.46 -1.4599994 -1.23 -1.23 -0.915 -1.675 -0.975 -2.1299938 -1.3 -0.765 -0.765 0.74999313 -1.34 -1.265 -0.74500075 -1.615 -1.0012879 -0.995 -1.205 -1.205 -0.54 -0.54 -0.54 
-1.095 -1.0821664 -1.2335606 -1.1850185 -1.36 -1.695 -1.395 -1.23 -1.2899995 -1.3691137 -1.3150001 -1.315 -1.155 -1.48 -1.48 -2.165 -2.165 -2.1649792 -1.8 -1.465 -1.3835024 -1.05 -1.05 -1.3349893 -1.335 -1.2577509 -1.1 -1.1 -1.1 -1.46 -1.46 -1.325 -1.325 -1.2299991 -0.915 -1.52 -1.0439526 -2.13 -2.13 -0.76499995 0.75 0.75 0.74998886 -0.745 -0.745 -1.615 -0.995 -0.995 -1.205 -1.205 -0.54 -0.54 -0.54 
-0.22 -0.77922479 -0.75002591 -0.75315839 -1.3600016 -1.6949921 -1.395 -1.2320311 -1.2858654 -1.292089 -1.155 -1.155 -1.155 -1.155 -1.479954 -2.165 -2.165 -2.1602873 -1.8 -1.4651207 -1.875 -1.875 -1.875 -1.875 -1.3439342 -1.1 -1.1 -1.1 -1.1 -1.1003704 -1.325 -1.325 -1.325 -1.325 -1.52 -1.52 -1.52 -2.099742 -2.1235785 -1.275 -1.275 0.74989108 -0.86999572 -0.74501204 -0.745 -1.615 -0.995 -0.995 -1.205 -1.205 -0.54241255 -0.54 -0.66884015 
-0.22 -0.75 -0.75 -0.75 -0.75 -0.7500004 -1.3957679 -1.3169359 -1.2748346 -1.1551473 -1.155 -1.155 -1.155 -1.155 -1.1549998 -2.165 -2.1649999 -2.1399635 -1.8000053 -1.875 -1.875 -1.875 -1.875 -1.875 -1.8664584 -1.4767876 -1.6799999 -1.68 -1.68 -1.68 -1.325 -1.325 -1.3249992 -0.7 -0.7 -1.52 -1.0436261 -1.03 -1.2749999 -1.275 -1.275 -1.275 -0.87 -0.87 -0.87 -0.87518452 -1.0149986 -1.015 -1.015 -1.015 -1.015 -1.8049997 -1.805 
0.0099999997 -0.75 -0.75 -0.75 -0.75 -0.75 -0.75000004 -1.0642305 -0.8271591 -0.825 -0.825 -0.825 -0.825 -0.825 -0.825 -0.48225288 -2.1381481 -2.115019 -1.8749907 -1.875 -1.875 -1.875 -1.875 -1.8749987 -1.48 -1.48 -1.4800003 -1.68 -1.68 -1.6797597 -1.56 -1.56 -0.7 -0.7 -0.7 -0.97713745 -1.03 -1.03 -1.03 -1.275 -1.275 -1.275 -0.87 -0.87 -0.87 -0.87 -1.015 -1.015 -1.015 -1.015 -1.015 -1.805 -1.805 
0.01 -0.27293937 -0.75 -0.75 -0.75 -0.75 -0.33508145 -0.335 -0.33500001 -0.825 -0.825 -0.825 -0.825 -0.825 -0.74778755 -0.475 -0.475 -0.475 -0.72351644 -0.72000118 -0.72 -0.72 -0.72 -0.72 -1.48 -1.48 -1.48 -1.48 -1.68 -1.56 -1.56 -1.56 -0.70000008 -0.7 -0.7 -0.715 -1.0295829 -1.03 -1.03 -1.2749025 -1.080539 -0.62694271 -0.87 -0.87 -0.56594125 -0.565 -0.565 -1.0143575 -0.62636287 -0.62500003 -0.62500007 -0.8151498 -1.804998 
0.010000001 -0.26734549 -0.50962813 -0.75 -0.75 -0.3352452 -0.335 -0.335 -0.335 -0.33853108 -0.825 -0.825 -0.825 -0.82499996 -0.475 -0.475 -0.475 -0.475 -0.71978115 -0.72 -0.72 -0.72 -0.72 -0.72 -1.48 -1.48 -1.48 -1.48 -1.480291 -1.56 -1.56 -1.56 -1.5 -0.70002084 -0.715 -0.715 -0.715 -0.71364938 -0.65063771 -0.625 -0.625 -0.625 -0.795 -0.795 -0.565 -0.565 -0.565 -0.625 -0.625 -0.625 -0.625 -0.815 -0.815 
-0.27467009 -0.275 -0.275 -0.275 -0.3 -0.3349991 -0.335 -0.335 -0.335 -0.335 -0.7962307 -0.82499505 -0.82499999 -0.475 -0.475 -0.475 -0.475 -0.475 -0.49420669 -0.72 -0.72 -0.72 -0.72 -0.72 -1.230905 -1.475 -1.475 -1.475 -1.475 -1.56 -1.5 -1.5 -1.5 -1.5 -0.715 -0.71499671 -0.59 -0.59 -0.62456297 -0.625 -0.625 -0.625 -0.795 -0.795 -0.60061192 -0.565 -0.565 -0.625 -0.625 -0.625 -0.62703729 -0.815 -0.815 
-0.275 -0.275 -0.275 -0.28677287 -0.3 -0.3 -0.335 -0.335 -0.335 -0.335 -0.445 -0.445 -0.445 -0.475 -0.475 -0.475 -0.475 -0.47499339 -0.475 -0.475 -0.7199999 -0.72 -0.72279977 -0.835 -0.84076164 -1.475 -1.475 -1.475 -1.475 -1.4999975 -1.5 -1.5 -1.5 -1.5 -0.59000044 -0.59 -0.59 -0.59 -0.59009234 -0.625 -0.625 -0.625 -0.795 -0.795 -0.795 -0.565 -0.565 -0.625 -0.625 -0.625 -0.815 -0.815 -0.815 
-0.275 -0.275 -0.275 -0.3 -0.3 -0.3 -0.30000005 -0.335 -0.335 -0.44488645 -0.445 -0.445 -0.445 -0.44501869 -0.4426231 -0.435 -0.435 -0.435 -0.475 -0.475 -0.475 -0.835 -0.835 -0.835 -0.83491876 -0.98719239 -1.475 -1.475 -1.475 -0.90570232 -0.7700718 -0.77 -0.77 -0.77 -0.36808941 -0.055001215 -0.055 -0.055 -0.055 0.054906957 0.055 0.055 -0.795 -0.795 -0.40000165 -0.40000004 -0.525 -0.525 -0.49 -0.49 -0.49 -0.815 -0.77004024 
-0.27499921 -0.275 -0.275 -0.3 -0.3 -0.3 -0.3 -0.57999993 -0.33597961 -0.4449728 -0.445 -0.445 -0.445 -0.44498038 -0.435 -0.435 -0.435 -0.43500001 -0.475 -0.475 -0.475 -0.835 -0.835 -0.835 -0.545 -0.545 -0.495 -0.495 -0.495 -0.49650021 -0.77 -0.77 -0.77 -0.77 -0.41269629 -0.055 -0.055 -0.055 -0.055 0.055 0.055 0.055 0.040683959 -0.4 -0.4 -0.4 -0.525 -0.525 -0.49 -0.49 -0.49 -0.76999999 -0.77 
-0.02 -0.16057305 -0.855 -0.85483898 -0.3 -0.57837993 -0.58 -0.58 -0.56178107 -0.415 -0.415 -0.415 -0.415 -0.629993 -0.63 -0.43500015 -0.435 -0.43605394 -0.475 -0.475 -0.475 -0.415 -0.415 -0.415 -0.545 -0.545 -0.495 -0.495 -0.495 -0.49499946 0.25499349 0.25499712 -0.74423816 -0.76890113 0.054062268 0.055 0.055 0.055 0.055 0.055 0.055 0.055 -0.37494623 -0.4 -0.4 -0.4 -0.525 -0.525 -0.52499874 -0.49 -0.48999821 -0.45 -0.77 
-0.60488891 -0.60500004 -0.855 -0.855 -0.855 -0.58 -0.58 -0.58 -0.53 -0.53 -0.415 -0.415 -0.415 -0.63 -0.63 -0.63 -0.63 -0.62998206 -0.475 -0.475 -0.475 -0.415 -0.415 -0.415 -0.545 -0.545 -0.495 -0.495 -0.495 0.2465437 0.255 0.255 0.255 0.255 0.055098688 0.055 0.055 0.055 0.055 0.12499998 0.125 0.125 0.125 -0.40000015 -0.42 -0.42 -0.42 -0.35 -0.35 -0.35 -0.45 -0.45 -0.45 
-0.605 -0.605 -0.855 -0.855 -0.855 -0.58144545 -0.58 -0.53 -0.53 -0.53 -0.41501416 -0.415 -0.39048626 -0.62999994 -0.63 -0.63 -0.63 0.079999999 0.08 0.08 -0.10000001 -0.10000023 -0.41499847 -0.415 -0.4150365 -0.415 -0.415 -0.41500019 -0.49498707 0.27999502 0.27999987 0.27999564 0.25504273 0.25502157 0.090638247 0.055000168 0.056457783 0.49 0.49 0.125 0.125 0.125 0.125 -0.42 -0.42 -0.42 -0.42 -0.35 -0.35 -0.35 -0.45 -0.45 -0.45 
-0.605 -0.605 -0.855 -0.855 -0.855 -0.855 -0.56128646 -0.53 -0.53 -0.53 -0.5299199 -0.385 -0.385 -0.385 -0.62855616 -0.63 0.075268735 0.08 0.08 0.08 -0.1 -0.1 -0.1 -0.1 -0.415 -0.415 -0.415 -0.415 -0.415 0.28 0.28 0.28 0.28 0.28000065 0.59 0.49 0.49 0.49 0.49 0.49000004 0.56 0.56 0.56 0.39078177 0.04 0.04 0.04 -0.34999999 -0.3499994 0.265 0.265 0.19484309 0.195 
-0.605 -0.605 -0.76476755 -0.855 -0.855 -0.855 -0.68971608 -0.53050423 -0.53 -0.53 -0.38500005 -0.385 -0.385 -0.385 -0.385 -0.40501269 0.08 0.08 0.08 0.08 -0.099998608 -0.1 -0.1 -0.1 -0.415 -0.415 -0.415 -0.415 -0.415 0.32433739 0.28 0.28 0.28 0.59 0.59 0.58992235 0.49 0.49 0.77983094 1.005 0.56 0.56 0.56 0.39511431 0.04 0.04 0.04 0.76 0.27116765 0.265 0.265 0.195 0.195 
-0.325 -0.325 -0.325 -0.72211443 -0.85471403 -0.69 -0.69 -0.69 -0.69 -0.635 -0.635 -0.38500002 -0.385 -0.385 -0.385 -0.38497053 0.08 0.08 0.08 0.08 -0.021453839 -0.1 -0.1 -0.10680431 -0.36244908 -0.415 -0.415 -0.415 0.34 0.34 0.34 0.33999975 0.59 0.59 0.59 0.59 1.005 1.005 1.005 1.005 0.61 0.61 0.61 0.6549991 0.655 0.655 0.65499981 0.76 0.76 0.26560313 0.265 0.1949995 0.195 
-0.325 -0.325 -0.325 -0.32501804 -0.66 -0.66436249 -0.69 -0.69 -0.69 -0.635 -0.635 -0.635 -0.4 -0.4 -0.4 -0.4 0.078772678 0.08 0.08 0.08 0.077256366 -0.35999929 -0.36 -0.36 -0.36 -0.35999999 -0.050000003 -0.05 0.34 0.34 0.34 0.34 0.59000007 0.59 0.59 0.59000815 1.005 1.005 1.005 1.0027847 0.61 0.61 0.61 0.65499791 0.655 0.655 0.655 0.76 0.76 0.75999991 0.095 0.095 0.23 
-0.325 -0.325 -0.325 -0.65999923 -0.66 -0.66 -0.68999999 -0.69 -0.69 -0.635 -0.635 -0.635 -0.4 -0.4 -0.4 -0.41447031 -0.59 -0.59 -0.58999827 0.076215661 -0.36 -0.36 -0.36 -0.36 -0.36 -0.35976671 -0.05 -0.05 -0.049999999 0.34 0.34 0.33976185 0.69 0.69 0.69 2.946039e-09 2.7316776e-09 0.5 0.5 0.5 0.345 0.60991688 0.60999907 0.485 0.485 0.49144281 0.65499973 0.76 0.76 0.095 0.095 0.095 0.23 
-0.325 -0.325 -0.325 -0.66 -0.66 -0.66 -0.66 -0.69 -0.69 -0.635 -0.635 -0.40939661 -0.4 -0.4 -0.4 -0.59 -0.59 -0.59 -0.59 -0.59 -0.36 -0.36 -0.36 -0.36 -0.36 -0.050001058 -0.05 -0.05 -0.05 -0.03 -0.03 -0.03 0.69 0.69 0.69 3.3651366e-59 1.2764776e-40 0.5 0.5 0.345 0.345 0.345 0.485 0.485 0.485 0.485 0.46528464 0.245 0.245 0.245 0.095 0.12 0.12 
-0.325 -0.325 -0.3254665 -0.66 -0.66 -0.66 -0.66 -0.58383906 -0.58 -0.58009443 -0.635 -0.40001089 -0.4 -0.4 -0.40000066 -0.59 -0.59 -0.59 -0.59 -0.59 0.0043984969 -0.36 -0.36 -0.36 -0.35981257 -0.049966242 -0.05 -0.05 -0.05 -0.03 -0.03 -0.03 -0.029898157 0.69 1.0918238e-10 3.9452615e-28 8.1978417e-19 2.0740677e-05 0.49998943 0.345 0.345 0.345 0.4849915 0.485 0.485 0.485 0.24500388 0.245 0.245 0.245 0.12 0.12 0.12 
-0.55 -0.54999961 -0.65981993 -0.66 -0.66 -0.66 -0.58001702 -0.58 -0.58 -0.58 -0.53 -0.53 -0.53 -0.53 -0.58972306 -0.59 -0.59 -0.59 -0.59 0.019999637 0.02 0.02 0.54999985 0.55 0.55 0.55 0.49821228 -0.05 -0.28499038 -0.285 -0.285 -0.285 -0.285 0.23 0.23 0.23 0.23 0.23 0.89 0.89 0.89 0.89 0.89 0.62978142 0.63 0.63 0.63 0.245 0.245 0.245 0.12001969 0.12 0.12 
-0.55 -0.55 -0.54866043 -0.39000054 -0.39000006 -0.39018541 -0.58 -0.58 -0.58 -0.58 -0.53 -0.53 -0.53 -0.53 -0.53 -0.59 -0.59 -0.59 0.019999847 0.02 0.02 0.02 0.55 0.55 0.55 0.55 0.55 0.54987221 -0.2849498 -0.285 -0.285 -0.285 -0.28497983 0.53896138 0.23031992 0.23 0.23 0.23000001 0.89 0.89 0.89 0.89 0.89 0.63 0.63 0.63 0.63 0.44996648 0.245 0.17578099 0.175 -0.13 -0.13 
-0.55 -0.55 -0.39002027 -0.39 -0.39 -0.39 -0.4382592 -0.58 -0.58 -0.58 -0.53 -0.53 -0.53 -0.53 -0.53 -0.58995156 -0.59 0.019821152 0.02 0.02 0.02 0.02 0.35365807 0.55 0.55 0.55 0.55 0.54950085 -0.155 -0.155 -0.155 -0.155 -0.155 0.775 0.775 0.775 0.775 0.775 1.21 1.21 1.21 1.21 1.21 0.62990233 0.62999998 0.63 0.62999322 0.62911862 0.175 0.175 0.175 -0.12999829 -0.13 
-0.55000011 -0.60883024 -0.39000003 -0.39 -0.39 -0.39 -0.39 -0.5799191 -0.58 -0.58 -0.53 -0.53 -0.53 -0.53 -0.28555284 -0.28 -0.28 0.019992279 0.02 0.02 0.02 0.02 0.020000004 0.55 0.55 0.55 0.55 0.22999965 0.22999982 0.14806264 -0.155 -0.155 -0.155 0.775 0.775 0.775 0.775 0.77511175 1.21 1.21 1.21 1.21 1.209977 0.59 0.59 0.59 0.59 0.58996653 0.175 0.175 0.175 0.17499971 -0.29749634 
-0.61 -0.61 -0.57897359 -0.39 -0.39 -0.39 -0.39 -0.39 -0.57991839 -0.335 -0.335 -0.335 -0.33546277 -0.28000036 -0.28 -0.28 -0.28 -0.28 0.019998441 0.0066655753 -0.11 -0.11 -0.11 0.054129797 0.47996817 0.10524114 -0.21063778 0.23 0.23 0.23 0.23 0.23 0.22107714 0.93680131 0.94 0.94 0.94 0.94 1.1536438 0.91000054 0.91 0.91 0.91 -0.049998123 0.58999983 0.59 0.59 -0.4 0.17499079 0.175 0.175 -0.3 -0.3 
-0.61 -0.61 -0.675 -0.675 -0.675 -0.39009494 -0.39 -0.39 -0.335 -0.335 -0.335 -0.335 -0.335 -0.28 -0.28 -0.28 -0.28 -0.28 -0.11 -0.11 -0.11 -0.11 -0.11 -0.32499999 -0.325 -0.325 -0.325 0.23 0.23 0.23 0.23 0.23 0.655 0.655 0.94 0.94 0.94 0.64505024 0.645 0.91 0.91 0.91 0.90999987 -0.05 -0.05 -0.05 -0.4 -0.4 -0.4 -0.37 -0.37 -0.3 -0.3 
-0.61 -0.61 -0.675 -0.675 -0.675 -0.675 -0.67499668 -0.07 -0.33475049 -0.335 -0.335 -0.335 -0.335 -0.28068607 -0.28 -0.28 -0.28 -0.28 -0.11 -0.11 -0.11 -0.11 -0.11 -0.325 -0.325 -0.325 -0.325 -0.32499773 0.23 0.23 0.23 0.65497772 0.655 0.655 0.655 0.94 0.645 0.645 0.645 0.65197265 0.21030297 0.08 0.08 -0.05 -0.05 -0.05 -0.4 -0.4 -0.4 -0.37 -0.37 -0.37 -0.15508538 
-0.445 -0.4450013 -0.675 -0.675 -0.675 -0.675 -0.07 -0.07 -0.07 -0.335 -0.335 -0.335 -0.335 -0.3349829 -0.28 -0.28 -0.28 -0.28 -0.11000329 -0.11 -0.11 -0.11000001 -0.28714179 -0.325 -0.325 -0.325 -0.325 -0.025000245 -0.025 -0.024999997 0.22727905 0.655 0.655 0.655 0.65499966 0.30000001 0.645 0.645 0.645 0.645 0.08 0.08 0.08 0.12 0.12 0.12 0.15994546 -0.4 -0.4 -0.37 -0.37 -0.37 -0.14000063 
-0.445 -0.445 -0.675 -0.675 -0.675 -0.07 -0.07 -0.07 -0.07 -0.30594694 -0.335 -0.335 -0.335 -0.33499954 -0.25500288 -0.255 -0.255 -0.255 -0.67652926 -0.87 -0.87 -0.87 -0.87 -0.325 -0.325 -0.325 -0.32498021 -0.025 -0.025 -0.025 -0.025 0.65493299 0.45532277 0.3 0.3 0.3 0.64288969 0.080011763 0.08 0.08 0.080454307 0.65999998 0.66 0.12 0.12 0.12000017 0.16 0.16 -0.345 -0.345 -0.345 -0.065 -0.365 
-0.445 -0.445 0.495 0.495 0.495 -0.07 -0.07 -0.07 -0.07 -0.18 -0.18 -0.18 -0.18 -0.18528543 -0.255 -0.255 -0.255 -0.255 -0.67 -0.87 -0.87 -0.87 -0.87 -0.535 -0.53499992 -0.32500031 -0.025 -0.025 -0.025 -0.025 0.08891193 0.2 0.28810137 0.3 0.3 0.3 0.08 0.08 0.08 0.08 0.66 0.66 0.66 1.1348502 1.135 0.16438256 0.16 0.16 -0.34499708 -0.345 -0.065 -0.065 -0.365 
-0.445 0.495 0.495 0.495 0.495 0.495 -0.071319692 -0.24 -0.24 -0.18 -0.18 -0.18 -0.18 -0.18001776 -0.255 -0.255 -0.255 -0.27375102 -0.67 -0.67 -0.87 -0.87 -0.535 -0.535 -0.535 -0.535 -0.025 -0.025 -0.025 -0.025 0.2 0.2 0.2 0.29989881 0.3 0.3 0.08 0.08 0.08 0.08 0.66 0.66 0.66 1.135 1.135 1.1349776 0.74 0.74 0.24 0.24 -0.065 -0.065 -0.365 
0.48617223 0.495 0.495 0.495 0.495 0.495 -0.24 -0.24 -0.24 -0.20788549 -0.18 -0.18 -0.18 -0.18000016 -0.255 -0.255 -0.255 -0.67 -0.67 -0.67 -0.86999001 -0.86999795 -0.535 -0.535 -0.535 -0.535 -0.025036251 -0.025 -0.025 0.19994826 0.2 0.2 0.2 0.2 0.29952076 0.135 0.135 0.13404813 0.08 0.08 0.65999949 0.66 1.1211893 1.135 1.135 0.74000014 0.74 0.74 0.24 0.24 -0.22 -0.22 -0.54 
0.495 0.495 0.495 0.495 0.495 0.495 -0.24 -0.24 -0.24 -0.24 -0.17000029 -0.17 -0.17 -0.17 -0.25500057 -0.40563733 -0.49 -0.49 -0.66966817 -0.67 -0.67000004 -0.53500049 -0.535 -0.535 -0.535 -0.535 -0.5346292 -0.025 -0.02499231 0.2 0.2 0.2 0.2 0.2 0.135 0.135 0.135 0.135 0.135 0.13500058 0.47 0.47 0.46999992 0.23 0.23 0.23 -0.335 -0.335 -0.71 -0.71 -0.22 -0.2200007 -0.54 
0.495 0.495 0.495 0.495 0.495 0.495 -0.24 -0.24 -0.24 -0.17 -0.17 -0.17 -0.17 -0.17 -0.25435123 -0.49 -0.49 -0.49 -0.49 -0.49 -0.49859441 -0.535 -0.535 -0.535 -0.535 -0.5133333 0.15391878 -0.00049129795 0.19889042 0.2 0.2 0.2 0.2 0.19999986 0.135 0.135 0.135 0.135 0.135 0.29084122 0.47 0.47 0.47 0.23 0.23 0.23 -0.335 -0.335 -0.71 -0.71 -0.33500001 -0.52869121 -0.54 
0.495 0.495 0.495 0.495 0.495 0.49499978 -0.23999983 -0.24 -0.23709461 -0.17 -0.17 -0.17 -0.17 -0.17 -0.18534917 -0.49 -0.49 -0.49 -0.49 -0.49 -0.49 0.047483398 0.15499903 0.155 0.155 0.155 0.155 0.155 0.31761718 0.31999858 0.32 0.32 0.32 0.31999987 0.135 0.135 0.135 0.135 0.135 0.46999996 0.47 0.47 0.47 0.46999989 0.2294549 -0.11 -0.33499998 -0.074584474 -0.70943923 -0.335 -0.335 -0.33198594 -0.19 
0.495 0.495 0.495 0.495 0.495 0.49495305 -0.23996036 -0.23999576 -0.17000009 -0.17 -0.17 -0.17 -0.17 -0.17 -0.17608892 -0.49 -0.49 -0.49 -0.49 -0.49 -0.49 0.155 0.155 0.155 0.155 0.155 0.155 0.155 0.31995445 0.32 0.32 0.32 0.32 0.32 0.26931002 0.135 0.135 0.135 0.135 0.47 0.47 0.47 0.47 0.46985142 -0.11 -0.11 -0.1097493 -0.07 -0.07 -0.335 -0.335 -0.19 -0.19 
0.495 0.495 0.495 0.495 0.495 0.49401978 -0.23912555 -0.17789904 -0.17 -0.17 -0.17 -0.17 -0.17 -0.17 -0.17560215 -0.49 -0.49 -0.49 -0.49 -0.49 -0.39816372 0.155 0.155 0.155 0.155 0.155 0.155 0.155 0.31999934 0.32 0.32 0.32 0.32 0.32 0.32 0.00035190664 -0.20897438 -0.3234277 -0.34084614 0.41889846 0.46999998 0.47 0.47 -0.10995369 -0.11 -0.11385013 -0.75499673 -0.07 -0.07 -0.39005888 -0.39 -0.39 -0.19000009 
0.495 0.495 0.495 0.495 0.49499925 0.48887042 -0.22879862 -0.17001925 -0.17 -0.17 -0.17 -0.17 -0.17 -0.17 -0.17747249 -0.49 -0.49 -0.49 -0.49 -0.49 0.15499722 0.155 0.155 0.155 0.155 0.155 0.155 0.155 0.31999995 0.32 0.32 0.32 0.32 0.32 0.31999987 -0.35 -0.35 -0.35 -0.35 -0.325 -0.325 -0.325 -0.325 -0.75499813 -0.755 -0.755 -0.755 -0.75499877 -0.66 -0.66 -0.39 -0.39 -0.60862149 
0.495 0.495 0.495 0.49499994 0.49497947 0.47507764 -0.17353666 -0.17000091 -0.17 -0.17 -0.17 -0.17 -0.17 -0.17 -0.18086277 -0.48999987 -0.49 -0.49 -0.49 -0.48611803 0.155 0.155 0.155 0.155 0.155 0.155 0.155 0.155 0.31999996 0.32 0.32 0.32 0.32 0.32 -0.34999939 -0.35 -0.35 -0.35 -0.35 -0.325 -0.325 -0.325 -0.325 -0.44105515 -0.755 -0.755 -0.755 -0.66000106 -0.66 -0.66 -0.705 -0.705 -0.705 
0.495 0.495 0.49499997 0.49499833 0.49479899 0.42352565 -0.17011035 -0.17000023 -0.17 -0.17 -0.17 -0.17 -0.17 -0.17000002 -0.1854553 -0.48999247 -0.49 -0.49 -0.48999926 0.14193128 0.155 0.155 0.155 0.155 0.155 0.155 0.155 0.155 0.31999985 0.32 0.32 0.32 0.32 -0.089943556 -0.34999997 -0.35 -0.35 -0.35 -0.35 -0.325 -0.325 -0.325 -0.325 -0.325 -0.755 -0.755 -0.755 -0.66 -0.66 -0.66 -0.705 -0.705 -0.705 
0.49499999 0.49499995 0.4949993 0.49498032 0.49381301 0.10492319 -0.17000089 -0.17000014 -0.17 -0.17 -0.17 -0.17 -0.17 -0.1700006 -0.19091544 -0.48988313 -0.48999999 -0.48999998 -0.48666052 0.15494516 0.155 0.155 0.155 0.155 0.155 0.155 0.155 0.1550001 0.31999897 0.32 0.3199996 -0.19076918 -0.24 -0.24 -0.24 -0.35 -0.35 -0.35 -0.35 -0.325 -0.325 -0.325 -0.325 -0.325 -0.75499238 -0.755 -0.75499995 -0.66000001 -0.66 -0.66000002 -0.705 -0.705 -0.705 
