interpolatedSpi/02-05|22_3.tif
NCOLS 53
NROWS 52
XLLCORNER -116.03883
YLLCORNER 28.596182
DX 0.49850594
DY 0.49788537
NODATA_VALUE -9999
[rows 0 to 37 of 52, columns 0 to 52 of 53]
0.6825 0.6825 0.53092094 0.3725 1.44 0.8875 0.8325 0.9925 0.62655022 0.0925 0.335 0.2225 0.35755085 0.975 0.9725 0.9725 0.9725 0.665 0.625 0.625 0.625 0.62498952 -0.46249999 0.47 0.47 0.47 0.85249487 0.8525 0.8525 0.395 0.395 0.395 0.395 0.17000005 0.17 0.17 0.17 0.17 0.17 0.17 0.058700165 0.057275093 -0.8275 -0.8275 -0.8275 -0.8275 -0.8284065 -1.3825 -1.3825 -1.3825 0.95749514 0.9575 0.9575
0.6824499 -0.445 0.14249994 0.21948393 0.40023693 1.0425 1.0525 0.62258612 0.2825 0.0925 0.2275 0.3575 0.3575 0.5613838 0.97499497 0.9725 0.665 0.665 0.62505215 0.625 0.625 0.625 0.47631645 0.47 0.47 0.47 1.2949999 1.295 0.395 0.395 0.395 0.395 0.395 0.17000003 0.17 0.17 0.17 0.17 0.17000009 0.41613958 1.6599172 -0.52566181 -0.8275 -0.8275 -0.8275 -0.8275 -0.8275 -1.3825 -1.3825 -1.3825 -1.188465 0.9575 0.9575
0.3524961 0.3525 0.0925 0.72 -0.1525 -0.3425 0.04 0.025 -0.44 0.13 0.4425 -0.17 0.3625 0.7725 0.56 -0.3525 0.665 0.665 0.665 0.50003634 0.5 0.5 0.59 0.47 0.47 0.47 1.295 1.295 1.295 0.395 0.395 0.39500003 0.65014203 0.17299528 0.18093674 1.3342329 1.345 1.345 1.3846187 1.66 1.66 1.6568191 -0.8275 -0.8275 -0.8275 -0.8275 -0.8275 -1.3825 -1.3825 -1.3825 -1.3825 0.9575 0.9575
-0.4325 0.35249982 -0.52251647 1.13 -0.7875 -0.2575 -0.2775 -0.6875 0.125 0.30035909 0.075 -0.2875 -0.13 0.7725 -0.2275 -0.3525 -0.49887148 -0.49918373 -0.3 0.5 0.5 -0.24 0.59 0.59 0.47 0.47000412 1.295 1.295 1.295 0.23 0.61133102 0.925 0.925 0.92500032 1.345 1.345 1.345 1.345 1.66 1.66 1.66 1.6599999 -0.8275 -0.8275 -0.8275 -0.8275 -0.8275 -1.382493 -1.3825 -1.3825 -1.3825 0.95748269 0.9575
-0.4325 -0.022500917 -0.5225 -0.71535358 -0.7875 -0.7 -0.080026435 -0.405 -0.325 0.34999971 0.098546239 -0.01748496 0.0875 -0.2275 -0.2275 -0.3134547 -0.5 -0.5 -0.3 -0.3 0.49999854 -0.24 0.095 0.6225 0.7125 0.7124446 1.295 1.295 0.23 0.23 0.925 0.925 0.925 0.85664224 1.345 1.345 1.345 1.66 1.66 1.66 1.66 1.6600326 -0.82749996 -0.8275 -0.8275 -0.8275 -0.8275 -0.83244019 -1.3825 -1.3824188 0.4275 0.4275 0.4275
-2.0075 -0.7225 -0.11499998 0.07 -1.315 -0.6 -0.4625 -0.45513835 -0.175 -0.48 -0.435 -0.0875 -0.087499885 -0.28 -0.28 -0.38987807 -0.39 -0.0725 -0.072500001 -0.29999929 -0.1025 -0.1025 0.6225 0.7125 0.7125 0.475 0.45 0.45 0.78494872 0.23 0.925 0.925 0.5625 0.56251306 0.68749119 1.1725 1.1725 1.5091807 1.66 1.66 1.9970791 1.9975 1.9975014 0.59690353 0.62233974 0.62249961 0.62249995 0.62249946 0.60567336 0.4275 0.4275 0.4275 0.4275
-0.88251115 -1.325 -1.3938529 -0.7725 -0.5725 -1.455 -1.0875 -1.35 -0.9825 -0.9825 -0.435 -0.0375 -0.46749992 -0.28 0.11499882 0.115 -0.39 0.425 0.5075 0.5075 -0.22031622 -0.3525 -0.3525 0.4275 0.475 0.475 0.45 0.45 0.78496154 0.78429187 1.1842232 0.5625 0.5625 0.6875 0.6875 1.2991288 1.1725 1.1725 1.8549763 1.9974998 1.9975 1.9975 1.9975075 0.62250559 0.6225 0.6225 0.6225 0.62250005 0.705 0.42755499 0.4275 0.4275 0.4275
-0.8825 -0.5275 -0.7725 -1.875 -1.5050212 -1.3075 -1.575 -1.4375 -1.11 -1.1875 -1.1875 -0.175 -0.4675 -0.4675 0.11100351 -0.17416534 -0.2025 0.435 -0.44249903 0.5075 0.40479762 0.54 -0.7175 0.33 0.32999516 -0.045 0.425 0.42500001 0.12731273 0.12500002 1.1875 0.052099946 0.2475 0.6875 0.70939002 1.405 1.405 1.855 1.855 1.9975 1.9975 1.9975 1.6289228 1.6249999 0.6225 0.6225 0.6225 0.70499686 0.705 0.705 0.4275 0.4275 0.4275
-0.65645821 -0.5275 -0.1875 -0.7925 -1.3375 -1.6525 -1.1775 -0.9575 -1.105 -0.55277445 -0.4725 -0.40000001 -0.4 -0.025 -0.025007593 -0.40692865 -0.4075 -0.4075 0.30104828 -0.74500006 -1.0525 -1.0525 1.395 0.11500152 -0.0072099013 -0.045 0.6825 0.425 1.4167035 1.4225 -0.0025 1.4775 1.1148657 0.6825 1.455 1.3525 2.115 1.01 1.9870486 2.0003345 2.6325 2.2075 1.6250277 1.625 1.6193574 0.6225 0.35000001 0.705 0.705 0.705 0.705 0.56321311 0.645
-1.3775 -1.3775 -0.2325 -0.7225 -1.305 -1.82 -1.28 -1.73 -1.0275 -0.41267907 -0.8025 0.7375 -0.025 -0.025 -0.8325 -0.82667093 -0.4075 -0.40756983 -0.745 -0.745 -0.745 -0.78461632 1.395 0.7875115 0.7875 0.7875 0.6825 0.5675 0.5675 1.4225 1.4225 1.4761344 0.7575 0.6825 1.2525 1.3525 2.115 1.4025 1.9875 1.916175 2.2075 2.0559725 1.795 1.625 1.625 0.35 0.35 0.35 0.705 0.705 1.5175 1.5175 1.5174997
-1.3775 -1.3775 -0.65 -1.1975 -1.55 -0.8475 -1.74 -0.42605942 -0.93 -0.8 -1.2025 -1.1175 0.73502932 -0.8325 -0.8325 -0.83245443 -0.4375 -0.45363904 -0.745 -0.455 -0.455 -0.735 -0.735 0.7875 0.7875 0.7875 0.5675 0.5675 0.5675 0.5425 0.5425 0.54250035 1.145 1.145 0.8375 0.715 2.0875 1.4699998 1.8375 1.915 1.915 1.4300012 1.795 1.625 1.2825 1.1725 1.748949 1.755 2.1975 2.1975 1.5175 1.5175 1.5175
-1.3775 -1.063497 -0.88363778 -1.2024919 -0.6325 -1.56 -1.74 -0.425 -0.92999578 -0.80144024 -1.1174996 -1.1175 -0.69 -0.8325 -0.8325 -0.43750001 -0.4375 -0.4375175 -0.745 -0.455 -0.5099863 -0.735 -0.735 0.78743876 0.7875 0.62314022 0.2875 0.2875 0.28750004 0.5425 0.5425 0.3375 0.3375 1.1449992 0.8375 1.4625 1.9844722 1.47 1.47 1.915 1.43 1.43 1.429999 1.2825 1.2825 1.1725 1.755 1.755 2.1975 2.1975 1.5175 1.5175 1.5175
-0.285 -0.1940281 -0.14753848 -0.15513808 -0.63250488 -1.5599781 -1.74 -0.4411869 -0.89520034 -0.92660535 -0.69 -0.69 -0.69 -0.69 -0.83247981 -0.4375 -0.4375 -0.44147031 -0.745 -0.45506621 -0.6775 -0.6775 -0.6775 -0.6775 0.7622995 0.2875 0.2875 0.2875 0.2875 0.28771029 0.3375 0.3375 0.3375 0.3375 1.4625 1.4625 1.4625 1.4696092 1.4689485 1.33 1.33 1.4299946 1.4374947 1.2825149 1.2825 1.1725 1.755 1.755 2.1975 2.1975 1.519967 1.5175 2.1702515
-0.285 -0.1475 -0.1475 -0.1475 -0.1475 -0.14750059 -1.739539 -1.1178564 -0.80235807 -0.69025517 -0.69 -0.69 -0.69 -0.69 -0.68999988 -0.43750001 -0.43750005 -0.4585924 -0.7449955 -0.6775 -0.6775 -0.6775 -0.6775 -0.6775 -0.66231036 0.39306989 0.50999995 0.51 0.51 0.51 0.3375 0.3375 0.3375003 0.59 0.59 1.4625 1.2972274 1.2925 1.33 1.33 1.33 1.33 1.4375 1.4375 1.4375 1.4356558 1.7822001 1.7825 1.7825 1.7825 1.7825 1.505 1.505
-0.07 -0.1475 -0.1475 -0.1475 -0.1475 -0.1475 -0.1475001 -1.1772578 -0.523717 -0.5225 -0.5225 -0.5225 -0.5225 -0.5225 -0.5225 -0.11099938 -0.43221106 -0.47960697 -0.67750838 -0.6775 -0.6775 -0.6775 -0.6775 -0.67749917 0.025 0.025 0.025000682 0.51 0.51 0.50947436 0.2475 0.2475 0.59 0.59 0.59 1.1799671 1.2925 1.2925 1.2925 1.33 1.33 1.33 1.4375 1.4375 1.4375 1.4375 1.7825 1.7825 1.7825 1.7825 1.7825 1.505 1.505
-0.07 -0.098852369 -0.1475 -0.1475 -0.1475 -0.1475 -0.54242247 -0.5425 -0.5425 -0.5225 -0.5225 -0.5225 -0.5225 -0.5225 -0.42984506 -0.1025 -0.1025 -0.1025 0.037815078 0.039999268 0.04 0.04 0.04 0.04 0.025 0.025 0.025 0.025 0.51 0.2475 0.2475 0.2475 0.58999997 0.59 0.59 1.1825 1.2923544 1.2925 1.2925 1.3298749 1.0801925 0.49749563 1.4375 1.4375 0.615046 0.6125 0.6125 1.780196 0.38739237 0.38250012 0.38250027 0.84260016 1.5049987
-0.069999999 -0.55657109 -0.36130445 -0.1475 -0.1475 -0.54226662 -0.5425 -0.5425 -0.5425 -0.54235587 -0.5225 -0.5225 -0.5225 -0.52249995 -0.1025 -0.1025 -0.1025 -0.1025 0.039872708 0.04 0.04 0.04 0.04 0.04 0.025 0.025 0.025 0.025 0.025809305 0.2475 0.2475 0.2475 -0.19749999 0.59004126 1.1825 1.1825 1.1825 1.1765172 0.54549086 0.495 0.495 0.495 0.425 0.425 0.6125 0.6125 0.6125 0.3825 0.3825 0.3825 0.3825 0.8425 0.8425
-0.56946257 -0.57 -0.57 -0.57 -0.6825 -0.54250361 -0.5425 -0.5425 -0.5425 -0.5425 -0.51284721 -0.52249834 -0.5225 -0.1025 -0.1025 -0.1025 -0.1025 -0.1025 -0.099061982 0.04 0.04 0.04 0.04 0.04 -0.26762337 -0.75249579 -0.7525 -0.7525 -0.7525 0.24749998 -0.19749999 -0.1975 -0.1975 -0.1975 1.1825 1.1824856 0.6375 0.6375 0.49677932 0.495 0.495 0.495 0.425 0.425 0.58346854 0.6125 0.6125 0.3825 0.3825 0.3825 0.3874324 0.8425 0.8425
-0.57 -0.57 -0.57 -0.62297793 -0.6825 -0.6825 -0.5425 -0.5425 -0.5425 -0.5425 -0.395 -0.395 -0.395 -0.1025 -0.1025 -0.1025 -0.1025 -0.10246323 -0.225 -0.225 0.039999892 0.04 0.027887969 -0.4575 -0.46015576 -0.7525 -0.7525 -0.7525 -0.7525 -0.19755651 -0.1975 -0.1975 -0.1975 -0.1975 0.63750192 0.6375 0.6375 0.6375 0.63694736 0.495 0.495 0.495 0.425 0.425 0.425 0.6125 0.6125 0.3825 0.3825 0.3825 0.8425 0.8425 0.8425
-0.57 -0.57 -0.57 -0.6825 -0.6825 -0.6825 -0.68249979 -0.5425 -0.5425 -0.39515226 -0.395 -0.395 -0.395 -0.39481776 0.077596487 0.12 0.12 0.12 -0.225 -0.225 -0.225 -0.4575 -0.4575 -0.4575 -0.45753221 -0.65808562 -0.7525 -0.7525 -0.7525 -0.85476661 -0.98992205 -0.99 -0.99 -0.99 0.26372624 -0.25749797 -0.2575 -0.2575 -0.2575 -0.15741072 -0.1575 -0.1575 0.425 0.425 0.18750099 0.18749994 0.0225 0.0225 0.115 0.115 0.115 0.8425 0.14812141
-0.57000111 -0.57 -0.57 -0.6825 -0.6825 -0.6825 -0.68250001 -1.2674998 -0.54539883 -0.39548286 -0.395 -0.395 -0.395 -0.39398943 0.12 0.12 0.12 0.1199999 -0.225 -0.225 -0.225 -0.4575 -0.4575 -0.4575 -0.5725 -0.5725 -0.8475 -0.8475 -0.8475 -0.84827738 -0.99 -0.99 -0.99 -0.99 -0.62395123 -0.2575 -0.2575 -0.2575 -0.2575 -0.1575 -0.1575 -0.1575 -0.14664498 0.1875 0.1875 0.1875 0.0225 0.0225 0.115 0.115 0.115 0.1475 0.1475
-0.9275 -0.76810135 -1.1625 -1.1623607 -0.6825 -1.2641152 -1.2675 -1.2675 -1.2310621 -0.92750001 -0.9275 -0.9275 -0.9275 0.089966877 0.09 0.11999998 0.12 0.11090976 -0.225 -0.225 -0.225 -0.7575 -0.7575 -0.7575 -0.5725 -0.5725 -0.8475 -0.8475 -0.8475 -0.84750018 -1.0974993 -1.0974997 -0.99270185 -0.99011525 -0.94754386 -0.9475 -0.9475 -0.9475 -0.9475 -0.1575 -0.1575 -0.1575 0.16850285 0.1875 0.1875 0.18749991 0.0225 0.0225 0.02250333 0.115 0.11499061 -0.095 0.1475
-0.7200394 -0.72000008 -1.1625 -1.1625 -1.1625 -1.2675 -1.2675 -1.2675 -1.1675 -1.1675 -0.9275 -0.9275 -0.9275 0.09 0.09 0.09 0.09 0.089965158 -0.225 -0.225 -0.22500002 -0.7575 -0.7575 -0.7575 -0.5725 -0.5725 -0.8475 -0.8475 -0.8475 -1.0946812 -1.0975 -1.0975 -1.0975 -1.0975 -0.94757402 -0.9475 -0.9475 -0.9475 -0.9475 -0.70749986 -0.7075 -0.7075 -0.7075 0.18749618 -0.31 -0.31 -0.31 -0.0075 -0.0075 -0.0075 -0.095 -0.095 -0.095
-0.72 -0.72 -1.1625 -1.1625 -1.1625 -1.2669481 -1.2675 -1.1675 -1.1675 -1.1675 -0.92752954 -0.9275 -0.79880286 0.089999804 0.09 0.09 0.09 -0.445 -0.445 -0.445 -0.26750001 -0.26750036 -0.75749761 -0.7575 -0.75747029 -0.795 -0.795 -0.79500013 -0.84749152 -1.1399915 -1.1399998 -1.1399926 -1.0975726 -1.0975367 -0.97424464 -0.9475002 -0.94925102 -1.47 -1.47 -0.7075 -0.7075 -0.7075 -0.7075 -0.31 -0.31 -0.31 -0.31 -0.0075 -0.0075 -0.0075 -0.095 -0.095 -0.095
-0.72 -0.72 -1.1625 -1.1625 -1.1625 -1.1625 -1.2300729 -1.1675 -1.1675 -1.1675 -1.1672804 -0.77 -0.77 -0.77 0.084931822 0.09 -0.44143489 -0.445 -0.445 -0.445 -0.2675 -0.2675 -0.2675 -0.2675 -0.795 -0.795 -0.795 -0.795 -0.795 -1.14 -1.14 -1.14 -1.14 -1.1400008 -1.52 -1.47 -1.47 -1.47 -1.47 -1.4699972 -0.7175 -0.7175 -0.7175 -0.51899871 -0.1075 -0.1075 -0.1075 -0.0075000029 -0.0075003685 -0.3875 -0.3875 -0.015019462 -0.015
-0.72 -0.72 -1.0027886 -1.1625 -1.1625 -1.1625 -1.539339 -1.1686739 -1.1675 -1.1675 -0.77000006 -0.77 -0.77 -0.77 -0.77 -0.69946022 -0.445 -0.445 -0.445 -0.445 -0.26750137 -0.2675 -0.2675 -0.2675 -0.795 -0.795 -0.795 -0.795 -0.795 -1.1917269 -1.14 -1.14 -1.14 -1.52 -1.52 -1.5199612 -1.47 -1.47 -1.206901 -1.0025 -0.7175 -0.7175 -0.7175 -0.5220088 -0.1075 -0.1075 -0.1075 -0.345 -0.38697045 -0.3875 -0.3875 -0.015 -0.015
-1.0325 -1.0325 -1.0325 -1.1299054 -1.1623601 -1.54 -1.54 -1.54 -1.54 -1.0575 -1.0575 -0.77000002 -0.77 -0.77 -0.77 -0.7699794 -0.445 -0.445 -0.445 -0.445 -0.34495524 -0.2675 -0.2675 -0.26128453 -0.064064583 -0.795 -0.795 -0.795 -1.21 -1.21 -1.21 -1.2099997 -1.52 -1.52 -1.52 -1.52 -1.0025 -1.0025 -1.0025 -1.0025 -0.295 -0.295 -0.295 -0.24500101 -0.245 -0.245 -0.24499996 -0.345 -0.345 -0.38744822 -0.3875 -0.014999534 -0.015
-1.0325 -1.0325 -1.0325 -1.0325015 -1.06 -1.1297999 -1.54 -1.54 -1.54 -1.0575 -1.0575 -1.0575 -0.76 -0.76 -0.76 -0.76 -0.44539842 -0.445 -0.445 -0.445 -0.4422955 -0.030000652 -0.03 -0.03 -0.03 -0.03000002 -0.4975 -0.4975 -1.21 -1.21 -1.21 -1.21 -1.5199998 -1.52 -1.52 -1.5199758 -1.0025 -1.0025 -1.0025 -1.0015459 -0.295 -0.295 -0.295 -0.24500232 -0.245 -0.245 -0.245 -0.345 -0.345 -0.34499994 0.0775 0.0775 0.2
-1.0325 -1.0325 -1.0325 -1.0599999 -1.06 -1.06 -1.5399998 -1.54 -1.54 -1.0575 -1.0575 -1.0575 -0.76 -0.76 -0.76 -0.75257444 -0.6625 -0.6625 -0.66249944 -0.44622849 -0.03 -0.03 -0.03 -0.03 -0.03 -0.030351818 -0.4975 -0.4975 -0.4975 -1.21 -1.21 -1.2099743 -1.2225 -1.2225 -1.2225 -0.7775 -0.7775 -0.785 -0.785 -0.785 -0.3825 -0.29502745 -0.29499955 -0.235 -0.235 -0.23537899 -0.24500014 -0.345 -0.345 0.0775 0.0775 0.0775 0.2
-1.0325 -1.0325 -1.0325 -1.06 -1.06 -1.06 -1.06 -1.54 -1.54 -1.0575 -1.0575 -0.77189571 -0.76 -0.76 -0.76 -0.6625 -0.6625 -0.6625 -0.6625 -0.6625 -0.03 -0.03 -0.03 -0.03 -0.03 -0.49749841 -0.4975 -0.4975 -0.4975 -1.17 -1.17 -1.17 -1.2225 -1.2225 -1.2225 -0.7775 -0.7775 -0.785 -0.785 -0.3825 -0.3825 -0.3825 -0.235 -0.235 -0.235 -0.235 -0.18550623 0.3675 0.3675 0.3675 0.07750001 0.58 0.58
-1.0325 -1.0325 -1.0325383 -1.06 -1.06 -1.06 -1.06 -1.1552012 -1.16 -1.159824 -1.0575 -0.76001089 -0.76 -0.76 -0.75999966 -0.6625 -0.6625 -0.6625 -0.6625 -0.6625 -0.29616213 -0.03 -0.03 -0.03 -0.030012358 -0.49747707 -0.4975 -0.4975 -0.4975 -1.17 -1.17 -1.17 -1.170004 -1.2225 -0.7775 -0.7775 -0.7775 -0.77750023 -0.78497255 -0.3825 -0.3825 -0.3825 -0.23500895 -0.235 -0.235 -0.235 0.36749954 0.3675 0.3675 0.3675 0.58 0.58 0.58
-1.2625 -1.2624996 -1.0599927 -1.06 -1.06 -1.06 -1.1599787 -1.16 -1.16 -1.16 -0.89000001 -0.89 -0.89 -0.89 -0.66354998 -0.6625 -0.6625 -0.6625 -0.6625 -0.30750021 -0.3075 -0.3075 -0.08999999 -0.09 -0.09 -0.09 -0.12517249 -0.4975 -0.73749017 -0.7375 -0.7375 -0.7375 -0.7375 -0.6725 -0.6725 -0.6725 -0.6725 -0.6725 -0.1275 -0.1275 -0.1275 -0.1275 -0.1275 0.32665207 0.3275 0.3275 0.3275 0.3675 0.3675 0.3675 0.57996652 0.58 0.58
-1.2625 -1.2625 -1.2602394 -0.99250014 -0.99250002 -0.99266333 -1.16 -1.16 -1.16 -1.16 -0.89 -0.89 -0.89 -0.89 -0.89 -0.6625 -0.6625 -0.6625 -0.30750009 -0.3075 -0.3075 -0.3075 -0.090000001 -0.09 -0.09 -0.09 -0.09 -0.090086881 -0.73762743 -0.7375 -0.7375 -0.7375 -0.73755119 -0.59171652 -0.67241635 -0.6725 -0.6725 -0.6725 -0.1275 -0.1275 -0.1275 -0.1275 -0.1275 0.3275 0.3275 0.3275 0.3275 0.34620478 0.3675 1.1610466 1.17 0.9575 0.9575
-1.2625 -1.2625 -0.9925342 -0.9925 -0.9925 -0.9925 -1.0350443 -1.16 -1.16 -1.16 -0.89 -0.89 -0.89 -0.89 -0.89 -0.6626743 -0.6625 -0.30760408 -0.3075 -0.3075 -0.3075 -0.3075 -0.17057428 -0.09 -0.09 -0.09 -0.09 -0.090692268 -1.0675 -1.0675 -1.0675 -1.0675 -1.0675 -0.53 -0.53 -0.53 -0.53 -0.53 -0.215 -0.215 -0.215 -0.215 -0.215 0.3283851 0.32750019 0.3275 0.32756145 0.33501498 1.17 1.17 1.17 0.95750119 0.9575
-1.2625001 -1.2968176 -0.99250004 -0.9925 -0.9925 -0.9925 -0.9925 -1.1599287 -1.16 -1.16 -0.89 -0.89 -0.89 -0.89 -0.80933244 -0.8075 -0.8075 -0.30751287 -0.3075 -0.3075 -0.3075 -0.3075 -0.30750007 -0.09 -0.09 -0.09 -0.09 -1.0025 -1.0025 -1.0163336 -1.0675 -1.0675 -1.0675 -0.53 -0.53 -0.53 -0.53 -0.52992042 -0.215 -0.215 -0.215 -0.215 -0.21498161 0.69 0.69 0.69 0.69 0.69003871 1.17 1.17 1.17 1.1699999 0.94025773
-1.2975 -1.2975 -1.2233571 -0.9925 -0.9925 -0.9925 -0.9925 -0.9925 -1.1599277 -0.81750001 -0.8175 -0.8175 -0.81767206 -0.80750012 -0.8075 -0.8075 -0.8075 -0.8075 -0.30750432 -0.3444261 -0.6675 -0.6675 -0.6675 -0.525602 -0.18304228 -0.68089392 -1.1008401 -1.0025 -1.0025 -1.0025 -1.0025 -1.0025 -1.0041144 -0.41842036 -0.4125 -0.4125 -0.4125 -0.4125 -0.16991523 0.024999569 0.025 0.025 0.025 0.5550004 0.68999996 0.69 0.69 0.8825 1.1699954 1.17 1.17 0.94 0.94
-1.2975 -1.2975 -1.1775 -1.1775 -1.1775 -0.99256162 -0.9925 -0.9925 -0.8175 -0.8175 -0.8175 -0.8175 -0.8175 -0.8075 -0.8075 -0.8075 -0.8075 -0.8075 -0.6675 -0.6675 -0.6675 -0.6675 -0.6675 -1.2525 -1.2525 -1.2525 -1.2525 -1.0025 -1.0025 -1.0025 -1.0025 -1.0025 -0.94 -0.94 -0.4125 -0.4125 -0.4125 -0.14504556 -0.145 0.025 0.025 0.025 0.025000053 0.555 0.555 0.555 0.8825 0.8825 0.8825 0.75 0.75 0.94 0.94
-1.2975 -1.2975 -1.1775 -1.1775 -1.1775 -1.1775 -1.1774987 -0.9425 -0.81761769 -0.8175 -0.8175 -0.8175 -0.8175 -0.80762474 -0.8075 -0.8075 -0.8075 -0.8075 -0.6675 -0.6675 -0.6675 -0.6675 -0.6675 -1.2525 -1.2525 -1.2525 -1.2525 -1.252499 -1.0025 -1.0025 -1.0025 -0.94000328 -0.94 -0.94 -0.94 -0.4125 -0.145 -0.145 -0.145 -0.14052698 0.3137304 0.3675 0.3675 0.555 0.555 0.555 0.8825 0.8825 0.8825 0.75 0.75 0.75 0.77244247
