interpolatedSpi/02-08|19_2.tif
NCOLS 53
NROWS 52
XLLCORNER -116.03883
YLLCORNER 28.596182
DX 0.49850594
DY 0.49788537
NODATA_VALUE -9999
[rows 0 to 27 of 52, columns 0 to 52 of 53]
0.21571429 0.21571429 0.015437118 -0.16857143 -0.0028571429 0.028571429 -0.052857143 -0.13571429 -0.59354069 -0.73571429 -0.54285714 -0.12714286 -0.46284032 -0.25857143 -0.18571429 -0.18571429 -0.18571429 0.062857143 -0.024285714 -0.024285714 -0.024285714 -0.024292305 -0.70857142 -0.078571429 -0.078571429 -0.078571429 -0.54999575 -0.55 -0.55 -0.83571429 -0.83571429 -0.83571429 -0.83571429 -1.3499999 -1.35 -1.35 -1.35 -1.35 -1.35 -1.35 -0.068092811 -0.054481506 -0.82285714 -0.82285714 -0.82285714 -0.82285714 -0.82369015 -1.3328571 -1.3328571 -1.3328571 -0.35428775 -0.35428571 -0.35428571
0.2157033 -0.031428571 0.21857183 0.17503885 -0.077213701 0.21857143 0.60857143 -0.17001914 -0.66 -0.46571429 -0.14 -0.46285714 -0.46285714 0.044699654 -0.25856711 -0.18571429 0.062857143 0.062857143 -0.024172092 -0.024285714 -0.024285714 -0.024285714 -0.10571713 -0.078571429 -0.078571429 -0.078571429 -0.33999998 -0.34 -0.83571429 -0.83571429 -0.83571429 -0.83571429 -0.83571429 -1.3499999 -1.35 -1.35 -1.35 -1.35 -1.3499999 -1.1158895 0.03851241 -0.71832969 -0.82285714 -0.82285714 -0.82285714 -0.82285714 -0.82285714 -1.3328571 -1.3328571 -1.3328571 -1.2517131 -0.35428571 -0.35428571
0.12428654 0.12428571 0.56714286 0.57 -0.11142857 -0.3 -0.03 0.20857143 -0.59714286 -0.48428571 -0.17857143 -0.47142857 -0.0028571429 -0.072857143 0.045714286 -0.67714286 0.062857143 0.062857143 0.062857143 -0.25564701 -0.25571429 -0.25571429 -0.59428571 -0.078571429 -0.078571429 -0.078571429 -0.34 -0.34 -0.34 -0.83571429 -0.83571429 -0.83571429 -0.92786801 -1.3469475 -1.3370887 0.024431814 0.037142857 0.037142857 0.037322534 0.038571429 0.038571429 0.037469879 -0.82285714 -0.82285714 -0.82285714 -0.82285714 -0.82285714 -1.3328571 -1.3328571 -1.3328571 -1.3328571 -0.35428571 -0.35428571
0.24428571 0.12428557 -0.57006893 0.23857143 -0.4 -0.085714286 -0.05 -0.45857143 -0.39857143 0.036394981 -0.52 -0.7 -0.37 -0.072857143 -0.20571429 -0.67714286 -0.50135531 -0.49960563 -0.78285714 -0.25571429 -0.25571429 -0.26428571 -0.59428571 -0.59428571 -0.078571429 -0.078572734 -0.34 -0.34 -0.34 -1.1 -1.0600249 -1.0271429 -1.0271429 -1.027142 0.037142857 0.037142857 0.037142857 0.037142857 0.038571429 0.038571429 0.038571429 0.038571396 -0.82285714 -0.82285714 -0.82285714 -0.82285714 -0.82285714 -1.3328507 -1.3328571 -1.3328571 -1.3328571 -0.35429271 -0.35428571
0.24428571 -0.04285811 -0.57 -0.7723259 -0.4 -0.36857143 -0.46140915 -0.52857143 -0.46142857 -0.72571439 -0.70564686 -0.69428367 -0.68 -0.20571429 -0.20571429 -0.51836315 -0.5 -0.5 -0.78285714 -0.78285714 -0.25571436 -0.26428571 -0.55857143 -0.56142857 -0.24 -0.24001773 -0.34 -0.34 -1.1 -1.1 -1.0271429 -1.0271429 -1.0271429 -1.0193306 0.037142856 0.037142857 0.037142857 0.038571429 0.038571429 0.038571429 0.038571429 0.038535988 -0.82285714 -0.82285714 -0.82285714 -0.82285714 -0.82285714 -0.82739677 -1.3328571 -1.3328229 -0.56857143 -0.56857143 -0.56857143
-1.4128571 -0.067142857 0.12857145 -0.49285714 -0.024285714 0.0014285714 -0.68857143 -0.66808685 -0.91857143 -0.85428571 -0.91571429 -0.88142857 -0.88142844 -1.3785714 -1.3785714 -0.57565703 -0.57571429 -0.54285714 -0.54285714 -0.78285684 -0.76857143 -0.76857143 -0.56142857 -0.24 -0.24 -0.31571429 -0.97714286 -0.97714286 -0.68146656 -1.1 -1.0271429 -1.0271429 -0.98571429 -0.98574474 -1.2771219 -1.0171429 -1.0171429 -0.28803789 0.038571429 0.038571429 -0.32811352 -0.32857143 -0.32857054 0.0051212628 0.019906847 0.019999775 0.019999971 0.019999682 -0.18508106 -0.56857143 -0.56857143 -0.56857143 -0.56857143
-0.39429173 0.04 0.041450342 -0.038571428 0.36142857 -0.64857143 -0.65714286 -0.81571429 -0.94 -0.94 -0.91571429 -0.77285714 -0.79714278 -1.3785714 -0.33857454 -0.33857143 -0.57571429 -0.38857143 -0.43428571 -0.43428571 -0.74635466 -0.72142857 -0.72142857 -0.30285714 -0.31571429 -0.31571429 -0.97714286 -0.97714286 -0.68142791 -0.68141631 -0.57458125 -0.98571429 -0.98571429 -1.2771429 -1.2771429 -0.94244937 -1.0171429 -1.0171429 -0.90857519 -0.32857224 -0.32857143 -0.32857143 -0.32856553 0.020001338 0.02 0.02 0.02 0.01999994 -0.08 -0.56847461 -0.56857143 -0.56857143 -0.56857143
-0.39428571 -0.7 0.22 -0.84571429 -0.32145863 -1.0128571 -1.0885714 -0.78857143 -0.85 -0.56142857 -0.56142857 -0.48142857 -0.79714286 -0.79714286 -0.34171765 -0.29953899 -0.29571429 -0.34428571 -0.72428542 -0.43428571 -0.16157482 -0.13428571 -0.46285714 -0.75285714 -0.75285556 -0.63 -0.11142857 -0.11142888 -0.67004005 -0.67 -0.57428571 -0.58134478 -1.0514286 -1.2771429 -1.2560779 -0.88 -0.88 -0.90857143 -0.90857143 -0.32857143 -0.32857143 -0.32857142 0.25792565 0.25999999 0.02 0.02 0.02 -0.079996194 -0.08 -0.08 -0.56857143 -0.56857143 -0.56857143
-0.65296818 -0.69999999 0.0057142857 0.14142857 -0.27 -0.78857143 -0.57428571 -0.43857143 -0.82428571 -0.51670264 -0.6 -0.46428571 -0.46428571 -0.16285714 -0.16285486 -0.76725354 -0.76857143 -0.76857143 -0.4022933 0.061428463 -0.45571429 -0.45571428 -0.20428571 -0.3609584 -0.64238076 -0.63 -0.38428571 -0.11142857 -0.45939472 -0.46142857 -0.45 -0.35571429 -0.39385066 -0.74142857 -0.53857143 -0.58428571 -0.64 -0.93142857 -0.32171025 -0.32695172 0.034285714 0.0057142858 0.25994116 0.26 0.25864915 0.02 -0.12999999 -0.08 -0.08 -0.08 -0.079999999 -0.48390637 0.32285714
-0.39 -0.39 -0.23428571 -0.025714286 -0.37 -1.0242857 -0.62142857 -0.64571429 -0.21285714 -0.43857319 -0.42857143 -0.57142857 -0.16285714 -0.16285714 0.08 0.068361459 -0.76857143 -0.76843056 -0.19285714 0.061428571 0.061428571 -0.005196764 -0.20428571 -0.50713712 -0.50714286 -0.50714286 -0.38428571 -0.0085714289 -0.0085714287 -0.46142857 -0.46142857 -0.35585789 -0.43142857 -0.74142857 -0.38285714 -0.58428571 -0.64 -0.95857143 -0.32142857 0.50074132 0.005714287 -0.033643506 -0.10142857 0.26 0.26 -0.13 -0.13 -0.13 -0.08 -0.08 0.11142857 0.11142857 0.11142865
-0.39 -0.39 -0.54714286 -1.0914286 -0.67857143 -0.45142857 -0.73285714 -0.6558775 -0.77714286 -0.85714286 -0.2 -0.81142857 -0.57174748 0.08 0.08 0.080018293 0.23857143 0.21592803 -0.19285714 0.13571429 0.13571429 0.65857143 0.65857143 -0.50714286 -0.50714286 -0.50714286 -0.0085714286 -0.0085714286 -0.0085714286 -0.53142857 -0.53142857 -0.53142841 -0.28857143 -0.28857143 -0.95857143 -0.56 -0.17714286 -0.82999909 -0.23428571 0.51428571 0.51428571 -0.058571569 -0.10142857 0.26 0.17571413 -0.054285714 0.07767316 0.078571428 0.69428571 0.69428571 0.11142857 0.11142857 0.11142857
-0.39 -0.45803027 -0.77940898 -1.1057023 -0.39857143 -0.33857143 -0.73285714 -0.65571429 -0.77714184 -0.85625655 -0.81142863 -0.81142857 0.21285714 0.08 0.08 0.23857142 0.23857143 0.23854687 -0.19285714 0.13571429 0.23839279 0.65857143 0.65857143 -0.50709593 -0.50714286 -0.34043508 -3.8693109e-21 -3.3531793e-38 -1.0750138e-09 -0.53142857 -0.53142857 -0.17857143 -0.17857143 -0.28857327 -0.95857143 0.09571398 -0.26465004 -0.83 -0.83 0.5142857 -0.058571429 -0.058571429 -0.058569741 0.17571429 0.17571429 -0.054285714 0.078571429 0.078571429 0.69428571 0.69428571 0.11142857 0.11142857 0.11142857
-0.59285714 -0.28957088 -0.26003034 -0.26611801 -0.39857127 -0.33857285 -0.73285713 -0.65666387 -0.76877519 -0.77923187 0.21285714 0.21285714 0.21285714 0.21285714 0.08001882 0.23857143 0.23857143 0.233001 -0.19285714 0.13586184 0.65285714 0.65285714 0.65285714 0.65285714 -0.48709477 1.0900125e-15 7.6764526e-28 8.4599153e-54 1.2599752e-20 -0.00029774303 -0.17857143 -0.17857143 -0.17857143 -0.17857143 0.095714285 0.095714286 0.095714286 -0.78524004 -0.8198715 0.51857143 0.51857143 -0.058540385 0.18571394 0.17571525 0.17571429 -0.054285714 0.078571429 0.078571429 0.69428571 0.69428571 0.11354311 0.11142857 -0.087507268
-0.59285714 -0.26 -0.26 -0.26 -0.26 -0.26000003 -0.73184784 -0.69637176 -0.74645104 0.21178903 0.21285714 0.21285714 0.21285714 0.21285714 0.21285744 0.23857143 0.23857136 0.20897837 -0.19284839 0.65285714 0.65285714 0.65285714 0.65285714 0.65285714 0.64948851 0.073456542 0.044285705 0.044285714 0.044285714 0.044285714 -0.17857142 -0.17857143 -0.17857081 0.33428571 0.33428571 0.095714286 0.67069625 0.68714286 0.51857153 0.51857143 0.51857143 0.51857143 0.18571429 0.18571429 0.18571429 0.1840441 -0.0051934865 -0.0057142857 -0.0057142857 -0.0057142857 -0.0057142731 0.64999989 0.65
0.43571428 -0.26 -0.26 -0.26 -0.26 -0.26 -0.26000003 -0.4149143 0.61126388 0.61857143 0.61857143 0.61857143 0.61857143 0.61857143 0.61857142 0.84106625 0.24816812 0.17949461 0.65275095 0.65285714 0.65285714 0.65285714 0.65285714 0.65285757 0.49714286 0.49714286 0.49714222 0.044285714 0.044285714 0.045206837 0.50428571 0.50428571 0.33428571 0.33428571 0.33428571 0.63061906 0.68714286 0.68714286 0.68714286 0.51857143 0.51857143 0.51857143 0.18571429 0.18571429 0.18571429 0.18571429 -0.0057142778 -0.0057142857 -0.0057142857 -0.0057142857 -0.0057142857 0.65 0.65
0.43571429 0.17670776 -0.26 -0.26 -0.26 -0.26 0.33416908 0.33428571 0.33428572 0.61857143 0.61857143 0.61857143 0.61857143 0.61857143 0.66868073 0.84571429 0.84571429 0.84571429 1.0231545 1.0242853 1.0242857 1.0242857 1.0242857 1.0242857 0.49714286 0.49714286 0.49714286 0.49714286 0.044285714 0.50428571 0.50428571 0.50428571 0.33428573 0.33428571 0.33428571 0.86571429 0.68737929 0.68714286 0.68714286 0.51860145 0.57840557 0.71797367 0.18571429 0.18571429 0.47339517 0.47428571 0.47428571 -0.0046472521 0.64059068 0.64285709 0.64285702 1.0527961 0.65000082
0.43571429 0.15072268 -0.05613574 -0.26 -0.26 0.33393458 0.33428571 0.33428571 0.33428571 0.33633436 0.61857143 0.61857143 0.61857143 0.61857146 0.84571429 0.84571429 0.84571429 0.84571429 1.0241262 1.0242857 1.0242857 1.0242857 1.0242857 1.0242857 0.49714287 0.49714286 0.49714286 0.49714286 0.49716884 0.50428571 0.50428571 0.50428571 1.1928571 0.3343605 0.86571429 0.86571429 0.86571429 0.86804084 0.71659327 0.71857143 0.71857143 0.71857143 0.75142857 0.75142857 0.47428571 0.47428571 0.47428571 0.64285714 0.64285714 0.64285714 0.64285714 1.0528571 1.0528571
0.14319465 0.14285714 0.14285714 0.14285714 0.17285714 0.33428155 0.33428571 0.33428571 0.33428571 0.33428571 0.6133799 0.61857054 0.61857143 0.84571429 0.84571429 0.84571429 0.84571429 0.84571429 0.83256809 1.0242857 1.0242857 1.0242857 1.0242857 1.0242857 1.0014865 1.3671381 1.3671429 1.3671429 1.3671429 0.50428575 1.1928571 1.1928571 1.1928571 1.1928571 0.86571429 0.86571989 1.0785714 1.0785714 0.72306656 0.71857143 0.71857143 0.71857143 0.75142857 0.75142857 0.51719697 0.47428571 0.47428571 0.64285714 0.64285714 0.64285714 0.64725341 1.0528571 1.0528571
0.14285714 0.14285714 0.14285714 0.15698459 0.17285714 0.17285714 0.33428571 0.33428571 0.33428571 0.33428571 0.55 0.55 0.55 0.84571429 0.84571429 0.84571429 0.84571429 0.84564842 0.41571429 0.41571429 1.0242855 1.0242857 1.0245987 1.0371429 1.0401137 1.3671429 1.3671429 1.3671429 1.3671429 1.1928749 1.1928571 1.1928571 1.1928571 1.1928571 1.0785707 1.0785714 1.0785714 1.0785714 1.0773334 0.71857143 0.71857143 0.71857143 0.75142857 0.75142857 0.75142857 0.47428571 0.47428571 0.64285715 0.64285714 0.64285714 1.0528571 1.0528571 1.0528571
0.14285714 0.14285714 0.14285714 0.17285714 0.17285714 0.17285714 0.17285739 0.33428571 0.33428571 0.54977732 0.55 0.55 0.55 0.55018424 0.52310164 0.44714286 0.44714286 0.44714286 0.41571429 0.41571429 0.41571429 1.0371429 1.0371429 1.0371429 1.0371421 1.1925512 1.3671429 1.3671429 1.3671429 1.3618277 1.3956943 1.3957143 1.3957143 1.3957143 1.2818583 1.5671417 1.5671429 1.5671429 1.5671429 1.3841946 1.3842857 1.3842857 0.75142857 0.75142857 1.2042838 1.2042857 1.1214286 1.1214286 1.14 1.14 1.14 1.0528571 1.1113762
0.14285907 0.14285714 0.14285714 0.17285714 0.17285714 0.17285714 0.17285715 0.44571425 0.33473125 0.54988082 0.55 0.55 0.55 0.54979817 0.44714286 0.44714286 0.44714286 0.44714285 0.41571429 0.41571429 0.41571429 1.0371429 1.0371429 1.0371429 1.0342857 1.0342857 1.2514286 1.2514286 1.2514286 1.2522157 1.3957143 1.3957143 1.3957143 1.3957143 1.4813815 1.5671429 1.5671429 1.5671429 1.5671429 1.3842857 1.3842857 1.3842857 1.3786222 1.2042857 1.2042857 1.2042857 1.1214286 1.1214286 1.14 1.14 1.14 1.1114286 1.1114286
0.76428571 0.48164735 0.63428571 0.63415185 0.17285714 0.44413554 0.44571429 0.44571429 0.51702839 0.41857143 0.41857143 0.41857143 0.41857143 0.34000256 0.34 0.44714277 0.44714286 0.44631476 0.41571429 0.41571429 0.41571429 0.63428571 0.63428571 0.63428571 1.0342857 1.0342857 1.2514286 1.2514286 1.2514286 1.2514286 1.2885721 1.2885717 1.3930214 1.3955994 1.3115261 1.3114286 1.3114286 1.3114286 1.3114286 1.3842857 1.3842857 1.3842857 1.2141968 1.2042857 1.2042857 1.2042856 1.1214286 1.1214286 1.1214292 1.14 1.1399856 0.81857143 1.1114286
0.76857061 0.76857141 0.63428571 0.63428571 0.63428571 0.44571429 0.44571429 0.44571429 0.64142857 0.64142857 0.41857143 0.41857143 0.41857143 0.34 0.34 0.34 0.34 0.34000881 0.41571429 0.41571429 0.41571429 0.63428571 0.63428571 0.63428571 1.0342857 1.0342857 1.2514286 1.2514286 1.2514286 1.2881526 1.2885714 1.2885714 1.2885714 1.2885714 1.3114173 1.3114286 1.3114286 1.3114286 1.3114286 0.91714298 0.91714286 0.91714286 0.91714286 1.2042804 0.50857143 0.50857143 0.50857143 0.69857143 0.69857143 0.69857143 0.81857143 0.81857143 0.81857143
0.76857143 0.76857143 0.63428571 0.63428571 0.63428571 0.44670545 0.44571429 0.64142857 0.64142857 0.64142857 0.41859886 0.41857143 0.2948354 0.33999998 0.34 0.34 0.34 0.34428571 0.34428571 0.34428571 0.41285715 0.41285731 0.63428464 0.63428571 0.63456402 0.91428571 0.91428571 0.91428652 1.2513741 1.2028742 1.2028576 1.2028721 1.2884249 1.2884975 1.3073014 1.3114282 1.3084125 0.41142857 0.41142857 0.91714286 0.91714286 0.91714286 0.91714286 0.50857143 0.50857143 0.50857143 0.50857143 0.69857143 0.69857143 0.69857143 0.81857143 0.81857143 0.81857143
0.76857143 0.76857143 0.63428571 0.63428571 0.63428571 0.63428571 0.51896443 0.64142857 0.64142857 0.64142857 0.64122182 0.26714286 0.26714286 0.26714286 0.33957064 0.34 0.34425716 0.34428571 0.34428571 0.34428571 0.41285714 0.41285714 0.41285714 0.41285714 0.91428571 0.91428571 0.91428571 0.91428571 0.91428571 1.2028571 1.2028571 1.2028571 1.2028571 1.2028572 1.2328571 0.41142857 0.41142857 0.41142857 0.41142857 0.41142812 0.18857143 0.18857143 0.18857143 0.26853078 0.43428571 0.43428571 0.43428571 0.69857142 0.69857142 0.68571429 0.68571429 0.93711401 0.93714286
0.76857143 0.76857143 0.68275343 0.63428571 0.63428571 0.63428572 0.74267715 0.64174822 0.64142857 0.64142857 0.26714296 0.26714286 0.26714286 0.26714286 0.26714286 0.2731262 0.34428571 0.34428571 0.34428571 0.34428571 0.41285661 0.41285714 0.41285714 0.41285714 0.91428571 0.91428571 0.91428571 0.91428571 0.91428571 0.80698763 1.2028571 1.2028571 1.2028571 1.2328571 1.2328571 1.2322193 0.41142857 0.41142857 0.54006366 0.63999998 0.18857143 0.18857143 0.18857143 0.26887248 0.43428571 0.43428571 0.43428571 0.81142857 0.68728067 0.68571429 0.68571429 0.93714286 0.93714286
1.0428571 1.0428571 1.0428571 0.7367258 0.63484234 0.74285714 0.74285714 0.74285714 0.74285714 0.77 0.77 0.26714289 0.26714286 0.26714286 0.26714286 0.26714777 0.34428571 0.34428571 0.34428571 0.34428571 0.3829348 0.41285714 0.41285714 0.41491339 0.51025792 0.91428571 0.91428571 0.91428571 0.66714286 0.66714286 0.66714286 0.66714511 1.2328571 1.2328571 1.2328571 1.2328571 0.64 0.64 0.64 0.64 0.40714286 0.40714286 0.40714286 0.81856316 0.81857143 0.81857143 0.81857131 0.81142857 0.81142857 0.68586746 0.68571429 0.93714177 0.93714286
1.0428571 1.0428571 1.0428571 1.0428558 1.0171429 0.97725721 0.74285714 0.74285714 0.74285714 0.77 0.77 0.77 0.73857141 0.73857143 0.73857143 0.73857142 0.34523041 0.34428571 0.34428571 0.34428571 0.34532979 0.49142836 0.49142857 0.49142857 0.49142857 0.49142857 0.18142858 0.18142857 0.66714286 0.66714286 0.66714286 0.66714286 1.232857 1.2328571 1.2328571 1.2328384 0.64000001 0.64 0.64 0.64114684 0.40714286 0.40714286 0.40714286 0.81855235 0.81857143 0.81857143 0.81857143 0.81142857 0.81142857 0.81142856 0.72142857 0.72142857 0.73142857
