interpolatedSpi/02-06|22_3.tif
NCOLS 53
NROWS 52
XLLCORNER -116.03883
YLLCORNER 28.596182
DX 0.49850594
DY 0.49788537
NODATA_VALUE -9999
[rows 0 to 28 of 52, columns 0 to 52 of 53]
0.74666667 0.74666667 0.58014673 0.38666667 1.16 0.78666667 0.77333333 0.795 0.53084633 0.09 0.49166667 0.65 0.65338288 1.255 1.2116667 1.2116667 1.2116667 0.91166667 0.89 0.89 0.89 0.88998982 -0.16666666 0.51333333 0.51333333 0.51333333 0.81166511 0.81166667 0.81166667 0.40166667 0.40166667 0.40166667 0.40166667 0.090000062 0.09 0.09 0.09 0.09 0.09 0.090000006 0.28786997 0.28979917 -0.5 -0.5 -0.5 -0.5 -0.5006125 -0.875 -0.875 -0.875 0.96166285 0.96166667 0.96166667
0.74661957 -0.31333333 0.22833341 0.31921714 0.47686227 1 1.03 0.78485487 0.42833333 0.33 0.52333333 0.65333333 0.65333333 0.82145049 1.2549944 1.2116667 0.91166667 0.91166667 0.89002825 0.89 0.89 0.89 0.52465031 0.51333333 0.51333333 0.51333333 1.19 1.19 0.40166667 0.40166667 0.40166667 0.40166667 0.40166667 0.090000045 0.09 0.09 0.09 0.09 0.090000077 0.35164731 1.6948974 -0.23365454 -0.5 -0.5 -0.5 -0.5 -0.5 -0.875 -0.875 -0.875 -0.72270184 0.96166667 0.96166667
0.47165911 0.47166667 0.29166667 0.79 0.066666667 -0.18 0.075 0.145 -0.25833333 0.285 0.63666667 0.07 0.45166667 0.925 0.82 -0.056666667 0.91166667 0.91166667 0.91166667 0.73337888 0.73333333 0.73333333 0.72833333 0.51333333 0.51333333 0.51333333 1.19 1.19 1.19 0.40166667 0.40166667 0.40166671 0.80764739 0.09308567 0.099773257 1.1303784 1.14 1.14 1.2098044 1.695 1.695 1.6921931 -0.5 -0.5 -0.5 -0.5 -0.5 -0.875 -0.875 -0.875 -0.875 0.96166667 0.96166667
-0.13666667 0.47166652 -0.27335146 1.2266667 -0.57 -0.0016666667 -0.048333333 -0.44166667 0.21333333 0.4973932 0.3 -0.24666667 -0.078333333 0.925 -0.34833333 -0.056666667 -0.48006893 -0.48235592 -0.485 0.73333333 0.73333333 -0.165 0.72833333 0.72833333 0.51333333 0.51333671 1.19 1.19 1.19 0.27666667 0.8079696 1.245 1.245 1.2449999 1.14 1.14 1.14 1.14 1.695 1.695 1.695 1.6949999 -0.5 -0.5 -0.5 -0.5 -0.5 -0.87499527 -0.875 -0.875 -0.875 0.96164544 0.96166667
-0.13666667 0.269999 -0.27333333 -0.45082247 -0.57 -0.46333333 -0.071664536 -0.1 -0.24166667 0.48166639 0.21775522 0.093319248 -0.005 -0.34833333 -0.34833333 -0.15988319 -0.48333333 -0.48333333 -0.485 -0.485 0.73333154 -0.165 0.225 0.72833333 0.87 0.8699802 1.19 1.19 0.27666667 0.27666667 1.245 1.245 1.245 1.1331133 1.14 1.14 1.14 1.695 1.695 1.695 1.695 1.695019 -0.49999997 -0.5 -0.5 -0.5 -0.5 -0.50333796 -0.875 -0.87494679 0.31166667 0.31166667 0.31166667
-1.6866667 -0.31 0.085000008 0.11333333 -1.0116667 -0.28333333 -0.068333333 -0.072387573 -7.4014868e-17 -0.43166667 -0.5 -0.10166667 -0.1016666 -0.26833333 -0.26833333 -0.46822831 -0.46833333 -0.20166667 -0.20166667 -0.48499931 -0.12 -0.12 0.72833333 0.87 0.87 0.785 0.54166667 0.54166667 0.88994352 0.27666667 1.245 1.245 0.65166667 0.65170184 0.98830932 1.3383333 1.3383333 1.584657 1.695 1.695 1.8914214 1.8916667 1.8916684 0.59695444 0.61654325 0.61666637 0.61666663 0.61666625 0.59280685 0.31166667 0.31166667 0.31166667 0.31166667
-0.61168221 -0.70333333 -0.8061637 -0.55166667 -0.46 -1.0733333 -0.72999999 -0.92166667 -0.79166667 -0.79166667 -0.5 -0.19166667 -0.40999995 -0.26833333 -0.033334037 -0.033333333 -0.46833333 0.15 0.295 0.295 -0.17890811 -0.245 -0.245 0.67166667 0.785 0.785 0.54166667 0.54166667 0.88996562 0.88936698 1.3318077 0.65166667 0.65166667 0.98833333 0.98833333 1.4009669 1.3383333 1.3383333 1.8799812 1.8916667 1.8916667 1.8916667 1.8916754 0.61667092 0.61666667 0.61666667 0.61666667 0.61666671 0.69166667 0.31174197 0.31166667 0.31166667 0.31166667
-0.61166667 -0.385 -0.37666667 -1.56 -1.3216803 -1.135 -1.33 -1.1033333 -1.1533333 -1.095 -1.095 -0.22333333 -0.41 -0.41 -0.035917616 -0.5357676 -0.585 0.215 -0.59999908 0.295 0.26911225 0.385 -0.79666667 0.36333333 0.36332835 -0.023333333 0.48166667 0.48166669 0.30206744 0.30000002 1.335 0.24785515 0.49666667 0.98833333 1.002071 1.4533333 1.4533333 1.88 1.88 1.8916667 1.8916667 1.8916667 1.3844805 1.38 0.61666667 0.61666667 0.61666667 0.69166381 0.69166667 0.69166667 0.31166667 0.31166667 0.31166667
-0.50207382 -0.385 0.035 -0.63 -0.97166667 -1.3766667 -1.0833333 -1.01 -0.94333333 -0.47151608 -0.385 -0.26166667 -0.26166667 0.18166667 0.18165938 -0.63984671 -0.64 -0.64 0.090589002 -0.80000004 -0.98 -0.97999998 0.965 -0.10242279 0.015632457 -0.023333333 0.72 0.48166667 1.4278032 1.4333333 0.17833333 1.6583333 1.2243486 0.87 1.47 1.3366667 1.9416667 0.79666667 1.8178616 1.8950591 2.6516667 2.0333333 1.3800269 1.38 1.3757035 0.61666667 0.29333335 0.69166666 0.69166667 0.69166667 0.69166667 0.43845674 0.63
-1.1566667 -1.1566667 0.19833333 -0.22166667 -1.1366667 -1.525 -1.0283333 -1.37 -0.855 -0.35178234 -0.435 0.825 0.18166667 0.18166667 -0.59333333 -0.59397339 -0.64 -0.6400142 -0.74333333 -0.8 -0.8 -0.82319004 0.965 0.73667099 0.73666667 0.73666667 0.72 0.805 0.805 1.4333333 1.4333333 1.6566991 0.79666667 0.87 1.2333333 1.3366667 1.9416667 1.5183333 1.8183333 1.6068178 2.0333334 1.8539493 1.545 1.38 1.38 0.29333333 0.29333333 0.29333333 0.69166667 0.69166667 1.33 1.33 1.3299997
-1.1566667 -1.1566667 -0.45833333 -1.0783333 -1.2833333 -0.74333333 -1.495 -0.43078418 -0.69333333 -0.74666667 -0.9 -0.94833333 0.82263822 -0.59333333 -0.59333333 -0.59330334 -0.33333333 -0.35485206 -0.74333333 -0.45666667 -0.45666667 -0.73666667 -0.73666667 0.73666667 0.73666667 0.73666667 0.805 0.805 0.805 0.55 0.55 0.55000041 1.135 1.135 0.73333333 0.635 2.0583333 1.2333341 1.7 1.6033333 1.6033333 1.2216677 1.545 1.38 1.2566666 1.1283333 1.596032 1.6016667 2.0333333 2.0333333 1.33 1.33 1.33
-1.1566667 -0.85528141 -0.72290945 -0.97999102 -0.42833333 -1.3566667 -1.495 -0.43 -0.69333113 -0.7460758 -0.94833307 -0.94833333 -0.58833333 -0.59333333 -0.59333333 -0.33333334 -0.33333333 -0.33335667 -0.74333333 -0.45666667 -0.51165297 -0.73666667 -0.73666667 0.73660755 0.73666667 0.62106695 0.385 0.385 0.38500005 0.55 0.55 0.37166667 0.37166667 1.1349989 0.73333333 1.4899999 1.9407401 1.2333333 1.2333333 1.6033333 1.2216667 1.2216667 1.221667 1.2566667 1.2566667 1.1283333 1.6016667 1.6016667 2.0333333 2.0333333 1.33 1.33 1.33
0.056666667 0.034458982 0.08495742 0.077289363 -0.4283382 -1.3566447 -1.495 -0.44310954 -0.67518697 -0.69472601 -0.58833333 -0.58833333 -0.58833333 -0.58833333 -0.59333262 -0.33333333 -0.33333333 -0.33862709 -0.74333333 -0.4566897 -0.53 -0.53 -0.53 -0.53 0.71494606 0.385 0.385 0.385 0.385 0.3851299 0.37166667 0.37166667 0.37166667 0.37166667 1.49 1.49 1.49 1.2458159 1.2338966 1.3083333 1.3083333 1.2216713 1.3849956 1.256679 1.2566667 1.1283333 1.6016667 1.6016667 2.0333333 2.0333333 1.3325516 1.33 1.8783045
0.056666667 0.085 0.085 0.085 0.085 0.084999399 -1.4946457 -0.99111578 -0.6267742 -0.58844771 -0.58833333 -0.58833333 -0.58833333 -0.58833333 -0.58833326 -0.33333334 -0.3333334 -0.36145654 -0.74332693 -0.53 -0.53 -0.53 -0.53 -0.53 -0.51756671 0.42397341 0.50666664 0.50666667 0.50666667 0.50666667 0.37166666 0.37166667 0.37166713 0.76 0.76 1.49 1.3765776 1.3733333 1.3083334 1.3083333 1.3083333 1.3083333 1.385 1.385 1.385 1.3832138 1.7290667 1.73 1.73 1.73 1.73 1.3766667 1.3766667
0.43333333 0.085 0.085 0.085 0.085 0.085 0.084999899 -0.9674191 -0.48386526 -0.48333333 -0.48333333 -0.48333333 -0.48333333 -0.48333333 -0.48333333 -0.034268199 -0.3284767 -0.38947598 -0.53002668 -0.53 -0.53 -0.53 -0.53 -0.52999944 0.045 0.045 0.045000649 0.50666667 0.50666667 0.50612601 0.23666667 0.23666667 0.76 0.76 0.76 1.2750839 1.3733333 1.3733333 1.3733333 1.3083333 1.3083333 1.3083333 1.385 1.385 1.385 1.385 1.73 1.73 1.73 1.73 1.73 1.3766667 1.3766667
0.43333333 0.30365279 0.085 0.085 0.085 0.085 -0.27492934 -0.275 -0.27500001 -0.48333333 -0.48333333 -0.48333333 -0.48333333 -0.48333333 -0.38222179 -0.025 -0.025 -0.025 -0.053123089 -0.051667155 -0.051666667 -0.051666667 -0.051666667 -0.051666667 0.045 0.045 0.045 0.045 0.50666667 0.23666667 0.23666667 0.23666667 0.75999995 0.76 0.76 1.17 1.3730641 1.3733333 1.3733333 1.308221 1.0839553 0.56057492 1.385 1.385 0.59245342 0.59 0.59 1.7275074 0.22029424 0.21500013 0.21500029 0.57845408 1.376665
0.43333333 -0.093785377 -0.012835567 0.085 0.085 -0.27478729 -0.275 -0.275 -0.275 -0.27650131 -0.48333333 -0.48333333 -0.48333333 -0.48333328 -0.025 -0.025 -0.025 -0.025 -0.051642846 -0.051666667 -0.051666667 -0.051666667 -0.051666667 -0.051666667 0.044999998 0.045 0.045 0.045 0.045697153 0.23666667 0.23666667 0.23666667 -0.11666666 0.76002054 1.17 1.17 1.17 1.1637677 0.60992889 0.55833333 0.55833333 0.55833333 0.34833333 0.34833333 0.59 0.59 0.59 0.215 0.215 0.215 0.215 0.57833333 0.57833333
-0.10777403 -0.10833333 -0.10833333 -0.10833334 -0.39833333 -0.27500318 -0.275 -0.275 -0.275 -0.275 -0.44005341 -0.48332588 -0.48333332 -0.025 -0.025 -0.025 -0.025 -0.025 -0.044556055 -0.051666667 -0.051666667 -0.051666667 -0.051666667 -0.051666667 -0.28107196 -0.72499583 -0.725 -0.725 -0.725 0.23666665 -0.11666666 -0.11666667 -0.11666667 -0.11666667 1.17 1.169985 0.60166667 0.60166667 0.55887441 0.55833333 0.55833333 0.55833333 0.34833333 0.34833333 0.55258168 0.59 0.59 0.215 0.215 0.215 0.21889588 0.57833333 0.57833333
-0.10833333 -0.10833333 -0.10833333 -0.24489866 -0.39833333 -0.39833333 -0.275 -0.275 -0.275 -0.275 0.088333333 0.088333333 0.088333333 -0.025 -0.025 -0.025 -0.025 -0.024992013 -0.30166667 -0.30166667 -0.051666768 -0.051666667 -0.06209478 -0.48 -0.48220563 -0.725 -0.725 -0.725 -0.725 -0.11672861 -0.11666667 -0.11666667 -0.11666667 -0.11666667 0.60166866 0.60166667 0.60166667 0.60166667 0.60147018 0.55833333 0.55833333 0.55833333 0.34833333 0.34833333 0.34833333 0.59 0.59 0.215 0.215 0.215 0.57833333 0.57833333 0.57833333
-0.10833333 -0.10833333 -0.10833333 -0.39833333 -0.39833333 -0.39833333 -0.39833314 -0.275 -0.275 0.087958269 0.088333333 0.088333333 0.088333333 0.088262722 0.014122083 0.023333333 0.023333333 0.023333332 -0.30166667 -0.30166667 -0.30166667 -0.48 -0.48 -0.48 -0.48003828 -0.66817653 -0.725 -0.725 -0.725 -0.72027011 -0.84159536 -0.84166667 -0.84166667 -0.84166667 0.28142323 -0.16499826 -0.165 -0.165 -0.165 -0.19489692 -0.195 -0.195 0.34833333 0.34833333 0.028334669 0.028333337 0.04 0.04 0.115 0.115 0.115 0.57833333 -0.071085488
-0.10833467 -0.10833333 -0.10833334 -0.39833333 -0.39833333 -0.39833333 -0.39833334 -0.94833314 -0.27769225 0.087768109 0.088333333 0.088333333 0.088333333 0.088205785 0.023333333 0.023333333 0.023333333 0.02333324 -0.30166667 -0.30166667 -0.30166667 -0.48 -0.48 -0.48 -0.61666667 -0.61666667 -0.76666666 -0.76666667 -0.76666667 -0.76707582 -0.84166667 -0.84166667 -0.84166667 -0.84166667 -0.50351923 -0.165 -0.165 -0.165 -0.165 -0.195 -0.195 -0.195 -0.18797308 0.028333333 0.028333333 0.028333333 0.04 0.04 0.115 0.115 0.115 -0.07166666 -0.071666667
-0.54 -0.34933191 -0.78333333 -0.78322164 -0.39833333 -0.94515105 -0.94833333 -0.94833333 -0.89610573 -0.53500001 -0.535 -0.535 -0.535 -0.01001709 -0.0099999999 0.023333308 0.023333333 0.014770061 -0.30166667 -0.30166667 -0.30166667 -0.705 -0.705 -0.705 -0.61666667 -0.61666667 -0.76666667 -0.76666667 -0.76666667 -0.76666674 -0.86499985 -0.86499993 -0.84225311 -0.84169168 -0.86996263 -0.87 -0.87 -0.87 -0.87 -0.195 -0.195 -0.195 0.016035523 0.028333333 0.028333333 0.028333277 0.04 0.04 0.0400027 0.115 0.1149801 -0.33 -0.071666667
-0.46668059 -0.46666672 -0.78333333 -0.78333333 -0.78333333 -0.94833333 -0.94833333 -0.94833333 -0.805 -0.805 -0.535 -0.535 -0.535 -0.01 -0.01 -0.01 -0.01 -0.01003224 -0.30166667 -0.30166667 -0.30166668 -0.705 -0.705 -0.705 -0.61666667 -0.61666667 -0.76666667 -0.76666667 -0.76666667 -0.86389128 -0.865 -0.865 -0.865 -0.865 -0.86999753 -0.87 -0.87 -0.87 -0.87 -0.76166652 -0.76166667 -0.76166667 -0.76166667 0.028330917 -0.28666667 -0.28666667 -0.28666667 -0.15333333 -0.15333333 -0.15333333 -0.33 -0.33 -0.33
-0.46666667 -0.46666667 -0.78333333 -0.78333333 -0.78333333 -0.94746606 -0.94833333 -0.805 -0.805 -0.805 -0.53503324 -0.535 -0.56359937 -0.010000128 -0.01 -0.01 -0.01 -0.42333333 -0.42333333 -0.42333333 -0.43500001 -0.4350002 -0.70499868 -0.705 -0.70508092 -0.88333333 -0.88333333 -0.88333306 -0.76668552 -1.1016195 -1.1016654 -1.1016253 -0.86540449 -0.86520424 -0.86926436 -0.87000022 -0.87191578 -1.4416667 -1.4416667 -0.76166667 -0.76166667 -0.76166667 -0.76166667 -0.28666667 -0.28666667 -0.28666667 -0.28666667 -0.15333333 -0.15333333 -0.15333333 -0.33 -0.33 -0.33
-0.46666667 -0.46666667 -0.78333333 -0.78333333 -0.78333333 -0.78333333 -0.89468785 -0.805 -0.805 -0.805 -0.80487019 -0.57 -0.57 -0.57 -0.013300209 -0.01 -0.42057898 -0.42333333 -0.42333333 -0.42333333 -0.435 -0.435 -0.435 -0.435 -0.88333333 -0.88333333 -0.88333333 -0.88333333 -0.88333333 -1.1016667 -1.1016667 -1.1016667 -1.1016667 -1.1016672 -1.3783333 -1.4416667 -1.4416667 -1.4416667 -1.4416667 -1.4416641 -0.74666667 -0.74666667 -0.74666667 -0.56552012 -0.19 -0.19 -0.19 -0.15333333 -0.15333366 -0.48666667 -0.48666667 -0.29167599 -0.29166667
-0.46666667 -0.46666667 -0.6690389 -0.78333333 -0.78333333 -0.78333334 -1.2874756 -0.8065232 -0.805 -0.805 -0.57000004 -0.57 -0.57 -0.57 -0.57 -0.52407679 -0.42333333 -0.42333333 -0.42333333 -0.42333333 -0.43499991 -0.435 -0.435 -0.435 -0.88333333 -0.88333333 -0.88333333 -0.88333333 -0.88333333 -1.1767939 -1.1016667 -1.1016667 -1.1016667 -1.3783333 -1.3783333 -1.3783825 -1.4416667 -1.4416667 -1.1893543 -0.99333337 -0.74666667 -0.74666667 -0.74666667 -0.56831918 -0.19 -0.19 -0.19 -0.56666667 -0.48766346 -0.48666667 -0.48666667 -0.29166667 -0.29166667
-0.94166667 -0.94166667 -0.94166667 -0.82303185 -0.78352803 -1.2883333 -1.2883333 -1.2883333 -1.2883333 -0.77833334 -0.77833333 -0.57000001 -0.57 -0.57 -0.57 -0.56999071 -0.42333333 -0.42333333 -0.42333333 -0.42333333 -0.42990905 -0.435 -0.435 -0.43037656 -0.28616388 -0.88333333 -0.88333333 -0.88333333 -1.2033333 -1.2033333 -1.2033333 -1.2033329 -1.3783333 -1.3783333 -1.3783333 -1.3783333 -0.99333333 -0.99333333 -0.99333333 -0.99333333 -0.40666667 -0.40666667 -0.40666667 -0.33000154 -0.33 -0.33 -0.32999996 -0.56666667 -0.56666667 -0.48676414 -0.48666667 -0.29166649 -0.29166667
-0.94166667 -0.94166667 -0.94166667 -0.94166496 -0.91 -0.96501588 -1.2883333 -1.2883333 -1.2883333 -0.77833333 -0.77833333 -0.77833333 -0.72666666 -0.72666667 -0.72666667 -0.72666666 -0.42351957 -0.42333333 -0.42333333 -0.42333333 -0.4235006 -0.25833382 -0.25833333 -0.25833333 -0.25833333 -0.25833336 -0.87333333 -0.87333333 -1.2033333 -1.2033333 -1.2033333 -1.2033333 -1.3783332 -1.3783333 -1.3783333 -1.3783192 -0.99333333 -0.99333333 -0.99333333 -0.99225856 -0.40666667 -0.40666667 -0.40666667 -0.33000356 -0.33 -0.33 -0.33 -0.56666667 -0.56666667 -0.56666663 -0.25666667 -0.25666667 -0.225
-0.94166667 -0.94166667 -0.94166667 -0.91000007 -0.91 -0.91 -1.2883332 -1.2883333 -1.2883333 -0.77833333 -0.77833333 -0.77833333 -0.72666667 -0.72666667 -0.72666667 -0.71130782 -0.525 -0.525 -0.52499974 -0.42390757 -0.25833333 -0.25833333 -0.25833333 -0.25833333 -0.25833333 -0.25879615 -0.87333333 -0.87333333 -0.87333333 -1.2033333 -1.2033333 -1.2033752 -1.205 -1.205 -1.205 -0.83833333 -0.83833333 -0.74833333 -0.74833333 -0.74833333 -0.395 -0.40666301 -0.40666641 -0.37166667 -0.37166667 -0.37008755 -0.33000051 -0.56666667 -0.56666667 -0.25666667 -0.25666667 -0.25666667 -0.225
