interpolatedSpi/02-08|21_1.tif
NCOLS 53
NROWS 52
XLLCORNER -116.03883
YLLCORNER 28.596182
DX 0.49850594
DY 0.49788537
NODATA_VALUE -9999
[rows 0 to 35 of 52, columns 0 to 52 of 53]
-0.57625 -0.57625 -0.54046368 -0.7075 -0.7225 -0.78375 -0.6725 -0.6375 -0.68425607 -0.83875 -0.9025 -0.78 -1.1024717 -0.75875 -0.82125 -0.82125 -0.82125 -0.4675 -0.5125 -0.5125 -0.5125 -0.51249746 -0.24875 -0.60875 -0.60875 -0.60875 -0.40374875 -0.40375 -0.40375 -0.155 -0.155 -0.155 -0.155 -0.68999989 -0.69 -0.69 -0.69 -0.69 -0.69 -0.68999998 -0.10381402 -0.097568549 -0.36625 -0.36625 -0.36625 -0.36625 -0.36589066 -0.14625 -0.14625 -0.14625 0.79249805 0.7925 0.7925
-0.57627199 -1.07125 -0.73249989 -0.82832896 -0.99760538 -0.625 -0.63125 -0.96603709 -1.11625 -1.00875 -1.0325 -1.1025 -1.1025 -0.79114163 -0.75875094 -0.82125 -0.4675 -0.4675 -0.51244133 -0.5125 -0.5125 -0.5125 -0.6286205 -0.60875 -0.60875 -0.60875 -0.76749999 -0.7675 -0.155 -0.155 -0.155 -0.155 -0.155 -0.68999992 -0.69 -0.69 -0.69 -0.69 -0.68999999 -0.65201145 -0.44877058 -0.37626085 -0.36625 -0.36625 -0.36625 -0.36625 -0.36625 -0.14625 -0.14625 -0.14625 -0.068407951 0.7925 0.7925
-0.96123297 -0.96125 -0.63875 -0.5975 -0.725 -0.91375 -0.59875 -0.965 -1.0725 -1.035 -1.0075 -1.22375 -0.85625 -1.12875 -0.79125 -1.2325 -0.4675 -0.4675 -0.4675 -0.78367115 -0.78375 -0.78375 -0.98625 -0.60875 -0.60875 -0.60875 -0.7675 -0.7675 -0.7675 -0.155 -0.155 -0.15500002 -0.34635653 -0.6897321 -0.68930191 -0.61568726 -0.615 -0.615 -0.59409013 -0.44875 -0.44875 -0.4486445 -0.36625 -0.36625 -0.36625 -0.36625 -0.36625 -0.14625 -0.14625 -0.14625 -0.14625 0.7925 0.7925
-0.255 -0.96124995 -0.70374234 -0.175 -0.5925 -0.6975 -0.7225 -0.90375 -0.81 -0.9649798 -0.85875 -1.28625 -1.19625 -1.12875 -0.94875 -1.2325 -1.3280136 -1.3281466 -1.2425 -0.78375 -0.78375 -1.32125 -0.98625 -0.98625 -0.60875 -0.60875079 -0.7675 -0.7675 -0.7675 -0.4275 -0.49608472 -0.5525 -0.5525 -0.55250004 -0.615 -0.615 -0.615 -0.615 -0.44875 -0.44875 -0.44875 -0.44875 -0.36625 -0.36625 -0.36625 -0.36625 -0.36625 -0.14625278 -0.14625 -0.14625 -0.14625 0.79245795 0.7925
-0.255 -0.12500106 -0.70375 -0.89583106 -0.5925 -0.6 -1.0424737 -0.87375 -0.865 -0.83500008 -1.139816 -1.284945 -0.90125 -0.94875 -0.94875 -1.1401188 -1.32875 -1.32875 -1.2425 -1.2425 -0.78375102 -1.32125 -1.1075 -0.5 -0.4175 -0.41745741 -0.7675 -0.7675 -0.4275 -0.4275 -0.5525 -0.5525 -0.5525 -0.49969955 -0.615 -0.615 -0.615 -0.44875 -0.44875 -0.44875 -0.44875 -0.44875845 -0.36625 -0.36625 -0.36625 -0.36625 -0.36625 -0.36429173 -0.14625 -0.14626564 -0.495 -0.495 -0.495
-1.11125 -0.49875 -0.31375002 -0.7 -0.99125 -0.74125 -1.03875 -1.0176253 -0.785 -0.6175 -0.54375 -0.41125 -0.41125032 -0.85375 -0.85375 -1.0924704 -1.0925 -0.81625 -0.81625 -1.2424994 -0.825 -0.825 -0.5 -0.4175 -0.4175 -0.235 -0.35 -0.35 -0.092530599 -0.4275 -0.5525 -0.5525 -0.2725 -0.27252194 -0.48248501 -0.65 -0.65 -0.51101128 -0.44875 -0.44875 -0.53614087 -0.53625 -0.53624993 -1.1066942 -1.1199167 -1.1199998 -1.12 -1.1199997 -0.86780899 -0.495 -0.495 -0.495 -0.495
-0.21249926 -0.39875 -0.16604312 -0.31 -0.50125 -1.03125 -0.58 -0.63875 -0.66875 -0.66875 -0.54375 -0.71625 -0.52750002 -0.85375 -0.96999965 -0.97 -1.0925 -0.73125 -0.595 -0.595 -0.82794541 -0.83125 -0.83125 -0.088750005 -0.235 -0.235 -0.35 -0.35 -0.092507795 -0.092643503 -0.26363359 -0.2725 -0.2725 -0.4825 -0.4825 -0.73169601 -0.65 -0.65 -0.54125377 -0.53625001 -0.53625 -0.53625 -0.53625001 -1.1199983 -1.12 -1.12 -1.12 -1.1199999 -0.95625 -0.49509141 -0.495 -0.495 -0.495
-0.2125 0.30875 -0.07125 -0.75 -0.81249642 -0.76375 -0.64125 -0.945 -0.94125 -0.83375 -0.83375 -0.60125 -0.5275 -0.5275 -0.96696404 -0.9404004 -0.9375 -0.44625 -0.70749988 -0.595 -0.37744086 -0.375 -0.33875 0.018749998 0.018748597 -0.09 -0.345 -0.345 -0.22578132 -0.22625 -0.26375 -0.4624589 -0.13125 -0.4825 -0.49351631 -0.8 -0.8 -0.54125 -0.54125 -0.53625 -0.53625 -0.53625 -0.81607039 -0.81875002 -1.12 -1.12 -1.12 -0.95625623 -0.95625 -0.95625 -0.495 -0.495 -0.495
0.13294962 0.30875 0.24 -0.20375 -0.56625 -0.74625 -0.86375 -1.06125 -1.1575 -0.93122708 -0.77 -0.785 -0.785 -0.7175 -0.71749994 -0.65080129 -0.65 -0.65 -0.48613022 -0.18250005 -0.40375 -0.40375 -0.525 -0.41214806 -0.079040871 -0.09 -0.20625 -0.345 -0.2729213 -0.2725 -0.555 -0.18625 -0.28760977 -0.81625 -0.86875 -1.02375 -0.99 -0.68625 -0.83867958 -0.53608261 -0.49875 -0.425 -0.81868996 -0.81875 -0.8204456 -1.12 -1.41375 -0.95625 -0.95625 -0.95625 -0.95625 -0.52114656 -0.46625
-0.85 -0.85 0.255 -0.2975 -0.71875 -0.89625 -0.84875 -0.98625 -0.99 -0.87375556 -1.00625 -0.23125 -0.7175 -0.7175 -0.71125 -0.71040993 -0.65 -0.64999237 -0.60125 -0.1825 -0.1825 -0.21100443 -0.525 -0.34625338 -0.34625 -0.34625 -0.20625 -0.11875 -0.11875 -0.2725 -0.2725 -0.18663169 -0.3875 -0.81625 -0.7025 -1.02375 -0.99 -0.79375 -0.83875 -0.74037072 -0.425 -0.43418348 -0.45 -0.81875 -0.81875 -1.41375 -1.41375 -1.41375 -0.95625 -0.95625 -0.705 -0.705 -0.70499991
-0.85 -0.85 -0.28375 -0.7175 -0.745 -0.47375 -0.6525 -0.76763502 -0.87875 -0.77875 -0.90625 -0.735 -0.23192136 -0.71125 -0.71125 -0.7112549 -0.75375 -0.74574608 -0.60125 -0.7325 -0.7325 -0.425 -0.425 -0.34625 -0.34625 -0.34625 -0.11875 -0.11875 -0.11875 -0.6925 -0.6925 -0.6924995 -0.68625 -0.68625 -0.975 -1.145 -0.76 -1.4249944 -1.0975 -0.73875 -0.73875 -0.44375002 -0.45 -0.81875 -0.9912501 -1.17 -0.71800935 -0.715 -0.7425 -0.7425 -0.705 -0.705 -0.705
-0.85 -0.60559719 -0.4688466 -0.75374739 -0.32 -0.82375 -0.6525 -0.7675 -0.87874907 -0.77985788 -0.73500006 -0.735 -0.565 -0.71125 -0.71125 -0.75375 -0.75375 -0.75374132 -0.60125 -0.7325 -0.67211326 -0.425 -0.425 -0.34625357 -0.34625 -0.36227508 -0.395 -0.395 -0.39499997 -0.6925 -0.6925 -0.68375 -0.68375 -0.68625079 -0.975 -1.025 -0.76180418 -1.425 -1.425 -0.73874999 -0.44375 -0.44375 -0.44375396 -0.99125 -0.99125 -1.17 -0.715 -0.715 -0.7425 -0.7425 -0.705 -0.705 -0.705
-0.98125 -0.59703503 -0.61750323 -0.61848124 -0.32000262 -0.82373811 -0.6525 -0.76608442 -0.87108374 -0.87613873 -0.565 -0.565 -0.565 -0.565 -0.71122928 -0.75375 -0.75375 -0.75178098 -0.60125 -0.73253026 -0.84 -0.84 -0.84 -0.84 -0.35464202 -0.395 -0.395 -0.395 -0.395 -0.39525029 -0.68375 -0.68375 -0.68375 -0.68375 -1.025 -1.025 -1.025 -1.4049506 -1.4222023 -1.0525 -1.0525 -0.44378274 -0.9387518 -0.99124494 -0.99125 -1.17 -0.715 -0.715 -0.7425 -0.7425 -0.70513605 -0.705 -0.47630474
-0.98125 -0.6175 -0.6175 -0.6175 -0.6175 -0.61750008 -0.6529383 -0.70692816 -0.85063084 -0.56533539 -0.565 -0.565 -0.565 -0.565 -0.56500001 -0.75375 -0.75374998 -0.74328954 -0.6012529 -0.84 -0.84 -0.84 -0.84 -0.84 -0.8410791 -0.60517014 -0.67249994 -0.6725 -0.6725 -0.6725 -0.68375 -0.68375 -0.68375017 -0.82125 -0.82125 -1.025 -0.78559779 -0.77875 -1.0524998 -1.0525 -1.0525 -1.0525 -0.93875 -0.93875 -0.93875 -0.94035929 -0.8169276 -0.8175 -0.8175 -0.8175 -0.8175 -0.49250004 -0.4925
-0.9175 -0.6175 -0.6175 -0.6175 -0.6175 -0.6175 -0.6175 -0.6119595 -0.57759177 -0.57625 -0.57625 -0.57625 -0.57625 -0.57625 -0.57625 -0.56647399 -0.7507609 -0.73286763 -0.83997003 -0.84 -0.84 -0.84 -0.84 -0.83999964 -0.89 -0.89 -0.88999969 -0.6725 -0.6725 -0.67254756 -0.69625 -0.69625 -0.82125 -0.82125 -0.82125 -0.78555796 -0.77875 -0.77875 -0.77875 -1.0525 -1.0525 -1.0525 -0.93875 -0.93875 -0.93875 -0.93875 -0.8175 -0.8175 -0.8175 -0.8175 -0.8175 -0.4925 -0.4925
-0.9175 -0.80581341 -0.6175 -0.6175 -0.6175 -0.6175 -0.44253435 -0.4425 -0.4425 -0.57625 -0.57625 -0.57625 -0.57625 -0.57625 -0.57404393 -0.56625 -0.56625 -0.56625 -0.52845158 -0.52750032 -0.5275 -0.5275 -0.5275 -0.5275 -0.89 -0.89 -0.89 -0.89 -0.6725 -0.69625 -0.69625 -0.69625 -0.82124999 -0.82125 -0.82125 -0.605 -0.77851995 -0.77875 -0.77875 -1.0523982 -0.84943788 -0.37577863 -0.93875 -0.93875 -0.51630772 -0.515 -0.515 -0.81646026 -0.1872103 -0.18500006 -0.18500012 0.1898966 -0.49249861
-0.9175 -0.71435645 -0.6636767 -0.6175 -0.6175 -0.4426034 -0.4425 -0.4425 -0.4425 -0.44346384 -0.57625 -0.57625 -0.57625 -0.57625 -0.56625 -0.56625 -0.56625 -0.56625 -0.52753461 -0.5275 -0.5275 -0.5275 -0.5275 -0.5275 -0.88999999 -0.89 -0.89 -0.89 -0.88929526 -0.69625 -0.69625 -0.69625 -0.74125 -0.82122607 -0.605 -0.605 -0.605 -0.60111057 -0.39938489 -0.37375 -0.37375 -0.37375 -0.60125 -0.60125 -0.515 -0.515 -0.515 -0.185 -0.185 -0.185 -0.185 0.19 0.19
-0.70888125 -0.70875 -0.70875 -0.70875 -0.4625 -0.44250052 -0.4425 -0.4425 -0.4425 -0.4425 -0.56451518 -0.57624798 -0.57625 -0.56625 -0.56625 -0.56625 -0.56625 -0.56625 -0.54916611 -0.5275 -0.5275 -0.5275 -0.5275 -0.5275 -0.75727353 -0.85125021 -0.85125 -0.85125 -0.85125 -0.69625 -0.74125 -0.74125 -0.74125 -0.74125 -0.605 -0.60499065 -0.25 -0.25 -0.3722048 -0.37375 -0.37375 -0.37375 -0.60125 -0.60125 -0.52835447 -0.515 -0.515 -0.185 -0.185 -0.185 -0.18097902 0.19 0.19
-0.70875 -0.70875 -0.70875 -0.5927872 -0.4625 -0.4625 -0.4425 -0.4425 -0.4425 -0.4425 -0.42125 -0.42125 -0.42125 -0.56625 -0.56625 -0.56625 -0.56625 -0.56617068 -0.34375 -0.34375 -0.52749993 -0.5275 -0.53154749 -0.69375 -0.6951679 -0.85125 -0.85125 -0.85125 -0.85125 -0.7412612 -0.74125 -0.74125 -0.74125 -0.74125 -0.25000125 -0.25 -0.25 -0.25 -0.25043697 -0.37375 -0.37375 -0.37375 -0.60125 -0.60125 -0.60125 -0.515 -0.515 -0.185 -0.185 -0.185 0.19 0.19 0.19
-0.70875 -0.70875 -0.70875 -0.4625 -0.4625 -0.4625 -0.46249997 -0.4425 -0.4425 -0.42127194 -0.42125 -0.42125 -0.42125 -0.42134033 -0.17772724 -0.08625 -0.08625 -0.086250001 -0.34375 -0.34375 -0.34375 -0.69375 -0.69375 -0.69375 -0.69359033 -0.46965856 -0.85125 -0.85125 -0.85125 -0.48656409 -0.4250311 -0.425 -0.425 -0.425 -0.26268737 -0.27999993 -0.28 -0.28 -0.28 -0.22752001 -0.2275 -0.2275 -0.60125 -0.60125 -0.33250112 -0.33249994 -0.16125 -0.16125 0.0575 0.0575 0.0575 0.19 0.26992847
-0.70874804 -0.70875 -0.70874999 -0.4625 -0.4625 -0.4625 -0.4625 -0.30500004 -0.44195022 -0.42123753 -0.42125 -0.42125 -0.42125 -0.42059264 -0.08625 -0.08625 -0.08625 -0.086250074 -0.34375 -0.34375 -0.34375 -0.69375 -0.69375 -0.69375 -0.12375 -0.12375 -0.28375 -0.28375 -0.28375 -0.28452056 -0.425 -0.425 -0.425 -0.425 -0.35253981 -0.28 -0.28 -0.28 -0.28 -0.2275 -0.2275 -0.2275 -0.2308037 -0.3325 -0.3325 -0.3325 -0.16125 -0.16125 0.0575 0.0575 0.0575 0.26999999 0.27
-0.0775 -0.38009675 -0.7675 -0.76741151 -0.4625 -0.30591129 -0.305 -0.305 -0.34189334 -0.4075 -0.4075 -0.4075 -0.4075 0.21497974 0.215 -0.086249769 -0.08625 -0.093034746 -0.34375 -0.34375 -0.34375 0.0225 0.0225 0.0225 -0.12375 -0.12375 -0.28375 -0.28375 -0.28375 -0.28374988 -0.11625196 -0.11625087 -0.41724003 -0.424669 -0.25519287 -0.255 -0.255 -0.255 -0.255 -0.2275 -0.2275 -0.2275 -0.32671831 -0.3325 -0.3325 -0.33249999 -0.16125 -0.16125 -0.16124213 0.0575 0.057482505 -0.33375 0.27
-0.35244778 -0.35250007 -0.7675 -0.7675 -0.7675 -0.305 -0.305 -0.305 -0.40625 -0.40625 -0.4075 -0.4075 -0.4075 0.215 0.215 0.215 0.215 0.21493685 -0.34375 -0.34375 -0.34374999 0.0225 0.0225 0.0225 -0.12375 -0.12375 -0.28375 -0.28375 -0.28375 -0.11813857 -0.11625 -0.11625 -0.11625 -0.11625 -0.25493154 -0.255 -0.255 -0.255 -0.255 -0.14125002 -0.14125 -0.14125 -0.14125 -0.33249941 -0.255 -0.255 -0.255 -0.41375 -0.41375 -0.41375 -0.33375 -0.33375 -0.33375
-0.3525 -0.3525 -0.7675 -0.7675 -0.7675 -0.30743098 -0.305 -0.40625 -0.40625 -0.40625 -0.40749985 -0.4075 -0.21036866 0.21499991 0.215 0.215 0.215 0.0825 0.0825 0.0825 -0.062499998 -0.062499937 0.022499586 0.0225 0.022298125 -0.24875 -0.24875 -0.24875008 -0.28374434 0.038719111 0.038749175 0.038722939 -0.11598509 -0.11611624 -0.23018688 -0.25499984 -0.25363019 0.15375 0.15375 -0.14125 -0.14125 -0.14125 -0.14125 -0.255 -0.255 -0.255 -0.255 -0.41375 -0.41375 -0.41375 -0.33375 -0.33375 -0.33375
-0.3525 -0.3525 -0.7675 -0.7675 -0.7675 -0.7675 -0.34289492 -0.40625 -0.40625 -0.40625 -0.40611743 -0.16625 -0.16625 -0.16625 0.21275321 0.215 0.083382947 0.0825 0.0825 0.0825 -0.0625 -0.0625 -0.0625 -0.0625 -0.24875 -0.24875 -0.24875 -0.24875 -0.24875 0.03875 0.03875 0.03875 0.03875 0.038750126 0.09875 0.15375 0.15375 0.15375 0.15375 0.15374945 0.0275 0.0275 0.0275 -0.11202035 -0.40125 -0.40125 -0.40125 -0.41375 -0.41374979 -0.19375 -0.19375 -0.13254896 -0.1325
-0.3525 -0.3525 -0.61771414 -0.7675 -0.7675 -0.76749999 -0.27648069 -0.40584031 -0.40625 -0.40625 -0.16624997 -0.16625 -0.16625 -0.16625 -0.16625 -0.13496316 0.0825 0.0825 0.0825 0.0825 -0.062498878 -0.0625 -0.0625 -0.0625 -0.24875 -0.24875 -0.24875 -0.24875 -0.24875 0.039673696 0.03875 0.03875 0.03875 0.09875 0.09875 0.098792709 0.15375 0.15375 0.31062451 0.43249997 0.0275 0.0275 0.0275 -0.10848937 -0.40125 -0.40125 -0.40125 0.3025 -0.18756677 -0.19375 -0.19375 -0.1325 -0.1325
-0.13375 -0.13375 -0.13375 -0.60860145 -0.76665665 -0.27625 -0.27625 -0.27625 -0.27625 -0.018750002 -0.01875 -0.16624999 -0.16625 -0.16625 -0.16625 -0.16623423 0.0825 0.0825 0.0825 0.0825 0.00077329637 -0.0625 -0.0625 -0.058345446 0.08088754 -0.24875 -0.24875 -0.24875 0.04 0.04 0.04 0.039999995 0.09875 0.09875 0.09875 0.09875 0.4325 0.4325 0.4325 0.4325 0.13875 0.13875 0.13875 0.09500088 0.095 0.095 0.094999843 0.3025 0.3025 -0.19314535 -0.19375 -0.13249703 -0.1325
-0.13375 -0.13375 -0.13375 -0.13375316 -0.1925 -0.20467863 -0.27625 -0.27625 -0.27625 -0.01875 -0.01875 -0.01875 0.07249999 0.0725 0.0725 0.072499988 0.081824515 0.0825 0.0825 0.0825 0.080309951 0.096249564 0.09625 0.09625 0.09625 0.096249995 0.021249998 0.02125 0.04 0.04 0.04 0.04 0.098750223 0.09875 0.09875 0.098775148 0.43249999 0.4325 0.4325 0.43129911 0.13875 0.13875 0.13875 0.095002029 0.095 0.095 0.095 0.3025 0.3025 0.30250002 0.45625 0.45625 0.4425
-0.13375 -0.13375 -0.13375 -0.19249986 -0.1925 -0.1925 -0.27624997 -0.27625 -0.27625 -0.01875 -0.01875 -0.01875 0.0725 0.0725 0.0725 0.045177761 -0.28625 -0.28625 -0.28624905 0.080417204 0.09625 0.09625 0.09625 0.09625 0.09625 0.096193559 0.02125 0.02125 0.02125 0.04 0.04 0.039839085 0.4075 0.4075 0.4075 -0.235 -0.235 0.15875 0.15875 0.15875 0.06875 0.13872804 0.1387508 0.24625 0.24625 0.2405178 0.095000751 0.3025 0.3025 0.45625 0.45625 0.45625 0.4425
-0.13375 -0.13375 -0.13375 -0.1925 -0.1925 -0.1925 -0.1925 -0.27625 -0.27625 -0.01875 -0.01875 0.068851316 0.0725 0.0725 0.0725 -0.28625 -0.28625 -0.28625 -0.28625 -0.28625 0.09625 0.09625 0.09625 0.09625 0.09625 0.021250256 0.02125 0.02125 0.02125 -0.21 -0.21 -0.21 0.4075 0.4075 0.4075 -0.235 -0.235 0.15875 0.15875 0.06875 0.06875 0.06875 0.24625 0.24625 0.24625 0.24625 0.2611392 0.4275 0.4275 0.4275 0.45625 0.545 0.545
-0.13375 -0.13375 -0.13383181 -0.1925 -0.1925 -0.1925 -0.1925 -0.12823921 -0.125 -0.12481758 -0.018750001 0.072490996 0.0725 0.0725 0.072498759 -0.28625 -0.28625 -0.28625 -0.28625 -0.28625 0.093826095 0.09625 0.09625 0.09625 0.096272914 0.021260479 0.02125 0.02125 0.02125 -0.21 -0.21 -0.21 -0.20991033 0.4075 -0.235 -0.235 -0.235 -0.23498362 0.15874386 0.06875 0.06875 0.06875 0.24623922 0.24625 0.24625 0.24625 0.42750051 0.4275 0.4275 0.4275 0.545 0.545 0.545
-0.29375 -0.29374972 -0.19247268 -0.1925 -0.1925 -0.1925 -0.12501436 -0.125 -0.125 -0.125 -0.035000002 -0.035 -0.035 -0.035 -0.28509037 -0.28625 -0.28625 -0.28625 -0.28625 0.093749774 0.09375 0.09375 0.20749998 0.2075 0.2075 0.2075 0.19142423 0.02125 -0.14499319 -0.145 -0.145 -0.145 -0.145 0.0125 0.0125 0.0125 0.0125 0.0125 0.37375 0.37375 0.37375 0.37375 0.37375 0.47964764 0.48 0.48 0.48 0.4275 0.4275 0.4275 0.54498149 0.545 0.545
-0.29375 -0.29375 -0.29160452 -0.037500312 -0.037500034 -0.037585408 -0.125 -0.125 -0.125 -0.125 -0.035 -0.035 -0.035 -0.035 -0.035 -0.28625 -0.28625 -0.28625 0.093749905 0.09375 0.09375 0.09375 0.2075 0.2075 0.2075 0.2075 0.2075 0.20746023 -0.14505744 -0.145 -0.145 -0.145 -0.14502308 -0.049150551 0.012436163 0.0125 0.0125 0.012499998 0.37375 0.37375 0.37375 0.37375 0.37375 0.48 0.48 0.48 0.48 0.45544997 0.4275 0.18152529 0.17875 0.14125 0.14125
-0.29375 -0.29375 -0.037532459 -0.0375 -0.0375 -0.0375 -0.059724631 -0.125 -0.125 -0.125 -0.035 -0.035 -0.035 -0.035 -0.035 -0.28605806 -0.28625 0.093638587 0.09375 0.09375 0.09375 0.09375 0.16536058 0.2075 0.2075 0.2075 0.2075 0.20714495 -0.29375 -0.29375 -0.29375 -0.29375 -0.29375 -0.09625 -0.09625 -0.09625 -0.09625 -0.09625 0.3375 0.3375 0.3375 0.3375 0.3375 0.47986876 0.47999997 0.48 0.47999089 0.47886032 0.17875 0.17875 0.17875 0.14125021 0.14125
-0.2937499 -0.24227354 -0.037500028 -0.0375 -0.0375 -0.0375 -0.0375 -0.12496274 -0.125 -0.125 -0.035 -0.035 -0.035 -0.035 -0.18411277 -0.1875 -0.1875 0.093742762 0.09375 0.09375 0.09375 0.09375 0.093749983 0.2075 0.2075 0.2075 0.2075 -0.42624986 -0.42624994 -0.39805078 -0.29375 -0.29375 -0.29375 -0.096249999 -0.09625 -0.09625 -0.09625 -0.096172959 0.3375 0.3375 0.3375 0.3375 0.33749301 0.42625 0.42625 0.42625 0.42625 0.42623004 0.17875 0.17875 0.17875 0.17875007 0.28780929
-0.24125 -0.24125 -0.19600381 -0.0375 -0.0375 -0.0375 -0.0375 -0.0375 -0.12496254 -0.063750001 -0.06375 -0.06375 -0.06368177 -0.18749978 -0.1875 -0.1875 -0.1875 -0.1875 0.093748786 0.083364535 -0.0075 -0.0075 -0.0075 0.046442185 0.19349363 0.11854823 0.055046917 -0.42625 -0.42625 -0.42625 -0.42625 -0.42625 -0.41356924 0.020123466 0.0175 0.0175 0.0175 0.0175 0.32035834 0.24625016 0.24625 0.24625 0.24625 0.22500059 0.42624995 0.42625 0.42625 0.19125 0.1787502 0.17875 0.17875 0.29 0.29
