interpolatedSpi/02-09|22_3.tif
NCOLS 53
NROWS 52
XLLCORNER -116.03883
YLLCORNER 28.596182
DX 0.49850594
DY 0.49788537
NODATA_VALUE -9999
[rows 0 to 33 of 52, columns 0 to 52 of 53]
0.15125 0.15125 -0.19359722 -0.43125 0.22375 0.11625 0.10375 0.05 -0.27812383 -0.1675 -0.21 0.31625 0.16377234 0.435 0.44125 0.44125 0.44125 0.65125 0.53375 0.53375 0.53375 0.53374337 -0.155 0.25625 0.25625 0.25625 0.20624771 0.20625 0.20625 -0.125 -0.125 -0.125 -0.125 0.033749968 0.03375 0.03375 0.03375 0.03375 0.03375 0.033750009 0.35281427 0.35611333 -0.18125 -0.18125 -0.18125 -0.18125 -0.18166446 -0.435 -0.435 -0.435 0.55624794 0.55625 0.55625
0.15121129 -0.72 -0.30874974 -0.16600896 0.011342294 0.2175 0.04375 0.28583614 0.015 -0.04625 0.17875 0.16375 0.16375 0.59322065 0.43500197 0.44125 0.65125 0.65125 0.5339032 0.53375 0.53375 0.53375 0.25394713 0.25625 0.25625 0.25625 0.30875 0.30875 -0.125 -0.125 -0.125 -0.125 -0.125 0.033749977 0.03375 0.03375 0.03375 0.03375 0.03375006 0.25045782 1.3686611 0.0068298407 -0.18125 -0.18125 -0.18125 -0.18125 -0.18125 -0.435 -0.435 -0.435 -0.3528046 0.55625 0.55625
0.12499932 0.125 -0.08125 0.40625 -0.12625 -0.36625 -0.04875 0.19875 -0.42125 0.34375 0.22625 0.00625 -0.02375 0.745 0.59375 0.03 0.65125 0.65125 0.65125 0.35255269 0.3525 0.3525 0.2125 0.25625 0.25625 0.25625 0.30875 0.30875 0.30875 -0.125 -0.125 -0.12499998 0.12292103 0.03568713 0.041347544 0.84252032 0.85 0.85 0.91524508 1.36875 1.36875 1.3667679 -0.18125 -0.18125 -0.18125 -0.18125 -0.18125 -0.435 -0.435 -0.435 -0.435 0.55625 0.55625
-0.32375 0.12499999 0.068712469 1.23 -0.3325 0.14875 0.09375 -0.31375 0.21125 0.39458755 0.2725 0.2375 0.25 0.745 -0.26375 0.03 -0.74031095 -0.74527083 -0.8875 0.3525 0.3525 -0.49125 0.2125 0.2125 0.25625 0.25625026 0.30875 0.30875 0.30875 -0.21875 0.11525757 0.39 0.39 0.39000036 0.85 0.85 0.85 0.85 1.36875 1.36875 1.36875 1.3687499 -0.18125 -0.18125 -0.18125 -0.18125 -0.18125 -0.4349968 -0.435 -0.435 -0.435 0.55624849 0.55625
-0.32375 0.56999908 0.06875 0.11994196 -0.3325 -0.26125 -0.051244335 0.5075 -0.02875 0.86624961 0.55190535 0.40494199 6.9308661e-31 -0.26375 -0.26375 -0.079398318 -0.74625 -0.74625 -0.8875 -0.8875 0.3524983 -0.49125 0.4 0.26875 0.1975 0.19763567 0.30875 0.30875 -0.21875 -0.21875 0.39 0.39 0.39 0.41168607 0.85 0.85 0.85 1.36875 1.36875 1.36875 1.36875 1.3687364 -0.18124998 -0.18125 -0.18125 -0.18125 -0.18125 -0.18350869 -0.435 -0.43495763 0.51 0.51 0.51
-1.95 -0.17375 0.1125 0.14125 -0.56125 -0.18625 -0.1375 -0.054921527 0.145 -0.41625 -0.91375 -0.0625 -0.062499959 -0.13125 -0.13125 -0.35247948 -0.3525 -0.37625 -0.37625 -0.8874992 -0.62 -0.62 0.26875 0.1975 0.1975 0.7775 0.44 0.44 0.77490895 -0.21875 0.39 0.39 0.505 0.50506726 1.1487039 1.29375 1.29375 1.345547 1.36875 1.36875 1.2276762 1.2275 1.2275023 0.37254827 0.38243769 0.38249985 0.38249998 0.38249979 0.63197142 0.51 0.51 0.51 0.51
-1.321256 -0.715 -0.47996491 -0.40125 -0.34 -0.7925 -0.27375 -0.2625 -0.16 -0.16 -0.91375 -0.14125 -0.80624984 -0.13125 -0.26749959 -0.2675 -0.3525 -0.12875 0.015 0.015 -0.62 -0.62 -0.62 0.61499999 0.7775 0.7775 0.44 0.44 0.77496452 0.77434686 1.1008588 0.505 0.505 1.14875 1.14875 1.3706804 1.29375 1.29375 1.7074857 1.2275007 1.2275 1.2275 1.2275129 0.38250513 0.3825 0.3825 0.3825 0.38250018 0.69 0.51003567 0.51 0.51 0.51
-1.32125 -0.22375 -0.0775 -1.1575 -0.86876655 -0.715 -0.605 -0.25625 -0.48125 -0.2675 -0.2675 -0.215 -0.80625 -0.80625 -0.27119632 -0.66140239 -0.7 0.07375 -0.54749942 0.015 0.28154095 0.39 -0.64625 0.41 0.40999523 0.04 0.36125 0.36125003 0.16838314 0.16625002 1.10375 0.30182246 0.66625 1.14875 1.154989 1.435 1.435 1.7075 1.7075 1.2275 1.2275 1.2275 1.3045425 1.3025 0.3825 0.3825 0.3825 0.6899883 0.69 0.69 0.51 0.51 0.51
-0.37489661 -0.22375 0.15125 -0.38125 -0.61875 -0.77125 -0.2825 -0.0775 0.02 -0.051769385 -0.26625 -0.31625 -0.31625 0.25875 0.25874205 -0.88573091 -0.88625 -0.88625 -0.021084769 -0.64500005 -0.8875 -0.88749999 0.9375 -0.02212016 0.077286231 0.04 0.5325 0.36125 1.0459977 1.05 0.2 1.4825 1.053763 0.77375 1.3675 1.3325 1.845 0.83875 1.9769742 1.2318968 2.2125 1.63875 1.3025458 1.3025 1.2973217 0.3825 0.90624997 0.69 0.69 0.69 0.69 0.55046492 0.395
-1.22 -1.22 0.16 -0.31625 -0.64625 -0.64875 -0.52625 -0.6975 -0.33125 -0.070082127 -0.135 0.74 0.25875 0.25875 -0.58625 -0.59036464 -0.88625 -0.88617633 -0.565 -0.645 -0.645 -0.67624214 0.9375 0.73125391 0.73125 0.73125 0.5325 0.91625 0.91625 1.05 1.05 1.4808855 0.63125 0.77375 1.08125 1.3325 1.845 1.55125 1.9775 1.1043837 1.63875 1.6185463 1.58375 1.3025 1.3025 0.90625 0.90625 0.90625 0.69 0.69 0.835 0.835 0.83499984
-1.22 -1.22 -0.435 -0.785 -0.92125 -0.46375 -0.89499999 -0.057799908 -0.06375 -0.29625 -0.36875 -0.61375 0.73819705 -0.58625 -0.58625 -0.58624481 -0.54125 -0.54249651 -0.565 -0.545 -0.545 -0.74 -0.74 0.73125 0.73125 0.73125 0.91625 0.91625 0.91625 0.045 0.045 0.045000967 0.85 0.85 0.69 0.4 1.67 1.1587515 1.42125 1.09 1.09 0.80375256 1.58375 1.3025 1.0887498 0.8 1.2970596 1.29875 1.40875 1.40875 0.835 0.835 0.835
-1.22 -0.88110438 -0.58435748 -0.78249188 -0.1125 -0.76375 -0.895 -0.0575 -0.063749948 -0.29367418 -0.61374959 -0.61375 -0.4875 -0.58625 -0.58625 -0.54125 -0.54125 -0.54125135 -0.565 -0.545 -0.58329403 -0.74 -0.74 0.73119113 0.73125 0.58538069 0.2875 0.2875 0.28750008 0.045 0.045 0.0275 0.0275 0.84999956 0.69 1.0275 1.6166819 1.15875 1.15875 1.09 0.80375 0.80375 0.80375218 1.08875 1.08875 0.8 1.29875 1.29875 1.40875 1.40875 0.835 0.835 0.835
0.1925 0.037436842 0.082468094 0.076240609 -0.1125035 -0.76373462 -0.895 -0.067809141 -0.063319311 -0.069821194 -0.4875 -0.4875 -0.4875 -0.4875 -0.58623601 -0.54125 -0.54125 -0.54155665 -0.565 -0.54494734 -0.3625 -0.3625 -0.3625 -0.3625 0.71237603 0.2875 0.2875 0.2875 0.2875 0.28732605 0.0275 0.0275 0.0275 0.0275 1.0275 1.0275 1.0275 1.1526301 1.1550041 0.66 0.66 0.80374227 0.80500971 1.0887227 1.08875 0.8 1.29875 1.29875 1.40875 1.40875 0.8370815 0.835 1.0649705
0.1925 0.0825 0.0825 0.0825 0.0825 0.082499648 -0.89466391 -0.49872696 -0.062170325 -0.48704941 -0.4875 -0.4875 -0.4875 -0.4875 -0.48749982 -0.54125 -0.54125 -0.54287909 -0.56499901 -0.3625 -0.3625 -0.3625 -0.3625 -0.3625 -0.3521214 0.2022887 0.17000002 0.17 0.17 0.17 0.0275 0.0275 0.027500108 0.1175 0.1175 1.0275 0.65077571 0.64 0.65999999 0.66 0.66 0.66 0.805 0.805 0.805 0.8049652 1.209232 1.20875 1.20875 1.20875 1.20875 1.05625 1.05625
0.4625 0.0825 0.0825 0.0825 0.0825 0.0825 0.082499938 -0.59010163 -0.23535798 -0.23625 -0.23625 -0.23625 -0.23625 -0.23625 -0.23625 0.1090712 -0.53081791 -0.54450203 -0.36252545 -0.3625 -0.3625 -0.3625 -0.3625 -0.3624994 0.1175 0.1175 0.11750007 0.17 0.17 0.16964957 -0.005 -0.005 0.1175 0.1175 0.1175 0.55630114 0.64 0.64 0.64 0.66 0.66 0.66 0.805 0.805 0.805 0.805 1.20875 1.20875 1.20875 1.20875 1.20875 1.05625 1.05625
0.4625 0.32103032 0.0825 0.0825 0.0825 0.0825 -0.32117076 -0.32125 -0.32125 -0.23625 -0.23625 -0.23625 -0.23625 -0.23625 -0.15848603 0.11625 0.11625 0.11625 0.15342422 0.15499947 0.155 0.155 0.155 0.155 0.1175 0.1175 0.1175 0.1175 0.17 -0.005 -0.005 -0.005 0.11749999 0.1175 0.1175 0.5325 0.63985767 0.64 0.64 0.65990077 0.46179941 -0.00051993302 0.805 0.805 0.1059141 0.10375 0.10375 1.2064115 -0.20753337 -0.21249988 -0.21249973 0.14388803 1.0562481
0.4625 -0.09705692 -0.016178977 0.0825 0.0825 -0.32101145 -0.32125 -0.32125 -0.32125 -0.32063747 -0.23625 -0.23625 -0.23625 -0.23624996 0.11625 0.11625 0.11625 0.11625 0.15496539 0.155 0.155 0.155 0.155 0.155 0.1175 0.1175 0.1175 0.1175 0.11705442 -0.005 -0.005 -0.005 -0.0099999999 0.11753914 0.5325 0.5325 0.5325 0.52908656 0.038181052 -0.0025 -0.0025 -0.0025 -0.15375 -0.15375 0.10375 0.10375 0.10375 -0.2125 -0.2125 -0.2125 -0.2125 0.14375 0.14375
-0.11201401 -0.1125 -0.1125 -0.1125 -0.49625 -0.32125451 -0.32125 -0.32125 -0.32125 -0.32125 -0.19120366 -0.23624225 -0.23624998 0.11625 0.11625 0.11625 0.11625 0.11625 0.10255876 0.155 0.155 0.155 0.155 0.155 -0.15776121 -0.63374593 -0.63375 -0.63375 -0.63375 -0.0050000003 -0.0099999999 -0.01 -0.01 -0.01 0.5325 0.5324918 0.22125 0.22125 0.00029385209 -0.0025 -0.0025 -0.0025 -0.15375 -0.15375 0.063880134 0.10375 0.10375 -0.2125 -0.2125 -0.2125 -0.20868007 0.14375 0.14375
-0.1125 -0.1125 -0.1125 -0.2932136 -0.49625 -0.49625 -0.32125 -0.32125 -0.32125 -0.32125 0.35875 0.35875 0.35875 0.11625 0.11625 0.11625 0.11625 0.11623864 -0.14875 -0.14875 0.15499988 0.155 0.14450088 -0.27625 -0.27946842 -0.63375 -0.63375 -0.63375 -0.63375 -0.010063513 -0.01 -0.01 -0.01 -0.01 0.22125109 0.22125 0.22125 0.22125 0.2204384 -0.0025 -0.0025 -0.0025000001 -0.15375 -0.15375 -0.15375 0.10375 0.10375 -0.21249999 -0.2125 -0.2125 0.14375 0.14375 0.14375
-0.1125 -0.1125 -0.1125 -0.49625 -0.49625 -0.49625 -0.49624973 -0.32125 -0.32125 0.35804804 0.35875 0.35875 0.35875 0.35859891 0.060602209 0.0475 0.0475 0.047499999 -0.14875 -0.14875 -0.14875 -0.27625 -0.27625 -0.27625 -0.27629832 -0.536713 -0.63375 -0.63375 -0.63375 -0.42183473 -0.49870193 -0.49875 -0.49875 -0.49875 0.042272147 -0.20749903 -0.2075 -0.2075 -0.2075 -0.55242474 -0.5525 -0.5525 -0.15375 -0.15375 -0.23874965 -0.2387499 0.05625 0.05625 -0.0975 -0.0975 -0.0975 0.14375 0.15748771
-0.1125009 -0.1125 -0.11250001 -0.49625 -0.49625 -0.49625 -0.49625 -0.76874987 -0.32303928 0.35811072 0.35875 0.35875 0.35875 0.35813924 0.0475 0.0475 0.0475 0.047499944 -0.14875 -0.14875 -0.14875 -0.27625 -0.27625 -0.27625 -0.44875 -0.44875 -0.55625 -0.55625 -0.55625 -0.55593632 -0.49875 -0.49875 -0.49875 -0.49875 -0.35320509 -0.2075 -0.2075 -0.2075 -0.2075 -0.5525 -0.5525 -0.5525 -0.54262822 -0.23875 -0.23875 -0.23875 0.05625 0.05625 -0.0975 -0.0975 -0.0975 0.15749999 0.1575
-0.4025 -0.27786505 -0.62375 -0.62371301 -0.49625 -0.76717332 -0.76875 -0.76875 -0.72866835 -0.34625001 -0.34625 -0.34625 -0.34625 0.043737304 0.04375 0.047499997 0.0475 0.042329101 -0.14875 -0.14875 -0.14875 -0.60375 -0.60375 -0.60375 -0.44875 -0.44875 -0.55625 -0.55625 -0.55625 -0.55625018 -0.80374806 -0.80374914 -0.50641572 -0.49907698 -0.94698398 -0.9475 -0.9475 -0.9475 -0.9475 -0.5525 -0.5525 -0.5525 -0.25602625 -0.23875 -0.23875 -0.23875002 0.05625 0.05625 0.056244465 -0.0975 -0.097497261 -0.03625 0.1575
-0.50748006 -0.50750002 -0.62375 -0.62375 -0.62375 -0.76875 -0.76875 -0.76875 -0.65875 -0.65875 -0.34625 -0.34625 -0.34625 0.04375 0.04375 0.04375 0.04375 0.043728652 -0.14875 -0.14875 -0.14875002 -0.60375 -0.60375 -0.60375 -0.44875 -0.44875 -0.55625 -0.55625 -0.55625 -0.80095942 -0.80375 -0.80375 -0.80375 -0.80375 -0.94742907 -0.9475 -0.9475 -0.9475 -0.9475 -0.84374992 -0.84375 -0.84375 -0.84375 -0.23875101 -0.37 -0.37 -0.37 0.02875 0.02875 0.02875 -0.03625 -0.03625 -0.03625
-0.5075 -0.5075 -0.62375 -0.62375 -0.62375 -0.76798785 -0.76875 -0.65875 -0.65875 -0.65875 -0.34628847 -0.34625 -0.40549154 0.043749894 0.04375 0.04375 0.04375 -0.31375 -0.31375 -0.31375 -0.6175 -0.61749999 -0.60375007 -0.60375 -0.60388582 -0.90625 -0.90625 -0.90624917 -0.55630656 -1.1211867 -1.1212483 -1.1211946 -0.80429264 -0.804024 -0.92210421 -0.94750019 -0.94918818 -1.45125 -1.45125 -0.84375 -0.84375 -0.84375 -0.84375 -0.37 -0.37 -0.37 -0.37 0.02875 0.02875 0.02875 -0.03625 -0.03625 -0.03625
-0.5075 -0.5075 -0.62375 -0.62375 -0.62375 -0.62375 -0.72758021 -0.65875 -0.65875 -0.65875 -0.65861743 -0.41875 -0.41875 -0.41875 0.041024381 0.04375 -0.31136771 -0.31375 -0.31375 -0.31375 -0.6175 -0.6175 -0.6175 -0.6175 -0.90625 -0.90625 -0.90625 -0.90625 -0.90625 -1.12125 -1.12125 -1.12125 -1.12125 -1.1212501 -1.1625 -1.45125 -1.45125 -1.45125 -1.45125 -1.4512476 -0.77625 -0.77625 -0.77625 -0.62940719 -0.325 -0.325 -0.325 0.02874999 0.028749646 -0.33625 -0.33625 0.082471111 0.0825
-0.5075 -0.5075 -0.58179191 -0.62375 -0.62375 -0.62375 -0.84591728 -0.6593409 -0.65875 -0.65875 -0.41875001 -0.41875 -0.41875 -0.41875 -0.41875 -0.38082474 -0.31375 -0.31375 -0.31375 -0.31375 -0.61749765 -0.6175 -0.6175 -0.6175 -0.90625 -0.90625 -0.90625 -0.90625 -0.90625 -1.239483 -1.12125 -1.12125 -1.12125 -1.1625 -1.1625 -1.1627242 -1.45125 -1.45125 -1.1874476 -0.98250004 -0.77625 -0.77625 -0.77625 -0.63249135 -0.325 -0.325 -0.325 -0.80375 -0.342075 -0.33625 -0.33625 0.0825 0.0825
-0.69125 -0.69125 -0.69125 -0.64067411 -0.62382014 -0.84625 -0.84625 -0.84625 -0.84625 -0.47 -0.47 -0.41875 -0.41875 -0.41875 -0.41875 -0.41874335 -0.31375 -0.31375 -0.31375 -0.31375 -0.48495335 -0.6175 -0.6175 -0.60853663 -0.30310885 -0.90625 -0.90625 -0.90625 -1.28125 -1.28125 -1.28125 -1.2812493 -1.1625 -1.1625 -1.1625 -1.1625 -0.9825 -0.9825 -0.9825 -0.9825 -0.62125 -0.62125 -0.62125 -0.66874904 -0.66875 -0.66875 -0.66874989 -0.80375 -0.80375 -0.33681962 -0.33625 0.082498758 0.0825
-0.69125 -0.69125 -0.69125 -0.69124879 -0.66875 -0.69456142 -0.84625 -0.84625 -0.84625 -0.47 -0.47 -0.47 -0.56624999 -0.56625 -0.56625 -0.56624999 -0.31351644 -0.31375 -0.31375 -0.31375 -0.31833723 -0.27500094 -0.275 -0.275 -0.275 -0.27500002 -0.6275 -0.6275 -1.28125 -1.28125 -1.28125 -1.28125 -1.1624999 -1.1625 -1.1625 -1.1624869 -0.98249999 -0.9825 -0.9825 -0.98105235 -0.62125 -0.62125 -0.62125 -0.6687478 -0.66875 -0.66875 -0.66875 -0.80375 -0.80375 -0.80374991 -0.16375 -0.16375 -0.1375
-0.69125 -0.69125 -0.69125 -0.66875005 -0.66875 -0.66875 -0.84624993 -0.84625 -0.84625 -0.47 -0.47 -0.47 -0.56625 -0.56625 -0.56625 -0.53730937 -0.18625 -0.18625 -0.18625033 -0.31302985 -0.275 -0.275 -0.275 -0.275 -0.275 -0.27526527 -0.6275 -0.6275 -0.6275 -1.28125 -1.28125 -1.2811325 -1.00125 -1.00125 -1.00125 -0.55875 -0.55875 -0.6525 -0.6525 -0.6525 -0.25125 -0.62113394 -0.62124807 -0.3625 -0.3625 -0.37410653 -0.66874942 -0.80375 -0.80375 -0.16375 -0.16375 -0.16375 -0.1375
-0.69125 -0.69125 -0.69125 -0.66875 -0.66875 -0.66875 -0.66875 -0.84625 -0.84625 -0.47 -0.47 -0.56240139 -0.56625 -0.56625 -0.56625 -0.18625 -0.18625 -0.18625 -0.18625 -0.18625 -0.275 -0.275 -0.275 -0.275 -0.275 -0.6274988 -0.6275 -0.6275 -0.6275 -1.09875 -1.09875 -1.09875 -1.00125 -1.00125 -1.00125 -0.55875 -0.55875 -0.6525 -0.6525 -0.25125 -0.25125 -0.25125 -0.3625 -0.3625 -0.3625 -0.3625 -0.31896191 0.1675 0.1675 0.1675 -0.16374999 0.50125 0.50125
-0.69125 -0.69125 -0.69121867 -0.66875 -0.66875 -0.66875 -0.66875 -0.76990125 -0.775 -0.77447636 -0.47 -0.56624634 -0.56625 -0.56625 -0.56624869 -0.18625 -0.18625 -0.18625 -0.18625 -0.18625 0.4298603 -0.275 -0.275 -0.275 -0.27492662 -0.62746012 -0.6275 -0.6275 -0.6275 -1.09875 -1.09875 -1.09875 -1.0987356 -1.00125 -0.55875 -0.55875 -0.55875 -0.55875381 -0.65247264 -0.25125 -0.25125 -0.25125 -0.36249325 -0.3625 -0.3625 -0.3625 0.16749949 0.1675 0.1675 0.1675 0.50125 0.50125 0.50125
-0.6775 -0.67750002 -0.66876214 -0.66875 -0.66875 -0.66875 -0.77497739 -0.775 -0.775 -0.775 -0.52250001 -0.5225 -0.5225 -0.5225 -0.18780193 -0.18625 -0.18625 -0.18625 -0.18625 0.45999962 0.46 0.46 0.081249941 0.08125 0.08125 0.08125 0.020075759 -0.6275 -1.0599823 -1.06 -1.06 -1.06 -1.06 -0.48875 -0.48875 -0.48875 -0.48875 -0.48875 -0.09625 -0.09625 -0.09625 -0.09625 -0.096250001 0.12052078 0.12125 0.12125 0.12125 0.1675 0.1675 0.1675 0.50119742 0.50125 0.50125
-0.6775 -0.6775 -0.67600342 -0.49875034 -0.49875004 -0.49901941 -0.775 -0.775 -0.775 -0.775 -0.5225 -0.5225 -0.5225 -0.5225 -0.5225 -0.18625 -0.18625 -0.18625 0.45999984 0.46 0.46 0.46 0.081250001 0.08125 0.08125 0.08125 0.08125 0.081098887 -1.0599619 -1.06 -1.06 -1.06 -1.0599847 -0.56811623 -0.48883218 -0.48875 -0.48875 -0.48875 -0.09625 -0.09625 -0.09625 -0.09625 -0.096250001 0.12125 0.12125 0.12125 0.12125 0.1428774 0.1675 0.51483113 0.51875 0.3325 0.3325
-0.6775 -0.6775 -0.49877264 -0.49875 -0.49875 -0.49875 -0.56891633 -0.775 -0.775 -0.775 -0.5225 -0.5225 -0.5225 -0.5225 -0.5225 -0.18650175 -0.18625 0.45981052 0.46 0.46 0.46 0.46 0.22156039 0.08125 0.08125 0.08125 0.08125 0.080511742 -0.96125 -0.96125 -0.96125 -0.96125 -0.96125 -0.62875 -0.62875 -0.62875 -0.62875 -0.62875 -0.36 -0.36 -0.36 -0.36 -0.36 0.12164067 0.12125008 0.12125 0.12127712 0.12457065 0.51875 0.51875 0.51875 0.33250104 0.3325
