interpolatedSpi/02-05|21_1.tif
NCOLS 53
NROWS 52
XLLCORNER -116.03883
YLLCORNER 28.596182
DX 0.49850594
DY 0.49788537
NODATA_VALUE -9999
[rows 0 to 37 of 52, columns 0 to 52 of 53]
-0.27 -0.27 -0.1764124 -0.545 -0.39 -0.5175 -0.685 -0.5825 -0.66238771 -0.98 -1.055 -1.005 -1.182452 -0.6 -0.625 -0.625 -0.625 -0.85 -0.5325 -0.5325 -0.5325 -0.53249923 -0.4525 -0.4225 -0.4225 -0.4225 -0.25000597 -0.25 -0.25 -0.545 -0.545 -0.545 -0.545 -0.80749995 -0.8075 -0.8075 -0.8075 -0.8075 -0.8075 -0.80749997 0.12495625 0.13479556 -0.6675 -0.6675 -0.6675 -0.6675 -0.66635258 0.035 0.035 0.035 1.1274977 1.1275 1.1275
-0.2700281 -0.9025 -0.58249975 -0.65547435 -0.50513637 -0.4875 -0.3125 -0.76002871 -0.805 -1.02 -0.9875 -1.1825 -1.1825 -0.88155801 -0.60000363 -0.625 -0.85 -0.85 -0.53291398 -0.5325 -0.5325 -0.5325 -0.43368538 -0.4225 -0.4225 -0.4225 -0.4875 -0.4875 -0.545 -0.545 -0.545 -0.545 -0.545 -0.80749996 -0.8075 -0.8075 -0.8075 -0.8075 -0.80749998 -0.73366913 -0.35502869 -0.62958072 -0.6675 -0.6675 -0.6675 -0.6675 -0.6675 0.035 0.035 0.035 0.12559115 1.1275 1.1275
-0.66748702 -0.6675 -0.3675 -0.1375 -0.5475 -0.805 -0.335 -0.79 -0.915 -0.9825 -0.865 -1.205 -0.7725 -1.25 -0.8825 -1.25 -0.85 -0.85 -0.85 -0.89989317 -0.9 -0.9 -0.635 -0.4225 -0.4225 -0.4225 -0.4875 -0.4875 -0.4875 -0.545 -0.545 -0.545 -0.58712251 -0.8067501 -0.80470764 -0.51024904 -0.5075 -0.5075 -0.48831952 -0.355 -0.355 -0.35539961 -0.6675 -0.6675 -0.6675 -0.6675 -0.6675 0.035 0.035 0.035 0.035000002 1.1275 1.1275
-0.005 -0.6675 -0.69006396 -0.0925 -0.875 -0.61 -0.645 -0.835 -0.9975 -1.0675727 -1.0575 -1.49 -1.265 -1.25 -1.0775 -1.25 -1.3219453 -1.3221689 -1.4125 -0.9 -0.9 -1.2875 -0.635 -0.635 -0.4225 -0.42250032 -0.4875 -0.4875 -0.4875 -0.6175 -0.62573017 -0.6325 -0.6325 -0.6324999 -0.5075 -0.5075 -0.5075 -0.5075 -0.355 -0.355 -0.355 -0.35500001 -0.6675 -0.6675 -0.6675 -0.6675 -0.6675 0.034991138 0.035 0.035 0.035 1.127466 1.1275
-0.005 0.3449981 -0.69 -0.98396055 -0.875 -0.425 -0.92748315 -0.725 -0.5975 -1.1124997 -1.1641396 -1.1923987 -0.485 -1.0775 -1.0775 -1.1940585 -1.3225 -1.3225 -1.4125 -1.4125 -0.90000074 -1.2875 -1.0575 -0.6875 -0.2775 -0.2774755 -0.4875 -0.4875 -0.6175 -0.6175 -0.6325 -0.6325 -0.6325 -0.60421408 -0.5075 -0.5075 -0.5075 -0.355 -0.355 -0.355 -0.355 -0.3549971 -0.6675 -0.6675 -0.6675 -0.6675 -0.6675 -0.66124688 0.035 0.035002354 0.0875 0.0875 0.0875
-0.9275 -0.21 -0.49 -0.71 -0.945 -0.9475 -1.0675 -1.0236502 -0.6475 -0.435 -0.32 -0.12 -0.12000024 -0.6725 -0.6725 -0.94008571 -0.94 -0.52 -0.52 -1.4124993 -0.975 -0.975 -0.6875 -0.2775 -0.2775 -0.1725 -0.565 -0.565 -0.19003903 -0.6175 -0.6325 -0.6325 -0.4825 -0.48253004 -0.76997936 -0.5925 -0.5925 -0.42847605 -0.355 -0.355 -0.32503742 -0.325 -0.32500019 -1.0383361 -1.0449583 -1.0449999 -1.045 -1.0449999 -0.61533917 0.0875 0.0875 0.0875 0.0875
0.29250112 -6.9519469e-18 0.63213184 -0.13 -0.4075 -0.975 -0.45999999 -0.435 -0.525 -0.525 -0.32 -0.49 -0.21750008 -0.6725 -1.2949981 -1.295 -0.94 -0.975 -0.615 -0.615 -0.88663783 -0.7875 -0.7875 -0.070000003 -0.1725 -0.1725 -0.565 -0.565 -0.19000932 -0.19017167 -0.67399592 -0.4825 -0.4825 -0.77 -0.77 -0.6442408 -0.5925 -0.5925 -0.50750295 -0.32500025 -0.325 -0.325 -0.32500243 -1.0450005 -1.045 -1.045 -1.045 -1.0449998 -0.7575 0.087332544 0.0875 0.0875 0.0875
0.2925 0.6225 0.71 -0.5525 -0.76998753 -0.835 -0.6775 -0.69749999 -0.835 -0.66 -0.66 -0.535 -0.2175 -0.2175 -1.2876074 -1.3086614 -1.31 -0.7825 -0.60500001 -0.615 -0.45773656 -0.4675 -0.7325 0.115 0.11499707 -0.1125 -0.2575 -0.25750011 -0.34943934 -0.35000001 -0.675 -0.72169839 -0.2625 -0.77 -0.77114085 -0.6875 -0.6875 -0.5075 -0.5075 -0.325 -0.325 -0.325 -1.123203 -1.1275 -1.045 -1.045 -1.045 -0.75751094 -0.7575 -0.7575 0.0875 0.0875 0.0875
0.2617963 0.6225 0.64 0.315 -0.7625 -0.7975 -0.885 -1.0925 -0.9625 -0.57574276 -0.4175 -0.4275 -0.4275 -0.4775 -0.47750045 -0.97344064 -0.9725 -0.9725 -0.75540435 -0.375 -0.3525 -0.3525 -0.695 -0.71772186 -0.089574007 -0.1125 -0.175 -0.2575 -0.62534993 -0.6275 -0.85 -0.5225 -0.68366765 -1.0425 -0.81 -1.0625 -0.9225 -0.7025 -0.65752078 -0.32527899 -0.3875 -0.545 -1.1273917 -1.1275 -1.1270356 -1.045 -1.3725 -0.75750001 -0.7575 -0.7575 -0.7575 0.08532112 0.0675
-1.755 -1.755 0.625 0.05 -0.765 -0.8075 -0.515 -0.95 -0.9575 -0.47749074 -0.5875 0.1725 -0.4775 -0.4775 -0.525 -0.53113766 -0.9725 -0.97245321 -0.7275 -0.375 -0.375 -0.37210126 -0.695 -0.45500454 -0.455 -0.455 -0.175 -0.1475 -0.1475 -0.6275 -0.6275 -0.52310692 -0.8425 -1.0425 -0.52 -1.0625 -0.9225 -0.6225 -0.6575 -0.63536468 -0.54499999 -0.5146945 -0.4625 -1.1275 -1.1275 -1.3725 -1.3725 -1.3725 -0.7575 -0.7575 0.07 0.07 0.069999999
-1.755 -1.755 -0.0625 -0.915 -0.6075 -0.3575 -0.61 -0.33021552 -0.4675 -0.3375 -0.515 -0.1775 0.17203308 -0.525 -0.525 -0.52506893 -1.1225 -1.1017685 -0.7275 -0.635 -0.635 -0.675 -0.675 -0.455 -0.455 -0.455 -0.1475 -0.1475 -0.1475 -1.5175 -1.5175 -1.5174989 -0.86 -0.86 -1.295 -1.38 -0.8875 -1.6599969 -0.9325 -0.635 -0.635 -0.33750041 -0.4625 -1.1275 -0.99000007 -1.0525 -0.75019173 -0.7475 -0.49 -0.49 0.07 0.07 0.07
-1.755 -1.0243523 -0.42629216 -0.54999612 0.2225 -0.8075 -0.61 -0.33 -0.46749885 -0.33894024 -0.17750021 -0.1775 -0.245 -0.525 -0.525 -1.1225 -1.1225 -1.1224775 -0.7275 -0.635 -0.64285519 -0.675 -0.675 -0.45500898 -0.455 -0.46568339 -0.4875 -0.4875 -0.48749996 -1.5175 -1.5175 -1.1325 -1.1325 -0.86000119 -1.295 -1.2400001 -0.95324535 -1.66 -1.66 -0.63499999 -0.3375 -0.3375 -0.33750474 -0.99 -0.99 -1.0525 -0.7475 -0.7475 -0.49 -0.49 0.07 0.07 0.07
-1.26 -0.49549789 -0.5200136 -0.52020636 0.22249465 -0.80747568 -0.61000001 -0.33344664 -0.45802484 -0.46410535 -0.245 -0.245 -0.245 -0.245 -0.52496034 -1.1225 -1.1225 -1.1173999 -0.7275 -0.63505049 -0.8075 -0.8075 -0.8075 -0.8075 -0.46098932 -0.4875 -0.4875 -0.4875 -0.4875 -0.48815752 -1.1325 -1.1325 -1.1325 -1.1325 -1.24 -1.24 -1.24 -1.639326 -1.6552684 -1.03 -1.03 -0.33753725 -0.67001095 -0.98996918 -0.99 -1.0525 -0.7475 -0.7475 -0.49 -0.49 0.06796838 0.07 0.16044633
-1.26 -0.52 -0.52 -0.52 -0.52 -0.52000011 -0.61050543 -0.47753226 -0.43274599 -0.2452364 -0.245 -0.245 -0.245 -0.245 -0.24500014 -1.1225 -1.1224999 -1.0954057 -0.72750576 -0.8075 -0.8075 -0.8075 -0.8075 -0.8075 -0.81355143 -0.6651292 -0.69249996 -0.6925 -0.6925 -0.6925 -1.1325 -1.1325 -1.1324999 -1.08 -1.08 -1.24 -0.88028906 -0.87 -1.0299999 -1.03 -1.03 -1.03 -0.67 -0.67 -0.67 -0.67266185 -0.19369064 -0.19 -0.19 -0.19 -0.19000001 0.29249995 0.2925
-0.915 -0.52 -0.52 -0.52 -0.52 -0.52 -0.52000001 -0.48244178 -0.42740947 -0.4275 -0.4275 -0.4275 -0.4275 -0.4275 -0.4275 -0.18999694 -1.1075872 -1.0684111 -0.80749007 -0.8075 -0.8075 -0.8075 -0.8075 -0.80749956 -1.0875 -1.0875 -1.0874994 -0.6925 -0.6925 -0.69292552 -0.905 -0.905 -1.08 -1.08 -1.08 -0.90363973 -0.87 -0.87 -0.87 -1.03 -1.03 -1.03 -0.67 -0.67 -0.67 -0.67 -0.19 -0.19 -0.19 -0.19 -0.19 0.2925 0.2925
-0.915 -0.76794599 -0.52 -0.52 -0.52 -0.52 -0.32753778 -0.3275 -0.3275 -0.4275 -0.4275 -0.4275 -0.4275 -0.4275 -0.3740028 -0.185 -0.185 -0.185 -0.42616428 -0.42500039 -0.425 -0.425 -0.425 -0.425 -1.0875 -1.0875 -1.0875 -1.0875 -0.6925 -0.905 -0.905 -0.905 -1.08 -1.08 -1.08 -0.9 -0.87003972 -0.87 -0.87 -1.0298932 -0.81684087 -0.31962951 -0.67 -0.67 -0.017021369 -0.015 -0.015 -0.18934254 0.20860218 0.20999997 0.20999992 0.16751893 0.29249975
-0.915 -0.84687996 -0.68446496 -0.52 -0.52 -0.32761374 -0.3275 -0.3275 -0.3275 -0.32822063 -0.4275 -0.4275 -0.4275 -0.42749997 -0.185 -0.185 -0.185 -0.185 -0.42478561 -0.425 -0.425 -0.425 -0.425 -0.425 -1.0875 -1.0875 -1.0875 -1.0875 -1.0868362 -0.905 -0.905 -0.905 -0.9875 -1.0799795 -0.9 -0.9 -0.9 -0.8968374 -0.3524858 -0.3175 -0.3175 -0.3175 -0.3125 -0.3125 -0.015 -0.015 -0.015 0.21 0.21 0.21 0.21 0.1675 0.1675
-0.84500887 -0.845 -0.845 -0.845 -0.545 -0.32750561 -0.3275 -0.3275 -0.3275 -0.3275 -0.40630167 -0.42749635 -0.42749999 -0.185 -0.185 -0.185 -0.185 -0.185 -0.19355633 -0.425 -0.425 -0.425 -0.425 -0.425 -0.78210884 -0.85250127 -0.8525 -0.8525 -0.8525 -0.905 -0.9875 -0.9875 -0.9875 -0.9875 -0.9 -0.89999243 -0.6125 -0.6125 -0.32118351 -0.3175 -0.3175 -0.3175 -0.3125 -0.3125 -0.061063244 -0.015 -0.015 0.21 0.21 0.21 0.20954429 0.1675 0.1675
-0.845 -0.845 -0.845 -0.70372552 -0.545 -0.545 -0.3275 -0.3275 -0.3275 -0.3275 -0.1475 -0.1475 -0.1475 -0.185 -0.185 -0.185 -0.185 -0.18492068 -0.0225 -0.0225 -0.42499984 -0.425 -0.43492091 -0.8325 -0.83268004 -0.8525 -0.8525 -0.8525 -0.8525 -0.98748625 -0.9875 -0.9875 -0.9875 -0.9875 -0.61250101 -0.6125 -0.6125 -0.6125 -0.61143658 -0.3175 -0.3175 -0.3175 -0.3125 -0.3125 -0.3125 -0.015 -0.015 0.20999999 0.21 0.21 0.1675 0.1675 0.1675
-0.845 -0.845 -0.845 -0.545 -0.545 -0.545 -0.54499967 -0.3275 -0.3275 -0.14768581 -0.1475 -0.1475 -0.1475 -0.14752336 0.20352276 0.295 0.295 0.295 -0.0225 -0.0225 -0.0225 -0.8325 -0.8325 -0.8325 -0.83219466 -0.27027802 -0.8525 -0.8525 -0.8525 -0.47604435 -0.36256147 -0.3625 -0.3625 -0.3625 -0.42531756 -0.16250102 -0.1625 -0.1625 -0.1625 -0.10502908 -0.105 -0.105 -0.3125 -0.3125 -0.36999976 -0.37000003 -0.445 -0.445 -0.3125 -0.3125 -0.3125 0.1675 -0.27460435
-0.84499903 -0.845 -0.84499999 -0.545 -0.545 -0.545 -0.545 -0.39749998 -0.32777989 -0.14772216 -0.1475 -0.1475 -0.1475 -0.14663169 0.295 0.295 0.295 0.29499991 -0.0225 -0.0225 -0.0225 -0.8325 -0.8325 -0.8325 0.2575 0.2575 0.135 0.135 0.135 0.13228598 -0.3625 -0.3625 -0.3625 -0.3625 -0.26255491 -0.1625 -0.1625 -0.1625 -0.1625 -0.105 -0.105 -0.105 -0.11333791 -0.37 -0.37 -0.37 -0.445 -0.445 -0.3125 -0.3125 -0.3125 -0.275 -0.275
-0.5325 -0.67447094 -0.6175 -0.61747897 -0.545 -0.39835343 -0.3975 -0.3975 -0.4111642 -0.3925 -0.3925 -0.3925 -0.3925 0.47497176 0.475 0.29500014 0.295 0.28663434 -0.0225 -0.0225 -0.0225 0.045 0.045 0.045 0.2575 0.2575 0.135 0.135 0.135 0.13499995 0.072497235 0.072498778 -0.35156693 -0.36203365 -0.1702178 -0.17 -0.17 -0.17 -0.17 -0.105 -0.105 -0.105 -0.35540826 -0.37 -0.37 -0.37000001 -0.445 -0.445 -0.44499523 -0.3125 -0.31252135 -0.79 -0.275
-0.4925076 -0.49250002 -0.6175 -0.6175 -0.6175 -0.3975 -0.3975 -0.3975 -0.435 -0.435 -0.3925 -0.3925 -0.3925 0.475 0.475 0.475 0.475 0.47494411 -0.0225 -0.0225 -0.022499997 0.045 0.045 0.045 0.2575 0.2575 0.135 0.135 0.135 0.073204692 0.0725 0.0725 0.0725 0.0725 -0.16988034 -0.17 -0.17 -0.17 -0.17 -0.087500005 -0.0875 -0.0875 -0.0875 -0.37000052 -0.4375 -0.4375 -0.4375 -0.8325 -0.8325 -0.8325 -0.79 -0.79 -0.79
-0.4925 -0.4925 -0.6175 -0.6175 -0.6175 -0.39865636 -0.3975 -0.435 -0.435 -0.435 -0.39250523 -0.3925 -0.22498943 0.47499985 0.475 0.475 0.475 0.0050000009 0.005 0.005 0.235 0.23499986 0.045000926 0.045 0.045236039 0.3425 0.3425 0.34249951 0.13503353 0.23996662 0.23999911 0.23997076 0.072786275 0.072644551 -0.12670017 -0.16999994 -0.16952245 -0.0275 -0.0275 -0.0875 -0.0875 -0.0875 -0.0875 -0.4375 -0.4375 -0.4375 -0.4375 -0.8325 -0.8325 -0.8325 -0.79 -0.79 -0.79
-0.4925 -0.4925 -0.6175 -0.6175 -0.6175 -0.6175 -0.41153515 -0.435 -0.435 -0.435 -0.43486329 -0.1875 -0.1875 -0.1875 0.47109574 0.475 0.008131964 0.005 0.005 0.005 0.235 0.235 0.235 0.235 0.3425 0.3425 0.3425 0.3425 0.3425 0.24 0.24 0.24 0.24 0.24000048 0.47 -0.0275 -0.0275 -0.0275 -0.0275 -0.02750037 -0.135 -0.135 -0.135 -0.27818132 -0.575 -0.575 -0.575 -0.83249999 -0.83249943 -0.2425 -0.2425 -0.16515205 -0.165
-0.4925 -0.4925 -0.57238378 -0.6175 -0.6175 -0.6175 -0.69703419 -0.43582726 -0.435 -0.435 -0.18750006 -0.1875 -0.1875 -0.1875 -0.1875 -0.13316837 0.005 0.005 0.005 0.005 0.23499822 0.235 0.235 0.235 0.3425 0.3425 0.3425 0.3425 0.3425 0.56329343 0.24 0.24 0.24 0.47 0.47 0.46961368 -0.0275 -0.0275 0.18916973 0.35749996 -0.135 -0.135 -0.135 -0.27535972 -0.575 -0.575 -0.575 0.13 -0.23785869 -0.2425 -0.2425 -0.165 -0.165
-0.0525 -0.0525 -0.0525 -0.47583897 -0.61750542 -0.6975 -0.6975 -0.6975 -0.6975 -0.49 -0.49 -0.18750002 -0.1875 -0.1875 -0.1875 -0.1874878 0.005 0.005 0.005 0.005 0.13463546 0.235 0.235 0.25436611 0.94683548 0.3425 0.3425 0.3425 0.6775 0.6775 0.6775 0.67749816 0.47 0.47 0.47 0.47 0.3575 0.3575 0.3575 0.3575 -0.045 -0.045 -0.045 -0.29249502 -0.2925 -0.2925 -0.29250009 0.13 0.13 -0.24204613 -0.2425 -0.16499691 -0.165
-0.0525 -0.0525 -0.0525 -0.05253056 -0.62 -0.63126977 -0.6975 -0.6975 -0.6975 -0.49 -0.49 -0.49 -0.17 -0.17 -0.17 -0.17000001 0.0039695995 0.005 0.005 0.005 0.0085280168 0.97499797 0.975 0.975 0.975 0.97499999 0.9375 0.9375 0.6775 0.6775 0.6775 0.6775 0.47000017 0.47 0.47 0.47001934 0.35749999 0.3575 0.3575 0.3566336 -0.045 -0.045 -0.045 -0.29248852 -0.2925 -0.2925 -0.2925 0.13 0.13 0.13000004 0.4475 0.4475 0.285
-0.0525 -0.0525 -0.0525 -0.61999869 -0.62 -0.62 -0.69749997 -0.6975 -0.6975 -0.49 -0.49 -0.49 -0.17 -0.17 -0.17 -0.19951183 -0.5575 -0.5575 -0.55749855 0.0018228612 0.975 0.975 0.975 0.975 0.975 0.97497178 0.9375 0.9375 0.9375 0.6775 0.6775 0.67733104 0.7075 0.7075 0.7075 0.1625 0.1625 0.16 0.16 0.16 -0.06 -0.045004705 -0.045000131 -0.0625 -0.0625 -0.071216739 -0.29249868 0.13 0.13 0.4475 0.4475 0.4475 0.285
-0.0525 -0.0525 -0.0525 -0.62 -0.62 -0.62 -0.62 -0.6975 -0.6975 -0.49 -0.49 -0.18279538 -0.17 -0.17 -0.17 -0.5575 -0.5575 -0.5575 -0.5575 -0.5575 0.975 0.975 0.975 0.975 0.975 0.93750013 0.9375 0.9375 0.9375 0.415 0.415 0.415 0.7075 0.7075 0.7075 0.1625 0.1625 0.16 0.16 -0.06 -0.06 -0.06 -0.0625 -0.0625 -0.0625 -0.0625 -0.04155243 0.1925 0.1925 0.1925 0.4475 0.25 0.25
-0.0525 -0.0525 -0.053290269 -0.62 -0.62 -0.62 -0.62 -0.84372277 -0.855 -0.85437334 -0.49 -0.17002136 -0.17 -0.17 -0.17000134 -0.5575 -0.5575 -0.5575 -0.5575 -0.5575 0.049473287 0.975 0.975 0.975 0.97490989 0.93747749 0.9375 0.9375 0.9375 0.415 0.415 0.415 0.41504181 0.7075 0.1625 0.1625 0.1625 0.1624999 0.159985 -0.06 -0.06 -0.06 -0.062499848 -0.0625 -0.0625 -0.0625 0.19250153 0.1925 0.1925 0.1925 0.25 0.25 0.25
-0.505 -0.50499921 -0.61969747 -0.62 -0.62 -0.62 -0.85494999 -0.855 -0.855 -0.855 -0.42500001 -0.425 -0.425 -0.425 -0.55688842 -0.5575 -0.5575 -0.5575 -0.5575 0.009999662 0.01 0.01 0.53750007 0.5375 0.5375 0.5375 0.57202514 0.9375 0.36502345 0.365 0.365 0.365 0.365 0.1625 0.1625 0.1625 0.1625 0.1625 0.25 0.25 0.25 0.25 0.25 0.34688195 0.3475 0.3475 0.3475 0.1925 0.1925 0.1925 0.24999094 0.25 0.25
-0.505 -0.505 -0.50479072 -0.48000028 -0.48000003 -0.48036565 -0.855 -0.855 -0.855 -0.855 -0.425 -0.425 -0.425 -0.425 -0.425 -0.5575 -0.5575 -0.5575 0.0099998576 0.01 0.01 0.01 0.5375 0.5375 0.5375 0.5375 0.5375 0.53758446 0.36485422 0.365 0.365 0.365 0.36494144 -0.031663806 0.16229895 0.1625 0.1625 0.1625 0.25 0.25 0.25 0.25 0.25 0.3475 0.3475 0.3475 0.3475 0.27501897 0.1925 0.10597623 0.105 -0.0375 -0.0375
-0.505 -0.505 -0.48000317 -0.48 -0.48 -0.48 -0.57524842 -0.855 -0.855 -0.855 -0.425 -0.425 -0.425 -0.425 -0.425 -0.55739803 -0.5575 0.0098336127 0.01 0.01 0.01 0.01 0.34208421 0.5375 0.5375 0.5375 0.5375 0.53711026 -0.0125 -0.0125 -0.0125 -0.0125 -0.0125 -0.18 -0.18 -0.18 -0.18 -0.18 -0.015 -0.015 -0.015 -0.015 -0.014999997 0.34746948 0.34749999 0.3475 0.34749788 0.34721012 0.105 0.105 0.105 -0.037499202 -0.0375
-0.50500025 -0.6398193 -0.48000002 -0.48 -0.48 -0.48 -0.48 -0.85484033 -0.855 -0.855 -0.425 -0.425 -0.425 -0.425 -0.42255553 -0.4225 -0.4225 0.009988869 0.01 0.01 0.01 0.01 0.010000018 0.5375 0.5375 0.5375 0.5375 -0.56749944 -0.56749974 -0.44938251 -0.0125 -0.0125 -0.0125 -0.18 -0.18 -0.18 -0.18 -0.18 -0.015 -0.015 -0.015 -0.015 -0.014999617 0.335 0.335 0.335 0.335 0.33498145 0.105 0.105 0.105 0.10499999 0.08319589
-0.6425 -0.6425 -0.62506275 -0.48 -0.48 -0.48 -0.48 -0.48 -0.85483947 -0.595 -0.595 -0.595 -0.59459656 -0.4225 -0.4225 -0.4225 -0.4225 -0.4225 0.0099991606 0.0028199251 -0.06 -0.06 -0.06 0.089396153 0.48907799 0.22998102 0.011068379 -0.5675 -0.5675 -0.5675 -0.5675 -0.5675 -0.5424445 -0.17949495 -0.18 -0.18 -0.18 -0.18 -0.014060749 -0.010000009 -0.01 -0.01 -0.01 0.3025001 0.33499999 0.335 0.335 0.3575 0.10500404 0.105 0.105 0.085 0.085
-0.6425 -0.6425 -0.7275 -0.7275 -0.7275 -0.48008244 -0.48 -0.48 -0.595 -0.595 -0.595 -0.595 -0.595 -0.42250001 -0.4225 -0.4225 -0.4225 -0.4225 -0.06 -0.06 -0.06 -0.06 -0.06 -0.0675 -0.0675 -0.0675 -0.0675 -0.5675 -0.5675 -0.5675 -0.5675 -0.5675 -0.135 -0.135 -0.18 -0.18 -0.18 0.0099676431 0.01 -0.01 -0.01 -0.01 -0.0099999829 0.3025 0.3025 0.3025 0.3575 0.3575 0.3575 0.225 0.225 0.085 0.085
-0.6425 -0.6425 -0.7275 -0.7275 -0.7275 -0.7275 -0.72749981 -0.6925 -0.5950918 -0.595 -0.595 -0.595 -0.595 -0.42465178 -0.4225 -0.4225 -0.4225 -0.4225 -0.060000007 -0.06 -0.06 -0.06 -0.06 -0.0675 -0.0675 -0.0675 -0.0675 -0.06750201 -0.5675 -0.5675 -0.5675 -0.13502268 -0.135 -0.135 -0.135 -0.18 0.0099999978 0.01 0.01 0.0094737626 0.080623411 0.0975 0.0975 0.3025 0.3025 0.3025 0.3575 0.3575 0.3575 0.225 0.225 0.225 0.28878618
