interpolatedSpi/02-06|23_1.tif
NCOLS 53
NROWS 52
XLLCORNER -116.03883
YLLCORNER 28.596182
DX 0.49850594
DY 0.49788537
NODATA_VALUE -9999
[rows 0 to 38 of 52, columns 0 to 52 of 53]
0.146 0.146 -0.44461881 -0.714 -0.208 -0.034 -0.246 -0.192 -0.67084467 -0.422 -0.402 -0.416 -0.69399835 -0.674 -0.548 -0.548 -0.548 -0.428 -0.446 -0.446 -0.446 -0.44599434 0.14199999 -0.832 -0.832 -0.832 -0.22599607 -0.226 -0.226 -1.146 -1.146 -1.146 -1.146 -1.8819999 -1.882 -1.882 -1.882 -1.882 -1.882 -1.8819999 0.2569608 0.27972413 -0.802 -0.802 -0.802 -0.802 -0.8022254 -0.94 -0.94 -0.94 -0.46200099 -0.462 -0.462
0.14597023 -0.524 -0.41999977 -0.38728183 -0.4259989 -0.2 -0.482 -0.61773972 -0.58 -0.742 -0.532 -0.694 -0.694 -0.42882028 -0.67399592 -0.548 -0.428 -0.428 -0.44597653 -0.446 -0.446 -0.446 -0.83515823 -0.832 -0.832 -0.832 -0.97199999 -0.972 -1.146 -1.146 -1.146 -1.146 -1.146 -1.8819999 -1.882 -1.882 -1.882 -1.882 -1.8819999 -1.684647 -0.66807977 -0.78574054 -0.802 -0.802 -0.802 -0.802 -0.802 -0.94 -0.94 -0.94 -0.90036378 -0.462 -0.462
0.34797676 0.348 -0.222 -0.246 -0.332 -0.29 -0.648 -0.324 -0.948 -1.082 -0.894 -0.898 -0.912 -0.492 -0.428 -1.2 -0.428 -0.428 -0.428 -0.35402674 -0.354 -0.354 -0.892 -0.832 -0.832 -0.832 -0.972 -0.972 -0.972 -1.146 -1.146 -1.146 -1.1334836 -1.8798289 -1.874926 -1.1289642 -1.122 -1.122 -1.0648988 -0.668 -0.668 -0.66817135 -0.802 -0.802 -0.802 -0.802 -0.802 -0.94 -0.94 -0.94 -0.94 -0.462 -0.462
0.352 0.34799986 -0.34210233 -0.134 -0.622 -0.53 -0.506 -0.88 -0.656 -0.81412926 -1.066 -0.9 -0.902 -0.492 -0.94 -1.2 -0.68993259 -0.68581923 -0.75 -0.354 -0.354 -1.114 -0.892 -0.892 -0.832 -0.8320007 -0.972 -0.972 -0.972 -0.982 -1.0577175 -1.12 -1.12 -1.12 -1.122 -1.122 -1.122 -1.122 -0.668 -0.668 -0.668 -0.66800001 -0.802 -0.802 -0.802 -0.802 -0.802 -0.93999826 -0.94 -0.94 -0.94 -0.46202371 -0.462
0.352 0.12599914 -0.342 -0.71335923 -0.622 -0.802 -0.92003602 -1.552 -1.508 -0.98400021 -0.94766273 -0.9259344 -0.468 -0.94 -0.94 -1.1058899 -0.686 -0.686 -0.75 -0.75 -0.3540015 -1.114 -0.658 -0.174 -0.428 -0.42800715 -0.972 -0.972 -0.982 -0.982 -1.12 -1.12 -1.12 -1.0890739 -1.122 -1.122 -1.122 -0.668 -0.668 -0.668 -0.668 -0.66803765 -0.802 -0.802 -0.802 -0.802 -0.802 -0.80322837 -0.94 -0.94001112 -1.188 -1.188 -1.188
-0.86 -0.318 -0.44999998 -0.564 -0.552 -0.828 -1.192 -1.2380903 -1.146 -1.336 -1.51 -1.194 -1.1939995 -0.874 -0.874 -0.48796137 -0.488 -0.608 -0.608 -0.74999965 -0.978 -0.978 -0.174 -0.428 -0.428 -0.458 -0.726 -0.726 -0.65403055 -0.982 -1.12 -1.12 -0.956 -0.95595988 -0.57202764 -1.07 -1.07 -0.79236788 -0.668 -0.668 -1.0575136 -1.058 -1.0579993 -0.91202289 -0.91398762 -0.91399997 -0.914 -0.91399996 -0.99829289 -1.188 -1.188 -1.188 -1.188
0.36199002 -0.02 -0.23831303 -0.746 -0.6 -0.82 -0.906 -1.134 -1.464 -1.464 -1.51 -1.348 -1.126 -0.874 -0.32800164 -0.328 -0.488 -0.112 -0.356 -0.356 -0.79797681 -0.596 -0.596 -0.486 -0.458 -0.458 -0.726 -0.726 -0.65403322 -0.65461156 -0.47033107 -0.956 -0.956 -0.572 -0.572 -1.0765357 -1.07 -1.07 -1.4539867 -1.0580006 -1.058 -1.058 -1.0579956 -0.9139998 -0.914 -0.914 -0.914 -0.91400003 -0.968 -1.1879564 -1.188 -1.188 -1.188
0.362 -0.564 -0.118 -0.966 -0.69401559 -0.906 -1.248 -1.492 -0.806 -1.164 -1.164 -1.058 -1.126 -1.126 -0.33347502 -0.40996813 -0.418 -0.17 -0.34200001 -0.356 -0.2760155 -0.23 -0.822 0.033999996 0.033992958 -0.512 -0.566 -0.56600006 -1.2220026 -1.224 -0.468 -0.50558915 -0.59 -0.572 -0.57759016 -1.082 -1.082 -1.454 -1.454 -1.058 -1.058 -1.058 -0.87630304 -0.878 -0.914 -0.914 -0.914 -0.96799794 -0.968 -0.968 -1.188 -1.188 -1.188
-0.65078129 -0.56399999 0.212 -0.852 -0.964 -1.578 -1.116 -0.794 -1.298 -0.68237816 -0.332 -1.064 -1.064 -0.528 -0.52800081 -1.0282943 -1.03 -1.03 -0.19625607 -0.69800002 -0.772 -0.77199999 -1.35 -1.0300761 -0.45697762 -0.512 -0.71 -0.566 -0.37511571 -0.374 -0.482 -0.576 -0.47124042 -0.842 -0.768 -0.934 -0.842 -1.012 -0.76611359 -1.0566698 -0.76 -0.582 -0.8779173 -0.878 -0.87820263 -0.914 -1.396 -0.968 -0.968 -0.968 -0.968 -1.0311206 0.018
-1.136 -1.136 0.096 -0.25 -1.272 -1.134 -0.762 -1.034 -0.86 -0.52600296 -0.762 -0.378 -0.528 -0.528 -0.614 -0.61970563 -1.03 -1.0298098 -0.17 -0.698 -0.698 -0.70753366 -1.35 -0.56801481 -0.568 -0.568 -0.71 -0.542 -0.542 -0.374 -0.374 -0.5756055 -0.368 -0.842 -0.784 -0.934 -0.842 -1.532 -0.766 -0.41773725 -0.58200001 -0.50412405 -0.37 -0.878 -0.878 -1.396 -1.396 -1.396 -0.968 -0.968 0.072 0.072 0.07199998
-1.136 -1.136 -0.544 -0.866 -1.072 -0.582 -1.156 -0.44264188 -0.494 -0.806 -0.616 -0.058 -0.37757421 -0.614 -0.614 -0.61397693 -0.414 -0.40119374 -0.17 -0.014 -0.014 0.028 0.028 -0.568 -0.568 -0.568 -0.542 -0.542 -0.542 -0.588 -0.588 -0.58799964 -0.5 -0.5 -1.18 -0.904 -0.378 -0.68400439 -0.532 -0.412 -0.412 -0.47399966 -0.37 -0.878 -0.24800029 -0.482 -0.16532316 -0.16 -0.012 -0.012 0.072 0.072 0.072
-1.136 -0.8804423 -0.68140888 -1.2099867 -0.584 -0.788 -1.156 -0.442 -0.49399957 -0.80254342 -0.058000974 -0.058 0.224 -0.614 -0.614 -0.41400001 -0.414 -0.41398611 -0.17 -0.014 -0.0057520544 0.028 0.028 -0.56797576 -0.568 -0.46609694 -0.258 -0.258 -0.25800004 -0.588 -0.588 0.026 0.026 -0.50000186 -1.18 -0.11000051 -0.50981067 -0.684 -0.684 -0.412 -0.474 -0.474 -0.47399835 -0.248 -0.248 -0.482 -0.16 -0.16 -0.012 -0.012 0.072 0.072 0.072
-0.326 -0.43376057 -0.42001635 -0.42571534 -0.5840012 -0.78799518 -1.156 -0.45078893 -0.49041667 -0.50214715 0.224 0.224 0.224 0.224 -0.61388129 -0.414 -0.414 -0.41084957 -0.17 -0.013913038 0.29 0.29 0.29 0.29 -0.55322641 -0.258 -0.258 -0.258 -0.258 -0.25813054 0.026 0.026 0.026 0.026 -0.11 -0.11 -0.11 -0.65692555 -0.68006448 -0.16 -0.16 -0.47398311 -0.12600418 -0.24798825 -0.248 -0.482 -0.16 -0.16 -0.011999999 -0.012 0.071695257 0.072 -0.35065258
-0.326 -0.42 -0.42 -0.42 -0.42 -0.42000015 -1.1550579 -0.8181685 -0.48085673 0.22321902 0.224 0.224 0.224 0.224 0.22400024 -0.414 -0.41399996 -0.39726327 -0.17000191 0.29 0.29 0.29 0.29 0.29 0.28887378 -0.079143802 -0.034000046 -0.034 -0.034 -0.034 0.026000007 0.026 0.026000452 0.402 0.402 -0.11 0.36637394 0.38 -0.15999969 -0.16 -0.16 -0.16 -0.126 -0.126 -0.126 -0.12847744 0.20951276 0.212 0.212 0.212 0.212 0.048000005 0.048
-0.566 -0.42 -0.42 -0.42 -0.42 -0.42 -0.42000005 -0.62722124 0.56233068 0.568 0.568 0.568 0.568 0.568 0.568 0.52085408 -0.39915618 -0.38058801 0.28994208 0.29 0.29 0.29 0.29 0.29000014 0.238 0.238 0.23799962 -0.034 -0.034 -0.032894652 0.518 0.518 0.402 0.402 0.402 0.38352419 0.38 0.38 0.38 -0.16 -0.16 -0.16 -0.126 -0.126 -0.126 -0.126 0.212 0.212 0.212 0.212 0.212 0.048 0.048
-0.566 -0.51164586 -0.42 -0.42 -0.42 -0.42 0.27386379 0.274 0.27400001 0.568 0.568 0.568 0.568 0.568 0.55741086 0.52 0.52 0.52 0.4116287 0.41199988 0.412 0.412 0.412 0.412 0.238 0.238 0.238 0.238 -0.034 0.518 0.518 0.518 0.40200001 0.402 0.402 0.452 0.38009533 0.38 0.38 -0.16001595 -0.19231044 -0.26767721 -0.126 -0.126 -0.016339466 -0.016 -0.016 0.21165413 0.0027338549 0.0020000183 0.0020000398 0.18197967 0.048000272
-0.566 0.10546856 -0.14471096 -0.42 -0.42 0.27358995 0.274 0.274 0.274 0.27611865 0.568 0.568 0.568 0.56799999 0.52 0.52 0.52 0.52 0.41209647 0.412 0.412 0.412 0.412 0.412 0.238 0.238 0.238 0.238 0.23901846 0.518 0.518 0.518 0.496 0.40200736 0.452 0.452 0.452 0.44942238 -0.22696243 -0.268 -0.268 -0.268 -0.146 -0.146 -0.016 -0.016 -0.016 0.0019999998 0.002 0.002 0.002 0.182 0.182
0.12361688 0.124 0.124 0.124 0.396 0.27400315 0.274 0.274 0.274 0.274 0.53150854 0.56799372 0.56799999 0.52 0.52 0.52 0.52 0.52 0.51077583 0.412 0.412 0.412 0.412 0.412 0.37188473 0.43999891 0.44 0.44 0.44 0.518 0.496 0.496 0.496 0.496 0.452 0.45199384 0.218 0.218 -0.26193157 -0.268 -0.268 -0.268 -0.146 -0.146 -0.036128476 -0.016 -0.016 0.002 0.002 0.002 0.003930068 0.182 0.182
0.124 0.124 0.124 0.25208886 0.396 0.396 0.274 0.274 0.274 0.274 0.086 0.086 0.086 0.52 0.52 0.52 0.52 0.51999669 0.508 0.508 0.41200004 0.412 0.4114157 0.388 0.38846813 0.44 0.44 0.44 0.44 0.4959943 0.496 0.496 0.496 0.496 0.21800082 0.218 0.218 0.218 0.21626826 -0.268 -0.268 -0.268 -0.146 -0.146 -0.146 -0.016 -0.016 0.0020000005 0.002 0.002 0.182 0.182 0.182
0.124 0.124 0.124 0.396 0.396 0.396 0.39599981 0.274 0.274 0.08619407 0.086 0.086 0.086 0.086270402 0.50381155 0.5 0.5 0.5 0.508 0.508 0.508 0.388 0.388 0.388 0.38802185 0.45363763 0.44 0.44 0.44 0.19708125 0.130036 0.13 0.13 0.13 0.05594468 -0.17199911 -0.172 -0.172 -0.172 0.16194116 0.162 0.162 -0.146 -0.146 0.21199851 0.21199994 0.052 0.052 2.0531886e-13 4.4408921e-17 4.4416349e-17 0.182 0.10207153
0.12400013 0.124 0.12400001 0.396 0.396 0.396 0.396 0.15000004 0.2735042 0.086143271 0.086 0.086 0.086 0.086812382 0.5 0.5 0.5 0.5 0.508 0.508 0.508 0.388 0.388 0.388 0.466 0.466 0.4 0.4 0.4 0.39852707 0.13 0.13 0.13 0.13 -0.020917135 -0.172 -0.172 -0.172 -0.172 0.162 0.162 0.162 0.16357319 0.212 0.212 0.212 0.052 0.052 6.6423276e-11 4.4408921e-17 4.4408921e-17 0.102 0.102
0.166 0.14673789 0.058 0.05809806 0.396 0.15142335 0.15 0.15 0.26732992 0.24400001 0.244 0.244 0.244 0.58398893 0.584 0.50000006 0.5 0.50021079 0.508 0.508 0.508 0.214 0.214 0.214 0.466 0.466 0.4 0.4 0.4 0.39999968 -0.045998881 -0.045999506 0.1255765 0.12981132 -0.48729354 -0.488 -0.488 -0.488 -0.488 0.162 0.162 0.162 0.20924671 0.212 0.212 0.21199995 0.052 0.052 0.051998128 4.4408919e-17 -1.4398676e-05 -0.322 0.102
0.29197607 0.29199996 0.058 0.058 0.058 0.15 0.15 0.15 0.472 0.472 0.244 0.244 0.244 0.584 0.584 0.584 0.584 0.58399125 0.508 0.508 0.50799999 0.214 0.214 0.214 0.466 0.466 0.4 0.4 0.4 -0.040971317 -0.046 -0.046 -0.046 -0.046 -0.4877819 -0.488 -0.488 -0.488 -0.488 -0.039999947 -0.04 -0.04 -0.04 0.21199801 -0.048 -0.048 -0.048 -0.396 -0.396 -0.396 -0.322 -0.322 -0.322
0.292 0.292 0.058 0.058 0.058 0.14951643 0.15 0.472 0.472 0.472 0.24402807 0.244 0.44828118 0.58399998 0.584 0.584 0.584 0.372 0.372 0.372 0.034000004 0.034000134 0.21399912 0.214 0.21401503 0.12 0.12 0.12000067 0.39995475 -0.29195098 -0.29199869 -0.29195705 -0.04642044 -0.046212296 -0.40943874 -0.48800003 -0.48824129 -0.56 -0.56 -0.04 -0.04 -0.04 -0.04 -0.048 -0.048 -0.048 -0.048 -0.396 -0.396 -0.396 -0.322 -0.322 -0.322
0.292 0.292 0.058 0.058 0.058 0.058 0.27051519 0.472 0.472 0.472 0.47201215 0.494 0.494 0.494 0.58346961 0.584 0.37341272 0.372 0.372 0.372 0.034 0.034 0.034 0.034 0.12 0.12 0.12 0.12 0.12 -0.292 -0.292 -0.292 -0.292 -0.29200081 -0.676 -0.56 -0.56 -0.56 -0.56 -0.55999904 -0.338 -0.338 -0.338 -0.30220331 -0.228 -0.228 -0.228 -0.396 -0.39600016 -0.558 -0.558 -0.30200487 -0.302
0.292 0.292 0.14245757 0.058 0.058 0.058000006 0.33624133 0.4715714 0.472 0.472 0.49399999 0.494 0.494 0.494 0.494 0.50135886 0.372 0.372 0.372 0.372 0.034002615 0.034 0.034 0.034 0.12 0.12 0.12 0.12 0.12 -0.2225381 -0.292 -0.292 -0.292 -0.676 -0.676 -0.67590992 -0.56 -0.56 -0.67705793 -0.76799998 -0.338 -0.338 -0.338 -0.3032682 -0.228 -0.228 -0.228 -0.394 -0.55595658 -0.558 -0.558 -0.302 -0.302
0.302 0.302 0.302 0.11917751 0.058347857 0.336 0.336 0.336 0.336 0.468 0.468 0.494 0.494 0.494 0.494 0.49399225 0.372 0.372 0.372 0.372 0.18149224 0.034 0.034 0.047556277 0.53276352 0.12 0.12 0.12 -0.198 -0.198 -0.198 -0.19800039 -0.676 -0.676 -0.676 -0.676 -0.768 -0.768 -0.768 -0.768 -0.284 -0.284 -0.284 -0.39999767 -0.4 -0.4 -0.39999995 -0.394 -0.394 -0.55780017 -0.558 -0.30200045 -0.302
0.302 0.302 0.302 0.30199957 0.294 0.30010749 0.336 0.336 0.336 0.468 0.468 0.468 0.018000022 0.018 0.018 0.018000013 0.37182048 0.372 0.372 0.372 0.366903 0.55199858 0.552 0.552 0.552 0.55199999 0.3 0.3 -0.198 -0.198 -0.198 -0.198 -0.67599965 -0.676 -0.676 -0.6759609 -0.768 -0.768 -0.768 -0.76737707 -0.284 -0.284 -0.284 -0.39999462 -0.4 -0.4 -0.4 -0.394 -0.394 -0.394 -0.392 -0.392 -0.396
0.302 0.302 0.302 0.29400002 0.294 0.294 0.33599998 0.336 0.336 0.468 0.468 0.468 0.018 0.018 0.018 0.037496845 0.274 0.274 0.27400025 0.37144647 0.552 0.552 0.552 0.552 0.552 0.55181036 0.3 0.3 0.3 -0.198 -0.198 -0.19783007 -0.196 -0.196 -0.196 -0.618 -0.618 -0.626 -0.626 -0.626 -0.23 -0.28398306 -0.28400218 -0.576 -0.576 -0.5693298 -0.40000045 -0.394 -0.394 -0.392 -0.392 -0.392 -0.396
0.302 0.302 0.302 0.294 0.294 0.294 0.294 0.336 0.336 0.468 0.468 0.03599351 0.018 0.018 0.018 0.274 0.274 0.274 0.274 0.274 0.552 0.552 0.552 0.552 0.552 0.30000086 0.3 0.3 0.3 0.066 0.066 0.066 -0.196 -0.196 -0.196 -0.618 -0.618 -0.626 -0.626 -0.23 -0.23 -0.23 -0.576 -0.576 -0.576 -0.576 -0.58322897 -0.664 -0.664 -0.664 -0.392 -0.282 -0.282
0.302 0.302 0.30198886 0.294 0.294 0.294 0.294 0.35302473 0.356 0.35619229 0.46799999 0.018015077 0.018 0.018 0.018000886 0.274 0.274 0.274 0.274 0.274 0.36401967 0.552 0.552 0.552 0.55198764 0.3000108 0.3 0.3 0.3 0.066 0.066 0.066 0.06596128 -0.196 -0.618 -0.618 -0.618 -0.61800025 -0.62597299 -0.23 -0.23 -0.23 -0.57597899 -0.576 -0.576 -0.576 -0.66400258 -0.664 -0.664 -0.664 -0.282 -0.282 -0.282
0.318 0.31799997 0.29400505 0.294 0.294 0.294 0.35598681 0.356 0.356 0.356 0.198 0.198 0.198 0.198 0.2736492 0.274 0.274 0.274 0.274 0.35599995 0.356 0.356 0.49200001 0.492 0.492 0.492 0.47542793 0.3 -0.043985911 -0.044 -0.044 -0.044 -0.044 -0.512 -0.512 -0.512 -0.512 -0.512 -0.404 -0.404 -0.404 -0.404 -0.404 -0.92147843 -0.922 -0.922 -0.922 -0.664 -0.664 -0.664 -0.28206018 -0.282 -0.282
0.318 0.318 0.31813395 0.33399992 0.33399999 0.33402142 0.356 0.356 0.356 0.356 0.198 0.198 0.198 0.198 0.198 0.274 0.274 0.274 0.35599998 0.356 0.356 0.356 0.492 0.492 0.492 0.492 0.492 0.49195884 -0.043912728 -0.043999999 -0.044 -0.044 -0.043964941 -0.46891548 -0.51195539 -0.512 -0.512 -0.512 -0.404 -0.404 -0.404 -0.404 -0.404 -0.922 -0.922 -0.922 -0.922 -0.80135416 -0.664 -0.41876692 -0.416 -0.34 -0.34
0.318 0.318 0.33399797 0.334 0.334 0.334 0.33958791 0.356 0.356 0.356 0.198 0.198 0.198 0.198 0.198 0.27394029 0.274 0.35597596 0.356 0.356 0.356 0.356 0.44161792 0.492 0.492 0.492 0.492 0.49178046 0.182 0.182 0.182 0.182 0.182 -0.436 -0.436 -0.436 -0.436 -0.436 -0.716 -0.716 -0.716 -0.716 -0.716 -0.92046175 -0.92199968 -0.922 -0.92189321 -0.90907748 -0.416 -0.416 -0.416 -0.34000043 -0.34
0.31799996 0.2944679 0.33399999 0.334 0.334 0.334 0.334 0.35599063 0.356 0.356 0.198 0.198 0.198 0.198 0.065020745 0.062 0.062 0.35599243 0.356 0.356 0.356 0.356 0.35600003 0.492 0.492 0.492 0.492 0.20999998 0.20999999 0.20404092 0.182 0.182 0.182 -0.436 -0.436 -0.436 -0.436 -0.43581984 -0.716 -0.716 -0.716 -0.716 -0.71596001 -0.292 -0.292 -0.292 -0.292 -0.29201 -0.416 -0.416 -0.416 -0.41599999 -0.4010869
0.294 0.294 0.28568783 0.334 0.334 0.334 0.334 0.334 0.35598976 5.6415353e-09 4.6689119e-17 3.9552523e-12 0.00046989447 0.062000196 0.062 0.062 0.062 0.062 0.35600094 0.36400065 0.434 0.434 0.434 0.44767524 0.47199091 0.36492604 0.27456604 0.21 0.21 0.21 0.21 0.21 0.20689064 -0.16775534 -0.17 -0.17 -0.17 -0.17 -0.61794024 -0.19400094 -0.194 -0.194 -0.194 -0.054000698 -0.29199994 -0.292 -0.292 0.162 -0.41599074 -0.416 -0.416 -0.402 -0.402
0.294 0.294 0.188 0.188 0.188 0.33395137 0.334 0.334 2.2081857e-10 2.0589504e-32 1.9029316e-49 1.1681101e-48 4.577824e-26 0.061999997 0.062 0.062 0.062 0.062 0.434 0.434 0.434 0.434 0.434 0.24200001 0.242 0.242 0.242 0.21 0.21 0.21 0.21 0.21 0.03 0.03 -0.17 -0.17 -0.17 0.23793052 0.238 -0.194 -0.194 -0.194 -0.19399996 -0.054 -0.054 -0.054 0.162 0.162 0.162 0.096 0.096 -0.402 -0.402
0.294 0.294 0.188 0.188 0.188 0.188 0.18800001 0.19 0.00017889089 2.1015487e-33 2.8165503e-81 3.8087498e-98 3.2495602e-38 0.061226606 0.062 0.062 0.062 0.062 0.43399999 0.434 0.434 0.434 0.434 0.242 0.242 0.242 0.242 0.24199985 0.21 0.21 0.21 0.030009437 0.03 0.03 0.03 -0.17 0.238 0.238 0.238 0.22663327 0.050472457 0.096 0.096 -0.054 -0.054 -0.054 0.162 0.162 0.162 0.096 0.096 0.096 -0.099490738
0.336 0.33599967 0.188 0.188 0.188 0.188 0.19 0.19 0.19 8.0864789e-21 8.6491075e-54 8.7882489e-60 7.6779492e-37 1.9273915e-05 0.062 0.062 0.062 0.062 0.43399316 0.434 0.434 0.43399999 0.27580703 0.242 0.242 0.242 0.242 -0.03999977 -0.04 -0.039999997 0.2073101 0.03 0.03 0.03 0.029999933 -0.039999999 0.238 0.238 0.238 0.238 0.096 0.096 0.096 0.342 0.342 0.342 0.5819591 0.162 0.162 0.096000001 0.096 0.096 -0.067999354
