interpolatedSpi/02-10|19_1.tif
NCOLS 53
NROWS 52
XLLCORNER -116.03883
YLLCORNER 28.596182
DX 0.49850594
DY 0.49788537
NODATA_VALUE -9999
[rows 0 to 26 of 52, columns 0 to 52 of 53]
0.12222222 0.12222222 -0.0079686625 -0.18666667 -0.17111111 -0.26888889 -0.10888889 -0.26 -0.4218001 -0.37444444 -0.21111111 -0.11444444 -0.38332455 -0.27666667 -0.35 -0.35 -0.35 -0.048888889 -0.066666667 -0.066666667 -0.066666667 -0.066672061 -0.62666666 -0.13111111 -0.13111111 -0.13111111 -0.46111016 -0.46111111 -0.46111111 -0.42888889 -0.42888889 -0.42888889 -0.42888889 -0.38555556 -0.38555556 -0.38555556 -0.38555556 -0.38555556 -0.38555556 -0.38555554 0.017877118 0.022193904 -0.088888889 -0.088888889 -0.088888889 -0.088888889 -0.089542225 -0.48888889 -0.48888889 -0.48888889 0.15444311 0.15444444 0.15444444
0.12222025 0.077777778 0.020000408 0.042453647 -0.004557095 0.11333333 0.31 -0.22101436 -0.55888889 -0.40333333 -0.19222222 -0.38333333 -0.38333333 0.074381081 -0.27666306 -0.35 -0.048888889 -0.048888889 -0.066643487 -0.066666667 -0.066666667 -0.066666667 -0.14637587 -0.13111111 -0.13111111 -0.13111111 -0.080000004 -0.08 -0.42888889 -0.42888889 -0.42888889 -0.42888889 -0.42888889 -0.38555556 -0.38555556 -0.38555556 -0.38555556 -0.38555556 -0.38555551 -0.27975971 0.24441605 -0.048441586 -0.088888889 -0.088888889 -0.088888889 -0.088888889 -0.088888889 -0.48888889 -0.48888889 -0.48888889 -0.43554307 0.15444444 0.15444444
0.033335215 0.033333333 0.37333333 0.41111111 -2.4671623e-17 -0.10444444 0.085555556 0.14222222 -0.21777778 -0.2 -0.14444444 -0.31222222 -0.047777778 -0.25666667 0.075555556 -0.53777778 -0.048888889 -0.048888889 -0.048888889 -0.15775129 -0.15777778 -0.15777778 -0.42111111 -0.13111111 -0.13111111 -0.13111111 -0.08 -0.08 -0.08 -0.42888889 -0.42888889 -0.4288889 -0.50805246 -0.38452467 -0.37993981 0.21224915 0.21777778 0.21777778 0.22113174 0.24444444 0.24444444 0.2440182 -0.088888889 -0.088888889 -0.088888889 -0.088888889 -0.088888889 -0.48888889 -0.48888889 -0.48888889 -0.48888889 0.15444444 0.15444444
0.33333333 0.033333258 -0.34113409 0.25777778 -0.23222222 0.046666667 -0.024444444 -0.34777778 -0.24444444 -0.037047273 -0.28111111 -0.46888889 -0.16777778 -0.25666667 -0.22 -0.53777778 -0.2985114 -0.29649306 -0.42777778 -0.15777778 -0.15777778 -0.45555556 -0.42111111 -0.42111111 -0.13111111 -0.13111086 -0.08 -0.08 -0.08 -0.58222222 -0.58831864 -0.59333333 -0.59333333 -0.59333269 0.21777778 0.21777778 0.21777778 0.21777778 0.24444444 0.24444444 0.24444444 0.24444443 -0.088888889 -0.088888889 -0.088888889 -0.088888889 -0.088888889 -0.48888384 -0.48888889 -0.48888889 -0.48888889 0.15443715 0.15444444
0.33333333 0.12777692 -0.34111111 -0.45062193 -0.23222222 -0.34777778 -0.38332572 -0.39777778 -0.33222222 -0.33444457 -0.36670376 -0.38110315 -0.32555556 -0.22 -0.22 -0.42883637 -0.29666667 -0.29666667 -0.42777778 -0.42777778 -0.15777837 -0.45555556 -0.41555556 -0.32888889 -0.15555556 -0.15551266 -0.08 -0.08 -0.58222222 -0.58222222 -0.59333333 -0.59333333 -0.59333333 -0.53319947 0.21777778 0.21777778 0.21777778 0.24444444 0.24444444 0.24444444 0.24444444 0.24443876 -0.088888885 -0.088888889 -0.088888889 -0.088888889 -0.088888889 -0.092449384 -0.48888889 -0.48887006 -0.068888889 -0.068888889 -0.068888889
-1.0411111 0.11555556 0.23888891 -0.3 -0.026666667 -0.075555556 -0.40111111 -0.40068435 -0.54444444 -0.42222222 -0.59777778 -0.49777778 -0.49777766 -0.87777778 -0.87777778 -0.31992998 -0.32 -0.15888889 -0.15888889 -0.42777753 -0.43222222 -0.43222222 -0.32888889 -0.15555556 -0.15555556 0.027777778 -0.60888889 -0.60888889 -0.3844623 -0.58222222 -0.59333333 -0.59333333 -0.27444444 -0.27446418 -0.46331976 -0.35333333 -0.35333333 0.059508243 0.24444444 0.24444444 0.185629 0.18555556 0.18555646 0.35207588 0.35995039 0.35999988 0.35999998 0.35999983 0.34398741 -0.068888889 -0.068888889 -0.068888889 -0.068888889
-0.18222856 0.18 0.041677393 0.046666667 0.24333333 -0.42777778 -0.35777778 -0.46555556 -0.63777778 -0.63777778 -0.59777778 -0.44 -0.48222215 -0.87777778 -0.03000254 -0.03 -0.32 -0.10777778 -0.14111111 -0.14111111 -0.35891435 -0.27666667 -0.27666667 0.079999997 0.027777778 0.027777778 -0.60888889 -0.60888889 -0.38443978 -0.38435861 -0.13386196 -0.27444444 -0.27444444 -0.46333333 -0.46333333 -0.16391963 -0.35333333 -0.35333333 -0.28333576 0.1855549 0.18555556 0.18555556 0.18556137 0.3600016 0.36 0.36 0.36 0.36000005 0.44333333 -0.06878738 -0.068888889 -0.068888889 -0.068888889
-0.18222222 -0.46777778 0.21 -0.44777778 -0.14446183 -0.52444444 -0.58888889 -0.46 -0.66888889 -0.38 -0.38 -0.19111111 -0.48222222 -0.48222222 -0.033102664 -0.15244621 -0.16444444 -0.091111111 -0.39777751 -0.14111111 -0.091088767 -0.072222222 -0.10444444 -0.15 -0.14999933 -0.097777778 -0.036666666 -0.036666869 -0.30472478 -0.30444444 -0.13333333 -0.014457265 -0.21333333 -0.46333333 -0.44688611 -0.0055555556 -0.0055555556 -0.28333333 -0.28333333 0.18555556 0.18555556 0.18555556 0.64703217 0.64777776 0.36 0.36 0.36 0.44333016 0.44333333 0.44333333 -0.068888889 -0.068888889 -0.068888889
-0.42428599 -0.46777777 0.21666667 0.39 0.17 -0.37777778 -0.26 -0.084444444 -0.38555556 -0.14543823 -0.32333333 -0.26444444 -0.26444444 -0.2 -0.19999714 -0.4004515 -0.40111111 -0.40111111 -0.13792425 0.028888821 -0.29444444 -0.29444444 0.0088888889 -0.059781642 -0.1030404 -0.097777778 0.0077777778 -0.036666667 -0.15265538 -0.15333333 0.041111111 0.19222222 0.16088229 0.028888889 0.11333333 -0.0055555556 -0.033333333 -0.28111111 0.18089768 0.18721707 0.55777778 0.59 0.64776258 0.64777778 0.64615801 0.36 0.41 0.44333333 0.44333333 0.44333333 0.44333333 -0.026141334 0.33666667
-0.18111111 -0.18111111 -0.037777778 0.17222222 -0.17222222 -0.54222222 -0.26333333 -0.25111111 -0.025555556 -0.084450482 -0.048888889 -0.23444444 -0.2 -0.2 0.10444444 0.097510522 -0.40111111 -0.40100028 0.06 0.028888889 0.028888889 -0.012767281 0.0088888889 -0.25332837 -0.25333333 -0.25333333 0.0077777778 0.24333333 0.24333333 -0.15333333 -0.15333333 0.19210421 0.13 0.028888889 0.16111111 -0.0055555556 -0.033333333 -0.26 0.18111111 0.8260421 0.59 0.57693904 0.55444444 0.64777778 0.64777778 0.41 0.41 0.41 0.44333333 0.44333333 0.27444444 0.27444444 0.27444447
-0.18111111 -0.18111111 -0.25222222 -0.55111111 -0.38777778 -0.017777778 -0.3 -0.20802705 -0.39222222 -0.34777778 0.024444444 -0.35333333 -0.23460267 0.10444444 0.10444444 0.10446905 0.31777778 0.30424839 0.06 0.22222222 0.22222222 0.44666667 0.44666667 -0.25333333 -0.25333333 -0.25333333 0.24333333 0.24333333 0.24333333 0.10555556 0.10555556 0.1055556 0.26222222 0.26222222 -0.094444444 0.13222222 0.36666667 -0.049999338 0.29555556 0.83666667 0.83666667 0.49111132 0.55444444 0.64777778 0.61666661 0.53111111 0.54386542 0.54444444 0.73777778 0.73777778 0.27444444 0.27444444 0.27444444
-0.18111111 -0.21191278 -0.37976877 -0.58110379 -0.14111111 -0.086666667 -0.3 -0.20777778 -0.39222068 -0.34827017 -0.35333333 -0.35333333 0.34888889 0.10444444 0.10444444 0.31777777 0.31777778 0.31776311 0.06 0.22222222 0.26629855 0.44666667 0.44666667 -0.25330498 -0.25333333 -0.066328427 0.31555556 0.31555556 0.31555555 0.10555556 0.10555556 0.32111111 0.32111111 0.26222124 -0.094444444 0.57333305 0.31232468 -0.05 -0.05 0.83666666 0.49111111 0.49111111 0.49111203 0.61666667 0.61666667 0.53111111 0.54444444 0.54444444 0.73777778 0.73777778 0.27444444 0.27444444 0.27444444
-0.17 0.053049586 0.083310039 0.078524633 -0.14111096 -0.086667952 -0.29999999 -0.20891298 -0.37951211 -0.39106166 0.34888889 0.34888889 0.34888889 0.34888889 0.10447907 0.31777778 0.31777778 0.31444946 0.06 0.22233757 0.62444444 0.62444444 0.62444444 0.62444444 -0.23800622 0.31555556 0.31555556 0.31555556 0.31555556 0.31546041 0.32111111 0.32111111 0.32111111 0.32111111 0.57333333 0.57333333 0.57333333 -0.019854135 -0.043958188 0.75444444 0.75444444 0.49112528 0.58000126 0.61666314 0.61666667 0.53111111 0.54444444 0.54444444 0.73777778 0.73777778 0.27612537 0.27444444 0.07118325
-0.17 0.083333333 0.083333333 0.083333333 0.083333333 0.083333261 -0.29945389 -0.2563878 -0.34560272 0.34809191 0.34888889 0.34888889 0.34888889 0.34888889 0.34888907 0.31777777 0.31777774 0.30009598 0.060005419 0.62444444 0.62444444 0.62444444 0.62444444 0.62444444 0.62511574 0.40606846 0.41444442 0.41444444 0.41444444 0.41444444 0.32111112 0.32111111 0.3211116 0.73111111 0.73111111 0.57333333 0.89091596 0.9 0.75444453 0.75444444 0.75444444 0.75444444 0.58 0.58 0.58 0.57965978 0.31924978 0.31777778 0.31777778 0.31777778 0.31777779 0.7499999 0.75
0.38555555 0.083333333 0.083333333 0.083333333 0.083333333 0.083333333 0.08333331 -0.10778914 0.59716863 0.60222222 0.60222222 0.60222222 0.60222222 0.60222222 0.60222222 0.65117482 0.32306232 0.28247948 0.62437356 0.62444444 0.62444444 0.62444444 0.62444444 0.62444473 0.65555556 0.65555556 0.65555522 0.41444444 0.41444444 0.41519202 0.78777778 0.78777778 0.73111111 0.73111111 0.73111111 0.87294585 0.9 0.9 0.9 0.75444444 0.75444444 0.75444444 0.58 0.58 0.58 0.58 0.31777778 0.31777778 0.31777778 0.31777778 0.31777778 0.75 0.75
0.38555556 0.27304166 0.083333333 0.083333333 0.083333333 0.083333333 0.31884266 0.31888889 0.3188889 0.60222222 0.60222222 0.60222222 0.60222222 0.60222222 0.61325257 0.65222222 0.65222222 0.65222222 0.86592879 0.86666642 0.86666667 0.86666667 0.86666667 0.86666667 0.65555556 0.65555556 0.65555556 0.65555556 0.41444444 0.78777778 0.78777778 0.78777778 0.73111112 0.73111111 0.73111111 0.91555556 0.9000206 0.9 0.9 0.75445332 0.77206227 0.81315733 0.58 0.58 0.70738345 0.70777778 0.70777778 0.3183105 0.63998121 0.64111108 0.64111105 0.7766626 0.75000005
0.38555556 0.2190401 0.14968159 0.083333333 0.083333333 0.31874971 0.31888889 0.31888889 0.31888889 0.32093067 0.60222222 0.60222222 0.60222222 0.60222223 0.65222222 0.65222222 0.65222222 0.65222222 0.86647511 0.86666667 0.86666667 0.86666667 0.86666667 0.86666667 0.65555556 0.65555556 0.65555556 0.65555556 0.6560365 0.78777778 0.78777778 0.78777778 1.0633333 0.73113789 0.91555556 0.91555556 0.91555556 0.9161651 0.81882485 0.81333333 0.81333333 0.81333333 0.82777778 0.82777778 0.70777778 0.70777778 0.70777778 0.64111111 0.64111111 0.64111111 0.64111111 0.77666667 0.77666667
0.21461708 0.21444444 0.21444444 0.21444444 0.23666667 0.31888677 0.31888889 0.31888889 0.31888889 0.31888889 0.59381009 0.60222077 0.60222222 0.65222222 0.65222222 0.65222222 0.65222222 0.65222222 0.65689883 0.86666667 0.86666667 0.86666667 0.86666667 0.86666667 0.87642252 1.0533312 1.0533333 1.0533333 1.0533333 0.78777779 1.0633333 1.0633333 1.0633333 1.0633333 0.91555556 0.91555702 0.97111111 0.97111111 0.81530342 0.81333333 0.81333333 0.81333333 0.82777778 0.82777778 0.72635791 0.70777778 0.70777778 0.64111111 0.64111111 0.64111111 0.64256462 0.77666667 0.77666667
0.21444444 0.21444444 0.21444444 0.22490922 0.23666667 0.23666667 0.31888889 0.31888889 0.31888889 0.31888889 0.49111111 0.49111111 0.49111111 0.65222222 0.65222222 0.65222222 0.65222222 0.65219909 0.46 0.46 0.8666665 0.86666667 0.86333941 0.73 0.73291083 1.0533333 1.0533333 1.0533333 1.0533333 1.0633323 1.0633333 1.0633333 1.0633333 1.0633333 0.97111092 0.97111111 0.97111111 0.97111111 0.97057037 0.81333333 0.81333333 0.81333333 0.82777778 0.82777778 0.82777778 0.70777778 0.70777778 0.64111112 0.64111111 0.64111111 0.77666667 0.77666667 0.77666667
0.21444444 0.21444444 0.21444444 0.23666667 0.23666667 0.23666667 0.23666679 0.31888889 0.31888889 0.49093333 0.49111111 0.49111111 0.49111111 0.49121149 0.53890308 0.51222222 0.51222222 0.51222222 0.46 0.46 0.46 0.73 0.73 0.73 0.73003611 0.9513425 1.0533333 1.0533333 1.0533333 1.0332711 1.0266703 1.0266667 1.0266667 1.0266667 1.0736075 1.2177772 1.2177778 1.2177778 1.2177778 1.0521895 1.0522222 1.0522222 0.82777778 0.82777778 0.96999941 0.96999999 0.93444444 0.93444444 0.96 0.96 0.96 0.77666667 0.87435702
0.21444523 0.21444444 0.21444445 0.23666667 0.23666667 0.23666667 0.23666667 0.27555557 0.31871563 0.49100129 0.49111111 0.49111111 0.49111111 0.49115254 0.51222222 0.51222222 0.51222222 0.51222221 0.46 0.46 0.46 0.73 0.73 0.73 0.85888889 0.85888889 0.91222222 0.91222222 0.91222222 0.91284655 1.0266667 1.0266667 1.0266667 1.0266667 1.1221697 1.2177778 1.2177778 1.2177778 1.2177778 1.0522222 1.0522222 1.0522222 1.0496352 0.97 0.97 0.97 0.93444444 0.93444444 0.96 0.96 0.96 0.87444445 0.87444444
0.46888889 0.35305783 0.38111111 0.38106921 0.23666667 0.27533055 0.27555556 0.27555556 0.34519236 0.37 0.37 0.37 0.37 0.31333518 0.31333333 0.51222207 0.51222222 0.51084624 0.46 0.46 0.46 0.56777778 0.56777778 0.56777778 0.85888889 0.85888889 0.91222222 0.91222222 0.91222222 0.91222228 0.99333355 0.99333343 1.0258289 1.0266309 1.1065761 1.1066667 1.1066667 1.1066667 1.1066667 1.0522222 1.0522222 1.0522222 0.97452726 0.97 0.97 0.96999994 0.93444444 0.93444444 0.93444536 0.96 0.95999473 0.84222222 0.87444444
0.51110309 0.51111109 0.38111111 0.38111111 0.38111111 0.27555556 0.27555556 0.27555556 0.46666667 0.46666667 0.37 0.37 0.37 0.31333333 0.31333333 0.31333333 0.31333333 0.31335037 0.46 0.46 0.46 0.56777778 0.56777778 0.56777778 0.85888889 0.85888889 0.91222222 0.91222222 0.91222222 0.9924188 0.99333333 0.99333333 0.99333333 0.99333333 1.1066107 1.1066667 1.1066667 1.1066667 1.1066667 0.82222228 0.82222222 0.82222222 0.82222222 0.9699972 0.60555556 0.60555556 0.60555556 0.71222222 0.71222222 0.71222222 0.84222222 0.84222222 0.84222222
0.51111111 0.51111111 0.38111111 0.38111111 0.38111111 0.27611037 0.27555556 0.46666667 0.46666667 0.46666667 0.3700119 0.37 0.21020672 0.3133333 0.31333333 0.31333333 0.31333333 0.11111111 0.11111111 0.11111111 0.20444445 0.20444471 0.56777601 0.56777778 0.56787533 0.59444444 0.59444444 0.5944452 0.91217087 0.94445419 0.9444447 0.94445298 0.99324978 0.99329114 1.0864489 1.1066664 1.1045852 0.48555556 0.48555556 0.82222222 0.82222222 0.82222222 0.82222222 0.60555556 0.60555556 0.60555556 0.60555556 0.71222222 0.71222222 0.71222222 0.84222222 0.84222222 0.84222222
0.51111111 0.51111111 0.38111111 0.38111111 0.38111111 0.38111111 0.34708286 0.46666667 0.46666667 0.46666667 0.46650525 0.17444444 0.17444444 0.17444444 0.31251483 0.31333333 0.11245867 0.11111111 0.11111111 0.11111111 0.20444444 0.20444444 0.20444444 0.20444444 0.59444444 0.59444444 0.59444444 0.59444444 0.59444444 0.94444444 0.94444444 0.94444444 0.94444444 0.94444414 0.79777778 0.48555556 0.48555556 0.48555556 0.48555556 0.48555571 0.48 0.48 0.48 0.50386403 0.55333333 0.55333333 0.55333333 0.71222222 0.71222211 0.59222222 0.59222222 0.77446093 0.77444444
0.51111111 0.51111111 0.42803198 0.38111111 0.38111111 0.38111111 0.36462584 0.46634452 0.46666667 0.46666667 0.17444448 0.17444444 0.17444444 0.17444444 0.17444444 0.1858193 0.11111111 0.11111111 0.11111111 0.11111111 0.20444372 0.20444444 0.20444444 0.20444444 0.59444444 0.59444444 0.59444444 0.59444444 0.59444444 0.56593455 0.94444444 0.94444444 0.94444444 0.79777778 0.79777778 0.79753533 0.48555556 0.48555556 0.54746119 0.59555555 0.48 0.48 0.48 0.50374857 0.55333333 0.55333333 0.55333333 0.49444444 0.59100392 0.59222222 0.59222222 0.77444444 0.77444444
0.55111111 0.55111111 0.55111111 0.42373478 0.38125388 0.36444444 0.36444444 0.36444444 0.36444444 0.34111111 0.34111111 0.17444446 0.17444444 0.17444444 0.17444444 0.17444043 0.11111111 0.11111111 0.11111111 0.11111111 0.16371681 0.20444444 0.20444444 0.20476431 0.23348868 0.59444444 0.59444444 0.59444444 0.43222222 0.43222222 0.43222222 0.43222437 0.79777778 0.79777778 0.79777778 0.79777778 0.59555556 0.59555556 0.59555556 0.59555556 0.49444444 0.49444444 0.49444444 0.60666441 0.60666667 0.60666667 0.60666665 0.49444444 0.49444444 0.59210309 0.59222222 0.77444325 0.77444444
