interpolatedSpi/02-10|20_2.tif
NCOLS 53
NROWS 52
XLLCORNER -116.03883
YLLCORNER 28.596182
DX 0.49850594
DY 0.49788537
NODATA_VALUE -9999
[rows 0 to 26 of 52, columns 0 to 52 of 53]
-0.0066666667 -0.0066666667 -0.20528869 -0.52555556 -0.0055555556 0.063333333 0.37111111 0.41777778 -0.040809583 -0.21333333 -0.23666667 0.23 0.036694023 0.36888889 -0.091111111 -0.091111111 -0.091111111 0.17666667 0.30444444 0.30444444 0.30444444 0.30444112 -0.041111111 -0.043333333 -0.043333333 -0.043333333 0.36889076 0.36888889 0.36888889 0.068888889 0.068888889 0.068888889 0.068888889 0.40999993 0.41 0.41 0.41 0.41 0.41 0.41000001 0.9629327 0.96870887 0.26222222 0.26222222 0.26222222 0.26222222 0.26278845 0.60888889 0.60888889 0.60888889 1.048888 1.0488889 1.0488889
-0.0066822669 -0.35777778 -0.13555505 -0.021861694 0.28865991 0.35333333 0.30333333 0.20351727 -0.11222222 0.10444444 0.17111111 0.036666667 0.036666667 0.37221111 0.36888487 -0.091111111 0.17666667 0.17666667 0.30427784 0.30444444 0.30444444 0.30444444 -0.070119765 -0.043333333 -0.043333333 -0.043333333 -0.013333335 -0.013333333 0.068888889 0.068888889 0.068888889 0.068888889 0.068888889 0.40999995 0.41 0.41 0.41 0.41 0.41000001 0.37921176 0.19225428 0.25372853 0.26222222 0.26222222 0.26222222 0.26222222 0.26222222 0.60888889 0.60888889 0.60888889 0.64537411 1.0488889 1.0488889
0.56663868 0.56666667 0.30111111 0.76666667 0.29444444 0.16 0.37888889 -0.072222222 0.14444444 0.14111111 0.53333333 -0.15444444 -0.48444444 0.0088888889 0.37222222 0.43777778 0.17666667 0.17666667 0.17666667 0.073400518 0.073333333 0.073333333 -0.55222222 -0.043333333 -0.043333333 -0.043333333 -0.013333333 -0.013333333 -0.013333333 0.068888889 0.068888889 0.068888851 -0.30767294 0.40934132 0.41138584 0.55752455 0.55888889 0.55888889 0.51277189 0.19222222 0.19222222 0.19231174 0.26222222 0.26222222 0.26222222 0.26222222 0.26222222 0.60888889 0.60888889 0.60888889 0.60888889 1.0488889 1.0488889
0.29111111 0.56666659 0.17329691 0.35888889 0.0011111111 0.24888889 0.56888889 -0.31111111 0.15444444 0.20420028 0.31333333 0.23777778 0.057777778 0.0088888889 0.21777778 0.43777778 -0.41343718 -0.41958194 -0.43555556 0.073333333 0.073333333 -0.87777778 -0.55222222 -0.55222222 -0.043333333 -0.043333183 -0.013333333 -0.013333333 -0.013333333 -0.74444444 -0.72737447 -0.71333333 -0.71333333 -0.71333233 0.55888889 0.55888889 0.55888889 0.55888889 0.19222222 0.19222222 0.19222222 0.19222222 0.26222222 0.26222222 0.26222222 0.26222222 0.26222222 0.60888452 0.60888889 0.60888889 0.60888889 1.0488187 1.0488889
0.29111111 0.048889117 0.17333333 0.17028517 0.0011111111 0.19222222 0.020026338 -0.26444444 -0.27111111 0.0099999373 0.117778 0.16891069 0.32111111 0.21777778 0.21777778 0.35150256 -0.42 -0.42 -0.43555556 -0.43555556 0.073331407 -0.87777778 -1.1377778 -0.52333333 -0.46555556 -0.46560144 -0.013333333 -0.013333333 -0.74444444 -0.74444444 -0.71333333 -0.71333333 -0.71333333 -0.65927566 0.55888889 0.55888889 0.55888889 0.19222222 0.19222222 0.19222222 0.19222222 0.19221493 0.26222222 0.26222222 0.26222222 0.26222222 0.26222222 0.26530799 0.60888889 0.60881221 -1.1011111 -1.1011111 -1.1011111
-0.99888889 0.038888889 0.40333333 0.10444444 0.26222222 0.40666667 0.08 0.035901246 0.092222222 -0.25444444 0.25 -0.35777778 -0.35777733 -0.08 -0.08 -0.43887306 -0.43888889 -0.56333333 -0.56333333 -0.43555588 -1.1477778 -1.1477778 -0.52333333 -0.46555556 -0.46555556 -0.66222222 -0.95666667 -0.95666667 -0.22115895 -0.74444444 -0.71333333 -0.71333333 -0.42666667 -0.42666098 -0.3722262 -0.62777778 -0.62777778 -0.061463497 0.19222222 0.19222222 0.1167609 0.11666667 0.11666768 -0.85874515 -0.87876277 -0.87888858 -0.87888885 -0.87888847 -1.3898588 -1.1011111 -1.1011111 -1.1011111 -1.1011111
-0.50889375 -0.18777778 -0.62016271 0.058888889 0.44444444 -0.13 0.0022222243 0.14555556 -0.21333333 -0.21333333 0.25 -0.17555556 -0.29777786 -0.08 -0.37333245 -0.37333333 -0.43888889 -0.63111111 -0.8 -0.8 -1.167152 -1.1888889 -1.1888889 -0.92555555 -0.66222222 -0.66222222 -0.95666667 -0.95666667 -0.22112477 -0.22136265 0.10714754 -0.42666667 -0.42666667 -0.37222222 -0.37222222 -0.78390792 -0.62777778 -0.62777778 -1.2233127 0.1166648 0.11666667 0.11666667 0.1166709 -0.87888672 -0.87888889 -0.87888889 -0.87888889 -0.87888927 -1.5088889 -1.1011919 -1.1011111 -1.1011111 -1.1011111
-0.50888889 -0.85111111 -0.39666667 -0.90444444 -1.0766568 -0.47333333 -0.16555556 -0.55777776 -0.34222222 -0.38888889 -0.38888889 -0.64555556 -0.29777778 -0.29777778 -0.37281495 -0.53119787 -0.54666667 -0.48666667 -0.76111115 -0.8 -1.0531201 -1.0044444 -1.3522222 -0.87111111 -0.87111398 -1.0933333 -1.0933333 -1.0933333 -0.45473403 -0.45555554 0.10888889 -0.30309175 -0.30222222 -0.37222222 -0.38058844 -0.91444444 -0.91444444 -1.2233333 -1.2233333 0.11666667 0.11666667 0.11666668 -0.48839296 -0.49000002 -0.87888889 -0.87888889 -0.87888889 -1.5088649 -1.5088889 -1.5088889 -1.1011111 -1.1011111 -1.1011111
-0.87336272 -0.8511111 -0.76 -0.59444444 -0.41333333 -0.63555556 -0.30777778 0.19 0.12666667 0.21792897 -0.047777778 -0.39444444 -0.39444444 -0.55777778 -0.55777485 -0.77380961 -0.77444444 -0.77444444 -0.52856104 -1.4366667 -1.5777778 -1.5777778 -1.1144444 -1.2585179 -1.0709392 -1.0933333 -1.0055556 -1.0933333 -0.79397198 -0.79222222 -0.30333333 0.21888889 -0.031260352 -0.76555556 -0.66555556 -0.73666667 -0.74666667 -0.61222222 -0.78436492 0.11863569 0.55777778 -0.31555555 -0.48999204 -0.49 -0.49218888 -0.87888889 -1.0977778 -1.5088889 -1.5088889 -1.5088889 -1.5088889 -1.1015261 -0.84444444
-0.99777778 -0.99777778 -0.68777778 -0.52444444 -0.34555556 -0.24444444 -0.21111111 -0.13444444 0.28666667 0.24108202 -0.073333333 -0.0011111111 -0.55777778 -0.55777778 -0.24666667 -0.25390538 -0.77444444 -0.77442717 -0.71 -1.4366667 -1.4366667 -1.4548465 -1.1144444 -1.3222183 -1.3222222 -1.3222222 -1.0055556 -0.67333333 -0.67333333 -0.79222222 -0.79222222 0.2179469 -0.27777778 -0.76555556 -0.64444444 -0.73666667 -0.74666667 -1.22 -0.78444444 0.19606926 -0.31555552 -0.36167706 -0.44111111 -0.49 -0.49 -1.0977778 -1.0977778 -1.0977778 -1.5088889 -1.5088889 -1.1044444 -1.1044444 -1.1044443
-0.99777778 -0.99777778 -1.1622222 -0.89666667 -0.98444444 -0.46333333 -0.64444444 0.022043345 -0.24222222 -0.17555556 -0.10222222 -0.17444444 -0.0013426934 -0.24666667 -0.24666667 -0.24670691 -0.59555556 -0.60156214 -0.71 -0.54666667 -0.54666667 -0.81 -0.81 -1.3222222 -1.3222222 -1.3222222 -0.67333333 -0.67333333 -0.67333333 -0.99333333 -0.99333333 -0.99333215 -0.70333333 -0.70333333 -0.75111111 -1.0666667 -0.72777778 -0.76888742 -1.0466667 0.21222222 0.21222222 -0.35111141 -0.44111111 -0.49 -0.62111121 -0.78444444 -0.62980196 -0.62777778 -0.86333333 -0.86333333 -1.1044444 -1.1044444 -1.1044444
-0.99777778 -1.0687109 -1.0489002 -1.1022127 -0.87222222 -1.0866667 -0.64444444 0.022222222 -0.24222001 -0.17629414 -0.17444445 -0.17444444 -0.22 -0.24666667 -0.24666667 -0.59555554 -0.59555556 -0.59556207 -0.71 -0.54666667 -0.59837998 -0.81 -0.81 -1.3222012 -1.3222222 -1.2400423 -1.0722222 -1.0722222 -1.0722222 -0.99333333 -0.99333333 -0.98 -0.98 -0.70333346 -0.75111111 -0.5266669 -0.70675345 -0.76888889 -0.76888889 0.2122222 -0.35111111 -0.35111111 -0.35111308 -0.62111111 -0.62111111 -0.78444444 -0.62777778 -0.62777778 -0.86333333 -0.86333333 -1.1044444 -1.1044444 -1.1044444
-0.22 -0.090279772 -0.0022559193 -0.010190483 -0.87222331 -1.0866616 -0.64444446 0.014015935 -0.2239993 -0.24048138 -0.22 -0.22 -0.22 -0.22 -0.24666289 -0.59555556 -0.59555556 -0.59703322 -0.71 -0.5466211 -0.38555556 -0.38555556 -0.38555556 -0.38555556 -1.3061689 -1.0722222 -1.0722222 -1.0722222 -1.0722222 -1.0721111 -0.98 -0.98 -0.98 -0.98 -0.52666667 -0.52666667 -0.52666667 -0.75700879 -0.76541735 -0.30666667 -0.30666667 -0.35110872 -0.43778405 -0.62109345 -0.62111111 -0.78444444 -0.62777778 -0.62777778 -0.86333333 -0.86333333 -1.1035697 -1.1044444 -0.7206492
-0.22 -0.0022222222 -0.0022222222 -0.0022222222 -0.0022222222 -0.0022226779 -0.64557639 -0.32903691 -0.17538222 -0.22002227 -0.22 -0.22 -0.22 -0.22 -0.22000007 -0.59555555 -0.59555557 -0.60340566 -0.70999735 -0.38555556 -0.38555556 -0.38555556 -0.38555556 -0.38555556 -0.38980955 -0.88715461 -0.83666672 -0.83666667 -0.83666667 -0.83666667 -0.98 -0.98 -0.98000003 -1.0055556 -1.0055556 -0.52666667 -0.3883994 -0.38444444 -0.30666671 -0.30666667 -0.30666667 -0.30666667 -0.43777778 -0.43777778 -0.43777778 -0.44019026 -0.66423842 -0.66444444 -0.66444444 -0.66444444 -0.66444445 0.40222191 0.40222222
0.045555555 -0.0022222222 -0.0022222222 -0.0022222222 -0.0022222222 -0.0022222222 -0.0022222659 -0.45622714 -0.31910732 -0.32 -0.32 -0.32 -0.32 -0.32 -0.32 -0.25145143 -0.59008194 -0.61122674 -0.38559631 -0.38555556 -0.38555556 -0.38555556 -0.38555556 -0.38555561 -0.58222222 -0.58222222 -0.58222258 -0.83666667 -0.83666667 -0.83680239 -0.90444444 -0.90444444 -1.0055556 -1.0055556 -1.0055556 -0.48393964 -0.38444444 -0.38444444 -0.38444444 -0.30666667 -0.30666667 -0.30666667 -0.43777778 -0.43777778 -0.43777778 -0.43777778 -0.66444444 -0.66444444 -0.66444444 -0.66444444 -0.66444444 0.40222222 0.40222222
0.045555556 0.027768432 -0.0022222222 -0.0022222222 -0.0022222222 -0.0022222222 -0.37659318 -0.37666667 -0.37666667 -0.32 -0.32 -0.32 -0.32 -0.32 -0.30455751 -0.25 -0.25 -0.25 -0.43097211 -0.43111106 -0.43111111 -0.43111111 -0.43111111 -0.43111111 -0.58222222 -0.58222222 -0.58222222 -0.58222222 -0.83666667 -0.90444444 -0.90444444 -0.90444444 -1.0055555 -1.0055556 -1.0055556 -0.28333333 -0.38431057 -0.38444444 -0.38444444 -0.30670364 -0.38046211 -0.5525961 -0.43777778 -0.43777778 -0.49537725 -0.49555556 -0.49555556 -0.66362652 -0.16840617 -0.16666671 -0.16666676 0.12559736 0.40222166
0.045555556 -0.096090626 -0.051702279 -0.0022222222 -0.0022222222 -0.37644543 -0.37666667 -0.37666667 -0.37666667 -0.37625831 -0.32 -0.32 -0.32 -0.31999999 -0.25 -0.25 -0.25 -0.25 -0.43094933 -0.43111111 -0.43111111 -0.43111111 -0.43111111 -0.43111111 -0.58222222 -0.58222222 -0.58222222 -0.58222222 -0.58339425 -0.90444444 -0.90444444 -0.90444444 -0.44777779 -1.0054686 -0.28333333 -0.28333333 -0.28333333 -0.28801881 -0.54264664 -0.55333333 -0.55333333 -0.55333333 -0.43666667 -0.43666667 -0.49555556 -0.49555556 -0.49555556 -0.16666667 -0.16666667 -0.16666667 -0.16666667 0.12555556 0.12555556
-0.099788734 -0.1 -0.1 -0.1 -0.29777778 -0.37666463 -0.37666667 -0.37666667 -0.37666667 -0.37666667 -0.29829701 -0.31999626 -0.31999999 -0.25 -0.25 -0.25 -0.25 -0.25 -0.29688465 -0.43111111 -0.43111111 -0.43111111 -0.43111111 -0.43111111 -0.41488198 -0.27333501 -0.27333333 -0.27333333 -0.27333333 -0.90444442 -0.44777779 -0.44777778 -0.44777778 -0.44777778 -0.28333333 -0.28334454 -0.70888889 -0.70888889 -0.55527568 -0.55333333 -0.55333333 -0.55333333 -0.43666667 -0.43666667 -0.48643753 -0.49555556 -0.49555556 -0.16666667 -0.16666667 -0.16666667 -0.16353328 0.12555556 0.12555556
-0.1 -0.1 -0.1 -0.19313651 -0.29777778 -0.29777778 -0.37666667 -0.37666667 -0.37666667 -0.37666667 -0.033333333 -0.033333333 -0.033333333 -0.25 -0.25 -0.25 -0.25 -0.25003562 -0.76777778 -0.76777778 -0.43111125 -0.43111111 -0.43176033 -0.45777778 -0.4561173 -0.27333333 -0.27333333 -0.27333333 -0.27333333 -0.44776002 -0.44777778 -0.44777778 -0.44777778 -0.44777778 -0.70888739 -0.70888889 -0.70888889 -0.70888889 -0.70831821 -0.55333333 -0.55333333 -0.55333333 -0.43666667 -0.43666667 -0.43666667 -0.49555556 -0.49555556 -0.16666667 -0.16666667 -0.16666667 0.12555556 0.12555556 0.12555556
-0.1 -0.1 -0.1 -0.29777778 -0.29777778 -0.29777778 -0.2977779 -0.37666667 -0.37666667 -0.033687752 -0.033333333 -0.033333333 -0.033333333 -0.03346833 -0.4244755 -0.46555556 -0.46555556 -0.46555556 -0.76777778 -0.76777778 -0.76777778 -0.45777778 -0.45777778 -0.45777778 -0.45772331 -0.26808809 -0.27333333 -0.27333333 -0.27333333 -0.24498153 -0.20335738 -0.20333333 -0.20333333 -0.20333333 -0.53797903 -0.29888982 -0.29888889 -0.29888889 -0.29888889 -0.29003603 -0.29 -0.29 -0.43666667 -0.43666667 0.20666398 0.2066666 0.0055555556 0.0055555556 0.028888889 0.028888889 0.028888889 0.12555556 0.40197485
-0.099999831 -0.1 -0.10000001 -0.29777778 -0.29777778 -0.29777778 -0.29777778 -0.43999998 -0.3769199 -0.033416958 -0.033333333 -0.033333333 -0.033333333 -0.034181473 -0.46555556 -0.46555556 -0.46555556 -0.46555564 -0.76777778 -0.76777778 -0.76777778 -0.45777778 -0.45777778 -0.45777778 -0.26333333 -0.26333333 -0.34777778 -0.34777778 -0.34777778 -0.34698979 -0.20333333 -0.20333333 -0.20333333 -0.20333333 -0.25108493 -0.29888889 -0.29888889 -0.29888889 -0.29888889 -0.29 -0.29 -0.29 -0.27437297 0.20666667 0.20666667 0.20666667 0.0055555556 0.0055555556 0.028888889 0.028888889 0.028888889 0.40222221 0.40222222
-0.045555556 -0.084513271 -0.50444444 -0.50438449 -0.29777778 -0.43917711 -0.44 -0.44 -0.39748916 -0.12555556 -0.12555556 -0.12555556 -0.12555556 -0.59220703 -0.59222222 -0.46555565 -0.46555556 -0.47351867 -0.76777778 -0.76777778 -0.76777778 -0.76111111 -0.76111111 -0.76111111 -0.26333333 -0.26333333 -0.34777778 -0.34777778 -0.34777778 -0.34777774 -0.29666607 -0.2966664 -0.20567913 -0.20343339 -0.6472687 -0.64777778 -0.64777778 -0.64777778 -0.64777778 -0.29 -0.29 -0.29 0.17931839 0.20666667 0.20666667 0.20666659 0.0055555556 0.0055555556 0.0055563955 0.028888889 0.02890131 0.30666667 0.40222222
-0.38882369 -0.38888891 -0.50444444 -0.50444444 -0.50444444 -0.44 -0.44 -0.44 -0.32333333 -0.32333333 -0.12555556 -0.12555556 -0.12555556 -0.59222222 -0.59222222 -0.59222222 -0.59222222 -0.59224122 -0.76777778 -0.76777778 -0.76777778 -0.76111111 -0.76111111 -0.76111111 -0.26333333 -0.26333333 -0.34777778 -0.34777778 -0.34777778 -0.29724295 -0.29666667 -0.29666667 -0.29666667 -0.29666667 -0.64760453 -0.64777778 -0.64777778 -0.64777778 -0.64777778 -0.66666657 -0.66666667 -0.66666667 -0.66666667 0.20666355 -0.2 -0.2 -0.2 0.17111111 0.17111111 0.17111111 0.30666667 0.30666667 0.30666667
-0.38888889 -0.38888889 -0.50444444 -0.50444444 -0.50444444 -0.44033873 -0.44 -0.32333333 -0.32333333 -0.32333333 -0.1255799 -0.12555556 -0.68120037 -0.59222227 -0.59222222 -0.59222222 -0.59222222 -0.88777778 -0.88777778 -0.88777778 -0.92555555 -0.92555543 -0.76111191 -0.76111111 -0.76105896 -0.90888889 -0.90888889 -0.90888755 -0.34786846 -0.22779151 -0.22777814 -0.2277898 -0.29654893 -0.29660722 -0.58519915 -0.6477778 -0.64794534 -0.69777778 -0.69777778 -0.66666667 -0.66666667 -0.66666667 -0.66666667 -0.2 -0.2 -0.2 -0.2 0.17111111 0.17111111 0.17111111 0.30666667 0.30666667 0.30666667
-0.38888889 -0.38888889 -0.50444444 -0.50444444 -0.50444444 -0.50444444 -0.39633507 -0.32333333 -0.32333333 -0.32333333 -0.3235997 -0.80555556 -0.80555556 -0.80555556 -0.59347944 -0.59222222 -0.88580827 -0.88777778 -0.88777778 -0.88777778 -0.92555556 -0.92555556 -0.92555556 -0.92555556 -0.90888889 -0.90888889 -0.90888889 -0.90888889 -0.90888889 -0.22777778 -0.22777778 -0.22777778 -0.22777778 -0.22777818 -0.42 -0.69777778 -0.69777778 -0.69777778 -0.69777778 -0.69777805 -0.78777778 -0.78777778 -0.78777778 -0.65182594 -0.37 -0.37 -0.37 0.1711111 0.17111102 0.072222222 0.072222222 0.23224033 0.23222222
-0.38888889 -0.38888889 -0.462737 -0.50444444 -0.50444444 -0.50444446 -1.2882846 -0.32637973 -0.32333333 -0.32333333 -0.80555562 -0.80555556 -0.80555556 -0.80555556 -0.80555556 -0.78808154 -0.88777778 -0.88777778 -0.88777778 -0.88777778 -0.92555526 -0.92555556 -0.92555556 -0.92555556 -0.90888889 -0.90888889 -0.90888889 -0.90888889 -0.90888889 -0.56851879 -0.22777778 -0.22777778 -0.22777778 -0.42 -0.42 -0.4202157 -0.69777778 -0.69777778 -0.63587214 -0.58777779 -0.78777778 -0.78777778 -0.78777778 -0.65319627 -0.37 -0.37 -0.37 -0.14222222 0.069550265 0.072222222 0.072222222 0.23222222 0.23222222
-1.15 -1.15 -1.15 -0.66630297 -0.50600449 -1.29 -1.29 -1.29 -1.29 -1.1255556 -1.1255556 -0.80555558 -0.80555556 -0.80555556 -0.80555556 -0.80556078 -0.88777778 -0.88777778 -0.88777778 -0.88777778 -0.90907056 -0.92555556 -0.92555556 -0.91886756 -0.68063745 -0.90888889 -0.90888889 -0.90888889 -0.68888889 -0.68888889 -0.68888889 -0.68888695 -0.42 -0.42 -0.42 -0.42 -0.58777778 -0.58777778 -0.58777778 -0.58777778 -0.77111111 -0.77111111 -0.77111111 -0.2677879 -0.26777778 -0.26777778 -0.26777781 -0.14222222 -0.14222222 0.071960933 0.072222222 0.23222088 0.23222222
