interpolatedSpi/02-11|22_1.tif
NCOLS 53
NROWS 52
XLLCORNER -116.03883
YLLCORNER 28.596182
DX 0.49850594
DY 0.49788537
NODATA_VALUE -9999
[rows 0 to 38 of 52, columns 0 to 52 of 53]
-0.029 -0.029 -0.24814786 -0.405 0.043 -0.042 -0.164 -0.128 -0.2663824 -0.261 -0.315 -0.175 -0.25799341 -0.178 -0.226 -0.226 -0.226 0.209 0.005 0.005 0.005 0.0049945482 -0.56099999 0.079 0.079 0.079 -0.20500021 -0.205 -0.205 -0.162 -0.162 -0.162 -0.162 0.10699995 0.107 0.107 0.107 0.107 0.107 0.10700001 0.38005925 0.38280333 -0.39 -0.39 -0.39 -0.39 -0.38982033 -0.28 -0.28 -0.28 0.29099881 0.291 0.291
-0.029019328 -0.464 -0.29000005 -0.26337639 -0.2161631 -0.089 -0.116 -0.07219521 -0.303 -0.336 -0.305 -0.258 -0.258 0.075153045 -0.17799736 -0.226 0.209 0.209 0.0052659887 0.005 0.005 0.005 0.075104855 0.079 0.079 0.079 -0.036999992 -0.037 -0.162 -0.162 -0.162 -0.162 -0.162 0.10699996 0.107 0.107 0.107 0.107 0.10700003 0.21385951 0.76795428 -0.24948606 -0.39 -0.39 -0.39 -0.39 -0.39 -0.28 -0.28 -0.28 -0.23265213 0.291 0.291
-0.074999114 -0.075 -0.331 0.093 -0.278 -0.366 -0.208 -0.154 -0.609 -0.227 -0.306 -0.43 -0.336 0.225 0.076 -0.343 0.209 0.209 0.209 0.1339625 0.134 0.134 0.005 0.079 0.079 0.079 -0.037 -0.037 -0.037 -0.162 -0.162 -0.16199999 -0.10278779 0.10763008 0.11050906 0.48054537 0.484 0.484 0.51971972 0.768 0.768 0.76651921 -0.39 -0.39 -0.39 -0.39 -0.39 -0.28 -0.28 -0.28 -0.28 0.291 0.291
-0.173 -0.075000032 -0.2330118 0.38 -0.494 -0.202 -0.265 -0.499 -0.204 -0.057176289 -0.154 -0.157 -0.22 0.225 -0.296 -0.343 -0.36086228 -0.36060063 -0.534 0.134 0.134 -0.219 0.005 0.005 0.079 0.078999421 -0.037 -0.037 -0.037 -0.322 -0.1667242 -0.039 -0.039 -0.038999588 0.484 0.484 0.484 0.484 0.768 0.768 0.768 0.76799996 -0.39 -0.39 -0.39 -0.39 -0.39 -0.28000139 -0.28 -0.28 -0.28 0.29099311 0.291
-0.173 0.12099935 -0.233 -0.099608702 -0.494 -0.457 -0.064012085 0.137 -0.172 0.30299979 0.07246713 -0.035990833 0.028 -0.296 -0.296 -0.32773042 -0.361 -0.361 -0.534 -0.534 0.13399926 -0.219 0.176 0.122 -0.082 -0.081903869 -0.037 -0.037 -0.322 -0.322 -0.039 -0.039 -0.039 -0.00053100088 0.484 0.484 0.484 0.768 0.768 0.768 0.768 0.76797181 -0.38999999 -0.39 -0.39 -0.39 -0.39 -0.38902086 -0.28 -0.27998386 0.08 0.08 0.08
-1.527 -0.308 -0.080000002 -0.016 -0.308 -0.186 -0.309 -0.25189923 0.139 -0.297 -0.337 -0.102 -0.10199991 -0.048 -0.048 -0.31492974 -0.315 -0.155 -0.155 -0.5339994 -0.568 -0.568 0.122 -0.082 -0.082 0.329 -0.039 -0.039 0.1759544 -0.322 -0.039 -0.039 0.165 0.16502853 0.43798051 0.644 0.644 0.72963777 0.768 0.768 0.47636419 0.476 0.47600155 0.11590884 0.12494308 0.12499986 0.12499998 0.12499981 0.086266634 0.08 0.08 0.08 0.08
-0.88300407 -0.446 -0.42534251 -0.179 -0.133 -0.476 -0.182 -0.231 -0.111 -0.111 -0.337 0.054 -0.32699994 -0.048 -0.024000072 -0.024 -0.315 0.151 0.144 0.144 -0.46290793 -0.345 -0.345 0.182 0.329 0.329 -0.039 -0.039 0.17598333 0.17569315 0.33761528 0.165 0.165 0.438 0.438 0.68920512 0.644 0.644 0.62600062 0.47600021 0.476 0.476 0.47600804 0.12500093 0.125 0.125 0.125 0.12499999 0.1 0.080003963 0.08 0.08 0.08
-0.883 -0.249 0.006 -0.574 -0.37701129 -0.311 -0.323 -0.272 -0.212 -0.088 -0.088 -0.122 -0.327 -0.327 -0.026078861 -0.28538725 -0.311 0.128 -0.27299957 0.144 0.091447239 0.144 -0.415 0.14 0.13999685 -0.104 0.068000001 0.067999962 -0.10899782 -0.10999999 0.339 0.053320035 0.305 0.438 0.44259191 0.727 0.727 0.626 0.626 0.476 0.476 0.47600001 0.29368065 0.29099999 0.125 0.125 0.125 0.10000095 0.1 0.1 0.08 0.08 0.08
-0.34306363 -0.249 0.108 -0.064 -0.276 -0.368 -0.104 0.221 -0.122 0.010374643 -0.007 -0.192 -0.192 0.231 0.23099508 -0.47454292 -0.475 -0.475 0.066786734 -0.31800003 -0.475 -0.47499999 0.158 -0.18919012 -0.079411242 -0.104 0.202 0.068 0.28771577 0.289 -0.017 0.7 0.39125973 0.209 0.599 0.624 0.789 0.269 0.93769108 0.47891038 1.128 0.696 0.29105357 0.291 0.29006566 0.125 -0.076999989 0.099999998 0.1 0.1 0.1 0.087470445 -0.041
-0.869 -0.869 0.124 0.039 -0.276 -0.109 -0.13 -0.121 -0.123 0.04394566 0.044 0.382 0.231 0.231 -0.292 -0.29450993 -0.475 -0.47491527 -0.1 -0.318 -0.318 -0.33822687 0.158 0.14400027 0.144 0.144 0.202 0.224 0.224 0.289 0.289 0.69883738 0.087 0.209 0.414 0.624 0.789 0.707 0.938 0.56711001 0.69600002 0.66808221 0.62 0.291 0.291 -0.077 -0.077 -0.077 0.1 0.1 0.14 0.14 0.13999993
-0.869 -0.869 -0.144 -0.397 -0.367 -0.126 -0.292 0.18179227 0.118 0.157 -0.173 -0.213 0.38120766 -0.292 -0.292 -0.29198108 -0.128 -0.12653043 -0.1 -0.17 -0.17 -0.233 -0.233 0.144 0.144 0.144 0.224 0.224 0.224 -0.208 -0.208 -0.20799951 0.287 0.287 0.084 -0.072 0.72 0.50800094 0.629 0.561 0.561 0.35200088 0.62 0.291 0.29899992 0.198 0.53136857 0.534 0.611 0.611 0.14 0.14 0.14
-0.869 -0.5559853 -0.25196412 -0.4379947 0.111 -0.285 -0.292 0.182 0.11800053 0.15656793 -0.21299952 -0.213 -0.093 -0.292 -0.292 -0.12800001 -0.128 -0.12799841 -0.1 -0.17 -0.18237192 -0.233 -0.233 0.14398493 0.144 0.078913527 -0.054 -0.054 -0.053999965 -0.208 -0.208 -0.169 -0.169 0.28699944 0.084 0.26800003 0.70364356 0.508 0.508 0.56099999 0.352 0.352 0.35199966 0.299 0.299 0.198 0.534 0.534 0.611 0.611 0.14 0.14 0.14
-0.005 -0.013662151 0.0009854557 -0.0021735829 0.11099787 -0.28499065 -0.292 0.17616533 0.12241025 0.11901839 -0.093 -0.093 -0.093 -0.093 -0.29197181 -0.128 -0.128 -0.12763848 -0.1 -0.16998423 -0.117 -0.117 -0.117 -0.117 0.13941821 -0.054 -0.054 -0.054 -0.054 -0.054079321 -0.169 -0.169 -0.169 -0.169 0.268 0.268 0.268 0.4965563 0.50485308 0.089 0.089 0.35198585 0.25300157 0.29899557 0.299 0.198 0.534 0.534 0.611 0.611 0.14170874 0.14 0.56580172
-0.005 0.001 0.001 0.001 0.001 0.00099988217 -0.29198202 -0.067729137 0.1341764 -0.092771754 -0.093 -0.093 -0.093 -0.093 -0.092999853 -0.128 -0.128 -0.12607939 -0.10000045 -0.117 -0.117 -0.117 -0.117 -0.117 -0.11444897 -0.026440272 -0.016000008 -0.016 -0.016 -0.016 -0.169 -0.169 -0.16900014 -0.285 -0.285 0.268 -0.067406145 -0.077 0.088999904 0.089 0.089 0.089 0.253 0.253 0.253 0.25261725 0.5826114 0.583 0.583 0.583 0.583 0.80299986 0.803
0.227 0.001 0.001 0.001 0.001 0.001 0.00099998116 -0.16269552 0.11404617 0.114 0.114 0.114 0.114 0.114 0.114 0.17863355 -0.1231097 -0.12416581 -0.11699787 -0.117 -0.117 -0.117 -0.117 -0.11699968 0.001 0.001 0.0009999761 -0.016 -0.016 -0.016176215 -0.104 -0.104 -0.285 -0.285 -0.285 -0.11031935 -0.077 -0.077 -0.077 0.089 0.089 0.089 0.253 0.253 0.253 0.253 0.58299999 0.583 0.583 0.583 0.583 0.803 0.803
0.227 0.14286277 0.001 0.001 0.001 0.001 -0.11797664 -0.118 -0.11799999 0.114 0.114 0.114 0.114 0.114 0.12856006 0.18 0.18 0.18 0.15516879 0.15599972 0.156 0.156 0.156 0.156 0.001 0.001 0.001 0.001 -0.016 -0.104 -0.104 -0.104 -0.28499998 -0.285 -0.285 -0.098 -0.077027805 -0.077 -0.077 0.088954699 -0.0013495528 -0.21209739 0.253 0.253 -0.026135903 -0.027 -0.027 0.58183968 -0.11953634 -0.12199994 -0.12199987 0.098106656 0.80299857
0.227 -0.17296158 -0.092618517 0.001 0.001 -0.11792969 -0.118 -0.118 -0.118 -0.11632814 0.114 0.114 0.114 0.11400001 0.18 0.18 0.18 0.18 0.15602144 0.156 0.156 0.156 0.156 0.156 0.0010000036 0.001 0.001 0.001 0.00061807705 -0.104 -0.104 -0.104 -0.129 -0.28497721 -0.098 -0.098 -0.098 -0.098405162 -0.20438794 -0.213 -0.213 -0.213 -0.248 -0.248 -0.027 -0.027 -0.027 -0.122 -0.122 -0.122 -0.122 0.098 0.098
-0.18367577 -0.184 -0.184 -0.184 -0.253 -0.11800348 -0.118 -0.118 -0.118 -0.118 0.12028369 0.11400108 0.114 0.18 0.18 0.18 0.18 0.18 0.16965932 0.156 0.156 0.156 0.156 0.156 -0.071415104 -0.31999826 -0.32 -0.32 -0.32 -0.104 -0.129 -0.129 -0.129 -0.129 -0.098 -0.098000974 -0.135 -0.135 -0.21202605 -0.213 -0.213 -0.213 -0.248 -0.248 -0.06121841 -0.027 -0.027 -0.122 -0.122 -0.122 -0.11964103 0.098 0.098
-0.184 -0.184 -0.184 -0.21649313 -0.253 -0.253 -0.118 -0.118 -0.118 -0.118 0.197 0.197 0.197 0.18 0.18 0.18 0.18 0.17999289 0.046 0.046 0.15599996 0.156 0.1485015 -0.152 -0.15351243 -0.32 -0.32 -0.32 -0.32 -0.12901945 -0.129 -0.129 -0.129 -0.129 -0.13499987 -0.135 -0.135 -0.135 -0.13528658 -0.213 -0.213 -0.213 -0.248 -0.248 -0.248 -0.027 -0.027 -0.122 -0.122 -0.122 0.098 0.098 0.098
-0.184 -0.184 -0.184 -0.253 -0.253 -0.253 -0.25299979 -0.118 -0.118 0.19667483 0.197 0.197 0.197 0.19698941 0.14519484 0.137 0.137 0.137 0.046 0.046 0.046 -0.152 -0.152 -0.152 -0.1520409 -0.30846047 -0.32 -0.32 -0.32 -0.26922141 -0.29598357 -0.296 -0.296 -0.296 -0.22365589 -0.34799952 -0.348 -0.348 -0.348 -0.53195635 -0.532 -0.532 -0.248 -0.248 -0.35399956 -0.35399992 -0.131 -0.131 -0.097 -0.097 -0.097 0.098 0.10998927
-0.18400038 -0.184 -0.184 -0.253 -0.253 -0.253 -0.253 -0.27899995 -0.11864374 0.19643236 0.197 0.197 0.197 0.19688226 0.137 0.137 0.137 0.13699997 0.046 0.046 0.046 -0.152 -0.152 -0.152 -0.298 -0.298 -0.42 -0.42 -0.42 -0.41932354 -0.296 -0.296 -0.296 -0.296 -0.32198576 -0.348 -0.348 -0.348 -0.348 -0.532 -0.532 -0.532 -0.52639944 -0.354 -0.354 -0.354 -0.131 -0.131 -0.097 -0.097 -0.097 0.10999999 0.11
-0.306 -0.25281211 -0.381 -0.38096287 -0.253 -0.27884956 -0.279 -0.279 -0.34094437 -0.429 -0.429 -0.429 -0.429 0.15298105 0.153 0.13700001 0.137 0.13460228 0.046 0.046 0.046 -0.398 -0.398 -0.398 -0.298 -0.298 -0.42 -0.42 -0.42 -0.4200001 -0.55299837 -0.55299928 -0.30245931 -0.29627552 -0.58566851 -0.586 -0.586 -0.586 -0.586 -0.532 -0.532 -0.532 -0.36380128 -0.354 -0.354 -0.35400001 -0.131 -0.131 -0.13099878 -0.097 -0.096995215 0.01 0.11
-0.32399658 -0.32400001 -0.381 -0.381 -0.381 -0.279 -0.279 -0.279 -0.449 -0.449 -0.429 -0.429 -0.429 0.153 0.153 0.153 0.153 0.15298807 0.046 0.046 0.045999983 -0.398 -0.398 -0.398 -0.298 -0.298 -0.42 -0.42 -0.42 -0.55150042 -0.553 -0.553 -0.553 -0.553 -0.58598372 -0.586 -0.586 -0.586 -0.586 -0.58999998 -0.59 -0.59 -0.59 -0.35400051 -0.421 -0.421 -0.421 -0.065 -0.065 -0.065 0.01 0.01 0.01
-0.324 -0.324 -0.381 -0.381 -0.381 -0.27953613 -0.279 -0.449 -0.449 -0.449 -0.42900246 -0.429 -0.27292918 0.15299991 0.153 0.153 0.153 -0.081 -0.081 -0.081 -0.418 -0.41799999 -0.3980001 -0.398 -0.39808694 -0.592 -0.592 -0.59199959 -0.4200278 -0.77295616 -0.77299883 -0.77296159 -0.553376 -0.55318986 -0.58026551 -0.58600009 -0.58677078 -0.816 -0.816 -0.59 -0.59 -0.59 -0.59 -0.421 -0.421 -0.421 -0.421 -0.065 -0.065 -0.065 0.01 0.01 0.01
-0.324 -0.324 -0.381 -0.381 -0.381 -0.381 -0.34262603 -0.449 -0.449 -0.449 -0.44888345 -0.238 -0.238 -0.238 0.15069575 0.153 -0.079440682 -0.081 -0.081 -0.081 -0.418 -0.418 -0.418 -0.418 -0.592 -0.592 -0.592 -0.592 -0.592 -0.773 -0.773 -0.773 -0.773 -0.7729999 -0.726 -0.816 -0.816 -0.816 -0.816 -0.81599914 -0.579 -0.579 -0.579 -0.47584475 -0.262 -0.262 -0.262 -0.065000006 -0.065000089 -0.157 -0.157 0.11897348 0.119
-0.324 -0.324 -0.360427 -0.381 -0.381 -0.381 -0.26233184 -0.44841068 -0.449 -0.449 -0.23799999 -0.238 -0.238 -0.238 -0.238 -0.20592763 -0.081 -0.081 -0.081 -0.081 -0.41799739 -0.418 -0.418 -0.418 -0.592 -0.592 -0.592 -0.592 -0.592 -0.88088764 -0.773 -0.773 -0.773 -0.726 -0.726 -0.72606989 -0.816 -0.816 -0.72876933 -0.66100001 -0.579 -0.579 -0.579 -0.47726589 -0.262 -0.262 -0.262 -0.338 -0.15925524 -0.157 -0.157 0.119 0.119
-0.208 -0.208 -0.208 -0.33762414 -0.38066151 -0.262 -0.262 -0.262 -0.262 -0.17 -0.17 -0.238 -0.238 -0.238 -0.238 -0.23799005 -0.081 -0.081 -0.081 -0.081 -0.27094413 -0.418 -0.418 -0.41347252 -0.26045152 -0.592 -0.592 -0.592 -0.919 -0.919 -0.919 -0.91899939 -0.726 -0.726 -0.726 -0.726 -0.661 -0.661 -0.661 -0.661 -0.418 -0.418 -0.418 -0.29300251 -0.293 -0.293 -0.29299999 -0.338 -0.338 -0.15722054 -0.157 0.11899935 0.119
-0.208 -0.208 -0.208 -0.20799682 -0.149 -0.16543206 -0.262 -0.262 -0.262 -0.17 -0.17 -0.17 -0.13 -0.13 -0.13 -0.13 -0.080847959 -0.081 -0.081 -0.081 -0.086100674 -0.24500047 -0.245 -0.245 -0.245 -0.24500001 -0.595 -0.595 -0.919 -0.919 -0.919 -0.919 -0.72599993 -0.726 -0.726 -0.72599161 -0.661 -0.661 -0.661 -0.66051306 -0.418 -0.418 -0.418 -0.2930058 -0.293 -0.293 -0.293 -0.338 -0.338 -0.33799996 -0.01 -0.01 0.061
-0.208 -0.208 -0.208 -0.14900014 -0.149 -0.149 -0.26199996 -0.262 -0.262 -0.17 -0.17 -0.17 -0.13 -0.13 -0.13 -0.11994694 0.002 0.002 0.0019997856 -0.080531196 -0.245 -0.245 -0.245 -0.245 -0.245 -0.24526339 -0.595 -0.595 -0.595 -0.919 -0.919 -0.91897361 -0.623 -0.623 -0.623 -0.529 -0.529 -0.55 -0.55 -0.55 -0.206 -0.4179335 -0.41799822 -0.18 -0.18 -0.18428257 -0.29299978 -0.338 -0.338 -0.01 -0.01 -0.01 0.061
-0.208 -0.208 -0.208 -0.149 -0.149 -0.149 -0.149 -0.262 -0.262 -0.17 -0.17 -0.13159942 -0.13 -0.13 -0.13 0.002 0.002 0.002 0.002 0.002 -0.245 -0.245 -0.245 -0.245 -0.245 -0.59499881 -0.595 -0.595 -0.595 -0.878 -0.878 -0.878 -0.623 -0.623 -0.623 -0.529 -0.529 -0.55 -0.55 -0.206 -0.206 -0.206 -0.18 -0.18 -0.18 -0.18 -0.15593083 0.113 0.113 0.113 -0.0099999937 0.319 0.319
-0.208 -0.208 -0.20791784 -0.149 -0.149 -0.149 -0.149 -0.23087301 -0.235 -0.2348884 -0.17 -0.12999975 -0.13 -0.13 -0.12999954 0.002 0.002 0.002 0.002 0.0020000001 0.26807419 -0.245 -0.245 -0.245 -0.24498929 -0.59497738 -0.595 -0.595 -0.595 -0.878 -0.878 -0.878 -0.87796327 -0.623 -0.529 -0.529 -0.529 -0.52900077 -0.54997654 -0.206 -0.206 -0.206 -0.18000158 -0.18 -0.18 -0.18 0.11300008 0.113 0.113 0.113 0.319 0.319 0.319
-0.457 -0.45699956 -0.1490419 -0.149 -0.149 -0.149 -0.2349817 -0.235 -0.235 -0.235 -0.127 -0.127 -0.127 -0.127 0.0014046147 0.002 0.002 0.002 0.002 0.28999983 0.29 0.29 -0.19300001 -0.193 -0.193 -0.193 -0.22769777 -0.595 -0.887988 -0.888 -0.888 -0.888 -0.888 -0.406 -0.406 -0.406 -0.406 -0.406 -0.093 -0.093 -0.093 -0.093 -0.093 0.12354174 0.124 0.124 0.124 0.113 0.113 0.113 0.31896755 0.319 0.319
-0.457 -0.457 -0.4539607 -0.094000111 -0.094000012 -0.094137488 -0.235 -0.235 -0.235 -0.235 -0.127 -0.127 -0.127 -0.127 -0.127 0.002 0.002 0.002 0.28999993 0.29 0.29 0.29 -0.193 -0.193 -0.193 -0.193 -0.193 -0.19308576 -0.88791659 -0.888 -0.888 -0.888 -0.88796649 -0.45872185 -0.40605459 -0.406 -0.406 -0.406 -0.093 -0.093 -0.093 -0.093 -0.093000001 0.124 0.124 0.124 0.124 0.11885619 0.113 0.14859835 0.149 0.004 0.004
-0.457 -0.457 -0.094045981 -0.094 -0.094 -0.094 -0.12981341 -0.235 -0.235 -0.235 -0.127 -0.127 -0.127 -0.127 -0.127 0.0019031386 0.002 0.28991556 0.29 0.29 0.29 0.29 -0.01406952 -0.193 -0.193 -0.193 -0.193 -0.19333917 -0.672 -0.672 -0.672 -0.672 -0.672 -0.499 -0.499 -0.499 -0.499 -0.499 -0.292 -0.292 -0.292 -0.292 -0.292 0.12415138 0.12400003 0.124 0.12401051 0.12526817 0.149 0.149 0.149 0.0040008122 0.004
-0.45699929 -0.078525448 -0.093999997 -0.094 -0.094 -0.094 -0.094 -0.23493996 -0.235 -0.235 -0.127 -0.127 -0.127 -0.127 0.1311362 0.137 0.137 0.28999606 0.29 0.29 0.29 0.29 0.2899999 -0.193 -0.193 -0.193 -0.193 -0.48200017 -0.48200009 -0.52243662 -0.672 -0.672 -0.672 -0.499 -0.499 -0.499 -0.499 -0.49892144 -0.292 -0.292 -0.292 -0.292 -0.29199632 0.186 0.186 0.186 0.186 0.18599702 0.149 0.149 0.149 0.14899983 -0.12310016
-0.071 -0.071 -0.069324312 -0.094 -0.094 -0.094 -0.094 -0.094 -0.23493935 -0.015000003 -0.015 -0.015 -0.015265799 0.13699962 0.137 0.137 0.137 0.137 0.28999695 0.26394659 0.036 0.036 0.036 -0.024153772 -0.22805593 -0.41563358 -0.57382714 -0.482 -0.482 -0.482 -0.482 -0.482 -0.48613215 -0.38149607 -0.383 -0.383 -0.383 -0.383 -0.28298303 -0.24400009 -0.244 -0.244 -0.244 0.10200025 0.18599998 0.186 0.186 0.104 0.14899928 0.149 0.149 -0.125 -0.125
-0.071 -0.071 -0.031 -0.031 -0.031 -0.093979014 -0.094 -0.094 -0.015 -0.015 -0.015 -0.015 -0.015 0.13699999 0.137 0.137 0.137 0.137 0.036 0.036 0.036 0.036 0.036 -0.63099997 -0.631 -0.631 -0.631 -0.482 -0.482 -0.482 -0.482 -0.482 -0.249 -0.249 -0.383 -0.383 -0.383 -0.19903134 -0.199 -0.244 -0.244 -0.244 -0.24399995 0.102 0.102 0.102 0.104 0.104 0.104 0.075 0.075 -0.125 -0.125
-0.071 -0.071 -0.031 -0.031 -0.031 -0.031 -0.030999857 -0.005 -0.014990585 -0.015 -0.015 -0.015 -0.015 0.13510394 0.137 0.137 0.137 0.137 0.036000002 0.036 0.036 0.036 0.036 -0.631 -0.631 -0.631 -0.631 -0.63099938 -0.482 -0.482 -0.482 -0.24901222 -0.249 -0.249 -0.249 -0.383 -0.199 -0.199 -0.199 -0.20018403 0.017332626 0.066 0.066 0.102 0.102 0.102 0.104 0.104 0.104 0.075 0.075 0.075 -0.076091317
-0.047 -0.047000188 -0.031 -0.031 -0.031 -0.031 -0.005 -0.005 -0.005 -0.015 -0.015 -0.015 -0.015 -0.014952748 0.137 0.137 0.137 0.137 0.036001749 0.036 0.036 0.035999999 -0.51349674 -0.631 -0.631 -0.631 -0.631 -0.48000012 -0.48 -0.48 -0.48196983 -0.249 -0.249 -0.249 -0.24899987 -0.113 -0.199 -0.199 -0.199 -0.199 0.066 0.066 0.066 0.133 0.133 0.133 -0.013988508 0.104 0.104 0.075 0.075 0.075 -0.070999638
