interpolatedSpi/02-10|19_3.tif
NCOLS 53
NROWS 52
XLLCORNER -116.03883
YLLCORNER 28.596182
DX 0.49850594
DY 0.49788537
NODATA_VALUE -9999
[rows 0 to 27 of 52, columns 0 to 52 of 53]
0.34555556 0.34555556 0.097024689 -0.16444444 -0.092222222 -0.066666667 0.0088888889 -0.095555556 -0.65226936 -0.76666667 -0.62444444 -0.19555556 -0.48666346 -0.44777778 -0.34777778 -0.34777778 -0.34777778 -0.0044444444 0.042222222 0.042222222 0.042222222 0.042216015 -0.60222222 -0.10111111 -0.10111111 -0.10111111 -0.75110599 -0.75111111 -0.75111111 -0.83555556 -0.83555556 -0.83555556 -0.83555556 -1.1533333 -1.1533333 -1.1533333 -1.1533333 -1.1533333 -1.1533333 -1.1533333 -0.069451834 -0.057912805 -0.58777778 -0.58777778 -0.58777778 -0.58777778 -0.5888213 -1.2266667 -1.2266667 -1.2266667 -0.057780205 -0.057777778 -0.057777778
0.34554242 0.05 0.21444486 0.17345763 0.026575444 0.29 0.63333333 -0.19875705 -0.58111111 -0.51777778 -0.037777778 -0.48666667 -0.48666667 0.10149567 -0.44777024 -0.34777778 -0.0044444444 -0.0044444444 0.042161375 0.042222222 0.042222222 0.042222222 -0.12941817 -0.10111111 -0.10111111 -0.10111111 -0.12333333 -0.12333333 -0.83555556 -0.83555556 -0.83555556 -0.83555556 -0.83555556 -1.1533333 -1.1533333 -1.1533333 -1.1533333 -1.1533333 -1.1533332 -0.92519531 0.19994236 -0.49218727 -0.58777778 -0.58777778 -0.58777778 -0.58777778 -0.58777778 -1.2266667 -1.2266667 -1.2266667 -1.1297413 -0.057777778 -0.057777778
0.066674174 0.066666667 0.57222222 0.51555556 -0.13666667 -0.17777778 0.092222222 0.24777778 -0.50333333 -0.49777778 -0.11555556 -0.47444444 -0.0066666667 -0.20333333 0.10333333 -0.85222222 -0.0044444444 -0.0044444444 -0.0044444444 -0.16882752 -0.16888889 -0.16888889 -0.63888889 -0.10111111 -0.10111111 -0.10111111 -0.12333333 -0.12333333 -0.12333333 -0.83555556 -0.83555556 -0.83555556 -0.89332356 -1.150462 -1.1407677 0.18429598 0.19666667 0.19666667 0.19708591 0.2 0.2 0.19899263 -0.58777778 -0.58777778 -0.58777778 -0.58777778 -0.58777778 -1.2266667 -1.2266667 -1.2266667 -1.2266667 -0.057777778 -0.057777778
0.27555556 0.066666491 -0.80226545 0.28333333 -0.50888889 -0.042222222 -0.065555556 -0.40777778 -0.44666667 -0.10270337 -0.60333333 -0.82444444 -0.41777778 -0.20333333 -0.24777778 -0.85222222 -0.49718178 -0.49410112 -0.71444444 -0.16888889 -0.16888889 -0.43333333 -0.63888889 -0.63888889 -0.10111111 -0.10111122 -0.12333333 -0.12333333 -0.12333333 -1.16 -1.0478259 -0.95555556 -0.95555556 -0.95555465 0.19666667 0.19666667 0.19666667 0.19666667 0.2 0.2 0.2 0.19999997 -0.58777778 -0.58777778 -0.58777778 -0.58777778 -0.58777778 -1.2266586 -1.2266667 -1.2266667 -1.2266667 -0.057793892 -0.057777778
0.27555556 0.004442965 -0.80222222 -0.87642186 -0.50888889 -0.49888889 -0.55776203 -0.59 -0.48666667 -0.72333344 -0.68696899 -0.66776696 -0.59222222 -0.24777778 -0.24777778 -0.64658931 -0.49444444 -0.49444444 -0.71444444 -0.71444444 -0.16888945 -0.43333333 -0.55333333 -0.59555556 -0.33666667 -0.33661204 -0.12333333 -0.12333333 -1.16 -1.16 -0.95555556 -0.95555556 -0.95555556 -0.94151738 0.19666667 0.19666667 0.19666667 0.2 0.2 0.2 0.2 0.19997994 -0.58777777 -0.58777778 -0.58777778 -0.58777778 -0.58777778 -0.59346468 -1.2266667 -1.2266364 -0.55111111 -0.55111111 -0.55111111
-1.5144444 -0.0044444444 -0.014444413 -0.61666667 -0.12222222 -0.068888889 -0.83333333 -0.8021797 -0.98555556 -0.82333333 -0.90777778 -0.83888889 -0.83888873 -1.2711111 -1.2711111 -0.44212565 -0.44222222 -0.47 -0.47 -0.71444404 -0.76333333 -0.76333333 -0.59555556 -0.33666667 -0.33666667 -0.10333333 -1.09 -1.09 -0.63893625 -1.16 -0.95555556 -0.95555556 -0.88111111 -0.88113491 -1.1088725 -0.90888889 -0.90888889 -0.14306009 0.2 0.2 -0.0075186342 -0.0077777761 -0.0077763759 0.21992997 0.23435357 0.23444423 0.23444442 0.23444413 0.0048210108 -0.55111111 -0.55111111 -0.55111111 -0.55111111
-0.51000652 -0.023333333 0.1227299 0.097777778 0.40777778 -0.78555556 -0.65 -0.74555556 -1.08 -1.08 -0.90777778 -0.73222222 -0.79444437 -1.2711111 -0.042225904 -0.042222222 -0.44222222 -0.17888889 -0.25111111 -0.25111111 -0.70939968 -0.64888889 -0.64888889 -0.043333337 -0.10333333 -0.10333333 -1.09 -1.09 -0.63889077 -0.63892346 -0.33991433 -0.88111111 -0.88111111 -1.1088889 -1.1088889 -0.71100301 -0.90888889 -0.90888889 -0.66778614 -0.0077786967 -0.0077777778 -0.0077777777 -0.0077691468 0.23444611 0.23444444 0.23444444 0.23444444 0.23444439 0.14222222 -0.55097371 -0.55111111 -0.55111111 -0.55111111
-0.51 -0.68444444 0.43111111 -0.80666667 -0.34224885 -1.01 -1.1022222 -0.83333333 -0.97222222 -0.60666667 -0.60666667 -0.48333333 -0.79444444 -0.79444444 -0.047383164 -0.060437362 -0.062222222 -0.088888889 -0.45111091 -0.25111111 0.065986918 0.087777778 -0.29333333 -0.47333333 -0.47333193 -0.36444444 0.05111111 0.051110708 -0.6709982 -0.6711111 -0.33888889 -0.37841601 -0.80222222 -1.1088889 -1.0812867 -0.54555556 -0.54555556 -0.66777778 -0.66777778 -0.0077777778 -0.0077777778 -0.0077777654 0.53292815 0.53333332 0.23444444 0.23444444 0.23444444 0.14222573 0.14222222 0.14222222 -0.55111111 -0.55111111 -0.55111111
-0.63117543 -0.68444443 0.086666667 0.29222222 -0.053333333 -0.65888889 -0.57777778 -0.34 -0.96555556 -0.46582799 -0.58222222 -0.48888889 -0.48888889 -0.10777778 -0.10777499 -0.4699715 -0.47111111 -0.47111111 -0.14418267 0.17555548 -0.16888889 -0.16888889 0.068888889 -0.15058751 -0.37541757 -0.36444444 -0.21222222 0.051111111 -0.088075349 -0.088888889 -0.26 0.15111111 0.11585174 -0.11666667 -0.14111111 -0.29777778 -0.26444444 -0.55888889 0.0030737212 -0.0052036683 0.56888889 0.54222222 0.53329571 0.53333333 0.53165102 0.23444444 0.19888889 0.14222222 0.14222222 0.14222222 0.14222222 -0.45316526 0.18666667
-0.33333333 -0.33333333 -0.18222222 0.033333333 -0.19888889 -0.83777778 -0.55222222 -0.48444444 -0.18333333 -0.33889548 -0.35777778 -0.45111111 -0.10777778 -0.10777778 0.18888889 0.17983669 -0.47111111 -0.47101326 -0.086666667 0.17555556 0.17555556 0.13117958 0.068888889 -0.3355479 -0.33555556 -0.33555556 -0.21222222 0.38555556 0.38555556 -0.088888889 -0.088888889 0.15097835 0.081111111 -0.11666667 0.034444444 -0.29777778 -0.26444444 -0.63444444 0.0033333333 0.88984018 0.54222222 0.45406077 0.30222222 0.53333333 0.53333333 0.19888889 0.19888889 0.19888889 0.14222222 0.14222222 0.23555556 0.23555556 0.23555554
-0.33333333 -0.33333333 -0.44666667 -1.0155556 -0.69111111 -0.23777778 -0.62444444 -0.51571597 -0.74111111 -0.59777778 -0.23 -0.65666667 -0.45138426 0.18888889 0.18888889 0.18890953 0.36777778 0.3439264 -0.086666667 0.47666667 0.47666667 1.0088889 1.0088889 -0.33555556 -0.33555556 -0.33555556 0.38555556 0.38555556 0.38555556 -0.16777778 -0.16777778 -0.16777737 0.085555556 0.085555556 -0.63333333 -0.14777778 0.31666667 -0.32111082 0.24111111 0.90444444 0.90444444 0.36888867 0.30222222 0.53333333 0.52777762 0.32111111 0.50202216 0.50333333 0.99666667 0.99666667 0.23555556 0.23555556 0.23555556
-0.33333333 -0.38245198 -0.68943185 -0.93998448 -0.1 -0.32666667 -0.62444444 -0.51555556 -0.74110923 -0.59936574 -0.65666659 -0.65666667 0.4 0.18888889 0.18888889 0.36777777 0.36777778 0.36775191 -0.086666667 0.47666667 0.58118428 1.0088889 1.0088889 -0.33550137 -0.33555556 -0.054682952 0.51888889 0.51888889 0.51888887 -0.16777778 -0.16777778 0.22666667 0.22666667 0.085553585 -0.63333333 0.43111086 0.21991992 -0.32111111 -0.32111111 0.90444443 0.36888889 0.36888889 0.36889003 0.52777778 0.52777778 0.32111111 0.50333333 0.50333333 0.99666667 0.99666667 0.23555556 0.23555556 0.23555556
-0.53111111 -0.16328382 -0.13114336 -0.13695999 -0.10000136 -0.32666132 -0.62444444 -0.51689592 -0.72556803 -0.7373683 0.4 0.4 0.4 0.4 0.18891879 0.36777778 0.36777778 0.36191018 -0.086666667 0.47683446 1.0688889 1.0688889 1.0688889 1.0688889 -0.31107936 0.51888889 0.51888889 0.51888889 0.51888889 0.5185031 0.22666667 0.22666667 0.22666667 0.22666667 0.43111111 0.43111111 0.43111111 -0.28480119 -0.31152265 0.95555556 0.95555556 0.36892044 0.54777709 0.5277797 0.52777778 0.32111111 0.50333333 0.50333333 0.99666666 0.99666667 0.23831678 0.23555556 -0.11659402
-0.53111111 -0.13111111 -0.13111111 -0.13111111 -0.13111111 -0.13111119 -0.62368214 -0.57295153 -0.6841005 0.39877472 0.4 0.4 0.4 0.4 0.40000026 0.36777777 0.36777771 0.33660599 -0.086656593 1.0688889 1.0688889 1.0688889 1.0688889 1.0688889 1.0651158 0.58605061 0.57222221 0.57222222 0.57222222 0.57222222 0.22666668 0.22666667 0.22666731 0.75777778 0.75777778 0.43111111 1.0468325 1.0644444 0.95555562 0.95555556 0.95555556 0.95555556 0.54777778 0.54777778 0.54777778 0.54620038 0.18427364 0.18222222 0.18222222 0.18222222 0.18222224 0.89111098 0.89111111
0.38777778 -0.13111111 -0.13111111 -0.13111111 -0.13111111 -0.13111111 -0.13111114 -0.33450367 0.75226912 0.76 0.76 0.76 0.76 0.76 0.76 1.04952 0.37865206 0.30554935 1.0687438 1.0688889 1.0688889 1.0688889 1.0688889 1.0688892 0.89444444 0.89444444 0.89444399 0.57222222 0.57222222 0.57291418 0.91777778 0.91777778 0.75777778 0.75777778 0.75777778 1.0153198 1.0644444 1.0644444 1.0644444 0.95555556 0.95555556 0.95555556 0.54777778 0.54777778 0.54777778 0.54777778 0.18222223 0.18222222 0.18222222 0.18222222 0.18222222 0.89111111 0.89111111
0.38777778 0.19460134 -0.13111111 -0.13111111 -0.13111111 -0.13111111 0.32657682 0.32666667 0.32666668 0.76 0.76 0.76 0.76 0.76 0.82520162 1.0555556 1.0555556 1.0555556 1.3458204 1.3466664 1.3466667 1.3466667 1.3466667 1.3466667 0.89444444 0.89444444 0.89444444 0.89444444 0.57222222 0.91777778 0.91777778 0.91777778 0.75777779 0.75777778 0.75777778 1.1844444 1.0646033 1.0644444 1.0644444 0.95556475 0.97383821 1.016484 0.54777778 0.54777778 0.78814481 0.78888889 0.78888889 0.18323207 0.79341223 0.7955555 0.79555544 1.1532936 0.89111164
0.38777778 0.12827322 -0.0034750553 -0.13111111 -0.13111111 0.32639619 0.32666667 0.32666667 0.32666667 0.32978939 0.76 0.76 0.76 0.76000004 1.0555556 1.0555556 1.0555556 1.0555556 1.3464066 1.3466667 1.3466667 1.3466667 1.3466667 1.3466667 0.89444446 0.89444444 0.89444444 0.89444444 0.89452932 0.91777778 0.91777778 0.91777778 1.5122222 0.75783939 1.1844444 1.1844444 1.1844444 1.1867806 1.0197034 1.0166667 1.0166667 1.0166667 1.0133333 1.0133333 0.78888889 0.78888889 0.78888889 0.79555556 0.79555556 0.79555556 0.79555556 1.1533333 1.1533333
0.12141697 0.12111111 0.12111111 0.12111111 0.14555556 0.32666199 0.32666667 0.32666667 0.32666667 0.32666667 0.75108309 0.75999847 0.76 1.0555556 1.0555556 1.0555556 1.0555556 1.0555556 1.0557912 1.3466667 1.3466667 1.3466667 1.3466667 1.3466667 1.2983182 1.5655519 1.5655556 1.5655556 1.5655556 0.91777781 1.5122222 1.5122222 1.5122222 1.5122222 1.1844444 1.1844501 1.3977778 1.3977778 1.0214254 1.0166667 1.0166667 1.0166667 1.0133333 1.0133333 0.82364062 0.78888889 0.78888889 0.79555556 0.79555556 0.79555556 0.79939186 1.1533333 1.1533333
0.12111111 0.12111111 0.12111111 0.13262236 0.14555556 0.14555556 0.32666667 0.32666667 0.32666667 0.32666667 0.64222222 0.64222222 0.64222222 1.0555556 1.0555556 1.0555556 1.0555556 1.0555085 0.69777778 0.69777778 1.3466664 1.3466667 1.342609 1.18 1.183471 1.5655556 1.5655556 1.5655556 1.5655556 1.5122277 1.5122222 1.5122222 1.5122222 1.5122222 1.397777 1.3977778 1.3977778 1.3977778 1.3964613 1.0166667 1.0166667 1.0166667 1.0133333 1.0133333 1.0133333 0.78888889 0.78888889 0.79555556 0.79555556 0.79555556 1.1533333 1.1533333 1.1533333
0.12111111 0.12111111 0.12111111 0.14555556 0.14555556 0.14555556 0.14555583 0.32666667 0.32666667 0.64189648 0.64222222 0.64222222 0.64222222 0.64247974 0.82531985 0.77111111 0.77111111 0.77111111 0.69777778 0.69777778 0.69777778 1.18 1.18 1.18 1.1800286 1.4169403 1.5655556 1.5655556 1.5655556 1.7411322 1.7921947 1.7922222 1.7922222 1.7922222 1.5713095 1.8144435 1.8144444 1.8144444 1.8144444 1.5443722 1.5444444 1.5444444 1.0133333 1.0133333 1.4099983 1.41 1.3288889 1.3288889 1.3233333 1.3233333 1.3233333 1.1533333 1.2510237
0.12111313 0.12111111 0.12111111 0.14555556 0.14555556 0.14555556 0.14555556 0.54222216 0.32752854 0.64210535 0.64222222 0.64222222 0.64222222 0.64247514 0.77111111 0.77111111 0.77111111 0.77111109 0.69777778 0.69777778 0.69777778 1.18 1.18 1.18 1.2822222 1.2822222 1.4711111 1.4711111 1.4711111 1.4728629 1.7922222 1.7922222 1.7922222 1.7922222 1.8033272 1.8144444 1.8144444 1.8144444 1.8144444 1.5444444 1.5444444 1.5444444 1.5402143 1.41 1.41 1.41 1.3288889 1.3288889 1.3233333 1.3233333 1.3233333 1.2511111 1.2511111
0.77111111 0.47463831 0.56 0.55987976 0.14555556 0.53992712 0.54222222 0.54222222 0.61185903 0.51333334 0.51333333 0.51333333 0.51333333 0.51444441 0.51444445 0.77111091 0.77111111 0.76917889 0.69777778 0.69777778 0.69777778 0.90222222 0.90222222 0.90222222 1.2822222 1.2822222 1.4711111 1.4711111 1.4711111 1.4711113 1.7244449 1.7244446 1.7905187 1.7921496 1.6657008 1.6655556 1.6655556 1.6655556 1.6655556 1.5444444 1.5444444 1.5444444 1.4174026 1.41 1.41 1.4099999 1.3288889 1.3288889 1.3288887 1.3233333 1.3233235 1.1044444 1.2511111
0.82221252 0.82222218 0.56 0.56 0.56 0.54222222 0.54222222 0.54222222 0.73333333 0.73333333 0.51333333 0.51333333 0.51333333 0.51444444 0.51444444 0.51444444 0.51444444 0.51446577 0.69777778 0.69777778 0.69777779 0.90222222 0.90222222 0.90222222 1.2822222 1.2822222 1.4711111 1.4711111 1.4711111 1.7215881 1.7244444 1.7244444 1.7244444 1.7244444 1.6655846 1.6655556 1.6655556 1.6655556 1.6655556 1.0433335 1.0433333 1.0433333 1.0433333 1.4099941 0.63777778 0.63777778 0.63777778 0.92666667 0.92666667 0.92666667 1.1044444 1.1044444 1.1044444
0.82222222 0.82222222 0.56 0.56 0.56 0.54231567 0.54222222 0.73333333 0.73333333 0.73333333 0.51336042 0.51333333 0.39076462 0.51444441 0.51444444 0.51444444 0.51444444 0.19888889 0.19888889 0.19888889 0.3488889 0.3488893 0.90221953 0.90222222 0.90241389 1.0455556 1.0455556 1.0455566 1.4710423 1.6566802 1.656667 1.6566785 1.7243286 1.724386 1.6759991 1.6655552 1.6621634 0.65333333 0.65333333 1.0433333 1.0433333 1.0433333 1.0433333 0.63777778 0.63777778 0.63777778 0.63777778 0.92666667 0.92666667 0.92666667 1.1044444 1.1044444 1.1044444
0.82222222 0.82222222 0.56 0.56 0.56 0.56 0.61374953 0.73333333 0.73333333 0.73333333 0.73312895 0.36333333 0.36333333 0.36333333 0.51355391 0.51444444 0.20099167 0.19888889 0.19888889 0.19888889 0.34888889 0.34888889 0.34888889 0.34888889 1.0455556 1.0455556 1.0455556 1.0455556 1.0455556 1.6566667 1.6566667 1.6566667 1.6566667 1.6566666 1.6111111 0.65333333 0.65333333 0.65333333 0.65333333 0.65333288 0.44888889 0.44888889 0.44888889 0.49661655 0.59555556 0.59555556 0.59555556 0.92666666 0.92666672 0.98222222 0.98222222 1.4154799 1.4155556
0.82222222 0.82222222 0.65464381 0.56 0.56 0.56 0.69340431 0.73320728 0.73333333 0.73333333 0.36333339 0.36333333 0.36333333 0.36333333 0.36333333 0.37569496 0.19888889 0.19888889 0.19888889 0.19888889 0.34888773 0.34888889 0.34888889 0.34888889 1.0455556 1.0455556 1.0455556 1.0455556 1.0455556 1.0466171 1.6566667 1.6566667 1.6566667 1.6111111 1.6111111 1.6103674 0.65333333 0.65333333 0.82841998 0.96444442 0.44888889 0.44888889 0.44888889 0.49733801 0.59555556 0.59555556 0.59555556 1.0533333 0.98310826 0.98222222 0.98222222 1.4155556 1.4155556
1.01 1.01 1.01 0.67282737 0.56038417 0.69333333 0.69333333 0.69333333 0.69333333 0.65333333 0.65333333 0.36333335 0.36333333 0.36333333 0.36333333 0.36332291 0.19888889 0.19888889 0.19888889 0.19888889 0.28343375 0.34888889 0.34888889 0.34830732 0.35867797 1.0455556 1.0455556 1.0455556 0.83111111 0.83111111 0.83111111 0.83111458 1.6111111 1.6111111 1.6111111 1.6111111 0.96444444 0.96444444 0.96444444 0.96444444 0.68111111 0.68111111 0.68111111 0.97110528 0.97111111 0.97111111 0.97111099 1.0533333 1.0533333 0.98230887 0.98222222 1.4155535 1.4155556
1.01 1.01 1.01 1.0099899 0.82333333 0.8044292 0.69333333 0.69333333 0.69333333 0.65333333 0.65333333 0.65333333 0.43 0.43 0.43 0.43 0.19928375 0.19888889 0.19888889 0.19888889 0.20116221 0.32666673 0.32666667 0.32666667 0.32666667 0.32666667 0.1188889 0.11888889 0.83111111 0.83111111 0.83111111 0.83111111 1.6111108 1.6111111 1.6111111 1.611075 0.96444445 0.96444444 0.96444444 0.96556552 0.68111111 0.68111111 0.68111111 0.97109766 0.97111111 0.97111111 0.97111111 1.0533333 1.0533333 1.0533333 1.01 1.01 1.1055556
