interpolatedSpi/02-10|22_2.tif
NCOLS 53
NROWS 52
XLLCORNER -116.03883
YLLCORNER 28.596182
DX 0.49850594
DY 0.49788537
NODATA_VALUE -9999
[rows 0 to 25 of 52, columns 0 to 52 of 53]
-0.063333333 -0.063333333 -0.35376258 -0.53888889 -2.4671787e-17 -0.058888889 -0.22 -0.21 -0.39289665 -0.31444444 -0.44 -0.19111111 -0.33220401 -0.11111111 -0.037777778 -0.037777778 -0.037777778 0.26333333 0.13555556 0.13555556 0.13555556 0.13554958 -0.48444444 0.16888889 0.16888889 0.16888889 -0.068891 -0.068888889 -0.068888889 -0.23444444 -0.23444444 -0.23444444 -0.23444444 0.048888832 0.048888889 0.048888889 0.048888889 0.048888889 0.048888889 0.048888894 0.24895685 0.25094722 -0.39333333 -0.39333333 -0.39333333 -0.39333333 -0.39337144 -0.41666667 -0.41666667 -0.41666667 0.40333163 0.40333333 0.40333333
-0.063364534 -0.76555556 -0.46333337 -0.41165431 -0.25116131 -0.17111111 -0.28444444 -0.10362253 -0.34888889 -0.53222222 -0.38888889 -0.33222222 -0.33222222 0.048355374 -0.11110853 -0.037777778 0.26333333 0.26333333 0.13572216 0.13555556 0.13555556 0.13555556 0.16075938 0.16888889 0.16888889 0.16888889 0.027777787 0.027777778 -0.23444444 -0.23444444 -0.23444444 -0.23444444 -0.23444444 0.048888848 0.048888889 0.048888889 0.048888889 0.048888889 0.048888933 0.2038928 1.0010493 -0.22412879 -0.39333333 -0.39333333 -0.39333333 -0.39333333 -0.39333333 -0.41666667 -0.41666667 -0.41666667 -0.34867148 0.40333333 0.40333333
-0.25220877 -0.25222222 -0.49222222 -0.054444444 -0.44777778 -0.52666667 -0.34666667 -0.29444444 -0.90111111 -0.33333333 -0.46111111 -0.53222222 -0.46555556 0.3 0.048888889 -0.34222222 0.26333333 0.26333333 0.26333333 0.094456396 0.094444444 0.094444444 0.014444444 0.16888889 0.16888889 0.16888889 0.027777778 0.027777778 0.027777778 -0.23444444 -0.23444444 -0.23444444 -0.17132755 0.049977875 0.054556344 0.65219824 0.65777778 0.65777778 0.70096006 1.0011111 1.0011111 0.99932797 -0.39333333 -0.39333333 -0.39333333 -0.39333333 -0.39333333 -0.41666667 -0.41666667 -0.41666667 -0.41666667 0.40333333 0.40333333
-0.51 -0.25222222 -0.24115945 0.46333333 -0.80222222 -0.32777778 -0.46111111 -0.72888889 -0.36222222 -0.13883181 -0.26222222 -0.20555556 -0.29888889 0.3 -0.52777778 -0.34222222 -0.72041747 -0.72264202 -0.82555556 0.094444444 0.094444444 -0.50333333 0.014444444 0.014444444 0.16888889 0.16888818 0.027777778 0.027777778 0.027777778 -0.43777778 -0.25427556 -0.10333333 -0.10333333 -0.10333273 0.65777778 0.65777778 0.65777778 0.65777778 1.0011111 1.0011111 1.0011111 1.0011111 -0.39333333 -0.39333333 -0.39333333 -0.39333333 -0.39333333 -0.41666637 -0.41666667 -0.41666667 -0.41666667 0.40332622 0.40333333
-0.51 0.17444368 -0.24111111 -0.30129028 -0.80222222 -0.66888889 -0.31001485 0.10222222 -0.39444444 0.2233331 -0.040102746 -0.16445304 -0.22444444 -0.52777778 -0.52777778 -0.40961065 -0.72333333 -0.72333333 -0.82555556 -0.82555556 0.094443219 -0.50333333 0.26777778 0.0066666666 -0.11666667 -0.11654944 0.027777778 0.027777778 -0.43777778 -0.43777778 -0.10333333 -0.10333333 -0.10333333 -0.040684988 0.65777778 0.65777778 0.65777778 1.0011111 1.0011111 1.0011111 1.0011111 1.0010921 -0.39333332 -0.39333333 -0.39333333 -0.39333333 -0.39333333 -0.39354103 -0.41666667 -0.41663966 0.18555556 0.18555556 0.18555556
-1.9833333 -0.44666667 -0.26666667 -0.19666667 -0.72444444 -0.46777778 -0.52444444 -0.44421316 -0.17555556 -0.62666667 -0.85 -0.26888889 -0.26888886 -0.33444444 -0.33444444 -0.51440528 -0.51444444 -0.55111111 -0.55111111 -0.82555498 -0.81555556 -0.81555556 0.0066666667 -0.11666667 -0.11666667 0.38444444 0.15 0.15 0.23438281 -0.43777778 -0.10333333 -0.10333333 0.22888889 0.22894891 0.80329224 0.95222222 0.95222222 0.98598622 1.0011111 1.0011111 0.80468973 0.80444445 0.80444662 0.15350664 0.16327181 0.16333318 0.16333331 0.16333313 0.25297549 0.18555556 0.18555556 0.18555556 0.18555556
-1.14334 -0.83555556 -0.56156505 -0.39888889 -0.39555556 -0.92111111 -0.45555555 -0.45111111 -0.43111111 -0.43111111 -0.85 -0.30555556 -0.90888877 -0.33444444 -0.35222217 -0.35222222 -0.51444444 -0.22444444 -0.16777778 -0.16777778 -0.75481475 -0.68666667 -0.68666667 0.25777777 0.38444444 0.38444444 0.15 0.15 0.23441841 0.23396521 0.56537201 0.22888889 0.22888889 0.80333333 0.80333333 1.0351285 0.95222222 0.95222222 1.0799956 0.80444483 0.80444444 0.80444444 0.80445622 0.16333666 0.16333333 0.16333333 0.16333333 0.16333341 0.28777778 0.18557581 0.18555556 0.18555556 0.18555556
-1.1433333 -0.14555556 -0.19 -1.1211111 -0.79335212 -0.75555556 -0.76555556 -0.39 -0.60333333 -0.51777778 -0.51777778 -0.47555556 -0.90888889 -0.90888889 -0.35604147 -0.69021425 -0.72333333 -0.094444444 -0.66111061 -0.16777778 -0.015518749 0.057777778 -0.63222222 0.14222222 0.14221883 -0.12111111 0.05 0.050000035 -0.21065704 -0.21222221 0.56777778 0.043701701 0.37111111 0.80333333 0.8079918 1.1044444 1.1044444 1.08 1.08 0.80444444 0.80444444 0.80444446 0.76261192 0.75999997 0.16333333 0.16333333 0.16333333 0.28777304 0.28777778 0.28777778 0.18555556 0.18555556 0.18555556
-0.30401401 -0.14555556 0.083333333 -0.32888889 -0.59111111 -0.66777778 -0.41111111 -0.023333333 -0.38666667 -0.27768353 -0.33777778 -0.52222222 -0.52222222 0.093333333 0.093326239 -0.93164003 -0.93222222 -0.93222222 -0.18094698 -0.59000005 -0.80555556 -0.80555555 0.43111111 -0.21318003 -0.094574064 -0.12111111 0.15333333 0.05 0.48744316 0.49 -0.047777778 1.0155556 0.63109861 0.40555556 0.96666667 0.99333333 1.3377778 0.54 1.474013 0.80854616 1.7233333 1.1722222 0.76005337 0.76 0.75664164 0.16333333 0.40777776 0.28777778 0.28777778 0.28777778 0.28777778 0.19994308 0.033333333
-1.19 -1.19 0.081111111 -0.17333333 -0.53333333 -0.39333333 -0.43888889 -0.54777778 -0.43222222 -0.25006696 -0.28 0.46444444 0.093333333 0.093333333 -0.66111111 -0.66482952 -0.93222222 -0.93211425 -0.45777778 -0.59 -0.59 -0.61777079 0.43111111 0.30444684 0.30444444 0.30444444 0.15333333 0.43111111 0.43111111 0.49 0.49 1.0141078 0.25222222 0.40555556 0.66333333 0.99333333 1.3377778 1.1777778 1.4744444 0.87760999 1.1722222 1.1412025 1.0877778 0.76 0.76 0.40777778 0.40777778 0.40777778 0.28777778 0.28777778 0.30111111 0.30111111 0.30111101
-1.19 -1.19 -0.33222222 -0.64333333 -0.74111111 -0.40555556 -0.67777777 -0.026957487 -0.06 -0.19777778 -0.39777778 -0.52 0.46313331 -0.66111111 -0.66111111 -0.66108778 -0.45888889 -0.45883057 -0.45777778 -0.45888889 -0.45888889 -0.58888889 -0.58888889 0.30444444 0.30444444 0.30444444 0.43111111 0.43111111 0.43111111 -0.19777778 -0.19777778 -0.19777704 0.41222222 0.41222222 0.37555556 0.044444444 1.0955556 0.96111154 1.1133333 0.86777778 0.86777778 0.60333493 1.0877778 0.76 0.61222205 0.33777778 0.73303757 0.73444444 0.91666667 0.91666667 0.30111111 0.30111111 0.30111111
-1.19 -0.819663 -0.46498443 -0.69221385 -0.038888889 -0.58222222 -0.67777778 -0.026666667 -0.059999722 -0.19625137 -0.51999958 -0.52 -0.42888889 -0.66111111 -0.66111111 -0.4588889 -0.45888889 -0.45888883 -0.45777778 -0.45888889 -0.48441824 -0.58888889 -0.58888889 0.30440861 0.30444444 0.18537491 -0.057777778 -0.057777778 -0.057777716 -0.19777778 -0.19777778 -0.23111111 -0.23111111 0.41222212 0.37555556 0.48000006 1.0820141 0.96111111 0.96111111 0.86777777 0.60333333 0.60333333 0.60333347 0.61222222 0.61222222 0.33777778 0.73444444 0.73444444 0.91666667 0.91666667 0.30111111 0.30111111 0.30111111
-0.0088888889 -0.076153674 -0.050021755 -0.054644771 -0.038891824 -0.58220939 -0.67777778 -0.034681469 -0.057702992 -0.063597745 -0.42888889 -0.42888889 -0.42888889 -0.42888889 -0.66107822 -0.45888889 -0.45888889 -0.45887454 -0.45777778 -0.45888664 -0.45111111 -0.45111111 -0.45111111 -0.45111111 0.29135931 -0.057777778 -0.057777778 -0.057777778 -0.057777778 -0.057894784 -0.23111111 -0.23111111 -0.23111111 -0.23111111 0.48 0.48 0.48 0.93797181 0.95569518 0.24 0.24 0.60331379 0.35112005 0.61219707 0.61222222 0.33777778 0.73444444 0.73444444 0.91666667 0.91666667 0.30334428 0.30111111 0.72557053
-0.0088888889 -0.05 -0.05 -0.05 -0.05 -0.050000221 -0.67753309 -0.36970054 -0.051574823 -0.428495 -0.42888889 -0.42888889 -0.42888889 -0.42888889 -0.42888865 -0.45888889 -0.45888889 -0.45881267 -0.45777777 -0.45111111 -0.45111111 -0.45111111 -0.45111111 -0.45111111 -0.4444324 -0.14085602 -0.18555553 -0.18555556 -0.18555556 -0.18555556 -0.23111111 -0.23111111 -0.23111125 -0.34333333 -0.34333333 0.48 0.067358624 0.055555556 0.23999989 0.24 0.24 0.24 0.35111111 0.35111111 0.35111111 0.35101832 0.70566113 0.70555556 0.70555556 0.70555556 0.70555556 0.72999991 0.73
0.20666667 -0.05 -0.05 -0.05 -0.05 -0.05 -0.05000004 -0.45970255 -0.09980753 -0.1 -0.1 -0.1 -0.1 -0.1 -0.1 0.042563118 -0.4508835 -0.45873664 -0.45111195 -0.45111111 -0.45111111 -0.45111111 -0.45111111 -0.45111049 -0.14222222 -0.14222222 -0.14222228 -0.18555556 -0.18555556 -0.18577582 -0.29555556 -0.29555556 -0.34333333 -0.34333333 -0.34333333 -0.0083421179 0.055555556 0.055555556 0.055555556 0.24 0.24 0.24 0.35111111 0.35111111 0.35111111 0.35111111 0.70555554 0.70555556 0.70555556 0.70555556 0.70555556 0.73 0.73
0.20666667 0.11111258 -0.05 -0.05 -0.05 -0.05 -0.29772915 -0.29777778 -0.29777777 -0.1 -0.1 -0.1 -0.1 -0.1 -0.067889426 0.045555556 0.045555556 0.045555556 0.082813684 0.084443898 0.084444444 0.084444444 0.084444444 0.084444444 -0.14222222 -0.14222222 -0.14222222 -0.14222222 -0.18555556 -0.29555556 -0.29555556 -0.29555556 -0.34333333 -0.34333333 -0.34333333 0.022222222 0.055511421 0.055555556 0.055555556 0.23990939 0.05916793 -0.36263789 0.35111111 0.35111111 -0.17282255 -0.17444444 -0.17444444 0.70382209 -0.34409685 -0.34777769 -0.34777758 -0.07432275 0.72999836
0.20666667 -0.27557953 -0.17088878 -0.05 -0.05 -0.29763138 -0.29777778 -0.29777778 -0.29777778 -0.29635253 -0.1 -0.1 -0.1 -0.099999982 0.045555556 0.045555556 0.045555556 0.045555556 0.084409706 0.084444444 0.084444444 0.084444444 0.084444444 0.084444444 -0.14222222 -0.14222222 -0.14222222 -0.14222222 -0.14277995 -0.29555556 -0.29555556 -0.29555556 -0.26111111 -0.34329416 0.022222222 0.022222222 0.022222222 0.019977333 -0.33785024 -0.36444444 -0.36444444 -0.36444444 -0.40777778 -0.40777778 -0.17444444 -0.17444444 -0.17444444 -0.34777778 -0.34777778 -0.34777778 -0.34777778 -0.074444444 -0.074444444
-0.28850341 -0.28888889 -0.28888889 -0.28888889 -0.55111111 -0.29778431 -0.29777778 -0.29777778 -0.29777778 -0.29777778 -0.075016374 -0.0999957 -0.099999991 0.045555556 0.045555556 0.045555556 0.045555556 0.045555556 0.040678113 0.084444444 0.084444444 0.084444444 0.084444444 0.084444444 -0.22793433 -0.55888663 -0.55888889 -0.55888889 -0.55888889 -0.29555555 -0.26111111 -0.26111111 -0.26111111 -0.26111111 0.022222222 0.022216838 -0.18222222 -0.18222222 -0.36216913 -0.36444444 -0.36444444 -0.36444444 -0.40777778 -0.40777778 -0.21057248 -0.17444444 -0.17444444 -0.34777778 -0.34777778 -0.34777778 -0.34484693 -0.074444444 -0.074444444
-0.28888889 -0.28888889 -0.28888889 -0.41237325 -0.55111111 -0.55111111 -0.29777778 -0.29777778 -0.29777778 -0.29777778 0.23 0.23 0.23 0.045555556 0.045555556 0.045555556 0.045555556 0.045558493 -0.08 -0.08 0.084444378 0.084444444 0.076112774 -0.25777778 -0.26048855 -0.55888889 -0.55888889 -0.55888889 -0.55888889 -0.26114143 -0.26111111 -0.26111111 -0.26111111 -0.26111111 -0.1822215 -0.18222222 -0.18222222 -0.18222222 -0.18288209 -0.36444444 -0.36444444 -0.36444444 -0.40777778 -0.40777778 -0.40777778 -0.17444444 -0.17444444 -0.34777777 -0.34777778 -0.34777778 -0.074444445 -0.074444444 -0.074444444
-0.28888889 -0.28888889 -0.28888889 -0.55111111 -0.55111111 -0.55111111 -0.55111072 -0.29777778 -0.29777778 0.22945518 0.23 0.23 0.23 0.22988508 0.059945287 0.063333333 0.063333333 0.063333333 -0.08 -0.08 -0.08 -0.25777778 -0.25777778 -0.25777778 -0.25782104 -0.48195866 -0.55888889 -0.55888889 -0.55888889 -0.50200301 -0.54886058 -0.54888889 -0.54888889 -0.54888889 -0.31973081 -0.51222147 -0.51222222 -0.51222222 -0.51222222 -0.6888445 -0.68888889 -0.68888889 -0.40777778 -0.40777778 -0.41555552 -0.41555547 -0.16777778 -0.16777778 -0.26 -0.26 -0.26 -0.074444444 0.049888732
-0.28888938 -0.28888889 -0.2888889 -0.55111111 -0.55111111 -0.55111111 -0.55111111 -0.8155554 -0.29984806 0.22953754 0.23 0.23 0.23 0.22967295 0.063333333 0.063333333 0.063333333 0.063333292 -0.08 -0.08 -0.08 -0.25777778 -0.25777778 -0.25777778 -0.41222222 -0.41222222 -0.57777778 -0.57777778 -0.57777778 -0.57762018 -0.54888889 -0.54888889 -0.54888889 -0.54888889 -0.5305657 -0.51222222 -0.51222222 -0.51222222 -0.51222222 -0.68888889 -0.68888889 -0.68888889 -0.68028878 -0.41555556 -0.41555556 -0.41555556 -0.16777778 -0.16777778 -0.26 -0.26 -0.26 0.04999999 0.05
-0.44777778 -0.38060327 -0.64444444 -0.64441737 -0.55111111 -0.81402549 -0.81555556 -0.81555556 -0.7058371 -0.28000001 -0.28 -0.28 -0.28 0.09109903 0.091111111 0.063333355 0.063333333 0.059556711 -0.08 -0.08 -0.08 -0.51333333 -0.51333333 -0.51333333 -0.41222222 -0.41222222 -0.57777778 -0.57777778 -0.57777778 -0.57777807 -0.97777505 -0.97777657 -0.55966837 -0.54934869 -0.96063936 -0.96111111 -0.96111111 -0.96111111 -0.96111111 -0.68888889 -0.68888889 -0.68888889 -0.43060624 -0.41555556 -0.41555556 -0.41555556 -0.16777778 -0.16777778 -0.1677811 -0.26 -0.25999498 -0.14777778 0.05
-0.47666118 -0.4766667 -0.64444444 -0.64444444 -0.64444444 -0.81555556 -0.81555556 -0.81555556 -0.51444444 -0.51444444 -0.28 -0.28 -0.28 0.091111111 0.091111111 0.091111111 0.091111111 0.091092017 -0.08 -0.08 -0.080000017 -0.51333333 -0.51333333 -0.51333333 -0.41222222 -0.41222222 -0.57777778 -0.57777778 -0.57777778 -0.97326775 -0.97777778 -0.97777778 -0.97777778 -0.97777778 -0.96111934 -0.96111111 -0.96111111 -0.96111111 -0.96111111 -0.82888885 -0.82888889 -0.82888889 -0.82888889 -0.41555578 -0.44444444 -0.44444444 -0.44444444 -0.15888889 -0.15888889 -0.15888889 -0.14777778 -0.14777778 -0.14777778
-0.47666667 -0.47666667 -0.64444444 -0.64444444 -0.64444444 -0.81465617 -0.81555556 -0.51444444 -0.51444444 -0.51444444 -0.28002886 -0.28 -0.34809373 0.091111007 0.091111111 0.091111111 0.091111111 -0.26111111 -0.26111111 -0.26111111 -0.50111111 -0.50111112 -0.51333327 -0.51333333 -0.51345118 -0.76 -0.76 -0.75999957 -0.57780723 -1.0433203 -1.043333 -1.0433219 -0.97788982 -0.97783435 -0.96412226 -0.96111122 -0.96204945 -1.2411111 -1.2411111 -0.82888889 -0.82888889 -0.82888889 -0.82888889 -0.44444444 -0.44444444 -0.44444444 -0.44444444 -0.15888889 -0.15888889 -0.15888889 -0.14777778 -0.14777778 -0.14777778
-0.47666667 -0.47666667 -0.64444444 -0.64444444 -0.64444444 -0.64444445 -0.70285846 -0.51444444 -0.51444444 -0.51444444 -0.51436097 -0.36333333 -0.36333333 -0.36333333 0.088432965 0.091111111 -0.25876399 -0.26111111 -0.26111111 -0.26111111 -0.50111111 -0.50111111 -0.50111111 -0.50111111 -0.76 -0.76 -0.76 -0.76 -0.76 -1.0433333 -1.0433333 -1.0433333 -1.0433333 -1.0433333 -1.0266667 -1.2411111 -1.2411111 -1.2411111 -1.2411111 -1.2411093 -0.74444444 -0.74444444 -0.74444444 -0.63235766 -0.4 -0.4 -0.4 -0.1588889 -0.1588891 -0.37888889 -0.37888889 0.11215897 0.11222222
-0.47666667 -0.47666667 -0.58388845 -0.64444444 -0.64444444 -0.64444444 -0.64865032 -0.51486814 -0.51444444 -0.51444444 -0.36333334 -0.36333333 -0.36333333 -0.36333333 -0.36333333 -0.32606878 -0.26111111 -0.26111111 -0.26111111 -0.26111111 -0.50110925 -0.50111111 -0.50111111 -0.50111111 -0.76 -0.76 -0.76 -0.76 -0.76 -1.0696073 -1.0433333 -1.0433333 -1.0433333 -1.0266667 -1.0266667 -1.0268332 -1.2411111 -1.2411111 -1.0635232 -0.92555558 -0.74444444 -0.74444444 -0.74444444 -0.63436525 -0.4 -0.4 -0.4 -0.61444444 -0.38182389 -0.37888889 -0.37888889 0.11222222 0.11222222
