interpolatedSpi/02-10|19_1.tif
NCOLS 53
NROWS 52
XLLCORNER -116.03883
YLLCORNER 28.596182
DX 0.49850594
DY 0.49788537
NODATA_VALUE -9999
0.199 0.199 0.014729913 -0.126 -0.175 -0.255 -0.106 -0.254 -0.43453026 -0.396 -0.25 -0.182 -0.38198633 -0.216 -0.254 -0.254 -0.254 0.041 0.079 0.079 0.079 0.078994384 -0.504 -0.047 -0.047 -0.047 -0.38499916 -0.385 -0.385 -0.382 -0.382 -0.382 -0.382 -0.43799999 -0.438 -0.438 -0.438 -0.438 -0.438 -0.43799999 0.058650837 0.06395006 -0.132 -0.132 -0.132 -0.132 -0.13276767 -0.602 -0.602 -0.602 0.00099874763 0.001 0.001 
0.19899329 0.048 0.02000036 0.032830655 0.0048727171 0.122 0.339 -0.17497512 -0.484 -0.446 -0.213 -0.382 -0.382 0.13881293 -0.21599604 -0.254 0.041 0.041 0.078950453 0.079 0.079 0.079 -0.064580789 -0.047 -0.047 -0.047 -0.003000003 -0.0030000002 -0.382 -0.382 -0.382 -0.382 -0.382 -0.43799999 -0.438 -0.438 -0.438 -0.438 -0.43799994 -0.32065273 0.25197457 -0.085404645 -0.132 -0.132 -0.132 -0.132 -0.132 -0.602 -0.602 -0.602 -0.55199866 0.001 0.001 
0.058003108 0.058 0.332 0.365 -0.091 -0.164 0.01 0.045 -0.298 -0.265 -0.092 -0.324 -0.017 -0.141 0.14 -0.562 0.041 0.041 0.041 -0.028968604 -0.029 -0.029 -0.381 -0.047 -0.047 -0.047 -0.003 -0.003 -0.003 -0.382 -0.382 -0.38200001 -0.46191241 -0.43658813 -0.43100049 0.30710907 0.314 0.314 0.30620203 0.252 0.252 0.25150896 -0.132 -0.132 -0.132 -0.132 -0.132 -0.602 -0.602 -0.602 -0.602 0.001 0.001 
0.259 0.05799991 -0.38803048 0.223 -0.296 -0.059 -0.136 -0.426 -0.317 -0.093484735 -0.355 -0.523 -0.267 -0.141 -0.233 -0.562 -0.29009636 -0.28776948 -0.483 -0.029 -0.029 -0.425 -0.381 -0.381 -0.047 -0.04699978 -0.003 -0.003 -0.003 -0.564 -0.55522116 -0.548 -0.548 -0.54799932 0.314 0.314 0.314 0.314 0.252 0.252 0.252 0.25199999 -0.132 -0.132 -0.132 -0.132 -0.132 -0.60199407 -0.602 -0.602 -0.602 0.00099575373 0.00099999995 
0.259 0.021999248 -0.388 -0.524748 -0.296 -0.459 -0.50298745 -0.487 -0.408 -0.4130001 -0.40697703 -0.40298453 -0.295 -0.233 -0.233 -0.44882841 -0.288 -0.288 -0.483 -0.483 -0.029000799 -0.425 -0.461 -0.362 -0.227 -0.22696603 -0.003 -0.003 -0.564 -0.564 -0.548 -0.548 -0.548 -0.50481676 0.314 0.314 0.314 0.252 0.252 0.252 0.252 0.25199807 -0.13199999 -0.132 -0.132 -0.132 -0.132 -0.13618358 -0.602 -0.60197879 -0.129 -0.129 -0.129 
-1.062 0.016 0.11300001 -0.39 -0.128 -0.178 -0.477 -0.47828029 -0.608 -0.478 -0.564 -0.508 -0.50799986 -0.861 -0.861 -0.3669266 -0.367 -0.209 -0.209 -0.48299974 -0.511 -0.511 -0.362 -0.227 -0.227 -0.082 -0.641 -0.641 -0.31702241 -0.564 -0.548 -0.548 -0.319 -0.31901139 -0.42799215 -0.301 -0.301 0.080916826 0.252 0.252 0.23202494 0.232 0.23200088 0.36310302 0.3719443 0.37199987 0.37199998 0.37199981 0.17859473 -0.129 -0.129 -0.129 -0.129 
-0.35600524 0.018 -0.092130737 -0.032 0.163 -0.489 -0.491 -0.532 -0.688 -0.688 -0.564 -0.51 -0.57499992 -0.861 -0.063002391 -0.063 -0.367 -0.165 -0.19 -0.19 -0.43559762 -0.351 -0.351 -0.0040000031 -0.082 -0.082 -0.641 -0.641 -0.31699907 -0.31698283 -0.088657628 -0.319 -0.319 -0.428 -0.428 -0.19370591 -0.301 -0.301 -0.30599983 0.23199925 0.232 0.232 0.23200527 0.37200086 0.372 0.372 0.372 0.37199993 0.258 -0.12892331 -0.129 -0.129 -0.129 
-0.356 -0.618 0.165 -0.53 -0.28601399 -0.553 -0.633 -0.548 -0.709 -0.423 -0.423 -0.267 -0.575 -0.575 -0.066512795 -0.194149 -0.207 -0.088 -0.45399973 -0.19 -0.067809433 -0.042 -0.231 -0.199 -0.19900083 -0.263 -0.025 -0.025000218 -0.30105607 -0.301 -0.088 -0.016644481 -0.18 -0.428 -0.41328306 -0.104 -0.104 -0.306 -0.306 0.232 0.232 0.23200001 0.52534118 0.52599999 0.372 0.372 0.372 0.25800434 0.258 0.258 -0.129 -0.129 -0.129 
-0.56216868 -0.61799999 0.039 0.285 0.068 -0.463 -0.361 -0.162 -0.495 -0.22466865 -0.38 -0.364 -0.364 -0.188 -0.18799702 -0.51414158 -0.515 -0.515 -0.14387046 -0.069000058 -0.346 -0.346 -0.092 -0.17622239 -0.25655049 -0.263 -0.088 -0.025 -0.1244189 -0.125 0.029 0.201 0.16372826 -0.059 0.088 -0.035 -0.033 -0.241 0.15281807 0.23361589 0.594 0.459 0.52598242 0.526 0.5251332 0.372 0.278 0.258 0.258 0.258 0.258 -0.084177321 0.211 
-0.25 -0.25 -0.185 0.031 -0.219 -0.55 -0.245 -0.273 -0.081 -0.15600222 -0.121 -0.212 -0.188 -0.188 0.129 0.12016725 -0.515 -0.51487838 -0.003 -0.069 -0.069 -0.10468688 -0.092 -0.35799496 -0.358 -0.358 -0.088 0.253 0.253 -0.125 -0.125 0.20085965 0.127 -0.059 0.093 -0.035 -0.033 -0.376 0.153 0.68129686 0.45900001 0.44393908 0.418 0.526 0.526 0.278 0.278 0.278 0.258 0.258 0.231 0.231 0.23099999 
-0.25 -0.25 -0.34 -0.715 -0.459 -0.076 -0.29 -0.21822642 -0.39 -0.342 -0.042 -0.35 -0.21218368 0.129 0.129 0.1290105 0.22 0.20829591 -0.003 0.173 0.173 0.377 0.377 -0.358 -0.358 -0.358 0.253 0.253 0.253 -0.054 -0.054 -0.053999702 0.143 0.143 -0.221 0.052 0.27 -0.14599912 0.191 0.69 0.69 0.37900013 0.418 0.526 0.50599995 0.437 0.4841085 0.485 0.654 0.654 0.231 0.231 0.231 
-0.25 -0.28898235 -0.50002588 -0.6339925 -0.166 -0.181 -0.29 -0.218 -0.38999856 -0.34253178 -0.34999999 -0.35 0.318 0.129 0.129 0.22 0.22 0.21998731 -0.003 0.173 0.21306145 0.377 0.377 -0.35797023 -0.358 -0.16011082 0.244 0.244 0.244 -0.054 -0.054 0.209 0.209 0.142999 -0.221 0.47599975 0.2198094 -0.146 -0.146 0.68999999 0.379 0.379 0.37900092 0.506 0.506 0.437 0.485 0.485 0.654 0.654 0.231 0.231 0.231 
-0.228 -0.021426189 0.010973421 0.0063326336 -0.1660002 -0.18099965 -0.29 -0.21888628 -0.37814744 -0.38874659 0.318 0.318 0.318 0.318 0.12902677 0.22 0.22 0.21712071 -0.003 0.17311143 0.562 0.562 0.562 0.562 -0.34193077 0.244 0.244 0.244 0.244 0.24385936 0.209 0.209 0.209 0.209 0.476 0.476 0.476 -0.115889 -0.13973621 0.688 0.688 0.37901662 0.50500003 0.5059999 0.506 0.437 0.485 0.485 0.654 0.654 0.2325346 0.231 0.067152508 
-0.228 0.011 0.011 0.011 0.011 0.010999919 -0.28972096 -0.25595459 -0.34652591 0.31723876 0.318 0.318 0.318 0.318 0.31800017 0.22 0.21999996 0.20470372 -0.0029950638 0.562 0.562 0.562 0.562 0.562 0.56355515 0.35168001 0.36399998 0.364 0.364 0.364 0.20900001 0.209 0.20900055 0.666 0.666 0.476 0.7929345 0.802 0.68800007 0.688 0.688 0.688 0.505 0.505 0.505 0.50452678 0.29622624 0.295 0.295 0.295 0.29500001 0.7039999 0.704 
0.262 0.011 0.011 0.011 0.011 0.011 0.010999981 -0.12631518 0.55514449 0.56 0.56 0.56 0.56 0.56 0.56 0.59424982 0.22593124 0.18946396 0.56192904 0.562 0.562 0.562 0.562 0.56200028 0.634 0.634 0.63399962 0.364 0.364 0.36483101 0.779 0.779 0.666 0.666 0.666 0.78021431 0.802 0.802 0.802 0.688 0.688 0.688 0.505 0.505 0.505 0.505 0.295 0.295 0.295 0.295 0.295 0.704 0.704 
0.262 0.16855555 0.011 0.011 0.011 0.011 0.24095486 0.241 0.24100001 0.56 0.56 0.56 0.56 0.56 0.56772124 0.595 0.595 0.595 0.80326281 0.80399975 0.804 0.804 0.804 0.804 0.634 0.634 0.634 0.634 0.364 0.779 0.779 0.779 0.66600001 0.666 0.666 0.872 0.80209268 0.802 0.802 0.68800544 0.69877015 0.7238924 0.505 0.505 0.59173151 0.592 0.592 0.29536428 0.51522771 0.51599998 0.51599996 0.69600117 0.70399998 
0.262 0.13354525 0.071219478 0.011 0.011 0.24086411 0.241 0.241 0.241 0.24329881 0.56 0.56 0.56 0.56 0.595 0.595 0.595 0.595 0.8038133 0.804 0.804 0.804 0.804 0.804 0.634 0.634 0.634 0.634 0.63452742 0.779 0.779 0.779 1.045 0.6660301 0.872 0.872 0.872 0.87290717 0.72894519 0.724 0.724 0.724 0.687 0.687 0.592 0.592 0.592 0.516 0.516 0.516 0.516 0.696 0.696 
0.13015679 0.13 0.13 0.13 0.135 0.24099727 0.241 0.241 0.241 0.241 0.54826511 0.55999798 0.56 0.595 0.595 0.595 0.595 0.595 0.60014762 0.804 0.804 0.804 0.804 0.804 0.82206645 0.98099812 0.981 0.981 0.981 0.77900001 1.045 1.045 1.045 1.045 0.872 0.87200219 0.955 0.955 0.72688438 0.724 0.724 0.724 0.687 0.687 0.60670927 0.592 0.592 0.516 0.516 0.516 0.51793007 0.696 0.696 
0.13 0.13 0.13 0.13235457 0.135 0.135 0.241 0.241 0.241 0.241 0.405 0.405 0.405 0.595 0.595 0.595 0.595 0.59497158 0.417 0.417 0.80399984 0.804 0.80163846 0.707 0.7094667 0.981 0.981 0.981 0.981 1.0449935 1.045 1.045 1.045 1.045 0.95499971 0.955 0.955 0.955 0.95420043 0.724 0.724 0.724 0.687 0.687 0.687 0.592 0.592 0.51600001 0.516 0.516 0.696 0.696 0.696 
0.13 0.13 0.13 0.135 0.135 0.135 0.13500016 0.241 0.241 0.4048307 0.405 0.405 0.405 0.40511838 0.45577935 0.423 0.423 0.423 0.417 0.417 0.417 0.707 0.707 0.707 0.70702969 0.89287992 0.981 0.981 0.981 0.98902485 0.97800659 0.978 0.978 0.978 1.0480417 1.1789995 1.179 1.179 1.179 1.0059614 1.006 1.006 0.687 0.687 0.89999911 0.9 0.89 0.89 0.886 0.886 0.886 0.696 0.91979972 
0.13000085 0.13 0.13 0.135 0.135 0.135 0.135 0.28699999 0.24118393 0.40488303 0.405 0.405 0.405 0.40503532 0.423 0.423 0.423 0.423 0.417 0.417 0.417 0.707 0.707 0.707 0.813 0.813 0.844 0.844 0.844 0.84473101 0.978 0.978 0.978 0.978 1.0784448 1.179 1.179 1.179 1.179 1.006 1.006 1.006 1.0026648 0.9 0.9 0.9 0.89 0.89 0.886 0.886 0.886 0.92 0.92 
0.405 0.28040848 0.361 0.36093443 0.135 0.28612053 0.287 0.287 0.33072544 0.276 0.276 0.276 0.276 0.25300075 0.253 0.42299987 0.423 0.42284191 0.417 0.417 0.417 0.517 0.517 0.517 0.813 0.813 0.844 0.844 0.844 0.84400006 0.93200029 0.93200013 0.97684386 0.97795068 0.99098637 0.991 0.991 0.991 0.991 1.006 1.006 1.006 0.90583645 0.9 0.9 0.89999994 0.89 0.89 0.88999986 0.886 0.88600228 0.937 0.92 
0.42099696 0.42099999 0.361 0.361 0.361 0.287 0.287 0.287 0.407 0.407 0.276 0.276 0.276 0.253 0.253 0.253 0.253 0.25301885 0.417 0.417 0.417 0.517 0.517 0.517 0.813 0.813 0.844 0.844 0.844 0.93100779 0.932 0.932 0.932 0.932 0.99097089 0.991 0.991 0.991 0.991 0.6390001 0.639 0.639 0.639 0.89999738 0.559 0.559 0.559 0.774 0.774 0.774 0.937 0.937 0.937 
0.421 0.421 0.361 0.361 0.361 0.28738896 0.287 0.407 0.407 0.407 0.27601613 0.276 0.19265328 0.25299998 0.253 0.253 0.253 0.13 0.13 0.13 0.20500001 0.20500023 0.51699848 0.517 0.51704043 0.445 0.445 0.44500095 0.84393552 0.7880287 0.78800077 0.78802514 0.93175389 0.93187573 0.98039734 0.99099973 0.98868765 0.301 0.301 0.639 0.639 0.639 0.639 0.559 0.559 0.559 0.559 0.774 0.774 0.774 0.937 0.937 0.937 
0.421 0.421 0.361 0.361 0.361 0.361 0.33191249 0.407 0.407 0.407 0.40687129 0.174 0.174 0.174 0.25253443 0.253 0.13081964 0.13 0.13 0.13 0.205 0.205 0.205 0.205 0.445 0.445 0.445 0.445 0.445 0.788 0.788 0.788 0.788 0.78799963 0.61 0.301 0.301 0.301 0.301 0.3010002 0.311 0.311 0.311 0.38975024 0.553 0.553 0.553 0.77399999 0.7739999 0.669 0.669 0.84502238 0.845 
0.421 0.421 0.38265579 0.361 0.361 0.361 0.40500355 0.4069937 0.407 0.407 0.17400005 0.174 0.174 0.174 0.174 0.18046883 0.13 0.13 0.13 0.13 0.20499942 0.205 0.205 0.205 0.445 0.445 0.445 0.445 0.445 0.40965431 0.788 0.788 0.788 0.61 0.61 0.60976005 0.301 0.301 0.40004902 0.47699998 0.311 0.311 0.311 0.38926487 0.553 0.553 0.553 0.597 0.66810289 0.669 0.669 0.845 0.845 
0.504 0.504 0.504 0.39685403 0.36117035 0.405 0.405 0.405 0.405 0.389 0.389 0.17400002 0.174 0.174 0.174 0.17399721 0.13 0.13 0.13 0.13 0.17227243 0.205 0.205 0.20704129 0.29021367 0.445 0.445 0.445 0.276 0.276 0.276 0.27600215 0.61 0.61 0.61 0.61 0.477 0.477 0.477 0.477 0.495 0.495 0.495 0.6989959 0.699 0.699 0.69899995 0.597 0.597 0.66891227 0.669 0.84499878 0.845 
0.504 0.504 0.504 0.5039986 0.478 0.4673846 0.405 0.405 0.405 0.389 0.389 0.389 0.178 0.178 0.178 0.178 0.13017769 0.13 0.13 0.13 0.13114152 0.28299979 0.283 0.283 0.283 0.28299999 0.037000003 0.037 0.276 0.276 0.276 0.276 0.60999987 0.61 0.61 0.60998542 0.477 0.477 0.477 0.47760977 0.495 0.495 0.495 0.69899054 0.699 0.699 0.699 0.597 0.597 0.597 0.604 0.604 0.701 
0.504 0.504 0.504 0.47800006 0.478 0.478 0.40500003 0.405 0.405 0.389 0.389 0.389 0.178 0.178 0.178 0.18173182 0.227 0.227 0.22699975 0.13054788 0.283 0.283 0.283 0.283 0.283 0.28281487 0.037 0.037 0.037 0.276 0.276 0.27595623 0.431 0.431 0.431 0.474 0.474 0.616 0.616 0.616 0.701 0.49506462 0.4950018 0.736 0.736 0.73459774 0.69899993 0.597 0.597 0.604 0.604 0.604 0.701 
0.504 0.504 0.504 0.478 0.478 0.478 0.478 0.405 0.405 0.389 0.389 0.18643696 0.178 0.178 0.178 0.227 0.227 0.227 0.227 0.227 0.283 0.283 0.283 0.283 0.283 0.037000839 0.037 0.037 0.037 0.208 0.208 0.208 0.431 0.431 0.431 0.474 0.474 0.616 0.616 0.701 0.701 0.701 0.736 0.736 0.736 0.736 0.73871086 0.769 0.769 0.769 0.604 0.756 0.756 
0.504 0.504 0.50396379 0.478 0.478 0.478 0.478 0.23904505 0.227 0.22727813 0.38899999 0.17799431 0.178 0.178 0.17800017 0.227 0.227 0.227 0.227 0.227 0.30313482 0.283 0.283 0.283 0.28297281 0.037006414 0.037 0.037 0.037 0.208 0.208 0.208 0.20803264 0.431 0.474 0.474 0.474 0.47400579 0.6160058 0.701 0.701 0.701 0.73599788 0.736 0.736 0.736 0.76899949 0.769 0.769 0.769 0.756 0.756 0.756 
0.169 0.16900059 0.47800277 0.478 0.478 0.478 0.22705341 0.227 0.227 0.227 0.11 0.11 0.11 0.11 0.22646001 0.227 0.227 0.227 0.227 0.30399995 0.304 0.304 0.15100002 0.151 0.151 0.151 0.14116033 0.037 0.26299074 0.263 0.263 0.263 0.263 0.406 0.406 0.406 0.406 0.406 0.675 0.675 0.675 0.675 0.675 0.71802713 0.718 0.718 0.718 0.769 0.769 0.769 0.75600205 0.756 0.756 
0.169 0.169 0.16913405 0.18500059 0.18500007 0.18504115 0.227 0.227 0.227 0.227 0.11 0.11 0.11 0.11 0.11 0.227 0.227 0.227 0.30399998 0.304 0.304 0.304 0.151 0.151 0.151 0.151 0.151 0.15097599 0.2629162 0.263 0.263 0.263 0.26296634 0.39863028 0.40599237 0.406 0.406 0.406 0.675 0.675 0.675 0.675 0.675 0.718 0.718 0.718 0.718 0.7418486 0.769 0.77295537 0.773 0.647 0.647 
0.169 0.169 0.18499797 0.185 0.185 0.185 0.19566782 0.227 0.227 0.227 0.11 0.11 0.11 0.11 0.11 0.22690913 0.227 0.30397742 0.304 0.304 0.304 0.304 0.20767984 0.151 0.151 0.151 0.151 0.15092571 0.046 0.046 0.046 0.046 0.046 0.393 0.393 0.393 0.393 0.393 0.774 0.774 0.774 0.774 0.774 0.71815382 0.71800003 0.718 0.71801068 0.71929289 0.773 0.773 0.773 0.64700071 0.647 
0.16900015 0.25136234 0.18500001 0.185 0.185 0.185 0.185 0.22698212 0.227 0.227 0.11 0.11 0.11 0.11 0.019065656 0.017 0.017 0.30399261 0.304 0.304 0.304 0.304 0.30399995 0.151 0.151 0.151 0.151 0.2509998 0.25099991 0.20737102 0.046 0.046 0.046 0.393 0.393 0.393 0.393 0.39305418 0.774 0.774 0.774 0.774 0.7740141 0.781 0.781 0.781 0.781 0.78099935 0.773 0.773 0.773 0.77300003 0.81351106 
0.253 0.253 0.21376592 0.185 0.185 0.185 0.185 0.185 0.22698126 -0.11399999 -0.114 -0.114 -0.1134684 0.017000134 0.017 0.017 0.017 0.017 0.30399807 0.28748583 0.143 0.143 0.143 0.14477161 0.14611778 0.11999395 0.098042562 0.251 0.251 0.251 0.251 0.251 0.24470549 0.4715634 0.473 0.473 0.473 0.473 0.80856488 0.95799967 0.958 0.958 0.958 0.88799969 0.78100003 0.781 0.781 0.807 0.77300054 0.773 0.773 0.816 0.816 
0.253 0.253 0.073000001 0.073 0.073 0.18496269 0.185 0.185 -0.114 -0.114 -0.114 -0.114 -0.114 0.016999994 0.017 0.017 0.017 0.017 0.143 0.143 0.143 0.143 0.143 0.090000003 0.09 0.09 0.09 0.251 0.251 0.251 0.251 0.251 0.345 0.345 0.473 0.473 0.473 0.55798552 0.558 0.958 0.958 0.958 0.95799996 0.888 0.888 0.888 0.807 0.807 0.807 0.841 0.841 0.816 0.816 
0.253 0.253 0.073 0.073 0.073 0.073 0.072999286 -0.057 -0.11394633 -0.114 -0.114 -0.114 -0.114 0.015365894 0.017 0.017 0.017 0.017 0.143 0.143 0.143 0.143 0.143 0.09 0.09 0.09 0.09 0.090000654 0.251 0.251 0.251 0.34499507 0.345 0.345 0.345 0.473 0.558 0.558 0.558 0.56852475 0.74471886 0.705 0.705 0.888 0.888 0.888 0.807 0.807 0.807 0.841 0.841 0.841 0.64572533 
0.22 0.22000026 0.073 0.073 0.073 0.073 -0.057 -0.057 -0.057 -0.114 -0.114 -0.114 -0.114 -0.11395928 0.017 0.017 0.017 0.017 0.14299772 0.143 0.143 0.143 0.099333315 0.09 0.09 0.09 0.09 0.12199997 0.122 0.122 0.249619 0.345 0.345 0.345 0.34499977 0.102 0.558 0.558 0.558 0.558 0.705 0.705 0.705 0.737 0.737 0.737 0.6540149 0.807 0.807 0.841 0.841 0.841 0.62799997 
0.22 0.22 0.073 0.073 0.073 -0.057 -0.057 -0.057 -0.057 -0.10775493 -0.114 -0.114 -0.114 -0.11399975 -0.083988377 -0.084 -0.084 -0.084 -0.095002501 -0.01 -0.01 -0.01 -0.01 0.09 0.09 0.09 0.090002111 0.122 0.122 0.122 0.122 0.34493557 0.20831953 0.102 0.102 0.102 0.55734893 0.38400362 0.384 0.384 0.70488094 0.553 0.553 0.737 0.737 0.73699965 0.654 0.654 0.703 0.703 0.703 0.666 0.616 
0.22 0.22 0.046 0.046 0.046 -0.057 -0.057 -0.057 -0.057 -0.217 -0.217 -0.217 -0.217 -0.20762718 -0.084 -0.084 -0.084 -0.084 -0.098 -0.01 -0.01 -0.01 -0.01 -0.182 -0.18199989 0.089999598 0.122 0.122 0.122 0.122 0.0015064923 -0.116 0.07606099 0.102 0.102 0.102 0.384 0.384 0.384 0.384 0.553 0.553 0.553 0.6049836 0.605 0.65377975 0.654 0.654 0.70299992 0.703 0.666 0.666 0.616 
0.22 0.046000001 0.046 0.046 0.046 0.046 -0.057116443 -0.072 -0.072 -0.217 -0.217 -0.217 -0.217 -0.2169685 -0.084 -0.084 -0.084 -0.084632564 -0.098 -0.098 -0.01 -0.01 -0.182 -0.182 -0.182 -0.182 0.122 0.122 0.122 0.122 -0.116 -0.116 -0.116 0.1017794 0.102 0.102 0.384 0.384 0.384 0.384 0.553 0.553 0.553 0.605 0.605 0.60499065 0.44 0.44 0.691 0.691 0.666 0.666 0.616 
0.047634076 0.046 0.046 0.046 0.046 0.046 -0.072 -0.072 -0.072 -0.14961006 -0.217 -0.217 -0.217 -0.21699573 -0.084 -0.084 -0.084 -0.098 -0.098 -0.098 -0.010004396 -0.010001051 -0.182 -0.182 -0.182 -0.182 0.12197839 0.122 0.122 -0.11594527 -0.116 -0.116 -0.116 -0.116 0.10142171 0.065 0.065 0.070520849 0.384 0.384 0.55299985 0.553 0.60348809 0.605 0.605 0.44000006 0.44 0.44 0.691 0.691 0.491 0.491 0.56 
0.046 0.046 0.046 0.046 0.046 0.046 -0.072 -0.072 -0.072 -0.072000001 -0.025005531 -0.025 -0.025 -0.025 -0.083999898 -0.074384852 -0.069 -0.069 -0.097946539 -0.098 -0.097999983 -0.18199975 -0.182 -0.182 -0.182 -0.182 -0.18177898 0.122 0.12199187 -0.116 -0.116 -0.116 -0.116 -0.116 0.065 0.065 0.065 0.065 0.065 0.065001773 0.334 0.334 0.33399995 0.191 0.191 0.191 0.421 0.421 0.348 0.348 0.491 0.49100015 0.56 
0.046 0.046 0.046 0.046 0.046 0.046 -0.072 -0.072 -0.072 -0.025 -0.025 -0.025 -0.025 -0.025 -0.036598295 -0.069 -0.069 -0.069 -0.069 -0.069 -0.070384655 -0.182 -0.182 -0.182 -0.182 -0.17440096 0.059620788 0.11355642 -0.11482631 -0.116 -0.116 -0.116 -0.116 -0.1159996 0.065 0.065 0.065 0.065 0.065 0.19013817 0.334 0.334 0.334 0.191 0.191 0.191 0.421 0.421 0.348 0.348 0.299 0.54560211 0.56 
0.046 0.046 0.046 0.046 0.046 0.045999965 -0.071999973 -0.072 -0.070049238 -0.025 -0.025 -0.025 -0.025 -0.025 -0.027110511 -0.069 -0.069 -0.069 -0.069 -0.069 -0.069 0.02259671 0.059999661 0.06 0.06 0.06 0.06 0.06 -0.18354451 -0.18699916 -0.187 -0.187 -0.187 -0.18699982 0.065 0.065 0.065 0.065 0.065 0.33399997 0.334 0.334 0.334 0.33399994 0.19116834 0.296 0.42099999 0.27261229 0.34793166 0.299 0.299 0.29613144 0.161 
0.046 0.046 0.046 0.046 0.046 0.045992462 -0.071993636 -0.071997156 -0.025000059 -0.025 -0.025 -0.025 -0.025 -0.025 -0.025837226 -0.069 -0.069 -0.069 -0.069 -0.069 -0.069 0.06 0.06 0.06 0.06 0.06 0.06 0.06 -0.18693182 -0.187 -0.187 -0.187 -0.187 -0.187 -0.11795202 0.065 0.065 0.065 0.065 0.334 0.334 0.334 0.334 0.33399027 0.296 0.296 0.29583704 0.27 0.27 0.299 0.299 0.161 0.161 
0.046 0.046 0.046 0.046 0.045999999 0.045842631 -0.071858606 -0.030303643 -0.025 -0.025 -0.025 -0.025 -0.025 -0.025 -0.025770296 -0.069 -0.069 -0.069 -0.069 -0.069 -0.050632744 0.06 0.06 0.06 0.06 0.06 0.06 0.06 -0.18699901 -0.187 -0.187 -0.187 -0.187 -0.187 -0.187 -0.025793593 -0.16691675 -0.24408424 -0.25581166 0.334 0.334 0.334 0.334 0.29600303 0.296 0.29688941 0.44499916 0.27 0.27 0.17001047 0.17 0.17 0.161 
0.046 0.046 0.046 0.046 0.04599988 0.045015947 -0.067109814 -0.025012924 -0.025 -0.025 -0.025 -0.025 -0.025 -0.025 -0.026027468 -0.069 -0.069 -0.069 -0.069 -0.068999999 0.059999443 0.06 0.06 0.06 0.06 0.06 0.06 0.06 -0.18699993 -0.187 -0.187 -0.187 -0.187 -0.187 -0.18700002 -0.262 -0.262 -0.262 -0.262 0.334 0.334 0.334 0.334 0.44499957 0.445 0.445 0.445 0.44499748 0.218 0.218 0.17 0.17 0.025452075 
0.046 0.046 0.046 0.045999991 0.045996705 0.04281782 -0.028021192 -0.025000614 -0.025 -0.025 -0.025 -0.025 -0.025 -0.025 -0.026493632 -0.068999982 -0.069 -0.069 -0.069 -0.068223605 0.06 0.06 0.06 0.06 0.06 0.06 0.06 0.06 -0.18699994 -0.187 -0.187 -0.187 -0.187 -0.187 -0.26199993 -0.262 -0.262 -0.262 -0.262 0.334 0.334 0.334 0.334 0.36395842 0.445 0.445 0.445 0.21800254 0.218 0.218 -0.039 -0.039 -0.039 
0.046 0.046 0.045999995 0.045999732 0.045967816 0.036202211 -0.025150764 -0.025000154 -0.025 -0.025 -0.025 -0.025 -0.025 -0.025000003 -0.027125104 -0.068998965 -0.069 -0.069 -0.068999852 0.057386256 0.06 0.06 0.06 0.06 0.06 0.06 0.06 0.06 -0.18699977 -0.187 -0.187 -0.187 -0.187 -0.23897498 -0.262 -0.262 -0.262 -0.262 -0.262 0.334 0.334 0.334 0.334 0.334 0.445 0.445 0.445 0.218 0.218 0.218 -0.039 -0.039 -0.039 
0.045999999 0.045999992 0.045999888 0.045996848 0.045819174 0.0025816795 -0.025023403 -0.025000094 -0.025 -0.025 -0.025 -0.025 -0.025 -0.025000083 -0.027875873 -0.068983931 -0.068999999 -0.068999996 -0.068332104 0.059989031 0.06 0.06 0.06 0.06 0.06 0.06 0.06 0.059999856 -0.18699845 -0.187 -0.18700005 -0.25175824 -0.258 -0.258 -0.258 -0.262 -0.262 -0.262 -0.262 0.334 0.334 0.334 0.334 0.334 0.44499803 0.445 0.44499989 0.21800002 0.218 0.21799986 -0.039 -0.039 -0.039 
