interpolatedSpi/02-10|21_3.tif
NCOLS 53
NROWS 52
XLLCORNER -116.03883
YLLCORNER 28.596182
DX 0.49850594
DY 0.49788537
NODATA_VALUE -9999
[rows 0 to 26 of 52, columns 0 to 52 of 53]
-1.0344444 -1.0344444 -1.0987142 -1.2655556 -1.2722222 -1.5522222 -1.3355556 -1.2277778 -1.3462203 -1.4822222 -1.6066667 -1.2588889 -1.8232781 -1.1522222 -1.4444444 -1.4444444 -1.4444444 -0.69444444 -0.90555556 -0.90555556 -0.90555556 -0.90555077 -0.4088889 -1.1666667 -1.1666667 -1.1666667 -0.84444272 -0.84444444 -0.84444444 -0.51777778 -0.51777778 -0.51777778 -0.51777778 -1.0466666 -1.0466667 -1.0466667 -1.0466667 -1.0466667 -1.0466667 -1.0466666 -0.2969642 -0.28895159 -0.53444444 -0.53444444 -0.53444444 -0.53444444 -0.53376752 -0.12 -0.12 -0.12 0.73999821 0.74 0.74
-1.0344746 -1.7122222 -1.2955551 -1.3561448 -1.5478115 -0.96777778 -1.1888889 -1.5576449 -1.8488889 -1.6933333 -1.58 -1.8233333 -1.8233333 -1.2563184 -1.1522261 -1.4444444 -0.69444444 -0.69444444 -0.90528029 -0.90555556 -0.90555556 -0.90555556 -1.1705852 -1.1666667 -1.1666667 -1.1666667 -1.3988889 -1.3988889 -0.51777778 -0.51777778 -0.51777778 -0.51777778 -0.51777778 -1.0466666 -1.0466667 -1.0466667 -1.0466667 -1.0466667 -1.0466666 -0.99747599 -0.75334682 -0.56100492 -0.53444444 -0.53444444 -0.53444444 -0.53444444 -0.53444444 -0.12 -0.12 -0.12 -0.048687977 0.74 0.74
-1.5533126 -1.5533333 -0.89333333 -0.86666667 -1.0688889 -1.44 -0.85444444 -1.3411111 -1.7344444 -1.7388889 -1.4922222 -1.8688889 -1.2644444 -1.6211111 -1.2566667 -1.86 -0.69444444 -0.69444444 -0.69444444 -1.2143546 -1.2144444 -1.2144444 -1.2411111 -1.1666667 -1.1666667 -1.1666667 -1.3988889 -1.3988889 -1.3988889 -0.51777778 -0.51777778 -0.5177778 -0.72103558 -1.0460213 -1.0440915 -0.77253523 -0.77 -0.77 -0.76790377 -0.75333333 -0.75333333 -0.75305343 -0.53444444 -0.53444444 -0.53444444 -0.53444444 -0.53444444 -0.12 -0.12 -0.12 -0.12 0.74 0.74
-0.31555556 -1.5533332 -1.0244378 -0.42444444 -0.96888889 -1.1222222 -1.0055556 -1.3388889 -1.1866667 -1.3593844 -1.4255556 -1.9055556 -1.8555556 -1.6211111 -1.5 -1.86 -2.0463411 -2.0468296 -1.8355556 -1.2144444 -1.2144444 -1.6544444 -1.2411111 -1.2411111 -1.1666667 -1.1666678 -1.3988889 -1.3988889 -1.3988889 -0.97222222 -0.95454261 -0.94 -0.94 -0.93999986 -0.77 -0.77 -0.77 -0.77 -0.75333333 -0.75333333 -0.75333333 -0.75333333 -0.53444444 -0.53444444 -0.53444444 -0.53444444 -0.53444444 -0.12000523 -0.12 -0.12 -0.12 0.73995082 0.74
-0.31555556 -0.083335059 -1.0244444 -1.2752291 -0.96888889 -0.86666667 -1.5166305 -1.28 -1.4088889 -1.1722224 -1.6968595 -1.9477054 -1.4422222 -1.5 -1.5 -1.7438256 -2.0477778 -2.0477778 -1.8355556 -1.8355556 -1.2144453 -1.6544444 -1.4055556 -0.96777778 -0.81111111 -0.81100186 -1.3988889 -1.3988889 -0.97222222 -0.97222222 -0.94 -0.94 -0.94 -0.85681826 -0.77 -0.77 -0.77 -0.75333333 -0.75333333 -0.75333333 -0.75333333 -0.75333087 -0.53444445 -0.53444444 -0.53444444 -0.53444444 -0.53444444 -0.53075538 -0.12 -0.12002895 -0.76555556 -0.76555556 -0.76555556
-1.5288889 -0.72 -0.51333335 -0.92888889 -1.2577778 -0.99222222 -1.4177778 -1.4001383 -1.2422222 -0.92888889 -0.77333333 -0.49555556 -0.49555618 -1.2244444 -1.2244444 -1.6010553 -1.6011111 -1.4833333 -1.4833333 -1.8355548 -1.1533333 -1.1533333 -0.96777778 -0.81111111 -0.81111111 -0.34333333 -0.65666667 -0.65666667 -0.37116578 -0.97222222 -0.94 -0.94 -0.49888889 -0.4988904 -0.51333239 -0.82333333 -0.82333333 -0.77498943 -0.75333333 -0.75333333 -0.72780965 -0.72777778 -0.72777712 -1.5222492 -1.5398889 -1.5399997 -1.54 -1.5399996 -0.97139439 -0.76555556 -0.76555556 -0.76555556 -0.76555556
-0.23111434 -0.56111111 -0.225644 -0.38444445 -0.62777778 -1.4255556 -0.75555555 -0.84888889 -0.98666667 -0.98666667 -0.77333333 -1.0688889 -0.98111114 -1.2244444 -1.3699996 -1.37 -1.6011111 -1.1044444 -0.94222222 -0.94222222 -1.1627586 -1.1733333 -1.1733333 -0.15111112 -0.34333333 -0.34333333 -0.65666667 -0.65666667 -0.37111474 -0.37117787 -0.41007173 -0.49888889 -0.49888889 -0.51333333 -0.51333333 -0.91168605 -0.82333333 -0.82333333 -0.89888627 -0.72777802 -0.72777778 -0.72777778 -0.72777441 -1.5399966 -1.54 -1.54 -1.54 -1.5399997 -1.0355556 -0.76560906 -0.76555556 -0.76555556 -0.76555556
-0.23111111 0.17888889 0.18555556 -0.96333333 -1.1177689 -1.1011111 -0.74111111 -1.34 -1.2666667 -1.0866667 -1.0866667 -1.11 -0.98111111 -0.98111111 -1.3673319 -1.5309004 -1.5466667 -0.75333333 -0.95888887 -0.94222222 -0.25183335 -0.23777778 -0.38111111 0.069999998 0.069997621 -0.11444444 -0.65111111 -0.65111111 -0.4331153 -0.43333333 -0.41 -0.74614334 -0.52555556 -0.51333333 -0.53139676 -0.98555556 -0.98555556 -0.89888889 -0.89888889 -0.72777778 -0.72777778 -0.72777777 -0.91988173 -0.92222225 -1.54 -1.54 -1.54 -1.0355748 -1.0355556 -1.0355556 -0.76555556 -0.76555556 -0.76555556
0.029533369 0.17888889 0.50111111 -0.19666667 -0.70666667 -0.97222222 -1.1122222 -1.1533333 -1.3933333 -1.2524527 -1.2511111 -1.2266667 -1.2266667 -1.1688889 -1.1688882 -1.1344853 -1.1333333 -1.1333333 -0.78471171 -0.44222221 -0.40333333 -0.40333333 -0.45888889 -0.41176205 -0.095857314 -0.11444444 -0.48 -0.65111111 -0.53622705 -0.53555556 -0.80777778 -0.39 -0.4263754 -1.04 -1.1466667 -1.2711111 -1.2877778 -1.1466667 -1.0145055 -0.7264932 -0.44 -0.57222222 -0.92216904 -0.92222222 -0.92569941 -1.54 -1.5855556 -1.0355556 -1.0355556 -1.0355556 -1.0355556 -0.75172139 -0.44444444
-0.80555556 -0.80555556 0.46111111 -0.16888889 -0.71 -1.1122222 -1.1722222 -1.0455556 -1.1655556 -1.2166642 -1.4555556 -0.34777778 -1.1688889 -1.1688889 -1.0955556 -1.0960737 -1.1333333 -1.1332987 -0.95222222 -0.44222222 -0.44222222 -0.43721204 -0.45888889 -0.56333136 -0.56333333 -0.56333333 -0.48 -0.30444444 -0.30444444 -0.53555556 -0.53555556 -0.39013698 -0.46222222 -1.04 -0.53888889 -1.2711111 -1.2877778 -0.94333333 -1.0144444 -1.0078858 -0.57222222 -0.58079347 -0.59555556 -0.92222222 -0.92222222 -1.5855556 -1.5855556 -1.5855556 -1.0355556 -1.0355556 -0.65444444 -0.65444444 -0.65444437
-0.80555556 -0.80555556 -0.32222222 -0.89222222 -1.0355556 -0.47777778 -0.88111111 -1.1034095 -1.17 -1.0655556 -1.3033333 -1.0222222 -0.34867688 -1.0955556 -1.0955556 -1.0955726 -1.2433333 -1.2280545 -0.95222222 -1.1966667 -1.1966667 -0.67111111 -0.67111111 -0.56333333 -0.56333333 -0.56333333 -0.30444444 -0.30444444 -0.30444444 -0.87888889 -0.87888889 -0.8788882 -0.83888889 -0.83888889 -1.1488889 -1.4255556 -0.89333333 -1.7366572 -1.28 -1.0077778 -1.0077778 -0.52444468 -0.59555556 -0.92222222 -0.99666686 -1.2733333 -0.92065374 -0.91777778 -0.73444444 -0.73444444 -0.65444444 -0.65444444 -0.65444444
-0.80555556 -0.59700233 -0.56546155 -0.96110647 -0.39666667 -1.1055556 -0.88111111 -1.1033333 -1.1699994 -1.0667127 -1.0222223 -1.0222222 -0.91111111 -1.0955556 -1.0955556 -1.2433333 -1.2433333 -1.2433168 -0.95222222 -1.1966667 -1.0934582 -0.67111111 -0.67111111 -0.56333843 -0.56333333 -0.63601688 -0.78444444 -0.78444444 -0.78444438 -0.87888889 -0.87888889 -1.0388889 -1.0388889 -0.83888974 -1.1488889 -1.1811112 -0.84932533 -1.7366667 -1.7366667 -1.0077778 -0.52444444 -0.52444444 -0.52444787 -0.99666667 -0.99666667 -1.2733333 -0.91777778 -0.91777778 -0.73444444 -0.73444444 -0.65444444 -0.65444444 -0.65444444
-1.42 -0.7537344 -0.78222568 -0.7835105 -0.39667038 -1.1055388 -0.88111112 -1.1005979 -1.165406 -1.1672727 -0.91111111 -0.91111111 -0.91111111 -0.91111111 -1.0955294 -1.2433333 -1.2433333 -1.2395746 -0.95222222 -1.1967432 -1.4666667 -1.4666667 -1.4666667 -1.4666667 -0.57879844 -0.78444444 -0.78444444 -0.78444444 -0.78444444 -0.78460403 -1.0388889 -1.0388889 -1.0388889 -1.0388889 -1.1811111 -1.1811111 -1.1811111 -1.7085755 -1.7336958 -1.3411111 -1.3411111 -0.52448837 -1.1244401 -0.99667897 -0.99666667 -1.2733333 -0.91777778 -0.91777778 -0.73444445 -0.73444444 -0.65473468 -0.65444444 -0.35492727
-1.42 -0.78222222 -0.78222222 -0.78222222 -0.78222222 -0.78222235 -0.88168553 -0.98626706 -1.1531496 -0.91138734 -0.91111111 -0.91111111 -0.91111111 -0.91111111 -0.91111125 -1.2433333 -1.2433333 -1.2233651 -0.95222794 -1.4666667 -1.4666667 -1.4666667 -1.4666667 -1.4666667 -1.4590021 -1.037524 -1.1622221 -1.1622222 -1.1622222 -1.1622222 -1.0388889 -1.0388889 -1.0388889 -1.02 -1.02 -1.1811111 -1.0320417 -1.0277778 -1.3411109 -1.3411111 -1.3411111 -1.3411111 -1.1244444 -1.1244444 -1.1244444 -1.1254806 -1.0492136 -1.05 -1.05 -1.05 -1.05 -0.49777781 -0.49777778
-1.1444444 -0.78222222 -0.78222222 -0.78222222 -0.78222222 -0.78222222 -0.78222223 -0.93979095 -1.0946613 -1.0944444 -1.0944444 -1.0944444 -1.0944444 -1.0944444 -1.0944444 -0.87129952 -1.2373299 -1.2034704 -1.4666021 -1.4666667 -1.4666667 -1.4666667 -1.4666667 -1.4666661 -1.1122222 -1.1122222 -1.1122223 -1.1622222 -1.1622222 -1.1621777 -1.14 -1.14 -1.02 -1.02 -1.02 -1.0265317 -1.0277778 -1.0277778 -1.0277778 -1.3411111 -1.3411111 -1.3411111 -1.1244444 -1.1244444 -1.1244444 -1.1244444 -1.05 -1.05 -1.05 -1.05 -1.05 -0.49777778 -0.49777778
-1.1444444 -1.0095932 -0.78222222 -0.78222222 -0.78222222 -0.78222222 -0.95552154 -0.95555556 -0.95555556 -1.0944444 -1.0944444 -1.0944444 -1.0944444 -1.0944444 -1.0441951 -0.86666667 -0.86666667 -0.86666667 -0.99034347 -0.98888938 -0.98888889 -0.98888889 -0.98888889 -0.98888889 -1.1122222 -1.1122222 -1.1122222 -1.1122222 -1.1622222 -1.14 -1.14 -1.14 -1.02 -1.02 -1.02 -0.71444444 -1.0273629 -1.0277778 -1.0277778 -1.3409647 -1.0489211 -0.36736349 -1.1244444 -1.1244444 -0.77441688 -0.77333333 -0.77333333 -1.0489681 -0.42441602 -0.42222228 -0.42222234 0.014366805 -0.49777674
-1.1444444 -1.0363174 -0.909296 -0.78222222 -0.78222222 -0.95545314 -0.95555556 -0.95555556 -0.95555556 -0.95655643 -1.0944444 -1.0944444 -1.0944444 -1.0944444 -0.86666667 -0.86666667 -0.86666667 -0.86666667 -0.98877971 -0.98888889 -0.98888889 -0.98888889 -0.98888889 -0.98888889 -1.1122222 -1.1122222 -1.1122222 -1.1122222 -1.1123233 -1.14 -1.14 -1.14 -0.97777778 -1.0199679 -0.71444444 -0.71444444 -0.71444444 -0.70924019 -0.40643326 -0.36444444 -0.36444444 -0.36444444 -0.76222222 -0.76222222 -0.77333333 -0.77333333 -0.77333333 -0.42222223 -0.42222222 -0.42222222 -0.42222222 0.014444444 0.014444444
-1.0333523 -1.0333333 -1.0333333 -1.0333333 -0.87444444 -0.95555346 -0.95555556 -0.95555556 -0.95555556 -0.95555556 -1.0692924 -1.0944401 -1.0944444 -0.86666667 -0.86666667 -0.86666667 -0.86666667 -0.86666667 -0.86607752 -0.98888889 -0.98888889 -0.98888889 -0.98888889 -0.98888889 -1.0198154 -0.9755563 -0.97555556 -0.97555556 -0.97555556 -1.14 -0.97777778 -0.97777778 -0.97777778 -0.97777778 -0.71444444 -0.71443192 -0.23888889 -0.23888889 -0.3628767 -0.36444444 -0.36444444 -0.36444444 -0.76222222 -0.76222222 -0.77161295 -0.77333333 -0.77333333 -0.42222222 -0.42222222 -0.42222222 -0.41754002 0.014444444 0.014444444
-1.0333333 -1.0333333 -1.0333333 -0.95851019 -0.87444444 -0.87444444 -0.95555556 -0.95555556 -0.95555556 -0.95555556 -0.76222222 -0.76222222 -0.76222222 -0.86666667 -0.86666667 -0.86666667 -0.86666667 -0.86657119 -0.70555556 -0.70555556 -0.98888877 -0.98888889 -0.99167513 -1.1033333 -1.102183 -0.97555556 -0.97555556 -0.97555556 -0.97555556 -0.97777755 -0.97777778 -0.97777778 -0.97777778 -0.97777778 -0.23889056 -0.23888889 -0.23888889 -0.23888889 -0.23933157 -0.36444444 -0.36444444 -0.36444444 -0.76222222 -0.76222222 -0.76222222 -0.77333333 -0.77333333 -0.42222223 -0.42222222 -0.42222222 0.014444444 0.014444444 0.014444444
-1.0333333 -1.0333333 -1.0333333 -0.87444444 -0.87444444 -0.87444444 -0.87444457 -0.95555556 -0.95555556 -0.7624218 -0.76222222 -0.76222222 -0.76222222 -0.76228729 -0.39900038 -0.28888889 -0.28888889 -0.28888889 -0.70555556 -0.70555556 -0.70555556 -1.1033333 -1.1033333 -1.1033333 -1.103075 -0.55885013 -0.97555556 -0.97555556 -0.97555555 -0.60178845 -0.51560102 -0.51555556 -0.51555556 -0.51555556 -0.2470965 -0.25777773 -0.25777778 -0.25777778 -0.25777778 -0.2544595 -0.25444444 -0.25444444 -0.76222222 -0.76222222 -0.64555604 -0.64555549 -0.47333333 -0.47333333 -0.19444444 -0.19444444 -0.19444444 0.014444444 0.13655739
-1.0333309 -1.0333333 -1.0333333 -0.87444444 -0.87444444 -0.87444444 -0.87444444 -0.51666679 -0.95380071 -0.76196329 -0.76222222 -0.76222222 -0.76222222 -0.76129341 -0.28888889 -0.28888889 -0.28888889 -0.28888901 -0.70555556 -0.70555556 -0.70555556 -1.1033333 -1.1033333 -1.1033333 -0.18111111 -0.18111111 -0.30333333 -0.30333333 -0.30333333 -0.30449107 -0.51555556 -0.51555556 -0.51555556 -0.51555556 -0.38673746 -0.25777778 -0.25777778 -0.25777778 -0.25777778 -0.25444444 -0.25444444 -0.25444444 -0.2667503 -0.64555556 -0.64555556 -0.64555556 -0.47333333 -0.47333333 -0.19444444 -0.19444444 -0.19444444 0.13666666 0.13666667
-0.24444444 -0.61484042 -0.75777778 -0.75781162 -0.87444444 -0.51873676 -0.51666667 -0.51666667 -0.49804287 -0.47666667 -0.47666667 -0.47666667 -0.47666667 0.19108937 0.19111111 -0.28888852 -0.28888889 -0.29986744 -0.70555556 -0.70555556 -0.70555556 0.077777778 0.077777778 0.077777778 -0.18111111 -0.18111111 -0.30333333 -0.30333333 -0.30333333 -0.3033332 -0.12555803 -0.12555665 -0.50575349 -0.51513745 -0.39014071 -0.39 -0.39 -0.39 -0.39 -0.25444444 -0.25444444 -0.25444444 -0.62401969 -0.64555556 -0.64555556 -0.64555552 -0.47333333 -0.47333333 -0.47332329 -0.19444444 -0.19446437 -0.64 0.13666667
-0.54327657 -0.54333337 -0.75777778 -0.75777778 -0.75777778 -0.51666667 -0.51666667 -0.51666667 -0.46555556 -0.46555556 -0.47666667 -0.47666667 -0.47666667 0.19111111 0.19111111 0.19111111 0.19111111 0.19100978 -0.70555556 -0.70555556 -0.70555553 0.077777778 0.077777778 0.077777778 -0.18111111 -0.18111111 -0.30333333 -0.30333333 -0.30333333 -0.12756001 -0.12555556 -0.12555556 -0.12555556 -0.12555556 -0.38986951 -0.39 -0.39 -0.39 -0.39 -0.16222225 -0.16222222 -0.16222222 -0.16222222 -0.64555405 -0.44888889 -0.44888889 -0.44888889 -0.58111111 -0.58111111 -0.58111111 -0.64 -0.64 -0.64
-0.54333333 -0.54333333 -0.75777778 -0.75777778 -0.75777778 -0.51793399 -0.51666667 -0.46555556 -0.46555556 -0.46555556 -0.4766653 -0.47666667 -0.24605591 0.19111102 0.19111111 0.19111111 0.19111111 0.041111111 0.041111111 0.041111111 -0.078888885 -0.078888772 0.077777015 0.077777778 0.077543041 -0.19555556 -0.19555556 -0.19555581 -0.30331592 0.14439064 0.14444301 0.14439731 -0.1250941 -0.12532255 -0.34272517 -0.3899998 -0.38827226 0.12555556 0.12555556 -0.16222222 -0.16222222 -0.16222222 -0.16222222 -0.44888889 -0.44888889 -0.44888889 -0.44888889 -0.58111111 -0.58111111 -0.58111111 -0.64 -0.64 -0.64
-0.54333333 -0.54333333 -0.75777778 -0.75777778 -0.75777778 -0.75777778 -0.49753727 -0.46555556 -0.46555556 -0.46555556 -0.4654058 -0.19444444 -0.19444444 -0.19444444 0.18883894 0.19111111 0.042110674 0.041111111 0.041111111 0.041111111 -0.078888889 -0.078888889 -0.078888889 -0.078888889 -0.19555556 -0.19555556 -0.19555556 -0.19555556 -0.19555556 0.14444444 0.14444444 0.14444444 0.14444444 0.14444473 0.28 0.12555556 0.12555556 0.12555556 0.12555556 0.12555466 -0.11333333 -0.11333333 -0.11333333 -0.2883325 -0.65111111 -0.65111111 -0.65111111 -0.58111111 -0.58111102 -0.49111111 -0.49111111 -0.416721 -0.41666667
-0.54333333 -0.54333333 -0.68037839 -0.75777778 -0.75777778 -0.75777777 -0.40011633 -0.46534896 -0.46555556 -0.46555556 -0.19444443 -0.19444444 -0.19444444 -0.19444444 -0.19444444 -0.16280666 0.041111111 0.041111111 0.041111111 0.041111111 -0.078887961 -0.078888889 -0.078888889 -0.078888889 -0.19555556 -0.19555556 -0.19555556 -0.19555556 -0.19555556 0.14937082 0.14444444 0.14444444 0.14444444 0.28 0.28 0.27988007 0.12555556 0.12555556 0.37505403 0.56888885 -0.11333333 -0.11333333 -0.11333333 -0.28348786 -0.65111111 -0.65111111 -0.65111111 0.30888889 -0.48114319 -0.49111111 -0.49111111 -0.41666667 -0.41666667
-0.25666667 -0.25666667 -0.25666667 -0.63213545 -0.7569897 -0.4 -0.4 -0.4 -0.4 -0.11222222 -0.11222222 -0.19444444 -0.19444444 -0.19444444 -0.19444444 -0.19442951 0.041111111 0.041111111 0.041111111 0.041111111 -0.026524782 -0.078888889 -0.078888889 -0.073276788 0.12081155 -0.19555556 -0.19555556 -0.19555556 0.15111111 0.15111111 0.15111111 0.15111108 0.28 0.28 0.28 0.28 0.56888889 0.56888889 0.56888889 0.56888889 0.052222222 0.052222222 0.052222222 0.088888152 0.088888889 0.088888889 0.088888655 0.30888889 0.30888889 -0.49013635 -0.49111111 -0.41666182 -0.41666667
