interpolatedSpi/02-12|22_3.tif
NCOLS 53
NROWS 52
XLLCORNER -116.03883
YLLCORNER 28.596182
DX 0.49850594
DY 0.49788537
NODATA_VALUE -9999
[rows 26 to 51 of 52, columns 0 to 52 of 53]
-0.26272727 -0.26272727 -0.26272727 -0.50862489 -0.59059462 -0.53363636 -0.53363636 -0.53363636 -0.53363636 -0.26727273 -0.26727273 -0.23727273 -0.23727273 -0.23727273 -0.23727273 -0.23727158 -0.21909091 -0.21909091 -0.21909091 -0.21909091 -0.49219645 -0.70363636 -0.70363636 -0.69383435 -0.35455333 -0.90090909 -0.90090909 -0.90090909 -1.2481818 -1.2481818 -1.2481818 -1.2481813 -1.1972727 -1.1972727 -1.1972727 -1.1972727 -1.1572727 -1.1572727 -1.1572727 -1.1572727 -0.78363636 -0.78363636 -0.78363636 -0.54727748 -0.54727273 -0.54727273 -0.54727269 -0.69545455 -0.69545455 -0.40399193 -0.40363636 -0.015455701 -0.015454545
-0.26272727 -0.26272727 -0.26272727 -0.26273329 -0.37454545 -0.39767989 -0.53363636 -0.53363636 -0.53363636 -0.26727273 -0.26727273 -0.26727273 -0.31818181 -0.31818182 -0.31818182 -0.31818181 -0.21870623 -0.21909091 -0.21909091 -0.21909091 -0.22641789 -0.32909194 -0.32909091 -0.32909091 -0.32909091 -0.32909093 -0.77454546 -0.77454545 -1.2481818 -1.2481818 -1.2481818 -1.2481818 -1.1972726 -1.1972727 -1.1972727 -1.1972571 -1.1572727 -1.1572727 -1.1572727 -1.1562677 -0.78363636 -0.78363636 -0.78363636 -0.54728369 -0.54727273 -0.54727273 -0.54727273 -0.69545455 -0.69545455 -0.69545449 -0.24454545 -0.24454545 -0.16090909
-0.26272727 -0.26272727 -0.26272727 -0.3745452 -0.37454545 -0.37454545 -0.5336363 -0.53363636 -0.53363636 -0.26727273 -0.26727273 -0.26727273 -0.31818182 -0.31818182 -0.31818182 -0.29464159 -0.0090909091 -0.0090909091 -0.0090914516 -0.21790478 -0.32909091 -0.32909091 -0.32909091 -0.32909091 -0.32909091 -0.32942614 -0.77454545 -0.77454545 -0.77454546 -1.2481818 -1.2481818 -1.248142 -1.0054545 -1.0054545 -1.0054545 -0.74272727 -0.74272727 -0.92818182 -0.92818182 -0.92818182 -0.43363636 -0.78352658 -0.78363404 -0.47272727 -0.47272727 -0.47555246 -0.54727278 -0.69545454 -0.69545455 -0.24454545 -0.24454545 -0.24454545 -0.16090909
-0.26272727 -0.26272727 -0.26272727 -0.37454545 -0.37454545 -0.37454545 -0.37454545 -0.53363636 -0.53363636 -0.26727273 -0.26727273 -0.31614619 -0.31818182 -0.31818182 -0.31818182 -0.0090909091 -0.0090909091 -0.0090909091 -0.0090909091 -0.0090909091 -0.32909091 -0.32909091 -0.32909091 -0.32909091 -0.32909091 -0.77454393 -0.77454545 -0.77454545 -0.77454545 -1.1863636 -1.1863636 -1.1863636 -1.0054545 -1.0054545 -1.0054545 -0.74272727 -0.74272727 -0.92818182 -0.92818182 -0.43363636 -0.43363636 -0.43363636 -0.47272727 -0.47272727 -0.47272727 -0.47272727 -0.43650777 -0.031818182 -0.031818182 -0.031818182 -0.24454544 0.29909091 0.29909091
-0.26272727 -0.26272727 -0.26288298 -0.37454545 -0.37454545 -0.37454545 -0.37454545 -0.45416826 -0.45818182 -0.45785405 -0.26727273 -0.31817923 -0.31818182 -0.31818182 -0.31818075 -0.0090909091 -0.0090909091 -0.0090909091 -0.0090909091 -0.009090909 0.28555358 -0.32909091 -0.32909091 -0.32909091 -0.32907836 -0.77451696 -0.77454545 -0.77454545 -0.77454545 -1.1863636 -1.1863636 -1.1863636 -1.1863382 -1.0054545 -0.74272727 -0.74272727 -0.74272727 -0.74273486 -0.92814809 -0.43363636 -0.43363636 -0.43363636 -0.4727249 -0.47272727 -0.47272727 -0.47272727 -0.031818151 -0.031818182 -0.031818182 -0.031818182 0.29909091 0.29909091 0.29909091
-0.35636364 -0.35636347 -0.374486 -0.37454545 -0.37454545 -0.37454545 -0.45816402 -0.45818182 -0.45818182 -0.45818182 -0.28727273 -0.28727273 -0.28727273 -0.28727273 -0.01037483 -0.0090909091 -0.0090909091 -0.0090909091 -0.0090909091 0.31181799 0.31181818 0.31181818 -0.26818183 -0.26818182 -0.26818182 -0.26818182 -0.31188751 -0.77454545 -1.2663435 -1.2663636 -1.2663636 -1.2663636 -1.2663636 -0.67818182 -0.67818182 -0.67818182 -0.67818182 -0.67818182 -0.27727273 -0.27727273 -0.27727273 -0.27727273 -0.27727273 -0.025221057 -0.024545455 -0.024545455 -0.024545455 -0.031818182 -0.031818182 -0.031818182 0.29903878 0.29909091 0.29909091
-0.35636364 -0.35636364 -0.35526 -0.22454576 -0.22454549 -0.22477331 -0.45818182 -0.45818182 -0.45818182 -0.45818182 -0.28727273 -0.28727273 -0.28727273 -0.28727273 -0.28727273 -0.0090909091 -0.0090909091 -0.0090909091 0.3118181 0.31181818 0.31181818 0.31181818 -0.26818182 -0.26818182 -0.26818182 -0.26818182 -0.26818182 -0.26828996 -1.2663345 -1.2663636 -1.2663636 -1.2663636 -1.2663519 -0.76064024 -0.6782672 -0.67818182 -0.67818182 -0.67818182 -0.27727273 -0.27727273 -0.27727273 -0.27727273 -0.27727273 -0.024545455 -0.024545455 -0.024545455 -0.024545455 -0.027946324 -0.031818182 0.24146208 0.24454545 -0.05 -0.05
-0.35636364 -0.35636364 -0.22456215 -0.22454545 -0.22454545 -0.22454545 -0.28388811 -0.45818182 -0.45818182 -0.45818182 -0.28727273 -0.28727273 -0.28727273 -0.28727273 -0.28727273 -0.0092995976 -0.009090909 0.31172409 0.31181818 0.31181818 0.31181818 0.31181818 -0.05331706 -0.26818182 -0.26818182 -0.26818182 -0.26818182 -0.26883526 -1.1909091 -1.1909091 -1.1909091 -1.1909091 -1.1909091 -0.82363636 -0.82363636 -0.82363636 -0.82363636 -0.82363636 -0.58181818 -0.58181818 -0.58181818 -0.58181818 -0.58181818 -0.024088197 -0.024545359 -0.024545454 -0.02451371 -0.020687036 0.24454545 0.24454545 0.24454545 -0.04999835 -0.05
-0.35636353 -0.2975334 -0.22454546 -0.22454545 -0.22454545 -0.22454545 -0.22454545 -0.45808234 -0.45818182 -0.45818182 -0.28727273 -0.28727273 -0.28727273 -0.28727273 0.28962257 0.30272727 0.30272727 0.31181795 0.31181818 0.31181818 0.31181818 0.31181818 0.3118181 -0.26818182 -0.26818182 -0.26818182 -0.26818182 -1.0272729 -1.0272728 -1.0620985 -1.1909091 -1.1909091 -1.1909091 -0.82363636 -0.82363636 -0.82363636 -0.82363636 -0.82351999 -0.58181818 -0.58181818 -0.58181818 -0.58181818 -0.58180787 0.16272727 0.16272727 0.16272727 0.16272727 0.16273387 0.24454545 0.24454545 0.24454545 0.24454526 -0.068809749
-0.29636364 -0.29636364 -0.25844422 -0.22454545 -0.22454545 -0.22454545 -0.22454545 -0.22454545 -0.45808058 0.20818181 0.20818182 0.20818182 0.207006 0.30272642 0.30272727 0.30272727 0.30272727 0.30272727 0.31181633 0.29596607 0.15727273 0.15727273 0.15727273 0.047133775 -0.30332506 -0.4913699 -0.65022564 -1.0272727 -1.0272727 -1.0272727 -1.0272727 -1.0272727 -1.0279441 -0.65100195 -0.65181818 -0.65181818 -0.65181818 -0.65181818 -0.55654333 -0.44727297 -0.44727273 -0.44727273 -0.44727273 0.049091242 0.16272724 0.16272727 0.16272727 0.23818182 0.24454535 0.24454545 0.24454545 -0.069090909 -0.069090909
-0.29636364 -0.29636364 -0.13 -0.13 -0.13 -0.22451396 -0.22454545 -0.22454545 0.20818182 0.20818182 0.20818182 0.20818182 0.20818182 0.30272727 0.30272727 0.30272727 0.30272727 0.30272727 0.15727273 0.15727273 0.15727273 0.15727273 0.15727273 -0.70727268 -0.70727273 -0.70727273 -0.70727273 -1.0272727 -1.0272727 -1.0272727 -1.0272727 -1.0272727 -0.57909091 -0.57909091 -0.65181818 -0.65181818 -0.65181818 -0.39458927 -0.39454545 -0.44727273 -0.44727273 -0.44727273 -0.44727267 0.049090909 0.049090909 0.049090909 0.23818182 0.23818182 0.23818182 0.22 0.22 -0.069090909 -0.069090909
-0.29636364 -0.29636364 -0.13 -0.13 -0.13 -0.13 -0.12999982 -0.096363636 0.20789508 0.20818182 0.20818182 0.20818182 0.20818182 0.3015479 0.30272727 0.30272727 0.30272727 0.30272727 0.15727273 0.15727273 0.15727273 0.15727273 0.15727273 -0.70727273 -0.70727273 -0.70727273 -0.70727273 -0.70727404 -1.0272727 -1.0272727 -1.0272727 -0.57911441 -0.57909091 -0.57909091 -0.57909091 -0.65181818 -0.39454546 -0.39454545 -0.39454545 -0.39593281 -0.1085366 -0.045454545 -0.045454545 0.049090909 0.049090909 0.049090909 0.23818182 0.23818182 0.23818182 0.22 0.22 0.22 -0.038625904
-0.25545455 -0.25545487 -0.13 -0.13 -0.13 -0.13 -0.096363636 -0.096363636 -0.096363636 0.20818182 0.20818182 0.20818182 0.20818182 0.20821121 0.30272727 0.30272727 0.30272727 0.30272727 0.1572753 0.15727273 0.15727273 0.15727273 -0.55496533 -0.70727273 -0.70727273 -0.70727273 -0.70727273 -0.90727256 -0.90727273 -0.90727273 -1.0259681 -0.57909091 -0.57909091 -0.57909091 -0.57909068 -0.34090909 -0.39454545 -0.39454545 -0.39454545 -0.39454545 -0.045454545 -0.045454545 -0.045454545 0.088181818 0.088181818 0.088181818 -0.10723908 0.23818182 0.23818182 0.22 0.22 0.22 -0.035454533
-0.25545455 -0.25545455 -0.13 -0.13 -0.13 -0.096363636 -0.096363636 -0.096363636 -0.096363636 0.17478835 0.20818182 0.20818182 0.20818182 0.20818285 0.55088053 0.55090909 0.55090909 0.55090909 0.14183506 0.18636364 0.18636364 0.18636364 0.18636364 -0.70727273 -0.70727273 -0.70727273 -0.70728592 -0.90727273 -0.90727273 -0.90727273 -0.90727273 -0.57910878 -0.44512053 -0.34090909 -0.34090909 -0.34090909 -0.39467763 -0.42999926 -0.43 -0.43 -0.045585568 -0.21272727 -0.21272727 0.088181818 0.088181818 0.088180991 -0.10727273 -0.10727273 -0.072727273 -0.072727273 -0.072727273 -0.11727273 -0.030909091
-0.25545455 -0.25545455 -0.15454545 -0.15454545 -0.15454545 -0.096363636 -0.096363636 -0.096363636 -0.096363636 -0.13272727 -0.13272727 -0.13272727 -0.13272727 -0.084549817 0.55090909 0.55090909 0.55090909 0.55090909 0.14 0.18636364 0.18636364 0.18636364 0.18636364 -0.52545455 -0.52545462 -0.70727246 -0.90727273 -0.90727273 -0.90727273 -0.90727273 -0.8428377 -0.78 -0.39315489 -0.34090909 -0.34090909 -0.34090909 -0.43 -0.43 -0.43 -0.43 -0.21272727 -0.21272727 -0.21272727 -0.071862615 -0.071818182 -0.10711336 -0.10727273 -0.10727273 -0.0727269 -0.072727273 -0.11727273 -0.11727273 -0.030909091
-0.25545455 -0.15454546 -0.15454545 -0.15454545 -0.15454545 -0.15454545 -0.095488547 0.016363636 0.016363636 -0.13272727 -0.13272727 -0.13272727 -0.13272727 -0.13256537 0.55090909 0.55090909 0.55090909 0.53234291 0.14 0.14 0.18636364 0.18636364 -0.52545455 -0.52545455 -0.52545455 -0.52545455 -0.90727273 -0.90727273 -0.90727273 -0.90727273 -0.78 -0.78 -0.78 -0.34135341 -0.34090909 -0.34090909 -0.43 -0.43 -0.43 -0.43 -0.21272727 -0.21272727 -0.21272727 -0.071818182 -0.071818182 -0.071809425 0.082727273 0.082727273 0.010909091 0.010909091 -0.11727273 -0.11727273 -0.030909091
-0.15549312 -0.15454545 -0.15454545 -0.15454545 -0.15454545 -0.15454545 0.016363636 0.016363636 0.016363636 -0.063436049 -0.13272727 -0.13272727 -0.13272727 -0.1327171 0.55090909 0.55090909 0.55090909 0.14 0.14 0.14 0.18636132 0.18635929 -0.52545455 -0.52545455 -0.52545455 -0.52545455 -0.90724559 -0.90727273 -0.90727273 -0.78002927 -0.78 -0.78 -0.78 -0.78 -0.34243002 -0.66181818 -0.66181818 -0.65780617 -0.43 -0.43 -0.21272746 -0.21272727 -0.075915143 -0.071818182 -0.071818182 0.082727217 0.082727273 0.082727273 0.010909091 0.010909091 0.27090909 0.27090909 0.27090909
-0.15454545 -0.15454545 -0.15454545 -0.15454545 -0.15454545 -0.15454545 0.016363636 0.016363636 0.016363636 0.016363635 0.23362581 0.23363636 0.23363636 0.23363636 0.55090791 0.3551097 0.24545455 0.24545455 0.1401944 0.14 0.14000001 -0.52545351 -0.52545455 -0.52545455 -0.52545455 -0.52545455 -0.52573215 -0.90727273 -0.90726838 -0.78 -0.78 -0.78 -0.78 -0.78 -0.66181818 -0.66181818 -0.66181818 -0.66181818 -0.66181818 -0.66181678 -0.41636364 -0.41636364 -0.41636353 -0.094545455 -0.094545455 -0.094545455 0.11 0.11 0.12363636 0.12363636 0.27090909 0.27090909 0.27090909
-0.15454545 -0.15454545 -0.15454545 -0.15454545 -0.15454545 -0.15454545 0.016363636 0.016363636 0.016363636 0.23363636 0.23363636 0.23363636 0.23363636 0.23363636 0.23675161 0.24545455 0.24545455 0.24545455 0.24545455 0.24545455 0.24041944 -0.52545454 -0.52545455 -0.52545455 -0.52545454 -0.5211155 -0.38748926 -0.83646598 -0.78062764 -0.78 -0.78 -0.78 -0.78 -0.77999974 -0.66181818 -0.66181818 -0.66181818 -0.66181818 -0.66181818 -0.5476333 -0.41636364 -0.41636364 -0.41636364 -0.094545455 -0.094545455 -0.094545455 0.11 0.11 0.12363636 0.12363636 0.31636363 0.27341655 0.27090909
-0.15454545 -0.15454545 -0.15454545 -0.15454545 -0.15454545 -0.1545454 0.016363597 0.016363636 0.025381666 0.23363636 0.23363636 0.23363636 0.23363636 0.23363636 0.23420324 0.24545455 0.24545455 0.24545455 0.24545455 0.24545455 0.24545455 -0.40641082 -0.38727292 -0.38727273 -0.38727273 -0.38727273 -0.38727273 -0.38727273 -0.98332163 -0.99181567 -0.99181818 -0.99181818 -0.99181818 -0.99181794 -0.66181818 -0.66181818 -0.66181818 -0.66181818 -0.66181818 -0.41636367 -0.41636364 -0.41636364 -0.41636364 -0.41636349 -0.094717437 -0.20181818 0.10999997 0.045677812 0.12356706 0.31636364 0.31636364 0.31405821 0.20545455
-0.15454545 -0.15454545 -0.15454545 -0.15454545 -0.15454545 -0.15453454 0.016354418 0.016376783 0.23363609 0.23363636 0.23363636 0.23363636 0.23363636 0.23363636 0.23386124 0.24545455 0.24545455 0.24545455 0.24545455 0.24545455 0.24545454 -0.38727273 -0.38727273 -0.38727273 -0.38727273 -0.38727273 -0.38727273 -0.38727273 -0.9916513 -0.99181818 -0.99181818 -0.99181818 -0.99181818 -0.99181818 -0.90139821 -0.66181818 -0.66181818 -0.66181818 -0.66181818 -0.41636364 -0.41636364 -0.41636364 -0.41636364 -0.41630868 -0.20181818 -0.20181818 -0.20027409 0.044545455 0.044545455 0.31636364 0.31636364 0.20545455 0.20545455
-0.15454545 -0.15454545 -0.15454545 -0.15454545 -0.15454545 -0.15431752 0.016166874 0.20911856 0.23363636 0.23363636 0.23363636 0.23363636 0.23363636 0.23363636 0.23384326 0.24545455 0.24545455 0.24545455 0.24545455 0.24545455 0.15536568 -0.38727273 -0.38727273 -0.38727273 -0.38727273 -0.38727273 -0.38727273 -0.38727273 -0.99181576 -0.99181818 -0.99181818 -0.99181818 -0.99181818 -0.99181818 -0.99181818 -0.72795483 -0.83074281 -0.88695043 -0.89549682 -0.4292778 -0.41636364 -0.41636364 -0.41636364 -0.20183531 -0.20181818 -0.20475937 -0.69454192 0.044545455 0.044545455 -0.05556656 -0.055454545 -0.055454545 0.20545443
-0.15454545 -0.15454545 -0.15454545 -0.15454545 -0.15454528 -0.15312004 0.033951022 0.23357662 0.23363636 0.23363636 0.23363636 0.23363636 0.23363636 0.23363636 0.23391234 0.24545455 0.24545455 0.24545455 0.24545455 0.24545454 -0.38727 -0.38727273 -0.38727273 -0.38727273 -0.38727273 -0.38727273 -0.38727273 -0.38727273 -0.99181802 -0.99181818 -0.99181818 -0.99181818 -0.99181818 -0.99181818 -0.99181816 -0.9 -0.9 -0.9 -0.9 -0.61727273 -0.61727273 -0.61727273 -0.61727273 -0.69454403 -0.69454545 -0.69454545 -0.69454545 -0.69454388 -0.56909091 -0.56909091 -0.055454545 -0.055454545 -0.18109886
-0.15454545 -0.15454545 -0.15454545 -0.15454544 -0.15454068 -0.14980686 0.21843634 0.23363353 0.23363636 0.23363636 0.23363636 0.23363636 0.23363636 0.23363636 0.23403755 0.24545454 0.24545455 0.24545455 0.24545455 0.24164644 -0.38727273 -0.38727273 -0.38727273 -0.38727273 -0.38727273 -0.38727273 -0.38727273 -0.38727273 -0.99181805 -0.99181818 -0.99181818 -0.99181818 -0.99181818 -0.99181818 -0.90000008 -0.9 -0.9 -0.9 -0.9 -0.61727273 -0.61727273 -0.61727273 -0.61727273 -0.6381283 -0.69454545 -0.69454545 -0.69454545 -0.56909231 -0.56909091 -0.56909091 -0.23818182 -0.23818182 -0.23818182
-0.15454545 -0.15454545 -0.15454545 -0.15454507 -0.15449814 -0.12697358 0.23279314 0.23363565 0.23363636 0.23363636 0.23363636 0.23363636 0.23363636 0.23363636 0.23420716 0.24545427 0.24545455 0.24545455 0.24545382 -0.37445267 -0.38727273 -0.38727273 -0.38727273 -0.38727273 -0.38727273 -0.38727273 -0.38727273 -0.38727273 -0.99181762 -0.99181818 -0.99181818 -0.99181818 -0.99181818 -0.60982561 -0.89999987 -0.9 -0.9 -0.9 -0.9 -0.61727273 -0.61727273 -0.61727273 -0.61727273 -0.61727273 -0.69454545 -0.69454545 -0.69454545 -0.56909091 -0.56909091 -0.56909091 -0.23818182 -0.23818182 -0.23818182
-0.15454545 -0.15454544 -0.15454529 -0.15454083 -0.15420584 0.061588894 0.23348467 0.23363593 0.23363636 0.23363636 0.23363636 0.23363636 0.23363636 0.23363639 0.23440881 0.24545023 0.24545455 0.24545452 0.24217861 -0.38721893 -0.38727273 -0.38727273 -0.38727273 -0.38727273 -0.38727273 -0.38727273 -0.38727273 -0.38727308 -0.99181439 -0.99181818 -0.99181781 -0.51587417 -0.47 -0.47 -0.47 -0.9 -0.9 -0.9 -0.9 -0.61727273 -0.61727273 -0.61727273 -0.61727273 -0.61727273 -0.69454408 -0.69454545 -0.69454539 -0.56909092 -0.56909091 -0.56909073 -0.23818182 -0.23818182 -0.23818182
