interpolatedSpi/02-12|19_2.tif
NCOLS 53
NROWS 52
XLLCORNER -116.03883
YLLCORNER 28.596182
DX 0.49850594
DY 0.49788537
NODATA_VALUE -9999
[rows 0 to 28 of 52, columns 0 to 52 of 53]
0.34636364 0.34636364 0.13662315 -0.054545455 0.10181818 0.010909091 -0.071818182 -0.15636364 -0.42273522 -0.46545455 -0.43636364 -0.034545455 -0.30091456 -0.36727273 -0.42636364 -0.42636364 -0.42636364 -0.042727273 -0.12090909 -0.12090909 -0.12090909 -0.12091501 -0.73545454 -0.32727273 -0.32727273 -0.32727273 -0.6754529 -0.67545455 -0.67545455 -0.57272727 -0.57272727 -0.57272727 -0.57272727 -0.60090909 -0.60090909 -0.60090909 -0.60090909 -0.60090909 -0.60090909 -0.60090907 0.034969455 0.041730423 -0.30272727 -0.30272727 -0.30272727 -0.30272727 -0.30375182 -0.93 -0.93 -0.93 0.015452582 0.015454545 0.015454545
0.34635915 0.24545455 0.096364219 0.096072031 0.16792835 0.13545455 0.44909091 -0.15986951 -0.46727273 -0.36454545 0.039090909 -0.30090909 -0.30090909 0.046796498 -0.36726823 -0.42636364 -0.042727273 -0.042727273 -0.12080715 -0.12090909 -0.12090909 -0.12090909 -0.34311171 -0.32727273 -0.32727273 -0.32727273 -0.33090909 -0.33090909 -0.57272727 -0.57272727 -0.57272727 -0.57272727 -0.57272727 -0.60090909 -0.60090909 -0.60090909 -0.60090909 -0.60090909 -0.60090901 -0.45333038 0.2563389 -0.23488595 -0.30272727 -0.30272727 -0.30272727 -0.30272727 -0.30272727 -0.93 -0.93 -0.93 -0.851602 0.015454545 0.015454545
0.42635866 0.42636364 0.60090909 0.63090909 0.022727273 -0.11090909 0.076363636 0.12363636 -0.28454545 -0.30545455 -0.093636364 -0.34363636 -0.07 -0.20363636 0.048181818 -0.68727273 -0.042727273 -0.042727273 -0.042727273 -0.22178885 -0.22181818 -0.22181818 -0.62818182 -0.32727273 -0.32727273 -0.32727273 -0.33090909 -0.33090909 -0.33090909 -0.57272727 -0.57272727 -0.57272728 -0.69045147 -0.59900215 -0.5911866 0.4340647 0.44363636 0.44363636 0.42008239 0.25636364 0.25636364 0.2556487 -0.30272727 -0.30272727 -0.30272727 -0.30272727 -0.30272727 -0.93 -0.93 -0.93 -0.93 0.015454545 0.015454545
0.59 0.42636349 -0.28912029 0.41363636 -0.22909091 0.064545455 -0.060909091 -0.38909091 -0.34363636 -0.023326581 -0.36727273 -0.63363636 -0.28454545 -0.20363636 -0.23181818 -0.68727273 -0.42835984 -0.42609484 -0.56090909 -0.22181818 -0.22181818 -0.56363636 -0.62818182 -0.62818182 -0.32727273 -0.32727275 -0.33090909 -0.33090909 -0.33090909 -0.94818182 -0.87635492 -0.81727273 -0.81727273 -0.81727174 0.44363636 0.44363636 0.44363636 0.44363636 0.25636364 0.25636364 0.25636364 0.25636362 -0.30272727 -0.30272727 -0.30272727 -0.30272727 -0.30272727 -0.92999209 -0.93 -0.93 -0.93 0.015438362 0.015454545
0.59 0.30818072 -0.28909091 -0.49845276 -0.22909091 -0.26272727 -0.38362379 -0.38363636 -0.32545455 -0.40363648 -0.48519847 -0.52361527 -0.37636364 -0.23181818 -0.23181818 -0.53246277 -0.42636364 -0.42636364 -0.56090909 -0.56090909 -0.22181887 -0.56363636 -0.60545455 -0.46545455 -0.29 -0.28996599 -0.33090909 -0.33090909 -0.94818182 -0.94818182 -0.81727273 -0.81727273 -0.81727273 -0.75812936 0.44363636 0.44363636 0.44363636 0.25636364 0.25636364 0.25636364 0.25636364 0.25634898 -0.30272727 -0.30272727 -0.30272727 -0.30272727 -0.30272727 -0.30831078 -0.93 -0.92997982 -0.48 -0.48 -0.48
-1.2690909 0.19818182 0.43636365 -0.30363636 0.029090909 0.045454545 -0.40727273 -0.4042466 -0.48272727 -0.37636364 -0.38272727 -0.49181818 -0.49181811 -0.71818182 -0.71818182 -0.30446951 -0.30454545 -0.36454545 -0.36454546 -0.56090873 -0.63363636 -0.63363636 -0.46545455 -0.29 -0.29 -0.14454545 -0.97 -0.97 -0.49822262 -0.94818182 -0.81727273 -0.81727273 -0.50363636 -0.5036584 -0.71453031 -0.64454545 -0.64454545 -0.022353157 0.25636364 0.25636364 0.1047348 0.10454546 0.1045465 0.098249019 0.10540943 0.10545444 0.10545453 0.10545439 -0.029018302 -0.48 -0.48 -0.48 -0.48
-0.60727574 0.27090909 0.037854888 0.35818182 0.62818182 -0.37818182 -0.28454545 -0.32818182 -0.59727273 -0.59727273 -0.38272727 -0.27727273 -0.4527272 -0.71818182 0.0099978185 0.01 -0.30454545 -0.043636364 -0.15181818 -0.15181818 -0.56466032 -0.48727273 -0.48727273 -0.075454548 -0.14454545 -0.14454545 -0.97 -0.97 -0.49817922 -0.49813402 -0.16634441 -0.50363636 -0.50363636 -0.71454545 -0.71454545 -0.4187674 -0.64454545 -0.64454545 -0.53273115 0.10454457 0.10454545 0.10454545 0.10455181 0.10545641 0.10545455 0.10545455 0.10545455 0.10545453 0.079090909 -0.4798892 -0.48 -0.48 -0.48
-0.60727273 -0.85090909 0.36636364 -0.23454545 0.097253705 -0.48090909 -0.48454545 -0.44545454 -0.53909091 -0.16909091 -0.16909091 -0.16363636 -0.45272727 -0.45272727 0.0068252619 0.0058601956 0.0054545455 0.14818182 -0.33545436 -0.15181818 0.071287352 0.083636364 -0.19181818 -0.28090909 -0.280909 -0.27363636 -0.032727273 -0.032727604 -0.45379246 -0.45363636 -0.16545455 -0.18044926 -0.43909091 -0.71454545 -0.69294713 -0.23 -0.23 -0.53272727 -0.53272727 0.10454545 0.10454545 0.10454546 0.43992555 0.43999998 0.10545455 0.10545455 0.10545455 0.079091913 0.079090909 0.079090909 -0.48 -0.48 -0.48
-0.77698225 -0.85090908 0.06 0.66727273 0.33545455 -0.36545455 -0.27818182 -0.0090909091 -0.48636364 -0.093444377 -0.19181818 -0.12363636 -0.12363636 -0.0018181818 -0.0018148908 -0.3218126 -0.32272727 -0.32272727 0.074353981 0.24272721 -0.061818182 -0.06181818 0.088181818 -0.081474787 -0.27436926 -0.27363636 -0.094545455 -0.032727273 -0.052611053 -0.052727273 -0.10818182 0.23090909 0.22815928 0.083636364 0.042727273 -0.026363636 -0.10090909 -0.29909091 0.12253249 0.10648923 0.54 0.47272727 0.44000044 0.44 0.438117 0.10545455 0.076363638 0.079090909 0.079090909 0.079090909 0.07909091 -0.38435565 -0.010909091
-0.36363636 -0.36363636 -0.24181818 0.17363636 -0.075454545 -0.49 -0.19454545 -0.15727273 0.15090909 0.0063647591 0.016363636 -0.15636364 -0.0018181818 -0.0018181818 0.34818182 0.33898 -0.32272727 -0.32263099 0.053636364 0.24272727 0.24272727 0.20349162 0.088181818 -0.20817621 -0.20818182 -0.20818182 -0.094545455 0.43636364 0.43636364 -0.052727273 -0.052727273 0.23089875 0.22545455 0.083636364 0.21636364 -0.026363636 -0.10090909 -0.32545455 0.12272727 0.91691656 0.47272728 0.46170709 0.44272727 0.44 0.44 0.076363636 0.076363636 0.076363636 0.079090909 0.079090909 0.28818182 0.28818182 0.28818171
-0.36363636 -0.36363636 -0.57 -1.0172727 -0.63727273 0.036363636 -0.25 -0.0020315759 -0.18363636 -0.058181818 0.21545455 -0.13272727 -0.15633194 0.34818182 0.34818182 0.34820164 0.52 0.49552305 0.053636364 0.60818182 0.60818182 0.77 0.77 -0.20818182 -0.20818182 -0.20818182 0.43636364 0.43636364 0.43636364 0.049090909 0.049090909 0.0490912 0.25 0.25 -0.30727273 -0.04 0.43454545 -0.097272882 0.31090909 0.93 0.93 0.52818154 0.44272727 0.44 0.57818168 0.42636364 0.56968437 0.57181818 0.86545455 0.86545455 0.28818182 0.28818182 0.28818182
-0.36363636 -0.45289276 -0.76086723 -0.97635248 -0.22272727 -0.28090909 -0.25 -0.0018181818 -0.18363485 -0.059571702 -0.13272718 -0.13272727 0.53454545 0.34818182 0.34818182 0.51999999 0.52 0.51997346 0.053636364 0.60818182 0.63995962 0.77 0.77 -0.20814233 -0.20818182 0.03267997 0.52454545 0.52454545 0.52454544 0.049090909 0.049090909 0.28909091 0.28909091 0.24999847 -0.30727273 0.60818156 0.34635096 -0.097272727 -0.097272727 0.92999999 0.52818182 0.52818182 0.52818217 0.57818182 0.57818182 0.42636364 0.57181818 0.57181818 0.86545455 0.86545455 0.28818182 0.28818182 0.28818182
-0.53363636 -0.20893195 -0.17184914 -0.17763736 -0.22272774 -0.28090772 -0.25 -0.0048731606 -0.17110723 -0.18036041 0.53454545 0.53454545 0.53454545 0.53454545 0.34820822 0.52 0.52 0.5139785 0.053636364 0.60825748 0.88181818 0.88181818 0.88181818 0.88181818 -0.18912679 0.52454545 0.52454545 0.52454545 0.52454545 0.52427138 0.28909091 0.28909091 0.28909091 0.28909091 0.60818182 0.60818182 0.60818182 -0.06327919 -0.089700737 0.91090909 0.91090909 0.5282024 0.59909019 0.57818383 0.57818182 0.42636364 0.57181818 0.57181818 0.86545454 0.86545455 0.2902761 0.28818182 -0.074601961
-0.53363636 -0.17181818 -0.17181818 -0.17181818 -0.17181818 -0.17181823 -0.25007909 -0.13259319 -0.13768066 0.53377518 0.53454545 0.53454545 0.53454545 0.53454545 0.53454561 0.52 0.51999993 0.48801064 0.053645544 0.88181818 0.88181818 0.88181818 0.88181818 0.88181818 0.88071627 0.56072898 0.53636363 0.53636364 0.53636364 0.53636364 0.28909092 0.28909091 0.28909159 0.85636364 0.85636364 0.60818182 1.0447843 1.0572727 0.91090918 0.91090909 0.91090909 0.91090909 0.59909091 0.59909091 0.59909091 0.59788888 0.36044478 0.35909091 0.35909091 0.35909091 0.35909092 0.98454531 0.98454545
0.13909091 -0.17181818 -0.17181818 -0.17181818 -0.17181818 -0.17181818 -0.17181819 -0.069579187 0.74155493 0.74636364 0.74636364 0.74636364 0.74636364 0.74636364 0.74636363 0.81224601 0.52461839 0.45613934 0.88171421 0.88181818 0.88181818 0.88181818 0.88181818 0.8818184 0.83090909 0.83090909 0.83090868 0.53636364 0.53636364 0.53715733 0.93272727 0.93272727 0.85636364 0.85636364 0.85636364 1.0250893 1.0572727 1.0572727 1.0572727 0.91090909 0.91090909 0.91090909 0.59909091 0.59909091 0.59909091 0.59909091 0.35909092 0.35909091 0.35909091 0.35909091 0.35909091 0.98454545 0.98454545
0.13909091 0.023342987 -0.17181818 -0.17181818 -0.17181818 -0.17181818 0.23628352 0.23636364 0.23636365 0.74636364 0.74636364 0.74636364 0.74636364 0.74636364 0.76120447 0.81363636 0.81363636 0.81363636 1.0685203 1.0690907 1.0690909 1.0690909 1.0690909 1.0690909 0.83090909 0.83090909 0.83090909 0.83090909 0.53636364 0.93272727 0.93272727 0.93272727 0.85636364 0.85636364 0.85636364 1.14 1.0573823 1.0572727 1.0572727 0.91090085 0.89431872 0.85562029 0.59909091 0.59909091 0.84741311 0.84818182 0.84818182 0.35985444 0.82110707 0.82272723 0.82272718 1.0454453 0.98454558
0.13909091 -0.078539034 -0.12765416 -0.17181818 -0.17181818 0.23612246 0.23636364 0.23636364 0.23636364 0.24003884 0.74636364 0.74636364 0.74636364 0.74636364 0.81363636 0.81363636 0.81363636 0.81363636 1.0688627 1.0690909 1.0690909 1.0690909 1.0690909 1.0690909 0.8309091 0.83090909 0.83090909 0.83090909 0.83127944 0.93272727 0.93272727 0.93272727 1.3509091 0.85640443 1.14 1.14 1.14 1.1405535 0.86824146 0.85545455 0.85545455 0.85545455 0.90818182 0.90818182 0.84818182 0.84818182 0.84818182 0.82272727 0.82272727 0.82272727 0.82272727 1.0454545 1.0454545
-0.084277144 -0.084545455 -0.084545455 -0.084545453 0.068181818 0.2363593 0.23636364 0.23636364 0.23636364 0.23636364 0.72392629 0.74635977 0.74636363 0.81363636 0.81363636 0.81363636 0.81363636 0.81363636 0.81684751 1.0690909 1.0690909 1.0690909 1.0690909 1.0690909 1.1052604 1.3454518 1.3454545 1.3454545 1.3454545 0.93272729 1.3509091 1.3509091 1.3509091 1.3509091 1.14 1.1400013 1.1909091 1.1909091 0.8596432 0.85545455 0.85545455 0.85545455 0.90818182 0.90818182 0.85747188 0.84818182 0.84818182 0.82272727 0.82272727 0.82272727 0.82511549 1.0454545 1.0454545
-0.084545455 -0.084545455 -0.084545455 -0.012623903 0.068181818 0.068181818 0.23636364 0.23636364 0.23636364 0.23636364 0.45 0.45 0.45 0.81363636 0.81363636 0.81363636 0.81363636 0.81360286 0.54727273 0.54727273 1.0690907 1.0690909 1.0665899 0.96636364 0.96977643 1.3454545 1.3454545 1.3454545 1.3454545 1.3509085 1.3509091 1.3509091 1.3509091 1.3509091 1.1909089 1.1909091 1.1909091 1.1909091 1.1897462 0.85545455 0.85545455 0.85545455 0.90818182 0.90818182 0.90818182 0.84818182 0.84818182 0.82272728 0.82272727 0.82272727 1.0454545 1.0454545 1.0454545
-0.084545455 -0.084545455 -0.084545455 0.068181818 0.068181818 0.068181818 0.068182075 0.23636364 0.23636364 0.44977947 0.45 0.45 0.45 0.45022656 0.64954437 0.61090909 0.61090909 0.61090909 0.54727273 0.54727273 0.54727273 0.96636364 0.96636364 0.96636364 0.96638325 1.1833288 1.3454545 1.3454545 1.3454545 1.3796012 1.3863601 1.3863636 1.3863636 1.3863636 1.3134704 1.4854539 1.4854545 1.4854545 1.4854545 1.2853957 1.2854545 1.2854545 0.90818182 0.90818182 1.2281805 1.2281818 1.22 1.22 1.2027273 1.2027273 1.2027273 1.0454545 1.1326492
-0.084544219 -0.084545455 -0.084545449 0.068181818 0.068181818 0.068181818 0.06818182 0.2690909 0.23649449 0.44985327 0.45 0.45 0.45 0.45031575 0.61090909 0.61090909 0.61090909 0.61090907 0.54727273 0.54727273 0.54727273 0.96636364 0.96636364 0.96636364 1.0363636 1.0363636 1.2272727 1.2272727 1.2272727 1.2281406 1.3863636 1.3863636 1.3863636 1.3863636 1.4358819 1.4854545 1.4854545 1.4854545 1.4854545 1.2854545 1.2854545 1.2854545 1.2836525 1.2281818 1.2281818 1.2281818 1.22 1.22 1.2027273 1.2027273 1.2027273 1.1327273 1.1327273
0.31363636 0.13458962 0.25 0.24994725 0.068181818 0.26792846 0.26909091 0.26909091 0.32407896 0.28818182 0.28818182 0.28818182 0.28818182 0.4109051 0.41090909 0.61090894 0.61090909 0.60923237 0.54727273 0.54727273 0.54727273 0.69090909 0.69090909 0.69090909 1.0363636 1.0363636 1.2272727 1.2272727 1.2272727 1.2272728 1.3872727 1.3872727 1.3863865 1.3863646 1.34187 1.3418182 1.3418182 1.3418182 1.3418182 1.2854545 1.2854545 1.2854545 1.2313352 1.2281818 1.2281818 1.2281817 1.22 1.22 1.2199994 1.2027273 1.2027206 1.0545455 1.1327273
0.42816007 0.42818179 0.25 0.25 0.25 0.26909091 0.26909091 0.26909091 0.42 0.42 0.28818182 0.28818182 0.28818182 0.41090909 0.41090909 0.41090909 0.41090909 0.41092499 0.54727273 0.54727273 0.54727273 0.69090909 0.69090909 0.69090909 1.0363636 1.0363636 1.2272727 1.2272727 1.2272727 1.3854687 1.3872727 1.3872727 1.3872727 1.3872727 1.3418406 1.3418182 1.3418182 1.3418182 1.3418182 0.9581819 0.95818182 0.95818182 0.95818182 1.2281779 0.72090909 0.72090909 0.72090909 0.90727273 0.90727273 0.90727273 1.0545455 1.0545455 1.0545455
0.42818182 0.42818182 0.25 0.25 0.25 0.26899056 0.26909091 0.42 0.42 0.42 0.28819805 0.28818182 0.2257832 0.41090905 0.41090909 0.41090909 0.41090909 0.25727273 0.25727273 0.25727273 0.33636364 0.3363639 0.69090736 0.69090909 0.69103357 0.73727273 0.73727273 0.7372739 1.2271935 1.1973106 1.1972737 1.1973059 1.386948 1.3871088 1.3497893 1.3418179 1.3391128 0.53454545 0.53454545 0.95818182 0.95818182 0.95818182 0.95818182 0.72090909 0.72090909 0.72090909 0.72090909 0.90727273 0.90727273 0.90727273 1.0545455 1.0545455 1.0545455
0.42818182 0.42818182 0.25 0.25 0.25 0.25 0.32557177 0.42 0.42 0.42 0.419885 0.21181818 0.21181818 0.21181818 0.4097358 0.41090909 0.25829652 0.25727273 0.25727273 0.25727273 0.33636364 0.33636364 0.33636364 0.33636364 0.73727273 0.73727273 0.73727273 0.73727273 0.73727273 1.1972727 1.1972727 1.1972727 1.1972727 1.1972723 0.98090909 0.53454545 0.53454545 0.53454545 0.53454545 0.53454553 0.49272727 0.49272727 0.49272727 0.5300027 0.60727273 0.60727273 0.60727273 0.90727272 0.90727254 0.71363636 0.71363636 0.97729153 0.97727273
0.42818182 0.42818182 0.31431112 0.25 0.25 0.25 0.44903929 0.42009168 0.42 0.42 0.21181823 0.21181818 0.21181818 0.21181818 0.21181818 0.22814378 0.25727273 0.25727273 0.25727273 0.25727273 0.33636302 0.33636364 0.33636364 0.33636364 0.73727273 0.73727273 0.73727273 0.73727273 0.73727273 0.65783454 1.1972727 1.1972727 1.1972727 0.98090909 0.98090909 0.98056248 0.53454545 0.53454545 0.65017086 0.73999998 0.49272727 0.49272727 0.49272727 0.52981054 0.60727273 0.60727273 0.60727273 0.62454545 0.7125263 0.71363636 0.71363636 0.97727273 0.97727273
0.63 0.63 0.63 0.34527645 0.25064138 0.44909091 0.44909091 0.44909091 0.44909091 0.46181818 0.46181818 0.2118182 0.21181818 0.21181818 0.21181818 0.21182106 0.25727273 0.25727273 0.25727273 0.25727273 0.30185093 0.33636364 0.33636364 0.33691084 0.37419369 0.73727273 0.73727273 0.73727273 0.46727273 0.46727273 0.46727273 0.46727579 0.98090909 0.98090909 0.98090909 0.98090909 0.74 0.74 0.74 0.74 0.53181818 0.53181818 0.53181818 0.6872696 0.68727273 0.68727273 0.6872727 0.62454545 0.62454545 0.71352781 0.71363636 0.9772712 0.97727273
0.63 0.63 0.63 0.63000323 0.69 0.65496786 0.44909091 0.44909091 0.44909091 0.46181818 0.46181818 0.46181818 0.22909091 0.22909091 0.22909091 0.22909091 0.25722277 0.25727273 0.25727273 0.25727273 0.25847317 0.35727267 0.35727273 0.35727273 0.35727273 0.35727272 0.037272733 0.037272727 0.46727273 0.46727273 0.46727273 0.46727273 0.9809089 0.98090909 0.98090909 0.98088725 0.74 0.74 0.74 0.74025922 0.53181818 0.53181818 0.53181818 0.68726552 0.68727273 0.68727273 0.68727273 0.62454545 0.62454545 0.62454546 0.67454545 0.67454545 0.69090909
0.63 0.63 0.63 0.68999986 0.69 0.69 0.449091 0.44909091 0.44909091 0.46181818 0.46181818 0.46181818 0.22909091 0.22909091 0.22909091 0.22916015 0.23 0.23 0.23000007 0.25711868 0.35727273 0.35727273 0.35727273 0.35727273 0.35727273 0.35703191 0.037272727 0.037272727 0.037272728 0.46727273 0.46727273 0.46723118 0.71272727 0.71272727 0.71272727 0.62545455 0.62545455 0.79909091 0.79909091 0.79909091 0.76636364 0.53189175 0.53182005 0.78181818 0.78181818 0.77823502 0.68727287 0.62454545 0.62454545 0.67454545 0.67454545 0.67454545 0.69090909
