interpolatedSpi/02-10|23_2.tif
NCOLS 53
NROWS 52
XLLCORNER -116.03883
YLLCORNER 28.596182
DX 0.49850594
DY 0.49788537
NODATA_VALUE -9999
[rows 0 to 25 of 52, columns 0 to 52 of 53]
-0.13333333 -0.13333333 -0.51553087 -0.48111111 -0.23444444 -0.31111111 -0.34 -0.14888889 -0.86590699 -0.70666667 -0.41666667 -0.54222222 -0.89330341 -0.53 -0.36333333 -0.36333333 -0.36333333 -0.72333333 -0.64333333 -0.64333333 -0.64333333 -0.64332957 -0.25222223 -0.93111111 -0.93111111 -0.93111111 -0.86888863 -0.86888889 -0.86888889 -1.3933333 -1.3933333 -1.3933333 -1.3933333 -1.5888888 -1.5888889 -1.5888889 -1.5888889 -1.5888889 -1.5888889 -1.5888888 0.24029749 0.25965971 -1.0755556 -1.0755556 -1.0755556 -1.0755556 -1.0749748 -0.72 -0.72 -0.72 -0.19333443 -0.19333333 -0.19333333
-0.13335668 -0.65888889 -0.3422223 -0.33295564 -0.42439118 -0.50555556 -0.64444444 -0.71200639 -0.83222222 -0.80777778 -0.69 -0.89333333 -0.89333333 -0.89876625 -0.530003 -0.36333333 -0.72333333 -0.72333333 -0.64343764 -0.64333333 -0.64333333 -0.64333333 -0.94304219 -0.93111111 -0.93111111 -0.93111111 -0.88444445 -0.88444444 -1.3933333 -1.3933333 -1.3933333 -1.3933333 -1.3933333 -1.5888889 -1.5888889 -1.5888889 -1.5888889 -1.5888889 -1.5888888 -1.4129291 -0.49785491 -1.0054472 -1.0755556 -1.0755556 -1.0755556 -1.0755556 -1.0755556 -0.72 -0.72 -0.72 -0.6763283 -0.19333333 -0.19333333
0.36219368 0.36222222 -0.40666667 -0.30555556 -0.51 -0.0055555556 -0.47444444 -0.09 -0.87666667 -0.92666667 -0.90777778 -0.75111111 -1.1244444 -0.89888889 -0.9 -1.4355556 -0.72333333 -0.72333333 -0.72333333 -0.55558107 -0.55555556 -0.55555556 -1.1577778 -0.93111111 -0.93111111 -0.93111111 -0.88444444 -0.88444444 -0.88444444 -1.3933333 -1.3933333 -1.3933333 -1.390124 -1.5875242 -1.5833455 -0.99879069 -0.99333333 -0.99333333 -0.9310055 -0.49777778 -0.49777778 -0.49851661 -1.0755556 -1.0755556 -1.0755556 -1.0755556 -1.0755556 -0.72 -0.72 -0.72 -0.72 -0.19333333 -0.19333333
0.37666667 0.36222207 -0.36902948 -0.19777778 -0.93111111 -0.62777778 -0.56111111 -0.94111111 -0.68111111 -0.89720687 -1.0433333 -1.1188889 -1.0533333 -0.89888889 -1.33 -1.4355556 -1.0033324 -0.99980615 -0.81666667 -0.55555556 -0.55555556 -1.0288889 -1.1577778 -1.1577778 -0.93111111 -0.93111088 -0.88444444 -0.88444444 -0.88444444 -1.1533333 -1.2813581 -1.3866667 -1.3866667 -1.3866664 -0.99333333 -0.99333333 -0.99333333 -0.99333333 -0.49777778 -0.49777778 -0.49777778 -0.4977778 -1.0755556 -1.0755556 -1.0755556 -1.0755556 -1.0755556 -0.72000449 -0.72 -0.72 -0.72 -0.19337529 -0.19333333
0.37666667 -0.11000047 -0.36888889 -0.89913843 -0.93111111 -1.0744444 -1.1322435 -1.5333333 -1.5722222 -1.1155558 -1.229046 -1.2765764 -0.64666667 -1.33 -1.33 -1.3937839 -1 -1 -0.81666667 -0.81666667 -0.5555565 -1.0288889 -0.80777778 -0.35444444 -0.74666667 -0.7466324 -0.88444444 -0.88444444 -1.1533333 -1.1533333 -1.3866667 -1.3866667 -1.3866667 -1.3059992 -0.99333333 -0.99333333 -0.99333333 -0.49777778 -0.49777778 -0.49777778 -0.49777778 -0.49783398 -1.0755556 -1.0755556 -1.0755556 -1.0755556 -1.0755556 -1.0723907 -0.72 -0.72003398 -1.4777778 -1.4777778 -1.4777778
-1.26 -0.63777778 -0.54444443 -0.57444444 -0.66444444 -1.0866667 -1.4366667 -1.4490428 -1.4011111 -1.61 -1.5666667 -1.31 -1.3099996 -1.2877778 -1.2877778 -0.74104029 -0.74111111 -0.98888889 -0.98888889 -0.81666648 -1.0088889 -1.0088889 -0.35444444 -0.74666667 -0.74666667 -0.6 -1.1033333 -1.1033333 -0.87113737 -1.1533333 -1.3866667 -1.3866667 -0.95888889 -0.95886706 -0.75001499 -0.81 -0.81 -0.59437085 -0.49777778 -0.49777778 -1.0792738 -1.08 -1.0799987 -0.9893273 -0.98778748 -0.9877778 -0.98777778 -0.98777782 -1.4501197 -1.4777778 -1.4777778 -1.4777778 -1.4777778
-0.060006272 -0.35111111 -0.20358672 -0.62333333 -0.63333333 -1.3011111 -1.0566667 -1.2733333 -1.6844444 -1.6844444 -1.5666667 -1.5966667 -1.4433333 -1.2877778 -0.44778029 -0.44777778 -0.74111111 -0.29333333 -0.60333333 -0.60333333 -0.84080441 -0.65222222 -0.65222222 -0.64 -0.6 -0.6 -1.1033333 -1.1033333 -0.8711387 -0.87161896 -0.68758731 -0.95888889 -0.95888889 -0.75 -0.75 -0.94192392 -0.81 -0.81 -1.1499882 -1.0800001 -1.08 -1.08 -1.0799933 -0.98777864 -0.98777778 -0.98777778 -0.98777778 -0.98777807 -1.4711111 -1.4777765 -1.4777778 -1.4777778 -1.4777778
-0.06 -0.77333333 -0.24111111 -0.95666667 -0.56113379 -1.08 -1.5277778 -1.5722222 -1.3233333 -1.6522222 -1.6522222 -1.1055556 -1.4433333 -1.4433333 -0.45460821 -0.64308455 -0.66222222 -0.36666667 -0.52777786 -0.60333333 -0.45249003 -0.38777778 -1.04 -0.25222223 -0.25223212 -1.02 -0.68333333 -0.68333348 -1.3427858 -1.3444444 -0.68555556 -0.89858387 -0.81 -0.75 -0.75820777 -1.0522222 -1.0522222 -1.15 -1.15 -1.08 -1.08 -1.08 -1.1391705 -1.1422222 -0.98777778 -0.98777778 -0.98777778 -1.4710927 -1.4711111 -1.4711111 -1.4777778 -1.4777778 -1.4777778
-0.83317669 -0.77333333 0.015555556 -0.88222222 -0.67777778 -1.3822222 -0.98222222 -0.65777778 -1.3677778 -0.76704144 -0.59 -1.2355556 -1.2355556 -0.67444444 -0.67444407 -0.85058466 -0.85111111 -0.85111111 -0.39126053 -1.2022222 -1.15 -1.15 -1.3444444 -1.1599765 -0.94262827 -1.02 -0.81333333 -0.68333333 -0.75182191 -0.75222222 -0.92333333 -1.04 -0.87715159 -1.1988889 -1.0377778 -1.1855556 -1.1011111 -0.86 -0.75449319 -1.077664 -0.55666667 -0.66 -1.142149 -1.1422222 -1.1413529 -0.98777778 -1.3666666 -1.4711111 -1.4711111 -1.4711111 -1.4711111 -1.3736065 -0.17666667
-1.1677778 -1.1677778 -0.04 -0.29777778 -0.99666667 -0.66666667 -0.77 -1.2055556 -0.85333333 -0.61448561 -1.0266667 -0.29888889 -0.67444444 -0.67444444 -0.63444444 -0.63741613 -0.85111111 -0.85099468 -0.30888889 -1.2022222 -1.2022222 -1.1954942 -1.3444444 -1.0488945 -1.0488889 -1.0488889 -0.81333333 -0.60333333 -0.60333333 -0.75222222 -0.75222222 -1.0393868 -0.71666667 -1.1988889 -0.98555556 -1.1855556 -1.1011111 -1.3411111 -0.75444444 -0.4800755 -0.66 -0.67183649 -0.69222222 -1.1422222 -1.1422222 -1.3666667 -1.3666667 -1.3666667 -1.4711111 -1.4711111 -0.64111111 -0.64111111 -0.64111094
-1.1677778 -1.1677778 -0.60777778 -0.91 -0.87111111 -0.40111111 -1.2055556 -0.53421387 -0.53 -0.61333333 -0.46111111 -0.18555556 -0.29873857 -0.63444444 -0.63444444 -0.63444239 -0.61666667 -0.60051305 -0.30888889 -0.36111111 -0.36111111 -0.45 -0.45 -1.0488889 -1.0488889 -1.0488889 -0.60333333 -0.60333333 -0.60333333 -0.81111111 -0.81111111 -0.81111096 -0.90888889 -0.90888889 -1.4444444 -1.1333333 -0.69333333 -0.82000455 -0.79666667 -0.47555556 -0.47555556 -0.87222163 -0.69222222 -1.1422222 -0.41555583 -0.59888889 -0.57232473 -0.56888889 -0.68444444 -0.68444444 -0.64111111 -0.64111111 -0.64111111
-1.1677778 -0.92603326 -0.73674678 -1.0288756 -0.39444444 -0.71 -1.2055556 -0.53333333 -0.53000003 -0.6124101 -0.18555611 -0.18555556 -0.028888889 -0.63444444 -0.63444444 -0.61666667 -0.61666667 -0.61664915 -0.30888889 -0.36111111 -0.37856708 -0.45 -0.45 -1.0488643 -1.0488889 -0.8786852 -0.53111111 -0.53111111 -0.53111112 -0.81111111 -0.81111111 -0.40555556 -0.40555556 -0.90889036 -1.4444444 -0.76888922 -0.79934511 -0.82 -0.82 -0.47555557 -0.87222222 -0.87222222 -0.87221889 -0.41555556 -0.41555556 -0.59888889 -0.56888889 -0.56888889 -0.68444444 -0.68444444 -0.64111111 -0.64111111 -0.64111111
-0.51666667 -0.49800697 -0.48445998 -0.48837982 -0.39444618 -0.70999255 -1.2055555 -0.541608 -0.5302297 -0.53217606 -0.028888889 -0.028888889 -0.028888889 -0.028888889 -0.63435866 -0.61666667 -0.61666667 -0.61269277 -0.30888889 -0.36098382 0.077777778 0.077777778 0.077777778 0.077777778 -1.0293956 -0.53111111 -0.53111111 -0.53111111 -0.53111111 -0.53112232 -0.40555556 -0.40555556 -0.40555556 -0.40555556 -0.76888889 -0.76888889 -0.76888889 -0.81815908 -0.81859803 -0.63333333 -0.63333333 -0.87220937 -0.52666286 -0.41556626 -0.41555556 -0.59888889 -0.56888889 -0.56888889 -0.68444444 -0.68444444 -0.64126832 -0.64111111 -0.9152893
-0.51666667 -0.48444444 -0.48444444 -0.48444444 -0.48444444 -0.48444454 -1.2042869 -0.88748456 -0.53084255 -0.029430555 -0.028888889 -0.028888889 -0.028888889 -0.028888889 -0.028888513 -0.61666667 -0.61666662 -0.59555521 -0.30889192 0.077777778 0.077777778 0.077777778 0.077777778 0.077777778 0.085221191 -0.11720645 0.018888775 0.018888889 0.018888889 0.018888889 -0.40555554 -0.40555556 -0.40555483 0.19444444 0.19444444 -0.76888889 -0.12616214 -0.10777778 -0.63333303 -0.63333333 -0.63333333 -0.63333333 -0.52666667 -0.52666667 -0.52666667 -0.52716927 -0.013642559 -0.01 -0.01 -0.01 -0.010000012 -0.50777781 -0.50777778
-0.66111111 -0.48444444 -0.48444444 -0.48444444 -0.48444444 -0.48444444 -0.48444449 -0.60684206 0.49672186 0.50222222 0.50222222 0.50222222 0.50222222 0.50222222 0.50222222 0.67299727 -0.59611473 -0.5745213 0.077729058 0.077777778 0.077777778 0.077777778 0.077777778 0.07777827 0.42222222 0.42222222 0.42222166 0.018888889 0.018888889 0.02004363 0.59555556 0.59555556 0.19444444 0.19444444 0.19444444 -0.059364836 -0.10777778 -0.10777778 -0.10777778 -0.63333333 -0.63333333 -0.63333333 -0.52666667 -0.52666667 -0.52666667 -0.52666667 -0.010000002 -0.01 -0.01 -0.01 -0.01 -0.50777778 -0.50777778
-0.66111111 -0.59534012 -0.48444444 -0.48444444 -0.48444444 -0.48444444 0.49314143 0.49333333 0.49333333 0.50222222 0.50222222 0.50222222 0.50222222 0.50222222 0.54070589 0.67666667 0.67666667 0.67666667 0.49982239 0.50111068 0.50111111 0.50111111 0.50111111 0.50111111 0.42222222 0.42222222 0.42222222 0.42222222 0.018888889 0.59555556 0.59555556 0.59555556 0.19444448 0.19444444 0.19444444 0.41222222 -0.10708928 -0.10777778 -0.10777778 -0.63328469 -0.53660147 -0.31096637 -0.52666667 -0.52666667 -0.14783937 -0.14666667 -0.14666667 -0.010073654 -0.054289131 -0.054444441 -0.054444436 0.0021450135 -0.50777674
-0.66111111 0.035226687 -0.21174186 -0.48444444 -0.48444444 0.49275562 0.49333333 0.49333333 0.49333333 0.49339739 0.50222222 0.50222222 0.50222222 0.50222224 0.67666667 0.67666667 0.67666667 0.67666667 0.50126793 0.50111111 0.50111111 0.50111111 0.50111111 0.50111111 0.42222222 0.42222222 0.42222222 0.42222222 0.4228527 0.59555556 0.59555556 0.59555556 0.69 0.19447856 0.41222222 0.41222222 0.41222222 0.41171938 -0.29717655 -0.31 -0.31 -0.31 -0.41777778 -0.41777778 -0.14666667 -0.14666667 -0.14666667 -0.054444446 -0.054444444 -0.054444444 -0.054444444 0.0022222222 0.0022222222
0.054076305 0.054444444 0.054444444 0.05444445 0.66333333 0.49333772 0.49333333 0.49333333 0.49333333 0.49333333 0.49524024 0.50222102 0.50222222 0.67666667 0.67666667 0.67666667 0.67666667 0.67666667 0.68058002 0.50111111 0.50111111 0.50111111 0.50111111 0.50111111 0.53843792 0.65888761 0.65888889 0.65888889 0.65888889 0.59555556 0.69 0.69 0.69 0.69 0.41222222 0.41222111 0.37 0.37 -0.30150919 -0.31 -0.31 -0.31 -0.41777778 -0.41777778 -0.188644 -0.14666667 -0.14666667 -0.054444444 -0.054444444 -0.054444444 -0.05383683 0.0022222222 0.0022222222
0.054444444 0.054444444 0.054444444 0.34117931 0.66333333 0.66333333 0.49333333 0.49333333 0.49333333 0.49333333 0.41 0.41 0.41 0.67666667 0.67666667 0.67666667 0.67666667 0.67670229 0.95666667 0.95666667 0.5011113 0.50111111 0.50608847 0.70555556 0.70513544 0.65888889 0.65888889 0.65888889 0.65888889 0.68999683 0.69 0.69 0.69 0.69 0.37000015 0.37 0.37 0.37 0.36759074 -0.31 -0.31 -0.31 -0.41777778 -0.41777778 -0.41777778 -0.14666667 -0.14666667 -0.054444445 -0.054444444 -0.054444444 0.0022222222 0.0022222222 0.0022222222
0.054444444 0.054444444 0.054444444 0.66333333 0.66333333 0.66333333 0.66333307 0.49333333 0.49333333 0.41008602 0.41 0.41 0.41 0.41016615 0.85114216 0.89222222 0.89222222 0.89222222 0.95666667 0.95666667 0.95666667 0.70555556 0.70555556 0.70555556 0.70555058 0.67404181 0.65888889 0.65888889 0.65888889 0.50407537 0.46224463 0.46222222 0.46222222 0.46222222 0.24278449 0.06333403 0.063333333 0.063333333 0.063333333 -0.1933493 -0.19333333 -0.19333333 -0.41777778 -0.41777778 -0.032223832 -0.032222223 -0.034444444 -0.034444444 0.10555556 0.10555556 0.10555556 0.0022222222 0.056617987
0.05444531 0.054444444 0.054444466 0.66333333 0.66333333 0.66333333 0.66333333 0.48222223 0.49328891 0.41006851 0.41 0.41 0.41 0.41094625 0.89222222 0.89222222 0.89222222 0.89222224 0.95666667 0.95666667 0.95666667 0.70555556 0.70555556 0.70555556 0.68777778 0.68777778 0.81444444 0.81444444 0.81444444 0.81252296 0.46222222 0.46222222 0.46222222 0.46222222 0.26288729 0.063333333 0.063333333 0.063333333 0.063333333 -0.19333333 -0.19333333 -0.19333333 -0.18826416 -0.032222222 -0.032222222 -0.032222222 -0.034444444 -0.034444444 0.10555556 0.10555556 0.10555556 0.056666668 0.056666667
0.33333333 0.20896519 0.31 0.31010251 0.66333333 0.48327012 0.48222222 0.48222222 0.58505797 0.48555556 0.48555556 0.48555556 0.48555556 1.0588702 1.0588889 0.89222235 0.89222222 0.89392024 0.95666667 0.95666667 0.95666667 0.64666667 0.64666667 0.64666667 0.68777778 0.68777778 0.81444444 0.81444444 0.81444444 0.81444432 0.6488877 0.64888836 0.46691381 0.46242234 0.039372619 0.038888889 0.038888889 0.038888889 0.038888889 -0.19333333 -0.19333333 -0.19333333 -0.041093335 -0.032222222 -0.032222222 -0.032222276 -0.034444444 -0.034444444 -0.034439405 0.10555556 0.10553916 -0.26111111 0.056666667
0.45442145 0.45444442 0.31 0.31 0.31 0.48222222 0.48222222 0.48222222 0.76444444 0.76444444 0.48555556 0.48555556 0.48555556 1.0588889 1.0588889 1.0588889 1.0588889 1.0588769 0.95666667 0.95666667 0.95666665 0.64666667 0.64666667 0.64666667 0.68777778 0.68777778 0.81444444 0.81444444 0.81444444 0.65075554 0.64888889 0.64888889 0.64888889 0.64888889 0.039189887 0.038888889 0.038888889 0.038888889 0.038888889 0.058888823 0.058888889 0.058888889 0.058888889 -0.032224524 -0.33222222 -0.33222222 -0.33222222 -0.48555556 -0.48555556 -0.48555556 -0.26111111 -0.26111111 -0.26111111
0.45444444 0.45444444 0.31 0.31 0.31 0.48131699 0.48222222 0.76444444 0.76444444 0.76444444 0.48558989 0.48555556 0.6598755 1.0588888 1.0588889 1.0588889 1.0588889 0.62888889 0.62888889 0.62888889 0.61 0.61000003 0.64666649 0.64666667 0.6467039 0.69 0.69 0.6900003 0.81442433 0.48114455 0.481112 0.4811404 0.64860214 0.6487441 0.14742228 0.038888848 0.038535148 -0.066666667 -0.066666667 0.058888889 0.058888889 0.058888889 0.058888889 -0.33222222 -0.33222222 -0.33222222 -0.33222222 -0.48555556 -0.48555556 -0.48555556 -0.26111111 -0.26111111 -0.26111111
0.45444444 0.45444444 0.31 0.31 0.31 0.31 0.58784976 0.76444444 0.76444444 0.76444444 0.76440823 0.69888889 0.69888889 0.69888889 1.0567673 1.0588889 0.6317543 0.62888889 0.62888889 0.62888889 0.61 0.61 0.61 0.61 0.69 0.69 0.69 0.69 0.69 0.48111111 0.48111111 0.48111111 0.48111111 0.48111015 0.024444444 -0.066666667 -0.066666667 -0.066666667 -0.066666667 -0.066667285 -0.28222222 -0.28222222 -0.28222222 -0.30427795 -0.35 -0.35 -0.35 -0.48555555 -0.48555576 -0.69444444 -0.69444444 -0.12003433 -0.12
0.45444444 0.45444444 0.3621343 0.31 0.31 0.31000001 0.67238587 0.76415381 0.76444444 0.76444444 0.69888888 0.69888889 0.69888889 0.69888889 0.69888889 0.72838652 0.62888889 0.62888889 0.62888889 0.62888889 0.61000015 0.61 0.61 0.61 0.69 0.69 0.69 0.69 0.69 0.25860312 0.48111111 0.48111111 0.48111111 0.024444444 0.024444444 0.024373694 -0.066666667 -0.066666667 -0.34930654 -0.56888884 -0.28222222 -0.28222222 -0.28222222 -0.30443358 -0.35 -0.35 -0.35 -0.46888889 -0.69163404 -0.69444444 -0.69444444 -0.12 -0.12
