interpolatedSpi/02-11|20_1.tif
NCOLS 53
NROWS 52
XLLCORNER -116.03883
YLLCORNER 28.596182
DX 0.49850594
DY 0.49788537
NODATA_VALUE -9999
[rows 0 to 38 of 52, columns 0 to 52 of 53]
0.003 0.003 -0.089956406 -0.412 0.043 0.13 0.338 0.32 0.0304579 -0.094 -0.133 0.233 0.10001359 0.265 -0.124 -0.124 -0.124 0.157 0.284 0.284 0.284 0.28399588 -0.144 0.048 0.048 0.048 0.32499919 0.325 0.325 0.155 0.155 0.155 0.155 -0.0019999686 -0.002 -0.002 -0.002 -0.002 -0.002 -0.001999972 1.0308745 1.0418152 0.317 0.317 0.317 0.317 0.31696733 0.297 0.297 0.297 0.66199924 0.662 0.662
0.0029882257 -0.262 -0.088999593 -0.021959826 0.20177464 0.285 0.351 0.16719234 -0.08 0.102 0.211 0.1 0.1 0.35669323 0.26499768 -0.124 0.157 0.157 0.28383441 0.284 0.284 0.284 0.030892945 0.048 0.048 0.048 -0.0079999961 -0.0079999999 0.155 0.155 0.155 0.155 0.155 -0.0019999771 -0.002 -0.002 -0.002 -0.002 -0.0019999494 0.061160285 0.3390073 0.31966972 0.317 0.317 0.317 0.317 0.317 0.297 0.297 0.297 0.32726615 0.662 0.662
0.4449772 0.445 0.264 0.674 0.171 0.087 0.264 -0.015 0.081 0.125 0.419 -0.08 -0.149 0.2 0.357 0.287 0.157 0.157 0.157 0.20202384 0.202 0.202 -0.277 0.048 0.048 0.048 -0.008 -0.008 -0.008 0.155 0.155 0.15499996 -0.20701285 -0.0011229945 0.0044317341 0.68266804 0.689 0.689 0.64497922 0.339 0.339 0.33897187 0.317 0.317 0.317 0.317 0.317 0.297 0.297 0.297 0.297 0.662 0.662
0.386 0.44499996 0.24297472 0.478 0.129 0.164 0.373 -0.253 0.194 0.25282873 0.307 0.164 0.101 0.2 0.203 0.287 -0.1784117 -0.18176248 -0.284 0.202 0.202 -0.492 -0.277 -0.277 0.048 0.04799972 -0.008 -0.008 -0.008 -0.531 -0.56721273 -0.597 -0.597 -0.59699899 0.689 0.689 0.689 0.689 0.339 0.339 0.339 0.339 0.317 0.317 0.317 0.317 0.317 0.29700025 0.297 0.297 0.297 0.66194317 0.662
0.386 0.20600007 0.243 0.28423723 0.129 0.232 0.0020302115 -0.026 -0.107 0.12599995 0.12856983 0.1300275 0.322 0.203 0.203 0.25183564 -0.182 -0.182 -0.284 -0.284 0.20199859 -0.492 -0.807 -0.239 -0.162 -0.16204954 -0.008 -0.008 -0.531 -0.531 -0.597 -0.597 -0.597 -0.551931 0.689 0.689 0.689 0.339 0.339 0.339 0.339 0.33895473 0.31699999 0.317 0.317 0.317 0.317 0.31682198 0.297 0.29693835 -1.078 -1.078 -1.078
-0.734 0.13 0.503 0.337 0.298 0.365 0.146 0.12397907 0.16 -0.187 0.198 -0.195 -0.19499966 0.209 0.209 -0.23896668 -0.239 -0.22 -0.22 -0.28400013 -0.717 -0.717 -0.239 -0.162 -0.162 -0.374 -0.669 -0.669 -0.25102559 -0.531 -0.597 -0.597 -0.358 -0.35800084 -0.36599951 -0.628 -0.628 0.039836475 0.339 0.339 -0.12941506 -0.13 -0.12999933 -0.77340546 -0.79287732 -0.7929997 -0.79299996 -0.79299959 -1.2961003 -1.078 -1.078 -1.078 -1.078
-0.25900247 0.054 -0.37426512 0.143 0.45 -0.055 0.1 0.2 -0.078 -0.078 0.198 -0.004 -0.042000038 0.209 -0.10099907 -0.101 -0.239 -0.262 -0.428 -0.428 -0.71511494 -0.713 -0.713 -0.56199999 -0.374 -0.374 -0.669 -0.669 -0.25100717 -0.25113197 -0.035049014 -0.358 -0.358 -0.366 -0.366 -0.72712449 -0.628 -0.628 -0.91599002 -0.13000109 -0.13 -0.13 -0.12999711 -0.79299838 -0.793 -0.793 -0.793 -0.79300036 -1.389 -1.0780616 -1.078 -1.078 -1.078
-0.259 -0.43 -0.145 -0.61 -0.73299295 -0.315 0.057 -0.35599999 -0.185 -0.055 -0.055 -0.197 -0.042 -0.042 -0.10059521 -0.24854263 -0.263 -0.228 -0.49999993 -0.428 -0.82705506 -0.806 -0.857 -0.635 -0.63500135 -0.74 -0.77 -0.76999996 -0.37356899 -0.37399999 -0.034 -0.33335683 -0.306 -0.366 -0.37290213 -0.81 -0.81 -0.916 -0.916 -0.13 -0.13 -0.12999999 -0.50159197 -0.50300001 -0.793 -0.793 -0.793 -1.3889773 -1.389 -1.389 -1.078 -1.078 -1.078
-0.47308721 -0.42999999 -0.297 -0.317 -0.224 -0.356 -0.107 0.239 0.214 0.32564127 0.271 -0.0050000017 -0.005 -0.061 -0.060999878 -0.43152898 -0.432 -0.432 -0.26952122 -0.80600005 -1.054 -1.054 -0.736 -0.80931589 -0.72941877 -0.74 -0.821 -0.77 -0.61689489 -0.616 -0.341 -0.076 -0.25479739 -0.734 -0.608 -0.709 -0.714 -0.794 -0.72403232 -0.12870104 0.161 -0.329 -0.50296418 -0.503 -0.50463228 -0.793 -0.96199999 -1.389 -1.389 -1.389 -1.389 -1.0329283 -0.629
-0.714 -0.714 -0.363 -0.208 -0.247 -0.147 0.039 0.08 0.357 0.35399728 0.139 0.322 -0.061 -0.061 -0.048 -0.053266733 -0.432 -0.43193011 -0.112 -0.806 -0.806 -0.83795071 -0.736 -0.87299741 -0.873 -0.873 -0.821 -0.469 -0.469 -0.616 -0.616 -0.076673298 -0.431 -0.734 -0.496 -0.709 -0.714 -0.942 -0.724 -0.14552971 -0.32899998 -0.31210239 -0.283 -0.503 -0.503 -0.962 -0.962 -0.962 -1.389 -1.389 -0.716 -0.716 -0.71599997
-0.714 -0.714 -0.665 -0.505 -0.607 -0.112 -0.28099999 0.23382135 0.019 -0.033 0.081 -0.159 0.32135908 -0.048 -0.048 -0.04802238 -0.242 -0.23517699 -0.112 -0.235 -0.235 -0.46 -0.46 -0.873 -0.873 -0.873 -0.469 -0.469 -0.469 -0.92 -0.92 -0.91999919 -0.606 -0.606 -0.683 -0.867 -0.574 -0.64399846 -0.855 -0.136 -0.136 -0.19700028 -0.283 -0.503 -0.54700006 -0.637 -0.49402418 -0.492 -0.586 -0.586 -0.716 -0.716 -0.716
-0.714 -0.69278942 -0.59672229 -0.67799297 -0.322 -0.622 -0.281 0.234 0.019001796 -0.032423903 -0.15899984 -0.159 0.065 -0.048 -0.048 -0.24199999 -0.242 -0.2419926 -0.112 -0.235 -0.27918542 -0.46 -0.46 -0.87298307 -0.873 -0.83322493 -0.752 -0.752 -0.75199996 -0.92 -0.92 -0.956 -0.956 -0.60600021 -0.683 -0.58800013 -0.55620073 -0.644 -0.644 -0.136 -0.197 -0.197 -0.19700254 -0.547 -0.547 -0.637 -0.492 -0.492 -0.586 -0.586 -0.716 -0.716 -0.716
-0.239 -0.011840796 0.04197938 0.036787326 -0.32200158 -0.62199292 -0.28100001 0.22766064 0.033815699 0.017642142 0.065 0.065 0.065 0.065 -0.047983993 -0.242 -0.242 -0.24032149 -0.112 -0.23497348 -0.146 -0.146 -0.146 -0.146 -0.86060191 -0.752 -0.752 -0.752 -0.752 -0.75205734 -0.956 -0.956 -0.956 -0.956 -0.588 -0.588 -0.588 -0.6410887 -0.64221249 -0.406 -0.406 -0.19701124 -0.43500383 -0.54698921 -0.547 -0.637 -0.492 -0.492 -0.586 -0.586 -0.71552837 -0.716 -0.5259144
-0.239 0.042 0.042 0.042 0.042 0.041999722 -0.28187283 -0.037349067 0.073342587 0.064949149 0.065 0.065 0.065 0.065 0.064999879 -0.242 -0.24199998 -0.23308289 -0.11200192 -0.146 -0.146 -0.146 -0.146 -0.146 -0.15132011 -0.63133228 -0.60500003 -0.605 -0.605 -0.605 -0.95599999 -0.956 -0.95599998 -0.943 -0.943 -0.588 -0.65994219 -0.662 -0.40600015 -0.406 -0.406 -0.406 -0.435 -0.435 -0.435 -0.43640574 -0.38274581 -0.382 -0.382 -0.382 -0.382 0.38699977 0.387
-0.026 0.042 0.042 0.042 0.042 0.042 0.041999977 -0.18822329 -0.098028899 -0.099 -0.099 -0.099 -0.099 -0.099 -0.098999998 -0.061787088 -0.23911606 -0.22419862 -0.14599577 -0.146 -0.146 -0.146 -0.146 -0.14600014 -0.392 -0.392 -0.3920003 -0.605 -0.605 -0.60497397 -0.592 -0.592 -0.943 -0.943 -0.943 -0.707013 -0.662 -0.662 -0.662 -0.406 -0.406 -0.406 -0.435 -0.435 -0.435 -0.435 -0.382 -0.382 -0.382 -0.382 -0.382 0.387 0.387
-0.026 -0.00068437242 0.042 0.042 0.042 0.042 -0.25794112 -0.258 -0.258 -0.099 -0.099 -0.099 -0.099 -0.099 -0.090616934 -0.061 -0.061 -0.061 -0.26862515 -0.26899987 -0.269 -0.269 -0.269 -0.269 -0.392 -0.392 -0.392 -0.392 -0.605 -0.592 -0.592 -0.592 -0.94299997 -0.943 -0.943 -0.352 -0.66158955 -0.662 -0.662 -0.40599142 -0.3886481 -0.34817335 -0.435 -0.435 -0.28346908 -0.283 -0.283 -0.38161704 -0.14981423 -0.14900002 -0.14900004 0.038052779 0.38699929
-0.026 -0.078549604 -0.019737616 0.042 0.042 -0.25782275 -0.258 -0.258 -0.258 -0.2568542 -0.099 -0.099 -0.099 -0.098999995 -0.061 -0.061 -0.061 -0.061 -0.2688142 -0.269 -0.269 -0.269 -0.269 -0.269 -0.392 -0.392 -0.392 -0.392 -0.39272747 -0.592 -0.592 -0.592 -0.37100001 -0.94292608 -0.352 -0.352 -0.352 -0.35285851 -0.36788055 -0.348 -0.348 -0.348 -0.247 -0.247 -0.283 -0.283 -0.283 -0.149 -0.149 -0.149 -0.149 0.038 0.038
-0.079882936 -0.08 -0.08 -0.080000001 -0.216 -0.25799892 -0.258 -0.258 -0.258 -0.258 -0.087189584 -0.098997967 -0.098999996 -0.061 -0.061 -0.061 -0.061 -0.061 -0.112153 -0.269 -0.269 -0.269 -0.269 -0.269 -0.29459971 -0.24200081 -0.242 -0.242 -0.242 -0.59199999 -0.371 -0.371 -0.371 -0.371 -0.352 -0.352002 -0.428 -0.428 -0.34899892 -0.348 -0.348 -0.348 -0.247 -0.247 -0.27742596 -0.283 -0.283 -0.149 -0.149 -0.149 -0.14699487 0.038 0.038
-0.08 -0.08 -0.08 -0.14404443 -0.216 -0.216 -0.258 -0.258 -0.258 -0.258 0.057 0.057 0.057 -0.061 -0.061 -0.061 -0.061 -0.061061475 -0.613 -0.613 -0.26900014 -0.269 -0.27445346 -0.493 -0.49074036 -0.242 -0.242 -0.242 -0.242 -0.37098686 -0.371 -0.371 -0.371 -0.371 -0.42799973 -0.428 -0.428 -0.428 -0.42770472 -0.348 -0.348 -0.348 -0.247 -0.247 -0.247 -0.283 -0.283 -0.149 -0.149 -0.149 0.038 0.038 0.038
-0.08 -0.08 -0.08 -0.216 -0.216 -0.216 -0.21600006 -0.258 -0.258 0.056674829 0.057 0.057 0.057 0.056926475 -0.36210514 -0.433 -0.433 -0.433 -0.613 -0.613 -0.613 -0.493 -0.493 -0.493 -0.49294201 -0.26507907 -0.242 -0.242 -0.242 -0.21190193 -0.17901888 -0.179 -0.179 -0.179 -0.32718656 -0.18600055 -0.186 -0.186 -0.186 -0.15702613 -0.157 -0.157 -0.247 -0.247 0.14299837 0.14299998 0.076 0.076 0.095 0.095 0.095 0.038 0.36270941
-0.079999904 -0.08 -0.080000005 -0.216 -0.216 -0.216 -0.216 -0.33899998 -0.25832387 0.056849475 0.057 0.057 0.057 0.056038485 -0.433 -0.433 -0.433 -0.43300005 -0.613 -0.613 -0.613 -0.493 -0.493 -0.493 -0.286 -0.286 -0.338 -0.338 -0.338 -0.33713261 -0.179 -0.179 -0.179 -0.179 -0.18249812 -0.186 -0.186 -0.186 -0.186 -0.157 -0.157 -0.157 -0.14756085 0.143 0.143 0.143 0.076 0.076 0.095 0.095 0.095 0.36299999 0.363
-0.049 -0.072931614 -0.313 -0.31297186 -0.216 -0.33828833 -0.339 -0.339 -0.31713728 -0.109 -0.109 -0.109 -0.109 -0.53498613 -0.535 -0.43300008 -0.433 -0.43774274 -0.613 -0.613 -0.613 -0.646 -0.646 -0.646 -0.286 -0.286 -0.338 -0.338 -0.338 -0.33799991 -0.20799982 -0.20799992 -0.17972887 -0.17903109 -0.45468336 -0.455 -0.455 -0.455 -0.455 -0.157 -0.157 -0.157 0.12648087 0.143 0.143 0.14299996 0.076 0.076 0.076000684 0.095 0.095006797 0.247 0.363
-0.35894113 -0.35899999 -0.313 -0.313 -0.313 -0.339 -0.339 -0.339 -0.279 -0.279 -0.109 -0.109 -0.109 -0.535 -0.535 -0.535 -0.535 -0.53500827 -0.613 -0.613 -0.613 -0.646 -0.646 -0.646 -0.286 -0.286 -0.338 -0.338 -0.338 -0.20946576 -0.208 -0.208 -0.208 -0.208 -0.45487812 -0.455 -0.455 -0.455 -0.455 -0.44499993 -0.445 -0.445 -0.445 0.14299807 -0.109 -0.109 -0.109 0.036 0.036 0.036 0.247 0.247 0.247
-0.359 -0.359 -0.313 -0.313 -0.313 -0.33886334 -0.339 -0.279 -0.279 -0.279 -0.10902093 -0.109 -0.52164799 -0.53500002 -0.535 -0.535 -0.535 -0.772 -0.772 -0.772 -0.724 -0.72399994 -0.64600038 -0.646 -0.64591137 -0.667 -0.667 -0.66699922 -0.33805317 -0.2149986 -0.21499996 -0.21499878 -0.20801196 -0.20800604 -0.41101347 -0.45500002 -0.45517426 -0.507 -0.507 -0.445 -0.445 -0.445 -0.445 -0.109 -0.109 -0.109 -0.109 0.036 0.036 0.036 0.247 0.247 0.247
-0.359 -0.359 -0.313 -0.313 -0.313 -0.313 -0.31654375 -0.279 -0.279 -0.279 -0.27918505 -0.614 -0.614 -0.614 -0.53546557 -0.535 -0.77042069 -0.772 -0.772 -0.772 -0.724 -0.724 -0.724 -0.724 -0.667 -0.667 -0.667 -0.667 -0.667 -0.215 -0.215 -0.215 -0.215 -0.21500052 -0.464 -0.507 -0.507 -0.507 -0.507 -0.50700008 -0.542 -0.542 -0.542 -0.45804206 -0.284 -0.284 -0.284 0.035999991 0.035999943 -0.023 -0.023 0.0020596027 0.002
-0.359 -0.359 -0.32960277 -0.313 -0.313 -0.31300001 -0.96178622 -0.28115559 -0.279 -0.279 -0.61400005 -0.614 -0.614 -0.614 -0.614 -0.60754813 -0.772 -0.772 -0.772 -0.772 -0.72400037 -0.724 -0.724 -0.724 -0.667 -0.667 -0.667 -0.667 -0.667 -0.50910465 -0.215 -0.215 -0.215 -0.464 -0.464 -0.46403339 -0.507 -0.507 -0.48448886 -0.467 -0.542 -0.542 -0.542 -0.45901688 -0.284 -0.284 -0.284 -0.234 -0.025629039 -0.023 -0.023 0.002 0.002
-0.835 -0.835 -0.835 -0.44387975 -0.31387153 -0.963 -0.963 -0.963 -0.963 -0.846 -0.846 -0.61400002 -0.614 -0.614 -0.614 -0.61401002 -0.772 -0.772 -0.772 -0.772 -0.74494564 -0.724 -0.724 -0.7151544 -0.39851262 -0.667 -0.667 -0.667 -0.613 -0.613 -0.613 -0.61299833 -0.464 -0.464 -0.464 -0.464 -0.467 -0.467 -0.467 -0.467 -0.601 -0.601 -0.601 -0.25700692 -0.257 -0.257 -0.25700001 -0.234 -0.234 -0.023257092 -0.023 0.0019991025 0.002
-0.835 -0.835 -0.835 -0.83500377 -0.905 -0.91343415 -0.963 -0.963 -0.963 -0.846 -0.846 -0.846 -0.76399999 -0.764 -0.764 -0.764 -0.77194871 -0.772 -0.772 -0.772 -0.7712537 -0.38600093 -0.386 -0.386 -0.386 -0.38600001 -0.633 -0.633 -0.613 -0.613 -0.613 -0.613 -0.46400008 -0.464 -0.464 -0.46400929 -0.467 -0.467 -0.467 -0.46692981 -0.601 -0.601 -0.601 -0.25701595 -0.257 -0.257 -0.257 -0.234 -0.234 -0.23399999 -0.176 -0.176 -0.004
-0.835 -0.835 -0.835 -0.90499984 -0.905 -0.905 -0.96299998 -0.963 -0.963 -0.846 -0.846 -0.846 -0.764 -0.764 -0.764 -0.76247681 -0.744 -0.744 -0.74400007 -0.77184185 -0.386 -0.386 -0.386 -0.386 -0.386 -0.38618588 -0.633 -0.633 -0.633 -0.613 -0.613 -0.61293113 -0.578 -0.578 -0.578 -0.42 -0.42 -0.451 -0.451 -0.451 -0.173 -0.60086575 -0.60099627 -0.101 -0.101 -0.10691222 -0.25699955 -0.234 -0.234 -0.176 -0.176 -0.176 -0.004
-0.835 -0.835 -0.835 -0.905 -0.905 -0.905 -0.905 -0.963 -0.963 -0.846 -0.846 -0.76727882 -0.764 -0.764 -0.764 -0.744 -0.744 -0.744 -0.744 -0.744 -0.386 -0.386 -0.386 -0.386 -0.386 -0.63299916 -0.633 -0.633 -0.633 -0.506 -0.506 -0.506 -0.578 -0.578 -0.578 -0.42 -0.42 -0.451 -0.451 -0.173 -0.173 -0.173 -0.101 -0.101 -0.101 -0.101 -0.077095126 0.19 0.19 0.19 -0.17599999 0.144 0.144
-0.835 -0.835 -0.83509748 -0.905 -0.905 -0.905 -0.905 -0.8726316 -0.871 -0.87095708 -0.846 -0.76399682 -0.764 -0.764 -0.76399993 -0.744 -0.744 -0.744 -0.744 -0.744 -0.49726704 -0.386 -0.386 -0.386 -0.38603234 -0.63299494 -0.633 -0.633 -0.633 -0.506 -0.506 -0.506 -0.50600822 -0.578 -0.42 -0.42 -0.42 -0.42000105 -0.45098104 -0.173 -0.173 -0.173 -0.10100437 -0.101 -0.101 -0.101 0.19000079 0.19 0.19 0.19 0.144 0.144 0.144
-0.596 -0.59600042 -0.90495228 -0.905 -0.905 -0.905 -0.87100723 -0.871 -0.871 -0.871 -0.726 -0.726 -0.726 -0.726 -0.74391693 -0.744 -0.744 -0.744 -0.744 -0.50200014 -0.502 -0.502 -0.54299997 -0.543 -0.543 -0.543 -0.55076816 -0.633 -0.24101605 -0.241 -0.241 -0.241 -0.241 -0.113 -0.113 -0.113 -0.113 -0.113 -0.137 -0.137 -0.137 -0.137 -0.137 0.27143773 0.272 0.272 0.272 0.19 0.19 0.19 0.14400725 0.144 0.144
-0.596 -0.596 -0.5957824 -0.57000067 -0.57000007 -0.57029366 -0.871 -0.871 -0.871 -0.871 -0.726 -0.726 -0.726 -0.726 -0.726 -0.744 -0.744 -0.744 -0.50200006 -0.502 -0.502 -0.502 -0.543 -0.543 -0.543 -0.543 -0.543 -0.54301874 -0.24093319 -0.241 -0.241 -0.241 -0.24097316 0.030993012 -0.1128509 -0.113 -0.113 -0.113 -0.137 -0.137 -0.137 -0.137 -0.137 0.272 0.272 0.272 0.272 0.2336552 0.19 0.51928474 0.523 0.33 0.33
-0.596 -0.596 -0.57000329 -0.57 -0.57 -0.57 -0.64645273 -0.871 -0.871 -0.871 -0.726 -0.726 -0.726 -0.726 -0.726 -0.74398521 -0.744 -0.50207095 -0.502 -0.502 -0.502 -0.502 -0.52781128 -0.543 -0.543 -0.543 -0.543 -0.54266363 -0.068 -0.068 -0.068 -0.068 -0.068 0.141 0.141 0.141 0.141 0.141 0.071 0.071 0.071 0.071 0.070999998 0.27224661 0.27200005 0.272 0.27201712 0.27409617 0.523 0.523 0.523 0.33000108 0.33
-0.59599969 -0.43029482 -0.56999998 -0.57 -0.57 -0.57 -0.57 -0.87087184 -0.871 -0.871 -0.726 -0.726 -0.726 -0.726 -0.62430998 -0.622 -0.622 -0.50200309 -0.502 -0.502 -0.502 -0.502 -0.50200004 -0.543 -0.543 -0.543 -0.543 -0.16699992 -0.16699995 -0.14593039 -0.068 -0.068 -0.068 0.141 0.141 0.141 0.141 0.1409912 0.071 0.071 0.071 0.071 0.071011109 0.373 0.373 0.373 0.373 0.3730121 0.523 0.523 0.523 0.52299996 0.45611489
-0.427 -0.427 -0.46631596 -0.57 -0.57 -0.57 -0.57 -0.57 -0.87087118 -0.674 -0.674 -0.674 -0.67412341 -0.62200015 -0.622 -0.622 -0.622 -0.622 -0.50200177 -0.51718073 -0.65 -0.65 -0.65 -0.62293782 -0.54596135 -0.56180695 -0.57494155 -0.167 -0.167 -0.167 -0.167 -0.167 -0.16283569 0.12526149 0.128 0.128 0.128 0.128 0.098238744 0.21599974 0.216 0.216 0.216 0.33500011 0.37299999 0.373 0.373 0.42 0.52299835 0.523 0.523 0.458 0.458
-0.427 -0.427 -0.514 -0.514 -0.514 -0.56998135 -0.57 -0.57 -0.674 -0.674 -0.674 -0.674 -0.674 -0.622 -0.622 -0.622 -0.622 -0.622 -0.65 -0.65 -0.65 -0.65 -0.65 -0.58 -0.58 -0.58 -0.58 -0.167 -0.167 -0.167 -0.167 -0.167 -0.116 -0.116 0.128 0.128 0.128 0.13499881 0.135 0.216 0.216 0.216 0.21600003 0.335 0.335 0.335 0.42 0.42 0.42 0.412 0.412 0.458 0.458
-0.427 -0.427 -0.514 -0.514 -0.514 -0.514 -0.51400053 -0.611 -0.67394068 -0.674 -0.674 -0.674 -0.674 -0.62264865 -0.622 -0.622 -0.622 -0.622 -0.65 -0.65 -0.65 -0.65 -0.65 -0.58 -0.58 -0.58 -0.58 -0.57999833 -0.167 -0.167 -0.167 -0.11600267 -0.116 -0.116 -0.116 0.128 0.135 0.135 0.135 0.13713126 0.36015445 0.387 0.387 0.335 0.335 0.335 0.42 0.42 0.42 0.412 0.412 0.412 0.33844544
-0.467 -0.46699969 -0.514 -0.514 -0.514 -0.514 -0.611 -0.611 -0.611 -0.674 -0.674 -0.674 -0.674 -0.67398383 -0.622 -0.622 -0.622 -0.622 -0.6499994 -0.65 -0.65 -0.65 -0.59232534 -0.58 -0.58 -0.58 -0.58 -0.53000004 -0.53 -0.53 -0.17089406 -0.116 -0.116 -0.116 -0.11599974 0.158 0.135 0.135 0.135 0.135 0.387 0.387 0.387 0.646 0.646 0.646 0.52998929 0.42 0.42 0.412 0.412 0.412 0.32599978
