interpolatedSpi/02-12|20_1.tif
NCOLS 53
NROWS 52
XLLCORNER -116.03883
YLLCORNER 28.596182
DX 0.49850594
DY 0.49788537
NODATA_VALUE -9999
[rows 0 to 28 of 52, columns 0 to 52 of 53]
-0.093333333 -0.093333333 -0.1538376 -0.44666667 -0.10666667 -0.0775 0.15583333 0.13 -0.17831305 -0.2525 -0.24 0.014166667 -0.10830993 0.17583333 -0.145 -0.145 -0.145 0.16416667 0.20916667 0.20916667 0.20916667 0.20916277 -0.19583333 0.051666667 0.051666667 0.051666667 0.28333367 0.28333333 0.28333333 0.12916667 0.12916667 0.12916667 0.12916667 -0.20833327 -0.20833333 -0.20833333 -0.20833333 -0.20833333 -0.20833333 -0.2083333 1.0209258 1.033918 0.058333333 0.058333333 0.058333333 0.058333333 0.058127805 -0.0675 -0.0675 -0.0675 0.62249857 0.6225 0.6225
-0.09334296 -0.31 -0.19999967 -0.13878708 0.033958202 0.14833333 0.2 -0.043212125 -0.2975 -0.1075 -0.016666667 -0.10833333 -0.10833333 0.18164722 0.17583057 -0.145 0.16416667 0.16416667 0.20910799 0.20916667 0.20916667 0.20916667 0.030436373 0.051666667 0.051666667 0.051666667 -0.14249999 -0.1425 0.12916667 0.12916667 0.12916667 0.12916667 0.12916667 -0.20833328 -0.20833333 -0.20833333 -0.20833333 -0.20833333 -0.20833328 -0.13691808 0.17667532 0.072692378 0.058333333 0.058333333 0.058333333 0.058333333 0.058333333 -0.0675 -0.0675 -0.0675 -0.01028454 0.6225 0.6225
0.22081595 0.22083333 0.085 0.4775 -0.0025 -0.11166667 0.069166667 -0.21416667 -0.13916667 -0.10416667 0.15916667 -0.2925 -0.2475 -0.0725 0.18166667 0.080833333 0.16416667 0.16416667 0.16416667 0.091700824 0.091666667 0.091666667 -0.35166667 0.051666667 0.051666667 0.051666667 -0.1425 -0.1425 -0.1425 0.12916667 0.12916667 0.12916663 -0.22827288 -0.20710283 -0.20101115 0.57112474 0.57833333 0.57833333 0.52781425 0.17666667 0.17666667 0.17651535 0.058333333 0.058333333 0.058333333 0.058333333 0.058333333 -0.0675 -0.0675 -0.0675 -0.067499999 0.6225 0.6225
0.29 0.22083332 0.1416276 0.26916667 -0.040833333 -0.031666667 0.095 -0.4225 -0.046666667 -0.005177736 -0.0925 -0.1775 -0.24 -0.0725 -0.0475 0.080833333 -0.31858716 -0.32132626 -0.48583333 0.091666667 0.091666667 -0.72583333 -0.35166667 -0.35166667 0.051666667 0.051665697 -0.1425 -0.1425 -0.1425 -0.61833333 -0.61558994 -0.61333333 -0.61333333 -0.6133324 0.57833333 0.57833333 0.57833333 0.57833333 0.17666667 0.17666667 0.17666667 0.17666666 0.058333333 0.058333333 0.058333333 0.058333333 0.058333333 -0.067498413 -0.0675 -0.0675 -0.0675 0.62244733 0.6225
0.29 0.049166836 0.14166667 0.13222913 -0.040833333 0.026666667 -0.19663432 -0.1775 -0.38666667 -0.023333408 -0.15173893 -0.21247481 -0.036666667 -0.0475 -0.0475 0.032043795 -0.32166667 -0.32166667 -0.48583333 -0.48583333 0.091665032 -0.72583333 -0.795 -0.32666667 -0.20416667 -0.20417464 -0.1425 -0.1425 -0.61833333 -0.61833333 -0.61333333 -0.61333333 -0.61333333 -0.55974711 0.57833333 0.57833333 0.57833333 0.17666667 0.17666667 0.17666667 0.17666667 0.17664993 0.058333333 0.058333333 0.058333333 0.058333333 0.058333333 0.057213261 -0.0675 -0.067541365 -0.99 -0.99 -0.99
-0.77 0.020833333 0.49249999 0.23166667 0.2 0.28583333 0.105 0.068831909 0.015833333 -0.27333333 0.090833333 -0.255 -0.25499986 0.0925 0.0925 -0.23580919 -0.23583333 -0.2625 -0.2625 -0.48583321 -0.75416667 -0.75416667 -0.32666667 -0.20416667 -0.20416667 -0.23833333 -0.635 -0.635 -0.22920227 -0.61833333 -0.61333333 -0.61333333 -0.32916667 -0.32916876 -0.34916528 -0.485 -0.485 -0.028035021 0.17666667 0.17666667 0.0035495173 0.0033333341 0.0033339463 -0.83723992 -0.85323258 -0.85333309 -0.8533333 -0.853333 -1.3233181 -0.99 -0.99 -0.99 -0.99
-0.31833683 0.060833333 -0.38430129 0.14416667 0.38416667 -0.079166667 0.090833335 0.070833333 -0.1675 -0.1675 0.090833333 -0.090833333 -0.080000032 0.0925 -0.13583265 -0.13583333 -0.23583333 -0.14916667 -0.3425 -0.3425 -0.73295975 -0.70916667 -0.70916667 -0.385 -0.23833333 -0.23833333 -0.635 -0.635 -0.22917818 -0.22937857 -0.010454569 -0.32916667 -0.32916667 -0.34916667 -0.34916667 -0.56351894 -0.485 -0.485 -0.68249315 0.0033323785 0.0033333333 0.0033333334 0.0033356545 -0.85333147 -0.85333333 -0.85333333 -0.85333333 -0.85333367 -1.4241667 -0.99008604 -0.99 -0.99 -0.99
-0.31833333 -0.56083333 -0.1625 -0.4725 -0.64415683 -0.32583333 0.075 -0.36416666 -0.099166667 -0.060833333 -0.060833333 -0.20583333 -0.08 -0.08 -0.13545026 -0.30356441 -0.32 -0.10583333 -0.48166652 -0.3425 -0.66768629 -0.635 -0.8675 -0.44166667 -0.44166996 -0.69666667 -0.68416667 -0.68416665 -0.4259746 -0.42666666 -0.0091666667 -0.34316166 -0.265 -0.34916667 -0.35387267 -0.62916667 -0.62916667 -0.6825 -0.6825 0.0033333333 0.0033333333 0.0033333391 -0.5163406 -0.51833335 -0.85333333 -0.85333333 -0.85333333 -1.4241449 -1.4241667 -1.4241667 -0.99 -0.99 -0.99
-0.58005064 -0.56083333 -0.32333333 -0.27416667 -0.26333333 -0.38583333 -0.14916667 0.13666667 0.15083333 0.25383569 0.1725 -0.053333335 -0.053333333 -0.16416667 -0.16416643 -0.48287811 -0.48333333 -0.48333333 -0.16320487 -0.8416667 -1.02 -1.02 -0.725 -0.81134309 -0.6709694 -0.69666667 -0.70583333 -0.68416667 -0.51929699 -0.51833333 -0.365 -0.088333333 -0.23019603 -0.68916667 -0.51416667 -0.55583333 -0.5075 -0.63916667 -0.54337759 0.0045459918 0.275 -0.26916667 -0.51830986 -0.51833333 -0.52021889 -0.85333333 -1.06 -1.4241667 -1.4241667 -1.4241667 -1.4241667 -0.92961389 -0.54583333
-0.6875 -0.6875 -0.46583333 -0.20833333 -0.29916667 -0.25666667 -0.060833333 -0.030833333 0.26416667 0.28000021 0.0875 0.16666667 -0.16416667 -0.16416667 -0.13916667 -0.14388707 -0.48333333 -0.48328479 -0.25833333 -0.84166667 -0.84166667 -0.86464197 -0.725 -0.86416403 -0.86416667 -0.86416667 -0.70583333 -0.41666667 -0.41666667 -0.51833333 -0.51833333 -0.088867547 -0.37 -0.68916667 -0.40833333 -0.55583333 -0.5075 -0.82416667 -0.54333333 -0.015364415 -0.26916664 -0.3077373 -0.37416667 -0.51833333 -0.51833333 -1.06 -1.06 -1.06 -1.4241667 -1.4241667 -0.505 -0.505 -0.50500002
-0.6875 -0.6875 -0.65416667 -0.5275 -0.6575 -0.1925 -0.37916666 0.081510005 -0.14416667 -0.21666667 -0.13333333 -0.36833333 0.16595393 -0.13916667 -0.13916667 -0.13919397 -0.37583333 -0.36966638 -0.25833333 -0.36666667 -0.36666667 -0.53083333 -0.53083333 -0.86416667 -0.86416667 -0.86416667 -0.41666667 -0.41666667 -0.41666667 -0.9275 -0.9275 -0.92749908 -0.55083333 -0.55083333 -0.59333333 -0.7925 -0.43833333 -0.60333172 -0.67583333 -0.0066666667 -0.0066666667 -0.093334256 -0.37416667 -0.51833333 -0.40083349 -0.58 -0.35720653 -0.35416667 -0.41166667 -0.41166667 -0.505 -0.505 -0.505
-0.6875 -0.67306543 -0.60011348 -0.69916078 -0.40833333 -0.6725 -0.37916667 0.081666667 -0.14416478 -0.21586345 -0.36833314 -0.36833333 -0.0575 -0.13916667 -0.13916667 -0.37583333 -0.37583333 -0.37582665 -0.25833333 -0.36666667 -0.39890566 -0.53083333 -0.53083333 -0.86415299 -0.86416667 -0.82965111 -0.75916667 -0.75916667 -0.75916662 -0.9275 -0.9275 -0.96833333 -0.96833333 -0.55083345 -0.59333333 -0.57833341 -0.43445822 -0.60333333 -0.60333333 -0.0066666695 -0.093333333 -0.093333333 -0.093335601 -0.40083333 -0.40083333 -0.58 -0.35416667 -0.35416667 -0.41166667 -0.41166667 -0.505 -0.505 -0.505
-0.11666667 -0.048426854 0.0016467492 -0.0034081753 -0.40833472 -0.67249376 -0.37916667 0.07599407 -0.12860444 -0.14605983 -0.0575 -0.0575 -0.0575 -0.0575 -0.1391551 -0.37583333 -0.37583333 -0.37431622 -0.25833333 -0.36663634 -0.26416667 -0.26416667 -0.26416667 -0.26416667 -0.85393006 -0.75916667 -0.75916667 -0.75916667 -0.75916667 -0.75922936 -0.96833333 -0.96833333 -0.96833333 -0.96833333 -0.57833333 -0.57833333 -0.57833333 -0.60190723 -0.60155584 -0.36666667 -0.36666667 -0.093348035 -0.31500294 -0.40082507 -0.40083333 -0.58 -0.35416667 -0.35416667 -0.41166667 -0.41166667 -0.5046614 -0.505 -0.34798167
-0.11666667 0.0016666667 0.0016666667 0.0016666667 0.0016666667 0.0016663843 -0.37991749 -0.16114679 -0.087085889 -0.057595165 -0.0575 -0.0575 -0.0575 -0.0575 -0.057500151 -0.37583333 -0.37583331 -0.36777364 -0.25833499 -0.26416667 -0.26416667 -0.26416667 -0.26416667 -0.26416667 -0.26832984 -0.65494689 -0.63083336 -0.63083333 -0.63083333 -0.63083333 -0.96833333 -0.96833333 -0.96833318 -0.84416667 -0.84416667 -0.57833333 -0.59777717 -0.59833333 -0.3666668 -0.36666667 -0.36666667 -0.36666667 -0.315 -0.315 -0.315 -0.31684416 -0.25983167 -0.25916667 -0.25916667 -0.25916667 -0.25916667 0.24916651 0.24916667
0.044166666 0.0016666667 0.0016666667 0.0016666667 0.0016666667 0.0016666667 0.0016666406 -0.28776558 -0.26312554 -0.26416667 -0.26416667 -0.26416667 -0.26416667 -0.26416667 -0.26416666 -0.19233252 -0.37288702 -0.35974361 -0.26416597 -0.26416667 -0.26416667 -0.26416667 -0.26416667 -0.26416678 -0.45666667 -0.45666667 -0.45666691 -0.63083333 -0.63083333 -0.63079996 -0.61416667 -0.61416667 -0.84416667 -0.84416667 -0.84416667 -0.63771301 -0.59833333 -0.59833333 -0.59833333 -0.36666667 -0.36666667 -0.36666667 -0.315 -0.315 -0.315 -0.315 -0.25916667 -0.25916667 -0.25916667 -0.25916667 -0.25916667 0.24916667 0.24916667
0.044166667 0.0283444 0.0016666667 0.0016666667 0.0016666667 0.0016666667 -0.32910174 -0.32916667 -0.32916667 -0.26416667 -0.26416667 -0.26416667 -0.26416667 -0.26416667 -0.24798882 -0.19083333 -0.19083333 -0.19083333 -0.35804634 -0.35833324 -0.35833333 -0.35833333 -0.35833333 -0.35833333 -0.45666667 -0.45666667 -0.45666667 -0.45666667 -0.63083333 -0.61416667 -0.61416667 -0.61416667 -0.84416665 -0.84416667 -0.84416667 -0.27333333 -0.59790302 -0.59833333 -0.59833333 -0.36665703 -0.34722057 -0.30186094 -0.315 -0.315 -0.22527775 -0.225 -0.225 -0.25893533 -0.11882548 -0.11833335 -0.11833336 -0.014126834 0.24916613
0.044166667 -0.062067981 -0.032069736 0.0016666667 0.0016666667 -0.32897119 -0.32916667 -0.32916667 -0.32916667 -0.32869826 -0.26416667 -0.26416667 -0.26416667 -0.26416666 -0.19083333 -0.19083333 -0.19083333 -0.19083333 -0.35818371 -0.35833333 -0.35833333 -0.35833333 -0.35833333 -0.35833333 -0.45666666 -0.45666667 -0.45666667 -0.45666667 -0.45723955 -0.61416667 -0.61416667 -0.61416667 -0.35083334 -0.84409669 -0.27333333 -0.27333333 -0.27333333 -0.2743377 -0.3204493 -0.30166667 -0.30166667 -0.30166667 -0.24833333 -0.24833333 -0.225 -0.225 -0.225 -0.11833333 -0.11833333 -0.11833333 -0.11833333 -0.014166667 -0.014166667
-0.064850419 -0.065 -0.065 -0.065000001 -0.21083333 -0.32916361 -0.32916667 -0.32916667 -0.32916667 -0.32916667 -0.24650145 -0.26416363 -0.26416666 -0.19083333 -0.19083333 -0.19083333 -0.19083333 -0.19083333 -0.22800586 -0.35833333 -0.35833333 -0.35833333 -0.35833333 -0.35833333 -0.36091162 -0.2900009 -0.29 -0.29 -0.29 -0.61416665 -0.35083334 -0.35083333 -0.35083333 -0.35083333 -0.27333333 -0.27333568 -0.3625 -0.3625 -0.30242626 -0.30166667 -0.30166667 -0.30166667 -0.24833333 -0.24833333 -0.2286128 -0.225 -0.225 -0.11833333 -0.11833333 -0.11833333 -0.1172164 -0.014166667 -0.014166667
-0.065 -0.065 -0.065 -0.13367509 -0.21083333 -0.21083333 -0.32916667 -0.32916667 -0.32916667 -0.32916667 -0.030833333 -0.030833333 -0.030833333 -0.19083333 -0.19083333 -0.19083333 -0.19083333 -0.1908763 -0.57166667 -0.57166667 -0.35833342 -0.35833333 -0.36036215 -0.44166667 -0.44030128 -0.29 -0.29 -0.29 -0.29 -0.35082714 -0.35083333 -0.35083333 -0.35083333 -0.35083333 -0.36249969 -0.3625 -0.3625 -0.3625 -0.36227239 -0.30166667 -0.30166667 -0.30166667 -0.24833333 -0.24833333 -0.24833333 -0.225 -0.225 -0.11833333 -0.11833333 -0.11833333 -0.014166667 -0.014166667 -0.014166667
-0.065 -0.065 -0.065 -0.21083333 -0.21083333 -0.21083333 -0.21083351 -0.32916667 -0.32916667 -0.031141299 -0.030833333 -0.030833333 -0.030833333 -0.030933025 -0.40128316 -0.45083333 -0.45083333 -0.45083333 -0.57166667 -0.57166667 -0.57166667 -0.44166667 -0.44166667 -0.44166667 -0.44161718 -0.27688689 -0.29 -0.29 -0.29 -0.23016498 -0.20418109 -0.20416667 -0.20416667 -0.20416667 -0.26367451 -0.12500054 -0.125 -0.125 -0.125 -0.10336047 -0.10333333 -0.10333333 -0.24833333 -0.24833333 0.13416507 0.13416661 -0.013333333 -0.013333333 0.023333333 0.023333333 0.023333333 -0.014166667 0.23061427
-0.064999948 -0.065 -0.065000005 -0.21083333 -0.21083333 -0.21083333 -0.21083333 -0.33 -0.32917 -0.030894541 -0.030833333 -0.030833333 -0.030833333 -0.031657489 -0.45083333 -0.45083333 -0.45083333 -0.45083337 -0.57166667 -0.57166667 -0.57166667 -0.44166667 -0.44166667 -0.44166667 -0.265 -0.265 -0.3075 -0.3075 -0.3075 -0.30693628 -0.20416667 -0.20416667 -0.20416667 -0.20416667 -0.1646051 -0.125 -0.125 -0.125 -0.125 -0.10333333 -0.10333333 -0.10333333 -0.095860675 0.13416667 0.13416667 0.13416667 -0.013333333 -0.013333333 0.023333333 0.023333333 0.023333333 0.23083333 0.23083333
-0.048333333 -0.065201747 -0.3275 -0.32746615 -0.21083333 -0.32931051 -0.33 -0.33 -0.29599133 -0.098333336 -0.098333333 -0.098333333 -0.098333333 -0.52581942 -0.52583333 -0.45083339 -0.45083333 -0.45401711 -0.57166667 -0.57166667 -0.57166667 -0.54 -0.54 -0.54 -0.265 -0.265 -0.3075 -0.3075 -0.3075 -0.30749988 -0.14750036 -0.14750016 -0.20274244 -0.20410592 -0.3431728 -0.34333333 -0.34333333 -0.34333333 -0.34333333 -0.10333333 -0.10333333 -0.10333333 0.12108903 0.13416667 0.13416667 0.13416663 -0.013333333 -0.013333333 -0.013332013 0.023333333 0.023340264 0.17833333 0.23083333
-0.29661951 -0.29666667 -0.3275 -0.3275 -0.3275 -0.33 -0.33 -0.33 -0.23666667 -0.23666667 -0.098333333 -0.098333333 -0.098333333 -0.52583333 -0.52583333 -0.52583333 -0.52583333 -0.52583813 -0.57166667 -0.57166667 -0.57166667 -0.54 -0.54 -0.54 -0.265 -0.265 -0.3075 -0.3075 -0.3075 -0.14930401 -0.1475 -0.1475 -0.1475 -0.1475 -0.3432367 -0.34333333 -0.34333333 -0.34333333 -0.34333333 -0.31999994 -0.32 -0.32 -0.32 0.13416494 -0.090833333 -0.090833333 -0.090833333 0.03 0.03 0.03 0.17833333 0.17833333 0.17833333
-0.29666667 -0.29666667 -0.3275 -0.3275 -0.3275 -0.32998686 -0.33 -0.23666667 -0.23666667 -0.23666667 -0.098350362 -0.098333333 -0.4503779 -0.52583333 -0.52583333 -0.52583333 -0.52583333 -0.62666667 -0.62666667 -0.62666667 -0.67333333 -0.67333323 -0.54000065 -0.54 -0.53997219 -0.62333333 -0.62333333 -0.62333258 -0.30755104 -0.13250299 -0.13250008 -0.13250262 -0.14747436 -0.14748706 -0.30844524 -0.34333334 -0.34336964 -0.35416667 -0.35416667 -0.32 -0.32 -0.32 -0.32 -0.090833333 -0.090833333 -0.090833333 -0.090833333 0.03 0.03 0.03 0.17833333 0.17833333 0.17833333
-0.29666667 -0.29666667 -0.3275 -0.3275 -0.3275 -0.3275 -0.29506806 -0.23666667 -0.23666667 -0.23666667 -0.23682824 -0.52916667 -0.52916667 -0.52916667 -0.52585298 -0.52583333 -0.62599474 -0.62666667 -0.62666667 -0.62666667 -0.67333333 -0.67333333 -0.67333333 -0.67333333 -0.62333333 -0.62333333 -0.62333333 -0.62333333 -0.62333333 -0.1325 -0.1325 -0.1325 -0.1325 -0.13250033 -0.28833333 -0.35416667 -0.35416667 -0.35416667 -0.35416667 -0.35416676 -0.38833333 -0.38833333 -0.38833333 -0.31348767 -0.15833333 -0.15833333 -0.15833333 0.029999995 0.030000051 0.0825 0.0825 0.1066841 0.10666667
-0.29666667 -0.29666667 -0.31637133 -0.3275 -0.3275 -0.32750001 -0.86970799 -0.23866521 -0.23666667 -0.23666667 -0.52916672 -0.52916667 -0.52916667 -0.52916667 -0.52916667 -0.52890795 -0.62666667 -0.62666667 -0.62666667 -0.62666667 -0.67333297 -0.67333333 -0.67333333 -0.67333333 -0.62333333 -0.62333333 -0.62333333 -0.62333333 -0.62333333 -0.39606112 -0.1325 -0.1325 -0.1325 -0.28833333 -0.28833333 -0.28838445 -0.35416667 -0.35416667 -0.29460594 -0.24833334 -0.38833333 -0.38833333 -0.38833333 -0.31402263 -0.15833333 -0.15833333 -0.15833333 -0.04 0.080973662 0.0825 0.0825 0.10666667 0.10666667
-0.73 -0.73 -0.73 -0.42841781 -0.32825526 -0.87083333 -0.87083333 -0.87083333 -0.87083333 -0.77 -0.77 -0.52916668 -0.52916667 -0.52916667 -0.52916667 -0.52917285 -0.62666667 -0.62666667 -0.62666667 -0.62666667 -0.65296951 -0.67333333 -0.67333333 -0.66674711 -0.43064666 -0.62333333 -0.62333333 -0.62333333 -0.48916667 -0.48916667 -0.48916667 -0.48916517 -0.28833333 -0.28833333 -0.28833333 -0.28833333 -0.24833333 -0.24833333 -0.24833333 -0.24833333 -0.415 -0.415 -0.415 -0.04000754 -0.04 -0.04 -0.040000037 -0.04 -0.04 0.08235074 0.0825 0.10666578 0.10666667
-0.73 -0.73 -0.73 -0.73000597 -0.84083333 -0.84519583 -0.87083333 -0.87083333 -0.87083333 -0.77 -0.77 -0.77 -0.69749999 -0.6975 -0.6975 -0.6975 -0.62672315 -0.62666667 -0.62666667 -0.62666667 -0.62736056 -0.42166736 -0.42166667 -0.42166667 -0.42166667 -0.42166667 -0.52333333 -0.52333333 -0.48916667 -0.48916667 -0.48916667 -0.48916667 -0.2883334 -0.28833333 -0.28833333 -0.28834094 -0.24833333 -0.24833333 -0.24833333 -0.24844666 -0.415 -0.415 -0.415 -0.04001739 -0.04 -0.04 -0.04 -0.04 -0.04 -0.040000004 -0.068333333 -0.068333333 0.071666667
-0.73 -0.73 -0.73 -0.84083308 -0.84083333 -0.84083333 -0.87083332 -0.87083333 -0.87083333 -0.77 -0.77 -0.77 -0.6975 -0.6975 -0.6975 -0.69445362 -0.6575 -0.6575 -0.65749992 -0.62684082 -0.42166667 -0.42166667 -0.42166667 -0.42166667 -0.42166667 -0.42174318 -0.52333333 -0.52333333 -0.52333333 -0.48916667 -0.48916667 -0.48908996 -0.38166667 -0.38166667 -0.38166667 -0.27333333 -0.27333333 -0.27416667 -0.27416667 -0.27416667 -0.048333333 -0.41488499 -0.41499672 0.025 0.025 0.022536574 -0.039999828 -0.04 -0.04 -0.068333333 -0.068333333 -0.068333333 0.071666667
