interpolatedSpi/02-12|22_2.tif
NCOLS 53
NROWS 52
XLLCORNER -116.03883
YLLCORNER 28.596182
DX 0.49850594
DY 0.49788537
NODATA_VALUE -9999
[rows 26 to 51 of 52, columns 0 to 52 of 53]
-0.32363636 -0.32363636 -0.32363636 -0.49869367 -0.55701228 -0.44454545 -0.44454545 -0.44454545 -0.44454545 -0.25454546 -0.25454545 -0.21636364 -0.21636364 -0.21636364 -0.21636364 -0.21636041 -0.16545455 -0.16545455 -0.16545455 -0.16545455 -0.3775853 -0.54181818 -0.54181818 -0.53311057 -0.23062669 -0.69272727 -0.69272727 -0.69272727 -0.97181818 -0.97181818 -0.97181818 -0.97181799 -0.96727273 -0.96727273 -0.96727273 -0.96727273 -0.96272727 -0.96272727 -0.96272727 -0.96272727 -0.60090909 -0.60090909 -0.60090909 -0.34364154 -0.34363636 -0.34363636 -0.34363636 -0.47090909 -0.47090909 -0.28295656 -0.28272727 0.021817471 0.021818182
-0.32363636 -0.32363636 -0.32363636 -0.32363935 -0.37909091 -0.38860908 -0.44454545 -0.44454545 -0.44454545 -0.25454545 -0.25454545 -0.25454545 -0.26727273 -0.26727273 -0.26727273 -0.26727272 -0.16520808 -0.16545455 -0.16545455 -0.16545455 -0.17114339 -0.20909182 -0.20909091 -0.20909091 -0.20909091 -0.20909092 -0.56454546 -0.56454545 -0.97181818 -0.97181818 -0.97181818 -0.97181818 -0.96727262 -0.96727273 -0.96727273 -0.96726007 -0.96272727 -0.96272727 -0.96272727 -0.96172628 -0.60090909 -0.60090909 -0.60090909 -0.34364829 -0.34363636 -0.34363636 -0.34363636 -0.47090909 -0.47090909 -0.47090904 -0.11909091 -0.11909091 -0.041818182
-0.32363636 -0.32363636 -0.32363636 -0.37909078 -0.37909091 -0.37909091 -0.44454543 -0.44454545 -0.44454545 -0.25454545 -0.25454545 -0.25454545 -0.26727273 -0.26727273 -0.26727273 -0.24927138 -0.030909091 -0.030909091 -0.030909438 -0.1646946 -0.20909091 -0.20909091 -0.20909091 -0.20909091 -0.20909091 -0.20935841 -0.56454545 -0.56454545 -0.56454546 -0.97181818 -0.97181818 -0.97179946 -0.81181818 -0.81181818 -0.81181818 -0.55818182 -0.55818182 -0.73454545 -0.73454545 -0.73454545 -0.25818182 -0.60080159 -0.60090676 -0.28818182 -0.28818182 -0.29028348 -0.34363643 -0.47090909 -0.47090909 -0.11909091 -0.11909091 -0.11909091 -0.041818182
-0.32363636 -0.32363636 -0.32363636 -0.37909091 -0.37909091 -0.37909091 -0.37909091 -0.44454545 -0.44454545 -0.25454545 -0.25454545 -0.26676382 -0.26727273 -0.26727273 -0.26727273 -0.030909091 -0.030909091 -0.030909091 -0.030909091 -0.030909091 -0.20909091 -0.20909091 -0.20909091 -0.20909091 -0.20909091 -0.56454424 -0.56454545 -0.56454545 -0.56454545 -0.94272727 -0.94272727 -0.94272727 -0.81181818 -0.81181818 -0.81181818 -0.55818182 -0.55818182 -0.73454545 -0.73454545 -0.25818182 -0.25818182 -0.25818182 -0.28818182 -0.28818182 -0.28818182 -0.28818182 -0.26122256 0.04 0.04 0.04 -0.1190909 0.29545455 0.29545455
-0.32363636 -0.32363636 -0.32371359 -0.37909091 -0.37909091 -0.37909091 -0.37909091 -0.44832813 -0.45181818 -0.45147949 -0.25454545 -0.2672709 -0.26727273 -0.26727273 -0.26727191 -0.030909091 -0.030909091 -0.030909091 -0.030909091 -0.030909091 0.23467004 -0.20909091 -0.20909091 -0.20909091 -0.20909128 -0.56452556 -0.56454545 -0.56454545 -0.56454545 -0.94272727 -0.94272727 -0.94272727 -0.94270938 -0.81181818 -0.55818182 -0.55818182 -0.55818182 -0.558189 -0.73451297 -0.25818182 -0.25818182 -0.25818182 -0.28818 -0.28818182 -0.28818182 -0.28818182 0.040000352 0.04 0.04 0.04 0.29545454 0.29545455 0.29545455
-0.47363636 -0.4736361 -0.37906508 -0.37909091 -0.37909091 -0.37909091 -0.45180271 -0.45181818 -0.45181818 -0.45181818 -0.24545455 -0.24545455 -0.24545455 -0.24545455 -0.031899304 -0.030909091 -0.030909091 -0.030909091 -0.030909091 0.25363619 0.25363636 0.25363636 -0.21090909 -0.21090909 -0.21090909 -0.21090909 -0.24143246 -0.56454545 -1.065434 -1.0654545 -1.0654545 -1.0654545 -1.0654545 -0.45545455 -0.45545455 -0.45545455 -0.45545455 -0.45545455 -0.10090909 -0.10090909 -0.10090909 -0.10090909 -0.10090909 0.077629551 0.078181818 0.078181818 0.078181818 0.04 0.04 0.04 0.2954143 0.29545455 0.29545455
-0.47363636 -0.47363636 -0.47178678 -0.25272753 -0.2527273 -0.25292144 -0.45181818 -0.45181818 -0.45181818 -0.45181818 -0.24545455 -0.24545455 -0.24545455 -0.24545455 -0.24545455 -0.030909091 -0.030909091 -0.030909091 0.25363629 0.25363636 0.25363636 0.25363636 -0.21090909 -0.21090909 -0.21090909 -0.21090909 -0.21090909 -0.21098478 -1.0654131 -1.0654545 -1.0654545 -1.0654545 -1.0654379 -0.52039055 -0.45552178 -0.45545455 -0.45545455 -0.45545455 -0.10090909 -0.10090909 -0.10090909 -0.10090909 -0.10090909 0.078181818 0.078181818 0.078181818 0.078181818 0.060327254 0.04 0.15956012 0.16090909 -0.07 -0.07
-0.47363636 -0.47363636 -0.25275526 -0.25272727 -0.25272727 -0.25272727 -0.30329552 -0.45181818 -0.45181818 -0.45181818 -0.24545455 -0.24545455 -0.24545455 -0.24545455 -0.24545455 -0.031070028 -0.030909091 0.25355294 0.25363636 0.25363636 0.25363636 0.25363636 -0.038815217 -0.21090909 -0.21090909 -0.21090909 -0.21090909 -0.21143825 -0.95818182 -0.95818182 -0.95818182 -0.95818182 -0.95818182 -0.57 -0.57 -0.57 -0.57 -0.57 -0.40727273 -0.40727273 -0.40727273 -0.40727273 -0.40727272 0.07838603 0.078181861 0.078181819 0.078195995 0.079899602 0.16090909 0.16090909 0.16090909 -0.069998707 -0.07
-0.4736361 -0.33280033 -0.25272728 -0.25272727 -0.25272727 -0.25272727 -0.25272727 -0.45173341 -0.45181818 -0.45181818 -0.24545455 -0.24545455 -0.24545455 -0.24545455 0.20077263 0.21090909 0.21090909 0.25363526 0.25363636 0.25363636 0.25363636 0.25363636 0.25363629 -0.21090909 -0.21090909 -0.21090909 -0.21090909 -0.75818199 -0.75818191 -0.80074668 -0.95818182 -0.95818182 -0.95818182 -0.57 -0.57 -0.57 -0.57 -0.56990149 -0.40727273 -0.40727273 -0.40727273 -0.40727273 -0.40726757 0.16181818 0.16181818 0.16181818 0.16181818 0.16181811 0.16090909 0.16090909 0.16090909 0.16090892 -0.12553354
-0.33 -0.33 -0.30817753 -0.25272727 -0.25272727 -0.25272727 -0.25272727 -0.25272727 -0.45173191 0.11818181 0.11818182 0.11818182 0.11731883 0.21090843 0.21090909 0.21090909 0.21090909 0.21090909 0.25363422 0.23526656 0.074545455 0.074545455 0.074545455 0.00046829177 -0.23783042 -0.38188133 -0.50355251 -0.75818182 -0.75818182 -0.75818182 -0.75818182 -0.75818182 -0.76080055 -0.42387206 -0.42454545 -0.42454545 -0.42454545 -0.42454545 -0.39463529 -0.34000012 -0.34 -0.34 -0.34 0.070000269 0.16181816 0.16181818 0.16181818 0.16636364 0.16090918 0.16090909 0.16090909 -0.12636364 -0.12636364
-0.33 -0.33 -0.27909091 -0.27909091 -0.27909091 -0.25273605 -0.25272727 -0.25272727 0.11818182 0.11818182 0.11818182 0.11818182 0.11818182 0.21090909 0.21090909 0.21090909 0.21090909 0.21090909 0.074545455 0.074545455 0.074545455 0.074545455 0.074545455 -0.5472727 -0.54727273 -0.54727273 -0.54727273 -0.75818182 -0.75818182 -0.75818182 -0.75818182 -0.75818182 -0.36454545 -0.36454545 -0.42454545 -0.42454545 -0.42454545 -0.26729951 -0.26727273 -0.34 -0.34 -0.34 -0.33999995 0.07 0.07 0.07 0.16636364 0.16636364 0.16636364 0.16090909 0.16090909 -0.12636364 -0.12636364
-0.33 -0.33 -0.27909091 -0.27909091 -0.27909091 -0.27909091 -0.27909005 -0.12181818 0.11795585 0.11818182 0.11818182 0.11818182 0.11818182 0.2097524 0.21090909 0.21090909 0.21090909 0.21090909 0.074545457 0.074545455 0.074545455 0.074545455 0.074545455 -0.54727273 -0.54727273 -0.54727273 -0.54727273 -0.54727359 -0.75818182 -0.75818182 -0.75818182 -0.36456609 -0.36454545 -0.36454545 -0.36454545 -0.42454545 -0.26727273 -0.26727273 -0.26727273 -0.26918632 -0.054909862 -0.0018181818 -0.0018181818 0.07 0.07 0.07 0.16636364 0.16636364 0.16636364 0.16090909 0.16090909 0.16090909 -0.068727141
-0.30272727 -0.30272749 -0.27909091 -0.27909091 -0.27909091 -0.27909091 -0.12181818 -0.12181818 -0.12181818 0.11818182 0.11818182 0.11818182 0.11818182 0.11821064 0.21090909 0.21090909 0.21090909 0.21090909 0.074547889 0.074545455 0.074545455 0.074545456 -0.43772531 -0.54727273 -0.54727273 -0.54727273 -0.54727273 -0.67090899 -0.67090909 -0.67090909 -0.75723044 -0.36454545 -0.36454545 -0.36454545 -0.36454527 -0.17545455 -0.26727273 -0.26727273 -0.26727273 -0.26727272 -0.0018181818 -0.0018181818 -0.0018181818 0.12181818 0.12181818 0.12181818 -0.067249974 0.16636364 0.16636364 0.16090909 0.16090909 0.16090909 -0.062726966
-0.30272727 -0.30272727 -0.27909091 -0.27909091 -0.27909091 -0.12181818 -0.12181818 -0.12181818 -0.12181818 0.091866301 0.11818182 0.11818182 0.11818182 0.11818266 0.3827075 0.38272727 0.38272727 0.38272727 0.11867597 0.15363636 0.15363636 0.15363636 0.15363636 -0.54727273 -0.54727273 -0.54727273 -0.54728088 -0.67090909 -0.67090909 -0.67090909 -0.67090909 -0.36455981 -0.25818729 -0.17545455 -0.17545455 -0.17545455 -0.26728939 -0.27181809 -0.27181818 -0.27181818 -0.0018879657 -0.090909088 -0.090909091 0.12181818 0.12181818 0.12181738 -0.067272727 -0.067272727 -0.010909091 -0.010909091 -0.010909091 -0.010909091 0.047272727
-0.30272727 -0.30272727 -0.16727273 -0.16727273 -0.16727273 -0.12181818 -0.12181818 -0.12181818 -0.12181818 -0.13272727 -0.13272727 -0.13272727 -0.13272727 -0.096401984 0.38272727 0.38272727 0.38272727 0.38272727 0.11727273 0.15363636 0.15363636 0.15363636 0.15363636 -0.34181818 -0.34181826 -0.54727242 -0.67090909 -0.67090909 -0.67090909 -0.67090909 -0.59726906 -0.52545455 -0.21709975 -0.17545455 -0.17545455 -0.17545455 -0.27181818 -0.27181818 -0.27181818 -0.27181818 -0.090909091 -0.090909091 -0.090909091 0.024509048 0.024545455 -0.066860011 -0.067272727 -0.067272727 -0.010908584 -0.010909091 -0.010909091 -0.010909091 0.047272727
-0.30272727 -0.16727273 -0.16727273 -0.16727273 -0.16727273 -0.16727273 -0.12086546 0.00090909091 0.00090909091 -0.13272727 -0.13272727 -0.13272727 -0.13272727 -0.1326052 0.38272727 0.38272727 0.38272727 0.37073319 0.11727273 0.11727273 0.15363636 0.15363636 -0.34181818 -0.34181818 -0.34181818 -0.34181818 -0.67090909 -0.67090909 -0.67090909 -0.67090909 -0.52545455 -0.52545455 -0.52545455 -0.17580872 -0.17545455 -0.17545455 -0.27181818 -0.27181818 -0.27181818 -0.27181818 -0.090909091 -0.090909091 -0.090909091 0.024545455 0.024545455 0.024552923 0.15636364 0.15636364 0.10363636 0.10363636 -0.010909091 -0.010909091 0.047272727
-0.16854481 -0.16727273 -0.16727273 -0.16727273 -0.16727273 -0.16727273 0.00090909091 0.00090909091 0.00090909091 -0.070618676 -0.13272727 -0.13272727 -0.13272727 -0.13271962 0.38272727 0.38272727 0.38272727 0.11727273 0.11727273 0.11727273 0.15363455 0.15363334 -0.34181818 -0.34181818 -0.34181818 -0.34181818 -0.6708857 -0.67090909 -0.67090909 -0.525488 -0.52545455 -0.52545455 -0.52545455 -0.52545455 -0.17665456 -0.42272727 -0.42272727 -0.42011553 -0.27181818 -0.27181818 -0.090909251 -0.090909091 0.02118859 0.024545455 0.024545455 0.15636359 0.15636364 0.15636364 0.10363636 0.10363636 0.33454545 0.33454545 0.32272727
-0.16727273 -0.16727273 -0.16727273 -0.16727273 -0.16727273 -0.16727273 0.00090909091 0.00090909091 0.00090909091 0.00090909001 0.14271934 0.14272727 0.14272727 0.14272727 0.38272642 0.24287057 0.16454545 0.16454545 0.11735987 0.11727273 0.11727273 -0.34181746 -0.34181818 -0.34181818 -0.34181818 -0.34181818 -0.34205745 -0.67090909 -0.67090412 -0.52545455 -0.52545455 -0.52545455 -0.52545455 -0.52545455 -0.42272727 -0.42272727 -0.42272727 -0.42272727 -0.42272727 -0.42272632 -0.24818182 -0.24818182 -0.24818173 0.0090909091 0.0090909091 0.0090909091 0.18 0.18 0.19181818 0.19181818 0.33454545 0.33454543 0.32272727
-0.16727273 -0.16727273 -0.16727273 -0.16727273 -0.16727273 -0.16727273 0.00090909091 0.00090909091 0.00090909091 0.14272727 0.14272727 0.14272727 0.14272727 0.14272727 0.14847849 0.16454545 0.16454545 0.16454545 0.16454545 0.16454545 0.16228834 -0.34181818 -0.34181818 -0.34181818 -0.34181818 -0.34490119 -0.43984615 -0.63946629 -0.52617185 -0.52545455 -0.52545455 -0.52545455 -0.52545455 -0.52545432 -0.42272727 -0.42272727 -0.42272727 -0.42272727 -0.42272727 -0.34152913 -0.24818182 -0.24818182 -0.24818182 0.0090909091 0.0090909091 0.0090909091 0.18 0.18 0.19181818 0.19181818 0.30909091 0.32197504 0.32272727
-0.16727273 -0.16727273 -0.16727273 -0.16727273 -0.16727273 -0.16727268 0.00090905214 0.00090909091 0.0067953359 0.14272727 0.14272727 0.14272727 0.14272727 0.14272727 0.14377381 0.16454545 0.16454545 0.16454545 0.16454545 0.16454545 0.16454545 -0.42309031 -0.43999986 -0.44 -0.44 -0.44 -0.44 -0.44 -0.73746276 -0.74181562 -0.74181818 -0.74181818 -0.74181818 -0.74181795 -0.42272727 -0.42272727 -0.42272727 -0.42272727 -0.42272727 -0.24818184 -0.24818182 -0.24818182 -0.24818182 -0.2481817 0.0089859709 -0.056363636 0.17999998 0.12282472 0.19175685 0.30909091 0.30909091 0.30818386 0.26545455
-0.16727273 -0.16727273 -0.16727273 -0.16727273 -0.16727273 -0.16726198 0.00090002003 0.00091767166 0.14272709 0.14272727 0.14272727 0.14272727 0.14272727 0.14272727 0.14314243 0.16454545 0.16454545 0.16454545 0.16454545 0.16454545 0.16454545 -0.44 -0.44 -0.44 -0.44 -0.44 -0.44 -0.44 -0.74173487 -0.74181818 -0.74181818 -0.74181818 -0.74181818 -0.74181818 -0.6543873 -0.42272727 -0.42272727 -0.42272727 -0.42272727 -0.24818182 -0.24818182 -0.24818182 -0.24818182 -0.24813268 -0.056363636 -0.056363636 -0.055246879 0.12181818 0.12181818 0.30909091 0.30909091 0.26545455 0.26545455
-0.16727273 -0.16727273 -0.16727273 -0.16727273 -0.16727273 -0.16704843 0.00071344224 0.12672402 0.14272727 0.14272727 0.14272727 0.14272727 0.14272727 0.14272727 0.14310924 0.16454545 0.16454545 0.16454545 0.16454545 0.16454545 0.078469167 -0.44 -0.44 -0.44 -0.44 -0.44 -0.44 -0.44 -0.74181697 -0.74181818 -0.74181818 -0.74181818 -0.74181818 -0.74181818 -0.74181818 -0.50299779 -0.62775793 -0.6959794 -0.70635334 -0.25776518 -0.24818182 -0.24818182 -0.24818182 -0.056378954 -0.056363636 -0.058621077 -0.4345428 0.12181818 0.12181818 0.092633299 0.092727273 0.092727273 0.26545447
-0.16727273 -0.16727273 -0.16727273 -0.16727273 -0.16727256 -0.16587009 0.011992004 0.14268828 0.14272727 0.14272727 0.14272727 0.14272727 0.14272727 0.14272727 0.14323676 0.16454545 0.16454545 0.16454545 0.16454545 0.16454545 -0.43999739 -0.44 -0.44 -0.44 -0.44 -0.44 -0.44 -0.44 -0.7418181 -0.74181818 -0.74181818 -0.74181818 -0.74181818 -0.74181818 -0.74181818 -0.71181818 -0.71181818 -0.71181818 -0.71181818 -0.39727273 -0.39727273 -0.39727273 -0.39727273 -0.43454436 -0.43454545 -0.43454545 -0.43454545 -0.43454425 -0.33818182 -0.33818182 0.092727273 0.092727273 -0.019195492
-0.16727273 -0.16727273 -0.16727273 -0.16727271 -0.16726803 -0.16264244 0.13270841 0.14272542 0.14272727 0.14272727 0.14272727 0.14272727 0.14272727 0.14272727 0.14346792 0.16454545 0.16454545 0.16454545 0.16454545 0.16090696 -0.44 -0.44 -0.44 -0.44 -0.44 -0.44 -0.44 -0.44 -0.74181811 -0.74181818 -0.74181818 -0.74181818 -0.74181818 -0.74181818 -0.71181821 -0.71181818 -0.71181818 -0.71181818 -0.71181818 -0.39727273 -0.39727273 -0.39727273 -0.39727273 -0.40733248 -0.43454545 -0.43454545 -0.43454545 -0.3381829 -0.33818182 -0.33818182 -0.07 -0.07 -0.07
-0.16727273 -0.16727273 -0.16727272 -0.16727235 -0.16722634 -0.14351658 0.14216532 0.14272681 0.14272727 0.14272727 0.14272727 0.14272727 0.14272727 0.14272727 0.14378104 0.16454494 0.16454545 0.16454545 0.16454476 -0.42775095 -0.44 -0.44 -0.44 -0.44 -0.44 -0.44 -0.44 -0.44 -0.7418179 -0.74181818 -0.74181818 -0.74181818 -0.74181818 -0.46164595 -0.71181807 -0.71181818 -0.71181818 -0.71181818 -0.71181818 -0.39727273 -0.39727273 -0.39727273 -0.39727273 -0.39727273 -0.43454545 -0.43454545 -0.43454545 -0.33818182 -0.33818182 -0.33818182 -0.07 -0.07 -0.07
-0.16727273 -0.16727272 -0.16727257 -0.16726819 -0.16695814 0.0067511673 0.14262482 0.14272699 0.14272727 0.14272727 0.14272727 0.14272727 0.14272727 0.14272731 0.14415333 0.16453749 0.16454545 0.16454543 0.16141543 -0.4399486 -0.44 -0.44 -0.44 -0.44 -0.44 -0.44 -0.44 -0.44000018 -0.74181629 -0.74181818 -0.74181791 -0.3927373 -0.35909091 -0.35909091 -0.35909091 -0.71181818 -0.71181818 -0.71181818 -0.71181818 -0.39727273 -0.39727273 -0.39727273 -0.39727273 -0.39727273 -0.43454479 -0.43454545 -0.43454541 -0.33818183 -0.33818182 -0.33818167 -0.07 -0.07 -0.07
