interpolatedSpi/02-10|23_3.tif
NCOLS 53
NROWS 52
XLLCORNER -116.03883
YLLCORNER 28.596182
DX 0.49850594
DY 0.49788537
NODATA_VALUE -9999
[rows 0 to 26 of 52, columns 0 to 52 of 53]
-0.025555556 -0.025555556 -0.2881434 -0.16777778 0.057777778 0.046666667 -0.063333333 0.14888889 -0.79750955 -0.58222222 -0.26888889 -0.46666667 -0.83441947 -0.53111111 -0.47777778 -0.47777778 -0.47777778 -0.80222222 -0.76555556 -0.76555556 -0.76555556 -0.76555156 -0.35111112 -1.02 -1.02 -1.02 -0.9533341 -0.95333333 -0.95333333 -1.52 -1.52 -1.52 -1.52 -1.9233333 -1.9233333 -1.9233333 -1.9233333 -1.9233333 -1.9233333 -1.9233333 0.35765334 0.38181652 -1.21 -1.21 -1.21 -1.21 -1.2092468 -0.74888889 -0.74888889 -0.74888889 0.039998362 0.04 0.04
-0.025584386 -0.67444444 -0.23222239 -0.24184521 -0.15447812 -0.37777778 -0.53111111 -0.6252015 -0.84666667 -0.71777778 -0.54555556 -0.83444444 -0.83444444 -0.90319958 -0.53111515 -0.47777778 -0.80222222 -0.80222222 -0.76560336 -0.76555556 -0.76555556 -0.76555556 -1.0337441 -1.02 -1.02 -1.02 -0.84444446 -0.84444444 -1.52 -1.52 -1.52 -1.52 -1.52 -1.9233333 -1.9233333 -1.9233333 -1.9233333 -1.9233333 -1.9233333 -1.6932179 -0.49898805 -1.1237128 -1.21 -1.21 -1.21 -1.21 -1.21 -0.74888889 -0.74888889 -0.74888889 -0.68347347 0.04 0.04
0.37886278 0.37888889 -0.37777778 -0.31666667 -0.54555556 0.057777778 -0.50444444 0.085555556 -0.88555556 -1.0088889 -0.91666667 -0.75333333 -1.1477778 -1.0655556 -0.90444444 -1.6933333 -0.80222222 -0.80222222 -0.80222222 -0.56005976 -0.56 -0.56 -1.2811111 -1.02 -1.02 -1.02 -0.84444444 -0.84444444 -0.84444444 -1.52 -1.52 -1.52 -1.5242791 -1.921391 -1.9158664 -1.1284623 -1.1211111 -1.1211111 -1.042852 -0.49888889 -0.49888889 -0.49979822 -1.21 -1.21 -1.21 -1.21 -1.21 -0.74888889 -0.74888889 -0.74888889 -0.74888889 0.04 0.04
0.60555556 0.37888874 -0.34017906 -0.23666667 -1.1644444 -0.8 -0.64555556 -1.0244444 -0.59666667 -0.93266189 -1.1622222 -1.2522222 -1.1633333 -1.0655556 -1.34 -1.6933333 -1.1078474 -1.1031224 -0.93111111 -0.56 -0.56 -1.1222222 -1.2811111 -1.2811111 -1.02 -1.0199991 -0.84444444 -0.84444444 -0.84444444 -1.2366667 -1.3970025 -1.5288889 -1.5288889 -1.5288886 -1.1211111 -1.1211111 -1.1211111 -1.1211111 -0.49888889 -0.49888889 -0.49888889 -0.49888892 -1.21 -1.21 -1.21 -1.21 -1.21 -0.74889471 -0.74888889 -0.74888889 -0.74888889 0.039940371 0.039999999
0.60555556 -0.061111623 -0.34 -1.032249 -1.1644444 -1.3455556 -1.3189222 -1.7733333 -1.8711111 -1.2166669 -1.3462056 -1.3999016 -0.71333333 -1.34 -1.34 -1.567145 -1.1033333 -1.1033333 -0.93111111 -0.93111111 -0.56000112 -1.1222222 -0.94333333 -0.28444444 -0.76111111 -0.761068 -0.84444444 -0.84444444 -1.2366667 -1.2366667 -1.5288889 -1.5288889 -1.5288889 -1.4681263 -1.1211111 -1.1211111 -1.1211111 -0.49888889 -0.49888889 -0.49888889 -0.49888889 -0.49895195 -1.21 -1.21 -1.21 -1.21 -1.21 -1.2058955 -0.74888889 -0.74893537 -1.7855556 -1.7855556 -1.7855556
-1.2877778 -0.65222222 -0.59444442 -0.69222222 -0.77333333 -1.3644444 -1.8055556 -1.8014302 -1.4755556 -1.8277778 -1.8666667 -1.4377778 -1.4377773 -1.4266667 -1.4266667 -0.7888288 -0.78888889 -1.15 -1.15 -0.9311108 -1.0666667 -1.0666667 -0.28444444 -0.76111111 -0.76111111 -0.57666667 -1.3177778 -1.3177778 -0.94224986 -1.2366667 -1.5288889 -1.5288889 -1.2066667 -1.2066373 -0.9255757 -0.92888889 -0.92888889 -0.6319192 -0.49888889 -0.49888889 -1.1514074 -1.1522222 -1.1522207 -1.1183143 -1.116677 -1.1166667 -1.1166667 -1.1166667 -1.632771 -1.7855556 -1.7855556 -1.7855556 -1.7855556
-0.25000518 -0.39888889 -0.34309212 -0.66888889 -0.76111111 -1.5488889 -1.2877778 -1.6133333 -1.9911111 -1.9911111 -1.8666667 -1.8266667 -1.6699999 -1.4266667 -0.54000266 -0.54 -0.78888889 -0.42555556 -0.57444444 -0.57444444 -0.84988482 -0.60666667 -0.60666667 -0.64555556 -0.57666667 -0.57666667 -1.3177778 -1.3177778 -0.94226127 -0.94294108 -0.84016531 -1.2066667 -1.2066667 -0.92555556 -0.92555556 -1.0735211 -0.92888889 -0.92888889 -1.2588775 -1.1522224 -1.1522222 -1.1522222 -1.1522144 -1.1166678 -1.1166667 -1.1166667 -1.1166667 -1.116667 -1.6377778 -1.7855263 -1.7855556 -1.7855556 -1.7855556
-0.25 -0.98777778 -0.43333333 -1.2355556 -0.71336327 -1.3388889 -1.8122222 -1.9211111 -1.5788889 -1.8877778 -1.8877778 -1.2411111 -1.67 -1.67 -0.54775285 -0.8172749 -0.84444444 -0.42777778 -0.48444454 -0.57444444 -0.5117339 -0.42777778 -1.1533333 -0.21555556 -0.21556845 -1.2155556 -0.87555556 -0.87555571 -1.6098744 -1.6122222 -0.83777778 -1.0685077 -0.99555556 -0.92555556 -0.93167177 -1.1944444 -1.1944444 -1.2588889 -1.2588889 -1.1522222 -1.1522222 -1.1522222 -1.313192 -1.3166667 -1.1166667 -1.1166667 -1.1166667 -1.6377579 -1.6377778 -1.6377778 -1.7855556 -1.7855556 -1.7855556
-1.0218295 -0.98777777 -0.14888889 -1.16 -0.85555556 -1.6866667 -1.1688889 -0.80777778 -1.5533333 -0.89943449 -0.55555556 -1.3622222 -1.3622222 -0.73555556 -0.73555539 -0.89098105 -0.89111111 -0.89111111 -0.43642804 -1.3833333 -1.4166667 -1.4166667 -1.41 -1.2544814 -1.114782 -1.2155556 -1.0188889 -0.87555556 -0.92195104 -0.92222222 -1.0888889 -1.1611111 -0.98986875 -1.3911111 -1.14 -1.3722222 -1.2566667 -1.0122222 -0.83896893 -1.149415 -0.52333333 -0.78111111 -1.3165782 -1.3166667 -1.315541 -1.1166667 -1.6188889 -1.6377778 -1.6377778 -1.6377778 -1.6377778 -1.6418186 -0.13
-1.2122222 -1.2122222 -0.20555556 -0.53 -1.1922222 -0.82666667 -0.92444444 -1.4411111 -0.95888889 -0.73337011 -1.18 -0.38777778 -0.73555556 -0.73555556 -0.71777778 -0.72015512 -0.89111111 -0.89100763 -0.41333333 -1.3833333 -1.3833333 -1.3876278 -1.41 -1.262225 -1.2622222 -1.2622222 -1.0188889 -0.67777778 -0.67777778 -0.92222222 -0.92222222 -1.1604663 -0.82111111 -1.3911111 -1.0711111 -1.3722222 -1.2566667 -1.5955556 -0.83888889 -0.52298202 -0.7811111 -0.77825403 -0.77333333 -1.3166667 -1.3166667 -1.6188889 -1.6188889 -1.6188889 -1.6377778 -1.6377778 -0.63111111 -0.63111111 -0.63111092
-1.2122222 -1.2122222 -0.9 -1.2211111 -1.0555556 -0.45888889 -1.4855556 -0.67327356 -0.61666667 -0.70666667 -0.49222222 -0.24888889 -0.38759339 -0.71777778 -0.71777778 -0.71776945 -0.64555556 -0.63336744 -0.41333333 -0.48222222 -0.48222222 -0.48666667 -0.48666667 -1.2622222 -1.2622222 -1.2622222 -0.67777778 -0.67777778 -0.67777778 -0.94444444 -0.94444444 -0.94444424 -1.0222222 -1.0222222 -1.7477778 -1.3866667 -0.75 -1.0077832 -0.88777778 -0.51777778 -0.51777778 -0.99888815 -0.77333333 -1.3166667 -0.47777816 -0.77111111 -0.63315259 -0.62888889 -0.72222222 -0.72222222 -0.63111111 -0.63111111 -0.63111111
-1.2122222 -1.0774869 -1.0370296 -1.1999859 -0.58 -0.92333333 -1.4855556 -0.67222222 -0.61666713 -0.70566958 -0.24888948 -0.24888889 -0.047777778 -0.71777778 -0.71777778 -0.64555556 -0.64555556 -0.64554234 -0.41333333 -0.48222222 -0.48309502 -0.48666667 -0.48666667 -1.2621904 -1.2622222 -0.97696669 -0.39444444 -0.39444444 -0.39444448 -0.94444444 -0.94444444 -0.32555556 -0.32555556 -1.0222242 -1.7477778 -0.63888937 -0.89271485 -1.0077778 -1.0077778 -0.51777779 -0.99888889 -0.99888889 -0.99888508 -0.47777778 -0.47777778 -0.77111111 -0.62888889 -0.62888889 -0.72222222 -0.72222222 -0.63111111 -0.63111111 -0.63111111
-0.61222222 -0.60921634 -0.58002349 -0.58448308 -0.58000187 -0.92332523 -1.4855555 -0.68223388 -0.62049501 -0.61901681 -0.047777778 -0.047777778 -0.047777778 -0.047777778 -0.71768287 -0.64555556 -0.64555556 -0.6425572 -0.41333333 -0.48205303 0.10111111 0.10111111 0.10111111 0.10111111 -1.2384301 -0.39444444 -0.39444444 -0.39444444 -0.39444444 -0.39461929 -0.32555556 -0.32555556 -0.32555556 -0.32555556 -0.63888889 -0.63888889 -0.63888889 -0.99072871 -1.0053577 -0.68555556 -0.68555556 -0.99887204 -0.62221728 -0.47779169 -0.47777778 -0.77111111 -0.62888889 -0.62888889 -0.72222222 -0.72222222 -0.63144165 -0.63111111 -0.90165654
-0.61222222 -0.58 -0.58 -0.58 -0.58 -0.58000014 -1.4841163 -1.1007093 -0.63070871 -0.048392602 -0.047777778 -0.047777778 -0.047777778 -0.047777778 -0.047777381 -0.64555556 -0.64555552 -0.6296267 -0.4133349 0.10111111 0.10111111 0.10111111 0.10111111 0.10111111 0.11119701 0.0072622587 0.13333322 0.13333333 0.13333333 0.13333333 -0.32555554 -0.32555556 -0.32555475 0.34666667 0.34666667 -0.63888889 0.040565104 0.06 -0.68555512 -0.68555556 -0.68555556 -0.68555556 -0.62222222 -0.62222222 -0.62222222 -0.62325835 -0.047172703 -0.043333333 -0.043333333 -0.043333333 -0.043333346 -0.4055556 -0.40555556
-0.82 -0.58 -0.58 -0.58 -0.58 -0.58 -0.58000006 -0.74899066 0.50725805 0.51333333 0.51333333 0.51333333 0.51333333 0.51333333 0.51333333 0.79296346 -0.62261227 -0.61375624 0.10104635 0.10111111 0.10111111 0.10111111 0.10111111 0.10111168 0.56777778 0.56777778 0.56777717 0.13333333 0.13333333 0.13459932 0.76555556 0.76555556 0.34666667 0.34666667 0.34666667 0.10592113 0.06 0.06 0.06 -0.68555556 -0.68555556 -0.68555556 -0.62222222 -0.62222222 -0.62222222 -0.62222222 -0.043333335 -0.043333333 -0.043333333 -0.043333333 -0.043333333 -0.40555556 -0.40555556
-0.82 -0.73065073 -0.58 -0.58 -0.58 -0.58 0.61198823 0.61222222 0.61222222 0.51333333 0.51333333 0.51333333 0.51333333 0.51333333 0.57632889 0.79888889 0.79888889 0.79888889 0.59072718 0.59222172 0.59222222 0.59222222 0.59222222 0.59222222 0.56777778 0.56777778 0.56777778 0.56777778 0.13333333 0.76555556 0.76555556 0.76555556 0.3466667 0.34666667 0.34666667 0.61111111 0.060729688 0.06 0.06 -0.68550682 -0.58882369 -0.36318859 -0.62222222 -0.62222222 -0.13705744 -0.13555556 -0.13555556 -0.043273623 -0.0067948001 -0.0066666699 -0.0066666736 0.054374803 -0.40555462
-0.82 0.010415288 -0.2696251 -0.58 -0.58 0.6115178 0.61222222 0.61222222 0.61222222 0.6115096 0.51333333 0.51333333 0.51333333 0.51333337 0.79888889 0.79888889 0.79888889 0.79888889 0.59240683 0.59222222 0.59222222 0.59222222 0.59222222 0.59222222 0.56777778 0.56777778 0.56777778 0.56777778 0.56849716 0.76555556 0.76555556 0.76555556 0.85 0.34670572 0.61111111 0.61111111 0.61111111 0.6098609 -0.33546568 -0.36222222 -0.36222222 -0.36222222 -0.42666667 -0.42666667 -0.13555556 -0.13555556 -0.13555556 -0.0066666682 -0.0066666667 -0.0066666667 -0.0066666667 0.054444444 0.054444444
0.032914742 0.033333333 0.033333333 0.033333341 0.85222222 0.61222841 0.61222222 0.61222222 0.61222222 0.61222222 0.50828616 0.51333246 0.51333333 0.79888889 0.79888889 0.79888889 0.79888889 0.79888889 0.80078415 0.59222222 0.59222222 0.59222222 0.59222222 0.59222222 0.66586085 0.80333206 0.80333333 0.80333333 0.80333333 0.76555556 0.85 0.85 0.85 0.85 0.61111111 0.61110821 0.50111111 0.50111111 -0.35144222 -0.36222222 -0.36222222 -0.36222222 -0.42666667 -0.42666667 -0.18062958 -0.13555556 -0.13555556 -0.0066666667 -0.0066666667 -0.0066666667 -0.0060113967 0.054444444 0.054444444
0.033333333 0.033333333 0.033333333 0.41896033 0.85222222 0.85222222 0.61222222 0.61222222 0.61222222 0.61222222 0.44666667 0.44666667 0.44666667 0.79888889 0.79888889 0.79888889 0.79888889 0.798928 1.0855556 1.0855556 0.59222242 0.59222222 0.59849803 0.85 0.84957988 0.80333333 0.80333333 0.80333333 0.80333333 0.84999525 0.85 0.85 0.85 0.85 0.5011115 0.50111111 0.50111111 0.50111111 0.49805155 -0.36222222 -0.36222222 -0.36222222 -0.42666667 -0.42666667 -0.42666667 -0.13555556 -0.13555556 -0.0066666682 -0.0066666667 -0.0066666662 0.054444444 0.054444444 0.054444444
0.033333333 0.033333333 0.033333333 0.85222222 0.85222222 0.85222222 0.85222186 0.61222222 0.61222222 0.44683757 0.44666667 0.44666667 0.44666667 0.44688612 0.99045219 1.0355556 1.0355556 1.0355556 1.0855556 1.0855556 1.0855556 0.85 0.85 0.85 0.84997883 0.78818041 0.80333333 0.80333333 0.80333333 0.62667206 0.57669355 0.57666667 0.57666667 0.57666667 0.33419618 0.098889802 0.098888889 0.098888889 0.098888889 -0.16224959 -0.16222222 -0.16222222 -0.42666667 -0.42666667 -0.024446124 -0.024444435 0.0022222222 0.0022222222 0.18444444 0.18444444 0.18444444 0.054444444 0.0044891505
0.033334478 0.033333333 0.033333363 0.85222222 0.85222222 0.85222222 0.85222222 0.53444447 0.61191124 0.44673014 0.44666667 0.44666667 0.44666667 0.44782223 1.0355556 1.0355556 1.0355556 1.0355556 1.0855556 1.0855556 1.0855556 0.85 0.85 0.85 0.77444444 0.77444444 0.96333333 0.96333333 0.96333333 0.96122395 0.57666667 0.57666667 0.57666667 0.57666667 0.33790895 0.098888889 0.098888889 0.098888889 0.098888889 -0.16222222 -0.16222222 -0.16222222 -0.15788721 -0.024444444 -0.024444444 -0.024444444 0.0022222222 0.0022222222 0.18444444 0.18444444 0.18444444 0.0044444505 0.0044444444
0.40222222 0.23495477 0.30111111 0.301271 0.85222222 0.5362831 0.53444444 0.53444444 0.64497263 0.51666667 0.51666667 0.51666667 0.51666667 1.263309 1.2633333 1.0355557 1.0355556 1.036873 1.0855556 1.0855556 1.0855556 0.77555556 0.77555556 0.77555556 0.77444444 0.77444444 0.96333333 0.96333333 0.96333333 0.96333326 0.8588871 0.8588881 0.5837599 0.57696923 0.07834803 0.077777778 0.077777778 0.077777778 0.077777778 -0.16222222 -0.16222222 -0.16222222 -0.032030744 -0.024444444 -0.024444444 -0.02444451 0.0022222222 0.0022222222 0.0022287816 0.18444444 0.18442343 -0.28555556 0.0044444444
0.47220893 0.47222219 0.30111111 0.30111111 0.30111111 0.53444444 0.53444444 0.53444444 0.83777778 0.83777778 0.51666667 0.51666667 0.51666667 1.2633333 1.2633333 1.2633333 1.2633333 1.2633127 1.0855556 1.0855556 1.0855555 0.77555556 0.77555556 0.77555556 0.77444444 0.77444444 0.96333333 0.96333333 0.96333333 0.86006651 0.85888889 0.85888889 0.85888889 0.85888889 0.078163209 0.077777778 0.077777778 0.077777778 0.077777778 0.099999932 0.1 0.1 0.1 -0.024447292 -0.39555556 -0.39555556 -0.39555556 -0.61777778 -0.61777778 -0.61777778 -0.28555556 -0.28555556 -0.28555556
0.47222222 0.47222222 0.30111111 0.30111111 0.30111111 0.533218 0.53444444 0.83777778 0.83777778 0.83777778 0.5167062 0.51666667 0.8235424 1.2633332 1.2633333 1.2633333 1.2633333 0.93333333 0.93333333 0.93333333 0.78333333 0.78333333 0.77555559 0.77555556 0.7756422 0.92222222 0.92222222 0.92222232 0.96332669 0.64337629 0.64333448 0.64337097 0.85852048 0.85870287 0.21675531 0.0777777 0.077103809 -0.12333333 -0.12333333 0.1 0.1 0.1 0.1 -0.39555556 -0.39555556 -0.39555556 -0.39555556 -0.61777778 -0.61777778 -0.61777778 -0.28555556 -0.28555556 -0.28555556
0.47222222 0.47222222 0.30111111 0.30111111 0.30111111 0.30111111 0.64797325 0.83777778 0.83777778 0.83777778 0.83780785 0.89222222 0.89222222 0.89222222 1.2611463 1.2633333 0.93553237 0.93333333 0.93333333 0.93333333 0.78333333 0.78333333 0.78333333 0.78333333 0.92222222 0.92222222 0.92222222 0.92222222 0.92222222 0.64333333 0.64333333 0.64333333 0.64333333 0.64333206 0.04 -0.12333333 -0.12333333 -0.12333333 -0.12333333 -0.12333392 -0.34444444 -0.34444444 -0.34444444 -0.36613862 -0.41111111 -0.41111111 -0.41111111 -0.61777777 -0.61777796 -0.80666667 -0.80666667 -0.12448364 -0.12444444
0.47222222 0.47222222 0.36287021 0.30111111 0.30111111 0.30111112 0.83666864 0.83777428 0.83777778 0.83777778 0.8922222 0.89222222 0.89222222 0.89222222 0.89222222 0.92264712 0.93333333 0.93333333 0.93333333 0.93333333 0.78333449 0.78333333 0.78333333 0.78333333 0.92222222 0.92222222 0.92222222 0.92222222 0.92222222 0.46598379 0.64333333 0.64333333 0.64333333 0.04 0.04 0.039873168 -0.12333333 -0.12333333 -0.4184794 -0.64777773 -0.34444444 -0.34444444 -0.34444444 -0.3663065 -0.41111111 -0.41111111 -0.41111111 -0.5 -0.80284563 -0.80666667 -0.80666667 -0.12444444 -0.12444444
0.89777778 0.89777778 0.89777778 0.45071185 0.30173592 0.83666667 0.83666667 0.83666667 0.83666667 0.77333333 0.77333333 0.89222221 0.89222222 0.89222222 0.89222222 0.8922248 0.93333333 0.93333333 0.93333333 0.93333333 0.84878847 0.78333333 0.78333333 0.7908646 1.0644813 0.92222222 0.92222222 0.92222222 0.40333333 0.40333333 0.40333333 0.40333434 0.04 0.04 0.04 0.04 -0.64777778 -0.64777778 -0.64777778 -0.64777778 -0.33444444 -0.33444444 -0.33444444 -0.5366626 -0.53666667 -0.53666667 -0.53666663 -0.5 -0.5 -0.80629301 -0.80666667 -0.12444556 -0.12444444
