interpolatedSpi/02-12|19_1.tif
NCOLS 53
NROWS 52
XLLCORNER -116.03883
YLLCORNER 28.596182
DX 0.49850594
DY 0.49788537
NODATA_VALUE -9999
[rows 0 to 29 of 52, columns 0 to 52 of 53]
0.30083333 0.30083333 0.082356836 -0.040833333 -0.044166667 -0.14583333 -0.065833333 -0.23166667 -0.36784259 -0.375 -0.35333333 -0.225 -0.42165823 -0.31916667 -0.395 -0.395 -0.395 0.010833333 -0.081666667 -0.081666667 -0.081666667 -0.081670937 -0.525 -0.2625 -0.2625 -0.2625 -0.42749904 -0.4275 -0.4275 -0.46 -0.46 -0.46 -0.46 -0.67749996 -0.6775 -0.6775 -0.6775 -0.6775 -0.6775 -0.67749998 -0.026181759 -0.019269185 -0.42166667 -0.42166667 -0.42166667 -0.42166667 -0.42245884 -0.90666667 -0.90666667 -0.90666667 -0.12750162 -0.1275 -0.1275
0.30082937 0.21166667 0.05166714 0.066635764 0.10896004 0.1125 0.28916667 -0.15495136 -0.43416667 -0.43416667 -0.26833333 -0.42166667 -0.42166667 0.02800516 -0.31916313 -0.395 0.010833333 0.010833333 -0.081546059 -0.081666667 -0.081666667 -0.081666667 -0.27719452 -0.2625 -0.2625 -0.2625 -0.26666667 -0.26666667 -0.46 -0.46 -0.46 -0.46 -0.46 -0.67749997 -0.6775 -0.6775 -0.6775 -0.6775 -0.67749993 -0.54045816 0.11747777 -0.35624299 -0.42166667 -0.42166667 -0.42166667 -0.42166667 -0.42166667 -0.90666667 -0.90666667 -0.90666667 -0.84205742 -0.1275 -0.1275
0.4083272 0.40833333 0.46166667 0.50583333 0.0275 -0.12333333 0.0041666667 0.023333333 -0.27416667 -0.27666667 -0.13166667 -0.37166667 -0.13583333 -0.17083333 0.029166667 -0.63583333 0.010833333 0.010833333 0.010833333 -0.18580305 -0.18583333 -0.18583333 -0.54166667 -0.2625 -0.2625 -0.2625 -0.26666667 -0.26666667 -0.26666667 -0.46 -0.46 -0.46000001 -0.54424501 -0.67550166 -0.66837829 0.2935198 0.3025 0.3025 0.27923188 0.1175 0.1175 0.11681054 -0.42166667 -0.42166667 -0.42166667 -0.42166667 -0.42166667 -0.90666667 -0.90666667 -0.90666667 -0.90666667 -0.1275 -0.1275
0.38833333 0.40833322 -0.15169564 0.34333333 -0.14583333 0.0016666667 -0.10916667 -0.39833333 -0.31583333 -0.1304578 -0.3675 -0.535 -0.30916667 -0.17083333 -0.30583333 -0.63583333 -0.37782258 -0.37556241 -0.5 -0.18583333 -0.18583333 -0.5125 -0.54166667 -0.54166667 -0.2625 -0.26250002 -0.26666667 -0.26666667 -0.26666667 -0.68 -0.6553095 -0.635 -0.635 -0.63499926 0.3025 0.3025 0.3025 0.3025 0.1175 0.1175 0.1175 0.11749998 -0.42166667 -0.42166667 -0.42166667 -0.42166667 -0.42166667 -0.90666055 -0.90666667 -0.90666667 -0.90666667 -0.127507 -0.1275
0.38833333 0.14583279 -0.15166667 -0.35789715 -0.14583333 -0.2875 -0.40331697 -0.39416667 -0.345 -0.36000008 -0.42545135 -0.45581328 -0.31583333 -0.30583333 -0.30583333 -0.5225508 -0.37583333 -0.37583333 -0.5 -0.5 -0.185834 -0.5125 -0.61333333 -0.4875 -0.40083333 -0.40080855 -0.26666667 -0.26666667 -0.68 -0.68 -0.635 -0.635 -0.635 -0.60152827 0.3025 0.3025 0.3025 0.1175 0.1175 0.1175 0.1175 0.11749485 -0.42166666 -0.42166667 -0.42166667 -0.42166667 -0.42166667 -0.42598377 -0.90666667 -0.90664133 -0.34166667 -0.34166667 -0.34166667
-0.98583333 0.115 0.32333334 -0.22666667 -0.0125 -0.0525 -0.34333333 -0.34984146 -0.44916667 -0.38833333 -0.465 -0.46333333 -0.46333324 -0.705 -0.705 -0.31911677 -0.31916667 -0.31916667 -0.31916667 -0.49999982 -0.6075 -0.6075 -0.4875 -0.40083333 -0.40083333 -0.295 -0.84166667 -0.84166667 -0.3858601 -0.68 -0.635 -0.635 -0.4575 -0.45750723 -0.5266617 -0.5075 -0.5075 -0.075858017 0.1175 0.1175 0.064233185 0.064166668 0.064167526 -0.016448421 -0.0092122565 -0.0091667766 -0.0091666807 -0.0091668222 -0.10896135 -0.34166667 -0.34166667 -0.34166667 -0.34166667
-0.45916868 0.20833333 -0.072006994 0.17166667 0.36416667 -0.34666667 -0.3475 -0.39416667 -0.55 -0.55 -0.465 -0.39916667 -0.51249993 -0.705 -0.11250178 -0.1125 -0.31916667 -0.2375 -0.29166667 -0.29166667 -0.53838115 -0.46083333 -0.46083333 -0.24166667 -0.295 -0.295 -0.84166667 -0.84166667 -0.38583557 -0.38587446 -0.25053748 -0.4575 -0.4575 -0.52666667 -0.52666667 -0.34683119 -0.5075 -0.5075 -0.58083079 0.064165769 0.064166667 0.064166667 0.064171623 -0.009165384 -0.0091666667 -0.0091666667 -0.0091666667 -0.0091666861 -0.041666667 -0.34160721 -0.34166667 -0.34166667 -0.34166667
-0.45916667 -0.745 0.20416667 -0.3075 -0.12251061 -0.3675 -0.4175 -0.45833333 -0.56833333 -0.315 -0.315 -0.25333333 -0.5125 -0.5125 -0.11524437 -0.23241633 -0.24416667 -0.033333333 -0.42499986 -0.29166667 -0.12057191 -0.093333333 -0.36916667 -0.32333333 -0.32333429 -0.3975 -0.23083333 -0.23083355 -0.42403234 -0.42416666 -0.25 -0.16838174 -0.3475 -0.52666667 -0.51483037 -0.2125 -0.2125 -0.58083333 -0.58083333 0.064166667 0.064166667 0.064166674 0.2209269 0.22083332 -0.0091666667 -0.0091666667 -0.0091666667 -0.04166543 -0.041666667 -0.041666667 -0.34166667 -0.34166667 -0.34166667
-0.68444021 -0.74499999 -0.1125 0.3725 0.15166667 -0.33166667 -0.26 -0.031666667 -0.39 -0.079663863 -0.235 -0.25083333 -0.25083333 -0.125 -0.1249968 -0.54416155 -0.545 -0.545 -0.093121856 -0.094166734 -0.41416667 -0.41416666 -0.21 -0.3064417 -0.39002596 -0.3975 -0.24083333 -0.23083333 -0.26231598 -0.2625 -0.11833333 0.065833333 0.012948249 -0.14416667 -0.11166667 -0.17333333 -0.17166667 -0.31333333 0.019013131 0.065769905 0.42333333 0.25583333 0.22084256 0.22083333 0.21953877 -0.0091666667 -0.094166662 -0.041666667 -0.041666667 -0.041666667 -0.041666666 -0.26955611 -0.065
-0.34583333 -0.34583333 -0.35833333 -0.0066666667 -0.18416667 -0.47833333 -0.175 -0.14 0.0925 -0.00083024585 -0.0066666667 -0.10666667 -0.125 -0.125 0.215 0.20457626 -0.545 -0.54487181 -0.010833333 -0.094166667 -0.094166667 -0.13539339 -0.21 -0.41499612 -0.415 -0.415 -0.24083333 0.24083333 0.24083333 -0.2625 -0.2625 0.065634189 -0.039166667 -0.14416667 -0.065833333 -0.17333333 -0.17166667 -0.48 0.019166667 0.62010024 0.25583334 0.26379235 0.2775 0.22083333 0.22083333 -0.094166667 -0.094166667 -0.094166667 -0.041666667 -0.041666667 0.2375 0.2375 0.23749989
-0.34583333 -0.34583333 -0.50166667 -0.825 -0.51166667 -0.091666667 -0.28333333 -0.034396899 -0.18 -0.0875 0.16416667 -0.105 -0.10666447 0.215 0.215 0.2150074 0.27916667 0.26394611 -0.010833333 0.22833333 0.22833333 0.3025 0.3025 -0.415 -0.415 -0.415 0.24083333 0.24083333 0.24083333 -0.12083333 -0.12083333 -0.1208332 -0.0125 -0.0125 -0.33916667 -0.19666667 0.17583333 -0.28916579 -0.019166667 0.63 0.63 0.27166669 0.2775 0.22083333 0.41916657 0.33833333 0.40865842 0.41083333 0.64166667 0.64166667 0.2375 0.2375 0.2375
-0.34583333 -0.41323001 -0.63964453 -0.79082706 -0.3475 -0.34416667 -0.28333333 -0.034166667 -0.17999878 -0.088524788 -0.10499998 -0.105 0.35 0.215 0.215 0.27916666 0.27916667 0.27915016 -0.010833333 0.22833333 0.24289816 0.3025 0.3025 -0.41497093 -0.415 -0.20133228 0.235 0.235 0.235 -0.12083333 -0.12083333 0.11166667 0.11166667 -0.012500896 -0.33916667 0.43583305 0.11783889 -0.28916667 -0.28916667 0.62999999 0.27166667 0.27166667 0.27166773 0.41916667 0.41916667 0.33833333 0.41083333 0.41083333 0.64166667 0.64166667 0.2375 0.2375 0.2375
-0.34166667 -0.18945908 -0.15835778 -0.16291054 -0.34750006 -0.34416675 -0.28333334 -0.037233768 -0.16995059 -0.17758458 0.35 0.35 0.35 0.35 0.21501912 0.27916667 0.27916667 0.2754223 -0.010833333 0.22840897 0.495 0.495 0.495 0.495 -0.39905929 0.235 0.235 0.235 0.235 0.23482079 0.11166667 0.11166667 0.11166667 0.11166667 0.43583333 0.43583333 0.43583333 -0.25408895 -0.28143081 0.74083333 0.74083333 0.2716919 0.52332977 0.4191767 0.41916667 0.33833333 0.41083333 0.41083333 0.64166667 0.64166667 0.23896627 0.2375 -0.029168321
-0.34166667 -0.15833333 -0.15833333 -0.15833333 -0.15833333 -0.15833341 -0.28348904 -0.16545586 -0.1431397 0.34943154 0.35 0.35 0.35 0.35 0.35000004 0.27916667 0.27916662 0.25927465 -0.010827655 0.495 0.495 0.495 0.495 0.495 0.49649413 0.32659882 0.33749998 0.3375 0.3375 0.3375 0.11166668 0.11166667 0.11166736 0.68833333 0.68833333 0.43583333 0.79311379 0.80333333 0.74083337 0.74083333 0.74083333 0.74083333 0.52333333 0.52333333 0.52333333 0.5220459 0.38763676 0.3875 0.3875 0.3875 0.3875 0.7099999 0.71
0.024166666 -0.15833333 -0.15833333 -0.15833333 -0.15833333 -0.15833333 -0.15833334 -0.14284605 0.40285504 0.40583333 0.40583333 0.40583333 0.40583333 0.40583333 0.40583333 0.42541283 0.2814684 0.23945603 0.4949365 0.495 0.495 0.495 0.495 0.4950002 0.56416667 0.56416667 0.56416635 0.3375 0.3375 0.33832434 0.74916667 0.74916667 0.68833333 0.68833333 0.68833333 0.78491163 0.80333333 0.80333333 0.80333333 0.74083333 0.74083333 0.74083333 0.52333333 0.52333333 0.52333333 0.52333333 0.3875 0.3875 0.3875 0.3875 0.3875 0.71 0.71
0.024166667 -0.04377601 -0.15833333 -0.15833333 -0.15833333 -0.15833333 0.062456658 0.0625 0.062500008 0.40583333 0.40583333 0.40583333 0.40583333 0.40583333 0.41024547 0.42583333 0.42583333 0.42583333 0.66780517 0.66833316 0.66833333 0.66833333 0.66833333 0.66833333 0.56416667 0.56416667 0.56416667 0.56416667 0.3375 0.74916667 0.74916667 0.74916667 0.68833334 0.68833333 0.68833333 0.90166667 0.80346353 0.80333333 0.80333333 0.74082188 0.71789691 0.66439581 0.52333333 0.52333333 0.65376291 0.65416667 0.65416667 0.38785974 0.60507036 0.60583331 0.60583329 0.76999088 0.71000012
0.024166667 -0.11126225 -0.13640467 -0.15833333 -0.15833333 0.062369521 0.0625 0.0625 0.0625 0.064974158 0.40583333 0.40583333 0.40583333 0.40583334 0.42583333 0.42583333 0.42583333 0.42583333 0.66811671 0.66833333 0.66833333 0.66833333 0.66833333 0.66833333 0.56416667 0.56416667 0.56416667 0.56416667 0.56483958 0.74916667 0.74916667 0.74916667 1.0358333 0.68836342 0.90166667 0.90166667 0.90166667 0.90199828 0.67298525 0.66416667 0.66416667 0.66416667 0.6875 0.6875 0.65416667 0.65416667 0.65416667 0.60583333 0.60583333 0.60583333 0.60583333 0.77 0.77
-0.11481908 -0.115 -0.115 -0.115 -0.0066666667 0.062498216 0.0625 0.0625 0.0625 0.0625 0.39024993 0.40583065 0.40583333 0.42583333 0.42583333 0.42583333 0.42583333 0.42583333 0.43984637 0.66833333 0.66833333 0.66833333 0.66833333 0.66833333 0.73515812 0.92249806 0.9225 0.9225 0.9225 0.74916668 1.0358333 1.0358333 1.0358333 1.0358333 0.90166667 0.90166748 0.9325 0.9325 0.66751721 0.66416667 0.66416667 0.66416667 0.6875 0.6875 0.65932781 0.65416667 0.65416667 0.60583333 0.60583333 0.60583333 0.60759363 0.77 0.77
-0.115 -0.115 -0.115 -0.063984217 -0.0066666667 -0.0066666667 0.0625 0.0625 0.0625 0.0625 0.2 0.2 0.2 0.42583333 0.42583333 0.42583333 0.42583333 0.42581433 0.34666667 0.34666667 0.6683332 0.66833333 0.66715662 0.62 0.62272328 0.9225 0.9225 0.9225 0.9225 1.0358218 1.0358333 1.0358333 1.0358333 1.0358333 0.93249989 0.9325 0.9325 0.9325 0.9315675 0.66416667 0.66416667 0.66416667 0.6875 0.6875 0.6875 0.65416667 0.65416667 0.60583334 0.60583333 0.60583333 0.77 0.77 0.77
-0.115 -0.115 -0.115 -0.0066666667 -0.0066666667 -0.0066666667 -0.006666561 0.0625 0.0625 0.19985806 0.2 0.2 0.2 0.2001407 0.33274976 0.31083333 0.31083333 0.31083333 0.34666667 0.34666667 0.34666667 0.62 0.62 0.62 0.62002871 0.81759514 0.9225 0.9225 0.9225 0.97832377 0.96833997 0.96833333 0.96833333 0.96833333 1.0138629 1.1283329 1.1283333 1.1283333 1.1283333 0.9374626 0.9375 0.9375 0.6875 0.6875 0.86666592 0.86666666 0.84833333 0.84833333 0.87916667 0.87916667 0.87916667 0.77 0.90404671
-0.11499917 -0.115 -0.115 -0.0066666667 -0.0066666667 -0.0066666667 -0.0066666649 0.1608333 0.062893175 0.19989572 0.2 0.2 0.2 0.20021749 0.31083333 0.31083333 0.31083333 0.31083334 0.34666667 0.34666667 0.34666667 0.62 0.62 0.62 0.7225 0.7225 0.89333333 0.89333333 0.89333333 0.89374248 0.96833333 0.96833333 0.96833333 0.96833333 1.0482894 1.1283333 1.1283333 1.1283333 1.1283333 0.9375 0.9375 0.9375 0.93527131 0.86666667 0.86666667 0.86666667 0.84833333 0.84833333 0.87916667 0.87916667 0.87916667 0.90416667 0.90416667
0.15333333 0.034682136 0.1925 0.19244222 -0.0066666667 0.15986418 0.16083333 0.16083333 0.1817851 0.085000003 0.085 0.085 0.085 0.19582973 0.19583333 0.31083325 0.31083333 0.31177749 0.34666667 0.34666667 0.34666667 0.46666667 0.46666667 0.46666667 0.7225 0.7225 0.89333333 0.89333333 0.89333333 0.89333342 1.013333 1.0133332 0.96946434 0.96838158 0.97499369 0.975 0.975 0.975 0.975 0.9375 0.9375 0.9375 0.8705668 0.86666667 0.86666667 0.86666661 0.84833333 0.84833333 0.84833444 0.87916667 0.87916477 0.83666667 0.90416667
0.25331434 0.25333332 0.1925 0.1925 0.1925 0.16083333 0.16083333 0.16083333 0.21833333 0.21833333 0.085 0.085 0.085 0.19583333 0.19583333 0.19583333 0.19583333 0.19585051 0.34666667 0.34666667 0.34666667 0.46666667 0.46666667 0.46666667 0.7225 0.7225 0.89333333 0.89333333 0.89333333 1.0119803 1.0133333 1.0133333 1.0133333 1.0133333 0.97501892 0.975 0.975 0.975 0.975 0.6808334 0.68083333 0.68083333 0.68083333 0.86666422 0.5475 0.5475 0.5475 0.67416667 0.67416667 0.67416667 0.83666667 0.83666667 0.83666667
0.25333333 0.25333333 0.1925 0.1925 0.1925 0.16099978 0.16083333 0.21833333 0.21833333 0.21833333 0.085016413 0.085 0.15036998 0.19583333 0.19583333 0.19583333 0.19583333 0.18083333 0.18083333 0.18083333 0.26583334 0.26583348 0.46666569 0.46666667 0.46672862 0.45 0.45 0.45000106 0.89326169 0.8283702 0.82833432 0.82836563 1.0130171 1.0131737 0.98170633 0.97499978 0.97307305 0.4 0.4 0.68083333 0.68083333 0.68083333 0.68083333 0.5475 0.5475 0.5475 0.5475 0.67416667 0.67416667 0.67416667 0.83666667 0.83666667 0.83666667
0.25333333 0.25333333 0.1925 0.1925 0.1925 0.1925 0.1823539 0.21833333 0.21833333 0.21833333 0.21830387 0.165 0.165 0.165 0.19565163 0.19583333 0.18093329 0.18083333 0.18083333 0.18083333 0.26583333 0.26583333 0.26583333 0.26583333 0.45 0.45 0.45 0.45 0.45 0.82833333 0.82833333 0.82833333 0.82833333 0.82833301 0.6725 0.4 0.4 0.4 0.4 0.39999987 0.31583333 0.31583333 0.31583333 0.3622054 0.45833333 0.45833333 0.45833333 0.67416666 0.67416651 0.51333333 0.51333333 0.67587246 0.67583333
0.25333333 0.25333333 0.21445656 0.1925 0.1925 0.1925 0.36973086 0.2188113 0.21833333 0.21833333 0.16500004 0.165 0.165 0.165 0.165 0.16752966 0.18083333 0.18083333 0.18083333 0.18083333 0.26583268 0.26583333 0.26583333 0.26583333 0.45 0.45 0.45 0.45 0.45 0.44961817 0.82833333 0.82833333 0.82833333 0.6725 0.6725 0.6722884 0.4 0.4 0.47128528 0.52666665 0.31583333 0.31583333 0.31583333 0.36186517 0.45833333 0.45833333 0.45833333 0.44166667 0.51244037 0.51333333 0.51333333 0.67583333 0.67583333
0.4225 0.4225 0.4225 0.25016732 0.19302388 0.37 0.37 0.37 0.37 0.37416667 0.37416667 0.16500001 0.165 0.165 0.165 0.16500101 0.18083333 0.18083333 0.18083333 0.18083333 0.22874209 0.26583333 0.26583333 0.26644398 0.29632839 0.45 0.45 0.45 0.31583333 0.31583333 0.31583333 0.31583548 0.6725 0.6725 0.6725 0.6725 0.52666667 0.52666667 0.52666667 0.52666667 0.35666667 0.35666667 0.35666667 0.5291632 0.52916667 0.52916667 0.52916664 0.44166667 0.44166667 0.51324601 0.51333333 0.67583212 0.67583333
0.4225 0.4225 0.4225 0.42250696 0.55166667 0.52524935 0.37 0.37 0.37 0.37416667 0.37416667 0.37416667 0.28416666 0.28416667 0.28416667 0.28416666 0.18091424 0.18083333 0.18083333 0.18083333 0.18212351 0.2891666 0.28916667 0.28916667 0.28916667 0.28916666 0.038333337 0.038333333 0.31583333 0.31583333 0.31583333 0.31583333 0.67249989 0.6725 0.6725 0.67248751 0.52666667 0.52666667 0.52666667 0.52674709 0.35666667 0.35666667 0.35666667 0.52915867 0.52916667 0.52916667 0.52916667 0.44166667 0.44166667 0.44166667 0.435 0.435 0.50666667
0.4225 0.4225 0.4225 0.55166637 0.55166667 0.55166667 0.37000007 0.37 0.37 0.37416667 0.37416667 0.37416667 0.28416667 0.28416667 0.28416667 0.27966056 0.225 0.225 0.22499989 0.1810828 0.28916667 0.28916667 0.28916667 0.28916667 0.28916667 0.2889779 0.038333333 0.038333333 0.038333334 0.31583333 0.31583333 0.31580276 0.51916667 0.51916667 0.51916667 0.46583333 0.46583333 0.545 0.545 0.545 0.5625 0.35673123 0.35666818 0.55916667 0.55916667 0.5580297 0.5291666 0.44166667 0.44166667 0.435 0.435 0.435 0.50666667
0.4225 0.4225 0.4225 0.55166667 0.55166667 0.55166667 0.55166667 0.37 0.37 0.37416667 0.37416667 0.28776537 0.28416667 0.28416667 0.28416667 0.225 0.225 0.225 0.225 0.225 0.28916667 0.28916667 0.28916667 0.28916667 0.28916667 0.038334189 0.038333333 0.038333333 0.038333333 0.26833333 0.26833333 0.26833333 0.51916667 0.51916667 0.51916667 0.46583333 0.46583333 0.545 0.545 0.5625 0.5625 0.5625 0.55916667 0.55916667 0.55916667 0.55916667 0.56128881 0.585 0.585 0.585 0.435 0.585 0.585
