interpolatedSpi/02-11|23_3.tif
NCOLS 53
NROWS 52
XLLCORNER -116.03883
YLLCORNER 28.596182
DX 0.49850594
DY 0.49788537
NODATA_VALUE -9999
[rows 0 to 38 of 52, columns 0 to 52 of 53]
-0.243 -0.243 -0.51282051 -0.379 -0.173 -0.26 -0.35 -0.167 -0.97632503 -0.83 -0.469 -0.644 -0.99596624 -0.586 -0.427 -0.427 -0.427 -0.834 -0.752 -0.752 -0.752 -0.75199664 -0.40300001 -1.012 -1.012 -1.012 -1.0930005 -1.093 -1.093 -1.664 -1.664 -1.664 -1.664 -1.887 -1.887 -1.887 -1.887 -1.887 -1.887 -1.8869999 0.18369635 0.20564431 -1.19 -1.19 -1.19 -1.19 -1.1892683 -0.742 -0.742 -0.742 -0.15400122 -0.154 -0.154
-0.24302613 -0.831 -0.40200017 -0.4000754 -0.40998347 -0.596 -0.733 -0.78875886 -0.999 -0.834 -0.735 -0.996 -0.996 -0.99463287 -0.58600355 -0.427 -0.834 -0.834 -0.75210692 -0.752 -0.752 -0.752 -1.0262647 -1.012 -1.012 -1.012 -0.91100001 -0.911 -1.664 -1.664 -1.664 -1.664 -1.664 -1.887 -1.887 -1.887 -1.887 -1.887 -1.8869999 -1.6462523 -0.40010149 -1.0941402 -1.19 -1.19 -1.19 -1.19 -1.19 -0.742 -0.742 -0.742 -0.69324248 -0.154 -0.154
0.3579679 0.358 -0.545 -0.401 -0.661 -0.063 -0.553 -0.064 -0.977 -1.053 -1.007 -0.827 -1.255 -1.154 -0.996 -1.679 -0.834 -0.834 -0.834 -0.60004419 -0.6 -0.6 -1.283 -1.012 -1.012 -1.012 -0.911 -0.911 -0.911 -1.664 -1.664 -1.664 -1.572534 -1.8849065 -1.8789022 -1.0249722 -1.017 -1.017 -0.93939766 -0.4 -0.4 -0.40101021 -1.19 -1.19 -1.19 -1.19 -1.19 -0.742 -0.742 -0.742 -0.742 -0.154 -0.154
0.452 0.35799984 -0.41117096 -0.26 -1.153 -0.802 -0.738 -1.122 -0.741 -1.0053246 -1.21 -1.279 -1.26 -1.154 -1.443 -1.679 -1.0954988 -1.0908199 -0.899 -0.6 -0.6 -1.147 -1.283 -1.283 -1.012 -1.0119995 -0.911 -0.911 -0.911 -1.219 -1.3589128 -1.474 -1.474 -1.4739996 -1.017 -1.017 -1.017 -1.017 -0.4 -0.4 -0.4 -0.40000003 -1.19 -1.19 -1.19 -1.19 -1.19 -0.74200565 -0.742 -0.742 -0.742 -0.15404896 -0.154
0.452 -0.16500045 -0.411 -1.0491853 -1.153 -1.299 -1.2990235 -1.731 -1.831 -1.2310003 -1.3889495 -1.4568917 -0.701 -1.443 -1.443 -1.5916689 -1.091 -1.091 -0.899 -0.899 -0.60000109 -1.147 -0.948 -0.356 -0.794 -0.7939584 -0.911 -0.911 -1.219 -1.219 -1.474 -1.474 -1.474 -1.3985707 -1.017 -1.017 -1.017 -0.4 -0.4 -0.4 -0.4 -0.40005271 -1.19 -1.19 -1.19 -1.19 -1.19 -1.1860122 -0.742 -0.74204085 -1.653 -1.653 -1.653
-1.448 -0.74 -0.63299997 -0.649 -0.824 -1.285 -1.694 -1.6987371 -1.529 -1.78 -1.765 -1.391 -1.3909995 -1.376 -1.376 -0.74493819 -0.745 -1.092 -1.092 -0.8989997 -1.104 -1.104 -0.356 -0.794 -0.794 -0.616 -1.264 -1.264 -0.87703186 -1.219 -1.474 -1.474 -1.074 -1.073976 -0.84401646 -0.777 -0.777 -0.51663356 -0.4 -0.4 -0.94531902 -0.946 -0.94599869 -0.96111309 -0.95702575 -0.95700006 -0.95700001 -0.95700009 -1.5094262 -1.653 -1.653 -1.653 -1.653
-0.31900499 -0.509 -0.352244 -0.631 -0.73 -1.501 -1.195 -1.487 -1.933 -1.933 -1.765 -1.753 -1.5809999 -1.376 -0.48900266 -0.489 -0.745 -0.397 -0.56 -0.56 -0.89758598 -0.666 -0.666 -0.682 -0.616 -0.616 -1.264 -1.264 -0.87703502 -0.87764482 -0.72732166 -1.074 -1.074 -0.844 -0.844 -0.93276705 -0.777 -0.777 -1.0979889 -0.94600021 -0.946 -0.946 -0.94599339 -0.95700123 -0.957 -0.957 -0.957 -0.95700033 -1.512 -1.6529721 -1.653 -1.653 -1.653
-0.319 -0.983 -0.407 -1.157 -0.71302545 -1.234 -1.671 -1.797 -1.539 -1.856 -1.856 -1.23 -1.581 -1.581 -0.49649213 -0.74674422 -0.772 -0.39 -0.50500006 -0.56 -0.42556958 -0.345 -1.096 -0.182 -0.18201267 -1.164 -0.725 -0.72500019 -1.475894 -1.478 -0.725 -0.96765681 -0.902 -0.844 -0.84822114 -1.063 -1.063 -1.098 -1.098 -0.946 -0.946 -0.94599999 -1.1736689 -1.177 -0.957 -0.957 -0.957 -1.5119789 -1.512 -1.512 -1.653 -1.653 -1.653
-1.0248735 -0.98299999 -0.19 -1.122 -0.799 -1.538 -1.049 -0.712 -1.467 -0.76764721 -0.58 -1.331 -1.331 -0.671 -0.6709996 -0.78496377 -0.785 -0.785 -0.40755493 -1.309 -1.294 -1.294 -1.305 -1.1783635 -1.0650403 -1.164 -0.9 -0.725 -0.8244189 -0.825 -0.986 -1.068 -0.90229781 -1.289 -0.992 -1.186 -1.1 -0.835 -0.67907203 -0.94357171 -0.402 -0.673 -1.1769262 -1.177 -1.1757617 -0.957 -1.509 -1.512 -1.512 -1.512 -1.512 -1.5377061 -0.203
-1.259 -1.259 -0.231 -0.477 -1.134 -0.798 -0.828 -1.315 -0.845 -0.59004594 -1.139 -0.297 -0.671 -0.671 -0.628 -0.63015333 -0.785 -0.78491167 -0.375 -1.309 -1.309 -1.3070675 -1.305 -1.1550028 -1.155 -1.155 -0.9 -0.561 -0.561 -0.825 -0.825 -1.067376 -0.739 -1.289 -1.011 -1.186 -1.1 -1.347 -0.679 -0.38878107 -0.67299999 -0.69173431 -0.724 -1.177 -1.177 -1.509 -1.509 -1.509 -1.512 -1.512 -0.727 -0.727 -0.7269998
-1.259 -1.259 -0.912 -1.226 -1.052 -0.448 -1.336 -0.58602099 -0.636 -0.612 -0.376 -0.145 -0.2967982 -0.628 -0.628 -0.62799619 -0.595 -0.58345337 -0.375 -0.423 -0.423 -0.486 -0.486 -1.155 -1.155 -1.155 -0.561 -0.561 -0.561 -0.792 -0.792 -0.79199991 -0.932 -0.932 -1.563 -1.251 -0.63 -0.853005 -0.792 -0.384 -0.384 -0.92299935 -0.724 -1.177 -0.40700034 -0.671 -0.60491054 -0.601 -0.711 -0.711 -0.727 -0.727 -0.727
-1.259 -1.1092436 -1.045995 -1.2279871 -0.546 -0.851 -1.336 -0.585 -0.63599957 -0.61226589 -0.14500061 -0.145 0.011 -0.628 -0.628 -0.595 -0.595 -0.59498748 -0.375 -0.423 -0.43537192 -0.486 -0.486 -1.1549725 -1.155 -0.887751 -0.342 -0.342 -0.34200003 -0.792 -0.792 -0.273 -0.273 -0.93200173 -1.563 -0.55400043 -0.76004692 -0.853 -0.853 -0.38400002 -0.923 -0.923 -0.92299624 -0.407 -0.407 -0.671 -0.601 -0.601 -0.711 -0.711 -0.727 -0.727 -0.727
-0.632 -0.6192994 -0.59002332 -0.59461287 -0.5460017 -0.8509928 -1.336 -0.59424438 -0.63248558 -0.6353733 0.011 0.011 0.011 0.011 -0.62790948 -0.595 -0.595 -0.59215945 -0.375 -0.4228348 0.147 0.147 0.147 0.147 -1.1322915 -0.342 -0.342 -0.342 -0.342 -0.34212033 -0.273 -0.273 -0.273 -0.273 -0.554 -0.554 -0.554 -0.83926916 -0.85132515 -0.63 -0.63 -0.92298424 -0.55499493 -0.40701426 -0.407 -0.671 -0.601 -0.601 -0.711 -0.711 -0.72694195 -0.727 -0.9423292
-0.632 -0.59 -0.59 -0.59 -0.59 -0.59000011 -1.3347584 -0.98066134 -0.62310944 0.010303901 0.011 0.011 0.011 0.011 0.011000374 -0.595 -0.59499997 -0.5799095 -0.37500137 0.147 0.147 0.147 0.147 0.147 0.15642301 0.048064688 0.17199989 0.172 0.172 0.172 -0.27299998 -0.273 -0.27299923 0.369 0.369 -0.554 0.020565309 0.037 -0.62999961 -0.63 -0.63 -0.63 -0.555 -0.555 -0.555 -0.55580725 0.013958029 0.018 0.018 0.018 0.017999987 -0.44800006 -0.448
-0.802 -0.59 -0.59 -0.59 -0.59 -0.59 -0.59000005 -0.67580165 0.53383892 0.54 0.54 0.54 0.54 0.54 0.53999999 0.78577758 -0.57298529 -0.56487432 0.14693429 0.147 0.147 0.147 0.147 0.14700055 0.583 0.583 0.58299942 0.172 0.172 0.17320947 0.776 0.776 0.369 0.369 0.369 0.090183026 0.037 0.037 0.037 -0.63 -0.63 -0.63 -0.555 -0.555 -0.555 -0.555 0.017999998 0.018 0.018 0.018 0.018 -0.448 -0.448
-0.802 -0.72307481 -0.59 -0.59 -0.59 -0.59 0.53177979 0.532 0.532 0.54 0.54 0.54 0.54 0.54 0.59537236 0.791 0.791 0.791 0.61756309 0.61899952 0.619 0.619 0.619 0.619 0.583 0.583 0.583 0.583 0.172 0.776 0.776 0.776 0.36900004 0.369 0.369 0.574 0.037711005 0.037 0.037 -0.62995015 -0.5309745 -0.29998929 -0.555 -0.555 -0.080468964 -0.079 -0.079 0.018027405 0.034940593 0.034999999 0.034999997 0.052924163 -0.44799898
-0.802 -0.080901072 -0.32230165 -0.59 -0.59 0.53133707 0.532 0.532 0.532 0.53205765 0.54 0.54 0.54 0.54000003 0.791 0.791 0.791 0.791 0.61915364 0.619 0.619 0.619 0.619 0.619 0.583 0.583 0.583 0.583 0.58370201 0.776 0.776 0.776 0.796 0.36903116 0.574 0.574 0.574 0.57294871 -0.27770443 -0.299 -0.299 -0.299 -0.411 -0.411 -0.079 -0.079 -0.079 0.034999999 0.035 0.035 0.035 0.053 0.053
-0.061341968 -0.061 -0.061 -0.060999992 0.762 0.53200593 0.532 0.532 0.532 0.532 0.53523038 0.53999918 0.54 0.791 0.791 0.791 0.791 0.791 0.79803287 0.619 0.619 0.619 0.619 0.619 0.66358366 0.76299902 0.763 0.763 0.763 0.776 0.796 0.796 0.796 0.796 0.574 0.57399758 0.482 0.482 -0.28924805 -0.299 -0.299 -0.299 -0.411 -0.411 -0.13040503 -0.079 -0.079 0.035 0.035 0.035 0.035193007 0.053 0.053
-0.061 -0.061 -0.061 0.32656298 0.762 0.762 0.532 0.532 0.532 0.532 0.477 0.477 0.477 0.791 0.791 0.791 0.791 0.7910471 1.116 1.116 0.6190002 0.619 0.62382047 0.817 0.81651386 0.763 0.763 0.763 0.763 0.79599664 0.796 0.796 0.796 0.796 0.48200032 0.482 0.482 0.482 0.47923394 -0.299 -0.299 -0.299 -0.411 -0.411 -0.411 -0.079 -0.079 0.034999998 0.035 0.035 0.053 0.053 0.053
-0.061 -0.061 -0.061 0.762 0.762 0.762 0.76199965 0.532 0.532 0.47705678 0.477 0.477 0.477 0.47719564 1.0216854 1.076 1.076 1.076 1.116 1.116 1.116 0.817 0.817 0.817 0.81699048 0.77349049 0.763 0.763 0.763 0.65051653 0.61801751 0.618 0.618 0.618 0.34349255 0.14800076 0.148 0.148 0.148 -0.14102162 -0.141 -0.141 -0.411 -0.411 -0.005001695 -0.0049999873 0.031 0.031 0.21 0.21 0.21 0.053 0.033017882
-0.060998836 -0.061 -0.06099997 0.762 0.762 0.762 0.762 0.55799999 0.53210396 0.47699728 0.477 0.477 0.477 0.4781754 1.076 1.076 1.076 1.076 1.116 1.116 1.116 0.817 0.817 0.817 0.783 0.783 0.983 0.983 0.983 0.98100881 0.618 0.618 0.618 0.618 0.38312904 0.148 0.148 0.148 0.148 -0.141 -0.141 -0.141 -0.13672092 -0.005 -0.005 -0.005 0.031 0.031 0.21 0.21 0.21 0.033000006 0.033
0.314 0.14778115 0.335 0.33512388 0.762 0.55918034 0.558 0.558 0.65273844 0.47400001 0.474 0.474 0.474 1.2459749 1.246 1.0760001 1.076 1.0770539 1.116 1.116 1.116 0.818 0.818 0.818 0.783 0.783 0.983 0.983 0.983 0.98299997 0.93999795 0.9399991 0.62609299 0.61834521 0.13355452 0.133 0.133 0.133 0.133 -0.141 -0.141 -0.141 -0.012488412 -0.005 -0.005 -0.0050000699 0.031 0.031 0.031006443 0.21 0.20997804 -0.281 0.033
0.47296981 0.47299998 0.335 0.335 0.335 0.558 0.558 0.558 0.818 0.818 0.474 0.474 0.474 1.246 1.246 1.246 1.246 1.2459849 1.116 1.116 1.116 0.818 0.818 0.818 0.783 0.783 0.983 0.983 0.983 0.94048483 0.94 0.94 0.94 0.94 0.13339821 0.133 0.133 0.133 0.133 0.11899993 0.119 0.119 0.119 -0.0050030151 -0.398 -0.398 -0.398 -0.582 -0.582 -0.582 -0.281 -0.281 -0.281
0.473 0.473 0.335 0.335 0.335 0.55682787 0.558 0.818 0.818 0.818 0.47404235 0.474 0.73302854 1.2459999 1.246 1.246 1.246 0.776 0.776 0.776 0.733 0.73300006 0.81799959 0.818 0.81804887 0.917 0.917 0.91700016 0.98298933 0.74203946 0.74200105 0.74203457 0.9396616 0.93982913 0.2765999 0.13299995 0.13252413 -0.009 -0.009 0.119 0.119 0.119 0.119 -0.398 -0.398 -0.398 -0.398 -0.582 -0.582 -0.582 -0.281 -0.281 -0.281
0.473 0.473 0.335 0.335 0.335 0.335 0.65531041 0.818 0.818 0.818 0.81798509 0.791 0.791 0.791 1.2433186 1.246 0.77913196 0.776 0.776 0.776 0.733 0.733 0.733 0.733 0.917 0.917 0.917 0.917 0.917 0.742 0.742 0.742 0.742 0.74199873 0.139 -0.009 -0.009 -0.009 -0.009 -0.0090010109 -0.349 -0.349 -0.349 -0.38739842 -0.467 -0.467 -0.467 -0.582 -0.5820002 -0.793 -0.793 -0.10504282 -0.105
0.473 0.473 0.38480831 0.335 0.335 0.33500001 0.7630976 0.81782667 0.818 0.818 0.79099998 0.791 0.791 0.791 0.791 0.82829265 0.776 0.776 0.776 0.776 0.73300033 0.733 0.733 0.733 0.917 0.917 0.917 0.917 0.917 0.44272265 0.742 0.742 0.742 0.139 0.139 0.13888507 -0.009 -0.009 -0.38324771 -0.67399994 -0.349 -0.349 -0.349 -0.38746215 -0.467 -0.467 -0.467 -0.594 -0.79052048 -0.793 -0.793 -0.105 -0.105
0.846 0.846 0.846 0.46312175 0.33546558 0.763 0.763 0.763 0.763 0.677 0.677 0.79099999 0.791 0.791 0.791 0.79099902 0.776 0.776 0.776 0.776 0.75176381 0.733 0.733 0.73705641 0.88929133 0.917 0.917 0.917 0.337 0.337 0.337 0.3370017 0.139 0.139 0.139 0.139 -0.674 -0.674 -0.674 -0.674 -0.439 -0.439 -0.439 -0.6229963 -0.623 -0.623 -0.62299995 -0.594 -0.594 -0.79275753 -0.793 -0.10500181 -0.105
0.846 0.846 0.846 0.84598945 0.65 0.66643206 0.763 0.763 0.763 0.677 0.677 0.677 3.5665604e-08 8.7327201e-13 2.5521043e-11 1.1461695e-08 0.77452538 0.776 0.776 0.776 0.77535643 0.88799957 0.888 0.888 0.888 0.88799998 0.333 0.333 0.337 0.337 0.337 0.337 0.13899993 0.139 0.139 0.13899259 -0.674 -0.674 -0.674 -0.67359202 -0.439 -0.439 -0.439 -0.62299147 -0.623 -0.623 -0.623 -0.594 -0.594 -0.59399998 -0.463 -0.463 -0.244
0.846 0.846 0.846 0.65000045 0.65 0.65 0.76299996 0.763 0.763 0.677 0.677 0.677 2.220446e-17 2.220446e-17 2.220446e-17 -0.002208627 -0.029 -0.029 -0.028997921 0.77145315 0.888 0.888 0.888 0.888 0.888 0.88758233 0.333 0.333 0.333 0.337 0.337 0.33680883 0.048 0.048 0.048 -0.58 -0.58 -0.581 -0.581 -0.581 -0.469 -0.43900941 -0.43900012 -0.455 -0.455 -0.46136701 -0.62299951 -0.594 -0.594 -0.463 -0.463 -0.463 -0.244
0.846 0.846 0.846 0.65 0.65 0.65 0.65 0.763 0.763 0.677 0.677 0.027070236 2.220446e-17 2.220446e-17 2.220446e-17 -0.029 -0.029 -0.029 -0.029 -0.029 0.888 0.888 0.888 0.888 0.888 0.33300189 0.333 0.333 0.333 0.04 0.04 0.04 0.048 0.048 0.048 -0.58 -0.58 -0.581 -0.581 -0.469 -0.469 -0.469 -0.455 -0.455 -0.455 -0.455 -0.46723995 -0.604 -0.604 -0.604 -0.463 -0.468 -0.468
0.846 0.846 0.84572706 0.65 0.65 0.65 0.65 0.53480658 0.529 0.5292541 0.67699998 6.9541788e-06 3.3762807e-17 2.2204461e-17 -1.003235e-07 -0.029 -0.029 -0.029 -0.029 -0.029 -0.30312308 0.888 0.888 0.888 0.88790484 0.33300523 0.333 0.333 0.333 0.04 0.04 0.04 0.04000068 0.048 -0.58 -0.58 -0.58 -0.58000005 -0.58099236 -0.469 -0.469 -0.469 -0.45500085 -0.455 -0.455 -0.455 -0.60400139 -0.604 -0.604 -0.604 -0.468 -0.468 -0.468
0.955 0.95499981 0.65011385 0.65 0.65 0.65 0.52902575 0.529 0.529 0.529 0.083000011 0.083 0.083 0.083 -0.02848309 -0.029 -0.029 -0.029 -0.029 -0.35399981 -0.354 -0.354 0.42600008 0.426 0.426 0.426 0.4179729 0.333 -0.017985624 -0.018 -0.018 -0.018 -0.018 -0.595 -0.595 -0.595 -0.595 -0.595 -0.56 -0.56 -0.56 -0.56 -0.56 -0.74356435 -0.744 -0.744 -0.744 -0.604 -0.604 -0.604 -0.46802143 -0.468 -0.468
0.955 0.955 0.95364357 0.79299971 0.79299997 0.79274255 0.529 0.529 0.529 0.529 0.083 0.083 0.083 0.083 0.083 -0.029 -0.029 -0.029 -0.35399992 -0.354 -0.354 -0.354 0.426 0.426 0.426 0.426 0.426 0.42597988 -0.017854418 -0.017999998 -0.018 -0.018 -0.017941516 -0.37617597 -0.59477342 -0.595 -0.595 -0.59499999 -0.56 -0.56 -0.56 -0.56 -0.56 -0.744 -0.744 -0.744 -0.744 -0.67853326 -0.604 -0.099690035 -0.094 -0.079 -0.079
0.955 0.955 0.79302052 0.793 0.793 0.793 0.72594511 0.529 0.529 0.529 0.083 0.083 0.083 0.083 0.083 -0.02891839 -0.029 -0.35390471 -0.354 -0.354 -0.354 -0.354 0.13704395 0.426 0.426 0.426 0.426 0.42595265 0.359 0.359 0.359 0.359 0.359 -0.209 -0.209 -0.209 -0.209 -0.209 -0.761 -0.761 -0.761 -0.761 -0.761 -0.74210527 -0.7439996 -0.744 -0.74386846 -0.72807888 -0.094 -0.094 -0.094 -0.079000084 -0.079
0.95499935 0.60790158 0.79299997 0.793 0.793 0.793 0.793 0.52911241 0.529 0.529 0.083000001 0.083 0.083 0.083 -0.40882769 -0.42 -0.42 -0.3540017 -0.354 -0.354 -0.354 -0.354 -0.35399994 0.426 0.426 0.426 0.426 0.62399974 0.62399988 0.56760156 0.359 0.359 0.359 -0.209 -0.209 -0.209 -0.209 -0.20881646 -0.761 -0.761 -0.761 -0.761 -0.76094905 0.032 0.032 0.032 0.032 0.031989839 -0.094 -0.094 -0.094 -0.093999858 0.13480415
0.601 0.601 0.58373939 0.793 0.793 0.793 0.793 0.793 0.52911105 -0.09499999 -0.095 -0.095 -0.09457757 -0.41999928 -0.42 -0.42 -0.42 -0.42 -0.35399957 -0.35030739 -0.318 -0.318 -0.318 -0.13144483 0.37549705 0.10526532 -0.12228353 0.624 0.624 0.624 0.624 0.624 0.60996599 0.063997749 0.062 0.062 0.062 0.062 -0.63607715 -0.096001195 -0.096 -0.096 -0.096 0.2359994 0.032000053 0.032 0.032 0.569 -0.093989379 -0.094 -0.094 0.138 0.138
0.601 0.601 0.245 0.245 0.245 0.79281746 0.793 0.793 -0.094999999 -0.095 -0.095 -0.095 -0.095 -0.41999999 -0.42 -0.42 -0.42 -0.42 -0.318 -0.318 -0.318 -0.318 -0.318 -0.20500001 -0.205 -0.205 -0.205 0.624 0.624 0.624 0.624 0.624 0.24 0.24 0.062000001 0.062 0.062 0.31395708 0.314 -0.096 -0.096 -0.096 -0.095999939 0.236 0.236 0.236 0.569 0.569 0.569 0.406 0.406 0.138 0.138
0.601 0.601 0.245 0.245 0.245 0.245 0.24499748 -0.214 -0.095112042 -0.095 -0.095 -0.095 -0.095 -0.41594592 -0.42 -0.42 -0.42 -0.42 -0.318 -0.318 -0.318 -0.318 -0.318 -0.205 -0.205 -0.205 -0.205 -0.20499664 0.624 0.624 0.624 0.24002013 0.24 0.24 0.24 0.062 0.314 0.314 0.314 0.30321213 0.2420464 0.305 0.305 0.236 0.236 0.236 0.569 0.569 0.569 0.406 0.406 0.406 0.23853452
0.534 0.53400053 0.245 0.245 0.245 0.245 -0.214 -0.214 -0.214 -0.095 -0.095 -0.095 -0.095 -0.095101033 -0.42 -0.42 -0.42 -0.42 -0.31800203 -0.318 -0.318 -0.31800001 -0.22492131 -0.205 -0.205 -0.205 -0.205 -0.14000005 -0.14 -0.13999999 0.61578588 0.24 0.24 0.24 0.23999966 -0.11299999 0.314 0.314 0.314 0.314 0.305 0.305 0.305 0.352 0.352 0.352 0.3390224 0.569 0.569 0.406 0.406 0.406 0.24899902
