interpolatedSpi/02-11|22_3.tif
NCOLS 53
NROWS 52
XLLCORNER -116.03883
YLLCORNER 28.596182
DX 0.49850594
DY 0.49788537
NODATA_VALUE -9999
[rows 0 to 37 of 52, columns 0 to 52 of 53]
-0.064 -0.064 -0.38309658 -0.618 -0.027 -0.065 -0.233 -0.253 -0.42109918 -0.348 -0.459 -0.101 -0.278972 0.061 0.013 0.013 0.013 0.351 0.302 0.302 0.302 0.30199253 -0.47399999 0.213 0.213 0.213 -0.013000982 -0.013 -0.013 -0.271 -0.271 -0.271 -0.271 0.020999942 0.021 0.021 0.021 0.021 0.021 0.021000014 0.52358724 0.52874124 -0.488 -0.488 -0.488 -0.488 -0.4880245 -0.503 -0.503 -0.503 0.33299826 0.333 0.333
-0.064033546 -0.819 -0.51899995 -0.4445822 -0.2540843 -0.145 -0.247 -0.053358841 -0.32 -0.449 -0.286 -0.279 -0.279 0.2055165 0.061001327 0.013 0.351 0.351 0.30206389 0.302 0.302 0.302 0.20452543 0.213 0.213 0.213 0.11000001 0.11 -0.271 -0.271 -0.271 -0.271 -0.271 0.020999958 0.021 0.021 0.021 0.021 0.02100005 0.2036929 1.1469247 -0.28960601 -0.488 -0.488 -0.488 -0.488 -0.488 -0.503 -0.503 -0.503 -0.43367808 0.333 0.333
-0.22098847 -0.221 -0.472 0.031 -0.45 -0.581 -0.372 -0.267 -0.889 -0.209 -0.286 -0.517 -0.438 0.463 0.206 -0.321 0.351 0.351 0.351 0.23002093 0.23 0.23 0.052 0.213 0.213 0.213 0.11 0.11 0.11 -0.271 -0.271 -0.27099998 -0.093844776 0.022431624 0.027357271 0.69774135 0.704 0.704 0.75971772 1.147 1.147 1.1449092 -0.488 -0.488 -0.488 -0.488 -0.488 -0.503 -0.503 -0.503 -0.503 0.333 0.333
-0.456 -0.22100001 -0.26304871 0.635 -0.764 -0.263 -0.407 -0.768 -0.267 -0.046565862 -0.166 -0.19 -0.191 0.463 -0.427 -0.321 -0.77549586 -0.77820826 -1.044 0.23 0.23 -0.575 0.052 0.052 0.213 0.21299949 0.11 0.11 0.11 -0.481 -0.16386427 0.097 0.097 0.097000476 0.704 0.704 0.704 0.704 1.147 1.147 1.147 1.1469999 -0.488 -0.488 -0.488 -0.488 -0.488 -0.50299981 -0.503 -0.503 -0.503 0.33299259 0.333
-0.456 0.20399914 -0.263 -0.28334952 -0.764 -0.692 -0.33400662 0.142 -0.404 0.46299966 0.12982589 -0.027019051 -0.16 -0.427 -0.427 -0.36327138 -0.779 -0.779 -1.044 -1.044 0.22999836 -0.575 0.414 0.165 0.044 0.044125136 0.11 0.11 -0.481 -0.481 0.097 0.097 0.097 0.11830892 0.704 0.704 0.704 1.147 1.147 1.147 1.147 1.1469694 -0.48799998 -0.488 -0.488 -0.488 -0.488 -0.48813352 -0.503 -0.50297269 0.106 0.106 0.106
-2.017 -0.454 -0.17900001 -0.19 -0.779 -0.456 -0.461 -0.38379873 -0.086 -0.65 -0.894 -0.22 -0.21999996 -0.297 -0.297 -0.56894447 -0.569 -0.562 -0.562 -1.0439991 -0.876 -0.876 0.165 0.044 0.044 0.579 0.172 0.172 0.35492336 -0.481 0.097 0.097 0.21 0.21006562 0.83795508 1.031 1.031 1.1111128 1.147 1.147 0.83039537 0.83 0.83000249 0.057202731 0.066938661 0.066999852 0.066999981 0.066999793 0.19458306 0.106 0.106 0.106 0.106
-1.4790046 -0.717 -0.46881286 -0.346 -0.43 -0.956 -0.464 -0.441 -0.376 -0.376 -0.894 -0.277 -0.85099988 -0.297 -0.33899987 -0.339 -0.569 -0.159 -0.063 -0.063 -0.78410335 -0.681 -0.681 0.395 0.579 0.579 0.172 0.172 0.35496824 0.35441526 0.67432614 0.21 0.21 0.838 0.838 1.1045264 1.031 1.031 1.1639954 0.83000047 0.83 0.83 0.83001347 0.067003898 0.067 0.067 0.067 0.0670001 0.234 0.10602537 0.106 0.106 0.106
-1.479 -0.296 -0.095 -1.101 -0.7660192 -0.743 -0.709 -0.347 -0.627 -0.476 -0.476 -0.415 -0.851 -0.851 -0.34251279 -0.72151793 -0.759 -0.038 -0.67899937 -0.063 0.087346179 0.177 -0.712 0.217 0.21699559 -0.125 0.078000001 0.078000033 -0.18809024 -0.18999998 0.677 0.051342485 0.389 0.838 0.84438875 1.166 1.166 1.164 1.164 0.83 0.83 0.83000002 0.76902197 0.76599996 0.067 0.067 0.067 0.23399364 0.234 0.234 0.106 0.106 0.106
-0.44817069 -0.296 0.019 -0.298 -0.483 -0.68 -0.359 -0.002 -0.301 -0.2013203 -0.344 -0.53 -0.53 0.138 0.13799266 -1.0322363 -1.033 -1.033 -0.13584964 -0.59300006 -0.879 -0.87899999 0.56 -0.21072571 -0.09053543 -0.125 0.267 0.078 0.56813518 0.571 -0.043 1.266 0.76133718 0.446 1.062 1.069 1.482 0.577 1.5845345 0.83470482 1.884 1.241 0.7660661 0.766 0.76206565 0.067 0.33499999 0.234 0.234 0.234 0.234 0.13849644 0.037
-1.299 -1.299 0.123 -0.161 -0.521 -0.37 -0.353 -0.51 -0.386 -0.17606126 -0.153 0.612 0.138 0.138 -0.643 -0.64834903 -1.033 -1.0328781 -0.497 -0.593 -0.593 -0.6298464 0.56 0.30300487 0.303 0.303 0.267 0.593 0.593 0.571 0.571 1.2640996 0.264 0.446 0.731 1.069 1.482 1.31 1.585 0.94455072 1.241 1.2156536 1.172 0.766 0.766 0.335 0.335 0.335 0.234 0.234 0.367 0.367 0.36699988
-1.299 -1.299 -0.474 -0.83 -0.785 -0.339 -0.65699999 0.031683214 0.022 -0.121 -0.434 -0.499 0.61052023 -0.643 -0.643 -0.64298385 -0.503 -0.50268509 -0.497 -0.496 -0.496 -0.669 -0.669 0.303 0.303 0.303 0.593 0.593 0.593 -0.217 -0.217 -0.21699921 0.486 0.486 0.34 0.009 1.35 0.94200094 1.171 0.934 0.934 0.58700192 1.172 0.766 0.6569998 0.361 0.93540302 0.938 1.144 1.144 0.367 0.367 0.367
-1.299 -0.94283195 -0.6259179 -0.8349916 -0.059 -0.563 -0.657 0.032 0.022000084 -0.11941573 -0.49899951 -0.499 -0.373 -0.643 -0.643 -0.503 -0.503 -0.50299966 -0.497 -0.496 -0.52997368 -0.669 -0.669 0.30296115 0.303 0.22870938 0.077 0.077 0.077000065 -0.217 -0.217 -0.185 -0.185 0.4859996 0.34 0.60800003 1.3023743 0.942 0.942 0.93399999 0.587 0.587 0.5870006 0.657 0.657 0.361 0.938 0.938 1.144 1.144 0.367 0.367 0.367
-0.038 -0.079589921 -0.041028977 -0.046743122 -0.059002757 -0.5629881 -0.657 0.023518808 0.022689102 0.018265889 -0.373 -0.373 -0.373 -0.373 -0.64296175 -0.503 -0.503 -0.50292253 -0.497 -0.49596327 -0.369 -0.369 -0.369 -0.369 0.29144329 0.077 0.077 0.077 0.077 0.076811632 -0.185 -0.185 -0.185 -0.185 0.608 0.608 0.608 0.92602509 0.93726836 0.312 0.312 0.58698521 0.45500692 0.65698054 0.657 0.361 0.938 0.938 1.144 1.144 0.36981887 0.367 0.84351202
-0.038 -0.041 -0.041 -0.041 -0.041 -0.041000217 -0.65675929 -0.33099213 0.024527528 -0.37257812 -0.373 -0.373 -0.373 -0.373 -0.37299976 -0.503 -0.503 -0.50258844 -0.49699967 -0.369 -0.369 -0.369 -0.369 -0.369 -0.36305363 0.024863918 0.016000013 0.016 0.016 0.016 -0.185 -0.185 -0.18500004 -0.218 -0.218 0.608 0.22495646 0.214 0.31199994 0.312 0.312 0.312 0.455 0.455 0.455 0.45434585 0.92794523 0.928 0.928 0.928 0.928 0.99499987 0.995
0.385 -0.041 -0.041 -0.041 -0.041 -0.041 -0.041000039 -0.43195735 -0.03179604 -0.032 -0.032 -0.032 -0.032 -0.032 -0.032000003 0.080613132 -0.49369993 -0.50217828 -0.3690161 -0.369 -0.369 -0.369 -0.369 -0.36899947 -0.094 -0.094 -0.093999845 0.016 0.016 0.01557348 -0.197 -0.197 -0.218 -0.218 -0.218 0.14479827 0.214 0.214 0.214 0.312 0.312 0.312 0.455 0.455 0.455 0.455 0.92799998 0.928 0.928 0.928 0.928 0.995 0.995
0.385 0.22640504 -0.041 -0.041 -0.041 -0.041 -0.27495407 -0.275 -0.27499999 -0.032 -0.032 -0.032 -0.032 -0.032 -0.0066301954 0.083 0.083 0.083 0.087605439 0.088999533 0.089 0.089 0.089 0.089 -0.094 -0.094 -0.094 -0.094 0.016 -0.197 -0.197 -0.197 -0.218 -0.218 -0.218 0.141 0.21390335 0.214 0.214 0.31191234 0.13698514 -0.27125156 0.455 0.455 -0.078348958 -0.08 -0.08 0.92590367 -0.34154795 -0.34599989 -0.34599976 -0.030844781 0.99499791
0.385 -0.21250948 -0.13613665 -0.041 -0.041 -0.27486174 -0.275 -0.275 -0.275 -0.27324887 -0.032 -0.032 -0.032 -0.031999986 0.083 0.083 0.083 0.083 0.08899464 0.089 0.089 0.089 0.089 0.089 -0.093999996 -0.094 -0.094 -0.094 -0.09437465 -0.197 -0.197 -0.197 -0.257 -0.21796442 0.141 0.141 0.141 0.13832325 -0.2421647 -0.273 -0.273 -0.273 -0.383 -0.383 -0.08 -0.08 -0.08 -0.346 -0.346 -0.346 -0.346 -0.031 -0.031
-0.22848705 -0.229 -0.229 -0.229 -0.503 -0.27500588 -0.275 -0.275 -0.275 -0.275 -0.0013382778 -0.031994723 -0.031999988 0.083 0.083 0.083 0.083 0.083 0.073874848 0.089 0.089 0.089 0.089 0.089 -0.25182028 -0.66199692 -0.662 -0.662 -0.662 -0.197 -0.257 -0.257 -0.257 -0.257 0.141 0.14099357 -0.103 -0.103 -0.2708773 -0.273 -0.273 -0.273 -0.383 -0.383 -0.12691483 -0.08 -0.08 -0.346 -0.346 -0.346 -0.34262238 -0.031 -0.031
-0.229 -0.229 -0.229 -0.35803069 -0.503 -0.503 -0.275 -0.275 -0.275 -0.275 0.373 0.373 0.373 0.083 0.083 0.083 0.083 0.08300628 -0.069 -0.069 0.088999936 0.089 0.079894674 -0.285 -0.28839397 -0.662 -0.662 -0.662 -0.662 -0.25704124 -0.257 -0.257 -0.257 -0.257 -0.10299914 -0.103 -0.103 -0.103 -0.10361763 -0.273 -0.273 -0.273 -0.383 -0.383 -0.383 -0.08 -0.08 -0.34599999 -0.346 -0.346 -0.031 -0.031 -0.031
-0.229 -0.229 -0.229 -0.503 -0.503 -0.503 -0.50299965 -0.275 -0.275 0.37233108 0.373 0.373 0.373 0.37281932 0.11375805 0.121 0.121 0.121 -0.069 -0.069 -0.069 -0.285 -0.285 -0.285 -0.28506191 -0.58017421 -0.662 -0.662 -0.662 -0.56966698 -0.62996331 -0.63 -0.63 -0.63 -0.24611775 -0.44599922 -0.446 -0.446 -0.446 -0.72493815 -0.725 -0.725 -0.383 -0.383 -0.44599974 -0.44599991 -0.194 -0.194 -0.238 -0.238 -0.238 -0.031 0.11287125
-0.22900068 -0.229 -0.22900001 -0.503 -0.503 -0.503 -0.503 -0.57499991 -0.27619952 0.3724514 0.373 0.373 0.373 0.37250551 0.121 0.121 0.121 0.12099995 -0.069 -0.069 -0.069 -0.285 -0.285 -0.285 -0.506 -0.506 -0.667 -0.667 -0.667 -0.66679815 -0.63 -0.63 -0.63 -0.63 -0.53805061 -0.446 -0.446 -0.446 -0.446 -0.725 -0.725 -0.725 -0.71622159 -0.446 -0.446 -0.446 -0.194 -0.194 -0.238 -0.238 -0.238 0.11299999 0.113
-0.448 -0.3534186 -0.653 -0.65295648 -0.503 -0.57458341 -0.575 -0.575 -0.52872391 -0.232 -0.232 -0.232 -0.232 0.17198685 0.172 0.12100004 0.121 0.11599378 -0.069 -0.069 -0.069 -0.658 -0.658 -0.658 -0.506 -0.506 -0.667 -0.667 -0.667 -0.66700018 -0.90999822 -0.90999921 -0.63703738 -0.63030018 -1.0295406 -1.03 -1.03 -1.03 -1.03 -0.725 -0.725 -0.725 -0.46136277 -0.446 -0.446 -0.44600001 -0.194 -0.194 -0.19400158 -0.238 -0.23799428 -0.11 0.113
-0.44400076 -0.44400004 -0.653 -0.653 -0.653 -0.575 -0.575 -0.575 -0.448 -0.448 -0.232 -0.232 -0.232 0.172 0.172 0.172 0.172 0.17197306 -0.069 -0.069 -0.069000023 -0.658 -0.658 -0.658 -0.506 -0.506 -0.667 -0.667 -0.667 -0.90726016 -0.91 -0.91 -0.91 -0.91 -1.0299408 -1.03 -1.03 -1.03 -1.03 -0.95799994 -0.958 -0.958 -0.958 -0.44600058 -0.521 -0.521 -0.521 -0.138 -0.138 -0.138 -0.11 -0.11 -0.11
-0.444 -0.444 -0.653 -0.653 -0.653 -0.57540998 -0.575 -0.448 -0.448 -0.448 -0.23202659 -0.232 -0.2949186 0.17199989 0.172 0.172 0.172 -0.249 -0.249 -0.249 -0.648 -0.64800001 -0.65799995 -0.658 -0.65812925 -0.948 -0.948 -0.94799933 -0.66704541 -1.1789464 -1.1789986 -1.178953 -0.91045975 -0.91023214 -1.0088027 -1.0300002 -1.031307 -1.42 -1.42 -0.958 -0.958 -0.958 -0.958 -0.521 -0.521 -0.521 -0.521 -0.138 -0.138 -0.138 -0.11 -0.11 -0.11
-0.444 -0.444 -0.653 -0.653 -0.653 -0.653 -0.52746761 -0.448 -0.448 -0.448 -0.44792322 -0.309 -0.309 -0.309 0.16916536 0.172 -0.24619456 -0.249 -0.249 -0.249 -0.648 -0.648 -0.648 -0.648 -0.948 -0.948 -0.948 -0.948 -0.948 -1.179 -1.179 -1.179 -1.179 -1.1790001 -1.237 -1.42 -1.42 -1.42 -1.42 -1.4199982 -0.91 -0.91 -0.91 -0.76454028 -0.463 -0.463 -0.463 -0.13800001 -0.13800028 -0.424 -0.424 0.032965211 0.033
-0.444 -0.444 -0.57756568 -0.653 -0.653 -0.653 -0.63965929 -0.44860508 -0.448 -0.448 -0.30900001 -0.309 -0.309 -0.309 -0.309 -0.26956505 -0.249 -0.249 -0.249 -0.249 -0.64799691 -0.648 -0.648 -0.648 -0.948 -0.948 -0.948 -0.948 -0.948 -1.2846708 -1.179 -1.179 -1.179 -1.237 -1.237 -1.2371421 -1.42 -1.42 -1.2607337 -1.137 -0.91 -0.91 -0.91 -0.76701708 -0.463 -0.463 -0.463 -0.739 -0.42792487 -0.424 -0.424 0.033 0.033
-0.414 -0.414 -0.414 -0.59307613 -0.65272902 -0.64 -0.64 -0.64 -0.64 -0.341 -0.341 -0.309 -0.309 -0.309 -0.309 -0.3089962 -0.249 -0.249 -0.249 -0.249 -0.47388934 -0.648 -0.648 -0.64067228 -0.39382674 -0.948 -0.948 -0.948 -1.322 -1.322 -1.322 -1.3219994 -1.237 -1.237 -1.237 -1.237 -1.137 -1.137 -1.137 -1.137 -0.766 -0.766 -0.766 -0.64000253 -0.64 -0.64 -0.63999994 -0.739 -0.739 -0.42438381 -0.424 0.032998765 0.033
-0.414 -0.414 -0.414 -0.4140028 -0.466 -0.49130246 -0.64 -0.64 -0.64 -0.341 -0.341 -0.341 -0.391 -0.391 -0.391 -0.39099999 -0.24870141 -0.249 -0.249 -0.249 -0.25503497 -0.36800077 -0.368 -0.368 -0.368 -0.36800002 -0.772 -0.772 -1.322 -1.322 -1.322 -1.322 -1.2369998 -1.237 -1.237 -1.2369819 -1.137 -1.137 -1.137 -1.1359823 -0.766 -0.766 -0.766 -0.64000584 -0.64 -0.64 -0.64 -0.739 -0.739 -0.73899993 -0.212 -0.212 -0.164
-0.414 -0.414 -0.414 -0.46599988 -0.466 -0.466 -0.63999993 -0.64 -0.64 -0.341 -0.341 -0.341 -0.391 -0.391 -0.391 -0.36777134 -0.086 -0.086 -0.086000421 -0.24807933 -0.368 -0.368 -0.368 -0.368 -0.368 -0.36830403 -0.772 -0.772 -0.772 -1.322 -1.322 -1.3219009 -1.015 -1.015 -1.015 -0.71 -0.71 -0.905 -0.905 -0.905 -0.441 -0.76589806 -0.76599819 -0.523 -0.523 -0.52743417 -0.63999986 -0.739 -0.739 -0.212 -0.212 -0.212 -0.164
-0.414 -0.414 -0.414 -0.466 -0.466 -0.466 -0.466 -0.64 -0.64 -0.341 -0.341 -0.38900072 -0.391 -0.391 -0.391 -0.086 -0.086 -0.086 -0.086 -0.086 -0.368 -0.368 -0.368 -0.368 -0.368 -0.77199862 -0.772 -0.772 -0.772 -1.168 -1.168 -1.168 -1.015 -1.015 -1.015 -0.71 -0.71 -0.905 -0.905 -0.441 -0.441 -0.441 -0.523 -0.523 -0.523 -0.523 -0.48011909 -0.001 -0.001 -0.001 -0.21199999 0.356 0.356
-0.414 -0.414 -0.41407241 -0.466 -0.466 -0.466 -0.466 -0.54501698 -0.549 -0.54864289 -0.341 -0.39099715 -0.391 -0.391 -0.39099894 -0.086 -0.086 -0.086 -0.086 -0.086 0.34550452 -0.368 -0.368 -0.368 -0.36795922 -0.77196613 -0.772 -0.772 -0.772 -1.168 -1.168 -1.168 -1.1679783 -1.015 -0.71 -0.71 -0.71 -0.710008 -0.90496836 -0.441 -0.441 -0.441 -0.52299502 -0.523 -0.523 -0.523 -0.0010003803 -0.001 -0.001 -0.001 0.356 0.356 0.356
-0.403 -0.40300002 -0.46597043 -0.466 -0.466 -0.466 -0.54898234 -0.549 -0.549 -0.549 -0.357 -0.357 -0.357 -0.357 -0.087250775 -0.086 -0.086 -0.086 -0.086 0.37599972 0.376 0.376 -0.17000003 -0.17 -0.17 -0.17 -0.22196034 -0.772 -1.2129819 -1.213 -1.213 -1.213 -1.213 -0.671 -0.671 -0.671 -0.671 -0.671 -0.309 -0.309 -0.309 -0.309 -0.309 -0.034737133 -0.034 -0.034 -0.034 -0.001 -0.001 -0.001 0.35594376 0.356 0.356
-0.403 -0.403 -0.40204555 -0.28900036 -0.28900004 -0.28925358 -0.549 -0.549 -0.549 -0.549 -0.357 -0.357 -0.357 -0.357 -0.357 -0.086 -0.086 -0.086 0.37599988 0.376 0.376 0.376 -0.17 -0.17 -0.17 -0.17 -0.17 -0.17012843 -1.212978 -1.213 -1.213 -1.213 -1.2129912 -0.77360919 -0.67110625 -0.671 -0.671 -0.671 -0.309 -0.309 -0.309 -0.309 -0.309 -0.034 -0.034 -0.034 -0.034 -0.018568555 -0.00099999997 0.30751904 0.311 0.024 0.024
-0.403 -0.403 -0.28901444 -0.289 -0.289 -0.289 -0.3550389 -0.549 -0.549 -0.549 -0.357 -0.357 -0.357 -0.357 -0.357 -0.086202372 -0.086 0.37586454 0.376 0.376 0.376 0.376 0.032269238 -0.17 -0.17 -0.17 -0.17 -0.17069826 -1.156 -1.156 -1.156 -1.156 -1.156 -0.852 -0.852 -0.852 -0.852 -0.852 -0.621 -0.621 -0.621 -0.621 -0.621 -0.03351655 -0.033999899 -0.033999999 -0.033966437 -0.029911853 0.311 0.311 0.311 0.024001608 0.024
-0.40299977 -0.27945649 -0.289 -0.289 -0.289 -0.289 -0.289 -0.54888929 -0.549 -0.549 -0.357 -0.357 -0.357 -0.357 0.30496291 0.32 0.32 0.37599856 0.376 0.376 0.376 0.376 0.37599991 -0.17 -0.17 -0.17 -0.17 -1.0260001 -1.0260001 -1.0536672 -1.156 -1.156 -1.156 -0.852 -0.852 -0.852 -0.852 -0.85189163 -0.621 -0.621 -0.621 -0.621 -0.62098889 0.164 0.164 0.164 0.164 0.16401186 0.311 0.311 0.311 0.31099979 -0.029204719
-0.277 -0.277 -0.25862433 -0.289 -0.289 -0.289 -0.289 -0.289 -0.54888734 0.19199999 0.192 0.192 0.19069711 0.31999903 0.32 0.32 0.32 0.32 0.37599747 0.3543572 0.165 0.165 0.165 0.077070173 -0.22002273 -0.4876849 -0.71367118 -1.026 -1.026 -1.026 -1.026 -1.026 -1.0265223 -0.69174187 -0.692 -0.692 -0.692 -0.692 -0.59376124 -0.47600026 -0.476 -0.476 -0.476 0.025000408 0.16399996 0.164 0.164 0.259 0.31099917 0.311 0.311 -0.03 -0.03
-0.277 -0.277 -0.138 -0.138 -0.138 -0.2889497 -0.289 -0.289 0.192 0.192 0.192 0.192 0.192 0.31999999 0.32 0.32 0.32 0.32 0.165 0.165 0.165 0.165 0.165 -0.79499995 -0.795 -0.795 -0.795 -1.026 -1.026 -1.026 -1.026 -1.026 -0.669 -0.669 -0.692 -0.692 -0.692 -0.44504206 -0.445 -0.476 -0.476 -0.476 -0.47599994 0.025 0.025 0.025 0.259 0.259 0.259 0.244 0.244 -0.03 -0.03
-0.277 -0.277 -0.138 -0.138 -0.138 -0.138 -0.13799992 -0.123 0.19170342 0.192 0.192 0.192 0.192 0.31840332 0.32 0.32 0.32 0.32 0.165 0.165 0.165 0.165 0.165 -0.795 -0.795 -0.795 -0.795 -0.79500095 -1.026 -1.026 -1.026 -0.66901872 -0.669 -0.669 -0.669 -0.692 -0.445 -0.445 -0.445 -0.44581567 -0.13879661 -0.076 -0.076 0.025 0.025 0.025 0.259 0.259 0.259 0.244 0.244 0.244 -0.0055456585
