interpolatedSpi/02-12|23_2.tif
NCOLS 53
NROWS 52
XLLCORNER -116.03883
YLLCORNER 28.596182
DX 0.49850594
DY 0.49788537
NODATA_VALUE -9999
[rows 26 to 51 of 52, columns 0 to 52 of 53]
0.50454545 0.50454545 0.50454545 0.32880699 0.27015635 0.49363636 0.49363636 0.49363636 0.49363636 0.42909091 0.42909091 0.47181818 0.47181818 0.47181818 0.47181818 0.47181361 0.4 0.4 0.4 0.4 0.39590085 0.39272727 0.39272727 0.39446404 0.46751091 0.64818182 0.64818182 0.64818182 0.15181818 0.15181818 0.15181818 0.15182017 0.16909091 0.16909091 0.16909091 0.16909091 -0.48181818 -0.48181818 -0.48181818 -0.48181818 -0.37363636 -0.37363636 -0.37363636 -0.50999726 -0.51 -0.51 -0.50999997 -0.48 -0.48 -0.64162102 -0.64181818 -0.13000117 -0.13
0.50454545 0.50454545 0.50454545 0.50453845 0.37454545 0.39186323 0.49363636 0.49363636 0.49363636 0.42909091 0.42909091 0.42909091 -0.13909088 -0.13909091 -0.13909091 -0.1390909 0.39896086 0.4 0.4 0.4 0.39989334 0.45909073 0.45909091 0.45909091 0.45909091 0.4590909 0.11727273 0.11727273 0.15181818 0.15181818 0.15181818 0.15181818 0.16909081 0.16909091 0.16909091 0.16907965 -0.48181818 -0.48181818 -0.48181818 -0.48148718 -0.37363636 -0.37363636 -0.37363636 -0.50999368 -0.51 -0.51 -0.51 -0.48 -0.48 -0.47999998 -0.36181818 -0.36181818 -0.19090909
0.50454545 0.50454545 0.50454545 0.37454575 0.37454545 0.37454545 0.49363632 0.49363636 0.49363636 0.42909091 0.42909091 0.42909091 -0.13909091 -0.13909091 -0.13909091 -0.14123722 -0.16727273 -0.16727273 -0.16727126 0.3967959 0.45909091 0.45909091 0.45909091 0.45909091 0.45909091 0.45883367 0.11727273 0.11727273 0.11727273 0.15181818 0.15181818 0.15170993 0.030909091 0.030909091 0.030909091 -0.38636363 -0.38636364 -0.40636364 -0.40636364 -0.40636364 -0.29636364 -0.37361213 -0.373636 -0.32454545 -0.32454545 -0.33157397 -0.50999946 -0.48 -0.48 -0.36181818 -0.36181818 -0.36181818 -0.19090909
0.50454545 0.50454545 0.50454545 0.37454545 0.37454545 0.37454545 0.37454545 0.49363636 0.49363636 0.42909091 0.42909091 -0.11637183 -0.13909091 -0.13909091 -0.13909091 -0.16727273 -0.16727273 -0.16727273 -0.16727273 -0.16727273 0.45909091 0.45909091 0.45909091 0.45909091 0.45909091 0.11727389 0.11727273 0.11727273 0.11727273 -0.016363636 -0.016363636 -0.016363636 0.030909091 0.030909091 0.030909091 -0.38636364 -0.38636364 -0.40636364 -0.40636364 -0.29636364 -0.29636364 -0.29636364 -0.32454545 -0.32454545 -0.32454545 -0.32454545 -0.33910794 -0.50181818 -0.50181818 -0.50181818 -0.36181818 -0.34545455 -0.34545455
0.50454545 0.50454545 0.50436442 0.37454545 0.37454545 0.37454545 0.37454545 0.22914729 0.22181818 0.22217404 0.42909089 -0.13908413 -0.13909091 -0.13909091 -0.13909101 -0.16727273 -0.16727273 -0.16727273 -0.16727273 -0.16727273 -0.33952557 0.45909091 0.45909091 0.45909091 0.45904972 0.11728071 0.11727273 0.11727273 0.11727273 -0.016363636 -0.016363636 -0.016363636 -0.016356679 0.030909091 -0.38636364 -0.38636364 -0.38636364 -0.38636445 -0.40635613 -0.29636364 -0.29636364 -0.29636364 -0.32454374 -0.32454545 -0.32454545 -0.32454545 -0.50181891 -0.50181818 -0.50181818 -0.50181818 -0.34545455 -0.34545455 -0.34545455
0.49181818 0.4918182 0.37461797 0.37454545 0.37454545 0.37454545 0.22185068 0.22181818 0.22181818 0.22181818 -0.058181811 -0.058181818 -0.058181818 -0.058181818 -0.16676924 -0.16727273 -0.16727273 -0.16727273 -0.16727273 -0.37363624 -0.37363636 -0.37363636 0.25909094 0.25909091 0.25909091 0.25909091 0.24685018 0.11727273 4.8030231e-06 1.0092937e-17 1.0092937e-17 1.0092937e-17 -1.7020228e-13 -0.38 -0.38 -0.38 -0.38 -0.38 -0.30545455 -0.30545455 -0.30545455 -0.30545455 -0.30545455 -0.57598404 -0.57636364 -0.57636364 -0.57636364 -0.50181818 -0.50181818 -0.50181818 -0.34547918 -0.34545455 -0.34545455
0.49181818 0.49181818 0.49110268 0.40636357 0.40636363 0.40618372 0.22181818 0.22181818 0.22181818 0.22181818 -0.058181818 -0.058181818 -0.058181818 -0.058181818 -0.058181818 -0.16727273 -0.16727273 -0.16727273 -0.37363631 -0.37363636 -0.37363636 -0.37363636 0.25909091 0.25909091 0.25909091 0.25909091 0.25909091 0.25906065 0.00014814511 1.5846766e-09 1.0319794e-17 9.0125219e-11 5.9513299e-05 -0.20168367 -0.37981536 -0.38 -0.38 -0.38 -0.30545455 -0.30545455 -0.30545455 -0.30545455 -0.30545455 -0.57636364 -0.57636364 -0.57636364 -0.57636364 -0.54150473 -0.50181818 -0.26988953 -0.26727273 -0.31090909 -0.31090909
0.49181818 0.49181818 0.40637446 0.40636364 0.40636364 0.40636364 0.35948987 0.22181818 0.22181818 0.22181818 -0.058181818 -0.058181818 -0.058181818 -0.058181818 -0.058181818 -0.16719145 -0.16727273 -0.37357586 -0.37363636 -0.37363636 -0.37363636 -0.37363636 0.024692991 0.25909091 0.25909091 0.25909091 0.25909091 0.2591792 0.38363636 0.38363636 0.38363636 0.38363636 0.38363636 -0.065454545 -0.065454545 -0.065454545 -0.065454545 -0.065454545 -0.53454545 -0.53454545 -0.53454545 -0.53454545 -0.53454545 -0.57520717 -0.57636339 -0.57636363 -0.57628335 -0.56665871 -0.26727273 -0.26727273 -0.26727273 -0.31090885 -0.31090909
0.49181783 0.30641379 0.40636362 0.40636364 0.40636364 0.40636364 0.40636364 0.22189676 0.22181818 0.22181818 -0.058181818 -0.058181818 -0.058181818 -0.058181818 -0.34440722 -0.35090909 -0.35090909 -0.37363578 -0.37363636 -0.37363636 -0.37363636 -0.37363636 -0.37363628 0.25909091 0.25909091 0.25909091 0.25909091 0.60727251 0.60727262 0.55967747 0.38363636 0.38363636 0.38363636 -0.065454544 -0.065454545 -0.065454545 -0.065454545 -0.065292613 -0.53454545 -0.53454545 -0.53454545 -0.53454545 -0.53450931 -0.10272727 -0.10272727 -0.10272727 -0.10272727 -0.10274054 -0.26727273 -0.26727273 -0.26727273 -0.26727263 -0.11564598
0.30272727 0.30272727 0.27420106 0.40636364 0.40636364 0.40636364 0.40636364 0.40636364 0.22189594 -0.16272727 -0.16272727 -0.16272727 -0.16247916 -0.35090867 -0.35090909 -0.35090909 -0.35090909 -0.35090909 -0.37363456 -0.35825049 -0.22363636 -0.22363636 -0.22363636 -0.10237682 0.23035057 0.076566493 -0.052792966 0.60727273 0.60727273 0.60727273 0.60727273 0.60727273 0.59600692 0.17542189 0.17363636 0.17363636 0.17363636 0.17363636 -0.44591253 -0.06272812 -0.062727273 -0.062727273 -0.062727273 0.064544964 -0.10272723 -0.10272727 -0.10272727 0.30636364 -0.26726354 -0.26727273 -0.26727273 -0.11272727 -0.11272727
0.30272727 0.30272727 -0.019090907 -0.019090909 -0.019090909 0.40622191 0.40636364 0.40636364 -0.16272727 -0.16272727 -0.16272727 -0.16272727 -0.16272727 -0.35090908 -0.35090909 -0.35090909 -0.35090909 -0.35090909 -0.22363636 -0.22363636 -0.22363636 -0.22363636 -0.22363636 -0.10000001 -0.1 -0.1 -0.1 0.60727272 0.60727273 0.60727273 0.60727273 0.60727273 0.33272727 0.33272727 0.17363636 0.17363636 0.17363636 0.27452827 0.27454545 -0.062727273 -0.062727273 -0.062727273 -0.06272723 0.064545455 0.064545455 0.064545455 0.30636364 0.30636364 0.30636364 0.14545455 0.14545455 -0.11272727 -0.11272727
0.30272727 0.30272727 -0.019090909 -0.019090909 -0.019090909 -0.019090909 -0.019092092 -0.23454545 -0.16279489 -0.16272727 -0.16272727 -0.16272727 -0.16272727 -0.34856169 -0.35090909 -0.35090909 -0.35090909 -0.35090909 -0.22363637 -0.22363636 -0.22363636 -0.22363636 -0.22363636 -0.1 -0.1 -0.1 -0.1 -0.099997134 0.60727273 0.60727273 0.60727273 0.33274167 0.33272727 0.33272727 0.33272727 0.17363636 0.27454545 0.27454545 0.27454545 0.26567118 0.17408147 0.21818182 0.21818182 0.064545455 0.064545455 0.064545455 0.30636364 0.30636364 0.30636364 0.14545455 0.14545455 0.14545455 -0.033682936
0.26090909 0.26090942 -0.019090909 -0.019090909 -0.019090909 -0.019090909 -0.23454545 -0.23454545 -0.23454545 -0.16272727 -0.16272727 -0.16272727 -0.16272727 -0.16278577 -0.35090909 -0.35090909 -0.35090909 -0.35090909 -0.22363878 -0.22363636 -0.22363636 -0.22363637 -0.12179171 -0.1 -0.1 -0.1 -0.1 -0.028181877 -0.028181818 -0.028181811 0.60044233 0.33272727 0.33272727 0.33272727 0.33272698 0.023636368 0.27454545 0.27454545 0.27454545 0.27454545 0.21818182 0.21818182 0.21818182 0.20727273 0.20727273 0.20727273 0.14274321 0.30636364 0.30636364 0.14545454 0.14545455 0.14545455 -0.025455455
0.26090909 0.26090909 -0.019090909 -0.019090909 -0.019090909 -0.23454545 -0.23454545 -0.23454545 -0.23454545 -0.17060788 -0.16272727 -0.16272727 -0.16272727 -0.16272876 -0.4627144 -0.46272727 -0.46272727 -0.46272727 -0.59614682 -0.67 -0.67 -0.67 -0.67 -0.1 -0.1 -0.1 -0.099995263 -0.028181818 -0.028181818 -0.028181818 -0.028181818 0.33267827 0.15887258 0.023636364 0.023636364 0.023636364 0.2740186 0.1336393 0.13363636 0.13363636 0.21826015 0.31818182 0.31818182 0.20727273 0.20727273 0.20727245 0.14272727 0.14272727 -0.18909091 -0.18909091 -0.18909091 -0.35090909 -0.35181818
0.26090909 0.26090909 0.086363636 0.086363636 0.086363636 -0.23454545 -0.23454545 -0.23454545 -0.23454545 -0.43454545 -0.43454545 -0.43454545 -0.43454545 -0.43653149 -0.46272727 -0.46272727 -0.46272727 -0.46272727 -0.59363636 -0.67 -0.67 -0.67 -0.67 -0.39545455 -0.39545443 -0.10000044 -0.028181818 -0.028181818 -0.028181818 -0.028181818 -0.0079308085 0.011818182 0.022230162 0.023636364 0.023636364 0.023636364 0.13363636 0.13363636 0.13363636 0.13363636 0.31818182 0.31818182 0.31818182 0.55628853 0.55636364 0.14458654 0.14272727 0.14272727 -0.18909119 -0.18909091 -0.35090909 -0.35090909 -0.35181818
0.26090909 0.086363637 0.086363636 0.086363636 0.086363636 0.086363636 -0.23729775 -0.58909091 -0.58909091 -0.43454545 -0.43454545 -0.43454545 -0.43454545 -0.43455213 -0.46272727 -0.46272727 -0.46272727 -0.46864216 -0.59363636 -0.59363636 -0.67 -0.67 -0.39545455 -0.39545455 -0.39545455 -0.39545455 -0.028181818 -0.028181818 -0.028181818 -0.028181818 0.011818182 0.011818182 0.011818182 0.023624405 0.023636364 0.023636364 0.13363636 0.13363636 0.13363636 0.13363636 0.31818182 0.31818182 0.31818182 0.55636364 0.55636364 0.55634458 0.22 0.22 -0.28 -0.28 -0.35090909 -0.35090909 -0.35181818
0.088002835 0.086363636 0.086363636 0.086363636 0.086363636 0.086363636 -0.58909091 -0.58909091 -0.58909091 -0.50637172 -0.43454545 -0.43454545 -0.43454545 -0.43454797 -0.46272727 -0.46272727 -0.46272727 -0.59363636 -0.59363636 -0.59363636 -0.66999618 -0.66999832 -0.39545455 -0.39545455 -0.39545455 -0.39545455 -0.028207924 -0.028181818 -0.028181818 0.011808983 0.011818182 0.011818182 0.011818182 0.011818182 0.023296477 -0.19181818 -0.19181818 -0.18618563 0.13363636 0.13363636 0.31818166 0.31818182 0.54943845 0.55636364 0.55636364 0.22000012 0.22 0.22 -0.28 -0.28 -0.58363636 -0.58363636 -0.59636364
0.086363636 0.086363636 0.086363636 0.086363636 0.086363636 0.086363636 -0.58909091 -0.58909091 -0.58909091 -0.58909091 -0.55999639 -0.56 -0.56 -0.56 -0.46272788 -0.57985726 -0.64545455 -0.64545455 -0.59373189 -0.59363636 -0.59363638 -0.39545494 -0.39545455 -0.39545455 -0.39545455 -0.39545455 -0.39518752 -0.028181818 -0.028180451 0.011818182 0.011818182 0.011818182 0.011818182 0.011818182 -0.19181818 -0.19181818 -0.19181818 -0.19181818 -0.19181818 -0.19181728 -0.30909091 -0.30909091 -0.30909084 -0.091818182 -0.091818182 -0.091818182 -0.48727273 -0.48727273 -0.63 -0.63 -0.58363636 -0.58363639 -0.59636364
0.086363636 0.086363636 0.086363636 0.086363636 0.086363636 0.086363636 -0.58909091 -0.58909091 -0.58909091 -0.56 -0.56 -0.56 -0.56 -0.56 -0.58252561 -0.64545455 -0.64545455 -0.64545455 -0.64545455 -0.64545455 -0.6429804 -0.39545455 -0.39545455 -0.39545455 -0.39545455 -0.39907993 -0.51072817 -0.093912922 0.011620923 0.011818182 0.011818182 0.011818182 0.011818182 0.011817736 -0.19181818 -0.19181818 -0.19181818 -0.19181818 -0.19181818 -0.24637318 -0.30909091 -0.30909091 -0.30909091 -0.091818182 -0.091818182 -0.091818182 -0.48727273 -0.48727273 -0.63 -0.63 -1.0645454 -0.62219049 -0.59636364
0.086363636 0.086363636 0.086363636 0.086363636 0.086363636 0.086363434 -0.58909075 -0.58909091 -0.58788347 -0.56 -0.56 -0.56 -0.56 -0.56 -0.56409893 -0.64545455 -0.64545455 -0.64545455 -0.64545455 -0.64545455 -0.64545455 -0.49368057 -0.51090893 -0.51090909 -0.51090909 -0.51090909 -0.51090909 -0.51090909 -0.37243351 -0.37090456 -0.37090908 -0.37090909 -0.37090909 -0.37090896 -0.19181818 -0.19181818 -0.19181818 -0.19181818 -0.19181818 -0.3090909 -0.30909091 -0.30909091 -0.30909091 -0.30909081 -0.09276554 -0.68272727 -0.48727275 -0.96611568 -0.63030189 -1.0645455 -1.0645455 -1.0604826 -0.86909091
0.086363636 0.086363636 0.086363636 0.086363636 0.086363636 0.086320487 -0.58905448 -0.58908915 -0.56000004 -0.56 -0.56 -0.56 -0.56 -0.56 -0.56162602 -0.64545455 -0.64545455 -0.64545455 -0.64545455 -0.64545455 -0.64545455 -0.51090909 -0.51090909 -0.51090909 -0.51090909 -0.51090909 -0.51090909 -0.51090909 -0.37094774 -0.37090909 -0.37090909 -0.37090909 -0.37090909 -0.37090909 -0.3218382 -0.19181818 -0.19181818 -0.19181818 -0.19181818 -0.30909091 -0.30909091 -0.30909091 -0.30909091 -0.30918663 -0.68272727 -0.68272727 -0.68455625 -0.97454545 -0.97454545 -1.0645455 -1.0645455 -0.86909091 -0.86909091
0.086363636 0.086363636 0.086363636 0.086363636 0.086363632 0.085462826 -0.58828829 -0.56328272 -0.56 -0.56 -0.56 -0.56 -0.56 -0.56 -0.56149603 -0.64545455 -0.64545455 -0.64545455 -0.64545455 -0.64545455 -0.62629772 -0.51090909 -0.51090909 -0.51090909 -0.51090909 -0.51090909 -0.51090909 -0.51090909 -0.37090965 -0.37090909 -0.37090909 -0.37090909 -0.37090909 -0.37090909 -0.37090909 -0.25845552 -0.36203231 -0.418669 -0.42729752 -0.33643856 -0.30909092 -0.30909091 -0.30909091 -0.68269744 -0.68272727 -0.68414903 -0.92090935 -0.97454545 -0.97454545 -1.2117658 -1.2118182 -1.2118182 -0.86909106
0.086363636 0.086363636 0.086363636 0.086363636 0.086362951 0.080730621 -0.58184359 -0.560008 -0.56 -0.56 -0.56 -0.56 -0.56 -0.56 -0.5619955 -0.64545455 -0.64545455 -0.64545455 -0.64545455 -0.64545454 -0.51090967 -0.51090909 -0.51090909 -0.51090909 -0.51090909 -0.51090909 -0.51090909 -0.51090909 -0.37090913 -0.37090909 -0.37090909 -0.37090909 -0.37090909 -0.37090909 -0.3709091 -0.43181818 -0.43181818 -0.43181818 -0.43181818 -0.73454545 -0.73454545 -0.73454545 -0.73454545 -0.9209084 -0.92090909 -0.92090909 -0.92090909 -0.92090966 -0.97181818 -0.97181818 -1.2118182 -1.2118182 -1.1693625
0.086363636 0.086363636 0.086363636 0.086363584 0.086344774 0.068039265 -0.56083267 -0.56000038 -0.56 -0.56 -0.56 -0.56 -0.56 -0.56 -0.56290085 -0.64545451 -0.64545455 -0.64545455 -0.64545455 -0.64464478 -0.51090909 -0.51090909 -0.51090909 -0.51090909 -0.51090909 -0.51090909 -0.51090909 -0.51090909 -0.37090912 -0.37090909 -0.37090909 -0.37090909 -0.37090909 -0.37090909 -0.43181813 -0.43181818 -0.43181818 -0.43181818 -0.43181818 -0.73454545 -0.73454545 -0.73454545 -0.73454545 -0.7848442 -0.92090909 -0.92090909 -0.92090909 -0.97181761 -0.97181818 -0.97181818 -1.1545455 -1.1545455 -1.1545455
0.086363636 0.086363635 0.086363605 0.086362105 0.086178821 0.019027284 -0.55997032 -0.56000009 -0.56 -0.56 -0.56 -0.56 -0.56 -0.56000001 -0.56412727 -0.64545254 -0.64545455 -0.64545455 -0.64545439 -0.5136352 -0.51090909 -0.51090909 -0.51090909 -0.51090909 -0.51090909 -0.51090909 -0.51090909 -0.51090909 -0.37090922 -0.37090909 -0.37090909 -0.37090909 -0.37090909 -0.21851141 -0.4318181 -0.43181818 -0.43181818 -0.43181818 -0.43181818 -0.73454545 -0.73454545 -0.73454545 -0.73454545 -0.73454545 -0.92090909 -0.92090909 -0.92090909 -0.97181818 -0.97181818 -0.97181818 -1.1545455 -1.1545455 -1.1545455
0.08636363 0.086363591 0.086362997 0.086345545 0.085263209 -0.29103634 -0.5599779 -0.56000006 -0.56 -0.56 -0.56 -0.56 -0.56 -0.56000016 -0.56558537 -0.64542334 -0.64545454 -0.64545454 -0.64475794 -0.51092053 -0.51090909 -0.51090909 -0.51090909 -0.51090909 -0.51090909 -0.51090909 -0.51090909 -0.51090901 -0.37090997 -0.37090909 -0.37090894 -0.18102899 -0.16272727 -0.16272727 -0.16272727 -0.43181818 -0.43181818 -0.43181818 -0.43181818 -0.73454545 -0.73454545 -0.73454545 -0.73454545 -0.73454545 -0.92090579 -0.92090909 -0.92090912 -0.97181818 -0.97181818 -0.97181828 -1.1545455 -1.1545455 -1.1545455
