interpolatedSpi/02-11|21_2.tif
NCOLS 53
NROWS 52
XLLCORNER -116.03883
YLLCORNER 28.596182
DX 0.49850594
DY 0.49788537
NODATA_VALUE -9999
[rows 0 to 38 of 52, columns 0 to 52 of 53]
-0.747 -0.747 -0.70835641 -0.858 -0.838 -1.053 -1.051 -1.022 -1.0944585 -1.238 -1.314 -0.909 -1.2949451 -0.628 -0.744 -0.744 -0.744 -0.623 -0.706 -0.706 -0.706 -0.70599623 -0.31500001 -0.971 -0.971 -0.971 -0.73699915 -0.737 -0.737 -0.503 -0.503 -0.503 -0.503 -0.93499991 -0.935 -0.935 -0.935 -0.935 -0.935 -0.93499998 -0.36612737 -0.35999861 -0.354 -0.354 -0.354 -0.354 -0.35354103 -0.073 -0.073 -0.073 0.52799875 0.528 0.528
-0.74702581 -1.328 -0.86599969 -0.91700185 -1.0580441 -0.693 -0.879 -1.2108833 -1.487 -1.378 -1.179 -1.295 -1.295 -1.0396229 -0.62800601 -0.744 -0.623 -0.623 -0.70589178 -0.706 -0.706 -0.706 -0.97252648 -0.971 -0.971 -0.971 -1.084 -1.084 -0.503 -0.503 -0.503 -0.503 -0.503 -0.93499994 -0.935 -0.935 -0.935 -0.935 -0.93499998 -0.86803341 -0.52702435 -0.37499229 -0.354 -0.354 -0.354 -0.354 -0.354 -0.073 -0.073 -0.073 -0.023164505 0.528 0.528
-1.1289898 -1.129 -0.596 -0.641 -0.807 -1.095 -0.675 -1.186 -1.445 -1.395 -1.182 -1.438 -0.895 -0.97 -1.041 -1.485 -0.623 -0.623 -0.623 -0.93793256 -0.938 -0.938 -1 -0.971 -0.971 -0.971 -1.084 -1.084 -1.084 -0.503 -0.503 -0.50300001 -0.59783581 -0.93420881 -0.93225418 -0.64270322 -0.64 -0.64 -0.62578758 -0.527 -0.527 -0.52677878 -0.354 -0.354 -0.354 -0.354 -0.354 -0.073 -0.073 -0.073 -0.072999999 0.528 0.528
-0.451 -1.129 -0.89999418 -0.282 -0.812 -0.87 -0.801 -1.114 -1.05 -1.0589307 -1.118 -1.608 -1.526 -0.97 -1.053 -1.485 -1.6001125 -1.6003148 -1.557 -0.938 -0.938 -1.356 -1 -1 -0.971 -0.97100056 -1.084 -1.084 -1.084 -0.814 -0.75145074 -0.7 -0.7 -0.69999995 -0.64 -0.64 -0.64 -0.64 -0.527 -0.527 -0.527 -0.52699999 -0.354 -0.354 -0.354 -0.354 -0.354 -0.073003545 -0.073 -0.073 -0.073 0.52795777 0.528
-0.451 -0.20200128 -0.9 -1.0700975 -0.812 -0.802 -1.1749848 -1.118 -1.156 -1.049 -1.2518896 -1.3499483 -0.989 -1.053 -1.053 -1.3438729 -1.601 -1.601 -1.557 -1.557 -0.93800079 -1.356 -1.127 -0.79 -0.536 -0.53594682 -1.084 -1.084 -0.814 -0.814 -0.7 -0.7 -0.7 -0.63494223 -0.64 -0.64 -0.64 -0.527 -0.527 -0.527 -0.527 -0.52699797 -0.354 -0.354 -0.354 -0.354 -0.354 -0.35149875 -0.073 -0.073031029 -0.765 -0.765 -0.765
-1.358 -0.721 -0.47800001 -0.842 -0.979 -0.911 -1.18 -1.1720622 -0.798 -0.622 -0.67 -0.301 -0.30100045 -1.173 -1.173 -1.6148766 -1.615 -1.261 -1.261 -1.5569993 -0.91 -0.91 -0.79 -0.536 -0.536 -0.308 -0.442 -0.442 -0.33604342 -0.814 -0.7 -0.7 -0.355 -0.35499822 -0.3380013 -0.633 -0.633 -0.55979352 -0.527 -0.527 -0.50602619 -0.506 -0.50599929 -1.0210138 -1.032925 -1.0329998 -1.033 -1.0329997 -0.67069514 -0.765 -0.765 -0.765 -0.765
0.12599239 -0.471 -0.28999917 -0.238 -0.504 -1.156 -0.681 -0.8 -0.977 -0.977 -0.67 -1.043 -1.07 -1.173 -1.1040002 -1.104 -1.615 -1.151 -0.779 -0.779 -0.91188506 -0.914 -0.914 -0.204 -0.308 -0.308 -0.442 -0.442 -0.3360007 -0.33601288 -0.3370339 -0.355 -0.355 -0.338 -0.338 -0.6520624 -0.633 -0.633 -0.62500028 -0.50600017 -0.506 -0.506 -0.505996 -1.0329968 -1.033 -1.033 -1.033 -1.0329998 -0.675 -0.76498216 -0.765 -0.765 -0.765
0.126 0.257 0.016 -0.904 -0.90300006 -0.858 -0.657 -1.158 -1.172 -1.096 -1.096 -1.087 -1.07 -1.07 -1.1037667 -1.4009068 -1.43 -0.774 -0.83899994 -0.779 -0.31654764 -0.323 -0.162 -0.0040000007 -0.004000632 -0.053 -0.481 -0.48099999 -0.34795795 -0.348 -0.337 -0.63527482 -0.511 -0.338 -0.34986482 -0.668 -0.668 -0.625 -0.625 -0.506 -0.506 -0.50599999 -0.45728327 -0.45800003 -1.033 -1.033 -1.033 -0.67501363 -0.675 -0.675 -0.765 -0.765 -0.765
0.11362882 0.257 0.482 -0.328 -0.619 -0.695 -0.849 -0.821 -1.087 -0.9195381 -0.972 -0.983 -0.983 -0.951 -0.95099821 -0.97028485 -0.969 -0.969 -0.78392235 -0.36599998 -0.247 -0.247 -0.2 -0.17697517 -0.048062094 -0.053 -0.404 -0.481 -0.4631046 -0.463 -0.67 -0.35 -0.35906637 -0.775 -0.754 -0.864 -0.911 -0.847 -0.76703694 -0.5046564 -0.205 -0.337 -0.45797932 -0.458 -0.46123641 -1.033 -1.175 -0.675 -0.675 -0.675 -0.675 -0.75279827 -0.408
-0.688 -0.688 0.573 0.05 -0.53 -0.735 -0.793 -0.634 -0.802 -0.87700099 -1.125 -0.248 -0.951 -0.951 -0.761 -0.76385281 -0.969 -0.96894081 -0.691 -0.366 -0.366 -0.35066881 -0.2 -0.41399595 -0.414 -0.414 -0.404 -0.215 -0.215 -0.463 -0.463 -0.35003414 -0.368 -0.775 -0.309 -0.864 -0.911 -0.668 -0.767 -0.71387519 -0.33699999 -0.33479596 -0.331 -0.458 -0.458 -1.175 -1.175 -1.175 -0.675 -0.675 -0.667 -0.667 -0.6669999
-0.688 -0.688 -0.097 -0.602 -0.933 -0.395 -0.78 -0.91800104 -0.97 -0.87 -1.046 -0.947 -0.24893162 -0.761 -0.761 -0.76101269 -0.871 -0.86155276 -0.691 -0.896 -0.896 -0.544 -0.544 -0.414 -0.414 -0.414 -0.215 -0.215 -0.215 -0.673 -0.673 -0.6729995 -0.446 -0.446 -0.73 -0.859 -0.443 -1.2079927 -0.969 -0.713 -0.713 -0.34799994 -0.331 -0.458 -0.57500018 -0.85 -0.74585622 -0.744 -0.62 -0.62 -0.667 -0.667 -0.667
-0.688 -0.43293062 -0.31250151 -0.63699527 -0.237 -0.959 -0.78 -0.918 -0.96999957 -0.87110788 -0.9469999 -0.947 -0.806 -0.761 -0.761 -0.871 -0.871 -0.87098976 -0.691 -0.896 -0.82687436 -0.544 -0.544 -0.41400565 -0.414 -0.43635293 -0.482 -0.482 -0.48199997 -0.673 -0.673 -0.571 -0.571 -0.44600078 -0.73 -0.68400008 -0.42728551 -1.208 -1.208 -0.71299999 -0.348 -0.348 -0.34800164 -0.575 -0.575 -0.85 -0.744 -0.744 -0.62 -0.62 -0.667 -0.667 -0.667
-1.148 -0.48534033 -0.51100281 -0.51190734 -0.23700379 -0.95898295 -0.78 -0.9163013 -0.96641667 -0.96738873 -0.806 -0.806 -0.806 -0.806 -0.76100637 -0.871 -0.871 -0.86867591 -0.691 -0.89602183 -0.976 -0.976 -0.976 -0.976 -0.42356262 -0.482 -0.482 -0.482 -0.482 -0.48216784 -0.571 -0.571 -0.571 -0.571 -0.684 -0.684 -0.684 -1.1817276 -1.2053338 -0.853 -0.853 -0.34802716 -0.72999469 -0.57501493 -0.575 -0.85 -0.744 -0.744 -0.62 -0.62 -0.66682949 -0.667 -0.40450819
-1.148 -0.511 -0.511 -0.511 -0.511 -0.51100018 -0.78045809 -0.84530322 -0.95685665 -0.80617415 -0.806 -0.806 -0.806 -0.806 -0.80600014 -0.871 -0.87099997 -0.85865323 -0.69100343 -0.976 -0.976 -0.976 -0.976 -0.976 -0.97160987 -0.62954527 -0.68599996 -0.686 -0.686 -0.686 -0.571 -0.571 -0.57099996 -0.54 -0.54 -0.684 -0.53719905 -0.533 -0.85299981 -0.853 -0.853 -0.853 -0.73 -0.73 -0.73 -0.73083509 -0.72613913 -0.726 -0.726 -0.726 -0.726 -0.25900008 -0.259
-0.989 -0.511 -0.511 -0.511 -0.511 -0.511 -0.51100002 -0.7588796 -1.0055524 -1.006 -1.006 -1.006 -1.006 -1.006 -1.006 -0.68266976 -0.86788944 -0.84635196 -0.97596423 -0.976 -0.976 -0.976 -0.976 -0.97599961 -0.773 -0.773 -0.77299988 -0.686 -0.686 -0.68586784 -0.62 -0.62 -0.54 -0.54 -0.54 -0.53412122 -0.533 -0.533 -0.533 -0.853 -0.853 -0.853 -0.73 -0.73 -0.73 -0.73 -0.726 -0.726 -0.726 -0.726 -0.726 -0.259 -0.259
-0.989 -0.81104603 -0.511 -0.511 -0.511 -0.511 -0.62497763 -0.625 -0.62500001 -1.006 -1.006 -1.006 -1.006 -1.006 -0.93319969 -0.676 -0.676 -0.676 -0.64102313 -0.64000034 -0.64 -0.64 -0.64 -0.64 -0.773 -0.773 -0.773 -0.773 -0.686 -0.62 -0.62 -0.62 -0.54000001 -0.54 -0.54 -0.302 -0.53269415 -0.533 -0.533 -0.8528814 -0.61635597 -0.064364125 -0.73 -0.73 -0.52762647 -0.527 -0.527 -0.72533421 -0.32241529 -0.32100004 -0.32100008 -0.037033673 -0.25899955
-0.989 -0.78658621 -0.64763243 -0.511 -0.511 -0.62493264 -0.625 -0.625 -0.625 -0.6277456 -1.006 -1.006 -1.006 -1.006 -0.676 -0.676 -0.676 -0.676 -0.64003216 -0.64 -0.64 -0.64 -0.64 -0.64 -0.773 -0.773 -0.773 -0.773 -0.77244348 -0.62 -0.62 -0.62 -0.613 -0.53997755 -0.302 -0.302 -0.302 -0.29798292 -0.091812963 -0.062 -0.062 -0.062 -0.445 -0.445 -0.527 -0.527 -0.527 -0.321 -0.321 -0.321 -0.321 -0.037 -0.037
-0.78104895 -0.781 -0.781 -0.781 -0.499 -0.62499675 -0.625 -0.625 -0.625 -0.625 -0.96996276 -1.0059938 -1.006 -0.676 -0.676 -0.676 -0.676 -0.676 -0.65329231 -0.64 -0.64 -0.64 -0.64 -0.64 -0.63790979 -0.5330013 -0.533 -0.533 -0.533 -0.62 -0.613 -0.613 -0.613 -0.613 -0.302 -0.30199034 0.065 0.065 -0.060414216 -0.062 -0.062 -0.062 -0.445 -0.445 -0.51430358 -0.527 -0.527 -0.321 -0.321 -0.321 -0.31795478 -0.037 -0.037
-0.781 -0.781 -0.781 -0.64820199 -0.499 -0.499 -0.625 -0.625 -0.625 -0.625 -0.53 -0.53 -0.53 -0.676 -0.676 -0.676 -0.676 -0.67590233 -0.361 -0.361 -0.63999989 -0.64 -0.63987827 -0.635 -0.63408173 -0.533 -0.533 -0.533 -0.533 -0.61299185 -0.613 -0.613 -0.613 -0.613 0.06499871 0.065 0.065 0.065 0.064553615 -0.062 -0.062 -0.062 -0.445 -0.445 -0.445 -0.527 -0.527 -0.321 -0.321 -0.321 -0.037 -0.037 -0.037
-0.781 -0.781 -0.781 -0.499 -0.499 -0.499 -0.49900019 -0.625 -0.625 -0.53009807 -0.53 -0.53 -0.53 -0.53009096 -0.19763135 -0.085 -0.085 -0.085000001 -0.361 -0.361 -0.361 -0.635 -0.635 -0.635 -0.63481568 -0.24136448 -0.533 -0.533 -0.533 -0.24517126 -0.16304426 -0.163 -0.163 -0.163 0.06677585 0.069999989 0.07 0.07 0.07 -0.039003147 -0.039 -0.039 -0.445 -0.445 -0.41700012 -0.41699999 -0.397 -0.397 -0.23 -0.23 -0.23 -0.037 -0.10793652
-0.78099762 -0.781 -0.78099999 -0.499 -0.499 -0.499 -0.499 -0.17400013 -0.62319673 -0.52982227 -0.53 -0.53 -0.53 -0.52912679 -0.085 -0.085 -0.085 -0.085000079 -0.361 -0.361 -0.361 -0.635 -0.635 -0.635 0.023 0.023 -0.029999999 -0.03 -0.03 -0.030725557 -0.163 -0.163 -0.163 -0.163 -0.046564013 0.07 0.07 0.07 0.07 -0.039 -0.039 -0.039 -0.050893326 -0.417 -0.417 -0.417 -0.397 -0.397 -0.23 -0.23 -0.23 -0.108 -0.108
-0.013 -0.36704228 -0.306 -0.30605599 -0.499 -0.17588044 -0.174 -0.174 -0.174 -0.334 -0.334 -0.334 -0.334 0.36097738 0.361 -0.084999658 -0.085 -0.092272194 -0.361 -0.361 -0.361 0.271 0.271 0.271 0.023 0.023 -0.03 -0.03 -0.03 -0.029999952 0.035998735 0.035999441 -0.15799843 -0.16278666 -0.18397342 -0.184 -0.184 -0.184 -0.184 -0.039 -0.039 -0.039 -0.39618609 -0.417 -0.417 -0.41699997 -0.397 -0.397 -0.39699399 -0.23 -0.23001368 -0.536 -0.108
-0.14597474 -0.14600003 -0.306 -0.306 -0.306 -0.174 -0.174 -0.174 -0.174 -0.174 -0.334 -0.334 -0.334 0.361 0.361 0.361 0.361 0.36091818 -0.361 -0.361 -0.36099998 0.271 0.271 0.271 0.023 0.023 -0.03 -0.03 -0.03 0.035255845 0.036 0.036 0.036 0.036 -0.18389144 -0.184 -0.184 -0.184 -0.184 0.03799998 0.038 0.038 0.038 -0.4169988 -0.261 -0.261 -0.261 -0.378 -0.378 -0.378 -0.536 -0.536 -0.536
-0.146 -0.146 -0.306 -0.306 -0.306 -0.17469382 -0.174 -0.174 -0.174 -0.174 -0.3339803 -0.334 -0.050457721 0.36099992 0.361 0.361 0.361 0.156 0.156 0.156 0.0010000061 0.0010002006 0.27099868 0.271 0.27074184 -0.047 -0.047 -0.046999959 -0.030002747 0.12998127 0.1299995 0.12998359 0.036160656 0.036081121 -0.14475562 -0.18399988 -0.18300133 0.114 0.114 0.038 0.038 0.038 0.038 -0.261 -0.261 -0.261 -0.261 -0.378 -0.378 -0.378 -0.536 -0.536 -0.536
-0.146 -0.146 -0.306 -0.306 -0.306 -0.306 -0.174 -0.174 -0.174 -0.174 -0.1738967 0.013 0.013 0.013 0.35894916 0.361 0.15736607 0.156 0.156 0.156 0.001 0.001 0.001 0.001 -0.047 -0.047 -0.047 -0.047 -0.047 0.13 0.13 0.13 0.13 0.13000011 0.183 0.114 0.114 0.114 0.114 0.11399973 0.041 0.041 0.041 -0.085260111 -0.347 -0.347 -0.347 -0.378 -0.37799994 -0.32 -0.32 -0.27006471 -0.27
-0.146 -0.146 -0.24825124 -0.306 -0.306 -0.306 -0.13506921 -0.17387709 -0.174 -0.174 0.013000008 0.013 0.013 0.013 0.013 0.041545712 0.156 0.156 0.156 0.156 0.001001199 0.001 0.001 0.001 -0.047 -0.047 -0.047 -0.047 -0.047 0.062754966 0.13 0.13 0.13 0.183 0.183 0.18294642 0.114 0.114 0.33123251 0.49999996 0.041 0.041 0.041 -0.081774467 -0.347 -0.347 -0.347 0.255 -0.31283556 -0.32 -0.32 -0.27 -0.27
-0.028 -0.028 -0.028 -0.23629776 -0.30564152 -0.135 -0.135 -0.135 -0.135 0.052999999 0.053 0.013000003 0.013 0.013 0.013 0.01300907 0.156 0.156 0.156 0.156 0.068636972 0.001 0.001 -0.0016693827 -0.09859544 -0.047 -0.047 -0.047 0.039 0.039 0.039 0.039000382 0.183 0.183 0.183 0.183 0.5 0.5 0.5 0.5 0.194 0.194 0.194 0.1840002 0.184 0.184 0.18399983 0.255 0.255 -0.31929939 -0.32 -0.26999598 -0.27
-0.028 -0.028 -0.028 -0.028001777 -0.061 -0.071760816 -0.135 -0.135 -0.135 0.053 0.053 0.053 0.18299999 0.183 0.183 0.18299999 0.15525811 0.156 0.156 0.156 0.15364408 -0.10099972 -0.101 -0.101 -0.101 -0.101 -0.14 -0.14 0.039 0.039 0.039 0.039 0.18300027 0.183 0.183 0.18303014 0.49999999 0.5 0.5 0.49832862 0.194 0.194 0.194 0.18400046 0.184 0.184 0.184 0.255 0.255 0.25500004 0.527 0.527 0.59
-0.028 -0.028 -0.028 -0.060999924 -0.061 -0.061 -0.13499997 -0.135 -0.135 0.053 0.053 0.053 0.183 0.183 0.183 0.15009907 -0.249 -0.249 -0.24899895 0.15371245 -0.101 -0.101 -0.101 -0.101 -0.101 -0.10102935 -0.14 -0.14 -0.14 0.039 0.039 0.038828143 0.553 0.553 0.553 -0.084999997 -0.084999999 0.119 0.119 0.119 0.018 0.19394479 0.19400011 0.209 0.209 0.20805253 0.18400019 0.255 0.255 0.527 0.527 0.527 0.59
-0.028 -0.028 -0.028 -0.061 -0.061 -0.061 -0.061 -0.135 -0.135 0.053 0.053 0.17780187 0.183 0.183 0.183 -0.249 -0.249 -0.249 -0.249 -0.249 -0.101 -0.101 -0.101 -0.101 -0.101 -0.13999987 -0.14 -0.14 -0.14 -0.228 -0.228 -0.228 0.553 0.553 0.553 -0.085 -0.085 0.119 0.119 0.018 0.018 0.018 0.209 0.209 0.209 0.209 0.22485444 0.402 0.402 0.402 0.527 0.586 0.586
-0.028 -0.028 -0.028045954 -0.061 -0.061 -0.061 -0.061 -0.033391659 -0.032 -0.031854066 0.052999997 0.18298233 0.183 0.183 0.18299851 -0.249 -0.249 -0.249 -0.249 -0.249 -0.17677007 -0.101 -0.101 -0.101 -0.10096334 -0.13998779 -0.14 -0.14 -0.14 -0.228 -0.228 -0.228 -0.22788424 0.553 -0.085 -0.085 -0.085 -0.084991441 0.11899311 0.018 0.018 0.018 0.2089884 0.209 0.209 0.209 0.40200052 0.402 0.402 0.402 0.586 0.586 0.586
-0.348 -0.34799944 -0.060992776 -0.061 -0.061 -0.061 -0.032006171 -0.032 -0.032 -0.032 -0.028 -0.028 -0.028 -0.028 -0.24797997 -0.249 -0.249 -0.249 -0.249 -0.18000004 -0.18 -0.18 0.07699997 0.077 0.077 0.077 0.058270109 -0.14 0.14198845 0.142 0.142 0.142 0.142 0.142 0.142 0.142 0.142 0.142 0.488 0.488 0.488 0.488 0.488 0.45562767 0.456 0.456 0.456 0.402 0.402 0.402 0.58597101 0.586 0.586
-0.348 -0.348 -0.34454208 0.064999747 0.064999972 0.064905353 -0.032 -0.032 -0.032 -0.032 -0.028 -0.028 -0.028 -0.028 -0.028 -0.249 -0.249 -0.249 -0.18000002 -0.18 -0.18 -0.18 0.076999999 0.077 0.077 0.077 0.077 0.076954147 0.14195482 0.142 0.142 0.142 0.14198185 0.10911971 0.14196595 0.142 0.142 0.142 0.488 0.488 0.488 0.488 0.488 0.456 0.456 0.456 0.456 0.43074854 0.402 0.11919088 0.116 0.188 0.188
-0.348 -0.348 0.064947686 0.065 0.065 0.065 0.040362409 -0.032 -0.032 -0.032 -0.028 -0.028 -0.028 -0.028 -0.028 -0.24883259 -0.249 -0.18002023 -0.18 -0.18 -0.18 -0.18 -0.018207315 0.077 0.077 0.077 0.077 0.076963092 0.025 0.025 0.025 0.025 0.025 0.084 0.084 0.084 0.084 0.084 0.377 0.377 0.377 0.377 0.377 0.45598047 0.456 0.456 0.45599864 0.45578787 0.116 0.116 0.116 0.1879996 0.188
-0.34800005 -0.3734931 0.064999939 0.065 0.065 0.065 0.065 -0.031958698 -0.032 -0.032 -0.028 -0.028 -0.028 -0.028 -0.31253649 -0.319 -0.319 -0.18000358 -0.18 -0.18 -0.18 -0.18 -0.17999999 0.077 0.077 0.077 0.077 -0.18599979 -0.1859999 -0.14109407 0.025 0.025 0.025 0.083999999 0.084 0.084 0.084 0.083878766 0.377 0.377 0.377 0.377 0.37698383 0.448 0.448 0.448 0.448 0.44797322 0.116 0.116 0.116 0.11600014 0.3495847
-0.374 -0.374 -0.27301955 0.065 0.065 0.065 0.065 0.065 -0.031958735 -0.070999999 -0.071 -0.071 -0.070897952 -0.31899958 -0.319 -0.319 -0.319 -0.319 -0.1800005 -0.18430804 -0.222 -0.222 -0.222 -0.1465964 0.064674398 -0.0012775596 -0.056990336 -0.186 -0.186 -0.186 -0.186 -0.186 -0.1758611 -0.093585836 -0.095 -0.095 -0.095 -0.095 0.33736283 0.16600038 0.166 0.166 0.166 0.17900079 0.44799993 0.448 0.448 0.095 0.11599966 0.116 0.116 0.352 0.352
-0.374 -0.374 -0.24 -0.24 -0.24 0.064898402 0.065 0.065 -0.071 -0.071 -0.071 -0.071 -0.071 -0.31899999 -0.319 -0.319 -0.319 -0.319 -0.222 -0.222 -0.222 -0.222 -0.222 -0.077000008 -0.077 -0.077 -0.077 -0.186 -0.186 -0.186 -0.186 -0.186 0.031 0.031 -0.094999999 -0.095 -0.095 0.12896185 0.129 0.166 0.166 0.166 0.166 0.179 0.179 0.179 0.095 0.095 0.095 0.07 0.07 0.352 0.352
-0.374 -0.374 -0.24 -0.24 -0.24 -0.24 -0.23999947 -0.143 -0.07106779 -0.071 -0.071 -0.071 -0.071 -0.31590643 -0.319 -0.319 -0.319 -0.319 -0.222 -0.222 -0.222 -0.222 -0.222 -0.077 -0.077 -0.077 -0.077 -0.077000439 -0.186 -0.186 -0.186 0.030988623 0.031 0.031 0.031 -0.095 0.129 0.129 0.129 0.12997354 0.17190106 0.173 0.173 0.179 0.179 0.179 0.095 0.095 0.095 0.07 0.07 0.07 0.33841425
-0.472 -0.47199923 -0.24 -0.24 -0.24 -0.24 -0.143 -0.143 -0.143 -0.071 -0.071 -0.071 -0.071 -0.071077096 -0.319 -0.319 -0.319 -0.319 -0.22200171 -0.222 -0.222 -0.222 -0.10254446 -0.077 -0.077 -0.077 -0.077 -0.060000014 -0.06 -0.060000001 -0.18463957 0.031 0.031 0.031 0.03100001 0.041 0.129 0.129 0.129 0.129 0.173 0.173 0.173 0.123 0.123 0.123 -0.055985295 0.095 0.095 0.070000001 0.07 0.07 0.33700096
