interpolatedSpi/02-12|21_1.tif
NCOLS 53
NROWS 52
XLLCORNER -116.03883
YLLCORNER 28.596182
DX 0.49850594
DY 0.49788537
NODATA_VALUE -9999
[rows 0 to 27 of 52, columns 0 to 52 of 53]
-0.3325 -0.3325 -0.26263746 -0.42083333 -0.4425 -0.52916667 -0.5375 -0.56833333 -0.59694011 -0.79083333 -0.78333333 -0.56333333 -0.72579559 -0.2675 -0.24416667 -0.24416667 -0.24416667 -0.3275 -0.44 -0.44 -0.44 -0.4399976 -0.19083334 -0.61416667 -0.61416667 -0.61416667 -0.36833042 -0.36833333 -0.36833333 -0.25416667 -0.25416667 -0.25416667 -0.25416667 -1.0283332 -1.0283333 -1.0283333 -1.0283333 -1.0283333 -1.0283333 -1.0283333 0.026966598 0.038191652 -0.5175 -0.5175 -0.5175 -0.5175 -0.51752042 -0.53 -0.53 -0.53 0.37666478 0.37666667 0.37666667
-0.33251896 -0.75916667 -0.40499989 -0.45471879 -0.58848165 -0.30416667 -0.37583333 -0.71320654 -0.96333333 -0.8525 -0.72166667 -0.72583333 -0.72583333 -0.7085245 -0.26750514 -0.24416667 -0.3275 -0.3275 -0.43985332 -0.44 -0.44 -0.44 -0.62223769 -0.61416667 -0.61416667 -0.61416667 -0.69999999 -0.7 -0.25416667 -0.25416667 -0.25416667 -0.25416667 -0.25416667 -1.0283332 -1.0283333 -1.0283333 -1.0283333 -1.0283333 -1.0283333 -0.90754988 -0.28255078 -0.48898486 -0.5175 -0.5175 -0.5175 -0.5175 -0.5175 -0.53 -0.53 -0.53 -0.45481833 0.37666667 0.37666667
-0.64415899 -0.64416667 -0.31333333 -0.3275 -0.52416667 -0.7025 -0.48333333 -0.85333333 -0.95416667 -0.87333333 -0.76166667 -0.9225 -0.65 -0.61916667 -0.71 -0.98083333 -0.3275 -0.3275 -0.3275 -0.55080111 -0.55083333 -0.55083333 -0.7675 -0.61416667 -0.61416667 -0.61416667 -0.7 -0.7 -0.7 -0.25416667 -0.25416667 -0.25416668 -0.43429053 -1.0271143 -1.0242534 -0.59401665 -0.59 -0.59 -0.5513246 -0.2825 -0.2825 -0.28280051 -0.5175 -0.5175 -0.5175 -0.5175 -0.5175 -0.53 -0.53 -0.53 -0.53 0.37666667 0.37666667
-0.3325 -0.64416668 -0.69166041 -0.055833333 -0.5925 -0.5525 -0.65 -0.84166667 -0.75416667 -0.80040125 -0.68166667 -1.1383333 -1.0583333 -0.61916667 -0.76166667 -0.98083333 -1.0378934 -1.0378353 -1.0683333 -0.55083333 -0.55083333 -1.1075 -0.7675 -0.7675 -0.61416667 -0.6141671 -0.7 -0.7 -0.7 -0.56416667 -0.59937349 -0.62833333 -0.62833333 -0.6283333 -0.59 -0.59 -0.59 -0.59 -0.2825 -0.2825 -0.2825 -0.28250001 -0.5175 -0.5175 -0.5175 -0.5175 -0.5175 -0.52999984 -0.53 -0.53 -0.53 0.37663681 0.37666667
-0.3325 -0.24833415 -0.69166667 -0.74452302 -0.5925 -0.62333333 -0.88914875 -0.86666667 -0.86 -0.6666667 -0.79694988 -0.85913659 -0.64916667 -0.76166667 -0.76166667 -0.90921409 -1.0383333 -1.0383333 -1.0683333 -1.0683333 -0.5508344 -1.1075 -0.77833333 -0.38333333 -0.3275 -0.3274465 -0.7 -0.7 -0.56416667 -0.56416667 -0.62833333 -0.62833333 -0.62833333 -0.61057602 -0.59 -0.59 -0.59 -0.2825 -0.2825 -0.2825 -0.2825 -0.28250064 -0.5175 -0.5175 -0.5175 -0.5175 -0.5175 -0.51761127 -0.53 -0.53000034 -0.5375 -0.5375 -0.5375
-1.0233333 -0.53416667 -0.24166668 -0.57 -0.735 -0.62916667 -0.74083333 -0.7569436 -0.4775 -0.42583333 -0.47666667 -0.2425 -0.24250027 -0.93 -0.93 -1.086585 -1.0866667 -0.75416667 -0.75416667 -1.0683328 -0.65083333 -0.65083333 -0.38333333 -0.3275 -0.3275 -0.098333333 -0.37666667 -0.37666667 -0.31502277 -0.56416667 -0.62833333 -0.62833333 -0.53416667 -0.53416458 -0.5141681 -0.51166667 -0.51166667 -0.35339794 -0.2825 -0.2825 -0.28915835 -0.28916667 -0.28916625 -0.8056552 -0.81080091 -0.81083326 -0.81083332 -0.81083322 -0.53471832 -0.5375 -0.5375 -0.5375 -0.5375
0.064159355 -0.18333333 -0.27049286 -0.21833333 -0.36333333 -0.83166667 -0.50583333 -0.5875 -0.66083333 -0.66083333 -0.47666667 -0.69333333 -0.67583332 -0.93 -0.74833388 -0.74833333 -1.0866667 -0.71916667 -0.47916667 -0.47916667 -0.63080458 -0.60833333 -0.60833333 -0.032500004 -0.098333333 -0.098333333 -0.37666667 -0.37666667 -0.31500636 -0.31511713 -0.35604375 -0.53416667 -0.53416667 -0.51416667 -0.51416667 -0.4744496 -0.51166667 -0.51166667 -0.41167013 -0.28916684 -0.28916667 -0.28916667 -0.28916443 -0.81083088 -0.81083333 -0.81083333 -0.81083333 -0.81083317 -0.53416667 -0.53749934 -0.5375 -0.5375 -0.5375
0.064166667 0.091666667 -0.18833333 -0.73666667 -0.73083367 -0.67583333 -0.58666667 -0.77916666 -0.7875 -0.79083333 -0.79083333 -0.63 -0.67583333 -0.67583333 -0.74783592 -0.9502178 -0.97 -0.44083333 -0.56749991 -0.47916667 -0.44616386 -0.45083333 -0.43416667 -0.044166668 -0.044168343 -0.17416667 -0.33666667 -0.33666668 -0.42378413 -0.42416666 -0.35583333 -0.48164937 -0.35333333 -0.51416667 -0.51426174 -0.44333333 -0.44333333 -0.41166667 -0.41166667 -0.28916667 -0.28916667 -0.28916666 -0.36934758 -0.37083336 -0.81083333 -0.81083333 -0.81083333 -0.5341772 -0.53416667 -0.53416667 -0.5375 -0.5375 -0.5375
-0.0072012933 0.091666669 0.26833333 -0.32666667 -0.51416667 -0.57083333 -0.7375 -0.85666667 -0.86333333 -0.65001877 -0.62083333 -0.62166667 -0.62166667 -0.56166667 -0.56166559 -0.60518627 -0.60416667 -0.60416667 -0.4601692 -0.33583335 -0.39583333 -0.39583333 -0.425 -0.43055423 -0.1610661 -0.17416667 -0.24666667 -0.33666667 -0.24470418 -0.24416667 -0.5175 -0.24166667 -0.27146652 -0.58416667 -0.5175 -0.645 -0.6225 -0.68583333 -0.65334834 -0.28835203 -0.10666667 -0.1425 -0.37080565 -0.37083333 -0.37330989 -0.81083333 -1.0308333 -0.53416667 -0.53416667 -0.53416667 -0.53416667 -0.51861637 -0.2075
-0.56 -0.56 0.44166667 -0.068333333 -0.6175 -0.7075 -0.54666667 -0.55083333 -0.63 -0.59583066 -0.68666667 -0.155 -0.56166667 -0.56166667 -0.44666667 -0.44882685 -0.60416667 -0.60413148 -0.44916667 -0.33583333 -0.33583333 -0.34356335 -0.425 -0.36583445 -0.36583333 -0.36583333 -0.24666667 -0.0125 -0.0125 -0.24416667 -0.24416667 -0.24177888 -0.30083333 -0.58416667 -0.36333333 -0.645 -0.6225 -0.51083333 -0.65333333 -0.42214197 -0.1425 -0.16392813 -0.20083333 -0.37083333 -0.37083333 -1.0308333 -1.0308333 -1.0308333 -0.53416667 -0.53416667 -0.38583333 -0.38583333 -0.38583327
-0.56 -0.56 -0.0725 -0.5175 -0.79833333 -0.4075 -0.74333333 -0.79998961 -0.76333333 -0.61083333 -0.77916667 -0.69916667 -0.15572505 -0.44666667 -0.44666667 -0.44666744 -0.45333333 -0.45311465 -0.44916667 -0.56333333 -0.56333333 -0.435 -0.435 -0.36583333 -0.36583333 -0.36583333 -0.0125 -0.0125 -0.0125 -0.41333333 -0.41333333 -0.41333315 -0.33416667 -0.33416667 -0.5175 -0.64 -0.15 -0.86582862 -0.68333333 -0.41833333 -0.41833333 -0.18000007 -0.20083333 -0.37083333 -0.32333352 -0.56333333 -0.32721012 -0.32416667 -0.255 -0.255 -0.38583333 -0.38583333 -0.38583333
-0.56 -0.34960909 -0.26239737 -0.54083075 -0.29 -0.77333333 -0.74333333 -0.8 -0.76333364 -0.61252285 -0.69916655 -0.69916667 -0.51916667 -0.44666667 -0.44666667 -0.45333333 -0.45333333 -0.4533331 -0.44916667 -0.56333333 -0.53813128 -0.435 -0.435 -0.36583649 -0.36583333 -0.33159171 -0.26166667 -0.26166667 -0.26166664 -0.41333333 -0.41333333 -0.32583333 -0.32583333 -0.33416717 -0.5175 -0.42916673 -0.17605772 -0.86583333 -0.86583333 -0.41833333 -0.18 -0.18 -0.18000104 -0.32333333 -0.32333333 -0.56333333 -0.32416667 -0.32416667 -0.255 -0.255 -0.38583333 -0.38583333 -0.38583333
-0.50583333 -0.30552697 -0.31917354 -0.32076975 -0.29000256 -0.77332192 -0.74333333 -0.79930247 -0.76586004 -0.75935115 -0.51916667 -0.51916667 -0.51916667 -0.51916667 -0.44667694 -0.45333333 -0.45333333 -0.45327954 -0.44916667 -0.56340903 -0.8275 -0.8275 -0.8275 -0.8275 -0.37355336 -0.26166667 -0.26166667 -0.26166667 -0.26166667 -0.26179178 -0.32583333 -0.32583333 -0.32583333 -0.32583333 -0.42916667 -0.42916667 -0.42916667 -0.84413314 -0.86221576 -0.38416667 -0.38416667 -0.18001098 -0.30833385 -0.32333189 -0.32333333 -0.56333333 -0.32416667 -0.32416667 -0.255 -0.255 -0.38535868 -0.38583333 -0.1717593
-0.50583333 -0.31916667 -0.31916667 -0.31916667 -0.31916667 -0.31916685 -0.74341005 -0.77014113 -0.77260104 -0.51942584 -0.51916667 -0.51916667 -0.51916667 -0.51916667 -0.51916675 -0.45333333 -0.45333333 -0.45304753 -0.44916795 -0.8275 -0.8275 -0.8275 -0.8275 -0.8275 -0.82220167 -0.37008274 -0.39416664 -0.39416667 -0.39416667 -0.39416667 -0.32583333 -0.32583333 -0.32583325 -0.2575 -0.2575 -0.42916667 -0.19341017 -0.18666667 -0.38416655 -0.38416667 -0.38416667 -0.38416667 -0.30833333 -0.30833333 -0.30833333 -0.3101079 -0.28364868 -0.28333333 -0.28333333 -0.28333333 -0.28333333 -0.19916671 -0.19916667
-0.47833333 -0.31916667 -0.31916667 -0.31916667 -0.31916667 -0.31916667 -0.31916669 -0.6390465 -0.64060376 -0.64 -0.64 -0.64 -0.64 -0.64 -0.64 -0.52812392 -0.4544835 -0.45276282 -0.82745243 -0.8275 -0.8275 -0.8275 -0.8275 -0.82749953 -0.5825 -0.5825 -0.58249974 -0.39416667 -0.39416667 -0.39400147 -0.31166667 -0.31166667 -0.2575 -0.2575 -0.2575 -0.19801335 -0.18666667 -0.18666667 -0.18666667 -0.38416667 -0.38416667 -0.38416667 -0.30833333 -0.30833333 -0.30833333 -0.30833333 -0.28333333 -0.28333333 -0.28333333 -0.28333333 -0.28333333 -0.19916667 -0.19916667
-0.47833333 -0.41907739 -0.31916667 -0.31916667 -0.31916667 -0.31916667 -0.3458281 -0.34583333 -0.34583334 -0.64 -0.64 -0.64 -0.64 -0.64 -0.61481403 -0.52583333 -0.52583333 -0.52583333 -0.42290254 -0.42166708 -0.42166667 -0.42166667 -0.42166667 -0.42166667 -0.5825 -0.5825 -0.5825 -0.5825 -0.39416667 -0.31166667 -0.31166667 -0.31166667 -0.2575 -0.2575 -0.2575 -0.0825 -0.18652875 -0.18666667 -0.18666667 -0.38409931 -0.24978916 0.06365754 -0.30833333 -0.30833333 -0.18039604 -0.18 -0.18 -0.28301136 -0.088184349 -0.087500017 -0.087500037 0.064959977 -0.19916613
-0.47833333 -0.38831757 -0.35290307 -0.31916667 -0.31916667 -0.34581758 -0.34583333 -0.34583333 -0.34583333 -0.34795318 -0.64 -0.64 -0.64 -0.63999999 -0.52583333 -0.52583333 -0.52583333 -0.52583333 -0.42175972 -0.42166667 -0.42166667 -0.42166667 -0.42166667 -0.42166667 -0.5825 -0.5825 -0.5825 -0.5825 -0.58151489 -0.31166667 -0.31166667 -0.31166667 -0.34416667 -0.25748429 -0.0825 -0.0825 -0.0825 -0.080364202 0.049069567 0.065 0.065 0.065 -0.22 -0.22 -0.18 -0.18 -0.18 -0.087500001 -0.0875 -0.0875 -0.0875 0.065 0.065
-0.38584338 -0.38583333 -0.38583333 -0.38583333 -0.29916667 -0.34583213 -0.34583333 -0.34583333 -0.34583333 -0.34583333 -0.61552091 -0.63999579 -0.63999999 -0.52583333 -0.52583333 -0.52583333 -0.52583333 -0.52583333 -0.50477848 -0.42166667 -0.42166667 -0.42166667 -0.42166667 -0.42166667 -0.54772833 -0.62833308 -0.62833333 -0.62833333 -0.62833333 -0.31166667 -0.34416667 -0.34416667 -0.34416667 -0.34416667 -0.0825 -0.082494865 0.1125 0.1125 0.065593108 0.065 0.065 0.065 -0.22 -0.22 -0.18619338 -0.18 -0.18 -0.0875 -0.0875 -0.0875 -0.085864803 0.065 0.065
-0.38583333 -0.38583333 -0.38583333 -0.34502071 -0.29916667 -0.29916667 -0.34583333 -0.34583333 -0.34583333 -0.34583333 -0.31666667 -0.31666667 -0.31666667 -0.52583333 -0.52583333 -0.52583333 -0.52583333 -0.52577301 -0.32166667 -0.32166667 -0.42166663 -0.42166667 -0.42446643 -0.53666667 -0.5374919 -0.62833333 -0.62833333 -0.62833333 -0.62833333 -0.3441956 -0.34416667 -0.34416667 -0.34416667 -0.34416667 0.11249931 0.1125 0.1125 0.1125 0.11232872 0.065 0.065 0.065 -0.22 -0.22 -0.22 -0.18 -0.18 -0.087500002 -0.0875 -0.0875 0.065 0.065 0.065
-0.38583333 -0.38583333 -0.38583333 -0.29916667 -0.29916667 -0.29916667 -0.29916674 -0.34583333 -0.34583333 -0.31669678 -0.31666667 -0.31666667 -0.31666667 -0.31679698 -0.23039415 -0.16083333 -0.16083333 -0.16083333 -0.32166667 -0.32166667 -0.32166667 -0.53666667 -0.53666667 -0.53666667 -0.53653874 -0.34071917 -0.62833333 -0.62833333 -0.62833333 -0.21107726 -0.17251688 -0.1725 -0.1725 -0.1725 0.081674483 0.039166833 0.039166667 0.039166667 0.039166667 -0.0041572027 -0.0041666667 -0.0041666667 -0.22 -0.22 -0.19416677 -0.19416665 -0.15166667 -0.15166667 -0.026666667 -0.026666667 -0.026666667 0.065 -0.034910588
-0.38583197 -0.38583333 -0.38583333 -0.29916667 -0.29916667 -0.29916667 -0.29916666 -0.13000006 -0.34497035 -0.31660093 -0.31666667 -0.31666667 -0.31666667 -0.31636088 -0.16083333 -0.16083333 -0.16083333 -0.16083338 -0.32166667 -0.32166667 -0.32166667 -0.53666667 -0.53666667 -0.53666667 -0.08 -0.08 -0.09 -0.09 -0.09 -0.090450063 -0.1725 -0.1725 -0.1725 -0.1725 -0.06672481 0.039166667 0.039166667 0.039166667 0.039166667 -0.0041666667 -0.0041666667 -0.0041666667 -0.010144794 -0.19416667 -0.19416667 -0.19416667 -0.15166667 -0.15166667 -0.026666667 -0.026666667 -0.026666667 -0.035 -0.035
0.053333333 -0.15517377 -0.37 -0.36997945 -0.29916667 -0.13097879 -0.13 -0.13 -0.13941311 -0.24416666 -0.24416667 -0.24416667 -0.24416667 0.14748725 0.1475 -0.1608331 -0.16083333 -0.16507106 -0.32166667 -0.32166667 -0.32166667 0.10916667 0.10916667 0.10916667 -0.08 -0.08 -0.09 -0.09 -0.09 -0.08999989 0.06083185 0.060832678 -0.16663552 -0.17224985 -0.13920247 -0.13916667 -0.13916667 -0.13916667 -0.13916667 -0.0041666667 -0.0041666667 -0.0041666667 -0.18370469 -0.19416667 -0.19416667 -0.19416666 -0.15166667 -0.15166667 -0.15166217 -0.026666667 -0.026680454 -0.335 -0.035
-0.07997468 -0.08000005 -0.37 -0.37 -0.37 -0.13 -0.13 -0.13 -0.15583333 -0.15583333 -0.24416667 -0.24416667 -0.24416667 0.1475 0.1475 0.1475 0.1475 0.14744676 -0.32166667 -0.32166667 -0.32166665 0.10916667 0.10916667 0.10916667 -0.08 -0.08 -0.09 -0.09 -0.09 0.059132676 0.060833333 0.060833333 0.060833333 0.060833333 -0.13906798 -0.13916667 -0.13916667 -0.13916667 -0.13916667 -0.025833328 -0.025833333 -0.025833333 -0.025833333 -0.19416642 -0.1625 -0.1625 -0.1625 -0.275 -0.275 -0.275 -0.335 -0.335 -0.335
-0.08 -0.08 -0.37 -0.37 -0.37 -0.13126148 -0.13 -0.15583333 -0.15583333 -0.15583333 -0.24415579 -0.24416667 -0.04124736 0.14749997 0.1475 0.1475 0.1475 0.14666667 0.14666667 0.14666667 -0.041666663 -0.041666555 0.10916593 0.10916667 0.1089273 -0.205 -0.205 -0.20499973 -0.090018585 0.049168992 0.049166729 0.049168704 0.060813394 0.060823265 -0.1035533 -0.1391666 -0.13859696 0.030833333 0.030833333 -0.025833333 -0.025833333 -0.025833333 -0.025833333 -0.1625 -0.1625 -0.1625 -0.1625 -0.275 -0.275 -0.275 -0.335 -0.335 -0.335
-0.08 -0.08 -0.37 -0.37 -0.37 -0.37 -0.13966866 -0.15583333 -0.15583333 -0.15583333 -0.15574495 0.0041666667 0.0041666667 0.0041666667 0.1466553 0.1475 0.14667222 0.14666667 0.14666667 0.14666667 -0.041666667 -0.041666667 -0.041666667 -0.041666667 -0.205 -0.205 -0.205 -0.205 -0.205 0.049166667 0.049166667 0.049166667 0.049166667 0.049166625 0.029166667 0.030833333 0.030833333 0.030833333 0.030833333 0.030833152 -0.0175 -0.0175 -0.0175 -0.10264927 -0.27916667 -0.27916667 -0.27916667 -0.275 -0.27499996 -0.235 -0.235 -0.23835685 -0.23833333
-0.08 -0.08 -0.26533036 -0.37 -0.37 -0.37 -0.15916075 -0.15584384 -0.15583333 -0.15583333 0.0041666793 0.0041666667 0.0041666667 0.0041666667 0.0041666667 0.015936436 0.14666667 0.14666667 0.14666667 0.14666667 -0.04166521 -0.041666667 -0.041666667 -0.041666667 -0.205 -0.205 -0.205 -0.205 -0.205 -0.032118539 0.049166667 0.049166667 0.049166667 0.029166667 0.029166667 0.029167961 0.030833333 0.030833333 0.11712604 0.18416665 -0.0175 -0.0175 -0.0175 -0.10046035 -0.27916667 -0.27916667 -0.27916667 0.10416667 -0.23077402 -0.235 -0.235 -0.23833333 -0.23833333
-0.0225 -0.0225 -0.0225 -0.2828722 -0.36955377 -0.15916667 -0.15916667 -0.15916667 -0.15916667 0.064166665 0.064166667 0.0041666709 0.0041666667 0.0041666667 0.0041666667 0.0041757024 0.14666667 0.14666667 0.14666667 0.14666667 0.040515891 -0.041666667 -0.041666667 -0.044240091 -0.14289437 -0.205 -0.205 -0.205 -0.060833333 -0.060833333 -0.060833333 -0.060832872 0.029166667 0.029166667 0.029166667 0.029166667 0.18416667 0.18416667 0.18416667 0.18416667 0.059166667 0.059166667 0.059166667 0.033333853 0.033333333 0.033333333 0.033333234 0.10416667 0.10416667 -0.23458674 -0.235 -0.23833127 -0.23833333
-0.0225 -0.0225 -0.0225 -0.022502289 -0.065 -0.078693381 -0.15916667 -0.15916667 -0.15916667 0.064166667 0.064166667 0.064166667 0.11333333 0.11333333 0.11333333 0.11333333 0.14610033 0.14666667 0.14666667 0.14666667 0.1438055 -0.13999973 -0.14 -0.14 -0.14 -0.14000001 -0.36666667 -0.36666667 -0.060833333 -0.060833333 -0.060833333 -0.060833333 0.029166795 0.029166667 0.029166667 0.029181124 0.18416666 0.18416667 0.18416667 0.18317597 0.059166667 0.059166667 0.059166667 0.033334531 0.033333333 0.033333333 0.033333333 0.10416667 0.10416667 0.10416668 0.17166667 0.17166667 0.26916667
