interpolatedSpi/02-11|19_3.tif
NCOLS 53
NROWS 52
XLLCORNER -116.03883
YLLCORNER 28.596182
DX 0.49850594
DY 0.49788537
NODATA_VALUE -9999
0.4 0.4 0.17140342 -0.095 -0.009 -0.007 0.008 -0.06 -0.55470306 -0.666 -0.54 -0.094 -0.36600576 -0.436 -0.368 -0.368 -0.368 0.007 0.059 0.059 0.059 0.058992583 -0.71099999 -0.152 -0.152 -0.152 -0.78599656 -0.786 -0.786 -0.697 -0.697 -0.697 -0.697 -0.86299997 -0.863 -0.863 -0.863 -0.863 -0.863 -0.86299998 -0.063609807 -0.055085858 -0.392 -0.392 -0.392 -0.392 -0.39311231 -1.073 -1.073 -1.073 0.005997759 0.006 0.006 
0.3999884 0.139 0.19700044 0.16235723 0.12484021 0.277 0.637 -0.18979235 -0.481 -0.424 0.104 -0.366 -0.366 0.14904267 -0.43599231 -0.368 0.007 0.007 0.058932199 0.059 0.059 0.059 -0.17573933 -0.152 -0.152 -0.152 -0.084000005 -0.084 -0.697 -0.697 -0.697 -0.697 -0.697 -0.86299998 -0.863 -0.863 -0.863 -0.863 -0.86299991 -0.67382714 0.24995855 -0.31409839 -0.392 -0.392 -0.392 -0.392 -0.392 -1.073 -1.073 -1.073 -0.98352829 0.006 0.006 
0.12700671 0.127 0.576 0.546 -0.099 -0.134 0.156 0.246 -0.366 -0.409 -0.032 -0.377 0.017 -0.192 0.151 -0.763 0.007 0.007 0.007 -0.12594622 -0.126 -0.126 -0.603 -0.152 -0.152 -0.152 -0.084 -0.084 -0.084 -0.697 -0.697 -0.69700001 -0.76872861 -0.860571 -0.85177472 0.33194885 0.343 0.343 0.33130305 0.25 0.25 0.24917904 -0.392 -0.392 -0.392 -0.392 -0.392 -1.073 -1.073 -1.073 -1.073 0.006 0.006 
0.403 0.12699983 -0.6960337 0.348 -0.446 0.029 -0.051 -0.38 -0.388 -0.06541364 -0.499 -0.731 -0.345 -0.192 -0.193 -0.763 -0.44048656 -0.43768821 -0.623 -0.126 -0.126 -0.506 -0.603 -0.603 -0.152 -0.15199966 -0.084 -0.084 -0.084 -1.086 -0.95431735 -0.846 -0.846 -0.84599907 0.343 0.343 0.343 0.343 0.25 0.25 0.25 0.24999998 -0.392 -0.392 -0.392 -0.392 -0.392 -1.0729914 -1.073 -1.073 -1.073 0.0059847461 0.0059999998 
0.403 0.14499846 -0.696 -0.76560365 -0.446 -0.46 -0.50798803 -0.515 -0.423 -0.58400011 -0.5566214 -0.54198911 -0.466 -0.193 -0.193 -0.5692798 -0.438 -0.438 -0.623 -0.623 -0.12600078 -0.506 -0.528 -0.507 -0.28 -0.27992558 -0.084 -0.084 -1.086 -1.086 -0.846 -0.846 -0.846 -0.81318831 0.343 0.343 0.343 0.25 0.25 0.25 0.25 0.24999064 -0.39199999 -0.392 -0.392 -0.392 -0.392 -0.39806174 -1.073 -1.0729726 -0.461 -0.461 -0.461 
-1.504 0.096 0.09500003 -0.544 -0.101 -0.06 -0.726 -0.69898596 -0.825 -0.615 -0.696 -0.671 -0.67099986 -1.057 -1.057 -0.3768916 -0.377 -0.389 -0.389 -0.62299956 -0.677 -0.677 -0.507 -0.28 -0.28 0.038 -1.008 -1.008 -0.51805161 -1.086 -0.846 -0.846 -0.672 -0.67202288 -0.89098425 -0.715 -0.715 -0.048544779 0.25 0.25 0.15312098 0.153 0.15300145 0.35851331 0.37191556 0.3719998 0.37199997 0.37199971 0.097345552 -0.461 -0.461 -0.461 -0.461 
-0.61500587 0.029 0.12207573 0.223 0.499 -0.681 -0.541 -0.598 -0.957 -0.957 -0.696 -0.538 -0.67699992 -1.057 0.071996618 0.072 -0.377 -0.062 -0.122 -0.122 -0.60065509 -0.515 -0.515 0.10699999 0.038 0.038 -1.008 -1.008 -0.5180014 -0.51802575 -0.15619459 -0.672 -0.672 -0.891 -0.891 -0.4742691 -0.715 -0.715 -0.46500867 0.15299914 0.153 0.153 0.15300877 0.37200146 0.372 0.372 0.372 0.37199992 0.233 -0.46086247 -0.461 -0.461 -0.461 
-0.615 -0.739 0.475 -0.611 -0.19002414 -0.864 -0.887 -0.715 -0.858 -0.459 -0.459 -0.356 -0.677 -0.677 0.066861166 0.067446215 0.067 0.08 -0.30999981 -0.122 0.16299159 0.177 -0.158 -0.262 -0.26199897 -0.182 0.152 0.15199959 -0.5419159 -0.54199999 -0.155 -0.20136795 -0.557 -0.891 -0.86290662 -0.273 -0.273 -0.465 -0.465 0.153 0.153 0.15300001 0.633139 0.63299999 0.372 0.372 0.372 0.23300529 0.233 0.233 -0.461 -0.461 -0.461 
-0.67376232 -0.73899999 0.12 0.481 0.124 -0.547 -0.484 -0.2 -0.828 -0.34555025 -0.447 -0.353 -0.353 -0.058 -0.057996925 -0.24712207 -0.248 -0.248 0.020465899 0.28699994 0.012 0.012000002 0.228 -0.0058837478 -0.19006189 -0.182 -0.059 0.152 0.064511368 0.064 -0.102 0.369 0.35388682 0.139 0.094 -0.059 -0.055 -0.326 0.17876681 0.15566041 0.749 0.721 0.63297998 0.633 0.63153095 0.372 0.323 0.233 0.233 0.233 0.233 -0.36637435 0.145 
-0.309 -0.309 -0.139 0.13 -0.104 -0.668 -0.402 -0.35 -0.06 -0.22300198 -0.208 -0.332 -0.058 -0.058 0.269 0.26190911 -0.248 -0.24793315 -0.001 0.287 0.287 0.2515708 0.228 -0.17199243 -0.172 -0.172 -0.059 0.56 0.56 0.064 0.064 0.3689431 0.339 0.139 0.288 -0.059 -0.055 -0.397 0.179 1.0417865 0.721 0.64349139 0.51 0.633 0.633 0.323 0.323 0.323 0.233 0.233 0.299 0.299 0.29899994 
-0.309 -0.309 -0.456 -1.003 -0.684 -0.064 -0.455 -0.31716411 -0.562 -0.381 -0.106 -0.461 -0.33217133 0.269 0.269 0.26902273 0.466 0.44148965 -0.001 0.676 0.676 1.195 1.195 -0.172 -0.172 -0.172 0.56 0.56 0.56 0.033 0.033 0.033000504 0.315 0.315 -0.379 0.075 0.536 -0.035999966 0.473 1.056 1.056 0.61199966 0.51 0.633 0.65199986 0.474 0.65556154 0.657 1.024 1.024 0.299 0.299 0.299 
-0.309 -0.37265087 -0.68942441 -0.92498397 -0.017 -0.271 -0.455 -0.317 -0.56199795 -0.38300526 -0.4609999 -0.461 0.538 0.269 0.269 0.46599999 0.466 0.46597342 -0.001 0.676 0.77792104 1.195 1.195 -0.17194497 -0.172 0.11694449 0.707 0.707 0.70699998 0.033 0.033 0.421 0.421 0.3149981 -0.379 0.63699976 0.44491908 -0.036 -0.036 1.056 0.612 0.612 0.61200027 0.652 0.652 0.474 0.657 0.657 1.024 1.024 0.299 0.299 0.299 
-0.57 -0.15170346 -0.1180323 -0.12383419 -0.017001524 -0.270994 -0.45499999 -0.31869871 -0.54511699 -0.55727361 0.538 0.538 0.538 0.538 0.26903811 0.466 0.466 0.45997029 -0.00099999999 0.67614502 1.192 1.192 1.192 1.192 -0.14818707 0.707 0.707 0.707 0.707 0.70661431 0.421 0.421 0.421 0.421 0.637 0.637 0.637 -0.0035454391 -0.027813511 1.054 1.054 0.61202377 0.67899908 0.6520026 0.652 0.474 0.657 0.657 1.024 1.024 0.30163022 0.299 -0.093240691 
-0.57 -0.118 -0.118 -0.118 -0.118 -0.11800006 -0.45452894 -0.38973532 -0.50007468 0.53681994 0.538 0.538 0.538 0.538 0.53800025 0.466 0.46599993 0.43396699 -0.00098962924 1.192 1.192 1.192 1.192 1.192 1.1878477 0.75082097 0.73399999 0.734 0.734 0.734 0.42100001 0.421 0.4210006 0.918 0.918 0.637 1.1318456 1.146 1.0540001 1.054 1.054 1.054 0.679 0.679 0.679 0.67757339 0.29135633 0.289 0.289 0.289 0.28900001 1.0189999 1.019 
0.285 -0.118 -0.118 -0.118 -0.118 -0.118 -0.11800002 -0.20659076 0.87953404 0.887 0.887 0.887 0.887 0.887 0.887 1.1132689 0.47630539 0.4020523 1.1918502 1.192 1.192 1.192 1.192 1.1920002 1 1 0.99999963 0.734 0.734 0.73463678 1.052 1.052 0.918 0.918 0.918 1.1094769 1.146 1.146 1.146 1.054 1.054 1.054 0.679 0.679 0.679 0.679 0.28900001 0.289 0.289 0.289 0.289 1.019 1.019 
0.285 0.13496768 -0.118 -0.118 -0.118 -0.118 0.33391129 0.334 0.33400001 0.887 0.887 0.887 0.887 0.887 0.93796022 1.118 1.118 1.118 1.3943815 1.3949998 1.395 1.395 1.395 1.395 1 1 1 1 0.734 1.052 1.052 1.052 0.91800001 0.918 0.918 1.258 1.1461483 1.146 1.146 1.0540036 1.0611801 1.0779283 0.679 0.679 0.91626552 0.917 0.917 0.2899536 0.86597666 0.86799995 0.86799989 1.1679774 1.0190003 
0.285 0.028090495 -0.047659601 -0.118 -0.118 0.33373294 0.334 0.334 0.334 0.33798508 0.887 0.887 0.887 0.88700003 1.118 1.118 1.118 1.118 1.3947526 1.395 1.395 1.395 1.395 1.395 1 1 1 1 1.0001891 1.052 1.052 1.052 1.549 0.91804982 1.258 1.258 1.258 1.2598934 1.082316 1.078 1.078 1.078 1.084 1.084 0.917 0.917 0.917 0.868 0.868 0.868 0.868 1.168 1.168 
0.021308622 0.021 0.021 0.021000001 0.134 0.33399484 0.334 0.334 0.334 0.334 0.86928407 0.88699695 0.88699999 1.118 1.118 1.118 1.118 1.118 1.1157265 1.395 1.395 1.395 1.395 1.395 1.3450433 1.5659969 1.566 1.566 1.566 1.052 1.549 1.549 1.549 1.549 1.258 1.2580046 1.431 1.431 1.0824077 1.078 1.078 1.078 1.084 1.084 0.94285735 0.917 0.917 0.868 0.868 0.868 0.87121678 1.168 1.168 
0.021 0.021 0.021 0.074213386 0.134 0.134 0.334 0.334 0.334 0.334 0.653 0.653 0.653 1.118 1.118 1.118 1.118 1.1179569 0.738 0.738 1.3949997 1.395 1.3890109 1.149 1.1527541 1.566 1.566 1.566 1.566 1.5490017 1.549 1.549 1.549 1.549 1.4309994 1.431 1.431 1.431 1.4297793 1.078 1.078 1.078 1.084 1.084 1.084 0.917 0.917 0.86800001 0.868 0.868 1.168 1.168 1.168 
0.021 0.021 0.021 0.134 0.134 0.134 0.13400031 0.334 0.334 0.6526707 0.653 0.653 0.653 0.65328971 0.90674075 0.857 0.857 0.857 0.738 0.738 0.738 1.149 1.149 1.149 1.1490331 1.4091672 1.566 1.566 1.566 1.7111987 1.7479804 1.748 1.748 1.748 1.5817305 1.7929992 1.793 1.793 1.793 1.5739321 1.574 1.574 1.084 1.084 1.4539985 1.454 1.406 1.406 1.374 1.374 1.374 1.168 1.2838963 
0.021001763 0.021 0.021000004 0.134 0.134 0.134 0.134 0.51299995 0.33471571 0.65284313 0.653 0.653 0.653 0.6534003 0.857 0.857 0.857 0.85699997 0.738 0.738 0.738 1.149 1.149 1.149 1.267 1.267 1.422 1.422 1.422 1.4237784 1.748 1.748 1.748 1.748 1.7704876 1.793 1.793 1.793 1.793 1.574 1.574 1.574 1.5702243 1.454 1.454 1.454 1.406 1.406 1.374 1.374 1.374 1.284 1.284 
0.589 0.33054786 0.402 0.40192225 0.134 0.51080712 0.513 0.513 0.58223194 0.48000001 0.48 0.48 0.48 0.57499691 0.575 0.85699978 0.857 0.85386452 0.738 0.738 0.738 0.87 0.87 0.87 1.267 1.267 1.422 1.422 1.422 1.4220002 1.7010003 1.7010001 1.7468187 1.7479496 1.6800782 1.68 1.68 1.68 1.68 1.574 1.574 1.574 1.4606073 1.454 1.454 1.4539999 1.406 1.406 1.4059988 1.374 1.3739929 1.216 1.284 
0.67898291 0.67899995 0.402 0.402 0.402 0.513 0.513 0.513 0.703 0.703 0.48 0.48 0.48 0.575 0.575 0.575 0.575 0.57501916 0.738 0.738 0.73800001 0.87 0.87 0.87 1.267 1.267 1.422 1.422 1.422 1.6978543 1.701 1.701 1.701 1.701 1.6800104 1.68 1.68 1.68 1.68 1.0990001 1.099 1.099 1.099 1.4539946 0.744 0.744 0.744 1.034 1.034 1.034 1.216 1.216 1.216 
0.679 0.679 0.402 0.402 0.402 0.51241656 0.513 0.703 0.703 0.703 0.48002745 0.48 0.39256765 0.57499995 0.575 0.575 0.575 0.201 0.201 0.201 0.32100001 0.32100041 0.86999733 0.87 0.8701583 0.949 0.949 0.94900113 1.4219236 1.5800241 1.5800006 1.5800211 1.7007932 1.7008956 1.6836604 1.6799996 1.6766287 0.674 0.674 1.099 1.099 1.099 1.099 0.744 0.744 0.744 0.744 1.034 1.034 1.034 1.216 1.216 1.216 
0.679 0.679 0.402 0.402 0.402 0.402 0.58411145 0.703 0.703 0.703 0.70281771 0.373 0.373 0.373 0.57380957 0.575 0.20349224 0.201 0.201 0.201 0.321 0.321 0.321 0.321 0.949 0.949 0.949 0.949 0.949 1.58 1.58 1.58 1.58 1.5799996 1.393 0.674 0.674 0.674 0.674 0.67399988 0.57 0.57 0.57 0.60937544 0.691 0.691 0.691 1.034 1.034 1.026 1.026 1.4719377 1.472 
0.679 0.679 0.50197755 0.402 0.402 0.402 0.62214374 0.70274473 0.703 0.703 0.37300004 0.373 0.373 0.373 0.373 0.3895317 0.201 0.201 0.201 0.201 0.32099907 0.321 0.321 0.321 0.949 0.949 0.949 0.949 0.949 0.92528461 1.58 1.58 1.58 1.393 1.393 1.3924417 0.674 0.674 0.83551743 0.96099997 0.57 0.57 0.57 0.60984027 0.691 0.691 0.691 1.033 1.0260872 1.026 1.026 1.472 1.472 
0.889 0.889 0.889 0.52410429 0.40253183 0.622 0.622 0.622 0.622 0.584 0.584 0.37300001 0.373 0.373 0.373 0.3729891 0.201 0.201 0.201 0.201 0.26863589 0.321 0.321 0.32076447 0.34036489 0.949 0.949 0.949 0.694 0.694 0.694 0.69400372 1.393 1.393 1.393 1.393 0.961 0.961 0.961 0.961 0.765 0.765 0.765 0.963996 0.964 0.964 0.96399991 1.033 1.033 1.0260085 1.026 1.4719977 1.472 
0.889 0.889 0.889 0.88899338 0.766 0.74506003 0.622 0.622 0.622 0.584 0.584 0.584 0.299 0.299 0.299 0.299 0.20111357 0.201 0.201 0.201 0.20281914 0.31200002 0.312 0.312 0.312 0.312 0.0090000073 0.009 0.694 0.694 0.694 0.694 1.3929997 1.393 1.393 1.3929694 0.96100001 0.961 0.961 0.96182911 0.765 0.765 0.765 0.96399077 0.964 0.964 0.964 1.033 1.033 1.033 1.024 1.024 1.125 
0.889 0.889 0.889 0.76600028 0.766 0.766 0.62200005 0.622 0.622 0.584 0.584 0.584 0.299 0.299 0.299 0.29625826 0.263 0.263 0.26299984 0.20135019 0.312 0.312 0.312 0.312 0.312 0.31177198 0.009 0.009 0.0090000014 0.694 0.694 0.69397232 1.017 1.017 1.017 0.887 0.887 1.15 1.15 1.15 1.154 0.76512202 0.76500339 1.219 1.219 1.2093358 0.96400079 1.033 1.033 1.024 1.024 1.024 1.125 
0.889 0.889 0.889 0.766 0.766 0.766 0.766 0.622 0.622 0.584 0.584 0.31039589 0.299 0.299 0.299 0.263 0.263 0.263 0.263 0.263 0.312 0.312 0.312 0.312 0.312 0.0090010337 0.009 0.009 0.009 0.651 0.651 0.651 1.017 1.017 1.017 0.887 0.887 1.15 1.15 1.154 1.154 1.154 1.219 1.219 1.219 1.219 1.2046242 1.044 1.044 1.044 1.024 0.992 0.992 
0.889 0.889 0.88882872 0.766 0.766 0.766 0.766 0.54989333 0.539 0.53907726 0.58399999 0.29899699 0.299 0.299 0.29899988 0.263 0.263 0.263 0.263 0.263 0.33597124 0.312 0.312 0.312 0.31193903 0.0090003939 0.009 0.009 0.009 0.651 0.651 0.651 0.65105091 1.017 0.887 0.887 0.887 0.8870107 1.1500003 1.154 1.154 1.154 1.2189961 1.219 1.219 1.219 1.0439997 1.044 1.044 1.044 0.992 0.992 0.992 
0.336 0.33600097 0.76604951 0.766 0.766 0.766 0.5390483 0.539 0.539 0.539 0.26300001 0.263 0.263 0.263 0.26300001 0.263 0.263 0.263 0.263 0.33699996 0.337 0.337 0.016000049 0.016 0.016 0.016 0.01539581 0.009 0.41598333 0.416 0.416 0.416 0.416 0.724 0.724 0.724 0.724 0.724 1.131 1.131 1.131 1.131 1.131 1.014309 1.014 1.014 1.014 1.044 1.044 1.044 0.99200819 0.992 0.992 
0.336 0.336 0.33522148 0.24300105 0.24300012 0.24328892 0.539 0.539 0.539 0.539 0.263 0.263 0.263 0.263 0.263 0.263 0.263 0.263 0.33699998 0.337 0.337 0.337 0.016000001 0.016 0.016 0.016 0.016 0.015998917 0.4159247 0.416 0.416 0.416 0.41596975 0.73533803 0.72401174 0.724 0.724 0.724 1.131 1.131 1.131 1.131 1.131 1.014 1.014 1.014 1.014 1.0280286 1.044 1.1300293 1.131 0.953 0.953 
0.336 0.336 0.24301178 0.243 0.243 0.243 0.31818275 0.539 0.539 0.539 0.263 0.263 0.263 0.263 0.263 0.26299781 0.263 0.3369783 0.337 0.337 0.337 0.337 0.13491653 0.016 0.016 0.016 0.016 0.016145271 0.221 0.221 0.221 0.221 0.221 0.744 0.744 0.744 0.744 0.744 1.372 1.372 1.372 1.372 1.372 1.014503 1.0140001 1.014 1.0140349 1.0182185 1.131 1.131 1.131 0.953001 0.953 
0.33599986 0.2634427 0.243 0.243 0.243 0.243 0.243 0.53887397 0.539 0.539 0.263 0.263 0.263 0.263 0.027352937 0.022 0.022 0.33699189 0.337 0.337 0.337 0.337 0.33699992 0.016 0.016 0.016 0.016 0.44199978 0.4419999 0.39496583 0.221 0.221 0.221 0.744 0.744 0.744 0.744 0.74411446 1.372 1.372 1.372 1.372 1.3720132 1.22 1.22 1.22 1.22 1.2199928 1.131 1.131 1.131 1.1310001 1.3057276 
0.262 0.262 0.2457476 0.243 0.243 0.243 0.243 0.243 0.5388723 -0.07599999 -0.076 -0.076 -0.075195484 0.022000347 0.022 0.022 0.022 0.022 0.33699729 0.31381862 0.111 0.111 0.111 0.087129092 0.02152251 0.051072413 0.0762107 0.442 0.442 0.442 0.442 0.442 0.43675018 0.91032881 0.913 0.913 0.913 0.913 1.4043106 1.5439997 1.544 1.544 1.544 1.3559996 1.22 1.22 1.22 1.354 1.1310036 1.131 1.131 1.311 1.311 
0.262 0.262 0.176 0.176 0.176 0.24297768 0.243 0.243 -0.076 -0.076 -0.076 -0.076 -0.076 0.021999996 0.022 0.022 0.022 0.022 0.111 0.111 0.111 0.111 0.111 0.085000001 0.085 0.085 0.085 0.442 0.442 0.442 0.442 0.442 0.675 0.675 0.913 0.913 0.913 1.0109833 1.011 1.544 1.544 1.544 1.5439999 1.356 1.356 1.356 1.354 1.354 1.354 1.432 1.432 1.311 1.311 
0.262 0.262 0.176 0.176 0.176 0.176 0.17599911 0.013 -0.075916204 -0.076 -0.076 -0.076 -0.076 0.020777539 0.022 0.022 0.022 0.022 0.111 0.111 0.111 0.111 0.111 0.085 0.085 0.085 0.085 0.085001462 0.442 0.442 0.442 0.67498778 0.675 0.675 0.675 0.913 1.011 1.011 1.011 1.0250242 1.1014206 1.019 1.019 1.356 1.356 1.356 1.354 1.354 1.354 1.432 1.432 1.432 1.0592109 
0.335 0.33499943 0.176 0.176 0.176 0.176 0.013 0.013 0.013 -0.076 -0.076 -0.076 -0.076 -0.075969535 0.022 0.022 0.022 0.022 0.11099838 0.111 0.111 0.111 0.08957695 0.085 0.085 0.085 0.085 0.30099982 0.301 0.301 0.4404954 0.675 0.675 0.675 0.67499969 0.355 1.011 1.011 1.011 1.011 1.019 1.019 1.019 1.224 1.224 1.224 1.1600189 1.354 1.354 1.432 1.432 1.432 1.0330001 
0.335 0.335 0.176 0.176 0.176 0.013 0.013 0.013 0.013 -0.066244295 -0.076 -0.076 -0.076 -0.076000128 -0.16497848 -0.165 -0.165 -0.165 -0.24643806 -0.033 -0.033 -0.033 -0.033 0.085 0.085 0.085 0.085014248 0.301 0.301 0.301 0.301 0.67491864 0.49500926 0.355 0.355 0.355 1.009583 0.63200789 0.632 0.632 1.018899 0.89 0.89 1.224 1.224 1.2239997 1.16 1.16 1.175 1.175 1.175 1.091 1.067 
0.335 0.335 -0.009 -0.009 -0.009 0.013 0.013 0.013 0.013 -0.082 -0.082 -0.082 -0.082 -0.087849204 -0.165 -0.165 -0.165 -0.165 -0.254 -0.033 -0.033 -0.033 -0.033 -0.204 -0.20399989 0.084999573 0.301 0.301 0.301 0.301 0.19721358 0.096 0.32418255 0.355 0.355 0.355 0.632 0.632 0.632 0.632 0.89 0.89 0.89 1.0379533 1.038 1.1594516 1.16 1.16 1.1749996 1.175 1.091 1.091 1.067 
0.335 -0.0089999983 -0.009 -0.009 -0.009 -0.009 0.014024702 0.145 0.145 -0.082 -0.082 -0.082 -0.082 -0.082019657 -0.165 -0.165 -0.165 -0.1690213 -0.254 -0.254 -0.033 -0.033 -0.204 -0.204 -0.204 -0.204 0.301 0.301 0.301 0.301 0.096 0.096 0.096 0.35473791 0.355 0.355 0.632 0.632 0.632 0.632 0.89 0.89 0.89 1.038 1.038 1.0379942 0.935 0.935 1.094 1.094 1.091 1.091 1.067 
-0.0057694122 -0.009 -0.009 -0.009 -0.009 -0.009 0.145 0.145 0.145 0.023500113 -0.082 -0.082 -0.082 -0.081996077 -0.165 -0.165 -0.165 -0.254 -0.254 -0.254 -0.033011041 -0.033001045 -0.204 -0.204 -0.204 -0.204 0.3009641 0.301 0.301 0.096047145 0.096 0.096 0.096 0.096 0.35416256 0.207 0.207 0.21435536 0.632 0.632 0.88999977 0.89 1.0336969 1.038 1.038 0.93500004 0.935 0.935 1.094 1.094 0.817 0.817 0.961 
-0.009 -0.009 -0.009 -0.009 -0.009 -0.009 0.145 0.145 0.145 0.145 0.14499346 0.145 0.145 0.145 -0.16499964 -0.15538485 -0.15 -0.15 -0.25380828 -0.254 -0.25399996 -0.20399975 -0.204 -0.204 -0.204 -0.204 -0.20363284 0.301 0.30099299 0.096 0.096 0.096 0.096 0.096 0.207 0.207 0.207 0.207 0.207 0.20700242 0.591 0.591 0.59099993 0.388 0.388 0.388 0.694 0.694 0.696 0.696 0.817 0.81700031 0.961 
-0.009 -0.009 -0.009 -0.009 -0.009 -0.009 0.145 0.145 0.145 0.145 0.145 0.145 0.145 0.145 0.067238707 -0.15 -0.15 -0.15 -0.15 -0.15 -0.15496566 -0.204 -0.204 -0.204 -0.204 -0.19545893 0.067573779 0.26927187 0.097010953 0.096 0.096 0.096 0.096 0.096000243 0.207 0.207 0.207 0.207 0.207 0.38563591 0.591 0.591 0.591 0.388 0.388 0.388 0.694 0.694 0.696 0.696 0.532 0.9373345 0.961 
-0.009 -0.009 -0.009 -0.009 -0.009 -0.0089999539 0.14499996 0.145 0.145 0.145 0.145 0.145 0.145 0.145 0.13084998 -0.15 -0.15 -0.15 -0.15 -0.15 -0.15 0.02573055 0.067999619 0.068 0.068 0.068 0.068 0.068 -0.22755488 -0.23199612 -0.23199999 -0.232 -0.232 -0.23199968 0.207 0.207 0.207 0.207 0.207 0.59099995 0.591 0.591 0.591 0.59099991 0.38812826 0.468 0.69399998 0.42572287 0.69575904 0.532 0.532 0.52985898 0.429 
-0.009 -0.009 -0.009 -0.009 -0.009 -0.0089901622 0.14499169 0.145 0.145 0.145 0.145 0.145 0.145 0.145 0.13938678 -0.15 -0.15 -0.15 -0.15 -0.15 -0.15 0.068 0.068 0.068 0.068 0.068 0.068 0.068 -0.23191719 -0.232 -0.232 -0.232 -0.232 -0.232 -0.11171404 0.207 0.207 0.207 0.207 0.591 0.591 0.591 0.591 0.59096849 0.468 0.468 0.46770543 0.421 0.421 0.532 0.532 0.429 0.429 
-0.009 -0.009 -0.009 -0.009 -0.008999999 -0.00879462 0.14481719 0.145 0.145 0.145 0.145 0.145 0.145 0.145 0.13983552 -0.15 -0.15 -0.15 -0.15 -0.15 -0.11896076 0.068 0.068 0.068 0.068 0.068 0.068 0.068 -0.2319988 -0.232 -0.232 -0.232 -0.232 -0.232 -0.232 0.059008452 -0.17101721 -0.29679786 -0.31591482 0.59087144 0.591 0.591 0.591 0.46800982 0.468 0.46930725 0.68699873 0.421 0.421 0.31901592 0.319 0.319 0.42899995 
-0.009 -0.009 -0.009 -0.0089999999 -0.0089998438 -0.0077156999 0.14392108 0.145 0.145 0.145 0.145 0.145 0.145 0.145 0.1381113 -0.15 -0.15 -0.15 -0.15 -0.15 0.067999059 0.068 0.068 0.068 0.068 0.068 0.068 0.068 -0.23199992 -0.232 -0.232 -0.232 -0.232 -0.232 -0.23200002 -0.326 -0.326 -0.326 -0.326 0.589 0.589 0.589 0.589 0.68699937 0.687 0.687 0.687 0.68699671 0.392 0.392 0.319 0.319 0.17661885 
-0.009 -0.009 -0.0089999999 -0.0089999882 -0.0089956994 -0.0048191301 0.14473483 0.145 0.145 0.145 0.145 0.145 0.145 0.145 0.13498588 -0.14999988 -0.15 -0.15 -0.15 -0.14868795 0.068 0.068 0.068 0.068 0.068 0.068 0.068 0.068 -0.23199993 -0.232 -0.232 -0.232 -0.232 -0.232 -0.32599991 -0.326 -0.326 -0.326 -0.326 0.589 0.589 0.589 0.589 0.61544978 0.687 0.687 0.687 0.3920033 0.392 0.392 0.114 0.114 0.114 
-0.0089999999 -0.0089999996 -0.0089999929 -0.0089996508 -0.0089578469 0.0066633511 0.14496856 0.145 0.145 0.145 0.145 0.145 0.145 0.14499998 0.13075214 -0.14999306 -0.15 -0.15 -0.14999975 0.063582975 0.068 0.068 0.068 0.068 0.068 0.068 0.068 0.068 -0.23199972 -0.232 -0.232 -0.232 -0.232 -0.46991351 -0.32600007 -0.326 -0.326 -0.326 -0.326 0.589 0.589 0.589 0.589 0.589 0.687 0.687 0.687 0.392 0.392 0.392 0.114 0.114 0.114 
-0.0089999982 -0.0089999896 -0.0089998542 -0.0089958739 -0.0087473021 0.080607245 0.14499065 0.145 0.145 0.145 0.145 0.145 0.145 0.14499945 0.12571858 -0.14989226 -0.14999999 -0.14999999 -0.14887131 0.067981463 0.068 0.068 0.068 0.068 0.068 0.068 0.068 0.067999825 -0.23199812 -0.232 -0.23200023 -0.52842854 -0.557 -0.557 -0.557 -0.326 -0.326 -0.326 -0.326 0.589 0.589 0.589 0.589 0.589 0.68699826 0.687 0.68699986 0.39200002 0.392 0.39199985 0.114 0.114 0.114 
