interpolatedSpi/02-10|23_1.tif
NCOLS 53
NROWS 52
XLLCORNER -116.03883
YLLCORNER 28.596182
DX 0.49850594
DY 0.49788537
NODATA_VALUE -9999
[rows 0 to 38 of 52, columns 0 to 52 of 53]
-0.338 -0.338 -0.48568547 -0.586 -0.268 -0.396 -0.382 -0.229 -0.67062009 -0.601 -0.368 -0.421 -0.69996772 -0.308 -0.17 -0.17 -0.17 -0.522 -0.396 -0.396 -0.396 -0.39599847 -0.237 -0.573 -0.573 -0.573 -0.59000085 -0.59 -0.59 -1.102 -1.102 -1.102 -1.102 -1.244 -1.244 -1.244 -1.244 -1.244 -1.244 -1.244 0.012466428 0.025762806 -0.905 -0.905 -0.905 -0.905 -0.90441853 -0.549 -0.549 -0.549 -0.18700075 -0.187 -0.187
-0.33801608 -0.7 -0.39600005 -0.38316934 -0.48494821 -0.516 -0.651 -0.66287082 -0.66 -0.61 -0.689 -0.7 -0.7 -0.6259363 -0.30800263 -0.17 -0.522 -0.522 -0.39616429 -0.396 -0.396 -0.396 -0.58415906 -0.573 -0.573 -0.573 -0.68799999 -0.688 -1.102 -1.102 -1.102 -1.102 -1.102 -1.244 -1.244 -1.244 -1.244 -1.244 -1.244 -1.1103725 -0.42305332 -0.84651335 -0.905 -0.905 -0.905 -0.905 -0.905 -0.549 -0.549 -0.549 -0.51898261 -0.187 -0.187
0.19997597 0.2 -0.441 -0.33 -0.556 -0.238 -0.497 -0.342 -0.746 -0.801 -0.741 -0.806 -0.964 -0.7 -0.627 -1.045 -0.522 -0.522 -0.522 -0.40599709 -0.406 -0.406 -0.785 -0.573 -0.573 -0.573 -0.688 -0.688 -0.688 -1.102 -1.102 -1.102 -1.0620438 -1.2427593 -1.2391227 -0.72480166 -0.72 -0.72 -0.68264523 -0.423 -0.423 -0.42361636 -0.905 -0.905 -0.905 -0.905 -0.905 -0.549 -0.549 -0.549 -0.549 -0.187 -0.187
0.284 0.19999992 -0.21409926 -0.179 -0.709 -0.574 -0.557 -0.895 -0.621 -0.78666715 -0.892 -0.883 -0.928 -0.7 -0.994 -1.045 -0.7334024 -0.73085356 -0.667 -0.406 -0.406 -0.803 -0.785 -0.785 -0.573 -0.57300057 -0.688 -0.688 -0.688 -0.796 -0.91835513 -1.019 -1.019 -1.0189998 -0.72 -0.72 -0.72 -0.72 -0.423 -0.423 -0.423 -0.42300002 -0.905 -0.905 -0.905 -0.905 -0.905 -0.54900449 -0.549 -0.549 -0.549 -0.18702763 -0.187
0.284 0.018999573 -0.214 -0.62118068 -0.709 -0.787 -0.87000976 -1.187 -1.198 -0.90500009 -0.93469975 -0.94593712 -0.507 -0.994 -0.994 -1.0231907 -0.731 -0.731 -0.667 -0.667 -0.4060008 -0.803 -0.643 -0.378 -0.702 -0.70195159 -0.688 -0.688 -0.796 -0.796 -1.019 -1.019 -1.019 -0.96940521 -0.72 -0.72 -0.72 -0.423 -0.423 -0.423 -0.423 -0.42302635 -0.905 -0.905 -0.905 -0.905 -0.905 -0.90183116 -0.549 -0.5490217 -1.033 -1.033 -1.033
-1.043 -0.381 -0.27999999 -0.415 -0.373 -0.635 -0.998 -1.0221974 -0.991 -1.202 -1.084 -0.938 -0.93799972 -0.872 -0.872 -0.54595268 -0.546 -0.679 -0.679 -0.66699979 -0.838 -0.838 -0.378 -0.702 -0.702 -0.495 -0.819 -0.819 -0.57502053 -0.796 -1.019 -1.019 -0.756 -0.75598715 -0.6330088 -0.582 -0.582 -0.47219028 -0.423 -0.423 -0.69565951 -0.696 -0.69599925 -0.63583685 -0.63103028 -0.63100007 -0.63100001 -0.63100011 -0.99558799 -1.033 -1.033 -1.033 -1.033
-0.1500037 -0.268 -0.13329043 -0.335 -0.264 -0.771 -0.571 -0.869 -1.193 -1.193 -1.084 -1.071 -0.98699993 -0.872 -0.35000156 -0.35 -0.546 -0.277 -0.43 -0.43 -0.76354015 -0.68 -0.68 -0.515 -0.495 -0.495 -0.819 -0.819 -0.57501999 -0.57536801 -0.47935666 -0.756 -0.756 -0.633 -0.633 -0.65334785 -0.582 -0.582 -0.89898901 -0.69600028 -0.696 -0.696 -0.69599596 -0.63100059 -0.631 -0.631 -0.631 -0.63100022 -1.005 -1.0329945 -1.033 -1.033 -1.033
-0.15 -0.68 -0.08 -0.577 -0.35701261 -0.63 -0.969 -0.959 -0.83 -1.041 -1.041 -0.688 -0.987 -0.987 -0.35437041 -0.48570279 -0.499 -0.266 -0.41100002 -0.43 -0.25748665 -0.204 -0.768 -0.147 -0.14700788 -0.758 -0.443 -0.44300013 -0.91679808 -0.91799999 -0.478 -0.58679484 -0.561 -0.633 -0.63171655 -0.713 -0.713 -0.899 -0.899 -0.696 -0.696 -0.69599999 -0.73463172 -0.73699999 -0.631 -0.631 -0.631 -1.0049858 -1.005 -1.005 -1.033 -1.033 -1.033
-0.73325215 -0.67999999 -0.065 -0.587 -0.353 -0.864 -0.595 -0.335 -0.829 -0.39040931 -0.384 -0.826 -0.826 -0.426 -0.42599989 -0.65655964 -0.657 -0.657 -0.28813448 -0.89299999 -0.834 -0.83399999 -1.09 -0.8948949 -0.69642733 -0.758 -0.54 -0.443 -0.46487216 -0.465 -0.594 -0.664 -0.569313 -0.849 -0.588 -0.675 -0.617 -0.508 -0.43803232 -0.69461177 -0.385 -0.361 -0.7369492 -0.737 -0.73640337 -0.631 -0.96899998 -1.005 -1.005 -1.005 -1.005 -0.95954061 -0.198
-1.031 -1.031 -0.083 -0.26 -0.756 -0.51 -0.422 -0.682 -0.459 -0.27902495 -0.579 -0.101 -0.426 -0.426 -0.414 -0.41733285 -0.657 -0.65690459 -0.216 -0.893 -0.893 -0.8853988 -1.09 -0.71200716 -0.712 -0.712 -0.54 -0.34 -0.34 -0.465 -0.465 -0.66364344 -0.476 -0.849 -0.671 -0.675 -0.617 -0.881 -0.438 -0.3258476 -0.361 -0.38450972 -0.425 -0.737 -0.737 -0.969 -0.969 -0.969 -1.005 -1.005 -0.443 -0.443 -0.44299991
-1.031 -1.031 -0.648 -0.721 -0.584 -0.282 -0.828 -0.26966265 -0.39 -0.386 -0.183 -0.027 -0.10090197 -0.414 -0.414 -0.41400242 -0.435 -0.42350585 -0.216 -0.284 -0.284 -0.277 -0.277 -0.712 -0.712 -0.712 -0.34 -0.34 -0.34 -0.517 -0.517 -0.51699993 -0.566 -0.566 -1.006 -0.765 -0.382 -0.54200322 -0.478 -0.324 -0.324 -0.54999959 -0.425 -0.737 -0.23000023 -0.405 -0.34470034 -0.342 -0.424 -0.424 -0.443 -0.443 -0.443
-1.031 -0.86562252 -0.6791517 -0.81298886 -0.256 -0.476 -0.828 -0.269 -0.38999899 -0.38604432 -0.027000467 -0.027 -0.002 -0.414 -0.414 -0.435 -0.435 -0.43498754 -0.216 -0.284 -0.28262534 -0.277 -0.277 -0.71198213 -0.712 -0.57722498 -0.302 -0.302 -0.302 -0.517 -0.517 -0.279 -0.279 -0.56600121 -1.006 -0.42100025 -0.46843076 -0.542 -0.542 -0.32400001 -0.55 -0.55 -0.54999767 -0.23 -0.23 -0.405 -0.342 -0.342 -0.424 -0.424 -0.443 -0.443 -0.443
-0.455 -0.46561849 -0.44901007 -0.45162881 -0.25600121 -0.47599481 -0.82799999 -0.27588097 -0.38166186 -0.38989555 -0.002 -0.002 -0.002 -0.002 -0.41394164 -0.435 -0.435 -0.43217236 -0.216 -0.28388964 0.096 0.096 0.096 0.096 -0.69798746 -0.302 -0.302 -0.302 -0.302 -0.30202031 -0.279 -0.279 -0.279 -0.279 -0.421 -0.421 -0.421 -0.53660792 -0.54102363 -0.412 -0.412 -0.54999258 -0.3059974 -0.23000732 -0.23 -0.405 -0.342 -0.342 -0.424 -0.424 -0.44293107 -0.443 -0.83073679
-0.455 -0.449 -0.449 -0.449 -0.449 -0.44900001 -0.82709889 -0.56351769 -0.3594165 -0.002417688 -0.002 -0.002 -0.002 -0.002 -0.0019997352 -0.435 -0.43499997 -0.41997809 -0.21600204 0.096 0.096 0.096 0.096 0.096 0.10006241 -0.022966197 0.077999921 0.078 0.078 0.078 -0.27899999 -0.279 -0.27899949 0.144 0.144 -0.421 -0.060316871 -0.05 -0.41199979 -0.412 -0.412 -0.412 -0.306 -0.306 -0.306 -0.30668895 0.030547033 0.033 0.033 0.033 0.032999992 -0.457 -0.457
-0.553 -0.449 -0.449 -0.449 -0.449 -0.449 -0.44900002 -0.41178472 0.36814723 0.372 0.372 0.372 0.372 0.372 0.372 0.5286609 -0.4196347 -0.40501136 0.095960698 0.096 0.096 0.096 0.096 0.096000359 0.284 0.284 0.28399971 0.078 0.078 0.078720879 0.438 0.438 0.144 0.144 0.144 -0.01892315 -0.05 -0.05 -0.05 -0.412 -0.412 -0.412 -0.306 -0.306 -0.306 -0.306 0.032999999 0.033 0.033 0.033 0.033 -0.457 -0.457
-0.553 -0.51428198 -0.449 -0.449 -0.449 -0.449 0.299853 0.3 0.3 0.372 0.372 0.372 0.372 0.372 0.40729712 0.532 0.532 0.532 0.40405934 0.40499968 0.405 0.405 0.405 0.405 0.284 0.284 0.284 0.284 0.078 0.438 0.438 0.438 0.14400003 0.144 0.144 0.312 -0.049520701 -0.05 -0.05 -0.41195297 -0.31835957 -0.099935488 -0.306 -0.306 -0.022876441 -0.022 -0.022 0.033045676 0.060902153 0.060999998 0.060999995 0.15490734 -0.45699876
-0.553 -0.18709826 -0.31135548 -0.449 -0.449 0.29955746 0.3 0.3 0.3 0.30051885 0.372 0.372 0.372 0.37200002 0.532 0.532 0.532 0.532 0.40511345 0.405 0.405 0.405 0.405 0.405 0.284 0.284 0.284 0.284 0.28456015 0.438 0.438 0.438 0.446 0.14402438 0.312 0.312 0.312 0.31194008 -0.095885043 -0.099 -0.099 -0.099 -0.164 -0.164 -0.022 -0.022 -0.022 0.060999999 0.061 0.061 0.061 0.155 0.155
-0.1771795 -0.177 -0.177 -0.17699999 0.347 0.30000121 0.3 0.3 0.3 0.3 0.3676089 0.37199924 0.372 0.532 0.532 0.532 0.532 0.532 0.540288 0.405 0.405 0.405 0.405 0.405 0.39069844 0.45999905 0.46 0.46 0.46 0.438 0.446 0.446 0.446 0.446 0.312 0.31199992 0.309 0.309 -0.093905512 -0.099 -0.099 -0.099 -0.164 -0.164 -0.043986489 -0.022 -0.022 0.061 0.061 0.061 0.062007924 0.155 0.155
-0.177 -0.177 -0.177 0.069759417 0.347 0.347 0.3 0.3 0.3 0.3 0.314 0.314 0.314 0.532 0.532 0.532 0.532 0.53203239 0.821 0.821 0.40500017 0.405 0.40938224 0.585 0.58387468 0.46 0.46 0.46 0.46 0.44600143 0.446 0.446 0.446 0.446 0.30900001 0.309 0.309 0.309 0.30755985 -0.099 -0.099 -0.099 -0.164 -0.164 -0.164 -0.022 -0.022 0.061 0.061 0.061 0.155 0.155 0.155
-0.177 -0.177 -0.177 0.347 0.347 0.347 0.34699993 0.3 0.3 0.31398555 0.314 0.314 0.314 0.31413583 0.69064679 0.728 0.728 0.728 0.821 0.821 0.821 0.585 0.585 0.585 0.58500952 0.54339937 0.46 0.46 0.46 0.48620025 0.49499518 0.495 0.495 0.495 0.27187434 0.2190002 0.219 0.219 0.219 0.10097263 0.101 0.101 -0.164 -0.164 0.18599854 0.18599998 0.142 0.142 0.244 0.244 0.244 0.155 0.24192221
-0.1769992 -0.177 -0.17699998 0.347 0.347 0.347 0.347 0.312 0.30004798 0.3140263 0.314 0.314 0.314 0.31481238 0.728 0.728 0.728 0.72800003 0.821 0.821 0.821 0.585 0.585 0.585 0.619 0.619 0.756 0.756 0.756 0.75457616 0.495 0.495 0.495 0.495 0.35707579 0.219 0.219 0.219 0.219 0.101 0.101 0.101 0.10367443 0.186 0.186 0.186 0.142 0.142 0.244 0.244 0.244 0.242 0.242
0.08 -0.033297904 0.076 0.076078622 0.347 0.31220251 0.312 0.312 0.40309466 0.343 0.343 0.343 0.343 0.86298307 0.863 0.7280001 0.728 0.73045041 0.821 0.821 0.821 0.681 0.681 0.681 0.619 0.619 0.756 0.756 0.756 0.75599998 0.73499847 0.73499933 0.50103204 0.4952573 0.28224341 0.282 0.282 0.282 0.282 0.101 0.101 0.101 0.18131977 0.186 0.186 0.18599997 0.142 0.142 0.14200367 0.244 0.24398565 -0.077 0.242
0.25596658 0.25599997 0.076 0.076 0.076 0.312 0.312 0.312 0.562 0.562 0.343 0.343 0.343 0.863 0.863 0.863 0.863 0.86299482 0.821 0.821 0.82099999 0.681 0.681 0.681 0.619 0.619 0.756 0.756 0.756 0.73523678 0.735 0.735 0.735 0.735 0.28222353 0.282 0.282 0.282 0.282 0.30399995 0.304 0.304 0.304 0.18599871 0.018 0.018 0.018 -0.21 -0.21 -0.21 -0.077 -0.077 -0.077
0.256 0.256 0.076 0.076 0.076 0.31075954 0.312 0.562 0.562 0.562 0.34302696 0.343 0.52276744 0.86299993 0.863 0.863 0.863 0.543 0.543 0.543 0.662 0.66200001 0.68099991 0.681 0.68097311 0.665 0.665 0.66500022 0.75598529 0.54103866 0.54100103 0.54103387 0.73466843 0.73483258 0.36255395 0.28199997 0.2817185 0.198 0.198 0.304 0.304 0.304 0.304 0.018 0.018 0.018 0.018 -0.21 -0.21 -0.21 -0.077 -0.077 -0.077
0.256 0.256 0.076 0.076 0.076 0.076000001 0.4055677 0.562 0.562 0.562 0.56200055 0.563 0.563 0.563 0.86123203 0.863 0.5451324 0.543 0.543 0.543 0.662 0.662 0.662 0.662 0.665 0.665 0.665 0.665 0.665 0.541 0.541 0.541 0.541 0.54099901 0.073 0.198 0.198 0.198 0.198 0.19799955 0.039 0.039 0.039 0.008411541 -0.055 -0.055 -0.055 -0.21 -0.21000011 -0.32 -0.32 0.03597251 0.036
0.256 0.256 0.14096736 0.076 0.076 0.07600001 0.5110905 0.56183928 0.562 0.562 0.56299999 0.563 0.563 0.563 0.563 0.58758706 0.543 0.543 0.543 0.543 0.66199908 0.662 0.662 0.662 0.665 0.665 0.665 0.665 0.665 0.26536926 0.541 0.541 0.541 0.073 0.073 0.073097066 0.198 0.198 -0.028236963 -0.20399996 0.039 0.039 0.039 0.0082765991 -0.055 -0.055 -0.055 -0.238 -0.31897829 -0.32 -0.32 0.036 0.036
0.479 0.479 0.479 0.17704318 0.076546798 0.511 0.511 0.511 0.511 0.51 0.51 0.563 0.563 0.563 0.563 0.56299871 0.543 0.543 0.543 0.543 0.61007226 0.662 0.662 0.65974934 0.57996307 0.665 0.665 0.665 0.168 0.168 0.168 0.16800157 0.073 0.073 0.073 0.073 -0.204 -0.204 -0.204 -0.204 -0.061 -0.061 -0.061 -0.20299715 -0.203 -0.203 -0.20299995 -0.238 -0.238 -0.31990009 -0.32 0.035998825 0.036
0.479 0.479 0.479 0.47899828 0.447 0.45630665 0.511 0.511 0.511 0.51 0.51 0.51 0.080000022 0.08 0.08 0.080000006 0.54204379 0.543 0.543 0.543 0.54479977 0.57600024 0.576 0.576 0.576 0.57599999 0.272 0.272 0.168 0.168 0.168 0.168 0.073000074 0.073 0.073 0.073008389 -0.204 -0.204 -0.204 -0.2038684 -0.061 -0.061 -0.061 -0.20299342 -0.203 -0.203 -0.203 -0.238 -0.238 -0.23799999 -0.197 -0.197 -0.013
0.479 0.479 0.479 0.44700007 0.447 0.447 0.51099998 0.511 0.511 0.51 0.51 0.51 0.08 0.08 0.08 0.075506587 0.021 0.021 0.021001348 0.54005161 0.576 0.576 0.576 0.576 0.576 0.57577122 0.272 0.272 0.272 0.168 0.168 0.16797425 0.176 0.176 0.176 -0.218 -0.218 -0.174 -0.174 -0.174 -0.142 -0.061025407 -0.061001075 -0.205 -0.205 -0.2049242 -0.20300006 -0.238 -0.238 -0.197 -0.197 -0.197 -0.013
0.479 0.479 0.479 0.447 0.447 0.447 0.447 0.511 0.511 0.51 0.51 0.097193798 0.08 0.08 0.08 0.021 0.021 0.021 0.021 0.021 0.576 0.576 0.576 0.576 0.576 0.27200104 0.272 0.272 0.272 0.128 0.128 0.128 0.176 0.176 0.176 -0.218 -0.218 -0.174 -0.174 -0.142 -0.142 -0.142 -0.205 -0.205 -0.205 -0.205 -0.22923346 -0.5 -0.5 -0.5 -0.197 -0.116 -0.116
0.479 0.479 0.47895544 0.447 0.447 0.447 0.447 0.35941492 0.355 0.35526611 0.50999998 0.079998829 0.08 0.08 0.079999796 0.021 0.021 0.021 0.021 0.021 -0.071353414 0.576 0.576 0.576 0.57595654 0.27200523 0.272 0.272 0.272 0.128 0.128 0.128 0.12800691 0.176 -0.218 -0.218 -0.218 -0.21799822 -0.17399782 -0.142 -0.142 -0.142 -0.20499618 -0.205 -0.205 -0.205 -0.49999876 -0.5 -0.5 -0.5 -0.116 -0.116 -0.116
0.548 0.54799988 0.4470204 0.447 0.447 0.447 0.35501958 0.355 0.355 0.355 0.066000007 0.066 0.066 0.066 0.021207695 0.021 0.021 0.021 0.021 -0.098999929 -0.099 -0.099 0.36500004 0.365 0.365 0.365 0.3569729 0.272 0.12600598 0.126 0.126 0.126 0.126 -0.266 -0.266 -0.266 -0.266 -0.266 -0.171 -0.171 -0.171 -0.171 -0.171 -0.37873771 -0.379 -0.379 -0.379 -0.5 -0.5 -0.5 -0.1160605 -0.116 -0.116
0.548 0.548 0.54709574 0.44000001 0.44 0.43991715 0.355 0.355 0.355 0.355 0.066 0.066 0.066 0.066 0.066 0.021 0.021 0.021 -0.09899997 -0.099 -0.099 -0.099 0.365 0.365 0.365 0.365 0.365 0.36498008 0.12606526 0.126 0.126 0.126 0.12602622 -0.14581686 -0.26587556 -0.266 -0.266 -0.266 -0.171 -0.171 -0.171 -0.171 -0.171 -0.379 -0.379 -0.379 -0.379 -0.43558196 -0.5 0.0013434362 0.007 0.057 0.057
0.548 0.548 0.44001368 0.44 0.44 0.44 0.41841036 0.355 0.355 0.355 0.066 0.066 0.066 0.066 0.066 0.021031256 0.021 -0.098964817 -0.099 -0.099 -0.099 -0.099 0.19310819 0.365 0.365 0.365 0.365 0.36495046 0.295 0.295 0.295 0.295 0.295 -0.054 -0.054 -0.054 -0.054 -0.054 -0.358 -0.358 -0.358 -0.358 -0.358 -0.37792323 -0.37899977 -0.379 -0.37892525 -0.36994965 0.007 0.007 0.007 0.05699972 0.057
0.54799976 0.42151498 0.44 0.44 0.44 0.44 0.44 0.35503619 0.355 0.355 0.066000001 0.066 0.066 0.066 -0.29675959 -0.305 -0.305 -0.099005302 -0.099 -0.099 -0.099 -0.099 -0.098999966 0.365 0.365 0.365 0.365 0.4009999 0.40099995 0.37844062 0.295 0.295 0.295 -0.053999999 -0.054 -0.054 -0.054 -0.05387538 -0.358 -0.358 -0.358 -0.358 -0.35796698 0.062 0.062 0.062 0.062 0.061995565 0.007 0.007 0.007 0.0070001101 0.18508543
0.419 0.419 0.38732408 0.44 0.44 0.44 0.44 0.44 0.35503513 -0.10399999 -0.104 -0.104 -0.10359656 -0.30499947 -0.305 -0.305 -0.305 -0.305 -0.098999868 -0.097871703 -0.088 -0.088 -0.088 0.025454879 0.3317849 0.15405723 0.0043476506 0.401 0.401 0.401 0.401 0.401 0.39495009 0.13089786 0.13 0.13 0.13 0.13 -0.27703499 0.072999226 0.073 0.073 0.073 0.20499958 0.062000037 0.062 0.062 0.494 0.0070078013 0.007 0.007 0.187 0.187
0.419 0.419 0.179 0.179 0.179 0.43991306 0.44 0.44 -0.104 -0.104 -0.104 -0.104 -0.104 -0.30499999 -0.305 -0.305 -0.305 -0.305 -0.088 -0.088 -0.088 -0.088 -0.088 -0.050000002 -0.05 -0.05 -0.05 0.401 0.401 0.401 0.401 0.401 0.21 0.21 0.13 0.13 0.13 0.28197411 0.282 0.073 0.073 0.073 0.073000032 0.205 0.205 0.205 0.494 0.494 0.494 0.394 0.394 0.187 0.187
0.419 0.419 0.179 0.179 0.179 0.179 0.17899851 -0.092 -0.1039887 -0.104 -0.104 -0.104 -0.104 -0.30249271 -0.305 -0.305 -0.305 -0.305 -0.088000004 -0.088 -0.088 -0.088 -0.088 -0.05 -0.05 -0.05 -0.05 -0.049998184 0.401 0.401 0.401 0.21001001 0.21 0.21 0.21 0.13 0.282 0.282 0.282 0.27650082 0.24918877 0.282 0.282 0.205 0.205 0.205 0.494 0.494 0.494 0.394 0.394 0.394 0.23409725
0.325 0.32500074 0.179 0.179 0.179 0.179 -0.092 -0.092 -0.092 -0.104 -0.104 -0.104 -0.104 -0.10406248 -0.305 -0.305 -0.305 -0.305 -0.088004013 -0.088 -0.088 -0.088000007 -0.056706131 -0.05 -0.05 -0.05 -0.05 -0.13999993 -0.14 -0.13999999 0.39518648 0.21 0.21 0.21 0.20999983 0.028000003 0.282 0.282 0.282 0.282 0.282 0.282 0.282 0.298 0.298 0.298 0.35601344 0.494 0.494 0.394 0.394 0.394 0.23899931
