interpolatedSpi/02-12|21_3.tif
NCOLS 53
NROWS 52
XLLCORNER -116.03883
YLLCORNER 28.596182
DX 0.49850594
DY 0.49788537
NODATA_VALUE -9999
[rows 0 to 26 of 52, columns 0 to 52 of 53]
-0.82545455 -0.82545455 -0.797885 -0.99909091 -0.98272727 -1.2909091 -1.2090909 -1.1654545 -1.2486253 -1.4490909 -1.4654545 -1.0509091 -1.4835685 -0.66 -0.88636364 -0.88636364 -0.88636364 -0.54 -0.77727273 -0.77727273 -0.77727273 -0.77726875 -0.36454546 -1.1418182 -1.1418182 -1.1418182 -0.80817895 -0.80818182 -0.80818182 -0.56454545 -0.56454545 -0.56454545 -0.56454545 -1.2636362 -1.2636364 -1.2636364 -1.2636364 -1.2636364 -1.2636364 -1.2636363 -0.20234049 -0.19098963 -0.50636364 -0.50636364 -0.50636364 -0.50636364 -0.50599242 -0.27909091 -0.27909091 -0.27909091 0.4981802 0.49818182 0.49818182
-0.82548234 -1.4509091 -1.0290905 -1.0664165 -1.2409837 -0.74909091 -0.98272727 -1.3908134 -1.74 -1.5927273 -1.3409091 -1.4836364 -1.4836364 -1.2199448 -0.66000879 -0.88636364 -0.54 -0.54 -0.77696336 -0.77727273 -0.77727273 -0.77727273 -1.1401912 -1.1418182 -1.1418182 -1.1418182 -1.2781818 -1.2781818 -0.56454545 -0.56454545 -0.56454545 -0.56454545 -0.56454545 -1.2636363 -1.2636364 -1.2636364 -1.2636364 -1.2636364 -1.2636363 -1.1570133 -0.6209431 -0.52026295 -0.50636364 -0.50636364 -0.50636364 -0.50636364 -0.50636364 -0.27909091 -0.27909091 -0.27909091 -0.21463871 0.49818182 0.49818182
-1.3136223 -1.3136364 -0.68090909 -0.70545455 -0.94454545 -1.3027273 -0.79090909 -1.3436364 -1.6836364 -1.6427273 -1.3463636 -1.6745455 -1.1318182 -1.2081818 -1.2218182 -1.7163636 -0.54 -0.54 -0.54 -1.032653 -1.0327273 -1.0327273 -1.1109091 -1.1418182 -1.1418182 -1.1418182 -1.2781818 -1.2781818 -1.2781818 -0.56454545 -0.56454545 -0.56454547 -0.70108802 -1.2622117 -1.2586609 -0.7339892 -0.72909091 -0.72909091 -0.71548449 -0.62090909 -0.62090909 -0.62076262 -0.50636364 -0.50636364 -0.50636364 -0.50636364 -0.50636364 -0.27909091 -0.27909091 -0.27909091 -0.27909091 0.49818182 0.49818182
-0.42272727 -1.3136363 -1.0199944 -0.34363636 -0.96181818 -1.0363636 -0.98090909 -1.3427273 -1.2063636 -1.2500134 -1.3309091 -1.8636364 -1.8181818 -1.2081818 -1.3590909 -1.7163636 -1.8228156 -1.822737 -1.7609091 -1.0327273 -1.0327273 -1.4918182 -1.1109091 -1.1109091 -1.1418182 -1.1418189 -1.2781818 -1.2781818 -1.2781818 -0.98272727 -0.90890518 -0.84818182 -0.84818182 -0.84818172 -0.72909091 -0.72909091 -0.72909091 -0.72909091 -0.62090909 -0.62090909 -0.62090909 -0.62090909 -0.50636364 -0.50636364 -0.50636364 -0.50636364 -0.50636364 -0.27909378 -0.27909091 -0.27909091 -0.27909091 0.49813615 0.49818182
-0.42272727 -0.22181965 -1.02 -1.1931759 -0.96181818 -0.93727273 -1.4254283 -1.3218182 -1.4372727 -1.1018183 -1.4504079 -1.6172253 -1.2863636 -1.3590909 -1.3590909 -1.5998268 -1.8236364 -1.8236364 -1.7609091 -1.7609091 -1.0327281 -1.4918182 -1.1818182 -0.82454545 -0.64272727 -0.642629 -1.2781818 -1.2781818 -0.98272727 -0.98272727 -0.84818182 -0.84818182 -0.84818182 -0.77138108 -0.72909091 -0.72909091 -0.72909091 -0.62090909 -0.62090909 -0.62090909 -0.62090909 -0.6208947 -0.50636364 -0.50636364 -0.50636364 -0.50636364 -0.50636364 -0.50434063 -0.27909091 -0.27911875 -0.9 -0.9 -0.9
-1.4372727 -0.78909091 -0.44545456 -0.88545455 -1.1072727 -0.96090909 -1.25 -1.2591948 -1.0036364 -0.78727273 -0.78090909 -0.35909091 -0.35909152 -1.3618182 -1.3618182 -1.6826173 -1.6827273 -1.4263636 -1.4263636 -1.7609083 -1.0054545 -1.0054545 -0.82454545 -0.64272727 -0.64272727 -0.22181818 -0.54727273 -0.54727273 -0.44095833 -0.98272727 -0.84818182 -0.84818182 -0.44090909 -0.44090368 -0.3890947 -0.67363636 -0.67363636 -0.63722148 -0.62090909 -0.62090909 -0.47200413 -0.47181818 -0.4718172 -1.1725737 -1.1844705 -1.1845453 -1.1845454 -1.1845452 -0.78287987 -0.9 -0.9 -0.9 -0.9
0.11180632 -0.41727273 -0.3434161 -0.25 -0.53909091 -1.3163636 -0.75818181 -0.88454545 -1.0372727 -1.0372727 -0.78090909 -1.1145455 -1.1154546 -1.3618182 -1.2272731 -1.2272727 -1.6827273 -1.1354545 -0.84272727 -0.84272727 -0.99345871 -0.98 -0.98 -0.089090917 -0.22181818 -0.22181818 -0.54727273 -0.54727273 -0.44091084 -0.44094128 -0.35399825 -0.44090909 -0.44090909 -0.38909091 -0.38909091 -0.69888786 -0.67363636 -0.67363636 -0.64000117 -0.47181842 -0.47181818 -0.47181818 -0.47181272 -1.1845414 -1.1845455 -1.1845455 -1.1845455 -1.1845452 -0.78 -0.89997622 -0.9 -0.9 -0.9
0.11181818 0.14272727 0.05 -0.94636364 -0.97817999 -0.99727273 -0.71636364 -1.2681818 -1.2227273 -1.1581818 -1.1581818 -1.1618182 -1.1154545 -1.1154545 -1.2265056 -1.5758443 -1.61 -0.75272727 -0.9127272 -0.84272727 -0.26243503 -0.25363636 -0.27090909 0.054545453 0.05454345 -0.10090909 -0.56545454 -0.56545454 -0.47080397 -0.47090909 -0.35363636 -0.70961269 -0.56181818 -0.38909091 -0.40205509 -0.72 -0.72 -0.64 -0.64 -0.47181818 -0.47181818 -0.47181817 -0.45629744 -0.45727276 -1.1845455 -1.1845455 -1.1845455 -0.7800154 -0.78 -0.78 -0.9 -0.9 -0.9
0.019423916 0.14272728 0.60181818 -0.29545455 -0.63363636 -0.80545455 -0.96909091 -0.97 -1.2109091 -1.0767946 -1.1754545 -1.1363636 -1.1363636 -1.0663636 -1.0663621 -1.1340575 -1.1327273 -1.1327273 -0.77715152 -0.47999997 -0.35727273 -0.35727273 -0.25818182 -0.26589348 -0.085243377 -0.10090909 -0.45 -0.56545455 -0.48682323 -0.48636364 -0.75090909 -0.39181818 -0.41654358 -0.85363636 -0.84363636 -0.95272727 -0.97636364 -1.0336364 -0.83009403 -0.46993934 -0.050909091 -0.29909091 -0.45725807 -0.45727273 -0.46136621 -1.1845455 -1.3145454 -0.78 -0.78 -0.78 -0.78 -0.85868617 -0.36727273
-0.67 -0.67 0.73 0.20181818 -0.63909091 -0.91272727 -0.91818182 -0.74090909 -0.92181818 -1.0427208 -1.2636364 -0.29272727 -1.0663636 -1.0663636 -0.90636364 -0.90946832 -1.1327273 -1.1326659 -0.84727273 -0.48 -0.48 -0.46418862 -0.25818182 -0.50817708 -0.50818182 -0.50818182 -0.45 -0.23272727 -0.23272727 -0.48636364 -0.48636364 -0.39191129 -0.44090909 -0.85363636 -0.30545455 -0.95272727 -0.97636364 -0.69363636 -0.83 -0.71641662 -0.2990909 -0.32413678 -0.36727273 -0.45727273 -0.45727273 -1.3145455 -1.3145455 -1.3145455 -0.78 -0.78 -0.56818182 -0.56818182 -0.56818174
-0.67 -0.67 -0.084545455 -0.71181818 -1.0618182 -0.44636364 -0.93636364 -1.1336109 -1.1272727 -1.0054545 -1.2527273 -1.0681818 -0.29376078 -0.90636364 -0.90636364 -0.90637507 -1.0054545 -0.99715242 -0.84727273 -1.0872727 -1.0872727 -0.68272727 -0.68272727 -0.50818182 -0.50818182 -0.50818182 -0.23272727 -0.23272727 -0.23272727 -0.67727273 -0.67727273 -0.67727234 -0.55818182 -0.55818182 -0.77636364 -0.96 -0.41545455 -1.194537 -0.95727273 -0.71454545 -0.71454545 -0.29454569 -0.36727273 -0.45727273 -0.54545476 -0.86090909 -0.72708645 -0.72454546 -0.51727273 -0.51727273 -0.56818182 -0.56818182 -0.56818182
-0.67 -0.41736307 -0.3522251 -0.73817675 -0.34181818 -1.1163636 -0.93636364 -1.1336364 -1.1272728 -1.0068041 -1.0681817 -1.0681818 -0.90363636 -0.90636364 -0.90636364 -1.0054545 -1.0054545 -1.0054455 -0.84727273 -1.0872727 -1.0078282 -0.68272727 -0.68272727 -0.5081894 -0.50818182 -0.5437433 -0.61636364 -0.61636364 -0.61636359 -0.67727273 -0.67727273 -0.67636364 -0.67636364 -0.55818242 -0.77636364 -0.71727282 -0.38046848 -1.1945455 -1.1945455 -0.71454544 -0.29454545 -0.29454545 -0.29454728 -0.54545455 -0.54545455 -0.86090909 -0.72454545 -0.72454545 -0.51727273 -0.51727273 -0.56818182 -0.56818182 -0.56818182
-1.0754545 -0.55100718 -0.5818223 -0.58294562 -0.34182224 -1.1163453 -0.93636364 -1.1312081 -1.1277112 -1.1240917 -0.90363636 -0.90363636 -0.90363636 -0.90363636 -0.90636325 -1.0054545 -1.0054545 -1.0034122 -0.84727273 -1.087323 -1.2663636 -1.2663636 -1.2663636 -1.2663636 -0.52109644 -0.61636364 -0.61636364 -0.61636364 -0.61636364 -0.61645172 -0.67636364 -0.67636364 -0.67636364 -0.67636364 -0.71727273 -0.71727273 -0.71727273 -1.1703695 -1.1921216 -0.87181818 -0.87181818 -0.2945765 -0.71635779 -0.54547101 -0.54545455 -0.86090909 -0.72454545 -0.72454545 -0.51727273 -0.51727273 -0.56799713 -0.56818182 -0.27839312
-1.0754545 -0.58181818 -0.58181818 -0.58181818 -0.58181818 -0.5818184 -0.93682427 -1.0297049 -1.1288812 -0.90387421 -0.90363636 -0.90363636 -0.90363636 -0.90363636 -0.90363654 -1.0054545 -1.0054545 -0.99460435 -0.84727629 -1.2663636 -1.2663636 -1.2663636 -1.2663636 -1.2663636 -1.2550221 -0.73988681 -0.8063636 -0.80636364 -0.80636364 -0.80636364 -0.67636364 -0.67636364 -0.6763635 -0.56363636 -0.56363636 -0.71727273 -0.56172205 -0.55727273 -0.871818 -0.87181818 -0.87181818 -0.87181818 -0.71636364 -0.71636364 -0.71636364 -0.71736954 -0.73992777 -0.74 -0.74 -0.74 -0.74 -0.34090914 -0.34090909
-0.85090909 -0.58181818 -0.58181818 -0.58181818 -0.58181818 -0.58181818 -0.58181821 -0.93118324 -1.144324 -1.1445455 -1.1445455 -1.1445455 -1.1445455 -1.1445455 -1.1445455 -0.83012142 -1.0025551 -0.98379416 -1.266311 -1.2663636 -1.2663636 -1.2663636 -1.2663636 -1.266363 -0.74181818 -0.74181818 -0.74181827 -0.80636364 -0.80636364 -0.80614701 -0.69818182 -0.69818182 -0.56363636 -0.56363636 -0.56363636 -0.55829199 -0.55727273 -0.55727273 -0.55727273 -0.87181818 -0.87181818 -0.87181818 -0.71636364 -0.71636364 -0.71636364 -0.71636364 -0.74 -0.74 -0.74 -0.74 -0.74 -0.34090909 -0.34090909
-0.85090909 -0.7507296 -0.58181818 -0.58181818 -0.58181818 -0.58181818 -0.80268392 -0.80272727 -0.80272728 -1.1445455 -1.1445455 -1.1445455 -1.1445455 -1.1445455 -1.0737507 -0.82363636 -0.82363636 -0.82363636 -0.72800802 -0.72636419 -0.72636364 -0.72636364 -0.72636364 -0.72636364 -0.74181818 -0.74181818 -0.74181818 -0.74181818 -0.80636364 -0.69818182 -0.69818182 -0.69818182 -0.56363638 -0.56363636 -0.56363636 -0.28272727 -0.55690922 -0.55727273 -0.55727273 -0.87169292 -0.62187466 -0.038860626 -0.71636364 -0.71636364 -0.59401511 -0.59363636 -0.59363636 -0.73943222 -0.39575266 -0.39454548 -0.39454552 -0.11639769 -0.34090863
-0.85090909 -0.79871316 -0.6908481 -0.58181818 -0.58181818 -0.80259675 -0.80272727 -0.80272727 -0.80272727 -0.80519051 -1.1445455 -1.1445455 -1.1445455 -1.1445454 -0.82363636 -0.82363636 -0.82363636 -0.82363636 -0.72645053 -0.72636364 -0.72636364 -0.72636364 -0.72636364 -0.72636364 -0.74181818 -0.74181818 -0.74181818 -0.74181818 -0.74165946 -0.69818182 -0.69818182 -0.69818182 -0.56545455 -0.56360783 -0.28272727 -0.28272727 -0.28272727 -0.27849059 -0.069335689 -0.036363636 -0.036363636 -0.036363636 -0.52363636 -0.52363636 -0.59363636 -0.59363636 -0.59363636 -0.39454546 -0.39454545 -0.39454545 -0.39454545 -0.11636364 -0.11636364
-0.79723016 -0.79727273 -0.79727273 -0.79727273 -0.64545455 -0.80272322 -0.80272727 -0.80272727 -0.80272727 -0.80272727 -1.1086872 -1.1445393 -1.1445454 -0.82363636 -0.82363636 -0.82363636 -0.82363636 -0.82363636 -0.79615391 -0.72636364 -0.72636364 -0.72636364 -0.72636364 -0.72636364 -0.68322227 -0.60181894 -0.60181818 -0.60181818 -0.60181818 -0.69818181 -0.56545455 -0.56545455 -0.56545455 -0.56545455 -0.28272727 -0.28271707 0.10454545 0.10454545 -0.034604176 -0.036363636 -0.036363636 -0.036363636 -0.52363636 -0.52363636 -0.58279795 -0.59363636 -0.59363636 -0.39454545 -0.39454545 -0.39454545 -0.39156262 -0.11636364 -0.11636364
-0.79727273 -0.79727273 -0.79727273 -0.72577928 -0.64545455 -0.64545455 -0.80272727 -0.80272727 -0.80272727 -0.80272727 -0.67090909 -0.67090909 -0.67090909 -0.82363636 -0.82363636 -0.82363636 -0.82363636 -0.82354157 -0.50909091 -0.50909091 -0.72636355 -0.72636364 -0.72773585 -0.78272727 -0.78109862 -0.60181818 -0.60181818 -0.60181818 -0.60181818 -0.56545825 -0.56545455 -0.56545455 -0.56545455 -0.56545455 0.10454409 0.10454545 0.10454545 0.10454545 0.10404903 -0.036363636 -0.036363636 -0.036363637 -0.52363636 -0.52363636 -0.52363636 -0.59363636 -0.59363636 -0.39454546 -0.39454545 -0.39454545 -0.11636364 -0.11636364 -0.11636364
-0.79727273 -0.79727273 -0.79727273 -0.64545455 -0.64545455 -0.64545455 -0.64545479 -0.80272727 -0.80272727 -0.67104517 -0.67090909 -0.67090909 -0.67090909 -0.67100424 -0.35932223 -0.25 -0.25 -0.25 -0.50909091 -0.50909091 -0.50909091 -0.78272727 -0.78272727 -0.78272727 -0.78251412 -0.29759408 -0.60181818 -0.60181818 -0.60181818 -0.30158709 -0.24003201 -0.24 -0.24 -0.24 0.098051959 0.090000033 0.09 0.09 0.09 -0.076358163 -0.076363636 -0.076363636 -0.52363636 -0.52363636 -0.52000002 -0.51999999 -0.47909091 -0.47909091 -0.28181818 -0.28181818 -0.28181818 -0.11636364 -0.14633681
-0.79727065 -0.79727273 -0.79727272 -0.64545455 -0.64545455 -0.64545455 -0.64545454 -0.29181833 -0.80068446 -0.67066179 -0.67090909 -0.67090909 -0.67090909 -0.67008315 -0.25 -0.25 -0.25 -0.25000007 -0.50909091 -0.50909091 -0.50909091 -0.78272727 -0.78272727 -0.78272727 -0.021818182 -0.021818182 -0.07090909 -0.070909091 -0.070909091 -0.071831535 -0.24 -0.24 -0.24 -0.24 -0.075090662 0.09 0.09 0.09 0.09 -0.076363636 -0.076363636 -0.076363636 -0.090322134 -0.52 -0.52 -0.52 -0.47909091 -0.47909091 -0.28181818 -0.28181818 -0.28181818 -0.14636364 -0.14636364
-0.12636364 -0.43789408 -0.45818182 -0.45823615 -0.64545455 -0.29386431 -0.29181818 -0.29181818 -0.27624928 -0.39818181 -0.39818182 -0.39818182 -0.39818182 0.26906919 0.26909091 -0.2499996 -0.25 -0.25682666 -0.50909091 -0.50909091 -0.50909091 0.24636364 0.24636364 0.24636364 -0.021818182 -0.021818182 -0.070909091 -0.070909091 -0.070909091 -0.070909017 0.030907369 0.03090833 -0.23319111 -0.23970957 -0.26905405 -0.26909091 -0.26909091 -0.26909091 -0.26909091 -0.076363636 -0.076363636 -0.076363636 -0.49557196 -0.52 -0.52 -0.51999997 -0.47909091 -0.47909091 -0.47908381 -0.28181818 -0.28183424 -0.64090909 -0.14636364
-0.28996892 -0.29000003 -0.45818182 -0.45818182 -0.45818182 -0.29181818 -0.29181818 -0.29181818 -0.24909091 -0.24909091 -0.39818182 -0.39818182 -0.39818182 0.26909091 0.26909091 0.26909091 0.26909091 0.26900258 -0.50909091 -0.50909091 -0.50909088 0.24636364 0.24636364 0.24636364 -0.021818182 -0.021818182 -0.070909091 -0.070909091 -0.070909091 0.029761083 0.030909091 0.030909091 0.030909091 0.030909091 -0.26894288 -0.26909091 -0.26909091 -0.26909091 -0.26909091 -0.024545468 -0.024545455 -0.024545455 -0.024545455 -0.51999859 -0.33636364 -0.33636364 -0.33636364 -0.44 -0.44 -0.44 -0.64090909 -0.64090909 -0.64090909
-0.29 -0.29 -0.45818182 -0.45818182 -0.45818182 -0.29269262 -0.29181818 -0.24909091 -0.24909091 -0.24909091 -0.39816346 -0.39818182 -0.092874308 0.26909084 0.26909091 0.26909091 0.26909091 0.12818182 0.12818182 0.12818182 -0.018181812 -0.018181622 0.24636235 0.24636364 0.24607976 -0.10545455 -0.10545455 -0.10545446 -0.070914674 0.10998424 0.10999958 0.10998619 0.031044265 0.030977346 -0.21560783 -0.26909077 -0.2678997 0.086363636 0.086363636 -0.024545455 -0.024545455 -0.024545455 -0.024545455 -0.33636364 -0.33636364 -0.33636364 -0.33636364 -0.44 -0.44 -0.44 -0.64090909 -0.64090909 -0.64090909
-0.29 -0.29 -0.45818182 -0.45818182 -0.45818182 -0.45818182 -0.27582661 -0.24909091 -0.24909091 -0.24909091 -0.24896687 -0.024545455 -0.024545455 -0.024545455 0.26736044 0.26909091 0.1291208 0.12818182 0.12818182 0.12818182 -0.018181818 -0.018181818 -0.018181818 -0.018181818 -0.10545455 -0.10545455 -0.10545455 -0.10545455 -0.10545455 0.11 0.11 0.11 0.11 0.11000011 0.16 0.086363636 0.086363636 0.086363636 0.086363636 0.08636323 -0.024545455 -0.024545455 -0.024545455 -0.15056897 -0.41181818 -0.41181818 -0.41181818 -0.44 -0.43999995 -0.38545455 -0.38545455 -0.33461999 -0.33454545
-0.29 -0.29 -0.39747999 -0.45818182 -0.45818182 -0.45818181 -0.21460676 -0.24898204 -0.24909091 -0.24909091 -0.024545447 -0.024545455 -0.024545455 -0.024545455 -0.024545455 -0.00045430812 0.12818182 0.12818182 0.12818182 0.12818182 -0.018180686 -0.018181818 -0.018181818 -0.018181818 -0.10545455 -0.10545455 -0.10545455 -0.10545455 -0.10545455 0.036776137 0.11 0.11 0.11 0.16 0.16 0.15994282 0.086363636 0.086363636 0.30994019 0.48363633 -0.024545455 -0.024545455 -0.024545455 -0.14671673 -0.41181818 -0.41181818 -0.41181818 0.26636364 -0.37733295 -0.38545455 -0.38545455 -0.33454545 -0.33454545
-0.085454545 -0.085454545 -0.085454545 -0.36472885 -0.45759339 -0.21454545 -0.21454545 -0.21454545 -0.21454545 0.012727271 0.012727273 -0.024545452 -0.024545455 -0.024545455 -0.024545455 -0.024535767 0.12818182 0.12818182 0.12818182 0.12818182 0.045686525 -0.018181818 -0.018181818 -0.021369851 -0.13846173 -0.10545455 -0.10545455 -0.10545455 0.010909091 0.010909091 0.010909091 0.010909507 0.16 0.16 0.16 0.16 0.48363636 0.48363636 0.48363636 0.48363636 0.15363636 0.15363636 0.15363636 0.22363496 0.22363636 0.22363636 0.22363616 0.26636364 0.26636364 -0.38466034 -0.38545455 -0.33454123 -0.33454545
