interpolatedSpi/02-10|23_1.tif
NCOLS 53
NROWS 52
XLLCORNER -116.03883
YLLCORNER 28.596182
DX 0.49850594
DY 0.49788537
NODATA_VALUE -9999
[rows 26 to 51 of 52, columns 0 to 52 of 53]
0.34666667 0.34666667 0.34666667 0.17599904 0.11910641 0.35111111 0.35111111 0.35111111 0.35111111 0.39333333 0.39333333 0.45222222 0.45222222 0.45222222 0.45222222 0.45221643 0.36111111 0.36111111 0.36111111 0.36111111 0.38741396 0.40777778 0.40777778 0.40894091 0.45152955 0.43666667 0.43666667 0.43666667 -0.076666667 -0.076666667 -0.076666667 -0.076665114 -0.18444444 -0.18444444 -0.18444444 -0.18444444 -0.38777778 -0.38777778 -0.38777778 -0.38777778 -0.23555556 -0.23555556 -0.23555556 -0.33888681 -0.33888889 -0.33888889 -0.33888887 -0.36111111 -0.36111111 -0.4731966 -0.47333333 -0.067778702 -0.067777778
0.34666667 0.34666667 0.34666667 0.3466623 0.26555556 0.27799674 0.35111111 0.35111111 0.35111111 0.39333333 0.39333333 0.39333333 -0.10999997 -0.11 -0.11 -0.10999999 0.36023184 0.36111111 0.36111111 0.36111111 0.36182117 0.4522221 0.45222222 0.45222222 0.45222222 0.45222221 0.040000003 0.04 -0.076666667 -0.076666667 -0.076666667 -0.076666667 -0.18444432 -0.18444444 -0.18444444 -0.18443042 -0.38777778 -0.38777778 -0.38777778 -0.38758768 -0.23555556 -0.23555556 -0.23555556 -0.3388841 -0.33888889 -0.33888889 -0.33888889 -0.36111111 -0.36111111 -0.3611111 -0.25111111 -0.25111111 -0.047777778
0.34666667 0.34666667 0.34666667 0.26555574 0.26555556 0.26555556 0.35111108 0.35111111 0.35111111 0.39333333 0.39333333 0.39333333 -0.11 -0.11 -0.11 -0.11067697 -0.11888889 -0.11888889 -0.11888765 0.35839995 0.45222222 0.45222222 0.45222222 0.45222222 0.45222222 0.451912 0.04 0.04 0.04 -0.076666667 -0.076666667 -0.076630193 -0.012222222 -0.012222222 -0.012222222 -0.38555555 -0.38555556 -0.34444444 -0.34444444 -0.34444444 -0.29333333 -0.23557368 -0.23555632 -0.33777778 -0.33777778 -0.33781989 -0.33888892 -0.36111111 -0.36111111 -0.25111111 -0.25111111 -0.25111111 -0.047777778
0.34666667 0.34666667 0.34666667 0.26555556 0.26555556 0.26555556 0.26555556 0.35111111 0.35111111 0.39333333 0.39333333 -0.089873926 -0.11 -0.11 -0.11 -0.11888889 -0.11888889 -0.11888889 -0.11888889 -0.11888889 0.45222222 0.45222222 0.45222222 0.45222222 0.45222222 0.040001406 0.04 0.04 0.04 -0.02 -0.02 -0.02 -0.012222222 -0.012222222 -0.012222222 -0.38555556 -0.38555556 -0.34444444 -0.34444444 -0.29333333 -0.29333333 -0.29333333 -0.33777778 -0.33777778 -0.33777778 -0.33777778 -0.35877099 -0.59333333 -0.59333333 -0.59333333 -0.25111111 -0.17111111 -0.17111111
0.34666667 0.34666667 0.34655372 0.26555556 0.26555556 0.26555556 0.26555556 0.20949264 0.20666667 0.20698715 0.39333331 -0.10999897 -0.11 -0.11 -0.11000003 -0.11888889 -0.11888889 -0.11888889 -0.11888889 -0.11888889 -0.18394414 0.45222222 0.45222222 0.45222222 0.45218812 0.040013878 0.04 0.04 0.04 -0.02 -0.02 -0.02 -0.019998795 -0.012222222 -0.38555556 -0.38555556 -0.38555556 -0.38555387 -0.34444096 -0.29333333 -0.29333333 -0.29333333 -0.33777508 -0.33777778 -0.33777778 -0.33777778 -0.59333202 -0.59333333 -0.59333333 -0.59333333 -0.17111111 -0.17111111 -0.17111111
0.41444444 0.41444433 0.26560347 0.26555556 0.26555556 0.26555556 0.2066792 0.20666667 0.20666667 0.20666667 -0.09777777 -0.097777778 -0.097777778 -0.097777778 -0.11879145 -0.11888889 -0.11888889 -0.11888889 -0.11888889 -0.21111106 -0.21111111 -0.21111111 0.28666669 0.28666667 0.28666667 0.28666667 0.26537616 0.04 -0.0099979522 -0.01 -0.01 -0.01 -0.01 -0.4 -0.4 -0.4 -0.4 -0.4 -0.28 -0.28 -0.28 -0.28 -0.28 -0.4642535 -0.46444444 -0.46444444 -0.46444444 -0.59333333 -0.59333333 -0.59333333 -0.17117763 -0.17111111 -0.17111111
0.41444444 0.41444444 0.41351413 0.30333326 0.30333332 0.30323907 0.20666667 0.20666667 0.20666667 0.20666667 -0.097777778 -0.097777778 -0.097777778 -0.097777778 -0.097777778 -0.11888889 -0.11888889 -0.11888889 -0.21111109 -0.21111111 -0.21111111 -0.21111111 0.28666666 0.28666667 0.28666667 0.28666667 0.28666667 0.28661418 -0.0098811485 -0.0099999987 -0.01 -0.0099999999 -0.0099522546 -0.2513458 -0.39984607 -0.4 -0.4 -0.4 -0.28 -0.28 -0.28 -0.28 -0.28 -0.46444444 -0.46444444 -0.46444444 -0.46444444 -0.52471541 -0.59333333 -0.10110923 -0.095555556 -0.044444444 -0.044444444
0.41444444 0.41444444 0.30334741 0.30333333 0.30333333 0.30333333 0.27878041 0.20666667 0.20666667 0.20666667 -0.097777778 -0.097777778 -0.097777778 -0.097777778 -0.097777778 -0.11887596 -0.11888889 -0.21108407 -0.21111111 -0.21111111 -0.21111111 -0.21111111 0.10226166 0.28666667 0.28666667 0.28666667 0.28666667 0.2866746 0.29777778 0.29777778 0.29777778 0.29777778 0.29777778 -0.13777778 -0.13777778 -0.13777778 -0.13777778 -0.13777778 -0.44 -0.44 -0.44 -0.44 -0.44 -0.46330229 -0.46444421 -0.46444444 -0.46436515 -0.45485039 -0.095555556 -0.095555556 -0.095555556 -0.044444731 -0.044444444
0.41444431 0.34145137 0.30333334 0.30333333 0.30333333 0.30333333 0.30333333 0.20670783 0.20666667 0.20666667 -0.097777777 -0.097777778 -0.097777778 -0.097777778 -0.45521385 -0.46333333 -0.46333333 -0.2111176 -0.21111111 -0.21111111 -0.21111111 -0.21111111 -0.21111107 0.28666667 0.28666667 0.28666667 0.28666667 0.46333317 0.46333326 0.42809909 0.29777778 0.29777778 0.29777778 -0.13777778 -0.13777778 -0.13777778 -0.13777778 -0.13760319 -0.44 -0.44 -0.44 -0.44 -0.43996152 0.0033333333 0.0033333333 0.0033333333 0.0033333333 0.0033253584 -0.095555556 -0.095555556 -0.095555556 -0.095555458 0.062840791
0.34 0.34 0.2922349 0.30333333 0.30333333 0.30333333 0.30333333 0.30333333 0.20670676 -0.25777777 -0.25777778 -0.25777778 -0.25739807 -0.46333281 -0.46333333 -0.46333333 -0.46333333 -0.46333333 -0.21111072 -0.207806 -0.17888889 -0.17888889 -0.17888889 -0.061925125 0.25927644 0.11271653 -0.010654774 0.46333333 0.46333333 0.46333333 0.46333333 0.46333333 0.45475901 0.12134679 0.12 0.12 0.12 0.12 -0.34565562 0.06222132 0.062222222 0.062222222 0.062222222 0.15777732 0.0033333735 0.0033333333 0.0033333333 0.43 -0.095547137 -0.095555556 -0.095555556 0.064444444 0.064444444
0.34 0.34 0.063333336 0.063333333 0.063333333 0.30325339 0.30333333 0.30333333 -0.25777778 -0.25777778 -0.25777778 -0.25777778 -0.25777778 -0.46333332 -0.46333333 -0.46333333 -0.46333333 -0.46333333 -0.17888889 -0.17888889 -0.17888889 -0.17888889 -0.17888889 -0.055555562 -0.055555556 -0.055555556 -0.055555556 0.46333333 0.46333333 0.46333333 0.46333333 0.46333333 0.24 0.24 0.12 0.12 0.12 0.31441133 0.31444444 0.062222222 0.062222222 0.062222222 0.062222252 0.15777778 0.15777778 0.15777778 0.43 0.43 0.43 0.27444444 0.27444444 0.064444444 0.064444444
0.34 0.34 0.063333333 0.063333333 0.063333333 0.063333333 0.06333165 -0.24333333 -0.25776418 -0.25777778 -0.25777778 -0.25777778 -0.25777778 -0.46076921 -0.46333333 -0.46333333 -0.46333333 -0.46333333 -0.17888889 -0.17888889 -0.17888889 -0.17888889 -0.17888889 -0.055555556 -0.055555556 -0.055555556 -0.055555556 -0.055553465 0.46333333 0.46333333 0.46333333 0.24001171 0.24 0.24 0.24 0.12 0.31444444 0.31444444 0.31444444 0.30780801 0.22988724 0.26111111 0.26111111 0.15777778 0.15777778 0.15777778 0.43 0.43 0.43 0.27444444 0.27444444 0.27444444 0.12985729
0.24 0.24000078 0.063333333 0.063333333 0.063333333 0.063333333 -0.24333333 -0.24333333 -0.24333333 -0.25777778 -0.25777778 -0.25777778 -0.25777778 -0.25784168 -0.46333333 -0.46333333 -0.46333333 -0.46333333 -0.17889408 -0.17888889 -0.17888889 -0.1788889 -0.077294395 -0.055555556 -0.055555556 -0.055555556 -0.055555556 -0.13888882 -0.13888889 -0.13888888 0.45686153 0.24 0.24 0.24 0.23999981 0.045555558 0.31444444 0.31444444 0.31444444 0.31444444 0.26111111 0.26111111 0.26111111 0.27444444 0.27444444 0.27444444 0.25223954 0.43 0.43 0.27444444 0.27444444 0.27444444 0.13666605
0.24 0.24 0.063333333 0.063333333 0.063333333 -0.24333333 -0.24333333 -0.24333333 -0.24333333 -0.25619995 -0.25777778 -0.25777778 -0.25777778 -0.25778011 -0.82884682 -0.82888889 -0.82888889 -0.82888889 -0.57813119 -0.64666667 -0.64666667 -0.64666667 -0.64666667 -0.055555556 -0.055555556 -0.055555556 -0.055561052 -0.13888889 -0.13888889 -0.13888889 -0.13888889 0.23995851 0.13063062 0.045555556 0.045555556 0.045555556 0.31295449 -0.08443614 -0.084444444 -0.084444444 0.26119553 0.36888889 0.36888889 0.27444444 0.27444444 0.27444435 0.25222222 0.25222222 -0.047777778 -0.047777778 -0.047777778 -0.07 -0.085555556
0.24 0.24 0.044444444 0.044444444 0.044444444 -0.24333333 -0.24333333 -0.24333333 -0.24333333 -0.44222222 -0.44222222 -0.44222222 -0.44222222 -0.46947153 -0.82888889 -0.82888889 -0.82888889 -0.82888889 -0.57555556 -0.64666667 -0.64666667 -0.64666667 -0.64666667 -0.42888889 -0.42888874 -0.055556107 -0.13888889 -0.13888889 -0.13888889 -0.13888889 -0.092761589 -0.047777778 0.034450169 0.045555556 0.045555556 0.045555556 -0.084444444 -0.084444444 -0.084444444 -0.084444444 0.36888889 0.36888889 0.36888889 0.58215495 0.58222222 0.25370555 0.25222222 0.25222222 -0.047777612 -0.047777778 -0.07 -0.07 -0.085555556
0.24 0.044444445 0.044444444 0.044444444 0.044444444 0.044444444 -0.2456622 -0.54333333 -0.54333333 -0.44222222 -0.44222222 -0.44222222 -0.44222222 -0.4423138 -0.82888889 -0.82888889 -0.82888889 -0.81744249 -0.57555556 -0.57555556 -0.64666667 -0.64666667 -0.42888889 -0.42888889 -0.42888889 -0.42888889 -0.13888889 -0.13888889 -0.13888889 -0.13888889 -0.047777778 -0.047777778 -0.047777778 0.04546111 0.045555556 0.045555556 -0.084444444 -0.084444444 -0.084444444 -0.084444444 0.36888889 0.36888889 0.36888889 0.58222222 0.58222222 0.58220755 0.32333333 0.32333333 -0.038888889 -0.038888889 -0.07 -0.07 -0.085555556
0.046280954 0.044444444 0.044444444 0.044444444 0.044444444 0.044444444 -0.54333333 -0.54333333 -0.54333333 -0.48921444 -0.44222222 -0.44222222 -0.44222222 -0.44222708 -0.82888889 -0.82888889 -0.82888889 -0.57555556 -0.57555556 -0.57555556 -0.64666311 -0.64666534 -0.42888889 -0.42888889 -0.42888889 -0.42888889 -0.1389095 -0.13888889 -0.13888889 -0.047798731 -0.047777778 -0.047777778 -0.047777778 -0.047777778 0.045091559 -0.12 -0.12 -0.11938465 -0.084444444 -0.084444444 0.36888849 0.36888889 0.57601951 0.58222222 0.58222222 0.32333343 0.32333333 0.32333333 -0.038888889 -0.038888889 -0.32555556 -0.32555556 -0.56
0.044444444 0.044444444 0.044444444 0.044444444 0.044444444 0.044444444 -0.54333333 -0.54333333 -0.54333333 -0.54333333 -0.60221761 -0.60222222 -0.60222222 -0.60222222 -0.82888797 -0.67077311 -0.58222222 -0.58222222 -0.57556785 -0.57555556 -0.57555557 -0.42888921 -0.42888889 -0.42888889 -0.42888889 -0.42888889 -0.42867804 -0.13888889 -0.13888577 -0.047777778 -0.047777778 -0.047777778 -0.047777778 -0.047777778 -0.12 -0.12 -0.12 -0.12 -0.12 -0.12000058 -0.42333333 -0.42333333 -0.42333319 -0.0022222222 -0.0022222222 -0.0022222222 -0.31555556 -0.31555556 -0.41 -0.41 -0.32555556 -0.32555607 -0.56
0.044444444 0.044444444 0.044444444 0.044444444 0.044444444 0.044444444 -0.54333333 -0.54333333 -0.54333333 -0.60222222 -0.60222222 -0.60222222 -0.60222222 -0.60222222 -0.59695027 -0.58222222 -0.58222222 -0.58222222 -0.58222222 -0.58222222 -0.58190391 -0.42888889 -0.42888889 -0.42888889 -0.42888889 -0.43499464 -0.62302864 -0.20485348 -0.04822709 -0.047777778 -0.047777778 -0.047777778 -0.047777778 -0.047777936 -0.12 -0.12 -0.12 -0.12 -0.12 -0.26110996 -0.42333333 -0.42333333 -0.42333333 -0.0022222222 -0.0022222222 -0.0022222222 -0.31555556 -0.31555556 -0.41 -0.41 -0.95888888 -0.58200429 -0.56
0.044444444 0.044444444 0.044444444 0.044444444 0.044444444 0.044444268 -0.5433332 -0.54333333 -0.54577755 -0.60222222 -0.60222222 -0.60222222 -0.60222222 -0.60222222 -0.6012629 -0.58222222 -0.58222222 -0.58222222 -0.58222222 -0.58222222 -0.58222222 -0.59347666 -0.62333306 -0.62333333 -0.62333333 -0.62333333 -0.62333333 -0.62333333 -0.31511663 -0.31110799 -0.31111111 -0.31111111 -0.31111111 -0.31111097 -0.12 -0.12 -0.12 -0.12 -0.12 -0.4233333 -0.42333333 -0.42333333 -0.42333333 -0.42333315 -0.002963267 -0.46444444 -0.31555557 -0.75558682 -0.41030959 -0.95888889 -0.95888889 -0.95588637 -0.81444444
0.044444444 0.044444444 0.044444444 0.044444444 0.044444444 0.044406896 -0.54330163 -0.5433369 -0.60222215 -0.60222222 -0.60222222 -0.60222222 -0.60222222 -0.60222222 -0.60184166 -0.58222222 -0.58222222 -0.58222222 -0.58222222 -0.58222222 -0.58222222 -0.62333333 -0.62333333 -0.62333333 -0.62333333 -0.62333333 -0.62333333 -0.62333333 -0.3111973 -0.31111111 -0.31111111 -0.31111111 -0.31111111 -0.31111111 -0.25874669 -0.12 -0.12 -0.12 -0.12 -0.42333333 -0.42333333 -0.42333333 -0.42333333 -0.42334386 -0.46444444 -0.46444444 -0.46631774 -0.76333333 -0.76333333 -0.95888889 -0.95888889 -0.81444444 -0.81444444
0.044444444 0.044444444 0.044444444 0.044444444 0.044444441 0.043660563 -0.54263727 -0.595577 -0.60222222 -0.60222222 -0.60222222 -0.60222222 -0.60222222 -0.60222222 -0.60187209 -0.58222222 -0.58222222 -0.58222222 -0.58222222 -0.58222222 -0.5880757 -0.62333333 -0.62333333 -0.62333333 -0.62333333 -0.62333333 -0.62333333 -0.62333333 -0.31111236 -0.31111111 -0.31111111 -0.31111111 -0.31111111 -0.31111111 -0.31111111 -0.17707467 -0.26578525 -0.31429353 -0.32168672 -0.44040289 -0.42333334 -0.42333333 -0.42333333 -0.46444116 -0.46444444 -0.46666631 -0.83666632 -0.76333333 -0.76333333 -1.0344381 -1.0344444 -1.0344444 -0.81444454
0.044444444 0.044444444 0.044444444 0.044444444 0.044443848 0.03954258 -0.54430675 -0.60220603 -0.60222222 -0.60222222 -0.60222222 -0.60222222 -0.60222222 -0.60222222 -0.60175519 -0.58222222 -0.58222222 -0.58222222 -0.58222222 -0.58222222 -0.62333316 -0.62333333 -0.62333333 -0.62333333 -0.62333333 -0.62333333 -0.62333333 -0.62333333 -0.3111112 -0.31111111 -0.31111111 -0.31111111 -0.31111111 -0.31111111 -0.31111111 -0.32555556 -0.32555556 -0.32555556 -0.32555556 -0.68888889 -0.68888889 -0.68888889 -0.68888889 -0.83666559 -0.83666667 -0.83666667 -0.83666667 -0.83666849 -1.0055556 -1.0055556 -1.0344444 -1.0344444 -1.0807937
0.044444444 0.044444444 0.044444444 0.044444399 0.04442803 0.028460414 -0.59717012 -0.60222145 -0.60222222 -0.60222222 -0.60222222 -0.60222222 -0.60222222 -0.60222222 -0.6015433 -0.58222223 -0.58222222 -0.58222222 -0.58222222 -0.58246965 -0.62333333 -0.62333333 -0.62333333 -0.62333333 -0.62333333 -0.62333333 -0.62333333 -0.62333333 -0.31111118 -0.31111111 -0.31111111 -0.31111111 -0.31111111 -0.31111111 -0.32555554 -0.32555556 -0.32555556 -0.32555556 -0.32555556 -0.68888889 -0.68888889 -0.68888889 -0.68888889 -0.72877348 -0.83666667 -0.83666667 -0.83666667 -1.0055537 -1.0055556 -1.0055556 -1.1055556 -1.1055556 -1.1055556
0.044444444 0.044444443 0.044444417 0.044443112 0.044283413 -0.018099989 -0.60188312 -0.60222203 -0.60222222 -0.60222222 -0.60222222 -0.60222222 -0.60222222 -0.60222222 -0.60125627 -0.58222269 -0.58222222 -0.58222222 -0.58222227 -0.62250036 -0.62333333 -0.62333333 -0.62333333 -0.62333333 -0.62333333 -0.62333333 -0.62333333 -0.62333333 -0.3111114 -0.31111111 -0.31111111 -0.31111111 -0.31111111 -0.2647485 -0.32555553 -0.32555556 -0.32555556 -0.32555556 -0.32555556 -0.68888889 -0.68888889 -0.68888889 -0.68888889 -0.68888889 -0.83666667 -0.83666667 -0.83666667 -1.0055556 -1.0055556 -1.0055556 -1.1055556 -1.1055556 -1.1055556
0.044444439 0.044444405 0.044443888 0.044428684 0.043463925 -0.32918982 -0.60214823 -0.6022221 -0.60222222 -0.60222222 -0.60222222 -0.60222222 -0.60222222 -0.60222218 -0.60091501 -0.58222953 -0.58222222 -0.58222222 -0.58243507 -0.62332984 -0.62333333 -0.62333333 -0.62333333 -0.62333333 -0.62333333 -0.62333333 -0.62333333 -0.62333315 -0.31111307 -0.31111111 -0.31111107 -0.25334555 -0.24777778 -0.24777778 -0.24777778 -0.32555556 -0.32555556 -0.32555556 -0.32555556 -0.68888889 -0.68888889 -0.68888889 -0.68888889 -0.68888889 -0.83666405 -0.83666667 -0.83666675 -1.0055555 -1.0055556 -1.0055556 -1.1055556 -1.1055556 -1.1055556
