interpolatedSpi/02-11|20_3.tif
NCOLS 53
NROWS 52
XLLCORNER -116.03883
YLLCORNER 28.596182
DX 0.49850594
DY 0.49788537
NODATA_VALUE -9999
[rows 0 to 38 of 52, columns 0 to 52 of 53]
0.126 0.126 -0.15494187 -0.543 0.057 0.116 0.478 0.516 -0.068023072 -0.282 -0.34 0.193 -0.074958828 0.425 -0.099 -0.099 -0.099 0.183 0.305 0.305 0.305 0.30499589 -0.122 -0.087 -0.087 -0.087 0.48000129 0.48 0.48 0.105 0.105 0.105 0.105 0.22299998 0.223 0.223 0.223 0.223 0.223 0.22300003 1.1559505 1.1657727 0.274 0.274 0.274 0.274 0.27462557 0.657 0.657 0.657 1.1709989 1.171 1.171
0.12598089 -0.304 -0.07099943 0.051853524 0.3777289 0.516 0.488 0.27024401 -0.157 0.089 0.105 -0.075 -0.075 0.4509133 0.42499569 -0.099 0.183 0.183 0.30484093 0.305 0.305 0.305 -0.11663468 -0.087 -0.087 -0.087 -0.079000001 -0.079 0.105 0.105 0.105 0.105 0.105 0.22299998 0.223 0.223 0.223 0.223 0.22300003 0.22300536 0.17403387 0.26186612 0.274 0.274 0.274 0.274 0.274 0.657 0.657 0.657 0.69962137 1.171 1.171
0.73796752 0.738 0.423 0.926 0.415 0.226 0.474 -0.053 0.18 0.132 0.536 -0.256 -0.626 0.065 0.451 0.459 0.183 0.183 0.183 0.053073257 0.053 0.053 -0.65 -0.087 -0.087 -0.087 -0.079 -0.079 -0.079 0.105 0.105 0.10499995 -0.37640007 0.22297298 0.22730023 0.68076648 0.685 0.685 0.62072967 0.174 0.174 0.17412788 0.274 0.274 0.274 0.274 0.274 0.657 0.657 0.657 0.657 1.171 1.171
0.31 0.73799989 0.2149568 0.514 -0.001 0.343 0.688 -0.361 0.22 0.2316413 0.325 0.233 0.028 0.065 0.185 0.459 -0.4817469 -0.48852916 -0.516 0.053 0.053 -1.021 -0.65 -0.65 -0.087 -0.08699996 -0.079 -0.079 -0.079 -0.919 -0.90583173 -0.895 -0.895 -0.89499876 0.685 0.685 0.685 0.685 0.174 0.174 0.174 0.174 0.274 0.274 0.274 0.274 0.274 0.65699517 0.657 0.657 0.657 1.1709182 1.171
0.31 0.02400035 0.215 0.19719798 -0.001 0.289 0.071029979 -0.24 -0.365 0.00099992461 0.11018094 0.16202836 0.36 0.185 0.185 0.35343857 -0.489 -0.489 -0.516 -0.516 0.052997822 -1.021 -1.413 -0.67 -0.617 -0.61706371 -0.079 -0.079 -0.919 -0.919 -0.895 -0.895 -0.895 -0.84427379 0.685 0.685 0.685 0.174 0.174 0.174 0.174 0.17399073 0.274 0.274 0.274 0.274 0.274 0.27740917 0.657 0.65691081 -1.332 -1.332 -1.332
-1.084 0.026 0.443 0.142 0.299 0.463 0.107 0.062574062 0.096 -0.291 0.213 -0.432 -0.43199948 -0.021 -0.021 -0.46399252 -0.464 -0.698 -0.698 -0.5160004 -1.348 -1.348 -0.67 -0.617 -0.617 -0.89 -1.217 -1.217 -0.3370533 -0.919 -0.895 -0.895 -0.626 -0.62599269 -0.5560051 -0.828 -0.828 -0.13599157 0.174 0.174 0.078119733 0.078000001 0.078001199 -1.0718157 -1.0958486 -1.0959996 -1.096 -1.0959995 -1.4935265 -1.332 -1.332 -1.332 -1.332
-0.57800305 -0.126 -0.70196454 0.087 0.552 -0.135 -0.0029999974 0.159 -0.166 -0.166 0.213 -0.21 -0.28800012 -0.021 -0.43299877 -0.433 -0.464 -0.672 -0.97 -0.97 -1.3706207 -1.396 -1.396 -1.217 -0.89 -0.89 -1.217 -1.217 -0.3370197 -0.33736265 -0.088813569 -0.626 -0.626 -0.556 -0.556 -0.98104385 -0.828 -0.828 -1.4649779 0.077997852 0.078 0.078 0.078004897 -1.0959977 -1.096 -1.096 -1.096 -1.0960003 -1.596 -1.3320523 -1.332 -1.332 -1.332
-0.578 -0.851 -0.424 -1.033 -1.2749861 -0.575 -0.151 -0.64399998 -0.335 -0.426 -0.426 -0.755 -0.288 -0.288 -0.43200517 -0.62334821 -0.642 -0.55 -0.86000011 -0.97 -1.2638924 -1.211 -1.636 -1.073 -1.0730037 -1.358 -1.399 -1.3989999 -0.6738156 -0.67499999 -0.087 -0.46272492 -0.519 -0.556 -0.56464192 -1.109 -1.109 -1.465 -1.465 0.078 0.078 0.078000011 -0.6877832 -0.69000002 -1.096 -1.096 -1.096 -1.595981 -1.596 -1.596 -1.332 -1.332 -1.332
-0.8939355 -0.85099999 -0.767 -0.688 -0.477 -0.688 -0.37 0.258 0.23 0.36157721 0.033 -0.333 -0.333 -0.549 -0.54899693 -0.88531995 -0.886 -0.886 -0.59732198 -1.5780001 -1.834 -1.834 -1.34 -1.5193513 -1.3292795 -1.358 -1.324 -1.399 -1.0480513 -1.046 -0.447 0.155 -0.13712085 -0.958 -0.859 -0.927 -0.938 -0.782 -0.96191688 0.080325626 0.599 -0.44 -0.68997574 -0.69 -0.69228519 -1.096 -1.32 -1.596 -1.596 -1.596 -1.596 -1.3109582 -0.923
-1.134 -1.134 -0.842 -0.596 -0.445 -0.27 -0.22 -0.04 0.471 0.39498049 0.03 0.091 -0.549 -0.549 -0.222 -0.23110706 -0.886 -0.88596328 -0.736 -1.578 -1.578 -1.6109814 -1.34 -1.5369963 -1.537 -1.537 -1.324 -0.805 -0.805 -1.046 -1.046 0.15389996 -0.425 -0.958 -0.796 -0.927 -0.938 -1.469 -0.962 0.21363265 -0.43999995 -0.47710128 -0.541 -0.69 -0.69 -1.32 -1.32 -1.32 -1.596 -1.596 -1.163 -1.163 -1.1629999
-1.134 -1.134 -1.285 -1.017 -1.026 -0.528 -0.70599999 0.035840049 -0.218 -0.102 -0.048 -0.189 0.09062629 -0.222 -0.222 -0.22204626 -0.623 -0.62893077 -0.736 -0.466 -0.466 -0.785 -0.785 -1.537 -1.537 -1.537 -0.805 -0.805 -0.805 -1.238 -1.238 -1.2379987 -0.887 -0.887 -0.905 -1.241 -0.861 -0.93699839 -1.301 0.233 0.233 -0.3900005 -0.541 -0.69 -0.72400014 -0.927 -0.76739026 -0.765 -0.918 -0.918 -1.163 -1.163 -1.163
-1.134 -1.1991264 -1.1706348 -1.1639911 -0.935 -1.193 -0.706 0.036 -0.21799788 -0.10328514 -0.18899989 -0.189 -0.209 -0.222 -0.222 -0.62299999 -0.623 -0.62300643 -0.736 -0.466 -0.52864511 -0.785 -0.785 -1.5369694 -1.537 -1.4512042 -1.276 -1.276 -1.2759999 -1.238 -1.238 -1.205 -1.205 -0.88700005 -0.905 -0.58100027 -0.8428798 -0.937 -0.937 0.23299998 -0.39 -0.39 -0.39000244 -0.724 -0.724 -0.927 -0.765 -0.765 -0.918 -0.918 -1.163 -1.163 -1.163
-0.175 -0.011289228 0.093958252 0.084886441 -0.93500129 -1.1929939 -0.70600001 0.026866403 -0.2004968 -0.21497093 -0.209 -0.209 -0.209 -0.209 -0.22199816 -0.623 -0.623 -0.62445901 -0.736 -0.4659994 -0.458 -0.458 -0.458 -0.458 -1.5185301 -1.276 -1.276 -1.276 -1.276 -1.2759034 -1.205 -1.205 -1.205 -1.205 -0.581 -0.581 -0.581 -0.91961433 -0.93159241 -0.217 -0.217 -0.38999069 -0.36601226 -0.72396552 -0.724 -0.927 -0.765 -0.765 -0.918 -0.918 -1.1621112 -1.163 -0.76038171
-0.175 0.094 0.094 0.094 0.094 0.093999459 -0.70724656 -0.35494618 -0.15379989 -0.20900682 -0.209 -0.209 -0.209 -0.209 -0.20900015 -0.62299999 -0.62300002 -0.63075103 -0.73599752 -0.458 -0.458 -0.458 -0.458 -0.458 -0.46349387 -1.0642335 -1.0070001 -1.007 -1.007 -1.007 -1.205 -1.205 -1.2049998 -1.025 -1.025 -0.581 -0.29809221 -0.29 -0.21700004 -0.217 -0.217 -0.217 -0.366 -0.366 -0.366 -0.36990405 -0.65872983 -0.658 -0.658 -0.658 -0.658 0.60599964 0.606
0.101 0.094 0.094 0.094 0.094 0.094 0.093999946 -0.50386661 -0.41944292 -0.421 -0.421 -0.421 -0.421 -0.421 -0.421 -0.32500983 -0.6182492 -0.6384734 -0.45803492 -0.458 -0.458 -0.458 -0.458 -0.45800016 -0.712 -0.712 -0.71200041 -1.007 -1.007 -1.006962 -0.988 -0.988 -1.025 -1.025 -1.025 -0.40773895 -0.29 -0.29 -0.29 -0.217 -0.217 -0.217 -0.366 -0.366 -0.366 -0.366 -0.65799999 -0.658 -0.658 -0.658 -0.658 0.606 0.606
0.101 0.09839398 0.094 0.094 0.094 0.094 -0.43389637 -0.434 -0.434 -0.421 -0.421 -0.421 -0.421 -0.421 -0.39938051 -0.323 -0.323 -0.323 -0.59159156 -0.59199986 -0.592 -0.592 -0.592 -0.592 -0.712 -0.712 -0.712 -0.712 -1.007 -0.988 -0.988 -0.988 -1.025 -1.025 -1.025 -0.17 -0.28984112 -0.29 -0.29 -0.21704047 -0.29777609 -0.48619303 -0.366 -0.366 -0.35403703 -0.354 -0.354 -0.65704643 -0.080026837 -0.078000051 -0.07800011 0.26905092 0.60599931
0.101 -0.085843208 0.00038148329 0.094 0.094 -0.43368803 -0.434 -0.434 -0.434 -0.43390632 -0.421 -0.421 -0.421 -0.42099999 -0.323 -0.323 -0.323 -0.323 -0.59175971 -0.592 -0.592 -0.592 -0.592 -0.592 -0.712 -0.712 -0.712 -0.712 -0.7130039 -0.988 -0.988 -0.988 -0.43200001 -1.0248987 -0.17 -0.17 -0.17 -0.17466978 -0.47453217 -0.487 -0.487 -0.487 -0.405 -0.405 -0.354 -0.354 -0.354 -0.078000003 -0.078 -0.078 -0.078 0.269 0.269
-0.090721176 -0.091 -0.091 -0.091000003 -0.382 -0.43399866 -0.434 -0.434 -0.434 -0.434 -0.39018677 -0.4209947 -0.42099999 -0.323 -0.323 -0.323 -0.323 -0.323 -0.38442725 -0.592 -0.592 -0.592 -0.592 -0.592 -0.52871633 -0.33500204 -0.335 -0.335 -0.335 -0.98799997 -0.43200001 -0.432 -0.432 -0.432 -0.17 -0.17001117 -0.594 -0.594 -0.48833605 -0.487 -0.487 -0.487 -0.405 -0.405 -0.36189656 -0.354 -0.354 -0.078 -0.078 -0.078 -0.074279258 0.269 0.269
-0.091 -0.091 -0.091 -0.22803624 -0.382 -0.382 -0.434 -0.434 -0.434 -0.434 -0.014 -0.014 -0.014 -0.323 -0.323 -0.323 -0.323 -0.32304198 -0.962 -0.962 -0.59200015 -0.592 -0.59175654 -0.582 -0.57977637 -0.335 -0.335 -0.335 -0.335 -0.43199012 -0.432 -0.432 -0.432 -0.432 -0.59399851 -0.594 -0.594 -0.594 -0.59360631 -0.487 -0.487 -0.487 -0.405 -0.405 -0.405 -0.354 -0.354 -0.078000002 -0.078 -0.078 0.269 0.269 0.269
-0.091 -0.091 -0.091 -0.382 -0.382 -0.382 -0.38200008 -0.434 -0.434 -0.014433561 -0.014 -0.014 -0.014 -0.014192525 -0.52859329 -0.577 -0.577 -0.577 -0.962 -0.962 -0.962 -0.582 -0.582 -0.582 -0.58194425 -0.36017717 -0.335 -0.335 -0.335 -0.25981274 -0.22302056 -0.223 -0.223 -0.223 -0.46811212 -0.29200069 -0.292 -0.292 -0.292 -0.28702737 -0.287 -0.287 -0.405 -0.405 0.21599741 0.21599993 0.016 0.016 0.097 0.097 0.097 0.269 0.56173802
-0.090999628 -0.091 -0.09100001 -0.382 -0.382 -0.382 -0.382 -0.51099998 -0.43430788 -0.014049873 -0.014 -0.014 -0.014 -0.015104761 -0.577 -0.577 -0.577 -0.57700011 -0.962 -0.962 -0.962 -0.582 -0.582 -0.582 -0.383 -0.383 -0.391 -0.391 -0.391 -0.39008351 -0.223 -0.223 -0.223 -0.223 -0.25748111 -0.292 -0.292 -0.292 -0.292 -0.287 -0.287 -0.287 -0.2711737 0.216 0.216 0.216 0.016 0.016 0.097 0.097 0.097 0.56199998 0.562
0.029 -0.043680379 -0.586 -0.58594082 -0.382 -0.51025361 -0.511 -0.511 -0.4428612 -0.069000006 -0.069 -0.069 -0.069 -0.73197842 -0.732 -0.57700012 -0.577 -0.58714418 -0.962 -0.962 -0.962 -0.952 -0.952 -0.952 -0.383 -0.383 -0.391 -0.391 -0.391 -0.39099989 -0.23699991 -0.23699996 -0.22335187 -0.22301501 -0.61854602 -0.619 -0.619 -0.619 -0.619 -0.287 -0.287 -0.287 0.18830298 0.216 0.216 0.21599993 0.016 0.016 0.016002916 0.097 0.097013191 0.392 0.562
-0.38192195 -0.38200004 -0.586 -0.586 -0.586 -0.511 -0.511 -0.511 -0.324 -0.324 -0.069 -0.069 -0.069 -0.732 -0.732 -0.732 -0.732 -0.73202493 -0.962 -0.962 -0.962 -0.952 -0.952 -0.952 -0.383 -0.383 -0.391 -0.391 -0.391 -0.23873636 -0.237 -0.237 -0.237 -0.237 -0.61881151 -0.619 -0.619 -0.619 -0.619 -0.6899999 -0.69 -0.69 -0.69 0.21599695 -0.182 -0.182 -0.182 0.278 0.278 0.278 0.392 0.392 0.392
-0.382 -0.382 -0.586 -0.586 -0.586 -0.51139421 -0.511 -0.324 -0.324 -0.324 -0.069031391 -0.069 -0.7202484 -0.73200003 -0.732 -0.732 -0.732 -1.13 -1.13 -1.13 -1.141 -1.1409999 -0.95200092 -0.952 -0.95189952 -1.052 -1.052 -1.0519984 -0.39110682 -0.16101515 -0.1610004 -0.16101327 -0.23687011 -0.23693441 -0.55091543 -0.61900003 -0.61926475 -0.698 -0.698 -0.69 -0.69 -0.69 -0.69 -0.182 -0.182 -0.182 -0.182 0.278 0.278 0.278 0.392 0.392 0.392
-0.382 -0.382 -0.586 -0.586 -0.586 -0.586 -0.44101136 -0.324 -0.324 -0.324 -0.32429939 -0.866 -0.866 -0.866 -0.73278969 -0.732 -1.1273478 -1.13 -1.13 -1.13 -1.141 -1.141 -1.141 -1.141 -1.052 -1.052 -1.052 -1.052 -1.052 -0.161 -0.161 -0.161 -0.161 -0.16100049 -0.392 -0.698 -0.698 -0.698 -0.698 -0.69800052 -0.865 -0.865 -0.865 -0.69252958 -0.335 -0.335 -0.335 0.27799998 0.27799982 0.09 0.09 0.24903479 0.249
-0.382 -0.382 -0.51237032 -0.586 -0.586 -0.58600002 -1.360158 -0.3272712 -0.324 -0.324 -0.86600006 -0.866 -0.866 -0.866 -0.866 -0.85505572 -1.13 -1.13 -1.13 -1.13 -1.1409999 -1.141 -1.141 -1.141 -1.052 -1.052 -1.052 -1.052 -1.052 -0.60511281 -0.161 -0.161 -0.161 -0.392 -0.392 -0.39223762 -0.698 -0.698 -0.63328047 -0.58300001 -0.865 -0.865 -0.865 -0.69452129 -0.335 -0.335 -0.335 -0.145 0.087071923 0.09 0.09 0.249 0.249
-1.209 -1.209 -1.209 -0.74220323 -0.58747218 -1.362 -1.362 -1.362 -1.362 -1.147 -1.147 -0.86600002 -0.866 -0.866 -0.866 -0.86601674 -1.13 -1.13 -1.13 -1.13 -1.1362 -1.141 -1.141 -1.1335153 -0.86377219 -1.052 -1.052 -1.052 -0.762 -0.762 -0.762 -0.76199748 -0.392 -0.392 -0.392 -0.392 -0.583 -0.583 -0.583 -0.583 -0.879 -0.879 -0.879 -0.2770121 -0.277 -0.277 -0.27700002 -0.145 -0.145 0.089713665 0.09 0.24899813 0.249
-1.209 -1.209 -1.209 -1.2090206 -1.591 -1.5576996 -1.362 -1.362 -1.362 -1.147 -1.147 -1.147 -1.01 -1.01 -1.01 -1.01 -1.1300605 -1.13 -1.13 -1.13 -1.1301512 -0.85500079 -0.855 -0.855 -0.855 -0.85500001 -1.029 -1.029 -0.762 -0.762 -0.762 -0.762 -0.39200018 -0.392 -0.392 -0.39202069 -0.583 -0.583 -0.583 -0.58245603 -0.879 -0.879 -0.879 -0.27702792 -0.277 -0.277 -0.277 -0.145 -0.145 -0.145 -0.122 -0.122 0.197
-1.209 -1.209 -1.209 -1.5909991 -1.591 -1.591 -1.3620001 -1.362 -1.362 -1.147 -1.147 -1.147 -1.01 -1.01 -1.01 -1.0216524 -1.163 -1.163 -1.1629999 -1.1301864 -0.855 -0.855 -0.855 -0.855 -0.855 -0.85513094 -1.029 -1.029 -1.029 -0.762 -0.762 -0.76194271 -0.646 -0.646 -0.646 -0.409 -0.409 -0.459 -0.459 -0.459 -0.117 -0.87876098 -0.87899314 0.04 0.04 0.02798606 -0.27699894 -0.145 -0.145 -0.122 -0.122 -0.122 0.197
-1.209 -1.209 -1.209 -1.591 -1.591 -1.591 -1.591 -1.362 -1.362 -1.147 -1.147 -1.015478 -1.01 -1.01 -1.01 -1.163 -1.163 -1.163 -1.163 -1.163 -0.855 -0.855 -0.855 -0.855 -0.855 -1.0289994 -1.029 -1.029 -1.029 -0.673 -0.673 -0.673 -0.646 -0.646 -0.646 -0.409 -0.409 -0.459 -0.459 -0.117 -0.117 -0.117 0.04 0.04 0.04 0.04 0.071626724 0.425 0.425 0.425 -0.12199999 0.422 0.422
-1.209 -1.209 -1.209532 -1.591 -1.591 -1.591 -1.591 -1.3806054 -1.37 -1.3696171 -1.147 -1.0099997 -1.01 -1.01 -1.0100005 -1.163 -1.163 -1.163 -1.163 -1.163 -0.91639635 -0.855 -0.855 -0.855 -0.85501833 -1.0289952 -1.029 -1.029 -1.029 -0.673 -0.673 -0.673 -0.67299323 -0.646 -0.409 -0.409 -0.409 -0.40900183 -0.45897668 -0.117 -0.117 -0.117 0.039990469 0.04 0.04 0.04 0.42500024 0.425 0.425 0.425 0.422 0.422 0.422
-1.306 -1.3059998 -1.590789 -1.591 -1.591 -1.591 -1.370047 -1.37 -1.37 -1.37 -1.007 -1.007 -1.007 -1.007 -1.16228 -1.163 -1.163 -1.163 -1.163 -0.91900015 -0.919 -0.919 -0.94399999 -0.944 -0.944 -0.944 -0.95133659 -1.029 -0.32202896 -0.322 -0.322 -0.322 -0.322 -0.095000002 -0.095 -0.095 -0.095 -0.095 -0.079 -0.079 -0.079 -0.079 -0.079 0.45237743 0.453 0.453 0.453 0.425 0.425 0.425 0.42200047 0.422 0.422
-1.306 -1.306 -1.3020734 -0.83700152 -0.83700017 -0.83752012 -1.37 -1.37 -1.37 -1.37 -1.007 -1.007 -1.007 -1.007 -1.007 -1.163 -1.163 -1.163 -0.91900006 -0.919 -0.919 -0.919 -0.944 -0.944 -0.944 -0.944 -0.944 -0.94401736 -0.32193126 -0.322 -0.322 -0.322 -0.32197239 0.021214833 -0.094879664 -0.095 -0.095 -0.094999997 -0.079 -0.079 -0.079 -0.079 -0.078999998 0.453 0.453 0.453 0.453 0.43990665 0.425 0.81361533 0.818 0.555 0.555
-1.306 -1.306 -0.83705941 -0.837 -0.837 -0.837 -0.97237975 -1.37 -1.37 -1.37 -1.007 -1.007 -1.007 -1.007 -1.007 -1.1628801 -1.163 -0.91907154 -0.919 -0.919 -0.919 -0.919 -0.93473859 -0.944 -0.944 -0.944 -0.944 -0.94343347 -0.144 -0.144 -0.144 -0.144 -0.144 0.11 0.11 0.11 0.11 0.11 0.251 0.251 0.251 0.251 0.251 0.45329544 0.45300006 0.453 0.45302051 0.45552051 0.818 0.818 0.818 0.55500147 0.555
-1.3059992 -0.86281218 -0.837 -0.837 -0.837 -0.837 -0.837 -1.3697731 -1.37 -1.37 -1.007 -1.007 -1.007 -1.007 -1.0177557 -1.018 -1.018 -0.91900255 -0.919 -0.919 -0.919 -0.919 -0.91900005 -0.944 -0.944 -0.944 -0.944 -0.2699999 -0.26999994 -0.24318414 -0.144 -0.144 -0.144 0.11 0.11 0.11 0.11 0.11001219 0.251 0.251 0.251 0.251 0.25102115 0.574 0.574 0.574 0.574 0.57401968 0.818 0.818 0.818 0.81799994 0.72151106
-0.854 -0.854 -0.83396891 -0.837 -0.837 -0.837 -0.837 -0.837 -1.3697718 -0.98700001 -0.987 -0.987 -0.98704746 -1.018 -1.018 -1.018 -1.018 -1.018 -0.91900251 -0.94043765 -1.128 -1.128 -1.128 -1.080959 -0.93975807 -0.91706032 -0.89755307 -0.27 -0.27 -0.27 -0.27 -0.27 -0.2651772 0.12380244 0.128 0.128 0.128 0.128 0.30284753 0.5269995 0.527 0.527 0.527 0.56500003 0.574 0.574 0.574 0.748 0.81799888 0.818 0.818 0.724 0.724
-0.854 -0.854 -0.74 -0.74 -0.74 -0.83696769 -0.837 -0.837 -0.987 -0.987 -0.987 -0.987 -0.987 -1.018 -1.018 -1.018 -1.018 -1.018 -1.128 -1.128 -1.128 -1.128 -1.128 -0.89100001 -0.891 -0.891 -0.891 -0.27 -0.27 -0.27 -0.27 -0.27 -0.246 -0.246 0.128 0.128 0.128 0.42894874 0.429 0.527 0.527 0.527 0.52700005 0.565 0.565 0.565 0.748 0.748 0.748 0.721 0.721 0.724 0.724
-0.854 -0.854 -0.74 -0.74 -0.74 -0.74 -0.7400009 -0.904 -0.98692185 -0.987 -0.987 -0.987 -0.987 -1.0176133 -1.018 -1.018 -1.018 -1.018 -1.128 -1.128 -1.128 -1.128 -1.128 -0.891 -0.891 -0.891 -0.891 -0.89099748 -0.27 -0.27 -0.27 -0.24600126 -0.246 -0.246 -0.246 0.128 0.429 0.429 0.429 0.43157856 0.81362288 0.867 0.867 0.565 0.565 0.565 0.748 0.748 0.748 0.721 0.721 0.721 0.64429696
-0.88 -0.8799998 -0.74 -0.74 -0.74 -0.74 -0.904 -0.904 -0.904 -0.987 -0.987 -0.987 -0.987 -0.98700964 -1.018 -1.018 -1.018 -1.018 -1.1279979 -1.128 -1.128 -1.128 -0.93274157 -0.891 -0.891 -0.891 -0.891 -0.75700011 -0.757 -0.75699999 -0.27522592 -0.246 -0.246 -0.246 -0.24599943 0.35199999 0.429 0.429 0.429 0.429 0.867 0.867 0.867 1.222 1.222 1.222 1.0019753 0.748 0.748 0.721 0.721 0.721 0.636
