interpolatedSpi/02-12|23_1.tif
NCOLS 53
NROWS 52
XLLCORNER -116.03883
YLLCORNER 28.596182
DX 0.49850594
DY 0.49788537
NODATA_VALUE -9999
[rows 0 to 27 of 52, columns 0 to 52 of 53]
-0.55333333 -0.55333333 -0.63549572 -0.88666667 -0.45166667 -0.6725 -0.66916667 -0.56916667 -0.7976913 -0.8375 -0.61916667 -0.72166667 -0.94080945 -0.65083333 -0.42833333 -0.42833333 -0.42833333 -0.595 -0.59083333 -0.59083333 -0.59083333 -0.59083293 -0.54916667 -0.49916667 -0.49916667 -0.49916667 -0.93333173 -0.93333333 -0.93333333 -1.285 -1.285 -1.285 -1.285 -1.285 -1.285 -1.285 -1.285 -1.285 -1.285 -1.285 -0.12829228 -0.11604436 -0.94416667 -0.94416667 -0.94416667 -0.94416667 -0.9431608 -0.32833333 -0.32833333 -0.32833333 -0.23500019 -0.235 -0.235
-0.55335018 -0.9325 -0.72750007 -0.72455964 -0.8041607 -0.79666667 -0.80333333 -0.70169139 -0.81583333 -0.66416667 -0.96166667 -0.94083333 -0.94083333 -0.73970268 -0.65083244 -0.42833333 -0.595 -0.595 -0.59083877 -0.59083333 -0.59083333 -0.59083333 -0.50890453 -0.49916667 -0.49916667 -0.49916667 -0.63666666 -0.63666667 -1.285 -1.285 -1.285 -1.285 -1.285 -1.285 -1.285 -1.285 -1.285 -1.285 -1.285 -1.1413059 -0.39839331 -0.87793439 -0.94416667 -0.94416667 -0.94416667 -0.94416667 -0.94416667 -0.32833333 -0.32833333 -0.32833333 -0.32059404 -0.235 -0.235
-0.056689911 -0.056666667 -0.7925 -0.56583333 -0.84333333 -0.48833333 -0.5975 -0.50833333 -0.90166667 -0.9425 -0.87583333 -1.0408333 -1.0591667 -0.84833333 -0.74 -1.0658333 -0.595 -0.595 -0.595 -0.50669113 -0.50666667 -0.50666667 -0.68416667 -0.49916667 -0.49916667 -0.49916667 -0.63666667 -0.63666667 -0.63666667 -1.285 -1.285 -1.285 -1.142987 -1.2836929 -1.2800901 -0.76233373 -0.7575 -0.7575 -0.7123263 -0.39833334 -0.39833333 -0.39903132 -0.94416667 -0.94416667 -0.94416667 -0.94416667 -0.94416667 -0.32833333 -0.32833333 -0.32833333 -0.32833333 -0.235 -0.235
0.083333333 -0.056666722 -0.33174071 -0.3725 -0.72583333 -0.755 -0.80416667 -1.0766667 -0.64083333 -0.85642161 -0.9925 -0.99333333 -1.0675 -0.84833333 -1.0008333 -1.0658333 -0.83263131 -0.83066809 -0.735 -0.50666667 -0.50666667 -0.8175 -0.68416667 -0.68416667 -0.49916667 -0.49916735 -0.63666667 -0.63666667 -0.63666667 -0.765 -0.88845249 -0.99 -0.99 -0.98999981 -0.7575 -0.7575 -0.7575 -0.7575 -0.39833333 -0.39833333 -0.39833333 -0.39833335 -0.94416667 -0.94416667 -0.94416667 -0.94416667 -0.94416667 -0.3283411 -0.32833333 -0.32833333 -0.32833333 -0.23502139 -0.235
0.083333333 -0.046667189 -0.33166667 -0.6370065 -0.72583333 -0.79166667 -0.89415611 -1.1833333 -1.1858333 -0.9175001 -0.98411638 -1.0132573 -0.4825 -1.0008333 -1.0008333 -1.0406326 -0.83083333 -0.83083333 -0.735 -0.735 -0.50666729 -0.8175 -0.7075 -0.51083333 -0.74583333 -0.74579082 -0.63666667 -0.63666667 -0.765 -0.765 -0.99 -0.99 -0.99 -0.89838484 -0.7575 -0.7575 -0.7575 -0.39833333 -0.39833333 -0.39833333 -0.39833333 -0.39834411 -0.94416666 -0.94416667 -0.94416667 -0.94416667 -0.94416667 -0.93868499 -0.32833333 -0.32835852 -0.89 -0.89 -0.89
-1.0483333 -0.395 -0.32499998 -0.27916667 -0.45 -0.59166667 -0.9025 -0.93845471 -1.0091667 -1.2383333 -1.125 -0.97666667 -0.97666634 -0.94583333 -0.94583333 -0.63745493 -0.6375 -0.74416667 -0.74416667 -0.73499975 -0.84416667 -0.84416667 -0.51083333 -0.74583333 -0.74583333 -0.56416667 -0.8775 -0.8775 -0.53835444 -0.765 -0.99 -0.99 -0.50416667 -0.50416728 -0.50999958 -0.48416667 -0.48416667 -0.42488783 -0.39833333 -0.39833333 -0.50986073 -0.51 -0.50999955 -0.57660507 -0.57004135 -0.5700001 -0.57000001 -0.57000015 -0.95929171 -0.89 -0.89 -0.89 -0.89
-0.26000208 -0.23 -0.24120944 -0.345 -0.28583333 -0.79083333 -0.63416667 -0.95083333 -1.2525 -1.2525 -1.125 -1.155 -0.99166666 -0.94583333 -0.45083482 -0.45083333 -0.6375 -0.40166667 -0.44583333 -0.44583333 -0.80136011 -0.75333333 -0.75333333 -0.6475 -0.56416667 -0.56416667 -0.8775 -0.8775 -0.53835616 -0.53875356 -0.33268111 -0.50416667 -0.50416667 -0.51 -0.51 -0.61397254 -0.48416667 -0.48416667 -0.76999009 -0.51000036 -0.51 -0.51 -0.50999771 -0.57000019 -0.57 -0.57 -0.57 -0.57000025 -0.99333333 -0.89002048 -0.89 -0.89 -0.89
-0.26 -0.62916667 -0.19916667 -0.57333333 -0.48000535 -0.67 -0.91 -1.0483333 -0.97666667 -1.2025 -1.2025 -0.94333333 -0.99166667 -0.99166667 -0.45454395 -0.59351859 -0.6075 -0.36166667 -0.46166665 -0.44583333 -0.17656021 -0.11833333 -0.68166667 -0.24416667 -0.24417315 -0.74666667 -0.48916667 -0.4891668 -0.92862755 -0.92999999 -0.33083333 -0.44712796 -0.35333333 -0.51 -0.51247184 -0.7225 -0.7225 -0.77 -0.77 -0.51 -0.51 -0.51 -0.60211573 -0.60333333 -0.57 -0.57 -0.57 -0.99331722 -0.99333333 -0.99333333 -0.89 -0.89 -0.89
-0.67834779 -0.62916666 -0.195 -0.68833333 -0.39833333 -0.85916667 -0.71833333 -0.42583333 -0.97916667 -0.42029581 -0.5425 -0.94833333 -0.94833333 -0.42583333 -0.42583325 -0.66733277 -0.6675 -0.6675 -0.37693182 -0.85083332 -0.80416667 -0.80416666 -0.95416667 -0.78905443 -0.69602793 -0.74666667 -0.4 -0.48916667 -0.48088176 -0.48083333 -0.47333333 -0.635 -0.53342906 -0.80583333 -0.59666667 -0.63416667 -0.64333333 -0.57333333 -0.46005233 -0.50914816 -0.31916667 -0.42 -0.60331257 -0.60333333 -0.60314572 -0.57 -0.93749998 -0.99333333 -0.99333333 -0.99333333 -0.99333333 -0.82473735 -0.23583333
-0.95333333 -0.95333333 -0.1675 -0.32583333 -0.77 -0.63 -0.51333333 -0.72583333 -0.4975 -0.27838067 -0.76333333 -0.14916667 -0.42583333 -0.42583333 -0.41666667 -0.42010696 -0.6675 -0.66740815 -0.24583333 -0.85083333 -0.85083333 -0.84482108 -0.95416667 -0.63333941 -0.63333333 -0.63333333 -0.4 -0.27416667 -0.27416667 -0.48083333 -0.48083333 -0.63461752 -0.43333333 -0.80583333 -0.68 -0.63416667 -0.64333333 -0.80833333 -0.46 -0.31161122 -0.42 -0.44050978 -0.47583333 -0.60333333 -0.60333333 -0.9375 -0.9375 -0.9375 -0.99333333 -0.99333333 -0.36583333 -0.36583333 -0.36583328
-0.95333333 -0.95333333 -0.72666667 -0.76416667 -0.67333333 -0.36083333 -0.825 -0.18238506 -0.46833333 -0.41833333 -0.33833333 -0.12416667 -0.14913379 -0.41666667 -0.41666667 -0.41666792 -0.4275 -0.41796528 -0.24583333 -0.29 -0.29 -0.38 -0.38 -0.63333333 -0.63333333 -0.63333333 -0.27416667 -0.27416667 -0.27416667 -0.62416667 -0.62416667 -0.62416635 -0.59 -0.59 -1.08 -0.86583333 -0.47333333 -0.47417084 -0.4525 -0.30916667 -0.30916667 -0.44750009 -0.47583333 -0.60333333 -0.21666683 -0.33416667 -0.37327383 -0.37083333 -0.33 -0.33 -0.36583333 -0.36583333 -0.36583333
-0.95333333 -0.85545778 -0.74266925 -0.89499225 -0.44583333 -0.50583333 -0.825 -0.18166667 -0.46833094 -0.41888727 -0.12416705 -0.12416667 -0.10416667 -0.41666667 -0.41666667 -0.4275 -0.4275 -0.42748966 -0.24583333 -0.29 -0.30767417 -0.38 -0.38 -0.63332286 -0.63333333 -0.54293545 -0.35833333 -0.35833333 -0.35833332 -0.62416667 -0.62416667 -0.45833333 -0.45833333 -0.59000134 -1.08 -0.47750023 -0.55204036 -0.47416667 -0.47416667 -0.30916667 -0.4475 -0.4475 -0.44749834 -0.21666667 -0.21666667 -0.33416667 -0.37083333 -0.37083333 -0.33 -0.33 -0.36583333 -0.36583333 -0.36583333
-0.36083333 -0.50056272 -0.48084389 -0.48382777 -0.44583373 -0.50583192 -0.82499999 -0.18958573 -0.44857907 -0.4670277 -0.10416667 -0.10416667 -0.10416667 -0.10416667 -0.4166224 -0.4275 -0.4275 -0.42515439 -0.24583333 -0.28994259 -0.0925 -0.0925 -0.0925 -0.0925 -0.62395358 -0.35833333 -0.35833333 -0.35833333 -0.35833333 -0.35840012 -0.45833333 -0.45833333 -0.45833333 -0.45833333 -0.4775 -0.4775 -0.4775 -0.47489904 -0.47304634 -0.325 -0.325 -0.44749341 -0.16000194 -0.21666121 -0.21666667 -0.33416667 -0.37083333 -0.37083333 -0.33 -0.33 -0.36570333 -0.36583333 -0.75358801
-0.36083333 -0.48083333 -0.48083333 -0.48083333 -0.48083333 -0.48083334 -0.82418295 -0.52063579 -0.39587653 -0.10455756 -0.10416667 -0.10416667 -0.10416667 -0.10416667 -0.10416655 -0.4275 -0.42749997 -0.41503891 -0.24583537 -0.0925 -0.0925 -0.0925 -0.0925 -0.0925 -0.08911439 -0.13062182 -0.039166733 -0.039166667 -0.039166667 -0.039166667 -0.45833332 -0.45833333 -0.45833268 0.0825 0.0825 -0.4775 0.024799057 0.039166667 -0.32499979 -0.325 -0.325 -0.325 -0.16 -0.16 -0.16 -0.16121204 0.1325444 0.13583333 0.13583333 0.13583333 0.13583332 -0.33583334 -0.33583333
-0.52833333 -0.48083333 -0.48083333 -0.48083333 -0.48083333 -0.48083333 -0.48083335 -0.46602914 0.060217913 0.0625 0.0625 0.0625 0.0625 0.0625 0.062499998 0.16531351 -0.41804148 -0.40262362 -0.09251934 -0.0925 -0.0925 -0.0925 -0.0925 -0.092499731 0.064166667 0.064166667 0.064166521 -0.039166667 -0.039166667 -0.038424095 0.33166667 0.33166667 0.0825 0.0825 0.0825 0.046108342 0.039166667 0.039166667 0.039166667 -0.325 -0.325 -0.325 -0.16 -0.16 -0.16 -0.16 0.13583333 0.13583333 0.13583333 0.13583333 0.13583333 -0.33583333 -0.33583333
-0.52833333 -0.51064962 -0.48083333 -0.48083333 -0.48083333 -0.48083333 0.054061664 0.054166667 0.054166667 0.0625 0.0625 0.0625 0.0625 0.0625 0.085663735 0.1675 0.1675 0.1675 0.13846132 0.13916643 0.13916667 0.13916667 0.13916667 0.13916667 0.064166667 0.064166667 0.064166667 0.064166667 -0.039166667 0.33166667 0.33166667 0.33166667 0.082500022 0.0825 0.0825 0.36833333 0.039602494 0.039166667 0.039166667 -0.32494618 -0.21779716 0.032262354 -0.16 -0.16 0.046028881 0.046666667 0.046666667 0.13556888 -0.02443796 -0.024999986 -0.02499997 -0.04671043 -0.33583275
-0.52833333 -0.26477377 -0.36781639 -0.48083333 -0.48083333 0.053850563 0.054166667 0.054166667 0.054166667 0.054226719 0.0625 0.0625 0.0625 0.062500013 0.1675 0.1675 0.1675 0.1675 0.13919198 0.13916667 0.13916667 0.13916667 0.13916667 0.13916667 0.064166668 0.064166667 0.064166667 0.064166667 0.065139657 0.33166667 0.33166667 0.33166667 0.42 0.082537222 0.36833333 0.36833333 0.36833333 0.36857448 0.033714039 0.033333333 0.033333333 0.033333333 -0.11 -0.11 0.046666667 0.046666667 0.046666667 -0.024999999 -0.025 -0.025 -0.025 -0.046666667 -0.046666667
-0.25761233 -0.2575 -0.2575 -0.2575 0.20583333 0.054170579 0.054166667 0.054166667 0.054166667 0.054166667 0.065212873 0.062500467 0.062500001 0.1675 0.1675 0.1675 0.1675 0.1675 0.18058747 0.13916667 0.13916667 0.13916667 0.13916667 0.13916667 0.17720435 0.29583208 0.29583333 0.29583333 0.29583333 0.33166667 0.42 0.42 0.42 0.42 0.36833333 0.36833397 0.3925 0.3925 0.037818064 0.033333333 0.033333333 0.033333333 -0.11 -0.11 0.022409272 0.046666667 0.046666667 -0.025 -0.025 -0.025 -0.025232323 -0.046666667 -0.046666667
-0.2575 -0.2575 -0.2575 -0.039309422 0.20583333 0.20583333 0.054166667 0.054166667 0.054166667 0.054166667 0.098333333 0.098333333 0.098333333 0.1675 0.1675 0.1675 0.1675 0.16754971 0.41 0.41 0.13916678 0.13916667 0.14263594 0.28166667 0.2817942 0.29583333 0.29583333 0.29583333 0.29583333 0.41998736 0.42 0.42 0.42 0.42 0.39249992 0.3925 0.3925 0.3925 0.39122872 0.033333333 0.033333333 0.033333333 -0.11 -0.11 -0.11 0.046666667 0.046666667 -0.024999999 -0.025 -0.025 -0.046666667 -0.046666667 -0.046666667
-0.2575 -0.2575 -0.2575 0.20583333 0.20583333 0.20583333 0.2058331 0.054166667 0.054166667 0.098287741 0.098333333 0.098333333 0.098333333 0.098376432 0.41100124 0.46833333 0.46833333 0.46833333 0.41 0.41 0.41 0.28166667 0.28166667 0.28166667 0.28168511 0.32293376 0.29583333 0.29583333 0.29583333 0.46798816 0.48249385 0.4825 0.4825 0.4825 0.33448644 0.25250032 0.2525 0.2525 0.2525 0.089992246 0.09 0.09 -0.11 -0.11 0.074165898 0.074166635 -0.014166667 -0.014166667 0.0625 0.0625 0.0625 -0.046666667 0.059904627
-0.25749916 -0.2575 -0.25749998 0.20583333 0.20583333 0.20583333 0.20583333 0.18499996 0.05468979 0.098381695 0.098333333 0.098333333 0.098333333 0.099059375 0.46833333 0.46833333 0.46833333 0.46833332 0.41 0.41 0.41 0.28166667 0.28166667 0.28166667 0.3475 0.3475 0.6 0.6 0.6 0.599359 0.4825 0.4825 0.4825 0.4825 0.36756316 0.2525 0.2525 0.2525 0.2525 0.09 0.09 0.09 0.089501823 0.074166667 0.074166667 0.074166667 -0.014166667 -0.014166667 0.0625 0.0625 0.0625 0.06 0.06
0.011666667 -0.10659735 0.035 0.035049562 0.20583333 0.18512054 0.185 0.185 0.26819979 0.15166667 0.15166667 0.15166667 0.15166667 0.68998248 0.69 0.4683335 0.46833333 0.46679634 0.41 0.41 0.41 0.365 0.365 0.365 0.3475 0.3475 0.6 0.6 0.6 0.60000006 0.67916542 0.67916611 0.48744292 0.48271084 0.31602373 0.31583333 0.31583333 0.31583333 0.31583333 0.09 0.09 0.09 0.075038608 0.074166667 0.074166667 0.074166642 -0.014166667 -0.014166667 -0.014163907 0.0625 0.062488448 -0.19583333 0.06
0.18496708 0.18499997 0.035 0.035 0.035 0.185 0.185 0.185 0.41333333 0.41333333 0.15166667 0.15166667 0.15166667 0.69 0.69 0.69 0.69 0.68996808 0.41 0.41 0.41 0.365 0.365 0.365 0.3475 0.3475 0.6 0.6 0.6 0.67827406 0.67916667 0.67916667 0.67916667 0.67916667 0.31601262 0.31583333 0.31583333 0.31583333 0.31583333 0.25249996 0.2525 0.2525 0.2525 0.074165618 -0.0625 -0.0625 -0.0625 -0.31 -0.31 -0.31 -0.19583333 -0.19583333 -0.19583333
0.185 0.185 0.035 0.035 0.035 0.18421157 0.185 0.41333333 0.41333333 0.41333333 0.15169888 0.15166667 0.3368816 0.68999993 0.69 0.69 0.69 0.32666667 0.32666667 0.32666667 0.3625 0.3625 0.36499999 0.365 0.36511909 0.57416667 0.57416667 0.57416673 0.59999583 0.57418759 0.57416723 0.574185 0.67898721 0.67907605 0.38047521 0.3158333 0.31550659 0.21833333 0.21833333 0.2525 0.2525 0.2525 0.2525 -0.0625 -0.0625 -0.0625 -0.0625 -0.31 -0.31 -0.31 -0.19583333 -0.19583333 -0.19583333
0.185 0.185 0.035 0.035 0.035 0.035000001 0.2704585 0.41333333 0.41333333 0.41333333 0.413314 0.37833333 0.37833333 0.37833333 0.68816328 0.69 0.32908783 0.32666667 0.32666667 0.32666667 0.3625 0.3625 0.3625 0.3625 0.57416667 0.57416667 0.57416667 0.57416667 0.57416667 0.57416667 0.57416667 0.57416667 0.57416667 0.5741658 0.16083333 0.21833333 0.21833333 0.21833333 0.21833333 0.21833272 0.02 0.02 0.02 -0.03043872 -0.135 -0.135 -0.135 -0.30999999 -0.31000003 -0.34166667 -0.34166667 -0.015877123 -0.015833333
0.185 0.185 0.089139467 0.035 0.035 0.035000007 0.36508577 0.41318101 0.41333333 0.41333333 0.37833333 0.37833333 0.37833333 0.37833333 0.37833333 0.40387196 0.32666667 0.32666667 0.32666667 0.32666667 0.36249972 0.3625 0.3625 0.3625 0.57416667 0.57416667 0.57416667 0.57416667 0.57416667 0.30998975 0.57416667 0.57416667 0.57416667 0.16083333 0.16083333 0.16087798 0.21833333 0.21833333 0.026519656 -0.12249997 0.02 0.02 0.02 -0.029965466 -0.135 -0.135 -0.135 -0.21583333 -0.3400988 -0.34166667 -0.34166667 -0.015833333 -0.015833333
0.3375 0.3375 0.3375 0.11084507 0.035381353 0.365 0.365 0.365 0.365 0.34166667 0.34166667 0.37833333 0.37833333 0.37833333 0.37833333 0.37833004 0.32666667 0.32666667 0.32666667 0.32666667 0.3468635 0.3625 0.3625 0.36317607 0.39660828 0.57416667 0.57416667 0.57416667 0.21666667 0.21666667 0.21666667 0.21666817 0.16083333 0.16083333 0.16083333 0.16083333 -0.1225 -0.1225 -0.1225 -0.1225 -0.071666667 -0.071666667 -0.071666667 -0.18249777 -0.1825 -0.1825 -0.18249998 -0.21583333 -0.21583333 -0.34151335 -0.34166667 -0.015834241 -0.015833333
0.3375 0.3375 0.3375 0.33749762 0.29333333 0.30375484 0.365 0.365 0.365 0.34166667 0.34166667 0.34166667 -0.041666648 -0.041666667 -0.041666667 -0.041666661 0.32591562 0.32666667 0.32666667 0.32666667 0.32721144 0.38833326 0.38833333 0.38833333 0.38833333 0.38833333 0.24 0.24 0.21666667 0.21666667 0.21666667 0.21666667 0.16083338 0.16083333 0.16083333 0.1608389 -0.1225 -0.1225 -0.1225 -0.12227335 -0.071666667 -0.071666667 -0.071666667 -0.18249486 -0.1825 -0.1825 -0.1825 -0.21583333 -0.21583333 -0.21583333 -0.19583333 -0.19583333 -0.075
