interpolatedSpi/02-10|21_2.tif
NCOLS 53
NROWS 52
XLLCORNER -116.03883
YLLCORNER 28.596182
DX 0.49850594
DY 0.49788537
NODATA_VALUE -9999
[rows 0 to 26 of 52, columns 0 to 52 of 53]
-0.88 -0.88 -0.90106743 -1.0166667 -1.0166667 -1.19 -1.1166667 -1.0555556 -1.1610764 -1.2477778 -1.43 -1.0855556 -1.4999543 -0.94555556 -1.0655556 -1.0655556 -1.0655556 -0.78111111 -0.80444444 -0.80444444 -0.80444444 -0.80444046 -0.39111112 -1.0333333 -1.0333333 -1.0333333 -0.80555473 -0.80555556 -0.80555556 -0.54444444 -0.54444444 -0.54444444 -0.54444444 -0.90555548 -0.90555556 -0.90555556 -0.90555556 -0.90555556 -0.90555556 -0.90555554 -0.44056405 -0.43555426 -0.43 -0.43 -0.43 -0.43 -0.429412 -0.07 -0.07 -0.07 0.60444304 0.60444444 0.60444444
-0.88002735 -1.4955556 -0.98999967 -1.0577173 -1.2044885 -0.8 -0.95444444 -1.2754141 -1.5477778 -1.4188889 -1.3277778 -1.5 -1.5 -1.0673702 -0.94555809 -1.0655556 -0.78111111 -0.78111111 -0.80441402 -0.80444444 -0.80444444 -0.80444444 -1.0376613 -1.0333333 -1.0333333 -1.0333333 -1.1833333 -1.1833333 -0.54444444 -0.54444444 -0.54444444 -0.54444444 -0.54444444 -0.9055555 -0.90555556 -0.90555556 -0.90555556 -0.90555556 -0.90555554 -0.85741034 -0.61001904 -0.45184167 -0.43 -0.43 -0.43 -0.43 -0.43 -0.07 -0.07 -0.07 -0.014074421 0.60444444 0.60444444
-1.2688751 -1.2688889 -0.7 -0.71555556 -0.87333333 -1.1555556 -0.72777778 -1.1788889 -1.4233333 -1.38 -1.2144444 -1.5455556 -1.0011111 -1.1866667 -1.0677778 -1.5777778 -0.78111111 -0.78111111 -0.78111111 -1.0588149 -1.0588889 -1.0588889 -1.1155556 -1.0333333 -1.0333333 -1.0333333 -1.1833333 -1.1833333 -1.1833333 -0.54444444 -0.54444444 -0.54444446 -0.68137602 -0.90510723 -0.90377672 -0.71619569 -0.71444444 -0.71444444 -0.70130809 -0.61 -0.61 -0.60976983 -0.43 -0.43 -0.43 -0.43 -0.43 -0.07 -0.07 -0.07 -0.069999999 0.60444444 0.60444444
-0.47222222 -1.2688888 -0.97443576 -0.34444444 -0.85 -0.91555556 -0.81555556 -1.1055556 -0.98555556 -1.0905458 -1.1388889 -1.6066667 -1.47 -1.1866667 -1.1411111 -1.5777778 -1.7409641 -1.7415488 -1.6255556 -1.0588889 -1.0588889 -1.51 -1.1155556 -1.1155556 -1.0333333 -1.0333341 -1.1833333 -1.1833333 -1.1833333 -0.86555556 -0.84543737 -0.82888889 -0.82888889 -0.82888879 -0.71444444 -0.71444444 -0.71444444 -0.71444444 -0.61 -0.61 -0.61 -0.60999999 -0.43 -0.43 -0.43 -0.43 -0.43 -0.070004541 -0.07 -0.07 -0.07 0.60440463 0.60444444
-0.47222222 -0.19333477 -0.97444444 -1.162749 -0.85 -0.76444444 -1.2033127 -1.07 -1.0788889 -1.0111112 -1.354981 -1.51993 -1.0311111 -1.1411111 -1.1411111 -1.4358676 -1.7422222 -1.7422222 -1.6255556 -1.6255556 -1.0588897 -1.51 -1.2855556 -0.90333333 -0.67555556 -0.67549618 -1.1833333 -1.1833333 -0.86555556 -0.86555556 -0.82888889 -0.82888889 -0.82888889 -0.76267874 -0.71444444 -0.71444444 -0.71444444 -0.61 -0.61 -0.61 -0.61 -0.61000944 -0.43 -0.43 -0.43 -0.43 -0.43 -0.42679555 -0.07 -0.070024413 -0.61444444 -0.61444444 -0.61444444
-1.4155556 -0.74111111 -0.61555556 -0.91111111 -1.12 -0.95111111 -1.24 -1.2182351 -0.94444444 -0.72 -0.64222222 -0.41 -0.41000041 -1.1244444 -1.1244444 -1.5943497 -1.5944444 -1.3211111 -1.3211111 -1.6255549 -1.0388889 -1.0388889 -0.90333333 -0.67555556 -0.67555556 -0.42111111 -0.57666667 -0.57666667 -0.35893497 -0.86555556 -0.82888889 -0.82888889 -0.47777778 -0.47777801 -0.47999992 -0.75777778 -0.75777778 -0.65571843 -0.61 -0.61 -0.70765583 -0.70777778 -0.70777726 -1.2693612 -1.28435 -1.2844442 -1.2844444 -1.2844441 -0.70060454 -0.61444444 -0.61444444 -0.61444444 -0.61444444
-0.060003636 -0.56444444 -0.27584747 -0.36777778 -0.60555556 -1.2355556 -0.69111111 -0.76111111 -0.94555556 -0.94555556 -0.64222222 -0.97555556 -0.98555557 -1.1244444 -1.202222 -1.2022222 -1.5944444 -1.1544444 -0.86333333 -0.86333333 -1.0493614 -1.0611111 -1.0611111 -0.29555556 -0.42111111 -0.42111111 -0.57666667 -0.57666667 -0.35889226 -0.35895088 -0.44768145 -0.47777778 -0.47777778 -0.48 -0.48 -0.7983232 -0.75777778 -0.75777778 -0.82555321 -0.70777794 -0.70777778 -0.70777778 -0.70777494 -1.2844414 -1.2844444 -1.2844444 -1.2844444 -1.2844441 -0.73666667 -0.61446867 -0.61444444 -0.61444444 -0.61444444
-0.06 0.20888889 0.021111111 -1 -1.0588855 -0.96111111 -0.70555556 -1.1688889 -1.2155556 -1.08 -1.08 -1.0344444 -0.98555556 -0.98555556 -1.2007357 -1.3681824 -1.3844444 -0.81 -0.84444446 -0.86333333 -0.38454958 -0.38888889 -0.29777778 -0.067777779 -0.067778509 -0.12444444 -0.58777778 -0.58777777 -0.41646421 -0.41666667 -0.44777778 -0.72204286 -0.58222222 -0.48 -0.49302468 -0.83222222 -0.83222222 -0.82555556 -0.82555556 -0.70777778 -0.70777778 -0.70777777 -0.74311093 -0.74444447 -1.2844444 -1.2844444 -1.2844444 -0.73668752 -0.73666667 -0.73666667 -0.61444444 -0.61444444 -0.61444444
0.058521932 0.20888889 0.36777778 -0.34333333 -0.73888889 -0.83111111 -0.98666667 -0.97111111 -1.2144444 -1.015085 -1.0222222 -1.0555556 -1.0555556 -1.0466667 -1.0466651 -0.98334325 -0.98222222 -0.98222222 -0.815258 -0.40444443 -0.33777778 -0.33777778 -0.39777778 -0.33718613 -0.11873394 -0.12444444 -0.47222222 -0.58777778 -0.53033575 -0.53 -0.76111111 -0.39555556 -0.39947358 -0.90888889 -0.93666667 -1.0611111 -1.1122222 -0.93888889 -0.92111932 -0.70678583 -0.48555556 -0.53555556 -0.74440194 -0.74444444 -0.74748386 -1.2844444 -1.3111111 -0.73666667 -0.73666667 -0.73666667 -0.73666667 -0.61693459 -0.37555556
-0.78222222 -0.78222222 0.38555556 -0.22222222 -0.61333333 -0.90555556 -0.96444444 -0.81888889 -0.95888889 -0.96445021 -1.2177778 -0.31 -1.0466667 -1.0466667 -0.88222222 -0.88359377 -0.98222222 -0.98217651 -0.75555556 -0.40444444 -0.40444444 -0.39585555 -0.39777778 -0.5066646 -0.50666667 -0.50666667 -0.47222222 -0.27666667 -0.27666667 -0.53 -0.53 -0.39557031 -0.40333333 -0.90888889 -0.47 -1.0611111 -1.1122222 -0.85111111 -0.92111111 -0.91455251 -0.53555555 -0.51637228 -0.48333333 -0.74444444 -0.74444444 -1.3111111 -1.3111111 -1.3111111 -0.73666667 -0.73666667 -0.63444444 -0.63444444 -0.63444435
-0.78222222 -0.78222222 -0.26444444 -0.72555556 -0.97 -0.43333333 -0.8 -0.92338757 -1.0022222 -0.88 -1.0866667 -0.94333333 -0.31084424 -0.88222222 -0.88222222 -0.88223748 -1.0144444 -1.0008567 -0.75555556 -0.94666667 -0.94666667 -0.57 -0.57 -0.50666667 -0.50666667 -0.50666667 -0.27666667 -0.27666667 -0.27666667 -0.81555556 -0.81555556 -0.81555488 -0.60777778 -0.60777778 -0.94888889 -1.1188889 -0.70888889 -1.54777 -1.1922222 -0.91444444 -0.91444444 -0.51444434 -0.48333333 -0.74444444 -0.78222241 -1.0477778 -0.79556328 -0.79333333 -0.64777778 -0.64777778 -0.63444444 -0.63444444 -0.63444444
-0.78222222 -0.55876056 -0.461217 -0.79443999 -0.3 -0.95 -0.8 -0.92333333 -1.0022216 -0.88135407 -0.94333325 -0.94333333 -0.81333333 -0.88222222 -0.88222222 -1.0144444 -1.0144444 -1.0144297 -0.75555556 -0.94666667 -0.872697 -0.57 -0.57 -0.50666971 -0.50666667 -0.53479045 -0.59222222 -0.59222222 -0.59222218 -0.81555556 -0.81555556 -0.77333333 -0.77333333 -0.60777871 -0.94888889 -0.94222231 -0.69623893 -1.5477778 -1.5477778 -0.91444443 -0.51444444 -0.51444444 -0.51444638 -0.78222222 -0.78222222 -1.0477778 -0.79333333 -0.79333333 -0.64777778 -0.64777778 -0.63444444 -0.63444444 -0.63444444
-1.3155556 -0.57592518 -0.59555988 -0.59698986 -0.30000344 -0.94998465 -0.8 -0.92181517 -0.99678597 -0.99903067 -0.81333333 -0.81333333 -0.81333333 -0.81333333 -0.88221246 -1.0144444 -1.0144444 -1.0111018 -0.75555556 -0.94670498 -1.0833333 -1.0833333 -1.0833333 -1.0833333 -0.51649219 -0.59222222 -0.59222222 -0.59222222 -0.59222222 -0.59243609 -0.77333333 -0.77333333 -0.77333333 -0.77333333 -0.94222222 -0.94222222 -0.94222222 -1.5175091 -1.544398 -1.0977778 -1.0977778 -0.51447582 -0.92999494 -0.78223646 -0.78222222 -1.0477778 -0.79333333 -0.79333333 -0.64777778 -0.64777778 -0.63449282 -0.63444444 -0.40517004
-1.3155556 -0.59555556 -0.59555556 -0.59555556 -0.59555556 -0.5955557 -0.80038387 -0.85836699 -0.98228254 -0.81353373 -0.81333333 -0.81333333 -0.81333333 -0.81333333 -0.81333344 -1.0144444 -1.0144444 -0.99668643 -0.75556022 -1.0833333 -1.0833333 -1.0833333 -1.0833333 -1.0833333 -1.0816501 -0.80911075 -0.89444438 -0.89444444 -0.89444444 -0.89444444 -0.77333333 -0.77333333 -0.77333333 -0.77111111 -0.77111111 -0.94222222 -0.77370899 -0.76888889 -1.0977776 -1.0977778 -1.0977778 -1.0977778 -0.93 -0.93 -0.93 -0.93081963 -0.83643757 -0.83666667 -0.83666667 -0.83666667 -0.83666666 -0.29111118 -0.29111111
-1.13 -0.59555556 -0.59555556 -0.59555556 -0.59555556 -0.59555556 -0.59555557 -0.80267951 -0.95777262 -0.95777778 -0.95777778 -0.95777778 -0.95777778 -0.95777778 -0.95777778 -0.70849538 -1.0094842 -0.97899386 -1.0832922 -1.0833333 -1.0833333 -1.0833333 -1.0833333 -1.083333 -1.0055556 -1.0055556 -1.0055554 -0.89444444 -0.89444444 -0.8943777 -0.86111111 -0.86111111 -0.77111111 -0.77111111 -0.77111111 -0.76924476 -0.76888889 -0.76888889 -0.76888889 -1.0977778 -1.0977778 -1.0977778 -0.93 -0.93 -0.93 -0.93 -0.83666666 -0.83666667 -0.83666667 -0.83666667 -0.83666667 -0.29111111 -0.29111111
-1.13 -0.9310324 -0.59555556 -0.59555556 -0.59555556 -0.59555556 -0.73663897 -0.73666667 -0.73666667 -0.95777778 -0.95777778 -0.95777778 -0.95777778 -0.95777778 -0.90164555 -0.70333333 -0.70333333 -0.70333333 -0.81304755 -0.8122225 -0.81222222 -0.81222222 -0.81222222 -0.81222222 -1.0055556 -1.0055556 -1.0055556 -1.0055556 -0.89444444 -0.86111111 -0.86111111 -0.86111111 -0.77111112 -0.77111111 -0.77111111 -0.52444444 -0.76856524 -0.76888889 -0.76888889 -1.0976442 -0.83118344 -0.20933 -0.93 -0.93 -0.57775707 -0.57666667 -0.57666667 -0.83578992 -0.30519709 -0.30333338 -0.30333343 0.05772488 -0.2911104
-1.13 -0.8910393 -0.74174663 -0.59555556 -0.59555556 -0.73658329 -0.73666667 -0.73666667 -0.73666667 -0.73826006 -0.95777778 -0.95777778 -0.95777778 -0.95777775 -0.70333333 -0.70333333 -0.70333333 -0.70333333 -0.81212495 -0.81222222 -0.81222222 -0.81222222 -0.81222222 -0.81222222 -1.0055556 -1.0055556 -1.0055556 -1.0055556 -1.0050302 -0.86111111 -0.86111111 -0.86111111 -0.84333333 -0.77108776 -0.52444444 -0.52444444 -0.52444444 -0.51989461 -0.24225545 -0.20666667 -0.20666667 -0.20666667 -0.54111111 -0.54111111 -0.57666667 -0.57666667 -0.57666667 -0.30333334 -0.30333333 -0.30333333 -0.30333333 0.057777778 0.057777778
-0.8845217 -0.88444444 -0.88444444 -0.88444444 -0.63666667 -0.73666409 -0.73666667 -0.73666667 -0.73666667 -0.73666667 -0.9274103 -0.95777255 -0.95777777 -0.70333333 -0.70333333 -0.70333333 -0.70333333 -0.70333333 -0.69833208 -0.81222222 -0.81222222 -0.81222222 -0.81222222 -0.81222222 -0.84489041 -0.75000138 -0.75 -0.75 -0.75 -0.86111111 -0.84333333 -0.84333333 -0.84333333 -0.84333333 -0.52444444 -0.5244335 -0.10888889 -0.10888889 -0.20544577 -0.20666667 -0.20666667 -0.20666667 -0.54111111 -0.54111111 -0.57116144 -0.57666667 -0.57666667 -0.30333333 -0.30333333 -0.30333333 -0.29946128 0.057777778 0.057777778
-0.88444444 -0.88444444 -0.88444444 -0.76776219 -0.63666667 -0.63666667 -0.73666667 -0.73666667 -0.73666667 -0.73666667 -0.55666667 -0.55666667 -0.55666667 -0.70333333 -0.70333333 -0.70333333 -0.70333333 -0.70324024 -0.48888889 -0.48888889 -0.81222209 -0.81222222 -0.81216812 -0.81 -0.80945984 -0.75 -0.75 -0.75 -0.75 -0.84332383 -0.84333333 -0.84333333 -0.84333333 -0.84333333 -0.10889035 -0.10888889 -0.10888889 -0.10888889 -0.10923266 -0.20666667 -0.20666667 -0.20666667 -0.54111111 -0.54111111 -0.54111111 -0.57666667 -0.57666667 -0.30333334 -0.30333333 -0.30333333 0.057777777 0.057777778 0.057777778
-0.88444444 -0.88444444 -0.88444444 -0.63666667 -0.63666667 -0.63666667 -0.63666682 -0.73666667 -0.73666667 -0.55685248 -0.55666667 -0.55666667 -0.55666667 -0.55675804 -0.24735871 -0.14 -0.14 -0.14 -0.48888889 -0.48888889 -0.48888889 -0.81 -0.81 -0.81 -0.80979177 -0.39157505 -0.75 -0.75 -0.75 -0.38483312 -0.28227741 -0.28222222 -0.28222222 -0.28222222 -0.10819445 -0.10666667 -0.10666667 -0.10666667 -0.10666667 -0.12001186 -0.12 -0.12 -0.54111111 -0.54111111 -0.48444468 -0.48444441 -0.39222222 -0.39222222 -0.16666667 -0.16666667 -0.16666667 0.057777778 0.044456366
-0.88444192 -0.88444444 -0.88444444 -0.63666667 -0.63666667 -0.63666667 -0.63666666 -0.32000012 -0.73500067 -0.55647624 -0.55666667 -0.55666667 -0.55666667 -0.55584905 -0.14 -0.14 -0.14 -0.1400001 -0.48888889 -0.48888889 -0.48888889 -0.81 -0.81 -0.81 -0.066666667 -0.066666667 -0.14333333 -0.14333333 -0.14333333 -0.14409102 -0.28222222 -0.28222222 -0.28222222 -0.28222222 -0.19449267 -0.10666667 -0.10666667 -0.10666667 -0.10666667 -0.12 -0.12 -0.12 -0.13146682 -0.48444444 -0.48444444 -0.48444444 -0.39222222 -0.39222222 -0.16666667 -0.16666667 -0.16666667 0.044444437 0.044444444
-0.072222222 -0.44927501 -0.47111111 -0.47115914 -0.63666667 -0.32183222 -0.32 -0.32 -0.31473675 -0.34666667 -0.34666667 -0.34666667 -0.34666667 0.29442357 0.29444444 -0.13999967 -0.14 -0.14919271 -0.48888889 -0.48888889 -0.48888889 0.18777778 0.18777778 0.18777778 -0.066666667 -0.066666667 -0.14333333 -0.14333333 -0.14333333 -0.14333323 0.0055537265 0.0055547473 -0.27498936 -0.2819137 -0.25558376 -0.25555556 -0.25555556 -0.25555556 -0.25555556 -0.12 -0.12 -0.12 -0.46437694 -0.48444444 -0.48444444 -0.48444442 -0.39222222 -0.39222222 -0.3922141 -0.16666667 -0.16668301 -0.53222222 0.044444444
-0.26774064 -0.26777781 -0.47111111 -0.47111111 -0.47111111 -0.32 -0.32 -0.32 -0.30555556 -0.30555556 -0.34666667 -0.34666667 -0.34666667 0.29444444 0.29444444 0.29444444 0.29444444 0.29435586 -0.48888889 -0.48888889 -0.48888886 0.18777778 0.18777778 0.18777778 -0.066666667 -0.066666667 -0.14333333 -0.14333333 -0.14333333 0.0038768225 0.0055555556 0.0055555556 0.0055555556 0.0055555556 -0.25542671 -0.25555556 -0.25555556 -0.25555556 -0.25555556 -0.046666686 -0.046666667 -0.046666667 -0.046666667 -0.48444344 -0.35333333 -0.35333333 -0.35333333 -0.48666667 -0.48666667 -0.48666667 -0.53222222 -0.53222222 -0.53222222
-0.26777778 -0.26777778 -0.47111111 -0.47111111 -0.47111111 -0.32079427 -0.32 -0.30555556 -0.30555556 -0.30555556 -0.34666161 -0.34666667 -0.12967466 0.29444436 0.29444444 0.29444444 0.29444444 0.13222222 0.13222222 0.13222222 -0.048888883 -0.048888713 0.18777662 0.18777778 0.18753046 -0.10888889 -0.10888889 -0.10888897 -0.14332777 0.18551968 0.1855546 0.18552413 0.0058631942 0.0057108937 -0.20893316 -0.25555542 -0.25436029 0.10111111 0.10111111 -0.046666667 -0.046666667 -0.046666667 -0.046666667 -0.35333333 -0.35333333 -0.35333333 -0.35333333 -0.48666667 -0.48666667 -0.48666667 -0.53222222 -0.53222222 -0.53222222
-0.26777778 -0.26777778 -0.47111111 -0.47111111 -0.47111111 -0.47111111 -0.31459387 -0.30555556 -0.30555556 -0.30555556 -0.30543158 -0.081111111 -0.081111111 -0.081111111 0.29223121 0.29444444 0.13330323 0.13222222 0.13222222 0.13222222 -0.048888889 -0.048888889 -0.048888889 -0.048888889 -0.10888889 -0.10888889 -0.10888889 -0.10888889 -0.10888889 0.18555556 0.18555556 0.18555556 0.18555556 0.1855557 0.25444444 0.10111111 0.10111111 0.10111111 0.10111111 0.10111055 -0.052222222 -0.052222222 -0.052222222 -0.21275861 -0.54555556 -0.54555556 -0.54555556 -0.48666667 -0.48666661 -0.42777778 -0.42777778 -0.36337442 -0.36333333
-0.26777778 -0.26777778 -0.39772206 -0.47111111 -0.47111111 -0.47111111 -0.23678891 -0.30533846 -0.30555556 -0.30555556 -0.081111094 -0.081111111 -0.081111111 -0.081111111 -0.081111111 -0.050296297 0.13222222 0.13222222 0.13222222 0.13222222 -0.048887488 -0.048888889 -0.048888889 -0.048888889 -0.10888889 -0.10888889 -0.10888889 -0.10888889 -0.10888889 0.14696561 0.18555556 0.18555556 0.18555556 0.25444444 0.25444444 0.25432538 0.10111111 0.10111111 0.31809349 0.48666663 -0.052222222 -0.052222222 -0.052222222 -0.20878202 -0.54555556 -0.54555556 -0.54555556 0.21666667 -0.41974806 -0.42777778 -0.42777778 -0.36333333 -0.36333333
-0.10777778 -0.10777778 -0.10777778 -0.38001346 -0.47062173 -0.23666667 -0.23666667 -0.23666667 -0.23666667 0.0022222203 0.0022222222 -0.081111105 -0.081111111 -0.081111111 -0.081111111 -0.081097581 0.13222222 0.13222222 0.13222222 0.13222222 0.030142125 -0.048888889 -0.048888889 -0.046213691 0.046109761 -0.10888889 -0.10888889 -0.10888889 0.13333333 0.13333333 0.13333333 0.13333355 0.25444444 0.25444444 0.25444444 0.25444444 0.48666667 0.48666667 0.48666667 0.48666667 0.063333333 0.063333333 0.063333333 0.0011123621 0.0011111111 0.0011111111 0.0011109381 0.21666667 0.21666667 -0.42699256 -0.42777778 -0.36332903 -0.36333333
