interpolatedSpi/02-11|23_1.tif
NCOLS 53
NROWS 52
XLLCORNER -116.03883
YLLCORNER 28.596182
DX 0.49850594
DY 0.49788537
NODATA_VALUE -9999
[rows 0 to 25 of 52, columns 0 to 52 of 53]
-0.43909091 -0.43909091 -0.5477397 -0.73363636 -0.35090909 -0.53727273 -0.54363636 -0.43363636 -0.75626779 -0.72727273 -0.47545455 -0.58727273 -0.82633062 -0.42545455 -0.23545455 -0.23545455 -0.23545455 -0.52363636 -0.37545455 -0.37545455 -0.37545455 -0.3754534 -0.25636364 -0.49636364 -0.49636364 -0.49636364 -0.56909179 -0.56909091 -0.56909091 -1.0909091 -1.0909091 -1.0909091 -1.0909091 -1.2545454 -1.2545455 -1.2545455 -1.2545455 -1.2545455 -1.2545455 -1.2545454 -0.046646728 -0.033871889 -0.95818182 -0.95818182 -0.95818182 -0.95818182 -0.95734584 -0.44636364 -0.44636364 -0.44636364 -0.25545494 -0.25545455 -0.25545455
-0.43910771 -0.81727273 -0.56272732 -0.55660355 -0.66636263 -0.75363636 -0.76 -0.75630709 -0.80727273 -0.64181818 -0.84818182 -0.82636364 -0.82636364 -0.71901785 -0.42545642 -0.23545455 -0.52363636 -0.52363636 -0.37564775 -0.37545455 -0.37545455 -0.37545455 -0.50966647 -0.49636364 -0.49636364 -0.49636364 -0.65272726 -0.65272727 -1.0909091 -1.0909091 -1.0909091 -1.0909091 -1.0909091 -1.2545454 -1.2545455 -1.2545455 -1.2545455 -1.2545455 -1.2545454 -1.1109554 -0.37187583 -0.88703149 -0.95818182 -0.95818182 -0.95818182 -0.95818182 -0.95818182 -0.44636364 -0.44636364 -0.44636364 -0.43053327 -0.25545455 -0.25545455
-0.0063841181 -0.0063636364 -0.60545455 -0.47090909 -0.75272727 -0.45090909 -0.61 -0.51818182 -0.88909091 -0.95 -0.85909091 -0.96727273 -1.0627273 -0.82 -0.72 -1.1045455 -0.52363636 -0.52363636 -0.52363636 -0.42816649 -0.42818182 -0.42818182 -0.74909091 -0.49636364 -0.49636364 -0.49636364 -0.65272727 -0.65272727 -0.65272727 -1.0909091 -1.0909091 -1.0909091 -1.0208873 -1.2531647 -1.24935 -0.70147852 -0.69636364 -0.69636364 -0.65554437 -0.37181818 -0.37181818 -0.37256799 -0.95818182 -0.95818182 -0.95818182 -0.95818182 -0.95818182 -0.44636364 -0.44636364 -0.44636364 -0.44636364 -0.25545455 -0.25545455
0.15181818 -0.0063637042 -0.34281626 -0.34636364 -0.78090909 -0.74090909 -0.81454545 -1.1363636 -0.69181818 -0.83263914 -0.99181818 -0.95727273 -1.0618182 -0.82 -1.0336364 -1.1045455 -0.76444037 -0.7616513 -0.67727273 -0.42818182 -0.42818182 -0.79545455 -0.74909091 -0.74909091 -0.49636364 -0.49636442 -0.65272727 -0.65272727 -0.65272727 -0.74090909 -0.85313863 -0.94545455 -0.94545455 -0.94545435 -0.69636364 -0.69636364 -0.69636364 -0.69636364 -0.37181818 -0.37181818 -0.37181818 -0.3718182 -0.95818182 -0.95818182 -0.95818182 -0.95818182 -0.95818182 -0.44637009 -0.44636364 -0.44636364 -0.44636364 -0.25547744 -0.25545455
0.15181818 -0.033636931 -0.34272727 -0.68303813 -0.78090909 -0.86545455 -0.97907971 -1.2118182 -1.2972727 -0.96000012 -1.0052227 -1.0244764 -0.54272727 -1.0336364 -1.0336364 -1.0756968 -0.76181818 -0.76181818 -0.67727273 -0.67727273 -0.42818255 -0.79545455 -0.62727273 -0.37454545 -0.62181818 -0.62177801 -0.65272727 -0.65272727 -0.74090909 -0.74090909 -0.94545455 -0.94545455 -0.94545455 -0.89128258 -0.69636364 -0.69636364 -0.69636364 -0.37181818 -0.37181818 -0.37181818 -0.37181818 -0.37183407 -0.95818181 -0.95818182 -0.95818182 -0.95818182 -0.95818182 -0.953626 -0.44636364 -0.4463865 -0.95636364 -0.95636364 -0.95636364
-1.1154545 -0.41818182 -0.37545453 -0.41 -0.47090909 -0.61272727 -0.99636364 -1.023948 -1.0109091 -1.2281818 -1.0772727 -0.97636364 -0.97636335 -0.88272727 -0.88272727 -0.57721873 -0.57727273 -0.67454545 -0.67454545 -0.67727247 -0.80727273 -0.80727273 -0.37454545 -0.62181818 -0.62181818 -0.45 -0.76090909 -0.76090909 -0.50184034 -0.74090909 -0.94545455 -0.94545455 -0.65818182 -0.6581726 -0.57000629 -0.47545455 -0.47545455 -0.40388046 -0.37181818 -0.37181818 -0.53615841 -0.53636364 -0.53636303 -0.53755858 -0.53004732 -0.53000011 -0.53000001 -0.53000016 -0.89994862 -0.95636364 -0.95636364 -0.95636364 -0.95636364
-0.23545784 -0.31090909 -0.23323067 -0.39818182 -0.36181818 -0.84 -0.62636364 -0.93454545 -1.2281818 -1.2281818 -1.0772727 -1.0881818 -0.90727269 -0.88272727 -0.35363795 -0.35363636 -0.57727273 -0.27454545 -0.38818182 -0.38818182 -0.73401246 -0.65181818 -0.65181818 -0.51181818 -0.45 -0.45 -0.76090909 -0.76090909 -0.50183763 -0.50217615 -0.39046726 -0.65818182 -0.65818182 -0.57 -0.57 -0.56012132 -0.47545455 -0.47545455 -0.75544484 -0.53636394 -0.53636364 -0.53636364 -0.53636051 -0.53000049 -0.53 -0.53 -0.53 -0.53000022 -0.90636364 -0.95635373 -0.95636364 -0.95636364 -0.95636364
-0.23545455 -0.69818182 -0.19818182 -0.65545455 -0.5372795 -0.73545455 -0.96727273 -1.0290909 -0.96363636 -1.0690909 -1.0690909 -0.73 -0.90727273 -0.90727273 -0.35743482 -0.47286273 -0.48454545 -0.23181818 -0.37909092 -0.38818182 -0.10607665 -0.051818182 -0.61636364 -0.079090911 -0.079098812 -0.69181818 -0.38727273 -0.38727286 -0.83428544 -0.83545454 -0.38909091 -0.48513251 -0.44818182 -0.57 -0.56872951 -0.63090909 -0.63090909 -0.75545454 -0.75545455 -0.53636364 -0.53636364 -0.53636363 -0.61588122 -0.61727272 -0.53 -0.53 -0.53 -0.90634931 -0.90636364 -0.90636364 -0.95636364 -0.95636364 -0.95636364
-0.74369648 -0.69818181 -0.14909091 -0.73545455 -0.44090909 -0.95363636 -0.76090909 -0.42272727 -0.95363636 -0.37368174 -0.45909091 -0.79727272 -0.79727273 -0.34 -0.33999995 -0.53168643 -0.53181818 -0.53181818 -0.25429959 -0.72727272 -0.69090909 -0.69090908 -0.83909091 -0.70413679 -0.63007145 -0.69181818 -0.44090909 -0.38727273 -0.46771166 -0.46818182 -0.49545455 -0.62 -0.5366678 -0.78363636 -0.52545455 -0.59727273 -0.60181818 -0.52454545 -0.37461472 -0.53523552 -0.28363636 -0.40454545 -0.61724446 -0.61727273 -0.61678151 -0.53 -0.94272725 -0.90636364 -0.90636364 -0.90636364 -0.90636363 -0.89331759 -0.20818182
-0.99818182 -0.99818182 -0.17727273 -0.31272727 -0.76454545 -0.6 -0.50727273 -0.74909091 -0.48272727 -0.22641977 -0.66545455 -0.037272727 -0.34 -0.34 -0.33454545 -0.33725114 -0.53181818 -0.53173002 -0.12636364 -0.72727273 -0.72727273 -0.72258785 -0.83909091 -0.54818733 -0.54818182 -0.54818182 -0.44090909 -0.34636364 -0.34636364 -0.46818182 -0.46818182 -0.6196862 -0.45454545 -0.78363636 -0.61545455 -0.59727273 -0.60181818 -0.72636364 -0.37454545 -0.26811694 -0.40454545 -0.41890509 -0.44363636 -0.61727273 -0.61727273 -0.94272727 -0.94272727 -0.94272727 -0.90636364 -0.90636364 -0.45 -0.45 -0.44999991
-0.99818182 -0.99818182 -0.68636364 -0.76090909 -0.67272727 -0.27545455 -0.73 -0.213426 -0.39545455 -0.36727273 -0.16818182 -0.0072727273 -0.037233237 -0.33454545 -0.33454545 -0.33454241 -0.30818182 -0.29863915 -0.12636364 -0.12 -0.12 -0.24 -0.24 -0.54818182 -0.54818182 -0.54818182 -0.34636364 -0.34636364 -0.34636364 -0.57363636 -0.57363636 -0.57363617 -0.56181818 -0.56181818 -0.99636364 -0.78545455 -0.42727273 -0.50727625 -0.43727273 -0.26636364 -0.26636364 -0.47909079 -0.44363636 -0.61727273 -0.20636384 -0.37545455 -0.34169063 -0.33909091 -0.41818182 -0.41818182 -0.45 -0.45 -0.45
-0.99818182 -0.86354484 -0.71817484 -0.84180872 -0.33181818 -0.47090909 -0.73 -0.21272727 -0.39545302 -0.36758495 -0.0072731958 -0.0072727273 0.015454545 -0.33454545 -0.33454545 -0.30818182 -0.30818182 -0.30817147 -0.12636364 -0.12 -0.14356556 -0.24 -0.24 -0.54816917 -0.54818182 -0.49229949 -0.37818182 -0.37818182 -0.37818181 -0.57363636 -0.57363636 -0.38181818 -0.38181818 -0.56181937 -0.99636364 -0.51454566 -0.50642929 -0.50727273 -0.50727273 -0.26636364 -0.47909091 -0.47909091 -0.47908893 -0.20636364 -0.20636364 -0.37545455 -0.33909091 -0.33909091 -0.41818182 -0.41818182 -0.45 -0.45 -0.45
-0.42909091 -0.45112973 -0.43001226 -0.43297636 -0.33181901 -0.47090581 -0.72999999 -0.2190946 -0.38286277 -0.39471864 0.015454545 0.015454545 0.015454545 0.015454545 -0.33449587 -0.30818182 -0.30818182 -0.30583426 -0.12636364 -0.11996033 0.017272727 0.017272727 0.017272727 0.017272727 -0.53847448 -0.37818182 -0.37818182 -0.37818182 -0.37818182 -0.37820556 -0.38181818 -0.38181818 -0.38181818 -0.38181818 -0.51454545 -0.51454545 -0.51454545 -0.50810595 -0.50702693 -0.47454545 -0.47454545 -0.47909066 -0.33635919 -0.20637616 -0.20636364 -0.37545455 -0.33909091 -0.33909091 -0.41818182 -0.41818182 -0.44988457 -0.45 -0.73059938
-0.42909091 -0.43 -0.43 -0.43 -0.43 -0.43000002 -0.72933673 -0.48526949 -0.34926908 0.015012769 0.015454545 0.015454545 0.015454545 0.015454545 0.015454701 -0.30818182 -0.30818179 -0.29571033 -0.1263657 0.017272727 0.017272727 0.017272727 0.017272727 0.017272727 0.019472176 -0.13910729 -0.051818249 -0.051818182 -0.051818182 -0.051818182 -0.38181817 -0.38181818 -0.38181767 0.04 0.04 -0.51454545 -0.15395071 -0.14363636 -0.47454526 -0.47454545 -0.47454545 -0.47454545 -0.33636364 -0.33636364 -0.33636364 -0.33663567 0.007721139 0.01 0.01 0.01 0.0099999922 -0.37000002 -0.37
-0.53272727 -0.43 -0.43 -0.43 -0.43 -0.43 -0.43000002 -0.38998633 0.23422163 0.23727273 0.23727273 0.23727273 0.23727273 0.23727273 0.23727273 0.31469539 -0.29825442 -0.28328469 0.017254607 0.017272727 0.017272727 0.017272727 0.017272727 0.017272983 0.11909091 0.11909091 0.11909067 -0.051818182 -0.051818182 -0.051088201 0.31272727 0.31272727 0.04 0.04 0.04 -0.11421965 -0.14363636 -0.14363636 -0.14363636 -0.47454545 -0.47454545 -0.47454545 -0.33636364 -0.33636364 -0.33636364 -0.33636364 0.0099999974 0.01 0.01 0.01 0.01 -0.37 -0.37
-0.53272727 -0.49448308 -0.43 -0.43 -0.43 -0.43 0.15624855 0.15636364 0.15636364 0.23727273 0.23727273 0.23727273 0.23727273 0.23727273 0.25472074 0.31636364 0.31636364 0.31636364 0.23660298 0.2372725 0.23727273 0.23727273 0.23727273 0.23727273 0.11909091 0.11909091 0.11909091 0.11909091 -0.051818182 0.31272727 0.31272727 0.31272727 0.040000024 0.04 0.04 0.22181818 -0.14315249 -0.14363636 -0.14363636 -0.47450515 -0.39431331 -0.20716517 -0.33636364 -0.33636364 -0.14694999 -0.14636364 -0.14636364 0.0097738762 -0.12679302 -0.12727272 -0.1272727 -0.014599285 -0.36999928
-0.53272727 -0.21955217 -0.31912991 -0.43 -0.43 0.15601718 0.15636364 0.15636364 0.15636364 0.15694669 0.23727273 0.23727273 0.23727273 0.23727274 0.31636364 0.31636364 0.31636364 0.31636364 0.23734338 0.23727273 0.23727273 0.23727273 0.23727273 0.23727273 0.11909091 0.11909091 0.11909091 0.11909091 0.11979523 0.31272727 0.31272727 0.31272727 0.33909091 0.040025715 0.22181818 0.22181818 0.22181818 0.22164108 -0.20237946 -0.20636364 -0.20636364 -0.20636364 -0.30818182 -0.30818182 -0.14636364 -0.14636364 -0.14636364 -0.12727273 -0.12727273 -0.12727273 -0.12727273 -0.014545455 -0.014545455
-0.2110555 -0.21090909 -0.21090909 -0.21090909 0.27090909 0.15636659 0.15636364 0.15636364 0.15636364 0.15636364 0.23589618 0.23727249 0.23727273 0.31636364 0.31636364 0.31636364 0.31636364 0.31636364 0.32956099 0.23727273 0.23727273 0.23727273 0.23727273 0.23727273 0.23475181 0.320908 0.32090909 0.32090909 0.32090909 0.31272727 0.33909091 0.33909091 0.33909091 0.33909091 0.22181818 0.22181782 0.20818182 0.20818182 -0.20118742 -0.20636364 -0.20636364 -0.20636364 -0.30818182 -0.30818182 -0.17141866 -0.14636364 -0.14636364 -0.12727273 -0.12727273 -0.12727273 -0.126064 -0.014545455 -0.014545455
-0.21090909 -0.21090909 -0.21090909 0.015986278 0.27090909 0.27090909 0.15636364 0.15636364 0.15636364 0.15636364 0.21909091 0.21909091 0.21909091 0.31636364 0.31636364 0.31636364 0.31636364 0.31640901 0.62363636 0.62363636 0.23727288 0.23727273 0.24065901 0.37636364 0.3758644 0.32090909 0.32090909 0.32090909 0.32090909 0.33908906 0.33909091 0.33909091 0.33909091 0.33909091 0.20818187 0.20818182 0.20818182 0.20818182 0.20671718 -0.20636364 -0.20636364 -0.20636364 -0.30818182 -0.30818182 -0.30818182 -0.14636364 -0.14636364 -0.12727273 -0.12727273 -0.12727273 -0.014545455 -0.014545455 -0.014545455
-0.21090909 -0.21090909 -0.21090909 0.27090909 0.27090909 0.27090909 0.27090892 0.15636364 0.15636364 0.21902616 0.21909091 0.21909091 0.21909091 0.21915152 0.53858688 0.59090909 0.59090909 0.59090909 0.62363636 0.62363636 0.62363636 0.37636364 0.37636364 0.37636364 0.37636262 0.34808899 0.32090909 0.32090909 0.32090909 0.36383136 0.36999696 0.37 0.37 0.37 0.16045484 0.092727535 0.092727273 0.092727273 0.092727273 -0.064564859 -0.064545455 -0.064545455 -0.30818182 -0.30818182 0.0036350619 0.0036363433 -0.053636364 -0.053636364 0.024545455 0.024545455 0.024545455 -0.014545455 0.069924406
-0.21090832 -0.21090909 -0.21090907 0.27090909 0.27090909 0.27090909 0.27090909 0.27818178 0.15685071 0.21909915 0.21909091 0.21909091 0.21909091 0.21982052 0.59090909 0.59090909 0.59090909 0.5909091 0.62363636 0.62363636 0.62363636 0.37636364 0.37636364 0.37636364 0.37272727 0.37272727 0.56454545 0.56454545 0.56454545 0.56348415 0.37 0.37 0.37 0.37 0.23143978 0.092727273 0.092727273 0.092727273 0.092727273 -0.064545455 -0.064545455 -0.064545455 -0.062400194 0.0036363636 0.0036363636 0.0036363636 -0.053636364 -0.053636364 0.024545454 0.024545455 0.024545455 0.069999998 0.07
0.036363636 -0.071999182 0.076363636 0.076420077 0.27090909 0.27813974 0.27818182 0.27818182 0.34542624 0.22818182 0.22818182 0.22818182 0.22818182 0.79907232 0.79909091 0.59090925 0.59090909 0.59177141 0.62363636 0.62363636 0.62363636 0.53727273 0.53727273 0.53727273 0.37272727 0.37272727 0.56454545 0.56454545 0.56454545 0.5645455 0.62454384 0.62454474 0.37639762 0.37027289 0.18475729 0.18454545 0.18454545 0.18454545 0.18454545 -0.064545455 -0.064545455 -0.064545455 -0.00011780255 0.0036363636 0.0036363636 0.0036363407 -0.053636364 -0.053636364 -0.053633549 0.024545455 0.024534194 -0.22727273 0.07
0.18906191 0.18909089 0.076363636 0.076363636 0.076363636 0.27818182 0.27818182 0.27818182 0.46272727 0.46272727 0.22818182 0.22818182 0.22818182 0.79909091 0.79909091 0.79909091 0.79909091 0.79907065 0.62363636 0.62363636 0.62363636 0.53727273 0.53727273 0.53727273 0.37272727 0.37272727 0.56454545 0.56454545 0.56454545 0.62386895 0.62454545 0.62454545 0.62454545 0.62454545 0.18476257 0.18454545 0.18454545 0.18454545 0.18454545 0.14181813 0.14181818 0.14181818 0.14181818 0.0036353732 -0.12545455 -0.12545455 -0.12545455 -0.34909091 -0.34909091 -0.34909091 -0.22727273 -0.22727273 -0.22727273
0.18909091 0.18909091 0.076363636 0.076363636 0.076363636 0.27712103 0.27818182 0.46272727 0.46272727 0.46272727 0.22821069 0.22818182 0.42503459 0.79909083 0.79909091 0.79909091 0.79909091 0.43272727 0.43272727 0.43272727 0.51818182 0.51818183 0.53727263 0.53727273 0.53723946 0.55909091 0.55909091 0.55909092 0.56454457 0.51002283 0.51000061 0.51002 0.62434968 0.6244466 0.26283583 0.18454544 0.18438703 0.13727273 0.13727273 0.14181818 0.14181818 0.14181818 0.14181818 -0.12545455 -0.12545455 -0.12545455 -0.12545455 -0.34909091 -0.34909091 -0.34909091 -0.22727273 -0.22727273 -0.22727273
0.18909091 0.18909091 0.076363636 0.076363636 0.076363636 0.076363637 0.34725179 0.46272727 0.46272727 0.46272727 0.46273079 0.46909091 0.46909091 0.46909091 0.79714614 0.79909091 0.43516863 0.43272727 0.43272727 0.43272727 0.51818182 0.51818182 0.51818182 0.51818182 0.55909091 0.55909091 0.55909091 0.55909091 0.55909091 0.51 0.51 0.51 0.51 0.50999912 0.092727273 0.13727273 0.13727273 0.13727273 0.13727273 0.13727202 -0.087272727 -0.087272727 -0.087272727 -0.12218034 -0.19454545 -0.19454545 -0.19454545 -0.3490909 -0.34909098 -0.42 -0.42 -0.090033395 -0.09
0.18909091 0.18909091 0.11705027 0.076363636 0.076363636 0.076363645 0.46635718 0.46273873 0.46272727 0.46272727 0.4690909 0.46909091 0.46909091 0.46909091 0.46909091 0.49613454 0.43272727 0.43272727 0.43272727 0.43272727 0.51818116 0.51818182 0.51818182 0.51818182 0.55909091 0.55909091 0.55909091 0.55909091 0.55909091 0.24128858 0.51 0.51 0.51 0.092727273 0.092727273 0.092761863 0.13727273 0.13727273 -0.076071492 -0.24181815 -0.087272727 -0.087272727 -0.087272727 -0.12211928 -0.19454545 -0.19454545 -0.19454545 -0.33727273 -0.41896923 -0.42 -0.42 -0.09 -0.09
