interpolatedSpi/02-12|22_1.tif
NCOLS 53
NROWS 52
XLLCORNER -116.03883
YLLCORNER 28.596182
DX 0.49850594
DY 0.49788537
NODATA_VALUE -9999
[rows 25 to 49 of 52, columns 0 to 52 of 53]
-0.24181818 -0.24181818 -0.27377169 -0.29181818 -0.29181818 -0.29181818 -0.14491004 -0.34935252 -0.35 -0.35 -0.10363636 -0.10363636 -0.10363636 -0.10363636 -0.10363636 -0.075898703 0.017272727 0.017272727 0.017272727 0.017272727 -0.39636044 -0.39636364 -0.39636364 -0.39636364 -0.43454545 -0.43454545 -0.43454545 -0.43454545 -0.43454545 -0.64326038 -0.55727273 -0.55727273 -0.55727273 -0.58272727 -0.58272727 -0.58278092 -0.65181818 -0.65181818 -0.62265602 -0.6 -0.43272727 -0.43272727 -0.43272727 -0.34580736 -0.16181818 -0.16181818 -0.16181818 -0.32636364 -0.12526456 -0.12272727 -0.12272727 0.16 0.16
-0.05 -0.05 -0.05 -0.23118772 -0.29149116 -0.14454545 -0.14454545 -0.14454545 -0.14454545 -0.067272728 -0.067272727 -0.10363636 -0.10363636 -0.10363636 -0.10363636 -0.1036287 0.017272727 0.017272727 0.017272727 0.017272727 -0.21586615 -0.39636364 -0.39636364 -0.38844114 -0.10881666 -0.43454545 -0.43454545 -0.43454545 -0.67363636 -0.67363636 -0.67363636 -0.67363588 -0.58272727 -0.58272727 -0.58272727 -0.58272727 -0.6 -0.6 -0.6 -0.6 -0.35272727 -0.35272727 -0.35272727 -0.19454863 -0.19454545 -0.19454545 -0.19454544 -0.32636364 -0.32636364 -0.12297539 -0.12272727 0.15999912 0.16
-0.05 -0.05 -0.05 -0.050000979 -0.068181818 -0.079286346 -0.14454545 -0.14454545 -0.14454545 -0.067272727 -0.067272727 -0.067272727 -0.029090912 -0.029090909 -0.029090909 -0.029090907 0.017422604 0.017272727 0.017272727 0.017272727 0.011017056 -0.093637195 -0.093636364 -0.093636364 -0.093636364 -0.093636376 -0.42272727 -0.42272727 -0.67363636 -0.67363636 -0.67363636 -0.67363636 -0.58272723 -0.58272727 -0.58272727 -0.58272209 -0.6 -0.6 -0.6 -0.59958923 -0.35272727 -0.35272727 -0.35272727 -0.19455279 -0.19454545 -0.19454545 -0.19454545 -0.32636364 -0.32636364 -0.32636359 -0.015454545 -0.015454545 0.088181818
-0.05 -0.05 -0.05 -0.068181776 -0.068181818 -0.068181818 -0.14454543 -0.14454545 -0.14454545 -0.067272727 -0.067272727 -0.067272727 -0.029090909 -0.029090909 -0.029090909 -0.019328639 0.099090909 0.099090909 0.099090698 0.017734857 -0.093636364 -0.093636364 -0.093636364 -0.093636364 -0.093636364 -0.093884022 -0.42272727 -0.42272727 -0.42272727 -0.67363636 -0.67363636 -0.67370073 -0.51909091 -0.51909091 -0.51909091 -0.47545455 -0.47545455 -0.50636364 -0.50636364 -0.50636364 -0.20454545 -0.35268079 -0.35272591 -0.17 -0.17 -0.17093024 -0.19454561 -0.32636364 -0.32636364 -0.015454545 -0.015454545 -0.015454545 0.088181818
-0.05 -0.05 -0.05 -0.068181818 -0.068181818 -0.068181818 -0.068181818 -0.14454545 -0.14454545 -0.067272727 -0.067272727 -0.030617631 -0.029090909 -0.029090909 -0.029090909 0.099090909 0.099090909 0.099090909 0.099090909 0.099090909 -0.093636364 -0.093636364 -0.093636364 -0.093636364 -0.093636364 -0.42272615 -0.42272727 -0.42272727 -0.42272727 -0.77363636 -0.77363636 -0.77363636 -0.51909091 -0.51909091 -0.51909091 -0.47545455 -0.47545455 -0.50636364 -0.50636364 -0.20454545 -0.20454545 -0.20454545 -0.17 -0.17 -0.17 -0.17 -0.15013528 0.071818182 0.071818182 0.071818182 -0.01545454 0.27727273 0.27727273
-0.05 -0.05 -0.050025319 -0.068181818 -0.068181818 -0.068181818 -0.068181818 -0.13049532 -0.13363636 -0.13352243 -0.067272726 -0.029091214 -0.029090909 -0.029090909 -0.029090466 0.099090909 0.099090909 0.099090909 0.099090909 0.099090909 0.22545751 -0.093636364 -0.093636364 -0.093636364 -0.093663701 -0.42271622 -0.42272727 -0.42272727 -0.42272727 -0.77363636 -0.77363636 -0.77363636 -0.7736006 -0.51909091 -0.47545455 -0.47545455 -0.47545455 -0.47545574 -0.50634305 -0.20454545 -0.20454545 -0.20454545 -0.1700021 -0.17 -0.17 -0.17 0.071818378 0.071818182 0.071818182 0.071818182 0.27727273 0.27727273 0.27727273
-0.36545455 -0.36545399 -0.06818275 -0.068181818 -0.068181818 -0.068181818 -0.13362244 -0.13363636 -0.13363636 -0.13363636 -0.032727275 -0.032727273 -0.032727273 -0.032727273 0.098482518 0.099090909 0.099090909 0.099090909 0.099090909 0.23909083 0.23909091 0.23909091 -0.22636361 -0.22636364 -0.22636364 -0.22636364 -0.24331234 -0.42272727 -0.89270802 -0.89272727 -0.89272727 -0.89272727 -0.89272727 -0.37454546 -0.37454545 -0.37454545 -0.37454545 -0.37454545 -0.086363636 -0.086363636 -0.086363636 -0.086363636 -0.086363637 0.093238951 0.093636364 0.093636364 0.093636364 0.071818182 0.071818182 0.071818182 0.27724036 0.27727273 0.27727273
-0.36545455 -0.36545455 -0.36258498 -0.022727364 -0.022727283 -0.022835421 -0.13363636 -0.13363636 -0.13363636 -0.13363636 -0.032727273 -0.032727273 -0.032727273 -0.032727273 -0.032727273 0.099090909 0.099090909 0.099090909 0.23909087 0.23909091 0.23909091 0.23909091 -0.22636363 -0.22636364 -0.22636364 -0.22636364 -0.22636364 -0.22640585 -0.89264442 -0.89272727 -0.89272727 -0.89272727 -0.89269399 -0.40701346 -0.37457907 -0.37454545 -0.37454545 -0.37454546 -0.086363636 -0.086363636 -0.086363636 -0.086363636 -0.086363637 0.093636364 0.093636364 0.093636364 0.093636364 0.083433755 0.071818182 0.13204771 0.13272727 0.0072727273 0.0072727273
-0.36545455 -0.36545455 -0.022770686 -0.022727273 -0.022727273 -0.022727273 -0.050897714 -0.13363636 -0.13363636 -0.13363636 -0.032727273 -0.032727273 -0.032727273 -0.032727273 -0.032727273 0.098991083 0.099090909 0.23904986 0.23909091 0.23909091 0.23909091 0.23909091 -0.053932984 -0.22636364 -0.22636364 -0.22636364 -0.22636364 -0.22668355 -0.67818182 -0.67818182 -0.67818182 -0.67818182 -0.67818182 -0.43181818 -0.43181818 -0.43181818 -0.43181818 -0.43181818 -0.24 -0.24 -0.24 -0.24 -0.24 0.093876091 0.093636414 0.093636364 0.093653006 0.095644537 0.13272727 0.13272727 0.13272727 0.00727343 0.0072727273
-0.36545406 -0.10695803 -0.022727284 -0.022727273 -0.022727273 -0.022727273 -0.022727273 -0.13358914 -0.13363636 -0.13363636 -0.032727273 -0.032727273 -0.032727273 -0.032727273 0.13971909 0.14363636 0.14363636 0.23908845 0.23909091 0.23909091 0.23909091 0.23909091 0.23909081 -0.22636364 -0.22636364 -0.22636364 -0.22636364 -0.47272746 -0.47272737 -0.51645299 -0.67818182 -0.67818182 -0.67818182 -0.43181818 -0.43181818 -0.43181818 -0.43181818 -0.43173444 -0.24 -0.24 -0.24 -0.24 -0.23999492 0.19181818 0.19181818 0.19181818 0.19181818 0.19181342 0.13272727 0.13272727 0.13272727 0.13272714 -0.080506102
-0.10181818 -0.10181818 -0.073329527 -0.022727273 -0.022727273 -0.022727273 -0.022727273 -0.022727273 -0.13358866 0.035454543 0.035454545 0.035454545 0.035292736 0.14363611 0.14363636 0.14363636 0.14363636 0.14363636 0.2390877 0.21167608 -0.028181818 -0.028181818 -0.028181818 -0.080472271 -0.26099756 -0.44631711 -0.60258393 -0.47272727 -0.47272727 -0.47272727 -0.47272727 -0.47272727 -0.47679409 -0.30681461 -0.30818182 -0.30818182 -0.30818182 -0.30818182 -0.22753335 -0.17363648 -0.17363636 -0.17363636 -0.17363636 0.13454562 0.19181817 0.19181818 0.19181818 0.11818182 0.13272704 0.13272727 0.13272727 -0.081818182 -0.081818182
-0.10181818 -0.10181818 -0.0081818189 -0.0081818182 -0.0081818182 -0.022722428 -0.022727273 -0.022727273 0.035454545 0.035454545 0.035454545 0.035454545 0.035454545 0.14363636 0.14363636 0.14363636 0.14363636 0.14363636 -0.028181818 -0.028181818 -0.028181818 -0.028181818 -0.028181818 -0.65909088 -0.65909091 -0.65909091 -0.65909091 -0.47272727 -0.47272727 -0.47272727 -0.47272727 -0.47272727 -0.18636364 -0.18636364 -0.30818182 -0.30818182 -0.30818182 -0.12366779 -0.12363636 -0.17363636 -0.17363636 -0.17363636 -0.17363632 0.13454545 0.13454545 0.13454545 0.11818182 0.11818182 0.11818182 0.12272727 0.12272727 -0.081818182 -0.081818182
-0.10181818 -0.10181818 -0.0081818182 -0.0081818182 -0.0081818182 -0.0081818182 -0.0081816685 0.019090909 0.035439139 0.035454545 0.035454545 0.035454545 0.035454545 0.14228689 0.14363636 0.14363636 0.14363636 0.14363636 -0.028181815 -0.028181818 -0.028181818 -0.028181818 -0.028181818 -0.65909091 -0.65909091 -0.65909091 -0.65909091 -0.65909014 -0.47272727 -0.47272727 -0.47272727 -0.18637865 -0.18636364 -0.18636364 -0.18636364 -0.30818182 -0.12363637 -0.12363636 -0.12363636 -0.12495196 0.057041409 0.1 0.1 0.13454545 0.13454545 0.13454545 0.11818182 0.11818182 0.11818182 0.12272727 0.12272727 0.12272727 -0.034062229
-0.032727273 -0.032727815 -0.0081818182 -0.0081818182 -0.0081818182 -0.0081818182 0.019090909 0.019090909 0.019090909 0.035454545 0.035454545 0.035454545 0.035454545 0.035488176 0.14363636 0.14363636 0.14363636 0.14363636 -0.028178799 -0.028181818 -0.028181818 -0.028181819 -0.54794444 -0.65909091 -0.65909091 -0.65909091 -0.65909091 -0.48272742 -0.48272727 -0.48272727 -0.4728239 -0.18636364 -0.18636364 -0.18636364 -0.18636351 -0.055454547 -0.12363636 -0.12363636 -0.12363636 -0.12363636 0.1 0.1 0.1 0.13454545 0.13454545 0.13454545 0.020918564 0.11818182 0.11818182 0.12272727 0.12272727 0.12272727 -0.029090506
-0.032727273 -0.032727273 -0.0081818182 -0.0081818182 -0.0081818182 0.019090909 0.019090909 0.019090909 0.019090909 0.033658613 0.035454545 0.035454545 0.035454545 0.035454824 0.08091631 0.080909091 0.080909091 0.080909091 -0.091258739 -0.052727273 -0.052727273 -0.052727273 -0.052727273 -0.65909091 -0.65909091 -0.65909091 -0.65907928 -0.48272727 -0.48272727 -0.48272727 -0.48272727 -0.18637431 -0.11273106 -0.055454545 -0.055454545 -0.055454545 -0.12359541 -0.1127275 -0.11272727 -0.11272727 0.099921671 3.0055697e-09 -4.9983587e-19 0.13454545 0.13454545 0.13454497 0.020909091 0.020909091 0.067272727 0.067272727 0.067272727 0.12818182 0.11545455
-0.032727273 -0.032727272 0.097272727 0.097272727 0.097272727 0.019090909 0.019090909 0.019090909 0.019090909 -0.038181818 -0.038181818 -0.038181818 -0.038181818 -0.029789203 0.080909091 0.080909091 0.080909091 0.080909091 -0.092727273 -0.052727273 -0.052727273 -0.052727273 -0.052727273 -0.28636364 -0.28636378 -0.65909036 -0.48272727 -0.48272727 -0.48272727 -0.48272727 -0.39205798 -0.30363636 -0.084984778 -0.055454545 -0.055454545 -0.055454545 -0.11272727 -0.11272727 -0.11272727 -0.11272727 -8.5662394e-19 -7.8851067e-19 -7.8851067e-19 0.11905336 0.11909091 0.021350411 0.020909091 0.020909091 0.067273318 0.067272727 0.12818182 0.12818182 0.11545455
-0.032727273 0.097272727 0.097272727 0.097272727 0.097272727 0.097272727 0.020205943 0.16272727 0.16272727 -0.038181818 -0.038181818 -0.038181818 -0.038181818 -0.038153614 0.080909091 0.080909091 0.080909091 0.073063649 -0.092727273 -0.092727273 -0.052727273 -0.052727273 -0.28636364 -0.28636364 -0.28636364 -0.28636364 -0.48272727 -0.48272727 -0.48272727 -0.48272727 -0.30363636 -0.30363636 -0.30363636 -0.055705685 -0.055454545 -0.055454545 -0.11272727 -0.11272727 -0.11272727 -0.11272727 -1.5722695e-13 -7.8851067e-19 -6.6469412e-19 0.11909091 0.11909091 0.1190974 0.23363636 0.23363636 0.19909091 0.19909091 0.12818182 0.12818182 0.11545455
0.096051866 0.097272727 0.097272727 0.097272727 0.097272727 0.097272727 0.16272727 0.16272727 0.16272727 0.055192331 -0.038181818 -0.038181818 -0.038181818 -0.038178738 0.080909091 0.080909091 0.080909091 -0.092727273 -0.092727273 -0.092727273 -0.052729271 -0.0527287 -0.28636364 -0.28636364 -0.28636364 -0.28636364 -0.48271332 -0.48272727 -0.48272727 -0.30367755 -0.30363636 -0.30363636 -0.30363636 -0.30363636 -0.056333226 -0.25 -0.25 -0.24762426 -0.11272727 -0.11272727 -9.9596901e-08 8.738287e-16 0.11562832 0.11909091 0.11909091 0.23363632 0.23363636 0.23363636 0.19909091 0.19909091 0.29818182 0.29818182 0.26
0.097272727 0.097272727 0.097272727 0.097272727 0.097272727 0.097272727 0.16272727 0.16272727 0.16272727 0.16272727 0.094541631 0.094545455 0.094545455 0.094545455 0.080908911 0.036621134 0.011818182 0.011818182 -0.092534544 -0.092727273 -0.092727265 -0.2863633 -0.28636364 -0.28636364 -0.28636364 -0.28636364 -0.2865064 -0.48272727 -0.48272115 -0.30363636 -0.30363636 -0.30363636 -0.30363636 -0.30363636 -0.25 -0.25 -0.25 -0.25 -0.25 -0.24999924 -0.13727273 -0.13727273 -0.13727265 0.087272727 0.087272727 0.087272727 0.10454545 0.10454545 0.084545455 0.084545455 0.29818182 0.29818174 0.26
0.097272727 0.097272727 0.097272727 0.097272727 0.097272727 0.097272727 0.16272727 0.16272727 0.16272727 0.094545455 0.094545455 0.094545455 0.094545455 0.094545455 0.072738744 0.011818182 0.011818182 0.011818182 0.011818182 0.011818182 0.0068264804 -0.28636363 -0.28636364 -0.28636364 -0.28636364 -0.2830808 -0.181982 -0.44175325 -0.30451955 -0.30363636 -0.30363636 -0.30363636 -0.30363636 -0.30363625 -0.25 -0.25 -0.25 -0.25 -0.25 -0.19755953 -0.13727273 -0.13727273 -0.13727273 0.087272727 0.087272727 0.087272727 0.10454545 0.10454545 0.084545455 0.084545455 0.25272727 0.25959882 0.26
0.097272727 0.097272727 0.097272727 0.097272727 0.097272727 0.097272747 0.16272726 0.16272727 0.15989735 0.094545455 0.094545455 0.094545455 0.094545455 0.094545455 0.090577345 0.011818182 0.011818182 0.011818182 0.011818182 0.011818182 0.011818182 -0.19719325 -0.18181833 -0.18181818 -0.18181818 -0.18181818 -0.18181818 -0.18181818 -0.50260667 -0.50727032 -0.50727272 -0.50727273 -0.50727273 -0.50727254 -0.25 -0.25 -0.25 -0.25 -0.25 -0.13727274 -0.13727273 -0.13727273 -0.13727273 -0.13727263 0.087202769 0.043636364 0.10454545 0.12241273 0.08457891 0.25272727 0.25272727 0.25212257 0.22363636
0.097272727 0.097272727 0.097272727 0.097272727 0.097272727 0.097276909 0.16272374 0.16272315 0.09454554 0.094545455 0.094545455 0.094545455 0.094545455 0.094545455 0.09297133 0.011818182 0.011818182 0.011818182 0.011818182 0.011818182 0.011818182 -0.18181818 -0.18181818 -0.18181818 -0.18181818 -0.18181818 -0.18181818 -0.18181818 -0.50718289 -0.50727273 -0.50727273 -0.50727273 -0.50727273 -0.50727273 -0.43678003 -0.25 -0.25 -0.25 -0.25 -0.13727273 -0.13727273 -0.13727273 -0.13727273 -0.13722638 0.043636364 0.043636364 0.044132067 0.12272727 0.12272727 0.25272727 0.25272727 0.22363636 0.22363636
0.097272727 0.097272727 0.097272727 0.097272727 0.097272728 0.09736002 0.16264766 0.10223933 0.094545455 0.094545455 0.094545455 0.094545455 0.094545455 0.094545455 0.093097172 0.011818182 0.011818182 0.011818182 0.011818182 0.011818182 -0.015752118 -0.18181818 -0.18181818 -0.18181818 -0.18181818 -0.18181818 -0.18181818 -0.18181818 -0.50727142 -0.50727273 -0.50727273 -0.50727273 -0.50727273 -0.50727273 -0.50727273 -0.30780561 -0.39764786 -0.4467759 -0.45424728 -0.14521991 -0.13727273 -0.13727273 -0.13727273 0.043621918 0.043636364 0.042209184 -0.19545302 0.12272727 0.12272727 0.18175613 0.18181818 0.18181818 0.22363635
0.097272727 0.097272727 0.097272727 0.097272727 0.097272794 0.097818563 0.1563739 0.094564203 0.094545455 0.094545455 0.094545455 0.094545455 0.094545455 0.094545455 0.092613645 0.011818182 0.011818182 0.011818182 0.011818182 0.011818181 -0.18181735 -0.18181818 -0.18181818 -0.18181818 -0.18181818 -0.18181818 -0.18181818 -0.18181818 -0.50727264 -0.50727273 -0.50727273 -0.50727273 -0.50727273 -0.50727273 -0.50727272 -0.45818182 -0.45818182 -0.45818182 -0.45818182 -0.26090909 -0.26090909 -0.26090909 -0.26090909 -0.19545385 -0.19545455 -0.19545455 -0.19545455 -0.19545345 -0.10272727 -0.10272727 0.18181818 0.18181818 0.10609428
0.097272727 0.097272727 0.097272727 0.097272732 0.097274555 0.099018758 0.099110278 0.094546345 0.094545455 0.094545455 0.094545455 0.094545455 0.094545455 0.094545455 0.09173718 0.011818216 0.011818182 0.011818182 0.011818182 0.010652769 -0.18181818 -0.18181818 -0.18181818 -0.18181818 -0.18181818 -0.18181818 -0.18181818 -0.18181818 -0.50727265 -0.50727273 -0.50727273 -0.50727273 -0.50727273 -0.50727273 -0.45818186 -0.45818182 -0.45818182 -0.45818182 -0.45818182 -0.26090909 -0.26090909 -0.26090909 -0.26090909 -0.24324319 -0.19545455 -0.19545455 -0.19545455 -0.10272831 -0.10272727 -0.10272727 0.071818182 0.071818182 0.071818182
