interpolatedSpi/02-12|21_2.tif
NCOLS 53
NROWS 52
XLLCORNER -116.03883
YLLCORNER 28.596182
DX 0.49850594
DY 0.49788537
NODATA_VALUE -9999
[rows 0 to 24 of 52, columns 0 to 52 of 53]
-0.61454545 -0.61454545 -0.54446309 -0.71545455 -0.70545455 -0.92454545 -0.92727273 -0.91454545 -0.96069869 -1.1609091 -1.1554545 -0.76636364 -1.0935819 -0.43272727 -0.49636364 -0.49636364 -0.49636364 -0.43363636 -0.52909091 -0.52909091 -0.52909091 -0.52908801 -0.22818182 -0.85090909 -0.85090909 -0.85090909 -0.55999842 -0.56 -0.56 -0.41090909 -0.41090909 -0.41090909 -0.41090909 -1.0572726 -1.0572727 -1.0572727 -1.0572727 -1.0572727 -1.0572727 -1.0572727 -0.25230667 -0.24369831 -0.48636364 -0.48636364 -0.48636364 -0.48636364 -0.485985 -0.25454545 -0.25454545 -0.25454545 0.44363491 0.44363636 0.44363636
-0.6145711 -1.1918182 -0.74636334 -0.78398078 -0.91552968 -0.56363636 -0.69090909 -1.0517208 -1.3263636 -1.2518182 -1.0118182 -1.0936364 -1.0936364 -0.90297219 -0.43273353 -0.49636364 -0.43363636 -0.43363636 -0.52896645 -0.52909091 -0.52909091 -0.52909091 -0.84966494 -0.85090909 -0.85090909 -0.85090909 -0.93727272 -0.93727273 -0.41090909 -0.41090909 -0.41090909 -0.41090909 -0.41090909 -1.0572726 -1.0572727 -1.0572727 -1.0572727 -1.0572727 -1.0572727 -0.9538547 -0.42731027 -0.47919358 -0.48636364 -0.48636364 -0.48636364 -0.48636364 -0.48636364 -0.25454545 -0.25454545 -0.25454545 -0.19665155 0.44363636 0.44363636
-0.97453639 -0.97454545 -0.48545455 -0.51545455 -0.72454545 -1.0090909 -0.63727273 -1.1190909 -1.3490909 -1.2618182 -0.99909091 -1.2981818 -0.82272727 -0.80909091 -0.90454545 -1.3990909 -0.43363636 -0.43363636 -0.43363636 -0.7299416 -0.73 -0.73 -0.82727273 -0.85090909 -0.85090909 -0.85090909 -0.93727273 -0.93727273 -0.93727273 -0.41090909 -0.41090909 -0.4109091 -0.48530728 -1.0559396 -1.053025 -0.60509097 -0.60090909 -0.60090909 -0.57907021 -0.42727273 -0.42727273 -0.42734829 -0.48636364 -0.48636364 -0.48636364 -0.48636364 -0.48636364 -0.25454545 -0.25454545 -0.25454545 -0.25454545 0.44363636 0.44363636
-0.35909091 -0.97454544 -0.88545176 -0.17909091 -0.79636364 -0.78727273 -0.79727273 -1.1054545 -1.0263636 -0.93662672 -1.0209091 -1.5454545 -1.4536364 -0.80909091 -1.0318182 -1.3990909 -1.4487084 -1.4483794 -1.4645455 -0.73 -0.73 -1.2209091 -0.82727273 -0.82727273 -0.85090909 -0.85090952 -0.93727273 -0.93727273 -0.93727273 -0.75636364 -0.65161607 -0.56545455 -0.56545455 -0.56545457 -0.60090909 -0.60090909 -0.60090909 -0.60090909 -0.42727273 -0.42727273 -0.42727273 -0.42727273 -0.48636364 -0.48636364 -0.48636364 -0.48636364 -0.48636364 -0.25454838 -0.25454545 -0.25454545 -0.25454545 0.44359595 0.44363636
-0.35909091 -0.21818304 -0.88545455 -1.0354987 -0.79636364 -0.83363636 -1.1827052 -1.13 -1.18 -0.98090911 -1.1518727 -1.2344984 -0.90636364 -1.0318182 -1.0318182 -1.2783453 -1.4490909 -1.4490909 -1.4645455 -1.4645455 -0.73000094 -1.2209091 -0.93727273 -0.60090909 -0.43272727 -0.43267361 -0.93727273 -0.93727273 -0.75636364 -0.75636364 -0.56545455 -0.56545455 -0.56545455 -0.52362557 -0.60090909 -0.60090909 -0.60090909 -0.42727273 -0.42727273 -0.42727273 -0.42727273 -0.42726606 -0.48636363 -0.48636364 -0.48636364 -0.48636364 -0.48636364 -0.48430017 -0.25454545 -0.25456963 -0.79363636 -0.79363636 -0.79363636
-1.2554545 -0.68181818 -0.42000001 -0.78090909 -0.93727273 -0.85545455 -1.0781818 -1.084816 -0.72636364 -0.60454545 -0.63545455 -0.28454545 -0.28454586 -1.1536364 -1.1536364 -1.527143 -1.5272727 -1.18 -1.18 -1.4645447 -0.80818182 -0.80818182 -0.60090909 -0.43272727 -0.43272727 -0.20272727 -0.40636364 -0.40636364 -0.33367478 -0.75636364 -0.56545455 -0.56545455 -0.34363636 -0.34363256 -0.30727539 -0.52454545 -0.52454545 -0.45736627 -0.42727273 -0.42727273 -0.35826799 -0.35818182 -0.35818094 -0.96503466 -0.97358251 -0.97363623 -0.97363635 -0.97363618 -0.62679065 -0.79363636 -0.79363636 -0.79363636 -0.79363636
0.25998771 -0.29818182 -0.2629518 -0.22454546 -0.48454545 -1.1309091 -0.67818181 -0.78 -0.91818182 -0.91818182 -0.63545455 -0.97636364 -0.95454546 -1.1536364 -0.99000049 -0.99 -1.5272727 -1.0618182 -0.66090909 -0.66090909 -0.80861024 -0.80909091 -0.80909091 -0.11636364 -0.20272727 -0.20272727 -0.40636364 -0.40636364 -0.33363774 -0.33366172 -0.24489334 -0.34363636 -0.34363636 -0.30727273 -0.30727273 -0.5398944 -0.52454545 -0.52454545 -0.48727402 -0.358182 -0.35818182 -0.35818182 -0.3581771 -0.97363332 -0.97363636 -0.97363636 -0.97363636 -0.97363615 -0.61090909 -0.79360015 -0.79363636 -0.79363636 -0.79363636
0.26 0.17090909 0.010909091 -0.89727273 -0.87272868 -0.87090909 -0.72272727 -1.1127273 -1.1672727 -1.0663636 -1.0663636 -0.98454545 -0.95454545 -0.95454545 -0.98975675 -1.3402275 -1.3745455 -0.68181818 -0.81181803 -0.66090909 -0.29010311 -0.29272727 -0.18818182 0.037272726 0.037271473 -0.06 -0.44 -0.43999999 -0.3571899 -0.35727272 -0.24454545 -0.59700052 -0.44636364 -0.30727273 -0.31751443 -0.55272727 -0.55272727 -0.48727273 -0.48727273 -0.35818182 -0.35818182 -0.35818181 -0.42671381 -0.42818185 -0.97363636 -0.97363636 -0.97363636 -0.6109229 -0.61090909 -0.61090909 -0.79363636 -0.79363636 -0.79363636
0.047329888 0.17090909 0.54454545 -0.28090909 -0.61 -0.70363636 -0.90818182 -0.87272727 -1.0527273 -0.86424202 -0.91545455 -0.88 -0.88 -0.82727273 -0.82727115 -0.91582751 -0.91454545 -0.91454545 -0.70166288 -0.39454543 -0.26181818 -0.26181818 -0.2 -0.19283917 -0.050197477 -0.06 -0.36909091 -0.44 -0.36679154 -0.36636364 -0.63909091 -0.25909091 -0.29801021 -0.67090909 -0.66636364 -0.76909091 -0.79090909 -0.85909091 -0.70007346 -0.35650587 0.017272727 -0.20181818 -0.42815799 -0.42818182 -0.43125193 -0.97363636 -1.1627273 -0.6109091 -0.61090909 -0.61090909 -0.61090909 -0.76126443 -0.29181818
-0.64363636 -0.64363636 0.69727273 0.26454545 -0.55636364 -0.76727273 -0.71818182 -0.57181818 -0.74 -0.81635668 -0.99636364 -0.19636364 -0.82727273 -0.82727273 -0.66 -0.66349121 -0.91454545 -0.91448232 -0.63090909 -0.39454545 -0.39454545 -0.37744573 -0.2 -0.39726899 -0.39727273 -0.39727273 -0.36909091 -0.11909091 -0.11909091 -0.36636364 -0.36636364 -0.25923747 -0.33636364 -0.67090909 -0.24 -0.76909091 -0.79090909 -0.53909091 -0.7 -0.61503606 -0.20181817 -0.23120533 -0.28181818 -0.42818182 -0.42818182 -1.1627273 -1.1627273 -1.1627273 -0.61090909 -0.61090909 -0.53363636 -0.53363636 -0.53363627
-0.64363636 -0.64363636 -0.021818182 -0.59545455 -0.90363636 -0.38818182 -0.86363636 -0.94363731 -0.92363636 -0.81090909 -1.0118182 -0.90818182 -0.19731221 -0.66 -0.66 -0.66000388 -0.69363636 -0.69034414 -0.63090909 -0.83090909 -0.83090909 -0.54818182 -0.54818182 -0.39727273 -0.39727273 -0.39727273 -0.11909091 -0.11909091 -0.11909091 -0.55909091 -0.55909091 -0.55909054 -0.36545455 -0.36545455 -0.65 -0.79727273 -0.25272727 -1.0672657 -0.81909091 -0.61363636 -0.61363636 -0.26636369 -0.28181818 -0.42818182 -0.44545476 -0.73818182 -0.57979414 -0.57727273 -0.42818182 -0.42818182 -0.53363636 -0.53363636 -0.53363636
-0.64363636 -0.37527919 -0.26660928 -0.56999524 -0.23636364 -0.96727273 -0.86363636 -0.94363636 -0.92363653 -0.81215797 -0.90818169 -0.90818182 -0.70363636 -0.66 -0.66 -0.69363636 -0.69363636 -0.69363279 -0.63090909 -0.83090909 -0.77538721 -0.54818182 -0.54818182 -0.39727912 -0.39727273 -0.40892733 -0.43272727 -0.43272727 -0.43272723 -0.55909091 -0.55909091 -0.5 -0.5 -0.36545533 -0.65 -0.52818191 -0.25039506 -1.0672727 -1.0672727 -0.61363635 -0.26636364 -0.26636364 -0.26636493 -0.44545455 -0.44545455 -0.73818182 -0.57727273 -0.57727273 -0.42818182 -0.42818182 -0.53363636 -0.53363636 -0.53363636
-1.0227273 -0.37632649 -0.39818849 -0.39942218 -0.23636746 -0.96725547 -0.86363637 -0.94265161 -0.92501457 -0.92069275 -0.70363636 -0.70363636 -0.70363636 -0.70363636 -0.66000618 -0.69363636 -0.69363636 -0.69282645 -0.63090909 -0.83092333 -0.88454545 -0.88454545 -0.88454545 -0.88454545 -0.40554395 -0.43272727 -0.43272727 -0.43272727 -0.43272727 -0.4328553 -0.5 -0.5 -0.5 -0.5 -0.52818182 -0.52818182 -0.52818182 -1.0403123 -1.0641661 -0.65363636 -0.65363636 -0.26638447 -0.543633 -0.445464 -0.44545455 -0.73818182 -0.57727273 -0.57727273 -0.42818182 -0.42818182 -0.53325379 -0.53363636 -0.25982545
-1.0227273 -0.39818182 -0.39818182 -0.39818182 -0.39818182 -0.39818205 -0.86390153 -0.9014868 -0.92869147 -0.70387051 -0.70363636 -0.70363636 -0.70363636 -0.70363636 -0.70363651 -0.69363636 -0.69363635 -0.6893337 -0.63091079 -0.88454545 -0.88454545 -0.88454545 -0.88454545 -0.88454545 -0.88155665 -0.57795014 -0.62909087 -0.62909091 -0.62909091 -0.62909091 -0.5 -0.5 -0.4999999 -0.41909091 -0.41909091 -0.52818182 -0.38235306 -0.37818182 -0.6536362 -0.65363636 -0.65363636 -0.65363636 -0.54363636 -0.54363636 -0.54363636 -0.54499022 -0.48879489 -0.48818182 -0.48818182 -0.48818182 -0.48818182 -0.20818189 -0.20818182
-0.80818182 -0.39818182 -0.39818182 -0.39818182 -0.39818182 -0.39818182 -0.39818185 -0.79609195 -0.90455088 -0.90454545 -0.90454545 -0.90454545 -0.90454545 -0.90454545 -0.90454545 -0.64444377 -0.69276518 -0.68504691 -0.88451359 -0.88454545 -0.88454545 -0.88454545 -0.88454545 -0.88454519 -0.74636364 -0.74636364 -0.74636347 -0.62909091 -0.62909091 -0.6289562 -0.56181818 -0.56181818 -0.41909091 -0.41909091 -0.41909091 -0.38473492 -0.37818182 -0.37818182 -0.37818182 -0.65363636 -0.65363636 -0.65363636 -0.54363636 -0.54363636 -0.54363636 -0.54363636 -0.48818182 -0.48818182 -0.48818182 -0.48818182 -0.48818182 -0.20818182 -0.20818182
-0.80818182 -0.65554348 -0.39818182 -0.39818182 -0.39818182 -0.39818182 -0.58087323 -0.58090909 -0.5809091 -0.90454545 -0.90454545 -0.90454545 -0.90454545 -0.90454545 -0.84598432 -0.63909091 -0.63909091 -0.63909091 -0.65887104 -0.65818205 -0.65818182 -0.65818182 -0.65818182 -0.65818182 -0.74636364 -0.74636364 -0.74636364 -0.74636364 -0.62909091 -0.56181818 -0.56181818 -0.56181818 -0.41909092 -0.41909091 -0.41909091 -0.18818182 -0.37793025 -0.37818182 -0.37818182 -0.6535359 -0.45319199 0.014361154 -0.54363636 -0.54363636 -0.39681813 -0.39636364 -0.39636364 -0.48779039 -0.25083234 -0.25000002 -0.25000005 0.0063310987 -0.20818138
-0.80818182 -0.67371106 -0.53573433 -0.39818182 -0.39818182 -0.58080113 -0.58090909 -0.58090909 -0.58090909 -0.58324131 -0.90454545 -0.90454545 -0.90454545 -0.90454542 -0.63909091 -0.63909091 -0.63909091 -0.63909091 -0.65816476 -0.65818182 -0.65818182 -0.65818182 -0.65818182 -0.65818182 -0.74636363 -0.74636364 -0.74636364 -0.74636364 -0.74569238 -0.56181818 -0.56181818 -0.56181818 -0.57545455 -0.4190712 -0.18818182 -0.18818182 -0.18818182 -0.18511804 -0.0086109547 0.016363636 0.016363636 0.016363636 -0.35909091 -0.35909091 -0.39636364 -0.39636364 -0.39636364 -0.25 -0.25 -0.25 -0.25 0.0063636364 0.0063636364
-0.66999162 -0.67 -0.67 -0.67 -0.44909091 -0.58090569 -0.58090909 -0.58090909 -0.58090909 -0.58090909 -0.870339 -0.90453957 -0.90454544 -0.63909091 -0.63909091 -0.63909091 -0.63909091 -0.63909091 -0.62727315 -0.65818182 -0.65818182 -0.65818182 -0.65818182 -0.65818182 -0.65506977 -0.58272816 -0.58272727 -0.58272727 -0.58272727 -0.56181818 -0.57545455 -0.57545455 -0.57545455 -0.57545455 -0.18818182 -0.18817444 0.091818182 0.091818182 0.017305799 0.016363636 0.016363636 0.016363636 -0.35909091 -0.35909091 -0.39059253 -0.39636364 -0.39636364 -0.25 -0.25 -0.25 -0.24725112 0.0063636364 0.0063636364
-0.67 -0.67 -0.67 -0.56597061 -0.44909091 -0.44909091 -0.58090909 -0.58090909 -0.58090909 -0.58090909 -0.45272727 -0.45272727 -0.45272727 -0.63909091 -0.63909091 -0.63909091 -0.63909091 -0.63900828 -0.42818182 -0.42818182 -0.65818172 -0.65818182 -0.65846954 -0.67 -0.66921432 -0.58272727 -0.58272727 -0.58272727 -0.58272727 -0.57545529 -0.57545455 -0.57545455 -0.57545455 -0.57545455 0.091817197 0.091818182 0.091818182 0.091818182 0.091549926 0.016363636 0.016363636 0.016363636 -0.35909091 -0.35909091 -0.35909091 -0.39636364 -0.39636364 -0.25 -0.25 -0.25 0.0063636361 0.0063636364 0.0063636364
-0.67 -0.67 -0.67 -0.44909091 -0.44909091 -0.44909091 -0.44909111 -0.58090909 -0.58090909 -0.45285959 -0.45272727 -0.45272727 -0.45272727 -0.45284338 -0.2343797 -0.13909091 -0.13909091 -0.13909091 -0.42818182 -0.42818182 -0.42818182 -0.67 -0.67 -0.67 -0.66982454 -0.29996099 -0.58272727 -0.58272727 -0.58272727 -0.28578152 -0.21912596 -0.21909091 -0.21909091 -0.21909091 0.070647223 0.041818295 0.041818182 0.041818182 0.041818182 -0.055444719 -0.055454545 -0.055454545 -0.35909091 -0.35909091 -0.39636348 -0.39636361 -0.33545455 -0.33545455 -0.17090909 -0.17090909 -0.17090909 0.0063636364 -0.13532774
-0.66999805 -0.67 -0.66999999 -0.44909091 -0.44909091 -0.44909091 -0.44909091 -0.15181831 -0.57919342 -0.45257889 -0.45272727 -0.45272727 -0.45272727 -0.45211183 -0.13909091 -0.13909091 -0.13909091 -0.13909099 -0.42818182 -0.42818182 -0.42818182 -0.67 -0.67 -0.67 -0.043636364 -0.043636364 -0.058181818 -0.058181818 -0.058181818 -0.059059628 -0.21909091 -0.21909091 -0.21909091 -0.21909091 -0.088708039 0.041818182 0.041818182 0.041818182 0.041818182 -0.055454545 -0.055454545 -0.055454545 -0.06618085 -0.39636364 -0.39636364 -0.39636364 -0.33545455 -0.33545455 -0.17090909 -0.17090909 -0.17090909 -0.13545455 -0.13545455
-0.041818182 -0.3310973 -0.28 -0.28004906 -0.44909091 -0.15353819 -0.15181818 -0.15181818 -0.14784314 -0.28909091 -0.28909091 -0.28909091 -0.28909091 0.26180025 0.26181818 -0.1390906 -0.13909091 -0.14670803 -0.42818182 -0.42818182 -0.42818182 0.20363636 0.20363636 0.20363636 -0.043636364 -0.043636364 -0.058181818 -0.058181818 -0.058181818 -0.058181763 0.01818031 0.018181152 -0.21312742 -0.21883654 -0.2100076 -0.21 -0.21 -0.21 -0.21 -0.055454545 -0.055454545 -0.055454545 -0.3775921 -0.39636364 -0.39636364 -0.39636361 -0.33545455 -0.33545455 -0.33544862 -0.17090909 -0.17092608 -0.55090909 -0.13545455
-0.13180109 -0.13181821 -0.28 -0.28 -0.28 -0.15181818 -0.15181818 -0.15181818 -0.14090909 -0.14090909 -0.28909091 -0.28909091 -0.28909091 0.26181818 0.26181818 0.26181818 0.26181818 0.26174008 -0.42818182 -0.42818182 -0.42818179 0.20363636 0.20363636 0.20363636 -0.043636364 -0.043636364 -0.058181818 -0.058181818 -0.058181818 0.017320813 0.018181818 0.018181818 0.018181818 0.018181818 -0.20988741 -0.21 -0.21 -0.21 -0.21 -0.025454553 -0.025454545 -0.025454545 -0.025454545 -0.3963626 -0.26181818 -0.26181818 -0.26181818 -0.37454545 -0.37454545 -0.37454545 -0.55090909 -0.55090909 -0.55090909
-0.13181818 -0.13181818 -0.28 -0.28 -0.28 -0.15249193 -0.15181818 -0.14090909 -0.14090909 -0.14090909 -0.28907267 -0.28909091 -0.040982129 0.26181813 0.26181818 0.26181818 0.26181818 0.13363636 0.13363636 0.13363636 -0.05545454 -0.055454353 0.2036351 0.20363636 0.20334974 -0.16272727 -0.16272727 -0.16272702 -0.058198713 0.04635802 0.046363486 0.046358716 0.018229984 0.018206139 -0.16934122 -0.20999991 -0.20925968 0.010909091 0.010909091 -0.025454545 -0.025454545 -0.025454545 -0.025454545 -0.26181818 -0.26181818 -0.26181818 -0.26181818 -0.37454545 -0.37454545 -0.37454545 -0.55090909 -0.55090909 -0.55090909
-0.13181818 -0.13181818 -0.28 -0.28 -0.28 -0.28 -0.14773523 -0.14090909 -0.14090909 -0.14090909 -0.14082322 0.014545455 0.014545455 0.014545455 0.26036095 0.26181818 0.13449054 0.13363636 0.13363636 0.13363636 -0.055454545 -0.055454545 -0.055454545 -0.055454545 -0.16272727 -0.16272727 -0.16272727 -0.16272727 -0.16272727 0.046363636 0.046363636 0.046363636 0.046363636 0.046363746 0.098181818 0.010909091 0.010909091 0.010909091 0.010909091 0.01090888 -0.05 -0.05 -0.05 -0.14939861 -0.35545455 -0.35545455 -0.35545455 -0.37454545 -0.37454546 -0.37545455 -0.37545455 -0.35368436 -0.35363636
