interpolatedSpi/02-11|23_1.tif
NCOLS 53
NROWS 52
XLLCORNER -116.03883
YLLCORNER 28.596182
DX 0.49850594
DY 0.49788537
NODATA_VALUE -9999
[rows 0 to 37 of 52, columns 0 to 52 of 53]
-0.309 -0.309 -0.45971026 -0.632 -0.284 -0.436 -0.47 -0.392 -0.73005615 -0.743 -0.49 -0.628 -0.90696945 -0.536 -0.323 -0.323 -0.323 -0.512 -0.31 -0.31 -0.31 -0.30999785 -0.087000004 -0.489 -0.489 -0.489 -0.5699992 -0.57 -0.57 -1.06 -1.06 -1.06 -1.06 -1.174 -1.174 -1.174 -1.174 -1.174 -1.174 -1.174 -0.021414571 -0.009219087 -0.869 -0.869 -0.869 -0.869 -0.8682552 -0.413 -0.413 -0.413 -0.33400016 -0.334 -0.334
-0.30901724 -0.697 -0.45100007 -0.45035847 -0.56507604 -0.679 -0.662 -0.66299713 -0.78 -0.661 -0.878 -0.907 -0.907 -0.67154651 -0.53599976 -0.323 -0.512 -0.512 -0.31026338 -0.31 -0.31 -0.31 -0.50368575 -0.489 -0.489 -0.489 -0.61399999 -0.614 -1.06 -1.06 -1.06 -1.06 -1.06 -1.174 -1.174 -1.174 -1.174 -1.174 -1.174 -1.035405 -0.31506047 -0.80177678 -0.869 -0.869 -0.869 -0.869 -0.869 -0.413 -0.413 -0.413 -0.40644924 -0.334 -0.334
0.090979872 0.091 -0.515 -0.422 -0.673 -0.361 -0.503 -0.426 -0.842 -0.922 -0.851 -0.975 -1.04 -0.881 -0.672 -1.071 -0.512 -0.512 -0.512 -0.39097645 -0.391 -0.391 -0.768 -0.489 -0.489 -0.489 -0.614 -0.614 -0.614 -1.06 -1.06 -1.06 -0.97045959 -1.1727976 -1.1695974 -0.70533432 -0.701 -0.701 -0.65245137 -0.315 -0.315 -0.31570843 -0.869 -0.869 -0.869 -0.869 -0.869 -0.413 -0.413 -0.413 -0.413 -0.334 -0.334
0.106 0.09099991 -0.35408502 -0.334 -0.729 -0.694 -0.733 -1.045 -0.585 -0.75296445 -0.955 -0.922 -1.073 -0.881 -1.008 -1.071 -0.66909863 -0.6658921 -0.594 -0.391 -0.391 -0.789 -0.768 -0.768 -0.489 -0.48900062 -0.614 -0.614 -0.614 -0.729 -0.80855827 -0.874 -0.874 -0.87399986 -0.701 -0.701 -0.701 -0.701 -0.315 -0.315 -0.315 -0.31500002 -0.869 -0.869 -0.869 -0.869 -0.869 -0.41300575 -0.413 -0.413 -0.413 -0.33401836 -0.334
0.106 -0.048000561 -0.354 -0.62773071 -0.729 -0.813 -0.93399036 -1.222 -1.25 -0.91000015 -0.9602273 -0.98092136 -0.432 -1.008 -1.008 -1.0437901 -0.666 -0.666 -0.594 -0.594 -0.39100079 -0.789 -0.581 -0.313 -0.447 -0.44699069 -0.614 -0.614 -0.729 -0.729 -0.874 -0.874 -0.874 -0.816108 -0.701 -0.701 -0.701 -0.315 -0.315 -0.315 -0.315 -0.31501979 -0.86899999 -0.869 -0.869 -0.869 -0.869 -0.86494104 -0.413 -0.41302166 -0.896 -0.896 -0.896
-1.029 -0.421 -0.40799998 -0.342 -0.433 -0.607 -0.982 -1.0127269 -1.071 -1.243 -1.095 -0.964 -0.96399965 -0.807 -0.807 -0.50893216 -0.509 -0.627 -0.627 -0.59399971 -0.758 -0.758 -0.313 -0.447 -0.447 -0.407 -0.691 -0.691 -0.49902123 -0.729 -0.874 -0.874 -0.567 -0.56698851 -0.45700787 -0.394 -0.394 -0.33944045 -0.315 -0.315 -0.51974432 -0.52 -0.51999944 -0.47213171 -0.46504465 -0.46500011 -0.46500001 -0.46500016 -0.80056513 -0.896 -0.896 -0.896 -0.896
-0.031003743 -0.245 -0.13343289 -0.453 -0.439 -0.865 -0.683 -0.962 -1.255 -1.255 -1.095 -1.086 -0.83499998 -0.807 -0.22800173 -0.228 -0.509 -0.111 -0.26 -0.26 -0.63924125 -0.506 -0.506 -0.45 -0.407 -0.407 -0.691 -0.691 -0.49901498 -0.49927574 -0.29741881 -0.567 -0.567 -0.457 -0.457 -0.49530305 -0.394 -0.394 -0.71098901 -0.52000027 -0.52 -0.52 -0.51999703 -0.46500047 -0.465 -0.465 -0.465 -0.4650002 -0.798 -0.89598058 -0.896 -0.896 -0.896
-0.031 -0.526 -0.15 -0.639 -0.50800751 -0.779 -0.988 -1.009 -0.918 -1.088 -1.088 -0.73 -0.835 -0.835 -0.23216458 -0.32362948 -0.333 -0.081 -0.3569999 -0.26 -0.10046852 -0.057 -0.579 0.026999997 0.026992958 -0.519 -0.293 -0.29300014 -0.75509944 -0.75599999 -0.296 -0.43362248 -0.375 -0.457 -0.45777007 -0.58 -0.58 -0.711 -0.711 -0.52 -0.52 -0.52 -0.5477988 -0.549 -0.465 -0.465 -0.465 -0.79798732 -0.798 -0.798 -0.896 -0.896 -0.896
-0.60792639 -0.52599999 0.01 -0.699 -0.481 -0.955 -0.753 -0.373 -0.98 -0.32211397 -0.393 -0.746 -0.746 -0.264 -0.26400028 -0.35793032 -0.358 -0.358 -0.12313183 -0.61899999 -0.569 -0.56899999 -0.831 -0.67830905 -0.46397762 -0.519 -0.325 -0.293 -0.36458161 -0.365 -0.45 -0.59 -0.47516648 -0.731 -0.484 -0.565 -0.566 -0.447 -0.30706465 -0.5189644 -0.288 -0.36 -0.54897004 -0.549 -0.5485272 -0.465 -0.81999998 -0.798 -0.798 -0.798 -0.798 -0.84208828 -0.099
-1.066 -1.066 -0.009 -0.1 -0.675 -0.586 -0.486 -0.744 -0.437 -0.1550573 -0.664 -0.094 -0.264 -0.264 -0.294 -0.29487779 -0.358 -0.3579331 -0.05 -0.619 -0.619 -0.61255831 -0.831 -0.55400525 -0.554 -0.554 -0.325 -0.23 -0.23 -0.365 -0.365 -0.58956757 -0.362 -0.731 -0.597 -0.565 -0.566 -0.677 -0.307 -0.11909554 -0.36 -0.3618367 -0.365 -0.549 -0.549 -0.82 -0.82 -0.82 -0.798 -0.798 -0.463 -0.463 -0.46299986
-1.066 -1.066 -0.368 -0.56 -0.657 -0.212 -0.667 -0.12875613 -0.254 -0.241 -0.091 0.048 -0.093811208 -0.294 -0.294 -0.29398812 -0.191 -0.18359966 -0.05 0.011 0.011 -0.165 -0.165 -0.554 -0.554 -0.554 -0.23 -0.23 -0.23 -0.487 -0.487 -0.48699979 -0.533 -0.533 -0.938 -0.679 -0.395 -0.41200398 -0.366 -0.116 -0.116 -0.40199988 -0.365 -0.549 -0.15400013 -0.223 -0.2464807 -0.244 -0.34 -0.34 -0.463 -0.463 -0.463
-1.066 -0.76462585 -0.44993325 -0.7399914 -0.281 -0.384 -0.667 -0.128 -0.25399895 -0.24114402 0.047999624 0.048 0.136 -0.294 -0.294 -0.191 -0.191 -0.19099198 -0.05 0.011 -0.023562819 -0.165 -0.165 -0.55398401 -0.554 -0.46195852 -0.274 -0.274 -0.27399999 -0.487 -0.487 -0.265 -0.265 -0.53300111 -0.938 -0.41900023 -0.47277164 -0.412 -0.412 -0.11600001 -0.402 -0.402 -0.4019982 -0.154 -0.154 -0.223 -0.244 -0.244 -0.34 -0.34 -0.463 -0.463 -0.463
-0.328 -0.32903857 -0.32300866 -0.32601482 -0.28100066 -0.38399757 -0.66699999 -0.13463478 -0.24531731 -0.25366054 0.136 0.136 0.136 0.136 -0.29393909 -0.191 -0.191 -0.18917947 -0.05 0.011047341 0.176 0.176 0.176 0.176 -0.54141665 -0.274 -0.274 -0.274 -0.274 -0.27403546 -0.265 -0.265 -0.265 -0.265 -0.419 -0.419 -0.419 -0.4128835 -0.41188734 -0.397 -0.397 -0.40199973 -0.3059948 -0.15401464 -0.154 -0.223 -0.244 -0.244 -0.34 -0.34 -0.46255377 -0.463 -0.64979069
-0.328 -0.323 -0.323 -0.323 -0.323 -0.32300003 -0.66627553 -0.41198159 -0.22215271 0.13558035 0.136 0.136 0.136 0.136 0.1360001 -0.191 -0.19099998 -0.18132836 -0.050001232 0.176 0.176 0.176 0.176 0.176 0.17751143 -0.035904898 0.046999934 0.047 0.047 0.047 -0.26499999 -0.265 -0.26499952 0.138 0.138 -0.419 -0.071927555 -0.062 -0.39699981 -0.397 -0.397 -0.397 -0.306 -0.306 -0.306 -0.3054224 -0.017479087 -0.016 -0.016 -0.016 -0.016000006 -0.29200004 -0.292
-0.4 -0.323 -0.323 -0.323 -0.323 -0.323 -0.32300002 -0.33334142 0.28531444 0.288 0.288 0.288 0.288 0.288 0.288 0.36828084 -0.18208466 -0.17169225 0.17597154 0.176 0.176 0.176 0.176 0.17600013 0.246 0.246 0.24599972 0.047 0.047 0.04776293 0.428 0.428 0.138 0.138 0.138 -0.029962022 -0.062 -0.062 -0.062 -0.397 -0.397 -0.397 -0.306 -0.306 -0.306 -0.306 -0.016000004 -0.016 -0.016 -0.016 -0.016 -0.292 -0.292
-0.4 -0.37133377 -0.323 -0.323 -0.323 -0.323 0.18390049 0.184 0.184 0.288 0.288 0.288 0.288 0.288 0.30608977 0.37 0.37 0.37 0.28367129 0.28399989 0.284 0.284 0.284 0.284 0.246 0.246 0.246 0.246 0.047 0.428 0.428 0.428 0.13800003 0.138 0.138 0.286 -0.061539237 -0.062 -0.062 -0.3969753 -0.347936 -0.23349016 -0.306 -0.306 -0.2770895 -0.277 -0.277 -0.016410051 -0.26412986 -0.26499998 -0.26499995 -0.11702653 -0.29199964
-0.4 -0.11097652 -0.21166987 -0.323 -0.323 0.18370044 0.184 0.184 0.184 0.18474945 0.288 0.288 0.288 0.28800001 0.37 0.37 0.37 0.37 0.28407682 0.284 0.284 0.284 0.284 0.284 0.246 0.246 0.246 0.246 0.246662 0.428 0.428 0.428 0.425 0.13802198 0.286 0.286 0.286 0.28576524 -0.22215882 -0.233 -0.233 -0.233 -0.472 -0.472 -0.277 -0.277 -0.277 -0.265 -0.265 -0.265 -0.265 -0.117 -0.117
-0.10311706 -0.103 -0.103 -0.103 0.324 0.18400361 0.184 0.184 0.184 0.184 0.28996837 0.28800034 0.288 0.37 0.37 0.37 0.37 0.37 0.37462119 0.284 0.284 0.284 0.284 0.284 0.29968412 0.35399941 0.354 0.354 0.354 0.428 0.425 0.425 0.425 0.425 0.286 0.2859995 0.267 0.267 -0.22675676 -0.233 -0.233 -0.233 -0.472 -0.472 -0.30719271 -0.277 -0.277 -0.265 -0.265 -0.265 -0.26341306 -0.117 -0.117
-0.103 -0.103 -0.103 0.09808067 0.324 0.324 0.184 0.184 0.184 0.184 0.314 0.314 0.314 0.37 0.37 0.37 0.37 0.37003917 0.55 0.55 0.28400011 0.284 0.28365916 0.27 0.27075622 0.354 0.354 0.354 0.354 0.42499277 0.425 0.425 0.425 0.425 0.26700007 0.267 0.267 0.267 0.26522828 -0.233 -0.233 -0.233 -0.472 -0.472 -0.472 -0.277 -0.277 -0.265 -0.265 -0.265 -0.117 -0.117 -0.117
-0.103 -0.103 -0.103 0.324 0.324 0.324 0.32399979 0.184 0.184 0.3138658 0.314 0.314 0.314 0.31403489 0.56183311 0.607 0.607 0.607 0.55 0.55 0.55 0.27 0.27 0.27 0.26999944 0.30889091 0.354 0.354 0.354 0.34530585 0.32900944 0.329 0.329 0.329 0.17199416 0.03800052 0.038 0.038 0.038 -0.23399986 -0.234 -0.234 -0.472 -0.472 -0.19100117 -0.19100001 -0.226 -0.226 -0.126 -0.126 -0.126 -0.117 -0.016090306
-0.1029993 -0.103 -0.10299998 0.324 0.324 0.324 0.324 0.25699998 0.18429188 0.31399547 0.314 0.314 0.314 0.31457495 0.607 0.607 0.607 0.60699998 0.55 0.55 0.55 0.27 0.27 0.27 0.268 0.268 0.449 0.449 0.449 0.44834536 0.329 0.329 0.329 0.329 0.18357988 0.038 0.038 0.038 0.038 -0.234 -0.234 -0.234 -0.23264706 -0.191 -0.191 -0.191 -0.226 -0.226 -0.126 -0.126 -0.126 -0.016000004 -0.016
0.124 0.023498787 0.115 0.11506063 0.324 0.25738766 0.257 0.257 0.32368129 0.309 0.309 0.309 0.309 0.71498678 0.715 0.60700008 0.607 0.60549813 0.55 0.55 0.55 0.353 0.353 0.353 0.268 0.268 0.449 0.449 0.449 0.44899996 0.39899956 0.3989998 0.33075934 0.32907504 -0.047569121 -0.048 -0.048 -0.048 -0.048 -0.234 -0.234 -0.234 -0.19336761 -0.191 -0.191 -0.19100003 -0.226 -0.226 -0.2259964 -0.126 -0.12601127 -0.378 -0.016
0.25797455 0.25799998 0.115 0.115 0.115 0.257 0.257 0.257 0.44 0.44 0.309 0.309 0.309 0.715 0.715 0.715 0.715 0.71498128 0.55 0.55 0.54999999 0.353 0.353 0.353 0.268 0.268 0.449 0.449 0.449 0.39956375 0.399 0.399 0.399 0.399 -0.047779432 -0.048 -0.048 -0.048 -0.048 -0.074000042 -0.074 -0.074 -0.074 -0.19100115 -0.341 -0.341 -0.341 -0.529 -0.529 -0.529 -0.378 -0.378 -0.378
0.258 0.258 0.115 0.115 0.115 0.25625362 0.257 0.44 0.44 0.44 0.30901613 0.309 0.35067336 0.71499992 0.715 0.715 0.715 0.258 0.258 0.258 0.275 0.27500006 0.35299962 0.353 0.35297021 0.343 0.343 0.34300025 0.44898287 0.28402292 0.28400061 0.28402008 0.39880345 0.39890076 0.031536821 -0.048000006 -0.048050268 -0.063 -0.063 -0.074 -0.074 -0.074 -0.074 -0.341 -0.341 -0.341 -0.341 -0.529 -0.529 -0.529 -0.378 -0.378 -0.378
0.258 0.258 0.115 0.115 0.115 0.115 0.32549155 0.44 0.44 0.44 0.43995581 0.36 0.36 0.36 0.7129079 0.715 0.26104534 0.258 0.258 0.258 0.275 0.275 0.275 0.275 0.343 0.343 0.343 0.343 0.343 0.284 0.284 0.284 0.284 0.28399911 -0.137 -0.063 -0.063 -0.063 -0.063 -0.063000752 -0.299 -0.299 -0.299 -0.33544593 -0.411 -0.411 -0.411 -0.529 -0.52900004 -0.568 -0.568 -0.19604428 -0.196
0.258 0.258 0.16661296 0.115 0.115 0.115 0.31821649 0.43961552 0.44 0.44 0.35999999 0.36 0.36 0.36 0.36 0.38908303 0.258 0.258 0.258 0.258 0.27499987 0.275 0.275 0.275 0.343 0.343 0.343 0.343 0.343 0.01797569 0.284 0.284 0.284 -0.137 -0.137 -0.13694254 -0.063 -0.063 -0.25884692 -0.41099997 -0.299 -0.299 -0.299 -0.33506734 -0.411 -0.411 -0.411 -0.458 -0.56662941 -0.568 -0.568 -0.196 -0.196
0.296 0.296 0.296 0.16038168 0.11517537 0.318 0.318 0.318 0.318 0.296 0.296 0.36 0.36 0.36 0.36 0.35999352 0.258 0.258 0.258 0.258 0.26758175 0.275 0.275 0.27547107 0.29522644 0.343 0.343 0.343 -0.076 -0.076 -0.076 -0.075998489 -0.137 -0.137 -0.137 -0.137 -0.411 -0.411 -0.411 -0.411 -0.32 -0.32 -0.32 -0.43499769 -0.435 -0.435 -0.43499999 -0.458 -0.458 -0.56786597 -0.568 -0.19600083 -0.196
0.296 0.296 0.296 0.29599661 0.233 0.2453604 0.318 0.318 0.318 0.296 0.296 0.296 -0.10799998 -0.108 -0.108 -0.10799999 0.25715919 0.258 0.258 0.258 0.25825876 0.29299995 0.293 0.293 0.293 0.29299999 -0.056999997 -0.057 -0.076 -0.076 -0.076 -0.076 -0.13699991 -0.137 -0.137 -0.13699014 -0.411 -0.411 -0.411 -0.41061396 -0.32 -0.32 -0.32 -0.43499467 -0.435 -0.435 -0.435 -0.458 -0.458 -0.45799999 -0.361 -0.361 -0.186
0.296 0.296 0.296 0.23300015 0.233 0.233 0.31799997 0.318 0.318 0.296 0.296 0.296 -0.108 -0.108 -0.108 -0.11508284 -0.201 -0.201 -0.20099881 0.25540745 0.293 0.293 0.293 0.293 0.293 0.29273661 -0.057 -0.057 -0.057 -0.076 -0.076 -0.075996782 -0.016 -0.016 -0.016 -0.333 -0.333 -0.323 -0.323 -0.323 -0.281 -0.31998777 -0.32000043 -0.377 -0.377 -0.37919813 -0.43499989 -0.458 -0.458 -0.361 -0.361 -0.361 -0.186
0.296 0.296 0.296 0.233 0.233 0.233 0.233 0.318 0.318 0.296 0.296 -0.091845827 -0.108 -0.108 -0.108 -0.201 -0.201 -0.201 -0.201 -0.201 0.293 0.293 0.293 0.293 0.293 -0.056998806 -0.057 -0.057 -0.057 -0.071 -0.071 -0.071 -0.016 -0.016 -0.016 -0.333 -0.333 -0.323 -0.323 -0.281 -0.281 -0.281 -0.377 -0.377 -0.377 -0.377 -0.40221923 -0.684 -0.684 -0.684 -0.361 -0.325 -0.325
0.296 0.296 0.29591227 0.233 0.233 0.233 0.233 0.17111923 0.168 0.16821976 0.29599998 -0.10800008 -0.108 -0.108 -0.10800032 -0.201 -0.201 -0.201 -0.201 -0.201 -0.27187647 0.293 0.293 0.293 0.29296911 -0.056988747 -0.057 -0.057 -0.057 -0.071 -0.071 -0.071 -0.070991979 -0.016 -0.333 -0.333 -0.333 -0.33299958 -0.32299714 -0.281 -0.281 -0.281 -0.37699417 -0.377 -0.377 -0.377 -0.68399813 -0.684 -0.684 -0.684 -0.325 -0.325 -0.325
0.3 0.29999999 0.2330355 0.233 0.233 0.233 0.16801383 0.168 0.168 0.168 -0.10899999 -0.109 -0.109 -0.109 -0.20057538 -0.201 -0.201 -0.201 -0.201 -0.29599994 -0.296 -0.296 0.14300002 0.143 0.143 0.143 0.12573743 -0.057 -0.060999836 -0.061 -0.061 -0.061 -0.061 -0.327 -0.327 -0.327 -0.327 -0.327 -0.259 -0.259 -0.259 -0.259 -0.259 -0.49981459 -0.5 -0.5 -0.5 -0.684 -0.684 -0.684 -0.32505656 -0.325 -0.325
0.3 0.3 0.29974881 0.26999993 0.26999999 0.26990054 0.168 0.168 0.168 0.168 -0.109 -0.109 -0.109 -0.109 -0.109 -0.201 -0.201 -0.201 -0.29599998 -0.296 -0.296 -0.296 0.143 0.143 0.143 0.143 0.143 0.14295748 -0.060885697 -0.060999999 -0.061 -0.061 -0.060954082 -0.1869753 -0.32685501 -0.327 -0.327 -0.327 -0.259 -0.259 -0.259 -0.259 -0.259 -0.5 -0.5 -0.5 -0.5 -0.586042 -0.684 -0.28351856 -0.279 -0.238 -0.238
0.3 0.3 0.2700038 0.27 0.27 0.27 0.24409243 0.168 0.168 0.168 -0.109 -0.109 -0.109 -0.109 -0.109 -0.20093163 -0.201 -0.29597215 -0.296 -0.296 -0.296 -0.296 -0.019630395 0.143 0.143 0.143 0.143 0.14306522 0.235 0.235 0.235 0.235 0.235 -0.08 -0.08 -0.08 -0.08 -0.08 -0.432 -0.432 -0.432 -0.432 -0.432 -0.49909414 -0.49999981 -0.5 -0.49993711 -0.49240115 -0.279 -0.279 -0.279 -0.23800023 -0.238
0.29999992 0.25685782 0.27 0.27 0.27 0.27 0.27 0.16804343 0.168 0.168 -0.109 -0.109 -0.109 -0.109 -0.36909178 -0.375 -0.375 -0.29600203 -0.296 -0.296 -0.296 -0.296 -0.29599994 0.143 0.143 0.143 0.143 0.40199983 0.40199992 0.36645834 0.235 0.235 0.235 -0.079999999 -0.08 -0.08 -0.08 -0.079863189 -0.432 -0.432 -0.432 -0.432 -0.43196836 -0.129 -0.129 -0.129 -0.129 -0.1290121 -0.279 -0.279 -0.279 -0.27899993 -0.15819292
0.256 0.256 0.21888217 0.27 0.27 0.27 0.27 0.27 0.1680425 -0.23999999 -0.24 -0.24 -0.23968911 -0.37499962 -0.375 -0.375 -0.375 -0.375 -0.29599862 -0.28420416 -0.181 -0.181 -0.181 -0.099681329 0.12243065 0.012367969 -0.080208502 0.402 0.402 0.402 0.402 0.402 0.39341248 0.12267339 0.122 0.122 0.122 0.122 -0.35441633 -0.019000742 -0.019 -0.019 -0.019 0.062999437 -0.12899995 -0.129 -0.129 0.262 -0.27899133 -0.279 -0.279 -0.157 -0.157
0.256 0.256 -0.011999998 -0.012 -0.012 0.26990606 0.27 0.27 -0.24 -0.24 -0.24 -0.24 -0.24 -0.37499999 -0.375 -0.375 -0.375 -0.375 -0.181 -0.181 -0.181 -0.181 -0.181 -0.114 -0.114 -0.114 -0.114 0.402 0.402 0.402 0.402 0.402 0.182 0.182 0.122 0.122 0.122 0.22698212 0.227 -0.019 -0.019 -0.019 -0.018999971 0.063 0.063 0.063 0.262 0.262 0.262 0.115 0.115 -0.157 -0.157
0.256 0.256 -0.012 -0.012 -0.012 -0.012 -0.012001537 -0.292 -0.24004896 -0.24 -0.24 -0.24 -0.24 -0.373316 -0.375 -0.375 -0.375 -0.375 -0.181 -0.181 -0.181 -0.181 -0.181 -0.114 -0.114 -0.114 -0.114 -0.11399792 0.402 0.402 0.402 0.18201153 0.182 0.182 0.182 0.122 0.227 0.227 0.227 0.22052728 0.14117161 0.171 0.171 0.063 0.063 0.063 0.262 0.262 0.262 0.115 0.115 0.115 -0.014802533
