interpolatedSpi/02-11|21_3.tif
NCOLS 53
NROWS 52
XLLCORNER -116.03883
YLLCORNER 28.596182
DX 0.49850594
DY 0.49788537
NODATA_VALUE -9999
[rows 0 to 39 of 52, columns 0 to 52 of 53]
-0.976 -0.976 -0.99829743 -1.169 -1.178 -1.466 -1.332 -1.263 -1.3606138 -1.494 -1.584 -1.199 -1.6859387 -0.942 -1.197 -1.197 -1.197 -0.687 -0.884 -0.884 -0.884 -0.8839957 -0.43800001 -1.233 -1.233 -1.233 -0.90899783 -0.909 -0.909 -0.601 -0.601 -0.601 -0.601 -1.1879999 -1.188 -1.188 -1.188 -1.188 -1.188 -1.188 -0.30649489 -0.29706258 -0.542 -0.542 -0.542 -0.542 -0.54148713 -0.228 -0.228 -0.228 0.57899832 0.579 0.579
-0.9760291 -1.631 -1.1659996 -1.2198888 -1.4110545 -0.896 -1.149 -1.5398756 -1.881 -1.692 -1.499 -1.686 -1.686 -1.2948196 -0.94200653 -1.197 -0.687 -0.687 -0.88374314 -0.884 -0.884 -0.884 -1.2335264 -1.233 -1.233 -1.233 -1.421 -1.421 -0.601 -0.601 -0.601 -0.601 -0.601 -1.1879999 -1.188 -1.188 -1.188 -1.188 -1.188 -1.109015 -0.71402372 -0.56287092 -0.542 -0.542 -0.542 -0.542 -0.542 -0.228 -0.228 -0.228 -0.16108279 0.579 0.579
-1.491983 -1.492 -0.811 -0.849 -1.061 -1.421 -0.863 -1.391 -1.746 -1.738 -1.476 -1.812 -1.233 -1.456 -1.296 -1.804 -0.687 -0.687 -0.687 -1.1849125 -1.185 -1.185 -1.243 -1.233 -1.233 -1.233 -1.421 -1.421 -1.421 -0.601 -0.601 -0.60100002 -0.76804582 -1.1869621 -1.1841279 -0.775812 -0.772 -0.772 -0.76470513 -0.714 -0.714 -0.71378006 -0.542 -0.542 -0.542 -0.542 -0.542 -0.228 -0.228 -0.228 -0.228 0.579 0.579
-0.461 -1.4919999 -1.0739953 -0.458 -1.03 -1.143 -1.036 -1.371 -1.207 -1.3247174 -1.408 -1.903 -1.859 -1.456 -1.451 -1.804 -1.9647605 -1.9651039 -1.827 -1.185 -1.185 -1.622 -1.243 -1.243 -1.233 -1.2330009 -1.421 -1.421 -1.421 -1.032 -0.98591107 -0.948 -0.948 -0.94799986 -0.772 -0.772 -0.772 -0.772 -0.714 -0.714 -0.714 -0.71399999 -0.542 -0.542 -0.542 -0.542 -0.542 -0.22800396 -0.228 -0.228 -0.228 0.57895473 0.579
-0.461 -0.19400161 -1.074 -1.2628945 -1.03 -0.907 -1.4639704 -1.283 -1.411 -1.1540001 -1.603712 -1.8189387 -1.391 -1.451 -1.451 -1.6897369 -1.966 -1.966 -1.827 -1.827 -1.1850008 -1.622 -1.349 -0.978 -0.793 -0.79289562 -1.421 -1.421 -1.032 -1.032 -0.948 -0.948 -0.948 -0.86691351 -0.772 -0.772 -0.772 -0.714 -0.714 -0.714 -0.714 -0.7139917 -0.542 -0.542 -0.542 -0.542 -0.542 -0.53920501 -0.228 -0.22802596 -0.807 -0.807 -0.807
-1.497 -0.793 -0.54600001 -0.952 -1.214 -0.992 -1.347 -1.3388062 -1.147 -0.885 -0.808 -0.472 -0.47200061 -1.319 -1.319 -1.7109104 -1.711 -1.513 -1.513 -1.8269992 -1.141 -1.141 -0.978 -0.793 -0.793 -0.346 -0.659 -0.659 -0.49004925 -1.032 -0.948 -0.948 -0.518 -0.51799666 -0.48600237 -0.753 -0.753 -0.72606554 -0.714 -0.714 -0.62810726 -0.628 -0.62799916 -1.3514541 -1.3659089 -1.3659998 -1.366 -1.3659997 -0.81563379 -0.807 -0.807 -0.807 -0.807
-0.015007567 -0.555 -0.35039066 -0.365 -0.631 -1.373 -0.767 -0.877 -1.071 -1.071 -0.808 -1.138 -1.143 -1.319 -1.3399999 -1.34 -1.711 -1.188 -0.956 -0.956 -1.1334598 -1.125 -1.125 -0.18600001 -0.346 -0.346 -0.659 -0.659 -0.49000146 -0.49002682 -0.44621289 -0.518 -0.518 -0.486 -0.486 -0.80691936 -0.753 -0.753 -0.80099834 -0.62800024 -0.628 -0.628 -0.6279955 -1.3659963 -1.366 -1.366 -1.366 -1.3659997 -0.837 -0.80700595 -0.807 -0.807 -0.807
-0.015 0.201 0.049 -1.035 -1.1289946 -1.094 -0.746 -1.306 -1.239 -1.142 -1.142 -1.21 -1.143 -1.143 -1.3386484 -1.6032088 -1.629 -0.826 -0.93800002 -0.956 -0.33857484 -0.33 -0.374 -1.6106184e-09 -2.1152622e-06 -0.164 -0.666 -0.666 -0.5149124 -0.515 -0.446 -0.77676986 -0.597 -0.486 -0.50085954 -0.852 -0.852 -0.801 -0.801 -0.628 -0.628 -0.62799999 -0.70145386 -0.70300003 -1.366 -1.366 -1.366 -0.83702014 -0.837 -0.837 -0.807 -0.807 -0.807
0.057932246 0.201 0.526 -0.33 -0.737 -0.92 -1.069 -1.088 -1.332 -1.1828792 -1.24 -1.225 -1.225 -1.148 -1.1479989 -1.1722765 -1.171 -1.171 -0.84309698 -0.51799998 -0.431 -0.431 -0.406 -0.38661067 -0.14747313 -0.164 -0.524 -0.666 -0.57652299 -0.576 -0.827 -0.475 -0.47751874 -0.982 -1.007 -1.125 -1.154 -1.124 -0.95707711 -0.62639751 -0.269 -0.465 -0.70296695 -0.703 -0.70673172 -1.366 -1.414 -0.83700001 -0.837 -0.837 -0.837 -0.78321908 -0.413
-0.742 -0.742 0.578 -0.017 -0.728 -1.044 -1.075 -0.908 -1.063 -1.144996 -1.396 -0.329 -1.148 -1.148 -1.031 -1.0329202 -1.171 -1.1709474 -0.916 -0.518 -0.518 -0.50679149 -0.406 -0.58499661 -0.585 -0.585 -0.524 -0.322 -0.322 -0.576 -0.576 -0.47500948 -0.48 -0.982 -0.439 -1.125 -1.154 -0.854 -0.957 -0.87436139 -0.46499999 -0.47785688 -0.5 -0.703 -0.703 -1.414 -1.414 -1.414 -0.837 -0.837 -0.616 -0.616 -0.61599992
-0.742 -0.742 -0.187 -0.798 -1.09 -0.517 -0.952 -1.1649948 -1.202 -1.068 -1.274 -1.077 -0.32999702 -1.031 -1.031 -1.0310142 -1.154 -1.1415086 -0.916 -1.169 -1.169 -0.723 -0.723 -0.585 -0.585 -0.585 -0.322 -0.322 -0.322 -0.813 -0.813 -0.81299945 -0.71 -0.71 -0.961 -1.189 -0.681 -1.4859911 -1.144 -0.873 -0.873 -0.43400022 -0.5 -0.703 -0.73900021 -1.036 -0.86039456 -0.858 -0.634 -0.634 -0.616 -0.616 -0.616
-0.742 -0.50250999 -0.44773549 -0.84199525 -0.406 -1.144 -0.952 -1.165 -1.2019997 -1.0694846 -1.077 -1.077 -0.97 -1.031 -1.031 -1.154 -1.154 -1.1539865 -0.916 -1.169 -1.0814147 -0.723 -0.723 -0.58500621 -0.585 -0.63628025 -0.741 -0.741 -0.74099995 -0.813 -0.813 -0.874 -0.874 -0.71000069 -0.961 -0.9700001 -0.64203423 -1.486 -1.486 -0.87299999 -0.434 -0.434 -0.43400222 -0.739 -0.739 -1.036 -0.858 -0.858 -0.634 -0.634 -0.616 -0.616 -0.616
-1.217 -0.67144744 -0.7040028 -0.70499378 -0.40600387 -1.1439826 -0.95200001 -1.1623781 -1.1994503 -1.1985009 -0.97 -0.97 -0.97 -0.97 -1.0309914 -1.154 -1.154 -1.150927 -0.916 -1.1690684 -1.411 -1.411 -1.411 -1.411 -0.59910209 -0.741 -0.741 -0.741 -0.741 -0.74111585 -0.874 -0.874 -0.874 -0.874 -0.97 -0.97 -0.97 -1.4598975 -1.4832662 -1.122 -1.122 -0.43403701 -0.93299336 -0.73901869 -0.739 -1.036 -0.858 -0.858 -0.634 -0.634 -0.6160653 -0.616 -0.34519538
-1.217 -0.704 -0.704 -0.704 -0.704 -0.70400018 -0.95249136 -1.0527885 -1.192648 -0.97024654 -0.97 -0.97 -0.97 -0.97 -0.97000016 -1.154 -1.154 -1.1376748 -0.91600492 -1.411 -1.411 -1.411 -1.411 -1.411 -1.4008591 -0.91694073 -1.0079999 -1.008 -1.008 -1.008 -0.874 -0.874 -0.8739999 -0.792 -0.792 -0.97 -0.80083864 -0.796 -1.1219998 -1.122 -1.122 -1.122 -0.933 -0.933 -0.933 -0.93371679 -0.92360755 -0.924 -0.924 -0.924 -0.92399999 -0.40300004 -0.403
-1.013 -0.704 -0.704 -0.704 -0.704 -0.704 -0.70400002 -0.98175727 -1.1908801 -1.191 -1.191 -1.191 -1.191 -1.191 -1.191 -0.90687112 -1.1499638 -1.1214098 -1.4109378 -1.411 -1.411 -1.411 -1.411 -1.4109994 -0.942 -0.942 -0.94200009 -1.008 -1.008 -1.0078318 -0.924 -0.924 -0.792 -0.792 -0.792 -0.79535911 -0.796 -0.796 -0.796 -1.122 -1.122 -1.122 -0.933 -0.933 -0.933 -0.933 -0.924 -0.924 -0.924 -0.924 -0.924 -0.403 -0.403
-1.013 -0.89796281 -0.704 -0.704 -0.704 -0.704 -0.93095545 -0.931 -0.93100001 -1.191 -1.191 -1.191 -1.191 -1.191 -1.127024 -0.901 -0.901 -0.901 -0.88261381 -0.88100054 -0.881 -0.881 -0.881 -0.881 -0.942 -0.942 -0.942 -0.942 -1.008 -0.924 -0.924 -0.924 -0.79200001 -0.792 -0.792 -0.499 -0.79560676 -0.796 -0.796 -1.1218606 -0.84377124 -0.19477957 -0.933 -0.933 -0.70370979 -0.703 -0.703 -0.92318145 -0.42774028 -0.42600004 -0.42600009 -0.099046095 -0.40299938
-1.013 -0.94001422 -0.82241477 -0.704 -0.704 -0.93086588 -0.931 -0.931 -0.931 -0.93287363 -1.191 -1.191 -1.191 -1.191 -0.901 -0.901 -0.901 -0.901 -0.88101787 -0.881 -0.881 -0.881 -0.881 -0.881 -0.942 -0.942 -0.942 -0.942 -0.94193453 -0.924 -0.924 -0.924 -0.762 -0.79196947 -0.499 -0.499 -0.499 -0.4941524 -0.23023234 -0.192 -0.192 -0.192 -0.654 -0.654 -0.703 -0.703 -0.703 -0.426 -0.426 -0.426 -0.426 -0.099 -0.099
-0.93798723 -0.938 -0.938 -0.938 -0.801 -0.93099665 -0.931 -0.931 -0.931 -0.931 -1.1589753 -1.1909945 -1.191 -0.901 -0.901 -0.901 -0.901 -0.901 -0.88245053 -0.881 -0.881 -0.881 -0.881 -0.881 -0.86438189 -0.79100082 -0.791 -0.791 -0.791 -0.92399999 -0.762 -0.762 -0.762 -0.762 -0.499 -0.49898833 -0.056 -0.056 -0.19030184 -0.192 -0.192 -0.192 -0.654 -0.654 -0.69541311 -0.703 -0.703 -0.426 -0.426 -0.426 -0.42249371 -0.099 -0.099
-0.938 -0.938 -0.938 -0.87348466 -0.801 -0.801 -0.931 -0.931 -0.931 -0.931 -0.768 -0.768 -0.768 -0.901 -0.901 -0.901 -0.901 -0.90090316 -0.632 -0.632 -0.8809999 -0.881 -0.88272855 -0.952 -0.95055058 -0.791 -0.791 -0.791 -0.791 -0.76200295 -0.762 -0.762 -0.762 -0.762 -0.056001557 -0.056 -0.056 -0.056 -0.056478614 -0.192 -0.192 -0.192 -0.654 -0.654 -0.654 -0.703 -0.703 -0.426 -0.426 -0.426 -0.099 -0.099 -0.099
-0.938 -0.938 -0.938 -0.801 -0.801 -0.801 -0.8010002 -0.931 -0.931 -0.76816826 -0.768 -0.768 -0.768 -0.76808286 -0.42667847 -0.315 -0.315 -0.315 -0.632 -0.632 -0.632 -0.952 -0.952 -0.952 -0.95176385 -0.43327442 -0.791 -0.791 -0.791 -0.42188589 -0.34304121 -0.343 -0.343 -0.343 -0.058454151 -0.060999989 -0.061 -0.061 -0.061 -0.16100424 -0.161 -0.161 -0.654 -0.654 -0.60300021 -0.60299997 -0.507 -0.507 -0.286 -0.286 -0.286 -0.099 -0.061033977
-0.93799762 -0.938 -0.938 -0.801 -0.801 -0.801 -0.801 -0.42200015 -0.92896482 -0.76773341 -0.768 -0.768 -0.768 -0.76711109 -0.315 -0.315 -0.315 -0.31500009 -0.632 -0.632 -0.632 -0.952 -0.952 -0.952 -0.109 -0.109 -0.185 -0.185 -0.185 -0.18586194 -0.343 -0.343 -0.343 -0.343 -0.20207747 -0.061 -0.061 -0.061 -0.061 -0.161 -0.161 -0.161 -0.17490701 -0.603 -0.603 -0.603 -0.507 -0.507 -0.286 -0.286 -0.286 -0.061000008 -0.061
-0.171 -0.52867136 -0.591 -0.59106092 -0.801 -0.42419288 -0.422 -0.422 -0.40450983 -0.474 -0.474 -0.474 -0.474 0.20197799 0.202 -0.3149996 -0.315 -0.32335248 -0.632 -0.632 -0.632 0.161 0.161 0.161 -0.109 -0.109 -0.185 -0.185 -0.185 -0.18499988 -0.021002047 -0.021000904 -0.33490701 -0.34265479 -0.34998865 -0.35 -0.35 -0.35 -0.35 -0.161 -0.161 -0.161 -0.57866206 -0.603 -0.603 -0.60299997 -0.507 -0.507 -0.50699204 -0.286 -0.28601681 -0.662 -0.061
-0.40495556 -0.40500003 -0.591 -0.591 -0.591 -0.422 -0.422 -0.422 -0.374 -0.374 -0.474 -0.474 -0.474 0.202 0.202 0.202 0.202 0.20190548 -0.632 -0.632 -0.63199997 0.161 0.161 0.161 -0.109 -0.109 -0.185 -0.185 -0.185 -0.022849112 -0.021 -0.021 -0.021 -0.021 -0.34983766 -0.35 -0.35 -0.35 -0.35 -0.099000016 -0.099 -0.099 -0.099 -0.60299854 -0.413 -0.413 -0.413 -0.531 -0.531 -0.531 -0.662 -0.662 -0.662
-0.405 -0.405 -0.591 -0.591 -0.591 -0.42288829 -0.422 -0.374 -0.374 -0.374 -0.47398769 -0.474 -0.19209197 0.20199992 0.202 0.202 0.202 0.072 0.072 0.072 -0.061999995 -0.061999834 0.16099891 0.161 0.16074693 -0.138 -0.138 -0.13800011 -0.1849924 0.16096373 0.16099903 0.16096823 -0.020688943 -0.020842936 -0.29128491 -0.34999983 -0.34855562 0.081 0.081 -0.099 -0.099 -0.099 -0.099 -0.413 -0.413 -0.413 -0.413 -0.531 -0.531 -0.531 -0.662 -0.662 -0.662
-0.405 -0.405 -0.591 -0.591 -0.591 -0.591 -0.404035 -0.374 -0.374 -0.374 -0.37386467 -0.129 -0.129 -0.129 0.20004934 0.202 0.072866288 0.072 0.072 0.072 -0.062 -0.062 -0.062 -0.062 -0.138 -0.138 -0.138 -0.138 -0.138 0.161 0.161 0.161 0.161 0.16100017 0.241 0.081 0.081 0.081 0.081 0.080999382 -0.086 -0.086 -0.086 -0.23926911 -0.557 -0.557 -0.557 -0.531 -0.53099994 -0.469 -0.469 -0.40906155 -0.409
-0.405 -0.405 -0.52386706 -0.591 -0.591 -0.59099999 -0.34006033 -0.37389285 -0.374 -0.374 -0.12899999 -0.129 -0.129 -0.129 -0.129 -0.1018391 0.072 0.072 0.072 0.072 -0.061998963 -0.062 -0.062 -0.062 -0.138 -0.138 -0.138 -0.138 -0.138 0.13365861 0.161 0.161 0.161 0.241 0.241 0.24087576 0.081 0.081 0.31905531 0.50399996 -0.086 -0.086 -0.086 -0.23491647 -0.557 -0.557 -0.557 0.272 -0.45976721 -0.469 -0.469 -0.409 -0.409
-0.208 -0.208 -0.208 -0.49497137 -0.59041681 -0.34 -0.34 -0.34 -0.34 -0.091000002 -0.091 -0.129 -0.129 -0.129 -0.129 -0.12898725 0.072 0.072 0.072 0.072 -0.0035267468 -0.062 -0.062 -0.061084035 -0.031942704 -0.138 -0.138 -0.138 0.124 0.124 0.124 0.12400016 0.241 0.241 0.241 0.241 0.504 0.504 0.504 0.504 0.082 0.082 0.082 0.1219992 0.122 0.122 0.12199979 0.272 0.272 -0.46809713 -0.469 -0.40899537 -0.409
-0.208 -0.208 -0.208 -0.20799914 -0.192 -0.21352163 -0.34 -0.34 -0.34 -0.091 -0.091 -0.091 0.10099999 0.101 0.101 0.10099999 0.071243457 0.072 0.072 0.072 0.069969994 -0.027000096 -0.027 -0.027 -0.027 -0.027000002 -0.043000001 -0.043 0.124 0.124 0.124 0.124 0.24100032 0.241 0.241 0.24103657 0.50399999 0.504 0.504 0.50202154 0.082 0.082 0.082 0.12199815 0.122 0.122 0.122 0.272 0.272 0.27200003 0.509 0.509 0.5
-0.208 -0.208 -0.208 -0.19200004 -0.192 -0.192 -0.33999994 -0.34 -0.34 -0.091 -0.091 -0.091 0.101 0.101 0.101 0.067337479 -0.341 -0.341 -0.34099893 0.069667267 -0.027 -0.027 -0.027 -0.027 -0.027 -0.027012041 -0.043 -0.043 -0.043 0.124 0.124 0.12379918 0.69 0.69 0.69 -0.135 -0.135 0.053 0.053 0.053 -0.056 0.081956713 0.082000769 0.185 0.185 0.18261237 0.12200042 0.272 0.272 0.509 0.509 0.509 0.5
-0.208 -0.208 -0.208 -0.192 -0.192 -0.192 -0.192 -0.34 -0.34 -0.091 -0.091 0.093322769 0.101 0.101 0.101 -0.341 -0.341 -0.341 -0.341 -0.341 -0.027 -0.027 -0.027 -0.027 -0.027 -0.042999945 -0.043 -0.043 -0.043 -0.188 -0.188 -0.188 0.69 0.69 0.69 -0.135 -0.135 0.053 0.053 -0.056 -0.056 -0.056 0.185 0.185 0.185 0.185 0.20372959 0.413 0.413 0.413 0.509 0.571 0.571
-0.208 -0.208 -0.20797772 -0.192 -0.192 -0.192 -0.192 -0.077758588 -0.072 -0.07203262 -0.090999999 0.10098476 0.101 0.101 0.10099847 -0.341 -0.341 -0.341 -0.341 -0.341 -0.21210586 -0.027 -0.027 -0.027 -0.026952216 -0.042986047 -0.043 -0.043 -0.043 -0.188 -0.188 -0.188 -0.18787013 0.69 -0.135 -0.135 -0.135 -0.13499205 0.052992566 -0.056 -0.056 -0.056 0.18498537 0.185 0.185 0.185 0.41300073 0.413 0.413 0.413 0.571 0.571 0.571
-0.551 -0.5509994 -0.19202109 -0.192 -0.192 -0.192 -0.072025535 -0.072 -0.072 -0.072 -0.081 -0.081 -0.081 -0.081 -0.33979997 -0.341 -0.341 -0.341 -0.341 -0.22000007 -0.22 -0.22 0.20499996 0.205 0.205 0.205 0.18359441 -0.043 0.19499025 0.195 0.195 0.195 0.195 0.156 0.156 0.156 0.156 0.156 0.514 0.514 0.514 0.514 0.514 0.48754325 0.488 0.488 0.488 0.413 0.413 0.413 0.57097511 0.571 0.571
-0.551 -0.551 -0.54612711 0.030999552 0.03099995 0.030899434 -0.072 -0.072 -0.072 -0.072 -0.081 -0.081 -0.081 -0.081 -0.081 -0.341 -0.341 -0.341 -0.22000003 -0.22 -0.22 -0.22 0.205 0.205 0.205 0.205 0.205 0.20494751 0.19495675 0.195 0.195 0.195 0.19498263 0.1197183 0.15596243 0.156 0.156 0.156 0.514 0.514 0.514 0.514 0.514 0.488 0.488 0.488 0.488 0.45292853 0.413 0.045150378 0.041 0.11 0.11
-0.551 -0.551 0.030926279 0.031 0.031 0.031 0.0048384345 -0.072 -0.072 -0.072 -0.081 -0.081 -0.081 -0.081 -0.081 -0.3408028 -0.341 -0.22003548 -0.22 -0.22 -0.22 -0.22 0.047555996 0.205 0.205 0.205 0.205 0.20491349 0.083 0.083 0.083 0.083 0.083 0.092 0.092 0.092 0.092 0.092 0.396 0.396 0.396 0.396 0.396 0.4878828 0.48799998 0.488 0.48799186 0.48695661 0.041 0.041 0.041 0.10999961 0.11
-0.55099991 -0.5019748 0.030999926 0.031 0.031 0.031 0.031 -0.071956144 -0.072 -0.072 -0.081 -0.081 -0.081 -0.081 -0.38900342 -0.396 -0.396 -0.22000453 -0.22 -0.22 -0.22 -0.22 -0.21999998 0.205 0.205 0.205 0.205 -0.18699973 -0.18699988 -0.12953744 0.083 0.083 0.083 0.091999999 0.092 0.092 0.092 0.091869962 0.396 0.396 0.396 0.396 0.39598613 0.44 0.44 0.44 0.44 0.43996782 0.041 0.041 0.041 0.04100015 0.28439324
-0.501 -0.501 -0.37216597 0.031 0.031 0.031 0.031 0.031 -0.071956186 -0.115 -0.115 -0.115 -0.11491931 -0.39599955 -0.396 -0.396 -0.396 -0.396 -0.22000038 -0.22328232 -0.252 -0.252 -0.252 -0.1373416 0.17522647 0.015913947 -0.11852596 -0.187 -0.187 -0.187 -0.187 -0.187 -0.17441893 -0.098237909 -0.1 -0.1 -0.1 -0.1 0.36199843 0.21500033 0.215 0.215 0.215 0.15700083 0.43999993 0.44 0.44 0.064 0.041000368 0.041 0.041 0.287 0.287
-0.501 -0.501 -0.295 -0.295 -0.295 0.030891407 0.031 0.031 -0.115 -0.115 -0.115 -0.115 -0.115 -0.39599999 -0.396 -0.396 -0.396 -0.396 -0.252 -0.252 -0.252 -0.252 -0.252 -0.167 -0.167 -0.167 -0.167 -0.187 -0.187 -0.187 -0.187 -0.187 0.057 0.057 -0.099999999 -0.1 -0.1 0.18495146 0.185 0.215 0.215 0.215 0.215 0.157 0.157 0.157 0.064 0.064 0.064 -0.002 -0.002 0.287 0.287
-0.501 -0.501 -0.295 -0.295 -0.295 -0.295 -0.29499908 -0.127 -0.1150113 -0.115 -0.115 -0.115 -0.115 -0.39249478 -0.396 -0.396 -0.396 -0.396 -0.252 -0.252 -0.252 -0.252 -0.252 -0.167 -0.167 -0.167 -0.167 -0.16700007 -0.187 -0.187 -0.187 0.056987207 0.057 0.057 0.057 -0.1 0.185 0.185 0.185 0.18578936 0.21584301 0.216 0.216 0.157 0.157 0.157 0.064 0.064 0.064 -0.002 -0.002 -0.002 0.34043726
-0.564 -0.56399951 -0.295 -0.295 -0.295 -0.295 -0.127 -0.127 -0.127 -0.115 -0.115 -0.115 -0.115 -0.11508735 -0.396 -0.396 -0.396 -0.396 -0.25200253 -0.252 -0.252 -0.252 -0.18197389 -0.167 -0.167 -0.167 -0.167 -0.075000075 -0.075 -0.075000001 -0.18578882 0.057 0.057 0.057 0.057 0.057 0.185 0.185 0.185 0.185 0.216 0.216 0.216 0.124 0.124 0.124 -0.074986463 0.064 0.064 -0.001999999 -0.002 -0.002 0.34600119
-0.564 -0.564 -0.295 -0.295 -0.295 -0.127 -0.127 -0.127 -0.127 -0.11630064 -0.115 -0.115 -0.115 -0.11500033 -0.1770252 -0.177 -0.177 -0.177 -0.30237174 -0.23 -0.23 -0.23 -0.23 -0.167 -0.167 -0.167 -0.16699393 -0.075 -0.075 -0.075 -0.075 0.057008813 0.057 0.057 0.057 0.057 0.18440602 0.02600331 0.026 0.026 0.21606893 0.304 0.304 0.124 0.124 0.12399916 -0.075 -0.075 0.183 0.183 0.183 0.629 0.772
