interpolatedSpi/02-12|20_3.tif
NCOLS 53
NROWS 52
XLLCORNER -116.03883
YLLCORNER 28.596182
DX 0.49850594
DY 0.49788537
NODATA_VALUE -9999
[rows 0 to 26 of 52, columns 0 to 52 of 53]
0.098181818 0.098181818 -0.15886402 -0.58727273 -0.01 0.054545455 0.43181818 0.47 -0.11702205 -0.29636364 -0.36272727 0.17909091 -0.12632164 0.38363636 -0.16818182 -0.16818182 -0.16818182 0.18545455 0.29454545 0.29454545 0.29454545 0.29454029 -0.24181818 -0.048181818 -0.048181818 -0.048181818 0.49454621 0.49454545 0.49454545 0.16818182 0.16818182 0.16818182 0.16818182 -0.052727228 -0.052727273 -0.052727273 -0.052727273 -0.052727273 -0.052727273 -0.052727235 1.3215606 1.3361051 0.32181818 0.32181818 0.32181818 0.32181818 0.32210476 0.49727273 0.49727273 0.49727273 1.1199987 1.12 1.12
0.098161945 -0.34909091 -0.12818127 -0.01970446 0.28063609 0.48272727 0.49 0.19482209 -0.25454545 0.05 0.05 -0.12636364 -0.12636364 0.40538179 0.38363175 -0.16818182 0.18545455 0.18545455 0.29440321 0.29454545 0.29454545 0.29454545 -0.078376368 -0.048181818 -0.048181818 -0.048181818 -0.15454545 -0.15454545 0.16818182 0.16818182 0.16818182 0.16818182 0.16818182 -0.052727241 -0.052727273 -0.052727273 -0.052727273 -0.052727273 -0.0527272 0.016102857 0.29366176 0.31839893 0.32181818 0.32181818 0.32181818 0.32181818 0.32181818 0.49727273 0.49727273 0.49727273 0.54890987 1.12 1.12
0.64178746 0.64181818 0.34909091 0.86909091 0.32181818 0.11545455 0.38363636 -0.13272727 0.069090909 0.052727273 0.44363636 -0.36272727 -0.57090909 0.11363636 0.40545455 0.36 0.18545455 0.18545455 0.18545455 0.083697676 0.083636364 0.083636364 -0.62181818 -0.048181818 -0.048181818 -0.048181818 -0.15454545 -0.15454545 -0.15454545 0.16818182 0.16818182 0.16818176 -0.38849171 -0.05153962 -0.043504026 0.92910165 0.93818182 0.93818182 0.85711499 0.29363637 0.29363636 0.2936724 0.32181818 0.32181818 0.32181818 0.32181818 0.32181818 0.49727273 0.49727273 0.49727273 0.49727273 1.12 1.12
0.36545455 0.64181811 0.26449281 0.54636364 0.0027272727 0.24727273 0.57636364 -0.46 0.18 0.17241587 0.19727273 0.062727272 -0.076363636 0.11363636 0.12454545 0.36 -0.43478138 -0.44047022 -0.57545455 0.083636364 0.083636364 -1.0181818 -0.62181818 -0.62181818 -0.048181818 -0.048182349 -0.15454545 -0.15454545 -0.15454545 -0.99090909 -0.9894127 -0.98818182 -0.98818182 -0.98818031 0.93818182 0.93818182 0.93818182 0.93818182 0.29363636 0.29363636 0.29363636 0.29363636 0.32181818 0.32181818 0.32181818 0.32181818 0.32181818 0.49727051 0.49727273 0.49727273 0.49727273 1.1199168 1.12
0.36545455 0.11454573 0.26454545 0.24663034 0.0027272727 0.27090909 -0.022687554 -0.21909091 -0.42636364 -0.014545537 0.037902037 0.06276191 0.30454545 0.12454545 0.12454545 0.26950433 -0.44090909 -0.44090909 -0.57545455 -0.57545455 0.083634134 -1.0181818 -1.3745455 -0.63818182 -0.56545455 -0.56550419 -0.15454545 -0.15454545 -0.99090909 -0.99090909 -0.98818182 -0.98818182 -0.98818182 -0.92989554 0.93818182 0.93818182 0.93818182 0.29363636 0.29363636 0.29363636 0.29363636 0.29360934 0.32181818 0.32181818 0.32181818 0.32181818 0.32181818 0.32337994 0.49727273 0.49718643 -1.4272727 -1.4272727 -1.4272727
-1.0781818 0.083636364 0.56454545 0.22818182 0.29636364 0.47909091 0.12727273 0.082928262 0.067272727 -0.34181818 0.18363636 -0.40272727 -0.40272681 0.13181818 0.13181818 -0.43361573 -0.43363636 -0.65818182 -0.65818182 -0.5754548 -1.3090909 -1.3090909 -0.63818182 -0.56545455 -0.56545455 -0.77818182 -1.2172727 -1.2172727 -0.41823421 -0.99090909 -0.98818182 -0.98818182 -0.67909091 -0.67908635 -0.63545775 -0.9 -0.9 -0.075642294 0.29363636 0.29363636 0.013985584 0.013636365 0.013637555 -1.1418792 -1.1680171 -1.1681814 -1.1681818 -1.1681813 -1.5775214 -1.4272727 -1.4272727 -1.4272727 -1.4272727
-0.42636693 0.0090909091 -0.61947996 0.16090909 0.61818182 -0.11727273 0.061818185 0.15909091 -0.14727273 -0.14727273 0.18363636 -0.18 -0.16909102 0.13181818 -0.34818038 -0.34818182 -0.43363636 -0.48090909 -0.86272727 -0.86272727 -1.3159457 -1.3236364 -1.3236364 -1.0945454 -0.77818182 -0.77818182 -1.2172727 -1.2172727 -0.41819856 -0.41849004 -0.17980816 -0.67909091 -0.67909091 -0.63545455 -0.63545455 -1.0193257 -0.9 -0.9 -1.4127095 0.013634378 0.013636364 0.013636364 0.013641182 -1.1681796 -1.1681818 -1.1681818 -1.1681818 -1.1681821 -1.6754545 -1.4273219 -1.4272727 -1.4272727 -1.4272727
-0.42636364 -0.72363636 -0.30181818 -0.86272727 -1.1545287 -0.56818182 -0.03 -0.59363635 -0.24909091 -0.29181818 -0.29181818 -0.61363636 -0.16909091 -0.16909091 -0.34695309 -0.58497863 -0.60818182 -0.42454545 -0.84363638 -0.86272727 -1.2299964 -1.1809091 -1.6081818 -0.99909091 -0.99909533 -1.3418182 -1.3754545 -1.3754545 -0.7044479 -0.70545453 -0.17818182 -0.55498501 -0.58909091 -0.63545455 -0.64284413 -1.1190909 -1.1190909 -1.4127273 -1.4127273 0.013636364 0.013636364 0.013636375 -0.77650359 -0.77909093 -1.1681818 -1.1681818 -1.1681818 -1.6754352 -1.6754545 -1.6754545 -1.4272727 -1.4272727 -1.4272727
-0.77990904 -0.72363635 -0.52727273 -0.56818182 -0.42090909 -0.63454545 -0.31636364 0.26818182 0.26272727 0.43816355 0.19454545 -0.18636364 -0.18636364 -0.41272727 -0.41272512 -0.8456998 -0.84636364 -0.84636364 -0.48852033 -1.4545455 -1.7590909 -1.7590909 -1.3145455 -1.4924646 -1.3072803 -1.3418182 -1.3272727 -1.3754545 -1.0500836 -1.0481818 -0.54545455 0.0063636364 -0.24912766 -0.99454545 -0.89454545 -0.96454545 -0.96090909 -0.88 -0.96087173 0.015945352 0.53090909 -0.47272727 -0.77905583 -0.77909091 -0.78128092 -1.1681818 -1.4045454 -1.6754545 -1.6754545 -1.6754545 -1.6754545 -1.3799599 -0.86636364
-1.0945455 -1.0945455 -0.71636364 -0.46454545 -0.46363636 -0.26636364 -0.15363636 0.032727273 0.51727273 0.48271784 0.14818182 0.23636364 -0.41272727 -0.41272727 -0.18363636 -0.19272597 -0.84636364 -0.84629421 -0.54090909 -1.4545455 -1.4545455 -1.4937811 -1.3145455 -1.469088 -1.4690909 -1.4690909 -1.3272727 -0.79272727 -0.79272727 -1.0481818 -1.0481818 0.0054015354 -0.50090909 -0.99454545 -0.78636364 -0.96454545 -0.96090909 -1.4645455 -0.96090909 0.1740303 -0.47272723 -0.50612176 -0.56363636 -0.77909091 -0.77909091 -1.4045455 -1.4045455 -1.4045455 -1.6754545 -1.6754545 -1.0472727 -1.0472727 -1.0472727
-1.0945455 -1.0945455 -1.1427273 -0.91363636 -0.97272727 -0.41909091 -0.62181817 0.093478679 -0.14454545 -0.088181818 -0.020909091 -0.16636364 0.23582653 -0.18363636 -0.18363636 -0.1836781 -0.54545455 -0.54521598 -0.54090909 -0.39 -0.39 -0.71 -0.71 -1.4690909 -1.4690909 -1.4690909 -0.79272727 -0.79272727 -0.79272727 -1.2554545 -1.2554545 -1.2554533 -0.88545455 -0.88545455 -0.88636364 -1.2145455 -0.83454545 -0.9372708 -1.2481818 0.19272727 0.19272727 -0.32363715 -0.56363636 -0.77909091 -0.69090924 -0.86909091 -0.72385335 -0.72090909 -0.83545455 -0.83545455 -1.0472727 -1.0472727 -1.0472727
-1.0945455 -1.1152816 -1.044966 -1.0599915 -0.74545455 -1.1072727 -0.62181818 0.093636364 -0.14454347 -0.088806259 -0.16636353 -0.16636364 -0.11272727 -0.18363636 -0.18363636 -0.54545453 -0.54545455 -0.54545429 -0.54090909 -0.39 -0.45284149 -0.71 -0.71 -1.4690601 -1.4690909 -1.4057377 -1.2763636 -1.2763636 -1.2763636 -1.2554545 -1.2554545 -1.2363636 -1.2363636 -0.88545455 -0.88636364 -0.65454569 -0.81471975 -0.93727273 -0.93727273 0.19272726 -0.32363636 -0.32363636 -0.32363906 -0.69090909 -0.69090909 -0.86909091 -0.72090909 -0.72090909 -0.83545455 -0.83545455 -1.0472727 -1.0472727 -1.0472727
-0.19363636 0.024988889 0.12177929 0.11325786 -0.7454564 -1.1072642 -0.6218182 0.084829527 -0.12813229 -0.14307365 -0.11272727 -0.11272727 -0.11272727 -0.11272727 -0.18362632 -0.54545455 -0.54545455 -0.54539586 -0.54090909 -0.39002227 -0.46363636 -0.46363636 -0.46363636 -0.46363636 -1.4519226 -1.2763636 -1.2763636 -1.2763636 -1.2763636 -1.2762888 -1.2363636 -1.2363636 -1.2363636 -1.2363636 -0.65454545 -0.65454545 -0.65454545 -0.92337645 -0.93250695 -0.30272727 -0.30272727 -0.32363524 -0.36819287 -0.69087801 -0.69090909 -0.86909091 -0.72090909 -0.72090909 -0.83545454 -0.83545455 -1.0465043 -1.0472727 -0.66189877
-0.19363636 0.12181818 0.12181818 0.12181818 0.12181818 0.12181767 -0.62306077 -0.28332263 -0.084343503 -0.11276016 -0.11272727 -0.11272727 -0.11272727 -0.11272727 -0.11272747 -0.54545454 -0.54545454 -0.54514276 -0.5409089 -0.46363636 -0.46363636 -0.46363636 -0.46363636 -0.46363636 -0.46929922 -1.0908782 -1.05 -1.05 -1.05 -1.05 -1.2363636 -1.2363636 -1.2363634 -1.0545455 -1.0545455 -0.65454545 -0.41149752 -0.40454545 -0.30272733 -0.30272727 -0.30272727 -0.30272727 -0.36818182 -0.36818182 -0.36818182 -0.37166769 -0.58275393 -0.58181818 -0.58181818 -0.58181818 -0.58181819 0.65909056 0.65909091
0.08 0.12181818 0.12181818 0.12181818 0.12181818 0.12181818 0.12181813 -0.45744585 -0.37923404 -0.38090909 -0.38090909 -0.38090909 -0.38090909 -0.38090909 -0.38090909 -0.25534408 -0.5408087 -0.54483206 -0.46364608 -0.46363636 -0.46363636 -0.46363636 -0.46363636 -0.46363648 -0.72545455 -0.72545455 -0.725455 -1.05 -1.05 -1.0498744 -0.98727273 -0.98727273 -1.0545455 -1.0545455 -1.0545455 -0.50866831 -0.40454545 -0.40454545 -0.40454545 -0.30272727 -0.30272727 -0.30272727 -0.36818182 -0.36818182 -0.36818182 -0.36818182 -0.58181818 -0.58181818 -0.58181818 -0.58181818 -0.58181818 0.65909091 0.65909091
0.08 0.095568434 0.12181818 0.12181818 0.12181818 0.12181818 -0.4662482 -0.46636364 -0.46636363 -0.38090909 -0.38090909 -0.38090909 -0.38090909 -0.38090909 -0.35263129 -0.25272727 -0.25272727 -0.25272727 -0.56695667 -0.56727262 -0.56727273 -0.56727273 -0.56727273 -0.56727273 -0.72545455 -0.72545455 -0.72545455 -0.72545455 -1.05 -0.98727273 -0.98727273 -0.98727273 -1.0545454 -1.0545455 -1.0545455 -0.23909091 -0.40432639 -0.40454545 -0.40454545 -0.30275291 -0.35385827 -0.47312555 -0.36818182 -0.36818182 -0.31742984 -0.31727273 -0.31727273 -0.58105282 -0.11799019 -0.11636368 -0.11636372 0.19279779 0.65908996
0.080000001 -0.11639771 -0.0014730343 0.12181818 0.12181818 -0.46601611 -0.46636364 -0.46636364 -0.46636364 -0.46574783 -0.38090909 -0.38090909 -0.38090909 -0.38090908 -0.25272727 -0.25272727 -0.25272727 -0.25272727 -0.56699175 -0.56727273 -0.56727273 -0.56727273 -0.56727273 -0.56727273 -0.72545454 -0.72545455 -0.72545455 -0.72545455 -0.72640687 -0.98727273 -0.98727273 -0.98727273 -0.44000001 -1.0544477 -0.23909091 -0.23909091 -0.23909091 -0.24292065 -0.4692661 -0.47363636 -0.47363636 -0.47363636 -0.39909091 -0.39909091 -0.31727273 -0.31727273 -0.31727273 -0.11636364 -0.11636364 -0.11636364 -0.11636364 0.19272727 0.19272727
-0.12154278 -0.12181818 -0.12181818 -0.12181819 -0.44636364 -0.46636312 -0.46636364 -0.46636364 -0.46636364 -0.46636364 -0.35227766 -0.38090416 -0.38090908 -0.25272727 -0.25272727 -0.25272727 -0.25272727 -0.25272727 -0.31985419 -0.56727273 -0.56727273 -0.56727273 -0.56727273 -0.56727273 -0.52164766 -0.32727488 -0.32727273 -0.32727273 -0.32727273 -0.9872727 -0.44000001 -0.44 -0.44 -0.44 -0.23909091 -0.23910005 -0.58636364 -0.58636364 -0.47504393 -0.47363636 -0.47363636 -0.47363636 -0.39909091 -0.39909091 -0.329941 -0.31727273 -0.31727273 -0.11636364 -0.11636364 -0.11636364 -0.11304938 0.19272727 0.19272727
-0.12181818 -0.12181818 -0.12181818 -0.27465148 -0.44636364 -0.44636364 -0.46636364 -0.46636364 -0.46636364 -0.46636364 -0.0027272727 -0.0027272727 -0.0027272727 -0.25272727 -0.25272727 -0.25272727 -0.25272727 -0.25278496 -0.92545455 -0.92545455 -0.56727287 -0.56727273 -0.56665302 -0.54181818 -0.53988672 -0.32727273 -0.32727273 -0.32727273 -0.32727273 -0.43998852 -0.44 -0.44 -0.44 -0.44 -0.58636242 -0.58636364 -0.58636364 -0.58636364 -0.58595112 -0.47363636 -0.47363636 -0.47363636 -0.39909091 -0.39909091 -0.39909091 -0.31727273 -0.31727273 -0.11636364 -0.11636364 -0.11636364 0.19272727 0.19272727 0.19272727
-0.12181818 -0.12181818 -0.12181818 -0.44636364 -0.44636364 -0.44636364 -0.44636367 -0.46636364 -0.46636364 -0.0032058788 -0.0027272727 -0.0027272727 -0.0027272727 -0.0028830395 -0.53528928 -0.60181818 -0.60181818 -0.60181818 -0.92545455 -0.92545455 -0.92545455 -0.54181818 -0.54181818 -0.54181818 -0.54177413 -0.35731367 -0.32727273 -0.32727273 -0.32727273 -0.27846582 -0.24456468 -0.24454545 -0.24454545 -0.24454545 -0.47002672 -0.30727336 -0.30727273 -0.30727273 -0.30727273 -0.28911616 -0.28909091 -0.28909091 -0.39909091 -0.39909091 0.16363401 0.1636363 -0.021818182 -0.021818182 0.069090909 0.069090909 0.069090909 0.19272727 0.55058883
-0.12181789 -0.12181818 -0.12181819 -0.44636364 -0.44636364 -0.44636364 -0.44636364 -0.57999997 -0.466818 -0.0028105314 -0.0027272727 -0.0027272727 -0.0027272727 -0.0039028543 -0.60181818 -0.60181818 -0.60181818 -0.60181827 -0.92545455 -0.92545455 -0.92545455 -0.54181818 -0.54181818 -0.54181818 -0.38454545 -0.38454545 -0.39727273 -0.39727273 -0.39727273 -0.39643955 -0.24454545 -0.24454545 -0.24454545 -0.24454545 -0.27589192 -0.30727273 -0.30727273 -0.30727273 -0.30727273 -0.28909091 -0.28909091 -0.28909091 -0.27484638 0.16363636 0.16363636 0.16363636 -0.021818182 -0.021818182 0.069090909 0.069090909 0.069090909 0.55090907 0.55090909
-0.029090909 -0.088645471 -0.60181818 -0.60177308 -0.44636364 -0.57922678 -0.58 -0.58 -0.50911179 -0.094545461 -0.094545455 -0.094545455 -0.094545455 -0.7727052 -0.77272727 -0.60181831 -0.60181818 -0.61034552 -0.92545455 -0.92545455 -0.92545455 -0.95 -0.95 -0.95 -0.38454545 -0.38454545 -0.39727273 -0.39727273 -0.39727273 -0.39727263 -0.26545441 -0.26545449 -0.24507097 -0.24456787 -0.60413278 -0.60454545 -0.60454545 -0.60454545 -0.60454545 -0.28909091 -0.28909091 -0.28909091 0.13870754 0.16363636 0.16363636 0.1636363 -0.021818182 -0.021818182 -0.021814909 0.069090909 0.069105706 0.4 0.55090909
-0.4417398 -0.44181821 -0.60181818 -0.60181818 -0.60181818 -0.58 -0.58 -0.58 -0.38545455 -0.38545455 -0.094545455 -0.094545455 -0.094545455 -0.77272727 -0.77272727 -0.77272727 -0.77272727 -0.77274357 -0.92545455 -0.92545455 -0.92545455 -0.95 -0.95 -0.95 -0.38454545 -0.38454545 -0.39727273 -0.39727273 -0.39727273 -0.26694081 -0.26545455 -0.26545455 -0.26545455 -0.26545455 -0.60437813 -0.60454545 -0.60454545 -0.60454545 -0.60454545 -0.64727263 -0.64727273 -0.64727273 -0.64727273 0.16363357 -0.20090909 -0.20090909 -0.20090909 0.24181818 0.24181818 0.24181818 0.4 0.4 0.4
-0.44181818 -0.44181818 -0.60181818 -0.60181818 -0.60181818 -0.58011468 -0.58 -0.38545455 -0.38545455 -0.38545455 -0.094581266 -0.094545455 -0.75047376 -0.7727273 -0.77272727 -0.77272727 -0.77272727 -1.14 -1.14 -1.14 -1.1636364 -1.1636362 -0.95000104 -0.95 -0.94991184 -1.0690909 -1.0690909 -1.0690893 -0.3973813 -0.18910613 -0.18909132 -0.18910424 -0.26532403 -0.26538864 -0.54410288 -0.60454547 -0.60469778 -0.65 -0.65 -0.64727273 -0.64727273 -0.64727273 -0.64727273 -0.20090909 -0.20090909 -0.20090909 -0.20090909 0.24181818 0.24181818 0.24181818 0.4 0.4 0.4
-0.44181818 -0.44181818 -0.60181818 -0.60181818 -0.60181818 -0.60181818 -0.50718732 -0.38545455 -0.38545455 -0.38545455 -0.38573726 -0.89727273 -0.89727273 -0.89727273 -0.77346125 -0.77272727 -1.1375526 -1.14 -1.14 -1.14 -1.1636364 -1.1636364 -1.1636364 -1.1636364 -1.0690909 -1.0690909 -1.0690909 -1.0690909 -1.0690909 -0.18909091 -0.18909091 -0.18909091 -0.18909091 -0.18909136 -0.40454545 -0.65 -0.65 -0.65 -0.65 -0.65000045 -0.79272727 -0.79272727 -0.79272727 -0.63800694 -0.31727273 -0.31727273 -0.31727273 0.24181817 0.24181804 0.099090909 0.099090909 0.21731718 0.21727273
-0.44181818 -0.44181818 -0.54406942 -0.60181818 -0.60181818 -0.6018182 -1.3864025 -0.38861459 -0.38545455 -0.38545455 -0.89727278 -0.89727273 -0.89727273 -0.89727273 -0.89727273 -0.88710024 -1.14 -1.14 -1.14 -1.14 -1.1636362 -1.1636364 -1.1636364 -1.1636364 -1.0690909 -1.0690909 -1.0690909 -1.0690909 -1.0690909 -0.63783899 -0.18909091 -0.18909091 -0.18909091 -0.40454545 -0.40454545 -0.40473606 -0.65 -0.65 -0.59883832 -0.55909092 -0.79272727 -0.79272727 -0.79272727 -0.63967549 -0.31727273 -0.31727273 -0.31727273 -0.11545455 0.096417694 0.099090909 0.099090909 0.21727273 0.21727273
-1.2036364 -1.2036364 -1.2036364 -0.75271054 -0.60325046 -1.3881818 -1.3881818 -1.3881818 -1.3881818 -1.1654545 -1.1654545 -0.89727275 -0.89727273 -0.89727273 -0.89727273 -0.89728812 -1.14 -1.14 -1.14 -1.14 -1.1533222 -1.1636364 -1.1636364 -1.1557852 -0.87278503 -1.0690909 -1.0690909 -1.0690909 -0.79636364 -0.79636364 -0.79636364 -0.79636109 -0.40454545 -0.40454545 -0.40454545 -0.40454545 -0.55909091 -0.55909091 -0.55909091 -0.55909091 -0.83727273 -0.83727273 -0.83727273 -0.23183035 -0.23181818 -0.23181818 -0.23181821 -0.11545455 -0.11545455 0.098829497 0.099090909 0.21727076 0.21727273
