interpolatedSpi/02-11|23_2.tif
NCOLS 53
NROWS 52
XLLCORNER -116.03883
YLLCORNER 28.596182
DX 0.49850594
DY 0.49788537
NODATA_VALUE -9999
[rows 0 to 38 of 52, columns 0 to 52 of 53]
-0.281 -0.281 -0.63029487 -0.676 -0.352 -0.472 -0.533 -0.362 -0.94829632 -0.867 -0.542 -0.674 -1.0259671 -0.627 -0.351 -0.351 -0.351 -0.731 -0.543 -0.543 -0.543 -0.54299744 -0.27700001 -0.871 -0.871 -0.871 -0.9229992 -0.923 -0.923 -1.43 -1.43 -1.43 -1.43 -1.592 -1.592 -1.592 -1.592 -1.592 -1.592 -1.592 0.072076165 0.089736015 -0.946 -0.946 -0.946 -0.946 -0.94538586 -0.57 -0.57 -0.57 -0.22500072 -0.225 -0.225
-0.28102284 -0.795 -0.52100004 -0.52356613 -0.59000716 -0.714 -0.81 -0.81988708 -0.986 -0.833 -0.883 -1.026 -1.026 -0.98081626 -0.62700185 -0.351 -0.731 -0.731 -0.54324513 -0.543 -0.543 -0.543 -0.88321181 -0.871 -0.871 -0.871 -0.892 -0.892 -1.43 -1.43 -1.43 -1.43 -1.43 -1.592 -1.592 -1.592 -1.592 -1.592 -1.5919999 -1.38484 -0.31608488 -0.86955488 -0.946 -0.946 -0.946 -0.946 -0.946 -0.57 -0.57 -0.57 -0.54139227 -0.225 -0.225
0.27997121 0.28 -0.555 -0.417 -0.707 -0.239 -0.624 -0.332 -1.008 -1.075 -1.06 -0.961 -1.265 -1.093 -0.982 -1.454 -0.731 -0.731 -0.731 -0.5639939 -0.564 -0.564 -1.103 -0.871 -0.871 -0.871 -0.892 -0.892 -0.892 -1.43 -1.43 -1.43 -1.3476806 -1.5901508 -1.5847213 -0.81716583 -0.81 -0.81 -0.74786782 -0.316 -0.316 -0.31680561 -0.946 -0.946 -0.946 -0.946 -0.946 -0.57 -0.57 -0.57 -0.57 -0.225 -0.225
0.347 0.27999987 -0.3561345 -0.272 -0.96 -0.788 -0.76 -1.15 -0.762 -0.97665422 -1.212 -1.242 -1.243 -1.093 -1.408 -1.454 -1.0352287 -1.0317891 -0.831 -0.564 -0.564 -1.023 -1.103 -1.103 -0.871 -0.8710001 -0.892 -0.892 -0.892 -1.062 -1.1700895 -1.259 -1.259 -1.2589996 -0.81 -0.81 -0.81 -0.81 -0.316 -0.316 -0.316 -0.31600002 -0.946 -0.946 -0.946 -0.946 -0.946 -0.57000474 -0.57 -0.57 -0.57 -0.22503482 -0.225
0.347 -0.090000488 -0.356 -0.78455216 -0.96 -1.109 -1.2140043 -1.622 -1.641 -1.2270002 -1.3209657 -1.3609029 -0.683 -1.408 -1.408 -1.4321483 -1.032 -1.032 -0.831 -0.831 -0.56400091 -1.023 -0.776 -0.342 -0.676 -0.67597246 -0.892 -0.892 -1.062 -1.062 -1.259 -1.259 -1.259 -1.172822 -0.81 -0.81 -0.81 -0.316 -0.316 -0.316 -0.316 -0.31604749 -0.946 -0.946 -0.946 -0.946 -0.946 -0.94265313 -0.57 -0.57003233 -1.291 -1.291 -1.291
-1.327 -0.594 -0.47199998 -0.442 -0.623 -0.953 -1.407 -1.4345262 -1.438 -1.637 -1.544 -1.292 -1.2919996 -1.266 -1.266 -0.72693578 -0.727 -0.934 -0.934 -0.83099975 -0.995 -0.995 -0.342 -0.676 -0.676 -0.558 -1.013 -1.013 -0.73303043 -1.062 -1.259 -1.259 -0.802 -0.80198151 -0.62501269 -0.625 -0.625 -0.4115962 -0.316 -0.316 -0.80738637 -0.808 -0.80799894 -0.73283064 -0.72902398 -0.72900006 -0.72900001 -0.72900009 -1.2582675 -1.291 -1.291 -1.291 -1.291
-0.13000607 -0.392 -0.26374012 -0.49 -0.518 -1.174 -0.934 -1.277 -1.725 -1.725 -1.544 -1.519 -1.3339999 -1.266 -0.46100241 -0.461 -0.727 -0.313 -0.552 -0.552 -0.82911476 -0.643 -0.643 -0.609 -0.558 -0.558 -1.013 -1.013 -0.73302401 -0.73344204 -0.50996448 -0.802 -0.802 -0.625 -0.625 -0.76442785 -0.625 -0.625 -0.93498925 -0.80800018 -0.808 -0.808 -0.80799452 -0.72900107 -0.729 -0.729 -0.729 -0.72900033 -1.277 -1.2909972 -1.291 -1.291 -1.291
-0.13 -0.768 -0.236 -0.879 -0.5790172 -0.961 -1.354 -1.45 -1.248 -1.577 -1.577 -1.059 -1.334 -1.334 -0.46698959 -0.63404382 -0.651 -0.328 -0.54700001 -0.552 -0.30541016 -0.238 -0.913 -0.158 -0.15800979 -0.917 -0.526 -0.52600017 -1.1435563 -1.145 -0.508 -0.7253117 -0.662 -0.625 -0.6307898 -0.881 -0.881 -0.935 -0.935 -0.808 -0.808 -0.80799999 -0.91837672 -0.92099999 -0.729 -0.729 -0.729 -1.2769791 -1.277 -1.277 -1.291 -1.291 -1.291
-0.83520998 -0.76799999 -0.056 -0.911 -0.661 -1.238 -0.803 -0.53 -1.223 -0.56750628 -0.566 -1.182 -1.182 -0.59 -0.58999962 -0.74673244 -0.747 -0.747 -0.36143069 -1.079 -1.032 -1.032 -1.155 -1.0083682 -0.84051284 -0.917 -0.647 -0.526 -0.62740728 -0.628 -0.743 -0.906 -0.7624582 -1.087 -0.828 -0.959 -0.913 -0.65 -0.54404895 -0.80604933 -0.371 -0.514 -0.92095164 -0.921 -0.91991932 -0.729 -1.209 -1.277 -1.277 -1.277 -1.277 -1.206833 -0.205
-1.211 -1.211 -0.109 -0.297 -0.982 -0.667 -0.647 -1.036 -0.661 -0.40104718 -0.938 -0.161 -0.59 -0.59 -0.55 -0.55270194 -0.747 -0.74689738 -0.271 -1.079 -1.079 -1.0729448 -1.155 -0.85100576 -0.851 -0.851 -0.647 -0.425 -0.425 -0.628 -0.628 -0.90545946 -0.621 -1.087 -0.888 -0.959 -0.913 -1.039 -0.544 -0.31280865 -0.51399999 -0.55440733 -0.624 -0.921 -0.921 -1.209 -1.209 -1.209 -1.277 -1.277 -0.615 -0.615 -0.61499985
-1.211 -1.211 -0.655 -0.932 -0.916 -0.399 -1.081 -0.37288181 -0.507 -0.423 -0.242 -0.031 -0.16082757 -0.55 -0.55 -0.54999689 -0.523 -0.50977386 -0.271 -0.244 -0.244 -0.356 -0.356 -0.851 -0.851 -0.851 -0.425 -0.425 -0.425 -0.666 -0.666 -0.66599993 -0.802 -0.802 -1.277 -1.024 -0.571 -0.68100453 -0.651 -0.309 -0.309 -0.74199961 -0.624 -0.921 -0.33800023 -0.495 -0.50703627 -0.504 -0.604 -0.604 -0.615 -0.615 -0.615
-1.211 -0.97097506 -0.77320578 -1.0359885 -0.408 -0.707 -1.081 -0.372 -0.50699887 -0.42393062 -0.03100051 -0.031 0.038 -0.55 -0.55 -0.523 -0.523 -0.52298566 -0.271 -0.244 -0.26599452 -0.356 -0.356 -0.85097958 -0.851 -0.70833571 -0.417 -0.417 -0.417 -0.666 -0.666 -0.387 -0.387 -0.8020013 -1.277 -0.69100028 -0.67394727 -0.681 -0.681 -0.30900001 -0.742 -0.742 -0.74199706 -0.338 -0.338 -0.495 -0.504 -0.504 -0.604 -0.604 -0.615 -0.615 -0.615
-0.549 -0.5175938 -0.50201573 -0.50586006 -0.40800167 -0.70699294 -1.081 -0.38072738 -0.49769712 -0.50480654 0.038 0.038 0.038 0.038 -0.54991671 -0.523 -0.523 -0.51974628 -0.271 -0.24388214 0.164 0.164 0.164 0.164 -0.83346617 -0.417 -0.417 -0.417 -0.417 -0.41700778 -0.387 -0.387 -0.387 -0.387 -0.691 -0.691 -0.691 -0.68210281 -0.68013629 -0.566 -0.566 -0.74199053 -0.49099476 -0.33801474 -0.338 -0.495 -0.504 -0.504 -0.604 -0.604 -0.61496009 -0.615 -0.92530898
-0.549 -0.502 -0.502 -0.502 -0.502 -0.50200008 -1.0800425 -0.74554508 -0.4728779 0.037415233 0.038 0.038 0.038 0.038 0.038000284 -0.523 -0.52299996 -0.50571452 -0.2710021 0.164 0.164 0.164 0.164 0.164 0.16970457 -0.044552591 0.079999897 0.08 0.08 0.08 -0.38699999 -0.387 -0.38699935 0.156 0.156 -0.691 -0.13393414 -0.118 -0.56599974 -0.566 -0.566 -0.566 -0.491 -0.491 -0.491 -0.49102784 -0.047984547 -0.045 -0.045 -0.045 -0.04500001 -0.42500004 -0.425
-0.668 -0.502 -0.502 -0.502 -0.502 -0.502 -0.50200004 -0.54552187 0.43718205 0.442 0.442 0.442 0.442 0.442 0.442 0.65840593 -0.50415635 -0.4884925 0.16394522 0.164 0.164 0.164 0.164 0.16400038 0.428 0.428 0.42799951 0.08 0.08 0.080933138 0.546 0.546 0.156 0.156 0.156 -0.07410798 -0.118 -0.118 -0.118 -0.566 -0.566 -0.566 -0.491 -0.491 -0.491 -0.491 -0.045000002 -0.045 -0.045 -0.045 -0.045 -0.425 -0.425
-0.668 -0.60620009 -0.502 -0.502 -0.502 -0.502 0.37582768 0.376 0.376 0.442 0.442 0.442 0.442 0.442 0.49075415 0.663 0.663 0.663 0.49199851 0.49299966 0.493 0.493 0.493 0.493 0.428 0.428 0.428 0.428 0.08 0.546 0.546 0.546 0.15600004 0.156 0.156 0.335 -0.11740021 -0.118 -0.118 -0.56595219 -0.47086372 -0.24895043 -0.491 -0.491 -0.15603692 -0.155 -0.155 -0.045051449 -0.075891669 -0.075999997 -0.075999994 0.033930498 -0.42499907
-0.668 -0.057839391 -0.26871278 -0.502 -0.502 0.37548124 0.376 0.376 0.376 0.37647561 0.442 0.442 0.442 0.44200003 0.663 0.663 0.663 0.663 0.49315186 0.493 0.493 0.493 0.493 0.493 0.428 0.428 0.428 0.428 0.42842921 0.546 0.546 0.546 0.57 0.1560282 0.335 0.335 0.335 0.33504323 -0.23975149 -0.248 -0.248 -0.248 -0.375 -0.375 -0.155 -0.155 -0.155 -0.076000001 -0.076 -0.076 -0.076 0.034 0.034
-0.041307203 -0.041 -0.041 -0.040999994 0.532 0.37600402 0.376 0.376 0.376 0.376 0.43972873 0.44199961 0.442 0.663 0.663 0.663 0.663 0.663 0.66823268 0.493 0.493 0.493 0.493 0.493 0.50538851 0.5749992 0.575 0.575 0.575 0.546 0.57 0.57 0.57 0.57 0.335 0.33500018 0.342 0.342 -0.24063297 -0.248 -0.248 -0.248 -0.375 -0.375 -0.18906358 -0.155 -0.155 -0.076 -0.076 -0.076 -0.074820514 0.034 0.034
-0.041 -0.041 -0.041 0.22883425 0.532 0.532 0.376 0.376 0.376 0.376 0.412 0.412 0.412 0.663 0.663 0.663 0.663 0.66304809 0.957 0.957 0.49300019 0.493 0.49609192 0.62 0.61959489 0.575 0.575 0.575 0.575 0.57000051 0.57 0.57 0.57 0.57 0.34199998 0.342 0.342 0.342 0.33991306 -0.248 -0.248 -0.248 -0.375 -0.375 -0.375 -0.155 -0.155 -0.076 -0.076 -0.075999999 0.034 0.034 0.034
-0.041 -0.041 -0.041 0.532 0.532 0.532 0.53199976 0.376 0.376 0.41196284 0.412 0.412 0.412 0.41215639 0.89854192 0.954 0.954 0.954 0.957 0.957 0.957 0.62 0.62 0.62 0.62002213 0.64004101 0.575 0.575 0.575 0.51159669 0.49800708 0.498 0.498 0.498 0.25666823 0.13600047 0.136 0.136 0.136 -0.077023398 -0.077 -0.077 -0.375 -0.375 0.03699828 0.036999989 0.005 0.005 0.164 0.164 0.164 0.034 0.11392847
-0.040999066 -0.041 -0.040999979 0.532 0.532 0.532 0.532 0.44899998 0.37629188 0.41199819 0.412 0.412 0.412 0.41306355 0.954 0.954 0.954 0.954 0.957 0.957 0.957 0.62 0.62 0.62 0.699 0.699 0.854 0.854 0.854 0.85205791 0.498 0.498 0.498 0.498 0.31709939 0.136 0.136 0.136 0.136 -0.077 -0.077 -0.077 -0.073413124 0.037 0.037 0.037 0.005 0.005 0.164 0.164 0.164 0.114 0.114
0.26 0.12767643 0.326 0.32605976 0.532 0.44948024 0.449 0.449 0.53973028 0.41000001 0.41 0.41 0.41 1.0999775 1.1 0.95400011 0.954 0.95407905 0.957 0.957 0.957 0.71 0.71 0.71 0.699 0.699 0.854 0.854 0.854 0.85399993 0.75799835 0.75799927 0.50453471 0.49827874 0.13042077 0.13 0.13 0.13 0.13 -0.077 -0.077 -0.077 0.030722965 0.037 0.037 0.036999939 0.005 0.005 0.0050057235 0.164 0.16397961 -0.292 0.114
0.39397455 0.39399999 0.326 0.326 0.326 0.449 0.449 0.449 0.698 0.698 0.41 0.41 0.41 1.1 1.1 1.1 1.1 1.0999836 0.957 0.957 0.95699999 0.71 0.71 0.71 0.699 0.699 0.854 0.854 0.854 0.75908241 0.758 0.758 0.758 0.758 0.13030988 0.13 0.13 0.13 0.13 0.16399994 0.164 0.164 0.164 0.036997353 -0.308 -0.308 -0.308 -0.493 -0.493 -0.493 -0.292 -0.292 -0.292
0.394 0.394 0.326 0.326 0.326 0.44835349 0.449 0.698 0.698 0.698 0.41003545 0.41 0.5587167 1.0999999 1.1 1.1 1.1 0.545 0.545 0.545 0.587 0.58700009 0.7099994 0.71 0.70999573 0.708 0.708 0.70800035 0.85397641 0.60203109 0.60200083 0.60202724 0.75773338 0.75786537 0.2417469 0.12999997 0.12972855 0.049 0.049 0.164 0.164 0.164 0.164 -0.308 -0.308 -0.308 -0.308 -0.493 -0.493 -0.493 -0.292 -0.292 -0.292
0.394 0.394 0.326 0.326 0.326 0.326 0.54219343 0.698 0.698 0.698 0.69794145 0.592 0.592 0.592 1.0970062 1.1 0.54869838 0.545 0.545 0.545 0.587 0.587 0.587 0.587 0.708 0.708 0.708 0.708 0.708 0.602 0.602 0.602 0.602 0.60199901 0.13 0.049 0.049 0.049 0.049 0.048999074 -0.262 -0.262 -0.262 -0.3003984 -0.38 -0.38 -0.38 -0.493 -0.49300015 -0.645 -0.645 -0.11304355 -0.113
0.394 0.394 0.35054323 0.326 0.326 0.32600001 0.59318632 0.6976691 0.698 0.698 0.59199999 0.592 0.592 0.592 0.592 0.63363213 0.545 0.545 0.545 0.545 0.58699968 0.587 0.587 0.587 0.708 0.708 0.708 0.708 0.708 0.25247361 0.602 0.602 0.602 0.13 0.13 0.1299371 0.049 0.049 -0.29316934 -0.55899995 -0.262 -0.262 -0.262 -0.30049769 -0.38 -0.38 -0.38 -0.515 -0.64338021 -0.645 -0.645 -0.113 -0.113
0.611 0.611 0.611 0.39745733 0.32623181 0.593 0.593 0.593 0.593 0.535 0.535 0.592 0.592 0.592 0.592 0.59199699 0.545 0.545 0.545 0.545 0.56867256 0.587 0.587 0.587 0.59238799 0.708 0.708 0.708 0.129 0.129 0.129 0.12900199 0.13 0.13 0.13 0.13 -0.559 -0.559 -0.559 -0.559 -0.386 -0.386 -0.386 -0.54599678 -0.546 -0.546 -0.54599995 -0.515 -0.515 -0.6448416 -0.645 -0.11300139 -0.113
0.611 0.611 0.611 0.61099305 0.482 0.49814122 0.593 0.593 0.593 0.535 0.535 0.535 -0.06899997 -0.069 -0.069 -0.06899999 0.54382946 0.545 0.545 0.545 0.54563687 0.587 0.587 0.587 0.587 0.58699999 0.126 0.126 0.129 0.129 0.129 0.129 0.1299999 0.13 0.13 0.12998876 -0.559 -0.559 -0.559 -0.55870608 -0.386 -0.386 -0.386 -0.54599258 -0.546 -0.546 -0.546 -0.515 -0.515 -0.51499998 -0.389 -0.389 -0.18
0.611 0.611 0.611 0.4820003 0.482 0.482 0.59299996 0.593 0.593 0.535 0.535 0.535 -0.069 -0.069 -0.069 -0.070903989 -0.094 -0.094 -0.093998349 0.54139076 0.587 0.587 0.587 0.587 0.587 0.58665307 0.126 0.126 0.126 0.129 0.129 0.12889766 -0.008 -0.008 -0.008 -0.498 -0.498 -0.492 -0.492 -0.492 -0.382 -0.38599875 -0.38600001 -0.387 -0.387 -0.39302592 -0.54599953 -0.515 -0.515 -0.389 -0.389 -0.389 -0.18
0.611 0.611 0.611 0.482 0.482 0.482 0.482 0.593 0.593 0.535 0.535 -0.044848711 -0.069 -0.069 -0.069 -0.094 -0.094 -0.094 -0.094 -0.094 0.587 0.587 0.587 0.587 0.587 0.12600157 0.126 0.126 0.126 -0.03 -0.03 -0.03 -0.008 -0.008 -0.0080000002 -0.498 -0.498 -0.492 -0.492 -0.382 -0.382 -0.382 -0.387 -0.387 -0.387 -0.387 -0.39767915 -0.517 -0.517 -0.517 -0.389 -0.339 -0.339
0.611 0.611 0.61082036 0.482 0.482 0.482 0.482 0.35633445 0.35 0.35031762 0.53499998 -0.068994972 -0.069 -0.069 -0.069000086 -0.094 -0.094 -0.094 -0.094 -0.094 -0.29819047 0.587 0.587 0.587 0.58694377 0.12601058 0.126 0.126 0.126 -0.03 -0.03 -0.03 -0.02999698 -0.008 -0.498 -0.498 -0.498 -0.49799977 -0.4919925 -0.382 -0.382 -0.382 -0.3869997 -0.387 -0.387 -0.387 -0.51700109 -0.517 -0.517 -0.517 -0.339 -0.339 -0.339
0.671 0.6709999 0.48207452 0.482 0.482 0.482 0.35002809 0.35 0.35 0.35 -0.0089999908 -0.009 -0.009 -0.009 -0.093607702 -0.094 -0.094 -0.094 -0.094 -0.33599986 -0.336 -0.336 0.31400005 0.314 0.314 0.314 0.29777318 0.126 -0.048992833 -0.049 -0.049 -0.049 -0.049 -0.52 -0.52 -0.52 -0.52 -0.52 -0.401 -0.401 -0.401 -0.401 -0.401 -0.62663822 -0.627 -0.627 -0.627 -0.517 -0.517 -0.517 -0.33902804 -0.339 -0.339
0.671 0.671 0.66976919 0.52399992 0.52399999 0.52383035 0.35 0.35 0.35 0.35 -0.009 -0.009 -0.009 -0.009 -0.009 -0.094 -0.094 -0.094 -0.33599994 -0.336 -0.336 -0.336 0.314 0.314 0.314 0.314 0.314 0.31395986 -0.048867161 -0.048999999 -0.049 -0.049 -0.048946635 -0.33689078 -0.5198104 -0.52 -0.52 -0.52 -0.401 -0.401 -0.401 -0.401 -0.401 -0.627 -0.627 -0.627 -0.627 -0.57556185 -0.517 -0.12344046 -0.119 -0.164 -0.164
0.671 0.671 0.52401862 0.524 0.524 0.524 0.47980473 0.35 0.35 0.35 -0.009 -0.009 -0.009 -0.009 -0.009 -0.093938202 -0.094 -0.33592905 -0.336 -0.336 -0.336 -0.336 0.073203288 0.314 0.314 0.314 0.314 0.31398663 0.295 0.295 0.295 0.295 0.295 -0.197 -0.197 -0.197 -0.197 -0.197 -0.629 -0.629 -0.629 -0.629 -0.629 -0.62549593 -0.62699969 -0.627 -0.62689558 -0.61436274 -0.119 -0.119 -0.119 -0.16399975 -0.164
0.67099954 0.42391299 0.52399999 0.524 0.524 0.524 0.524 0.35007409 0.35 0.35 -0.0089999992 -0.009 -0.009 -0.009 -0.39718209 -0.406 -0.406 -0.3360018 -0.336 -0.336 -0.336 -0.336 -0.33599994 0.314 0.314 0.314 0.314 0.52099978 0.5209999 0.47290171 0.295 0.295 0.295 -0.197 -0.197 -0.197 -0.197 -0.19681781 -0.629 -0.629 -0.629 -0.629 -0.62895564 -0.011 -0.011 -0.011 -0.011 -0.01100871 -0.119 -0.119 -0.119 -0.11899989 0.064583236
0.419 0.419 0.39218039 0.524 0.524 0.524 0.524 0.524 0.35007303 -0.12899999 -0.129 -0.129 -0.12871522 -0.40599943 -0.406 -0.406 -0.406 -0.406 -0.33599914 -0.32861478 -0.264 -0.264 -0.264 -0.11894674 0.2770232 0.079167321 -0.087401943 0.521 0.521 0.521 0.521 0.521 0.50962034 0.073930409 0.072 0.072 0.072 0.072 -0.5202326 -0.05000104 -0.05 -0.05 -0.05 0.15299952 -0.010999957 -0.011 -0.011 0.458 -0.11899076 -0.119 -0.119 0.068 0.068
0.419 0.419 0.107 0.107 0.107 0.52386109 0.524 0.524 -0.129 -0.129 -0.129 -0.129 -0.129 -0.40599999 -0.406 -0.406 -0.406 -0.406 -0.264 -0.264 -0.264 -0.264 -0.264 -0.14800001 -0.148 -0.148 -0.148 0.521 0.521 0.521 0.521 0.521 0.244 0.244 0.072000001 0.072 0.072 0.27896475 0.279 -0.05 -0.05 -0.05 -0.049999955 0.153 0.153 0.153 0.458 0.458 0.458 0.306 0.306 0.068 0.068
0.419 0.419 0.107 0.107 0.107 0.107 0.10699834 -0.196 -0.12906308 -0.129 -0.129 -0.129 -0.129 -0.40254468 -0.406 -0.406 -0.406 -0.406 -0.264 -0.264 -0.264 -0.264 -0.264 -0.148 -0.148 -0.148 -0.148 -0.14799729 0.521 0.521 0.521 0.24401452 0.244 0.244 0.244 0.072 0.279 0.279 0.279 0.27034339 0.19700148 0.243 0.243 0.153 0.153 0.153 0.458 0.458 0.458 0.306 0.306 0.306 0.14589161
0.334 0.33400067 0.107 0.107 0.107 0.107 -0.196 -0.196 -0.196 -0.129 -0.129 -0.129 -0.129 -0.12908611 -0.406 -0.406 -0.406 -0.406 -0.26400271 -0.264 -0.264 -0.26400001 -0.16844852 -0.148 -0.148 -0.148 -0.148 -0.12500002 -0.125 -0.12499999 0.51405633 0.244 0.244 0.244 0.24399974 -0.024999996 0.279 0.279 0.279 0.279 0.243 0.243 0.243 0.284 0.284 0.284 0.25601967 0.458 0.458 0.306 0.306 0.306 0.15399898
