interpolatedSpi/02-12|22_1.tif
NCOLS 53
NROWS 52
XLLCORNER -116.03883
YLLCORNER 28.596182
DX 0.49850594
DY 0.49788537
NODATA_VALUE -9999
[rows 0 to 26 of 52, columns 0 to 52 of 53]
-0.0125 -0.0125 -0.13271937 -0.23916667 0.21083333 0.1175 0.014166667 0.0325 -0.10737107 -0.1375 -0.098333333 -0.023333333 -0.062489501 0.065 -0.11083333 -0.11083333 -0.11083333 0.29 0.1175 0.1175 0.1175 0.11749415 -0.48999999 0.14833333 0.14833333 0.14833333 -0.13750111 -0.1375 -0.1375 -0.0775 -0.0775 -0.0775 -0.0775 -0.10583333 -0.10583333 -0.10583333 -0.10583333 -0.10583333 -0.10583333 -0.10583333 0.16293894 0.16564954 -0.55666667 -0.55666667 -0.55666667 -0.55666667 -0.55645569 -0.4275 -0.4275 -0.4275 0.25916524 0.25916667 0.25916667
-0.012517254 -0.40083333 -0.20500011 -0.17613103 -0.06846282 0.051666667 0.020833333 0.061496815 -0.1675 -0.115 -0.083333333 -0.0625 -0.0625 0.29423307 0.065001225 -0.11083333 0.29 0.29 0.11772492 0.1175 0.1175 0.1175 0.14574534 0.14833333 0.14833333 0.14833333 0.1425 0.1425 -0.0775 -0.0775 -0.0775 -0.0775 -0.0775 -0.10583333 -0.10583333 -0.10583333 -0.10583333 -0.10583333 -0.10583329 0.036026961 0.76494391 -0.3962931 -0.55666667 -0.55666667 -0.55666667 -0.55666667 -0.55666667 -0.4275 -0.4275 -0.4275 -0.37056094 0.25916667 0.25916667
-0.089166544 -0.089166667 -0.30083333 0.066666667 -0.26666667 -0.33833333 -0.18916667 -0.0425 -0.42833333 -0.089166667 -0.071666667 -0.35083333 -0.11416667 0.37916667 0.295 -0.3425 0.29 0.29 0.29 0.32993823 0.33 0.33 0.099166667 0.14833333 0.14833333 0.14833333 0.1425 0.1425 0.1425 -0.0775 -0.0775 -0.077499989 0.035629015 -0.10448138 -0.1005899 0.45233791 0.4575 0.4575 0.4961754 0.765 0.765 0.76330992 -0.55666667 -0.55666667 -0.55666667 -0.55666667 -0.55666667 -0.4275 -0.4275 -0.4275 -0.4275 0.25916667 0.25916667
-0.22 -0.089166717 -0.33752566 0.3075 -0.595 -0.21 -0.29083333 -0.46416667 -0.03 0.1011589 -0.06 -0.092499999 -0.1575 0.37916667 -0.0975 -0.3425 -0.19695547 -0.19549293 -0.465 0.33 0.33 -0.20583333 0.099166667 0.099166667 0.14833333 0.1483333 0.1425 0.1425 0.1425 -0.18166667 0.0044265292 0.1575 0.1575 0.15750023 0.4575 0.4575 0.4575 0.4575 0.765 0.765 0.765 0.76499995 -0.55666667 -0.55666667 -0.55666667 -0.55666667 -0.55666667 -0.42750163 -0.4275 -0.4275 -0.4275 0.25915951 0.25916667
-0.22 0.026665999 -0.3375 -0.30323942 -0.595 -0.50833333 -0.10834912 0.0775 -0.14416667 0.36416644 0.16274626 0.068344315 0.145 -0.0975 -0.0975 -0.25912473 -0.19583333 -0.19583333 -0.465 -0.465 0.3299989 -0.20583333 0.16 0.2375 0.083333333 0.083414423 0.1425 0.1425 -0.18166667 -0.18166667 0.1575 0.1575 0.1575 0.16205724 0.4575 0.4575 0.4575 0.765 0.765 0.765 0.765 0.76498134 -0.55666665 -0.55666667 -0.55666667 -0.55666667 -0.55666667 -0.55551692 -0.4275 -0.42747904 0.04 0.04 0.04
-1.4208333 -0.29416667 -0.087500001 -0.14833333 -0.44416667 -0.33416667 -0.375 -0.31706704 0.12416667 -0.255 -0.29666667 0.023333333 0.023333414 0.11916667 0.11916667 -0.18410711 -0.18416667 -0.055 -0.055000001 -0.46499932 -0.46916667 -0.46916667 0.2375 0.083333333 0.083333333 0.43 -0.019166667 -0.019166667 0.33161959 -0.18166667 0.1575 0.1575 0.18166667 0.18169296 0.43331538 0.6675 0.6675 0.73483615 0.765 0.765 0.57190779 0.57166667 0.57166816 0.14161851 0.1540881 0.15416648 0.15416664 0.1541664 0.16688772 0.04 0.04 0.04 0.04
-0.94250084 -0.38833333 -0.44903691 -0.2725 -0.2475 -0.5675 -0.27666666 -0.37 -0.29166667 -0.29166667 -0.29666667 0.028333333 -0.25249996 0.11916667 0.06250017 0.0625 -0.18416667 0.12083333 0.30583333 0.30583333 -0.35252861 -0.22166667 -0.22166667 0.29916666 0.43 0.43 -0.019166667 -0.019166667 0.33164646 0.33129472 0.42862793 0.18166667 0.18166667 0.43333333 0.43333333 0.70199387 0.6675 0.6675 0.65500043 0.57166678 0.57166667 0.57166667 0.57167429 0.15416755 0.15416667 0.15416667 0.15416667 0.1541667 0.20916667 0.040033524 0.04 0.04 0.04
-0.9425 -0.38333333 -0.07 -0.67833333 -0.52334222 -0.425 -0.33333333 -0.3175 -0.225 -0.1775 -0.1775 -0.10916667 -0.2525 -0.2525 0.060338808 -0.25322908 -0.28416667 0.17666667 -0.10333291 0.30583333 0.24493419 0.3125 -0.42583333 0.29833333 0.2983288 -0.053333333 0.13166667 0.13166661 -0.013785232 -0.01499999 0.43 0.065822033 0.31333333 0.43333333 0.44029726 0.73083333 0.73083333 0.655 0.655 0.57166667 0.57166667 0.57166668 0.31617787 0.31333333 0.15416667 0.15416667 0.15416667 0.20916457 0.20916667 0.20916667 0.04 0.04 0.04
-0.44073238 -0.38333333 -0.17583333 -0.1 -0.33416667 -0.46916667 -0.1075 0.15 -0.18333333 0.053239825 0.0525 -0.10166667 -0.10166667 0.28416667 0.284162 -0.43790366 -0.43833333 -0.43833333 0.13392424 -0.37333336 -0.48333333 -0.48333332 0.14666667 -0.20022049 -0.017894619 -0.053333333 0.2725 0.13166667 0.4000977 0.40166667 -0.0033333333 0.7825 0.48912082 0.29583333 0.6775 0.66583333 0.81833333 0.24166667 0.90885844 0.57449 1.2041667 0.735 0.31338421 0.31333333 0.31243746 0.15416667 -0.14833332 0.20916666 0.20916667 0.20916667 0.20916667 0.06043997 -0.060833333
-0.76166667 -0.76166667 -0.043333333 -0.0425 -0.29333333 -0.255 -0.1125 -0.19166667 -0.081666667 0.1132792 0.0275 0.43833333 0.28416667 0.28416667 -0.21166667 -0.2147755 -0.43833333 -0.43826178 -0.13083333 -0.37333333 -0.37333333 -0.38750502 0.14666667 0.021669034 0.021666667 0.021666667 0.2725 0.3325 0.3325 0.40166667 0.40166667 0.78139522 0.2 0.29583333 0.4225 0.66583333 0.81833333 0.6275 0.90916667 0.6755158 0.73500002 0.69489878 0.62583333 0.31333333 0.31333333 -0.14833333 -0.14833333 -0.14833333 0.20916667 0.20916667 0.20416667 0.20416667 0.20416657
-0.76166667 -0.76166667 -0.46 -0.615 -0.4475 -0.090833333 -0.3425 0.16134988 0.070833333 0.043333333 -0.125 -0.2575 0.43740675 -0.21166667 -0.21166667 -0.21164946 -0.0625 -0.066086454 -0.13083333 -0.2425 -0.2425 -0.25333333 -0.25333333 0.021666667 0.021666667 0.021666667 0.3325 0.3325 0.3325 -0.0725 -0.0725 -0.072499551 0.335 0.335 -0.0041666667 -0.115 0.73333333 0.42250048 0.59833333 0.67166667 0.67166667 0.36500086 0.62583333 0.31333333 0.3208332 0.14166667 0.52458934 0.5275 0.595 0.595 0.20416667 0.20416667 0.20416667
-0.76166667 -0.63143904 -0.52614403 -0.5849953 -1.5659645e-14 -0.2575 -0.3425 0.16166667 0.070834092 0.043638 -0.25749961 -0.2575 -0.03 -0.21166667 -0.21166667 -0.062500005 -0.0625 -0.062503889 -0.13083333 -0.2425 -0.24462745 -0.25333333 -0.25333333 0.021655757 0.021666667 0.051251427 0.11166667 0.11166667 0.11166669 -0.0725 -0.0725 0.0725 0.0725 0.33499907 -0.0041666667 0.38916664 0.69257646 0.4225 0.4225 0.67166666 0.365 0.365 0.36499972 0.32083333 0.32083333 0.14166667 0.5275 0.5275 0.595 0.595 0.20416667 0.20416667 0.20416667
0.058333333 -0.025046064 0.01414342 0.0098326259 -1.4434178e-06 -0.25749392 -0.3425 0.15546066 0.077092679 0.070115235 -0.03 -0.03 -0.03 -0.03 -0.21164093 -0.0625 -0.0625 -0.063382292 -0.13083333 -0.24245325 -0.083333333 -0.083333333 -0.083333333 -0.083333333 0.019966946 0.11166667 0.11166667 0.11166667 0.11166667 0.11157238 0.0725 0.0725 0.0725 0.0725 0.38916667 0.38916667 0.38916667 0.42095888 0.42084768 0.2025 0.2025 0.36499126 0.30000071 0.32083133 0.32083333 0.14166667 0.5275 0.5275 0.595 0.595 0.20558457 0.20416667 0.51196461
0.058333333 0.014166667 0.014166667 0.014166667 0.014166667 0.014166554 -0.34228237 -0.10395887 0.093792017 -0.029892072 -0.03 -0.03 -0.03 -0.03 -0.029999922 -0.062500002 -0.062500011 -0.0671872 -0.13083223 -0.083333333 -0.083333333 -0.083333333 -0.083333333 -0.083333333 -0.07949558 0.13788299 0.15916666 0.15916667 0.15916667 0.15916667 0.0725 0.0725 0.07249988 -0.0275 -0.0275 0.38916667 0.15827113 0.15166667 0.20249997 0.2025 0.2025 0.2025 0.3 0.3 0.3 0.29889814 0.6607136 0.66166667 0.66166667 0.66166667 0.66166667 0.84666653 0.84666667
0.1875 0.014166667 0.014166667 0.014166667 0.014166667 0.014166667 0.014166644 -0.17904368 0.081719834 0.081666667 0.081666667 0.081666667 0.081666667 0.081666667 0.081666666 0.12410462 -0.059530543 -0.071857081 -0.083339283 -0.083333333 -0.083333333 -0.083333333 -0.083333333 -0.08333306 0.094166667 0.094166667 0.094166758 0.15916667 0.15916667 0.15898311 0.0675 0.0675 -0.0275 -0.0275 -0.0275 0.12296612 0.15166667 0.15166667 0.15166667 0.2025 0.2025 0.2025 0.3 0.3 0.3 0.3 0.66166666 0.66166667 0.66166667 0.66166667 0.66166667 0.84666667 0.84666667
0.1875 0.12296997 0.014166667 0.014166667 0.014166667 0.014166667 -0.066650802 -0.066666667 -0.066666663 0.081666667 0.081666667 0.081666667 0.081666667 0.081666667 0.091226303 0.125 0.125 0.125 0.15095108 0.15166643 0.15166667 0.15166667 0.15166667 0.15166667 0.094166667 0.094166667 0.094166667 0.094166667 0.15916667 0.0675 0.0675 0.0675 -0.027499991 -0.0275 -0.0275 0.16583333 0.15168542 0.15166667 0.15166667 0.20245917 0.12097598 -0.069185557 0.3 0.3 0.059079131 0.058333333 0.058333333 0.66044619 -0.077408211 -0.079999935 -0.079999859 0.12094315 0.84666519
0.1875 -0.1490451 -0.073126275 0.014166667 0.014166667 -0.066618906 -0.066666667 -0.066666667 -0.066666667 -0.065597734 0.081666667 0.081666667 0.081666667 0.081666672 0.125 0.125 0.125 0.125 0.15164285 0.15166667 0.15166667 0.15166667 0.15166667 0.15166667 0.094166668 0.094166667 0.094166667 0.094166667 0.094069669 0.0675 0.0675 0.0675 -0.05833333 -0.027481079 0.16583333 0.16583333 0.16583333 0.16497119 -0.055962219 -0.07 -0.07 -0.07 -0.11 -0.11 0.058333333 0.058333333 0.058333333 -0.079999998 -0.08 -0.08 -0.08 0.12083333 0.12083333
-0.15803594 -0.15833333 -0.15833333 -0.15833333 -0.15 -0.066668816 -0.066666667 -0.066666667 -0.066666667 -0.066666667 0.086209101 0.081667449 0.081666668 0.125 0.125 0.125 0.125 0.125 0.12151418 0.15166667 0.15166667 0.15166667 0.15166667 0.15166667 -0.017548268 -0.24666482 -0.24666667 -0.24666667 -0.24666667 0.067499994 -0.058333331 -0.058333333 -0.058333333 -0.058333333 0.16583333 0.16583127 0.0875 0.0875 -0.068033378 -0.07 -0.07 -0.07 -0.11 -0.11 0.032269537 0.058333333 0.058333333 -0.08 -0.08 -0.08 -0.077846544 0.12083333 0.12083333
-0.15833333 -0.15833333 -0.15833333 -0.15440904 -0.15 -0.15 -0.066666667 -0.066666667 -0.066666667 -0.066666667 0.14166667 0.14166667 0.14166667 0.125 0.125 0.125 0.125 0.12500275 0.036666667 0.036666667 0.15166662 0.15166667 0.14462668 -0.1375 -0.13848278 -0.24666667 -0.24666667 -0.24666667 -0.24666667 -0.05835251 -0.058333333 -0.058333333 -0.058333333 -0.058333333 0.087500275 0.0875 0.0875 0.0875 0.08693518 -0.07 -0.07 -0.07 -0.11 -0.11 -0.11 0.058333333 0.058333333 -0.079999998 -0.08 -0.08 0.12083333 0.12083333 0.12083333
-0.15833333 -0.15833333 -0.15833333 -0.15 -0.15 -0.15 -0.14999987 -0.066666667 -0.066666667 0.14145161 0.14166667 0.14166667 0.14166667 0.14165628 0.13849037 0.14166667 0.14166667 0.14166667 0.036666667 0.036666667 0.036666667 -0.1375 -0.1375 -0.1375 -0.13755556 -0.29343675 -0.24666667 -0.24666667 -0.24666667 -0.15688546 -0.17415527 -0.17416667 -0.17416667 -0.17416667 0.0086078246 -0.10166624 -0.10166667 -0.10166667 -0.10166667 -0.24747571 -0.2475 -0.2475 -0.11 -0.11 -0.17833305 -0.17833329 -0.0475 -0.0475 -0.023333333 -0.023333333 -0.023333333 0.12083333 0.053393687
-0.15833355 -0.15833333 -0.15833333 -0.15 -0.15 -0.15 -0.15 -0.24249995 -0.067369717 0.14120043 0.14166667 0.14166667 0.14166667 0.14166667 0.14166667 0.14166667 0.14166667 0.14166664 0.036666667 0.036666667 0.036666667 -0.1375 -0.1375 -0.1375 -0.33583333 -0.33583333 -0.34333333 -0.34333333 -0.34333333 -0.34241048 -0.17416667 -0.17416667 -0.17416667 -0.17416667 -0.13793662 -0.10166667 -0.10166667 -0.10166667 -0.10166667 -0.2475 -0.2475 -0.2475 -0.24532375 -0.17833333 -0.17833333 -0.17833333 -0.0475 -0.0475 -0.023333333 -0.023333333 -0.023333333 0.053333331 0.053333333
-0.2275 -0.19801308 -0.30416667 -0.30412194 -0.15 -0.2419648 -0.2425 -0.2425 -0.29078017 -0.3725 -0.3725 -0.3725 -0.3725 0.22748047 0.2275 0.14166673 0.14166667 0.13890007 0.036666667 0.036666667 0.036666667 -0.3875 -0.3875 -0.3875 -0.33583333 -0.33583333 -0.34333333 -0.34333333 -0.34333333 -0.34333335 -0.35999882 -0.35999948 -0.17883731 -0.17436589 -0.42138278 -0.42166667 -0.42166667 -0.42166667 -0.42166667 -0.2475 -0.2475 -0.2475 -0.18214194 -0.17833333 -0.17833333 -0.17833335 -0.0475 -0.0475 -0.04749913 -0.023333333 -0.023330688 0.035833333 0.053333333
-0.23583175 -0.23583335 -0.30416667 -0.30416667 -0.30416667 -0.2425 -0.2425 -0.2425 -0.375 -0.375 -0.3725 -0.3725 -0.3725 0.2275 0.2275 0.2275 0.2275 0.2274785 0.036666667 0.036666667 0.03666665 -0.3875 -0.3875 -0.3875 -0.33583333 -0.33583333 -0.34333333 -0.34333333 -0.34333333 -0.35981208 -0.36 -0.36 -0.36 -0.36 -0.42163624 -0.42166667 -0.42166667 -0.42166667 -0.42166667 -0.35499997 -0.355 -0.355 -0.355 -0.17833397 -0.26083333 -0.26083333 -0.26083333 -0.029166667 -0.029166667 -0.029166667 0.035833333 0.035833333 0.035833333
-0.23583333 -0.23583333 -0.30416667 -0.30416667 -0.30416667 -0.24282413 -0.2425 -0.375 -0.375 -0.375 -0.37250031 -0.3725 -0.17911382 0.22749992 0.2275 0.2275 0.2275 -0.019166666 -0.019166667 -0.019166667 -0.295 -0.29500007 -0.38749955 -0.3875 -0.38747956 -0.3775 -0.3775 -0.37749992 -0.34333885 -0.59828584 -0.59833206 -0.59829172 -0.36040734 -0.36020568 -0.41083868 -0.42166679 -0.42271951 -0.73583333 -0.73583333 -0.355 -0.355 -0.355 -0.355 -0.26083333 -0.26083333 -0.26083333 -0.26083333 -0.029166667 -0.029166667 -0.029166667 0.035833333 0.035833333 0.035833333
-0.23583333 -0.23583333 -0.30416667 -0.30416667 -0.30416667 -0.30416667 -0.29209088 -0.375 -0.375 -0.375 -0.37486789 -0.13583333 -0.13583333 -0.13583333 0.22535879 0.2275 -0.017522941 -0.019166667 -0.019166667 -0.019166667 -0.295 -0.295 -0.295 -0.295 -0.3775 -0.3775 -0.3775 -0.3775 -0.3775 -0.59833333 -0.59833333 -0.59833333 -0.59833333 -0.59833339 -0.62416667 -0.73583333 -0.73583333 -0.73583333 -0.73583333 -0.73583215 -0.42333333 -0.42333333 -0.42333333 -0.3305911 -0.13833333 -0.13833333 -0.13833333 -0.02916667 -0.029166815 -0.1825 -0.1825 0.052495945 0.0525
-0.23583333 -0.23583333 -0.27950313 -0.30416667 -0.30416667 -0.30416667 -0.27933672 -0.37469799 -0.375 -0.375 -0.13583333 -0.13583333 -0.13583333 -0.13583333 -0.13583333 -0.10603471 -0.019166667 -0.019166667 -0.019166667 -0.019166667 -0.29499787 -0.295 -0.295 -0.295 -0.3775 -0.3775 -0.3775 -0.3775 -0.3775 -0.60141232 -0.59833333 -0.59833333 -0.59833333 -0.62416667 -0.62416667 -0.62425338 -0.73583333 -0.73583333 -0.67955548 -0.63583334 -0.42333333 -0.42333333 -0.42333333 -0.33172932 -0.13833333 -0.13833333 -0.13833333 -0.315 -0.18415094 -0.1825 -0.1825 0.0525 0.0525
-0.2 -0.2 -0.2 -0.27804922 -0.30414077 -0.27916667 -0.27916667 -0.27916667 -0.27916667 -0.1425 -0.1425 -0.13583333 -0.13583333 -0.13583333 -0.13583333 -0.13582594 -0.019166667 -0.019166667 -0.019166667 -0.019166667 -0.17463528 -0.295 -0.295 -0.28714887 -0.012032295 -0.3775 -0.3775 -0.3775 -0.6025 -0.6025 -0.6025 -0.60249998 -0.62416667 -0.62416667 -0.62416667 -0.62416667 -0.63583333 -0.63583333 -0.63583333 -0.63583333 -0.32416667 -0.32416667 -0.32416667 -0.12667064 -0.12666667 -0.12666667 -0.12666667 -0.315 -0.315 -0.18266144 -0.1825 0.052499353 0.0525
