interpolatedSpi/02-12|23_1.tif
NCOLS 53
NROWS 52
XLLCORNER -116.03883
YLLCORNER 28.596182
DX 0.49850594
DY 0.49788537
NODATA_VALUE -9999
[rows 0 to 26 of 52, columns 0 to 52 of 53]
-0.44545455 -0.44545455 -0.56344677 -0.80818182 -0.4 -0.59272727 -0.61363636 -0.54363636 -0.77762831 -0.86181818 -0.64545455 -0.77090909 -1.0245246 -0.77181818 -0.52545455 -0.52545455 -0.52545455 -0.59090909 -0.55090909 -0.55090909 -0.55090909 -0.55090785 -0.42181818 -0.49272727 -0.49272727 -0.49272727 -0.96726937 -0.96727273 -0.96727273 -1.2745455 -1.2745455 -1.2745455 -1.2745455 -1.2145455 -1.2145455 -1.2145455 -1.2145455 -1.2145455 -1.2145455 -1.2145454 -0.11277628 -0.10110295 -0.86181818 -0.86181818 -0.86181818 -0.86181818 -0.86087975 -0.28727273 -0.28727273 -0.28727273 -0.30454542 -0.30454545 -0.30454545
-0.44547179 -0.83363636 -0.64090919 -0.64324194 -0.72460907 -0.73272727 -0.71818182 -0.61189908 -0.79181818 -0.68363636 -0.99909091 -1.0245455 -1.0245455 -0.69842736 -0.77181512 -0.52545455 -0.59090909 -0.59090909 -0.55096125 -0.55090909 -0.55090909 -0.55090909 -0.50339825 -0.49272727 -0.49272727 -0.49272727 -0.59999999 -0.6 -1.2745455 -1.2745455 -1.2745455 -1.2745455 -1.2745455 -1.2145455 -1.2145455 -1.2145455 -1.2145455 -1.2145455 -1.2145454 -1.0753828 -0.34915365 -0.7996031 -0.86181818 -0.86181818 -0.86181818 -0.86181818 -0.86181818 -0.28727273 -0.28727273 -0.28727273 -0.288705 -0.30454545 -0.30454545
0.027249553 0.027272727 -0.72727273 -0.53 -0.77909091 -0.41 -0.49909091 -0.42363636 -0.86 -0.91636364 -0.87 -1.0545455 -1.0381818 -0.90636364 -0.69818182 -1.0318182 -0.59090909 -0.59090909 -0.59090909 -0.48002061 -0.48 -0.48 -0.69545455 -0.49272727 -0.49272727 -0.49272727 -0.6 -0.6 -0.6 -1.2745455 -1.2745455 -1.2745454 -1.1082436 -1.2134071 -1.2103823 -0.7713713 -0.76727273 -0.76727273 -0.71467648 -0.34909091 -0.34909091 -0.34974656 -0.86181818 -0.86181818 -0.86181818 -0.86181818 -0.86181818 -0.28727273 -0.28727273 -0.28727273 -0.28727273 -0.30454545 -0.30454545
0.035454545 0.027272653 -0.34097816 -0.36363636 -0.67363636 -0.71363636 -0.72909091 -0.98818182 -0.53909091 -0.78615212 -0.95909091 -0.96454545 -1.0781818 -0.90636364 -0.97454545 -1.0318182 -0.75215618 -0.74988853 -0.66454545 -0.48 -0.48 -0.81363636 -0.69545455 -0.69545455 -0.49272727 -0.49272781 -0.6 -0.6 -0.6 -0.75636364 -0.85113524 -0.92909091 -0.92909091 -0.92909077 -0.76727273 -0.76727273 -0.76727273 -0.76727273 -0.34909091 -0.34909091 -0.34909091 -0.34909093 -0.86181818 -0.86181818 -0.86181818 -0.86181818 -0.86181818 -0.28727998 -0.28727273 -0.28727273 -0.28727273 -0.30456259 -0.30454545
0.035454545 -0.060909604 -0.34090909 -0.58254233 -0.67363636 -0.73727273 -0.84544546 -1.19 -1.1327273 -0.86818194 -0.94129267 -0.97264185 -0.37636364 -0.97454545 -0.97454545 -1.0084388 -0.75 -0.75 -0.66454545 -0.66454545 -0.48000066 -0.81363636 -0.67272727 -0.46727273 -0.59818182 -0.59816715 -0.6 -0.6 -0.75636364 -0.75636364 -0.92909091 -0.92909091 -0.92909091 -0.83068997 -0.76727273 -0.76727273 -0.76727273 -0.34909091 -0.34909091 -0.34909091 -0.34909091 -0.34910477 -0.86181818 -0.86181818 -0.86181818 -0.86181818 -0.86181818 -0.85670402 -0.28727273 -0.28729702 -0.82909091 -0.82909091 -0.82909091
-0.96363636 -0.39545455 -0.34999998 -0.20545455 -0.41363636 -0.58454545 -0.88090909 -0.92048158 -1.0636364 -1.2527273 -1.1454545 -0.96545455 -0.96545416 -0.88272727 -0.88272727 -0.58085224 -0.58090909 -0.70727273 -0.70727273 -0.66454516 -0.80272727 -0.80272727 -0.46727273 -0.59818182 -0.59818182 -0.53545455 -0.82454545 -0.82454545 -0.53911108 -0.75636364 -0.92909091 -0.92909091 -0.40727273 -0.40727216 -0.40181858 -0.41090909 -0.41090909 -0.36821577 -0.34909091 -0.34909091 -0.49254813 -0.49272727 -0.49272688 -0.52067577 -0.51458384 -0.51454555 -0.51454547 -0.51454559 -0.8743379 -0.82909091 -0.82909091 -0.82909091 -0.82909091
-0.076366016 -0.16272727 -0.15120953 -0.39 -0.34909091 -0.80909091 -0.68636364 -0.97727273 -1.2790909 -1.2790909 -1.1454545 -1.1590909 -0.93363637 -0.88272727 -0.34545616 -0.34545455 -0.58090909 -0.26454545 -0.33454545 -0.33454545 -0.72132697 -0.63 -0.63 -0.60363636 -0.53545455 -0.53545455 -0.82454545 -0.82454545 -0.53910998 -0.53944205 -0.24283834 -0.40727273 -0.40727273 -0.40181818 -0.40181818 -0.55994241 -0.41090909 -0.41090909 -0.730898 -0.4927276 -0.49272727 -0.49272727 -0.49272519 -0.5145456 -0.51454545 -0.51454545 -0.51454545 -0.51454569 -0.90272727 -0.8291055 -0.82909091 -0.82909091 -0.82909091
-0.076363636 -0.46636364 -0.15545455 -0.55090909 -0.44818771 -0.70363636 -0.92363636 -1.0318182 -0.93636364 -1.2318182 -1.2318182 -0.96272727 -0.93363636 -0.93363636 -0.34949002 -0.46882072 -0.48090909 -0.23636364 -0.44909079 -0.33454545 -0.1778695 -0.12909091 -0.65363636 -0.16272727 -0.16273284 -0.59454545 -0.41272727 -0.41272742 -0.86521683 -0.86636362 -0.24090909 -0.3968457 -0.27818182 -0.40181818 -0.40648529 -0.68454545 -0.68454545 -0.73090909 -0.73090909 -0.49272727 -0.49272727 -0.49272727 -0.53897121 -0.54 -0.51454545 -0.51454545 -0.51454545 -0.9027125 -0.90272727 -0.90272727 -0.82909091 -0.82909091 -0.82909091
-0.54897964 -0.46636363 -0.054545455 -0.65090909 -0.43090909 -0.85181818 -0.70727273 -0.38090909 -1.0054545 -0.37765366 -0.49 -0.91545454 -0.91545455 -0.36454545 -0.36454567 -0.52170416 -0.52181818 -0.52181818 -0.26883678 -0.76363635 -0.70363636 -0.70363636 -0.95727273 -0.77329446 -0.55102958 -0.59454545 -0.29090909 -0.41272727 -0.38832445 -0.38818182 -0.43 -0.60909091 -0.47722434 -0.76 -0.56545455 -0.60818182 -0.61454545 -0.50727273 -0.40641023 -0.49198466 -0.32636364 -0.38090909 -0.53997839 -0.54 -0.53985673 -0.51454545 -0.82545453 -0.90272727 -0.90272727 -0.90272727 -0.90272727 -0.77193067 -0.13909091
-1.0109091 -1.0109091 -0.013636364 -0.13363636 -0.68909091 -0.62 -0.49454545 -0.71909091 -0.45727273 -0.21822942 -0.77090909 -0.21090909 -0.36454545 -0.36454545 -0.38727273 -0.38911808 -0.52181818 -0.52174532 -0.18727273 -0.76363636 -0.76363636 -0.75590633 -0.95727273 -0.64636952 -0.64636364 -0.64636364 -0.29090909 -0.16181818 -0.16181818 -0.38818182 -0.38818182 -0.60859434 -0.34727273 -0.76 -0.66909091 -0.60818182 -0.61454545 -0.77090909 -0.40636364 -0.18009124 -0.38090909 -0.39059349 -0.40727273 -0.54 -0.54 -0.82545455 -0.82545455 -0.82545455 -0.90272727 -0.90272727 -0.37 -0.37 -0.36999991
-1.0109091 -1.0109091 -0.44090909 -0.58181818 -0.65909091 -0.31090909 -0.77636364 -0.10259056 -0.34636364 -0.30818182 -0.28363636 -0.084545455 -0.21074109 -0.38727273 -0.38727273 -0.38726633 -0.33181818 -0.32423176 -0.18727273 -0.18636364 -0.18636364 -0.32454545 -0.32454545 -0.64636364 -0.64636364 -0.64636364 -0.16181818 -0.16181818 -0.16181818 -0.55 -0.55 -0.54999967 -0.56636364 -0.56636364 -1.0345455 -0.77636364 -0.44818182 -0.3845501 -0.38909091 -0.17636364 -0.17636364 -0.37454556 -0.40727273 -0.54 -0.17000009 -0.19181818 -0.28959055 -0.28727273 -0.25090909 -0.25090909 -0.37 -0.37 -0.37
-1.0109091 -0.76479624 -0.50104003 -0.80726592 -0.41 -0.43 -0.77636364 -0.10181818 -0.34636159 -0.30860483 -0.084545746 -0.084545455 -0.0054545455 -0.38727273 -0.38727273 -0.33181818 -0.33181818 -0.33180996 -0.18727273 -0.18636364 -0.21349973 -0.32454545 -0.32454545 -0.64635033 -0.64636364 -0.51995602 -0.26181818 -0.26181818 -0.26181817 -0.55 -0.55 -0.35909091 -0.35909091 -0.56636492 -1.0345455 -0.38727298 -0.52558895 -0.38454545 -0.38454545 -0.17636364 -0.37454545 -0.37454545 -0.37454398 -0.17 -0.17 -0.19181818 -0.28727273 -0.28727273 -0.25090909 -0.25090909 -0.37 -0.37 -0.37
-0.26272727 -0.39406467 -0.38818894 -0.39121286 -0.41000021 -0.42999953 -0.77636363 -0.11012145 -0.32951195 -0.34536661 -0.0054545455 -0.0054545455 -0.0054545455 -0.0054545455 -0.38721864 -0.33181818 -0.33181818 -0.32995187 -0.18727273 -0.18629764 0.041818182 0.041818182 0.041818182 0.041818182 -0.63439911 -0.26181818 -0.26181818 -0.26181818 -0.26181818 -0.26189953 -0.35909091 -0.35909091 -0.35909091 -0.35909091 -0.38727273 -0.38727273 -0.38727273 -0.38531436 -0.38346667 -0.24090909 -0.24090909 -0.37453827 -0.11636547 -0.16999483 -0.17 -0.19181818 -0.28727273 -0.28727273 -0.25090909 -0.25090909 -0.36956795 -0.37 -0.68221545
-0.26272727 -0.38818182 -0.38818182 -0.38818182 -0.38818182 -0.38818184 -0.77547698 -0.45722554 -0.28455324 -0.0058207028 -0.0054545455 -0.0054545455 -0.0054545455 -0.0054545455 -0.0054544803 -0.33181818 -0.33181816 -0.32190335 -0.187274 0.041818182 0.041818182 0.041818182 0.041818182 0.041818182 0.044686149 -0.036030055 0.051818117 0.051818182 0.051818182 0.051818182 -0.3590909 -0.35909091 -0.35909027 0.17545455 0.17545455 -0.38727273 0.11561554 0.13 -0.24090888 -0.24090909 -0.24090909 -0.24090909 -0.11636364 -0.11636364 -0.11636364 -0.11688873 0.12098267 0.12363636 0.12363636 0.12363636 0.12363636 -0.2618182 -0.26181818
-0.40727273 -0.38818182 -0.38818182 -0.38818182 -0.38818182 -0.38818182 -0.38818184 -0.42144675 0.090847406 0.092727273 0.092727273 0.092727273 0.092727273 0.092727273 0.092727272 0.20044739 -0.32332235 -0.31202495 0.041789329 0.041818182 0.041818182 0.041818182 0.041818182 0.041818334 0.17454545 0.17454545 0.17454528 0.051818182 0.051818182 0.052591852 0.43818182 0.43818182 0.17545455 0.17545455 0.17545455 0.13728146 0.13 0.13 0.13 -0.24090909 -0.24090909 -0.24090909 -0.11636364 -0.11636364 -0.11636364 -0.11636364 0.12363636 0.12363636 0.12363636 0.12363636 0.12363636 -0.26181818 -0.26181818
-0.40727273 -0.4001654 -0.38818182 -0.38818182 -0.38818182 -0.38818182 0.069910075 0.07 0.070000001 0.092727273 0.092727273 0.092727273 0.092727273 0.092727273 0.11699404 0.20272727 0.20272727 0.20272727 0.17232872 0.17272714 0.17272727 0.17272727 0.17272727 0.17272727 0.17454545 0.17454545 0.17454545 0.17454545 0.051818182 0.43818182 0.43818182 0.43818182 0.17545457 0.17545455 0.17545455 0.44 0.13041045 0.13 0.13 -0.24086823 -0.15958905 0.030096686 -0.11636364 -0.11636364 -0.054736229 -0.054545455 -0.054545455 0.12320122 -0.13998462 -0.14090907 -0.14090904 -0.1427453 -0.26181794
-0.40727273 -0.17017968 -0.27455148 -0.38818182 -0.38818182 0.069729284 0.07 0.07 0.07 0.070163779 0.092727273 0.092727273 0.092727273 0.092727286 0.20272727 0.20272727 0.20272727 0.20272727 0.17275407 0.17272727 0.17272727 0.17272727 0.17272727 0.17272727 0.17454545 0.17454545 0.17454545 0.17454545 0.17550439 0.43818182 0.43818182 0.43818182 0.50545454 0.17548942 0.44 0.44 0.44 0.44022676 0.037195847 0.030909091 0.030909091 0.030909091 -0.24090909 -0.24090909 -0.054545455 -0.054545455 -0.054545455 -0.14090909 -0.14090909 -0.14090909 -0.14090909 -0.14272727 -0.14272727
-0.16371892 -0.16363636 -0.16363636 -0.16363636 0.24818182 0.070004596 0.07 0.07 0.07 0.07 0.098852745 0.092728327 0.092727275 0.20272727 0.20272727 0.20272727 0.20272727 0.20272727 0.20800825 0.17272727 0.17272727 0.17272727 0.17272727 0.17272727 0.23100213 0.32363556 0.32363636 0.32363636 0.32363636 0.43818182 0.50545454 0.50545455 0.50545455 0.50545455 0.44 0.4400006 0.46272727 0.46272727 0.036300984 0.030909091 0.030909091 0.030909091 -0.24090909 -0.24090909 -0.083400962 -0.054545455 -0.054545455 -0.14090909 -0.14090909 -0.14090909 -0.14092859 -0.14272727 -0.14272727
-0.16363636 -0.16363636 -0.16363636 0.030294962 0.24818182 0.24818182 0.07 0.07 0.07 0.07 0.17363636 0.17363636 0.17363636 0.20272727 0.20272727 0.20272727 0.20272727 0.20277174 0.32363636 0.32363636 0.17272733 0.17272727 0.1728158 0.17636364 0.17768947 0.32363636 0.32363636 0.32363636 0.32363636 0.50543603 0.50545455 0.50545455 0.50545455 0.50545455 0.46272719 0.46272727 0.46272727 0.46272727 0.46119441 0.030909091 0.030909091 0.030909091 -0.24090909 -0.24090909 -0.24090909 -0.054545455 -0.054545455 -0.14090909 -0.14090909 -0.14090909 -0.14272727 -0.14272727 -0.14272727
-0.16363636 -0.16363636 -0.16363636 0.24818182 0.24818182 0.24818182 0.24818155 0.07 0.07 0.17352938 0.17363636 0.17363636 0.17363636 0.17365449 0.42053549 0.47181818 0.47181818 0.47181818 0.32363636 0.32363636 0.32363636 0.17636364 0.17636364 0.17636364 0.17638426 0.2850123 0.32363636 0.32363636 0.32363636 0.46061559 0.45545946 0.45545455 0.45545455 0.45545455 0.36079778 0.21727328 0.21727273 0.21727273 0.21727273 -0.049988929 -0.05 -0.05 -0.24090909 -0.24090909 -0.09636424 -0.096363661 -0.16727273 -0.16727273 -0.070909091 -0.070909091 -0.070909091 -0.14272727 -0.019201455
-0.16363558 -0.16363636 -0.16363635 0.24818182 0.24818182 0.24818182 0.24818182 0.1572727 0.070348951 0.17367676 0.17363636 0.17363636 0.17363636 0.17422148 0.47181818 0.47181818 0.47181818 0.47181814 0.32363636 0.32363636 0.32363636 0.17636364 0.17636364 0.17636364 0.25 0.25 0.49818181 0.49818182 0.49818182 0.49794873 0.45545455 0.45545455 0.45545455 0.45545455 0.33642901 0.21727273 0.21727273 0.21727273 0.21727273 -0.05 -0.05 -0.05 -0.051458777 -0.096363636 -0.096363636 -0.096363636 -0.16727273 -0.16727273 -0.070909091 -0.070909091 -0.070909091 -0.019090911 -0.019090909
0.089090909 -0.022926302 0.066363636 0.066416385 0.24818182 0.15779872 0.15727273 0.15727273 0.24141107 0.21818182 0.21818182 0.21818182 0.21818182 0.60362382 0.60363636 0.47181828 0.47181818 0.46791381 0.32363636 0.32363636 0.32363636 0.18181818 0.18181818 0.18181818 0.25 0.25 0.49818182 0.49818182 0.49818182 0.4981818 0.47909076 0.47909084 0.45604861 0.45547989 0.11675121 0.11636364 0.11636364 0.11636364 0.11636364 -0.05 -0.05 -0.05 -0.093810632 -0.096363636 -0.096363636 -0.096363664 -0.16727273 -0.16727273 -0.16726926 -0.070909091 -0.070920677 -0.33 -0.019090909
0.24724269 0.2472727 0.066363636 0.066363636 0.066363636 0.15727273 0.15727273 0.15727273 0.38818182 0.38818182 0.21818182 0.21818182 0.21818182 0.60363636 0.60363636 0.60363636 0.60363636 0.60360479 0.32363636 0.32363636 0.32363636 0.18181818 0.18181818 0.18181818 0.25 0.25 0.49818182 0.49818182 0.49818182 0.47930616 0.47909091 0.47909091 0.47909091 0.47909091 0.11654262 0.11636364 0.11636364 0.11636364 0.11636364 0.066363606 0.066363636 0.066363636 0.066363636 -0.096364836 -0.25272727 -0.25272727 -0.25272727 -0.47 -0.47 -0.47 -0.33 -0.33 -0.33
0.24727273 0.24727273 0.066363636 0.066363636 0.066363636 0.15679489 0.15727273 0.38818182 0.38818182 0.38818182 0.21820275 0.21818182 0.26126658 0.60363629 0.60363636 0.60363636 0.60363636 0.15818182 0.15818182 0.15818182 0.12727273 0.12727277 0.18181792 0.18181818 0.18195428 0.37909091 0.37909091 0.37909119 0.49816257 0.37456629 0.37454601 0.37456371 0.47891223 0.47900069 0.18089788 0.11636361 0.11611991 0.043636364 0.043636364 0.066363636 0.066363636 0.066363636 0.066363636 -0.25272727 -0.25272727 -0.25272727 -0.25272727 -0.47 -0.47 -0.47 -0.33 -0.33 -0.33
0.24727273 0.24727273 0.066363636 0.066363636 0.066363636 0.066363637 0.24369525 0.38818182 0.38818182 0.38818182 0.38811704 0.27090909 0.27090909 0.27090909 0.60167553 0.60363636 0.16115022 0.15818182 0.15818182 0.15818182 0.12727273 0.12727273 0.12727273 0.12727273 0.37909091 0.37909091 0.37909091 0.37909091 0.37909091 0.37454545 0.37454545 0.37454545 0.37454545 0.37454458 -0.041818182 0.043636364 0.043636364 0.043636364 0.043636364 0.043635723 -0.16272727 -0.16272727 -0.16272727 -0.21597638 -0.32636364 -0.32636364 -0.32636364 -0.47 -0.47 -0.46909091 -0.46909091 -0.10550917 -0.10545455
0.24727273 0.24727273 0.13165911 0.066363636 0.066363636 0.06636364 0.22120592 0.38765467 0.38818182 0.38818182 0.27090908 0.27090909 0.27090909 0.27090909 0.27090909 0.29816491 0.15818182 0.15818182 0.15818182 0.15818182 0.12727297 0.12727273 0.12727273 0.12727273 0.37909091 0.37909091 0.37909091 0.37909091 0.37909091 0.11322359 0.37454545 0.37454545 0.37454545 -0.041818182 -0.041818182 -0.041751824 0.043636364 0.043636364 -0.13031336 -0.26545452 -0.16272727 -0.16272727 -0.16272727 -0.21517699 -0.32636364 -0.32636364 -0.32636364 -0.31454545 -0.46716529 -0.46909091 -0.46909091 -0.10545455 -0.10545455
0.21636364 0.21636364 0.21636364 0.10397276 0.066460538 0.22090909 0.22090909 0.22090909 0.22090909 0.23090909 0.23090909 0.27090909 0.27090909 0.27090909 0.27090909 0.27090193 0.15818182 0.15818182 0.15818182 0.15818182 0.14076045 0.12727273 0.12727273 0.13100796 0.27485769 0.37909091 0.37909091 0.37909091 0.020909091 0.020909091 0.020909091 0.020910575 -0.041818182 -0.041818182 -0.041818182 -0.041818182 -0.26545455 -0.26545455 -0.26545455 -0.26545455 -0.21545455 -0.21545455 -0.21545455 -0.29181665 -0.29181818 -0.29181818 -0.29181819 -0.31454545 -0.31454545 -0.4689026 -0.46909091 -0.10545522 -0.10545455
