interpolatedSpi/02-10|19_2.tif
NCOLS 53
NROWS 52
XLLCORNER -116.03883
YLLCORNER 28.596182
DX 0.49850594
DY 0.49788537
NODATA_VALUE -9999
[rows 0 to 26 of 52, columns 0 to 52 of 53]
0.26333333 0.26333333 0.046069322 -0.19888889 -0.11444444 -0.19111111 -0.18555556 -0.28111111 -0.61827685 -0.63777778 -0.47333333 -0.12777778 -0.31333672 -0.35444444 -0.3 -0.3 -0.3 0.023333333 0.064444444 0.064444444 0.064444444 0.064437852 -0.61999999 -0.072222222 -0.072222222 -0.072222222 -0.63444196 -0.63444444 -0.63444444 -0.57444444 -0.57444444 -0.57444444 -0.57444444 -0.74555552 -0.74555556 -0.74555556 -0.74555556 -0.74555556 -0.74555556 -0.74555553 0.025033672 0.033248404 -0.3 -0.3 -0.3 -0.3 -0.30094734 -0.88 -0.88 -0.88 0.0033314987 0.0033333333 0.0033333333
0.26332519 0.08 0.054444862 0.045534267 -0.042367933 0.094444444 0.44222222 -0.20657098 -0.60777778 -0.46888889 0.041111111 -0.31333333 -0.31333333 0.069692109 -0.35443882 -0.3 0.023333333 0.023333333 0.064390841 0.064444444 0.064444444 0.064444444 -0.0951486 -0.072222222 -0.072222222 -0.072222222 -0.034444447 -0.034444445 -0.57444444 -0.57444444 -0.57444444 -0.57444444 -0.57444444 -0.74555553 -0.74555556 -0.74555556 -0.74555556 -0.74555556 -0.74555548 -0.57397158 0.27328926 -0.23043061 -0.3 -0.3 -0.3 -0.3 -0.3 -0.88 -0.88 -0.88 -0.80675315 0.0033333333 0.0033333333
-0.011102389 -0.011111111 0.41666667 0.41555556 -0.14666667 -0.19888889 0.086666667 0.16777778 -0.33333333 -0.33888889 -0.081111111 -0.36 -0.01 -0.17 0.071111111 -0.55444444 0.023333333 0.023333333 0.023333333 -0.10661692 -0.10666667 -0.10666667 -0.50777778 -0.072222222 -0.072222222 -0.072222222 -0.034444444 -0.034444444 -0.034444444 -0.57444444 -0.57444444 -0.57444445 -0.63756134 -0.74350824 -0.73619598 0.25078562 0.26 0.26 0.26167698 0.27333333 0.27333333 0.27260018 -0.3 -0.3 -0.3 -0.3 -0.3 -0.88 -0.88 -0.88 -0.88 0.0033333333 0.0033333333
0.36111111 -0.011111234 -0.62002808 0.25 -0.41 -3.7021657e-17 -0.073333333 -0.37555556 -0.32111111 0.042809102 -0.37 -0.56111111 -0.25555556 -0.17 -0.14777778 -0.55444444 -0.38243728 -0.38082773 -0.56333333 -0.10666667 -0.10666667 -0.39777778 -0.50777778 -0.50777778 -0.072222222 -0.072222034 -0.034444444 -0.034444444 -0.034444444 -0.86 -0.77525977 -0.70555556 -0.70555556 -0.7055548 0.26 0.26 0.26 0.26 0.27333333 0.27333333 0.27333333 0.27333331 -0.3 -0.3 -0.3 -0.3 -0.3 -0.87999268 -0.88 -0.88 -0.88 0.0033239698 0.0033333332
0.36111111 0.11888753 -0.62 -0.68697342 -0.41 -0.40555556 -0.46776642 -0.43777778 -0.37111111 -0.48333345 -0.45440865 -0.43888857 -0.43666667 -0.14777778 -0.14777778 -0.41715442 -0.38111111 -0.38111111 -0.56333333 -0.56333333 -0.10666726 -0.39777778 -0.43555556 -0.38 -0.16333333 -0.16326704 -0.034444444 -0.034444444 -0.86 -0.86 -0.70555556 -0.70555556 -0.70555556 -0.67203148 0.26 0.26 0.26 0.27333333 0.27333333 0.27333333 0.27333333 0.27332025 -0.29999999 -0.3 -0.3 -0.3 -0.3 -0.30516272 -0.88 -0.87997325 -0.28333333 -0.28333333 -0.28333333
-1.3333333 0.096666667 0.12222225 -0.49666667 -0.077777778 -0.047777778 -0.55111111 -0.5366012 -0.68444444 -0.49222222 -0.61222222 -0.61444444 -0.61444433 -0.95 -0.95 -0.33102151 -0.33111111 -0.3 -0.3 -0.56333291 -0.52222222 -0.52222222 -0.38 -0.16333333 -0.16333333 0.12 -0.78 -0.78 -0.44781518 -0.86 -0.70555556 -0.70555556 -0.52777778 -0.52780216 -0.76109434 -0.61111111 -0.61111111 -0.00028974565 0.27333333 0.27333333 0.13794684 0.13777778 0.13777899 0.35708117 0.36881496 0.36888871 0.36888887 0.36888864 0.22134469 -0.28333333 -0.28333333 -0.28333333 -0.28333333
-0.35556278 0.08 0.13666113 0.18444444 0.41666667 -0.55222222 -0.45666667 -0.52666667 -0.75666667 -0.75666667 -0.61222222 -0.43444444 -0.51777769 -0.95 0.039997034 0.04 -0.33111111 -0.066666667 -0.077777778 -0.077777778 -0.44524896 -0.35888889 -0.35888889 0.16888888 0.12 0.12 -0.78 -0.78 -0.44777642 -0.44775274 -0.10432475 -0.52777778 -0.52777778 -0.76111111 -0.76111111 -0.40172727 -0.61111111 -0.61111111 -0.35778656 0.13777709 0.13777778 0.13777778 0.13778522 0.36889024 0.36888889 0.36888889 0.36888889 0.36888887 0.34555556 -0.2832087 -0.28333333 -0.28333333 -0.28333333
-0.35555556 -0.59222222 0.39444444 -0.55111111 -0.13224624 -0.75444444 -0.75333333 -0.56444444 -0.65 -0.30444444 -0.30444444 -0.18555556 -0.51777778 -0.51777778 0.036173127 0.064286853 0.066666667 0.07 -0.33333307 -0.077777778 0.15740118 0.16777778 -0.032222222 -0.15666667 -0.15666556 -0.071111111 0.20888889 0.20888854 -0.42452621 -0.42444444 -0.10333333 -0.15939935 -0.48333333 -0.76111111 -0.7371533 -0.22666667 -0.22666667 -0.35777778 -0.35777778 0.13777778 0.13777778 0.13777779 0.61064975 0.6111111 0.36888889 0.36888889 0.36888889 0.34555644 0.34555556 0.34555556 -0.28333333 -0.28333333 -0.28333333
-0.5278274 -0.59222221 0.22444444 0.44111111 0.053333333 -0.51666667 -0.38666667 -0.13444444 -0.61111111 -0.2779594 -0.33 -0.18777778 -0.18777778 -0.025555556 -0.025552985 -0.23138919 -0.23222222 -0.23222222 0.0084305467 0.35222216 0.045555556 0.045555557 0.26222222 0.083813491 -0.079732852 -0.071111111 0.047777778 0.20888889 0.04760934 0.046666667 -0.068888889 0.29444444 0.27429532 0.10777778 0.078888889 -0.04 -0.03 -0.29888889 0.19088485 0.13999479 0.63444444 0.60111111 0.61108597 0.61111111 0.60974775 0.36888889 0.35777778 0.34555556 0.34555556 0.34555556 0.34555556 -0.2064154 0.29111111
-0.16777778 -0.16777778 -0.036666667 0.16666667 -0.17 -0.66111111 -0.38222222 -0.35222222 -0.031111111 -0.19333745 -0.13444444 -0.32777778 -0.025555556 -0.025555556 0.24777778 0.24119436 -0.23222222 -0.23214056 0.085555556 0.35222222 0.35222222 0.31271329 0.26222222 -0.076660249 -0.076666667 -0.076666667 0.047777778 0.5 0.5 0.046666667 0.046666667 0.29436858 0.25444444 0.10777778 0.24 -0.04 -0.03 -0.31888889 0.19111111 0.9289559 0.60111111 0.54805098 0.45666667 0.61111111 0.61111111 0.35777778 0.35777778 0.35777778 0.34555556 0.34555556 0.33444444 0.33444444 0.33444443
-0.16777778 -0.16777778 -0.33666667 -0.82555556 -0.53111111 -0.10888889 -0.45333333 -0.33570904 -0.53444444 -0.43333333 -0.042222222 -0.44777778 -0.32793709 0.24777778 0.24777778 0.24780636 0.49555556 0.47403683 0.085555556 0.65111111 0.65111111 1.0444444 1.0444444 -0.076666667 -0.076666667 -0.076666667 0.5 0.5 0.5 0.048888889 0.048888889 0.048889228 0.29555556 0.29555556 -0.32777778 0.081111111 0.41555556 -0.074444605 0.41222222 0.94111111 0.94111111 0.49999986 0.45666667 0.61111111 0.57555547 0.44888889 0.55027847 0.55111111 0.95222222 0.95222222 0.33444444 0.33444444 0.33444444
-0.16777778 -0.24086355 -0.54529299 -0.78443131 -0.044444444 -0.17 -0.45333333 -0.33555556 -0.53444278 -0.43445352 -0.44777776 -0.44777778 0.46777778 0.24777778 0.24777778 0.49555555 0.49555556 0.49553222 0.085555556 0.65111111 0.72835378 1.0444444 1.0444444 -0.076621517 -0.076666667 0.13480958 0.56666667 0.56666667 0.56666666 0.048888889 0.048888889 0.33777778 0.33777778 0.29555385 -0.32777778 0.55555532 0.33395336 -0.074444444 -0.074444444 0.9411111 0.5 0.5 0.50000054 0.57555556 0.57555556 0.44888889 0.55111111 0.55111111 0.95222222 0.95222222 0.33444444 0.33444444 0.33444444
-0.37555556 -0.0072403343 0.027746578 0.021903009 -0.044445268 -0.16999704 -0.45333333 -0.33700534 -0.52073897 -0.53180416 0.46777778 0.46777778 0.46777778 0.46777778 0.24780894 0.49555556 0.49555556 0.4902618 0.085555556 0.65122552 1.0588889 1.0588889 1.0588889 1.0588889 -0.056916787 0.56666667 0.56666667 0.56666667 0.56666667 0.56637601 0.33777778 0.33777778 0.33777778 0.33777778 0.55555555 0.55555556 0.55555556 -0.044089908 -0.067292741 0.87777778 0.87777778 0.50002032 0.53889014 0.57555202 0.57555556 0.44888889 0.55111111 0.55111111 0.95222222 0.95222222 0.33668568 0.33444444 -0.029093208
-0.37555556 0.027777778 0.027777778 0.027777778 0.027777778 0.027777695 -0.45260802 -0.39763107 -0.48417401 0.46670103 0.46777778 0.46777778 0.46777778 0.46777778 0.46777807 0.49555555 0.49555549 0.46743235 0.085564421 1.0588889 1.0588889 1.0588889 1.0588889 1.0588889 1.0548998 0.62018282 0.60777777 0.60777778 0.60777778 0.60777778 0.33777779 0.33777778 0.33777835 0.81666667 0.81666667 0.55555556 1.0416514 1.0555556 0.87777788 0.87777778 0.87777778 0.87777778 0.53888889 0.53888889 0.53888889 0.53826257 0.24421073 0.24222222 0.24222222 0.24222222 0.24222224 0.89666655 0.89666667
0.43666667 0.027777778 0.027777778 0.027777778 0.027777778 0.027777778 0.027777748 -0.17265973 0.86274161 0.87 0.87 0.87 0.87 0.87 0.87 1.0332446 0.50410626 0.43941302 1.0587666 1.0588889 1.0588889 1.0588889 1.0588889 1.0588891 0.87444444 0.87444444 0.87444407 0.60777778 0.60777778 0.60837851 0.90777778 0.90777778 0.81666667 0.81666667 0.81666667 1.0172882 1.0555556 1.0555556 1.0555556 0.87777778 0.87777778 0.87777778 0.53888889 0.53888889 0.53888889 0.53888889 0.24222223 0.24222222 0.24222222 0.24222222 0.24222222 0.89666667 0.89666667
0.43666667 0.28444198 0.027777778 0.027777778 0.027777778 0.027777778 0.45991517 0.46 0.46000001 0.87 0.87 0.87 0.87 0.87 0.90676783 1.0366667 1.0366667 1.0366667 1.2571718 1.2577776 1.2577778 1.2577778 1.2577778 1.2577778 0.87444444 0.87444444 0.87444444 0.87444444 0.60777778 0.90777778 0.90777778 0.90777778 0.81666667 0.81666667 0.81666667 1.1066667 1.0556232 1.0555556 1.0555556 0.87778834 0.89871973 0.94756856 0.53888889 0.53888889 0.79697883 0.79777778 0.79777778 0.24310049 0.7736918 0.77555551 0.77555545 1.0599752 0.896667
0.43666667 0.23446938 0.12954926 0.027777778 0.027777778 0.45974462 0.46 0.46 0.46 0.46295458 0.87 0.87 0.87 0.87000002 1.0366667 1.0366667 1.0366667 1.0366667 1.2575803 1.2577778 1.2577778 1.2577778 1.2577778 1.2577778 0.87444445 0.87444444 0.87444444 0.87444444 0.87456569 0.90777778 0.90777778 0.90777778 1.3822222 0.81670982 1.1066667 1.1066667 1.1066667 1.1082995 0.95461052 0.94777778 0.94777778 0.94777778 0.95888889 0.95888889 0.79777778 0.79777778 0.79777778 0.77555556 0.77555556 0.77555556 0.77555556 1.06 1.06
0.22913721 0.22888889 0.22888889 0.22888889 0.26888889 0.45999507 0.46 0.46 0.46 0.46 0.85805477 0.86999794 0.87 1.0366667 1.0366667 1.0366667 1.0366667 1.0366667 1.0240497 1.2577778 1.2577778 1.2577778 1.2577778 1.2577778 1.2116968 1.429997 1.43 1.43 1.43 0.9077778 1.3822222 1.3822222 1.3822222 1.3822222 1.1066667 1.1066706 1.2555556 1.2555556 0.95162084 0.94777778 0.94777778 0.94777778 0.95888889 0.95888889 0.82272333 0.79777778 0.79777778 0.77555556 0.77555556 0.77555556 0.77860554 1.06 1.06
0.22888889 0.22888889 0.22888889 0.24772549 0.26888889 0.26888889 0.46 0.46 0.46 0.46 0.71222222 0.71222222 0.71222222 1.0366667 1.0366667 1.0366667 1.0366667 1.0366156 0.56222222 0.56222222 1.2577775 1.2577778 1.2518807 1.0155556 1.0192866 1.43 1.43 1.43 1.43 1.3822271 1.3822222 1.3822222 1.3822222 1.3822222 1.255555 1.2555556 1.2555556 1.2555556 1.2544953 0.94777778 0.94777778 0.94777778 0.95888889 0.95888889 0.95888889 0.79777778 0.79777778 0.77555556 0.77555556 0.77555556 1.06 1.06 1.06
0.22888889 0.22888889 0.22888889 0.26888889 0.26888889 0.26888889 0.26888918 0.46 0.46 0.71196186 0.71222222 0.71222222 0.71222222 0.71242436 0.78664508 0.72777778 0.72777778 0.72777778 0.56222222 0.56222222 0.56222222 1.0155556 1.0155556 1.0155556 1.0155801 1.2586554 1.43 1.43 1.43 1.4745626 1.4944334 1.4944444 1.4944444 1.4944444 1.4164255 1.6422213 1.6422222 1.6422222 1.6422222 1.376608 1.3766667 1.3766667 0.95888889 0.95888889 1.2277767 1.2277778 1.2 1.2 1.1733333 1.1733333 1.1733333 1.06 1.1321576
0.22889033 0.22888889 0.22888889 0.26888889 0.26888889 0.26888889 0.26888889 0.53111109 0.46028433 0.71211945 0.71222222 0.71222222 0.71222222 0.71225275 0.72777778 0.72777778 0.72777778 0.72777773 0.56222222 0.56222222 0.56222222 1.0155556 1.0155556 1.0155556 1.1033333 1.1033333 1.2511111 1.2511111 1.2511111 1.2524386 1.4944444 1.4944444 1.4944444 1.4944444 1.5682927 1.6422222 1.6422222 1.6422222 1.6422222 1.3766667 1.3766667 1.3766667 1.3719821 1.2277778 1.2277778 1.2277778 1.2 1.2 1.1733333 1.1733333 1.1733333 1.1322222 1.1322222
0.69444444 0.48268953 0.54555556 0.54547529 0.26888889 0.5295939 0.53111111 0.53111111 0.61086954 0.59888889 0.59888889 0.59888889 0.59888889 0.4877814 0.48777778 0.72777759 0.72777778 0.72341563 0.56222222 0.56222222 0.56222222 0.73333333 0.73333333 0.73333333 1.1033333 1.1033333 1.2511111 1.2511111 1.2511111 1.2511112 1.4011117 1.4011114 1.4920987 1.4943444 1.4600403 1.46 1.46 1.46 1.46 1.3766667 1.3766667 1.3766667 1.2359757 1.2277778 1.2277778 1.2277777 1.2 1.2 1.199999 1.1733333 1.1733286 1.0677778 1.1322222
0.76776385 0.76777774 0.54555556 0.54555556 0.54555556 0.53111111 0.53111111 0.53111111 0.75 0.75 0.59888889 0.59888889 0.59888889 0.48777778 0.48777778 0.48777778 0.48777778 0.48778695 0.56222222 0.56222222 0.56222223 0.73333333 0.73333333 0.73333333 1.1033333 1.1033333 1.2511111 1.2511111 1.2511111 1.3994199 1.4011111 1.4011111 1.4011111 1.4011111 1.4599709 1.46 1.46 1.46 1.46 0.88666679 0.88666667 0.88666667 0.88666667 1.2277731 0.62222222 0.62222222 0.62222222 0.88777778 0.88777778 0.88777778 1.0677778 1.0677778 1.0677778
0.76777778 0.76777778 0.54555556 0.54555556 0.54555556 0.53118703 0.53111111 0.75 0.75 0.75 0.59890749 0.59888889 0.35647522 0.48777774 0.48777778 0.48777778 0.48777778 0.22 0.22 0.22 0.29444445 0.29444477 0.7333312 0.73333333 0.73351759 0.86888889 0.86888889 0.8688898 1.2510493 1.2989093 1.2988894 1.2989067 1.4009364 1.4010229 1.4494439 1.4599996 1.4566711 0.46666667 0.46666667 0.88666667 0.88666667 0.88666667 0.88666667 0.62222222 0.62222222 0.62222222 0.62222222 0.88777778 0.88777778 0.88777778 1.0677778 1.0677778 1.0677778
0.76777778 0.76777778 0.54555556 0.54555556 0.54555556 0.54555556 0.61303483 0.75 0.75 0.75 0.74975266 0.30222222 0.30222222 0.30222222 0.48668426 0.48777778 0.22178441 0.22 0.22 0.22 0.29444444 0.29444444 0.29444444 0.29444444 0.86888889 0.86888889 0.86888889 0.86888889 0.86888889 1.2988889 1.2988889 1.2988889 1.2988889 1.2988884 1.0688889 0.46666667 0.46666667 0.46666667 0.46666667 0.4666668 0.44222222 0.44222222 0.44222222 0.48886514 0.58555556 0.58555556 0.58555556 0.88777777 0.88777775 0.85444444 0.85444444 1.1844161 1.1844444
0.76777778 0.76777778 0.62576217 0.54555556 0.54555556 0.54555556 0.60026618 0.74952728 0.75 0.75 0.30222228 0.30222222 0.30222222 0.30222222 0.30222222 0.31741938 0.22 0.22 0.22 0.22 0.29444387 0.29444444 0.29444444 0.29444444 0.86888889 0.86888889 0.86888889 0.86888889 0.86888889 0.75616645 1.2988889 1.2988889 1.2988889 1.0688889 1.0688889 1.0684212 0.46666667 0.46666667 0.60611068 0.71444442 0.44222222 0.44222222 0.44222222 0.48933301 0.58555556 0.58555556 0.58555556 0.87555556 0.85470749 0.85444444 0.85444444 1.1844444 1.1844444
0.89333333 0.89333333 0.89333333 0.632753 0.54581572 0.6 0.6 0.6 0.6 0.57333333 0.57333333 0.30222224 0.30222222 0.30222222 0.30222222 0.30221701 0.22 0.22 0.22 0.22 0.2619593 0.29444444 0.29444444 0.29520048 0.3476263 0.86888889 0.86888889 0.86888889 0.56444444 0.56444444 0.56444444 0.56444753 1.0688889 1.0688889 1.0688889 1.0688889 0.71444444 0.71444444 0.71444444 0.71444444 0.63222222 0.63222222 0.63222222 0.88555046 0.88555556 0.88555556 0.88555546 0.87555556 0.87555556 0.85447017 0.85444444 1.1844428 1.1844444
