interpolatedSpi/02-10|22_3.tif
NCOLS 53
NROWS 52
XLLCORNER -116.03883
YLLCORNER 28.596182
DX 0.49850594
DY 0.49788537
NODATA_VALUE -9999
[rows 0 to 26 of 52, columns 0 to 52 of 53]
-0.0066666667 -0.0066666667 -0.36428679 -0.56777778 0.06 0.034444444 -0.095555556 -0.15 -0.40081929 -0.29666667 -0.42222222 0.0033333333 -0.16108394 0.16888889 0.19333333 0.19333333 0.19333333 0.46666667 0.39666667 0.39666667 0.39666667 0.39666087 -0.20555555 0.25 0.25 0.25 0.094443262 0.094444444 0.094444444 -0.24666667 -0.24666667 -0.24666667 -0.24666667 -0.042222263 -0.042222222 -0.042222222 -0.042222222 -0.042222222 -0.042222222 -0.042222209 0.42826645 0.43313434 -0.34888889 -0.34888889 -0.34888889 -0.34888889 -0.34916656 -0.51888889 -0.51888889 -0.51888889 0.39777587 0.39777778 0.39777778
-0.006704285 -0.85333333 -0.47777764 -0.37727098 -0.14224059 -0.045555556 -0.18 0.042965454 -0.17 -0.37555556 -0.15333333 -0.16111111 -0.16111111 0.30288503 0.16889073 0.19333333 0.46666667 0.46666667 0.39675794 0.39666667 0.39666667 0.39666667 0.24210444 0.25 0.25 0.25 0.18555556 0.18555556 -0.24666667 -0.24666667 -0.24666667 -0.24666667 -0.24666667 -0.042222252 -0.042222222 -0.042222222 -0.042222222 -0.042222222 -0.042222162 0.16354222 1.2199193 -0.15851697 -0.34888889 -0.34888889 -0.34888889 -0.34888889 -0.34888889 -0.51888889 -0.51888889 -0.51888889 -0.44287801 0.39777778 0.39777778
-0.1288777 -0.12888889 -0.36111111 0.10888889 -0.36 -0.55111111 -0.30666667 -0.15444444 -0.8 -0.07 -0.16222222 -0.33555556 -0.34 0.5 0.30333333 -0.16444444 0.46666667 0.46666667 0.46666667 0.25781815 0.25777778 0.25777778 0.1 0.25 0.25 0.25 0.18555556 0.18555556 0.18555556 -0.24666667 -0.24666667 -0.24666665 -0.074432421 -0.040439266 -0.034538063 0.77576838 0.78333333 0.78333333 0.83825449 1.22 1.22 1.2179938 -0.34888889 -0.34888889 -0.34888889 -0.34888889 -0.34888889 -0.51888889 -0.51888889 -0.51888889 -0.51888889 0.39777778 0.39777778
-0.45444444 -0.1288889 -0.16671739 0.81666667 -0.68333333 -0.19111111 -0.29888889 -0.65111111 -0.17777778 0.04945744 -0.052222222 -0.033333333 -0.067777778 0.5 -0.40888889 -0.16444444 -0.84254963 -0.8468568 -0.95555556 0.25777778 0.25777778 -0.57888889 0.1 0.1 0.25 0.24999968 0.18555556 0.18555556 0.18555556 -0.47 -0.15115728 0.11111111 0.11111111 0.11111164 0.78333333 0.78333333 0.78333333 0.78333333 1.22 1.22 1.22 1.2199999 -0.34888889 -0.34888889 -0.34888889 -0.34888889 -0.34888889 -0.51888674 -0.51888889 -0.51888889 -0.51888889 0.3977748 0.39777778
-0.45444444 0.36111014 -0.16666667 -0.16218142 -0.68333333 -0.62555556 -0.31000129 0.25222222 -0.32111111 0.5455552 0.21588889 0.061083418 -0.13222222 -0.40888889 -0.40888889 -0.25606762 -0.84777778 -0.84777778 -0.95555556 -0.95555556 0.25777609 -0.57888889 0.49222222 0.21555556 0.092222222 0.09235685 0.18555556 0.18555556 -0.47 -0.47 0.11111111 0.11111111 0.11111111 0.14945448 0.78333333 0.78333333 0.78333333 1.22 1.22 1.22 1.22 1.2199832 -0.34888887 -0.34888889 -0.34888889 -0.34888889 -0.34888889 -0.3504021 -0.51888889 -0.51885187 0.30666667 0.30666667 0.30666667
-2.0233333 -0.36111111 -0.13444445 -0.11888889 -0.75111111 -0.43111111 -0.39888889 -0.31552802 -0.11222222 -0.64222222 -0.99777778 -0.24888889 -0.24888881 -0.34 -0.34 -0.5099713 -0.51 -0.57444444 -0.57444445 -0.95555481 -0.75222222 -0.75222222 0.21555556 0.092222222 0.092222222 0.66777778 0.37888889 0.37888889 0.48546802 -0.47 0.11111111 0.11111111 0.31444444 0.31451143 0.9555097 1.1411111 1.1411111 1.1955939 1.22 1.22 1.0457731 1.0455556 1.045558 0.19140211 0.20105032 0.20111096 0.20111109 0.20111091 0.42471765 0.30666667 0.30666667 0.30666667 0.30666667
-1.4277835 -0.74 -0.46343732 -0.38222222 -0.43555556 -0.95333333 -0.41666666 -0.34888889 -0.32 -0.32 -0.99777778 -0.31333333 -0.95555541 -0.34 -0.39111096 -0.39111111 -0.51 -0.23333333 -0.10888889 -0.10888889 -0.7139974 -0.67111111 -0.67111111 0.49777777 0.66777778 0.66777778 0.37888889 0.37888889 0.48552234 0.48494399 0.85044109 0.31444444 0.31444444 0.95555556 0.95555556 1.2215968 1.1411111 1.1411111 1.3911024 1.045556 1.0455556 1.0455556 1.0455689 0.20111564 0.20111111 0.20111111 0.20111111 0.20111128 0.47777778 0.30670058 0.30666667 0.30666667 0.30666667
-1.4277778 -0.22888889 -0.11777778 -1.1744444 -0.8266866 -0.78888889 -0.72777778 -0.22888889 -0.62 -0.48666667 -0.48666667 -0.42 -0.95555556 -0.95555556 -0.39498372 -0.75946171 -0.79555556 -0.03 -0.69222162 -0.10888889 0.13425228 0.23 -0.71222222 0.29444444 0.29444015 -0.038888889 0.18777778 0.18777785 -0.082447085 -0.084444424 0.85333333 0.15608954 0.5 0.95555556 0.96290769 1.2888889 1.2888889 1.3911111 1.3911111 1.0455556 1.0455556 1.0455556 1.0159184 1.0133333 0.20111111 0.20111111 0.20111111 0.47776725 0.47777778 0.47777778 0.30666667 0.30666667 0.30666667
-0.39189881 -0.22888889 0.10444444 -0.31888889 -0.57666667 -0.71444444 -0.37777778 -0.054444444 -0.22666667 -0.20540166 -0.37444444 -0.52888889 -0.52888889 0.14222222 0.14221457 -1.0393187 -1.04 -1.04 -0.13108924 -0.65666672 -0.89777778 -0.89777776 0.73222222 -0.14299041 -0.00529769 -0.038888889 0.32777778 0.18777778 0.76330274 0.76666667 0.06 1.3366667 0.86546889 0.55666667 1.2133333 1.2011111 1.6911111 0.74888889 1.7750815 1.0502028 2.0866667 1.4222222 1.0133885 1.0133333 1.0087617 0.20111111 0.62555553 0.47777778 0.47777778 0.47777778 0.47777778 0.33115313 0.22222222
-1.3033333 -1.3033333 0.13333333 -0.23444444 -0.55888889 -0.45111111 -0.44555556 -0.60888889 -0.40888889 -0.20006779 -0.21 0.64111111 0.14222222 0.14222222 -0.67111111 -0.67617059 -1.04 -1.039894 -0.57666667 -0.65666667 -0.65666667 -0.68772987 0.73222222 0.49667113 0.49666667 0.49666667 0.32777778 0.70222222 0.70222222 0.76666667 0.76666667 1.3348923 0.40111111 0.55666667 0.85555556 1.2011111 1.6911111 1.47 1.7755556 0.99945214 1.4222223 1.3965085 1.3522222 1.0133333 1.0133333 0.62555556 0.62555556 0.62555556 0.47777778 0.47777778 0.50333333 0.50333333 0.50333323
-1.3033333 -1.3033333 -0.45777778 -0.80888889 -0.87444444 -0.39 -0.78111111 -0.058050133 -0.0044444444 -0.23111111 -0.40888889 -0.57222222 0.63949507 -0.67111111 -0.67111111 -0.67109765 -0.55444444 -0.55561077 -0.57666667 -0.56222222 -0.56222222 -0.75777778 -0.75777778 0.49666667 0.49666667 0.49666667 0.70222222 0.70222222 0.70222222 -0.14555556 -0.14555556 -0.14555465 0.60888889 0.60888889 0.5 0.17888889 1.4944444 1.0455571 1.2744444 0.98666667 0.98666667 0.67555778 1.3522222 1.0133333 0.8511109 0.52777778 1.0935314 1.0955556 1.2411111 1.2411111 0.50333333 0.50333333 0.50333333
-1.3033333 -0.9382869 -0.60760941 -0.81665827 -0.08 -0.60111111 -0.78111111 -0.057777778 -0.0044448898 -0.22859992 -0.57222178 -0.57222222 -0.44333333 -0.67111111 -0.67111111 -0.55444445 -0.55444444 -0.55444571 -0.57666667 -0.56222222 -0.60062535 -0.75777778 -0.75777778 0.49661648 0.49666667 0.37942336 0.14 0.14 0.14000007 -0.14555556 -0.14555556 -0.10555556 -0.10555556 0.60888859 0.5 0.78888891 1.4509702 1.0455556 1.0455556 0.98666666 0.67555556 0.67555556 0.67555693 0.85111111 0.85111111 0.52777778 1.0955556 1.0955556 1.2411111 1.2411111 0.50333333 0.50333333 0.50333333
0.031111111 -0.053754274 -0.014473631 -0.020247792 -0.080002868 -0.60109881 -0.78111111 -0.066681591 -0.0081196566 -0.010363315 -0.44333333 -0.44333333 -0.44333333 -0.44333333 -0.67107884 -0.55444444 -0.55444444 -0.55473137 -0.57666667 -0.56218311 -0.42666667 -0.42666667 -0.42666667 -0.42666667 0.48074862 0.14 0.14 0.14 0.14 0.13980301 -0.10555556 -0.10555556 -0.10555556 -0.10555556 0.78888889 0.78888889 0.78888889 1.0333873 1.0411661 0.46111111 0.46111111 0.67554402 0.61667469 0.85108853 0.85111111 0.52777778 1.0955556 1.0955556 1.2411111 1.2411111 0.50600991 0.50333333 0.90223719
0.031111111 -0.014444444 -0.014444444 -0.014444444 -0.014444444 -0.014444688 -0.78065025 -0.43884976 -0.017924829 -0.44286628 -0.44333333 -0.44333333 -0.44333333 -0.44333333 -0.44333312 -0.55444445 -0.55444445 -0.55596874 -0.57666587 -0.42666667 -0.42666667 -0.42666667 -0.42666667 -0.42666667 -0.41849811 0.057388773 0.030000023 0.03 0.03 0.03 -0.10555556 -0.10555556 -0.10555557 -0.11888889 -0.11888889 0.78888889 0.40109241 0.39 0.46111107 0.46111111 0.46111111 0.46111111 0.61666667 0.61666667 0.61666667 0.61604808 1.0446591 1.0444444 1.0444444 1.0444444 1.0444444 0.90666658 0.90666667
0.38111111 -0.014444444 -0.014444444 -0.014444444 -0.014444444 -0.014444444 -0.014444493 -0.52849406 -0.13945809 -0.14 -0.14 -0.14 -0.14 -0.14 -0.14 0.087467156 -0.54418414 -0.55748727 -0.42668552 -0.42666667 -0.42666667 -0.42666667 -0.42666667 -0.42666605 -0.048888889 -0.048888889 -0.048888778 0.03 0.03 0.029595062 -0.17222222 -0.17222222 -0.11888889 -0.11888889 -0.11888889 0.3084815 0.39 0.39 0.39 0.46111111 0.46111111 0.46111111 0.61666667 0.61666667 0.61666667 0.61666667 1.0444444 1.0444444 1.0444444 1.0444444 1.0444444 0.90666667 0.90666667
0.38111111 0.23385027 -0.014444444 -0.014444444 -0.014444444 -0.014444444 -0.32327271 -0.32333333 -0.32333333 -0.14 -0.14 -0.14 -0.14 -0.14 -0.088770153 0.092222222 0.092222222 0.092222222 0.10504271 0.10666612 0.10666667 0.10666667 0.10666667 0.10666667 -0.048888889 -0.048888889 -0.048888889 -0.048888889 0.03 -0.17222222 -0.17222222 -0.17222222 -0.11888889 -0.11888889 -0.11888889 0.30777778 0.38989114 0.39 0.39 0.46101506 0.26930945 -0.17808386 0.61666667 0.61666667 -0.014712163 -0.016666667 -0.016666667 1.042234 -0.29419455 -0.29888877 -0.29888863 0.025688842 0.90666488
0.38111111 -0.18547407 -0.10890637 -0.014444444 -0.014444444 -0.32315083 -0.32333333 -0.32333333 -0.32333333 -0.32201218 -0.14 -0.14 -0.14 -0.13999997 0.092222222 0.092222222 0.092222222 0.092222222 0.10665376 0.10666667 0.10666667 0.10666667 0.10666667 0.10666667 -0.048888885 -0.048888889 -0.048888889 -0.048888889 -0.049337498 -0.17222222 -0.17222222 -0.17222222 -0.16111111 -0.11884651 0.30777778 0.30777778 0.30777778 0.30488919 -0.14390859 -0.18 -0.18 -0.18 -0.30111111 -0.30111111 -0.016666667 -0.016666667 -0.016666667 -0.29888889 -0.29888889 -0.29888889 -0.29888889 0.025555556 0.025555556
-0.20062473 -0.20111111 -0.20111111 -0.20111111 -0.53777778 -0.32333887 -0.32333333 -0.32333333 -0.32333333 -0.32333333 -0.10214598 -0.13999348 -0.13999999 0.092222222 0.092222222 0.092222222 0.092222222 0.092222222 0.080588619 0.10666667 0.10666667 0.10666667 0.10666667 0.10666667 -0.23043056 -0.65555227 -0.65555556 -0.65555556 -0.65555556 -0.17222222 -0.16111111 -0.16111111 -0.16111111 -0.16111111 0.30777778 0.30777084 0.044444444 0.044444444 -0.17719748 -0.18 -0.18 -0.18 -0.30111111 -0.30111111 -0.060708461 -0.016666667 -0.016666667 -0.29888889 -0.29888889 -0.29888889 -0.29541 0.025555556 0.025555556
-0.20111111 -0.20111111 -0.20111111 -0.35965247 -0.53777778 -0.53777778 -0.32333333 -0.32333333 -0.32333333 -0.32333333 0.36 0.36 0.36 0.092222222 0.092222222 0.092222222 0.092222222 0.092222589 -0.11 -0.11 0.10666658 0.10666667 0.097036554 -0.28888889 -0.29218983 -0.65555556 -0.65555556 -0.65555556 -0.65555556 -0.16116146 -0.16111111 -0.16111111 -0.16111111 -0.16111111 0.04444537 0.044444444 0.044444444 0.044444444 0.0436325 -0.18 -0.18 -0.18 -0.30111111 -0.30111111 -0.30111111 -0.016666667 -0.016666667 -0.29888888 -0.29888889 -0.29888889 0.025555555 0.025555556 0.025555556
-0.20111111 -0.20111111 -0.20111111 -0.53777778 -0.53777778 -0.53777778 -0.53777745 -0.32333333 -0.32333333 0.3592946 0.36 0.36 0.36 0.35983316 0.094020939 0.094444444 0.094444444 0.094444443 -0.11 -0.11 -0.11 -0.28888889 -0.28888889 -0.28888889 -0.2889362 -0.5518163 -0.65555556 -0.65555556 -0.65555556 -0.48785309 -0.54885075 -0.54888889 -0.54888889 -0.54888889 -0.11919918 -0.34777689 -0.34777778 -0.34777778 -0.34777778 -0.65882336 -0.65888889 -0.65888889 -0.30111111 -0.30111111 -0.33222209 -0.33222212 -0.046666667 -0.046666667 -0.15777778 -0.15777778 -0.15777778 0.025555556 0.14322803
-0.20111188 -0.20111111 -0.20111112 -0.53777778 -0.53777778 -0.53777778 -0.53777778 -0.67888879 -0.32475498 0.35943679 0.36 0.36 0.36 0.35947891 0.094444444 0.094444444 0.094444444 0.094444386 -0.11 -0.11 -0.11 -0.28888889 -0.28888889 -0.28888889 -0.45777778 -0.45777778 -0.59 -0.59 -0.59 -0.58977573 -0.54888889 -0.54888889 -0.54888889 -0.54888889 -0.44838866 -0.34777778 -0.34777778 -0.34777778 -0.34777778 -0.65888889 -0.65888889 -0.65888889 -0.64861071 -0.33222222 -0.33222222 -0.33222222 -0.046666667 -0.046666667 -0.15777778 -0.15777778 -0.15777778 0.14333332 0.14333333
-0.44777778 -0.34083945 -0.64 -0.63997034 -0.53777778 -0.67807242 -0.67888889 -0.67888889 -0.63394886 -0.26111112 -0.26111111 -0.26111111 -0.26111111 0.11887652 0.11888889 0.094444463 0.094444444 0.089057634 -0.11 -0.11 -0.11 -0.57777778 -0.57777778 -0.57777778 -0.45777778 -0.45777778 -0.59 -0.59 -0.59 -0.59000018 -0.83555373 -0.83555475 -0.55609383 -0.54919622 -0.99393268 -0.99444444 -0.99444444 -0.99444444 -0.99444444 -0.65888889 -0.65888889 -0.65888889 -0.35020967 -0.33222222 -0.33222222 -0.33222223 -0.046666667 -0.046666667 -0.046670666 -0.15777778 -0.15777415 -0.076666667 0.14333333
-0.46888488 -0.46888892 -0.64 -0.64 -0.64 -0.67888889 -0.67888889 -0.67888889 -0.55555556 -0.55555556 -0.26111111 -0.26111111 -0.26111111 0.11888889 0.11888889 0.11888889 0.11888889 0.1188634 -0.11 -0.11 -0.11000002 -0.57777778 -0.57777778 -0.57777778 -0.45777778 -0.45777778 -0.59 -0.59 -0.59 -0.8327869 -0.83555556 -0.83555556 -0.83555556 -0.83555556 -0.99436604 -0.99444444 -0.99444444 -0.99444444 -0.99444444 -0.90444438 -0.90444444 -0.90444444 -0.90444444 -0.33222273 -0.39888889 -0.39888889 -0.39888889 -0.035555556 -0.035555556 -0.035555556 -0.076666667 -0.076666667 -0.076666667
-0.46888889 -0.46888889 -0.64 -0.64 -0.64 -0.67868448 -0.67888889 -0.55555556 -0.55555556 -0.55555556 -0.26114736 -0.26111111 -0.338284 0.11888878 0.11888889 0.11888889 0.11888889 -0.27444444 -0.27444444 -0.27444444 -0.61444444 -0.61444442 -0.57777796 -0.57777778 -0.57796278 -0.94666667 -0.94666667 -0.94666582 -0.59005764 -1.1554918 -1.1555539 -1.1554997 -0.83610247 -0.83583171 -0.96635404 -0.99444462 -0.99596739 -1.4488889 -1.4488889 -0.90444444 -0.90444444 -0.90444444 -0.90444444 -0.39888889 -0.39888889 -0.39888889 -0.39888889 -0.035555556 -0.035555556 -0.035555556 -0.076666667 -0.076666667 -0.076666667
-0.46888889 -0.46888889 -0.64 -0.64 -0.64 -0.64 -0.63272882 -0.55555556 -0.55555556 -0.55555556 -0.55544508 -0.35555556 -0.35555556 -0.35555556 0.11609288 0.11888889 -0.27182337 -0.27444444 -0.27444444 -0.27444444 -0.61444444 -0.61444444 -0.61444444 -0.61444444 -0.94666667 -0.94666667 -0.94666667 -0.94666667 -0.94666667 -1.1555556 -1.1555556 -1.1555556 -1.1555556 -1.1555557 -1.2311111 -1.4488889 -1.4488889 -1.4488889 -1.4488889 -1.4488867 -0.84888889 -0.84888889 -0.84888889 -0.70462194 -0.40555556 -0.40555556 -0.40555556 -0.035555566 -0.035555901 -0.39222222 -0.39222222 0.093291976 0.093333333
-0.46888889 -0.46888889 -0.5782409 -0.64 -0.64 -0.64 -0.71305335 -0.55605278 -0.55555556 -0.55555556 -0.35555556 -0.35555556 -0.35555556 -0.35555556 -0.35555556 -0.31665481 -0.27444444 -0.27444444 -0.27444444 -0.27444444 -0.61444181 -0.61444444 -0.61444444 -0.61444444 -0.94666667 -0.94666667 -0.94666667 -0.94666667 -0.94666667 -1.2844624 -1.1555556 -1.1555556 -1.1555556 -1.2311111 -1.2311111 -1.2312802 -1.4488889 -1.4488889 -1.2375343 -1.0733334 -0.84888889 -0.84888889 -0.84888889 -0.70752284 -0.40555556 -0.40555556 -0.40555556 -0.82333333 -0.39759382 -0.39222222 -0.39222222 0.093333333 0.093333333
-0.51444444 -0.51444444 -0.51444444 -0.60851977 -0.63987137 -0.71333333 -0.71333333 -0.71333333 -0.71333333 -0.39222222 -0.39222222 -0.35555556 -0.35555556 -0.35555556 -0.35555556 -0.35555042 -0.27444444 -0.27444444 -0.27444444 -0.27444444 -0.46607947 -0.61444444 -0.61444444 -0.60659332 -0.34259659 -0.94666667 -0.94666667 -0.94666667 -1.33 -1.33 -1.33 -1.3299993 -1.2311111 -1.2311111 -1.2311111 -1.2311111 -1.0733333 -1.0733333 -1.0733333 -1.0733333 -0.69444444 -0.69444444 -0.69444444 -0.70666642 -0.70666667 -0.70666667 -0.70666657 -0.82333333 -0.82333333 -0.39274751 -0.39222222 0.093331838 0.093333333
