interpolatedSpi/02-10|20_3.tif
NCOLS 53
NROWS 52
XLLCORNER -116.03883
YLLCORNER 28.596182
DX 0.49850594
DY 0.49788537
NODATA_VALUE -9999
[rows 0 to 26 of 52, columns 0 to 52 of 53]
0.24333333 0.24333333 -0.083200374 -0.44333333 0.14888889 0.20444444 0.56555556 0.61222222 0.026893334 -0.23222222 -0.26888889 0.25333333 0.0044901 0.55888889 0.042222222 0.042222222 0.042222222 0.19555556 0.27777778 0.27777778 0.27777778 0.27777558 0.049999999 -0.085555556 -0.085555556 -0.085555556 0.52444661 0.52444444 0.52444444 0.11666667 0.11666667 0.11666667 0.11666667 0.36999995 0.37 0.37 0.37 0.37 0.37 0.37000002 0.98009465 0.98646851 0.20888889 0.20888889 0.20888889 0.20888889 0.20976182 0.74333333 0.74333333 0.74333333 1.2333323 1.2333333 1.2333333
0.24331526 -0.16333333 0.048889467 0.17648263 0.53306579 0.63222222 0.57 0.4168825 -0.017777778 0.21333333 0.18333333 0.0044444447 0.0044444444 0.56885554 0.55888445 0.042222222 0.19555556 0.19555556 0.27767057 0.27777778 0.27777778 0.27777778 -0.11684538 -0.085555556 -0.085555556 -0.085555556 0.012222215 0.012222222 0.11666667 0.11666667 0.11666667 0.11666667 0.11666667 0.36999996 0.37 0.37 0.37 0.37 0.37 0.31973778 0.03559332 0.18785653 0.20888889 0.20888889 0.20888889 0.20888889 0.20888889 0.74333333 0.74333333 0.74333333 0.7839646 1.2333333 1.2333333
0.91774272 0.91777778 0.55 1.0788889 0.57666667 0.38666667 0.60777778 0.093333333 0.34777778 0.25111111 0.66888889 -0.18333333 -0.63111111 0.046666667 0.56888889 0.43777778 0.19555556 0.19555556 0.19555556 0.0056346914 0.0055555556 0.0055555556 -0.68 -0.085555556 -0.085555556 -0.085555556 0.012222222 0.012222222 0.012222222 0.11666667 0.11666667 0.11666662 -0.30589561 0.36912573 0.37041368 0.41403718 0.41444444 0.41444444 0.36679021 0.035555558 0.035555556 0.035777206 0.20888889 0.20888889 0.20888889 0.20888889 0.20888889 0.74333333 0.74333333 0.74333333 0.74333333 1.2333333 1.2333333
0.28555556 0.91777764 0.21885093 0.54666667 0.044444444 0.49777778 0.84 -0.23666667 0.32777778 0.32845801 0.39666667 0.33666667 0.13555556 0.046666667 0.16666667 0.43777778 -0.55567388 -0.56280161 -0.52888889 0.0055555555 0.0055555556 -1.1366667 -0.68 -0.68 -0.085555556 -0.085555067 0.012222222 0.012222222 0.012222222 -0.84444444 -0.7987213 -0.76111111 -0.76111111 -0.76111019 0.41444444 0.41444444 0.41444444 0.41444444 0.035555556 0.035555556 0.035555556 0.035555562 0.20888889 0.20888889 0.20888889 0.20888889 0.20888889 0.74332659 0.74333333 0.74333333 0.74333333 1.2332498 1.2333333
0.28555556 -0.044443961 0.21888889 0.22846771 0.044444444 0.37888889 0.238912 -0.16333333 -0.27444444 0.046666605 0.14269113 0.18891849 0.39555556 0.16666667 0.16666667 0.33233784 -0.56333333 -0.56333333 -0.52888889 -0.52888889 0.0055532434 -1.1366667 -1.3933333 -0.69333333 -0.65111111 -0.65117721 0.012222222 0.012222222 -0.84444444 -0.84444444 -0.76111111 -0.76111111 -0.76111111 -0.70328198 0.41444444 0.41444444 0.41444444 0.035555556 0.035555556 0.035555556 0.035555556 0.035574325 0.20888889 0.20888889 0.20888889 0.20888889 0.20888889 0.21364611 0.74333333 0.74324066 -1.3233333 -1.3233333 -1.3233333
-1.0122222 0.037777778 0.48 0.15 0.40111111 0.55777778 0.16444444 0.1224795 0.18 -0.21111111 0.20888889 -0.44777778 -0.44777722 -0.16222222 -0.16222222 -0.46890203 -0.46888889 -0.74555556 -0.74555555 -0.52888933 -1.4466667 -1.4466667 -0.69333333 -0.65111111 -0.65111111 -0.93444444 -1.2477778 -1.2477778 -0.22450125 -0.84444444 -0.76111111 -0.76111111 -0.45444444 -0.45443829 -0.39555988 -0.71444444 -0.71444444 -0.19647407 0.035555556 0.035555556 0.22975749 0.23 0.23000112 -1.075803 -1.0987444 -1.0988885 -1.0988888 -1.0988884 -1.5189283 -1.3233333 -1.3233333 -1.3233333 -1.3233333
-0.73333647 -0.13333333 -0.71182946 0.13666667 0.64444444 -0.025555556 0.071111113 0.22333333 -0.15777778 -0.15777778 0.20888889 -0.22 -0.49222231 -0.16222222 -0.52333225 -0.52333333 -0.46888889 -0.81111111 -1.0333333 -1.0333333 -1.4576628 -1.47 -1.47 -1.2911111 -0.93444444 -0.93444444 -1.2477778 -1.2477778 -0.22446633 -0.22484739 0.10559463 -0.45444444 -0.45444444 -0.39555556 -0.39555556 -0.91838188 -0.71444444 -0.71444444 -1.4710849 0.22999763 0.23 0.23 0.23000443 -1.0988861 -1.0988889 -1.0988889 -1.0988889 -1.0988892 -1.6311111 -1.3233943 -1.3233333 -1.3233333 -1.3233333
-0.73333333 -1.0333333 -0.49 -1.0222222 -1.2910957 -0.51888889 -0.16444444 -0.62222221 -0.35666667 -0.51111111 -0.51111111 -0.87777778 -0.49222222 -0.49222222 -0.52311988 -0.6680425 -0.68222222 -0.61333333 -0.84888908 -1.0333333 -1.2328782 -1.1722222 -1.6577778 -1.0877778 -1.0877811 -1.3477778 -1.39 -1.3899999 -0.598684 -0.59999998 0.10777778 -0.26430472 -0.34333333 -0.39555556 -0.40724925 -1.0888889 -1.0888889 -1.4711111 -1.4711111 0.23 0.23 0.23000001 -0.58999645 -0.59222225 -1.0988889 -1.0988889 -1.0988889 -1.6310909 -1.6311111 -1.6311111 -1.3233333 -1.3233333 -1.3233333
-1.0481677 -1.0333333 -0.95 -0.71888889 -0.45777778 -0.69444444 -0.37444444 0.26777778 0.20555556 0.27555286 -0.1 -0.45333333 -0.45333333 -0.72222222 -0.72221858 -0.97030595 -0.97111111 -0.97111111 -0.64929126 -1.6611112 -1.8866667 -1.8866667 -1.35 -1.5364876 -1.3215766 -1.3477778 -1.2866667 -1.39 -0.99121975 -0.98888889 -0.24222222 0.39 0.060944437 -0.87 -0.80555556 -0.86666667 -0.85666667 -0.65666667 -0.89544525 0.23220709 0.72444444 -0.34777777 -0.59220666 -0.59222222 -0.59507402 -1.0988889 -1.3 -1.6311111 -1.6311111 -1.6311111 -1.6311111 -1.3096375 -1.0188889
-1.1311111 -1.1311111 -0.91666667 -0.68555556 -0.38888889 -0.28555556 -0.27333333 -0.12444444 0.42222222 0.29330561 -0.063333333 -0.086666667 -0.72222222 -0.72222222 -0.33444444 -0.34317662 -0.97111111 -0.97109523 -0.92333333 -1.6611111 -1.6611111 -1.6901702 -1.35 -1.5466629 -1.5466667 -1.5466667 -1.2866667 -0.74333333 -0.74333333 -0.98888889 -0.98888889 0.38876088 -0.26333333 -0.87 -0.71666667 -0.86666667 -0.85666667 -1.4333333 -0.89555556 0.34293053 -0.34777773 -0.40247053 -0.49666667 -0.59222222 -0.59222222 -1.3 -1.3 -1.3 -1.6311111 -1.6311111 -1.2133333 -1.2133333 -1.2133333
-1.1311111 -1.1311111 -1.4188889 -1.1433333 -1.0322222 -0.59888889 -0.7811111 -0.055699812 -0.32444444 -0.22666667 -0.16666667 -0.29777778 -0.086948659 -0.33444444 -0.33444444 -0.334487 -0.70333333 -0.71487997 -0.92333333 -0.49888889 -0.49888889 -0.80333333 -0.80333333 -1.5466667 -1.5466667 -1.5466667 -0.74333333 -0.74333333 -0.74333333 -1.1755556 -1.1755556 -1.1755541 -0.79777778 -0.79777778 -0.80555556 -1.2188889 -0.80777778 -0.84999877 -1.2733333 0.36333333 0.36333333 -0.34555605 -0.49666667 -0.59222222 -0.71222238 -0.95222222 -0.76564463 -0.76333333 -0.93333333 -0.93333333 -1.2133333 -1.2133333 -1.2133333
-1.1311111 -1.2553029 -1.3012995 -1.2933241 -1.1366667 -1.27 -0.78111111 -0.055555556 -0.3244422 -0.22774993 -0.29777769 -0.29777778 -0.33666667 -0.33444444 -0.33444444 -0.70333332 -0.70333333 -0.70334585 -0.92333333 -0.49888889 -0.55867558 -0.80333333 -0.80333333 -1.5466364 -1.5466667 -1.4396502 -1.2211111 -1.2211111 -1.2211111 -1.1755556 -1.1755556 -1.1533333 -1.1533333 -0.7977778 -0.80555556 -0.44777807 -0.79138577 -0.85 -0.85 0.36333331 -0.34555556 -0.34555556 -0.34555823 -0.71222222 -0.71222222 -0.95222222 -0.76333333 -0.76333333 -0.93333333 -0.93333333 -1.2133333 -1.2133333 -1.2133333
-0.17111111 -0.086747657 0.023289502 0.013793726 -1.1366673 -1.2699969 -0.78111112 -0.064486731 -0.30591525 -0.32189121 -0.33666667 -0.33666667 -0.33666667 -0.33666667 -0.33444476 -0.70333333 -0.70333333 -0.70617388 -0.92333333 -0.4988874 -0.48444444 -0.48444444 -0.48444444 -0.48444444 -1.5284259 -1.2211111 -1.2211111 -1.2211111 -1.2211111 -1.220997 -1.1533333 -1.1533333 -1.1533333 -1.1533333 -0.44777778 -0.44777778 -0.44777778 -0.83043763 -0.84414178 -0.07 -0.07 -0.34554073 -0.3089027 -0.71218337 -0.71222222 -0.95222222 -0.76333333 -0.76333333 -0.93333333 -0.93333333 -1.2123175 -1.2133333 -0.88985198
-0.17111111 0.023333333 0.023333333 0.023333333 0.023333333 0.023332789 -0.78236252 -0.43784012 -0.25648108 -0.33665107 -0.33666667 -0.33666667 -0.33666667 -0.33666667 -0.33666676 -0.70333333 -0.70333337 -0.71842383 -0.92332885 -0.48444444 -0.48444444 -0.48444444 -0.48444444 -0.48444444 -0.48992357 -0.98906024 -0.90444451 -0.90444444 -0.90444444 -0.90444444 -1.1533333 -1.1533333 -1.153333 -0.88777778 -0.88777778 -0.44777778 -0.13235557 -0.12333333 -0.070000031 -0.07 -0.07 -0.07 -0.30888889 -0.30888889 -0.30888889 -0.3133659 -0.67506202 -0.67444444 -0.67444444 -0.67444444 -0.67444445 0.46888854 0.46888889
0.12444444 0.023333333 0.023333333 0.023333333 0.023333333 0.023333333 0.023333279 -0.5515262 -0.46316414 -0.46444444 -0.46444444 -0.46444444 -0.46444444 -0.46444444 -0.46444444 -0.38500546 -0.69827465 -0.7334586 -0.48449955 -0.48444444 -0.48444444 -0.48444444 -0.48444444 -0.48444461 -0.73777778 -0.73777778 -0.73777801 -0.90444444 -0.90444444 -0.90461799 -0.99111111 -0.99111111 -0.88777778 -0.88777778 -0.88777778 -0.24578898 -0.12333333 -0.12333333 -0.12333333 -0.07 -0.07 -0.07 -0.30888889 -0.30888889 -0.30888889 -0.30888889 -0.67444444 -0.67444444 -0.67444444 -0.67444444 -0.67444444 0.46888889 0.46888889
0.12444444 0.086801927 0.023333333 0.023333333 0.023333333 0.023333333 -0.40324959 -0.40333333 -0.40333333 -0.46444444 -0.46444444 -0.46444444 -0.46444444 -0.46444444 -0.44655077 -0.38333333 -0.38333333 -0.38333333 -0.62623323 -0.62666652 -0.62666667 -0.62666667 -0.62666667 -0.62666667 -0.73777778 -0.73777778 -0.73777778 -0.73777778 -0.90444444 -0.99111111 -0.99111111 -0.99111111 -0.88777779 -0.88777778 -0.88777778 -0.052222222 -0.12323918 -0.12333333 -0.12333333 -0.070055938 -0.1816904 -0.44221752 -0.30888889 -0.30888889 -0.32107339 -0.32111111 -0.32111111 -0.67329547 0.022002144 0.024444384 0.024444312 0.34113037 0.46888863
0.12444445 -0.065858807 -0.024459903 0.023333333 0.023333333 -0.40308124 -0.40333333 -0.40333333 -0.40333333 -0.40377372 -0.46444444 -0.46444444 -0.46444444 -0.46444443 -0.38333333 -0.38333333 -0.38333333 -0.38333333 -0.6264493 -0.62666667 -0.62666667 -0.62666667 -0.62666667 -0.62666667 -0.73777778 -0.73777778 -0.73777778 -0.73777778 -0.73869924 -0.99111111 -0.99111111 -0.99111111 -0.42222224 -0.88768155 -0.052222222 -0.052222222 -0.052222222 -0.057968083 -0.42307967 -0.44333333 -0.44333333 -0.44333333 -0.35666667 -0.35666667 -0.32111111 -0.32111111 -0.32111111 0.02444444 0.024444444 0.024444444 0.024444444 0.34111111 0.34111111
-0.070814708 -0.071111111 -0.071111111 -0.071111113 -0.29111111 -0.40333044 -0.40333333 -0.40333333 -0.40333333 -0.40333333 -0.4331517 -0.46443906 -0.46444443 -0.38333333 -0.38333333 -0.38333333 -0.38333333 -0.38333333 -0.44218029 -0.62666667 -0.62666667 -0.62666667 -0.62666667 -0.62666667 -0.54985988 -0.34111326 -0.34111111 -0.34111111 -0.34111111 -0.99111108 -0.42222223 -0.42222222 -0.42222222 -0.42222222 -0.052222222 -0.052235975 -0.57444444 -0.57444444 -0.44497045 -0.44333333 -0.44333333 -0.44333333 -0.35666667 -0.35666667 -0.32661634 -0.32111111 -0.32111111 0.024444444 0.024444444 0.024444444 0.027839935 0.34111111 0.34111111
-0.071111111 -0.071111111 -0.071111111 -0.17471239 -0.29111111 -0.29111111 -0.40333333 -0.40333333 -0.40333333 -0.40333333 -0.051111111 -0.051111111 -0.051111111 -0.38333333 -0.38333333 -0.38333333 -0.38333333 -0.38336528 -1.0133333 -1.0133333 -0.62666682 -0.62666667 -0.62672077 -0.62888889 -0.62629815 -0.34111111 -0.34111111 -0.34111111 -0.34111111 -0.42221396 -0.42222222 -0.42222222 -0.42222222 -0.42222222 -0.57444261 -0.57444444 -0.57444444 -0.57444444 -0.57396281 -0.44333333 -0.44333333 -0.44333333 -0.35666667 -0.35666667 -0.35666667 -0.32111111 -0.32111111 0.02444444 0.024444444 0.024444445 0.34111111 0.34111111 0.34111111
-0.071111111 -0.071111111 -0.071111111 -0.29111111 -0.29111111 -0.29111111 -0.29111128 -0.40333333 -0.40333333 -0.051474706 -0.051111111 -0.051111111 -0.051111111 -0.051318104 -0.53982167 -0.57666667 -0.57666667 -0.57666667 -1.0133333 -1.0133333 -1.0133333 -0.62888889 -0.62888889 -0.62888889 -0.62881886 -0.36092647 -0.34111111 -0.34111111 -0.34111111 -0.19447032 -0.14447176 -0.14444444 -0.14444444 -0.14444444 -0.42577966 -0.21777859 -0.21777778 -0.21777778 -0.21777778 -0.22891823 -0.22888889 -0.22888889 -0.35666667 -0.35666667 0.28777509 0.28777769 0.035555556 0.035555556 0.14111111 0.14111111 0.14111111 0.34111111 0.57201558
-0.071110646 -0.071111111 -0.071111119 -0.29111111 -0.29111111 -0.29111111 -0.29111111 -0.42444444 -0.40341774 -0.051110104 -0.051111111 -0.051111111 -0.051111111 -0.052142396 -0.57666667 -0.57666667 -0.57666667 -0.57666679 -1.0133333 -1.0133333 -1.0133333 -0.62888889 -0.62888889 -0.62888889 -0.37888889 -0.37888889 -0.36555556 -0.36555556 -0.36555556 -0.36434933 -0.14444444 -0.14444444 -0.14444444 -0.14444444 -0.18109103 -0.21777778 -0.21777778 -0.21777778 -0.21777778 -0.22888889 -0.22888889 -0.22888889 -0.21263258 0.28777778 0.28777778 0.28777778 0.035555556 0.035555556 0.14111111 0.14111111 0.14111111 0.57222221 0.57222222
0.078888889 -0.0074666813 -0.58 -0.57991619 -0.29111111 -0.42367298 -0.42444444 -0.42444444 -0.3576417 -0.050000004 -0.05 -0.05 -0.05 -0.73664431 -0.73666667 -0.57666679 -0.57666667 -0.58817219 -1.0133333 -1.0133333 -1.0133333 -0.98888889 -0.98888889 -0.98888889 -0.37888889 -0.37888889 -0.36555556 -0.36555556 -0.36555556 -0.36555538 -0.12888899 -0.12888893 -0.14405348 -0.14442777 -0.54509562 -0.54555556 -0.54555556 -0.54555556 -0.54555556 -0.22888889 -0.22888889 -0.22888889 0.25932819 0.28777778 0.28777778 0.28777769 0.035555556 0.035555556 0.035559355 0.14111111 0.14111901 0.31777778 0.57222222
-0.28215365 -0.28222227 -0.58 -0.58 -0.58 -0.42444444 -0.42444444 -0.42444444 -0.24111111 -0.24111111 -0.05 -0.05 -0.05 -0.73666667 -0.73666667 -0.73666667 -0.73666667 -0.73669676 -1.0133333 -1.0133333 -1.0133333 -0.98888889 -0.98888889 -0.98888889 -0.37888889 -0.37888889 -0.36555556 -0.36555556 -0.36555556 -0.13155732 -0.12888889 -0.12888889 -0.12888889 -0.12888889 -0.54534996 -0.54555556 -0.54555556 -0.54555556 -0.54555556 -0.68666655 -0.68666667 -0.68666667 -0.68666667 0.28777402 -0.20222222 -0.20222222 -0.20222222 0.20666667 0.20666667 0.20666667 0.31777778 0.31777778 0.31777778
-0.28222222 -0.28222222 -0.58 -0.58 -0.58 -0.42526207 -0.42444444 -0.24111111 -0.24111111 -0.24111111 -0.050023526 -0.05 -0.66647521 -0.73666668 -0.73666667 -0.73666667 -0.73666667 -1.0977778 -1.0977778 -1.0977778 -1.14 -1.1399999 -0.98888962 -0.98888889 -0.98873869 -1.0244444 -1.0244444 -1.0244429 -0.36566204 -0.053348391 -0.053333736 -0.053346524 -0.12875976 -0.12882369 -0.47129705 -0.54555561 -0.5460359 -0.68888889 -0.68888889 -0.68666667 -0.68666667 -0.68666667 -0.68666667 -0.20222222 -0.20222222 -0.20222222 -0.20222222 0.20666667 0.20666667 0.20666667 0.31777778 0.31777778 0.31777778
-0.28222222 -0.28222222 -0.58 -0.58 -0.58 -0.58 -0.35582813 -0.24111111 -0.24111111 -0.24111111 -0.24142229 -0.80444444 -0.80444444 -0.80444444 -0.7370661 -0.73666667 -1.0953714 -1.0977778 -1.0977778 -1.0977778 -1.14 -1.14 -1.14 -1.14 -1.0244444 -1.0244444 -1.0244444 -1.0244444 -1.0244444 -0.053333333 -0.053333333 -0.053333333 -0.053333333 -0.053333836 -0.29222222 -0.68888889 -0.68888889 -0.68888889 -0.68888889 -0.68888969 -0.94111111 -0.94111111 -0.94111111 -0.76610938 -0.40333333 -0.40333333 -0.40333333 0.20666665 0.20666644 -0.025555556 -0.025555556 0.17114679 0.17111111
-0.28222222 -0.28222222 -0.47252313 -0.58 -0.58 -0.58000002 -1.2925753 -0.24443064 -0.24111111 -0.24111111 -0.80444451 -0.80444444 -0.80444444 -0.80444444 -0.80444444 -0.79893255 -1.0977778 -1.0977778 -1.0977778 -1.0977778 -1.1399997 -1.14 -1.14 -1.14 -1.0244444 -1.0244444 -1.0244444 -1.0244444 -1.0244444 -0.50902312 -0.053333333 -0.053333333 -0.053333333 -0.29222222 -0.29222222 -0.29253024 -0.68888889 -0.68888889 -0.61947954 -0.56555557 -0.94111111 -0.94111111 -0.94111111 -0.76808309 -0.40333333 -0.40333333 -0.40333333 -0.21222222 -0.027881404 -0.025555556 -0.025555556 0.17111111 0.17111111
-1.1566667 -1.1566667 -1.1566667 -0.72458619 -0.58143621 -1.2944444 -1.2944444 -1.2944444 -1.2944444 -1.0977778 -1.0977778 -0.80444447 -0.80444444 -0.80444444 -0.80444444 -0.80446304 -1.0977778 -1.0977778 -1.0977778 -1.0977778 -1.1215756 -1.14 -1.14 -1.1316545 -0.83016532 -1.0244444 -1.0244444 -1.0244444 -0.67 -0.67 -0.67 -0.66999741 -0.29222222 -0.29222222 -0.29222222 -0.29222222 -0.56555556 -0.56555556 -0.56555556 -0.56555556 -0.90777778 -0.90777778 -0.90777778 -0.33112271 -0.33111111 -0.33111111 -0.33111113 -0.21222222 -0.21222222 -0.025782999 -0.025555556 0.17110967 0.17111111
