interpolatedSpi/02-12|23_3.tif
NCOLS 53
NROWS 52
XLLCORNER -116.03883
YLLCORNER 28.596182
DX 0.49850594
DY 0.49788537
NODATA_VALUE -9999
[rows 0 to 25 of 52, columns 0 to 52 of 53]
-0.42545455 -0.42545455 -0.67759441 -0.64454545 -0.34727273 -0.48545455 -0.59727273 -0.43272727 -1.0932212 -1.0472727 -0.68181818 -0.87181818 -1.2235982 -0.76 -0.48363636 -0.48363636 -0.48363636 -0.86636364 -0.73454545 -0.73454545 -0.73454545 -0.73454317 -0.49727273 -0.97454545 -0.97454545 -0.97454545 -1.2190905 -1.2190909 -1.2190909 -1.76 -1.76 -1.76 -1.76 -1.9172727 -1.9172727 -1.9172727 -1.9172727 -1.9172727 -1.9172727 -1.9172727 0.0083500894 0.028805053 -1.0927273 -1.0927273 -1.0927273 -1.0927273 -1.0919002 -0.58636364 -0.58636364 -0.58636364 -0.17727358 -0.17727273 -0.17727273
-0.42548019 -1.0027273 -0.63181831 -0.63881672 -0.63822339 -0.8 -0.92363636 -0.85444019 -1.1281818 -0.89090909 -1.0209091 -1.2236364 -1.2236364 -1.0988663 -0.76000167 -0.48363636 -0.86636364 -0.86636364 -0.73471733 -0.73454545 -0.73454545 -0.73454545 -0.98756117 -0.97454545 -0.97454545 -0.97454545 -0.93363637 -0.93363636 -1.76 -1.76 -1.76 -1.76 -1.76 -1.9172727 -1.9172727 -1.9172727 -1.9172727 -1.9172727 -1.9172727 -1.6494904 -0.27010825 -0.99289633 -1.0927273 -1.0927273 -1.0927273 -1.0927273 -1.0927273 -0.58636364 -0.58636364 -0.58636364 -0.55244143 -0.17727273 -0.17727273
0.25814837 0.25818182 -0.73909091 -0.54181818 -0.87636364 -0.27272727 -0.65727273 -0.25727273 -1.1072727 -1.1854545 -1.1672727 -1.0754545 -1.39 -1.3381818 -1.1 -1.6918182 -0.86636364 -0.86636364 -0.86636364 -0.65729519 -0.65727273 -0.65727273 -1.2218182 -0.97454545 -0.97454545 -0.97454545 -0.93363636 -0.93363636 -0.93363636 -1.76 -1.76 -1.76 -1.5849454 -1.9147653 -1.9076772 -0.89581034 -0.88636364 -0.88636364 -0.80884134 -0.27 -0.27 -0.27105206 -1.0927273 -1.0927273 -1.0927273 -1.0927273 -1.0927273 -0.58636364 -0.58636364 -0.58636364 -0.58636364 -0.17727273 -0.17727273
0.37909091 0.25818168 -0.40833835 -0.34363636 -1.1472727 -0.94363636 -0.88727273 -1.2363636 -0.79272727 -1.0993978 -1.3709091 -1.4209091 -1.4318182 -1.3381818 -1.5290909 -1.6918182 -1.1676775 -1.1634281 -0.96272727 -0.65727273 -0.65727273 -1.1654545 -1.2218182 -1.2218182 -0.97454545 -0.97454525 -0.93363636 -0.93363636 -0.93363636 -1.1627273 -1.2909183 -1.3963636 -1.3963636 -1.3963632 -0.88636364 -0.88636364 -0.88636364 -0.88636364 -0.27 -0.27 -0.27 -0.27000003 -1.0927273 -1.0927273 -1.0927273 -1.0927273 -1.0927273 -0.58637002 -0.58636364 -0.58636364 -0.58636364 -0.17731531 -0.17727273
0.37909091 -0.1563641 -0.40818182 -0.94911704 -1.1472727 -1.2809091 -1.3081945 -1.79 -1.8109091 -1.308182 -1.4761662 -1.5498814 -0.72181818 -1.5290909 -1.5290909 -1.629673 -1.1636364 -1.1636364 -0.96272727 -0.96272727 -0.65727374 -1.1654545 -0.97363636 -0.40454545 -0.78636364 -0.78633221 -0.93363636 -0.93363636 -1.1627273 -1.1627273 -1.3963636 -1.3963636 -1.3963636 -1.3010484 -0.88636364 -0.88636364 -0.88636364 -0.27 -0.27 -0.27 -0.27 -0.27004458 -1.0927273 -1.0927273 -1.0927273 -1.0927273 -1.0927273 -1.08822 -0.58636364 -0.58640375 -1.4809091 -1.4809091 -1.4809091
-1.4490909 -0.70181818 -0.55999997 -0.49454545 -0.78909091 -1.1736364 -1.6190909 -1.6409722 -1.5818182 -1.8418182 -1.8045455 -1.3936364 -1.3936359 -1.4145455 -1.4145455 -0.78994557 -0.79 -1.0909091 -1.0909091 -0.96272692 -1.1318182 -1.1318182 -0.40454545 -0.78636364 -0.78636364 -0.65181818 -1.2454545 -1.2454545 -0.78821657 -1.1627273 -1.3963636 -1.3963636 -0.89090909 -0.89089199 -0.72728443 -0.63 -0.63 -0.38137422 -0.27 -0.27 -0.7312422 -0.73181818 -0.73181709 -0.77480398 -0.76912668 -0.769091 -0.76909092 -0.76909104 -1.3740471 -1.4809091 -1.4809091 -1.4809091 -1.4809091
-0.38818609 -0.48545455 -0.40539175 -0.52363636 -0.61 -1.3872727 -1.11 -1.51 -2.0063636 -2.0063636 -1.8045455 -1.7390909 -1.5536363 -1.4145455 -0.564548 -0.56454545 -0.79 -0.47 -0.55909091 -0.55909091 -0.95102383 -0.74818182 -0.74818182 -0.72636364 -0.65181818 -0.65181818 -1.2454545 -1.2454545 -0.78821403 -0.78877485 -0.56603319 -0.89090909 -0.89090909 -0.72727273 -0.72727273 -0.8023043 -0.63 -0.63 -0.93271678 -0.73181846 -0.73181818 -0.73181818 -0.73181278 -0.76909214 -0.76909091 -0.76909091 -0.76909091 -0.76909128 -1.3836364 -1.4808898 -1.4809091 -1.4809091 -1.4809091
-0.38818182 -0.95 -0.40363636 -1.0572727 -0.70365664 -1.1227273 -1.5227273 -1.7254545 -1.5072727 -1.8845455 -1.8845455 -1.2881818 -1.5536364 -1.5536364 -0.57133154 -0.81210576 -0.83636364 -0.40636364 -0.59818178 -0.55909091 -0.31884454 -0.23363636 -1.0272727 -0.15545455 -0.15546679 -1.1045455 -0.62090909 -0.62090931 -1.3389723 -1.3409091 -0.56363636 -0.81852804 -0.74818182 -0.72727273 -0.73051377 -0.94636364 -0.94636364 -0.93272727 -0.93272727 -0.73181818 -0.73181818 -0.73181817 -0.98711552 -0.98999999 -0.76909091 -0.76909091 -0.76909091 -1.383613 -1.3836364 -1.3836364 -1.4809091 -1.4809091 -1.4809091
-1.0004799 -0.94999999 -0.26181818 -1.12 -0.77272727 -1.3954545 -0.90454545 -0.62090909 -1.3845455 -0.62625478 -0.62727273 -1.3690909 -1.3690909 -0.65090909 -0.65090867 -0.77743742 -0.77727273 -0.77727273 -0.43564498 -1.2618182 -1.2372727 -1.2372727 -1.1981818 -1.0946252 -1.0089022 -1.1045455 -0.75181818 -0.62090909 -0.7320775 -0.73272727 -0.83818182 -0.97363636 -0.81841907 -1.2118182 -0.84090909 -1.0090909 -0.96363636 -0.67636364 -0.5327936 -0.72977702 -0.27454545 -0.56090909 -0.98995056 -0.99 -0.9887566 -0.76909091 -1.3790909 -1.3836364 -1.3836364 -1.3836364 -1.3836364 -1.3807372 -0.24727273
-1.2827273 -1.2827273 -0.27727273 -0.48363636 -1.1454545 -0.84 -0.74818182 -1.1827273 -0.70454545 -0.43368689 -1.1218182 -0.21909091 -0.65090909 -0.65090909 -0.60636364 -0.60870773 -0.77727273 -0.77718898 -0.39181818 -1.2618182 -1.2618182 -1.2586559 -1.1981818 -1.0145489 -1.0145455 -1.0145455 -0.75181818 -0.40818182 -0.40818182 -0.73272727 -0.73272727 -0.97305186 -0.66545455 -1.2118182 -0.96454545 -1.0090909 -0.96363636 -1.1018182 -0.53272727 -0.28051853 -0.56090908 -0.60699349 -0.68636364 -0.99 -0.99 -1.3790909 -1.3790909 -1.3790909 -1.3836364 -1.3836364 -0.67636364 -0.67636364 -0.67636348
-1.2827273 -1.2827273 -0.96636364 -1.2509091 -1.0818182 -0.50181818 -1.28 -0.44285871 -0.66090909 -0.47363636 -0.23363636 -0.051818182 -0.21886886 -0.60636364 -0.60636364 -0.60635913 -0.56727273 -0.55806405 -0.39181818 -0.37272727 -0.37272727 -0.46636364 -0.46636364 -1.0145455 -1.0145455 -1.0145455 -0.40818182 -0.40818182 -0.40818182 -0.69727273 -0.69727273 -0.69727267 -0.86909091 -0.86909091 -1.4445455 -1.1881818 -0.55454545 -0.73636879 -0.68363636 -0.27636364 -0.27636364 -0.80999959 -0.68636364 -0.99 -0.35272756 -0.57454545 -0.56714834 -0.56363637 -0.62272727 -0.62272727 -0.67636364 -0.67636364 -0.67636364
-1.2827273 -1.1461921 -1.0877893 -1.2599892 -0.61363636 -0.87909091 -1.28 -0.44181818 -0.66090726 -0.47571112 -0.051818731 -0.051818182 0.0072727273 -0.60636364 -0.60636364 -0.56727273 -0.56727273 -0.56726274 -0.39181818 -0.37272727 -0.39111555 -0.46636364 -0.46636364 -1.0145228 -1.0145455 -0.76920113 -0.26818182 -0.26818182 -0.26818184 -0.69727273 -0.69727273 -0.30181818 -0.30181818 -0.86909249 -1.4445455 -0.51090947 -0.68078764 -0.73636364 -0.73636364 -0.27636365 -0.81 -0.81 -0.80999667 -0.35272727 -0.35272727 -0.57454545 -0.56363636 -0.56363636 -0.62272727 -0.62272727 -0.67636364 -0.67636364 -0.67636364
-0.61818182 -0.66001364 -0.6300228 -0.6345557 -0.61363786 -0.87908464 -1.28 -0.45213572 -0.64581149 -0.6560189 0.0072727273 0.0072727273 0.0072727273 0.0072727273 -0.60627671 -0.56727273 -0.56727273 -0.56500733 -0.39181818 -0.37256855 0.17636364 0.17636364 0.17636364 0.17636364 -0.99377222 -0.26818182 -0.26818182 -0.26818182 -0.26818182 -0.26830161 -0.30181818 -0.30181818 -0.30181818 -0.30181818 -0.51090909 -0.51090909 -0.51090909 -0.72619928 -0.7349025 -0.54181818 -0.54181818 -0.80998558 -0.47908658 -0.35273944 -0.35272727 -0.57454545 -0.56363636 -0.56363636 -0.62272727 -0.62272727 -0.67616905 -0.67636364 -0.95716164
-0.61818182 -0.63 -0.63 -0.63 -0.63 -0.6300001 -1.2789737 -0.88343196 -0.60553247 0.0065578832 0.0072727273 0.0072727273 0.0072727273 0.0072727273 0.007273015 -0.56727273 -0.5672727 -0.55523774 -0.39181879 0.17636364 0.17636364 0.17636364 0.17636364 0.17636364 0.18453698 0.087355424 0.20363627 0.20363636 0.20363636 0.20363636 -0.30181817 -0.30181818 -0.30181743 0.32454545 0.32454545 -0.51090909 0.062684026 0.079090909 -0.54181782 -0.54181818 -0.54181818 -0.54181818 -0.47909091 -0.47909091 -0.47909091 -0.47975519 0.034263911 0.038181818 0.038181818 0.038181818 0.038181806 -0.3863637 -0.38636364
-0.79636364 -0.63 -0.63 -0.63 -0.63 -0.63 -0.63000004 -0.66206165 0.41194357 0.41727273 0.41727273 0.41727273 0.41727273 0.41727273 0.41727272 0.69771562 -0.54708842 -0.54324683 0.17629214 0.17636364 0.17636364 0.17636364 0.17636364 0.17636409 0.55454545 0.55454545 0.55454496 0.20363636 0.20363636 0.20467399 0.72181818 0.72181818 0.32454545 0.32454545 0.32454545 0.11841027 0.079090909 0.079090909 0.079090909 -0.54181818 -0.54181818 -0.54181818 -0.47909091 -0.47909091 -0.47909091 -0.47909091 0.038181817 0.038181818 0.038181818 0.038181818 0.038181818 -0.38636364 -0.38636364
-0.79636364 -0.73442834 -0.63 -0.63 -0.63 -0.63 0.38979981 0.39 0.39 0.41727273 0.41727273 0.41727273 0.41727273 0.41727273 0.48044655 0.70363636 0.70363636 0.70363636 0.56789532 0.56909051 0.56909091 0.56909091 0.56909091 0.56909091 0.55454545 0.55454545 0.55454545 0.55454545 0.20363636 0.72181818 0.72181818 0.72181818 0.32454549 0.32454545 0.32454545 0.56454545 0.079733666 0.079090909 0.079090909 -0.5417621 -0.4303091 -0.17020491 -0.47909091 -0.47909091 -0.022323067 -0.020909091 -0.020909091 0.038191959 0.044523217 0.044545454 0.044545453 0.054478715 -0.38636274
-0.79636364 -0.16824407 -0.38755794 -0.63 -0.63 0.38939734 0.39 0.39 0.39 0.39019654 0.41727273 0.41727273 0.41727273 0.41727276 0.70363636 0.70363636 0.70363636 0.70363636 0.5692111 0.56909091 0.56909091 0.56909091 0.56909091 0.56909091 0.55454545 0.55454545 0.55454545 0.55454545 0.55515388 0.72181818 0.72181818 0.72181818 0.72454545 0.32457952 0.56454545 0.56454545 0.56454545 0.56396968 -0.15335781 -0.16909091 -0.16909091 -0.16909091 -0.31363636 -0.31363636 -0.020909091 -0.020909091 -0.020909091 0.044545454 0.044545455 0.044545455 0.044545455 0.054545455 0.054545455
-0.15118901 -0.15090909 -0.15090909 -0.15090908 0.62090909 0.39000596 0.39 0.39 0.39 0.39 0.41672211 0.41727263 0.41727273 0.70363636 0.70363636 0.70363636 0.70363636 0.70363636 0.71512629 0.56909091 0.56909091 0.56909091 0.56909091 0.56909091 0.60519291 0.6745448 0.67454545 0.67454545 0.67454545 0.72181818 0.72454545 0.72454545 0.72454545 0.72454545 0.56454545 0.56454416 0.51545455 0.51545455 -0.16054334 -0.16909091 -0.16909091 -0.16909091 -0.31363636 -0.31363636 -0.066233352 -0.020909091 -0.020909091 0.044545455 0.044545455 0.044545455 0.044652681 0.054545455 0.054545455
-0.15090909 -0.15090909 -0.15090909 0.2125516 0.62090909 0.62090909 0.39 0.39 0.39 0.39 0.41 0.41 0.41 0.70363636 0.70363636 0.70363636 0.70363636 0.70369661 1.0527273 1.0527273 0.56909111 0.56909091 0.57216733 0.69545455 0.69526631 0.67454545 0.67454545 0.67454545 0.67454545 0.72454036 0.72454545 0.72454545 0.72454545 0.72454545 0.51545472 0.51545455 0.51545455 0.51545455 0.51303172 -0.16909091 -0.16909091 -0.16909091 -0.31363636 -0.31363636 -0.31363636 -0.020909091 -0.020909091 0.044545454 0.044545455 0.044545455 0.054545455 0.054545455 0.054545455
-0.15090909 -0.15090909 -0.15090909 0.62090909 0.62090909 0.62090909 0.62090874 0.39 0.39 0.40997935 0.41 0.41 0.41 0.41018295 0.99870762 1.0681818 1.0681818 1.0681818 1.0527273 1.0527273 1.0527273 0.69545455 0.69545455 0.69545455 0.69547848 0.73033577 0.67454545 0.67454545 0.67454546 0.67907184 0.67000536 0.67 0.67 0.67 0.40581108 0.25090969 0.25090909 0.25090909 0.25090909 -0.0072948686 -0.0072727273 -0.0072727273 -0.31363636 -0.31363636 0.06636205 0.066363635 0.063636364 0.063636364 0.25181818 0.25181818 0.25181818 0.054545455 0.071802738
-0.15090786 -0.15090909 -0.15090906 0.62090909 0.62090909 0.62090909 0.62090909 0.47818179 0.39035259 0.4099728 0.41 0.41 0.41 0.41129153 1.0681818 1.0681818 1.0681818 1.0681818 1.0527273 1.0527273 1.0527273 0.69545455 0.69545455 0.69545455 0.78090909 0.78090909 1.0127273 1.0127273 1.0127273 1.0108576 0.67 0.67 0.67 0.67 0.46056961 0.25090909 0.25090909 0.25090909 0.25090909 -0.0072727273 -0.0072727273 -0.0072727273 -0.0049558455 0.066363636 0.066363636 0.066363636 0.063636364 0.063636364 0.25181818 0.25181818 0.25181818 0.071818188 0.071818182
0.24545455 0.07061159 0.30181818 0.30191076 0.62090909 0.47900763 0.47818182 0.47818182 0.57258901 0.38000001 0.38 0.38 0.38 1.2272451 1.2272727 1.0681819 1.0681818 1.0677746 1.0527273 1.0527273 1.0527273 0.83090909 0.83090909 0.83090909 0.78090909 0.78090909 1.0127273 1.0127273 1.0127273 1.0127273 1.032725 1.0327263 0.67911661 0.67038887 0.24594021 0.24545455 0.24545455 0.24545455 0.24545455 -0.0072727273 -0.0072727273 -0.0072727273 0.062309148 0.066363636 0.066363636 0.066363562 0.063636364 0.063636364 0.063643138 0.25181818 0.25179375 -0.29454545 0.071818182
0.42360253 0.42363634 0.30181818 0.30181818 0.30181818 0.47818182 0.47818182 0.47818182 0.73727273 0.73727273 0.38 0.38 0.38 1.2272727 1.2272727 1.2272727 1.2272727 1.2272528 1.0527273 1.0527273 1.0527273 0.83090909 0.83090909 0.83090909 0.78090909 0.78090909 1.0127273 1.0127273 1.0127273 1.0325018 1.0327273 1.0327273 1.0327273 1.0327273 0.24584302 0.24545455 0.24545455 0.24545455 0.24545455 0.23181812 0.23181818 0.23181818 0.23181818 0.066360435 -0.35090909 -0.35090909 -0.35090909 -0.57090909 -0.57090909 -0.57090909 -0.29454545 -0.29454545 -0.29454545
0.42363636 0.42363636 0.30181818 0.30181818 0.30181818 0.47725482 0.47818182 0.73727273 0.73727273 0.73727273 0.38004398 0.38 0.6065664 1.2272726 1.2272727 1.2272727 1.2272727 0.65 0.65 0.65 0.65272728 0.65272741 0.83090822 0.83090909 0.8309511 0.92545455 0.92545455 0.92545475 1.0127132 0.85548987 0.85545549 0.85548549 1.0324243 1.0325743 0.38555435 0.24545449 0.24498842 0.10636364 0.10636364 0.23181818 0.23181818 0.23181818 0.23181818 -0.35090909 -0.35090909 -0.35090909 -0.35090909 -0.57090909 -0.57090909 -0.57090909 -0.29454545 -0.29454545 -0.29454545
0.42363636 0.42363636 0.30181818 0.30181818 0.30181818 0.30181818 0.57515198 0.73727273 0.73727273 0.73727273 0.73722854 0.65727273 0.65727273 0.65727273 1.2239136 1.2272727 0.6538468 0.65 0.65 0.65 0.65272727 0.65272727 0.65272727 0.65272727 0.92545455 0.92545455 0.92545455 0.92545455 0.92545455 0.85545455 0.85545455 0.85545455 0.85545455 0.85545324 0.23454545 0.10636364 0.10636364 0.10636364 0.10636364 0.10636247 -0.28272727 -0.28272727 -0.28272727 -0.33982197 -0.45818182 -0.45818182 -0.45818182 -0.57090909 -0.57090924 -0.72090909 -0.72090909 -0.071872366 -0.071818182
0.42363636 0.42363636 0.34578599 0.30181818 0.30181818 0.30181819 0.64924739 0.73699483 0.73727273 0.73727273 0.65727271 0.65727273 0.65727273 0.65727273 0.65727273 0.70399271 0.65 0.65 0.65 0.65 0.65272725 0.65272727 0.65272727 0.65272727 0.92545455 0.92545455 0.92545455 0.92545455 0.92545454 0.44701318 0.85545455 0.85545455 0.85545455 0.23454545 0.23454545 0.23444592 0.10636364 0.10636364 -0.29627881 -0.60909085 -0.28272727 -0.28272727 -0.28272727 -0.33963351 -0.45818182 -0.45818182 -0.45818182 -0.56545455 -0.71897214 -0.72090909 -0.72090909 -0.071818182 -0.071818182
