interpolatedSpi/02-11|19_2.tif
NCOLS 53
NROWS 52
XLLCORNER -116.03883
YLLCORNER 28.596182
DX 0.49850594
DY 0.49788537
NODATA_VALUE -9999
0.286 0.286 0.098206834 -0.109 0.024 -0.051 -0.09 -0.158 -0.46316158 -0.479 -0.357 0.018 -0.24400379 -0.29 -0.316 -0.316 -0.316 -0.026 0.002 0.002 0.002 0.0019930744 -0.71699999 -0.187 -0.187 -0.187 -0.64299852 -0.643 -0.643 -0.506 -0.506 -0.506 -0.506 -0.503 -0.503 -0.503 -0.503 -0.503 -0.503 -0.50299998 0.10940411 0.1159391 -0.123 -0.123 -0.123 -0.123 -0.12399634 -0.733 -0.733 -0.733 0.10299826 0.103 0.103 
0.28599374 0.145 0.086000508 0.081509271 0.084807147 0.144 0.488 -0.15588517 -0.483 -0.349 0.123 -0.244 -0.244 0.11564287 -0.28999531 -0.316 -0.026 -0.026 0.0019634917 0.002 0.002 0.002 -0.20605463 -0.187 -0.187 -0.187 -0.161 -0.161 -0.506 -0.506 -0.506 -0.506 -0.506 -0.503 -0.503 -0.503 -0.503 -0.503 -0.50299993 -0.36032563 0.33496972 -0.067425326 -0.123 -0.123 -0.123 -0.123 -0.123 -0.733 -0.733 -0.733 -0.66367808 0.103 0.103 
0.18200213 0.182 0.526 0.541 -0.052 -0.131 0.097 0.16 -0.282 -0.276 -0.044 -0.293 0.019 -0.171 0.117 -0.614 -0.026 -0.026 -0.026 -0.13895901 -0.139 -0.139 -0.549 -0.187 -0.187 -0.187 -0.161 -0.161 -0.161 -0.506 -0.506 -0.50600001 -0.62057322 -0.5013574 -0.49440884 0.41154212 0.42 0.42 0.40930924 0.335 0.335 0.33441433 -0.123 -0.123 -0.123 -0.123 -0.123 -0.733 -0.733 -0.733 -0.733 0.103 0.103 
0.513 0.18199987 -0.45103033 0.331 -0.329 0.037 -0.061 -0.379 -0.326 0.026389234 -0.333 -0.598 -0.23 -0.171 -0.169 -0.614 -0.38278267 -0.38075127 -0.539 -0.139 -0.139 -0.491 -0.549 -0.549 -0.187 -0.18699987 -0.161 -0.161 -0.161 -0.891 -0.81034437 -0.744 -0.744 -0.74399909 0.42 0.42 0.42 0.42 0.335 0.335 0.335 0.33499998 -0.123 -0.123 -0.123 -0.123 -0.123 -0.7329923 -0.733 -0.733 -0.733 0.10298612 0.103 
0.513 0.22799875 -0.451 -0.6016868 -0.329 -0.36 -0.43199001 -0.427 -0.351 -0.43200013 -0.45496297 -0.4649874 -0.377 -0.169 -0.169 -0.46308796 -0.381 -0.381 -0.539 -0.539 -0.13900071 -0.491 -0.496 -0.404 -0.212 -0.21194924 -0.161 -0.161 -0.891 -0.891 -0.744 -0.744 -0.744 -0.6838452 0.42 0.42 0.42 0.335 0.335 0.335 0.335 0.3349888 -0.123 -0.123 -0.123 -0.123 -0.123 -0.12842976 -0.733 -0.73298157 -0.322 -0.322 -0.322 
-1.324 0.147 0.29900002 -0.402 -0.038 -0.018 -0.489 -0.48106222 -0.586 -0.436 -0.456 -0.532 -0.5319999 -0.82 -0.82 -0.32891236 -0.329 -0.306 -0.306 -0.53899962 -0.56 -0.56 -0.404 -0.212 -0.212 0.005 -0.841 -0.841 -0.4450404 -0.891 -0.744 -0.744 -0.425 -0.42502518 -0.66598268 -0.496 -0.496 0.07791118 0.335 0.335 0.21914468 0.219 0.21900107 0.35933251 0.36794573 0.36799987 0.36799998 0.36799981 0.1740401 -0.322 -0.322 -0.322 -0.322 
-0.51600577 0.145 0.048924457 0.25 0.503 -0.47 -0.372 -0.424 -0.676 -0.676 -0.456 -0.338 -0.47499992 -0.82 0.033997442 0.034 -0.329 -0.036 -0.103 -0.103 -0.4794137 -0.389 -0.389 0.072999996 0.005 0.005 -0.841 -0.841 -0.4449958 -0.44492275 -0.056978957 -0.425 -0.425 -0.666 -0.666 -0.30755455 -0.496 -0.496 -0.3430053 0.21899922 0.219 0.219 0.21900661 0.36800154 0.368 0.368 0.368 0.36799995 0.29 -0.32187872 -0.322 -0.322 -0.322 
-0.516 -0.715 0.35 -0.396 -0.028021097 -0.614 -0.625 -0.5 -0.606 -0.221 -0.221 -0.149 -0.475 -0.475 0.030507788 0.031267729 0.031 0.109 -0.33299976 -0.103 0.10640636 0.116 -0.096 -0.212 -0.21199941 -0.166 0.137 0.13699965 -0.3732523 -0.37299999 -0.056 -0.084126411 -0.353 -0.666 -0.64201367 -0.15 -0.15 -0.343 -0.343 0.219 0.219 0.21900001 0.64448877 0.64499999 0.368 0.368 0.368 0.29000297 0.29 0.29 -0.322 -0.322 -0.322 
-0.64991403 -0.71499999 0.162 0.574 0.234 -0.446 -0.346 -0.096 -0.553 -0.19654539 -0.284 -0.173 -0.173 -0.025 -0.024996953 -0.25520011 -0.256 -0.256 0.041528019 0.29099994 0.003 0.0030000013 0.172 0.0096143924 -0.17063559 -0.166 0.026 0.137 0.030621777 0.03 -0.009 0.316 0.3200266 0.142 0.175 0.061 0.002 -0.224 0.22979036 0.22096852 0.66 0.62 0.64498502 0.645 0.64344089 0.368 0.327 0.29 0.29 0.29 0.29 -0.24555243 0.169 
-0.286 -0.286 -0.104 0.182 -0.107 -0.535 -0.265 -0.265 0.03 -0.10600173 -0.067 -0.236 -0.025 -0.025 0.299 0.29138792 -0.256 -0.25591578 0.072 0.291 0.291 0.25389595 0.172 -0.1499939 -0.15 -0.15 0.026 0.452 0.452 0.03 0.03 0.31601517 0.324 0.142 0.346 0.061 0.002 -0.245 0.23 0.9806341 0.62 0.59538826 0.553 0.645 0.645 0.327 0.327 0.327 0.29 0.29 0.292 0.292 0.29199995 
-0.286 -0.286 -0.447 -0.91 -0.598 0.02 -0.295 -0.15720254 -0.368 -0.263 0.06 -0.306 -0.23609288 0.299 0.299 0.29902226 0.492 0.46995643 0.072 0.607 0.607 0.865 0.865 -0.15 -0.15 -0.15 0.452 0.452 0.452 0.087 0.087 0.087000391 0.381 0.381 -0.225 0.118 0.501 -0.0070001191 0.46 0.993 0.993 0.62399977 0.553 0.645 0.65199989 0.508 0.6356649 0.637 0.889 0.889 0.292 0.292 0.292 
-0.286 -0.35567087 -0.64457861 -0.87198775 -0.115 -0.189 -0.295 -0.157 -0.36799824 -0.26416327 -0.30599994 -0.306 0.509 0.299 0.299 0.49199999 0.492 0.4919761 0.072 0.607 0.65766595 0.865 0.865 -0.14995906 -0.15 0.077473937 0.542 0.542 0.54199999 0.087 0.087 0.363 0.363 0.38099834 -0.225 0.64399977 0.41729539 -0.007 -0.007 0.99299999 0.624 0.624 0.62400019 0.652 0.652 0.508 0.637 0.637 0.889 0.889 0.292 0.292 0.292 
-0.466 -0.085427361 -0.048031555 -0.053960025 -0.11500057 -0.18899825 -0.295 -0.15869871 -0.35345994 -0.36525817 0.509 0.509 0.509 0.509 0.29902975 0.492 0.492 0.48657713 0.072 0.60709499 0.947 0.947 0.947 0.947 -0.13086104 0.542 0.542 0.542 0.542 0.5417451 0.363 0.363 0.363 0.363 0.644 0.644 0.644 0.024372792 -0.00017291895 0.902 0.902 0.62401495 0.60600157 0.65199557 0.652 0.508 0.637 0.637 0.889 0.889 0.29416585 0.292 -0.016597758 
-0.466 -0.048 -0.048 -0.048 -0.048 -0.048000059 -0.29472863 -0.22973091 -0.31466841 0.5080582 0.509 0.509 0.509 0.509 0.50900024 0.492 0.49199993 0.46319087 0.072008686 0.947 0.947 0.947 0.947 0.947 0.94570138 0.59724284 0.57999999 0.58 0.58 0.58 0.36300001 0.363 0.36300058 0.847 0.847 0.644 1.0474596 1.059 0.90200009 0.902 0.902 0.902 0.606 0.606 0.606 0.60531801 0.29521139 0.293 0.293 0.293 0.29300001 0.98999986 0.99 
0.293 -0.048 -0.048 -0.048 -0.048 -0.048 -0.048000015 -0.081723867 0.84273347 0.849 0.849 0.849 0.849 0.849 0.849 0.94007261 0.49910393 0.4344881 0.94689013 0.947 0.947 0.947 0.947 0.94700026 0.887 0.887 0.88699957 0.58 0.58 0.58076894 0.964 0.964 0.847 0.847 0.847 1.0250399 1.059 1.059 1.059 0.902 0.902 0.902 0.606 0.606 0.606 0.606 0.29300001 0.293 0.293 0.293 0.293 0.99 0.99 
0.293 0.16604957 -0.048 -0.048 -0.048 -0.048 0.37091776 0.371 0.37100001 0.849 0.849 0.849 0.849 0.849 0.86951645 0.942 0.942 0.942 1.1693206 1.1699998 1.17 1.17 1.17 1.17 0.887 0.887 0.887 0.887 0.58 0.964 0.964 0.964 0.84700001 0.847 0.847 1.116 1.0590755 1.059 1.059 0.90200126 0.90439337 0.90997609 0.606 0.606 0.82731489 0.828 0.828 0.29382838 0.79424224 0.79599996 0.7959999 1.0199954 0.99000006 
0.293 0.085720743 0.016773893 -0.048 -0.048 0.37075243 0.371 0.371 0.371 0.3744446 0.849 0.849 0.849 0.84900001 0.942 0.942 0.942 0.942 1.1697963 1.17 1.17 1.17 1.17 1.17 0.88700001 0.887 0.887 0.887 0.88728008 0.964 0.964 0.964 1.372 0.84704004 1.116 1.116 1.116 1.11715 0.91944245 0.91 0.91 0.91 0.936 0.936 0.828 0.828 0.828 0.796 0.796 0.796 0.796 1.02 1.02 
0.080251155 0.08 0.08 0.080000001 0.163 0.37099463 0.371 0.371 0.371 0.371 0.83052702 0.84899682 0.84899999 0.942 0.942 0.942 0.942 0.942 0.93796841 1.17 1.17 1.17 1.17 1.17 1.1757192 1.4009972 1.401 1.401 1.401 0.96400002 1.372 1.372 1.372 1.372 1.116 1.1160028 1.221 1.221 0.9138833 0.91 0.91 0.91 0.936 0.936 0.84472212 0.828 0.828 0.796 0.796 0.796 0.79840186 1.02 1.02 
0.08 0.08 0.08 0.11908594 0.163 0.163 0.371 0.371 0.371 0.371 0.605 0.605 0.605 0.942 0.942 0.942 0.942 0.941961 0.595 0.595 1.1699998 1.17 1.1661047 1.01 1.01352 1.401 1.401 1.401 1.401 1.372003 1.372 1.372 1.372 1.372 1.2209996 1.221 1.221 1.221 1.2199245 0.91 0.91 0.91 0.936 0.936 0.936 0.828 0.828 0.79600001 0.796 0.796 1.02 1.02 1.02 
0.08 0.08 0.08 0.163 0.163 0.163 0.16300032 0.371 0.371 0.60475844 0.605 0.605 0.605 0.60520996 0.75097631 0.706 0.706 0.706 0.595 0.595 0.595 1.01 1.01 1.01 1.0100219 1.2368239 1.401 1.401 1.401 1.4043618 1.4109962 1.411 1.411 1.411 1.3532932 1.5389993 1.539 1.539 1.539 1.3579387 1.358 1.358 0.936 0.936 1.2699986 1.27 1.269 1.269 1.231 1.231 1.231 1.02 1.1508829 
0.080001189 0.08 0.080000003 0.163 0.163 0.163 0.163 0.34600001 0.37090004 0.60484766 0.605 0.605 0.605 0.60519819 0.706 0.706 0.706 0.70599997 0.595 0.595 0.595 1.01 1.01 1.01 1.088 1.088 1.197 1.197 1.197 1.1981674 1.411 1.411 1.411 1.411 1.4749648 1.539 1.539 1.539 1.539 1.358 1.358 1.358 1.3552312 1.27 1.27 1.27 1.269 1.269 1.231 1.231 1.231 1.151 1.151 
0.463 0.28875927 0.339 0.33894894 0.163 0.34494117 0.346 0.346 0.41960448 0.437 0.437 0.437 0.437 0.45999925 0.46 0.70599981 0.706 0.70307531 0.595 0.595 0.595 0.711 0.711 0.711 1.088 1.088 1.197 1.197 1.197 1.1970001 1.3320005 1.3320002 1.4090145 1.4109153 1.3740431 1.374 1.374 1.374 1.374 1.358 1.358 1.358 1.2748453 1.27 1.27 1.2699999 1.269 1.269 1.2689986 1.231 1.2309953 1.127 1.151 
0.52298861 0.52299997 0.339 0.339 0.339 0.346 0.346 0.346 0.548 0.548 0.437 0.437 0.437 0.46 0.46 0.46 0.46 0.46001592 0.595 0.595 0.595 0.711 0.711 0.711 1.088 1.088 1.197 1.197 1.197 1.3304779 1.332 1.332 1.332 1.332 1.3739793 1.374 1.374 1.374 1.374 0.9570001 0.957 0.957 0.957 1.2699959 0.741 0.741 0.741 0.985 0.985 0.985 1.127 1.127 1.127 
0.523 0.523 0.339 0.339 0.339 0.34596321 0.346 0.548 0.548 0.548 0.43701366 0.437 0.26213531 0.45999995 0.46 0.46 0.46 0.231 0.231 0.231 0.29900001 0.29900031 0.71099799 0.711 0.71113312 0.757 0.757 0.75700105 1.1969289 1.1880287 1.1880008 1.1880251 1.3317539 1.3318757 1.3664249 1.3739997 1.3710308 0.488 0.488 0.957 0.957 0.957 0.957 0.741 0.741 0.741 0.741 0.985 0.985 0.985 1.127 1.127 1.127 
0.523 0.523 0.339 0.339 0.339 0.339 0.4216027 0.548 0.548 0.548 0.54782048 0.223 0.223 0.223 0.4586033 0.46 0.232526 0.231 0.231 0.231 0.299 0.299 0.299 0.299 0.757 0.757 0.757 0.757 0.757 1.188 1.188 1.188 1.188 1.1879995 0.974 0.488 0.488 0.488 0.488 0.48800033 0.517 0.517 0.517 0.57134451 0.684 0.684 0.684 0.98499999 0.98499984 0.821 0.821 1.1030058 1.103 
0.523 0.523 0.40541108 0.339 0.339 0.339 0.47213486 0.54776049 0.548 0.548 0.22300005 0.223 0.223 0.223 0.223 0.24242732 0.231 0.231 0.231 0.231 0.29899947 0.299 0.299 0.299 0.757 0.757 0.757 0.757 0.757 0.65299555 1.188 1.188 1.188 0.974 0.974 0.97362261 0.488 0.488 0.62137851 0.72499998 0.517 0.517 0.517 0.57109146 0.684 0.684 0.684 0.736 0.81994091 0.821 0.821 1.103 1.103 
0.686 0.686 0.686 0.42600244 0.33944882 0.472 0.472 0.472 0.472 0.471 0.471 0.22300002 0.223 0.223 0.223 0.2230005 0.231 0.231 0.231 0.231 0.26932701 0.299 0.299 0.30033469 0.36812325 0.757 0.757 0.757 0.464 0.464 0.464 0.46400304 0.974 0.974 0.974 0.974 0.725 0.725 0.725 0.725 0.647 0.647 0.647 0.80799676 0.808 0.808 0.80799996 0.736 0.736 0.82089643 0.821 1.1029984 1.103 
0.686 0.686 0.686 0.6859979 0.647 0.62155212 0.472 0.472 0.472 0.471 0.471 0.471 0.16 0.16 0.16 0.16 0.23098901 0.231 0.231 0.231 0.23203391 0.34999986 0.35 0.35 0.35 0.35 0.044000005 0.044 0.464 0.464 0.464 0.464 0.97399979 0.974 0.974 0.97397605 0.725 0.725 0.725 0.72562293 0.647 0.647 0.647 0.80799253 0.808 0.808 0.808 0.736 0.736 0.73600001 0.795 0.795 0.824 
0.686 0.686 0.686 0.64700009 0.647 0.647 0.47200007 0.472 0.472 0.471 0.471 0.471 0.16 0.16 0.16 0.16495037 0.225 0.225 0.22500002 0.23096611 0.35 0.35 0.35 0.35 0.35 0.34976972 0.044 0.044 0.044000001 0.464 0.464 0.46395173 0.68 0.68 0.68 0.648 0.648 0.867 0.867 0.867 0.882 0.64707371 0.64700199 0.913 0.913 0.90902062 0.80800016 0.736 0.736 0.795 0.795 0.795 0.824 
0.686 0.686 0.686 0.647 0.647 0.647 0.647 0.472 0.472 0.471 0.471 0.17243551 0.16 0.16 0.16 0.225 0.225 0.225 0.225 0.225 0.35 0.35 0.35 0.35 0.35 0.044001044 0.044 0.044 0.044 0.389 0.389 0.389 0.68 0.68 0.68 0.648 0.648 0.867 0.867 0.882 0.882 0.882 0.913 0.913 0.913 0.913 0.9098784 0.875 0.875 0.875 0.795 0.843 0.843 
0.686 0.686 0.68594569 0.647 0.647 0.647 0.647 0.43470138 0.424 0.42408069 0.47099999 0.15999699 0.16 0.16 0.16000022 0.225 0.225 0.225 0.225 0.225 0.29820615 0.35 0.35 0.35 0.34994027 0.0440009 0.044 0.044 0.044 0.389 0.389 0.389 0.38904106 0.68 0.648 0.648 0.648 0.64800891 0.86700102 0.882 0.882 0.882 0.91299812 0.913 0.913 0.913 0.87499981 0.875 0.875 0.875 0.843 0.843 0.843 
0.236 0.23600079 0.647006 0.647 0.647 0.647 0.42404745 0.424 0.424 0.424 0.12400001 0.124 0.124 0.124 0.22453385 0.225 0.225 0.225 0.225 0.29599996 0.296 0.296 0.060000048 0.06 0.06 0.06 0.058618994 0.044 0.27399058 0.274 0.274 0.274 0.274 0.512 0.512 0.512 0.512 0.512 0.835 0.835 0.835 0.835 0.835 0.85608592 0.856 0.856 0.856 0.875 0.875 0.875 0.84300504 0.843 0.843 
0.236 0.236 0.23507914 0.12600105 0.12600012 0.12629087 0.424 0.424 0.424 0.424 0.124 0.124 0.124 0.124 0.124 0.225 0.225 0.225 0.29599998 0.296 0.296 0.296 0.060000001 0.06 0.06 0.06 0.06 0.059996826 0.27393242 0.274 0.274 0.274 0.27397285 0.50916549 0.51199706 0.512 0.512 0.512 0.835 0.835 0.835 0.835 0.835 0.856 0.856 0.856 0.856 0.86488477 0.875 0.96992893 0.971 0.79 0.79 
0.236 0.236 0.12601393 0.126 0.126 0.126 0.20169074 0.424 0.424 0.424 0.124 0.124 0.124 0.124 0.124 0.22492102 0.225 0.29597918 0.296 0.296 0.296 0.296 0.14742773 0.06 0.06 0.06 0.06 0.060027717 0.099 0.099 0.099 0.099 0.099 0.507 0.507 0.507 0.507 0.507 1.037 1.037 1.037 1.037 1.037 0.85643462 0.85600009 0.856 0.85603017 0.8596471 0.971 0.971 0.971 0.79000101 0.79 
0.23600002 0.24678554 0.12600002 0.126 0.126 0.126 0.126 0.42387311 0.424 0.424 0.124 0.124 0.124 0.124 -0.011912621 -0.015 -0.015 0.295992 0.296 0.296 0.296 0.296 0.29599994 0.06 0.06 0.06 0.06 0.34999976 0.34999988 0.2965811 0.099 0.099 0.099 0.507 0.507 0.507 0.507 0.50710362 1.037 1.037 1.037 1.037 1.0370172 1.034 1.034 1.034 1.034 1.0339949 0.971 0.971 0.971 0.97100009 1.1072578 
0.247 0.247 0.2084903 0.126 0.126 0.126 0.126 0.126 0.42387179 -0.047999993 -0.048 -0.048 -0.047591809 -0.0149998 -0.015 -0.015 -0.015 -0.015 0.29599778 0.27702409 0.111 0.111 0.111 0.098327559 0.065602546 0.095580709 0.12100209 0.35 0.35 0.35 0.35 0.35 0.34198867 0.65751961 0.66 0.66 0.66 0.66 1.0792668 1.2619996 1.262 1.262 1.262 1.1869996 1.034 1.034 1.034 1.1 0.97100207 0.971 0.971 1.112 1.112 
0.247 0.247 0.138 0.138 0.138 0.126004 0.126 0.126 -0.048 -0.048 -0.048 -0.048 -0.048 -0.015000001 -0.015 -0.015 -0.015 -0.015 0.111 0.111 0.111 0.111 0.111 0.13 0.13 0.13 0.13 0.35 0.35 0.35 0.35 0.35 0.439 0.439 0.66 0.66 0.66 0.73898655 0.739 1.262 1.262 1.262 1.2619999 1.187 1.187 1.187 1.1 1.1 1.1 1.175 1.175 1.112 1.112 
0.247 0.247 0.138 0.138 0.138 0.138 0.13799985 0.11 -0.047851238 -0.048 -0.048 -0.048 -0.048 -0.015411645 -0.015 -0.015 -0.015 -0.015 0.111 0.111 0.111 0.111 0.111 0.13 0.13 0.13 0.13 0.1300009 0.35 0.35 0.35 0.43899533 0.439 0.439 0.439 0.66 0.739 0.739 0.739 0.75276111 0.92311059 0.86 0.86 1.187 1.187 1.187 1.1 1.1 1.1 1.175 1.175 1.175 0.91636527 
0.367 0.36699906 0.138 0.138 0.138 0.138 0.11 0.11 0.11 -0.048 -0.048 -0.048 -0.048 -0.047989741 -0.015 -0.015 -0.015 -0.015 0.11099773 0.111 0.111 0.111 0.12664953 0.13 0.13 0.13 0.13 0.2469999 0.247 0.247 0.34889786 0.439 0.439 0.439 0.4389997 0.12 0.739 0.739 0.739 0.739 0.86 0.86 0.86 1.023 1.023 1.023 0.92801675 1.1 1.1 1.175 1.175 1.175 0.89600009 
0.367 0.367 0.138 0.138 0.138 0.11 0.11 0.11 0.11 -0.030678707 -0.048 -0.048 -0.048 -0.047999901 -0.047996202 -0.048 -0.048 -0.048 -0.16013724 -0.024 -0.024 -0.024 -0.024 0.13 0.13 0.13 0.13000772 0.247 0.247 0.247 0.247 0.43893058 0.25957173 0.12 0.12 0.12 0.73793028 0.45300595 0.453 0.453 0.85988016 0.707 0.707 1.023 1.023 1.0229996 0.928 0.928 1 1 1 0.922 0.929 
0.367 0.367 0.053 0.053 0.053 0.11 0.11 0.11 0.11 0.014 0.014 0.014 0.014 0.0096307148 -0.048 -0.048 -0.048 -0.048 -0.165 -0.024 -0.024 -0.024 -0.024 -0.159 -0.15899989 0.12999957 0.247 0.247 0.247 0.247 0.099673904 -0.044 0.10048625 0.12 0.12 0.12 0.453 0.453 0.453 0.453 0.707 0.707 0.707 0.79497225 0.795 0.92740217 0.928 0.928 0.99999952 1 0.922 0.922 0.929 
0.367 0.053000002 0.053 0.053 0.053 0.053 0.110753 0.207 0.207 0.014 0.014 0.014 0.014 0.013985317 -0.048 -0.048 -0.048 -0.053286431 -0.165 -0.165 -0.024 -0.024 -0.159 -0.159 -0.159 -0.159 0.247 0.247 0.247 0.247 -0.044 -0.044 -0.044 0.11983405 0.12 0.12 0.453 0.453 0.453 0.453 0.707 0.707 0.707 0.795 0.795 0.79498283 0.492 0.492 0.903 0.903 0.922 0.922 0.929 
0.05594885 0.053 0.053 0.053 0.053 0.053 0.207 0.207 0.207 0.10369833 0.014 0.014 0.014 0.014003433 -0.048 -0.048 -0.048 -0.165 -0.165 -0.165 -0.024007044 -0.024000825 -0.159 -0.159 -0.159 -0.159 0.24697114 0.247 0.247 -0.043933078 -0.044 -0.044 -0.044 -0.044 0.11950401 0.05 0.05 0.056974615 0.453 0.453 0.70699978 0.707 0.79244138 0.795 0.795 0.49200011 0.492 0.492 0.903 0.903 0.708 0.708 0.894 
0.053 0.053 0.053 0.053 0.053 0.053 0.207 0.207 0.207 0.207 0.20999435 0.21 0.21 0.21 -0.047999719 -0.044153941 -0.042 -0.042 -0.16477325 -0.165 -0.16499997 -0.1589998 -0.159 -0.159 -0.159 -0.159 -0.15870482 0.247 0.24699005 -0.044 -0.044 -0.044 -0.044 -0.044 0.05 0.05 0.05 0.05 0.05 0.05000211 0.334 0.334 0.33399996 0.208 0.208 0.208 0.507 0.507 0.503 0.503 0.708 0.7080004 0.894 
0.053 0.053 0.053 0.053 0.053 0.053 0.207 0.207 0.207 0.21 0.21 0.21 0.21 0.21 0.1435734 -0.042 -0.042 -0.042 -0.042 -0.042 -0.047872845 -0.159 -0.159 -0.159 -0.159 -0.15228018 0.054664664 0.22085467 -0.04256494 -0.044 -0.044 -0.044 -0.044 -0.043999794 0.05 0.05 0.05 0.05 0.05 0.18211614 0.334 0.334 0.334 0.208 0.208 0.208 0.507 0.507 0.503 0.503 0.465 0.87033449 0.894 
0.053 0.053 0.053 0.053 0.053 0.053000046 0.20699996 0.207 0.20712452 0.21 0.21 0.21 0.21 0.21 0.19791253 -0.042 -0.042 -0.042 -0.042 -0.042 -0.042 0.02197797 0.0549997 0.055 0.055 0.055 0.055 0.055 -0.32049282 -0.32599666 -0.32599999 -0.326 -0.326 -0.32599973 0.05 0.05 0.05 0.05 0.05 0.33399997 0.334 0.334 0.334 0.33399994 0.2081491 0.301 0.50699998 0.32126968 0.5028379 0.465 0.465 0.4637528 0.405 
0.053 0.053 0.053 0.053 0.053 0.053009838 0.20699169 0.20700018 0.21 0.21 0.21 0.21 0.21 0.21 0.20520498 -0.042 -0.042 -0.042 -0.042 -0.042 -0.042 0.055 0.055 0.055 0.055 0.055 0.055 0.055 -0.32589483 -0.326 -0.326 -0.326 -0.326 -0.326 -0.22297604 0.05 0.05 0.05 0.05 0.334 0.334 0.334 0.334 0.33399155 0.301 0.301 0.30110655 0.318 0.318 0.465 0.465 0.405 0.405 
0.053 0.053 0.053 0.053 0.053000001 0.05320538 0.20681728 0.20966147 0.21 0.21 0.21 0.21 0.21 0.21 0.20558831 -0.042 -0.042 -0.042 -0.042 -0.042 -0.028188963 0.055 0.055 0.055 0.055 0.055 0.055 0.055 -0.32599847 -0.326 -0.326 -0.326 -0.326 -0.326 -0.326 -0.071336847 -0.25993156 -0.36305753 -0.37873156 0.33528557 0.334 0.334 0.334 0.30100264 0.301 0.30234307 0.52599901 0.318 0.318 0.30001418 0.3 0.3 0.40499995 
0.053 0.053 0.053 0.053 0.053000156 0.054284301 0.20618045 0.20999918 0.21 0.21 0.21 0.21 0.21 0.21 0.20411541 -0.042 -0.042 -0.042 -0.042 -0.041999999 0.054999581 0.055 0.055 0.055 0.055 0.055 0.055 0.055 -0.3259999 -0.326 -0.326 -0.326 -0.326 -0.326 -0.32600001 -0.387 -0.387 -0.387 -0.387 0.354 0.354 0.354 0.354 0.52599935 0.526 0.526 0.526 0.52599819 0.365 0.365 0.3 0.3 0.21658911 
0.053 0.053 0.053 0.053000012 0.053004301 0.057182232 0.20952901 0.20999996 0.21 0.21 0.21 0.21 0.21 0.21 0.20144556 -0.041999897 -0.042 -0.042 -0.042 -0.041416199 0.055 0.055 0.055 0.055 0.055 0.055 0.055 0.055 -0.32599991 -0.326 -0.326 -0.326 -0.326 -0.326 -0.38699994 -0.387 -0.387 -0.387 -0.387 0.354 0.354 0.354 0.354 0.40042206 0.526 0.526 0.526 0.3650018 0.365 0.365 0.18 0.18 0.18 
0.053 0.053 0.053000007 0.053000349 0.05304216 0.068804032 0.2099574 0.20999999 0.21 0.21 0.21 0.21 0.21 0.20999998 0.19782895 -0.041994074 -0.042 -0.042 -0.041999889 0.053034626 0.055 0.055 0.055 0.055 0.055 0.055 0.055 0.055 -0.32599964 -0.326 -0.326 -0.326 -0.326 -0.42994991 -0.38700002 -0.387 -0.387 -0.387 -0.387 0.354 0.354 0.354 0.354 0.354 0.526 0.526 0.526 0.365 0.365 0.365 0.18 0.18 0.18 
0.053000002 0.05300001 0.053000146 0.053004127 0.053253515 0.14421842 0.2099887 0.20999999 0.21 0.21 0.21 0.21 0.21 0.20999953 0.19352909 -0.041907967 -0.041999995 -0.041999997 -0.041497784 0.054991752 0.055 0.055 0.055 0.055 0.055 0.055 0.055 0.054999778 -0.32599761 -0.326 -0.3260001 -0.45551647 -0.468 -0.468 -0.468 -0.387 -0.387 -0.387 -0.387 0.354 0.354 0.354 0.354 0.354 0.52599695 0.526 0.52599992 0.36500001 0.365 0.3649999 0.18 0.18 0.18 
