interpolatedSpi/03-03|21_3.tif
NCOLS 53
NROWS 52
XLLCORNER -116.03883
YLLCORNER 28.596182
DX 0.49850594
DY 0.49788537
NODATA_VALUE -9999
-0.855 -0.855 -0.60883333 -1.175 -1.565 -1.48 -1.305 -1.245 -1.4890455 -1.805 -1.325 -1.36 -2.0548415 -0.13 -1.15 -1.15 -1.15 -0.74 -0.63 -0.63 -0.63 -0.63000535 -1.185 -0.67 -0.67 -0.67 -0.49498961 -0.495 -0.495 -0.13 -0.13 -0.13 -0.13 -1.6399997 -1.64 -1.64 -1.64 -1.64 -1.64 -1.6399999 2.5597627 2.6040573 -1.095 -1.095 -1.095 -1.095 -1.0946162 -0.86 -0.86 -0.86 1.3099955 1.31 1.31 
-0.85502488 -1.415 -1.1500009 -1.4611434 -1.5853637 -1.12 -1.28 -2.4497177 -2.765 -2.115 -1.88 -2.055 -2.055 -1.4057319 -0.13002447 -1.15 -0.74 -0.74 -0.63014343 -0.63 -0.63 -0.63 -0.69000209 -0.67 -0.67 -0.67 -1.9549999 -1.955 -0.13 -0.13 -0.13 -0.13 -0.13 -1.6399998 -1.64 -1.64 -1.64 -1.64 -1.6399999 -1.4024706 -0.25004686 -0.99246589 -1.095 -1.095 -1.095 -1.095 -1.095 -0.86 -0.86 -0.86 -0.68006152 1.31 1.31 
-1.8449756 -1.845 -1.9 -1.41 -2.115 -2.39 -2.03 -2.66 -2.66 -2.99 -2.12 -2.505 -1.66 -2.285 -1.41 -2.125 -0.74 -0.74 -0.74 -1.5197413 -1.52 -1.52 -1.05 -0.67 -0.67 -0.67 -1.955 -1.955 -1.955 -0.13 -0.13 -0.13000011 -1.1818591 -1.6373996 -1.625247 -0.069524101 -0.055 -0.055 -0.079525861 -0.25 -0.25 -0.25108054 -1.095 -1.095 -1.095 -1.095 -1.095 -0.86 -0.86 -0.86 -0.86 1.31 1.31 
-1.49 -1.845 -1.8000636 -1.235 -1.79 -2.235 -2.415 -2.905 -2.545 -2.0112603 -1.735 -3.09 -3.04 -2.285 -2.22 -2.125 -2.4673604 -2.4687879 -2.22 -1.52 -1.52 -2.325 -1.05 -1.05 -0.67 -0.67000642 -1.955 -1.955 -1.955 -1.285 -1.8501381 -2.315 -2.315 -2.3149982 -0.055 -0.055 -0.055 -0.055 -0.25 -0.25 -0.25 -0.25000003 -1.095 -1.095 -1.095 -1.095 -1.095 -0.86000296 -0.86 -0.86 -0.86 1.3099285 1.31 
-1.49 -1.2850009 -1.8 -1.7969186 -1.79 -2.02 -2.5399285 -2.1 -2.25 -1.6650002 -2.9264829 -3.5248102 -2.2 -2.22 -2.22 -2.1618561 -2.47 -2.47 -2.22 -2.22 -1.5200016 -2.325 -1.66 -0.985 -0.9 -0.89989619 -1.955 -1.955 -1.285 -1.285 -2.315 -2.315 -2.315 -1.9359681 -0.055000001 -0.055 -0.055 -0.25 -0.25 -0.25 -0.25 -0.25002703 -1.095 -1.095 -1.095 -1.095 -1.095 -1.0929082 -0.86 -0.8600009 -0.88 -0.88 -0.88 
-1.365 -1.25 0.24999995 -1.18 -1.92 -1.15 -1.74 -1.7860903 -2.01 -2.08 -1.64 -1.475 -1.4750005 -1.23 -1.23 -1.445041 -1.445 -1.19 -1.19 -2.2199991 -1.79 -1.79 -0.985 -0.9 -0.9 -0.455 -1.295 -1.295 -0.26509344 -1.285 -2.315 -2.315 -0.305 -0.30510501 -1.3099279 -0.69 -0.69 -0.38612404 -0.25 -0.25 -0.52965078 -0.53 -0.52999996 -2.3032871 -2.3248641 -2.3249997 -2.325 -2.3249995 -2.4390061 -0.88 -0.88 -0.88 -0.88 
-0.37001319 -0.545 -0.60363262 0.245 0.355 -1.58 -0.73999999 -1.335 -1.86 -1.86 -1.64 -1.495 -0.44500012 -1.23 -1.6149988 -1.615 -1.445 -1.41 -1.255 -1.255 -1.8253449 -1.865 -1.865 0.064999987 -0.455 -0.455 -1.295 -1.295 -0.26503555 -0.26565448 -1.1491481 -0.305 -0.305 -1.31 -1.31 -0.85066881 -0.69 -0.69 -0.36501127 -0.52999977 -0.53 -0.53 -0.53000238 -2.3249985 -2.325 -2.325 -2.325 -2.3250003 -2.76 -0.88037256 -0.88 -0.88 -0.88 
-0.37 0.34 -0.065 -0.62 -1.0799736 -1.185 -1 -1.33 -1.14 -1.755 -1.755 -0.835 -0.445 -0.445 -1.6069727 -1.9246574 -1.955 -0.27 -1.1150001 -1.255 -0.77145814 -0.715 -1.7 -0.8 -0.80000961 -1.545 -0.95 -0.95000012 -0.87286247 -0.875 -1.15 -0.69655931 0.3 -1.31 -1.3271127 -0.985 -0.985 -0.365 -0.365 -0.53 -0.53 -0.53 -2.0424204 -2.05 -2.325 -2.325 -2.325 -2.7599834 -2.76 -2.76 -0.88 -0.88 -0.88 
-0.0028771195 0.34 0.27 -0.51 -1.77 -1.195 -1.475 -1.475 -2 -1.9162691 -1.955 -1.655 -1.655 -1.235 -1.2350043 -1.5561148 -1.555 -1.555 -0.39899057 -0.9200001 -1.38 -1.38 -1.415 -1.5876862 -1.4699237 -1.545 -0.3 -0.95 -0.94005811 -0.94 -0.975 -0.91 -1.1618213 -1.575 -1.91 -2.145 -2.285 -1.665 -1.6200208 -0.52973217 -0.47 -1.03 -2.049965 -2.05 -2.0515478 -2.325 -3.045 -2.76 -2.76 -2.76 -2.76 -0.8582112 -1.595 
-1.92 -1.92 -0.605 -1.295 -1.9 -1.865 -0.88 -1.29 -1.83 -1.8948814 -2.065 -0.21 -1.235 -1.235 -1.695 -1.6930798 -1.555 -1.5550707 -1.775 -0.92 -0.92 -0.97926346 -1.415 -1.5799969 -1.58 -1.58 -0.3 -1.435 -1.435 -0.94 -0.94 -0.91094831 -1.41 -1.575 -1.055 -2.145 -2.285 -1.645 -1.62 -1.2855104 -1.03 -1.3257082 -1.835 -2.05 -2.05 -3.045 -3.045 -3.045 -2.76 -2.76 -0.705 -0.705 -0.70500033 
-1.92 -1.92 -1.28 -1.965 -1.475 -1.555 -1.545 -1.1402545 -1.375 -1.44 -2.11 -1.155 -0.21125959 -1.695 -1.695 -1.6951136 -2.68 -2.6325014 -1.775 -1.725 -1.725 -1.415 -1.415 -1.58 -1.58 -1.58 -1.435 -1.435 -1.435 -2.17 -2.17 -2.1699987 -1.595 -1.595 -1.465 -1.99 -1.495 -2.5649958 -1.745 -1.28 -1.28 0.17999338 -1.835 -2.05 -1.4950006 -2.21 -1.5962663 -1.59 -1.19 -1.19 -0.705 -0.705 -0.705 
-1.92 -1.6438256 -1.5723139 -1.2500203 -1.26 -1.96 -1.545 -1.14 -1.374998 -1.4392799 -1.1550004 -1.155 -1.21 -1.695 -1.695 -2.68 -2.68 -2.6799485 -1.775 -1.725 -1.6641223 -1.415 -1.415 -1.5799943 -1.58 -1.5734256 -1.56 -1.56 -1.56 -2.17 -2.17 -1.8 -1.8 -1.5949996 -1.465 -1.9600001 -1.5872038 -2.565 -2.565 -1.28 0.18 0.18 0.17998757 -1.495 -1.495 -2.21 -1.59 -1.59 -1.19 -1.19 -0.705 -0.705 -0.705 
-0.72 -0.80484244 -0.75504405 -0.75859134 -1.2600035 -1.9599835 -1.545 -1.1449853 -1.3588061 -1.3766973 -1.21 -1.21 -1.21 -1.21 -1.6949313 -2.68 -2.68 -2.668315 -1.775 -1.7251999 -2.415 -2.415 -2.415 -2.415 -1.5941054 -1.56 -1.56 -1.56 -1.56 -1.5605398 -1.8 -1.8 -1.8 -1.8 -1.96 -1.96 -1.96 -2.5352514 -2.5585409 -1.705 -1.705 0.17989861 -1.2250092 -1.494974 -1.495 -2.21 -1.59 -1.59 -1.19 -1.19 -0.70675953 -0.705 -0.24242536 
-0.72 -0.755 -0.755 -0.755 -0.755 -0.7550005 -1.5460622 -1.3533996 -1.3156023 -1.2101793 -1.21 -1.21 -1.21 -1.21 -1.2099999 -2.68 -2.6799999 -2.6179232 -1.7750147 -2.415 -2.415 -2.415 -2.415 -2.415 -2.4107814 -2.0134189 -2.2249999 -2.225 -2.225 -2.225 -1.8 -1.8 -1.7999995 -1.41 -1.41 -1.96 -1.4982089 -1.485 -1.7049999 -1.705 -1.705 -1.705 -1.225 -1.225 -1.225 -1.2318547 -0.77546398 -0.77 -0.77 -0.77 -0.77000001 -0.95999995 -0.96 
0.205 -0.755 -0.755 -0.755 -0.755 -0.755 -0.75500005 -1.1370194 -1.0012842 -1 -1 -1 -1 -1 -1 -0.18701903 -2.640087 -2.5560748 -2.4149198 -2.415 -2.415 -2.415 -2.415 -2.4149983 -2.22 -2.22 -2.22 -2.225 -2.225 -2.226662 -3.055 -3.055 -1.41 -1.41 -1.41 -1.4729857 -1.485 -1.485 -1.485 -1.705 -1.705 -1.705 -1.225 -1.225 -1.225 -1.225 -0.76999999 -0.77 -0.77 -0.77 -0.77 -0.96 -0.96 
0.205 -0.15239709 -0.755 -0.755 -0.755 -0.755 -0.35507851 -0.355 -0.35500002 -1 -1 -1 -1 -1 -0.81689619 -0.17 -0.17 -0.17 -0.97439857 -0.97000147 -0.97 -0.97 -0.97 -0.97 -2.22 -2.22 -2.22 -2.22 -2.225 -3.055 -3.055 -3.055 -1.4100001 -1.41 -1.41 -1.285 -1.4847352 -1.485 -1.485 -1.7048524 -1.4103169 -0.72294395 -1.225 -1.225 -0.26796262 -0.265 -0.265 -0.76912746 -0.24185211 -0.24000005 -0.2400001 -0.53006501 -0.95999913 
0.205 -0.34482544 -0.55511182 -0.755 -0.755 -0.35523634 -0.355 -0.355 -0.355 -0.35964805 -1 -1 -1 -0.9999999 -0.17 -0.17 -0.17 -0.17 -0.96928538 -0.97 -0.97 -0.97 -0.97 -0.97 -2.22 -2.22 -2.22 -2.22 -2.2230372 -3.055 -3.055 -3.055 -2.42 -1.4100117 -1.285 -1.285 -1.285 -1.2814423 -0.76843652 -0.72 -0.72 -0.72 -0.655 -0.655 -0.265 -0.265 -0.265 -0.24 -0.24 -0.24 -0.24 -0.53 -0.53 
-0.35947854 -0.36 -0.36 -0.36 -0.555 -0.35500516 -0.355 -0.355 -0.355 -0.355 -0.94511132 -0.99999055 -0.99999998 -0.17 -0.17 -0.17 -0.17 -0.17 -0.22324647 -0.97 -0.97 -0.97 -0.97 -0.97 -1.7407496 -2.030001 -2.03 -2.03 -2.03 -3.055 -2.42 -2.42 -2.42 -2.42 -1.285 -1.2849914 -0.96 -0.96 -0.72299676 -0.72 -0.72 -0.72 -0.655 -0.655 -0.32538543 -0.265 -0.265 -0.24 -0.24 -0.24 -0.24310955 -0.53 -0.53 
-0.36 -0.36 -0.36 -0.45182841 -0.555 -0.555 -0.355 -0.355 -0.355 -0.355 -0.275 -0.275 -0.275 -0.17 -0.17 -0.17 -0.17 -0.16996199 -0.02 -0.02 -0.96999961 -0.97 -0.97766892 -1.285 -1.2917069 -2.03 -2.03 -2.03 -2.03 -2.4199603 -2.42 -2.42 -2.42 -2.42 -0.96000114 -0.96 -0.96 -0.96 -0.95909409 -0.72 -0.72 -0.72 -0.655 -0.655 -0.655 -0.265 -0.265 -0.24000001 -0.24 -0.24 -0.53 -0.53 -0.53 
-0.36 -0.36 -0.36 -0.555 -0.555 -0.555 -0.55499969 -0.355 -0.355 -0.27508258 -0.275 -0.275 -0.275 -0.27493458 0.016167155 0.06 0.06 0.06 -0.02 -0.02 -0.02 -1.285 -1.285 -1.285 -1.2847101 -1.0963467 -2.03 -2.03 -2.03 -0.93892419 -0.61017802 -0.61 -0.61 -0.61 -0.51316755 0.11499756 0.115 0.115 0.115 0.17987685 0.18 0.18 -0.655 -0.655 -0.26500163 -0.26500012 -0.605 -0.605 -0.56 -0.56 -0.56 -0.53 -0.71483459 
-0.35999949 -0.36 -0.36000001 -0.555 -0.555 -0.555 -0.555 -0.7099999 -0.35641943 -0.27514055 -0.275 -0.275 -0.275 -0.27434264 0.06 0.06 0.06 0.059999977 -0.02 -0.02 -0.02 -1.285 -1.285 -1.285 -0.25 -0.25 0.099999995 0.1 0.1 0.096126727 -0.61 -0.61 -0.61 -0.61 -0.247699 0.115 0.115 0.115 0.115 0.18 0.18 0.18 0.1659986 -0.265 -0.265 -0.265 -0.605 -0.605 -0.56 -0.56 -0.56 -0.71499999 -0.715 
-0.195 -0.29145279 -1.015 -1.0148665 -0.555 -0.70910318 -0.71 -0.71 -0.66263078 -0.43 -0.43 -0.43 -0.43 0.069983723 0.07 0.060000008 0.06 0.057892118 -0.02 -0.02 -0.02 0.135 0.135 0.135 -0.25 -0.25 0.1 0.1 0.1 0.10000035 0.57999244 0.57999666 -0.58009114 -0.60872424 0.44879325 0.45 0.45 0.45 0.45 0.18 0.18 0.18 -0.24049687 -0.265 -0.265 -0.26499998 -0.605 -0.605 -0.60499838 -0.56 -0.55999888 -0.535 -0.715 
-0.55993069 -0.56000008 -1.015 -1.015 -1.015 -0.71 -0.71 -0.71 -0.58 -0.58 -0.43 -0.43 -0.43 0.07 0.07 0.07 0.07 0.069989975 -0.02 -0.02 -0.019999994 0.135 0.135 0.135 -0.25 -0.25 0.1 0.1 0.1 0.57458796 0.58 0.58 0.58 0.58 0.45006415 0.45 0.45 0.45 0.45 0.22999999 0.23 0.23 0.23 -0.26499919 -0.16 -0.16 -0.16 -0.3 -0.3 -0.3 -0.535 -0.535 -0.535 
-0.56 -0.56 -1.015 -1.015 -1.015 -0.71160313 -0.71 -0.58 -0.58 -0.58 -0.43001847 -0.43 -0.2910888 0.069999925 0.07 0.07 0.07 0.43 0.43 0.43 0.83499998 0.83499948 0.13500341 0.135 0.13523279 0.71 0.71 0.70999855 0.10009858 1.0299103 1.0299976 1.0299214 0.5807691 0.58038835 0.47344757 0.45000026 0.45226208 1.125 1.125 0.23 0.23 0.23 0.23 -0.16 -0.16 -0.16 -0.16 -0.3 -0.3 -0.3 -0.535 -0.535 -0.535 
-0.56 -0.56 -1.015 -1.015 -1.015 -1.015 -0.6613448 -0.58 -0.58 -0.58 -0.57982324 -0.26 -0.26 -0.26 0.068055234 0.07 0.42760105 0.43 0.43 0.43 0.835 0.835 0.835 0.835 0.71 0.71 0.71 0.71 0.71 1.03 1.03 1.03 1.03 1.0300009 1.48 1.125 1.125 1.125 1.125 1.1249984 0.76 0.76 0.76 0.53871691 0.08 0.08 0.08 -0.29999999 -0.29999968 0.035 0.035 -0.12509974 -0.125 
-0.56 -0.56 -0.85077695 -1.015 -1.015 -1.015 -0.64987578 -0.5802206 -0.58 -0.58 -0.26000007 -0.26 -0.26 -0.26 -0.26 -0.23284832 0.43 0.43 0.43 0.43 0.83499687 0.835 0.835 0.835 0.71 0.71 0.71 0.71 0.71 1.0373896 1.03 1.03 1.03 1.48 1.48 1.4797243 1.125 1.125 1.4570393 1.7149999 0.76 0.76 0.76 0.54355214 0.08 0.08 0.08 0.58 0.041790647 0.035 0.035 -0.125 -0.125 
-0.175 -0.175 -0.175 -0.80438891 -1.0142898 -0.65 -0.65 -0.65 -0.65 -0.575 -0.575 -0.26000002 -0.26 -0.26 -0.26 -0.25995627 0.43 0.43 0.43 0.43 0.65827114 0.835 0.835 0.83382233 0.78643769 0.71 0.71 0.71 1.04 1.04 1.04 1.04 1.48 1.48 1.48 1.48 1.715 1.715 1.715 1.715 0.88 0.88 0.88 0.65000462 0.65 0.65 0.64999982 0.58 0.58 0.035664053 0.035 -0.12499871 -0.125 
-0.175 -0.175 -0.175 -0.17501912 -0.53 -0.54744997 -0.65 -0.65 -0.65 -0.575 -0.575 -0.575 -0.315 -0.315 -0.315 -0.315 0.4283422 0.43 0.43 0.43 0.43613878 0.79000012 0.79 0.79 0.79 0.79 0.875 0.875 1.04 1.04 1.04 1.04 1.48 1.48 1.48 1.4799971 1.715 1.715 1.715 1.7117976 0.88 0.88 0.88 0.65001067 0.65 0.65 0.65 0.58 0.58 0.57999994 0.13 0.13 0.245 
-0.175 -0.175 -0.175 -0.52999918 -0.53 -0.53 -0.64999995 -0.65 -0.65 -0.575 -0.575 -0.575 -0.315 -0.315 -0.315 -0.32718553 -0.475 -0.475 -0.47499766 0.42488833 0.79 0.79 0.79 0.79 0.79 0.79006397 0.875 0.875 0.875 1.04 1.04 1.0397683 1.445 1.445 1.445 0.38 0.38 0.985 0.985 0.985 0.345 0.87983219 0.87999668 0.435 0.435 0.44314826 0.64999931 0.58 0.58 0.13 0.13 0.13 0.245 
-0.175 -0.175 -0.175 -0.53 -0.53 -0.53 -0.53 -0.65 -0.65 -0.575 -0.575 -0.32539625 -0.315 -0.315 -0.315 -0.475 -0.475 -0.475 -0.475 -0.475 0.79 0.79 0.79 0.79 0.79 0.87499971 0.875 0.875 0.875 0.68 0.68 0.68 1.445 1.445 1.445 0.38 0.38 0.985 0.985 0.345 0.345 0.345 0.435 0.435 0.435 0.435 0.41610611 0.205 0.205 0.205 0.13 0.285 0.285 
-0.175 -0.175 -0.17549435 -0.53 -0.53 -0.53 -0.53 -0.60616094 -0.61 -0.60993991 -0.575 -0.31501508 -0.315 -0.315 -0.31500055 -0.475 -0.475 -0.475 -0.475 -0.475 0.022724346 0.79 0.79 0.79 0.79000927 0.87499775 0.875 0.875 0.875 0.68 0.68 0.68 0.68010789 1.445 0.38 0.38 0.38 0.38002492 0.98495635 0.345 0.345 0.345 0.43499454 0.435 0.435 0.435 0.20500493 0.205 0.205 0.205 0.285 0.285 0.285 
-0.75 -0.749999 -0.52982106 -0.53 -0.53 -0.53 -0.60998298 -0.61 -0.61 -0.61 -0.495 -0.495 -0.495 -0.495 -0.47509228 -0.475 -0.475 -0.475 -0.475 -0.010000277 -0.01 -0.0099999997 0.83499999 0.835 0.835 0.835 0.83845251 0.875 0.37002068 0.37 0.37 0.37 0.37 0.41 0.41 0.41 0.41 0.41 0.745 0.745 0.745 0.745 0.745 0.69460807 0.695 0.695 0.695 0.205 0.205 0.205 0.2849874 0.285 0.285 
-0.75 -0.75 -0.74832544 -0.54999996 -0.55 -0.55005847 -0.61 -0.61 -0.61 -0.61 -0.495 -0.495 -0.495 -0.495 -0.495 -0.475 -0.475 -0.475 -0.010000117 -0.01 -0.01 -0.01 0.835 0.835 0.835 0.835 0.835 0.835008 0.37002703 0.37 0.37 0.37 0.37001086 0.66794024 0.41026709 0.41 0.41 0.41000001 0.745 0.745 0.745 0.745 0.745 0.695 0.695 0.695 0.695 0.46586643 0.205 0.16544628 0.165 0.025 0.025 
-0.75 -0.75 -0.55002533 -0.55 -0.55 -0.55 -0.56523975 -0.61 -0.61 -0.61 -0.495 -0.495 -0.495 -0.495 -0.495 -0.47501453 -0.475 -0.010136335 -0.01 -0.01 -0.01 -0.01 0.52196427 0.835 0.835 0.835 0.835 0.83472031 0.44 0.44 0.44 0.44 0.44 0.865 0.865 0.865 0.865 0.865 1.135 1.135 1.135 1.135 1.135 0.69457271 0.69499991 0.695 0.69497034 0.69135432 0.165 0.165 0.165 0.025000784 0.025 
-0.75000019 -0.85295292 -0.55000004 -0.55 -0.55 -0.55 -0.55 -0.60997445 -0.61 -0.61 -0.495 -0.495 -0.495 -0.495 -0.40211008 -0.4 -0.4 -0.010010037 -0.01 -0.01 -0.01 -0.01 -0.0099999761 0.835 0.835 0.835 0.835 0.60499985 0.60499992 0.56988399 0.44 0.44 0.44 0.865 0.865 0.865 0.865 0.8650237 1.135 1.135 1.135 1.135 1.1349709 0.52 0.52 0.52 0.52 0.51997137 0.165 0.165 0.165 0.16499979 -0.17205451 
-0.855 -0.855 -0.79715396 -0.55 -0.55 -0.55 -0.55 -0.55 -0.60997407 -0.465 -0.465 -0.465 -0.4650712 -0.40000014 -0.4 -0.4 -0.4 -0.4 -0.010001619 -0.023847287 -0.145 -0.145 -0.145 0.099720439 0.74976126 0.29366493 -0.090713718 0.605 0.605 0.605 0.605 0.605 0.60021765 0.89781143 0.9 0.9 0.9 0.9 1.0636155 0.75500068 0.755 0.755 0.755 -0.1949979 0.51999981 0.52 0.52 -0.525 0.16498895 0.165 0.165 -0.175 -0.175 
-0.855 -0.855 -0.845 -0.845 -0.845 -0.55009827 -0.55 -0.55 -0.465 -0.465 -0.465 -0.465 -0.465 -0.4 -0.4 -0.4 -0.4 -0.4 -0.145 -0.145 -0.145 -0.145 -0.145 -0.23 -0.23 -0.23 -0.23 0.605 0.605 0.605 0.605 0.605 0.705 0.705 0.9 0.9 0.9 0.38008856 0.38 0.755 0.755 0.755 0.75499984 -0.195 -0.195 -0.195 -0.525 -0.525 -0.525 -0.205 -0.205 -0.175 -0.175 
-0.855 -0.855 -0.845 -0.845 -0.845 -0.845 -0.84499748 -0.385 -0.46492468 -0.465 -0.465 -0.465 -0.465 -0.40081082 -0.4 -0.4 -0.4 -0.4 -0.14500001 -0.145 -0.145 -0.145 -0.145 -0.23 -0.23 -0.23 -0.23 -0.22999661 0.605 0.605 0.605 0.70499476 0.705 0.705 0.705 0.9 0.38000001 0.38 0.38 0.38986695 -0.11751377 -0.28 -0.28 -0.195 -0.195 -0.195 -0.525 -0.525 -0.525 -0.205 -0.205 -0.205 0.38201556 
-0.815 -0.81500031 -0.845 -0.845 -0.845 -0.845 -0.385 -0.385 -0.385 -0.465 -0.465 -0.465 -0.465 -0.46497979 -0.4 -0.4 -0.4 -0.4 -0.14500477 -0.145 -0.145 -0.14500001 -0.21504288 -0.23 -0.23 -0.23 -0.23 -0.020000172 -0.02 -0.019999993 0.59829581 0.705 0.705 0.705 0.70499938 0.060000009 0.38 0.38 0.38 0.37999999 -0.28 -0.28 -0.28 -0.16 -0.16 -0.16 0.13993524 -0.525 -0.525 -0.205 -0.205 -0.205 0.43999921 
-0.815 -0.815 -0.845 -0.845 -0.845 -0.385 -0.385 -0.385 -0.385 -0.45623111 -0.465 -0.465 -0.465 -0.46499979 -0.42999655 -0.43 -0.43 -0.43 -0.82610808 -0.865 -0.865 -0.865 -0.865 -0.23 -0.23 -0.23 -0.22998615 -0.02 -0.02 -0.02 -0.02 0.70488652 0.34220616 0.06 0.06 0.06 0.37755381 -0.27498636 -0.275 -0.275 -0.27949478 0.36499998 0.365 -0.16 -0.16 -0.15999873 0.14 0.14 0.135 0.135 0.135 0.395 0.155 
-0.815 -0.815 0.1 0.1 0.1 -0.385 -0.385 -0.385 -0.385 -0.48 -0.48 -0.48 -0.48 -0.47647638 -0.43 -0.43 -0.43 -0.43 -0.825 -0.865 -0.865 -0.865 -0.865 -0.67 -0.66999983 -0.23000065 -0.02 -0.02 -0.02 -0.02 -0.037719633 -0.055 0.046316577 0.06 0.06 0.06 -0.275 -0.275 -0.275 -0.275 0.365 0.365 0.365 0.99979976 1 0.14386564 0.14 0.14 0.13500127 0.135 0.395 0.395 0.155 
-0.815 0.099999996 0.1 0.1 0.1 0.1 -0.3871348 -0.66 -0.66 -0.48 -0.48 -0.48 -0.48 -0.47998816 -0.43 -0.43 -0.43 -0.44784735 -0.825 -0.825 -0.865 -0.865 -0.67 -0.67 -0.67 -0.67 -0.02 -0.02 -0.02 -0.02 -0.055 -0.055 -0.055 0.05988363 0.06 0.06 -0.275 -0.275 -0.275 -0.275 0.365 0.365 0.365 1 1 0.9999898 0.82 0.82 0.41 0.41 0.395 0.395 0.155 
0.091407012 0.1 0.1 0.1 0.1 0.1 -0.66 -0.66 -0.66 -0.56365648 -0.48 -0.48 -0.48 -0.47999977 -0.43 -0.43 -0.43 -0.825 -0.825 -0.825 -0.864998 -0.86499881 -0.67 -0.67 -0.67 -0.67 -0.020046203 -0.02 -0.02 -0.054991951 -0.055 -0.055 -0.055 -0.055 0.059412372 -0.155 -0.155 -0.15707681 -0.275 -0.275 0.36499943 0.365 0.98153724 1 1 0.82000006 0.82 0.82 0.41 0.41 -0.105 -0.105 -0.485 
0.1 0.1 0.1 0.1 0.1 0.1 -0.66 -0.66 -0.66 -0.66 -0.48 -0.48 -0.48 -0.48 -0.43000072 -0.58384238 -0.67 -0.67 -0.82471426 -0.825 -0.82500001 -0.67000028 -0.67 -0.67 -0.67 -0.67 -0.66952741 -0.02 -0.020001196 -0.055 -0.055 -0.055 -0.055 -0.055 -0.155 -0.155 -0.155 -0.155 -0.155 -0.15499964 0.185 0.185 0.18499995 0.045 0.045 0.045 -0.605 -0.605 -0.96 -0.96 -0.105 -0.10500083 -0.485 
0.1 0.1 0.1 0.1 0.1 0.1 -0.66 -0.66 -0.66 -0.48 -0.48 -0.48 -0.48 -0.48 -0.53008354 -0.67 -0.67 -0.67 -0.67 -0.67 -0.67740074 -0.67 -0.67 -0.67 -0.67 -0.65351447 -0.14582267 -0.03702239 -0.054827398 -0.055 -0.055 -0.055 -0.055 -0.055000219 -0.155 -0.155 -0.155 -0.155 -0.155 0.0031672099 0.185 0.185 0.185 0.045 0.045 0.045 -0.605 -0.605 -0.96 -0.96 -0.37000001 -0.47865595 -0.485 
0.1 0.1 0.1 0.1 0.1 0.099999772 -0.65999982 -0.66 -0.652529 -0.48 -0.48 -0.48 -0.48 -0.48 -0.48911357 -0.67 -0.67 -0.67 -0.67 -0.67 -0.67 -0.22691368 -0.14500074 -0.145 -0.145 -0.145 -0.145 -0.145 0.066927312 0.06999852 0.069999997 0.07 0.07 0.069999838 -0.155 -0.155 -0.155 -0.155 -0.155 0.18499996 0.185 0.185 0.185 0.18499994 0.044126244 -0.5 -0.60499999 -0.21191996 -0.95933847 -0.37 -0.37 -0.35919095 0.15 
0.1 0.1 0.1 0.1 0.1 0.09995145 -0.65995901 -0.65998911 -0.48000023 -0.48 -0.48 -0.48 -0.48 -0.48 -0.4836153 -0.67 -0.67 -0.67 -0.67 -0.67 -0.67 -0.145 -0.145 -0.145 -0.145 -0.145 -0.145 -0.145 0.06994065 0.07 0.07 0.07 0.07 0.07 0.0083500221 -0.155 -0.155 -0.155 -0.155 0.185 0.185 0.185 0.185 0.18482452 -0.5 -0.5 -0.49815108 -0.205 -0.205 -0.37 -0.37 0.15 0.15 
0.1 0.1 0.1 0.1 0.099999995 0.098986436 -0.65909278 -0.50031182 -0.48 -0.48 -0.48 -0.48 -0.48 -0.48 -0.48332628 -0.67 -0.67 -0.67 -0.67 -0.67 -0.59524954 -0.145 -0.145 -0.145 -0.145 -0.145 -0.145 -0.145 0.069999138 0.07 0.07 0.07 0.07 0.07 0.07 -0.28548248 -0.488336 -0.59924952 -0.61612823 0.136791 0.18499998 0.185 0.185 -0.4999453 -0.5 -0.50113415 -0.68999768 -0.205 -0.205 -0.025065425 -0.025 -0.025 0.14999992 
0.1 0.1 0.1 0.1 0.099999229 0.093661975 -0.6391132 -0.4800495 -0.48 -0.48 -0.48 -0.48 -0.48 -0.48 -0.48443679 -0.67 -0.67 -0.67 -0.67 -0.67 -0.14500227 -0.145 -0.145 -0.145 -0.145 -0.145 -0.145 -0.145 0.069999941 0.07 0.07 0.07 0.07 0.07 0.069999861 -0.625 -0.625 -0.625 -0.625 -0.565 -0.565 -0.565 -0.565 -0.68999945 -0.69 -0.69 -0.69 -0.68999589 -0.325 -0.325 -0.025 -0.025 0.042426436 
0.1 0.1 0.099999999 0.099999942 0.099978777 0.079448876 -0.49104002 -0.48000235 -0.48 -0.48 -0.48 -0.48 -0.48 -0.48 -0.48644977 -0.66999992 -0.67 -0.67 -0.67 -0.66684025 -0.145 -0.145 -0.145 -0.145 -0.145 -0.145 -0.145 -0.145 0.069999952 0.07 0.07 0.07 0.07 0.07 -0.62499936 -0.625 -0.625 -0.625 -0.625 -0.565 -0.565 -0.565 -0.565 -0.59873696 -0.69 -0.69 -0.69 -0.32500408 -0.325 -0.325 0.075 0.075 0.075 
0.1 0.099999998 0.099999965 0.099998277 0.099792413 0.031141195 -0.48051449 -0.48000059 -0.48 -0.48 -0.48 -0.48 -0.48 -0.48000001 -0.48917659 -0.66999553 -0.67 -0.67 -0.6699994 -0.15563733 -0.145 -0.145 -0.145 -0.145 -0.145 -0.145 -0.145 -0.145 0.069999799 0.07 0.07 0.07 0.07 -0.45340999 -0.62500001 -0.625 -0.625 -0.625 -0.625 -0.565 -0.565 -0.565 -0.565 -0.565 -0.69 -0.69 -0.69 -0.325 -0.325 -0.325 0.075 0.075 0.075 
0.099999992 0.099999949 0.099999281 0.099979674 0.098801941 -0.24554694 -0.48007092 -0.48000036 -0.48 -0.48 -0.48 -0.48 -0.48 -0.48000036 -0.49241854 -0.66993061 -0.67 -0.66999998 -0.66728182 -0.14504464 -0.145 -0.145 -0.145 -0.145 -0.145 -0.145 -0.145 -0.14499987 0.069998653 0.07 0.069999493 -0.58214279 -0.645 -0.645 -0.645 -0.625 -0.625 -0.625 -0.625 -0.565 -0.565 -0.565 -0.565 -0.565 -0.68999778 -0.69 -0.68999982 -0.32500003 -0.325 -0.32499978 0.075 0.075 0.075 
