interpolatedSpi/03-03|23_2.tif
NCOLS 53
NROWS 52
XLLCORNER -116.03883
YLLCORNER 28.596182
DX 0.49850594
DY 0.49788537
NODATA_VALUE -9999
-1.17 -1.17 -1.9503675 -2.15 -0.81 -0.98 -1.17 -1.19 -1.4509669 -1.06 -0.97 -1.55 -2.3299539 -1.77 -1.3 -1.3 -1.3 -0.67 -1.56 -1.56 -1.56 -1.5599871 -0.22000001 -1.71 -1.71 -1.71 -0.0099870697 -0.01 -0.01 -1.7 -1.7 -1.7 -1.7 -2.8399998 -2.84 -2.84 -2.84 -2.84 -2.84 -2.8399999 1.2360943 1.2788309 -3.31 -3.31 -3.31 -3.31 -3.3071417 -1.56 -1.56 -1.56 -0.12000299 -0.12 -0.12 
-1.1700369 -2 -1.5699998 -1.550754 -1.3101322 -1.26 -2.47 -2.5097321 -2.01 -2.26 -2.24 -2.33 -2.33 -1.8596999 -1.7699969 -1.3 -0.67 -0.67 -1.5588396 -1.56 -1.56 -1.56 -1.7173692 -1.71 -1.71 -1.71 -2.6999999 -2.7 -1.7 -1.7 -1.7 -1.7 -1.7 -2.8399998 -2.84 -2.84 -2.84 -2.84 -2.8399999 -2.7075098 -2.0600294 -3.1583224 -3.31 -3.31 -3.31 -3.31 -3.31 -1.56 -1.56 -1.56 -1.4405938 -0.12 -0.12 
-0.27005742 -0.27 -1.43 -1.29 -1.58 -1.99 -2.22 -2.44 -2.73 -2.66 -2.44 -3.03 -2.55 -0.71 -1.86 -3.08 -0.67 -0.67 -0.67 -1.8099273 -1.81 -1.81 -1.85 -1.71 -1.71 -1.71 -2.7 -2.7 -2.7 -1.7 -1.7 -1.7000001 -2.6002181 -2.8389383 -2.8321814 -2.0076973 -2 -2 -2.0075464 -2.06 -2.06 -2.0615984 -3.31 -3.31 -3.31 -3.31 -3.31 -1.56 -1.56 -1.56 -1.56 -0.12 -0.12 
-0.1 -0.27000015 -1.0001149 -0.89 -1.62 -2.01 -1.81 -2.79 -2.4 -1.7432316 -2.65 -2.36 -2.7 -0.71 -2.55 -3.08 -1.9090281 -1.8991382 -1.87 -1.81 -1.81 -2.43 -1.85 -1.85 -1.71 -1.7100049 -2.7 -2.7 -2.7 -2.17 -2.9381488 -3.57 -3.57 -3.5699988 -2 -2 -2 -2 -2.06 -2.06 -2.06 -2.06 -3.31 -3.31 -3.31 -3.31 -3.31 -1.5600221 -1.56 -1.56 -1.56 -0.1200405 -0.12 
-0.1 0.50999723 -1 -1.4774082 -1.62 -1.88 -1.9000349 -3.03 -2.55 -2.57 -2.2636001 -2.1199599 -1.84 -2.55 -2.55 -2.8860827 -1.9 -1.9 -1.87 -1.87 -1.8100013 -2.43 -1.84 -1.95 -1.99 -1.9899674 -2.7 -2.7 -2.17 -2.17 -3.57 -3.57 -3.57 -3.3305118 -2 -2 -2 -2.06 -2.06 -2.06 -2.06 -2.0600521 -3.31 -3.31 -3.31 -3.31 -3.31 -3.2944228 -1.56 -1.559991 -1.36 -1.36 -1.36 
-1.57 -0.24 -0.13999996 -1.38 -0.78 -1.08 -2.13 -2.2452258 -2.68 -2.44 -1.87 -1.82 -1.82 -0.87 -0.87 -1.1699928 -1.17 -1.23 -1.23 -1.8699991 -2.88 -2.88 -1.95 -1.99 -1.99 -1.85 -2.04 -2.04 -1.9900167 -2.17 -3.57 -3.57 -2.3 -2.2999028 -1.370067 -2.89 -2.89 -2.3167794 -2.06 -2.06 -2.5993265 -2.6 -2.5999989 -1.9838312 -1.9601492 -1.9600004 -1.96 -1.9600005 -1.2666996 -1.36 -1.36 -1.36 -1.36 
0.049957255 0.99 0.19841308 0.23 0.07 -0.9 -1.71 -2.15 -1.81 -1.81 -1.87 -2.08 -1.5300001 -0.87 -1.1399992 -1.14 -1.17 -0.34 -0.83 -0.83 -2.6208043 -2.33 -2.33 -1.94 -1.85 -1.85 -2.04 -2.04 -1.9900175 -1.9903219 -1.6220669 -2.3 -2.3 -1.37 -1.37 -2.2582176 -2.89 -2.89 -3.4999789 -2.6000013 -2.6 -2.6 -2.5999919 -1.9599984 -1.96 -1.96 -1.96 -1.9599996 -1.24 -1.3599762 -1.36 -1.36 -1.36 
0.05 -1.07 -0.06 -0.23 0.18997592 -0.45 -1.13 -1.35 -0.06 -1.5 -1.5 -1.79 -1.53 -1.53 -1.1426758 -0.91231076 -0.89 -0.52 -0.38000046 -0.83 -0.89084899 -0.89 -3.02 -1.16 -1.1600018 -1.3 -1.49 -1.4900002 -2.2889488 -2.29 -1.62 -0.94161451 -1.52 -1.37 -1.3868275 -1.73 -1.73 -3.5 -3.5 -2.6 -2.6 -2.6 -1.6785365 -1.68 -1.96 -1.96 -1.96 -1.2400274 -1.24 -1.24 -1.36 -1.36 -1.36 
-1.3400537 -1.07 0.85 -0.13 -0.78 -1.37 -1.01 -0.18 -0.62 0.049847594 -0.44 -2.05 -2.05 -0.87 -0.86999718 -2.7248718 -2.73 -2.73 -0.49862881 -2.2799997 -0.9 -0.9 -4.06 -3.4298469 -1.2858917 -1.3 -1.73 -1.49 -0.84377715 -0.84 -0.78 -1.94 -1.7385375 -1.6 -1.96 -1.84 -2.03 -1.69 -1.9098984 -2.5979913 -2.15 -1.32 -1.6799023 -1.68 -1.681576 -1.96 -2.27 -1.24 -1.24 -1.24 -1.24 -1.0674075 0.11 
-2.85 -2.85 -0.09 -0.41 -0.49 -1.38 -0.63 -0.55 -0.18 0.21998024 -0.05 -0.5 -0.87 -0.87 -0.57 -0.59962538 -2.73 -2.7293697 0.1 -2.28 -2.28 -2.1022096 -4.06 -1.2000542 -1.2 -1.2 -1.73 -0.46 -0.46 -0.84 -0.84 -1.9392414 -1.54 -1.6 -1.78 -1.84 -2.03 -2.51 -1.91 -1.2606966 -1.32 -1.2318385 -1.08 -1.68 -1.68 -2.27 -2.27 -2.27 -1.24 -1.24 0.99 0.99 0.98999967 
-2.85 -2.85 -0.4 -0.79 -1.14 -1.13 -1.67 -0.36052971 -0.35 -0.87 -1.36 0.24 -0.49901539 -0.57 -0.57 -0.56999308 -0.51 -0.47798434 0.1 0.3 0.3 -0.58 -0.58 -1.2 -1.2 -1.2 -0.46 -0.46 -0.46 -1.53 -1.53 -1.53 -1.37 -1.37 -1.74 -1.62 -0.55 -1.5000022 -1.24 -1.25 -1.25 -1.0200002 -1.08 -1.68 -0.17000083 -0.9 -0.42796752 -0.42 0.66 0.66 0.99 0.99 0.99 
-2.85 -1.7920814 -0.56642691 -1.5699743 -0.57 -1.2 -1.67 -0.36 -0.35000008 -0.86423903 0.23999855 0.24 0.69 -0.57 -0.57 -0.51 -0.51 -0.50996528 0.1 0.3 0.1271859 -0.58 -0.58 -1.1999741 -1.2 -0.89100361 -0.26 -0.26 -0.26000003 -1.53 -1.53 -0.02 -0.02 -1.370001 -1.74 -0.21000055 -0.74402791 -1.5 -1.5 -1.25 -1.02 -1.02 -1.0199939 -0.17 -0.17 -0.9 -0.42 -0.42 0.66 0.66 0.99 0.99 0.99 
-1.19 -0.94902692 -0.98999235 -0.99418595 -0.5700033 -1.1999851 -1.67 -0.37612534 -0.3506891 -0.36357858 0.69 0.69 0.69 0.69 -0.56982151 -0.51 -0.51 -0.50212393 0.1 0.30001895 0.37 0.37 0.37 0.37 -1.1726514 -0.26 -0.26 -0.26 -0.26 -0.26047529 -0.02 -0.02 -0.02 -0.02 -0.21 -0.21 -0.21 -1.4381037 -1.48573 0.4 0.4 -1.0199236 0.44997877 -0.16994028 -0.17 -0.9 -0.42 -0.42 0.66 0.66 0.9888028 0.99 -0.11787781 
-1.19 -0.99 -0.99 -0.99 -0.99 -0.99000008 -1.6687968 -1.0501554 -0.35252767 0.68886698 0.69 0.69 0.69 0.69 0.68999989 -0.51 -0.5099999 -0.46815816 0.09999238 0.37 0.37 0.37 0.37 0.37 0.376915 0.39429403 0.6999998 0.7 0.7 0.7 -0.019999986 -0.02 -0.019999194 0.65 0.65 -0.21 0.80107939 0.83 0.40000025 0.4 0.4 0.4 0.45 0.45 0.45 0.44060523 1.1198155 1.13 1.13 1.13 1.13 0.5100001 0.51 
-1.11 -0.99 -0.99 -0.99 -0.99 -0.99 -0.99000004 -0.76094079 0.56516079 0.57 0.57 0.57 0.57 0.57 0.57 1.0303473 -0.48534801 -0.42647026 0.36996585 0.37 0.37 0.37 0.37 0.37 0.69 0.69 0.69000001 0.7 0.7 0.70048059 0.94 0.94 0.65 0.65 0.65 0.80116612 0.83 0.83 0.83 0.4 0.4 0.4 0.45 0.45 0.45 0.45 1.13 1.13 1.13 1.13 1.13 0.51 0.51 
-1.11 -1.0653254 -0.99 -0.99 -0.99 -0.99 0.73966046 0.74 0.74 0.57 0.57 0.57 0.57 0.57 0.67368529 1.04 1.04 1.04 0.37000106 0.37 0.37 0.37 0.37 0.37 0.69 0.69 0.69 0.69 0.7 0.94 0.94 0.94 0.65000003 0.65 0.65 1.2 0.83048989 0.83 0.83 0.40000467 0.40897512 0.42991034 0.45 0.45 1.5466053 1.55 1.55 1.1305767 1.4787769 1.48 1.4799999 1.309879 0.51000163 
-1.11 0.077234236 -0.43334936 -0.99 -0.99 0.73897783 0.74 0.74 0.74 0.73877493 0.57 0.57 0.57 0.57000006 1.04 1.04 1.04 1.04 0.3705985 0.37 0.37 0.37 0.37 0.37 0.68999999 0.69 0.69 0.69 0.69090933 0.94 0.94 0.94 0.64000001 0.6500557 1.2 1.2 1.2 1.1989831 0.45534392 0.43 0.43 0.43 1.09 1.09 1.55 1.55 1.55 1.48 1.48 1.48 1.48 1.31 1.31 
0.10930471 0.11 0.11 0.11000001 1.05 0.740008 0.74 0.74 0.74 0.74 0.57832797 0.57000143 0.57 1.04 1.04 1.04 1.04 1.04 0.96790575 0.37 0.37 0.37 0.37 0.37 0.45582614 0.35000184 0.35 0.35 0.35 0.93999998 0.64000001 0.64 0.64 0.64 1.2 1.1999976 1.11 1.11 0.43849081 0.43 0.43 0.43 1.09 1.09 1.4787762 1.55 1.55 1.48 1.48 1.48 1.4781772 1.31 1.31 
0.11 0.11 0.11 0.55266002 1.05 1.05 0.74 0.74 0.74 0.74 0.68 0.68 0.68 1.04 1.04 1.04 1.04 1.0399884 0.73 0.73 0.37000015 0.37 0.37486916 0.57 0.56801944 0.35 0.35 0.35 0.35 0.63997047 0.64 0.64 0.64 0.64 1.1100003 1.11 1.11 1.11 1.1075664 0.43 0.43 0.43 1.09 1.09 1.09 1.55 1.55 1.48 1.48 1.48 1.31 1.31 1.31 
0.11 0.11 0.11 1.05 1.05 1.05 1.0499995 0.74 0.74 0.68006194 0.68 0.68 0.68 0.6802243 0.98334043 0.97 0.97 0.97 0.73 0.73 0.73 0.57 0.57 0.57 0.57012606 0.70143129 0.35 0.35 0.35 0.38124155 0.33003049 0.33 0.33 0.33 0.8058553 0.38000166 0.38 0.38 0.38 0.60997537 0.61 0.61 1.09 1.09 1.1399998 1.1400001 1.42 1.42 1.6 1.6 1.6 1.31 1.3499642 
0.11000171 0.11 0.11000003 1.05 1.05 1.05 1.05 0.75999999 0.74007997 0.67993653 0.68 0.68 0.68 0.68056906 0.97 0.97 0.97 0.96999993 0.73 0.73 0.73 0.57 0.57 0.57 1.02 1.02 0.56000001 0.56 0.56 0.55874528 0.33 0.33 0.33 0.33 0.35498623 0.38 0.38 0.38 0.38 0.61 0.61 0.61 0.62667583 1.14 1.14 1.14 1.42 1.42 1.6 1.6 1.6 1.35 1.35 
0.66 0.39912631 0.13 0.13026691 1.05 0.76167793 0.76 0.76 0.98955854 0.61000002 0.61 0.61 0.61 0.46000488 0.46 0.96999961 0.97 0.96367635 0.73 0.73 0.73 -0.06 -0.06 -0.06 1.02 1.02 0.56 0.56 0.56 0.55999931 -0.38999542 -0.38999798 0.31190388 0.32922811 0.1202386 0.12 0.12 0.12 0.12 0.61 0.61 0.61 1.1108164 1.14 1.14 1.1399999 1.42 1.42 1.4200065 1.6 1.5999812 1.18 1.35 
0.51002849 0.50999993 0.13 0.13 0.13 0.76 0.76 0.76 1.39 1.39 0.61 0.61 0.61 0.46 0.46 0.46 0.46 0.4600319 0.73 0.73 0.72999997 -0.06 -0.06 -0.06 1.02 1.02 0.56 0.56 0.56 -0.37928868 -0.39 -0.39 -0.39 -0.39 0.11974835 0.12 0.12 0.12 0.12 0.44000004 0.44 0.44 0.44 1.1399952 0.52 0.52 0.52 0.57 0.57 0.57 1.18 1.18 1.18 
0.51 0.51 0.13 0.13 0.13 0.75668861 0.76 1.39 1.39 1.39 0.61009602 0.61 0.75708245 0.46000008 0.46 0.46 0.46 0.27 0.27 0.27 -1.19 -1.1899992 -0.060005505 -0.06 -0.059963542 -0.51 -0.51 -0.50999745 0.55982708 -0.93989039 -0.93999707 -0.93990398 -0.39094001 -0.39047464 0.028809906 0.11999979 0.11822385 -0.41 -0.41 0.44 0.44 0.44 0.44 0.52 0.52 0.52 0.52 0.57 0.57 0.57 1.18 1.18 1.18 
0.51 0.51 0.13 0.13 0.13 0.13 0.9957906 1.39 1.39 1.39 1.3896686 0.79 0.79 0.79 0.46194477 0.46 0.27126611 0.27 0.27 0.27 -1.19 -1.19 -1.19 -1.19 -0.51 -0.51 -0.51 -0.51 -0.51 -0.94 -0.94 -0.94 -0.94 -0.93999937 -0.64 -0.41 -0.41 -0.41 -0.41 -0.40999758 0.22 0.22 0.22 0.25905083 0.34 0.34 0.34 0.56999999 0.56999994 0.51 0.51 1.1200146 1.12 
0.51 0.51 0.26715332 0.13 0.13 0.13000003 1.5197693 1.3904097 1.39 1.39 0.7900002 0.79 0.79 0.79 0.79 0.76287361 0.27 0.27 0.27 0.27 -1.1899887 -1.19 -1.19 -1.19 -0.51 -0.51 -0.51 -0.51 -0.51 -0.57052179 -0.94 -0.94 -0.94 -0.64 -0.64 -0.6398214 -0.41 -0.41 -0.37623329 -0.35 0.22 0.22 0.22 0.25876503 0.34 0.34 0.34 0.99 0.51598075 0.51 0.51 1.12 1.12 
1.23 1.23 1.23 0.40580024 0.13179719 1.52 1.52 1.52 1.52 1.72 1.72 0.79000007 0.79 0.79 0.79 0.78996705 0.27 0.27 0.27 0.27 -0.55290336 -1.19 -1.19 -1.1698488 -0.42400761 -0.51 -0.51 -0.51 -0.44 -0.44 -0.44 -0.4400021 -0.64 -0.64 -0.64 -0.64 -0.35 -0.35 -0.35 -0.35 0.28 0.28 0.28 0.39999759 0.4 0.4 0.39999998 0.99 0.99 0.51058485 0.51 1.1199994 1.12 
1.23 1.23 1.23 1.2300065 1.35 1.3747208 1.52 1.52 1.52 1.72 1.72 1.72 0.99999999 1 1 1 0.2723081 0.27 0.27 0.27 0.24790324 -0.42000211 -0.42 -0.42 -0.42 -0.42 -0.39 -0.39 -0.44 -0.44 -0.44 -0.44 -0.63999961 -0.64 -0.64 -0.63995602 -0.35 -0.35 -0.35 -0.34995613 0.28 0.28 0.28 0.39999444 0.4 0.4 0.4 0.99 0.99 0.99 1.01 1.01 0.96 
1.23 1.23 1.23 1.3499997 1.35 1.35 1.5199999 1.52 1.52 1.72 1.72 1.72 1 1 1 1.0403646 1.53 1.53 1.5299967 0.2771168 -0.42 -0.42 -0.42 -0.42 -0.42 -0.41997742 -0.39 -0.39 -0.39 -0.44 -0.44 -0.43995494 -0.1 -0.1 -0.1 -0.92 -0.92 -0.34 -0.34 -0.34 0.1 0.27994354 0.28000239 0.6 0.6 0.59242023 0.40000153 0.99 0.99 1.01 1.01 1.01 0.96 
1.23 1.23 1.23 1.35 1.35 1.35 1.35 1.52 1.52 1.72 1.72 1.0287896 1 1 1 1.53 1.53 1.53 1.53 1.53 -0.42 -0.42 -0.42 -0.42 -0.42 -0.3900001 -0.39 -0.39 -0.39 -0.37 -0.37 -0.37 -0.1 -0.1 -0.1 -0.92 -0.92 -0.34 -0.34 0.1 0.1 0.1 0.6 0.6 0.6 0.6 0.61971536 0.84 0.84 0.84 1.01 0.76 0.76 
1.23 1.23 1.2301671 1.35 1.35 1.35 1.35 1.4642414 1.47 1.4704292 1.72 1.0000553 1 1 1.0000018 1.53 1.53 1.53 1.53 1.53 1.0953315 -0.42 -0.42 -0.42 -0.42011328 -0.39003263 -0.39 -0.39 -0.39 -0.37 -0.37 -0.37 -0.3699634 -0.1 -0.92 -0.92 -0.92 -0.91997636 -0.33996999 0.1 0.1 0.1 0.59996965 0.6 0.6 0.6 0.83999326 0.84 0.84 0.84 0.76 0.76 0.76 
1.23 1.23 1.3499327 1.35 1.35 1.35 1.4699745 1.47 1.47 1.47 1.66 1.66 1.66 1.66 1.5305999 1.53 1.53 1.53 1.53 1.1600002 1.16 1.16 -0.96999991 -0.97 -0.97 -0.97 -0.91993854 -0.39 -0.65998894 -0.66 -0.66 -0.66 -0.66 -1.23 -1.23 -1.23 -1.23 -1.23 0.16 0.16 0.16 0.16 0.16 0.17064819 0.17 0.17 0.17 0.84 0.84 0.84 0.7600126 0.76 0.76 
1.23 1.23 1.2313396 1.3899999 1.39 1.390078 1.47 1.47 1.47 1.47 1.66 1.66 1.66 1.66 1.66 1.53 1.53 1.53 1.1600001 1.16 1.16 1.16 -0.96999999 -0.97 -0.97 -0.97 -0.97 -0.96987697 -0.66017377 -0.66 -0.66 -0.66 -0.66006981 -1.2866902 -1.2300587 -1.23 -1.23 -1.23 0.16 0.16 0.16 0.16 0.16 0.17 0.17 0.17 0.17 0.48330509 0.84 1.4629711 1.47 1.15 1.15 
1.23 1.23 1.3899797 1.39 1.39 1.39 1.4103197 1.47 1.47 1.47 1.66 1.66 1.66 1.66 1.66 1.5300967 1.53 1.1601085 1.16 1.16 1.16 1.16 -0.1809277 -0.97 -0.97 -0.97 -0.97 -0.97009922 -1.11 -1.11 -1.11 -1.11 -1.11 -1.33 -1.33 -1.33 -1.33 -1.33 -0.57 -0.57 -0.57 -0.57 -0.56999999 0.17310092 0.17000065 0.17000001 0.17021528 0.19609049 1.47 1.47 1.47 1.1500018 1.15 
1.2299989 0.62208751 1.3899999 1.39 1.39 1.39 1.39 1.4699659 1.47 1.47 1.66 1.66 1.66 1.66 1.2982182 1.29 1.29 1.1600033 1.16 1.16 1.16 1.16 1.1599998 -0.97 -0.97 -0.97 -0.97 -1.2899998 -1.2899999 -1.2516916 -1.11 -1.11 -1.11 -1.33 -1.33 -1.33 -1.33 -1.3299323 -0.57 -0.57 -0.57 -0.57 -0.56991572 1.44 1.44 1.44 1.44 1.4400024 1.47 1.47 1.47 1.4699998 1.1401473 
0.61 0.61 0.78822052 1.39 1.39 1.39 1.39 1.39 1.4699656 1.37 1.37 1.37 1.3706882 1.2900005 1.29 1.29 1.29 1.29 1.1599983 1.1456399 1.02 1.02 1.02 0.51423813 -0.96039564 -0.9090045 -0.86589187 -1.29 -1.29 -1.29 -1.29 -1.29 -1.281877 -1.2291021 -1.23 -1.23 -1.23 -1.23 -0.36336119 0.52999802 0.53 0.53 0.53 1.6199995 1.44 1.44 1.44 1.7 1.4700037 1.47 1.47 1.14 1.14 
0.61 0.61 0.84 0.84 0.84 1.3898168 1.39 1.39 1.37 1.37 1.37 1.37 1.37 1.29 1.29 1.29 1.29 1.29 1.02 1.02 1.02 1.02 1.02 -0.8499999 -0.85 -0.85 -0.85 -1.29 -1.29 -1.29 -1.29 -1.29 -1.15 -1.15 -1.23 -1.23 -1.23 0.56969346 0.57 0.53 0.53 0.53 0.53000016 1.62 1.62 1.62 1.7 1.7 1.7 1.3 1.3 1.14 1.14 
0.61 0.61 0.84 0.84 0.84 0.84 0.84000088 1 1.3696516 1.37 1.37 1.37 1.37 1.2909979 1.29 1.29 1.29 1.29 1.02 1.02 1.02 1.02 1.02 -0.85 -0.85 -0.85 -0.85 -0.85000182 -1.29 -1.29 -1.29 -1.1500073 -1.15 -1.15 -1.15 -1.23 0.56999998 0.57 0.57 0.56894753 1.4320191 1.6 1.6 1.62 1.62 1.62 1.7 1.7 1.7 1.3 1.3 1.3 0.4697699 
0.78 0.77999867 0.84 0.84 0.84 0.84 1 1 1 1.37 1.37 1.37 1.37 1.3699751 1.29 1.29 1.29 1.29 1.0200042 1.02 1.02 1.02 -0.52059442 -0.85 -0.85 -0.85 -0.85 -1.3799996 -1.38 -1.38 -1.2909607 -1.15 -1.15 -1.15 -1.1499991 -0.18000001 0.57 0.57 0.57 0.57000001 1.6 1.6 1.6 2.04 2.04 2.04 1.5100185 1.7 1.7 1.3 1.3 1.3 0.40000072 
0.78 0.78 0.84 0.84 0.84 1 1 1 1 1.3294316 1.37 1.37 1.37 1.3699961 0.28011623 0.28 0.28 0.28 -0.13551358 -0.3 -0.3 -0.3 -0.3 -0.85 -0.85 -0.85 -0.85003496 -1.38 -1.38 -1.38 -1.38 -1.1498794 -0.60440306 -0.18 -0.18 -0.18 0.57358117 1.52998 1.53 1.53 1.600376 2.08 2.08 2.04 2.04 2.0399978 1.51 1.51 0.83 0.83 0.83 0.42 0.66 
0.78 0.78 0.39 0.39 0.39 1 1 1 1 1.03 1.03 1.03 1.03 0.97714574 0.28 0.28 0.28 0.28 -0.13 -0.3 -0.3 -0.3 -0.3 -1.13 -1.1299999 -0.85000041 -1.38 -1.38 -1.38 -1.38 -0.88891301 -0.41 -0.20736685 -0.18 -0.18 -0.18 1.53 1.53 1.53 1.53 2.08 2.08 2.08 1.4701924 1.47 1.5098202 1.51 1.51 0.82999547 0.83 0.42 0.42 0.66 
0.78 0.39 0.39 0.39 0.39 0.39 0.99619618 0.51 0.51 1.03 1.03 1.03 1.03 1.0298224 0.28 0.28 0.28 0.2614749 -0.13 -0.13 -0.3 -0.3 -1.13 -1.13 -1.13 -1.13 -1.38 -1.38 -1.38 -1.38 -0.41 -0.41 -0.41 -0.18023274 -0.18 -0.18 1.53 1.53 1.53 1.53 2.08 2.08 2.08 1.47 1.47 1.4699331 0.29 0.29 -0.21 -0.21 0.42 0.42 0.66 
0.39366258 0.39 0.39 0.39 0.39 0.39 0.51 0.51 0.51 0.78832573 1.03 1.03 1.03 1.0299796 0.28 0.28 0.28 -0.13 -0.13 -0.13 -0.29999151 -0.30000507 -1.13 -1.13 -1.13 -1.13 -1.3799822 -1.38 -1.38 -0.41022307 -0.41 -0.41 -0.41 -0.41 -0.17984541 0.31 0.31 0.33111422 1.53 1.53 2.0799995 2.08 1.4877359 1.47 1.47 0.29000042 0.29 0.29 -0.21 -0.21 -0.32 -0.32 -0.02 
0.39 0.39 0.39 0.39 0.39 0.39 0.51 0.51 0.51 0.51 0.14002564 0.14 0.14 0.14 0.27999826 -0.085375642 -0.29 -0.29 -0.13029496 -0.13 -0.13000003 -1.1299988 -1.13 -1.13 -1.13 -1.13 -1.1301818 -1.38 -1.3799668 -0.41 -0.41 -0.41 -0.41 -0.41 0.31 0.31 0.31 0.31 0.31 0.31000317 -0.21 -0.21 -0.20999995 -0.07 -0.07 -0.07 -0.4 -0.4 -0.65 -0.65 -0.32 -0.31999935 -0.02 
0.39 0.39 0.39 0.39 0.39 0.39 0.51 0.51 0.51 0.14 0.14 0.14 0.14 0.14 0.026653033 -0.29 -0.29 -0.29 -0.29 -0.29 -0.28236053 -1.13 -1.13 -1.13 -1.13 -1.0923188 0.068119611 -1.1825589 -0.41478353 -0.41 -0.41 -0.41 -0.41 -0.40999842 0.31 0.31 0.31 0.31 0.31 0.068097208 -0.21 -0.21 -0.21 -0.07 -0.07 -0.07 -0.4 -0.4 -0.65 -0.65 -0.67 -0.055856824 -0.02 
0.39 0.39 0.39 0.39 0.39 0.39000004 0.50999997 0.51 0.49464294 0.14 0.14 0.14 0.14 0.14 0.11937455 -0.29 -0.29 -0.29 -0.29 -0.29 -0.29 -0.11459214 0.069998319 0.07 0.07 0.07 0.07 0.07 -0.88621309 -0.8999942 -0.89999999 -0.9 -0.9 -0.89999913 0.31 0.31 0.31 0.31 0.31 -0.20999994 -0.21 -0.21 -0.21 -0.20999994 -0.069839678 0.03 -0.39999996 -0.86186905 -0.65019276 -0.67 -0.67 -0.66438761 -0.4 
0.39 0.39 0.39 0.39 0.39 0.39000767 0.50999353 0.50997761 0.14000047 0.14 0.14 0.14 0.14 0.14 0.13181801 -0.29 -0.29 -0.29 -0.29 -0.29 -0.29 0.07 0.07 0.07 0.07 0.07 0.07 0.07 -0.89973224 -0.9 -0.9 -0.9 -0.9 -0.9 -0.56846012 0.31 0.31 0.31 0.31 -0.21 -0.21 -0.21 -0.21 -0.20993852 0.03 0.03 0.024359235 -0.87 -0.87 -0.67 -0.67 -0.4 -0.4 
0.39 0.39 0.39 0.39 0.39 0.39016004 0.50984714 0.18175208 0.14 0.14 0.14 0.14 0.14 0.14 0.13247211 -0.29 -0.29 -0.29 -0.29 -0.29 -0.23874254 0.07 0.07 0.07 0.07 0.07 0.07 0.07 -0.89999611 -0.9 -0.9 -0.9 -0.9 -0.9 -0.9 0.0045682792 -0.47014809 -0.72973292 -0.76925349 -0.27620702 -0.21000002 -0.21 -0.21 0.029980834 0.03 0.023732347 -1.0199993 -0.87 -0.87 -1.0400545 -1.04 -1.04 -0.40000028 
0.39 0.39 0.39 0.39 0.39000012 0.39100059 0.47717016 0.14010174 0.14 0.14 0.14 0.14 0.14 0.14 0.12995884 -0.29 -0.29 -0.29 -0.29 -0.29 0.069998446 0.07 0.07 0.07 0.07 0.07 0.07 0.07 -0.89999973 -0.9 -0.9 -0.9 -0.9 -0.9 -0.89999998 -0.79 -0.79 -0.79 -0.79 -1.24 -1.24 -1.24 -1.24 -1.019997 -1.02 -1.02 -1.02 -1.0200029 -1.29 -1.29 -1.04 -1.04 -1.3427142 
0.39 0.39 0.39 0.39000001 0.39000335 0.3930898 0.16517677 0.14000483 0.14 0.14 0.14 0.14 0.14 0.14 0.12540315 -0.28999982 -0.29 -0.29 -0.29 -0.28783332 0.07 0.07 0.07 0.07 0.07 0.07 0.07 0.07 -0.89999978 -0.9 -0.9 -0.9 -0.9 -0.9 -0.7900001 -0.79 -0.79 -0.79 -0.79 -1.24 -1.24 -1.24 -1.24 -1.1806229 -1.02 -1.02 -1.02 -1.289997 -1.29 -1.29 -1.48 -1.48 -1.48 
0.39 0.39 0.39000001 0.39000027 0.39003194 0.38485457 0.14135203 0.14000121 0.14 0.14 0.14 0.14 0.14 0.13999997 0.11923194 -0.28998989 -0.29 -0.29 -0.28999959 0.06270583 0.07 0.07 0.07 0.07 0.07 0.07 0.07 0.069999999 -0.89999909 -0.9 -0.9 -0.9 -0.9 -0.73163041 -0.78999996 -0.79 -0.79 -0.79 -0.79 -1.24 -1.24 -1.24 -1.24 -1.24 -1.02 -1.02 -1.02 -1.29 -1.29 -1.29 -1.48 -1.48 -1.48 
0.39 0.39000001 0.39000011 0.39000314 0.39009614 0.26111197 0.14023336 0.14000074 0.14 0.14 0.14 0.14 0.14 0.13999919 0.11189488 -0.28984296 -0.28999999 -0.28999999 -0.28813611 0.069969389 0.07 0.07 0.07 0.07 0.07 0.07 0.07 0.069999435 -0.89999392 -0.9 -0.89999984 -0.6902198 -0.67 -0.67 -0.67 -0.79 -0.79 -0.79 -0.79 -1.24 -1.24 -1.24 -1.24 -1.24 -1.0200039 -1.02 -1.0200001 -1.29 -1.29 -1.2900001 -1.48 -1.48 -1.48 
