interpolatedSpi/03-02|22_2.tif
NCOLS 53
NROWS 52
XLLCORNER -116.03883
YLLCORNER 28.596182
DX 0.49850594
DY 0.49788537
NODATA_VALUE -9999
0.86 0.86 0.63019658 0.39 1.6 1.11 0.92 0.93 0.85022458 0.74 1.4 1.14 1.0900511 1.71 1.52 1.52 1.52 1.21 1.44 1.44 1.44 1.4399863 0.02000001 1.06 1.06 1.06 0.38999961 0.39 0.39 0.22 0.22 0.22 0.22 -1.4299997 -1.43 -1.43 -1.43 -1.43 -1.43 -1.43 -1.4893585 -1.4901319 -2.01 -2.01 -2.01 -2.01 -2.0108493 -2.53 -2.53 -2.53 -0.19000486 -0.19 -0.19 
0.85997734 0.35 0.25999985 0.26320766 0.61028101 0.87 0.91 0.4402488 0.73 0.95 0.87 1.09 1.09 1.0821007 1.7099907 1.52 1.21 1.21 1.4397001 1.44 1.44 1.44 1.0378924 1.06 1.06 1.06 1.9099999 1.91 0.22 0.22 0.22 0.22 0.22 -1.4299998 -1.43 -1.43 -1.43 -1.43 -1.4299998 -1.0148841 1.0298968 -1.6411202 -2.01 -2.01 -2.01 -2.01 -2.01 -2.53 -2.53 -2.53 -2.335965 -0.19 -0.19 
0.37000644 0.37 0.13 0.55 -0.09 -0.31 -0.11 0.09 0.02 0.59 1.3 0.12 0.77 1.44 1.08 0.56 1.21 1.21 1.21 1.2500552 1.25 1.25 0.64 1.06 1.06 1.06 1.91 1.91 1.91 0.22 0.22 0.22000005 0.75916807 -1.422675 -1.4069165 1.0272746 1.05 1.05 1.0474845 1.03 1.03 1.0261126 -2.01 -2.01 -2.01 -2.01 -2.01 -2.53 -2.53 -2.53 -2.53 -0.19 -0.19 
-0.31 0.36999992 -0.03010723 0.97 -0.95 -0.29 -0.71 -0.82 0.75 0.24883664 0.29 0.14 0.52 1.44 0.67 0.56 -0.03540943 -0.039124178 -0.47 1.25 1.25 0.07 0.64 0.64 1.06 1.0600042 1.91 1.91 1.91 0.41 0.92027029 1.34 1.34 1.3399998 1.05 1.05 1.05 1.05 1.03 1.03 1.03 1.0299999 -2.01 -2.01 -2.01 -2.01 -2.01 -2.5299934 -2.53 -2.53 -2.53 -0.19000882 -0.19 
-0.31 -0.069999927 -0.03 -0.68525546 -0.95 -0.56 -0.29003254 -0.55 -0.23 0.63999982 0.52387734 0.47003867 0.74 0.67 0.67 0.5869724 -0.04 -0.04 -0.47 -0.47 1.2499976 0.07 0.1 0.51 0.54 0.5399793 1.91 1.91 0.41 0.41 1.34 1.34 1.34 1.2702278 1.05 1.05 1.05 1.03 1.03 1.03 1.03 1.0300598 -2.0099999 -2.01 -2.01 -2.01 -2.01 -2.0146286 -2.53 -2.5299072 -0.46 -0.46 -0.46 
-1.39 -0.38 0.71000001 0.37 -1.19 -0.75 -0.13 -0.18377203 -0.23 -0.45 -0.23 0.56 0.56000012 0.51 0.51 0.40996861 0.41 0.26 0.26 -0.46999893 -0.01 -0.01 0.51 0.54 0.54 0.45 0.6 0.6 0.91995309 0.41 1.34 1.34 0.97 0.96993731 0.37004309 0.79 0.79 0.95575052 1.03 1.03 1.6492267 1.65 1.6500016 -0.36948007 -0.34018457 -0.34000045 -0.34000006 -0.34000063 -0.67691492 -0.46 -0.46 -0.46 -0.46 
-0.86000348 -0.48 -0.74659185 -0.33 -0.32 -1.3 -1.09 -1.24 -1.33 -1.33 -0.23 0.11 -0.17000005 0.51 0.28000069 0.28 0.41 0.46 0.75 0.75 -0.061839138 -0.12 -0.12 0.51 0.45 0.45 0.6 0.6 0.91997378 0.91951719 1.2475943 0.97 0.97 0.37 0.37 0.79 0.79 0.79 1.3299813 1.6499996 1.65 1.65 1.6500085 -0.33999191 -0.34 -0.34 -0.34 -0.34000019 -0.65 -0.46003765 -0.46 -0.46 -0.46 
-0.86 -0.72 -0.59 -0.88 -0.59001663 -1.15 -1 -1.19 -0.82 -0.99 -0.99 -0.4 -0.17 -0.17 0.27691258 0.070525897 0.05 0.65 -0.26999895 0.75 0.83142596 0.98 -0.36 0.79 0.78999007 0.02 0.31 0.3100001 0.47157686 0.47000002 1.25 0.2505797 0.36 0.37 0.39424302 0.79 0.79 1.33 1.33 1.65 1.65 1.65 1.1168267 1.1099999 -0.34 -0.34 -0.34 -0.6499882 -0.65 -0.65 -0.46 -0.46 -0.46 
-0.85199252 -0.72000001 -1.46 -0.03 -0.55 -1.21 -0.33 -1.26 -1.62 -0.66307487 -0.57 -0.4 -0.4 0.09 0.089991161 -0.95718505 -0.96 -0.96 0.50956059 -1.1499999 -0.77 -0.76999998 2.83 0.89712655 0.097595669 0.02 0.79 0.31 1.3538984 1.36 0.22 1.68 1.3072923 0.62 1.22 1.05 1.66 0.31 1.4394782 1.6532586 2.38 2.14 1.1100603 1.11 1.1018386 -0.34 -0.84999997 -0.65 -0.65 -0.65 -0.65 -0.32428689 -0.25 
-1.59 -1.59 -1.38 -0.54 -0.54 -1.3 -0.82 -1.59 -1.26 -0.42021983 -1.3 1.28 0.09 0.09 -0.85 -0.8515087 -0.96 -0.96003529 -1.13 -1.15 -1.15 -1.1010432 2.83 1.2100307 1.21 1.21 0.79 0.060000001 0.06 1.36 1.36 1.6785965 0.94 0.62 0.61 1.05 1.66 0.64 1.44 2.2565482 2.14 1.897556 1.48 1.11 1.11 -0.85 -0.85 -0.85 -0.65 -0.65 0.63 0.63 0.62999967 
-1.59 -1.59 -1.41 -1.92 -1.36 -0.14 -1.07 0.11822392 -0.59 -1.12 -1.48 -1.21 1.2766833 -0.85 -0.85 -0.850015 -0.98 -0.9878727 -1.13 -0.54 -0.54 -0.81 -0.81 1.21 1.21 1.21 0.06 0.06 0.06 0.63 0.63 0.63000051 0.52 0.52 0.34 -0.23 0.83 1.1499951 1.34 2.27 2.27 1.1300012 1.48 1.11 0.55999948 -0.28 0.45435813 0.46 0.89 0.89 0.63 0.63 0.63 
-1.59 -1.5124241 -1.6276352 -1.6599932 -1.25 -0.88 -1.07 0.12 -0.58999407 -1.1141282 -1.2099999 -1.21 -0.68 -0.85 -0.85 -0.98 -0.98 -0.98000854 -1.13 -0.54 -0.59302251 -0.81 -0.81 1.2099183 1.21 0.60186881 -0.64 -0.64 -0.63999991 0.63 0.63 0.04 0.04 0.51999951 0.34 0.48000001 0.78991127 1.15 1.15 2.27 1.13 1.13 1.1299959 0.56 0.56 -0.28 0.46 0.46 0.89 0.89 0.63 0.63 0.63 
-0.49 -0.55026833 -0.47005333 -0.4786184 -1.2499983 -0.88000874 -1.07 0.10535177 -0.54107374 -0.60383971 -0.68 -0.68 -0.68 -0.68 -0.84997592 -0.98 -0.98 -0.98193674 -1.13 -0.54020335 -1.23 -1.23 -1.23 -1.23 1.1671672 -0.64 -0.64 -0.64 -0.64 -0.63921217 0.04 0.04 0.04 0.04 0.48 0.48 0.48 1.1170298 1.1453435 0.53 0.53 1.1299677 0.45000377 0.55998941 0.56 -0.28 0.46 0.46 0.89 0.89 0.63094325 0.63 1.6676083 
-0.49 -0.47 -0.47 -0.47 -0.47 -0.47000018 -1.0695136 -0.50702839 -0.41054314 -0.67991622 -0.68 -0.68 -0.68 -0.68 -0.67999985 -0.98 -0.98000002 -0.99028898 -1.1299982 -1.23 -1.23 -1.23 -1.23 -1.23 -1.2219994 -0.56119541 -0.47000004 -0.47 -0.47 -0.47 0.039999994 0.04 0.039999844 -0.09 -0.09 0.48 0.13001098 0.12 0.52999976 0.53 0.53 0.53 0.45 0.45 0.45 0.44491987 0.78769921 0.79 0.79 0.79 0.79 0.95999993 0.96 
-0.83 -0.47 -0.47 -0.47 -0.47 -0.47 -0.47000004 -0.82542018 -0.46947216 -0.47 -0.47 -0.47 -0.47 -0.47 -0.47 -0.58763022 -0.97382423 -1.00054 -1.2299874 -1.23 -1.23 -1.23 -1.23 -1.2299992 -0.86 -0.86 -0.85999945 -0.47 -0.47 -0.46985983 -0.4 -0.4 -0.09 -0.09 -0.09 0.086360424 0.12 0.12 0.12 0.53 0.53 0.53 0.45 0.45 0.45 0.45 0.78999998 0.79 0.79 0.79 0.79 0.96 0.96 
-0.83 -0.69597609 -0.47 -0.47 -0.47 -0.47 -0.90991364 -0.91 -0.90999999 -0.47 -0.47 -0.47 -0.47 -0.47 -0.49647284 -0.59 -0.59 -0.59 -0.54210104 -0.5400007 -0.54 -0.54 -0.54 -0.54 -0.86 -0.86 -0.86 -0.86 -0.47 -0.4 -0.4 -0.4 -0.090000028 -0.09 -0.09 0.43 0.12041045 0.12 0.12 0.52987102 0.27271319 -0.32742965 0.45 0.45 -0.41731513 -0.42 -0.42 0.7877943 -0.54531731 -0.54999988 -0.54999975 -0.35980025 0.95999732 
-0.83 -1.1705998 -0.82929269 -0.47 -0.47 -0.90974003 -0.91 -0.91 -0.91 -0.90682923 -0.47 -0.47 -0.47 -0.47000001 -0.59 -0.59 -0.59 -0.59 -0.54004466 -0.54 -0.54 -0.54 -0.54 -0.54 -0.85999999 -0.86 -0.86 -0.86 -0.85832682 -0.4 -0.4 -0.4 -1.05 -0.089970281 0.43 0.43 0.43 0.42459056 -0.30150383 -0.33 -0.33 -0.33 -0.61 -0.61 -0.42 -0.42 -0.42 -0.55 -0.55 -0.55 -0.55 -0.36 -0.36 
-1.1796382 -1.18 -1.18 -1.18 -1.07 -0.91000413 -0.91 -0.91 -0.91 -0.91 -0.52905255 -0.47001016 -0.47000002 -0.59 -0.59 -0.59 -0.59 -0.59 -0.59428695 -0.54 -0.54 -0.54 -0.54 -0.54 -0.86688882 -1.1499984 -1.15 -1.15 -1.15 -0.40000003 -1.05 -1.05 -1.05 -1.05 0.43 0.4299871 -0.06 -0.06 -0.32662865 -0.33 -0.33 -0.33 -0.61 -0.61 -0.44941854 -0.42 -0.42 -0.55 -0.55 -0.55 -0.54796271 -0.36 -0.36 
-1.18 -1.18 -1.18 -1.1281994 -1.07 -1.07 -0.91 -0.91 -0.91 -0.91 -1.25 -1.25 -1.25 -0.59 -0.59 -0.59 -0.59 -0.58995208 -0.72 -0.72 -0.54000007 -0.54 -0.55192944 -1.03 -1.0310803 -1.15 -1.15 -1.15 -1.15 -1.0500102 -1.05 -1.05 -1.05 -1.05 -0.059998277 -0.06 -0.06 -0.06 -0.060982389 -0.33 -0.33 -0.33 -0.61 -0.61 -0.61 -0.42 -0.42 -0.55 -0.55 -0.55 -0.36 -0.36 -0.36 
-1.18 -1.18 -1.18 -1.07 -1.07 -1.07 -1.0699998 -0.91 -0.91 -1.249649 -1.25 -1.25 -1.25 -1.2495888 -0.3552675 -0.3 -0.3 -0.3 -0.72 -0.72 -0.72 -1.03 -1.03 -1.03 -1.0299468 -0.98739746 -1.15 -1.15 -1.15 -1.4507609 -1.5399518 -1.54 -1.54 -1.54 -0.29862997 -0.62999871 -0.63 -0.63 -0.63 -0.56996716 -0.57 -0.57 -0.61 -0.61 -0.36000104 -0.36000016 -0.8 -0.8 -0.89 -0.89 -0.89 -0.36 -1.5889002 
-1.1800006 -1.18 -1.18 -1.07 -1.07 -1.07 -1.07 -3.7199992 -0.92123548 -1.2502176 -1.25 -1.25 -1.25 -1.2481358 -0.3 -0.3 -0.3 -0.30000012 -0.72 -0.72 -0.72 -1.03 -1.03 -1.03 -0.84 -0.84 -1.12 -1.12 -1.12 -1.1222912 -1.54 -1.54 -1.54 -1.54 -1.0852501 -0.63 -0.63 -0.63 -0.63 -0.57 -0.57 -0.57 -0.5633926 -0.36 -0.36 -0.36 -0.8 -0.8 -0.89 -0.89 -0.89 -1.59 -1.59 
-1.36 -1.2779937 -1.44 -1.4398927 -1.07 -3.7046672 -3.72 -3.72 -3.020393 -1.49 -1.49 -1.49 -1.49 -0.25004037 -0.25 -0.29999996 -0.3 -0.31106638 -0.72 -0.72 -0.72 -0.47 -0.47 -0.47 -0.84 -0.84 -1.12 -1.12 -1.12 -1.1200003 -1.5899997 -1.5899999 -1.5412567 -1.5400536 -1.9395344 -1.94 -1.94 -1.94 -1.94 -0.57 -0.57 -0.57 -0.37156352 -0.36 -0.36 -0.36000007 -0.8 -0.8 -0.80000324 -0.89 -0.89002907 -1.54 -1.59 
-1.1900323 -1.19 -1.44 -1.44 -1.44 -3.72 -3.72 -3.72 -1.8 -1.8 -1.49 -1.49 -1.49 -0.25 -0.25 -0.25 -0.25 -0.25005235 -0.72 -0.72 -0.71999999 -0.47 -0.47 -0.47 -0.84 -0.84 -1.12 -1.12 -1.12 -1.5847007 -1.59 -1.59 -1.59 -1.59 -1.9398273 -1.94 -1.94 -1.94 -1.94 -0.9699999 -0.97 -0.97 -0.97 -0.36000284 -0.73 -0.73 -0.73 -1.29 -1.29 -1.29 -1.54 -1.54 -1.54 
-1.19 -1.19 -1.44 -1.44 -1.44 -3.7080159 -3.72 -1.8 -1.8 -1.8 -1.4900382 -1.49 -1.4491438 -0.25000027 -0.25 -0.25 -0.25 -1.11 -1.11 -1.11 0.37999998 0.37999937 -0.46999586 -0.47 -0.47002089 -0.33 -0.33 -0.33000188 -1.1198723 -1.6899801 -1.6899995 -1.6899825 -1.5901709 -1.5900863 -1.87773 -1.9400001 -1.9405362 -2.1 -2.1 -0.97 -0.97 -0.97 -0.97 -0.73 -0.73 -0.73 -0.73 -1.29 -1.29 -1.29 -1.54 -1.54 -1.54 
-1.19 -1.19 -1.44 -1.44 -1.44 -1.44 -3.0014001 -1.8 -1.8 -1.8 -1.7998011 -1.44 -1.44 -1.44 -0.25701294 -0.25 -1.1042692 -1.11 -1.11 -1.11 0.38 0.38 0.38 0.38 -0.33 -0.33 -0.33 -0.33 -0.33 -1.69 -1.69 -1.69 -1.69 -1.6900011 -2.22 -2.1 -2.1 -2.1 -2.1 -2.0999973 -1.41 -1.41 -1.41 -1.2993571 -1.07 -1.07 -1.07 -1.29 -1.2900002 -1.53 -1.53 -0.88016056 -0.88 
-1.19 -1.19 -1.3497676 -1.44 -1.44 -1.44 -2.7582965 -1.8030254 -1.8 -1.8 -1.4400001 -1.44 -1.44 -1.44 -1.44 -1.3424104 -1.11 -1.11 -1.11 -1.11 0.37998847 0.38 0.38 0.38 -0.33 -0.33 -0.33 -0.33 -0.33 -1.1505618 -1.69 -1.69 -1.69 -2.22 -2.22 -2.2199068 -2.1 -2.1 -1.9761887 -1.88 -1.41 -1.41 -1.41 -1.2989625 -1.07 -1.07 -1.07 -0.86 -1.5216519 -1.53 -1.53 -0.88 -0.88 
-2.59 -2.59 -2.59 -1.7283366 -1.4417232 -2.76 -2.76 -2.76 -2.76 -2.09 -2.09 -1.44 -1.44 -1.44 -1.44 -1.4399791 -1.11 -1.11 -1.11 -1.11 -0.27018767 0.38 0.38 0.40041293 1.093652 -0.33 -0.33 -0.33 -0.96 -0.96 -0.96 -0.96000306 -2.22 -2.22 -2.22 -2.22 -1.88 -1.88 -1.88 -1.88 -1.08 -1.08 -1.08 -0.56001045 -0.56 -0.56 -0.56000016 -0.86 -0.86 -1.5291836 -1.53 -0.87999612 -0.88 
-2.59 -2.59 -2.59 -2.5900011 -2.61 -2.6318125 -2.76 -2.76 -2.76 -2.09 -2.09 -2.09 -1.19 -1.19 -1.19 -1.19 -1.1101099 -1.11 -1.11 -1.11 -1.0873637 1.1599979 1.16 1.16 1.16 1.16 0.15 0.15 -0.96 -0.96 -0.96 -0.96 -2.2199996 -2.22 -2.22 -2.2199536 -1.88 -1.88 -1.88 -1.8800877 -1.08 -1.08 -1.08 -0.56002411 -0.56 -0.56 -0.56 -0.86 -0.86 -0.8599999 -0.11 -0.11 0.04 
-2.59 -2.59 -2.59 -2.61 -2.61 -2.61 -2.7599999 -2.76 -2.76 -2.09 -2.09 -2.09 -1.19 -1.19 -1.19 -1.1884768 -1.17 -1.17 -1.1699998 -1.1103389 1.16 1.16 1.16 1.16 1.16 1.1592399 0.15 0.15 0.15 -0.96 -0.96 -0.95976185 -1.65 -1.65 -1.65 -1.34 -1.34 -1.9 -1.9 -1.9 -1.61 -1.0801662 -1.0799987 -0.9 -0.9 -0.88711439 -0.56000141 -0.86 -0.86 -0.11 -0.11 -0.11 0.04 
-2.59 -2.59 -2.59 -2.61 -2.61 -2.61 -2.61 -2.76 -2.76 -2.09 -2.09 -1.225987 -1.19 -1.19 -1.19 -1.17 -1.17 -1.17 -1.17 -1.17 1.16 1.16 1.16 1.16 1.16 0.15000345 0.15 0.15 0.15 -0.59 -0.59 -0.59 -1.65 -1.65 -1.65 -1.34 -1.34 -1.9 -1.9 -1.61 -1.61 -1.61 -0.9 -0.9 -0.9 -0.9 -0.83674655 -0.13 -0.13 -0.13 -0.11 0.02 0.02 
-2.59 -2.59 -2.5900279 -2.61 -2.61 -2.61 -2.61 -1.9531119 -1.92 -1.9202919 -2.09 -1.1899992 -1.19 -1.19 -1.1899999 -1.17 -1.17 -1.17 -1.17 -1.17 -0.038892642 1.16 1.16 1.16 1.1599011 0.15002982 0.15 0.15 0.15 -0.59 -0.59 -0.59 -0.59014622 -1.65 -1.34 -1.34 -1.34 -1.3400229 -1.8999802 -1.61 -1.61 -1.61 -0.9000431 -0.9 -0.9 -0.9 -0.13000108 -0.13 -0.13 -0.13 0.019999999 0.02 0.02 
-2.79 -2.7899997 -2.6099958 -2.61 -2.61 -2.61 -1.9201468 -1.92 -1.92 -1.92 -1.18 -1.18 -1.18 -1.18 -1.1700462 -1.17 -1.17 -1.17 -1.17 -0.090000643 -0.09 -0.09 0.68000008 0.68 0.68 0.68 0.63425418 0.15 0.23999631 0.24 0.24 0.24 0.24 -1.11 -1.11 -1.11 -1.11 -1.11 -1.15 -1.15 -1.15 -1.15 -1.15 -0.23100998 -0.23 -0.23 -0.23 -0.13 -0.13 -0.13 0.019976369 0.02 0.02 
-2.79 -2.79 -2.7812088 -1.7400017 -1.7400002 -1.7401761 -1.92 -1.92 -1.92 -1.92 -1.18 -1.18 -1.18 -1.18 -1.18 -1.17 -1.17 -1.17 -0.090000271 -0.09 -0.09 -0.09 0.68 0.68 0.68 0.68 0.68 0.6798874 0.23971038 0.24 0.24 0.24 0.23988365 -0.97961263 -1.109865 -1.11 -1.11 -1.11 -1.15 -1.15 -1.15 -1.15 -1.15 -0.23 -0.23 -0.23 -0.23 -0.18323805 -0.13 1.2444919 1.26 1.12 1.12 
-2.79 -2.79 -1.740133 -1.74 -1.74 -1.74 -1.7857192 -1.92 -1.92 -1.92 -1.18 -1.18 -1.18 -1.18 -1.18 -1.170003 -1.17 -0.090316649 -0.09 -0.09 -0.09 -0.09 0.39474851 0.68 0.68 0.68 0.68 0.67915704 -0.51 -0.51 -0.51 -0.51 -0.51 -0.88 -0.88 -0.88 -0.88 -0.88 -0.93 -0.93 -0.93 -0.93 -0.93 -0.22855942 -0.2299997 -0.23 -0.22989999 -0.21775162 1.26 1.26 1.26 1.1200008 1.12 
-2.7899987 -2.0742321 -1.74 -1.74 -1.74 -1.74 -1.74 -1.9199234 -1.92 -1.92 -1.18 -1.18 -1.18 -1.18 -0.67154991 -0.66 -0.66 -0.09001467 -0.09 -0.09 -0.09 -0.09 -0.09000002 0.68 0.68 0.68 0.68 -0.94999954 -0.9499998 -0.85635731 -0.51 -0.51 -0.51 -0.88 -0.88 -0.88 -0.88 -0.8797765 -0.93 -0.93 -0.93 -0.93 -0.92996552 0.36 0.36 0.36 0.36 0.36007259 1.26 1.26 1.26 1.2600001 1.3466127 
-2.06 -2.06 -2.0512355 -1.74 -1.74 -1.74 -1.74 -1.74 -1.919921 -1 -1 -1 -1.0004272 -0.66000075 -0.66 -0.66 -0.66 -0.66 -0.090003477 -0.11974602 -0.38 -0.38 -0.38 -0.11650436 0.56554799 -0.046863054 -0.56373196 -0.95 -0.95 -0.95 -0.95 -0.95 -0.92958652 -0.55011226 -0.55 -0.55 -0.55 -0.55 -0.84546579 -0.48000081 -0.48 -0.48 -0.48 0.090000792 0.35999993 0.36 0.36 1 1.2599958 1.26 1.26 1.35 1.35 
-2.06 -2.06 -2.4 -2.4 -2.4 -1.7402199 -1.74 -1.74 -1 -1 -1 -1 -1 -0.66000002 -0.66 -0.66 -0.66 -0.66 -0.38 -0.38 -0.38 -0.38 -0.38 -0.74999998 -0.75 -0.75 -0.75 -0.95 -0.95 -0.95 -0.95 -0.95 -0.56 -0.56 -0.55 -0.55 -0.55 -0.28004598 -0.28 -0.48 -0.48 -0.48 -0.47999996 0.09 0.09 0.09 1 1 1 1.02 1.02 1.35 1.35 
-2.06 -2.06 -2.4 -2.4 -2.4 -2.4 -2.3999929 -1.11 -1.0001036 -1 -1 -1 -1 -0.66424119 -0.66 -0.66 -0.66 -0.66 -0.38000001 -0.38 -0.38 -0.38 -0.38 -0.75 -0.75 -0.75 -0.75 -0.75000084 -0.95 -0.95 -0.95 -0.56002045 -0.56 -0.56 -0.56 -0.55 -0.28 -0.28 -0.28 -0.28526237 -0.2608178 -0.22 -0.22 0.09 0.09 0.09 1 1 1 1.02 1.02 1.02 1.295657 
-2.17 -2.1699991 -2.4 -2.4 -2.4 -2.4 -1.11 -1.11 -1.11 -1 -1 -1 -1 -0.9998943 -0.66 -0.66 -0.66 -0.66 -0.38000505 -0.38 -0.38 -0.38 -0.68482443 -0.75 -0.75 -0.75 -0.75 -1.1099997 -1.11 -1.11 -0.95170266 -0.56 -0.56 -0.56 -0.55999972 -0.27 -0.28 -0.28 -0.28 -0.28 -0.22 -0.22 -0.22 0.41 0.41 0.41 0.26007207 1 1 1.02 1.02 1.02 1.2899975 
-2.17 -2.17 -2.4 -2.4 -2.4 -1.11 -1.11 -1.11 -1.11 -1.0120533 -1 -1 -1 -0.9999989 -0.86997583 -0.87 -0.87 -0.87 -0.86354729 -0.68 -0.68 -0.68 -0.68 -0.75 -0.75 -0.75 -0.75002375 -1.11 -1.11 -1.11 -1.11 -0.55999387 -0.39688339 -0.27 -0.27 -0.27 -0.28029861 -0.35999833 -0.36 -0.36 -0.21981201 0.019999993 0.02 0.41 0.41 0.40999936 0.26 0.26 0.6 0.6 0.6 -0.26 0.38 
-2.17 -2.17 -1.55 -1.55 -1.55 -1.11 -1.11 -1.11 -1.11 -0.85 -0.85 -0.85 -0.85 -0.85140945 -0.87 -0.87 -0.87 -0.87 -0.87 -0.68 -0.68 -0.68 -0.68 -1.22 -1.2199998 -0.75000069 -1.11 -1.11 -1.11 -1.11 -0.84167412 -0.58 -0.30688575 -0.27 -0.27 -0.27 -0.36 -0.36 -0.36 -0.36 0.02 0.02 0.02 -0.5798108 -0.58 0.25622426 0.26 0.26 0.59999315 0.6 -0.26 -0.26 0.38 
-2.17 -1.55 -1.55 -1.55 -1.55 -1.55 -1.1084474 -0.91 -0.91 -0.85 -0.85 -0.85 -0.85 -0.85000474 -0.87 -0.87 -0.87 -0.87 -0.87 -0.87 -0.68 -0.68 -1.22 -1.22 -1.22 -1.22 -1.11 -1.11 -1.11 -1.11 -0.58 -0.58 -0.58 -0.27031369 -0.27 -0.27 -0.36 -0.36 -0.36 -0.36 0.02 0.02 0.02 -0.58 -0.58 -0.58001926 -0.92 -0.92 -0.85 -0.85 -0.26 -0.26 0.38 
-1.5558226 -1.55 -1.55 -1.55 -1.55 -1.55 -0.91 -0.91 -0.91 -0.87788549 -0.85 -0.85 -0.85 -0.85000389 -0.87 -0.87 -0.87 -0.87 -0.87 -0.87 -0.68000949 -0.6800033 -1.22 -1.22 -1.22 -1.22 -1.1100078 -1.11 -1.11 -0.58012189 -0.58 -0.58 -0.58 -0.58 -0.27188822 -1.06 -1.06 -1.0478853 -0.36 -0.36 0.019999664 0.02 -0.56255488 -0.58 -0.58 -0.91999988 -0.92 -0.92 -0.85 -0.85 -0.45 -0.45 -0.34 
-1.55 -1.55 -1.55 -1.55 -1.55 -1.55 -0.91 -0.91 -0.91 -0.91 -1.0499942 -1.05 -1.05 -1.05 -0.87000002 -0.83153941 -0.81 -0.81 -0.86988939 -0.87 -0.86999996 -1.2199992 -1.22 -1.22 -1.22 -1.22 -1.21992 -1.11 -1.1099819 -0.58 -0.58 -0.58 -0.58 -0.58 -1.06 -1.06 -1.06 -1.06 -1.06 -1.0599971 -0.91 -0.91 -0.91000008 -1.15 -1.15 -1.15 -1.03 -1.03 -0.62 -0.62 -0.45 -0.44999976 -0.34 
-1.55 -1.55 -1.55 -1.55 -1.55 -1.55 -0.91 -0.91 -0.91 -1.05 -1.05 -1.05 -1.05 -1.05 -0.98673658 -0.81 -0.81 -0.81 -0.81 -0.81 -0.8128648 -1.22 -1.22 -1.22 -1.22 -1.2096377 -0.89051711 -1.0800429 -0.58261368 -0.58 -0.58 -0.58 -0.58 -0.58000105 -1.06 -1.06 -1.06 -1.06 -1.06 -0.99022035 -0.91 -0.91 -0.91 -1.15 -1.15 -1.15 -1.03 -1.03 -0.62 -0.62 -1.47 -0.40233554 -0.34 
-1.55 -1.55 -1.55 -1.55 -1.55 -1.5499998 -0.91000015 -0.91 -0.91581078 -1.05 -1.05 -1.05 -1.05 -1.05 -1.0384881 -0.81 -0.81 -0.81 -0.81 -0.81 -0.81 -0.94020053 -0.89000046 -0.89 -0.89 -0.89 -0.89 -0.89 -0.9685041 -0.96999538 -0.96999999 -0.97 -0.97 -0.97000006 -1.06 -1.06 -1.06 -1.06 -1.06 -0.91000002 -0.91 -0.91 -0.91 -0.91000011 -1.1495832 -0.89 -1.03 -1.413253 -0.62070096 -1.47 -1.47 -1.4556572 -0.78 
-1.55 -1.55 -1.55 -1.55 -1.55 -1.5499591 -0.91003452 -0.91000847 -1.0499998 -1.05 -1.05 -1.05 -1.05 -1.05 -1.0454333 -0.81 -0.81 -0.81 -0.81 -0.81 -0.81 -0.89 -0.89 -0.89 -0.89 -0.89 -0.89 -0.89 -0.96997792 -0.97 -0.97 -0.97 -0.97 -0.97 -0.99465999 -1.06 -1.06 -1.06 -1.06 -0.91 -0.91 -0.91 -0.91 -0.90999488 -0.89 -0.89 -0.89332178 -1.42 -1.42 -1.47 -1.47 -0.78 -0.78 
-1.55 -1.55 -1.55 -1.55 -1.55 -1.5491465 -0.91076365 -1.0342019 -1.05 -1.05 -1.05 -1.05 -1.05 -1.05 -1.0457984 -0.81 -0.81 -0.81 -0.81 -0.81 -0.82139055 -0.89 -0.89 -0.89 -0.89 -0.89 -0.89 -0.89 -0.96999968 -0.97 -0.97 -0.97 -0.97 -0.97 -0.97 -0.93783802 -0.74794077 -0.64410683 -0.62830862 -0.90228656 -0.91 -0.91 -0.91 -0.8900016 -0.89 -0.89567073 -1.839998 -1.42 -1.42 -1.3701766 -1.37 -1.37 -0.78000026 
-1.55 -1.55 -1.55 -1.55 -1.5499994 -1.5446627 -0.92658781 -1.0499615 -1.05 -1.05 -1.05 -1.05 -1.05 -1.05 -1.0443956 -0.81 -0.81 -0.81 -0.81 -0.81 -0.88999965 -0.89 -0.89 -0.89 -0.89 -0.89 -0.89 -0.89 -0.96999998 -0.97 -0.97 -0.97 -0.97 -0.97 -0.96999993 -0.62 -0.62 -0.62 -0.62 -0.79 -0.79 -0.79 -0.79 -1.8399972 -1.84 -1.84 -1.84 -1.8400036 -2.18 -2.18 -1.37 -1.37 -1.036955 
-1.55 -1.55 -1.55 -1.55 -1.5499821 -1.5326885 -1.0414975 -1.0499982 -1.05 -1.05 -1.05 -1.05 -1.05 -1.05 -1.0418529 -0.8100001 -0.81 -0.81 -0.81 -0.81048148 -0.89 -0.89 -0.89 -0.89 -0.89 -0.89 -0.89 -0.89 -0.96999998 -0.97 -0.97 -0.97 -0.97 -0.97 -0.62000032 -0.62 -0.62 -0.62 -0.62 -0.79 -0.79 -0.79 -0.79 -1.0733905 -1.84 -1.84 -1.84 -2.1799962 -2.18 -2.18 -0.89 -0.89 -0.89 
-1.55 -1.55 -1.55 -1.5499985 -1.5498252 -1.4914707 -1.0496098 -1.0499995 -1.05 -1.05 -1.05 -1.05 -1.05 -1.05 -1.0384085 -0.81000564 -0.81 -0.81 -0.81000009 -0.88837907 -0.89 -0.89 -0.89 -0.89 -0.89 -0.89 -0.89 -0.89 -0.96999993 -0.97 -0.97 -0.97 -0.97 -0.88947525 -0.62000007 -0.62 -0.62 -0.62 -0.62 -0.79 -0.79 -0.79 -0.79 -0.79 -1.84 -1.84 -1.84 -2.18 -2.18 -2.18 -0.89 -0.89 -0.89 
-1.55 -1.55 -1.5499994 -1.5499829 -1.548988 -1.2527945 -1.0499478 -1.0499997 -1.05 -1.05 -1.05 -1.05 -1.05 -1.0499995 -1.0343134 -0.81008765 -0.81000001 -0.81 -0.8104142 -0.8899932 -0.89 -0.89 -0.89 -0.89 -0.89 -0.89 -0.89 -0.89000005 -0.9699995 -0.97 -0.96999992 -0.86967034 -0.86 -0.86 -0.86 -0.62 -0.62 -0.62 -0.62 -0.79 -0.79 -0.79 -0.79 -0.79 -1.8399814 -1.84 -1.8400002 -2.18 -2.18 -2.1799993 -0.89 -0.89 -0.89 
