interpolatedSpi/03-08|23_1.tif
NCOLS 53
NROWS 52
XLLCORNER -116.03883
YLLCORNER 28.596182
DX 0.49850594
DY 0.49788537
NODATA_VALUE -9999
[rows 0 to 25 of 52, columns 0 to 52 of 53]
0.10285714 0.10285714 -0.056384616 -0.24142857 0.15 0.17857143 0.088571429 0.22428571 -0.40030747 -0.26142857 -0.19285714 -0.32142857 -0.67426713 -0.44857143 -0.44571429 -0.44571429 -0.44571429 -0.53571429 -0.35571429 -0.35571429 -0.35571429 -0.35571063 0.024285708 -0.56571429 -0.56571429 -0.56571429 -0.3371424 -0.33714286 -0.33714286 -0.85428571 -0.85428571 -0.85428571 -0.85428571 -1.2871428 -1.2871429 -1.2871429 -1.2871429 -1.2871429 -1.2871429 -1.2871428 0.32972705 0.34683199 -0.87285714 -0.87285714 -0.87285714 -0.87285714 -0.87214547 -0.43714286 -0.43714286 -0.43714286 0.062856104 0.062857143 0.062857143
0.10283563 -0.38142857 -0.040000117 -0.044124139 -0.020076354 -0.15714286 -0.30857143 -0.3783117 -0.42714286 -0.55142857 -0.56428571 -0.67428571 -0.67428571 -0.51833802 -0.44857225 -0.44571429 -0.53571429 -0.53571429 -0.35594898 -0.35571429 -0.35571429 -0.35571429 -0.58082865 -0.56571429 -0.56571429 -0.56571429 -0.57 -0.57 -0.85428571 -0.85428571 -0.85428571 -0.85428571 -0.85428571 -1.2871428 -1.2871429 -1.2871429 -1.2871429 -1.2871429 -1.2871428 -1.1686608 -0.55148121 -0.8338546 -0.87285714 -0.87285714 -0.87285714 -0.87285714 -0.87285714 -0.43714286 -0.43714286 -0.43714286 -0.39568238 0.062857143 0.062857143
0.28284211 0.28285714 -0.14142857 -0.23142857 -0.32142857 0.02 -0.34285714 -0.054285714 -0.63 -0.76285714 -0.65285714 -0.78285714 -0.88285714 -0.67142857 -0.51857143 -1.1385714 -0.53571429 -0.53571429 -0.53571429 -0.35285797 -0.35285714 -0.35285714 -0.85285714 -0.56571429 -0.56571429 -0.56571429 -0.57 -0.57 -0.57 -0.85428571 -0.85428571 -0.85428572 -0.96019373 -1.2861775 -1.2834995 -0.89930113 -0.89571429 -0.89571429 -0.85241222 -0.55142857 -0.55142857 -0.5518396 -0.87285714 -0.87285714 -0.87285714 -0.87285714 -0.87285714 -0.43714286 -0.43714286 -0.43714286 -0.43714286 0.062857143 0.062857143
0.36857143 0.28285704 -0.21010526 -0.23857143 -0.74 -0.53571429 -0.35428571 -0.69 -0.36571429 -0.60841447 -0.80428571 -0.80857143 -0.86142857 -0.67142857 -0.85571429 -1.1385714 -0.70193785 -0.69845732 -0.69428571 -0.35285714 -0.35285714 -0.82857143 -0.85285714 -0.85285714 -0.56571429 -0.56571431 -0.57 -0.57 -0.57 -0.83285714 -0.96532362 -1.0742857 -1.0742857 -1.0742856 -0.89571429 -0.89571429 -0.89571429 -0.89571429 -0.55142857 -0.55142857 -0.55142857 -0.55142858 -0.87285714 -0.87285714 -0.87285714 -0.87285714 -0.87285714 -0.43714835 -0.43714286 -0.43714286 -0.43714286 0.062815007 0.062857142
0.36857143 0.12857081 -0.21 -0.59991257 -0.74 -0.84285714 -0.89573686 -1.2228571 -1.2657143 -0.86285733 -0.87428556 -0.8742231 -0.43714286 -0.85571429 -0.85571429 -1.0380605 -0.69857143 -0.69857143 -0.69428571 -0.69428571 -0.35285809 -0.82857143 -0.63428571 -0.24285714 -0.43714286 -0.43713855 -0.57 -0.57 -0.83285714 -0.83285714 -1.0742857 -1.0742857 -1.0742857 -1.0468078 -0.89571429 -0.89571429 -0.89571429 -0.55142857 -0.55142857 -0.55142857 -0.55142857 -0.55147863 -0.87285715 -0.87285714 -0.87285714 -0.87285714 -0.87285714 -0.86897875 -0.43714286 -0.43717828 -1.2271429 -1.2271429 -1.2271429
-0.71571429 -0.28428571 -0.35857142 -0.50714286 -0.33 -0.81428571 -1.1742857 -1.1805042 -1.02 -1.36 -1.2942857 -1.0785714 -1.078571 -0.92857143 -0.92857143 -0.62706939 -0.62714286 -0.77857143 -0.77857143 -0.6942854 -0.78428571 -0.78428571 -0.24285714 -0.43714286 -0.43714286 -0.41857143 -0.87142857 -0.87142857 -0.71429696 -0.83285714 -1.0742857 -1.0742857 -0.92857143 -0.92854561 -0.6814463 -0.77 -0.77 -0.61904863 -0.55142857 -0.55142857 -1.0693532 -1.07 -1.069999 -0.84479008 -0.84428887 -0.84428572 -0.84428572 -0.84428573 -1.0999444 -1.2271429 -1.2271429 -1.2271429 -1.2271429
0.1699953 -0.03 -0.057842307 -0.54714286 -0.50714286 -0.99142857 -0.91 -1.15 -1.3114286 -1.3114286 -1.2942857 -1.2714286 -1.0885714 -0.92857143 -0.32285896 -0.32285714 -0.62714286 -0.14428571 -0.33714286 -0.33714286 -0.64223301 -0.48285714 -0.48285714 -0.45428571 -0.41857143 -0.41857143 -0.87142857 -0.87142857 -0.71430661 -0.71467043 -0.55446069 -0.92857143 -0.92857143 -0.68142857 -0.68142857 -0.84080321 -0.77 -0.77 -1.1685576 -1.0700001 -1.07 -1.07 -1.0699942 -0.8442858 -0.84428571 -0.84428571 -0.84428571 -0.84428587 -1.1014286 -1.2271179 -1.2271429 -1.2271429 -1.2271429
0.17 -0.54428571 -0.11857143 -0.77142857 -0.41430619 -0.97142857 -1.3385714 -1.2271428 -0.92428571 -1.1714286 -1.1714286 -0.79428571 -1.0885714 -1.0885714 -0.32811065 -0.44125555 -0.45285714 -0.16285714 -0.36142855 -0.33714286 -0.3994713 -0.35714286 -0.79571429 -0.081428575 -0.081435665 -0.63142857 -0.64571429 -0.64571437 -1.0716007 -1.0728571 -0.55285714 -0.67302426 -0.60714286 -0.68142857 -0.68399548 -0.9 -0.9 -1.1685714 -1.1685714 -1.07 -1.07 -1.07 -0.85825415 -0.86 -0.84428571 -0.84428571 -0.84428571 -1.1014188 -1.1014286 -1.1014286 -1.2271429 -1.2271429 -1.2271429
-0.62447821 -0.54428571 0.15714286 -0.67714286 -0.56571429 -1.2142857 -0.90714286 -0.51714286 -1.1185714 -0.61618573 -0.36857143 -0.86285714 -0.86285714 -0.45714286 -0.45714356 -0.62523252 -0.62571429 -0.62571429 -0.19316938 -0.82714286 -0.85571429 -0.85571428 -1.2128571 -0.96010342 -0.57600309 -0.63142857 -0.58571429 -0.64571429 -0.55623728 -0.55571429 -0.69142857 -0.83 -0.69113505 -0.99428571 -0.77142857 -0.95857143 -0.89428571 -0.76142857 -0.66290266 -1.068189 -0.66428571 -0.55142857 -0.85993534 -0.86 -0.85991155 -0.84428571 -1.0428571 -1.1014286 -1.1014286 -1.1014286 -1.1014286 -1.1026354 0.05
-1.0728571 -1.0728571 0.097142857 -0.15 -0.81 -0.64714286 -0.63571429 -0.96285714 -0.67571429 -0.48858625 -0.72857143 -0.34571429 -0.45714286 -0.45714286 -0.53142857 -0.53272174 -0.62571429 -0.62560219 -0.11142857 -0.82714286 -0.82714286 -0.83082379 -1.2128571 -0.82857871 -0.82857143 -0.82857143 -0.58571429 -0.44857143 -0.44857143 -0.55571429 -0.55571429 -0.82947708 -0.55428571 -0.99428571 -0.77714286 -0.95857143 -0.89428571 -1.2442857 -0.66285714 -0.44361183 -0.55142858 -0.5188928 -0.46285714 -0.86 -0.86 -1.0428571 -1.0428571 -1.0428571 -1.1014286 -1.1014286 -0.22714286 -0.22714286 -0.22714275
-1.0728571 -1.0728571 -0.29571429 -0.51428571 -0.68 -0.25428571 -1.0057143 -0.32224613 -0.20857143 -0.45285714 -0.36714286 -0.21 -0.34553378 -0.53142857 -0.53142857 -0.53140533 -0.33 -0.31852835 -0.11142857 -0.12428571 -0.12428571 -0.19285714 -0.19285714 -0.82857143 -0.82857143 -0.82857143 -0.44857143 -0.44857143 -0.44857143 -0.76571429 -0.76571429 -0.76571394 -0.73857143 -0.73857143 -1.3285714 -0.93285714 -0.63714286 -0.75571886 -0.57285714 -0.44 -0.44 -0.58857102 -0.46285714 -0.86 -0.32142874 -0.41 -0.29181996 -0.28857143 -0.33571429 -0.33571429 -0.22714286 -0.22714286 -0.22714286
-1.0728571 -0.73731321 -0.38898651 -0.68998825 -0.35 -0.50571429 -1.0057143 -0.32142857 -0.20857237 -0.45015075 -0.21000032 -0.21 -0.0028571429 -0.53142857 -0.53142857 -0.33000001 -0.33 -0.32998756 -0.11142857 -0.12428571 -0.13775175 -0.19285714 -0.19285714 -0.82854552 -0.82857143 -0.67407323 -0.35857143 -0.35857143 -0.35857144 -0.76571429 -0.76571429 -0.32428571 -0.32428571 -0.73857305 -1.3285714 -0.54571465 -0.7422891 -0.75571429 -0.75571429 -0.44 -0.58857143 -0.58857143 -0.58856948 -0.32142857 -0.32142857 -0.41 -0.28857143 -0.28857143 -0.33571429 -0.33571429 -0.22714286 -0.22714286 -0.22714286
-0.28428571 -0.33668118 -0.33714926 -0.33969395 -0.3500009 -0.50571061 -1.0057143 -0.32985173 -0.21634844 -0.21495038 -0.0028571429 -0.0028571429 -0.0028571429 -0.0028571429 -0.5313537 -0.33 -0.33 -0.32717789 -0.11142857 -0.12420835 0.14285714 0.14285714 0.14285714 0.14285714 -0.81174406 -0.35857143 -0.35857143 -0.35857143 -0.35857143 -0.35869592 -0.32428571 -0.32428571 -0.32428571 -0.32428571 -0.54571429 -0.54571429 -0.54571429 -0.74621541 -0.75361133 -0.47571429 -0.47571429 -0.58856536 -0.42999628 -0.32143903 -0.32142857 -0.41 -0.28857143 -0.28857143 -0.33571428 -0.33571429 -0.22753674 -0.22714286 -0.54020627
-0.28428571 -0.33714286 -0.33714286 -0.33714286 -0.33714286 -0.33714293 -1.0044343 -0.68192108 -0.23709683 -0.0030847418 -0.0028571429 -0.0028571429 -0.0028571429 -0.0028571429 -0.0028569305 -0.33 -0.32999997 -0.31500749 -0.11143079 0.14285714 0.14285714 0.14285714 0.14285714 0.14285714 0.14686974 -0.053108581 0.049999916 0.05 0.05 0.05 -0.3242857 -0.32428571 -0.32428515 0.14142857 0.14142857 -0.54571429 -0.0012869206 0.014285714 -0.475714 -0.47571429 -0.47571429 -0.47571429 -0.43 -0.43 -0.43 -0.42986082 -0.16937741 -0.16857143 -0.16857143 -0.16857143 -0.16857143 -0.17857144 -0.17857143
-0.44571429 -0.33714286 -0.33714286 -0.33714286 -0.33714286 -0.33714286 -0.3371429 -0.51189011 0.29850825 0.30142857 0.30142857 0.30142857 0.30142857 0.30142857 0.30142857 0.4917017 -0.31687688 -0.30007007 0.1428251 0.14285714 0.14285714 0.14285714 0.14285714 0.14285738 0.32857143 0.32857143 0.32857104 0.05 0.05 0.050849607 0.47428571 0.47428571 0.14142857 0.14142857 0.14142857 0.034652781 0.014285714 0.014285714 0.014285714 -0.47571429 -0.47571429 -0.47571429 -0.43 -0.43 -0.43 -0.43 -0.16857143 -0.16857143 -0.16857143 -0.16857143 -0.16857143 -0.17857143 -0.17857143
-0.44571429 -0.40529438 -0.33714286 -0.33714286 -0.33714286 -0.33714286 0.31844273 0.31857143 0.31857143 0.30142857 0.30142857 0.30142857 0.30142857 0.30142857 0.34428936 0.49571429 0.49571429 0.49571429 0.34367263 0.34428551 0.34428571 0.34428571 0.34428571 0.34428571 0.32857143 0.32857143 0.32857143 0.32857143 0.05 0.47428571 0.47428571 0.47428571 0.1414286 0.14142857 0.14142857 0.38428571 0.014775606 0.014285714 0.014285714 -0.47568884 -0.42528265 -0.30764668 -0.43 -0.43 -0.41433421 -0.41428571 -0.41428571 -0.16882828 -0.32374156 -0.3242857 -0.32428568 -0.11001043 -0.17857129
-0.44571429 0.0074922587 -0.15641213 -0.33714286 -0.33714286 0.318184 0.31857143 0.31857143 0.31857143 0.31844789 0.30142857 0.30142857 0.30142857 0.30142859 0.49571429 0.49571429 0.49571429 0.49571429 0.34442098 0.34428571 0.34428571 0.34428571 0.34428571 0.34428571 0.32857143 0.32857143 0.32857143 0.32857143 0.32910144 0.47428571 0.47428571 0.47428571 0.56714285 0.14146355 0.38428571 0.38428571 0.38428571 0.38384988 -0.28677378 -0.30714286 -0.30714286 -0.30714286 -0.48857143 -0.48857143 -0.41428571 -0.41428571 -0.41428571 -0.32428572 -0.32428571 -0.32428571 -0.32428571 -0.11 -0.11
0.019760805 0.02 0.02 0.020000004 0.42571429 0.31857419 0.31857143 0.31857143 0.31857143 0.31857143 0.29645347 0.30142772 0.30142857 0.49571429 0.49571429 0.49571429 0.49571429 0.49571429 0.48997557 0.34428571 0.34428571 0.34428571 0.34428571 0.34428571 0.39053158 0.47714205 0.47714286 0.47714286 0.47714286 0.47428572 0.56714286 0.56714286 0.56714286 0.56714286 0.38428571 0.38428474 0.34714286 0.34714286 -0.29897313 -0.30714286 -0.30714286 -0.30714286 -0.48857143 -0.48857143 -0.4257877 -0.41428571 -0.41428571 -0.32428571 -0.32428571 -0.32428571 -0.32198801 -0.11 -0.11
0.02 0.02 0.02 0.21105691 0.42571429 0.42571429 0.31857143 0.31857143 0.31857143 0.31857143 0.23571429 0.23571429 0.23571429 0.49571429 0.49571429 0.49571429 0.49571429 0.49573223 0.59285714 0.59285714 0.34428582 0.34428571 0.34598992 0.41428571 0.41485159 0.47714286 0.47714286 0.47714286 0.47714286 0.56713369 0.56714286 0.56714286 0.56714286 0.56714286 0.34714299 0.34714286 0.34714286 0.34714286 0.3448222 -0.30714286 -0.30714286 -0.30714286 -0.48857143 -0.48857143 -0.48857143 -0.41428571 -0.41428571 -0.32428571 -0.32428571 -0.32428571 -0.11 -0.11 -0.11
0.02 0.02 0.02 0.42571429 0.42571429 0.42571429 0.42571412 0.31857143 0.31857143 0.23579982 0.23571429 0.23571429 0.23571429 0.23587628 0.58359443 0.60428571 0.60428571 0.60428571 0.59285714 0.59285714 0.59285714 0.41428571 0.41428571 0.41428571 0.41428451 0.4419248 0.47714286 0.47714286 0.47714286 0.3559677 0.31002529 0.31 0.31 0.31 0.20650917 0.0085721975 0.0085714286 0.0085714286 0.0085714286 -0.16859039 -0.16857143 -0.16857143 -0.48857143 -0.48857143 -0.18857268 -0.18857146 -0.26428571 -0.26428571 -0.15142857 -0.15142857 -0.15142857 -0.11 -0.03007153
0.020000514 0.02 0.020000015 0.42571429 0.42571429 0.42571429 0.42571428 0.16142862 0.31794311 0.23580755 0.23571429 0.23571429 0.23571429 0.23643752 0.60428571 0.60428571 0.60428571 0.60428571 0.59285714 0.59285714 0.59285714 0.41428571 0.41428571 0.41428571 0.41 0.41 0.52285714 0.52285714 0.52285714 0.52169594 0.31 0.31 0.31 0.31 0.15936845 0.0085714286 0.0085714286 0.0085714286 0.0085714286 -0.16857143 -0.16857143 -0.16857143 -0.16920071 -0.18857143 -0.18857143 -0.18857143 -0.26428571 -0.26428571 -0.15142857 -0.15142857 -0.15142857 -0.030000004 -0.03
0.18571429 0.10639815 -0.058571429 -0.058430929 0.42571429 0.16295772 0.16142857 0.16142857 0.27178324 0.33857143 0.33857143 0.33857143 0.33857143 0.73141578 0.73142857 0.60428581 0.60428571 0.60398459 0.59285714 0.59285714 0.59285714 0.31857143 0.31857143 0.31857143 0.41 0.41 0.52285714 0.52285714 0.52285714 0.52285694 0.23857188 0.23857163 0.30820475 0.30992342 -0.1637438 -0.16428571 -0.16428571 -0.16428571 -0.16428571 -0.16857143 -0.16857143 -0.16857143 -0.18747009 -0.18857143 -0.18857143 -0.18857145 -0.26428571 -0.26428571 -0.26428165 -0.15142857 -0.15143905 -0.38571429 -0.03
0.20856709 0.20857138 -0.058571429 -0.058571429 -0.058571429 0.16142857 0.16142857 0.16142857 0.46428571 0.46428571 0.33857143 0.33857143 0.33857143 0.73142857 0.73142857 0.73142857 0.73142857 0.73141271 0.59285714 0.59285714 0.59285713 0.31857143 0.31857143 0.31857143 0.41 0.41 0.52285714 0.52285714 0.52285714 0.24177677 0.23857143 0.23857143 0.23857143 0.23857143 -0.16408693 -0.16428571 -0.16428571 -0.16428571 -0.16428571 -0.060000028 -0.06 -0.06 -0.06 -0.1885725 -0.32857143 -0.32857143 -0.32857143 -0.60142857 -0.60142857 -0.60142857 -0.38571429 -0.38571429 -0.38571429
0.20857143 0.20857143 -0.058571429 -0.058571429 -0.058571429 0.16027221 0.16142857 0.46428571 0.46428571 0.46428571 0.3385869 0.33857143 0.50549834 0.73142853 0.73142857 0.73142857 0.73142857 0.50285714 0.50285714 0.50285714 0.36857143 0.36857139 0.31857167 0.31857143 0.31858694 0.30142857 0.30142857 0.3014291 0.52282136 0.0086172644 0.0085726528 0.0086115835 0.23817833 0.23837294 -0.092685906 -0.16428576 -0.16471659 -0.29285714 -0.29285714 -0.06 -0.06 -0.06 -0.06 -0.32857143 -0.32857143 -0.32857143 -0.32857143 -0.60142857 -0.60142857 -0.60142857 -0.38571429 -0.38571429 -0.38571429
0.20857143 0.20857143 -0.058571429 -0.058571429 -0.058571429 -0.058571428 0.27477915 0.46428571 0.46428571 0.46428571 0.46432912 0.54285714 0.54285714 0.54285714 0.73031728 0.73142857 0.50438029 0.50285714 0.50285714 0.50285714 0.36857143 0.36857143 0.36857143 0.36857143 0.30142857 0.30142857 0.30142857 0.30142857 0.30142857 0.0085714286 0.0085714286 0.0085714286 0.0085714286 0.0085703905 -0.48428571 -0.29285714 -0.29285714 -0.29285714 -0.29285714 -0.29285701 -0.28714286 -0.28714286 -0.28714286 -0.2917918 -0.30142857 -0.30142857 -0.30142857 -0.60142856 -0.60142858 -0.60857143 -0.60857143 -0.24003545 -0.24
0.20857143 0.20857143 0.037848384 -0.058571429 -0.058571429 -0.058571419 0.39440993 0.46406511 0.46428571 0.46428571 0.54285712 0.54285714 0.54285714 0.54285714 0.54285714 0.55830779 0.50285714 0.50285714 0.50285714 0.50285714 0.36857247 0.36857143 0.36857143 0.36857143 0.30142857 0.30142857 0.30142857 0.30142857 0.30142857 -0.082214646 0.0085714286 0.0085714286 0.0085714285 -0.48428571 -0.48428571 -0.48413707 -0.29285714 -0.29285714 -0.35074293 -0.39571428 -0.28714286 -0.28714286 -0.28714286 -0.29174178 -0.30142857 -0.30142857 -0.30142857 -0.32285714 -0.60501146 -0.60857143 -0.60857143 -0.24 -0.24
