interpolatedSpi/03-08|21_1.tif
NCOLS 53
NROWS 52
XLLCORNER -116.03883
YLLCORNER 28.596182
DX 0.49850594
DY 0.49788537
NODATA_VALUE -9999
[rows 0 to 27 of 52, columns 0 to 52 of 53]
-0.62428571 -0.62428571 -0.63223565 -0.74571429 -0.69714286 -0.80428571 -0.72285714 -0.67714286 -0.71558951 -0.88142857 -1.0557143 -0.90571429 -1.1885575 -1.02 -0.93 -0.93 -0.93 -0.55 -0.63428571 -0.63428571 -0.63428571 -0.63428164 -0.21142858 -0.74 -0.74 -0.74 -0.49428639 -0.49428571 -0.49428571 -0.29 -0.29 -0.29 -0.29 -0.51857138 -0.51857143 -0.51857143 -0.51857143 -0.51857143 -0.51857143 -0.51857143 -0.5623852 -0.5627848 -0.27857143 -0.27857143 -0.27857143 -0.27857143 -0.27786443 0.15428571 0.15428571 0.15428571 0.82428432 0.82428571 0.82428571
-0.62430952 -1.16 -0.77857117 -0.86105421 -1.0171452 -0.66571429 -0.63428571 -0.92831306 -1.0357143 -1.0171429 -1.0528571 -1.1885714 -1.1885714 -0.85483828 -1.0199972 -0.93 -0.55 -0.55 -0.63417582 -0.63428571 -0.63428571 -0.63428571 -0.7581222 -0.74 -0.74 -0.74 -0.79714285 -0.79714286 -0.29 -0.29 -0.29 -0.29 -0.29 -0.5185714 -0.51857143 -0.51857143 -0.51857143 -0.51857143 -0.51857144 -0.52004452 -0.51429434 -0.30717359 -0.27857143 -0.27857143 -0.27857143 -0.27857143 -0.27857143 0.15428571 0.15428571 0.15428571 0.20984276 0.82428571 0.82428571
-0.9499824 -0.95 -0.55428571 -0.53571429 -0.65857143 -0.86142857 -0.48285714 -0.88428571 -1.0128571 -0.94857143 -1.0371429 -1.2342857 -0.83142857 -1.1485714 -0.85428571 -1.2685714 -0.55 -0.55 -0.55 -0.88992566 -0.89 -0.89 -1.0842857 -0.74 -0.74 -0.74 -0.79714286 -0.79714286 -0.79714286 -0.29 -0.29 -0.29000001 -0.36564858 -0.51877343 -0.51979475 -0.64879566 -0.65 -0.65 -0.63293072 -0.51428572 -0.51428571 -0.5139843 -0.27857143 -0.27857143 -0.27857143 -0.27857143 -0.27857143 0.15428571 0.15428571 0.15428571 0.15428572 0.82428571 0.82428571
0.017142857 -0.94999991 -0.50857777 -0.11428571 -0.53714286 -0.61285714 -0.57571429 -0.76285714 -0.75 -0.93003232 -0.94428571 -1.2357143 -1.1142857 -1.1485714 -0.97 -1.2685714 -1.3805651 -1.380846 -1.33 -0.89 -0.89 -1.36 -1.0842857 -1.0842857 -0.74 -0.74000029 -0.79714286 -0.79714286 -0.79714286 -0.35714286 -0.40652385 -0.44714286 -0.44714286 -0.44714301 -0.65 -0.65 -0.65 -0.65 -0.51428571 -0.51428571 -0.51428571 -0.51428571 -0.27857143 -0.27857143 -0.27857143 -0.27857143 -0.27857143 0.15428025 0.15428571 0.15428571 0.15428571 0.82424404 0.82428571
0.017142857 0.16999876 -0.50857143 -0.80290238 -0.53714286 -0.46285714 -0.93140102 -0.79571429 -0.8 -0.90428572 -1.0862745 -1.1742313 -0.79428571 -0.97 -0.97 -1.1715467 -1.3814286 -1.3814286 -1.33 -1.33 -0.89000088 -1.36 -1.11 -0.66285714 -0.50571429 -0.50564153 -0.79714286 -0.79714286 -0.35714286 -0.35714286 -0.44714286 -0.44714286 -0.44714286 -0.42128139 -0.65 -0.65 -0.65 -0.51428571 -0.51428571 -0.51428571 -0.51428571 -0.51429413 -0.27857143 -0.27857143 -0.27857143 -0.27857143 -0.27857143 -0.27471846 0.15428571 0.15425855 -0.45142857 -0.45142857 -0.45142857
-1.0214286 -0.25857143 -0.35142857 -0.66142857 -0.83857143 -0.69714286 -1.0057143 -0.97882827 -0.69714286 -0.46 -0.40428571 -0.23714286 -0.23714322 -0.9 -0.9 -1.1585463 -1.1585714 -0.90285714 -0.90285714 -1.3299993 -0.83714286 -0.83714286 -0.66285714 -0.50571429 -0.50571429 -0.19428571 -0.33142857 -0.33142857 -0.13002073 -0.35714286 -0.44714286 -0.44714286 -0.31 -0.31000269 -0.33571254 -0.65857143 -0.65857143 -0.55892379 -0.51428571 -0.51428571 -0.60131989 -0.60142857 -0.60142853 -1.1711041 -1.1870424 -1.1871426 -1.1871428 -1.1871425 -0.79931611 -0.45142857 -0.45142857 -0.45142857 -0.45142857
-0.11714259 -0.16571429 0.19707454 -0.17571429 -0.39142857 -0.89142857 -0.42571428 -0.46428571 -0.53428571 -0.53428571 -0.40428571 -0.66 -0.48000004 -0.9 -1.0542853 -1.0542857 -1.1585714 -0.77857143 -0.59 -0.59 -0.82502462 -0.81142857 -0.81142857 -0.13285715 -0.19428571 -0.19428571 -0.33142857 -0.33142857 -0.13000458 -0.1300843 -0.2213885 -0.31 -0.31 -0.33571429 -0.33571429 -0.72548435 -0.65857143 -0.65857143 -0.61285873 -0.60142859 -0.60142857 -0.60142857 -0.60142862 -1.187141 -1.1871429 -1.1871429 -1.1871429 -1.1871427 -0.89142857 -0.45151577 -0.45142857 -0.45142857 -0.45142857
-0.11714286 0.29714286 0.36428571 -0.55714286 -0.70999124 -0.68714286 -0.47 -0.85999999 -0.95428571 -0.71142857 -0.71142857 -0.61857143 -0.48 -0.48 -1.0503456 -0.99443597 -0.98857143 -0.55428571 -0.69142847 -0.59 -0.40524304 -0.41142857 -0.27142857 0.13285714 0.13285659 0.09 -0.30285714 -0.30285715 -0.2082961 -0.20857143 -0.22142857 -0.47512468 -0.20714286 -0.33571429 -0.34818212 -0.78142857 -0.78142857 -0.61285714 -0.61285714 -0.60142857 -0.60142857 -0.60142857 -0.84588977 -0.84857145 -1.1871429 -1.1871429 -1.1871429 -0.89143983 -0.89142857 -0.89142857 -0.45142857 -0.45142857 -0.45142857
0.11400053 0.29714286 0.49142857 0.11142857 -0.38714286 -0.58 -0.69714286 -0.87142857 -1.0057143 -0.7334463 -0.60428571 -0.71714286 -0.71714286 -0.68714286 -0.68714248 -0.63242396 -0.63142857 -0.63142857 -0.57522078 -0.15571432 -0.33857143 -0.33857143 -0.49571429 -0.35981588 0.094318868 0.09 -0.32 -0.30285714 -0.27303147 -0.27285714 -0.55 -0.15142857 -0.2269766 -0.74571429 -0.77285714 -0.91571429 -0.87571429 -0.61857143 -0.68568328 -0.60130741 -0.57428571 -0.45 -0.84850142 -0.84857143 -0.85047709 -1.1871429 -1.3828571 -0.89142858 -0.89142857 -0.89142857 -0.89142857 -0.48397837 -0.31
-0.91 -0.91 0.46285714 0.095714286 -0.33428571 -0.65142857 -0.71 -0.79857143 -0.82857143 -0.66428077 -0.86571429 -0.28 -0.68714286 -0.68714286 -0.64714286 -0.64692733 -0.63142857 -0.63139742 -0.48 -0.15571429 -0.15571429 -0.17927243 -0.49571429 -0.26571864 -0.26571429 -0.26571429 -0.32 -0.01 -0.01 -0.27285714 -0.27285714 -0.15171306 -0.30142857 -0.74571429 -0.45857143 -0.91571429 -0.87571429 -0.69 -0.68571429 -0.7602015 -0.45000001 -0.43845505 -0.41857143 -0.84857143 -0.84857143 -1.3828571 -1.3828571 -1.3828571 -0.89142857 -0.89142857 -0.71285714 -0.71285714 -0.71285699
-0.91 -0.91 -0.18857143 -0.64857143 -0.63142857 -0.17285714 -0.44285714 -0.59441332 -0.75428571 -0.62285714 -0.75857143 -0.64285714 -0.28048367 -0.64714286 -0.64714286 -0.64714039 -0.62571429 -0.61806652 -0.48 -0.69428571 -0.69428571 -0.40285714 -0.40285714 -0.26571429 -0.26571429 -0.26571429 -0.01 -0.01 -0.01 -0.66428571 -0.66428571 -0.66428512 -0.56428571 -0.56428571 -0.99857143 -1.0585714 -0.72571429 -1.3128517 -1.0257143 -0.76142857 -0.76142857 -0.59428514 -0.41857143 -0.84857143 -1.0814286 -1.1885714 -0.74561347 -0.74285714 -0.70285714 -0.70285714 -0.71285714 -0.71285714 -0.71285714
-0.91 -0.59859085 -0.38486984 -0.61856655 -0.082857143 -0.65857143 -0.44285714 -0.59428571 -0.75428438 -0.62431321 -0.64285712 -0.64285714 -0.41142857 -0.64714286 -0.64714286 -0.62571429 -0.62571429 -0.62570599 -0.48 -0.69428571 -0.63705507 -0.40285714 -0.40285714 -0.26572017 -0.26571429 -0.27792387 -0.30285714 -0.30285714 -0.30285711 -0.66428571 -0.66428571 -0.68571429 -0.68571429 -0.5642869 -0.99857143 -1.0314286 -0.7179259 -1.3128571 -1.3128571 -0.76142857 -0.59428571 -0.59428571 -0.59428921 -1.0814286 -1.0814286 -1.1885714 -0.74285714 -0.74285714 -0.70285714 -0.70285714 -0.71285714 -0.71285714 -0.71285714
-1.1557143 -0.53711695 -0.56000275 -0.56041649 -0.082860169 -0.65855784 -0.44285715 -0.59242172 -0.74326008 -0.75085376 -0.41142857 -0.41142857 -0.41142857 -0.41142857 -0.64710947 -0.62571429 -0.62571429 -0.62383288 -0.48 -0.69431039 -0.78428571 -0.78428571 -0.78428571 -0.78428571 -0.27451629 -0.30285714 -0.30285714 -0.30285714 -0.30285714 -0.30315569 -0.68571429 -0.68571429 -0.68571429 -0.68571429 -1.0314286 -1.0314286 -1.0314286 -1.2985459 -1.3110332 -1.07 -1.07 -0.5943113 -1.0200021 -1.0814227 -1.0814286 -1.1885714 -0.74285714 -0.74285714 -0.70285714 -0.70285714 -0.71282086 -0.71285714 -0.28413172
-1.1557143 -0.56 -0.56 -0.56 -0.56 -0.56000004 -0.44340924 -0.51452828 -0.71384468 -0.41179454 -0.41142857 -0.41142857 -0.41142857 -0.41142857 -0.41142866 -0.62571429 -0.62571426 -0.61571928 -0.48000302 -0.78428571 -0.78428571 -0.78428571 -0.78428571 -0.78428571 -0.78690873 -0.54659721 -0.61999993 -0.62 -0.62 -0.62 -0.68571429 -0.68571429 -0.68571456 -0.91428571 -0.91428571 -1.0314286 -0.80088025 -0.79428571 -1.0699998 -1.07 -1.07 -1.07 -1.02 -1.02 -1.02 -1.0211731 -0.7983015 -0.79857143 -0.79857143 -0.79857143 -0.79857143 -0.23857153 -0.23857143
-0.94142857 -0.56 -0.56 -0.56 -0.56 -0.56 -0.55999999 -0.46613372 -0.53084836 -0.53 -0.53 -0.53 -0.53 -0.53 -0.53 -0.51461559 -0.62393301 -0.60576113 -0.7842475 -0.78428571 -0.78428571 -0.78428571 -0.78428571 -0.78428547 -0.90571429 -0.90571429 -0.90571388 -0.62 -0.62 -0.62006007 -0.65 -0.65 -0.91428571 -0.91428571 -0.91428571 -0.81350834 -0.79428571 -0.79428571 -0.79428571 -1.07 -1.07 -1.07 -1.02 -1.02 -1.02 -1.02 -0.79857142 -0.79857143 -0.79857143 -0.79857143 -0.79857143 -0.23857143 -0.23857143
-0.94142857 -0.79942705 -0.56 -0.56 -0.56 -0.56 -0.43431039 -0.43428571 -0.43428572 -0.53 -0.53 -0.53 -0.53 -0.53 -0.52653332 -0.51428571 -0.51428571 -0.51428571 -0.57065238 -0.57000022 -0.57 -0.57 -0.57 -0.57 -0.90571429 -0.90571429 -0.90571429 -0.90571429 -0.62 -0.65 -0.65 -0.65 -0.91428569 -0.91428571 -0.91428571 -0.64714286 -0.79409089 -0.79428571 -0.79428571 -1.0699027 -0.87596643 -0.42336701 -1.02 -1.02 -0.57138873 -0.57 -0.57 -0.79748927 -0.14230141 -0.14000006 -0.14000012 0.33134218 -0.23857027
-0.94142857 -0.76070208 -0.65904044 -0.56 -0.56 -0.43435999 -0.43428571 -0.43428571 -0.43428571 -0.43497546 -0.53 -0.53 -0.53 -0.53 -0.51428571 -0.51428571 -0.51428571 -0.51428571 -0.56995023 -0.57 -0.57 -0.57 -0.57 -0.57 -0.90571428 -0.90571429 -0.90571429 -0.90571429 -0.90478416 -0.65 -0.65 -0.65 -0.70714286 -0.91425354 -0.64714286 -0.64714286 -0.64714286 -0.6432593 -0.44502848 -0.42142857 -0.42142857 -0.42142857 -0.66142857 -0.66142857 -0.57 -0.57 -0.57 -0.14000001 -0.14 -0.14 -0.14 0.33142857 0.33142857
-0.75584706 -0.75571429 -0.75571429 -0.75571428 -0.49285714 -0.43428723 -0.43428571 -0.43428571 -0.43428571 -0.43428571 -0.5189682 -0.5299981 -0.53 -0.51428571 -0.51428571 -0.51428571 -0.51428571 -0.51428571 -0.50377312 -0.57 -0.57 -0.57 -0.57 -0.57 -0.74897026 -0.78142924 -0.78142857 -0.78142857 -0.78142857 -0.65 -0.70714286 -0.70714286 -0.70714286 -0.70714286 -0.64714286 -0.64713353 -0.29285714 -0.29285714 -0.41982317 -0.42142857 -0.42142857 -0.42142857 -0.66142857 -0.66142857 -0.58415629 -0.57 -0.57 -0.14 -0.14 -0.14 -0.13494506 0.33142857 0.33142857
-0.75571429 -0.75571429 -0.75571429 -0.63193094 -0.49285714 -0.49285714 -0.43428571 -0.43428571 -0.43428571 -0.43428571 -0.38428571 -0.38428571 -0.38428571 -0.51428571 -0.51428571 -0.51428571 -0.51428571 -0.51418821 -0.27857143 -0.27857143 -0.56999988 -0.57 -0.57236502 -0.66714286 -0.66817172 -0.78142857 -0.78142857 -0.78142857 -0.78142857 -0.70715042 -0.70714286 -0.70714286 -0.70714286 -0.70714286 -0.29285839 -0.29285714 -0.29285714 -0.29285714 -0.2933146 -0.42142857 -0.42142857 -0.42142857 -0.66142857 -0.66142857 -0.66142857 -0.57 -0.57 -0.14000001 -0.14 -0.14 0.33142857 0.33142857 0.33142857
-0.75571429 -0.75571429 -0.75571429 -0.49285714 -0.49285714 -0.49285714 -0.49285705 -0.43428571 -0.43428571 -0.38433733 -0.38428571 -0.38428571 -0.38428571 -0.3843667 -0.036726491 0.075714286 0.075714286 0.075714284 -0.27857143 -0.27857143 -0.27857143 -0.66714286 -0.66714286 -0.66714286 -0.66697198 -0.40152311 -0.78142857 -0.78142857 -0.78142857 -0.44974266 -0.38860276 -0.38857143 -0.38857143 -0.38857143 -0.33094703 -0.38428551 -0.38428571 -0.38428571 -0.38428571 -0.3485814 -0.34857143 -0.34857143 -0.66142857 -0.66142857 -0.41285818 -0.41285707 -0.22 -0.22 0.045714286 0.045714286 0.045714286 0.33142857 0.35426528
-0.7557123 -0.75571429 -0.75571428 -0.49285714 -0.49285714 -0.49285714 -0.49285714 -0.29285718 -0.43372023 -0.38427017 -0.38428571 -0.38428571 -0.38428571 -0.38338307 0.075714286 0.075714286 0.075714286 0.075714184 -0.27857143 -0.27857143 -0.27857143 -0.66714286 -0.66714286 -0.66714286 -0.057142857 -0.057142857 -0.19714286 -0.19714286 -0.19714286 -0.19818716 -0.38857143 -0.38857143 -0.38857143 -0.38857143 -0.38642974 -0.38428571 -0.38428571 -0.38428571 -0.38428571 -0.34857143 -0.34857143 -0.34857143 -0.3505941 -0.41285714 -0.41285714 -0.41285714 -0.22 -0.22 0.045714285 0.045714286 0.045714286 0.3542857 0.35428571
-0.11714286 -0.4211022 -0.79142857 -0.79134195 -0.49285714 -0.29401434 -0.29285714 -0.29285714 -0.31367878 -0.36714286 -0.36714286 -0.36714286 -0.36714286 0.3985465 0.39857143 0.075714534 0.075714286 0.066379378 -0.27857143 -0.27857143 -0.27857143 0.10285714 0.10285714 0.10285714 -0.057142857 -0.057142857 -0.19714286 -0.19714286 -0.19714286 -0.19714283 -0.16428714 -0.16428634 -0.38293434 -0.38833098 -0.36288575 -0.36285714 -0.36285714 -0.36285714 -0.36285714 -0.34857143 -0.34857143 -0.34857143 -0.40931732 -0.41285714 -0.41285714 -0.41285713 -0.22 -0.22 -0.21999044 0.045714286 0.045694674 -0.39285714 0.35428571
-0.28282567 -0.28285723 -0.79142857 -0.79142857 -0.79142857 -0.29285714 -0.29285714 -0.29285714 -0.35 -0.35 -0.36714286 -0.36714286 -0.36714286 0.39857143 0.39857143 0.39857143 0.39857143 0.39849506 -0.27857143 -0.27857143 -0.27857141 0.10285714 0.10285714 0.10285714 -0.057142857 -0.057142857 -0.19714286 -0.19714286 -0.19714286 -0.16465618 -0.16428571 -0.16428571 -0.16428571 -0.16428571 -0.36275916 -0.36285714 -0.36285714 -0.36285714 -0.36285714 -0.2757143 -0.27571429 -0.27571429 -0.27571429 -0.41285639 -0.31428571 -0.31428571 -0.31428571 -0.50857143 -0.50857143 -0.50857143 -0.39285714 -0.39285714 -0.39285714
-0.28285714 -0.28285714 -0.79142857 -0.79142857 -0.79142857 -0.29547772 -0.29285714 -0.35 -0.35 -0.35 -0.36714075 -0.36714286 -0.1476865 0.39857132 0.39857143 0.39857143 0.39857143 0.091428572 0.091428571 0.091428571 -0.03285714 -0.032857042 0.10285648 0.10285714 0.10265384 -0.16428571 -0.16428571 -0.16428579 -0.19713755 -0.0071741736 -0.0071436936 -0.0071702922 -0.16401714 -0.1641501 -0.32738828 -0.362857 -0.36158846 0.015714286 0.015714286 -0.27571429 -0.27571429 -0.27571429 -0.27571429 -0.31428571 -0.31428571 -0.31428571 -0.31428571 -0.50857143 -0.50857143 -0.50857143 -0.39285714 -0.39285714 -0.39285714
-0.28285714 -0.28285714 -0.79142857 -0.79142857 -0.79142857 -0.79142857 -0.31424405 -0.35 -0.35 -0.35 -0.34986112 -0.098571429 -0.098571429 -0.098571429 0.39564165 0.39857143 0.093475296 0.091428571 0.091428571 0.091428571 -0.032857143 -0.032857143 -0.032857143 -0.032857143 -0.16428571 -0.16428571 -0.16428571 -0.16428571 -0.16428571 -0.0071428571 -0.0071428571 -0.0071428571 -0.0071428571 -0.0071428 0.02 0.015714286 0.015714286 0.015714286 0.015714286 0.015713715 -0.11857143 -0.11857143 -0.11857143 -0.24734115 -0.51428571 -0.51428571 -0.51428571 -0.50857143 -0.50857122 -0.29714286 -0.29714286 -0.2286114 -0.22857143
-0.28285714 -0.28285714 -0.60787 -0.79142857 -0.79142857 -0.79142856 -0.22023069 -0.34959031 -0.35 -0.35 -0.098571394 -0.098571429 -0.098571429 -0.098571429 -0.098571429 -0.057793966 0.091428571 0.091428571 0.091428571 0.091428571 -0.032856181 -0.032857143 -0.032857143 -0.032857143 -0.16428571 -0.16428571 -0.16428571 -0.16428571 -0.16428571 0.00024670703 -0.0071428571 -0.0071428571 -0.0071428571 0.02 0.02 0.019996672 0.015714286 0.015714286 0.14997716 0.25428569 -0.11857143 -0.11857143 -0.11857143 -0.24404012 -0.51428571 -0.51428571 -0.51428571 0.19857143 -0.29096631 -0.29714286 -0.29714286 -0.22857143 -0.22857143
-0.084285714 -0.084285714 -0.084285714 -0.61412842 -0.79050174 -0.22 -0.22 -0.22 -0.22 0.064285712 0.064285714 -0.098571417 -0.098571429 -0.098571429 -0.098571429 -0.098559378 0.091428571 0.091428571 0.091428571 0.091428571 0.021377111 -0.032857143 -0.032857143 -0.025529426 0.22882241 -0.16428571 -0.16428571 -0.16428571 0.0028571429 0.0028571429 0.0028571429 0.0028571009 0.02 0.02 0.02 0.02 0.25428571 0.25428571 0.25428571 0.25428571 0.011428571 0.011428571 0.011428571 -0.044284594 -0.044285714 -0.044285714 -0.044285863 0.19857143 0.19857143 -0.29653886 -0.29714286 -0.22856808 -0.22857143
-0.084285714 -0.084285714 -0.084285714 -0.084289792 -0.16 -0.16872499 -0.22 -0.22 -0.22 0.064285714 0.064285714 0.064285714 0.11857142 0.11857143 0.11857143 0.11857142 0.090852856 0.091428571 0.091428571 0.091428571 0.089559244 0.24714209 0.24714286 0.24714286 0.24714286 0.24714285 0.034285713 0.034285714 0.0028571429 0.0028571429 0.0028571429 0.0028571429 0.020000222 0.02 0.02 0.020025017 0.25428571 0.25428571 0.25428571 0.25323288 0.011428571 0.011428571 0.011428571 -0.044283131 -0.044285714 -0.044285714 -0.044285714 0.19857143 0.19857143 0.19857146 0.43571429 0.43571429 0.39142857
