interpolatedSpi/03-06|19_1.tif
NCOLS 53
NROWS 52
XLLCORNER -116.03883
YLLCORNER 28.596182
DX 0.49850594
DY 0.49788537
NODATA_VALUE -9999
-0.032 -0.032 -0.037931621 -0.332 -0.474 -0.468 -0.436 -0.714 -0.85550968 -0.542 -0.338 -0.518 -0.8019725 -0.468 -0.72 -0.72 -0.72 -0.12 -0.542 -0.542 -0.542 -0.5420053 -1.092 -0.45 -0.45 -0.45 -0.6219946 -0.622 -0.622 -0.912 -0.912 -0.912 -0.912 -1.3079999 -1.308 -1.308 -1.308 -1.308 -1.308 -1.308 -0.29293311 -0.28219459 -1.046 -1.046 -1.046 -1.046 -1.0458171 -0.934 -0.934 -0.934 -0.65400058 -0.654 -0.654 
-0.032010397 -0.266 -0.061999541 -0.060075402 -0.33010139 0.082 0.292 -0.47396747 -1.148 -0.848 -0.754 -0.802 -0.802 -0.11717373 -0.46799797 -0.72 -0.12 -0.12 -0.54144977 -0.542 -0.542 -0.542 -0.45821139 -0.45 -0.45 -0.45 -0.52799999 -0.528 -0.912 -0.912 -0.912 -0.912 -0.912 -1.3079999 -1.308 -1.308 -1.308 -1.308 -1.3079999 -1.1381319 -0.31403348 -0.95717756 -1.046 -1.046 -1.046 -1.046 -1.046 -0.934 -0.934 -0.934 -0.91078213 -0.654 -0.654 
0.099984524 0.1 0.336 0.318 -0.222 -0.68 -0.378 -0.206 -0.662 -0.67 -0.564 -0.864 -0.42 -0.454 -0.116 -0.68 -0.12 -0.12 -0.12 -0.45802442 -0.458 -0.458 -0.606 -0.45 -0.45 -0.45 -0.528 -0.528 -0.528 -0.912 -0.912 -0.91200001 -1.0256104 -1.3055931 -1.2974449 -0.18439138 -0.174 -0.174 -0.19160831 -0.314 -0.314 -0.31493604 -1.046 -1.046 -1.046 -1.046 -1.046 -0.934 -0.934 -0.934 -0.934 -0.654 -0.654 
0.272 0.099999952 -0.13606587 0.14 -0.25 -0.354 -0.248 -0.78 -0.372 -0.075357257 -0.598 -0.654 -0.726 -0.454 -0.448 -0.68 -0.4735914 -0.47175337 -0.902 -0.458 -0.458 -0.606 -0.606 -0.606 -0.45 -0.45000039 -0.528 -0.528 -0.528 -0.876 -1.0252403 -1.148 -1.148 -1.1479992 -0.174 -0.174 -0.174 -0.174 -0.314 -0.314 -0.314 -0.31400003 -1.046 -1.046 -1.046 -1.046 -1.046 -0.93400141 -0.934 -0.934 -0.934 -0.65398903 -0.654 
0.272 -0.032000191 -0.136 -0.29529085 -0.25 -0.218 -0.543967 -0.6 -0.65 -0.77800008 -0.80595861 -0.81801289 -0.908 -0.448 -0.448 -0.59996283 -0.472 -0.472 -0.902 -0.902 -0.45800032 -0.606 -0.82 -0.722 -0.466 -0.46604211 -0.528 -0.528 -0.876 -0.876 -1.148 -1.148 -1.148 -1.0985938 -0.174 -0.174 -0.174 -0.314 -0.314 -0.314 -0.314 -0.31401467 -1.046 -1.046 -1.046 -1.046 -1.046 -1.0450031 -0.934 -0.93397238 -0.318 -0.318 -0.318 
-1.304 -0.23 0.37800001 -0.206 0.208 -0.09 -0.462 -0.47966795 -0.774 -0.638 -1.21 -0.91 -0.91 -1.534 -1.534 -0.73594737 -0.736 -0.45 -0.45 -0.90199977 -0.83 -0.83 -0.722 -0.466 -0.466 -0.646 -0.794 -0.794 -0.70601562 -0.876 -1.148 -1.148 -0.886 -0.88600334 -0.9179977 -0.89 -0.89 -0.49219875 -0.314 -0.314 -0.46581042 -0.466 -0.46599945 0.016899736 0.035880417 0.035999712 0.035999963 0.035999589 -0.35368598 -0.318 -0.318 -0.318 -0.318 
-0.51400462 0.014 -0.13248214 -0.156 0.128 -0.48 -0.732 -0.89 -0.982 -0.982 -1.21 -1.02 -1.1059999 -1.534 -0.51800304 -0.518 -0.736 -0.568 -0.638 -0.638 -0.83754024 -0.846 -0.846 -0.69 -0.646 -0.646 -0.794 -0.794 -0.70600816 -0.70615021 -0.55490075 -0.886 -0.886 -0.918 -0.918 -0.85405376 -0.89 -0.89 -1.0019961 -0.46600075 -0.466 -0.466 -0.46599615 0.035999888 0.036 0.036 0.036 0.035999776 -0.34 -0.31800436 -0.318 -0.318 -0.318 
-0.514 -1.096 -0.054 -0.866 -0.5800164 -1.088 -0.9 -0.792 -1.15 -0.628 -0.628 -0.57 -1.106 -1.106 -0.52203423 -0.43603187 -0.428 -0.352 -0.7399999 -0.638 -0.30901484 -0.254 -0.66 -0.618 -0.61799977 -0.6 -0.604 -0.60400007 -0.84550942 -0.84599999 -0.554 -0.49770182 -0.74 -0.918 -0.91594647 -0.824 -0.824 -1.002 -1.002 -0.466 -0.466 -0.466 0.014320611 0.016000001 0.036 0.036 0.036 -0.33998569 -0.34 -0.34 -0.318 -0.318 -0.318 
-1.0134667 -1.096 -0.348 0.128 -0.442 -0.924 -0.646 -0.564 -0.614 -0.39231234 -0.19 -0.324 -0.324 -0.196 -0.19599682 -0.7291583 -0.73 -0.73 -0.4112288 -0.22800014 -0.902 -0.90199999 -0.48 -0.58906496 -0.60181392 -0.6 -0.388 -0.604 -0.70143052 -0.702 -0.43 -0.446 -0.54270235 -0.974 -0.846 -0.872 -0.842 -1.274 -0.60031123 -0.46501797 -0.246 -0.19 0.015976879 0.016 0.016112571 0.036 -0.45399997 -0.34 -0.34 -0.34 -0.34 -0.26172264 0.312 
-0.552 -0.552 -0.55 -0.208 -0.494 -1.068 -0.714 -0.684 -0.054 -0.33599704 -0.078 -0.482 -0.196 -0.196 0.142 0.13004013 -0.73 -0.72982136 0.028 -0.228 -0.228 -0.3148338 -0.48 -0.73199523 -0.732 -0.732 -0.388 -0.206 -0.206 -0.702 -0.702 -0.44636415 -0.638 -0.974 -0.838 -0.872 -0.842 -1.276 -0.6 0.39756611 -0.19 -0.16649028 -0.126 0.016 0.016 -0.454 -0.454 -0.454 -0.34 -0.34 0.134 0.134 0.13400007 
-0.552 -0.552 -0.666 -0.978 -0.552 -0.498 -0.73 -0.72011633 -0.786 -0.762 -0.062 -0.586 -0.48213803 0.142 0.142 0.14201777 0.296 0.2819341 0.028 -0.162 -0.162 0.286 0.286 -0.732 -0.732 -0.732 -0.206 -0.206 -0.206 -0.638 -0.638 -0.638 -0.538 -0.538 -0.944 -0.652 -0.2 -0.5859983 -0.728 0.414 0.414 -0.21199972 -0.126 0.016 -0.042000099 -0.19 -0.21702501 -0.216 0.308 0.308 0.134 0.134 0.134 
-0.552 -0.60132737 -0.79914153 -1.101991 -0.406 -0.472 -0.73 -0.72 -0.78599945 -0.76226589 -0.58600023 -0.586 0.284 0.142 0.142 0.29599999 0.296 0.29598475 0.028 -0.162 -0.074021914 0.286 0.286 -0.73195889 -0.732 -0.59788242 -0.324 -0.324 -0.32399999 -0.638 -0.638 -0.144 -0.144 -0.53800111 -0.944 0.20799951 -0.22982551 -0.586 -0.586 0.41399998 -0.212 -0.212 -0.21199876 -0.042 -0.042 -0.19 -0.216 -0.216 0.308 0.308 0.134 0.134 0.134 
-0.442 -0.27198358 -0.23402739 -0.24028006 -0.40600039 -0.47199844 -0.72999999 -0.7201231 -0.78145193 -0.7853733 0.284 0.284 0.284 0.284 0.14202012 0.296 0.296 0.29253969 0.028 -0.16183157 0.416 0.416 0.416 0.416 -0.71223874 -0.324 -0.324 -0.324 -0.324 -0.32415218 -0.144 -0.144 -0.144 -0.144 0.208 0.208 0.208 -0.54748255 -0.57824912 0.446 0.446 -0.21196461 0.45198309 -0.041952419 -0.042 -0.19 -0.216 -0.216 0.308 0.308 0.13463125 0.134 0.0022030359 
-0.442 -0.234 -0.234 -0.234 -0.234 -0.2340001 -0.72933955 -0.72527693 -0.76931808 0.28284829 0.284 0.284 0.284 0.284 0.28400012 0.296 0.29599996 0.27761703 0.028004988 0.416 0.416 0.416 0.416 0.416 0.40977145 -0.21509826 -0.21200002 -0.212 -0.212 -0.212 -0.14399999 -0.144 -0.14399953 0.244 0.244 0.208 0.52299012 0.532 0.44600005 0.446 0.446 0.446 0.452 0.452 0.452 0.44753226 0.159546 0.162 0.162 0.162 0.162 0.65399989 0.654 
0.584 -0.234 -0.234 -0.234 -0.234 -0.234 -0.23400003 -0.45500996 0.43948541 0.446 0.446 0.446 0.446 0.446 0.446 0.49300935 0.29911833 0.2593019 0.41595131 0.416 0.416 0.416 0.416 0.41600013 0.128 0.128 0.12799952 -0.212 -0.212 -0.21096674 0.304 0.304 0.244 0.244 0.244 0.48586562 0.532 0.532 0.532 0.446 0.446 0.446 0.452 0.452 0.452 0.452 0.16200001 0.162 0.162 0.162 0.162 0.654 0.654 
0.584 0.27946789 -0.234 -0.234 -0.234 -0.234 0.22590972 0.226 0.22600001 0.446 0.446 0.446 0.446 0.446 0.45658914 0.494 0.494 0.494 0.52965283 0.52999988 0.53 0.53 0.53 0.53 0.128 0.128 0.128 0.128 -0.212 0.304 0.304 0.304 0.24400001 0.244 0.244 0.724 0.53225421 0.532 0.532 0.4460222 0.49027726 0.59355766 0.452 0.452 0.57561733 0.576 0.576 0.16280313 0.64829466 0.64999996 0.64999991 0.9019624 0.6540005 
0.584 0.29594992 0.030156031 -0.234 -0.234 0.22572821 0.226 0.226 0.226 0.22758538 0.446 0.446 0.446 0.44600001 0.494 0.494 0.494 0.494 0.52996784 0.53 0.53 0.53 0.53 0.53 0.12800001 0.128 0.128 0.128 0.12864018 0.304 0.304 0.304 0.72999999 0.24406056 0.724 0.724 0.724 0.72391975 0.59007899 0.594 0.594 0.594 0.788 0.788 0.576 0.576 0.576 0.65 0.65 0.65 0.65 0.902 0.902 
0.28832636 0.288 0.288 0.288 0.304 0.22600201 0.226 0.226 0.226 0.226 0.45372215 0.44600133 0.446 0.494 0.494 0.494 0.494 0.494 0.46778312 0.53 0.53 0.53 0.53 0.53 0.52888941 0.83399617 0.834 0.834 0.834 0.30400002 0.72999999 0.73 0.73 0.73 0.724 0.72399984 0.718 0.718 0.59554832 0.594 0.594 0.594 0.788 0.788 0.6088249 0.576 0.576 0.65 0.65 0.65 0.6527021 0.902 0.902 
0.288 0.288 0.288 0.29553464 0.304 0.304 0.226 0.226 0.226 0.226 0.548 0.548 0.548 0.494 0.494 0.494 0.494 0.49397686 0.034 0.034 0.5299998 0.53 0.52527692 0.336 0.34048328 0.834 0.834 0.834 0.834 0.73001059 0.73 0.73 0.73 0.73 0.71800002 0.718 0.718 0.718 0.71757607 0.594 0.594 0.594 0.788 0.788 0.788 0.576 0.576 0.65 0.65 0.65 0.902 0.902 0.902 
0.288 0.288 0.288 0.304 0.304 0.304 0.30399988 0.226 0.226 0.5476676 0.548 0.548 0.548 0.54796635 0.38068086 0.354 0.354 0.354 0.034 0.034 0.034 0.336 0.336 0.336 0.33603978 0.64726935 0.834 0.834 0.834 0.65105939 0.63000984 0.63 0.63 0.63 0.8059127 0.92999952 0.93 0.93 0.93 1.1939179 1.194 1.194 0.788 0.788 1.029999 1.03 0.934 0.934 0.936 0.936 0.936 0.902 0.83206259 
0.28800171 0.288 0.288 0.304 0.304 0.304 0.304 0.48799992 0.22704758 0.54796917 0.548 0.548 0.548 0.54761932 0.354 0.354 0.354 0.35399991 0.034 0.034 0.034 0.336 0.336 0.336 0.478 0.478 0.598 0.598 0.598 0.59817457 0.63 0.63 0.63 0.63 0.77991764 0.93 0.93 0.93 0.93 1.194 1.194 1.194 1.1888399 1.03 1.03 1.03 0.934 0.934 0.936 0.936 0.936 0.832 0.832 
0.84 0.5837873 0.528 0.52793501 0.304 0.48693538 0.488 0.488 0.58565347 0.51400001 0.514 0.514 0.514 0.56199844 0.562 0.35400016 0.354 0.34556847 0.034 0.034 0.034 0.226 0.226 0.226 0.478 0.478 0.598 0.598 0.598 0.59799999 0.58200031 0.58200013 0.62879359 0.62994854 0.95363011 0.954 0.954 0.954 0.954 1.194 1.194 1.194 1.0390302 1.03 1.03 1.0299999 0.934 0.934 0.93400007 0.936 0.93598077 0.506 0.832 
0.76601405 0.76599996 0.528 0.528 0.528 0.488 0.488 0.488 0.756 0.756 0.514 0.514 0.514 0.562 0.562 0.562 0.562 0.56194062 0.034 0.034 0.034000007 0.226 0.226 0.226 0.478 0.478 0.598 0.598 0.598 0.5821804 0.582 0.582 0.582 0.582 0.95381644 0.954 0.954 0.954 0.954 0.98400005 0.984 0.984 0.984 1.0299969 0.632 0.632 0.632 0.646 0.646 0.646 0.506 0.506 0.506 
0.766 0.766 0.528 0.528 0.528 0.48821025 0.488 0.756 0.756 0.756 0.51402979 0.514 0.72481818 0.56200005 0.562 0.562 0.562 0.674 0.674 0.674 0.312 0.31199994 0.22600042 0.226 0.22621304 0.466 0.466 0.46600031 0.59797867 0.78395974 0.78399892 0.78396473 0.58234524 0.58217432 0.88787598 0.95399984 0.95257908 0.53 0.53 0.984 0.984 0.984 0.984 0.632 0.632 0.632 0.632 0.646 0.646 0.646 0.506 0.506 0.506 
0.766 0.766 0.528 0.528 0.528 0.528 0.58830457 0.756 0.756 0.756 0.75600884 0.772 0.772 0.772 0.56323758 0.562 0.67325366 0.674 0.674 0.674 0.312 0.312 0.312 0.312 0.466 0.466 0.466 0.466 0.466 0.784 0.784 0.784 0.784 0.78399991 0.74 0.53 0.53 0.53 0.53 0.52999962 0.338 0.338 0.338 0.39787689 0.522 0.522 0.522 0.646 0.64600011 0.76 0.76 0.98988225 0.99 
0.766 0.766 0.61390129 0.528 0.528 0.52800001 1.0135422 0.75681307 0.756 0.756 0.77200006 0.772 0.772 0.772 0.772 0.7547724 0.674 0.674 0.674 0.674 0.3120028 0.312 0.312 0.312 0.466 0.466 0.466 0.466 0.466 0.48250578 0.784 0.784 0.784 0.74 0.74 0.73983693 0.53 0.53 0.53675334 0.542 0.338 0.338 0.338 0.39761633 0.522 0.522 0.522 0.844 0.76104663 0.76 0.76 0.99 0.99 
1.214 1.214 1.214 0.69999906 0.52911392 1.014 1.014 1.014 1.014 1.056 1.056 0.77200002 0.772 0.772 0.772 0.7719938 0.674 0.674 0.674 0.674 0.46996506 0.312 0.312 0.31644897 0.48128754 0.466 0.466 0.466 0.376 0.376 0.376 0.37600171 0.74 0.74 0.74 0.74 0.542 0.542 0.542 0.542 0.39 0.39 0.39 0.66399449 0.664 0.664 0.66399996 0.844 0.844 0.76010235 0.76 0.98999916 0.99 
1.214 1.214 1.214 1.2140041 1.29 1.2498651 1.014 1.014 1.014 1.056 1.056 1.056 1.036 1.036 1.036 1.036 0.6750478 0.674 0.674 0.674 0.66852007 0.48199953 0.482 0.482 0.482 0.48199999 0.11 0.11 0.376 0.376 0.376 0.376 0.73999988 0.74 0.74 0.73998648 0.542 0.542 0.542 0.54191226 0.39 0.39 0.39 0.66398729 0.664 0.664 0.664 0.844 0.844 0.844 0.824 0.824 0.928 
1.214 1.214 1.214 1.2899998 1.29 1.29 1.0140001 1.014 1.014 1.056 1.056 1.056 1.036 1.036 1.036 1.0519935 1.246 1.246 1.2459985 0.6772308 0.482 0.482 0.482 0.482 0.482 0.48172005 0.11 0.11 0.11 0.376 0.376 0.37593048 0.574 0.574 0.574 0.402 0.402 0.522 0.522 0.522 0.782 0.39012296 0.39000288 0.776 0.776 0.77175533 0.6640006 0.844 0.844 0.824 0.824 0.824 0.928 
1.214 1.214 1.214 1.29 1.29 1.29 1.29 1.014 1.014 1.056 1.056 1.0367997 1.036 1.036 1.036 1.246 1.246 1.246 1.246 1.246 0.482 0.482 0.482 0.482 0.482 0.11000127 0.11 0.11 0.11 0.268 0.268 0.268 0.574 0.574 0.574 0.402 0.402 0.522 0.522 0.782 0.782 0.782 0.776 0.776 0.776 0.776 0.78569339 0.894 0.894 0.894 0.824 0.884 0.884 
1.214 1.214 1.2141058 1.29 1.29 1.29 1.29 1.2423994 1.24 1.2396841 1.056 1.0360168 1.036 1.036 1.0360007 1.246 1.246 1.246 1.246 1.246 1.0881315 0.482 0.482 0.482 0.48198929 0.110018 0.11 0.11 0.11 0.268 0.268 0.268 0.26804519 0.574 0.402 0.402 0.402 0.40200503 0.52201773 0.782 0.782 0.782 0.77600036 0.776 0.776 0.776 0.8939978 0.894 0.894 0.894 0.884 0.884 0.884 
0.972 0.97200042 1.2899488 1.29 1.29 1.29 1.2400106 1.24 1.24 1.24 1.236 1.236 1.236 1.236 1.2459538 1.246 1.246 1.246 1.246 1.1140001 1.114 1.114 0.43000001 0.43 0.43 0.43 0.40237988 0.11 0.39198845 0.392 0.392 0.392 0.392 0.528 0.528 0.528 0.528 0.528 0.788 0.788 0.788 0.788 0.788 0.67615074 0.676 0.676 0.676 0.894 0.894 0.894 0.88400158 0.884 0.884 
0.972 0.972 0.97421043 1.2360001 1.236 1.2360039 1.24 1.24 1.24 1.24 1.236 1.236 1.236 1.236 1.236 1.246 1.246 1.246 1.114 1.114 1.114 1.114 0.43 0.43 0.43 0.43 0.43 0.42993225 0.39197915 0.392 0.392 0.392 0.39199162 0.59035918 0.52806457 0.528 0.528 0.528 0.788 0.788 0.788 0.788 0.788 0.676 0.676 0.676 0.676 0.77794106 0.894 0.99683968 0.998 0.966 0.966 
0.972 0.972 1.2359666 1.236 1.236 1.236 1.237016 1.24 1.24 1.24 1.236 1.236 1.236 1.236 1.236 1.2459884 1.246 1.1140387 1.114 1.114 1.114 1.114 0.68339223 0.43 0.43 0.43 0.43 0.42993492 0.338 0.338 0.338 0.338 0.338 0.638 0.638 0.638 0.638 0.638 0.806 0.806 0.806 0.806 0.806 0.67633695 0.67600007 0.676 0.67602339 0.67886106 0.998 0.998 0.998 0.96600018 0.966 
0.97200016 1.0582844 1.236 1.236 1.236 1.236 1.236 1.2399983 1.24 1.24 1.236 1.236 1.236 1.236 0.81946204 0.81 0.81 1.1139922 1.114 1.114 1.114 1.114 1.1139998 0.43 0.43 0.43 0.43 0.52999982 0.52999991 0.48913773 0.338 0.338 0.338 0.638 0.638 0.638 0.638 0.6379851 0.806 0.806 0.806 0.806 0.80599954 0.814 0.814 0.814 0.814 0.81401484 0.998 0.998 0.998 0.99800001 1.0073814 
1.06 1.06 1.0652649 1.236 1.236 1.236 1.236 1.236 1.2399968 0.63800001 0.638 0.638 0.63941918 0.81000061 0.81 0.81 0.81 0.81 1.1139948 1.0696887 0.682 0.682 0.682 0.61661721 0.40646931 0.28056102 0.17454427 0.53 0.53 0.53 0.53 0.53 0.52433752 0.61624692 0.616 0.616 0.616 0.616 0.8048728 0.80000001 0.8 0.8 0.8 0.82199998 0.814 0.814 0.814 1.132 0.99800215 0.998 0.998 1.008 1.008 
1.06 1.06 0.876 0.876 0.876 1.2358801 1.236 1.236 0.638 0.638 0.638 0.638 0.638 0.80999999 0.81 0.81 0.81 0.81 0.682 0.682 0.682 0.682 0.682 0.13600003 0.136 0.136 0.136 0.53 0.53 0.53 0.53 0.53 0.638 0.638 0.616 0.616 0.616 0.62999762 0.63 0.8 0.8 0.8 0.79999997 0.822 0.822 0.822 1.132 1.132 1.132 0.978 0.978 1.008 1.008 
1.06 1.06 0.876 0.876 0.876 0.876 0.87599772 0.46 0.63783241 0.638 0.638 0.638 0.638 0.80785446 0.81 0.81 0.81 0.81 0.682 0.682 0.682 0.682 0.682 0.136 0.136 0.136 0.136 0.13600161 0.53 0.53 0.53 0.63799434 0.638 0.638 0.638 0.616 0.63 0.63 0.63 0.63447302 0.6111661 0.576 0.576 0.822 0.822 0.822 1.132 1.132 1.132 0.978 0.978 0.978 0.66926208 
0.77 0.77000228 0.876 0.876 0.876 0.876 0.46 0.46 0.46 0.638 0.638 0.638 0.638 0.63805347 0.81 0.81 0.81 0.81 0.6820021 0.682 0.682 0.68199999 0.23217918 0.136 0.136 0.136 0.136 0.37199981 0.372 0.372 0.52830827 0.638 0.638 0.638 0.63799975 0.378 0.63 0.63 0.63 0.63 0.576 0.576 0.576 0.986 0.986 0.986 0.99801305 1.132 1.132 0.978 0.978 0.978 0.63400057 
0.77 0.77 0.876 0.876 0.876 0.46 0.46 0.46 0.46 0.61847871 0.638 0.638 0.638 0.6379991 0.34005409 0.34 0.34 0.34 0.22817789 0.288 0.288 0.288 0.288 0.136 0.136 0.136 0.13601557 0.372 0.372 0.372 0.372 0.63796001 0.49175752 0.378 0.378 0.378 0.62936454 0.46000354 0.46 0.46 0.57615509 0.77399999 0.774 0.986 0.986 0.98600005 0.998 0.998 0.858 0.858 0.858 0.914 0.838 
0.77 0.77 0.376 0.376 0.376 0.46 0.46 0.46 0.46 0.32 0.32 0.32 0.32 0.32140945 0.34 0.34 0.34 0.34 0.226 0.288 0.288 0.288 0.288 -0.174 -0.17399988 0.13599954 0.372 0.372 0.372 0.372 0.37503765 0.378 0.378 0.378 0.378 0.378 0.46 0.46 0.46 0.46 0.774 0.774 0.774 0.96194072 0.962 0.99783818 0.998 0.998 0.85800072 0.858 0.914 0.914 0.838 
0.77 0.376 0.376 0.376 0.376 0.376 0.45877346 0.302 0.302 0.32 0.32 0.32 0.32 0.32000474 0.34 0.34 0.34 0.33484912 0.226 0.226 0.288 0.288 -0.174 -0.174 -0.174 -0.174 0.372 0.372 0.372 0.372 0.378 0.378 0.378 0.378 0.378 0.378 0.46 0.46 0.46 0.46 0.774 0.774 0.774 0.962 0.962 0.96199671 0.904 0.904 1 1 0.914 0.914 0.838 
0.37970015 0.376 0.376 0.376 0.376 0.376 0.302 0.302 0.302 0.31163435 0.32 0.32 0.32 0.32000036 0.34 0.34 0.34 0.226 0.226 0.226 0.2879969 0.28799718 -0.174 -0.174 -0.174 -0.174 0.37196119 0.372 0.372 0.37799862 0.378 0.378 0.378 0.378 0.37818502 0.506 0.506 0.50520389 0.46 0.46 0.77399972 0.774 0.95653386 0.962 0.962 0.90400002 0.904 0.904 1 1 0.754 0.754 0.49 
0.376 0.376 0.376 0.376 0.376 0.376 0.302 0.302 0.302 0.302 0.3339996 0.334 0.334 0.334 0.33999979 0.29384729 0.268 0.268 0.22607743 0.226 0.22600001 -0.17399933 -0.174 -0.174 -0.174 -0.174 -0.17360303 0.372 0.37200021 0.378 0.378 0.378 0.378 0.378 0.506 0.506 0.506 0.506 0.506 0.50600003 0.59 0.59 0.59000001 0.634 0.634 0.634 0.674 0.674 0.448 0.448 0.754 0.75399943 0.49 
0.376 0.376 0.376 0.376 0.376 0.376 0.302 0.302 0.302 0.334 0.334 0.334 0.334 0.334 0.31660256 0.268 0.268 0.268 0.268 0.268 0.26599464 -0.174 -0.174 -0.174 -0.174 -0.15679225 0.37314129 0.37227085 0.37797041 0.378 0.378 0.378 0.378 0.37800028 0.506 0.506 0.506 0.506 0.506 0.5450766 0.59 0.59 0.59 0.634 0.634 0.634 0.674 0.674 0.448 0.448 0.16000001 0.47179591 0.49 
0.376 0.376 0.376 0.376 0.376 0.37599998 0.30200002 0.302 0.30332818 0.334 0.334 0.334 0.334 0.334 0.33083423 0.268 0.268 0.268 0.268 0.268 0.268 0.28988635 0.37399923 0.374 0.374 0.374 0.374 0.374 0.26562344 0.26400135 0.264 0.264 0.264 0.26400017 0.506 0.506 0.506 0.506 0.506 0.58999999 0.59 0.59 0.59 0.59000002 0.63377876 0.496 0.67399998 0.10403394 0.44768982 0.16 0.16 0.15733931 0.032 
0.376 0.376 0.376 0.376 0.376 0.37599527 0.30200399 0.30200194 0.33399996 0.334 0.334 0.334 0.334 0.334 0.33274416 0.268 0.268 0.268 0.268 0.268 0.268 0.374 0.374 0.374 0.374 0.374 0.374 0.374 0.26403037 0.264 0.264 0.264 0.264 0.264 0.33030798 0.506 0.506 0.506 0.506 0.59 0.59 0.59 0.59 0.58997592 0.496 0.496 0.49348046 0.094 0.094 0.16 0.16 0.032 0.032 
0.376 0.376 0.376 0.376 0.376 0.37590131 0.30208874 0.33038901 0.334 0.334 0.334 0.334 0.334 0.334 0.33284456 0.268 0.268 0.268 0.268 0.268 0.28309247 0.374 0.374 0.374 0.374 0.374 0.374 0.374 0.26400044 0.264 0.264 0.264 0.264 0.264 0.264 0.35829144 0.12869202 0.0031473513 -0.01595255 0.56698824 0.58999999 0.59 0.59 0.49600751 0.496 0.49494942 0.31999892 0.094 0.094 0.15202486 0.152 0.152 0.032000051 
0.376 0.376 0.376 0.376 0.37599992 0.37538288 0.30528507 0.3339912 0.334 0.334 0.334 0.334 0.334 0.334 0.3324588 0.268 0.268 0.268 0.268 0.268 0.37399954 0.374 0.374 0.374 0.374 0.374 0.374 0.374 0.26400003 0.264 0.264 0.264 0.264 0.264 0.26399994 -0.026 -0.026 -0.026 -0.025999999 0.232 0.232 0.232 0.232 0.32000051 0.32 0.32 0.32 0.31999935 0.266 0.266 0.152 0.152 -0.028564326 
0.376 0.376 0.376 0.37599999 0.37599793 0.37400554 0.3319321 0.33399958 0.334 0.334 0.334 0.334 0.334 0.334 0.33175955 0.26800003 0.268 0.268 0.268 0.26863797 0.374 0.374 0.374 0.374 0.374 0.374 0.374 0.374 0.26400002 0.264 0.264 0.264 0.264 0.264 -0.025999734 -0.026 -0.026 -0.026 -0.026 0.232 0.232 0.232 0.232 0.25575082 0.32 0.32 0.32 0.2660006 0.266 0.266 -0.108 -0.108 -0.108 
0.376 0.376 0.376 0.37599983 0.37597982 0.36997405 0.33389606 0.3339999 0.334 0.334 0.334 0.334 0.334 0.334 0.33081234 0.26800155 0.268 0.268 0.26800012 0.37185227 0.374 0.374 0.374 0.374 0.374 0.374 0.374 0.374 0.2640001 0.264 0.264 0.264 0.264 -0.017104061 -0.026000029 -0.026 -0.026 -0.026 -0.026 0.232 0.232 0.232 0.232 0.232 0.32 0.32 0.32 0.266 0.266 0.266 -0.108 -0.108 -0.108 
0.376 0.37599999 0.37599993 0.37599802 0.37588729 0.35012786 0.33398368 0.33399994 0.334 0.334 0.334 0.334 0.334 0.33399988 0.32968619 0.2680241 0.268 0.268 0.26854881 0.37399099 0.374 0.374 0.374 0.374 0.374 0.374 0.374 0.37399994 0.26400069 0.264 0.26399973 -0.086241724 -0.12 -0.12 -0.12 -0.026 -0.026 -0.026 -0.026 0.232 0.232 0.232 0.232 0.232 0.31999844 0.32 0.31999997 0.266 0.266 0.2659998 -0.108 -0.108 -0.108 
