interpolatedSpi/03-07|20_3.tif
NCOLS 53
NROWS 52
XLLCORNER -116.03883
YLLCORNER 28.596182
DX 0.49850594
DY 0.49788537
NODATA_VALUE -9999
[rows 0 to 29 of 52, columns 0 to 52 of 53]
0.85166667 0.85166667 0.18981909 -0.105 0.33666667 0.205 0.70833333 0.41166667 -0.056075065 -0.21666667 -0.21666667 -0.05 -0.31325456 0.64333333 -0.083333333 -0.083333333 -0.083333333 0.56833333 0.45333333 0.45333333 0.45333333 0.45332974 0.079999997 -0.22166667 -0.22166667 -0.22166667 0.44500276 0.445 0.445 0.20833333 0.20833333 0.20833333 0.20833333 0.31333331 0.31333333 0.31333333 0.31333333 0.31333333 0.31333333 0.31333334 0.73710154 0.74137554 -0.40166667 -0.40166667 -0.40166667 -0.40166667 -0.401144 -0.081666667 -0.081666667 -0.081666667 0.81999813 0.82 0.82
0.85163764 0.19833333 0.32166738 0.42324269 0.69968317 0.84 0.76166667 0.41205262 0.078333333 -0.01 -0.105 -0.31333333 -0.31333333 0.34433367 0.64332329 -0.083333333 0.56833333 0.56833333 0.45348328 0.45333333 0.45333333 0.45333333 -0.23754552 -0.22166667 -0.22166667 -0.22166667 -0.083333343 -0.083333333 0.20833333 0.20833333 0.20833333 0.20833333 0.20833333 0.31333332 0.31333333 0.31333333 0.31333333 0.31333333 0.31333332 0.23094597 -0.2016277 -0.37739802 -0.40166667 -0.40166667 -0.40166667 -0.40166667 -0.40166667 -0.081666667 -0.081666667 -0.081666667 -0.0068996036 0.82 0.82
1.6066189 1.6066667 0.93666667 1.445 0.57666667 0.48 0.51666667 0.041666667 0.015 -0.115 0.405 -0.69166667 -0.475 -0.10666667 0.34333333 0.11333333 0.56833333 0.56833333 0.56833333 0.29337985 0.29333333 0.29333333 -0.52333333 -0.22166667 -0.22166667 -0.22166667 -0.083333333 -0.083333333 -0.083333333 0.20833333 0.20833333 0.20833329 -0.2481944 0.31195603 0.31109945 0.075532566 0.073333333 0.073333333 0.038745581 -0.20166666 -0.20166667 -0.20192242 -0.40166667 -0.40166667 -0.40166667 -0.40166667 -0.40166667 -0.081666667 -0.081666667 -0.081666667 -0.081666665 0.82 0.82
0.71666667 1.6066665 0.55662429 0.78333333 0.13 0.49333333 0.695 -0.49 0.12166667 0.0078809144 -0.25666667 -0.28833333 -0.25333333 -0.10666667 0.043333333 0.11333333 -0.38449511 -0.38766304 -0.51333333 0.29333333 0.29333333 -1.32 -0.52333333 -0.52333333 -0.22166667 -0.22166598 -0.083333333 -0.083333333 -0.083333333 -0.96333333 -0.84079531 -0.74 -0.74 -0.73999937 0.073333333 0.073333333 0.073333333 0.073333333 -0.20166667 -0.20166667 -0.20166667 -0.20166667 -0.40166667 -0.40166667 -0.40166667 -0.40166667 -0.40166667 -0.081670703 -0.081666667 -0.081666667 -0.081666667 0.81992525 0.82
0.71666667 0.18333402 0.55666667 0.39895667 0.13 0.34 -0.13160818 -0.11166667 -0.24166667 -0.051666678 -0.23903921 -0.32493865 0.10333333 0.043333333 0.043333333 0.082288359 -0.38833333 -0.38833333 -0.51333333 -0.51333333 0.29333008 -1.32 -1.64 -0.61666667 -0.49 -0.49014879 -0.083333333 -0.083333333 -0.96333333 -0.96333333 -0.74 -0.74 -0.74 -0.7730002 0.073333332 0.073333333 0.073333333 -0.20166667 -0.20166667 -0.20166667 -0.20166667 -0.20166538 -0.40166666 -0.40166667 -0.40166667 -0.40166667 -0.40166667 -0.39881827 -0.081666667 -0.081728845 -1.4683333 -1.4683333 -1.4683333
-0.79666667 0.41166667 0.87833333 0.28666667 0.41833333 0.705 0.29166667 0.24002845 0.32833333 -0.23833333 0.13666667 -0.11666667 -0.11666652 -0.22333333 -0.22333333 -0.34169846 -0.34166667 -0.68 -0.68 -0.51333396 -1.6316667 -1.6316667 -0.61666667 -0.49 -0.49 -1.1266667 -1.635 -1.635 -0.30339405 -0.96333333 -0.74 -0.74 -0.915 -0.91494689 -0.40670323 -0.91833333 -0.91833333 -0.42338386 -0.20166667 -0.20166667 -0.18834996 -0.18833333 -0.1883329 -1.444592 -1.463216 -1.4633331 -1.4633333 -1.4633329 -2.5269162 -1.4683333 -1.4683333 -1.4683333 -1.4683333
-0.49333661 0.435 -0.35228227 0.53 1.14 0.26333333 0.27333333 0.275 0.048333333 0.048333333 0.13666667 0.11833333 -0.81333332 -0.22333333 -0.47333258 -0.47333333 -0.34166667 -0.86166667 -1.22 -1.22 -1.5531225 -1.465 -1.465 -1.5383333 -1.1266667 -1.1266667 -1.635 -1.635 -0.30336743 -0.30396099 0.18833545 -0.915 -0.915 -0.40666667 -0.40666667 -1.0390619 -0.91833333 -0.91833333 -1.4666477 -0.18833511 -0.18833333 -0.18833333 -0.18833213 -1.4633299 -1.4633333 -1.4633333 -1.4633333 -1.4633341 -2.7933333 -1.4685959 -1.4683333 -1.4683333 -1.4683333
-0.49333333 -0.76166667 -0.073333333 -0.60333333 -0.94664698 -0.25 -0.068333333 -0.42999998 -0.093333333 -0.31666667 -0.31666667 -0.81166667 -0.81333333 -0.81333333 -0.47566605 -0.81638513 -0.85 -0.58833333 -0.91666698 -1.22 -1.5440062 -1.5 -1.9666667 -1.005 -1.0050036 -1.2816667 -1.7983333 -1.7983333 -0.88628341 -0.88833331 0.19166667 -0.16125157 -0.17166667 -0.40666667 -0.42278115 -1.14 -1.14 -1.4666667 -1.4666667 -0.18833333 -0.18833333 -0.18833333 -0.85061395 -0.85333336 -1.4633333 -1.4633333 -1.4633333 -2.7932827 -2.7933333 -2.7933333 -1.4683333 -1.4683333 -1.4683333
-0.76014951 -0.76166666 -0.82833333 -0.26833333 -0.31833333 -0.53166667 -0.17166667 0.715 0.38 0.51689346 -0.056666667 -0.285 -0.285 -0.64666667 -0.64666416 -1.079359 -1.08 -1.08 -0.63845393 -1.7666667 -2.0183333 -2.0183333 -1.7433333 -1.8786547 -1.253786 -1.2816667 -1.64 -1.7983333 -0.94995872 -0.945 -0.15833333 0.49166667 0.067756899 -1.1616667 -0.97166667 -1.0516667 -0.98333333 -0.67333333 -0.81660048 -0.18741082 0.018333333 -0.50666667 -0.85328775 -0.85333333 -0.85676674 -1.4633333 -1.875 -2.7933333 -2.7933333 -2.7933333 -2.7933333 -1.4531849 -1.4733333
-0.75166667 -0.75166667 -0.64 -0.41 -0.18833333 -0.21 -0.12833333 0.10833333 0.76333333 0.55164279 0.15166667 -0.076666667 -0.64666667 -0.64666667 -0.38 -0.38960082 -1.08 -1.0799635 -0.94833333 -1.7666667 -1.7666667 -1.7990897 -1.7433333 -1.8366649 -1.8366667 -1.8366667 -1.64 -0.695 -0.695 -0.945 -0.945 0.49007035 -0.35 -1.1616667 -0.8 -1.0516667 -0.98333333 -1.5983333 -0.81666667 0.44914696 -0.50666664 -0.53115596 -0.57333333 -0.85333333 -0.85333333 -1.875 -1.875 -1.875 -2.7933333 -2.7933333 -1.3466667 -1.3466667 -1.3466667
-0.75166667 -0.75166667 -1.38 -1.1966667 -0.72333333 -0.385 -0.64333332 0.11489267 -0.26666667 -0.19666667 -0.23166667 -0.48333333 -0.077208904 -0.38 -0.38 -0.38003269 -0.66333333 -0.67829147 -0.94833333 -0.33 -0.33 -0.81666667 -0.81666667 -1.8366667 -1.8366667 -1.8366667 -0.695 -0.695 -0.695 -1.3333333 -1.3333333 -1.3333317 -0.68166667 -0.68166667 -0.89333333 -1.2916667 -0.64166667 -1.2800003 -1.5816667 0.47 0.47 -0.43166713 -0.57333333 -0.85333333 -1.0516668 -1.2416667 -0.75152614 -0.74666667 -1.08 -1.08 -1.3466667 -1.3466667 -1.3466667
-0.75166667 -1.0229565 -1.3017651 -1.3349871 -1.1516667 -1.2016667 -0.64333333 0.115 -0.26666348 -0.19744218 -0.48333296 -0.48333333 -0.22833333 -0.38 -0.38 -0.66333332 -0.66333333 -0.66334955 -0.94833333 -0.33 -0.42557143 -0.81666667 -0.81666667 -1.8366251 -1.8366667 -1.6246425 -1.1916667 -1.1916667 -1.1916666 -1.3333333 -1.3333333 -1.37 -1.37 -0.68166725 -0.89333333 -0.70166671 -0.74990557 -1.28 -1.28 0.46999997 -0.43166667 -0.43166667 -0.43167117 -1.0516667 -1.0516667 -1.2416667 -0.74666667 -0.74666667 -1.08 -1.08 -1.3466667 -1.3466667 -1.3466667
0.023333333 0.099495854 0.22328018 0.21204332 -1.1516667 -1.2016655 -0.64333335 0.10566535 -0.24036593 -0.26483878 -0.22833333 -0.22833333 -0.22833333 -0.22833333 -0.37997852 -0.66333333 -0.66333333 -0.66701314 -0.94833333 -0.33000248 -0.325 -0.325 -0.325 -0.325 -1.8105542 -1.1916667 -1.1916667 -1.1916667 -1.1916667 -1.1917078 -1.37 -1.37 -1.37 -1.37 -0.70166667 -0.70166667 -0.70166667 -1.2521574 -1.2738914 -0.46666667 -0.46666667 -0.43166855 -0.89500536 -1.0516516 -1.0516667 -1.2416667 -0.74666667 -0.74666667 -1.08 -1.08 -1.3456992 -1.3466667 -1.4277247
0.023333333 0.22333333 0.22333333 0.22333333 0.22333333 0.22333273 -0.6447625 -0.28456775 -0.17019801 -0.22837285 -0.22833333 -0.22833333 -0.22833333 -0.22833333 -0.22833334 -0.66333333 -0.66333338 -0.68288239 -0.94832734 -0.325 -0.325 -0.325 -0.325 -0.325 -0.3400991 -1.087534 -1.0416667 -1.0416667 -1.0416667 -1.0416667 -1.37 -1.37 -1.3699997 -1.105 -1.105 -0.70166667 -0.48130321 -0.475 -0.46666667 -0.46666667 -0.46666667 -0.46666667 -0.895 -0.895 -0.895 -0.89741248 -0.92228669 -0.92333333 -0.92333333 -0.92333333 -0.92333334 0.23166634 0.23166667
0.465 0.22333333 0.22333333 0.22333333 0.22333333 0.22333333 0.22333327 -0.38633842 -0.22945346 -0.23 -0.23 -0.23 -0.23 -0.23 -0.23 -0.36884859 -0.65873007 -0.70235926 -0.32507828 -0.325 -0.325 -0.325 -0.325 -0.32500032 -1.0233333 -1.0233333 -1.0233334 -1.0416667 -1.0416667 -1.0421272 -1.2716667 -1.2716667 -1.105 -1.105 -1.105 -0.57591909 -0.475 -0.475 -0.475 -0.46666667 -0.46666667 -0.46666667 -0.895 -0.895 -0.895 -0.895 -0.92333333 -0.92333333 -0.92333333 -0.92333333 -0.92333333 0.23166667 0.23166667
0.465 0.37503025 0.22333333 0.22333333 0.22333333 0.22333333 -0.18825254 -0.18833333 -0.18833333 -0.23 -0.23 -0.23 -0.23 -0.23 -0.26125266 -0.37166667 -0.37166667 -0.37166667 -0.60082389 -0.60166638 -0.60166667 -0.60166667 -0.60166667 -0.60166667 -1.0233333 -1.0233333 -1.0233333 -1.0233333 -1.0416667 -1.2716667 -1.2716667 -1.2716667 -1.105 -1.105 -1.105 -0.355 -0.47484112 -0.475 -0.475 -0.46673507 -0.60328796 -0.92196846 -0.895 -0.895 -0.53112641 -0.53 -0.53 -0.92170085 0.06652875 0.069999913 0.069999812 0.43663555 0.23166708
0.465 0.12277845 0.16766827 0.22333333 0.22333333 -0.1880901 -0.18833333 -0.18833333 -0.18833333 -0.1886336 -0.23 -0.23 -0.23 -0.23000002 -0.37166667 -0.37166667 -0.37166667 -0.37166667 -0.60146121 -0.60166667 -0.60166667 -0.60166667 -0.60166667 -0.60166667 -1.0233333 -1.0233333 -1.0233333 -1.0233333 -1.0242366 -1.2716667 -1.2716667 -1.2716667 -0.66500001 -1.1049131 -0.355 -0.355 -0.355 -0.35867312 -0.89494379 -0.92333333 -0.92333333 -0.92333333 -0.69166667 -0.69166667 -0.53 -0.53 -0.53 0.069999993 0.07 0.07 0.07 0.43666667 0.43666667
0.1138075 0.11333333 0.11333333 0.11333333 -0.033333333 -0.18832934 -0.18833333 -0.18833333 -0.18833333 -0.18833333 -0.18974847 -0.22999307 -0.22999998 -0.37166667 -0.37166667 -0.37166667 -0.37166667 -0.37166667 -0.42736407 -0.60166667 -0.60166667 -0.60166667 -0.60166667 -0.60166667 -0.67956566 -0.48333626 -0.48333333 -0.48333333 -0.48333333 -1.2716666 -0.66500001 -0.665 -0.665 -0.665 -0.355 -0.35500878 -0.68833333 -0.68833333 -0.92039901 -0.92333333 -0.92333333 -0.92333333 -0.69166667 -0.69166667 -0.55503157 -0.53 -0.53 0.07 0.07 0.07 0.07393162 0.43666667 0.43666667
0.11333333 0.11333333 0.11333333 0.044265812 -0.033333333 -0.033333333 -0.18833333 -0.18833333 -0.18833333 -0.18833333 0.30166667 0.30166667 0.30166667 -0.37166667 -0.37166667 -0.37166667 -0.37166667 -0.37167383 -0.96833333 -0.96833333 -0.60166682 -0.60166667 -0.6012609 -0.585 -0.58408474 -0.48333333 -0.48333333 -0.48333333 -0.48333333 -0.6649815 -0.665 -0.665 -0.665 -0.665 -0.68833216 -0.68833333 -0.68833333 -0.68833333 -0.68913762 -0.92333333 -0.92333333 -0.92333333 -0.69166667 -0.69166667 -0.69166667 -0.53 -0.53 0.069999995 0.07 0.070000001 0.43666667 0.43666667 0.43666667
0.11333333 0.11333333 0.11333333 -0.033333333 -0.033333333 -0.033333333 -0.03333357 -0.18833333 -0.18833333 0.30116085 0.30166667 0.30166667 0.30166667 0.30124715 -0.40674164 -0.415 -0.415 -0.415 -0.96833333 -0.96833333 -0.96833333 -0.585 -0.585 -0.585 -0.58492016 -0.38717054 -0.48333333 -0.48333333 -0.48333333 -0.41683489 -0.36502951 -0.365 -0.365 -0.365 -0.52735216 -0.30166754 -0.30166667 -0.30166667 -0.30166667 -0.071783199 -0.071666667 -0.071666667 -0.69166667 -0.69166667 0.37999553 0.37999996 0.265 0.265 0.42166667 0.42166667 0.42166667 0.43666667 0.7597109
0.11333394 0.11333333 0.11333333 -0.033333333 -0.033333333 -0.033333333 -0.033333334 -0.11333336 -0.18803345 0.30172561 0.30166667 0.30166667 0.30166667 0.30026037 -0.415 -0.415 -0.415 -0.41500016 -0.96833333 -0.96833333 -0.96833333 -0.585 -0.585 -0.585 -0.3 -0.3 -0.315 -0.315 -0.315 -0.31527277 -0.365 -0.365 -0.365 -0.365 -0.33335073 -0.30166667 -0.30166667 -0.30166667 -0.30166667 -0.071666667 -0.071666667 -0.071666667 -0.057455505 0.38 0.38 0.38 0.265 0.265 0.42166667 0.42166667 0.42166667 0.75999999 0.76
0.31 0.19907907 -0.49666667 -0.49653225 -0.033333333 -0.11287046 -0.11333333 -0.11333333 -0.029526249 0.36666666 0.36666667 0.36666667 0.36666667 -0.52163775 -0.52166667 -0.41500008 -0.415 -0.42957952 -0.96833333 -0.96833333 -0.96833333 -0.88666667 -0.88666667 -0.88666667 -0.3 -0.3 -0.315 -0.315 -0.315 -0.31499991 -0.19666774 -0.19666714 -0.36076919 -0.36481954 -0.34002758 -0.34 -0.34 -0.34 -0.34 -0.071666667 -0.071666667 -0.071666667 0.35512974 0.38 0.38 0.37999995 0.265 0.265 0.26500564 0.42166667 0.421661 0.295 0.76
-0.086591338 -0.086666738 -0.49666667 -0.49666667 -0.49666667 -0.11333333 -0.11333333 -0.11333333 0.11666667 0.11666667 0.36666667 0.36666667 0.36666667 -0.52166667 -0.52166667 -0.52166667 -0.52166667 -0.52171583 -0.96833333 -0.96833333 -0.96833333 -0.88666667 -0.88666667 -0.88666667 -0.3 -0.3 -0.315 -0.315 -0.315 -0.19800088 -0.19666667 -0.19666667 -0.19666667 -0.19666667 -0.33992927 -0.34 -0.34 -0.34 -0.34 -0.18499997 -0.185 -0.185 -0.185 0.37999792 0.10833333 0.10833333 0.10833333 0.32166667 0.32166667 0.32166667 0.295 0.295 0.295
-0.086666667 -0.086666667 -0.49666667 -0.49666667 -0.49666667 -0.1153482 -0.11333333 0.11666667 0.11666667 0.11666667 0.36663589 0.36666667 -0.15084566 -0.52166661 -0.52166667 -0.52166667 -0.52166667 -0.59166667 -0.59166667 -0.59166667 -0.86333333 -0.86333335 -0.88666655 -0.88666667 -0.88636262 -0.65166667 -0.65166667 -0.65166586 -0.31505441 0.18825661 0.18833128 0.18826612 -0.19600866 -0.19633442 -0.31422168 -0.34000001 -0.34010054 -0.37 -0.37 -0.185 -0.185 -0.185 -0.185 0.10833333 0.10833333 0.10833333 0.10833333 0.32166667 0.32166667 0.32166667 0.295 0.295 0.295
-0.086666667 -0.086666667 -0.49666667 -0.49666667 -0.49666667 -0.49666667 -0.027251052 0.11666667 0.11666667 0.11666667 0.11645492 -0.26666667 -0.26666667 -0.26666667 -0.52016389 -0.52166667 -0.5912002 -0.59166667 -0.59166667 -0.59166667 -0.86333333 -0.86333333 -0.86333333 -0.86333333 -0.65166667 -0.65166667 -0.65166667 -0.65166667 -0.65166667 0.18833333 0.18833333 0.18833333 0.18833333 0.18833329 0.16833333 -0.37 -0.37 -0.37 -0.37 -0.37000072 -0.62666667 -0.62666667 -0.62666667 -0.45907703 -0.11166667 -0.11166667 -0.11166667 0.32166665 0.32166632 -0.04 -0.04 0.34832036 0.34833333
-0.086666667 -0.086666667 -0.34868546 -0.49666667 -0.49666667 -0.49666668 -0.91982412 0.11339441 0.11666667 0.11666667 -0.26666675 -0.26666667 -0.26666667 -0.26666667 -0.26666667 -0.28761654 -0.59166667 -0.59166667 -0.59166667 -0.59166667 -0.86333123 -0.86333333 -0.86333333 -0.86333333 -0.65166667 -0.65166667 -0.65166667 -0.65166667 -0.65166667 -0.24888255 0.18833333 0.18833333 0.18833333 0.16833333 0.16833333 0.1679153 -0.37 -0.37 -0.3071564 -0.25833334 -0.62666667 -0.62666667 -0.62666667 -0.46097626 -0.11166667 -0.11166667 -0.11166667 -0.0033333333 -0.039543137 -0.04 -0.04 0.34833333 0.34833333
-0.745 -0.745 -0.745 -0.55893066 -0.49715148 -0.92166667 -0.92166667 -0.92166667 -0.92166667 -0.65333334 -0.65333333 -0.26666669 -0.26666667 -0.26666667 -0.26666667 -0.26668727 -0.59166667 -0.59166667 -0.59166667 -0.59166667 -0.74478681 -0.86333333 -0.86333333 -0.85024812 -0.3761725 -0.65166667 -0.65166667 -0.65166667 -0.40333333 -0.40333333 -0.40333333 -0.40333085 0.16833333 0.16833333 0.16833333 0.16833333 -0.25833333 -0.25833333 -0.25833333 -0.25833333 -0.61833333 -0.61833333 -0.61833333 -0.045011527 -0.045 -0.045 -0.045000021 -0.0033333333 -0.0033333333 -0.039955324 -0.04 0.34833223 0.34833333
-0.745 -0.745 -0.745 -0.74500431 -0.825 -0.83905692 -0.92166667 -0.92166667 -0.92166667 -0.65333333 -0.65333333 -0.65333333 -0.32666667 -0.32666667 -0.32666667 -0.32666668 -0.59198724 -0.59166667 -0.59166667 -0.59166667 -0.5957588 -0.36333471 -0.36333333 -0.36333333 -0.36333333 -0.36333335 -0.94333333 -0.94333333 -0.40333333 -0.40333333 -0.40333333 -0.40333333 0.16833314 0.16833333 0.16833333 0.16831202 -0.25833333 -0.25833333 -0.25833333 -0.25847225 -0.61833333 -0.61833333 -0.61833333 -0.045026587 -0.045 -0.045 -0.045 -0.0033333333 -0.0033333333 -0.0033333155 0.13 0.13 0.68166667
-0.745 -0.745 -0.745 -0.82499982 -0.825 -0.825 -0.92166663 -0.92166667 -0.92166667 -0.65333333 -0.65333333 -0.65333333 -0.32666667 -0.32666667 -0.32666667 -0.36017687 -0.76666667 -0.76666667 -0.76666621 -0.59265511 -0.36333333 -0.36333333 -0.36333333 -0.36333333 -0.36333333 -0.36376981 -0.94333333 -0.94333333 -0.94333333 -0.40333333 -0.40333333 -0.40328506 -0.093333333 -0.093333333 -0.093333333 -0.25166667 -0.25166667 -0.29 -0.29 -0.29 0.22833333 -0.61806776 -0.61832633 0.32 0.32 0.30616691 -0.044998965 -0.0033333328 -0.003333333 0.13 0.13 0.13 0.68166667
-0.745 -0.745 -0.745 -0.825 -0.825 -0.825 -0.825 -0.92166667 -0.92166667 -0.65333333 -0.65333333 -0.33972862 -0.32666667 -0.32666667 -0.32666667 -0.76666667 -0.76666667 -0.76666667 -0.76666667 -0.76666667 -0.36333333 -0.36333333 -0.36333333 -0.36333333 -0.36333333 -0.94333135 -0.94333333 -0.94333333 -0.94333333 -0.32833333 -0.32833333 -0.32833333 -0.093333333 -0.093333333 -0.093333333 -0.25166667 -0.25166667 -0.29 -0.29 0.22833333 0.22833333 0.22833333 0.32 0.32 0.32 0.32 0.34861465 0.66833333 0.66833333 0.66833333 0.13000002 0.92333333 0.92333333
