interpolatedSpi/03-03|19_3.tif
NCOLS 53
NROWS 52
XLLCORNER -116.03883
YLLCORNER 28.596182
DX 0.49850594
DY 0.49788537
NODATA_VALUE -9999
0.15 0.15 -0.49606838 0.01 -0.56 -0.7 -0.63 -0.74 -1.1458203 -1.09 -0.72 -1.23 -1.2799292 -0.42 -0.62 -0.62 -0.62 0.08 -0.25 -0.25 -0.25 -0.25001435 -1.74 -0.75 -0.75 -0.75 -1.3800016 -1.38 -1.38 -1.77 -1.77 -1.77 -1.77 -2.4899999 -2.49 -2.49 -2.49 -2.49 -2.49 -2.4899999 0.12186821 0.14969672 -1.04 -1.04 -1.04 -1.04 -1.0411923 -1.77 -1.77 -1.77 -2.249999 -2.25 -2.25 
0.1499418 -1.16 -0.52999986 -0.5652843 -0.5103802 -0.27 -2.4939718e-47 -0.55030621 -0.72 -1.33 -0.92 -1.28 -1.28 0.048432799 -0.41999609 -0.62 0.08 0.08 -0.24956972 -0.25 -0.25 -0.25 -0.75684282 -0.75 -0.75 -0.75 -0.35000003 -0.35 -1.77 -1.77 -1.77 -1.77 -1.77 -2.4899999 -2.49 -2.49 -2.49 -2.49 -2.4899998 -2.0154013 0.26991833 -0.88104169 -1.04 -1.04 -1.04 -1.04 -1.04 -1.77 -1.77 -1.77 -1.8098021 -2.25 -2.25 
-0.33998832 -0.34 -0.41 0.13 -0.94 -1.16 -0.62 -1.1 -1.66 -1.25 -0.59 -1.44 -0.62 0.32 0.05 -1.12 0.08 0.08 0.08 -0.17002326 -0.17 -0.17 -0.88 -0.75 -0.75 -0.75 -0.35 -0.35 -0.35 -1.77 -1.77 -1.77 -1.64965 -2.4825069 -2.4590048 0.80948564 0.84 0.84 0.76830902 0.27 0.27 0.26832484 -1.04 -1.04 -1.04 -1.04 -1.04 -1.77 -1.77 -1.77 -1.77 -2.25 -2.25 
0.04 -0.34000017 -1.170144 0.04 -1.09 -1.15 -1.13 -1.49 -1.47 -0.40255294 -1.41 -1.39 -1.4 0.32 -0.46 -1.12 -0.95130066 -0.94927832 -1.16 -0.17 -0.17 -1.09 -0.88 -0.88 -0.75 -0.749998 -0.35 -0.35 -0.35 -1 -1.2853124 -1.52 -1.52 -1.5199982 0.84 0.84 0.84 0.84 0.27 0.27 0.27 0.26999995 -1.04 -1.04 -1.04 -1.04 -1.04 -1.7699908 -1.77 -1.77 -1.77 -2.2499167 -2.25 
0.04 -0.84000061 -1.17 -1.6709287 -1.09 -1.9 -1.9899524 -1.81 -1.42 -1.6499997 -1.4077939 -1.289894 -0.55 -0.46 -0.46 -0.89893389 -0.95 -0.95 -1.16 -1.16 -0.1700019 -1.09 -1.57 -1.4 -1.1 -1.1001378 -0.35 -0.35 -1 -1 -1.52 -1.52 -1.52 -1.4973711 0.84 0.84 0.84 0.27 0.27 0.27 0.27 0.27000965 -1.04 -1.04 -1.04 -1.04 -1.04 -1.0464979 -1.77 -1.7699072 0.3 0.3 0.3 
-1.76 -0.95 0.45999999 -1.33 -1.1 -1.52 -1.52 -1.5571283 -1.65 -1.3 -1.29 -0.72 -0.71999989 -1.7 -1.7 -1.12993 -1.13 -1.27 -1.27 -1.16 -1.66 -1.66 -1.4 -1.1 -1.1 -1.69 -1.65 -1.65 -0.67003037 -1 -1.52 -1.52 -1.4 -1.3999384 -0.81004224 -0.64 -0.64 -0.011529273 0.27 0.27 0.36987528 0.37 0.37000228 0.58087298 0.60981764 0.60999956 0.60999994 0.60999936 -0.91158944 0.3 0.3 0.3 0.3 
-1.8300074 -0.84 -0.81905297 -0.5 0.06 -1.32 -1.43 -1.64 -1.28 -1.28 -1.29 -1.48 -2.0499998 -1.7 -0.84000258 -0.84 -1.13 -0.99 -1.11 -1.11 -1.6741379 -1.69 -1.69 -1.41 -1.69 -1.69 -1.65 -1.65 -0.67001748 -0.67032188 -0.67092467 -1.4 -1.4 -0.81 -0.81 -1.1138368 -0.64 -0.64 -1.1499823 0.36999788 0.37 0.37 0.37001236 0.60999944 0.61 0.61 0.61 0.60999899 -1.09 0.29972454 0.3 0.3 0.3 
-1.83 -2.19 -0.72 -1.3 -1.3299983 -1.23 -1.06 -1.32 -0.94 -0.8 -0.8 -1.31 -2.05 -2.05 -0.84830172 -0.94018327 -0.95 -0.24 -1.1699999 -1.11 -0.068859233 0.05 -1.6 -1.41 -1.4100037 -1.7 -0.57 -0.57000038 -0.96894876 -0.96999999 -0.67 -0.4743756 -0.49 -0.81 -0.81399297 -1.51 -1.51 -1.15 -1.15 0.37 0.37 0.37000002 0.50939015 0.51000001 0.61 0.61 0.61 -1.0899353 -1.09 -1.09 0.3 0.3 0.3 
-2.0200786 -2.19 -1.84 -0.18 -1.02 -1.51 -1.02 -0.29 -0.58 0.073898841 -0.09 -1.1 -1.1 -0.52 -0.51999455 -1.797631 -1.8 -1.8 -0.38196595 -0.69000014 -1.35 -1.35 -1.16 -1.4266032 -1.6707757 -1.7 -1.22 -0.57 -0.82848914 -0.83 -0.47 -0.53 -0.55014593 -1.56 -0.95 -1.19 -0.79 -0.5 -0.40004618 0.37424058 1.32 0.43 0.50991698 0.51 0.51056285 0.61 -0.30999995 -1.09 -1.09 -1.09 -1.09 0.32863671 -0.03 
-1.07 -1.07 -1.78 -1.16 -0.69 -1.13 -0.27 -0.64 0.55 0.24003458 0.33 -0.27 -0.52 -0.52 0.06 0.03448926 -1.8 -1.799606 -0.07 -0.69 -0.69 -0.77503012 -1.16 -1.5599924 -1.56 -1.56 -1.22 -0.040000001 -0.04 -0.83 -0.83 -0.53007586 -0.57 -1.56 -0.75 -1.19 -0.79 -1.83 -0.4 1.3413136 0.43000004 0.27204406 3.1520393e-11 0.51 0.51 -0.31 -0.31 -0.31 -1.09 -1.09 0.53 0.53 0.52999979 
-1.07 -1.07 -2.05 -2.61 -1.37 -0.55 -0.71999999 -0.28025966 -0.59 -0.4 0.3 -0.05 -0.26970749 0.06 0.06 0.059986157 -0.06 -0.060524847 -0.07 -6.7073313e-25 8.8539703e-35 0.21 0.21 -1.56 -1.56 -1.56 -0.04 -0.04 -0.04 -1.92 -1.92 -1.9199978 -1.15 -1.15 -1.81 -1.05 -0.08 -0.43999847 -0.79 1.37 1.37 0.27999908 5.0447059e-16 0.51 0.52999958 -0.03 0.24758821 0.25 0.47 0.47 0.53 0.53 0.53 
-1.07 -1.4933875 -2.288972 -1.919998 -0.63 -1.33 -0.72 -0.28 -0.58999741 -0.40210497 -0.050000455 -0.05 0.35 0.06 0.06 -0.059999996 -0.06 -0.060000569 -0.07 -2.0726073e-18 0.041239728 0.21 0.21 -1.5599283 -1.56 -1.1326646 -0.26 -0.26 -0.25999997 -1.92 -1.92 -0.56 -0.56 -1.1500018 -1.81 0.58999944 -0.10886318 -0.44 -0.44 1.37 0.28 0.28 0.28000176 0.53 0.53 -0.03 0.25 0.25 0.47 0.47 0.53 0.53 0.53 
-1 -0.87759721 -0.77006766 -0.77831702 -0.63000372 -1.3299835 -0.72000002 -0.28541615 -0.56863783 -0.58503859 0.35 0.35 0.35 0.35 0.06004108 -0.06 -0.06 -0.060129116 -0.07 0.00018471511 0.64 0.64 0.64 0.64 -1.5216917 -0.26 -0.26 -0.26 -0.26 -0.26093235 -0.56 -0.56 -0.56 -0.56 0.59 0.59 0.59 -0.39012672 -0.42445318 1.63 1.63 0.28007261 0.96998494 0.53004238 0.53 -0.03 0.25 0.25 0.47 0.47 0.52978233 0.53 0.37276222 
-1 -0.77 -0.77 -0.77 -0.77 -0.77000023 -0.72156138 -0.51184861 -0.51164552 0.34899252 0.35 0.35 0.35 0.35 0.35000042 -0.059999998 -0.060000002 -0.060685932 -0.069997561 0.64 0.64 0.64 0.64 0.64 0.6296204 -0.1435853 -0.13000003 -0.13 -0.13 -0.13 -0.55999998 -0.56 -0.55999882 0.42 0.42 0.59 1.1344274 1.15 1.6299997 1.63 1.63 1.63 0.97 0.97 0.97 0.96304091 0.68707905 0.69 0.69 0.69 0.69 1.1899999 1.19 
-0.1 -0.77 -0.77 -0.77 -0.77 -0.77 -0.77 -0.22933943 0.93236995 0.94 0.94 0.94 0.94 0.94 0.93999999 0.65575496 -0.048733535 -0.061369136 0.63991073 0.64 0.64 0.64 0.64 0.64000006 0.16 0.16 0.15999959 -0.13 -0.13 -0.12813773 0.8 0.8 0.42 0.42 0.42 1.0330622 1.15 1.15 1.15 1.63 1.63 1.63 0.97 0.97 0.97 0.97 0.69 0.69 0.69 0.69 0.69 1.19 1.19 
-0.1 -0.34943339 -0.77 -0.77 -0.77 -0.77 0.73970364 0.74 0.74 0.94 0.94 0.94 0.94 0.94 0.87602397 0.65 0.65 0.65 0.68984769 0.68999995 0.69 0.69 0.69 0.69 0.16 0.16 0.16 0.16 -0.13 0.8 0.8 0.8 0.42000003 0.42 0.42 1.77 1.1508209 1.15 1.15 1.6299339 1.4983649 1.1913151 0.97 0.97 0.58120356 0.58 0.58 0.69004868 0.71989516 0.72 0.71999999 1.6699271 1.190001 
-0.099999997 0.065434989 -0.34492133 -0.77 -0.77 0.73910782 0.74 0.74 0.74 0.74144126 0.94 0.94 0.94 0.93999996 0.65 0.65 0.65 0.65 0.68996427 0.69 0.69 0.69 0.69 0.69 0.16000001 0.16 0.16 0.16 0.1623279 0.8 0.8 0.8 1.36 0.42016001 1.77 1.77 1.77 1.7662164 1.1874754 1.19 1.19 1.19 0.99 0.99 0.58 0.58 0.58 0.72 0.72 0.72 0.72 1.67 1.67 
0.070468254 0.07 0.07 0.070000005 0.6 0.73999639 0.74 0.74 0.74 0.74 0.93394327 0.93999896 0.94 0.65 0.65 0.65 0.65 0.65 0.55086769 0.69 0.69 0.69 0.69 0.69 0.61170336 0.88999604 0.89 0.89 0.89 0.80000003 1.36 1.36 1.36 1.36 1.77 1.769991 1.43 1.43 1.1929968 1.19 1.19 1.19 0.99 0.99 0.64348212 0.58 0.58 0.72 0.72 0.72 0.73018647 1.67 1.67 
0.07 0.07 0.07 0.31958491 0.6 0.6 0.74 0.74 0.74 0.74 0.86 0.86 0.86 0.65 0.65 0.65 0.65 0.64983309 -0.97 -0.97 0.68999933 0.69 0.68050514 0.3 0.30531151 0.89 0.89 0.89 0.89 1.3599521 1.36 1.36 1.36 1.36 1.4300012 1.43 1.43 1.43 1.4291749 1.19 1.19 1.19 0.99 0.99 0.99 0.58 0.58 0.72000001 0.72 0.72 1.67 1.67 1.67 
0.07 0.07 0.07 0.6 0.6 0.6 0.60000021 0.74 0.74 0.85987613 0.86 0.86 0.86 0.85986914 -0.16751664 -0.36 -0.36 -0.36 -0.97 -0.97 -0.97 0.3 0.3 0.3 0.30008124 0.73264271 0.89 0.89 0.89 0.97507898 0.90004524 0.9 0.9 0.9 1.5663276 1.7599993 1.76 1.76 1.76 1.9398974 1.94 1.94 0.99 0.99 1.7299969 1.7299999 1.45 1.45 1.68 1.68 1.68 1.67 1.4801699 
0.07000481 0.07 0.070000019 0.6 0.6 0.6 0.60000001 1.5199998 0.74311874 0.85991839 0.86 0.86 0.86 0.85760602 -0.36 -0.36 -0.36 -0.36000018 -0.97 -0.97 -0.97 0.3 0.3 0.3 0.59 0.59 0.82 0.82 0.82 0.82043643 0.9 0.9 0.9 0.9 1.3297639 1.76 1.76 1.76 1.76 1.94 1.94 1.94 1.9333926 1.73 1.73 1.73 1.45 1.45 1.68 1.68 1.68 1.48 1.48 
1.62 0.89603273 1.01 1.0098811 0.6 1.5146769 1.52 1.52 1.4033988 0.77000001 0.77 0.77 0.77 0.17001953 0.17 -0.35999959 -0.36 -0.3760726 -0.97 -0.97 -0.97 0.45 0.45 0.45 0.59 0.59 0.82 0.82 0.82 0.82000015 1.0199992 1.0199997 0.90301602 0.90012865 1.6191803 1.62 1.62 1.62 1.62 1.94 1.94 1.94 1.7415627 1.73 1.73 1.7299999 1.45 1.45 1.4500083 1.68 1.6799799 1.23 1.48 
0.74016711 0.74000005 1.01 1.01 1.01 1.52 1.52 1.52 1.2 1.2 0.77 0.77 0.77 0.17 0.17 0.17 0.17 0.16987147 -0.97 -0.97 -0.96999995 0.45 0.45 0.45 0.59 0.59 0.82 0.82 0.82 1.017745 1.02 1.02 1.02 1.02 1.6197039 1.62 1.62 1.62 1.62 1.1200002 1.12 1.12 1.12 1.729994 0.95 0.95 0.95 1.23 1.23 1.23 1.23 1.23 1.23 
0.74 0.74 1.01 1.01 1.01 1.5173193 1.52 1.2 1.2 1.2 0.77005293 0.77 0.91708245 0.17000018 0.17 0.17 0.17 0.96 0.96 0.96 0.92999999 0.92999964 0.45000234 0.45 0.45058473 1.37 1.37 1.3699987 0.82008888 1.2799482 1.2799986 1.2799546 1.0204444 1.0202244 1.513306 1.6199997 1.6175536 0.89 0.89 1.12 1.12 1.12 1.12 0.95 0.95 0.95 0.95 1.23 1.23 1.23 1.23 1.23 1.23 
0.74 0.74 1.01 1.01 1.01 1.01 1.4002333 1.2 1.2 1.2 1.1998619 0.95 0.95 0.95 0.17459672 0.17 0.95473564 0.96 0.96 0.96 0.93 0.93 0.93 0.93 1.37 1.37 1.37 1.37 1.37 1.28 1.28 1.28 1.28 1.2800002 1.36 0.89 0.89 0.89 0.89 0.88999895 0.52 0.52 0.52 0.56230573 0.65 0.65 0.65 1.23 1.2300002 1.43 1.43 1.7998613 1.8 
0.74 0.74 0.91254896 1.01 1.01 1.01 1.5194322 1.2010085 1.2 1.2 0.95000013 0.95 0.95 0.95 0.95 0.8860674 0.96 0.96 0.96 0.96 0.93000023 0.93 0.93 0.93 1.37 1.37 1.37 1.37 1.37 0.83662615 1.28 1.28 1.28 1.36 1.36 1.359635 0.89 0.89 0.9293945 0.95999999 0.52 0.52 0.52 0.56509302 0.65 0.65 0.65 1.74 1.4338626 1.43 1.43 1.8 1.8 
1.71 1.71 1.71 1.1855092 1.0106773 1.52 1.52 1.52 1.52 1.55 1.55 0.95000004 0.95 0.95 0.95 0.95000067 0.96 0.96 0.96 0.96 0.94309103 0.93 0.93 0.95433849 1.8381808 1.37 1.37 1.37 0.68 0.68 0.68 0.68000252 1.36 1.36 1.36 1.36 0.96 0.96 0.96 0.96 1.19 1.19 1.19 1.589992 1.59 1.59 1.5899997 1.74 1.74 1.4303777 1.43 1.799998 1.8 
1.71 1.71 1.71 1.7099871 1.47 1.4772708 1.52 1.52 1.52 1.55 1.55 1.55 1.87 1.87 1.87 1.87 0.96157537 0.96 0.96 0.96 0.95959586 1.8599974 1.86 1.86 1.86 1.86 0.60000001 0.6 0.68 0.68 0.68 0.68 1.3599997 1.36 1.36 1.3599707 0.96 0.96 0.96 0.96035095 1.19 1.19 1.19 1.5899815 1.59 1.59 1.59 1.74 1.74 1.74 1.41 1.41 1.58 
1.71 1.71 1.71 1.4700006 1.47 1.47 1.52 1.52 1.52 1.55 1.55 1.55 1.87 1.87 1.87 1.866192 1.82 1.82 1.8199978 0.96485751 1.86 1.86 1.86 1.86 1.86 1.8590518 0.6 0.6 0.6 0.68 0.68 0.67989058 1 1 1 0.53 0.53 1.04 1.04 1.04 0.97 1.189931 1.1900023 1.5 1.5 1.5034109 1.59 1.74 1.74 1.41 1.41 1.41 1.58 
1.71 1.71 1.71 1.47 1.47 1.47 1.47 1.52 1.52 1.55 1.55 1.8572046 1.87 1.87 1.87 1.82 1.82 1.82 1.82 1.82 1.86 1.86 1.86 1.86 1.86 0.6000043 0.6 0.6 0.6 0.51 0.51 0.51 1 1 1 0.53 0.53 1.04 1.04 0.97 0.97 0.97 1.5 1.5 1.5 1.5 1.4967141 1.46 1.46 1.46 1.41 1.59 1.59 
1.71 1.71 1.7096658 1.47 1.47 1.47 1.47 1.5747213 1.58 1.5799485 1.55 1.87 1.87 1.87 1.8699998 1.82 1.82 1.82 1.82 1.82 2.2915406 1.86 1.86 1.86 1.8599135 0.60004726 0.6 0.6 0.6 0.51 0.51 0.51 0.51007343 1 0.53 0.53 0.53 0.5300208 1.0399952 0.97 0.97 0.97 1.4999678 1.5 1.5 1.5 1.4599943 1.46 1.46 1.46 1.59 1.59 1.59 
1.41 1.4100005 1.4701241 1.47 1.47 1.47 1.5799766 1.58 1.58 1.58 1.87 1.87 1.87 1.87 1.8202308 1.82 1.82 1.82 1.82 2.3099997 2.31 2.31 1.4400001 1.44 1.44 1.44 1.3674972 0.6 0.83999017 0.84 0.84 0.84 0.84 0.28 0.28 0.28 0.28 0.28 0.6 0.6 0.6 0.6 0.6 0.89091953 0.89 0.89 0.89 1.46 1.46 1.46 1.5899795 1.59 1.59 
1.41 1.41 1.4126792 1.7299995 1.7299999 1.7298536 1.58 1.58 1.58 1.58 1.87 1.87 1.87 1.87 1.87 1.82 1.82 1.82 2.3099999 2.31 2.31 2.31 1.44 1.44 1.44 1.44 1.44 1.4398217 0.84002317 0.84 0.84 0.84 0.84000931 0.27433098 0.27999413 0.28 0.28 0.28 0.6 0.6 0.6 0.6 0.6 0.89 0.89 0.89 0.89 1.1565431 1.46 1.3710041 1.37 1.49 1.49 
1.41 1.41 1.7299595 1.73 1.73 1.73 1.6919006 1.58 1.58 1.58 1.87 1.87 1.87 1.87 1.87 1.8200344 1.82 2.3098563 2.31 2.31 2.31 2.31 1.7622971 1.44 1.44 1.44 1.44 1.4396174 0.9 0.9 0.9 0.9 0.9 0.27 0.27 0.27 0.27 0.27 0.39 0.39 0.39 0.39 0.39 0.89012208 0.89000003 0.89 0.89000848 0.89108894 1.37 1.37 1.37 1.4899993 1.49 
1.4100002 1.5276605 1.73 1.73 1.73 1.73 1.73 1.5800639 1.58 1.58 1.87 1.87 1.87 1.87 1.4299951 1.42 1.42 2.3099771 2.31 2.31 2.31 2.31 2.3099998 1.44 1.44 1.44 1.44 0.54000037 0.54000017 0.61661675 0.9 0.9 0.9 0.27 0.27 0.27 0.27 0.26995259 0.39 0.39 0.39 0.39 0.39002605 0.94 0.94 0.94 0.94 0.94003468 1.37 1.37 1.37 1.3700001 1.5589691 
1.53 1.53 1.5506635 1.73 1.73 1.73 1.73 1.73 1.5800631 1.22 1.22 1.22 1.2215426 1.4200006 1.42 1.42 1.42 1.42 2.309991 2.2330706 1.56 1.56 1.56 1.5246723 1.3511596 0.87579162 0.47479436 0.54 0.54 0.54 0.54 0.54 0.54877979 0.19977554 0.2 0.2 0.2 0.2 0.45387008 0.72999939 0.73 0.73 0.73 0.89000015 0.93999999 0.94 0.94 1.16 1.3699966 1.37 1.37 1.56 1.56 
1.53 1.53 1.42 1.42 1.42 1.7298967 1.73 1.73 1.22 1.22 1.22 1.22 1.22 1.42 1.42 1.42 1.42 1.42 1.56 1.56 1.56 1.56 1.56 0.33000006 0.33 0.33 0.33 0.54 0.54 0.54 0.54 0.54 0.18 0.18 0.2 0.2 0.2 0.43995913 0.44 0.73 0.73 0.73 0.72999996 0.89 0.89 0.89 1.16 1.16 1.16 1.7 1.7 1.56 1.56 
1.53 1.53 1.42 1.42 1.42 1.42 1.419998 1.05 1.2198399 1.22 1.22 1.22 1.22 1.4175052 1.42 1.42 1.42 1.42 1.56 1.56 1.56 1.56 1.56 0.33 0.33 0.33 0.33 0.33000082 0.54 0.54 0.54 0.18001887 0.18 0.18 0.18 0.2 0.44 0.44 0.44 0.44763044 0.5108178 0.47 0.47 0.89 0.89 0.89 1.16 1.16 1.16 1.7 1.7 1.7 1.614343 
1.2 1.2000026 1.42 1.42 1.42 1.42 1.05 1.05 1.05 1.22 1.22 1.22 1.22 1.2200622 1.42 1.42 1.42 1.42 1.5599969 1.56 1.56 1.56 0.54664809 0.33 0.33 0.33 0.33 2.6965244e-07 2.2583922e-19 5.9506732e-09 0.5341909 0.18 0.18 0.18 0.17999975 -0.079999996 0.44 0.44 0.44 0.44 0.47 0.47 0.47 0.66 0.66 0.66 0.99001656 1.16 1.16 1.7 1.7 1.7 1.6199994 
1.2 1.2 1.42 1.42 1.42 1.05 1.05 1.05 1.05 1.2013574 1.22 1.22 1.22 1.2199975 0.41011623 0.41 0.41 0.41 -0.091041516 -0.13 -0.13 -0.13 -0.13 0.33 0.33 0.33 0.32997823 1.7134007e-32 1.0981648e-55 -1.8169876e-36 -1.3896683e-11 0.17990167 0.033757521 -0.08 -0.08 -0.08 0.43887835 0.14000625 0.14 0.14 0.46964752 0.020000014 0.02 0.66 0.66 0.6600014 0.99 0.99 1.17 1.17 1.17 1.42 1.41 
1.2 1.2 0.86 0.86 0.86 1.05 1.05 1.05 1.05 0.96 0.96 0.96 0.96 0.92124021 0.41 0.41 0.41 0.41 -0.09 -0.13 -0.13 -0.13 -0.13 -0.55 -0.54999965 0.3299987 1.6301608e-16 2.1552642e-59 -4.3640637e-139 -2.4989144e-39 -0.27845138 -0.55 -0.13592355 -0.08 -0.08 -0.08 0.14 0.14 0.14 0.14 0.02 0.02 0.02 0.56982657 0.57 0.98811213 0.99 0.99 1.1699997 1.17 1.42 1.42 1.41 
1.2 0.86 0.86 0.86 0.86 0.86 1.0493013 0.96 0.96 0.96 0.96 0.96 0.96 0.95986974 0.41 0.41 0.41 0.38740841 -0.09 -0.09 -0.13 -0.13 -0.55 -0.55 -0.55 -0.55 -8.6389834e-17 -7.2264071e-50 -2.267159e-52 -1.1978753e-18 -0.55 -0.55 -0.55 -0.080475601 -0.08 -0.08 0.14 0.14 0.14 0.14 0.02 0.02 0.02 0.57 0.57 0.57000227 0.61 0.61 1.12 1.12 1.42 1.42 1.41 
0.86319302 0.86 0.86 0.86 0.86 0.86 0.96 0.96 0.96 0.96 0.96 0.96 0.96 0.95999818 0.41 0.41 0.41 -0.09 -0.09 -0.09 -0.129998 -0.13000257 -0.55 -0.55 -0.55 -0.55 -3.9094464e-05 -1.3796854e-27 -2.1673522e-20 -0.54987351 -0.55 -0.55 -0.55 -0.55 -0.081883121 -0.6 -0.6 -0.58719301 0.14 0.14 0.020000106 0.02 0.55400864 0.57 0.57 0.60999999 0.61 0.61 1.12 1.12 0.77 0.77 0.4 
0.86 0.86 0.86 0.86 0.86 0.86 0.96 0.96 0.96 0.96 0.99999885 1 1 1 0.40999845 -0.083577621 -0.36 -0.36 -0.090497743 -0.09 -0.090000008 -0.54999939 -0.55 -0.55 -0.55 -0.55 -0.54960012 -5.053577e-14 -1.8798127e-05 -0.55 -0.55 -0.55 -0.55 -0.55 -0.6 -0.6 -0.6 -0.6 -0.6 -0.59999676 -0.35 -0.35 -0.34999994 -0.18 -0.18 -0.18 0.59 0.59 0.42 0.42 0.77 0.76999919 0.4 
0.86 0.86 0.86 0.86 0.86 0.86 0.96 0.96 0.96 1 1 1 1 1 0.64150726 -0.36 -0.36 -0.36 -0.36 -0.36 -0.34710839 -0.55 -0.55 -0.55 -0.55 -0.54497584 -0.39025072 -0.053106859 -0.54728769 -0.55 -0.55 -0.55 -0.55 -0.55000011 -0.6 -0.6 -0.6 -0.6 -0.6 -0.48370058 -0.35 -0.35 -0.35 -0.18 -0.18 -0.18 0.59 0.59 0.42 0.42 -0.63999998 0.34262937 0.4 
0.86 0.86 0.86 0.86 0.86 0.86000003 0.95999998 0.96 0.96166022 1 1 1 1 1 0.93476603 -0.36 -0.36 -0.36 -0.36 -0.36 -0.36 -0.41436715 -0.39000022 -0.39 -0.39 -0.39 -0.39 -0.39 -0.87295082 -0.87999609 -0.87999999 -0.88 -0.88 -0.8799998 -0.6 -0.6 -0.6 -0.6 -0.6 -0.35000003 -0.35 -0.35 -0.35 -0.34999992 -0.1800481 -0.21 0.58999992 -0.71699113 0.4189836 -0.64 -0.64 -0.6443652 -0.85 
0.86 0.86 0.86 0.86 0.86 0.86000639 0.95999461 0.96000242 0.99999995 1 1 1 1 1 0.97412209 -0.36 -0.36 -0.36 -0.36 -0.36 -0.36 -0.39 -0.39 -0.39 -0.39 -0.39 -0.39 -0.39 -0.87986474 -0.88 -0.88 -0.88 -0.88 -0.88 -0.80328003 -0.6 -0.6 -0.6 -0.6 -0.35 -0.35 -0.35 -0.35 -0.34996414 -0.21 -0.21 -0.21332178 -0.74 -0.74 -0.64 -0.64 -0.85 -0.85 
0.86 0.86 0.86 0.86 0.86 0.86013336 0.95988242 0.99548626 1 1 1 1 1 1 0.97619086 -0.36 -0.36 -0.36 -0.36 -0.36 -0.36427145 -0.39 -0.39 -0.39 -0.39 -0.39 -0.39 -0.39 -0.87999803 -0.88 -0.88 -0.88 -0.88 -0.88 -0.88 -0.64165291 -0.70638383 -0.74178176 -0.74715709 -0.34871443 -0.35 -0.35 -0.35 -0.21001118 -0.21 -0.2144172 -0.949999 -0.74 -0.74 -1.1300109 -1.13 -1.13 -0.85000012 
0.86 0.86 0.86 0.86 0.8600001 0.86083398 0.96275769 0.999989 1 1 1 1 1 1 0.9682419 -0.36 -0.36 -0.36 -0.36 -0.36 -0.38999987 -0.39 -0.39 -0.39 -0.39 -0.39 -0.39 -0.39 -0.87999987 -0.88 -0.88 -0.88 -0.88 -0.88 -0.87999997 -0.75 -0.75 -0.75 -0.75 -0.33 -0.33 -0.33 -0.33 -0.94999786 -0.95 -0.95 -0.95 -0.95000245 -1.18 -1.18 -1.13 -1.13 -0.93595564 
0.86 0.86 0.86 0.86000001 0.86000279 0.86273302 0.99708366 0.99999948 1 1 1 1 1 1 0.95383321 -0.35999944 -0.36 -0.36 -0.36 -0.36018056 -0.39 -0.39 -0.39 -0.39 -0.39 -0.39 -0.39 -0.39 -0.87999989 -0.88 -0.88 -0.88 -0.88 -0.88 -0.75000012 -0.75 -0.75 -0.75 -0.75 -0.33 -0.33 -0.33 -0.33 -0.49733533 -0.95 -0.95 -0.95 -1.1799974 -1.18 -1.18 -0.85 -0.85 -0.85 
0.86 0.86 0.86 0.86000023 0.86002747 0.87204675 0.99983077 0.99999987 1 1 1 1 1 0.99999991 0.93431497 -0.35996802 -0.36 -0.36 -0.36000003 -0.38939215 -0.39 -0.39 -0.39 -0.39 -0.39 -0.39 -0.39 -0.39 -0.87999954 -0.88 -0.88 -0.88 -0.88 -0.80679579 -0.75000001 -0.75 -0.75 -0.75 -0.75 -0.33 -0.33 -0.33 -0.33 -0.33 -0.95 -0.95 -0.95 -1.18 -1.18 -1.18 -0.85 -0.85 -0.85 
0.86 0.86000001 0.86000009 0.86000269 0.86017498 0.93966889 0.99996791 0.99999992 1 1 1 1 1 0.99999745 0.91110937 -0.35950331 -0.35999997 -0.36 -0.36015532 -0.38999745 -0.39 -0.39 -0.39 -0.39 -0.39 -0.39 -0.39 -0.39000029 -0.87999693 -0.88 -0.87999993 -0.78879122 -0.78 -0.78 -0.78 -0.75 -0.75 -0.75 -0.75 -0.33 -0.33 -0.33 -0.33 -0.33 -0.94998901 -0.95 -0.95000011 -1.18 -1.18 -1.1799998 -0.85 -0.85 -0.85 
