interpolatedSpi/03-08|23_1.tif
NCOLS 53
NROWS 52
XLLCORNER -116.03883
YLLCORNER 28.596182
DX 0.49850594
DY 0.49788537
NODATA_VALUE -9999
[rows 0 to 28 of 52, columns 0 to 52 of 53]
0.06 0.06 0.076339032 -0.14 0.19666667 0.23833333 0.14666667 0.32 -0.42915265 -0.32166667 -0.265 -0.31 -0.62665075 -0.43333333 -0.41666667 -0.41666667 -0.41666667 -0.44666667 -0.265 -0.265 -0.265 -0.26499881 -0.14166667 -0.475 -0.475 -0.475 -0.55500074 -0.555 -0.555 -0.95 -0.95 -0.95 -0.95 -1.2299999 -1.23 -1.23 -1.23 -1.23 -1.23 -1.23 0.094071525 0.10812478 -0.71 -0.71 -0.71 -0.71 -0.70945011 -0.37333333 -0.37333333 -0.37333333 -0.02333406 -0.023333333 -0.023333333
0.059980302 -0.38333333 0.046666467 0.035974454 0.043253437 -0.15333333 -0.18666667 -0.2147847 -0.32333333 -0.47166667 -0.44833333 -0.62666667 -0.62666667 -0.45326664 -0.43333343 -0.41666667 -0.44666667 -0.44666667 -0.26523687 -0.265 -0.265 -0.265 -0.49482664 -0.475 -0.475 -0.475 -0.27000001 -0.27 -0.95 -0.95 -0.95 -0.95 -0.95 -1.23 -1.23 -1.23 -1.23 -1.23 -1.23 -1.0998296 -0.40673489 -0.6731933 -0.71 -0.71 -0.71 -0.71 -0.71 -0.37333333 -0.37333333 -0.37333333 -0.344311 -0.023333333 -0.023333333
0.25665344 0.25666667 -0.12666667 -0.24833333 -0.295 0.16833333 -0.16 0.20333333 -0.47833333 -0.66 -0.53666667 -0.62166667 -0.795 -0.84333333 -0.45333333 -0.96833333 -0.44666667 -0.44666667 -0.44666667 -0.23167636 -0.23166667 -0.23166667 -0.85166667 -0.475 -0.475 -0.475 -0.27 -0.27 -0.27 -0.95 -0.95 -0.95 -0.90988333 -1.2291131 -1.2273162 -0.9443088 -0.94166667 -0.94166667 -0.87437777 -0.40666667 -0.40666667 -0.40705455 -0.71 -0.71 -0.71 -0.71 -0.71 -0.37333333 -0.37333333 -0.37333333 -0.37333333 -0.023333333 -0.023333333
0.30166667 0.25666656 -0.26844439 -0.32833333 -0.79 -0.46166667 -0.23833333 -0.49 -0.20666667 -0.54781628 -0.70833333 -0.73 -0.805 -0.84333333 -0.81166667 -0.96833333 -0.66732079 -0.66484702 -0.665 -0.23166667 -0.23166667 -0.71333333 -0.85166667 -0.85166667 -0.475 -0.47499898 -0.27 -0.27 -0.27 -0.71333333 -0.79746392 -0.86666667 -0.86666667 -0.86666673 -0.94166667 -0.94166667 -0.94166667 -0.94166667 -0.40666667 -0.40666667 -0.40666667 -0.40666668 -0.71 -0.71 -0.71 -0.71 -0.71 -0.37333758 -0.37333333 -0.37333333 -0.37333333 -0.023377974 -0.023333334
0.30166667 -0.043333746 -0.26833333 -0.67670326 -0.79 -0.86166667 -0.81336413 -1.105 -1.2033333 -0.77666684 -0.80319697 -0.80994199 -0.405 -0.81166667 -0.81166667 -0.91172628 -0.665 -0.665 -0.665 -0.665 -0.23166763 -0.71333333 -0.535 -0.15166667 -0.44666667 -0.44665922 -0.27 -0.27 -0.71333333 -0.71333333 -0.86666667 -0.86666667 -0.86666667 -0.88583824 -0.94166667 -0.94166667 -0.94166667 -0.40666667 -0.40666667 -0.40666667 -0.40666667 -0.40672185 -0.71 -0.71 -0.71 -0.71 -0.71 -0.70700325 -0.37333333 -0.37337892 -1.39 -1.39 -1.39
-0.67333333 -0.425 -0.56499999 -0.605 -0.38166667 -0.88 -1.1516667 -1.145692 -0.93666667 -1.3683333 -1.3733333 -1.0616667 -1.0616662 -1.0266667 -1.0266667 -0.52159906 -0.52166667 -0.74666667 -0.74666667 -0.6649997 -0.705 -0.705 -0.15166667 -0.44666667 -0.44666667 -0.415 -0.92333333 -0.92333333 -0.74833066 -0.71333333 -0.86666667 -0.86666667 -0.96833333 -0.96831383 -0.78168001 -0.68166667 -0.68166667 -0.49174419 -0.40666667 -0.40666667 -0.97762034 -0.97833333 -0.9783325 -0.78858778 -0.78999116 -0.78999998 -0.79 -0.78999997 -1.1917838 -1.39 -1.39 -1.39 -1.39
0.0066669734 -0.27833333 -0.21933063 -0.795 -0.73833333 -1.12 -0.89333333 -1.1283333 -1.2683333 -1.2683333 -1.3733333 -1.215 -0.96499994 -1.0266667 -0.24166902 -0.24166667 -0.52166667 -0.046666667 -0.32166667 -0.32166667 -0.57461671 -0.42833333 -0.42833333 -0.43333333 -0.415 -0.415 -0.92333333 -0.92333333 -0.74835538 -0.74873925 -0.63983903 -0.96833333 -0.96833333 -0.78166667 -0.78166667 -0.77697867 -0.68166667 -0.68166667 -1.0649867 -0.97833345 -0.97833333 -0.97833333 -0.97832837 -0.78999978 -0.79 -0.79 -0.79 -0.79000024 -1.1866667 -1.3899597 -1.39 -1.39 -1.39
0.0066666667 -0.57166667 -0.22833333 -0.96666667 -0.56335646 -1.17 -1.545 -1.335 -1.0866667 -1.1433333 -1.1433333 -0.725 -0.965 -0.965 -0.2466294 -0.38738778 -0.40166667 -0.058333333 -0.37499995 -0.32166667 -0.40543851 -0.38166667 -0.57 -0.031666669 -0.031674255 -0.62 -0.64833333 -0.64833343 -1.1253409 -1.1266667 -0.63833333 -0.78107639 -0.6 -0.78166667 -0.78028814 -0.85666667 -0.85666667 -1.065 -1.065 -0.97833333 -0.97833333 -0.97833333 -0.74879276 -0.75 -0.79 -0.79 -0.79 -1.1866516 -1.1866667 -1.1866667 -1.39 -1.39 -1.39
-0.62577854 -0.57166666 -1.1564823e-17 -0.85333333 -0.62666667 -1.2866667 -0.99166667 -0.62833333 -1.2166667 -0.76079817 -0.38833333 -0.81833333 -0.81833333 -0.43666667 -0.43666745 -0.41828688 -0.41833333 -0.41833333 -0.10667299 -0.73833332 -0.66166667 -0.66166666 -0.925 -0.70989966 -0.56071153 -0.62 -0.56833333 -0.64833333 -0.62844955 -0.62833333 -0.83166667 -0.87333333 -0.70712708 -1.05 -0.73333333 -0.96 -0.90166667 -0.745 -0.6300531 -0.97682309 -0.64 -0.52666667 -0.74992783 -0.75 -0.75022514 -0.79 -0.775 -1.1866667 -1.1866667 -1.1866667 -1.1866667 -1.2698503 0.0033333333
-0.92833333 -0.92833333 0.10166667 -0.14166667 -0.88833333 -0.63833333 -0.70166667 -1.175 -0.73833333 -0.64499959 -0.89333333 -0.32833333 -0.43666667 -0.43666667 -0.52 -0.5186056 -0.41833333 -0.41824402 -0.0066666667 -0.73833333 -0.73833333 -0.72845607 -0.925 -0.53667402 -0.53666667 -0.53666667 -0.56833333 -0.325 -0.325 -0.62833333 -0.62833333 -0.87270745 -0.54333333 -1.05 -0.67 -0.96 -0.90166667 -1.275 -0.63 -0.36765518 -0.52666667 -0.445852 -0.30666667 -0.75 -0.75 -0.775 -0.775 -0.775 -1.1866667 -1.1866667 -0.425 -0.425 -0.42499984
-0.92833333 -0.92833333 -0.37333333 -0.65333333 -0.71 -0.21166667 -1 -0.35933389 -0.29166667 -0.51 -0.29333333 -0.30833333 -0.32830687 -0.52 -0.52 -0.51996308 -0.2 -0.18985296 -0.0066666667 0.043333333 0.043333333 -0.066666667 -0.066666667 -0.53666667 -0.53666667 -0.53666667 -0.325 -0.325 -0.325 -0.775 -0.775 -0.77499962 -0.66833333 -0.66833333 -1.2883333 -0.87666667 -0.66833333 -0.73333776 -0.47833333 -0.36333333 -0.36333333 -0.46333282 -0.30666667 -0.75 -0.21333353 -0.34 -0.26553696 -0.26333333 -0.51333333 -0.51333333 -0.425 -0.425 -0.425
-0.92833333 -0.68874118 -0.49281932 -0.69832349 -0.465 -0.5 -1 -0.35833333 -0.29166722 -0.50758113 -0.3083336 -0.30833333 -0.078333333 -0.52 -0.52 -0.20000001 -0.2 -0.199989 -0.0066666667 0.043333333 0.021731571 -0.066666667 -0.066666667 -0.53664751 -0.53666667 -0.43366787 -0.22333333 -0.22333333 -0.22333335 -0.775 -0.775 -0.30333333 -0.30333333 -0.66833503 -1.2883333 -0.56666701 -0.76214026 -0.73333333 -0.73333333 -0.36333334 -0.46333333 -0.46333333 -0.4633315 -0.21333333 -0.21333333 -0.34 -0.26333333 -0.26333333 -0.51333333 -0.51333333 -0.425 -0.425 -0.425
-0.18833333 -0.31844122 -0.31001247 -0.31280999 -0.46500028 -0.49999917 -0.99999999 -0.36623188 -0.29626068 -0.29736793 -0.078333333 -0.078333333 -0.078333333 -0.078333333 -0.51993743 -0.2 -0.2 -0.19750376 -0.0066666667 0.043372068 0.17833333 0.17833333 0.17833333 0.17833333 -0.52430881 -0.22333333 -0.22333333 -0.22333333 -0.22333333 -0.22357031 -0.30333333 -0.30333333 -0.30333333 -0.30333333 -0.56666667 -0.56666667 -0.56666667 -0.72590385 -0.73104262 -0.42833333 -0.42833333 -0.46333145 -0.49499036 -0.21336046 -0.21333333 -0.34 -0.26333333 -0.26333333 -0.51333333 -0.51333333 -0.42532046 -0.425 -0.72401189
-0.18833333 -0.31 -0.31 -0.31 -0.31 -0.31000008 -0.99872004 -0.69637854 -0.30851713 -0.078568481 -0.078333333 -0.078333333 -0.078333333 -0.078333333 -0.078333091 -0.2 -0.19999997 -0.18673865 -0.00666876 0.17833333 0.17833333 0.17833333 0.17833333 0.17833333 0.18207867 0.011597035 0.08333327 0.083333333 0.083333333 0.083333333 -0.30333332 -0.30333333 -0.30333274 0.19333333 0.19333333 -0.56666667 0.04095316 0.058333333 -0.42833305 -0.42833333 -0.42833333 -0.42833333 -0.495 -0.495 -0.495 -0.49392134 -0.41402913 -0.415 -0.415 -0.415 -0.415 -0.43166667 -0.43166667
-0.38666667 -0.31 -0.31 -0.31 -0.31 -0.31 -0.31000004 -0.49128137 0.26196808 0.265 0.265 0.265 0.265 0.265 0.265 0.439664 -0.18977342 -0.17352605 0.17831001 0.17833333 0.17833333 0.17833333 0.17833333 0.17833345 0.35166667 0.35166667 0.35166629 0.083333333 0.083333333 0.084231095 0.53166667 0.53166667 0.19333333 0.19333333 0.19333333 0.07995903 0.058333333 0.058333333 0.058333333 -0.42833333 -0.42833333 -0.42833333 -0.495 -0.495 -0.495 -0.495 -0.41500001 -0.415 -0.415 -0.415 -0.415 -0.43166667 -0.43166667
-0.38666667 -0.35812454 -0.31 -0.31 -0.31 -0.31 0.40152699 0.40166667 0.40166666 0.265 0.265 0.265 0.265 0.265 0.30434158 0.44333333 0.44333333 0.44333333 0.27636752 0.27666657 0.27666667 0.27666667 0.27666667 0.27666667 0.35166667 0.35166667 0.35166667 0.35166667 0.083333333 0.53166667 0.53166667 0.53166667 0.19333336 0.19333333 0.19333333 0.43 0.058825432 0.058333333 0.058333333 -0.42833488 -0.43182366 -0.43996513 -0.495 -0.495 -0.76084372 -0.76166667 -0.76166667 -0.41539025 -0.65083962 -0.65166665 -0.65166662 -0.37500865 -0.43166655
-0.38666667 0.13072099 -0.079749053 -0.31 -0.31 0.40124618 0.40166667 0.40166667 0.40166667 0.40068181 0.265 0.265 0.265 0.26500002 0.44333333 0.44333333 0.44333333 0.44333333 0.27681555 0.27666667 0.27666667 0.27666667 0.27666667 0.27666667 0.35166666 0.35166667 0.35166667 0.35166667 0.35232139 0.53166667 0.53166667 0.53166667 0.63833333 0.19336815 0.43 0.43 0.43 0.42876315 -0.40842847 -0.44 -0.44 -0.44 -0.80833333 -0.80833333 -0.76166667 -0.76166667 -0.76166667 -0.65166667 -0.65166667 -0.65166667 -0.65166667 -0.375 -0.375
0.14474341 0.145 0.145 0.145 0.58166667 0.40167131 0.40166667 0.40166667 0.40166667 0.40166667 0.26222409 0.26499952 0.265 0.44333333 0.44333333 0.44333333 0.44333333 0.44333333 0.43289791 0.27666667 0.27666667 0.27666667 0.27666667 0.27666667 0.38722053 0.50833248 0.50833333 0.50833333 0.50833333 0.53166667 0.63833333 0.63833333 0.63833333 0.63833333 0.43 0.4299971 0.32 0.32 -0.43051027 -0.44 -0.44 -0.44 -0.80833333 -0.80833333 -0.76889227 -0.76166667 -0.76166667 -0.65166667 -0.65166667 -0.65166667 -0.64870008 -0.375 -0.375
0.145 0.145 0.145 0.35063285 0.58166667 0.58166667 0.40166667 0.40166667 0.40166667 0.40166667 0.22833333 0.22833333 0.22833333 0.44333333 0.44333333 0.44333333 0.44333333 0.4433606 0.485 0.485 0.27666675 0.27666667 0.27715358 0.29666667 0.29857221 0.50833333 0.50833333 0.50833333 0.50833333 0.6383201 0.63833333 0.63833333 0.63833333 0.63833333 0.32000039 0.32 0.32 0.32 0.31730094 -0.44 -0.44 -0.44 -0.80833333 -0.80833333 -0.80833333 -0.76166667 -0.76166667 -0.65166667 -0.65166667 -0.65166667 -0.375 -0.375 -0.375
0.145 0.145 0.145 0.58166667 0.58166667 0.58166667 0.58166639 0.40166667 0.40166667 0.22851226 0.22833333 0.22833333 0.22833333 0.22846729 0.57688803 0.60833333 0.60833333 0.60833333 0.485 0.485 0.485 0.29666667 0.29666667 0.29666667 0.29670168 0.46287456 0.50833333 0.50833333 0.50833333 0.36969646 0.3116988 0.31166667 0.31166667 0.31166667 0.13175175 -0.1333323 -0.13333333 -0.13333333 -0.13333333 -0.41666986 -0.41666667 -0.41666667 -0.80833333 -0.80833333 -0.55666772 -0.55666669 -0.63 -0.63 -0.48833333 -0.48833333 -0.48833333 -0.375 -0.32171435
0.14500074 0.145 0.14500002 0.58166667 0.58166667 0.58166667 0.58166666 0.22333339 0.40095362 0.2284497 0.22833333 0.22833333 0.22833333 0.229079 0.60833333 0.60833333 0.60833333 0.6083333 0.485 0.485 0.485 0.29666667 0.29666667 0.29666667 0.42166667 0.42166667 0.525 0.525 0.525 0.5238362 0.31166667 0.31166667 0.31166667 0.31166667 0.089288813 -0.13333333 -0.13333333 -0.13333333 -0.13333333 -0.41666667 -0.41666667 -0.41666667 -0.4210716 -0.55666667 -0.55666667 -0.55666667 -0.63 -0.63 -0.48833333 -0.48833333 -0.48833333 -0.32166667 -0.32166667
0.385 0.26863684 0.031666667 0.031826231 0.58166667 0.22540664 0.22333333 0.22333333 0.31624988 0.35666667 0.35666667 0.35666667 0.35666667 0.73332107 0.73333333 0.60833343 0.60833333 0.60508368 0.485 0.485 0.485 0.32 0.32 0.32 0.42166667 0.42166667 0.525 0.525 0.525 0.52499978 0.21666727 0.21666693 0.30927898 0.31156482 -0.33259661 -0.33333333 -0.33333333 -0.33333333 -0.33333333 -0.41666667 -0.41666667 -0.41666667 -0.54895774 -0.55666667 -0.55666667 -0.55666668 -0.63 -0.63 -0.6299949 -0.48833333 -0.48834466 -0.74166667 -0.32166667
0.31667964 0.31666662 0.031666667 0.031666667 0.031666667 0.22333333 0.22333333 0.22333333 0.47833333 0.47833333 0.35666667 0.35666667 0.35666667 0.73333333 0.73333333 0.73333333 0.73333333 0.7333053 0.485 0.485 0.48499999 0.32 0.32 0.32 0.42166667 0.42166667 0.525 0.525 0.525 0.22014315 0.21666667 0.21666667 0.21666667 0.21666667 -0.33306194 -0.33333333 -0.33333333 -0.33333333 -0.33333333 -0.28833337 -0.28833333 -0.28833333 -0.28833333 -0.55666745 -0.65833333 -0.65833333 -0.65833333 -0.96166667 -0.96166667 -0.96166667 -0.74166667 -0.74166667 -0.74166667
0.31666667 0.31666667 0.031666667 0.031666667 0.031666667 0.2223259 0.22333333 0.47833333 0.47833333 0.47833333 0.35668164 0.35666667 0.53234848 0.7333333 0.73333333 0.73333333 0.73333333 0.46666667 0.46666667 0.46666667 0.425 0.42499992 0.32000051 0.32 0.32006906 0.38833333 0.38833333 0.38833366 0.52497791 0.058364887 0.058334176 0.058360976 0.21639606 0.21653003 -0.23548057 -0.33333336 -0.33360143 -0.41333333 -0.41333333 -0.28833333 -0.28833333 -0.28833333 -0.28833333 -0.65833333 -0.65833333 -0.65833333 -0.65833333 -0.96166667 -0.96166667 -0.96166667 -0.74166667 -0.74166667 -0.74166667
0.31666667 0.31666667 0.031666667 0.031666667 0.031666667 0.031666667 0.31877238 0.47833333 0.47833333 0.47833333 0.47838489 0.57166667 0.57166667 0.57166667 0.73238059 0.73333333 0.46844367 0.46666667 0.46666667 0.46666667 0.425 0.425 0.425 0.425 0.38833333 0.38833333 0.38833333 0.38833333 0.38833333 0.058333333 0.058333333 0.058333333 0.058333333 0.058331961 -0.59333333 -0.41333333 -0.41333333 -0.41333333 -0.41333333 -0.41333381 -0.58333333 -0.58333333 -0.58333333 -0.59743481 -0.62666667 -0.62666667 -0.62666667 -0.96166666 -0.96166667 -0.96333333 -0.96333333 -0.5600442 -0.56
0.31666667 0.31666667 0.13453165 0.031666667 0.031666667 0.031666676 0.43507689 0.47819677 0.47833333 0.47833333 0.57166665 0.57166667 0.57166667 0.57166667 0.57166667 0.58490234 0.46666667 0.46666667 0.46666667 0.46666667 0.42500032 0.425 0.425 0.425 0.38833333 0.38833333 0.38833333 0.38833333 0.38833333 -0.069752446 0.058333333 0.058333333 0.058333333 -0.59333333 -0.59333333 -0.59319356 -0.41333333 -0.41333333 -0.51275754 -0.58999998 -0.58333333 -0.58333333 -0.58333333 -0.59730745 -0.62666667 -0.62666667 -0.62666667 -0.65166667 -0.95945 -0.96333333 -0.96333333 -0.56 -0.56
0.36166667 0.36166667 0.36166667 0.11440674 0.03209068 0.435 0.435 0.435 0.435 0.48333333 0.48333333 0.57166666 0.57166667 0.57166667 0.57166667 0.57165999 0.46666667 0.46666667 0.46666667 0.46666667 0.44318198 0.425 0.425 0.43398518 0.75141236 0.38833333 0.38833333 0.38833333 -0.115 -0.115 -0.115 -0.11499927 -0.59333333 -0.59333333 -0.59333333 -0.59333333 -0.59 -0.59 -0.59 -0.59 -0.45 -0.45 -0.45 -0.64166281 -0.64166667 -0.64166667 -0.64166666 -0.65166667 -0.65166667 -0.96295358 -0.96333333 -0.55999929 -0.56
0.36166667 0.36166667 0.36166667 0.36166433 0.31833333 0.33529858 0.435 0.435 0.435 0.48333333 0.48333333 0.48333333 -0.031666639 -0.031666667 -0.031666667 -0.031666658 0.46567443 0.46666667 0.46666667 0.46666667 0.4660536 0.76833239 0.76833333 0.76833333 0.76833333 0.76833332 0.24333333 0.24333333 -0.115 -0.115 -0.115 -0.115 -0.59333311 -0.59333333 -0.59333333 -0.59330863 -0.59 -0.59 -0.59 -0.58965636 -0.45 -0.45 -0.45 -0.64165778 -0.64166667 -0.64166667 -0.64166667 -0.65166667 -0.65166667 -0.65166664 -0.41833333 -0.41833333 -0.36833333
0.36166667 0.36166667 0.36166667 0.31833343 0.31833333 0.31833333 0.43499996 0.435 0.435 0.48333333 0.48333333 0.48333333 -0.031666667 -0.031666667 -0.031666667 -0.034966914 -0.075 -0.075 -0.074998601 0.46360719 0.76833333 0.76833333 0.76833333 0.76833333 0.76833333 0.76793824 0.24333333 0.24333333 0.24333333 -0.115 -0.115 -0.11485732 -0.29 -0.29 -0.29 -0.405 -0.405 -0.51166667 -0.51166667 -0.51166667 -0.38 -0.44997804 -0.4500002 -0.47666667 -0.47666667 -0.48291998 -0.64166625 -0.65166667 -0.65166667 -0.41833333 -0.41833333 -0.41833333 -0.36833333
