interpolatedSpi/03-06|22_1.tif
NCOLS 53
NROWS 52
XLLCORNER -116.03883
YLLCORNER 28.596182
DX 0.49850594
DY 0.49788537
NODATA_VALUE -9999
[rows 0 to 38 of 52, columns 0 to 52 of 53]
0.582 0.582 0.23002906 0.12 0.772 0.488 0.552 0.544 0.32471866 0.258 0.384 0.628 0.53000823 0.63 0.56 0.56 0.56 0.59 0.378 0.378 0.378 0.37799511 -0.13 0.212 0.212 0.212 -0.095999321 -0.096 -0.096 0.05 0.05 0.05 0.05 0.66199988 0.662 0.662 0.662 0.662 0.662 0.66199999 0.14160617 0.13600081 0.138 0.138 0.138 0.138 0.137657 -0.072 -0.072 -0.072 1.1419975 1.142 1.142
0.58196223 -0.268 0.12400018 0.19521014 0.22005179 0.618 0.484 0.59381627 0.342 0.322 0.418 0.53 0.53 0.58216005 0.6299988 0.56 0.59 0.59 0.37827642 0.378 0.378 0.378 0.22052721 0.212 0.212 0.212 0.50399998 0.504 0.05 0.05 0.05 0.05 0.05 0.66199991 0.662 0.662 0.662 0.662 0.66200002 0.78626624 1.4459362 0.29671511 0.138 0.138 0.138 0.138 0.138 -0.072 -0.072 -0.072 0.028666042 1.142 1.142
0.4699872 0.47 0.276 0.656 0.16 -0.056 0.198 0.23 -0.106 0.246 0.302 0.224 0.302 0.49 0.582 0.086 0.59 0.59 0.59 0.11007791 0.11 0.11 0.374 0.212 0.212 0.212 0.504 0.504 0.504 0.05 0.05 0.050000022 0.27433243 0.66246347 0.66473651 0.95330594 0.956 0.956 1.0176291 1.446 1.446 1.4443274 0.138 0.138 0.138 0.138 0.138 -0.072 -0.072 -0.072 -0.071999998 1.142 1.142
0.104 0.46999993 0.12402788 1.196 0.006 0.176 0.41 0.018 0.17 0.48427434 0.366 0.094 0.036 0.49 -0.332 0.086 -0.42208271 -0.42528813 -0.266 0.11 0.11 -0.044 0.374 0.374 0.212 0.21200146 0.504 0.504 0.504 0.232 0.38782447 0.516 0.516 0.51600034 0.956 0.956 0.956 0.956 1.446 1.446 1.446 1.446 0.138 0.138 0.138 0.138 0.138 -0.071997351 -0.072 -0.072 -0.072 1.1419786 1.142
0.104 0.7219989 0.124 0.26880708 0.006 0.196 0.51799465 0.488 0.254 0.52999988 0.2410367 0.10398338 -0.012 -0.332 -0.332 -0.060361148 -0.426 -0.426 -0.266 -0.266 0.10999966 -0.044 -0.098 0.244 0.304 0.30401923 0.504 0.504 0.232 0.232 0.516 0.516 0.516 0.50732576 0.956 0.956 0.956 1.446 1.446 1.446 1.446 1.4459805 0.13800002 0.138 0.138 0.138 0.138 0.13613074 -0.072 -0.071974979 0.486 0.486 0.486
-1.49 0.072 0.148 0.462 -0.208 0.392 0.348 0.36592401 0.352 -0.104 -0.31 -0.258 -0.25799984 0.122 0.122 -0.14997248 -0.15 0.008 0.0079999991 -0.26599973 -0.36 -0.36 0.244 0.304 0.304 0.386 0.312 0.312 0.54797088 0.232 0.516 0.516 0.47 0.47005851 1.0299599 1.058 1.058 1.3259633 1.446 1.446 1.2442519 1.244 1.2440009 0.62917363 0.63794474 0.63799987 0.63799998 0.63799981 0.56623846 0.486 0.486 0.486 0.486
-0.44200732 -0.74 -0.4841176 -0.318 -0.09 -0.152 0.048000004 -0.184 -0.16 -0.16 -0.31 0.048 -0.27199994 0.122 -0.035999527 -0.036 -0.15 0.2 0.038 0.038 -0.33172411 -0.3 -0.3 0.266 0.386 0.386 0.312 0.312 0.54798158 0.54766096 0.76634685 0.47 0.47 1.03 1.03 1.1538566 1.058 1.058 1.4199875 1.2440002 1.244 1.244 1.2440039 0.638001 0.638 0.638 0.638 0.63799998 0.602 0.48602299 0.486 0.486 0.486
-0.442 0.222 -0.05 -0.89 -0.74400837 -0.41 -0.548 -0.546 -0.486 -0.29 -0.29 -0.074 -0.272 -0.272 -0.037619179 -0.28919044 -0.314 0.128 -0.3479996 0.038 -0.11024102 -0.052 -0.684 0.085999997 0.08599675 -0.166 0.288 0.28800001 0.23310731 0.23200001 0.768 0.27783838 0.492 1.03 1.0306275 1.234 1.234 1.42 1.42 1.244 1.244 1.244 0.82058078 0.81799999 0.638 0.638 0.638 0.60200137 0.602 0.602 0.486 0.486 0.486
0.055719769 0.222 0.344 -0.448 -0.61 -0.784 -0.45 -0.308 -0.25 -0.068184225 0.14 -0.09 -0.09 0.32 0.31999394 -0.35787737 -0.358 -0.358 0.055337869 -0.52400004 -0.738 -0.73799999 0.246 -0.31750229 -0.14060505 -0.166 0.472 0.288 0.95410663 0.958 0.218 1.088 0.82811319 0.672 1.052 1.036 1.262 0.714 1.4056805 1.2456605 1.616 1.176 0.81802085 0.818 0.81698686 0.638 0.22800002 0.602 0.602 0.602 0.602 0.5161308 0.464
-0.874 -0.874 0.282 -0.37 -0.78 -0.862 -0.808 -0.782 -0.354 -0.022096824 0.032 0.654 0.32 0.32 -0.324 -0.32446633 -0.358 -0.35798748 -0.308 -0.524 -0.524 -0.55157038 0.246 0.68999159 0.69 0.69 0.472 0.306 0.306 0.958 0.958 1.0870213 0.572 0.672 0.86 1.036 1.262 1.164 1.406 0.80391865 1.176 1.0915119 0.946 0.818 0.818 0.228 0.228 0.228 0.602 0.602 0.728 0.728 0.7279999
-0.874 -0.874 0.062 -0.3 -0.73 -0.624 -0.90799999 -0.028421689 -0.312 -0.282 -0.248 -0.438 0.65254573 -0.324 -0.324 -0.32399239 -0.258 -0.26062423 -0.308 -0.176 -0.176 -0.432 -0.432 0.69 0.69 0.69 0.306 0.306 0.306 0.246 0.246 0.24600054 0.686 0.686 0.444 0.438 0.99 0.86600058 1.132 0.794 0.794 0.69600082 0.946 0.818 0.74800008 0.842 0.87719199 0.88 1.16 1.16 0.728 0.728 0.728
-0.874 -0.46989857 -0.092478312 -0.48799104 0.066 -0.976 -0.908 -0.028 -0.31199763 -0.28233236 -0.4379998 -0.438 -0.374 -0.324 -0.324 -0.258 -0.258 -0.25800285 -0.308 -0.176 -0.22627319 -0.432 -0.432 0.68995489 0.69 0.4480624 -0.046 -0.046 -0.045999956 0.246 0.246 -0.028 -0.028 0.68599934 0.444 0.75600003 0.98102001 0.866 0.866 0.794 0.696 0.696 0.69600042 0.748 0.748 0.842 0.88 0.88 1.16 1.16 0.728 0.728 0.728
0.362 0.19384655 0.20998136 0.20494951 0.065994613 -0.9759754 -0.908 -0.038832298 -0.2924295 -0.31121662 -0.374 -0.374 -0.374 -0.374 -0.32400708 -0.258 -0.258 -0.25864558 -0.308 -0.17605523 -0.364 -0.364 -0.364 -0.364 0.67155107 -0.046 -0.046 -0.046 -0.046 -0.045819161 -0.028 -0.028 -0.028 -0.028 0.756 0.756 0.756 0.86077548 0.86373182 0.564 0.564 0.6959929 0.78999856 0.74800405 0.748 0.842 0.88 0.88 1.16 1.16 0.72956725 0.728 1.3009625
0.362 0.21 0.21 0.21 0.21 0.20999951 -0.90817391 -0.49165359 -0.24021722 -0.37393246 -0.374 -0.374 -0.374 -0.374 -0.37399999 -0.258 -0.25800001 -0.26142966 -0.30799948 -0.364 -0.364 -0.364 -0.364 -0.364 -0.35431444 -0.011280846 -0.0080000079 -0.008 -0.008 -0.008 -0.028000001 -0.028 -0.02799982 0.122 0.122 0.756 0.50128577 0.494 0.56399996 0.564 0.564 0.564 0.79 0.79 0.79 0.79036187 0.93364076 0.934 0.934 0.934 0.934 0.99399995 0.994
0.512 0.21 0.21 0.21 0.21 0.21 0.20999993 -0.55400546 -0.36708887 -0.368 -0.368 -0.368 -0.368 -0.368 -0.368 0.19634298 -0.25060925 -0.26484659 -0.36399294 -0.364 -0.364 -0.364 -0.364 -0.3639994 0.084 0.084 0.083999871 -0.008 -0.008 -0.0081882295 -0.102 -0.102 0.122 0.122 0.122 0.43440961 0.494 0.494 0.494 0.564 0.564 0.564 0.79 0.79 0.79 0.79 0.93399999 0.934 0.934 0.934 0.934 0.994 0.994
0.512 0.39956883 0.21 0.21 0.21 0.21 -0.18592228 -0.186 -0.186 -0.368 -0.368 -0.368 -0.368 -0.368 -0.24093037 0.208 0.208 0.208 0.14843503 0.14999948 0.15 0.15 0.15 0.15 0.084 0.084 0.084 0.084 -0.008 -0.102 -0.102 -0.102 0.12199998 0.122 0.122 0.4 0.49387554 0.494 0.494 0.56392988 0.42398811 0.097398749 0.79 0.79 0.32942576 0.328 0.328 0.93256558 0.065047245 0.062000076 0.062000165 0.30410438 0.9939986
0.512 0.10328009 0.15028657 0.21 0.21 -0.18576602 -0.186 -0.186 -0.186 -0.18731154 -0.368 -0.368 -0.368 -0.36799993 0.208 0.208 0.208 0.208 0.15005181 0.15 0.15 0.15 0.15 0.15 0.084000002 0.084 0.084 0.084 0.083323452 -0.102 -0.102 -0.102 -0.052000001 0.12202408 0.4 0.4 0.4 0.39637945 0.12119486 0.096 0.096 0.096 0.096 0.096 0.328 0.328 0.328 0.062000003 0.062 0.062 0.062 0.304 0.304
0.092295142 0.092 0.092 0.091999996 -0.348 -0.18600418 -0.186 -0.186 -0.186 -0.186 -0.31894103 -0.36799156 -0.36799998 0.208 0.208 0.208 0.208 0.208 0.18691345 0.15 0.15 0.15 0.15 0.15 -0.045294051 -0.30999787 -0.31 -0.31 -0.31 -0.102 -0.052000001 -0.052 -0.052 -0.052 0.4 0.39999131 0.07 0.07 0.095675351 0.096 0.096 0.096 0.096 0.096 0.29207841 0.328 0.328 0.062 0.062 0.062 0.064594869 0.304 0.304
0.092 0.092 0.092 -0.11520256 -0.348 -0.348 -0.186 -0.186 -0.186 -0.186 0.28 0.28 0.28 0.208 0.208 0.208 0.208 0.20796662 -0.054 -0.054 0.14999992 0.15 0.14479 -0.064 -0.066214631 -0.31 -0.31 -0.31 -0.31 -0.052026271 -0.052 -0.052 -0.052 -0.052 0.07000116 0.07 0.07 0.07 0.070068792 0.096 0.096 0.096 0.096 0.096 0.096 0.328 0.328 0.062000003 0.062 0.062 0.304 0.304 0.304
0.092 0.092 0.092 -0.348 -0.348 -0.348 -0.34799975 -0.186 -0.186 0.27951895 0.28 0.28 0.28 0.27995514 0.044496673 0.006 0.006 0.0059999997 -0.054 -0.054 -0.054 -0.064 -0.064 -0.064 -0.064047062 -0.2690871 -0.31 -0.31 -0.31 -0.24337351 -0.27997758 -0.28 -0.28 -0.28 -0.094061315 -0.32399911 -0.324 -0.324 -0.324 -0.47192228 -0.472 -0.472 0.096 0.096 -0.2159987 -0.21599992 -0.004 -0.004 0.074 0.074 0.074 0.304 0.012261083
0.0919991 0.092 0.091999984 -0.348 -0.348 -0.348 -0.348 -0.61999987 -0.1877353 0.27909322 0.28 0.28 0.28 0.27946234 0.006 0.006 0.006 0.0059999828 -0.054 -0.054 -0.054 -0.064 -0.064 -0.064 -0.232 -0.232 -0.422 -0.422 -0.422 -0.42122535 -0.28 -0.28 -0.28 -0.28 -0.30198796 -0.324 -0.324 -0.324 -0.324 -0.472 -0.472 -0.472 -0.46394526 -0.216 -0.216 -0.216 -0.004 -0.004 0.074 0.074 0.074 0.012000002 0.012
-0.198 -0.078967577 -0.56 -0.5599385 -0.348 -0.61842622 -0.62 -0.62 -0.62728757 -0.72 -0.72 -0.72 -0.72 -0.074021029 -0.074 0.0059999386 0.006 0.0044190882 -0.054 -0.054 -0.054 -0.416 -0.416 -0.416 -0.232 -0.232 -0.422 -0.422 -0.422 -0.42200008 -0.5319984 -0.53199929 -0.28633364 -0.28027016 -0.57166614 -0.572 -0.572 -0.572 -0.572 -0.472 -0.472 -0.472 -0.23009624 -0.216 -0.216 -0.21600002 -0.004 -0.004 -0.0039971922 0.074 0.073989805 -0.154 0.012
-0.48794493 -0.48800001 -0.56 -0.56 -0.56 -0.62 -0.62 -0.62 -0.64 -0.64 -0.72 -0.72 -0.72 -0.074 -0.074 -0.074 -0.074 -0.073997476 -0.054 -0.054 -0.054000014 -0.416 -0.416 -0.416 -0.232 -0.232 -0.422 -0.422 -0.422 -0.53075974 -0.532 -0.532 -0.532 -0.532 -0.57198026 -0.572 -0.572 -0.572 -0.572 -0.58999997 -0.59 -0.59 -0.59 -0.21600071 -0.308 -0.308 -0.308 -0.078 -0.078 -0.078 -0.154 -0.154 -0.154
-0.488 -0.488 -0.56 -0.56 -0.56 -0.61968463 -0.62 -0.64 -0.64 -0.64 -0.71999015 -0.72 -0.58599155 -0.07400011 -0.074 -0.074 -0.074 -0.326 -0.326 -0.326 -0.576 -0.57599988 -0.41600078 -0.416 -0.41607402 -0.628 -0.628 -0.62799951 -0.42203329 -0.77995058 -0.77999868 -0.7799567 -0.53242386 -0.53221402 -0.56503732 -0.57200018 -0.57352146 -1.026 -1.026 -0.59 -0.59 -0.59 -0.59 -0.308 -0.308 -0.308 -0.308 -0.078 -0.078 -0.078 -0.154 -0.154 -0.154
-0.488 -0.488 -0.56 -0.56 -0.56 -0.56 -0.62748542 -0.64 -0.64 -0.64 -0.6399536 -0.556 -0.556 -0.556 -0.076840537 -0.074 -0.32432073 -0.326 -0.326 -0.326 -0.576 -0.576 -0.576 -0.576 -0.628 -0.628 -0.628 -0.628 -0.628 -0.78 -0.78 -0.78 -0.78 -0.78000006 -0.808 -1.026 -1.026 -1.026 -1.026 -1.025998 -0.466 -0.466 -0.466 -0.36772587 -0.164 -0.164 -0.164 -0.078000002 -0.078000072 -0.152 -0.152 0.089940641 0.09
-0.488 -0.488 -0.53401306 -0.56 -0.56 -0.56 -0.71187223 -0.6402269 -0.64 -0.64 -0.55599999 -0.556 -0.556 -0.556 -0.556 -0.5164578 -0.326 -0.326 -0.326 -0.326 -0.57599807 -0.576 -0.576 -0.576 -0.628 -0.628 -0.628 -0.628 -0.628 -0.89971094 -0.78 -0.78 -0.78 -0.808 -0.808 -0.80816928 -1.026 -1.026 -0.72097404 -0.48400005 -0.466 -0.466 -0.466 -0.36960472 -0.164 -0.164 -0.164 -0.314 -0.1540185 -0.152 -0.152 0.09 0.09
-0.788 -0.788 -0.788 -0.61716587 -0.56019449 -0.712 -0.712 -0.712 -0.712 -0.5 -0.5 -0.556 -0.556 -0.556 -0.556 -0.55598542 -0.326 -0.326 -0.326 -0.326 -0.46690811 -0.576 -0.576 -0.57039953 -0.37384468 -0.628 -0.628 -0.628 -0.942 -0.942 -0.942 -0.94199932 -0.808 -0.808 -0.808 -0.808 -0.484 -0.484 -0.484 -0.484 -0.282 -0.282 -0.282 -0.34199879 -0.342 -0.342 -0.34199994 -0.314 -0.314 -0.15219739 -0.152 0.090000756 0.09
-0.788 -0.788 -0.788 -0.78799483 -0.692 -0.69490833 -0.712 -0.712 -0.712 -0.5 -0.5 -0.5 -0.40000001 -0.4 -0.4 -0.4 -0.32596703 -0.326 -0.326 -0.326 -0.32977921 -0.36200059 -0.362 -0.362 -0.362 -0.36200001 -0.594 -0.594 -0.942 -0.942 -0.942 -0.942 -0.80799996 -0.808 -0.808 -0.80799544 -0.484 -0.484 -0.484 -0.48342094 -0.282 -0.282 -0.282 -0.34199722 -0.342 -0.342 -0.342 -0.314 -0.314 -0.31399993 0.24 0.24 0.156
-0.788 -0.788 -0.788 -0.69200022 -0.692 -0.692 -0.71199999 -0.712 -0.712 -0.5 -0.5 -0.5 -0.4 -0.4 -0.4 -0.39299332 -0.308 -0.308 -0.30800005 -0.32589833 -0.362 -0.362 -0.362 -0.362 -0.362 -0.36217459 -0.594 -0.594 -0.594 -0.942 -0.942 -0.94197554 -0.752 -0.752 -0.752 -0.514 -0.514 -0.352 -0.352 -0.352 -0.102 -0.28194354 -0.28199846 -0.076 -0.076 -0.086081098 -0.34199925 -0.314 -0.314 0.24 0.24 0.24 0.156
-0.788 -0.788 -0.788 -0.692 -0.692 -0.692 -0.692 -0.712 -0.712 -0.5 -0.5 -0.40399856 -0.4 -0.4 -0.4 -0.308 -0.308 -0.308 -0.308 -0.308 -0.362 -0.362 -0.362 -0.362 -0.362 -0.59399921 -0.594 -0.594 -0.594 -0.904 -0.904 -0.904 -0.752 -0.752 -0.752 -0.514 -0.514 -0.352 -0.352 -0.102 -0.102 -0.102 -0.076 -0.076 -0.076 -0.076 -0.044948308 0.302 0.302 0.302 0.24 0.416 0.416
-0.788 -0.788 -0.78786632 -0.692 -0.692 -0.692 -0.692 -0.8614581 -0.87 -0.86936476 -0.5 -0.4000129 -0.4 -0.4 -0.39999968 -0.308 -0.308 -0.308 -0.308 -0.308 0.11749636 -0.362 -0.362 -0.362 -0.36195798 -0.59397547 -0.594 -0.594 -0.594 -0.904 -0.904 -0.904 -0.90397744 -0.752 -0.514 -0.514 -0.514 -0.51399317 -0.35198295 -0.102 -0.102 -0.102 -0.076001578 -0.076 -0.076 -0.076 0.30200075 0.302 0.302 0.302 0.416 0.416 0.416
-1.502 -1.5019988 -0.69207908 -0.692 -0.692 -0.692 -0.86996212 -0.87 -0.87 -0.87 -0.55400001 -0.554 -0.554 -0.554 -0.30913536 -0.308 -0.308 -0.308 -0.308 0.13799973 0.138 0.138 -0.15800003 -0.158 -0.158 -0.158 -0.19563241 -0.594 -0.82799042 -0.828 -0.828 -0.828 -0.828 -0.284 -0.284 -0.284 -0.284 -0.284 0.154 0.154 0.154 0.154 0.154 0.37931261 0.38 0.38 0.38 0.302 0.302 0.302 0.41598204 0.416 0.416
-1.502 -1.502 -1.4962897 -0.81999974 -0.81999997 -0.82004865 -0.87 -0.87 -0.87 -0.87 -0.554 -0.554 -0.554 -0.554 -0.554 -0.308 -0.308 -0.308 0.13799989 0.138 0.138 0.138 -0.158 -0.158 -0.158 -0.158 -0.158 -0.15809292 -0.82789419 -0.828 -0.828 -0.828 -0.82795749 -0.18989433 -0.28390256 -0.284 -0.284 -0.284 0.154 0.154 0.154 0.154 0.154 0.38 0.38 0.38 0.38 0.34352568 0.302 0.32968761 0.33 0.304 0.304
-1.502 -1.502 -0.82008639 -0.82 -0.82 -0.82 -0.83269979 -0.87 -0.87 -0.87 -0.554 -0.554 -0.554 -0.554 -0.554 -0.3081872 -0.308 0.13786924 0.138 0.138 0.138 0.138 -0.048344882 -0.158 -0.158 -0.158 -0.158 -0.15828036 -0.554 -0.554 -0.554 -0.554 -0.554 -0.118 -0.118 -0.118 -0.118 -0.118 0.256 0.256 0.256 0.256 0.256 0.38004395 0.38000001 0.38 0.38000305 0.38035993 0.33 0.33 0.33 0.30400015 0.304
-1.5019986 -0.75485594 -0.81999999 -0.82 -0.82 -0.82 -0.82 -0.86997871 -0.87 -0.87 -0.554 -0.554 -0.554 -0.554 -0.32910861 -0.324 -0.324 0.13798811 0.138 0.138 0.138 0.138 0.13799989 -0.158 -0.158 -0.158 -0.158 -0.28400025 -0.28400012 -0.34146256 -0.554 -0.554 -0.554 -0.118 -0.118 -0.118 -0.118 -0.11796884 0.256 0.256 0.256 0.256 0.25599678 0.398 0.398 0.398 0.398 0.39799452 0.33 0.33 0.33 0.32999989 0.15226802
-0.74 -0.74 -0.74470972 -0.82 -0.82 -0.82 -0.82 -0.82 -0.86997814 -0.646 -0.646 -0.646 -0.64578167 -0.32400033 -0.324 -0.324 -0.324 -0.324 0.1379958 0.10209963 -0.212 -0.212 -0.212 -0.20259308 -0.23819645 -0.66731243 -1.0289015 -0.284 -0.284 -0.284 -0.284 -0.284 -0.29368795 -0.074334475 -0.072 -0.072 -0.072 -0.072 0.24811008 0.21400008 0.214 0.214 0.214 0.34200016 0.39799999 0.398 0.398 0.226 0.32999833 0.33 0.33 0.15 0.15
-0.74 -0.74 -0.672 -0.672 -0.672 -0.8199507 -0.82 -0.82 -0.646 -0.646 -0.646 -0.646 -0.646 -0.32400001 -0.324 -0.324 -0.324 -0.324 -0.212 -0.212 -0.212 -0.212 -0.212 -1.16 -1.16 -1.16 -1.16 -0.284 -0.284 -0.284 -0.284 -0.284 -0.28 -0.28 -0.072000001 -0.072 -0.072 0.13796424 0.138 0.214 0.214 0.214 0.21400005 0.342 0.342 0.342 0.226 0.226 0.226 0.192 0.192 0.15 0.15
-0.74 -0.74 -0.672 -0.672 -0.672 -0.672 -0.67199884 -0.46 -0.64582488 -0.646 -0.646 -0.646 -0.646 -0.32801666 -0.324 -0.324 -0.324 -0.324 -0.212 -0.212 -0.212 -0.212 -0.212 -1.16 -1.16 -1.16 -1.16 -1.1599964 -0.284 -0.284 -0.284 -0.28000021 -0.28 -0.28 -0.28 -0.072 0.138 0.138 0.138 0.1399997 0.48039068 0.53 0.53 0.342 0.342 0.342 0.226 0.226 0.226 0.192 0.192 0.192 0.061239797
-0.642 -0.64200077 -0.672 -0.672 -0.672 -0.672 -0.46 -0.46 -0.46 -0.646 -0.646 -0.646 -0.646 -0.6458999 -0.324 -0.324 -0.324 -0.324 -0.21200203 -0.212 -0.212 -0.212 -0.99299436 -1.16 -1.16 -1.16 -1.16 -0.83600026 -0.836 -0.83599999 -0.28992429 -0.28 -0.28 -0.28 -0.27999981 -0.084000003 0.138 0.138 0.138 0.138 0.53 0.53 0.53 0.51 0.51 0.51 0.43597955 0.226 0.226 0.192 0.192 0.192 0.051999866
