interpolatedSpi/03-05|20_3.tif
NCOLS 53
NROWS 52
XLLCORNER -116.03883
YLLCORNER 28.596182
DX 0.49850594
DY 0.49788537
NODATA_VALUE -9999
[rows 0 to 29 of 52, columns 0 to 52 of 53]
0.52333333 0.52333333 -0.099099711 -0.27333333 -0.066666667 -0.18333333 0.16 -0.16 -0.4387565 -0.66666667 -0.46666667 -0.18 -0.3432735 0.38333333 -0.68666667 -0.68666667 -0.68666667 0.48 0.37333333 0.37333333 0.37333333 0.37332553 -0.43666666 -0.27 -0.27 -0.27 -0.17999406 -0.18 -0.18 0.19666667 0.19666667 0.19666667 0.19666667 0.27999998 0.28 0.28 0.28 0.28 0.28 0.28 0.46467711 0.46624759 -1.18 -1.18 -1.18 -1.18 -1.179265 -0.73 -0.73 -0.73 0.50999742 0.51 0.51
0.52330031 -0.22 -0.03666604 0.047801814 0.43956838 0.47333333 0.41333333 -0.17285169 -0.40333333 -0.13666667 -0.17666667 -0.34333333 -0.34333333 0.14081139 0.38332094 -0.68666667 0.48 0.48 0.37347241 0.37333333 0.37333333 0.37333333 -0.29544126 -0.27 -0.27 -0.27 -0.060000014 -0.06 0.19666667 0.19666667 0.19666667 0.19666667 0.19666667 0.27999999 0.28 0.28 0.28 0.28 0.27999999 0.22721543 -0.049975004 -1.0428833 -1.18 -1.18 -1.18 -1.18 -1.18 -0.73 -0.73 -0.73 -0.62717801 0.51 0.51
1.3566097 1.3566667 0.50666667 1.27 0.086666667 0.076666667 0.23666667 -0.47666667 -0.59333333 -0.40666667 0.36333333 -0.98333333 -0.49666667 -0.21 0.14 -0.38333333 0.48 0.48 0.48 0.2833595 0.28333333 0.28333333 -0.75333333 -0.27 -0.27 -0.27 -0.06 -0.06 -0.06 0.19666667 0.19666667 0.19666661 -0.39545542 0.27857489 0.27857279 0.12807173 0.12666667 0.12666667 0.10444666 -0.049999999 -0.05 -0.051444984 -1.18 -1.18 -1.18 -1.18 -1.18 -0.73 -0.73 -0.73 -0.73 0.51 0.51
0.83666667 1.3566664 0.24661663 0.47333333 -0.16333333 -0.013333333 0.18 -0.85333333 -0.29333333 -0.2044967 -0.61666667 -0.71333333 -0.4 -0.21 -0.21333333 -0.38333333 -0.4230273 -0.42270041 -0.88 0.28333333 0.28333333 -1.7733333 -0.75333333 -0.75333333 -0.27 -0.26999895 -0.06 -0.06 -0.06 -1.09 -1.0589083 -1.0333333 -1.0333333 -1.0333324 0.12666667 0.12666667 0.12666667 0.12666667 -0.05 -0.05 -0.05 -0.050000042 -1.18 -1.18 -1.18 -1.18 -1.18 -0.73000568 -0.73 -0.73 -0.73 0.50991028 0.51
0.83666667 0.20000009 0.24666667 0.090505145 -0.16333333 -0.39333333 -0.62996165 -0.65 -0.25666667 -0.48666664 -0.54034058 -0.56330612 -0.37333333 -0.21333333 -0.21333333 -0.32770848 -0.42333333 -0.42333333 -0.88 -0.88 0.28332921 -1.7733333 -2.2166667 -0.71666667 -0.21666667 -0.21691765 -0.06 -0.06 -1.09 -1.09 -1.0333333 -1.0333333 -1.0333333 -1.0779622 0.12666667 0.12666667 0.12666667 -0.05 -0.05 -0.05 -0.05 -0.050044725 -1.18 -1.18 -1.18 -1.18 -1.18 -1.1759944 -0.73 -0.73006756 -2.2366667 -2.2366667 -2.2366667
-1.05 0.36666667 0.91 -0.036666666 -0.26666667 -0.026666667 -0.27666667 -0.32446403 0.0066666667 -0.83666667 -0.2 -0.19666667 -0.19666678 -0.54666667 -0.54666667 -0.54336472 -0.54333333 -0.94333333 -0.94333333 -0.88000065 -1.9766667 -1.9766667 -0.71666667 -0.21666667 -0.21666667 -1.29 -1.61 -1.61 -0.57671411 -1.09 -1.0333333 -1.0333333 -1.27 -1.2699359 -0.65671082 -1.4966667 -1.4966667 -0.49755936 -0.05 -0.05 -0.51275546 -0.51333333 -0.51333228 -2.1525238 -2.1698906 -2.1699997 -2.17 -2.1699996 -3.5280241 -2.2366667 -2.2366667 -2.2366667 -2.2366667
-0.47333967 0.42666667 -0.47951721 0.32666667 0.70666667 -0.25666667 -0.18 -0.32666667 -0.81333333 -0.81333333 -0.2 -0.036666667 -1.3866665 -0.54666667 -0.67333295 -0.67333333 -0.54333333 -1.2966667 -1.62 -1.62 -1.8352872 -1.6766667 -1.6766667 -1.24 -1.29 -1.29 -1.61 -1.61 -0.5767026 -0.5773283 0.3385925 -1.27 -1.27 -0.65666667 -0.65666667 -1.3641376 -1.4966667 -1.4966667 -1.6599943 -0.51333493 -0.51333333 -0.51333333 -0.51332909 -2.1699958 -2.17 -2.17 -2.17 -2.170001 -3.8466667 -2.2369857 -2.2366667 -2.2366667 -2.2366667
-0.47333333 -0.82666667 -0.093333333 -0.69333333 -0.91998701 -0.54333333 -0.59333333 -1.0133333 -0.64666667 -0.65333333 -0.65333333 -0.89666667 -1.3866667 -1.3866667 -0.67822746 -1.1499628 -1.1966667 -0.87333333 -1.2700004 -1.62 -1.9385202 -1.9133333 -2.24 -0.47333334 -0.47333948 -0.95 -1.5033333 -1.5033334 -1.1911724 -1.1933333 0.34333333 -0.41468136 -0.44333333 -0.65666667 -0.66341669 -1.2533333 -1.2533333 -1.66 -1.66 -0.51333333 -0.51333333 -0.51333332 -1.4077348 -1.4133334 -2.17 -2.17 -2.17 -3.8466028 -3.8466667 -3.8466667 -2.2366667 -2.2366667 -2.2366667
-0.84032107 -0.82666666 -0.63 0.033333333 -0.60333333 -0.95 -0.42 0.38 -0.24 0.094923797 -0.36333333 -0.71666667 -0.71666667 -0.65 -0.6500011 -1.4991546 -1.5 -1.5 -0.93388512 -2.2966666 -2.21 -2.21 -2.13 -2.1966508 -0.90196459 -0.95 -1.4066667 -1.5033333 -0.80408707 -0.8 -0.40666667 -0.31666667 -0.65747174 -1.3133333 -0.89333333 -0.89 -1.0166667 -0.60666667 -0.5300354 -0.51122048 -0.04 -0.63333333 -1.4132573 -1.4133333 -1.4175923 -2.17 -2.3933333 -3.8466667 -3.8466667 -3.8466667 -3.8466667 -2.108009 -2.1566667
-0.91666667 -0.91666667 -0.45666667 -0.25333333 -0.44333333 -0.81 -0.46333333 -0.36333333 0.17333333 0.1799646 -0.22666667 -0.20333333 -0.65 -0.65 -0.76666667 -0.77672466 -1.5 -1.4999017 -1.0633333 -2.2966667 -2.2966667 -2.2855011 -2.13 -2.166666 -2.1666667 -2.1666667 -1.4066667 -1.02 -1.02 -0.8 -0.8 -0.31795004 -0.99333333 -1.3133333 -0.87333333 -0.89 -1.0166667 -1.8433333 -0.53 0.23079986 -0.63333331 -0.74843301 -0.94666667 -1.4133333 -1.4133333 -2.3933333 -2.3933333 -2.3933333 -3.8466667 -3.8466667 -1.2033333 -1.2033333 -1.2033337
-0.91666667 -0.91666667 -1.5566667 -1.3766667 -0.94666667 -0.43666667 -0.87666666 -0.10021812 -0.74666667 -0.58666667 -0.61666667 -0.62666667 -0.20389758 -0.76666667 -0.76666667 -0.76670627 -1.11 -1.1075507 -1.0633333 -0.82333333 -0.82333333 -1.32 -1.32 -2.1666667 -2.1666667 -2.1666667 -1.02 -1.02 -1.02 -1.0733333 -1.0733333 -1.0733332 -0.61666667 -0.61666667 -1.06 -1.2766667 -0.61 -1.9699982 -1.4533333 0.24333333 0.24333333 -0.99999982 -0.94666667 -1.4133333 -1.2666667 -1.3366667 -0.71724972 -0.71 -1.0066667 -1.0066667 -1.2033333 -1.2033333 -1.2033333
-0.91666667 -1.1929951 -1.4798542 -1.5999805 -1.29 -1.4066667 -0.87666667 -0.1 -0.74666127 -0.58843927 -0.62666661 -0.62666667 -0.38666667 -0.76666667 -0.76666667 -1.11 -1.11 -1.1099973 -1.0633333 -0.82333333 -0.92086856 -1.32 -1.32 -2.1666319 -2.1666667 -1.9299886 -1.4466667 -1.4466667 -1.4466666 -1.0733333 -1.0733333 -1.3933333 -1.3933333 -0.61666788 -1.06 -1.1699999 -0.79440737 -1.97 -1.97 0.24333329 -1 -1 -1.0000019 -1.2666667 -1.2666667 -1.3366667 -0.71 -0.71 -1.0066667 -1.0066667 -1.2033333 -1.2033333 -1.2033333
-0.60666667 -0.39057407 -0.29337397 -0.30279643 -1.2900004 -1.4066639 -0.87666668 -0.10956033 -0.70210472 -0.74248864 -0.38666667 -0.38666667 -0.38666667 -0.38666667 -0.76661284 -1.11 -1.11 -1.1093975 -1.0633333 -0.82327122 -0.60333333 -0.60333333 -0.60333333 -0.60333333 -2.1396169 -1.4466667 -1.4466667 -1.4466667 -1.4466667 -1.4464046 -1.3933333 -1.3933333 -1.3933333 -1.3933333 -1.17 -1.17 -1.17 -1.9311816 -1.9655688 -1.38 -1.38 -1.0000204 -1.4766595 -1.2666869 -1.2666667 -1.3366667 -0.71 -0.71 -1.0066667 -1.0066667 -1.2026198 -1.2033333 -1.5224095
-0.60666667 -0.29333333 -0.29333333 -0.29333333 -0.29333333 -0.2933338 -0.87802329 -0.50926082 -0.58321758 -0.38705034 -0.38666667 -0.38666667 -0.38666667 -0.38666667 -0.38666671 -1.11 -1.11 -1.106799 -1.0633325 -0.60333333 -0.60333333 -0.60333333 -0.60333333 -0.60333333 -0.61673903 -1.3314128 -1.2866667 -1.2866667 -1.2866667 -1.2866667 -1.3933333 -1.3933333 -1.3933335 -1.5166667 -1.5166667 -1.17 -1.2348128 -1.2366667 -1.3799999 -1.38 -1.38 -1.38 -1.4766667 -1.4766667 -1.4766667 -1.4756924 -0.97175015 -0.97333333 -0.97333333 -0.97333333 -0.97333333 0.72333294 0.72333333
0.14 -0.29333333 -0.29333333 -0.29333333 -0.29333333 -0.29333333 -0.29333337 -0.61471867 -0.4337629 -0.43333333 -0.43333333 -0.43333333 -0.43333333 -0.43333333 -0.43333333 -0.43668065 -1.0993104 -1.1036096 -0.60339119 -0.60333333 -0.60333333 -0.60333333 -0.60333333 -0.60333341 -1.2233333 -1.2233333 -1.2233334 -1.2866667 -1.2866667 -1.2874343 -1.67 -1.67 -1.5166667 -1.5166667 -1.5166667 -1.2815196 -1.2366667 -1.2366667 -1.2366667 -1.38 -1.38 -1.38 -1.4766667 -1.4766667 -1.4766667 -1.4766667 -0.97333333 -0.97333333 -0.97333333 -0.97333333 -0.97333333 0.72333333 0.72333333
0.14 -0.021325077 -0.29333333 -0.29333333 -0.29333333 -0.29333333 -0.41330978 -0.41333333 -0.41333333 -0.43333333 -0.43333333 -0.43333333 -0.43333333 -0.43333333 -0.43406869 -0.43666667 -0.43666667 -0.43666667 -0.67311982 -0.67333326 -0.67333333 -0.67333333 -0.67333333 -0.67333333 -1.2233333 -1.2233333 -1.2233333 -1.2233333 -1.2866667 -1.67 -1.67 -1.67 -1.5166667 -1.5166667 -1.5166667 -1.1233333 -1.2365166 -1.2366667 -1.2366667 -1.3800349 -1.4498065 -1.612636 -1.4766667 -1.4766667 -0.78879605 -0.78666667 -0.78666667 -0.97207944 -0.2126675 -0.21000007 -0.21000014 0.25340436 0.72333238
0.14 -0.29142629 -0.29839379 -0.29333333 -0.29333333 -0.41326243 -0.41333333 -0.41333333 -0.41333333 -0.41347746 -0.43333333 -0.43333333 -0.43333333 -0.43333333 -0.43666667 -0.43666667 -0.43666667 -0.43666667 -0.67312192 -0.67333333 -0.67333333 -0.67333333 -0.67333333 -0.67333333 -1.2233333 -1.2233333 -1.2233333 -1.2233333 -1.224958 -1.67 -1.67 -1.67 -1.11 -1.5166168 -1.1233333 -1.1233333 -1.1233333 -1.126493 -1.5894817 -1.6133333 -1.6133333 -1.6133333 -0.99333333 -0.99333333 -0.78666667 -0.78666667 -0.78666667 -0.21000001 -0.21 -0.21 -0.21 0.25333333 0.25333333
-0.30279177 -0.30333333 -0.30333333 -0.30333333 -0.12 -0.41332577 -0.41333333 -0.41333333 -0.41333333 -0.41333333 -0.34980196 -0.43331896 -0.4333333 -0.43666667 -0.43666667 -0.43666667 -0.43666667 -0.43666667 -0.49372841 -0.67333333 -0.67333333 -0.67333333 -0.67333333 -0.67333333 -0.85440766 -0.72666936 -0.72666667 -0.72666667 -0.72666667 -1.67 -1.11 -1.11 -1.11 -1.11 -1.1233333 -1.1233409 -1.41 -1.41 -1.6107944 -1.6133333 -1.6133333 -1.6133333 -0.99333333 -0.99333333 -0.81866578 -0.78666667 -0.78666667 -0.21 -0.21 -0.21 -0.20503186 0.25333333 0.25333333
-0.30333333 -0.30333333 -0.30333333 -0.21699893 -0.12 -0.12 -0.41333333 -0.41333333 -0.41333333 -0.41333333 0.67 0.67 0.67 -0.43666667 -0.43666667 -0.43666667 -0.43666667 -0.43666501 -1.0466667 -1.0466667 -0.67333348 -0.67333333 -0.67487523 -0.73666667 -0.73657664 -0.72666667 -0.72666667 -0.72666667 -0.72666667 -1.109961 -1.11 -1.11 -1.11 -1.11 -1.409999 -1.41 -1.41 -1.41 -1.410692 -1.6133333 -1.6133333 -1.6133333 -0.99333333 -0.99333333 -0.99333333 -0.78666667 -0.78666667 -0.21 -0.21 -0.21 0.25333333 0.25333333 0.25333333
-0.30333333 -0.30333333 -0.30333333 -0.12 -0.12 -0.12 -0.12000045 -0.41333333 -0.41333333 0.66888169 0.67 0.67 0.67 0.6693105 -0.42857244 -0.42666667 -0.42666667 -0.42666667 -1.0466667 -1.0466667 -1.0466667 -0.73666667 -0.73666667 -0.73666667 -0.73651166 -0.44167512 -0.72666667 -0.72666667 -0.72666667 -0.92493229 -0.89335464 -0.89333333 -0.89333333 -0.89333333 -1.2418437 -1.0066676 -1.0066667 -1.0066667 -1.0066667 -0.2268564 -0.22666667 -0.22666667 -0.99333333 -0.99333333 0.31999452 0.31999992 0.083333333 0.083333333 0.17666667 0.17666667 0.17666667 0.25333333 0.7795291
-0.30333325 -0.30333333 -0.30333333 -0.12 -0.12 -0.12 -0.12 -0.11666675 -0.41214714 0.66984585 0.67 0.67 0.67 0.66784804 -0.42666667 -0.42666667 -0.42666667 -0.42666684 -1.0466667 -1.0466667 -1.0466667 -0.73666667 -0.73666667 -0.73666667 -0.18333333 -0.18333333 -0.46666666 -0.46666667 -0.46666667 -0.46899427 -0.89333333 -0.89333333 -0.89333333 -0.89333333 -0.94996882 -1.0066667 -1.0066667 -1.0066667 -1.0066667 -0.22666667 -0.22666667 -0.22666667 -0.20946644 0.32 0.32 0.32 0.083333333 0.083333333 0.17666667 0.17666667 0.17666667 0.77999998 0.78
-0.27666667 -0.3029237 -0.62 -0.61985494 -0.12 -0.11668595 -0.11666667 -0.11666667 -0.08387259 0.49999999 0.5 0.5 0.5 -0.32663976 -0.32666667 -0.42666659 -0.42666667 -0.44300276 -1.0466667 -1.0466667 -1.0466667 -0.96333333 -0.96333333 -0.96333333 -0.18333333 -0.18333333 -0.46666667 -0.46666667 -0.46666667 -0.46666682 -0.67333473 -0.67333395 -0.88780396 -0.89309748 -0.64029075 -0.64 -0.64 -0.64 -0.64 -0.22666667 -0.22666667 -0.22666667 0.28989891 0.32 0.32 0.31999996 0.083333333 0.083333333 0.083336693 0.17666667 0.17667039 0.26 0.78
-0.76657361 -0.76666664 -0.62 -0.62 -0.62 -0.11666667 -0.11666667 -0.11666667 -0.026666667 -0.026666667 0.5 0.5 0.5 -0.32666667 -0.32666667 -0.32666667 -0.32666667 -0.32674695 -1.0466667 -1.0466667 -1.0466667 -0.96333333 -0.96333333 -0.96333333 -0.18333333 -0.18333333 -0.46666667 -0.46666667 -0.46666667 -0.67100315 -0.67333333 -0.67333333 -0.67333333 -0.67333333 -0.64001645 -0.64 -0.64 -0.64 -0.64 -0.10000003 -0.1 -0.1 -0.1 0.31999834 0.10333333 0.10333333 0.10333333 0.13666667 0.13666667 0.13666667 0.26 0.26 0.26
-0.76666667 -0.76666667 -0.62 -0.62 -0.62 -0.11931228 -0.11666667 -0.026666667 -0.026666667 -0.026666667 0.49993517 0.5 -0.18638477 -0.32666667 -0.32666667 -0.32666667 -0.32666667 -0.42 -0.42 -0.42 -0.87333334 -0.8733334 -0.96333289 -0.96333333 -0.96280407 -0.44 -0.44 -0.44000006 -0.46666236 0.056521188 0.056662781 0.056539218 -0.67208569 -0.67270335 -0.64546209 -0.63999982 -0.63841375 -0.16666667 -0.16666667 -0.1 -0.1 -0.1 -0.1 0.10333333 0.10333333 0.10333333 0.10333333 0.13666667 0.13666667 0.13666667 0.26 0.26 0.26
-0.76666667 -0.76666667 -0.62 -0.62 -0.62 -0.62 -0.082982296 -0.026666667 -0.026666667 -0.026666667 -0.026839745 -0.34 -0.34 -0.34 -0.32674524 -0.32666667 -0.41937805 -0.42 -0.42 -0.42 -0.87333333 -0.87333333 -0.87333333 -0.87333333 -0.44 -0.44 -0.44 -0.44 -0.44 0.056666667 0.056666667 0.056666667 0.056666667 0.0566668 0.12 -0.16666667 -0.16666667 -0.16666667 -0.16666667 -0.16666735 -0.39333333 -0.39333333 -0.39333333 -0.28377625 -0.056666667 -0.056666667 -0.056666667 0.13666666 0.13666651 -0.023333333 -0.023333333 0.58991972 0.59
-0.76666667 -0.76666667 -0.67293637 -0.62 -0.62 -0.62000002 -1.3043953 -0.03070052 -0.026666667 -0.026666668 -0.3400001 -0.34 -0.34 -0.34 -0.34 -0.33891901 -0.42 -0.42 -0.42 -0.42 -0.87332983 -0.87333333 -0.87333333 -0.87333333 -0.44 -0.44 -0.44 -0.44 -0.44 -0.18718895 0.056666667 0.056666667 0.056666667 0.12 0.12 0.1197774 -0.16666667 -0.16666667 -0.29235387 -0.38999998 -0.39333333 -0.39333333 -0.39333333 -0.2850901 -0.056666667 -0.056666667 -0.056666667 -0.15333333 -0.024953121 -0.023333333 -0.023333333 0.59 0.59
-0.97 -0.97 -0.97 -0.70775462 -0.62013123 -1.3066667 -1.3066667 -1.3066667 -1.3066667 -0.83333334 -0.83333333 -0.34000003 -0.34 -0.34 -0.34 -0.34000507 -0.42 -0.42 -0.42 -0.42 -0.67551337 -0.87333333 -0.87333333 -0.8503906 -0.016407811 -0.44 -0.44 -0.44 -0.27333333 -0.27333333 -0.27333333 -0.27333195 0.12 0.12 0.12 0.12 -0.39 -0.39 -0.39 -0.39 -0.5 -0.5 -0.5 -0.033342716 -0.033333333 -0.033333333 -0.033333341 -0.15333333 -0.15333333 -0.023491731 -0.023333333 0.58999755 0.59
-0.97 -0.97 -0.97 -0.96998546 -0.7 -0.7882193 -1.3066667 -1.3066667 -1.3066667 -0.83333333 -0.83333333 -0.83333333 -0.35 -0.35 -0.35 -0.35000001 -0.42047627 -0.42 -0.42 -0.42 -0.42682629 0.0033309267 0.0033333333 0.0033333333 0.0033333333 0.0033333059 -0.83333333 -0.83333333 -0.27333333 -0.27333333 -0.27333333 -0.27333333 0.11999968 0.12 0.12 0.11996389 -0.39000001 -0.39 -0.39 -0.39214955 -0.5 -0.5 -0.5 -0.033354974 -0.033333333 -0.033333333 -0.033333333 -0.15333333 -0.15333333 -0.1533333 0.10333333 0.10333333 0.97333333
-0.97 -0.97 -0.97 -0.70000062 -0.7 -0.7 -1.3066664 -1.3066667 -1.3066667 -0.83333333 -0.83333333 -0.83333333 -0.35 -0.35 -0.35 -0.37513265 -0.68 -0.68 -0.67999933 -0.42146854 0.003333333 0.0033333333 0.0033333333 0.0033333333 0.0033333333 0.0027036976 -0.83333333 -0.83333333 -0.83333333 -0.27333333 -0.27333333 -0.27345134 -0.32333333 -0.32333333 -0.32333333 -0.92666666 -0.92666667 -0.88 -0.88 -0.88 0.12333333 -0.49980448 -0.49999353 0.36666667 0.36666667 0.35150712 -0.033332479 -0.15333333 -0.15333333 0.10333333 0.10333333 0.10333333 0.97333333
-0.97 -0.97 -0.97 -0.7 -0.7 -0.7 -0.7 -1.3066667 -1.3066667 -0.83333333 -0.83333333 -0.36932636 -0.35 -0.35 -0.35 -0.68 -0.68 -0.68 -0.68 -0.68 0.0033333332 0.0033333333 0.0033333333 0.0033333333 0.0033333333 -0.83333048 -0.83333333 -0.83333333 -0.83333333 -0.45666667 -0.45666667 -0.45666667 -0.32333333 -0.32333333 -0.32333333 -0.92666667 -0.92666667 -0.88 -0.88 0.12333333 0.12333333 0.12333333 0.36666667 0.36666667 0.36666667 0.36666667 0.40472826 0.83 0.83 0.83 0.10333335 1.1666667 1.1666667
