interpolatedSpi/03-03|21_2.tif
NCOLS 53
NROWS 52
XLLCORNER -116.03883
YLLCORNER 28.596182
DX 0.49850594
DY 0.49788537
NODATA_VALUE -9999
-0.75 -0.75 -0.48813248 -0.88 -1.145 -1.005 -1.14 -1.06 -1.1213038 -1.53 -1.38 -1.28 -1.7848715 -0.225 -0.91 -0.91 -0.91 -1.005 -0.445 -0.445 -0.445 -0.44500501 -0.965 -0.62 -0.62 -0.62 -0.41499616 -0.415 -0.415 -0.25 -0.25 -0.25 -0.25 -0.91999987 -0.92 -0.92 -0.92 -0.92 -0.92 -0.91999994 1.2466623 1.2694447 -0.91 -0.91 -0.91 -0.91 -0.90862799 -0.07 -0.07 -0.07 1.6549964 1.655 1.655 
-0.7500371 -1.585 -0.99500065 -1.2676514 -1.1852011 -0.97 -0.93 -1.9695263 -2.115 -1.765 -1.53 -1.785 -1.785 -1.0123658 -0.22501559 -0.91 -1.005 -1.005 -0.44573017 -0.445 -0.445 -0.445 -0.63052742 -0.62 -0.62 -0.62 -1.4749999 -1.475 -0.25 -0.25 -0.25 -0.25 -0.25 -0.9199999 -0.92 -0.92 -0.92 -0.92 -0.91999991 -0.73314856 0.1799586 -0.77773712 -0.91 -0.91 -0.91 -0.91 -0.91 -0.07 -0.07 -0.07 0.073038651 1.655 1.655 
-1.4199852 -1.42 -1.555 -1.06 -1.74 -1.97 -1.74 -2.23 -2.12 -2.32 -1.505 -2.035 -1.165 -1.73 -1.015 -2.07 -1.005 -1.005 -1.005 -1.359734 -1.36 -1.36 -0.82 -0.62 -0.62 -0.62 -1.475 -1.475 -1.475 -0.25 -0.25 -0.25000008 -1.0419031 -0.91845687 -0.90897018 0.25414129 0.265 0.265 0.25430924 0.18 0.18 0.17860617 -0.91 -0.91 -0.91 -0.91 -0.91 -0.07 -0.07 -0.07 -0.069999997 1.655 1.655 
-1.425 -1.4200001 -1.8400345 -0.89 -1.58 -1.775 -1.915 -2.44 -2.29 -1.5371813 -1.475 -2.625 -2.3 -1.73 -1.73 -2.07 -2.1692349 -2.1691837 -2.17 -1.36 -1.36 -2.15 -0.82 -0.82 -0.62 -0.62000427 -1.475 -1.475 -1.475 -0.89 -1.4414211 -1.895 -1.895 -1.8949983 0.265 0.265 0.265 0.265 0.18 0.18 0.18 0.17999996 -0.91 -0.91 -0.91 -0.91 -0.91 -0.070010596 -0.07 -0.07 -0.07 1.6549329 1.655 
-1.425 -1.0550014 -1.84 -1.9295104 -1.58 -1.755 -2.0999553 -1.875 -1.71 -1.8149999 -2.539194 -2.8847873 -1.4 -1.73 -1.73 -1.9590645 -2.17 -2.17 -2.17 -2.17 -1.3600015 -2.15 -1.885 -1.065 -0.745 -0.74506567 -1.475 -1.475 -0.89 -0.89 -1.895 -1.895 -1.895 -1.6253405 0.265 0.265 0.265 0.18 0.18 0.18 0.18 0.17988899 -0.91 -0.91 -0.91 -0.91 -0.91 -0.90252296 -0.07 -0.070014797 -0.4 -0.4 -0.4 
-1.285 -1.225 -0.38000004 -1.41 -1.84 -1.315 -1.87 -1.8706401 -1.54 -1.7 -1.265 -1.48 -1.4799999 -1.03 -1.03 -1.4500712 -1.45 -1.05 -1.05 -2.1699993 -1.68 -1.68 -1.065 -0.745 -0.745 -1.025 -1.26 -1.26 -0.11507116 -0.89 -1.895 -1.895 -0.465 -0.46509874 -1.4099321 -0.72 -0.72 -0.098435545 0.18 0.18 -0.9685657 -0.97 -0.97000017 -2.3638739 -2.3898364 -2.3899996 -2.3899999 -2.3899994 -1.9753606 -0.4 -0.4 -0.4 -0.4 
-0.050012578 -0.73 -0.43397052 0.049999999 0.21 -1.61 -0.82499999 -1.17 -1.785 -1.785 -1.265 -1.29 -0.19500015 -1.03 -1.7449979 -1.745 -1.45 -2.12 -1.355 -1.355 -1.7907472 -1.915 -1.915 -0.595 -1.025 -1.025 -1.26 -1.26 -0.11503409 -0.11562766 -1.2134073 -0.465 -0.465 -1.41 -1.41 -0.88883841 -0.72 -0.72 -0.63500295 -0.96999953 -0.97 -0.97 -0.97000319 -2.3899994 -2.39 -2.39 -2.39 -2.39 -2.31 -0.40037851 -0.4 -0.4 -0.4 
-0.05 0.625 0.015 -1.035 -1.2599871 -1.125 -1.165 -1.44 -1.66 -1.795 -1.795 -0.71 -0.195 -0.195 -1.7343656 -1.9043825 -1.92 -0.935 -1.315 -1.355 -1.2221711 -1.24 -1.455 -0.98 -0.9800058 -1.43 -0.99 -0.9900001 -0.69795008 -0.70000001 -1.215 -0.72236562 0.325 -1.41 -1.4229771 -1.03 -1.03 -0.635 -0.635 -0.97 -0.97 -0.97 -2.282823 -2.29 -2.39 -2.39 -2.39 -2.310003 -2.31 -2.31 -0.4 -0.4 -0.4 
0.12585587 0.62499999 0.135 -0.655 -2.145 -1.115 -1.525 -1.215 -1.76 -1.5088072 -1.415 -1.35 -1.35 -1.17 -1.1700024 -1.2967419 -1.295 -1.295 -0.99300759 -0.66500008 -1.03 -1.03 -1.42 -1.4412071 -1.3846519 -1.43 -0.58 -0.99 -1.0397094 -1.04 -1.015 -0.71 -0.96685852 -1.485 -1.865 -2.135 -2.47 -1.49 -1.6299354 -0.97017855 -1.01 -1.31 -2.2899088 -2.29 -2.2905629 -2.39 -3.045 -2.31 -2.31 -2.31 -2.31 -0.45602835 -1.48 
-2.665 -2.665 -0.72 -1.325 -1.69 -1.66 -0.68 -0.91 -1.505 -1.4449222 -1.65 -0.115 -1.17 -1.17 -1.425 -1.423217 -1.295 -1.2950594 -1.485 -0.665 -0.665 -0.71202426 -1.42 -1.4549993 -1.455 -1.455 -0.58 -1.365 -1.365 -1.04 -1.04 -0.71096727 -1.22 -1.485 -0.955 -2.135 -2.47 -1.725 -1.63 -1.7677311 -1.31 -1.4642825 -1.73 -2.29 -2.29 -3.045 -3.045 -3.045 -2.31 -2.31 -0.85 -0.85 -0.85000024 
-2.665 -2.665 -1.355 -2.065 -1.355 -1.42 -1.315 -0.71020254 -0.72 -0.855 -1.51 -0.725 -0.11581365 -1.425 -1.425 -1.4250888 -2.195 -2.1577359 -1.485 -1.065 -1.065 -1.045 -1.045 -1.455 -1.455 -1.455 -1.365 -1.365 -1.365 -2.28 -2.28 -2.2799983 -1.3 -1.3 -1.71 -1.975 -1.48 -3.0499967 -2.17 -1.77 -1.77 -0.40500435 -1.73 -2.29 -1.7600006 -2.415 -1.8800389 -1.875 -1.515 -1.515 -0.85 -0.85 -0.85 
-2.665 -2.0994919 -1.6579823 -1.0850173 -0.9 -1.785 -1.315 -0.71 -0.71999992 -0.85350436 -0.72500017 -0.725 -0.56 -1.425 -1.425 -2.195 -2.195 -2.1949596 -1.485 -1.065 -1.0610724 -1.045 -1.045 -1.4549838 -1.455 -1.3235122 -1.055 -1.055 -1.055 -2.28 -2.28 -1.54 -1.54 -1.3000011 -1.71 -1.9000001 -1.6692179 -3.05 -3.05 -1.77 -0.405 -0.405 -0.40501001 -1.76 -1.76 -2.415 -1.875 -1.875 -1.515 -1.515 -0.85 -0.85 -0.85 
-0.9 -0.38325405 -0.29006498 -0.2957627 -0.90000448 -1.7849791 -1.315 -0.7174472 -0.7193109 -0.72352521 -0.56 -0.56 -0.56 -0.56 -1.4248775 -2.195 -2.195 -2.1858328 -1.485 -1.0650952 -1.385 -1.385 -1.385 -1.385 -1.4534777 -1.055 -1.055 -1.055 -1.055 -1.0559345 -1.54 -1.54 -1.54 -1.54 -1.9 -1.9 -1.9 -2.9940957 -3.0398608 -1.7 -1.7 -0.40506966 -1.3100154 -1.7599567 -1.76 -2.415 -1.875 -1.875 -1.515 -1.515 -0.85241255 -0.85 -0.4891747 
-0.9 -0.29 -0.29 -0.29 -0.29 -0.29000062 -1.316203 -1.0287378 -0.71747247 -0.56017567 -0.56 -0.56 -0.56 -0.56 -0.55999997 -2.195 -2.1949999 -2.1462988 -1.4850096 -1.385 -1.385 -1.385 -1.385 -1.385 -1.4083449 -1.6563351 -1.8499998 -1.85 -1.85 -1.85 -1.54 -1.54 -1.5399999 -1.43 -1.43 -1.9 -1.3798774 -1.365 -1.6999998 -1.7 -1.7 -1.7 -1.31 -1.31 -1.31 -1.3176898 -0.76736674 -0.76 -0.76 -0.76 -0.76000001 -0.24500012 -0.245 
0.755 -0.29 -0.29 -0.29 -0.29 -0.29 -0.29000007 -0.79297639 -0.49591115 -0.495 -0.495 -0.495 -0.495 -0.495 -0.495 0.40125644 -2.1534381 -2.0977767 -1.3850128 -1.385 -1.385 -1.385 -1.385 -1.3849991 -2.465 -2.465 -2.4649991 -1.85 -1.85 -1.851612 -2.655 -2.655 -1.43 -1.43 -1.43 -1.3754123 -1.365 -1.365 -1.365 -1.7 -1.7 -1.7 -1.31 -1.31 -1.31 -1.31 -0.75999999 -0.76 -0.76 -0.76 -0.76 -0.245 -0.245 
0.755 0.36595837 -0.29 -0.29 -0.29 -0.29 0.15491266 0.155 0.15499998 -0.495 -0.495 -0.495 -0.495 -0.495 -0.2931446 0.42 0.42 0.42 -0.60238861 -0.6000008 -0.6 -0.6 -0.6 -0.6 -2.465 -2.465 -2.465 -2.465 -1.85 -2.655 -2.655 -2.655 -1.4300001 -1.43 -1.43 -1.33 -1.3649537 -1.365 -1.365 -1.6998351 -1.3709122 -0.60328766 -1.31 -1.31 -0.083795853 -0.08 -0.08 -0.75863414 0.067099526 0.069999928 0.069999843 0.039956869 -0.24499942 
0.755 0.049471693 -0.12806527 -0.29 -0.29 0.15473707 0.155 0.155 0.155 0.15031591 -0.495 -0.495 -0.495 -0.49499989 0.42 0.42 0.42 0.42 -0.59908885 -0.6 -0.6 -0.6 -0.6 -0.6 -2.465 -2.465 -2.465 -2.465 -2.4656911 -2.655 -2.655 -2.655 -2.745 -1.4300216 -1.33 -1.33 -1.33 -1.326485 -0.64844193 -0.6 -0.6 -0.6 -0.33 -0.33 -0.08 -0.08 -0.08 0.069999998 0.07 0.07 0.07 0.04 0.04 
0.030599507 0.03 0.03 0.029999997 -0.225 0.1549902 0.155 0.155 0.155 0.155 -0.43632591 -0.4949899 -0.49499998 0.42 0.42 0.42 0.42 0.42 0.34098437 -0.6 -0.6 -0.6 -0.6 -0.6 -1.5312724 -1.6100046 -1.61 -1.61 -1.61 -2.655 -2.745 -2.745 -2.745 -2.745 -1.33 -1.3299916 -1.01 -1.01 -0.60511946 -0.6 -0.6 -0.6 -0.33 -0.33 -0.11870861 -0.08 -0.08 0.07 0.07 0.07 0.069678322 0.04 0.04 
0.03 0.03 0.03 -0.090083304 -0.225 -0.225 0.155 0.155 0.155 0.155 0.28 0.28 0.28 0.42 0.42 0.42 0.42 0.42005371 0.435 0.435 -0.59999958 -0.6 -0.60888621 -0.965 -0.97080664 -1.61 -1.61 -1.61 -1.61 -2.7448844 -2.745 -2.745 -2.745 -2.745 -1.0100011 -1.01 -1.01 -1.01 -1.0084913 -0.6 -0.6 -0.6 -0.33 -0.33 -0.33 -0.08 -0.08 0.069999993 0.07 0.069999999 0.04 0.04 0.04 
0.03 0.03 0.03 -0.225 -0.225 -0.225 -0.22499942 0.155 0.155 0.27987096 0.28 0.28 0.28 0.28008723 0.68306228 0.745 0.745 0.745 0.435 0.435 0.435 -0.965 -0.965 -0.965 -0.96471987 -0.74715751 -1.61 -1.61 -1.61 -0.8116862 -0.40023064 -0.4 -0.4 -0.4 -0.52753062 0.14999737 0.15 0.15 0.15 0.25488301 0.255 0.255 -0.33 -0.33 -0.065001106 -0.065000073 -0.27 -0.27 -0.245 -0.245 -0.245 0.04 -0.30469153 
0.030000528 0.03 0.029999991 -0.225 -0.225 -0.225 -0.225 -0.34999985 0.15298081 0.2797461 0.28 0.28 0.28 0.28091246 0.745 0.745 0.745 0.74499991 0.435 0.435 0.435 -0.965 -0.965 -0.965 0.035 0.035 0.38499999 0.385 0.385 0.38071758 -0.4 -0.4 -0.4 -0.4 -0.12515095 0.15 0.15 0.15 0.15 0.255 0.255 0.255 0.24493158 -0.065 -0.065 -0.065 -0.27 -0.27 -0.245 -0.245 -0.245 -0.305 -0.305 
0.2 0.10539113 -0.575 -0.57489846 -0.225 -0.34927675 -0.35 -0.35 -0.26072724 -2.3885617e-09 1.5114089e-34 6.8835578e-61 7.0924094e-20 0.5499821 0.55 0.74499985 0.745 0.73683196 0.435 0.435 0.435 0.345 0.345 0.345 0.035 0.035 0.385 0.385 0.385 0.38500016 0.59999364 0.59999719 -0.3748665 -0.39892793 0.47899784 0.48 0.48 0.48 0.48 0.255 0.255 0.255 -0.047379779 -0.065 -0.065 -0.064999969 -0.27 -0.27 -0.2699991 -0.245 -0.2450047 -0.35 -0.305 
0.050028485 0.049999892 -0.575 -0.575 -0.575 -0.35 -0.35 -0.35 -0.105 -0.105 -9.8970203e-35 8.9167686e-61 1.0185592e-29 0.55 0.55 0.55 0.55 0.54998798 0.435 0.435 0.435 0.345 0.345 0.345 0.035 0.035 0.385 0.385 0.385 0.59757586 0.6 0.6 0.6 0.6 0.48005921 0.48 0.48 0.48 0.48 0.28499999 0.285 0.285 0.285 -0.064998657 0.11 0.11 0.11 -0.135 -0.135 -0.135 -0.35 -0.35 -0.35 
0.05 0.05 -0.575 -0.575 -0.575 -0.35118264 -0.35 -0.105 -0.105 -0.105 -1.2925583e-05 2.5346747e-16 0.14299683 0.54999991 0.55 0.55 0.55 0.67 0.67 0.67 0.91499999 0.91499958 0.34500278 0.345 0.34524199 0.9 0.9 0.89999877 0.38508323 1.0149173 1.0149978 1.0149275 0.60070928 0.60035814 0.50164358 0.48000023 0.48196047 1.065 1.065 0.285 0.285 0.285 0.285 0.11 0.11 0.11 0.11 -0.135 -0.135 -0.135 -0.35 -0.35 -0.35 
0.05 0.05 -0.575 -0.575 -0.575 -0.575 -0.25830366 -0.105 -0.105 -0.105 -0.10484533 0.175 0.175 0.175 0.54779004 0.55 0.66920035 0.67 0.67 0.67 0.915 0.915 0.915 0.915 0.9 0.9 0.9 0.9 0.9 1.015 1.015 1.015 1.015 1.0150008 1.41 1.065 1.065 1.065 1.065 1.0649988 0.795 0.795 0.795 0.55093986 0.045 0.045 0.045 -0.13499999 -0.13499996 -0.095 -0.095 -0.24002676 -0.24 
0.05 0.05 -0.34941889 -0.575 -0.575 -0.57499999 -0.28468059 -0.10556726 -0.105 -0.105 0.17499993 0.175 0.175 0.175 0.175 0.20581118 0.67 0.67 0.67 0.67 0.9149981 0.915 0.915 0.915 0.9 0.9 0.9 0.9 0.9 1.0445583 1.015 1.015 1.015 1.41 1.41 1.4097321 1.065 1.065 1.4392477 1.7299999 0.795 0.795 0.795 0.55524937 0.045 0.045 0.045 0.31 -0.089953739 -0.095 -0.095 -0.24 -0.24 
0.2 0.2 0.2 -0.3806862 -0.57458095 -0.285 -0.285 -0.285 -0.285 -0.155 -0.155 0.17499998 0.175 0.175 0.175 0.17503136 0.67 0.67 0.67 0.67 0.80808995 0.915 0.915 0.91722449 0.99554711 0.9 0.9 0.9 1.055 1.055 1.055 1.0549998 1.41 1.41 1.41 1.41 1.73 1.73 1.73 1.73 0.84 0.84 0.84 0.38500915 0.385 0.385 0.38499989 0.31 0.31 -0.09450653 -0.095 -0.23999748 -0.24 
0.2 0.2 0.2 0.19997361 -0.29 -0.28927292 -0.285 -0.285 -0.285 -0.155 -0.155 -0.155 -0.14999999 -0.15 -0.15 -0.14999999 0.66850706 0.67 0.67 0.67 0.67371971 0.99999977 1 1 1 1 0.865 0.865 1.055 1.055 1.055 1.055 1.4100001 1.41 1.41 1.4100081 1.73 1.73 1.73 1.7271047 0.84 0.84 0.84 0.3850211 0.385 0.385 0.385 0.31 0.31 0.30999999 0.26 0.26 0.505 
0.2 0.2 0.2 -0.28999887 -0.29 -0.29 -0.285 -0.285 -0.285 -0.155 -0.155 -0.155 -0.15 -0.15 -0.15 -0.1496192 -0.145 -0.145 -0.14499789 0.66539667 1 1 1 1 1 0.99989841 0.865 0.865 0.865 1.055 1.055 1.0547554 1.51 1.51 1.51 0.465 0.465 1.07 1.07 1.07 0.24 0.8398118 0.83999649 0.37 0.37 0.37056848 0.38499983 0.31 0.31 0.26 0.26 0.26 0.505 
0.2 0.2 0.2 -0.29 -0.29 -0.29 -0.29 -0.285 -0.285 -0.155 -0.155 -0.15019993 -0.15 -0.15 -0.15 -0.145 -0.145 -0.145 -0.145 -0.145 1 1 1 1 1 0.86500046 0.865 0.865 0.865 0.675 0.675 0.675 1.51 1.51 1.51 0.465 0.465 1.07 1.07 0.24 0.24 0.24 0.37 0.37 0.37 0.37 0.36424969 0.3 0.3 0.3 0.26000001 0.56 0.56 
0.2 0.2 0.19931765 -0.29 -0.29 -0.29 -0.29 -0.44232188 -0.45 -0.44949352 -0.15500001 -0.15001382 -0.15 -0.15 -0.14999998 -0.145 -0.145 -0.145 -0.145 -0.145 0.0025761806 1 1 1 0.99995057 0.86499409 0.865 0.865 0.865 0.675 0.675 0.675 0.67511869 1.51 0.465 0.465 0.465 0.46502483 1.0699434 0.24 0.24 0.24 0.36999211 0.37 0.37 0.37 0.30000492 0.3 0.3 0.3 0.56 0.56 0.56 
-0.585 -0.58499863 -0.28975271 -0.29 -0.29 -0.29 -0.44996595 -0.45 -0.45 -0.45 -0.315 -0.315 -0.315 -0.315 -0.14578459 -0.145 -0.145 -0.145 -0.145 -0.040000063 -0.04 -0.04 0.76000004 0.76 0.76 0.76 0.76906285 0.865 0.450017 0.45 0.45 0.45 0.45 0.38 0.38 0.38 0.38 0.38 0.57 0.57 0.57 0.57 0.57 0.78936688 0.79 0.79 0.79 0.3 0.3 0.3 0.55995904 0.56 0.56 
-0.585 -0.585 -0.58378591 -0.4399997 -0.43999997 -0.44000964 -0.45 -0.45 -0.45 -0.45 -0.315 -0.315 -0.315 -0.315 -0.315 -0.145 -0.145 -0.145 -0.040000026 -0.04 -0.04 -0.04 0.76 0.76 0.76 0.76 0.76 0.7600219 0.4498996 0.45 0.45 0.45 0.44995967 0.52739442 0.38015262 0.38 0.38 0.38 0.57 0.57 0.57 0.57 0.57 0.79 0.79 0.79 0.79 0.56086643 0.3 0.35933058 0.36 0.33 0.33 
-0.585 -0.585 -0.44001837 -0.44 -0.44 -0.44 -0.44253996 -0.45 -0.45 -0.45 -0.315 -0.315 -0.315 -0.315 -0.315 -0.14513067 -0.145 -0.040030785 -0.04 -0.04 -0.04 -0.04 0.46363482 0.76 0.76 0.76 0.76 0.75959638 0.19 0.19 0.19 0.19 0.19 0.64 0.64 0.64 0.64 0.64 0.92 0.92 0.92 0.92 0.92 0.78938958 0.78999987 0.79 0.78995762 0.78483901 0.36 0.36 0.36 0.33000017 0.33 
-0.58500016 -0.66834284 -0.44000003 -0.44 -0.44 -0.44 -0.44 -0.44999574 -0.45 -0.45 -0.315 -0.315 -0.315 -0.315 -0.30033317 -0.3 -0.3 -0.040006691 -0.04 -0.04 -0.04 -0.04 -0.039999952 0.76 0.76 0.76 0.76 0.36499985 0.36499992 0.32775575 0.19 0.19 0.19 0.64 0.64 0.64 0.64 0.63993566 0.92 0.92 0.92 0.92 0.91995939 0.54 0.54 0.54 0.54 0.53998548 0.36 0.36 0.36 0.35999986 0.13294549 
-0.67 -0.67 -0.62305102 -0.44 -0.44 -0.44 -0.44 -0.44 -0.44999542 -0.32 -0.32 -0.32 -0.31998813 -0.30000002 -0.3 -0.3 -0.3 -0.3 -0.0400003 -0.042564312 -0.065 -0.065 -0.065 0.14179947 0.70277399 0.39656847 0.13837399 0.365 0.365 0.365 0.365 0.365 0.35898218 0.54326038 0.545 0.545 0.545 0.545 0.82043741 0.39000095 0.39 0.39 0.39 -0.14999798 0.53999982 0.54 0.54 -0.315 0.35998919 0.36 0.36 0.13 0.13 
-0.67 -0.67 -0.64 -0.64 -0.64 -0.44006662 -0.44 -0.44 -0.32 -0.32 -0.32 -0.32 -0.32 -0.3 -0.3 -0.3 -0.3 -0.3 -0.065 -0.065 -0.065 -0.065 -0.065 0.044999994 0.045 0.045 0.045 0.365 0.365 0.365 0.365 0.365 0.39 0.39 0.545 0.545 0.545 -0.10488931 -0.105 0.39 0.39 0.39 0.38999984 -0.15 -0.15 -0.15 -0.315 -0.315 -0.315 0.06 0.06 0.13 0.13 
-0.67 -0.67 -0.64 -0.64 -0.64 -0.64 -0.63999909 -0.475 -0.32014594 -0.32 -0.32 -0.32 -0.32 -0.30024948 -0.3 -0.3 -0.3 -0.3 -0.065000005 -0.065 -0.065 -0.065 -0.065 0.045 0.045 0.045 0.045 0.045001293 0.365 0.365 0.365 0.38999869 0.39 0.39 0.39 0.545 -0.10499999 -0.105 -0.105 -0.091975623 -0.46986864 -0.63 -0.63 -0.15 -0.15 -0.15 -0.315 -0.315 -0.315 0.06 0.06 0.06 0.57380101 
-0.795 -0.79499902 -0.64 -0.64 -0.64 -0.64 -0.475 -0.475 -0.475 -0.32 -0.32 -0.32 -0.32 -0.31999378 -0.3 -0.3 -0.3 -0.3 -0.065004318 -0.065 -0.065 -0.065000007 0.025610397 0.045 0.045 0.045 0.045 0.030000012 0.03 0.030000004 0.36140548 0.39 0.39 0.39 0.38999935 -0.28999999 -0.105 -0.105 -0.105 -0.105 -0.63 -0.63 -0.63 -0.155 -0.155 -0.155 0.23994595 -0.315 -0.315 0.060000001 0.06 0.06 0.61999939 
-0.795 -0.795 -0.64 -0.64 -0.64 -0.475 -0.475 -0.475 -0.475 -0.33699613 -0.32 -0.32 -0.32 -0.32000024 -0.36499252 -0.365 -0.365 -0.365 -0.68884753 -0.52 -0.52 -0.52 -0.52 0.045 0.045 0.045 0.044999011 0.03 0.03 0.03 0.03 0.38990348 0.0075196704 -0.29 -0.29 -0.29 -0.10636317 -0.4699924 -0.47 -0.47 -0.62942428 0.10499998 0.105 -0.155 -0.155 -0.15499833 0.24 0.24 0.265 0.265 0.265 0.555 0.4 
-0.795 -0.795 -0.405 -0.405 -0.405 -0.475 -0.475 -0.475 -0.475 -0.505 -0.505 -0.505 -0.505 -0.49513387 -0.365 -0.365 -0.365 -0.365 -0.695 -0.52 -0.52 -0.52 -0.52 -0.465 -0.4649998 0.044999247 0.03 0.03 0.03 0.03 -0.099100187 -0.225 -0.28226589 -0.29 -0.29 -0.29 -0.47 -0.47 -0.47 -0.47 0.105 0.105 0.105 0.70980922 0.71 0.24211262 0.24 0.24 0.26500048 0.265 0.555 0.555 0.4 
-0.795 -0.405 -0.405 -0.405 -0.405 -0.405 -0.47818279 -0.885 -0.885 -0.505 -0.505 -0.505 -0.505 -0.50496684 -0.365 -0.365 -0.365 -0.37991045 -0.695 -0.695 -0.52 -0.52 -0.465 -0.465 -0.465 -0.465 0.03 0.03 0.03 0.03 -0.225 -0.225 -0.225 -0.28993423 -0.29 -0.29 -0.47 -0.47 -0.47 -0.47 0.105 0.105 0.105 0.71 0.71 0.70999575 0.635 0.635 0.37 0.37 0.555 0.555 0.4 
-0.40866258 -0.405 -0.405 -0.405 -0.405 -0.405 -0.885 -0.885 -0.885 -0.68160812 -0.505 -0.505 -0.505 -0.50500257 -0.365 -0.365 -0.365 -0.695 -0.695 -0.695 -0.52000874 -0.51999966 -0.465 -0.465 -0.465 -0.465 0.029964815 0.03 0.03 -0.22494136 -0.225 -0.225 -0.225 -0.225 -0.29002421 -0.415 -0.415 -0.41595187 -0.47 -0.47 0.10499949 0.105 0.6924095 0.71 0.71 0.63500003 0.635 0.635 0.37 0.37 0.04 0.04 -0.34 
-0.405 -0.405 -0.405 -0.405 -0.405 -0.405 -0.885 -0.885 -0.885 -0.885 -0.6749951 -0.675 -0.675 -0.675 -0.36500106 -0.53486762 -0.63 -0.63 -0.69488017 -0.695 -0.69499997 -0.46500008 -0.465 -0.465 -0.465 -0.465 -0.46464011 0.03 0.029991285 -0.225 -0.225 -0.225 -0.225 -0.225 -0.415 -0.415 -0.415 -0.415 -0.415 -0.41499977 -0.23 -0.23 -0.23000001 -0.255 -0.255 -0.255 -0.77 -0.77 -1.075 -1.075 0.04 0.039999173 -0.34 
-0.405 -0.405 -0.405 -0.405 -0.405 -0.405 -0.885 -0.885 -0.885 -0.675 -0.675 -0.675 -0.675 -0.675 -0.66313811 -0.63 -0.63 -0.63 -0.63 -0.63 -0.63310354 -0.465 -0.465 -0.465 -0.465 -0.46311594 -0.40509402 -0.029233402 -0.22374247 -0.225 -0.225 -0.225 -0.225 -0.22500042 -0.415 -0.415 -0.415 -0.415 -0.415 -0.32893843 -0.23 -0.23 -0.23 -0.255 -0.255 -0.255 -0.77 -0.77 -1.075 -1.075 -0.20500002 -0.33255266 -0.34 
-0.405 -0.405 -0.405 -0.405 -0.405 -0.40500014 -0.88499989 -0.885 -0.87628383 -0.675 -0.675 -0.675 -0.675 -0.675 -0.67284152 -0.63 -0.63 -0.63 -0.63 -0.63 -0.63 -0.41487995 -0.40500008 -0.405 -0.405 -0.405 -0.405 -0.405 -0.10430522 -0.10000148 -0.1 -0.1 -0.1 -0.10000023 -0.415 -0.415 -0.415 -0.415 -0.415 -0.23000002 -0.23 -0.23 -0.23 -0.23000001 -0.25584169 -0.78 -0.77 -0.18529344 -1.0742114 -0.205 -0.205 -0.18961788 0.535 
-0.405 -0.405 -0.405 -0.405 -0.405 -0.40503066 -0.88497411 -0.88498729 -0.67500026 -0.675 -0.675 -0.675 -0.675 -0.675 -0.67414375 -0.63 -0.63 -0.63 -0.63 -0.63 -0.63 -0.405 -0.405 -0.405 -0.405 -0.405 -0.405 -0.405 -0.10008419 -0.1 -0.1 -0.1 -0.1 -0.1 -0.18630997 -0.415 -0.415 -0.415 -0.415 -0.23 -0.23 -0.23 -0.23 -0.2301409 -0.78 -0.78 -0.77620815 -0.175 -0.175 -0.205 -0.205 0.535 0.535 
-0.405 -0.405 -0.405 -0.405 -0.405 -0.40564015 -0.88442431 -0.69869713 -0.675 -0.675 -0.675 -0.675 -0.675 -0.675 -0.6742122 -0.63 -0.63 -0.63 -0.63 -0.63 -0.59796409 -0.405 -0.405 -0.405 -0.405 -0.405 -0.405 -0.405 -0.10000122 -0.1 -0.1 -0.1 -0.1 -0.1 -0.1 -0.51632832 -0.67386732 -0.76000229 -0.77311514 -0.2733881 -0.23000002 -0.23 -0.23 -0.77995608 -0.78 -0.77785109 -0.41999883 -0.175 -0.175 0.39492476 0.395 0.395 0.53499994 
-0.405 -0.405 -0.405 -0.405 -0.40500049 -0.40900292 -0.86348115 -0.67505774 -0.675 -0.675 -0.675 -0.675 -0.675 -0.675 -0.67394918 -0.63 -0.63 -0.63 -0.63 -0.63 -0.40500097 -0.405 -0.405 -0.405 -0.405 -0.405 -0.405 -0.405 -0.10000008 -0.1 -0.1 -0.1 -0.1 -0.1 -0.10000014 -0.78 -0.78 -0.78 -0.78 -0.905 -0.905 -0.905 -0.905 -0.42000104 -0.42 -0.42 -0.42 -0.41999481 0.05 0.05 0.395 0.395 0.62427159 
-0.405 -0.405 -0.405 -0.40500004 -0.4050134 -0.41793592 -0.68858027 -0.67500274 -0.675 -0.675 -0.675 -0.675 -0.675 -0.675 -0.67347242 -0.63000002 -0.63 -0.63 -0.63 -0.62864582 -0.405 -0.405 -0.405 -0.405 -0.405 -0.405 -0.405 -0.405 -0.10000007 -0.1 -0.1 -0.1 -0.1 -0.1 -0.77999938 -0.78 -0.78 -0.78 -0.78 -0.905 -0.905 -0.905 -0.905 -0.77410059 -0.42 -0.42 -0.42 0.049994743 0.05 0.05 0.73 0.73 0.73 
-0.405 -0.405 -0.40500002 -0.40500109 -0.40513087 -0.44397318 -0.67568327 -0.67500069 -0.675 -0.675 -0.675 -0.675 -0.675 -0.675 -0.6728266 -0.63000106 -0.63 -0.63 -0.62999974 -0.40955886 -0.405 -0.405 -0.405 -0.405 -0.405 -0.405 -0.405 -0.405 -0.10000029 -0.1 -0.1 -0.1 -0.1 -0.58680791 -0.78 -0.78 -0.78 -0.78 -0.78 -0.905 -0.905 -0.905 -0.905 -0.905 -0.42 -0.42 -0.42 0.049999995 0.05 0.05 0.73 0.73 0.73 
-0.40500001 -0.40500003 -0.40500045 -0.40501282 -0.40573044 -0.5715129 -0.67510743 -0.67500042 -0.675 -0.675 -0.675 -0.675 -0.675 -0.67499992 -0.67205877 -0.63001643 -0.63 -0.62999999 -0.62883507 -0.40501913 -0.405 -0.405 -0.405 -0.405 -0.405 -0.405 -0.405 -0.40499982 -0.10000191 -0.1 -0.10000047 -0.7065384 -0.765 -0.765 -0.765 -0.78 -0.78 -0.78 -0.78 -0.905 -0.905 -0.905 -0.905 -0.905 -0.4200086 -0.42 -0.41999977 0.049999966 0.05 0.050000369 0.73 0.73 0.73 
