interpolatedSpi/03-07|19_3.tif
NCOLS 53
NROWS 52
XLLCORNER -116.03883
YLLCORNER 28.596182
DX 0.49850594
DY 0.49788537
NODATA_VALUE -9999
[rows 0 to 33 of 52, columns 0 to 52 of 53]
0.19833333 0.19833333 0.063324789 -0.175 -0.25833333 -0.16166667 -0.26833333 -0.42666667 -0.92893222 -0.88666667 -0.675 -0.44 -0.71497543 -0.41666667 -0.53 -0.53 -0.53 0.038333333 -0.26 -0.26 -0.26 -0.26000933 -1.2283333 -0.49166667 -0.49166667 -0.49166667 -0.8366592 -0.83666667 -0.83666667 -1.2183333 -1.2183333 -1.2183333 -1.2183333 -1.8783332 -1.8783333 -1.8783333 -1.8783333 -1.8783333 -1.8783333 -1.8783333 -0.45038012 -0.43524326 -1.39 -1.39 -1.39 -1.39 -1.3905934 -1.7533333 -1.7533333 -1.7533333 -1.0350015 -1.035 -1.035
0.19830904 -0.34833333 0.10833375 0.036160898 -0.23179983 0.31333333 0.67666667 -0.32002392 -0.89333333 -0.78 -0.37333333 -0.715 -0.715 0.0035939654 -0.41666257 -0.53 0.038333333 0.038333333 -0.25961101 -0.26 -0.26 -0.26 -0.51201968 -0.49166667 -0.49166667 -0.49166667 -0.66999999 -0.67 -1.2183333 -1.2183333 -1.2183333 -1.2183333 -1.2183333 -1.8783332 -1.8783333 -1.8783333 -1.8783333 -1.8783333 -1.8783332 -1.6167453 -0.36503955 -1.2656242 -1.39 -1.39 -1.39 -1.39 -1.39 -1.7533333 -1.7533333 -1.7533333 -1.6937684 -1.035 -1.035
0.13999132 0.14 0.46666667 0.42666667 -0.39833333 -0.78 -0.395 -0.18666667 -0.96166667 -0.9 -0.345 -0.89833333 -0.29833333 -0.21833333 0.005 -1.0416667 0.038333333 0.038333333 0.038333333 -0.42995058 -0.43 -0.43 -0.87833333 -0.49166667 -0.49166667 -0.49166667 -0.67 -0.67 -0.67 -1.2183333 -1.2183333 -1.2183333 -1.3483114 -1.8741768 -1.8605553 0.014164438 0.031666667 0.031666667 -0.018223546 -0.365 -0.365 -0.36631072 -1.39 -1.39 -1.39 -1.39 -1.39 -1.7533333 -1.7533333 -1.7533333 -1.7533333 -1.035 -1.035
0.11 0.13999985 -0.59177288 0.12666667 -0.605 -0.525 -0.325 -0.895 -0.58666667 -0.068508658 -0.875 -1.0583333 -1.0033333 -0.21833333 -0.55 -1.0416667 -0.7489237 -0.74611665 -1.21 -0.43 -0.43 -0.685 -0.87833333 -0.87833333 -0.49166667 -0.49166756 -0.67 -0.67 -0.67 -1.4483333 -1.4702804 -1.4883333 -1.4883333 -1.4883321 0.031666667 0.031666667 0.031666667 0.031666667 -0.365 -0.365 -0.365 -0.36500004 -1.39 -1.39 -1.39 -1.39 -1.39 -1.7533287 -1.7533333 -1.7533333 -1.7533333 -1.0349911 -1.035
0.11 -0.29333388 -0.59166667 -0.80250177 -0.605 -0.64666667 -0.79663607 -0.96666667 -0.87666667 -1.2066667 -1.1217271 -1.0799964 -1.055 -0.55 -0.55 -0.87433844 -0.74666667 -0.74666667 -1.21 -1.21 -0.43000057 -0.685 -1.04 -1.0883333 -0.78333333 -0.78338359 -0.67 -0.67 -1.4483333 -1.4483333 -1.4883333 -1.4883333 -1.4883333 -1.4946191 0.031666665 0.031666667 0.031666667 -0.365 -0.365 -0.365 -0.365 -0.36501368 -1.39 -1.39 -1.39 -1.39 -1.39 -1.3932341 -1.7533333 -1.7532889 -0.76166667 -0.76166667 -0.76166667
-1.73 -0.44 0.03666668 -0.58333333 -0.175 -0.27333333 -1.07 -1.0567704 -1.315 -1.1 -1.2866667 -1.1683333 -1.1683333 -1.85 -1.85 -1.0682504 -1.0683333 -0.955 -0.955 -1.2099998 -1.2866667 -1.2866667 -1.0883333 -0.78333333 -0.78333333 -0.99833333 -1.3766667 -1.3766667 -0.90338309 -1.4483333 -1.4883333 -1.4883333 -1.5216667 -1.521671 -1.5633302 -1.2 -1.2 -0.62332631 -0.365 -0.365 -0.50648998 -0.50666667 -0.5066657 -0.045821498 -0.021817896 -0.021667031 -0.021666713 -0.021667189 -0.79515891 -0.76166667 -0.76166667 -0.76166667 -0.76166667
-1.1150023 -0.36166667 -0.42294549 -0.22333333 0.13833333 -0.97833333 -1.21 -1.3483333 -1.425 -1.425 -1.2866667 -1.1966667 -1.3766666 -1.85 -0.72500337 -0.725 -1.0683333 -0.805 -0.92666667 -0.92666667 -1.3015901 -1.3183333 -1.3183333 -1.01 -0.99833333 -0.99833333 -1.3766667 -1.3766667 -0.90334518 -0.90355149 -0.78433051 -1.5216667 -1.5216667 -1.5633333 -1.5633333 -1.2317707 -1.2 -1.2 -1.2349988 -0.50666768 -0.50666667 -0.50666667 -0.50666079 -0.021667076 -0.021666667 -0.021666667 -0.021666667 -0.021667112 -0.76833333 -0.76166799 -0.76166667 -0.76166667 -0.76166667
-1.115 -1.3816667 -0.135 -1.265 -0.7916938 -1.5533333 -1.3583333 -1.265 -1.3383333 -0.93166667 -0.93166667 -0.94666667 -1.3766667 -1.3766667 -0.72947104 -0.62026295 -0.61 -0.545 -1.0166666 -0.92666667 -0.43219805 -0.38833333 -1.0816667 -1.1883333 -1.1883331 -1.1666667 -0.51 -0.51000031 -1.1059542 -1.1066667 -0.78333333 -0.83885137 -1.3 -1.5633333 -1.5455551 -1.2583333 -1.2583333 -1.235 -1.235 -0.50666667 -0.50666667 -0.50666666 -0.096644377 -0.094999996 -0.021666667 -0.021666667 -0.021666667 -0.76830491 -0.76833333 -0.76833333 -0.76166667 -0.76166667 -0.76166667
-1.2865916 -1.3816667 -0.67666667 -0.11166667 -0.53833333 -1.1533333 -1.0266667 -0.875 -1.205 -0.76640931 -0.78666667 -0.77 -0.77 -0.26 -0.25999726 -1.1152545 -1.1166667 -1.1166667 -0.61700065 -0.2766668 -0.905 -0.90499999 -0.70666667 -0.93388533 -1.1688501 -1.1666667 -0.81833333 -0.51 -0.75191932 -0.75333333 -0.71 -0.65333333 -0.6508176 -1.2183333 -0.94 -0.98 -0.985 -1.2433333 -0.63028321 -0.50491092 -0.11333333 -0.305 -0.095041786 -0.095 -0.09458724 -0.021666667 -0.68999996 -0.76833333 -0.76833333 -0.76833333 -0.76833333 -0.66102315 0.13
-0.755 -0.755 -0.78666667 -0.43166667 -0.41333333 -1.2366667 -0.77166667 -0.94166667 -0.28166667 -0.65497201 -0.53333333 -0.70666667 -0.26 -0.26 0.031666667 0.015916756 -1.1166667 -1.1164888 -0.375 -0.27666667 -0.27666667 -0.35761706 -0.70666667 -0.99832781 -0.99833333 -0.99833333 -0.81833333 -0.23 -0.23 -0.75333333 -0.75333333 -0.65332385 -0.64833333 -1.2183333 -0.76166667 -0.98 -0.985 -1.47 -0.63 0.46528956 -0.30499999 -0.3221425 -0.35166667 -0.095 -0.095 -0.69 -0.69 -0.69 -0.76833333 -0.76833333 0.046666667 0.046666667 0.046666698
-0.755 -0.755 -0.92666667 -1.4933333 -0.77 -0.48666667 -0.76333333 -0.78845451 -1.0116667 -0.97 -0.41166667 -0.94 -0.70697664 0.031666667 0.031666667 0.031665705 0.023333333 0.0024269314 -0.375 -0.19833333 -0.19833333 0.5 0.5 -0.99833333 -0.99833333 -0.99833333 -0.23 -0.23 -0.23 -1.11 -1.11 -1.1099992 -0.67666667 -0.67666667 -1.455 -0.88333333 -0.21833333 -0.92333189 -0.685 0.48333333 0.48333333 -0.2816669 -0.35166667 -0.095 -0.083333594 -0.43 -0.10917895 -0.10666667 0.50666667 0.50666667 0.046666667 0.046666667 0.046666667
-0.755 -0.82930913 -1.1684835 -1.4683163 -0.34666667 -0.60666667 -0.76333333 -0.78833333 -1.0116648 -0.97046162 -0.94000004 -0.94 0.24833333 0.031666667 0.031666667 0.023333334 0.023333333 0.023310663 -0.375 -0.19833333 -0.061194874 0.5 0.5 -0.99827294 -0.99833333 -0.77096897 -0.30666667 -0.30666667 -0.30666666 -1.11 -1.11 -0.32166667 -0.32166667 -0.6766688 -1.455 0.03499964 -0.30412246 -0.92333333 -0.92333333 0.48333331 -0.28166667 -0.28166667 -0.28166524 -0.083333333 -0.083333333 -0.43 -0.10666667 -0.10666667 0.50666667 0.50666667 0.046666667 0.046666667 0.046666667
-0.74333333 -0.44408232 -0.39504024 -0.40276115 -0.34666812 -0.60666053 -0.76333333 -0.7880256 -0.99627672 -1.0105786 0.24833333 0.24833333 0.24833333 0.24833333 0.031697359 0.023333333 0.023333333 0.018190215 -0.375 -0.1981107 0.575 0.575 0.575 0.575 -0.97113844 -0.30666667 -0.30666667 -0.30666667 -0.30666667 -0.3070781 -0.32166667 -0.32166667 -0.32166667 -0.32166667 0.034999999 0.035 0.035 -0.87692726 -0.91224277 0.55333333 0.55333333 -0.28162175 0.286654 -0.083297696 -0.083333333 -0.43 -0.10666667 -0.10666667 0.50666666 0.50666667 0.048335497 0.046666667 -0.13523988
-0.74333333 -0.395 -0.395 -0.395 -0.395 -0.39500009 -0.76293225 -0.77519138 -0.95521775 0.2469775 0.24833333 0.24833333 0.24833333 0.24833333 0.24833366 0.023333333 0.02333327 -0.0039896146 -0.37499138 0.575 0.575 0.575 0.575 0.575 0.57171797 -0.11564931 -0.10000004 -0.1 -0.1 -0.1 -0.32166665 -0.32166667 -0.32166602 0.22 0.22 0.035 0.57618673 0.59166667 0.55333336 0.55333333 0.55333333 0.55333333 0.28666667 0.28666667 0.28666667 0.28167932 0.14826288 0.15 0.15 0.15 0.15000001 0.77999985 0.78
0.59833333 -0.395 -0.395 -0.395 -0.395 -0.395 -0.39500002 -0.4609763 0.69282001 0.70166667 0.70166667 0.70166667 0.70166667 0.70166667 0.70166666 0.86160884 0.036654748 -0.03121159 0.57488069 0.575 0.575 0.575 0.575 0.57500041 0.42333333 0.42333333 0.4233326 -0.1 -0.1 -0.098821897 0.48833333 0.48833333 0.22 0.22 0.22 0.53212988 0.59166667 0.59166667 0.59166667 0.55333333 0.55333333 0.55333333 0.28666667 0.28666667 0.28666667 0.28666667 0.15000001 0.15 0.15 0.15 0.15 0.78 0.78
0.59833333 0.22852662 -0.395 -0.395 -0.395 -0.395 0.30986163 0.31 0.31000001 0.70166667 0.70166667 0.70166667 0.70166667 0.70166667 0.73769914 0.865 0.865 0.865 0.92227261 0.92333298 0.92333333 0.92333333 0.92333333 0.92333333 0.42333333 0.42333333 0.42333333 0.42333333 -0.1 0.48833333 0.48833333 0.48833333 0.22000002 0.22 0.22 0.96 0.59215435 0.59166667 0.59166667 0.55337653 0.63959422 0.8408049 0.28666667 0.28666667 0.6821092 0.68333333 0.68333333 0.15129671 0.93557847 0.93833326 0.93833318 1.4315679 0.78000133
0.59833333 0.25286794 -0.071973947 -0.395 -0.395 0.30958345 0.31 0.31 0.31 0.31282246 0.70166667 0.70166667 0.70166667 0.70166669 0.865 0.865 0.865 0.865 0.92328123 0.92333333 0.92333333 0.92333333 0.92333333 0.92333333 0.42333335 0.42333333 0.42333333 0.42333333 0.42356977 0.48833333 0.48833333 0.48833333 1.1133333 0.22009684 0.96 0.96 0.96 0.96178636 0.82584924 0.84166667 0.84166667 0.84166667 0.98833333 0.98833333 0.68333333 0.68333333 0.68333333 0.93833333 0.93833333 0.93833333 0.93833333 1.4316667 1.4316667
0.24378149 0.24333333 0.24333333 0.24333333 0.26 0.30999871 0.31 0.31 0.31 0.31 0.7024236 0.7016668 0.70166667 0.865 0.865 0.865 0.865 0.865 0.84074436 0.92333333 0.92333333 0.92333333 0.92333333 0.92333333 0.95328653 1.3833281 1.3833333 1.3833333 1.3833333 0.48833337 1.1133333 1.1133333 1.1133333 1.1133333 0.96 0.96000435 1.125 1.125 0.84520451 0.84166667 0.84166667 0.84166667 0.98833333 0.98833333 0.73055784 0.68333333 0.68333333 0.93833333 0.93833333 0.93833333 0.94362315 1.4316667 1.4316667
0.24333333 0.24333333 0.24333333 0.25118192 0.26 0.26 0.31 0.31 0.31 0.31 0.71166667 0.71166667 0.71166667 0.865 0.865 0.865 0.865 0.86495648 0.40833333 0.40833333 0.92333312 0.92333333 0.92280584 0.90166667 0.9060029 1.3833333 1.3833333 1.3833333 1.3833333 1.1133608 1.1133333 1.1133333 1.1133333 1.1133333 1.1249994 1.125 1.125 1.125 1.1240284 0.84166667 0.84166667 0.84166667 0.98833333 0.98833333 0.98833333 0.68333333 0.68333333 0.93833334 0.93833333 0.93833333 1.4316667 1.4316667 1.4316667
0.24333333 0.24333333 0.24333333 0.26 0.26 0.26 0.26000008 0.31 0.31 0.71125203 0.71166667 0.71166667 0.71166667 0.7117622 0.6518521 0.60166667 0.60166667 0.60166667 0.40833333 0.40833333 0.40833333 0.90166667 0.90166667 0.90166667 0.90169328 1.1805173 1.3833333 1.3833333 1.3833333 1.3621562 1.4116373 1.4116667 1.4116667 1.4116667 1.3053103 1.5583323 1.5583333 1.5583333 1.5583333 1.838197 1.8383333 1.8383333 0.98833333 0.98833333 1.6666638 1.6666666 1.4633333 1.4633333 1.5016667 1.5016667 1.5016667 1.4316667 1.3600641
0.24333665 0.24333333 0.24333333 0.26 0.26 0.26 0.26000001 0.84833318 0.31215247 0.71158808 0.71166667 0.71166667 0.71166667 0.71145082 0.60166667 0.60166667 0.60166667 0.60166661 0.40833333 0.40833333 0.40833333 0.90166667 0.90166667 0.90166667 0.99666667 0.99666667 1.2983333 1.2983333 1.2983333 1.2989516 1.4116667 1.4116667 1.4116667 1.4116667 1.4849597 1.5583333 1.5583333 1.5583333 1.5583333 1.8383333 1.8383333 1.8383333 1.832932 1.6666667 1.6666667 1.6666667 1.4633333 1.4633333 1.5016667 1.5016667 1.5016667 1.36 1.36
1.3116667 0.81888934 0.88166667 0.88148631 0.26 0.84492926 0.84833333 0.84833333 0.90116823 0.62500001 0.625 0.625 0.625 0.69499772 0.695 0.60166674 0.60166667 0.59657262 0.40833333 0.40833333 0.40833333 0.54333333 0.54333333 0.54333333 0.99666667 0.99666667 1.2983333 1.2983333 1.2983333 1.2983334 1.3450004 1.3450002 1.4099911 1.4115952 1.5831371 1.5833333 1.5833333 1.5833333 1.5833333 1.8383333 1.8383333 1.8383333 1.6761189 1.6666667 1.6666667 1.6666665 1.4633333 1.4633333 1.4633347 1.5016667 1.5016438 0.99 1.36
1.1383662 1.1383333 0.88166667 0.88166667 0.88166667 0.84833333 0.84833333 0.84833333 0.99333333 0.99333333 0.625 0.625 0.625 0.695 0.695 0.695 0.695 0.69496783 0.40833333 0.40833333 0.40833334 0.54333333 0.54333333 0.54333333 0.99666667 0.99666667 1.2983333 1.2983333 1.2983333 1.3444738 1.345 1.345 1.345 1.345 1.5832157 1.5833333 1.5833333 1.5833333 1.5833333 1.4083334 1.4083333 1.4083333 1.4083333 1.6666608 0.89833333 0.89833333 0.89833333 1.0383333 1.0383333 1.0383333 0.99 0.99 0.99
1.1383333 1.1383333 0.88166667 0.88166667 0.88166667 0.84850854 0.84833333 0.99333333 0.99333333 0.99333333 0.62504534 0.625 0.7748062 0.69500003 0.695 0.695 0.695 0.68 0.68 0.68 0.52 0.52000002 0.54333322 0.54333333 0.54365428 0.87 0.87 0.87000102 1.2982641 1.4249841 1.4249996 1.424986 1.3451367 1.345069 1.5409367 1.583333 1.5808478 0.84166667 0.84166667 1.4083333 1.4083333 1.4083333 1.4083333 0.89833333 0.89833333 0.89833333 0.89833333 1.0383333 1.0383333 1.0383333 0.99 0.99 0.99
1.1383333 1.1383333 0.88166667 0.88166667 0.88166667 0.88166667 0.9026026 0.99333333 0.99333333 0.99333333 0.99323114 0.80833333 0.80833333 0.80833333 0.6956679 0.695 0.68009996 0.68 0.68 0.68 0.52 0.52 0.52 0.52 0.87 0.87 0.87 0.87 0.87 1.425 1.425 1.425 1.425 1.4250001 1.4716667 0.84166667 0.84166667 0.84166667 0.84166667 0.84166573 0.45666667 0.45666667 0.45666667 0.5521224 0.75 0.75 0.75 1.0383333 1.0383335 1.25 1.25 1.6115154 1.6116667
1.1383333 1.1383333 0.97430531 0.88166667 0.88166667 0.88166668 1.2994558 0.99429978 0.99333333 0.99333333 0.80833345 0.80833333 0.80833333 0.80833333 0.80833333 0.79902467 0.68 0.68 0.68 0.68 0.52000124 0.52 0.52 0.52 0.87 0.87 0.87 0.87 0.87 0.90034094 1.425 1.425 1.425 1.4716667 1.4716667 1.4711775 0.84166667 0.84166667 0.93546309 1.0083333 0.45666667 0.45666667 0.45666667 0.55245222 0.75 0.75 0.75 1.475 1.2528035 1.25 1.25 1.6116667 1.6116667
1.6733333 1.6733333 1.6733333 1.0801593 0.88267243 1.3 1.3 1.3 1.3 1.36 1.36 0.80833337 0.80833333 0.80833333 0.80833333 0.80832523 0.68 0.68 0.68 0.68 0.58981881 0.52 0.52 0.52383833 0.67572087 0.87 0.87 0.87 0.715 0.715 0.715 0.71500298 1.4716667 1.4716667 1.4716667 1.4716667 1.0083333 1.0083333 1.0083333 1.0083333 0.79833333 0.79833333 0.79833333 1.1866589 1.1866667 1.1866667 1.1866665 1.475 1.475 1.2502742 1.25 1.611665 1.6116667
1.6733333 1.6733333 1.6733333 1.6733278 1.57 1.5307376 1.3 1.3 1.3 1.36 1.36 1.36 1.5283333 1.5283333 1.5283333 1.5283333 0.68142882 0.68 0.68 0.68 0.67758184 0.66666626 0.66666667 0.66666667 0.66666667 0.66666665 0.00833334 0.0083333333 0.715 0.715 0.715 0.715 1.4716665 1.4716667 1.4716667 1.4716501 1.0083333 1.0083333 1.0083333 1.0091668 0.79833333 0.79833333 0.79833333 1.1866487 1.1866667 1.1866667 1.1866667 1.475 1.475 1.475 1.275 1.275 1.4133333
1.6733333 1.6733333 1.6733333 1.5700002 1.57 1.57 1.3000001 1.3 1.3 1.36 1.36 1.36 1.5283333 1.5283333 1.5283333 1.5231291 1.46 1.46 1.459998 0.68440564 0.66666667 0.66666667 0.66666667 0.66666667 0.66666667 0.66617124 0.0083333333 0.0083333333 0.0083333347 0.715 0.715 0.71494529 1.2683333 1.2683333 1.2683333 0.98333333 0.98333333 1.1983333 1.1983333 1.1983333 1.3366667 0.79850219 0.79833836 1.4716667 1.4716667 1.4608655 1.1866679 1.475 1.475 1.275 1.275 1.275 1.4133333
1.6733333 1.6733333 1.6733333 1.57 1.57 1.57 1.57 1.3 1.3 1.36 1.36 1.5216024 1.5283333 1.5283333 1.5283333 1.46 1.46 1.46 1.46 1.46 0.66666667 0.66666667 0.66666667 0.66666667 0.66666667 0.0083355793 0.0083333333 0.0083333333 0.0083333333 0.63 0.63 0.63 1.2683333 1.2683333 1.2683333 0.98333333 0.98333333 1.1983333 1.1983333 1.3366667 1.3366667 1.3366667 1.4716667 1.4716667 1.4716667 1.4716667 1.4607137 1.3383333 1.3383333 1.3383333 1.275 1.2933333 1.2933333
1.6733333 1.6733333 1.6731894 1.57 1.57 1.57 1.57 1.7239086 1.7316667 1.7310286 1.36 1.5283424 1.5283333 1.5283333 1.5283331 1.46 1.46 1.46 1.46 1.46 1.3843621 0.66666667 0.66666667 0.66666667 0.66664058 0.0083632469 0.0083333333 0.0083333333 0.0083333333 0.63 0.63 0.63 0.6300931 1.2683333 0.98333333 0.98333333 0.98333333 0.98334222 1.1983428 1.3366667 1.3366667 1.3366667 1.4716585 1.4716667 1.4716667 1.4716667 1.3383307 1.3383333 1.3383333 1.3383333 1.2933333 1.2933333 1.2933333
1.4116667 1.4116671 1.5700488 1.57 1.57 1.57 1.7316323 1.7316667 1.7316667 1.7316667 1.6366667 1.6366667 1.6366667 1.6366667 1.4608154 1.46 1.46 1.46 1.46 1.415 1.415 1.415 0.54000002 0.54 0.54 0.54 0.49411033 0.0083333333 0.74663643 0.74666667 0.74666667 0.74666667 0.74666667 1.0366667 1.0366667 1.0366667 1.0366667 1.0366667 1.39 1.39 1.39 1.39 1.39 1.0772621 1.0766667 1.0766667 1.0766667 1.3383333 1.3383333 1.3383333 1.2933404 1.2933333 1.2933333
1.4116667 1.4116667 1.4131598 1.59 1.59 1.5901381 1.7316667 1.7316667 1.7316667 1.7316667 1.6366667 1.6366667 1.6366667 1.6366667 1.6366667 1.46 1.46 1.46 1.415 1.415 1.415 1.415 0.54 0.54 0.54 0.54 0.54 0.53988771 0.74674712 0.74666667 0.74666667 0.74666667 0.74669899 1.1056397 1.0367381 1.0366667 1.0366667 1.0366667 1.39 1.39 1.39 1.39 1.39 1.0766667 1.0766667 1.0766667 1.0766667 1.1990271 1.3383333 1.4207369 1.4216667 1.4033333 1.4033333
1.4116667 1.4116667 1.5899774 1.59 1.59 1.59 1.6259827 1.7316667 1.7316667 1.7316667 1.6366667 1.6366667 1.6366667 1.6366667 1.6366667 1.46013 1.46 1.4150132 1.415 1.415 1.415 1.415 0.86414942 0.54 0.54 0.54 0.54 0.54029388 0.955 0.955 0.955 0.955 0.955 1.1583333 1.1583333 1.1583333 1.1583333 1.1583333 1.5183333 1.5183333 1.5183333 1.5183333 1.5183333 1.0774236 1.0766668 1.0766667 1.0767192 1.0830392 1.4216667 1.4216667 1.4216667 1.4033334 1.4033333
