interpolatedSpi/03-09|23_2.tif
NCOLS 53
NROWS 52
XLLCORNER -116.03883
YLLCORNER 28.596182
DX 0.49850594
DY 0.49788537
NODATA_VALUE -9999
[rows 0 to 26 of 52, columns 0 to 52 of 53]
0.20285714 0.20285714 -0.092660562 -0.15 0.1 0.14 0.03 0.26 -0.67267625 -0.47571429 -0.28 -0.43285714 -0.84569735 -0.64 -0.53571429 -0.53571429 -0.53571429 -0.67285714 -0.55285714 -0.55285714 -0.55285714 -0.55285369 -0.19428572 -0.84571429 -0.84571429 -0.84571429 -0.79857166 -0.79857143 -0.79857143 -1.19 -1.19 -1.19 -1.19 -1.5542856 -1.5542857 -1.5542857 -1.5542857 -1.5542857 -1.5542857 -1.5542857 0.29861346 0.31824127 -0.97714286 -0.97714286 -0.97714286 -0.97714286 -0.97655019 -0.61428571 -0.61428571 -0.61428571 -0.06142972 -0.061428571 -0.061428571
0.20283029 -0.40142857 -0.03285728 -0.042938372 -0.037212127 -0.23857143 -0.30285714 -0.37687082 -0.62571429 -0.69571429 -0.52428571 -0.84571429 -0.84571429 -0.7838046 -0.64000082 -0.53571429 -0.67285714 -0.67285714 -0.55301361 -0.55285714 -0.55285714 -0.55285714 -0.86451325 -0.84571429 -0.84571429 -0.84571429 -0.60714287 -0.60714286 -1.19 -1.19 -1.19 -1.19 -1.19 -1.5542857 -1.5542857 -1.5542857 -1.5542857 -1.5542857 -1.5542857 -1.3848466 -0.48437334 -0.91733904 -0.97714286 -0.97714286 -0.97714286 -0.97714286 -0.97714286 -0.61428571 -0.61428571 -0.61428571 -0.56844227 -0.061428571 -0.061428571
0.44997931 0.45 -0.15142857 -0.17714286 -0.29857143 0.28285714 -0.25 0.26857143 -0.70142857 -0.84428571 -0.79714286 -0.64714286 -1.0157143 -0.99571429 -0.78428571 -1.4042857 -0.67285714 -0.67285714 -0.67285714 -0.4271794 -0.42714286 -0.42714286 -1.2028571 -0.84571429 -0.84571429 -0.84571429 -0.60714286 -0.60714286 -0.60714286 -1.19 -1.19 -1.19 -1.2388277 -1.5532779 -1.5506424 -1.166444 -1.1628571 -1.1628571 -1.0775107 -0.48428572 -0.48428571 -0.48491596 -0.97714286 -0.97714286 -0.97714286 -0.97714286 -0.97714286 -0.61428571 -0.61428571 -0.61428571 -0.61428571 -0.061428571 -0.061428571
0.44714286 0.44999984 -0.35014837 -0.22857143 -0.92714286 -0.55857143 -0.34285714 -0.66857143 -0.37428571 -0.74785587 -0.95 -1.0671429 -0.98142857 -0.99571429 -1.1985714 -1.4042857 -0.94213459 -0.93838525 -0.77142857 -0.42714286 -0.42714286 -0.95571429 -1.2028571 -1.2028571 -0.84571429 -0.84571309 -0.60714286 -0.60714286 -0.60714286 -1.0885714 -1.1998746 -1.2914286 -1.2914286 -1.2914285 -1.1628571 -1.1628571 -1.1628571 -1.1628571 -0.48428571 -0.48428571 -0.48428571 -0.48428573 -0.97714286 -0.97714286 -0.97714286 -0.97714286 -0.97714286 -0.61429029 -0.61428571 -0.61428571 -0.61428571 -0.061480973 -0.061428572
0.44714286 -0.12142899 -0.35 -0.89099863 -0.92714286 -1.1 -1.080034 -1.5285714 -1.5771429 -1.0471431 -1.1475644 -1.1870567 -0.58571429 -1.1985714 -1.1985714 -1.3288975 -0.93857143 -0.93857143 -0.77142857 -0.77142857 -0.4271439 -0.95571429 -0.72428571 -0.14142857 -0.53857143 -0.53856142 -0.60714286 -0.60714286 -1.0885714 -1.0885714 -1.2914286 -1.2914286 -1.2914286 -1.2407831 -1.1628571 -1.1628571 -1.1628571 -0.48428571 -0.48428571 -0.48428571 -0.48428571 -0.48436156 -0.97714286 -0.97714286 -0.97714286 -0.97714286 -0.97714286 -0.97391298 -0.61428571 -0.61433286 -1.6657143 -1.6657143 -1.6657143
-1.0042857 -0.63571429 -0.69142856 -0.62428571 -0.60714286 -1.2028571 -1.5142857 -1.5161147 -1.3685714 -1.7028571 -1.7557143 -1.4014286 -1.401428 -1.38 -1.38 -0.72419604 -0.72428571 -1.0028571 -1.0028571 -0.77142834 -0.85714286 -0.85714286 -0.14142857 -0.53857143 -0.53857143 -0.49571429 -1.1257143 -1.1257143 -0.96001235 -1.0885714 -1.2914286 -1.2914286 -1.0228571 -1.0228351 -0.81144373 -0.83571429 -0.83571429 -0.59300817 -0.48428571 -0.48428571 -1.26902 -1.27 -1.2699986 -1.0739742 -1.0757034 -1.0757143 -1.0757143 -1.0757143 -1.5711194 -1.6657143 -1.6657143 -1.6657143 -1.6657143
0.061424948 -0.36428571 -0.26986201 -0.88571429 -0.92571429 -1.4757143 -1.2442857 -1.4428571 -1.75 -1.75 -1.7557143 -1.7 -1.4257142 -1.38 -0.35286022 -0.35285714 -0.72428571 -0.11857143 -0.50571429 -0.50571429 -0.63093571 -0.37714286 -0.37714286 -0.53714286 -0.49571429 -0.49571429 -1.1257143 -1.1257143 -0.96002964 -0.96054566 -0.77072992 -1.0228571 -1.0228571 -0.81142857 -0.81142857 -1.0146674 -0.83571429 -0.83571429 -1.2157011 -1.2699999 -1.27 -1.27 -1.2699922 -1.0757148 -1.0757143 -1.0757143 -1.0757143 -1.0757146 -1.5885714 -1.665699 -1.6657143 -1.6657143 -1.6657143
0.061428571 -0.72142857 -0.33714286 -1.19 -0.6714583 -1.3885714 -1.8571429 -1.7942857 -1.4628571 -1.6971429 -1.6971429 -1.1057143 -1.4257143 -1.4257143 -0.36021794 -0.54932043 -0.56857143 -0.20428571 -0.50714286 -0.50571429 -0.52645213 -0.48 -0.92428571 -0.16 -0.16001013 -0.94571429 -0.79142857 -0.79142869 -1.4667893 -1.4685714 -0.76857143 -1.0234832 -0.83142857 -0.81142857 -0.82214439 -1.1642857 -1.1642857 -1.2157143 -1.2157143 -1.27 -1.27 -1.27 -1.1675405 -1.17 -1.0757143 -1.0757143 -1.0757143 -1.5885519 -1.5885714 -1.5885714 -1.6657143 -1.6657143 -1.6657143
-0.77821353 -0.72142856 0.048571429 -1.0585714 -0.85857143 -1.6471429 -1.2057143 -0.83857143 -1.6057143 -1.0008009 -0.54571429 -1.2071429 -1.2071429 -0.68 -0.68000019 -0.69820911 -0.69857143 -0.69857143 -0.25051733 -1.0685714 -1.0271429 -1.0271429 -1.2685714 -1.059963 -0.86653503 -0.94571429 -0.83428571 -0.79142857 -0.85392045 -0.85428571 -1.0771429 -1.15 -0.94565991 -1.3157143 -1.1871429 -1.4128571 -1.2871429 -1.0171429 -0.89005871 -1.2673983 -0.68714286 -0.76285714 -1.1699067 -1.17 -1.1694693 -1.0757143 -1.2857143 -1.5885714 -1.5885714 -1.5885714 -1.5885714 -1.5388946 -0.022857143
-1.0957143 -1.0957143 0.092857143 -0.25285714 -1.0671429 -0.70571429 -0.94857143 -1.5185714 -1.0328571 -0.8471732 -1.2114286 -0.47 -0.68 -0.68 -0.7 -0.69998041 -0.69857143 -0.69846167 -0.19 -1.0685714 -1.0685714 -1.063234 -1.2685714 -1.0371472 -1.0371429 -1.0371429 -0.83428571 -0.57 -0.57 -0.85428571 -0.85428571 -1.1492305 -0.74428571 -1.3157143 -0.98428571 -1.4128571 -1.2871429 -1.61 -0.89 -0.46556358 -0.76285714 -0.70198376 -0.59714286 -1.17 -1.17 -1.2857143 -1.2857143 -1.2857143 -1.5885714 -1.5885714 -0.64714286 -0.64714286 -0.64714262
-1.0957143 -1.0957143 -0.46428571 -0.86571429 -0.94428571 -0.33857143 -1.3071429 -0.60250728 -0.46428571 -0.68285714 -0.53571429 -0.34 -0.46982724 -0.7 -0.7 -0.69997165 -0.45428571 -0.44041476 -0.19 -0.10714286 -0.10714286 -0.33142857 -0.33142857 -1.0371429 -1.0371429 -1.0371429 -0.57 -0.57 -0.57 -0.94571429 -0.94571429 -0.94571395 -0.97571429 -0.97571429 -1.6385714 -1.2128571 -0.85714286 -0.92429118 -0.80857143 -0.45857143 -0.45857143 -0.80857073 -0.59714286 -1.17 -0.4028574 -0.55285714 -0.52756501 -0.52428572 -0.76857143 -0.76857143 -0.64714286 -0.64714286 -0.64714286
-1.0957143 -0.8231538 -0.6355896 -0.9428444 -0.51 -0.71571429 -1.3071429 -0.60142857 -0.46428686 -0.68043564 -0.34000045 -0.34 -0.047142857 -0.7 -0.7 -0.45428572 -0.45428571 -0.45427067 -0.19 -0.10714286 -0.15118801 -0.33142857 -0.33142857 -1.037114 -1.0371429 -0.82065755 -0.37857143 -0.37857143 -0.37857145 -0.94571429 -0.94571429 -0.37142857 -0.37142857 -0.9757161 -1.6385714 -0.87285752 -0.97099411 -0.92428571 -0.92428571 -0.45857144 -0.80857143 -0.80857143 -0.80856846 -0.40285714 -0.40285714 -0.55285714 -0.52428571 -0.52428571 -0.76857143 -0.76857143 -0.64714286 -0.64714286 -0.64714286
-0.29857143 -0.36796851 -0.35430432 -0.35854389 -0.51000119 -0.71570943 -1.3071428 -0.6101155 -0.47373626 -0.4699932 -0.047142857 -0.047142857 -0.047142857 -0.047142857 -0.69990752 -0.45428571 -0.45428571 -0.45087336 -0.19 -0.10707231 0.13857143 0.13857143 0.13857143 0.13857143 -1.0167009 -0.37857143 -0.37857143 -0.37857143 -0.37857143 -0.37878213 -0.37142857 -0.37142857 -0.37142857 -0.37142857 -0.87285714 -0.87285714 -0.87285714 -0.92255597 -0.92210766 -0.63428571 -0.63428571 -0.80856205 -0.63856336 -0.40287985 -0.40285714 -0.55285714 -0.52428571 -0.52428571 -0.76857143 -0.76857143 -0.64758339 -0.64714286 -0.84175996
-0.29857143 -0.35428571 -0.35428571 -0.35428571 -0.35428571 -0.35428587 -1.3056288 -0.9732073 -0.49894948 -0.047597482 -0.047142857 -0.047142857 -0.047142857 -0.047142857 -0.047142504 -0.45428572 -0.45428567 -0.43615752 -0.19000262 0.13857143 0.13857143 0.13857143 0.13857143 0.13857143 0.1462588 -0.040283836 0.055714196 0.055714286 0.055714286 0.055714286 -0.37142856 -0.37142857 -0.3714278 0.26714286 0.26714286 -0.87285714 -0.031216879 -0.0071428571 -0.63428535 -0.63428571 -0.63428571 -0.63428571 -0.63857143 -0.63857143 -0.63857143 -0.63797494 -0.26456402 -0.26285714 -0.26285714 -0.26285714 -0.26285715 -0.51714288 -0.51714286
-0.53142857 -0.35428571 -0.35428571 -0.35428571 -0.35428571 -0.35428571 -0.35428577 -0.6401337 0.44920307 0.45428571 0.45428571 0.45428571 0.45428571 0.45428571 0.45428571 0.63612762 -0.43689643 -0.41809591 0.13853003 0.13857143 0.13857143 0.13857143 0.13857143 0.13857179 0.49428571 0.49428571 0.4942851 0.055714286 0.055714286 0.056972963 0.68428571 0.68428571 0.26714286 0.26714286 0.26714286 0.03679496 -0.0071428571 -0.0071428571 -0.0071428571 -0.63428571 -0.63428571 -0.63428571 -0.63857143 -0.63857143 -0.63857143 -0.63857143 -0.26285715 -0.26285714 -0.26285714 -0.26285714 -0.26285714 -0.51714286 -0.51714286
-0.53142857 -0.4654803 -0.35428571 -0.35428571 -0.35428571 -0.35428571 0.60981074 0.61 0.61 0.45428571 0.45428571 0.45428571 0.45428571 0.45428571 0.49525559 0.64 0.64 0.64 0.44477938 0.44571397 0.44571429 0.44571429 0.44571429 0.44571429 0.49428571 0.49428571 0.49428571 0.49428571 0.055714286 0.68428571 0.68428571 0.68428571 0.26714289 0.26714286 0.26714286 0.51142857 -0.0064562525 -0.0071428571 -0.0071428571 -0.63426898 -0.60137694 -0.52461448 -0.63857143 -0.63857143 -0.59157406 -0.59142857 -0.59142857 -0.26322698 -0.48635908 -0.48714284 -0.48714281 -0.32002988 -0.51714246
-0.53142857 0.33466858 0.0064528173 -0.35428571 -0.35428571 0.60943025 0.61 0.61 0.61 0.60887788 0.45428571 0.45428571 0.45428571 0.45428574 0.64 0.64 0.64 0.64 0.44588784 0.44571429 0.44571429 0.44571429 0.44571429 0.44571429 0.49428571 0.49428571 0.49428571 0.49428571 0.49497681 0.68428571 0.68428571 0.68428571 0.85142857 0.26718181 0.51142857 0.51142857 0.51142857 0.50999234 -0.49151871 -0.52428571 -0.52428571 -0.52428571 -0.82285714 -0.82285714 -0.59142857 -0.59142857 -0.59142857 -0.48714286 -0.48714286 -0.48714286 -0.48714286 -0.32 -0.32
0.35810216 0.35857143 0.35857143 0.35857143 0.89428571 0.61000733 0.61 0.61 0.61 0.61 0.4489862 0.4542848 0.45428571 0.64 0.64 0.64 0.64 0.64 0.63216409 0.44571429 0.44571429 0.44571429 0.44571429 0.44571429 0.57742794 0.75285574 0.75285714 0.75285714 0.75285714 0.68428572 0.85142857 0.85142857 0.85142857 0.85142857 0.51142857 0.51142522 0.38428571 0.38428571 -0.51294085 -0.52428571 -0.52428571 -0.52428571 -0.82285714 -0.82285714 -0.62726168 -0.59142857 -0.59142857 -0.48714286 -0.48714286 -0.48714286 -0.48535065 -0.32 -0.32
0.35857143 0.35857143 0.35857143 0.61084728 0.89428571 0.89428571 0.61 0.61 0.61 0.61 0.38428571 0.38428571 0.38428571 0.64 0.64 0.64 0.64 0.64002904 0.75714286 0.75714286 0.44571441 0.44571429 0.44867056 0.56714286 0.56881476 0.75285714 0.75285714 0.75285714 0.75285714 0.85141853 0.85142857 0.85142857 0.85142857 0.85142857 0.38428616 0.38428571 0.38428571 0.38428571 0.3810579 -0.52428571 -0.52428571 -0.52428571 -0.82285714 -0.82285714 -0.82285714 -0.59142857 -0.59142857 -0.48714286 -0.48714286 -0.48714286 -0.32 -0.32 -0.32
0.35857143 0.35857143 0.35857143 0.89428571 0.89428571 0.89428571 0.89428528 0.61 0.61 0.38451872 0.38428571 0.38428571 0.38428571 0.38444504 0.78222708 0.81571429 0.81571429 0.81571429 0.75714286 0.75714286 0.75714286 0.56714286 0.56714286 0.56714286 0.56714166 0.65319752 0.75285714 0.75285714 0.75285714 0.43790981 0.34576402 0.34571429 0.34571429 0.34571429 0.15111333 -0.17714158 -0.17714286 -0.17714286 -0.17714286 -0.59570451 -0.59571429 -0.59571429 -0.82285714 -0.82285714 -0.53714405 -0.53714285 -0.51 -0.51 -0.33142857 -0.33142857 -0.33142857 -0.32 -0.30144518
0.35857225 0.35857143 0.35857145 0.89428571 0.89428571 0.89428571 0.89428571 0.45571433 0.60938311 0.38442303 0.38428571 0.38428571 0.38428571 0.3851323 0.81571429 0.81571429 0.81571429 0.81571427 0.75714286 0.75714286 0.75714286 0.56714286 0.56714286 0.56714286 0.56285714 0.56285714 0.66571428 0.66571429 0.66571429 0.66396859 0.34571429 0.34571429 0.34571429 0.34571429 0.084429231 -0.17714286 -0.17714286 -0.17714286 -0.17714286 -0.59571429 -0.59571429 -0.59571429 -0.5938714 -0.53714286 -0.53714286 -0.53714286 -0.51 -0.51 -0.33142857 -0.33142857 -0.33142857 -0.30142857 -0.30142857
0.62285714 0.49794537 0.38428571 0.38443367 0.89428571 0.45825185 0.45571429 0.45571429 0.55617868 0.53571429 0.53571429 0.53571429 0.53571429 0.97712849 0.97714286 0.81571441 0.81571429 0.81417101 0.75714286 0.75714286 0.75714286 0.38857143 0.38857143 0.38857143 0.56285714 0.56285714 0.66571429 0.66571429 0.66571429 0.665714 0.27428617 0.27428591 0.34391904 0.34563771 -0.40913667 -0.41 -0.41 -0.41 -0.41 -0.59571429 -0.59571429 -0.59571429 -0.54036785 -0.53714286 -0.53714286 -0.53714291 -0.51 -0.51 -0.50999357 -0.33142857 -0.33144371 -0.67 -0.30142857
0.55858364 0.5585714 0.38428571 0.38428571 0.38428571 0.45571429 0.45571429 0.45571429 0.73142857 0.73142857 0.53571429 0.53571429 0.53571429 0.97714286 0.97714286 0.97714286 0.97714286 0.97711783 0.75714286 0.75714286 0.75714284 0.38857143 0.38857143 0.38857143 0.56285714 0.56285714 0.66571429 0.66571429 0.66571429 0.2786991 0.27428571 0.27428571 0.27428571 0.27428571 -0.40966235 -0.41 -0.41 -0.41 -0.41 -0.40142862 -0.40142857 -0.40142857 -0.40142857 -0.53714496 -0.81142857 -0.81142857 -0.81142857 -0.98571429 -0.98571429 -0.98571429 -0.67 -0.67 -0.67
0.55857143 0.55857143 0.38428571 0.38428571 0.38428571 0.45533884 0.45571429 0.73142857 0.73142857 0.73142857 0.53573838 0.53571429 0.67345817 0.97714279 0.97714286 0.97714286 0.97714286 0.53142857 0.53142857 0.53142857 0.40142857 0.40142856 0.38857149 0.38857143 0.38868388 0.49571429 0.49571429 0.49571469 0.66568681 0.078610432 0.07857247 0.078605598 0.27395122 0.27411681 -0.28825422 -0.41000005 -0.41042608 -0.53714286 -0.53714286 -0.40142857 -0.40142857 -0.40142857 -0.40142857 -0.81142857 -0.81142857 -0.81142857 -0.81142857 -0.98571429 -0.98571429 -0.98571429 -0.67 -0.67 -0.67
0.55857143 0.55857143 0.38428571 0.38428571 0.38428571 0.38428571 0.55890609 0.73142857 0.73142857 0.73142857 0.73141358 0.70428571 0.70428571 0.70428571 0.97553485 0.97714286 0.5343987 0.53142857 0.53142857 0.53142857 0.40142857 0.40142857 0.40142857 0.40142857 0.49571429 0.49571429 0.49571429 0.49571429 0.49571429 0.078571429 0.078571429 0.078571429 0.078571429 0.078570424 -0.39857143 -0.53714286 -0.53714286 -0.53714286 -0.53714286 -0.53714334 -0.71285714 -0.71285714 -0.71285714 -0.72680381 -0.75571429 -0.75571429 -0.75571429 -0.98571428 -0.98571442 -1.1228571 -1.1228571 -0.48433089 -0.48428571
0.55857143 0.55857143 0.44719062 0.38428571 0.38428571 0.38428572 0.63017999 0.73110892 0.73142857 0.73142857 0.7042857 0.70428571 0.70428571 0.70428571 0.70428571 0.72662522 0.53142857 0.53142857 0.53142857 0.53142857 0.40142958 0.40142857 0.40142857 0.40142857 0.49571429 0.49571429 0.49571429 0.49571429 0.49571429 0.021566219 0.078571429 0.078571429 0.078571429 -0.39857143 -0.39857143 -0.39867903 -0.53714286 -0.53714286 -0.70758435 -0.83999997 -0.71285714 -0.71285714 -0.71285714 -0.72662006 -0.75571429 -0.75571429 -0.75571429 -0.73428571 -1.1180156 -1.1228571 -1.1228571 -0.48428571 -0.48428571
0.66857143 0.66857143 0.66857143 0.45556396 0.38447527 0.63 0.63 0.63 0.63 0.62428571 0.62428571 0.70428571 0.70428571 0.70428571 0.70428571 0.70427473 0.53142857 0.53142857 0.53142857 0.53142857 0.45815635 0.40142857 0.40142857 0.41320526 0.83558901 0.49571429 0.49571429 0.49571429 0.0014285714 0.0014285714 0.0014285714 0.0014288952 -0.39857143 -0.39857143 -0.39857143 -0.39857143 -0.84 -0.84 -0.84 -0.84 -0.55571429 -0.55571429 -0.55571429 -0.75428172 -0.75428571 -0.75428571 -0.75428571 -0.73428571 -0.73428571 -1.1223837 -1.1228571 -0.48428562 -0.48428571
