interpolatedSpi/03-09|20_1.tif
NCOLS 53
NROWS 52
XLLCORNER -116.03883
YLLCORNER 28.596182
DX 0.49850594
DY 0.49788537
NODATA_VALUE -9999
[rows 0 to 33 of 52, columns 0 to 52 of 53]
-0.06625 -0.06625 -0.20025534 -0.42125 0.02875 0.1125 0.275 0.235 -0.0062476531 -0.19375 -0.20625 0.09 0.061263587 0.22625 -0.1125 -0.1125 -0.1125 0.11125 0.19375 0.19375 0.19375 0.19374807 -0.0062500008 -0.09 -0.09 -0.09 0.19625109 0.19625 0.19625 -0.03 -0.03 -0.03 -0.03 0.39999991 0.4 0.4 0.4 0.4 0.4 0.40000001 0.77842348 0.78234907 0.19 0.19 0.19 0.19 0.19046959 0.4775 0.4775 0.4775 0.6687496 0.66875 0.66875
-0.066257775 -0.24125 -0.092499593 -0.0014825393 0.2522672 0.235 0.22125 0.12264593 -0.03375 0.03875 0.1675 0.06125 0.06125 0.36329151 0.22624867 -0.1125 0.11125 0.11125 0.19364243 0.19375 0.19375 0.19375 -0.10579113 -0.09 -0.09 -0.09 0.0037499936 0.0037500001 -0.03 -0.03 -0.03 -0.03 -0.03 0.39999994 0.4 0.4 0.4 0.4 0.39999999 0.351176 0.091275545 0.17801762 0.19 0.19 0.19 0.19 0.19 0.4775 0.4775 0.4775 0.49335863 0.66875 0.66875
0.4724764 0.4725 0.26 0.6825 0.195 0.13375 0.30875 -0.015 0.1175 0.09125 0.43125 -0.05375 -0.3125 0.005 0.36375 0.35375 0.11125 0.11125 0.11125 0.083781977 0.08375 0.08375 -0.39 -0.09 -0.09 -0.09 0.00375 0.00375 0.00375 -0.03 -0.03 -0.030000025 -0.27551403 0.39898151 0.39898777 0.29224653 0.29125 0.29125 0.26609527 0.091250001 0.09125 0.091376277 0.19 0.19 0.19 0.19 0.19 0.4775 0.4775 0.4775 0.4775 0.66875 0.66875
0.2775 0.47249994 0.16623123 0.33125 0.04875 0.17375 0.39 -0.22625 0.115 0.23600359 0.3875 0.2775 0.1275 0.005 0.26625 0.35375 -0.22305289 -0.22726265 -0.2825 0.08375 0.08375 -0.60125 -0.39 -0.39 -0.09 -0.089999532 0.00375 0.00375 0.00375 -0.46 -0.50389422 -0.54 -0.54 -0.53999934 0.29125 0.29125 0.29125 0.29125 0.09125 0.09125 0.09125 0.091250004 0.19 0.19 0.19 0.19 0.19 0.47749637 0.4775 0.4775 0.4775 0.66869611 0.66875
0.2775 0.060000195 0.16625 0.20348407 0.04875 0.1625 0.037519027 -0.13875 -0.11375 0.073749968 0.16927809 0.21502077 0.36 0.26625 0.26625 0.31566388 -0.2275 -0.2275 -0.2825 -0.2825 0.083748607 -0.60125 -0.73 -0.3325 -0.3 -0.3000277 0.00375 0.00375 -0.46 -0.46 -0.54 -0.54 -0.54 -0.47069934 0.29125 0.29125 0.29125 0.09125 0.09125 0.09125 0.09125 0.091244932 0.19 0.19 0.19 0.19 0.19 0.19255911 0.4775 0.47743459 -0.98125 -0.98125 -0.98125
-0.76 0.065 0.37875 0.17 0.30875 0.35 0.09375 0.063983341 0.14875 -0.1575 0.2125 -0.25375 -0.2537496 0.01125 0.01125 -0.28872586 -0.28875 -0.3 -0.3 -0.28250023 -0.85125 -0.85125 -0.3325 -0.3 -0.3 -0.41875 -0.6725 -0.6725 -0.14877849 -0.46 -0.54 -0.54 -0.1725 -0.17249909 -0.16375071 -0.42375 -0.42375 -0.068077006 0.09125 0.09125 0.038815479 0.038750001 0.038750664 -0.69534047 -0.71115039 -0.71124976 -0.71124997 -0.71124967 -1.2562284 -0.98125 -0.98125 -0.98125 -0.98125
-0.59500404 -0.12875 -0.45359426 0.1075 0.415 -0.04375 0.081250001 0.19625 -0.1675 -0.1675 0.2125 -0.10625 -0.27000004 0.01125 -0.1887494 -0.18875 -0.28875 -0.45875 -0.54875 -0.54875 -0.84889368 -0.84625 -0.84625 -0.5925 -0.41875 -0.41875 -0.6725 -0.6725 -0.14875969 -0.14892837 0.2058878 -0.1725 -0.1725 -0.16375 -0.16375 -0.56059081 -0.42375 -0.42375 -0.90873319 0.038748681 0.03875 0.03875 0.038752866 -0.71124785 -0.71125 -0.71125 -0.71125 -0.71125039 -1.36375 -0.9813258 -0.98125 -0.98125 -0.98125
-0.595 -0.7875 -0.2875 -0.70875 -0.77249635 -0.29875 -0.09125 -0.38749999 -0.2825 -0.275 -0.275 -0.44375 -0.27 -0.27 -0.18930745 -0.28210259 -0.29125 -0.33125 -0.53000002 -0.54875 -0.74431298 -0.7025 -0.9025 -0.65125 -0.65125089 -0.72 -0.72 -0.71999998 -0.31441744 -0.31499999 0.2075 -0.11956939 -0.1225 -0.16375 -0.17255592 -0.675 -0.675 -0.90875 -0.90875 0.03875 0.03875 0.038750006 -0.32397629 -0.32500002 -0.71125 -0.71125 -0.71125 -1.3637252 -1.36375 -1.36375 -0.98125 -0.98125 -0.98125
-0.79584435 -0.78749999 -0.6475 -0.4175 -0.27 -0.44875 -0.16875 0.17625 0.09 0.10096477 -0.0575 -0.30125 -0.30125 -0.37125 -0.37124857 -0.58916736 -0.59 -0.59 -0.3615895 -1.08625 -1.195 -1.195 -0.78875 -0.85767299 -0.71307182 -0.72 -0.735 -0.72 -0.53731777 -0.53625 -0.11875 0.2075 -0.044956899 -0.60125 -0.4725 -0.59 -0.5825 -0.54875 -0.69243362 0.040044494 0.32875 -0.21125 -0.32498494 -0.325 -0.32717402 -0.71125 -0.81624999 -1.36375 -1.36375 -1.36375 -1.36375 -0.97300138 -0.765
-0.8425 -0.8425 -0.50125 -0.4025 -0.23125 -0.2075 -0.125 -0.11375 0.195 0.10373487 -0.14 -0.02375 -0.37125 -0.37125 -0.21875 -0.22384186 -0.59 -0.58998486 -0.53125 -1.08625 -1.08625 -1.1002606 -0.78875 -1.0224956 -1.0225 -1.0225 -0.735 -0.46 -0.46 -0.53625 -0.53625 0.20654932 -0.29375 -0.60125 -0.435 -0.59 -0.5825 -0.87875 -0.6925 -0.05549402 -0.21124998 -0.21905596 -0.2325 -0.325 -0.325 -0.81625 -0.81625 -0.81625 -1.36375 -1.36375 -0.915 -0.915 -0.91499994
-0.8425 -0.8425 -0.91375 -0.72 -0.74625 -0.31 -0.46999999 0.069810448 -0.17875 -0.13375 -0.07125 -0.31 -0.024131598 -0.21875 -0.21875 -0.21877711 -0.45375 -0.45781756 -0.53125 -0.4975 -0.4975 -0.70625 -0.70625 -1.0225 -1.0225 -1.0225 -0.46 -0.46 -0.46 -0.84125 -0.84125 -0.8412491 -0.58375 -0.58375 -0.64875 -0.895 -0.56875 -0.5812492 -0.82625 -0.045 -0.045 -0.25499993 -0.2325 -0.325 -0.54250008 -0.7 -0.52127588 -0.52 -0.6625 -0.6625 -0.915 -0.915 -0.915
-0.8425 -0.8732092 -0.83106996 -0.91874257 -0.68625 -0.82125 -0.47 0.07 -0.17874792 -0.13424855 -0.30999977 -0.31 -0.20125 -0.21875 -0.21875 -0.45374999 -0.45375 -0.45375441 -0.53125 -0.4975 -0.53849425 -0.70625 -0.70625 -1.0224868 -1.0225 -0.92676043 -0.73125 -0.73125 -0.73124997 -0.84125 -0.84125 -0.9425 -0.9425 -0.58375018 -0.64875 -0.45000018 -0.55572116 -0.58125 -0.58125 -0.045000007 -0.255 -0.255 -0.25500208 -0.5425 -0.5425 -0.7 -0.52 -0.52 -0.6625 -0.6625 -0.915 -0.915 -0.915
-0.32375 -0.21698013 -0.16002115 -0.16549507 -0.68625068 -0.82124681 -0.47000001 0.063352907 -0.16160858 -0.17757493 -0.20125 -0.20125 -0.20125 -0.20125 -0.21874752 -0.45375 -0.45375 -0.45475065 -0.53125 -0.49742103 -0.22375 -0.22375 -0.22375 -0.22375 -1.0087444 -0.73125 -0.73125 -0.73125 -0.73125 -0.7312623 -0.9425 -0.9425 -0.9425 -0.9425 -0.45 -0.45 -0.45 -0.57481218 -0.57897806 -0.27875 -0.27875 -0.25500128 -0.44500334 -0.54249061 -0.5425 -0.7 -0.52 -0.52 -0.6625 -0.6625 -0.91408396 -0.915 -0.64226726
-0.32375 -0.16 -0.16 -0.16 -0.16 -0.16000028 -0.47089909 -0.21452438 -0.11587687 -0.20122464 -0.20125 -0.20125 -0.20125 -0.20125 -0.20125003 -0.45375 -0.45375001 -0.45906597 -0.53124792 -0.22375 -0.22375 -0.22375 -0.22375 -0.22375 -0.22704854 -0.58728237 -0.54375004 -0.54375 -0.54375 -0.54375 -0.9425 -0.9425 -0.9425 -0.93875 -0.93875 -0.45 -0.56544777 -0.56875 -0.27875017 -0.27875 -0.27875 -0.27875 -0.445 -0.445 -0.445 -0.44677457 -0.55232593 -0.5525 -0.5525 -0.5525 -0.5525 0.16624978 0.16625
-0.0625 -0.16 -0.16 -0.16 -0.16 -0.16 -0.16000002 -0.3282076 -0.23549409 -0.23625 -0.23625 -0.23625 -0.23625 -0.23625 -0.23625 -0.18483989 -0.44947212 -0.46436227 -0.22378864 -0.22375 -0.22375 -0.22375 -0.22375 -0.22375006 -0.37625 -0.37625 -0.37625024 -0.54375 -0.54375 -0.54385763 -0.5975 -0.5975 -0.93875 -0.93875 -0.93875 -0.62801983 -0.56875 -0.56875 -0.56875 -0.27875 -0.27875 -0.27875 -0.445 -0.445 -0.445 -0.445 -0.5525 -0.5525 -0.5525 -0.5525 -0.5525 0.16625 0.16625
-0.0625 -0.098798142 -0.16 -0.16 -0.16 -0.16 -0.28997449 -0.29 -0.29 -0.23625 -0.23625 -0.23625 -0.23625 -0.23625 -0.22466813 -0.18375 -0.18375 -0.18375 -0.27609 -0.27624995 -0.27625 -0.27625 -0.27625 -0.27625 -0.37625 -0.37625 -0.37625 -0.37625 -0.54375 -0.5975 -0.5975 -0.5975 -0.93874997 -0.93875 -0.93875 -0.25125 -0.56832962 -0.56875 -0.56875 -0.27877352 -0.32549542 -0.434533 -0.445 -0.445 -0.41883101 -0.41875 -0.41875 -0.55183455 -0.14891529 -0.14750004 -0.14750008 0.051267357 0.16624977
-0.0625 -0.12210487 -0.14165583 -0.16 -0.16 -0.28992319 -0.29 -0.29 -0.29 -0.28961266 -0.23625 -0.23625 -0.23625 -0.23624999 -0.18375 -0.18375 -0.18375 -0.18375 -0.27616737 -0.27625 -0.27625 -0.27625 -0.27625 -0.27625 -0.37625 -0.37625 -0.37625 -0.37625 -0.37705476 -0.5975 -0.5975 -0.5975 -0.29625001 -0.93866456 -0.25125 -0.25125 -0.25125 -0.25380193 -0.44346861 -0.435 -0.435 -0.435 -0.31875 -0.31875 -0.41875 -0.41875 -0.41875 -0.1475 -0.1475 -0.1475 -0.1475 0.05125 0.05125
-0.12361254 -0.12375 -0.12375 -0.12375 -0.1625 -0.28999671 -0.29 -0.29 -0.29 -0.29 -0.2267865 -0.23624837 -0.23625 -0.18375 -0.18375 -0.18375 -0.18375 -0.18375 -0.21719982 -0.27625 -0.27625 -0.27625 -0.27625 -0.27625 -0.25954546 -0.15625119 -0.15625 -0.15625 -0.15625 -0.59749998 -0.29625001 -0.29625 -0.29625 -0.29625 -0.25125 -0.25125606 -0.48125 -0.48125 -0.4355775 -0.435 -0.435 -0.435 -0.31875 -0.31875 -0.40326656 -0.41875 -0.41875 -0.1475 -0.1475 -0.1475 -0.14536888 0.05125 0.05125
-0.12375 -0.12375 -0.12375 -0.14199795 -0.1625 -0.1625 -0.29 -0.29 -0.29 -0.29 -0.11125 -0.11125 -0.11125 -0.18375 -0.18375 -0.18375 -0.18375 -0.18379069 -0.59875 -0.59875 -0.27625013 -0.27625 -0.27947582 -0.40875 -0.40647685 -0.15625 -0.15625 -0.15625 -0.15625 -0.29623574 -0.29625 -0.29625 -0.29625 -0.29625 -0.48124919 -0.48125 -0.48125 -0.48125 -0.48107174 -0.435 -0.435 -0.435 -0.31875 -0.31875 -0.31875 -0.41875 -0.41875 -0.1475 -0.1475 -0.1475 0.05125 0.05125 0.05125
-0.12375 -0.12375 -0.12375 -0.1625 -0.1625 -0.1625 -0.16250019 -0.29 -0.29 -0.11143452 -0.11125 -0.11125 -0.11125 -0.11129517 -0.38307027 -0.43 -0.43 -0.43 -0.59875 -0.59875 -0.59875 -0.40875 -0.40875 -0.40875 -0.40868557 -0.1680518 -0.15625 -0.15625 -0.15625 -0.13547221 -0.10251906 -0.1025 -0.1025 -0.1025 -0.36812021 -0.21000062 -0.21 -0.21 -0.21 -0.20878096 -0.20875 -0.20875 -0.31875 -0.31875 0.1837479 0.18374996 0.07 0.07 0.07 0.07 0.07 0.05125 0.27479994
-0.12374985 -0.12375 -0.12375 -0.1625 -0.1625 -0.1625 -0.1625 -0.26375001 -0.28989504 -0.11129421 -0.11125 -0.11125 -0.11125 -0.11187548 -0.43 -0.43 -0.43 -0.43000005 -0.59875 -0.59875 -0.59875 -0.40875 -0.40875 -0.40875 -0.17875 -0.17875 -0.2275 -0.2275 -0.2275 -0.22681809 -0.1025 -0.1025 -0.1025 -0.1025 -0.15622054 -0.21 -0.21 -0.21 -0.21 -0.20875 -0.20875 -0.20875 -0.19640045 0.18375 0.18375 0.18375 0.07 0.07 0.07 0.07 0.07 0.27499999 0.275
-0.075 -0.10636424 -0.3575 -0.35744343 -0.1625 -0.26316417 -0.26375 -0.26375 -0.2450756 -0.16 -0.16 -0.16 -0.16 -0.52748804 -0.5275 -0.43000007 -0.43 -0.43444631 -0.59875 -0.59875 -0.59875 -0.56375 -0.56375 -0.56375 -0.17875 -0.17875 -0.2275 -0.2275 -0.2275 -0.22749996 -0.17249956 -0.1724998 -0.10425934 -0.10257504 -0.54199602 -0.5425 -0.5425 -0.5425 -0.5425 -0.20875 -0.20875 -0.20875 0.16213747 0.18375 0.18375 0.18374994 0.07 0.07 0.07 0.07 0.070004024 0.16 0.275
-0.32120324 -0.32125001 -0.3575 -0.3575 -0.3575 -0.26375 -0.26375 -0.26375 -0.2125 -0.2125 -0.16 -0.16 -0.16 -0.5275 -0.5275 -0.5275 -0.5275 -0.52750754 -0.59875 -0.59875 -0.59875 -0.56375 -0.56375 -0.56375 -0.17875 -0.17875 -0.2275 -0.2275 -0.2275 -0.17312013 -0.1725 -0.1725 -0.1725 -0.1725 -0.54231743 -0.5425 -0.5425 -0.5425 -0.5425 -0.5862499 -0.58625 -0.58625 -0.58625 0.1837475 -0.1425 -0.1425 -0.1425 0.01125 0.01125 0.01125 0.16 0.16 0.16
-0.32125 -0.32125 -0.3575 -0.3575 -0.3575 -0.26424277 -0.26375 -0.2125 -0.2125 -0.2125 -0.16000646 -0.16 -0.51544925 -0.52750002 -0.5275 -0.5275 -0.5275 -0.72375 -0.72375 -0.72375 -0.63375 -0.63374995 -0.56375034 -0.56375 -0.56369155 -0.6475 -0.6475 -0.647499 -0.22756787 -0.21374178 -0.21374978 -0.2137428 -0.1725705 -0.1725356 -0.47662902 -0.54250005 -0.54289377 -0.66 -0.66 -0.58625 -0.58625 -0.58625 -0.58625 -0.1425 -0.1425 -0.1425 -0.1425 0.01125 0.01125 0.01125 0.16 0.16 0.16
-0.32125 -0.32125 -0.3575 -0.3575 -0.3575 -0.3575 -0.24456862 -0.2125 -0.2125 -0.2125 -0.21271129 -0.595 -0.595 -0.595 -0.52789779 -0.5275 -0.72244224 -0.72375 -0.72375 -0.72375 -0.63375 -0.63375 -0.63375 -0.63375 -0.6475 -0.6475 -0.6475 -0.6475 -0.6475 -0.21375 -0.21375 -0.21375 -0.21375 -0.2137506 -0.5 -0.66 -0.66 -0.66 -0.66 -0.66000015 -0.71875 -0.71875 -0.71875 -0.6032266 -0.36375 -0.36375 -0.36375 0.011249989 0.01124993 -0.06125 -0.06125 0.010036491 0.01
-0.32125 -0.32125 -0.3444163 -0.3575 -0.3575 -0.35750001 -0.9337179 -0.21477692 -0.2125 -0.2125 -0.59500006 -0.595 -0.595 -0.595 -0.595 -0.58948639 -0.72375 -0.72375 -0.72375 -0.72375 -0.6337507 -0.63375 -0.63375 -0.63375 -0.6475 -0.6475 -0.6475 -0.6475 -0.6475 -0.45298714 -0.21375 -0.21375 -0.21375 -0.5 -0.5 -0.50012424 -0.66 -0.66 -0.60512909 -0.56250001 -0.71875 -0.71875 -0.71875 -0.60468542 -0.36375 -0.36375 -0.36375 -0.315 -0.0644117 -0.06125 -0.06125 0.01 0.01
-0.8475 -0.8475 -0.8475 -0.48035647 -0.35830367 -0.935 -0.935 -0.935 -0.935 -0.86 -0.86 -0.59500002 -0.595 -0.595 -0.595 -0.59500817 -0.72375 -0.72375 -0.72375 -0.72375 -0.67302308 -0.63375 -0.63375 -0.62655313 -0.37160771 -0.6475 -0.6475 -0.6475 -0.5375 -0.5375 -0.5375 -0.53749864 -0.5 -0.5 -0.5 -0.5 -0.5625 -0.5625 -0.5625 -0.5625 -0.7 -0.7 -0.7 -0.36000684 -0.36 -0.36 -0.36 -0.315 -0.315 -0.06155918 -0.06125 0.009999313 0.01
-0.8475 -0.8475 -0.8475 -0.84750303 -0.90375 -0.90829426 -0.935 -0.935 -0.935 -0.86 -0.86 -0.86 -0.77749999 -0.7775 -0.7775 -0.7775 -0.72374542 -0.72375 -0.72375 -0.72375 -0.72237027 -0.35875075 -0.35875 -0.35875 -0.35875 -0.35875001 -0.55125 -0.55125 -0.5375 -0.5375 -0.5375 -0.5375 -0.50000003 -0.5 -0.5 -0.50000295 -0.5625 -0.5625 -0.5625 -0.56211615 -0.7 -0.7 -0.7 -0.36001577 -0.36 -0.36 -0.36 -0.315 -0.315 -0.31499997 -0.12625 -0.12625 0.10875
-0.8475 -0.8475 -0.8475 -0.90374987 -0.90375 -0.90375 -0.93499999 -0.935 -0.935 -0.86 -0.86 -0.86 -0.7775 -0.7775 -0.7775 -0.77321603 -0.72125 -0.72125 -0.72125001 -0.72373588 -0.35875 -0.35875 -0.35875 -0.35875 -0.35875 -0.35889487 -0.55125 -0.55125 -0.55125 -0.5375 -0.5375 -0.53739058 -0.53625 -0.53625 -0.53625 -0.41125 -0.41125 -0.475 -0.475 -0.475 -0.14625 -0.6998263 -0.69999486 -0.01125 -0.01125 -0.024467229 -0.359999 -0.315 -0.315 -0.12625 -0.12625 -0.12625 0.10875
-0.8475 -0.8475 -0.8475 -0.90375 -0.90375 -0.90375 -0.90375 -0.935 -0.935 -0.86 -0.86 -0.78079881 -0.7775 -0.7775 -0.7775 -0.72125 -0.72125 -0.72125 -0.72125 -0.72125 -0.35875 -0.35875 -0.35875 -0.35875 -0.35875 -0.55124934 -0.55125 -0.55125 -0.55125 -0.3675 -0.3675 -0.3675 -0.53625 -0.53625 -0.53625 -0.41125 -0.41125 -0.475 -0.475 -0.14625 -0.14625 -0.14625 -0.01125 -0.01125 -0.01125 -0.01125 0.010724412 0.25625 0.25625 0.25625 -0.12624999 0.1975 0.1975
-0.8475 -0.8475 -0.84757833 -0.90375 -0.90375 -0.90375 -0.90375 -0.80735881 -0.8025 -0.80259872 -0.85999999 -0.7774932 -0.7775 -0.7775 -0.77749981 -0.72125 -0.72125 -0.72125 -0.72125 -0.72125 -0.6488681 -0.35875 -0.35875 -0.35875 -0.35878888 -0.55124979 -0.55125 -0.55125 -0.55125 -0.3675 -0.3675 -0.3675 -0.36752239 -0.53625 -0.41125 -0.41125 -0.41125 -0.41125237 -0.47497758 -0.14625 -0.14625 -0.14625 -0.011258196 -0.01125 -0.01125 -0.01125 0.2562506 0.25625 0.25625 0.25625 0.1975 0.1975 0.1975
-0.5125 -0.51250059 -0.9037066 -0.90375 -0.90375 -0.90375 -0.80252154 -0.8025 -0.8025 -0.8025 -0.69625 -0.69625 -0.69625 -0.69625 -0.72113463 -0.72125 -0.72125 -0.72125 -0.72125 -0.66125004 -0.66125 -0.66125 -0.54749997 -0.5475 -0.5475 -0.5475 -0.54782367 -0.55125 -0.12751736 -0.1275 -0.1275 -0.1275 -0.1275 -0.058750002 -0.05875 -0.05875 -0.05875 -0.05875 -0.035 -0.035 -0.035 -0.035 -0.035 0.31825255 0.31875 0.31875 0.31875 0.25625 0.25625 0.25625 0.19750926 0.1975 0.1975
-0.5125 -0.5125 -0.51244778 -0.5062508 -0.50625009 -0.50653907 -0.8025 -0.8025 -0.8025 -0.8025 -0.69625 -0.69625 -0.69625 -0.69625 -0.69625 -0.72125 -0.72125 -0.72125 -0.66125002 -0.66125 -0.66125 -0.66125 -0.5475 -0.5475 -0.5475 -0.5475 -0.5475 -0.54750037 -0.12749035 -0.1275 -0.1275 -0.1275 -0.12749612 0.044000919 -0.058643606 -0.05875 -0.05875 -0.058749997 -0.035 -0.035 -0.035 -0.035 -0.034999999 0.31875 0.31875 0.31875 0.31875 0.28952378 0.25625 0.48615601 0.48875 0.21875 0.21875
-0.5125 -0.5125 -0.50625079 -0.50625 -0.50625 -0.50625 -0.58149625 -0.8025 -0.8025 -0.8025 -0.69625 -0.69625 -0.69625 -0.69625 -0.69625 -0.72123095 -0.72125 -0.66126759 -0.66125 -0.66125 -0.66125 -0.66125 -0.58963942 -0.5475 -0.5475 -0.5475 -0.5475 -0.54718489 -0.1025 -0.1025 -0.1025 -0.1025 -0.1025 0.1225 0.1225 0.1225 0.1225 0.1225 0.095 0.095 0.095 0.095 0.094999999 0.31872864 0.31875 0.31875 0.31874852 0.31859601 0.48875 0.48875 0.48875 0.21875151 0.21875
