interpolatedSpi/03-05|19_2.tif
NCOLS 53
NROWS 52
XLLCORNER -116.03883
YLLCORNER 28.596182
DX 0.49850594
DY 0.49788537
NODATA_VALUE -9999
-0.43 -0.43 -0.59642521 -0.5875 -0.58 -0.7025 -1.1575 -1.3525 -1.513219 -1.25 -0.9225 -0.8975 -0.98495636 -0.455 -0.84 -0.84 -0.84 -0.11 -0.5175 -0.5175 -0.5175 -0.51751023 -1.58 -0.7525 -0.7525 -0.7525 -0.98999656 -0.99 -0.99 -1.44 -1.44 -1.44 -1.44 -1.6999999 -1.7 -1.7 -1.7 -1.7 -1.7 -1.7 -0.062635677 -0.045207684 -0.86 -0.86 -0.86 -0.86 -0.86123317 -1.615 -1.615 -1.615 -1.4475003 -1.4475 -1.4475 
-0.43001999 -0.88 -0.68499942 -0.65131953 -0.82533336 -0.445 0.0275 -0.74285884 -1.79 -1.4225 -0.86 -0.985 -0.985 -0.43506669 -0.45500316 -0.84 -0.11 -0.11 -0.51696867 -0.5175 -0.5175 -0.5175 -0.77394962 -0.7525 -0.7525 -0.7525 -0.56000001 -0.56 -1.44 -1.44 -1.44 -1.44 -1.44 -1.7 -1.7 -1.7 -1.7 -1.7 -1.6999998 -1.4077435 -0.0075453888 -0.75655571 -0.86 -0.86 -0.86 -0.86 -0.86 -1.615 -1.615 -1.615 -1.6011107 -1.4475 -1.4475 
-0.41750241 -0.4175 -0.1825 0.07 -0.91 -1.36 -0.945 -0.97 -1.3325 -1.1225 -0.6925 -1.3675 -0.8425 -0.3075 -0.435 -1.0125 -0.11 -0.11 -0.11 -0.61247238 -0.6125 -0.6125 -1.16 -0.7525 -0.7525 -0.7525 -0.56 -0.56 -0.56 -1.44 -1.44 -1.44 -1.5254485 -1.6956904 -1.6802906 0.39809635 0.4175 0.4175 0.3640462 -0.0074999971 -0.0074999998 -0.0085901314 -0.86 -0.86 -0.86 -0.86 -0.86 -1.615 -1.615 -1.615 -1.615 -1.4475 -1.4475 
0.0625 -0.41750005 -0.67759229 -0.175 -0.855 -0.985 -0.8575 -1.4975 -0.9275 -0.022884171 -0.945 -1.2125 -1.2575 -0.3075 -0.91 -1.0125 -1.0819644 -1.0818186 -1.5875 -0.6125 -0.6125 -1.0825 -1.16 -1.16 -0.7525 -0.75249904 -0.56 -0.56 -0.56 -1.0725 -1.3715294 -1.6175 -1.6175 -1.6174984 0.4175 0.4175 0.4175 0.4175 -0.0075 -0.0075 -0.0075 -0.007500032 -0.86 -0.86 -0.86 -0.86 -0.86 -1.6149905 -1.615 -1.615 -1.615 -1.4474565 -1.4475 
0.0625 -0.7324999 -0.6775 -1.009694 -0.855 -1.1825 -1.3699718 -1.45 -1.23 -1.3625 -1.2146783 -1.142495 -1.1075 -0.91 -0.91 -0.97968236 -1.0825 -1.0825 -1.5875 -1.5875 -0.61250098 -1.0825 -1.5425 -1.37 -1.115 -1.1150408 -0.56 -0.56 -1.0725 -1.0725 -1.6175 -1.6175 -1.6175 -1.5703566 0.4175 0.4175 0.4175 -0.0075 -0.0075 -0.0075 -0.0075 -0.0075111009 -0.85999999 -0.86 -0.86 -0.86 -0.86 -0.86672044 -1.615 -1.6149327 -0.115 -0.115 -0.115 
-1.895 -0.8175 0.25499999 -0.685 -0.495 -0.78 -0.89 -0.96169604 -1.31 -0.9375 -1.2275 -1.1775 -1.1775 -1.8975 -1.8975 -1.3624046 -1.3625 -1.2 -1.2 -1.5874996 -1.4775 -1.4775 -1.37 -1.115 -1.115 -1.29 -1.345 -1.345 -1.0350034 -1.0725 -1.6175 -1.6175 -1.3675 -1.3674705 -1.0850202 -0.8975 -0.8975 -0.28284182 -0.0075 -0.0075 -0.12235657 -0.1225 -0.1224991 0.32372845 0.34486682 0.34499968 0.34499996 0.34499954 -0.5494836 -0.115 -0.115 -0.115 -0.115 
-1.3200077 -0.6125 -0.92691983 -0.49 -0.075 -0.9075 -1.3175 -1.42 -1.0425 -1.0425 -1.2275 -1.0475 -1.3799998 -1.8975 -0.96750279 -0.9675 -1.3625 -1.1075 -1.155 -1.155 -1.4256609 -1.3675 -1.3675 -1.215 -1.29 -1.29 -1.345 -1.345 -1.0349988 -1.0349785 -0.6635883 -1.3675 -1.3675 -1.085 -1.085 -1.0009816 -0.8975 -0.8975 -0.90499974 -0.12250109 -0.1225 -0.1225 -0.12249473 0.34499908 0.345 0.345 0.345 0.34499944 -0.5875 -0.11509364 -0.115 -0.115 -0.115 
-1.32 -2.0075 -0.83 -1.1875 -0.64003139 -1.295 -0.8775 -1.04 -0.8875 -0.6225 -0.6225 -0.56 -1.38 -1.38 -0.97033013 -0.98799203 -0.99 -0.5825 -1.3574998 -1.155 -0.55664772 -0.5125 -0.965 -0.88 -0.88000103 -0.96 -0.5775 -0.57750027 -1.0150701 -1.015 -0.6625 -0.64207236 -0.9 -1.085 -1.0805079 -1.0875 -1.0875 -0.905 -0.905 -0.1225 -0.1225 -0.12249999 0.17820581 0.18000001 0.345 0.345 0.345 -0.58746451 -0.5875 -0.5875 -0.115 -0.115 -0.115 
-1.8633702 -2.0075 -1.1525 -0.1325 -0.6525 -1.285 -1.0125 -0.65 -0.59 -0.36671747 -0.3725 -0.34 -0.34 -0.1375 -0.13749784 -1.3913782 -1.3925 -1.3925 -0.70080495 -0.31750015 -1.0325 -1.0325 -0.7875 -0.89505017 -0.95193811 -0.96 -0.7425 -0.5775 -0.89066953 -0.8925 -0.57 -0.7225 -0.68976331 -1.125 -0.9275 -0.9425 -0.8625 -0.94 -0.37775974 -0.12085956 0.245 -0.069999999 0.17996703 0.18 0.18092871 0.345 -0.46249996 -0.5875 -0.5875 -0.5875 -0.5875 -0.059282921 0.1775 
-1.0575 -1.0575 -1.305 -0.7875 -0.71 -1.3825 -0.6675 -0.99 -0.065 -0.30995801 -0.025 -0.6625 -0.1375 -0.1375 0.0925 0.072132554 -1.3925 -1.3921895 -0.045 -0.3175 -0.3175 -0.40961598 -0.7875 -0.96499664 -0.965 -0.965 -0.7425 -0.1875 -0.1875 -0.8925 -0.8925 -0.72237672 -0.6575 -1.125 -0.7175 -0.9425 -0.8625 -1.185 -0.3775 0.75386195 -0.069999986 -0.052551379 -0.0225 0.18 0.18 -0.4625 -0.4625 -0.4625 -0.5875 -0.5875 0.3325 0.3325 0.33249994 
-1.0575 -1.0575 -1.4675 -1.98 -0.7125 -0.435 -0.585 -0.53778303 -0.8525 -0.7525 -0.095 -0.555 -0.66235611 0.0925 0.0925 0.092503172 0.12 0.11134003 -0.045 -0.085 -0.085 0.075 0.075 -0.965 -0.965 -0.965 -0.1875 -0.1875 -0.1875 -1.2475 -1.2475 -1.247499 -0.74 -0.74 -1.435 -0.7625 -0.1225 -0.59749977 -0.705 0.7725 0.7725 -0.14749959 -0.0225 0.18 0.14499987 -0.0325 0.38881771 0.3925 0.625 0.625 0.3325 0.3325 0.3325 
-1.0575 -1.234717 -1.686202 -1.7574925 -0.6175 -0.605 -0.585 -0.5375 -0.85249737 -0.75360788 -0.55500026 -0.555 0.375 0.0925 0.0925 0.12 0.12 0.11999061 -0.045 -0.085 -0.053579255 0.075 0.075 -0.96495763 -0.965 -0.71763853 -0.2125 -0.2125 -0.2125 -1.2475 -1.2475 -0.3575 -0.3575 -0.74000191 -1.435 0.30749952 -0.19425802 -0.5975 -0.5975 0.77249997 -0.1475 -0.1475 -0.14749786 0.145 0.145 -0.0325 0.3925 0.3925 0.625 0.625 0.3325 0.3325 0.3325 
-0.4525 -0.16575622 -0.047571319 -0.059876765 -0.61749999 -0.6050003 -0.585 -0.5380847 -0.83079328 -0.84988873 0.375 0.375 0.375 0.375 0.092540018 0.12 0.12 0.11786959 -0.045 -0.08480302 0.595 0.595 0.595 0.595 -0.93797915 -0.2125 -0.2125 -0.2125 -0.2125 -0.21304012 -0.3575 -0.3575 -0.3575 -0.3575 0.3075 0.3075 0.3075 -0.55383173 -0.58632807 0.89 0.89 -0.1474442 0.56748554 0.14504069 0.145 -0.0325 0.3925 0.3925 0.625 0.625 0.33356116 0.3325 0.22560749 
-0.4525 -0.0475 -0.0475 -0.0475 -0.0475 -0.047500235 -0.58505118 -0.56256564 -0.77288175 0.37368066 0.375 0.375 0.375 0.375 0.37500045 0.12 0.11999997 0.10868213 -0.04499563 0.595 0.595 0.595 0.595 0.595 0.58964667 -0.024011875 0.017499952 0.0175 0.0175 0.0175 -0.35749999 -0.3575 -0.35749924 0.275 0.275 0.3075 0.72554244 0.7375 0.88999991 0.89 0.89 0.89 0.5675 0.5675 0.5675 0.56332455 0.47934243 0.48 0.48 0.48 0.48 1.1449998 1.145 
1 -0.0475 -0.0475 -0.0475 -0.0475 -0.0475 -0.047500035 -0.18149022 0.99563642 1.005 1.005 1.005 1.005 1.005 1.005 0.85303359 0.13157007 0.097406173 0.59491959 0.595 0.595 0.595 0.595 0.59500014 0.3475 0.3475 0.34749954 0.0175 0.0175 0.018511233 0.5225 0.5225 0.275 0.275 0.275 0.66341267 0.7375 0.7375 0.7375 0.89 0.89 0.89 0.5675 0.5675 0.5675 0.5675 0.48000001 0.48 0.48 0.48 0.48 1.145 1.145 
1 0.61002765 -0.0475 -0.0475 -0.0475 -0.0475 0.79983366 0.8 0.80000001 1.005 1.005 1.005 1.005 1.005 0.97080592 0.85 0.85 0.85 0.71463483 0.71499988 0.715 0.715 0.715 0.715 0.3475 0.3475 0.3475 0.3475 0.0175 0.5225 0.5225 0.5225 0.27500002 0.275 0.275 1.04 0.73790052 0.7375 0.7375 0.88999732 0.88476451 0.8725523 0.5675 0.5675 0.78432878 0.785 0.785 0.48094537 1.0529906 1.0549999 1.0549999 1.5524382 1.1450008 
1 0.70562472 0.3295043 -0.0475 -0.0475 0.79949926 0.8 0.8 0.8 0.80147729 1.005 1.005 1.005 1.005 0.85 0.85 0.85 0.85 0.71512059 0.715 0.715 0.715 0.715 0.715 0.34750001 0.3475 0.3475 0.3475 0.34813654 0.5225 0.5225 0.5225 1.05 0.27509652 1.04 1.04 1.04 1.0400874 0.86395937 0.8725 0.8725 0.8725 1.0775 1.0775 0.785 0.785 0.785 1.055 1.055 1.055 1.055 1.5525 1.5525 
0.69800905 0.6975 0.6975 0.6975 0.595 0.79999471 0.8 0.8 0.8 0.8 1.0089746 1.0050007 1.005 0.85 0.85 0.85 0.85 0.85 0.77628826 0.715 0.715 0.715 0.715 0.715 0.75687458 1.1049959 1.105 1.105 1.105 0.52250003 1.05 1.05 1.05 1.05 1.04 1.0400003 1.05 1.05 0.87471635 0.8725 0.8725 0.8725 1.0775 1.0775 0.83028907 0.785 0.785 1.055 1.055 1.055 1.0603345 1.5525 1.5525 
0.6975 0.6975 0.6975 0.64923122 0.595 0.595 0.8 0.8 0.8 0.8 1.0575 1.0575 1.0575 0.85 0.85 0.85 0.85 0.8499058 -0.15 -0.15 0.71499965 0.715 0.70970479 0.4975 0.50296906 1.105 1.105 1.105 1.105 1.0500056 1.05 1.05 1.05 1.05 1.05 1.05 1.05 1.05 1.0494043 0.8725 0.8725 0.8725 1.0775 1.0775 1.0775 0.785 0.785 1.055 1.055 1.055 1.5525 1.5525 1.5525 
0.6975 0.6975 0.6975 0.595 0.595 0.595 0.59500031 0.8 0.8 1.0572342 1.0575 1.0575 1.0575 1.0573707 0.38862923 0.28 0.28 0.28 -0.15 -0.15 -0.15 0.4975 0.4975 0.4975 0.49755813 0.89519028 1.105 1.105 1.105 1.1305423 1.1474904 1.1475 1.1475 1.1475 1.256705 1.5474989 1.5475 1.5475 1.5475 1.9373543 1.9375 1.9375 1.0775 1.0775 1.6824975 1.6824998 1.22 1.22 1.3925 1.3925 1.3925 1.5525 1.2602615 
0.69750282 0.6975 0.6975 0.595 0.595 0.595 0.59500001 1.1299999 0.80131947 1.0575023 1.0575 1.0575 1.0575 1.0559743 0.28 0.28 0.28 0.27999988 -0.15 -0.15 -0.15 0.4975 0.4975 0.4975 0.705 0.705 0.99 0.99 0.99 0.99085921 1.1475 1.1475 1.1475 1.1475 1.3473902 1.5475 1.5475 1.5475 1.5475 1.9375 1.9375 1.9375 1.9294767 1.6825 1.6825 1.6825 1.22 1.22 1.3925 1.3925 1.3925 1.26 1.26 
1.6075 1.1802161 1.0325 1.0323731 0.595 1.1269045 1.13 1.13 1.1946772 1.06 1.06 1.06 1.06 0.68251229 0.6825 0.28000031 0.28 0.26867013 -0.15 -0.15 -0.15 0.2525 0.2525 0.2525 0.705 0.705 0.99 0.99 0.99 0.99000004 1.0450007 1.0450003 1.1449238 1.1473901 1.4921065 1.4925 1.4925 1.4925 1.4925 1.9375 1.9375 1.9375 1.6965407 1.6825 1.6825 1.6824999 1.22 1.22 1.2200062 1.3925 1.3924778 0.895 1.26 
1.2375703 1.2375 1.0325 1.0325 1.0325 1.13 1.13 1.13 1.3075 1.3075 1.06 1.06 1.06 0.6825 0.6825 0.6825 0.6825 0.68240608 -0.15 -0.15 -0.14999998 0.2525 0.2525 0.2525 0.705 0.705 0.99 0.99 0.99 1.0443799 1.045 1.045 1.045 1.045 1.4922792 1.4925 1.4925 1.4925 1.4925 1.3325002 1.3325 1.3325 1.3325 1.6824951 1.04 1.04 1.04 1.02 1.02 1.02 0.895 0.895 0.895 
1.2375 1.2375 1.0325 1.0325 1.0325 1.1294875 1.13 1.3075 1.3075 1.3075 1.0600305 1.06 1.1437553 0.68250011 0.6825 0.6825 0.6825 0.8225 0.8225 0.8225 0.4225 0.42249987 0.25250083 0.2525 0.25288494 0.6875 0.6875 0.68750072 0.98995111 1.040001 1.04 1.0400009 1.0449915 1.0449957 1.4127939 1.4924997 1.4897604 0.675 0.675 1.3325 1.3325 1.3325 1.3325 1.04 1.04 1.04 1.04 1.02 1.02 1.02 0.895 0.895 0.895 
1.2375 1.2375 1.0325 1.0325 1.0325 1.0325 1.1964331 1.3075 1.3075 1.3075 1.3074199 1.1625 1.1625 1.1625 0.68532875 0.6825 0.82156707 0.8225 0.8225 0.8225 0.4225 0.4225 0.4225 0.4225 0.6875 0.6875 0.6875 0.6875 0.6875 1.04 1.04 1.04 1.04 1.0399995 0.8175 0.675 0.675 0.675 0.675 0.67499958 0.4375 0.4375 0.4375 0.51966927 0.69 0.69 0.69 1.02 1.0200002 1.27 1.27 1.4848565 1.485 
1.2375 1.2375 1.1064906 1.0325 1.0325 1.0325 1.5845076 1.3083745 1.3075 1.3075 1.1625001 1.1625 1.1625 1.1625 1.1625 1.1231054 0.8225 0.8225 0.8225 0.8225 0.42250309 0.4225 0.4225 0.4225 0.6875 0.6875 0.6875 0.6875 0.6875 0.43405574 1.04 1.04 1.04 0.8175 0.8175 0.81738935 0.675 0.675 0.62012909 0.57750001 0.4375 0.4375 0.4375 0.5201696 0.69 0.69 0.69 1.3275 1.2707164 1.27 1.27 1.485 1.485 
1.93 1.93 1.93 1.2575279 1.0335619 1.585 1.585 1.585 1.585 1.615 1.615 1.1625 1.1625 1.1625 1.1625 1.1624785 0.8225 0.8225 0.8225 0.8225 0.59704702 0.4225 0.4225 0.43277189 0.80932256 0.6875 0.6875 0.6875 0.22 0.22 0.22 0.22000344 0.8175 0.8175 0.8175 0.8175 0.5775 0.5775 0.5775 0.5775 0.715 0.715 0.715 1.1274917 1.1275 1.1275 1.1274999 1.3275 1.3275 1.2700701 1.27 1.4849981 1.485 
1.93 1.93 1.93 1.9299907 1.7575 1.7324157 1.585 1.585 1.585 1.615 1.615 1.615 1.685 1.685 1.685 1.685 0.82404331 0.8225 0.8225 0.8225 0.81645601 0.81499892 0.815 0.815 0.815 0.81499998 0.072500005 0.0725 0.22 0.22 0.22 0.22 0.81749983 0.8175 0.8175 0.81748045 0.5775 0.5775 0.5775 0.57809222 0.715 0.715 0.715 1.1274809 1.1275 1.1275 1.1275 1.3275 1.3275 1.3275 1.1125 1.1125 1.2475 
1.93 1.93 1.93 1.7575004 1.7575 1.7575 1.5850001 1.585 1.585 1.615 1.615 1.615 1.685 1.685 1.685 1.6834768 1.665 1.665 1.6649978 0.82725866 0.815 0.815 0.815 0.815 0.815 0.81444123 0.0725 0.0725 0.0725 0.22 0.22 0.22002092 0.5775 0.5775 0.5775 0.5275 0.5275 0.7125 0.7125 0.7125 1.005 0.71509096 0.71500317 1.14 1.14 1.1395263 1.1275004 1.3275 1.3275 1.1125 1.1125 1.1125 1.2475 
1.93 1.93 1.93 1.7575 1.7575 1.7575 1.7575 1.585 1.585 1.615 1.615 1.682201 1.685 1.685 1.685 1.665 1.665 1.665 1.665 1.665 0.815 0.815 0.815 0.815 0.815 0.072502533 0.0725 0.0725 0.0725 0.2525 0.2525 0.2525 0.5775 0.5775 0.5775 0.5275 0.5275 0.7125 0.7125 1.005 1.005 1.005 1.14 1.14 1.14 1.14 1.1326067 1.05 1.05 1.05 1.1125 1.1525 1.1525 
1.93 1.93 1.9297598 1.7575 1.7575 1.7575 1.7575 1.7313197 1.73 1.7298026 1.615 1.6850109 1.685 1.685 1.6849999 1.665 1.665 1.665 1.665 1.665 1.6661582 0.815 0.815 0.815 0.8149655 0.072532352 0.0725 0.0725 0.0725 0.2525 0.2525 0.2525 0.25255017 0.5775 0.5275 0.5275 0.5275 0.52750768 0.71251995 1.005 1.005 1.005 1.1399918 1.14 1.14 1.14 1.0499974 1.05 1.05 1.05 1.1525 1.1525 1.1525 
1.395 1.3950009 1.7575779 1.7575 1.7575 1.7575 1.7300059 1.73 1.73 1.73 1.815 1.815 1.815 1.815 1.6656923 1.665 1.665 1.665 1.665 1.7025 1.7025 1.7025 0.64750003 0.6475 0.6475 0.6475 0.5978701 0.0725 0.64997635 0.65 0.65 0.65 0.65 0.615 0.615 0.615 0.615 0.615 0.9775 0.9775 0.9775 0.9775 0.9775 0.78803137 0.7875 0.7875 0.7875 1.05 1.05 1.05 1.1524839 1.1525 1.1525 
1.395 1.395 1.3974281 1.6850001 1.685 1.6850439 1.73 1.73 1.73 1.73 1.815 1.815 1.815 1.815 1.815 1.665 1.665 1.665 1.7025 1.7025 1.7025 1.7025 0.6475 0.6475 0.6475 0.6475 0.6475 0.64737834 0.65003282 0.65 0.65 0.65 0.65001319 0.64617959 0.61503229 0.615 0.615 0.615 0.9775 0.9775 0.9775 0.9775 0.9775 0.7875 0.7875 0.7875 0.7875 0.91025013 1.05 1.0821374 1.0825 1.1875 1.1875 
1.395 1.395 1.6849633 1.685 1.685 1.685 1.6964298 1.73 1.73 1.73 1.815 1.815 1.815 1.815 1.815 1.6651092 1.665 1.702489 1.7025 1.7025 1.7025 1.7025 1.0383316 0.6475 0.6475 0.6475 0.6475 0.64756191 0.735 0.735 0.735 0.735 0.735 0.67 0.67 0.67 0.67 0.67 0.9225 0.9225 0.9225 0.9225 0.9225 0.78756715 0.78750001 0.7875 0.78750466 0.78810338 1.0825 1.0825 1.0825 1.1874994 1.1875 
1.3950001 1.4415739 1.685 1.685 1.685 1.685 1.685 1.7299808 1.73 1.73 1.815 1.815 1.815 1.815 1.1476593 1.1325 1.1325 1.7024853 1.7025 1.7025 1.7025 1.7025 1.7024998 0.6475 0.6475 0.6475 0.6475 0.58000015 0.58000007 0.61298777 0.735 0.735 0.735 0.67 0.67 0.67 0.67 0.67002878 0.9225 0.9225 0.9225 0.9225 0.92249713 0.815 0.815 0.815 0.815 0.81502157 1.0825 1.0825 1.0825 1.0825001 1.1653314 
1.4425 1.4425 1.4573134 1.685 1.685 1.685 1.685 1.685 1.7299791 1.01 1.01 1.01 1.0119104 1.132501 1.1325 1.1325 1.1325 1.1325 1.7024937 1.648393 1.175 1.175 1.175 1.0393278 0.62028763 0.47467941 0.35197037 0.58 0.58 0.58 0.58 0.58 0.58713411 0.7125 0.7125 0.7125 0.7125 0.7125 0.91545544 0.88500007 0.885 0.885 0.885 0.76500015 0.81499999 0.815 0.815 1.1675 1.0825014 1.0825 1.0825 1.165 1.165 
1.4425 1.4425 1.24 1.24 1.24 1.6848518 1.685 1.685 1.01 1.01 1.01 1.01 1.01 1.1325 1.1325 1.1325 1.1325 1.1325 1.175 1.175 1.175 1.175 1.175 0.30750004 0.3075 0.3075 0.3075 0.58 0.58 0.58 0.58 0.58 0.7125 0.7125 0.7125 0.7125 0.7125 0.80248467 0.8025 0.885 0.885 0.885 0.88499995 0.765 0.765 0.765 1.1675 1.1675 1.1675 1.3875 1.3875 1.165 1.165 
1.4425 1.4425 1.24 1.24 1.24 1.24 1.2399971 0.7175 1.0097246 1.01 1.01 1.01 1.01 1.1309719 1.1325 1.1325 1.1325 1.1325 1.175 1.175 1.175 1.175 1.175 0.3075 0.3075 0.3075 0.3075 0.30750111 0.58 0.58 0.58 0.71249305 0.7125 0.7125 0.7125 0.7125 0.8025 0.8025 0.8025 0.80467073 0.57940943 0.5225 0.5225 0.765 0.765 0.765 1.1675 1.1675 1.1675 1.3875 1.3875 1.3875 1.0585783 
1.01 1.0100034 1.24 1.24 1.24 1.24 0.7175 0.7175 0.7175 1.01 1.01 1.01 1.01 1.0100381 1.1325 1.1325 1.1325 1.1325 1.174999 1.175 1.175 1.175 0.46030851 0.3075 0.3075 0.3075 0.3075 0.36249996 0.3625 0.3625 0.57767059 0.7125 0.7125 0.7125 0.71249988 0.585 0.8025 0.8025 0.8025 0.8025 0.5225 0.5225 0.5225 0.905 0.905 0.905 1.2724898 1.1675 1.1675 1.3875 1.3875 1.3875 1.0475005 
1.01 1.01 1.24 1.24 1.24 0.7175 0.7175 0.7175 0.7175 0.97792604 1.01 1.01 1.01 1.0099983 0.5025725 0.5025 0.5025 0.5025 0.29378558 0.3975 0.3975 0.3975 0.3975 0.3075 0.3075 0.3075 0.30750363 0.3625 0.3625 0.3625 0.3625 0.71245743 0.64078494 0.585 0.585 0.585 0.80093141 0.38250874 0.3825 0.3825 0.52246475 0.4775 0.4775 0.905 0.905 0.90500156 1.2725 1.2725 1.12 1.12 1.12 1.3075 1.2275 
1.01 1.01 0.55 0.55 0.55 0.7175 0.7175 0.7175 0.7175 0.64 0.64 0.64 0.64 0.63031005 0.5025 0.5025 0.5025 0.5025 0.29 0.3975 0.3975 0.3975 0.3975 -0.3225 -0.32249975 0.30749907 0.3625 0.3625 0.3625 0.3625 0.38148532 0.4 0.56298754 0.585 0.585 0.585 0.3825 0.3825 0.3825 0.3825 0.4775 0.4775 0.4775 1.0123313 1.0125 1.2713313 1.2725 1.2725 1.120001 1.12 1.3075 1.3075 1.2275 
1.01 0.55 0.55 0.55 0.55 0.55 0.7161609 0.545 0.545 0.64 0.64 0.64 0.64 0.63996744 0.5025 0.5025 0.5025 0.49289858 0.29 0.29 0.3975 0.3975 -0.3225 -0.3225 -0.3225 -0.3225 0.3625 0.3625 0.3625 0.3625 0.4 0.4 0.4 0.5848128 0.585 0.585 0.3825 0.3825 0.3825 0.3825 0.4775 0.4775 0.4775 1.0125 1.0125 1.0125052 1.105 1.105 1.3175 1.3175 1.3075 1.3075 1.2275 
0.55431997 0.55 0.55 0.55 0.55 0.55 0.545 0.545 0.545 0.59584797 0.64 0.64 0.64 0.64000097 0.5025 0.5025 0.5025 0.29 0.29 0.29 0.39749463 0.3974956 -0.3225 -0.3225 -0.3225 -0.3225 0.36245131 0.3625 0.3625 0.39999138 0.4 0.4 0.4 0.4 0.58414267 0.3 0.3 0.30142781 0.3825 0.3825 0.47749992 0.4775 0.99694476 1.0125 1.0125 1.105 1.105 1.105 1.3175 1.3175 1.0025 1.0025 0.7325 
0.55 0.55 0.55 0.55 0.55 0.55 0.545 0.545 0.545 0.545 0.72499755 0.725 0.725 0.725 0.50249909 0.24128847 0.095 0.095 0.28964052 0.29 0.29000002 -0.32249895 -0.3225 -0.3225 -0.3225 -0.3225 -0.32200197 0.3625 0.36250128 0.4 0.4 0.4 0.4 0.4 0.3 0.3 0.3 0.3 0.3 0.30000042 0.355 0.355 0.35500004 0.4675 0.4675 0.4675 0.93 0.93 0.75 0.75 1.0025 1.0024994 0.7325 
0.55 0.55 0.55 0.55 0.55 0.55 0.545 0.545 0.545 0.725 0.725 0.725 0.725 0.725 0.55893351 0.095 0.095 0.095 0.095 0.095 0.10431061 -0.32249999 -0.3225 -0.3225 -0.3225 -0.30554345 0.21665383 0.3427544 0.39981507 0.4 0.4 0.4 0.4 0.39999978 0.3 0.3 0.3 0.3 0.3 0.32558587 0.355 0.355 0.355 0.4675 0.4675 0.4675 0.93 0.93 0.75 0.75 0.050000014 0.69485054 0.7325 
0.55 0.55 0.55 0.55 0.55 0.55 0.545 0.545 0.552471 0.725 0.725 0.725 0.725 0.725 0.69478132 0.095 0.095 0.095 0.095 0.095 0.095 0.13455768 0.21749924 0.2175 0.2175 0.2175 0.2175 0.2175 -0.011389981 -0.014995086 -0.014999991 -0.015 -0.015 -0.014999772 0.3 0.3 0.3 0.3 0.3 0.35499999 0.355 0.355 0.355 0.35500005 0.46737976 0.3925 0.92999994 0.045569913 0.74936913 0.05 0.05 0.048285102 -0.0325 
0.55 0.55 0.55 0.55 0.55 0.54999968 0.54500027 0.54501089 0.72499977 0.725 0.725 0.725 0.725 0.725 0.71301244 0.095 0.095 0.095 0.095 0.095 0.095 0.2175 0.2175 0.2175 0.2175 0.2175 0.2175 0.2175 -0.014935819 -0.015 -0.015 -0.015 -0.015 -0.015 0.071309969 0.3 0.3 0.3 0.3 0.355 0.355 0.355 0.355 0.35500961 0.3925 0.3925 0.39022803 0.03 0.03 0.05 0.05 -0.0325 -0.0325 
0.55 0.55 0.55 0.55 0.55 0.54999333 0.545011 0.70468818 0.725 0.725 0.725 0.725 0.725 0.725 0.71397077 0.095 0.095 0.095 0.095 0.095 0.11244177 0.2175 0.2175 0.2175 0.2175 0.2175 0.2175 0.2175 -0.014999068 -0.015 -0.015 -0.015 -0.015 -0.015 -0.015 0.16325605 -0.049293575 -0.16551678 -0.18320382 0.32334276 0.35499999 0.355 0.355 0.39249701 0.3925 0.39030632 0.025000024 0.03 0.03 -0.15745965 -0.1575 -0.1575 -0.032500057 
0.55 0.55 0.55 0.55 0.54999999 0.54995838 0.56059731 0.7249505 0.725 0.725 0.725 0.725 0.725 0.725 0.71028853 0.095000001 0.095 0.095 0.095 0.095000001 0.21749947 0.2175 0.2175 0.2175 0.2175 0.2175 0.2175 0.2175 -0.014999936 -0.015 -0.015 -0.015 -0.015 -0.015 -0.015000036 -0.1925 -0.1925 -0.1925 -0.1925 -0.1375 -0.1375 -0.1375 -0.1375 0.025001064 0.025 0.025 0.025 0.025000029 0.0275 0.0275 -0.1575 -0.1575 -0.11362688 
0.55 0.55 0.55 0.55 0.54999986 0.549946 0.71265993 0.72499765 0.725 0.725 0.725 0.725 0.725 0.725 0.70361391 0.095000259 0.095 0.095 0.095 0.095737274 0.2175 0.2175 0.2175 0.2175 0.2175 0.2175 0.2175 0.2175 -0.014999948 -0.015 -0.015 -0.015 -0.015 -0.015 -0.19249984 -0.1925 -0.1925 -0.1925 -0.1925 -0.1375 -0.1375 -0.1375 -0.1375 -0.093641949 0.025 0.025 0.025 0.027499972 0.0275 0.0275 -0.0925 -0.0925 -0.0925 
0.55 0.55 0.55 0.54999999 0.54999907 0.5579323 0.72433136 0.72499941 0.725 0.725 0.725 0.725 0.725 0.72499996 0.69457238 0.095014815 0.095 0.095 0.09500014 0.21501796 0.2175 0.2175 0.2175 0.2175 0.2175 0.2175 0.2175 0.2175 -0.014999782 -0.015 -0.015 -0.015 -0.015 -0.225462 -0.19250003 -0.1925 -0.1925 -0.1925 -0.1925 -0.1375 -0.1375 -0.1375 -0.1375 -0.1375 0.025 0.025 0.025 0.0275 0.0275 0.0275 -0.0925 -0.0925 -0.0925 
0.55 0.55 0.55 0.5499999 0.55004082 0.64376131 0.72488323 0.72499964 0.725 0.725 0.725 0.725 0.725 0.72499882 0.68382272 0.095230082 0.095000013 0.095000004 0.095634242 0.21748958 0.2175 0.2175 0.2175 0.2175 0.2175 0.2175 0.2175 0.21749986 -0.014998543 -0.015 -0.015000204 -0.27722525 -0.3025 -0.3025 -0.3025 -0.1925 -0.1925 -0.1925 -0.1925 -0.1375 -0.1375 -0.1375 -0.1375 -0.1375 0.024997119 0.025 0.025000001 0.0275 0.0275 0.027499935 -0.0925 -0.0925 -0.0925 
