interpolatedSpi/03-07|21_3.tif
NCOLS 53
NROWS 52
XLLCORNER -116.03883
YLLCORNER 28.596182
DX 0.49850594
DY 0.49788537
NODATA_VALUE -9999
[rows 0 to 40 of 52, columns 0 to 52 of 53]
-0.822 -0.822 -0.80770941 -1.142 -0.936 -1.396 -1.386 -1.204 -1.0669445 -1.308 -1.488 -1.046 -1.5399323 -0.718 -1.392 -1.392 -1.392 -0.598 -0.624 -0.624 -0.624 -0.62400087 -0.714 -0.926 -0.926 -0.926 0.0079914871 0.008 0.008 -0.342 -0.342 -0.342 -0.342 -0.98599987 -0.986 -0.986 -0.986 -0.986 -0.986 -0.98599997 0.1141494 0.12567646 -1.144 -1.144 -1.144 -1.144 -1.1429677 -0.512 -0.512 -0.512 1.1779965 1.178 1.178
-0.82202693 -1.428 -1.2679995 -1.3424178 -1.410032 -0.894 -0.946 -1.1860612 -1.368 -1.594 -1.34 -1.54 -1.54 -0.85553984 -0.71800762 -1.392 -0.598 -0.598 -0.6239661 -0.624 -0.624 -0.624 -0.95063416 -0.926 -0.926 -0.926 -0.974 -0.974 -0.342 -0.342 -0.342 -0.342 -0.342 -0.98599991 -0.986 -0.986 -0.986 -0.986 -0.98599999 -1.0097223 -1.1619696 -1.1461839 -1.144 -1.144 -1.144 -1.144 -1.144 -0.512 -0.512 -0.512 -0.37186358 1.178 1.178
-1.5279761 -1.528 -0.832 -0.86 -0.974 -1.224 -0.582 -0.888 -1.228 -1.242 -1.082 -1.358 -0.728 -1.488 -0.856 -1.73 -0.598 -0.598 -0.598 -1.1918349 -1.192 -1.192 -1.394 -0.926 -0.926 -0.926 -0.974 -0.974 -0.974 -0.342 -0.342 -0.34200003 -0.67898005 -0.98566246 -0.98421289 -0.79575939 -0.794 -0.794 -0.8402847 -1.162 -1.162 -1.161977 -1.144 -1.144 -1.144 -1.144 -1.144 -0.512 -0.512 -0.512 -0.512 1.178 1.178
-0.38 -1.528 -1.3580086 -0.38 -1.106 -1.058 -0.74 -0.918 -1.056 -1.0368208 -1.14 -1.576 -1.514 -1.488 -1.4 -1.73 -1.8828218 -1.883099 -1.828 -1.192 -1.192 -1.884 -1.394 -1.394 -0.926 -0.92600024 -0.974 -0.974 -0.974 -1.052 -1.0465132 -1.042 -1.042 -1.0419998 -0.794 -0.794 -0.794 -0.794 -1.162 -1.162 -1.162 -1.162 -1.144 -1.144 -1.144 -1.144 -1.144 -0.51200797 -0.512 -0.512 -0.512 1.1779402 1.178
-0.38 0.21999711 -1.358 -1.5838185 -1.106 -0.882 -1.2619967 -0.938 -0.928 -1.196 -1.4961476 -1.63991 -1.012 -1.4 -1.4 -1.623222 -1.884 -1.884 -1.828 -1.828 -1.1920014 -1.884 -1.704 -0.874 -0.606 -0.60594958 -0.974 -0.974 -1.052 -1.052 -1.042 -1.042 -1.042 -0.95412494 -0.794 -0.794 -0.794 -1.162 -1.162 -1.162 -1.162 -1.1619734 -1.144 -1.144 -1.144 -1.144 -1.144 -1.1383744 -0.512 -0.51200628 -0.652 -0.652 -0.652
-1.58 -0.658 -0.92600001 -1.126 -1.912 -1.444 -1.542 -1.4646707 -1.16 -0.672 -0.814 -0.372 -0.37200042 -1.152 -1.152 -1.5440212 -1.544 -1.41 -1.41 -1.8279992 -1.61 -1.61 -0.874 -0.606 -0.606 -0.39 -0.728 -0.728 -0.44005563 -1.052 -1.042 -1.042 -0.576 -0.57602821 -0.84598085 -1.496 -1.496 -1.2653305 -1.162 -1.162 -0.88634423 -0.886 -0.88599984 -1.5015744 -1.5079598 -1.5079999 -1.508 -1.5079999 -1.0763632 -0.652 -0.652 -0.652 -0.652
-0.151998 -0.498 0.29829132 -0.706 -1.276 -1.844 -1.268 -1.084 -0.952 -0.952 -0.814 -1.154 -0.60600014 -1.152 -1.6319986 -1.632 -1.544 -1.462 -0.906 -0.906 -1.5185746 -1.416 -1.416 -0.21600001 -0.39 -0.39 -0.728 -0.728 -0.44000233 -0.44004292 -0.80499341 -0.576 -0.576 -0.846 -0.846 -1.4992678 -1.496 -1.496 -1.3140063 -0.8860006 -0.886 -0.886 -0.88599994 -1.5079992 -1.508 -1.508 -1.508 -1.5079998 -1.168 -0.65210226 -0.652 -0.652 -0.652
-0.152 0.308 0.442 -1.342 -1.6019851 -1.472 -1.178 -1.56 -1.56 -1.344 -1.344 -1.128 -0.606 -0.606 -1.6249607 -1.7886502 -1.804 -1.09 -1.1859997 -0.906 -0.45577316 -0.45 -0.64 0.027999997 0.02799822 -0.11 -0.476 -0.47600009 -0.47985983 -0.48000001 -0.806 -1.3615139 -1.052 -0.846 -0.86413948 -1.502 -1.502 -1.314 -1.314 -0.886 -0.886 -0.886 -1.3611454 -1.364 -1.508 -1.508 -1.508 -1.1680129 -1.168 -1.168 -0.652 -0.652 -0.652
-0.020008997 0.308 0.34 -0.14 -1.146 -1.422 -1.502 -1.534 -1.6 -1.3288712 -1.172 -0.998 -0.998 -0.952 -0.95200288 -1.4549755 -1.454 -1.454 -1.1046545 -0.91599992 -0.518 -0.518 -0.618 -0.63133016 -0.096093244 -0.11 -0.284 -0.476 -0.86373371 -0.866 -1.448 -0.778 -0.97140347 -1.542 -1.482 -1.63 -1.67 -1.43 -1.3700277 -0.8856429 -0.806 -0.97 -1.3639261 -1.364 -1.3648105 -1.508 -1.374 -1.168 -1.168 -1.168 -1.168 -0.62012609 -0.296
-1.854 -1.854 0.43 -0.442 -1.2 -1.498 -1.398 -1.568 -1.68 -1.2600183 -1.42 0.002 -0.952 -0.952 -1.258 -1.2606882 -1.454 -1.4539897 -1.366 -0.916 -0.916 -0.86472425 -0.618 -0.57000091 -0.57 -0.57 -0.284 -0.048 -0.048 -0.866 -0.866 -0.7787283 -1.162 -1.542 -0.806 -1.63 -1.67 -1.288 -1.37 -1.0059966 -0.96999999 -0.94795964 -0.91 -1.364 -1.364 -1.374 -1.374 -1.374 -1.168 -1.168 -0.396 -0.396 -0.39599996
-1.854 -1.854 -0.484 -1.524 -1.294 -0.778 -1.296 -1.2721226 -1.304 -1.2 -1.128 -0.692 0.0010746685 -1.258 -1.258 -1.2580616 -1.792 -1.7696415 -1.366 -1.498 -1.498 -1.062 -1.062 -0.57 -0.57 -0.57 -0.048 -0.048 -0.048 -1.694 -1.694 -1.6939991 -1.266 -1.266 -1.582 -2.18 -1.476 -2.3659918 -1.7 -1 -1 -0.76000049 -0.91 -1.364 -1.47 -1.434 -0.84628259 -0.844 -0.704 -0.704 -0.396 -0.396 -0.396
-1.854 -1.2626825 -0.92780509 -1.2719951 -0.288 -1.556 -1.296 -1.272 -1.3039997 -1.2011522 -0.69200066 -0.692 -1.096 -1.258 -1.258 -1.792 -1.792 -1.7919758 -1.366 -1.498 -1.4123785 -1.062 -1.062 -0.57002018 -0.57 -0.66467123 -0.858 -0.858 -0.8579999 -1.694 -1.694 -1.728 -1.728 -1.2660009 -1.582 -1.5940002 -1.4641339 -2.366 -2.366 -0.99999999 -0.76 -0.76 -0.76000516 -1.47 -1.47 -1.434 -0.844 -0.844 -0.704 -0.704 -0.396 -0.396 -0.396
-2.45 -1.1026362 -1.140013 -1.1409426 -0.28800658 -1.5559701 -1.296 -1.2722954 -1.3017949 -1.3012843 -1.096 -1.096 -1.096 -1.096 -1.2579771 -1.792 -1.792 -1.7864997 -1.366 -1.4979864 -1.454 -1.454 -1.454 -1.454 -0.58519471 -0.858 -0.858 -0.858 -0.858 -0.85859055 -1.728 -1.728 -1.728 -1.728 -1.594 -1.594 -1.594 -2.327652 -2.3599165 -1.556 -1.556 -0.76004282 -1.1600106 -1.4699701 -1.47 -1.434 -0.844 -0.844 -0.704 -0.704 -0.39711739 -0.396 -0.072148216
-2.45 -1.14 -1.14 -1.14 -1.14 -1.1400002 -1.2966654 -1.2846483 -1.2959118 -1.0962214 -1.096 -1.096 -1.096 -1.096 -1.0960001 -1.792 -1.7919999 -1.7627793 -1.3660062 -1.454 -1.454 -1.454 -1.454 -1.454 -1.4506255 -1.1184001 -1.2299999 -1.23 -1.23 -1.23 -1.728 -1.728 -1.7279998 -1.566 -1.566 -1.594 -1.45206 -1.448 -1.5559999 -1.556 -1.556 -1.556 -1.16 -1.16 -1.16 -1.1619068 -0.82623965 -0.826 -0.826 -0.826 -0.826 -0.11600006 -0.116
-1.726 -1.14 -1.14 -1.14 -1.14 -1.14 -1.14 -1.2925601 -1.2522335 -1.252 -1.252 -1.252 -1.252 -1.252 -1.252 -1.2618624 -1.7835513 -1.7336662 -1.4539891 -1.454 -1.454 -1.454 -1.454 -1.4539997 -1.298 -1.298 -1.2979999 -1.23 -1.23 -1.2302283 -1.344 -1.344 -1.566 -1.566 -1.566 -1.4669023 -1.448 -1.448 -1.448 -1.556 -1.556 -1.556 -1.16 -1.16 -1.16 -1.16 -0.826 -0.826 -0.826 -0.826 -0.826 -0.116 -0.116
-1.726 -1.5078389 -1.14 -1.14 -1.14 -1.14 -1.297969 -1.298 -1.298 -1.252 -1.252 -1.252 -1.252 -1.252 -1.2542061 -1.262 -1.262 -1.262 -1.2087491 -1.2080003 -1.208 -1.208 -1.208 -1.208 -1.298 -1.298 -1.298 -1.298 -1.23 -1.344 -1.344 -1.344 -1.566 -1.566 -1.566 -1.34 -1.447857 -1.448 -1.448 -1.5558789 -1.3142701 -0.75041493 -1.16 -1.16 -0.63163561 -0.63 -0.63 -0.82490254 -0.16033436 -0.15800006 -0.15800013 0.15995815 -0.11599944
-1.726 -1.6014376 -1.3717691 -1.14 -1.14 -1.2979066 -1.298 -1.298 -1.298 -1.2976685 -1.252 -1.252 -1.252 -1.252 -1.262 -1.262 -1.262 -1.262 -1.2080482 -1.208 -1.208 -1.208 -1.208 -1.208 -1.298 -1.298 -1.298 -1.298 -1.2981673 -1.344 -1.344 -1.344 -1.534 -1.5659762 -1.34 -1.34 -1.34 -1.3365344 -0.79232279 -0.748 -0.748 -0.748 -0.892 -0.892 -0.63 -0.63 -0.63 -0.15800001 -0.158 -0.158 -0.158 0.16 0.16
-1.5979929 -1.598 -1.598 -1.598 -1.312 -1.2980004 -1.298 -1.298 -1.298 -1.298 -1.2420065 -1.2519983 -1.252 -1.262 -1.262 -1.262 -1.262 -1.262 -1.227465 -1.208 -1.208 -1.208 -1.208 -1.208 -1.2143937 -1.1560008 -1.156 -1.156 -1.156 -1.344 -1.534 -1.534 -1.534 -1.534 -1.34 -1.3399917 -1.024 -1.024 -0.75144627 -0.748 -0.748 -0.748 -0.892 -0.892 -0.67056662 -0.63 -0.63 -0.158 -0.158 -0.158 -0.15459021 0.16 0.16
-1.598 -1.598 -1.598 -1.4633183 -1.312 -1.312 -1.298 -1.298 -1.298 -1.298 -1.12 -1.12 -1.12 -1.262 -1.262 -1.262 -1.262 -1.2618529 -0.782 -0.782 -1.2079998 -1.208 -1.2180305 -1.62 -1.6158228 -1.156 -1.156 -1.156 -1.156 -1.5339615 -1.534 -1.534 -1.534 -1.534 -1.0240011 -1.024 -1.024 -1.024 -1.0230067 -0.748 -0.748 -0.748 -0.892 -0.892 -0.892 -0.63 -0.63 -0.15800002 -0.158 -0.158 0.16 0.16 0.16
-1.598 -1.598 -1.598 -1.312 -1.312 -1.312 -1.312 -1.298 -1.298 -1.1201837 -1.12 -1.12 -1.12 -1.1200885 -0.54161405 -0.372 -0.372 -0.372 -0.782 -0.782 -0.782 -1.62 -1.62 -1.62 -1.6195574 -0.57063087 -1.156 -1.156 -1.156 -1.0909512 -1.0000525 -1 -1 -1 -0.86119851 -0.63200089 -0.632 -0.632 -0.632 -0.60801916 -0.608 -0.608 -0.892 -0.892 -0.94199979 -0.94199996 -0.84 -0.84 -0.528 -0.528 -0.528 0.16 -0.2316495
-1.5979976 -1.598 -1.598 -1.312 -1.312 -1.312 -1.312 -1.0140001 -1.2968645 -1.1198622 -1.12 -1.12 -1.12 -1.1185322 -0.372 -0.372 -0.372 -0.37200012 -0.782 -0.782 -0.782 -1.62 -1.62 -1.62 -0.04 -0.04 -0.356 -0.356 -0.356 -0.35951322 -1 -1 -1 -1 -0.81610103 -0.632 -0.632 -0.632 -0.632 -0.608 -0.608 -0.608 -0.61850892 -0.942 -0.942 -0.942 -0.84 -0.84 -0.528 -0.528 -0.528 -0.23200001 -0.232
-0.818 -1.1823623 -1.244 -1.2440197 -1.312 -1.0157242 -1.014 -1.014 -1.0373202 -0.968 -0.968 -0.968 -0.968 0.15796334 0.158 -0.37199959 -0.372 -0.3828029 -0.782 -0.782 -0.782 -0.244 -0.244 -0.244 -0.04 -0.04 -0.356 -0.356 -0.356 -0.35600003 -0.39200386 -0.39200171 -0.98471883 -0.99934818 -0.58846784 -0.588 -0.588 -0.588 -0.588 -0.608 -0.608 -0.608 -0.92360882 -0.942 -0.942 -0.942 -0.84 -0.84 -0.83998877 -0.528 -0.52802316 -1.046 -0.232
-1.0999464 -1.1 -1.244 -1.244 -1.244 -1.014 -1.014 -1.014 -1.078 -1.078 -0.968 -0.968 -0.968 0.158 0.158 0.158 0.158 0.15789367 -0.782 -0.782 -0.78199998 -0.244 -0.244 -0.244 -0.04 -0.04 -0.356 -0.356 -0.356 -0.3915941 -0.392 -0.392 -0.392 -0.392 -0.58790329 -0.588 -0.588 -0.588 -0.588 -0.47000004 -0.47 -0.47 -0.47 -0.94199989 -0.928 -0.928 -0.928 -1.206 -1.206 -1.206 -1.046 -1.046 -1.046
-1.1 -1.1 -1.244 -1.244 -1.244 -1.0152089 -1.014 -1.078 -1.078 -1.078 -0.96801354 -0.968 -0.72939958 0.15799981 0.158 0.158 0.158 -0.25 -0.25 -0.25 0.14599999 0.14599971 -0.2439981 -0.244 -0.24370677 0.154 0.154 0.15399878 -0.35591758 0.22187764 0.22199673 0.2218928 -0.39095061 -0.39147012 -0.55269152 -0.58799972 -0.58561393 0.124 0.124 -0.47 -0.47 -0.47 -0.47 -0.928 -0.928 -0.928 -0.928 -1.206 -1.206 -1.206 -1.046 -1.046 -1.046
-1.1 -1.1 -1.244 -1.244 -1.244 -1.244 -1.0379533 -1.078 -1.078 -1.078 -1.0777779 -0.676 -0.676 -0.676 0.15308505 0.158 -0.24728119 -0.25 -0.25 -0.25 0.146 0.146 0.146 0.146 0.154 0.154 0.154 0.154 0.154 0.222 0.222 0.222 0.222 0.22200052 0.47 0.124 0.124 0.124 0.124 0.12399846 -0.268 -0.268 -0.268 -0.48472573 -0.934 -0.934 -0.934 -1.206 -1.2059993 -0.502 -0.502 -0.33817224 -0.338
-1.1 -1.1 -1.1920261 -1.244 -1.244 -1.244 -1.2516912 -1.0785484 -1.078 -1.078 -0.67600004 -0.676 -0.676 -0.676 -0.676 -0.60757634 -0.25 -0.25 -0.25 -0.25 0.14599694 0.146 0.146 0.146 0.154 0.154 0.154 0.154 0.154 0.47028936 0.222 0.222 0.222 0.47 0.47 0.46973132 0.124 0.124 0.48642936 0.76799994 -0.268 -0.268 -0.268 -0.47885287 -0.934 -0.934 -0.934 0.376 -0.49106021 -0.502 -0.502 -0.338 -0.338
-0.432 -0.432 -0.432 -1.0404093 -1.2433951 -1.252 -1.252 -1.252 -1.252 -0.87 -0.87 -0.67600001 -0.676 -0.676 -0.676 -0.67597299 -0.25 -0.25 -0.25 -0.25 -0.026801554 0.146 0.146 0.16939635 1.0005474 0.154 0.154 0.154 0.558 0.558 0.558 0.55799859 0.47 0.47 0.47 0.47 0.768 0.768 0.768 0.768 0.02 0.02 0.02 -0.053998512 -0.054 -0.054 -0.054000278 0.376 0.376 -0.50093021 -0.502 -0.33799414 -0.338
-0.432 -0.432 -0.432 -0.43202122 -0.826 -0.8879474 -1.252 -1.252 -1.252 -0.87 -0.87 -0.87 -0.28800002 -0.288 -0.288 -0.28800001 -0.25072907 -0.25 -0.25 -0.25 -0.24394643 1.0399975 1.04 1.04 1.04 1.04 1.146 1.146 0.558 0.558 0.558 0.558 0.47000047 0.47 0.47 0.47005311 0.76799999 0.768 0.768 0.76642074 0.02 0.02 0.02 -0.053996568 -0.054 -0.054 -0.054 0.376 0.376 0.37600006 0.824 0.824 0.558
-0.432 -0.432 -0.432 -0.82599909 -0.826 -0.826 -1.2519998 -1.252 -1.252 -0.87 -0.87 -0.87 -0.288 -0.288 -0.288 -0.31541744 -0.648 -0.648 -0.64799897 -0.252248 1.04 1.04 1.04 1.04 1.04 1.0400798 1.146 1.146 1.146 0.558 0.558 0.55802317 1.122 1.122 1.122 0.234 0.234 0.408 0.408 0.408 0.148 0.02004015 0.020003269 0.458 0.458 0.43859578 -0.053997919 0.376 0.376 0.824 0.824 0.824 0.558
-0.432 -0.432 -0.432 -0.826 -0.826 -0.826 -0.826 -1.252 -1.252 -0.87 -0.87 -0.31127161 -0.288 -0.288 -0.288 -0.648 -0.648 -0.648 -0.648 -0.648 1.04 1.04 1.04 1.04 1.04 1.1459996 1.146 1.146 1.146 0.594 0.594 0.594 1.122 1.122 1.122 0.234 0.234 0.408 0.408 0.148 0.148 0.148 0.458 0.458 0.458 0.458 0.48001549 0.726 0.726 0.726 0.824 0.67 0.67
-0.432 -0.432 -0.43254866 -0.826 -0.826 -0.826 -0.826 -0.86217645 -0.864 -0.8640103 -0.86999999 -0.28802144 -0.288 -0.288 -0.28800125 -0.648 -0.648 -0.648 -0.648 -0.648 0.26118728 1.04 1.04 1.04 1.0399831 1.1459894 1.146 1.146 1.146 0.594 0.594 0.594 0.59407825 1.122 0.234 0.234 0.234 0.23400732 0.40798227 0.148 0.148 0.148 0.45798118 0.458 0.458 0.458 0.7260023 0.726 0.726 0.726 0.67 0.67 0.67
-0.716 -0.7159995 -0.8257889 -0.826 -0.826 -0.826 -0.86399191 -0.864 -0.864 -0.864 -0.54400001 -0.544 -0.544 -0.544 -0.64751996 -0.648 -0.648 -0.648 -0.648 0.22799948 0.228 0.228 0.95800001 0.958 0.958 0.958 0.97422682 1.146 0.84201245 0.842 0.842 0.842 0.842 0.448 0.448 0.448 0.448 0.448 0.78 0.78 0.78 0.78 0.78 0.95724629 0.958 0.958 0.958 0.726 0.726 0.726 0.67000882 0.67 0.67
-0.716 -0.716 -0.71196449 -0.23400119 -0.23400013 -0.23461456 -0.864 -0.864 -0.864 -0.864 -0.544 -0.544 -0.544 -0.544 -0.544 -0.648 -0.648 -0.648 0.22799978 0.228 0.228 0.228 0.958 0.958 0.958 0.958 0.958 0.95803966 0.84187025 0.842 0.842 0.842 0.84194788 0.28586614 0.44783212 0.448 0.448 0.448 0.78 0.78 0.78 0.78 0.78 0.958 0.958 0.958 0.958 0.84951227 0.726 0.24739995 0.242 0.03 0.03
-0.716 -0.716 -0.23406105 -0.234 -0.234 -0.234 -0.39401734 -0.864 -0.864 -0.864 -0.544 -0.544 -0.544 -0.544 -0.544 -0.64791901 -0.648 0.22774316 0.228 0.228 0.228 0.228 0.68756677 0.958 0.958 0.958 0.958 0.95767982 0.506 0.506 0.506 0.506 0.506 0.162 0.162 0.162 0.162 0.162 0.488 0.488 0.488 0.488 0.488 0.95763863 0.95799992 0.958 0.95797491 0.95487824 0.242 0.242 0.242 0.030001187 0.03
-0.71599956 -0.48067904 -0.23400003 -0.234 -0.234 -0.234 -0.234 -0.86373175 -0.864 -0.864 -0.544 -0.544 -0.544 -0.544 -0.4403544 -0.438 -0.438 0.22798286 0.228 0.228 0.228 0.228 0.22800004 0.958 0.958 0.958 0.958 0.34800017 0.34800007 0.38162624 0.506 0.506 0.506 0.162 0.162 0.162 0.162 0.16194853 0.488 0.488 0.488 0.488 0.48800398 0.81 0.81 0.81 0.81 0.80995419 0.242 0.242 0.242 0.24199999 0.21523124
-0.476 -0.476 -0.41794421 -0.234 -0.234 -0.234 -0.234 -0.234 -0.86372999 -0.29200001 -0.292 -0.292 -0.29259805 -0.43800015 -0.438 -0.438 -0.438 -0.438 0.22799935 0.22246109 0.174 0.174 0.174 0.37056308 0.90437563 0.61744179 0.37536026 0.348 0.348 0.348 0.348 0.348 0.35304326 0.08831203 0.086 0.086 0.086 0.086 0.49776831 0.53999991 0.54 0.54 0.54 0.54600077 0.80999993 0.81 0.81 0.56 0.24200509 0.242 0.242 0.218 0.218
-0.476 -0.476 -0.386 -0.386 -0.386 -0.23405063 -0.234 -0.234 -0.292 -0.292 -0.292 -0.292 -0.292 -0.43799999 -0.438 -0.438 -0.438 -0.438 0.174 0.174 0.174 0.174 0.174 0.28799999 0.288 0.288 0.288 0.348 0.348 0.348 0.348 0.348 0.292 0.292 0.086000001 0.086 0.086 0.49593018 0.496 0.54 0.54 0.54 0.53999998 0.546 0.546 0.546 0.56 0.56 0.56 0.354 0.354 0.218 0.218
-0.476 -0.476 -0.386 -0.386 -0.386 -0.386 -0.38599968 -0.328 -0.2920339 -0.292 -0.292 -0.292 -0.292 -0.43617878 -0.438 -0.438 -0.438 -0.438 0.17399999 0.174 0.174 0.174 0.174 0.288 0.288 0.288 0.288 0.28800026 0.348 0.348 0.348 0.29200294 0.292 0.292 0.292 0.086 0.496 0.496 0.496 0.49715772 0.43715297 0.418 0.418 0.546 0.546 0.546 0.56 0.56 0.56 0.354 0.354 0.354 0.4226919
-0.846 -0.8459971 -0.386 -0.386 -0.386 -0.386 -0.328 -0.328 -0.328 -0.292 -0.292 -0.292 -0.292 -0.29204539 -0.438 -0.438 -0.438 -0.438 0.17398915 0.174 0.174 0.174 0.26791291 0.288 0.288 0.288 0.288 0.54599979 0.546 0.546 0.35012298 0.292 0.292 0.292 0.29199996 0.248 0.496 0.496 0.496 0.496 0.418 0.418 0.418 0.572 0.572 0.572 0.4460111 0.56 0.56 0.354 0.354 0.354 0.4440008
-0.846 -0.846 -0.386 -0.386 -0.386 -0.328 -0.328 -0.328 -0.328 -0.29593925 -0.292 -0.292 -0.292 -0.29200045 -0.40400391 -0.404 -0.404 -0.404 -0.16376354 0.018 0.018 0.018 0.018 0.288 0.288 0.288 0.28801702 0.546 0.546 0.546 0.546 0.29205132 0.26725127 0.248 0.248 0.248 0.49532723 0.31600375 0.316 0.316 0.41821305 0.68999999 0.69 0.572 0.572 0.57199947 0.446 0.446 0.48 0.48 0.48 0.678 0.73
-0.846 -0.846 -0.336 -0.336 -0.336 -0.328 -0.328 -0.328 -0.328 -0.06 -0.06 -0.06 -0.06 -0.084242486 -0.404 -0.404 -0.404 -0.404 -0.17 0.018 0.018 0.018 0.018 0.58 0.57999988 0.28800043 0.546 0.546 0.546 0.546 0.63206679 0.716 0.30368558 0.248 0.248 0.248 0.316 0.316 0.316 0.316 0.69 0.69 0.69 0.87194261 0.872 0.44791484 0.446 0.446 0.48000036 0.48 0.678 0.678 0.73
