interpolatedSpi/03-05|21_3.tif
NCOLS 53
NROWS 52
XLLCORNER -116.03883
YLLCORNER 28.596182
DX 0.49850594
DY 0.49788537
NODATA_VALUE -9999
[rows 0 to 30 of 52, columns 0 to 52 of 53]
-0.68333333 -0.68333333 -0.46064673 -1.05 -0.99333333 -1.18 -1.3366667 -1.1 -1.3276107 -1.8233333 -1.7666667 -1.57 -2.0332233 -0.69666667 -1.1833333 -1.1833333 -1.1833333 -1.1366667 -0.66 -0.66 -0.66 -0.66000295 -0.96666666 -0.60666667 -0.60666667 -0.60666667 -0.21334319 -0.21333333 -0.21333333 -0.53 -0.53 -0.53 -0.53 -1.5299998 -1.53 -1.53 -1.53 -1.53 -1.53 -1.5299999 0.63666248 0.65954654 -1.12 -1.12 -1.12 -1.12 -1.1187859 -0.37666667 -0.37666667 -0.37666667 1.5133294 1.5133333 1.5133333
-0.68337051 -1.52 -1.1033331 -1.2412629 -1.0701965 -0.94333333 -0.85333333 -1.5534705 -1.65 -1.9166667 -1.8066667 -2.0333333 -2.0333333 -1.1983217 -0.69667705 -1.1833333 -1.1366667 -1.1366667 -0.66062151 -0.66 -0.66 -0.66 -0.63947712 -0.60666667 -0.60666667 -0.60666667 -0.90333331 -0.90333333 -0.53 -0.53 -0.53 -0.53 -0.53 -1.5299999 -1.53 -1.53 -1.53 -1.53 -1.5299999 -1.3159107 -0.28337131 -1.018477 -1.12 -1.12 -1.12 -1.12 -1.12 -0.37666667 -0.37666667 -0.37666667 -0.21994606 1.5133333 1.5133333
-1.256651 -1.2566667 -0.87666667 -0.57333333 -1.14 -1.4866667 -0.88333333 -1.4666667 -1.6866667 -1.8533333 -1.45 -1.9266667 -1.1066667 -1.71 -1.2 -2.02 -1.1366667 -1.1366667 -1.1366667 -1.409782 -1.41 -1.41 -1.23 -0.60666667 -0.60666667 -0.60666667 -0.90333333 -0.90333333 -0.90333333 -0.53 -0.53 -0.53000003 -0.87500338 -1.5267813 -1.5161623 -0.05695636 -0.043333333 -0.043333333 -0.073519008 -0.28333333 -0.28333333 -0.28440322 -1.12 -1.12 -1.12 -1.12 -1.12 -0.37666667 -0.37666667 -0.37666667 -0.37666666 1.5133333 1.5133333
-0.50666667 -1.2566667 -1.5400674 -0.49666667 -1.55 -1.2833333 -1.25 -1.56 -1.7166667 -1.5043028 -1.53 -2.37 -2.14 -1.71 -1.6366667 -2.02 -1.9869217 -1.9860711 -2.0333333 -1.41 -1.41 -2.0166667 -1.23 -1.23 -0.60666667 -0.60666815 -0.90333333 -0.90333333 -0.90333333 -1.2166667 -1.233127 -1.2466667 -1.2466667 -1.2466657 -0.043333333 -0.043333333 -0.043333333 -0.043333333 -0.28333333 -0.28333333 -0.28333333 -0.28333336 -1.12 -1.12 -1.12 -1.12 -1.12 -0.37667604 -0.37666667 -0.37666667 -0.37666667 1.5132761 1.5133333
-0.50666667 -0.14000257 -1.54 -1.8599831 -1.55 -1.14 -1.6699903 -1.48 -1.2433333 -1.7566665 -2.1038246 -2.2730994 -0.64 -1.6366667 -1.6366667 -1.8926306 -1.9866667 -1.9866667 -2.0333333 -2.0333333 -1.4100012 -2.0166667 -1.8566667 -0.85 -0.29333333 -0.29335532 -0.90333333 -0.90333333 -1.2166667 -1.2166667 -1.2466667 -1.2466667 -1.2466667 -1.0712937 -0.043333334 -0.043333333 -0.043333333 -0.28333333 -0.28333333 -0.28333333 -0.28333333 -0.28333076 -1.12 -1.12 -1.12 -1.12 -1.12 -1.1133834 -0.37666667 -0.37666054 -0.24 -0.24 -0.24
-1.4933333 -0.92 -0.94000001 -1.4 -1.9466667 -1.7333333 -1.9733333 -1.9101725 -1.4733333 -1.1033333 -0.93666667 -0.22 -0.22000028 -0.80333333 -0.80333333 -1.3734372 -1.3733333 -1.1466667 -1.1466667 -2.0333325 -1.5833333 -1.5833333 -0.85 -0.29333333 -0.29333333 -0.38666667 -1.0133333 -1.0133333 -0.38007616 -1.2166667 -1.2466667 -1.2466667 -0.31666667 -0.31674538 -1.069946 -0.89333333 -0.89333333 -0.47205076 -0.28333333 -0.28333333 -0.25669993 -0.25666667 -0.25666731 -1.2215092 -1.2233219 -1.2233333 -1.2233333 -1.2233333 -1.0653568 -0.24 -0.24 -0.24 -0.24
-2.8632999e-06 -0.45 0.44184403 -0.44333333 -0.87333333 -1.87 -1.1266667 -1.19 -1.2133333 -1.2133333 -0.93666667 -1.0366667 -0.13333359 -0.80333333 -1.8033303 -1.8033333 -1.3733333 -1.6166667 -1.0466667 -1.0466667 -1.4765133 -1.3566667 -1.3566667 -0.22 -0.38666667 -0.38666667 -1.0133333 -1.0133333 -0.38000796 -0.38014663 -1.0616451 -0.31666667 -0.31666667 -1.07 -1.07 -0.98229121 -0.89333333 -0.89333333 -0.7566714 -0.25666736 -0.25666667 -0.25666667 -0.2566722 -1.2233344 -1.2233333 -1.2233333 -1.2233333 -1.2233333 -1.23 -0.24019619 -0.24 -0.24 -0.24
4.5893855e-18 0.58333333 0.59666667 -1.28 -1.5466514 -1.53 -1.41 -1.43 -1.71 -1.65 -1.65 -1.1066667 -0.13333333 -0.13333333 -1.7918756 -2.0613811 -2.0866667 -1.1633333 -0.96666675 -1.0466667 -0.73452797 -0.73 -1.14 -0.070000005 -0.070004471 -0.41666667 -0.6 -0.60000015 -0.51618777 -0.51666668 -1.0633333 -1.1331034 -0.5 -1.07 -1.0881585 -1.0566667 -1.0566667 -0.75666667 -0.75666667 -0.25666667 -0.25666667 -0.25666667 -1.4151494 -1.42 -1.2233333 -1.2233333 -1.2233333 -1.2299997 -1.23 -1.23 -0.24 -0.24 -0.24
0.1332439 0.58333333 0.37666667 0.016666667 -1.3666667 -1.46 -1.6966667 -1.59 -1.7333333 -1.366512 -1.26 -1.16 -1.16 -0.92333333 -0.92333565 -1.6279487 -1.6266667 -1.6266667 -1.1333119 -0.87999998 -0.78333333 -0.78333333 -0.97 -1.0730058 -0.38173182 -0.41666667 -0.21333333 -0.6 -1.0705828 -1.0733333 -1.31 -1.0666667 -1.3336001 -1.7866667 -1.7066667 -2.0366667 -1.8266667 -1.28 -1.2067005 -0.25773797 -0.49666667 -0.79666667 -1.4198974 -1.42 -1.4188931 -1.2233333 -1.5566666 -1.23 -1.23 -1.23 -1.23 -0.16820071 -0.11666667
-2.3833333 -2.3833333 0.31666667 -0.54 -1.55 -1.5433333 -1.09 -1.4766667 -1.7 -1.2733185 -1.4366667 0.056666667 -0.92333333 -0.92333333 -1.17 -1.1762634 -1.6266667 -1.6266197 -1.3433333 -0.88 -0.88 -0.86754611 -0.97 -0.94000057 -0.94 -0.94 -0.21333333 -0.55 -0.55 -1.0733333 -1.0733333 -1.0676719 -1.5966667 -1.7866667 -1.2466667 -2.0366667 -1.8266667 -1.2 -1.2066667 -0.89841153 -0.79666665 -0.79421774 -0.79 -1.42 -1.42 -1.5566667 -1.5566667 -1.5566667 -1.23 -1.23 0.33666667 0.33666667 0.3366665
-2.3833333 -2.3833333 -0.58666667 -1.6633333 -1.13 -0.95333333 -1.2533333 -0.9669194 -1.1833333 -1.0233333 -1.2666667 -0.59666667 0.055795436 -1.17 -1.17 -1.1701088 -2.1133333 -2.0729201 -1.3433333 -1.3866667 -1.3866667 -1.3433333 -1.3433333 -0.94 -0.94 -0.94 -0.55 -0.55 -0.55 -2.49 -2.49 -2.4899985 -1.5933333 -1.5933333 -2.0366667 -2.37 -1.5233333 -2.4033314 -1.4166667 -0.89333333 -0.89333333 -0.41000125 -0.79 -1.42 -1.0733333 -0.91666667 -0.74019822 -0.73666667 -0.29666667 -0.29666667 0.33666667 0.33666667 0.33666667
-2.3833333 -1.60777 -1.0461187 -1.1033346 -0.15 -1.65 -1.2533333 -0.96666667 -1.1833315 -1.0251059 -0.59666722 -0.59666667 -0.95333333 -1.17 -1.17 -2.1133333 -2.1133333 -2.1132895 -1.3433333 -1.3866667 -1.3781569 -1.3433333 -1.3433333 -0.94001645 -0.94 -1.0473817 -1.2666667 -1.2666667 -1.2666666 -2.49 -2.49 -1.9533333 -1.9533333 -1.5933345 -2.0366667 -1.7500002 -1.6286325 -2.4033333 -2.4033333 -0.89333332 -0.41 -0.41 -0.41000486 -1.0733333 -1.0733333 -0.91666667 -0.73666667 -0.73666667 -0.29666667 -0.29666667 0.33666667 0.33666667 0.33666667
-2.0933333 -1.0066078 -1.0266889 -1.0272096 -0.15000769 -1.6499646 -1.2533333 -0.97019537 -1.1684028 -1.1791553 -0.95333333 -0.95333333 -0.95333333 -0.95333333 -1.1699693 -2.1133333 -2.1133333 -2.1033914 -1.3433333 -1.3867194 -1.57 -1.57 -1.57 -1.57 -0.95093153 -1.2666667 -1.2666667 -1.2666667 -1.2666667 -1.2674817 -1.9533333 -1.9533333 -1.9533333 -1.9533333 -1.75 -1.75 -1.75 -2.3715712 -2.3951468 -1.3133333 -1.3133333 -0.41004859 -0.48668675 -1.0732768 -1.0733333 -0.91666667 -0.73666667 -0.73666667 -0.29666666 -0.29666667 0.334369 0.33666667 0.027452663
-2.0933333 -1.0266667 -1.0266667 -1.0266667 -1.0266667 -1.0266669 -1.2543485 -1.1177215 -1.1285694 -0.95357703 -0.95333333 -0.95333333 -0.95333333 -0.95333333 -0.95333337 -2.1133333 -2.1133332 -2.0605166 -1.3433448 -1.57 -1.57 -1.57 -1.57 -1.57 -1.5707194 -1.5140715 -1.6333333 -1.6333333 -1.6333333 -1.6333333 -1.9533333 -1.9533333 -1.9533331 -1.7833333 -1.7833333 -1.75 -1.4907489 -1.4833333 -1.3133334 -1.3133333 -1.3133333 -1.3133333 -0.48666667 -0.48666667 -0.48666667 -0.48965907 0.051467576 0.056666667 0.056666667 0.056666667 0.05666666 0.26000002 0.26
-0.92333333 -1.0266667 -1.0266667 -1.0266667 -1.0266667 -1.0266667 -1.0266667 -1.1130809 -1.0038485 -1.0033333 -1.0033333 -1.0033333 -1.0033333 -1.0033333 -1.0033333 -0.56258446 -2.0885084 -2.0078943 -1.5699718 -1.57 -1.57 -1.57 -1.57 -1.5699993 -1.6033333 -1.6033333 -1.6033334 -1.6333333 -1.6333333 -1.6334535 -1.6933333 -1.6933333 -1.7833333 -1.7833333 -1.7833333 -1.53139 -1.4833333 -1.4833333 -1.4833333 -1.3133333 -1.3133333 -1.3133333 -0.48666667 -0.48666667 -0.48666667 -0.48666667 0.05666667 0.056666667 0.056666667 0.056666667 0.056666667 0.26 0.26
-0.92333333 -0.96180316 -1.0266667 -1.0266667 -1.0266667 -1.0266667 -0.93001897 -0.93 -0.93 -1.0033333 -1.0033333 -1.0033333 -1.0033333 -1.0033333 -0.90406018 -0.55333333 -0.55333333 -0.55333333 -0.94524084 -0.94333397 -0.94333333 -0.94333333 -0.94333333 -0.94333333 -1.6033333 -1.6033333 -1.6033333 -1.6033333 -1.6333333 -1.6933333 -1.6933333 -1.6933333 -1.7833333 -1.7833333 -1.7833333 -1.3033333 -1.483095 -1.4833333 -1.4833333 -1.3131407 -0.92840036 -0.03051223 -0.48666667 -0.48666667 0.26434184 0.26666667 0.26666667 0.05721488 0.38883515 0.38999997 0.38999994 0.16334802 0.2599998
-0.92333333 -1.1439123 -1.089079 -1.0266667 -1.0266667 -0.93005712 -0.93 -0.93 -0.93 -0.93052846 -1.0033333 -1.0033333 -1.0033333 -1.0033333 -0.55333333 -0.55333333 -0.55333333 -0.55333333 -0.94298495 -0.94333333 -0.94333333 -0.94333333 -0.94333333 -0.94333333 -1.6033333 -1.6033333 -1.6033333 -1.6033333 -1.6036607 -1.6933333 -1.6933333 -1.6933333 -1.6966667 -1.7832824 -1.3033333 -1.3033333 -1.3033333 -1.2948092 -0.11889792 -0.026666667 -0.026666667 -0.026666667 -0.17 -0.17 0.26666667 0.26666667 0.26666667 0.39 0.39 0.39 0.39 0.16333333 0.16333333
-1.1497824 -1.15 -1.15 -1.15 -1.1266667 -0.93000507 -0.93 -0.93 -0.93 -0.93 -0.96901226 -1.0033274 -1.0033333 -0.55333333 -0.55333333 -0.55333333 -0.55333333 -0.55333333 -0.56054971 -0.94333333 -0.94333333 -0.94333333 -0.94333333 -0.94333333 -1.3198004 -1.4233343 -1.4233333 -1.4233333 -1.4233333 -1.6933333 -1.6966667 -1.6966667 -1.6966667 -1.6966667 -1.3033333 -1.3033129 -0.52666667 -0.52666667 -0.032909912 -0.026666667 -0.026666667 -0.026666667 -0.17 -0.17 0.19905563 0.26666667 0.26666667 0.39 0.39 0.39 0.38756954 0.16333333 0.16333333
-1.15 -1.15 -1.15 -1.139012 -1.1266667 -1.1266667 -0.93 -0.93 -0.93 -0.93 -0.55 -0.55 -0.55 -0.55333333 -0.55333333 -0.55333333 -0.55333333 -0.55321159 -0.18333333 -0.18333333 -0.94333302 -0.94333333 -0.9593204 -1.6 -1.5984095 -1.4233333 -1.4233333 -1.4233333 -1.4233333 -1.6966388 -1.6966667 -1.6966667 -1.6966667 -1.6966667 -0.5266694 -0.52666667 -0.52666667 -0.52666667 -0.52487094 -0.026666667 -0.026666667 -0.026666667 -0.17 -0.17 -0.17 0.26666667 0.26666667 0.38999998 0.39 0.39 0.16333333 0.16333333 0.16333333
-1.15 -1.15 -1.15 -1.1266667 -1.1266667 -1.1266667 -1.1266664 -0.93 -0.93 -0.55039227 -0.55 -0.55 -0.55 -0.55000207 0.042941177 0.18333333 0.18333333 0.18333333 -0.18333333 -0.18333333 -0.18333333 -1.6 -1.6 -1.6 -1.5994967 -0.57360395 -1.4233333 -1.4233333 -1.4233333 -0.83094513 -0.64010393 -0.64 -0.64 -0.64 -0.25830101 0.11999853 0.12 0.12 0.12 0.04998951 0.05 0.05 -0.17 -0.17 -0.51666522 -0.51666677 -0.81 -0.81 -0.64333333 -0.64333333 -0.64333333 0.16333333 -0.69589772
-1.149999 -1.15 -1.15 -1.1266667 -1.1266667 -1.1266667 -1.1266667 -0.78666671 -0.9294269 -0.55033853 -0.55 -0.55 -0.55 -0.548561 0.18333333 0.18333333 0.18333333 0.18333323 -0.18333333 -0.18333333 -0.18333333 -1.6 -1.6 -1.6 0.19666667 0.19666667 0.050000002 0.05 0.05 0.046235833 -0.64 -0.64 -0.64 -0.64 -0.26020865 0.12 0.12 0.12 0.12 0.05 0.05 0.05 0.032170499 -0.51666667 -0.51666667 -0.51666667 -0.81 -0.81 -0.64333333 -0.64333333 -0.64333333 -0.69666666 -0.69666667
-0.82 -0.97747784 -1.18 -1.1799845 -1.1266667 -0.7886339 -0.78666667 -0.78666667 -0.81095858 -0.92333333 -0.92333333 -0.92333333 -0.92333333 0.54995204 0.55 0.18333361 0.18333333 0.17367221 -0.18333333 -0.18333333 -0.18333333 0.066666667 0.066666667 0.066666667 0.19666667 0.19666667 0.05 0.05 0.05 0.050000116 0.2099946 0.20999761 -0.61863653 -0.63908874 0.20570371 0.20666667 0.20666667 0.20666667 0.20666667 0.05 0.05 0.05 -0.48546423 -0.51666667 -0.51666667 -0.51666668 -0.81 -0.81 -0.809994 -0.64333333 -0.6433545 -1.1166667 -0.69666667
-0.91664831 -0.91666671 -1.18 -1.18 -1.18 -0.78666667 -0.78666667 -0.78666667 -0.85333333 -0.85333333 -0.92333333 -0.92333333 -0.92333333 0.55 0.55 0.55 0.55 0.54991722 -0.18333333 -0.18333333 -0.18333332 0.066666667 0.066666667 0.066666667 0.19666667 0.19666667 0.05 0.05 0.05 0.20819599 0.21 0.21 0.21 0.21 0.20666831 0.20666667 0.20666667 0.20666667 0.20666667 0.046666668 0.046666667 0.046666667 0.046666667 -0.51666713 -0.57666667 -0.57666667 -0.57666667 -0.99 -0.99 -0.99 -1.1166667 -1.1166667 -1.1166667
-0.91666667 -0.91666667 -1.18 -1.18 -1.18 -0.7887341 -0.78666667 -0.85333333 -0.85333333 -0.85333333 -0.92332472 -0.92333333 -0.52838972 0.54999977 0.55 0.55 0.55 0.046666668 0.046666667 0.046666667 0.80999998 0.80999945 0.066670288 0.066666667 0.067232782 0.96 0.96 0.95999783 0.050147062 0.87986648 0.87999643 0.87988303 0.2111451 0.2105782 0.20769814 0.20666697 0.20929179 0.99 0.99 0.046666667 0.046666667 0.046666667 0.046666667 -0.57666667 -0.57666667 -0.57666667 -0.57666667 -0.99 -0.99 -0.99 -1.1166667 -1.1166667 -1.1166667
-0.91666667 -0.91666667 -1.18 -1.18 -1.18 -1.18 -0.81161805 -0.85333333 -0.85333333 -0.85333333 -0.85310502 -0.44 -0.44 -0.44 0.5441657 0.55 0.050020756 0.046666667 0.046666667 0.046666667 0.81 0.81 0.81 0.81 0.96 0.96 0.96 0.96 0.96 0.88 0.88 0.88 0.88 0.88000159 1.6333333 0.99 0.99 0.99 0.99 0.98999688 0.15333333 0.15333333 0.15333333 -0.10916686 -0.65333333 -0.65333333 -0.65333333 -0.98999999 -0.98999947 -0.44333333 -0.44333333 -0.3935093 -0.39333333
-0.91666667 -0.91666667 -1.0849552 -1.18 -1.18 -1.18 -0.95981072 -0.85366949 -0.85333333 -0.85333333 -0.44000006 -0.44 -0.44 -0.44 -0.44 -0.35878049 0.046666667 0.046666667 0.046666667 0.046666667 0.8099941 0.81 0.81 0.81 0.96 0.96 0.96 0.96 0.96 1.1854353 0.88 0.88 0.88 1.6333333 1.6333333 1.6328338 0.99 0.99 1.4327191 1.7766666 0.15333333 0.15333333 0.15333333 -0.10385535 -0.65333333 -0.65333333 -0.65333333 0.26333333 -0.43452834 -0.44333333 -0.44333333 -0.39333333 -0.39333333
-0.21666667 -0.21666667 -0.21666667 -0.93846585 -1.1790397 -0.96 -0.96 -0.96 -0.96 -0.73333334 -0.73333333 -0.44000002 -0.44 -0.44 -0.44 -0.43996914 0.046666667 0.046666667 0.046666667 0.046666667 0.47690609 0.81 0.81 0.8288427 1.5046185 0.96 0.96 0.96 1.2933333 1.2933333 1.2933333 1.2933316 1.6333333 1.6333333 1.6333333 1.6333333 1.7766667 1.7766667 1.7766667 1.7766667 0.40333333 0.40333333 0.40333333 -0.096656614 -0.096666667 -0.096666667 -0.096666843 0.26333333 0.26333333 -0.4424723 -0.44333333 -0.3933277 -0.39333333
-0.21666667 -0.21666667 -0.21666667 -0.216683 -0.52 -0.58398323 -0.96 -0.96 -0.96 -0.73333333 -0.73333333 -0.73333333 -0.15333335 -0.15333333 -0.15333333 -0.15333335 0.045250057 0.046666667 0.046666667 0.046666667 0.058280822 1.529998 1.53 1.53 1.53 1.53 1.8433333 1.8433333 1.2933333 1.2933333 1.2933333 1.2933333 1.6333336 1.6333333 1.6333333 1.6333621 1.7766666 1.7766667 1.7766667 1.7738883 0.40333333 0.40333333 0.40333333 -0.09664348 -0.096666667 -0.096666667 -0.096666667 0.26333333 0.26333333 0.26333339 0.72333333 0.72333333 0.41333333
-0.21666667 -0.21666667 -0.21666667 -0.5199993 -0.52 -0.52 -0.95999983 -0.96 -0.96 -0.73333333 -0.73333333 -0.73333333 -0.15333333 -0.15333333 -0.15333333 -0.19699814 -0.72666667 -0.72666667 -0.72666467 0.04229869 1.53 1.53 1.53 1.53 1.53 1.5302358 1.8433333 1.8433333 1.8433333 1.2933333 1.2933333 1.2933119 1.9866667 1.9866667 1.9866667 0.90333334 0.90333333 1.1433333 1.1433333 1.1433333 0.39 0.40332915 0.40333281 0.33333333 0.33333333 0.31703682 -0.096664921 0.26333333 0.26333333 0.72333333 0.72333333 0.72333333 0.41333333
-0.21666667 -0.21666667 -0.21666667 -0.52 -0.52 -0.52 -0.52 -0.96 -0.96 -0.73333333 -0.73333333 -0.17652497 -0.15333333 -0.15333333 -0.15333333 -0.72666667 -0.72666667 -0.72666667 -0.72666667 -0.72666667 1.53 1.53 1.53 1.53 1.53 1.8433323 1.8433333 1.8433333 1.8433333 1.26 1.26 1.26 1.9866667 1.9866667 1.9866667 0.90333333 0.90333333 1.1433333 1.1433333 0.39 0.39 0.39 0.33333333 0.33333333 0.33333333 0.33333333 0.35934666 0.65 0.65 0.65 0.72333333 0.61333333 0.61333333
-0.21666667 -0.21666667 -0.21708907 -0.52 -0.52 -0.52 -0.52 -0.83416388 -0.85 -0.8497997 -0.73333333 -0.15336656 -0.15333333 -0.15333333 -0.15333532 -0.72666667 -0.72666667 -0.72666667 -0.72666667 -0.72666667 -0.05887491 1.53 1.53 1.53 1.5298531 1.8432756 1.8433333 1.8433333 1.8433333 1.26 1.26 1.26 1.2601049 1.9866667 0.90333333 0.90333333 0.90333333 0.90334317 1.143282 0.39 0.39 0.39 0.33333677 0.33333333 0.33333333 0.33333333 0.65000542 0.65 0.65 0.65 0.61333333 0.61333333 0.61333333
