interpolatedSpi/03-08|22_1.tif
NCOLS 53
NROWS 52
XLLCORNER -116.03883
YLLCORNER 28.596182
DX 0.49850594
DY 0.49788537
NODATA_VALUE -9999
[rows 0 to 27 of 52, columns 0 to 52 of 53]
-0.135 -0.135 -0.34174074 -0.36166667 -0.013333333 0.028333333 -0.0033333333 -0.035 -0.44244957 -0.435 -0.61 -0.25333333 -0.13499506 -0.075 -0.215 -0.215 -0.215 0.38166667 0.083333333 0.083333333 0.083333333 0.083330781 -0.18166667 -0.043333333 -0.043333333 -0.043333333 -0.15333407 -0.15333333 -0.15333333 -0.17166667 -0.17166667 -0.17166667 -0.17166667 0.12166661 0.12166667 0.12166667 0.12166667 0.12166667 0.12166667 0.12166668 0.44979958 0.45328035 0.245 0.245 0.245 0.245 0.24472233 0.075 0.075 0.075 0.49333246 0.49333333 0.49333333
-0.13502673 -0.73666667 -0.27166654 -0.17490214 2.755041e-05 0.053333333 -0.043333333 0.083060614 -0.1 -0.33833333 -0.10833333 -0.135 -0.135 0.25057741 -0.074997291 -0.215 0.38166667 0.38166667 0.08372232 0.083333333 0.083333333 0.083333333 -0.039385551 -0.043333333 -0.043333333 -0.043333333 -0.14666666 -0.14666667 -0.17166667 -0.17166667 -0.17166667 -0.17166667 -0.17166667 0.12166662 0.12166667 0.12166667 0.12166667 0.12166667 0.12166671 0.27298467 1.0566026 0.34348902 0.245 0.245 0.245 0.245 0.245 0.075 0.075 0.075 0.1096886 0.49333333 0.49333333
-0.044997585 -0.045 -0.16166667 0.08 -0.16333333 -0.365 -0.083333333 0.066666667 -0.43166667 0.018333333 -0.15833333 -0.11 -0.071666667 0.27166667 0.25166667 -0.13666667 0.38166667 0.38166667 0.38166667 0.16164389 0.16166667 0.16166667 0.031666667 -0.043333333 -0.043333333 -0.043333333 -0.14666667 -0.14666667 -0.14666667 -0.17166667 -0.17166667 -0.17166666 -0.096247323 0.12263765 0.12672394 0.66002118 0.665 0.665 0.71426134 1.0566667 1.0566667 1.0556287 0.245 0.245 0.245 0.245 0.245 0.075 0.075 0.075 0.075000001 0.49333333 0.49333333
-0.31833333 -0.045000053 -0.30833461 0.55666667 -0.44833333 -0.145 -0.023333333 -0.18666667 -0.073333333 0.19136208 0.081666667 0.098333334 -0.021666667 0.27166667 -0.22833333 -0.13666667 -0.54352978 -0.54601622 -0.38166667 0.16166667 0.16166667 -0.30166667 0.031666667 0.031666667 -0.043333333 -0.043333849 -0.14666667 -0.14666667 -0.14666667 -0.37333333 -0.17672381 -0.015 -0.015 -0.014999464 0.665 0.665 0.665 0.665 1.0566667 1.0566667 1.0566667 1.0566666 0.245 0.245 0.245 0.245 0.245 0.075002145 0.075 0.075 0.075 0.49333475 0.49333333
-0.31833333 0.37999874 -0.30833333 0.049934584 -0.44833333 -0.47333333 -0.14499342 0.375 -0.045 0.40999969 0.159727 0.043318771 -0.058333333 -0.22833333 -0.22833333 -0.17344097 -0.54666667 -0.54666667 -0.38166667 -0.38166667 0.16166573 -0.30166667 0.41666667 0.22833333 -0.058333333 -0.05818407 -0.14666667 -0.14666667 -0.37333333 -0.37333333 -0.015 -0.015 -0.015 0.045343539 0.665 0.665 0.665 1.0566667 1.0566667 1.0566667 1.0566667 1.056644 0.24500001 0.245 0.245 0.245 0.245 0.24348679 0.075 0.075020701 0.53666667 0.53666667 0.53666667
-1.6733333 -0.24666667 -0.31333333 -0.13 -0.38833333 -0.26 -0.40333333 -0.30368438 -0.046666667 -0.43666667 -0.79833333 -0.43166667 -0.43166642 -0.27 -0.27 -0.43827619 -0.43833333 -0.30333333 -0.30333333 -0.38166641 -0.405 -0.405 0.22833333 -0.058333333 -0.058333333 0.58 0.30666667 0.30666667 0.4199274 -0.37333333 -0.015 -0.015 0.305 0.30504981 0.78163258 0.95166667 0.95166667 1.0241825 1.0566667 1.0566667 0.82195976 0.82166667 0.82166807 0.38580311 0.38831749 0.3883333 0.38833333 0.38833328 0.71258235 0.53666667 0.53666667 0.53666667 0.53666667
-0.83000487 -0.61333333 -0.4979198 -0.51833333 -0.385 -0.61333333 -0.15166667 -0.051666667 -0.0016666667 -0.0016666668 -0.79833333 -0.21833333 -0.61666655 -0.27 -0.20166687 -0.20166667 -0.43833333 -0.081666667 -0.09 -0.09 -0.37593867 -0.34333333 -0.34333333 0.36999999 0.58 0.58 0.30666667 0.30666667 0.41997562 0.41955116 0.63138535 0.305 0.305 0.78166667 0.78166667 1.0369936 0.95166667 0.95166667 1.124994 0.82166709 0.82166667 0.82166667 0.82167389 0.38833477 0.38833333 0.38833333 0.38833333 0.38833356 0.765 0.53671192 0.53666667 0.53666667 0.53666667
-0.83 -0.053333333 0.015 -0.99166667 -0.76667957 -0.55666667 -0.49666667 -0.036666671 -0.255 -0.19833333 -0.19833333 -0.17666667 -0.61666667 -0.61666667 -0.20451395 -0.46426826 -0.49 0.0016666667 -0.42166633 -0.09 -0.013738331 0.038333333 -0.57833333 0.21833333 0.21833138 0.066666667 0.33166667 0.33166666 0.003132565 0.0016666806 0.63333333 0.23662554 0.54666667 0.78166667 0.78394836 1.1083333 1.1083333 1.125 1.125 0.82166667 0.82166667 0.82166668 0.64810023 0.64666665 0.38833333 0.38833333 0.38833333 0.76498566 0.765 0.765 0.53666667 0.53666667 0.53666667
-0.16003993 -0.053333332 0.47 -0.21166667 -0.59 -0.535 -0.39166667 0.135 0.115 -0.021893457 -0.19333333 -0.285 -0.285 0.14333333 0.14332832 -0.52324043 -0.52333333 -0.52333333 -0.062955818 -0.4216667 -0.575 -0.57499999 -0.041666667 -0.36684182 0.081950662 0.066666667 0.26 0.33166667 0.59512675 0.59666667 0.15 0.75 0.51412214 0.39833333 0.86166667 0.84666667 1.1033333 0.53833333 1.2746598 0.82431517 1.415 0.85166667 0.64669136 0.64666667 0.64521263 0.38833333 0.82666664 0.765 0.765 0.765 0.765 0.50325717 0.32666667
-0.75666667 -0.75666667 0.345 -0.086666667 -0.46666667 -0.29166667 -0.45 -0.38833333 -0.13333333 -0.05670454 -0.145 0.30833333 0.14333333 0.14333333 -0.39 -0.39182873 -0.52333333 -0.52326356 -0.22 -0.42166667 -0.42166667 -0.44142115 -0.041666667 0.31832652 0.31833333 0.31833333 0.26 0.56166667 0.56166667 0.59666667 0.59666667 0.74911175 0.28166667 0.39833333 0.61666667 0.84666667 1.1033333 1.0833333 1.275 0.38794658 0.85166669 0.83207523 0.79833333 0.64666667 0.64666667 0.82666667 0.82666667 0.82666667 0.765 0.765 0.26833333 0.26833333 0.26833336
-0.75666667 -0.75666667 -0.083333333 -0.27833333 -0.51833333 -0.33333333 -0.60666666 -0.18987536 0.018333333 -0.1 0.01 -0.32166667 0.30749437 -0.39 -0.39 -0.38997674 -0.18833333 -0.18999535 -0.22 -0.38666667 -0.38666667 -0.48833333 -0.48833333 0.31833333 0.31833333 0.31833333 0.56166667 0.56166667 0.56166667 -0.19 -0.19 -0.18999922 0.49166667 0.49166667 0.31333333 0.27833333 0.90333333 0.62166949 0.68166667 0.37333333 0.37333333 0.35166813 0.79833333 0.64666667 0.57500002 0.58 0.78683894 0.78666667 0.72333333 0.72333333 0.26833333 0.26833333 0.26833333
-0.75666667 -0.46594652 -0.16654679 -0.25499531 0.26666667 -0.31333333 -0.60666667 -0.19 0.018331593 -0.09868901 -0.32166638 -0.32166667 -0.28333333 -0.39 -0.39 -0.18833334 -0.18833333 -0.18833514 -0.22 -0.38666667 -0.40663193 -0.48833333 -0.48833333 0.31830111 0.31833333 0.25478088 0.125 0.125 0.12500005 -0.19 -0.19 -0.05 -0.05 0.49166618 0.31333333 0.51000006 0.91135073 0.62166667 0.62166667 0.37333333 0.35166667 0.35166667 0.35166835 0.575 0.575 0.58 0.78666667 0.78666667 0.72333333 0.72333333 0.26833333 0.26833333 0.26833333
0.29333333 0.081683207 0.098319538 0.095779924 0.26666352 -0.31331964 -0.60666666 -0.19512892 0.003977036 0.015243334 -0.28333333 -0.28333333 -0.28333333 -0.28333333 -0.38998489 -0.18833333 -0.18833333 -0.1887422 -0.22 -0.38661933 -0.22666667 -0.22666667 -0.22666667 -0.22666667 0.3089522 0.125 0.125 0.125 0.125 0.12476785 -0.05 -0.05 -0.05 -0.05 0.51 0.51 0.51 0.61666939 0.61853727 0.205 0.205 0.35165878 0.44667106 0.57498764 0.575 0.58 0.78666667 0.78666667 0.72333333 0.72333333 0.26998402 0.26833333 0.36573547
0.29333333 0.098333333 0.098333333 0.098333333 0.098333333 0.098333164 -0.6059157 -0.40948846 -0.034324255 -0.2830114 -0.28333333 -0.28333333 -0.28333333 -0.28333333 -0.28333323 -0.18833334 -0.18833334 -0.19050545 -0.21999958 -0.22666667 -0.22666667 -0.22666667 -0.22666667 -0.22666667 -0.21956781 0.020031589 -0.049999964 -0.05 -0.05 -0.05 -0.050000001 -0.05 -0.050000096 -0.13 -0.13 0.51 0.20213929 0.19333333 0.20499999 0.205 0.205 0.205 0.44666667 0.44666667 0.44666667 0.44759455 0.73860488 0.73833333 0.73833333 0.73833333 0.73833333 0.58333327 0.58333333
0.37333333 0.098333333 0.098333333 0.098333333 0.098333333 0.098333333 0.098333289 -0.40276257 -0.13955496 -0.14 -0.14 -0.14 -0.14 -0.14 -0.14 0.19963702 -0.18206769 -0.19266948 -0.22666582 -0.22666667 -0.22666667 -0.22666667 -0.22666667 -0.22666618 0.10166667 0.10166667 0.10166645 -0.05 -0.05 -0.050110134 -0.105 -0.105 -0.13 -0.13 -0.13 0.14153887 0.19333333 0.19333333 0.19333333 0.205 0.205 0.205 0.44666667 0.44666667 0.44666667 0.44666667 0.73833332 0.73833333 0.73833333 0.73833333 0.73833333 0.58333333 0.58333333
0.37333333 0.27095396 0.098333333 0.098333333 0.098333333 0.098333333 -0.13995322 -0.14 -0.14 -0.14 -0.14 -0.14 -0.14 -0.14 -0.063522908 0.20666667 0.20666667 0.20666667 0.18873133 0.18999957 0.19 0.19 0.19 0.19 0.10166667 0.10166667 0.10166667 0.10166667 -0.05 -0.105 -0.105 -0.105 -0.13 -0.13 -0.13 0.23333333 0.19338629 0.19333333 0.19333333 0.20495681 0.11873911 -0.082471568 0.44666667 0.44666667 0.044578044 0.043333333 0.043333333 0.73705494 -0.035619235 -0.038333266 -0.038333186 0.23505266 0.58333263
0.37333333 0.045708671 0.067127161 0.098333333 0.098333333 -0.13985918 -0.14 -0.14 -0.14 -0.14 -0.14 -0.14 -0.14 -0.13999996 0.20666667 0.20666667 0.20666667 0.20666667 0.19001489 0.19 0.19 0.19 0.19 0.19 0.10166667 0.10166667 0.10166667 0.10166667 0.10091495 -0.105 -0.105 -0.105 0.13833333 -0.12995656 0.23333333 0.23333333 0.23333333 0.23235934 -0.065811485 -0.083333333 -0.083333333 -0.083333333 -0.07 -0.07 0.043333333 0.043333333 0.043333333 -0.038333332 -0.038333333 -0.038333333 -0.038333333 0.235 0.235
0.036926808 0.036666667 0.036666667 0.036666664 -0.21166667 -0.14000185 -0.14 -0.14 -0.14 -0.14 -0.10113646 -0.13999331 -0.13999999 0.20666667 0.20666667 0.20666667 0.20666667 0.20666667 0.19147183 0.19 0.19 0.19 0.19 0.19 -0.016919956 -0.28333125 -0.28333333 -0.28333333 -0.28333333 -0.10499999 0.13833333 0.13833333 0.13833333 0.13833333 0.23333333 0.23333101 0.145 0.145 -0.080482251 -0.083333333 -0.083333333 -0.083333333 -0.07 -0.07 0.025785431 0.043333333 0.043333333 -0.038333333 -0.038333333 -0.038333333 -0.035402489 0.235 0.235
0.036666667 0.036666667 0.036666667 -0.080277205 -0.21166667 -0.21166667 -0.14 -0.14 -0.14 -0.14 0.37333333 0.37333333 0.37333333 0.20666667 0.20666667 0.20666667 0.20666667 0.20664436 -0.013333333 -0.013333333 0.18999992 0.19 0.18379182 -0.065 -0.06696556 -0.28333333 -0.28333333 -0.28333333 -0.28333333 0.1382904 0.13833333 0.13833333 0.13833333 0.13833333 0.14500031 0.145 0.145 0.145 0.14418303 -0.083333333 -0.083333333 -0.083333333 -0.07 -0.07 -0.07 0.043333333 0.043333333 -0.038333327 -0.038333333 -0.038333333 0.235 0.235 0.235
0.036666667 0.036666667 0.036666667 -0.21166667 -0.21166667 -0.21166667 -0.21166656 -0.14 -0.14 0.37280343 0.37333333 0.37333333 0.37333333 0.37322949 0.097394641 0.071666667 0.071666667 0.071666666 -0.013333333 -0.013333333 -0.013333333 -0.065 -0.065 -0.065 -0.065031748 -0.22825828 -0.28333333 -0.28333333 -0.28333333 0.054062755 0.046675682 0.046666667 0.046666667 0.046666667 0.044523412 -0.096666118 -0.096666667 -0.096666667 -0.096666667 -0.30163679 -0.30166667 -0.30166667 -0.07 -0.07 -0.023333528 -0.023333209 0.32666667 0.32666667 0.15333333 0.15333333 0.15333333 0.235 0.37654
0.036666118 0.036666667 0.036666658 -0.21166667 -0.21166667 -0.21166667 -0.21166667 -0.3566666 -0.14086632 0.37287994 0.37333333 0.37333333 0.37333333 0.37274138 0.071666667 0.071666667 0.071666667 0.071666642 -0.013333333 -0.013333333 -0.013333333 -0.065 -0.065 -0.065 -0.17833333 -0.17833333 -0.20666667 -0.20666667 -0.20666667 -0.20528465 0.046666667 0.046666667 0.046666667 0.046666667 -0.024960698 -0.096666667 -0.096666667 -0.096666667 -0.096666667 -0.30166667 -0.30166667 -0.30166667 -0.29290924 -0.023333333 -0.023333333 -0.023333333 0.32666667 0.32666667 0.15333333 0.15333333 0.15333333 0.37666666 0.37666667
-0.14 -0.062661225 -0.18166667 -0.18167537 -0.21166667 -0.3558277 -0.35666667 -0.35666667 -0.43075699 -0.12666668 -0.12666667 -0.12666667 -0.12666667 0.051660861 0.051666667 0.071666651 0.071666667 0.069427042 -0.013333333 -0.013333333 -0.013333333 -0.27166667 -0.27166667 -0.27166667 -0.17833333 -0.17833333 -0.20666667 -0.20666667 -0.20666667 -0.20666672 -0.2733313 -0.27333243 0.038623947 0.046323605 -0.41114288 -0.41166667 -0.41166667 -0.41166667 -0.41166667 -0.30166667 -0.30166667 -0.30166667 -0.03865928 -0.023333333 -0.023333333 -0.023333335 0.32666667 0.32666667 0.32666043 0.15333333 0.15334123 0.33 0.37666667
-0.23664831 -0.23666666 -0.18166667 -0.18166667 -0.18166667 -0.35666667 -0.35666667 -0.35666667 -0.56 -0.56 -0.12666667 -0.12666667 -0.12666667 0.051666667 0.051666667 0.051666667 0.051666667 0.05165953 -0.013333333 -0.013333333 -0.013333343 -0.27166667 -0.27166667 -0.27166667 -0.17833333 -0.17833333 -0.20666667 -0.20666667 -0.20666667 -0.27258166 -0.27333333 -0.27333333 -0.27333333 -0.27333333 -0.41159841 -0.41166667 -0.41166667 -0.41166667 -0.41166667 -0.36499998 -0.365 -0.365 -0.365 -0.023333384 -0.03 -0.03 -0.03 0.38833333 0.38833333 0.38833333 0.33 0.33 0.33
-0.23666667 -0.23666667 -0.18166667 -0.18166667 -0.18166667 -0.35574684 -0.35666667 -0.56 -0.56 -0.56 -0.12672001 -0.12666667 -0.066744187 0.051666643 0.051666667 0.051666667 0.051666667 -0.015 -0.015 -0.015 -0.43833333 -0.43833321 -0.27166748 -0.27166667 -0.27185389 -0.63166667 -0.63166667 -0.63166565 -0.20673535 -0.67825262 -0.67833118 -0.67826263 -0.27402552 -0.27368284 -0.38729207 -0.41166681 -0.41291779 -0.785 -0.785 -0.365 -0.365 -0.365 -0.365 -0.03 -0.03 -0.03 -0.03 0.38833333 0.38833333 0.38833333 0.33 0.33 0.33
-0.23666667 -0.23666667 -0.18166667 -0.18166667 -0.18166667 -0.18166667 -0.43276839 -0.56 -0.56 -0.56 -0.55972013 -0.053333333 -0.053333333 -0.053333333 0.051047877 0.051666667 -0.01455575 -0.015 -0.015 -0.015 -0.43833333 -0.43833333 -0.43833333 -0.43833333 -0.63166667 -0.63166667 -0.63166667 -0.63166667 -0.63166667 -0.67833333 -0.67833333 -0.67833333 -0.67833333 -0.67833319 -0.61166667 -0.785 -0.785 -0.785 -0.785 -0.78499812 -0.25833333 -0.25833333 -0.25833333 -0.1704718 0.011666667 0.011666667 0.011666667 0.38833332 0.38833302 0.068333333 0.068333333 0.33666504 0.33666667
-0.23666667 -0.23666667 -0.2015178 -0.18166667 -0.18166667 -0.18166667 -0.24389527 -0.55900204 -0.56 -0.56 -0.053333331 -0.053333333 -0.053333333 -0.053333333 -0.053333333 -0.044721119 -0.015 -0.015 -0.015 -0.015 -0.43833006 -0.43833333 -0.43833333 -0.43833333 -0.63166667 -0.63166667 -0.63166667 -0.63166667 -0.63166667 -0.83844056 -0.67833333 -0.67833333 -0.67833333 -0.61166667 -0.61166667 -0.61180126 -0.785 -0.785 -0.5570747 -0.38000003 -0.25833333 -0.25833333 -0.25833333 -0.17270955 0.011666667 0.011666667 0.011666667 -0.46833333 0.061646519 0.068333333 0.068333333 0.33666667 0.33666667
-0.28666667 -0.28666667 -0.28666667 -0.20799305 -0.1817742 -0.24333333 -0.24333333 -0.24333333 -0.24333333 -0.041666668 -0.041666667 -0.053333333 -0.053333333 -0.053333333 -0.053333333 -0.053330914 -0.015 -0.015 -0.015 -0.015 -0.2536044 -0.43833333 -0.43833333 -0.43584714 -0.35617249 -0.63166667 -0.63166667 -0.63166667 -0.895 -0.895 -0.895 -0.89499909 -0.61166667 -0.61166667 -0.61166667 -0.61166667 -0.38 -0.38 -0.38 -0.38 -0.15666667 -0.15666667 -0.15666667 -0.30499702 -0.305 -0.305 -0.3049999 -0.46833333 -0.46833333 0.067679434 0.068333333 0.33666454 0.33666667
-0.28666667 -0.28666667 -0.28666667 -0.28666496 -0.255 -0.25330347 -0.24333333 -0.24333333 -0.24333333 -0.041666667 -0.041666667 -0.041666667 -0.31499999 -0.315 -0.315 -0.31499999 -0.014960311 -0.015 -0.015 -0.015 -0.021414052 -0.34333359 -0.34333333 -0.34333333 -0.34333333 -0.34333334 -0.54333333 -0.54333333 -0.895 -0.895 -0.895 -0.895 -0.61166665 -0.61166667 -0.61166667 -0.61166449 -0.38 -0.38 -0.38 -0.37937122 -0.15666667 -0.15666667 -0.15666667 -0.30499312 -0.305 -0.305 -0.305 -0.46833333 -0.46833333 -0.46833328 -0.085 -0.085 -0.0066666667
