interpolatedSpi/03-03|20_3.tif
NCOLS 53
NROWS 52
XLLCORNER -116.03883
YLLCORNER 28.596182
DX 0.49850594
DY 0.49788537
NODATA_VALUE -9999
0.12 0.12 -0.10606838 -0.03 0.32 -0.19 0.05 -0.1 -0.29220212 -0.28 -0.09 0.19 -0.029917655 0.97 -0.03 -0.03 -0.03 0.7 0.51 0.51 0.51 0.50998507 -1.04 0.06 0.06 0.06 -0.56999432 -0.57 -0.57 -0.09 -0.09 -0.09 -0.09 -0.45999993 -0.46 -0.46 -0.46 -0.46 -0.46 -0.46000002 -1.063499 -1.0701422 -1.63 -1.63 -1.63 -1.63 -1.6282033 -0.53 -0.53 -0.53 0.85999711 0.86 0.86 
0.11998001 -0.33 -0.30999982 -0.095086525 0.44954266 0.41 0.66 -0.039980862 -0.06 0.11 0.15 -0.03 -0.03 0.31220075 0.96998319 -0.03 0.7 0.7 0.51024773 0.51 0.51 0.51 0.028417745 0.06 0.06 0.06 0.49999997 0.5 -0.09 -0.09 -0.09 -0.09 -0.09 -0.45999995 -0.46 -0.46 -0.46 -0.46 -0.45999994 -0.41079579 -0.21997659 -1.4589073 -1.63 -1.63 -1.63 -1.63 -1.63 -0.53 -0.53 -0.53 -0.41473987 0.86 0.86 
0.65995794 0.66 -0.15 0.84 -0.19 -0.13 0.18 -0.36 -0.27 -0.22 1.01 -0.27 -0.04 0.27 0.31 -0.9 0.7 0.7 0.7 0.13011047 0.13 0.13 -0.54 0.06 0.06 0.06 0.5 0.5 0.5 -0.09 -0.09 -0.090000023 -0.32107203 -0.45853166 -0.45273987 0.31285249 0.32 0.32 0.25208223 -0.22 -0.22 -0.22180303 -1.63 -1.63 -1.63 -1.63 -1.63 -0.53 -0.53 -0.53 -0.53 0.86 0.86 
-0.11 0.65999975 -0.56009651 0.15 -0.37 -0.04 -0.44 -0.9 -0.35 -0.022229779 -0.56 -0.69 1.1060055e-15 0.27 -0.52 -0.9 -0.35420802 -0.34926431 -1.27 0.13 0.13 -2.1 -0.54 -0.54 0.06 0.060002198 0.5 0.5 0.5 -0.85 -0.69637024 -0.57 -0.57 -0.56999932 0.32 0.32 0.32 0.32 -0.22 -0.22 -0.22 -0.22000005 -1.63 -1.63 -1.63 -1.63 -1.63 -0.53001388 -0.53 -0.53 -0.53 0.85990724 0.86 
-0.11 -0.23000061 -0.56 -0.87105109 -0.37 -0.86 -1.039928 -1.26 -0.66 -0.46000019 -0.37560196 -0.32998854 -0.25 -0.52 -0.52 -0.76561609 -0.35 -0.35 -1.27 -1.27 0.1299956 -2.1 -2.81 -0.78 -0.06 -0.060280501 0.5 0.5 -0.85 -0.85 -0.57 -0.57 -0.57 -0.75291592 0.32 0.32 0.32 -0.22 -0.22 -0.22 -0.22 -0.22003475 -1.63 -1.63 -1.63 -1.63 -1.63 -1.6202086 -0.53 -0.53006502 -1.98 -1.98 -1.98 
-1.09 -0.08 0.56000001 -0.66 -0.62 -0.13 -0.7 -0.77169604 -0.41 -1.1 -0.19 -0.13 -0.13000008 -0.42 -0.42 -0.79002414 -0.79 -1 -1 -1.2700004 -1.6 -1.6 -0.78 -0.06 -0.06 -1.26 -1.42 -1.42 0.019919194 -0.85 -0.57 -0.57 -1.54 -1.539953 -1.0900322 -1.18 -1.18 -0.51699791 -0.22 -0.22 -0.579551 -0.58 -0.579999 -2.6221707 -2.6398884 -2.6399997 -2.64 -2.6399996 -3.3978618 -1.98 -1.98 -1.98 -1.98 
-0.72000941 0.36 -0.81859724 -0.04 0.14 -0.54 -0.26 -0.7 -1.18 -1.18 -0.19 -0.15 -1.2399999 -0.42 -0.88999859 -0.89 -0.79 -1.1 -1.72 -1.72 -1.5481609 -1.49 -1.49 -1.14 -1.26 -1.26 -1.42 -1.42 0.019921326 0.01855156 0.29497459 -1.54 -1.54 -1.09 -1.09 -0.92946558 -1.18 -1.18 -1.5299879 -0.58000132 -0.58 -0.58 -0.57999627 -2.6399941 -2.64 -2.64 -2.64 -2.6400007 -3.74 -1.9803488 -1.98 -1.98 -1.98 
-0.72 -0.91 -0.54 -0.8 -1.1299811 -0.76 -0.61 -1.29 -0.75 -1.13 -1.13 -0.97 -1.24 -1.24 -0.89240132 -1.3453785 -1.39 -0.98 -1.2700005 -1.72 -1.4265974 -1.34 -2.08 -0.30000001 -0.30001161 -1.2 -1.23 -1.2300001 -1.3252694 -1.33 0.3 -1.079776 -0.9 -1.09 -1.0977007 -0.72 -0.72 -1.53 -1.53 -0.58 -0.58 -0.57999999 -1.57557 -1.5800001 -2.64 -2.64 -2.64 -3.7399581 -3.74 -3.74 -1.98 -1.98 -1.98 
-0.95551466 -0.90999999 -1.36 -0.32 -0.96 -1.32 -0.87 -0.6 -0.44 0.11023195 0.04 -0.57 -0.57 -0.39 -0.3900031 -1.7091081 -1.71 -1.71 -1.024269 -1.9700001 -2.36 -2.36 -1.82 -1.9775383 -1.1093038 -1.2 -1.39 -1.23 -0.66331227 -0.66 -1.13 -0.36 -0.68737597 -1.69 -1.36 -1.19 -0.91 -0.28 -0.41993535 -0.57794666 -0.12 -1 -1.5800081 -1.58 -1.5859663 -2.64 -2.39 -3.74 -3.74 -3.74 -3.74 -1.7820332 -2 
-1.21 -1.21 -1.06 -0.27 -0.55 -1.53 -0.69 -1.11 -0.11 0.24988144 0.02 -0.05 -0.39 -0.39 -0.72 -0.7335783 -1.71 -1.7098593 -1.08 -1.97 -1.97 -2.020245 -1.82 -2.0099964 -2.01 -2.01 -1.39 -0.85 -0.85 -0.66 -0.66 -0.3612328 -1.01 -1.69 -1.77 -1.19 -0.91 -2.11 -0.42 0.15059987 -0.99999996 -1.2314238 -1.63 -1.58 -1.58 -2.39 -2.39 -2.39 -3.74 -3.74 -0.39 -0.39 -0.3900006 
-1.21 -1.21 -2.05 -1.57 -1.2 -0.89 -1.21 -0.50046739 -1.58 -1.55 -1.09 -0.74 -0.050919097 -0.72 -0.72 -0.72005537 -1.2 -1.1937018 -1.08 -0.21 -0.21 -0.8 -0.8 -2.01 -2.01 -2.01 -0.85 -0.85 -0.85 -0.84 -0.84 -0.84000028 -1.24 -1.24 -1.66 -1.96 -0.9 -1.7299986 -1.42 0.16 0.16 -1.5800002 -1.63 -1.58 -0.65000038 -0.93 -0.13973329 -0.13000001 -0.29 -0.29 -0.39 -0.39 -0.39 
-1.21 -1.5726059 -1.8451669 -1.7199845 -1.85 -1.72 -1.21 -0.5 -1.579991 -1.5503324 -0.74000105 -0.74 -0.27 -0.72 -0.72 -1.2 -1.2 -1.1999932 -1.08 -0.21 -0.325864 -0.8 -0.8 -2.0099506 -2.01 -1.7470244 -1.21 -1.21 -1.21 -0.84 -0.84 -1.59 -1.59 -1.2400012 -1.66 -1.39 -1.0074375 -1.73 -1.73 0.15999994 -1.58 -1.58 -1.5799933 -0.65 -0.65 -0.93 -0.13 -0.13 -0.29 -0.29 -0.39 -0.39 -0.39 
0.27 -0.33895923 -0.20005164 -0.21101609 -1.8499991 -1.7200031 -1.21 -0.50873971 -1.505577 -1.5792166 -0.27 -0.27 -0.27 -0.27 -0.71993625 -1.2 -1.2 -1.1984506 -1.08 -0.20998238 -0.13 -0.13 -0.13 -0.13 -1.9775268 -1.21 -1.21 -1.21 -1.21 -1.2096625 -1.59 -1.59 -1.59 -1.59 -1.39 -1.39 -1.39 -1.7134196 -1.7268456 -1.31 -1.31 -1.5799855 -0.93999007 -0.65002793 -0.65 -0.93 -0.13 -0.13 -0.29 -0.29 -0.38963721 -0.39 -1.3525892 
0.27 -0.2 -0.2 -0.2 -0.2 -0.20000064 -1.2113055 -0.87419457 -1.3070232 -0.27141006 -0.27 -0.27 -0.27 -0.27 -0.27000033 -1.2 -1.2 -1.1917688 -1.0799986 -0.13 -0.13 -0.13 -0.13 -0.13 -0.14146109 -0.89917722 -0.77000009 -0.77 -0.77 -0.77 -1.59 -1.59 -1.59 -1.59 -1.59 -1.39 -1.4288877 -1.43 -1.3100001 -1.31 -1.31 -1.31 -0.94 -0.94 -0.94 -0.93993041 -0.11029628 -0.11 -0.11 -0.11 -0.11 0.83999975 0.84 
0.91 -0.2 -0.2 -0.2 -0.2 -0.2 -0.20000007 -0.62062321 -0.71210006 -0.71 -0.71 -0.71 -0.71 -0.71 -0.71 0.17170632 -1.1779307 -1.1835676 -0.13011949 -0.13 -0.13 -0.13 -0.13 -0.13000031 -0.66 -0.66 -0.66000015 -0.77 -0.77 -0.77140171 -1.47 -1.47 -1.59 -1.59 -1.59 -1.4556302 -1.43 -1.43 -1.43 -1.31 -1.31 -1.31 -0.94 -0.94 -0.94 -0.94 -0.11000001 -0.11 -0.11 -0.11 -0.11 0.84 0.84 
0.91 0.49675961 -0.2 -0.2 -0.2 -0.2 0.43987439 0.44 0.43999997 -0.71 -0.71 -0.71 -0.71 -0.71 -0.5114537 0.19 0.19 0.19 -0.39917695 -0.39999972 -0.4 -0.4 -0.4 -0.4 -0.66 -0.66 -0.66 -0.66 -0.77 -1.47 -1.47 -1.47 -1.59 -1.59 -1.59 -1.35 -1.4298941 -1.43 -1.43 -1.310009 -1.3279502 -1.3698207 -0.94 -0.94 -0.43157389 -0.43 -0.43 -0.11008372 -0.15982527 -0.16 -0.15999999 0.54004524 0.83999939 
0.91 0.22880044 0.0074788749 -0.2 -0.2 0.43962186 0.44 0.44 0.44 0.43171277 -0.71 -0.71 -0.71 -0.70999989 0.19 0.19 0.19 0.19 -0.39947297 -0.4 -0.4 -0.4 -0.4 -0.4 -0.65999999 -0.66 -0.66 -0.66 -0.66294625 -1.47 -1.47 -1.47 -1.13 -1.5899645 -1.35 -1.35 -1.35 -1.3572611 -1.3738187 -1.37 -1.37 -1.37 -0.47 -0.47 -0.43 -0.43 -0.43 -0.16 -0.16 -0.16 -0.16 0.54 0.54 
0.21072367 0.21 0.21 0.21 0.48 0.44000103 0.44 0.44 0.44 0.44 -0.59340895 -0.70997993 -0.70999996 0.19 0.19 0.19 0.19 0.19 0.11533936 -0.4 -0.4 -0.4 -0.4 -0.4 -0.45299327 -0.34000173 -0.34 -0.34 -0.34 -1.47 -1.13 -1.13 -1.13 -1.13 -1.35 -1.3500174 -2.01 -2.01 -1.3779914 -1.37 -1.37 -1.37 -0.47 -0.47 -0.43619338 -0.43 -0.43 -0.16 -0.16 -0.16 -0.15249418 0.54 0.54 
0.21 0.21 0.21 0.33714703 0.48 0.48 0.44 0.44 0.44 0.44 0.83 0.83 0.83 0.19 0.19 0.19 0.19 0.19002975 -0.26 -0.26 -0.39999994 -0.4 -0.38904439 0.05 0.046489006 -0.34 -0.34 -0.34 -0.34 -1.1299196 -1.13 -1.13 -1.13 -1.13 -2.0099977 -2.01 -2.01 -2.01 -2.0076548 -1.37 -1.37 -1.37 -0.47 -0.47 -0.47 -0.43 -0.43 -0.15999999 -0.16 -0.16 0.54 0.54 0.54 
0.21 0.21 0.21 0.48 0.48 0.48 0.47999994 0.44 0.44 0.82959741 0.83 0.83 0.83 0.82960125 0.33569603 0.37 0.37 0.37 -0.26 -0.26 -0.26 0.05 0.05 0.05 0.050168077 0.17927907 -0.34 -0.34 -0.34 -0.75390883 -0.69004328 -0.69 -0.69 -0.69 -1.3272854 -0.37000372 -0.37 -0.37 -0.37 0.4897455 0.49 0.49 -0.47 -0.47 1.1799931 1.1799997 0.47 0.47 0.53 0.53 0.53 0.54 1.2893294 
0.20999947 0.21 0.21000001 0.48 0.48 0.48 0.48 0.090000102 0.43860056 0.8297461 0.83 0.83 0.83 0.82909735 0.37 0.37 0.37 0.36999982 -0.26 -0.26 -0.26 0.05 0.05 0.05 0.65 0.65 0.14000001 0.14 0.14 0.13547209 -0.69 -0.69 -0.69 -0.69 -0.53008779 -0.37 -0.37 -0.37 -0.37 0.49 0.49 0.49 0.51171004 1.18 1.18 1.18 0.47 0.47 0.53 0.53 0.53 1.29 1.29 
0.04 0.10223587 -0.47 -0.46972439 0.48 0.092256527 0.09 0.09 0.16651951 0.54999999 0.55 0.55 0.55 0.0800153 0.080000001 0.36999978 0.37 0.35340043 -0.26 -0.26 -0.26 -0.28 -0.28 -0.28 0.65 0.65 0.14 0.14 0.14 0.13999978 -0.16000337 -0.16000149 -0.67667925 -0.6894318 0.059143538 0.06 0.06 0.06 0.06 0.49 0.49 0.49 1.1420065 1.18 1.18 1.18 0.47 0.47 0.47000216 0.53 0.53001699 0.91 1.29 
-0.22994873 -0.23000004 -0.47 -0.47 -0.47 0.09 0.09 0.09 0.3 0.3 0.55 0.55 0.55 0.08 0.08 0.08 0.08 0.079963375 -0.26 -0.26 -0.26 -0.28 -0.28 -0.28 0.65 0.65 0.14 0.14 0.14 -0.15661748 -0.16 -0.16 -0.16 -0.16 0.059891443 0.06 0.06 0.06 0.06 0.64999996 0.65 0.65 0.65 1.1799982 0.95 0.95 0.95 0.76 0.76 0.76 0.91 0.91 0.91 
-0.23 -0.23 -0.47 -0.47 -0.47 0.08705654 0.09 0.3 0.3 0.3 0.54996922 0.55 0.28852009 0.080000034 0.08 0.08 0.08 0.12 0.12 0.12 -0.58999999 -0.58999977 -0.28000151 -0.28 -0.27956695 0.01 0.01 0.01000031 0.13997899 0.6798326 0.67999553 0.67985335 -0.15856435 -0.15927509 0.021362833 0.060000213 0.061843174 0.61 0.61 0.65 0.65 0.65 0.65 0.95 0.95 0.95 0.95 0.76 0.76 0.76 0.91 0.91 0.91 
-0.23 -0.23 -0.47 -0.47 -0.47 -0.47 0.16859687 0.3 0.3 0.3 0.29996133 0.23 0.23 0.23 0.080883985 0.08 0.11973345 0.12 0.12 0.12 -0.59 -0.59 -0.59 -0.59 0.0099999999 0.01 0.01 0.01 0.01 0.68 0.68 0.68 0.68 0.67999979 0.58 0.61 0.61 0.61 0.61 0.60999967 0.5 0.5 0.5 0.50325693 0.51 0.51 0.51 0.75999999 0.7599997 0.45 0.45 0.8800073 0.88 
-0.23 -0.23 -0.38337685 -0.47 -0.47 -0.47 -0.48859812 0.29751036 0.3 0.3 0.22999993 0.23 0.23 0.23 0.23 0.21768862 0.12 0.12 0.12 0.12 -0.58999451 -0.59 -0.59 -0.59 0.0099999998 0.01 0.01 0.01 0.01 0.3696383 0.68 0.68 0.68 0.58 0.58 0.5800233 0.61 0.61 0.45242202 0.33000002 0.5 0.5 0.5 0.50296151 0.51 0.51 0.51 0.42 0.4496262 0.45 0.45 0.88 0.88 
-0.68 -0.68 -0.68 -0.52265277 -0.4698557 -0.49 -0.49 -0.49 -0.49 -0.1 -0.1 0.22999998 0.23 0.23 0.23 0.22999302 0.12 0.12 0.12 0.12 -0.28017903 -0.59 -0.59 -0.5585955 0.58328266 0.01 0.01 0.01 0.26 0.26 0.26 0.26000176 0.58 0.58 0.58 0.58 0.33 0.33 0.33 0.33 -0.22 -0.22 -0.22 0.43998673 0.44 0.44 0.44000002 0.42 0.42 0.44996345 0.45 0.87999728 0.88 
-0.68 -0.68 -0.68 -0.67998331 -0.37 -0.38744997 -0.49 -0.49 -0.49 -0.1 -0.1 -0.1 -0.0099999904 -0.01 -0.01 -0.01 0.11943213 0.12 0.12 0.12 0.10929939 0.60999671 0.61 0.61 0.61 0.60999997 -0.24 -0.24 0.26 0.26 0.26 0.26 0.5799998 0.58 0.58 0.57997719 0.32999998 0.33 0.33 0.32719243 -0.22 -0.22 -0.22 0.43996939 0.44 0.44 0.44 0.42 0.42 0.41999999 0.34 0.34 0.99 
-0.68 -0.68 -0.68 -0.37000071 -0.37 -0.37 -0.48999995 -0.49 -0.49 -0.1 -0.1 -0.1 -0.01 -0.01 -0.01 -0.023708719 -0.19 -0.19 -0.1899992 0.11824904 0.61 0.61 0.61 0.61 0.61 0.60936033 -0.24 -0.24 -0.24 0.26 0.26 0.26006437 0.3 0.3 0.3 -0.24 -0.24 -0.31 -0.31 -0.31 0.31 -0.21983375 -0.21999276 0.75 0.75 0.73825135 0.44000079 0.42 0.42 0.34 0.34 0.34 0.99 
-0.68 -0.68 -0.68 -0.37 -0.37 -0.37 -0.37 -0.49 -0.49 -0.1 -0.1 -0.013598702 -0.01 -0.01 -0.01 -0.19 -0.19 -0.19 -0.19 -0.19 0.61 0.61 0.61 0.61 0.61 -0.2399971 -0.24 -0.24 -0.24 0.36 0.36 0.36 0.3 0.3 0.3 -0.24 -0.24 -0.31 -0.31 0.31 0.31 0.31 0.75 0.75 0.75 0.75 0.81900376 1.59 1.59 1.59 0.34000003 1.82 1.82 
-0.68 -0.68 -0.67956831 -0.37 -0.37 -0.37 -0.37 -0.34143965 -0.34 -0.33958795 -0.1 -0.010008376 -0.01 -0.01 -0.010000623 -0.19 -0.19 -0.19 -0.19 -0.19 -1.0874592 0.61 0.61 0.61 0.60975284 -0.24001969 -0.24 -0.24 -0.24 0.36 0.36 0.36 0.35999347 0.3 -0.24 -0.24 -0.24 -0.24000231 -0.30995772 0.31 0.31 0.31 0.74997329 0.75 0.75 0.75 1.5900019 1.59 1.59 1.59 1.82 1.82 1.82 
-0.32 -0.32000063 -0.37016127 -0.37 -0.37 -0.37 -0.34000638 -0.34 -0.34 -0.34 -0.11000001 -0.11 -0.11 -0.11 -0.18963075 -0.19 -0.19 -0.19 -0.19 -1.1599994 -1.16 -1.16 -0.5899998 -0.59 -0.59 -0.59 -0.5597905 -0.24 0.61996478 0.62 0.62 0.62 0.62 0.54 0.54 0.54 0.54 0.54 0.95 0.95 0.95 0.95 0.95 1.7884323 1.79 1.79 1.79 1.59 1.59 1.59 1.8199638 1.82 1.82 
-0.32 -0.32 -0.31397183 0.39999845 0.39999983 0.39927809 -0.34 -0.34 -0.34 -0.34 -0.11 -0.11 -0.11 -0.11 -0.11 -0.19 -0.19 -0.19 -1.1599998 -1.16 -1.16 -1.16 -0.59 -0.59 -0.59 -0.59 -0.59 -0.58992473 0.62 0.62 0.62 0.62 0.62 0.70440147 0.54017023 0.54 0.54 0.54 0.95 0.95 0.95 0.95 0.95 1.79 1.79 1.79 1.79 1.6964761 1.59 1.9064298 1.91 1.54 1.54 
-0.32 -0.32 0.3999088 0.4 0.4 0.4 0.21204312 -0.34 -0.34 -0.34 -0.11 -0.11 -0.11 -0.11 -0.11 -0.1899379 -0.19 -1.1597156 -1.16 -1.16 -1.16 -1.16 -0.80116019 -0.59 -0.59 -0.59 -0.59 -0.58914305 0.62 0.62 0.62 0.62 0.62 0.83 0.83 0.83 0.83 0.83 1.76 1.76 1.76 1.76 1.76 1.7907569 1.7900002 1.79 1.7900525 1.7963401 1.91 1.91 1.91 1.5400021 1.54 
-0.31999821 0.6310889 0.40000003 0.4 0.4 0.4 0.4 -0.33968492 -0.34 -0.34 -0.11 -0.11 -0.11 -0.11 -0.051332681 -0.05 -0.05 -1.1599714 -1.16 -1.16 -1.16 -1.16 -1.1599998 -0.59 -0.59 -0.59 -0.59 0.60999997 0.61 0.61212824 0.62 0.62 0.62 0.83 0.83 0.83 0.83 0.83006096 1.76 1.76 1.76 1.76 1.7600115 2.1 2.1 2.1 2.1 2.0999847 1.91 1.91 1.91 1.9099998 1.5695582 
0.65 0.65 0.61565184 0.4 0.4 0.4 0.4 0.4 -0.33968309 0.22999999 0.23 0.23 0.22919311 -0.050000086 -0.05 -0.05 -0.05 -0.05 -1.1599905 -1.0789677 -0.37 -0.37 -0.37 -0.42143189 -0.50596181 -0.056289366 0.32323156 0.61 0.61 0.61 0.61 0.61 0.61339365 0.91943882 0.92 0.92 0.92 0.92 1.7881779 1.9099997 1.91 1.91 1.91 1.8300008 2.0999999 2.1 2.1 1.39 1.9099917 1.91 1.91 1.57 1.57 
0.65 0.65 0.73 0.73 0.73 0.40010993 0.4 0.4 0.23 0.23 0.23 0.23 0.23 -0.049999987 -0.05 -0.05 -0.05 -0.05 -0.37 -0.37 -0.37 -0.37 -0.37 0.45999996 0.46 0.46 0.46 0.61 0.61 0.61 0.61 0.61 0.87 0.87 0.92 0.92 0.92 1.8698382 1.87 1.91 1.91 1.91 1.91 1.83 1.83 1.83 1.39 1.39 1.39 1.44 1.44 1.57 1.57 
0.65 0.65 0.73 0.73 0.73 0.73 0.72999885 0.52 0.23027304 0.23 0.23 0.23 0.23 -0.046507255 -0.05 -0.05 -0.05 -0.05 -0.36999999 -0.37 -0.37 -0.37 -0.37 0.46 0.46 0.46 0.46 0.46000065 0.61 0.61 0.61 0.86998637 0.87 0.87 0.87 0.92 1.87 1.87 1.87 1.8710525 1.9437203 1.95 1.95 1.83 1.83 1.83 1.39 1.39 1.39 1.44 1.44 1.44 1.5247142 
0.07 0.070004553 0.73 0.73 0.73 0.73 0.52 0.52 0.52 0.23 0.23 0.23 0.23 0.22991296 -0.05 -0.05 -0.05 -0.05 -0.36999376 -0.37 -0.37 -0.36999998 0.31381618 0.46 0.46 0.46 0.46 1.0099996 1.01 1.01 0.61430279 0.87 0.87 0.87 0.87000074 1.64 1.87 1.87 1.87 1.87 1.95 1.95 1.95 1.6 1.6 1.6 1.4299961 1.39 1.39 1.44 1.44 1.44 1.5200011 
0.07 0.07 0.73 0.73 0.73 0.52 0.52 0.52 0.52 0.26178824 0.23 0.23 0.23 0.23000094 0.66991714 0.67 0.67 0.67 1.1214128 1.17 1.17 1.17 1.17 0.46 0.46 0.46 0.46003628 1.01 1.01 1.01 1.01 0.87012836 1.3031027 1.64 1.64 1.64 1.8716791 2.3199906 2.32 2.32 1.949906 1.83 1.83 1.6 1.6 1.5999993 1.43 1.43 1.75 1.75 1.75 1.55 1.92 
0.07 0.070000004 1.15 1.15 1.15 0.52 0.52 0.52 0.52 0.21 0.21 0.21 0.21 0.24241728 0.67 0.67 0.67 0.67 1.12 1.17 1.17 1.17 1.17 1.38 1.3799996 0.46000136 1.01 1.01 1.01 1.01 1.3694554 1.72 1.6495189 1.64 1.64 1.64 2.32 2.32 2.32 2.32 1.83 1.83 1.83 1.9999464 2 1.4325621 1.43 1.43 1.7499995 1.75 1.55 1.55 1.92 
0.07 1.15 1.15 1.15 1.15 1.15 0.52031052 0.56 0.56 0.21 0.21 0.21 0.21 0.21010894 0.67 0.67 0.67 0.69033243 1.12 1.12 1.17 1.17 1.38 1.38 1.38 1.38 1.01 1.01 1.01 1.01 1.72 1.72 1.72 1.640081 1.64 1.64 2.32 2.32 2.32 2.32 1.83 1.83 1.83 2 2 1.9999915 1.85 1.85 1.66 1.66 1.55 1.55 1.92 
1.1398575 1.15 1.15 1.15 1.15 1.15 0.56 0.56 0.56 0.37266537 0.21 0.21 0.21 0.21001014 0.67 0.67 0.67 1.12 1.12 1.12 1.1699975 1.1700013 1.38 1.38 1.38 1.38 1.0100263 1.01 1.01 1.7198367 1.72 1.72 1.72 1.72 1.6406407 1.95 1.95 1.9564035 2.32 2.32 1.8300004 1.83 1.9950572 2 2 1.8500001 1.85 1.85 1.66 1.66 2.59 2.59 3.09 
1.15 1.15 1.15 1.15 1.15 1.15 0.56 0.56 0.56 0.56 0.6299879 0.63 0.63 0.63 0.67000175 1.0802463 1.31 1.31 1.1203503 1.12 1.12 1.3799997 1.38 1.38 1.38 1.38 1.379731 1.01 1.0100243 1.72 1.72 1.72 1.72 1.72 1.95 1.95 1.95 1.95 1.95 1.9499997 1.27 1.27 1.2700002 1.73 1.73 1.73 1.66 1.66 2.24 2.24 2.59 2.5900011 3.09 
1.15 1.15 1.15 1.15 1.15 1.15 0.56 0.56 0.56 0.63 0.63 0.63 0.63 0.63 0.80924637 1.31 1.31 1.31 1.31 1.31 1.3009281 1.38 1.38 1.38 1.38 1.3724638 1.1403761 1.027704 1.7164986 1.72 1.72 1.72 1.72 1.7200005 1.95 1.95 1.95 1.95 1.95 1.6336656 1.27 1.27 1.27 1.73 1.73 1.73 1.66 1.66 2.24 2.24 1.38 2.995669 3.09 
1.15 1.15 1.15 1.15 1.15 1.1499998 0.56000014 0.56 0.56290539 0.63 0.63 0.63 0.63 0.63 0.66261699 1.31 1.31 1.31 1.31 1.31 1.31 1.1772262 1.1400003 1.14 1.14 1.14 1.14 1.14 1.3179455 1.3200047 1.32 1.32 1.32 1.3200005 1.95 1.95 1.95 1.95 1.95 1.2700001 1.27 1.27 1.27 1.2700002 1.7291343 1.19 1.66 0.76574291 2.2386945 1.38 1.38 1.3669044 0.75 
1.15 1.15 1.15 1.15 1.15 1.1499623 0.56003182 0.56000424 0.62999991 0.63 0.63 0.63 0.63 0.63 0.64293895 1.31 1.31 1.31 1.31 1.31 1.31 1.14 1.14 1.14 1.14 1.14 1.14 1.14 1.3199503 1.32 1.32 1.32 1.32 1.32 1.4926199 1.95 1.95 1.95 1.95 1.27 1.27 1.27 1.27 1.2699795 1.19 1.19 1.1872423 0.75 0.75 1.38 1.38 0.75 0.75 
1.15 1.15 1.15 1.15 1.15 1.1492132 0.56070233 0.62210096 0.63 0.63 0.63 0.63 0.63 0.63 0.64190457 1.31 1.31 1.31 1.31 1.31 1.2857951 1.14 1.14 1.14 1.14 1.14 1.14 1.14 1.3199993 1.32 1.32 1.32 1.32 1.32 1.32 1.3475143 0.41098059 -0.10110949 -0.17906019 1.1452994 1.27 1.27 1.27 1.1900064 1.19 1.1821804 -0.11999584 0.75 0.75 -0.28996728 -0.29 -0.29 0.74999954 
1.15 1.15 1.15 1.15 1.1499994 1.1450797 0.57018551 0.62998075 0.63 0.63 0.63 0.63 0.63 0.63 0.64587905 1.31 1.31 1.31 1.31 1.31 1.1400007 1.14 1.14 1.14 1.14 1.14 1.14 1.14 1.32 1.32 1.32 1.32 1.32 1.32 1.3199997 -0.22 -0.22 -0.22 -0.22 -0.67 -0.67 -0.67 -0.67 -0.11999621 -0.12 -0.12 -0.12 -0.11999998 -0.14 -0.14 -0.29 -0.29 -0.58829485 
1.15 1.15 1.15 1.15 1.1499835 1.1340142 0.62621367 0.62999909 0.63 0.63 0.63 0.63 0.63 0.63 0.6530834 1.3099997 1.31 1.31 1.31 1.3089768 1.14 1.14 1.14 1.14 1.14 1.14 1.14 1.14 1.32 1.32 1.32 1.32 1.32 1.32 -0.21999859 -0.22 -0.22 -0.22 -0.22 -0.67 -0.67 -0.67 -0.67 -0.52155736 -0.12 -0.12 -0.12 -0.13999978 -0.14 -0.14 -0.72 -0.72 -0.72 
1.15 1.15 1.15 1.1499987 1.1498387 1.0932736 0.62986004 0.62999977 0.63 0.63 0.63 0.63 0.63 0.63000004 0.66284252 1.309984 1.31 1.31 1.3099998 1.1434445 1.14 1.14 1.14 1.14 1.14 1.14 1.14 1.14 1.3199998 1.32 1.32 1.32 1.32 -0.092840766 -0.22000012 -0.22 -0.22 -0.22 -0.22 -0.67 -0.67 -0.67 -0.67 -0.67 -0.12 -0.12 -0.12 -0.14 -0.14 -0.14 -0.72 -0.72 -0.72 
1.15 1.15 1.1499994 1.1499842 1.1490509 0.84429365 0.6299903 0.62999986 0.63 0.63 0.63 0.63 0.63 0.63000128 0.67444531 1.3097517 1.31 1.31 1.3091198 1.1400145 1.14 1.14 1.14 1.14 1.14 1.14 1.14 1.1400001 1.3199989 1.32 1.3199986 -0.4403295 -0.61 -0.61 -0.61 -0.22 -0.22 -0.22 -0.22 -0.67 -0.67 -0.67 -0.67 -0.67 -0.12000975 -0.12 -0.12000001 -0.14 -0.14 -0.14000031 -0.72 -0.72 -0.72 
