interpolatedSpi/03-06|19_2.tif
NCOLS 53
NROWS 52
XLLCORNER -116.03883
YLLCORNER 28.596182
DX 0.49850594
DY 0.49788537
NODATA_VALUE -9999
-0.106 -0.106 -0.19883077 -0.412 -0.49 -0.51 -0.746 -0.938 -1.2106513 -0.898 -0.666 -0.602 -0.75797628 -0.47 -0.728 -0.728 -0.728 -0.092 -0.446 -0.446 -0.446 -0.44600811 -1.288 -0.576 -0.576 -0.576 -0.83399387 -0.834 -0.834 -1.156 -1.156 -1.156 -1.156 -1.5739999 -1.574 -1.574 -1.574 -1.574 -1.574 -1.574 -0.25817249 -0.24422162 -1.114 -1.114 -1.114 -1.114 -1.1144312 -1.378 -1.378 -1.378 -1.1340005 -1.134 -1.134 
-0.10601964 -0.548 -0.26399946 -0.28003832 -0.54821049 -0.06 0.328 -0.48218755 -1.334 -1.08 -0.564 -0.758 -0.758 -0.22880694 -0.46999936 -0.728 -0.092 -0.092 -0.44553843 -0.446 -0.446 -0.446 -0.59337024 -0.576 -0.576 -0.576 -0.64 -0.64 -1.156 -1.156 -1.156 -1.156 -1.156 -1.5739999 -1.574 -1.574 -1.574 -1.574 -1.5739999 -1.3406291 -0.2220366 -1.0057627 -1.114 -1.114 -1.114 -1.114 -1.114 -1.378 -1.378 -1.378 -1.3577673 -1.134 -1.134 
-0.032010924 -0.032 0.206 0.21 -0.6 -1.054 -0.69 -0.524 -1.014 -0.938 -0.578 -1.096 -0.552 -0.38 -0.228 -0.932 -0.092 -0.092 -0.092 -0.47399186 -0.474 -0.474 -0.906 -0.576 -0.576 -0.576 -0.64 -0.64 -0.64 -1.156 -1.156 -1.156 -1.30042 -1.5705238 -1.5583069 0.096550388 0.112 0.112 0.069991603 -0.222 -0.222 -0.22314064 -1.114 -1.114 -1.114 -1.114 -1.114 -1.378 -1.378 -1.378 -1.378 -1.134 -1.134 
0.188 -0.032000084 -0.44609681 -0.03 -0.626 -0.728 -0.536 -1.116 -0.626 0.0075763269 -0.798 -0.986 -1.096 -0.38 -0.67 -0.932 -0.78513234 -0.78351514 -1.29 -0.474 -0.474 -0.766 -0.906 -0.906 -0.576 -0.57600032 -0.64 -0.64 -0.64 -1.188 -1.3350456 -1.456 -1.456 -1.4559988 0.112 0.112 0.112 0.112 -0.222 -0.222 -0.222 -0.22200003 -1.114 -1.114 -1.114 -1.114 -1.114 -1.3779967 -1.378 -1.378 -1.378 -1.1339784 -1.134 
0.188 -0.31600024 -0.446 -0.71982863 -0.626 -0.672 -0.917967 -1.028 -0.966 -1.182 -1.119182 -1.0880092 -1.152 -0.67 -0.67 -0.84297845 -0.784 -0.784 -1.29 -1.29 -0.47400063 -0.766 -1.128 -1.084 -0.838 -0.83804251 -0.64 -0.64 -1.188 -1.188 -1.456 -1.456 -1.456 -1.4284683 0.112 0.112 0.112 -0.222 -0.222 -0.222 -0.222 -0.22202027 -1.114 -1.114 -1.114 -1.114 -1.114 -1.1163499 -1.378 -1.3779594 -0.472 -0.472 -0.472 
-1.708 -0.51 0.232 -0.538 -0.162 -0.344 -0.838 -0.86232544 -1.164 -0.906 -1.218 -1.214 -1.214 -1.736 -1.736 -1.0899266 -1.09 -0.904 -0.904 -1.2899997 -1.18 -1.18 -1.084 -0.838 -0.838 -1.02 -1.17 -1.17 -0.90402595 -1.188 -1.456 -1.456 -1.31 -1.3099929 -1.2420048 -1.02 -1.02 -0.46887952 -0.222 -0.222 -0.43173808 -0.432 -0.43199926 0.074640185 0.09586627 0.095999677 0.095999959 0.095999537 -0.63690128 -0.472 -0.472 -0.472 -0.472 
-1.0280049 -0.314 -0.53198759 -0.266 0.084 -0.832 -1.146 -1.27 -1.162 -1.162 -1.218 -1.09 -1.2299998 -1.736 -0.78600285 -0.786 -1.09 -0.852 -0.928 -0.928 -1.1790575 -1.178 -1.178 -1.044 -1.02 -1.02 -1.17 -1.17 -0.90400688 -0.9041266 -0.60927748 -1.31 -1.31 -1.242 -1.242 -1.1147674 -1.02 -1.02 -1.0859977 -0.43200091 -0.432 -0.432 -0.43199549 0.095999085 0.096 0.096 0.096 0.095999561 -0.64 -0.47203329 -0.472 -0.472 -0.472 
-1.028 -1.59 -0.328 -1.12 -0.71402328 -1.402 -1.094 -1.058 -1.096 -0.614 -0.614 -0.63 -1.23 -1.23 -0.78904625 -0.6293498 -0.614 -0.436 -1.0439999 -0.928 -0.38752556 -0.35 -0.858 -0.892 -0.89200028 -0.914 -0.478 -0.47800024 -1.0215865 -1.022 -0.608 -0.70735806 -1.02 -1.242 -1.2342422 -1.194 -1.194 -1.086 -1.086 -0.432 -0.432 -0.43199999 -0.070119299 -0.067999992 0.096 0.096 0.096 -0.63997198 -0.64 -0.64 -0.472 -0.472 -0.472 
-1.4762133 -1.59 -0.744 -0.002 -0.536 -1.156 -0.946 -0.778 -0.884 -0.56343008 -0.452 -0.394 -0.394 -0.142 -0.14199735 -0.98097435 -0.982 -0.982 -0.52881214 -0.12200014 -0.792 -0.79199999 -0.596 -0.75475011 -0.91178298 -0.914 -0.588 -0.478 -0.71461698 -0.716 -0.62 -0.618 -0.59382627 -1.11 -0.97 -0.992 -0.932 -1.154 -0.60825212 -0.4306698 -0.134 -0.362 -0.068033541 -0.068 -0.067076919 0.096 -0.70999996 -0.64 -0.64 -0.64 -0.64 -0.39704652 0.202 
-0.84 -0.84 -0.926 -0.474 -0.494 -1.208 -0.72 -0.922 -0.154 -0.48197184 -0.218 -0.654 -0.142 -0.142 0.14 0.12461126 -0.982 -0.98179723 -0.124 -0.122 -0.122 -0.20831847 -0.596 -0.8439953 -0.844 -0.844 -0.588 -0.208 -0.208 -0.716 -0.716 -0.61790896 -0.57 -1.11 -0.784 -0.992 -0.932 -1.338 -0.608 0.47220472 -0.36199999 -0.32967413 -0.274 -0.068 -0.068 -0.71 -0.71 -0.71 -0.64 -0.64 0.13 0.13 0.13000003 
-0.84 -0.84 -1.042 -1.55 -0.576 -0.432 -0.67199999 -0.66619111 -0.916 -0.83 -0.208 -0.718 -0.65408444 0.14 0.14 0.14000738 0.204 0.18678502 -0.124 -0.054 -0.054 0.376 0.376 -0.844 -0.844 -0.844 -0.208 -0.208 -0.208 -1.062 -1.062 -1.0619992 -0.632 -0.632 -1.366 -0.828 -0.206 -0.76799881 -0.836 0.49 0.49 -0.34199978 -0.274 -0.068 -0.098000155 -0.314 -0.072756331 -0.070000002 0.444 0.444 0.13 0.13 0.13 
-0.84 -0.92739052 -1.2587817 -1.4879861 -0.37 -0.518 -0.672 -0.666 -0.91599791 -0.83095278 -0.71800015 -0.718 0.336 0.14 0.14 0.204 0.204 0.20398133 -0.124 -0.054 0.030443252 0.376 0.376 -0.84395071 -0.844 -0.66912119 -0.312 -0.312 -0.31199999 -1.062 -1.062 -0.314 -0.314 -0.63200201 -1.366 0.12799959 -0.27366907 -0.768 -0.768 0.48999997 -0.342 -0.342 -0.34199822 -0.098 -0.098 -0.314 -0.07 -0.07 0.444 0.444 0.13 0.13 0.13 
-0.646 -0.31885638 -0.25004781 -0.25895505 -0.37000082 -0.51799651 -0.672 -0.66607386 -0.89877244 -0.91375431 0.336 0.336 0.336 0.336 0.14002776 0.204 0.204 0.199765 -0.124 -0.053823376 0.558 0.558 0.558 0.558 -0.81983794 -0.312 -0.312 -0.312 -0.312 -0.31237885 -0.314 -0.314 -0.314 -0.314 0.128 0.128 0.128 -0.72463444 -0.75801098 0.562 0.562 -0.34195138 0.39998295 -0.097952034 -0.098 -0.314 -0.07 -0.07 0.444 0.444 0.13113916 0.13 -0.026847031 
-0.646 -0.25 -0.25 -0.25 -0.25 -0.25000011 -0.67160576 -0.66919346 -0.85281091 0.33465389 0.336 0.336 0.336 0.336 0.33600035 0.204 0.20399995 0.18150144 -0.12399322 0.558 0.558 0.558 0.558 0.558 0.55254915 -0.1285429 -0.10000004 -0.1 -0.1 -0.1 -0.31399999 -0.314 -0.31399937 0.206 0.206 0.128 0.57520819 0.588 0.56200002 0.562 0.562 0.562 0.4 0.4 0.4 0.39503121 0.20415357 0.206 0.206 0.206 0.206 0.90599984 0.906 
0.794 -0.25 -0.25 -0.25 -0.25 -0.25 -0.25000003 -0.34026444 0.81110692 0.82 0.82 0.82 0.82 0.82 0.82 0.79249292 0.2133021 0.15908599 0.55791436 0.558 0.558 0.558 0.558 0.55800015 0.306 0.306 0.30599943 -0.1 -0.1 -0.098890647 0.454 0.454 0.206 0.206 0.206 0.5268079 0.588 0.588 0.588 0.562 0.562 0.562 0.4 0.4 0.4 0.4 0.20600001 0.206 0.206 0.206 0.206 0.906 0.906 
0.794 0.40533066 -0.25 -0.25 -0.25 -0.25 0.48585555 0.486 0.48600001 0.82 0.82 0.82 0.82 0.82 0.813823 0.792 0.792 0.792 0.68959824 0.68999987 0.69 0.69 0.69 0.69 0.306 0.306 0.306 0.306 -0.1 0.454 0.454 0.454 0.20600002 0.206 0.206 0.906 0.58842104 0.588 0.588 0.56202607 0.6140557 0.73547995 0.4 0.4 0.69508653 0.696 0.696 0.20719746 0.93145597 0.93399994 0.93399986 1.347933 0.9060009 
0.794 0.47675576 0.11334105 -0.25 -0.25 0.48556514 0.486 0.486 0.486 0.4884069 0.82 0.82 0.82 0.82 0.792 0.792 0.792 0.792 0.69009111 0.69 0.69 0.69 0.69 0.69 0.30600001 0.306 0.306 0.306 0.30653833 0.454 0.454 0.454 0.94599999 0.20608907 0.906 0.906 0.906 0.90654794 0.72663781 0.736 0.736 0.736 0.946 0.946 0.696 0.696 0.696 0.934 0.934 0.934 0.934 1.348 1.348 
0.46843846 0.468 0.468 0.468 0.436 0.48599871 0.486 0.486 0.486 0.486 0.82378528 0.82000065 0.82 0.792 0.792 0.792 0.792 0.792 0.74183394 0.69 0.69 0.69 0.69 0.69 0.75230875 1.1459954 1.146 1.146 1.146 0.45400003 0.94599999 0.946 0.946 0.946 0.906 0.90600137 0.958 0.958 0.738772 0.736 0.736 0.736 0.946 0.946 0.73470861 0.696 0.696 0.934 0.934 0.934 0.93843916 1.348 1.348 
0.468 0.468 0.468 0.45293072 0.436 0.436 0.486 0.486 0.486 0.486 0.87 0.87 0.87 0.792 0.792 0.792 0.792 0.79195902 0.124 0.124 0.68999977 0.69 0.68722458 0.576 0.58113146 1.146 1.146 1.146 1.146 0.94602036 0.946 0.946 0.946 0.946 0.95799982 0.958 0.958 0.958 0.95724255 0.736 0.736 0.736 0.946 0.946 0.946 0.696 0.696 0.934 0.934 0.934 1.348 1.348 1.348 
0.468 0.468 0.468 0.436 0.436 0.436 0.43600008 0.486 0.486 0.8696036 0.87 0.87 0.87 0.8699514 0.59126324 0.544 0.544 0.544 0.124 0.124 0.124 0.576 0.576 0.576 0.5760437 0.92884694 1.146 1.146 1.146 1.1213725 1.1559793 1.156 1.156 1.156 1.1268439 1.3639991 1.364 1.364 1.364 1.6798708 1.68 1.68 0.946 0.946 1.5059977 1.5059999 1.256 1.256 1.304 1.304 1.304 1.348 1.1801502 
0.46800296 0.468 0.468 0.436 0.436 0.436 0.43600001 0.92399987 0.4877513 0.86995829 0.87 0.87 0.87 0.8693603 0.544 0.544 0.544 0.54399988 0.124 0.124 0.124 0.576 0.576 0.576 0.732 0.732 1.028 1.028 1.028 1.0286983 1.156 1.156 1.156 1.156 1.2599429 1.364 1.364 1.364 1.364 1.68 1.68 1.68 1.6745253 1.506 1.506 1.506 1.256 1.256 1.304 1.304 1.304 1.18 1.18 
1.422 0.97916973 0.944 0.94385262 0.436 0.92117645 0.924 0.924 1.0070783 0.82400001 0.824 0.824 0.824 0.76600189 0.766 0.54400017 0.544 0.53293362 0.124 0.124 0.124 0.32 0.32 0.32 0.732 0.732 1.028 1.028 1.028 1.028 1.0640006 1.0640003 1.1536877 1.1559014 1.3537739 1.354 1.354 1.354 1.354 1.68 1.68 1.68 1.5155807 1.506 1.506 1.5059999 1.256 1.256 1.2560017 1.304 1.3039793 0.84 1.18 
1.2080406 1.208 0.944 0.944 0.944 0.924 0.924 0.924 1.152 1.152 0.824 0.824 0.824 0.766 0.766 0.766 0.766 0.76592791 0.124 0.124 0.12400001 0.32 0.32 0.32 0.732 0.732 1.028 1.028 1.028 1.0635941 1.064 1.064 1.064 1.064 1.3538569 1.354 1.354 1.354 1.354 1.2480001 1.248 1.248 1.248 1.5059956 0.93 0.93 0.93 1.008 1.008 1.008 0.84 0.84 0.84 
1.208 1.208 0.944 0.944 0.944 0.92410512 0.924 1.152 1.152 1.152 0.82404038 0.824 0.98415645 0.76600006 0.766 0.766 0.766 0.85 0.85 0.85 0.534 0.53399984 0.32000104 0.32 0.32035045 0.716 0.716 0.71600074 1.0279496 1.11399 1.1139997 1.1139913 1.0640855 1.0640431 1.3023812 1.3539997 1.3515268 0.616 0.616 1.248 1.248 1.248 1.248 0.93 0.93 0.93 0.93 1.008 1.008 1.008 0.84 0.84 0.84 
1.208 1.208 0.944 0.944 0.944 0.944 1.0093337 1.152 1.152 1.152 1.1519271 1.02 1.02 1.02 0.76749688 0.766 0.84944024 0.85 0.85 0.85 0.534 0.534 0.534 0.534 0.716 0.716 0.716 0.716 0.716 1.114 1.114 1.114 1.114 1.1139996 0.938 0.616 0.616 0.616 0.616 0.61599973 0.432 0.432 0.432 0.534832 0.748 0.748 0.748 1.008 1.0080002 1.224 1.224 1.5078375 1.508 
1.208 1.208 1.0392855 0.944 0.944 0.94400001 1.4334996 1.1528887 1.152 1.152 1.0200001 1.02 1.02 1.02 1.02 0.99915515 0.85 0.85 0.85 0.85 0.53400244 0.534 0.534 0.534 0.716 0.716 0.716 0.716 0.716 0.58195138 1.114 1.114 1.114 0.938 0.938 0.93774996 0.616 0.616 0.66552451 0.70399999 0.432 0.432 0.432 0.53513616 0.748 0.748 0.748 1.418 1.2264172 1.224 1.224 1.508 1.508 
1.798 1.798 1.798 1.1581213 0.94505032 1.434 1.434 1.434 1.434 1.524 1.524 1.02 1.02 1.02 1.02 1.0199892 0.85 0.85 0.85 0.85 0.67189215 0.534 0.534 0.54059495 0.78288298 0.716 0.716 0.716 0.394 0.394 0.394 0.39400302 0.938 0.938 0.938 0.938 0.704 0.704 0.704 0.704 0.792 0.792 0.792 1.2039917 1.204 1.204 1.2039999 1.418 1.418 1.2242364 1.224 1.5079987 1.508 
1.798 1.798 1.798 1.7979927 1.662 1.6288451 1.434 1.434 1.434 1.524 1.524 1.524 1.59 1.59 1.59 1.59 0.85137387 0.85 0.85 0.85 0.84522207 0.78599931 0.786 0.786 0.786 0.78599998 0.134 0.134 0.394 0.394 0.394 0.394 0.93799988 0.938 0.938 0.93798664 0.70400001 0.704 0.704 0.70497388 0.792 0.792 0.792 1.2039809 1.204 1.204 1.204 1.418 1.418 1.418 1.258 1.258 1.296 
1.798 1.798 1.798 1.6620003 1.662 1.662 1.4340001 1.434 1.434 1.524 1.524 1.524 1.59 1.59 1.59 1.5907616 1.6 1.6 1.5999981 0.8542362 0.786 0.786 0.786 0.786 0.786 0.78550934 0.134 0.134 0.134 0.394 0.394 0.39404119 0.774 0.774 0.774 0.77 0.77 0.926 0.926 0.926 1.214 0.79213237 0.79200406 1.336 1.336 1.3309974 1.2040007 1.418 1.418 1.258 1.258 1.258 1.296 
1.798 1.798 1.798 1.662 1.662 1.662 1.662 1.434 1.434 1.524 1.524 1.587361 1.59 1.59 1.59 1.6 1.6 1.6 1.6 1.6 0.786 0.786 0.786 0.786 0.786 0.13400222 0.134 0.134 0.134 0.458 0.458 0.458 0.774 0.774 0.774 0.77 0.77 0.926 0.926 1.214 1.214 1.214 1.336 1.336 1.336 1.336 1.3266352 1.222 1.222 1.222 1.258 1.208 1.208 
1.798 1.798 1.7978106 1.662 1.662 1.662 1.662 1.7838575 1.79 1.7895433 1.524 1.5900111 1.59 1.59 1.59 1.6 1.6 1.6 1.6 1.6 1.5014593 0.786 0.786 0.786 0.78597281 0.13402926 0.134 0.134 0.134 0.458 0.458 0.458 0.45804774 0.774 0.77 0.77 0.77 0.77000651 0.92601964 1.214 1.214 1.214 1.3359926 1.336 1.336 1.336 1.221997 1.222 1.222 1.222 1.208 1.208 1.208 
1.458 1.4580006 1.6620643 1.662 1.662 1.662 1.7899728 1.79 1.79 1.79 1.722 1.722 1.722 1.722 1.6005631 1.6 1.6 1.6 1.6 1.532 1.532 1.532 0.65400002 0.654 0.654 0.654 0.60911731 0.134 0.71797608 0.718 0.718 0.718 0.718 0.89 0.89 0.89 0.89 0.89 1.228 1.228 1.228 1.228 1.228 0.92462106 0.924 0.924 0.924 1.222 1.222 1.222 1.2080022 1.208 1.208 
1.458 1.458 1.4600597 1.7039999 1.704 1.7040838 1.79 1.79 1.79 1.79 1.722 1.722 1.722 1.722 1.722 1.6 1.6 1.6 1.532 1.532 1.532 1.532 0.654 0.654 0.654 0.654 0.654 0.65389004 0.71806796 0.718 0.718 0.718 0.7180273 0.94442256 0.89005635 0.89 0.89 0.89 1.228 1.228 1.228 1.228 1.228 0.924 0.924 0.924 0.924 1.0633506 1.222 1.2239777 1.224 1.184 1.184 
1.458 1.458 1.7039688 1.704 1.704 1.704 1.7258436 1.79 1.79 1.79 1.722 1.722 1.722 1.722 1.722 1.6000884 1.6 1.5320199 1.532 1.532 1.532 1.532 0.97926079 0.654 0.654 0.654 0.654 0.65416994 0.894 0.894 0.894 0.894 0.894 0.986 0.986 0.986 0.986 0.986 1.24 1.24 1.24 1.24 1.24 0.92455182 0.92400012 0.924 0.92403831 0.92865276 1.224 1.224 1.224 1.1840002 1.184 
1.4580002 1.5560504 1.704 1.704 1.704 1.704 1.704 1.7899634 1.79 1.79 1.722 1.722 1.722 1.722 1.1333712 1.12 1.12 1.5319894 1.532 1.532 1.532 1.532 1.5319998 0.654 0.654 0.654 0.654 0.79200009 0.79200005 0.81370808 0.894 0.894 0.894 0.986 0.986 0.986 0.986 0.98601761 1.24 1.24 1.24 1.24 1.2399974 1.15 1.15 1.15 1.15 1.150006 1.224 1.224 1.224 1.224 1.2391753 
1.558 1.558 1.5574246 1.704 1.704 1.704 1.704 1.704 1.7899615 1.054 1.054 1.054 1.0555853 1.1200009 1.12 1.12 1.12 1.12 1.5319932 1.4741491 0.968 0.968 0.968 0.88616931 0.61798363 0.42526687 0.26298773 0.792 0.792 0.792 0.792 0.792 0.79733407 1.0111246 1.012 1.012 1.012 1.012 1.2336129 1.2060001 1.206 1.206 1.206 0.98400049 1.15 1.15 1.15 1.45 1.2240036 1.224 1.224 1.24 1.24 
1.558 1.558 1.372 1.372 1.372 1.7038894 1.704 1.704 1.054 1.054 1.054 1.054 1.054 1.12 1.12 1.12 1.12 1.12 0.968 0.968 0.968 0.968 0.968 0.20400004 0.204 0.204 0.204 0.792 0.792 0.792 0.792 0.792 0.934 0.934 1.012 1.012 1.012 1.0199986 1.02 1.206 1.206 1.206 1.2059999 0.984 0.984 0.984 1.45 1.45 1.45 1.422 1.422 1.24 1.24 
1.558 1.558 1.372 1.372 1.372 1.372 1.3719969 0.802 1.0537627 1.054 1.054 1.054 1.054 1.1191767 1.12 1.12 1.12 1.12 0.968 0.968 0.968 0.968 0.968 0.204 0.204 0.204 0.204 0.2040024 0.792 0.792 0.792 0.93399256 0.934 0.934 0.934 1.012 1.02 1.02 1.02 1.024894 0.79123983 0.714 0.714 0.984 0.984 0.984 1.45 1.45 1.45 1.422 1.422 1.422 0.89220492 
1.182 1.182003 1.372 1.372 1.372 1.372 0.802 0.802 0.802 1.054 1.054 1.054 1.054 1.0540205 1.12 1.12 1.12 1.12 0.96800242 0.968 0.968 0.96799999 0.33857773 0.204 0.204 0.204 0.204 0.42599982 0.426 0.426 0.78807714 0.934 0.934 0.934 0.93399975 0.668 1.02 1.02 1.02 1.02 0.714 0.714 0.714 1.15 1.15 1.15 1.3800068 1.45 1.45 1.422 1.422 1.422 0.85600087 
1.182 1.182 1.372 1.372 1.372 0.802 0.802 0.802 0.802 1.0263625 1.054 1.054 1.054 1.0539977 0.42208033 0.422 0.422 0.422 0.20953309 0.306 0.306 0.306 0.306 0.204 0.204 0.204 0.20401464 0.426 0.426 0.426 0.426 0.93393923 0.78438269 0.668 0.668 0.668 1.0183339 0.57400929 0.574 0.574 0.7140611 0.792 0.792 1.15 1.15 1.150001 1.38 1.38 1.074 1.074 1.074 1.24 1.168 
1.182 1.182 0.478 0.478 0.478 0.802 0.802 0.802 0.802 0.584 0.584 0.584 0.584 0.57258348 0.422 0.422 0.422 0.422 0.206 0.306 0.306 0.306 0.306 -0.316 -0.31599979 0.20399923 0.426 0.426 0.426 0.426 0.46751457 0.508 0.64896219 0.668 0.668 0.668 0.574 0.574 0.574 0.574 0.792 0.792 0.792 1.2138669 1.214 1.3792538 1.38 1.38 1.0740011 1.074 1.24 1.24 1.168 
1.182 0.478 0.478 0.478 0.478 0.478 0.79956245 0.488 0.488 0.584 0.584 0.584 0.584 0.58396163 0.422 0.422 0.422 0.41224043 0.206 0.206 0.306 0.306 -0.316 -0.316 -0.316 -0.316 0.426 0.426 0.426 0.426 0.508 0.508 0.508 0.66783809 0.668 0.668 0.574 0.574 0.574 0.574 0.792 0.792 0.792 1.214 1.214 1.2139975 1.17 1.17 1.288 1.288 1.24 1.24 1.168 
0.48461144 0.478 0.478 0.478 0.478 0.478 0.488 0.488 0.488 0.53938321 0.584 0.584 0.584 0.58399776 0.422 0.422 0.422 0.206 0.206 0.206 0.305995 0.3059962 -0.316 -0.316 -0.316 -0.316 0.42594726 0.426 0.426 0.50798114 0.508 0.508 0.508 0.508 0.66740378 0.522 0.522 0.52289995 0.574 0.574 0.79199981 0.792 1.2017303 1.214 1.214 1.17 1.17 1.17 1.288 1.288 1.026 1.026 0.74 
0.478 0.478 0.478 0.478 0.478 0.478 0.488 0.488 0.488 0.488 0.50600225 0.506 0.506 0.506 0.42199921 0.22200491 0.11 0.11 0.20582302 0.206 0.20600002 -0.3159991 -0.316 -0.316 -0.316 -0.316 -0.31546052 0.426 0.4260028 0.508 0.508 0.508 0.508 0.508 0.522 0.522 0.522 0.522 0.522 0.5220005 0.658 0.658 0.65800001 0.694 0.694 0.694 0.922 0.922 0.714 0.714 1.026 1.0259994 0.74 
0.478 0.478 0.478 0.478 0.478 0.478 0.488 0.488 0.488 0.506 0.506 0.506 0.506 0.506 0.40161535 0.11 0.11 0.11 0.11 0.11 0.11458368 -0.316 -0.316 -0.316 -0.316 -0.29709659 0.28505667 0.40693517 0.50759562 0.508 0.508 0.508 0.508 0.50800003 0.522 0.522 0.522 0.522 0.522 0.58526688 0.658 0.658 0.658 0.694 0.694 0.694 0.922 0.922 0.714 0.714 0.23000001 0.71186636 0.74 
0.478 0.478 0.478 0.478 0.478 0.478 0.488 0.488 0.4887471 0.506 0.506 0.506 0.506 0.506 0.4870054 0.11 0.11 0.11 0.11 0.11 0.11 0.19341074 0.28599916 0.286 0.286 0.286 0.286 0.286 0.21134669 0.21000353 0.21000001 0.21 0.21 0.21000023 0.522 0.522 0.522 0.522 0.522 0.65799998 0.658 0.658 0.658 0.65800002 0.69386212 0.608 0.92199997 0.21838673 0.71355489 0.23 0.23 0.22629998 0.052 
0.478 0.478 0.478 0.478 0.478 0.47800064 0.48799946 0.48800109 0.50599998 0.506 0.506 0.506 0.506 0.506 0.49846496 0.11 0.11 0.11 0.11 0.11 0.11 0.286 0.286 0.286 0.286 0.286 0.286 0.286 0.21002098 0.21 0.21 0.21 0.21 0.21 0.29548797 0.522 0.522 0.522 0.522 0.658 0.658 0.658 0.658 0.65798719 0.608 0.608 0.60548046 0.206 0.206 0.23 0.23 0.052 0.052 
0.478 0.478 0.478 0.478 0.478 0.47801334 0.48798864 0.50396882 0.506 0.506 0.506 0.506 0.506 0.506 0.49906734 0.11 0.11 0.11 0.11 0.11 0.1350592 0.286 0.286 0.286 0.286 0.286 0.286 0.286 0.2100003 0.21 0.21 0.21 0.21 0.21 0.21 0.36651575 0.1248337 -0.0073185776 -0.027425028 0.62778903 0.65799999 0.658 0.658 0.60800399 0.608 0.60641219 0.34199935 0.206 0.206 0.070030968 0.07 0.07 0.052000006 
0.478 0.478 0.478 0.478 0.47800001 0.4780834 0.48948617 0.50599505 0.506 0.506 0.506 0.506 0.506 0.506 0.49675279 0.11 0.11 0.11 0.11 0.11 0.28599924 0.286 0.286 0.286 0.286 0.286 0.286 0.286 0.21000002 0.21 0.21 0.21 0.21 0.21 0.20999995 -0.038 -0.038 -0.038 -0.037999999 0.188 0.188 0.188 0.188 0.34200077 0.342 0.342 0.342 0.34199854 0.212 0.212 0.07 0.07 -0.055541607 
0.478 0.478 0.478 0.478 0.47800028 0.47827966 0.50474791 0.50599976 0.506 0.506 0.506 0.506 0.506 0.506 0.49255732 0.11000016 0.11 0.11 0.11 0.11105927 0.286 0.286 0.286 0.286 0.286 0.286 0.286 0.286 0.21000002 0.21 0.21 0.21 0.21 0.21 -0.037999773 -0.038 -0.038 -0.038 -0.038 0.188 0.188 0.188 0.188 0.22956394 0.342 0.342 0.342 0.21200145 0.212 0.212 -0.11 -0.11 -0.11 
0.478 0.478 0.478 0.47800002 0.47800278 0.47986119 0.50593099 0.50599994 0.506 0.506 0.506 0.506 0.506 0.50599997 0.48687406 0.11000931 0.11 0.11 0.1100002 0.28243396 0.286 0.286 0.286 0.286 0.286 0.286 0.286 0.286 0.21000007 0.21 0.21 0.21 0.21 -0.11795469 -0.038000061 -0.038 -0.038 -0.038 -0.038 0.188 0.188 0.188 0.188 0.188 0.342 0.342 0.342 0.212 0.212 0.212 -0.11 -0.11 -0.11 
0.478 0.478 0.47800001 0.47800027 0.47802131 0.49348572 0.50598769 0.50599996 0.506 0.506 0.506 0.506 0.506 0.50599926 0.48011714 0.11014462 0.11000001 0.11000001 0.11091124 0.28598503 0.286 0.286 0.286 0.286 0.286 0.286 0.286 0.28599996 0.21000048 0.21 0.20999968 -0.19861534 -0.238 -0.238 -0.238 -0.038 -0.038 -0.038 -0.038 0.188 0.188 0.188 0.188 0.188 0.34199727 0.342 0.34199994 0.21200001 0.212 0.21199983 -0.11 -0.11 -0.11 
