interpolatedSpi/03-05|23_3.tif
NCOLS 53
NROWS 52
XLLCORNER -116.03883
YLLCORNER 28.596182
DX 0.49850594
DY 0.49788537
NODATA_VALUE -9999
[rows 0 to 29 of 52, columns 0 to 52 of 53]
-0.82666667 -0.82666667 -1.6558063 -2.0033333 -1.2333333 -1.15 -1.4266667 -0.81 -1.6153192 -1.0866667 -1.1566667 -1.21 -1.5433235 -1.4233333 -1.1433333 -1.1433333 -1.1433333 -0.77 -1.4266667 -1.4266667 -1.4266667 -1.426656 -0.32333335 -1.6933333 -1.6933333 -1.6933333 -0.68665728 -0.68666667 -0.68666667 -1.66 -1.66 -1.66 -1.66 -2.9733331 -2.9733333 -2.9733333 -2.9733333 -2.9733333 -2.9733333 -2.9733332 0.41351878 0.449312 -2.25 -2.25 -2.25 -2.25 -2.2487804 -1.5033333 -1.5033333 -1.5033333 -0.44333553 -0.44333333 -0.44333333
-0.82670488 -1.6866667 -1.6833326 -1.5860342 -1.76982 -1.39 -1.58 -1.3730144 -1.1766667 -1.6133333 -1.51 -1.5433333 -1.5433333 -1.4000778 -1.4233306 -1.1433333 -0.77 -0.77 -1.4258105 -1.4266667 -1.4266667 -1.4266667 -1.6708748 -1.6933333 -1.6933333 -1.6933333 -1.9466666 -1.9466667 -1.66 -1.66 -1.66 -1.66 -1.66 -2.9733331 -2.9733333 -2.9733333 -2.9733333 -2.9733333 -2.9733333 -2.7984594 -1.9333793 -2.2115751 -2.25 -2.25 -2.25 -2.25 -2.25 -1.5033333 -1.5033333 -1.5033333 -1.4154371 -0.44333333 -0.44333333
-0.40670484 -0.40666667 -1.09 -1.2533333 -1.6466667 -1.1566667 -1.7133333 -0.81 -1.86 -1.8633333 -1.8 -1.8566667 -2.41 -0.98 -1.4 -2.1033333 -0.77 -0.77 -0.77 -1.0767684 -1.0766667 -1.0766667 -1.2666667 -1.6933333 -1.6933333 -1.6933333 -1.9466667 -1.9466667 -1.9466667 -1.66 -1.66 -1.66 -1.8220714 -2.9704782 -2.9639324 -1.9725884 -1.9633333 -1.9633333 -1.9595601 -1.9333333 -1.9333333 -1.9337383 -2.25 -2.25 -2.25 -2.25 -2.25 -1.5033333 -1.5033333 -1.5033333 -1.5033333 -0.44333333 -0.44333333
-0.036666667 -0.40666678 -0.9868219 -0.98666667 -1.7033333 -1.4233333 -1.32 -1.5933333 -1.6666667 -1.5878731 -1.9266667 -1.5533333 -1.71 -0.98 -2.22 -2.1033333 -1.5211552 -1.5161435 -1.46 -1.0766667 -1.0766667 -1.69 -1.2666667 -1.2666667 -1.6933333 -1.6933346 -1.9466667 -1.9466667 -1.9466667 -1.3233333 -1.6927763 -1.9966667 -1.9966667 -1.9966666 -1.9633333 -1.9633333 -1.9633333 -1.9633333 -1.9333333 -1.9333333 -1.9333333 -1.9333333 -2.25 -2.25 -2.25 -2.25 -2.25 -1.5033428 -1.5033333 -1.5033333 -1.5033333 -0.44335652 -0.44333333
-0.036666667 -0.026668427 -0.98666667 -1.8055987 -1.7033333 -2.0066667 -1.9700767 -2.8066667 -2.7833333 -2.2833335 -2.0734483 -1.9732627 -1.48 -2.22 -2.22 -2.1327212 -1.5166667 -1.5166667 -1.46 -1.46 -1.0766679 -1.69 -1.3833333 -0.58 -1.41 -1.4099541 -1.9466667 -1.9466667 -1.3233333 -1.3233333 -1.9966667 -1.9966667 -1.9966667 -1.9696377 -1.9633333 -1.9633333 -1.9633333 -1.9333333 -1.9333333 -1.9333333 -1.9333333 -1.9332284 -2.25 -2.25 -2.25 -2.25 -2.25 -2.2433537 -1.5033333 -1.5033176 -1.1533333 -1.1533333 -1.1533333
-1.4233333 -1.0266667 -0.99999997 -1.5566667 -1.3366667 -1.4833333 -2.0966667 -2.187567 -2.23 -2.6733333 -2.18 -2.0366667 -2.0366663 -1.57 -1.57 -0.88999276 -0.89 -1.05 -1.05 -1.4599993 -1.5566667 -1.5566667 -0.58 -1.41 -1.41 -1.2133333 -1.8433333 -1.8433333 -1.1466841 -1.3233333 -1.9966667 -1.9966667 -1.8533333 -1.8532926 -1.4633614 -2.0066667 -2.0066667 -1.9560207 -1.9333333 -1.9333333 -0.84802197 -0.84666667 -0.84666626 -1.6540427 -1.6434004 -1.6433335 -1.6433334 -1.6433336 -1.5036395 -1.1533333 -1.1533333 -1.1533333 -1.1533333
-0.2200225 -0.063333333 -0.71752696 -0.99333333 -0.94333333 -1.5033333 -1.5866667 -2.0533333 -2.2766667 -2.2766667 -2.18 -1.7266667 -1.6866666 -1.57 -0.86000213 -0.86 -0.89 -0.39333333 -0.61333333 -0.61333333 -1.4828352 -1.4 -1.4 -1.2666667 -1.2133333 -1.2133333 -1.8433333 -1.8433333 -1.1467279 -1.1477932 -1.229656 -1.8533333 -1.8533333 -1.4633333 -1.4633333 -1.712561 -2.0066667 -2.0066667 -2.0466653 -0.84666834 -0.84666667 -0.84666667 -0.8466651 -1.6433314 -1.6433333 -1.6433333 -1.6433333 -1.6433333 -1.5633333 -1.1534146 -1.1533333 -1.1533333 -1.1533333
-0.22 -1.2133333 -0.30333333 -1.57 -1.2366858 -1.3966667 -1.8033333 -2.0633333 -0.99666667 -1.63 -1.63 -1.6166667 -1.6866667 -1.6866667 -0.8656717 -0.82356972 -0.82 -0.32 -0.37666691 -0.61333333 -0.41134796 -0.35333333 -1.4566667 -0.080000006 -0.080012253 -1.03 -0.92 -0.92000033 -2.1929873 -2.1966666 -1.2266667 -1.3270535 -1.4 -1.4633333 -1.4610516 -1.4666667 -1.4666667 -2.0466667 -2.0466667 -0.84666667 -0.84666667 -0.84666666 -1.2932856 -1.2966667 -1.6433333 -1.6433333 -1.6433333 -1.5633364 -1.5633333 -1.5633333 -1.1533333 -1.1533333 -1.1533333
-1.2927311 -1.2133333 0.32666667 -1.28 -1.4233333 -2.12 -1.76 -0.96666667 -1.3933333 -0.82715263 -1.1366667 -1.79 -1.79 -0.90666667 -0.90666416 -1.900314 -1.9033333 -1.9033333 -0.32865027 -1.3333333 -1.0366667 -1.0366667 -1.54 -1.489507 -0.93426508 -1.03 -1.33 -0.92 -0.77087165 -0.77 -1.3066667 -1.5733333 -1.4776388 -1.59 -1.3833333 -1.4866667 -1.66 -2.1966667 -1.4803309 -0.84581855 -0.65666667 -0.81666667 -1.2965305 -1.2966667 -1.2986179 -1.6433333 -2.16 -1.5633333 -1.5633333 -1.5633333 -1.5633333 -0.89435786 0.49333333
-1.7366667 -1.7366667 -0.14666667 -0.80666667 -1.69 -1.9033333 -1.1833333 -1.27 -0.7 -0.68332263 -0.88 -0.47 -0.90666667 -0.90666667 -0.64 -0.65732719 -1.9033333 -1.902985 -0.34666667 -1.3333333 -1.3333333 -1.2951127 -1.54 -0.84334653 -0.84333333 -0.84333333 -1.33 -0.73666667 -0.73666667 -0.77 -0.77 -1.572973 -1.3833333 -1.59 -0.98333333 -1.4866667 -1.66 -2.14 -1.48 -0.60770345 -0.81666666 -0.68564895 -0.46 -1.2966667 -1.2966667 -2.16 -2.16 -2.16 -1.5633333 -1.5633333 0.92666667 0.92666667 0.9266665
-1.7366667 -1.7366667 -1.07 -1.52 -1.6 -1.0733333 -1.8933333 -1.0072795 -1.3133333 -1.84 -1.1 -0.43333333 -0.46995183 -0.64 -0.64 -0.63999692 -0.61333333 -0.59933742 -0.34666667 0.12666667 0.12666667 -0.49666667 -0.49666667 -0.84333333 -0.84333333 -0.84333333 -0.73666667 -0.73666667 -0.73666667 -1.19 -1.19 -1.1900003 -0.78333333 -0.78333333 -1.3266667 -1.3833333 -0.24333333 -1.2733363 -0.74 -0.59333333 -0.59333333 -0.9066652 -0.46 -1.2966667 -0.13000073 -0.80666667 -0.17193251 -0.16333334 0.65333333 0.65333333 0.92666667 0.92666667 0.92666667
-1.7366667 -1.4489033 -1.2620311 -2.1666402 -0.97666667 -1.6333333 -1.8933333 -1.0066667 -1.3133308 -1.8341652 -0.43333516 -0.43333333 0.093333333 -0.64 -0.64 -0.61333333 -0.61333333 -0.61331816 -0.34666667 0.12666667 0.0042566811 -0.49666667 -0.49666667 -0.84331899 -0.84333333 -0.66472904 -0.3 -0.3 -0.30000005 -1.19 -1.19 -0.29666667 -0.29666667 -0.78333482 -1.3266667 -0.44000031 -0.46462181 -1.2733333 -1.2733333 -0.59333334 -0.90666667 -0.90666667 -0.90666098 -0.13 -0.13 -0.80666667 -0.16333333 -0.16333333 0.65333333 0.65333333 0.92666667 0.92666667 0.92666667
-0.95666667 -1.1891296 -1.1933452 -1.2003674 -0.97667012 -1.6333178 -1.8933333 -1.017581 -1.2922009 -1.327086 0.093333333 0.093333333 0.093333333 0.093333333 -0.63989612 -0.61333333 -0.61333333 -0.60989024 -0.34666667 0.12660194 -0.086666667 -0.086666667 -0.086666667 -0.086666667 -0.83007619 -0.3 -0.3 -0.3 -0.3 -0.30047029 -0.29666667 -0.29666667 -0.29666667 -0.29666667 -0.44 -0.44 -0.44 -1.233561 -1.2640453 -0.036666667 -0.036666667 -0.90661987 -0.036669862 -0.12999101 -0.13 -0.80666667 -0.16333333 -0.16333333 0.65333333 0.65333333 0.92567504 0.92666667 -0.081379571
-0.95666667 -1.1933333 -1.1933333 -1.1933333 -1.1933333 -1.1933335 -1.8926676 -1.4738354 -1.2358215 0.091805332 0.093333333 0.093333333 0.093333333 0.093333333 0.09333346 -0.61333333 -0.61333329 -0.59504182 -0.34666954 -0.086666667 -0.086666667 -0.086666667 -0.086666667 -0.086666667 -0.090990827 -0.19500769 -0.12333337 -0.12333333 -0.12333333 -0.12333333 -0.29666666 -0.29666667 -0.29666587 0.36666667 0.36666667 -0.44 0.47061958 0.49666667 -0.036666358 -0.036666667 -0.036666667 -0.036666667 -0.036666667 -0.036666667 -0.036666667 -0.042025165 0.80022189 0.80666667 0.80666667 0.80666667 0.80666666 0.49666676 0.49666667
-1.2633333 -1.1933333 -1.1933333 -1.1933333 -1.1933333 -1.1933333 -1.1933334 -1.1301846 0.27541599 0.28333333 0.28333333 0.28333333 0.28333333 0.28333333 0.28333333 0.0056324781 -0.60357632 -0.5768176 -0.086699446 -0.086666667 -0.086666667 -0.086666667 -0.086666667 -0.086666888 -0.28666667 -0.28666667 -0.28666644 -0.12333333 -0.12333333 -0.12261245 0.23666667 0.23666667 0.36666667 0.36666667 0.36666667 0.47584221 0.49666667 0.49666667 0.49666667 -0.036666667 -0.036666667 -0.036666667 -0.036666667 -0.036666667 -0.036666667 -0.036666666 0.80666667 0.80666667 0.80666667 0.80666667 0.80666667 0.49666667 0.49666667
-1.2633333 -1.2372731 -1.1933333 -1.1933333 -1.1933333 -1.1933333 0.25638208 0.25666667 0.25666667 0.28333333 0.28333333 0.28333333 0.28333333 0.28333333 0.22082802 1.4624518e-15 -1.8502395e-17 -4.1349004e-13 -0.2760877 -0.27666647 -0.27666667 -0.27666667 -0.27666667 -0.27666667 -0.28666667 -0.28666667 -0.28666667 -0.28666667 -0.12333333 0.23666667 0.23666667 0.23666667 0.36666665 0.36666667 0.36666667 0.78 0.49704181 0.49666667 0.49666667 -0.036681424 -0.066583737 -0.13636779 -0.036666666 -0.036666667 1.156307 1.16 1.16 0.80736881 1.2318423 1.2333333 1.2333333 1.3898647 0.49666848
-1.2633333 -0.21558282 -0.68391366 -1.1933333 -1.1933333 0.25580994 0.25666667 0.25666667 0.25666667 0.25685883 0.28333333 0.28333333 0.28333333 0.2833333 -1.85037e-17 -1.8503717e-17 -1.8503717e-17 -1.8521745e-17 -0.27641953 -0.27666667 -0.27666667 -0.27666667 -0.27666667 -0.27666667 -0.28666667 -0.28666667 -0.28666667 -0.28666667 -0.28476312 0.23666667 0.23666667 0.23666667 0.16333334 0.3667038 0.78 0.78 0.78 0.77748726 -0.09655109 -0.13666667 -0.13666667 -0.13666667 0.73666667 0.73666667 1.16 1.16 1.16 1.2333333 1.2333333 1.2333333 1.2333333 1.39 1.39
-0.18721769 -0.18666667 -0.18666667 -0.18666666 0.69666667 0.25667802 0.25666667 0.25666667 0.25666667 0.25666667 0.2578449 0.28332895 0.28333332 -1.8180854e-17 -1.8503717e-17 -1.8503717e-17 -1.8503717e-17 -3.6474695e-17 -0.018111917 -0.27666667 -0.27666667 -0.27666667 -0.27666667 -0.27666667 -0.20306005 -0.076667805 -0.076666667 -0.076666667 -0.076666667 0.23666666 0.16333333 0.16333333 0.16333333 0.16333333 0.78 0.77999403 0.55333333 0.55333333 -0.12805099 -0.13666667 -0.13666667 -0.13666667 0.73666667 0.73666667 1.0944534 1.16 1.16 1.2333333 1.2333333 1.2333333 1.2350132 1.39 1.39
-0.18666667 -0.18666667 -0.18666667 0.22930818 0.69666667 0.69666667 0.25666667 0.25666667 0.25666667 0.25666667 -0.053333333 -0.053333333 -0.053333333 -4.3571587e-17 -1.8503717e-17 -1.8503717e-17 -1.9701003e-17 -2.2034142e-06 0.056666667 0.056666667 -0.27666653 -0.27666667 -0.2683891 0.063333333 0.062072978 -0.076666667 -0.076666667 -0.076666667 -0.076666667 0.1633089 0.16333333 0.16333333 0.16333333 0.16333333 0.55333413 0.55333333 0.55333333 0.55333333 0.55085421 -0.13666667 -0.13666667 -0.13666667 0.73666667 0.73666667 0.73666667 1.16 1.16 1.2333333 1.2333333 1.2333333 1.39 1.39 1.39
-0.18666667 -0.18666667 -0.18666667 0.69666667 0.69666667 0.69666667 0.69666599 0.25666667 0.25666667 -0.053013324 -0.053333333 -0.053333333 -0.053333333 -0.053300104 -0.010792299 -0.013333333 -0.013333333 -0.013333333 0.056666667 0.056666667 0.056666667 0.063333333 0.063333333 0.063333333 0.063475265 0.26252572 -0.076666667 -0.076666667 -0.076666665 -0.10779247 -0.1633012 -0.16333333 -0.16333333 -0.16333333 0.17453078 -0.3566646 -0.35666667 -0.35666667 -0.35666667 0.4532526 0.45333333 0.45333333 0.73666667 0.73666667 1.0899985 1.09 1.1733333 1.1733333 1.29 1.29 1.29 1.39 1.0070094
-0.18666487 -0.18666667 -0.18666663 0.69666667 0.69666667 0.69666667 0.69666666 0.43666661 0.25738638 -0.053151978 -0.053333333 -0.053333333 -0.053333333 -0.053254842 -0.013333333 -0.013333333 -0.013333333 -0.013333313 0.056666667 0.056666667 0.056666667 0.063333333 0.063333333 0.063333333 0.57 0.57 0.42333334 0.42333333 0.42333333 0.42013288 -0.16333333 -0.16333333 -0.16333333 -0.16333333 -0.25994694 -0.35666667 -0.35666667 -0.35666667 -0.35666667 0.45333333 0.45333333 0.45333333 0.4733653 1.09 1.09 1.09 1.1733333 1.1733333 1.29 1.29 1.29 1.0066667 1.0066667
0.39333333 0.11931544 -0.16666667 -0.1664162 0.69666667 0.43817102 0.43666667 0.43666667 0.64679168 0.14666669 0.14666667 0.14666667 0.14666667 0.3799924 0.38 -0.013333031 -0.013333333 -0.011488936 0.056666667 0.056666667 0.056666667 0.073333333 0.073333333 0.073333333 0.57 0.57 0.42333333 0.42333333 0.42333333 0.42333287 -0.21999964 -0.21999984 -0.16475756 -0.16339408 -0.49295618 -0.49333333 -0.49333333 -0.49333333 -0.49333333 0.45333333 0.45333333 0.45333333 1.0549429 1.09 1.09 1.0899998 1.1733333 1.1733333 1.1733375 1.29 1.2899648 0.50333333 1.0066667
0.31001583 0.30999992 -0.16666667 -0.16666667 -0.16666667 0.43666667 0.43666667 0.43666667 1.0133333 1.0133333 0.14666667 0.14666667 0.14666667 0.38 0.38 0.38 0.38 0.37996262 0.056666667 0.056666667 0.056666667 0.073333333 0.073333333 0.073333333 0.57 0.57 0.42333333 0.42333333 0.42333333 -0.21274637 -0.22 -0.22 -0.22 -0.22 -0.49319846 -0.49333333 -0.49333333 -0.49333333 -0.49333333 0.15333341 0.15333333 0.15333333 0.15333333 1.0899933 0.21333333 0.21333333 0.21333333 -0.1 -0.1 -0.1 0.50333333 0.50333333 0.50333333
0.31 0.31 -0.16666667 -0.16666667 -0.16666667 0.43349544 0.43666667 1.0133333 1.0133333 1.0133333 0.14677335 0.14666667 0.59608526 0.38000007 0.38 0.38 0.38 0.57666667 0.57666667 0.57666667 -0.32666666 -0.32666637 0.073331385 0.073333333 0.073401645 -0.046666667 -0.046666667 -0.046665546 0.42325738 -0.51660755 -0.51666509 -0.51661487 -0.22050703 -0.22025602 -0.44484506 -0.49333345 -0.49434987 -0.79666667 -0.79666667 0.15333333 0.15333333 0.15333333 0.15333333 0.21333333 0.21333333 0.21333333 0.21333333 -0.1 -0.1 -0.1 0.50333333 0.50333333 0.50333333
0.31 0.31 -0.16666667 -0.16666667 -0.16666667 -0.16666666 0.65249615 1.0133333 1.0133333 1.0133333 1.0131584 0.69666667 0.69666667 0.69666667 0.38186619 0.38 0.57535613 0.57666667 0.57666667 0.57666667 -0.32666667 -0.32666667 -0.32666667 -0.32666667 -0.046666667 -0.046666667 -0.046666667 -0.046666667 -0.046666667 -0.51666667 -0.51666667 -0.51666667 -0.51666667 -0.51666719 -0.76333333 -0.79666667 -0.79666667 -0.79666667 -0.79666667 -0.79666434 -0.21 -0.21 -0.21 -0.18179531 -0.12333333 -0.12333333 -0.12333333 -0.1 -0.10000031 -0.41666667 -0.41666667 0.29671694 0.29666667
0.31 0.31 0.0053765286 -0.16666667 -0.16666667 -0.16666664 1.1630672 1.0138061 1.0133333 1.0133333 0.69666681 0.69666667 0.69666667 0.69666667 0.69666667 0.67069267 0.57666667 0.57666667 0.57666667 0.57666667 -0.32665968 -0.32666667 -0.32666667 -0.32666667 -0.046666667 -0.046666667 -0.046666667 -0.046666667 -0.046666667 -0.14718846 -0.51666667 -0.51666667 -0.51666667 -0.76333333 -0.76333333 -0.76335922 -0.79666667 -0.79666667 -0.87733159 -0.93999998 -0.21 -0.21 -0.21 -0.18333502 -0.12333333 -0.12333333 -0.12333333 -0.14 -0.41321943 -0.41666667 -0.41666667 0.29666667 0.29666667
0.83333333 0.83333333 0.83333333 0.084060822 -0.16494803 1.1633333 1.1633333 1.1633333 1.1633333 1.3566667 1.3566667 0.69666671 0.69666667 0.69666667 0.69666667 0.69665905 0.57666667 0.57666667 0.57666667 0.57666667 0.067518697 -0.32666667 -0.32666667 -0.31567509 0.087099285 -0.046666667 -0.046666667 -0.046666667 -0.016666667 -0.016666667 -0.016666667 -0.016668766 -0.76333333 -0.76333333 -0.76333333 -0.76333333 -0.94 -0.94 -0.94 -0.94 -0.14 -0.14 -0.14 -0.4566603 -0.45666667 -0.45666667 -0.45666656 -0.14 -0.14 -0.41632956 -0.41666667 0.29666489 0.29666667
0.83333333 0.83333333 0.83333333 0.83334231 1 1.0237514 1.1633333 1.1633333 1.1633333 1.3566667 1.3566667 1.3566667 0.52666668 0.52666667 0.52666667 0.52666668 0.57758258 0.57666667 0.57666667 0.57666667 0.56299185 0.09333218 0.093333333 0.093333333 0.093333333 0.093333328 -0.033333333 -0.033333333 -0.016666667 -0.016666667 -0.016666667 -0.016666667 -0.76333323 -0.76333333 -0.76333333 -0.76332112 -0.94 -0.94 -0.94 -0.93956132 -0.14 -0.14 -0.14 -0.45665198 -0.45666667 -0.45666667 -0.45666667 -0.14 -0.14 -0.13999999 -0.056666667 -0.056666667 -0.12333333
0.83333333 0.83333333 0.83333333 0.99999962 1 1 1.1633333 1.1633333 1.1633333 1.3566667 1.3566667 1.3566667 0.52666667 0.52666667 0.52666667 0.56855442 1.0766667 1.0766667 1.0766654 0.57949079 0.093333334 0.093333333 0.093333333 0.093333333 0.093333333 0.09323801 -0.033333333 -0.033333333 -0.033333333 -0.016666667 -0.016666667 -0.01688122 -0.61333333 -0.61333333 -0.61333333 -1.1466667 -1.1466667 -0.84 -0.84 -0.84 -0.20666667 -0.14002091 -0.14000214 -0.42666667 -0.42666667 -0.42780363 -0.45666605 -0.14 -0.14 -0.056666667 -0.056666667 -0.056666667 -0.12333333
0.83333333 0.83333333 0.83333333 1 1 1 1 1.1633333 1.1633333 1.3566667 1.3566667 0.5598547 0.52666667 0.52666667 0.52666667 1.0766667 1.0766667 1.0766667 1.0766667 1.0766667 0.093333333 0.093333333 0.093333333 0.093333333 0.093333333 -0.033332901 -0.033333333 -0.033333333 -0.033333333 -0.35 -0.35 -0.35 -0.61333333 -0.61333333 -0.61333333 -1.1466667 -1.1466667 -0.84 -0.84 -0.20666667 -0.20666667 -0.20666667 -0.42666667 -0.42666667 -0.42666667 -0.42666667 -0.42995256 -0.46666667 -0.46666667 -0.46666667 -0.056666667 -0.08 -0.08
