interpolatedSpi/03-06|19_3.tif
NCOLS 53
NROWS 52
XLLCORNER -116.03883
YLLCORNER 28.596182
DX 0.49850594
DY 0.49788537
NODATA_VALUE -9999
-0.054 -0.054 -0.18385299 -0.336 -0.512 -0.466 -0.666 -0.888 -1.282912 -1.034 -0.812 -0.764 -0.91196789 -0.522 -0.854 -0.854 -0.854 -0.08 -0.476 -0.476 -0.476 -0.47600957 -1.47 -0.772 -0.772 -0.772 -1.041992 -1.042 -1.042 -1.494 -1.494 -1.494 -1.494 -2.0299999 -2.03 -2.03 -2.03 -2.03 -2.03 -2.03 -0.42924139 -0.41225678 -1.42 -1.42 -1.42 -1.42 -1.4206305 -1.806 -1.806 -1.806 -1.4160008 -1.416 -1.416 
-0.054028614 -0.698 -0.2459995 -0.2851335 -0.51822371 0.044 0.432 -0.51216842 -1.318 -1.176 -0.662 -0.912 -0.912 -0.1751604 -0.52199873 -0.854 -0.08 -0.08 -0.47548367 -0.476 -0.476 -0.476 -0.78852805 -0.772 -0.772 -0.772 -0.69400001 -0.694 -1.494 -1.494 -1.494 -1.494 -1.494 -2.0299999 -2.03 -2.03 -2.03 -2.03 -2.0299998 -1.7411227 -0.36803731 -1.2923479 -1.42 -1.42 -1.42 -1.42 -1.42 -1.806 -1.806 -1.806 -1.7736608 -1.416 -1.416 
-0.05800978 -0.058 0.184 0.212 -0.702 -1.176 -0.772 -0.676 -1.238 -1.144 -0.562 -1.28 -0.642 -0.35 -0.174 -1.218 -0.08 -0.08 -0.08 -0.54198081 -0.542 -0.542 -1.086 -0.772 -0.772 -0.772 -0.694 -0.694 -0.694 -1.494 -1.494 -1.494 -1.5931684 -2.0253222 -2.0095599 0.14587702 0.166 0.166 0.098836873 -0.368 -0.368 -0.36934524 -1.42 -1.42 -1.42 -1.42 -1.42 -1.806 -1.806 -1.806 -1.806 -1.416 -1.416 
0.066 -0.058000124 -0.67210539 -0.03 -0.784 -0.894 -0.66 -1.284 -0.824 -0.11484378 -1.058 -1.29 -1.418 -0.35 -0.862 -1.218 -0.95006576 -0.94739183 -1.47 -0.542 -0.542 -1.004 -1.086 -1.086 -0.772 -0.77199961 -0.694 -0.694 -0.694 -1.434 -1.5799483 -1.7 -1.7 -1.6999985 0.166 0.166 0.166 0.166 -0.368 -0.368 -0.368 -0.36800004 -1.42 -1.42 -1.42 -1.42 -1.42 -1.8059951 -1.806 -1.806 -1.806 -1.415973 -1.416 
0.066 -0.58400016 -0.672 -0.9203909 -0.784 -0.978 -1.1879651 -1.344 -1.2 -1.472 -1.3481831 -1.2879917 -1.23 -0.862 -0.862 -1.0959569 -0.948 -0.948 -1.47 -1.47 -0.54200098 -1.004 -1.406 -1.412 -1.17 -1.1700457 -0.694 -0.694 -1.434 -1.434 -1.7 -1.7 -1.7 -1.6909484 0.166 0.166 0.166 -0.368 -0.368 -0.368 -0.368 -0.36800058 -1.42 -1.42 -1.42 -1.42 -1.42 -1.4234359 -1.806 -1.8059455 -0.59 -0.59 -0.59 
-1.872 -0.764 0.074000002 -0.672 -0.368 -0.6 -1.132 -1.1591421 -1.47 -1.16 -1.408 -1.3 -1.3 -1.994 -1.994 -1.2918976 -1.292 -1.16 -1.16 -1.4699997 -1.528 -1.528 -1.412 -1.17 -1.17 -1.366 -1.516 -1.516 -1.030037 -1.434 -1.7 -1.7 -1.652 -1.6519755 -1.4180167 -1.148 -1.148 -0.60931081 -0.368 -0.368 -0.37399252 -0.374 -0.373999 0.065309058 0.091832893 0.091999597 0.091999948 0.09199942 -0.95771637 -0.59 -0.59 -0.59 -0.59 
-1.5200028 -0.654 -0.7714431 -0.382 -0.03 -1.066 -1.414 -1.518 -1.44 -1.44 -1.408 -1.29 -1.5719998 -1.994 -0.86800337 -0.868 -1.292 -1.002 -1.154 -1.154 -1.5336552 -1.54 -1.54 -1.342 -1.366 -1.366 -1.516 -1.516 -1.0300117 -1.0302146 -0.75546848 -1.652 -1.652 -1.418 -1.418 -1.2547494 -1.148 -1.148 -1.2299972 -0.37400119 -0.374 -0.374 -0.37399426 0.09199884 0.092 0.092 0.092 0.091999353 -0.992 -0.59007967 -0.59 -0.59 -0.59 
-1.52 -1.902 -0.532 -1.396 -0.97202431 -1.626 -1.272 -1.316 -1.366 -0.916 -0.916 -0.912 -1.572 -1.572 -0.87283009 -0.81699761 -0.812 -0.562 -1.176 -1.154 -0.45565645 -0.402 -1.196 -1.172 -1.1720007 -1.228 -0.652 -0.65200031 -1.2292992 -1.23 -0.754 -0.81352037 -1.184 -1.418 -1.4087591 -1.344 -1.344 -1.23 -1.23 -0.374 -0.374 -0.37399999 -0.11736183 -0.11599999 0.092 0.092 0.092 -0.99195874 -0.992 -0.992 -0.59 -0.59 -0.59 
-1.769704 -1.902 -1.128 -0.234 -0.692 -1.336 -1.192 -0.94 -1.134 -0.65872718 -0.66 -0.68 -0.68 -0.162 -0.16199757 -1.3265619 -1.328 -1.328 -0.65572805 -0.37000014 -1.034 -1.034 -0.832 -1.0525536 -1.2223567 -1.228 -0.892 -0.652 -0.82697726 -0.828 -0.71 -0.704 -0.69695075 -1.298 -1.094 -1.148 -1.048 -1.196 -0.65425027 -0.37216985 0.036 -0.302 -0.11603289 -0.116 -0.11482926 0.092 -0.86199995 -0.992 -0.992 -0.992 -0.992 -0.49935858 0.024 
-1.03 -1.03 -1.26 -0.8 -0.55 -1.33 -0.808 -1.022 -0.212 -0.53796641 -0.358 -0.69 -0.162 -0.162 0.096 0.076469197 -1.328 -1.3277457 -0.24 -0.37 -0.37 -0.45554546 -0.832 -1.1199945 -1.12 -1.12 -0.892 -0.24 -0.24 -0.828 -0.828 -0.70397345 -0.69 -1.298 -0.92 -1.148 -1.048 -1.55 -0.654 0.56590333 -0.30199999 -0.30787743 -0.318 -0.116 -0.116 -0.862 -0.862 -0.862 -0.992 -0.992 0.138 0.138 0.13799996 
-1.03 -1.03 -1.304 -1.85 -0.868 -0.49 -0.706 -0.73417449 -1.038 -0.878 -0.364 -0.78 -0.69011903 0.096 0.096 0.095994693 0.05 0.03477944 -0.24 -0.184 -0.184 0.284 0.284 -1.12 -1.12 -1.12 -0.24 -0.24 -0.24 -1.296 -1.296 -1.295999 -0.852 -0.852 -1.62 -0.95 -0.154 -0.85199862 -0.896 0.586 0.586 -0.35799987 -0.318 -0.116 -0.074000258 -0.41 0.0022617261 0.0059999977 0.486 0.486 0.138 0.138 0.138 
-1.03 -1.1484956 -1.5369977 -1.6899869 -0.488 -0.764 -0.706 -0.734 -1.0379975 -0.87977261 -0.78000013 -0.78 0.32 0.096 0.096 0.050000002 0.05 0.049983495 -0.24 -0.184 -0.092094321 0.284 0.284 -1.1199432 -1.12 -0.85833923 -0.324 -0.324 -0.32399999 -1.296 -1.296 -0.334 -0.334 -0.85200211 -1.62 0.13799957 -0.23994945 -0.852 -0.852 0.58599997 -0.358 -0.358 -0.35799794 -0.074 -0.074 -0.41 0.006 0.006 0.486 0.486 0.138 0.138 0.138 
-0.65 -0.39330825 -0.30805675 -0.31799783 -0.48800151 -0.76399348 -0.706 -0.73365534 -1.0170513 -1.033822 0.32 0.32 0.32 0.32 0.096031731 0.05 0.05 0.046255638 -0.24 -0.18377179 0.606 0.606 0.606 0.606 -1.0901348 -0.324 -0.324 -0.324 -0.324 -0.3244995 -0.334 -0.334 -0.334 -0.334 0.138 0.138 0.138 -0.80407639 -0.84014837 0.726 0.726 -0.35794169 0.47398124 -0.073947218 -0.074 -0.41 0.006 0.006 0.486 0.486 0.13926251 0.138 -0.0086786034 
-0.65 -0.308 -0.308 -0.308 -0.308 -0.30800019 -0.70614842 -0.71928801 -0.96116206 0.31854159 0.32 0.32 0.32 0.32 0.32000035 0.050000001 0.049999954 0.030107979 -0.23999322 0.606 0.606 0.606 0.606 0.606 0.60041921 -0.11660118 -0.08000005 -0.08 -0.08 -0.08 -0.33399999 -0.334 -0.33399933 0.222 0.222 0.138 0.61242956 0.626 0.72599994 0.726 0.726 0.726 0.474 0.474 0.474 0.46784817 0.35562336 0.358 0.358 0.358 0.358 0.97399983 0.974 
0.788 -0.308 -0.308 -0.308 -0.308 -0.308 -0.30800003 -0.37721834 0.79861982 0.808 0.808 0.808 0.808 0.808 0.808 0.82358433 0.062257212 0.010289515 0.60589373 0.606 0.606 0.606 0.606 0.60600025 0.348 0.348 0.3479994 -0.08 -0.08 -0.078870623 0.484 0.484 0.222 0.222 0.222 0.56128377 0.626 0.626 0.626 0.726 0.726 0.726 0.474 0.474 0.474 0.474 0.35800001 0.358 0.358 0.358 0.358 0.974 0.974 
0.788 0.37997165 -0.308 -0.308 -0.308 -0.308 0.46184888 0.462 0.46200001 0.808 0.808 0.808 0.808 0.808 0.81152971 0.824 0.824 0.824 0.8193484 0.81999978 0.82 0.82 0.82 0.82 0.348 0.348 0.348 0.348 -0.08 0.484 0.484 0.484 0.22200002 0.222 0.222 1.008 0.62650578 0.626 0.626 0.72601853 0.76309717 0.84962939 0.474 0.474 0.73718528 0.738 0.738 0.35905245 0.99576349 0.99799994 0.99799988 1.5339151 0.97400114 
0.788 0.43183013 0.061413606 -0.308 -0.308 0.46154505 0.462 0.462 0.462 0.46449338 0.808 0.808 0.808 0.808 0.824 0.824 0.824 0.824 0.82000357 0.82 0.82 0.82 0.82 0.82 0.34800001 0.348 0.348 0.348 0.34849468 0.484 0.484 0.484 1.014 0.22209907 1.008 1.008 1.008 1.0088949 0.83582721 0.85 0.85 0.85 1.038 1.038 0.738 0.738 0.738 0.998 0.998 0.998 0.998 1.534 1.534 
0.42252359 0.422 0.422 0.422 0.36 0.46199737 0.462 0.462 0.462 0.462 0.81148244 0.8080006 0.808 0.824 0.824 0.824 0.824 0.824 0.78265292 0.82 0.82 0.82 0.82 0.82 0.85047982 1.2599951 1.26 1.26 1.26 0.48400003 1.014 1.014 1.014 1.014 1.008 1.0080022 1.092 1.092 0.85302173 0.85 0.85 0.85 1.038 1.038 0.78445033 0.738 0.738 0.998 0.998 0.998 1.0037473 1.534 1.534 
0.422 0.422 0.422 0.39280328 0.36 0.36 0.462 0.462 0.462 0.462 0.854 0.854 0.854 0.824 0.824 0.824 0.824 0.82393258 0.174 0.174 0.81999974 0.82 0.81878271 0.77 0.77441126 1.26 1.26 1.26 1.26 1.014025 1.014 1.014 1.014 1.014 1.0919997 1.092 1.092 1.092 1.091174 0.85 0.85 0.85 1.038 1.038 1.038 0.738 0.738 0.998 0.998 0.998 1.534 1.534 1.534 
0.422 0.422 0.422 0.36 0.36 0.36 0.36000016 0.462 0.462 0.85359534 0.854 0.854 0.854 0.8539813 0.49375566 0.416 0.416 0.416 0.174 0.174 0.174 0.77 0.77 0.77 0.77004258 1.0827108 1.26 1.26 1.26 1.2262197 1.267975 1.268 1.268 1.268 1.2741022 1.529999 1.53 1.53 1.53 1.9538489 1.954 1.954 1.038 1.038 1.757997 1.7579999 1.392 1.392 1.492 1.492 1.492 1.534 1.3381752 
0.42200325 0.422 0.422 0.36 0.36 0.36 0.36000001 1.0259998 0.46425509 0.85394378 0.854 0.854 0.854 0.85314052 0.416 0.416 0.416 0.41599993 0.174 0.174 0.174 0.77 0.77 0.77 0.922 0.922 1.192 1.192 1.192 1.1924146 1.268 1.268 1.268 1.268 1.3989281 1.53 1.53 1.53 1.53 1.954 1.954 1.954 1.9478331 1.758 1.758 1.758 1.392 1.392 1.492 1.492 1.492 1.338 1.338 
1.468 0.98127773 0.936 0.93583289 0.36 1.0221465 1.026 1.026 1.0617091 0.79200001 0.792 0.792 0.792 0.65400449 0.654 0.41600018 0.416 0.40962366 0.174 0.174 0.174 0.458 0.458 0.458 0.922 0.922 1.192 1.192 1.192 1.192 1.2060004 1.2060002 1.2664417 1.2679335 1.623593 1.624 1.624 1.624 1.624 1.954 1.954 1.954 1.768792 1.758 1.758 1.7579999 1.392 1.392 1.3920036 1.492 1.4919759 0.952 1.338 
1.1640577 1.164 0.936 0.936 0.936 1.026 1.026 1.026 1.124 1.124 0.792 0.792 0.792 0.654 0.654 0.654 0.654 0.65394583 0.174 0.174 0.17400001 0.458 0.458 0.458 0.922 0.922 1.192 1.192 1.192 1.2058421 1.206 1.206 1.206 1.206 1.6237937 1.624 1.624 1.624 1.624 1.4540001 1.454 1.454 1.454 1.7579943 1.018 1.018 1.018 1.082 1.082 1.082 0.952 0.952 0.952 
1.164 1.164 0.936 0.936 0.936 1.0255269 1.026 1.124 1.124 1.124 0.79204087 0.792 0.93581395 0.65400007 0.654 0.654 0.654 0.724 0.724 0.724 0.442 0.44200001 0.45799992 0.458 0.45835201 0.832 0.832 0.83200086 1.1919418 1.4159581 1.4159989 1.4159633 1.2063589 1.2061812 1.5496882 1.6239997 1.6217279 0.946 0.946 1.454 1.454 1.454 1.454 1.018 1.018 1.018 1.018 1.082 1.082 1.082 0.952 0.952 0.952 
1.164 1.164 0.936 0.936 0.936 0.936 1.0626785 1.124 1.124 1.124 1.1239138 0.968 0.968 0.968 0.65585047 0.654 0.72353354 0.724 0.724 0.724 0.442 0.442 0.442 0.442 0.832 0.832 0.832 0.832 0.832 1.416 1.416 1.416 1.416 1.4159999 1.388 0.946 0.946 0.946 0.946 0.94599881 0.49 0.49 0.49 0.5804667 0.768 0.768 0.768 1.082 1.0820003 1.418 1.418 1.7258117 1.726 
1.164 1.164 1.018292 0.936 0.936 0.93600001 1.4494215 1.1250274 1.124 1.124 0.96800011 0.968 0.968 0.968 0.968 0.94222613 0.724 0.724 0.724 0.724 0.44200218 0.442 0.442 0.442 0.832 0.832 0.832 0.832 0.832 0.80266617 1.416 1.416 1.416 1.388 1.388 1.3876568 0.946 0.946 0.97526448 0.99799999 0.49 0.49 0.49 0.58097022 0.768 0.768 0.768 1.564 1.4198191 1.418 1.418 1.726 1.726 
1.786 1.786 1.786 1.1491184 0.93706533 1.45 1.45 1.45 1.45 1.468 1.468 0.96800004 0.968 0.968 0.968 0.96798456 0.724 0.724 0.724 0.724 0.56505565 0.442 0.442 0.44896133 0.71352157 0.832 0.832 0.832 0.586 0.586 0.586 0.58600348 1.388 1.388 1.388 1.388 0.998 0.998 0.998 0.998 0.834 0.834 0.834 1.2359919 1.236 1.236 1.2359999 1.564 1.564 1.4181779 1.418 1.7259979 1.726 
1.786 1.786 1.786 1.7859934 1.664 1.6328809 1.45 1.45 1.45 1.468 1.468 1.468 1.692 1.692 1.692 1.692 0.72561933 0.724 0.724 0.724 0.7197384 0.70799927 0.708 0.708 0.708 0.70799998 -0.033999993 -0.034 0.586 0.586 0.586 0.586 1.3879998 1.388 1.388 1.3879785 0.998 0.998 0.998 0.99864048 0.834 0.834 0.834 1.2359814 1.236 1.236 1.236 1.564 1.564 1.564 1.304 1.304 1.534 
1.786 1.786 1.786 1.6640003 1.664 1.664 1.4500001 1.45 1.45 1.468 1.468 1.468 1.692 1.692 1.692 1.6856026 1.608 1.608 1.6079977 0.72899306 0.708 0.708 0.708 0.708 0.708 0.70744161 -0.034 -0.034 -0.033999999 0.586 0.586 0.58601674 1.124 1.124 1.124 0.946 0.946 1.144 1.144 1.144 1.336 0.83415746 0.8340049 1.49 1.49 1.4803737 1.2360012 1.564 1.564 1.304 1.304 1.304 1.534 
1.786 1.786 1.786 1.664 1.664 1.664 1.664 1.45 1.45 1.468 1.468 1.6830432 1.692 1.692 1.692 1.608 1.608 1.608 1.608 1.608 0.708 0.708 0.708 0.708 0.708 -0.033997469 -0.034 -0.034 -0.034 0.612 0.612 0.612 1.124 1.124 1.124 0.946 0.946 1.144 1.144 1.336 1.336 1.336 1.49 1.49 1.49 1.49 1.4775136 1.338 1.338 1.338 1.304 1.372 1.372 
1.786 1.786 1.7858301 1.664 1.664 1.664 1.664 1.7496811 1.754 1.753509 1.468 1.6920104 1.692 1.692 1.6919997 1.608 1.608 1.608 1.608 1.608 1.6018365 0.708 0.708 0.708 0.70797405 -0.033965342 -0.034 -0.034 -0.034 0.612 0.612 0.612 0.61207545 1.124 0.946 0.946 0.946 0.94600818 1.1440131 1.336 1.336 1.336 1.4899907 1.49 1.49 1.49 1.3379968 1.338 1.338 1.338 1.372 1.372 1.372 
1.414 1.4140007 1.6640553 1.664 1.664 1.664 1.7539808 1.754 1.754 1.754 1.816 1.816 1.816 1.816 1.60896 1.608 1.608 1.608 1.608 1.64 1.64 1.64 0.58200002 0.582 0.582 0.582 0.52883128 -0.034 0.79996584 0.8 0.8 0.8 0.8 0.988 0.988 0.988 0.988 0.988 1.35 1.35 1.35 1.35 1.35 1.0167145 1.016 1.016 1.016 1.338 1.338 1.338 1.3719946 1.372 1.372 
1.414 1.414 1.4165286 1.7159999 1.716 1.716037 1.754 1.754 1.754 1.754 1.816 1.816 1.816 1.816 1.816 1.608 1.608 1.608 1.64 1.64 1.64 1.64 0.582 0.582 0.582 0.582 0.582 0.58186988 0.80005483 0.8 0.8 0.8 0.80002203 1.0095423 0.98802231 0.988 0.988 0.988 1.35 1.35 1.35 1.35 1.35 1.016 1.016 1.016 1.016 1.1665735 1.338 1.3795314 1.38 1.462 1.462 
1.414 1.414 1.7159617 1.716 1.716 1.716 1.7256518 1.754 1.754 1.754 1.816 1.816 1.816 1.816 1.816 1.6081544 1.608 1.6399906 1.64 1.64 1.64 1.64 0.97394296 0.582 0.582 0.582 0.582 0.58225491 0.942 0.942 0.942 0.942 0.942 1.026 1.026 1.026 1.026 1.026 1.336 1.336 1.336 1.336 1.336 1.0164737 1.0160001 1.016 1.0160329 1.0200093 1.38 1.38 1.38 1.4619995 1.462 
1.4140001 1.4728302 1.716 1.716 1.716 1.716 1.716 1.7539838 1.754 1.754 1.816 1.816 1.816 1.816 1.2058599 1.192 1.192 1.6399885 1.64 1.64 1.64 1.64 1.6399998 0.582 0.582 0.582 0.582 0.80200012 0.80200006 0.8317954 0.942 0.942 0.942 1.026 1.026 1.026 1.026 1.0260433 1.336 1.336 1.336 1.336 1.3359986 1.21 1.21 1.21 1.21 1.2100137 1.38 1.38 1.38 1.38 1.418648 
1.474 1.474 1.492647 1.716 1.716 1.716 1.716 1.716 1.753982 1.018 1.018 1.018 1.0198938 1.1920009 1.192 1.192 1.192 1.192 1.6399935 1.5846109 1.1 1.1 1.1 0.96683978 0.55654843 0.42036192 0.30575464 0.802 0.802 0.802 0.802 0.802 0.81022068 1.0898204 1.09 1.09 1.09 1.09 1.3326186 1.318 1.318 1.318 1.318 1.1040003 1.21 1.21 1.21 1.626 1.3800039 1.38 1.38 1.418 1.418 
1.474 1.474 1.298 1.298 1.298 1.7158608 1.716 1.716 1.018 1.018 1.018 1.018 1.018 1.192 1.192 1.192 1.192 1.192 1.1 1.1 1.1 1.1 1.1 0.26400004 0.264 0.264 0.264 0.802 0.802 0.802 0.802 0.802 1.074 1.074 1.09 1.09 1.09 1.2519724 1.252 1.318 1.318 1.318 1.3179999 1.104 1.104 1.104 1.626 1.626 1.626 1.722 1.722 1.418 1.418 
1.474 1.474 1.298 1.298 1.298 1.298 1.2979968 0.708 1.0177081 1.018 1.018 1.018 1.018 1.1898295 1.192 1.192 1.192 1.192 1.1 1.1 1.1 1.1 1.1 0.264 0.264 0.264 0.264 0.2640022 0.802 0.802 0.802 1.0739857 1.074 1.074 1.074 1.09 1.252 1.252 1.252 1.2537366 0.96225043 0.896 0.896 1.104 1.104 1.104 1.626 1.626 1.626 1.722 1.722 1.722 1.1951938 
1.056 1.0560033 1.298 1.298 1.298 1.298 0.708 0.708 0.708 1.018 1.018 1.018 1.018 1.0180541 1.192 1.192 1.192 1.192 1.1000014 1.1 1.1 1.1 0.41126281 0.264 0.264 0.264 0.264 0.53599978 0.536 0.536 0.79915527 1.074 1.074 1.074 1.0739999 0.942 1.252 1.252 1.252 1.252 0.896 0.896 0.896 1.3 1.3 1.3 1.616001 1.626 1.626 1.722 1.722 1.722 1.1720007 
1.056 1.056 1.298 1.298 1.298 0.708 0.708 0.708 0.708 0.98400553 1.018 1.018 1.018 1.0179978 0.35609621 0.356 0.356 0.356 0.27312107 0.474 0.474 0.474 0.474 0.264 0.264 0.264 0.26401794 0.536 0.536 0.536 0.536 1.0739507 0.99975382 0.942 0.942 0.942 1.2502818 0.79200958 0.792 0.792 0.8960329 0.938 0.938 1.3 1.3 1.3000013 1.616 1.616 1.346 1.346 1.346 1.51 1.406 
1.056 1.056 0.55 0.55 0.55 0.708 0.708 0.708 0.708 0.574 0.574 0.574 0.574 0.55863703 0.356 0.356 0.356 0.356 0.266 0.474 0.474 0.474 0.474 -0.172 -0.17199983 0.26399936 0.536 0.536 0.536 0.536 0.62307934 0.708 0.91415721 0.942 0.942 0.942 0.792 0.792 0.792 0.792 0.938 0.938 0.938 1.4458398 1.446 1.6152359 1.616 1.616 1.346001 1.346 1.51 1.51 1.406 
1.056 0.55 0.55 0.55 0.55 0.55 0.70627664 0.486 0.486 0.574 0.574 0.574 0.574 0.57394837 0.356 0.356 0.356 0.35193351 0.266 0.266 0.474 0.474 -0.172 -0.172 -0.172 -0.172 0.536 0.536 0.536 0.536 0.708 0.708 0.708 0.94176321 0.942 0.942 0.792 0.792 0.792 0.792 0.938 0.938 0.938 1.446 1.446 1.4460031 1.5 1.5 1.53 1.53 1.51 1.51 1.406 
0.55475197 0.55 0.55 0.55 0.55 0.55 0.486 0.486 0.486 0.53310128 0.574 0.574 0.574 0.5739989 0.356 0.356 0.356 0.266 0.266 0.266 0.47398961 0.47399605 -0.172 -0.172 -0.172 -0.172 0.53594967 0.536 0.536 0.70796044 0.708 0.708 0.708 0.708 0.94108976 0.702 0.702 0.70355761 0.792 0.792 0.93799987 0.938 1.4312298 1.446 1.446 1.5 1.5 1.5 1.53 1.53 1.148 1.148 0.86 
0.55 0.55 0.55 0.55 0.55 0.55 0.486 0.486 0.486 0.486 0.57000012 0.57 0.57 0.57 0.35599948 0.18805541 0.094 0.094 0.26568292 0.266 0.26600004 -0.17199906 -0.172 -0.172 -0.172 -0.172 -0.17148524 0.536 0.53600588 0.708 0.708 0.708 0.708 0.708 0.702 0.702 0.702 0.702 0.702 0.70200081 0.912 0.912 0.912 0.926 0.926 0.926 1.232 1.232 0.974 0.974 1.148 1.1479994 0.86 
0.55 0.55 0.55 0.55 0.55 0.55 0.486 0.486 0.486 0.57 0.57 0.57 0.57 0.57 0.44452754 0.094 0.094 0.094 0.094 0.094 0.10221243 -0.172 -0.172 -0.172 -0.172 -0.15579708 0.34319143 0.50985494 0.70715179 0.708 0.708 0.708 0.708 0.70799999 0.702 0.702 0.702 0.702 0.702 0.79969151 0.912 0.912 0.912 0.926 0.926 0.926 1.232 1.232 0.974 0.974 0.30000001 0.82910816 0.86 
0.55 0.55 0.55 0.55 0.55 0.54999998 0.48600001 0.486 0.48948647 0.57 0.57 0.57 0.57 0.57 0.54716811 0.094 0.094 0.094 0.094 0.094 0.094 0.26432634 0.34399928 0.344 0.344 0.344 0.344 0.344 0.35422642 0.35400419 0.35400001 0.354 0.354 0.35400025 0.702 0.702 0.702 0.702 0.702 0.91199998 0.912 0.912 0.912 0.91200001 0.92579479 0.798 1.232 0.35346611 0.97344274 0.3 0.3 0.29792134 0.2 
0.55 0.55 0.55 0.55 0.55 0.54999591 0.48600345 0.48600508 0.56999989 0.57 0.57 0.57 0.57 0.57 0.56094273 0.094 0.094 0.094 0.094 0.094 0.094 0.344 0.344 0.344 0.344 0.344 0.344 0.344 0.35399724 0.354 0.354 0.354 0.354 0.354 0.44935197 0.702 0.702 0.702 0.702 0.912 0.912 0.912 0.912 0.9119708 0.798 0.798 0.79511694 0.338 0.338 0.3 0.3 0.2 0.2 
0.55 0.55 0.55 0.55 0.55 0.54991465 0.48607833 0.56052115 0.57 0.57 0.57 0.57 0.57 0.57 0.5616668 0.094 0.094 0.094 0.094 0.094 0.12959546 0.344 0.344 0.344 0.344 0.344 0.344 0.344 0.35399996 0.354 0.354 0.354 0.354 0.354 0.354 0.53540936 0.27646468 0.13487295 0.1133296 0.87381847 0.91199999 0.912 0.912 0.7980091 0.798 0.79589884 0.44599948 0.338 0.338 0.10202704 0.102 0.102 0.19999995 
0.55 0.55 0.55 0.55 0.54999994 0.5494663 0.49371078 0.5699769 0.57 0.57 0.57 0.57 0.57 0.57 0.55888467 0.094 0.094 0.094 0.094 0.094000001 0.34399892 0.344 0.344 0.344 0.344 0.344 0.344 0.344 0.354 0.354 0.354 0.354 0.354 0.354 0.35399995 0.102 0.102 0.102 0.102 0.318 0.318 0.318 0.318 0.44600102 0.446 0.446 0.446 0.44599757 0.226 0.226 0.102 0.102 -0.034350838 
0.55 0.55 0.55 0.55 0.54999821 0.54830064 0.56434749 0.5699989 0.57 0.57 0.57 0.57 0.57 0.57 0.55384162 0.094000195 0.094 0.094 0.094 0.095504641 0.344 0.344 0.344 0.344 0.344 0.344 0.344 0.344 0.354 0.354 0.354 0.354 0.354 0.354 0.10200023 0.102 0.102 0.102 0.102 0.318 0.318 0.318 0.318 0.35254665 0.446 0.446 0.446 0.22600246 0.226 0.226 -0.094 -0.094 -0.094 
0.55 0.55 0.55 0.54999985 0.54998269 0.54742962 0.56970056 0.56999973 0.57 0.57 0.57 0.57 0.57 0.56999997 0.54701024 0.094011194 0.094 0.094 0.094000287 0.3389346 0.344 0.344 0.344 0.344 0.344 0.344 0.344 0.344 0.35399999 0.354 0.354 0.354 0.354 -0.066191909 0.1019999 0.102 0.102 0.102 0.102 0.318 0.318 0.318 0.318 0.318 0.446 0.446 0.446 0.226 0.226 0.226 -0.094 -0.094 -0.094 
0.55 0.55 0.54999994 0.5499983 0.54991786 0.55787359 0.56994925 0.56999983 0.57 0.57 0.57 0.57 0.57 0.56999911 0.53888828 0.09417384 0.09400001 0.094000009 0.095294371 0.34397874 0.344 0.344 0.344 0.344 0.344 0.344 0.344 0.34400001 0.35399994 0.354 0.35399959 -0.16953841 -0.22 -0.22 -0.22 0.102 0.102 0.102 0.102 0.318 0.318 0.318 0.318 0.318 0.44599773 0.446 0.44599989 0.22600002 0.226 0.22599983 -0.094 -0.094 -0.094 
