interpolatedSpi/03-05|19_1.tif
NCOLS 53
NROWS 52
XLLCORNER -116.03883
YLLCORNER 28.596182
DX 0.49850594
DY 0.49788537
NODATA_VALUE -9999
-0.4225 -0.4225 -0.4841282 -0.61 -0.7325 -0.8275 -0.9025 -1.245 -1.2863256 -1.01 -0.7 -0.9925 -1.2799469 -0.635 -1.0425 -1.0425 -1.0425 -0.0825 -0.66 -0.66 -0.66 -0.66000785 -1.475 -0.69 -0.69 -0.69 -0.81999764 -0.82 -0.82 -1.2 -1.2 -1.2 -1.2 -1.1675 -1.1675 -1.1675 -1.1675 -1.1675 -1.1675 -1.1675 -0.12868874 -0.11761214 -0.5575 -0.5575 -0.5575 -0.5575 -0.55837384 -1.0925 -1.0925 -1.0925 -1.0075002 -1.0075 -1.0075 
-0.42250733 -0.5875 -0.53249953 -0.47636588 -0.66021214 -0.29 -0.05 -0.92506938 -1.785 -1.36 -1.3 -1.28 -1.28 -0.43317523 -0.63500115 -1.0425 -0.0825 -0.0825 -0.65924702 -0.66 -0.66 -0.66 -0.70394883 -0.69 -0.69 -0.69 -0.52500001 -0.525 -1.2 -1.2 -1.2 -1.2 -1.2 -1.1675 -1.1675 -1.1675 -1.1675 -1.1675 -1.1674999 -0.97104485 -0.017539007 -0.49197525 -0.5575 -0.5575 -0.5575 -0.5575 -0.5575 -1.0925 -1.0925 -1.0925 -1.0854517 -1.0075 -1.0075 
-0.3950076 -0.395 -0.125 0.0625 -0.6025 -1.0575 -0.6875 -0.6675 -1.075 -0.9925 -0.82 -1.235 -0.835 -0.59 -0.4325 -0.8875 -0.0825 -0.0825 -0.0825 -0.66499855 -0.665 -0.665 -0.955 -0.69 -0.69 -0.69 -0.525 -0.525 -0.525 -1.2 -1.2 -1.2 -1.2902625 -1.1650698 -1.15533 0.12801876 0.14 0.14 0.12019065 -0.017499999 -0.0175 -0.018190523 -0.5575 -0.5575 -0.5575 -0.5575 -0.5575 -1.0925 -1.0925 -1.0925 -1.0925 -1.0075 -1.0075 
-0.01 -0.39499999 -0.340072 -0.115 -0.52 -0.66 -0.5525 -1.245 -0.64 -0.24392189 -0.87 -0.96 -0.9775 -0.59 -0.775 -0.8875 -0.87261476 -0.87194648 -1.315 -0.665 -0.665 -1.09 -0.955 -0.955 -0.69 -0.68999918 -0.525 -0.525 -0.525 -0.7525 -1.1009104 -1.3875 -1.3875 -1.3874988 0.14 0.14 0.14 0.14 -0.0175 -0.0175 -0.0175 -0.01750002 -0.5575 -0.5575 -0.5575 -0.5575 -0.5575 -1.0924933 -1.0925 -1.0925 -1.0925 -1.0074691 -1.0075 
-0.01 -0.42749984 -0.34 -0.57058043 -0.52 -0.7225 -0.95247618 -1.0675 -0.935 -1.03 -0.95604903 -0.92000645 -0.965 -0.775 -0.775 -0.85003788 -0.8725 -0.8725 -1.315 -1.315 -0.66500086 -1.09 -1.335 -1.1075 -0.845 -0.84503909 -0.525 -0.525 -0.7525 -0.7525 -1.3875 -1.3875 -1.3875 -1.330928 0.14 0.14 0.14 -0.0175 -0.0175 -0.0175 -0.0175 -0.017530648 -0.5575 -0.5575 -0.5575 -0.5575 -0.5575 -0.56226216 -1.0925 -1.0924538 -0.0625 -0.0625 -0.0625 
-1.665 -0.495 0.335 -0.3575 -0.18 -0.4975 -0.635 -0.69037239 -0.965 -0.64 -1.4425 -1.0325 -1.0325 -1.905 -1.905 -1.1049366 -1.105 -0.8075 -0.8075 -1.3149997 -1.2225 -1.2225 -1.1075 -0.845 -0.845 -1.0125 -1.075 -1.075 -0.98497891 -0.7525 -1.3875 -1.3875 -1.0875 -1.0874812 -0.90751287 -0.855 -0.855 -0.27659974 -0.0175 -0.0175 -0.33460401 -0.335 -0.33499916 0.16943697 0.18241821 0.1824998 0.18249997 0.18249972 -0.24529114 -0.0625 -0.0625 -0.0625 -0.0625 
-0.70750762 -0.19 -0.50487222 -0.4225 -0.1025 -0.695 -1.05 -1.1975 -1.07 -1.07 -1.4425 -1.2225 -1.4724998 -1.905 -0.84250318 -0.8425 -1.105 -0.985 -1.0225 -1.0225 -1.178908 -1.13 -1.13 -0.98 -1.0125 -1.0125 -1.075 -1.075 -0.98500117 -0.98502146 -0.79564819 -1.0875 -1.0875 -0.9075 -0.9075 -0.8059824 -0.855 -0.855 -0.98499549 -0.3350009 -0.335 -0.335 -0.33499444 0.18250028 0.1825 0.1825 0.1825 0.18249974 -0.2475 -0.062536662 -0.0625 -0.0625 -0.0625 
-0.7075 -1.505 -0.4525 -0.8975 -0.4300268 -1.02 -0.835 -0.92999999 -1.1475 -0.8875 -0.8875 -0.74 -1.4725 -1.4725 -0.84682238 -0.94951394 -0.96 -0.66 -1.1999998 -1.0225 -0.69287258 -0.6275 -0.9225 -0.7075 -0.70750045 -0.7425 -0.93 -0.93000005 -1.0049299 -1.005 -0.795 -0.56899708 -0.7175 -0.9075 -0.90828433 -0.765 -0.765 -0.985 -0.985 -0.335 -0.335 -0.33499999 0.23083483 0.2325 0.1825 0.1825 0.1825 -0.24748363 -0.2475 -0.2475 -0.0625 -0.0625 -0.0625 
-1.4041092 -1.505 -0.6475 0.0775 -0.345 -0.885 -0.7025 -0.4675 -0.4225 -0.26500607 -0.22 -0.5075 -0.5075 -0.41 -0.40999643 -1.2466987 -1.2475 -1.2475 -0.74243183 -0.69000015 -1.3975 -1.3975 -0.9225 -0.9225 -0.73897292 -0.7425 -0.69 -0.93 -1.024448 -1.025 -0.5275 -0.66 -0.72673413 -1.06 -0.935 -0.9175 -0.8975 -1.2225 -0.41787172 -0.33349348 0.0025 0.04 0.23248127 0.2325 0.23221857 0.1825 -0.21499998 -0.2475 -0.2475 -0.2475 -0.2475 -0.028260453 0.2475 
-0.84 -0.84 -0.785 -0.3175 -0.52 -1.2125 -0.505 -0.71 -0.035 -0.2249611 0.08 -0.5525 -0.41 -0.41 -0.03 -0.046698563 -1.2475 -1.2472264 -0.055 -0.69 -0.69 -0.78114973 -0.9225 -1.0699972 -1.07 -1.07 -0.69 -0.355 -0.355 -1.025 -1.025 -0.6602513 -0.7925 -1.06 -0.8475 -0.9175 -0.8975 -1.1375 -0.4175 0.58350938 0.039999998 0.068468803 0.1175 0.2325 0.2325 -0.215 -0.215 -0.215 -0.2475 -0.2475 0.2125 0.2125 0.21250001 
-0.84 -0.84 -0.8725 -1.1875 -0.2975 -0.3425 -0.535 -0.50525966 -0.6925 -0.59 -0.0075 -0.435 -0.55234336 -0.03 -0.03 -0.029992213 0.0375 0.032645166 -0.055 -0.52 -0.52 -0.2875 -0.2875 -1.07 -1.07 -1.07 -0.355 -0.355 -0.355 -0.95 -0.95 -0.94999974 -0.76 -0.76 -1.085 -0.6325 -0.26 -0.43749943 -0.57 0.6 0.6 -0.027499523 0.1175 0.2325 0.17749995 0.0925 0.26791122 0.27 0.4625 0.4625 0.2125 0.2125 0.2125 
-0.84 -0.85413202 -1.0069217 -1.2074932 -0.305 -0.255 -0.535 -0.505 -0.69249843 -0.59113558 -0.4350002 -0.435 0.3 -0.029999999 -0.03 0.037499998 0.0375 0.037494736 -0.055 -0.52 -0.47434173 -0.2875 -0.2875 -1.069968 -1.07 -0.8464707 -0.39 -0.39 -0.39 -0.95 -0.95 -0.3475 -0.3475 -0.76000089 -1.085 0.26499944 -0.27763852 -0.4375 -0.4375 0.59999998 -0.0275 -0.0275 -0.027498495 0.1775 0.1775 0.0925 0.27 0.27 0.4625 0.4625 0.2125 0.2125 0.2125 
-0.365 -0.13033009 -0.062541549 -0.070785019 -0.30499977 -0.25500118 -0.53499999 -0.50536929 -0.67957933 -0.68982345 0.3 0.3 0.3 0.3 -0.029953253 0.0375 0.0375 0.036305678 -0.055 -0.51976851 0.27 0.27 0.27 0.27 -1.0467613 -0.39 -0.39 -0.39 -0.39 -0.39023193 -0.3475 -0.3475 -0.3475 -0.3475 0.265 0.265 0.265 -0.40354896 -0.42897554 0.6975 0.6975 -0.027461004 0.54998725 0.17753588 0.1775 0.0925 0.27 0.27 0.4625 0.4625 0.21340697 0.2125 0.12011063 
-0.365 -0.0625 -0.0625 -0.0625 -0.0625 -0.062500081 -0.53428325 -0.52082944 -0.64510818 0.29893375 0.3 0.3 0.3 0.3 0.30000027 0.037499999 0.037499985 0.031155131 -0.054997662 0.27 0.27 0.27 0.27 0.27 0.27134846 -0.11995198 -0.047500071 -0.0475 -0.0475 -0.0475 -0.34749999 -0.3475 -0.34749928 0.2525 0.2525 0.265 0.63443285 0.645 0.69749997 0.6975 0.6975 0.6975 0.55 0.55 0.55 0.54681622 0.3618613 0.3625 0.3625 0.3625 0.3625 0.89249986 0.8925 
0.7975 -0.0625 -0.0625 -0.0625 -0.0625 -0.0625 -0.062500029 -0.25499522 0.66549751 0.6725 0.6725 0.6725 0.6725 0.6725 0.6725 0.5768988 0.046021637 0.024833785 0.26995917 0.27 0.27 0.27 0.27 0.27000047 0.3325 0.3325 0.33249947 -0.0475 -0.0475 -0.046388645 0.5075 0.5075 0.2525 0.2525 0.2525 0.58212587 0.645 0.645 0.645 0.6975 0.6975 0.6975 0.55 0.55 0.55 0.55 0.36250001 0.3625 0.3625 0.3625 0.3625 0.8925 0.8925 
0.7975 0.47733177 -0.0625 -0.0625 -0.0625 -0.0625 0.42740383 0.4275 0.42750001 0.6725 0.6725 0.6725 0.6725 0.6725 0.65099082 0.575 0.575 0.575 0.6687819 0.66999959 0.67 0.67 0.67 0.67 0.3325 0.3325 0.3325 0.3325 -0.0475 0.5075 0.5075 0.5075 0.25250002 0.2525 0.2525 0.875 0.64530453 0.645 0.645 0.69752731 0.75209865 0.87945455 0.55 0.55 0.81667448 0.8175 0.8175 0.36348308 0.95791201 0.95999995 0.95999989 1.2249496 0.89250068 
0.7975 0.59314026 0.26642992 -0.0625 -0.0625 0.42721048 0.4275 0.4275 0.4275 0.42926554 0.6725 0.6725 0.6725 0.67249999 0.575 0.575 0.575 0.575 0.66991514 0.67 0.67 0.67 0.67 0.67 0.33250001 0.3325 0.3325 0.3325 0.33313654 0.5075 0.5075 0.5075 0.90999999 0.25257919 0.875 0.875 0.875 0.87545006 0.86512434 0.88 0.88 0.88 1.1025 1.1025 0.8175 0.8175 0.8175 0.96 0.96 0.96 0.96 1.225 1.225 
0.58781749 0.5875 0.5875 0.5875 0.505 0.427502 0.4275 0.4275 0.4275 0.4275 0.67344626 0.67250016 0.6725 0.575 0.575 0.575 0.575 0.575 0.55072545 0.67 0.67 0.67 0.67 0.67 0.69672328 0.9974964 0.9975 0.9975 0.9975 0.50750002 0.90999999 0.91 0.91 0.91 0.875 0.87500112 0.9175 0.9175 0.88046824 0.88 0.88 0.88 1.1025 1.1025 0.86162781 0.8175 0.8175 0.96 0.96 0.96 0.96284149 1.225 1.225 
0.5875 0.5875 0.5875 0.54864952 0.505 0.505 0.4275 0.4275 0.4275 0.4275 0.685 0.685 0.685 0.575 0.575 0.575 0.575 0.57497934 0.0725 0.0725 0.66999976 0.67 0.66482652 0.4575 0.46236138 0.9975 0.9975 0.9975 0.9975 0.91000891 0.91 0.91 0.91 0.91 0.91749985 0.9175 0.9175 0.9175 0.91739111 0.88 0.88 0.88 1.1025 1.1025 1.1025 0.8175 0.8175 0.96 0.96 0.96 1.225 1.225 1.225 
0.5875 0.5875 0.5875 0.505 0.505 0.505 0.50499988 0.4275 0.4275 0.68473419 0.685 0.685 0.685 0.68493146 0.4738222 0.45 0.45 0.45 0.0725 0.0725 0.0725 0.4575 0.4575 0.4575 0.45754552 0.79949207 0.9975 0.9975 0.9975 1.0339839 1.0599852 1.06 1.06 1.06 1.0837794 1.3174991 1.3175 1.3175 1.3175 1.6049008 1.605 1.605 1.1025 1.1025 1.3974988 1.3974999 1.01 1.01 1.14 1.14 1.14 1.225 0.94025482 
0.58750215 0.5875 0.5875 0.505 0.505 0.505 0.505 0.81749989 0.42905937 0.6850272 0.685 0.685 0.685 0.68453887 0.45 0.45 0.45 0.44999989 0.0725 0.0725 0.0725 0.4575 0.4575 0.4575 0.62 0.62 0.8775 0.8775 0.8775 0.87849559 1.06 1.06 1.06 1.06 1.1886793 1.3175 1.3175 1.3175 1.3175 1.605 1.605 1.605 1.5984713 1.3975 1.3975 1.3975 1.01 1.01 1.14 1.14 1.14 0.94000001 0.94 
1.28 0.95691485 0.865 0.86489556 0.505 0.81569189 0.8175 0.8175 0.89493046 0.71500001 0.715 0.715 0.715 0.71749992 0.7175 0.45000021 0.45 0.44005343 0.0725 0.0725 0.0725 0.2775 0.2775 0.2775 0.62 0.62 0.8775 0.8775 0.8775 0.87750007 0.97500054 0.97500024 1.0578637 1.0599089 1.3222002 1.3225 1.3225 1.3225 1.3225 1.605 1.605 1.605 1.4089254 1.3975 1.3975 1.3974999 1.01 1.01 1.0100047 1.14 1.1399765 0.615 0.94 
1.1075328 1.1075 0.865 0.865 0.865 0.8175 0.8175 0.8175 1.03 1.03 0.715 0.715 0.715 0.7175 0.7175 0.7175 0.7175 0.7174274 0.0725 0.0725 0.072500008 0.2775 0.2775 0.2775 0.62 0.62 0.8775 0.8775 0.8775 0.97390068 0.975 0.975 0.975 0.975 1.3223285 1.3225 1.3225 1.3225 1.3225 1.3050001 1.305 1.305 1.305 1.3974964 0.925 0.925 0.925 0.7425 0.7425 0.7425 0.615 0.615 0.615 
1.1075 1.1075 0.865 0.865 0.865 0.81774967 0.8175 1.03 1.03 1.03 0.71503878 0.715 0.99282241 0.71750008 0.7175 0.7175 0.7175 0.675 0.675 0.675 0.3 0.29999998 0.27750011 0.2775 0.2777844 0.595 0.595 0.59500067 0.87745435 0.99249651 0.99249991 0.99249694 0.97502991 0.9750151 1.2606193 1.3224998 1.3207239 0.7925 0.7925 1.305 1.305 1.305 1.305 0.925 0.925 0.925 0.925 0.7425 0.7425 0.7425 0.615 0.615 0.615 
1.1075 1.1075 0.865 0.865 0.865 0.865 0.89703254 1.03 1.03 1.03 1.0300138 1.055 1.055 1.055 0.71948897 0.7175 0.67528321 0.675 0.675 0.675 0.3 0.3 0.3 0.3 0.595 0.595 0.595 0.595 0.595 0.9925 0.9925 0.9925 0.9925 0.99249964 0.82 0.7925 0.7925 0.7925 0.7925 0.79249969 0.6125 0.6125 0.6125 0.6385346 0.6925 0.6925 0.6925 0.7425 0.74250025 1 1 1.1873607 1.1875 
1.1075 1.1075 0.95252547 0.865 0.865 0.86500001 1.3419455 1.0309848 1.03 1.03 1.0550001 1.055 1.055 1.055 1.055 1.0272797 0.675 0.675 0.675 0.675 0.3000029 0.3 0.3 0.3 0.595 0.595 0.595 0.595 0.595 0.52511007 0.9925 0.9925 0.9925 0.82 0.82 0.81997865 0.7925 0.7925 0.6771304 0.58750002 0.6125 0.6125 0.6125 0.63891782 0.6925 0.6925 0.6925 1.01 1.0001246 1 1 1.1875 1.1875 
1.6325 1.6325 1.6325 1.0574333 0.86605655 1.3425 1.3425 1.3425 1.3425 1.39 1.39 1.055 1.055 1.055 1.055 1.0549759 0.675 0.675 0.675 0.675 0.46363784 0.3 0.3 0.30464525 0.48273214 0.595 0.595 0.595 0.36 0.36 0.36 0.36000266 0.82 0.82 0.82 0.82 0.5875 0.5875 0.5875 0.5875 0.6075 0.6075 0.6075 0.89499422 0.895 0.895 0.89499994 1.01 1.01 1.0000122 1 1.1874986 1.1875 
1.6325 1.6325 1.6325 1.6324976 1.5875 1.551873 1.3425 1.3425 1.3425 1.39 1.39 1.39 1.3725 1.3725 1.3725 1.3725 0.67624564 0.675 0.675 0.675 0.66932336 0.47749951 0.4775 0.4775 0.4775 0.47749999 0.1225 0.1225 0.36 0.36 0.36 0.36 0.81999978 0.82 0.82 0.81997516 0.5875 0.5875 0.5875 0.58712712 0.6075 0.6075 0.6075 0.89498667 0.895 0.895 0.895 1.01 1.01 1.01 0.9075 0.9075 1.09 
1.6325 1.6325 1.6325 1.5875001 1.5875 1.5875 1.3425001 1.3425 1.3425 1.39 1.39 1.39 1.3725 1.3725 1.3725 1.3711672 1.355 1.355 1.3549982 0.67884082 0.4775 0.4775 0.4775 0.4775 0.4775 0.47723284 0.1225 0.1225 0.1225 0.36 0.36 0.3599292 0.515 0.515 0.515 0.435 0.435 0.5025 0.5025 0.5025 0.85 0.60757607 0.60750185 0.855 0.855 0.85651595 0.89500009 1.01 1.01 0.9075 0.9075 0.9075 1.09 
1.6325 1.6325 1.6325 1.5875 1.5875 1.5875 1.5875 1.3425 1.3425 1.39 1.39 1.3731997 1.3725 1.3725 1.3725 1.355 1.355 1.355 1.355 1.355 0.4775 0.4775 0.4775 0.4775 0.4775 0.12250121 0.1225 0.1225 0.1225 0.25 0.25 0.25 0.515 0.515 0.515 0.435 0.435 0.5025 0.5025 0.85 0.85 0.85 0.855 0.855 0.855 0.855 0.85849126 0.8975 0.8975 0.8975 0.9075 0.925 0.925 
1.6325 1.6325 1.6324373 1.5875 1.5875 1.5875 1.5875 1.5565596 1.555 1.5547167 1.39 1.372517 1.3725 1.3725 1.3724999 1.355 1.355 1.355 1.355 1.355 1.3574296 0.4775 0.4775 0.4775 0.47748198 0.12251505 0.1225 0.1225 0.1225 0.25 0.25 0.25 0.25004044 0.515 0.435 0.435 0.435 0.43500287 0.5025237 0.85 0.85 0.85 0.8549997 0.855 0.855 0.855 0.89749907 0.8975 0.8975 0.8975 0.925 0.925 0.925 
1.195 1.1950008 1.5875098 1.5875 1.5875 1.5875 1.5550069 1.555 1.555 1.555 1.575 1.575 1.575 1.575 1.3560154 1.355 1.355 1.355 1.355 1.395 1.395 1.395 0.39000001 0.39 0.39 0.39 0.36691131 0.1225 0.51748382 0.5175 0.5175 0.5175 0.5175 0.565 0.565 0.565 0.565 0.565 0.84 0.84 0.84 0.84 0.84 0.80507537 0.805 0.805 0.805 0.8975 0.8975 0.8975 0.92499567 0.925 0.925 
1.195 1.195 1.1978677 1.5375001 1.5375 1.5375171 1.555 1.555 1.555 1.555 1.575 1.575 1.575 1.575 1.575 1.355 1.355 1.355 1.395 1.395 1.395 1.395 0.39 0.39 0.39 0.39 0.39 0.38994352 0.51746428 0.5175 0.5175 0.5175 0.51748565 0.62877643 0.56506604 0.565 0.565 0.565 0.84 0.84 0.84 0.84 0.84 0.805 0.805 0.805 0.805 0.84825481 0.8975 0.97660745 0.9775 0.975 0.975 
1.195 1.195 1.5374566 1.5375 1.5375 1.5375 1.5419449 1.555 1.555 1.555 1.575 1.575 1.575 1.575 1.575 1.3551644 1.355 1.3949883 1.395 1.395 1.395 1.395 0.76230876 0.39 0.39 0.39 0.39 0.39002485 0.425 0.425 0.425 0.425 0.425 0.6775 0.6775 0.6775 0.6775 0.6775 0.8425 0.8425 0.8425 0.8425 0.8425 0.80489623 0.80499998 0.805 0.8049928 0.804158 0.9775 0.9775 0.9775 0.97500001 0.975 
1.1950004 1.4058084 1.5375 1.5375 1.5375 1.5375 1.5375 1.5549925 1.555 1.555 1.575 1.575 1.575 1.575 1.0518831 1.04 1.04 1.3949909 1.395 1.395 1.395 1.395 1.3949998 0.39 0.39 0.39 0.39 0.57999985 0.57999993 0.54701223 0.425 0.425 0.425 0.6775 0.6775 0.6775 0.6775 0.67750169 0.8425 0.8425 0.8425 0.8425 0.84249196 0.7625 0.7625 0.7625 0.7625 0.76251734 0.9775 0.9775 0.9775 0.97749998 0.94544182 
1.41 1.41 1.4065243 1.5375 1.5375 1.5375 1.5375 1.5375 1.5549911 0.95250001 0.9525 0.9525 0.95397732 1.0400008 1.04 1.04 1.04 1.04 1.3949948 1.350381 0.96 0.96 0.96 0.814423 0.37959527 0.32392154 0.27712668 0.58 0.58 0.58 0.58 0.58 0.57686143 0.68123458 0.68 0.68 0.68 0.68 0.82277533 0.73750019 0.7375 0.7375 0.7375 0.68500023 0.76249998 0.7625 0.7625 1.0475 0.97750112 0.9775 0.9775 0.945 0.945 
1.41 1.41 1.2275 1.2275 1.2275 1.5373967 1.5375 1.5375 0.9525 0.9525 0.9525 0.9525 0.9525 1.04 1.04 1.04 1.04 1.04 0.96 0.96 0.96 0.96 0.96 0.26000004 0.26 0.26 0.26 0.58 0.58 0.58 0.58 0.58 0.79 0.79 0.68 0.68 0.68 0.6700017 0.67 0.7375 0.7375 0.7375 0.73749996 0.685 0.685 0.685 1.0475 1.0475 1.0475 1.0725 1.0725 0.945 0.945 
1.41 1.41 1.2275 1.2275 1.2275 1.2275 1.2274973 0.7375 0.95229757 0.9525 0.9525 0.9525 0.9525 1.0389085 1.04 1.04 1.04 1.04 0.96 0.96 0.96 0.96 0.96 0.26 0.26 0.26 0.26 0.26000131 0.58 0.58 0.58 0.78998899 0.79 0.79 0.79 0.68 0.67 0.67 0.67 0.67177605 0.53096292 0.4925 0.4925 0.685 0.685 0.685 1.0475 1.0475 1.0475 1.0725 1.0725 1.0725 0.61441353 
1.0275 1.027503 1.2275 1.2275 1.2275 1.2275 0.7375 0.7375 0.7375 0.9525 0.9525 0.9525 0.9525 0.9525272 1.04 1.04 1.04 1.04 0.96000117 0.96 0.96 0.95999999 0.383304 0.26 0.26 0.26 0.26 0.48499982 0.485 0.485 0.57898824 0.79 0.79 0.79 0.7899998 0.585 0.67 0.67 0.67 0.67 0.4925 0.4925 0.4925 0.795 0.795 0.795 1.0649983 1.0475 1.0475 1.0725 1.0725 1.0725 0.58000046 
1.0275 1.0275 1.2275 1.2275 1.2275 0.7375 0.7375 0.7375 0.7375 0.92892335 0.9525 0.9525 0.9525 0.95249871 0.57505351 0.575 0.575 0.575 0.29687557 0.345 0.345 0.345 0.345 0.26 0.26 0.26 0.26001484 0.485 0.485 0.485 0.485 0.78994861 0.67469343 0.585 0.585 0.585 0.66910379 0.430005 0.43 0.43 0.49252742 0.5275 0.5275 0.795 0.795 0.79500114 1.065 1.065 0.795 0.795 0.795 0.8675 0.745 
1.0275 1.0275 0.5225 0.5225 0.5225 0.7375 0.7375 0.7375 0.7375 0.65 0.65 0.65 0.65 0.64471457 0.575 0.575 0.575 0.575 0.295 0.345 0.345 0.345 0.345 -0.25 -0.2499998 0.25999925 0.485 0.485 0.485 0.485 0.45462349 0.425 0.56596219 0.585 0.585 0.585 0.43 0.43 0.43 0.43 0.5275 0.5275 0.5275 0.91987623 0.92 1.0643482 1.065 1.065 0.79500105 0.795 0.8675 0.8675 0.745 
1.0275 0.5225 0.5225 0.5225 0.5225 0.5225 0.73612209 0.56 0.56 0.65 0.65 0.65 0.65 0.64998224 0.575 0.575 0.575 0.56234871 0.295 0.295 0.345 0.345 -0.25 -0.25 -0.25 -0.25 0.485 0.485 0.485 0.485 0.425 0.425 0.425 0.58483809 0.585 0.585 0.43 0.43 0.43 0.43 0.5275 0.5275 0.5275 0.92 0.92 0.91999986 0.9175 0.9175 0.9975 0.9975 0.8675 0.8675 0.745 
0.52724258 0.5225 0.5225 0.5225 0.5225 0.5225 0.56 0.56 0.56 0.60817176 0.65 0.65 0.65 0.65000079 0.575 0.575 0.575 0.295 0.295 0.295 0.3449975 0.34499637 -0.25 -0.25 -0.25 -0.25 0.48494776 0.485 0.485 0.4250138 0.425 0.425 0.425 0.425 0.58434379 0.3975 0.3975 0.39806247 0.43 0.43 0.52749991 0.5275 0.90858798 0.92 0.92 0.9175 0.9175 0.9175 0.9975 0.9975 0.7375 0.7375 0.455 
0.5225 0.5225 0.5225 0.5225 0.5225 0.5225 0.56 0.56 0.56 0.56 0.70999827 0.71 0.71 0.71 0.57499926 0.37308188 0.26 0.26 0.29493548 0.295 0.29500001 -0.24999914 -0.25 -0.25 -0.25 -0.25 -0.24946561 0.485 0.48499795 0.425 0.425 0.425 0.425 0.425 0.3975 0.3975 0.3975 0.3975 0.3975 0.39750014 0.4075 0.4075 0.40750003 0.505 0.505 0.505 0.635 0.635 0.455 0.455 0.7375 0.73749939 0.455 
0.5225 0.5225 0.5225 0.5225 0.5225 0.5225 0.56 0.56 0.56 0.71 0.71 0.71 0.71 0.71 0.59138108 0.26 0.26 0.26 0.26 0.26 0.26167113 -0.25 -0.25 -0.25 -0.25 -0.23257244 0.30413032 0.46048829 0.42529589 0.425 0.425 0.425 0.425 0.42499994 0.3975 0.3975 0.3975 0.3975 0.3975 0.40215198 0.4075 0.4075 0.4075 0.505 0.505 0.505 0.635 0.635 0.455 0.455 0.060000008 0.43321025 0.455 
0.5225 0.5225 0.5225 0.5225 0.5225 0.52250001 0.55999999 0.56 0.56622584 0.71 0.71 0.71 0.71 0.71 0.68841523 0.26 0.26 0.26 0.26 0.26 0.26 0.22000783 0.30499922 0.305 0.305 0.305 0.305 0.305 0.076045866 0.072504174 0.072500008 0.0725 0.0725 0.072500235 0.3975 0.3975 0.3975 0.3975 0.3975 0.4075 0.4075 0.4075 0.4075 0.40750004 0.50483166 0.4 0.63499998 0.02081244 0.45461009 0.06 0.06 0.06 0.06 
0.5225 0.5225 0.5225 0.5225 0.5225 0.5225024 0.55999798 0.56000908 0.70999981 0.71 0.71 0.71 0.71 0.71 0.70143746 0.26 0.26 0.26 0.26 0.26 0.26 0.305 0.305 0.305 0.305 0.305 0.305 0.305 0.072564181 0.0725 0.0725 0.0725 0.0725 0.0725 0.16154997 0.3975 0.3975 0.3975 0.3975 0.4075 0.4075 0.4075 0.4075 0.40749808 0.4 0.4 0.39755567 0.01 0.01 0.06 0.06 0.06 0.06 
0.5225 0.5225 0.5225 0.5225 0.5225 0.52255001 0.55995971 0.69307348 0.71 0.71 0.71 0.71 0.71 0.71 0.70212198 0.26 0.26 0.26 0.26 0.26 0.26640718 0.305 0.305 0.305 0.305 0.305 0.305 0.305 0.072500932 0.0725 0.0725 0.0725 0.0725 0.0725 0.0725 0.23160407 -0.026262256 -0.16726402 -0.18871909 0.37905669 0.40749999 0.4075 0.4075 0.4000006 0.4 0.39803017 0.069999713 0.01 0.01 0.035041981 0.035 0.035 0.059999987 
0.5225 0.5225 0.5225 0.5225 0.52250004 0.5228128 0.57270584 0.70995875 0.71 0.71 0.71 0.71 0.71 0.71 0.69949181 0.26 0.26 0.26 0.26 0.26 0.30499981 0.305 0.305 0.305 0.305 0.305 0.305 0.305 0.072500064 0.0725 0.0725 0.0725 0.0725 0.0725 0.072499945 -0.2 -0.2 -0.2 -0.2 -0.035 -0.035 -0.035 -0.035 0.070000956 0.07 0.07 0.07 0.070001701 0.2275 0.2275 0.035 0.035 0.011357077 
0.5225 0.5225 0.5225 0.5225 0.52250105 0.52358619 0.69964486 0.70999804 0.71 0.71 0.71 0.71 0.71 0.71 0.69472422 0.26000018 0.26 0.26 0.26 0.26027084 0.305 0.305 0.305 0.305 0.305 0.305 0.305 0.305 0.072500052 0.0725 0.0725 0.0725 0.0725 0.0725 -0.19999975 -0.2 -0.2 -0.2 -0.2 -0.035 -0.035 -0.035 -0.035 -0.0066609514 0.07 0.07 0.07 0.22749824 0.2275 0.2275 0.0025 0.0025 0.0025 
0.5225 0.5225 0.5225 0.52250009 0.52251063 0.53334817 0.70943429 0.70999951 0.71 0.71 0.71 0.71 0.71 0.70999997 0.68826598 0.26001058 0.26 0.26 0.26000005 0.30408823 0.305 0.305 0.305 0.305 0.305 0.305 0.305 0.305 0.072500218 0.0725 0.0725 0.0725 0.0725 -0.10685029 -0.19999999 -0.2 -0.2 -0.2 -0.2 -0.035 -0.035 -0.035 -0.035 -0.035 0.07 0.07 0.07 0.2275 0.2275 0.2275 0.0025 0.0025 0.0025 
0.5225 0.5225 0.52250004 0.52250104 0.52260239 0.62487881 0.70990016 0.7099997 0.71 0.71 0.71 0.71 0.71 0.70999915 0.68058766 0.26016434 0.26000001 0.26 0.26023299 0.30499617 0.305 0.305 0.305 0.305 0.305 0.305 0.305 0.30499986 0.072501457 0.0725 0.072499826 -0.15096152 -0.1725 -0.1725 -0.1725 -0.2 -0.2 -0.2 -0.2 -0.035 -0.035 -0.035 -0.035 -0.035 0.069998139 0.07 0.070000077 0.22749999 0.2275 0.22749988 0.0025 0.0025 0.0025 
