interpolatedSpi/03-08|22_3.tif
NCOLS 53
NROWS 52
XLLCORNER -116.03883
YLLCORNER 28.596182
DX 0.49850594
DY 0.49788537
NODATA_VALUE -9999
[rows 0 to 29 of 52, columns 0 to 52 of 53]
0.38166667 0.38166667 -0.063354695 -0.28666667 0.37 0.22333333 0.34333333 0.30333333 -0.097311284 0.025 0.063333333 0.775 0.45835982 0.78 0.73 0.73 0.73 0.80166667 0.72166667 0.72166667 0.72166667 0.7216589 -0.084999997 0.26166667 0.26166667 0.26166667 0.27832897 0.27833333 0.27833333 0.046666667 0.046666667 0.046666667 0.046666667 0.72499986 0.725 0.725 0.725 0.725 0.725 0.72499999 0.40511328 0.40167118 0.41833333 0.41833333 0.41833333 0.41833333 0.41795494 0.18666667 0.18666667 0.18666667 1.0633315 1.0633333 1.0633333
0.38161905 -0.69 -0.12166629 0.03550886 0.14352527 0.51333333 0.29166667 0.66945137 0.24666667 0.25 0.46 0.45833333 0.45833333 0.80989997 0.77999992 0.73 0.80166667 0.80166667 0.72177098 0.72166667 0.72166667 0.72166667 0.26807085 0.26166667 0.26166667 0.26166667 0.35166666 0.35166667 0.046666667 0.046666667 0.046666667 0.046666667 0.046666667 0.7249999 0.725 0.725 0.725 0.725 0.72500003 0.89627536 1.806578 0.58679611 0.41833333 0.41833333 0.41833333 0.41833333 0.41833333 0.18666667 0.18666667 0.18666667 0.25936071 1.0633333 1.0633333
0.39331941 0.39333333 0.20333333 0.68166667 0.12 -0.175 0.19166667 0.47 -0.18166667 0.47166667 0.31 0.22833333 0.22 0.75833333 0.81 0.23833333 0.80166667 0.80166667 0.80166667 0.28346076 0.28333333 0.28333333 0.38333333 0.26166667 0.26166667 0.26166667 0.35166667 0.35166667 0.35166667 0.046666667 0.046666667 0.046666701 0.39006538 0.72581966 0.72867661 1.1163804 1.12 1.12 1.2063646 1.8066667 1.8066667 1.8048913 0.41833333 0.41833333 0.41833333 0.41833333 0.41833333 0.18666667 0.18666667 0.18666667 0.18666667 1.0633333 1.0633333
-0.055 0.39333334 0.44330806 1.5716667 -0.025 0.375 0.57333333 0.091666667 0.415 0.65865593 0.56166667 0.31166667 0.26833333 0.75833333 -0.38333333 0.23833333 -0.77717053 -0.78388829 -0.80666667 0.28333333 0.28333333 -0.40333333 0.38333333 0.38333333 0.26166667 0.26166712 0.35166667 0.35166667 0.35166667 0.026666667 0.42903033 0.76 0.76 0.76000028 1.12 1.12 1.12 1.12 1.8066667 1.8066667 1.8066667 1.8066666 0.41833333 0.41833333 0.41833333 0.41833333 0.41833333 0.18666959 0.18666667 0.18666667 0.18666667 1.0633252 1.0633333
-0.055 1.0566655 0.44333333 0.47421346 -0.025 0.17666667 0.40501026 0.95166667 0.28333333 0.98666633 0.61689147 0.44158908 -0.1 -0.38333333 -0.38333333 0.016544795 -0.785 -0.785 -0.80666667 -0.80666667 0.28333194 -0.40333333 0.22666667 0.24333333 0.41666667 0.41676488 0.35166667 0.35166667 0.026666667 0.026666667 0.76 0.76 0.76 0.75214298 1.12 1.12 1.12 1.8066667 1.8066667 1.8066667 1.8066667 1.8066409 0.41833335 0.41833333 0.41833333 0.41833333 0.41833333 0.41627121 0.18666667 0.18669484 0.815 0.815 0.815
-1.925 0.19333333 0.30999999 0.41333333 -0.28833333 0.335 0.27666667 0.363086 0.39666667 -0.25166667 -0.87166667 -0.14 -0.13999997 0.021666667 0.021666667 -0.36664413 -0.36666667 -0.34333333 -0.34333333 -0.80666603 -0.61166667 -0.61166667 0.24333333 0.41666667 0.41666667 0.83666667 0.55666667 0.55666667 0.9632476 0.026666667 0.76 0.76 0.71833333 0.71842406 1.5866045 1.6666667 1.6666667 1.7633545 1.8066667 1.8066667 1.5403326 1.54 1.5400021 0.87348756 0.88161546 0.88166654 0.88166665 0.88166649 0.99457109 0.815 0.815 0.815 0.815
-1.1083385 -0.84666667 -0.35786335 -0.385 -0.175 -0.38666667 0.071666671 -0.115 -0.096666667 -0.096666667 -0.87166667 -0.13 -0.7916665 0.021666667 -0.27333245 -0.27333333 -0.36666667 -0.11666667 -0.088333334 -0.088333333 -0.61166667 -0.61166667 -0.61166667 0.655 0.83666667 0.83666667 0.55666667 0.55666667 0.96330361 0.96278614 1.2724659 0.71833333 0.71833333 1.5866667 1.5866667 1.7293003 1.6666667 1.6666667 2.1316505 1.5400008 1.54 1.54 1.5400113 0.88167041 0.88166667 0.88166667 0.88166667 0.88166677 1.0533333 0.81504723 0.815 0.815 0.815
-1.1083333 0.17833333 0.071666667 -1.1516667 -0.94334528 -0.575 -0.48666667 -0.28833333 -0.5 -0.27 -0.27 -0.18 -0.79166667 -0.79166667 -0.27688958 -0.71656839 -0.76 -0.023333333 -0.58166616 -0.088333333 0.14190981 0.24166667 -0.73 0.32333333 0.32332938 0.016666667 0.51833333 0.51833335 0.45512044 0.45333335 1.275 0.47934635 0.87666667 1.5866667 1.5874748 1.7816667 1.7816667 2.1316667 2.1316667 1.54 1.54 1.54 1.5548713 1.5533333 0.88166667 0.88166667 0.88166667 1.0533268 1.0533333 1.0533333 0.815 0.815 0.815
-0.017379713 0.17833333 0.37 -0.55666667 -0.58833333 -0.81333333 -0.27666667 -0.025 0.11 0.059495618 -0.048333333 -0.165 -0.165 0.47333333 0.4733242 -0.83146693 -0.83166667 -0.83166667 -0.10856378 -0.6333334 -0.93333333 -0.93333332 0.72666667 -0.15595161 0.04757057 0.016666667 0.67333333 0.51833333 1.2590041 1.2633333 0.36833333 1.6416667 1.2202748 1.0216667 1.615 1.5666667 2.0616667 1.0883333 2.2411341 1.5439058 2.415 1.8 1.5533651 1.5533333 1.5495528 0.88166667 1.2183333 1.0533333 1.0533333 1.0533333 1.0533333 0.8384489 0.46666667
-1.1116667 -1.1116667 0.4 -0.37666667 -0.83666667 -0.75333333 -0.67833333 -0.80333333 -0.25666667 0.046574042 0.10333333 0.965 0.47333333 0.47333333 -0.49833333 -0.50290515 -0.83166667 -0.8316054 -0.565 -0.63333333 -0.63333333 -0.67198341 0.72666667 0.93499606 0.935 0.935 0.67333333 0.97666667 0.97666667 1.2633333 1.2633333 1.6400798 0.805 1.0216667 1.3766667 1.5666667 2.0616667 1.8583333 2.2416667 1.1021064 1.8 1.7810208 1.7483333 1.5533333 1.5533333 1.2183333 1.2183333 1.2183333 1.0533333 1.0533333 1.0033333 1.0033333 1.0033331
-1.1116667 -1.1116667 -0.23166667 -0.625 -0.91666667 -0.7 -1.015 -0.023572221 -0.12333333 -0.34 -0.11166667 -0.53 0.96300899 -0.49833333 -0.49833333 -0.49833814 -0.54 -0.54131212 -0.565 -0.52 -0.52 -0.77 -0.77 0.935 0.935 0.935 0.97666667 0.97666667 0.97666667 0.15833333 0.15833333 0.1583344 1.13 1.13 0.88 0.71666667 1.7883333 1.2366686 1.655 1.0833333 1.0833333 0.91833606 1.7483333 1.5533333 1.2766667 1.2016667 1.410834 1.4116667 1.4633333 1.4633333 1.0033333 1.0033333 1.0033333
-1.1116667 -0.73175867 -0.39951603 -0.69165652 0.033333333 -1.0483333 -1.015 -0.023333333 -0.1233325 -0.3375996 -0.52999975 -0.53 -0.59833333 -0.49833333 -0.49833333 -0.54 -0.54 -0.54000142 -0.565 -0.52 -0.56909491 -0.77 -0.77 0.93493176 0.935 0.77666674 0.45333333 0.45333333 0.4533334 0.15833333 0.15833333 0.12666667 0.12666667 1.1299993 0.88 1.2733333 1.7364852 1.2366667 1.2366667 1.0833333 0.91833333 0.91833333 0.91833606 1.2766667 1.2766667 1.2016667 1.4116667 1.4116667 1.4633333 1.4633333 1.0033333 1.0033333 1.0033333
0.47166667 0.15359476 0.19163668 0.18527538 0.033327686 -1.0483078 -1.015 -0.035540179 -0.11644231 -0.12899108 -0.59833333 -0.59833333 -0.59833333 -0.59833333 -0.4983475 -0.54 -0.54 -0.54032279 -0.565 -0.5199516 -0.35166667 -0.35166667 -0.35166667 -0.35166667 0.91283115 0.45333333 0.45333333 0.45333333 0.45333333 0.45313636 0.12666667 0.12666667 0.12666667 0.12666667 1.2733333 1.2733333 1.2733333 1.238701 1.2329239 0.73833333 0.73833333 0.91832365 0.9350117 1.2766338 1.2766667 1.2016667 1.4116667 1.4116667 1.4633333 1.4633333 1.0050022 1.0033333 1.1752695
0.47166667 0.19166667 0.19166667 0.19166667 0.19166667 0.19166615 -1.0150852 -0.5457932 -0.098057755 -0.59782716 -0.59833333 -0.59833333 -0.59833333 -0.59833333 -0.59833322 -0.54 -0.54 -0.54171483 -0.56499896 -0.35166667 -0.35166667 -0.35166667 -0.35166667 -0.35166667 -0.33718027 0.38760812 0.36333335 0.36333333 0.36333333 0.36333333 0.12666667 0.12666667 0.12666692 0.33333333 0.33333333 1.2733333 0.86501281 0.85333333 0.7383334 0.73833333 0.73833333 0.73833333 0.935 0.935 0.935 0.93685576 1.2841247 1.2833333 1.2833333 1.2833333 1.2833333 1.2549999 1.255
0.69833333 0.19166667 0.19166667 0.19166667 0.19166667 0.19166667 0.19166659 -0.63202385 -0.43971093 -0.44166667 -0.44166667 -0.44166667 -0.44166667 -0.44166667 -0.44166667 0.19678476 -0.52810009 -0.54342317 -0.35169348 -0.35166667 -0.35166667 -0.35166667 -0.35166667 -0.35166596 0.31833333 0.31833333 0.3183334 0.36333333 0.36333333 0.36272259 0.058333333 0.058333333 0.33333333 0.33333333 0.33333333 0.77003491 0.85333333 0.85333333 0.85333333 0.73833333 0.73833333 0.73833333 0.935 0.935 0.935 0.935 1.2833333 1.2833333 1.2833333 1.2833333 1.2833333 1.255 1.255
0.69833333 0.50970709 0.19166667 0.19166667 0.19166667 0.19166667 -0.25824501 -0.25833333 -0.25833334 -0.44166667 -0.44166667 -0.44166667 -0.44166667 -0.44166667 -0.29790444 0.21 0.21 0.21 0.25647588 0.25833271 0.25833333 0.25833333 0.25833333 0.25833333 0.31833333 0.31833333 0.31833333 0.31833333 0.36333333 0.058333333 0.058333333 0.058333333 0.33333331 0.33333333 0.33333333 0.67 0.85309059 0.85333333 0.85333333 0.73823403 0.53988343 0.076982558 0.935 0.935 0.11088448 0.10833333 0.10833333 1.2809144 -0.18152968 -0.18666654 -0.18666639 0.24181994 1.2549979
0.69833333 0.091741154 0.13262796 0.19166667 0.19166667 -0.25806745 -0.25833333 -0.25833333 -0.25833333 -0.25965449 -0.44166667 -0.44166667 -0.44166667 -0.44166659 0.21 0.21 0.21 0.21 0.25829016 0.25833333 0.25833333 0.25833333 0.25833333 0.25833333 0.31833333 0.31833333 0.31833333 0.31833333 0.31738762 0.058333333 0.058333333 0.058333333 0.125 0.33336255 0.67 0.67 0.67 0.66607464 0.12428049 0.075 0.075 0.075 -0.1 -0.1 0.10833333 0.10833333 0.10833333 -0.18666666 -0.18666667 -0.18666667 -0.18666667 0.24166667 0.24166667
0.075495451 0.075 0.075 0.074999994 -0.48 -0.25833905 -0.25833333 -0.25833333 -0.25833333 -0.25833333 -0.36444425 -0.44165338 -0.44166664 0.21 0.21 0.21 0.21 0.21 0.19253583 0.25833333 0.25833333 0.25833333 0.25833333 0.25833333 0.00036042212 -0.46166244 -0.46166667 -0.46166667 -0.46166667 0.058333337 0.125 0.125 0.125 0.125 0.67 0.66999056 0.31166667 0.31166667 0.077955136 0.075 0.075 0.075 -0.1 -0.1 0.07607616 0.10833333 0.10833333 -0.18666667 -0.18666667 -0.18666667 -0.18207382 0.24166667 0.24166667
0.075 0.075 0.075 -0.18635778 -0.48 -0.48 -0.25833333 -0.25833333 -0.25833333 -0.25833333 0.57833333 0.57833333 0.57833333 0.21 0.21 0.21 0.21 0.20996888 -0.12666667 -0.12666667 0.25833318 0.25833333 0.24685024 -0.21333333 -0.21556897 -0.46166667 -0.46166667 -0.46166667 -0.46166667 0.12494026 0.125 0.125 0.125 0.125 0.31166793 0.31166667 0.31166667 0.31166667 0.31080746 0.075 0.075 0.075 -0.1 -0.1 -0.1 0.10833333 0.10833333 -0.18666666 -0.18666667 -0.18666667 0.24166667 0.24166667 0.24166667
0.075 0.075 0.075 -0.48 -0.48 -0.48 -0.47999966 -0.25833333 -0.25833333 0.57746965 0.57833333 0.57833333 0.57833333 0.57810384 0.057558779 0.021666667 0.021666667 0.021666666 -0.12666667 -0.12666667 -0.12666667 -0.21333333 -0.21333333 -0.21333333 -0.21339776 -0.45205039 -0.46166667 -0.46166667 -0.46166667 -0.27075695 -0.34495377 -0.345 -0.345 -0.345 0.11702812 -0.15499894 -0.155 -0.155 -0.155 -0.54158229 -0.54166667 -0.54166667 -0.1 -0.1 -0.22166616 -0.22166654 0.13833333 0.13833333 -0.035 -0.035 -0.035 0.24166667 0.2533229
0.074999141 0.075 0.07499998 -0.48 -0.48 -0.48 -0.48 -0.90833314 -0.26093229 0.57742807 0.57833333 0.57833333 0.57833333 0.577241 0.021666667 0.021666667 0.021666667 0.021666624 -0.12666667 -0.12666667 -0.12666667 -0.21333333 -0.21333333 -0.21333333 -0.44333333 -0.44333333 -0.625 -0.625 -0.625 -0.62347251 -0.345 -0.345 -0.345 -0.345 -0.2500523 -0.155 -0.155 -0.155 -0.155 -0.54166667 -0.54166667 -0.54166667 -0.53159824 -0.22166667 -0.22166667 -0.22166667 0.13833333 0.13833333 -0.035 -0.035 -0.035 0.25333332 0.25333333
-0.20166667 -0.090831886 -0.63 -0.62995648 -0.48 -0.90585501 -0.90833333 -0.90833333 -0.8652152 -0.42000001 -0.42 -0.42 -0.42 -0.061678331 -0.061666666 0.021666603 0.021666667 0.017758301 -0.12666667 -0.12666667 -0.12666667 -0.73833333 -0.73833333 -0.73833333 -0.44333333 -0.44333333 -0.625 -0.625 -0.625 -0.62500018 -0.87499663 -0.87499851 -0.35832075 -0.3455682 -0.97760706 -0.97833333 -0.97833333 -0.97833333 -0.97833333 -0.54166667 -0.54166667 -0.54166667 -0.23928708 -0.22166667 -0.22166667 -0.22166668 0.13833333 0.13833333 0.13832709 -0.035 -0.034995379 0.068333333 0.25333333
-0.5482675 -0.54833335 -0.63 -0.63 -0.63 -0.90833333 -0.90833333 -0.90833333 -0.79 -0.79 -0.42 -0.42 -0.42 -0.061666667 -0.061666667 -0.061666667 -0.061666667 -0.061673563 -0.12666667 -0.12666667 -0.12666669 -0.73833333 -0.73833333 -0.73833333 -0.44333333 -0.44333333 -0.625 -0.625 -0.625 -0.87218123 -0.875 -0.875 -0.875 -0.875 -0.97828234 -0.97833333 -0.97833333 -0.97833333 -0.97833333 -0.86666658 -0.86666667 -0.86666667 -0.86666667 -0.22166741 -0.31833333 -0.31833333 -0.31833333 0.16833333 0.16833333 0.16833333 0.068333333 0.068333333 0.068333333
-0.54833333 -0.54833333 -0.63 -0.63 -0.63 -0.90687036 -0.90833333 -0.79 -0.79 -0.79 -0.42004555 -0.42 -0.52350246 -0.061666777 -0.061666667 -0.061666667 -0.061666667 -0.47333333 -0.47333333 -0.47333333 -0.85 -0.84999992 -0.73833388 -0.73833333 -0.73836413 -0.93 -0.93 -0.92999927 -0.62504929 -1.1199512 -1.1199987 -1.1199572 -0.87541873 -0.87521143 -0.96008865 -0.97833352 -0.97990841 -1.4483333 -1.4483333 -0.86666667 -0.86666667 -0.86666667 -0.86666667 -0.31833333 -0.31833333 -0.31833333 -0.31833333 0.16833333 0.16833333 0.16833333 0.068333333 0.068333333 0.068333333
-0.54833333 -0.54833333 -0.63 -0.63 -0.63 -0.63 -0.86404462 -0.79 -0.79 -0.79 -0.78986559 -0.54666667 -0.54666667 -0.54666667 -0.064524883 -0.061666667 -0.47059009 -0.47333333 -0.47333333 -0.47333333 -0.85 -0.85 -0.85 -0.85 -0.93 -0.93 -0.93 -0.93 -0.93 -1.12 -1.12 -1.12 -1.12 -1.12 -1.1 -1.4483333 -1.4483333 -1.4483333 -1.4483333 -1.4483305 -0.63666667 -0.63666667 -0.63666667 -0.47396079 -0.13666667 -0.13666667 -0.13666667 0.16833332 0.168333 -0.17666667 -0.17666667 0.11998743 0.12
-0.54833333 -0.54833333 -0.60052407 -0.63 -0.63 -0.63000001 -1.0894676 -0.79094543 -0.79 -0.79 -0.54666669 -0.54666667 -0.54666667 -0.54666667 -0.54666667 -0.50690187 -0.47333333 -0.47333333 -0.47333333 -0.47333333 -0.84999709 -0.85 -0.85 -0.85 -0.93 -0.93 -0.93 -0.93 -0.93 -1.2468542 -1.12 -1.12 -1.12 -1.1 -1.1 -1.1002705 -1.4483333 -1.4483333 -1.0609541 -0.76000006 -0.63666667 -0.63666667 -0.63666667 -0.47755669 -0.13666667 -0.13666667 -0.13666667 -0.70833333 -0.18329118 -0.17666667 -0.17666667 0.12 0.12
-1 -1 -1 -0.72276917 -0.63051937 -1.09 -1.09 -1.09 -1.09 -0.67 -0.67 -0.54666668 -0.54666667 -0.54666667 -0.54666667 -0.54666203 -0.47333333 -0.47333333 -0.47333333 -0.47333333 -0.68563489 -0.85 -0.85 -0.84101482 -0.52551722 -0.93 -0.93 -0.93 -1.2916667 -1.2916667 -1.2916667 -1.2916659 -1.1 -1.1 -1.1 -1.1 -0.76 -0.76 -0.76 -0.76 -0.425 -0.425 -0.425 -0.56833045 -0.56833333 -0.56833333 -0.5683332 -0.70833333 -0.70833333 -0.17731447 -0.17666667 0.11999925 0.12
-1 -1 -1 -0.99999901 -0.98166667 -0.99742011 -1.09 -1.09 -1.09 -0.67 -0.67 -0.67 -0.77666666 -0.77666667 -0.77666667 -0.77666665 -0.47317763 -0.47333333 -0.47333333 -0.47333333 -0.4790262 -0.50666761 -0.50666667 -0.50666667 -0.50666667 -0.50666668 -0.69333334 -0.69333333 -1.2916667 -1.2916667 -1.2916667 -1.2916667 -1.0999999 -1.1 -1.1 -1.0999882 -0.75999999 -0.76 -0.76 -0.75806979 -0.425 -0.425 -0.425 -0.56832669 -0.56833333 -0.56833333 -0.56833333 -0.70833333 -0.70833333 -0.70833324 -0.028333333 -0.028333333 -0.13
-1 -1 -1 -0.98166671 -0.98166667 -0.98166667 -1.09 -1.09 -1.09 -0.67 -0.67 -0.67 -0.77666667 -0.77666667 -0.77666667 -0.74709137 -0.38833333 -0.38833333 -0.38833355 -0.47285323 -0.50666667 -0.50666667 -0.50666667 -0.50666667 -0.50666667 -0.50680714 -0.69333333 -0.69333333 -0.69333333 -1.2916667 -1.2916667 -1.2915626 -0.955 -0.955 -0.955 -0.36166667 -0.36166667 -0.32 -0.32 -0.32 0.093333333 -0.42483741 -0.42499752 -0.093333333 -0.093333333 -0.11133529 -0.56833232 -0.70833333 -0.70833333 -0.028333333 -0.028333333 -0.028333333 -0.13
-1 -1 -1 -0.98166667 -0.98166667 -0.98166667 -0.98166667 -1.09 -1.09 -0.67 -0.67 -0.77240154 -0.77666667 -0.77666667 -0.77666667 -0.38833333 -0.38833333 -0.38833333 -0.38833333 -0.38833333 -0.50666667 -0.50666667 -0.50666667 -0.50666667 -0.50666667 -0.6933327 -0.69333333 -0.69333333 -0.69333333 -1.13 -1.13 -1.13 -0.955 -0.955 -0.955 -0.36166667 -0.36166667 -0.32 -0.32 0.093333333 0.093333333 0.093333333 -0.093333333 -0.093333333 -0.093333333 -0.093333333 -0.058146892 0.335 0.335 0.335 -0.028333322 0.56833333 0.56833333
