interpolatedSpi/03-03|22_1.tif
NCOLS 53
NROWS 52
XLLCORNER -116.03883
YLLCORNER 28.596182
DX 0.49850594
DY 0.49788537
NODATA_VALUE -9999
0.15 0.15 0.75250429 0.27 1.54 0.55 0.61 1.38 1.0024704 0.73 -0.3 -0.38 0.20007823 1.15 1.55 1.55 1.55 1.05 1.04 1.04 1.04 1.0399957 0.59 0.56 0.56 0.56 1.0999887 1.1 1.1 0.86 0.86 0.86 0.86 1.04 1.04 1.04 1.04 1.04 1.04 1.04 -0.31540033 -0.33016241 -0.97 -0.97 -0.97 -0.97 -0.97050634 -1.28 -1.28 -1.28 0.42999645 0.43 0.43 
0.14997734 -0.36 0.10999964 0.26396786 0.56045183 1.59 1.7 1.319933 0.55 -0.14 -0.05 0.2 0.2 0.42243416 1.1499947 1.55 1.05 1.05 1.040013 1.04 1.04 1.04 0.57000105 0.56 0.56 0.56 0.54 0.54 0.86 0.86 0.86 0.86 0.86 1.04 1.04 1.04 1.04 1.04 1.04 0.98570205 0.67004681 -0.77099858 -0.97 -0.97 -0.97 -0.97 -0.97 -1.28 -1.28 -1.28 -1.1382052 0.43 0.43 
0.23000615 0.23 -0.2 0.57 -0.2 0.14 0.76 0.92 -0.12 0.04 -0.28 -0.91 0.6 -0.04 0.42 -0.03 1.05 1.05 1.05 0.59013082 0.59 0.59 0.75 0.56 0.56 0.56 0.54 0.54 0.54 0.86 0.86 0.85999992 0.099387894 1.0387617 1.04121 1.1688087 1.17 1.17 1.1071132 0.67 0.67 0.66790286 -0.97 -0.97 -0.97 -0.97 -0.97 -1.28 -1.28 -1.28 -1.28 0.43 0.43 
-0.81 0.22999967 -1.4199004 1.01 -0.28 -0.12 5.6945581e-67 -0.05 0.64 0.48718854 -0.08 -0.69 -1.1 -0.04 0.12 -0.03 0.2875517 0.2905325 0.48 0.59 0.59 -0.39 0.75 0.75 0.56 0.5599999 0.54 0.54 0.54 -0.27 -0.51690498 -0.72 -0.72 -0.71999852 1.17 1.17 1.17 1.17 0.67 0.67 0.67 0.66999994 -0.97 -0.97 -0.97 -0.97 -0.97 -1.2799961 -1.28 -1.28 -1.28 0.42998465 0.43 
-0.81 0.2699969 -1.42 -0.66919372 -0.28 -0.52 -0.049995352 -0.38 -0.12 -0.75999982 -0.56769507 -0.46995846 -0.18 0.12 0.12 0.024662893 0.29 0.29 0.48 0.48 0.58999806 -0.39 0.33 0.3 -0.05 -0.05009106 0.54 0.54 -0.27 -0.27 -0.72 -0.72 -0.72 -0.6238277 1.17 1.17 1.17 0.67 0.67 0.67 0.67 0.66997973 -0.96999998 -0.97 -0.97 -0.97 -0.97 -0.97275938 -1.28 -1.2799444 -0.04 -0.04 -0.04 
-1.39 -0.57 -0.52 -1.14 -0.79 -0.04 -0.69 -0.65031112 -0.48 -0.67 -1.2 -1.02 -1.0199994 -0.34 -0.34 -0.30979478 -0.31 0.17 0.17 0.4800001 -0.2 -0.2 0.3 -0.05 -0.05 -0.44 -0.62 -0.62 -0.14001329 -0.27 -0.72 -0.72 -0.21 -0.21001985 -0.39998629 -0.13 -0.13 0.42250174 0.67 0.67 0.46026192 0.46 0.45999981 -0.4690029 -0.46005637 -0.46000014 -0.46000002 -0.46000018 0.2307942 -0.04 -0.04 -0.04 -0.04 
-0.15999427 -0.97 -0.38573723 -1.62 -0.87 -0.81 -0.37999999 -0.95 -0.34 -0.34 -1.2 -0.32 -0.82999993 -0.34 0.53999736 0.54 -0.31 0.69 0.59 0.59 -0.36494271 -0.55 -0.55 -0.37 -0.44 -0.44 -0.62 -0.62 -0.14006469 -0.14119094 -0.99079726 -0.21 -0.21 -0.4 -0.4 0.27848003 -0.13 -0.13 0.54997643 0.46000013 0.46 0.46 0.45999647 -0.46000268 -0.46 -0.46 -0.46 -0.45999953 0.33 -0.039926676 -0.04 -0.04 -0.04 
-0.16 0.17 -0.11 -1.25 -0.8400235 -0.63 -0.73 -0.91999999 -0.09 -1.01 -1.01 -0.57 -0.83 -0.83 0.53060053 0.28498805 0.26 0.24 -0.5799988 0.59 -0.6119766 -0.55 -0.63 -0.050000002 -0.05000761 -0.64 -0.54 -0.54000003 -1.2461104 -1.25 -0.99 -0.8427519 -0.96 -0.4 -0.39629224 0.62 0.62 0.55 0.55 0.46 0.46 0.46 -0.93293981 -0.93999998 -0.46 -0.46 -0.46 0.32996993 0.33 0.33 -0.04 -0.04 -0.04 
0.17606862 0.17 0.92 -0.35 -0.77 -0.9 -0.7 0.69 0.06 0.45074443 -0.03 -1.32 -1.32 -0.64 -0.64000348 0.22011148 0.22 0.22 0.11482576 -0.36000019 -1.28 -1.28 -0.63 -0.63 -0.58054358 -0.64 -0.14 -0.54 -0.46046488 -0.46 -0.81 -0.58 -0.70087799 -0.89 -0.27 -0.17 -0.1 -0.68 0.049662915 0.45977681 0.41 0.010000001 -0.93991207 -0.94 -0.9372983 -0.46 -0.28000001 0.32999999 0.33 0.33 0.33 0.030969235 -0.54 
0.21 0.21 0.91 0.06 -0.85 -0.72 -0.4 -0.59 0.25 0.54989626 0.01 1.08 -0.64 -0.64 -1.01 -0.99312999 0.22 0.21998429 0.12 -0.36 -0.36 -0.47852691 -0.63 0.57997709 0.58 0.58 -0.14 -0.77 -0.77 -0.46 -0.46 -0.58045519 -0.82 -0.89 -0.6 -0.17 -0.1 -0.35 0.05 -0.39270691 0.010000018 -0.14060915 -0.4 -0.94 -0.94 -0.28 -0.28 -0.28 0.33 0.33 0.53 0.53 0.5299996 
0.21 0.21 0.2 -0.04 -1.1 -0.68 -1.19 0.049823431 -0.13 0.2 0.31 -0.04 1.0785064 -1.01 -1.01 -1.0098339 0.43 0.41372975 0.12 -0.82 -0.82 -1.25 -1.25 0.58 0.58 0.58 -0.77 -0.77 -0.77 -0.64 -0.64 -0.6400003 -0.44 -0.44 -0.9 -0.47 -0.19 -0.32999677 -0.62 -0.4 -0.4 -0.69999901 -0.4 -0.94 -1.4099989 -0.05 0.13819116 0.14 0.49 0.49 0.53 0.53 0.53 
0.21 0.20560694 0.09758344 -0.21999557 -0.07 -1.33 -1.19 0.05 -0.1299985 0.196344 -0.039999688 -0.04 -0.05 -1.01 -1.01 0.42999995 0.43 0.42998236 0.12 -0.82 -0.90444325 -1.25 -1.25 0.57992609 0.58 -0.084013515 -1.44 -1.44 -1.4399999 -0.64 -0.64 -1.41 -1.41 -0.44000126 -0.9 -0.70999966 -0.15151547 -0.33 -0.33 -0.40000001 -0.7 -0.7 -0.70000509 -1.41 -1.41 -0.05 0.14 0.14 0.49 0.49 0.53 0.53 0.53 
0.13 0.27981796 0.28998793 0.28630541 -0.070006536 -1.3299703 -1.19 0.034736313 -0.11759616 -0.12138282 -0.05 -0.05 -0.05 -0.05 -1.009864 0.43 0.43 0.42599741 0.12 -0.8201908 -1.5 -1.5 -1.5 -1.5 0.54311209 -1.44 -1.44 -1.44 -1.44 -1.4395333 -1.41 -1.41 -1.41 -1.41 -0.71 -0.71 -0.71 -0.34787906 -0.3369097 -1.25 -1.25 -0.70002958 -0.35003629 -1.4098979 -1.41 -0.05 0.14 0.14 0.49 0.49 0.52985488 0.53 1.2779115 
0.13 0.29 0.29 0.29 0.29 0.28999933 -1.1903582 -0.60330149 -0.084503834 -0.050078083 -0.05 -0.05 -0.05 -0.05 -0.050000799 0.42999998 0.42999995 0.40873612 0.11999907 -1.5 -1.5 -1.5 -1.5 -1.5 -1.4965411 -1.4304541 -1.44 -1.44 -1.44 -1.44 -1.41 -1.41 -1.4100002 -1.59 -1.59 -0.71 -1.2349835 -1.25 -1.25 -1.25 -1.25 -1.25 -0.35 -0.35 -0.35 -0.34791227 0.3485942 0.35 0.35 0.35 0.35 0.65999997 0.66 
-0.3 0.29 0.29 0.29 0.29 0.29 0.2899999 -0.95022437 -1.1243156 -1.13 -1.13 -1.13 -1.13 -1.13 -1.13 -1.1690012 0.40458121 0.38755017 -1.4997962 -1.5 -1.5 -1.5 -1.5 -1.4999997 -1.34 -1.34 -1.3400001 -1.44 -1.44 -1.4394994 -1.19 -1.19 -1.59 -1.59 -1.59 -1.3044641 -1.25 -1.25 -1.25 -1.25 -1.25 -1.25 -0.35 -0.35 -0.35 -0.35 0.35 0.35 0.35 0.35 0.35 0.66 0.66 
-0.3 -0.080349703 0.29 0.29 0.29 0.29 -1.0797311 -1.08 -1.08 -1.13 -1.13 -1.13 -1.13 -1.13 -1.1388243 -1.17 -1.17 -1.17 -1.2407916 -1.2400003 -1.24 -1.24 -1.24 -1.24 -1.34 -1.34 -1.34 -1.34 -1.44 -1.19 -1.19 -1.19 -1.59 -1.59 -1.59 -0.76 -1.2493512 -1.25 -1.25 -1.2499446 -1.1393068 -0.88110585 -0.35 -0.35 0.048765576 0.05 0.05 0.35039239 0.58916131 0.58999998 0.58999995 1.3099014 0.66000132 
-0.3 -0.91307989 -0.32737616 0.29 0.29 -1.0791905 -1.08 -1.08 -1.08 -1.0803603 -1.13 -1.13 -1.13 -1.13 -1.17 -1.17 -1.17 -1.17 -1.2399375 -1.24 -1.24 -1.24 -1.24 -1.24 -1.34 -1.34 -1.34 -1.34 -1.3394544 -1.19 -1.19 -1.19 -1.12 -1.5899042 -0.76 -0.76 -0.76 -0.7567387 -0.90340977 -0.88 -0.88 -0.88 0.24 0.24 0.05 0.05 0.05 0.58999999 0.59 0.59 0.59 1.31 1.31 
-0.92957431 -0.93 -0.93 -0.93 -1.05 -1.0799992 -1.08 -1.08 -1.08 -1.08 -1.1496841 -1.1300034 -1.13 -1.17 -1.17 -1.17 -1.17 -1.17 -1.1653871 -1.24 -1.24 -1.24 -1.24 -1.24 -1.4490526 -1.709998 -1.71 -1.71 -1.71 -1.19 -1.12 -1.12 -1.12 -1.12 -0.76 -0.7599921 -0.46 -0.46 -0.87475567 -0.88 -0.88 -0.88 0.24 0.24 0.079418542 0.05 0.05 0.59 0.59 0.59 0.59772027 1.31 1.31 
-0.93 -0.93 -0.93 -0.98650979 -1.05 -1.05 -1.08 -1.08 -1.08 -1.08 -1.39 -1.39 -1.39 -1.17 -1.17 -1.17 -1.17 -1.1699306 -1.01 -1.01 -1.2399999 -1.24 -1.2346439 -1.02 -1.0262118 -1.71 -1.71 -1.71 -1.71 -1.1200601 -1.12 -1.12 -1.12 -1.12 -0.46000105 -0.46 -0.46 -0.46 -0.46151628 -0.88 -0.88 -0.88 0.24 0.24 0.24 0.05 0.05 0.58999999 0.59 0.59 1.31 1.31 1.31 
-0.93 -0.93 -0.93 -1.05 -1.05 -1.05 -1.05 -1.08 -1.08 -1.38968 -1.39 -1.39 -1.39 -1.3898629 -0.83004259 -0.75 -0.75 -0.75 -1.01 -1.01 -1.01 -1.02 -1.02 -1.02 -1.020014 -1.3743044 -1.71 -1.71 -1.71 -1.0441125 -1.0100108 -1.01 -1.01 -1.01 -0.74308031 -1.1399985 -1.14 -1.14 -1.14 -0.020117673 -0.02 -0.02 0.24 0.24 0.34999954 0.34999996 0.24 0.24 0.44 0.44 0.44 1.31 1.4298927 
-0.93000112 -0.93 -0.93 -1.05 -1.05 -1.05 -1.05 -1.3299999 -1.0809996 -1.3899365 -1.39 -1.39 -1.39 -1.3887441 -0.75 -0.75 -0.75 -0.75000007 -1.01 -1.01 -1.01 -1.02 -1.02 -1.02 -1.07 -1.07 -1.11 -1.11 -1.11 -1.1094545 -1.01 -1.01 -1.01 -1.01 -1.0749642 -1.14 -1.14 -1.14 -1.14 -0.02 -0.02 -0.02 -0.0083583844 0.35 0.35 0.35 0.24 0.24 0.44 0.44 0.44 1.43 1.43 
-1.29 -1.1264492 -1.4 -1.3998985 -1.05 -1.3283799 -1.33 -1.33 -1.3190686 -1.32 -1.32 -1.32 -1.32 -0.26003451 -0.26 -0.74999962 -0.75 -0.75685062 -1.01 -1.01 -1.01 -1.18 -1.18 -1.18 -1.07 -1.07 -1.11 -1.11 -1.11 -1.1100002 -1.3699977 -1.369999 -1.0190481 -1.0103859 -0.64042705 -0.64 -0.64 -0.64 -0.64 -0.02 -0.02 -0.02 0.32962653 0.35 0.35 0.34999991 0.24 0.24 0.2400072 0.44 0.44004427 1.43 1.43 
-1.0500456 -1.0500001 -1.4 -1.4 -1.4 -1.33 -1.33 -1.33 -1.3 -1.3 -1.32 -1.32 -1.32 -0.26 -0.26 -0.26 -0.26 -0.26008509 -1.01 -1.01 -1.01 -1.18 -1.18 -1.18 -1.07 -1.07 -1.11 -1.11 -1.11 -1.3670685 -1.37 -1.37 -1.37 -1.37 -0.64036021 -0.64 -0.64 -0.64 -0.64 -0.18999996 -0.19 -0.19 -0.19 0.34999632 -0.13 -0.13 -0.13 1.24 1.24 1.24 1.43 1.43 1.43 
-1.05 -1.05 -1.4 -1.4 -1.4 -1.3303679 -1.33 -1.3 -1.3 -1.3 -1.3199975 -1.32 -0.64995773 -0.26000005 -0.26 -0.26 -0.26 0.0099999995 0.01 0.01 0.099999971 0.099999049 -1.1799938 -1.18 -1.1794593 -0.32 -0.32 -0.32000188 -1.1098723 -1.1200498 -1.1200013 -1.1200436 -1.3695727 -1.3697843 -0.76985279 -0.64 -0.64003351 -0.65 -0.65 -0.19 -0.19 -0.19 -0.19 -0.13 -0.13 -0.13 -0.13 1.24 1.24 1.24 1.43 1.43 1.43 
-1.05 -1.05 -1.4 -1.4 -1.4 -1.4 -1.3187719 -1.3 -1.3 -1.3 -1.2995581 -0.5 -0.5 -0.5 -0.26141438 -0.26 0.0082007867 0.01 0.01 0.01 0.1 0.1 0.1 0.1 -0.32 -0.32 -0.32 -0.32 -0.32 -1.12 -1.12 -1.12 -1.12 -1.1199992 -0.74 -0.65 -0.65 -0.65 -0.65 -0.64999721 0.16 0.16 0.16 0.37802133 0.83 0.83 0.83 1.24 1.2399994 0.58 0.58 0.77016056 0.77 
-1.05 -1.05 -1.2736746 -1.4 -1.4 -1.4 -0.59125991 -1.2977625 -1.3 -1.3 -0.49999998 -0.5 -0.5 -0.5 -0.5 -0.48025211 0.01 0.01 0.01 0.01 0.099999304 0.1 0.1 0.1 -0.32 -0.32 -0.32 -0.32 -0.32 -0.46971835 -1.12 -1.12 -1.12 -0.74 -0.74 -0.73993011 -0.65 -0.65 -0.28419396 -5.5234602e-08 0.16 0.16 0.16 0.37497177 0.83 0.83 0.83 0.76 0.58224278 0.58 0.58 0.77 0.77 
-0.4 -0.4 -0.4 -1.1492725 -1.3987659 -0.59 -0.59 -0.59 -0.59 -0.42 -0.42 -0.49999999 -0.5 -0.5 -0.5 -0.49996766 0.01 0.01 0.01 0.01 0.060726919 0.1 0.1 0.10575749 0.29150152 -0.32 -0.32 -0.32 -0.24 -0.24 -0.24 -0.24000369 -0.74 -0.74 -0.74 -0.74 -2.1008392e-10 -4.3086655e-41 -1.8506652e-75 2.5783357e-25 0.77 0.77 0.77 0.7500004 0.75 0.75 0.75000003 0.76 0.76 0.58021932 0.58 0.7700001 0.77 
-0.4 -0.4 -0.4 -0.40000862 -0.56 -0.56436249 -0.59 -0.59 -0.59 -0.42 -0.42 -0.42 -0.14000002 -0.14 -0.14 -0.14000001 0.0096702718 0.01 0.01 0.01 0.011376731 0.3199994 0.32 0.32 0.32 0.32 0.71999999 0.72 -0.24 -0.24 -0.24 -0.24 -0.73999966 -0.74 -0.74 -0.73996172 8.8303905e-09 1.5184408e-15 5.7242401e-15 0.001316049 0.77 0.77 0.77 0.75000093 0.75 0.75 0.75 0.76 0.76 0.76 0.79 0.79 0.98 
-0.4 -0.4 -0.4 -0.55999963 -0.56 -0.56 -0.58999999 -0.59 -0.59 -0.42 -0.42 -0.42 -0.14 -0.14 -0.14 -0.14228479 -0.17 -0.17 -0.16999954 0.0089833156 0.32 0.32 0.32 0.32 0.32 0.32030102 0.72 0.72 0.72 -0.24 -0.24 -0.23994851 -0.27 -0.27 -0.27 0.38 0.38 0.3 0.3 0.3 0.82 0.77001568 0.77000194 1.03 1.03 1.0193883 0.75000076 0.76 0.76 0.79 0.79 0.79 0.98 
-0.4 -0.4 -0.4 -0.56 -0.56 -0.56 -0.56 -0.59 -0.59 -0.42 -0.42 -0.15119596 -0.14 -0.14 -0.14 -0.17 -0.17 -0.17 -0.17 -0.17 0.32 0.32 0.32 0.32 0.32 0.71999864 0.72 0.72 0.72 -0.16 -0.16 -0.16 -0.27 -0.27 -0.27 0.38 0.38 0.3 0.3 0.82 0.82 0.82 1.03 1.03 1.03 1.03 1.0250712 0.97 0.97 0.97 0.79000001 1.36 1.36 
-0.4 -0.4 -0.40022281 -0.56 -0.56 -0.56 -0.56 -0.65520118 -0.66 -0.65958795 -0.41999999 -0.14000503 -0.14 -0.14 -0.1400001 -0.17 -0.17 -0.17 -0.17 -0.17 0.089809665 0.32 0.32 0.32 0.32003707 0.71998762 0.72 0.72 0.72 -0.16 -0.16 -0.16 -0.1600144 -0.27 0.38 0.38 0.38 0.37999675 0.30003546 0.82 0.82 0.82 1.0299873 1.03 1.03 1.03 0.969999 0.97 0.97 0.97 1.36 1.36 1.36 
-0.42 -0.41999997 -0.55991091 -0.56 -0.56 -0.56 -0.65997872 -0.66 -0.66 -0.66 -0.20000001 -0.2 -0.2 -0.2 -0.17013845 -0.17 -0.17 -0.17 -0.17 0.079999851 0.08 0.08 0.49999997 0.5 0.5 0.5 0.51898883 0.72 0.020028669 0.02 0.02 0.02 0.02 0.44 0.44 0.44 0.44 0.44 1.02 1.02 1.02 1.02 1.02 0.87024119 0.87 0.87 0.87 0.97 0.97 0.97 1.3599386 1.36 1.36 
-0.42 -0.42 -0.42100474 -0.54000004 -0.54 -0.54011699 -0.66 -0.66 -0.66 -0.66 -0.2 -0.2 -0.2 -0.2 -0.2 -0.17 -0.17 -0.17 0.079999937 0.08 0.08 0.08 0.5 0.5 0.5 0.5 0.5 0.50004606 0.01990346 0.019999999 0.02 0.02 0.019961218 0.45700705 0.44001761 0.44 0.44 0.44 1.02 1.02 1.02 1.02 1.02 0.87 0.87 0.87 0.87 0.91676195 0.97 0.65357022 0.65 0.61 0.61 
-0.42 -0.42 -0.5399848 -0.54 -0.54 -0.54 -0.57047949 -0.66 -0.66 -0.66 -0.2 -0.2 -0.2 -0.2 -0.2 -0.17002281 -0.17 0.079926702 0.08 0.08 0.08 0.08 0.34440828 0.5 0.5 0.5 0.5 0.49948304 -0.23 -0.23 -0.23 -0.23 -0.23 0.47 0.47 0.47 0.47 0.47 0.59 0.59 0.59 0.59 0.59 0.86877917 0.86999974 0.87 0.86991525 0.85977018 0.65 0.65 0.65 0.61000022 0.61 
-0.42000046 -0.66512601 -0.54000002 -0.54 -0.54 -0.54 -0.54 -0.65994891 -0.66 -0.66 -0.2 -0.2 -0.2 -0.2 -0.17066634 -0.17 -0.17 0.079993566 0.08 0.08 0.08 0.08 0.080000033 0.5 0.5 0.5 0.5 -0.11000009 -0.11000006 -0.13553892 -0.23 -0.23 -0.23 0.47 0.47 0.47 0.47 0.47 0.59 0.59 0.59 0.59 0.58998238 0.37 0.37 0.37 0.37 0.37002258 0.65 0.65 0.65 0.64999964 0.068100086 
-0.67 -0.67 -0.62078975 -0.54 -0.54 -0.54 -0.54 -0.54 -0.65994762 -0.16000001 -0.16 -0.16 -0.16009493 -0.17000004 -0.17 -0.17 -0.17 -0.17 0.08000024 0.08205145 0.1 0.1 0.1 0.19873906 0.44397454 0.14419291 -0.10871248 -0.11 -0.11 -0.11 -0.11 -0.11 -0.11782624 0.46012339 0.47 0.47 0.47 0.47 0.5467936 0.36000041 0.36 0.36 0.36 0.38999994 0.37000001 0.37 0.37 0.31 0.64999455 0.65 0.65 0.06 0.06 
-0.67 -0.67 -0.5 -0.5 -0.5 -0.53998668 -0.54 -0.54 -0.16 -0.16 -0.16 -0.16 -0.16 -0.17 -0.17 -0.17 -0.17 -0.17 0.1 0.1 0.1 0.1 0.1 -0.19999998 -0.2 -0.2 -0.2 -0.11 -0.11 -0.11 -0.11 -0.11 -0.41 -0.41 0.46999999 0.47 0.47 0.1500545 0.15 0.36 0.36 0.36 0.36 0.39 0.39 0.39 0.31 0.31 0.31 0.05 0.05 0.06 0.06 
-0.67 -0.67 -0.5 -0.5 -0.5 -0.5 -0.49999934 -0.38 -0.16020714 -0.16 -0.16 -0.16 -0.16 -0.16987526 -0.17 -0.17 -0.17 -0.17 0.099999995 0.1 0.1 0.1 0.1 -0.2 -0.2 -0.2 -0.2 -0.19999966 -0.11 -0.11 -0.11 -0.40998427 -0.41 -0.41 -0.41 0.47 0.15 0.15 0.15 0.15552549 0.36 0.36 0.36 0.39 0.39 0.39 0.31 0.31 0.31 0.05 0.05 0.05 -0.0034001447 
-0.64 -0.64000024 -0.5 -0.5 -0.5 -0.5 -0.38 -0.38 -0.38 -0.16 -0.16 -0.16 -0.16 -0.16000311 -0.17 -0.17 -0.17 -0.17 0.09999533 0.1 0.1 0.1 -0.14714357 -0.2 -0.2 -0.2 -0.2 -0.52999973 -0.53 -0.53 -0.11451894 -0.41 -0.41 -0.41 -0.41000009 -0.5 0.15 0.15 0.15 0.15 0.36 0.36 0.36 0.21 0.21 0.21 0.52997857 0.31 0.31 0.050000003 0.05 0.05 -0.0099993034 
-0.64 -0.64 -0.5 -0.5 -0.5 -0.38 -0.38 -0.38 -0.38 -0.18412226 -0.16 -0.16 -0.16 -0.16000235 -0.82992405 -0.83 -0.83 -0.83 0.41615108 0.33 0.33 0.33 0.33 -0.2 -0.2 -0.2 -0.20002177 -0.53 -0.53 -0.53 -0.53 -0.41009576 -0.4606224 -0.5 -0.5 -0.5 0.1483553 -0.28999084 -0.29 -0.29 0.35990601 0.24 0.24 0.21 0.21 0.21000135 0.53 0.53 0.52 0.52 0.52 0.49 0.24 
-0.64 -0.64 -0.59 -0.59 -0.59 -0.38 -0.38 -0.38 -0.38 -0.38 -0.38 -0.38 -0.38 -0.41171255 -0.83 -0.83 -0.83 -0.83 0.42 0.33 0.33 0.33 0.33 -0.55 -0.54999986 -0.20000052 -0.53 -0.53 -0.53 -0.53 -0.8489534 -1.16 -0.57853095 -0.5 -0.5 -0.5 -0.29 -0.29 -0.29 -0.29 0.24 0.24 0.24 0.66986441 0.67 0.53062929 0.53 0.53 0.52000056 0.52 0.49 0.49 0.24 
-0.64 -0.59 -0.59 -0.59 -0.59 -0.59 -0.38225124 -0.67 -0.67 -0.38 -0.38 -0.38 -0.38 -0.38010657 -0.83 -0.83 -0.83 -0.77352103 0.42 0.42 0.33 0.33 -0.55 -0.55 -0.55 -0.55 -0.53 -0.53 -0.53 -0.53 -1.16 -1.16 -1.16 -0.50066787 -0.5 -0.5 -0.29 -0.29 -0.29 -0.29 0.24 0.24 0.24 0.67 0.67 0.67000963 0.84 0.84 0.64 0.64 0.49 0.49 0.24 
-0.59046956 -0.59 -0.59 -0.59 -0.59 -0.59 -0.67 -0.67 -0.67 -0.51477988 -0.38 -0.38 -0.38 -0.38000629 -0.83 -0.83 -0.83 0.42 0.42 0.42 0.3300045 0.32999462 -0.55 -0.55 -0.55 -0.55 -0.53000142 -0.53 -0.53 -1.1598551 -1.16 -1.16 -1.16 -1.16 -0.50171897 -0.59 -0.59 -0.58480798 -0.29 -0.29 0.23999953 0.24 0.65749766 0.67 0.67 0.83999994 0.84 0.84 0.64 0.64 0.72 0.72 0.9 
-0.59 -0.59 -0.59 -0.59 -0.59 -0.59 -0.67 -0.67 -0.67 -0.67 -0.59999366 -0.6 -0.6 -0.6 -0.82999755 -0.32360218 -0.04 -0.04 0.41915199 0.42 0.41999998 -0.54999872 -0.55 -0.55 -0.55 -0.55 -0.54998546 -0.53 -0.53002153 -1.16 -1.16 -1.16 -1.16 -1.16 -0.59 -0.59 -0.59 -0.59 -0.59 -0.58999592 0.7 0.7 0.70000018 1.24 1.24 1.24 1.07 1.07 0.61 0.61 0.72 0.72000039 0.9 
-0.59 -0.59 -0.59 -0.59 -0.59 -0.59 -0.67 -0.67 -0.67 -0.6 -0.6 -0.6 -0.6 -0.6 -0.45238535 -0.04 -0.04 -0.04 -0.04 -0.04 -0.018036514 -0.54999999 -0.55 -0.55 -0.55 -0.5873672 -1.7381353 -0.69476028 -1.1568932 -1.16 -1.16 -1.16 -1.16 -1.1599988 -0.59 -0.59 -0.59 -0.59 -0.59 0.010105002 0.7 0.7 0.7 1.24 1.24 1.24 1.07 1.07 0.61 0.61 0.95999999 0.90330977 0.9 
-0.59 -0.59 -0.59 -0.59 -0.59 -0.59000002 -0.66999998 -0.67 -0.66709461 -0.6 -0.6 -0.6 -0.6 -0.6 -0.57313895 -0.04 -0.04 -0.04 -0.04 -0.04 -0.04 -1.5527267 -1.7399983 -1.74 -1.74 -1.74 -1.74 -1.74 -1.3945571 -1.3899973 -1.39 -1.39 -1.39 -1.3899994 -0.59 -0.59 -0.59 -0.59 -0.59 0.69999985 0.7 0.7 0.7 0.70000024 1.2395671 0.97 1.07 1.217405 0.61053448 0.96 0.96 0.95210108 0.58 
-0.59 -0.59 -0.59 -0.59 -0.59 -0.59000511 -0.66999569 -0.66999576 -0.60000009 -0.6 -0.6 -0.6 -0.6 -0.6 -0.58934439 -0.04 -0.04 -0.04 -0.04 -0.04 -0.040000001 -1.74 -1.74 -1.74 -1.74 -1.74 -1.74 -1.74 -1.3900966 -1.39 -1.39 -1.39 -1.39 -1.39 -1.1708001 -0.59 -0.59 -0.59 -0.59 0.7 0.7 0.7 0.7 0.70006917 0.97 0.97 0.97156688 1.22 1.22 0.96 0.96 0.58 0.58 
-0.59 -0.59 -0.59 -0.59 -0.59 -0.59010669 -0.66990307 -0.60789904 -0.6 -0.6 -0.6 -0.6 -0.6 -0.6 -0.59019624 -0.04 -0.04 -0.04 -0.04 -0.04 -0.28204911 -1.74 -1.74 -1.74 -1.74 -1.74 -1.74 -1.74 -1.3900014 -1.39 -1.39 -1.39 -1.39 -1.39 -1.39 -0.54004739 -0.4623394 -0.41986189 -0.41338038 0.66528952 0.69999999 0.7 0.7 0.96997844 0.97 0.96683633 0.44000373 1.22 1.22 -0.07003271 -0.07 -0.07 0.57999971 
-0.59 -0.59 -0.59 -0.59 -0.59000008 -0.59066714 -0.66338753 -0.60001925 -0.6 -0.6 -0.6 -0.6 -0.6 -0.6 -0.58692314 -0.040000001 -0.04 -0.04 -0.04 -0.040000009 -1.7399927 -1.74 -1.74 -1.74 -1.74 -1.74 -1.74 -1.74 -1.3900001 -1.39 -1.39 -1.39 -1.39 -1.39 -1.3899998 -0.41 -0.41 -0.41 -0.41 0.16 0.16 0.16 0.16 0.44000153 0.44 0.44 0.44 0.43999302 -0.22 -0.22 -0.07 -0.07 -0.26972381 
-0.59 -0.59 -0.59 -0.59000001 -0.59000223 -0.59214009 -0.60466451 -0.60000091 -0.6 -0.6 -0.6 -0.6 -0.6 -0.6 -0.58099014 -0.04000023 -0.04 -0.04 -0.04 -0.050231556 -1.74 -1.74 -1.74 -1.74 -1.74 -1.74 -1.74 -1.74 -1.3900001 -1.39 -1.39 -1.39 -1.39 -1.39 -0.4100009 -0.41 -0.41 -0.41 -0.41 0.16 0.16 0.16 0.16 0.2355708 0.44 0.44 0.44 -0.21999262 -0.22 -0.22 -0.36 -0.36 -0.36 
-0.59 -0.59 -0.59 -0.59000018 -0.59002173 -0.59485425 -0.60024409 -0.60000023 -0.6 -0.6 -0.6 -0.6 -0.6 -0.59999996 -0.57295322 -0.040013169 -0.04 -0.04 -0.040001948 -1.7055553 -1.74 -1.74 -1.74 -1.74 -1.74 -1.74 -1.74 -1.74 -1.3900003 -1.39 -1.39 -1.39 -1.39 -1.1923483 -0.41000022 -0.41 -0.41 -0.41 -0.41 0.16 0.16 0.16 0.16 0.16 0.44 0.44 0.44 -0.21999999 -0.22 -0.22 -0.36 -0.36 -0.36 
-0.59 -0.59000001 -0.59000008 -0.59000213 -0.59011221 -0.59895508 -0.60004067 -0.60000014 -0.6 -0.6 -0.6 -0.6 -0.6 -0.59999895 -0.56339798 -0.040204518 -0.040000012 -0.040000059 -0.048801725 -1.7398554 -1.74 -1.74 -1.74 -1.74 -1.74 -1.74 -1.74 -1.7399998 -1.3900022 -1.39 -1.3899998 -1.1437363 -1.12 -1.12 -1.12 -0.41 -0.41 -0.41 -0.41 0.16 0.16 0.16 0.16 0.16 0.43999504 0.44 0.43999968 -0.21999995 -0.22 -0.22000008 -0.36 -0.36 -0.36 
