interpolatedSpi/03-07|22_3.tif
NCOLS 53
NROWS 52
XLLCORNER -116.03883
YLLCORNER 28.596182
DX 0.49850594
DY 0.49788537
NODATA_VALUE -9999
[rows 0 to 28 of 52, columns 0 to 52 of 53]
0.595 0.595 0.25481909 0.043333333 0.83666667 0.55 0.62333333 0.605 0.25610834 0.12166667 0.34333333 0.76 0.59836751 1.0133333 0.96833333 0.96833333 0.96833333 0.82666667 0.73 0.73 0.73 0.72999053 -0.25333333 0.425 0.425 0.425 0.61499638 0.615 0.615 0.26666667 0.26666667 0.26666667 0.26666667 0.62666659 0.62666667 0.62666667 0.62666667 0.62666667 0.62666667 0.62666666 0.39582099 0.39325431 0.081666667 0.081666667 0.081666667 0.081666667 0.081078664 -0.27833333 -0.27833333 -0.27833333 1.0933305 1.0933333 1.0933333
0.59495261 -0.47166667 0.056666913 0.18336939 0.29688248 0.80666667 0.675 0.76799841 0.37666667 0.39166667 0.55 0.59833333 0.59833333 0.8804446 1.0133313 0.96833333 0.82666667 0.82666667 0.73012604 0.73 0.73 0.73 0.43491332 0.425 0.425 0.425 0.9283333 0.92833333 0.26666667 0.26666667 0.26666667 0.26666667 0.26666667 0.62666661 0.62666667 0.62666667 0.62666667 0.62666667 0.62666671 0.82831543 1.8915682 0.30129533 0.081666667 0.081666667 0.081666667 0.081666667 0.081666667 -0.27833333 -0.27833333 -0.27833333 -0.16459342 1.0933333 1.0933333
0.47498481 0.475 0.27 0.82 0.14666667 -0.12666667 0.195 0.375 -0.13666667 0.47333333 0.57666667 0.24666667 0.415 0.90833333 0.88 0.13 0.82666667 0.82666667 0.82666667 0.45507994 0.455 0.455 0.61333333 0.425 0.425 0.425 0.92833333 0.92833333 0.92833333 0.26666667 0.26666667 0.26666671 0.68388006 0.62818856 0.63173945 1.1666726 1.1716667 1.1716667 1.2622237 1.8916667 1.8916667 1.8893521 0.081666667 0.081666667 0.081666667 0.081666667 0.081666667 -0.27833333 -0.27833333 -0.27833333 -0.27833333 1.0933333 1.0933333
-0.10333333 0.47499994 0.17498213 1.5 -0.21666667 0.25166667 0.37333333 -0.098333333 0.4 0.6290868 0.50666667 0.12166667 0.21166667 0.90833333 -0.33666667 0.13 -0.63410877 -0.63897237 -0.625 0.455 0.455 -0.24666667 0.61333333 0.61333333 0.425 0.42500251 0.92833333 0.92833333 0.92833333 0.34666667 0.77829315 1.1333333 1.1333333 1.1333334 1.1716667 1.1716667 1.1716667 1.1716667 1.8916667 1.8916667 1.8916667 1.8916666 0.081666667 0.081666667 0.081666667 0.081666667 0.081666667 -0.27832879 -0.27833333 -0.27833333 -0.27833333 1.0933184 1.0933333
-0.10333333 0.68499906 0.175 0.063716737 -0.21666667 -0.043333333 0.31000019 0.51166667 0.145 0.88333301 0.51540799 0.34161749 -0.0016666667 -0.33666667 -0.33666667 -0.036518557 -0.64 -0.64 -0.625 -0.625 0.45499859 -0.24666667 0.095 0.47666667 0.76166667 0.76169399 0.92833333 0.92833333 0.34666667 0.34666667 1.1333333 1.1333333 1.1333333 1.0711043 1.1716667 1.1716667 1.1716667 1.8916667 1.8916667 1.8916667 1.8916667 1.8916525 0.08166669 0.081666667 0.081666667 0.081666667 0.081666667 0.078462221 -0.27833333 -0.2782923 0.63666667 0.63666667 0.63666667
-1.8583333 -0.06 0.26333333 0.36 -0.64166667 0.075 0.20666667 0.2457154 0.28666667 -0.27 -0.59666667 -0.061666667 -0.061666627 -0.036666667 -0.036666667 -0.32328102 -0.32333333 -0.16166667 -0.16166667 -0.6249993 -0.29333333 -0.29333333 0.47666667 0.76166667 0.76166667 0.87833333 0.62166667 0.62166667 1.0882653 0.34666667 1.1333333 1.1333333 0.80333333 0.80339463 1.389958 1.52 1.52 1.7766831 1.8916667 1.8916667 1.7451829 1.745 1.7450017 0.81678987 0.82991729 0.8299998 0.82999997 0.82999972 0.82467085 0.63666667 0.63666667 0.63666667 0.63666667
-1.0000089 -0.86833333 -0.64454378 -0.435 -0.26833333 -0.69166667 -0.29499999 -0.495 -0.38333333 -0.38333333 -0.59666667 -0.071666667 -0.5399999 -0.036666667 -0.10666646 -0.10666667 -0.32333333 0.12333333 0.16833333 0.16833333 -0.34438703 -0.40166667 -0.40166667 0.76166667 0.87833333 0.87833333 0.62166667 0.62166667 1.0883019 1.087754 1.4090041 0.80333333 0.80333333 1.39 1.39 1.6144043 1.52 1.52 2.1049797 1.7450005 1.745 1.745 1.745009 0.83000447 0.83 0.83 0.83 0.83000004 0.895 0.63671786 0.63666667 0.63666667 0.63666667
-1 -0.12166667 -0.14833333 -1.2966667 -1.0733461 -0.795 -0.83833333 -0.73666666 -0.79 -0.605 -0.605 -0.155 -0.54 -0.54 -0.10963974 -0.54383001 -0.58666667 0.17666667 -0.5149993 0.16833333 0.30900207 0.42333333 -0.68833333 0.39166666 0.39166254 0.071666667 0.60333333 0.60333334 0.55022557 0.54833335 1.4116667 0.45216474 0.72833333 1.39 1.3977007 1.6933333 1.6933333 2.105 2.105 1.745 1.745 1.745 1.6339102 1.6316666 0.83 0.83 0.83 0.89499753 0.895 0.895 0.63666667 0.63666667 0.63666667
-0.28071512 -0.12166667 0.085 -0.63666667 -0.76333333 -1.0966667 -0.59 -0.48833333 -0.38166667 -0.17832008 -0.15666667 -0.2 -0.2 0.34166667 0.3416582 -0.64151338 -0.64166667 -0.64166667 0.071082688 -0.62166673 -0.92333333 -0.92333332 1.0366667 -0.0085391905 0.10391422 0.071666667 0.855 0.60333333 1.4898185 1.495 0.375 1.7783333 1.360298 1.0466667 1.66 1.5633333 2.1083333 1.1116667 2.1561841 1.748199 2.4616667 1.9766667 1.6316911 1.6316667 1.6271545 0.83 0.80666667 0.895 0.895 0.895 0.895 0.72050167 0.58833333
-1.17 -1.17 0.18166667 -0.55666667 -1.0033333 -1.2133333 -0.89833333 -1.1433333 -0.57666667 -0.12678523 -0.155 0.895 0.34166667 0.34166667 -0.55833333 -0.55947629 -0.64166667 -0.64166686 -0.65833333 -0.62166667 -0.62166667 -0.66053146 1.0366667 0.98333434 0.98333333 0.98333333 0.855 0.93166667 0.93166667 1.495 1.495 1.7767591 0.94833333 1.0466667 1.4066667 1.5633333 2.1083333 1.7216667 2.1566667 1.4483357 1.9766667 1.9050355 1.7816667 1.6316667 1.6316667 0.80666667 0.80666667 0.80666667 0.895 0.895 1.31 1.31 1.3099997
-1.17 -1.17 -0.41166667 -0.85333333 -1.13 -0.725 -1.24 -0.11560934 -0.40666667 -0.51666667 -0.57 -0.75 0.8928092 -0.55833333 -0.55833333 -0.5583266 -0.5 -0.50831008 -0.65833333 -0.40166667 -0.40166667 -0.64666667 -0.64666667 0.98333333 0.98333333 0.98333333 0.93166667 0.93166667 0.93166667 0.47 0.47 0.47000079 1.2633333 1.2633333 0.93833333 0.77166667 1.9866667 1.3550007 1.81 1.4366667 1.4366667 1.1866686 1.7816667 1.6316667 1.3533333 1.2733333 1.6131782 1.6166667 1.9083333 1.9083333 1.31 1.31 1.31
-1.17 -0.84264889 -0.60014159 -0.88499035 -0.18666667 -1.295 -1.24 -0.115 -0.40666423 -0.515448 -0.7499997 -0.75 -0.60833333 -0.55833333 -0.55833333 -0.5 -0.5 -0.50000901 -0.65833333 -0.40166667 -0.44977968 -0.64666667 -0.64666667 0.98326795 0.98333333 0.83376593 0.52833333 0.52833333 0.52833338 0.47 0.47 0.34 0.34 1.2633324 0.93833333 1.5066666 1.8976699 1.355 1.355 1.4366667 1.1866667 1.1866667 1.186668 1.3533333 1.3533333 1.2733333 1.6166667 1.6166667 1.9083333 1.9083333 1.31 1.31 1.31
0.27666667 0.10494937 0.15496294 0.14747271 -0.18667244 -1.2949738 -1.24 -0.12884811 -0.38656785 -0.40953906 -0.60833333 -0.60833333 -0.60833333 -0.60833333 -0.55834042 -0.5 -0.5 -0.50204434 -0.65833333 -0.40166541 -0.39166667 -0.39166667 -0.39166667 -0.39166667 0.95969307 0.52833333 0.52833333 0.52833333 0.52833333 0.52830991 0.34 0.34 0.34 0.34 1.5066667 1.5066667 1.5066667 1.3624023 1.3531724 1.1116667 1.1116667 1.1866626 1.2366707 1.3533221 1.3533333 1.2733333 1.6166667 1.6166667 1.9083333 1.9083333 1.3121707 1.31 1.6723901
0.27666667 0.155 0.155 0.155 0.155 0.1549994 -1.2401406 -0.7077297 -0.33294612 -0.60811885 -0.60833333 -0.60833333 -0.60833333 -0.60833333 -0.60833323 -0.5 -0.50000003 -0.51086059 -0.65833026 -0.39166667 -0.39166667 -0.39166667 -0.39166667 -0.39166667 -0.37793637 0.52363269 0.56666666 0.56666667 0.56666667 0.56666667 0.34 0.34 0.34000037 0.65166667 0.65166667 1.5066667 1.2393139 1.2316667 1.1116667 1.1116667 1.1116667 1.1116667 1.2366667 1.2366667 1.2366667 1.2369218 1.5934138 1.5933333 1.5933333 1.5933333 1.5933333 1.3933333 1.3933333
0.60833333 0.155 0.155 0.155 0.155 0.155 0.15499991 -0.75580948 -0.46568872 -0.46666667 -0.46666667 -0.46666667 -0.46666667 -0.46666667 -0.46666667 0.14076752 -0.489646 -0.52168098 -0.39170014 -0.39166667 -0.39166667 -0.39166667 -0.39166667 -0.391666 0.24333333 0.24333333 0.24333379 0.56666667 0.56666667 0.56596581 0.21666667 0.21666667 0.65166667 0.65166667 0.65166667 1.1387569 1.2316667 1.2316667 1.2316667 1.1116667 1.1116667 1.1116667 1.2366667 1.2366667 1.2366667 1.2366667 1.5933333 1.5933333 1.5933333 1.5933333 1.5933333 1.3933333 1.3933333
0.60833333 0.43956248 0.155 0.155 0.155 0.155 -0.20659568 -0.20666667 -0.20666667 -0.46666667 -0.46666667 -0.46666667 -0.46666667 -0.46666667 -0.32989033 0.15333333 0.15333333 0.15333333 0.17659772 0.17833275 0.17833333 0.17833333 0.17833333 0.17833333 0.24333333 0.24333333 0.24333333 0.24333333 0.56666667 0.21666667 0.21666667 0.21666667 0.65166663 0.65166667 0.65166667 1.0283333 1.2313974 1.2316667 1.2316667 1.1115721 0.9226905 0.48188791 1.2366667 1.2366667 0.44245856 0.44 0.44 1.5907148 0.007228821 0.0016668054 0.0016669684 0.41848081 1.3933314
0.60833333 0.063373602 0.10102176 0.155 0.155 -0.20645298 -0.20666667 -0.20666667 -0.20666667 -0.2085403 -0.46666667 -0.46666667 -0.46666667 -0.46666659 0.15333333 0.15333333 0.15333333 0.15333333 0.178311 0.17833333 0.17833333 0.17833333 0.17833333 0.17833333 0.24333333 0.24333333 0.24333333 0.24333333 0.24323633 0.21666667 0.21666667 0.21666667 0.033333338 0.65169005 1.0283333 1.0283333 1.0283333 1.0234201 0.52758799 0.48 0.48 0.48 0.24333333 0.24333333 0.44 0.44 0.44 0.001666672 0.0016666667 0.0016666667 0.0016666667 0.41833333 0.41833333
0.048847703 0.048333333 0.048333333 0.048333329 -0.37 -0.20667088 -0.20666667 -0.20666667 -0.20666667 -0.20666667 -0.40231461 -0.46665559 -0.46666664 0.15333333 0.15333333 0.15333333 0.15333333 0.15333333 0.13856416 0.17833333 0.17833333 0.17833333 0.17833333 0.17833333 -0.087744949 -0.56666228 -0.56666667 -0.56666667 -0.56666667 0.21666666 0.033333336 0.033333333 0.033333333 0.033333333 1.0283333 1.0283215 0.58 0.58 0.48124865 0.48 0.48 0.48 0.24333333 0.24333333 0.40954923 0.44 0.44 0.0016666667 0.0016666667 0.0016666667 0.0061344167 0.41833333 0.41833333
0.048333333 0.048333333 0.048333333 -0.14866607 -0.37 -0.37 -0.20666667 -0.20666667 -0.20666667 -0.20666667 0.38333333 0.38333333 0.38333333 0.15333333 0.15333333 0.15333333 0.15333333 0.15332424 -0.11166667 -0.11166667 0.17833322 0.17833333 0.1679458 -0.24833333 -0.25119915 -0.56666667 -0.56666667 -0.56666667 -0.56666667 0.033272239 0.033333333 0.033333333 0.033333333 0.033333333 0.58000158 0.58 0.58 0.58 0.57961159 0.48 0.48 0.48 0.24333333 0.24333333 0.24333333 0.44 0.44 0.0016666728 0.0016666667 0.0016666667 0.41833333 0.41833333 0.41833333
0.048333333 0.048333333 0.048333333 -0.37 -0.37 -0.37 -0.36999975 -0.20666667 -0.20666667 0.38272428 0.38333333 0.38333333 0.38333333 0.38319003 0.1088151 0.098333333 0.098333333 0.098333332 -0.11166667 -0.11166667 -0.11166667 -0.24833333 -0.24833333 -0.24833333 -0.24839356 -0.51246582 -0.56666667 -0.56666667 -0.56666667 -0.51451777 -0.62326875 -0.62333333 -0.62333333 -0.62333333 0.31336042 -0.058331884 -0.058333333 -0.058333333 -0.058333333 -0.26323162 -0.26333333 -0.26333333 0.24333333 0.24333333 -0.096665247 -0.096666621 0.033333333 0.033333333 0.015 0.015 0.015 0.41833333 0.060320393
0.04833217 0.048333333 0.048333318 -0.37 -0.37 -0.37 -0.37000001 -0.95999978 -0.20967879 0.38248701 0.38333333 0.38333333 0.38333333 0.38277408 0.098333333 0.098333333 0.098333333 0.098333273 -0.11166667 -0.11166667 -0.11166667 -0.24833333 -0.24833333 -0.24833333 -0.46333333 -0.46333333 -0.67333333 -0.67333333 -0.67333333 -0.67306057 -0.62333333 -0.62333333 -0.62333333 -0.62333333 -0.34098858 -0.058333333 -0.058333333 -0.058333333 -0.058333333 -0.26333333 -0.26333333 -0.26333333 -0.25808936 -0.096666667 -0.096666667 -0.096666667 0.033333333 0.033333333 0.015 0.015 0.015 0.059999998 0.06
-0.32666667 -0.16725255 -0.68 -0.67991006 -0.37 -0.95658628 -0.96 -0.96 -0.92113295 -0.55000001 -0.55 -0.55 -0.55 0.048313856 0.048333334 0.098333295 0.098333333 0.092800142 -0.11166667 -0.11166667 -0.11166667 -0.65333333 -0.65333333 -0.65333333 -0.46333333 -0.46333333 -0.67333333 -0.67333333 -0.67333333 -0.67333347 -0.85666518 -0.85666601 -0.62919782 -0.62358348 -0.83641858 -0.83666667 -0.83666667 -0.83666667 -0.83666667 -0.26333333 -0.26333333 -0.26333333 -0.10584421 -0.096666667 -0.096666667 -0.096666721 0.033333333 0.033333333 0.033332673 0.015 0.014991355 -0.17833333 0.06
-0.48830263 -0.48833337 -0.68 -0.68 -0.68 -0.96 -0.96 -0.96 -0.85333333 -0.85333333 -0.55 -0.55 -0.55 0.048333333 0.048333333 0.048333333 0.048333333 0.048315768 -0.11166667 -0.11166667 -0.11166669 -0.65333333 -0.65333333 -0.65333333 -0.46333333 -0.46333333 -0.67333333 -0.67333333 -0.67333333 -0.85459957 -0.85666667 -0.85666667 -0.85666667 -0.85666667 -0.83667654 -0.83666667 -0.83666667 -0.83666667 -0.83666667 -0.80166653 -0.80166667 -0.80166667 -0.80166667 -0.096669007 -0.40166667 -0.40166667 -0.40166667 -0.071666667 -0.071666667 -0.071666667 -0.17833333 -0.17833333 -0.17833333
-0.48833333 -0.48833333 -0.68 -0.68 -0.68 -0.95852827 -0.96 -0.85333333 -0.85333333 -0.85333333 -0.55003734 -0.55 -0.58949436 0.048333186 0.048333333 0.048333333 0.048333333 -0.425 -0.425 -0.425 -0.59333333 -0.59333338 -0.65333304 -0.65333333 -0.65338571 -0.83166667 -0.83166667 -0.83166629 -0.67335892 -1.0716238 -1.0716655 -1.0716291 -0.85703412 -0.85685221 -0.84036927 -0.83666688 -0.83854894 -1.3983333 -1.3983333 -0.80166667 -0.80166667 -0.80166667 -0.80166667 -0.40166667 -0.40166667 -0.40166667 -0.40166667 -0.071666667 -0.071666667 -0.071666667 -0.17833333 -0.17833333 -0.17833333
-0.48833333 -0.48833333 -0.68 -0.68 -0.68 -0.68 -0.92007778 -0.85333333 -0.85333333 -0.85333333 -0.85319248 -0.59833333 -0.59833333 -0.59833333 0.044522378 0.048333333 -0.42184582 -0.425 -0.425 -0.425 -0.59333333 -0.59333333 -0.59333333 -0.59333333 -0.83166667 -0.83166667 -0.83166667 -0.83166667 -0.83166667 -1.0716667 -1.0716667 -1.0716667 -1.0716667 -1.071667 -1.2433333 -1.3983333 -1.3983333 -1.3983333 -1.3983333 -1.3983308 -0.695 -0.695 -0.695 -0.53988713 -0.21833333 -0.21833333 -0.21833333 -0.071666671 -0.071666962 -0.37666667 -0.37666667 -0.091687751 -0.091666667
-0.48833333 -0.48833333 -0.61082179 -0.68 -0.68 -0.68000001 -1.2526235 -0.85459391 -0.85333333 -0.85333333 -0.59833337 -0.59833333 -0.59833333 -0.59833333 -0.59833333 -0.54530236 -0.425 -0.425 -0.425 -0.425 -0.59333203 -0.59333333 -0.59333333 -0.59333333 -0.83166667 -0.83166667 -0.83166667 -0.83166667 -0.83166667 -1.1911313 -1.0716667 -1.0716667 -1.0716667 -1.2433333 -1.2433333 -1.2434537 -1.3983333 -1.3983333 -1.093495 -0.85666671 -0.695 -0.695 -0.695 -0.5427319 -0.21833333 -0.21833333 -0.21833333 -0.60333333 -0.37949091 -0.37666667 -0.37666667 -0.091666667 -0.091666667
-1.0816667 -1.0816667 -1.0816667 -0.78070887 -0.68049056 -1.2533333 -1.2533333 -1.2533333 -1.2533333 -0.77 -0.77 -0.59833335 -0.59833333 -0.59833333 -0.59833333 -0.59832235 -0.425 -0.425 -0.425 -0.425 -0.51987813 -0.59333333 -0.59333333 -0.58548221 -0.31730471 -0.83166667 -0.83166667 -0.83166667 -1.2333333 -1.2333333 -1.2333333 -1.2333327 -1.2433333 -1.2433333 -1.2433333 -1.2433333 -0.85666667 -0.85666667 -0.85666667 -0.85666667 -0.44666667 -0.44666667 -0.44666667 -0.46499963 -0.465 -0.465 -0.46499992 -0.60333333 -0.60333333 -0.37694285 -0.37666667 -0.091666364 -0.091666667
-1.0816667 -1.0816667 -1.0816667 -1.0816628 -1.01 -1.0453847 -1.2533333 -1.2533333 -1.2533333 -0.77 -0.77 -0.77 -0.72999999 -0.73 -0.73 -0.72999999 -0.42505801 -0.425 -0.425 -0.425 -0.42753615 -0.29333416 -0.29333333 -0.29333333 -0.29333333 -0.29333335 -0.68833333 -0.68833333 -1.2333333 -1.2333333 -1.2333333 -1.2333333 -1.2433332 -1.2433333 -1.2433333 -1.2433195 -0.85666666 -0.85666667 -0.85666667 -0.85510934 -0.44666667 -0.44666667 -0.44666667 -0.46499915 -0.465 -0.465 -0.465 -0.60333333 -0.60333333 -0.60333326 -0.031666667 -0.031666667 -0.11666667
-1.0816667 -1.0816667 -1.0816667 -1.0100002 -1.01 -1.01 -1.2533332 -1.2533333 -1.2533333 -0.77 -0.77 -0.77 -0.73 -0.73 -0.73 -0.70918306 -0.45666667 -0.45666667 -0.45666658 -0.42517886 -0.29333333 -0.29333333 -0.29333333 -0.29333333 -0.29333333 -0.29363059 -0.68833333 -0.68833333 -0.68833333 -1.2333333 -1.2333333 -1.233284 -1.0733333 -1.0733333 -1.0733333 -0.52833334 -0.52833333 -0.50166667 -0.50166667 -0.50166667 -0.125 -0.44656577 -0.44666514 -0.24166667 -0.24166667 -0.25013075 -0.46499964 -0.60333333 -0.60333333 -0.031666667 -0.031666667 -0.031666667 -0.11666667
