interpolatedSpi/03-03|23_3.tif
NCOLS 53
NROWS 52
XLLCORNER -116.03883
YLLCORNER 28.596182
DX 0.49850594
DY 0.49788537
NODATA_VALUE -9999
-1.74 -1.74 -2.2495812 -2.48 -1.13 -1.53 -1.53 -1.34 -1.6996194 -1.18 -0.97 -1.18 -1.5299341 -0.73 -0.59 -0.59 -0.59 -0.73 -2.06 -2.06 -2.06 -2.0599902 -1.04 -1.82 -1.82 -1.82 -0.42999165 -0.43 -0.43 -2.39 -2.39 -2.39 -2.39 -3.4399998 -3.44 -3.44 -3.44 -3.44 -3.44 -3.4399999 1.0120453 1.0589046 -3.24 -3.24 -3.24 -3.24 -3.2373213 -1.6 -1.6 -1.6 0.14999637 0.15 0.15 
-1.7400324 -2.47 -2.0299998 -2.020377 -1.8496308 -1.71 -2.61 -2.7994833 -2.1 -1.83 -1.73 -1.53 -1.53 -1.9957652 -0.7300141 -0.59 -0.73 -0.73 -2.0582659 -2.06 -2.06 -2.06 -1.809999 -1.82 -1.82 -1.82 -2.6199999 -2.62 -2.39 -2.39 -2.39 -2.39 -2.39 -3.4399998 -3.44 -3.44 -3.44 -3.44 -3.4399999 -3.1838421 -1.9400512 -3.0822552 -3.24 -3.24 -3.24 -3.24 -3.24 -1.6 -1.6 -1.6 -1.4548883 0.15 0.15 
-0.78005359 -0.78 -1.89 -1.54 -2.08 -2.21 -2.42 -2.56 -2.7 -2.6 -2.44 -2.42 -2.45 -0.65 -2 -2.75 -0.73 -0.73 -0.73 -1.8800523 -1.88 -1.88 -1.63 -1.82 -1.82 -1.82 -2.62 -2.62 -2.62 -2.39 -2.39 -2.3900001 -2.8954701 -3.4365954 -3.4241766 -1.7555779 -1.74 -1.74 -1.7651547 -1.94 -1.94 -1.9416624 -3.24 -3.24 -3.24 -3.24 -3.24 -1.6 -1.6 -1.6 -1.6 0.15 0.15 
0.24 -0.78000002 -0.89015319 -1.02 -2.05 -2.17 -2.16 -3.14 -2.73 -2.1221975 -2.67 -2.4 -2.37 -0.65 -2.61 -2.75 -2.4126013 -2.4088229 -2.26 -1.88 -1.88 -2.1 -1.63 -1.63 -1.82 -1.820004 -2.62 -2.62 -2.62 -2.06 -2.8171753 -3.44 -3.44 -3.4399987 -1.74 -1.74 -1.74 -1.74 -1.94 -1.94 -1.94 -1.94 -3.24 -3.24 -3.24 -3.24 -3.24 -1.6000207 -1.6 -1.6 -1.6 0.14992585 0.15 
0.24 0.37999767 -0.89 -1.8036429 -2.05 -2.21 -2.2900163 -2.94 -2.99 -2.8399998 -2.5647798 -2.4399857 -2.34 -2.61 -2.61 -2.6983319 -2.41 -2.41 -2.26 -2.26 -1.8800005 -2.1 -2.07 -2.04 -2.71 -2.7098176 -2.62 -2.62 -2.06 -2.06 -3.44 -3.44 -3.44 -3.2740554 -1.74 -1.74 -1.74 -1.94 -1.94 -1.94 -1.94 -1.940028 -3.24 -3.24 -3.24 -3.24 -3.24 -3.225402 -1.6 -1.6000233 -2.12 -2.12 -2.12 
-1.84 -0.42 -0.23999996 -1.69 -1.27 -1.41 -2.44 -2.5040143 -2.19 -2.48 -2.05 -2 -2.0000002 -1.55 -1.55 -1.5500652 -1.55 -1.66 -1.66 -2.2599995 -2.82 -2.82 -2.04 -2.71 -2.71 -1.93 -2.33 -2.33 -1.7100329 -2.06 -3.44 -3.44 -2.56 -2.5599227 -1.8200533 -3 -3 -2.2679352 -1.94 -1.94 -2.2296383 -2.23 -2.2299987 -2.2183588 -2.2001149 -2.2000003 -2.2 -2.2000004 -2.0387927 -2.12 -2.12 -2.12 -2.12 
-1.0400364 0.44 -0.42403355 0.19 0.17 -1.15 -1.45 -2.06 -1.99 -1.99 -2.05 -2.12 -2.1599999 -1.55 -1.8199992 -1.82 -1.55 -1.29 -1.67 -1.67 -2.914253 -3.02 -3.02 -2.15 -1.93 -1.93 -2.33 -2.33 -1.710049 -1.7109013 -2.0415703 -2.56 -2.56 -1.82 -1.82 -2.3028607 -3 -3 -3.1599945 -2.2300013 -2.23 -2.23 -2.2299922 -2.1999991 -2.2 -2.2 -2.2 -2.1999999 -2.04 -2.1199841 -2.12 -2.12 -2.12 
-1.04 -1.69 -0.43 -0.58 -0.26001834 -0.58 -1.32 -1.73 -0.76 -1.83 -1.83 -1.91 -2.16 -2.16 -1.8223327 -1.8746454 -1.88 -1.35 -0.54000116 -1.67 -0.81508739 -0.72 -2.71 -1.64 -1.6400046 -2 -1.91 -1.9100001 -2.5470565 -2.55 -2.04 -1.2454083 -1.73 -1.82 -1.8248486 -1.72 -1.72 -3.16 -3.16 -2.23 -2.23 -2.23 -2.0369324 -2.04 -2.2 -2.2 -2.2 -2.0400061 -2.04 -2.04 -2.12 -2.12 -2.12 
-1.7324804 -1.69 -0.07 -0.57 -0.6 -1.45 -1.2 -0.66 -0.91 -0.47140931 -1 -2.39 -2.39 -1.11 -1.1099976 -3.2561538 -3.26 -3.26 -1.2263523 -2.8899998 -1.84 -1.84 -2.88 -2.7769942 -1.9637215 -2 -2.33 -1.91 -1.5123244 -1.51 -1.11 -2.13 -2.0393411 -1.85 -1.99 -1.96 -2.21 -2.13 -1.9800693 -2.2275003 -1.67 -1.52 -2.0399284 -2.04 -2.0409006 -2.2 -2.79 -2.04 -2.04 -2.04 -2.04 -1.7800947 -0.57 
-1.97 -1.97 -0.95 -1.28 -1.1 -1.4 -0.76 -0.86 -0.67 -0.36001976 -0.48 -0.16 -1.11 -1.11 -0.85 -0.88305424 -3.26 -3.259359 -0.37 -2.89 -2.89 -2.7547247 -2.88 -1.2700305 -1.27 -1.27 -2.33 -1.16 -1.16 -1.51 -1.51 -2.1296586 -1.95 -1.85 -1.77 -1.96 -2.21 -2.52 -1.98 -1.9111344 -1.52 -1.5493872 -1.6 -2.04 -2.04 -2.79 -2.79 -2.79 -2.04 -2.04 0.61 0.61 0.60999956 
-1.97 -1.97 -1.71 -1.93 -1.24 -1.38 -1.96 -0.73054009 -1.07 -1.46 -1.55 -0.1 -0.15992153 -0.85 -0.85 -0.85002999 -1.11 -1.0711613 -0.37 -0.41 -0.41 -1.06 -1.06 -1.27 -1.27 -1.27 -1.16 -1.16 -1.16 -2.02 -2.02 -2.0199999 -1.58 -1.58 -1.98 -2.1 -0.93 -1.8400013 -1.58 -1.91 -1.91 -1.5100003 -1.6 -2.04 -0.59000108 -1.67 -1.0674507 -1.06 0.07 0.07 0.61 0.61 0.61 
-1.97 -1.8577855 -1.8038818 -2.0199768 -0.95 -1.63 -1.96 -0.73 -1.0699972 -1.4556793 -0.10000177 -0.1 -0.1 -0.85 -0.85 -1.11 -1.11 -1.1099579 -0.37 -0.41 -0.53764678 -1.06 -1.06 -1.2699909 -1.27 -1.1483738 -0.9 -0.9 -0.90000003 -2.02 -2.02 -0.69 -0.69 -1.5800011 -1.98 -0.80000047 -1.099975 -1.84 -1.84 -1.91 -1.51 -1.51 -1.5099934 -0.59 -0.59 -1.67 -1.06 -1.06 0.07 0.07 0.61 0.61 0.61 
-1.68 -1.482607 -1.4600173 -1.4640401 -0.95000343 -1.6299839 -1.96 -0.7451406 -1.0465705 -1.0801839 -0.1 -0.1 -0.1 -0.1 -0.84989376 -1.11 -1.11 -1.1004454 -0.37 -0.40999399 -0.39 -0.39 -0.39 -0.39 -1.2548036 -0.9 -0.9 -0.9 -0.9 -0.90036013 -0.69 -0.69 -0.69 -0.69 -0.8 -0.8 -0.8 -1.7900295 -1.8286591 -0.33 -0.33 -1.5099365 -0.020019514 -0.5899451 -0.59 -1.67 -1.06 -1.06 0.070000006 0.07 0.60804094 0.61 -0.79777675 
-1.68 -1.46 -1.46 -1.46 -1.46 -1.4600001 -1.9591551 -1.3780539 -0.98406294 -0.1010543 -0.1 -0.1 -0.1 -0.1 -0.099999772 -1.11 -1.1099999 -1.0592411 -0.37001037 -0.39 -0.39 -0.39 -0.39 -0.39 -0.37595099 -0.16695042 0.15999978 0.16 0.16 0.16 -0.68999998 -0.69 -0.68999895 0.18 0.18 -0.8 0.29857665 0.33 -0.32999962 -0.33 -0.33 -0.33 -0.02 -0.02 -0.02 -0.031482496 0.99640516 1.01 1.01 1.01 1.01 -0.13999985 -0.14 
-1.72 -1.46 -1.46 -1.46 -1.46 -1.46 -1.46 -1.0621364 0.22382709 0.23 0.23 0.23 0.23 0.23 0.23 0.68051843 -1.0813691 -1.0086689 -0.38999773 -0.39 -0.39 -0.39 -0.39 -0.38999938 0.26 0.26 0.25999986 0.16 0.16 0.16088107 0.6 0.6 0.18 0.18 0.18 0.30597189 0.33 0.33 0.33 -0.33 -0.33 -0.33 -0.02 -0.02 -0.02 -0.019999999 1.01 1.01 1.01 1.01 1.01 -0.14 -0.14 
-1.72 -1.623205 -1.46 -1.46 -1.46 -1.46 0.45962317 0.46 0.45999999 0.23 0.23 0.23 0.23 0.23 0.33147922 0.69 0.69 0.69 0.13838709 0.13999946 0.14 0.14 0.14 0.14 0.26 0.26 0.26 0.26 0.16 0.6 0.6 0.6 0.18000004 0.18 0.18 0.9 0.3307547 0.33 0.33 -0.32991436 -0.1594727 0.2382964 -0.019999999 -0.02 2.0635501 2.07 2.07 1.011614 1.9865753 1.9899999 1.9899998 1.6097352 -0.13999644 
-1.72 -0.7857829 -1.1057678 -1.46 -1.46 0.45886557 0.46 0.46 0.46 0.45834255 0.23 0.23 0.23 0.23000006 0.69 0.69 0.69 0.69 0.1404913 0.14 0.14 0.14 0.14 0.14 0.26 0.26 0.26 0.26 0.2612367 0.6 0.6 0.6 0.4 0.18007855 0.9 0.9 0.9 0.89918809 0.24571628 0.24 0.24 0.24 1.56 1.56 2.07 2.07 2.07 1.99 1.99 1.99 1.99 1.61 1.61 
-0.7605463 -0.76 -0.76 -0.75999999 0.64 0.46000464 0.46 0.46 0.46 0.46 0.21334429 0.22999713 0.22999999 0.69 0.69 0.69 0.69 0.69 0.67907844 0.14 0.14 0.14 0.14 0.14 0.20949213 0.23000016 0.23 0.23 0.23 0.59999999 0.4 0.4 0.4 0.4 0.9 0.89999816 0.83 0.83 0.24736703 0.24 0.24 0.24 1.56 1.56 1.9910344 2.07 2.07 1.99 1.99 1.99 1.9859254 1.61 1.61 
-0.76 -0.76 -0.76 -0.10071912 0.64 0.64 0.46 0.46 0.46 0.46 0.01 0.01 0.01 0.69 0.69 0.69 0.69 0.69004297 1.2 1.2 0.14000043 0.14 0.16191121 1.04 1.0327079 0.23 0.23 0.23 0.23 0.39998269 0.4 0.4 0.4 0.4 0.83000025 0.83 0.83 0.83 0.82790421 0.24 0.24 0.24 1.56 1.56 1.56 2.07 2.07 1.99 1.99 1.99 1.61 1.61 1.61 
-0.76 -0.76 -0.76 0.64 0.64 0.64 0.63999972 0.46 0.46 0.010464529 0.01 0.01 0.01 0.010423675 0.90044983 0.95 0.95 0.95 1.2 1.2 1.2 1.04 1.04 1.04 1.0401036 0.84893869 0.23 0.23 0.23 0.42868283 0.43999607 0.44 0.44 0.44 0.6800038 0.47000082 0.47 0.47 0.47 1.2098673 1.21 1.21 1.56 1.56 2.1299976 2.13 2.25 2.25 2.23 2.23 2.23 1.61 1.5500536 
-0.75999764 -0.76 -0.75999995 0.64 0.64 0.64 0.64 0.77999991 0.46127949 0.0099727967 0.01 0.01 0.01 0.011844539 0.95 0.95 0.95 0.95000007 1.2 1.2 1.2 1.04 1.04 1.04 1.41 1.41 1 1 1 0.99694502 0.44 0.44 0.44 0.44 0.45499189 0.47 0.47 0.47 0.47 1.21 1.21 1.21 1.2389467 2.13 2.13 2.13 2.25 2.25 2.23 2.23 2.23 1.55 1.55 
-1.7244296e-19 -0.34809323 -0.26 -0.25973889 0.64 0.77918996 0.78 0.78 1.0204899 -0.019999967 -0.02 -0.02 -0.02 1.1899606 1.19 0.95000018 0.95 0.95658713 1.2 1.2 1.2 1.09 1.09 1.09 1.41 1.41 1 1 1 0.99999996 0.94999676 0.94999857 0.45281808 0.44054676 1.2290954 1.23 1.23 1.23 1.23 1.21 1.21 1.21 2.0793421 2.13 2.13 2.1299999 2.25 2.25 2.2499993 2.23 2.2299736 1.64 1.55 
-0.019996202 -0.020000042 -0.26 -0.26 -0.26 0.78 0.78 0.78 1.44 1.44 -0.02 -0.02 -0.02 1.19 1.19 1.19 1.19 1.1900002 1.2 1.2 1.2 1.09 1.09 1.09 1.41 1.41 1 1 1 0.95056375 0.95 0.95 0.95 0.95 1.2298618 1.23 1.23 1.23 1.23 1.5299999 1.53 1.53 1.53 2.129994 1.35 1.35 1.35 1.19 1.19 1.19 1.64 1.64 1.64 
-0.02 -0.02 -0.26 -0.26 -0.26 0.77453357 0.78 1.44 1.44 1.44 -0.019820273 -0.02 1.1648308 1.1900001 1.19 1.19 1.19 1.8 1.8 1.8 0.49000001 0.49000045 1.0899971 1.09 1.0898586 0.7 0.7 0.70000072 0.99995152 0.80002989 0.8000008 0.80002619 0.94974363 0.94987055 1.1800319 1.2299997 1.2273525 0.44 0.44 1.53 1.53 1.53 1.53 1.35 1.35 1.35 1.35 1.19 1.19 1.19 1.64 1.64 1.64 
-0.02 -0.02 -0.26 -0.26 -0.26 -0.26 1.0270187 1.44 1.44 1.44 1.4399945 1.43 1.43 1.43 1.1914144 1.19 1.7959351 1.8 1.8 1.8 0.49 0.49 0.49 0.49 0.7 0.7 0.7 0.7 0.7 0.8 0.8 0.8 0.8 0.7999993 0.47 0.44 0.44 0.44 0.44 0.44000222 0.97 0.97 0.97 0.99928911 1.06 1.06 1.06 1.19 1.1899997 0.85 0.85 1.3800633 1.38 
-0.02 -0.02 -0.17337685 -0.26 -0.26 -0.25999995 1.9291305 1.4415442 1.44 1.44 1.4300001 1.43 1.43 1.43 1.43 1.410383 1.8 1.8 1.8 1.8 0.49001013 0.49 0.49 0.49 0.7 0.7 0.7 0.7 0.7 0.79261044 0.8 0.8 0.8 0.47 0.47 0.4699767 0.44 0.44 0.25991088 0.12000003 0.97 0.97 0.97 0.99749849 1.06 1.06 1.06 1.17 0.85398717 0.85 0.85 1.38 1.38 
1.74 1.74 1.74 0.24145498 -0.25682419 1.93 1.93 1.93 1.93 1.87 1.87 1.43 1.43 1.43 1.43 1.4300235 1.8 1.8 1.8 1.8 1.0616415 0.49 0.49 0.48895318 0.46113222 0.7 0.7 0.7 0.79 0.79 0.79 0.79000004 0.47 0.47 0.47 0.47 0.12 0.12 0.12 0.12 0.72 0.72 0.72 0.66000121 0.66 0.66 0.66000013 1.17 1.17 0.8503899 0.85 1.3799975 1.38 
1.74 1.74 1.74 1.7400086 1.9 1.9043625 1.93 1.93 1.93 1.87 1.87 1.87 1.61 1.61 1.61 1.61 1.7997619 1.8 1.8 1.8 1.7801336 0.45000011 0.45 0.45 0.45 0.45000001 0.71 0.71 0.79 0.79 0.79 0.79 0.46999999 0.47 0.47 0.46999837 0.12 0.12 0.12 0.11995613 0.72 0.72 0.72 0.66000278 0.66 0.66 0.66 1.17 1.17 1.17 0.88 0.88 0.81 
1.74 1.74 1.74 1.8999996 1.9 1.9 1.93 1.93 1.93 1.87 1.87 1.87 1.61 1.61 1.61 1.6145696 1.67 1.67 1.6700003 1.7992657 0.45 0.45 0.45 0.45 0.45 0.45019566 0.71 0.71 0.71 0.79 0.79 0.78962668 0.45 0.45 0.45 -0.33 -0.33 0.11 0.11 0.11 0.45 0.71991531 0.72000097 0.85 0.85 0.84279922 0.66000137 1.17 1.17 0.88 0.88 0.88 0.81 
1.74 1.74 1.74 1.9 1.9 1.9 1.9 1.93 1.93 1.87 1.87 1.6203963 1.61 1.61 1.61 1.67 1.67 1.67 1.67 1.67 0.45 0.45 0.45 0.45 0.45 0.70999911 0.71 0.71 0.71 0.21 0.21 0.21 0.45 0.45 0.45 -0.33 -0.33 0.11 0.11 0.45 0.45 0.45 0.85 0.85 0.85 0.85 0.84014232 0.73 0.73 0.73 0.88 0.65 0.65 
1.74 1.74 1.7402228 1.9 1.9 1.9 1.9 1.7857586 1.78 1.7801545 1.87 1.6100159 1.61 1.61 1.6100002 1.67 1.67 1.67 1.67 1.67 1.2364522 0.45 0.45 0.45 0.44985376 0.70994542 0.71 0.71 0.71 0.21 0.21 0.21 0.21003284 0.45 -0.33 -0.33 -0.33 -0.32998208 0.11002319 0.45 0.45 0.45 0.84997572 0.85 0.85 0.85 0.7299952 0.73 0.73 0.73 0.65 0.65 0.65 
1.62 1.6200002 1.899906 1.9 1.9 1.9 1.7800255 1.78 1.78 1.78 1.8 1.8 1.8 1.8 1.6706 1.67 1.67 1.67 1.67 1.2700002 1.27 1.27 -0.25999988 -0.26 -0.26 -0.26 -0.17627652 0.71 -0.0099705116 -0.01 -0.01 -0.01 -0.01 -0.59 -0.59 -0.59 -0.59 -0.59 0.38 0.38 0.38 0.38 0.38 0.25090446 0.25 0.25 0.25 0.73 0.73 0.73 0.6500126 0.65 0.65 
1.62 1.62 1.6205024 1.6800004 1.68 1.6800976 1.78 1.78 1.78 1.78 1.8 1.8 1.8 1.8 1.8 1.67 1.67 1.67 1.2700001 1.27 1.27 1.27 -0.25999999 -0.26 -0.26 -0.26 -0.26 -0.25979452 -0.010320513 -0.010000003 -0.01 -0.01 -0.010128757 -0.68637328 -0.59009979 -0.59 -0.59 -0.59 0.38 0.38 0.38 0.38 0.38 0.25 0.25 0.25 0.25 0.47445738 0.73 1.5902935 1.6 1.36 1.36 
1.62 1.62 1.6799924 1.68 1.68 1.68 1.7053996 1.78 1.78 1.78 1.8 1.8 1.8 1.8 1.8 1.6700971 1.67 1.2701173 1.27 1.27 1.27 1.27 0.30679841 -0.26 -0.26 -0.26 -0.26 -0.26041088 -0.84 -0.84 -0.84 -0.84 -0.84 -0.76 -0.76 -0.76 -0.76 -0.76 -0.37 -0.37 -0.37 -0.37 -0.36999999 0.25275908 0.25000058 0.25 0.25019154 0.27324221 1.6 1.6 1.6 1.3600013 1.36 
1.6199987 0.91403711 1.6799999 1.68 1.68 1.68 1.68 1.7799574 1.78 1.78 1.8 1.8 1.8 1.8 1.4871076 1.48 1.48 1.2700054 1.27 1.27 1.27 1.27 1.2699998 -0.26 -0.26 -0.26 -0.26 -1.1299997 -1.1299999 -1.068281 -0.84 -0.84 -0.84 -0.76 -0.76 -0.76 -0.76 -0.76013546 -0.37 -0.37 -0.37 -0.37 -0.36993641 1.38 1.38 1.38 1.38 1.3800177 1.6 1.6 1.6 1.6 1.6063181 
0.9 0.9 1.0752575 1.68 1.68 1.68 1.68 1.68 1.7799567 1.51 1.51 1.51 1.5106882 1.4800005 1.48 1.48 1.48 1.48 1.2699975 1.2484598 1.06 1.06 1.06 0.72240338 -0.29281491 -0.4684013 -0.61682454 -1.13 -1.13 -1.13 -1.13 -1.13 -1.1173278 -0.95977552 -0.96 -0.96 -0.96 -0.96 -0.21408165 0.45999851 0.46 0.46 0.46 1.5699994 1.38 1.38 1.38 1.98 1.6000061 1.6 1.6 1.61 1.61 
0.9 0.9 1.11 1.11 1.11 1.6798101 1.68 1.68 1.51 1.51 1.51 1.51 1.51 1.48 1.48 1.48 1.48 1.48 1.06 1.06 1.06 1.06 1.06 -0.66999991 -0.67 -0.67 -0.67 -1.13 -1.13 -1.13 -1.13 -1.13 -0.94 -0.94 -0.96 -0.96 -0.96 0.43976158 0.44 0.46 0.46 0.46 0.46000015 1.57 1.57 1.57 1.98 1.98 1.98 1.87 1.87 1.61 1.61 
0.9 0.9 1.11 1.11 1.11 1.11 1.1100008 1.26 1.5097646 1.51 1.51 1.51 1.51 1.4803742 1.48 1.48 1.48 1.48 1.06 1.06 1.06 1.06 1.06 -0.67 -0.67 -0.67 -0.67 -0.6700019 -1.13 -1.13 -1.13 -0.94000996 -0.94 -0.94 -0.94 -0.96 0.43999998 0.44 0.44 0.44052624 1.2861483 1.44 1.44 1.57 1.57 1.57 1.98 1.98 1.98 1.87 1.87 1.87 0.95788423 
1 0.99999922 1.11 1.11 1.11 1.11 1.26 1.26 1.26 1.51 1.51 1.51 1.51 1.5099907 1.48 1.48 1.48 1.48 1.0600069 1.06 1.06 1.06 -0.3652577 -0.67 -0.67 -0.67 -0.67 -1.0899997 -1.09 -1.09 -1.1295636 -0.94 -0.94 -0.94 -0.93999931 -0.22000001 0.44 0.44 0.44 0.44000001 1.44 1.44 1.44 2.01 2.01 2.01 1.9100068 1.98 1.98 1.87 1.87 1.87 0.8899998 
1 1 1.11 1.11 1.11 1.26 1.26 1.26 1.26 1.4825889 1.51 1.51 1.51 1.5099971 0.69009092 0.69 0.69 0.69 -0.10425385 -0.24 -0.24 -0.24 -0.24 -0.67 -0.67 -0.67 -0.6700277 -1.09 -1.09 -1.09 -1.09 -0.93990664 -0.53502083 -0.22 -0.22 -0.22 0.44253623 1.1199858 1.12 1.12 1.440282 1.8 1.8 2.01 2.01 2.0099996 1.91 1.91 1.42 1.42 1.42 0.7 0.82 
1 1 0.51 0.51 0.51 1.26 1.26 1.26 1.26 1.28 1.28 1.28 1.28 1.2384213 0.69 0.69 0.69 0.69 -0.1 -0.24 -0.24 -0.24 -0.24 -0.54 -0.54000005 -0.66999981 -1.09 -1.09 -1.09 -1.09 -0.72041907 -0.36 -0.23665808 -0.22 -0.22 -0.22 1.12 1.12 1.12 1.12 1.8 1.8 1.8 1.5800694 1.58 1.9085167 1.91 1.91 1.4199955 1.42 0.7 0.7 0.82 
1 0.51 0.51 0.51 0.51 0.51 1.2559633 0.74 0.74 1.28 1.28 1.28 1.28 1.2798603 0.69 0.69 0.69 0.65430529 -0.1 -0.1 -0.24 -0.24 -0.54 -0.54 -0.54 -0.54 -1.09 -1.09 -1.09 -1.09 -0.36 -0.36 -0.36 -0.22014167 -0.22 -0.22 1.12 1.12 1.12 1.12 1.8 1.8 1.8 1.58 1.58 1.5799739 1.12 1.12 0.41 0.41 0.7 0.7 0.82 
0.51460171 0.51 0.51 0.51 0.51 0.51 0.74 0.74 0.74 1.0290306 1.28 1.28 1.28 1.2799813 0.69 0.69 0.69 -0.1 -0.1 -0.1 -0.23999301 -0.24000183 -0.54 -0.54 -0.54 -0.54 -1.0899609 -1.09 -1.09 -0.36016788 -0.36 -0.36 -0.36 -0.36 -0.21994675 0.05 0.05 0.06851821 1.12 1.12 1.7999994 1.8 1.5863965 1.58 1.58 1.1200002 1.12 1.12 0.41 0.41 -0.02 -0.02 0.27 
0.51 0.51 0.51 0.51 0.51 0.51 0.74 0.74 0.74 0.74 0.4400242 0.44 0.44 0.44 0.68999733 0.13873149 -0.17 -0.17 -0.10012904 -0.1 -0.10000003 -0.53999956 -0.54 -0.54 -0.54 -0.54 -0.54039988 -1.09 -1.089975 -0.36 -0.36 -0.36 -0.36 -0.36 0.05 0.05 0.05 0.05 0.05 0.050004265 0.23 0.23 0.2300002 0.83 0.83 0.83 0.31 0.31 -0.11 -0.11 -0.02 -0.019999369 0.27 
0.51 0.51 0.51 0.51 0.51 0.51 0.74 0.74 0.74 0.44 0.44 0.44 0.44 0.44 0.27920547 -0.17 -0.17 -0.17 -0.17 -0.17 -0.16665773 -0.54 -0.54 -0.54 -0.54 -0.53246376 -0.30037608 -0.98242702 -0.36359998 -0.36 -0.36 -0.36 -0.36 -0.3599991 0.05 0.05 0.05 0.05 0.05 0.13373558 0.23 0.23 0.23 0.83 0.83 0.83 0.31 0.31 -0.11 -0.11 0.19999999 0.26613841 0.27 
0.51 0.51 0.51 0.51 0.51 0.51000007 0.73999995 0.74 0.72754833 0.44 0.44 0.44 0.44 0.44 0.41074064 -0.17 -0.17 -0.17 -0.17 -0.17 -0.17 -0.33628381 -0.30000034 -0.3 -0.3 -0.3 -0.3 -0.3 -0.9207872 -0.92999325 -0.92999999 -0.93 -0.93 -0.92999929 0.05 0.05 0.05 0.05 0.05 0.22999998 0.23 0.23 0.23 0.23000027 0.8295511 0.55 0.31000002 0.14294098 -0.10978095 0.2 0.2 0.20498879 0.44 
0.51 0.51 0.51 0.51 0.51 0.51001469 0.73998759 0.73998185 0.44000038 0.44 0.44 0.44 0.44 0.44 0.428393 -0.17 -0.17 -0.17 -0.17 -0.17 -0.17 -0.3 -0.3 -0.3 -0.3 -0.3 -0.3 -0.3 -0.92982609 -0.93 -0.93 -0.93 -0.93 -0.93 -0.6614801 0.05 0.05 0.05 0.05 0.23 0.23 0.23 0.23 0.23008198 0.55 0.55 0.54743032 0.14 0.14 0.2 0.2 0.44 0.44 
0.51 0.51 0.51 0.51 0.51 0.51030674 0.73971854 0.47385304 0.44 0.44 0.44 0.44 0.44 0.44 0.4293209 -0.17 -0.17 -0.17 -0.17 -0.17 -0.18850964 -0.3 -0.3 -0.3 -0.3 -0.3 -0.3 -0.3 -0.92999747 -0.93 -0.93 -0.93 -0.93 -0.93 -0.93 -0.10827876 -0.35425855 -0.4887707 -0.5092439 0.17921986 0.22999998 0.23 0.23 0.54997445 0.55 0.54600064 -0.11999876 0.14 0.14 -0.090082871 -0.09 -0.09 0.43999976 
0.51 0.51 0.51 0.51 0.51000023 0.51191798 0.7124515 0.44008249 0.44 0.44 0.44 0.44 0.44 0.44 0.42575556 -0.17 -0.17 -0.17 -0.17 -0.17 -0.29999944 -0.3 -0.3 -0.3 -0.3 -0.3 -0.3 -0.3 -0.92999983 -0.93 -0.93 -0.93 -0.93 -0.93 -0.92999992 -0.52 -0.52 -0.52 -0.52 -0.56 -0.56 -0.56 -0.56 -0.11999806 -0.12 -0.12 -0.12 -0.12000374 -0.47 -0.47 -0.09 -0.09 -1.2221503 
0.51 0.51 0.51 0.51000002 0.51000642 0.51610792 0.46018509 0.44000392 0.44 0.44 0.44 0.44 0.44 0.44 0.41929284 -0.16999975 -0.17 -0.17 -0.17 -0.17078241 -0.3 -0.3 -0.3 -0.3 -0.3 -0.3 -0.3 -0.3 -0.92999986 -0.93 -0.93 -0.93 -0.93 -0.93 -0.52000038 -0.52 -0.52 -0.52 -0.52 -0.56 -0.56 -0.56 -0.56 -0.44124589 -0.12 -0.12 -0.12 -0.46999608 -0.47 -0.47 -1.73 -1.73 -1.73 
0.51 0.51 0.51000001 0.51000052 0.51006222 0.51932523 0.44106914 0.44000098 0.44 0.44 0.44 0.44 0.44 0.43999996 0.41053833 -0.16998565 -0.17 -0.17 -0.17000015 -0.29736599 -0.3 -0.3 -0.3 -0.3 -0.3 -0.3 -0.3 -0.3 -0.92999941 -0.93 -0.93 -0.93 -0.93 -0.87143646 -0.5200001 -0.52 -0.52 -0.52 -0.52 -0.56 -0.56 -0.56 -0.56 -0.56 -0.12 -0.12 -0.12 -0.47 -0.47 -0.47 -1.73 -1.73 -1.73 
0.51 0.51000002 0.51000022 0.5100061 0.5102957 0.48271128 0.44018115 0.4400006 0.44 0.44 0.44 0.44 0.44 0.43999885 0.40012994 -0.16977722 -0.16999999 -0.17 -0.17067307 -0.29998895 -0.3 -0.3 -0.3 -0.3 -0.3 -0.3 -0.3 -0.30000037 -0.92999605 -0.93 -0.92999994 -0.85703297 -0.85 -0.85 -0.85 -0.52 -0.52 -0.52 -0.52 -0.56 -0.56 -0.56 -0.56 -0.56 -0.1200078 -0.12 -0.12000017 -0.46999997 -0.47 -0.47000068 -1.73 -1.73 -1.73 
