interpolatedSpi/03-04|19_1.tif
NCOLS 53
NROWS 52
XLLCORNER -116.03883
YLLCORNER 28.596182
DX 0.49850594
DY 0.49788537
NODATA_VALUE -9999
-1.065 -1.065 -0.93765384 -1.235 -0.85 -0.975 -1.49 -1.755 -1.6789551 -1.215 -0.72 -1.175 -1.3399732 -1.015 -1.225 -1.225 -1.225 -0.75 -1.385 -1.385 -1.385 -1.3850046 -1.86 -1.185 -1.185 -1.185 -1.009992 -1.01 -1.01 -1.93 -1.93 -1.93 -1.93 -1.5600001 -1.56 -1.56 -1.56 -1.56 -1.56 -1.5599999 0.58192914 0.60463564 -0.825 -0.825 -0.825 -0.825 -0.82603717 -1.46 -1.46 -1.46 -0.80500136 -0.805 -0.805 
-1.0649924 -0.895 -0.9999992 -0.82999382 -1.0301791 -1.08 -0.41 -1.0203828 -2.42 -1.815 -1.645 -1.34 -1.34 -0.84556686 -1.0149998 -1.225 -0.75 -0.75 -1.384172 -1.385 -1.385 -1.385 -1.1944747 -1.185 -1.185 -1.185 -0.69500003 -0.695 -1.93 -1.93 -1.93 -1.93 -1.93 -1.5600001 -1.56 -1.56 -1.56 -1.56 -1.5599999 -1.2989884 -0.060032553 -0.73217308 -0.825 -0.825 -0.825 -0.825 -0.825 -1.46 -1.46 -1.46 -1.4056868 -0.805 -0.805 
-0.49501975 -0.495 -0.305 0.305 -0.72 -1.51 -1.135 -1.235 -1.3 -1.225 -1.53 -1.74 -1.14 -1.02 -0.845 -1.125 -0.75 -0.75 -0.75 -1.4549797 -1.455 -1.455 -1.365 -1.185 -1.185 -1.185 -0.695 -0.695 -0.695 -1.93 -1.93 -1.93 -1.949256 -1.5563457 -1.5413843 0.42167306 0.44 0.44 0.37711318 -0.059999997 -0.06 -0.060978241 -0.825 -0.825 -0.825 -0.825 -0.825 -1.46 -1.46 -1.46 -1.46 -0.805 -0.805 
0.005 -0.49500004 -0.67999234 0.04 -0.44 -0.895 -1.175 -1.975 -1.335 -0.58776299 -1.205 -1.465 -1.47 -1.02 -1.39 -1.125 -1.3482785 -1.3495796 -1.85 -1.455 -1.455 -0.935 -1.365 -1.365 -1.185 -1.1849976 -0.695 -0.695 -0.695 -1.045 -1.5525269 -1.97 -1.97 -1.9699981 0.44 0.44 0.44 0.44 -0.06 -0.06 -0.06 -0.060000029 -0.825 -0.825 -0.825 -0.825 -0.825 -1.459992 -1.46 -1.46 -1.46 -0.8049706 -0.805 
0.0049999999 -1.3099988 -0.68 -0.71345929 -0.44 -1.035 -1.7199547 -1.51 -1.81 -1.4750002 -1.5316564 -1.5550387 -1.825 -1.39 -1.39 -1.216224 -1.35 -1.35 -1.85 -1.85 -1.4549991 -0.935 -1.225 -1.53 -1.345 -1.3449952 -0.695 -0.695 -1.045 -1.045 -1.97 -1.97 -1.97 -1.8577989 0.44 0.44 0.44 -0.06 -0.06 -0.06 -0.06 -0.060058883 -0.825 -0.825 -0.825 -0.825 -0.825 -0.83065229 -1.46 -1.4599303 0.095 0.095 0.095 
-1.895 -1.315 0.69499997 -0.405 -0.005 -1.295 -0.365 -0.51159279 -1.48 -1.245 -1.68 -1.4 -1.4000003 -2.405 -2.405 -1.5799155 -1.58 -1.145 -1.145 -1.8499995 -1.885 -1.885 -1.53 -1.345 -1.345 -1.325 -1.21 -1.21 -1.0749975 -1.045 -1.97 -1.97 -1.375 -1.3749854 -1.2350101 -1.495 -1.495 -0.50395001 -0.06 -0.06 -0.6692392 -0.67 -0.66999969 0.0050834352 0.01990661 0.019999775 0.019999971 0.019999678 -0.36424806 0.095 0.095 0.095 0.095 
-1.5100152 -0.69 -1.2770596 -1.16 -0.835 -0.64 -1.295 -1.365 -1.175 -1.175 -1.68 -1.595 -1.9299997 -2.405 -1.2300035 -1.23 -1.58 -1.455 -1.29 -1.29 -1.7718964 -1.645 -1.645 -1.225 -1.325 -1.325 -1.21 -1.21 -1.0750108 -1.0751985 -1.1752615 -1.375 -1.375 -1.235 -1.235 -1.1573232 -1.495 -1.495 -1.465001 -0.67000111 -0.67 -0.67 -0.66999709 0.019999888 0.02 0.02 0.02 0.019999746 -0.405 0.094900914 0.095 0.095 0.095 
-1.51 -2.3 -1.555 -1.985 -1.1350487 -1.625 -1.11 -1.3 -1.855 -1.11 -1.11 -0.77 -1.93 -1.93 -1.2348026 -1.5624263 -1.595 -0.885 -1.1200002 -1.29 -0.61791627 -0.505 -1.195 -1.01 -1.0099998 -0.995 -1.51 -1.5099999 -1.2593517 -1.26 -1.175 -0.74465608 -1.155 -1.235 -1.2464085 -0.875 -0.875 -1.465 -1.465 -0.67 -0.67 -0.67 -0.0026039686 1.0168781e-09 0.02 0.02 0.02 -0.40498382 -0.405 -0.405 0.095 0.095 0.095 
-2.192282 -2.3 -1.57 -0.51 -1.295 -1.97 -1.465 -1.02 -0.41 -0.86055225 -0.525 -0.33500001 -0.335 -0.215 -0.21499864 -1.8642475 -1.865 -1.865 -0.92087312 -0.95500018 -1.835 -1.835 -0.9 -1.0787453 -0.9965116 -0.995 -1.1 -1.51 -1.867908 -1.87 -0.63 -1.265 -1.5646726 -1.74 -1.635 -1.535 -1.645 -2.29 -0.99060029 -0.66948667 -0.555 -0.33 -1.9543087e-05 -5.6061712e-37 0.00011257083 0.02 -0.51499997 -0.405 -0.405 -0.405 -0.405 0.10060283 -0.015 
-1.59 -1.59 -1.85 -1.23 -1.985 -2.585 -1.54 -1.87 -0.75 -0.97499136 -0.435 -1.005 -0.215 -0.215 -0.07 -0.094619236 -1.865 -1.864586 -0.035 -0.955 -0.955 -1.0683735 -0.9 -1.4099903 -1.41 -1.41 -1.1 -0.785 -0.785 -1.87 -1.87 -1.2661285 -1.86 -1.74 -1.845 -1.535 -1.645 -1.95 -0.99 0.2594171 -0.33000001 -0.25285873 -0.12 -1.2244552e-130 -1.15336e-34 -0.515 -0.515 -0.515 -0.405 -0.405 0.14 0.14 0.13999994 
-1.59 -1.59 -1.86 -2.51 -1.13 -1.38 -1.49 -1.7203583 -1.91 -1.98 -0.36 -1.085 -1.0051053 -0.07 -0.07 -0.070009229 -0.15 -0.14396426 -0.035 -0.89 -0.89 -0.63 -0.63 -1.41 -1.41 -1.41 -0.785 -0.785 -0.785 -1.265 -1.265 -1.265001 -1.49 -1.49 -1.4 -1.09 -1.07 -0.94499949 -1.335 0.28 0.28 -0.34499926 -0.12 -3.9533173e-15 -0.3599997 -0.05 -0.10676577 -0.105 -0.005 -0.005 0.14 0.14 0.14 
-1.59 -1.7068005 -2.1373782 -2.2000102 -1.95 -1.055 -1.49 -1.72 -1.9099984 -1.9792245 -1.0850012 -1.085 -0.415 -0.070000001 -0.07 -0.15 -0.15 -0.14999345 -0.035 -0.89 -0.83894129 -0.63 -0.63 -1.4099685 -1.41 -1.2933046 -1.055 -1.055 -1.055 -1.265 -1.265 -0.84 -0.84 -1.4899998 -1.4 -0.18500089 -1.0403339 -0.945 -0.945 0.27999998 -0.345 -0.345 -0.34500007 -0.36 -0.36 -0.05 -0.105 -0.105 -0.005 -0.005 0.14 0.14 0.14 
-0.615 -0.46773796 -0.34007999 -0.35347885 -1.9499953 -1.0550211 -1.49 -1.7171688 -1.8969071 -1.9118279 -0.415 -0.415 -0.415 -0.415 -0.070048872 -0.15 -0.15 -0.14851517 -0.035 -0.88987887 -0.49 -0.49 -0.49 -0.49 -1.3941397 -1.055 -1.055 -1.055 -1.055 -1.0550603 -0.84 -0.84 -0.84 -0.84 -0.185 -0.185 -0.185 -0.90828525 -0.93512364 0.37 0.37 -0.34496154 0.25997878 -0.35994028 -0.36 -0.05 -0.105 -0.105 -0.0049999989 -0.005 0.13947396 0.14 0.012206404 
-0.615 -0.34 -0.34 -0.34 -0.34 -0.34000031 -1.4888866 -1.5988521 -1.8619763 -0.41661171 -0.415 -0.415 -0.415 -0.415 -0.41499969 -0.15 -0.14999998 -0.14211178 -0.03500308 -0.49 -0.49 -0.49 -0.49 -0.49 -0.48513847 -0.84749176 -0.83000005 -0.83 -0.83 -0.83 -0.83999999 -0.84 -0.83999917 -0.15 -0.15 -0.185 0.23304244 0.245 0.36999993 0.37 0.37 0.37 0.26 0.26 0.26 0.25784268 0.17318964 0.175 0.175 0.175 0.175 0.66499989 0.665 
0.615 -0.34 -0.34 -0.34 -0.34 -0.34 -0.34000007 -1.125538 -0.0048559096 0.0049999994 0.005 0.005 0.005 0.005 0.0049999959 -0.20566273 -0.15094194 -0.1342527 -0.48994283 -0.49 -0.49 -0.49 -0.49 -0.48999921 -0.265 -0.265 -0.26500079 -0.83 -0.83 -0.82821783 0.06 0.06 -0.15 -0.15 -0.15 0.1817254 0.245 0.245 0.245 0.37 0.37 0.37 0.26 0.26 0.26 0.26 0.175 0.175 0.175 0.175 0.175 0.665 0.665 
0.615 0.25946435 -0.34 -0.34 -0.34 -0.34 -0.080051029 -0.08 -0.079999998 0.005 0.005 0.005 0.005 0.005 -0.042430504 -0.21 -0.21 -0.21 0.18294409 0.18499931 0.185 0.185 0.185 0.185 -0.265 -0.265 -0.265 -0.265 -0.83 0.06 0.06 0.06 -0.14999998 -0.15 -0.15 0.475 0.24530453 0.245 0.245 0.37002841 0.42684243 0.55943213 0.26 0.26 0.34972225 0.35 0.35 0.174886 0.10524462 0.10500001 0.10500001 0.35004762 0.66499936 
0.615 0.15275746 -0.097097903 -0.34 -0.34 -0.08015362 -0.08 -0.08 -0.08 -0.079387466 0.005 0.005 0.005 0.004999974 -0.21 -0.21 -0.21 -0.21 0.18464715 0.185 0.185 0.185 0.185 0.185 -0.26499999 -0.265 -0.265 -0.265 -0.26381786 0.06 0.06 0.06 0.50999999 -0.14992049 0.475 0.475 0.475 0.47630199 0.54005981 0.56 0.56 0.56 0.735 0.735 0.35 0.35 0.35 0.105 0.105 0.105 0.105 0.35 0.35 
0.14050728 0.14 0.14 0.14 -0.17 -0.080002322 -0.08 -0.08 -0.08 -0.08 0.0099209996 0.005000847 0.0050000018 -0.21 -0.21 -0.21 -0.21 -0.21 -0.18155925 0.185 0.185 0.185 0.185 0.185 0.14920506 0.43499621 0.435 0.435 0.435 0.060000023 0.50999999 0.51 0.51 0.51 0.475 0.47500316 0.595 0.595 0.56043703 0.56 0.56 0.56 0.735 0.735 0.40961126 0.35 0.35 0.105 0.105 0.105 0.10762704 0.35 0.35 
0.14 0.14 0.14 -0.0059836245 -0.17 -0.17 -0.08 -0.08 -0.08 -0.08 0.07 0.07 0.07 -0.21 -0.21 -0.21 -0.21 -0.21002479 -0.25 -0.25 0.18499982 0.185 0.18755631 0.29 0.29130537 0.435 0.435 0.435 0.435 0.50999236 0.51 0.51 0.51 0.51 0.59499958 0.595 0.595 0.595 0.5949183 0.56 0.56 0.56 0.735 0.735 0.735 0.35 0.35 0.105 0.105 0.105 0.35 0.35 0.35 
0.14 0.14 0.14 -0.17 -0.17 -0.17 -0.16999986 -0.08 -0.08 0.069845157 0.07 0.07 0.07 0.069825545 -0.33141336 -0.36 -0.36 -0.36 -0.25 -0.25 -0.25 0.29 0.29 0.29 0.2899902 0.34058562 0.435 0.435 0.435 0.55707694 0.5699941 0.57 0.57 0.57 0.89393215 1.3149984 1.315 1.315 1.315 1.5398659 1.54 1.54 0.735 0.735 0.95999906 0.95999968 0.05 0.05 0.175 0.175 0.175 0.35 0.23010729 
0.14000157 0.14 0.13999999 -0.17 -0.17 -0.17 -0.17 0.11499994 -0.079220314 0.070185889 0.07 0.07 0.07 0.069156222 -0.36 -0.36 -0.36 -0.35999997 -0.25 -0.25 -0.25 0.29 0.29 0.29 0.255 0.255 0.60999999 0.61 0.61 0.60978179 0.57 0.57 0.57 0.57 0.94229546 1.315 1.315 1.315 1.315 1.54 1.54 1.54 1.521751 0.96 0.96 0.96 0.05 0.05 0.175 0.175 0.175 0.23 0.23 
0.645 0.40311225 0.175 0.17489991 -0.17 0.113351 0.115 0.115 0.2206698 0.275 0.275 0.275 0.275 0.275 0.275 -0.35999951 -0.36 -0.35710166 -0.25 -0.25 -0.25 0.23 0.23 0.23 0.255 0.255 0.61 0.61 0.61 0.61000003 0.64499952 0.64499979 0.57188501 0.57008041 1.3241391 1.325 1.325 1.325 1.325 1.54 1.54 1.54 0.99193622 0.96 0.96 0.95999985 0.05 0.05 0.0500045 0.175 0.17498301 -0.205 0.23 
0.32506077 0.32499997 0.175 0.175 0.175 0.115 0.115 0.115 0.405 0.405 0.275 0.275 0.275 0.275 0.275 0.275 0.275 0.27493932 -0.25 -0.25 -0.24999998 0.23 0.23 0.23 0.255 0.255 0.61 0.61 0.61 0.64460537 0.645 0.645 0.645 0.645 1.3246645 1.325 1.325 1.325 1.325 0.94500015 0.945 0.945 0.945 0.95999344 0.105 0.105 0.105 -0.2 -0.2 -0.2 -0.205 -0.205 -0.205 
0.325 0.325 0.175 0.175 0.175 0.11531537 0.115 0.405 0.405 0.405 0.275016 0.275 0.8796723 0.27500017 0.275 0.275 0.275 0.83 0.83 0.83 0.50499999 0.5049998 0.23000134 0.23 0.23043387 0.95 0.95 0.94999919 0.61005495 0.83496214 0.83499899 0.83496683 0.64532473 0.64516397 1.2040113 1.3249997 1.3226877 0.635 0.635 0.945 0.945 0.945 0.945 0.105 0.105 0.105 0.105 -0.2 -0.2 -0.2 -0.205 -0.205 -0.205 
0.325 0.325 0.175 0.175 0.175 0.175 0.22353853 0.405 0.405 0.405 0.40533695 1.015 1.015 1.015 0.27936099 0.275 0.82630162 0.83 0.83 0.83 0.505 0.505 0.505 0.505 0.95 0.95 0.95 0.95 0.95 0.835 0.835 0.835 0.835 0.83499951 0.6 0.635 0.635 0.635 0.635 0.63499759 -0.175 -0.175 -0.175 -0.24170681 -0.38 -0.38 -0.38 -0.20000001 -0.1999996 0.215 0.215 0.34986498 0.35 
0.325 0.325 0.22913947 0.175 0.175 0.17500003 1.503048 0.40846659 0.405 0.405 1.015 1.015 1.015 1.015 1.015 0.95431706 0.83 0.83 0.83 0.83 0.50500251 0.505 0.505 0.505 0.95 0.95 0.95 0.95 0.95 0.35837311 0.835 0.835 0.835 0.6 0.6 0.60002718 0.635 0.635 0.25231061 -0.044999942 -0.175 -0.175 -0.175 -0.23996 -0.38 -0.38 -0.38 0.095 0.21350481 0.215 0.215 0.35 0.35 
1.395 1.395 1.395 0.48088754 0.17735313 1.505 1.505 1.505 1.505 1.245 1.245 1.015 1.015 1.015 1.015 1.0149883 0.83 0.83 0.83 0.83 0.64681946 0.505 0.505 0.50696278 0.59647568 0.95 0.95 0.95 0.19 0.19 0.19 0.19000271 0.6 0.6 0.6 0.6 -0.045 -0.045 -0.045 -0.045 -0.425 -0.425 -0.425 -0.12500603 -0.125 -0.125 -0.12500008 0.095 0.095 0.21485379 0.215 0.3500003 0.35 
1.395 1.395 1.395 1.3950207 1.78 1.7400105 1.505 1.505 1.505 1.245 1.245 1.245 0.88500001 0.885 0.885 0.88500001 0.83086096 0.83 0.83 0.83 0.82507594 0.57999979 0.58 0.58 0.58 0.57999998 -0.20499999 -0.205 0.19 0.19 0.19 0.19 0.59999955 0.6 0.6 0.59994909 -0.045000009 -0.045 -0.045 -0.046272181 -0.425 -0.425 -0.425 -0.12501391 -0.125 -0.125 -0.125 0.095 0.095 0.095000042 0.41 0.41 0.725 
1.395 1.395 1.395 1.7799991 1.78 1.78 1.5050001 1.505 1.505 1.245 1.245 1.245 0.885 0.885 0.885 0.91660621 1.3 1.3 1.2999988 0.83265468 0.58 0.58 0.58 0.58 0.58 0.57940925 -0.205 -0.205 -0.205 0.19 0.19 0.1896299 -0.025 -0.025 -0.025 -0.48 -0.48 -0.335 -0.335 -0.335 0.17 -0.42481337 -0.42499713 -0.04 -0.04 -0.043221403 -0.1249994 0.095 0.095 0.41 0.41 0.41 0.725 
1.395 1.395 1.395 1.78 1.78 1.78 1.78 1.505 1.505 1.245 1.245 0.89939481 0.885 0.885 0.885 1.3 1.3 1.3 1.3 1.3 0.58 0.58 0.58 0.58 0.58 -0.20499732 -0.205 -0.205 -0.205 -0.385 -0.385 -0.385 -0.025 -0.025 -0.025 -0.48 -0.48 -0.335 -0.335 0.17 0.17 0.17 -0.04 -0.04 -0.04 -0.04 0.00025219367 0.45 0.45 0.45 0.41000001 0.85 0.85 
1.395 1.395 1.3955361 1.78 1.78 1.78 1.78 1.0850314 1.05 1.0503348 1.245 0.88501885 0.885 0.885 0.88500144 1.3 1.3 1.3 1.3 1.3 1.2417496 0.58 0.58 0.58 0.57992585 -0.20497609 -0.205 -0.205 -0.205 -0.385 -0.385 -0.385 -0.38494607 -0.025 -0.48 -0.48 -0.48 -0.47999381 -0.33496556 0.17 0.17 0.17 -0.039987251 -0.04 -0.04 -0.04 0.4499974 0.45 0.45 0.45 0.85 0.85 0.85 
0.81 0.81000102 1.7797633 1.78 1.78 1.78 1.0501553 1.05 1.05 1.05 1.11 1.11 1.11 1.11 1.299123 1.3 1.3 1.3 1.3 1.27 1.27 1.27 0.22000006 0.22 0.22 0.22 0.18331703 -0.205 -0.14500246 -0.145 -0.145 -0.145 -0.145 -0.175 -0.175 -0.175 -0.175 -0.175 0.185 0.185 0.185 0.185 0.185 0.19464575 0.195 0.195 0.195 0.45 0.45 0.45 0.84993698 0.85 0.85 
0.81 0.81 0.81267947 1.1300013 1.1300001 1.1299225 1.05 1.05 1.05 1.05 1.11 1.11 1.11 1.11 1.11 1.3 1.3 1.3 1.27 1.27 1.27 1.27 0.22 0.22 0.22 0.22 0.22 0.2199097 -0.14516991 -0.145 -0.145 -0.145 -0.14506826 -0.10980631 -0.17493249 -0.175 -0.175 -0.175 0.185 0.185 0.185 0.185 0.185 0.195 0.195 0.195 0.195 0.31424298 0.45 0.38078099 0.38 0.63 0.63 
0.81 0.81 1.1299595 1.13 1.13 1.13 1.1096803 1.05 1.05 1.05 1.11 1.11 1.11 1.11 1.11 1.2998481 1.3 1.2700088 1.27 1.27 1.27 1.27 0.6089793 0.22 0.22 0.22 0.22 0.21943015 -0.585 -0.585 -0.585 -0.585 -0.585 -0.06 -0.06 -0.06 -0.06 -0.06 0.215 0.215 0.215 0.215 0.215 0.19443842 0.19499988 0.195 0.19496101 0.1903355 0.38 0.38 0.38 0.6299986 0.63 
0.8100001 0.86392772 1.13 1.13 1.13 1.13 1.13 1.0500341 1.05 1.05 1.11 1.11 1.11 1.11 0.49399316 0.48 0.48 1.2699797 1.27 1.27 1.27 1.27 1.2699999 0.22 0.22 0.22 0.22 0.13499933 0.13499967 -0.018233497 -0.585 -0.585 -0.585 -0.059999998 -0.06 -0.06 -0.06 -0.059813747 0.215 0.215 0.215 0.215 0.21498429 -0.035 -0.035 -0.035 -0.035 -0.03496653 0.38 0.38 0.38 0.37999998 0.34919732 
0.865 0.865 0.85545194 1.13 1.13 1.13 1.13 1.13 1.0500317 0.070000016 0.07 0.07 0.072468133 0.48000091 0.48 0.48 0.48 0.48 1.2699983 1.2556399 1.13 1.13 1.13 0.90086224 0.26402001 0.49956271 0.69795169 0.135 0.135 0.135 0.135 0.135 0.11726544 0.22201462 0.215 0.215 0.215 0.215 0.17649019 0.010000368 0.01 0.01 0.01 0.11499956 -0.034999961 -0.035 -0.035 0.21 0.37999728 0.38 0.38 0.345 0.345 
0.865 0.865 0.47 0.47 0.47 1.1297801 1.13 1.13 0.070000001 0.07 0.07 0.07 0.07 0.47999998 0.48 0.48 0.48 0.48 1.13 1.13 1.13 1.13 1.13 0.77000002 0.77 0.77 0.77 0.135 0.135 0.135 0.135 0.135 0.84 0.84 0.215 0.215 0.215 0.50994976 0.51 0.01 0.01 0.01 0.010000011 0.115 0.115 0.115 0.21 0.21 0.21 0.335 0.335 0.345 0.345 
0.865 0.865 0.47 0.47 0.47 0.47 0.46999695 -0.085 0.069854063 0.07 0.07 0.07 0.07 0.47488562 0.48 0.48 0.48 0.48 1.13 1.13 1.13 1.13 1.13 0.77 0.77 0.77 0.77 0.76999744 0.135 0.135 0.135 0.83996304 0.84 0.84 0.84 0.215 0.51 0.51 0.51 0.49684406 0.069010593 0.08 0.08 0.115 0.115 0.115 0.21 0.21 0.21 0.335 0.335 0.335 0.2951856 
0.355 0.355004 0.47 0.47 0.47 0.47 -0.085 -0.085 -0.085 0.07 0.07 0.07 0.07 0.070127457 0.48 0.48 0.48 0.48 1.1299885 1.13 1.13 1.13 0.83341556 0.77 0.77 0.77 0.77 0.81999996 0.82 0.81999999 0.14237823 0.84 0.84 0.84 0.8400001 0.94 0.51 0.51 0.51 0.51 0.08 0.08 0.08 0.16 0.16 0.16 0.47997371 0.21 0.21 0.335 0.335 0.335 0.29000013 
0.355 0.355 0.47 0.47 0.47 -0.085 -0.085 -0.085 -0.085 0.053005222 0.07 0.07 0.07 0.070001846 0.45500288 0.455 0.455 0.455 0.63905871 0.9 0.9 0.9 0.9 0.77 0.77 0.77 0.7700033 0.82 0.82 0.82 0.82 0.84001724 0.89624711 0.94 0.94 0.94 0.50847091 0.10000854 0.1 0.1 0.079929504 -0.0099999973 -0.01 0.16 0.16 0.16000135 0.48 0.48 0.51 0.51 0.51 0.52 0.335 
0.355 0.355 0.425 0.425 0.425 -0.085 -0.085 -0.085 -0.085 -0.07 -0.07 -0.07 -0.07 -0.033002021 0.455 0.455 0.455 0.455 0.63 0.9 0.9 0.9 0.9 0.59 0.59000007 0.76999973 0.82 0.82 0.82 0.82 0.88834716 0.955 0.94178479 0.94 0.94 0.94 0.1 0.1 0.1 0.1 -0.01 -0.01 -0.01 0.3548849 0.355 0.47943813 0.48 0.48 0.51000121 0.51 0.52 0.52 0.335 
0.355 0.425 0.425 0.425 0.425 0.425 -0.084961186 -0.08 -0.08 -0.07 -0.07 -0.07 -0.07 -0.069875666 0.455 0.455 0.455 0.46290706 0.63 0.63 0.9 0.9 0.59 0.59 0.59 0.59 0.82 0.82 0.82 0.82 0.955 0.955 0.955 0.94001518 0.94 0.94 0.1 0.1 0.1 0.1 -0.01 -0.01 -0.01 0.355 0.355 0.35502238 0.75 0.75 0.775 0.775 0.52 0.52 0.335 
0.42434261 0.425 0.425 0.425 0.425 0.425 -0.08 -0.08 -0.08 -0.074647582 -0.07 -0.07 -0.07 -0.069989177 0.455 0.455 0.455 0.63 0.63 0.63 0.89998651 0.89999811 0.59 0.59 0.59 0.59 0.81998365 0.82 0.82 0.95496895 0.955 0.955 0.955 0.955 0.9393206 0.445 0.445 0.43902918 0.1 0.1 -0.0099999028 -0.01 0.34438755 0.355 0.355 0.74999986 0.75 0.75 0.775 0.775 0.29 0.29 0.15 
0.425 0.425 0.425 0.425 0.425 0.425 -0.08 -0.08 -0.08 -0.08 0.36998732 0.37 0.37 0.37 0.45500012 0.50307574 0.53 0.53 0.62981565 0.63 0.63000005 0.59000045 0.59 0.59 0.59 0.59 0.59016722 0.82 0.82000461 0.955 0.955 0.955 0.955 0.955 0.445 0.445 0.445 0.445 0.445 0.44499777 0.02 0.02 0.02000006 0.195 0.195 0.195 0.53 0.53 0.26 0.26 0.29 0.2899997 0.15 
0.425 0.425 0.425 0.425 0.425 0.425 -0.08 -0.08 -0.08 0.37 0.37 0.37 0.37 0.37 0.41217562 0.53 0.53 0.53 0.53 0.53 0.53477467 0.59 0.59 0.59 0.59 0.5994203 0.8895299 0.82953119 0.95433425 0.955 0.955 0.955 0.955 0.95499888 0.445 0.445 0.445 0.445 0.445 0.24729099 0.02 0.02 0.02 0.195 0.195 0.195 0.53 0.53 0.26 0.26 -0.18999999 0.13124423 0.15 
0.425 0.425 0.425 0.425 0.425 0.42499985 -0.079999884 -0.08 -0.061322492 0.37 0.37 0.37 0.37 0.37 0.37767459 0.53 0.53 0.53 0.53 0.53 0.53 0.84300375 0.88999958 0.89 0.89 0.89 0.89 0.89 0.38264816 0.37500687 0.37500001 0.375 0.375 0.37500005 0.445 0.445 0.445 0.445 0.445 0.02000005 0.02 0.02 0.02 0.020000078 0.19471944 0.02 0.52999995 -0.31020858 0.25948742 -0.19 -0.19 -0.19020787 -0.2 
0.425 0.425 0.425 0.425 0.425 0.42496774 -0.079972763 -0.079972773 0.36999943 0.37 0.37 0.37 0.37 0.37 0.37304446 0.53 0.53 0.53 0.53 0.53 0.53 0.89 0.89 0.89 0.89 0.89 0.89 0.89 0.37514216 0.375 0.375 0.375 0.375 0.375 0.39417999 0.445 0.445 0.445 0.445 0.02 0.02 0.02 0.02 0.02 0.02 0.02 0.017837707 -0.325 -0.325 -0.19 -0.19 -0.2 -0.2 
0.425 0.425 0.425 0.425 0.425 0.42432651 -0.079387878 0.31922044 0.37 0.37 0.37 0.37 0.37 0.37 0.37280107 0.53 0.53 0.53 0.53 0.53 0.58125746 0.89 0.89 0.89 0.89 0.89 0.89 0.89 0.37500207 0.375 0.375 0.375 0.375 0.375 0.375 0.25759427 -0.033727235 -0.19301793 -0.2172739 -0.024352278 0.019999985 0.02 0.02 0.02 0.02 0.018418164 -0.24500038 -0.325 -0.325 -0.32493021 -0.325 -0.325 -0.20000006 
0.425 0.425 0.425 0.425 0.42499949 0.4207887 -0.0375563 0.36987626 0.37 0.37 0.37 0.37 0.37 0.37 0.37373625 0.53 0.53 0.53 0.53 0.53 0.88999845 0.89 0.89 0.89 0.89 0.89 0.89 0.89 0.37500014 0.375 0.375 0.375 0.375 0.375 0.37499988 -0.23 -0.23 -0.23 -0.23 -0.67 -0.67 -0.67 -0.67 -0.24499923 -0.245 -0.245 -0.245 -0.24499741 -0.005 -0.005 -0.325 -0.325 -0.27042881 
0.425 0.425 0.425 0.42499996 0.4249859 0.41149435 0.33999787 0.36999412 0.37 0.37 0.37 0.37 0.37 0.37 0.37543139 0.52999993 0.53 0.53 0.53 0.53216668 0.89 0.89 0.89 0.89 0.89 0.89 0.89 0.89 0.37500012 0.375 0.375 0.375 0.375 0.375 -0.22999945 -0.23 -0.23 -0.23 -0.23 -0.67 -0.67 -0.67 -0.67 -0.55529433 -0.245 -0.245 -0.245 -0.0050026847 -0.005 -0.005 -0.245 -0.245 -0.245 
0.425 0.425 0.42499998 0.42499886 0.42486287 0.39473854 0.36842895 0.36999853 0.37 0.37 0.37 0.37 0.37 0.37000001 0.37772765 0.52999624 0.53 0.53 0.53000041 0.88270583 0.89 0.89 0.89 0.89 0.89 0.89 0.89 0.89 0.37500048 0.375 0.375 0.375 0.375 0.1810087 -0.2299999 -0.23 -0.23 -0.23 -0.23 -0.67 -0.67 -0.67 -0.67 -0.67 -0.245 -0.245 -0.245 -0.0050000024 -0.005 -0.005 -0.245 -0.245 -0.245 
0.42499999 0.42499997 0.42499952 0.42498656 0.4242939 0.37283464 0.36973799 0.3699991 0.37 0.37 0.37 0.37 0.37 0.3700003 0.38045772 0.52994157 0.53 0.53000001 0.53186389 0.88996939 0.89 0.89 0.89 0.89 0.89 0.89 0.89 0.8899997 0.37500323 0.375 0.37499981 0.13329673 0.11 0.11 0.11 -0.23 -0.23 -0.23 -0.23 -0.67 -0.67 -0.67 -0.67 -0.67 -0.24500753 -0.245 -0.24499988 -0.0050000172 -0.005 -0.0050001303 -0.245 -0.245 -0.245 
