interpolatedSpi/03-02|21_2.tif
NCOLS 53
NROWS 52
XLLCORNER -116.03883
YLLCORNER 28.596182
DX 0.49850594
DY 0.49788537
NODATA_VALUE -9999
-0.4 -0.4 -0.24275213 -0.66 -1.02 -0.88 -0.73 -0.63 -0.67701184 -1.05 -0.57 -0.76 -1.2198608 0.47 -0.58 -0.58 -0.58 -0.46 -0.53 -0.53 -0.53 -0.5300053 -1.08 -0.57 -0.57 -0.57 -0.67998367 -0.68 -0.68 -0.1 -0.1 -0.1 -0.1 -1.0699998 -1.07 -1.07 -1.07 -1.07 -1.07 -1.0699999 2.5509966 2.5891058 -0.92 -0.92 -0.92 -0.92 -0.91913433 -0.39 -0.39 -0.39 1.2999965 1.3 1.3 
-0.40002444 -0.95 -0.80000073 -1.0149135 -1.1901708 -0.53 -0.72 -1.7596077 -2.2 -1.51 -1.31 -1.22 -1.22 -0.91536509 0.46997393 -0.58 -0.46 -0.46 -0.52990873 -0.53 -0.53 -0.53 -0.56420992 -0.57 -0.57 -0.57 -1.5499999 -1.55 -0.1 -0.1 -0.1 -0.1 -0.1 -1.0699999 -1.07 -1.07 -1.07 -1.07 -1.07 -0.90194652 -0.010086045 -0.80957917 -0.92 -0.92 -0.92 -0.92 -0.92 -0.39 -0.39 -0.39 -0.24986358 1.3 1.3 
-1.2699829 -1.27 -1.43 -1.02 -1.53 -1.71 -1.75 -2.02 -1.95 -2.22 -1.47 -1.79 -1.44 -1.79 -0.92 -1.67 -0.46 -0.46 -0.46 -1.0198576 -1.02 -1.02 -0.46 -0.57 -0.57 -0.57 -1.55 -1.55 -1.55 -0.1 -0.1 -0.10000009 -1.0242881 -1.0700067 -1.0662769 -0.67366539 -0.67 -0.67 -0.58698939 -0.010000005 -0.01 -0.011163662 -0.92 -0.92 -0.92 -0.92 -0.92 -0.39 -0.39 -0.39 -0.39 1.3 1.3 
-1.78 -1.2700001 -1.8699816 -0.79 -1.31 -1.62 -1.86 -2.25 -1.9 -1.6305817 -1.03 -2.26 -2.27 -1.79 -1.69 -1.67 -2.0570161 -2.0588789 -1.59 -1.02 -1.02 -1.85 -0.46 -0.46 -0.57 -0.57000489 -1.55 -1.55 -1.55 -1.08 -1.5957571 -2.02 -2.02 -2.0199989 -0.67 -0.67 -0.67 -0.67 -0.01 -0.01 -0.01 -0.010000034 -0.92 -0.92 -0.92 -0.92 -0.92 -0.39000669 -0.39 -0.39 -0.39 1.2999347 1.3 
-1.78 -1.6900003 -1.87 -1.8763318 -1.31 -1.8 -2.0699582 -1.8 -1.49 -1.0100002 -2.2323326 -2.8099642 -2.56 -1.69 -1.69 -1.6827455 -2.06 -2.06 -1.59 -1.59 -1.0200016 -1.85 -1.84 -0.42 -0.7 -0.70011715 -1.55 -1.55 -1.08 -1.08 -2.02 -2.02 -2.02 -1.7955982 -0.67 -0.67 -0.67 -0.01 -0.01 -0.01 -0.01 -0.010067571 -0.92 -0.92 -0.92 -0.92 -0.92 -0.91528234 -0.39 -0.3900139 -0.7 -0.7 -0.7 
-1.25 -1.71 -0.22000007 -1.3 -1.88 -1.08 -1.72 -1.7302423 -1.39 -1.71 -1.47 -2.36 -2.3600001 -1.52 -1.52 -1.2600266 -1.26 -0.78 -0.78 -1.59 -1.6 -1.6 -0.42 -0.7 -0.7 -1.2 -1.16 -1.16 -0.040095588 -1.08 -2.02 -2.02 -0.83 -0.83013165 -2.0899094 -0.96 -0.96 -0.30390419 -0.01 -0.01 -0.70912695 -0.71 -0.7099997 -1.8728768 -1.8898928 -1.8899997 -1.89 -1.8899996 -1.9686245 -0.7 -0.7 -0.7 -0.7 
-0.31000654 -1.15 -1.1197489 -0.090000001 0.29 -1.56 -0.85999999 -1.17 -1.76 -1.76 -1.47 -1.16 -1.1299998 -1.52 -1.3700004 -1.37 -1.26 -1.62 -1.56 -1.56 -1.7932186 -2.01 -2.01 -0.44 -1.2 -1.2 -1.16 -1.16 -0.040050118 -0.04092271 -1.4183905 -0.83 -0.83 -2.09 -2.09 -1.1016064 -0.96 -0.96 -0.54001456 -0.70999976 -0.71 -0.71 -0.71000004 -1.8899987 -1.89 -1.89 -1.89 -1.8900002 -2.24 -0.70030519 -0.7 -0.7 -0.7 
-0.31 0.67 -0.76 -1.09 -1.1999937 -0.94 -1.01 -1.45 -1.43 -1.61 -1.61 -0.43 -1.13 -1.13 -1.3683534 -1.6067968 -1.63 -0.56 -1.4200001 -1.56 -0.78924168 -0.74 -1.69 -1.37 -1.3700079 -1.98 -1.07 -1.07 -0.89698644 -0.90000001 -1.42 -0.7218541 0.56 -2.09 -2.0788767 -1.22 -1.22 -0.54 -0.54 -0.71 -0.71 -0.71 -1.6550617 -1.66 -1.89 -1.89 -1.89 -2.2399867 -2.24 -2.24 -0.7 -0.7 -0.7 
0.34381159 0.66999999 -0.1 -1.29 -2.16 -1.12 -1.37 -1.09 -1.61 -1.7056925 -1.54 -1.32 -1.32 -1.24 -1.2400024 -1.241087 -1.24 -1.24 -0.69128033 -0.53000017 -1.32 -1.32 -1.68 -1.6860592 -1.9185281 -1.98 -0.1 -1.07 -0.73197574 -0.73 -1.08 -0.65 -0.87663872 -1.32 -1.7 -1.96 -2.42 -1.83 -1.6101016 -0.70933043 -0.56 -0.99 -1.6599837 -1.66 -1.6612946 -1.89 -2.67 -2.24 -2.24 -2.24 -2.24 -0.73859731 -2.09 
-1.48 -1.48 -0.98 -1.95 -1.84 -1.66 -0.84 -0.72 -1.34 -1.729921 -1.81 -0.13 -1.24 -1.24 -1.49 -1.4865711 -1.24 -1.2401441 -1.85 -0.53 -0.53 -0.63177852 -1.68 -1.6600004 -1.66 -1.66 -0.1 -1.48 -1.48 -0.73 -0.73 -0.65085348 -1.1 -1.32 -0.98 -1.96 -2.42 -2.02 -1.61 -1.5312966 -0.98999998 -1.1993835 -1.56 -1.66 -1.66 -2.67 -2.67 -2.67 -2.24 -2.24 -1.01 -1.01 -1.0100004 
-1.48 -1.48 -1.55 -1.99 -1.53 -1.62 -1.41 -0.71018696 -0.54 -0.78 -1.54 -0.74 -0.13081373 -1.49 -1.49 -1.4900681 -2.08 -2.0679285 -1.85 -1.13 -1.13 -0.79 -0.79 -1.66 -1.66 -1.66 -1.48 -1.48 -1.48 -1.7 -1.7 -1.699999 -1.17 -1.17 -1.33 -1.97 -1.18 -3.0699925 -2.21 -1.53 -1.53 0.27999395 -1.56 -1.66 -1.2100008 -2.16 -1.6842637 -1.68 -2.24 -2.24 -1.01 -1.01 -1.01 
-1.48 -1.5103654 -1.7377637 -1.2500236 -1.42 -1.98 -1.41 -0.71 -0.54000142 -0.77734109 -0.74000005 -0.74 -0.5 -1.49 -1.49 -2.08 -2.08 -2.0799869 -1.85 -1.13 -1.0632309 -0.79 -0.79 -1.6599655 -1.66 -1.3608652 -0.75 -0.75 -0.75000009 -1.7 -1.7 -1.15 -1.15 -1.1700004 -1.33 -1.57 -1.3419577 -3.07 -3.07 -1.5299999 0.28 0.28 0.27998894 -1.21 -1.21 -2.16 -1.68 -1.68 -2.24 -2.24 -1.01 -1.01 -1.01 
-0.18 -0.32996947 -0.22006519 -0.22747185 -1.4200028 -1.9799868 -1.41 -0.71861659 -0.55171474 -0.54626704 -0.5 -0.5 -0.5 -0.5 -1.4898598 -2.08 -2.08 -2.0770303 -1.85 -1.1300566 -1.31 -1.31 -1.31 -1.31 -1.6533106 -0.75 -0.75 -0.75 -0.75 -0.75079202 -1.15 -1.15 -1.15 -1.15 -1.57 -1.57 -1.57 -2.9966482 -3.0586591 -1.56 -1.56 0.27990103 -1.4199928 -1.2100202 -1.21 -2.16 -1.68 -1.68 -2.24 -2.24 -1.0144623 -1.01 -1.3497642 
-0.18 -0.22 -0.22 -0.22 -0.22 -0.22000074 -1.411459 -1.078764 -0.58296862 -0.50004904 -0.5 -0.5 -0.5 -0.5 -0.49999983 -2.08 -2.08 -2.0642236 -1.8500015 -1.31 -1.31 -1.31 -1.31 -1.31 -1.3078362 -1.2988099 -1.6099998 -1.61 -1.61 -1.61 -1.15 -1.15 -1.1499996 -0.82 -0.82 -1.57 -1.1519576 -1.14 -1.5599998 -1.56 -1.56 -1.56 -1.42 -1.42 -1.42 -1.4251497 -1.5509455 -1.55 -1.55 -1.55 -1.55 -1.2799999 -1.28 
0.71 -0.22 -0.22 -0.22 -0.22 -0.22 -0.22000008 -0.75735736 -0.25157501 -0.25 -0.25 -0.25 -0.25 -0.25 -0.25 0.36701506 -2.0409405 -2.0485048 -1.310068 -1.31 -1.31 -1.31 -1.31 -1.3099988 -1.21 -1.21 -1.2100006 -1.61 -1.61 -1.60996 -1.59 -1.59 -0.82 -0.82 -0.82 -1.0887394 -1.14 -1.14 -1.14 -1.56 -1.56 -1.56 -1.42 -1.42 -1.42 -1.42 -1.55 -1.55 -1.55 -1.55 -1.55 -1.28 -1.28 
0.71 0.36377157 -0.22 -0.22 -0.22 -0.22 0.45986654 0.46 0.45999998 -0.25 -0.25 -0.25 -0.25 -0.25 -0.11101759 0.38 0.38 0.38 -0.29310471 -0.29000104 -0.29 -0.29 -0.29 -0.29 -1.21 -1.21 -1.21 -1.21 -1.61 -1.59 -1.59 -1.59 -0.82000007 -0.82 -0.82 -1.06 -1.1398941 -1.14 -1.14 -1.5598935 -1.3475888 -0.85212203 -1.42 -1.42 -0.72216024 -0.72 -0.72 -1.5483872 -0.57342466 -0.57000009 -0.57000019 -0.26015447 -1.2799979 
0.71 0.19423462 -0.017581585 -0.22 -0.22 0.45959822 0.46 0.46 0.46 0.45488354 -0.25 -0.25 -0.25 -0.24999992 0.38 0.38 0.38 0.38 -0.2894015 -0.29 -0.29 -0.29 -0.29 -0.29 -1.21 -1.21 -1.21 -1.21 -1.2113822 -1.59 -1.59 -1.59 -1.77 -0.82004735 -1.06 -1.06 -1.06 -1.0590166 -0.86836248 -0.85 -0.85 -0.85 -0.83 -0.83 -0.72 -0.72 -0.72 -0.57 -0.57 -0.57 -0.57 -0.26 -0.26 
0.18055339 0.18 0.18 0.18 0.03 0.45998891 0.46 0.46 0.46 0.46 -0.21290272 -0.24999362 -0.24999999 0.38 0.38 0.38 0.38 0.38 0.30348677 -0.29 -0.29 -0.29 -0.29 -0.29 -0.96052305 -1.3399993 -1.34 -1.34 -1.34 -1.59 -1.77 -1.77 -1.77 -1.77 -1.06 -1.0599976 -0.97 -0.97 -0.85149838 -0.85 -0.85 -0.85 -0.83 -0.83 -0.73703179 -0.72 -0.72 -0.57 -0.57 -0.57 -0.56667599 -0.26 -0.26 
0.18 0.18 0.18 0.10936276 0.03 0.03 0.46 0.46 0.46 0.46 0.24 0.24 0.24 0.38 0.38 0.38 0.38 0.38002148 1.0093125e-12 -6.660471e-11 -0.28999988 -0.29 -0.29681682 -0.57 -0.57693197 -1.34 -1.34 -1.34 -1.34 -1.7699562 -1.77 -1.77 -1.77 -1.77 -0.97000032 -0.97 -0.97 -0.97 -0.96953425 -0.85 -0.85 -0.85 -0.83 -0.83 -0.83 -0.72 -0.72 -0.57 -0.57 -0.57 -0.26 -0.26 -0.26 
0.18 0.18 0.18 0.03 0.03 0.03 0.030000657 0.46 0.46 0.2402271 0.24 0.24 0.24 0.24008723 0.48522491 0.51 0.51 0.51 2.7404269e-24 -5.9282057e-42 -1.8948132e-19 -0.57 -0.57 -0.57 -0.56990476 -0.75777802 -1.34 -1.34 -1.34 -0.95488825 -0.78009737 -0.78 -0.78 -0.78 -0.65417551 -0.21000173 -0.21 -0.21 -0.21 0.089871381 0.09 0.09 -0.83 -0.83 -0.31000217 -0.30999997 -0.23 -0.23 -0.22 -0.22 -0.22 -0.26 -0.36990165 
0.18000109 0.18 0.17999999 0.03 0.03 0.03 0.029999996 -0.30999978 0.45692124 0.23990025 0.24 0.24 0.24 0.24052981 0.51 0.51 0.51 0.50999985 6.1599217e-41 -5.8587969e-98 -2.0814855e-38 -0.57 -0.57 -0.57 -0.23 -0.23 -0.020000003 -0.02 -0.02 -0.024146039 -0.78 -0.78 -0.78 -0.78 -0.49515647 -0.21 -0.21 -0.21 -0.21 0.09 0.09 0.09 0.07741447 -0.31 -0.31 -0.31 -0.23 -0.23 -0.22 -0.22 -0.22 -0.36999999 -0.37 
0.53 0.34149686 -0.56 -0.55982883 0.03 -0.30803277 -0.31 -0.31 -0.21161777 0.13 0.13 0.13 0.13 -0.079993163 -0.079999997 0.50999955 0.51 0.49656225 2.7504251e-39 -1.9955862e-72 -2.4969192e-32 -0.2 -0.2 -0.2 -0.23 -0.23 -0.02 -0.02 -0.02 -0.019999797 0.25999339 0.25999708 -0.75386116 -0.77888505 -0.040841167 -0.04 -0.04 -0.04 -0.04 0.09 0.09 0.09 -0.2879747 -0.31 -0.31 -0.30999998 -0.23 -0.23 -0.22999964 -0.22 -0.22000715 -0.38 -0.37 
-0.049889856 -0.050000088 -0.56 -0.56 -0.56 -0.31 -0.31 -0.31 -0.04 -0.04 0.13 0.13 0.13 -0.08 -0.08 -0.08 -0.08 -0.079988875 9.3183882e-17 1.9109185e-26 -7.6678365e-09 -0.2 -0.2 -0.2 -0.23 -0.23 -0.02 -0.02 -0.02 0.25684298 0.26 0.26 0.26 0.26 -0.039851968 -0.04 -0.04 -0.04 -0.04 0.15999998 0.16 0.16 0.16 -0.30999893 -0.17 -0.17 -0.17 -0.28 -0.28 -0.28 -0.38 -0.38 -0.38 
-0.05 -0.05 -0.56 -0.56 -0.56 -0.31131404 -0.31 -0.04 -0.04 -0.04 0.12997907 0.13 0.048287528 -0.079999975 -0.08 -0.08 -0.08 0.27 0.27 0.27 0.049999995 0.049999814 -0.19999878 -0.2 -0.19996692 -0.13 -0.13 -0.12999974 -0.020017777 0.25000199 0.25000005 0.25000175 0.25998291 0.25999137 0.013425805 -0.039999838 -0.038592485 0.38 0.38 0.16 0.16 0.16 0.16 -0.17 -0.17 -0.17 -0.17 -0.28 -0.28 -0.28 -0.38 -0.38 -0.38 
-0.05 -0.05 -0.56 -0.56 -0.56 -0.56 -0.20894689 -0.04 -0.04 -0.04 -0.039961333 0.03 0.03 0.03 -0.079351745 -0.08 0.26766769 0.27 0.27 0.27 0.05 0.05 0.05 0.05 -0.13 -0.13 -0.13 -0.13 -0.13 0.25 0.25 0.25 0.25 0.25000055 0.51 0.38 0.38 0.38 0.38 0.38000081 0.67 0.67 0.67 0.4226848 -0.09 -0.09 -0.09 -0.27999999 -0.2799997 0.03 0.03 0.029900257 0.03 
-0.05 -0.05 -0.37592581 -0.56 -0.56 -0.55999999 -0.28955637 -0.040787862 -0.04 -0.04 0.029999947 0.03 0.03 0.03 0.03 0.021019356 0.27 0.27 0.27 0.27 0.050001702 0.05 0.05 0.05 -0.13 -0.13 -0.13 -0.13 -0.13 0.27955826 0.25 0.25 0.25 0.51 0.51 0.50989905 0.38 0.38 0.71766711 0.97999995 0.67 0.67 0.67 0.42724792 -0.09 -0.09 -0.09 0.45 0.035233159 0.03 0.03 0.03 0.03 
0.07 0.07 0.07 -0.40204168 -0.55996498 -0.29 -0.29 -0.29 -0.29 -0.22 -0.22 0.029999982 0.03 0.03 0.03 0.030015193 0.27 0.27 0.27 0.27 0.14600086 0.05 0.05 0.050785113 0.070648939 -0.13 -0.13 -0.13 0.29 0.29 0.29 0.28999983 0.51 0.51 0.51 0.51 0.98 0.98 0.98 0.98 0.53 0.53 0.53 0.31000442 0.31 0.31 0.30999987 0.45 0.45 0.030511747 0.03 0.030000252 0.03 
0.07 0.07 0.07 0.069967151 -0.54 -0.50364589 -0.29 -0.29 -0.29 -0.22 -0.22 -0.22 -0.39999998 -0.4 -0.4 -0.39999999 0.26873604 0.27 0.27 0.27 0.26666566 0.079999918 0.08 0.08 0.08 0.079999988 -0.29 -0.29 0.29 0.29 0.29 0.29 0.51000014 0.51 0.51 0.51001548 0.97999998 0.98 0.98 0.97754338 0.53 0.53 0.53 0.3100102 0.31 0.31 0.31 0.45 0.45 0.44999995 0.08 0.08 0.49 
0.07 0.07 0.07 -0.53999859 -0.54 -0.54 -0.29000009 -0.29 -0.29 -0.22 -0.22 -0.22 -0.4 -0.4 -0.4 -0.40152319 -0.42 -0.42 -0.41999822 0.2661027 0.08 0.08 0.08 0.08 0.08 0.079721556 -0.29 -0.29 -0.29 0.29 0.29 0.28960737 0.7 0.7 0.7 -0.18 -0.18 0.42 0.42 0.42 0.01 0.52983689 0.52999828 0.3 0.3 0.30037899 0.31000021 0.45 0.45 0.08 0.08 0.08 0.49 
0.07 0.07 0.07 -0.54 -0.54 -0.54 -0.54 -0.29 -0.29 -0.22 -0.22 -0.3928026 -0.4 -0.4 -0.4 -0.42 -0.42 -0.42 -0.42 -0.42 0.08 0.08 0.08 0.08 0.08 -0.28999874 -0.29 -0.29 -0.29 -0.32 -0.32 -0.32 0.7 0.7 0.7 -0.18 -0.18 0.42 0.42 0.01 0.01 0.01 0.3 0.3 0.3 0.3 0.29260674 0.21 0.21 0.21 0.080000004 0.31 0.31 
0.07 0.07 0.069150548 -0.54 -0.54 -0.54 -0.54 -0.51143965 -0.51 -0.50950211 -0.22000001 -0.40000251 -0.4 -0.4 -0.40000007 -0.42 -0.42 -0.42 -0.42 -0.42 -0.092651911 0.08 0.08 0.08 0.08006385 -0.28996174 -0.29 -0.29 -0.29 -0.32 -0.32 -0.32 -0.31985432 0.7 -0.18 -0.18 -0.18 -0.17997525 0.41997204 0.01 0.01 0.01 0.29998239 0.3 0.3 0.3 0.21000402 0.21 0.21 0.21 0.31 0.31 0.31 
-0.61 -0.60999881 -0.53968165 -0.54 -0.54 -0.54 -0.51000638 -0.51 -0.51 -0.51 -0.43 -0.43 -0.43 -0.43 -0.42004615 -0.42 -0.42 -0.42 -0.42 -0.10000019 -0.1 -0.1 0.38999995 0.39 0.39 0.39 0.33130725 -0.29 -0.50999099 -0.51 -0.51 -0.51 -0.51 -0.099999999 -0.1 -0.1 -0.1 -0.1 0.61 0.61 0.61 0.61 0.61 0.6095327 0.61 0.61 0.61 0.21 0.21 0.21 0.30998425 0.31 0.31 
-0.61 -0.61 -0.60882783 -0.47000014 -0.47000002 -0.47003904 -0.51 -0.51 -0.51 -0.51 -0.43 -0.43 -0.43 -0.43 -0.43 -0.42 -0.42 -0.42 -0.10000008 -0.1 -0.1 -0.1 0.39 0.39 0.39 0.39 0.39 0.38985521 -0.51008882 -0.51 -0.51 -0.51 -0.51003568 0.1097536 -0.099782809 -0.1 -0.1 -0.099999995 0.61 0.61 0.61 0.61 0.61 0.61 0.61 0.61 0.61 0.42295218 0.21 0.30888431 0.31 0.05 0.05 
-0.61 -0.61 -0.47001773 -0.47 -0.47 -0.47 -0.48015983 -0.51 -0.51 -0.51 -0.43 -0.43 -0.43 -0.43 -0.43 -0.4200057 -0.42 -0.10009382 -0.1 -0.1 -0.1 -0.1 0.20847632 0.39 0.39 0.39 0.39 0.38919986 -0.74 -0.74 -0.74 -0.74 -0.74 0.27 0.27 0.27 0.27 0.27 0.93 0.93 0.93 0.93 0.93 0.60975583 0.60999995 0.61 0.60998305 0.60791717 0.31 0.31 0.31 0.050001456 0.05 
-0.61000015 -0.68844032 -0.47000003 -0.47 -0.47 -0.47 -0.47 -0.50998297 -0.51 -0.51 -0.43 -0.43 -0.43 -0.43 -0.2148865 -0.21 -0.21 -0.10000283 -0.1 -0.1 -0.1 -0.1 -0.099999964 0.39 0.39 0.39 0.39 -0.32000037 -0.32000019 -0.40938621 -0.74 -0.74 -0.74 0.27 0.27 0.27 0.27 0.2700745 0.93 0.93 0.93 0.93 0.92997165 0.51 0.51 0.51 0.51 0.50998387 0.31 0.31 0.31 0.30999976 -0.08793816 
-0.69 -0.69 -0.65378823 -0.47 -0.47 -0.47 -0.47 -0.47 -0.50998214 -0.18000001 -0.18 -0.18 -0.1805933 -0.21000032 -0.21 -0.21 -0.21 -0.21 -0.09999988 -0.098974275 -0.09 -0.09 -0.09 0.029567541 0.34277854 0.090105453 -0.12316957 -0.32 -0.32 -0.32 -0.32 -0.32 -0.32989311 0.37719414 0.38 0.38 0.38 0.38 0.86049399 0.56000066 0.56 0.56 0.56 -0.17999798 0.50999982 0.51 0.51 -0.43 0.30998815 0.31 0.31 -0.09 -0.09 
-0.69 -0.69 -0.72 -0.72 -0.72 -0.47008328 -0.47 -0.47 -0.18 -0.18 -0.18 -0.18 -0.18 -0.21 -0.21 -0.21 -0.21 -0.21 -0.09 -0.09 -0.09 -0.09 -0.09 -0.19999999 -0.2 -0.2 -0.2 -0.32 -0.32 -0.32 -0.32 -0.32 0.13 0.13 0.38 0.38 0.38 0.19003236 0.19 0.56 0.56 0.56 0.55999986 -0.18 -0.18 -0.18 -0.43 -0.43 -0.43 -0.24 -0.24 -0.09 -0.09 
-0.69 -0.69 -0.72 -0.72 -0.72 -0.72 -0.71999649 -0.08 -0.17990585 -0.18 -0.18 -0.18 -0.18 -0.20962578 -0.21 -0.21 -0.21 -0.21 -0.090000002 -0.09 -0.09 -0.09 -0.09 -0.2 -0.2 -0.2 -0.2 -0.20000048 -0.32 -0.32 -0.32 0.12997641 0.13 0.13 0.13 0.38 0.19 0.19 0.19 0.19973539 -0.23242796 -0.38 -0.38 -0.18 -0.18 -0.18 -0.43 -0.43 -0.43 -0.24 -0.24 -0.24 -0.026599855 
-0.51 -0.51000141 -0.72 -0.72 -0.72 -0.72 -0.08 -0.08 -0.08 -0.18 -0.18 -0.18 -0.18 -0.18000933 -0.21 -0.21 -0.21 -0.21 -0.090002343 -0.090000001 -0.09 -0.090000009 -0.18063552 -0.2 -0.2 -0.2 -0.2 -0.09000009 -0.09 -0.090000003 -0.31751467 0.13 0.13 0.13 0.12999974 -0.14 0.19 0.19 0.19 0.19 -0.38 -0.38 -0.38 0.06 0.06 0.06 0.30992793 -0.43 -0.43 -0.24 -0.24 -0.24 -0.020000808 
-0.51 -0.51 -0.72 -0.72 -0.72 -0.08 -0.08 -0.08 -0.08 -0.16903713 -0.18 -0.18 -0.18 -0.18000015 -0.21999885 -0.22 -0.22 -0.22 -0.72797863 -0.68 -0.68 -0.68 -0.68 -0.2 -0.2 -0.2 -0.19999274 -0.09 -0.09 -0.09 -0.09 0.12997461 -0.02186719 -0.14 -0.14 -0.14 0.18891632 -0.099993962 -0.1 -0.1 -0.37927937 0.53999997 0.54 0.06 0.06 0.060001058 0.31 0.31 -0.43 -0.43 -0.43 0.01 -0.31 
-0.51 -0.51 0.5 0.5 0.5 -0.08 -0.08 -0.08 -0.08 -0.14 -0.14 -0.14 -0.14 -0.14563779 -0.22 -0.22 -0.22 -0.22 -0.73 -0.68 -0.68 -0.68 -0.68 -0.36 -0.35999994 -0.20000024 -0.09 -0.09 -0.09 -0.09 -0.049497981 -0.01 -0.12453178 -0.14 -0.14 -0.14 -0.1 -0.1 -0.1 -0.1 0.54 0.54 0.54 1.1198171 1.12 0.31364089 0.31 0.31 -0.42999719 -0.43 0.01 0.01 -0.31 
-0.51 0.5 0.5 0.5 0.5 0.5 -0.082406497 -0.39 -0.39 -0.14 -0.14 -0.14 -0.14 -0.14001895 -0.22 -0.22 -0.22 -0.24304342 -0.73 -0.73 -0.68 -0.68 -0.36 -0.36 -0.36 -0.36 -0.09 -0.09 -0.09 -0.09 -0.01 -0.01 -0.01 -0.13986845 -0.14 -0.14 -0.1 -0.1 -0.1 -0.1 0.54 0.54 0.54 1.12 1.12 1.1199734 0.65 0.65 0.11 0.11 0.0099999997 0.01 -0.31 
0.49051484 0.5 0.5 0.5 0.5 0.5 -0.39 -0.39 -0.39 -0.25618955 -0.14 -0.14 -0.14 -0.14000361 -0.22 -0.22 -0.22 -0.73 -0.73 -0.73 -0.6800025 -0.67999805 -0.36 -0.36 -0.36 -0.36 -0.090019192 -0.09 -0.09 -0.010018398 -0.01 -0.01 -0.01 -0.01 -0.1397015 -0.15 -0.15 -0.14913466 -0.1 -0.1 0.53999943 0.54 1.1031364 1.12 1.12 0.65000017 0.65 0.65 0.11 0.11 -0.29 -0.29 -0.71 
0.5 0.5 0.5 0.5 0.5 0.5 -0.39 -0.39 -0.39 -0.39 -0.3099951 -0.31 -0.31 -0.31 -0.22000102 -0.43153327 -0.55 -0.55 -0.72966817 -0.73 -0.72999999 -0.36000046 -0.36 -0.36 -0.36 -0.36 -0.35980369 -0.09 -0.089997266 -0.01 -0.01 -0.01 -0.01 -0.01 -0.15 -0.15 -0.15 -0.15 -0.15 -0.14999926 0.09 0.09 0.089999905 -0.19 -0.19 -0.19 -0.74 -0.74 -1.17 -1.17 -0.29 -0.29000091 -0.71 
0.5 0.5 0.5 0.5 0.5 0.5 -0.39 -0.39 -0.39 -0.31 -0.31 -0.31 -0.31 -0.31 -0.37326342 -0.55 -0.55 -0.55 -0.55 -0.55 -0.55859441 -0.36 -0.36 -0.36 -0.36 -0.35089371 -0.070454427 -0.087277264 -0.010394518 -0.01 -0.01 -0.01 -0.01 -0.010000307 -0.15 -0.15 -0.15 -0.15 -0.15 -0.038352558 0.09 0.09 0.09 -0.19 -0.19 -0.19 -0.74 -0.74 -1.17 -1.17 -0.28000002 -0.68627921 -0.71 
0.5 0.5 0.5 0.5 0.5 0.49999973 -0.38999979 -0.39 -0.38667955 -0.31 -0.31 -0.31 -0.31 -0.31 -0.32151188 -0.55 -0.55 -0.55 -0.55 -0.55 -0.55 -0.1158445 -0.070000406 -0.07 -0.07 -0.07 -0.07 -0.07 0.21579242 0.21999728 0.21999999 0.22 0.22 0.21999973 -0.15 -0.15 -0.15 -0.15 -0.15 0.089999972 0.09 0.09 0.09 0.089999876 -0.1904489 -0.47 -0.73999997 -0.14055294 -1.1690887 -0.28 -0.28 -0.26732015 0.33 
0.5 0.5 0.5 0.5 0.5 0.49994314 -0.389952 -0.38999516 -0.3100001 -0.31 -0.31 -0.31 -0.31 -0.31 -0.31456669 -0.55 -0.55 -0.55 -0.55 -0.55 -0.55 -0.07 -0.07 -0.07 -0.07 -0.07 -0.07 -0.07 0.21991995 0.22 0.22 0.22 0.22 0.22 0.11862004 -0.15 -0.15 -0.15 -0.15 0.09 0.09 0.09 0.09 0.089856542 -0.47 -0.47 -0.46786904 -0.13 -0.13 -0.28 -0.28 0.33 0.33 
0.5 0.5 0.5 0.5 0.49999999 0.49881306 -0.38894128 -0.31902748 -0.31 -0.31 -0.31 -0.31 -0.31 -0.31 -0.31420161 -0.55 -0.55 -0.55 -0.55 -0.55 -0.48165672 -0.07 -0.07 -0.07 -0.07 -0.07 -0.07 -0.07 0.21999884 0.22 0.22 0.22 0.22 0.22 0.22 -0.26659677 -0.44787472 -0.54698893 -0.56208416 0.023792976 0.089999977 0.09 0.09 -0.46995528 -0.47 -0.47173107 -0.75999699 -0.13 -0.13 0.049893139 0.05 0.05 0.32999987 
0.5 0.5 0.5 0.5 0.4999991 0.49257778 -0.37684813 -0.310022 -0.31 -0.31 -0.31 -0.31 -0.31 -0.31 -0.31560437 -0.55 -0.55 -0.55 -0.55 -0.55 -0.070002073 -0.07 -0.07 -0.07 -0.07 -0.07 -0.07 -0.07 0.21999992 0.22 0.22 0.22 0.22 0.22 0.21999984 -0.57 -0.57 -0.57 -0.57 -0.94 -0.94 -0.94 -0.94 -0.75999916 -0.76 -0.76 -0.76 -0.75999634 -0.44 -0.44 0.05 0.05 -0.159026 
0.5 0.5 0.5 0.49999993 0.49997515 0.47587416 -0.3139558 -0.31000104 -0.31 -0.31 -0.31 -0.31 -0.31 -0.31 -0.31814708 -0.5499999 -0.55 -0.55 -0.55 -0.54711109 -0.07 -0.07 -0.07 -0.07 -0.07 -0.07 -0.07 -0.07 0.21999994 0.22 0.22 0.22 0.22 0.22 -0.56999928 -0.57 -0.57 -0.57 -0.57 -0.94 -0.94 -0.94 -0.94 -0.89141877 -0.76 -0.76 -0.76 -0.44000358 -0.44 -0.44 -0.25 -0.25 -0.25 
0.5 0.5 0.49999996 0.49999798 0.49975658 0.41322952 -0.31011591 -0.31000026 -0.31 -0.31 -0.31 -0.31 -0.31 -0.31000002 -0.32159148 -0.54999436 -0.55 -0.55 -0.54999945 -0.079725561 -0.07 -0.07 -0.07 -0.07 -0.07 -0.07 -0.07 -0.07 0.21999973 0.22 0.22 0.22 0.22 -0.23386611 -0.56999995 -0.57 -0.57 -0.57 -0.57 -0.94 -0.94 -0.94 -0.94 -0.94 -0.76 -0.76 -0.76 -0.44 -0.44 -0.44 -0.25 -0.25 -0.25 
0.49999999 0.49999994 0.49999916 0.49997617 0.49856139 0.025104671 -0.30999798 -0.31000016 -0.31 -0.31 -0.31 -0.31 -0.31 -0.31000045 -0.32568658 -0.54991235 -0.54999999 -0.54999998 -0.54751481 -0.070040814 -0.07 -0.07 -0.07 -0.07 -0.07 -0.07 -0.07 -0.069999831 0.21999818 0.22 0.21999956 -0.34549445 -0.4 -0.4 -0.4 -0.57 -0.57 -0.57 -0.57 -0.94 -0.94 -0.94 -0.94 -0.94 -0.76000319 -0.76 -0.75999984 -0.44000002 -0.44 -0.4399999 -0.25 -0.25 -0.25 
