interpolatedSpi/03-05|23_2.tif
NCOLS 53
NROWS 52
XLLCORNER -116.03883
YLLCORNER 28.596182
DX 0.49850594
DY 0.49788537
NODATA_VALUE -9999
[rows 0 to 38 of 52, columns 0 to 52 of 53]
-0.565 -0.565 -1.4484209 -1.8275 -1.01 -0.9825 -1.12 -0.63 -1.2540908 -0.775 -0.7975 -0.9075 -1.2349848 -1.05 -0.8575 -0.8575 -0.8575 -0.71 -1.125 -1.125 -1.125 -1.1249904 -0.13250001 -1.39 -1.39 -1.39 -0.37999445 -0.38 -0.38 -1.1825 -1.1825 -1.1825 -1.1825 -2.3699998 -2.37 -2.37 -2.37 -2.37 -2.37 -2.3699999 0.38284782 0.41189614 -1.9575 -1.9575 -1.9575 -1.9575 -1.9563567 -1.2575 -1.2575 -1.2575 -0.28250202 -0.2825 -0.2825
-0.56503432 -1.3375 -1.3724994 -1.2899027 -1.4823223 -1.1025 -1.34 -1.2022058 -1.025 -1.3275 -1.265 -1.235 -1.235 -1.1745832 -1.0499998 -0.8575 -0.71 -0.71 -1.1244589 -1.125 -1.125 -1.125 -1.3709191 -1.39 -1.39 -1.39 -1.69 -1.69 -1.1825 -1.1825 -1.1825 -1.1825 -1.1825 -2.3699998 -2.37 -2.37 -2.37 -2.37 -2.3699999 -2.2452188 -1.6350279 -1.9183672 -1.9575 -1.9575 -1.9575 -1.9575 -1.9575 -1.2575 -1.2575 -1.2575 -1.1766521 -0.2825 -0.2825
-0.26253478 -0.2625 -0.89 -0.9975 -1.3 -0.9575 -1.4675 -0.825 -1.605 -1.5625 -1.485 -1.62 -1.96 -0.6625 -1.175 -1.905 -0.71 -0.71 -0.71 -0.92255887 -0.9225 -0.9225 -1.0275 -1.39 -1.39 -1.39 -1.69 -1.69 -1.69 -1.1825 -1.1825 -1.1825 -1.4725435 -2.3679239 -2.3626701 -1.5897162 -1.5825 -1.5825 -1.5891031 -1.635 -1.635 -1.6354124 -1.9575 -1.9575 -1.9575 -1.9575 -1.9575 -1.2575 -1.2575 -1.2575 -1.2575 -0.2825 -0.2825
0.0125 -0.26250012 -0.86512293 -0.7275 -1.345 -1.15 -1.11 -1.4625 -1.4 -1.331123 -1.62 -1.345 -1.4475 -0.6625 -1.84 -1.905 -1.3046288 -1.2995866 -1.2625 -0.9225 -0.9225 -1.4625 -1.0275 -1.0275 -1.39 -1.3900015 -1.69 -1.69 -1.69 -1.125 -1.4871273 -1.785 -1.785 -1.7849998 -1.5825 -1.5825 -1.5825 -1.5825 -1.635 -1.635 -1.635 -1.635 -1.9575 -1.9575 -1.9575 -1.9575 -1.9575 -1.2575088 -1.2575 -1.2575 -1.2575 -0.28251764 -0.2825
0.0125 0.10249823 -0.865 -1.4781659 -1.345 -1.645 -1.6900572 -2.345 -2.2625 -1.8475001 -1.698782 -1.6274366 -1.185 -1.84 -1.84 -1.873986 -1.3 -1.3 -1.2625 -1.2625 -0.92250107 -1.4625 -1.17 -0.555 -1.135 -1.134961 -1.69 -1.69 -1.125 -1.125 -1.785 -1.785 -1.785 -1.7359709 -1.5825 -1.5825 -1.5825 -1.635 -1.635 -1.635 -1.635 -1.6349271 -1.9575 -1.9575 -1.9575 -1.9575 -1.9575 -1.9512691 -1.2575 -1.2574805 -0.8225 -0.8225 -0.8225
-1.2575 -0.74 -0.71749997 -1.19 -1.08 -1.21 -1.79 -1.8610559 -1.815 -2.165 -1.765 -1.74 -1.7399996 -1.295 -1.295 -0.83248612 -0.8325 -0.9025 -0.9025 -1.2624993 -1.4225 -1.4225 -0.555 -1.135 -1.135 -0.9675 -1.5 -1.5 -0.93001887 -1.125 -1.785 -1.785 -1.525 -1.5249545 -1.0900313 -1.685 -1.685 -1.6504686 -1.635 -1.635 -0.88094165 -0.88 -0.87999934 -1.3656358 -1.3550666 -1.3550002 -1.355 -1.3550002 -1.20015 -0.8225 -0.8225 -0.8225 -0.8225
0.022481235 0.0775 -0.54606412 -0.8275 -0.6825 -1.23 -1.295 -1.7025 -2.02 -2.02 -1.765 -1.55 -1.505 -1.295 -0.77500156 -0.775 -0.8325 -0.435 -0.5025 -0.5025 -1.3400286 -1.2475 -1.2475 -1.015 -0.9675 -0.9675 -1.5 -1.5 -0.93005085 -0.93093612 -0.90527415 -1.525 -1.525 -1.09 -1.09 -1.4453584 -1.685 -1.685 -1.8524942 -0.88000135 -0.88 -0.88 -0.87999685 -1.3549991 -1.355 -1.355 -1.355 -1.3549999 -1.2625 -0.8225872 -0.8225 -0.8225 -0.8225
0.0225 -0.9125 -0.155 -1.29 -1.027515 -1.1025 -1.4375 -1.73 -0.8725 -1.425 -1.425 -1.3325 -1.505 -1.505 -0.78000848 -0.75906175 -0.7575 -0.3825 -0.34000017 -0.5025 -0.31758903 -0.245 -1.3925 -0.10000001 -0.10001029 -0.8975 -0.7625 -0.76250026 -1.7994426 -1.8025 -0.9025 -1.0375612 -1.0825 -1.09 -1.0926382 -1.245 -1.245 -1.8525 -1.8525 -0.88 -0.88 -0.87999999 -1.1818434 -1.185 -1.355 -1.355 -1.355 -1.2625035 -1.2625 -1.2625 -0.8225 -0.8225 -0.8225
-0.99328852 -0.91249998 0.355 -1.0225 -1.1975 -1.835 -1.4625 -0.7925 -1.1975 -0.67517836 -0.9675 -1.515 -1.515 -0.835 -0.83499751 -1.7472338 -1.75 -1.75 -0.37601232 -1.24 -1.1 -1.1 -1.6725 -1.5028434 -0.81713306 -0.8975 -1.06 -0.7625 -0.58106051 -0.58 -1.025 -1.22 -1.1683751 -1.3075 -1.1825 -1.215 -1.3375 -1.8325 -1.2727586 -0.87871667 -0.5925 -0.72 -1.1848982 -1.185 -1.1859569 -1.355 -1.955 -1.2625 -1.2625 -1.2625 -1.2625 -0.61426131 0.4375
-1.445 -1.445 -0.105 -0.695 -1.53 -1.5875 -0.985 -1.0025 -0.6175 -0.54250494 -0.705 -0.3275 -0.835 -0.835 -0.57 -0.58618423 -1.75 -1.7497023 -0.415 -1.24 -1.24 -1.2219633 -1.6725 -0.85251553 -0.8525 -0.8525 -1.06 -0.8175 -0.8175 -0.58 -0.58 -1.2198056 -1.1175 -1.3075 -0.9175 -1.215 -1.3375 -1.795 -1.2725 -0.60598018 -0.71999999 -0.6612257 -0.56 -1.185 -1.185 -1.955 -1.955 -1.955 -1.2625 -1.2625 0.85 0.85 0.84999985
-1.445 -1.445 -0.935 -1.19 -1.3825 -0.92 -1.6725 -0.81546739 -1.055 -1.5225 -0.9575 -0.375 -0.32756399 -0.57 -0.57 -0.57001355 -0.6875 -0.67319792 -0.415 -0.15 -0.15 -0.4775 -0.4775 -0.8525 -0.8525 -0.8525 -0.8175 -0.8175 -0.8175 -1.0275 -1.0275 -1.0275001 -0.7325 -0.7325 -1.215 -1.245 -0.2675 -1.1325027 -0.74 -0.595 -0.595 -0.88999892 -0.56 -1.185 -0.21750057 -0.7425 -0.18017681 -0.1725 0.5575 0.5575 0.85 0.85 0.85
-1.445 -1.2248335 -1.0438176 -1.8899748 -0.6925 -1.39 -1.6725 -0.815 -1.054998 -1.5173207 -0.37500149 -0.375 0.0725 -0.57 -0.57 -0.6875 -0.6875 -0.68748449 -0.415 -0.15 -0.21431434 -0.4775 -0.4775 -0.85248456 -0.8525 -0.77278551 -0.61 -0.61 -0.61000003 -1.0275 -1.0275 -0.405 -0.405 -0.73250132 -1.215 -0.47500027 -0.45792037 -1.1325 -1.1325 -0.59500001 -0.89 -0.89 -0.88999508 -0.2175 -0.2175 -0.7425 -0.1725 -0.1725 0.5575 0.5575 0.85 0.85 0.85
-0.745 -0.96570458 -0.96500831 -0.97168388 -0.69250368 -1.3899835 -1.6725 -0.82555533 -1.0384615 -1.0672077 0.0725 0.0725 0.0725 0.0725 -0.56990899 -0.6875 -0.6875 -0.68398159 -0.415 -0.14999156 -0.115 -0.115 -0.115 -0.115 -0.83982153 -0.61 -0.61 -0.61 -0.61 -0.61013636 -0.405 -0.405 -0.405 -0.405 -0.475 -0.475 -0.475 -1.1011737 -1.1254964 -0.2 -0.2 -0.88996289 -0.080004708 -0.21748676 -0.2175 -0.7425 -0.1725 -0.1725 0.5575 0.5575 0.84893884 0.85 0.0070632408
-0.745 -0.965 -0.965 -0.965 -0.965 -0.96500017 -1.6717767 -1.266794 -0.99433858 0.071274116 0.0725 0.0725 0.0725 0.0725 0.072500111 -0.6875 -0.68749996 -0.66880836 -0.41500282 -0.115 -0.115 -0.115 -0.115 -0.115 -0.11916312 -0.35362564 -0.22250008 -0.2225 -0.2225 -0.2225 -0.40499999 -0.405 -0.40499934 0.1475 0.1475 -0.475 0.17636845 0.195 -0.19999977 -0.2 -0.2 -0.2 -0.08 -0.08 -0.08 -0.084610396 0.76126564 0.7675 0.7675 0.7675 0.7675 0.61750005 0.6175
-1.0425 -0.965 -0.965 -0.965 -0.965 -0.965 -0.96500004 -1.0441945 0.23348152 0.24 0.24 0.24 0.24 0.24 0.24 -0.014843983 -0.67688287 -0.65018547 -0.11503781 -0.115 -0.115 -0.115 -0.115 -0.11500002 -0.3075 -0.3075 -0.30749988 -0.2225 -0.2225 -0.22188926 0.0825 0.0825 0.1475 0.1475 0.1475 0.18739114 0.195 0.195 0.195 -0.2 -0.2 -0.2 -0.08 -0.08 -0.08 -0.079999999 0.7675 0.7675 0.7675 0.7675 0.7675 0.6175 0.6175
-1.0425 -1.0136476 -0.965 -0.965 -0.965 -0.965 0.022306187 0.0225 0.022500005 0.24 0.24 0.24 0.24 0.24 0.18264218 -0.02 -0.02 -0.02 -0.12995415 -0.12999998 -0.13 -0.13 -0.13 -0.13 -0.3075 -0.3075 -0.3075 -0.3075 -0.2225 0.0825 0.0825 0.0825 0.14749999 0.1475 0.1475 0.4775 0.19537404 0.195 0.195 -0.19997775 -0.15587232 -0.052940845 -0.08 -0.08 1.0415282 1.045 1.045 0.76809233 1.126242 1.1275 1.1274999 1.2549035 0.6175013
-1.0425 -0.29074715 -0.613298 -0.965 -0.965 0.021916538 0.0225 0.0225 0.0225 0.024067367 0.24 0.24 0.24 0.23999997 -0.02 -0.02 -0.02 -0.02 -0.12990174 -0.13 -0.13 -0.13 -0.13 -0.13 -0.3075 -0.3075 -0.3075 -0.3075 -0.30608143 0.0825 0.0825 0.0825 0.095 0.1475323 0.4775 0.4775 0.4775 0.47646216 -0.036817916 -0.0525 -0.0525 -0.0525 0.735 0.735 1.045 1.045 1.045 1.1275 1.1275 1.1275 1.1275 1.255 1.255
-0.27042036 -0.27 -0.27 -0.26999999 0.3 0.022507158 0.0225 0.0225 0.0225 0.0225 0.2010102 0.23999329 0.23999999 -0.02 -0.02 -0.02 -0.02 -0.02 -0.011263096 -0.13 -0.13 -0.13 -0.13 -0.13 -0.14932726 -0.045001422 -0.045 -0.045 -0.045 0.082500001 0.095 0.095 0.095 0.095 0.4775 0.47749756 0.385 0.385 -0.047037161 -0.0525 -0.0525 -0.0525 0.735 0.735 0.99700133 1.045 1.045 1.1275 1.1275 1.1275 1.1288671 1.255 1.255
-0.27 -0.27 -0.27 -0.001578497 0.3 0.3 0.0225 0.0225 0.0225 0.0225 -0.275 -0.275 -0.275 -0.02 -0.02 -0.02 -0.02 -0.019997521 0.255 0.255 -0.12999984 -0.13 -0.12087033 0.245 0.24238926 -0.045 -0.045 -0.045 -0.045 0.094985745 0.095 0.095 0.095 0.095 0.38500033 0.385 0.385 0.385 0.38343094 -0.0525 -0.0525 -0.0525 0.735 0.735 0.735 1.045 1.045 1.1275 1.1275 1.1275 1.255 1.255 1.255
-0.27 -0.27 -0.27 0.3 0.3 0.3 0.29999958 0.0225 0.0225 -0.27469289 -0.275 -0.275 -0.275 -0.27484112 -0.0078586638 -0.005 -0.005 -0.0049999988 0.255 0.255 0.255 0.245 0.245 0.245 0.24508194 0.26053541 -0.045 -0.045 -0.044999998 -0.022020981 -0.04498623 -0.045 -0.045 -0.045 0.16540021 -0.1424988 -0.1425 -0.1425 -0.1425 0.55991619 0.56 0.56 0.735 0.735 1.0924985 1.0925 1.1075 1.1075 1.15 1.15 1.15 1.255 0.957766
-0.26999912 -0.27 -0.26999998 0.3 0.3 0.3 0.3 0.26499993 0.02346961 -0.27479598 -0.275 -0.275 -0.275 -0.27447019 -0.005 -0.005 -0.005 -0.0049999253 0.255 0.255 0.255 0.245 0.245 0.245 0.5375 0.5375 0.485 0.485 0.485 0.48210868 -0.045 -0.045 -0.045 -0.045 -0.093723235 -0.1425 -0.1425 -0.1425 -0.1425 0.56 0.56 0.56 0.57675449 1.0925 1.0925 1.0925 1.1075 1.1075 1.15 1.15 1.15 0.95750001 0.9575
0.015 -0.11678986 -0.235 -0.23484479 0.3 0.26520251 0.265 0.265 0.4235047 -0.049999983 -0.05 -0.05 -0.05 0.45748348 0.4575 -0.004999645 -0.005 0.0018506178 0.255 0.255 0.255 0.2025 0.2025 0.2025 0.5375 0.5375 0.485 0.485 0.485 0.48499966 0.019999587 0.019999817 -0.043366323 -0.044930316 -0.16735985 -0.1675 -0.1675 -0.1675 -0.1675 0.56 0.56 0.56 1.0631787 1.0925 1.0925 1.0924999 1.1075 1.1075 1.1075015 1.15 1.1499742 0.5725 0.9575
0.13247769 0.13249994 -0.235 -0.235 -0.235 0.265 0.265 0.265 0.7 0.7 -0.05 -0.05 -0.05 0.4575 0.4575 0.4575 0.4575 0.45747577 0.255 0.255 0.255 0.2025 0.2025 0.2025 0.5375 0.5375 0.485 0.485 0.485 0.025242909 0.02 0.02 0.02 0.02 -0.16740748 -0.1675 -0.1675 -0.1675 -0.1675 0.35500005 0.355 0.355 0.355 1.0924953 0.4825 0.4825 0.4825 0.155 0.155 0.155 0.5725 0.5725 0.5725
0.1325 0.1325 -0.235 -0.235 -0.235 0.26237191 0.265 0.7 0.7 0.7 -0.049907674 -0.05 0.47091701 0.45750003 0.4575 0.4575 0.4575 0.57 0.57 0.57 -0.014999995 -0.014999838 0.20249894 0.2025 0.2025659 0.155 0.155 0.15500079 0.48494667 -0.23994819 -0.23999862 -0.23995461 0.019555633 0.019775623 -0.13427478 -0.1675001 -0.1683797 -0.43 -0.43 0.355 0.355 0.355 0.355 0.4825 0.4825 0.4825 0.4825 0.155 0.155 0.155 0.5725 0.5725 0.5725
0.1325 0.1325 -0.235 -0.235 -0.235 -0.235 0.42780779 0.7 0.7 0.7 0.69993786 0.5875 0.5875 0.5875 0.45826612 0.4575 0.56925033 0.57 0.57 0.57 -0.015 -0.015 -0.015 -0.015 0.155 0.155 0.155 0.155 0.155 -0.24 -0.24 -0.24 -0.24 -0.24000021 -0.34 -0.43 -0.43 -0.43 -0.43 -0.42999788 0.1175 0.1175 0.1175 0.15411068 0.23 0.23 0.23 0.155 0.15499969 -0.1675 -0.1675 0.34005656 0.34
0.1325 0.1325 -0.10235831 -0.235 -0.235 -0.23499998 0.837256 0.70043332 0.7 0.7 0.58750009 0.5875 0.5875 0.5875 0.5875 0.57684172 0.57 0.57 0.57 0.57 -0.014995475 -0.015 -0.015 -0.015 0.155 0.155 0.155 0.155 0.155 0.033413874 -0.24 -0.24 -0.24 -0.34 -0.34 -0.34006989 -0.43 -0.43 -0.52567235 -0.59999998 0.1175 0.1175 0.1175 0.15249374 0.23 0.23 0.23 0.015 -0.16522607 -0.1675 -0.1675 0.34 0.34
0.605 0.605 0.605 -0.024388909 -0.23350669 0.8375 0.8375 0.8375 0.8375 1.0025 1.0025 0.58750003 0.5875 0.5875 0.5875 0.58749888 0.57 0.57 0.57 0.57 0.24027502 -0.015 -0.015 -0.0089153778 0.21471694 0.155 0.155 0.155 0.13 0.13 0.13 0.12999845 -0.34 -0.34 -0.34 -0.34 -0.6 -0.6 -0.6 -0.6 0.145 0.145 0.145 -0.094995175 -0.095 -0.095 -0.094999897 0.015 0.015 -0.16727763 -0.1675 0.33999824 0.34
0.605 0.605 0.605 0.60500942 0.78 0.78836144 0.8375 0.8375 0.8375 1.0025 1.0025 1.0025 0.39000001 0.39 0.39 0.39000001 0.57029767 0.57 0.57 0.57 0.56114201 0.21749936 0.2175 0.2175 0.2175 0.2175 0.185 0.185 0.13 0.13 0.13 0.13 -0.33999996 -0.34 -0.34 -0.33999532 -0.6 -0.6 -0.6 -0.59964905 0.145 0.145 0.145 -0.094988871 -0.095 -0.095 -0.095 0.015 0.015 0.014999997 -0.01 -0.01 -0.0825
0.605 0.605 0.605 0.7799996 0.78 0.78 0.83749998 0.8375 0.8375 1.0025 1.0025 1.0025 0.39 0.39 0.39 0.41608465 0.7325 0.7325 0.73249958 0.57091784 0.2175 0.2175 0.2175 0.2175 0.2175 0.21747554 0.185 0.185 0.185 0.13 0.13 0.12985357 -0.2825 -0.2825 -0.2825 -0.8 -0.8 -0.52 -0.52 -0.52 0.0775 0.14497883 0.14499739 -0.205 -0.205 -0.20083113 -0.095000104 0.015 0.015 -0.01 -0.01 -0.01 -0.0825
0.605 0.605 0.605 0.78 0.78 0.78 0.78 0.8375 0.8375 1.0025 1.0025 0.41449117 0.39 0.39 0.39 0.7325 0.7325 0.7325 0.7325 0.7325 0.2175 0.2175 0.2175 0.2175 0.2175 0.18500011 0.185 0.185 0.185 -0.0975 -0.0975 -0.0975 -0.2825 -0.2825 -0.2825 -0.8 -0.8 -0.52 -0.52 0.0775 0.0775 0.0775 -0.205 -0.205 -0.205 -0.205 -0.21711673 -0.3525 -0.3525 -0.3525 -0.010000001 -0.075 -0.075
0.605 0.605 0.6052437 0.78 0.78 0.78 0.78 0.78238003 0.7825 0.78287771 1.0025 0.39003371 0.39 0.39 0.39000118 0.7325 0.7325 0.7325 0.7325 0.7325 0.51242357 0.2175 0.2175 0.2175 0.21748301 0.18499719 0.185 0.185 0.185 -0.0975 -0.0975 -0.0975 -0.097528505 -0.2825 -0.8 -0.8 -0.8 -0.79998863 -0.51995925 0.0775 0.0775 0.0775 -0.20498285 -0.205 -0.205 -0.205 -0.35250435 -0.3525 -0.3525 -0.3525 -0.075000001 -0.075 -0.075
0.6225 0.62249997 0.7799024 0.78 0.78 0.78 0.78249947 0.7825 0.7825 0.7825 0.7925 0.7925 0.7925 0.7925 0.73277686 0.7325 0.7325 0.7325 0.7325 0.52500012 0.525 0.525 0.13500001 0.135 0.135 0.135 0.13931564 0.185 -0.31747942 -0.3175 -0.3175 -0.3175 -0.3175 -1.0125 -1.0125 -1.0125 -1.0125 -1.0125 -0.2125 -0.2125 -0.2125 -0.2125 -0.2125 -0.78662192 -0.7875 -0.7875 -0.7875 -0.3525 -0.3525 -0.3525 -0.075043718 -0.075 -0.075
0.6225 0.6225 0.62398616 0.79999996 0.8 0.79998293 0.7825 0.7825 0.7825 0.7825 0.7925 0.7925 0.7925 0.7925 0.7925 0.7325 0.7325 0.7325 0.52500005 0.525 0.525 0.525 0.135 0.135 0.135 0.135 0.135 0.13501013 -0.31744594 -0.3175 -0.3175 -0.3175 -0.31747828 -0.98273766 -1.0124692 -1.0125 -1.0125 -1.0125 -0.2125 -0.2125 -0.2125 -0.2125 -0.2125 -0.7875 -0.7875 -0.7875 -0.7875 -0.5840855 -0.3525 0.35946701 0.3675 0.3875 0.3875
0.6225 0.6225 0.79997752 0.8 0.8 0.8 0.79555507 0.7825 0.7825 0.7825 0.7925 0.7925 0.7925 0.7925 0.7925 0.73254424 0.7325 0.52506084 0.525 0.525 0.525 0.525 0.27947803 0.135 0.135 0.135 0.135 0.13477861 -0.1775 -0.1775 -0.1775 -0.1775 -0.1775 -0.96 -0.96 -0.96 -0.96 -0.96 -0.845 -0.845 -0.845 -0.845 -0.84499999 -0.78499729 -0.78749948 -0.7875 -0.78732625 -0.76642748 0.3675 0.3675 0.3675 0.38749989 0.3875
0.62249936 0.28177485 0.79999993 0.8 0.8 0.8 0.8 0.78250745 0.7825 0.7825 0.7925 0.7925 0.7925 0.7925 0.58471991 0.58 0.58 0.52500142 0.525 0.525 0.525 0.525 0.52499996 0.135 0.135 0.135 0.135 -0.34749983 -0.34749992 -0.31131987 -0.1775 -0.1775 -0.1775 -0.96 -0.96 -0.96 -0.96 -0.95969861 -0.845 -0.845 -0.845 -0.845 -0.84494541 0.2375 0.2375 0.2375 0.2375 0.23751049 0.3675 0.3675 0.3675 0.36750005 0.44661635
0.275 0.275 0.39054002 0.8 0.8 0.8 0.8 0.8 0.78250726 0.6975 0.6975 0.6975 0.69772545 0.58000031 0.58 0.58 0.58 0.58 0.52499934 0.51935851 0.47 0.47 0.47 0.38305359 0.10318554 -0.067047597 -0.2107395 -0.3475 -0.3475 -0.3475 -0.3475 -0.3475 -0.34387895 -0.51553315 -0.515 -0.515 -0.515 -0.515 -0.71115417 -0.13250128 -0.1325 -0.1325 -0.1325 0.39249955 0.23750004 0.2375 0.2375 0.7125 0.36750553 0.3675 0.3675 0.4475 0.4475
0.275 0.275 0.4 0.4 0.4 0.79986676 0.8 0.8 0.6975 0.6975 0.6975 0.6975 0.6975 0.58000001 0.58 0.58 0.58 0.58 0.47 0.47 0.47 0.47 0.47 -0.26249996 -0.2625 -0.2625 -0.2625 -0.3475 -0.3475 -0.3475 -0.3475 -0.3475 -0.5625 -0.5625 -0.515 -0.515 -0.515 0.28236419 0.2825 -0.1325 -0.1325 -0.1325 -0.13249991 0.3925 0.3925 0.3925 0.7125 0.7125 0.7125 0.595 0.595 0.4475 0.4475
0.275 0.275 0.4 0.4 0.4 0.4 0.40000211 0.785 0.69758238 0.6975 0.6975 0.6975 0.6975 0.58146571 0.58 0.58 0.58 0.58 0.47 0.47 0.47 0.47 0.47 -0.2625 -0.2625 -0.2625 -0.2625 -0.26250036 -0.3475 -0.3475 -0.3475 -0.56248873 -0.5625 -0.5625 -0.5625 -0.515 0.28249999 0.2825 0.2825 0.27158057 0.35644491 0.4475 0.4475 0.3925 0.3925 0.3925 0.7125 0.7125 0.7125 0.595 0.595 0.595 0.34334262
0.365 0.36499929 0.4 0.4 0.4 0.4 0.785 0.785 0.785 0.6975 0.6975 0.6975 0.6975 0.69746347 0.58 0.58 0.58 0.58 0.47000163 0.47 0.47 0.46999999 -0.13347464 -0.2625 -0.2625 -0.2625 -0.2625 -0.43499986 -0.435 -0.435 -0.34844714 -0.5625 -0.5625 -0.5625 -0.56249979 -0.3425 0.2825 0.2825 0.2825 0.2825 0.4475 0.4475 0.4475 0.9175 0.9175 0.9175 1.0774645 0.7125 0.7125 0.595 0.595 0.595 0.33250042
