interpolatedSpi/03-07|21_1.tif
NCOLS 53
NROWS 52
XLLCORNER -116.03883
YLLCORNER 28.596182
DX 0.49850594
DY 0.49788537
NODATA_VALUE -9999
[rows 0 to 27 of 52, columns 0 to 52 of 53]
-0.73166667 -0.73166667 -0.66864815 -0.835 -0.58833333 -0.88666667 -0.85833333 -0.87333333 -0.77216156 -0.955 -1.185 -1.03 -1.2433134 -1.0016667 -1.0416667 -1.0416667 -1.0416667 -0.66166667 -0.755 -0.755 -0.755 -0.75499807 -0.555 -0.91833333 -0.91833333 -0.91833333 -0.38666991 -0.38666667 -0.38666667 -0.24666667 -0.24666667 -0.24666667 -0.24666667 -0.62833326 -0.62833333 -0.62833333 -0.62833333 -0.62833333 -0.62833333 -0.62833333 -0.46014515 -0.45838261 -0.65166667 -0.65166667 -0.65166667 -0.65166667 -0.65094527 -0.21 -0.21 -0.21 0.86833109 0.86833333 0.86833333
-0.73168503 -1.145 -0.83333323 -0.97340132 -1.2016713 -0.855 -0.77833333 -1.0828979 -1.1766667 -1.1533333 -1.155 -1.2433333 -1.2433333 -0.94851117 -1.0016664 -1.0416667 -0.66166667 -0.66166667 -0.75487831 -0.755 -0.755 -0.755 -0.94473961 -0.91833333 -0.91833333 -0.91833333 -0.93333333 -0.93333333 -0.24666667 -0.24666667 -0.24666667 -0.24666667 -0.24666667 -0.62833328 -0.62833333 -0.62833333 -0.62833333 -0.62833333 -0.62833335 -0.65605112 -0.7899949 -0.66845233 -0.65166667 -0.65166667 -0.65166667 -0.65166667 -0.65166667 -0.21 -0.21 -0.21 -0.12058357 0.86833333 0.86833333
-1.2016431 -1.2016667 -0.74166667 -0.8 -0.825 -1.0066667 -0.63 -1.0466667 -1.0233333 -0.92166667 -1.1616667 -1.2133333 -0.8 -1.3133333 -0.94833333 -1.4116667 -0.66166667 -0.66166667 -0.66166667 -1.1198939 -1.12 -1.12 -1.42 -0.91833333 -0.91833333 -0.91833333 -0.93333333 -0.93333333 -0.93333333 -0.24666667 -0.24666667 -0.24666669 -0.5090297 -0.62885224 -0.63010183 -0.81659227 -0.81833333 -0.81833333 -0.81476975 -0.79 -0.79 -0.78982311 -0.65166667 -0.65166667 -0.65166667 -0.65166667 -0.65166667 -0.21 -0.21 -0.21 -0.21 0.86833333 0.86833333
-0.27 -1.2016666 -0.75666718 -0.25333333 -0.695 -0.79 -0.66333333 -0.79 -0.86166667 -0.90028007 -0.93 -1.255 -1.14 -1.3133333 -1.1633333 -1.4116667 -1.5638269 -1.5643671 -1.5733333 -1.12 -1.12 -1.7383333 -1.42 -1.42 -0.91833333 -0.91833341 -0.93333333 -0.93333333 -0.93333333 -0.545 -0.68034051 -0.79166667 -0.79166667 -0.79166668 -0.81833333 -0.81833333 -0.81833333 -0.81833333 -0.79 -0.79 -0.79 -0.78999999 -0.65166667 -0.65166667 -0.65166667 -0.65166667 -0.65166667 -0.21000557 -0.21 -0.21 -0.21 0.86828494 0.86833333
-0.27 0.02666523 -0.75666667 -1.0131497 -0.695 -0.64 -0.88665931 -0.795 -0.69666667 -1.0033332 -1.1441088 -1.2116282 -0.94333333 -1.1633333 -1.1633333 -1.3319018 -1.565 -1.565 -1.5733333 -1.5733333 -1.1200012 -1.7383333 -1.3883333 -0.8 -0.635 -0.63492173 -0.93333333 -0.93333333 -0.545 -0.545 -0.79166667 -0.79166667 -0.79166667 -0.73760904 -0.81833333 -0.81833333 -0.81833333 -0.79 -0.79 -0.79 -0.79 -0.79000708 -0.65166667 -0.65166667 -0.65166667 -0.65166667 -0.65166667 -0.64773529 -0.21 -0.21001809 -0.61333333 -0.61333333 -0.61333333
-1.1216667 -0.37833333 -0.50166667 -0.81833333 -1.19 -0.90333333 -1.085 -1.0478717 -0.72333333 -0.40666667 -0.59833333 -0.43 -0.43000034 -1.1516667 -1.1516667 -1.3649879 -1.365 -1.095 -1.095 -1.5733326 -1.2233333 -1.2233333 -0.8 -0.635 -0.635 -0.3 -0.52 -0.52 -0.31835406 -0.545 -0.79166667 -0.79166667 -0.505 -0.50501289 -0.62832462 -1.0383333 -1.0383333 -0.86682759 -0.79 -0.79 -0.86324187 -0.86333333 -0.86333345 -1.3262118 -1.3382574 -1.3383332 -1.3383333 -1.3383331 -0.95183085 -0.61333333 -0.61333333 -0.61333333 -0.61333333
-0.1233333 -0.17 0.28411835 -0.26666667 -0.58333333 -1.0333333 -0.595 -0.62333333 -0.64833333 -0.64833333 -0.59833333 -0.88666667 -0.53000005 -1.1516667 -1.3149995 -1.315 -1.365 -1.045 -0.76833333 -0.76833333 -1.153429 -1.075 -1.075 -0.25166667 -0.3 -0.3 -0.52 -0.52 -0.31833974 -0.31845135 -0.53799322 -0.505 -0.505 -0.62833333 -0.62833333 -1.0501339 -1.0383333 -1.0383333 -0.9016714 -0.86333339 -0.86333333 -0.86333333 -0.86333421 -1.3383319 -1.3383333 -1.3383333 -1.3383333 -1.3383332 -1.035 -0.6134169 -0.61333333 -0.61333333 -0.61333333
-0.12333333 0.24833333 0.29833333 -0.70666667 -0.92332091 -0.875 -0.58333333 -0.98833333 -1.1183333 -0.92 -0.92 -0.69333333 -0.53 -0.53 -1.3096142 -1.1859761 -1.1733333 -0.78333333 -0.97333312 -0.76833333 -0.69518903 -0.7 -0.57666667 -0.066666669 -0.066666903 -0.085 -0.38666667 -0.38666671 -0.42794788 -0.42833334 -0.53833333 -0.81030748 -0.48333333 -0.62833333 -0.63869604 -1.06 -1.06 -0.90166667 -0.90166667 -0.86333333 -0.86333333 -0.86333333 -1.0825726 -1.085 -1.3383333 -1.3383333 -1.3383333 -1.0350115 -1.035 -1.035 -0.61333333 -0.61333333 -0.61333333
-0.005284477 0.24833334 0.30833333 0.005 -0.61166667 -0.75666667 -0.83166667 -1.0433333 -1.21 -0.85248214 -0.71166667 -0.82 -0.82 -0.71333333 -0.71333421 -0.82763286 -0.82666667 -0.82666667 -0.81233712 -0.46833337 -0.64333333 -0.64333333 -0.80666667 -0.66730588 -0.083152484 -0.085 -0.40833333 -0.38666667 -0.50265538 -0.50333333 -0.90166667 -0.44166667 -0.55498855 -1.08 -0.99166667 -1.1533333 -1.135 -0.83833333 -0.973271 -0.86351932 -0.905 -0.72333333 -1.0849422 -1.085 -1.0864259 -1.3383333 -1.3333333 -1.035 -1.035 -1.035 -1.035 -0.6446677 -0.44166667
-1.4233333 -1.4233333 0.29166667 -0.17333333 -0.59 -0.86 -0.85333333 -1.05 -1.085 -0.76165514 -0.99333333 -0.30833333 -0.71333333 -0.71333333 -0.80666667 -0.80694098 -0.82666667 -0.82666044 -0.79 -0.46833333 -0.46833333 -0.49087921 -0.80666667 -0.4283405 -0.42833333 -0.42833333 -0.40833333 -0.051666667 -0.051666667 -0.50333333 -0.50333333 -0.44209341 -0.66666667 -1.08 -0.66833333 -1.1533333 -1.135 -1.0116667 -0.97333333 -0.86839545 -0.72333334 -0.72578226 -0.73 -1.085 -1.085 -1.3333333 -1.3333333 -1.3333333 -1.035 -1.035 -0.865 -0.865 -0.86499984
-1.4233333 -1.4233333 -0.42166667 -1.0116667 -0.91666667 -0.35 -0.67166667 -0.76348913 -0.96333333 -0.82333333 -0.83833333 -0.755 -0.30892858 -0.80666667 -0.80666667 -0.80667551 -0.88333333 -0.87843476 -0.79 -0.98333333 -0.98333333 -0.67833333 -0.67833333 -0.42833333 -0.42833333 -0.42833333 -0.051666667 -0.051666667 -0.051666667 -1.04 -1.04 -1.0399994 -0.78166667 -0.78166667 -1.18 -1.3516667 -1.0216667 -1.5916623 -1.3783333 -0.86666667 -0.86666667 -0.83166633 -0.73 -1.085 -1.3016666 -1.3333333 -0.8089349 -0.80666667 -0.695 -0.695 -0.865 -0.865 -0.865
-1.4233333 -0.99094282 -0.67344071 -0.86666314 -0.25833333 -0.94833333 -0.67166667 -0.76333333 -0.96333166 -0.82488436 -0.75500009 -0.755 -0.635 -0.80666667 -0.80666667 -0.88333333 -0.88333333 -0.88332802 -0.79 -0.98333333 -0.92343754 -0.67833333 -0.67833333 -0.42834369 -0.42833333 -0.41628028 -0.39166667 -0.39166667 -0.39166662 -1.04 -1.04 -1.0216667 -1.0216667 -0.78166776 -1.18 -1.3550001 -1.0310209 -1.5916667 -1.5916667 -0.86666667 -0.83166667 -0.83166667 -0.83167005 -1.3016667 -1.3016667 -1.3333333 -0.80666667 -0.80666667 -0.695 -0.695 -0.865 -0.865 -0.865
-1.4683333 -0.81051211 -0.83500584 -0.83522073 -0.25833696 -0.94831704 -0.67166667 -0.76220497 -0.94955129 -0.95967756 -0.635 -0.635 -0.635 -0.635 -0.80664235 -0.88333333 -0.88333333 -0.88212825 -0.79 -0.98333355 -0.98833333 -0.98833333 -0.98833333 -0.98833333 -0.43777357 -0.39166667 -0.39166667 -0.39166667 -0.39166667 -0.39213106 -1.0216667 -1.0216667 -1.0216667 -1.0216667 -1.355 -1.355 -1.355 -1.5796584 -1.5895136 -1.305 -1.305 -0.83169213 -1.1416721 -1.3016513 -1.3016667 -1.3333333 -0.80666667 -0.80666667 -0.695 -0.695 -0.86438326 -0.865 -0.17127928
-1.4683333 -0.835 -0.835 -0.835 -0.835 -0.83500004 -0.67237478 -0.71506588 -0.91278205 -0.63535011 -0.635 -0.635 -0.635 -0.635 -0.6350001 -0.88333333 -0.88333332 -0.8769313 -0.79000194 -0.98833333 -0.98833333 -0.98833333 -0.98833333 -0.98833333 -0.99139337 -0.64512413 -0.70333327 -0.70333333 -0.70333333 -0.70333333 -1.0216667 -1.0216667 -1.0216668 -1.16 -1.16 -1.355 -0.9482998 -0.93666667 -1.3049998 -1.305 -1.305 -1.305 -1.1416667 -1.1416667 -1.1416667 -1.1430005 -0.77034795 -0.77 -0.77 -0.77 -0.77 -0.056666833 -0.056666667
-1.1516667 -0.835 -0.835 -0.835 -0.835 -0.835 -0.83499999 -0.68219921 -0.77391344 -0.77333333 -0.77333333 -0.77333333 -0.77333333 -0.77333333 -0.77333333 -0.83376379 -0.88255801 -0.87055288 -0.98830843 -0.98833333 -0.98833333 -0.98833333 -0.98833333 -0.98833307 -1.13 -1.13 -1.1299994 -0.70333333 -0.70333333 -0.70365372 -0.86333333 -0.86333333 -1.16 -1.16 -1.16 -0.97244224 -0.93666667 -0.93666667 -0.93666667 -1.305 -1.305 -1.305 -1.1416667 -1.1416667 -1.1416667 -1.1416667 -0.77 -0.77 -0.77 -0.77 -0.77 -0.056666667 -0.056666667
-1.1516667 -1.0337753 -0.835 -0.835 -0.835 -0.835 -0.65336899 -0.65333333 -0.65333334 -0.77333333 -0.77333333 -0.77333333 -0.77333333 -0.77333333 -0.78693743 -0.835 -0.835 -0.835 -0.76069536 -0.76000023 -0.76 -0.76 -0.76 -0.76 -1.13 -1.13 -1.13 -1.13 -0.70333333 -0.86333333 -0.86333333 -0.86333333 -1.16 -1.16 -1.16 -0.94 -0.93667108 -0.93666667 -0.93666667 -1.3049077 -1.12101 -0.6918381 -1.1416667 -1.1416667 -0.6149638 -0.61333333 -0.61333333 -0.76880918 -0.047533547 -0.045000063 -0.045000137 0.2732833 -0.056665996
-1.1516667 -0.96676954 -0.89909916 -0.835 -0.835 -0.65344067 -0.65333333 -0.65333333 -0.65333333 -0.65419809 -0.77333333 -0.77333333 -0.77333333 -0.77333334 -0.835 -0.835 -0.835 -0.835 -0.760067 -0.76 -0.76 -0.76 -0.76 -0.76 -1.13 -1.13 -1.13 -1.13 -1.12903 -0.86333333 -0.86333333 -0.86333333 -1 -1.1599738 -0.94 -0.94 -0.94 -0.93822262 -0.70561822 -0.69 -0.69 -0.69 -0.855 -0.855 -0.61333333 -0.61333333 -0.61333333 -0.045000007 -0.045 -0.045 -0.045 0.27333333 0.27333333
-0.96178373 -0.96166667 -0.96166667 -0.96166666 -0.65166667 -0.65333329 -0.65333333 -0.65333333 -0.65333333 -0.65333333 -0.76601483 -0.77333207 -0.77333333 -0.835 -0.835 -0.835 -0.835 -0.835 -0.79797701 -0.76 -0.76 -0.76 -0.76 -0.76 -0.91272624 -0.87666804 -0.87666667 -0.87666667 -0.87666667 -0.86333334 -1 -1 -1 -1 -0.94 -0.93999574 -0.77833333 -0.77833333 -0.69110297 -0.69 -0.69 -0.69 -0.855 -0.855 -0.65075165 -0.61333333 -0.61333333 -0.045 -0.045 -0.045 -0.041586639 0.27333333 0.27333333
-0.96166667 -0.96166667 -0.96166667 -0.81568304 -0.65166667 -0.65166667 -0.65333333 -0.65333333 -0.65333333 -0.65333333 -0.67666667 -0.67666667 -0.67666667 -0.835 -0.835 -0.835 -0.835 -0.83488349 -0.34166667 -0.34166667 -0.75999983 -0.76 -0.76016231 -0.76666667 -0.76765694 -0.87666667 -0.87666667 -0.87666667 -0.87666667 -0.99998744 -1 -1 -1 -1 -0.7783339 -0.77833333 -0.77833333 -0.77833333 -0.7780057 -0.69 -0.69 -0.69 -0.855 -0.855 -0.855 -0.61333333 -0.61333333 -0.045000014 -0.045 -0.045 0.27333333 0.27333333 0.27333333
-0.96166667 -0.96166667 -0.96166667 -0.65166667 -0.65166667 -0.65166667 -0.65166667 -0.65333333 -0.65333333 -0.67664258 -0.67666667 -0.67666667 -0.67666667 -0.6767653 -0.2643572 -0.13 -0.13 -0.13 -0.34166667 -0.34166667 -0.34166667 -0.76666667 -0.76666667 -0.76666667 -0.76643509 -0.38536223 -0.87666667 -0.87666667 -0.87666666 -0.60945629 -0.52338022 -0.52333333 -0.52333333 -0.52333333 -0.65550484 -0.483334 -0.48333333 -0.48333333 -0.48333333 -0.57834861 -0.57833333 -0.57833333 -0.855 -0.855 -0.65000086 -0.64999995 -0.51 -0.51 -0.20666667 -0.20666667 -0.20666667 0.27333333 0.10182016
-0.96166452 -0.96166667 -0.96166666 -0.65166667 -0.65166667 -0.65166667 -0.65166667 -0.52833337 -0.65283353 -0.67666364 -0.67666667 -0.67666667 -0.67666667 -0.67559396 -0.13 -0.13 -0.13 -0.13000006 -0.34166667 -0.34166667 -0.34166667 -0.76666667 -0.76666667 -0.76666667 0.06 0.06 -0.094999998 -0.095 -0.095 -0.097336693 -0.52333333 -0.52333333 -0.52333333 -0.52333333 -0.50334432 -0.48333333 -0.48333333 -0.48333333 -0.48333333 -0.57833333 -0.57833333 -0.57833333 -0.58058824 -0.65 -0.65 -0.65 -0.51 -0.51 -0.20666667 -0.20666667 -0.20666667 0.10166666 0.10166667
-0.27 -0.5971392 -0.93833333 -0.93825017 -0.65166667 -0.52904694 -0.52833333 -0.52833333 -0.5629493 -0.67333333 -0.67333333 -0.67333333 -0.67333333 0.24996994 0.25 -0.12999971 -0.13 -0.13557711 -0.34166667 -0.34166667 -0.34166667 0.066666667 0.066666667 0.066666667 0.06 0.06 -0.095 -0.095 -0.095 -0.095000056 -0.1716689 -0.17166765 -0.51449472 -0.52295632 -0.48504233 -0.485 -0.485 -0.485 -0.485 -0.57833333 -0.57833333 -0.57833333 -0.64605372 -0.65 -0.65 -0.64999999 -0.51 -0.51 -0.50998908 -0.20666667 -0.20668329 -0.57833333 0.10166667
-0.39330991 -0.39333343 -0.93833333 -0.93833333 -0.93833333 -0.52833333 -0.52833333 -0.52833333 -0.62333333 -0.62333333 -0.67333333 -0.67333333 -0.67333333 0.25 0.25 0.25 0.25 0.24993289 -0.34166667 -0.34166667 -0.34166665 0.066666667 0.066666667 0.066666667 0.06 0.06 -0.095 -0.095 -0.095 -0.17080224 -0.17166667 -0.17166667 -0.17166667 -0.17166667 -0.48484539 -0.485 -0.485 -0.485 -0.485 -0.4416667 -0.44166667 -0.44166667 -0.44166667 -0.64999954 -0.59 -0.59 -0.59 -0.83833333 -0.83833333 -0.83833333 -0.57833333 -0.57833333 -0.57833333
-0.39333333 -0.39333333 -0.93833333 -0.93833333 -0.93833333 -0.53048837 -0.52833333 -0.62333333 -0.62333333 -0.62333333 -0.67332718 -0.67333333 -0.4023203 0.24999986 0.25 0.25 0.25 -0.031666666 -0.031666667 -0.031666667 0.06 0.060000005 0.066666634 0.066666667 0.066586736 -0.065 -0.065 -0.065000072 -0.094995152 0.03329248 0.033332242 0.033297543 -0.1713163 -0.17148975 -0.42906069 -0.48499984 -0.48360924 -0.07 -0.07 -0.44166667 -0.44166667 -0.44166667 -0.44166667 -0.59 -0.59 -0.59 -0.59 -0.83833333 -0.83833333 -0.83833333 -0.57833333 -0.57833333 -0.57833333
-0.39333333 -0.39333333 -0.93833333 -0.93833333 -0.93833333 -0.93833333 -0.56388906 -0.62333333 -0.62333333 -0.62333333 -0.62317775 -0.34166667 -0.34166667 -0.34166667 0.24651317 0.25 -0.02978971 -0.031666667 -0.031666667 -0.031666667 0.06 0.06 0.06 0.06 -0.065 -0.065 -0.065 -0.065 -0.065 0.033333333 0.033333333 0.033333333 0.033333333 0.033333179 -0.04 -0.07 -0.07 -0.07 -0.07 -0.070000502 -0.17 -0.17 -0.17 -0.32023256 -0.63166667 -0.63166667 -0.63166667 -0.83833333 -0.8383328 -0.28666667 -0.28666667 -0.18342943 -0.18333333
-0.39333333 -0.39333333 -0.7416266 -0.93833333 -0.93833333 -0.93833333 -0.5817406 -0.62320202 -0.62333333 -0.62333333 -0.34166666 -0.34166667 -0.34166667 -0.34166667 -0.34166667 -0.29312354 -0.031666667 -0.031666667 -0.031666667 -0.031666667 0.059999291 0.06 0.06 0.06 -0.065 -0.065 -0.065 -0.065 -0.065 -0.023319992 0.033333333 0.033333333 0.033333333 -0.04 -0.04 -0.040023296 -0.07 -0.07 0.05756313 0.15666665 -0.17 -0.17 -0.17 -0.31601452 -0.63166667 -0.63166667 -0.63166667 0.28166667 -0.27958529 -0.28666667 -0.28666667 -0.18333333 -0.18333333
-0.063333333 -0.063333333 -0.063333333 -0.71894678 -0.93758227 -0.58166667 -0.58166667 -0.58166667 -0.58166667 -0.28666667 -0.28666667 -0.34166666 -0.34166667 -0.34166667 -0.34166667 -0.34164701 -0.031666667 -0.031666667 -0.031666667 -0.031666667 0.01999964 0.06 0.06 0.071384132 0.47006383 -0.065 -0.065 -0.065 -0.043333333 -0.043333333 -0.043333333 -0.043333012 -0.04 -0.04 -0.04 -0.04 0.15666667 0.15666667 0.15666667 0.15666667 0.016666667 0.016666667 0.016666667 0.019999933 0.02 0.02 0.019999794 0.28166667 0.28166667 -0.28597418 -0.28666667 -0.18332965 -0.18333333
-0.063333333 -0.063333333 -0.063333333 -0.063352809 -0.425 -0.44778191 -0.58166667 -0.58166667 -0.58166667 -0.28666667 -0.28666667 -0.28666667 -0.0066666817 -0.0066666667 -0.0066666667 -0.0066666768 -0.032039137 -0.031666667 -0.031666667 -0.031666667 -0.030252926 0.49499881 0.495 0.495 0.495 0.49499999 0.235 0.235 -0.043333333 -0.043333333 -0.043333333 -0.043333333 -0.039999768 -0.04 -0.04 -0.0399738 0.15666666 0.15666667 0.15666667 0.15590628 0.016666667 0.016666667 0.016666667 0.019999845 0.02 0.02 0.02 0.28166667 0.28166667 0.2816667 0.54666667 0.54666667 0.395
