interpolatedSpi/03-08|23_3.tif
NCOLS 53
NROWS 52
XLLCORNER -116.03883
YLLCORNER 28.596182
DX 0.49850594
DY 0.49788537
NODATA_VALUE -9999
[rows 0 to 28 of 52, columns 0 to 52 of 53]
0.305 0.305 -0.20725214 -0.17333333 0.01 0.23666667 -0.078333333 0.061666667 -0.95136205 -0.72666667 -0.62833333 -0.53166667 -0.96333388 -0.97 -0.85 -0.85 -0.85 -0.88333333 -0.85833333 -0.85833333 -0.85833333 -0.85832672 -0.17166668 -1.2733333 -1.2733333 -1.2733333 -0.74499767 -0.745 -0.745 -1.55 -1.55 -1.55 -1.55 -2.3849998 -2.385 -2.385 -2.385 -2.385 -2.385 -2.3849999 0.37197098 0.40133267 -0.90833333 -0.90833333 -0.90833333 -0.90833333 -0.9085865 -1.0633333 -1.0633333 -1.0633333 -0.23833505 -0.23833333 -0.23833333
0.30496371 -0.51166667 -0.21499988 -0.23157293 -0.17166024 -0.20333333 -0.29833333 -0.55961883 -0.845 -1.0016667 -0.53833333 -0.96333333 -0.96333333 -0.96003334 -0.96999882 -0.85 -0.88333333 -0.88333333 -0.85836593 -0.85833333 -0.85833333 -0.85833333 -1.2834221 -1.2733333 -1.2733333 -1.2733333 -1.0433333 -1.0433333 -1.55 -1.55 -1.55 -1.55 -1.55 -2.3849999 -2.385 -2.385 -2.385 -2.385 -2.3849999 -2.08754 -0.5268066 -0.86202187 -0.90833333 -0.90833333 -0.90833333 -0.90833333 -0.90833333 -1.0633333 -1.0633333 -1.0633333 -0.99492354 -0.23833333 -0.23833333
0.51831331 0.51833333 -0.11166667 -0.25 -0.24666667 0.21166667 -0.48833333 0.15833333 -1.1183333 -1.4583333 -1.22 -0.81166667 -1.2416667 -1.2733333 -0.96 -1.7083333 -0.88333333 -0.88333333 -0.88333333 -0.57008382 -0.57 -0.57 -1.465 -1.2733333 -1.2733333 -1.2733333 -1.0433333 -1.0433333 -1.0433333 -1.55 -1.55 -1.55 -1.5419767 -2.3825189 -2.3768401 -1.5163666 -1.5083333 -1.5083333 -1.3848655 -0.52666667 -0.52666667 -0.52715472 -0.90833333 -0.90833333 -0.90833333 -0.90833333 -0.90833333 -1.0633333 -1.0633333 -1.0633333 -1.0633333 -0.23833333 -0.23833333
0.82333333 0.51833317 -0.27185943 -0.19333333 -1.015 -0.69 -0.57666667 -0.97833333 -0.55333333 -1.0856326 -1.2683333 -1.375 -1.225 -1.2733333 -1.405 -1.7083333 -1.2948546 -1.2913806 -1.0833333 -0.57 -0.57 -1.3583333 -1.465 -1.465 -1.2733333 -1.2733322 -1.0433333 -1.0433333 -1.0433333 -1.3416667 -1.4468299 -1.5333333 -1.5333333 -1.5333333 -1.5083333 -1.5083333 -1.5083333 -1.5083333 -0.52666667 -0.52666667 -0.52666667 -0.52666668 -0.90833333 -0.90833333 -0.90833333 -0.90833333 -0.90833333 -1.0633314 -1.0633333 -1.0633333 -1.0633333 -0.23838843 -0.23833333
0.82333333 0.066666046 -0.27166667 -1.0018538 -1.015 -1.3833333 -1.3383835 -2.0133333 -2.1566667 -1.3050003 -1.3725716 -1.3965719 -0.735 -1.405 -1.405 -1.6014134 -1.2916667 -1.2916667 -1.0833333 -1.0833333 -0.57000156 -1.3583333 -0.96166667 -0.21333333 -0.87166667 -0.87162812 -1.0433333 -1.0433333 -1.3416667 -1.3416667 -1.5333333 -1.5333333 -1.5333333 -1.5059901 -1.5083333 -1.5083333 -1.5083333 -0.52666667 -0.52666667 -0.52666667 -0.52666667 -0.52674679 -0.90833334 -0.90833333 -0.90833333 -0.90833333 -0.90833333 -0.90971303 -1.0633333 -1.063372 -1.925 -1.925 -1.925
-1.1683333 -0.61 -0.72666664 -0.75833333 -0.86833333 -1.5183333 -1.9216667 -1.9334026 -1.4683333 -1.9433333 -2.2883333 -1.605 -1.6049994 -1.8016667 -1.8016667 -0.91163327 -0.91166667 -1.4416667 -1.4416667 -1.0833332 -1.1883333 -1.1883333 -0.21333333 -0.87166667 -0.87166667 -0.70666667 -1.36 -1.36 -1.0116979 -1.3416667 -1.5333333 -1.5333333 -1.3883333 -1.3882921 -0.9933617 -1.2333333 -1.2333333 -0.74529013 -0.52666667 -0.52666667 -1.3556315 -1.3566667 -1.3566651 -1.3274682 -1.3349528 -1.3349999 -1.335 -1.3349998 -1.8984292 -1.925 -1.925 -1.925 -1.925
0.03332672 -0.31833333 -0.46237587 -0.88666667 -1.0633333 -1.6216667 -1.4116667 -1.79 -2.225 -2.225 -2.2883333 -2.0666667 -1.9099999 -1.8016667 -0.77333641 -0.77333333 -0.91166667 -0.505 -0.905 -0.905 -0.94641736 -0.675 -0.675 -0.78666667 -0.70666667 -0.70666667 -1.36 -1.36 -1.0117219 -1.0126842 -0.9331751 -1.3883333 -1.3883333 -0.99333333 -0.99333333 -1.3831093 -1.2333333 -1.2333333 -1.5616553 -1.356667 -1.3566667 -1.3566667 -1.3566586 -1.3350004 -1.335 -1.335 -1.335 -1.3350004 -1.9233333 -1.9249997 -1.925 -1.925 -1.925
0.033333333 -1.0066667 -0.435 -1.6566667 -1.1000319 -1.62 -2.1866667 -2.415 -1.7166667 -2.0216667 -2.0216667 -1.4683333 -1.91 -1.91 -0.78113192 -0.99039708 -1.0116667 -0.57833333 -0.82000009 -0.905 -0.5885482 -0.51666667 -0.99333333 -0.21 -0.21001219 -1.155 -1.1366667 -1.1366667 -1.9566769 -1.96 -0.93 -1.0868028 -1.135 -0.99333333 -1.0045992 -1.5083333 -1.5083333 -1.5616667 -1.5616667 -1.3566667 -1.3566667 -1.3566667 -1.4103666 -1.4133333 -1.335 -1.335 -1.335 -1.9233109 -1.9233333 -1.9233333 -1.925 -1.925 -1.925
-1.0817659 -1.0066667 -0.028333333 -1.4383333 -1.2733333 -2.21 -1.5633333 -1.2533333 -1.9416667 -1.2890969 -0.57166667 -1.635 -1.635 -0.94333333 -0.94333402 -1.2343776 -1.235 -1.235 -0.61522413 -1.2416667 -1.3633333 -1.3633333 -1.275 -1.1043335 -1.059769 -1.155 -1.27 -1.1366667 -1.0554746 -1.055 -1.0733333 -1.0866667 -0.91626456 -1.54 -1.3883333 -1.7183333 -1.525 -1.355 -1.0384796 -1.3538768 -0.73166667 -0.94666667 -1.4132205 -1.4133333 -1.4128924 -1.335 -1.81 -1.9233333 -1.9233333 -1.9233333 -1.9233333 -1.732221 -0.076666667
-1.5016667 -1.5016667 -0.14333333 -0.62833333 -1.7766667 -1.1783333 -1.2883333 -1.9233333 -1.4133333 -1.1233547 -1.4916667 -0.58666667 -0.94333333 -0.94333333 -1.0166667 -1.0196612 -1.235 -1.234811 -0.37333333 -1.2416667 -1.2416667 -1.2573414 -1.275 -0.84000824 -0.84 -0.84 -1.27 -1.0066667 -1.0066667 -1.055 -1.055 -1.086025 -0.74833333 -1.54 -1.2083333 -1.7183333 -1.525 -1.98 -1.0383333 -0.66285232 -0.94666666 -0.86340307 -0.72 -1.4133333 -1.4133333 -1.81 -1.81 -1.81 -1.9233333 -1.9233333 -0.37666667 -0.37666667 -0.37666655
-1.5016667 -1.5016667 -1.0466667 -1.46 -1.4683333 -0.695 -1.82 -0.83453124 -0.77 -0.97666667 -0.96 -0.28333333 -0.58626337 -1.0166667 -1.0166667 -1.0166288 -0.68833333 -0.67180066 -0.37333333 -0.13166667 -0.13166667 -0.12333333 -0.12333333 -0.84 -0.84 -0.84 -1.0066667 -1.0066667 -1.0066667 -1.185 -1.185 -1.1849993 -1.0766667 -1.0766667 -1.9933333 -1.6 -0.98 -1.1750067 -0.905 -0.65666667 -0.65666667 -0.87333283 -0.72 -1.4133333 -0.61666701 -0.87333333 -0.6616338 -0.65666667 -0.60666667 -0.60666667 -0.37666667 -0.37666667 -0.37666667
-1.5016667 -1.3053007 -1.2230507 -1.5166505 -0.98666667 -1.2383333 -1.82 -0.83333333 -0.77000053 -0.97437705 -0.28333424 -0.28333333 -0.10666667 -1.0166667 -1.0166667 -0.68833334 -0.68833333 -0.68831541 -0.37333333 -0.13166667 -0.13003017 -0.12333333 -0.12333333 -0.8399709 -0.84 -0.73316614 -0.515 -0.515 -0.51500006 -1.185 -1.185 -0.48833333 -0.48833333 -1.0766692 -1.9933333 -0.76166725 -1.1382156 -1.175 -1.175 -0.65666667 -0.87333333 -0.87333333 -0.87333145 -0.61666667 -0.61666667 -0.87333333 -0.65666667 -0.65666667 -0.60666667 -0.60666667 -0.37666667 -0.37666667 -0.37666667
-0.705 -0.79229294 -0.76502542 -0.77043841 -0.9866681 -1.2383274 -1.82 -0.84547863 -0.77436431 -0.77539662 -0.10666667 -0.10666667 -0.10666667 -0.10666667 -1.0165378 -0.68833333 -0.68833333 -0.68426618 -0.37333333 -0.13159201 0.13166667 0.13166667 0.13166667 0.13166667 -0.82329128 -0.515 -0.515 -0.515 -0.515 -0.51530877 -0.48833333 -0.48833333 -0.48833333 -0.48833333 -0.76166667 -0.76166667 -0.76166667 -1.155994 -1.1717329 -0.74 -0.74 -0.87332616 -0.7616617 -0.61668063 -0.61666667 -0.87333333 -0.65666667 -0.65666667 -0.60666666 -0.60666667 -0.37750108 -0.37666667 -0.87360205
-0.705 -0.765 -0.765 -0.765 -0.765 -0.7650002 -1.8185109 -1.3531378 -0.78600795 -0.1073861 -0.10666667 -0.10666667 -0.10666667 -0.10666667 -0.10666619 -0.68833334 -0.68833328 -0.66672648 -0.37333608 0.13166667 0.13166667 0.13166667 0.13166667 0.13166667 0.13494266 -0.26462137 -0.21833339 -0.21833333 -0.21833333 -0.21833333 -0.48833332 -0.48833333 -0.48833247 0.23166667 0.23166667 -0.76166667 0.056594701 0.08 -0.73999953 -0.74 -0.74 -0.74 -0.76166667 -0.76166667 -0.76166667 -0.76244376 -0.3023656 -0.3 -0.3 -0.3 -0.30000001 -0.45999998 -0.46
-1.0466667 -0.765 -0.765 -0.765 -0.765 -0.765 -0.76500007 -0.99837779 0.55608426 0.56333333 0.56333333 0.56333333 0.56333333 0.56333333 0.56333333 0.74933272 -0.66542677 -0.64519897 0.13160307 0.13166667 0.13166667 0.13166667 0.13166667 0.13166695 0.28333333 0.28333333 0.28333263 -0.21833333 -0.21833333 -0.21675808 0.56833333 0.56833333 0.23166667 0.23166667 0.23166667 0.10429551 0.08 0.08 0.08 -0.74 -0.74 -0.74 -0.76166667 -0.76166667 -0.76166667 -0.76166667 -0.3 -0.3 -0.3 -0.3 -0.3 -0.46 -0.46
-1.0466667 -0.94180537 -0.765 -0.765 -0.765 -0.765 0.47309029 0.47333333 0.47333334 0.56333333 0.56333333 0.56333333 0.56333333 0.56333333 0.60524866 0.75333333 0.75333333 0.75333333 0.3709365 0.37166642 0.37166667 0.37166667 0.37166667 0.37166667 0.28333333 0.28333333 0.28333333 0.28333333 -0.21833333 0.56833333 0.56833333 0.56833333 0.2316667 0.23166667 0.23166667 0.43333333 0.080467824 0.08 0.08 -0.74000815 -0.75695301 -0.7964973 -0.76166667 -0.76166667 -0.55896083 -0.55833333 -0.55833333 -0.3000451 -0.32657348 -0.32666666 -0.32666666 -0.053394955 -0.45999917
-1.0466667 0.035143787 -0.34498179 -0.765 -0.765 0.47260167 0.47333333 0.47333333 0.47333333 0.4739819 0.56333333 0.56333333 0.56333333 0.56333336 0.75333333 0.75333333 0.75333333 0.75333333 0.3720076 0.37166667 0.37166667 0.37166667 0.37166667 0.37166667 0.28333334 0.28333333 0.28333333 0.28333333 0.28436998 0.56833333 0.56833333 0.56833333 0.655 0.2316974 0.43333333 0.43333333 0.43333333 0.42975277 -0.7411398 -0.79666667 -0.79666667 -0.79666667 -0.67 -0.67 -0.55833333 -0.55833333 -0.55833333 -0.32666667 -0.32666667 -0.32666667 -0.32666667 -0.053333333 -0.053333333
0.064385121 0.065 0.065 0.065000007 0.73166667 0.47334 0.47333333 0.47333333 0.47333333 0.47333333 0.53569981 0.56332858 0.56333332 0.75333333 0.75333333 0.75333333 0.75333333 0.75333333 0.72267621 0.37166667 0.37166667 0.37166667 0.37166667 0.37166667 0.45045063 0.64499804 0.645 0.645 0.645 0.56833334 0.655 0.655 0.655 0.655 0.43333333 0.43332482 0.11 0.11 -0.78534558 -0.79666667 -0.79666667 -0.79666667 -0.67 -0.67 -0.57562318 -0.55833333 -0.55833333 -0.32666667 -0.32666667 -0.32666667 -0.32373582 -0.053333333 -0.053333333
0.065 0.065 0.065 0.37894328 0.73166667 0.73166667 0.47333333 0.47333333 0.47333333 0.47333333 0.19833333 0.19833333 0.19833333 0.75333333 0.75333333 0.75333333 0.75333333 0.75335509 0.74166667 0.74166667 0.37166682 0.37166667 0.3772662 0.60166667 0.60205678 0.645 0.645 0.645 0.645 0.65499898 0.655 0.655 0.655 0.655 0.11000114 0.11 0.11 0.11 0.10677983 -0.79666667 -0.79666667 -0.79666667 -0.67 -0.67 -0.67 -0.55833333 -0.55833333 -0.32666667 -0.32666667 -0.32666667 -0.053333334 -0.053333333 -0.053333333
0.065 0.065 0.065 0.73166667 0.73166667 0.73166667 0.73166627 0.47333333 0.47333333 0.19861721 0.19833333 0.19833333 0.19833333 0.19867913 0.85990728 0.885 0.885 0.885 0.74166667 0.74166667 0.74166667 0.60166667 0.60166667 0.60166667 0.60169888 0.68259091 0.645 0.645 0.645 0.21295279 0.11172011 0.11166667 0.11166667 0.11166667 -0.11629776 -0.43499876 -0.435 -0.435 -0.435 -0.31673234 -0.31666667 -0.31666667 -0.67 -0.67 -0.2150019 -0.215 -0.22166667 -0.22166667 -0.075 -0.075 -0.075 -0.053333333 -0.22651169
0.065000947 0.065 0.065000024 0.73166667 0.73166667 0.73166667 0.73166666 0.2383334 0.47239371 0.19847237 0.19833333 0.19833333 0.19833333 0.19968076 0.885 0.885 0.885 0.88499996 0.74166667 0.74166667 0.74166667 0.60166667 0.60166667 0.60166667 0.71666667 0.71666667 0.71666667 0.71666667 0.71666667 0.7133662 0.11166667 0.11166667 0.11166667 0.11166667 -0.1615166 -0.435 -0.435 -0.435 -0.435 -0.31666667 -0.31666667 -0.31666667 -0.31346784 -0.215 -0.215 -0.215 -0.22166667 -0.22166667 -0.075 -0.075 -0.075 -0.22666666 -0.22666667
0.37 0.2265333 0.1 0.10018326 0.73166667 0.24118774 0.23833333 0.23833333 0.39258695 0.35166667 0.35166667 0.35166667 0.35166667 1.1449742 1.145 0.8850002 0.885 0.88122338 0.74166667 0.74166667 0.74166667 0.51333333 0.51333333 0.51333333 0.71666667 0.71666667 0.71666667 0.71666667 0.71666667 0.71666635 0.27666562 0.2766662 0.11581369 0.11184356 -0.56089714 -0.56166667 -0.56166667 -0.56166667 -0.56166667 -0.31666667 -0.31666667 -0.31666667 -0.22059807 -0.215 -0.215 -0.21500007 -0.22166667 -0.22166667 -0.22166139 -0.075 -0.075025339 -0.64166667 -0.22666667
0.33500665 0.33499996 0.1 0.1 0.1 0.23833333 0.23833333 0.23833333 0.66166667 0.66166667 0.35166667 0.35166667 0.35166667 1.145 1.145 1.145 1.145 1.1449543 0.74166667 0.74166667 0.74166666 0.51333333 0.51333333 0.51333333 0.71666667 0.71666667 0.71666667 0.71666667 0.71666667 0.2816277 0.27666667 0.27666667 0.27666667 0.27666667 -0.561253 -0.56166667 -0.56166667 -0.56166667 -0.56166667 -0.28833334 -0.28833333 -0.28833333 -0.28833333 -0.21500284 -0.585 -0.585 -0.585 -0.94166667 -0.94166667 -0.94166667 -0.64166667 -0.64166667 -0.64166667
0.335 0.335 0.1 0.1 0.1 0.23760623 0.23833333 0.66166667 0.66166667 0.66166667 0.35170483 0.35166667 0.72754404 1.1449999 1.145 1.145 1.145 0.86333333 0.86333333 0.86333333 0.515 0.515 0.51333334 0.51333333 0.51344279 0.60166667 0.60166667 0.60166694 0.71664808 0.13502823 0.13500075 0.13502473 0.27642454 0.27654441 -0.41244933 -0.56166672 -0.56210791 -0.69333333 -0.69333333 -0.28833333 -0.28833333 -0.28833333 -0.28833333 -0.585 -0.585 -0.585 -0.585 -0.94166667 -0.94166667 -0.94166667 -0.64166667 -0.64166667 -0.64166667
0.335 0.335 0.1 0.1 0.1 0.1 0.39677463 0.66166667 0.66166667 0.66166667 0.66174952 0.81166667 0.81166667 0.81166667 1.1430356 1.145 0.86521029 0.86333333 0.86333333 0.86333333 0.515 0.515 0.515 0.515 0.60166667 0.60166667 0.60166667 0.60166667 0.60166667 0.135 0.135 0.135 0.135 0.13499891 -0.38166667 -0.69333333 -0.69333333 -0.69333333 -0.69333333 -0.69333329 -0.745 -0.745 -0.745 -0.72059341 -0.67 -0.67 -0.67 -0.94166666 -0.94166682 -1.1016667 -1.1016667 -0.45837793 -0.45833333
0.335 0.335 0.1848185 0.1 0.1 0.10000001 0.65168441 0.66163515 0.66166667 0.66166667 0.81166664 0.81166667 0.81166667 0.81166667 0.81166667 0.83899661 0.86333333 0.86333333 0.86333333 0.86333333 0.51500269 0.515 0.515 0.515 0.60166667 0.60166667 0.60166667 0.60166667 0.60166667 0.1756426 0.135 0.135 0.135 -0.38166667 -0.38166667 -0.38190868 -0.69333333 -0.69333333 -0.87060857 -1.0083333 -0.745 -0.745 -0.745 -0.72162901 -0.67 -0.67 -0.67 -0.71833333 -1.0968904 -1.1016667 -1.1016667 -0.45833333 -0.45833333
0.57333333 0.57333333 0.57333333 0.21867768 0.10061311 0.65166667 0.65166667 0.65166667 0.65166667 0.68833333 0.68833333 0.81166666 0.81166667 0.81166667 0.81166667 0.81166991 0.86333333 0.86333333 0.86333333 0.86333333 0.66700137 0.515 0.515 0.53070225 1.0921418 0.60166667 0.60166667 0.60166667 0.19 0.19 0.19 0.18999977 -0.38166667 -0.38166667 -0.38166667 -0.38166667 -1.0083333 -1.0083333 -1.0083333 -1.0083333 -0.615 -0.615 -0.615 -0.87499477 -0.875 -0.875 -0.87499994 -0.71833333 -0.71833333 -1.1011996 -1.1016667 -0.45833401 -0.45833333
0.57333333 0.57333333 0.57333333 0.57333019 0.515 0.53487358 0.65166667 0.65166667 0.65166667 0.68833333 0.68833333 0.68833333 0.023333369 0.023333333 0.023333333 0.023333349 0.86207243 0.86333333 0.86333333 0.86333333 0.85808412 1.1149984 1.115 1.115 1.115 1.115 0.645 0.645 0.19 0.19 0.19 0.19 -0.38166663 -0.38166667 -0.38166667 -0.38166259 -1.0083333 -1.0083333 -1.0083333 -1.0078288 -0.615 -0.615 -0.615 -0.87498794 -0.875 -0.875 -0.875 -0.71833333 -0.71833333 -0.71833332 -0.59166667 -0.59166667 -0.62666667
0.57333333 0.57333333 0.57333333 0.51500013 0.515 0.515 0.65166662 0.65166667 0.65166667 0.68833333 0.68833333 0.68833333 0.023333333 0.023333333 0.023333333 0.034884198 0.175 0.175 0.17500178 0.85944545 1.115 1.115 1.115 1.115 1.115 1.1146463 0.645 0.645 0.645 0.19 0.19 0.19003111 -0.33166667 -0.33166667 -0.33166667 -0.82166666 -0.82166667 -0.89333333 -0.89333333 -0.89333333 -0.47666667 -0.61495661 -0.61500083 -0.72666667 -0.72666667 -0.73228833 -0.87499934 -0.71833333 -0.71833333 -0.59166667 -0.59166667 -0.59166667 -0.62666667
