interpolatedSpi/03-06|20_2.tif
NCOLS 53
NROWS 52
XLLCORNER -116.03883
YLLCORNER 28.596182
DX 0.49850594
DY 0.49788537
NODATA_VALUE -9999
[rows 0 to 39 of 52, columns 0 to 52 of 53]
0.648 0.648 0.10751283 -0.082 0.238 0.14 0.534 0.212 -0.049887709 -0.188 -0.116 0.062 -0.18994236 0.51 -0.28 -0.28 -0.28 0.508 0.462 0.462 0.462 0.46199515 -0.042000001 -0.15 -0.15 -0.15 0.26200242 0.262 0.262 0.178 0.178 0.178 0.178 0.43199995 0.432 0.432 0.432 0.432 0.432 0.43200001 0.67339926 0.67567722 -0.592 -0.592 -0.592 -0.592 -0.5916864 -0.4 -0.4 -0.4 0.61399789 0.614 0.614
0.64797165 0.01 0.20400057 0.29317305 0.59968042 0.676 0.612 0.27436363 0.048 0.088 -0.016 -0.19 -0.19 0.32661354 0.5099908 -0.28 0.508 0.508 0.46205998 0.462 0.462 0.462 -0.16221181 -0.15 -0.15 -0.15 -0.054000007 -0.054 0.178 0.178 0.178 0.178 0.178 0.43199996 0.432 0.432 0.432 0.432 0.43199998 0.34328793 -0.11596256 -0.53424096 -0.592 -0.592 -0.592 -0.592 -0.592 -0.4 -0.4 -0.4 -0.31591815 0.614 0.614
1.2899559 1.29 0.694 1.24 0.364 0.374 0.428 -0.06 -0.148 -0.118 0.444 -0.722 -0.282 -0.19 0.326 -0.11 0.508 0.508 0.508 0.42001221 0.42 0.42 -0.382 -0.15 -0.15 -0.15 -0.054 -0.054 -0.054 0.178 0.178 0.17799996 -0.21674806 0.43044476 0.42902148 0.11493231 0.112 0.112 0.083323609 -0.116 -0.116 -0.11660868 -0.592 -0.592 -0.592 -0.592 -0.592 -0.4 -0.4 -0.4 -0.4 0.614 0.614
0.77 1.2899998 0.45595803 0.63 0.076 0.314 0.54 -0.482 0.052 -0.058374861 -0.328 -0.434 -0.306 -0.19 0.016 -0.11 -0.2092349 -0.20949693 -0.494 0.42 0.42 -1.182 -0.382 -0.382 -0.15 -0.14999952 -0.054 -0.054 -0.054 -0.922 -0.76837024 -0.642 -0.642 -0.64199941 0.112 0.112 0.112 0.112 -0.116 -0.116 -0.116 -0.11600002 -0.592 -0.592 -0.592 -0.592 -0.592 -0.40000242 -0.4 -0.4 -0.4 0.61393467 0.614
0.77 0.23200041 0.456 0.30030309 0.076 0.07 -0.23195817 -0.21 -0.176 -0.11999997 -0.23029702 -0.27996219 -0.016 0.016 0.016 -0.069877507 -0.21 -0.21 -0.494 -0.494 0.41999677 -1.182 -1.506 -0.438 -0.25 -0.25014729 -0.054 -0.054 -0.922 -0.922 -0.642 -0.642 -0.642 -0.67443448 0.112 0.112 0.112 -0.116 -0.116 -0.116 -0.116 -0.11601525 -0.592 -0.592 -0.592 -0.592 -0.592 -0.59029096 -0.4 -0.40004421 -1.386 -1.386 -1.386
-0.816 0.39 0.814 0.224 0.204 0.5 0.162 0.11437335 0.288 -0.3 0.07 -0.08 -0.079999958 -0.26 -0.26 -0.31800869 -0.318 -0.498 -0.498 -0.4940005 -1.454 -1.454 -0.438 -0.25 -0.25 -0.88 -1.404 -1.404 -0.31205608 -0.922 -0.642 -0.642 -0.814 -0.81394901 -0.32603515 -1.012 -1.012 -0.39319805 -0.116 -0.116 -0.27380294 -0.274 -0.27399942 -1.4230658 -1.4379065 -1.4379998 -1.438 -1.4379997 -2.6161376 -1.386 -1.386 -1.386 -1.386
-0.31200589 0.354 -0.29065884 0.466 0.93 0.114 0.144 0.116 -0.136 -0.136 0.07 0.154 -0.85399993 -0.26 -0.35399972 -0.354 -0.318 -0.76 -1.06 -1.06 -1.3484367 -1.23 -1.23 -1.152 -0.88 -0.88 -1.404 -1.404 -0.31202995 -0.31255148 0.30649556 -0.814 -0.814 -0.326 -0.326 -1.0076429 -1.012 -1.012 -1.329989 -0.27400147 -0.274 -0.274 -0.27399767 -1.4379964 -1.438 -1.438 -1.438 -1.4380009 -2.904 -1.3863008 -1.386 -1.386 -1.386
-0.312 -0.57 0.016 -0.49 -0.72998624 -0.218 -0.156 -0.43199998 -0.132 -0.232 -0.232 -0.632 -0.854 -0.854 -0.35743046 -0.73105339 -0.768 -0.5 -0.92600014 -1.06 -1.5307906 -1.506 -1.748 -0.748 -0.74800302 -0.982 -1.41 -1.41 -0.82419887 -0.82599998 0.31 -0.13878816 -0.07 -0.326 -0.34020356 -1.004 -1.004 -1.33 -1.33 -0.274 -0.274 -0.27399999 -0.78142148 -0.78400003 -1.438 -1.438 -1.438 -2.9039442 -2.904 -2.904 -1.386 -1.386 -1.386
-0.57333774 -0.56999999 -0.554 -0.062 -0.308 -0.538 -0.13 0.654 0.218 0.43649791 -0.102 -0.358 -0.358 -0.526 -0.5259991 -1.0432308 -1.044 -1.044 -0.56502956 -1.668 -1.798 -1.798 -1.686 -1.7235668 -0.95841898 -0.982 -1.264 -1.41 -0.73593986 -0.732 -0.158 0.298 -0.040455642 -1.092 -0.824 -0.874 -0.852 -0.548 -0.61197045 -0.27281264 -0.008 -0.438 -0.78397167 -0.784 -0.78768107 -1.438 -1.79 -2.904 -2.904 -2.904 -2.904 -1.3765374 -1.478
-0.592 -0.592 -0.278 -0.182 -0.152 -0.21 -0.102 0.07 0.6 0.49197678 0.098 -0.054 -0.526 -0.526 -0.43 -0.43842129 -1.044 -1.0439404 -0.794 -1.668 -1.668 -1.6847483 -1.686 -1.7559987 -1.756 -1.756 -1.264 -0.674 -0.674 -0.732 -0.732 0.29672547 -0.374 -1.092 -0.81 -0.874 -0.852 -1.434 -0.612 0.21635366 -0.43799998 -0.50118238 -0.61 -0.784 -0.784 -1.79 -1.79 -1.79 -2.904 -2.904 -1.31 -1.31 -1.3100001
-0.592 -0.592 -1.11 -0.944 -0.642 -0.224 -0.51999999 0.14787952 -0.266 -0.202 -0.324 -0.568 -0.054684985 -0.43 -0.43 -0.43002815 -0.674 -0.68029816 -0.794 -0.384 -0.384 -0.89 -0.89 -1.756 -1.756 -1.756 -0.674 -0.674 -0.674 -1.19 -1.19 -1.1899987 -0.584 -0.584 -0.894 -1.216 -0.606 -1.3159999 -1.394 0.23 0.23 -0.58600008 -0.61 -0.784 -0.98800001 -1.056 -0.56728871 -0.562 -0.984 -0.984 -1.31 -1.31 -1.31
-0.592 -0.81564736 -1.0391619 -1.1739844 -0.834 -0.982 -0.52 0.148 -0.26599654 -0.20270904 -0.56799952 -0.568 -0.154 -0.43 -0.43 -0.67399999 -0.674 -0.67400683 -0.794 -0.384 -0.48336811 -0.89 -0.89 -1.7559646 -1.756 -1.5410174 -1.102 -1.102 -1.1019999 -1.19 -1.19 -1.286 -1.286 -0.58400085 -0.894 -0.98399991 -0.71760658 -1.316 -1.316 0.22999997 -0.586 -0.586 -0.58600291 -0.988 -0.988 -1.056 -0.562 -0.562 -0.984 -0.984 -1.31 -1.31 -1.31
-0.11 0.10442211 0.20595689 0.19600506 -0.83400064 -0.98199651 -0.52000001 0.1397773 -0.23747117 -0.26432879 -0.154 -0.154 -0.154 -0.154 -0.4299609 -0.674 -0.674 -0.67554939 -0.794 -0.38398294 -0.316 -0.316 -0.316 -0.316 -1.731092 -1.102 -1.102 -1.102 -1.102 -1.1020347 -1.286 -1.286 -1.286 -1.286 -0.984 -0.984 -0.984 -1.2999757 -1.3135215 -0.986 -0.986 -0.58602152 -1.1739936 -0.98801792 -0.988 -1.056 -0.562 -0.562 -0.984 -0.984 -1.3088173 -1.31 -1.3594053
-0.11 0.206 0.206 0.206 0.206 0.2059995 -0.52118257 -0.20398099 -0.16135889 -0.15411899 -0.154 -0.154 -0.154 -0.154 -0.15399996 -0.674 -0.67400002 -0.68223118 -0.79399678 -0.316 -0.316 -0.316 -0.316 -0.316 -0.32962166 -1.0518829 -1.042 -1.042 -1.042 -1.042 -1.286 -1.286 -1.2860001 -1.368 -1.368 -0.984 -0.9606674 -0.96 -0.98599998 -0.986 -0.986 -0.986 -1.174 -1.174 -1.174 -1.1731788 -1.0588494 -1.062 -1.062 -1.062 -1.062 -2.7026099e-07 -4.4410061e-17
0.414 0.206 0.206 0.206 0.206 0.206 0.20599995 -0.29398185 -0.096128085 -0.096 -0.096 -0.096 -0.096 -0.096 -0.096000001 -0.21363836 -0.66674244 -0.69043189 -0.31606006 -0.316 -0.316 -0.316 -0.316 -0.31600014 -0.946 -0.946 -0.94600013 -1.042 -1.042 -1.0426047 -1.344 -1.344 -1.368 -1.368 -1.368 -1.0253571 -0.96 -0.96 -0.96 -0.986 -0.986 -0.986 -1.174 -1.174 -1.174 -1.174 -1.062 -1.062 -1.062 -1.062 -1.062 -4.2084328e-13 -4.4408921e-17
0.414 0.33656396 0.206 0.206 0.206 0.206 -0.11993602 -0.12 -0.12 -0.096 -0.096 -0.096 -0.096 -0.096 -0.12247284 -0.216 -0.216 -0.216 -0.43563427 -0.43599988 -0.436 -0.436 -0.436 -0.436 -0.946 -0.946 -0.946 -0.946 -1.042 -1.344 -1.344 -1.344 -1.368 -1.368 -1.368 -0.826 -0.95982258 -0.96 -0.96 -0.98603983 -1.0655794 -1.251205 -1.174 -1.174 -0.83903692 -0.838 -0.838 -1.060735 -0.2946908 -0.29200007 -0.29200015 0.017997199 3.6598483e-08
0.414 0.12205743 0.15944376 0.206 0.206 -0.11980738 -0.12 -0.12 -0.12 -0.11982705 -0.096 -0.096 -0.096 -0.096000015 -0.216 -0.216 -0.216 -0.216 -0.43580348 -0.436 -0.436 -0.436 -0.436 -0.436 -0.94599999 -0.946 -0.946 -0.946 -0.94744766 -1.344 -1.344 -1.344 -0.86800001 -1.3679328 -0.826 -0.826 -0.826 -0.82882407 -1.2335093 -1.252 -1.252 -1.252 -0.862 -0.862 -0.838 -0.838 -0.838 -0.29200001 -0.292 -0.292 -0.292 0.018 0.018
0.11439305 0.114 0.114 0.114 -0.01 -0.11999716 -0.12 -0.12 -0.12 -0.12 -0.054966173 -0.095992937 -0.095999985 -0.216 -0.216 -0.216 -0.216 -0.216 -0.26417976 -0.436 -0.436 -0.436 -0.436 -0.436 -0.59799177 -0.47000258 -0.47 -0.47 -0.47 -1.344 -0.86800001 -0.868 -0.868 -0.868 -0.826 -0.82600674 -1.082 -1.082 -1.2498773 -1.252 -1.252 -1.252 -0.862 -0.862 -0.84171603 -0.838 -0.838 -0.292 -0.292 -0.292 -0.28867599 0.018 0.018
0.114 0.114 0.114 0.05560655 -0.01 -0.01 -0.12 -0.12 -0.12 -0.12 0.446 0.446 0.446 -0.216 -0.216 -0.216 -0.216 -0.21600099 -0.706 -0.706 -0.43600011 -0.436 -0.43585393 -0.43 -0.4303601 -0.47 -0.47 -0.47 -0.47 -0.86795947 -0.868 -0.868 -0.868 -0.868 -1.0819991 -1.082 -1.082 -1.082 -1.0825626 -1.252 -1.252 -1.252 -0.862 -0.862 -0.862 -0.838 -0.838 -0.292 -0.292 -0.292 0.018 0.018 0.018
0.114 0.114 0.114 -0.01 -0.01 -0.01 -0.010000168 -0.12 -0.12 0.44541573 0.446 0.446 0.446 0.44558754 -0.22085653 -0.222 -0.222 -0.222 -0.706 -0.706 -0.706 -0.43 -0.43 -0.43 -0.42992941 -0.3168389 -0.47 -0.47 -0.47 -0.58719683 -0.53403285 -0.534 -0.534 -0.534 -0.82632746 -0.46800139 -0.468 -0.468 -0.468 -0.15814969 -0.158 -0.158 -0.862 -0.862 0.29799516 0.29799998 0.246 0.246 0.274 0.274 0.274 0.018 0.52954221
0.11400026 0.114 0.114 -0.01 -0.01 -0.01 -0.010000001 -0.080000012 -0.11984006 0.44595829 0.446 0.446 0.446 0.4446892 -0.222 -0.222 -0.222 -0.22200014 -0.706 -0.706 -0.706 -0.43 -0.43 -0.43 -0.178 -0.178 -0.356 -0.356 -0.356 -0.35697105 -0.534 -0.534 -0.534 -0.534 -0.50101813 -0.468 -0.468 -0.468 -0.468 -0.158 -0.158 -0.158 -0.1436525 0.298 0.298 0.298 0.246 0.246 0.274 0.274 0.274 0.52999999 0.53
0.198 0.14033163 -0.454 -0.45387119 -0.01 -0.079594982 -0.08 -0.08 -0.020970662 0.39999999 0.4 0.4 0.4 -0.27197812 -0.272 -0.22200004 -0.222 -0.23475269 -0.706 -0.706 -0.706 -0.734 -0.734 -0.734 -0.178 -0.178 -0.356 -0.356 -0.356 -0.3560001 -0.49600024 -0.49600011 -0.53304493 -0.53395926 -0.52401085 -0.524 -0.524 -0.524 -0.524 -0.158 -0.158 -0.158 0.27289121 0.298 0.298 0.29799997 0.246 0.246 0.24600101 0.274 0.27399544 0.172 0.53
-0.24391606 -0.24400004 -0.454 -0.454 -0.454 -0.08 -0.08 -0.08 0.082 0.082 0.4 0.4 0.4 -0.272 -0.272 -0.272 -0.272 -0.27204797 -0.706 -0.706 -0.706 -0.734 -0.734 -0.734 -0.178 -0.178 -0.356 -0.356 -0.356 -0.49442149 -0.496 -0.496 -0.496 -0.496 -0.52398618 -0.524 -0.524 -0.524 -0.524 -0.168 -0.168 -0.168 -0.168 0.29799863 0.12 0.12 0.12 0.24 0.24 0.24 0.172 0.172 0.172
-0.244 -0.244 -0.454 -0.454 -0.454 -0.081965811 -0.08 0.082 0.082 0.082 0.39996085 0.4 -0.13439957 -0.272 -0.272 -0.272 -0.272 -0.412 -0.412 -0.412 -0.694 -0.69400003 -0.73399981 -0.734 -0.73370635 -0.502 -0.502 -0.50199965 -0.35602359 -0.06208649 -0.06200231 -0.062075771 -0.49525825 -0.49562546 -0.51873102 -0.52399997 -0.52377882 -0.458 -0.458 -0.168 -0.168 -0.168 -0.168 0.12 0.12 0.12 0.12 0.24 0.24 0.24 0.172 0.172 0.172
-0.244 -0.244 -0.454 -0.454 -0.454 -0.454 -0.019368132 0.082 0.082 0.082 0.0818144 -0.254 -0.254 -0.254 -0.27189392 -0.272 -0.41106707 -0.412 -0.412 -0.412 -0.694 -0.694 -0.694 -0.694 -0.502 -0.502 -0.502 -0.502 -0.502 -0.062 -0.062 -0.062 -0.062 -0.061999933 -0.03 -0.458 -0.458 -0.458 -0.458 -0.45800009 -0.532 -0.532 -0.532 -0.38426076 -0.078 -0.078 -0.078 0.23999999 0.23999976 -0.012 -0.012 0.38794745 0.388
-0.244 -0.244 -0.37820475 -0.454 -0.454 -0.45400001 -0.96214385 0.078703586 0.082 0.081999999 -0.2540001 -0.254 -0.254 -0.254 -0.254 -0.25549891 -0.412 -0.412 -0.412 -0.412 -0.69399782 -0.694 -0.694 -0.694 -0.502 -0.502 -0.502 -0.502 -0.502 -0.33689179 -0.062 -0.062 -0.062 -0.03 -0.03 -0.030332353 -0.458 -0.458 -0.42085662 -0.39200001 -0.532 -0.532 -0.532 -0.38610777 -0.078 -0.078 -0.078 0.012 -0.011700962 -0.012 -0.012 0.388 0.388
-0.728 -0.728 -0.728 -0.52269933 -0.4544515 -0.964 -0.964 -0.964 -0.964 -0.744 -0.744 -0.25400003 -0.254 -0.254 -0.254 -0.25401002 -0.412 -0.412 -0.412 -0.412 -0.57094435 -0.694 -0.694 -0.67939691 -0.15229757 -0.502 -0.502 -0.502 -0.434 -0.434 -0.434 -0.43399844 -0.03 -0.03 -0.03 -0.03 -0.392 -0.392 -0.392 -0.392 -0.57 -0.57 -0.57 -0.068010093 -0.068 -0.068 -0.068000003 0.012 0.012 -0.011970757 -0.012 0.38799887 0.388
-0.728 -0.728 -0.728 -0.72800162 -0.758 -0.78795578 -0.964 -0.964 -0.964 -0.744 -0.744 -0.744 -0.376 -0.376 -0.376 -0.37600001 -0.41257886 -0.412 -0.412 -0.412 -0.41624566 -0.13600153 -0.136 -0.136 -0.136 -0.13600002 -0.82 -0.82 -0.434 -0.434 -0.434 -0.434 -0.030000139 -0.03 -0.03 -0.030015639 -0.392 -0.392 -0.392 -0.39271067 -0.57 -0.57 -0.57 -0.068023279 -0.068 -0.068 -0.068 0.012 0.012 0.01200002 0.164 0.164 0.638
-0.728 -0.728 -0.728 -0.75799993 -0.758 -0.758 -0.96399992 -0.964 -0.964 -0.744 -0.744 -0.744 -0.376 -0.376 -0.376 -0.40280816 -0.728 -0.728 -0.72799918 -0.41378485 -0.136 -0.136 -0.136 -0.136 -0.136 -0.13651475 -0.82 -0.82 -0.82 -0.434 -0.434 -0.43394593 -0.222 -0.222 -0.222 -0.576 -0.576 -0.554 -0.554 -0.554 0.048 -0.56980615 -0.56999418 0.21 0.21 0.19946412 -0.06799913 0.012 0.012 0.164 0.164 0.164 0.638
-0.728 -0.728 -0.728 -0.758 -0.758 -0.758 -0.758 -0.964 -0.964 -0.744 -0.744 -0.39071469 -0.376 -0.376 -0.376 -0.728 -0.728 -0.728 -0.728 -0.728 -0.136 -0.136 -0.136 -0.136 -0.136 -0.81999767 -0.82 -0.82 -0.82 -0.35 -0.35 -0.35 -0.222 -0.222 -0.222 -0.576 -0.576 -0.554 -0.554 0.048 0.048 0.048 0.21 0.21 0.21 0.21 0.23891586 0.562 0.562 0.562 0.16400001 0.778 0.778
-0.728 -0.728 -0.72804178 -0.758 -0.758 -0.758 -0.758 -0.72182355 -0.72 -0.7200412 -0.74399999 -0.37601725 -0.376 -0.376 -0.37600122 -0.728 -0.728 -0.728 -0.728 -0.728 -1.1679091 -0.136 -0.136 -0.136 -0.13615571 -0.82000405 -0.82 -0.82 -0.82 -0.35 -0.35 -0.35 -0.3499817 -0.222 -0.576 -0.576 -0.576 -0.57599869 -0.55395894 0.048 0.048 0.048 0.20999017 0.21 0.21 0.21 0.56200209 0.562 0.562 0.562 0.778 0.778 0.778
-0.186 -0.18600095 -0.75796403 -0.758 -0.758 -0.758 -0.72000809 -0.72 -0.72 -0.72 -0.582 -0.582 -0.582 -0.582 -0.72732612 -0.728 -0.728 -0.728 -0.728 -1.2119997 -1.212 -1.212 -0.89199987 -0.892 -0.892 -0.892 -0.88578547 -0.82 -0.37201835 -0.372 -0.372 -0.372 -0.372 -0.014000003 -0.014 -0.014 -0.014 -0.014 0.332 0.332 0.332 0.332 0.332 0.77314981 0.774 0.774 0.774 0.562 0.562 0.562 0.77796597 0.778 0.778
-0.186 -0.186 -0.18528013 -0.10000132 -0.10000015 -0.10060486 -0.72 -0.72 -0.72 -0.72 -0.582 -0.582 -0.582 -0.582 -0.582 -0.728 -0.728 -0.728 -1.2119999 -1.212 -1.212 -1.212 -0.892 -0.892 -0.892 -0.892 -0.892 -0.89198424 -0.37196679 -0.372 -0.372 -0.372 -0.37198666 0.10391554 -0.013877903 -0.014 -0.014 -0.013999997 0.332 0.332 0.332 0.332 0.332 0.774 0.774 0.774 0.774 0.67486466 0.562 1.0188455 1.024 0.522 0.522
-0.186 -0.186 -0.10001089 -0.1 -0.1 -0.1 -0.25747738 -0.72 -0.72 -0.72 -0.582 -0.582 -0.582 -0.582 -0.582 -0.72788802 -0.728 -1.2118581 -1.212 -1.212 -1.212 -1.212 -1.0105461 -0.892 -0.892 -0.892 -0.892 -0.89157085 -0.286 -0.286 -0.286 -0.286 -0.286 0.194 0.194 0.194 0.194 0.194 0.88 0.88 0.88 0.88 0.87999999 0.77530873 0.77400027 0.774 0.77409086 0.78496841 1.024 1.024 1.024 0.52200281 0.522
-0.18599913 0.27483689 -0.099999946 -0.1 -0.1 -0.1 -0.1 -0.71973601 -0.72 -0.72 -0.582 -0.582 -0.582 -0.582 -0.62111155 -0.622 -0.622 -1.2119848 -1.212 -1.212 -1.212 -1.212 -1.2119999 -0.892 -0.892 -0.892 -0.892 -0.37599993 -0.37599996 -0.35684581 -0.286 -0.286 -0.286 0.194 0.194 0.194 0.194 0.19384287 0.88 0.88 0.88 0.88 0.88000306 1.31 1.31 1.31 1.31 1.3099769 1.024 1.024 1.024 1.0239998 0.71117233
0.284 0.284 0.21688815 -0.1 -0.1 -0.1 -0.1 -0.1 -0.71973415 -0.10800001 -0.108 -0.108 -0.1091249 -0.62199994 -0.622 -0.622 -0.622 -0.622 -1.2119958 -1.1760996 -0.862 -0.862 -0.862 -0.86796381 -0.86110596 -0.69579781 -0.55623591 -0.376 -0.376 -0.376 -0.376 -0.376 -0.37035197 -0.039481474 -0.038 -0.038 -0.038 -0.038 0.88751386 0.91999993 0.92 0.92 0.92 0.98800094 1.3099999 1.31 1.31 1.008 1.0239997 1.024 1.024 0.714 0.714
0.284 0.284 0.31 0.31 0.31 -0.099863426 -0.1 -0.1 -0.108 -0.108 -0.108 -0.108 -0.108 -0.62199998 -0.622 -0.622 -0.622 -0.622 -0.862 -0.862 -0.862 -0.862 -0.862 -0.50600002 -0.506 -0.506 -0.506 -0.376 -0.376 -0.376 -0.376 -0.376 -0.17 -0.17 -0.038000001 -0.038 -0.038 0.45591587 0.456 0.92 0.92 0.92 0.92000002 0.988 0.988 0.988 1.008 1.008 1.008 0.718 0.718 0.714 0.714
0.284 0.284 0.31 0.31 0.31 0.31 0.30999876 0.084 -0.10781923 -0.108 -0.108 -0.108 -0.108 -0.61558832 -0.622 -0.622 -0.622 -0.622 -0.862 -0.862 -0.862 -0.862 -0.862 -0.506 -0.506 -0.506 -0.506 -0.50599946 -0.376 -0.376 -0.376 -0.1700108 -0.17 -0.17 -0.17 -0.038 0.45599999 0.456 0.456 0.46820871 1.0329631 1.054 1.054 0.988 0.988 0.988 1.008 1.008 1.008 0.718 0.718 0.718 0.64154269
0.268 0.26800013 0.31 0.31 0.31 0.31 0.084 0.084 0.084 -0.108 -0.108 -0.108 -0.108 -0.10815979 -0.622 -0.622 -0.622 -0.622 -0.86199539 -0.862 -0.862 -0.86199999 -0.56869251 -0.506 -0.506 -0.506 -0.506 -0.31000016 -0.31 -0.31 -0.37528394 -0.17 -0.17 -0.17 -0.1699993 0.55799999 0.456 0.456 0.456 0.45600001 1.054 1.054 1.054 1.08 1.08 1.08 1.0739936 1.008 1.008 0.718 0.718 0.718 0.63400071
0.268 0.268 0.31 0.31 0.31 0.084 0.084 0.084 0.084 -0.086953896 -0.108 -0.108 -0.108 -0.1080007 -0.054065367 -0.054 -0.054 -0.054 0.20911445 0.132 0.132 0.132 0.132 -0.506 -0.506 -0.506 -0.50598707 -0.31 -0.31 -0.31 -0.31 -0.16990566 0.23947894 0.558 0.558 0.558 0.45820282 1.0459877 1.046 1.046 1.0540721 1.146 1.146 1.08 1.08 1.08 1.074 1.074 0.732 0.732 0.732 0.808 0.89
