interpolatedSpi/03-09|22_3.tif
NCOLS 53
NROWS 52
XLLCORNER -116.03883
YLLCORNER 28.596182
DX 0.49850594
DY 0.49788537
NODATA_VALUE -9999
[rows 0 to 26 of 52, columns 0 to 52 of 53]
0.021428571 0.021428571 -0.34817216 -0.57857143 0.021428571 -0.045714286 -0.028571429 -0.082857143 -0.45777559 -0.26571429 -0.38857143 0.24571429 0.045732284 0.26428571 0.26285714 0.26285714 0.26285714 0.59 0.44857143 0.44857143 0.44857143 0.44856524 -0.19428571 0.15571429 0.15571429 0.15571429 0.13571012 0.13571429 0.13571429 -0.15 -0.15 -0.15 -0.15 0.34571419 0.34571429 0.34571429 0.34571429 0.34571429 0.34571429 0.34571429 0.3640887 0.36421754 0.095714286 0.095714286 0.095714286 0.095714286 0.095466951 -0.055714286 -0.055714286 -0.055714286 0.69571273 0.69571429 0.69571429
0.021387949 -0.89285714 -0.405714 -0.25128819 -0.098464376 0.07 -0.15428571 0.20521943 -0.11571429 -0.17714286 0.088571429 0.045714286 0.045714286 0.50348544 0.2642886 0.26285714 0.59 0.59 0.44875583 0.44857143 0.44857143 0.44857143 0.15511272 0.15571429 0.15571429 0.15571429 0.080000005 0.08 -0.15 -0.15 -0.15 -0.15 -0.15 0.34571421 0.34571429 0.34571429 0.34571429 0.34571429 0.34571433 0.51997933 1.4284935 0.25744558 0.095714286 0.095714286 0.095714286 0.095714286 0.095714286 -0.055714286 -0.055714286 -0.055714286 0.0065948907 0.69571429 0.69571429
0.042855868 0.042857143 -0.16142857 0.29857143 -0.19571429 -0.43 -0.058571429 0.20571429 -0.49857143 0.27428571 0.024285714 -0.018571429 -0.10142857 0.62714286 0.50428571 0.0071428571 0.59 0.59 0.59 0.19293148 0.19285714 0.19285714 0.14428571 0.15571429 0.15571429 0.15571429 0.08 0.08 0.08 -0.15 -0.15 -0.14999998 0.074194888 0.34682633 0.35100647 0.90907563 0.91428571 0.91428571 0.9789693 1.4285714 1.4285714 1.426867 0.095714286 0.095714286 0.095714286 0.095714286 0.095714286 -0.055714286 -0.055714286 -0.055714286 -0.055714284 0.69571429 0.69571429
-0.36 0.04285716 0.12996367 1.2071429 -0.29428571 0.15 0.17 -0.25714286 0.15285714 0.40683307 0.25571429 0.28285714 0.22 0.62714286 -0.36 0.0071428571 -0.82643034 -0.83186021 -0.92857143 0.19285714 0.19285714 -0.53857143 0.14428571 0.14428571 0.15571429 0.15571391 0.08 0.08 0.08 -0.27 0.051368383 0.31571429 0.31571429 0.31571476 0.91428571 0.91428571 0.91428571 0.91428571 1.4285714 1.4285714 1.4285714 1.4285714 0.095714286 0.095714286 0.095714286 0.095714286 0.095714286 -0.055712375 -0.055714286 -0.055714286 -0.055714286 0.69571279 0.69571429
-0.36 0.70857037 0.13 0.2656757 -0.29428571 -0.18428571 0.014294014 0.70714286 0.028571429 0.86857104 0.5348563 0.3784994 -0.12428571 -0.36 -0.36 -0.12754289 -0.83285714 -0.83285714 -0.92857143 -0.92857143 0.19285566 -0.53857143 0.40714286 0.13428571 0.11142857 0.11157958 0.08 0.08 -0.27 -0.27 0.31571429 0.31571429 0.31571429 0.35720058 0.91428571 0.91428571 0.91428571 1.4285714 1.4285714 1.4285714 1.4285714 1.4285521 0.095714302 0.095714286 0.095714286 0.095714286 0.095714286 0.094366384 -0.055714286 -0.055682642 0.65 0.65 0.65
-2.0757143 -0.11 0.052857137 0.13 -0.45571429 -0.091428571 -0.17571429 -0.062683287 0.18857143 -0.42428571 -1.0542857 -0.16714286 -0.16714283 -0.14714286 -0.14714286 -0.44283541 -0.44285714 -0.47 -0.47 -0.92857074 -0.74 -0.74 0.13428571 0.11142857 0.11142857 0.75714286 0.44857143 0.44857143 0.74990662 -0.27 0.31571429 0.31571429 0.53571429 0.53579982 1.3542271 1.4571429 1.4571429 1.4374107 1.4285714 1.4285714 1.2288209 1.2285714 1.2285739 0.58267786 0.59137378 0.59142844 0.59142855 0.59142839 0.82982286 0.65 0.65 0.65 0.65
-1.3342912 -0.88285714 -0.48319012 -0.47714286 -0.37142857 -0.69857143 -0.15857143 -0.16428571 -0.09 -0.09 -1.0542857 -0.20857143 -0.95857124 -0.14714286 -0.35285653 -0.35285714 -0.44285714 -0.24857143 -0.14142857 -0.14142857 -0.73192117 -0.72285714 -0.72285714 0.56999999 0.75714286 0.75714286 0.44857143 0.44857143 0.74996687 0.74938997 1.0886221 0.53571429 0.53571429 1.3542857 1.3542857 1.5232777 1.4571429 1.4571429 1.8285586 1.2285723 1.2285714 1.2285714 1.2285849 0.59143293 0.59142857 0.59142857 0.59142857 0.59142875 0.89142857 0.65004784 0.65 0.65 0.65
-1.3342857 -0.064285714 -0.044285714 -1.2242857 -0.94858723 -0.69 -0.54 -0.16428571 -0.4 -0.16142857 -0.16142857 -0.25714286 -0.95857143 -0.95857143 -0.3570129 -0.76790211 -0.80857143 -0.048571429 -0.60999952 -0.14142857 0.17042507 0.27 -0.65714286 0.34428571 0.34428168 0.031428571 0.37 0.37000003 0.18342092 0.18142859 1.0914286 0.33956989 0.78285714 1.3542857 1.35616 1.5785714 1.5785714 1.8285714 1.8285714 1.2285714 1.2285714 1.2285715 1.3743631 1.3728571 0.59142857 0.59142857 0.59142857 0.89141715 0.89142857 0.89142857 0.65 0.65 0.65
-0.24092595 -0.064285715 0.30714286 -0.46142857 -0.64571429 -0.74 -0.24 0.097142857 0.19571429 0.004329259 -0.23714286 -0.32142857 -0.32142857 0.29428571 0.29427724 -0.92111403 -0.92142857 -0.92142857 -0.13427436 -0.61857149 -0.90285714 -0.90285713 0.73142857 -0.10992968 0.062956311 0.031428571 0.47714286 0.37 0.97645529 0.98 0.21571429 1.4014286 0.99706548 0.8 1.42 1.4171429 1.8985714 0.94428571 2.1080338 1.2331245 2.2485714 1.6314286 1.3728992 1.3728571 1.3684588 0.59142857 1.2128571 0.89142857 0.89142857 0.89142857 0.89142857 0.66583023 0.34142857
-1.2285714 -1.2285714 0.26714286 -0.29714286 -0.69857143 -0.54714286 -0.53142857 -0.63571429 -0.22857143 -0.044361225 -0.077142857 0.70857143 0.29428571 0.29428571 -0.60714286 -0.61145343 -0.92142857 -0.92134064 -0.53285714 -0.61857143 -0.61857143 -0.65519697 0.73142857 0.70714332 0.70714286 0.70714286 0.47714286 0.94857143 0.94857143 0.98 0.98 1.3999059 0.59857143 0.8 1.1714286 1.4171429 1.8985714 1.7 2.1085714 1.0039124 1.6314286 1.6314286 1.6314286 1.3728571 1.3728571 1.2128571 1.2128571 1.2128571 0.89142857 0.89142857 0.77714286 0.77714286 0.77714269
-1.2285714 -1.2285714 -0.31571429 -0.65714286 -0.86857143 -0.56714286 -0.87999999 -0.075841891 -0.045714286 -0.27857143 -0.18428571 -0.57714286 0.70685915 -0.60714286 -0.60714286 -0.60713692 -0.55571429 -0.55451464 -0.53285714 -0.58428571 -0.58428571 -0.75857143 -0.75857143 0.70714286 0.70714286 0.70714286 0.94857143 0.94857143 0.94857143 -0.054285714 -0.054285714 -0.054284638 0.90714286 0.90714286 0.76428571 0.50857143 1.6514286 1.1942878 1.4685714 0.98571429 0.98571429 0.78143137 1.6314286 1.3728571 1.1185713 0.93285714 1.2669091 1.2671429 1.3057143 1.3057143 0.77714286 0.77714286 0.77714286
-1.2285714 -0.83445786 -0.46141403 -0.69570523 0.0028571429 -0.77857143 -0.88 -0.075714286 -0.045714536 -0.27599165 -0.57714247 -0.57714286 -0.56857143 -0.60714286 -0.60714286 -0.55571429 -0.55571429 -0.55571298 -0.53285714 -0.58428571 -0.61851188 -0.75857143 -0.75857143 0.70708424 0.70714286 0.58410782 0.33285714 0.33285714 0.33285722 -0.054285714 -0.054285714 -0.028571429 -0.028571429 0.90714247 0.76428571 1.0285715 1.6170666 1.1942857 1.1942857 0.98571428 0.78142857 0.78142857 0.78143114 1.1185714 1.1185714 0.93285714 1.2671429 1.2671429 1.3057143 1.3057143 0.77714286 0.77714286 0.77714286
0.27428571 0.047296234 0.082829963 0.077224707 0.0028529827 -0.77855298 -0.88 -0.085614577 -0.047781593 -0.051794806 -0.56857143 -0.56857143 -0.56857143 -0.56857143 -0.60713739 -0.55571429 -0.55571429 -0.55541916 -0.53285714 -0.58421721 -0.34857143 -0.34857143 -0.34857143 -0.34857143 0.68897095 0.33285714 0.33285714 0.33285714 0.33285714 0.33258746 -0.028571429 -0.028571429 -0.028571429 -0.028571429 1.0285714 1.0285714 1.0285714 1.1865788 1.1893609 0.53857143 0.53857143 0.78141551 0.71287103 1.1185324 1.1185714 0.93285714 1.2671429 1.2671429 1.3057143 1.3057143 0.77906046 0.77714286 0.92333355
0.27428571 0.082857143 0.082857143 0.082857143 0.082857143 0.082856785 -0.87974024 -0.49943802 -0.053297026 -0.56801411 -0.56857143 -0.56857143 -0.56857143 -0.56857143 -0.56857123 -0.55571429 -0.55571428 -0.55414644 -0.53285686 -0.34857143 -0.34857143 -0.34857143 -0.34857143 -0.34857143 -0.33671043 0.22707877 0.17428575 0.17428571 0.17428571 0.17428571 -0.028571429 -0.028571429 -0.028571356 0.031428571 0.031428571 1.0285714 0.56608594 0.55285714 0.53857144 0.53857143 0.53857143 0.53857143 0.71285714 0.71285714 0.71285714 0.71438814 1.1208879 1.12 1.12 1.12 1.12 1.0642857 1.0642857
0.53142857 0.082857143 0.082857143 0.082857143 0.082857143 0.082857143 0.082857081 -0.5825143 -0.2901903 -0.29142857 -0.29142857 -0.29142857 -0.29142857 -0.29142857 -0.29142857 0.13822508 -0.54455825 -0.55258423 -0.34859461 -0.34857143 -0.34857143 -0.34857143 -0.34857143 -0.34857076 0.2 0.2 0.19999996 0.17428571 0.17428571 0.17387092 -0.032857143 -0.032857143 0.031428571 0.031428571 0.031428571 0.46932991 0.55285714 0.55285714 0.55285714 0.53857143 0.53857143 0.53857143 0.71285714 0.71285714 0.71285714 0.71285714 1.12 1.12 1.12 1.12 1.12 1.0642857 1.0642857
0.53142857 0.36443052 0.082857143 0.082857143 0.082857143 0.082857143 -0.31277948 -0.31285714 -0.31285714 -0.29142857 -0.29142857 -0.29142857 -0.29142857 -0.29142857 -0.19467665 0.14714286 0.14714286 0.14714286 0.22396553 0.2257137 0.22571429 0.22571429 0.22571429 0.22571429 0.2 0.2 0.2 0.2 0.17428571 -0.032857143 -0.032857143 -0.032857143 0.031428566 0.031428571 0.031428572 0.43142857 0.55269637 0.55285714 0.55285714 0.53847023 0.33641751 -0.1351233 0.71285714 0.71285714 -0.026283336 -0.028571429 -0.028571429 1.117729 -0.25517752 -0.25999988 -0.25999974 0.12585625 1.0642838
0.53142857 -0.059407972 0.0026127 0.082857143 0.082857143 -0.31262334 -0.31285714 -0.31285714 -0.31285714 -0.31270272 -0.29142857 -0.29142857 -0.29142857 -0.29142852 0.14714286 0.14714286 0.14714286 0.14714286 0.2256441 0.22571429 0.22571429 0.22571429 0.22571429 0.22571429 0.2 0.2 0.2 0.2 0.19915301 -0.032857143 -0.032857143 -0.032857143 0.084285711 0.031470535 0.43142857 0.43142857 0.43142857 0.42854813 -0.093452176 -0.13714286 -0.13714286 -0.13714286 -0.26285714 -0.26285714 -0.028571429 -0.028571429 -0.028571429 -0.26 -0.26 -0.26 -0.26 0.12571429 0.12571429
-0.075235896 -0.075714286 -0.075714286 -0.07571429 -0.54857143 -0.31286322 -0.31285714 -0.31285714 -0.31285714 -0.31285714 -0.23345774 -0.29141859 -0.29142855 0.14714286 0.14714286 0.14714286 0.14714286 0.14714286 0.1382418 0.22571429 0.22571429 0.22571429 0.22571429 0.22571429 -0.081895856 -0.55856732 -0.55857143 -0.55857143 -0.55857143 -0.032857137 0.084285712 0.084285714 0.084285714 0.084285714 0.43142857 0.43142165 0.16857143 0.16857143 -0.13332556 -0.13714286 -0.13714286 -0.13714286 -0.26285714 -0.26285714 -0.064846924 -0.028571429 -0.028571429 -0.26 -0.26 -0.26 -0.25586414 0.12571429 0.12571429
-0.075714286 -0.075714286 -0.075714286 -0.29838977 -0.54857143 -0.54857143 -0.31285714 -0.31285714 -0.31285714 -0.31285714 0.47428571 0.47428571 0.47428571 0.14714286 0.14714286 0.14714286 0.14714286 0.1471294 -0.091428571 -0.091428571 0.22571416 0.22571429 0.21493258 -0.21714286 -0.22021659 -0.55857143 -0.55857143 -0.55857143 -0.55857143 0.084220256 0.084285714 0.084285714 0.084285714 0.084285714 0.16857235 0.16857143 0.16857143 0.16857143 0.16747452 -0.13714286 -0.13714286 -0.13714286 -0.26285714 -0.26285714 -0.26285714 -0.028571429 -0.028571429 -0.25999999 -0.26 -0.26 0.12571429 0.12571429 0.12571429
-0.075714286 -0.075714286 -0.075714286 -0.54857143 -0.54857143 -0.54857143 -0.54857107 -0.31285714 -0.31285714 0.47347316 0.47428571 0.47428571 0.47428571 0.47408189 0.081232746 0.065714286 0.065714286 0.065714285 -0.091428571 -0.091428571 -0.091428571 -0.21714286 -0.21714286 -0.21714286 -0.21720729 -0.50012443 -0.55857143 -0.55857143 -0.55857143 -0.28371237 -0.34995729 -0.35 -0.35 -0.35 0.011287671 -0.20857057 -0.20857143 -0.20857143 -0.20857143 -0.64135957 -0.64142857 -0.64142857 -0.26285714 -0.26285714 -0.2771428 -0.27714272 0.10714286 0.10714286 -0.10285714 -0.10285714 -0.10285714 0.12571429 0.27986205
-0.075715066 -0.075714286 -0.075714303 -0.54857143 -0.54857143 -0.54857143 -0.54857143 -0.78142844 -0.31473067 0.47358102 0.47428571 0.47428571 0.47428571 0.47348398 0.065714286 0.065714286 0.065714286 0.065714241 -0.091428571 -0.091428571 -0.091428571 -0.21714286 -0.21714286 -0.21714286 -0.44714286 -0.44714286 -0.58428571 -0.58428571 -0.58428571 -0.58300761 -0.35 -0.35 -0.35 -0.35 -0.27932467 -0.20857143 -0.20857143 -0.20857143 -0.20857143 -0.64142857 -0.64142857 -0.64142857 -0.62996675 -0.27714286 -0.27714286 -0.27714286 0.10714286 0.10714286 -0.10285714 -0.10285714 -0.10285714 0.27999999 0.28
-0.32714286 -0.22275399 -0.62 -0.61997928 -0.54857143 -0.78008127 -0.78142857 -0.78142857 -0.73874422 -0.30285715 -0.30285714 -0.30285714 -0.30285714 0.045702939 0.045714286 0.06571427 0.065714286 0.061573802 -0.091428571 -0.091428571 -0.091428571 -0.67857143 -0.67857143 -0.67857143 -0.44714286 -0.44714286 -0.58428571 -0.58428571 -0.58428571 -0.58428592 -0.86571101 -0.86571284 -0.3629617 -0.35055288 -0.99640103 -0.99714286 -0.99714286 -0.99714286 -0.99714286 -0.64142857 -0.64142857 -0.64142857 -0.29720173 -0.27714286 -0.27714286 -0.27714287 0.10714286 0.10714286 0.1071353 -0.10285714 -0.10284775 0.10714286 0.28
-0.52710488 -0.52714287 -0.62 -0.62 -0.62 -0.78142857 -0.78142857 -0.78142857 -0.66428571 -0.66428571 -0.30285714 -0.30285714 -0.30285714 0.045714286 0.045714286 0.045714286 0.045714286 0.045699143 -0.091428571 -0.091428571 -0.091428594 -0.67857143 -0.67857143 -0.67857143 -0.44714286 -0.44714286 -0.58428571 -0.58428571 -0.58428571 -0.86254116 -0.86571429 -0.86571429 -0.86571429 -0.86571429 -0.99707801 -0.99714286 -0.99714286 -0.99714286 -0.99714286 -0.87999994 -0.88 -0.88 -0.88 -0.27714334 -0.34 -0.34 -0.34 0.16428571 0.16428571 0.16428571 0.10714286 0.10714286 0.10714286
-0.52714286 -0.52714286 -0.62 -0.62 -0.62 -0.78058007 -0.78142857 -0.66428571 -0.66428571 -0.66428571 -0.30290164 -0.30285714 -0.38807158 0.045714182 0.045714286 0.045714286 0.045714286 -0.33142857 -0.33142857 -0.33142857 -0.75 -0.74999995 -0.67857178 -0.67857143 -0.67865043 -0.92142857 -0.92142857 -0.92142777 -0.5843402 -1.1028099 -1.1028559 -1.1028157 -0.86611959 -0.86591894 -0.97388903 -0.99714302 -0.99855037 -1.4171429 -1.4171429 -0.88 -0.88 -0.88 -0.88 -0.34 -0.34 -0.34 -0.34 0.16428571 0.16428571 0.16428571 0.10714286 0.10714286 0.10714286
-0.52714286 -0.52714286 -0.62 -0.62 -0.62 -0.62 -0.73758542 -0.66428571 -0.66428571 -0.66428571 -0.66414367 -0.40714286 -0.40714286 -0.40714286 0.043045494 0.045714286 -0.32891538 -0.33142857 -0.33142857 -0.33142857 -0.75 -0.75 -0.75 -0.75 -0.92142857 -0.92142857 -0.92142857 -0.92142857 -0.92142857 -1.1028571 -1.1028571 -1.1028571 -1.1028571 -1.102857 -1.0371429 -1.4171429 -1.4171429 -1.4171429 -1.4171429 -1.4171403 -0.68 -0.68 -0.68 -0.5330995 -0.22857143 -0.22857143 -0.22857143 0.1642857 0.16428535 -0.21285714 -0.21285714 0.20854675 0.20857143
-0.52714286 -0.52714286 -0.58648509 -0.62 -0.62 -0.62000001 -0.85394855 -0.66488449 -0.66428571 -0.66428571 -0.40714288 -0.40714286 -0.40714286 -0.40714286 -0.40714286 -0.37001235 -0.33142857 -0.33142857 -0.33142857 -0.33142857 -0.74999676 -0.75 -0.75 -0.75 -0.92142857 -0.92142857 -0.92142857 -0.92142857 -0.92142857 -1.2189789 -1.1028571 -1.1028571 -1.1028571 -1.0371429 -1.0371429 -1.0374379 -1.4171429 -1.4171429 -1.0939472 -0.84285719 -0.68 -0.68 -0.68 -0.53638786 -0.22857143 -0.22857143 -0.22857143 -0.75 -0.21954989 -0.21285714 -0.21285714 0.20857143 0.20857143
-0.72857143 -0.72857143 -0.72857143 -0.64722184 -0.62019964 -0.85428571 -0.85428571 -0.85428571 -0.85428571 -0.49285715 -0.49285714 -0.40714286 -0.40714286 -0.40714286 -0.40714286 -0.40713807 -0.33142857 -0.33142857 -0.33142857 -0.33142857 -0.56734901 -0.75 -0.75 -0.74196194 -0.46416739 -0.92142857 -0.92142857 -0.92142857 -1.26 -1.26 -1.26 -1.2599993 -1.0371429 -1.0371429 -1.0371429 -1.0371429 -0.84285714 -0.84285714 -0.84285714 -0.84285714 -0.50428571 -0.50428571 -0.50428571 -0.62999747 -0.63 -0.63 -0.62999987 -0.75 -0.75 -0.21351162 -0.21285714 0.20856999 0.20857143
