interpolatedSpi/03-05|22_1.tif
NCOLS 53
NROWS 52
XLLCORNER -116.03883
YLLCORNER 28.596182
DX 0.49850594
DY 0.49788537
NODATA_VALUE -9999
[rows 0 to 36 of 52, columns 0 to 52 of 53]
0.3575 0.3575 0.13577992 0.1 0.92 0.535 0.525 0.545 0.2271569 -0.0625 0.0975 0.135 0.18750453 0.2425 0.2025 0.2025 0.2025 0.295 -0.035 -0.035 -0.035 -0.035005346 -0.58999999 0.1175 0.1175 0.1175 0.38749497 0.3875 0.3875 0.2225 0.2225 0.2225 0.2225 0.7199999 0.72 0.72 0.72 0.72 0.72 0.71999999 0.31684332 0.31237686 -0.1725 -0.1725 -0.1725 -0.1725 -0.17299409 -0.475 -0.475 -0.475 1.1174967 1.1175 1.1175
0.35746079 -0.525 -0.022500003 0.033634117 0.077544081 0.4925 0.4025 0.28254067 0.065 -0.0375 0.1125 0.1875 0.1875 0.25246666 0.24249977 0.2025 0.295 0.295 -0.034569724 -0.035 -0.035 -0.035 0.12960653 0.1175 0.1175 0.1175 0.78249995 0.7825 0.2225 0.2225 0.2225 0.2225 0.2225 0.71999993 0.72 0.72 0.72 0.72 0.72000004 0.84380226 1.4774528 0.027714276 -0.1725 -0.1725 -0.1725 -0.1725 -0.1725 -0.475 -0.475 -0.475 -0.34294838 1.1175 1.1175
0.16999213 0.17 -0.025 0.415 -0.1875 -0.3925 0.0125 -0.085 -0.3925 -0.005 0.095 0.03 0.175 0.3475 0.2525 -0.34 0.295 0.295 0.295 -0.054994186 -0.055 -0.055 0.3475 0.1175 0.1175 0.1175 0.7825 0.7825 0.7825 0.2225 0.2225 0.22250002 0.39821102 0.72091754 0.72479355 1.2302808 1.235 1.235 1.2655001 1.4775 1.4775 1.4753901 -0.1725 -0.1725 -0.1725 -0.1725 -0.1725 -0.475 -0.475 -0.475 -0.475 1.1175 1.1175
-0.245 0.16999987 -0.45746745 0.81 -0.455 -0.215 -0.02 -0.42 -0.15 0.26591653 0.0525 -0.09 -0.12 0.3475 -0.405 -0.34 -0.48637148 -0.48695174 -0.07 -0.055 -0.055 0.0175 0.3475 0.3475 0.1175 0.11750332 0.7825 0.7825 0.7825 0.365 0.48708079 0.5875 0.5875 0.58750051 1.235 1.235 1.235 1.235 1.4775 1.4775 1.4775 1.4774999 -0.1725 -0.1725 -0.1725 -0.1725 -0.1725 -0.47499618 -0.475 -0.475 -0.475 1.1174787 1.1175
-0.245 0.13749891 -0.4575 -0.29542742 -0.455 -0.3025 0.19498664 -0.0425 -0.04 0.30499984 -0.00028029609 -0.14248568 -0.0425 -0.405 -0.405 -0.36382604 -0.4875 -0.4875 -0.07 -0.07 -0.054999858 0.0175 -0.02 0.36 0.4975 0.49746324 0.7825 0.7825 0.365 0.365 0.5875 0.5875 0.5875 0.58561434 1.235 1.235 1.235 1.4775 1.4775 1.4775 1.4775 1.4775089 -0.17249998 -0.1725 -0.1725 -0.1725 -0.1725 -0.17519262 -0.475 -0.47495785 0.465 0.465 0.465
-2.0175 -0.4425 -0.28249999 0.08 -0.7 -0.1175 -0.2275 -0.2038147 0.0825 -0.275 -0.305 -0.4225 -0.42249975 -0.17 -0.17 -0.34489377 -0.345 0.0625 0.0625 -0.069999714 -0.01 -0.01 0.36 0.4975 0.4975 0.34 0.475 0.475 0.55998187 0.365 0.5875 0.5875 0.5775 0.57753187 0.88247821 1.0275 1.0275 1.3382822 1.4775 1.4775 1.5698846 1.57 1.5700007 0.89580265 0.91487981 0.91499971 0.91499996 0.91499959 0.81758201 0.465 0.465 0.465 0.465
-0.42001616 -1.255 -1.0906718 -0.6775 -0.455 -0.72 -0.5125 -0.7275 -0.51 -0.51 -0.305 -0.01 -0.29249996 -0.17 0.094999206 0.095 -0.345 0.35 0.255 0.255 -0.10071849 -0.2025 -0.2025 0.29 0.34 0.34 0.475 0.475 0.55998164 0.55966203 0.9104409 0.5775 0.5775 0.8825 0.8825 1.1922536 1.0275 1.0275 1.5724811 1.57 1.57 1.57 1.5700031 0.91500188 0.915 0.915 0.915 0.915 0.9225 0.46509066 0.465 0.465 0.465
-0.42 -0.0725 -0.4675 -1.4225 -1.1900133 -0.8375 -1.095 -1.05 -0.68 -0.49 -0.49 -0.145 -0.2925 -0.2925 0.092341391 -0.089428286 -0.1075 0.3375 -0.28749944 0.255 0.1847457 0.255 -0.3075 0.2125 0.21249848 0.095 0.4275 0.42750002 0.2461038 0.24500001 0.9125 0.22597724 0.48 0.8825 0.89048594 1.33 1.33 1.5725 1.5725 1.57 1.57 1.57 1.2544534 1.2525 0.915 0.915 0.915 0.92249971 0.9225 0.9225 0.465 0.465 0.465
-0.23938709 -0.072500003 0.2 -0.685 -1.08 -1.2375 -0.905 -0.6 -0.6325 -0.36137121 -0.0925 -0.2625 -0.2625 0.055 0.054994499 -0.0077787084 -0.0075 -0.0075 0.24209279 -0.26750006 -0.5725 -0.57249999 0.5675 0.037323116 0.1068409 0.095 0.5475 0.4275 1.0786938 1.0825 0.155 0.93 0.76882957 0.575 1.1625 1.16 1.4775 1.045 1.612238 1.5713057 1.8625 1.525 1.2524984 1.2525 1.2506004 0.915 0.53500002 0.9225 0.9225 0.9225 0.9225 0.5453073 0.5525
-1.1725 -1.1725 -0.01 -0.6075 -1.1675 -1.3425 -1.18 -1.1575 -0.63 -0.29262535 -0.45 0.2775 0.055 0.055 -0.53 -0.52283368 -0.0075 -0.0075723903 -0.34 -0.2675 -0.2675 -0.30679424 0.5675 0.55250028 0.5525 0.5525 0.5475 0.3025 0.3025 1.0825 1.0825 0.92939308 0.61 0.575 1.01 1.16 1.4775 1.2175 1.6125 1.1402793 1.525 1.4212266 1.2425 1.2525 1.2525 0.535 0.535 0.535 0.9225 0.9225 1.11 1.11 1.1099998
-1.1725 -1.1725 -0.055 -0.4775 -1.0375 -0.8425 -1.31 -0.30560501 -0.7275 -0.5075 -0.6825 -0.7925 0.27607519 -0.53 -0.53 -0.52996135 -0.195 -0.20261028 -0.34 -0.0525 -0.0525 -0.255 -0.255 0.5525 0.5525 0.5525 0.3025 0.3025 0.3025 0.4525 0.4525 0.45250026 1.045 1.045 0.8825 0.7725 1.3475 1.2250008 1.375 1.1325 1.1325 1.0700006 1.2425 1.2525 0.93250021 1.1375 1.2568776 1.26 1.5825 1.5825 1.11 1.11 1.11
-1.1725 -0.69003608 -0.23529582 -0.63749115 -0.0675 -1.2225 -1.31 -0.305 -0.72749647 -0.50993733 -0.79249963 -0.7925 -0.5675 -0.53 -0.53 -0.19500001 -0.195 -0.19500825 -0.34 -0.0525 -0.09226688 -0.255 -0.255 0.55246741 0.5525 0.43416096 0.1925 0.1925 0.19250001 0.4525 0.4525 0.19 0.19 1.0449996 0.8825 1.14 1.3422883 1.225 1.225 1.1325 1.07 1.07 1.069999 0.9325 0.9325 1.1375 1.26 1.26 1.5825 1.5825 1.11 1.11 1.11
0.0075 -0.06037288 -0.055015299 -0.05921326 -0.067506008 -1.2224727 -1.31 -0.31737098 -0.69838543 -0.72175521 -0.5675 -0.5675 -0.5675 -0.5675 -0.53000531 -0.195 -0.195 -0.19687218 -0.34 -0.052584273 -0.3375 -0.3375 -0.3375 -0.3375 0.5371429 0.1925 0.1925 0.1925 0.1925 0.19267863 0.19 0.19 0.19 0.19 1.14 1.14 1.14 1.2210066 1.2223338 0.87 0.87 1.0699892 1.0724952 0.93251348 0.9325 1.1375 1.26 1.26 1.5825 1.5825 1.1117142 1.11 1.648021
0.0075 -0.055 -0.055 -0.055 -0.055 -0.055000484 -1.3097758 -0.83452621 -0.62071045 -0.56766677 -0.5675 -0.5675 -0.5675 -0.5675 -0.56749989 -0.19500001 -0.19500002 -0.20494601 -0.33999797 -0.3375 -0.3375 -0.3375 -0.3375 -0.3375 -0.32782439 0.24186606 0.28999998 0.29 0.29 0.29 0.19 0.19 0.19 0.1925 0.1925 1.14 0.71223564 0.7 0.8699999 0.87 0.87 0.87 1.0725 1.0725 1.0725 1.0729523 1.3369703 1.3375 1.3375 1.3375 1.3375 1.0625 1.0625
0.2175 -0.055 -0.055 -0.055 -0.055 -0.055 -0.05500008 -0.81785679 -0.41079154 -0.41 -0.41 -0.41 -0.41 -0.41 -0.41 0.13623041 -0.18957759 -0.21485529 -0.33750026 -0.3375 -0.3375 -0.3375 -0.3375 -0.3374994 0.11 0.11 0.11000025 0.29 0.29 0.28961954 0.1 0.1 0.1925 0.1925 0.1925 0.61870403 0.7 0.7 0.7 0.87 0.87 0.87 1.0725 1.0725 1.0725 1.0725 1.3375 1.3375 1.3375 1.3375 1.3375 1.0625 1.0625
0.2175 0.11605135 -0.055 -0.055 -0.055 -0.055 -0.17747596 -0.1775 -0.17750001 -0.41 -0.41 -0.41 -0.41 -0.41 -0.2870116 0.1475 0.1475 0.1475 0.17593184 0.17749947 0.1775 0.1775 0.1775 0.1775 0.11 0.11 0.11 0.11 0.29 0.1 0.1 0.1 0.19249999 0.1925 0.1925 0.7125 0.70001655 0.7 0.7 0.86993253 0.73537318 0.42134495 1.0725 1.0725 0.61641187 0.615 0.615 1.3360888 0.48299657 0.48000007 0.48000016 0.69005633 1.0624992
0.2175 -0.05741274 -0.06006046 -0.055 -0.055 -0.17742762 -0.1775 -0.1775 -0.1775 -0.17917546 -0.41 -0.41 -0.41 -0.40999993 0.1475 0.1475 0.1475 0.1475 0.1774732 0.1775 0.1775 0.1775 0.1775 0.1775 0.11 0.11 0.11 0.11 0.10996362 0.1 0.1 0.1 0.085 0.1925503 0.7125 0.7125 0.7125 0.71032804 0.43772863 0.42 0.42 0.42 0.45 0.45 0.615 0.615 0.615 0.48 0.48 0.48 0.48 0.69 0.69
-0.064755231 -0.065 -0.065 -0.065000003 -0.36 -0.17750471 -0.1775 -0.1775 -0.1775 -0.1775 -0.37725612 -0.40999436 -0.40999999 0.1475 0.1475 0.1475 0.1475 0.1475 0.14701107 0.1775 0.1775 0.1775 0.1775 0.1775 -0.062235738 -0.39749725 -0.3975 -0.3975 -0.3975 0.099999999 0.085 0.085 0.085 0.085 0.7125 0.7124948 0.515 0.515 0.42118622 0.42 0.42 0.42 0.45 0.45 0.58945232 0.615 0.615 0.48 0.48 0.48 0.48225175 0.69 0.69
-0.065 -0.065 -0.065 -0.2039199 -0.36 -0.36 -0.1775 -0.1775 -0.1775 -0.1775 0.0225 0.0225 0.0225 0.1475 0.1475 0.1475 0.1475 0.14751818 0.1025 0.1025 0.17749997 0.1775 0.17232652 -0.035 -0.038263429 -0.3975 -0.3975 -0.3975 -0.3975 0.08495087 0.085 0.085 0.085 0.085 0.51500069 0.515 0.515 0.515 0.51463425 0.42 0.42 0.42 0.45 0.45 0.45 0.615 0.615 0.48 0.48 0.48 0.69 0.69 0.69
-0.065 -0.065 -0.065 -0.36 -0.36 -0.36 -0.35999972 -0.1775 -0.1775 0.022293542 0.0225 0.0225 0.0225 0.022577882 0.23653647 0.2575 0.2575 0.2575 0.1025 0.1025 0.1025 -0.035 -0.035 -0.035 -0.035054625 -0.30964218 -0.3975 -0.3975 -0.3975 -0.24532213 -0.3074614 -0.3075 -0.3075 -0.3075 0.2855406 -0.034998751 -0.035 -0.035 -0.035 -0.15742098 -0.1575 -0.1575 0.45 0.45 0.072501576 0.072500017 0.12 0.12 0.2375 0.2375 0.2375 0.69 0.035585649
-0.065000908 -0.065 -0.065000011 -0.36 -0.36 -0.36 -0.36 -0.72749984 -0.17969912 0.021674833 0.0225 0.0225 0.0225 0.022961134 0.2575 0.2575 0.2575 0.25749996 0.1025 0.1025 0.1025 -0.035 -0.035 -0.035 -0.23 -0.23 -0.4825 -0.4825 -0.4825 -0.48154532 -0.3075 -0.3075 -0.3075 -0.3075 -0.17132488 -0.035 -0.035 -0.035 -0.035 -0.1575 -0.1575 -0.1575 -0.15026332 0.0725 0.0725 0.0725 0.12 0.12 0.2375 0.2375 0.2375 0.035000007 0.035
-0.3575 -0.23479404 -0.7125 -0.71239773 -0.36 -0.72537366 -0.7275 -0.7275 -0.74025325 -0.8875 -0.8875 -0.8875 -0.8875 0.1999646 0.2 0.25749996 0.2575 0.25341598 0.1025 0.1025 0.1025 -0.3375 -0.3375 -0.3375 -0.23 -0.23 -0.4825 -0.4825 -0.4825 -0.48250006 -0.5599984 -0.55999929 -0.31384621 -0.3077707 -0.41487561 -0.415 -0.415 -0.415 -0.415 -0.1575 -0.1575 -0.1575 0.059835257 0.0725 0.0725 0.07249993 0.12 0.12 0.12000423 0.2375 0.2374848 -0.1025 0.035
-0.48497579 -0.48500004 -0.7125 -0.7125 -0.7125 -0.7275 -0.7275 -0.7275 -0.7625 -0.7625 -0.8875 -0.8875 -0.8875 0.2 0.2 0.2 0.2 0.1999894 0.1025 0.1025 0.10249998 -0.3375 -0.3375 -0.3375 -0.23 -0.23 -0.4825 -0.4825 -0.4825 -0.55912618 -0.56 -0.56 -0.56 -0.56 -0.41507155 -0.415 -0.415 -0.415 -0.415 -0.49249991 -0.4925 -0.4925 -0.4925 0.07249697 -0.3225 -0.3225 -0.3225 -0.0175 -0.0175 -0.0175 -0.1025 -0.1025 -0.1025
-0.485 -0.485 -0.7125 -0.7125 -0.7125 -0.72742116 -0.7275 -0.7625 -0.7625 -0.7625 -0.88748461 -0.8875 -0.70160413 0.1999998 0.2 0.2 0.2 -0.2375 -0.2375 -0.2375 -0.2875 -0.28750004 -0.33749976 -0.3375 -0.33749353 -0.3775 -0.3775 -0.37750025 -0.48248303 -0.56999801 -0.56999995 -0.56999825 -0.56001709 -0.56000863 -0.44083231 -0.41500015 -0.41625671 -0.79 -0.79 -0.4925 -0.4925 -0.4925 -0.4925 -0.3225 -0.3225 -0.3225 -0.3225 -0.0175 -0.0175 -0.0175 -0.1025 -0.1025 -0.1025
-0.485 -0.485 -0.7125 -0.7125 -0.7125 -0.7125 -0.74059948 -0.7625 -0.7625 -0.7625 -0.76244338 -0.66 -0.66 -0.66 0.19493182 0.2 -0.23458461 -0.2375 -0.2375 -0.2375 -0.2875 -0.2875 -0.2875 -0.2875 -0.3775 -0.3775 -0.3775 -0.3775 -0.3775 -0.57 -0.57 -0.57 -0.57 -0.57000033 -0.7275 -0.79 -0.79 -0.79 -0.79 -0.78999859 -0.39 -0.39 -0.39 -0.31352876 -0.155 -0.155 -0.155 -0.017500004 -0.017500201 -0.225 -0.225 0.2024258 0.2025
-0.485 -0.485 -0.63038848 -0.7125 -0.7125 -0.7125 -0.7899512 -0.76258666 -0.7625 -0.7625 -0.66000001 -0.66 -0.66 -0.66 -0.66 -0.58944572 -0.2375 -0.2375 -0.2375 -0.2375 -0.28749961 -0.2875 -0.2875 -0.2875 -0.3775 -0.3775 -0.3775 -0.3775 -0.3775 -0.77136562 -0.57 -0.57 -0.57 -0.7275 -0.7275 -0.72754853 -0.79 -0.79 -0.59021363 -0.43500003 -0.39 -0.39 -0.39 -0.31505707 -0.155 -0.155 -0.155 -0.2275 -0.22503115 -0.225 -0.225 0.2025 0.2025
-0.6475 -0.6475 -0.6475 -0.69620271 -0.71238232 -0.79 -0.79 -0.79 -0.79 -0.69 -0.69 -0.66 -0.66 -0.66 -0.66 -0.65997322 -0.2375 -0.2375 -0.2375 -0.2375 -0.26568162 -0.2875 -0.2875 -0.28704202 -0.27478685 -0.3775 -0.3775 -0.3775 -0.8425 -0.8425 -0.8425 -0.84249886 -0.7275 -0.7275 -0.7275 -0.7275 -0.435 -0.435 -0.435 -0.435 -0.145 -0.145 -0.145 -0.31249663 -0.3125 -0.3125 -0.31249995 -0.2275 -0.2275 -0.22500305 -0.225 0.20250064 0.2025
-0.6475 -0.6475 -0.6475 -0.64749906 -0.63 -0.65326663 -0.79 -0.79 -0.79 -0.69 -0.69 -0.69 -0.52750001 -0.5275 -0.5275 -0.5275 -0.23804039 -0.2375 -0.2375 -0.2375 -0.23825722 -0.27000005 -0.27 -0.27 -0.27 -0.27000001 -0.5275 -0.5275 -0.8425 -0.8425 -0.8425 -0.8425 -0.72749996 -0.7275 -0.7275 -0.72749552 -0.435 -0.435 -0.435 -0.43459422 -0.145 -0.145 -0.145 -0.31249223 -0.3125 -0.3125 -0.3125 -0.2275 -0.2275 -0.22749993 0.33 0.33 0.3275
-0.6475 -0.6475 -0.6475 -0.63000004 -0.63 -0.63 -0.78999994 -0.79 -0.79 -0.69 -0.69 -0.69 -0.5275 -0.5275 -0.5275 -0.5278808 -0.5325 -0.5325 -0.53249924 -0.23916624 -0.27 -0.27 -0.27 -0.27 -0.27 -0.27019378 -0.5275 -0.5275 -0.5275 -0.8425 -0.8425 -0.84253701 -0.6725 -0.6725 -0.6725 -0.525 -0.525 -0.3425 -0.3425 -0.3425 -0.06 -0.14497334 -0.14499927 -0.0475 -0.0475 -0.057543199 -0.31249916 -0.2275 -0.2275 0.33 0.33 0.33 0.3275
-0.6475 -0.6475 -0.6475 -0.63 -0.63 -0.63 -0.63 -0.79 -0.79 -0.69 -0.69 -0.53399766 -0.5275 -0.5275 -0.5275 -0.5325 -0.5325 -0.5325 -0.5325 -0.5325 -0.27 -0.27 -0.27 -0.27 -0.27 -0.52749912 -0.5275 -0.5275 -0.5275 -0.9 -0.9 -0.9 -0.6725 -0.6725 -0.6725 -0.525 -0.525 -0.3425 -0.3425 -0.06 -0.06 -0.06 -0.0475 -0.0475 -0.0475 -0.0475 -0.0012921246 0.515 0.515 0.515 0.33 0.5825 0.5825
-0.6475 -0.6475 -0.64747563 -0.63 -0.63 -0.63 -0.63 -0.97986433 -0.9975 -0.99697206 -0.69 -0.5275201 -0.5275 -0.5275 -0.52750002 -0.5325 -0.5325 -0.5325 -0.5325 -0.5325 -0.28680039 -0.27 -0.27 -0.27 -0.26998867 -0.52748242 -0.5275 -0.5275 -0.5275 -0.9 -0.9 -0.9 -0.89996612 -0.6725 -0.525 -0.525 -0.525 -0.52499242 -0.34248073 -0.06 -0.06 -0.06 -0.047500759 -0.0475 -0.0475 -0.0475 0.51500057 0.515 0.515 0.515 0.5825 0.5825 0.5825
-1.5425 -1.5424984 -0.63004142 -0.63 -0.63 -0.63 -0.9974218 -0.9975 -0.9975 -0.9975 -0.76750001 -0.7675 -0.7675 -0.7675 -0.53358458 -0.5325 -0.5325 -0.5325 -0.5325 -0.28750015 -0.2875 -0.2875 -0.21500001 -0.215 -0.215 -0.215 -0.24197277 -0.5275 -0.77248997 -0.7725 -0.7725 -0.7725 -0.7725 -0.4225 -0.4225 -0.4225 -0.4225 -0.4225 0.2425 0.2425 0.2425 0.2425 0.2425 0.57655786 0.5775 0.5775 0.5775 0.515 0.515 0.515 0.58248937 0.5825 0.5825
-1.5425 -1.5425 -1.5368274 -0.86499953 -0.86499995 -0.86512899 -0.9975 -0.9975 -0.9975 -0.9975 -0.7675 -0.7675 -0.7675 -0.7675 -0.7675 -0.5325 -0.5325 -0.5325 -0.28750006 -0.2875 -0.2875 -0.2875 -0.215 -0.215 -0.215 -0.215 -0.215 -0.21506668 -0.77246138 -0.7725 -0.7725 -0.7725 -0.77248449 -0.29778164 -0.42237086 -0.4225 -0.4225 -0.4225 0.2425 0.2425 0.2425 0.2425 0.2425 0.5775 0.5775 0.5775 0.5775 0.54827378 0.515 0.89323247 0.8975 0.71 0.71
-1.5425 -1.5425 -0.86508582 -0.865 -0.865 -0.865 -0.89865444 -0.9975 -0.9975 -0.9975 -0.7675 -0.7675 -0.7675 -0.7675 -0.7675 -0.53268182 -0.5325 -0.28757183 -0.2875 -0.2875 -0.2875 -0.2875 -0.24185809 -0.215 -0.215 -0.215 -0.215 -0.21532392 -0.6725 -0.6725 -0.6725 -0.6725 -0.6725 -0.2025 -0.2025 -0.2025 -0.2025 -0.2025 0.2475 0.2475 0.2475 0.2475 0.2475 0.57812873 0.57750013 0.5775 0.57754365 0.58279813 0.8975 0.8975 0.8975 0.71000105 0.71
-1.5424988 -0.90272113 -0.865 -0.865 -0.865 -0.865 -0.865 -0.99744358 -0.9975 -0.9975 -0.7675 -0.7675 -0.7675 -0.7675 -0.87505675 -0.8775 -0.8775 -0.28751518 -0.2875 -0.2875 -0.2875 -0.2875 -0.28750011 -0.215 -0.215 -0.215 -0.215 -0.41500024 -0.41500012 -0.46980226 -0.6725 -0.6725 -0.6725 -0.2025 -0.2025 -0.2025 -0.2025 -0.20240518 0.2475 0.2475 0.2475 0.2475 0.24751053 0.835 0.835 0.835 0.835 0.83500504 0.8975 0.8975 0.8975 0.89749977 0.52526139
-0.89 -0.89 -0.89982489 -0.865 -0.865 -0.865 -0.865 -0.865 -0.99744385 -1.1425 -1.1425 -1.1425 -1.14161 -0.87749984 -0.8775 -0.8775 -0.8775 -0.8775 -0.28750576 -0.3367348 -0.7675 -0.7675 -0.7675 -0.63207037 -0.31004319 -0.81860131 -1.2471603 -0.415 -0.415 -0.415 -0.415 -0.415 -0.42399229 -0.066175681 -0.0625 -0.0625 -0.0625 -0.0625 0.27332977 0.38499975 0.385 0.385 0.385 0.68000045 0.83499996 0.835 0.835 0.735 0.8974974 0.8975 0.8975 0.5225 0.5225
-0.89 -0.89 -0.9875 -0.9875 -0.9875 -0.86504081 -0.865 -0.865 -1.1425 -1.1425 -1.1425 -1.1425 -1.1425 -0.87750001 -0.8775 -0.8775 -0.8775 -0.8775 -0.7675 -0.7675 -0.7675 -0.7675 -0.7675 -1.4025 -1.4025 -1.4025 -1.4025 -0.415 -0.415 -0.415 -0.415 -0.415 -0.39 -0.39 -0.062500002 -0.0625 -0.0625 0.23994848 0.24 0.385 0.385 0.385 0.38500003 0.68 0.68 0.68 0.735 0.735 0.735 0.5225 0.5225 0.5225 0.5225
