interpolatedSpi/03-07|19_3.tif
NCOLS 53
NROWS 52
XLLCORNER -116.03883
YLLCORNER 28.596182
DX 0.49850594
DY 0.49788537
NODATA_VALUE -9999
0.144 0.144 0.043832482 -0.372 -0.38 -0.322 -0.438 -0.588 -1.1195321 -1.008 -0.75 -0.474 -0.79398205 -0.576 -0.594 -0.594 -0.594 -0.038 -0.37 -0.37 -0.37 -0.370009 -1.304 -0.488 -0.488 -0.488 -0.85399147 -0.854 -0.854 -1.226 -1.226 -1.226 -1.226 -1.7999999 -1.8 -1.8 -1.8 -1.8 -1.8 -1.8 -0.2665169 -0.25027765 -1.34 -1.34 -1.34 -1.34 -1.3403953 -1.582 -1.582 -1.582 -0.81600159 -0.816 -0.816 
0.14398347 -0.228 0.094000538 0.023431396 -0.35010359 0.24 0.672 -0.4420421 -1.116 -0.952 -0.452 -0.794 -0.794 -0.17334713 -0.57599528 -0.594 -0.038 -0.038 -0.36956712 -0.37 -0.37 -0.37 -0.51105505 -0.488 -0.488 -0.488 -0.85399997 -0.854 -1.226 -1.226 -1.226 -1.226 -1.226 -1.7999999 -1.8 -1.8 -1.8 -1.8 -1.7999999 -1.5459661 -0.32204419 -1.2164737 -1.34 -1.34 -1.34 -1.34 -1.34 -1.582 -1.582 -1.582 -1.5184825 -0.816 -0.816 
0.17998809 0.18 0.56 0.458 -0.402 -0.838 -0.424 -0.144 -0.964 -0.972 -0.536 -0.932 -0.332 -0.446 -0.172 -1.016 -0.038 -0.038 -0.038 -0.55994477 -0.56 -0.56 -0.926 -0.488 -0.488 -0.488 -0.854 -0.854 -0.854 -1.226 -1.226 -1.226 -1.4050808 -1.7962719 -1.7834692 -0.040274324 -0.024 -0.024 -0.061480546 -0.322 -0.322 -0.32330176 -1.34 -1.34 -1.34 -1.34 -1.34 -1.582 -1.582 -1.582 -1.582 -0.816 -0.816 
0.154 0.17999987 -0.47810233 0.102 -0.554 -0.502 -0.288 -0.95 -0.548 -0.057757971 -0.852 -1.042 -0.984 -0.446 -0.586 -1.016 -0.8036373 -0.8014647 -1.242 -0.56 -0.56 -0.612 -0.926 -0.926 -0.488 -0.48800183 -0.854 -0.854 -0.854 -1.538 -1.5709207 -1.598 -1.598 -1.5979988 -0.024 -0.024 -0.024 -0.024 -0.322 -0.322 -0.322 -0.32200004 -1.34 -1.34 -1.34 -1.34 -1.34 -1.5819969 -1.582 -1.582 -1.582 -0.81599967 -0.816 
0.154 -0.2040005 -0.478 -0.69799494 -0.554 -0.46 -0.65396979 -0.888 -0.868 -1.2180001 -1.1629504 -1.1360169 -1.254 -0.586 -0.586 -0.87035001 -0.802 -0.802 -1.242 -1.242 -0.56000017 -0.612 -0.954 -1.012 -0.71 -0.71004167 -0.854 -0.854 -1.538 -1.538 -1.598 -1.598 -1.598 -1.5829142 -0.024000002 -0.024 -0.024 -0.322 -0.322 -0.322 -0.322 -0.32204498 -1.34 -1.34 -1.34 -1.34 -1.34 -1.3421541 -1.582 -1.5819652 -0.806 -0.806 -0.806 
-1.76 -0.364 0.23800001 -0.56 0.028 -0.136 -0.954 -0.94555011 -1.34 -1.102 -1.368 -1.296 -1.296 -1.98 -1.98 -1.1319387 -1.132 -0.956 -0.956 -1.2419997 -1.228 -1.228 -1.012 -0.71 -0.71 -0.888 -1.302 -1.302 -0.98205073 -1.538 -1.598 -1.598 -1.518 -1.5180253 -1.7599826 -1.434 -1.434 -0.66602258 -0.322 -0.322 -0.7874188 -0.788 -0.78799925 -0.14939512 -0.12813395 -0.12800032 -0.12800004 -0.12800046 -0.62221781 -0.806 -0.806 -0.806 -0.806 
-0.9040063 -0.122 -0.28195167 -0.226 0.108 -0.952 -1.264 -1.43 -1.45 -1.45 -1.368 -1.236 -1.3879999 -1.98 -0.8780033 -0.878 -1.132 -0.896 -0.952 -0.952 -1.2345977 -1.242 -1.242 -0.954 -0.888 -0.888 -1.302 -1.302 -0.98201049 -0.98219313 -0.87887586 -1.518 -1.518 -1.76 -1.76 -1.3664646 -1.434 -1.434 -1.3880016 -0.78800084 -0.788 -0.788 -0.7879949 -0.12800028 -0.128 -0.128 -0.128 -0.12800026 -0.558 -0.80595085 -0.806 -0.806 -0.806 
-0.904 -1.344 -4.4409082e-17 -1.306 -0.7460321 -1.654 -1.492 -1.308 -1.432 -1.014 -1.014 -0.926 -1.388 -1.388 -0.88149907 -0.63938167 -0.616 -0.646 -1.0379999 -0.952 -0.55833697 -0.522 -1.026 -1.214 -1.2139988 -1.118 -0.546 -0.54600027 -1.1613693 -1.162 -0.878 -0.97475752 -1.5 -1.76 -1.7403204 -1.31 -1.31 -1.388 -1.388 -0.788 -0.788 -0.78799999 -0.18071556 -0.178 -0.128 -0.128 -0.128 -0.55798363 -0.558 -0.558 -0.806 -0.806 -0.806 
-1.2508467 -1.344 -0.428 0.004 -0.482 -1.138 -1.002 -0.922 -1.19 -0.89813783 -0.83 -0.682 -0.682 -0.278 -0.27799729 -1.0148852 -1.016 -1.016 -0.70583941 -0.26800014 -0.95 -0.95 -0.698 -0.89674059 -1.1276743 -1.118 -0.796 -0.546 -0.83829157 -0.84 -0.828 -0.79 -0.76179826 -1.272 -1.07 -1.09 -1.178 -1.528 -0.77634724 -0.78666087 -0.488 -0.534 -0.17804787 -0.178 -0.17771857 -0.128 -0.72799997 -0.558 -0.558 -0.558 -0.558 -0.70988025 0.226 
-0.73 -0.73 -0.634 -0.236 -0.456 -1.322 -0.87 -1.042 -0.414 -0.82397382 -0.62 -0.862 -0.278 -0.278 0.01 -0.0040720536 -1.016 -1.0158574 -0.436 -0.268 -0.268 -0.35586446 -0.698 -0.97399477 -0.974 -0.974 -0.796 -0.378 -0.378 -0.84 -0.84 -0.78989379 -0.734 -1.272 -0.88 -1.09 -1.178 -1.552 -0.776 0.29633439 -0.534 -0.51122496 -0.472 -0.178 -0.178 -0.728 -0.728 -0.728 -0.558 -0.558 -0.034 -0.034 -0.033999903 
-0.73 -0.73 -0.85 -1.502 -0.626 -0.576 -0.90999999 -0.96610179 -1.172 -1.156 -0.436 -1.094 -0.862308 0.01 0.01 0.010002076 0.028 0.0036471033 -0.436 -0.308 -0.308 0.508 0.508 -0.974 -0.974 -0.974 -0.378 -0.378 -0.378 -1.12 -1.12 -1.1199994 -0.692 -0.692 -1.468 -0.982 -0.496 -1.0719987 -0.814 0.314 0.314 -0.40600022 -0.472 -0.178 -0.27600012 -0.464 -0.25205863 -0.25 0.414 0.414 -0.034 -0.034 -0.034 
-0.73 -0.7820231 -1.1282317 -1.5159809 -0.38 -0.516 -0.91 -0.966 -1.1719983 -1.1561773 -1.0940001 -1.094 0.182 0.01 0.01 0.027999999 0.028 0.027973592 -0.436 -0.308 -0.1477542 0.508 0.508 -0.97394046 -0.974 -0.83725266 -0.558 -0.558 -0.55799998 -1.12 -1.12 -0.54 -0.54 -0.69200213 -1.468 -0.17200037 -0.56334837 -1.072 -1.072 0.31399998 -0.406 -0.406 -0.40599907 -0.276 -0.276 -0.464 -0.25 -0.25 0.414 0.414 -0.034 -0.034 -0.034 
-0.812 -0.43825791 -0.39404051 -0.40211322 -0.38000078 -0.51599679 -0.90999999 -0.96531068 -1.1578045 -1.1715822 0.182 0.182 0.182 0.182 0.010024365 0.028 0.028 0.022009021 -0.436 -0.30780116 0.382 0.382 0.382 0.382 -0.95071408 -0.558 -0.558 -0.558 -0.558 -0.55826974 -0.54 -0.54 -0.54 -0.54 -0.172 -0.172 -0.172 -1.0284229 -1.0615303 0.322 0.322 -0.40596084 0.1359859 -0.27596032 -0.276 -0.464 -0.25 -0.25 0.414 0.414 -0.032374704 -0.034 -0.27440912 
-0.812 -0.394 -0.394 -0.394 -0.394 -0.39400005 -0.9089914 -0.93652384 -1.1199322 0.1805423 0.182 0.182 0.182 0.182 0.18200036 0.028 0.027999927 -0.0038272331 -0.43599089 0.382 0.382 0.382 0.382 0.382 0.37992107 -0.35414335 -0.34800004 -0.348 -0.348 -0.348 -0.53999999 -0.54 -0.53999928 0.06 0.06 -0.172 0.44048079 0.458 0.32200008 0.322 0.322 0.322 0.136 0.136 0.136 0.13182455 -0.045384755 -0.044 -0.044 -0.044 -0.043999992 0.78799983 0.788 
0.668 -0.394 -0.394 -0.394 -0.394 -0.394 -0.39400003 -0.59313883 0.67632559 0.686 0.686 0.686 0.686 0.686 0.686 0.84267881 0.040939996 -0.035536904 0.38189731 0.382 0.382 0.382 0.382 0.38200049 0.286 0.286 0.28599911 -0.348 -0.348 -0.34658628 0.358 0.358 0.06 0.06 0.06 0.39424491 0.458 0.458 0.458 0.322 0.322 0.322 0.136 0.136 0.136 0.136 -0.043999989 -0.044 -0.044 -0.044 -0.044 0.788 0.788 
0.668 0.27262947 -0.394 -0.394 -0.394 -0.394 0.23187714 0.232 0.23200001 0.686 0.686 0.686 0.686 0.686 0.72129712 0.846 0.846 0.846 0.80470904 0.80599957 0.806 0.806 0.806 0.806 0.286 0.286 0.286 0.286 -0.348 0.358 0.358 0.358 0.060000027 0.06 0.060000001 0.854 0.45852432 0.458 0.458 0.32207524 0.47218369 0.82249963 0.136 0.136 0.64641994 0.648 0.648 -0.042515898 0.85484792 0.85799992 0.85799983 1.3359169 0.78800111 
0.668 0.25733399 -0.070130537 -0.394 -0.394 0.23163013 0.232 0.232 0.232 0.23527165 0.686 0.686 0.686 0.68600002 0.846 0.846 0.846 0.846 0.80603573 0.806 0.806 0.806 0.806 0.806 0.28600001 0.286 0.286 0.286 0.28626189 0.358 0.358 0.358 1.046 0.060104567 0.854 0.854 0.854 0.85610308 0.80083722 0.824 0.824 0.824 1.006 1.006 0.648 0.648 0.648 0.858 0.858 0.858 0.858 1.336 1.336 
0.24644413 0.246 0.246 0.246 0.224 0.23199979 0.232 0.232 0.232 0.232 0.68660549 0.6860001 0.686 0.846 0.846 0.846 0.846 0.846 0.820643 0.806 0.806 0.806 0.806 0.806 0.8538344 1.3279944 1.328 1.328 1.328 0.35800004 1.046 1.046 1.046 1.046 0.854 0.85400511 1.048 1.048 0.82679697 0.824 0.824 0.824 1.006 1.006 0.70343073 0.648 0.648 0.858 0.858 0.858 0.8631254 1.336 1.336 
0.246 0.246 0.246 0.23563987 0.224 0.224 0.232 0.232 0.232 0.232 0.694 0.694 0.694 0.846 0.846 0.846 0.846 0.84598513 0.494 0.494 0.80599987 0.806 0.80711991 0.852 0.85628522 1.328 1.328 1.328 1.328 1.0460287 1.046 1.046 1.046 1.046 1.0479993 1.048 1.048 1.048 1.0472448 0.824 0.824 0.824 1.006 1.006 1.006 0.648 0.648 0.858 0.858 0.858 1.336 1.336 1.336 
0.246 0.246 0.246 0.224 0.224 0.224 0.22400001 0.232 0.232 0.69352308 0.694 0.694 0.694 0.6940947 0.77315198 0.756 0.756 0.756 0.494 0.494 0.494 0.852 0.852 0.852 0.85201681 1.1097979 1.328 1.328 1.328 1.3956739 1.4679585 1.468 1.468 1.468 1.2844034 1.6159987 1.616 1.616 1.616 1.8438604 1.844 1.844 1.006 1.006 1.6259974 1.6259999 1.338 1.338 1.386 1.386 1.386 1.336 1.2480787 
0.24600333 0.246 0.246 0.224 0.224 0.224 0.22400001 0.78599984 0.23421511 0.69394378 0.694 0.694 0.694 0.69412166 0.756 0.756 0.756 0.75599992 0.494 0.494 0.494 0.852 0.852 0.852 0.912 0.912 1.352 1.352 1.352 1.3526328 1.468 1.468 1.468 1.468 1.5419594 1.616 1.616 1.616 1.616 1.844 1.844 1.844 1.8371409 1.626 1.626 1.626 1.338 1.338 1.386 1.386 1.386 1.248 1.248 
1.318 0.8261911 0.946 0.94579054 0.224 0.78274829 0.786 0.786 0.87417963 0.63200001 0.632 0.632 0.632 0.8499929 0.85 0.75600007 0.756 0.74909669 0.494 0.494 0.494 0.506 0.506 0.506 0.912 0.912 1.352 1.352 1.352 1.352 1.3640007 1.3640003 1.4653861 1.4678885 1.6497918 1.65 1.65 1.65 1.65 1.844 1.844 1.844 1.6380035 1.626 1.626 1.6259998 1.338 1.338 1.3380017 1.386 1.3859745 0.816 1.248 
1.2420144 1.2419999 0.946 0.946 0.946 0.786 0.786 0.786 1.028 1.028 0.632 0.632 0.632 0.85 0.85 0.85 0.85 0.84996014 0.494 0.494 0.494 0.506 0.506 0.506 0.912 0.912 1.352 1.352 1.352 1.3638647 1.364 1.364 1.364 1.364 1.6498589 1.65 1.65 1.65 1.65 1.3980001 1.398 1.398 1.398 1.6259932 0.74 0.74 0.74 0.842 0.842 0.842 0.816 0.816 0.816 
1.242 1.242 0.946 0.946 0.946 0.78684099 0.786 1.028 1.028 1.028 0.63204875 0.632 0.87713742 0.85000002 0.85 0.85 0.85 0.912 0.912 0.912 0.81799999 0.81799977 0.50600152 0.506 0.50652781 1.204 1.204 1.2040004 1.3519761 1.4379853 1.4379996 1.4379871 1.3641265 1.3640639 1.5991093 1.6499996 1.6468633 0.714 0.714 1.398 1.398 1.398 1.398 0.74 0.74 0.74 0.74 0.842 0.842 0.842 0.816 0.816 0.816 
1.242 1.242 0.946 0.946 0.946 0.946 0.87657353 1.028 1.028 1.028 1.027947 0.932 0.932 0.932 0.85048324 0.85 0.91158685 0.912 0.912 0.912 0.818 0.818 0.818 0.818 1.204 1.204 1.204 1.204 1.204 1.438 1.438 1.438 1.438 1.4379998 1.356 0.714 0.714 0.714 0.714 0.71399902 0.296 0.296 0.296 0.37930719 0.552 0.552 0.552 0.84199999 0.84200024 1.086 1.086 1.5198287 1.52 
1.242 1.242 1.0528352 0.946 0.946 0.94600001 1.4113186 1.0292102 1.028 1.028 0.93200012 0.932 0.932 0.932 0.932 0.92527575 0.912 0.912 0.912 0.912 0.81800073 0.818 0.818 0.818 1.204 1.204 1.204 1.204 1.204 0.90595138 1.438 1.438 1.438 1.356 1.356 1.3555015 0.714 0.714 0.7533945 0.78399999 0.296 0.296 0.296 0.38002257 0.552 0.552 0.552 1.384 1.0897131 1.086 1.086 1.52 1.52 
1.816 1.816 1.816 1.1641329 0.94717426 1.412 1.412 1.412 1.412 1.504 1.504 0.93200004 0.932 0.932 0.932 0.93199876 0.912 0.912 0.912 0.912 0.85901855 0.818 0.818 0.81883745 0.86576322 1.204 1.204 1.204 0.718 0.718 0.718 0.71800302 1.356 1.356 1.356 1.356 0.784 0.784 0.784 0.784 0.654 0.654 0.654 1.053992 1.054 1.054 1.0539998 1.384 1.384 1.0863631 1.086 1.5199991 1.52 
1.816 1.816 1.816 1.8159964 1.75 1.7008492 1.412 1.412 1.412 1.504 1.504 1.504 1.58 1.58 1.58 1.58 0.91330426 0.912 0.912 0.912 0.91057637 0.84999991 0.85 0.85 0.85 0.84999998 0.092000009 0.092 0.718 0.718 0.718 0.718 1.3559998 1.356 1.356 1.3559796 0.78400001 0.784 0.784 0.78505284 0.654 0.654 0.654 1.0539815 1.054 1.054 1.054 1.384 1.384 1.384 1.348 1.348 1.39 
1.816 1.816 1.816 1.7500002 1.75 1.75 1.4120001 1.412 1.412 1.504 1.504 1.504 1.58 1.58 1.58 1.583351 1.624 1.624 1.6239982 0.91602156 0.85 0.85 0.85 0.85 0.85 0.84942957 0.092 0.092 0.092000001 0.718 0.718 0.71784681 1.106 1.106 1.106 0.798 0.798 1.024 1.024 1.024 1.278 0.65419573 0.65400569 1.416 1.416 1.4022806 1.0540015 1.384 1.384 1.348 1.348 1.348 1.39 
1.816 1.816 1.816 1.75 1.75 1.75 1.75 1.412 1.412 1.504 1.504 1.5769611 1.58 1.58 1.58 1.624 1.624 1.624 1.624 1.624 0.85 0.85 0.85 0.85 0.85 0.092002586 0.092 0.092 0.092 0.48 0.48 0.48 1.106 1.106 1.106 0.798 0.798 1.024 1.024 1.278 1.278 1.278 1.416 1.416 1.416 1.416 1.408771 1.328 1.328 1.328 1.348 1.314 1.314 
1.816 1.816 1.8159081 1.75 1.75 1.75 1.75 1.8928018 1.9 1.8993201 1.504 1.5800116 1.58 1.58 1.5800002 1.624 1.624 1.624 1.624 1.624 1.5002455 0.85 0.85 0.85 0.84992997 0.092023518 0.092 0.092 0.092 0.48 0.48 0.48 0.48009136 1.106 0.798 0.798 0.798 0.79800942 1.0240173 1.278 1.278 1.278 1.4159916 1.416 1.416 1.416 1.3279972 1.328 1.328 1.328 1.314 1.314 1.314 
1.548 1.5480005 1.7500276 1.75 1.75 1.75 1.8999681 1.9 1.9 1.9 1.718 1.718 1.718 1.718 1.6244338 1.624 1.624 1.624 1.624 1.5280001 1.528 1.528 0.51000006 0.51 0.51 0.51 0.47392122 0.092 0.60197911 0.602 0.602 0.602 0.602 0.97 0.97 0.97 0.97 0.97 1.366 1.366 1.366 1.366 1.366 1.0445608 1.044 1.044 1.044 1.328 1.328 1.328 1.3140022 1.314 1.314 
1.548 1.548 1.5486699 1.6280002 1.628 1.6282652 1.9 1.9 1.9 1.9 1.718 1.718 1.718 1.718 1.718 1.624 1.624 1.624 1.528 1.528 1.528 1.528 0.51 0.51 0.51 0.51 0.51 0.50991165 0.60209886 0.602 0.602 0.602 0.60203971 1.1049226 0.97013971 0.97 0.97 0.97 1.366 1.366 1.366 1.366 1.366 1.044 1.044 1.044 1.044 1.1768039 1.328 1.2844909 1.284 1.238 1.238 
1.548 1.548 1.6279899 1.628 1.628 1.628 1.6970869 1.9 1.9 1.9 1.718 1.718 1.718 1.718 1.718 1.6240654 1.624 1.5280281 1.528 1.528 1.528 1.528 0.8871247 0.51 0.51 0.51 0.51 0.51024648 0.858 0.858 0.858 0.858 0.858 1.208 1.208 1.208 1.208 1.208 1.634 1.634 1.634 1.634 1.634 1.0446739 1.0440001 1.044 1.0440468 1.0496639 1.284 1.284 1.284 1.2380003 1.238 
1.5479997 1.3754313 1.628 1.628 1.628 1.628 1.628 1.8998842 1.9 1.9 1.718 1.718 1.718 1.718 0.97683621 0.96 0.96 1.5279854 1.528 1.528 1.528 1.528 1.5279998 0.51 0.51 0.51 0.51 0.90399994 0.90399998 0.89421008 0.858 0.858 0.858 1.208 1.208 1.208 1.208 1.208084 1.634 1.634 1.634 1.634 1.633989 1.32 1.32 1.32 1.32 1.3199971 1.284 1.284 1.284 1.2840001 1.3956436 
1.372 1.372 1.373678 1.628 1.628 1.628 1.628 1.628 1.8998813 0.78000002 0.78 0.78 0.78222607 0.96000109 0.96 0.96 0.96 0.96 1.5279925 1.4639948 0.904 0.904 0.904 0.80261169 0.48871032 0.37479331 0.27904681 0.904 0.904 0.904 0.904 0.904 0.90714783 1.3318204 1.332 1.332 1.332 1.332 1.606949 1.4900003 1.49 1.49 1.49 1.0220009 1.3199999 1.32 1.32 1.52 1.2840038 1.284 1.284 1.398 1.398 
1.372 1.372 1.064 1.064 1.064 1.6278121 1.628 1.628 0.78 0.78 0.78 0.78 0.78 0.95999999 0.96 0.96 0.96 0.96 0.904 0.904 0.904 0.904 0.904 0.24400003 0.244 0.244 0.244 0.904 0.904 0.904 0.904 0.904 1.316 1.316 1.332 1.332 1.332 1.2740099 1.274 1.49 1.49 1.49 1.4899999 1.022 1.022 1.022 1.52 1.52 1.52 1.562 1.562 1.398 1.398 
1.372 1.372 1.064 1.064 1.064 1.064 1.0639963 0.398 0.77964034 0.78 0.78 0.78 0.78 0.95775466 0.96 0.96 0.96 0.96 0.904 0.904 0.904 0.904 0.904 0.244 0.244 0.244 0.244 0.2440027 0.904 0.904 0.904 1.3159784 1.316 1.316 1.316 1.332 1.274 1.274 1.274 1.2796834 0.91338221 0.806 0.806 1.022 1.022 1.022 1.52 1.52 1.52 1.562 1.562 1.562 0.9994848 
1.022 1.0220027 1.064 1.064 1.064 1.064 0.398 0.398 0.398 0.78 0.78 0.78 0.78 0.78005596 0.96 0.96 0.96 0.96 0.90400073 0.904 0.904 0.90399999 0.36025603 0.244 0.244 0.244 0.244 0.62199969 0.622 0.622 0.90098878 1.316 1.316 1.316 1.3159997 0.95600001 1.274 1.274 1.274 1.274 0.806 0.806 0.806 1.254 1.254 1.254 1.5040016 1.52 1.52 1.562 1.562 1.562 0.95800082 
1.022 1.022 1.064 1.064 1.064 0.398 0.398 0.398 0.398 0.73810996 0.78 0.78 0.78 0.77999805 0.204087 0.204 0.204 0.204 0.077789231 0.24 0.24 0.24 0.24 0.244 0.244 0.244 0.24402493 0.622 0.622 0.622 0.622 1.3159268 1.1135104 0.956 0.956 0.956 1.2717815 0.68001237 0.68 0.68 0.80612219 0.962 0.962 1.254 1.254 1.2540011 1.504 1.504 1.196 1.196 1.196 1.29 1.252 
1.022 1.022 0.114 0.114 0.114 0.398 0.398 0.398 0.398 0.23 0.23 0.23 0.23 0.22816772 0.204 0.204 0.204 0.204 0.072 0.24 0.24 0.24 0.24 -0.22 -0.21999982 0.24399931 0.622 0.622 0.622 0.622 0.7181923 0.812 0.93886597 0.956 0.956 0.956 0.68 0.68 0.68 0.68 0.962 0.962 0.962 1.459843 1.46 1.5038022 1.504 1.504 1.1960011 1.196 1.29 1.29 1.252 
1.022 0.114 0.114 0.114 0.114 0.114 0.3964319 0.196 0.196 0.23 0.23 0.23 0.23 0.22999384 0.204 0.204 0.204 0.19803582 0.072 0.072 0.24 0.24 -0.22 -0.22 -0.22 -0.22 0.622 0.622 0.622 0.622 0.812 0.812 0.812 0.95585428 0.956 0.956 0.68 0.68 0.68 0.68 0.962 0.962 0.962 1.46 1.46 1.4599974 1.414 1.414 1.404 1.404 1.29 1.29 1.252 
0.12252725 0.114 0.114 0.114 0.114 0.114 0.196 0.196 0.196 0.21419822 0.23 0.23 0.23 0.22999798 0.204 0.204 0.204 0.072 0.072 0.072 0.23999161 0.23999719 -0.22 -0.22 -0.22 -0.22 0.62194015 0.622 0.622 0.8119563 0.812 0.812 0.812 0.812 0.9554076 0.786 0.786 0.78416549 0.68 0.68 0.96199975 0.962 1.4455205 1.46 1.46 1.414 1.414 1.414 1.404 1.404 1.12 1.12 0.904 
0.114 0.114 0.114 0.114 0.114 0.114 0.196 0.196 0.196 0.196 0.13000288 0.13 0.13 0.13 0.20399888 -0.034455682 -0.168 -0.168 0.071557561 0.072 0.072000033 -0.21999933 -0.22 -0.22 -0.22 -0.22 -0.21938782 0.622 0.62200649 0.812 0.812 0.812 0.812 0.812 0.786 0.786 0.786 0.786 0.786 0.78599989 0.902 0.902 0.90199997 0.814 0.814 0.814 1.068 1.068 0.914 0.914 1.12 1.1199995 0.904 
0.114 0.114 0.114 0.114 0.114 0.114 0.196 0.196 0.196 0.13 0.13 0.13 0.13 0.13 0.051447916 -0.168 -0.168 -0.168 -0.168 -0.168 -0.15654079 -0.22 -0.22 -0.22 -0.22 -0.2012222 0.37706294 0.58877407 0.81106302 0.812 0.812 0.812 0.812 0.81199994 0.786 0.786 0.786 0.786 0.786 0.83996293 0.902 0.902 0.902 0.814 0.814 0.814 1.068 1.068 0.914 0.914 0.47000001 0.88005881 0.904 
0.114 0.114 0.114 0.114 0.114 0.11400002 0.19599998 0.196 0.19326063 0.13 0.13 0.13 0.13 0.13 0.11570608 -0.168 -0.168 -0.168 -0.168 -0.168 -0.168 0.28485993 0.37799916 0.378 0.378 0.378 0.378 0.378 0.41982719 0.42000464 0.42000001 0.42 0.42 0.42000026 0.786 0.786 0.786 0.786 0.786 0.90199999 0.902 0.902 0.902 0.90199996 0.8140481 0.844 1.068 0.54716895 0.91367055 0.47 0.47 0.46301569 0.134 
0.114 0.114 0.114 0.114 0.114 0.11400524 0.19599558 0.19599601 0.13000008 0.13 0.13 0.13 0.13 0.13 0.12432969 -0.168 -0.168 -0.168 -0.168 -0.168 -0.168 0.378 0.378 0.378 0.378 0.378 0.378 0.378 0.41998841 0.42 0.42 0.42 0.42 0.42 0.52028396 0.786 0.786 0.786 0.786 0.902 0.902 0.902 0.902 0.90198514 0.844 0.844 0.84208214 0.538 0.538 0.47 0.47 0.134 0.134 
0.114 0.114 0.114 0.114 0.114 0.11410936 0.1959008 0.13744767 0.13 0.13 0.13 0.13 0.13 0.13 0.124783 -0.168 -0.168 -0.168 -0.168 -0.168 -0.090259522 0.378 0.378 0.378 0.378 0.378 0.378 0.378 0.41999983 0.42 0.42 0.42 0.42 0.42 0.42 0.5772083 0.2526624 0.075200767 0.048199931 0.86407559 0.90199999 0.902 0.902 0.84400463 0.844 0.8432837 0.72399911 0.538 0.538 0.23204405 0.232 0.232 0.13400004 
0.114 0.114 0.114 0.114 0.11400008 0.11468382 0.18971934 0.13001815 0.13 0.13 0.13 0.13 0.13 0.13 0.12304124 -0.168 -0.168 -0.168 -0.168 -0.168 0.37799764 0.378 0.378 0.378 0.378 0.378 0.378 0.378 0.41999999 0.42 0.42 0.42 0.42 0.42 0.41999992 0.034 0.034 0.034 0.034000001 0.312 0.312 0.312 0.312 0.72400035 0.724 0.724 0.724 0.72399679 0.434 0.434 0.232 0.232 0.036769059 
0.114 0.114 0.114 0.11400001 0.11400229 0.11619621 0.13438665 0.13000086 0.13 0.13 0.13 0.13 0.13 0.13 0.11988404 -0.16799988 -0.168 -0.168 -0.168 -0.16471387 0.378 0.378 0.378 0.378 0.378 0.378 0.378 0.378 0.41999999 0.42 0.42 0.42 0.42 0.42 0.034000354 0.034 0.034 0.034 0.034 0.312 0.312 0.312 0.312 0.42319703 0.724 0.724 0.724 0.43400324 0.434 0.434 -0.048 -0.048 -0.048 
0.114 0.114 0.114 0.11400019 0.11402228 0.11924525 0.1302288 0.13000022 0.13 0.13 0.13 0.13 0.13 0.12999998 0.11560725 -0.16799299 -0.168 -0.168 -0.16799937 0.36693717 0.378 0.378 0.378 0.378 0.378 0.378 0.378 0.378 0.41999996 0.42 0.42 0.42 0.42 -0.076324289 0.033999911 0.034 0.034 0.034 0.034 0.312 0.312 0.312 0.312 0.312 0.724 0.724 0.724 0.434 0.434 0.434 -0.048 -0.048 -0.048 
0.114 0.11400001 0.11400008 0.11400218 0.11411658 0.12626705 0.13003795 0.13000013 0.13 0.13 0.13 0.13 0.13 0.12999944 0.11052249 -0.16789117 -0.16799999 -0.16799998 -0.16517309 0.37795357 0.378 0.378 0.378 0.378 0.378 0.378 0.378 0.37800002 0.41999974 0.42 0.41999952 -0.19839554 -0.258 -0.258 -0.258 0.034 0.034 0.034 0.034 0.312 0.312 0.312 0.312 0.312 0.7239927 0.724 0.72399986 0.43400002 0.434 0.43399974 -0.048 -0.048 -0.048 
