interpolatedSpi/03-03|23_2.tif
NCOLS 53
NROWS 52
XLLCORNER -116.03883
YLLCORNER 28.596182
DX 0.49850594
DY 0.49788537
NODATA_VALUE -9999
-1.025 -1.025 -1.8407607 -1.895 -0.82 -1.075 -1.075 -1.01 -1.1661697 -0.745 -0.565 -0.985 -1.4349473 -0.795 -0.61 -0.61 -0.61 -0.85 -1.515 -1.515 -1.515 -1.5149881 -0.27500001 -1.555 -1.555 -1.555 0.090006522 0.09 0.09 -1.52 -1.52 -1.52 -1.52 -2.6349998 -2.635 -2.635 -2.635 -2.635 -2.635 -2.6349999 1.2481724 1.2889505 -2.83 -2.83 -2.83 -2.83 -2.8275582 -1.335 -1.335 -1.335 0.25999669 0.26 0.26 
-1.0250327 -1.76 -1.5299998 -1.5027349 -1.349843 -1.185 -2.145 -2.2894976 -1.715 -1.605 -1.64 -1.435 -1.435 -1.677049 -0.79500906 -0.61 -0.85 -0.85 -1.5141329 -1.515 -1.515 -1.515 -1.5442094 -1.555 -1.555 -1.555 -2.4699999 -2.47 -1.52 -1.52 -1.52 -1.52 -1.52 -2.6349998 -2.635 -2.635 -2.635 -2.635 -2.6349999 -2.4971707 -1.8550088 -2.7116912 -2.83 -2.83 -2.83 -2.83 -2.83 -1.335 -1.335 -1.335 -1.2027411 0.26 0.26 
-0.35504584 -0.355 -1.315 -1.095 -1.51 -1.75 -2.13 -2.19 -2.285 -2.17 -1.995 -2.265 -2.09 -0.37 -1.68 -2.63 -0.85 -0.85 -0.85 -1.5749826 -1.575 -1.575 -1.35 -1.555 -1.555 -1.555 -2.47 -2.47 -2.47 -1.52 -1.52 -1.5200001 -2.2637631 -2.6330224 -2.6241098 -1.4757213 -1.465 -1.465 -1.5140517 -1.855 -1.855 -1.8562468 -2.83 -2.83 -2.83 -2.83 -2.83 -1.335 -1.335 -1.335 -1.335 0.26 0.26 
0.355 -0.35500006 -0.63512178 -0.59 -1.465 -1.765 -1.79 -2.685 -2.19 -1.6771813 -2.2 -2.01 -2.02 -0.37 -2.095 -2.63 -1.8807765 -1.8742818 -1.765 -1.575 -1.575 -1.945 -1.35 -1.35 -1.555 -1.5550046 -2.47 -2.47 -2.47 -1.915 -2.5459794 -3.065 -3.065 -3.0649987 -1.465 -1.465 -1.465 -1.465 -1.855 -1.855 -1.855 -1.855 -2.83 -2.83 -2.83 -2.83 -2.83 -1.3350189 -1.335 -1.335 -1.335 0.25994757 0.26 
0.355 0.66499762 -0.635 -1.2632271 -1.465 -1.715 -1.9600029 -2.585 -2.415 -2.22 -2.0387214 -1.9549563 -1.65 -2.095 -2.095 -2.4411055 -1.875 -1.875 -1.765 -1.765 -1.5750008 -1.945 -1.61 -1.635 -1.88 -1.8798914 -2.47 -2.47 -1.915 -1.915 -3.065 -3.065 -3.065 -2.8519121 -1.465 -1.465 -1.465 -1.855 -1.855 -1.855 -1.855 -1.8550203 -2.83 -2.83 -2.83 -2.83 -2.83 -2.8166926 -1.335 -1.3350004 -1.345 -1.345 -1.345 
-1.62 -0.1 0.20000005 -1.04 -0.825 -1.035 -2.04 -2.1097756 -1.99 -2.045 -1.57 -1.595 -1.595 -1.13 -1.13 -1.3750229 -1.375 -1.385 -1.385 -1.7649995 -2.34 -2.34 -1.635 -1.88 -1.88 -1.415 -1.71 -1.71 -1.3900484 -1.915 -3.065 -3.065 -1.935 -1.9349222 -1.1900537 -2.425 -2.425 -2.0313425 -1.855 -1.855 -2.0647381 -2.065 -2.0649985 -1.8722114 -1.8551078 -1.8550003 -1.855 -1.8550004 -1.4694321 -1.345 -1.345 -1.345 -1.345 
-0.24503487 0.84 0.07263225 0.435 0.445 -0.825 -1.27 -1.805 -1.865 -1.865 -1.57 -1.915 -1.9399999 -1.13 -1.469999 -1.47 -1.375 -1.1 -1.165 -1.165 -2.2928735 -2.24 -2.24 -1.585 -1.415 -1.415 -1.71 -1.71 -1.3900329 -1.3906062 -1.3119884 -1.935 -1.935 -1.19 -1.19 -1.9702256 -2.425 -2.425 -2.7649882 -2.065001 -2.065 -2.065 -2.0649915 -1.855 -1.855 -1.855 -1.855 -1.8549998 -1.495 -1.3450297 -1.345 -1.345 -1.345 
-0.245 -1.22 -0.08 -0.235 0.0099859547 -0.3 -0.9 -1.355 -0.55 -1.65 -1.65 -1.635 -1.94 -1.94 -1.4732246 -1.4745538 -1.475 -1.185 -0.4800007 -1.165 -0.63164278 -0.52 -2.46 -1.15 -1.1500057 -1.59 -1.4 -1.4000001 -1.9530202 -1.955 -1.31 -0.83695788 -1.345 -1.19 -1.2046884 -1.59 -1.59 -2.765 -2.765 -2.065 -2.065 -2.065 -1.8515254 -1.855 -1.855 -1.855 -1.855 -1.4950137 -1.495 -1.495 -1.345 -1.345 -1.345 
-1.3444067 -1.22 0.38 -0.25 -0.505 -1.26 -0.965 -0.38 -0.75 -0.21172961 -0.75 -1.93 -1.93 -0.995 -0.99499779 -2.7514325 -2.755 -2.755 -1.0773807 -2.2749999 -1.835 -1.835 -3.02 -2.6806868 -1.5456596 -1.59 -1.645 -1.4 -0.96255684 -0.96 -0.695 -1.56 -1.5146705 -1.435 -1.705 -1.6 -1.76 -1.695 -1.6650139 -2.0622994 -1.46 -1.265 -1.8549503 -1.855 -1.855 -1.855 -2.655 -1.495 -1.495 -1.495 -1.495 -1.0910048 -0.275 
-2.04 -2.04 -0.61 -0.9 -0.86 -1.175 -0.68 -0.505 -0.545 -0.07505928 -0.23 -0.18 -0.995 -0.995 -0.76 -0.78736233 -2.755 -2.7545074 -0.525 -2.275 -2.275 -2.2183132 -3.02 -1.3900309 -1.39 -1.39 -1.645 -1.29 -1.29 -0.96 -0.96 -1.5598293 -1.47 -1.435 -1.665 -1.6 -1.76 -2.05 -1.665 -1.6256483 -1.265 -1.3696917 -1.55 -1.855 -1.855 -2.655 -2.655 -2.655 -1.495 -1.495 0.695 0.695 0.69499964 
-2.04 -2.04 -1.055 -1.09 -1.025 -1.08 -1.685 -0.56520773 -0.62 -1.01 -1.28 0.025 -0.17972829 -0.76 -0.76 -0.76004903 -1.185 -1.1503601 -0.525 -0.775 -0.775 -0.955 -0.955 -1.39 -1.39 -1.39 -1.29 -1.29 -1.29 -1.55 -1.55 -1.5499999 -1.41 -1.41 -1.835 -1.835 -0.795 -1.5700022 -1.45 -1.625 -1.625 -1.4600003 -1.55 -1.855 -0.71000072 -1.39 -0.83785985 -0.83 0.205 0.205 0.695 0.695 0.695 
-2.04 -1.6146357 -1.0699357 -1.5749755 -0.465 -1.315 -1.685 -0.565 -0.61999954 -1.0056793 0.024998653 0.025 0.075 -0.76 -0.76 -1.185 -1.185 -1.1849624 -0.525 -0.775 -0.81034834 -0.955 -0.955 -1.3899819 -1.39 -1.3916436 -1.395 -1.395 -1.395 -1.55 -1.55 -0.8 -0.8 -1.4100012 -1.835 -0.79500042 -0.96016448 -1.57 -1.57 -1.625 -1.46 -1.46 -1.4599946 -0.71 -0.71 -1.39 -0.83 -0.83 0.205 0.205 0.695 0.695 0.695 
-1.4 -1.1157215 -1.119999 -1.1232785 -0.46500437 -1.3149799 -1.685 -0.57878655 -0.61620994 -0.63018394 0.075 0.075 0.075 0.075 -0.75988172 -1.185 -1.185 -1.1764783 -0.525 -0.7748668 -0.32 -0.32 -0.32 -0.32 -1.3719074 -1.395 -1.395 -1.395 -1.395 -1.3947474 -0.8 -0.8 -0.8 -0.8 -0.795 -0.795 -0.795 -1.5329295 -1.5620764 -0.515 -0.515 -1.4599492 -0.07002191 -0.70993836 -0.71 -1.39 -0.83 -0.83 0.20500001 0.205 0.69322233 0.695 -0.38242305 
-1.4 -1.12 -1.12 -1.12 -1.12 -1.1200001 -1.6840527 -1.1550648 -0.60609849 0.074241828 0.075 0.075 0.075 0.075 0.075000143 -1.185 -1.1849999 -1.1397285 -0.52500853 -0.32 -0.32 -0.32 -0.32 -0.32 -0.31222207 -0.53002269 -0.15500026 -0.155 -0.155 -0.155 -0.79999999 -0.8 -0.79999921 -0.14 -0.14 -0.795 -0.10474388 -0.085 -0.51499975 -0.515 -0.515 -0.515 -0.07 -0.07 -0.07 -0.079185997 1.0376517 1.05 1.05 1.05 1.05 0.38000006 0.38 
-1.4 -1.12 -1.12 -1.12 -1.12 -1.12 -1.12 -0.95947934 0.28522661 0.29 0.29 0.29 0.29 0.29 0.29 0.66702176 -1.155424 -1.0946235 -0.320026 -0.32 -0.32 -0.32 -0.32 -0.31999927 0.04 0.04 0.039999726 -0.155 -0.155 -0.15426911 0.21 0.21 -0.14 -0.14 -0.14 -0.093810165 -0.085 -0.085 -0.085 -0.515 -0.515 -0.515 -0.07 -0.07 -0.07 -0.069999999 1.05 1.05 1.05 1.05 1.05 0.38 0.38 
-1.4 -1.2957592 -1.12 -1.12 -1.12 -1.12 0.19474191 0.195 0.195 0.29 0.29 0.29 0.29 0.29 0.37493369 0.675 0.675 0.675 0.30808231 0.30999936 0.31 0.31 0.31 0.31 0.04 0.04 0.04 0.04 -0.155 0.21 0.21 0.21 -0.13999997 -0.14 -0.14 0.445 -0.084298264 -0.085 -0.085 -0.51487326 -0.26220075 0.32747448 -0.069999999 -0.07 1.7443834 1.75 1.75 1.0510787 1.7027111 1.7049999 1.7049999 1.4498381 0.38000218 
-1.4 -0.65068011 -0.87203744 -1.12 -1.12 0.19422304 0.195 0.195 0.195 0.1956846 0.29 0.29 0.29 0.29000005 0.675 0.675 0.675 0.675 0.31032605 0.31 0.31 0.31 0.31 0.31 0.040000006 0.04 0.04 0.04 0.040618349 0.21 0.21 0.21 0.19 -0.13993253 0.445 0.445 0.445 0.4466644 0.30373671 0.33 0.33 0.33 1.44 1.44 1.75 1.75 1.75 1.705 1.705 1.705 1.705 1.45 1.45 
-0.63050373 -0.63 -0.63 -0.62999999 0.18 0.19499961 0.195 0.195 0.195 0.195 0.27561541 0.28999752 0.28999999 0.675 0.675 0.675 0.675 0.675 0.6804753 0.31 0.31 0.31 0.31 0.31 0.18138407 0.17999924 0.18 0.18 0.18 0.21 0.19 0.19 0.19 0.19 0.445 0.44500408 0.6 0.6 0.33337135 0.33 0.33 0.33 1.44 1.44 1.7020013 1.75 1.75 1.705 1.705 1.705 1.7022657 1.45 1.45 
-0.63 -0.63 -0.63 -0.24855892 0.18 0.18 0.195 0.195 0.195 0.195 0.1 0.1 0.1 0.675 0.675 0.675 0.675 0.67501818 1.215 1.215 0.31000037 0.31 0.3285028 1.07 1.0619877 0.18 0.18 0.18 0.18 0.18999898 0.19 0.19 0.19 0.19 0.59999946 0.6 0.6 0.6 0.59905211 0.33 0.33 0.33 1.44 1.44 1.44 1.75 1.75 1.705 1.705 1.705 1.45 1.45 1.45 
-0.63 -0.63 -0.63 0.18 0.18 0.18 0.18000002 0.195 0.195 0.10009807 0.1 0.1 0.1 0.10035825 0.76403647 0.785 0.785 0.785 1.215 1.215 1.215 1.07 1.07 1.07 1.07 0.64682664 0.18 0.18 0.18 0.37687748 0.41997738 0.42 0.42 0.42 0.6122198 0.62999993 0.63 0.63 0.63 1.2448748 1.245 1.245 1.44 1.44 1.9799977 1.98 1.935 1.935 1.905 1.905 1.905 1.45 1.534924 
-0.6299991 -0.63 -0.62999997 0.18 0.18 0.18 0.18 0.46499992 0.19607957 0.099986398 0.1 0.1 0.1 0.10134416 0.785 0.785 0.785 0.78500012 1.215 1.215 1.215 1.07 1.07 1.07 1.07 1.07 0.92 0.92 0.92 0.91727234 0.42 0.42 0.42 0.42 0.52494243 0.63 0.63 0.63 0.63 1.245 1.245 1.245 1.2681259 1.98 1.98 1.98 1.935 1.935 1.905 1.905 1.905 1.535 1.535 
-0.34 -0.46729833 -0.315 -0.31485639 0.18 0.463351 0.465 0.465 0.66905203 0.085000021 0.085 0.085 0.085 1.0099699 1.01 0.78500017 0.785 0.79632987 1.215 1.215 1.215 0.815 0.815 0.815 1.07 1.07 0.92 0.92 0.92 0.91999995 0.8449973 0.84499881 0.43068174 0.42045563 1.1691423 1.17 1.17 1.17 1.17 1.245 1.245 1.245 1.9395288 1.98 1.98 1.9799999 1.935 1.935 1.9349989 1.905 1.904987 1.615 1.535 
-0.14503703 -0.14500003 -0.315 -0.315 -0.315 0.465 0.465 0.465 1.025 1.025 0.085 0.085 0.085 1.01 1.01 1.01 1.01 1.0100219 1.215 1.215 1.215 0.815 0.815 0.815 1.07 1.07 0.92 0.92 0.92 0.84584563 0.845 0.845 0.845 0.845 1.1698396 1.17 1.17 1.17 1.17 1.4949999 1.495 1.495 1.495 1.9799967 1.555 1.555 1.555 1.405 1.405 1.405 1.615 1.615 1.615 
-0.145 -0.145 -0.315 -0.315 -0.315 0.46090018 0.465 1.025 1.025 1.025 0.085115715 0.085 0.85309724 1.01 1.01 1.01 1.01 1.27 1.27 1.27 0.47000001 0.47000026 0.81499832 0.815 0.8149471 0.605 0.605 0.60500075 0.91994909 0.57505381 0.57500144 0.57504714 0.84453854 0.84476699 1.1119405 1.1699998 1.1683579 0.68 0.68 1.495 1.495 1.495 1.495 1.555 1.555 1.555 1.555 1.405 1.405 1.405 1.615 1.615 1.615 
-0.145 -0.145 -0.315 -0.315 -0.315 -0.315 0.67459164 1.025 1.025 1.025 1.025 1.025 1.025 1.025 1.0100884 1.01 1.2682674 1.27 1.27 1.27 0.47 0.47 0.47 0.47 0.605 0.605 0.605 0.605 0.605 0.575 0.575 0.575 0.575 0.57500017 0.655 0.68 0.68 0.68 0.68 0.68000235 1.295 1.295 1.295 1.3405587 1.435 1.435 1.435 1.405 1.4049997 1.125 1.125 1.4250462 1.425 
-0.145 -0.145 -0.25364194 -0.315 -0.315 -0.31499996 1.494166 1.0264812 1.025 1.025 1.0250001 1.025 1.025 1.025 1.025 1.0238069 1.27 1.27 1.27 1.27 0.47000619 0.47 0.47 0.47 0.605 0.605 0.605 0.605 0.605 0.61194782 0.575 0.575 0.575 0.655 0.655 0.65501941 0.68 0.68 0.58432765 0.51000002 1.295 1.295 1.295 1.3388455 1.435 1.435 1.435 1.36 1.1279281 1.125 1.125 1.425 1.425 
1.225 1.225 1.225 0.071120333 -0.31237554 1.495 1.495 1.495 1.495 1.48 1.48 1.025 1.025 1.025 1.025 1.0250155 1.27 1.27 1.27 1.27 0.81909405 0.47 0.47 0.46659785 0.35180015 0.605 0.605 0.605 0.625 0.625 0.625 0.62499979 0.655 0.655 0.655 0.655 0.51 0.51 0.51 0.51 1.145 1.145 1.145 1.1150006 1.115 1.115 1.1150001 1.36 1.36 1.1252863 1.125 1.424998 1.425 
1.225 1.225 1.225 1.2250132 1.47 1.4736354 1.495 1.495 1.495 1.48 1.48 1.48 1.22 1.22 1.22 1.22 1.2700733 1.27 1.27 1.27 1.2578621 0.34000036 0.34 0.34 0.34 0.34000001 0.7 0.7 0.625 0.625 0.625 0.625 0.65500011 0.655 0.655 0.65501222 0.51 0.51 0.51 0.50989033 1.145 1.145 1.145 1.1150014 1.115 1.115 1.115 1.36 1.36 1.36 1.025 1.025 0.87 
1.225 1.225 1.225 1.4699994 1.47 1.47 1.495 1.495 1.495 1.48 1.48 1.48 1.22 1.22 1.22 1.2268544 1.31 1.31 1.3099999 1.2702259 0.34 0.34 0.34 0.34 0.34 0.34027092 0.7 0.7 0.7 0.625 0.625 0.62488736 0.805 0.805 0.805 -0.079999996 -0.079999997 0.485 0.485 0.485 0.82 1.1448981 1.1449993 1.055 1.055 1.0572739 1.1150003 1.36 1.36 1.025 1.025 1.025 0.87 
1.225 1.225 1.225 1.47 1.47 1.47 1.47 1.495 1.495 1.48 1.48 1.2303963 1.22 1.22 1.22 1.31 1.31 1.31 1.31 1.31 0.34 0.34 0.34 0.34 0.34 0.69999877 0.7 0.7 0.7 0.45 0.45 0.45 0.805 0.805 0.805 -0.08 -0.08 0.485 0.485 0.82 0.82 0.82 1.055 1.055 1.055 1.055 1.0356954 0.82 0.82 0.82 1.025 0.575 0.575 
1.225 1.225 1.2253412 1.47 1.47 1.47 1.47 1.4033592 1.4 1.4001373 1.48 1.2200239 1.22 1.22 1.2200003 1.31 1.31 1.31 1.31 1.31 1.0353314 0.34 0.34 0.34 0.33991452 0.6999564 0.7 0.7 0.7 0.45 0.45 0.45 0.4500494 0.805 -0.08 -0.08 -0.08 -0.079976984 0.48502285 0.82 0.82 0.82 1.0549857 1.055 1.055 1.055 0.81999536 0.82 0.82 0.82 0.575 0.575 0.575 
1.275 1.2749999 1.4698643 1.47 1.47 1.47 1.4000149 1.4 1.4 1.4 1.505 1.505 1.505 1.505 1.3109 1.31 1.31 1.31 1.31 1.0650001 1.065 1.065 -0.074999931 -0.075 -0.075 -0.075 -0.0081075317 0.7 0.22501945 0.225 0.225 0.225 0.225 -0.4 -0.4 -0.4 -0.4 -0.4 0.705 0.705 0.705 0.705 0.705 0.3560552 0.355 0.355 0.355 0.82 0.82 0.82 0.5750386 0.575 0.575 
1.275 1.275 1.2754187 1.3250003 1.325 1.3250732 1.4 1.4 1.4 1.4 1.505 1.505 1.505 1.505 1.505 1.31 1.31 1.31 1.0650001 1.065 1.065 1.065 -0.074999996 -0.075 -0.075 -0.075 -0.075 -0.074835725 0.2247239 0.225 0.225 0.225 0.22488908 -0.45669016 -0.4000587 -0.4 -0.4 -0.4 0.705 0.705 0.705 0.705 0.705 0.355 0.355 0.355 0.355 0.57244309 0.82 1.1215971 1.125 0.92 0.92 
1.275 1.275 1.3249937 1.325 1.325 1.325 1.3440497 1.4 1.4 1.4 1.505 1.505 1.505 1.505 1.505 1.3101462 1.31 1.0650718 1.065 1.065 1.065 1.065 0.34732039 -0.075 -0.075 -0.075 -0.075 -0.075294038 -0.49 -0.49 -0.49 -0.49 -0.49 -0.5 -0.5 -0.5 -0.5 -0.5 -0.0099999996 -0.01 -0.01 -0.01 -0.0099999922 0.35684346 0.35500039 0.355 0.35512798 0.37051008 1.125 1.125 1.125 0.92000115 0.92 
1.2749989 0.69160011 1.3249999 1.325 1.325 1.325 1.325 1.3999681 1.4 1.4 1.505 1.505 1.505 1.505 1.0894398 1.08 1.08 1.0650004 1.065 1.065 1.065 1.065 1.0649999 -0.075 -0.075 -0.075 -0.075 -0.81499967 -0.81499985 -0.7458321 -0.49 -0.49 -0.49 -0.5 -0.5 -0.5 -0.5 -0.50006096 -0.01 -0.01 -0.01 -0.01 -0.0099532646 1.11 1.11 1.11 1.11 1.1100012 1.125 1.125 1.125 1.125 1.0727172 
0.68 0.68 0.81845698 1.325 1.325 1.325 1.325 1.325 1.3999675 1.195 1.195 1.195 1.1957357 1.0800006 1.08 1.08 1.08 1.08 1.064998 1.0480755 0.9 0.9 0.9 0.64989467 -0.11301728 -0.31644052 -0.4882412 -0.815 -0.815 -0.815 -0.815 -0.815 -0.80141588 -0.59072952 -0.59 -0.59 -0.59 -0.59 0.10459054 0.5999989 0.6 0.6 0.6 1.2349996 1.11 1.11 1.11 1.485 1.1250058 1.125 1.125 1.075 1.075 
0.68 0.68 0.81 0.81 0.81 1.3248284 1.325 1.325 1.195 1.195 1.195 1.195 1.195 1.08 1.08 1.08 1.08 1.08 0.9 0.9 0.9 0.9 0.9 -0.54999992 -0.55 -0.55 -0.55 -0.815 -0.815 -0.815 -0.815 -0.815 -0.655 -0.655 -0.59 -0.59 -0.59 0.46981948 0.47 0.6 0.6 0.6 0.60000011 1.235 1.235 1.235 1.485 1.485 1.485 1.22 1.22 1.075 1.075 
0.68 0.68 0.81 0.81 0.81 0.81 0.8100008 0.955 1.194774 1.195 1.195 1.195 1.195 1.0814345 1.08 1.08 1.08 1.08 0.9 0.9 0.9 0.9 0.9 -0.55 -0.55 -0.55 -0.55 -0.55000111 -0.815 -0.815 -0.815 -0.65500839 -0.655 -0.655 -0.655 -0.59 0.46999999 0.47 0.47 0.47342054 1.198536 1.31 1.31 1.235 1.235 1.235 1.485 1.485 1.485 1.22 1.22 1.22 0.54515593 
0.795 0.7949991 0.81 0.81 0.81 0.81 0.955 0.955 0.955 1.195 1.195 1.195 1.195 1.1949642 1.08 1.08 1.08 1.08 0.9000027 0.9 0.9 0.89999998 -0.29458328 -0.55 -0.55 -0.55 -0.55 -0.97999965 -0.98 -0.98 -0.81676491 -0.655 -0.655 -0.655 -0.65499938 -0.0050000095 0.47 0.47 0.47 0.47000001 1.31 1.31 1.31 1.69 1.69 1.69 1.4899995 1.485 1.485 1.22 1.22 1.22 0.49000003 
0.795 0.795 0.81 0.81 0.81 0.955 0.955 0.955 0.955 1.1686874 1.195 1.195 1.195 1.1949975 0.50506617 0.505 0.505 0.505 -0.092606986 -0.32 -0.32 -0.32 -0.32 -0.55 -0.55 -0.55 -0.55002836 -0.98 -0.98 -0.98 -0.98 -0.65493106 -0.2893938 -0.005 -0.005 -0.005 0.47212622 1.0399881 1.04 1.04 1.3102976 1.69 1.69 1.69 1.69 1.6899992 1.49 1.49 0.83 0.83 0.83 0.365 0.5 
0.795 0.795 0.43 0.43 0.43 0.955 0.955 0.955 0.955 1.04 1.04 1.04 1.04 1.0022973 0.505 0.505 0.505 0.505 -0.085 -0.32 -0.32 -0.32 -0.32 -0.675 -0.67499995 -0.55000018 -0.98 -0.98 -0.98 -0.98 -0.61295045 -0.255 -0.034746571 -0.005 -0.005 -0.005 1.04 1.04 1.04 1.04 1.69 1.69 1.69 1.430082 1.43 1.4897303 1.49 1.49 0.8299965 0.83 0.365 0.365 0.5 
0.795 0.43 0.43 0.43 0.43 0.43 0.95228299 0.605 0.605 1.04 1.04 1.04 1.04 1.0398733 0.505 0.505 0.505 0.47834193 -0.085 -0.085 -0.32 -0.32 -0.675 -0.675 -0.675 -0.675 -0.98 -0.98 -0.98 -0.98 -0.255 -0.255 -0.255 -0.0052529793 -0.005 -0.005 1.04 1.04 1.04 1.04 1.69 1.69 1.69 1.43 1.43 1.4299595 0.715 0.715 0.015 0.015 0.365 0.365 0.5 
0.4334278 0.43 0.43 0.43 0.43 0.43 0.605 0.605 0.605 0.83783018 1.04 1.04 1.04 1.0399852 0.505 0.505 0.505 -0.085 -0.085 -0.085 -0.31998826 -0.32000217 -0.675 -0.675 -0.675 -0.675 -0.97997832 -0.98 -0.98 -0.25516673 -0.255 -0.255 -0.255 -0.255 -0.0053488859 0.17 0.17 0.18505686 1.04 1.04 1.6899994 1.69 1.4375596 1.43 1.43 0.71500026 0.715 0.715 0.015 0.015 -0.09 -0.09 0.335 
0.43 0.43 0.43 0.43 0.43 0.43 0.605 0.605 0.605 0.605 0.39501858 0.395 0.395 0.395 0.50499812 0.10116376 -0.125 -0.125 -0.08507374 -0.085 -0.085000046 -0.67499948 -0.675 -0.675 -0.675 -0.675 -0.67522175 -0.98 -0.97997522 -0.255 -0.255 -0.255 -0.255 -0.255 0.17 0.17 0.17 0.17 0.17 0.17000303 0.13 0.13 0.13000013 0.5 0.5 0.5 0.03 0.03 -0.23 -0.23 -0.09 -0.089999075 0.335 
0.43 0.43 0.43 0.43 0.43 0.43 0.605 0.605 0.605 0.395 0.395 0.395 0.395 0.395 0.25792925 -0.125 -0.125 -0.125 -0.125 -0.125 -0.12309013 -0.675 -0.675 -0.675 -0.675 -0.66118356 -0.23568948 -0.87855509 -0.25857532 -0.255 -0.255 -0.255 -0.255 -0.25499907 0.17 0.17 0.17 0.17 0.17 0.15139209 0.13 0.13 0.13 0.5 0.5 0.5 0.03 0.03 -0.23 -0.23 0.029999995 0.31817477 0.335 
0.43 0.43 0.43 0.43 0.43 0.43000005 0.60499996 0.605 0.59628383 0.395 0.395 0.395 0.395 0.395 0.3700576 -0.125 -0.125 -0.125 -0.125 -0.125 -0.125 -0.30192352 -0.23500062 -0.235 -0.235 -0.235 -0.235 -0.235 -0.85081975 -0.85999284 -0.85999999 -0.86 -0.86 -0.85999926 0.17 0.17 0.17 0.17 0.17 0.13 0.13 0.13 0.13 0.13000016 0.49976753 0.355 0.030000034 -0.11740501 -0.22990362 0.03 0.03 0.036339926 0.335 
0.43 0.43 0.43 0.43 0.43 0.43001118 0.60499056 0.60498729 0.39500026 0.395 0.395 0.395 0.395 0.395 0.38510551 -0.125 -0.125 -0.125 -0.125 -0.125 -0.125 -0.235 -0.235 -0.235 -0.235 -0.235 -0.235 -0.235 -0.85982747 -0.86 -0.86 -0.86 -0.86 -0.86 -0.5777801 0.17 0.17 0.17 0.17 0.13 0.13 0.13 0.13 0.13005764 0.355 0.355 0.35202293 -0.12 -0.12 0.03 0.03 0.335 0.335 
0.43 0.43 0.43 0.43 0.43 0.43023339 0.60478636 0.41869713 0.395 0.395 0.395 0.395 0.395 0.395 0.38589651 -0.125 -0.125 -0.125 -0.125 -0.125 -0.140662 -0.235 -0.235 -0.235 -0.235 -0.235 -0.235 -0.235 -0.85999749 -0.86 -0.86 -0.86 -0.86 -0.86 -0.86 -0.029925413 -0.34064238 -0.51055246 -0.53641769 0.073434775 0.12999998 0.13 0.13 0.35498203 0.355 0.3509111 -0.329999 -0.12 -0.12 -0.26507088 -0.265 -0.265 0.33499973 
0.43 0.43 0.43 0.43 0.43000018 0.43145934 0.58561797 0.39505774 0.395 0.395 0.395 0.395 0.395 0.395 0.3828572 -0.125 -0.125 -0.125 -0.125 -0.125 -0.23499953 -0.235 -0.235 -0.235 -0.235 -0.235 -0.235 -0.235 -0.85999983 -0.86 -0.86 -0.86 -0.86 -0.86 -0.85999994 -0.55 -0.55 -0.55 -0.55 -0.75 -0.75 -0.75 -0.75 -0.32999802 -0.33 -0.33 -0.33 -0.33000278 -0.59 -0.59 -0.265 -0.265 -0.96229619 
0.43 0.43 0.43 0.43000001 0.43000489 0.43465563 0.40910546 0.39500274 0.395 0.395 0.395 0.395 0.395 0.395 0.37734799 -0.12499979 -0.125 -0.125 -0.125 -0.12566204 -0.235 -0.235 -0.235 -0.235 -0.235 -0.235 -0.235 -0.235 -0.85999986 -0.86 -0.86 -0.86 -0.86 -0.86 -0.55000028 -0.55 -0.55 -0.55 -0.55 -0.75 -0.75 -0.75 -0.75 -0.63664381 -0.33 -0.33 -0.33 -0.58999709 -0.59 -0.59 -1.275 -1.275 -1.275 
0.43 0.43 0.43000001 0.4300004 0.43004739 0.4379516 0.39574554 0.39500069 0.395 0.395 0.395 0.395 0.395 0.39499997 0.36988514 -0.12498777 -0.125 -0.125 -0.12500013 -0.23277123 -0.235 -0.235 -0.235 -0.235 -0.235 -0.235 -0.235 -0.235 -0.85999941 -0.86 -0.86 -0.86 -0.86 -0.90026211 -0.55000011 -0.55 -0.55 -0.55 -0.55 -0.75 -0.75 -0.75 -0.75 -0.75 -0.33 -0.33 -0.33 -0.59 -0.59 -0.59 -1.275 -1.275 -1.275 
0.43 0.43000001 0.43000017 0.43000465 0.43022996 0.41904401 0.39512596 0.39500042 0.395 0.395 0.395 0.395 0.395 0.39499902 0.36101241 -0.12481009 -0.12499999 -0.125 -0.12556952 -0.23499065 -0.235 -0.235 -0.235 -0.235 -0.235 -0.235 -0.235 -0.23500036 -0.85999608 -0.86 -0.86000004 -0.91016483 -0.915 -0.915 -0.915 -0.55 -0.55 -0.55 -0.55 -0.75 -0.75 -0.75 -0.75 -0.75 -0.33000745 -0.33 -0.33000013 -0.58999998 -0.59 -0.59000037 -1.275 -1.275 -1.275 
