interpolatedSpi/03-09|21_1.tif
NCOLS 53
NROWS 52
XLLCORNER -116.03883
YLLCORNER 28.596182
DX 0.49850594
DY 0.49788537
NODATA_VALUE -9999
[rows 0 to 35 of 52, columns 0 to 52 of 53]
-0.68375 -0.68375 -0.73468056 -0.7975 -0.815 -0.86 -0.8 -0.775 -0.82156503 -0.91 -1.11625 -0.98875 -1.1612379 -1.01375 -0.89125 -0.89125 -0.89125 -0.70875 -0.68625 -0.68625 -0.68625 -0.6862467 -0.34375001 -0.99125 -0.99125 -0.99125 -0.68874916 -0.68875 -0.68875 -0.50125 -0.50125 -0.50125 -0.50125 -0.77624994 -0.77625 -0.77625 -0.77625 -0.77625 -0.77625 -0.77625 -0.62784836 -0.62619754 -0.42 -0.42 -0.42 -0.42 -0.41942016 -0.065 -0.065 -0.065 0.57499867 0.575 0.575
-0.68377316 -1.205 -0.69124979 -0.77505022 -0.93754339 -0.63625 -0.63875 -0.94476197 -1.16625 -1.0275 -1.03875 -1.16125 -1.16125 -0.90162513 -1.0137476 -0.89125 -0.70875 -0.70875 -0.68627934 -0.68625 -0.68625 -0.68625 -1.0044093 -0.99125 -0.99125 -0.99125 -1.095 -1.095 -0.50125 -0.50125 -0.50125 -0.50125 -0.50125 -0.77624996 -0.77625 -0.77625 -0.77625 -0.77625 -0.77625 -0.74279187 -0.5587716 -0.43683636 -0.42 -0.42 -0.42 -0.42 -0.42 -0.065 -0.065 -0.065 -0.011930587 0.575 0.575
-0.99123496 -0.99125 -0.50875 -0.55875 -0.70125 -0.8775 -0.55625 -0.91 -0.9975 -0.93125 -0.9925 -1.21625 -0.875 -1.12625 -0.90125 -1.23125 -0.70875 -0.70875 -0.70875 -1.0011584 -1.00125 -1.00125 -1.24125 -0.99125 -0.99125 -0.99125 -1.095 -1.095 -1.095 -0.50125 -0.50125 -0.50125001 -0.64567002 -0.77623339 -0.77607548 -0.75767182 -0.7575 -0.7575 -0.73250249 -0.55875 -0.55875 -0.55857257 -0.42 -0.42 -0.42 -0.42 -0.42 -0.065 -0.065 -0.065 -0.064999999 0.575 0.575
-0.26875 -0.99124994 -0.68500326 -0.25 -0.67 -0.6925 -0.62625 -0.79375 -0.70875 -0.87508079 -0.905 -1.21375 -1.06375 -1.12625 -0.9925 -1.23125 -1.3999493 -1.4007648 -1.3575 -1.00125 -1.00125 -1.53875 -1.24125 -1.24125 -0.99125 -0.99125052 -1.095 -1.095 -1.095 -0.65875 -0.73693658 -0.80125 -0.80125 -0.80124997 -0.7575 -0.7575 -0.7575 -0.7575 -0.55875 -0.55875 -0.55875 -0.55874999 -0.42 -0.42 -0.42 -0.42 -0.42 -0.065004478 -0.065 -0.065 -0.065 0.57496897 0.575
-0.26875 0.0062487322 -0.685 -0.83176025 -0.67 -0.49125 -0.87872734 -0.76375 -0.74875 -0.80875002 -1.0289875 -1.1349486 -0.77625 -0.9925 -0.9925 -1.1549181 -1.40125 -1.40125 -1.3575 -1.3575 -1.001251 -1.53875 -1.2225 -0.9125 -0.7475 -0.74740566 -1.095 -1.095 -0.65875 -0.65875 -0.80125 -0.80125 -0.80125 -0.80219282 -0.7575 -0.7575 -0.7575 -0.55875 -0.55875 -0.55875 -0.55875 -0.55876074 -0.42 -0.42 -0.42 -0.42 -0.42 -0.41684006 -0.065 -0.0650139 -0.375 -0.375 -0.375
-0.99625 -0.38875 -0.515 -0.71 -0.87 -0.6975 -0.92125 -0.90108549 -0.68125 -0.48625 -0.44625 -0.3225 -0.3225003 -0.99625 -0.99625 -1.2899577 -1.29 -1.03 -1.03 -1.3574995 -0.99625 -0.99625 -0.9125 -0.7475 -0.7475 -0.34375 -0.63875 -0.63875 -0.50126439 -0.65875 -0.80125 -0.80125 -0.80625 -0.80622832 -0.59876488 -0.67625 -0.67625 -0.59510131 -0.55875 -0.55875 -0.66986125 -0.67 -0.6699999 -1.1186945 -1.1311714 -1.1312498 -1.13125 -1.1312497 -0.55834511 -0.375 -0.375 -0.375 -0.375
-0.0025017384 -0.25625 -0.04383002 -0.29125 -0.46625 -0.8575 -0.43375 -0.46875 -0.63125 -0.63125 -0.44625 -0.7125 -0.65750002 -0.99625 -1.1149996 -1.115 -1.29 -0.95375 -0.78 -0.78 -0.96679594 -0.93375 -0.93375 -0.32375001 -0.34375 -0.34375 -0.63875 -0.63875 -0.50125401 -0.50132376 -0.63230672 -0.80625 -0.80625 -0.59875 -0.59875 -0.6993972 -0.67625 -0.67625 -0.7974958 -0.67000018 -0.67 -0.67 -0.66999945 -1.1312479 -1.13125 -1.13125 -1.13125 -1.1312497 -0.60625 -0.37504583 -0.375 -0.375 -0.375
-0.0025 0.2225 0.06 -0.7975 -0.96124061 -0.775 -0.49 -0.80625 -0.885 -0.7575 -0.7575 -0.73375 -0.6575 -0.6575 -1.1118611 -1.0990618 -1.0975 -0.74875 -0.64875013 -0.78 -0.73634561 -0.75375 -0.65375 -0.16 -0.16000047 -0.19625 -0.54 -0.54000003 -0.56975909 -0.57 -0.6325 -0.66998833 -0.53125 -0.59875 -0.603456 -0.71875 -0.71875 -0.7975 -0.7975 -0.67 -0.67 -0.67 -0.75583349 -0.75750002 -1.13125 -1.13125 -1.13125 -0.60626998 -0.60625 -0.60625 -0.375 -0.375 -0.375
0.060354017 0.2225 0.23375 -0.24625 -0.61625 -0.64375 -0.7525 -0.91125 -0.9975 -0.70543847 -0.64375 -0.7925 -0.7925 -0.7325 -0.73249929 -0.72977774 -0.72875 -0.72875 -0.73348485 -0.41625003 -0.54875 -0.54875 -0.7075 -0.67493199 -0.19259696 -0.19625 -0.53125 -0.54 -0.50271791 -0.5025 -0.70875 -0.485 -0.42456193 -0.8725 -0.76375 -0.90875 -0.9125 -0.7875 -0.84372403 -0.66977681 -0.62 -0.50125 -0.75744607 -0.7575 -0.75960367 -1.13125 -1.17875 -0.60625001 -0.60625 -0.60625 -0.60625 -0.39585499 -0.2125
-0.84625 -0.84625 0.26625 -0.205 -0.495 -0.74 -0.74875 -0.72875 -0.79625 -0.63124722 -0.845 -0.3025 -0.7325 -0.7325 -0.6575 -0.65847723 -0.72875 -0.72870316 -0.50875 -0.41625 -0.41625 -0.43332045 -0.7075 -0.50250388 -0.5025 -0.5025 -0.53125 -0.1425 -0.1425 -0.5025 -0.5025 -0.48477241 -0.365 -0.8725 -0.48875 -0.90875 -0.9125 -0.81 -0.84375 -0.7687358 -0.50125001 -0.47369955 -0.42625 -0.7575 -0.7575 -1.17875 -1.17875 -1.17875 -0.60625 -0.60625 -0.5425 -0.5425 -0.54249988
-0.84625 -0.84625 -0.25125 -0.7025 -0.8575 -0.2975 -0.61375 -0.71878376 -0.85625 -0.635 -0.745 -0.7325 -0.30307309 -0.6575 -0.6575 -0.65749928 -0.65125 -0.64377093 -0.50875 -0.6925 -0.6925 -0.49125 -0.49125 -0.5025 -0.5025 -0.5025 -0.1425 -0.1425 -0.1425 -0.72875 -0.72875 -0.7287494 -0.55125 -0.55125 -0.8975 -0.955 -0.70875 -1.3637449 -1.0575 -0.7675 -0.7675 -0.59124946 -0.42625 -0.7575 -0.79250009 -0.92875 -0.66472337 -0.6625 -0.51375 -0.51375 -0.5425 -0.5425 -0.5425
-0.84625 -0.58943688 -0.44381447 -0.70249591 -0.27875 -0.71125 -0.61375 -0.71875 -0.85624885 -0.63745118 -0.73249987 -0.7325 -0.56625 -0.6575 -0.6575 -0.65125 -0.65125 -0.65124189 -0.50875 -0.6925 -0.65297859 -0.49125 -0.49125 -0.50250018 -0.5025 -0.46962804 -0.4025 -0.4025 -0.40249997 -0.72875 -0.72875 -0.66 -0.66 -0.55125095 -0.8975 -0.97500005 -0.7167679 -1.36375 -1.36375 -0.76749999 -0.59125 -0.59125 -0.59125143 -0.7925 -0.7925 -0.92875 -0.6625 -0.6625 -0.51375 -0.51375 -0.5425 -0.5425 -0.5425
-0.89875 -0.51983833 -0.53625567 -0.53744873 -0.27875234 -0.71123979 -0.61375 -0.71745751 -0.84677484 -0.85047257 -0.56625 -0.56625 -0.56625 -0.56625 -0.65748707 -0.65125 -0.65125 -0.6494101 -0.50875 -0.69263155 -1.15125 -1.15125 -1.15125 -1.15125 -0.51338769 -0.4025 -0.4025 -0.4025 -0.4025 -0.40276015 -0.66 -0.66 -0.66 -0.66 -0.975 -0.975 -0.975 -1.3442999 -1.360605 -0.945 -0.945 -0.59126903 -0.87749709 -0.79250819 -0.7925 -0.92875 -0.6625 -0.6625 -0.51375 -0.51375 -0.5423957 -0.5425 -0.23955367
-0.89875 -0.53625 -0.53625 -0.53625 -0.53625 -0.53625007 -0.61399951 -0.66344994 -0.82149597 -0.56655681 -0.56625 -0.56625 -0.56625 -0.56625 -0.5662501 -0.65125 -0.65124998 -0.64147547 -0.50875407 -1.15125 -1.15125 -1.15125 -1.15125 -1.15125 -1.145978 -0.59894744 -0.65499995 -0.655 -0.655 -0.655 -0.66 -0.66 -0.6600001 -0.74625 -0.74625 -0.975 -0.66389865 -0.655 -0.94499983 -0.945 -0.945 -0.945 -0.8775 -0.8775 -0.8775 -0.87785665 -0.68615077 -0.68625 -0.68625 -0.68625 -0.68625 -0.10750009 -0.1075
-0.82375 -0.53625 -0.53625 -0.53625 -0.53625 -0.53625 -0.53625001 -0.61693385 -0.7005122 -0.7 -0.7 -0.7 -0.7 -0.7 -0.7 -0.65468115 -0.651277 -0.63173704 -1.1511693 -1.15125 -1.15125 -1.15125 -1.15125 -1.1512494 -0.9075 -0.9075 -0.90749964 -0.655 -0.655 -0.65488236 -0.59625 -0.59625 -0.74625 -0.74625 -0.74625 -0.66961719 -0.655 -0.655 -0.655 -0.945 -0.945 -0.945 -0.8775 -0.8775 -0.8775 -0.8775 -0.68625 -0.68625 -0.68625 -0.68625 -0.68625 -0.1075 -0.1075
-0.82375 -0.71671702 -0.53625 -0.53625 -0.53625 -0.53625 -0.56249485 -0.5625 -0.5625 -0.7 -0.7 -0.7 -0.7 -0.7 -0.68979693 -0.65375 -0.65375 -0.65375 -0.60417096 -0.60250056 -0.6025 -0.6025 -0.6025 -0.6025 -0.9075 -0.9075 -0.9075 -0.9075 -0.655 -0.59625 -0.59625 -0.59625 -0.74624999 -0.74625 -0.74625 -0.50875 -0.65480636 -0.655 -0.655 -0.94489859 -0.74268581 -0.27077116 -0.8775 -0.8775 -0.48745742 -0.48625 -0.48625 -0.68535441 -0.14315453 -0.14125005 -0.1412501 0.18495565 -0.10749941
-0.82375 -0.70332359 -0.61911504 -0.53625 -0.53625 -0.56248449 -0.5625 -0.5625 -0.5625 -0.56349086 -0.7 -0.7 -0.7 -0.69999999 -0.65375 -0.65375 -0.65375 -0.65375 -0.60254578 -0.6025 -0.6025 -0.6025 -0.6025 -0.6025 -0.90749999 -0.9075 -0.9075 -0.9075 -0.90636788 -0.59625 -0.59625 -0.59625 -0.58625 -0.74622198 -0.50875 -0.50875 -0.50875 -0.50491349 -0.29319834 -0.26875 -0.26875 -0.26875 -0.55125 -0.55125 -0.48625 -0.48625 -0.48625 -0.14125 -0.14125 -0.14125 -0.14125 0.185 0.185
-0.7000807 -0.7 -0.7 -0.7 -0.58 -0.56250045 -0.5625 -0.5625 -0.5625 -0.5625 -0.68220852 -0.69999694 -0.69999999 -0.65375 -0.65375 -0.65375 -0.65375 -0.65375 -0.63134609 -0.6025 -0.6025 -0.6025 -0.6025 -0.6025 -0.75521086 -0.76875075 -0.76875 -0.76875 -0.76875 -0.59625 -0.58625 -0.58625 -0.58625 -0.58625 -0.50875 -0.50874078 -0.15875 -0.15875 -0.26737649 -0.26875 -0.26875 -0.26875 -0.55125 -0.55125 -0.49631424 -0.48625 -0.48625 -0.14125 -0.14125 -0.14125 -0.13775175 0.185 0.185
-0.7 -0.7 -0.7 -0.64349021 -0.58 -0.58 -0.5625 -0.5625 -0.5625 -0.5625 -0.465 -0.465 -0.465 -0.65375 -0.65375 -0.65375 -0.65375 -0.65365808 -0.3625 -0.3625 -0.6024999 -0.6025 -0.60347383 -0.6425 -0.64363657 -0.76875 -0.76875 -0.76875 -0.76875 -0.58626858 -0.58625 -0.58625 -0.58625 -0.58625 -0.15875123 -0.15875 -0.15875 -0.15875 -0.15914069 -0.26875 -0.26875 -0.26875 -0.55125 -0.55125 -0.55125 -0.48625 -0.48625 -0.14125001 -0.14125 -0.14125 0.185 0.185 0.185
-0.7 -0.7 -0.7 -0.58 -0.58 -0.58 -0.57999997 -0.5625 -0.5625 -0.46510065 -0.465 -0.465 -0.465 -0.46511759 -0.20350878 -0.0975 -0.0975 -0.097500001 -0.3625 -0.3625 -0.3625 -0.6425 -0.6425 -0.6425 -0.64233332 -0.39043684 -0.76875 -0.76875 -0.76875 -0.28240525 -0.20753725 -0.2075 -0.2075 -0.2075 -0.18632315 -0.22499985 -0.225 -0.225 -0.225 -0.23625445 -0.23625 -0.23625 -0.55125 -0.55125 -0.40375062 -0.40374996 -0.2775 -0.2775 -0.07125 -0.07125 -0.07125 0.185 0.14878241
-0.69999801 -0.7 -0.7 -0.58 -0.58 -0.58 -0.58 -0.35500006 -0.56167033 -0.46491952 -0.465 -0.465 -0.465 -0.46427886 -0.0975 -0.0975 -0.0975 -0.097500076 -0.3625 -0.3625 -0.3625 -0.6425 -0.6425 -0.6425 -0.0475 -0.0475 -0.10875 -0.10875 -0.10875 -0.10928871 -0.2075 -0.2075 -0.2075 -0.2075 -0.21624522 -0.225 -0.225 -0.225 -0.225 -0.23625 -0.23625 -0.23625 -0.24152019 -0.40375 -0.40375 -0.40375 -0.2775 -0.2775 -0.07125 -0.07125 -0.07125 0.14874999 0.14875
-0.0575 -0.36229699 -0.69375 -0.693717 -0.58 -0.35630184 -0.355 -0.355 -0.36137663 -0.37625 -0.37625 -0.37625 -0.37625 0.28747839 0.2875 -0.097499704 -0.0975 -0.10448236 -0.3625 -0.3625 -0.3625 0.14625 0.14625 0.14625 -0.0475 -0.0475 -0.10875 -0.10875 -0.10875 -0.10874992 -0.0012513109 -0.0012505793 -0.20231622 -0.20727889 -0.34733863 -0.3475 -0.3475 -0.3475 -0.3475 -0.23625 -0.23625 -0.23625 -0.39452692 -0.40375 -0.40375 -0.40374999 -0.2775 -0.2775 -0.27749258 -0.07125 -0.071265818 -0.425 0.14875
-0.21247057 -0.21250008 -0.69375 -0.69375 -0.69375 -0.355 -0.355 -0.355 -0.3725 -0.3725 -0.37625 -0.37625 -0.37625 0.2875 0.2875 0.2875 0.2875 0.2874264 -0.3625 -0.3625 -0.36249998 0.14625 0.14625 0.14625 -0.0475 -0.0475 -0.10875 -0.10875 -0.10875 -0.0024620704 -0.00125 -0.00125 -0.00125 -0.00125 -0.34732915 -0.3475 -0.3475 -0.3475 -0.3475 -0.225 -0.225 -0.225 -0.225 -0.40374952 -0.34125 -0.34125 -0.34125 -0.5225 -0.5225 -0.5225 -0.425 -0.425 -0.425
-0.2125 -0.2125 -0.69375 -0.69375 -0.69375 -0.35678053 -0.355 -0.3725 -0.3725 -0.3725 -0.37624954 -0.37625 -0.14030524 0.28749991 0.2875 0.2875 0.2875 0.12125 0.12125 0.12125 -0.048749996 -0.048749855 0.14624905 0.14625 0.14604442 -0.10875 -0.10875 -0.10875 -0.10875 0.10372907 0.10374944 0.10373167 -0.0010705441 -0.0011593861 -0.28576301 -0.34749989 -0.34653652 -0.06 -0.06 -0.225 -0.225 -0.225 -0.225 -0.34125 -0.34125 -0.34125 -0.34125 -0.5225 -0.5225 -0.5225 -0.425 -0.425 -0.425
-0.2125 -0.2125 -0.69375 -0.69375 -0.69375 -0.69375 -0.36154974 -0.3725 -0.3725 -0.3725 -0.37234257 -0.0875 -0.0875 -0.0875 0.28529004 0.2875 0.12235785 0.12125 0.12125 0.12125 -0.04875 -0.04875 -0.04875 -0.04875 -0.10875 -0.10875 -0.10875 -0.10875 -0.10875 0.10375 0.10375 0.10375 0.10375 0.10374995 0.07875 -0.06 -0.06 -0.06 -0.06 -0.060000434 -0.17125 -0.17125 -0.17125 -0.31239668 -0.605 -0.605 -0.605 -0.5225 -0.5224999 -0.42375 -0.42375 -0.3637649 -0.36375
-0.2125 -0.2125 -0.52005254 -0.69375 -0.69375 -0.69374999 -0.30511978 -0.37228728 -0.3725 -0.3725 -0.087499982 -0.0875 -0.0875 -0.0875 -0.0875 -0.056731405 0.12125 0.12125 0.12125 0.12125 -0.048748685 -0.04875 -0.04875 -0.04875 -0.10875 -0.10875 -0.10875 -0.10875 -0.10875 0.096360436 0.10375 0.10375 0.10375 0.07875 0.07875 0.078642257 -0.06 -0.06 0.042707079 0.12249998 -0.17125 -0.17125 -0.17125 -0.30925705 -0.605 -0.605 -0.605 0.09 -0.41734872 -0.42375 -0.42375 -0.36375 -0.36375
-0.1625 -0.1625 -0.1625 -0.56055102 -0.6930736 -0.305 -0.305 -0.305 -0.305 -0.0025000024 -0.0025 -0.087499994 -0.0875 -0.0875 -0.0875 -0.087486761 0.12125 0.12125 0.12125 0.12125 0.025432485 -0.04875 -0.04875 -0.043221499 0.15042154 -0.10875 -0.10875 -0.10875 0.09375 0.09375 0.09375 0.093750042 0.07875 0.07875 0.07875 0.07875 0.1225 0.1225 0.1225 0.1225 -0.09875 -0.09875 -0.09875 -0.22499746 -0.225 -0.225 -0.22500012 0.09 0.09 -0.42312402 -0.42375 -0.36374668 -0.36375
-0.1625 -0.1625 -0.1625 -0.16250377 -0.2325 -0.24304269 -0.305 -0.305 -0.305 -0.0025 -0.0025 -0.0025 0.14249999 0.1425 0.1425 0.14249999 0.12070961 0.12125 0.12125 0.12125 0.11868373 0.16249942 0.1625 0.1625 0.1625 0.16249999 0.016249999 0.01625 0.09375 0.09375 0.09375 0.09375 0.078750195 0.07875 0.07875 0.078771992 0.12249999 0.1225 0.1225 0.12149103 -0.09875 -0.09875 -0.09875 -0.22499415 -0.225 -0.225 -0.225 0.09 0.09 0.090000027 0.29375 0.29375 0.28625
-0.1625 -0.1625 -0.1625 -0.23249984 -0.2325 -0.2325 -0.30499997 -0.305 -0.305 -0.0025 -0.0025 -0.0025 0.1425 0.1425 0.1425 0.11841454 -0.17375 -0.17375 -0.17374924 0.11958376 0.1625 0.1625 0.1625 0.1625 0.1625 0.16238994 0.01625 0.01625 0.01625 0.09375 0.09375 0.093565752 0.34875 0.34875 0.34875 -0.3625 -0.3625 -0.1075 -0.1075 -0.1075 -0.175 -0.098773917 -0.098749543 -0.0375 -0.0375 -0.044606037 -0.22499897 0.09 0.09 0.29375 0.29375 0.29375 0.28625
-0.1625 -0.1625 -0.1625 -0.2325 -0.2325 -0.2325 -0.2325 -0.305 -0.305 -0.0025 -0.0025 0.13670209 0.1425 0.1425 0.1425 -0.17375 -0.17375 -0.17375 -0.17375 -0.17375 0.1625 0.1625 0.1625 0.1625 0.1625 0.016250499 0.01625 0.01625 0.01625 -0.1925 -0.1925 -0.1925 0.34875 0.34875 0.34875 -0.3625 -0.3625 -0.1075 -0.1075 -0.175 -0.175 -0.175 -0.0375 -0.0375 -0.0375 -0.0375 -0.015833641 0.22625 0.22625 0.22625 0.29375 0.4375 0.4375
-0.1625 -0.1625 -0.16259748 -0.2325 -0.2325 -0.2325 -0.2325 -0.074228043 -0.06625 -0.06614055 -0.0024999977 0.14249246 0.1425 0.1425 0.14249891 -0.17375 -0.17375 -0.17375 -0.17375 -0.17375 -0.043705075 0.1625 0.1625 0.1625 0.16249743 0.016257525 0.01625 0.01625 0.01625 -0.1925 -0.1925 -0.1925 -0.19242065 0.34875 -0.3625 -0.3625 -0.3625 -0.36248928 -0.1075046 -0.175 -0.175 -0.175 -0.037508347 -0.0375 -0.0375 -0.0375 0.2262504 0.22625 0.22625 0.22625 0.4375 0.4375 0.4375
-0.37375 -0.37374963 -0.23246817 -0.2325 -0.2325 -0.2325 -0.066285376 -0.06625 -0.06625 -0.06625 0.052499997 0.0525 0.0525 0.0525 -0.17270575 -0.17375 -0.17375 -0.17375 -0.17375 -0.052500072 -0.0525 -0.0525 0.15 0.15 0.15 0.15 0.13845565 0.01625 -0.043747543 -0.04375 -0.04375 -0.04375 -0.04375 -0.048750001 -0.04875 -0.04875 -0.04875 -0.04875 0.15875 0.15875 0.15875 0.15875 0.15875 0.26828835 0.26875 0.26875 0.26875 0.22625 0.22625 0.22625 0.43746672 0.4375 0.4375
-0.37375 -0.37375 -0.37123821 -0.073750319 -0.073750035 -0.073742803 -0.06625 -0.06625 -0.06625 -0.06625 0.0525 0.0525 0.0525 0.0525 0.0525 -0.17375 -0.17375 -0.17375 -0.05250003 -0.0525 -0.0525 -0.0525 0.15 0.15 0.15 0.15 0.15 0.1499715 -0.043808407 -0.043750001 -0.04375 -0.04375 -0.043773463 -0.13236799 -0.048836583 -0.04875 -0.04875 -0.048750002 0.15875 0.15875 0.15875 0.15875 0.15875 0.26875 0.26875 0.26875 0.26875 0.24887617 0.22625 -0.0048920675 -0.0075 0.0925 0.0925
-0.37375 -0.37375 -0.073788001 -0.07375 -0.07375 -0.07375 -0.071845032 -0.06625 -0.06625 -0.06625 0.0525 0.0525 0.0525 0.0525 0.0525 -0.17357783 -0.17375 -0.05253555 -0.0525 -0.0525 -0.0525 -0.0525 0.074982563 0.15 0.15 0.15 0.15 0.14975552 -0.195 -0.195 -0.195 -0.195 -0.195 -0.19625 -0.19625 -0.19625 -0.19625 -0.19625 0.06125 0.06125 0.06125 0.06125 0.061250001 0.26850278 0.26874995 0.26875 0.26873284 0.26664509 -0.0075 -0.0075 -0.0075 0.09249944 0.0925
-0.3737498 -0.26466893 -0.073750026 -0.07375 -0.07375 -0.07375 -0.07375 -0.066253193 -0.06625 -0.06625 0.0525 0.0525 0.0525 0.0525 -0.15405785 -0.15875 -0.15875 -0.052502734 -0.0525 -0.0525 -0.0525 -0.0525 -0.052499992 0.15 0.15 0.15 0.15 -0.56499963 -0.56499983 -0.48625501 -0.195 -0.195 -0.195 -0.19625 -0.19625 -0.19625 -0.19625 -0.19627794 0.06125 0.06125 0.06125 0.06125 0.061238316 0.1675 0.1675 0.1675 0.1675 0.16748589 -0.0075 -0.0075 -0.0075 -0.007499854 0.22920657
-0.2625 -0.2625 -0.22428524 -0.07375 -0.07375 -0.07375 -0.07375 -0.07375 -0.066253216 -0.07375 -0.07375 -0.07375 -0.073450383 -0.1587497 -0.15875 -0.15875 -0.15875 -0.15875 -0.0525003 -0.055064312 -0.0775 -0.0775 -0.0775 -0.02077751 0.12859027 0.014030862 -0.082890457 -0.565 -0.565 -0.565 -0.565 -0.565 -0.54536044 -0.23511502 -0.2375 -0.2375 -0.2375 -0.2375 0.032602317 -0.091249726 -0.09125 -0.09125 -0.09125 0.07875026 0.16749998 0.1675 0.1675 0.095 -0.007498358 -0.0075 -0.0075 0.23125 0.23125
