interpolatedSpi/03-06|23_3.tif
NCOLS 53
NROWS 52
XLLCORNER -116.03883
YLLCORNER 28.596182
DX 0.49850594
DY 0.49788537
NODATA_VALUE -9999
-0.308 -0.308 -1.091906 -1.124 -0.616 -0.48 -0.72 -0.452 -1.1500811 -0.724 -0.644 -0.662 -0.89000165 -0.91 -0.822 -0.822 -0.822 -0.684 -1.126 -1.126 -1.126 -1.1259911 -0.20000001 -1.402 -1.402 -1.402 -0.6039958 -0.604 -0.604 -1.566 -1.566 -1.566 -1.566 -2.8379997 -2.838 -2.838 -2.838 -2.838 -2.838 -2.8379999 0.35955836 0.39347959 -1.648 -1.648 -1.648 -1.648 -1.6476505 -1.434 -1.434 -1.434 -0.39000217 -0.39 -0.39 
-0.30803732 -1.148 -1.0999995 -1.0371298 -1.0298931 -0.736 -0.98 -0.93967082 -0.98 -1.05 -0.736 -0.89 -0.89 -0.86016672 -0.90999862 -0.822 -0.684 -0.684 -1.1254237 -1.126 -1.126 -1.126 -1.3865247 -1.402 -1.402 -1.402 -1.506 -1.506 -1.566 -1.566 -1.566 -1.566 -1.566 -2.8379998 -2.838 -2.838 -2.838 -2.838 -2.8379999 -2.5560074 -1.1181039 -1.5836891 -1.648 -1.648 -1.648 -1.648 -1.648 -1.434 -1.434 -1.434 -1.3474305 -0.39 -0.39 
-0.008031904 -0.008 -0.702 -0.736 -1.016 -0.732 -1.254 -0.43 -1.414 -1.53 -1.286 -1.226 -1.55 -0.736 -0.86 -1.884 -0.684 -0.684 -0.684 -0.7061221 -0.706 -0.706 -1.108 -1.402 -1.402 -1.402 -1.506 -1.506 -1.506 -1.566 -1.566 -1.566 -1.594884 -2.8345162 -2.8266072 -1.6252161 -1.614 -1.614 -1.5516163 -1.118 -1.118 -1.1186777 -1.648 -1.648 -1.648 -1.648 -1.648 -1.434 -1.434 -1.434 -1.434 -0.39 -0.39 
0.414 -0.0080001251 -0.62817096 -0.464 -1.302 -1.072 -1.05 -1.336 -1.114 -1.1845623 -1.538 -1.27 -1.306 -0.736 -1.496 -1.884 -1.2032486 -1.1976399 -1.176 -0.706 -0.706 -1.47 -1.108 -1.108 -1.402 -1.4020005 -1.506 -1.506 -1.506 -1.12 -1.3976309 -1.626 -1.626 -1.626 -1.614 -1.614 -1.614 -1.614 -1.118 -1.118 -1.118 -1.118 -1.648 -1.648 -1.648 -1.648 -1.648 -1.4340027 -1.434 -1.434 -1.434 -0.39003012 -0.39 
0.414 0.061998735 -0.628 -1.411447 -1.302 -1.638 -1.5600653 -2.362 -2.308 -1.5800003 -1.5186039 -1.4859241 -0.956 -1.496 -1.496 -1.7448321 -1.198 -1.198 -1.176 -1.176 -0.70600151 -1.47 -1.156 -0.326 -1.012 -1.0119389 -1.506 -1.506 -1.12 -1.12 -1.626 -1.626 -1.626 -1.6154398 -1.614 -1.614 -1.614 -1.118 -1.118 -1.118 -1.118 -1.1179707 -1.648 -1.648 -1.648 -1.648 -1.648 -1.6460951 -1.434 -1.4339945 -1.312 -1.312 -1.312 
-1.364 -0.706 -0.68399996 -1.09 -1.166 -1.424 -1.994 -2.0411145 -1.652 -1.982 -1.992 -1.552 -1.5519996 -1.23 -1.23 -0.66002463 -0.66 -0.98 -0.98 -1.1759994 -1.366 -1.366 -0.326 -1.012 -1.012 -0.75 -1.504 -1.504 -0.77403289 -1.12 -1.626 -1.626 -1.57 -1.5699475 -1.0680361 -1.502 -1.502 -1.2367992 -1.118 -1.118 -0.81437915 -0.814 -0.81399897 -1.268814 -1.2620427 -1.2620001 -1.262 -1.2620001 -1.3038639 -1.312 -1.312 -1.312 -1.312 
-0.22801428 -0.15 -0.67403548 -0.802 -0.738 -1.342 -1.364 -1.864 -2.182 -2.182 -1.992 -1.64 -1.624 -1.23 -0.7620014 -0.762 -0.66 -0.6 -0.462 -0.462 -1.1897469 -0.992 -0.992 -0.84 -0.75 -0.75 -1.504 -1.504 -0.77406434 -0.7751845 -0.89105086 -1.57 -1.57 -1.068 -1.068 -1.3887149 -1.502 -1.502 -1.6139961 -0.81400111 -0.814 -0.814 -0.81399519 -1.262 -1.262 -1.262 -1.262 -1.262 -1.298 -1.3119972 -1.312 -1.312 -1.312 
-0.228 -1.108 -0.422 -1.566 -1.1780222 -1.27 -1.63 -2.134 -1.172 -1.646 -1.646 -1.43 -1.624 -1.624 -0.76791412 -0.94779442 -0.966 -0.464 -0.27600019 -0.462 -0.27584176 -0.176 -1.262 0.029999994 0.029986302 -1.032 -0.922 -0.92200021 -1.8741314 -1.878 -0.888 -1.0223253 -1.138 -1.068 -1.0689697 -1.294 -1.294 -1.614 -1.614 -0.814 -0.814 -0.81399999 -1.254326 -1.258 -1.262 -1.262 -1.262 -1.2979986 -1.298 -1.298 -1.312 -1.312 -1.312 
-1.154425 -1.108 -0.008 -1.35 -1.37 -2.132 -1.476 -0.982 -1.458 -0.79612678 -0.638 -1.502 -1.502 -0.762 -0.76199872 -1.5124727 -1.514 -1.514 -0.43530152 -1.258 -1.352 -1.352 -1.458 -1.3392404 -0.92497844 -1.032 -1.238 -0.922 -0.71123193 -0.71 -0.99 -1.05 -0.98251096 -1.268 -1.102 -1.244 -1.276 -1.74 -1.1482734 -0.81202701 -0.372 -0.73 -1.2578763 -1.258 -1.2580225 -1.262 -2.142 -1.298 -1.298 -1.298 -1.298 -1.0731947 0.2 
-1.414 -1.414 -0.35 -0.918 -1.814 -1.632 -1.018 -1.226 -0.786 -0.62799407 -0.928 -0.378 -0.762 -0.762 -0.626 -0.63817932 -1.514 -1.5137651 -0.464 -1.258 -1.258 -1.2701103 -1.458 -0.9880089 -0.988 -0.988 -1.238 -0.846 -0.846 -0.71 -0.71 -1.0497459 -0.916 -1.268 -0.894 -1.244 -1.276 -2.006 -1.148 -0.49672898 -0.72999998 -0.64477726 -0.498 -1.258 -1.258 -2.142 -2.142 -2.142 -1.298 -1.298 0.606 0.606 0.60599985 
-1.414 -1.414 -1.436 -1.7 -1.554 -0.934 -1.82 -0.84671251 -1.1 -1.424 -0.832 -0.276 -0.37786478 -0.626 -0.626 -0.62600231 -0.646 -0.63644779 -0.464 -0.304 -0.304 -0.372 -0.372 -0.988 -0.988 -0.988 -0.846 -0.846 -0.846 -0.986 -0.986 -0.98599988 -0.672 -0.672 -1.536 -1.428 -0.252 -1.154004 -0.74 -0.486 -0.486 -0.85799882 -0.498 -1.258 -0.25200067 -0.894 -0.23425177 -0.22600001 0.338 0.338 0.606 0.606 0.606 
-1.414 -1.4235815 -1.5486582 -2.0099793 -0.938 -1.498 -1.82 -0.846 -1.0999979 -1.4204105 -0.27600149 -0.276 0.152 -0.626 -0.626 -0.646 -0.646 -0.64598964 -0.464 -0.304 -0.31735382 -0.372 -0.372 -0.98797476 -0.988 -0.71976484 -0.172 -0.172 -0.17200008 -0.986 -0.986 -0.05 -0.05 -0.67200237 -1.536 -0.26800047 -0.47136409 -1.154 -1.154 -0.48600001 -0.858 -0.858 -0.85799556 -0.252 -0.252 -0.894 -0.226 -0.226 0.338 0.338 0.606 0.606 0.606 
-0.78 -0.98581137 -0.94402795 -0.95170832 -0.93800299 -1.4979868 -1.82 -0.85798938 -1.0824968 -1.1084605 0.152 0.152 0.152 0.152 -0.62588979 -0.646 -0.646 -0.64365009 -0.464 -0.30388645 0.092 0.092 0.092 0.092 -0.96904365 -0.172 -0.172 -0.172 -0.172 -0.17241176 -0.05 -0.05 -0.05 -0.05 -0.268 -0.268 -0.268 -1.1118236 -1.1463693 -0.138 -0.138 -0.85796127 -0.13200411 -0.25198844 -0.252 -0.894 -0.226 -0.226 0.338 0.338 0.60502772 0.606 -0.19746685 
-0.78 -0.944 -0.944 -0.944 -0.944 -0.94400023 -1.8191756 -1.3591724 -1.0358 0.15064363 0.152 0.152 0.152 0.152 0.15200018 -0.646 -0.64599997 -0.63351604 -0.46400073 0.092 0.092 0.092 0.092 0.092 0.092215152 -0.011987338 0.055999953 0.056 0.056 0.056 -0.049999992 -0.05 -0.049999257 0.568 0.568 -0.268 0.60502817 0.63 -0.13799956 -0.138 -0.138 -0.138 -0.132 -0.132 -0.132 -0.13730283 0.71171926 0.718 0.718 0.718 0.71799999 0.55200001 0.552 
-1.144 -0.944 -0.944 -0.944 -0.944 -0.944 -0.94400005 -1.0660595 0.40636368 0.414 0.414 0.414 0.414 0.414 0.414 0.31785776 -0.63071734 -0.62107787 0.091930032 0.092 0.092 0.092 0.092 0.092000088 0.102 0.102 0.10199994 0.056 0.056 0.056925128 0.518 0.518 0.568 0.568 0.568 0.62006837 0.63 0.63 0.63 -0.138 -0.138 -0.138 -0.132 -0.132 -0.132 -0.132 0.718 0.718 0.718 0.718 0.718 0.552 0.552 
-1.144 -1.0695423 -0.944 -0.944 -0.944 -0.944 0.24576644 0.246 0.246 0.414 0.414 0.414 0.414 0.414 0.39238051 0.316 0.316 0.316 0.16776882 0.16799992 0.168 0.168 0.168 0.168 0.102 0.102 0.102 0.102 0.056 0.518 0.518 0.518 0.568 0.568 0.568 0.84 0.63027805 0.63 0.63 -0.13800118 -0.14099171 -0.14797011 -0.132 -0.132 0.93469792 0.938 0.938 0.71840163 0.96114733 0.96199998 0.96199995 1.0519243 0.55200102 
-1.144 -0.27011769 -0.59077987 -0.944 -0.944 0.24529689 0.246 0.246 0.246 0.24721066 0.414 0.414 0.414 0.41399999 0.316 0.316 0.316 0.316 0.16813221 0.168 0.168 0.168 0.168 0.168 0.102 0.102 0.102 0.102 0.10351314 0.518 0.518 0.518 0.464 0.56802516 0.84 0.84 0.84 0.83655468 -0.098726638 -0.148 -0.148 -0.148 0.602 0.602 0.938 0.938 0.938 0.962 0.962 0.962 0.962 1.052 1.052 
-0.24646258 -0.246 -0.246 -0.24599999 0.548 0.24600779 0.246 0.246 0.246 0.246 0.37766001 0.41399375 0.41399999 0.316 0.316 0.316 0.316 0.316 0.32068473 0.168 0.168 0.168 0.168 0.168 0.22754364 0.37399853 0.374 0.374 0.374 0.518 0.464 0.464 0.464 0.464 0.84 0.83999178 0.528 0.528 -0.13955913 -0.148 -0.148 -0.148 0.602 0.602 0.88597563 0.938 0.938 0.962 0.962 0.962 0.96296503 1.052 1.052 
-0.246 -0.246 -0.246 0.12790644 0.548 0.548 0.246 0.246 0.246 0.246 -0.066 -0.066 -0.066 0.316 0.316 0.316 0.316 0.31600925 0.574 0.574 0.16800016 0.168 0.17773832 0.568 0.5662535 0.374 0.374 0.374 0.374 0.46399084 0.464 0.464 0.464 0.464 0.5280011 0.528 0.528 0.528 0.52558771 -0.148 -0.148 -0.148 0.602 0.602 0.602 0.938 0.938 0.962 0.962 0.962 1.052 1.052 1.052 
-0.246 -0.246 -0.246 0.548 0.548 0.548 0.54799954 0.246 0.246 -0.065677926 -0.066 -0.066 -0.066 -0.065761996 0.36132766 0.372 0.372 0.372 0.574 0.574 0.574 0.568 0.568 0.568 0.56803249 0.53660254 0.374 0.374 0.374 0.25378823 0.20802518 0.208 0.208 0.208 0.27678005 -0.075998628 -0.076 -0.076 -0.076 0.64389163 0.644 0.644 0.602 0.602 1.069998 1.07 0.962 0.962 0.998 0.998 0.998 1.052 0.70231294 
-0.24599881 -0.246 -0.24599997 0.548 0.548 0.548 0.548 0.35399997 0.24643183 -0.065842221 -0.066 -0.066 -0.066 -0.065140523 0.372 0.372 0.372 0.37200006 0.574 0.574 0.574 0.568 0.568 0.568 0.684 0.684 0.74 0.74 0.74 0.73709777 0.208 0.208 0.208 0.208 0.066077965 -0.076 -0.076 -0.076 -0.076 0.644 0.644 0.644 0.65740359 1.07 1.07 1.07 0.962 0.962 0.998 0.998 0.998 0.70200001 0.702 
0.138 -0.039311971 -0.122 -0.12180562 0.548 0.35512248 0.354 0.354 0.50631027 0.10800002 0.108 0.108 0.108 0.8359763 0.836 0.37200036 0.372 0.3773224 0.574 0.574 0.574 0.462 0.462 0.462 0.684 0.684 0.74 0.74 0.74 0.73999976 0.4119987 0.41199943 0.21312723 0.2082187 -0.13161102 -0.132 -0.132 -0.132 -0.132 0.644 0.644 0.644 1.046543 1.07 1.07 1.0699999 0.962 0.962 0.9620013 0.998 0.9979721 0.374 0.702 
0.20798671 0.20799994 -0.122 -0.122 -0.122 0.354 0.354 0.354 0.772 0.772 0.108 0.108 0.108 0.836 0.836 0.836 0.836 0.83596916 0.574 0.574 0.574 0.462 0.462 0.462 0.684 0.684 0.74 0.74 0.74 0.41569822 0.412 0.412 0.412 0.412 -0.13173157 -0.132 -0.132 -0.132 -0.132 0.41000006 0.41 0.41 0.41 1.0699945 0.35 0.35 0.35 -0.05 -0.05 -0.05 0.374 0.374 0.374 
0.208 0.208 -0.122 -0.122 -0.122 0.35149806 0.354 0.772 0.772 0.772 0.10808174 0.108 0.71920929 0.836 0.836 0.836 0.836 0.944 0.944 0.944 0.286 0.28600013 0.46199914 0.462 0.462156 0.62 0.62 0.62000029 0.73998061 0.18804464 0.18800119 0.18803911 0.41161716 0.41180669 -0.03525787 -0.13200013 -0.1331059 -0.462 -0.462 0.41 0.41 0.41 0.41 0.35 0.35 0.35 0.35 -0.05 -0.05 -0.05 0.374 0.374 0.374 
0.208 0.208 -0.122 -0.122 -0.122 -0.122 0.51044519 0.772 0.772 0.772 0.7720464 0.856 0.856 0.856 0.83611786 0.836 0.94328031 0.944 0.944 0.944 0.286 0.286 0.286 0.286 0.62 0.62 0.62 0.62 0.62 0.188 0.188 0.188 0.188 0.18799928 -0.152 -0.462 -0.462 -0.462 -0.462 -0.46199822 -0.038 -0.038 -0.038 0.0010513876 0.082 0.082 0.082 -0.049999996 -0.050000275 -0.334 -0.334 0.22203698 0.222 
0.208 0.208 -0.0028931725 -0.122 -0.122 -0.12199998 0.95567348 0.77257987 0.772 0.772 0.85600004 0.856 0.856 0.856 0.856 0.85437375 0.944 0.944 0.944 0.944 0.28600509 0.286 0.286 0.286 0.62 0.62 0.62 0.62 0.62 0.46141387 0.188 0.188 0.188 -0.152 -0.152 -0.15224072 -0.462 -0.462 -0.72312923 -0.92599996 -0.038 -0.038 -0.038 -0.00067843925 0.082 0.082 0.082 -0.164 -0.33188182 -0.334 -0.334 0.222 0.222 
0.822 0.822 0.822 0.11468675 -0.12055433 0.956 0.956 0.956 0.956 1.046 1.046 0.85600001 0.856 0.856 0.856 0.85600556 0.944 0.944 0.944 0.944 0.57312986 0.286 0.286 0.29939925 0.79007385 0.62 0.62 0.62 0.558 0.558 0.558 0.55799845 -0.152 -0.152 -0.152 -0.152 -0.926 -0.926 -0.926 -0.926 -0.084 -0.084 -0.084 -0.26599634 -0.266 -0.266 -0.26599989 -0.164 -0.164 -0.33379286 -0.334 0.22199774 0.222 
0.822 0.822 0.822 0.82200205 0.86 0.87395998 0.956 0.956 0.956 1.046 1.046 1.046 0.48200002 0.482 0.482 0.48200001 0.94377652 0.944 0.944 0.944 0.93405033 0.79799859 0.798 0.798 0.798 0.79799999 0.666 0.666 0.558 0.558 0.558 0.558 -0.15199999 -0.152 -0.152 -0.1519987 -0.926 -0.926 -0.926 -0.92546481 -0.084 -0.084 -0.084 -0.26599156 -0.266 -0.266 -0.266 -0.164 -0.164 -0.16400001 -0.226 -0.226 -0.282 
0.822 0.822 0.822 0.85999991 0.86 0.86 0.95599996 0.956 0.956 1.046 1.046 1.046 0.482 0.482 0.482 0.50789425 0.822 0.822 0.82200032 0.94331091 0.798 0.798 0.798 0.798 0.798 0.79790066 0.666 0.666 0.666 0.558 0.558 0.55772451 -0.136 -0.136 -0.136 -0.842 -0.842 -0.804 -0.804 -0.804 -0.15 -0.084020702 -0.084002343 -0.398 -0.398 -0.39299735 -0.26600018 -0.164 -0.164 -0.226 -0.226 -0.226 -0.282 
0.822 0.822 0.822 0.86 0.86 0.86 0.86 0.956 0.956 1.046 1.046 0.50455187 0.482 0.482 0.482 0.822 0.822 0.822 0.822 0.822 0.798 0.798 0.798 0.798 0.798 0.66600045 0.666 0.666 0.666 0.13 0.13 0.13 -0.136 -0.136 -0.136 -0.842 -0.842 -0.804 -0.804 -0.15 -0.15 -0.15 -0.398 -0.398 -0.398 -0.398 -0.41787965 -0.64 -0.64 -0.64 -0.226 -0.306 -0.306 
0.822 0.822 0.82205292 0.86 0.86 0.86 0.86 0.92092875 0.924 0.92420946 1.046 0.48202831 0.482 0.482 0.48200118 0.822 0.822 0.822 0.822 0.822 0.50071623 0.798 0.798 0.798 0.79791473 0.66598413 0.666 0.666 0.666 0.13 0.13 0.13 0.12995923 -0.136 -0.842 -0.842 -0.842 -0.84199844 -0.8039554 -0.15 -0.15 -0.15 -0.39798494 -0.398 -0.398 -0.398 -0.64000347 -0.64 -0.64 -0.64 -0.306 -0.306 -0.306 
0.808 0.80800002 0.85997818 0.86 0.86 0.86 0.92398638 0.924 0.924 0.924 0.82 0.82 0.82 0.82 0.82199072 0.822 0.822 0.822 0.822 0.4880002 0.488 0.488 0.38400007 0.384 0.384 0.384 0.40834023 0.666 -0.15996617 -0.16 -0.16 -0.16 -0.16 -0.842 -0.842 -0.842 -0.842 -0.842 -0.424 -0.424 -0.424 -0.424 -0.424 -0.98711062 -0.988 -0.988 -0.988 -0.64 -0.64 -0.64 -0.30605262 -0.306 -0.306 
0.808 0.808 0.8093731 0.97199977 0.97199998 0.97195313 0.924 0.924 0.924 0.924 0.82 0.82 0.82 0.82 0.82 0.822 0.822 0.822 0.48800008 0.488 0.488 0.488 0.384 0.384 0.384 0.384 0.384 0.38405912 -0.15997529 -0.16 -0.16 -0.16 -0.15999007 -0.77623941 -0.84193191 -0.842 -0.842 -0.842 -0.424 -0.424 -0.424 -0.424 -0.424 -0.988 -0.988 -0.988 -0.988 -0.8252684 -0.64 0.12931991 0.138 0.156 0.156 
0.808 0.808 0.97197923 0.972 0.972 0.972 0.9598082 0.924 0.924 0.924 0.82 0.82 0.82 0.82 0.82 0.82199612 0.822 0.48809793 0.488 0.488 0.488 0.488 0.42252747 0.384 0.384 0.384 0.384 0.38366002 -0.096 -0.096 -0.096 -0.096 -0.096 -0.726 -0.726 -0.726 -0.726 -0.726 -0.928 -0.928 -0.928 -0.928 -0.92799999 -0.98528975 -0.98799943 -0.988 -0.98781185 -0.96519797 0.138 0.138 0.138 0.1559999 0.156 
0.80799923 0.40011033 0.97199992 0.972 0.972 0.972 0.972 0.92402044 0.924 0.924 0.82 0.82 0.82 0.82 0.56773053 0.562 0.562 0.4880019 0.488 0.488 0.488 0.488 0.48799999 0.384 0.384 0.384 0.384 -0.1819999 -0.18199996 -0.16369711 -0.096 -0.096 -0.096 -0.726 -0.726 -0.726 -0.726 -0.72578191 -0.928 -0.928 -0.928 -0.928 -0.92794928 0.122 0.122 0.122 0.122 0.12200129 0.138 0.138 0.138 0.1380001 0.29590871 
0.392 0.392 0.51725965 0.972 0.972 0.972 0.972 0.972 0.92401992 0.7 0.7 0.7 0.70028478 0.56200037 0.562 0.562 0.562 0.562 0.48799978 0.4861537 0.47 0.47 0.47 0.4458468 0.34190087 0.11663639 -0.073465445 -0.182 -0.182 -0.182 -0.182 -0.182 -0.18088253 -0.40341641 -0.404 -0.404 -0.404 -0.404 -0.8036407 -0.26600119 -0.266 -0.266 -0.266 0.36599928 0.12200006 0.122 0.122 0.73 0.13800948 0.138 0.138 0.298 0.298 
0.392 0.392 0.514 0.514 0.514 0.97184744 0.972 0.972 0.7 0.7 0.7 0.7 0.7 0.56200001 0.562 0.562 0.562 0.562 0.47 0.47 0.47 0.47 0.47 -0.14199997 -0.142 -0.142 -0.142 -0.182 -0.182 -0.182 -0.182 -0.182 -0.352 -0.352 -0.404 -0.404 -0.404 0.30987841 0.31 -0.266 -0.266 -0.266 -0.2659999 0.366 0.366 0.366 0.73 0.73 0.73 0.666 0.666 0.298 0.298 
0.392 0.392 0.514 0.514 0.514 0.514 0.51400143 0.774 0.70006967 0.7 0.7 0.7 0.7 0.56372142 0.562 0.562 0.562 0.562 0.47 0.47 0.47 0.47 0.47 -0.142 -0.142 -0.142 -0.142 -0.14200017 -0.182 -0.182 -0.182 -0.35199109 -0.352 -0.352 -0.352 -0.404 0.30999999 0.31 0.31 0.29484436 0.28701356 0.39 0.39 0.366 0.366 0.366 0.73 0.73 0.73 0.666 0.666 0.666 0.27445137 
0.498 0.49799917 0.514 0.514 0.514 0.514 0.774 0.774 0.774 0.7 0.7 0.7 0.7 0.6999571 0.562 0.562 0.562 0.562 0.4700013 0.47 0.47 0.46999999 -0.034204394 -0.142 -0.142 -0.142 -0.142 -0.23399992 -0.234 -0.234 -0.18256445 -0.352 -0.352 -0.352 -0.35199994 -0.292 0.31 0.31 0.31 0.31 0.39 0.39 0.39 0.856 0.856 0.856 1.1279612 0.73 0.73 0.666 0.666 0.666 0.2720006 
0.498 0.498 0.514 0.514 0.514 0.774 0.774 0.774 0.774 0.70811295 0.7 0.7 0.7 0.69999826 0.22803844 0.228 0.228 0.228 -0.17467715 -0.372 -0.372 -0.372 -0.372 -0.142 -0.142 -0.142 -0.14200607 -0.234 -0.234 -0.234 -0.234 -0.35196471 -0.31825174 -0.292 -0.292 -0.292 0.30993825 0.29400033 0.294 0.294 0.39028825 0.75799999 0.758 0.856 0.856 0.85600115 1.128 1.128 0.754 0.754 0.754 0.552 0.488 
0.498 0.498 0.204 0.204 0.204 0.774 0.774 0.774 0.774 0.744 0.744 0.744 0.744 0.70763627 0.228 0.228 0.228 0.228 -0.168 -0.372 -0.372 -0.372 -0.372 -0.62 -0.61999981 -0.14200071 -0.234 -0.234 -0.234 -0.234 -0.15704616 -0.082 -0.26701288 -0.292 -0.292 -0.292 0.294 0.294 0.294 0.294 0.758 0.758 0.758 1.0139193 1.014 1.1274876 1.128 1.128 0.75399868 0.754 0.552 0.552 0.488 
0.498 0.204 0.204 0.204 0.204 0.204 0.77016513 0.28 0.28 0.744 0.744 0.744 0.744 0.7438778 0.228 0.228 0.228 0.21010746 -0.168 -0.168 -0.372 -0.372 -0.62 -0.62 -0.62 -0.62 -0.234 -0.234 -0.234 -0.234 -0.082 -0.082 -0.082 -0.2917875 -0.292 -0.292 0.294 0.294 0.294 0.294 0.758 0.758 0.758 1.014 1.014 1.0139941 0.91 0.91 0.434 0.434 0.552 0.552 0.488 
0.20676103 0.204 0.204 0.204 0.204 0.204 0.28 0.28 0.28 0.52835219 0.744 0.744 0.744 0.7439842 0.228 0.228 0.228 -0.168 -0.168 -0.168 -0.37198981 -0.37200151 -0.62 -0.62 -0.62 -0.62 -0.23402744 -0.234 -0.234 -0.082034956 -0.082 -0.082 -0.082 -0.082 -0.29118512 -0.078 -0.078 -0.071561893 0.294 0.294 0.75799959 0.758 1.0065567 1.014 1.014 0.91000004 0.91 0.91 0.434 0.434 -0.032 -0.032 0.136 
0.204 0.204 0.204 0.204 0.204 0.204 0.28 0.28 0.28 0.28 0.040020282 0.04 0.04 0.04 0.22799852 -0.065582533 -0.23 -0.23 -0.1681143 -0.168 -0.16800004 -0.61999964 -0.62 -0.62 -0.62 -0.62 -0.61971936 -0.234 -0.2339948 -0.082 -0.082 -0.082 -0.082 -0.082 -0.078 -0.078 -0.078 -0.078 -0.078 -0.077997494 0.424 0.424 0.42400013 0.816 0.816 0.816 0.246 0.246 -0.082 -0.082 -0.032 -0.031999634 0.136 
0.204 0.204 0.204 0.204 0.204 0.204 0.28 0.28 0.28 0.04 0.04 0.04 0.04 0.04 -0.031171351 -0.23 -0.23 -0.23 -0.23 -0.23 -0.2270397 -0.62 -0.62 -0.62 -0.62 -0.61642028 -0.50617864 -0.27103737 -0.082749585 -0.082 -0.082 -0.082 -0.082 -0.081999991 -0.078 -0.078 -0.078 -0.078 -0.078 0.15552923 0.424 0.424 0.424 0.816 0.816 0.816 0.246 0.246 -0.082 -0.082 0.0019999983 0.12860795 0.136 
0.204 0.204 0.204 0.204 0.204 0.20400002 0.27999998 0.28 0.27003866 0.04 0.04 0.04 0.04 0.04 0.027049137 -0.23 -0.23 -0.23 -0.23 -0.23 -0.23 -0.52256171 -0.50600016 -0.506 -0.506 -0.506 -0.506 -0.506 -0.56468151 -0.56599427 -0.56599999 -0.566 -0.566 -0.56599965 -0.078 -0.078 -0.078 -0.078 -0.078 0.42399994 0.424 0.424 0.424 0.42400017 0.81530741 0.384 0.24600001 -0.05863703 -0.081984228 0.002 0.002 0.0079865535 0.29 
0.204 0.204 0.204 0.204 0.204 0.20400486 0.2799959 0.27998548 0.040000302 0.04 0.04 0.04 0.04 0.04 0.034862474 -0.23 -0.23 -0.23 -0.23 -0.23 -0.23 -0.506 -0.506 -0.506 -0.506 -0.506 -0.506 -0.506 -0.56598344 -0.566 -0.566 -0.566 -0.566 -0.566 -0.43228805 -0.078 -0.078 -0.078 -0.078 0.424 0.424 0.424 0.424 0.42398975 0.384 0.384 0.38119215 -0.064 -0.064 0.002 0.002 0.29 0.29 
0.204 0.204 0.204 0.204 0.204 0.20410136 0.27990303 0.067082432 0.040000001 0.04 0.04 0.04 0.04 0.04 0.035273186 -0.23 -0.23 -0.23 -0.23 -0.23 -0.26929738 -0.506 -0.506 -0.506 -0.506 -0.506 -0.506 -0.506 -0.56599976 -0.566 -0.566 -0.566 -0.566 -0.566 -0.566 0.025267069 0.1858319 0.27361877 0.28697198 0.39841709 0.42399999 0.424 0.424 0.38400319 0.384 0.38271065 0.16799889 -0.064 -0.064 -0.21199477 -0.212 -0.212 0.28999978 
0.204 0.204 0.204 0.204 0.20400008 0.2046337 0.25871785 0.040065994 0.04 0.04 0.04 0.04 0.04 0.04 0.033695084 -0.23 -0.23 -0.23 -0.23 -0.23 -0.50599881 -0.506 -0.506 -0.506 -0.506 -0.506 -0.506 -0.506 -0.56599998 -0.566 -0.566 -0.566 -0.566 -0.566 -0.56599983 0.294 0.294 0.294 0.294 0.026 0.026 0.026 0.026 0.16800063 0.168 0.168 0.168 0.16799605 -0.188 -0.188 -0.212 -0.212 -0.7545088 
0.204 0.204 0.204 0.20400001 0.20400212 0.2059543 0.056334041 0.040003134 0.04 0.04 0.04 0.04 0.04 0.04 0.030834534 -0.22999989 -0.23 -0.23 -0.23 -0.23166112 -0.506 -0.506 -0.506 -0.506 -0.506 -0.506 -0.506 -0.506 -0.56599999 -0.566 -0.566 -0.566 -0.566 -0.566 0.29399921 0.294 0.294 0.294 0.294 0.026 0.026 0.026 0.026 0.064325189 0.168 0.168 0.168 -0.18799602 -0.188 -0.188 -1 -1 -1 
0.204 0.204 0.204 0.20400017 0.20402021 0.2004755 0.040877366 0.040000785 0.04 0.04 0.04 0.04 0.04 0.039999983 0.026959589 -0.22999365 -0.23 -0.23 -0.23000032 -0.5004078 -0.506 -0.506 -0.506 -0.506 -0.506 -0.506 -0.506 -0.506 -0.56599994 -0.566 -0.566 -0.566 -0.566 -0.19705066 0.29399989 0.294 0.294 0.294 0.294 0.026 0.026 0.026 0.026 0.026 0.168 0.168 0.168 -0.188 -0.188 -0.188 -1 -1 -1 
0.204 0.20400001 0.20400007 0.20400199 0.20405935 0.11932758 0.040151481 0.040000481 0.040000001 0.04 0.04 0.04 0.04 0.039999493 0.022352596 -0.22990139 -0.22999999 -0.23000001 -0.23142899 -0.50597653 -0.506 -0.506 -0.506 -0.506 -0.506 -0.506 -0.506 -0.50600003 -0.56599962 -0.566 -0.56599964 -0.10630774 -0.062 -0.062 -0.062 0.294 0.294 0.294 0.294 0.026 0.026 0.026 0.026 0.026 0.16799748 0.168 0.16799983 -0.18799997 -0.188 -0.18800044 -1 -1 -1 
