interpolatedSpi/03-06|20_3.tif
NCOLS 53
NROWS 52
XLLCORNER -116.03883
YLLCORNER 28.596182
DX 0.49850594
DY 0.49788537
NODATA_VALUE -9999
[rows 0 to 38 of 52, columns 0 to 52 of 53]
0.74 0.74 0.096055562 -0.175 0.215 0.1175 0.62 0.2175 -0.16425296 -0.31 -0.16 0.0225 -0.25743721 0.505 -0.42 -0.42 -0.42 0.4925 0.505 0.505 0.505 0.50499473 -0.042500001 -0.135 -0.135 -0.135 0.36000384 0.36 0.36 0.42 0.42 0.42 0.42 0.64249996 0.6425 0.6425 0.6425 0.6425 0.6425 0.64250001 0.94424908 0.94711815 -0.5525 -0.5525 -0.5525 -0.5525 -0.5518875 -0.1775 -0.1775 -0.1775 0.88749779 0.8875 0.8875
0.73996568 -0.0325 0.2575007 0.34330501 0.65714598 0.7575 0.64 0.2704641 -0.05 0.01 -0.1025 -0.2575 -0.2575 0.30068357 0.50498935 -0.42 0.4925 0.4925 0.5049837 0.505 0.505 0.505 -0.15276502 -0.135 -0.135 -0.135 -0.012500008 -0.0125 0.42 0.42 0.42 0.42 0.42 0.64249997 0.6425 0.6425 0.6425 0.6425 0.64249996 0.53206999 -0.022465246 -0.48818855 -0.5525 -0.5525 -0.5525 -0.5525 -0.5525 -0.1775 -0.1775 -0.1775 -0.089189181 0.8875 0.8875
1.5624462 1.5625 0.865 1.4175 0.43 0.405 0.445 -0.155 -0.2625 -0.2575 0.37 -0.9625 -0.445 -0.315 0.3 -0.1 0.4925 0.4925 0.4925 0.48250654 0.4825 0.4825 -0.4725 -0.135 -0.135 -0.135 -0.0125 -0.0125 -0.0125 0.42 0.42 0.41999994 -0.17452908 0.64013787 0.6372876 0.087631544 0.0825 0.0825 0.069293767 -0.022499999 -0.0225 -0.023177736 -0.5525 -0.5525 -0.5525 -0.5525 -0.5525 -0.1775 -0.1775 -0.1775 -0.1775 0.8875 0.8875
0.945 1.5624998 0.54996209 0.6925 0.0225 0.3325 0.66 -0.6475 -0.015 -0.118114 -0.455 -0.5825 -0.47 -0.315 -0.0125 -0.1 -0.21660101 -0.21700253 -0.485 0.4825 0.4825 -1.315 -0.4725 -0.4725 -0.135 -0.13499939 -0.0125 -0.0125 -0.0125 -1.09 -0.93911362 -0.815 -0.815 -0.8149993 0.0825 0.0825 0.0825 0.0825 -0.0225 -0.0225 -0.0225 -0.02250002 -0.5525 -0.5525 -0.5525 -0.5525 -0.5525 -0.17750473 -0.1775 -0.1775 -0.1775 0.88741622 0.8875
0.945 0.27000051 0.55 0.40249368 0.0225 0.075 -0.27245672 -0.2475 -0.1425 -0.21749991 -0.338734 -0.394947 -0.025 -0.0125 -0.0125 -0.072892174 -0.2175 -0.2175 -0.485 -0.485 0.48249638 -1.315 -1.5775 -0.4525 -0.215 -0.21519172 -0.0125 -0.0125 -1.09 -1.09 -0.815 -0.815 -0.815 -0.83715721 0.082499999 0.0825 0.0825 -0.0225 -0.0225 -0.0225 -0.0225 -0.022522443 -0.5525 -0.5525 -0.5525 -0.5525 -0.5525 -0.54916204 -0.1775 -0.17756726 -1.6775 -1.6775 -1.6775
-0.975 0.4325 0.8675 0.23 0.2075 0.4825 0.1625 0.11000826 0.3575 -0.3375 0.0625 -0.08 -0.079999964 -0.365 -0.365 -0.36501086 -0.365 -0.6275 -0.6275 -0.48500068 -1.6325 -1.6325 -0.4525 -0.215 -0.215 -1.035 -1.6325 -1.6325 -0.41256213 -1.09 -0.815 -0.815 -0.9325 -0.93243522 -0.31254468 -1.2825 -1.2825 -0.41230976 -0.0225 -0.0225 -0.25471002 -0.255 -0.25499939 -1.576597 -1.5948848 -1.5949997 -1.595 -1.5949996 -2.9172245 -1.6775 -1.6775 -1.6775 -1.6775
-0.44250619 0.3825 -0.33356471 0.5075 1.075 0.075 0.0525 0.055 -0.15 -0.15 0.0625 0.1225 -1.0924999 -0.365 -0.40999987 -0.41 -0.365 -0.9275 -1.2525 -1.2525 -1.5040803 -1.36 -1.36 -1.34 -1.035 -1.035 -1.6325 -1.6325 -0.41252666 -0.41299086 0.4409427 -0.9325 -0.9325 -0.3125 -0.3125 -1.2457368 -1.2825 -1.2825 -1.5449909 -0.2550018 -0.255 -0.255 -0.25499767 -1.5949959 -1.595 -1.595 -1.595 -1.595001 -3.225 -1.6778067 -1.6775 -1.6775 -1.6775
-0.4425 -0.7425 0.035 -0.5275 -0.8274828 -0.305 -0.27 -0.50499998 -0.235 -0.32 -0.32 -0.7925 -1.0925 -1.0925 -0.41468258 -0.87220916 -0.9175 -0.5625 -0.99500026 -1.2525 -1.8558473 -1.8325 -2.0875 -0.76500001 -0.76500329 -1.02 -1.655 -1.655 -0.86839686 -0.86999997 0.445 -0.061329168 -0.075 -0.3125 -0.3266893 -1.215 -1.215 -1.545 -1.545 -0.255 -0.255 -0.25499999 -0.85945524 -0.86250004 -1.595 -1.595 -1.595 -3.224938 -3.225 -3.225 -1.6775 -1.6775 -1.6775
-0.74060356 -0.74249999 -0.465 0.015 -0.2375 -0.62 -0.18 0.7375 0.205 0.38043627 -0.275 -0.5475 -0.5475 -0.7075 -0.70749882 -1.2017057 -1.2025 -1.2025 -0.6285218 -2.0425 -2.1075 -2.1075 -1.99 -2.0490768 -0.99430273 -1.02 -1.445 -1.655 -0.82982313 -0.825 -0.0575 0.4 0.0046312535 -1.1325 -0.81 -0.8775 -0.9575 -0.61 -0.59750577 -0.25373898 0.0275 -0.455 -0.86245726 -0.8625 -0.86662291 -1.595 -2.0675 -3.225 -3.225 -3.225 -3.225 -1.6622478 -1.76
-0.73 -0.73 -0.3 -0.2125 -0.12 -0.215 -0.1475 0.0475 0.6025 0.42498642 -0.035 -0.17 -0.7075 -0.7075 -0.5825 -0.59100358 -1.2025 -1.2024556 -1.0225 -2.0425 -2.0425 -2.0508742 -1.99 -2.0299992 -2.03 -2.03 -1.445 -0.7675 -0.7675 -0.825 -0.825 0.39851116 -0.385 -1.1325 -0.7075 -0.8775 -0.9575 -1.6075 -0.5975 0.43302311 -0.45499998 -0.50826421 -0.6 -0.8625 -0.8625 -2.0675 -2.0675 -2.0675 -3.225 -3.225 -1.555 -1.555 -1.5550001
-0.73 -0.73 -1.26 -1.145 -0.6675 -0.2 -0.55749999 0.11740652 -0.33 -0.2275 -0.3975 -0.6475 -0.17063649 -0.5825 -0.5825 -0.58253345 -0.8725 -0.8803727 -1.0225 -0.56 -0.56 -1.16 -1.16 -2.03 -2.03 -2.03 -0.7675 -0.7675 -0.7675 -1.1675 -1.1675 -1.1674987 -0.545 -0.545 -0.9275 -1.185 -0.57 -1.4725002 -1.49 0.45 0.45 -0.59250002 -0.6 -0.8625 -1.2574999 -1.2775 -0.7656311 -0.76 -1.255 -1.255 -1.555 -1.555 -1.555
-0.73 -0.95884517 -1.2109254 -1.3349829 -0.96 -1.06 -0.5575 0.1175 -0.32999626 -0.22863558 -0.64749945 -0.6475 -0.2275 -0.5825 -0.5825 -0.87249999 -0.8725 -0.87250854 -1.0225 -0.56 -0.67782779 -1.16 -1.16 -2.0299644 -2.03 -1.8081143 -1.355 -1.355 -1.3549999 -1.1675 -1.1675 -1.4325 -1.4325 -0.54500105 -0.9275 -1.0624999 -0.71872858 -1.4725 -1.4725 0.44999997 -0.5925 -0.5925 -0.59250481 -1.2575 -1.2575 -1.2775 -0.76 -0.76 -1.255 -1.255 -1.555 -1.555 -1.555
-0.3625 0.0080194171 0.11495287 0.10449851 -0.96000037 -1.0599976 -0.55750001 0.10919113 -0.29916267 -0.32732345 -0.2275 -0.2275 -0.2275 -0.2275 -0.58244971 -0.8725 -0.8725 -0.87443674 -1.0225 -0.55999427 -0.53 -0.53 -0.53 -0.53 -2.0040595 -1.355 -1.355 -1.355 -1.355 -1.3548886 -1.4325 -1.4325 -1.4325 -1.4325 -1.0625 -1.0625 -1.0625 -1.4527603 -1.4697962 -1.1125 -1.1125 -0.59252797 -1.4124947 -1.2575149 -1.2575 -1.2775 -0.76 -0.76 -1.255 -1.255 -1.5539116 -1.555 -1.5910408
-0.3625 0.115 0.115 0.115 0.115 0.11499951 -0.55878624 -0.23817319 -0.21689155 -0.22760779 -0.2275 -0.2275 -0.2275 -0.2275 -0.22749995 -0.8725 -0.87250002 -0.88278898 -1.0224963 -0.53 -0.53 -0.53 -0.53 -0.53 -0.54654008 -1.3448693 -1.3475 -1.3475 -1.3475 -1.3475 -1.4325 -1.4325 -1.4325002 -1.6225 -1.6225 -1.0625 -1.0940962 -1.095 -1.1125 -1.1125 -1.1125 -1.1125 -1.4125 -1.4125 -1.4125 -1.4115605 -1.3785573 -1.3825 -1.3825 -1.3825 -1.3825 0.31999961 0.32
0.255 0.115 0.115 0.115 0.115 0.115 0.11499995 -0.38039951 -0.15515408 -0.155 -0.155 -0.155 -0.155 -0.155 -0.155 -0.4024706 -0.86513402 -0.89303989 -0.53006187 -0.53 -0.53 -0.53 -0.53 -0.53000019 -1.295 -1.295 -1.2950001 -1.3475 -1.3475 -1.3481208 -1.6575 -1.6575 -1.6225 -1.6225 -1.6225 -1.1794997 -1.095 -1.095 -1.095 -1.1125 -1.1125 -1.1125 -1.4125 -1.4125 -1.4125 -1.4125 -1.3825 -1.3825 -1.3825 -1.3825 -1.3825 0.32 0.32
0.255 0.20287959 0.115 0.115 0.115 0.115 -0.33241217 -0.3325 -0.3325 -0.155 -0.155 -0.155 -0.155 -0.155 -0.21070327 -0.4075 -0.4075 -0.4075 -0.69698952 -0.69749983 -0.6975 -0.6975 -0.6975 -0.6975 -1.295 -1.295 -1.295 -1.295 -1.3475 -1.6575 -1.6575 -1.6575 -1.6225 -1.6225 -1.6225 -0.945 -1.0948014 -1.095 -1.095 -1.1125535 -1.2194535 -1.4689315 -1.4125 -1.4125 -0.91404303 -0.9125 -0.9125 -1.3806551 -0.26392263 -0.2600001 -0.26000021 0.14502639 0.31999964
0.255 -0.056405344 0.023911713 0.115 0.115 -0.3322356 -0.3325 -0.3325 -0.3325 -0.33122088 -0.155 -0.155 -0.155 -0.15500003 -0.4075 -0.4075 -0.4075 -0.4075 -0.69724095 -0.6975 -0.6975 -0.6975 -0.6975 -0.6975 -1.295 -1.295 -1.295 -1.295 -1.2963185 -1.6575 -1.6575 -1.6575 -1.0775 -1.6224179 -0.945 -0.945 -0.945 -0.94704479 -1.4462495 -1.47 -1.47 -1.47 -1.0475 -1.0475 -0.9125 -0.9125 -0.9125 -0.26000001 -0.26 -0.26 -0.26 0.145 0.145
-0.064533519 -0.065 -0.065 -0.065 -0.1075 -0.3324942 -0.3325 -0.3325 -0.3325 -0.3325 -0.10370777 -0.15499117 -0.15499998 -0.4075 -0.4075 -0.4075 -0.4075 -0.4075 -0.47663386 -0.6975 -0.6975 -0.6975 -0.6975 -0.6975 -0.89308783 -0.75250294 -0.7525 -0.7525 -0.7525 -1.6575 -1.0775 -1.0775 -1.0775 -1.0775 -0.945 -0.94500487 -1.13 -1.13 -1.4657546 -1.47 -1.47 -1.47 -1.0475 -1.0475 -0.93340265 -0.9125 -0.9125 -0.26 -0.26 -0.26 -0.25565735 0.145 0.145
-0.065 -0.065 -0.065 -0.085013884 -0.1075 -0.1075 -0.3325 -0.3325 -0.3325 -0.3325 0.5225 0.5225 0.5225 -0.4075 -0.4075 -0.4075 -0.4075 -0.40751529 -1.1425 -1.1425 -0.69750018 -0.6975 -0.69999544 -0.8 -0.79957238 -0.7525 -0.7525 -0.7525 -0.7525 -1.0774669 -1.0775 -1.0775 -1.0775 -1.0775 -1.1299993 -1.13 -1.13 -1.13 -1.1311773 -1.47 -1.47 -1.47 -1.0475 -1.0475 -1.0475 -0.9125 -0.9125 -0.26 -0.26 -0.26 0.145 0.145 0.145
-0.065 -0.065 -0.065 -0.1075 -0.1075 -0.1075 -0.10750034 -0.3325 -0.3325 0.52161739 0.5225 0.5225 0.5225 0.52192057 -0.48237157 -0.5 -0.5 -0.5 -1.1425 -1.1425 -1.1425 -0.8 -0.8 -0.8 -0.79989705 -0.58465222 -0.7525 -0.7525 -0.7525 -0.81586366 -0.76503074 -0.765 -0.765 -0.765 -0.99560782 -0.80750073 -0.8075 -0.8075 -0.8075 -0.31765769 -0.3175 -0.3175 -1.0475 -1.0475 0.22999467 0.22999999 0.19 0.19 0.2825 0.2825 0.2825 0.145 0.67952165
-0.064999527 -0.065 -0.065000002 -0.1075 -0.1075 -0.1075 -0.1075 -0.090000071 -0.33153039 0.5224864 0.5225 0.5225 0.5225 0.52049357 -0.5 -0.5 -0.5 -0.50000018 -1.1425 -1.1425 -1.1425 -0.8 -0.8 -0.8 -0.4325 -0.4325 -0.6175 -0.6175 -0.6175 -0.61830466 -0.765 -0.765 -0.765 -0.765 -0.78623831 -0.8075 -0.8075 -0.8075 -0.8075 -0.3175 -0.3175 -0.3175 -0.30027356 0.23 0.23 0.23 0.19 0.19 0.2825 0.2825 0.2825 0.67999999 0.68
0.0875 -0.0020735315 -0.555 -0.55487017 -0.1075 -0.090101254 -0.09 -0.09 -0.028055633 0.50749999 0.5075 0.5075 0.5075 -0.45746859 -0.4575 -0.49999997 -0.5 -0.51692893 -1.1425 -1.1425 -1.1425 -1.045 -1.045 -1.045 -0.4325 -0.4325 -0.6175 -0.6175 -0.6175 -0.61750002 -0.64500076 -0.64500034 -0.76198398 -0.76487135 -0.66511462 -0.665 -0.665 -0.665 -0.665 -0.3175 -0.3175 -0.3175 0.19985298 0.23 0.23 0.22999997 0.19 0.19 0.19000333 0.2825 0.28249743 0.225 0.68
-0.4374003 -0.43750002 -0.555 -0.555 -0.555 -0.09 -0.09 -0.09 0.08 0.08 0.5075 0.5075 0.5075 -0.4575 -0.4575 -0.4575 -0.4575 -0.45757618 -1.1425 -1.1425 -1.1425 -1.045 -1.045 -1.045 -0.4325 -0.4325 -0.6175 -0.6175 -0.6175 -0.64468994 -0.645 -0.645 -0.645 -0.645 -0.66499013 -0.665 -0.665 -0.665 -0.665 -0.26000001 -0.26 -0.26 -0.26 0.22999866 0.055 0.055 0.055 0.275 0.275 0.275 0.225 0.225 0.225
-0.4375 -0.4375 -0.555 -0.555 -0.555 -0.092444123 -0.09 0.08 0.08 0.08 0.50744737 0.5075 -0.17275633 -0.45749997 -0.4575 -0.4575 -0.4575 -0.56 -0.56 -0.56 -0.96 -0.96000006 -1.0449996 -1.045 -1.0445642 -0.6 -0.6 -0.60000004 -0.61749717 -0.065115586 -0.065003087 -0.06510126 -0.64400872 -0.64449947 -0.66106101 -0.66499994 -0.66448056 -0.51 -0.51 -0.26 -0.26 -0.26 -0.26 0.055 0.055 0.055 0.055 0.275 0.275 0.275 0.225 0.225 0.225
-0.4375 -0.4375 -0.555 -0.555 -0.555 -0.555 -0.026373966 0.08 0.08 0.08 0.079776286 -0.325 -0.325 -0.325 -0.45671915 -0.4575 -0.55931697 -0.56 -0.56 -0.56 -0.96 -0.96 -0.96 -0.96 -0.6 -0.6 -0.6 -0.6 -0.6 -0.065 -0.065 -0.065 -0.065 -0.064999984 -0.0575 -0.51 -0.51 -0.51 -0.51 -0.51000035 -0.66 -0.66 -0.66 -0.47695362 -0.0975 -0.0975 -0.0975 0.27499999 0.2749997 -0.03 -0.03 0.46744101 0.4675
-0.4375 -0.4375 -0.51259075 -0.555 -0.555 -0.55500001 -1.1902419 0.075989783 0.079999999 0.079999999 -0.3250001 -0.325 -0.325 -0.325 -0.325 -0.33589556 -0.56 -0.56 -0.56 -0.56 -0.95999691 -0.96 -0.96 -0.96 -0.6 -0.6 -0.6 -0.6 -0.6 -0.40676734 -0.065 -0.065 -0.065 -0.0575 -0.0575 -0.057851378 -0.51 -0.51 -0.54095282 -0.565 -0.66 -0.66 -0.66 -0.47929374 -0.0975 -0.0975 -0.0975 -0.075 -0.030560696 -0.03 -0.03 0.4675 0.4675
-0.905 -0.905 -0.905 -0.64275462 -0.55536172 -1.1925 -1.1925 -1.1925 -1.1925 -0.815 -0.815 -0.32500003 -0.325 -0.325 -0.325 -0.3250149 -0.56 -0.56 -0.56 -0.56 -0.78545298 -0.96 -0.96 -0.94154986 -0.27036247 -0.6 -0.6 -0.6 -0.5275 -0.5275 -0.5275 -0.52749806 -0.0575 -0.0575 -0.0575 -0.0575 -0.565 -0.565 -0.565 -0.565 -0.635 -0.635 -0.635 -0.10001076 -0.1 -0.1 -0.099999999 -0.075 -0.075 -0.03005483 -0.03 0.46749816 0.4675
-0.905 -0.905 -0.905 -0.90499408 -0.795 -0.85280303 -1.1925 -1.1925 -1.1925 -0.815 -0.815 -0.815 -0.37 -0.37 -0.37 -0.37000001 -0.56056329 -0.56 -0.56 -0.56 -0.56602693 -0.25500194 -0.255 -0.255 -0.255 -0.25500002 -1.005 -1.005 -0.5275 -0.5275 -0.5275 -0.5275 -0.057500287 -0.0575 -0.0575 -0.057532377 -0.56500001 -0.565 -0.565 -0.56594317 -0.635 -0.635 -0.635 -0.10002481 -0.1 -0.1 -0.1 -0.075 -0.075 -0.074999976 0.1025 0.1025 0.795
-0.905 -0.905 -0.905 -0.79500025 -0.795 -0.795 -1.1924999 -1.1925 -1.1925 -0.815 -0.815 -0.815 -0.37 -0.37 -0.37 -0.40788938 -0.8675 -0.8675 -0.86749921 -0.56173684 -0.255 -0.255 -0.255 -0.255 -0.255 -0.25556441 -1.005 -1.005 -1.005 -0.5275 -0.5275 -0.52756598 -0.455 -0.455 -0.455 -0.87 -0.87 -0.78 -0.78 -0.78 0.05 -0.63478514 -0.63499364 0.2175 0.2175 0.20546711 -0.099999119 -0.074999999 -0.075 0.1025 0.1025 0.1025 0.795
-0.905 -0.905 -0.905 -0.795 -0.795 -0.795 -0.795 -1.1925 -1.1925 -0.815 -0.815 -0.38779358 -0.37 -0.37 -0.37 -0.8675 -0.8675 -0.8675 -0.8675 -0.8675 -0.255 -0.255 -0.255 -0.255 -0.255 -1.0049974 -1.005 -1.005 -1.005 -0.63 -0.63 -0.63 -0.455 -0.455 -0.455 -0.87 -0.87 -0.78 -0.78 0.05 0.05 0.05 0.2175 0.2175 0.2175 0.2175 0.25076967 0.6225 0.6225 0.6225 0.10250002 0.925 0.925
-0.905 -0.905 -0.90484682 -0.795 -0.795 -0.795 -0.795 -0.633158 -0.625 -0.6253262 -0.81499999 -0.37001947 -0.37 -0.37 -0.37000172 -0.8675 -0.8675 -0.8675 -0.8675 -0.8675 -1.4441841 -0.255 -0.255 -0.255 -0.25520185 -1.0050129 -1.005 -1.005 -1.005 -0.63 -0.63 -0.63 -0.62997552 -0.455 -0.87 -0.87 -0.87 -0.8699959 -0.7799434 0.05 0.05 0.05 0.21748983 0.2175 0.2175 0.2175 0.62250254 0.6225 0.6225 0.6225 0.925 0.925 0.925
0.0325 0.032498362 -0.79502864 -0.795 -0.795 -0.795 -0.62503617 -0.625 -0.625 -0.625 -0.6025 -0.6025 -0.6025 -0.6025 -0.86627689 -0.8675 -0.8675 -0.8675 -0.8675 -1.4949996 -1.495 -1.495 -1.2349998 -1.235 -1.235 -1.235 -1.215148 -1.005 -0.72501147 -0.725 -0.725 -0.725 -0.725 -0.32 -0.32 -0.32 -0.32 -0.32 0.2825 0.2825 0.2825 0.2825 0.2825 0.87900133 0.88 0.88 0.88 0.6225 0.6225 0.6225 0.92495234 0.925 0.925
0.0325 0.0325 0.035681306 0.41249757 0.41249973 0.41148776 -0.625 -0.625 -0.625 -0.625 -0.6025 -0.6025 -0.6025 -0.6025 -0.6025 -0.8675 -0.8675 -0.8675 -1.4949998 -1.495 -1.495 -1.495 -1.235 -1.235 -1.235 -1.235 -1.235 -1.2349508 -0.72494883 -0.725 -0.725 -0.725 -0.72497945 -0.15559853 -0.31982977 -0.32 -0.32 -0.32 0.2825 0.2825 0.2825 0.2825 0.2825 0.88 0.88 0.88 0.88 0.75958797 0.6225 1.082312 1.0875 0.5325 0.5325
0.0325 0.0325 0.41245187 0.4125 0.4125 0.4125 0.14897938 -0.625 -0.625 -0.625 -0.6025 -0.6025 -0.6025 -0.6025 -0.6025 -0.86729766 -0.8675 -1.494816 -1.495 -1.495 -1.495 -1.495 -1.3313187 -1.235 -1.235 -1.235 -1.235 -1.234545 -0.5925 -0.5925 -0.5925 -0.5925 -0.5925 -0.03 -0.03 -0.03 -0.03 -0.03 0.915 0.915 0.915 0.915 0.91499999 0.88139785 0.88000029 0.88 0.88009704 0.89170675 1.0875 1.0875 1.0875 0.53250311 0.5325
0.032501626 0.8977948 0.41250007 0.4125 0.4125 0.4125 0.4125 -0.62455824 -0.625 -0.625 -0.6025 -0.6025 -0.6025 -0.6025 -0.77116854 -0.775 -0.775 -1.4949815 -1.495 -1.495 -1.495 -1.495 -1.4949999 -1.235 -1.235 -1.235 -1.235 -0.59750002 -0.5975 -0.59643588 -0.5925 -0.5925 -0.5925 -0.030000001 -0.03 -0.03 -0.03 -0.030133763 0.915 0.915 0.915 0.915 0.91501149 1.4525 1.4525 1.4525 1.4525 1.4524706 1.0875 1.0875 1.0875 1.0874998 0.78374451
0.915 0.915 0.82287793 0.4125 0.4125 0.4125 0.4125 0.4125 -0.62455599 0.047499989 0.0475 0.0475 0.045957417 -0.77499975 -0.775 -0.775 -0.775 -0.775 -1.494995 -1.452176 -1.0775 -1.0775 -1.0775 -1.1151492 -1.1901796 -0.95035433 -0.7479446 -0.5975 -0.5975 -0.5975 -0.5975 -0.5975 -0.59422829 -0.22867844 -0.2275 -0.2275 -0.2275 -0.2275 0.94317767 1.0649997 1.065 1.065 1.065 1.1375009 1.4524999 1.4525 1.4525 1.075 1.0874998 1.0875 1.0875 0.7875 0.7875
0.915 0.915 0.92 0.92 0.92 0.41266905 0.4125 0.4125 0.0475 0.0475 0.0475 0.0475 0.0475 -0.77499996 -0.775 -0.775 -0.775 -0.775 -1.0775 -1.0775 -1.0775 -1.0775 -1.0775 -0.67500002 -0.675 -0.675 -0.675 -0.5975 -0.5975 -0.5975 -0.5975 -0.5975 -0.3325 -0.3325 -0.2275 -0.2275 -0.2275 0.4323876 0.4325 1.065 1.065 1.065 1.065 1.1375 1.1375 1.1375 1.075 1.075 1.075 0.845 0.845 0.7875 0.7875
0.915 0.915 0.92 0.92 0.92 0.92 0.91999774 0.5075 0.047933104 0.0475 0.0475 0.0475 0.0475 -0.76474006 -0.775 -0.775 -0.775 -0.775 -1.0775 -1.0775 -1.0775 -1.0775 -1.0775 -0.675 -0.675 -0.675 -0.675 -0.67499965 -0.5975 -0.5975 -0.5975 -0.33251389 -0.3325 -0.3325 -0.3325 -0.2275 0.43249999 0.4325 0.4325 0.44914226 1.1851287 1.2075 1.2075 1.1375 1.1375 1.1375 1.075 1.075 1.075 0.845 0.845 0.845 0.82372865
1.05 1.0499989 0.92 0.92 0.92 0.92 0.5075 0.5075 0.5075 0.0475 0.0475 0.0475 0.0475 0.04724431 -0.775 -0.775 -0.775 -0.775 -1.0774942 -1.0775 -1.0775 -1.0775 -0.74587717 -0.675 -0.675 -0.675 -0.675 -0.29000031 -0.29 -0.29 -0.5941898 -0.3325 -0.3325 -0.3325 -0.33249909 0.62249999 0.4325 0.4325 0.4325 0.43250001 1.2075 1.2075 1.2075 1.265 1.265 1.265 1.187489 1.075 1.075 0.845 0.845 0.845 0.82750083
