interpolatedSpi/03-05|19_3.tif
NCOLS 53
NROWS 52
XLLCORNER -116.03883
YLLCORNER 28.596182
DX 0.49850594
DY 0.49788537
NODATA_VALUE -9999
[rows 0 to 31 of 52, columns 0 to 52 of 53]
-0.59 -0.59 -0.80020513 -0.85333333 -0.92333333 -1.0766667 -1.5133333 -1.7533333 -2.0020524 -1.6933333 -1.27 -1.3533333 -1.4466164 -0.83666667 -1.2366667 -1.2366667 -1.2366667 -0.24333333 -0.79 -0.79 -0.79 -0.79001191 -2.0266667 -1.1033333 -1.1033333 -1.1033333 -1.4166606 -1.4166667 -1.4166667 -1.98 -1.98 -1.98 -1.98 -2.12 -2.12 -2.12 -2.12 -2.12 -2.12 -2.1199999 0.023578558 0.046378719 -1.0833333 -1.0833333 -1.0833333 -1.0833333 -1.0844767 -1.7833333 -1.7833333 -1.7833333 -1.6333336 -1.6333333 -1.6333333
-0.59002118 -1.0666667 -0.91666594 -0.87282859 -1.0936952 -0.59666667 -0.05 -1.1071005 -2.2666667 -1.96 -1.29 -1.4466667 -1.4466667 -0.7170668 -0.83666875 -1.2366667 -0.24333333 -0.24333333 -0.78928722 -0.79 -0.79 -0.79 -1.1259673 -1.1033333 -1.1033333 -1.1033333 -0.89333335 -0.89333333 -1.98 -1.98 -1.98 -1.98 -1.98 -2.12 -2.12 -2.12 -2.12 -2.12 -2.1199998 -1.7595369 -0.026726682 -0.95511504 -1.0833333 -1.0833333 -1.0833333 -1.0833333 -1.0833333 -1.7833333 -1.7833333 -1.7833333 -1.7708952 -1.6333333 -1.6333333
-0.57000371 -0.57 -0.28333333 0.0033333333 -1.1733333 -1.7166667 -1.1966667 -1.3166667 -1.7466667 -1.5766667 -1.0466667 -1.7933333 -1.16 -0.65 -0.71666667 -1.3866667 -0.24333333 -0.24333333 -0.24333333 -0.91662984 -0.91666667 -0.91666667 -1.5333333 -1.1033333 -1.1033333 -1.1033333 -0.89333333 -0.89333333 -0.89333333 -1.98 -1.98 -1.98 -2.0538147 -2.1148929 -2.0962029 0.41323873 0.43666667 0.43666667 0.37839154 -0.026666663 -0.026666666 -0.028017876 -1.0833333 -1.0833333 -1.0833333 -1.0833333 -1.0833333 -1.7833333 -1.7833333 -1.7833333 -1.7833333 -1.6333333 -1.6333333
-0.11 -0.57000006 -0.85676624 -0.26333333 -1.0433333 -1.2866667 -1.0766667 -1.9166667 -1.22 -0.23325311 -1.3233333 -1.63 -1.73 -0.65 -1.2666667 -1.3866667 -1.4296685 -1.4291686 -1.9333333 -0.91666667 -0.91666667 -1.4266667 -1.5333333 -1.5333333 -1.1033333 -1.1033323 -0.89333333 -0.89333333 -0.89333333 -1.4133333 -1.8083813 -2.1333333 -2.1333333 -2.1333313 0.43666667 0.43666667 0.43666667 0.43666667 -0.026666667 -0.026666667 -0.026666667 -0.026666706 -1.0833333 -1.0833333 -1.0833333 -1.0833333 -1.0833333 -1.7833245 -1.7833333 -1.7833333 -1.7833333 -1.6332849 -1.6333333
-0.11 -1.0299997 -0.85666667 -1.1957535 -1.0433333 -1.4766667 -1.6299744 -1.8766667 -1.58 -1.8033333 -1.5940907 -1.4933295 -1.4666667 -1.2666667 -1.2666667 -1.3476393 -1.43 -1.43 -1.9333333 -1.9333333 -0.91666774 -1.4266667 -1.9266667 -1.7933333 -1.5633333 -1.5633659 -0.89333333 -0.89333333 -1.4133333 -1.4133333 -2.1333333 -2.1333333 -2.1333333 -2.0667041 0.43666666 0.43666667 0.43666667 -0.026666667 -0.026666667 -0.026666667 -0.026666667 -0.026699165 -1.0833333 -1.0833333 -1.0833333 -1.0833333 -1.0833333 -1.0895642 -1.7833333 -1.7832601 -0.15 -0.15 -0.15
-2.1266667 -1.1266667 0.39666666 -0.89 -0.6 -1.0433333 -1.14 -1.2343144 -1.76 -1.2466667 -1.6633333 -1.4633333 -1.4633333 -2.4466667 -2.4466667 -1.7732303 -1.7733333 -1.6133333 -1.6133333 -1.933333 -1.92 -1.92 -1.7933333 -1.5633333 -1.5633333 -1.7033333 -1.7566667 -1.7566667 -1.3666709 -1.4133333 -2.1333333 -2.1333333 -1.78 -1.7799676 -1.4700222 -1.29 -1.29 -0.41750767 -0.026666667 -0.026666667 -0.36291344 -0.36333333 -0.36333224 0.18716912 0.20985706 0.20999966 0.20999996 0.2099995 -0.71066655 -0.15 -0.15 -0.15 -0.15
-1.6666772 -0.72333333 -1.1291129 -0.70333333 -0.32 -1.2133333 -1.7733333 -1.91 -1.4233333 -1.4233333 -1.6633333 -1.44 -1.9433331 -2.4466667 -1.34667 -1.3466667 -1.7733333 -1.5233333 -1.5766667 -1.5766667 -1.8571647 -1.7866667 -1.7866667 -1.6266667 -1.7033333 -1.7033333 -1.7566667 -1.7566667 -1.366668 -1.3666917 -1.0344343 -1.78 -1.78 -1.47 -1.47 -1.3390176 -1.29 -1.29 -1.3033329 -0.36333464 -0.36333333 -0.36333333 -0.36332672 0.20999931 0.21 0.21 0.21 0.20999941 -0.77 -0.15012287 -0.15 -0.15 -0.15
-1.6666667 -2.4133333 -1.01 -1.5233333 -0.91670145 -1.64 -1.2433333 -1.4366667 -1.33 -1.1566667 -1.1566667 -0.97666667 -1.9433333 -1.9433333 -1.3507604 -1.3861328 -1.39 -0.92333333 -1.6599999 -1.5766667 -0.87971261 -0.82 -1.4 -1.2833333 -1.2833342 -1.3533333 -0.94 -0.94000029 -1.3899182 -1.39 -1.0333333 -0.94172773 -1.27 -1.47 -1.4644859 -1.38 -1.38 -1.3033333 -1.3033333 -0.36333333 -0.36333333 -0.36333332 0.084499789 0.086666673 0.21 0.21 0.21 -0.7699627 -0.77 -0.77 -0.15 -0.15 -0.15
-2.2494806 -2.4133333 -1.3733333 -0.23 -0.74666667 -1.4533333 -1.24 -0.81666667 -0.79666667 -0.54148663 -0.57 -0.65 -0.65 -0.29333333 -0.29333092 -1.8121535 -1.8133333 -1.8133333 -1.0357866 -0.74000016 -1.5233333 -1.5233333 -1.19 -1.3172425 -1.3462792 -1.3533333 -1.1666667 -0.94 -1.1984891 -1.2 -0.85 -1.0633333 -0.98778633 -1.4133333 -1.2766667 -1.3166667 -1.27 -1.31 -0.64364117 -0.36133951 0.083333333 -0.20333333 0.086624878 0.086666667 0.087360853 0.21 -0.66666662 -0.77 -0.77 -0.77 -0.77 -0.10227215 0.056666667
-1.3333333 -1.3333333 -1.5533333 -0.92666667 -0.78666667 -1.5766667 -0.80666667 -1.1966667 -0.20666667 -0.47661644 -0.17 -0.87333333 -0.29333333 -0.29333333 -0.036666667 -0.061034453 -1.8133333 -1.8129712 -0.23333333 -0.74 -0.74 -0.84091961 -1.19 -1.3666633 -1.3666667 -1.3666667 -1.1666667 -0.47333333 -0.47333333 -1.2 -1.2 -1.0630488 -0.91333333 -1.4133333 -1.05 -1.3166667 -1.27 -1.5666667 -0.64333333 0.73725618 -0.20333332 -0.19108869 -0.17 0.086666667 0.086666667 -0.66666667 -0.66666667 -0.66666667 -0.77 -0.77 0.23333333 0.23333333 0.23333327
-1.3333333 -1.3333333 -1.71 -2.3366667 -0.83 -0.56666667 -0.77999999 -0.76692633 -1.1333333 -0.94 -0.21 -0.65666667 -0.87304403 -0.036666667 -0.036666667 -0.036677049 -0.12666667 -0.13226503 -0.23333333 -0.47333333 -0.47333333 -0.22333333 -0.22333333 -1.3666667 -1.3666667 -1.3666667 -0.47333333 -0.47333333 -0.47333333 -1.6366667 -1.6366667 -1.6366655 -1.08 -1.08 -1.7866667 -1.0466667 -0.44 -0.8299996 -0.97666667 0.76 0.76 -0.24999974 -0.17 0.086666667 -0.010000083 -0.14666667 0.22945724 0.23333333 0.47 0.47 0.23333333 0.23333333 0.23333333
-1.3333333 -1.4961904 -1.977421 -2.0033261 -0.72333333 -0.78666667 -0.78 -0.76666667 -1.1333303 -0.9421419 -0.65666704 -0.65666667 0.25333333 -0.036666666 -0.036666667 -0.12666666 -0.12666667 -0.12667274 -0.23333333 -0.47333333 -0.42423842 -0.22333333 -0.22333333 -1.3666201 -1.3666667 -1.1157441 -0.60333333 -0.60333333 -0.60333332 -1.6366667 -1.6366667 -0.73333333 -0.73333333 -1.0800019 -1.7866667 0.079999484 -0.49505443 -0.83 -0.83 0.75999997 -0.25 -0.25 -0.24999825 -0.01 -0.01 -0.14666667 0.23333333 0.23333333 0.47 0.47 0.23333333 0.23333333 0.23333333
-0.78666667 -0.45884907 -0.34340675 -0.35534571 -0.7233337 -0.78666517 -0.78 -0.7668308 -1.1080663 -1.1282849 0.25333333 0.25333333 0.25333333 0.25333333 -0.036625586 -0.12666667 -0.12666667 -0.1280439 -0.23333333 -0.47309459 0.34666667 0.34666667 0.34666667 0.34666667 -1.3370433 -0.60333333 -0.60333333 -0.60333333 -0.60333333 -0.60384851 -0.73333333 -0.73333333 -0.73333333 -0.73333333 0.079999998 0.08 0.08 -0.78606829 -0.81723208 0.87 0.87 -0.24993976 0.51998186 -0.0099489516 -0.01 -0.14666667 0.23333333 0.23333333 0.47 0.47 0.23419193 0.23333333 0.043885068
-0.78666667 -0.34333333 -0.34333333 -0.34333333 -0.34333333 -0.34333352 -0.78001704 -0.77373874 -1.040656 0.25184492 0.25333333 0.25333333 0.25333333 0.25333333 0.25333384 -0.12666667 -0.12666668 -0.13398327 -0.23332997 0.34666667 0.34666667 0.34666667 0.34666667 0.34666667 0.34320425 -0.34200836 -0.28666673 -0.28666667 -0.28666667 -0.28666667 -0.73333332 -0.73333333 -0.73333236 0.076666667 0.076666667 0.08 0.63090864 0.64666667 0.86999987 0.87 0.87 0.87 0.52 0.52 0.52 0.51536061 0.39221339 0.39333333 0.39333333 0.39333333 0.39333333 1.1933331 1.1933333
0.8 -0.34333333 -0.34333333 -0.34333333 -0.34333333 -0.34333333 -0.34333336 -0.37519268 0.95274346 0.96333333 0.96333333 0.96333333 0.96333333 0.96333333 0.96333333 0.7999119 -0.1120233 -0.14127268 0.34659378 0.34666667 0.34666667 0.34666667 0.34666667 0.34666705 0.18666667 0.18666667 0.186666 -0.28666667 -0.28666667 -0.28524493 0.42333333 0.42333333 0.076666667 0.076666667 0.076666667 0.55535908 0.64666667 0.64666667 0.64666667 0.87 0.87 0.87 0.52 0.52 0.52 0.52 0.39333334 0.39333333 0.39333333 0.39333333 0.39333333 1.1933333 1.1933333
0.8 0.37434999 -0.34333333 -0.34333333 -0.34333333 -0.34333333 0.62980897 0.63 0.63000001 0.96333333 0.96333333 0.96333333 0.96333333 0.96333333 0.9265655 0.79666667 0.79666667 0.79666667 0.67566205 0.67666633 0.67666667 0.67666667 0.67666667 0.67666667 0.18666667 0.18666667 0.18666667 0.18666667 -0.28666667 0.42333333 0.42333333 0.42333333 0.076666698 0.076666667 0.076666667 1.1166667 0.64728896 0.64666667 0.64666667 0.87002886 0.92783967 1.0627555 0.52 0.52 0.79248981 0.79333333 0.79333333 0.39431476 0.98791492 0.98999995 0.98999989 1.6166024 1.1933342
0.8 0.46913193 0.063190316 -0.34333333 -0.34333333 0.62942491 0.63 0.63 0.63 0.6324021 0.96333333 0.96333333 0.96333333 0.96333331 0.79666667 0.79666667 0.79666667 0.79666667 0.67677386 0.67666667 0.67666667 0.67666667 0.67666667 0.67666667 0.18666668 0.18666667 0.18666667 0.18666667 0.18752751 0.42333333 0.42333333 0.42333333 1.0433333 0.07679579 1.1166667 1.1166667 1.1166667 1.1168515 1.0369583 1.0633333 1.0633333 1.0633333 1.2333333 1.2333333 0.79333333 0.79333333 0.79333333 0.99 0.99 0.99 0.99 1.6166667 1.6166667
0.46058177 0.46 0.46 0.46 0.5 0.62999665 0.63 0.63 0.63 0.63 0.96030488 0.96333281 0.96333333 0.79666667 0.79666667 0.79666667 0.79666667 0.79666667 0.73275841 0.67666667 0.67666667 0.67666667 0.67666667 0.67666667 0.69551098 1.0999951 1.1 1.1 1.1 0.42333337 1.0433333 1.0433333 1.0433333 1.0433333 1.1166667 1.1166672 1.1366667 1.1366667 1.064249 1.0633333 1.0633333 1.0633333 1.2333333 1.2333333 0.86146048 0.79333333 0.79333333 0.99 0.99 0.99 0.9967195 1.6166667 1.6166667
0.46 0.46 0.46 0.4788366 0.5 0.5 0.63 0.63 0.63 0.63 0.92333333 0.92333333 0.92333333 0.79666667 0.79666667 0.79666667 0.79666667 0.79658514 -0.066666667 -0.066666666 0.67666636 0.67666667 0.67496246 0.60666667 0.61110793 1.1 1.1 1.1 1.1 1.0433391 1.0433333 1.0433333 1.0433333 1.0433333 1.1366666 1.1366667 1.1366667 1.1366667 1.1364469 1.0633333 1.0633333 1.0633333 1.2333333 1.2333333 1.2333333 0.79333333 0.79333333 0.99 0.99 0.99 1.6166667 1.6166667 1.6166667
0.46 0.46 0.46 0.5 0.5 0.5 0.5000002 0.63 0.63 0.92303053 0.92333333 0.92333333 0.92333333 0.92325441 0.39735161 0.30333333 0.30333333 0.30333333 -0.066666667 -0.066666667 -0.066666667 0.60666667 0.60666667 0.60666667 0.60671989 0.94089429 1.1 1.1 1.1 1.29132 1.3466368 1.3466667 1.3466667 1.3466667 1.4123787 1.7999985 1.8 1.8 1.8 2.1965116 2.1966667 2.1966667 1.2333333 1.2333333 1.9199971 1.9199998 1.22 1.22 1.48 1.48 1.48 1.6166667 1.2603189
0.46000366 0.46 0.46 0.5 0.5 0.5 0.50000001 1.2433332 0.63245235 0.92332427 0.92333333 0.92333333 0.92333333 0.92211672 0.30333333 0.30333333 0.30333333 0.30333323 -0.066666667 -0.066666667 -0.066666667 0.60666667 0.60666667 0.60666667 0.79666667 0.79666667 1.2466667 1.2466667 1.2466667 1.2472122 1.3466667 1.3466667 1.3466667 1.3466667 1.5732089 1.8 1.8 1.8 1.8 2.1966667 2.1966667 2.1966667 2.1879617 1.92 1.92 1.92 1.22 1.22 1.48 1.48 1.48 1.26 1.26
1.64 1.0931863 1.1366667 1.136482 0.5 1.2390324 1.2433333 1.2433333 1.2700544 0.91333334 0.91333333 0.91333333 0.91333333 0.74333887 0.74333333 0.30333367 0.30333333 0.29358438 -0.066666667 -0.066666667 -0.066666667 0.38666667 0.38666667 0.38666667 0.79666667 0.79666667 1.2466667 1.2466667 1.2466667 1.2466667 1.2500006 1.2500003 1.3442371 1.346563 1.8927088 1.8933333 1.8933333 1.8933333 1.8933333 2.1966667 2.1966667 2.1966667 1.9352337 1.92 1.92 1.9199998 1.22 1.22 1.2200094 1.48 1.4799681 0.76666667 1.26
1.3167281 1.3166666 1.1366667 1.1366667 1.1366667 1.2433333 1.2433333 1.2433333 1.3166667 1.3166667 0.91333333 0.91333333 0.91333333 0.74333333 0.74333333 0.74333333 0.74333333 0.74324177 -0.066666667 -0.066666667 -0.066666649 0.38666667 0.38666667 0.38666667 0.79666667 0.79666667 1.2466667 1.2466667 1.2466667 1.2499624 1.25 1.25 1.25 1.25 1.8930159 1.8933333 1.8933333 1.8933333 1.8933333 1.5500002 1.55 1.55 1.55 1.9199926 0.95333333 0.95333333 0.95333333 0.85 0.85 0.85 0.76666667 0.76666667 0.76666667
1.3166667 1.3166667 1.1366667 1.1366667 1.1366667 1.2427727 1.2433333 1.3166667 1.3166667 1.3166667 0.91338298 0.91333333 1.2156695 0.74333346 0.74333333 0.74333333 0.74333333 1.0466667 1.0466667 1.0466667 0.81666666 0.81666635 0.38666876 0.38666667 0.38739045 1.4133333 1.4133333 1.4133329 1.2466936 1.4766215 1.4766655 1.4766271 1.2503874 1.2501956 1.7788989 1.893333 1.8902837 0.98333333 0.98333333 1.55 1.55 1.55 1.55 0.95333333 0.95333333 0.95333333 0.95333333 0.85 0.85 0.85 0.76666667 0.76666667 0.76666667
1.3166667 1.3166667 1.1366667 1.1366667 1.1366667 1.1366667 1.2707799 1.3166667 1.3166667 1.3166667 1.3166483 1.2833333 1.2833333 1.2833333 0.74651568 0.74333333 1.0446453 1.0466667 1.0466667 1.0466667 0.81666667 0.81666667 0.81666667 0.81666667 1.4133333 1.4133333 1.4133333 1.4133333 1.4133333 1.4766667 1.4766667 1.4766667 1.4766667 1.4766662 1.2733333 0.98333333 0.98333333 0.98333333 0.98333333 0.98333177 0.4 0.4 0.4 0.43145959 0.49666667 0.49666667 0.49666667 0.84999999 0.85000045 1.31 1.31 1.6497851 1.65
1.3166667 1.3166667 1.201634 1.1366667 1.1366667 1.1366667 1.7791778 1.3181268 1.3166667 1.3166667 1.2833334 1.2833333 1.2833333 1.2833333 1.2833333 1.2390361 1.0466667 1.0466667 1.0466667 1.0466667 0.81666845 0.81666667 0.81666667 0.81666667 1.4133333 1.4133333 1.4133333 1.4133333 1.4133333 0.78204763 1.4766667 1.4766667 1.4766667 1.2733333 1.2733333 1.2731081 0.98333333 0.98333333 0.83701092 0.72333335 0.4 0.4 0.4 0.43329776 0.49666667 0.49666667 0.49666667 1.4633333 1.3119105 1.31 1.31 1.65 1.65
2.1533333 2.1533333 2.1533333 1.3915729 1.1379598 1.78 1.78 1.78 1.78 1.81 1.81 1.2833334 1.2833333 1.2833333 1.2833333 1.2833184 1.0466667 1.0466667 1.0466667 1.0466667 0.91703121 0.81666667 0.81666667 0.82521567 1.1553561 1.4133333 1.4133333 1.4133333 0.53666667 0.53666667 0.53666667 0.53667061 1.2733333 1.2733333 1.2733333 1.2733333 0.72333333 0.72333333 0.72333333 0.72333333 0.74 0.74 0.74 1.1299922 1.13 1.13 1.1299998 1.4633333 1.4633333 1.3101868 1.31 1.6499985 1.65
2.1533333 2.1533333 2.1533333 2.1533262 2.02 1.9851001 1.78 1.78 1.78 1.81 1.81 1.81 2.0033333 2.0033333 2.0033333 2.0033333 1.0485107 1.0466667 1.0466667 1.0466667 1.0431969 1.1433324 1.1433333 1.1433333 1.1433333 1.1433333 0.13333334 0.13333333 0.53666667 0.53666667 0.53666667 0.53666667 1.273333 1.2733333 1.2733333 1.2732964 0.72333334 0.72333333 0.72333333 0.72372815 0.74 0.74 0.74 1.1299819 1.13 1.13 1.13 1.4633333 1.4633333 1.4633333 1.3533333 1.3533333 1.5866667
2.1533333 2.1533333 2.1533333 2.0200003 2.02 2.02 1.7800001 1.78 1.78 1.81 1.81 1.81 2.0033333 2.0033333 2.0033333 2.0071413 2.0533333 2.0533333 2.0533307 1.0523526 1.1433333 1.1433333 1.1433333 1.1433333 1.1433333 1.1425733 0.13333333 0.13333333 0.13333333 0.53666667 0.53666667 0.53652077 0.82 0.82 0.82 0.51333333 0.51333333 0.81333333 0.81333333 0.81333333 1.1166667 0.74011815 0.7400045 1.3433333 1.3433333 1.3352482 1.1300011 1.4633333 1.4633333 1.3533333 1.3533333 1.3533333 1.5866667
2.1533333 2.1533333 2.1533333 2.02 2.02 2.02 2.02 1.78 1.78 1.81 1.81 1.9956028 2.0033333 2.0033333 2.0033333 2.0533333 2.0533333 2.0533333 2.0533333 2.0533333 1.1433333 1.1433333 1.1433333 1.1433333 1.1433333 0.13333678 0.13333333 0.13333333 0.13333333 0.31 0.31 0.31 0.82 0.82 0.82 0.51333333 0.51333333 0.81333333 0.81333333 1.1166667 1.1166667 1.1166667 1.3433333 1.3433333 1.3433333 1.3433333 1.3381307 1.28 1.28 1.28 1.3533333 1.4766667 1.4766667
2.1533333 2.1533333 2.1531477 2.02 2.02 2.02 2.02 2.0771207 2.08 2.0795364 1.81 2.003352 2.0033333 2.0033333 2.0033335 2.0533333 2.0533333 2.0533333 2.0533333 2.0533333 2.1535274 1.1433333 1.1433333 1.1433333 1.1432338 0.13336297 0.13333333 0.13333333 0.13333333 0.31 0.31 0.31 0.31007635 0.82 0.51333333 0.51333333 0.51333333 0.51334572 0.81335402 1.1166667 1.1166667 1.1166667 1.3433196 1.3433333 1.3433333 1.3433333 1.2799964 1.28 1.28 1.28 1.4766667 1.4766667 1.4766667
1.64 1.6400009 2.0200567 2.02 2.02 2.02 2.0799872 2.08 2.08 2.08 2.2266667 2.2266667 2.2266667 2.2266667 2.0541333 2.0533333 2.0533333 2.0533333 2.0533333 2.1966666 2.1966667 2.1966667 0.66000008 0.66 0.66 0.66 0.61454189 0.13333333 0.64331245 0.64333333 0.64333333 0.64333333 0.64333333 0.57666667 0.57666667 0.57666667 0.57666667 0.57666667 1.0166667 1.0166667 1.0166667 1.0166667 1.0166667 0.92063814 0.92 0.92 0.92 1.28 1.28 1.28 1.4766357 1.4766667 1.4766667
