interpolatedSpi/03-08|20_1.tif
NCOLS 53
NROWS 52
XLLCORNER -116.03883
YLLCORNER 28.596182
DX 0.49850594
DY 0.49788537
NODATA_VALUE -9999
[rows 0 to 25 of 52, columns 0 to 52 of 53]
0.22857143 0.22857143 0.030518929 -0.20142857 0.21571429 0.31142857 0.47571429 0.48714286 0.19773639 -0.027142857 -0.044285714 0.30857143 0.23002294 0.50857143 0.062857143 0.062857143 0.062857143 0.15 0.18285714 0.18285714 0.18285714 0.18285662 0.12857143 -0.012857143 -0.012857143 -0.012857143 0.33714387 0.33714286 0.33714286 0.12428571 0.12428571 0.12428571 0.12428571 0.4071428 0.40714286 0.40714286 0.40714286 0.40714286 0.40714286 0.40714287 0.70535886 0.70844515 0.21285714 0.21285714 0.21285714 0.21285714 0.21327714 0.47 0.47 0.47 0.72999946 0.73 0.73
0.22856159 0.0071428571 0.1528575 0.22296751 0.51546554 0.52428571 0.54714286 0.39589063 0.17571429 0.34 0.32714286 0.23 0.23 0.63101891 0.50856898 0.062857143 0.15 0.15 0.1828143 0.18285714 0.18285714 0.18285714 -0.031505713 -0.012857143 -0.012857143 -0.012857143 0.14999999 0.15 0.12428571 0.12428571 0.12428571 0.12428571 0.12428571 0.40714282 0.40714286 0.40714286 0.40714286 0.40714286 0.40714284 0.3536726 0.077165216 0.1963894 0.21285714 0.21285714 0.21285714 0.21285714 0.21285714 0.47 0.47 0.47 0.49155945 0.73 0.73
0.74997197 0.75 0.46 0.96285714 0.42142857 0.35 0.51428571 0.23285714 0.35857143 0.3 0.62428571 0.025714286 -0.16285714 0.19285714 0.63142857 0.28714286 0.15 0.15 0.15 0.084314369 0.084285714 0.084285714 -0.36714286 -0.012857143 -0.012857143 -0.012857143 0.15 0.15 0.15 0.12428571 0.12428571 0.12428569 -0.13016861 0.40605991 0.40532118 0.21322199 0.21142857 0.21142857 0.19453897 0.077142858 0.077142857 0.077316402 0.21285714 0.21285714 0.21285714 0.21285714 0.21285714 0.47 0.47 0.47 0.47 0.73 0.73
0.32571429 0.7499999 0.23998337 0.53285714 0.17285714 0.41142857 0.60142857 -0.06 0.36428571 0.41672737 0.46571429 0.36571429 0.30428571 0.19285714 0.25142857 0.28714286 -0.24305506 -0.2468646 -0.30857143 0.084285714 0.084285714 -0.74 -0.36714286 -0.36714286 -0.012857143 -0.012856329 0.15 0.15 0.15 -0.38857143 -0.39719351 -0.40428571 -0.40428571 -0.40428523 0.21142857 0.21142857 0.21142857 0.21142857 0.077142857 0.077142857 0.077142857 0.077142862 0.21285714 0.21285714 0.21285714 0.21285714 0.21285714 0.46999676 0.47 0.47 0.47 0.72993948 0.73
0.32571429 0.080000293 0.24 0.32373033 0.17285714 0.32714286 0.30572491 0.095714286 0.051428571 0.18142857 0.22791948 0.25145599 0.44285714 0.25142857 0.25142857 0.2669306 -0.24714286 -0.24714286 -0.30857143 -0.30857143 0.084284046 -0.74 -0.75285714 -0.28714286 -0.25571429 -0.25576263 0.15 0.15 -0.38857143 -0.38857143 -0.40428571 -0.40428571 -0.40428571 -0.33532179 0.21142857 0.21142857 0.21142857 0.077142857 0.077142857 0.077142857 0.077142857 0.077148511 0.21285714 0.21285714 0.21285714 0.21285714 0.21285714 0.21514603 0.47 0.46992858 -1.1228571 -1.1228571 -1.1228571
-0.58714286 0.14714286 0.52571428 0.30285714 0.45714286 0.50285714 0.2 0.18664844 0.31428571 -0.054285714 0.20428571 -0.22 -0.21999956 -0.014285714 -0.014285714 -0.22856625 -0.22857143 -0.29285714 -0.29285714 -0.30857163 -0.96 -0.96 -0.28714286 -0.25571429 -0.25571429 -0.46285714 -0.73285714 -0.73285714 -0.065743817 -0.38857143 -0.40428571 -0.40428571 -0.038571429 -0.03857113 -0.035714599 -0.37714286 -0.37714286 -0.063400799 0.077142857 0.077142857 0.13564123 0.13571429 0.13571486 -0.77370018 -0.79131758 -0.7914283 -0.79142854 -0.7914282 -1.4273936 -1.1228571 -1.1228571 -1.1228571 -1.1228571
-0.57571659 -0.0057142857 -0.40899794 0.23 0.57428571 0.10285714 0.21 0.29142857 -0.14285714 -0.14285714 0.20428571 -0.061428571 -0.47714285 -0.014285714 -0.20714228 -0.20714286 -0.22857143 -0.48 -0.54285714 -0.54285714 -0.92229881 -0.88 -0.88 -0.68857142 -0.46285714 -0.46285714 -0.73285714 -0.73285714 -0.06572361 -0.065885953 0.36816175 -0.038571429 -0.038571429 -0.035714286 -0.035714286 -0.5708791 -0.37714286 -0.37714286 -0.95569423 0.13571277 0.13571429 0.13571429 0.13571663 -0.79142563 -0.79142857 -0.79142857 -0.79142857 -0.79142902 -1.5457143 -1.1229409 -1.1228571 -1.1228571 -1.1228571
-0.57571429 -0.82 -0.3 -0.64714286 -0.76285051 -0.23 -0.041428571 -0.3542857 -0.32 -0.30571429 -0.30571429 -0.49142857 -0.47714286 -0.47714286 -0.20899531 -0.26439044 -0.27 -0.35 -0.49142862 -0.54285714 -0.76111559 -0.72 -0.90857143 -0.65857143 -0.6585722 -0.71857143 -0.73 -0.73 -0.22515362 -0.22571427 0.37 0.059703996 0.022857143 -0.035714286 -0.047082022 -0.73285714 -0.73285714 -0.95571428 -0.95571429 0.13571429 0.13571429 0.13571429 -0.26300899 -0.26428574 -0.79142857 -0.79142857 -0.79142857 -1.5456856 -1.5457143 -1.5457143 -1.1228571 -1.1228571 -1.1228571
-0.81003012 -0.81999999 -0.7 -0.39714286 -0.22 -0.42285714 -0.15714286 0.19714286 0.077142857 0.03613178 -0.10428571 -0.33285714 -0.33285714 -0.47714286 -0.47714166 -0.66033763 -0.66142857 -0.66142857 -0.37158929 -1.0314286 -1.2042857 -1.2042857 -0.80428571 -0.86747414 -0.71252501 -0.71857143 -0.74285714 -0.73 -0.48713383 -0.48571429 0.07 0.38142857 0.11808908 -0.51857143 -0.43428571 -0.57571429 -0.53714286 -0.47857143 -0.64992084 0.13684936 0.39 -0.11428571 -0.26426943 -0.26428571 -0.26725276 -0.79142857 -0.85285714 -1.5457143 -1.5457143 -1.5457143 -1.5457143 -1.0936868 -0.90714286
-0.75428571 -0.75428571 -0.5 -0.41714286 -0.16428571 -0.23142857 -0.12428571 -0.18285714 0.15571429 0.025694879 -0.18 -0.12714286 -0.47714286 -0.47714286 -0.35 -0.35427138 -0.66142857 -0.66139052 -0.49714286 -1.0314286 -1.0314286 -1.0536984 -0.80428571 -0.95428287 -0.95428571 -0.95428571 -0.74285714 -0.35571429 -0.35571429 -0.48571429 -0.48571429 0.38043691 -0.14142857 -0.51857143 -0.33142857 -0.57571429 -0.53714286 -0.86285714 -0.65 0.069574322 -0.11428569 -0.13265268 -0.16428571 -0.26428571 -0.26428571 -0.85285714 -0.85285714 -0.85285714 -1.5457143 -1.5457143 -0.88857143 -0.88857143 -0.88857144
-0.75428571 -0.75428571 -0.92428571 -0.78571429 -0.64428571 -0.28571429 -0.49857142 0.011246067 -0.25142857 -0.30714286 -0.21142857 -0.46285714 -0.12759031 -0.35 -0.35 -0.35001368 -0.46857143 -0.47007099 -0.49714286 -0.34571429 -0.34571429 -0.51571429 -0.51571429 -0.95428571 -0.95428571 -0.95428571 -0.35571429 -0.35571429 -0.35571429 -0.74571429 -0.74571429 -0.74571329 -0.29142857 -0.29142857 -0.44285714 -0.81857143 -0.44857143 -0.46999942 -0.78857143 0.081428571 0.081428571 -0.14428578 -0.16428571 -0.26428571 -0.51000007 -0.67 -0.48302823 -0.48142857 -0.61428571 -0.61428571 -0.88857143 -0.88857143 -0.88857143
-0.75428571 -0.82765746 -0.86515234 -0.99570561 -0.71857143 -0.83571429 -0.49857143 0.011428571 -0.25142638 -0.30652561 -0.46285694 -0.46285714 -0.26 -0.35 -0.35 -0.46857142 -0.46857143 -0.46857305 -0.49714286 -0.34571429 -0.37909883 -0.51571429 -0.51571429 -0.95426779 -0.95428571 -0.83312908 -0.58571429 -0.58571429 -0.58571426 -0.74571429 -0.74571429 -0.86571429 -0.86571429 -0.29142899 -0.44285714 -0.28142876 -0.44101176 -0.47 -0.47 0.081428564 -0.14428571 -0.14428571 -0.14428836 -0.51 -0.51 -0.67 -0.48142857 -0.48142857 -0.61428571 -0.61428571 -0.88857143 -0.88857143 -0.88857143
-0.31857143 -0.17638919 -0.11431096 -0.12066902 -0.71857197 -0.83571152 -0.49857144 0.0051507604 -0.23331503 -0.25288342 -0.26 -0.26 -0.26 -0.26 -0.34998725 -0.46857143 -0.46857143 -0.46894033 -0.49714286 -0.34568467 -0.24 -0.24 -0.24 -0.24 -0.94189321 -0.58571429 -0.58571429 -0.58571429 -0.58571429 -0.58575902 -0.86571429 -0.86571429 -0.86571429 -0.86571429 -0.28142857 -0.28142857 -0.28142857 -0.4608277 -0.46754298 -0.14285714 -0.14285714 -0.14428564 -0.37000479 -0.50998652 -0.51 -0.67 -0.48142857 -0.48142857 -0.61428571 -0.61428571 -0.88757635 -0.88857143 -0.84969551
-0.31857143 -0.11428571 -0.11428571 -0.11428571 -0.11428571 -0.11428602 -0.4994344 -0.25729252 -0.18498979 -0.25999213 -0.26 -0.26 -0.26 -0.26 -0.25999994 -0.46857143 -0.46857143 -0.47053123 -0.49714163 -0.24 -0.24 -0.24 -0.24 -0.24 -0.24379971 -0.46632587 -0.41000004 -0.41 -0.41 -0.41 -0.86571428 -0.86571429 -0.86571412 -0.73142857 -0.73142857 -0.28142857 -0.45225655 -0.45714286 -0.14285732 -0.14285714 -0.14285714 -0.14285714 -0.37 -0.37 -0.37 -0.37208773 -0.45734003 -0.45714286 -0.45714286 -0.45714286 -0.45714286 0.085714085 0.085714286
-0.05 -0.11428571 -0.11428571 -0.11428571 -0.11428571 -0.11428571 -0.11428574 -0.34180796 -0.16854639 -0.16857143 -0.16857143 -0.16857143 -0.16857143 -0.16857143 -0.16857143 -0.1168214 -0.4629743 -0.47248372 -0.24003232 -0.24 -0.24 -0.24 -0.24 -0.24000003 -0.41571429 -0.41571429 -0.41571428 -0.41 -0.41 -0.41039191 -0.60571429 -0.60571429 -0.73142857 -0.73142857 -0.73142857 -0.50108032 -0.45714286 -0.45714286 -0.45714286 -0.14285714 -0.14285714 -0.14285714 -0.37 -0.37 -0.37 -0.37 -0.45714285 -0.45714286 -0.45714286 -0.45714286 -0.45714286 0.085714286 0.085714286
-0.05 -0.073932841 -0.11428571 -0.11428571 -0.11428571 -0.11428571 -0.24854507 -0.24857143 -0.24857143 -0.16857143 -0.16857143 -0.16857143 -0.16857143 -0.16857143 -0.15691077 -0.11571429 -0.11571429 -0.11571429 -0.26705997 -0.26714283 -0.26714286 -0.26714286 -0.26714286 -0.26714286 -0.41571429 -0.41571429 -0.41571429 -0.41571429 -0.41 -0.60571429 -0.60571429 -0.60571429 -0.73142856 -0.73142857 -0.73142857 -0.17 -0.45676267 -0.45714286 -0.45714286 -0.14288851 -0.2052556 -0.3508052 -0.37 -0.37 -0.29024688 -0.29 -0.29 -0.45640102 -0.0072918242 -0.0057143251 -0.0057143713 0.098569457 0.085714312
-0.05 -0.098656989 -0.10705649 -0.11428571 -0.11428571 -0.24849209 -0.24857143 -0.24857143 -0.24857143 -0.24799493 -0.16857143 -0.16857143 -0.16857143 -0.16857142 -0.11571429 -0.11571429 -0.11571429 -0.11571429 -0.26700759 -0.26714286 -0.26714286 -0.26714286 -0.26714286 -0.26714286 -0.41571428 -0.41571429 -0.41571429 -0.41571429 -0.41640538 -0.60571429 -0.60571429 -0.60571429 -0.29571429 -0.73136095 -0.17 -0.17 -0.17 -0.17327204 -0.35812453 -0.35142857 -0.35142857 -0.35142857 -0.19285714 -0.19285714 -0.29 -0.29 -0.29 -0.0057142892 -0.0057142857 -0.0057142857 -0.0057142857 0.098571429 0.098571429
-0.09985101 -0.1 -0.1 -0.1 -0.09 -0.24856734 -0.24857143 -0.24857143 -0.24857143 -0.24857143 -0.15937832 -0.16856985 -0.16857143 -0.11571429 -0.11571429 -0.11571429 -0.11571429 -0.11571429 -0.15969081 -0.26714286 -0.26714286 -0.26714286 -0.26714286 -0.26714286 -0.26025407 -0.1357158 -0.13571429 -0.13571429 -0.13571429 -0.60571427 -0.29571429 -0.29571429 -0.29571429 -0.29571429 -0.17 -0.17000779 -0.46571429 -0.46571429 -0.3528556 -0.35142857 -0.35142857 -0.35142857 -0.19285714 -0.19285714 -0.27495894 -0.29 -0.29 -0.0057142857 -0.0057142857 -0.0057142857 -0.0045960717 0.098571429 0.098571429
-0.1 -0.1 -0.1 -0.095290851 -0.09 -0.09 -0.24857143 -0.24857143 -0.24857143 -0.24857143 -0.047142857 -0.047142857 -0.047142857 -0.11571429 -0.11571429 -0.11571429 -0.11571429 -0.11576788 -0.62428571 -0.62428571 -0.267143 -0.26714286 -0.27075995 -0.41571429 -0.41319357 -0.13571429 -0.13571429 -0.13571429 -0.13571429 -0.29569799 -0.29571429 -0.29571429 -0.29571429 -0.29571429 -0.46571325 -0.46571429 -0.46571429 -0.46571429 -0.46529114 -0.35142857 -0.35142857 -0.35142857 -0.19285714 -0.19285714 -0.19285714 -0.29 -0.29 -0.0057142881 -0.0057142857 -0.0057142853 0.098571429 0.098571429 0.098571429
-0.1 -0.1 -0.1 -0.09 -0.09 -0.09 -0.090000242 -0.24857143 -0.24857143 -0.047350789 -0.047142857 -0.047142857 -0.047142857 -0.047185585 -0.37819841 -0.44 -0.44 -0.44 -0.62428571 -0.62428571 -0.62428571 -0.41571429 -0.41571429 -0.41571429 -0.41564065 -0.14470613 -0.13571429 -0.13571429 -0.13571429 -0.030649441 0.025682672 0.025714286 0.025714286 0.025714286 -0.31202539 -0.097143694 -0.097142857 -0.097142857 -0.097142857 -0.10146278 -0.10142857 -0.10142857 -0.19285714 -0.19285714 0.25142672 0.25142851 0.087142857 0.087142857 0.14 0.14 0.14 0.098571429 0.3240839
-0.09999965 -0.1 -0.1 -0.09 -0.09 -0.09 -0.090000001 -0.22571429 -0.24848004 -0.047205036 -0.047142857 -0.047142857 -0.047142857 -0.047913751 -0.44 -0.44 -0.44 -0.44000005 -0.62428571 -0.62428571 -0.62428571 -0.41571429 -0.41571429 -0.41571429 -0.15285714 -0.15285714 -0.20285714 -0.20285714 -0.20285714 -0.20161021 0.025714286 0.025714286 0.025714286 0.025714286 -0.0356806 -0.097142857 -0.097142857 -0.097142857 -0.097142857 -0.10142857 -0.10142857 -0.10142857 -0.090326336 0.25142857 0.25142857 0.25142857 0.087142857 0.087142857 0.14 0.14 0.14 0.32428571 0.32428571
0.012857143 -0.047817685 -0.3 -0.29993908 -0.09 -0.22492905 -0.22571429 -0.22571429 -0.2017694 -0.11571429 -0.11571429 -0.11571429 -0.11571429 -0.60284128 -0.60285714 -0.44000013 -0.44 -0.44485566 -0.62428571 -0.62428571 -0.62428571 -0.64428571 -0.64428571 -0.64428571 -0.15285714 -0.15285714 -0.20285714 -0.20285714 -0.20285714 -0.20285702 -0.037142458 -0.037142681 0.024134466 0.025646899 -0.37953545 -0.38 -0.38 -0.38 -0.38 -0.10142857 -0.10142857 -0.10142857 0.23199886 0.25142857 0.25142857 0.25142849 0.087142857 0.087142857 0.08714476 0.14 0.13999566 0.042857143 0.32428571
-0.21995578 -0.22000001 -0.3 -0.3 -0.3 -0.22571429 -0.22571429 -0.22571429 -0.16 -0.16 -0.11571429 -0.11571429 -0.11571429 -0.60285714 -0.60285714 -0.60285714 -0.60285714 -0.6028589 -0.62428571 -0.62428571 -0.62428572 -0.64428571 -0.64428571 -0.64428571 -0.15285714 -0.15285714 -0.20285714 -0.20285714 -0.20285714 -0.039011298 -0.037142857 -0.037142857 -0.037142857 -0.037142857 -0.37983082 -0.38 -0.38 -0.38 -0.38 -0.53714274 -0.53714286 -0.53714286 -0.53714286 0.25142503 -0.21 -0.21 -0.21 -0.15285714 -0.15285714 -0.15285714 0.042857143 0.042857143 0.042857143
-0.22 -0.22 -0.3 -0.3 -0.3 -0.22610474 -0.22571429 -0.16 -0.16 -0.16 -0.11571974 -0.11571429 -0.47991845 -0.60285713 -0.60285714 -0.60285714 -0.60285714 -0.77571429 -0.77571429 -0.77571429 -0.72 -0.71999994 -0.64428608 -0.64428571 -0.64415027 -0.64857143 -0.64857143 -0.64857037 -0.20292917 -0.079991459 -0.079999772 -0.079992518 -0.037216104 -0.037179842 -0.3189646 -0.38000009 -0.38079951 -0.61857143 -0.61857143 -0.53714286 -0.53714286 -0.53714286 -0.53714286 -0.21 -0.21 -0.21 -0.21 -0.15285714 -0.15285714 -0.15285714 0.042857143 0.042857143 0.042857143
-0.22 -0.22 -0.3 -0.3 -0.3 -0.3 -0.20111935 -0.16 -0.16 -0.16 -0.16022174 -0.56142857 -0.56142857 -0.56142857 -0.60261299 -0.60285714 -0.77456241 -0.77571429 -0.77571429 -0.77571429 -0.72 -0.72 -0.72 -0.72 -0.64857143 -0.64857143 -0.64857143 -0.64857143 -0.64857143 -0.08 -0.08 -0.08 -0.08 -0.080000752 -0.43714286 -0.61857143 -0.61857143 -0.61857143 -0.61857143 -0.61857201 -0.81428571 -0.81428571 -0.81428571 -0.71480009 -0.50857143 -0.50857143 -0.50857143 -0.15285715 -0.15285726 -0.27714286 -0.27714286 -0.18280223 -0.18285714
-0.22 -0.22 -0.27112562 -0.3 -0.3 -0.30000001 -0.91437325 -0.16238159 -0.16 -0.16 -0.56142863 -0.56142857 -0.56142857 -0.56142857 -0.56142857 -0.56485621 -0.77571429 -0.77571429 -0.77571429 -0.77571429 -0.72000043 -0.72 -0.72 -0.72 -0.64857143 -0.64857143 -0.64857143 -0.64857143 -0.64857143 -0.40619648 -0.08 -0.08 -0.08 -0.43714286 -0.43714286 -0.43728374 -0.61857143 -0.61857143 -0.59204044 -0.57142858 -0.81428571 -0.81428571 -0.81428571 -0.71590163 -0.50857143 -0.50857143 -0.50857143 -0.46571429 -0.27949244 -0.27714286 -0.27714286 -0.18285714 -0.18285714
