interpolatedSpi/03-04|21_1.tif
NCOLS 53
NROWS 52
XLLCORNER -116.03883
YLLCORNER 28.596182
DX 0.49850594
DY 0.49788537
NODATA_VALUE -9999
-0.985 -0.985 -0.49167094 -1.16 -1.07 -0.985 -1 -1.105 -1.3786182 -1.525 -1.5 -1.31 -1.8199716 -1.475 -1.045 -1.045 -1.045 -1.38 -0.39 -0.39 -0.39 -0.3900027 -0.66999999 -0.005 -0.005 -0.005 -0.12001208 -0.12 -0.12 -0.41 -0.41 -0.41 -0.41 -1.5199998 -1.52 -1.52 -1.52 -1.52 -1.52 -1.52 0.19651167 0.21484062 -0.41 -0.41 -0.41 -0.41 -0.40977133 -0.27 -0.27 -0.27 1.0999972 1.1 1.1 
-0.9850311 -1.685 -0.82500007 -1.0463288 -1.0304766 -1.4 -0.885 -1.3999952 -1.165 -1.475 -1.54 -1.82 -1.82 -1.6743331 -1.4749986 -1.045 -1.38 -1.38 -0.39129083 -0.39 -0.39 -0.39 -0.05658435 -0.005 -0.005 -0.005 -0.38499997 -0.385 -0.41 -0.41 -0.41 -0.41 -0.41 -1.5199998 -1.52 -1.52 -1.52 -1.52 -1.5199999 -1.2491901 0.099922228 -0.34811575 -0.41 -0.41 -0.41 -0.41 -0.41 -0.27 -0.27 -0.27 -0.15639829 1.1 1.1 
-1.1749867 -1.175 -0.885 -0.65 -1.28 -1.46 -0.905 -1.83 -1.655 -1.655 -1.5 -2 -1.35 -1.75 -1.675 -1.71 -1.38 -1.38 -1.38 -0.95483575 -0.955 -0.955 -0.985 -0.005 -0.005 -0.005 -0.385 -0.385 -0.385 -0.41 -0.41 -0.41 -0.400372 -1.5160838 -1.5062709 -0.058516119 -0.045 -0.045 -0.026762821 0.099999999 0.1 0.099347838 -0.41 -0.41 -0.41 -0.41 -0.41 -0.27 -0.27 -0.27 -0.27 1.1 1.1 
-0.205 -1.175 -1.1950797 -0.52 -1.455 -1.24 -1.51 -1.685 -1.835 -1.7650323 -1.505 -2.495 -2.105 -1.75 -1.37 -1.71 -1.496645 -1.4949194 -1.78 -0.955 -0.955 -1.64 -0.985 -0.985 -0.005 -0.0050018979 -0.385 -0.385 -0.385 -0.78 -0.56601569 -0.39 -0.39 -0.38999972 -0.045 -0.045 -0.045 -0.045 0.1 0.1 0.1 0.099999981 -0.41 -0.41 -0.41 -0.41 -0.41 -0.27000177 -0.27 -0.27 -0.27 1.0999626 1.1 
-0.205 -0.15000192 -1.195 -1.4129823 -1.455 -1.04 -1.619975 -1.235 -1.195 -1.8949996 -1.8733459 -1.8697307 0.01 -1.37 -1.37 -1.5941155 -1.495 -1.495 -1.78 -1.78 -0.9550013 -1.64 -1.315 -0.63 0.12 0.11999169 -0.385 -0.385 -0.78 -0.78 -0.39 -0.39 -0.39 -0.2730847 -0.045 -0.045 -0.045 0.1 0.1 0.1 0.1 0.10001303 -0.40999999 -0.41 -0.41 -0.41 -0.41 -0.40875383 -0.27 -0.26998991 -0.045 -0.045 -0.045 
-1.395 -0.74 -0.95499999 -0.93 -1.47 -1.715 -1.745 -1.6797054 -1.37 -0.83 -0.615 0.345 0.34499978 -0.43 -0.43 -1.3750519 -1.375 -0.735 -0.735 -1.779999 -1.04 -1.04 -0.63 0.12 0.12 0.085 -0.585 -0.585 -0.3800363 -0.78 -0.39 -0.39 0.23 0.22995403 -0.20996848 -0.17 -0.17 0.016469336 0.1 0.1 0.23483163 0.235 0.2349988 -0.41491174 -0.41499945 -0.415 -0.415 -0.415 -0.6030247 -0.045 -0.045 -0.045 -0.045 
0.10999969 -0.125 0.46458627 -0.5 -1.11 -1.59 -0.98999999 -1.11 -1.06 -1.06 -0.615 -1.005 -0.11500029 -0.43 -1.5899965 -1.59 -1.375 -0.93 -0.595 -0.595 -0.85149404 -0.64 -0.64 -0.079999997 0.085 0.085 -0.585 -0.585 -0.37999913 -0.37998391 -0.44973767 0.23 0.23 -0.21 -0.21 -0.24624961 -0.17 -0.17 -0.15000069 0.23499946 0.235 0.235 0.23499129 -0.41500318 -0.415 -0.415 -0.415 -0.41500018 -0.71 -0.045131785 -0.045 -0.045 -0.045 
0.11 0.245 0.29 -1.205 -1.4549857 -1.525 -1.53 -1.04 -1.585 -1.585 -1.585 -1.205 -0.115 -0.115 -1.5798801 -1.5581235 -1.555 -0.86 -0.53000007 -0.595 -0.74056709 -0.755 -0.815 0.225 0.22499768 0.045 -0.13 -0.13000016 -0.36505256 -0.365 -0.45 -0.68246647 -0.405 -0.21 -0.23709514 -0.31 -0.31 -0.15 -0.15 0.235 0.235 0.23499999 -0.98071215 -0.98499997 -0.415 -0.415 -0.415 -0.70998877 -0.71 -0.71 -0.045 -0.045 -0.045 
-0.069051167 0.245 0.295 0.205 -0.755 -1.35 -1.71 -2.23 -1.975 -1.1337033 -0.98 -0.975 -0.975 -0.91 -0.90999939 -1.3106828 -1.31 -1.31 -0.809625 -0.71999997 -0.585 -0.585 -0.66 -0.75391704 0.063139247 0.045 -2.3354253e-41 -0.13 -0.48293709 -0.485 -0.76 -0.675 -0.86135022 -1.495 -1.16 -1.605 -0.955 -0.33 -0.86475296 0.23287971 -0.24 -0.46 -0.98490069 -0.985 -0.98179173 -0.415 -0.85499998 -0.71 -0.71 -0.71 -0.70999999 0.071414456 0.565 
-1.825 -1.825 0.735 -0.01 -1.165 -1.22 -1.005 -2.155 -1.885 -0.92 -1.08 -0.22 -0.91 -0.91 -0.845 -0.85137769 -1.31 -1.309903 -0.83 -0.72 -0.72 -0.70260748 -0.66 -0.45500388 -0.455 -0.455 -4.91117e-18 -0.025 -0.025 -0.485 -0.485 -0.67570175 -1.045 -1.495 -1.415 -1.605 -0.955 -0.48 -0.865 -0.38786035 -0.45999999 -0.42877615 -0.375 -0.985 -0.985 -0.855 -0.855 -0.855 -0.71 -0.71 0.89 0.89 0.88999988 
-1.825 -1.825 0.205 -0.525 -0.51 -0.71 -0.9 -0.84050894 -1.585 -1.185 -1.33 -0.99 -0.22102612 -0.845 -0.845 -0.84506056 -1.37 -1.3416583 -0.83 -0.89 -0.89 -1.155 -1.155 -0.455 -0.455 -0.455 -0.025 -0.025 -0.025 -1.92 -1.92 -1.9199986 -1.255 -1.255 -1.6 -1.545 -1.335 -1.3900032 -0.58 -0.38 -0.38 -0.62499918 -0.375 -0.985 -0.48499984 -0.14 0.021210045 0.024999998 0.585 0.585 0.89 0.89 0.89 
-1.825 -0.94856429 -0.10651704 -0.64499099 0.365 -0.93 -0.9 -0.84 -1.5849938 -1.1894315 -0.99000025 -0.99 -1.165 -0.845 -0.845 -1.37 -1.37 -1.3699693 -0.83 -0.89 -0.94204061 -1.155 -1.155 -0.45502828 -0.455 -0.65880613 -1.075 -1.075 -1.0749999 -1.92 -1.92 -1.31 -1.31 -1.2550009 -1.6 -1.5450001 -1.4039523 -1.39 -1.39 -0.38000001 -0.625 -0.625 -0.62499895 -0.485 -0.485 -0.14 0.025 0.025 0.585 0.585 0.89 0.89 0.89 
-1.805 -1.5965319 -1.7399539 -1.732048 0.36499335 -0.92996942 -0.9 -0.84073858 -1.5336619 -1.5745549 -1.165 -1.165 -1.165 -1.165 -0.84504533 -1.37 -1.37 -1.3630277 -0.83 -0.89010522 -1.255 -1.255 -1.255 -1.255 -0.4690549 -1.075 -1.075 -1.075 -1.075 -1.0755468 -1.31 -1.31 -1.31 -1.31 -1.545 -1.545 -1.545 -1.3979111 -1.3837663 -0.56 -0.56 -0.6249965 0.44496816 -0.48491042 -0.485 -0.14 0.025 0.025 0.585 0.585 0.88889349 0.89 0.47486526 
-1.805 -1.74 -1.74 -1.74 -1.74 -1.7399996 -0.90007665 -0.87170691 -1.3966965 -1.1654423 -1.165 -1.165 -1.165 -1.165 -1.165 -1.37 -1.3699999 -1.3329597 -0.8300089 -1.255 -1.255 -1.255 -1.255 -1.255 -1.274022 -1.2906694 -1.27 -1.27 -1.27 -1.27 -1.31 -1.31 -1.3100001 -1.4 -1.4 -1.545 -0.77696854 -0.755 -0.56000011 -0.56 -0.56 -0.56 0.445 0.445 0.445 0.44092893 0.84459799 0.85 0.85 0.85 0.85 0.43500009 0.435 
-1.67 -1.74 -1.74 -1.74 -1.74 -1.74 -1.7399999 -1.0099921 -1.2056503 -1.205 -1.205 -1.205 -1.205 -1.205 -1.205 -0.62697379 -1.3579705 -1.2960558 -1.2549467 -1.255 -1.255 -1.255 -1.255 -1.2549995 -2.135 -2.135 -2.1349988 -1.27 -1.27 -1.27002 -1.28 -1.28 -1.4 -1.4 -1.4 -0.8583219 -0.755 -0.755 -0.755 -0.56 -0.56 -0.56 0.445 0.445 0.445 0.445 0.85 0.85 0.85 0.85 0.85 0.435 0.435 
-1.67 -1.6960602 -1.74 -1.74 -1.74 -1.74 -1.3150834 -1.315 -1.315 -1.205 -1.205 -1.205 -1.205 -1.205 -1.0748419 -0.615 -0.615 -0.615 -0.82132419 -0.82000044 -0.82 -0.82 -0.82 -0.82 -2.135 -2.135 -2.135 -2.135 -1.27 -1.28 -1.28 -1.28 -1.4 -1.4 -1.4 -0.575 -0.75476167 -0.755 -0.755 -0.55982035 -0.20099515 0.63641346 0.445 0.445 0.79890445 0.8 0.8 0.84990126 0.79020967 0.79000001 0.79000001 0.44999781 0.43500003 
-1.67 -1.6456714 -1.6919256 -1.74 -1.74 -1.3152511 -1.315 -1.315 -1.315 -1.3142073 -1.205 -1.205 -1.205 -1.2049999 -0.615 -0.615 -0.615 -0.615 -0.81981688 -0.82 -0.82 -0.82 -0.82 -0.82 -2.135 -2.135 -2.135 -2.135 -2.1318901 -1.28 -1.28 -1.28 -0.94500001 -1.3999051 -0.575 -0.575 -0.575 -0.56764837 0.55167116 0.64 0.64 0.64 0.46 0.46 0.8 0.8 0.8 0.79 0.79 0.79 0.79 0.45 0.45 
-1.6449894 -1.645 -1.645 -1.645 -1.095 -1.3149943 -1.315 -1.315 -1.315 -1.315 -1.190994 -1.2049976 -1.205 -0.615 -0.615 -0.615 -0.615 -0.615 -0.58530277 -0.82 -0.82 -0.82 -0.82 -0.82 -1.4700742 -1.5150034 -1.515 -1.515 -1.515 -1.28 -0.94500001 -0.945 -0.945 -0.945 -0.575 -0.57498236 0.095 0.095 0.63319486 0.64 0.64 0.64 0.46 0.46 0.74735629 0.8 0.8 0.79 0.79 0.79 0.78635432 0.45 0.45 
-1.645 -1.645 -1.645 -1.3859968 -1.095 -1.095 -1.315 -1.315 -1.315 -1.315 -1.02 -1.02 -1.02 -0.615 -0.615 -0.615 -0.615 -0.61490333 0.11 0.11 -0.81999962 -0.82 -0.82669509 -1.095 -1.0987811 -1.515 -1.515 -1.515 -1.515 -0.94505804 -0.945 -0.945 -0.945 -0.945 0.094997645 0.095 0.095 0.095 0.096935795 0.64 0.64 0.64 0.46 0.46 0.46 0.8 0.8 0.78999998 0.79 0.79 0.45 0.45 0.45 
-1.645 -1.645 -1.645 -1.095 -1.095 -1.095 -1.0950003 -1.315 -1.315 -1.0203045 -1.02 -1.02 -1.02 -1.0197477 -0.14148789 -0.03 -0.03 -0.029999999 0.11 0.11 0.11 -1.095 -1.095 -1.095 -1.094598 -0.5420074 -1.515 -1.515 -1.515 -0.26679648 -0.095083601 -0.095 -0.095 -0.095 0.23177541 0.42499925 0.425 0.425 0.425 0.19006157 0.19 0.19 0.46 0.46 -0.3549966 -0.35500018 -0.86 -0.86 -0.595 -0.595 -0.595 0.45 -0.55909694 
-1.6449986 -1.645 -1.645 -1.095 -1.095 -1.095 -1.095 -0.54000023 -1.3119012 -1.0205985 -1.02 -1.02 -1.02 -1.0180573 -0.03 -0.03 -0.03 -0.02999996 0.11 0.11 0.11 -1.095 -1.095 -1.095 0.34 0.34 0.085000004 0.085 0.085 0.084018043 -0.095 -0.095 -0.095 -0.095 0.16485721 0.425 0.425 0.425 0.425 0.19 0.19 0.19 0.17285221 -0.355 -0.355 -0.355 -0.86 -0.86 -0.595 -0.595 -0.595 -0.56 -0.56 
-1.205 -1.3968538 -1.045 -1.0450145 -1.095 -0.54321121 -0.54 -0.54 -0.73129878 -1.68 -1.68 -1.68 -1.68 0.53492789 0.535 -0.029999566 -0.03 -0.026311206 0.11 0.11 0.11 0.285 0.285 0.285 0.34 0.34 0.085 0.085 0.085 0.085000167 0.31499739 0.31499885 -0.084695266 -0.094560452 0.2745807 0.275 0.275 0.275 0.275 0.19 0.19 0.19 -0.32499067 -0.355 -0.355 -0.35500007 -0.86 -0.86 -0.85999046 -0.595 -0.59502213 -1.09 -0.56 
-0.99004083 -0.99000001 -1.045 -1.045 -1.045 -0.54 -0.54 -0.54 -1.065 -1.065 -1.68 -1.68 -1.68 0.535 0.535 0.535 0.535 0.53495068 0.11 0.11 0.11000001 0.285 0.285 0.285 0.34 0.34 0.085 0.085 0.085 0.31240673 0.315 0.315 0.315 0.315 0.27501974 0.275 0.275 0.275 0.275 0.07500003 0.075 0.075 0.075 -0.35500284 -0.725 -0.725 -0.725 -1.205 -1.205 -1.205 -1.09 -1.09 -1.09 
-0.99 -0.99 -1.045 -1.045 -1.045 -0.54265437 -0.54 -1.065 -1.065 -1.065 -1.6799243 -1.68 -0.8669609 0.53499972 0.535 0.535 0.535 -0.089999999 -0.09 -0.09 0.52999999 0.52999982 0.28500119 0.285 0.28516366 0.535 0.535 0.53499893 0.085072723 0.38998505 0.3899996 0.38998691 0.31512818 0.31506472 0.28217419 0.27500011 0.2759551 0.56 0.56 0.075 0.075 0.075 0.075 -0.725 -0.725 -0.725 -0.725 -1.205 -1.205 -1.205 -1.09 -1.09 -1.09 
-0.99 -0.99 -1.045 -1.045 -1.045 -1.045 -0.73649216 -1.065 -1.065 -1.065 -1.0647901 -0.685 -0.685 -0.685 0.52781026 0.535 -0.085835154 -0.09 -0.09 -0.09 0.53 0.53 0.53 0.53 0.535 0.535 0.535 0.535 0.535 0.39 0.39 0.39 0.39 0.39000086 0.8 0.56 0.56 0.56 0.56 0.55999709 -0.285 -0.285 -0.285 -0.47048519 -0.855 -0.855 -0.855 -1.205 -1.2049992 -0.37 -0.37 -0.28019705 -0.28 
-0.99 -0.99 -1.0251489 -1.045 -1.045 -1.045 -0.72061221 -1.0639128 -1.065 -1.065 -0.68499999 -0.685 -0.685 -0.685 -0.685 -0.58491202 -0.09 -0.09 -0.09 -0.09 0.5299952 0.53 0.53 0.53 0.535 0.535 0.535 0.535 0.535 0.65602431 0.39 0.39 0.39 0.8 0.8 0.79981363 0.56 0.56 0.7119502 0.82999997 -0.285 -0.285 -0.285 -0.46584143 -0.855 -0.855 -0.855 0.135 -0.36370775 -0.37 -0.37 -0.28 -0.28 
-0.385 -0.385 -0.385 -0.87951986 -1.043784 -0.72 -0.72 -0.72 -0.72 -0.645 -0.645 -0.685 -0.685 -0.685 -0.685 -0.68496225 -0.09 -0.09 -0.09 -0.09 0.25945211 0.53 0.53 0.54086072 0.92674316 0.535 0.535 0.535 0.75 0.75 0.75 0.74999849 0.8 0.8 0.8 0.8 0.83 0.83 0.83 0.83 0.105 0.105 0.105 -0.20999367 -0.21 -0.21 -0.2100002 0.135 0.135 -0.36938469 -0.37 -0.27999508 -0.28 
-0.385 -0.385 -0.385 -0.38499058 -0.21 -0.28416238 -0.72 -0.72 -0.72 -0.645 -0.645 -0.645 0.25999996 0.26 0.26 0.25999996 -0.091786027 -0.09 -0.09 -0.09 -0.080575939 0.94499886 0.945 0.945 0.945 0.94500001 1.31 1.31 0.75 0.75 0.75 0.75 0.80000001 0.8 0.8 0.80000122 0.82999999 0.83 0.83 0.82890329 0.105 0.105 0.105 -0.20998539 -0.21 -0.21 -0.21 0.135 0.135 0.13500007 0.695 0.695 0.225 
-0.385 -0.385 -0.385 -0.2100004 -0.21 -0.21 -0.71999981 -0.72 -0.72 -0.645 -0.645 -0.645 0.26 0.26 0.26 0.1590886 -1.065 -1.065 -1.0649975 -0.095507046 0.945 0.945 0.945 0.945 0.945 0.94527468 1.31 1.31 1.31 0.75 0.75 0.74987449 0.815 0.815 0.815 0.515 0.515 0.58 0.58 0.58 0.335 0.10507214 0.10500142 0.295 0.295 0.27586107 -0.20999808 0.135 0.135 0.695 0.695 0.695 0.225 
-0.385 -0.385 -0.385 -0.21 -0.21 -0.21 -0.21 -0.72 -0.72 -0.645 -0.645 0.22381305 0.26 0.26 0.26 -1.065 -1.065 -1.065 -1.065 -1.065 0.945 0.945 0.945 0.945 0.945 1.3099988 1.31 1.31 1.31 0.555 0.555 0.555 0.815 0.815 0.815 0.515 0.515 0.58 0.58 0.335 0.335 0.335 0.295 0.295 0.295 0.295 0.33689514 0.805 0.805 0.805 0.695 0.57 0.57 
-0.385 -0.385 -0.3847563 -0.21 -0.21 -0.21 -0.21 -0.54320412 -0.56 -0.56014593 -0.64499998 0.2599644 0.26 0.26 0.25999542 -1.065 -1.065 -1.065 -1.065 -1.065 -0.2682553 0.945 0.945 0.945 0.94481257 1.3099283 1.31 1.31 1.31 0.555 0.555 0.555 0.55503557 0.815 0.515 0.515 0.515 0.51500262 0.57998329 0.335 0.335 0.335 0.29500243 0.295 0.295 0.295 0.80500261 0.805 0.805 0.805 0.57 0.57 0.57 
-0.215 -0.2150003 -0.21009221 -0.21 -0.21 -0.21 -0.55992552 -0.56 -0.56 -0.56 -0.16500001 -0.165 -0.165 -0.165 -1.0608461 -1.065 -1.065 -1.065 -1.065 -0.32000044 -0.32 -0.32 0.035000152 0.035 0.035 0.035 0.1450489 1.31 0.31504075 0.315 0.315 0.315 0.315 0.435 0.435 0.435 0.435 0.435 0.65 0.65 0.65 0.65 0.65 1.0688317 1.07 1.07 1.07 0.805 0.805 0.805 0.57003702 0.57 0.57 
-0.215 -0.215 -0.21131611 0.22499913 0.2249999 0.22423446 -0.56 -0.56 -0.56 -0.56 -0.165 -0.165 -0.165 -0.165 -0.165 -1.065 -1.065 -1.065 -0.32000019 -0.32 -0.32 -0.32 0.034999999 0.035 0.035 0.035 0.035 0.035270056 0.31481078 0.315 0.315 0.315 0.31492399 0.14588017 0.43470063 0.435 0.435 0.43499999 0.65 0.65 0.65 0.65 0.65 1.07 1.07 1.07 1.07 0.94608082 0.805 0.65172932 0.65 0.5 0.5 
-0.215 -0.215 0.22494427 0.225 0.225 0.225 0.025613311 -0.56 -0.56 -0.56 -0.165 -0.165 -0.165 -0.165 -0.165 -1.0643104 -1.065 -0.32021843 -0.32 -0.32 -0.32 -0.32 -0.09651205 0.035 0.035 0.035 0.035 0.034850891 -0.175 -0.175 -0.175 -0.175 -0.175 -0.075 -0.075 -0.075 -0.075 -0.075 0.475 0.475 0.475 0.475 0.475 1.0694018 1.0699999 1.07 1.0699585 1.0649424 0.65 0.65 0.65 0.50000084 0.5 
-0.21500032 -0.3865882 0.22499991 0.225 0.225 0.225 0.225 -0.55966575 -0.56 -0.56 -0.165 -0.165 -0.165 -0.165 -0.47789237 -0.485 -0.485 -0.32000425 -0.32 -0.32 -0.32 -0.32 -0.32000001 0.035 0.035 0.035 0.035 -1.174999 -1.1749995 -0.9621757 -0.175 -0.175 -0.175 -0.074999998 -0.075 -0.075 -0.075 -0.074854384 0.475 0.475 0.475 0.475 0.47499847 0.825 0.825 0.825 0.825 0.82498589 0.65 0.65 0.65 0.64999992 0.51970545 
-0.39 -0.39 -0.24301252 0.225 0.225 0.225 0.225 0.225 -0.55966463 -0.29 -0.29 -0.29 -0.28970335 -0.48499954 -0.485 -0.485 -0.485 -0.485 -0.3200018 -0.33538587 -0.47 -0.47 -0.47 -0.34301309 0.007387451 -0.14036207 -0.26552786 -1.175 -1.175 -1.175 -1.175 -1.175 -1.1253552 0.13831647 0.14 0.14 0.14 0.14 0.47124284 0.45500004 0.455 0.455 0.455 0.75000022 0.82499998 0.825 0.825 0.685 0.65000056 0.65 0.65 0.52 0.52 
-0.39 -0.39 -0.165 -0.165 -0.165 0.22487009 0.225 0.225 -0.29 -0.29 -0.29 -0.29 -0.29 -0.48499999 -0.485 -0.485 -0.485 -0.485 -0.47 -0.47 -0.47 -0.47 -0.47 -0.31000001 -0.31 -0.31 -0.31 -1.175 -1.175 -1.175 -1.175 -1.175 -0.01 -0.01 0.14 0.14 0.14 0.31996935 0.32 0.455 0.455 0.455 0.45499999 0.75 0.75 0.75 0.685 0.685 0.685 0.545 0.545 0.52 0.52 
-0.39 -0.39 -0.165 -0.165 -0.165 -0.165 -0.16500088 -0.325 -0.29003295 -0.29 -0.29 -0.29 -0.29 -0.48256755 -0.485 -0.485 -0.485 -0.485 -0.47 -0.47 -0.47 -0.47 -0.47 -0.31 -0.31 -0.31 -0.31 -0.31000347 -1.175 -1.175 -1.175 -0.010061079 -0.01 -0.01 -0.01 0.14 0.32 0.32 0.32 0.3235521 0.40441949 0.395 0.395 0.75 0.75 0.75 0.685 0.685 0.685 0.545 0.545 0.545 0.50188567 
-0.83 -0.82999655 -0.165 -0.165 -0.165 -0.165 -0.325 -0.325 -0.325 -0.29 -0.29 -0.29 -0.29 -0.29006062 -0.485 -0.485 -0.485 -0.485 -0.47000013 -0.47 -0.47 -0.46999999 -0.3381791 -0.31 -0.31 -0.31 -0.31 -2.5330987e-07 -4.9140863e-19 -1.2948224e-08 -1.1623456 -0.01 -0.01 -0.01 -0.0099999952 -0.0050000001 0.32 0.32 0.32 0.32 0.395 0.395 0.395 0.405 0.405 0.405 0.06506038 0.685 0.685 0.545 0.545 0.545 0.49999939 
-0.83 -0.83 -0.165 -0.165 -0.165 -0.325 -0.325 -0.325 -0.325 -0.29383658 -0.29 -0.29 -0.29 -0.29000057 -0.36501381 -0.365 -0.365 -0.365 -0.2654754 -0.135 -0.135 -0.135 -0.135 -0.31 -0.31 -0.31 -0.30997955 -1.6095583e-32 -1.0323804e-55 1.0556405e-36 8.0853517e-12 -0.009958892 -0.0071876446 -0.005 -0.005 -0.005 0.31981226 0.27000104 0.27 0.27 0.39493734 0.315 0.315 0.405 0.405 0.40499856 0.065 0.065 0.53 0.53 0.53 0.285 0.28 
-0.83 -0.83 -0.65 -0.65 -0.65 -0.325 -0.325 -0.325 -0.325 -0.29 -0.29 -0.29 -0.29 -0.29528543 -0.365 -0.365 -0.365 -0.365 -0.27 -0.135 -0.135 -0.135 -0.135 0.29 0.28999976 -0.30999911 -1.5313632e-16 -2.0246421e-59 2.5390912e-139 1.4539138e-39 0.16200808 0.32 0.033670543 -0.005 -0.005 -0.005 0.27 0.27 0.27 0.27 0.315 0.315 0.315 0.26501577 0.265 0.065898986 0.065 0.065 0.52999849 0.53 0.285 0.285 0.28 
-0.83 -0.65 -0.65 -0.65 -0.65 -0.65 -0.32748413 -0.645 -0.645 -0.29 -0.29 -0.29 -0.29 -0.29001776 -0.365 -0.365 -0.365 -0.3607076 -0.27 -0.27 -0.135 -0.135 0.29 0.29 0.29 0.29 4.5550997e-17 3.291314e-50 1.3190743e-52 6.9694564e-19 0.32 0.32 0.32 -0.0046711269 -0.005 -0.005 0.27 0.27 0.27 0.27 0.315 0.315 0.315 0.265 0.265 0.26500822 0.41 0.41 0.245 0.245 0.285 0.285 0.28 
-0.65169042 -0.65 -0.65 -0.65 -0.65 -0.65 -0.645 -0.645 -0.645 -0.45498916 -0.29 -0.29 -0.29 -0.28999988 -0.365 -0.365 -0.365 -0.27 -0.27 -0.27 -0.13500674 -0.1349974 0.29 0.29 0.29 0.29 2.0613444e-05 7.3246868e-28 1.2610049e-20 0.31992641 0.32 0.32 0.32 0.32 -0.0040296878 0.125 0.125 0.12750948 0.27 0.27 0.31499996 0.315 0.26645376 0.265 0.265 0.40999995 0.41 0.41 0.245 0.245 0.2 0.2 0.365 
-0.65 -0.65 -0.65 -0.65 -0.65 -0.65 -0.645 -0.645 -0.645 -0.645 -0.26500072 -0.265 -0.265 -0.265 -0.36499923 -0.21115762 -0.125 -0.125 -0.26973269 -0.27 -0.26999997 0.28999938 0.29 0.29 0.29 0.29 0.28978915 2.7238205e-14 1.0937092e-05 0.32 0.32 0.32 0.32 0.32 0.125 0.125 0.125 0.125 0.125 0.12500056 0.14 0.14 0.14000007 0.355 0.355 0.355 0.08 0.08 0.04 0.04 0.2 0.20000036 0.365 
-0.65 -0.65 -0.65 -0.65 -0.65 -0.65 -0.645 -0.645 -0.645 -0.265 -0.265 -0.265 -0.265 -0.265 -0.22809634 -0.125 -0.125 -0.125 -0.125 -0.125 -0.13192327 0.29 0.29 0.29 0.29 0.26440818 -0.5237229 -0.071484679 0.31842193 0.32 0.32 0.32 0.32 0.31999957 0.125 0.125 0.125 0.125 0.125 0.13197797 0.14 0.14 0.14 0.355 0.355 0.355 0.08 0.08 0.04 0.04 0.82999998 0.39065129 0.365 
-0.65 -0.65 -0.65 -0.65 -0.65 -0.65 -0.645 -0.645 -0.62922788 -0.265 -0.265 -0.265 -0.265 -0.265 -0.25828474 -0.125 -0.125 -0.125 -0.125 -0.125 -0.125 -0.39914267 -0.52499886 -0.525 -0.525 -0.525 -0.525 -0.525 -0.27288657 -0.26999301 -0.26999999 -0.27 -0.27 -0.26999971 0.125 0.125 0.125 0.125 0.125 0.14 0.14 0.14 0.14 0.1400001 0.35494389 0.32 0.080000025 0.64996606 0.040543246 0.83 0.83 0.83332586 0.99 
-0.65 -0.65 -0.65 -0.65 -0.65 -0.64999968 -0.64500027 -0.64497701 -0.26500048 -0.265 -0.265 -0.265 -0.265 -0.265 -0.2623361 -0.125 -0.125 -0.125 -0.125 -0.125 -0.125 -0.525 -0.525 -0.525 -0.525 -0.525 -0.525 -0.525 -0.27007039 -0.27 -0.27 -0.27 -0.27 -0.27 -0.16177004 0.125 0.125 0.125 0.125 0.14 0.14 0.14 0.14 0.14004611 0.32 0.32 0.32213096 0.66 0.66 0.83 0.83 0.99 0.99 
-0.65 -0.65 -0.65 -0.65 -0.65 -0.64999333 -0.64499524 -0.30788052 -0.265 -0.265 -0.265 -0.265 -0.265 -0.265 -0.26254906 -0.125 -0.125 -0.125 -0.125 -0.125 -0.18195273 -0.525 -0.525 -0.525 -0.525 -0.525 -0.525 -0.525 -0.27000102 -0.27 -0.27 -0.27 -0.27 -0.27 -0.27 -0.030486506 -0.2721663 -0.40431858 -0.42442366 0.1207164 0.13999999 0.14 0.14 0.31998563 0.32 0.32029846 0.37000139 0.66 0.66 1.3799204 1.38 1.38 0.99000017 
-0.65 -0.65 -0.65 -0.65 -0.64999999 -0.64995813 -0.61218134 -0.26510449 -0.265 -0.265 -0.265 -0.265 -0.265 -0.265 -0.26173078 -0.125 -0.125 -0.125 -0.125 -0.125 -0.52499827 -0.525 -0.525 -0.525 -0.525 -0.525 -0.525 -0.525 -0.27000007 -0.27 -0.27 -0.27 -0.27 -0.27 -0.27000003 -0.435 -0.435 -0.435 -0.435 -0.16 -0.16 -0.16 -0.16 0.36999985 0.37 0.37 0.37 0.37000711 1.015 1.015 1.38 1.38 1.6966983 
-0.65 -0.65 -0.65 -0.65 -0.64999986 -0.64969169 -0.29107805 -0.26500496 -0.265 -0.265 -0.265 -0.265 -0.265 -0.265 -0.26024754 -0.12500006 -0.125 -0.125 -0.125 -0.12740742 -0.525 -0.525 -0.525 -0.525 -0.525 -0.525 -0.525 -0.525 -0.27000006 -0.27 -0.27 -0.27 -0.27 -0.27 -0.43499985 -0.435 -0.435 -0.435 -0.435 -0.16 -0.16 -0.16 -0.16 -0.016955279 0.37 0.37 0.37 1.0149928 1.015 1.015 1.84 1.84 1.84 
-0.65 -0.65 -0.65 -0.64999999 -0.6499977 -0.63167188 -0.26641475 -0.26500124 -0.265 -0.265 -0.265 -0.265 -0.265 -0.26499999 -0.25823831 -0.12500329 -0.125 -0.125 -0.12500046 -0.51689537 -0.525 -0.525 -0.525 -0.525 -0.525 -0.525 -0.525 -0.525 -0.27000024 -0.27 -0.27 -0.27 -0.27 -0.59209831 -0.43500008 -0.435 -0.435 -0.435 -0.435 -0.16 -0.16 -0.16 -0.16 -0.16 0.37 0.37 0.37 1.015 1.015 1.015 1.84 1.84 1.84 
-0.65 -0.65 -0.65 -0.64999979 -0.64988831 -0.44300822 -0.26524746 -0.26500076 -0.265 -0.265 -0.265 -0.265 -0.265 -0.26499974 -0.25584949 -0.12505113 -0.125 -0.12500001 -0.12707099 -0.52496599 -0.525 -0.525 -0.525 -0.525 -0.525 -0.525 -0.525 -0.52499985 -0.2700016 -0.27 -0.27000031 -0.67131864 -0.71 -0.71 -0.71 -0.435 -0.435 -0.435 -0.435 -0.16 -0.16 -0.16 -0.16 -0.16 0.3699906 0.37 0.37000032 1.015 1.015 1.0150004 1.84 1.84 1.84 
