interpolatedSpi/03-05|23_2.tif
NCOLS 53
NROWS 52
XLLCORNER -116.03883
YLLCORNER 28.596182
DX 0.49850594
DY 0.49788537
NODATA_VALUE -9999
[rows 0 to 28 of 52, columns 0 to 52 of 53]
-0.46 -0.46 -1.3541766 -1.89 -1.07 -0.92 -1.1666667 -0.56333333 -1.3783302 -0.89 -1.01 -1.07 -1.4666661 -1.46 -1.17 -1.17 -1.17 -0.60333333 -1.01 -1.01 -1.01 -1.0099909 -0.06666668 -1.3866667 -1.3866667 -1.3866667 -0.56999263 -0.57 -0.57 -1.13 -1.13 -1.13 -1.13 -2.3499998 -2.35 -2.35 -2.35 -2.35 -2.35 -2.3499999 0.090380261 0.11617147 -1.8266667 -1.8266667 -1.8266667 -1.8266667 -1.8258173 -1.3066667 -1.3066667 -1.3066667 -0.59000149 -0.59 -0.59
-0.46003629 -1.2766667 -1.3333327 -1.234965 -1.5132452 -1.1 -1.18 -0.91318661 -0.89333333 -1.4533333 -1.34 -1.4666667 -1.4666667 -1.0679782 -1.4599927 -1.17 -0.60333333 -0.60333333 -1.0094698 -1.01 -1.01 -1.01 -1.3708755 -1.3866667 -1.3866667 -1.3866667 -1.5066667 -1.5066667 -1.13 -1.13 -1.13 -1.13 -1.13 -2.3499998 -2.35 -2.35 -2.35 -2.35 -2.35 -2.2313478 -1.6300411 -1.8028029 -1.8266667 -1.8266667 -1.8266667 -1.8266667 -1.8266667 -1.3066667 -1.3066667 -1.3066667 -1.24724 -0.59 -0.59
-0.20336828 -0.20333333 -0.78666667 -1.03 -1.2533333 -0.77333333 -1.2766667 -0.45333333 -1.5266667 -1.5233333 -1.4633333 -1.66 -2.07 -0.87333333 -1.0666667 -1.8133333 -0.60333333 -0.60333333 -0.60333333 -0.78339923 -0.78333333 -0.78333333 -1.0866667 -1.3866667 -1.3866667 -1.3866667 -1.5066667 -1.5066667 -1.5066667 -1.13 -1.13 -1.13 -1.3209554 -2.3481964 -2.3448807 -1.8050399 -1.8 -1.8 -1.7786185 -1.63 -1.63 -1.6302515 -1.8266667 -1.8266667 -1.8266667 -1.8266667 -1.8266667 -1.3066667 -1.3066667 -1.3066667 -1.3066667 -0.59 -0.59
-0.25333333 -0.20333351 -1.0634544 -0.87333333 -1.3566667 -1.0266667 -0.89 -1.09 -1.2066667 -1.2377869 -1.5766667 -1.24 -1.4833333 -0.87333333 -1.9066667 -1.8133333 -1.1219968 -1.116307 -1.13 -0.78333333 -0.78333333 -1.4633333 -1.0866667 -1.0866667 -1.3866667 -1.3866673 -1.5066667 -1.5066667 -1.5066667 -0.94666667 -1.2648997 -1.5266667 -1.5266667 -1.5266669 -1.8 -1.8 -1.8 -1.8 -1.63 -1.63 -1.63 -1.63 -1.8266667 -1.8266667 -1.8266667 -1.8266667 -1.8266667 -1.3066732 -1.3066667 -1.3066667 -1.3066667 -0.59000207 -0.59
-0.25333333 -0.13666837 -1.0633333 -1.6212059 -1.3566667 -1.6766667 -1.580086 -2.4133333 -2.2566667 -1.8400002 -1.6604284 -1.5732646 -1.0933333 -1.9066667 -1.9066667 -1.8332719 -1.1166667 -1.1166667 -1.13 -1.13 -0.78333467 -1.4633333 -1.1 -0.3 -0.92333333 -0.92334284 -1.5066667 -1.5066667 -0.94666667 -0.94666667 -1.5266667 -1.5266667 -1.5266667 -1.5235237 -1.8 -1.8 -1.8 -1.63 -1.63 -1.63 -1.63 -1.6299067 -1.8266667 -1.8266667 -1.8266667 -1.8266667 -1.8266667 -1.822038 -1.3066667 -1.3066374 -0.65333333 -0.65333333 -0.65333333
-1.12 -1 -1.1366666 -1.3533333 -1.15 -1.2833333 -1.7366667 -1.8232994 -1.9866667 -2.3366667 -1.93 -1.8633333 -1.8633328 -1.2633333 -1.2633333 -0.58329712 -0.58333333 -0.69 -0.69 -1.1299992 -1.2966667 -1.2966667 -0.3 -0.92333333 -0.92333333 -0.96333333 -1.54 -1.54 -0.97666513 -0.94666667 -1.5266667 -1.5266667 -1.51 -1.5099589 -1.116695 -1.5933333 -1.5933333 -1.6186563 -1.63 -1.63 -0.66453897 -0.66333333 -0.66333306 -1.2339838 -1.2234 -1.2233335 -1.2233334 -1.2233336 -1.0428118 -0.65333333 -0.65333333 -0.65333333 -0.65333333
0.20998398 -0.12666667 -0.7103693 -1.3166667 -1.1833333 -1.39 -1.45 -1.7833333 -2.0533333 -2.0533333 -1.93 -1.4833333 -1.2233334 -1.2633333 -0.43333582 -0.43333333 -0.58333333 0.04 -0.17 -0.17 -1.131724 -0.94666667 -0.94666667 -0.94333333 -0.96333333 -0.96333333 -1.54 -1.54 -0.97671834 -0.97761799 -0.87306221 -1.51 -1.51 -1.1166667 -1.1166667 -1.3664 -1.5933333 -1.5933333 -1.7933264 -0.66333491 -0.66333333 -0.66333333 -0.66333209 -1.2233315 -1.2233333 -1.2233333 -1.2233333 -1.2233333 -1.1 -0.65342185 -0.65333333 -0.65333333 -0.65333333
0.21 -0.76 -0.17333333 -1.64 -1.3133521 -1.42 -1.6933333 -1.8533333 -0.81666667 -1.3 -1.3 -1.2833333 -1.2233333 -1.2233333 -0.43875347 -0.33315007 -0.32333333 0.10666667 -0.25999991 -0.17 -0.29930652 -0.27666667 -1.2233333 0.24666666 0.24665613 -0.57 -0.58 -0.58000034 -1.8602263 -1.8633333 -0.87 -1.1393145 -1.0533333 -1.1166667 -1.1160012 -1.1766667 -1.1766667 -1.7933333 -1.7933333 -0.66333333 -0.66333333 -0.66333333 -0.90095318 -0.90333335 -1.2233333 -1.2233333 -1.2233333 -1.1000047 -1.1 -1.1 -0.65333333 -0.65333333 -0.65333333
-0.87479809 -0.75999998 0.50333333 -1.24 -1.52 -2.0633333 -1.6433333 -0.86333333 -1.3033333 -0.74246888 -0.93666667 -1.4166667 -1.4166667 -0.74 -0.73999721 -1.4036473 -1.4066667 -1.4066667 0.050694424 -0.89666659 -0.54333333 -0.54333333 -1.57 -1.359949 -0.48770156 -0.57 -0.89333333 -0.58 -0.41430183 -0.41333333 -1.1633333 -1.2333333 -1.1275657 -1.32 -1.0933333 -1.1666667 -1.2866667 -1.8766667 -1.223635 -0.66275304 -0.53333333 -0.55666667 -0.90319822 -0.90333333 -0.90513447 -1.2233333 -1.5933333 -1.1 -1.1 -1.1 -1.1 -0.44748103 0.80333333
-1.5166667 -1.5166667 0.23666667 -0.46333333 -1.63 -1.7933333 -1.07 -1.1833333 -0.52 -0.59997365 -0.80333333 -0.48333333 -0.74 -0.74 -0.44333333 -0.45654589 -1.4066667 -1.406388 -0.17 -0.89666667 -0.89666667 -0.85114545 -1.57 -0.61001818 -0.61 -0.61 -0.89333333 -0.38333333 -0.38333333 -0.41333333 -0.41333333 -1.232935 -1.0233333 -1.32 -0.70666667 -1.1666667 -1.2866667 -1.8633333 -1.2233333 -0.14444025 -0.55666667 -0.37911929 -0.073333333 -0.90333333 -0.90333333 -1.5933333 -1.5933333 -1.5933333 -1.1 -1.1 1 1 0.99999993
-1.5166667 -1.5166667 -0.67666667 -1.1233333 -1.54 -0.88333333 -1.6633333 -0.83066127 -1.11 -1.6466667 -0.87666667 -0.43666667 -0.48327159 -0.44333333 -0.44333333 -0.44331641 -0.29666667 -0.29001861 -0.17 0.41666667 0.41666667 -0.19333333 -0.19333333 -0.61 -0.61 -0.61 -0.38333333 -0.38333333 -0.38333333 -0.84666667 -0.84666667 -0.84666696 -0.49333333 -0.49333333 -0.97666667 -0.97666667 -0.01 -0.96333628 -0.43333333 -0.12666667 -0.12666667 -0.55333176 -0.073333333 -0.90333333 0.12666611 -0.36333333 0.17568164 0.18333333 0.82666667 0.82666667 1 1 1
-1.5166667 -1.154048 -0.86727526 -1.9933075 -0.80333333 -1.3766667 -1.6633333 -0.83 -1.1099977 -1.6407211 -0.43666824 -0.43666667 0.27666667 -0.44333333 -0.44333333 -0.29666667 -0.29666667 -0.29665946 -0.17 0.41666667 0.29687508 -0.19333333 -0.19333333 -0.60998287 -0.61 -0.39961948 0.03 0.03 0.029999948 -0.84666667 -0.84666667 -0.013333333 -0.013333333 -0.49333466 -0.97666667 -0.1733336 -0.21846014 -0.96333333 -0.96333333 -0.12666668 -0.55333333 -0.55333333 -0.55332834 0.12666667 0.12666667 -0.36333333 0.18333333 0.18333333 0.82666667 0.82666667 1 1 1
-0.45666667 -0.86013409 -0.8700092 -0.87812149 -0.80333644 -1.3766531 -1.6633333 -0.84025786 -1.0907051 -1.1240138 0.27666667 0.27666667 0.27666667 0.27666667 -0.44323134 -0.29666667 -0.29666667 -0.2950312 -0.17 0.41659543 0.18333333 0.18333333 0.18333333 0.18333333 -0.59604093 0.03 0.03 0.03 0.03 0.02949139 -0.013333333 -0.013333333 -0.013333333 -0.013333333 -0.17333333 -0.17333333 -0.17333333 -0.92564651 -0.95452097 0.21 0.21 -0.55329228 0.090001255 0.12666314 0.12666667 -0.36333333 0.18333333 0.18333333 0.82666667 0.82666667 0.99937117 1 0.22507375
-0.45666667 -0.87 -0.87 -0.87 -0.87 -0.87000021 -1.6625994 -1.2690673 -1.0392283 0.27515993 0.27666667 0.27666667 0.27666667 0.27666667 0.27666668 -0.29666667 -0.29666665 -0.2879782 -0.17000062 0.18333333 0.18333333 0.18333333 0.18333333 0.18333333 0.17490221 0.013278948 0.039999998 0.04 0.04 0.04 -0.013333329 -0.013333333 -0.013332708 0.50666667 0.50666667 -0.17333333 0.57201365 0.59333333 0.21000022 0.21 0.21 0.21 0.09 0.09 0.09 0.086845213 0.69652485 0.7 0.7 0.7 0.7 0.74000005 0.74
-0.82666667 -0.87 -0.87 -0.87 -0.87 -0.87 -0.87000005 -1.0062534 0.30954455 0.31666667 0.31666667 0.31666667 0.31666667 0.31666667 0.31666667 -0.12102405 -0.29401048 -0.2793217 0.18328887 0.18333333 0.18333333 0.18333333 0.18333333 0.18333282 -0.20666667 -0.20666667 -0.20666632 0.04 0.04 0.040487261 0.28333333 0.28333333 0.50666667 0.50666667 0.50666667 0.57945034 0.59333333 0.59333333 0.59333333 0.21 0.21 0.21 0.09 0.09 0.09 0.09 0.7 0.7 0.7 0.7 0.7 0.74 0.74
-0.82666667 -0.84279917 -0.87 -0.87 -0.87 -0.87 0.14646713 0.14666667 0.14666667 0.31666667 0.31666667 0.31666667 0.31666667 0.31666667 0.21812887 -0.13 -0.13 -0.13 -0.25532672 -0.25666622 -0.25666667 -0.25666667 -0.25666667 -0.25666667 -0.20666667 -0.20666667 -0.20666667 -0.20666667 0.04 0.28333333 0.28333333 0.28333333 0.50666665 0.50666667 0.50666667 0.74 0.59352752 0.59333333 0.59333333 0.20994674 0.10329578 -0.14560067 0.09 0.09 0.74131711 0.74333333 0.74333333 0.70026285 0.85944087 0.85999999 0.85999997 1.1432722 0.74000082
-0.82666667 0.071868621 -0.38082216 -0.87 -0.87 0.14606597 0.14666667 0.14666667 0.14666667 0.14789174 0.31666667 0.31666667 0.31666667 0.31666661 -0.13 -0.13 -0.13 -0.13 -0.25655352 -0.25666667 -0.25666667 -0.25666667 -0.25666667 -0.25666667 -0.20666667 -0.20666667 -0.20666667 -0.20666667 -0.20488437 0.28333333 0.28333333 0.28333333 0.21333334 0.50668332 0.74 0.74 0.74 0.73716765 -0.099800386 -0.14666667 -0.14666667 -0.14666667 0.38333333 0.38333333 0.74333333 0.74333333 0.74333333 0.86 0.86 0.86 0.86 1.1433333 1.1433333
0.096210237 0.096666667 0.096666667 0.096666672 0.63 0.14667913 0.14666667 0.14666667 0.14666667 0.14666667 0.27704598 0.31665985 0.31666665 -0.13 -0.13 -0.13 -0.13 -0.13 -0.14603241 -0.25666667 -0.25666667 -0.25666667 -0.25666667 -0.25666667 -0.16808368 -0.06333411 -0.063333333 -0.063333333 -0.063333333 0.28333333 0.21333333 0.21333333 0.21333333 0.21333333 0.74 0.73999324 0.48333333 0.48333333 -0.13880018 -0.14666667 -0.14666667 -0.14666667 0.38333333 0.38333333 0.68759294 0.74333333 0.74333333 0.86 0.86 0.86 0.86303807 1.1433333 1.1433333
0.096666667 0.096666667 0.096666667 0.34782129 0.63 0.63 0.14666667 0.14666667 0.14666667 0.14666667 -0.20666667 -0.20666667 -0.20666667 -0.13 -0.13 -0.13 -0.13 -0.13001267 -0.22666667 -0.22666667 -0.25666665 -0.25666667 -0.25520592 -0.19666667 -0.19546632 -0.063333333 -0.063333333 -0.063333333 -0.063333333 0.21330516 0.21333333 0.21333333 0.21333333 0.21333333 0.48333424 0.48333333 0.48333333 0.48333333 0.48106198 -0.14666667 -0.14666667 -0.14666667 0.38333333 0.38333333 0.38333333 0.74333333 0.74333333 0.86 0.86 0.86 1.1433333 1.1433333 1.1433333
0.096666667 0.096666667 0.096666667 0.63 0.63 0.63 0.62999926 0.14666667 0.14666667 -0.20630193 -0.20666667 -0.20666667 -0.20666667 -0.2066189 -0.19205572 -0.20666667 -0.20666667 -0.20666667 -0.22666667 -0.22666667 -0.22666667 -0.19666667 -0.19666667 -0.19666667 -0.1965154 0.14997322 -0.063333333 -0.063333333 -0.063333332 -0.15353244 -0.2299564 -0.23 -0.23 -0.23 0.081005512 -0.48333114 -0.48333333 -0.48333333 -0.48333333 0.11996351 0.12 0.12 0.38333333 0.38333333 0.51666611 0.51666672 0.66 0.66 0.79666667 0.79666667 0.79666667 1.1433333 0.70372675
0.096667815 0.096666667 0.096666686 0.63 0.63 0.63 0.63 0.29666662 0.14726643 -0.20640672 -0.20666667 -0.20666667 -0.20666667 -0.20666667 -0.20666667 -0.20666667 -0.20666667 -0.20666667 -0.22666667 -0.22666667 -0.22666667 -0.19666667 -0.19666667 -0.19666667 0.34333333 0.34333333 0.22 0.22 0.22 0.21754511 -0.23 -0.23 -0.23 -0.23 -0.35659719 -0.48333333 -0.48333333 -0.48333333 -0.48333333 0.12 0.12 0.12 0.13248065 0.51666667 0.51666667 0.51666667 0.66 0.66 0.79666667 0.79666667 0.79666667 0.70333334 0.70333333
0.46666667 0.28885451 -0.06 -0.059799819 0.63 0.29859532 0.29666667 0.29666667 0.44849109 0.080000014 0.08 0.08 0.08 0.089999674 0.089999999 -0.20666644 -0.20666667 -0.20719364 -0.22666667 -0.22666667 -0.22666667 -0.29333333 -0.29333333 -0.29333333 0.34333333 0.34333333 0.22 0.22 0.22 0.21999936 -0.66666389 -0.66666544 -0.24097496 -0.23046814 -0.96249515 -0.96333333 -0.96333333 -0.96333333 -0.96333333 0.12 0.12 0.12 0.49482463 0.51666667 0.51666667 0.51666654 0.66 0.66 0.66000492 0.79666667 0.79663462 0.08 0.70333333
0.44333776 0.44333325 -0.06 -0.06 -0.06 0.29666667 0.29666667 0.29666667 0.71333333 0.71333333 0.08 0.08 0.08 0.09 0.09 0.09 0.09 0.089963729 -0.22666667 -0.22666667 -0.22666667 -0.29333333 -0.29333333 -0.29333333 0.34333333 0.34333333 0.22 0.22 0.22 -0.65666944 -0.66666667 -0.66666667 -0.66666667 -0.66666667 -0.96318695 -0.96333333 -0.96333333 -0.96333333 -0.96333333 -0.37666654 -0.37666667 -0.37666667 -0.37666667 0.51666101 -0.22 -0.22 -0.22 -0.54 -0.54 -0.54 0.08 0.08 0.08
0.44333333 0.44333333 -0.06 -0.06 -0.06 0.29479196 0.29666667 0.71333333 0.71333333 0.71333333 0.080077964 0.08 0.31151867 0.090000062 0.09 0.09 0.09 0.0033333335 0.0033333333 0.0033333333 -0.72999999 -0.72999968 -0.29333546 -0.29333333 -0.29319805 -0.36666667 -0.36666667 -0.36666527 0.21990519 -1.0165969 -1.0166648 -1.0166056 -0.66726485 -0.66696871 -0.91072344 -0.96333341 -0.96400358 -1.1633333 -1.1633333 -0.37666667 -0.37666667 -0.37666667 -0.37666667 -0.22 -0.22 -0.22 -0.22 -0.54 -0.54 -0.54 0.08 0.08 0.08
0.44333333 0.44333333 -0.06 -0.06 -0.06 -0.059999999 0.45261283 0.71333333 0.71333333 0.71333333 0.71314 0.36333333 0.36333333 0.36333333 0.091610816 0.09 0.0039108586 0.0033333333 0.0033333333 0.0033333333 -0.73 -0.73 -0.73 -0.73 -0.36666667 -0.36666667 -0.36666667 -0.36666667 -0.36666667 -1.0166667 -1.0166667 -1.0166667 -1.0166667 -1.0166668 -1.1033333 -1.1633333 -1.1633333 -1.1633333 -1.1633333 -1.1633313 -0.63333333 -0.63333333 -0.63333333 -0.60187463 -0.53666667 -0.53666667 -0.53666667 -0.54 -0.54000026 -0.80333333 -0.80333333 -0.12328387 -0.12333333
0.44333333 0.44333333 0.12166799 -0.06 -0.06 -0.059999985 0.62682046 0.71306021 0.71333333 0.71333333 0.36333345 0.36333333 0.36333333 0.36333333 0.36333333 0.34087553 0.0033333333 0.0033333333 0.0033333333 0.0033333333 -0.72999433 -0.73 -0.73 -0.73 -0.36666667 -0.36666667 -0.36666667 -0.36666667 -0.36666667 -0.55358731 -1.0166667 -1.0166667 -1.0166667 -1.1033333 -1.1033333 -1.1033799 -1.1633333 -1.1633333 -1.2158593 -1.2566667 -0.63333333 -0.63333333 -0.63333333 -0.60298366 -0.53666667 -0.53666667 -0.53666667 -0.55666667 -0.80025989 -0.80333333 -0.80333333 -0.12333333 -0.12333333
0.4 0.4 0.4 0.055334645 -0.059159495 0.62666667 0.62666667 0.62666667 0.62666667 0.92333333 0.92333333 0.36333337 0.36333333 0.36333333 0.36333333 0.3633105 0.0033333333 0.0033333333 0.0033333333 0.0033333333 -0.40999712 -0.73 -0.73 -0.71290199 -0.089580048 -0.36666667 -0.36666667 -0.36666667 -0.39 -0.39 -0.39 -0.39000263 -1.1033333 -1.1033333 -1.1033333 -1.1033333 -1.2566667 -1.2566667 -1.2566667 -1.2566667 -0.47666667 -0.47666667 -0.47666667 -0.73666144 -0.73666667 -0.73666667 -0.7366666 -0.55666667 -0.55666667 -0.80303278 -0.80333333 -0.12333453 -0.12333333
0.4 0.4 0.4 0.40000592 0.51 0.52696525 0.62666667 0.62666667 0.62666667 0.92333333 0.92333333 0.92333333 0.040000017 0.04 0.04 0.040000018 0.0044507454 0.0033333333 0.0033333333 0.0033333333 -0.0077509404 -0.07666846 -0.076666667 -0.076666667 -0.076666667 -0.076666677 -0.35 -0.35 -0.39 -0.39 -0.39 -0.39 -1.1033332 -1.1033333 -1.1033333 -1.1033206 -1.2566667 -1.2566667 -1.2566667 -1.256111 -0.47666667 -0.47666667 -0.47666667 -0.73665461 -0.73666667 -0.73666667 -0.73666667 -0.55666667 -0.55666667 -0.55666664 -0.36 -0.36 -0.37
0.4 0.4 0.4 0.50999975 0.51 0.51 0.62666662 0.62666667 0.62666667 0.92333333 0.92333333 0.92333333 0.04 0.04 0.04 0.083664809 0.61333333 0.61333333 0.61333176 0.006778772 -0.076666667 -0.076666667 -0.076666667 -0.076666667 -0.076666667 -0.076872364 -0.35 -0.35 -0.35 -0.39 -0.39 -0.39010513 -0.94666667 -0.94666667 -0.94666667 -1.32 -1.32 -1.13 -1.13 -1.13 -0.41 -0.47664576 -0.47666891 -0.77666667 -0.77666667 -0.77515071 -0.73666647 -0.55666667 -0.55666667 -0.36 -0.36 -0.36 -0.37
