interpolatedSpi/03-05|22_1.tif
NCOLS 53
NROWS 52
XLLCORNER -116.03883
YLLCORNER 28.596182
DX 0.49850594
DY 0.49788537
NODATA_VALUE -9999
[rows 0 to 28 of 52, columns 0 to 52 of 53]
0.066666667 0.066666667 0.10920513 0.14666667 0.67666667 0.44 0.47333333 0.48333333 0.027587859 -0.50666667 -0.36 -0.23 -0.066648551 0.15333333 -0.15666667 -0.15666667 -0.15666667 0.21666667 -0.19 -0.19 -0.19 -0.19000661 -0.87666666 -0.10666667 -0.10666667 -0.10666667 0.49999356 0.5 0.5 0.38 0.38 0.38 0.38 1.3066665 1.3066667 1.3066667 1.3066667 1.3066667 1.3066667 1.3066667 0.71306117 0.7066415 0.60666667 0.60666667 0.60666667 0.60666667 0.60628011 0.37 0.37 0.37 1.4099978 1.41 1.41
0.066626975 -0.82666667 -0.046666751 0.03459415 0.11689993 0.54 0.51333333 0.38657417 -0.063333333 -0.29666667 -0.076666667 -0.066666667 -0.066666667 0.23971101 0.15333164 -0.15666667 0.21666667 0.21666667 -0.18946976 -0.19 -0.19 -0.19 -0.077365352 -0.10666667 -0.10666667 -0.10666667 0.68666661 0.68666667 0.38 0.38 0.38 0.38 0.38 1.3066665 1.3066667 1.3066667 1.3066667 1.3066667 1.3066667 1.3776272 1.7632907 0.74701877 0.60666667 0.60666667 0.60666667 0.60666667 0.60666667 0.37 0.37 0.37 0.4562378 1.41 1.41
-0.01667654 -0.016666667 -0.12 0.26333333 -0.22333333 -0.39 0.12666667 0.013333333 -0.39 -0.10666667 -0.15 -0.06 0.33 0.26 0.24 -0.52333333 0.21666667 0.21666667 0.21666667 -0.0067199622 -0.0066666667 -0.0066666667 0.45 -0.10666667 -0.10666667 -0.10666667 0.68666667 0.68666667 0.68666667 0.38 0.38 0.38000003 0.6367467 1.3064974 1.3074423 1.3892364 1.39 1.39 1.4369555 1.7633333 1.7633333 1.7618542 0.60666667 0.60666667 0.60666667 0.60666667 0.60666667 0.37 0.37 0.37 0.37 1.41 1.41
-0.45666667 -0.016666856 -0.95659314 0.51 -0.62 -0.22 0.13 -0.27 -0.21333333 0.4244692 0.06 -0.28 -0.31666667 0.26 -0.61 -0.52333333 -0.51010201 -0.50949086 0.023333333 -0.0066666667 -0.0066666667 -0.036666667 0.45 0.45 -0.10666667 -0.1066627 0.68666667 0.68666667 0.68666667 0.35333333 0.66059286 0.91333333 0.91333333 0.9133337 1.39 1.39 1.39 1.39 1.7633333 1.7633333 1.7633333 1.7633333 0.60666667 0.60666667 0.60666667 0.60666667 0.60666667 0.37000299 0.37 0.37 0.37 1.4099743 1.41
-0.45666667 0.026664863 -0.95666667 -0.56771776 -0.62 -0.46333333 0.10333295 0.026666667 -0.056666667 0.10666648 -0.19327257 -0.33333668 -0.35666667 -0.61 -0.61 -0.551802 -0.51 -0.51 0.023333333 0.023333333 -0.0066667123 -0.036666667 0.15333333 0.52333333 0.84 0.83994773 0.68666667 0.68666667 0.35333333 0.35333333 0.91333333 0.91333333 0.91333333 0.85801864 1.39 1.39 1.39 1.7633333 1.7633333 1.7633333 1.7633333 1.7633137 0.60666668 0.60666667 0.60666667 0.60666667 0.60666667 0.60456004 0.37 0.37001136 0.62333333 0.62333333 0.62333333
-2.22 -0.58666667 -0.75666666 -0.35666667 -1.0066667 -0.28666667 -0.52333333 -0.45291758 -0.03 -0.41666667 -0.54 -0.85 -0.84999967 -0.53333333 -0.53333333 -0.80646949 -0.80666667 -0.10333333 -0.10333333 0.023333366 0.1 0.1 0.52333333 0.84 0.84 0.61666667 0.54333333 0.54333333 0.72996517 0.35333333 0.91333333 0.91333333 0.62 0.62005329 1.1299635 1.1933333 1.1933333 1.5869908 1.7633333 1.7633333 1.5602536 1.56 1.5600005 1.1404087 1.14994 1.1499999 1.15 1.1499998 1.2105564 0.62333333 0.62333333 0.62333333 0.62333333
-0.45668228 -1.4866667 -1.1558412 -1.0733333 -0.83333333 -0.93 -0.66333333 -0.89 -0.65 -0.65 -0.54 -0.35666667 -0.43666663 -0.53333333 0.0099983722 0.01 -0.80666667 0.17666667 0.06 0.06 0.0088887879 -0.093333333 -0.093333333 0.42333334 0.61666667 0.61666667 0.54333333 0.54333333 0.72997261 0.72949573 0.99107175 0.62 0.62 1.13 1.13 1.3530944 1.1933333 1.1933333 1.693316 1.5600002 1.56 1.56 1.5600017 1.15 1.15 1.15 1.15 1.1500001 1.34 0.62347536 0.62333333 0.62333333 0.62333333
-0.45666667 -0.026666667 -0.39 -1.9066667 -1.750009 -1.0833333 -1.4433333 -1.2533333 -0.97666667 -0.74 -0.74 -0.31 -0.43666667 -0.43666667 0.0069354525 -0.35430279 -0.39 0.10333333 -0.46999946 0.06 0.038306398 0.1 -0.42 0.13333333 0.13333449 0.22333333 0.65333333 0.65333329 0.26164695 0.26000002 0.99333333 0.26068931 0.57333333 1.13 1.1308556 1.4866667 1.4866667 1.6933333 1.6933333 1.56 1.56 1.56 1.1579548 1.1566667 1.15 1.15 1.15 1.3399928 1.34 1.34 0.62333333 0.62333333 0.62333333
-0.14905054 -0.026666667 0.42 -0.95666667 -1.3466667 -1.53 -1.4333333 -0.7 -0.67333333 -0.49523893 -0.22333333 -0.39333334 -0.39333333 -0.093333333 -0.09333791 0.028829425 0.03 0.03 0.015813124 -0.1300001 -0.62666667 -0.62666666 -0.26 -0.35694663 0.21426371 0.22333333 0.61 0.65333333 1.0609508 1.0633333 0.17333333 0.87333333 0.70712697 0.57666667 1.16 1.1433333 1.3866667 1.0666667 1.5930901 1.5609076 1.7633333 1.31 1.1566493 1.1566667 1.1566291 1.15 1.1333333 1.34 1.34 1.34 1.34 0.68890725 0.53
-0.83333333 -0.83333333 0.30666667 -0.65666667 -1.4733333 -1.5466667 -1.54 -1.42 -0.73333333 -0.45010621 -0.44666667 -0.07 -0.093333333 -0.093333333 -0.58 -0.57163357 0.03 0.029938915 -0.26 -0.13 -0.13 -0.19398734 -0.26 0.22999072 0.23 0.23 0.61 0.71333333 0.71333333 1.0633333 1.0633333 0.87270745 0.54333333 0.57666667 1.0333333 1.1433333 1.3866667 1.3433333 1.5933333 0.79974027 1.31 1.2144918 1.05 1.1566667 1.1566667 1.1333333 1.1333333 1.1333333 1.34 1.34 1.15 1.15 1.1499998
-0.83333333 -0.83333333 -0.083333333 -0.4 -1.06 -1.08 -1.4833333 -0.62698172 -0.94333333 -0.62666667 -0.58 -0.88666667 -0.071087258 -0.58 -0.58 -0.57993809 -0.043333333 -0.054705016 -0.26 -0.11 -0.11 -0.22666667 -0.22666667 0.23 0.23 0.23 0.71333333 0.71333333 0.71333333 0.39666667 0.39666667 0.39666691 1.15 1.15 0.82 0.92666667 1.4 1.0400024 1.2066667 0.78666667 0.78666667 0.9166671 1.05 1.1566667 0.83333381 1.3966667 1.332472 1.3333333 1.6633333 1.6633333 1.15 1.15 1.15
-0.83333333 -0.50954233 -0.21846629 -0.46332432 0.20666667 -1.2666667 -1.4833333 -0.62666667 -0.94333069 -0.63017495 -0.88666633 -0.88666667 -0.68333333 -0.58 -0.58 -0.043333351 -0.043333333 -0.043345665 -0.26 -0.11 -0.13291096 -0.22666667 -0.22666667 0.22998161 0.23 0.33409453 0.54666667 0.54666667 0.54666669 0.39666667 0.39666667 0.29666667 0.29666667 1.1499991 0.82 1.2033334 1.3877061 1.04 1.04 0.78666667 0.91666667 0.91666667 0.91666608 0.83333333 0.83333333 1.3966667 1.3333333 1.3333333 1.6633333 1.6633333 1.15 1.15 1.15
0.23333333 0.038687407 0.053316796 0.049598463 0.20665899 -1.2666319 -1.4833333 -0.63721175 -0.92151176 -0.93506432 -0.68333333 -0.68333333 -0.68333333 -0.68333333 -0.58001464 -0.043333334 -0.043333333 -0.046130845 -0.26 -0.1100347 -0.22666667 -0.22666667 -0.22666667 -0.22666667 0.22254432 0.54666667 0.54666667 0.54666667 0.54666667 0.54656811 0.29666667 0.29666667 0.29666667 0.29666667 1.2033333 1.2033333 1.2033333 1.048206 1.0377218 0.73666667 0.73666667 0.91665698 1.0499926 0.8333542 0.83333333 1.3966667 1.3333333 1.3333333 1.6633333 1.6633333 1.1518623 1.15 1.3755101
0.23333333 0.053333333 0.053333333 0.053333333 0.053333333 0.053332787 -1.4827785 -1.0780316 -0.8632938 -0.6836054 -0.68333333 -0.68333333 -0.68333333 -0.68333333 -0.68333323 -0.043333342 -0.043333368 -0.058195188 -0.25999687 -0.22666667 -0.22666667 -0.22666667 -0.22666667 -0.22666667 -0.21657578 0.4939089 0.50666667 0.50666667 0.50666667 0.50666667 0.29666667 0.29666667 0.29666683 0.43333333 0.43333333 1.2033333 0.88251006 0.87333333 0.73666675 0.73666667 0.73666667 0.73666667 1.05 1.05 1.05 1.0524125 1.3896445 1.39 1.39 1.39 1.39 1.0333334 1.0333333
0.61333333 0.053333333 0.053333333 0.053333333 0.053333333 0.053333333 0.053333235 -0.87172777 -0.55120231 -0.55 -0.55 -0.55 -0.55 -0.55 -0.55 0.15547317 -0.039967106 -0.07300221 -0.22667078 -0.22666667 -0.22666667 -0.22666667 -0.22666667 -0.22666617 0.24 0.24 0.24000037 0.50666667 0.50666667 0.50608596 0.21666667 0.21666667 0.43333333 0.43333333 0.43333333 0.80285012 0.87333333 0.87333333 0.87333333 0.73666667 0.73666667 0.73666667 1.05 1.05 1.05 1.05 1.39 1.39 1.39 1.39 1.39 1.0333333 1.0333333
0.61333333 0.4048517 0.053333333 0.053333333 0.053333333 0.053333333 0.15331371 0.15333333 0.15333332 -0.55 -0.55 -0.55 -0.55 -0.55 -0.39116296 0.17 0.17 0.17 0.19537763 0.19666623 0.19666667 0.19666667 0.19666667 0.19666667 0.24 0.24 0.24 0.24 0.50666667 0.21666667 0.21666667 0.21666667 0.43333331 0.43333333 0.43333333 0.87666667 0.87333775 0.87333333 0.87333333 0.73665025 0.70375789 0.62699543 1.05 1.05 0.71437231 0.71333333 0.71333333 1.3886396 0.56622216 0.56333341 0.56333349 0.88335596 1.033333
0.61333333 0.4316801 0.24225719 0.053333333 0.053333333 0.15327425 0.15333333 0.15333333 0.15333333 0.14826491 -0.55 -0.55 -0.55 -0.54999991 0.17 0.17 0.17 0.17 0.19664285 0.19666667 0.19666667 0.19666667 0.19666667 0.19666667 0.24 0.24 0.24 0.24 0.23991513 0.21666667 0.21666667 0.21666667 0.29333333 0.43337505 0.87666667 0.87666667 0.87666667 0.87556716 0.64228685 0.62666667 0.62666667 0.62666667 0.68333333 0.68333333 0.71333333 0.71333333 0.71333333 0.56333334 0.56333333 0.56333333 0.56333333 0.88333333 0.88333333
0.42684877 0.42666667 0.42666667 0.42666666 -0.01 0.15332912 0.15333333 0.15333333 0.15333333 0.15333333 -0.47000141 -0.54998623 -0.54999997 0.17 0.17 0.17 0.17 0.17 0.17419481 0.19666667 0.19666667 0.19666667 0.19666667 0.19666667 0.014179291 -0.31333034 -0.31333333 -0.31333333 -0.31333333 0.21666667 0.29333333 0.29333333 0.29333333 0.29333333 0.87666667 0.87666403 0.77666667 0.77666667 0.62853964 0.62666667 0.62666667 0.62666667 0.68333333 0.68333333 0.7086883 0.71333333 0.71333333 0.56333333 0.56333333 0.56333333 0.56676457 0.88333333 0.88333333
0.42666667 0.42666667 0.42666667 0.22103382 -0.01 -0.01 0.15333333 0.15333333 0.15333333 0.15333333 0.50666667 0.50666667 0.50666667 0.17 0.17 0.17 0.17 0.17002975 0.20333333 0.20333333 0.19666667 0.19666667 0.19512477 0.13333333 0.12931219 -0.31333333 -0.31333333 -0.31333333 -0.31333333 0.29327156 0.29333333 0.29333333 0.29333333 0.29333333 0.77666702 0.77666667 0.77666667 0.77666667 0.77610959 0.62666667 0.62666667 0.62666667 0.68333333 0.68333333 0.68333333 0.71333333 0.71333333 0.56333333 0.56333333 0.56333333 0.88333333 0.88333333 0.88333333
0.42666667 0.42666667 0.42666667 -0.01 -0.01 -0.01 -0.0099997504 0.15333333 0.15333333 0.50630193 0.50666667 0.50666667 0.50666667 0.50645691 0.31569603 0.35 0.35 0.35 0.20333333 0.20333333 0.20333333 0.13333333 0.13333333 0.13333333 0.13323155 -0.26962297 -0.31333333 -0.31333333 -0.31333333 -0.016146706 -0.069964265 -0.07 -0.07 -0.07 0.56240051 0.2633345 0.26333333 0.26333333 0.26333333 0.2267214 0.22666667 0.22666667 0.68333333 0.68333333 0.35666803 0.35666668 0.39333333 0.39333333 0.48 0.48 0.48 0.88333333 0.41375357
0.42666574 0.42666667 0.42666665 -0.01 -0.01 -0.01 -0.010000005 -0.46333315 0.15086766 0.50625862 0.50666667 0.50666667 0.50666667 0.50635924 0.35 0.35 0.35 0.34999996 0.20333333 0.20333333 0.20333333 0.13333333 0.13333333 0.13333333 -0.23 -0.23 -0.47333333 -0.47333333 -0.47333333 -0.47113302 -0.07 -0.07 -0.07 -0.07 0.096575078 0.26333333 0.26333333 0.26333333 0.26333333 0.22666667 0.22666667 0.22666667 0.23075696 0.35666667 0.35666667 0.35666667 0.39333333 0.39333333 0.48 0.48 0.48 0.41333334 0.41333333
0.12666667 0.25213255 -0.26666667 -0.2665922 -0.01 -0.46071036 -0.46333333 -0.46333333 -0.40138897 0.056666659 0.056666667 0.056666667 0.056666667 0.36665658 0.36666667 0.35000001 0.35 0.34613555 0.20333333 0.20333333 0.20333333 -0.40333333 -0.40333333 -0.40333333 -0.23 -0.23 -0.47333333 -0.47333333 -0.47333333 -0.47333325 -0.35999816 -0.35999919 -0.077288715 -0.0703109 -0.1632249 -0.16333333 -0.16333333 -0.16333333 -0.16333333 0.22666667 0.22666667 0.22666667 0.34950813 0.35666667 0.35666667 0.3566666 0.39333333 0.39333333 0.39333645 0.48 0.47999106 0.28 0.41333333
0.010022155 0.009999952 -0.26666667 -0.26666667 -0.26666667 -0.46333333 -0.46333333 -0.46333333 -0.29333333 -0.29333333 0.056666667 0.056666667 0.056666667 0.36666667 0.36666667 0.36666667 0.36666667 0.36664848 0.20333333 0.20333333 0.20333331 -0.40333333 -0.40333333 -0.40333333 -0.23 -0.23 -0.47333333 -0.47333333 -0.47333333 -0.36127784 -0.36 -0.36 -0.36 -0.36 -0.16343038 -0.16333333 -0.16333333 -0.16333333 -0.16333333 -0.26666654 -0.26666667 -0.26666667 -0.26666667 0.35666383 -0.013333333 -0.013333333 -0.013333333 0.40333333 0.40333333 0.40333333 0.28 0.28 0.28
0.01 0.01 -0.26666667 -0.26666667 -0.26666667 -0.46229962 -0.46333333 -0.29333333 -0.29333333 -0.29333333 0.056623581 0.056666667 -0.044112049 0.36666657 0.36666667 0.36666667 0.36666667 0.033333334 0.033333333 0.033333333 -0.31666667 -0.31666673 -0.40333291 -0.40333333 -0.40324514 -0.33666667 -0.33666667 -0.33666699 -0.47331125 -0.37333068 -0.37333326 -0.37333101 -0.36002279 -0.36001151 -0.19836947 -0.16333345 -0.16437221 -0.47333333 -0.47333333 -0.26666667 -0.26666667 -0.26666667 -0.26666667 -0.013333333 -0.013333333 -0.013333333 -0.013333333 0.40333333 0.40333333 0.40333333 0.28 0.28 0.28
0.01 0.01 -0.26666667 -0.26666667 -0.26666667 -0.26666667 -0.3997073 -0.29333333 -0.29333333 -0.29333333 -0.29320813 -0.066666667 -0.066666667 -0.066666667 0.36411293 0.36666667 0.035554584 0.033333333 0.033333333 0.033333333 -0.31666667 -0.31666667 -0.31666667 -0.31666667 -0.33666667 -0.33666667 -0.33666667 -0.33666667 -0.33666667 -0.37333333 -0.37333333 -0.37333333 -0.37333333 -0.37333338 -0.39666667 -0.47333333 -0.47333333 -0.47333333 -0.47333333 -0.47333163 0.033333333 0.033333333 0.033333333 0.10926151 0.26666667 0.26666667 0.26666667 0.40333333 0.40333302 0.083333333 0.083333333 0.31332522 0.31333333
0.01 0.01 -0.16680943 -0.26666667 -0.26666667 -0.26666667 -0.55287196 -0.29415271 -0.29333333 -0.29333333 -0.066666716 -0.066666667 -0.066666667 -0.066666667 -0.066666667 -0.031132853 0.033333333 0.033333333 0.033333333 0.033333333 -0.31666396 -0.31666667 -0.31666667 -0.31666667 -0.33666667 -0.33666667 -0.33666667 -0.33666667 -0.33666667 -0.57038838 -0.37333333 -0.37333333 -0.37333333 -0.39666667 -0.39666667 -0.3967262 -0.47333333 -0.47333333 -0.22383486 -0.030000038 0.033333333 0.033333333 0.033333333 0.1075433 0.26666667 0.26666667 0.26666667 -0.016666667 0.082087343 0.083333333 0.083333333 0.31333333 0.31333333
-0.35666667 -0.35666667 -0.35666667 -0.28923214 -0.26701086 -0.55333333 -0.55333333 -0.55333333 -0.55333333 -0.3 -0.3 -0.066666683 -0.066666667 -0.066666667 -0.066666667 -0.06666035 0.033333333 0.033333333 0.033333333 0.033333333 -0.16393802 -0.31666667 -0.31666667 -0.32251139 -0.53094579 -0.33666667 -0.33666667 -0.33666667 -0.64 -0.64 -0.64 -0.63999888 -0.39666667 -0.39666667 -0.39666667 -0.39666667 -0.03 -0.03 -0.03 -0.03 0.27 0.27 0.27 0.053337689 0.053333333 0.053333333 0.053333401 -0.016666667 -0.016666667 0.083211489 0.083333333 0.3133329 0.31333333
-0.35666667 -0.35666667 -0.35666667 -0.35667439 -0.5 -0.50775554 -0.55333333 -0.55333333 -0.55333333 -0.3 -0.3 -0.3 -0.57999998 -0.58 -0.58 -0.57999999 0.03232583 0.033333333 0.033333333 0.033333333 0.028013896 -0.53999939 -0.54 -0.54 -0.54 -0.54 -0.59333333 -0.59333333 -0.64 -0.64 -0.64 -0.64 -0.39666666 -0.39666667 -0.39666667 -0.3966664 -0.029999995 -0.03 -0.03 -0.029224993 0.27 0.27 0.27 0.053343381 0.053333333 0.053333333 0.053333333 -0.016666667 -0.016666667 -0.016666634 0.22666667 0.22666667 0.086666667
-0.35666667 -0.35666667 -0.35666667 -0.49999967 -0.5 -0.5 -0.55333331 -0.55333333 -0.55333333 -0.3 -0.3 -0.3 -0.58 -0.58 -0.58 -0.57517656 -0.51666667 -0.51666667 -0.51666525 0.030226785 -0.54 -0.54 -0.54 -0.54 -0.54 -0.54004014 -0.59333333 -0.59333333 -0.59333333 -0.64 -0.64 -0.6400708 -0.39333333 -0.39333333 -0.39333333 -0.17666667 -0.17666666 0.14666667 0.14666667 0.14666667 0.4 0.27004078 0.26999993 0.26 0.26 0.25216757 0.053333761 -0.016666666 -0.016666666 0.22666667 0.22666667 0.22666667 0.086666667
