interpolatedSpi/03-05|22_2.tif
NCOLS 53
NROWS 52
XLLCORNER -116.03883
YLLCORNER 28.596182
DX 0.49850594
DY 0.49788537
NODATA_VALUE -9999
[rows 0 to 36 of 52, columns 0 to 52 of 53]
0.6 0.6 0.39450214 0.29 1.22 0.71 0.6925 0.8325 0.42756707 -0.055 0.2525 0.155 0.23503561 0.6675 0.585 0.585 0.585 0.5375 0.3325 0.3325 0.3325 0.33249042 -0.66249999 0.3375 0.3375 0.3375 0.68249261 0.6825 0.6825 0.395 0.395 0.395 0.395 0.57999996 0.58 0.58 0.58 0.58 0.58 0.57999998 -0.077912248 -0.085099469 -0.4775 -0.4775 -0.4775 -0.4775 -0.47814517 -0.8725 -0.8725 -0.8725 1.2174957 1.2175 1.2175
0.59994979 -0.53 0.11999992 0.17693603 0.27523418 0.805 0.7575 0.43258612 0.13 -0.03 0.1 0.235 0.235 0.370992 0.66749568 0.585 0.5375 0.5375 0.33276729 0.3325 0.3325 0.3325 0.34579034 0.3375 0.3375 0.3375 1.05 1.05 0.395 0.395 0.395 0.395 0.395 0.57999997 0.58 0.58 0.58 0.58 0.58000006 0.7577931 1.6624359 -0.21782815 -0.4775 -0.4775 -0.4775 -0.4775 -0.4775 -0.8725 -0.8725 -0.8725 -0.6991952 1.2175 1.2175
0.29749368 0.2975 0.0525 0.5725 -0.215 -0.3825 0.0425 -0.0175 -0.4775 -0.005 0.16 -0.18 0.29 0.5175 0.37 -0.37 0.5375 0.5375 0.5375 0.22253198 0.2225 0.2225 0.495 0.3375 0.3375 0.3375 1.05 1.05 1.05 0.395 0.395 0.39500002 0.58274603 0.58175579 0.58735321 1.3627609 1.37 1.37 1.4067888 1.6625 1.6625 1.6597635 -0.4775 -0.4775 -0.4775 -0.4775 -0.4775 -0.8725 -0.8725 -0.8725 -0.8725 1.2175 1.2175
-0.3825 0.29749989 -0.26002451 0.9675 -0.66 -0.265 -0.1975 -0.58 0.01 0.2705449 0.0275 -0.1875 -0.165 0.5175 -0.3 -0.37 -0.52877585 -0.52925205 -0.1975 0.2225 0.2225 -0.1575 0.495 0.495 0.3375 0.33750356 1.05 1.05 1.05 0.2725 0.55369734 0.785 0.785 0.78500046 1.37 1.37 1.37 1.37 1.6625 1.6625 1.6625 1.6624999 -0.4775 -0.4775 -0.4775 -0.4775 -0.4775 -0.87249502 -0.8725 -0.8725 -0.8725 1.21748 1.2175
-0.3825 0.12499929 -0.26 -0.45200406 -0.66 -0.475 0.11496892 -0.1775 -0.1925 0.25499979 0.032907524 -0.069992838 -0.02 -0.3 -0.3 -0.34935069 -0.53 -0.53 -0.1975 -0.1975 0.22249924 -0.1575 -0.0075 0.405 0.5825 0.58242703 1.05 1.05 0.2725 0.2725 0.785 0.785 0.785 0.7585998 1.37 1.37 1.37 1.6625 1.6625 1.6625 1.6625 1.6625374 -0.47749996 -0.4775 -0.4775 -0.4775 -0.4775 -0.48101599 -0.8725 -0.87243375 0.605 0.605 0.605
-2.24 -0.5525 -0.082499981 0.24 -1.02 -0.3625 -0.43 -0.39767277 -0.055 -0.35 -0.3875 -0.145 -0.14499992 -0.175 -0.175 -0.4123829 -0.4125 -0.085 -0.085 -0.19749956 -0.1625 -0.1625 0.405 0.5825 0.5825 0.27 0.4275 0.4275 0.63746622 0.2725 0.785 0.785 0.645 0.64502508 0.88498293 1.2825 1.2825 1.5449383 1.6625 1.6625 2.0495167 2.05 2.0500013 0.9493594 0.97483947 0.97499961 0.97499995 0.97499945 0.81358059 0.605 0.605 0.605 0.605
-0.71001299 -1.5925 -1.4884406 -0.8075 -0.4225 -1.18 -0.86499999 -1.1875 -0.9425 -0.9425 -0.3875 0.0075 -0.4824999 -0.175 0.072499259 0.0725 -0.4125 0.3325 0.3075 0.3075 -0.28031622 -0.4125 -0.4125 0.2325 0.27 0.27 0.4275 0.4275 0.63747232 0.63699036 1.0896313 0.645 0.645 0.885 0.885 1.405044 1.2825 1.2825 1.9199779 2.0499998 2.05 2.05 2.0500069 0.97500418 0.975 0.975 0.975 0.97499996 0.9075 0.60505995 0.605 0.605 0.605
-0.71 -0.275 -0.8075 -1.885 -1.5775176 -1.1975 -1.46 -1.335 -0.9525 -0.94 -0.94 -0.1275 -0.4825 -0.4825 0.068692185 -0.17795817 -0.2025 0.3225 -0.43749924 0.3075 0.25111645 0.36 -0.605 0.205 0.20499655 -0.0625 0.3975 0.39750001 0.16416447 0.16250002 1.0925 0.12462759 0.4275 0.885 0.90132839 1.5075 1.5075 1.92 1.92 2.05 2.05 2.05 1.7284332 1.725 0.975 0.975 0.975 0.90750257 0.9075 0.9075 0.605 0.605 0.605
-0.43468061 -0.275 -0.105 -0.9 -1.4175 -1.625 -1.12 -0.8425 -0.9825 -0.52995416 -0.36 -0.265 -0.265 0.05 0.049992336 -0.31967252 -0.32 -0.32 0.20648484 -0.65000006 -0.9225 -0.92249999 0.935 0.001888683 -0.035543063 -0.0625 0.5525 0.3975 1.2897846 1.295 0.04 1.1975 0.95574399 0.7125 1.4575 1.38 2.02 1.1225 2.0545694 2.0526225 2.6375 2.235 1.7250204 1.725 1.7207786 0.975 0.59250002 0.9075 0.9075 0.9075 0.9075 0.70647356 0.59
-1.3275 -1.3275 -0.2575 -0.7225 -1.3825 -1.7225 -1.3775 -1.685 -0.9375 -0.41517722 -0.79 0.545 0.05 0.05 -0.765 -0.75889662 -0.32 -0.3200733 -0.665 -0.65 -0.65 -0.68510714 0.935 0.69250459 0.6925 0.6925 0.5525 0.375 0.375 1.295 1.295 1.1965896 0.7175 0.7125 1.3075 1.38 2.02 1.4425 2.055 1.9148095 2.235 2.0935743 1.85 1.725 1.725 0.5925 0.5925 0.5925 0.9075 0.9075 1.42 1.42 1.4199997
-1.3275 -1.3275 -0.4575 -1.0025 -1.4475 -1.035 -1.72 -0.43841401 -0.97 -0.8225 -0.9775 -1.09 0.5428226 -0.765 -0.765 -0.76496193 -0.435 -0.44707148 -0.665 -0.325 -0.325 -0.5925 -0.5925 0.6925 0.6925 0.6925 0.375 0.375 0.375 0.505 0.505 0.50500035 1.2125 1.2125 1.01 0.8825 1.8375 1.5824994 1.9 1.9125 1.9125 1.5125011 1.85 1.725 1.2900001 1.2675 1.553344 1.5575 1.9325 1.9325 1.42 1.42 1.42
-1.3275 -0.95195736 -0.69007094 -1.0824893 -0.4875 -1.565 -1.72 -0.4375 -0.96999555 -0.82413412 -1.0899997 -1.09 -0.81 -0.765 -0.765 -0.43500001 -0.435 -0.43501309 -0.665 -0.325 -0.37753156 -0.5925 -0.5925 0.69244824 0.6925 0.51745683 0.16 0.16 0.16000003 0.505 0.505 0.2525 0.2525 1.2124994 1.01 1.3425 1.7861864 1.5825 1.5825 1.9125 1.5125 1.5125 1.5124984 1.29 1.29 1.2675 1.5575 1.5575 1.9325 1.9325 1.42 1.42 1.42
-0.175 -0.23172755 -0.2050291 -0.21135081 -0.48750563 -1.5649746 -1.72 -0.45328685 -0.9333053 -0.96614838 -0.81 -0.81 -0.81 -0.81 -0.76500637 -0.435 -0.435 -0.43796967 -0.665 -0.32508822 -0.6225 -0.6225 -0.6225 -0.6225 0.66980895 0.16 0.16 0.16 0.16 0.16025034 0.2525 0.2525 0.2525 0.2525 1.3425 1.3425 1.3425 1.5708521 1.5794582 1.1775 1.1775 1.512482 1.2550012 1.2899966 1.29 1.2675 1.5575 1.5575 1.9325 1.9325 1.4218593 1.42 2.088021
-0.175 -0.205 -0.205 -0.205 -0.205 -0.20500057 -1.719603 -1.1132378 -0.83540727 -0.81016856 -0.81 -0.81 -0.81 -0.81 -0.80999981 -0.43500001 -0.43500004 -0.45077643 -0.66499666 -0.6225 -0.6225 -0.6225 -0.6225 -0.6225 -0.6073111 0.25657204 0.33749996 0.3375 0.3375 0.3375 0.2525 0.2525 0.25250013 0.3625 0.3625 1.3425 1.0046634 0.995 1.1774999 1.1775 1.1775 1.1775 1.255 1.255 1.255 1.255087 1.5102488 1.51 1.51 1.51 1.51 1.5025 1.5025
-0.0275 -0.205 -0.205 -0.205 -0.205 -0.205 -0.2050001 -1.1291965 -0.54619284 -0.545 -0.545 -0.545 -0.545 -0.545 -0.545 -0.055117276 -0.42883134 -0.46649462 -0.62250527 -0.6225 -0.6225 -0.6225 -0.6225 -0.62249912 0.08 0.08 0.080000362 0.3375 0.3375 0.33714957 0.1625 0.1625 0.3625 0.3625 0.3625 0.89368037 0.995 0.995 0.995 1.1775 1.1775 1.1775 1.255 1.255 1.255 1.255 1.51 1.51 1.51 1.51 1.51 1.5025 1.5025
-0.0275 -0.093581233 -0.205 -0.205 -0.205 -0.205 -0.40496075 -0.405 -0.405 -0.545 -0.545 -0.545 -0.545 -0.545 -0.4346965 -0.045 -0.045 -0.045 0.13269322 0.13499923 0.135 0.135 0.135 0.135 0.08 0.08 0.08 0.08 0.3375 0.1625 0.1625 0.1625 0.36249998 0.3625 0.3625 0.96 0.99495366 0.995 0.995 1.1773696 0.91722149 0.31010024 1.255 1.255 0.39266944 0.39 0.39 1.5080902 0.35405367 0.3500001 0.35000022 0.7376157 1.5024984
-0.0275 -0.43378691 -0.32645105 -0.205 -0.205 -0.40488183 -0.405 -0.405 -0.405 -0.40600888 -0.545 -0.545 -0.545 -0.54499994 -0.045 -0.045 -0.045 -0.045 0.13483921 0.135 0.135 0.135 0.135 0.135 0.080000001 0.08 0.08 0.08 0.080300077 0.1625 0.1625 0.1625 -0.10749999 0.36254943 0.96 0.96 0.96 0.95513839 0.35102937 0.3075 0.3075 0.3075 0.2675 0.2675 0.39 0.39 0.39 0.35 0.35 0.35 0.35 0.7375 0.7375
-0.44459028 -0.445 -0.445 -0.445 -0.675 -0.40500696 -0.405 -0.405 -0.405 -0.405 -0.52399092 -0.54499638 -0.54499999 -0.045 -0.045 -0.045 -0.045 -0.045 -0.035623582 0.135 0.135 0.135 0.135 0.135 -0.14317453 -0.54999659 -0.55 -0.55 -0.55 0.16249999 -0.1075 -0.1075 -0.1075 -0.1075 0.96 0.95998835 0.5175 0.5175 0.31012216 0.3075 0.3075 0.3075 0.2675 0.2675 0.37103278 0.39 0.39 0.35 0.35 0.35 0.35415501 0.7375 0.7375
-0.445 -0.445 -0.445 -0.55331043 -0.675 -0.675 -0.405 -0.405 -0.405 -0.405 -0.2675 -0.2675 -0.2675 -0.045 -0.045 -0.045 -0.045 -0.044967362 -0.12 -0.12 0.1349999 0.135 0.12392267 -0.32 -0.32207059 -0.55 -0.55 -0.55 -0.55 -0.10754506 -0.1075 -0.1075 -0.1075 -0.1075 0.51750156 0.5175 0.5175 0.5175 0.5167111 0.3075 0.3075 0.3075 0.2675 0.2675 0.2675 0.39 0.39 0.35 0.35 0.35 0.7375 0.7375 0.7375
-0.445 -0.445 -0.445 -0.675 -0.675 -0.675 -0.67499959 -0.405 -0.405 -0.26764194 -0.2675 -0.2675 -0.2675 -0.26736137 0.11486093 0.1525 0.1525 0.1525 -0.12 -0.12 -0.12 -0.32 -0.32 -0.32 -0.32004482 -0.5132833 -0.55 -0.55 -0.55 -0.67883562 -0.79743214 -0.7975 -0.7975 -0.7975 0.15244242 -0.35749801 -0.3575 -0.3575 -0.3575 -0.23992509 -0.24 -0.24 0.2675 0.2675 0.13750054 0.13749996 0.0275 0.0275 0.0425 0.0425 0.0425 0.7375 -0.024318232
-0.44500081 -0.445 -0.44500001 -0.675 -0.675 -0.675 -0.67500001 -1.6774996 -0.41008795 -0.26799193 -0.2675 -0.2675 -0.2675 -0.26667584 0.1525 0.1525 0.1525 0.15249992 -0.12 -0.12 -0.12 -0.32 -0.32 -0.32 -0.48 -0.48 -0.8075 -0.8075 -0.8075 -0.80744545 -0.7975 -0.7975 -0.7975 -0.7975 -0.57762091 -0.3575 -0.3575 -0.3575 -0.3575 -0.24 -0.24 -0.24 -0.22812241 0.1375 0.1375 0.1375 0.0275 0.0275 0.0425 0.0425 0.0425 -0.024999998 -0.025
-0.7075 -0.59848646 -1.18 -1.1798535 -0.675 -1.6716996 -1.6775 -1.6775 -1.4652494 -0.81000001 -0.81 -0.81 -0.81 0.074971191 0.075 0.15249994 0.1525 0.14532003 -0.12 -0.12 -0.12 -0.63 -0.63 -0.63 -0.48 -0.48 -0.8075 -0.8075 -0.8075 -0.80750042 -1.3849963 -1.3849984 -0.81226593 -0.79812984 -1.0172466 -1.0175 -1.0175 -1.0175 -1.0175 -0.24 -0.24 -0.24 0.11671339 0.1375 0.1375 0.13749993 0.0275 0.0275 0.02750054 0.0425 0.042491057 -0.1575 -0.025
-0.68500427 -0.68500009 -1.18 -1.18 -1.18 -1.6775 -1.6775 -1.6775 -1.095 -1.095 -0.81 -0.81 -0.81 0.075 0.075 0.075 0.075 0.074978656 -0.12 -0.12 -0.12000002 -0.63 -0.63 -0.63 -0.48 -0.48 -0.8075 -0.8075 -0.8075 -1.3784886 -1.385 -1.385 -1.385 -1.385 -1.0176813 -1.0175 -1.0175 -1.0175 -1.0175 -0.65749989 -0.6575 -0.6575 -0.6575 0.13749707 -0.245 -0.245 -0.245 -0.05 -0.05 -0.05 -0.1575 -0.1575 -0.1575
-0.685 -0.685 -1.18 -1.18 -1.18 -1.6748851 -1.6775 -1.095 -1.095 -1.095 -0.81003508 -0.81 -0.80795719 0.074999798 0.075 0.075 0.075 -0.505 -0.505 -0.505 -0.29000001 -0.29000025 -0.62999834 -0.63 -0.62994751 -0.6125 -0.6125 -0.61250046 -0.80746849 -1.0000767 -1.000002 -1.0000672 -1.384342 -1.3846677 -1.0827042 -1.0175001 -1.0185054 -1.3175 -1.3175 -0.6575 -0.6575 -0.6575 -0.6575 -0.245 -0.245 -0.245 -0.245 -0.05 -0.05 -0.05 -0.1575 -0.1575 -0.1575
-0.685 -0.685 -1.18 -1.18 -1.18 -1.18 -1.4594873 -1.095 -1.095 -1.095 -1.0948412 -0.8075 -0.8075 -0.8075 0.069799224 0.075 -0.50113502 -0.505 -0.505 -0.505 -0.29 -0.29 -0.29 -0.29 -0.6125 -0.6125 -0.6125 -0.6125 -0.6125 -1 -1 -1 -1 -1.0000005 -1.26 -1.3175 -1.3175 -1.3175 -1.3175 -1.3174973 -0.5625 -0.5625 -0.5625 -0.40874284 -0.09 -0.09 -0.09 -0.050000001 -0.050000274 -0.3325 -0.3325 0.072444046 0.0725
-0.685 -0.685 -1.0013398 -1.18 -1.18 -1.18 -1.506768 -1.0963 -1.095 -1.095 -0.80750007 -0.8075 -0.8075 -0.8075 -0.8075 -0.73511932 -0.505 -0.505 -0.505 -0.505 -0.29000166 -0.29 -0.29 -0.29 -0.6125 -0.6125 -0.6125 -0.6125 -0.6125 -1.0166265 -1 -1 -1 -1.26 -1.26 -1.2600447 -1.3175 -1.3175 -1.0079718 -0.76750005 -0.5625 -0.5625 -0.5625 -0.41100681 -0.09 -0.09 -0.09 -0.22 -0.33109826 -0.3325 -0.3325 0.0725 0.0725
-1.2125 -1.2125 -1.2125 -1.1881486 -1.1802064 -1.5075 -1.5075 -1.5075 -1.5075 -1.135 -1.135 -0.80750002 -0.8075 -0.8075 -0.8075 -0.80748083 -0.505 -0.505 -0.505 -0.505 -0.38381903 -0.29 -0.29 -0.28620529 -0.16581725 -0.6125 -0.6125 -0.6125 -1.0225 -1.0225 -1.0225 -1.0224999 -1.26 -1.26 -1.26 -1.26 -0.7675 -0.7675 -0.7675 -0.7675 -0.155 -0.155 -0.155 -0.17749955 -0.1775 -0.1775 -0.17749997 -0.22 -0.22 -0.33236292 -0.3325 0.072500996 0.0725
-1.2125 -1.2125 -1.2125 -1.2125057 -1.3175 -1.3451291 -1.5075 -1.5075 -1.5075 -1.135 -1.135 -1.135 -0.9 -0.9 -0.9 -0.9 -0.50565488 -0.505 -0.505 -0.505 -0.50173192 -0.1450004 -0.145 -0.145 -0.145 -0.14500001 -0.3975 -0.3975 -1.0225 -1.0225 -1.0225 -1.0225 -1.2599998 -1.26 -1.26 -1.2599807 -0.76749999 -0.7675 -0.7675 -0.76662263 -0.155 -0.155 -0.155 -0.17749896 -0.1775 -0.1775 -0.1775 -0.22 -0.22 -0.21999993 0.27 0.27 0.26
-1.2125 -1.2125 -1.2125 -1.3174998 -1.3175 -1.3175 -1.5074999 -1.5075 -1.5075 -1.135 -1.135 -1.135 -0.9 -0.9 -0.9 -0.89714402 -0.8625 -0.8625 -0.86249908 -0.50701925 -0.145 -0.145 -0.145 -0.145 -0.145 -0.14519002 -0.3975 -0.3975 -0.3975 -1.0225 -1.0225 -1.0224582 -1.0225 -1.0225 -1.0225 -0.54 -0.54 -0.5675 -0.5675 -0.5675 -0.1875 -0.15501019 -0.15499937 -0.07 -0.07 -0.074074128 -0.17749979 -0.22 -0.22 0.27 0.27 0.27 0.26
-1.2125 -1.2125 -1.2125 -1.3175 -1.3175 -1.3175 -1.3175 -1.5075 -1.5075 -1.135 -1.135 -0.90939661 -0.9 -0.9 -0.9 -0.8625 -0.8625 -0.8625 -0.8625 -0.8625 -0.145 -0.145 -0.145 -0.145 -0.145 -0.39749914 -0.3975 -0.3975 -0.3975 -0.9575 -0.9575 -0.9575 -1.0225 -1.0225 -1.0225 -0.54 -0.54 -0.5675 -0.5675 -0.1875 -0.1875 -0.1875 -0.07 -0.07 -0.07 -0.07 -0.023792125 0.4925 0.4925 0.4925 0.27000001 0.5725 0.5725
-1.2125 -1.2125 -1.2126462 -1.3175 -1.3175 -1.3175 -1.3175 -1.5102824 -1.52 -1.519339 -1.135 -0.90001005 -0.9 -0.9 -0.89999987 -0.8625 -0.8625 -0.8625 -0.8625 -0.8625 -0.39438577 -0.145 -0.145 -0.145 -0.14497425 -0.39747876 -0.3975 -0.3975 -0.3975 -0.9575 -0.9575 -0.9575 -0.95750689 -1.0225 -0.54 -0.54 -0.54 -0.54000104 -0.56747408 -0.1875 -0.1875 -0.1875 -0.070007133 -0.07 -0.07 -0.07 0.49249965 0.4925 0.4925 0.4925 0.5725 0.5725 0.5725
-1.7 -1.6999991 -1.3174583 -1.3175 -1.3175 -1.3175 -1.5199569 -1.52 -1.52 -1.52 -1.02 -1.02 -1.02 -1.02 -0.8632269 -0.8625 -0.8625 -0.8625 -0.8625 -0.40500027 -0.405 -0.405 -0.020000021 -0.02 -0.02 -0.02 -0.052583106 -0.3975 -0.65248956 -0.6525 -0.6525 -0.6525 -0.6525 -0.41 -0.41 -0.41 -0.41 -0.41 0.095 0.095 0.095 0.095 0.095 0.46169729 0.4625 0.4625 0.4625 0.4925 0.4925 0.4925 0.5724874 0.5725 0.5725
-1.7 -1.7 -1.6965881 -1.2925001 -1.2925 -1.2927218 -1.52 -1.52 -1.52 -1.52 -1.02 -1.02 -1.02 -1.02 -1.02 -0.8625 -0.8625 -0.8625 -0.40500011 -0.405 -0.405 -0.405 -0.020000001 -0.02 -0.02 -0.02 -0.02 -0.020080516 -0.65258302 -0.6525 -0.6525 -0.6525 -0.65253335 -0.32496476 -0.40991195 -0.41 -0.41 -0.41 0.095 0.095 0.095 0.095 0.095 0.4625 0.4625 0.4625 0.4625 0.47652859 0.4925 1.0116426 1.0175 0.795 0.795
-1.7 -1.7 -1.2925516 -1.2925 -1.2925 -1.2925 -1.350284 -1.52 -1.52 -1.52 -1.02 -1.02 -1.02 -1.02 -1.02 -0.86262048 -0.8625 -0.40513414 -0.405 -0.405 -0.405 -0.405 -0.16262574 -0.02 -0.02 -0.02 -0.02 -0.020600165 -0.8675 -0.8675 -0.8675 -0.8675 -0.8675 -0.26 -0.26 -0.26 -0.26 -0.26 -0.0175 -0.0175 -0.0175 -0.0175 -0.017499999 0.46318367 0.46250014 0.4625 0.46254746 0.46829088 1.0175 1.0175 1.0175 0.79500125 0.795
-1.6999996 -1.464679 -1.2925 -1.2925 -1.2925 -1.2925 -1.2925 -1.5199031 -1.52 -1.52 -1.02 -1.02 -1.02 -1.02 -0.94422138 -0.9425 -0.9425 -0.40501383 -0.405 -0.405 -0.405 -0.405 -0.40500007 -0.02 -0.02 -0.02 -0.02 -0.71500012 -0.71500007 -0.74745571 -0.8675 -0.8675 -0.8675 -0.26 -0.26 -0.26 -0.26 -0.25992889 -0.0175 -0.0175 -0.0175 -0.0175 -0.017486018 0.7425 0.7425 0.7425 0.7425 0.74252218 1.0175 1.0175 1.0175 1.0174999 0.80238954
-1.46 -1.46 -1.4549725 -1.2925 -1.2925 -1.2925 -1.2925 -1.2925 -1.5199019 -1.075 -1.075 -1.075 -1.0748695 -0.94250011 -0.9425 -0.9425 -0.9425 -0.9425 -0.40500444 -0.44295182 -0.775 -0.775 -0.775 -0.58710088 -0.097435192 -0.51177623 -0.86124299 -0.715 -0.715 -0.715 -0.715 -0.715 -0.7197983 -0.16061172 -0.155 -0.155 -0.155 -0.155 0.01678322 0.16499967 0.165 0.165 0.165 0.59500043 0.74249996 0.7425 0.7425 0.82 1.0174968 1.0175 1.0175 0.8025 0.8025
-1.46 -1.46 -1.635 -1.635 -1.635 -1.2926141 -1.2925 -1.2925 -1.075 -1.075 -1.075 -1.075 -1.075 -0.94250001 -0.9425 -0.9425 -0.9425 -0.9425 -0.775 -0.775 -0.775 -0.775 -0.775 -0.98749999 -0.9875 -0.9875 -0.9875 -0.715 -0.715 -0.715 -0.715 -0.715 -0.655 -0.655 -0.155 -0.155 -0.155 0.067462108 0.0675 0.165 0.165 0.165 0.16500004 0.595 0.595 0.595 0.82 0.82 0.82 0.6975 0.6975 0.8025 0.8025
