interpolatedSpi/03-09|21_1.tif
NCOLS 53
NROWS 52
XLLCORNER -116.03883
YLLCORNER 28.596182
DX 0.49850594
DY 0.49788537
NODATA_VALUE -9999
[rows 0 to 27 of 52, columns 0 to 52 of 53]
-0.74285714 -0.74285714 -0.79030891 -0.83428571 -0.85 -0.90142857 -0.79142857 -0.8 -0.86755101 -0.88714286 -1.09 -0.87571429 -1.0842839 -1.0628571 -0.91 -0.91 -0.91 -0.65142857 -0.61428571 -0.61428571 -0.61428571 -0.61428229 -0.25857144 -0.97857143 -0.97857143 -0.97857143 -0.56142896 -0.56142857 -0.56142857 -0.36285714 -0.36285714 -0.36285714 -0.36285714 -0.88142847 -0.88142857 -0.88142857 -0.88142857 -0.88142857 -0.88142857 -0.88142857 -0.75988052 -0.75848675 -0.42571429 -0.42571429 -0.42571429 -0.42571429 -0.42539462 -0.23 -0.23 -0.23 0.42714149 0.42714286 0.42714286
-0.74287866 -1.2271429 -0.66714262 -0.75649921 -0.94439277 -0.66857143 -0.68142857 -0.88554478 -1.1 -0.97428571 -1.0071429 -1.0842857 -1.0842857 -0.87633831 -1.0628535 -0.91 -0.65142857 -0.65142857 -0.61433414 -0.61428571 -0.61428571 -0.61428571 -0.99864872 -0.97857143 -0.97857143 -0.97857143 -1.0071429 -1.0071429 -0.36285714 -0.36285714 -0.36285714 -0.36285714 -0.36285714 -0.8814285 -0.88142857 -0.88142857 -0.88142857 -0.88142857 -0.88142856 -0.84658503 -0.66287415 -0.4544898 -0.42571429 -0.42571429 -0.42571429 -0.42571429 -0.42571429 -0.23 -0.23 -0.23 -0.17550909 0.42714286 0.42714286
-1.0514125 -1.0514286 -0.46285714 -0.60428571 -0.66857143 -0.82285714 -0.45428571 -0.80714286 -0.91571429 -0.81285714 -0.92714286 -1.1085714 -0.79857143 -0.95142857 -0.87571429 -1.1428571 -0.65142857 -0.65142857 -0.65142857 -0.89134801 -0.89142857 -0.89142857 -1.36 -0.97857143 -0.97857143 -0.97857143 -1.0071429 -1.0071429 -1.0071429 -0.36285714 -0.36285714 -0.36285716 -0.50658945 -0.88105185 -0.88055097 -0.78800684 -0.78714286 -0.78714286 -0.77151099 -0.66285714 -0.66285714 -0.6625539 -0.42571429 -0.42571429 -0.42571429 -0.42571429 -0.42571429 -0.23 -0.23 -0.23 -0.23 0.42714286 0.42714286
-0.23714286 -1.0514285 -0.70856596 -0.23714286 -0.66428571 -0.64285714 -0.56 -0.69 -0.54714286 -0.77995845 -0.77285714 -1.1128571 -0.96142857 -0.95142857 -0.81714286 -1.1428571 -1.2520155 -1.2524357 -1.2471429 -0.89142857 -0.89142857 -1.4457143 -1.36 -1.36 -0.97857143 -0.97857157 -1.0071429 -1.0071429 -1.0071429 -0.67428571 -0.66723129 -0.66142857 -0.66142857 -0.66142867 -0.78714286 -0.78714286 -0.78714286 -0.78714286 -0.66285714 -0.66285714 -0.66285714 -0.66285713 -0.42571429 -0.42571429 -0.42571429 -0.42571429 -0.42571429 -0.23000247 -0.23 -0.23 -0.23 0.42711509 0.42714286
-0.23714286 0.035712921 -0.70857143 -0.8099789 -0.66428571 -0.42857143 -0.83712476 -0.71857143 -0.73285714 -0.71142865 -0.92861555 -1.0327927 -0.58285714 -0.81714286 -0.81714286 -1.0368059 -1.2528571 -1.2528571 -1.2471429 -1.2471429 -0.89142962 -1.4457143 -1.1214286 -0.75857143 -0.64571429 -0.64560813 -1.0071429 -1.0071429 -0.67428571 -0.67428571 -0.66142857 -0.66142857 -0.66142857 -0.66870205 -0.78714286 -0.78714286 -0.78714286 -0.66285714 -0.66285714 -0.66285714 -0.66285714 -0.66285411 -0.42571429 -0.42571429 -0.42571429 -0.42571429 -0.42571429 -0.42397219 -0.23 -0.23000865 -0.42285714 -0.42285714 -0.42285714
-1.0671429 -0.4 -0.58571428 -0.69285714 -0.93142857 -0.76428571 -0.93 -0.90293109 -0.71285714 -0.43857143 -0.43285714 -0.14142857 -0.14142886 -0.85428571 -0.85428571 -1.2584969 -1.2585714 -1.05 -1.05 -1.2471423 -0.86142857 -0.86142857 -0.75857143 -0.64571429 -0.64571429 -0.19142857 -0.53428571 -0.53428571 -0.55572498 -0.67428571 -0.66142857 -0.66142857 -0.7 -0.69997283 -0.44001869 -0.69142857 -0.69142857 -0.67169637 -0.66285714 -0.66285714 -0.63146777 -0.63142857 -0.63142848 -0.89443426 -0.90280441 -0.90285702 -0.90285713 -0.90285696 -0.40108079 -0.42285714 -0.42285714 -0.42285714 -0.42285714
-0.095714286 -0.30142857 -0.072293442 -0.43714286 -0.69428571 -0.93571429 -0.53428571 -0.54285714 -0.62142857 -0.62142857 -0.43285714 -0.74857143 -0.65428577 -0.85428571 -0.94999971 -0.95 -1.2585714 -0.77428571 -0.63142857 -0.63142857 -0.81968797 -0.77285714 -0.77285714 -0.22428572 -0.19142857 -0.19142857 -0.53428571 -0.53428571 -0.55571112 -0.55565604 -0.48861138 -0.7 -0.7 -0.44 -0.44 -0.68987246 -0.69142857 -0.69142857 -0.81856702 -0.63142883 -0.63142857 -0.63142857 -0.63142787 -0.90285539 -0.90285714 -0.90285714 -0.90285714 -0.90285684 -0.40285714 -0.42285318 -0.42285714 -0.42285714 -0.42285714
-0.095714286 0.10714286 -0.018571429 -0.91 -1.044278 -0.86714286 -0.58142857 -0.85571428 -0.9 -0.80857143 -0.80857143 -0.85142857 -0.65428571 -0.65428571 -0.94797113 -0.96301081 -0.96428571 -0.63714286 -0.54285723 -0.63142857 -0.68657811 -0.70428571 -0.46142857 -0.024285716 -0.02428553 -0.01 -0.47571429 -0.47571431 -0.5016188 -0.50142857 -0.48857143 -0.67958946 -0.69857143 -0.44 -0.44916753 -0.68857143 -0.68857143 -0.81857143 -0.81857143 -0.63142857 -0.63142857 -0.63142857 -0.58747769 -0.58857144 -0.90285714 -0.90285714 -0.90285714 -0.40287617 -0.40285714 -0.40285714 -0.42285714 -0.42285714 -0.42285714
-0.0010086489 0.10714286 0.12 -0.25571429 -0.47285714 -0.71285714 -0.82428571 -1.0628571 -1.0742857 -0.73480513 -0.68571429 -0.83428571 -0.83428571 -0.69857143 -0.69857066 -0.69503823 -0.69428571 -0.69428571 -0.62275 -0.4457143 -0.49571429 -0.49571429 -0.48857143 -0.47212512 -0.011439623 -0.01 -0.47 -0.47571429 -0.46151159 -0.46142857 -0.67428571 -0.51142857 -0.42652795 -0.89571429 -0.76142857 -0.89428571 -0.86142857 -0.72142857 -0.90991293 -0.63125002 -0.59142857 -0.40714286 -0.58852143 -0.58857143 -0.5903404 -0.90285714 -0.92428571 -0.40285715 -0.40285714 -0.40285714 -0.40285714 -0.43121693 -0.068571429
-0.60571429 -0.60571429 0.32285714 -0.14428571 -0.49285714 -0.76571429 -0.89714286 -0.94 -0.89428571 -0.64858343 -0.86571429 -0.29714286 -0.69857143 -0.69857143 -0.61714286 -0.61820091 -0.69428571 -0.69422311 -0.40285714 -0.44571429 -0.44571429 -0.45215596 -0.48857143 -0.36714516 -0.36714286 -0.36714286 -0.47 -0.021428572 -0.021428572 -0.46142857 -0.46142857 -0.51110886 -0.34285714 -0.89571429 -0.58428571 -0.89428571 -0.86142857 -0.72 -0.91 -0.64437589 -0.40714287 -0.36096305 -0.28142857 -0.58857143 -0.58857143 -0.92428571 -0.92428571 -0.92428571 -0.40285714 -0.40285714 -0.49 -0.49 -0.48999984
-0.60571429 -0.60571429 -0.15571429 -0.59142857 -0.86 -0.28 -0.65571429 -0.86290017 -1.0685714 -0.79 -0.77428571 -0.85428571 -0.29788517 -0.61714286 -0.61714286 -0.61713709 -0.56714286 -0.55852037 -0.40285714 -0.71142857 -0.71142857 -0.47857143 -0.47857143 -0.36714286 -0.36714286 -0.36714286 -0.021428571 -0.021428571 -0.021428571 -0.61 -0.61 -0.60999956 -0.59714286 -0.59714286 -0.84428571 -0.91571429 -0.75428571 -1.2099947 -0.99285714 -0.64 -0.64 -0.66857016 -0.28142857 -0.58857143 -0.69285711 -0.67285714 -0.41790458 -0.41571429 -0.21142857 -0.21142857 -0.49 -0.49 -0.49
-0.60571429 -0.41151504 -0.34164911 -0.76142108 -0.28428571 -0.7 -0.65571429 -0.86285714 -1.0685697 -0.79308623 -0.85428563 -0.85428571 -0.76142857 -0.61714286 -0.61714286 -0.56714286 -0.56714286 -0.56713351 -0.40285714 -0.71142857 -0.66570017 -0.47857143 -0.47857143 -0.36714804 -0.36714286 -0.40283241 -0.47571429 -0.47571429 -0.47571423 -0.61 -0.61 -0.63857143 -0.63857143 -0.59714353 -0.84428571 -0.93571435 -0.72679662 -1.21 -1.21 -0.64 -0.66857143 -0.66857143 -0.66857154 -0.69285714 -0.69285714 -0.67285714 -0.41571429 -0.41571429 -0.21142857 -0.21142857 -0.49 -0.49 -0.49
-0.97571429 -0.69184666 -0.7314229 -0.73163844 -0.28428798 -0.69999018 -0.65571429 -0.86030734 -1.0543956 -1.0612972 -0.76142857 -0.76142857 -0.76142857 -0.76142857 -0.6171633 -0.56714286 -0.56714286 -0.56502167 -0.40285714 -0.71157085 -1.21 -1.21 -1.21 -1.21 -0.38148992 -0.47571429 -0.47571429 -0.47571429 -0.47571429 -0.47583806 -0.63857143 -0.63857143 -0.63857143 -0.63857143 -0.93571429 -0.93571429 -0.93571429 -1.1960432 -1.2073391 -0.85571429 -0.85571429 -0.66858149 -0.76856884 -0.69286444 -0.69285714 -0.67285714 -0.41571429 -0.41571429 -0.21142857 -0.21142857 -0.48898937 -0.49 -0.25822495
-0.97571429 -0.73142857 -0.73142857 -0.73142857 -0.73142857 -0.73142856 -0.65582758 -0.75375328 -1.0165758 -0.76175241 -0.76142857 -0.76142857 -0.76142857 -0.76142857 -0.76142866 -0.56714286 -0.56714283 -0.55587398 -0.40286205 -1.21 -1.21 -1.21 -1.21 -1.21 -1.2035738 -0.61389428 -0.63999997 -0.64 -0.64 -0.64 -0.63857143 -0.63857143 -0.6385715 -0.69571429 -0.69571429 -0.93571429 -0.62739062 -0.61857143 -0.85571415 -0.85571429 -0.85571429 -0.85571429 -0.76857143 -0.76857143 -0.76857143 -0.76790534 -0.62723991 -0.62857143 -0.62857143 -0.62857143 -0.62857142 -0.15571435 -0.15571429
-1.2057143 -0.73142857 -0.73142857 -0.73142857 -0.73142857 -0.73142857 -0.73142857 -0.73413332 -0.89336451 -0.89285714 -0.89285714 -0.89285714 -0.89285714 -0.89285714 -0.89285714 -0.93200742 -0.57293195 -0.54464678 -1.2098986 -1.21 -1.21 -1.21 -1.21 -1.2099994 -0.91285714 -0.91285714 -0.91285676 -0.64 -0.64 -0.63971966 -0.5 -0.5 -0.69571429 -0.69571429 -0.69571429 -0.63092877 -0.61857143 -0.61857143 -0.61857143 -0.85571429 -0.85571429 -0.85571429 -0.76857143 -0.76857143 -0.76857143 -0.76857143 -0.62857143 -0.62857143 -0.62857143 -0.62857143 -0.62857143 -0.15571429 -0.15571429
-1.2057143 -1.0291431 -0.73142857 -0.73142857 -0.73142857 -0.73142857 -0.807128 -0.80714286 -0.80714286 -0.89285714 -0.89285714 -0.89285714 -0.89285714 -0.89285714 -0.90168142 -0.93285714 -0.93285714 -0.93285714 -0.6901595 -0.68857196 -0.68857143 -0.68857143 -0.68857143 -0.68857143 -0.91285714 -0.91285714 -0.91285714 -0.91285714 -0.64 -0.5 -0.5 -0.5 -0.69571427 -0.69571429 -0.69571429 -0.37857143 -0.61825366 -0.61857143 -0.61857143 -0.85560592 -0.6394566 -0.1350176 -0.76857143 -0.76857143 -0.47234557 -0.47142857 -0.47142857 -0.62779213 -0.15594313 -0.15428576 -0.1542858 0.15281036 -0.15571366
-1.2057143 -0.94296576 -0.83480655 -0.73142857 -0.73142857 -0.80709812 -0.80714286 -0.80714286 -0.80714286 -0.80776054 -0.89285714 -0.89285714 -0.89285714 -0.89285715 -0.93285714 -0.93285714 -0.93285714 -0.93285714 -0.68878964 -0.68857143 -0.68857143 -0.68857143 -0.68857143 -0.68857143 -0.91285714 -0.91285714 -0.91285714 -0.91285714 -0.91135544 -0.5 -0.5 -0.5 -0.37571429 -0.6956743 -0.37857143 -0.37857143 -0.37857143 -0.37381538 -0.16359965 -0.13285714 -0.13285714 -0.13285714 -0.51714286 -0.51714286 -0.47142857 -0.47142857 -0.47142857 -0.15428572 -0.15428571 -0.15428571 -0.15428571 0.15285714 0.15285714
-0.93589774 -0.93571429 -0.93571429 -0.93571428 -0.73 -0.80714087 -0.80714286 -0.80714286 -0.80714286 -0.80714286 -0.87760732 -0.89285452 -0.89285714 -0.93285714 -0.93285714 -0.93285714 -0.93285714 -0.93285714 -0.88809431 -0.68857143 -0.68857143 -0.68857143 -0.68857143 -0.68857143 -0.78032825 -0.7571437 -0.75714286 -0.75714286 -0.75714286 -0.49999999 -0.37571429 -0.37571429 -0.37571429 -0.37571429 -0.37857143 -0.37855999 0.055714286 0.055714286 -0.13050255 -0.13285714 -0.13285714 -0.13285714 -0.51714286 -0.51714286 -0.47850672 -0.47142857 -0.47142857 -0.15428571 -0.15428571 -0.15428571 -0.15099234 0.15285714 0.15285714
-0.93571429 -0.93571429 -0.93571429 -0.83884036 -0.73 -0.73 -0.80714286 -0.80714286 -0.80714286 -0.80714286 -0.69142857 -0.69142857 -0.69142857 -0.93285714 -0.93285714 -0.93285714 -0.93285714 -0.9327561 -0.52714286 -0.52714286 -0.68857136 -0.68857143 -0.68937136 -0.72142857 -0.72175009 -0.75714286 -0.75714286 -0.75714286 -0.75714286 -0.37575312 -0.37571429 -0.37571429 -0.37571429 -0.37571429 0.055712759 0.055714286 0.055714286 0.055714286 0.055038576 -0.13285714 -0.13285714 -0.13285714 -0.51714286 -0.51714286 -0.51714286 -0.47142857 -0.47142857 -0.15428572 -0.15428571 -0.15428571 0.15285714 0.15285714 0.15285714
-0.93571429 -0.93571429 -0.93571429 -0.73 -0.73 -0.73 -0.73000012 -0.80714286 -0.80714286 -0.69154802 -0.69142857 -0.69142857 -0.69142857 -0.69157898 -0.43795315 -0.32142857 -0.32142857 -0.32142857 -0.52714286 -0.52714286 -0.52714286 -0.72142857 -0.72142857 -0.72142857 -0.72124969 -0.40346361 -0.75714286 -0.75714286 -0.75714286 -0.22182883 -0.17573396 -0.17571429 -0.17571429 -0.17571429 -0.034754598 -0.16142808 -0.16142857 -0.16142857 -0.16142857 -0.22570158 -0.22571429 -0.22571429 -0.51714286 -0.51714286 -0.40428619 -0.40428567 -0.26857143 -0.26857143 -0.05 -0.05 -0.05 0.15285714 0.18425761
-0.93571191 -0.93571429 -0.93571428 -0.73 -0.73 -0.73 -0.73 -0.4057144 -0.80553779 -0.69132494 -0.69142857 -0.69142857 -0.69142857 -0.69070253 -0.32142857 -0.32142857 -0.32142857 -0.32142863 -0.52714286 -0.52714286 -0.52714286 -0.72142857 -0.72142857 -0.72142857 -0.082857143 -0.082857143 -0.19714286 -0.19714286 -0.19714286 -0.19702596 -0.17571429 -0.17571429 -0.17571429 -0.17571429 -0.16857538 -0.16142857 -0.16142857 -0.16142857 -0.16142857 -0.22571429 -0.22571429 -0.22571429 -0.23133283 -0.40428571 -0.40428571 -0.40428571 -0.26857143 -0.26857143 -0.05 -0.05 -0.05 0.18428571 0.18428571
-0.17 -0.53079245 -0.79857143 -0.79855153 -0.73 -0.40759059 -0.40571429 -0.40571429 -0.45360405 -0.57714286 -0.57714286 -0.57714286 -0.57714286 0.21854552 0.21857143 -0.32142816 -0.32142857 -0.32684884 -0.52714286 -0.52714286 -0.52714286 0.14285714 0.14285714 0.14285714 -0.082857143 -0.082857143 -0.19714286 -0.19714286 -0.19714286 -0.19714276 -0.057143611 -0.05714319 -0.17273417 -0.17558717 -0.35550711 -0.35571429 -0.35571429 -0.35571429 -0.35571429 -0.22571429 -0.22571429 -0.22571429 -0.39445301 -0.40428571 -0.40428571 -0.40428571 -0.26857143 -0.26857143 -0.26856356 -0.05 -0.050016801 -0.42571429 0.18428571
-0.36710542 -0.36714293 -0.79857143 -0.79857143 -0.79857143 -0.40571429 -0.40571429 -0.40571429 -0.53714286 -0.53714286 -0.57714286 -0.57714286 -0.57714286 0.21857143 0.21857143 0.21857143 0.21857143 0.21848662 -0.52714286 -0.52714286 -0.52714283 0.14285714 0.14285714 0.14285714 -0.082857143 -0.082857143 -0.19714286 -0.19714286 -0.19714286 -0.058721367 -0.057142857 -0.057142857 -0.057142857 -0.057142857 -0.35556696 -0.35571429 -0.35571429 -0.35571429 -0.35571429 -0.22571429 -0.22571429 -0.22571429 -0.22571429 -0.40428544 -0.36857143 -0.36857143 -0.36857143 -0.54571429 -0.54571429 -0.54571429 -0.42571429 -0.42571429 -0.42571429
-0.36714286 -0.36714286 -0.79857143 -0.79857143 -0.79857143 -0.40777921 -0.40571429 -0.53714286 -0.53714286 -0.53714286 -0.57713793 -0.57714286 -0.28064331 0.21857133 0.21857143 0.21857143 0.21857143 0.058571429 0.058571429 0.058571429 -0.10571428 -0.1057141 0.14285593 0.14285714 0.14259304 -0.19571429 -0.19571429 -0.19571429 -0.19714263 0.082829243 0.082856398 0.082832701 -0.056903583 -0.057022039 -0.30244632 -0.35571416 -0.35460838 -0.025714286 -0.025714286 -0.22571429 -0.22571429 -0.22571429 -0.22571429 -0.36857143 -0.36857143 -0.36857143 -0.36857143 -0.54571429 -0.54571429 -0.54571429 -0.42571429 -0.42571429 -0.42571429
-0.36714286 -0.36714286 -0.79857143 -0.79857143 -0.79857143 -0.79857143 -0.45490416 -0.53714286 -0.53714286 -0.53714286 -0.53696452 -0.21428571 -0.21428571 -0.21428571 0.2160205 0.21857143 0.059637629 0.058571429 0.058571429 0.058571429 -0.10571429 -0.10571429 -0.10571429 -0.10571429 -0.19571429 -0.19571429 -0.19571429 -0.19571429 -0.19571429 0.082857143 0.082857143 0.082857143 0.082857143 0.082857074 0.05 -0.025714286 -0.025714286 -0.025714286 -0.025714286 -0.025714991 -0.21714286 -0.21714286 -0.21714286 -0.3561394 -0.64428571 -0.64428571 -0.64428571 -0.54571429 -0.54571419 -0.45 -0.45 -0.36715711 -0.36714286
-0.36714286 -0.36714286 -0.64285601 -0.79857143 -0.79857143 -0.79857142 -0.38027885 -0.53664763 -0.53714286 -0.53714286 -0.21428568 -0.21428571 -0.21428571 -0.21428571 -0.21428571 -0.17876522 0.058571429 0.058571429 0.058571429 0.058571429 -0.10571301 -0.10571429 -0.10571429 -0.10571429 -0.19571429 -0.19571429 -0.19571429 -0.19571429 -0.19571429 0.06596671 0.082857143 0.082857143 0.082857143 0.05 0.05 0.049941206 -0.025714286 -0.025714286 0.066742185 0.13857141 -0.21714286 -0.21714286 -0.21714286 -0.35269859 -0.64428571 -0.64428571 -0.64428571 0.15428571 -0.44247066 -0.45 -0.45 -0.36714286 -0.36714286
-0.27857143 -0.27857143 -0.27857143 -0.66819313 -0.79773488 -0.38 -0.38 -0.38 -0.38 -0.048571431 -0.048571429 -0.2142857 -0.21428571 -0.21428571 -0.21428571 -0.2142684 0.058571429 0.058571429 0.058571429 0.058571429 -0.034025329 -0.10571429 -0.10571429 -0.1023869 0.011759445 -0.19571429 -0.19571429 -0.19571429 0.06 0.06 0.06 0.060000096 0.05 0.05 0.05 0.05 0.13857143 0.13857143 0.13857143 0.13857143 -0.098571429 -0.098571429 -0.098571429 -0.17142711 -0.17142857 -0.17142857 -0.17142872 0.15428571 0.15428571 -0.44926371 -0.45 -0.367139 -0.36714286
-0.27857143 -0.27857143 -0.27857143 -0.27856866 -0.22714286 -0.2493708 -0.38 -0.38 -0.38 -0.048571429 -0.048571429 -0.048571429 0.20857141 0.20857143 0.20857143 0.20857141 0.058048051 0.058571429 0.058571429 0.058571429 0.056087214 0.021428222 0.021428571 0.021428571 0.021428571 0.02142857 0.035714284 0.035714286 0.06 0.06 0.06 0.06 0.050000228 0.05 0.05 0.050025715 0.13857142 0.13857143 0.13857143 0.13766273 -0.098571429 -0.098571429 -0.098571429 -0.17142519 -0.17142857 -0.17142857 -0.17142857 0.15428571 0.15428571 0.15428575 0.39714286 0.39714286 0.32714286
