interpolatedSpi/03-08|19_1.tif
NCOLS 53
NROWS 52
XLLCORNER -116.03883
YLLCORNER 28.596182
DX 0.49850594
DY 0.49788537
NODATA_VALUE -9999
[rows 0 to 29 of 52, columns 0 to 52 of 53]
-0.085 -0.085 -0.18205983 -0.50333333 -0.43833333 -0.54333333 -0.26166667 -0.56666667 -0.83330318 -0.76 -0.575 -0.53166667 -0.87831275 -0.62833333 -0.57833333 -0.57833333 -0.57833333 -0.20833333 -0.25166667 -0.25166667 -0.25166667 -0.25166811 -0.40166666 -0.11833333 -0.11833333 -0.11833333 -0.42332775 -0.42333333 -0.42333333 -0.76166667 -0.76166667 -0.76166667 -0.76166667 -0.79166666 -0.79166667 -0.79166667 -0.79166667 -0.79166667 -0.79166667 -0.79166664 0.16634803 0.17648031 -0.555 -0.555 -0.555 -0.555 -0.55546006 -0.83666667 -0.83666667 -0.83666667 0.18499788 0.185 0.185
-0.084993854 0.053333333 -0.0016661842 0.040032963 -0.21164371 0.005 0.21 -0.42175598 -1.1016667 -0.89166667 -0.79833333 -0.87833333 -0.87833333 -0.20142826 -0.62832772 -0.57833333 -0.20833333 -0.20833333 -0.25161017 -0.25166667 -0.25166667 -0.25166667 -0.1419323 -0.11833333 -0.11833333 -0.11833333 -0.20166666 -0.20166667 -0.76166667 -0.76166667 -0.76166667 -0.76166667 -0.76166667 -0.79166666 -0.79166667 -0.79166667 -0.79166667 -0.79166667 -0.79166661 -0.63682762 0.14161731 -0.47046517 -0.555 -0.555 -0.555 -0.555 -0.555 -0.83666667 -0.83666667 -0.83666667 -0.75194909 0.185 0.185
-0.021668389 -0.021666667 0.41666667 0.36666667 -0.08 -0.23 -0.12666667 0.081666667 -0.525 -0.54666667 -0.535 -0.64333333 -0.27166667 -0.62 -0.2 -0.78833333 -0.20833333 -0.20833333 -0.20833333 -0.37663033 -0.37666667 -0.37666667 -0.56666667 -0.11833333 -0.11833333 -0.11833333 -0.20166667 -0.20166667 -0.20166667 -0.76166667 -0.76166667 -0.76166667 -0.80739967 -0.79016714 -0.78443756 -0.022116962 -0.015 -0.015 0.0047045377 0.14166667 0.14166667 0.14077581 -0.555 -0.555 -0.555 -0.555 -0.555 -0.83666667 -0.83666667 -0.83666667 -0.83666666 0.185 0.185
0.005 -0.021666764 -0.50334533 0.17666667 -0.20333333 -0.058333333 -0.063333333 -0.495 -0.36666667 -0.31837642 -0.59 -0.75166667 -0.46 -0.62 -0.51333333 -0.78833333 -0.50551385 -0.50312664 -0.725 -0.37666667 -0.37666667 -0.31833333 -0.56666667 -0.56666667 -0.11833333 -0.11833375 -0.20166667 -0.20166667 -0.20166667 -0.75833333 -0.81228664 -0.85666667 -0.85666667 -0.85666601 -0.015 -0.015 -0.015 -0.015 0.14166667 0.14166667 0.14166667 0.14166664 -0.555 -0.555 -0.555 -0.555 -0.555 -0.83666311 -0.83666667 -0.83666667 -0.83666667 0.18497724 0.185
0.005 -0.14000067 -0.50333333 -0.5647186 -0.20333333 -0.22166667 -0.37998838 -0.44166667 -0.47 -0.59500013 -0.62970841 -0.64501814 -0.77166667 -0.51333333 -0.51333333 -0.69285761 -0.50333333 -0.50333333 -0.725 -0.725 -0.37666659 -0.31833333 -0.44166667 -0.52833333 -0.345 -0.34496449 -0.20166667 -0.20166667 -0.75833333 -0.75833333 -0.85666667 -0.85666667 -0.85666667 -0.83938086 -0.015000001 -0.015 -0.015 0.14166667 0.14166667 0.14166667 0.14166667 0.14160843 -0.555 -0.555 -0.555 -0.555 -0.555 -0.55750718 -0.83666667 -0.83665209 -0.51166667 -0.51166667 -0.51166667
-1.2066667 -0.081666667 0.16333335 -0.37666667 0.10333333 -0.021666667 -0.43666667 -0.43730681 -0.765 -0.74666667 -1.1533333 -0.97 -0.96999987 -1.4 -1.4 -0.43330034 -0.43333333 -0.36166667 -0.36166667 -0.72499974 -0.69166667 -0.69166667 -0.52833333 -0.345 -0.345 -0.19333333 -0.81 -0.81 -0.70333834 -0.75833333 -0.85666667 -0.85666667 -0.765 -0.76503326 -1.0833105 -1.0333333 -1.0333333 -0.22184641 0.14166667 0.14166667 -0.46091418 -0.46166667 -0.46166615 -0.19808049 -0.19170682 -0.19166676 -0.19166668 -0.1916668 0.080256098 -0.51166667 -0.51166667 -0.51166667 -0.51166667
-0.10334172 0.2 0.13177385 -0.18833333 0.083333333 -0.52 -0.535 -0.66333333 -0.91833333 -0.91833333 -1.1533333 -0.945 -0.84833327 -1.4 -0.29666997 -0.29666667 -0.43333333 -0.415 -0.425 -0.425 -0.633544 -0.56833333 -0.56833333 -0.16833334 -0.19333333 -0.19333333 -0.81 -0.81 -0.70333372 -0.70334049 -0.69338475 -0.765 -0.765 -1.0833333 -1.0833333 -0.79823038 -1.0333333 -1.0333333 -0.9516695 -0.46166735 -0.46166667 -0.46166667 -0.4616626 -0.19166453 -0.19166667 -0.19166667 -0.19166667 -0.19166642 0.21333333 -0.51152299 -0.51166667 -0.51166667 -0.51166667
-0.10333333 -0.39 0.27166667 -0.745 -0.27669352 -0.76833333 -1.0616667 -0.715 -1.0666667 -0.935 -0.935 -0.58333333 -0.84833333 -0.84833333 -0.30045161 -0.51069455 -0.53166667 -0.53833333 -0.64333311 -0.425 -0.37902243 -0.34166667 -0.365 -0.555 -0.55499841 -0.43166667 -0.46333333 -0.46333346 -0.70997664 -0.71 -0.69333333 -0.51258421 -0.89166667 -1.0833333 -1.0687875 -0.60166667 -0.60166667 -0.95166667 -0.95166667 -0.46166667 -0.46166667 -0.46166666 0.18951242 0.19166665 -0.19166667 -0.19166667 -0.19166667 0.21331792 0.21333333 0.21333333 -0.51166667 -0.51166667 -0.51166667
-0.40491869 -0.38999999 0.255 0.18833333 -0.105 -0.57333333 -0.43166667 -0.35833333 -0.69666667 -0.52920477 -0.70333333 -0.61666667 -0.61666667 -0.38666667 -0.38666411 -0.93886194 -0.94 -0.94 -0.55436174 -0.39833341 -0.78166667 -0.78166666 -0.28833333 -0.33478693 -0.44409541 -0.43166667 -0.45166667 -0.46333333 -0.61411866 -0.615 -0.40666667 -0.38 -0.48492952 -0.57166667 -0.57333333 -0.64 -0.7 -1.1533333 -0.44199529 -0.46074415 -0.255 -0.066666667 0.19162407 0.19166667 0.18950906 -0.19166667 -0.041666675 0.21333333 0.21333333 0.21333333 0.21333333 -0.45480827 0.17833333
-0.48833333 -0.48833333 -0.15166667 0.10333333 -0.44833333 -1.03 -0.65333333 -0.58333333 -0.435 -0.48667819 -0.49333333 -0.55666667 -0.38666667 -0.38666667 -0.115 -0.12631525 -0.94 -0.93983565 -0.24166667 -0.39833333 -0.39833333 -0.44771952 -0.28833333 -0.57999448 -0.58 -0.58 -0.45166667 -0.155 -0.155 -0.615 -0.615 -0.38039513 -0.58833333 -0.57166667 -0.615 -0.64 -0.7 -0.935 -0.44166667 0.13057294 -0.066666675 -0.067891131 -0.07 0.19166667 0.19166667 -0.041666667 -0.041666667 -0.041666667 0.21333333 0.21333333 -0.055 -0.055 -0.054999913
-0.48833333 -0.48833333 -0.245 -0.72666667 -0.445 -0.50333333 -0.78 -0.75023023 -0.82666667 -0.92833333 -0.205 -0.72 -0.55688386 -0.115 -0.115 -0.11498731 -0.005 -0.017421377 -0.24166667 -0.34833333 -0.34833333 -0.053333333 -0.053333333 -0.58 -0.58 -0.58 -0.155 -0.155 -0.155 -0.28833333 -0.28833333 -0.28833383 -0.38666667 -0.38666667 -0.635 -0.45833333 -0.44166667 -0.87499848 -0.39666667 0.14 0.14 -0.21666618 -0.07 0.19166667 0.088333364 0.10333333 -0.00017944863 -1.0897397e-10 0.44333333 0.44333333 -0.055 -0.055 -0.055
-0.48833333 -0.38339796 -0.45054435 -0.69332764 -0.46333333 -0.19666667 -0.78 -0.75 -0.82666603 -0.92720699 -0.72000027 -0.72 -0.071666667 -0.115 -0.115 -0.0050000036 -0.005 -0.0050134695 -0.24166667 -0.34833333 -0.29040133 -0.053333333 -0.053333333 -0.57997856 -0.58 -0.46494815 -0.23 -0.23 -0.22999999 -0.28833333 -0.28833333 -0.30666667 -0.30666667 -0.38666735 -0.635 -0.11666701 -0.48255665 -0.875 -0.875 0.13999999 -0.21666667 -0.21666667 -0.21666444 0.088333333 0.088333333 0.10333333 -3.7007434e-17 -3.7007434e-17 0.44333333 0.44333333 -0.055 -0.055 -0.055
-0.48666667 -0.27729423 -0.27334965 -0.27637332 -0.46333204 -0.19667296 -0.77999998 -0.75036928 -0.82138355 -0.82932145 -0.071666667 -0.071666667 -0.071666667 -0.071666667 -0.11499386 -0.0050000001 -0.005 -0.0080557438 -0.24166667 -0.34817498 0.19666667 0.19666667 0.19666667 0.19666667 -0.56656816 -0.23 -0.23 -0.23 -0.23 -0.23000591 -0.30666667 -0.30666667 -0.30666667 -0.30666667 -0.11666667 -0.11666667 -0.11666667 -0.83822756 -0.86690113 0.20333333 0.20333333 -0.21664408 0.0016696333 0.088324986 0.088333333 0.10333333 6.7853873e-12 -8.1948312e-17 0.44333333 0.44333333 -0.0531921 -0.055 -0.23307992
-0.48666667 -0.27333333 -0.27333333 -0.27333333 -0.27333333 -0.2733333 -0.7785068 -0.76581505 -0.8072887 -0.072482266 -0.071666667 -0.071666667 -0.071666667 -0.071666667 -0.071666521 -0.0050000019 -0.0050000374 -0.021233718 -0.24166195 0.19666667 0.19666667 0.19666667 0.19666667 0.19666667 0.19871856 -0.12051456 -0.12833335 -0.12833333 -0.12833333 -0.12833333 -0.30666666 -0.30666667 -0.30666604 0.21666667 0.21666667 -0.11666667 0.44558421 0.46166667 0.20333348 0.20333333 0.20333333 0.20333333 0.0016666667 0.0016666667 0.0016666667 0.002374174 -0.1721841 -0.17333333 -0.17333333 -0.17333333 -0.17333332 0.33499992 0.335
0.15333333 -0.27333333 -0.27333333 -0.27333333 -0.27333333 -0.27333333 -0.27333336 -0.59721637 0.12494089 0.13 0.13 0.13 0.13 0.13 0.13 0.30307091 -7.5049451e-05 -0.037407491 0.19661163 0.19666667 0.19666667 0.19666667 0.19666667 0.19666723 0.29166667 0.29166667 0.29166608 -0.12833333 -0.12833333 -0.12736882 0.35333333 0.35333333 0.21666667 0.21666667 0.21666667 0.42242035 0.46166667 0.46166667 0.46166667 0.20333333 0.20333333 0.20333333 0.0016666667 0.0016666667 0.0016666667 0.0016666668 -0.17333333 -0.17333333 -0.17333333 -0.17333333 -0.17333333 0.335 0.335
0.15333333 -0.0055098193 -0.27333333 -0.27333333 -0.27333333 -0.27333333 -0.1583559 -0.15833333 -0.15833333 0.13 0.13 0.13 0.13 0.13 0.1689739 0.30666667 0.30666667 0.30666667 0.68018931 0.68166617 0.68166667 0.68166667 0.68166667 0.68166667 0.29166667 0.29166667 0.29166667 0.29166667 -0.12833333 0.35333333 0.35333333 0.35333333 0.21666668 0.21666667 0.21666667 0.50833333 0.46172845 0.46166667 0.46166667 0.20337837 0.29308454 0.5024367 0.0016666669 0.0016666667 0.19274184 0.19333333 0.19333333 -0.17282535 0.13392251 0.13499997 0.13499994 0.34333202 0.33500002
0.15333333 -0.13049992 -0.20501712 -0.27333333 -0.27333333 -0.15840128 -0.15833333 -0.15833333 -0.15833333 -0.15625552 0.13 0.13 0.13 0.13000002 0.30666667 0.30666667 0.30666667 0.30666667 0.68133169 0.68166667 0.68166667 0.68166667 0.68166667 0.68166667 0.29166668 0.29166667 0.29166667 0.29166667 0.29189097 0.35333333 0.35333333 0.35333333 0.79833332 0.21671038 0.50833333 0.50833333 0.50833333 0.51072991 0.5007027 0.50333333 0.50333333 0.50333333 0.46833333 0.46833333 0.19333333 0.19333333 0.19333333 0.135 0.135 0.135 0.135 0.34333333 0.34333333
-0.1381134 -0.13833333 -0.13833333 -0.13833333 -0.18333333 -0.15833398 -0.15833333 -0.15833333 -0.15833333 -0.15833333 0.12192435 0.12999861 0.13 0.30666667 0.30666667 0.30666667 0.30666667 0.30666667 0.35163635 0.68166667 0.68166667 0.68166667 0.68166667 0.68166667 0.63980294 0.86999687 0.87 0.87 0.87 0.35333336 0.79833333 0.79833333 0.79833333 0.79833333 0.50833333 0.50833908 0.72666667 0.72666667 0.50612198 0.50333333 0.50333333 0.50333333 0.46833333 0.46833333 0.2359128 0.19333333 0.19333333 0.135 0.135 0.135 0.13723388 0.34333333 0.34333333
-0.13833333 -0.13833333 -0.13833333 -0.1595245 -0.18333333 -0.18333333 -0.15833333 -0.15833333 -0.15833333 -0.15833333 0.023333333 0.023333333 0.023333333 0.30666667 0.30666667 0.30666667 0.30666667 0.30666033 0.55333333 0.55333333 0.68166661 0.68166667 0.68730677 0.91333333 0.91294322 0.87 0.87 0.87 0.87 0.79834063 0.79833333 0.79833333 0.79833333 0.79833333 0.7266659 0.72666667 0.72666667 0.72666667 0.72590897 0.50333333 0.50333333 0.50333333 0.46833333 0.46833333 0.46833333 0.19333333 0.19333333 0.13500001 0.135 0.135 0.34333333 0.34333333 0.34333333
-0.13833333 -0.13833333 -0.13833333 -0.18333333 -0.18333333 -0.18333333 -0.1833333 -0.15833333 -0.15833333 0.023145801 0.023333333 0.023333333 0.023333333 0.023509862 0.27563881 0.26833333 0.26833333 0.26833333 0.55333333 0.55333333 0.55333333 0.91333333 0.91333333 0.91333333 0.91332446 0.87611945 0.87 0.87 0.87 1.0073659 1.0533083 1.0533333 1.0533333 1.0533333 0.92779106 1.2099989 1.21 1.21 1.21 0.80162585 0.80166667 0.80166667 0.46833333 0.46833333 0.64166594 0.6416666 0.44666667 0.44666667 0.47666667 0.47666667 0.47666667 0.34333333 0.5081858
-0.13833235 -0.13833333 -0.13833333 -0.18333333 -0.18333333 -0.18333333 -0.18333333 -0.096666685 -0.15808677 0.023230565 0.023333333 0.023333333 0.023333333 0.023814091 0.26833333 0.26833333 0.26833333 0.26833342 0.55333333 0.55333333 0.55333333 0.91333333 0.91333333 0.91333333 0.88166667 0.88166667 1.0433333 1.0433333 1.0433333 1.0433879 1.0533333 1.0533333 1.0533333 1.0533333 1.1316236 1.21 1.21 1.21 1.21 0.80166667 0.80166667 0.80166667 0.79663245 0.64166667 0.64166667 0.64166667 0.44666667 0.44666667 0.47666667 0.47666667 0.47666667 0.50833333 0.50833333
0.17833333 0.039322975 0.245 0.24487573 -0.18333333 -0.097168117 -0.096666667 -0.096666667 -0.021969048 -0.089999995 -0.09 -0.09 -0.09 0.086660916 0.086666667 0.26833319 0.26833333 0.27584266 0.55333333 0.55333333 0.55333333 0.77 0.77 0.77 0.88166667 0.88166667 1.0433333 1.0433333 1.0433333 1.0433334 1.0733332 1.0733333 1.053836 1.0533548 1.0566641 1.0566667 1.0566667 1.0566667 1.0566667 0.80166667 0.80166667 0.80166667 0.65047662 0.64166667 0.64166667 0.64166657 0.44666667 0.44666667 0.44666775 0.47666667 0.47665974 0.32166667 0.50833333
0.3366366 0.33666665 0.245 0.245 0.245 -0.096666667 -0.096666667 -0.096666667 0.10833333 0.10833333 -0.09 -0.09 -0.09 0.086666667 0.086666667 0.086666667 0.086666667 0.086719145 0.55333333 0.55333333 0.55333334 0.77 0.77 0.77 0.88166667 0.88166667 1.0433333 1.0433333 1.0433333 1.0729951 1.0733333 1.0733333 1.0733333 1.0733333 1.0566749 1.0566667 1.0566667 1.0566667 1.0566667 0.58666672 0.58666667 0.58666667 0.58666667 0.64166241 0.086666667 0.086666667 0.086666667 0.14833333 0.14833333 0.14833333 0.32166667 0.32166667 0.32166667
0.33666667 0.33666667 0.245 0.245 0.245 -0.094870806 -0.096666667 0.10833333 0.10833333 0.10833333 -0.089975585 -0.09 -0.011011277 0.086666648 0.086666667 0.086666667 0.086666667 0.09 0.09 0.09 0.46166667 0.4616669 0.7699985 0.77 0.77018945 1.0366667 1.0366667 1.0366667 1.0433323 1.1749797 1.1749995 1.1749823 1.0735071 1.0734211 1.0597009 1.0566664 1.0544493 0.395 0.395 0.58666667 0.58666667 0.58666667 0.58666667 0.086666667 0.086666667 0.086666667 0.086666667 0.14833333 0.14833333 0.14833333 0.32166667 0.32166667 0.32166667
0.33666667 0.33666667 0.245 0.245 0.245 0.245 -0.019941155 0.10833333 0.10833333 0.10833333 0.10827717 0.0066666667 0.0066666667 0.0066666667 0.086195208 0.086666667 0.089977787 0.09 0.09 0.09 0.46166667 0.46166667 0.46166667 0.46166667 1.0366667 1.0366667 1.0366667 1.0366667 1.0366667 1.175 1.175 1.175 1.175 1.1750002 1.27 0.395 0.395 0.395 0.395 0.39499898 0.043333333 0.043333333 0.043333333 0.054722878 0.078333333 0.078333333 0.078333333 0.14833333 0.14833337 0.18833333 0.18833333 0.40664599 0.40666667
0.33666667 0.33666667 0.27808523 0.245 0.245 0.245 0.40280985 0.10926301 0.10833333 0.10833333 0.0066667328 0.0066666667 0.0066666667 0.0066666667 0.0066666667 0.013236405 0.09 0.09 0.09 0.09 0.46166379 0.46166667 0.46166667 0.46166667 1.0366667 1.0366667 1.0366667 1.0366667 1.0366667 0.87818584 1.175 1.175 1.175 1.27 1.27 1.2693205 0.395 0.395 0.44096025 0.47666666 0.043333333 0.043333333 0.043333333 0.055580006 0.078333333 0.078333333 0.078333333 0.24166667 0.18899786 0.18833333 0.18833333 0.40666667 0.40666667
0.50833333 0.50833333 0.50833333 0.31102491 0.24559945 0.40333333 0.40333333 0.40333333 0.40333333 0.32166667 0.32166667 0.0066666889 0.0066666667 0.0066666667 0.0066666667 0.0066719517 0.09 0.09 0.09 0.09 0.29948339 0.46166667 0.46166667 0.45595279 0.27865957 1.0366667 1.0366667 1.0366667 0.77333333 0.77333333 0.77333333 0.77333502 1.27 1.27 1.27 1.27 0.47666667 0.47666667 0.47666667 0.47666667 0.073333333 0.073333333 0.073333333 0.36166087 0.36166667 0.36166667 0.36166658 0.24166667 0.24166667 0.18839832 0.18833333 0.40666642 0.40666667
0.50833333 0.50833333 0.50833333 0.50834132 0.65666667 0.61982784 0.40333333 0.40333333 0.40333333 0.32166667 0.32166667 0.32166667 0.094999997 0.095 0.095 0.095000004 0.090439638 0.09 0.09 0.09 0.095623869 0.24333393 0.24333333 0.24333333 0.24333333 0.24333334 0.21166667 0.21166667 0.77333333 0.77333333 0.77333333 0.77333333 1.2699997 1.27 1.27 1.2699627 0.47666667 0.47666667 0.47666667 0.47721502 0.073333333 0.073333333 0.073333333 0.3616533 0.36166667 0.36166667 0.36166667 0.24166667 0.24166667 0.24166668 0.35833333 0.35833333 0.46166667
0.50833333 0.50833333 0.50833333 0.65666632 0.65666667 0.65666667 0.40333343 0.40333333 0.40333333 0.32166667 0.32166667 0.32166667 0.095 0.095 0.095 0.11289749 0.33 0.33 0.32999938 0.091355584 0.24333333 0.24333333 0.24333333 0.24333333 0.24333333 0.2433095 0.21166667 0.21166667 0.21166667 0.77333333 0.77333333 0.77311878 0.81166667 0.81166667 0.81166667 0.625 0.625 0.60166667 0.60166667 0.60166667 0.90333333 0.07359368 0.073337799 0.67166667 0.67166667 0.65991802 0.36166728 0.24166667 0.24166667 0.35833333 0.35833333 0.35833333 0.46166667
0.50833333 0.50833333 0.50833333 0.65666667 0.65666667 0.65666667 0.65666667 0.40333333 0.40333333 0.32166667 0.32166667 0.1040634 0.095 0.095 0.095 0.33 0.33 0.33 0.33 0.33 0.24333333 0.24333333 0.24333333 0.24333333 0.24333333 0.21166677 0.21166667 0.21166667 0.21166667 0.44 0.44 0.44 0.81166667 0.81166667 0.81166667 0.625 0.625 0.60166667 0.60166667 0.90333333 0.90333333 0.90333333 0.67166667 0.67166667 0.67166667 0.67166667 0.68426259 0.825 0.825 0.825 0.35833334 0.86166667 0.86166667
