interpolatedSpi/03-08|21_3.tif
NCOLS 53
NROWS 52
XLLCORNER -116.03883
YLLCORNER 28.596182
DX 0.49850594
DY 0.49788537
NODATA_VALUE -9999
[rows 0 to 28 of 52, columns 0 to 52 of 53]
-1.03 -1.03 -1.0448889 -1.2683333 -1.11 -1.56 -1.41 -1.2816667 -1.1433978 -1.2866667 -1.5283333 -1.0333333 -1.656619 -1.0783333 -1.58 -1.58 -1.58 -0.53666667 -0.66 -0.66 -0.66 -0.65999868 -0.52333334 -1.0116667 -1.0116667 -1.0116667 -0.18333937 -0.18333333 -0.18333333 -0.28166667 -0.28166667 -0.28166667 -0.28166667 -0.85166655 -0.85166667 -0.85166667 -0.85166667 -0.85166667 -0.85166667 -0.85166665 -0.29598577 -0.29014143 -0.845 -0.845 -0.845 -0.845 -0.84406627 -0.27333333 -0.27333333 -0.27333333 1.0699972 1.07 1.07
-1.030027 -1.6366667 -1.3983328 -1.461952 -1.6399936 -1.045 -1.1233333 -1.3049171 -1.4833333 -1.61 -1.3783333 -1.6566667 -1.6566667 -0.95375014 -1.0783363 -1.58 -0.53666667 -0.53666667 -0.65983919 -0.66 -0.66 -0.66 -1.0304406 -1.0116667 -1.0116667 -1.0116667 -1.105 -1.105 -0.28166667 -0.28166667 -0.28166667 -0.28166667 -0.28166667 -0.85166658 -0.85166667 -0.85166667 -0.85166667 -0.85166667 -0.85166666 -0.87868503 -1.0333117 -0.86785261 -0.845 -0.845 -0.845 -0.845 -0.845 -0.27333333 -0.27333333 -0.27333333 -0.16194285 1.07 1.07
-1.6333082 -1.6333333 -0.93666667 -0.97833333 -1.045 -1.3133333 -0.70333333 -1.0466667 -1.3916667 -1.3566667 -1.2183333 -1.5283333 -0.88833333 -1.58 -0.95333333 -1.82 -0.53666667 -0.53666667 -0.53666667 -1.1515237 -1.1516667 -1.1516667 -1.3683333 -1.0116667 -1.0116667 -1.0116667 -1.105 -1.105 -1.105 -0.28166667 -0.28166667 -0.28166669 -0.56408804 -0.85159669 -0.85127884 -0.81038181 -0.81 -0.81 -0.83808945 -1.0333333 -1.0333333 -1.0330925 -0.845 -0.845 -0.845 -0.845 -0.845 -0.27333333 -0.27333333 -0.27333333 -0.27333333 1.07 1.07
-0.30166667 -1.6333332 -1.2183208 -0.37166667 -0.985 -1.0816667 -0.79333333 -1.0016667 -1.0533333 -1.1240497 -1.215 -1.605 -1.575 -1.58 -1.4483333 -1.82 -1.9804298 -1.9806542 -1.85 -1.1516667 -1.1516667 -1.7883333 -1.3683333 -1.3683333 -1.0116667 -1.0116671 -1.105 -1.105 -1.105 -0.91166667 -0.88789063 -0.86833333 -0.86833333 -0.86833328 -0.81 -0.81 -0.81 -0.81 -1.0333333 -1.0333333 -1.0333333 -1.0333333 -0.845 -0.845 -0.845 -0.845 -0.845 -0.27334054 -0.27333333 -0.27333333 -0.27333333 1.069939 1.07
-0.30166667 0.17666411 -1.2183333 -1.474592 -0.985 -0.89666667 -1.3599851 -1.005 -1.1066667 -1.1883334 -1.5434486 -1.7132572 -1.1816667 -1.4483333 -1.4483333 -1.6995548 -1.9816667 -1.9816667 -1.85 -1.85 -1.1516679 -1.7883333 -1.6516667 -0.91833333 -0.70666667 -0.70659661 -1.105 -1.105 -0.91166667 -0.91166667 -0.86833333 -0.86833333 -0.86833333 -0.79824697 -0.81 -0.81 -0.81 -1.0333333 -1.0333333 -1.0333333 -1.0333333 -1.0333245 -0.845 -0.845 -0.845 -0.845 -0.845 -0.83991146 -0.27333333 -0.2733568 -0.79666667 -0.79666667 -0.79666667
-1.6183333 -0.655 -0.84333334 -1.0416667 -1.72 -1.3066667 -1.535 -1.4671448 -1.2083333 -0.70833333 -0.79666667 -0.40166667 -0.40166718 -1.215 -1.215 -1.6783056 -1.6783333 -1.5533333 -1.5533333 -1.8499992 -1.445 -1.445 -0.91833333 -0.70666667 -0.70666667 -0.40666667 -0.62666667 -0.62666667 -0.37671527 -0.91166667 -0.86833333 -0.86833333 -0.49666667 -0.49667642 -0.58999351 -1.2783333 -1.2783333 -1.1091297 -1.0333333 -1.0333333 -0.94178099 -0.94166667 -0.94166627 -1.6243288 -1.6382457 -1.6383331 -1.6383333 -1.638333 -1.1732502 -0.79666667 -0.79666667 -0.79666667 -0.79666667
-0.29999888 -0.56333333 0.085554467 -0.68833333 -1.19 -1.79 -1.1666667 -1.0366667 -0.96 -0.96 -0.79666667 -1.19 -0.76500011 -1.215 -1.5633323 -1.5633333 -1.6783333 -1.375 -0.925 -0.925 -1.4049425 -1.36 -1.36 -0.25000001 -0.40666667 -0.40666667 -0.62666667 -0.62666667 -0.37666783 -0.37668813 -0.55118807 -0.49666667 -0.49666667 -0.59 -0.59 -1.3309819 -1.2783333 -1.2783333 -1.2466678 -0.94166709 -0.94166667 -0.94166667 -0.94166504 -1.6383314 -1.6383333 -1.6383333 -1.6383333 -1.6383331 -1.2683333 -0.79676014 -0.79666667 -0.79666667 -0.79666667
-0.3 0.2 0.30833333 -1.3083333 -1.5216544 -1.395 -1.0766667 -1.5933333 -1.6066667 -1.3116667 -1.3116667 -1.1766667 -0.765 -0.765 -1.557856 -1.6665525 -1.6766667 -1.0166667 -1.1966664 -0.925 -0.3578613 -0.35333333 -0.43166667 0.066666665 0.066665656 -0.011666667 -0.49 -0.49000005 -0.39659658 -0.39666667 -0.55166667 -1.1230241 -0.88333333 -0.59 -0.61243668 -1.375 -1.375 -1.2466667 -1.2466667 -0.94166667 -0.94166667 -0.94166666 -1.2888097 -1.2916667 -1.6383333 -1.6383333 -1.6383333 -1.2683474 -1.2683333 -1.2683333 -0.79666667 -0.79666667 -0.79666667
-0.043250582 0.2 0.36166667 -0.18 -0.96166667 -1.3 -1.42 -1.48 -1.6216667 -1.395726 -1.23 -1.1016667 -1.1016667 -1.0883333 -1.0883348 -1.3010498 -1.3 -1.3 -1.0441439 -0.72833327 -0.40666667 -0.40666667 -0.51 -0.46253654 -0.0037727349 -0.011666667 -0.37166667 -0.49 -0.66895402 -0.67 -1.19 -0.52333333 -0.66183906 -1.3033333 -1.3766667 -1.5116667 -1.55 -1.3133333 -1.2850131 -0.94087063 -0.76333333 -0.88 -1.2915896 -1.2916667 -1.2936179 -1.6383333 -1.5233333 -1.2683333 -1.2683333 -1.2683333 -1.2683333 -0.79044129 -0.38833333
-1.4033333 -1.4033333 0.43833333 -0.30833333 -0.96166667 -1.395 -1.4416667 -1.51 -1.585 -1.3383502 -1.5133333 -0.21166667 -1.0883333 -1.0883333 -1.2483333 -1.249042 -1.3 -1.299985 -1.205 -0.72833333 -0.72833333 -0.68689188 -0.51 -0.48500047 -0.485 -0.485 -0.37166667 0.0049999997 0.0049999999 -0.67 -0.67 -0.5238549 -0.79833333 -1.3033333 -0.70833333 -1.5116667 -1.55 -1.185 -1.285 -1.152188 -0.87999999 -0.8573474 -0.81833333 -1.2916667 -1.2916667 -1.5233333 -1.5233333 -1.5233333 -1.2683333 -1.2683333 -0.74666667 -0.74666667 -0.74666653
-1.4033333 -1.4033333 -0.44166667 -1.2683333 -1.1866667 -0.65 -1.1533333 -1.3084493 -1.3583333 -1.2566667 -1.2616667 -0.93833333 -0.21263537 -1.2483333 -1.2483333 -1.2483618 -1.495 -1.4797794 -1.205 -1.4316667 -1.4316667 -0.87833333 -0.87833333 -0.485 -0.485 -0.485 0.005 0.005 0.005 -1.25 -1.25 -1.2499993 -1.065 -1.065 -1.43 -1.95 -1.3366667 -2.2216568 -1.6383333 -1.15 -1.15 -0.85666654 -0.81833333 -1.2916667 -1.56 -1.6266667 -0.94749075 -0.945 -0.88833333 -0.88833333 -0.74666667 -0.74666667 -0.74666667
-1.4033333 -0.98828974 -0.79443482 -1.198327 -0.34166667 -1.3766667 -1.1533333 -1.3083333 -1.3583329 -1.257793 -0.93833375 -0.93833333 -1.09 -1.2483333 -1.2483333 -1.495 -1.495 -1.4949835 -1.205 -1.4316667 -1.3230033 -0.87833333 -0.87833333 -0.48501635 -0.485 -0.57594575 -0.76166667 -0.76166667 -0.76166657 -1.25 -1.25 -1.4583333 -1.4583333 -1.065001 -1.43 -1.4733335 -1.2917677 -2.2216667 -2.2216667 -1.15 -0.85666667 -0.85666667 -0.85667175 -1.56 -1.56 -1.6266667 -0.945 -0.945 -0.88833333 -0.88833333 -0.74666667 -0.74666667 -0.74666667
-2.255 -1.0734195 -1.1150047 -1.1155914 -0.34167204 -1.3766422 -1.1533333 -1.3064254 -1.3548878 -1.3556785 -1.09 -1.09 -1.09 -1.09 -1.2483109 -1.495 -1.495 -1.4912556 -1.205 -1.4316623 -1.4216667 -1.4216667 -1.4216667 -1.4216667 -0.50107587 -0.76166667 -0.76166667 -0.76166667 -0.76166667 -0.76207599 -1.4583333 -1.4583333 -1.4583333 -1.4583333 -1.4733333 -1.4733333 -1.4733333 -2.1842253 -2.2175234 -1.67 -1.67 -0.85671041 -1.3716731 -1.5599819 -1.56 -1.6266667 -0.945 -0.945 -0.88833333 -0.88833333 -0.74718062 -0.74666667 -0.22556704
-2.255 -1.115 -1.115 -1.115 -1.115 -1.1150001 -1.1539049 -1.2266801 -1.3456955 -1.0902865 -1.09 -1.09 -1.09 -1.09 -1.0900001 -1.495 -1.495 -1.475108 -1.2050047 -1.4216667 -1.4216667 -1.4216667 -1.4216667 -1.4216667 -1.4193583 -1.0786786 -1.2116666 -1.2116667 -1.2116667 -1.2116667 -1.4583333 -1.4583333 -1.4583333 -1.4666667 -1.4666667 -1.4733333 -1.4166221 -1.415 -1.6699999 -1.67 -1.67 -1.67 -1.3716667 -1.3716667 -1.3716667 -1.3734412 -1.0660166 -1.0666667 -1.0666667 -1.0666667 -1.0666667 -0.39333341 -0.39333333
-1.6916667 -1.115 -1.115 -1.115 -1.115 -1.115 -1.115 -1.2242193 -1.2505044 -1.25 -1.25 -1.25 -1.25 -1.25 -1.25 -1.2010425 -1.4902927 -1.4552893 -1.4216395 -1.4216667 -1.4216667 -1.4216667 -1.4216667 -1.4216665 -1.315 -1.315 -1.3149999 -1.2116667 -1.2116667 -1.2117134 -1.235 -1.235 -1.4666667 -1.4666667 -1.4666667 -1.4232763 -1.415 -1.415 -1.415 -1.67 -1.67 -1.67 -1.3716667 -1.3716667 -1.3716667 -1.3716667 -1.0666667 -1.0666667 -1.0666667 -1.0666667 -1.0666667 -0.39333333 -0.39333333
-1.6916667 -1.4769802 -1.115 -1.115 -1.115 -1.115 -1.3099617 -1.31 -1.31 -1.25 -1.25 -1.25 -1.25 -1.25 -1.2389697 -1.2 -1.2 -1.2 -1.2604922 -1.2600002 -1.26 -1.26 -1.26 -1.26 -1.315 -1.315 -1.315 -1.315 -1.2116667 -1.235 -1.235 -1.235 -1.4666666 -1.4666667 -1.4666667 -1.2083333 -1.4147264 -1.415 -1.415 -1.6698671 -1.4047353 -0.78598338 -1.3716667 -1.3716667 -0.8665636 -0.865 -0.865 -1.06541 -0.30434 -0.30166673 -0.30166681 0.26656663 -0.39333199
-1.6916667 -1.5310981 -1.3233223 -1.115 -1.115 -1.3098848 -1.31 -1.31 -1.31 -1.3095676 -1.25 -1.25 -1.25 -1.25 -1.2 -1.2 -1.2 -1.2 -1.2599464 -1.26 -1.26 -1.26 -1.26 -1.26 -1.315 -1.315 -1.315 -1.315 -1.314709 -1.235 -1.235 -1.235 -1.3983333 -1.4666387 -1.2083333 -1.2083333 -1.2083333 -1.2045563 -0.823324 -0.78333333 -0.78333333 -0.78333333 -1.01 -1.01 -0.865 -0.865 -0.865 -0.30166667 -0.30166667 -0.30166667 -0.30166667 0.26666667 0.26666667
-1.5267246 -1.5266667 -1.5266667 -1.5266667 -1.25 -1.3099985 -1.31 -1.31 -1.31 -1.31 -1.2380129 -1.2499979 -1.25 -1.2 -1.2 -1.2 -1.2 -1.2 -1.1834504 -1.26 -1.26 -1.26 -1.26 -1.26 -1.239716 -1.1650008 -1.165 -1.165 -1.165 -1.235 -1.3983333 -1.3983333 -1.3983333 -1.3983333 -1.2083333 -1.2083242 -0.86333333 -0.86333333 -0.78433225 -0.78333333 -0.78333333 -0.78333333 -1.01 -1.01 -0.88745099 -0.865 -0.865 -0.30166667 -0.30166667 -0.30166667 -0.29557266 0.26666667 0.26666667
-1.5266667 -1.5266667 -1.5266667 -1.3963802 -1.25 -1.25 -1.31 -1.31 -1.31 -1.31 -1.0916667 -1.0916667 -1.0916667 -1.2 -1.2 -1.2 -1.2 -1.1998675 -0.86333333 -0.86333333 -1.2599998 -1.26 -1.2664111 -1.5233333 -1.5201074 -1.165 -1.165 -1.165 -1.165 -1.3983096 -1.3983333 -1.3983333 -1.3983333 -1.3983333 -0.86333455 -0.86333333 -0.86333333 -0.86333333 -0.8630442 -0.78333333 -0.78333333 -0.78333333 -1.01 -1.01 -1.01 -0.865 -0.865 -0.30166668 -0.30166667 -0.30166667 0.26666667 0.26666667 0.26666667
-1.5266667 -1.5266667 -1.5266667 -1.25 -1.25 -1.25 -1.2500001 -1.31 -1.31 -1.091892 -1.0916667 -1.0916667 -1.0916667 -1.0917342 -0.55111303 -0.39833333 -0.39833333 -0.39833334 -0.86333333 -0.86333333 -0.86333333 -1.5233333 -1.5233333 -1.5233333 -1.5229584 -0.65096618 -1.165 -1.165 -1.165 -1.0581167 -0.98670716 -0.98666667 -0.98666667 -0.98666667 -0.80743982 -0.72833364 -0.72833333 -0.72833333 -0.72833333 -0.63335386 -0.63333333 -0.63333333 -1.01 -1.01 -0.90833376 -0.90833324 -0.655 -0.655 -0.27833333 -0.27833333 -0.27833333 0.26666667 0.17008643
-1.5266639 -1.5266667 -1.5266667 -1.25 -1.25 -1.25 -1.25 -0.87833346 -1.308274 -1.0914687 -1.0916667 -1.0916667 -1.0916667 -1.0903062 -0.39833333 -0.39833333 -0.39833333 -0.39833347 -0.86333333 -0.86333333 -0.86333333 -1.5233333 -1.5233333 -1.5233333 -0.185 -0.185 -0.48833333 -0.48833333 -0.48833333 -0.4910519 -0.98666667 -0.98666667 -0.98666667 -0.98666667 -0.85757091 -0.72833333 -0.72833333 -0.72833333 -0.72833333 -0.63333333 -0.63333333 -0.63333333 -0.64198589 -0.90833333 -0.90833333 -0.90833333 -0.655 -0.655 -0.27833333 -0.27833333 -0.27833333 0.16999998 0.17
-0.645 -1.0584141 -1.1816667 -1.1816865 -1.25 -0.88048378 -0.87833333 -0.87833333 -0.89412307 -0.87333333 -0.87333333 -0.87333333 -0.87333333 0.13330056 0.13333333 -0.39833293 -0.39833333 -0.4105854 -0.86333333 -0.86333333 -0.86333333 -0.17833333 -0.17833333 -0.17833333 -0.185 -0.185 -0.48833333 -0.48833333 -0.48833333 -0.48833333 -0.48500319 -0.48500141 -0.97405803 -0.98612885 -0.64538833 -0.645 -0.645 -0.645 -0.645 -0.63333333 -0.63333333 -0.63333333 -0.89319085 -0.90833333 -0.90833333 -0.90833331 -0.655 -0.655 -0.65498644 -0.27833333 -0.27835934 -0.86 0.17
-0.99326718 -0.99333337 -1.1816667 -1.1816667 -1.1816667 -0.87833333 -0.87833333 -0.87833333 -0.92166667 -0.92166667 -0.87333333 -0.87333333 -0.87333333 0.13333333 0.13333333 0.13333333 0.13333333 0.13322071 -0.86333333 -0.86333333 -0.86333331 -0.17833333 -0.17833333 -0.17833333 -0.185 -0.185 -0.48833333 -0.48833333 -0.48833333 -0.48503758 -0.485 -0.485 -0.485 -0.485 -0.64492105 -0.645 -0.645 -0.645 -0.645 -0.44666672 -0.44666667 -0.44666667 -0.44666667 -0.90833216 -0.755 -0.755 -0.755 -0.97666667 -0.97666667 -0.97666667 -0.86 -0.86 -0.86
-0.99333333 -0.99333333 -1.1816667 -1.1816667 -1.1816667 -0.87992771 -0.87833333 -0.92166667 -0.92166667 -0.92166667 -0.87333928 -0.87333333 -0.62274842 0.13333317 0.13333333 0.13333333 0.13333333 -0.20833333 -0.20833333 -0.20833333 -0.013333337 -0.013333456 -0.17833253 -0.17833333 -0.17828679 -0.096666667 -0.096666667 -0.0966676 -0.48827004 0.083220072 0.083330308 0.08323411 -0.48402866 -0.48450953 -0.61613318 -0.64499971 -0.64252568 0.093333333 0.093333333 -0.44666667 -0.44666667 -0.44666667 -0.44666667 -0.755 -0.755 -0.755 -0.755 -0.97666667 -0.97666667 -0.97666667 -0.86 -0.86 -0.86
-0.99333333 -0.99333333 -1.1816667 -1.1816667 -1.1816667 -1.1816667 -0.89455173 -0.92166667 -0.92166667 -0.92166667 -0.92147057 -0.56666667 -0.56666667 -0.56666667 0.12920807 0.13333333 -0.20605655 -0.20833333 -0.20833333 -0.20833333 -0.013333333 -0.013333333 -0.013333333 -0.013333333 -0.096666667 -0.096666667 -0.096666667 -0.096666667 -0.096666667 0.083333333 0.083333333 0.083333333 0.083333333 0.083333653 0.235 0.093333333 0.093333333 0.093333333 0.093333333 0.093331925 -0.26666667 -0.26666667 -0.26666667 -0.47655774 -0.91166667 -0.91166667 -0.91166667 -0.97666666 -0.97666624 -0.53333333 -0.53333333 -0.39011434 -0.39
-0.99333333 -0.99333333 -1.1136916 -1.1816667 -1.1816667 -1.1816667 -0.8917199 -0.92157212 -0.92166667 -0.92166667 -0.56666666 -0.56666667 -0.56666667 -0.56666667 -0.56666667 -0.50923662 -0.20833333 -0.20833333 -0.20833333 -0.20833333 -0.013334842 -0.013333333 -0.013333333 -0.013333333 -0.096666667 -0.096666667 -0.096666667 -0.096666667 -0.096666666 0.18062926 0.083333333 0.083333333 0.083333333 0.235 0.235 0.23488999 0.093333333 0.093333333 0.40004762 0.63833328 -0.26666667 -0.26666667 -0.26666667 -0.4705195 -0.91166667 -0.91166667 -0.91166667 0.375 -0.52201559 -0.53333333 -0.53333333 -0.39 -0.39
-0.42833333 -0.42833333 -0.42833333 -0.99278529 -1.1807289 -0.89166667 -0.89166667 -0.89166667 -0.89166667 -0.51833334 -0.51833333 -0.56666666 -0.56666667 -0.56666667 -0.56666667 -0.56664394 -0.20833333 -0.20833333 -0.20833333 -0.20833333 -0.098425008 -0.013333333 -0.013333333 0.0045061684 0.63426874 -0.096666667 -0.096666667 -0.096666667 0.215 0.215 0.215 0.21499945 0.235 0.235 0.235 0.235 0.63833333 0.63833333 0.63833333 0.63833333 -0.0016666667 -0.0016666667 -0.0016666667 0.039999162 0.04 0.04 0.039999699 0.375 0.375 -0.53222658 -0.53333333 -0.38999404 -0.39
-0.42833333 -0.42833333 -0.42833333 -0.42833926 -0.53833333 -0.58971381 -0.89166667 -0.89166667 -0.89166667 -0.51833333 -0.51833333 -0.51833333 -0.13833335 -0.13833333 -0.13833333 -0.13833335 -0.2088554 -0.20833333 -0.20833333 -0.20833333 -0.20533923 0.66833146 0.66833333 0.66833333 0.66833333 0.66833332 0.62666666 0.62666667 0.215 0.215 0.215 0.215 0.23500047 0.235 0.235 0.23505321 0.63833332 0.63833333 0.63833333 0.63663709 -0.0016666667 -0.0016666667 -0.0016666667 0.039998068 0.04 0.04 0.04 0.375 0.375 0.37500006 0.79166667 0.79166667 0.59833333
-0.42833333 -0.42833333 -0.42833333 -0.53833308 -0.53833333 -0.53833333 -0.89166653 -0.89166667 -0.89166667 -0.51833333 -0.51833333 -0.51833333 -0.13833333 -0.13833333 -0.13833333 -0.16536997 -0.49333333 -0.49333333 -0.4933326 -0.20994308 0.66833333 0.66833333 0.66833333 0.66833333 0.66833333 0.66830198 0.62666667 0.62666667 0.62666667 0.215 0.215 0.21495602 0.88833333 0.88833333 0.88833333 0.0066666704 0.006666668 0.25166667 0.25166667 0.25166667 0.046666667 -0.0016515059 -0.0016632711 0.45333333 0.45333333 0.43766847 0.04000166 0.375 0.375 0.79166667 0.79166667 0.79166667 0.59833333
