interpolatedSpi/03-03|22_2.tif
NCOLS 53
NROWS 52
XLLCORNER -116.03883
YLLCORNER 28.596182
DX 0.49850594
DY 0.49788537
NODATA_VALUE -9999
0.91 0.91 0.55194018 0.04 2.07 0.81 0.76 1.35 1.1790768 1.22 0.68 0.44 0.61004776 1.19 1.86 1.86 1.86 1.01 0.98 0.98 0.98 0.97999557 0.52 0.73 0.73 0.73 0.81999028 0.82 0.82 0.54 0.54 0.54 0.54 0.36000004 0.36 0.36 0.36 0.36 0.36 0.35999997 -0.80742451 -0.82029467 -1.98 -1.98 -1.98 -1.98 -1.9804573 -2.26 -2.26 -2.26 0.35999456 0.36 0.36 
0.90995557 -0.09 -0.010000022 0.092645242 0.29019836 1.37 1.23 0.88029664 0.6 0.21 0.25 0.61 0.61 0.36276761 1.1899959 1.86 1.01 1.01 0.98003912 0.98 0.98 0.98 0.71999895 0.73 0.73 0.73 0.86999999 0.87 0.54 0.54 0.54 0.54 0.54 0.36000003 0.36 0.36 0.36 0.36 0.36000007 0.43080055 0.73001665 -1.6511626 -1.98 -1.98 -1.98 -1.98 -1.98 -2.26 -2.26 -2.26 -2.0427471 0.36 0.36 
0.59000428 0.59 -0.03 0.87 -0.29 -0.2 0.31 0.43 -0.43 0.09 0.15 -0.59 0.19 0.2 0.36 1.0568418e-21 1.01 1.01 1.01 0.29020059 0.29 0.29 0.54 0.73 0.73 0.73 0.87 0.87 0.87 0.54 0.54 0.53999993 -0.1484021 0.36071782 0.368284 1.2418445 1.25 1.25 1.1845977 0.73 0.73 0.7265346 -1.98 -1.98 -1.98 -1.98 -1.98 -2.26 -2.26 -2.26 -2.26 0.36 0.36 
-0.36 0.58999986 -0.090026042 1.72 -0.28 -0.28 -0.31 -0.61 0.41 0.11822264 -0.14 -0.27 -0.61 0.2 0.06 2.8484716e-105 -0.099234905 -0.09922227 0.09 0.29 0.29 -0.26 0.54 0.54 0.73 0.7300007 0.87 0.87 0.87 -0.06 -0.51540251 -0.89 -0.89 -0.88999831 1.25 1.25 1.25 1.25 0.73 0.73 0.73 0.7299999 -1.98 -1.98 -1.98 -1.98 -1.98 -2.2599965 -2.26 -2.26 -2.26 0.35998465 0.36 
-0.36 0.40999908 -0.09 -0.096918575 -0.28 -0.35 0.15996979 -0.53 -0.18 -0.049999929 -0.11539024 -0.13993554 0.31 0.06 0.06 0.018282975 -0.1 -0.1 0.09 0.09 0.28999888 -0.26 -0.13 0.08 -0.36 -0.36010259 0.87 0.87 -0.059999999 -0.06 -0.89 -0.89 -0.89 -0.73159857 1.25 1.25 1.25 0.73 0.73 0.73 0.73 0.7300444 -1.98 -1.98 -1.98 -1.98 -1.98 -1.9824923 -2.26 -2.2599036 -0.11 -0.11 -0.11 
-1.71 -0.5 0.40000002 0.52 -0.5 0.12 -0.09 -0.1463326 -0.17 -0.45 -0.62 -0.17 -0.16999968 0.23 0.23 0.36003622 0.36 0.3 0.3 0.090000643 -0.5 -0.5 0.08 -0.36 -0.36 -0.8 -0.35 -0.35 -0.22998534 -0.06 -0.89 -0.89 -0.05 -0.050033436 -0.36997693 0.090000001 0.09 0.53200139 0.73 0.73 1.1894263 1.19 1.1900008 -0.3296566 -0.30018567 -0.30000045 -0.30000006 -0.30000063 -0.047574436 -0.11 -0.11 -0.11 -0.11 
-0.45000675 -1.18 -0.99058909 -0.55 -0.14 -0.74 -0.43999999 -1.05 -0.44 -0.44 -0.62 0.42 -0.69999987 0.23 0.50999916 0.51 0.36 0.93 0.82 0.82 -0.7120692 -0.95 -0.95 -0.52 -0.8 -0.8 -0.35 -0.35 -0.2300338 -0.23062229 -0.40126289 -0.05 -0.05 -0.37 -0.37 0.49303363 0.09 0.09 0.9899688 1.1899997 1.19 1.19 1.1900034 -0.29999604 -0.3 -0.3 -0.3 -0.2999998 0.04 -0.10997027 -0.11 -0.11 -0.11 
-0.45 -0.01 -0.64 -0.91 -0.26003726 -0.6 -0.65 -1.12 -0.1 -0.68 -0.68 -0.27 -0.7 -0.7 0.50169828 0.50089243 0.5 0.69 -0.2499989 0.82 -0.030369288 0.08 -0.56 0.039999997 0.039989166 -0.8 -0.71 -0.70999987 -0.8079676 -0.80999999 -0.4 -0.59183357 -0.67 -0.37 -0.34461613 0.83 0.83 0.99 0.99 1.19 1.19 1.19 0.41617135 0.40999996 -0.3 -0.3 -0.3 0.039987058 0.04 0.04 -0.11 -0.11 -0.11 
-0.16930132 -0.010000002 0.28 -0.22 -0.82 -0.92 -0.02 0.26 -0.35 0.27997571 -7.4057173e-18 -0.91 -0.91 -0.17 -0.1700078 -0.0085785872 -0.01 -0.01 0.54650756 -0.7600001 -1.22 -1.22 1.83 0.3818597 -0.71535018 -0.8 -0.02 -0.71 0.31401467 0.32 -0.57 0.26 0.10890074 -0.23 0.52 0.55 1.1 0.07 0.96958442 1.1916962 1.57 1.3 0.4100863 0.41 0.40600374 -0.3 -0.81999997 0.039999992 0.04 0.04 0.040000003 0.01575251 -5.1437483e-13 
-1.06 -1.06 -1.2343408e-27 -0.45 -0.77 -1.07 -0.37 -0.87 -0.07 0.43981228 -0.4 1.27 -0.17 -0.17 -1 -0.9864217 -0.01 -0.010068295 -0.34 -0.76 -0.76 -0.81926345 1.83 1.2700106 1.27 1.27 -0.02 -1.32 -1.32 0.32 0.32 0.25943102 -0.04 -0.23 0.21 0.55 1.1 0.13 0.97 1.3241655 1.3 1.1677578 0.94 0.41 0.41 -0.82 -0.82 -0.82 0.04 0.04 0.9 0.9 0.89999966 
-1.06 -1.06 0.05 -0.58 -1.4 -0.59 -1.45 0.27904445 -0.31 -0.04 -0.41 -0.4 1.2677746 -1 -1 -0.99988925 -0.04 -0.055745407 -0.34 -0.58 -0.58 -1.22 -1.22 1.27 1.27 1.27 -1.32 -1.32 -1.32 -0.14 -0.14 -0.13999984 0.09 0.09 0.17 -0.22 0.54 0.96999753 0.94 1.33 1.33 0.65000095 0.94 0.41 0.010000121 0.07 0.63371212 0.64 1.04 1.04 0.9 0.9 0.9 
-1.06 -0.58083948 -0.21884347 -0.95999244 -0.91 -1.84 -1.45 0.28 -0.30999507 -0.042991273 -0.39999953 -0.4 -0.24 -1 -1 -0.040000032 -0.04 -0.040017074 -0.34 -0.58 -0.70568298 -1.22 -1.22 1.2698994 1.27 0.23124619 -1.89 -1.89 -1.8899999 -0.14 -0.14 -1.33 -1.33 0.090000219 0.17 -0.059999779 0.56244908 0.97 0.97 1.33 0.65 0.65 0.64999542 0.01 0.01 0.07 0.64 0.64 1.04 1.04 0.9 0.9 0.9 
-0.46 -0.14253024 -0.15001541 -0.15586953 -0.91000471 -1.839978 -1.45 0.25870469 -0.26934297 -0.30294958 -0.24 -0.24 -0.24 -0.24 -0.99989234 -0.040000001 -0.04 -0.043873478 -0.34 -0.58029938 -1.62 -1.62 -1.62 -1.62 1.2184481 -1.89 -1.89 -1.89 -1.89 -1.8889598 -1.33 -1.33 -1.33 -1.33 -0.06 -0.06 -0.06 0.91999839 0.96188862 -0.11 -0.11 0.64995912 0.30998973 0.010028895 0.01 0.07 0.64 0.64 1.04 1.04 0.9005079 0.9 2.1762609 
-0.46 -0.15 -0.15 -0.15 -0.15 -0.15000071 -1.4509981 -0.63150493 -0.16087377 -0.24006872 -0.24 -0.24 -0.24 -0.24 -0.24000051 -0.040000015 -0.040000047 -0.060577952 -0.33999997 -1.62 -1.62 -1.62 -1.62 -1.62 -1.6145969 -1.7992649 -1.82 -1.82 -1.82 -1.82 -1.33 -1.33 -1.3300004 -1.65 -1.65 -0.06 -0.97386022 -1 -0.11000051 -0.11 -0.11 -0.11 0.31 0.31 0.31 0.30832982 0.86838515 0.87 0.87 0.87 0.87 1.07 1.07 
-0.97 -0.15 -0.15 -0.15 -0.15 -0.15 -0.15000009 -1.1944177 -0.91590004 -0.92 -0.92 -0.92 -0.92 -0.92 -0.91999999 -0.94928591 -0.054467937 -0.081080331 -1.619839 -1.62 -1.62 -1.62 -1.62 -1.6199993 -1.37 -1.37 -1.3700006 -1.82 -1.82 -1.8190589 -1.35 -1.35 -1.65 -1.65 -1.65 -1.1041227 -1 -1 -1 -0.11 -0.11 -0.11 0.31 0.31 0.31 0.31 0.86999999 0.87 0.87 0.87 0.87 1.07 1.07 
-0.97 -0.66472332 -0.15 -0.15 -0.15 -0.15 -1.5697213 -1.57 -1.57 -0.92 -0.92 -0.92 -0.92 -0.92 -0.92661821 -0.95 -0.95 -0.95 -0.99191821 -0.99000064 -0.99 -0.99 -0.99 -0.99 -1.37 -1.37 -1.37 -1.37 -1.82 -1.35 -1.35 -1.35 -1.65 -1.65 -1.65 -0.59 -0.99945715 -1 -1 -0.1101127 -0.33437803 -0.85775841 0.31 0.31 0.11061721 0.11 0.11 0.86927387 0.4315376 0.43000004 0.43000008 0.98001349 1.0699998 
-0.97 -1.8750226 -1.0355806 -0.15 -0.15 -1.569161 -1.57 -1.57 -1.57 -1.5653159 -0.92 -0.92 -0.92 -0.92 -0.95 -0.95 -0.95 -0.95 -0.98996427 -0.99 -0.99 -0.99 -0.99 -0.99 -1.37 -1.37 -1.37 -1.37 -1.3699273 -1.35 -1.35 -1.35 -1.54 -1.6498895 -0.59 -0.59 -0.59 -0.59003052 -0.86885422 -0.86 -0.86 -0.86 0.04 0.04 0.11 0.11 0.11 0.43 0.43 0.43 0.43 0.98 0.98 
-1.899326 -1.9 -1.9 -1.9 -1.69 -1.5700031 -1.57 -1.57 -1.57 -1.57 -0.98510929 -0.92001121 -0.92000002 -0.95 -0.95 -0.95 -0.95 -0.95 -0.97018046 -0.99 -0.99 -0.99 -0.99 -0.99 -1.3305897 -1.5899988 -1.59 -1.59 -1.59 -1.35 -1.54 -1.54 -1.54 -1.54 -0.59 -0.59 -0.59 -0.59 -0.85662865 -0.86 -0.86 -0.86 0.04 0.04 0.09916159 0.11 0.11 0.43 0.43 0.43 0.43589743 0.98 0.98 
-1.9 -1.9 -1.9 -1.8011079 -1.69 -1.69 -1.57 -1.57 -1.57 -1.57 -1.78 -1.78 -1.78 -0.95 -0.95 -0.95 -0.95 -0.94997025 -1.22 -1.22 -0.99000009 -0.99 -1.0009556 -1.44 -1.4413504 -1.59 -1.59 -1.59 -1.59 -1.5400051 -1.54 -1.54 -1.54 -1.54 -0.59 -0.59 -0.59 -0.59 -0.59103413 -0.86 -0.86 -0.86 0.04 0.04 0.04 0.11 0.11 0.42999999 0.43 0.43 0.98 0.98 0.98 
-1.9 -1.9 -1.9 -1.69 -1.69 -1.69 -1.6899998 -1.57 -1.57 -1.7797832 -1.78 -1.78 -1.78 -1.7794829 -0.80430397 -0.77 -0.77 -0.77 -1.22 -1.22 -1.22 -1.44 -1.44 -1.44 -1.4398795 -1.2857759 -1.59 -1.59 -1.59 -2.0452857 -2.159939 -2.16 -2.16 -2.16 -1.2024549 -2.0599967 -2.06 -2.06 -2.06 -0.66002737 -0.66 -0.66 0.04 0.04 -0.17999908 -0.18000003 -0.26 -0.26 0.01 0.01 0.01 0.98 0.75020565 
-1.9000005 -1.9 -1.9 -1.69 -1.69 -1.69 -1.69 -1.8899999 -1.5712795 -1.7805713 -1.78 -1.78 -1.78 -1.7780181 -0.77 -0.77 -0.77 -0.77000013 -1.22 -1.22 -1.22 -1.44 -1.44 -1.44 -1.01 -1.01 -1.25 -1.25 -1.25 -1.2549643 -2.16 -2.16 -2.16 -2.16 -2.1100274 -2.06 -2.06 -2.06 -2.06 -0.66 -0.66 -0.66 -0.64489736 -0.18 -0.18 -0.18 -0.26 -0.26 0.0099999997 0.01 0.01 0.74999998 0.75 
-2.06 -1.9962609 -2.66 -2.6597186 -1.69 -1.8888428 -1.89 -1.89 -1.9300816 -2.41 -2.41 -2.41 -2.41 -0.60005892 -0.6 -0.76999987 -0.77 -0.78185684 -1.22 -1.22 -1.22 -1.17 -1.17 -1.17 -1.01 -1.01 -1.25 -1.25 -1.25 -1.2500018 -3.7199901 -3.7199956 -2.1992083 -2.1616724 -1.4807859 -1.48 -1.48 -1.48 -1.48 -0.66 -0.66 -0.66 -0.20643035 -0.18 -0.18 -0.18000009 -0.26 -0.26 -0.25999028 0.01 0.010027277 0.62 0.75 
-1.8000494 -1.8000001 -2.66 -2.66 -2.66 -1.89 -1.89 -1.89 -2 -2 -2.41 -2.41 -2.41 -0.6 -0.6 -0.6 -0.6 -0.60006945 -1.22 -1.22 -1.22 -1.17 -1.17 -1.17 -1.01 -1.01 -1.25 -1.25 -1.25 -3.6921506 -3.72 -3.72 -3.72 -3.72 -1.4811053 -1.48 -1.48 -1.48 -1.48 -0.72999998 -0.73 -0.73 -0.73 -0.18000407 -0.71 -0.71 -0.71 0.42 0.42 0.42 0.62 0.62 0.62 
-1.8 -1.8 -2.66 -2.66 -2.66 -1.8940473 -1.89 -2 -2 -2 -2.4099495 -2.41 -1.8461839 -0.60000026 -0.6 -0.6 -0.6 -0.77 -0.77 -0.77 -0.050000025 -0.050000832 -1.1699945 -1.17 -1.1696468 -0.65 -0.65 -0.65000143 -1.249903 -1.6904046 -1.6900108 -1.6903544 -3.7165305 -3.7182481 -1.8776349 -1.48 -1.4796984 -1.39 -1.39 -0.73 -0.73 -0.73 -0.73 -0.71 -0.71 -0.71 -0.71 0.42 0.42 0.42 0.62 0.62 0.62 
-1.8 -1.8 -2.66 -2.66 -2.66 -2.66 -1.9311698 -2 -2 -2 -1.9998453 -1.72 -1.72 -1.72 -0.60660042 -0.6 -0.76886716 -0.77 -0.77 -0.77 -0.05 -0.05 -0.05 -0.05 -0.65 -0.65 -0.65 -0.65 -0.65 -1.69 -1.69 -1.69 -1.69 -1.6899999 -1.65 -1.39 -1.39 -1.39 -1.39 -1.3899969 -0.52 -0.52 -0.52 -0.29546988 0.17 0.17 0.17 0.41999999 0.41999952 -0.08 -0.08 0.45004136 0.45 
-1.8 -1.8 -2.3496004 -2.66 -2.66 -2.66 -1.3511534 -1.9979516 -2 -2 -1.7199999 -1.72 -1.72 -1.72 -1.72 -1.6280559 -0.77 -0.77 -0.77 -0.77 -0.05000557 -0.05 -0.05 -0.05 -0.65 -0.65 -0.65 -0.65 -0.65 -1.113614 -1.69 -1.69 -1.69 -1.65 -1.65 -1.6497981 -1.39 -1.39 -1.0185662 -0.73000006 -0.52 -0.52 -0.52 -0.29846089 0.17 0.17 0.17 0.28 -0.075514435 -0.08 -0.08 0.45 0.45 
-1.11 -1.11 -1.11 -2.2713724 -2.6576256 -1.35 -1.35 -1.35 -1.35 -1.39 -1.39 -1.72 -1.72 -1.72 -1.72 -1.7199397 -0.77 -0.77 -0.77 -0.77 -0.36418464 -0.05 -0.05 -0.036391383 0.42012767 -0.65 -0.65 -0.65 -0.91 -0.91 -0.91 -0.91000327 -1.65 -1.65 -1.65 -1.65 -0.73 -0.73 -0.73 -0.73 0.18 0.18 0.18 0.13000101 0.13 0.13 0.13000001 0.28 0.28 -0.07956136 -0.08 0.45000227 0.45 
-1.11 -1.11 -1.11 -1.1099962 -1.04 -1.0850791 -1.35 -1.35 -1.35 -1.39 -1.39 -1.39 -0.45000006 -0.45 -0.45 -0.45000002 -0.76961532 -0.77 -0.77 -0.77 -0.75905385 0.46999857 0.47 0.47 0.47 0.46999999 0.49999999 0.5 -0.91 -0.91 -0.91 -0.91 -1.6499995 -1.65 -1.65 -1.6499446 -0.72999999 -0.73 -0.73 -0.72842074 0.18 0.18 0.18 0.13000232 0.13 0.13 0.13 0.28 0.28 0.28000008 0.9 0.9 1.3 
-1.11 -1.11 -1.11 -1.0400002 -1.04 -1.04 -1.3499999 -1.35 -1.35 -1.39 -1.39 -1.39 -0.45 -0.45 -0.45 -0.45837755 -0.56 -0.56 -0.56000054 -0.76881385 0.47 0.47 0.47 0.47 0.47 0.47002258 0.5 0.5 0.5 -0.91 -0.91 -0.90986483 -0.97 -0.97 -0.97 -0.16 -0.16 -0.37 -0.37 -0.37 0.25 0.18002196 0.18000224 0.48 0.48 0.4667354 0.13000118 0.28 0.28 0.9 0.9 0.9 1.3 
-1.11 -1.11 -1.11 -1.04 -1.04 -1.04 -1.04 -1.35 -1.35 -1.39 -1.39 -0.48758644 -0.45 -0.45 -0.45 -0.56 -0.56 -0.56 -0.56 -0.56 0.47 0.47 0.47 0.47 0.47 0.4999999 0.5 0.5 0.5 -0.7 -0.7 -0.7 -0.97 -0.97 -0.97 -0.16 -0.16 -0.37 -0.37 0.25 0.25 0.25 0.48 0.48 0.48 0.48 0.51532335 0.91 0.91 0.91 0.90000001 1.45 1.45 
-1.11 -1.11 -1.1099025 -1.04 -1.04 -1.04 -1.04 -0.99239941 -0.99 -0.99068675 -1.39 -0.45000252 -0.45 -0.45 -0.45000038 -0.56 -0.56 -0.56 -0.56 -0.56 0.3069013 0.47 0.47 0.47 0.47004119 0.50000956 0.5 0.5 0.5 -0.7 -0.7 -0.7 -0.70003644 -0.97 -0.16 -0.16 -0.16 -0.16000854 -0.36995772 0.25 0.25 0.25 0.47998604 0.48 0.48 0.48 0.90999866 0.91 0.91 0.91 1.45 1.45 1.45 
-1.08 -1.0800001 -1.0400382 -1.04 -1.04 -1.04 -0.99001064 -0.99 -0.99 -0.99 -0.48000001 -0.48 -0.48 -0.48 -0.55963076 -0.56 -0.56 -0.56 -0.56 0.29999949 0.3 0.3 0.66999997 0.67 0.67 0.67 0.65532681 0.5 -0.38996355 -0.39 -0.39 -0.39 -0.39 -0.020000002 -0.02 -0.02 -0.02 -0.02 0.59 0.59 0.59 0.59 0.59 0.77954777 0.78 0.78 0.78 0.91 0.91 0.91 1.4499149 1.45 1.45 
-1.08 -1.08 -1.0791627 -0.98000012 -0.98000001 -0.98000979 -0.99 -0.99 -0.99 -0.99 -0.48 -0.48 -0.48 -0.48 -0.48 -0.56 -0.56 -0.56 0.29999978 0.3 0.3 0.3 0.67 0.67 0.67 0.67 0.67 0.66996296 -0.39006179 -0.39 -0.39 -0.39 -0.39002482 0.087711308 -0.019888469 -0.02 -0.02 -0.019999997 0.59 0.59 0.59 0.59 0.59 0.78 0.78 0.78 0.78 0.84079054 0.91 1.3648678 1.37 1.44 1.44 
-1.08 -1.08 -0.98001267 -0.98 -0.98 -0.98 -0.98253996 -0.99 -0.99 -0.99 -0.48 -0.48 -0.48 -0.48 -0.48 -0.55993881 -0.56 0.29974785 0.3 0.3 0.3 0.3 0.5329311 0.67 0.67 0.67 0.67 0.66913601 -0.55 -0.55 -0.55 -0.55 -0.55 0.17 0.17 0.17 0.17 0.17 0.32 0.32 0.32 0.32 0.32 0.77975583 0.77999995 0.78 0.77998305 0.77804534 1.37 1.37 1.37 1.4399996 1.44 
-1.0800003 -1.2270756 -0.98000003 -0.98 -0.98 -0.98 -0.98 -0.98999574 -0.99 -0.99 -0.48 -0.48 -0.48 -0.48 -0.51911155 -0.52 -0.52 0.2999789 0.3 0.3 0.3 0.3 0.29999992 0.67 0.67 0.67 0.67 -0.43000008 -0.43000006 -0.45553892 -0.55 -0.55 -0.55 0.17 0.17 0.17 0.17 0.17008127 0.32 0.32 0.32 0.32 0.3199977 0.68 0.68 0.68 0.68 0.68005565 1.37 1.37 1.37 1.3699996 0.73060375 
-1.23 -1.23 -1.1675027 -0.98 -0.98 -0.98 -0.98 -0.98 -0.98999452 -0.49000001 -0.49 -0.49 -0.48997627 -0.51999994 -0.52 -0.52 -0.52 -0.52 0.29999484 0.25589383 -0.13 -0.13 -0.13 0.0677807 0.56355162 -0.0060334694 -0.48652001 -0.43 -0.43 -0.43 -0.43 -0.43 -0.43607637 0.28023561 0.29 0.29 0.29 0.29 0.31436434 0.29000005 0.29 0.29 0.29 0.48000059 0.67999995 0.68 0.68 0.52 1.3699864 1.37 1.37 0.72 0.72 
-1.23 -1.23 -1.12 -1.12 -1.12 -0.98004664 -0.98 -0.98 -0.49 -0.49 -0.49 -0.49 -0.49 -0.52 -0.52 -0.52 -0.52 -0.52 -0.13 -0.13 -0.13 -0.13 -0.13 -0.65999997 -0.66 -0.66 -0.66 -0.43 -0.43 -0.43 -0.43 -0.43 -0.58 -0.58 0.28999999 0.29 0.29 0.14002554 0.14 0.29 0.29 0.29 0.29000001 0.48 0.48 0.48 0.52 0.52 0.52 0.29 0.29 0.72 0.72 
-1.23 -1.23 -1.12 -1.12 -1.12 -1.12 -1.1199982 -0.79 -0.49028246 -0.49 -0.49 -0.49 -0.49 -0.51962578 -0.52 -0.52 -0.52 -0.52 -0.13000001 -0.13 -0.13 -0.13 -0.13 -0.66 -0.66 -0.66 -0.66 -0.6599991 -0.43 -0.43 -0.43 -0.57999214 -0.58 -0.58 -0.58 0.29 0.14 0.14 0.14 0.14394678 0.34901059 0.36 0.36 0.48 0.48 0.48 0.52 0.52 0.52 0.29 0.29 0.29 0.84680029 
-1.06 -1.0600013 -1.12 -1.12 -1.12 -1.12 -0.79 -0.79 -0.79 -0.49 -0.49 -0.49 -0.49 -0.49000933 -0.52 -0.52 -0.52 -0.52 -0.13000685 -0.13 -0.13 -0.13 -0.56662838 -0.66 -0.66 -0.66 -0.66 -1.0299997 -1.03 -1.03 -0.43644522 -0.58 -0.58 -0.58 -0.57999985 -0.42 0.14 0.14 0.14 0.14 0.36 0.36 0.36 0.39 0.39 0.39 0.4800039 0.52 0.52 0.29 0.29 0.29 0.85999919 
-1.06 -1.06 -1.12 -1.12 -1.12 -0.79 -0.79 -0.79 -0.79 -0.5228886 -0.49 -0.49 -0.49 -0.49000261 -1.249916 -1.25 -1.25 -1.25 -0.10902456 -0.06 -0.06 -0.06 -0.06 -0.66 -0.66 -0.66 -0.66002441 -1.03 -1.03 -1.03 -1.03 -0.58003497 -0.49000463 -0.42 -0.42 -0.42 0.13906487 -0.1099948 -0.11 -0.11 0.3600235 0.39 0.39 0.39 0.39 0.39000038 0.48 0.48 0.76 0.76 0.76 0.44 0.57 
-1.06 -1.06 -0.83 -0.83 -0.83 -0.79 -0.79 -0.79 -0.79 -0.61 -0.61 -0.61 -0.61 -0.6551023 -1.25 -1.25 -1.25 -1.25 -0.11 -0.06 -0.06 -0.06 -0.060000001 -1.13 -1.1299998 -0.66000069 -1.03 -1.03 -1.03 -1.03 -0.96418422 -0.9 -0.47711342 -0.42 -0.42 -0.42 -0.11 -0.11 -0.11 -0.11 0.39 0.39 0.39 0.55994639 0.56 0.48035959 0.48 0.48 0.75999822 0.76 0.44 0.44 0.57 
-1.06 -0.83 -0.83 -0.83 -0.83 -0.83 -0.79023289 -0.82 -0.82 -0.61 -0.61 -0.61 -0.61 -0.61015157 -1.25 -1.25 -1.25 -1.1984912 -0.11 -0.11 -0.06 -0.06 -1.13 -1.13 -1.13 -1.13 -1.03 -1.03 -1.03 -1.03 -0.9 -0.9 -0.9 -0.42048572 -0.42 -0.42 -0.11 -0.11 -0.11 -0.11 0.39 0.39 0.39 0.56 0.56 0.56 0.56 0.56 0.4 0.4 0.44 0.44 0.57 
-0.83215999 -0.83 -0.83 -0.83 -0.83 -0.83 -0.82 -0.82 -0.82 -0.70759922 -0.61 -0.61 -0.61 -0.61001098 -1.25 -1.25 -1.25 -0.11 -0.11 -0.11 -0.060002498 -0.060006536 -1.13 -1.13 -1.13 -1.13 -1.0300071 -1.03 -1.03 -0.9000299 -0.9 -0.9 -0.9 -0.9 -0.42151691 -0.67 -0.67 -0.66030823 -0.11 -0.11 0.38999956 0.39 0.55505721 0.56 0.56 0.56 0.56 0.56 0.4 0.4 0.52 0.52 0.52 
-0.83 -0.83 -0.83 -0.83 -0.83 -0.83 -0.82 -0.82 -0.82 -0.82 -1.0299879 -1.03 -1.03 -1.03 -1.249998 -0.85257386 -0.63 -0.63 -0.11095862 -0.11 -0.10999999 -1.1299984 -1.13 -1.13 -1.13 -1.13 -1.1299273 -1.03 -1.0299956 -0.9 -0.9 -0.9 -0.9 -0.9 -0.67 -0.67 -0.67 -0.67 -0.67 -0.66999585 0.25 0.25 0.25000014 0.65 0.65 0.65 0.45 0.45 0.1 0.1 0.52 0.52 0.52 
-0.83 -0.83 -0.83 -0.83 -0.83 -0.83 -0.82 -0.82 -0.82 -1.03 -1.03 -1.03 -1.03 -1.03 -0.92456096 -0.63 -0.63 -0.63 -0.63 -0.63 -0.60517171 -1.13 -1.13 -1.13 -1.13 -1.129058 -1.100047 -1.0395315 -0.90064109 -0.9 -0.9 -0.9 -0.9 -0.8999995 -0.67 -0.67 -0.67 -0.67 -0.67 -0.24201814 0.25 0.25 0.25 0.65 0.65 0.65 0.45 0.45 0.1 0.1 -0.029999997 0.4896597 0.52 
-0.83 -0.83 -0.83 -0.83 -0.83 -0.83 -0.82 -0.82 -0.82871617 -1.03 -1.03 -1.03 -1.03 -1.03 -1.0108135 -0.63 -0.63 -0.63 -0.63 -0.63 -0.63 -1.1031098 -1.1 -1.1 -1.1 -1.1 -1.1 -1.1 -1.3855255 -1.3899942 -1.39 -1.39 -1.39 -1.3899995 -0.67 -0.67 -0.67 -0.67 -0.67 0.24999989 0.25 0.25 0.25 0.25000018 0.64929458 0.21 0.44999998 0.21415198 0.10009638 -0.03 -0.03 -0.02708987 0.11 
-0.83 -0.83 -0.83 -0.83 -0.83 -0.82999936 -0.82000054 -0.82001271 -1.0299997 -1.03 -1.03 -1.03 -1.03 -1.03 -1.0223889 -0.63 -0.63 -0.63 -0.63 -0.63 -0.63 -1.1 -1.1 -1.1 -1.1 -1.1 -1.1 -1.1 -1.3899199 -1.39 -1.39 -1.39 -1.39 -1.39 -1.1927201 -0.67 -0.67 -0.67 -0.67 0.25 0.25 0.25 0.25 0.24998975 0.21 0.21 0.21 0.21 0.21 -0.03 -0.03 0.11 0.11 
-0.83 -0.83 -0.83 -0.83 -0.83 -0.82998666 -0.82001778 -1.0063029 -1.03 -1.03 -1.03 -1.03 -1.03 -1.03 -1.0229973 -0.63 -0.63 -0.63 -0.63 -0.63 -0.69691946 -1.1 -1.1 -1.1 -1.1 -1.1 -1.1 -1.1 -1.3899988 -1.39 -1.39 -1.39 -1.39 -1.39 -1.39 -0.66446686 -0.65581549 -0.65109577 -0.65036834 0.21207559 0.24999999 0.25 0.25 0.21000319 0.21 0.20397111 -0.79999517 0.21 0.21 -0.51009596 -0.51 -0.51 0.10999973 
-0.83 -0.83 -0.83 -0.83 -0.82999999 -0.8299167 -0.83822605 -1.0299423 -1.03 -1.03 -1.03 -1.03 -1.03 -1.03 -1.0206594 -0.63 -0.63 -0.63 -0.63 -0.63 -1.099998 -1.1 -1.1 -1.1 -1.1 -1.1 -1.1 -1.1 -1.3899999 -1.39 -1.39 -1.39 -1.39 -1.39 -1.3899999 -0.65 -0.65 -0.65 -0.65 -0.34 -0.34 -0.34 -0.34 -0.79999708 -0.8 -0.8 -0.8 -0.80000135 -0.95 -0.95 -0.51 -0.51 -0.50211541 
-0.83 -0.83 -0.83 -0.83 -0.82999972 -0.82982388 -1.0156104 -1.0299973 -1.03 -1.03 -1.03 -1.03 -1.03 -1.03 -1.0164215 -0.63000016 -0.63 -0.63 -0.63 -0.63282872 -1.1 -1.1 -1.1 -1.1 -1.1 -1.1 -1.1 -1.1 -1.3899999 -1.39 -1.39 -1.39 -1.39 -1.39 -0.65000068 -0.65 -0.65 -0.65 -0.65 -0.34 -0.34 -0.34 -0.34 -0.46415202 -0.8 -0.8 -0.8 -0.94999832 -0.95 -0.95 -0.5 -0.5 -0.5 
-0.83 -0.83 -0.83 -0.82999998 -0.82999778 -0.83883056 -1.0292208 -1.0299993 -1.03 -1.03 -1.03 -1.03 -1.03 -1.03 -1.0106809 -0.63000941 -0.63 -0.63 -0.63000054 -1.0904771 -1.1 -1.1 -1.1 -1.1 -1.1 -1.1 -1.1 -1.1 -1.3899997 -1.39 -1.39 -1.39 -1.39 -1.3533975 -0.65000021 -0.65 -0.65 -0.65 -0.65 -0.34 -0.34 -0.34 -0.34 -0.34 -0.8 -0.8 -0.8 -0.95 -0.95 -0.95 -0.5 -0.5 -0.5 
-0.83 -0.83 -0.82999999 -0.82999978 -0.83004078 -0.93696375 -1.029864 -1.0299996 -1.03 -1.03 -1.03 -1.03 -1.03 -1.0299992 -1.0038557 -0.63014608 -0.63000001 -0.63000002 -0.63243342 -1.09996 -1.1 -1.1 -1.1 -1.1 -1.1 -1.1 -1.1 -1.1000002 -1.3899982 -1.39 -1.39 -1.3443956 -1.34 -1.34 -1.34 -0.65 -0.65 -0.65 -0.65 -0.34 -0.34 -0.34 -0.34 -0.34 -0.79999185 -0.8 -0.80000007 -0.94999999 -0.95 -0.94999976 -0.5 -0.5 -0.5 
