interpolatedSpi/03-05|23_1.tif
NCOLS 53
NROWS 52
XLLCORNER -116.03883
YLLCORNER 28.596182
DX 0.49850594
DY 0.49788537
NODATA_VALUE -9999
[rows 0 to 28 of 52, columns 0 to 52 of 53]
-0.61 -0.61 -0.79189174 -1.3833333 -0.66 -0.48333333 -0.75 -0.32333333 -1.0798877 -0.76666667 -0.88 -0.84333333 -1.0966571 -0.98 -0.75333333 -0.75333333 -0.75333333 -0.32 -0.44333333 -0.44333333 -0.44333333 -0.44332948 -0.04333334 -0.72666667 -0.72666667 -0.72666667 -0.65332852 -0.65333333 -0.65333333 -0.79333333 -0.79333333 -0.79333333 -0.79333333 -1.5466665 -1.5466667 -1.5466667 -1.5466667 -1.5466667 -1.5466667 -1.5466666 -0.2473292 -0.23360854 -1.3133333 -1.3133333 -1.3133333 -1.3133333 -1.3126637 -0.90333333 -0.90333333 -0.90333333 -0.81000019 -0.81 -0.81
-0.61002607 -1.1966667 -0.91333311 -0.84062629 -1.0599816 -0.78 -0.91 -0.74979905 -0.49333333 -0.97 -0.97333333 -1.0966667 -1.0966667 -0.4750228 -0.97999188 -0.75333333 -0.32 -0.32 -0.44317252 -0.44333333 -0.44333333 -0.44333333 -0.72526301 -0.72666667 -0.72666667 -0.72666667 -0.74333333 -0.74333333 -0.79333333 -0.79333333 -0.79333333 -0.79333333 -0.79333333 -1.5466666 -1.5466667 -1.5466667 -1.5466667 -1.5466667 -1.5466667 -1.5088872 -1.3133492 -1.3133334 -1.3133333 -1.3133333 -1.3133333 -1.3133333 -1.3133333 -0.90333333 -0.90333333 -0.90333333 -0.89559404 -0.81 -0.81
-0.29668984 -0.29666667 -0.72 -0.92 -1.0833333 -0.69 -0.94 -0.39666667 -1.0633333 -1.12 -1.0766667 -1.3266667 -1.4766667 -0.86333333 -0.47333333 -1.1333333 -0.32 -0.32 -0.32 -0.3533595 -0.35333333 -0.35333333 -0.7 -0.72666667 -0.72666667 -0.72666667 -0.74333333 -0.74333333 -0.74333333 -0.79333333 -0.79333333 -0.79333334 -0.88961335 -1.545921 -1.5453946 -1.4112523 -1.41 -1.41 -1.3978419 -1.3133333 -1.3133333 -1.3133333 -1.3133333 -1.3133333 -1.3133333 -1.3133333 -1.3133333 -0.90333333 -0.90333333 -0.90333333 -0.90333333 -0.81 -0.81
-0.26333333 -0.29666677 -0.79344312 -0.88 -1.19 -0.84 -0.70333333 -0.93666667 -0.86666667 -1.0305386 -1.2533333 -0.84333333 -1.23 -0.86333333 -1.3133333 -1.1333333 -0.6801606 -0.67641677 -0.80333333 -0.35333333 -0.35333333 -1.1366667 -0.7 -0.7 -0.72666667 -0.72666675 -0.74333333 -0.74333333 -0.74333333 -0.82333333 -0.91660855 -0.99333333 -0.99333333 -0.99333366 -1.41 -1.41 -1.41 -1.41 -1.3133333 -1.3133333 -1.3133333 -1.3133333 -1.3133333 -1.3133333 -1.3133333 -1.3133333 -1.3133333 -0.90333851 -0.90333333 -0.90333333 -0.90333333 -0.81000338 -0.81
-0.26333333 -0.24666767 -0.79333333 -1.3582313 -1.19 -1.2066667 -1.2067317 -1.6833333 -1.81 -1.3500001 -1.1903062 -1.1132717 -0.68333333 -1.3133333 -1.3133333 -1.1857208 -0.67666667 -0.67666667 -0.80333333 -0.80333333 -0.35333489 -1.1366667 -0.62666667 -0.18 -0.64 -0.64002731 -0.74333333 -0.74333333 -0.82333333 -0.82333333 -0.99333333 -0.99333333 -0.99333333 -1.0511624 -1.41 -1.41 -1.41 -1.3133333 -1.3133333 -1.3133333 -1.3133333 -1.3132455 -1.3133333 -1.3133333 -1.3133333 -1.3133333 -1.3133333 -1.3096838 -0.90333333 -0.90333378 -0.91333333 -0.91333333 -0.91333333
-0.76333333 -0.87 -1.0866667 -1.25 -0.88333333 -0.91333333 -1.12 -1.1921228 -1.3866667 -1.7966667 -1.5866667 -1.3933333 -1.3933329 -0.95333333 -0.95333333 -0.15998069 -0.16 -0.34 -0.34 -0.80333261 -1.0466667 -1.0466667 -0.18 -0.64 -0.64 -0.75666667 -1.02 -1.02 -0.8366664 -0.82333333 -0.99333333 -0.99333333 -1.3 -1.2999868 -1.1733424 -1.37 -1.37 -1.3308645 -1.3133333 -1.3133333 -0.4044683 -0.40333333 -0.40333435 -1.1234129 -1.1200214 -1.1200001 -1.12 -1.1200001 -0.94635546 -0.91333333 -0.91333333 -0.91333333 -0.91333333
-0.1166668 -0.47333333 -0.65714815 -1.4633333 -1.1333333 -1.07 -0.95666667 -1.2966667 -1.5233333 -1.5233333 -1.5866667 -0.89 -0.64666669 -0.95333333 -0.080002616 -0.08 -0.16 0.25666667 0.02 0.02 -0.94455927 -0.83 -0.83 -0.71666667 -0.75666667 -0.75666667 -1.02 -1.02 -0.83670785 -0.83742486 -0.74912262 -1.3 -1.3 -1.1733333 -1.1733333 -1.1920843 -1.37 -1.37 -1.7033218 -0.40333514 -0.40333333 -0.40333333 -0.40333888 -1.1199971 -1.12 -1.12 -1.12 -1.1199999 -0.95333333 -0.91334126 -0.91333333 -0.91333333 -0.91333333
-0.11666667 -0.77333333 -0.15666667 -1.5066667 -1.2666804 -1.3633333 -1.6066667 -1.5066667 -0.73333333 -0.82333333 -0.82333333 -0.74 -0.64666667 -0.64666667 -0.083887859 -0.031426295 -0.026666667 0.33333333 -0.12666652 0.02 -0.28383668 -0.28666667 -0.64666667 0.30666666 0.30665717 -0.43 -0.34 -0.34000024 -1.5408571 -1.5433333 -0.74666667 -0.94487072 -0.78333333 -1.1733333 -1.1611643 -1.0433333 -1.0433333 -1.7033333 -1.7033333 -0.40333333 -0.40333333 -0.40333334 -0.59592863 -0.59666669 -1.12 -1.12 -1.12 -0.95333968 -0.95333333 -0.95333333 -0.91333333 -0.91333333 -0.91333333
-0.79255064 -0.77333332 0.06 -1.2533333 -1.22 -1.7566667 -1.5933333 -0.84 -1.22 -0.75216993 -0.75 -0.77 -0.77 -0.39333333 -0.39333054 -0.76128018 -0.76333333 -0.76333333 0.26311362 -0.4333333 -0.25333333 -0.25333333 -1.0733333 -0.81480898 -0.35576345 -0.43 -0.66 -0.34 -0.28034866 -0.28 -0.99 -0.98666667 -0.84228561 -1.19 -0.74666667 -0.84333333 -0.96333333 -1.3066667 -0.94016931 -0.40513372 -0.80666667 -0.50666667 -0.59656683 -0.59666667 -0.59961227 -1.12 -0.91000001 -0.95333333 -0.95333333 -0.95333333 -0.95333333 -0.76184928 0.34333333
-0.9 -0.9 0.10333333 -0.29 -1.5933333 -1.7266667 -0.92 -1.1266667 -0.5 -0.6332897 -0.73 -0.28666667 -0.39333333 -0.39333333 -0.096666667 -0.1058103 -0.76333333 -0.76316086 -0.0033333333 -0.43333333 -0.43333333 -0.41014327 -1.0733333 -0.11001824 -0.11 -0.11 -0.66 -0.086666667 -0.086666667 -0.28 -0.28 -0.98612297 -0.7 -1.19 -0.61666667 -0.84333333 -0.96333333 -1.5066667 -0.94 -0.20215517 -0.50666668 -0.31442572 0.016666667 -0.59666667 -0.59666667 -0.91 -0.91 -0.91 -0.95333333 -0.95333333 0.30333333 0.30333333 0.30333335
-0.9 -0.9 -0.69 -1.1066667 -1.3133333 -0.58666667 -1.1833333 -0.63072359 -0.98 -1.42 -0.51 -0.40333333 -0.28682214 -0.096666667 -0.096666667 -0.096658591 -0.026666667 -0.025442024 -0.0033333333 0.44666667 0.44666667 0.10666667 0.10666667 -0.11 -0.11 -0.11 -0.086666667 -0.086666667 -0.086666667 -0.51 -0.51 -0.51000031 -0.32666667 -0.32666667 -0.72666667 -0.75333333 -0.17 -0.73000309 -0.14 -0.19 -0.19 -0.23666583 0.016666667 -0.59666667 0.25333294 -0.056666667 0.23504722 0.24 0.23666667 0.23666667 0.30333333 0.30333333 0.30333333
-0.9 -0.80943906 -0.86780653 -1.6999816 -0.83666667 -0.97333333 -1.1833333 -0.63 -0.97999708 -1.4151253 -0.40333466 -0.40333333 0.19 -0.096666666 -0.096666667 -0.026666669 -0.026666667 -0.026665339 -0.0033333333 0.44666667 0.37989758 0.10666667 0.10666667 -0.10999109 -0.11 0.032445143 0.32333333 0.32333333 0.32333328 -0.51 -0.51 0.19666667 0.19666667 -0.32666776 -0.72666667 -0.16666689 -0.31806006 -0.73 -0.73 -0.19 -0.23666667 -0.23666667 -0.23666308 0.25333333 0.25333333 -0.056666667 0.24 0.24 0.23666667 0.23666667 0.30333333 0.30333333 0.30333333
-0.0033333333 -0.49824426 -0.47668985 -0.48551863 -0.83666754 -0.97333011 -1.1833333 -0.63681122 -0.95588142 -0.99148957 0.19 0.19 0.19 0.19 -0.096626058 -0.026666667 -0.026666667 -0.026365396 -0.0033333333 0.44662138 0.3 0.3 0.3 0.3 -0.10269908 0.32333333 0.32333333 0.32333333 0.32333333 0.32279653 0.19666667 0.19666667 0.19666667 0.19666667 -0.16666667 -0.16666667 -0.16666667 -0.70326175 -0.72278988 0.23 0.23 -0.23664157 0.09333881 0.25331792 0.25333333 -0.056666667 0.24 0.24 0.23666667 0.23666667 0.30309147 0.30333333 -0.33517327
-0.0033333333 -0.47666667 -0.47666667 -0.47666667 -0.47666667 -0.47666688 -1.1827957 -0.92156199 -0.89153538 0.18872901 0.19 0.19 0.19 0.19 0.19000001 -0.026666668 -0.026666663 -0.025066159 -0.0033326735 0.3 0.3 0.3 0.3 0.3 0.29135338 0.17528888 0.14000004 0.14 0.14 0.14 0.19666667 0.19666667 0.19666712 0.57666667 0.57666667 -0.16666667 0.54303329 0.56333333 0.23000019 0.23 0.23 0.23 0.093333333 0.093333333 0.093333333 0.09228947 0.11409586 0.11333333 0.11333333 0.11333333 0.11333334 0.10666671 0.10666667
-0.50666667 -0.47666667 -0.47666667 -0.47666667 -0.47666667 -0.47666667 -0.47666671 -0.73728838 0.20096023 0.20666667 0.20666667 0.20666667 0.20666667 0.20666667 0.20666667 -0.14606754 -0.02867473 -0.02347155 0.29996185 0.3 0.3 0.3 0.3 0.29999948 -0.1 -0.1 -0.099999663 0.14 0.14 0.14038714 0.33333333 0.33333333 0.57666667 0.57666667 0.57666667 0.56546919 0.56333333 0.56333333 0.56333333 0.23 0.23 0.23 0.093333333 0.093333333 0.093333333 0.093333333 0.11333333 0.11333333 0.11333333 0.11333333 0.11333333 0.10666667 0.10666667
-0.50666667 -0.49549801 -0.47666667 -0.47666667 -0.47666667 -0.47666667 0.053229312 0.053333333 0.053333337 0.20666667 0.20666667 0.20666667 0.20666667 0.20666667 0.12724815 -0.15333333 -0.15333333 -0.15333333 -0.14530663 -0.14666621 -0.14666667 -0.14666667 -0.14666667 -0.14666667 -0.1 -0.1 -0.1 -0.1 0.14 0.33333333 0.33333333 0.33333333 0.57666664 0.57666667 0.57666667 0.55666667 0.56332451 0.56333333 0.56333333 0.22992525 0.080414648 -0.26850561 0.093333333 0.093333333 0.0069341251 0.0066666667 0.0066666667 0.11317412 0.017004473 0.016666675 0.016666685 0.29663784 0.10666705
-0.50666667 0.1680458 -0.14098946 -0.47666667 -0.47666667 0.053020184 0.053333333 0.053333333 0.053333333 0.054438297 0.20666667 0.20666667 0.20666667 0.20666662 -0.15333333 -0.15333333 -0.15333333 -0.15333333 -0.14667262 -0.14666667 -0.14666667 -0.14666667 -0.14666667 -0.14666667 -0.1 -0.1 -0.1 -0.1 -0.098423817 0.33333333 0.33333333 0.33333333 0.26333334 0.57665707 0.55666667 0.55666667 0.55666667 0.55278312 -0.21723017 -0.27 -0.27 -0.27 -0.1 -0.1 0.0066666667 0.0066666667 0.0066666667 0.016666667 0.016666667 0.016666667 0.016666667 0.29666667 0.29666667
0.18636396 0.18666667 0.18666667 0.18666667 0.48 0.053344339 0.053333333 0.053333333 0.053333333 0.053333333 0.16275586 0.20665911 0.20666665 -0.15333333 -0.15333333 -0.15333333 -0.15333333 -0.15333333 -0.16038612 -0.14666667 -0.14666667 -0.14666667 -0.14666667 -0.14666667 -0.051404633 0.066665764 0.066666667 0.066666667 0.066666667 0.33333333 0.26333333 0.26333333 0.26333333 0.26333333 0.55666667 0.55665736 0.20333333 0.20333333 -0.26408973 -0.27 -0.27 -0.27 -0.1 -0.1 -0.0098490061 0.0066666667 0.0066666667 0.016666667 0.016666667 0.016666667 0.019668995 0.29666667 0.29666667
0.18666667 0.18666667 0.18666667 0.32480171 0.48 0.48 0.053333333 0.053333333 0.053333333 0.053333333 -0.37333333 -0.37333333 -0.37333333 -0.15333333 -0.15333333 -0.15333333 -0.15333333 -0.15335096 -0.27333333 -0.27333333 -0.14666672 -0.14666667 -0.14828972 -0.21333333 -0.21081261 0.066666667 0.066666667 0.066666667 0.066666667 0.26331331 0.26333333 0.26333333 0.26333333 0.26333333 0.20333458 0.20333333 0.20333333 0.20333333 0.20162526 -0.27 -0.27 -0.27 -0.1 -0.1 -0.1 0.0066666667 0.0066666667 0.016666667 0.016666667 0.016666667 0.29666667 0.29666667 0.29666667
0.18666667 0.18666667 0.18666667 0.48 0.48 0.48 0.47999935 0.053333333 0.053333333 -0.37289289 -0.37333333 -0.37333333 -0.37333333 -0.37319626 -0.23967172 -0.26 -0.26 -0.26 -0.27333333 -0.27333333 -0.27333333 -0.21333333 -0.21333333 -0.21333333 -0.2131802 0.20653982 0.066666667 0.066666667 0.066666667 -0.047485467 -0.11329629 -0.11333333 -0.11333333 -0.11333333 -0.1098898 -0.54999829 -0.55 -0.55 -0.55 0.01996032 0.02 0.02 -0.1 -0.1 0.24999854 0.24999993 0.043333333 0.043333333 0.023333333 0.023333333 0.023333333 0.29666667 0.063541962
0.18666736 0.18666667 0.18666668 0.48 0.48 0.48 0.48 0.26999994 0.054199651 -0.37306432 -0.37333333 -0.37333333 -0.37333333 -0.37311094 -0.26 -0.26 -0.26 -0.26 -0.27333333 -0.27333333 -0.27333333 -0.21333333 -0.21333333 -0.21333333 0.33333333 0.33333333 0.23666667 0.23666667 0.23666667 0.23475731 -0.11333333 -0.11333333 -0.11333333 -0.11333333 -0.33154684 -0.55 -0.55 -0.55 -0.55 0.02 0.02 0.02 0.02723668 0.25 0.25 0.25 0.043333333 0.043333333 0.023333333 0.023333333 0.023333333 0.063333332 0.063333333
0.41 0.30288653 0.063333333 0.063454215 0.48 0.27121505 0.27 0.27 0.33315896 -0.076666655 -0.076666667 -0.076666667 -0.076666667 -0.10333247 -0.10333333 -0.25999988 -0.26 -0.26035131 -0.27333333 -0.27333333 -0.27333333 -0.15666667 -0.15666667 -0.15666667 0.33333333 0.33333333 0.23666667 0.23666667 0.23666667 0.23666624 -0.35666512 -0.35666598 -0.11944915 -0.1135942 -0.93905527 -0.94 -0.94 -0.94 -0.94 0.02 0.02 0.02 0.23733519 0.25 0.25 0.24999988 0.043333333 0.043333333 0.043332613 0.023333333 0.023314105 -0.40666667 0.063333333
0.4499924 0.44999993 0.063333333 0.063333333 0.063333333 0.27 0.27 0.27 0.44333333 0.44333333 -0.076666667 -0.076666667 -0.076666667 -0.10333333 -0.10333333 -0.10333333 -0.10333333 -0.1033528 -0.27333333 -0.27333333 -0.27333333 -0.15666667 -0.15666667 -0.15666667 0.33333333 0.33333333 0.23666667 0.23666667 0.23666667 -0.34997679 -0.35666667 -0.35666667 -0.35666667 -0.35666667 -0.93971216 -0.94 -0.94 -0.94 -0.94 -0.41999989 -0.42 -0.42 -0.42 0.24999496 -0.40666667 -0.40666667 -0.40666667 -0.72666667 -0.72666667 -0.72666667 -0.40666667 -0.40666667 -0.40666667
0.45 0.45 0.063333333 0.063333333 0.063333333 0.26891372 0.27 0.44333333 0.44333333 0.44333333 -0.076602654 -0.076666667 0.15757575 -0.10333326 -0.10333333 -0.10333333 -0.10333333 -0.19666667 -0.19666667 -0.19666667 -0.38333333 -0.38333316 -0.15666777 -0.15666667 -0.15645992 -0.04 -0.04 -0.03999934 0.23662196 -0.5033041 -0.50333255 -0.50330773 -0.35691734 -0.35679324 -0.83620284 -0.94 -0.94001117 -0.94333333 -0.94333333 -0.42 -0.42 -0.42 -0.42 -0.40666667 -0.40666667 -0.40666667 -0.40666667 -0.72666667 -0.72666667 -0.72666667 -0.40666667 -0.40666667 -0.40666667
0.45 0.45 0.063333333 0.063333333 0.063333333 0.063333334 0.3348736 0.44333333 0.44333333 0.44333333 0.44320444 0.21 0.21 0.21 -0.10148679 -0.10333333 -0.19604472 -0.19666667 -0.19666667 -0.19666667 -0.38333333 -0.38333333 -0.38333333 -0.38333333 -0.04 -0.04 -0.04 -0.04 -0.04 -0.50333333 -0.50333333 -0.50333333 -0.50333333 -0.50333474 -1.1733333 -0.94333333 -0.94333333 -0.94333333 -0.94333333 -0.94333241 -0.73333333 -0.73333333 -0.73333333 -0.71489149 -0.67666667 -0.67666667 -0.67666667 -0.72666667 -0.72666686 -0.93 -0.93 -0.48997973 -0.49
0.45 0.45 0.20289285 0.063333333 0.063333333 0.063333339 0.30690918 0.44290264 0.44333333 0.44333333 0.21000007 0.21 0.21 0.21 0.21 0.18425658 -0.19666667 -0.19666667 -0.19666667 -0.19666667 -0.38333189 -0.38333333 -0.38333333 -0.38333333 -0.04 -0.04 -0.04 -0.04 -0.04 -0.22991946 -0.50333333 -0.50333333 -0.50333333 -1.1733333 -1.1733333 -1.1731547 -0.94333333 -0.94333333 -1.1252984 -1.2666666 -0.73333333 -0.73333333 -0.73333333 -0.71607135 -0.67666667 -0.67666667 -0.67666667 -0.84333333 -0.92892014 -0.93 -0.93 -0.49 -0.49
0.28333333 0.28333333 0.28333333 0.11849338 0.063652426 0.30666667 0.30666667 0.30666667 0.30666667 0.52333333 0.52333333 0.21000002 0.21 0.21 0.21 0.20997421 -0.19666667 -0.19666667 -0.19666667 -0.19666667 -0.30187806 -0.38333333 -0.38333333 -0.36675874 0.23708662 -0.04 -0.04 -0.04 -0.13333333 -0.13333333 -0.13333333 -0.13333489 -1.1733333 -1.1733333 -1.1733333 -1.1733333 -1.2666667 -1.2666667 -1.2666667 -1.2666667 -0.79 -0.79 -0.79 -0.94333025 -0.94333333 -0.94333333 -0.94333325 -0.84333333 -0.84333333 -0.9298944 -0.93 -0.49000057 -0.49
0.28333333 0.28333333 0.28333333 0.28333315 0.28 0.28387777 0.30666667 0.30666667 0.30666667 0.52333333 0.52333333 0.52333333 -0.18999998 -0.19 -0.19 -0.18999999 -0.19592173 -0.19666667 -0.19666667 -0.19666667 -0.19946262 0.24999826 0.25 0.25 0.25 0.24999999 -0.036666667 -0.036666667 -0.13333333 -0.13333333 -0.13333333 -0.13333333 -1.1733331 -1.1733333 -1.1733333 -1.1733035 -1.2666667 -1.2666667 -1.2666667 -1.265877 -0.79 -0.79 -0.79 -0.94332622 -0.94333333 -0.94333333 -0.94333333 -0.84333333 -0.84333333 -0.8433333 -0.60333333 -0.60333333 -0.58666667
0.28333333 0.28333333 0.28333333 0.28000001 0.28 0.28 0.30666666 0.30666667 0.30666667 0.52333333 0.52333333 0.52333333 -0.19 -0.19 -0.19 -0.15953618 0.21 0.21 0.20999895 -0.1943697 0.25 0.25 0.25 0.25 0.25 0.24978427 -0.036666667 -0.036666667 -0.036666667 -0.13333333 -0.13333333 -0.13345992 -0.80666667 -0.80666667 -0.80666667 -1.0366667 -1.0366667 -1.0866667 -1.0866667 -1.0866667 -0.39333333 -0.78987558 -0.79000187 -1.04 -1.04 -1.0363364 -0.94333342 -0.84333333 -0.84333333 -0.60333333 -0.60333333 -0.60333333 -0.58666667
