interpolatedSpi/03-07|22_1.tif
NCOLS 53
NROWS 52
XLLCORNER -116.03883
YLLCORNER 28.596182
DX 0.49850594
DY 0.49788537
NODATA_VALUE -9999
[rows 0 to 27 of 52, columns 0 to 52 of 53]
0.19333333 0.19333333 -0.030242161 -0.19666667 0.335 0.11833333 0.20666667 0.20166667 -0.18583905 -0.12833333 -0.12333333 0.19 0.25165733 0.13833333 0.14166667 0.14166667 0.14166667 0.47 0.053333333 0.053333333 0.053333333 0.053329304 -0.365 -0.053333333 -0.053333333 -0.053333333 -0.21000182 -0.21 -0.21 -0.175 -0.175 -0.175 -0.175 0.23499992 0.235 0.235 0.235 0.235 0.235 0.235 0.19872492 0.19827116 -0.046666667 -0.046666667 -0.046666667 -0.046666667 -0.047039613 -0.275 -0.275 -0.275 0.66499805 0.665 0.665
0.19330734 -0.39166667 -0.074999773 0.036733623 0.033405883 0.30666667 0.115 0.24975439 0.013333333 0.073333333 0.24166667 0.25166667 0.25166667 0.45892741 0.13833725 0.14166667 0.47 0.47 0.053876611 0.053333333 0.053333333 0.053333333 -0.046402783 -0.053333333 -0.053333333 -0.053333333 0.051666659 0.051666667 -0.175 -0.175 -0.175 -0.175 -0.175 0.23499994 0.235 0.235 0.235 0.235 0.23500003 0.39694468 1.2532526 0.11107762 -0.046666667 -0.046666667 -0.046666667 -0.046666667 -0.046666667 -0.275 -0.275 -0.275 -0.1970543 0.665 0.665
0.29665246 0.29666667 0.12166667 0.53833333 0.053333333 -0.12333333 0.21 0.33 -0.053333333 0.40333333 0.27833333 0.20666667 0.14833333 0.53833333 0.46 -0.021666667 0.47 0.47 0.47 0.094987887 0.095 0.095 0.078333333 -0.053333333 -0.053333333 -0.053333333 0.051666667 0.051666667 0.051666667 -0.175 -0.175 -0.17499998 -0.0057076432 0.2357806 0.23886276 0.64619716 0.65 0.65 0.72588343 1.2533333 1.2533333 1.251671 -0.046666667 -0.046666667 -0.046666667 -0.046666667 -0.046666667 -0.275 -0.275 -0.275 -0.275 0.665 0.665
-0.12666667 0.29666663 0.098349163 1.1566667 0.04 0.305 0.36833333 0.011666667 0.27833333 0.44842192 0.365 0.34333333 0.27166667 0.53833333 -0.155 -0.021666667 -0.38222015 -0.38440094 -0.36333333 0.095 0.095 -0.17666667 0.078333333 0.078333333 -0.053333333 -0.053332809 0.051666667 0.051666667 0.051666667 0.051666667 0.12025138 0.17666667 0.17666667 0.17666704 0.65 0.65 0.65 0.65 1.2533333 1.2533333 1.2533333 1.2533333 -0.046666667 -0.046666667 -0.046666667 -0.046666667 -0.046666667 -0.27499712 -0.275 -0.275 -0.275 0.66499706 0.665
-0.12666667 0.48833262 0.098333333 0.35041157 0.04 0.115 0.31333643 0.55166667 0.28 0.75333313 0.5243527 0.41829251 0.13333333 -0.155 -0.155 -0.071495354 -0.385 -0.385 -0.36333333 -0.36333333 0.094999436 -0.17666667 -0.025 0.083333333 -0.15 -0.14986547 0.051666667 0.051666667 0.051666667 0.051666667 0.17666667 0.17666667 0.17666667 0.23355303 0.65 0.65 0.65 1.2533333 1.2533333 1.2533333 1.2533333 1.2533079 -0.046666652 -0.046666667 -0.046666667 -0.046666667 -0.046666667 -0.048699116 -0.275 -0.27496189 0.575 0.575 0.575
-1.6333333 -0.091666667 0.185 0.345 -0.085 0.15666667 0.016666667 0.085161989 0.415 -0.026666667 -0.44833333 -0.028333333 -0.028333227 0.11833333 0.11833333 -0.076637694 -0.076666667 0.048333333 0.048333332 -0.36333286 -0.38833333 -0.38833333 0.083333333 -0.15 -0.15 0.425 0.17333333 0.17333333 0.59828318 0.051666667 0.17666667 0.17666667 0.47833333 0.47838088 0.93330079 1.07 1.07 1.196615 1.2533333 1.2533333 0.99032843 0.99 0.99000114 0.47070289 0.47994179 0.47999986 0.47999998 0.4799998 0.60577064 0.575 0.575 0.575 0.575
-0.64000886 -0.62666667 -0.66033859 -0.44333333 -0.15 -0.34833333 -0.049999997 -0.09 0.115 0.115 -0.44833333 0.16333333 -0.35833322 0.11833333 0.043333558 0.043333333 -0.076666667 0.16 0.17 0.17 -0.38833333 -0.38833333 -0.38833333 0.32999999 0.425 0.425 0.17333333 0.17333333 0.59831109 0.59792384 0.81315474 0.47833333 0.47833333 0.93333333 0.93333333 1.1644043 1.07 1.07 1.4849856 0.99000069 0.99 0.99 0.99000616 0.48000248 0.48 0.48 0.48 0.4800001 0.64166667 0.57501321 0.575 0.575 0.575
-0.64 -0.125 -0.005 -0.80666667 -0.64000955 -0.34 -0.33333333 -0.27333333 -0.11666667 0.16833333 0.16833333 0.066666667 -0.35833333 -0.35833333 0.040577528 -0.18435591 -0.20666667 0.24 -0.15166634 0.17 0.18307093 0.25 -0.38666667 0.29333333 0.29332974 0.015 0.36 0.35999993 0.21800408 0.21666668 0.815 0.28840845 0.575 0.93333333 0.93494954 1.2433333 1.2433333 1.485 1.485 0.99 0.99 0.99000001 0.92652152 0.92499998 0.48 0.48 0.48 0.64166051 0.64166667 0.64166667 0.575 0.575 0.575
-0.22664941 -0.125 0.34666667 -0.3 -0.50166667 -0.60166667 -0.13833333 0.055 0.24833333 0.15662801 0.065 -0.020000001 -0.02 0.34166667 0.34166164 -0.27480955 -0.275 -0.275 0.18021148 -0.30833338 -0.53833333 -0.53833332 0.52 -0.029364237 0.043048651 0.015 0.495 0.36 0.89851904 0.90166667 0.20833333 1.0066667 0.79177342 0.67666667 0.99 0.99333333 1.2333333 0.56333333 1.4862403 0.99217981 1.4783333 1.16 0.92502876 0.925 0.9224953 0.48 0.61999999 0.64166667 0.64166667 0.64166667 0.64166667 0.60156159 0.41333333
-0.795 -0.795 0.285 -0.205 -0.59666667 -0.67166667 -0.495 -0.46666667 -0.065 0.13325347 0.035 0.575 0.34166667 0.34166667 -0.19333333 -0.19445343 -0.275 -0.27496365 -0.10833333 -0.30833333 -0.30833333 -0.33796505 0.52 0.63833109 0.63833333 0.63833333 0.495 0.545 0.545 0.90166667 0.90166667 1.0058574 0.58 0.67666667 0.92 0.99333333 1.2333333 1.0533333 1.4866667 0.70291153 1.16 1.1385719 1.1016667 0.925 0.925 0.62 0.62 0.62 0.64166667 0.64166667 0.78833333 0.78833333 0.78833319
-0.795 -0.795 0.065 -0.235 -0.55666667 -0.45166667 -0.74999999 0.068063286 -0.12333333 -0.058333333 -0.18666667 -0.325 0.57380149 -0.19333333 -0.19333333 -0.1933316 -0.17833333 -0.1746594 -0.10833333 -0.11666667 -0.11666667 -0.31333333 -0.31333333 0.63833333 0.63833333 0.63833333 0.545 0.545 0.545 0.21166667 0.21166667 0.21166727 0.73833333 0.73833333 0.57166667 0.455 1.0366667 0.90500102 1.0516667 0.69 0.69 0.63333487 1.1016667 0.925 0.79000002 0.77666667 0.91704848 0.91833333 0.98833333 0.98833333 0.78833333 0.78833333 0.78833333
-0.795 -0.42370009 -0.0630207 -0.34832577 0.135 -0.71666667 -0.75 0.068333333 -0.12333173 -0.059053454 -0.32499965 -0.325 -0.23833333 -0.19333333 -0.19333333 -0.17833333 -0.17833333 -0.17832935 -0.10833333 -0.11666667 -0.155288 -0.31333333 -0.31333333 0.6382952 0.63833333 0.46959063 0.125 0.125 0.12500005 0.21166667 0.21166667 0.016666667 0.016666667 0.73833288 0.57166667 0.70333337 1.0347956 0.905 0.905 0.69 0.63333333 0.63333333 0.63333454 0.79 0.79 0.77666667 0.91833333 0.91833333 0.98833333 0.98833333 0.78833333 0.78833333 0.78833333
0.27 0.14415693 0.15498578 0.15135934 0.13499558 -0.71664656 -0.75 0.058260119 -0.11012554 -0.12163601 -0.23833333 -0.23833333 -0.23833333 -0.23833333 -0.19333971 -0.17833333 -0.17833333 -0.17742952 -0.10833333 -0.11666903 -0.125 -0.125 -0.125 -0.125 0.62498882 0.125 0.125 0.125 0.125 0.12503396 0.016666667 0.016666667 0.016666667 0.016666667 0.70333333 0.70333333 0.70333333 0.89541628 0.90133235 0.41666667 0.41666667 0.63332168 0.546675 0.78997656 0.79 0.77666667 0.91833333 0.91833333 0.98833333 0.98833333 0.78905891 0.78833333 1.0527438
0.27 0.155 0.155 0.155 0.155 0.15499964 -0.74991455 -0.36281998 -0.07488838 -0.23820783 -0.23833333 -0.23833333 -0.23833333 -0.23833333 -0.23833325 -0.17833333 -0.17833332 -0.17353181 -0.10833436 -0.125 -0.125 -0.125 -0.125 -0.125 -0.11736111 0.099638601 0.065000012 0.065 0.065 0.065 0.016666666 0.016666667 0.016666617 -0.025 -0.025 0.70333333 0.32255824 0.31166667 0.41666661 0.41666667 0.41666667 0.41666667 0.54666667 0.54666667 0.54666667 0.54826726 0.80405214 0.80333333 0.80333333 0.80333333 0.80333334 0.87833331 0.87833333
0.32666667 0.155 0.155 0.155 0.155 0.155 0.15499994 -0.47115338 -0.12799577 -0.12833333 -0.12833333 -0.12833333 -0.12833333 -0.12833333 -0.12833333 0.19660741 -0.17227024 -0.16874792 -0.12499793 -0.125 -0.125 -0.125 -0.125 -0.12499958 0.22833333 0.22833333 0.2283331 0.065 0.065 0.064859829 -0.005 -0.005 -0.025 -0.025 -0.025 0.25773633 0.31166667 0.31166667 0.31166667 0.41666667 0.41666667 0.41666667 0.54666667 0.54666667 0.54666667 0.54666667 0.80333332 0.80333333 0.80333333 0.80333333 0.80333333 0.87833333 0.87833333
0.32666667 0.26275712 0.155 0.155 0.155 0.155 -0.25491953 -0.255 -0.255 -0.12833333 -0.12833333 -0.12833333 -0.12833333 -0.12833333 -0.055165346 0.20333333 0.20333333 0.20333333 0.23224221 0.23333297 0.23333333 0.23333333 0.23333333 0.23333333 0.22833333 0.22833333 0.22833333 0.22833333 0.065 -0.005 -0.005 -0.005 -0.024999998 -0.025 -0.025 0.31166667 0.31166667 0.31166667 0.31166667 0.41660272 0.2890205 -0.008724787 0.54666667 0.54666667 0.068147975 0.066666667 0.066666667 0.801907 -0.060304726 -0.063333258 -0.063333169 0.20010261 0.87833195
0.32666667 -0.1096256 0.01499393 0.155 0.155 -0.25475775 -0.255 -0.255 -0.255 -0.2540872 -0.12833333 -0.12833333 -0.12833333 -0.12833329 0.20333333 0.20333333 0.20333333 0.20333333 0.23330653 0.23333333 0.23333333 0.23333333 0.23333333 0.23333333 0.22833333 0.22833333 0.22833333 0.22833333 0.22748462 -0.005 -0.005 -0.005 0.12166666 -0.024962214 0.31166667 0.31166667 0.31166667 0.30954144 0.010367427 -0.01 -0.01 -0.01 -0.041666667 -0.041666667 0.066666667 0.066666667 0.066666667 -0.063333332 -0.063333333 -0.063333333 -0.063333333 0.2 0.2
-0.12133558 -0.12166667 -0.12166667 -0.12166667 -0.39833333 -0.2550037 -0.255 -0.255 -0.255 -0.255 -0.11609389 -0.12833123 -0.12833333 0.20333333 0.20333333 0.20333333 0.20333333 0.20333333 0.18664142 0.23333333 0.23333333 0.23333333 0.23333333 0.23333333 0.016319321 -0.32999697 -0.33 -0.33 -0.33 -0.0049999935 0.12166666 0.12166667 0.12166667 0.12166667 0.31166667 0.31166158 0.11833333 0.11833333 -0.0083975671 -0.01 -0.01 -0.01 -0.041666667 -0.041666667 0.049892937 0.066666667 0.066666667 -0.063333333 -0.063333333 -0.063333333 -0.060509715 0.2 0.2
-0.12166667 -0.12166667 -0.12166667 -0.25195313 -0.39833333 -0.39833333 -0.255 -0.255 -0.255 -0.255 0.033333333 0.033333333 0.033333333 0.20333333 0.20333333 0.20333333 0.20333333 0.20328376 -0.098333333 -0.098333333 0.2333332 0.23333333 0.22558326 -0.085 -0.087205628 -0.33 -0.33 -0.33 -0.33 0.12162068 0.12166667 0.12166667 0.12166667 0.12166667 0.11833401 0.11833333 0.11833333 0.11833333 0.11786645 -0.01 -0.01 -0.01 -0.041666667 -0.041666667 -0.041666667 0.066666667 0.066666667 -0.063333329 -0.063333333 -0.063333333 0.2 0.2 0.2
-0.12166667 -0.12166667 -0.12166667 -0.39833333 -0.39833333 -0.39833333 -0.39833311 -0.255 -0.255 0.03303569 0.033333333 0.033333333 0.033333333 0.033439246 -0.03949339 -0.096666667 -0.096666667 -0.096666667 -0.098333333 -0.098333333 -0.098333333 -0.085 -0.085 -0.085 -0.085035483 -0.26793129 -0.33 -0.33 -0.33 -0.10560587 -0.14497377 -0.145 -0.145 -0.145 0.0058745966 -0.15166605 -0.15166667 -0.15166667 -0.15166667 -0.46493774 -0.465 -0.465 -0.041666667 -0.041666667 -0.22333257 -0.22333322 0.093333333 0.093333333 -0.05 -0.05 -0.05 0.2 0.050134118
-0.12166764 -0.12166667 -0.12166668 -0.39833333 -0.39833333 -0.39833333 -0.39833334 -0.70166654 -0.25678595 0.032409932 0.033333333 0.033333333 0.033333333 0.033078237 -0.096666667 -0.096666667 -0.096666667 -0.096666667 -0.098333333 -0.098333333 -0.098333333 -0.085 -0.085 -0.085 -0.21166667 -0.21166667 -0.29 -0.29 -0.29 -0.28920898 -0.145 -0.145 -0.145 -0.145 -0.14833156 -0.15166667 -0.15166667 -0.15166667 -0.15166667 -0.465 -0.465 -0.465 -0.45739624 -0.22333333 -0.22333333 -0.22333333 0.093333333 0.093333333 -0.05 -0.05 -0.05 0.049999997 0.05
-0.43666667 -0.29944315 -0.50333333 -0.50330287 -0.39833333 -0.69991159 -0.70166667 -0.70166667 -0.83466487 -0.985 -0.985 -0.985 -0.985 -0.19835894 -0.19833333 -0.096666745 -0.096666667 -0.096710581 -0.098333333 -0.098333333 -0.098333333 -0.41166667 -0.41166667 -0.41166667 -0.21166667 -0.21166667 -0.29 -0.29 -0.29 -0.29000012 -0.45333137 -0.45333247 -0.1527495 -0.14533055 -0.48627575 -0.48666667 -0.48666667 -0.48666667 -0.48666667 -0.465 -0.465 -0.465 -0.23664029 -0.22333333 -0.22333333 -0.22333336 0.093333333 0.093333333 0.093328174 -0.05 -0.049997317 0.01 0.05
-0.66495664 -0.66499997 -0.50333333 -0.50333333 -0.50333333 -0.70166667 -0.70166667 -0.70166667 -1.0666667 -1.0666667 -0.985 -0.985 -0.985 -0.19833333 -0.19833333 -0.19833333 -0.19833333 -0.19832185 -0.098333333 -0.098333333 -0.098333345 -0.41166667 -0.41166667 -0.41166667 -0.21166667 -0.21166667 -0.29 -0.29 -0.29 -0.45149174 -0.45333333 -0.45333333 -0.45333333 -0.45333333 -0.48665022 -0.48666667 -0.48666667 -0.48666667 -0.48666667 -0.51166665 -0.51166667 -0.51166667 -0.51166667 -0.22333437 -0.35833333 -0.35833333 -0.35833333 0.05 0.05 0.05 0.01 0.01 0.01
-0.665 -0.665 -0.50333333 -0.50333333 -0.50333333 -0.70062419 -0.70166667 -1.0666667 -1.0666667 -1.0666667 -0.98501005 -0.985 -0.65134074 -0.19833342 -0.19833333 -0.19833333 -0.19833333 -0.29333333 -0.29333333 -0.29333333 -0.54166666 -0.54166657 -0.4116673 -0.41166667 -0.41167572 -0.52166667 -0.52166667 -0.52166611 -0.29003744 -0.65495981 -0.65499893 -0.65496479 -0.453678 -0.45350737 -0.48086083 -0.48666682 -0.48802391 -0.89166667 -0.89166667 -0.51166667 -0.51166667 -0.51166667 -0.51166667 -0.35833333 -0.35833333 -0.35833333 -0.35833333 0.05 0.05 0.05 0.01 0.01 0.01
-0.665 -0.665 -0.50333333 -0.50333333 -0.50333333 -0.50333333 -0.8382755 -1.0666667 -1.0666667 -1.0666667 -1.066396 -0.57666667 -0.57666667 -0.57666667 -0.20056294 -0.19833333 -0.29270028 -0.29333333 -0.29333333 -0.29333333 -0.54166667 -0.54166667 -0.54166667 -0.54166667 -0.52166667 -0.52166667 -0.52166667 -0.52166667 -0.52166667 -0.655 -0.655 -0.655 -0.655 -0.65499975 -0.53666667 -0.89166667 -0.89166667 -0.89166667 -0.89166667 -0.891665 -0.425 -0.425 -0.425 -0.34744407 -0.18666667 -0.18666667 -0.18666667 0.049999993 0.049999811 -0.145 -0.145 0.16996108 0.17
-0.665 -0.665 -0.56168365 -0.50333333 -0.50333333 -0.50333334 -0.70397808 -1.0655216 -1.0666667 -1.0666667 -0.57666665 -0.57666667 -0.57666667 -0.57666667 -0.57666667 -0.54561375 -0.29333333 -0.29333333 -0.29333333 -0.29333333 -0.54166475 -0.54166667 -0.54166667 -0.54166667 -0.52166667 -0.52166667 -0.52166667 -0.52166667 -0.52166667 -0.76214868 -0.655 -0.655 -0.655 -0.53666667 -0.53666667 -0.53694233 -0.89166667 -0.89166667 -0.62903669 -0.42500004 -0.425 -0.425 -0.425 -0.3492846 -0.18666667 -0.18666667 -0.18666667 -0.42833333 -0.14853031 -0.145 -0.145 0.17 0.17
-0.79333333 -0.79333333 -0.79333333 -0.57604431 -0.50349464 -0.70333333 -0.70333333 -0.70333333 -0.70333333 -0.495 -0.495 -0.57666666 -0.57666667 -0.57666667 -0.57666667 -0.5766487 -0.29333333 -0.29333333 -0.29333333 -0.29333333 -0.43330206 -0.54166667 -0.54166667 -0.53381554 -0.25413475 -0.52166667 -0.52166667 -0.52166667 -0.8 -0.8 -0.8 -0.79999939 -0.53666667 -0.53666667 -0.53666667 -0.53666667 -0.425 -0.425 -0.425 -0.425 -0.33166667 -0.33166667 -0.33166667 -0.42833139 -0.42833333 -0.42833333 -0.42833326 -0.42833333 -0.42833333 -0.14534523 -0.145 0.17000015 0.17
-0.79333333 -0.79333333 -0.79333333 -0.79332355 -0.61166667 -0.62499651 -0.70333333 -0.70333333 -0.70333333 -0.495 -0.495 -0.495 -0.34000001 -0.34 -0.34 -0.34 -0.29302498 -0.29333333 -0.29333333 -0.29333333 -0.29708257 -0.24166749 -0.24166667 -0.24166667 -0.24166667 -0.24166667 -0.34166667 -0.34166667 -0.8 -0.8 -0.8 -0.8 -0.53666667 -0.53666667 -0.53666667 -0.53666735 -0.42499999 -0.425 -0.425 -0.42418844 -0.33166667 -0.33166667 -0.33166667 -0.42832885 -0.42833333 -0.42833333 -0.42833333 -0.42833333 -0.42833333 -0.42833325 0.2 0.2 0.086666667
