interpolatedSpi/03-07|22_1.tif
NCOLS 53
NROWS 52
XLLCORNER -116.03883
YLLCORNER 28.596182
DX 0.49850594
DY 0.49788537
NODATA_VALUE -9999
[rows 0 to 38 of 52, columns 0 to 52 of 53]
-0.014 -0.014 -0.079391448 -0.228 0.072 -0.022 0.112 0.096 -0.38817966 -0.408 -0.442 -0.018 0.11199605 0.064 -0.086 -0.086 -0.086 0.458 -0.022 -0.022 -0.022 -0.022004527 -0.492 -0.222 -0.222 -0.222 -0.26200202 -0.262 -0.262 -0.16 -0.16 -0.16 -0.16 0.48999987 0.49 0.49 0.49 0.49 0.49 0.49 0.41283195 0.41200881 0.446 0.446 0.446 0.446 0.4457158 0.272 0.272 0.272 0.74999901 0.75 0.75
-0.014023637 -0.546 -0.099999776 0.037929544 0.048191751 0.298 0.124 0.30561724 -0.074 -0.06 0.154 0.112 0.112 0.49256618 0.064003869 -0.086 0.458 0.458 -0.021374144 -0.022 -0.022 -0.022 -0.20578778 -0.222 -0.222 -0.222 -0.152 -0.152 -0.16 -0.16 -0.16 -0.16 -0.16 0.48999991 0.49 0.49 0.49 0.49 0.49000001 0.62786815 1.3799153 0.55933298 0.446 0.446 0.446 0.446 0.446 0.272 0.272 0.272 0.31163622 0.75 0.75
0.20998332 0.21 0.094 0.472 0.08 -0.068 0.318 0.472 0.016 0.424 0.168 0.188 0.236 0.524 0.494 -0.068 0.458 0.458 0.458 0.15394884 0.154 0.154 0.086 -0.222 -0.222 -0.222 -0.152 -0.152 -0.152 -0.16 -0.16 -0.15999998 0.05663003 0.49010115 0.49126587 0.62475377 0.626 0.626 0.72083333 1.38 1.38 1.3788056 0.446 0.446 0.446 0.446 0.446 0.272 0.272 0.272 0.272 0.75 0.75
-0.23 0.20999994 -0.089962929 1.046 0.04 0.406 0.536 0.188 0.326 0.5800546 0.432 0.316 0.232 0.524 -0.228 -0.068 -0.37562821 -0.37741425 -0.366 0.154 0.154 -0.248 0.086 0.086 -0.222 -0.22199965 -0.152 -0.152 -0.152 -0.018 0.15099274 0.29 0.29 0.29000027 0.626 0.626 0.626 0.626 1.38 1.38 1.38 1.38 0.446 0.446 0.446 0.446 0.446 0.27200219 0.272 0.272 0.272 0.74999811 0.75
-0.23 0.49199893 -0.09 0.31620516 0.04 0.102 0.28201418 0.712 0.334 0.72399977 0.51348394 0.41593755 -0.02 -0.228 -0.228 -0.1258148 -0.378 -0.378 -0.366 -0.366 0.15399918 -0.248 0.078 0.126 -0.074 -0.073840521 -0.152 -0.152 -0.018 -0.018 0.29 0.29 0.29 0.32658334 0.626 0.626 0.626 1.38 1.38 1.38 1.38 1.3799506 0.44600001 0.446 0.446 0.446 0.446 0.44445118 0.272 0.27201883 0.692 0.692 0.692
-1.678 -0.108 -0.0060000053 0.136 -0.146 0.11 -0.112 -0.0065044009 0.414 -0.062 -0.618 -0.206 -0.20599988 -0.042 -0.042 -0.29993192 -0.3 -0.054 -0.054000001 -0.36599965 -0.398 -0.398 0.126 -0.074 -0.074 0.608 0.154 0.154 0.70793342 -0.018 0.29 0.29 0.484 0.48406353 1.0919565 1.178 1.178 1.3175067 1.38 1.38 0.86863857 0.868 0.86800112 0.53244656 0.53399027 0.53399998 0.534 0.53399997 0.79919302 0.692 0.692 0.692 0.692
-0.70600708 -0.64 -0.61337363 -0.634 -0.316 -0.4 -0.047999998 -0.06 0.156 0.156 -0.618 -0.01 -0.45799987 -0.042 -0.018000072 -0.018 -0.3 0.018 0.036 0.036 -0.38009193 -0.36 -0.36 0.41799999 0.608 0.608 0.154 0.154 0.70797156 0.70747642 0.84207602 0.484 0.484 1.092 1.092 1.2553389 1.178 1.178 1.5399875 0.86800094 0.868 0.868 0.86800594 0.53400149 0.534 0.534 0.534 0.53400018 0.836 0.69202854 0.692 0.692 0.692
-0.706 -0.108 0.134 -0.974 -0.86600619 -0.388 -0.39 -0.24 -0.182 0.15 0.15 0.01 -0.458 -0.458 -0.021018808 -0.36226613 -0.396 0.08 -0.23399972 0.036 0.094872394 0.156 -0.47 0.262 0.2619976 0.076 0.482 0.48199988 0.22171002 0.22000001 0.844 0.32172193 0.65 1.092 1.0880641 1.32 1.32 1.54 1.54 0.868 0.868 0.86800001 0.80303594 0.80199999 0.534 0.534 0.534 0.8359885 0.836 0.836 0.692 0.692 0.692
-0.16989994 -0.108 0.508 -0.386 -0.546 -0.65 -0.302 0.126 0.4 0.17990722 0.018 -0.050000001 -0.05 0.31 0.30999562 -0.30625084 -0.306 -0.306 0.032067417 -0.23400007 -0.564 -0.56399999 0.014 -0.27926355 0.094743889 0.076 0.522 0.482 0.85183831 0.854 0.23 0.988 0.75934063 0.698 0.954 0.95 1.13 0.48 1.4495521 0.87011583 1.342 0.958 0.8020254 0.802 0.80049155 0.534 0.99599998 0.836 0.836 0.836 0.836 0.69897241 0.372
-0.516 -0.516 0.534 -0.154 -0.666 -0.66 -0.574 -0.486 -0.014 0.12394072 0.134 0.426 0.31 0.31 -0.156 -0.15805732 -0.306 -0.30593512 -0.014 -0.234 -0.234 -0.27651508 0.014 0.46199152 0.462 0.462 0.522 0.84 0.84 0.854 0.854 0.98713894 0.534 0.698 0.916 0.95 1.13 1.096 1.45 0.41111453 0.95800002 0.958 0.958 0.802 0.802 0.996 0.996 0.996 0.836 0.836 0.748 0.748 0.74799986
-0.516 -0.516 0.072 -0.14 -0.474 -0.516 -0.74199999 -0.050029082 -0.132 -0.04 -0.026 -0.288 0.42504928 -0.156 -0.156 -0.15599169 -0.084 -0.080326072 -0.014 -0.164 -0.164 -0.308 -0.308 0.462 0.462 0.462 0.84 0.84 0.84 0.13 0.13 0.13000067 0.74 0.74 0.472 0.484 1.006 0.73000206 0.886 0.394 0.394 0.45400166 0.958 0.802 0.70200014 0.86 0.89443929 0.894 0.918 0.918 0.748 0.748 0.748
-0.516 -0.26213663 -0.018467961 -0.18599259 0.34 -0.642 -0.742 -0.05 -0.13199932 -0.041019248 -0.28799968 -0.288 -0.242 -0.156 -0.156 -0.084000002 -0.084 -0.083996016 -0.014 -0.164 -0.19227867 -0.308 -0.308 0.46196928 0.462 0.4166367 0.324 0.324 0.32400006 0.13 0.13 0.046 0.046 0.73999927 0.472 0.65400005 1.0005477 0.73 0.73 0.394 0.454 0.454 0.45400187 0.702 0.702 0.86 0.894 0.894 0.918 0.918 0.748 0.748 0.748
0.458 0.24449907 0.26198526 0.25876089 0.3399949 -0.64197681 -0.742 -0.058518122 -0.12634936 -0.12959763 -0.242 -0.242 -0.242 -0.242 -0.15601218 -0.084 -0.084 -0.083096188 -0.014 -0.16395624 -0.016 -0.016 -0.016 -0.016 0.45379885 0.324 0.324 0.324 0.324 0.32383871 0.046 0.046 0.046 0.046 0.654 0.654 0.654 0.72661785 0.7263649 0.246 0.246 0.45398881 0.42800938 0.70197361 0.702 0.86 0.894 0.894 0.918 0.918 0.74861674 0.748 0.7701819
0.458 0.262 0.262 0.262 0.262 0.26199963 -0.74174388 -0.41458198 -0.11127398 -0.24187922 -0.242 -0.242 -0.242 -0.242 -0.24199994 -0.084000001 -0.083999989 -0.079198478 -0.014000982 -0.016 -0.016 -0.016 -0.016 -0.016 -0.008519294 0.22241881 0.15000004 0.15 0.15 0.15 0.046 0.046 0.046000036 0.076 0.076 0.654 0.34678742 0.338 0.24600005 0.246 0.246 0.246 0.428 0.428 0.428 0.43100633 0.72907299 0.728 0.728 0.728 0.728 0.82399998 0.824
0.586 0.262 0.262 0.262 0.262 0.262 0.26199994 -0.43413529 -0.15568307 -0.156 -0.156 -0.156 -0.156 -0.156 -0.156 0.22022847 -0.079042487 -0.074414597 -0.015999772 -0.016 -0.016 -0.016 -0.016 -0.015999684 0.33 0.33 0.32999975 0.15 0.15 0.14978774 0.044 0.044 0.076 0.076 0.076 0.29603045 0.338 0.338 0.338 0.246 0.246 0.246 0.428 0.428 0.428 0.428 0.72799999 0.728 0.728 0.728 0.728 0.824 0.824
0.586 0.46537848 0.262 0.262 0.262 0.262 -0.071934447 -0.072 -0.072000002 -0.156 -0.156 -0.156 -0.156 -0.156 -0.071286913 0.228 0.228 0.228 0.25517175 0.25599972 0.256 0.256 0.256 0.256 0.33 0.33 0.33 0.33 0.15 0.044 0.044 0.044 0.075999997 0.076 0.076 0.33 0.33798941 0.338 0.338 0.24596739 0.18078079 0.028651554 0.428 0.428 0.017271456 0.016 0.016 0.72660115 -0.11902963 -0.12199993 -0.12199984 0.21809164 0.82399877
0.586 0.17338753 0.2113954 0.262 0.262 -0.071802657 -0.072 -0.072 -0.072 -0.072605328 -0.156 -0.156 -0.156 -0.15599995 0.228 0.228 0.228 0.228 0.25597499 0.256 0.256 0.256 0.256 0.256 0.33 0.33 0.33 0.33 0.32895972 0.044 0.044 0.044 0.25399999 0.076030134 0.33 0.33 0.33 0.32852759 0.047630121 0.028 0.028 0.028 1.4992752e-12 1.7704518e-14 0.016 0.016 0.016 -0.122 -0.122 -0.122 -0.122 0.218 0.218
0.16231075 0.162 0.162 0.162 -0.196 -0.072003199 -0.072 -0.072 -0.072 -0.072 -0.11950862 -0.15599372 -0.15599999 0.228 0.228 0.228 0.228 0.228 0.21087774 0.256 0.256 0.256 0.256 0.256 0.07787935 -0.26599677 -0.266 -0.266 -0.266 0.044000011 0.254 0.254 0.254 0.254 0.33 0.32999647 0.196 0.196 0.03009773 0.028 0.028 0.028 -4.4408921e-17 -4.4408921e-17 0.013522649 0.016 0.016 -0.122 -0.122 -0.122 -0.11835432 0.218 0.218
0.162 0.162 0.162 -0.0065875405 -0.196 -0.196 -0.072 -0.072 -0.072 -0.072 0.326 0.326 0.326 0.228 0.228 0.228 0.228 0.22794381 -0.078 -0.078 0.25599986 0.256 0.24991355 0.0060000002 0.0035513022 -0.266 -0.266 -0.266 -0.266 0.25394705 0.254 0.254 0.254 0.254 0.19600047 0.196 0.196 0.196 0.19539809 0.028 0.028 0.028 -4.4408921e-17 -4.4408921e-17 -4.4408844e-17 0.016 0.016 -0.12199999 -0.122 -0.122 0.218 0.218 0.218
0.162 0.162 0.162 -0.196 -0.196 -0.196 -0.19599981 -0.072 -0.072 0.32558915 0.326 0.326 0.326 0.32593894 -0.04720362 -0.112 -0.112 -0.112 -0.078 -0.078 -0.078 0.006 0.006 0.006 0.0059400524 -0.23557759 -0.266 -0.266 -0.266 0.059842638 0.030022031 0.03 0.03 0.03 0.11605734 0.0040004361 0.004 0.004 0.004 -0.29595567 -0.296 -0.296 -4.4767909e-17 -4.0064479e-14 -0.11199953 -0.11199987 0.252 0.252 0.038 0.038 0.038 0.218 0.27994456
0.16199899 0.162 0.16199999 -0.196 -0.196 -0.196 -0.196 -0.53799986 -0.07386325 0.32530722 0.326 0.326 0.326 0.32514052 -0.112 -0.112 -0.112 -0.11199999 -0.078 -0.078 -0.078 0.006 0.006 0.006 -0.208 -0.208 -0.246 -0.246 -0.246 -0.24449433 0.03 0.03 0.03 0.03 0.017007081 0.004 0.004 0.004 0.004 -0.296 -0.296 -0.296 -0.29021066 -0.112 -0.112 -0.112 0.252 0.252 0.038 0.038 0.038 0.27999999 0.28
-0.162 -0.020217015 -0.194 -0.19400058 -0.196 -0.5360212 -0.538 -0.538 -0.65022862 -0.43800001 -0.438 -0.438 -0.438 -0.17800846 -0.178 -0.11200005 -0.112 -0.11110415 -0.078 -0.078 -0.078 -0.466 -0.466 -0.466 -0.208 -0.208 -0.246 -0.246 -0.246 -0.24600005 -0.31199783 -0.31199904 0.021404344 0.029633352 -0.34956535 -0.35 -0.35 -0.35 -0.35 -0.296 -0.296 -0.296 -0.12213167 -0.112 -0.112 -0.11200001 0.252 0.252 0.2519923 0.038 0.038010016 0.262 0.28
-0.40395404 -0.40399996 -0.194 -0.194 -0.194 -0.538 -0.538 -0.538 -0.846 -0.846 -0.438 -0.438 -0.438 -0.178 -0.178 -0.178 -0.178 -0.17798865 -0.078 -0.078 -0.078000015 -0.466 -0.466 -0.466 -0.208 -0.208 -0.246 -0.246 -0.246 -0.31125585 -0.312 -0.312 -0.312 -0.312 -0.34998125 -0.35 -0.35 -0.35 -0.35 -0.37999998 -0.38 -0.38 -0.38 -0.11200052 -0.18 -0.18 -0.18 0.316 0.316 0.316 0.262 0.262 0.262
-0.404 -0.404 -0.194 -0.194 -0.194 -0.53619187 -0.538 -0.846 -0.846 -0.846 -0.43805023 -0.438 -0.24679281 -0.17800001 -0.178 -0.178 -0.178 -0.142 -0.142 -0.142 -0.61 -0.60999989 -0.4660007 -0.466 -0.46596313 -0.526 -0.526 -0.52599933 -0.24604525 -0.55395177 -0.55399871 -0.55395775 -0.3124136 -0.31220884 -0.34338883 -0.35000014 -0.35124666 -0.722 -0.722 -0.38 -0.38 -0.38 -0.38 -0.18 -0.18 -0.18 -0.18 0.316 0.316 0.316 0.262 0.262 0.262
-0.404 -0.404 -0.194 -0.194 -0.194 -0.194 -0.6532754 -0.846 -0.846 -0.846 -0.84564537 -0.204 -0.204 -0.204 -0.17815322 -0.178 -0.1422399 -0.142 -0.142 -0.142 -0.61 -0.61 -0.61 -0.61 -0.526 -0.526 -0.526 -0.526 -0.526 -0.554 -0.554 -0.554 -0.554 -0.55399947 -0.3 -0.722 -0.722 -0.722 -0.722 -0.72199811 -0.178 -0.178 -0.178 -0.10055298 0.06 0.06 0.06 0.31599999 0.31599975 0.056 0.056 0.23000778 0.23
-0.404 -0.404 -0.26979525 -0.194 -0.194 -0.19400001 -0.54453591 -0.84504826 -0.846 -0.846 -0.204 -0.204 -0.204 -0.204 -0.204 -0.20185964 -0.142 -0.142 -0.142 -0.142 -0.60999638 -0.61 -0.61 -0.61 -0.526 -0.526 -0.526 -0.526 -0.526 -0.63971894 -0.554 -0.554 -0.554 -0.3 -0.3 -0.30032769 -0.722 -0.722 -0.41697404 -0.18000005 -0.178 -0.178 -0.178 -0.10256988 0.06 0.06 0.06 -0.342 0.051040959 0.056 0.056 0.23 0.23
-0.648 -0.648 -0.648 -0.30783028 -0.19449423 -0.544 -0.544 -0.544 -0.544 -0.222 -0.222 -0.204 -0.204 -0.204 -0.204 -0.20399608 -0.142 -0.142 -0.142 -0.142 -0.40577998 -0.61 -0.61 -0.60445187 -0.4036997 -0.526 -0.526 -0.526 -0.67 -0.67 -0.67 -0.66999951 -0.3 -0.3 -0.3 -0.3 -0.18 -0.18 -0.18 -0.18 -0.12 -0.12 -0.12 -0.23199775 -0.232 -0.232 -0.23199991 -0.342 -0.342 0.055515059 0.056 0.22999941 0.23
-0.648 -0.648 -0.648 -0.64799365 -0.53 -0.53203583 -0.544 -0.544 -0.544 -0.222 -0.222 -0.222 -0.33399999 -0.334 -0.334 -0.33399999 -0.14180216 -0.142 -0.142 -0.142 -0.14908497 -0.39800058 -0.398 -0.398 -0.398 -0.398 -0.344 -0.344 -0.67 -0.67 -0.67 -0.67 -0.30000004 -0.3 -0.3 -0.30000424 -0.17999999 -0.18 -0.18 -0.17888575 -0.12 -0.12 -0.12 -0.23199481 -0.232 -0.232 -0.232 -0.342 -0.342 -0.34199994 0.112 0.112 -0.106
-0.648 -0.648 -0.648 -0.53000027 -0.53 -0.53 -0.54399999 -0.544 -0.544 -0.222 -0.222 -0.222 -0.334 -0.334 -0.334 -0.31115213 -0.034 -0.034 -0.034000279 -0.14138999 -0.398 -0.398 -0.398 -0.398 -0.398 -0.39795936 -0.344 -0.344 -0.344 -0.67 -0.67 -0.66994722 -0.352 -0.352 -0.352 -0.098000001 -0.097999999 0.074 0.074 0.074 0.264 -0.11987955 -0.11999801 0.146 0.146 0.13167423 -0.23199919 -0.342 -0.342 0.112 0.112 0.112 -0.106
-0.648 -0.648 -0.648 -0.53 -0.53 -0.53 -0.53 -0.544 -0.544 -0.222 -0.222 -0.32952162 -0.334 -0.334 -0.334 -0.034 -0.034 -0.034 -0.034 -0.034 -0.398 -0.398 -0.398 -0.398 -0.398 -0.34400018 -0.344 -0.344 -0.344 -0.588 -0.588 -0.588 -0.352 -0.352 -0.352 -0.098 -0.098 0.074 0.074 0.264 0.264 0.264 0.146 0.146 0.146 0.146 0.164401 0.37 0.37 0.37 0.11200001 0.518 0.518
-0.648 -0.648 -0.64783568 -0.53 -0.53 -0.53 -0.53 -0.66518567 -0.672 -0.67122741 -0.22200001 -0.33400268 -0.334 -0.334 -0.33399896 -0.034 -0.034 -0.034 -0.034 -0.034 0.3999009 -0.398 -0.398 -0.398 -0.39792956 -0.3439838 -0.344 -0.344 -0.344 -0.588 -0.588 -0.588 -0.58796669 -0.352 -0.098 -0.098 -0.098 -0.097992933 0.074012958 0.264 0.264 0.264 0.14600716 0.146 0.146 0.146 0.3699995 0.37 0.37 0.37 0.518 0.518 0.518
-1.146 -1.1459991 -0.53008381 -0.53 -0.53 -0.53 -0.67196978 -0.672 -0.672 -0.672 -0.36600001 -0.366 -0.366 -0.366 -0.035532303 -0.034 -0.034 -0.034 -0.034 0.43399972 0.434 0.434 -0.056000057 -0.056 -0.056 -0.056 -0.080858104 -0.344 -0.67998624 -0.68 -0.68 -0.68 -0.68 -0.112 -0.112 -0.112 -0.112 -0.112 0.3 0.3 0.3 0.3 0.3 0.32173469 0.322 0.322 0.322 0.37 0.37 0.37 0.51797668 0.518 0.518
-1.146 -1.146 -1.1400888 -0.44000018 -0.44000002 -0.44022622 -0.672 -0.672 -0.672 -0.672 -0.366 -0.366 -0.366 -0.366 -0.366 -0.034 -0.034 -0.034 0.43399988 0.434 0.434 0.434 -0.055999998 -0.056 -0.056 -0.056 -0.056 -0.056061561 -0.67989651 -0.68 -0.68 -0.68 -0.67995843 -0.17662678 -0.11206692 -0.112 -0.112 -0.112 0.3 0.3 0.3 0.3 0.3 0.322 0.322 0.322 0.322 0.34444574 0.37 0.012038809 0.008 0.092 0.092
-1.146 -1.146 -0.44008943 -0.44 -0.44 -0.44 -0.49892702 -0.672 -0.672 -0.672 -0.366 -0.366 -0.366 -0.366 -0.366 -0.03425137 -0.034 0.43386279 0.434 0.434 0.434 0.434 0.12552368 -0.056 -0.056 -0.056 -0.056 -0.056252037 -0.412 -0.412 -0.412 -0.412 -0.412 -0.226 -0.226 -0.226 -0.226 -0.226 0.064 0.064 0.064 0.064 0.064000003 0.32152143 0.3219999 0.322 0.32196678 0.31795711 0.008 0.008 0.008 0.091999529 0.092
-1.1459985 -0.33218166 -0.43999998 -0.44 -0.44 -0.44 -0.44 -0.67190122 -0.672 -0.672 -0.366 -0.366 -0.366 -0.366 0.074004889 0.084 0.084 0.43399099 0.434 0.434 0.434 0.434 0.43399986 -0.056 -0.056 -0.056 -0.056 -0.17000022 -0.17000011 -0.22150348 -0.412 -0.412 -0.412 -0.226 -0.226 -0.226 -0.226 -0.22591331 0.064 0.064 0.064 0.064 0.063997548 0.126 0.126 0.126 0.126 0.12599048 0.008 0.008 0.008 0.0079999621 -0.051849795
-0.316 -0.316 -0.32410009 -0.44 -0.44 -0.44 -0.44 -0.44 -0.67190022 -0.32000001 -0.32 -0.32 -0.32010917 0.083999352 0.084 0.084 0.084 0.084 0.43399468 0.38845781 -0.01 -0.01 -0.01 -0.025766304 -0.13123419 -0.53379809 -0.87301102 -0.17 -0.17 -0.17 -0.17 -0.17 -0.18056829 -0.1005814 -0.098 -0.098 -0.098 -0.098 0.057988616 0.032000057 0.032 0.032 0.032 0.12799999 0.126 0.126 0.126 0.118 0.0080017621 0.008 0.008 -0.054 -0.054
-0.316 -0.316 -0.216 -0.216 -0.216 -0.43992538 -0.44 -0.44 -0.32 -0.32 -0.32 -0.32 -0.32 0.083999982 0.084 0.084 0.084 0.084 -0.01 -0.01 -0.01 -0.01 -0.01 -0.99599995 -0.996 -0.996 -0.996 -0.17 -0.17 -0.17 -0.17 -0.17 -0.328 -0.328 -0.098000002 -0.098 -0.098 -0.11599693 -0.116 0.032 0.032 0.032 0.032000047 0.128 0.128 0.128 0.118 0.118 0.118 0.256 0.256 -0.054 -0.054
-0.316 -0.316 -0.216 -0.216 -0.216 -0.216 -0.21600049 -0.306 -0.31998682 -0.32 -0.32 -0.32 -0.32 0.078960467 0.084 0.084 0.084 0.084 -0.0099999981 -0.01 -0.01 -0.01 -0.01 -0.996 -0.996 -0.996 -0.996 -0.99599663 -0.17 -0.17 -0.17 -0.32799172 -0.328 -0.328 -0.328 -0.098 -0.116 -0.116 -0.116 -0.11210584 0.29333263 0.342 0.342 0.128 0.128 0.128 0.118 0.118 0.118 0.256 0.256 0.256 -0.26956049
-0.472 -0.47199878 -0.216 -0.216 -0.216 -0.216 -0.306 -0.306 -0.306 -0.32 -0.32 -0.32 -0.32 -0.31987441 0.084 0.084 0.084 0.084 -0.0099984485 -0.01 -0.01 -0.010000004 -0.82230323 -0.996 -0.996 -0.996 -0.996 -0.69000025 -0.69 -0.68999999 -0.1755869 -0.328 -0.328 -0.328 -0.32800002 -0.352 -0.116 -0.116 -0.116 -0.116 0.342 0.342 0.342 0.168 0.168 0.168 0.10000175 0.118 0.118 0.256 0.256 0.256 -0.29199935
