interpolatedSpi/03-02|19_3.tif
NCOLS 53
NROWS 52
XLLCORNER -116.03883
YLLCORNER 28.596182
DX 0.49850594
DY 0.49788537
NODATA_VALUE -9999
0.47 0.47 0.16078632 0.81 0.35 0.64 0.58 0.38 0.024067374 -0.28 -0.3 -0.27 -0.31994236 0.38 -0.21 -0.21 -0.21 0.42 0.29 0.29 0.29 0.28998902 -0.85 -0.51 -0.51 -0.51 -0.74999784 -0.75 -0.75 -1.18 -1.18 -1.18 -1.18 -2.2699998 -2.27 -2.27 -2.27 -2.27 -2.27 -2.27 -1.3696963 -1.3600713 -1.64 -1.64 -1.64 -1.64 -1.6415843 -2.61 -2.61 -2.61 -2.130001 -2.13 -2.13 
0.46993691 -0.95 0.17999979 0.099808405 0.35971899 0.68 0.7 0.29006698 0.22 0.08 0.02 -0.32 -0.32 0.88829942 0.38000095 -0.21 0.42 0.42 0.2901695 0.29 0.29 0.29 -0.51684282 -0.51 -0.51 -0.51 0.24999995 0.25 -1.18 -1.18 -1.18 -1.18 -1.18 -2.2699998 -2.27 -2.27 -2.27 -2.27 -2.2699998 -1.9706418 -0.58001635 -1.5113769 -1.64 -1.64 -1.64 -1.64 -1.64 -2.61 -2.61 -2.61 -2.5701979 -2.13 -2.13 
-0.05999252 -0.06 -6.2713063e-24 0.27 -0.38 -0.49 -0.25 -0.4 -0.95 -0.54 0.61 -0.73 -0.13 0.92 0.89 -1.17 0.42 0.42 0.42 0.22002035 0.22 0.22 -0.64 -0.51 -0.51 -0.51 0.25 0.25 0.25 -1.18 -1.18 -1.18 -1.064464 -2.2637014 -2.2459857 0.28635825 0.31 0.31 0.19806146 -0.57999999 -0.58 -0.58135547 -1.64 -1.64 -1.64 -1.64 -1.64 -2.61 -2.61 -2.61 -2.61 -2.13 -2.13 
-0.11 -0.060000222 -1.1601256 0.25 -0.86 -0.64 -0.51 -0.62 -0.78 -0.12226209 -0.99 -1.14 -1.1 0.92 -0.37 -1.17 -0.47535567 -0.46937641 -1.05 0.22 0.22 -1.05 -0.64 -0.64 -0.51 -0.5099962 0.25 0.25 0.25 -1 -0.96707934 -0.94 -0.94 -0.93999903 0.31 0.31 0.31 0.31 -0.58 -0.58 -0.58 -0.58000004 -1.64 -1.64 -1.64 -1.64 -1.64 -2.6099878 -2.61 -2.61 -2.61 -2.1299481 -2.13 
-0.11 -0.74000077 -1.16 -1.3250359 -0.86 -1.58 -1.5099675 -1.36 -0.92 -1.1499998 -0.91561067 -0.799894 -0.06 -0.37 -0.37 -0.89428064 -0.47 -0.47 -1.05 -1.05 0.21999741 -1.05 -1.47 -1.47 -1.15 -1.1500932 0.25 0.25 -1 -1 -0.94 -0.94 -0.94 -1.0531437 0.31 0.31 0.31 -0.58 -0.58 -0.58 -0.58 -0.57985714 -1.64 -1.64 -1.64 -1.64 -1.64 -1.6486342 -2.61 -2.6099072 -0.54 -0.54 -0.54 
-1.58 -0.82 -0.96999999 -0.7 -1.19 -0.96 -1.65 -1.6128717 -1.19 -1.09 -0.88 -0.53 -0.52999969 -1.2 -1.2 -0.74980927 -0.75 -0.95 -0.95 -1.0499998 -1.58 -1.58 -1.47 -1.15 -1.15 -1.55 -1.75 -1.75 -0.51004492 -1 -0.94 -0.94 -1.54 -1.5398997 -0.58006863 -0.03 -0.03 -0.40984494 -0.58 -0.58 0.89815412 0.9 0.90000202 0.47204661 0.50976238 0.50999943 0.50999993 0.50999917 -1.6598644 -0.54 -0.54 -0.54 -0.54 
-2.1699824 -1.56 -1.1279146 -0.21 0.29 -1.11 -0.94 -0.94 -1.3 -1.3 -0.88 -1 -1.3199999 -1.2 0.039996285 0.04 -0.75 -0.35 -0.8 -0.8 -1.6365518 -1.7 -1.7 -1.29 -1.55 -1.55 -1.75 -1.75 -0.51001865 -0.51034333 -0.31160373 -1.54 -1.54 -0.58 -0.58 -0.55830084 -0.03 -0.03 -0.46998475 0.89999809 0.9 0.9 0.90000979 0.50999894 0.51 0.51 0.51 0.50999861 -1.82 -0.54025366 -0.54 -0.54 -0.54 
-2.17 -1.57 -0.81 -1.06 -1.0200023 -1.05 -0.69 -1.05 -0.87 -0.52 -0.52 -1.05 -1.32 -1.32 0.030669139 -0.52466932 -0.58 -0.04 -0.90999989 -0.8 0.19849653 0.28 -1.36 -1.06 -1.0600045 -1.41 -0.33 -0.3300005 -0.82887868 -0.82999999 -0.31 -0.15932066 -0.3 -0.58 -0.57172886 -1 -1 -0.47 -0.47 0.9 0.9 0.90000002 0.32371155 0.32000001 0.51 0.51 0.51 -1.8199113 -1.82 -1.82 -0.54 -0.54 -0.54 
-1.4653163 -1.57 -1.92 -0.69 -0.82 -1.23 -1.15 -0.64 -1.28 -0.10776671 -0.57 -1.21 -1.21 -0.17 -0.16999709 -1.6171014 -1.62 -1.62 -0.17280685 -0.32000008 -0.68 -0.67999999 -0.75 -1.119609 -1.3747292 -1.41 -0.93 -0.33 -0.32005811 -0.32 -0.12 0.03 -0.095914312 -0.95 -0.29 -0.43 -0.02 0.18 0.10003694 0.90383885 1.76 0.84 0.31998862 0.32 0.32106942 0.51 -0.49999995 -1.82 -1.82 -1.82 -1.82 -0.41673764 -0.35 
-0.88 -0.88 -1.55 -1.41 -0.2 -0.81 -0.28 -0.44 0.38 0.19003705 -0.1 0.07 -0.17 -0.17 0.14 0.1158608 -1.62 -1.6196456 -0.07 -0.32 -0.32 -0.36638006 -0.75 -1.119993 -1.12 -1.12 -0.93 0.51 0.51 -0.32 -0.32 0.029525846 -0.22 -0.95 -0.17 -0.43 -0.02 -1.06 0.1 1.3100654 0.84000004 0.62326976 0.25 0.32 0.32 -0.5 -0.5 -0.5 -1.82 -1.82 0.45 0.45 0.4499997 
-0.88 -0.88 -1.31 -1.45 -1.49 -0.04 -0.030000001 0.099781885 -0.21 -0.04 -0.29 -0.17 0.069680134 0.14 0.14 0.13998385 -1.5478651e-44 -0.0036739284 -0.07 0.35 0.35 0.46 0.46 -1.12 -1.12 -1.12 0.51 0.51 0.51 -1.06 -1.06 -1.0599986 -0.6 -0.6 -1.39 -0.39 1.17 -0.17999796 -0.04 1.33 1.33 0.3399997 0.25 0.32 0.87999904 -0.26 0.60521949 0.61 0.97 0.97 0.45 0.45 0.45 
-0.88 -1.0657393 -1.369743 -1.2299932 -0.18 -1.06 -0.03 0.1 -0.20999741 -0.041883394 -0.16999983 -0.17 0.58 0.14 0.14 4.6304864e-09 -2.7180828e-36 -3.9839332e-06 -0.07 0.35 0.37160176 0.46 0.46 -1.1199354 -1.12 -0.43955051 0.95 0.95 0.94999994 -1.06 -1.06 0.77 0.77 -0.60000217 -1.39 1.0699997 0.99200714 -0.18 -0.18 1.33 0.34 0.34 0.34000389 0.88 0.88 -0.26 0.61 0.61 0.97 0.97 0.45 0.45 0.45 
-0.4 -0.47320437 -0.40003888 -0.40600083 -0.18000483 -1.0599792 -0.030000028 0.098399768 -0.18863783 -0.20556085 0.58 0.58 0.58 0.58 0.14006233 1.258905e-10 -1.6895238e-15 -0.00090381154 -0.07 0.35034161 1.54 1.54 1.54 1.54 -1.0732603 0.95 0.95 0.95 0.95 0.94888008 0.77 0.77 0.77 0.77 1.07 1.07 1.07 -0.11944903 -0.16580508 1.71 1.71 0.34007369 1.0399945 0.88001541 0.88 -0.26 0.61 0.61 0.97 0.97 0.4518865 0.45 0.56060634 
-0.4 -0.4 -0.4 -0.4 -0.4 -0.40000027 -0.032636483 0.031470906 -0.13164552 0.5791535 0.58 0.58 0.58 0.58 0.58000014 2.3584275e-09 -1.105478e-08 -0.0048015222 -0.06999381 1.54 1.54 1.54 1.54 1.54 1.5307025 1.0768209 1.14 1.14 1.14 1.14 0.77000001 0.77 0.7700003 1.02 1.02 1.07 1.2547164 1.26 1.7099997 1.71 1.71 1.71 1.04 1.04 1.04 1.0309532 1.1165011 1.12 1.12 1.12 1.12 0.73999994 0.74 
0.25 -0.4 -0.4 -0.4 -0.4 -0.4 -0.39999998 0.19983635 0.77529211 0.78 0.78 0.78 0.78 0.78 0.78 0.95625899 0.015228507 -0.0095850167 1.5397976 1.54 1.54 1.54 1.54 1.54 1.11 1.11 1.11 1.14 1.14 1.14 1.14 1.14 1.02 1.02 1.02 1.2215547 1.26 1.26 1.26 1.71 1.71 1.71 1.04 1.04 1.04 1.04 1.12 1.12 1.12 1.12 1.12 0.74 0.74 
0.25 0.0080123853 -0.4 -0.4 -0.4 -0.4 0.69978411 0.7 0.7 0.78 0.78 0.78 0.78 0.78 0.81970926 0.96 0.96 0.96 1.5100905 1.51 1.51 1.51 1.51 1.51 1.11 1.11 1.11 1.11 1.14 1.14 1.14 1.14 1.02 1.02 1.02 1.49 1.2603045 1.26 1.26 1.709883 1.4766469 0.93233125 1.04 1.04 0.86055549 0.86 0.86 1.1203598 1.3392312 1.34 1.34 1.9098228 0.74000238 
0.25 0.23053772 -0.081190997 -0.4 -0.4 0.69935007 0.7 0.7 0.7 0.7005765 0.78 0.78 0.78 0.78000002 0.96 0.96 0.96 0.96 1.5095087 1.51 1.51 1.51 1.51 1.51 1.11 1.11 1.11 1.11 1.1101091 1.14 1.14 1.14 1.45 1.0200582 1.49 1.49 1.49 1.4902027 0.95090934 0.93 0.93 0.93 0.9 0.9 0.86 0.86 0.86 1.34 1.34 1.34 1.34 1.91 1.91 
0.23046825 0.23 0.23 0.23 0.44 0.69999329 0.7 0.7 0.7 0.7 0.78151413 0.78000026 0.78 0.96 0.96 0.96 0.96 0.96 0.94125116 1.51 1.51 1.51 1.51 1.51 1.4505472 1.659997 1.66 1.66 1.66 1.14 1.45 1.45 1.45 1.45 1.49 1.4900005 1.51 1.51 0.93724216 0.93 0.93 0.93 0.9 0.9 0.86619338 0.86 0.86 1.34 1.34 1.34 1.3461119 1.91 1.91 
0.23 0.23 0.23 0.32889213 0.44 0.44 0.7 0.7 0.7 0.7 0.8 0.8 0.8 0.96 0.96 0.96 0.96 0.95981326 -0.02 -0.02 1.5099994 1.51 1.5012355 1.15 1.1545913 1.66 1.66 1.66 1.66 1.4500214 1.45 1.45 1.45 1.45 1.5099999 1.51 1.51 1.51 1.5079463 0.93 0.93 0.93 0.9 0.9 0.9 0.86 0.86 1.34 1.34 1.34 1.91 1.91 1.91 
0.23 0.23 0.23 0.44 0.44 0.44 0.4400004 0.7 0.7 0.79989677 0.8 0.8 0.8 0.80009967 0.045352675 -0.17 -0.17 -0.17 -0.02 -0.02 -0.02 1.15 1.15 1.15 1.1500756 1.5341142 1.66 1.66 1.66 1.1945674 1.1300315 1.13 1.13 1.13 1.4098445 1.2700005 1.27 1.27 1.27 1.8098796 1.81 1.81 0.9 0.9 1.869996 1.8700001 2.09 2.09 2.08 2.08 2.08 1.91 1.9199911 
0.23000326 0.23 0.23000001 0.44 0.44 0.44 0.44000001 1.1599999 0.70183926 0.79980958 0.8 0.8 0.8 0.79809659 -0.17 -0.17 -0.17 -0.16999996 -0.02 -0.02 -0.02 1.15 1.15 1.15 1.42 1.42 1.03 1.03 1.03 1.0305455 1.13 1.13 1.13 1.13 1.1999616 1.27 1.27 1.27 1.27 1.81 1.81 1.81 1.8118878 1.87 1.87 1.87 2.09 2.09 2.08 2.08 2.08 1.92 1.92 
1.28 0.78238054 0.56 0.55996519 0.44 1.1558341 1.16 1.16 1.0361113 0.59000001 0.59 0.59 0.59 -0.07997819 -0.08 -0.16999993 -0.17 -0.16604772 -0.02 -0.02 -0.02 0.73 0.73 0.73 1.42 1.42 1.03 1.03 1.03 1.0300002 1.2499992 1.2499997 1.133016 1.1301286 1.2498638 1.25 1.25 1.25 1.25 1.81 1.81 1.81 1.866696 1.87 1.87 1.87 2.09 2.09 2.0899996 2.08 2.0799902 1.86 1.92 
0.62012534 0.61999999 0.56 0.56 0.56 1.16 1.16 1.16 0.82 0.82 0.59 0.59 0.59 -0.08 -0.08 -0.08 -0.08 -0.079993685 -0.02 -0.02 -0.019999971 0.73 0.73 0.73 1.42 1.42 1.03 1.03 1.03 1.2475195 1.25 1.25 1.25 1.25 1.25 1.25 1.25 1.25 1.25 1.4600001 1.46 1.46 1.46 1.8699986 1.69 1.69 1.69 2.02 2.02 2.02 1.86 1.86 1.86 
0.62 0.62 0.56 0.56 0.56 1.1568463 1.16 0.82 0.82 0.82 0.59002831 0.59 0.26315011 -0.079999938 -0.08 -0.08 -0.08 -0.48 -0.48 -0.48 -0.96999996 -0.96999874 0.72999172 0.73 0.72928667 -0.8 -0.8 -0.79999564 1.0297043 1.3599781 1.3599994 1.3599808 1.250188 1.2500949 1.2500735 1.2500001 1.2507708 1.48 1.48 1.46 1.46 1.46 1.46 1.69 1.69 1.69 1.69 2.02 2.02 2.02 1.86 1.86 1.86 
0.62 0.62 0.56 0.56 0.56 0.56 1.0327479 0.82 0.82 0.82 0.819652 0.19 0.19 0.19 -0.078408828 -0.08 -0.4773345 -0.48 -0.48 -0.48 -0.97 -0.97 -0.97 -0.97 -0.8 -0.8 -0.8 -0.8 -0.8 1.36 1.36 1.36 1.36 1.3600015 2.05 1.48 1.48 1.48 1.48 1.4799993 1.26 1.26 1.26 1.4161984 1.74 1.74 1.74 2.02 2.02 2.07 2.07 2.0699489 2.07 
0.62 0.62 0.58165579 0.56 0.56 0.56 0.74014196 0.81974788 0.82 0.82 0.19000009 0.19 0.19 0.19 0.19 0.1677693 -0.48 -0.48 -0.48 -0.48 -0.96999621 -0.97 -0.97 -0.97 -0.8 -0.8 -0.8 -0.8 -0.8 0.87228876 1.36 1.36 1.36 2.05 2.05 2.0495574 1.48 1.48 1.845806 2.1299999 1.26 1.26 1.26 1.4146004 1.74 1.74 1.74 1.93 2.0682556 2.07 2.07 2.07 2.07 
0.96 0.96 0.96 0.660291 0.56016327 0.74 0.74 0.74 0.74 0.64 0.64 0.19000003 0.19 0.19 0.19 0.18995758 -0.48 -0.48 -0.48 -0.48 -0.7561799 -0.97 -0.97 -0.9511573 -0.27449089 -0.8 -0.8 -0.8 0.7 0.7 0.7 0.70000277 2.05 2.05 2.05 2.05 2.13 2.13 2.13 2.13 1.52 1.52 1.52 1.8499934 1.85 1.85 1.85 1.93 1.93 2.0698294 2.07 2.0699942 2.07 
0.96 0.96 0.96 0.95998438 0.67 0.68017915 0.74 0.74 0.74 0.64 0.64 0.64 1.27 1.27 1.27 1.27 -0.47794836 -0.48 -0.48 -0.48 -0.48739084 -0.25000198 -0.25 -0.25 -0.25 -0.25000001 -0.41 -0.41 0.7 0.7 0.7 0.7 2.05 2.05 2.05 2.0500024 2.13 2.13 2.13 2.1297368 1.52 1.52 1.52 1.8499847 1.85 1.85 1.85 1.93 1.93 1.9299999 0.91 0.91 1.53 
0.96 0.96 0.96 0.67000067 0.67 0.67 0.73999997 0.74 0.74 0.64 0.64 0.64 1.27 1.27 1.27 1.2220195 0.64 0.64 0.63999711 -0.47367395 -0.25 -0.25 -0.25 -0.25 -0.25 -0.25012041 -0.41 -0.41 -0.41 0.7 0.7 0.70043769 2.08 2.08 2.08 1.91 1.91 2.07 2.07 2.07 1.63 1.5200345 1.5200017 1.75 1.75 1.7537899 1.8499999 1.93 1.93 0.91 0.91 0.91 1.53 
0.96 0.96 0.96 0.67 0.67 0.67 0.67 0.74 0.74 0.64 0.64 1.2448091 1.27 1.27 1.27 0.64 0.64 0.64 0.64 0.64 -0.25 -0.25 -0.25 -0.25 -0.25 -0.40999945 -0.41 -0.41 -0.41 1.38 1.38 1.38 2.08 2.08 2.08 1.91 1.91 2.07 2.07 1.63 1.63 1.63 1.75 1.75 1.75 1.75 1.720427 1.39 1.39 1.39 0.91000001 1.19 1.19 
0.96 0.96 0.95959616 0.67 0.67 0.67 0.67 0.87944259 0.89 0.88957078 0.64000002 1.2699966 1.27 1.27 1.2699978 0.64 0.64 0.64 0.64 0.64 0.80494531 -0.25 -0.25 -0.25 -0.24980639 -0.40993811 -0.41 -0.41 -0.41 1.38 1.38 1.38 1.3801018 2.08 1.91 1.91 1.91 1.9100062 2.06997 1.63 1.63 1.63 1.7499927 1.75 1.75 1.75 1.3899985 1.39 1.39 1.39 1.19 1.19 1.19 
0.73 0.7300004 0.67015464 0.67 0.67 0.67 0.88995319 0.89 0.89 0.89 1.23 1.23 1.23 1.23 0.64272308 0.64 0.64 0.64 0.64 0.84999987 0.85 0.85 0.68999984 0.69 0.69 0.69 0.59505585 -0.41 1.469923 1.47 1.47 1.47 1.47 1.37 1.37 1.37 1.37 1.37 1.51 1.51 1.51 1.51 1.51 1.2407688 1.24 1.24 1.24 1.39 1.39 1.39 1.1900315 1.19 1.19 
0.73 0.73 0.73560955 1.3999985 1.3999998 1.3995023 0.89 0.89 0.89 0.89 1.23 1.23 1.23 1.23 1.23 0.64 0.64 0.64 0.84999995 0.85 0.85 0.85 0.69 0.69 0.69 0.69 0.69 0.68976803 1.4699884 1.47 1.47 1.47 1.4699953 1.1092253 1.36973 1.37 1.37 1.37 1.51 1.51 1.51 1.51 1.51 1.24 1.24 1.24 1.24 1.3101429 1.39 2.101967 2.11 2.23 2.23 
0.73 0.73 1.3999151 1.4 1.4 1.4 1.2704622 0.89 0.89 0.89 1.23 1.23 1.23 1.23 1.23 0.6404527 0.64 0.84993843 0.85 0.85 0.85 0.85 0.74927304 0.69 0.69 0.69 0.69 0.69053088 1.44 1.44 1.44 1.44 1.44 0.91 0.91 0.91 0.91 0.91 0.94 0.94 0.94 0.94 0.94000001 1.241172 1.2400002 1.24 1.2400814 1.2499155 2.11 2.11 2.11 2.2299993 2.23 
0.73000105 1.2888873 1.4 1.4 1.4 1.4 1.4 0.89021715 0.89 0.89 1.23 1.23 1.23 1.23 1.0931096 1.09 1.09 0.85000618 0.85 0.85 0.85 0.85 0.84999998 0.69 0.69 0.69 0.69 0.68000071 0.68000035 0.84174647 1.44 1.44 1.44 0.91 0.91 0.91 0.91 0.90991873 0.94 0.94 0.94 0.94 0.94004061 1.72 1.72 1.72 1.72 1.7200315 2.11 2.11 2.11 2.11 2.0427982 
1.3 1.3 1.3229248 1.4 1.4 1.4 1.4 1.4 0.8902176 0.95 0.95 0.95 0.9506645 1.0900002 1.09 1.09 1.09 1.09 0.84999964 0.84692283 0.82 0.82 0.82 0.78329533 0.62276945 0.26303149 -0.040042463 0.68 0.68 0.68 0.68 0.68 0.70495131 0.78640851 0.79 0.79 0.79 0.79 1.0395623 1.469999 1.47 1.47 1.47 1.7599999 1.72 1.72 1.72 2.64 2.1100085 2.11 2.11 2.04 2.04 
1.3 1.3 1.33 1.33 1.33 1.3999767 1.4 1.4 0.95 0.95 0.95 0.95 0.95 1.09 1.09 1.09 1.09 1.09 0.82 0.82 0.82 0.82 0.82 -0.14999995 -0.15 -0.15 -0.15 0.68 0.68 0.68 0.68 0.68 0.47 0.47 0.79 0.79 0.79 1.329908 1.33 1.47 1.47 1.47 1.47 1.76 1.76 1.76 2.64 2.64 2.64 2.56 2.56 2.04 2.04 
1.3 1.3 1.33 1.33 1.33 1.33 1.3299975 0.88 0.94993409 0.95 0.95 0.95 0.95 1.0882536 1.09 1.09 1.09 1.09 0.82000001 0.82 0.82 0.82 0.82 -0.15 -0.15 -0.15 -0.15 -0.14999665 0.68 0.68 0.68 0.47001101 0.47 0.47 0.47 0.79 1.33 1.33 1.33 1.3336837 1.5121504 1.52 1.52 1.76 1.76 1.76 2.64 2.64 2.64 2.56 2.56 2.56 2.0218857 
1.11 1.1100015 1.33 1.33 1.33 1.33 0.88 0.88 0.88 0.95 0.95 0.95 0.95 0.95004352 1.09 1.09 1.09 1.09 0.8200046 0.82 0.82 0.81999999 0.020874979 -0.15 -0.15 -0.15 -0.15 -0.16999998 -0.17 -0.16999999 0.67086937 0.47 0.47 0.47 0.47000013 0.61 1.33 1.33 1.33 1.33 1.52 1.52 1.52 1.96 1.96 1.96 2.2100419 2.64 2.64 2.56 2.56 2.56 2.0200001 
1.11 1.11 1.33 1.33 1.33 0.88 0.88 0.88 0.88 0.94232054 0.95 0.95 0.95 0.94999739 0.12011163 0.12 0.12 0.12 0.3039613 0.42 0.42 0.42 0.42 -0.15 -0.15 -0.15 -0.15000132 -0.17 -0.17 -0.17 -0.17 0.46994334 0.54874595 0.61 0.61 0.61 1.3305202 1.4699971 1.47 1.47 1.5199687 1.48 1.48 1.96 1.96 1.9600011 2.21 2.21 2.04 2.04 2.04 2.25 2.06 
1.11 1.11 0.84 0.84 0.84 0.88 0.88 0.88 0.88 0.74 0.74 0.74 0.74 0.69630715 0.12 0.12 0.12 0.12 0.3 0.42 0.42 0.42 0.42 -0.22 -0.21999997 -0.1500001 -0.17 -0.17 -0.17 -0.17 -0.094058714 -0.02 0.53503864 0.61 0.61 0.61 1.47 1.47 1.47 1.47 1.48 1.48 1.48 1.9898392 1.99 2.2090111 2.21 2.21 2.0400001 2.04 2.25 2.25 2.06 
1.11 0.84 0.84 0.84 0.84 0.84 0.87906845 0.76 0.76 0.74 0.74 0.74 0.74 0.73985317 0.12 0.12 0.12 0.12813297 0.3 0.3 0.42 0.42 -0.22 -0.22 -0.22 -0.22 -0.17 -0.17 -0.17 -0.17 -0.02 -0.02 -0.02 0.60936249 0.61 0.61 1.47 1.47 1.47 1.47 1.48 1.48 1.48 1.99 1.99 1.9900034 2.05 2.05 2.04 2.04 2.25 2.25 2.06 
0.84253564 0.84 0.84 0.84 0.84 0.84 0.76 0.76 0.76 0.74929516 0.74 0.74 0.74 0.73999728 0.12 0.12 0.12 0.3 0.3 0.3 0.419994 0.41999609 -0.22 -0.22 -0.22 -0.22 -0.17000355 -0.17 -0.17 -0.020034496 -0.02 -0.02 -0.02 -0.02 0.60857008 0.67 0.67 0.68384539 1.47 1.47 1.48 1.48 1.9751716 1.99 1.99 2.05 2.05 2.05 2.04 2.04 1.34 1.34 1.07 
0.84 0.84 0.84 0.84 0.84 0.84 0.76 0.76 0.76 0.76 0.74999971 0.75 0.75 0.75 0.12000031 0.043078812 6.5755047e-18 1.6550114e-21 0.29944695 0.3 0.30000002 -0.21999907 -0.22 -0.22 -0.22 -0.22 -0.21996365 -0.17 -0.16999487 -0.02 -0.02 -0.02 -0.02 -0.02 0.67 0.67 0.67 0.67 0.67 0.67000513 1.64 1.64 1.64 1.63 1.63 1.63 1.75 1.75 1.38 1.38 1.34 1.3399994 1.07 
0.84 0.84 0.84 0.84 0.84 0.84 0.76 0.76 0.76 0.75 0.75 0.75 0.75 0.75 0.5523018 6.2137731e-22 1.415866e-48 2.0683796e-157 3.7740925e-39 4.051154e-12 0.014324013 -0.22 -0.22 -0.22 -0.22 -0.21780193 -0.15010969 -0.1672765 -0.020739722 -0.02 -0.02 -0.02 -0.02 -0.019998489 0.67 0.67 0.67 0.67 0.67 1.1212417 1.64 1.64 1.64 1.63 1.63 1.63 1.75 1.75 1.38 1.38 0.52000002 1.0396598 1.07 
0.84 0.84 0.84 0.84 0.84 0.83999998 0.76000002 0.76 0.75958494 0.75 0.75 0.75 0.75 0.75 0.71402538 1.9128414e-26 1.1397677e-45 7.3950508e-58 2.7424084e-40 2.3919995e-21 1.0533542e-10 -0.16023055 -0.1500001 -0.15 -0.15 -0.15 -0.15 -0.15 0.32306724 0.32999586 0.32999999 0.33 0.33 0.33000024 0.67 0.67 0.67 0.67 0.67 1.6399999 1.64 1.64 1.64 1.64 1.6291663 1.11 1.7499999 0.65920289 1.3793516 0.52 0.52 0.52789892 0.9 
0.84 0.84 0.84 0.84 0.84 0.83999489 0.76000431 0.75999939 0.75000001 0.75 0.75 0.75 0.75 0.75 0.73572909 1.0610347e-19 6.9720408e-35 3.7030499e-37 3.5996795e-31 9.4781391e-22 -1.1035951e-10 -0.15 -0.15 -0.15 -0.15 -0.15 -0.15 -0.15 0.3298675 0.33 0.33 0.33 0.33 0.33 0.42315997 0.67 0.67 0.67 0.67 1.64 1.64 1.64 1.64 1.6398642 1.11 1.11 1.1070543 0.64 0.64 0.52 0.52 0.9 0.9 
0.84 0.84 0.84 0.84 0.84 0.83989331 0.76009468 0.75112843 0.75 0.75 0.75 0.75 0.75 0.75 0.73686996 6.5570554e-14 1.0518463e-26 8.7531614e-28 9.0336322e-25 -1.3242553e-18 -0.021357274 -0.15 -0.15 -0.15 -0.15 -0.15 -0.15 -0.15 0.32999807 0.33 0.33 0.33 0.33 0.33 0.33 0.64777993 0.61326196 0.59438306 0.59152433 1.6046467 1.64 1.64 1.64 1.1100423 1.11 1.1062394 0.48000076 0.64 0.64 0.42993676 0.43 0.43 0.89999979 
0.84 0.84 0.84 0.84 0.83999992 0.83933283 0.75969591 0.75000275 0.75 0.75 0.75 0.75 0.75 0.75 0.73248634 6.8477474e-10 3.4154345e-19 2.4541441e-22 4.9285673e-21 -8.1338941e-10 -0.14999935 -0.15 -0.15 -0.15 -0.15 -0.15 -0.15 -0.15 0.32999987 0.33 0.33 0.33 0.33 0.33 0.33000005 0.59 0.59 0.59 0.59 1.09 1.09 1.09 1.09 0.48000182 0.48 0.48 0.48 0.47999634 0.14 0.14 0.43 0.43 0.23127375 
0.84 0.84 0.84 0.83999999 0.83999777 0.83782358 0.75082379 0.75000013 0.75 0.75 0.75 0.75 0.75 0.75 0.72454037 3.0778643e-07 3.2804474e-14 9.1950616e-19 -7.2534966e-13 -0.00090278431 -0.15 -0.15 -0.15 -0.15 -0.15 -0.15 -0.15 -0.15 0.32999989 0.33 0.33 0.33 0.33 0.33 0.58999976 0.59 0.59 0.59 0.59 1.09 1.09 1.09 1.09 0.92536362 0.48 0.48 0.48 0.1400038 0.14 0.14 0.14 0.14 0.14 
0.84 0.84 0.84 0.83999982 0.83997808 0.83139426 0.75005354 0.75000003 0.75 0.75 0.75 0.75 0.75 0.74999995 0.71377664 1.7637298e-05 7.4287312e-11 -1.9724236e-13 -1.7192083e-07 -0.14696076 -0.15 -0.15 -0.15 -0.15 -0.15 -0.15 -0.15 -0.15 0.32999955 0.33 0.33 0.33 0.33 -0.036020566 0.58999977 0.59 0.59 0.59 0.59 1.09 1.09 1.09 1.09 1.09 0.48 0.48 0.48 0.14 0.14 0.14 0.14 0.14 0.14 
0.84 0.83999999 0.83999992 0.83999785 0.839866 0.78808019 0.75001136 0.75000002 0.75 0.75 0.75 0.75 0.75 0.74999859 0.70097943 0.00027390773 1.5685422e-08 -5.1741359e-09 -0.00077662275 -0.14998725 -0.15 -0.15 -0.15 -0.15 -0.15 -0.15 -0.15 -0.14999972 0.32999699 0.33 0.32999965 -0.12604391 -0.17 -0.17 -0.17 0.59 0.59 0.59 0.59 1.09 1.09 1.09 1.09 1.09 0.48001081 0.48 0.47999983 0.14000002 0.14 0.14 0.14 0.14 0.14 
