interpolatedSpi/03-09|20_2.tif
NCOLS 53
NROWS 52
XLLCORNER -116.03883
YLLCORNER 28.596182
DX 0.49850594
DY 0.49788537
NODATA_VALUE -9999
[rows 0 to 25 of 52, columns 0 to 52 of 53]
0.19142857 0.19142857 -0.062650788 -0.36571429 0.12285714 0.24714286 0.52857143 0.60571429 0.14603156 -0.12857143 -0.038571429 0.41142857 0.2414581 0.6 0.10714286 0.10714286 0.10714286 0.22428571 0.30857143 0.30857143 0.30857143 0.30857111 0.27571428 0.14285714 0.14285714 0.14285714 0.60714464 0.60714286 0.60714286 0.30142857 0.30142857 0.30142857 0.30142857 0.74714277 0.74714286 0.74714286 0.74714286 0.74714286 0.74714286 0.74714287 1.1400529 1.1441212 0.49857143 0.49857143 0.49857143 0.49857143 0.4994091 1.0114286 1.0114286 1.0114286 1.2928566 1.2928571 1.2928571
0.19141442 -0.12714286 0.12142909 0.22178262 0.52122391 0.61857143 0.50285714 0.46308407 0.15428571 0.41857143 0.30571429 0.24142857 0.24142857 0.70393798 0.59999691 0.10714286 0.22428571 0.22428571 0.30846153 0.30857143 0.30857143 0.30857143 0.1129292 0.14285714 0.14285714 0.14285714 0.21571428 0.21571429 0.30142857 0.30142857 0.30142857 0.30142857 0.30142857 0.74714279 0.74714286 0.74714286 0.74714286 0.74714286 0.74714282 0.64686928 0.14288901 0.45540842 0.49857143 0.49857143 0.49857143 0.49857143 0.49857143 1.0114286 1.0114286 1.0114286 1.0347649 1.2928571 1.2928571
0.86425342 0.86428571 0.57285714 1.0914286 0.64857143 0.43285714 0.66285714 0.22428571 0.48285714 0.38285714 0.71142857 -0.041428571 -0.43 0.12428571 0.70428571 0.63 0.22428571 0.22428571 0.22428571 0.14433347 0.14428571 0.14428571 -0.42571429 0.14285714 0.14285714 0.14285714 0.21571429 0.21571429 0.21571429 0.30142857 0.30142857 0.30142853 -0.09744577 0.74504794 0.74244903 0.24747815 0.24285714 0.24285714 0.23027978 0.14285714 0.14285714 0.14331201 0.49857143 0.49857143 0.49857143 0.49857143 0.49857143 1.0114286 1.0114286 1.0114286 1.0114286 1.2928571 1.2928571
0.35571429 0.86428559 0.24998293 0.56428571 0.10428571 0.53714286 1.01 -0.047142857 0.47571429 0.44407797 0.59 0.48428571 0.30285714 0.12428571 0.38428571 0.63 -0.29146697 -0.29820508 -0.21285714 0.14428571 0.14428571 -0.79428571 -0.42571429 -0.42571429 0.14285714 0.14285751 0.21571429 0.21571429 0.21571429 -0.57 -0.54648524 -0.52714286 -0.52714286 -0.52714225 0.24285714 0.24285714 0.24285714 0.24285714 0.14285714 0.14285714 0.14285714 0.14285716 0.49857143 0.49857143 0.49857143 0.49857143 0.49857143 1.0114221 1.0114286 1.0114286 1.0114286 1.2927792 1.2928571
0.35571429 0.041428954 0.25 0.35404451 0.10428571 0.46285714 0.47571827 0.085714286 0.12714286 0.24000002 0.35277576 0.40574559 0.62428571 0.38428571 0.38428571 0.53410361 -0.29857143 -0.29857143 -0.21285714 -0.21285714 0.14428381 -0.79428571 -0.82714286 -0.34142857 -0.34857143 -0.34863209 0.21571429 0.21571429 -0.57 -0.57 -0.52714286 -0.52714286 -0.52714286 -0.44012978 0.24285714 0.24285714 0.24285714 0.14285714 0.14285714 0.14285714 0.14285714 0.1428759 0.49857143 0.49857143 0.49857143 0.49857143 0.49857143 0.50313649 1.0114286 1.0113342 -1.0942857 -1.0942857 -1.0942857
-0.86571429 0.085714286 0.46285714 0.19285714 0.50142857 0.58714286 0.25571429 0.23394942 0.44285714 0.06 0.43285714 -0.24428571 -0.24428514 -0.032857143 -0.032857143 -0.3185635 -0.31857143 -0.49285714 -0.49285714 -0.21285757 -1.1042857 -1.1042857 -0.34142857 -0.34857143 -0.34857143 -0.60857143 -0.90571429 -0.90571429 -0.11575569 -0.57 -0.52714286 -0.52714286 -0.065714286 -0.065713838 -0.061429017 -0.49142857 -0.49142857 -0.053373622 0.14285714 0.14285714 0.33690054 0.33714286 0.33714369 -0.71673247 -0.7384347 -0.7385711 -0.73857139 -0.73857097 -1.3189292 -1.0942857 -1.0942857 -1.0942857 -1.0942857
-0.64857356 -0.19571429 -0.62569893 0.15428571 0.64714286 0.042857143 0.16571429 0.30428571 -0.087142857 -0.087142857 0.43285714 -0.075714286 -0.4128572 -0.032857143 -0.28571353 -0.28571429 -0.31857143 -0.58 -0.69428571 -0.69428571 -1.0914942 -1.0771429 -1.0771429 -0.93428571 -0.60857143 -0.60857143 -0.90571429 -0.90571429 -0.11572086 -0.11583537 0.4123017 -0.065714286 -0.065714286 -0.061428571 -0.061428572 -0.75752413 -0.49142857 -0.49142857 -1.3142572 0.33714056 0.33714286 0.33714286 0.33714611 -0.73856879 -0.73857143 -0.73857143 -0.73857143 -0.73857185 -1.4385714 -1.0943539 -1.0942857 -1.0942857 -1.0942857
-0.64857143 -1.0257143 -0.42857143 -0.85 -1.0799868 -0.39285714 -0.14142857 -0.41999999 -0.38 -0.36142857 -0.36142857 -0.67428571 -0.41285714 -0.41285714 -0.2865866 -0.3754889 -0.38428571 -0.35571429 -0.62285722 -0.69428571 -1.0084066 -0.96571429 -1.2285714 -0.83285714 -0.83285878 -0.96 -1.05 -1.0499999 -0.22817596 -0.22857142 0.41428571 0.059474788 -0.06 -0.061428571 -0.076707787 -0.98 -0.98 -1.3142857 -1.3142857 0.33714286 0.33714286 0.33714286 -0.26464948 -0.26571431 -0.73857143 -0.73857143 -0.73857143 -1.4385448 -1.4385714 -1.4385714 -1.0942857 -1.0942857 -1.0942857
-1.0187787 -1.0257143 -0.77 -0.60571429 -0.23714286 -0.56142857 -0.25 0.28 0.12428571 0.10719777 -0.23142857 -0.50428571 -0.50428571 -0.74 -0.73999676 -0.76322662 -0.76428571 -0.76428571 -0.39649406 -1.5057143 -1.4685714 -1.4685714 -0.98571429 -1.1328654 -0.94718736 -0.96 -0.88714286 -1.05 -0.69209196 -0.69 0.092857143 0.58428571 0.27777493 -0.57285714 -0.59714286 -0.71428571 -0.73285714 -0.56857143 -0.73278128 0.3387817 0.70428571 -0.17857143 -0.26570917 -0.26571429 -0.26837578 -0.73857143 -0.9942857 -1.4385714 -1.4385714 -1.4385714 -1.4385714 -1.1170528 -0.85571429
-0.98 -0.98 -0.64571429 -0.60142857 -0.17857143 -0.13857143 -0.17 -0.15571429 0.23 0.10283844 -0.27714286 -0.23428571 -0.74 -0.74 -0.39571429 -0.40076941 -0.76428571 -0.76430211 -0.85571429 -1.5057143 -1.5057143 -1.500929 -0.98571429 -1.1885676 -1.1885714 -1.1885714 -0.88714286 -0.52714286 -0.52714286 -0.69 -0.69 0.58313149 -0.024285714 -0.57285714 -0.44857143 -0.71428571 -0.73285714 -1.1614286 -0.73285714 0.42099152 -0.17857139 -0.19903748 -0.23428571 -0.26571429 -0.26571429 -0.99428571 -0.99428571 -0.99428571 -1.4385714 -1.4385714 -1.2771429 -1.2771429 -1.2771427
-0.98 -0.98 -1.1371429 -0.98 -0.86285714 -0.38142857 -0.61285714 -0.034426673 -0.25285714 -0.21857143 -0.12571429 -0.20857143 -0.23425223 -0.39571429 -0.39571429 -0.39574494 -0.66142857 -0.6716256 -0.85571429 -0.63 -0.63 -0.88285714 -0.88285714 -1.1885714 -1.1885714 -1.1885714 -0.52714286 -0.52714286 -0.52714286 -0.73285714 -0.73285714 -0.73285597 -0.54285714 -0.54285714 -0.56571429 -1.0214286 -0.70857143 -0.54999921 -0.97142857 0.44 0.44 -0.13857174 -0.23428571 -0.26571429 -0.67571432 -0.82571429 -0.73540547 -0.73428571 -1.0128571 -1.0128571 -1.2771429 -1.2771429 -1.2771429
-0.98 -1.0478135 -1.0700844 -1.1657053 -0.90714286 -1.0257143 -0.61285714 -0.034285714 -0.25285532 -0.21895127 -0.20857144 -0.20857143 -0.33285714 -0.39571429 -0.39571429 -0.66142856 -0.66142857 -0.66143963 -0.85571429 -0.63 -0.679656 -0.88285714 -0.88285714 -1.1885587 -1.1885714 -1.1232971 -0.99 -0.99 -0.98999994 -0.73285714 -0.73285714 -0.80285714 -0.80285714 -0.54285721 -0.56571429 -0.30285747 -0.66825358 -0.55 -0.55 0.43999998 -0.13857143 -0.13857143 -0.13857533 -0.67571429 -0.67571429 -0.82571429 -0.73428571 -0.73428571 -1.0128571 -1.0128571 -1.2771429 -1.2771429 -1.2771429
-0.43571429 -0.2534861 -0.18003005 -0.18713943 -0.90714342 -1.0257115 -0.61285715 -0.041407599 -0.23779534 -0.25196185 -0.33285714 -0.33285714 -0.33285714 -0.33285714 -0.39570538 -0.66142857 -0.66142857 -0.66393711 -0.85571429 -0.62996135 -0.49142857 -0.49142857 -0.49142857 -0.49142857 -1.1766127 -0.99 -0.99 -0.99 -0.99 -0.98980298 -0.80285714 -0.80285714 -0.80285714 -0.80285714 -0.30285714 -0.30285714 -0.30285714 -0.53797524 -0.54657734 -0.094285714 -0.094285714 -0.13856905 -0.4357225 -0.67569117 -0.67571429 -0.82571429 -0.73428571 -0.73428571 -1.0128571 -1.0128571 -1.2761841 -1.2771429 -0.87467353
-0.43571429 -0.18 -0.18 -0.18 -0.18 -0.18000036 -0.61391393 -0.33912704 -0.19761184 -0.33277012 -0.33285714 -0.33285714 -0.33285714 -0.33285714 -0.33285716 -0.66142857 -0.6614286 -0.67475525 -0.8557104 -0.49142857 -0.49142857 -0.49142857 -0.49142857 -0.49142857 -0.49686559 -0.86660241 -0.82000004 -0.82 -0.82 -0.82 -0.80285715 -0.80285714 -0.80285724 -0.88142857 -0.88142857 -0.30285714 -0.16536146 -0.16142857 -0.094285753 -0.094285714 -0.094285714 -0.094285714 -0.43571429 -0.43571429 -0.43571429 -0.43842833 -0.75417458 -0.75428571 -0.75428571 -0.75428571 -0.75428572 0.27857111 0.27857143
-0.18857143 -0.18 -0.18 -0.18 -0.18 -0.18 -0.18000003 -0.48655752 -0.36049741 -0.36142857 -0.36142857 -0.36142857 -0.36142857 -0.36142857 -0.36142857 -0.43144607 -0.65781853 -0.68803271 -0.49147431 -0.49142857 -0.49142857 -0.49142857 -0.49142857 -0.49142868 -0.74285714 -0.74285714 -0.74285725 -0.82 -0.82 -0.82030323 -0.97142857 -0.97142857 -0.88142857 -0.88142857 -0.88142857 -0.27676474 -0.16142857 -0.16142857 -0.16142857 -0.094285714 -0.094285714 -0.094285714 -0.43571429 -0.43571429 -0.43571429 -0.43571429 -0.75428571 -0.75428571 -0.75428571 -0.75428571 -0.75428571 0.27857143 0.27857143
-0.18857143 -0.18538038 -0.18 -0.18 -0.18 -0.18 -0.50993523 -0.51 -0.51 -0.36142857 -0.36142857 -0.36142857 -0.36142857 -0.36142857 -0.37718621 -0.43285714 -0.43285714 -0.43285714 -0.58257852 -0.58285705 -0.58285714 -0.58285714 -0.58285714 -0.58285714 -0.74285714 -0.74285714 -0.74285714 -0.74285714 -0.82 -0.97142857 -0.97142857 -0.97142857 -0.88142858 -0.88142857 -0.88142857 -0.17 -0.16143992 -0.16142857 -0.16142857 -0.094341159 -0.20497888 -0.46317987 -0.43571429 -0.43571429 -0.42432098 -0.42428571 -0.42428571 -0.75305062 -0.0054830455 -0.0028572083 -0.0028572853 0.23572071 0.27857134
-0.18857143 -0.18857127 -0.18433754 -0.18 -0.18 -0.50980502 -0.51 -0.51 -0.51 -0.50892935 -0.36142857 -0.36142857 -0.36142857 -0.36142858 -0.43285714 -0.43285714 -0.43285714 -0.43285714 -0.58272315 -0.58285714 -0.58285714 -0.58285714 -0.58285714 -0.58285714 -0.74285714 -0.74285714 -0.74285714 -0.74285714 -0.74368853 -0.97142857 -0.97142857 -0.97142857 -0.49857144 -0.88134696 -0.17 -0.17 -0.17 -0.17599817 -0.44512112 -0.46428571 -0.46428571 -0.46428571 -0.35 -0.35 -0.42428571 -0.42428571 -0.42428571 -0.002857148 -0.0028571429 -0.0028571429 -0.0028571429 0.23571429 0.23571429
-0.1884417 -0.18857143 -0.18857143 -0.18857143 -0.28428571 -0.50999418 -0.51 -0.51 -0.51 -0.51 -0.34758485 -0.36142619 -0.36142857 -0.43285714 -0.43285714 -0.43285714 -0.43285714 -0.43285714 -0.48763387 -0.58285714 -0.58285714 -0.58285714 -0.58285714 -0.58285714 -0.55580191 -0.39000191 -0.39 -0.39 -0.39 -0.97142855 -0.49857144 -0.49857143 -0.49857143 -0.49857143 -0.17 -0.17001437 -0.71571429 -0.71571429 -0.46742517 -0.46428571 -0.46428571 -0.46428571 -0.35 -0.35 -0.41278373 -0.42428571 -0.42428571 -0.0028571429 -0.0028571429 -0.0028571429 -0.00029903681 0.23571429 0.23571429
-0.18857143 -0.18857143 -0.18857143 -0.23364471 -0.28428571 -0.28428571 -0.51 -0.51 -0.51 -0.51 -0.17857143 -0.17857143 -0.17857143 -0.43285714 -0.43285714 -0.43285714 -0.43285714 -0.43290554 -1.1142857 -1.1142857 -0.58285736 -0.58285714 -0.58734372 -0.76714286 -0.7637476 -0.39 -0.39 -0.39 -0.39 -0.49856037 -0.49857143 -0.49857143 -0.49857143 -0.49857143 -0.71571237 -0.71571429 -0.71571429 -0.71571429 -0.71480428 -0.46428571 -0.46428571 -0.46428571 -0.35 -0.35 -0.35 -0.42428571 -0.42428571 -0.0028571476 -0.0028571429 -0.0028571426 0.23571429 0.23571429 0.23571429
-0.18857143 -0.18857143 -0.18857143 -0.28428571 -0.28428571 -0.28428571 -0.28428606 -0.51 -0.51 -0.17891356 -0.17857143 -0.17857143 -0.17857143 -0.17872986 -0.66990228 -0.72571429 -0.72571429 -0.72571429 -1.1142857 -1.1142857 -1.1142857 -0.76714286 -0.76714286 -0.76714286 -0.76705962 -0.43196194 -0.39 -0.39 -0.39 -0.1626713 -0.088611754 -0.088571429 -0.088571429 -0.088571429 -0.52922148 -0.26857244 -0.26857143 -0.26857143 -0.26857143 -0.2871671 -0.28714286 -0.28714286 -0.35 -0.35 0.2085691 0.20857137 0.051428571 0.051428571 0.11428571 0.11428571 0.11428571 0.23571429 0.43839005
-0.18857074 -0.18857143 -0.18857143 -0.28428571 -0.28428571 -0.28428571 -0.28428571 -0.34571433 -0.50934312 -0.17856107 -0.17857143 -0.17857143 -0.17857143 -0.17964507 -0.72571429 -0.72571429 -0.72571429 -0.7257144 -1.1142857 -1.1142857 -1.1142857 -0.76714286 -0.76714286 -0.76714286 -0.47 -0.47 -0.46571429 -0.46571429 -0.46571429 -0.46365685 -0.088571429 -0.088571429 -0.088571429 -0.088571429 -0.17852205 -0.26857143 -0.26857143 -0.26857143 -0.26857143 -0.28714286 -0.28714286 -0.28714286 -0.27154579 0.20857143 0.20857143 0.20857143 0.051428571 0.051428571 0.11428571 0.11428571 0.11428571 0.43857142 0.43857143
0.032857143 -0.080928105 -0.38571429 -0.38568486 -0.28428571 -0.34535886 -0.34571429 -0.34571429 -0.31864616 -0.16714286 -0.16714286 -0.16714286 -0.16714286 -0.79855087 -0.79857143 -0.72571434 -0.72571429 -0.73595257 -1.1142857 -1.1142857 -1.1142857 -1.0228571 -1.0228571 -1.0228571 -0.47 -0.47 -0.46571429 -0.46571429 -0.46571429 -0.46571404 -0.12142836 -0.12142848 -0.089397244 -0.088606654 -0.51807931 -0.51857143 -0.51857143 -0.51857143 -0.51857143 -0.28714286 -0.28714286 -0.28714286 0.18127556 0.20857143 0.20857143 0.20857134 0.051428571 0.051428571 0.051430834 0.11428571 0.11429197 0.25428571 0.43857143
-0.33707259 -0.33714287 -0.38571429 -0.38571429 -0.38571429 -0.34571429 -0.34571429 -0.34571429 -0.27142857 -0.27142857 -0.16714286 -0.16714286 -0.16714286 -0.79857143 -0.79857143 -0.79857143 -0.79857143 -0.79860619 -1.1142857 -1.1142857 -1.1142857 -1.0228571 -1.0228571 -1.0228571 -0.47 -0.47 -0.46571429 -0.46571429 -0.46571429 -0.12531042 -0.12142857 -0.12142857 -0.12142857 -0.12142857 -0.51837546 -0.51857143 -0.51857143 -0.51857143 -0.51857143 -0.72714274 -0.72714286 -0.72714286 -0.72714286 0.20856763 -0.28714286 -0.28714286 -0.28714286 0.092857143 0.092857143 0.092857143 0.25428571 0.25428571 0.25428571
-0.33714286 -0.33714286 -0.38571429 -0.38571429 -0.38571429 -0.34592453 -0.34571429 -0.27142857 -0.27142857 -0.27142857 -0.16715569 -0.16714286 -0.7356282 -0.79857144 -0.79857143 -0.79857143 -0.79857143 -1.0685714 -1.0685714 -1.0685714 -1.0914286 -1.0914285 -1.0228575 -1.0228571 -1.0226418 -0.92142857 -0.92142857 -0.92142749 -0.46578793 -0.067153676 -0.067143146 -0.067152335 -0.12133579 -0.12138172 -0.44780393 -0.51857148 -0.51903581 -0.65714286 -0.65714286 -0.72714286 -0.72714286 -0.72714286 -0.72714286 -0.28714286 -0.28714286 -0.28714286 -0.28714286 0.092857143 0.092857143 0.092857143 0.25428571 0.25428571 0.25428571
-0.33714286 -0.33714286 -0.38571429 -0.38571429 -0.38571429 -0.38571429 -0.31791131 -0.27142857 -0.27142857 -0.27142857 -0.27175527 -0.86285714 -0.86285714 -0.86285714 -0.79895028 -0.79857143 -1.0667722 -1.0685714 -1.0685714 -1.0685714 -1.0914286 -1.0914286 -1.0914286 -1.0914286 -0.92142857 -0.92142857 -0.92142857 -0.92142857 -0.92142857 -0.067142857 -0.067142857 -0.067142857 -0.067142857 -0.06714329 -0.27285714 -0.65714286 -0.65714286 -0.65714286 -0.65714286 -0.65714377 -0.93428571 -0.93428571 -0.93428571 -0.788313 -0.48571429 -0.48571429 -0.48571429 0.092857126 0.092856996 -0.058571429 -0.058571429 0.12146089 0.12142857
-0.33714286 -0.33714286 -0.36818341 -0.38571429 -0.38571429 -0.38571431 -1.3110091 -0.27471058 -0.27142857 -0.27142857 -0.8628572 -0.86285714 -0.86285714 -0.86285714 -0.86285714 -0.85761845 -1.0685714 -1.0685714 -1.0685714 -1.0685714 -1.0914284 -1.0914286 -1.0914286 -1.0914286 -0.92142857 -0.92142857 -0.92142857 -0.92142857 -0.92142857 -0.46934628 -0.067142857 -0.067142857 -0.067142857 -0.27285714 -0.27285714 -0.27315555 -0.65714286 -0.65714286 -0.61372851 -0.58000001 -0.93428571 -0.93428571 -0.93428571 -0.78968191 -0.48571429 -0.48571429 -0.48571429 -0.23285714 -0.060743012 -0.058571429 -0.058571429 0.12142857 0.12142857
