interpolatedSpi/03-08|19_2.tif
NCOLS 53
NROWS 52
XLLCORNER -116.03883
YLLCORNER 28.596182
DX 0.49850594
DY 0.49788537
NODATA_VALUE -9999
[rows 0 to 31 of 52, columns 0 to 52 of 53]
0.11333333 0.11333333 0.0071253558 -0.305 -0.016666667 0.023333333 -0.081666667 -0.17166667 -0.66217197 -0.80666667 -0.59 -0.10333333 -0.51832482 -0.415 -0.29666667 -0.29666667 -0.29666667 -0.075 -0.19333333 -0.19333333 -0.19333333 -0.19333876 -0.75666666 -0.15833333 -0.15833333 -0.15833333 -0.58499417 -0.585 -0.585 -0.89333333 -0.89333333 -0.89333333 -0.89333333 -1.2849999 -1.285 -1.285 -1.285 -1.285 -1.285 -1.285 -0.016990812 -0.0035528192 -0.865 -0.865 -0.865 -0.865 -0.86561523 -1.2416667 -1.2416667 -1.2416667 -0.081669076 -0.081666667 -0.081666667
0.11333082 0.056666667 0.24666715 0.21565925 -0.10001561 0.2 0.62166667 -0.23333174 -0.825 -0.49833333 -0.16 -0.51833333 -0.51833333 -0.082778156 -0.41499493 -0.29666667 -0.075 -0.075 -0.19317904 -0.19333333 -0.19333333 -0.19333333 -0.18614326 -0.15833333 -0.15833333 -0.15833333 -0.47333331 -0.47333333 -0.89333333 -0.89333333 -0.89333333 -0.89333333 -0.89333333 -1.2849999 -1.285 -1.285 -1.285 -1.285 -1.2849999 -1.0679041 0.014936741 -0.75821913 -0.865 -0.865 -0.865 -0.865 -0.865 -1.2416667 -1.2416667 -1.2416667 -1.1454784 -0.081666667 -0.081666667
0.13166395 0.13166667 0.665 0.64833333 -0.016666667 -0.25166667 0.01 0.325 -0.55333333 -0.49166667 -0.3 -0.475 -0.041666667 -0.29333333 -0.081666667 -0.70666667 -0.075 -0.075 -0.075 -0.46658721 -0.46666667 -0.46666667 -0.68666667 -0.15833333 -0.15833333 -0.15833333 -0.47333333 -0.47333333 -0.47333333 -0.89333333 -0.89333333 -0.89333334 -1.0000437 -1.2825125 -1.2741098 -0.12572126 -0.115 -0.115 -0.098649426 0.014999999 0.015 0.013874702 -0.865 -0.865 -0.865 -0.865 -0.865 -1.2416667 -1.2416667 -1.2416667 -1.2416667 -0.081666667 -0.081666667
0.21166667 0.13166653 -0.54672003 0.28333333 -0.29 0.026666667 0.056666667 -0.41666667 -0.34333333 0.0094775638 -0.51333333 -0.71833333 -0.35 -0.29333333 -0.295 -0.70666667 -0.56939171 -0.56798768 -0.82333333 -0.46666667 -0.46666667 -0.23666667 -0.68666667 -0.68666667 -0.15833333 -0.15833491 -0.47333333 -0.47333333 -0.47333333 -1.195 -1.1511058 -1.115 -1.115 -1.1149992 -0.115 -0.115 -0.115 -0.115 0.015 0.015 0.015 0.014999967 -0.865 -0.865 -0.865 -0.865 -0.865 -1.2416619 -1.2416667 -1.2416667 -1.2416667 -0.081686319 -0.081666667
0.21166667 -0.041667593 -0.54666667 -0.68079431 -0.29 -0.20666667 -0.31331842 -0.44 -0.44666667 -0.71166683 -0.73089879 -0.73835172 -0.86666667 -0.295 -0.295 -0.56827203 -0.56833333 -0.56833333 -0.82333333 -0.82333333 -0.46666626 -0.23666667 -0.49833333 -0.575 -0.26166667 -0.2616636 -0.47333333 -0.47333333 -1.195 -1.195 -1.115 -1.115 -1.115 -1.1049429 -0.115 -0.115 -0.115 0.015 0.015 0.015 0.015 0.014942887 -0.865 -0.865 -0.865 -0.865 -0.865 -0.8683528 -1.2416667 -1.2416416 -0.68333333 -0.68333333 -0.68333333
-1.44 -0.048333333 0.20666669 -0.41833333 0.155 0.11166667 -0.605 -0.58387527 -0.93833333 -0.9 -1.04 -1.0116667 -1.0116666 -1.5166667 -1.5166667 -0.59828585 -0.59833333 -0.575 -0.575 -0.82333303 -0.78666667 -0.78666667 -0.575 -0.26166667 -0.26166667 -0.24833333 -1.01 -1.01 -0.81503447 -1.195 -1.115 -1.115 -1.0616667 -1.0617128 -1.5033016 -1.2516667 -1.2516667 -0.37687225 0.015 0.015 -0.57592873 -0.57666667 -0.57666599 -0.18063141 -0.16841033 -0.16833352 -0.16833336 -0.16833359 -0.086922158 -0.68333333 -0.68333333 -0.68333333 -0.68333333
-0.26500757 0.18 0.10594293 -0.081666666 0.275 -0.62166667 -0.65333333 -0.83833333 -1.0166667 -1.0166667 -1.04 -0.81166667 -0.7916666 -1.5166667 -0.40167001 -0.40166667 -0.59833333 -0.45 -0.47833333 -0.47833333 -0.7513218 -0.71166667 -0.71166667 -0.275 -0.24833333 -0.24833333 -1.01 -1.01 -0.81499835 -0.8149696 -0.74845181 -1.0616667 -1.0616667 -1.5033333 -1.5033333 -1.0555963 -1.2516667 -1.2516667 -1.0433406 -0.57666732 -0.57666667 -0.57666667 -0.57666156 -0.16833136 -0.16833333 -0.16833333 -0.16833333 -0.1683332 0.055 -0.68318702 -0.68333333 -0.68333333 -0.68333333
-0.265 -0.57333333 0.26666667 -0.94333333 -0.30503659 -1.1116667 -1.2333333 -0.85333333 -0.995 -0.74166667 -0.74166667 -0.53166667 -0.79166667 -0.79166667 -0.40434243 -0.36371846 -0.36 -0.485 -0.72999974 -0.47833333 -0.26746703 -0.24666667 -0.42166667 -0.82166666 -0.82166387 -0.605 -0.225 -0.22500028 -0.78676595 -0.78666667 -0.74833333 -0.71848324 -1.2916667 -1.5033333 -1.4787576 -0.89166667 -0.89166667 -1.0433333 -1.0433333 -0.57666667 -0.57666667 -0.57666666 0.18248405 0.18499998 -0.16833333 -0.16833333 -0.16833333 0.054991499 0.055 0.055 -0.68333333 -0.68333333 -0.68333333
-0.54703597 -0.57333333 0.205 0.15666667 -0.24333333 -0.8 -0.59 -0.515 -0.895 -0.67836278 -0.745 -0.48666667 -0.48666667 -0.205 -0.20499807 -0.7538991 -0.755 -0.755 -0.52239963 0.014999894 -0.49166667 -0.49166666 -0.17833333 -0.325773 -0.62683428 -0.605 -0.44166667 -0.225 -0.58125106 -0.58333333 -0.55833333 -0.51666667 -0.54520998 -0.74833333 -0.64166667 -0.655 -0.80166667 -1.185 -0.46033478 -0.57546145 -0.30666667 -0.11666667 0.18494302 0.185 0.18301125 -0.16833333 -0.15 0.054999998 0.055 0.055 0.055 -0.59763071 0.33
-0.4 -0.4 -0.086666667 0.105 -0.44833333 -1.1633333 -0.77666667 -0.79 -0.41 -0.62334486 -0.59 -0.70833333 -0.205 -0.205 4.6259293e-18 -0.010355166 -0.755 -0.75487993 -0.27333333 0.015 0.015 -0.050275652 -0.17833333 -0.494994 -0.495 -0.495 -0.44166667 -0.16166667 -0.16166667 -0.58333333 -0.58333333 -0.51677414 -0.57333333 -0.74833333 -0.47666667 -0.655 -0.80166667 -0.99166667 -0.46 0.33195339 -0.11666668 -0.1344214 -0.165 0.185 0.185 -0.15 -0.15 -0.15 0.055 0.055 0.005 0.005 0.0050001218
-0.4 -0.4 -0.38 -0.98 -0.63 -0.555 -0.89666666 -0.88181727 -0.99833333 -1.1133333 -0.275 -0.98333333 -0.70869869 4.6259292e-18 4.6259293e-18 2.1341711e-05 0.185 0.16094452 -0.27333333 -0.015 -0.015 0.58 0.58 -0.495 -0.495 -0.495 -0.16166667 -0.16166667 -0.16166667 -0.46166667 -0.46166667 -0.46166685 -0.3 -0.3 -0.93 -0.6 -0.36 -0.99333238 -0.28333333 0.345 0.345 -0.14000008 -0.165 0.185 0.028333277 -0.086666667 -0.05872812 -0.058333334 0.60666667 0.60666667 0.005 0.005 0.005
-0.4 -0.39154799 -0.6360414 -1.0799876 -0.51666667 -0.28 -0.89666667 -0.88166667 -0.99833236 -1.1120593 -0.9833335 -0.98333333 0.065 1.0356633e-10 4.6259293e-18 0.18499999 0.185 0.18497391 -0.27333333 -0.015 0.1018459 0.58 0.58 -0.4949568 -0.495 -0.38761828 -0.16833333 -0.16833333 -0.16833333 -0.46166667 -0.46166667 -0.31333333 -0.31333333 -0.30000173 -0.93 -0.10500029 -0.44365107 -0.99333333 -0.99333333 0.34499998 -0.14 -0.14 -0.13999879 0.028333333 0.028333333 -0.086666667 -0.058333333 -0.058333333 0.60666667 0.60666667 0.005 0.005 0.005
-0.64166667 -0.30634233 -0.29169164 -0.29737063 -0.51666558 -0.28000559 -0.89666665 -0.88185131 -0.99029381 -1.0013363 0.065 0.065 0.065 0.065 9.2077406e-06 0.185 0.185 0.17908219 -0.27333333 -0.014852621 0.5 0.5 0.5 0.5 -0.47789523 -0.16833333 -0.16833333 -0.16833333 -0.16833333 -0.16849015 -0.31333333 -0.31333333 -0.31333333 -0.31333333 -0.105 -0.105 -0.105 -0.95037049 -0.98356963 0.30666667 0.30666667 -0.13997597 0.029999943 0.028333494 0.028333333 -0.086666667 -0.058333333 -0.058333333 0.60666666 0.60666667 0.0071827819 0.005 -0.24579569
-0.64166667 -0.29166667 -0.29166667 -0.29166667 -0.29166667 -0.29166666 -0.89508813 -0.88958435 -0.96884512 0.063852039 0.065 0.065 0.065 0.065 0.065000283 0.185 0.18499993 0.15356146 -0.27332444 0.5 0.5 0.5 0.5 0.5 0.49844813 -0.081043051 -0.11666668 -0.11666667 -0.11666667 -0.11666667 -0.31333332 -0.31333333 -0.3133327 0.21166667 0.21166667 -0.105 0.52692462 0.545 0.3066668 0.30666667 0.30666667 0.30666667 0.03 0.03 0.03 0.029188106 -0.17921428 -0.18 -0.18 -0.18 -0.17999999 0.5049999 0.505
0.42166667 -0.29166667 -0.29166667 -0.29166667 -0.29166667 -0.29166667 -0.2916667 -0.6040061 0.4490129 0.45666667 0.45666667 0.45666667 0.45666667 0.45666667 0.45666666 0.73259365 0.19374037 0.122239 0.49990292 0.5 0.5 0.5 0.5 0.50000061 0.42833333 0.42833333 0.42833257 -0.11666667 -0.11666667 -0.11563541 0.39833333 0.39833333 0.21166667 0.21166667 0.21166667 0.49160371 0.545 0.545 0.545 0.30666667 0.30666667 0.30666667 0.03 0.03 0.03 0.03 -0.17999999 -0.18 -0.18 -0.18 -0.18 0.505 0.505
0.42166667 0.15610077 -0.29166667 -0.29166667 -0.29166667 -0.29166667 0.11825286 0.11833333 0.11833334 0.45666667 0.45666667 0.45666667 0.45666667 0.45666667 0.5188043 0.73833333 0.73833333 0.73833333 1.0200778 1.0216661 1.0216667 1.0216667 1.0216667 1.0216667 0.42833333 0.42833333 0.42833333 0.42833333 -0.11666667 0.39833333 0.39833333 0.39833333 0.21166668 0.21166667 0.21166667 0.72166667 0.54523391 0.545 0.545 0.30672792 0.42882804 0.71377958 0.03 0.03 0.41215034 0.41333333 0.41333333 -0.17887806 0.49928455 0.50166661 0.50166654 0.85328052 0.50500071
0.42166667 0.056738246 -0.12045442 -0.29166667 -0.29166667 0.11809109 0.11833333 0.11833333 0.11833333 0.12077146 0.45666667 0.45666667 0.45666667 0.4566667 0.73833333 0.73833333 0.73833333 0.73833333 1.0214136 1.0216667 1.0216667 1.0216667 1.0216667 1.0216667 0.42833335 0.42833333 0.42833333 0.42833333 0.42822422 0.39833333 0.39833333 0.39833333 1.11 0.21174023 0.72166667 0.72166667 0.72166667 0.72504289 0.70424804 0.715 0.715 0.715 0.74666667 0.74666667 0.41333333 0.41333333 0.41333333 0.50166667 0.50166667 0.50166667 0.50166667 0.85333333 0.85333333
0.046988296 0.046666667 0.046666667 0.046666666 0.005 0.11833041 0.11833333 0.11833333 0.11833333 0.11833333 0.44997898 0.45666552 0.45666666 0.73833333 0.73833333 0.73833333 0.73833333 0.73833333 0.75065503 1.0216667 1.0216667 1.0216667 1.0216667 1.0216667 0.97588755 1.354995 1.355 1.355 1.355 0.39833337 1.11 1.11 1.11 1.11 0.72166667 0.72167479 1.03 1.03 0.71893324 0.715 0.715 0.715 0.74666667 0.74666667 0.46494481 0.41333333 0.41333333 0.50166667 0.50166667 0.50166667 0.50543745 0.85333333 0.85333333
0.046666667 0.046666667 0.046666667 0.027045212 0.005 0.005 0.11833333 0.11833333 0.11833333 0.11833333 0.36833333 0.36833333 0.36833333 0.73833333 0.73833333 0.73833333 0.73833333 0.7382945 0.58166667 0.58166667 1.0216665 1.0216667 1.0253997 1.175 1.1766205 1.355 1.355 1.355 1.355 1.1100249 1.11 1.11 1.11 1.11 1.0299989 1.03 1.03 1.03 1.0289259 0.715 0.715 0.715 0.74666667 0.74666667 0.74666667 0.41333333 0.41333333 0.50166667 0.50166667 0.50166667 0.85333333 0.85333333 0.85333333
0.046666667 0.046666667 0.046666667 0.005 0.005 0.005 0.0050001732 0.11833333 0.11833333 0.36807526 0.36833333 0.36833333 0.36833333 0.36856386 0.54811907 0.50333333 0.50333333 0.50333333 0.58166667 0.58166667 0.58166667 1.175 1.175 1.175 1.1749781 1.2194979 1.355 1.355 1.355 1.4111145 1.4732976 1.4733333 1.4733333 1.4733333 1.2748771 1.618332 1.6183333 1.6183333 1.6183333 1.3365816 1.3366667 1.3366667 0.74666667 0.74666667 1.1199984 1.1199999 0.96833333 0.96833333 0.96333333 0.96333333 0.96333333 0.85333333 0.89662792
0.046668229 0.046666667 0.046666665 0.005 0.005 0.005 0.0050000023 0.2183333 0.11873317 0.36823057 0.36833333 0.36833333 0.36833333 0.36859824 0.50333333 0.50333333 0.50333333 0.50333336 0.58166667 0.58166667 0.58166667 1.175 1.175 1.175 1.0966667 1.0966667 1.39 1.39 1.39 1.3904546 1.4733333 1.4733333 1.4733333 1.4733333 1.5457935 1.6183333 1.6183333 1.6183333 1.6183333 1.3366667 1.3366667 1.3366667 1.3298495 1.12 1.12 1.12 0.96833333 0.96833333 0.96333333 0.96333333 0.96333333 0.89666667 0.89666667
0.55 0.32469134 0.51833333 0.51818441 0.005 0.21709899 0.21833333 0.21833333 0.31489367 0.25500001 0.255 0.255 0.255 0.3349974 0.335 0.5033332 0.50333333 0.5053973 0.58166667 0.58166667 0.58166667 0.76833333 0.76833333 0.76833333 1.0966667 1.0966667 1.39 1.39 1.39 1.39 1.4283336 1.4283335 1.4722023 1.4732851 1.4034146 1.4033333 1.4033333 1.4033333 1.4033333 1.3366667 1.3366667 1.3366667 1.1319301 1.12 1.12 1.1199999 0.96833333 0.96833333 0.96833315 0.96333333 0.96331515 0.55666667 0.89666667
0.69663881 0.69666664 0.51833333 0.51833333 0.51833333 0.21833333 0.21833333 0.21833333 0.48333333 0.48333333 0.255 0.255 0.255 0.335 0.335 0.335 0.335 0.33502801 0.58166667 0.58166667 0.58166667 0.76833333 0.76833333 0.76833333 1.0966667 1.0966667 1.39 1.39 1.39 1.4279011 1.4283333 1.4283333 1.4283333 1.4283333 1.4033457 1.4033333 1.4033333 1.4033333 1.4033333 0.92833344 0.92833333 0.92833333 0.92833333 1.1199938 0.30666667 0.30666667 0.30666667 0.4 0.4 0.4 0.55666667 0.55666667 0.55666667
0.69666667 0.69666667 0.51833333 0.51833333 0.51833333 0.21991019 0.21833333 0.48333333 0.48333333 0.48333333 0.25502811 0.255 0.19507752 0.33499996 0.335 0.335 0.335 0.36 0.36 0.36 0.58333334 0.58333347 0.76833243 0.76833333 0.76872294 1.27 1.27 1.2700003 1.3899806 1.4399977 1.4399999 1.439998 1.4283533 1.4283434 1.407793 1.403333 1.4003284 0.50666667 0.50666667 0.92833333 0.92833333 0.92833333 0.92833333 0.30666667 0.30666667 0.30666667 0.30666667 0.4 0.4 0.4 0.55666667 0.55666667 0.55666667
0.69666667 0.69666667 0.51833333 0.51833333 0.51833333 0.51833333 0.31751509 0.48333333 0.48333333 0.48333333 0.4831667 0.18166667 0.18166667 0.18166667 0.33409637 0.335 0.35983341 0.36 0.36 0.36 0.58333333 0.58333333 0.58333333 0.58333333 1.27 1.27 1.27 1.27 1.27 1.44 1.44 1.44 1.44 1.4400001 1.4883333 0.50666667 0.50666667 0.50666667 0.50666667 0.50666568 0.12666667 0.12666667 0.12666667 0.15920858 0.22666667 0.22666667 0.22666667 0.4 0.40000003 0.435 0.435 0.7399554 0.74
0.69666667 0.69666667 0.58269914 0.51833333 0.51833333 0.51833334 0.68963326 0.48398463 0.48333333 0.48333333 0.18166677 0.18166667 0.18166667 0.18166667 0.18166667 0.19426143 0.36 0.36 0.36 0.36 0.58333161 0.58333333 0.58333333 0.58333333 1.27 1.27 1.27 1.27 1.27 1.0471215 1.44 1.44 1.44 1.4883333 1.4883333 1.487571 0.50666667 0.50666667 0.60140105 0.67499998 0.12666667 0.12666667 0.12666667 0.16016197 0.22666667 0.22666667 0.22666667 0.59333333 0.43697282 0.435 0.435 0.74 0.74
0.995 0.995 0.995 0.63784677 0.51907542 0.69 0.69 0.69 0.69 0.69333333 0.69333333 0.1816667 0.18166667 0.18166667 0.18166667 0.18167798 0.36 0.36 0.36 0.36 0.48587791 0.58333333 0.58333333 0.57980033 0.48492122 1.27 1.27 1.27 0.90833333 0.90833333 0.90833333 0.90833557 1.4883333 1.4883333 1.4883333 1.4883333 0.675 0.675 0.675 0.675 0.26833333 0.26833333 0.26833333 0.6133264 0.61333333 0.61333333 0.61333321 0.59333333 0.59333333 0.43519292 0.435 0.73999961 0.74
0.995 0.995 0.995 0.9950018 1.0283333 0.97913411 0.69 0.69 0.69 0.69333333 0.69333333 0.69333333 0.57499998 0.575 0.575 0.575 0.36084569 0.36 0.36 0.36 0.36337916 0.4483337 0.44833333 0.44833333 0.44833333 0.44833333 0.20000001 0.2 0.90833333 0.90833333 0.90833333 0.90833333 1.4883331 1.4883333 1.4883333 1.488306 0.67500001 0.675 0.675 0.67605284 0.26833333 0.26833333 0.26833333 0.61331733 0.61333333 0.61333333 0.61333333 0.59333333 0.59333333 0.59333334 0.66333333 0.66333333 0.65666667
0.995 0.995 0.995 1.0283333 1.0283333 1.0283333 0.69000013 0.69 0.69 0.69333333 0.69333333 0.69333333 0.575 0.575 0.575 0.59378602 0.82166667 0.82166667 0.82166547 0.36260761 0.44833333 0.44833333 0.44833333 0.44833333 0.44833333 0.44814645 0.2 0.2 0.2 0.90833333 0.90833333 0.90810162 1.1533333 1.1533333 1.1533333 0.76333333 0.76333333 0.915 0.915 0.915 1.11 0.26859734 0.26833884 1.0066667 1.0066667 0.99175978 0.61333434 0.59333333 0.59333333 0.66333333 0.66333333 0.66333333 0.65666667
0.995 0.995 0.995 1.0283333 1.0283333 1.0283333 1.0283333 0.69 0.69 0.69333333 0.69333333 0.57973163 0.575 0.575 0.575 0.82166667 0.82166667 0.82166667 0.82166667 0.82166667 0.44833333 0.44833333 0.44833333 0.44833333 0.44833333 0.20000085 0.2 0.2 0.2 0.54833333 0.54833333 0.54833333 1.1533333 1.1533333 1.1533333 0.76333333 0.76333333 0.915 0.915 1.11 1.11 1.11 1.0066667 1.0066667 1.0066667 1.0066667 1.0098156 1.045 1.045 1.045 0.66333334 0.95166667 0.95166667
0.995 0.995 0.99504642 1.0283333 1.0283333 1.0283333 1.0283333 1.02992 1.03 1.029422 0.69333334 0.57501563 0.575 0.575 0.57500085 0.82166667 0.82166667 0.82166667 0.82166667 0.82166667 0.7504395 0.44833333 0.44833333 0.44833333 0.44828768 0.2000015 0.2 0.2 0.2 0.54833333 0.54833333 0.54833333 0.5484197 1.1533333 0.76333333 0.76333333 0.76333333 0.76333957 0.9150133 1.11 1.11 1.11 1.0066729 1.0066667 1.0066667 1.0066667 1.0449996 1.045 1.045 1.045 0.95166667 0.95166667 0.95166667
0.65333333 0.65333393 1.0283026 1.0283333 1.0283333 1.0283333 1.0299996 1.03 1.03 1.03 0.76166667 0.76166667 0.76166667 0.76166667 0.82138971 0.82166667 0.82166667 0.82166667 0.82166667 0.76333337 0.76333333 0.76333333 0.2266667 0.22666667 0.22666667 0.22666667 0.22436499 0.2 0.42999058 0.43 0.43 0.43 0.43 0.76 0.76 0.76 0.76 0.76 1.1416667 1.1416667 1.1416667 1.1416667 1.1416667 1.0016742 1.0016667 1.0016667 1.0016667 1.045 1.045 1.045 0.95168137 0.95166667 0.95166667
