interpolatedSpi/03-09|19_3.tif
NCOLS 53
NROWS 52
XLLCORNER -116.03883
YLLCORNER 28.596182
DX 0.49850594
DY 0.49788537
NODATA_VALUE -9999
[rows 0 to 28 of 52, columns 0 to 52 of 53]
0.37 0.37 0.15311355 -0.22 -0.04 0.021428571 0.037142857 -0.018571429 -0.67859995 -0.89142857 -0.69285714 -0.15142857 -0.54428148 -0.49285714 -0.24142857 -0.24142857 -0.24142857 0.027142857 -0.0071428571 -0.0071428571 -0.0071428571 -0.0071494621 -0.69285714 -0.035714286 -0.035714286 -0.035714286 -0.68856527 -0.68857143 -0.68857143 -0.91142857 -0.91142857 -0.91142857 -0.91142857 -1.3871428 -1.3871429 -1.3871429 -1.3871429 -1.3871429 -1.3871429 -1.3871428 -0.034568203 -0.020206702 -0.83142857 -0.83142857 -0.83142857 -0.83142857 -0.83232924 -1.3828571 -1.3828571 -1.3828571 -0.088574117 -0.088571429 -0.088571429
0.36999111 0.17 0.36428614 0.29692477 0.01425659 0.34857143 0.78714286 -0.22415585 -0.63428571 -0.52714286 -0.09 -0.54428571 -0.54428571 0.023985125 -0.49284866 -0.24142857 0.027142857 0.027142857 -0.0070981532 -0.0071428571 -0.0071428571 -0.0071428571 -0.067597324 -0.035714286 -0.035714286 -0.035714286 -0.35285712 -0.35285714 -0.91142857 -0.91142857 -0.91142857 -0.91142857 -0.91142857 -1.3871428 -1.3871429 -1.3871429 -1.3871429 -1.3871429 -1.3871428 -1.1336014 0.12564413 -0.71528702 -0.83142857 -0.83142857 -0.83142857 -0.83142857 -0.83142857 -1.3828571 -1.3828571 -1.3828571 -1.2755337 -0.088571429 -0.088571429
0.1685752 0.16857143 0.73714286 0.65428571 -0.062857143 -0.18428571 0.13714286 0.41428571 -0.54714286 -0.55428571 -0.21 -0.44428571 0.057142857 -0.23 0.025714286 -0.8 0.027142857 0.027142857 0.027142857 -0.28848962 -0.28857143 -0.28857143 -0.64142857 -0.035714286 -0.035714286 -0.035714286 -0.35285714 -0.35285714 -0.35285714 -0.91142857 -0.91142857 -0.91142858 -1.0008314 -1.3840584 -1.3739523 0.017014053 0.03 0.03 0.042038335 0.12571429 0.12571429 0.12449034 -0.83142857 -0.83142857 -0.83142857 -0.83142857 -0.83142857 -1.3828571 -1.3828571 -1.3828571 -1.3828571 -0.088571429 -0.088571429
0.25142857 0.16857125 -0.70005558 0.31571429 -0.42 0.041428571 0.052857143 -0.39428571 -0.39142857 -0.057447547 -0.59571429 -0.79285714 -0.35714286 -0.23 -0.19142857 -0.8 -0.52923047 -0.52675449 -0.76142857 -0.28857143 -0.28857143 -0.25571429 -0.64142857 -0.64142857 -0.035714286 -0.03571587 -0.35285714 -0.35285714 -0.35285714 -1.3028571 -1.1899863 -1.0971429 -1.0971429 -1.097142 0.03 0.03 0.03 0.03 0.12571429 0.12571429 0.12571429 0.12571425 -0.83142857 -0.83142857 -0.83142857 -0.83142857 -0.83142857 -1.3828502 -1.3828571 -1.3828571 -1.3828571 -0.08859168 -0.088571429
0.25142857 0.047141487 -0.7 -0.79915095 -0.42 -0.29428571 -0.36569669 -0.48571429 -0.44 -0.76000014 -0.74554772 -0.73714654 -0.76285714 -0.19142857 -0.19142857 -0.59433568 -0.52714286 -0.52714286 -0.76142857 -0.76142857 -0.28857142 -0.25571429 -0.46571429 -0.53571429 -0.21857143 -0.21855008 -0.35285714 -0.35285714 -1.3028571 -1.3028571 -1.0971429 -1.0971429 -1.0971429 -1.0877143 0.029999999 0.03 0.03 0.12571429 0.12571429 0.12571429 0.12571429 0.12566257 -0.83142857 -0.83142857 -0.83142857 -0.83142857 -0.83142857 -0.83633697 -1.3828571 -1.3828269 -0.70857143 -0.70857143 -0.70857143
-1.53 0.04 0.11857146 -0.56142857 0.077142857 0.09 -0.78428571 -0.74606002 -1.0514286 -0.92571429 -1.0257143 -0.96 -0.95999987 -1.4942857 -1.4942857 -0.55992964 -0.56 -0.53571429 -0.53571429 -0.76142821 -0.78 -0.78 -0.53571429 -0.21857143 -0.21857143 -0.12714286 -1.0657143 -1.0657143 -0.72148143 -1.3028571 -1.0971429 -1.0971429 -1.0471429 -1.047186 -1.4599704 -1.25 -1.25 -0.29989433 0.12571429 0.12571429 -0.40933185 -0.41 -0.4099988 -0.016080345 -0.0015203036 -0.0014287927 -0.0014285997 -0.0014288823 -0.034624205 -0.70857143 -0.70857143 -0.70857143 -0.70857143
-0.3042946 0.15428571 0.24177676 0.051428572 0.40428571 -0.76857143 -0.73571428 -0.89 -1.1514286 -1.1514286 -1.0257143 -0.84285714 -0.88714278 -1.4942857 -0.2685751 -0.26857143 -0.56 -0.32571429 -0.35142857 -0.35142857 -0.74229881 -0.7 -0.7 -0.12285714 -0.12714286 -0.12714286 -1.0657143 -1.0657143 -0.72143115 -0.72147609 -0.59481471 -1.0471429 -1.0471429 -1.46 -1.46 -0.99868752 -1.25 -1.25 -0.96572414 -0.41000077 -0.41 -0.41 -0.4099921 -0.0014267311 -0.0014285714 -0.0014285714 -0.0014285714 -0.0014284947 0.12714286 -0.70840581 -0.70857143 -0.70857143 -0.70857143
-0.30428571 -0.58571429 0.52 -0.92571429 -0.33431962 -1.1714286 -1.3042857 -0.93714286 -1.0857143 -0.76571429 -0.76571429 -0.59428571 -0.88714286 -0.88714286 -0.2728154 -0.17489357 -0.16571429 -0.30571429 -0.57428549 -0.35142857 -0.13183129 -0.11 -0.40285714 -0.70142857 -0.70142632 -0.52714286 -0.05857143 -0.058571784 -0.7655591 -0.76571428 -0.59428571 -0.64313363 -1.2014286 -1.46 -1.4309899 -0.78857143 -0.78857143 -0.96571429 -0.96571429 -0.41 -0.41 -0.40999999 0.32694232 0.32857141 -0.0014285714 -0.0014285714 -0.0014285714 0.12713796 0.12714286 0.12714286 -0.70857143 -0.70857143 -0.70857143
-0.54366741 -0.58571428 0.25714286 0.27428571 -0.14142857 -0.73 -0.60285714 -0.46428571 -1.02 -0.66001388 -0.72428571 -0.53857143 -0.53857143 -0.17285714 -0.17285456 -0.56459945 -0.56571429 -0.56571429 -0.34671213 0.085714191 -0.36714286 -0.36714285 -0.068571429 -0.27112064 -0.54470626 -0.52714286 -0.35285714 -0.058571429 -0.32132138 -0.32285714 -0.48714286 -0.17857143 -0.20663604 -0.45428571 -0.44285714 -0.55428571 -0.60857143 -0.98428571 -0.28746477 -0.40781913 0.078571429 0.16714286 0.32851375 0.32857143 0.32671401 -0.0014285714 -0.0028571428 0.12714286 0.12714286 0.12714286 0.12714286 -0.60665319 0.29
-0.30857143 -0.30857143 -0.044285714 0.16428571 -0.29 -1.03 -0.69857143 -0.65285714 -0.33 -0.56857637 -0.55 -0.65142857 -0.17285714 -0.17285714 0.10142857 0.092278406 -0.56571429 -0.56563114 -0.25142857 0.085714286 0.085714286 0.027371117 -0.068571429 -0.45142132 -0.45142857 -0.45142857 -0.35285714 0.11285714 0.11285714 -0.32285714 -0.32285714 -0.1786771 -0.23428571 -0.45428571 -0.27142857 -0.55428571 -0.60857143 -0.92285714 -0.28714286 0.58140586 0.16714285 0.096298832 -0.025714286 0.32857143 0.32857143 -0.0028571429 -0.0028571429 -0.0028571429 0.12714286 0.12714286 0.11 0.11 0.11000007
-0.30857143 -0.30857143 -0.38285714 -1.0385714 -0.64285714 -0.44142857 -0.84571428 -0.77297288 -0.93 -0.9 -0.30428571 -0.90857143 -0.6517702 0.10142857 0.10142857 0.1014467 0.25857143 0.23180424 -0.25142857 0.21142857 0.21142857 0.94428571 0.94428571 -0.45142857 -0.45142857 -0.45142857 0.11285714 0.11285714 0.11285714 -0.36428571 -0.36428571 -0.3642855 -0.12857143 -0.12857143 -0.85285714 -0.43571429 -0.10285714 -0.72285645 -0.054285714 0.59571429 0.59571429 0.055714018 -0.025714286 0.32857143 0.20428565 0.088571429 0.19201425 0.19285714 0.84714286 0.84714286 0.11 0.11 0.11
-0.30857143 -0.34085408 -0.66267382 -1.0414117 -0.23 -0.30857143 -0.84571429 -0.77285714 -0.92999869 -0.90033236 -0.90857142 -0.90857143 0.26142857 0.10142857 0.10142857 0.25857142 0.25857143 0.2585424 -0.25142857 0.21142857 0.35534681 0.94428571 0.94428571 -0.45137253 -0.45142857 -0.24433525 0.17857143 0.17857143 0.17857142 -0.36428571 -0.36428571 -0.087142857 -0.087142857 -0.12857341 -0.85285714 0.082856873 -0.18921901 -0.72285714 -0.72285714 0.59571427 0.055714286 0.055714286 0.055715347 0.20428571 0.20428571 0.088571429 0.19285714 0.19285714 0.84714286 0.84714286 0.11 0.11 0.11
-0.66285714 -0.26758785 -0.24860009 -0.25430415 -0.23000057 -0.30856957 -0.84571427 -0.77375398 -0.91917125 -0.92921662 0.26142857 0.26142857 0.26142857 0.26142857 0.10145124 0.25857143 0.25857143 0.25198652 -0.25142857 0.21159223 0.78714286 0.78714286 0.78714286 0.78714286 -0.42994767 0.17857143 0.17857143 0.17857143 0.17857143 0.17826544 -0.087142857 -0.087142857 -0.087142857 -0.087142857 0.082857142 0.082857143 0.082857143 -0.6839132 -0.71300761 0.58857143 0.58857143 0.055742947 0.18142935 0.20428351 0.20428571 0.088571429 0.19285714 0.19285714 0.84714285 0.84714286 0.11267427 0.11 -0.25372618
-0.66285714 -0.24857143 -0.24857143 -0.24857143 -0.24857143 -0.24857145 -0.84433927 -0.81126137 -0.89028115 0.26014628 0.26142857 0.26142857 0.26142857 0.26142857 0.26142885 0.25857143 0.25857135 0.22358891 -0.2514181 0.78714286 0.78714286 0.78714286 0.78714286 0.78714286 0.78504052 0.25003686 0.21714285 0.21714286 0.21714286 0.21714286 -0.087142846 -0.087142857 -0.087142199 0.46 0.46 0.082857143 0.77589096 0.79571429 0.58857155 0.58857143 0.58857143 0.58857143 0.18142857 0.18142857 0.18142857 0.18078237 -0.083923461 -0.085714286 -0.085714286 -0.085714286 -0.085714269 0.75714272 0.75714286
0.40285714 -0.24857143 -0.24857143 -0.24857143 -0.24857143 -0.24857143 -0.24857146 -0.53013926 0.64598048 0.65428571 0.65428571 0.65428571 0.65428571 0.65428571 0.65428571 0.99014846 0.27024684 0.18873559 0.78701245 0.78714286 0.78714286 0.78714286 0.78714286 0.78714338 0.69 0.69 0.68999934 0.21714286 0.21714286 0.21803823 0.66428571 0.66428571 0.46 0.46 0.46 0.7419366 0.79571429 0.79571429 0.79571429 0.58857143 0.58857143 0.58857143 0.18142857 0.18142857 0.18142857 0.18142857 -0.085714275 -0.085714286 -0.085714286 -0.085714286 -0.085714286 0.75714286 0.75714286
0.40285714 0.16033769 -0.24857143 -0.24857143 -0.24857143 -0.24857143 0.21562316 0.21571429 0.2157143 0.65428571 0.65428571 0.65428571 0.65428571 0.65428571 0.7299224 0.99714286 0.99714286 0.99714286 1.2329238 1.2342853 1.2342857 1.2342857 1.2342857 1.2342857 0.69 0.69 0.69 0.69 0.21714286 0.66428571 0.66428571 0.66428571 0.46000002 0.46 0.46 0.99857143 0.79598287 0.79571429 0.79571429 0.58862051 0.68644299 0.91473653 0.18142857 0.18142857 0.59301161 0.59428571 0.59428571 -0.084491462 0.65454691 0.65714279 0.65714272 1.079951 0.75714351
0.40285714 0.077549576 -0.088082543 -0.24857143 -0.24857143 0.21543996 0.21571429 0.21571429 0.21571429 0.21887476 0.65428571 0.65428571 0.65428571 0.65428576 0.99714286 0.99714286 0.99714286 0.99714286 1.2340739 1.2342857 1.2342857 1.2342857 1.2342857 1.2342857 0.69000001 0.69 0.69 0.69 0.68990647 0.66428571 0.66428571 0.66428571 1.4414286 0.46007848 0.99857143 0.99857143 0.99857143 1.001964 0.90813009 0.91571429 0.91571429 0.91571429 0.93714286 0.93714286 0.59428571 0.59428571 0.59428571 0.65714286 0.65714286 0.65714286 0.65714286 1.08 1.08
0.068900828 0.068571429 0.068571429 0.068571429 0.085714286 0.21571093 0.21571429 0.21571429 0.21571429 0.21571429 0.64660657 0.65428439 0.65428571 0.99714286 0.99714286 0.99714286 0.99714286 0.99714286 0.99913983 1.2342857 1.2342857 1.2342857 1.2342857 1.2342857 1.1960927 1.5499953 1.55 1.55 1.55 0.66428575 1.4414286 1.4414286 1.4414286 1.4414286 0.99857143 0.99857959 1.3085714 1.3085714 0.92061969 0.91571429 0.91571429 0.91571429 0.93714286 0.93714286 0.64737181 0.59428571 0.59428571 0.65714286 0.65714286 0.65714286 0.66167699 1.08 1.08
0.068571429 0.068571429 0.068571429 0.076644256 0.085714286 0.085714286 0.21571429 0.21571429 0.21571429 0.21571429 0.55285714 0.55285714 0.55285714 0.99714286 0.99714286 0.99714286 0.99714286 0.99710815 0.73428571 0.73428571 1.2342855 1.2342857 1.233451 1.2 1.2031509 1.55 1.55 1.55 1.55 1.4414396 1.4414286 1.4414286 1.4414286 1.4414286 1.3085703 1.3085714 1.3085714 1.3085714 1.3072199 0.91571429 0.91571429 0.91571429 0.93714286 0.93714286 0.93714286 0.59428571 0.59428571 0.65714286 0.65714286 0.65714286 1.08 1.08 1.08
0.068571429 0.068571429 0.068571429 0.085714286 0.085714286 0.085714286 0.085714484 0.21571429 0.21571429 0.55250911 0.55285714 0.55285714 0.55285714 0.55313395 0.82716415 0.78714286 0.78714286 0.78714286 0.73428571 0.73428571 0.73428571 1.2 1.2 1.2 1.2000116 1.3881468 1.55 1.55 1.55 1.787793 1.8642441 1.8642857 1.8642857 1.8642857 1.5270021 1.832856 1.8328571 1.8328571 1.8328571 1.5456281 1.5457143 1.5457143 0.93714286 0.93714286 1.3485697 1.3485714 1.2071429 1.2071429 1.2157143 1.2157143 1.2157143 1.08 1.1699195
0.068573699 0.068571429 0.068571429 0.085714286 0.085714286 0.085714286 0.08571429 0.48714278 0.21679956 0.55277165 0.55285714 0.55285714 0.55285714 0.55331688 0.78714286 0.78714286 0.78714286 0.78714284 0.73428571 0.73428571 0.73428571 1.2 1.2 1.2 1.2414286 1.2414286 1.5614286 1.5614286 1.5614286 1.5630808 1.8642857 1.8642857 1.8642857 1.8642857 1.84858 1.8328571 1.8328571 1.8328571 1.8328571 1.5457143 1.5457143 1.5457143 1.5395114 1.3485714 1.3485714 1.3485714 1.2071429 1.2071429 1.2157143 1.2157143 1.2157143 1.17 1.17
0.8 0.46947166 0.66857143 0.66840233 0.085714286 0.4848202 0.48714286 0.48714286 0.57563481 0.45857143 0.45857143 0.45857143 0.45857143 0.5828531 0.58285714 0.7871427 0.78714286 0.78575015 0.73428571 0.73428571 0.73428571 0.86142857 0.86142857 0.86142857 1.2414286 1.2414286 1.5614286 1.5614286 1.5614286 1.5614287 1.7542864 1.754286 1.861521 1.8641678 1.6687954 1.6685714 1.6685714 1.6685714 1.6685714 1.5457143 1.5457143 1.5457143 1.3594264 1.3485714 1.3485714 1.3485713 1.2071429 1.2071429 1.2071432 1.2157143 1.2157 0.89714286 1.17
0.91997721 0.91999996 0.66857143 0.66857143 0.66857143 0.48714286 0.48714286 0.48714286 0.73 0.73 0.45857143 0.45857143 0.45857143 0.58285714 0.58285714 0.58285714 0.58285714 0.58287473 0.73428571 0.73428571 0.73428572 0.86142857 0.86142857 0.86142857 1.2414286 1.2414286 1.5614286 1.5614286 1.5614286 1.7521112 1.7542857 1.7542857 1.7542857 1.7542857 1.6686137 1.6685714 1.6685714 1.6685714 1.6685714 1.0157144 1.0157143 1.0157143 1.0157143 1.3485643 0.42428571 0.42428571 0.42428571 0.69 0.69 0.69 0.89714286 0.89714286 0.89714286
0.92 0.92 0.66857143 0.66857143 0.66857143 0.48809648 0.48714286 0.73 0.73 0.73 0.45860484 0.45857143 0.45506947 0.58285711 0.58285714 0.58285714 0.58285714 0.38428571 0.38428571 0.38428571 0.60000001 0.60000019 0.8614273 0.86142857 0.86180205 1.3114286 1.3114286 1.3114292 1.5613882 1.6243116 1.6242864 1.6243084 1.7540635 1.7541735 1.6837522 1.668571 1.6647702 0.53428571 0.53428571 1.0157143 1.0157143 1.0157143 1.0157143 0.42428571 0.42428571 0.42428571 0.42428571 0.69 0.69 0.69 0.89714286 0.89714286 0.89714286
0.92 0.92 0.66857143 0.66857143 0.66857143 0.66857143 0.57803719 0.73 0.73 0.73 0.7298477 0.45428571 0.45428571 0.45428571 0.58209944 0.58285714 0.38560895 0.38428571 0.38428571 0.38428571 0.6 0.6 0.6 0.6 1.3114286 1.3114286 1.3114286 1.3114286 1.3114286 1.6242857 1.6242857 1.6242857 1.6242857 1.6242856 1.5857143 0.53428571 0.53428571 0.53428571 0.53428571 0.53428491 0.20428571 0.20428571 0.20428571 0.254028 0.35714286 0.35714286 0.35714286 0.68999999 0.69000009 0.78285714 0.78285714 1.2442013 1.2442857
0.92 0.92 0.75931949 0.66857143 0.66857143 0.66857143 0.84836102 0.73037367 0.73 0.73 0.4542858 0.45428571 0.45428571 0.45428571 0.45428571 0.46481389 0.38428571 0.38428571 0.38428571 0.38428571 0.59999833 0.6 0.6 0.6 1.3114286 1.3114286 1.3114286 1.3114286 1.3114286 1.0859032 1.6242857 1.6242857 1.6242857 1.5857143 1.5857143 1.5848978 0.53428571 0.53428571 0.66211683 0.76142855 0.20428571 0.20428571 0.20428571 0.2550477 0.35714286 0.35714286 0.35714286 0.96 0.78506433 0.78285714 0.78285714 1.2442857 1.2442857
1.19 1.19 1.19 0.7993079 0.66920204 0.84857143 0.84857143 0.84857143 0.84857143 0.84 0.84 0.45428574 0.45428571 0.45428571 0.45428571 0.45428129 0.38428571 0.38428571 0.38428571 0.38428571 0.50586928 0.6 0.6 0.5972708 0.53203712 1.3114286 1.3114286 1.3114286 0.89571429 0.89571429 0.89571429 0.89571734 1.5857143 1.5857143 1.5857143 1.5857143 0.76142857 0.76142857 0.76142857 0.76142857 0.46428571 0.46428571 0.46428571 0.82427848 0.82428571 0.82428571 0.82428557 0.96 0.96 0.78307298 0.78285714 1.2442844 1.2442857
1.19 1.19 1.19 1.1899952 1.1014286 1.064659 0.84857143 0.84857143 0.84857143 0.84 0.84 0.84 0.64571428 0.64571429 0.64571429 0.64571428 0.38489283 0.38428571 0.38428571 0.38428571 0.38755102 0.49571457 0.49571429 0.49571429 0.49571429 0.49571429 0.18142858 0.18142857 0.89571429 0.89571429 0.89571429 0.89571429 1.585714 1.5857143 1.5857143 1.5856822 0.76142858 0.76142857 0.76142857 0.76278222 0.46428571 0.46428571 0.46428571 0.82426902 0.82428571 0.82428571 0.82428571 0.96 0.96 0.96 0.99142857 0.99142857 1.0114286
1.19 1.19 1.19 1.1014288 1.1014286 1.1014286 0.84857152 0.84857143 0.84857143 0.84 0.84 0.84 0.64571429 0.64571429 0.64571429 0.65104545 0.71571429 0.71571429 0.71571343 0.38615771 0.49571429 0.49571429 0.49571429 0.49571429 0.49571429 0.49547777 0.18142857 0.18142857 0.18142857 0.89571429 0.89571429 0.89556257 1.1914286 1.1914286 1.1914286 0.86285714 0.86285714 1.07 1.07 1.07 1.2471429 0.46453127 0.46429157 1.2485714 1.2485714 1.2324915 0.82428707 0.96 0.96 0.99142857 0.99142857 0.99142857 1.0114286
