interpolatedSpi/03-07|20_2.tif
NCOLS 53
NROWS 52
XLLCORNER -116.03883
YLLCORNER 28.596182
DX 0.49850594
DY 0.49788537
NODATA_VALUE -9999
[rows 0 to 38 of 52, columns 0 to 52 of 53]
0.706 0.706 0.20567009 -0.106 0.302 0.258 0.78 0.58 0.14190518 0.026 0.174 0.29 0.094054512 0.756 0.128 0.128 0.128 0.578 0.578 0.578 0.578 0.57799765 0.334 0.144 0.144 0.144 0.73800221 0.738 0.738 0.534 0.534 0.534 0.534 0.87999993 0.88 0.88 0.88 0.88 0.88 0.88000001 1.2519924 1.2557921 0.44 0.44 0.44 0.44 0.44027113 0.606 0.606 0.606 1.1299989 1.13 1.13
0.70597645 0.176 0.3640007 0.4364932 0.61979282 0.818 0.674 0.52838276 0.358 0.276 0.11 0.094 0.094 0.59653352 0.75599252 0.128 0.578 0.578 0.578 0.578 0.578 0.578 0.12862997 0.144 0.144 0.144 0.22999999 0.23 0.534 0.534 0.534 0.534 0.534 0.87999995 0.88 0.88 0.88 0.88 0.87999995 0.75683793 0.14403484 0.40408284 0.44 0.44 0.44 0.44 0.44 0.606 0.606 0.606 0.64945058 1.13 1.13
1.5639538 1.564 0.97 1.432 0.648 0.492 0.558 0.224 0.29 0.088 0.482 -0.416 -0.192 0.106 0.596 0.502 0.578 0.578 0.578 0.50602093 0.506 0.506 -0.148 0.144 0.144 0.144 0.23 0.23 0.23 0.534 0.534 0.53399995 0.060302334 0.87751002 0.87368927 0.20821283 0.202 0.202 0.19470513 0.144 0.144 0.14437851 0.44 0.44 0.44 0.44 0.44 0.606 0.606 0.606 0.606 1.13 1.13
0.852 1.5639998 0.72597181 0.802 0.242 0.558 0.972 -0.284 0.362 0.2478255 0.15 0.046 0.038 0.106 0.408 0.502 0.025672456 0.022389566 0.026 0.506 0.506 -0.716 -0.148 -0.148 0.144 0.14400043 0.23 0.23 0.23 -0.6 -0.51769834 -0.45 -0.45 -0.44999949 0.202 0.202 0.202 0.202 0.144 0.144 0.144 0.14400001 0.44 0.44 0.44 0.44 0.44 0.60599791 0.606 0.606 0.606 1.1299281 1.13
0.852 0.41200058 0.726 0.63980415 0.242 0.59 0.24804648 0.268 0.27 0.29600008 0.13262886 0.056076489 0.59 0.408 0.408 0.4633538 0.022 0.022 0.026 0.026 0.50599752 -0.716 -0.694 -0.074 -0.07 -0.070134165 0.23 0.23 -0.6 -0.6 -0.45 -0.45 -0.45 -0.43755406 0.202 0.202 0.202 0.144 0.144 0.144 0.144 0.14398359 0.43999999 0.44 0.44 0.44 0.44 0.44147761 0.606 0.60592485 -1.07 -1.07 -1.07
-0.648 0.516 0.848 0.432 0.72 0.94 0.482 0.45460187 0.724 0.22 0.552 0.17 0.17000028 0.04 0.04 -0.16398407 -0.164 -0.288 -0.288 0.025999348 -1.068 -1.068 -0.074 -0.07 -0.07 -0.644 -1.224 -1.224 -0.12404338 -0.6 -0.45 -0.45 -0.384 -0.38395256 0.0699673 -0.516 -0.516 -0.060186066 0.144 0.144 -0.025787973 -0.026 -0.02599995 -0.80758102 -0.82985964 -0.82999966 -0.82999996 -0.82999954 -2.1292172 -1.07 -1.07 -1.07 -1.07
-0.25000155 0.372 -0.10711782 0.656 1.306 0.378 0.454 0.458 0.392 0.392 0.552 0.312 -0.56399998 0.04 -0.097999587 -0.098 -0.164 -0.438 -0.714 -0.714 -0.96432172 -0.848 -0.848 -1.136 -0.644 -0.644 -1.224 -1.224 -0.12400676 -0.12412446 0.61734566 -0.384 -0.384 0.07 0.07 -0.79812354 -0.516 -0.516 -1.3199721 -0.026001802 -0.026 -0.026 -0.026000146 -0.82999681 -0.83 -0.83 -0.83 -0.83000094 -2.406 -1.0702648 -1.07 -1.07 -1.07
-0.25 -0.508 0.154 -0.238 -0.59997925 -0.014 0.116 0.020000016 0.052 -0.052 -0.052 -0.53 -0.564 -0.564 -0.10119719 -0.40037131 -0.43 -0.17 -0.59400012 -0.714 -1.2282437 -1.206 -1.398 -0.82 -0.82000144 -0.932 -1.466 -1.4659999 -0.23959352 -0.23999998 0.62 0.27532817 0.23 0.07 0.047011912 -1.034 -1.034 -1.32 -1.32 -0.026 -0.026 -0.025999999 -0.25803857 -0.25800003 -0.83 -0.83 -0.83 -2.40594 -2.406 -2.406 -1.07 -1.07 -1.07
-0.5128549 -0.50799999 -0.176 0.012 0.182 -0.266 0.014 0.864 0.444 0.50460526 -0.122 -0.328 -0.328 -0.664 -0.66399737 -0.77104682 -0.772 -0.772 -0.23472426 -1.422 -1.468 -1.468 -1.18 -1.3120898 -0.92071336 -0.932 -1.196 -1.466 -0.60304395 -0.598 0.288 1.066 0.60465142 -0.746 -0.736 -0.934 -0.898 -0.658 -0.72396952 -0.025848232 0.008 -0.298 -0.25797819 -0.258 -0.26121953 -0.83 -1.44 -2.406 -2.406 -2.406 -2.406 -1.1330008 -1.136
-0.54 -0.54 -0.072 -0.09 0.24 0.276 0.156 0.272 0.8 0.51999555 0.016 -0.144 -0.664 -0.664 -0.384 -0.3893216 -0.772 -0.7719781 -0.694 -1.422 -1.422 -1.4279263 -1.18 -1.3179974 -1.318 -1.318 -1.196 -0.338 -0.338 -0.598 -0.598 1.0642627 0.15 -0.746 -0.416 -0.934 -0.898 -1.286 -0.724 0.71627294 -0.29799999 -0.23408295 -0.124 -0.258 -0.258 -1.44 -1.44 -1.44 -2.406 -2.406 -1.576 -1.576 -1.5759998
-0.54 -0.54 -0.764 -0.704 -0.266 0.078 -0.24999999 0.25199585 2.7268351e-17 0.018 -0.08 -0.27 -0.14416851 -0.384 -0.384 -0.38401477 -0.512 -0.52155221 -0.694 -0.178 -0.178 -0.646 -0.646 -1.318 -1.318 -1.318 -0.338 -0.338 -0.338 -0.744 -0.744 -0.74399853 -0.322 -0.322 -0.528 -1.008 -0.502 -0.73800141 -1.218 0.74 0.74 0.025999507 -0.124 -0.258 -1.0259999 -1.066 -0.74699751 -0.744 -1.29 -1.29 -1.576 -1.576 -1.576
-0.54 -0.63671584 -0.73839586 -0.84798809 -0.47 -0.544 -0.25 0.252 2.1045133e-06 0.017800582 -0.26999963 -0.27 -0.062 -0.384 -0.384 -0.512 -0.512 -0.51201036 -0.694 -0.178 -0.26990568 -0.646 -0.646 -1.3179726 -1.318 -1.1845399 -0.912 -0.912 -0.91199993 -0.744 -0.744 -0.97 -0.97 -0.32200056 -0.528 -0.47600012 -0.56646223 -0.738 -0.738 0.73999998 0.026 0.026 0.025992368 -1.026 -1.026 -1.066 -0.744 -0.744 -1.29 -1.29 -1.576 -1.576 -1.576
-0.262 0.168797 0.24796442 0.24006352 -0.47000028 -0.54399825 -0.25000001 0.24582066 0.017365377 0.0004700286 -0.062 -0.062 -0.062 -0.062 -0.38395439 -0.512 -0.512 -0.51434991 -0.694 -0.17804147 -0.31 -0.31 -0.31 -0.31 -1.3006082 -0.912 -0.912 -0.912 -0.912 -0.91193132 -0.97 -0.97 -0.97 -0.97 -0.476 -0.476 -0.476 -0.72556086 -0.73598718 -0.47 -0.47 0.025973321 -1.0419995 -1.0260015 -1.026 -1.066 -0.744 -0.744 -1.29 -1.29 -1.5749624 -1.576 -1.3867855
-0.262 0.248 0.248 0.248 0.248 0.24799967 -0.25075253 -0.012504983 0.063694581 -0.061932741 -0.062 -0.062 -0.062 -0.062 -0.061999895 -0.512 -0.51200003 -0.52448396 -0.69399622 -0.31 -0.31 -0.31 -0.31 -0.31 -0.32647435 -0.98950516 -1.018 -1.018 -1.018 -1.018 -0.97 -0.97 -0.97000029 -1.214 -1.214 -0.476 -0.54016465 -0.542 -0.47000004 -0.47 -0.47 -0.47 -1.042 -1.042 -1.042 -1.042167 -1.0798677 -1.082 -1.082 -1.082 -1.082 0.15599964 0.156
0.166 0.248 0.248 0.248 0.248 0.248 0.24799997 -0.1328297 0.089907049 0.09 0.09 0.09 0.09 0.09 0.089999999 -0.18635902 -0.50693794 -0.5369218 -0.31004822 -0.31 -0.31 -0.31 -0.31 -0.31000027 -1.072 -1.072 -1.0719999 -1.018 -1.018 -1.0185407 -1.288 -1.288 -1.214 -1.214 -1.214 -0.64964708 -0.542 -0.542 -0.542 -0.47 -0.47 -0.47 -1.042 -1.042 -1.042 -1.042 -1.082 -1.082 -1.082 -1.082 -1.082 0.156 0.156
0.166 0.19652767 0.248 0.248 0.248 0.248 -0.13392503 -0.134 -0.13399999 0.09 0.09 0.09 0.09 0.09 0.027788827 -0.192 -0.192 -0.192 -0.53929913 -0.53999977 -0.54 -0.54 -0.54 -0.54 -1.072 -1.072 -1.072 -1.072 -1.018 -1.288 -1.288 -1.288 -1.214 -1.214 -1.214 -0.524 -0.54197617 -0.542 -0.542 -0.47007282 -0.61539696 -0.95454745 -1.042 -1.042 -0.70504309 -0.704 -0.704 -1.0802746 -0.035669275 -0.032000091 -0.032000199 0.28797994 0.15600027
0.166 0.18740938 0.21763724 0.248 0.248 -0.1337743 -0.134 -0.134 -0.134 -0.13238579 0.09 0.09 0.09 0.089999966 -0.192 -0.192 -0.192 -0.192 -0.53968914 -0.54 -0.54 -0.54 -0.54 -0.54 -1.072 -1.072 -1.072 -1.072 -1.0727857 -1.288 -1.288 -1.288 -0.79600001 -1.2139197 -0.524 -0.524 -0.524 -0.52809058 -0.92978952 -0.956 -0.956 -0.956 -0.72 -0.72 -0.704 -0.704 -0.704 -0.032000008 -0.032 -0.032 -0.032 0.288 0.288
0.18817879 0.188 0.188 0.188 0.022 -0.13399598 -0.134 -0.134 -0.134 -0.134 0.10362739 0.090002346 0.090000005 -0.192 -0.192 -0.192 -0.192 -0.192 -0.27369806 -0.54 -0.54 -0.54 -0.54 -0.54 -0.6816337 -0.50400308 -0.504 -0.504 -0.504 -1.288 -0.79600001 -0.796 -0.796 -0.796 -0.524 -0.5240098 -0.896 -0.896 -0.95525081 -0.956 -0.956 -0.956 -0.72 -0.72 -0.70647735 -0.704 -0.704 -0.032 -0.032 -0.032 -0.028568768 0.288 0.288
0.188 0.188 0.188 0.10982812 0.022 0.022 -0.134 -0.134 -0.134 -0.134 0.27 0.27 0.27 -0.192 -0.192 -0.192 -0.192 -0.19204264 -1.054 -1.054 -0.54000021 -0.54 -0.54350579 -0.684 -0.68237954 -0.504 -0.504 -0.504 -0.504 -0.79597027 -0.796 -0.796 -0.796 -0.796 -0.89599869 -0.896 -0.896 -0.896 -0.89617952 -0.956 -0.956 -0.956 -0.72 -0.72 -0.72 -0.704 -0.704 -0.032000004 -0.032 -0.031999999 0.288 0.288 0.288
0.188 0.188 0.188 0.022 0.022 0.022 0.021999762 -0.134 -0.134 0.26958296 0.27 0.27 0.27 0.26971215 -0.40083098 -0.45 -0.45 -0.45 -1.054 -1.054 -1.054 -0.684 -0.684 -0.684 -0.68393333 -0.47357759 -0.504 -0.504 -0.504 -0.36477913 -0.27405134 -0.274 -0.274 -0.274 -0.66763513 -0.34800124 -0.348 -0.348 -0.348 -0.16610809 -0.166 -0.166 -0.72 -0.72 0.24199598 0.24200002 0.29 0.29 0.436 0.436 0.436 0.288 0.6456799
0.18800088 0.188 0.18799999 0.022 0.022 0.022 0.022 -0.0020000384 -0.13347221 0.27012876 0.27 0.27 0.27 0.26858716 -0.45 -0.45 -0.45 -0.45000017 -1.054 -1.054 -1.054 -0.684 -0.684 -0.684 -0.446 -0.446 -0.492 -0.492 -0.492 -0.49081074 -0.274 -0.274 -0.274 -0.274 -0.31097968 -0.348 -0.348 -0.348 -0.348 -0.166 -0.166 -0.166 -0.15316276 0.242 0.242 0.242 0.29 0.29 0.436 0.436 0.436 0.64599999 0.646
0.47 0.31925918 -0.298 -0.29790716 0.022 -0.0018611368 -0.002 -0.002 0.074519512 0.412 0.412 0.412 0.412 -0.4819709 -0.482 -0.45000002 -0.45 -0.46591451 -1.054 -1.054 -1.054 -0.96 -0.96 -0.96 -0.446 -0.446 -0.492 -0.492 -0.492 -0.4919998 -0.21200039 -0.21200017 -0.27244172 -0.27393353 -0.35191077 -0.352 -0.352 -0.352 -0.352 -0.166 -0.166 -0.166 0.21953414 0.242 0.242 0.24199996 0.29 0.29 0.29000526 0.436 0.43599705 0.37 0.646
-0.071897073 -0.072000039 -0.298 -0.298 -0.298 -0.002 -0.002 -0.002 0.208 0.208 0.412 0.412 0.412 -0.482 -0.482 -0.482 -0.482 -0.48206335 -1.054 -1.054 -1.054 -0.96 -0.96 -0.96 -0.446 -0.446 -0.492 -0.492 -0.492 -0.21515702 -0.212 -0.212 -0.212 -0.212 -0.35193092 -0.352 -0.352 -0.352 -0.352 -0.32599996 -0.326 -0.326 -0.326 0.24199811 -0.004 -0.004 -0.004 0.438 0.438 0.438 0.37 0.37 0.37
-0.072 -0.072 -0.298 -0.298 -0.298 -0.0035558288 -0.002 0.208 0.208 0.208 0.41197489 0.412 -0.10278858 -0.48199994 -0.482 -0.482 -0.482 -0.742 -0.742 -0.742 -0.89 -0.89000005 -0.95999966 -0.96 -0.95964225 -0.6 -0.6 -0.59999974 -0.49201745 0.15592666 0.15599804 0.15593575 -0.21137105 -0.21168242 -0.32682664 -0.35200004 -0.35235523 -0.458 -0.458 -0.326 -0.326 -0.326 -0.326 -0.004 -0.004 -0.004 -0.004 0.438 0.438 0.438 0.37 0.37 0.37
-0.072 -0.072 -0.298 -0.298 -0.298 -0.298 0.076596866 0.208 0.208 0.208 0.20776469 -0.218 -0.218 -0.218 -0.48044419 -0.482 -0.74026742 -0.742 -0.742 -0.742 -0.89 -0.89 -0.89 -0.89 -0.6 -0.6 -0.6 -0.6 -0.6 0.156 0.156 0.156 0.156 0.15599981 0.068 -0.458 -0.458 -0.458 -0.458 -0.45800086 -0.752 -0.752 -0.752 -0.54894084 -0.128 -0.128 -0.128 0.43799998 0.43799965 0.078 0.078 0.32201168 0.322
-0.072 -0.072 -0.21642987 -0.298 -0.298 -0.29800001 -0.78223967 0.20487376 0.208 0.208 -0.21800008 -0.218 -0.218 -0.218 -0.218 -0.23971718 -0.742 -0.742 -0.742 -0.742 -0.88999886 -0.89 -0.89 -0.89 -0.6 -0.6 -0.6 -0.6 -0.6 -0.23416899 0.156 0.156 0.156 0.068 0.068 0.067591548 -0.458 -0.458 -0.41185216 -0.37600001 -0.752 -0.752 -0.752 -0.5514412 -0.128 -0.128 -0.128 0.066 0.077850481 0.078 0.078 0.322 0.322
-0.674 -0.674 -0.674 -0.39227354 -0.29862756 -0.784 -0.784 -0.784 -0.784 -0.61 -0.61 -0.21800003 -0.218 -0.218 -0.218 -0.21803321 -0.742 -0.742 -0.742 -0.742 -0.8254176 -0.89 -0.89 -0.87780459 -0.43183709 -0.6 -0.6 -0.6 -0.372 -0.372 -0.372 -0.37199778 0.068 0.068 0.068 0.068 -0.376 -0.376 -0.376 -0.376 -0.598 -0.598 -0.598 -0.10400993 -0.104 -0.104 -0.10400001 0.066 0.066 0.077985379 0.078 0.32199918 0.322
-0.674 -0.674 -0.674 -0.67400269 -0.724 -0.73272499 -0.784 -0.784 -0.784 -0.61 -0.61 -0.61 -0.146 -0.146 -0.146 -0.14600001 -0.74200733 -0.742 -0.742 -0.742 -0.74421877 -0.42400128 -0.424 -0.424 -0.424 -0.42400001 -0.782 -0.782 -0.372 -0.372 -0.372 -0.372 0.067999794 0.068 0.068 0.067976705 -0.376 -0.376 -0.376 -0.37550868 -0.598 -0.598 -0.598 -0.10402291 -0.104 -0.104 -0.104 0.066 0.066 0.066000013 0.16 0.16 0.386
-0.674 -0.674 -0.674 -0.72399988 -0.724 -0.724 -0.78399998 -0.784 -0.784 -0.61 -0.61 -0.61 -0.146 -0.146 -0.146 -0.19169573 -0.746 -0.746 -0.74599999 -0.74202259 -0.424 -0.424 -0.424 -0.424 -0.424 -0.42426941 -0.782 -0.782 -0.782 -0.372 -0.372 -0.37202446 -0.218 -0.218 -0.218 -0.326 -0.326 -0.264 -0.264 -0.264 0.25 -0.59773401 -0.59799346 0.278 0.278 0.26352263 -0.1039987 0.066 0.066 0.16 0.16 0.16 0.386
-0.674 -0.674 -0.674 -0.724 -0.724 -0.724 -0.724 -0.784 -0.784 -0.61 -0.61 -0.16455331 -0.146 -0.146 -0.146 -0.746 -0.746 -0.746 -0.746 -0.746 -0.424 -0.424 -0.424 -0.424 -0.424 -0.78199878 -0.782 -0.782 -0.782 -0.41 -0.41 -0.41 -0.218 -0.218 -0.218 -0.326 -0.326 -0.264 -0.264 0.25 0.25 0.25 0.278 0.278 0.278 0.278 0.29147216 0.442 0.442 0.442 0.16000001 0.484 0.484
-0.674 -0.674 -0.67406963 -0.724 -0.724 -0.724 -0.724 -0.72209598 -0.722 -0.72180771 -0.60999999 -0.1460258 -0.146 -0.146 -0.14600208 -0.746 -0.746 -0.746 -0.746 -0.746 -0.90159692 -0.424 -0.424 -0.424 -0.42411452 -0.78201114 -0.782 -0.782 -0.782 -0.41 -0.41 -0.41 -0.4099734 -0.218 -0.326 -0.326 -0.326 -0.32599727 -0.26396495 0.25 0.25 0.25 0.2779983 0.278 0.278 0.278 0.44200109 0.442 0.442 0.442 0.484 0.484 0.484
-0.338 -0.33800059 -0.72396008 -0.724 -0.724 -0.724 -0.72200043 -0.722 -0.722 -0.722 -0.45400001 -0.454 -0.454 -0.454 -0.74465226 -0.746 -0.746 -0.746 -0.746 -0.9219999 -0.922 -0.922 -0.97999991 -0.98 -0.98 -0.98 -0.96291005 -0.782 -0.54600967 -0.546 -0.546 -0.546 -0.546 -0.084000001 -0.084 -0.084 -0.084 -0.084 0.208 0.208 0.208 0.208 0.208 0.55158696 0.552 0.552 0.552 0.442 0.442 0.442 0.48399338 0.484 0.484
-0.338 -0.338 -0.33848571 -0.39600066 -0.39600007 -0.39631802 -0.722 -0.722 -0.722 -0.722 -0.454 -0.454 -0.454 -0.454 -0.454 -0.746 -0.746 -0.746 -0.92199996 -0.922 -0.922 -0.922 -0.98 -0.98 -0.98 -0.98 -0.98 -0.97995767 -0.54595598 -0.546 -0.546 -0.546 -0.54598232 0.014640882 -0.083897862 -0.084 -0.084 -0.083999998 0.208 0.208 0.208 0.208 0.208 0.552 0.552 0.552 0.552 0.50056185 0.442 0.73469755 0.738 0.308 0.308
-0.338 -0.338 -0.39599265 -0.396 -0.396 -0.396 -0.47880262 -0.722 -0.722 -0.722 -0.454 -0.454 -0.454 -0.454 -0.454 -0.74577785 -0.746 -0.9219484 -0.922 -0.922 -0.922 -0.922 -0.95851352 -0.98 -0.98 -0.98 -0.98 -0.97961196 -0.432 -0.432 -0.432 -0.432 -0.432 0.09 0.09 0.09 0.09 0.09 0.422 0.422 0.422 0.422 0.422 0.55266902 0.55200014 0.552 0.55204645 0.55761537 0.738 0.738 0.738 0.30800241 0.308
-0.33799958 -0.11640609 -0.39599996 -0.396 -0.396 -0.396 -0.396 -0.72186119 -0.722 -0.722 -0.454 -0.454 -0.454 -0.454 -0.72582524 -0.732 -0.732 -0.92199511 -0.922 -0.922 -0.922 -0.922 -0.922 -0.98 -0.98 -0.98 -0.98 -0.61399984 -0.61399992 -0.57526598 -0.432 -0.432 -0.432 0.089999999 0.09 0.09 0.09 0.089920081 0.422 0.422 0.422 0.422 0.42200873 0.826 0.826 0.826 0.826 0.8259929 0.738 0.738 0.738 0.73799987 0.52673051
-0.112 -0.112 -0.14877944 -0.396 -0.396 -0.396 -0.396 -0.396 -0.72186011 -0.35600001 -0.356 -0.356 -0.35623257 -0.7319996 -0.732 -0.732 -0.732 -0.732 -0.92200002 -0.92220514 -0.924 -0.924 -0.924 -0.93688976 -0.95486858 -0.82039511 -0.7068962 -0.614 -0.614 -0.614 -0.614 -0.614 -0.60379842 -0.031075209 -0.028 -0.028 -0.028 -0.028 0.44341513 0.5359998 0.536 0.536 0.536 0.57400074 0.82599993 0.826 0.826 0.696 0.73799933 0.738 0.738 0.53 0.53
-0.112 -0.112 -0.0060000008 -0.006 -0.006 -0.39587009 -0.396 -0.396 -0.356 -0.356 -0.356 -0.356 -0.356 -0.73199998 -0.732 -0.732 -0.732 -0.732 -0.924 -0.924 -0.924 -0.924 -0.924 -0.66600001 -0.666 -0.666 -0.666 -0.614 -0.614 -0.614 -0.614 -0.614 -0.302 -0.302 -0.028000002 -0.028 -0.028 0.20795981 0.208 0.536 0.536 0.536 0.53600002 0.574 0.574 0.574 0.696 0.696 0.696 0.446 0.446 0.53 0.53
-0.112 -0.112 -0.006 -0.006 -0.006 -0.006 -0.0060007355 -0.14 -0.35579663 -0.356 -0.356 -0.356 -0.356 -0.72730974 -0.732 -0.732 -0.732 -0.732 -0.924 -0.924 -0.924 -0.924 -0.924 -0.666 -0.666 -0.666 -0.666 -0.66599978 -0.614 -0.614 -0.614 -0.30201636 -0.302 -0.302 -0.302 -0.028 0.208 0.208 0.208 0.21663029 0.63210297 0.65 0.65 0.574 0.574 0.574 0.696 0.696 0.696 0.446 0.446 0.446 0.48290275
0.092 0.091998399 -0.006 -0.006 -0.006 -0.006 -0.14 -0.14 -0.14 -0.356 -0.356 -0.356 -0.356 -0.35611689 -0.732 -0.732 -0.732 -0.732 -0.92399631 -0.924 -0.924 -0.92399999 -0.71143274 -0.666 -0.666 -0.666 -0.666 -0.5420001 -0.542 -0.542 -0.61321559 -0.302 -0.302 -0.302 -0.30199931 0.42399999 0.208 0.208 0.208 0.208 0.65 0.65 0.65 0.788 0.788 0.788 0.99397098 0.696 0.696 0.446 0.446 0.446 0.47800071
