interpolatedSpi/03-08|19_1.tif
NCOLS 53
NROWS 52
XLLCORNER -116.03883
YLLCORNER 28.596182
DX 0.49850594
DY 0.49788537
NODATA_VALUE -9999
[rows 0 to 27 of 52, columns 0 to 52 of 53]
-0.0085714286 -0.0085714286 -0.14464713 -0.30857143 -0.29571429 -0.40285714 -0.16285714 -0.42 -0.64776223 -0.60714286 -0.44571429 -0.38428571 -0.70426148 -0.41 -0.46571429 -0.46571429 -0.46571429 -0.074285714 -0.2 -0.2 -0.2 -0.20000339 -0.55142857 -0.10571429 -0.10571429 -0.10571429 -0.48856799 -0.48857143 -0.48857143 -0.75142857 -0.75142857 -0.75142857 -0.75142857 -0.94571425 -0.94571429 -0.94571429 -0.94571429 -0.94571429 -0.94571429 -0.94571426 0.021016175 0.031289909 -0.51285714 -0.51285714 -0.51285714 -0.51285714 -0.51346148 -0.88285714 -0.88285714 -0.88285714 -0.052858867 -0.052857143 -0.052857143
-0.0085729519 -0.042857143 0.030000407 0.052911884 -0.15717828 0.081428571 0.23142857 -0.32572522 -0.87285714 -0.68714286 -0.60428571 -0.70428571 -0.70428571 -0.07113372 -0.40999639 -0.46571429 -0.074285714 -0.074285714 -0.19983609 -0.2 -0.2 -0.2 -0.1253404 -0.10571429 -0.10571429 -0.10571429 -0.16142857 -0.16142857 -0.75142857 -0.75142857 -0.75142857 -0.75142857 -0.75142857 -0.94571426 -0.94571429 -0.94571429 -0.94571429 -0.94571429 -0.94571422 -0.76723185 0.12851562 -0.43502503 -0.51285714 -0.51285714 -0.51285714 -0.51285714 -0.51285714 -0.88285714 -0.88285714 -0.88285714 -0.81403275 -0.052857143 -0.052857143
-0.018570725 -0.018571429 0.38285714 0.37857143 -0.052857143 -0.20285714 -0.054285714 0.10571429 -0.47142857 -0.41285714 -0.36428571 -0.57428571 -0.19857143 -0.34 -0.07 -0.65142857 -0.074285714 -0.074285714 -0.074285714 -0.25284178 -0.25285714 -0.25285714 -0.47857143 -0.10571429 -0.10571429 -0.10571429 -0.16142857 -0.16142857 -0.16142857 -0.75142857 -0.75142857 -0.75142857 -0.77824943 -0.94377432 -0.93724413 -0.044053044 -0.035714286 -0.035714286 -0.015051473 0.12857143 0.12857143 0.1277512 -0.51285714 -0.51285714 -0.51285714 -0.51285714 -0.51285714 -0.88285714 -0.88285714 -0.88285714 -0.88285714 -0.052857143 -0.052857143
0.18571429 -0.01857151 -0.42003195 0.19 -0.23857143 -0.052857143 -0.035714286 -0.39428571 -0.31714286 -0.13598204 -0.46714286 -0.61285714 -0.32 -0.34 -0.30428571 -0.65142857 -0.39908838 -0.39691664 -0.59571429 -0.25285714 -0.25285714 -0.33714286 -0.47857143 -0.47857143 -0.10571429 -0.10571456 -0.16142857 -0.16142857 -0.16142857 -0.68285714 -0.75104995 -0.80714286 -0.80714286 -0.80714225 -0.035714286 -0.035714286 -0.035714286 -0.035714286 0.12857143 0.12857143 0.12857143 0.1285714 -0.51285714 -0.51285714 -0.51285714 -0.51285714 -0.51285714 -0.88285248 -0.88285714 -0.88285714 -0.88285714 -0.052865355 -0.052857143
0.18571429 -0.0085721832 -0.42 -0.55943739 -0.23857143 -0.24714286 -0.38427127 -0.40142857 -0.35 -0.50285723 -0.52893135 -0.53999836 -0.52857143 -0.30428571 -0.30428571 -0.53256321 -0.39714286 -0.39714286 -0.59571429 -0.59571429 -0.25285733 -0.33714286 -0.47285714 -0.43857143 -0.19857143 -0.19856039 -0.16142857 -0.16142857 -0.68285714 -0.68285714 -0.80714286 -0.80714286 -0.80714286 -0.77643241 -0.035714286 -0.035714286 -0.035714286 0.12857143 0.12857143 0.12857143 0.12857143 0.12853847 -0.51285714 -0.51285714 -0.51285714 -0.51285714 -0.51285714 -0.5161506 -0.88285714 -0.8828312 -0.30428571 -0.30428571 -0.30428571
-1.1514286 0.015714286 0.21142859 -0.34142857 0.067142857 0.021428571 -0.41714286 -0.41513098 -0.63428571 -0.60571429 -0.95857143 -0.75571429 -0.75571414 -1.19 -1.19 -0.3413858 -0.34142857 -0.26857143 -0.26857143 -0.59571402 -0.55571429 -0.55571429 -0.43857143 -0.19857143 -0.19857143 -0.15142857 -0.71571429 -0.71571429 -0.60143588 -0.68285714 -0.80714286 -0.80714286 -0.64428571 -0.64431004 -0.87712615 -0.79714286 -0.79714286 -0.15781942 0.12857143 0.12857143 -0.21243131 -0.21285714 -0.21285637 0.014803672 0.024226349 0.024285571 0.024285696 0.024285514 0.10330307 -0.30428571 -0.30428571 -0.30428571 -0.30428571
-0.057150015 0.19 0.19757499 -0.034285714 0.28 -0.43714286 -0.39142857 -0.53857143 -0.72428571 -0.72428571 -0.95857143 -0.74285714 -0.70571421 -1.19 -0.16428879 -0.16428571 -0.34142857 -0.25 -0.29571429 -0.29571429 -0.51599339 -0.47142857 -0.47142857 -0.11714286 -0.15142857 -0.15142857 -0.71571429 -0.71571429 -0.60142499 -0.60136266 -0.51009291 -0.64428571 -0.64428571 -0.87714286 -0.87714286 -0.65553645 -0.79714286 -0.79714286 -0.74428755 -0.21285788 -0.21285714 -0.21285714 -0.2128518 0.024287738 0.024285714 0.024285714 0.024285714 0.024285823 0.20714286 -0.30418436 -0.30428571 -0.30428571 -0.30428571
-0.057142857 -0.44857143 0.27428571 -0.55285714 -0.16430799 -0.62857143 -0.81857143 -0.53 -0.77142857 -0.59142857 -0.59142857 -0.39714286 -0.70571429 -0.70571429 -0.16800042 -0.29959818 -0.31285714 -0.31857143 -0.56999972 -0.29571429 -0.21362277 -0.17857143 -0.28 -0.43285714 -0.43285574 -0.32428571 -0.25571429 -0.25571445 -0.54021525 -0.54 -0.51 -0.35525348 -0.67571429 -0.87714286 -0.86430832 -0.53714286 -0.53714286 -0.74428571 -0.74428571 -0.21285714 -0.21285714 -0.21285714 0.38542977 0.38714284 0.024285714 0.024285714 0.024285714 0.2071359 0.20714286 0.20714286 -0.30428571 -0.30428571 -0.30428571
-0.43339987 -0.44857142 0.19857143 0.25428571 -0.062857143 -0.48571429 -0.3 -0.17142857 -0.49285714 -0.23653791 -0.42428571 -0.43285714 -0.43285714 -0.27142857 -0.27142599 -0.78012262 -0.78142857 -0.78142857 -0.35695239 -0.12857153 -0.59142857 -0.59142857 -0.19142857 -0.24509546 -0.33522685 -0.32428571 -0.27 -0.25571429 -0.46165344 -0.46285714 -0.26571429 -0.21142857 -0.3107218 -0.51857143 -0.42714286 -0.51714286 -0.49857143 -0.84285714 -0.22599926 -0.21145424 0.10142857 0.19285714 0.38709727 0.38714286 0.3851005 0.024285714 0.097142853 0.20714286 0.20714286 0.20714286 0.20714286 -0.24879097 0.31714286
-0.34857143 -0.34857143 -0.14285714 0.085714286 -0.28 -0.83428571 -0.46571429 -0.34428571 -0.092857143 -0.17143457 -0.19285714 -0.39285714 -0.27142857 -0.27142857 0.0028571429 -0.0078996901 -0.78142857 -0.78125752 -0.055714286 -0.12857143 -0.12857143 -0.18820295 -0.19142857 -0.43570966 -0.43571429 -0.43571429 -0.27 0.024285714 0.024285714 -0.46285714 -0.46285714 -0.21180248 -0.40857143 -0.51857143 -0.41714286 -0.51714286 -0.49857143 -0.76714286 -0.22571429 0.44888664 0.19285714 0.16137091 0.10714286 0.38714286 0.38714286 0.097142857 0.097142857 0.097142857 0.20714286 0.20714286 0.14142857 0.14142857 0.14142864
-0.34857143 -0.34857143 -0.31 -0.66857143 -0.43285714 -0.32428571 -0.57428571 -0.46449641 -0.54 -0.58714286 -0.015714286 -0.50571429 -0.39300721 0.0028571429 0.0028571429 0.0028800502 0.20142857 0.18793251 -0.055714286 0.0014285714 0.0014285714 0.26857143 0.26857143 -0.43571429 -0.43571429 -0.43571429 0.024285714 0.024285714 0.024285714 -0.24142857 -0.24142857 -0.24142885 -0.25857143 -0.25857143 -0.60285714 -0.35571429 -0.12714286 -0.60428444 -0.21285714 0.46 0.46 -0.022856716 0.10714286 0.38714286 0.34142848 0.20285714 0.20097944 0.20142857 0.63 0.63 0.14142857 0.14142857 0.14142857
-0.34857143 -0.3320249 -0.46301522 -0.7042797 -0.27857143 -0.16142857 -0.57428571 -0.46428571 -0.53999937 -0.58662057 -0.50571439 -0.50571429 0.21285714 0.0028571432 0.0028571429 0.20142856 0.20142857 0.20141394 -0.055714286 0.0014285714 0.053889994 0.26857143 0.26857143 -0.43568571 -0.43571429 -0.28544249 0.021428571 0.021428571 0.021428572 -0.24142857 -0.24142857 -0.065714286 -0.065714286 -0.25857237 -0.60285714 0.1871425 -0.17960124 -0.60428571 -0.60428571 0.45999998 -0.022857143 -0.022857143 -0.022854488 0.34142857 0.34142857 0.20285714 0.20142857 0.20142857 0.63 0.63 0.14142857 0.14142857 0.14142857
-0.33142857 -0.14219408 -0.12287707 -0.12706446 -0.27857093 -0.16143134 -0.5742857 -0.46563975 -0.53478251 -0.54123103 0.21285714 0.21285714 0.21285714 0.21285714 0.0028868908 0.20142857 0.20142857 0.19810845 -0.055714286 0.0015741086 0.50571429 0.50571429 0.50571429 0.50571429 -0.41940519 0.021428571 0.021428571 0.021428571 0.021428571 0.021292628 -0.065714286 -0.065714286 -0.065714286 -0.065714286 0.18714286 0.18714286 0.18714286 -0.56595058 -0.59594901 0.50571429 0.50571429 -0.022828712 0.28285915 0.34142293 0.34142857 0.20285714 0.20142857 0.20142857 0.63 0.63 0.14320106 0.14142857 -0.0080799229
-0.33142857 -0.12285714 -0.12285714 -0.12285714 -0.12285714 -0.12285716 -0.57322888 -0.52224762 -0.52086275 0.21204521 0.21285714 0.21285714 0.21285714 0.21285714 0.21285729 0.20142857 0.20142853 0.18379033 -0.055708886 0.50571429 0.50571429 0.50571429 0.50571429 0.50571429 0.50327276 0.093787681 0.084285701 0.084285714 0.084285714 0.084285714 -0.065714278 -0.065714286 -0.065713737 0.39 0.39 0.18714286 0.67046103 0.68428571 0.50571439 0.50571429 0.50571429 0.50571429 0.28285714 0.28285714 0.28285714 0.28230042 0.066597587 0.065714286 0.065714286 0.065714286 0.065714296 0.55999991 0.56
0.37142857 -0.12285714 -0.12285714 -0.12285714 -0.12285714 -0.12285714 -0.12285717 -0.33732608 0.41352484 0.41857143 0.41857143 0.41857143 0.41857143 0.41857143 0.41857143 0.53891314 0.20680134 0.16621722 0.50564378 0.50571429 0.50571429 0.50571429 0.50571429 0.50571462 0.39285714 0.39285714 0.39285671 0.084285714 0.084285714 0.085055224 0.46857143 0.46857143 0.39 0.39 0.39 0.63714436 0.68428571 0.68428571 0.68428571 0.50571429 0.50571429 0.50571429 0.28285714 0.28285714 0.28285714 0.28285714 0.065714291 0.065714286 0.065714286 0.065714286 0.065714286 0.56 0.56
0.37142857 0.18741162 -0.12285714 -0.12285714 -0.12285714 -0.12285714 0.1899386 0.19 0.19000001 0.41857143 0.41857143 0.41857143 0.41857143 0.41857143 0.44567457 0.54142857 0.54142857 0.54142857 0.78913399 0.78999971 0.79 0.79 0.79 0.79 0.39285714 0.39285714 0.39285714 0.39285714 0.084285714 0.46857143 0.46857143 0.46857143 0.39000001 0.39 0.39 0.72285714 0.68433678 0.68428571 0.68428571 0.5057334 0.5437517 0.63247714 0.28285714 0.28285714 0.395366 0.39571429 0.39571429 0.066327991 0.43726846 0.4385714 0.43857136 0.70854887 0.5600003
0.37142857 0.14621565 0.010160672 -0.12285714 -0.12285714 0.18981515 0.19 0.19 0.19 0.19164715 0.41857143 0.41857143 0.41857143 0.41857144 0.54142857 0.54142857 0.54142857 0.54142857 0.78977796 0.79 0.79 0.79 0.79 0.79 0.39285715 0.39285714 0.39285714 0.39285714 0.39313254 0.46857143 0.46857143 0.46857143 0.92999999 0.39004689 0.72285714 0.72285714 0.72285714 0.72411057 0.63611936 0.63285714 0.63285714 0.63285714 0.64142857 0.64142857 0.39571429 0.39571429 0.39571429 0.43857143 0.43857143 0.43857143 0.43857143 0.70857143 0.70857143
0.14023818 0.14 0.14 0.14 0.13 0.18999845 0.19 0.19 0.19 0.19 0.41240653 0.41857037 0.41857143 0.54142857 0.54142857 0.54142857 0.54142857 0.54142857 0.54955212 0.79 0.79 0.79 0.79 0.79 0.74504754 0.97571113 0.97571429 0.97571429 0.97571429 0.46857145 0.92999999 0.93 0.93 0.93 0.72285714 0.72286015 0.83714286 0.83714286 0.63540795 0.63285714 0.63285714 0.63285714 0.64142857 0.64142857 0.43375932 0.39571429 0.39571429 0.43857143 0.43857143 0.43857143 0.44146653 0.70857143 0.70857143
0.14 0.14 0.14 0.13529085 0.13 0.13 0.19 0.19 0.19 0.19 0.33714286 0.33714286 0.33714286 0.54142857 0.54142857 0.54142857 0.54142857 0.54139222 0.36142857 0.36142857 0.78999983 0.79 0.78975654 0.78 0.78176193 0.97571429 0.97571429 0.97571429 0.97571429 0.93000465 0.93 0.93 0.93 0.93 0.83714246 0.83714286 0.83714286 0.83714286 0.83644629 0.63285714 0.63285714 0.63285714 0.64142857 0.64142857 0.64142857 0.39571429 0.39571429 0.43857143 0.43857143 0.43857143 0.70857143 0.70857143 0.70857143
0.14 0.14 0.14 0.13 0.13 0.13 0.13000009 0.19 0.19 0.33699096 0.33714286 0.33714286 0.33714286 0.33727013 0.36335564 0.32142857 0.32142857 0.32142857 0.36142857 0.36142857 0.36142857 0.78 0.78 0.78 0.78002121 0.91277137 0.97571429 0.97571429 0.97571429 1.021665 1.0414176 1.0414286 1.0414286 1.0414286 0.99579223 1.2185706 1.2185714 1.2185714 1.2185714 0.95852686 0.95857143 0.95857143 0.64142857 0.64142857 0.83857061 0.83857139 0.71857143 0.71857143 0.80714286 0.80714286 0.80714286 0.70857143 0.7628086
0.14000113 0.14 0.14 0.13 0.13 0.13 0.13 0.23142856 0.19016565 0.33703793 0.33714286 0.33714286 0.33714286 0.33711202 0.32142857 0.32142857 0.32142857 0.32142858 0.36142857 0.36142857 0.36142857 0.78 0.78 0.78 0.85571429 0.85571429 0.96285714 0.96285714 0.96285714 0.96328577 1.0414286 1.0414286 1.0414286 1.0414286 1.1299513 1.2185714 1.2185714 1.2185714 1.2185714 0.95857143 0.95857143 0.95857143 0.95479577 0.83857143 0.83857143 0.83857143 0.71857143 0.71857143 0.80714286 0.80714286 0.80714286 0.76285714 0.76285714
0.50571429 0.34103699 0.46571429 0.46561689 0.13 0.23084171 0.23142857 0.23142857 0.29649618 0.22142858 0.22142857 0.22142857 0.22142857 0.1942866 0.19428571 0.32142847 0.32142857 0.32248251 0.36142857 0.36142857 0.36142857 0.62857143 0.62857143 0.62857143 0.85571429 0.85571429 0.96285714 0.96285714 0.96285714 0.96285716 0.99285745 0.99285728 1.0402078 1.0413765 1.0571259 1.0571429 1.0571429 1.0571429 1.0571429 0.95857143 0.95857143 0.95857143 0.84517884 0.83857143 0.83857143 0.83857134 0.71857143 0.71857143 0.71857462 0.80714286 0.80713014 0.52285714 0.76285714
0.56998779 0.56999998 0.46571429 0.46571429 0.46571429 0.23142857 0.23142857 0.23142857 0.41 0.41 0.22142857 0.22142857 0.22142857 0.19428571 0.19428571 0.19428571 0.19428571 0.19430475 0.36142857 0.36142857 0.36142858 0.62857143 0.62857143 0.62857143 0.85571429 0.85571429 0.96285714 0.96285714 0.96285714 0.99251889 0.99285714 0.99285714 0.99285714 0.99285714 1.0571111 1.0571429 1.0571429 1.0571429 1.0571429 0.71714292 0.71714286 0.71714286 0.71714286 0.83856778 0.36285714 0.36285714 0.36285714 0.40142857 0.40142857 0.40142857 0.52285714 0.52285714 0.52285714
0.57 0.57 0.46571429 0.46571429 0.46571429 0.23266002 0.23142857 0.41 0.41 0.41 0.22145178 0.22142857 0.17823769 0.19428571 0.19428571 0.19428571 0.19428571 0.10714286 0.10714286 0.10714286 0.26000001 0.26000027 0.62856963 0.62857143 0.62872837 0.78571429 0.78571429 0.78571471 0.96282852 1.0457038 1.045714 1.0457051 0.99294748 0.99290276 1.0457274 1.0571426 1.0550507 0.43285714 0.43285714 0.71714286 0.71714286 0.71714286 0.71714286 0.36285714 0.36285714 0.36285714 0.36285714 0.40142857 0.40142857 0.40142857 0.52285714 0.52285714 0.52285714
0.57 0.57 0.46571429 0.46571429 0.46571429 0.46571428 0.29826264 0.41 0.41 0.41 0.40986664 0.16857143 0.16857143 0.16857143 0.19413417 0.19428571 0.10772356 0.10714286 0.10714286 0.10714286 0.26 0.26 0.26 0.26 0.78571429 0.78571429 0.78571429 0.78571429 0.78571429 1.0457143 1.0457143 1.0457143 1.0457143 1.0457145 1.1428571 0.43285714 0.43285714 0.43285714 0.43285714 0.43285664 0.23 0.23 0.23 0.25789293 0.31571429 0.31571429 0.31571429 0.40142857 0.40142859 0.42142857 0.42142857 0.60140946 0.60142857
0.57 0.57 0.50335411 0.46571429 0.46571429 0.46571429 0.49271011 0.41026112 0.41 0.41 0.16857149 0.16857143 0.16857143 0.16857143 0.16857143 0.17067001 0.10714286 0.10714286 0.10714286 0.10714286 0.25999882 0.26 0.26 0.26 0.78571429 0.78571429 0.78571429 0.78571429 0.78571429 0.75118737 1.0457143 1.0457143 1.0457143 1.1428571 1.1428571 1.1423058 0.43285714 0.43285714 0.49637072 0.54571427 0.23 0.23 0.23 0.25829042 0.31571429 0.31571429 0.31571429 0.43714286 0.42162437 0.42142857 0.42142857 0.60142857 0.60142857
0.71 0.71 0.71 0.52696343 0.46609538 0.49285714 0.49285714 0.49285714 0.49285714 0.46142857 0.46142857 0.16857145 0.16857143 0.16857143 0.16857143 0.16856754 0.10714286 0.10714286 0.10714286 0.10714286 0.1932981 0.26 0.26 0.25947659 0.26430004 0.78571429 0.78571429 0.78571429 0.64714286 0.64714286 0.64714286 0.64714453 1.1428571 1.1428571 1.1428571 1.1428571 0.54571429 0.54571429 0.54571429 0.54571429 0.25285714 0.25285714 0.25285714 0.52856589 0.52857143 0.52857143 0.52857136 0.43714286 0.43714286 0.42144772 0.42142857 0.60142747 0.60142857
0.71 0.71 0.71 0.710001 0.72857143 0.6942947 0.49285714 0.49285714 0.49285714 0.46142857 0.46142857 0.46142857 0.35714285 0.35714286 0.35714286 0.35714286 0.10785465 0.10714286 0.10714286 0.10714286 0.10945962 0.24000005 0.24 0.24 0.24 0.24000001 0.22857143 0.22857143 0.64714286 0.64714286 0.64714286 0.64714286 1.1428569 1.1428571 1.1428571 1.1428258 0.54571429 0.54571429 0.54571429 0.5460715 0.25285714 0.25285714 0.25285714 0.52855864 0.52857143 0.52857143 0.52857143 0.43714286 0.43714286 0.43714285 0.38285714 0.38285714 0.50285714
