interpolatedSpi/03-08|20_3.tif
NCOLS 53
NROWS 52
XLLCORNER -116.03883
YLLCORNER 28.596182
DX 0.49850594
DY 0.49788537
NODATA_VALUE -9999
[rows 0 to 28 of 52, columns 0 to 52 of 53]
0.75 0.75 0.23547009 -0.13833333 0.42833333 0.4 0.94333333 0.81666667 0.20311188 0.021666667 0.11333333 0.37833333 0.1150656 0.91166667 0.29833333 0.29833333 0.29833333 0.54833333 0.56666667 0.56666667 0.56666667 0.56666484 0.37666666 0.175 0.175 0.175 0.86833569 0.86833333 0.86833333 0.54666667 0.54666667 0.54666667 0.54666667 0.82833328 0.82833333 0.82833333 0.82833333 0.82833333 0.82833333 0.82833334 1.258697 1.263124 0.44166667 0.44166667 0.44166667 0.44166667 0.44231184 0.83666667 0.83666667 0.83666667 1.3733322 1.3733333 1.3733333
0.74997386 0.16166667 0.44833402 0.54990935 0.80476582 1.0216667 0.89333333 0.71203667 0.365 0.35166667 0.19333333 0.115 0.115 0.7555224 0.91165936 0.29833333 0.54833333 0.54833333 0.56664276 0.56666667 0.56666667 0.56666667 0.15140104 0.175 0.175 0.175 0.30666666 0.30666667 0.54666667 0.54666667 0.54666667 0.54666667 0.54666667 0.82833329 0.82833333 0.82833333 0.82833333 0.82833333 0.82833329 0.70540342 0.090037348 0.39899482 0.44166667 0.44166667 0.44166667 0.44166667 0.44166667 0.83666667 0.83666667 0.83666667 0.88116758 1.3733333 1.3733333
1.5266223 1.5266667 1.04 1.5316667 0.82166667 0.655 0.74 0.315 0.45 0.22666667 0.67333333 -0.30833333 -0.35666667 0.16 0.755 0.64 0.54833333 0.54833333 0.54833333 0.441703 0.44166667 0.44166667 -0.27333333 0.175 0.175 0.175 0.30666667 0.30666667 0.30666667 0.54666667 0.54666667 0.54666662 0.036382595 0.82590624 0.82236079 0.19254656 0.18666667 0.18666667 0.17450855 0.090000001 0.09 0.090449693 0.44166667 0.44166667 0.44166667 0.44166667 0.44166667 0.83666667 0.83666667 0.83666667 0.83666667 1.3733333 1.3733333
0.7 1.5266665 0.60830142 0.86666667 0.225 0.74166667 1.15 -0.21666667 0.49 0.36967146 0.31 0.22333333 0.15 0.16 0.44333333 0.64 -0.14726358 -0.15284171 -0.12 0.44166667 0.44166667 -0.96666667 -0.27333333 -0.27333333 0.175 0.17500066 0.30666667 0.30666667 0.30666667 -0.67 -0.58404049 -0.51333333 -0.51333333 -0.51333278 0.18666667 0.18666667 0.18666667 0.18666667 0.09 0.09 0.09 0.090000013 0.44166667 0.44166667 0.44166667 0.44166667 0.44166667 0.83666168 0.83666667 0.83666667 0.83666667 1.3732473 1.3733333
0.7 0.22000071 0.60833333 0.58046434 0.225 0.69333333 0.36671198 0.22833333 0.095 0.29500002 0.19349863 0.14674306 0.68 0.44333333 0.44333333 0.56245833 -0.15333333 -0.15333333 -0.12 -0.12 0.44166382 -0.96666667 -0.97666667 -0.22333333 -0.23166667 -0.23178853 0.30666667 0.30666667 -0.67 -0.67 -0.51333333 -0.51333333 -0.51333333 -0.47876151 0.18666667 0.18666667 0.18666667 0.09 0.09 0.09 0.09 0.090008205 0.44166666 0.44166667 0.44166667 0.44166667 0.44166667 0.44518266 0.83666667 0.83657258 -1.2616667 -1.2616667 -1.2616667
-0.82666667 0.37166667 0.79666666 0.41 0.78833333 0.98666667 0.50166667 0.46667217 0.665 0.17833333 0.53833333 0.03 0.030000429 0.01 0.01 -0.22166425 -0.22166667 -0.42166667 -0.42166667 -0.12000059 -1.265 -1.265 -0.22333333 -0.23166667 -0.23166667 -0.75333333 -1.3016667 -1.3016667 -0.071721269 -0.67 -0.51333333 -0.51333333 -0.33 -0.32996726 -0.016689279 -0.55166667 -0.55166667 -0.10851423 0.09 0.09 0.17489399 0.175 0.17500038 -0.9696389 -0.99484122 -0.99499962 -0.99499995 -0.99499947 -1.9901112 -1.2616667 -1.2616667 -1.2616667 -1.2616667
-0.58500351 0.16333333 -0.35344094 0.55 1.2983333 0.40333333 0.46166667 0.52833333 0.375 0.375 0.53833333 0.19 -0.63000002 0.01 -0.211666 -0.21166667 -0.22166667 -0.49333333 -0.79166667 -0.79166667 -1.1856704 -1.0966667 -1.0966667 -1.2933333 -0.75333333 -0.75333333 -1.3016667 -1.3016667 -0.071678419 -0.071883039 0.60062796 -0.33 -0.33 -0.016666667 -0.016666667 -0.86937336 -0.55166667 -0.55166667 -1.4333028 0.17499776 0.175 0.175 0.17500115 -0.99499619 -0.995 -0.995 -0.995 -0.99500073 -2.2133333 -1.2618553 -1.2616667 -1.2616667 -1.2616667
-0.585 -0.825 -0.115 -0.53833333 -0.96330897 -0.16833333 0.071666667 -0.12666665 0.0066666668 -0.19333333 -0.19333333 -0.75666667 -0.63 -0.63 -0.21453682 -0.47882204 -0.505 -0.30833333 -0.66000014 -0.79166667 -1.2980946 -1.2583333 -1.6033333 -0.95 -0.95000258 -1.15 -1.5566667 -1.5566666 -0.27262667 -0.27333332 0.60333333 0.18907643 0.15 -0.016666667 -0.036726579 -1.135 -1.135 -1.4333333 -1.4333333 0.175 0.175 0.175 -0.31112888 -0.3116667 -0.995 -0.995 -0.995 -2.213287 -2.2133333 -2.2133333 -1.2616667 -1.2616667 -1.2616667
-0.82474714 -0.82499999 -0.595 -0.30166667 0.005 -0.41166667 -0.11 0.78166667 0.535 0.50044437 -0.135 -0.35166667 -0.35166667 -0.80833333 -0.80832978 -0.86067261 -0.86166667 -0.86166667 -0.3620158 -1.63 -1.7266667 -1.7266667 -1.3166667 -1.4903627 -1.1298453 -1.15 -1.3266667 -1.5566667 -0.75965849 -0.755 0.2 1.155 0.67484775 -0.785 -0.72 -0.88833333 -0.85666667 -0.66 -0.81326253 0.17581092 0.35666667 -0.29333333 -0.31165988 -0.31166667 -0.31551284 -0.995 -1.5183333 -2.2133333 -2.2133333 -2.2133333 -2.2133333 -1.300264 -1.23
-0.82333333 -0.82333333 -0.46666667 -0.38166667 0.091666667 0.18333333 0.056666667 0.215 0.80666667 0.49165391 0.018333333 -0.16833333 -0.80833333 -0.80833333 -0.43 -0.4359205 -0.86166667 -0.86167657 -0.93333333 -1.63 -1.63 -1.6424539 -1.3166667 -1.4949966 -1.495 -1.495 -1.3266667 -0.46666667 -0.46666667 -0.755 -0.755 1.1531919 0.20166667 -0.785 -0.43333333 -0.88833333 -0.85666667 -1.395 -0.81333333 0.73450099 -0.2933333 -0.28476208 -0.27 -0.31166667 -0.31166667 -1.5183333 -1.5183333 -1.5183333 -2.2133333 -2.2133333 -1.5716667 -1.5716667 -1.5716665
-0.82333333 -0.82333333 -1.12 -1.0166667 -0.51 -0.16166667 -0.41999999 0.13332641 -0.14333333 -0.17 -0.20333333 -0.425 -0.16867598 -0.43 -0.43 -0.43002557 -0.65166667 -0.66644985 -0.93333333 -0.23666667 -0.23666667 -0.71333333 -0.71333333 -1.495 -1.495 -1.495 -0.46666667 -0.46666667 -0.46666667 -0.95166667 -0.95166667 -0.95166477 -0.42833333 -0.42833333 -0.575 -1.0516667 -0.555 -0.70000118 -1.275 0.76 0.76 -0.005000871 -0.27 -0.31166667 -1.01 -1.185 -0.87777069 -0.875 -1.3283333 -1.3283333 -1.5716667 -1.5716667 -1.5716667
-0.82333333 -0.95141706 -1.075904 -1.1249888 -0.81 -0.82666667 -0.42 0.13333333 -0.14333102 -0.16970457 -0.42499967 -0.425 -0.21333333 -0.43 -0.43 -0.65166666 -0.65166667 -0.6516827 -0.93333333 -0.23666667 -0.3302743 -0.71333333 -0.71333333 -1.4949682 -1.495 -1.3596771 -1.0833333 -1.0833333 -1.0833333 -0.95166667 -0.95166667 -1.085 -1.085 -0.42833374 -0.575 -0.38666684 -0.60043347 -0.7 -0.7 0.75999998 -0.005 -0.005 -0.0050073099 -1.01 -1.01 -1.185 -0.875 -0.875 -1.3283333 -1.3283333 -1.5716667 -1.5716667 -1.5716667
-0.18 0.11565133 0.21995378 0.21025779 -0.80999996 -0.82666627 -0.42000001 0.12652211 -0.12426817 -0.14402967 -0.21333333 -0.21333333 -0.21333333 -0.21333333 -0.42996931 -0.65166667 -0.65166667 -0.65530343 -0.93333333 -0.23671593 -0.39166667 -0.39166667 -0.39166667 -0.39166667 -1.4759911 -1.0833333 -1.0833333 -1.0833333 -1.0833333 -1.083251 -1.085 -1.085 -1.085 -1.085 -0.38666667 -0.38666667 -0.38666667 -0.68505346 -0.69689564 -0.28666667 -0.28666667 -0.0050151503 -0.78834092 -1.0099786 -1.01 -1.185 -0.875 -0.875 -1.3283333 -1.3283333 -1.5707839 -1.5716667 -1.3578089
-0.18 0.22 0.22 0.22 0.22 0.21999956 -0.42104094 -0.15821916 -0.073404105 -0.21325857 -0.21333333 -0.21333333 -0.21333333 -0.21333333 -0.21333323 -0.65166666 -0.65166671 -0.67098708 -0.93332765 -0.39166667 -0.39166667 -0.39166667 -0.39166667 -0.39166667 -0.40654893 -1.0712733 -1.0633333 -1.0633333 -1.0633333 -1.0633333 -1.085 -1.085 -1.0850001 -1.2066667 -1.2066667 -0.38666667 -0.38180571 -0.38166667 -0.28666672 -0.28666667 -0.28666667 -0.28666667 -0.78833333 -0.78833333 -0.78833333 -0.79109377 -1.1168145 -1.1183333 -1.1183333 -1.1183333 -1.1183333 0.27666629 0.27666667
0.27666667 0.22 0.22 0.22 0.22 0.22 0.21999996 -0.26401077 -0.06991828 -0.07 -0.07 -0.07 -0.07 -0.07 -0.070000001 -0.29704303 -0.64613739 -0.69023615 -0.39173468 -0.39166667 -0.39166667 -0.39166667 -0.39166667 -0.39166698 -1.08 -1.08 -1.08 -1.0633333 -1.0633333 -1.0638907 -1.3416667 -1.3416667 -1.2066667 -1.2066667 -1.2066667 -0.51382268 -0.38166667 -0.38166667 -0.38166667 -0.28666667 -0.28666667 -0.28666667 -0.78833333 -0.78833333 -0.78833333 -0.78833333 -1.1183333 -1.1183333 -1.1183333 -1.1183333 -1.1183333 0.27666667 0.27666667
0.27666667 0.25557031 0.22 0.22 0.22 0.22 -0.19825123 -0.19833333 -0.19833333 -0.07 -0.07 -0.07 -0.07 -0.07 -0.12110729 -0.30166667 -0.30166667 -0.30166667 -0.65918239 -0.65999973 -0.66 -0.66 -0.66 -0.66 -1.08 -1.08 -1.08 -1.08 -1.0633333 -1.3416667 -1.3416667 -1.3416667 -1.2066667 -1.2066667 -1.2066667 -0.355 -0.38163136 -0.38166667 -0.38166667 -0.28674434 -0.44173682 -0.80345082 -0.78833333 -0.78833333 -0.64211929 -0.64166667 -0.64166667 -1.1165117 -0.013873123 -0.010000097 -0.01000021 0.34332315 0.2766668
0.27666667 0.1809746 0.19891475 0.22 0.22 -0.19808616 -0.19833333 -0.19833333 -0.19833333 -0.19740853 -0.07 -0.07 -0.07 -0.070000028 -0.30166667 -0.30166667 -0.30166667 -0.30166667 -0.65967991 -0.66 -0.66 -0.66 -0.66 -0.66 -1.08 -1.08 -1.08 -1.08 -1.0809518 -1.3416667 -1.3416667 -1.3416667 -0.74333335 -1.2065689 -0.355 -0.355 -0.355 -0.35949062 -0.77819925 -0.805 -0.805 -0.805 -0.66166667 -0.66166667 -0.64166667 -0.64166667 -0.64166667 -0.010000008 -0.01 -0.01 -0.01 0.34333333 0.34333333
0.17863959 0.17833333 0.17833333 0.17833333 -0.016666667 -0.19832865 -0.19833333 -0.19833333 -0.19833333 -0.19833333 -0.052208625 -0.069996938 -0.069999993 -0.30166667 -0.30166667 -0.30166667 -0.30166667 -0.30166667 -0.38731019 -0.66 -0.66 -0.66 -0.66 -0.66 -0.73868758 -0.5450029 -0.545 -0.545 -0.545 -1.3416666 -0.74333334 -0.74333333 -0.74333333 -0.74333333 -0.355 -0.35501075 -0.76333333 -0.76333333 -0.80447973 -0.805 -0.805 -0.805 -0.66166667 -0.66166667 -0.64476336 -0.64166667 -0.64166667 -0.01 -0.01 -0.01 -0.0062113479 0.34333333 0.34333333
0.17833333 0.17833333 0.17833333 0.086504924 -0.016666667 -0.016666667 -0.19833333 -0.19833333 -0.19833333 -0.19833333 0.165 0.165 0.165 -0.30166667 -0.30166667 -0.30166667 -0.30166667 -0.30170908 -1.2133333 -1.2133333 -0.66000022 -0.66 -0.66271861 -0.77166667 -0.76962608 -0.545 -0.545 -0.545 -0.545 -0.74331314 -0.74333333 -0.74333333 -0.74333333 -0.74333333 -0.7633319 -0.76333333 -0.76333333 -0.76333333 -0.76345477 -0.805 -0.805 -0.805 -0.66166667 -0.66166667 -0.66166667 -0.64166667 -0.64166667 -0.010000005 -0.01 -0.0099999991 0.34333333 0.34333333 0.34333333
0.17833333 0.17833333 0.17833333 -0.016666667 -0.016666667 -0.016666667 -0.016666944 -0.19833333 -0.19833333 0.16462494 0.165 0.165 0.165 0.16470924 -0.50941842 -0.55833333 -0.55833333 -0.55833334 -1.2133333 -1.2133333 -1.2133333 -0.77166667 -0.77166667 -0.77166667 -0.77159197 -0.52401903 -0.545 -0.545 -0.545 -0.34436567 -0.25838103 -0.25833333 -0.25833333 -0.25833333 -0.58135142 -0.32666766 -0.32666667 -0.32666667 -0.32666667 -0.19008415 -0.19 -0.19 -0.66166667 -0.66166667 0.33999582 0.33999995 0.21166667 0.21166667 0.355 0.355 0.355 0.34333333 0.68802486
0.17833445 0.17833333 0.17833333 -0.016666667 -0.016666667 -0.016666667 -0.016666668 -0.10833336 -0.19797348 0.16513299 0.165 0.165 0.165 0.16358062 -0.55833333 -0.55833333 -0.55833333 -0.55833352 -1.2133333 -1.2133333 -1.2133333 -0.77166667 -0.77166667 -0.77166667 -0.505 -0.505 -0.55833333 -0.55833333 -0.55833333 -0.55669674 -0.25833333 -0.25833333 -0.25833333 -0.25833333 -0.29248126 -0.32666667 -0.32666667 -0.32666667 -0.32666667 -0.19 -0.19 -0.19 -0.17332417 0.34 0.34 0.34 0.21166667 0.21166667 0.355 0.355 0.355 0.68833332 0.68833333
0.53833333 0.3487993 -0.41 -0.40988589 -0.016666667 -0.10780295 -0.10833333 -0.10833333 -0.0081292106 0.31166666 0.31166667 0.31166667 0.31166667 -0.7049669 -0.705 -0.55833345 -0.55833333 -0.57559162 -1.2133333 -1.2133333 -1.2133333 -1.135 -1.135 -1.135 -0.505 -0.505 -0.55833333 -0.55833333 -0.55833333 -0.55833309 -0.21833359 -0.21833345 -0.25732799 -0.25829045 -0.46309837 -0.46333333 -0.46333333 -0.46333333 -0.46333333 -0.19 -0.19 -0.19 0.31081627 0.34 0.34 0.33999992 0.21166667 0.21166667 0.21167183 0.355 0.35499791 0.30833333 0.68833333
-0.001564119 -0.0016667375 -0.41 -0.41 -0.41 -0.10833333 -0.10833333 -0.10833333 0.16666667 0.16666667 0.31166667 0.31166667 0.31166667 -0.705 -0.705 -0.705 -0.705 -0.70505585 -1.2133333 -1.2133333 -1.2133333 -1.135 -1.135 -1.135 -0.505 -0.505 -0.55833333 -0.55833333 -0.55833333 -0.22216686 -0.21833333 -0.21833333 -0.21833333 -0.21833333 -0.46321244 -0.46333333 -0.46333333 -0.46333333 -0.46333333 -0.59166656 -0.59166667 -0.59166667 -0.59166667 0.3399966 -0.10333333 -0.10333333 -0.10333333 0.33 0.33 0.33 0.30833333 0.30833333 0.30833333
-0.0016666667 -0.0016666667 -0.41 -0.41 -0.41 -0.10991895 -0.10833333 0.16666667 0.16666667 0.16666667 0.31164882 0.31166667 -0.23853065 -0.70499992 -0.705 -0.705 -0.705 -0.93333333 -0.93333333 -0.93333333 -1.1666667 -1.1666666 -1.1350002 -1.135 -1.1346591 -0.85833333 -0.85833333 -0.85833262 -0.55838182 0.10326923 0.10333162 0.10327717 -0.21778357 -0.21805574 -0.41948947 -0.46333341 -0.46399799 -0.66166667 -0.66166667 -0.59166667 -0.59166667 -0.59166667 -0.59166667 -0.10333333 -0.10333333 -0.10333333 -0.10333333 0.33 0.33 0.33 0.30833333 0.30833333 0.30833333
-0.0016666667 -0.0016666667 -0.41 -0.41 -0.41 -0.41 -0.0054088664 0.16666667 0.16666667 0.16666667 0.16637483 -0.36166667 -0.36166667 -0.36166667 -0.70297666 -0.705 -0.93181178 -0.93333333 -0.93333333 -0.93333333 -1.1666667 -1.1666667 -1.1666667 -1.1666667 -0.85833333 -0.85833333 -0.85833333 -0.85833333 -0.85833333 0.10333333 0.10333333 0.10333333 0.10333333 0.10333292 -0.093333333 -0.66166667 -0.66166667 -0.66166667 -0.66166667 -0.66166783 -1.04 -1.04 -1.04 -0.81112396 -0.33666667 -0.33666667 -0.33666667 0.32999998 0.32999963 -0.053333333 -0.053333333 0.21169018 0.21166667
-0.0016666667 -0.0016666667 -0.26262034 -0.41 -0.41 -0.41000001 -0.91474426 0.1632526 0.16666667 0.16666667 -0.36166674 -0.36166667 -0.36166667 -0.36166667 -0.36166667 -0.38989363 -0.93333333 -0.93333333 -0.93333333 -0.93333333 -1.1666649 -1.1666667 -1.1666667 -1.1666667 -0.85833333 -0.85833333 -0.85833333 -0.85833333 -0.85833333 -0.36959877 0.10333333 0.10333333 0.10333333 -0.093333333 -0.093333333 -0.093774658 -0.66166667 -0.66166667 -0.60538882 -0.56166668 -1.04 -1.04 -1.04 -0.81369055 -0.33666667 -0.33666667 -0.33666667 -0.068333333 -0.053520232 -0.053333333 -0.053333333 0.21166667 0.21166667
-0.87166667 -0.87166667 -0.87166667 -0.52575252 -0.41091125 -0.91666667 -0.91666667 -0.91666667 -0.91666667 -0.73166667 -0.73166667 -0.36166669 -0.36166667 -0.36166667 -0.36166667 -0.3617029 -0.93333333 -0.93333333 -0.93333333 -0.93333333 -1.0648476 -1.1666667 -1.1666667 -1.1533634 -0.66723911 -0.85833333 -0.85833333 -0.85833333 -0.53666667 -0.53666667 -0.53666667 -0.53666398 -0.093333333 -0.093333333 -0.093333333 -0.093333333 -0.56166667 -0.56166667 -0.56166667 -0.56166667 -0.835 -0.835 -0.835 -0.23834533 -0.23833333 -0.23833333 -0.23833336 -0.068333333 -0.068333333 -0.05335161 -0.053333333 0.21166589 0.21166667
-0.87166667 -0.87166667 -0.87166667 -0.87167528 -1.0316667 -1.0149438 -0.91666667 -0.91666667 -0.91666667 -0.73166667 -0.73166667 -0.73166667 -0.43833333 -0.43833333 -0.43833333 -0.43833334 -0.93347683 -0.93333333 -0.93333333 -0.93333333 -0.93684374 -0.65833473 -0.65833333 -0.65833333 -0.65833333 -0.65833334 -0.96666667 -0.96666667 -0.53666667 -0.53666667 -0.53666667 -0.53666667 -0.093333532 -0.093333333 -0.093333333 -0.093355732 -0.56166666 -0.56166667 -0.56166667 -0.5604676 -0.835 -0.835 -0.835 -0.238361 -0.23833333 -0.23833333 -0.23833333 -0.068333333 -0.068333333 -0.068333316 0.058333333 0.058333333 0.415
-0.87166667 -0.87166667 -0.87166667 -1.0316663 -1.0316667 -1.0316667 -0.91666671 -0.91666667 -0.91666667 -0.73166667 -0.73166667 -0.73166667 -0.43833333 -0.43833333 -0.43833333 -0.48199814 -1.0116667 -1.0116667 -1.0116665 -0.93377578 -0.65833333 -0.65833333 -0.65833333 -0.65833333 -0.65833333 -0.65856537 -0.96666667 -0.96666667 -0.96666667 -0.53666667 -0.53666667 -0.53663985 -0.36833333 -0.36833333 -0.36833333 -0.25333333 -0.25333333 -0.28833333 -0.28833333 -0.28833333 0.265 -0.83465496 -0.83499152 0.30166667 0.30166667 0.28120128 -0.23833162 -0.068333333 -0.068333333 0.058333333 0.058333333 0.058333333 0.415
