interpolatedSpi/03-02|23_1.tif
NCOLS 53
NROWS 52
XLLCORNER -116.03883
YLLCORNER 28.596182
DX 0.49850594
DY 0.49788537
NODATA_VALUE -9999
0.36 0.36 -0.8527265 -0.85 -0.13 -0.18 -0.26 -0.35 -0.22723642 0.1 0.24 -0.39 -0.95996542 -0.54 -0.62 -0.62 -0.62 -1.07 -0.9 -0.9 -0.9 -0.89998151 1.02 -1.11 -1.11 -1.11 0.97000766 0.97 0.97 -0.28 -0.28 -0.28 -0.28 -1.6299997 -1.63 -1.63 -1.63 -1.63 -1.63 -1.6299999 1.7436602 1.7790753 -1.85 -1.85 -1.85 -1.85 -1.8483177 -0.82 -0.82 -0.82 0.57999709 0.58 0.58 
0.35996757 -0.37 -0.55999962 -0.5247157 -0.4000551 -0.18 -1.04 -1.3594737 -1.05 -1.03 -1.26 -0.96 -0.96 -0.90876625 -0.54000518 -0.62 -1.07 -1.07 -0.90022166 -0.9 -0.9 -0.9 -1.0968407 -1.11 -1.11 -1.11 -2.3699999 -2.37 -0.28 -0.28 -0.28 -0.28 -0.28 -1.6299998 -1.63 -1.63 -1.63 -1.63 -1.6299999 -1.5816477 -1.4199591 -1.7978224 -1.85 -1.85 -1.85 -1.85 -1.85 -0.82 -0.82 -0.82 -0.70391066 0.58 0.58 
0.43997408 0.44 -0.23 -0.13 -0.48 -0.87 -1.44 -1.6 -1.54 -1.38 -1.35 -1.75 -1.41 0.36 -0.91 -2.16 -1.07 -1.07 -1.07 -1.0799477 -1.08 -1.08 -0.86 -1.11 -1.11 -1.11 -2.37 -2.37 -2.37 -0.28 -0.28 -0.2800001 -1.2620561 -1.6285637 -1.6205991 -0.62925511 -0.62 -0.62 -0.72061892 -1.42 -1.42 -1.4205499 -1.85 -1.85 -1.85 -1.85 -1.85 -0.82 -0.82 -0.82 -0.82 0.58 0.58 
0.77 0.43999994 0.13992953 0.3 -0.44 -0.98 -1.05 -1.89 -1.32 -0.97200357 -1.38 -1.28 -1.2 0.36 -1.12 -2.16 -0.9096402 -0.90011911 -0.87 -1.08 -1.08 -1.52 -0.86 -0.86 -1.11 -1.1100063 -2.37 -2.37 -2.37 -1.55 -1.9724819 -2.32 -2.32 -2.3199986 -0.62 -0.62 -0.62 -0.62 -1.42 -1.42 -1.42 -1.42 -1.85 -1.85 -1.85 -1.85 -1.85 -0.82001299 -0.82 -0.82 -0.82 0.57997289 0.58 
0.77 1.1599981 0.14 -0.13916844 -0.44 -0.73 -1.3899733 -1.93 -1.64 -1.3800003 -1.3008171 -1.2599098 -0.63 -1.12 -1.12 -1.7960659 -0.9 -0.9 -0.87 -0.87 -1.0800009 -1.52 -1.23 -0.79 -0.38 -0.38001453 -2.37 -2.37 -1.55 -1.55 -2.32 -2.32 -2.32 -2.0126255 -0.62 -0.62 -0.62 -1.42 -1.42 -1.42 -1.42 -1.4200193 -1.85 -1.85 -1.85 -1.85 -1.85 -1.8408317 -0.82 -0.81997444 -0.25 -0.25 -0.25 
-0.97 0.56 0.88000005 0.08 -0.02 -0.42 -1.31 -1.3893778 -1.52 -1.31 -0.82 -1.18 -1.1799996 -0.34 -0.34 -1.2598914 -1.26 -0.97 -0.97 -0.86999961 -1.26 -1.26 -0.79 -0.38 -0.38 -0.44 -0.56 -0.56 -0.51009476 -1.55 -2.32 -2.32 -0.69 -0.68993626 -0.08004403 -1.3 -1.3 -1.3828753 -1.42 -1.42 -1.6197506 -1.62 -1.619998 -1.1820039 -1.1700752 -1.1700002 -1.17 -1.1700002 -0.54890837 -0.25 -0.25 -0.25 -0.25 
1.1499652 1.46 0.91108765 0.94 0.88 -0.22 -1.01 -1.28 -1.57 -1.57 -0.82 -1.61 -1.8299998 -0.34 -0.80999859 -0.81 -1.26 -0.73 -0.43 -0.43 -1.0479308 -0.81 -0.81 -0.58 -0.44 -0.44 -0.56 -0.56 -0.51001399 -0.5102575 -0.04219067 -0.69 -0.69 -0.08 -0.08 -1.2237504 -1.3 -1.3 -1.789983 -1.6200002 -1.62 -1.62 -1.6199891 -1.170002 -1.17 -1.17 -1.17 -1.1699997 -0.59 -0.25006738 -0.25 -0.25 -0.25 
1.15 -0.38 0.54 0.4 0.47999541 0.22 -0.1 -0.58 0.05 -1.34 -1.34 -1.21 -1.83 -1.83 -0.81699815 -0.76446215 -0.76 -0.79 -0.28000015 -0.43 -0.36366801 -0.21 -2.15 -0.38000001 -0.38000413 -0.7 -0.63 -0.62999998 -0.74915901 -0.74999999 -0.04 -0.024711489 -0.65 -0.08 -0.1062395 -1.16 -1.16 -1.79 -1.79 -1.62 -1.62 -1.62 -1.5150224 -1.52 -1.17 -1.17 -1.17 -0.59002208 -0.59 -0.59 -0.25 -0.25 -0.25 
-0.61667624 -0.37999998 1.1 0.38 -0.2 -0.78 -0.4 0.15 -0.53 0.25148886 -0.25 -1.13 -1.13 -0.58 -0.58000019 -1.8669063 -1.87 -1.87 -0.71214773 -1.3600001 -2.02 -2.02 -2.94 -2.461326 -0.66775245 -0.7 -0.69 -0.63 -0.12296361 -0.12 0.15 -0.57 -0.59518292 -0.66 -1 -0.95 -0.85 -0.86 -0.86 -1.6163843 -0.81 -0.7 -1.5199804 -1.52 -1.51803 -1.17 -2.6499999 -0.59000002 -0.59 -0.59 -0.59 -0.099346 0.33 
-1.94 -1.94 0.07 -0.2 -0.34 -0.7 -0.24 0.31 -0.3 0.44989379 0.26 -0.45 -0.58 -0.58 -0.6 -0.61741862 -1.87 -1.8697512 -0.74 -1.36 -1.36 -1.4450301 -2.94 -2.5800068 -2.58 -2.58 -0.69 -1.19 -1.19 -0.12 -0.12 -0.57009483 -0.62 -0.66 -1.42 -0.95 -0.85 -1.06 -0.86 -0.89935174 -0.7 -0.95713757 -1.4 -1.52 -1.52 -2.65 -2.65 -2.65 -0.59 -0.59 0.96 0.96 0.95999976 
-1.94 -1.94 0.17 0.32 -0.5 -0.51 -1.04 -0.099719566 0.29 -0.11 -0.81 0.38 -0.44889522 -0.6 -0.6 -0.60005883 -1.11 -1.0905807 -0.74 -1.13 -1.13 -0.95 -0.95 -2.58 -2.58 -2.58 -1.19 -1.19 -1.19 -0.71 -0.71 -0.70999985 -1.16 -1.16 -1.57 -1.27 -0.45 -0.89000545 -1.14 -0.9 -0.9 -1.3400002 -1.4 -1.52 -0.97 -0.83 -0.44951796 -0.44000001 0.73 0.73 0.96 0.96 0.96 
-1.94 -1.0287454 0.23401035 -0.63997685 0.34 -0.54 -1.04 -0.1 0.28999674 -0.10556849 0.37999936 0.38 0.45 -0.6 -0.6 -1.11 -1.11 -1.1099789 -0.74 -1.13 -1.0946517 -0.95 -0.95 -2.5799335 -2.58 -2.1165054 -1.17 -1.17 -1.17 -0.71 -0.71 -0.45 -0.45 -1.1600011 -1.57 -0.42000046 -0.62318215 -0.89 -0.89 -0.90000001 -1.34 -1.34 -1.3399973 -0.97 -0.97 -0.83 -0.44 -0.44 0.73 0.73 0.96 0.96 0.96 
-0.86 -0.44612097 -0.49996994 -0.50099768 0.33999537 -0.53997922 -1.04 -0.11157085 0.26312501 0.27955493 0.45 0.45 0.45 0.45 -0.59985126 -1.11 -1.11 -1.1052227 -0.74 -1.1296909 -0.07 -0.07 -0.07 -0.07 -2.5363556 -1.17 -1.17 -1.17 -1.17 -1.1694496 -0.45 -0.45 -0.45 -0.45 -0.42 -0.42 -0.42 -0.86808475 -0.88902363 -0.76 -0.76 -1.3399688 -0.040031837 -0.96991042 -0.97 -0.83 -0.44 -0.44 0.73 0.73 0.95916558 0.96 0.56262747 
-0.86 -0.5 -0.5 -0.5 -0.5 -0.50000001 -1.03872 -0.59517634 0.19142496 0.44981769 0.45 0.45 0.45 0.45 0.45000003 -1.11 -1.1099999 -1.0846205 -0.74000299 -0.07 -0.07 -0.07 -0.07 -0.07 -0.064383877 -0.44134228 -0.15000021 -0.15 -0.15 -0.15 -0.44999999 -0.45 -0.44999966 -0.17 -0.17 -0.42 -0.25472741 -0.25 -0.75999971 -0.76 -0.76 -0.76 -0.04 -0.04 -0.04 -0.04549768 1.2985329 1.31 1.31 1.31 1.31 1.3399999 1.34 
-0.8 -0.5 -0.5 -0.5 -0.5 -0.5 -0.50000003 -0.63554258 0.51774929 0.52 0.52 0.52 0.52 0.52 0.52 0.80392792 -1.0794976 -1.0593342 -0.070084365 -0.07 -0.07 -0.07 -0.07 -0.069999046 0.19 0.19 0.18999952 -0.15 -0.15 -0.14943932 0.13 0.13 -0.17 -0.17 -0.17 -0.23718471 -0.25 -0.25 -0.25 -0.76 -0.76 -0.76 -0.04 -0.04 -0.04 -0.039999999 1.31 1.31 1.31 1.31 1.31 1.34 1.34 
-0.8 -0.68831341 -0.5 -0.5 -0.5 -0.5 -0.18006281 -0.18 -0.17999998 0.52 0.52 0.52 0.52 0.52 0.58397603 0.81 0.81 0.81 0.7475033 0.74999916 0.75 0.75 0.75 0.75 0.19 0.19 0.19 0.19 -0.15 0.13 0.13 0.13 -0.16999997 -0.17 -0.17 0.11 -0.24952335 -0.25 -0.25 -0.75981257 -0.38603662 0.48626403 -0.039999999 -0.04 1.6647228 1.67 1.67 1.3105435 1.6388468 1.64 1.6399999 1.4799788 1.3400003 
-0.8 -0.73188012 -0.61639059 -0.5 -0.5 -0.18018907 -0.18 -0.18 -0.18 -0.1749556 0.52 0.52 0.52 0.52000004 0.81 0.81 0.81 0.81 0.7500536 0.75 0.75 0.75 0.75 0.75 0.19000001 0.19 0.19 0.19 0.18978176 0.13 0.13 0.13 0.14 -0.16996404 0.11 0.11 0.11 0.11437023 0.44315439 0.49 0.49 0.49 1.43 1.43 1.67 1.67 1.67 1.64 1.64 1.64 1.64 1.48 1.48 
-0.7301348 -0.73 -0.73 -0.73 -0.51 -0.18000851 -0.18 -0.18 -0.18 -0.18 0.50182977 0.51999687 0.51999999 0.81 0.81 0.81 0.81 0.81 0.83244153 0.75 0.75 0.75 0.75 0.75 0.41039786 0.28999946 0.29 0.29 0.29 0.13 0.14 0.14 0.14 0.14 0.11 0.11001053 0.51 0.51 0.49024973 0.49 0.49 0.49 1.43 1.43 1.6328397 1.67 1.67 1.64 1.64 1.64 1.6382844 1.48 1.48 
-0.73 -0.73 -0.73 -0.62639872 -0.51 -0.51 -0.18 -0.18 -0.18 -0.18 0.28 0.28 0.28 0.81 0.81 0.81 0.81 0.80996199 1.24 1.24 0.7500002 0.75 0.75900794 1.12 1.1125279 0.29 0.29 0.29 0.29 0.14001527 0.14 0.14 0.14 0.14 0.50999859 0.51 0.51 0.51 0.50994978 0.49 0.49 0.49 1.43 1.43 1.43 1.67 1.67 1.64 1.64 1.64 1.48 1.48 1.48 
-0.73 -0.73 -0.73 -0.51 -0.51 -0.51 -0.5099995 -0.18 -0.18 0.27952515 0.28 0.28 0.28 0.28033021 0.62383285 0.58 0.58 0.58 1.24 1.24 1.24 1.12 1.12 1.12 1.1197815 0.31622622 0.29 0.29 0.29 0.27359511 0.29998426 0.3 0.3 0.3 0.65505366 0.85999921 0.86 0.86 0.86 1.3198864 1.32 1.32 1.43 1.43 2.0199975 2.02 1.93 1.93 1.87 1.87 1.87 1.48 1.7197854 
-0.73000087 -0.73 -0.72999999 -0.51 -0.51 -0.51 -0.51 -0.20999999 -0.18011995 0.27995466 0.28 0.28 0.28 0.28058868 0.58 0.58 0.58 0.58000019 1.24 1.24 1.24 1.12 1.12 1.12 0.34 0.34 0.51 0.51 0.51 0.50885438 0.3 0.3 0.3 0.3 0.57984625 0.86 0.86 0.86 0.86 1.32 1.32 1.32 1.3420247 2.02 2.02 2.02 1.93 1.93 1.87 1.87 1.87 1.72 1.72 
-1.01 -0.86703398 -0.6 -0.59997389 -0.51 -0.21173579 -0.21 -0.21 0.0049833905 0.23 0.23 0.23 0.23 0.71998405 0.72 0.58000011 0.58 0.59739003 1.24 1.24 1.24 0.31 0.31 0.31 0.34 0.34 0.51 0.51 0.51 0.5099999 0.36999956 0.3699998 0.30175934 0.30007504 0.84937306 0.85 0.85 0.85 0.85 1.32 1.32 1.32 1.9814558 2.02 2.02 2.0199999 1.93 1.93 1.9299978 1.87 1.8699946 1.75 1.72 
-0.44010824 -0.44000003 -0.6 -0.6 -0.6 -0.21 -0.21 -0.21 0.38 0.38 0.23 0.23 0.23 0.72 0.72 0.72 0.72 0.72005717 1.24 1.24 1.24 0.31 0.31 0.31 0.34 0.34 0.51 0.51 0.51 0.37157851 0.37 0.37 0.37 0.37 0.84976315 0.85 0.85 0.85 0.85 1.31 1.31 1.31 1.31 2.0199972 1.65 1.65 1.65 1.56 1.56 1.56 1.75 1.75 1.75 
-0.44 -0.44 -0.6 -0.6 -0.6 -0.21204991 -0.21 0.38 0.38 0.38 0.23001847 0.23 0.34439746 0.71999992 0.72 0.72 0.72 0.72 0.72 0.72 0.030000007 0.030000208 0.30999864 0.31 0.30969421 -0.22 -0.22 -0.21999826 0.50988203 -0.28986847 -0.28999649 -0.28988477 0.36887199 0.36943043 0.76408208 0.84999984 0.84859249 0.43 0.43 1.31 1.31 1.31 1.31 1.65 1.65 1.65 1.65 1.56 1.56 1.56 1.75 1.75 1.75 
-0.44 -0.44 -0.6 -0.6 -0.6 -0.6 0.010819765 0.38 0.38 0.38 0.37999448 0.37 0.37 0.37 0.71793737 0.72 0.72 0.72 0.72 0.72 0.03 0.03 0.03 0.03 -0.22 -0.22 -0.22 -0.22 -0.22 -0.29 -0.29 -0.29 -0.29 -0.28999903 0.17 0.43 0.43 0.43 0.43 0.43000379 1.49 1.49 1.49 1.5420663 1.65 1.65 1.65 1.56 1.56 1.52 1.52 1.680017 1.68 
-0.44 -0.44 -0.54225124 -0.6 -0.6 -0.59999998 0.15040814 0.37927517 0.38 0.38 0.36999998 0.37 0.37 0.37 0.37 0.39874044 0.72 0.72 0.72 0.72 0.030005337 0.03 0.03 0.03 -0.22 -0.22 -0.22 -0.22 -0.22 -0.15698784 -0.29 -0.29 -0.29 0.17 0.17 0.1702019 0.43 0.43 0.6213447 0.76999997 1.49 1.49 1.49 1.5416522 1.65 1.65 1.65 1.65 1.5216198 1.52 1.52 1.68 1.68 
0.07 0.07 0.07 -0.43201258 -0.59888305 0.15 0.15 0.15 0.15 0.26 0.26 0.36999999 0.37 0.37 0.37 0.37002218 0.72 0.72 0.72 0.72 0.33109362 0.03 0.03 0.01874672 -0.3919848 -0.22 -0.22 -0.22 -0.11 -0.11 -0.11 -0.11000076 0.17 0.17 0.17 0.17 0.77 0.77 0.77 0.77 1.75 1.75 1.75 1.7200006 1.72 1.72 1.72 1.65 1.65 1.5201584 1.52 1.6799985 1.68 
0.07 0.07 0.07 0.070004847 0.16 0.15854584 0.15 0.15 0.15 0.26 0.26 0.26 0.38 0.38 0.38 0.38 0.71912072 0.72 0.72 0.72 0.70951367 -0.39999882 -0.4 -0.4 -0.4 -0.39999999 0.059999998 0.06 -0.11 -0.11 -0.11 -0.11 0.17000062 0.17 0.17 0.17007005 0.77 0.77 0.77 0.77048255 1.75 1.75 1.75 1.7200014 1.72 1.72 1.72 1.65 1.65 1.65 1.38 1.38 1.05 
0.07 0.07 0.07 0.15999979 0.16 0.16 0.15 0.15 0.15 0.26 0.26 0.26 0.38 0.38 0.38 0.36933766 0.24 0.24 0.24000124 0.71728883 -0.4 -0.4 -0.4 -0.4 -0.4 -0.39965383 0.06 0.06 0.06 -0.11 -0.11 -0.10951082 1.03 1.03 1.03 0.13 0.13 0.88 0.88 0.88 1.32 1.7498651 1.7499978 1.46 1.46 1.4698537 1.7199992 1.65 1.65 1.38 1.38 1.38 1.05 
0.07 0.07 0.07 0.16 0.16 0.16 0.16 0.15 0.15 0.26 0.26 0.37520173 0.38 0.38 0.38 0.24 0.24 0.24 0.24 0.24 -0.4 -0.4 -0.4 -0.4 -0.4 0.059998431 0.06 0.06 0.06 0.65 0.65 0.65 1.03 1.03 1.03 0.13 0.13 0.88 0.88 1.32 1.32 1.32 1.46 1.46 1.46 1.46 1.4238552 1.02 1.02 1.02 1.38 0.37 0.37 
0.07 0.07 0.070125329 0.16 0.16 0.16 0.16 0.22664082 0.23 0.23005151 0.26000001 0.3800134 0.38 0.38 0.37999952 0.24 0.24 0.24 0.24 0.24 0.67410773 -0.4 -0.4 -0.4 -0.399862 0.060011815 0.06 0.06 0.06 0.65 0.65 0.65 0.65005412 1.03 0.13 0.13 0.13 0.13003075 0.88003001 1.32 1.32 1.32 1.4599915 1.46 1.46 1.46 1.0199952 1.02 1.02 1.02 0.37 0.37 0.37 
0.4 0.39999942 0.15996114 0.16 0.16 0.16 0.2299851 0.23 0.23 0.23 0.53999999 0.54 0.54 0.54 0.24138459 0.24 0.24 0.24 0.24 0.71999971 0.72 0.72 0.26999989 0.27 0.27 0.27 0.2518743 0.06 0.55997952 0.56 0.56 0.56 0.56 -0.019999998 -0.02 -0.02 -0.02 -0.02 1.15 1.15 1.15 1.15 1.15 0.54138683 0.54 0.54 0.54 1.02 1.02 1.02 0.3701024 0.37 0.37 
0.4 0.4 0.39832543 0.19999992 0.19999999 0.20002922 0.23 0.23 0.23 0.23 0.54 0.54 0.54 0.54 0.54 0.24 0.24 0.24 0.71999988 0.72 0.72 0.72 0.27 0.27 0.27 0.27 0.27 0.26995585 0.55981078 0.56 0.56 0.56 0.55992399 0.042359178 -0.01993543 -0.02 -0.02 -0.019999998 1.15 1.15 1.15 1.15 1.15 0.54 0.54 0.54 0.54 0.76445738 1.02 0.4069173 0.4 0.09 0.09 
0.4 0.4 0.20002533 0.2 0.2 0.2 0.20761987 0.23 0.23 0.23 0.54 0.54 0.54 0.54 0.54 0.24022784 0.24 0.71985927 0.72 0.72 0.72 0.72 0.43670542 0.27 0.27 0.27 0.27 0.26985828 0.07 0.07 0.07 0.07 0.07 0.09 0.09 0.09 0.09 0.09 0.58 0.58 0.58 0.58 0.58000001 0.5404395 0.54000009 0.54 0.54003051 0.54365117 0.4 0.4 0.4 0.090001736 0.09 
0.39999961 0.19409416 0.2 0.2 0.2 0.2 0.2 0.22998723 0.23 0.23 0.54 0.54 0.54 0.54 0.21732975 0.21 0.21 0.71998687 0.72 0.72 0.72 0.72 0.71999995 0.27 0.27 0.27 0.27 -0.11999981 -0.11999991 -0.079563383 0.07 0.07 0.07 0.09 0.09 0.09 0.09 0.090027091 0.58 0.58 0.58 0.58 0.58002605 0.72 0.72 0.72 0.72 0.71997419 0.4 0.4 0.4 0.4 0.3954345 
0.19 0.19 0.15480973 0.2 0.2 0.2 0.2 0.2 0.22998743 0.32 0.32 0.32 0.3205221 0.21000048 0.21 0.21 0.21 0.21 0.71999904 0.7117942 0.64 0.64 0.64 0.54336026 0.2235789 -0.024811588 -0.23429582 -0.12 -0.12 -0.12 -0.12 -0.12 -0.11209979 0.12820425 0.13 0.13 0.13 0.13 0.64387006 0.91999939 0.92 0.92 0.92 0.81999971 0.72000003 0.72 0.72 1.03 0.40001009 0.4 0.4 0.4 0.4 
0.19 0.19 -0.059999998 -0.06 -0.06 0.19991339 0.2 0.2 0.32 0.32 0.32 0.32 0.32 0.21 0.21 0.21 0.21 0.21 0.64 0.64 0.64 0.64 0.64 -0.30999995 -0.31 -0.31 -0.31 -0.12 -0.12 -0.12 -0.12 -0.12 -0.03 -0.03 0.13 0.13 0.13 0.66990804 0.67 0.92 0.92 0.92 0.92000004 0.82 0.82 0.82 1.03 1.03 1.03 0.51 0.51 0.4 0.4 
0.19 0.19 -0.06 -0.06 -0.06 -0.06 -0.059998628 0.19 0.3198776 0.32 0.32 0.32 0.32 0.21137215 0.21 0.21 0.21 0.21 0.63999999 0.64 0.64 0.64 0.64 -0.31 -0.31 -0.31 -0.31 -0.30999926 -0.12 -0.12 -0.12 -0.030004719 -0.03 -0.03 -0.03 0.13 0.66999999 0.67 0.67 0.67657797 1.1391822 1.18 1.18 0.82 0.82 0.82 1.03 1.03 1.03 0.51 0.51 0.51 -0.14342981 
0.33 0.3299989 -0.06 -0.06 -0.06 -0.06 0.19 0.19 0.19 0.32 0.32 0.32 0.32 0.3199658 0.21 0.21 0.21 0.21 0.63999193 0.64 0.64 0.63999998 -0.14266933 -0.31 -0.31 -0.31 -0.31 -0.68999969 -0.69 -0.68999999 -0.12611427 -0.03 -0.03 -0.03 -0.029999504 0.48999999 0.67 0.67 0.67 0.67 1.18 1.18 1.18 1.44 1.44 1.44 1.0499981 1.03 1.03 0.51 0.51 0.51 -0.19999941 
0.33 0.33 -0.06 -0.06 -0.06 0.19 0.19 0.19 0.19 0.30575702 0.32 0.32 0.32 0.31999943 0.1500069 0.15 0.15 0.15 -0.26265187 -0.63 -0.63 -0.63 -0.63 -0.31 -0.31 -0.31 -0.31002507 -0.69 -0.69 -0.69 -0.69 -0.029983323 0.26248496 0.49 0.49 0.49 0.67119396 0.98999334 0.99 0.99 1.180329 1.6 1.6 1.44 1.44 1.4399983 1.05 1.05 -0.07 -0.07 -0.07 -0.24 0.01 
0.33 0.33 0.27 0.27 0.27 0.19 0.19 0.19 0.19 0.56 0.56 0.56 0.56 0.53110634 0.15 0.15 0.15 0.15 -0.25 -0.63 -0.63 -0.63 -0.63 -0.81 -0.8099998 -0.31000074 -0.69 -0.69 -0.69 -0.69 -0.35079559 -0.02 0.42931699 0.49 0.49 0.49 0.99 0.99 0.99 0.99 1.6 1.6 1.6 1.2900978 1.29 1.0510788 1.05 1.05 -0.070003744 -0.07 -0.24 -0.24 0.01 
0.33 0.27 0.27 0.27 0.27 0.27 0.19163021 0.4 0.4 0.56 0.56 0.56 0.56 0.5599029 0.15 0.15 0.15 0.13192673 -0.25 -0.25 -0.63 -0.63 -0.81 -0.81 -0.81 -0.81 -0.69 -0.69 -0.69 -0.69 -0.02 -0.02 -0.02 0.48948392 0.49 0.49 0.99 0.99 0.99 0.99 1.6 1.6 1.6 1.29 1.29 1.2899258 -0.02 -0.02 -0.98 -0.98 -0.24 -0.24 0.01 
0.27056347 0.27 0.27 0.27 0.27 0.27 0.4 0.4 0.4 0.48563869 0.56 0.56 0.56 0.55999295 0.15 0.15 0.15 -0.25 -0.25 -0.25 -0.62998102 -0.6300011 -0.81 -0.81 -0.81 -0.81 -0.69000853 -0.69 -0.69 -0.020154083 -0.02 -0.02 -0.02 -0.02 0.48885896 0.55 0.55 0.55761496 0.99 0.99 1.5999995 1.6 1.2990133 1.29 1.29 -0.019999529 -0.02 -0.02 -0.98 -0.98 -0.24 -0.24 0.46 
0.27 0.27 0.27 0.27 0.27 0.27 0.4 0.4 0.4 0.4 0.29000778 0.29 0.29 0.29 0.14999953 0.0089778225 -0.07 -0.07 -0.24966817 -0.25 -0.25000007 -0.80999974 -0.81 -0.81 -0.81 -0.81 -0.80991275 -0.69 -0.6899771 -0.02 -0.02 -0.02 -0.02 -0.02 0.55 0.55 0.55 0.55 0.55 0.55000032 0.01 0.01 0.010000003 0.02 0.02 0.02 -0.46 -0.46 -0.46 -0.46 -0.24 -0.23999848 0.46 
0.27 0.27 0.27 0.27 0.27 0.27 0.4 0.4 0.4 0.29 0.29 0.29 0.29 0.29 0.19510486 -0.07 -0.07 -0.07 -0.07 -0.07 -0.078594408 -0.81 -0.81 -0.81 -0.81 -0.78268112 0.058636718 -0.58787556 -0.023304091 -0.02 -0.02 -0.02 -0.02 -0.019998752 0.55 0.55 0.55 0.55 0.55 0.29879325 0.01 0.01 0.01 0.02 0.02 0.02 -0.46 -0.46 -0.46 -0.46 0.0099999905 0.43517587 0.46 
0.27 0.27 0.27 0.27 0.27 0.27000004 0.39999997 0.4 0.39543439 0.29 0.29 0.29 0.29 0.29 0.27273218 -0.07 -0.07 -0.07 -0.07 -0.07 -0.07 -0.073417853 0.059998781 0.06 0.06 0.06 0.06 0.06 -0.67904118 -0.68999207 -0.68999999 -0.69 -0.69 -0.68999911 0.55 0.55 0.55 0.55 0.55 0.010000064 0.01 0.01 0.01 0.010000004 0.020176354 0.13 -0.45999994 -0.23397898 -0.45979847 0.01 0.01 0.019561856 0.47 
0.27 0.27 0.27 0.27 0.27 0.2700083 0.39999299 0.39999334 0.29000014 0.29 0.29 0.29 0.29 0.29 0.28314997 -0.07 -0.07 -0.07 -0.07 -0.07 -0.07 0.06 0.06 0.06 0.06 0.06 0.06 0.06 -0.68979297 -0.69 -0.69 -0.69 -0.69 -0.69 -0.35024012 0.55 0.55 0.55 0.55 0.01 0.01 0.01 0.01 0.010030741 0.13 0.13 0.12774369 -0.23 -0.23 0.01 0.01 0.47 0.47 
0.27 0.27 0.27 0.27 0.27 0.27017337 0.39984259 0.30241278 0.29 0.29 0.29 0.29 0.29 0.29 0.28369758 -0.07 -0.07 -0.07 -0.07 -0.07 -0.051490362 0.06 0.06 0.06 0.06 0.06 0.06 0.06 -0.68999699 -0.69 -0.69 -0.69 -0.69 -0.69 -0.69 0.25012017 -0.21596358 -0.47082869 -0.5096318 -0.055564238 0.0099999772 0.01 0.01 0.12999042 0.13 0.12695571 -0.37999928 -0.23 -0.23 -0.3300567 -0.33 -0.33 0.46999964 
0.27 0.27 0.27 0.27 0.27000013 0.2710841 0.38957895 0.29003025 0.29 0.29 0.29 0.29 0.29 0.29 0.28159345 -0.07 -0.07 -0.07 -0.07 -0.069999999 0.059999439 0.06 0.06 0.06 0.06 0.06 0.06 0.06 -0.6899998 -0.69 -0.69 -0.69 -0.69 -0.69 -0.68999997 -0.53 -0.53 -0.53 -0.53 -1.01 -1.01 -1.01 -1.01 -0.37999852 -0.38 -0.38 -0.38 -0.38000225 -0.59 -0.59 -0.33 -0.33 -0.71693365 
0.27 0.27 0.27 0.27000001 0.27000363 0.27347935 0.29732257 0.29000144 0.29 0.29 0.29 0.29 0.29 0.29 0.27777938 -0.069999852 -0.07 -0.07 -0.07 -0.069217587 0.06 0.06 0.06 0.06 0.06 0.06 0.06 0.06 -0.68999983 -0.69 -0.69 -0.69 -0.69 -0.69 -0.53000015 -0.53 -0.53 -0.53 -0.53 -1.01 -1.01 -1.01 -1.01 -0.83996571 -0.38 -0.38 -0.38 -0.58999765 -0.59 -0.59 -0.89 -0.89 -0.89 
0.27 0.27 0.27000001 0.27000029 0.27003531 0.27806401 0.2903827 0.29000036 0.29 0.29 0.29 0.29 0.29 0.28999998 0.27261279 -0.069991534 -0.07 -0.07 -0.069999851 0.057365994 0.06 0.06 0.06 0.06 0.06 0.06 0.06 0.059999999 -0.6899993 -0.69 -0.69 -0.69 -0.69 -0.90961234 -0.53000014 -0.53 -0.53 -0.53 -0.53 -1.01 -1.01 -1.01 -1.01 -1.01 -0.38 -0.38 -0.38 -0.59 -0.59 -0.59 -0.89 -0.89 -0.89 
0.27 0.27000001 0.27000012 0.27000346 0.27018336 0.28656598 0.29006365 0.29000022 0.29 0.29 0.29 0.29 0.29 0.28999932 0.26647013 -0.069868524 -0.069999992 -0.069999996 -0.069326927 0.059988946 0.06 0.06 0.06 0.06 0.06 0.06 0.06 0.059999563 -0.6899953 -0.69 -0.69000021 -0.96362635 -0.99 -0.99 -0.99 -0.53 -0.53 -0.53 -0.53 -1.01 -1.01 -1.01 -1.01 -1.01 -0.38001117 -0.38 -0.3800001 -0.58999998 -0.59 -0.59000016 -0.89 -0.89 -0.89 
