interpolatedSpi/03-08|19_3.tif
NCOLS 53
NROWS 52
XLLCORNER -116.03883
YLLCORNER 28.596182
DX 0.49850594
DY 0.49788537
NODATA_VALUE -9999
[rows 0 to 30 of 52, columns 0 to 52 of 53]
0.31833333 0.31833333 0.18796866 -0.24833333 -0.16166667 -0.066666667 -0.08 -0.17 -0.80340404 -0.82 -0.62833333 -0.205 -0.613324 -0.5 -0.35666667 -0.35666667 -0.35666667 -0.031666667 -0.19333333 -0.19333333 -0.19333333 -0.19334025 -0.91166666 -0.22666667 -0.22666667 -0.22666667 -0.72832478 -0.72833333 -0.72833333 -1.0633333 -1.0633333 -1.0633333 -1.0633333 -1.6599999 -1.66 -1.66 -1.66 -1.66 -1.66 -1.66 -0.12816575 -0.11193328 -1.1583333 -1.1583333 -1.1583333 -1.1583333 -1.1588424 -1.47 -1.47 -1.47 -0.37500227 -0.375 -0.375
0.31831978 0.013333333 0.35833384 0.27279563 -0.11169146 0.41333333 0.81833333 -0.21827911 -0.75833333 -0.64 -0.20666667 -0.61333333 -0.61333333 -0.01163389 -0.49999282 -0.35666667 -0.031666667 -0.031666667 -0.19312254 -0.19333333 -0.19333333 -0.19333333 -0.2532484 -0.22666667 -0.22666667 -0.22666667 -0.62333331 -0.62333333 -1.0633333 -1.0633333 -1.0633333 -1.0633333 -1.0633333 -1.6599999 -1.66 -1.66 -1.66 -1.66 -1.6599999 -1.3961251 -0.10006299 -1.029913 -1.1583333 -1.1583333 -1.1583333 -1.1583333 -1.1583333 -1.47 -1.47 -1.47 -1.3792016 -0.375 -0.375
0.32665814 0.32666667 0.79833333 0.63666667 -0.13333333 -0.44333333 -0.11333333 0.23 -0.71166667 -0.71166667 -0.355 -0.63333333 -0.04 -0.32833333 -0.01 -0.92 -0.031666667 -0.031666667 -0.031666667 -0.41326938 -0.41333333 -0.41333333 -0.73166667 -0.22666667 -0.22666667 -0.22666667 -0.62333333 -0.62333333 -0.62333333 -1.0633333 -1.0633333 -1.0633333 -1.2085557 -1.6565217 -1.6449988 -0.063101794 -0.048333333 -0.048333333 -0.054831638 -0.1 -0.1 -0.10135334 -1.1583333 -1.1583333 -1.1583333 -1.1583333 -1.1583333 -1.47 -1.47 -1.47 -1.47 -0.375 -0.375
0.27333333 0.3266665 -0.52341861 0.26 -0.425 -0.18666667 -0.053333333 -0.585 -0.43166667 -0.051017943 -0.69833333 -0.89 -0.625 -0.32833333 -0.33166667 -0.92 -0.59583264 -0.5929398 -0.94166667 -0.41333333 -0.41333333 -0.33 -0.73166667 -0.73166667 -0.22666667 -0.22666865 -0.62333333 -0.62333333 -0.62333333 -1.4783333 -1.4161499 -1.365 -1.365 -1.364999 -0.048333333 -0.048333333 -0.048333333 -0.048333333 -0.1 -0.1 -0.1 -0.10000004 -1.1583333 -1.1583333 -1.1583333 -1.1583333 -1.1583333 -1.4699961 -1.47 -1.47 -1.47 -0.37501557 -0.375
0.27333333 -0.0083342779 -0.52333333 -0.69930703 -0.425 -0.245 -0.42997056 -0.6 -0.61333333 -0.97833346 -0.97579955 -0.97334336 -1.0433333 -0.33166667 -0.33166667 -0.72018708 -0.59333333 -0.59333333 -0.94166667 -0.94166667 -0.41333323 -0.33 -0.62333333 -0.73166667 -0.41166667 -0.41168933 -0.62333333 -0.62333333 -1.4783333 -1.4783333 -1.365 -1.365 -1.365 -1.3571429 -0.048333335 -0.048333333 -0.048333333 -0.1 -0.1 -0.1 -0.1 -0.10005824 -1.1583333 -1.1583333 -1.1583333 -1.1583333 -1.1583333 -1.1611076 -1.47 -1.4699723 -0.85166667 -0.85166667 -0.85166667
-1.6033333 -0.12166667 0.19500002 -0.51666667 0.175 0.08 -0.85833333 -0.82525927 -1.1983333 -1.1016667 -1.2283333 -1.17 -1.1699999 -1.7416667 -1.7416667 -0.78661114 -0.78666667 -0.68666667 -0.68666667 -0.9416664 -0.955 -0.955 -0.73166667 -0.41166667 -0.41166667 -0.50833333 -1.1533333 -1.1533333 -0.85172375 -1.4783333 -1.365 -1.365 -1.3233333 -1.3233757 -1.7283042 -1.4383333 -1.4383333 -0.51404397 -0.1 -0.1 -0.70258085 -0.70333333 -0.70333241 -0.19399577 -0.17677516 -0.17666693 -0.1766667 -0.17666704 -0.35634554 -0.85166667 -0.85166667 -0.85166667 -0.85166667
-0.55167379 0.07 0.056365497 -0.069999999 0.305 -0.83833333 -0.94666667 -1.1283333 -1.3166667 -1.3166667 -1.2283333 -1.075 -1.1033332 -1.7416667 -0.55667022 -0.55666667 -0.78666667 -0.56666667 -0.63333333 -0.63333333 -0.95892721 -0.96333333 -0.96333333 -0.54666666 -0.50833333 -0.50833333 -1.1533333 -1.1533333 -0.85167434 -0.85180793 -0.77730403 -1.3233333 -1.3233333 -1.7283333 -1.7283333 -1.2912805 -1.4383333 -1.4383333 -1.3233373 -0.7033342 -0.70333333 -0.70333333 -0.703327 -0.17666547 -0.17666667 -0.17666667 -0.17666667 -0.1766667 -0.23333333 -0.85154413 -0.85166667 -0.85166667 -0.85166667
-0.55166667 -0.90166667 0.33333333 -1.1616667 -0.60169877 -1.45 -1.4966667 -1.125 -1.3066667 -0.87833333 -0.87833333 -0.76666667 -1.1033333 -1.1033333 -0.56041731 -0.3547822 -0.335 -0.48166667 -0.76833319 -0.63333333 -0.30892846 -0.27666667 -0.72 -1.0416667 -1.0416646 -0.87833333 -0.31333333 -0.31333363 -0.98287195 -0.98333333 -0.77666667 -0.86300508 -1.4583333 -1.7283333 -1.7031871 -1.1683333 -1.1683333 -1.3233333 -1.3233333 -0.70333333 -0.70333333 -0.70333333 0.035578564 0.038333322 -0.17666667 -0.17666667 -0.17666667 -0.23333118 -0.23333333 -0.23333333 -0.85166667 -0.85166667 -0.85166667
-0.84325618 -0.90166666 -0.04 0.10166667 -0.36333333 -0.97333333 -0.81666667 -0.75166667 -1.1883333 -0.84144797 -0.82166667 -0.62166667 -0.62166667 -0.205 -0.20499745 -0.77875975 -0.78 -0.78 -0.52542678 -0.041666796 -0.65666667 -0.65666666 -0.36666667 -0.58075715 -0.89479302 -0.87833333 -0.58 -0.31333333 -0.61324701 -0.615 -0.69666667 -0.56166667 -0.58433451 -1.005 -0.84666667 -0.91 -1 -1.3766667 -0.62701299 -0.7016743 -0.33166667 -0.305 0.038266313 0.038333333 0.037123197 -0.17666667 -0.43999999 -0.23333334 -0.23333333 -0.23333333 -0.23333333 -0.7501931 0.265
-0.51666667 -0.51666667 -0.31666667 -0.045 -0.41166667 -1.215 -0.87833333 -0.89333333 -0.425 -0.75333333 -0.67666667 -0.77166667 -0.205 -0.205 0.066666667 0.055054251 -0.78 -0.77989514 -0.37333333 -0.041666667 -0.041666667 -0.12089928 -0.36666667 -0.72499321 -0.725 -0.725 -0.58 -0.20666667 -0.20666667 -0.615 -0.615 -0.56175201 -0.60666667 -1.005 -0.70666667 -0.91 -1 -1.35 -0.62666667 0.29809878 -0.305 -0.33010153 -0.37333333 0.038333333 0.038333333 -0.44 -0.44 -0.44 -0.23333333 -0.23333333 -0.036666667 -0.036666667 -0.036666554
-0.51666667 -0.51666667 -0.61833333 -1.285 -0.73833333 -0.60666667 -0.98166666 -0.98010733 -1.1266667 -1.1416667 -0.41166667 -1.115 -0.77212291 0.066666667 0.066666667 0.066678203 0.16666667 0.13832493 -0.37333333 -0.07 -0.07 0.77166667 0.77166667 -0.725 -0.725 -0.725 -0.20666667 -0.20666667 -0.20666667 -0.765 -0.765 -0.76499974 -0.49833333 -0.49833333 -1.235 -0.83833333 -0.42833333 -1.151665 -0.555 0.31333333 0.31333333 -0.34500009 -0.37333333 0.038333333 -0.086666789 -0.28333333 -0.14129203 -0.14 0.59 0.59 -0.036666667 -0.036666667 -0.036666667
-0.51666667 -0.56077719 -0.90282378 -1.3166492 -0.43333333 -0.485 -0.98166667 -0.98 -1.1266654 -1.1415005 -1.115 -1.115 0.15833333 0.066666667 0.066666667 0.16666666 0.16666667 0.16663593 -0.37333333 -0.07 0.09528621 0.77166667 0.77166667 -0.72493999 -0.725 -0.59899083 -0.34166667 -0.34166667 -0.34166665 -0.765 -0.765 -0.4 -0.4 -0.49833535 -1.235 -0.14500033 -0.51198438 -1.1516667 -1.1516667 0.31333331 -0.345 -0.345 -0.34499814 -0.086666667 -0.086666667 -0.28333333 -0.14 -0.14 0.59 0.59 -0.036666667 -0.036666667 -0.036666667
-0.8 -0.45335981 -0.43003108 -0.43641144 -0.43333372 -0.48499878 -0.98166665 -0.98002052 -1.1165598 -1.1270584 0.15833333 0.15833333 0.15833333 0.15833333 0.066679652 0.16666667 0.16666667 0.15969441 -0.37333333 -0.069833126 0.51333333 0.51333333 0.51333333 0.51333333 -0.70373181 -0.34166667 -0.34166667 -0.34166667 -0.34166667 -0.34188595 -0.4 -0.4 -0.4 -0.4 -0.145 -0.145 -0.145 -1.1028932 -1.1406137 0.32 0.32 -0.34496423 0.076661075 -0.086650935 -0.086666667 -0.28333333 -0.14 -0.14 0.59 0.59 -0.034393187 -0.036666667 -0.29173811
-0.8 -0.43 -0.43 -0.43 -0.43 -0.43000002 -0.98039527 -0.98089708 -1.0895957 0.15694914 0.15833333 0.15833333 0.15833333 0.15833333 0.15833362 0.16666666 0.16666658 0.12962635 -0.37332294 0.51333333 0.51333333 0.51333333 0.51333333 0.51333333 0.50983523 -0.21677258 -0.24166669 -0.24166667 -0.24166667 -0.24166667 -0.39999999 -0.4 -0.39999931 0.17 0.17 -0.145 0.5436358 0.56333333 0.32000014 0.32 0.32 0.32 0.076666667 0.076666667 0.076666667 0.074161395 -0.17645787 -0.17666667 -0.17666667 -0.17666667 -0.17666665 0.67333319 0.67333333
0.45833333 -0.43 -0.43 -0.43 -0.43 -0.43 -0.43000003 -0.66320659 0.54284926 0.55166667 0.55166667 0.55166667 0.55166667 0.55166667 0.55166666 0.81451681 0.17698672 0.092722793 0.51322203 0.51333333 0.51333333 0.51333333 0.51333333 0.51333384 0.35166667 0.35166667 0.35166583 -0.24166667 -0.24166667 -0.24037843 0.40166667 0.40166667 0.17 0.17 0.17 0.50032573 0.56333333 0.56333333 0.56333333 0.32 0.32 0.32 0.076666667 0.076666667 0.076666667 0.076666667 -0.17666666 -0.17666667 -0.17666667 -0.17666667 -0.17666667 0.67333333 0.67333333
0.45833333 0.12761693 -0.43 -0.43 -0.43 -0.43 0.13155643 0.13166667 0.13166668 0.55166667 0.55166667 0.55166667 0.55166667 0.55166667 0.61086288 0.82 0.82 0.82 0.94534702 0.94666622 0.94666667 0.94666667 0.94666667 0.94666667 0.35166667 0.35166667 0.35166667 0.35166667 -0.24166667 0.40166667 0.40166667 0.40166667 0.17000002 0.17 0.17 0.83166667 0.56368862 0.56333333 0.56333333 0.3200655 0.45063787 0.75536157 0.076666667 0.076666667 0.48872443 0.49 0.49 -0.1753337 0.63050275 0.63333326 0.63333318 1.1016017 0.6733342
0.45833333 0.04961356 -0.19300177 -0.43 -0.43 0.13133481 0.13166667 0.13166667 0.13166667 0.13469331 0.55166667 0.55166667 0.55166667 0.5516667 0.82 0.82 0.82 0.82 0.94655352 0.94666667 0.94666667 0.94666667 0.94666667 0.94666667 0.35166668 0.35166667 0.35166667 0.35166667 0.35184854 0.40166667 0.40166667 0.40166667 1.1316666 0.17009052 0.83166667 0.83166667 0.83166667 0.83455972 0.74443837 0.75666667 0.75666667 0.75666667 0.84 0.84 0.49 0.49 0.49 0.63333333 0.63333333 0.63333333 0.63333333 1.1016667 1.1016667
0.038738917 0.038333333 0.038333333 0.038333333 0.055 0.13166469 0.13166667 0.13166667 0.13166667 0.13166667 0.548512 0.55166612 0.55166667 0.82 0.82 0.82 0.82 0.82 0.81372702 0.94666667 0.94666667 0.94666667 0.94666667 0.94666667 0.92973635 1.3566612 1.3566667 1.3566667 1.3566667 0.4016667 1.1316667 1.1316667 1.1316667 1.1316667 0.83166667 0.83167365 1.0966667 1.0966667 0.76091207 0.75666667 0.75666667 0.75666667 0.84 0.84 0.54419205 0.49 0.49 0.63333333 0.63333333 0.63333333 0.63835508 1.1016667 1.1016667
0.038333333 0.038333333 0.038333333 0.046181915 0.055 0.055 0.13166667 0.13166667 0.13166667 0.13166667 0.51 0.51 0.51 0.82 0.82 0.82 0.82 0.81997025 0.56333333 0.56333333 0.94666651 0.94666667 0.94751877 0.98166667 0.98504263 1.3566667 1.3566667 1.3566667 1.3566667 1.1316896 1.1316667 1.1316667 1.1316667 1.1316667 1.0966657 1.0966667 1.0966667 1.0966667 1.0955033 0.75666667 0.75666667 0.75666667 0.84 0.84 0.84 0.49 0.49 0.63333334 0.63333333 0.63333333 1.1016667 1.1016667 1.1016667
0.038333333 0.038333333 0.038333333 0.055 0.055 0.055 0.055000117 0.13166667 0.13166667 0.50960945 0.51 0.51 0.51 0.51019314 0.67430397 0.64 0.64 0.64 0.56333333 0.56333333 0.56333333 0.98166667 0.98166667 0.98166667 0.9816746 1.1748316 1.3566667 1.3566667 1.3566667 1.4811084 1.5549584 1.555 1.555 1.555 1.3318749 1.6616654 1.6616667 1.6616667 1.6616667 1.574888 1.575 1.575 0.84 0.84 1.3799977 1.3799999 1.205 1.205 1.2266667 1.2266667 1.2266667 1.1016667 1.1649434
0.038335951 0.038333333 0.038333334 0.055 0.055 0.055 0.055000004 0.47333323 0.13303278 0.50988816 0.51 0.51 0.51 0.5102551 0.64 0.64 0.64 0.63999998 0.56333333 0.56333333 0.56333333 0.98166667 0.98166667 0.98166667 1.01 1.01 1.38 1.38 1.38 1.3809547 1.555 1.555 1.555 1.555 1.608304 1.6616667 1.6616667 1.6616667 1.6616667 1.575 1.575 1.575 1.5688646 1.38 1.38 1.38 1.205 1.205 1.2266667 1.2266667 1.2266667 1.165 1.165
0.88166667 0.49857135 0.695 0.69481433 0.055 0.47091287 0.47333333 0.47333333 0.5607842 0.38666667 0.38666667 0.38666667 0.38666667 0.58832677 0.58833333 0.63999996 0.64 0.63797995 0.56333333 0.56333333 0.56333333 0.68 0.68 0.68 1.01 1.01 1.38 1.38 1.38 1.38 1.4316675 1.431667 1.5519002 1.5548678 1.5599946 1.56 1.56 1.56 1.56 1.575 1.575 1.575 1.390737 1.38 1.38 1.3799998 1.205 1.205 1.2050008 1.2266667 1.2266456 0.755 1.165
0.93332352 0.93333329 0.695 0.695 0.695 0.47333333 0.47333333 0.47333333 0.71333333 0.71333333 0.38666667 0.38666667 0.38666667 0.58833333 0.58833333 0.58833333 0.58833333 0.58833076 0.56333333 0.56333333 0.56333334 0.68 0.68 0.68 1.01 1.01 1.38 1.38 1.38 1.4310841 1.4316667 1.4316667 1.4316667 1.4316667 1.5599367 1.56 1.56 1.56 1.56 1.1150001 1.115 1.115 1.115 1.379993 0.47 0.47 0.47 0.67 0.67 0.67 0.755 0.755 0.755
0.93333333 0.93333333 0.695 0.695 0.695 0.47449845 0.47333333 0.71333333 0.71333333 0.71333333 0.38670688 0.38666667 0.50923538 0.58833332 0.58833333 0.58833333 0.58833333 0.65666667 0.65666667 0.65666667 0.71333333 0.71333331 0.68000016 0.68 0.68040786 1.2116667 1.2116667 1.2116671 1.3799728 1.4566617 1.4566665 1.4566623 1.4317094 1.4316882 1.5371589 1.5599996 1.5566153 0.55 0.55 1.115 1.115 1.115 1.115 0.47 0.47 0.47 0.47 0.67 0.67 0.67 0.755 0.755 0.755
0.93333333 0.93333333 0.695 0.695 0.695 0.695 0.56315832 0.71333333 0.71333333 0.71333333 0.71323575 0.53666667 0.53666667 0.53666667 0.58802885 0.58833333 0.65621131 0.65666667 0.65666667 0.65666667 0.71333333 0.71333333 0.71333333 0.71333333 1.2116667 1.2116667 1.2116667 1.2116667 1.2116667 1.4566667 1.4566667 1.4566667 1.4566667 1.4566668 1.4966667 0.55 0.55 0.55 0.55 0.54999902 0.15 0.15 0.15 0.22918458 0.39333333 0.39333333 0.39333333 0.66999999 0.67000014 0.81333333 0.81333333 1.2148881 1.215
0.93333333 0.93333333 0.7810216 0.695 0.695 0.69500001 0.98784534 0.71419998 0.71333333 0.71333333 0.53666677 0.53666667 0.53666667 0.53666667 0.53666667 0.54091947 0.65666667 0.65666667 0.65666667 0.65666667 0.71333289 0.71333333 0.71333333 0.71333333 1.2116667 1.2116667 1.2116667 1.2116667 1.2116667 0.99358731 1.4566667 1.4566667 1.4566667 1.4966667 1.4966667 1.4959316 0.55 0.55 0.66630756 0.75666665 0.15 0.15 0.15 0.22983375 0.39333333 0.39333333 0.39333333 1.0566667 0.81636524 0.81333333 0.81333333 1.215 1.215
1.34 1.34 1.34 0.85671923 0.69591369 0.98833333 0.98833333 0.98833333 0.98833333 1.0416667 1.0416667 0.5366667 0.53666667 0.53666667 0.53666667 0.53667429 0.65666667 0.65666667 0.65666667 0.65666667 0.68860584 0.71333333 0.71333333 0.7125046 0.70526696 1.2116667 1.2116667 1.2116667 0.83 0.83 0.83 0.83000263 1.4966667 1.4966667 1.4966667 1.4966667 0.75666667 0.75666667 0.75666667 0.75666667 0.445 0.445 0.445 0.86165829 0.86166667 0.86166667 0.86166652 1.0566667 1.0566667 0.81362982 0.81333333 1.2149993 1.215
1.34 1.34 1.34 1.339999 1.3216667 1.2731945 0.98833333 0.98833333 0.98833333 1.0416667 1.0416667 1.0416667 1.0483333 1.0483333 1.0483333 1.0483333 0.65760395 0.65666667 0.65666667 0.65666667 0.65752421 0.68166675 0.68166667 0.68166667 0.68166667 0.68166666 0.16000001 0.16 0.83 0.83 0.83 0.83 1.4966664 1.4966667 1.4966667 1.4966414 0.75666668 0.75666667 0.75666667 0.75800465 0.445 0.445 0.445 0.86164734 0.86166667 0.86166667 0.86166667 1.0566667 1.0566667 1.0566667 1.0733333 1.0733333 1.09
1.34 1.34 1.34 1.3216667 1.3216667 1.3216667 0.98833346 0.98833333 0.98833333 1.0416667 1.0416667 1.0416667 1.0483333 1.0483333 1.0483333 1.0574725 1.1683333 1.1683333 1.168332 0.65955669 0.68166667 0.68166667 0.68166667 0.68166667 0.68166667 0.68127409 0.16 0.16 0.16 0.83 0.83 0.82984874 1.1866667 1.1866667 1.1866667 0.84833333 0.84833333 1.0616667 1.0616667 1.0616667 1.2933333 0.4452661 0.44500632 1.2916667 1.2916667 1.2753702 0.86166813 1.0566667 1.0566667 1.0733333 1.0733333 1.0733333 1.09
1.34 1.34 1.34 1.3216667 1.3216667 1.3216667 1.3216667 0.98833333 0.98833333 1.0416667 1.0416667 1.0480668 1.0483333 1.0483333 1.0483333 1.1683333 1.1683333 1.1683333 1.1683333 1.1683333 0.68166667 0.68166667 0.68166667 0.68166667 0.68166667 0.16000178 0.16 0.16 0.16 0.595 0.595 0.595 1.1866667 1.1866667 1.1866667 0.84833333 0.84833333 1.0616667 1.0616667 1.2933333 1.2933333 1.2933333 1.2916667 1.2916667 1.2916667 1.2916667 1.2882439 1.25 1.25 1.25 1.0733333 1.2183333 1.2183333
1.34 1.34 1.3399745 1.3216667 1.3216667 1.3216667 1.3216667 1.3867208 1.39 1.389402 1.0416667 1.0483417 1.0483333 1.0483333 1.0483337 1.1683333 1.1683333 1.1683333 1.1683333 1.1683333 1.0956623 0.68166667 0.68166667 0.68166667 0.68160488 0.16001247 0.16 0.16 0.16 0.595 0.595 0.595 0.595085 1.1866667 0.84833333 0.84833333 0.84833333 0.84834219 1.0616825 1.2933333 1.2933333 1.2933333 1.2916668 1.2916667 1.2916667 1.2916667 1.2499982 1.25 1.25 1.25 1.2183333 1.2183333 1.2183333
