interpolatedSpi/03-07|23_2.tif
NCOLS 53
NROWS 52
XLLCORNER -116.03883
YLLCORNER 28.596182
DX 0.49850594
DY 0.49788537
NODATA_VALUE -9999
[rows 0 to 29 of 52, columns 0 to 52 of 53]
0.12166667 0.12166667 -0.54607265 -0.655 -0.25833333 -0.11333333 -0.31666667 -0.195 -0.90280101 -0.64666667 -0.615 -0.51333333 -0.88166694 -0.885 -0.74833333 -0.74833333 -0.74833333 -0.795 -0.85666667 -0.85666667 -0.85666667 -0.85665915 -0.076666678 -1.2233333 -1.2233333 -1.2233333 -0.43499679 -0.435 -0.435 -1.3 -1.3 -1.3 -1.3 -2.2033332 -2.2033333 -2.2033333 -2.2033333 -2.2033333 -2.2033333 -2.2033333 0.34257752 0.36964144 -1.0366667 -1.0366667 -1.0366667 -1.0366667 -1.0369253 -1.195 -1.195 -1.195 -0.35000175 -0.35 -0.35
0.12163364 -0.62166667 -0.48333308 -0.47103729 -0.51657759 -0.36 -0.52833333 -0.71968103 -0.84666667 -1.0133333 -0.62333333 -0.88166667 -0.88166667 -0.89330555 -0.88499889 -0.74833333 -0.795 -0.795 -0.85658626 -0.85666667 -0.85666667 -0.85666667 -1.2260529 -1.2233333 -1.2233333 -1.2233333 -1.2083333 -1.2083333 -1.3 -1.3 -1.3 -1.3 -1.3 -2.2033332 -2.2033333 -2.2033333 -2.2033333 -2.2033333 -2.2033333 -1.9566907 -0.66344877 -0.99136625 -1.0366667 -1.0366667 -1.0366667 -1.0366667 -1.0366667 -1.195 -1.195 -1.195 -1.1249318 -0.35 -0.35
0.33997594 0.34 -0.26333333 -0.36666667 -0.38 -0.11666667 -0.695 -0.23333333 -1.195 -1.4533333 -1.1866667 -0.93 -1.1933333 -0.89333333 -0.89333333 -1.615 -0.795 -0.795 -0.795 -0.61673644 -0.61666667 -0.61666667 -1.275 -1.2233333 -1.2233333 -1.2233333 -1.2083333 -1.2083333 -1.2083333 -1.3 -1.3 -1.3 -1.4043033 -2.2012762 -2.1964921 -1.4750685 -1.4683333 -1.4683333 -1.3670855 -0.66333334 -0.66333333 -0.66381073 -1.0366667 -1.0366667 -1.0366667 -1.0366667 -1.0366667 -1.195 -1.195 -1.195 -1.195 -0.35 -0.35
0.58333333 0.33999986 -0.37848346 -0.20333333 -0.85666667 -0.665 -0.65666667 -1.0783333 -0.71833333 -1.0179779 -1.21 -1.2383333 -1.1366667 -0.89333333 -1.2916667 -1.615 -1.2097908 -1.2063782 -1.0833333 -0.61666667 -0.61666667 -1.36 -1.275 -1.275 -1.2233333 -1.2233333 -1.2083333 -1.2083333 -1.2083333 -1.2383333 -1.3910486 -1.5166667 -1.5166667 -1.5166666 -1.4683333 -1.4683333 -1.4683333 -1.4683333 -0.66333333 -0.66333333 -0.66333333 -0.66333335 -1.0366667 -1.0366667 -1.0366667 -1.0366667 -1.0366667 -1.194998 -1.195 -1.195 -1.195 -0.35003909 -0.35
0.58333333 0.16666567 -0.37833333 -0.96383427 -0.85666667 -1.215 -1.2117112 -1.85 -1.89 -1.2166669 -1.2271943 -1.2265917 -0.70333333 -1.2916667 -1.2916667 -1.501593 -1.2066667 -1.2066667 -1.0833333 -1.0833333 -0.61666814 -1.36 -0.94333333 -0.375 -0.905 -0.90495564 -1.2083333 -1.2083333 -1.2383333 -1.2383333 -1.5166667 -1.5166667 -1.5166667 -1.4729804 -1.4683333 -1.4683333 -1.4683333 -0.66333333 -0.66333333 -0.66333333 -0.66333333 -0.66338836 -1.0366667 -1.0366667 -1.0366667 -1.0366667 -1.0366667 -1.038076 -1.195 -1.1950158 -1.5466667 -1.5466667 -1.5466667
-1.11 -0.465 -0.54333331 -0.72166667 -0.815 -1.2466667 -1.6433333 -1.6697926 -1.3166667 -1.68 -1.9216667 -1.4216667 -1.4216662 -1.435 -1.435 -0.861655 -0.86166667 -1.2516667 -1.2516667 -1.0833332 -1.28 -1.28 -0.375 -0.905 -0.905 -0.715 -1.2516667 -1.2516667 -0.8817002 -1.2383333 -1.5166667 -1.5166667 -1.285 -1.2849486 -0.79336867 -1.2283333 -1.2283333 -0.83812898 -0.66333333 -0.66333333 -1.2326224 -1.2333333 -1.233332 -1.172558 -1.1749847 -1.175 -1.175 -1.175 -1.544582 -1.5466667 -1.5466667 -1.5466667 -1.5466667
0.11332389 -0.071666667 -0.38100605 -0.72 -0.765 -1.2433333 -1.14 -1.5116667 -1.94 -1.94 -1.9216667 -1.7916667 -1.6899999 -1.435 -0.8133352 -0.81333333 -0.86166667 -0.58833333 -0.895 -0.895 -1.0749998 -0.845 -0.845 -0.79333333 -0.715 -0.715 -1.2516667 -1.2516667 -0.88171659 -0.8825858 -0.80123104 -1.285 -1.285 -0.79333333 -0.79333333 -1.2927824 -1.2283333 -1.2283333 -1.5633217 -1.2333338 -1.2333333 -1.2333333 -1.2333263 -1.1750004 -1.175 -1.175 -1.175 -1.1750002 -1.5566667 -1.5466686 -1.5466667 -1.5466667 -1.5466667
0.11333333 -0.86666667 -0.255 -1.3583333 -0.96002284 -1.18 -1.675 -2.0316667 -1.295 -1.6966667 -1.6966667 -1.3033333 -1.69 -1.69 -0.81934808 -0.98941301 -1.0066667 -0.66333333 -0.74333349 -0.895 -0.45516734 -0.37833333 -1.07 -0.28 -0.28000957 -1.0216667 -1.0466667 -1.0466667 -1.7353315 -1.7383333 -0.79833333 -0.85848894 -0.97833333 -0.79333333 -0.80540731 -1.3466667 -1.3466667 -1.5633333 -1.5633333 -1.2333333 -1.2333333 -1.2333333 -1.2405379 -1.2433333 -1.175 -1.175 -1.175 -1.5566521 -1.5566667 -1.5566667 -1.5466667 -1.5466667 -1.5466667
-0.95744313 -0.86666666 0.081666667 -1.1116667 -1.1383333 -1.93 -1.32 -1.0383333 -1.59 -0.99192179 -0.52666667 -1.4883333 -1.4883333 -0.86166667 -0.86166687 -1.3739734 -1.375 -1.375 -0.67554547 -1.1933334 -1.2833333 -1.2833333 -1.44 -1.2158109 -0.94692625 -1.0216667 -1.18 -1.0466667 -0.84617189 -0.845 -0.825 -0.88 -0.76751808 -1.2483333 -1.2166667 -1.4 -1.2583333 -1.2666667 -0.9618075 -1.2309303 -0.695 -0.79666667 -1.2432395 -1.2433333 -1.2429487 -1.175 -1.77 -1.5566667 -1.5566667 -1.5566667 -1.5566667 -1.3723562 -0.12666667
-1.465 -1.465 -0.17333333 -0.6 -1.675 -1.1716667 -1.065 -1.48 -1.165 -0.84002388 -1.1366667 -0.47 -0.86166667 -0.86166667 -0.88333333 -0.89007676 -1.375 -1.3747716 -0.33666667 -1.1933333 -1.1933333 -1.2049283 -1.44 -0.74167989 -0.74166667 -0.74166667 -1.18 -1.0883333 -1.0883333 -0.845 -0.845 -0.87957642 -0.65666667 -1.2483333 -1.1233333 -1.4 -1.2583333 -1.72 -0.96166667 -0.63045634 -0.79666666 -0.74891255 -0.66666667 -1.2433333 -1.2433333 -1.77 -1.77 -1.77 -1.5566667 -1.5566667 -0.14666667 -0.14666667 -0.14666666
-1.465 -1.465 -1.08 -1.3416667 -1.3783333 -0.76166667 -1.6616667 -0.70087939 -0.72833333 -0.98 -0.98 -0.17833333 -0.46961229 -0.88333333 -0.88333333 -0.88331084 -0.68833333 -0.66987622 -0.33666667 -0.19666667 -0.19666667 -0.14333333 -0.14333333 -0.74166667 -0.74166667 -0.74166667 -1.0883333 -1.0883333 -1.0883333 -1.06 -1.06 -1.0599993 -0.91166667 -0.91166667 -1.7583333 -1.415 -0.78833333 -1.0233387 -0.81833333 -0.625 -0.625 -0.76333302 -0.66666667 -1.2433333 -0.54333366 -0.81 -0.55359477 -0.54833334 -0.365 -0.365 -0.14666667 -0.14666667 -0.14666667
-1.465 -1.2988169 -1.1916625 -1.5299834 -0.865 -1.175 -1.6616667 -0.7 -0.7283331 -0.97721184 -0.17833438 -0.17833333 -0.013333333 -0.88333333 -0.88333333 -0.68833334 -0.68833333 -0.68831332 -0.33666667 -0.19666667 -0.18619309 -0.14333333 -0.14333333 -0.74164236 -0.74166667 -0.71975203 -0.675 -0.675 -0.67500005 -1.06 -1.06 -0.43833333 -0.43833333 -0.91166899 -1.7583333 -0.56166724 -0.92757376 -1.0233333 -1.0233333 -0.625 -0.76333333 -0.76333333 -0.76333173 -0.54333333 -0.54333333 -0.81 -0.54833333 -0.54833333 -0.365 -0.365 -0.14666667 -0.14666667 -0.14666667
-0.74333333 -0.78384829 -0.75502161 -0.76060555 -0.86500173 -1.1749927 -1.6616667 -0.71183756 -0.72638088 -0.73490502 -0.013333333 -0.013333333 -0.013333333 -0.013333333 -0.88321009 -0.68833333 -0.68833333 -0.68379276 -0.33666667 -0.19658606 0.085 0.085 0.085 0.085 -0.72762888 -0.675 -0.675 -0.675 -0.675 -0.67511302 -0.43833333 -0.43833333 -0.43833333 -0.43833333 -0.56166667 -0.56166667 -0.56166667 -1.0018121 -1.0197533 -0.54666667 -0.54666667 -0.76332168 -0.52166741 -0.54333125 -0.54333333 -0.81 -0.54833333 -0.54833333 -0.365 -0.365 -0.14745876 -0.14666667 -0.7171375
-0.74333333 -0.755 -0.755 -0.755 -0.755 -0.75500017 -1.6604208 -1.2066454 -0.72117196 -0.014109546 -0.013333333 -0.013333333 -0.013333333 -0.013333333 -0.013332967 -0.68833334 -0.68833328 -0.6642114 -0.3366702 0.085 0.085 0.085 0.085 0.085 0.085537447 -0.36327105 -0.27166675 -0.27166667 -0.27166667 -0.27166667 -0.43833332 -0.43833333 -0.43833261 0.16333333 0.16333333 -0.56166667 0.062156356 0.08 -0.5466663 -0.54666667 -0.54666667 -0.54666667 -0.52166667 -0.52166667 -0.52166667 -0.5236732 0.042741041 0.046666667 0.046666667 0.046666667 0.046666659 -0.36333329 -0.36333333
-1.0083333 -0.755 -0.755 -0.755 -0.755 -0.755 -0.75500006 -0.9554375 0.50335844 0.51 0.51 0.51 0.51 0.51 0.50999999 0.57517138 -0.66822712 -0.64017811 0.084946865 0.085 0.085 0.085 0.085 0.085000254 0.11 0.11 0.10999946 -0.27166667 -0.27166667 -0.27033838 0.39166667 0.39166667 0.16333333 0.16333333 0.16333333 0.0933492 0.08 0.08 0.08 -0.54666667 -0.54666667 -0.54666667 -0.52166667 -0.52166667 -0.52166667 -0.52166667 0.046666665 0.046666667 0.046666667 0.046666667 0.046666667 -0.36333333 -0.36333333
-1.0083333 -0.91402021 -0.755 -0.755 -0.755 -0.755 0.24313739 0.24333333 0.24333334 0.51 0.51 0.51 0.51 0.51 0.52470713 0.57666667 0.57666667 0.57666667 0.30266897 0.30333311 0.30333333 0.30333333 0.30333333 0.30333333 0.11 0.11 0.11 0.11 -0.27166667 0.39166667 0.39166667 0.39166667 0.16333335 0.16333333 0.16333333 0.32 0.080317767 0.08 0.08 -0.54666866 -0.55115423 -0.56162183 -0.52166667 -0.52166667 -0.083024533 -0.081666667 -0.081666667 0.046668742 0.048327509 0.048333333 0.048333333 0.24324146 -0.3633321
-1.0083333 -0.1260172 -0.42438326 -0.755 -0.755 0.24274347 0.24333333 0.24333333 0.24333333 0.24525501 0.51 0.51 0.51 0.51000001 0.57666667 0.57666667 0.57666667 0.57666667 0.3035775 0.30333333 0.30333333 0.30333333 0.30333333 0.30333333 0.11 0.11 0.11 0.11 0.11102452 0.39166667 0.39166667 0.39166667 0.43833333 0.16335591 0.32 0.32 0.32 0.31651947 -0.52102746 -0.56166667 -0.56166667 -0.56166667 -0.18666667 -0.18666667 -0.081666667 -0.081666667 -0.081666667 0.048333332 0.048333333 0.048333333 0.048333333 0.24333333 0.24333333
-0.10219759 -0.10166667 -0.10166667 -0.10166666 0.39666667 0.24333729 0.24333333 0.24333333 0.24333333 0.24333333 0.47101018 0.50999329 0.50999999 0.57666667 0.57666667 0.57666667 0.57666667 0.57666667 0.56334027 0.30333333 0.30333333 0.30333333 0.30333333 0.30333333 0.29532411 0.42999827 0.43 0.43 0.43 0.39166667 0.43833333 0.43833333 0.43833333 0.43833333 0.32 0.3199917 0.005 0.005 -0.55459099 -0.56166667 -0.56166667 -0.56166667 -0.18666667 -0.18666667 -0.097924282 -0.081666667 -0.081666667 0.048333333 0.048333333 0.048333333 0.05042424 0.24333333 0.24333333
-0.10166667 -0.10166667 -0.10166667 0.13300593 0.39666667 0.39666667 0.24333333 0.24333333 0.24333333 0.24333333 -0.005 -0.005 -0.005 0.57666667 0.57666667 0.57666667 0.57666667 0.57668402 0.705 0.705 0.3033335 0.30333333 0.31002843 0.57833333 0.57699795 0.43 0.43 0.43 0.43 0.43833248 0.43833333 0.43833333 0.43833333 0.43833333 0.0050011074 0.005 0.005 0.005 0.0029901096 -0.56166667 -0.56166667 -0.56166667 -0.18666667 -0.18666667 -0.18666667 -0.081666667 -0.081666667 0.048333334 0.048333333 0.048333334 0.24333333 0.24333333 0.24333333
-0.10166667 -0.10166667 -0.10166667 0.39666667 0.39666667 0.39666667 0.39666643 0.24333333 0.24333333 -0.0047436486 -0.005 -0.005 -0.005 -0.0046375935 0.66165602 0.68166667 0.68166667 0.68166667 0.705 0.705 0.705 0.57833333 0.57833333 0.57833333 0.57836041 0.55850846 0.43 0.43 0.43 0.15355468 0.088367757 0.088333333 0.088333333 0.088333333 -0.11669083 -0.28833267 -0.28833333 -0.28833333 -0.28833333 0.11157454 0.11166667 0.11166667 -0.18666667 -0.18666667 0.29166467 0.29166663 0.18833333 0.18833333 0.24 0.24 0.24 0.24333333 0.14841827
-0.1016661 -0.10166667 -0.10166665 0.39666667 0.39666667 0.39666667 0.39666666 0.1416667 0.24292683 -0.0048488704 -0.005 -0.005 -0.005 -0.0036525706 0.68166667 0.68166667 0.68166667 0.68166667 0.705 0.705 0.705 0.57833333 0.57833333 0.57833333 0.675 0.675 0.65833333 0.65833333 0.65833333 0.6552238 0.088333333 0.088333333 0.088333333 0.088333333 -0.099896587 -0.28833333 -0.28833333 -0.28833333 -0.28833333 0.11166667 0.11166667 0.11166667 0.11733016 0.29166667 0.29166667 0.29166667 0.18833333 0.18833333 0.24 0.24 0.24 0.14833334 0.14833333
0.081666667 -0.0016067671 -0.026666667 -0.02654385 0.39666667 0.14314209 0.14166667 0.14166667 0.28498893 0.16166668 0.16166667 0.16166667 0.16166667 0.9716403 0.97166667 0.68166689 0.68166667 0.68228147 0.705 0.705 0.705 0.46666667 0.46666667 0.46666667 0.675 0.675 0.65833333 0.65833333 0.65833333 0.65833307 0.28999872 0.28999943 0.093401922 0.088549534 -0.31453901 -0.315 -0.315 -0.315 -0.315 0.11166667 0.11166667 0.11166667 0.28175525 0.29166667 0.29166667 0.2916666 0.18833333 0.18833333 0.18833519 0.24 0.23998025 -0.20166667 0.14833333
0.18664673 0.18666663 -0.026666667 -0.026666667 -0.026666667 0.14166667 0.14166667 0.14166667 0.535 0.535 0.16166667 0.16166667 0.16166667 0.97166667 0.97166667 0.97166667 0.97166667 0.97163597 0.705 0.705 0.70499999 0.46666667 0.46666667 0.46666667 0.675 0.675 0.65833333 0.65833333 0.65833333 0.29415299 0.29 0.29 0.29 0.29 -0.31470147 -0.315 -0.315 -0.315 -0.315 0.025000023 0.025 0.025 0.025 0.29166398 -0.058333333 -0.058333333 -0.058333333 -0.37 -0.37 -0.37 -0.20166667 -0.20166667 -0.20166667
0.18666667 0.18666667 -0.026666667 -0.026666667 -0.026666667 0.14078188 0.14166667 0.535 0.535 0.535 0.16171262 0.16166667 0.61244714 0.97166661 0.97166667 0.97166667 0.97166667 0.74833333 0.74833333 0.74833333 0.42166667 0.4216667 0.46666645 0.46666667 0.4667469 0.50333333 0.50333333 0.5033337 0.65830828 0.1550269 0.15500072 0.15502357 0.28976927 0.2898835 -0.20733538 -0.31500004 -0.31533512 -0.415 -0.415 0.025 0.025 0.025 0.025 -0.058333333 -0.058333333 -0.058333333 -0.058333333 -0.37 -0.37 -0.37 -0.20166667 -0.20166667 -0.20166667
0.18666667 0.18666667 -0.026666667 -0.026666667 -0.026666667 -0.026666666 0.28887984 0.535 0.535 0.535 0.53509851 0.71333333 0.71333333 0.71333333 0.97014425 0.97166667 0.74982157 0.74833333 0.74833333 0.74833333 0.42166667 0.42166667 0.42166667 0.42166667 0.50333333 0.50333333 0.50333333 0.50333333 0.50333333 0.155 0.155 0.155 0.155 0.1549994 -0.13 -0.415 -0.415 -0.415 -0.415 -0.41499944 -0.30666667 -0.30666667 -0.30666667 -0.26653147 -0.18333333 -0.18333333 -0.18333333 -0.36999999 -0.37000022 -0.59833333 -0.59833333 -0.16834144 -0.16833333
0.18666667 0.18666667 0.050331686 -0.026666667 -0.026666667 -0.026666653 0.56661047 0.5350998 0.535 0.535 0.71333332 0.71333333 0.71333333 0.71333333 0.71333333 0.73451329 0.74833333 0.74833333 0.74833333 0.74833333 0.42166919 0.42166667 0.42166667 0.42166667 0.50333333 0.50333333 0.50333333 0.50333333 0.50333333 0.19071623 0.155 0.155 0.155 -0.13 -0.13 -0.13022131 -0.415 -0.415 -0.5903993 -0.72666664 -0.30666667 -0.30666667 -0.30666667 -0.26797436 -0.18333333 -0.18333333 -0.18333333 -0.37833333 -0.59559215 -0.59833333 -0.59833333 -0.16833333 -0.16833333
0.49166667 0.49166667 0.49166667 0.10329375 -0.025883746 0.56666667 0.56666667 0.56666667 0.56666667 0.64166667 0.64166667 0.71333333 0.71333333 0.71333333 0.71333333 0.71333553 0.74833333 0.74833333 0.74833333 0.74833333 0.5642134 0.42166667 0.42166667 0.43374868 0.86641236 0.50333333 0.50333333 0.50333333 0.20333333 0.20333333 0.20333333 0.20333313 -0.13 -0.13 -0.13 -0.13 -0.72666667 -0.72666667 -0.72666667 -0.72666667 -0.27166667 -0.27166667 -0.27166667 -0.44666315 -0.44666667 -0.44666667 -0.44666658 -0.37833333 -0.37833333 -0.59806528 -0.59833333 -0.16833461 -0.16833333
0.49166667 0.49166667 0.49166667 0.49166738 0.505 0.51396735 0.56666667 0.56666667 0.56666667 0.64166667 0.64166667 0.64166667 0.14000003 0.14 0.14 0.14000001 0.7475426 0.74833333 0.74833333 0.74833333 0.74340511 0.88333207 0.88333333 0.88333333 0.88333333 0.88333332 0.63666667 0.63666667 0.20333333 0.20333333 0.20333333 0.20333333 -0.13 -0.13 -0.13 -0.12999986 -0.72666666 -0.72666667 -0.72666667 -0.72618412 -0.27166667 -0.27166667 -0.27166667 -0.44665855 -0.44666667 -0.44666667 -0.44666667 -0.37833333 -0.37833333 -0.37833334 -0.42166667 -0.42166667 -0.44
0.49166667 0.49166667 0.49166667 0.50499997 0.505 0.505 0.56666664 0.56666667 0.56666667 0.64166667 0.64166667 0.64166667 0.14 0.14 0.14 0.15345485 0.31666667 0.31666667 0.31666778 0.74589517 0.88333333 0.88333333 0.88333333 0.88333333 0.88333333 0.8831477 0.63666667 0.63666667 0.63666667 0.20333333 0.20333333 0.20336015 -0.12833333 -0.12833333 -0.12833333 -0.64166666 -0.64166667 -0.61666667 -0.61666667 -0.61666667 -0.18 -0.27163791 -0.27166867 -0.54 -0.54 -0.53646277 -0.4466668 -0.37833333 -0.37833333 -0.42166667 -0.42166667 -0.42166667 -0.44
0.49166667 0.49166667 0.49166667 0.505 0.505 0.505 0.505 0.56666667 0.56666667 0.64166667 0.64166667 0.16005943 0.14 0.14 0.14 0.31666667 0.31666667 0.31666667 0.31666667 0.31666667 0.88333333 0.88333333 0.88333333 0.88333333 0.88333333 0.63666751 0.63666667 0.63666667 0.63666667 0.245 0.245 0.245 -0.12833333 -0.12833333 -0.12833333 -0.64166667 -0.64166667 -0.61666667 -0.61666667 -0.18 -0.18 -0.18 -0.54 -0.54 -0.54 -0.54 -0.54972077 -0.65833333 -0.65833333 -0.65833333 -0.42166667 -0.34 -0.34
