interpolatedSpi/03-05|20_1.tif
NCOLS 53
NROWS 52
XLLCORNER -116.03883
YLLCORNER 28.596182
DX 0.49850594
DY 0.49788537
NODATA_VALUE -9999
[rows 0 to 29 of 52, columns 0 to 52 of 53]
0.35666667 0.35666667 -0.047330481 -0.3 -0.17 -0.056666667 0.2 -0.053333333 -0.3054606 -0.44666667 -0.22333333 -0.16 -0.1599731 0.16666667 -0.39333333 -0.39333333 -0.39333333 0.47333333 0.47 0.47 0.47 0.46999769 0.23 0.0066666667 0.0066666667 0.0066666667 0.27333693 0.27333333 0.27333333 0.18666667 0.18666667 0.18666667 0.18666667 0.75999989 0.76 0.76 0.76 0.76 0.76 0.76 0.83255133 0.83300671 -0.45 -0.45 -0.45 -0.45 -0.450294 -0.63 -0.63 -0.63 0.32666468 0.32666667 0.32666667
0.35664727 -0.08 0.05666747 0.080189535 0.17307252 0.22333333 0.14666667 -0.049601287 -0.33 -0.1 -0.18333333 -0.16 -0.16 0.23643325 0.16666257 -0.39333333 0.47333333 0.47333333 0.47000435 0.47 0.47 0.47 -0.0082471761 0.0066666667 0.0066666667 0.0066666667 -0.13666666 -0.13666667 0.18666667 0.18666667 0.18666667 0.18666667 0.18666667 0.75999992 0.76 0.76 0.76 0.76 0.75999995 0.66245623 0.19334971 -0.3719366 -0.45 -0.45 -0.45 -0.45 -0.45 -0.63 -0.63 -0.63 -0.55067228 0.32666667 0.32666667
1.3966119 1.3966667 0.75333333 1.1433333 0.21666667 0.096666667 0.18666667 -0.29 -0.45666667 -0.19333333 0.036666667 -0.80333333 -0.27333333 -0.15333333 0.23666667 0.19 0.47333333 0.47333333 0.47333333 0.53331492 0.53333333 0.53333333 -0.27666667 0.0066666667 0.0066666667 0.0066666667 -0.13666667 -0.13666667 -0.13666667 0.18666667 0.18666667 0.18666663 -0.15031338 0.75753394 0.75357757 0.076322795 0.07 0.07 0.085512083 0.19333333 0.19333333 0.19251067 -0.45 -0.45 -0.45 -0.45 -0.45 -0.63 -0.63 -0.63 -0.63 0.32666667 0.32666667
0.96333333 1.3966665 0.50000664 0.51333333 -0.043333333 0.083333333 0.49 -0.41333333 -0.13666667 -0.057280664 -0.31333333 -0.38666667 -0.27 -0.15333333 0.23 0.19 -0.058087262 -0.059626316 -0.13666667 0.53333333 0.53333333 -0.81 -0.27666667 -0.27666667 0.0066666667 0.0066659508 -0.13666667 -0.13666667 -0.13666667 -0.71666667 -0.6051022 -0.51333333 -0.51333333 -0.51333288 0.07 0.07 0.07 0.07 0.19333333 0.19333333 0.19333333 0.19333331 -0.45 -0.45 -0.45 -0.45 -0.45 -0.62999773 -0.63 -0.63 -0.63 0.32661724 0.32666667
0.96333333 0.43666678 0.5 0.48131985 -0.043333333 -0.16 -0.10334921 -0.06 0.20666667 -0.1966665 -0.3028011 -0.35329848 -0.11 0.23 0.23 0.19930824 -0.06 -0.06 -0.13666667 -0.13666667 0.53333061 -0.81 -1.12 -0.24 0.0066666667 0.0065068202 -0.13666667 -0.13666667 -0.71666667 -0.71666667 -0.51333333 -0.51333333 -0.51333333 -0.52464764 0.069999999 0.07 0.07 0.19333333 0.19333333 0.19333333 0.19333333 0.19327445 -0.45 -0.45 -0.45 -0.45 -0.45 -0.45160222 -0.63 -0.63002496 -1.1866667 -1.1866667 -1.1866667
-0.65666667 0.49333333 0.75333333 0.11333333 -0.046666667 -0.0033333333 0.016666667 0.0068511376 0.45 -0.20333333 -0.013333333 0.046666667 0.046666563 -0.31 -0.31 -0.17667391 -0.17666667 -0.29333333 -0.29333333 -0.13666723 -1.24 -1.24 -0.24 0.0066666667 0.0066666667 -0.67666667 -0.86666667 -0.86666667 -0.47668872 -0.71666667 -0.51333333 -0.51333333 -0.57333333 -0.57329154 -0.17336219 -0.91666667 -0.91666667 -0.15007051 0.19333333 0.19333333 -0.41590587 -0.41666667 -0.4166662 -0.88223279 -0.88995137 -0.88999988 -0.88999999 -0.88999985 -2.3365949 -1.1866667 -1.1866667 -1.1866667 -1.1866667
-0.18999911 0.48333333 0.036972376 0.49333333 0.74 -0.19666667 -0.15 -0.20666667 -0.41666667 -0.41666667 -0.013333333 0.15333333 -0.81666653 -0.31 -0.20666698 -0.20666667 -0.17666667 -0.69333333 -0.77666667 -0.77666667 -1.0891952 -0.92 -0.92 -0.60333332 -0.67666667 -0.67666667 -0.86666667 -0.86666667 -0.47667793 -0.4768741 0.32691385 -0.57333333 -0.57333333 -0.17333333 -0.17333333 -0.94026774 -0.91666667 -0.91666667 -1.1833241 -0.41666773 -0.41666667 -0.41666667 -0.41666474 -0.88999941 -0.89 -0.89 -0.89 -0.89000102 -2.5933333 -1.1869454 -1.1866667 -1.1866667 -1.1866667
-0.19 -0.39 0.27666667 -0.18666667 -0.29666036 -0.17333333 -0.43333333 -0.47666666 -0.37 -0.1 -0.1 -0.33666667 -0.81666667 -0.81666667 -0.21085183 -0.48596547 -0.51333333 -0.25 -0.77666667 -0.77666667 -1.2836488 -1.2966667 -1.2366667 -0.21666667 -0.21666701 -0.24333333 -0.91666667 -0.91666665 -0.66932253 -0.66999998 0.33 0.16961128 0.096666667 -0.17333333 -0.18217491 -0.96 -0.96 -1.1833333 -1.1833333 -0.41666667 -0.41666667 -0.41666666 -0.78018376 -0.78333334 -0.89 -0.89 -0.89 -2.5932685 -2.5933333 -2.5933333 -1.1866667 -1.1866667 -1.1866667
-0.3571283 -0.38999999 0.053333333 0.35333333 0.0066666667 -0.41666667 -0.096666667 0.59 -0.14666667 0.11382962 -0.42333333 -0.61 -0.61 -0.58 -0.57999878 -0.77260869 -0.77333333 -0.77333333 -0.33039648 -1.5133333 -1.1433333 -1.1433333 -1.31 -1.2655661 -0.24064604 -0.24333333 -0.66333333 -0.91666667 -0.43945595 -0.43666667 0.19 -0.12333333 -0.40537765 -0.96666667 -0.48333333 -0.62666667 -0.61 -0.35333333 -0.32001539 -0.41575903 -0.21333333 -0.32666667 -0.78325193 -0.78333333 -0.78393371 -0.89 -1.3833333 -2.5933333 -2.5933333 -2.5933333 -2.5933333 -1.1642553 -1.2033333
-0.17333333 -0.17333333 0.023333333 -0.016666667 -0.02 -0.21333333 -0.1 0.043333333 0.26 0.18002223 -0.31666667 -0.43666667 -0.58 -0.58 -0.45 -0.45443466 -0.77333333 -0.7732869 -0.56666667 -1.5133333 -1.5133333 -1.4656649 -1.31 -1.1533363 -1.1533333 -1.1533333 -0.66333333 -0.44666667 -0.44666667 -0.43666667 -0.43666667 -0.12439544 -0.68333333 -0.96666667 -0.42666667 -0.62666667 -0.61 -1.1266667 -0.32 0.19157231 -0.32666666 -0.31074863 -0.28333333 -0.78333333 -0.78333333 -1.3833333 -1.3833333 -1.3833333 -2.5933333 -2.5933333 -1.0066667 -1.0066667 -1.0066667
-0.17333333 -0.17333333 -0.62666667 -0.66666667 -0.41 0.036666667 -0.34333333 0.26651087 0.063333333 0.083333333 -0.10333333 -0.20333333 -0.43635624 -0.45 -0.45 -0.45001654 -0.59333333 -0.59193374 -0.56666667 -0.73333333 -0.73333333 -0.89666667 -0.89666667 -1.1533333 -1.1533333 -1.1533333 -0.44666667 -0.44666667 -0.44666667 -0.68333333 -0.68333333 -0.68333333 -0.11666667 -0.11666667 -0.49333333 -0.86 -0.37 -1.2399996 -0.97333333 0.2 0.2 -0.43999949 -0.28333333 -0.78333333 -0.71000006 -0.77333333 -0.50712329 -0.50333334 -0.89666667 -0.89666667 -1.0066667 -1.0066667 -1.0066667
-0.17333333 -0.36911814 -0.64373609 -0.93998415 -0.39666667 -0.60333333 -0.34333333 0.26666667 0.063335031 0.083111758 -0.20333296 -0.20333333 -0.2 -0.45 -0.45 -0.59333333 -0.59333333 -0.59333182 -0.56666667 -0.73333333 -0.76540868 -0.89666667 -0.89666667 -1.1533227 -1.1533333 -1.0251327 -0.76333333 -0.76333333 -0.76333329 -0.68333333 -0.68333333 -0.61333333 -0.61333333 -0.1166677 -0.49333333 -0.66333331 -0.5020249 -1.24 -1.24 0.19999998 -0.44 -0.44 -0.44000193 -0.71 -0.71 -0.77333333 -0.50333333 -0.50333333 -0.89666667 -0.89666667 -1.0066667 -1.0066667 -1.0066667
-0.15666667 -0.086638414 -0.040023384 -0.046513016 -0.39666768 -0.60332845 -0.34333334 0.25915791 0.077345079 0.063855587 -0.2 -0.2 -0.2 -0.2 -0.44996459 -0.59333333 -0.59333333 -0.59298902 -0.56666667 -0.73328407 -0.56666667 -0.56666667 -0.56666667 -0.56666667 -1.1430811 -0.76333333 -0.76333333 -0.76333333 -0.76333333 -0.76330511 -0.61333333 -0.61333333 -0.61333333 -0.61333333 -0.66333333 -0.66333333 -0.66333333 -1.2121405 -1.2376968 -0.93333333 -0.93333333 -0.44002654 -1.166651 -0.71004399 -0.71 -0.77333333 -0.50333333 -0.50333333 -0.89666667 -0.89666667 -1.0062676 -1.0066667 -1.0596055
-0.15666667 -0.04 -0.04 -0.04 -0.04 -0.040000236 -0.34399882 -0.054730418 0.11472711 -0.1997159 -0.2 -0.2 -0.2 -0.2 -0.20000004 -0.59333333 -0.59333333 -0.59150418 -0.56666704 -0.56666667 -0.56666667 -0.56666667 -0.56666667 -0.56666667 -0.57509798 -0.82092819 -0.82999999 -0.83 -0.83 -0.83 -0.61333334 -0.61333333 -0.61333359 -0.83 -0.83 -0.66333333 -0.61472375 -0.61333333 -0.93333315 -0.93333333 -0.93333333 -0.93333333 -1.1666667 -1.1666667 -1.1666667 -1.1639294 -0.85111219 -0.85333333 -0.85333333 -0.85333333 -0.85333333 0.043333117 0.043333333
-0.26 -0.04 -0.04 -0.04 -0.04 -0.04 -0.040000021 -0.3459707 -0.24482269 -0.24666667 -0.24666667 -0.24666667 -0.24666667 -0.24666667 -0.24666667 -0.47858001 -0.59158532 -0.58968175 -0.56666668 -0.56666667 -0.56666667 -0.56666667 -0.56666667 -0.56666662 -0.95666667 -0.95666667 -0.95666649 -0.83 -0.83 -0.83061408 -1.1366667 -1.1366667 -0.83 -0.83 -0.83 -0.64804101 -0.61333333 -0.61333333 -0.61333333 -0.93333333 -0.93333333 -0.93333333 -1.1666667 -1.1666667 -1.1666667 -1.1666667 -0.85333333 -0.85333333 -0.85333333 -0.85333333 -0.85333333 0.043333333 0.043333333
-0.26 -0.1780965 -0.04 -0.04 -0.04 -0.04 -0.7098685 -0.71 -0.70999999 -0.24666667 -0.24666667 -0.24666667 -0.24666667 -0.24666667 -0.29887699 -0.48333333 -0.48333333 -0.48333333 -0.52346521 -0.52333338 -0.52333333 -0.52333333 -0.52333333 -0.52333333 -0.95666667 -0.95666667 -0.95666667 -0.95666667 -0.83 -1.1366667 -1.1366667 -1.1366667 -0.83000003 -0.83 -0.83 -0.7 -0.61344808 -0.61333333 -0.61333333 -0.93335317 -0.97322276 -1.0662682 -1.1666667 -1.1666667 -0.50205737 -0.5 -0.5 -0.85187067 0.03355652 0.036666589 0.036666498 0.10665706 0.043333462
-0.26 -0.19187989 -0.11590691 -0.04 -0.04 -0.70960413 -0.71 -0.71 -0.71 -0.70666109 -0.24666667 -0.24666667 -0.24666667 -0.2466667 -0.48333333 -0.48333333 -0.48333333 -0.48333333 -0.5232976 -0.52333333 -0.52333333 -0.52333333 -0.52333333 -0.52333333 -0.95666666 -0.95666667 -0.95666667 -0.95666667 -0.95732139 -1.1366667 -1.1366667 -1.1366667 -0.63000001 -0.82998195 -0.7 -0.7 -0.7 -0.69992026 -1.0379562 -1.0666667 -1.0666667 -1.0666667 -0.70333333 -0.70333333 -0.5 -0.5 -0.5 0.03666666 0.036666667 0.036666667 0.036666667 0.10666667 0.10666667
-0.1899527 -0.19 -0.19 -0.19 -0.3 -0.70998942 -0.71 -0.71 -0.71 -0.71 -0.20704623 -0.24665985 -0.24666665 -0.48333333 -0.48333333 -0.48333333 -0.48333333 -0.48333333 -0.52224191 -0.52333333 -0.52333333 -0.52333333 -0.52333333 -0.52333333 -0.65757216 -0.54333557 -0.54333333 -0.54333333 -0.54333333 -1.1366666 -0.63000001 -0.63 -0.63 -0.63 -0.7 -0.69999982 -0.69333333 -0.69333333 -1.062005 -1.0666667 -1.0666667 -1.0666667 -0.70333333 -0.70333333 -0.531483 -0.5 -0.5 0.036666667 0.036666667 0.036666667 0.037417249 0.10666667 0.10666667
-0.19 -0.19 -0.19 -0.24180064 -0.3 -0.3 -0.71 -0.71 -0.71 -0.71 0.27666667 0.27666667 0.27666667 -0.48333333 -0.48333333 -0.48333333 -0.48333333 -0.48338897 -1.05 -1.05 -0.52333355 -0.52333333 -0.53177321 -0.87 -0.86705916 -0.54333333 -0.54333333 -0.54333333 -0.54333333 -0.62999118 -0.63 -0.63 -0.63 -0.63 -0.69333336 -0.69333333 -0.69333333 -0.69333333 -0.69464677 -1.0666667 -1.0666667 -1.0666667 -0.70333333 -0.70333333 -0.70333333 -0.5 -0.5 0.036666662 0.036666667 0.036666667 0.10666667 0.10666667 0.10666667
-0.19 -0.19 -0.19 -0.3 -0.3 -0.3 -0.30000063 -0.71 -0.71 0.27564814 0.27666667 0.27666667 0.27666667 0.27619315 -0.75583888 -0.82 -0.82 -0.82 -1.05 -1.05 -1.05 -0.87 -0.87 -0.87 -0.8698646 -0.46115786 -0.54333333 -0.54333333 -0.54333333 -0.34607914 -0.28336743 -0.28333333 -0.28333333 -0.28333333 -0.69556152 -0.69999998 -0.7 -0.7 -0.7 -0.22011585 -0.22 -0.22 -0.70333333 -0.70333333 0.093330007 0.093333375 0.21 0.21 0.23666667 0.23666667 0.23666667 0.10666667 0.34312172
-0.18999956 -0.19 -0.19 -0.3 -0.3 -0.3 -0.3 -2.0654566e-07 -0.70716114 0.27660621 0.27666667 0.27666667 0.27666667 0.2745147 -0.82 -0.82 -0.82 -0.82000007 -1.05 -1.05 -1.05 -0.87 -0.87 -0.87 -0.38666667 -0.38666667 -0.36 -0.36 -0.36 -0.35958176 -0.28333333 -0.28333333 -0.28333333 -0.28333333 -0.49155222 -0.7 -0.7 -0.7 -0.7 -0.22 -0.22 -0.22 -0.21014133 0.093333333 0.093333333 0.093333333 0.21 0.21 0.23666667 0.23666667 0.23666667 0.34333333 0.34333333
-0.046666667 -0.1207396 -0.21666667 -0.21669084 -0.3 -0.0017357899 1.8503717e-17 1.8503717e-17 -0.020648122 0.20999999 0.21 0.21 0.21 -0.6899707 -0.69 -0.8199999 -0.82 -0.82606016 -1.05 -1.05 -1.05 -0.83666667 -0.83666667 -0.83666667 -0.38666667 -0.38666667 -0.36 -0.36 -0.36 -0.35999995 -0.28666665 -0.28666666 -0.28341711 -0.28333691 -0.40985766 -0.41 -0.41 -0.41 -0.41 -0.22 -0.22 -0.22 0.0760803 0.093333333 0.093333333 0.093333317 0.21 0.21 0.21000096 0.23666667 0.23665817 0.046666667 0.34333333
-0.45325611 -0.45333329 -0.21666667 -0.21666667 -0.21666667 1.8503709e-17 1.8503717e-17 1.8503712e-17 -0.056666667 -0.056666667 0.21 0.21 0.21 -0.69 -0.69 -0.69 -0.69 -0.69004044 -1.05 -1.05 -1.05 -0.83666667 -0.83666667 -0.83666667 -0.38666667 -0.38666667 -0.36 -0.36 -0.36 -0.28749351 -0.28666667 -0.28666667 -0.28666667 -0.28666667 -0.40993914 -0.41 -0.41 -0.41 -0.41 -0.10000003 -0.1 -0.1 -0.1 0.093332617 -3.7007054e-17 -3.7007434e-17 8.4894388e-14 0.066666667 0.066666667 0.066666667 0.046666667 0.046666667 0.046666667
-0.45333333 -0.45333333 -0.21666667 -0.21666667 -0.21666667 -0.0011388387 1.850347e-17 -0.056666667 -0.056666667 -0.056666667 0.20996717 0.21 -0.40556729 -0.68999997 -0.69 -0.69 -0.69 -0.57333333 -0.57333333 -0.57333333 -0.61666667 -0.61666683 -0.83666559 -0.83666667 -0.8361767 -0.22333333 -0.22333333 -0.22333366 -0.35997791 0.023271555 0.023331683 0.023279211 -0.28613684 -0.28639914 -0.38783228 -0.40999994 -0.40951966 -0.26666667 -0.26666667 -0.1 -0.1 -0.1 -0.1 -8.3917001e-14 -3.7007434e-17 -3.7007434e-17 -5.7943417e-17 0.066666667 0.066666667 0.066666667 0.046666667 0.046666667 0.046666667
-0.45333333 -0.45333333 -0.21666667 -0.21666667 -0.21666667 -0.21666667 -0.021208678 -0.056666667 -0.056666667 -0.056666667 -0.056935492 -0.54333333 -0.54333333 -0.54333333 -0.68913566 -0.69 -0.57411077 -0.57333333 -0.57333333 -0.57333333 -0.61666667 -0.61666667 -0.61666667 -0.61666667 -0.22333333 -0.22333333 -0.22333333 -0.22333333 -0.22333333 0.023333333 0.023333333 0.023333333 0.023333333 0.023333361 0.036666667 -0.26666667 -0.26666667 -0.26666667 -0.26666667 -0.26666733 -0.50333333 -0.50333333 -0.50333333 -0.34388036 -0.013333333 -0.013333333 -0.013333333 0.066666664 0.066666644 0.043333333 0.043333333 0.52654989 0.52666667
-0.45333333 -0.45333333 -0.30208671 -0.21666667 -0.21666667 -0.21666669 -1.061547 -0.059839124 -0.056666667 -0.056666668 -0.54333341 -0.54333333 -0.54333333 -0.54333333 -0.54333333 -0.55535959 -0.57333333 -0.57333333 -0.57333333 -0.57333333 -0.61666633 -0.61666667 -0.61666667 -0.61666667 -0.22333333 -0.22333333 -0.22333333 -0.22333333 -0.22333333 -0.18111128 0.023333333 0.023333333 0.023333333 0.036666667 0.036666667 0.036431121 -0.26666667 -0.26666667 -0.26291481 -0.26 -0.50333333 -0.50333333 -0.50333333 -0.3454725 -0.013333333 -0.013333333 -0.013333333 0.013333333 0.042959536 0.043333333 0.043333333 0.52666667 0.52666667
-0.5 -0.5 -0.5 -0.28770612 -0.21725987 -1.0633333 -1.0633333 -1.0633333 -1.0633333 -0.92333333 -0.92333333 -0.54333336 -0.54333333 -0.54333333 -0.54333333 -0.54333523 -0.57333333 -0.57333333 -0.57333333 -0.57333333 -0.59775741 -0.61666667 -0.61666667 -0.60837937 -0.29658613 -0.22333333 -0.22333333 -0.22333333 -0.25333333 -0.25333333 -0.25333333 -0.25333217 0.036666667 0.036666667 0.036666667 0.036666667 -0.26 -0.26 -0.26 -0.26 -0.14 -0.14 -0.14 0.10999497 0.11 0.11 0.10999996 0.013333333 0.013333333 0.04329678 0.043333333 0.52666485 0.52666667
-0.5 -0.5 -0.5 -0.5000061 -0.61333333 -0.67877073 -1.0633333 -1.0633333 -1.0633333 -0.92333333 -0.92333333 -0.92333333 -0.39333334 -0.39333333 -0.39333333 -0.39333334 -0.57372412 -0.57333333 -0.57333333 -0.57333333 -0.57397313 -0.30000087 -0.3 -0.3 -0.3 -0.30000001 -0.62333333 -0.62333333 -0.25333333 -0.25333333 -0.25333333 -0.25333333 0.036666424 0.036666667 0.036666667 0.036639245 -0.26000001 -0.26 -0.26 -0.2611552 -0.14 -0.14 -0.14 0.10998841 0.11 0.11 0.11 0.013333333 0.013333333 0.013333354 0.16666667 0.16666667 0.62666667
-0.5 -0.5 -0.5 -0.61333307 -0.61333333 -0.61333333 -1.0633332 -1.0633333 -1.0633333 -0.92333333 -0.92333333 -0.92333333 -0.39333333 -0.39333333 -0.39333333 -0.42328942 -0.78666667 -0.78666667 -0.78666612 -0.57453829 -0.3 -0.3 -0.3 -0.3 -0.3 -0.30024333 -0.62333333 -0.62333333 -0.62333333 -0.25333333 -0.25333333 -0.25357363 -0.3 -0.3 -0.3 -0.71333333 -0.71333333 -0.52333333 -0.52333333 -0.52333333 0.23 -0.13988394 -0.13999639 0.34333333 0.34333333 0.33449027 0.11000045 0.013333334 0.013333334 0.16666667 0.16666667 0.16666667 0.62666667
-0.5 -0.5 -0.5 -0.61333333 -0.61333333 -0.61333333 -0.61333333 -1.0633333 -1.0633333 -0.92333333 -0.92333333 -0.41452569 -0.39333333 -0.39333333 -0.39333333 -0.78666667 -0.78666667 -0.78666667 -0.78666667 -0.78666667 -0.3 -0.3 -0.3 -0.3 -0.3 -0.62333223 -0.62333333 -0.62333333 -0.62333333 -0.62666667 -0.62666667 -0.62666667 -0.3 -0.3 -0.3 -0.71333333 -0.71333333 -0.52333333 -0.52333333 0.23 0.23 0.23 0.34333333 0.34333333 0.34333333 0.34333333 0.34689305 0.38666667 0.38666667 0.38666667 0.16666667 0.55666667 0.55666667
