interpolatedSpi/03-07|21_3.tif
NCOLS 53
NROWS 52
XLLCORNER -116.03883
YLLCORNER 28.596182
DX 0.49850594
DY 0.49788537
NODATA_VALUE -9999
[rows 0 to 29 of 52, columns 0 to 52 of 53]
-0.82666667 -0.82666667 -0.79760399 -1.17 -1.0733333 -1.46 -1.38 -1.2133333 -1.1442628 -1.395 -1.4516667 -1.1366667 -1.649917 -0.64166667 -1.3666667 -1.3666667 -1.3666667 -0.575 -0.68833333 -0.68833333 -0.68833333 -0.68833449 -0.80833333 -0.90833333 -0.90833333 -0.90833333 -0.1416707 -0.14166667 -0.14166667 -0.34 -0.34 -0.34 -0.34 -1.1133332 -1.1133333 -1.1133333 -1.1133333 -1.1133333 -1.1133333 -1.1133333 0.65264415 0.67120892 -1.125 -1.125 -1.125 -1.125 -1.1241616 -0.61166667 -0.61166667 -0.61166667 1.1199964 1.12 1.12
-0.82669184 -1.3933333 -1.2666664 -1.3698465 -1.4783939 -0.92666667 -1.025 -1.421673 -1.6516667 -1.6933333 -1.46 -1.65 -1.65 -1.0137551 -0.64167758 -1.3666667 -0.575 -0.575 -0.68818556 -0.68833333 -0.68833333 -0.68833333 -0.9307041 -0.90833333 -0.90833333 -0.90833333 -1.2166666 -1.2166667 -0.34 -0.34 -0.34 -0.34 -0.34 -1.1133332 -1.1133333 -1.1133333 -1.1133333 -1.1133333 -1.1133333 -1.1038867 -1.0883143 -1.1205506 -1.125 -1.125 -1.125 -1.125 -1.125 -0.61166667 -0.61166667 -0.61166667 -0.46807521 1.12 1.12
-1.5949751 -1.595 -1.0116667 -0.945 -1.1583333 -1.43 -0.84 -1.1916667 -1.4916667 -1.5766667 -1.3183333 -1.5966667 -0.95666667 -1.715 -1.015 -1.7933333 -0.575 -0.575 -0.575 -1.2748295 -1.275 -1.275 -1.3333333 -0.90833333 -0.90833333 -0.90833333 -1.2166667 -1.2166667 -1.2166667 -0.34 -0.34 -0.34000005 -0.79893473 -1.1127882 -1.1100911 -0.76819194 -0.765 -0.765 -0.80566681 -1.0883333 -1.0883333 -1.0883802 -1.125 -1.125 -1.125 -1.125 -1.125 -0.61166667 -0.61166667 -0.61166667 -0.61166666 1.12 1.12
-0.52666667 -1.5949999 -1.3433576 -0.53333333 -1.18 -1.265 -1.0316667 -1.2433333 -1.3016667 -1.2506894 -1.2866667 -1.845 -1.8283333 -1.715 -1.6066667 -1.7933333 -2.0166119 -2.0173221 -1.9 -1.275 -1.275 -1.9733333 -1.3333333 -1.3333333 -0.90833333 -0.90833487 -1.2166667 -1.2166667 -1.2166667 -1.1316667 -1.2203696 -1.2933333 -1.2933333 -1.2933329 -0.765 -0.765 -0.765 -0.765 -1.0883333 -1.0883333 -1.0883333 -1.0883333 -1.125 -1.125 -1.125 -1.125 -1.125 -0.61167314 -0.61166667 -0.61166667 -0.61166667 1.1199394 1.12
-0.52666667 -0.018335763 -1.3433333 -1.5350605 -1.18 -1.0483333 -1.4566467 -1.0816667 -1.1433333 -1.225 -1.7338808 -1.9765855 -1.41 -1.6066667 -1.6066667 -1.7351 -2.0183333 -2.0183333 -1.9 -1.9 -1.2750014 -1.9733333 -1.5516667 -0.90666667 -0.70333333 -0.70324108 -1.2166667 -1.2166667 -1.1316667 -1.1316667 -1.2933333 -1.2933333 -1.2933333 -1.1541035 -0.765 -0.765 -0.765 -1.0883333 -1.0883333 -1.0883333 -1.0883333 -1.0883004 -1.125 -1.125 -1.125 -1.125 -1.125 -1.1204307 -0.61166667 -0.61167227 -0.73666667 -0.73666667 -0.73666667
-1.5066667 -0.70833333 -0.59333335 -1.0466667 -1.7883333 -1.2533333 -1.4583333 -1.4101092 -1.2633333 -0.87833333 -0.93666667 -0.63166667 -0.63166718 -1.2383333 -1.2383333 -1.5066912 -1.5066667 -1.3733333 -1.3733333 -1.8999991 -1.6416667 -1.6416667 -0.90666667 -0.70333333 -0.70333333 -0.30833333 -0.81833333 -0.81833333 -0.43506347 -1.1316667 -1.2933333 -1.2933333 -0.555 -0.5550404 -0.94163909 -1.345 -1.345 -1.167739 -1.0883333 -1.0883333 -0.7470928 -0.74666667 -0.74666648 -1.6210854 -1.6299442 -1.6299999 -1.63 -1.6299998 -1.3223158 -0.73666667 -0.73666667 -0.73666667 -0.73666667
-0.18166731 -0.42166667 0.15726787 -0.46333333 -0.86666667 -1.665 -1.04 -1.0316667 -1.0233333 -1.0233333 -0.93666667 -1.1766667 -0.68166676 -1.2383333 -1.6083322 -1.6083333 -1.5066667 -1.325 -0.93166667 -0.93166667 -1.5591953 -1.4666667 -1.4666667 -0.073333342 -0.30833333 -0.30833333 -0.81833333 -0.81833333 -0.43500903 -0.4351663 -0.85750421 -0.555 -0.555 -0.94166667 -0.94166667 -1.372232 -1.345 -1.345 -1.1000085 -0.74666716 -0.74666667 -0.74666667 -0.74666675 -1.6299988 -1.63 -1.63 -1.63 -1.6299999 -1.4466667 -0.73680737 -0.73666667 -0.73666667 -0.73666667
-0.18166667 0.28333333 0.37166667 -1.0566667 -1.3949806 -1.3383333 -0.98333333 -1.42 -1.33 -1.2633333 -1.2633333 -1.025 -0.68166667 -0.68166667 -1.6019755 -1.7920027 -1.81 -0.85666667 -1.1633331 -0.93166667 -0.41476234 -0.39 -0.85 -0.08166667 -0.081670558 -0.38333333 -0.52666667 -0.52666677 -0.58945686 -0.59 -0.85833333 -1.2293092 -0.80333333 -0.94166667 -0.95697304 -1.395 -1.395 -1.1 -1.1 -0.74666667 -0.74666667 -0.74666666 -1.4113048 -1.415 -1.63 -1.63 -1.63 -1.4466736 -1.4466667 -1.4466667 -0.73666667 -0.73666667 -0.73666667
-0.030717834 0.28333333 0.445 -0.16333333 -1.1516667 -1.3183333 -1.38 -1.4283333 -1.575 -1.3862731 -1.285 -1.0766667 -1.0766667 -1.0033333 -1.0033364 -1.4825818 -1.4816667 -1.4816667 -0.90347981 -0.91166662 -0.68166667 -0.68166666 -0.75333333 -0.81190525 -0.3529333 -0.38333333 -0.25166667 -0.52666667 -0.81995242 -0.82166667 -1.3483333 -0.79166667 -0.98305451 -1.495 -1.4783333 -1.6133333 -1.64 -1.475 -1.313408 -0.74622029 -0.64666667 -0.91 -1.4149414 -1.415 -1.4162101 -1.63 -1.6233333 -1.4466667 -1.4466667 -1.4466667 -1.4466667 -0.69495667 -0.50666667
-1.7866667 -1.7866667 0.32666667 -0.53 -1.2366667 -1.495 -1.285 -1.4383333 -1.6083333 -1.3383222 -1.505 -0.046666667 -1.0033333 -1.0033333 -1.3333333 -1.3353678 -1.4816667 -1.4816735 -1.465 -0.91166667 -0.91166667 -0.88203495 -0.75333333 -0.74333352 -0.74333333 -0.74333333 -0.25166667 -0.24833333 -0.24833333 -0.82166667 -0.82166667 -0.79238738 -1.1716667 -1.495 -0.75 -1.6133333 -1.64 -1.305 -1.3133333 -0.95916786 -0.90999999 -0.96326421 -1.055 -1.415 -1.415 -1.6233333 -1.6233333 -1.6233333 -1.4466667 -1.4466667 -0.40166667 -0.40166667 -0.40166671
-1.7866667 -1.7866667 -0.57166667 -1.5266667 -1.3083333 -0.84 -1.2933333 -1.2301281 -1.2816667 -1.2166667 -1.2983333 -0.77333333 -0.047635491 -1.3333333 -1.3333333 -1.3334025 -1.9333333 -1.908753 -1.465 -1.5516667 -1.5516667 -1.115 -1.115 -0.74333333 -0.74333333 -0.74333333 -0.24833333 -0.24833333 -0.24833333 -1.705 -1.705 -1.7049991 -1.2616667 -1.2616667 -1.4816667 -2.0866667 -1.39 -2.2733257 -1.585 -0.95333333 -0.95333333 -0.4883352 -1.055 -1.415 -1.3866668 -1.5016667 -0.89979625 -0.89666667 -0.76166667 -0.76166667 -0.40166667 -0.40166667 -0.40166667
-1.7866667 -1.2622601 -0.97919923 -1.2299997 -0.45166667 -1.585 -1.2933333 -1.23 -1.2816662 -1.2173868 -0.77333391 -0.77333333 -1.075 -1.3333333 -1.3333333 -1.9333333 -1.9333333 -1.9333067 -1.465 -1.5516667 -1.4659142 -1.115 -1.115 -0.74334884 -0.74333333 -0.81181658 -0.95166667 -0.95166667 -0.95166658 -1.705 -1.705 -1.7466667 -1.7466667 -1.2616673 -1.4816667 -1.6583335 -1.3886639 -2.2733333 -2.2733333 -0.95333332 -0.48833333 -0.48833333 -0.48833992 -1.3866667 -1.3866667 -1.5016667 -0.89666667 -0.89666667 -0.76166667 -0.76166667 -0.40166667 -0.40166667 -0.40166667
-2.1283333 -1.0299345 -1.0550164 -1.0562578 -0.45167252 -1.5849732 -1.2933333 -1.2307796 -1.2781063 -1.2799693 -1.075 -1.075 -1.075 -1.075 -1.3332967 -1.9333333 -1.9333333 -1.9272864 -1.465 -1.5517037 -1.6816667 -1.6816667 -1.6816667 -1.6816667 -0.75937959 -0.95166667 -0.95166667 -0.95166667 -0.95166667 -0.95223564 -1.7466667 -1.7466667 -1.7466667 -1.7466667 -1.6583333 -1.6583333 -1.6583333 -2.2426398 -2.268101 -1.5766667 -1.5766667 -0.48839187 -1.163341 -1.3866452 -1.3866667 -1.5016667 -0.89666667 -0.89666667 -0.76166667 -0.76166667 -0.40297271 -0.40166667 -0.067699691
-2.1283333 -1.055 -1.055 -1.055 -1.055 -1.0550002 -1.2940798 -1.2633731 -1.2686076 -1.075221 -1.075 -1.075 -1.075 -1.075 -1.0750001 -1.9333333 -1.9333333 -1.9012089 -1.4650072 -1.6816667 -1.6816667 -1.6816667 -1.6816667 -1.6816667 -1.675467 -1.2689414 -1.4199999 -1.42 -1.42 -1.42 -1.7466667 -1.7466667 -1.7466664 -1.5033333 -1.5033333 -1.6583333 -1.4476918 -1.4416667 -1.5766666 -1.5766667 -1.5766667 -1.5766667 -1.1633333 -1.1633333 -1.1633333 -1.1656878 -0.86698751 -0.86666667 -0.86666667 -0.86666667 -0.86666666 -0.37333334 -0.37333333
-1.3816667 -1.055 -1.055 -1.055 -1.055 -1.055 -1.055 -1.2355635 -1.1870489 -1.1866667 -1.1866667 -1.1866667 -1.1866667 -1.1866667 -1.1866667 -1.0920485 -1.9199084 -1.8692027 -1.6816396 -1.6816667 -1.6816667 -1.6816667 -1.6816667 -1.6816661 -1.395 -1.395 -1.395 -1.42 -1.42 -1.4206408 -1.74 -1.74 -1.5033333 -1.5033333 -1.5033333 -1.4515449 -1.4416667 -1.4416667 -1.4416667 -1.5766667 -1.5766667 -1.5766667 -1.1633333 -1.1633333 -1.1633333 -1.1633333 -0.86666666 -0.86666667 -0.86666667 -0.86666667 -0.86666667 -0.37333333 -0.37333333
-1.3816667 -1.2600524 -1.055 -1.055 -1.055 -1.055 -1.1283189 -1.1283333 -1.1283333 -1.1866667 -1.1866667 -1.1866667 -1.1866667 -1.1866667 -1.1653413 -1.09 -1.09 -1.09 -1.1815274 -1.1800005 -1.18 -1.18 -1.18 -1.18 -1.395 -1.395 -1.395 -1.395 -1.42 -1.74 -1.74 -1.74 -1.5033334 -1.5033333 -1.5033333 -1.2983333 -1.4414769 -1.4416667 -1.4416667 -1.5765483 -1.3403218 -0.7890278 -1.1633333 -1.1633333 -0.65823027 -0.65666667 -0.65666667 -0.86567254 -0.26378087 -0.26166672 -0.26166678 -0.026719197 -0.37333263
-1.3816667 -1.3751789 -1.2169347 -1.055 -1.055 -1.12829 -1.1283333 -1.1283333 -1.1283333 -1.1287537 -1.1866667 -1.1866667 -1.1866667 -1.1866667 -1.09 -1.09 -1.09 -1.09 -1.1799196 -1.18 -1.18 -1.18 -1.18 -1.18 -1.395 -1.395 -1.395 -1.395 -1.3962549 -1.74 -1.74 -1.74 -1.66 -1.5033163 -1.2983333 -1.2983333 -1.2983333 -1.2952844 -0.82813934 -0.78666667 -0.78666667 -0.78666667 -0.94 -0.94 -0.65666667 -0.65666667 -0.65666667 -0.26166667 -0.26166667 -0.26166667 -0.26166667 -0.026666667 -0.026666667
-1.374903 -1.375 -1.375 -1.375 -1.1616667 -1.1283342 -1.1283333 -1.1283333 -1.1283333 -1.1283333 -1.171525 -1.1866641 -1.1866667 -1.09 -1.09 -1.09 -1.09 -1.09 -1.0739084 -1.18 -1.18 -1.18 -1.18 -1.18 -1.283621 -1.2866673 -1.2866667 -1.2866667 -1.2866667 -1.74 -1.66 -1.66 -1.66 -1.66 -1.2983333 -1.298326 -1.02 -1.02 -0.78958018 -0.78666667 -0.78666667 -0.78666667 -0.94 -0.94 -0.70053642 -0.65666667 -0.65666667 -0.26166667 -0.26166667 -0.26166667 -0.25914686 -0.026666667 -0.026666667
-1.375 -1.375 -1.375 -1.2745382 -1.1616667 -1.1616667 -1.1283333 -1.1283333 -1.1283333 -1.1283333 -0.98666667 -0.98666667 -0.98666667 -1.09 -1.09 -1.09 -1.09 -1.089875 -0.72333333 -0.72333333 -1.1799998 -1.18 -1.1879935 -1.5083333 -1.5063378 -1.2866667 -1.2866667 -1.2866667 -1.2866667 -1.659962 -1.66 -1.66 -1.66 -1.66 -1.020001 -1.02 -1.02 -1.02 -1.0191537 -0.78666667 -0.78666667 -0.78666667 -0.94 -0.94 -0.94 -0.65666667 -0.65666667 -0.26166668 -0.26166667 -0.26166667 -0.026666667 -0.026666667 -0.026666667
-1.375 -1.375 -1.375 -1.1616667 -1.1616667 -1.1616667 -1.1616666 -1.1283333 -1.1283333 -0.98681291 -0.98666667 -0.98666667 -0.98666667 -0.98673104 -0.47753704 -0.33333333 -0.33333333 -0.33333334 -0.72333333 -0.72333333 -0.72333333 -1.5083333 -1.5083333 -1.5083333 -1.507944 -0.67384743 -1.2866667 -1.2866667 -1.2866667 -1.1050975 -0.98839939 -0.98833333 -0.98833333 -0.98833333 -0.83448922 -0.57333435 -0.57333333 -0.57333333 -0.57333333 -0.53670087 -0.53666667 -0.53666667 -0.94 -0.94 -0.89500019 -0.89499998 -0.85166667 -0.85166667 -0.57333333 -0.57333333 -0.57333333 -0.026666667 -0.36303231
-1.374998 -1.375 -1.375 -1.1616667 -1.1616667 -1.1616667 -1.1616667 -0.98666671 -1.1277669 -0.98654123 -0.98666667 -0.98666667 -0.98666667 -0.98538465 -0.33333333 -0.33333333 -0.33333333 -0.33333345 -0.72333333 -0.72333333 -0.72333333 -1.5083333 -1.5083333 -1.5083333 -0.11833333 -0.11833333 -0.34833333 -0.34833333 -0.34833333 -0.35182473 -0.98833333 -0.98833333 -0.98833333 -0.98833333 -0.78094726 -0.57333333 -0.57333333 -0.57333333 -0.57333333 -0.53666667 -0.53666667 -0.53666667 -0.5479412 -0.895 -0.895 -0.895 -0.85166667 -0.85166667 -0.57333333 -0.57333333 -0.57333333 -0.36333334 -0.36333333
-0.72333333 -1.0315407 -1.22 -1.2199831 -1.1616667 -0.98767921 -0.98666667 -0.98666667 -0.98605937 -0.84833334 -0.84833333 -0.84833333 -0.84833333 0.054970593 0.054999998 -0.33333304 -0.33333333 -0.34360926 -0.72333333 -0.72333333 -0.72333333 -0.26833333 -0.26833333 -0.26833333 -0.11833333 -0.11833333 -0.34833333 -0.34833333 -0.34833333 -0.34833328 -0.2800045 -0.28000199 -0.97053044 -0.98757395 -0.50887849 -0.50833333 -0.50833333 -0.50833333 -0.50833333 -0.53666667 -0.53666667 -0.53666667 -0.87526896 -0.895 -0.895 -0.895 -0.85166667 -0.85166667 -0.85165665 -0.57333333 -0.57335189 -0.98833333 -0.36333333
-1.02161 -1.0216667 -1.22 -1.22 -1.22 -0.98666667 -0.98666667 -0.98666667 -0.985 -0.985 -0.84833333 -0.84833333 -0.84833333 0.055 0.055 0.055 0.055 0.054912148 -0.72333333 -0.72333333 -0.72333332 -0.26833333 -0.26833333 -0.26833333 -0.11833333 -0.11833333 -0.34833333 -0.34833333 -0.34833333 -0.28077046 -0.28 -0.28 -0.28 -0.28 -0.50822066 -0.50833333 -0.50833333 -0.50833333 -0.50833333 -0.41500003 -0.415 -0.415 -0.415 -0.89499988 -0.88 -0.88 -0.88 -1.1016667 -1.1016667 -1.1016667 -0.98833333 -0.98833333 -0.98833333
-1.0216667 -1.0216667 -1.22 -1.22 -1.22 -0.98789311 -0.98666667 -0.985 -0.985 -0.985 -0.84835016 -0.84833333 -0.65903277 0.054999847 0.055 0.055 0.055 -0.19333333 -0.19333333 -0.19333333 0.11333332 0.11333305 -0.26833147 -0.26833333 -0.26808965 0.071666667 0.071666667 0.071665665 -0.34826546 0.2315647 0.23166394 0.23157734 -0.27912551 -0.27955844 -0.46733263 -0.50833308 -0.50613828 0.14666667 0.14666667 -0.415 -0.415 -0.415 -0.415 -0.88 -0.88 -0.88 -0.88 -1.1016667 -1.1016667 -1.1016667 -0.98833333 -0.98833333 -0.98833333
-1.0216667 -1.0216667 -1.22 -1.22 -1.22 -1.22 -0.98604288 -0.985 -0.985 -0.985 -0.98479654 -0.61666667 -0.61666667 -0.61666667 0.051041714 0.055 -0.1916785 -0.19333333 -0.19333333 -0.19333333 0.11333333 0.11333333 0.11333333 0.11333333 0.071666667 0.071666667 0.071666667 0.071666667 0.071666667 0.23166667 0.23166667 0.23166667 0.23166667 0.23166721 0.49166667 0.14666667 0.14666667 0.14666667 0.14666667 0.1466654 -0.165 -0.165 -0.165 -0.36784201 -0.78833333 -0.78833333 -0.78833333 -1.1016667 -1.101666 -0.39333333 -0.39333333 -0.28017232 -0.28
-1.0216667 -1.0216667 -1.1484156 -1.22 -1.22 -1.22 -1.1729991 -0.98559352 -0.985 -0.985 -0.61666672 -0.61666667 -0.61666667 -0.61666667 -0.61666667 -0.56154934 -0.19333333 -0.19333333 -0.19333333 -0.19333333 0.11333096 0.11333333 0.11333333 0.11333333 0.071666667 0.071666667 0.071666667 0.071666667 0.071666667 0.44719562 0.23166667 0.23166667 0.23166667 0.49166667 0.49166667 0.49139877 0.14666667 0.14666667 0.49840324 0.77166661 -0.165 -0.165 -0.165 -0.36229279 -0.78833333 -0.78833333 -0.78833333 0.41833333 -0.38322005 -0.39333333 -0.39333333 -0.28 -0.28
-0.42333333 -0.42333333 -0.42333333 -1.0202538 -1.2194392 -1.1733333 -1.1733333 -1.1733333 -1.1733333 -0.855 -0.855 -0.61666668 -0.61666667 -0.61666667 -0.61666667 -0.61663983 -0.19333333 -0.19333333 -0.19333333 -0.19333333 -0.020486052 0.11333333 0.11333333 0.13261221 0.81534169 0.071666667 0.071666667 0.071666667 0.52333333 0.52333333 0.52333333 0.52333211 0.49166667 0.49166667 0.49166667 0.49166667 0.77166667 0.77166667 0.77166667 0.77166667 0.096666667 0.096666667 0.096666667 0.050000938 0.05 0.05 0.049999735 0.41833333 0.41833333 -0.39234436 -0.39333333 -0.27999534 -0.28
-0.42333333 -0.42333333 -0.42333333 -0.42335541 -0.83333333 -0.88277492 -1.1733333 -1.1733333 -1.1733333 -0.855 -0.855 -0.855 -0.33666668 -0.33666667 -0.33666667 -0.33666668 -0.19416071 -0.19333333 -0.19333333 -0.19333333 -0.18864296 0.84999798 0.85 0.85 0.85 0.84999999 0.93333333 0.93333333 0.52333333 0.52333333 0.52333333 0.52333333 0.49166705 0.49166667 0.49166667 0.49171038 0.77166666 0.77166667 0.77166667 0.76993387 0.096666667 0.096666667 0.096666667 0.050002164 0.05 0.05 0.05 0.41833333 0.41833333 0.41833336 0.64333333 0.64333333 0.42833333
-0.42333333 -0.42333333 -0.42333333 -0.83333239 -0.83333333 -0.83333333 -1.1733332 -1.1733333 -1.1733333 -0.855 -0.855 -0.855 -0.33666667 -0.33666667 -0.33666667 -0.36014919 -0.645 -0.645 -0.64499883 -0.19588446 0.85 0.85 0.85 0.85 0.85 0.85006271 0.93333333 0.93333333 0.93333333 0.52333333 0.52333333 0.52329579 1.0283333 1.0283333 1.0283333 0.13166667 0.13166667 0.37666667 0.37666667 0.37666667 0.11666667 0.09667294 0.096668856 0.39 0.39 0.37711439 0.050001522 0.41833333 0.41833333 0.64333333 0.64333333 0.64333333 0.42833333
-0.42333333 -0.42333333 -0.42333333 -0.83333333 -0.83333333 -0.83333333 -0.83333333 -1.1733333 -1.1733333 -0.855 -0.855 -0.35739252 -0.33666667 -0.33666667 -0.33666667 -0.645 -0.645 -0.645 -0.645 -0.645 0.85 0.85 0.85 0.85 0.85 0.93333305 0.93333333 0.93333333 0.93333333 0.465 0.465 0.465 1.0283333 1.0283333 1.0283333 0.13166667 0.13166667 0.37666667 0.37666667 0.11666667 0.11666667 0.11666667 0.39 0.39 0.39 0.39 0.40396505 0.56 0.56 0.56 0.64333333 0.495 0.495
