interpolatedSpi/03-03|23_1.tif
NCOLS 53
NROWS 52
XLLCORNER -116.03883
YLLCORNER 28.596182
DX 0.49850594
DY 0.49788537
NODATA_VALUE -9999
-1.01 -1.01 -1.3426282 -1.595 -0.52 -0.65 -0.82 -0.845 -1.0002589 -0.75 -0.645 -1.055 -1.5349605 -1.055 -0.825 -0.825 -0.825 -0.565 -1.01 -1.01 -1.01 -1.0099908 -0.060000011 -1.14 -1.14 -1.14 0.060011115 0.06 0.06 -1.225 -1.225 -1.225 -1.225 -1.9549999 -1.955 -1.955 -1.955 -1.955 -1.955 -1.9549999 1.0179762 1.0490691 -2.605 -2.605 -2.605 -2.605 -2.6027623 -1.235 -1.235 -1.235 -0.030002503 -0.03 -0.03 
-1.0100353 -1.805 -1.1750001 -1.1381119 -0.95007714 -0.945 -1.92 -1.8597129 -1.315 -1.495 -1.6 -1.535 -1.535 -1.1546666 -1.0549992 -0.825 -0.565 -0.565 -1.0094198 -1.01 -1.01 -1.01 -1.1523697 -1.14 -1.14 -1.14 -2.0949999 -2.095 -1.225 -1.225 -1.225 -1.225 -1.225 -1.9549999 -1.955 -1.955 -1.955 -1.955 -1.955 -1.9101982 -1.7199901 -2.497612 -2.605 -2.605 -2.605 -2.605 -2.605 -1.235 -1.235 -1.235 -1.1350802 -0.03 -0.03 
-0.31004462 -0.31 -1.3 -1.12 -1.23 -1.665 -1.75 -1.865 -1.98 -1.93 -1.63 -2.205 -1.58 -0.36 -1.155 -2.45 -0.565 -0.565 -0.565 -1.274923 -1.275 -1.275 -1.375 -1.14 -1.14 -1.14 -2.095 -2.095 -2.095 -1.225 -1.225 -1.2250001 -1.8965531 -1.9544541 -1.9498341 -1.4050857 -1.4 -1.4 -1.4402476 -1.72 -1.72 -1.7211317 -2.605 -2.605 -2.605 -2.605 -2.605 -1.235 -1.235 -1.235 -1.235 -0.03 -0.03 
-0.085 -0.31000007 -0.68010493 -0.875 -1.38 -1.615 -1.48 -2.095 -1.85 -1.4222136 -1.97 -1.71 -1.94 -0.36 -1.795 -2.45 -1.3087986 -1.299485 -1.565 -1.275 -1.275 -2.03 -1.375 -1.375 -1.14 -1.1400048 -2.095 -2.095 -2.095 -1.85 -2.2724819 -2.62 -2.62 -2.619999 -1.4 -1.4 -1.4 -1.4 -1.72 -1.72 -1.72 -1.72 -2.605 -2.605 -2.605 -2.605 -2.605 -1.2350173 -1.235 -1.235 -1.235 -0.030032664 -0.03 
-0.085 0.38999804 -0.68 -1.1705867 -1.38 -1.315 -1.4400151 -2.1 -1.83 -1.7450001 -1.6227251 -1.5649492 -1.21 -1.795 -1.795 -2.2151913 -1.3 -1.3 -1.565 -1.565 -1.2750015 -2.03 -1.575 -1.43 -1.295 -1.2950014 -2.095 -2.095 -1.85 -1.85 -2.62 -2.62 -2.62 -2.4974272 -1.4 -1.4 -1.4 -1.72 -1.72 -1.72 -1.72 -1.7200164 -2.605 -2.605 -2.605 -2.605 -2.605 -2.5928053 -1.235 -1.2349908 -1.03 -1.03 -1.03 
-1.29 -0.135 -0.19499998 -1.13 -0.47 -0.645 -1.41 -1.4983398 -1.73 -1.655 -1.285 -1.54 -1.5399998 -0.47 -0.47 -1.0149252 -1.015 -0.73 -0.73 -1.564999 -2.185 -2.185 -1.43 -1.295 -1.295 -1.3 -1.385 -1.385 -1.5650258 -1.85 -2.62 -2.62 -1.97 -1.9699013 -1.025068 -2.225 -2.225 -1.8762333 -1.72 -1.72 -1.889788 -1.89 -1.8899996 -1.3721542 -1.3501387 -1.3500003 -1.35 -1.3500005 -0.99881697 -1.03 -1.03 -1.03 -1.03 
0.029973105 0.735 0.083947378 0.195 0.035 -0.56 -1.095 -1.33 -1.25 -1.25 -1.285 -1.445 -1.2 -0.47 -0.7049993 -0.705 -1.015 -0.25 -0.475 -0.475 -2.0742528 -1.95 -1.95 -1.34 -1.3 -1.3 -1.385 -1.385 -1.564995 -1.5649088 -1.290587 -1.97 -1.97 -1.025 -1.025 -1.7675024 -2.225 -2.225 -2.9699742 -1.8900015 -1.89 -1.89 -1.8899967 -1.3499997 -1.35 -1.35 -1.35 -1.3499998 -0.985 -1.0299911 -1.03 -1.03 -1.03 
0.03 -0.97 0.01 -0.09 0.19998337 -0.275 -0.765 -0.83999999 0.08 -1.015 -1.015 -1.135 -1.2 -1.2 -0.70839616 -0.57294024 -0.56 -0.36 -0.23000025 -0.475 -0.73877185 -0.715 -2.27 -0.64500001 -0.64500271 -0.855 -0.975 -0.97500014 -1.4802979 -1.48 -1.29 -0.67420224 -1.065 -1.025 -1.0307042 -1.385 -1.385 -2.97 -2.97 -1.89 -1.89 -1.89 -1.2933667 -1.295 -1.35 -1.35 -1.35 -0.98501389 -0.985 -0.985 -1.03 -1.03 -1.03 
-1.1429557 -0.96999998 0.625 -0.07 -0.505 -0.945 -0.655 -0.04 -0.39 0.12833445 -0.205 -1.305 -1.305 -0.61 -0.60999807 -1.9311678 -1.935 -1.935 -0.34015532 -1.5849999 -0.995 -0.995 -3.26 -2.6601427 -0.83383754 -0.855 -1.15 -0.975 -0.49281834 -0.49 -0.565 -1.335 -1.1964946 -1.205 -1.225 -1.275 -1.305 -1.09 -1.3898615 -1.8893974 -1.755 -0.95 -1.2949284 -1.295 -1.2953096 -1.35 -2.035 -0.98500001 -0.985 -0.985 -0.98499999 -0.79779363 0.16 
-2.11 -2.11 0.01 -0.185 -0.325 -0.955 -0.465 -0.22 -0.095 0.25997654 0.08 -0.42 -0.61 -0.61 -0.405 -0.42598464 -1.935 -1.9345757 -0.025 -1.585 -1.585 -1.5089882 -3.26 -1.3400364 -1.34 -1.34 -1.15 -0.465 -0.465 -0.49 -0.49 -1.3344784 -1.06 -1.205 -1.155 -1.275 -1.305 -1.915 -1.39 -0.91286035 -0.95000004 -0.91510276 -0.855 -1.295 -1.295 -2.035 -2.035 -2.035 -0.985 -0.985 0.835 0.835 0.83499975 
-2.11 -2.11 -0.235 -0.62 -0.865 -0.82 -1.15 -0.16543623 -0.085 -0.48 -0.835 0.275 -0.41907503 -0.405 -0.405 -0.40500923 -0.485 -0.46085704 -0.025 -0.15 -0.15 -0.48 -0.48 -1.34 -1.34 -1.34 -0.465 -0.465 -0.465 -1.04 -1.04 -1.04 -0.905 -0.905 -1.37 -1.205 -0.315 -1.1000021 -0.9 -0.905 -0.905 -0.8250001 -0.855 -1.295 -0.26000051 -0.68 -0.29751531 -0.29 0.61 0.61 0.835 0.835 0.835 
-2.11 -1.3003951 -0.39929323 -1.20998 -0.425 -0.76 -1.15 -0.165 -0.085000668 -0.47562388 0.27499902 0.275 0.51 -0.405 -0.405 -0.485 -0.485 -0.48497382 -0.025 -0.15 -0.21480529 -0.48 -0.48 -1.3399646 -1.34 -1.0162112 -0.355 -0.355 -0.35500001 -1.04 -1.04 -0.01 -0.01 -0.90500127 -1.37 -0.12500042 -0.48016433 -1.1 -1.1 -0.905 -0.825 -0.825 -0.82499592 -0.26 -0.26 -0.68 -0.29 -0.29 0.61 0.61 0.835 0.835 0.835 
-0.74 -0.66856262 -0.69999676 -0.70368246 -0.42500182 -0.75999209 -1.15 -0.17712478 -0.090512818 -0.095314502 0.51 0.51 0.51 0.51 -0.40487038 -0.485 -0.485 -0.47906067 -0.025 -0.14987049 0.295 0.295 0.295 0.295 -1.311514 -0.355 -0.355 -0.355 -0.355 -0.35518383 -0.01 -0.01 -0.01 -0.0099999999 -0.125 -0.125 -0.125 -1.0532745 -1.0911376 0.08 0.08 -0.82495132 0.31498032 -0.25994462 -0.26 -0.68 -0.29 -0.29 0.61 0.61 0.83418372 0.835 0.061229523 
-0.74 -0.7 -0.7 -0.7 -0.7 -0.70000002 -1.1490016 -0.68392425 -0.10522058 0.50934935 0.51 0.51 0.51 0.51 0.50999996 -0.485 -0.48499993 -0.45344714 -0.025005371 0.295 0.295 0.295 0.295 0.295 0.29942896 0.18454893 0.42499984 0.425 0.425 0.425 -0.0099999905 -0.01 -0.0099994947 0.41 0.41 -0.125 0.4388712 0.455 0.080000217 0.08 0.08 0.08 0.315 0.315 0.315 0.30807571 0.95675353 0.965 0.965 0.965 0.96499999 0.42500008 0.425 
-0.75 -0.7 -0.7 -0.7 -0.7 -0.7 -0.70000003 -0.50841685 0.4669164 0.47 0.47 0.47 0.47 0.47 0.47 0.80299625 -0.46440807 -0.42201032 0.29495961 0.295 0.295 0.295 0.295 0.29500011 0.5 0.5 0.49999989 0.425 0.425 0.42545055 0.65 0.65 0.41 0.41 0.41 0.44779163 0.455 0.455 0.455 0.08 0.08 0.08 0.315 0.315 0.315 0.315 0.96500001 0.965 0.965 0.965 0.965 0.425 0.425 
-0.75 -0.73138557 -0.7 -0.7 -0.7 -0.7 0.51476154 0.515 0.515 0.47 0.47 0.47 0.47 0.47 0.54500638 0.81 0.81 0.81 0.3897114 0.3899999 0.39 0.39 0.39 0.39 0.5 0.5 0.5 0.5 0.425 0.65 0.65 0.65 0.41000002 0.41 0.41 0.775 0.45542369 0.455 0.455 0.080045836 0.17124706 0.38408842 0.315 0.315 1.3069294 1.31 1.31 0.96541212 1.2141264 1.215 1.215 1.0799009 0.42500133 
-0.75 0.057708543 -0.30528409 -0.7 -0.7 0.51428212 0.515 0.515 0.515 0.51467572 0.47 0.47 0.47 0.47000004 0.81 0.81 0.81 0.81 0.39037518 0.39 0.39 0.39 0.39 0.39 0.5 0.5 0.5 0.5 0.5005456 0.65 0.65 0.65 0.445 0.41003797 0.775 0.775 0.775 0.77541588 0.38944508 0.385 0.385 0.385 1.015 1.015 1.31 1.31 1.31 1.215 1.215 1.215 1.215 1.08 1.08 
0.079531746 0.08 0.08 0.080000005 0.55 0.5150009 0.515 0.515 0.515 0.515 0.48059916 0.47000182 0.47 0.81 0.81 0.81 0.81 0.81 0.76507983 0.39 0.39 0.39 0.39 0.39 0.40682781 0.35000081 0.35 0.35 0.35 0.64999999 0.445 0.445 0.445 0.445 0.775 0.77500105 0.815 0.815 0.39036919 0.385 0.385 0.385 1.015 1.015 1.2643238 1.31 1.31 1.215 1.215 1.215 1.2135524 1.08 1.08 
0.08 0.08 0.08 0.30133001 0.55 0.55 0.515 0.515 0.515 0.515 0.61 0.61 0.61 0.81 0.81 0.81 0.81 0.80998513 0.62 0.62 0.39000009 0.39 0.39255631 0.495 0.49369463 0.35 0.35 0.35 0.35 0.44499033 0.445 0.445 0.445 0.445 0.81499986 0.815 0.815 0.815 0.8134658 0.385 0.385 0.385 1.015 1.015 1.015 1.31 1.31 1.215 1.215 1.215 1.08 1.08 1.08 
0.08 0.08 0.08 0.55 0.55 0.55 0.54999995 0.515 0.515 0.60990193 0.61 0.61 0.61 0.61012461 0.73715198 0.72 0.72 0.72 0.62 0.62 0.62 0.495 0.495 0.495 0.49505743 0.53358351 0.35 0.35 0.35 0.33304317 0.31001328 0.31 0.31 0.31 0.65654775 0.43500086 0.435 0.435 0.435 0.64996374 0.65 0.65 1.015 1.015 0.92500038 0.92500006 1.09 1.09 1.255 1.255 1.255 1.08 1.1849061 
0.080000714 0.08 0.080000017 0.55 0.55 0.55 0.55 0.55999999 0.51517993 0.60997733 0.61 0.61 0.61 0.61021585 0.72 0.72 0.72 0.71999997 0.62 0.62 0.62 0.495 0.495 0.495 0.7 0.7 0.495 0.495 0.495 0.49399077 0.31 0.31 0.31 0.31 0.37246565 0.435 0.435 0.435 0.435 0.65 0.65 0.65 0.65865255 0.925 0.925 0.925 1.09 1.09 1.255 1.255 1.255 1.185 1.185 
0.31 0.20396856 0.135 0.1351204 0.55 0.55994214 0.56 0.56 0.72579228 0.58500001 0.585 0.585 0.585 0.370007 0.37 0.71999973 0.72 0.71736515 0.62 0.62 0.62 0.03 0.03 0.03 0.7 0.7 0.495 0.495 0.495 0.49499955 -0.12499724 -0.12499878 0.29906693 0.30953365 0.26505087 0.265 0.265 0.265 0.265 0.65 0.65 0.65 0.90985756 0.925 0.925 0.92499994 1.09 1.09 1.0900059 1.255 1.2549893 1.015 1.185 
0.38998481 0.38999996 0.135 0.135 0.135 0.56 0.56 0.56 1.015 1.015 0.585 0.585 0.585 0.37 0.37 0.37 0.37 0.37002908 0.62 0.62 0.61999998 0.03 0.03 0.03 0.7 0.7 0.495 0.495 0.495 -0.11800945 -0.125 -0.125 -0.125 -0.125 0.26480756 0.265 0.265 0.265 0.265 0.52500003 0.525 0.525 0.525 0.92499724 0.565 0.565 0.565 0.585 0.585 0.585 1.015 1.015 1.015 
0.39 0.39 0.135 0.135 0.135 0.55776612 0.56 1.015 1.015 1.015 0.58505293 0.585 0.66671247 0.37000007 0.37 0.37 0.37 0.285 0.285 0.285 -0.60999999 -0.60999952 0.029996882 0.03 0.030010267 -0.27 -0.27 -0.26999818 0.49487637 -0.53491829 -0.53499782 -0.53492842 -0.12570073 -0.12535383 0.19527341 0.26499988 0.26394436 -0.05 -0.05 0.525 0.525 0.525 0.525 0.565 0.565 0.565 0.565 0.585 0.585 0.585 1.015 1.015 1.015 
0.39 0.39 0.135 0.135 0.135 0.135 0.73029321 1.015 1.015 1.015 1.0148177 0.685 0.685 0.685 0.37185637 0.37 0.28556642 0.285 0.285 0.285 -0.61 -0.61 -0.61 -0.61 -0.27 -0.27 -0.27 -0.27 -0.27 -0.535 -0.535 -0.535 -0.535 -0.53499946 -0.28 -0.05 -0.05 -0.05 -0.05 -0.049998116 0.455 0.455 0.455 0.48103332 0.535 0.535 0.535 0.585 0.58499992 0.505 0.505 0.86503649 0.865 
0.39 0.39 0.22703709 0.135 0.135 0.13500002 1.1048403 1.0152836 1.015 1.015 0.68500014 0.685 0.685 0.685 0.685 0.65912096 0.285 0.285 0.285 0.285 -0.60999308 -0.61 -0.61 -0.61 -0.27 -0.27 -0.27 -0.27 -0.27 -0.28006004 -0.535 -0.535 -0.535 -0.28 -0.28 -0.2798214 -0.05 -0.05 0.0062778516 0.049999993 0.455 0.455 0.455 0.48077257 0.535 0.535 0.535 0.845 0.50923637 0.505 0.505 0.865 0.865 
0.93 0.93 0.93 0.33432835 0.13626665 1.105 1.105 1.105 1.105 1.335 1.335 0.68500005 0.685 0.685 0.685 0.68497465 0.285 0.285 0.285 0.285 -0.21945103 -0.61 -0.61 -0.60097121 -0.26522265 -0.27 -0.27 -0.27 -0.19 -0.19 -0.19 -0.19000145 -0.28 -0.28 -0.28 -0.28 0.05 0.05 0.05 0.05 0.485 0.485 0.485 0.55499859 0.555 0.555 0.55499999 0.845 0.845 0.50541427 0.505 0.86499992 0.865 
0.93 0.93 0.93 0.9300035 0.995 1.0109958 1.105 1.105 1.105 1.335 1.335 1.335 0.745 0.745 0.745 0.74500001 0.28633723 0.285 0.285 0.285 0.27144745 -0.26500095 -0.265 -0.265 -0.265 -0.265 -0.125 -0.125 -0.19 -0.19 -0.19 -0.19 -0.27999963 -0.28 -0.28 -0.27995846 0.05 0.05 0.05 0.049956132 0.485 0.485 0.485 0.55499675 0.555 0.555 0.555 0.845 0.845 0.845 0.85 0.85 0.78 
0.93 0.93 0.93 0.99499985 0.995 0.995 1.105 1.105 1.105 1.335 1.335 1.335 0.745 0.745 0.745 0.76556308 1.015 1.015 1.0149981 0.28912323 -0.265 -0.265 -0.265 -0.265 -0.265 -0.26489464 -0.125 -0.125 -0.125 -0.19 -0.19 -0.1898938 0.23 0.23 0.23 -0.49 -0.49 0.04 0.04 0.04 0.31 0.48494511 0.48500075 0.585 0.585 0.58386303 0.55500057 0.845 0.845 0.85 0.85 0.85 0.78 
0.93 0.93 0.93 0.995 0.995 0.995 0.995 1.105 1.105 1.335 1.335 0.76859149 0.745 0.745 0.745 1.015 1.015 1.015 1.015 1.015 -0.265 -0.265 -0.265 -0.265 -0.265 -0.12500048 -0.125 -0.125 -0.125 -0.025 -0.025 -0.025 0.23 0.23 0.23 -0.49 -0.49 0.04 0.04 0.31 0.31 0.31 0.585 0.585 0.585 0.585 0.59075031 0.655 0.655 0.655 0.84999999 0.54 0.54 
0.93 0.93 0.93009052 0.995 0.995 0.995 0.995 1.075921 1.08 1.0804378 1.335 0.74503937 0.745 0.745 0.74500093 1.015 1.015 1.015 1.015 1.015 0.80435705 -0.265 -0.265 -0.265 -0.26504119 -0.12501913 -0.125 -0.125 -0.125 -0.025 -0.025 -0.025 -0.024965606 0.23 -0.49 -0.49 -0.49 -0.48997842 0.040018413 0.31 0.31 0.31 0.58498331 0.585 0.585 0.585 0.65499568 0.655 0.655 0.655 0.54 0.54 0.54 
0.985 0.9849999 0.99496546 0.995 0.995 0.995 1.0799819 1.08 1.08 1.08 1.215 1.215 1.215 1.215 1.015923 1.015 1.015 1.015 1.015 0.8500001 0.85 0.85 -0.46499997 -0.465 -0.465 -0.465 -0.43565363 -0.125 -0.31999201 -0.32 -0.32 -0.32 -0.32 -0.8 -0.8 -0.8 -0.8 -0.8 0.305 0.305 0.305 0.305 0.305 0.22554267 0.225 0.225 0.225 0.655 0.655 0.655 0.54001812 0.54 0.54 
0.985 0.985 0.98495814 0.98000003 0.98 0.98009749 1.08 1.08 1.08 1.08 1.215 1.215 1.215 1.215 1.215 1.015 1.015 1.015 0.85000004 0.85 0.85 0.85 -0.465 -0.465 -0.465 -0.465 -0.465 -0.46492792 -0.32012357 -0.32 -0.32 -0.32 -0.32004964 -0.89637328 -0.80009979 -0.8 -0.8 -0.8 0.305 0.305 0.305 0.305 0.305 0.225 0.225 0.225 0.225 0.4260764 0.655 1.0653699 1.07 0.76 0.76 
0.985 0.985 0.98000063 0.98 0.98 0.98 1.0053996 1.08 1.08 1.08 1.215 1.215 1.215 1.215 1.215 1.0151507 1.015 0.85004838 0.85 0.85 0.85 0.85 0.022150271 -0.465 -0.465 -0.465 -0.465 -0.46512398 -0.64 -0.64 -0.64 -0.64 -0.64 -0.97 -0.97 -0.97 -0.97 -0.97 -0.36 -0.36 -0.36 -0.36 -0.35999999 0.22720971 0.22500046 0.225 0.22515341 0.24358032 1.07 1.07 1.07 0.76000174 0.76 
0.98499929 0.60750595 0.97999995 0.98 0.98 0.98 0.98 1.0799574 1.08 1.08 1.215 1.215 1.215 1.215 0.87277398 0.865 0.865 0.85000039 0.85 0.85 0.85 0.85 0.8499999 -0.465 -0.465 -0.465 -0.465 -0.74499989 -0.74499995 -0.72265345 -0.64 -0.64 -0.64 -0.97 -0.97 -0.97 -0.97 -0.96989841 -0.36 -0.36 -0.36 -0.36 -0.35993105 1.13 1.13 1.13 1.13 1.1299952 1.07 1.07 1.07 1.0699999 0.85360089 
0.6 0.6 0.67392846 0.98 0.98 0.98 0.98 0.98 1.0799572 1.02 1.02 1.02 1.0204628 0.8650005 0.865 0.865 0.865 0.865 0.84999946 0.84538424 0.805 0.805 0.805 0.48191792 -0.46459982 -0.46245852 -0.46081452 -0.745 -0.745 -0.745 -0.745 -0.745 -0.74016439 -0.81814815 -0.82 -0.82 -0.82 -0.82 -0.19093189 0.53999838 0.54 0.54 0.54 1.2499996 1.13 1.13 1.13 1.285 1.0700034 1.07 1.07 0.855 0.855 
0.6 0.6 0.625 0.625 0.625 0.97988175 0.98 0.98 1.02 1.02 1.02 1.02 1.02 0.86500001 0.865 0.865 0.865 0.865 0.805 0.805 0.805 0.805 0.805 -0.45999993 -0.46 -0.46 -0.46 -0.745 -0.745 -0.745 -0.745 -0.745 -0.655 -0.655 -0.82 -0.82 -0.82 0.5097735 0.51 0.54 0.54 0.54 0.54000011 1.25 1.25 1.25 1.285 1.285 1.285 1.005 1.005 0.855 0.855 
0.6 0.6 0.625 0.625 0.625 0.625 0.62500096 0.8 1.0197929 1.02 1.02 1.02 1.02 0.86693348 0.865 0.865 0.865 0.865 0.805 0.805 0.805 0.805 0.805 -0.46 -0.46 -0.46 -0.46 -0.46000119 -0.745 -0.745 -0.745 -0.65500472 -0.655 -0.655 -0.655 -0.82 0.50999998 0.51 0.51 0.51078936 1.1553962 1.27 1.27 1.25 1.25 1.25 1.285 1.285 1.285 1.005 1.005 1.005 0.37949891 
0.77 0.76999867 0.625 0.625 0.625 0.625 0.8 0.8 0.8 1.02 1.02 1.02 1.02 1.0199518 0.865 0.865 0.865 0.865 0.80500064 0.805 0.805 0.80499998 -0.23717119 -0.46 -0.46 -0.46 -0.46 -0.95999959 -0.96 -0.96 -0.74730416 -0.655 -0.655 -0.655 -0.65499939 -0.015000009 0.51 0.51 0.51 0.51000001 1.27 1.27 1.27 1.565 1.565 1.565 1.2100073 1.285 1.285 1.005 1.005 1.005 0.33000054 
0.77 0.77 0.625 0.625 0.625 0.8 0.8 0.8 0.8 0.99588044 1.02 1.02 1.02 1.0199972 0.2750679 0.275 0.275 0.275 -0.066919589 -0.27 -0.27 -0.27 -0.27 -0.46 -0.46 -0.46 -0.46003298 -0.96 -0.96 -0.96 -0.96 -0.65492453 -0.29501851 -0.015 -0.015 -0.015 0.51240603 1.1549866 1.155 1.155 1.2702663 1.61 1.61 1.565 1.565 1.5649985 1.21 1.21 0.59 0.59 0.59 0.355 0.525 
0.77 0.77 0.455 0.455 0.455 0.8 0.8 0.8 0.8 0.89 0.89 0.89 0.89 0.84665951 0.275 0.275 0.275 0.275 -0.06 -0.27 -0.27 -0.27 -0.27 -0.78 -0.77999987 -0.46000047 -0.96 -0.96 -0.96 -0.96 -0.57523082 -0.2 -0.037012463 -0.015 -0.015 -0.015 1.155 1.155 1.155 1.155 1.61 1.61 1.61 1.1651403 1.165 1.2097977 1.21 1.21 0.58999653 0.59 0.355 0.355 0.525 
0.77 0.455 0.455 0.455 0.455 0.455 0.7975935 0.49 0.49 0.89 0.89 0.89 0.89 0.88985435 0.275 0.275 0.275 0.25986364 -0.06 -0.06 -0.27 -0.27 -0.78 -0.78 -0.78 -0.78 -0.96 -0.96 -0.96 -0.96 -0.2 -0.2 -0.2 -0.015187205 -0.015 -0.015 1.155 1.155 1.155 1.155 1.61 1.61 1.61 1.165 1.165 1.1649487 0.26 0.26 -0.215 -0.215 0.355 0.355 0.525 
0.45795824 0.455 0.455 0.455 0.455 0.455 0.49 0.49 0.49 0.70409672 0.89 0.89 0.89 0.88998325 0.275 0.275 0.275 -0.06 -0.06 -0.06 -0.26998951 -0.27000312 -0.78 -0.78 -0.78 -0.78 -0.95998721 -0.96 -0.96 -0.20017478 -0.2 -0.2 -0.2 -0.2 -0.014932219 0.34 0.34 0.35410499 1.155 1.155 1.6099996 1.61 1.1779385 1.165 1.165 0.26000033 0.26 0.26 -0.215 -0.215 -0.155 -0.155 0.04 
0.455 0.455 0.455 0.455 0.455 0.455 0.49 0.49 0.49 0.49 0.16002103 0.16 0.16 0.16 0.27499858 -0.023069603 -0.19 -0.19 -0.060239654 -0.06 -0.060000041 -0.77999926 -0.78 -0.78 -0.78 -0.78 -0.78013087 -0.96 -0.95997402 -0.2 -0.2 -0.2 -0.2 -0.2 0.34 0.34 0.34 0.34 0.34 0.34000193 -0.09 -0.09 -0.089999956 0.04 0.04 0.04 -0.22 -0.22 -0.35 -0.35 -0.155 -0.15499958 0.04 
0.455 0.455 0.455 0.455 0.455 0.455 0.49 0.49 0.49 0.16 0.16 0.16 0.16 0.16 0.067740841 -0.19 -0.19 -0.19 -0.19 -0.19 -0.18379293 -0.78 -0.78 -0.78 -0.78 -0.74859899 0.21843301 -0.7993239 -0.20374792 -0.2 -0.2 -0.2 -0.2 -0.19999882 0.34 0.34 0.34 0.34 0.34 0.139965 -0.09 -0.09 -0.09 0.04 0.04 0.04 -0.22 -0.22 -0.35 -0.35 -0.335 0.019313361 0.04 
0.455 0.455 0.455 0.455 0.455 0.45500001 0.48999999 0.49 0.47630316 0.16 0.16 0.16 0.16 0.16 0.14321184 -0.19 -0.19 -0.19 -0.19 -0.19 -0.19 0.065827641 0.2199986 0.22 0.22 0.22 0.22 0.22 -0.63269724 -0.64499473 -0.64499999 -0.645 -0.645 -0.64499929 0.34 0.34 0.34 0.34 0.34 -0.089999949 -0.09 -0.09 -0.09 -0.089999942 0.040120242 0.115 -0.21999997 -0.47058852 -0.35010953 -0.335 -0.335 -0.3325056 -0.215 
0.455 0.455 0.455 0.455 0.455 0.45500224 0.48999811 0.48998003 0.16000042 0.16 0.16 0.16 0.16 0.16 0.15334024 -0.19 -0.19 -0.19 -0.19 -0.19 -0.19 0.22 0.22 0.22 0.22 0.22 0.22 0.22 -0.64476122 -0.645 -0.645 -0.645 -0.645 -0.645 -0.3751101 0.34 0.34 0.34 0.34 -0.09 -0.09 -0.09 -0.09 -0.089947484 0.115 0.115 0.11130217 -0.475 -0.475 -0.335 -0.335 -0.215 -0.215 
0.455 0.455 0.455 0.455 0.455 0.45504668 0.48994917 0.19723834 0.16 0.16 0.16 0.16 0.16 0.16 0.15387265 -0.19 -0.19 -0.19 -0.19 -0.19 -0.13162345 0.22 0.22 0.22 0.22 0.22 0.22 0.22 -0.64499653 -0.645 -0.645 -0.645 -0.645 -0.645 -0.645 0.11231228 -0.24156494 -0.43507363 -0.46453385 -0.13531646 -0.090000016 -0.09 -0.09 0.11498363 0.115 0.11067234 -0.60999935 -0.475 -0.475 -0.6400338 -0.64 -0.64 -0.21500019 
0.455 0.455 0.455 0.455 0.45500004 0.45529174 0.46122395 0.16009074 0.16 0.16 0.16 0.16 0.16 0.16 0.15182696 -0.19 -0.19 -0.19 -0.19 -0.19 0.21999823 0.22 0.22 0.22 0.22 0.22 0.22 0.22 -0.64499976 -0.645 -0.645 -0.645 -0.645 -0.645 -0.64499997 -0.48 -0.48 -0.48 -0.48 -0.795 -0.795 -0.795 -0.795 -0.6099979 -0.61 -0.61 -0.61 -0.61000198 -0.795 -0.795 -0.64 -0.64 -0.86014863 
0.455 0.455 0.455 0.455 0.45500098 0.45580034 0.18257898 0.16000431 0.16 0.16 0.16 0.16 0.16 0.16 0.14811884 -0.18999986 -0.19 -0.19 -0.19 -0.18753239 0.22 0.22 0.22 0.22 0.22 0.22 0.22 0.22 -0.64499981 -0.645 -0.645 -0.645 -0.645 -0.645 -0.48000015 -0.48 -0.48 -0.48 -0.48 -0.795 -0.795 -0.795 -0.795 -0.7450693 -0.61 -0.61 -0.61 -0.79499793 -0.795 -0.795 -0.96 -0.96 -0.96 
0.455 0.455 0.455 0.45500008 0.45500877 0.44308496 0.16122057 0.16000108 0.16 0.16 0.16 0.16 0.16 0.15999998 0.14309576 -0.18999177 -0.19 -0.19 -0.18999953 0.21169275 0.22 0.22 0.22 0.22 0.22 0.22 0.22 0.22 -0.64499919 -0.645 -0.645 -0.645 -0.645 -0.47663039 -0.47999998 -0.48 -0.48 -0.48 -0.48 -0.795 -0.795 -0.795 -0.795 -0.795 -0.61 -0.61 -0.61 -0.795 -0.795 -0.795 -0.96 -0.96 -0.96 
0.455 0.455 0.45500003 0.45500087 0.45496756 0.29813579 0.16021251 0.16000066 0.16 0.16 0.16 0.16 0.16 0.15999934 0.13712374 -0.18987218 -0.18999999 -0.18999999 -0.18787723 0.21996514 0.22 0.22 0.22 0.22 0.22 0.22 0.22 0.2199995 -0.64499458 -0.645 -0.64499984 -0.4352198 -0.415 -0.415 -0.415 -0.48 -0.48 -0.48 -0.48 -0.795 -0.795 -0.795 -0.795 -0.795 -0.61000328 -0.61 -0.61000009 -0.79499999 -0.795 -0.79500009 -0.96 -0.96 -0.96 
