interpolatedSpi/03-09|23_1.tif
NCOLS 53
NROWS 52
XLLCORNER -116.03883
YLLCORNER 28.596182
DX 0.49850594
DY 0.49788537
NODATA_VALUE -9999
[rows 0 to 33 of 52, columns 0 to 52 of 53]
-0.0925 -0.0925 -0.29404167 -0.35625 -0.10375 -0.165 -0.15375 -0.03875 -0.59406115 -0.50375 -0.34125 -0.42 -0.73622334 -0.4125 -0.3475 -0.3475 -0.3475 -0.53875 -0.46 -0.46 -0.46 -0.45999606 -0.051250005 -0.5975 -0.5975 -0.5975 -0.49875 -0.49875 -0.49875 -1.05375 -1.05375 -1.05375 -1.05375 -1.1925 -1.1925 -1.1925 -1.1925 -1.1925 -1.1925 -1.1925 0.24328465 0.25842264 -1.02625 -1.02625 -1.02625 -1.02625 -1.0256742 -0.67375 -0.67375 -0.67375 -0.31750074 -0.3175 -0.3175
-0.092517717 -0.49125 -0.14500013 -0.12896168 -0.25871969 -0.2775 -0.42875 -0.49357656 -0.51375 -0.65 -0.6175 -0.73625 -0.73625 -0.53583736 -0.41250092 -0.3475 -0.53875 -0.53875 -0.46010268 -0.46 -0.46 -0.46 -0.61250157 -0.5975 -0.5975 -0.5975 -0.63625 -0.63625 -1.05375 -1.05375 -1.05375 -1.05375 -1.05375 -1.1925 -1.1925 -1.1925 -1.1925 -1.1925 -1.1925 -1.1013305 -0.61754664 -0.97665168 -1.02625 -1.02625 -1.02625 -1.02625 -1.02625 -0.67375 -0.67375 -0.67375 -0.64420941 -0.3175 -0.3175
0.31497678 0.315 -0.26 -0.24125 -0.3375 0.0225 -0.30125 -0.07 -0.63 -0.6975 -0.63125 -0.70375 -0.8775 -0.6225 -0.53625 -1.06 -0.53875 -0.53875 -0.53875 -0.39876781 -0.39875 -0.39875 -0.8825 -0.5975 -0.5975 -0.5975 -0.63625 -0.63625 -0.63625 -1.05375 -1.05375 -1.05375 -1.070599 -1.1919761 -1.1904755 -0.97699305 -0.975 -0.975 -0.93003592 -0.6175 -0.6175 -0.61802269 -1.02625 -1.02625 -1.02625 -1.02625 -1.02625 -0.67375 -0.67375 -0.67375 -0.67375 -0.3175 -0.3175
0.18 0.31499987 -0.31134995 -0.18375 -0.68 -0.4325 -0.35 -0.6725 -0.4675 -0.61967684 -0.74 -0.75625 -0.83 -0.6225 -0.91375 -1.06 -0.63328991 -0.62993606 -0.6025 -0.39875 -0.39875 -0.84 -0.8825 -0.8825 -0.5975 -0.59750019 -0.63625 -0.63625 -0.63625 -0.8925 -1.000178 -1.08875 -1.08875 -1.0887499 -0.975 -0.975 -0.975 -0.975 -0.6175 -0.6175 -0.6175 -0.61750002 -1.02625 -1.02625 -1.02625 -1.02625 -1.02625 -0.67375445 -0.67375 -0.67375 -0.67375 -0.31752829 -0.3175
0.18 -0.07125044 -0.31125 -0.75190377 -0.68 -0.7575 -0.80876888 -1.10625 -1.14375 -0.77750018 -0.84909457 -0.87742946 -0.385 -0.91375 -0.91375 -1.0048497 -0.63 -0.63 -0.6025 -0.6025 -0.39875088 -0.84 -0.64875 -0.35875 -0.58375 -0.58373277 -0.63625 -0.63625 -0.8925 -0.8925 -1.08875 -1.08875 -1.08875 -1.0413709 -0.975 -0.975 -0.975 -0.6175 -0.6175 -0.6175 -0.6175 -0.61753366 -1.02625 -1.02625 -1.02625 -1.02625 -1.02625 -1.0231123 -0.67375 -0.67377287 -1.18375 -1.18375 -1.18375
-0.925 -0.485 -0.45874999 -0.53375 -0.4475 -0.81375 -1.0375 -1.046302 -1.0475 -1.24375 -1.15875 -1.0075 -1.0074996 -0.8525 -0.8525 -0.54242244 -0.5425 -0.715 -0.715 -0.60249977 -0.82875 -0.82875 -0.35875 -0.58375 -0.58375 -0.51 -0.85 -0.85 -0.73126508 -0.8925 -1.08875 -1.08875 -0.8375 -0.83748211 -0.66626228 -0.70125 -0.70125 -0.64340997 -0.6175 -0.6175 -0.96581503 -0.96625 -0.96624915 -0.83223642 -0.82877183 -0.82875005 -0.82875001 -0.82875008 -1.0911173 -1.18375 -1.18375 -1.18375 -1.18375
0.10374588 -0.1775 -0.026534736 -0.6025 -0.54125 -1.01625 -0.84375 -0.96625 -1.20375 -1.20375 -1.15875 -1.20625 -1.0237499 -0.8525 -0.22125189 -0.22125 -0.5425 -0.08625 -0.34125 -0.34125 -0.7038648 -0.56375 -0.56375 -0.52 -0.51 -0.51 -0.85 -0.85 -0.73126887 -0.73159736 -0.5814648 -0.8375 -0.8375 -0.66625 -0.66625 -0.78498841 -0.70125 -0.70125 -1.0974863 -0.96625018 -0.96625 -0.96625 -0.96624518 -0.82875033 -0.82875 -0.82875 -0.82875 -0.82875016 -1.09 -1.1837314 -1.18375 -1.18375 -1.18375
0.10375 -0.54125 -0.09625 -0.705 -0.38876813 -0.88125 -1.23 -1.13 -0.9075 -1.1825 -1.1825 -0.80125 -1.02375 -1.02375 -0.22675589 -0.34306374 -0.355 -0.13625 -0.35499999 -0.34125 -0.37326389 -0.3375 -0.81125 -0.12 -0.12000706 -0.6675 -0.5275 -0.52750011 -1.0538655 -1.055 -0.58 -0.71336413 -0.6225 -0.66625 -0.66956559 -0.855 -0.855 -1.0975 -1.0975 -0.96625 -0.96625 -0.96624999 -0.88647356 -0.88875 -0.82875 -0.82875 -0.82875 -1.0899901 -1.09 -1.09 -1.18375 -1.18375 -1.18375
-0.60895306 -0.54124999 0.1475 -0.59125 -0.47625 -1.08125 -0.845 -0.4675 -1.07875 -0.58035149 -0.3925 -0.835 -0.835 -0.4025 -0.40250026 -0.51580058 -0.51625 -0.51625 -0.16964253 -0.81749999 -0.75875 -0.75875 -1.18625 -0.95903133 -0.61232646 -0.6675 -0.58125 -0.5275 -0.51755811 -0.5175 -0.73875 -0.78625 -0.63830156 -0.9175 -0.7825 -0.8925 -0.81625 -0.68125 -0.61628001 -0.96468768 -0.61625 -0.5125 -0.88867592 -0.88875 -0.88841229 -0.82875 -1.03375 -1.09 -1.09 -1.09 -1.09 -1.0984624 -0.06
-0.9875 -0.9875 0.13 -0.075 -0.7125 -0.57625 -0.5775 -0.90625 -0.6625 -0.45377717 -0.725 -0.34125 -0.4025 -0.4025 -0.43 -0.43118296 -0.51625 -0.51615866 -0.09125 -0.8175 -0.8175 -0.80993101 -1.18625 -0.9012554 -0.90125 -0.90125 -0.58125 -0.42875 -0.42875 -0.5175 -0.5175 -0.78569287 -0.4925 -0.9175 -0.75875 -0.8925 -0.81625 -1.16625 -0.61625 -0.36784226 -0.5125 -0.48357202 -0.43375 -0.88875 -0.88875 -1.03375 -1.03375 -1.03375 -1.09 -1.09 -0.49875 -0.49875 -0.49874984
-0.9875 -0.9875 -0.26875 -0.50375 -0.595 -0.22125 -0.8625 -0.36448874 -0.27625 -0.4975 -0.39125 -0.1675 -0.34101878 -0.43 -0.43 -0.42998832 -0.32875 -0.31628489 -0.09125 -0.1675 -0.1675 -0.305 -0.305 -0.90125 -0.90125 -0.90125 -0.42875 -0.42875 -0.42875 -0.6125 -0.6125 -0.6124998 -0.6725 -0.6725 -1.1525 -0.79625 -0.5175 -0.60625383 -0.56875 -0.36375 -0.36375 -0.59874946 -0.43375 -0.88875 -0.26375019 -0.35625 -0.31934011 -0.31625 -0.435 -0.435 -0.49875 -0.49875 -0.49875
-0.9875 -0.67717826 -0.36903288 -0.73123841 -0.255 -0.395 -0.8625 -0.36375 -0.27625073 -0.49504882 -0.16750043 -0.1675 0.0425 -0.43 -0.43 -0.32875 -0.32875 -0.32873648 -0.09125 -0.1675 -0.1945022 -0.305 -0.305 -0.90122556 -0.90125 -0.71634525 -0.33875 -0.33875 -0.33875001 -0.6125 -0.6125 -0.19125 -0.19125 -0.67250132 -1.1525 -0.41000034 -0.60389056 -0.60625 -0.60625 -0.36375001 -0.59875 -0.59875 -0.59874755 -0.26375 -0.26375 -0.35625 -0.31625 -0.31625 -0.435 -0.435 -0.49875 -0.49875 -0.49875
-0.25 -0.29823341 -0.29750748 -0.30063548 -0.25500083 -0.39499669 -0.86249999 -0.36988932 -0.28227964 -0.28202743 0.0425 0.0425 0.0425 0.0425 -0.42993307 -0.32875 -0.32875 -0.3256835 -0.09125 -0.16740695 0.1525 0.1525 0.1525 0.1525 -0.88295208 -0.33875 -0.33875 -0.33875 -0.33875 -0.3387904 -0.19125 -0.19125 -0.19125 -0.19125 -0.41 -0.41 -0.41 -0.59731244 -0.60486994 -0.4225 -0.4225 -0.59874052 -0.32749782 -0.26375614 -0.26375 -0.35625 -0.31625 -0.31625 -0.435 -0.435 -0.49851872 -0.49875 -0.62438945
-0.25 -0.2975 -0.2975 -0.2975 -0.2975 -0.29750004 -0.86130323 -0.62649868 -0.29836622 0.042151254 0.0425 0.0425 0.0425 0.0425 0.042500258 -0.32875 -0.32874996 -0.31245912 -0.091252519 0.1525 0.1525 0.1525 0.1525 0.1525 0.15757803 -0.016239624 0.092499911 0.0925 0.0925 0.0925 -0.19124999 -0.19125 -0.19124945 0.265 0.265 -0.41 0.016549119 0.02875 -0.42249974 -0.4225 -0.4225 -0.4225 -0.3275 -0.3275 -0.3275 -0.32770007 0.024013267 0.02625 0.02625 0.02625 0.026249992 -0.44375001 -0.44375
-0.38 -0.2975 -0.2975 -0.2975 -0.2975 -0.2975 -0.29750003 -0.42935182 0.40491974 0.40875 0.40875 0.40875 0.40875 0.40875 0.40875 0.51153362 -0.31535881 -0.29622812 0.15246927 0.1525 0.1525 0.1525 0.1525 0.15250031 0.3875 0.3875 0.38749959 0.0925 0.0925 0.093481196 0.5825 0.5825 0.265 0.265 0.265 0.066594862 0.02875 0.02875 0.02875 -0.4225 -0.4225 -0.4225 -0.3275 -0.3275 -0.3275 -0.3275 0.026249996 0.02625 0.02625 0.02625 0.02625 -0.44375 -0.44375
-0.38 -0.34928619 -0.2975 -0.2975 -0.2975 -0.2975 0.3586212 0.35875 0.35875 0.40875 0.40875 0.40875 0.40875 0.40875 0.43191373 0.51375 0.51375 0.51375 0.41793945 0.41874973 0.41875 0.41875 0.41875 0.41875 0.3875 0.3875 0.3875 0.3875 0.0925 0.5825 0.5825 0.5825 0.26500003 0.265 0.265 0.44125 0.029296163 0.02875 0.02875 -0.42247173 -0.36640549 -0.2355604 -0.3275 -0.3275 -0.23154703 -0.23125 -0.23125 0.025942965 -0.15934914 -0.15999998 -0.15999996 -0.10255167 -0.44374931
-0.38 0.0043914557 -0.13936061 -0.2975 -0.2975 0.35836226 0.35875 0.35875 0.35875 0.35911031 0.40875 0.40875 0.40875 0.40875001 0.51375 0.51375 0.51375 0.51375 0.41883486 0.41875 0.41875 0.41875 0.41875 0.41875 0.3875 0.3875 0.3875 0.3875 0.38820928 0.5825 0.5825 0.5825 0.6325 0.2650268 0.44125 0.44125 0.44125 0.44046355 -0.21828379 -0.235 -0.235 -0.235 -0.4625 -0.4625 -0.23125 -0.23125 -0.23125 -0.16 -0.16 -0.16 -0.16 -0.1025 -0.1025
0.014809328 0.015 0.015 0.015000004 0.46625 0.35875277 0.35875 0.35875 0.35875 0.35875 0.40098989 0.40874866 0.40875 0.51375 0.51375 0.51375 0.51375 0.51375 0.51750781 0.41875 0.41875 0.41875 0.41875 0.41875 0.4579294 0.54499915 0.545 0.545 0.545 0.5825 0.6325 0.6325 0.6325 0.6325 0.44125 0.44124819 0.3725 0.3725 -0.22741446 -0.235 -0.235 -0.235 -0.4625 -0.4625 -0.26705546 -0.23125 -0.23125 -0.16 -0.16 -0.16 -0.15938345 -0.1025 -0.1025
0.015 0.015 0.015 0.22750036 0.46625 0.46625 0.35875 0.35875 0.35875 0.35875 0.30625 0.30625 0.30625 0.51375 0.51375 0.51375 0.51375 0.51377004 0.69125 0.69125 0.41875011 0.41875 0.42069766 0.49875 0.49916637 0.545 0.545 0.545 0.545 0.63249109 0.6325 0.6325 0.6325 0.6325 0.37250024 0.3725 0.3725 0.3725 0.37034431 -0.235 -0.235 -0.235 -0.4625 -0.4625 -0.4625 -0.23125 -0.23125 -0.16 -0.16 -0.16 -0.1025 -0.1025 -0.1025
0.015 0.015 0.015 0.46625 0.46625 0.46625 0.46624984 0.35875 0.35875 0.3063042 0.30625 0.30625 0.30625 0.30637928 0.61189247 0.635 0.635 0.635 0.69125 0.69125 0.69125 0.49875 0.49875 0.49875 0.49873564 0.49385888 0.545 0.545 0.545 0.42413643 0.37877496 0.37875 0.37875 0.37875 0.23496353 0.041250752 0.04125 0.04125 0.04125 -0.27499453 -0.275 -0.275 -0.4625 -0.4625 -0.18875114 -0.18875 -0.19375 -0.19375 -0.1025 -0.1025 -0.1025 -0.1025 -0.023820412
0.015000516 0.015 0.015000016 0.46625 0.46625 0.46625 0.46625 0.27000003 0.35839514 0.30632368 0.30625 0.30625 0.30625 0.3068951 0.635 0.635 0.635 0.63500002 0.69125 0.69125 0.69125 0.49875 0.49875 0.49875 0.4475 0.4475 0.5425 0.5425 0.5425 0.54160669 0.37875 0.37875 0.37875 0.37875 0.21009263 0.04125 0.04125 0.04125 0.04125 -0.275 -0.275 -0.275 -0.27228625 -0.18875 -0.18875 -0.18875 -0.19375 -0.19375 -0.1025 -0.1025 -0.1025 -0.023750003 -0.02375
0.18125 0.10515776 0.0275 0.027627289 0.46625 0.2711355 0.27 0.27 0.36246108 0.3875 0.3875 0.3875 0.3875 0.68749023 0.6875 0.63500004 0.635 0.6364821 0.69125 0.69125 0.69125 0.355 0.355 0.355 0.4475 0.4475 0.5425 0.5425 0.5425 0.54249984 0.31750039 0.31750017 0.37721057 0.37868434 -0.13316444 -0.13375 -0.13375 -0.13375 -0.13375 -0.275 -0.275 -0.275 -0.1934991 -0.18875 -0.18875 -0.18875002 -0.19375 -0.19375 -0.19374672 -0.1025 -0.10250956 -0.31625 -0.02375
0.31372484 0.31374995 0.0275 0.0275 0.0275 0.27 0.27 0.27 0.52375 0.52375 0.3875 0.3875 0.3875 0.6875 0.6875 0.6875 0.6875 0.68750022 0.69125 0.69125 0.69124999 0.355 0.355 0.355 0.4475 0.4475 0.5425 0.5425 0.5425 0.32003689 0.3175 0.3175 0.3175 0.3175 -0.13352734 -0.13375 -0.13375 -0.13375 -0.13375 -0.12750004 -0.1275 -0.1275 -0.1275 -0.18875105 -0.32625 -0.32625 -0.32625 -0.5075 -0.5075 -0.5075 -0.31625 -0.31625 -0.31625
0.31375 0.31375 0.0275 0.0275 0.0275 0.26872538 0.27 0.52375 0.52375 0.52375 0.38751677 0.3875 0.49270481 0.68749996 0.6875 0.6875 0.6875 0.37375 0.37375 0.37375 0.34625 0.34625001 0.35499996 0.355 0.35502004 0.345 0.345 0.34500047 0.54246808 0.10504235 0.10500113 0.1050371 0.31713682 0.31731661 -0.053519719 -0.13375003 -0.13398459 -0.20375 -0.20375 -0.1275 -0.1275 -0.1275 -0.1275 -0.32625 -0.32625 -0.32625 -0.32625 -0.5075 -0.5075 -0.5075 -0.31625 -0.31625 -0.31625
0.31375 0.31375 0.0275 0.0275 0.0275 0.027500001 0.36497121 0.52375 0.52375 0.52375 0.52374586 0.51625 0.51625 0.51625 0.68649078 0.6875 0.37584075 0.37375 0.37375 0.37375 0.34625 0.34625 0.34625 0.34625 0.345 0.345 0.345 0.345 0.345 0.105 0.105 0.105 0.105 0.10499903 -0.35625 -0.20375 -0.20375 -0.20375 -0.20375 -0.20375024 -0.29125 -0.29125 -0.29125 -0.31199496 -0.355 -0.355 -0.355 -0.5075 -0.50750011 -0.61625 -0.61625 -0.17003558 -0.17
0.31375 0.31375 0.13081615 0.0275 0.0275 0.027500008 0.39647625 0.52334819 0.52375 0.52375 0.51624998 0.51625 0.51625 0.51625 0.51625 0.53026561 0.37375 0.37375 0.37375 0.37375 0.34625021 0.34625 0.34625 0.34625 0.345 0.345 0.345 0.345 0.345 -0.026164764 0.105 0.105 0.105 -0.35625 -0.35625 -0.35613158 -0.20375 -0.20375 -0.33600295 -0.43874998 -0.29125 -0.29125 -0.29125 -0.31168642 -0.355 -0.355 -0.355 -0.40125 -0.61357112 -0.61625 -0.61625 -0.17 -0.17
0.42625 0.42625 0.42625 0.12747759 0.027967868 0.39625 0.39625 0.39625 0.39625 0.4375 0.4375 0.51624999 0.51625 0.51625 0.51625 0.51624095 0.37375 0.37375 0.37375 0.37375 0.35825011 0.34625 0.34625 0.35096068 0.51817914 0.345 0.345 0.345 -0.0725 -0.0725 -0.0725 -0.072499255 -0.35625 -0.35625 -0.35625 -0.35625 -0.43875 -0.43875 -0.43875 -0.43875 -0.2125 -0.2125 -0.2125 -0.34249739 -0.3425 -0.3425 -0.3425 -0.40125 -0.40125 -0.61598803 -0.61625 -0.17000059 -0.17
0.42625 0.42625 0.42625 0.42624562 0.345 0.35245259 0.39625 0.39625 0.39625 0.4375 0.4375 0.4375 -0.038749975 -0.03875 -0.03875 -0.038749993 0.37285241 0.37375 0.37375 0.37375 0.37334283 0.52624951 0.52625 0.52625 0.52625 0.52624999 0.093750002 0.09375 -0.0725 -0.0725 -0.0725 -0.0725 -0.35624975 -0.35625 -0.35625 -0.3562217 -0.43875 -0.43875 -0.43875 -0.4382839 -0.2125 -0.2125 -0.2125 -0.34249397 -0.3425 -0.3425 -0.3425 -0.40125 -0.40125 -0.40124998 -0.2875 -0.2875 -0.1075
0.42625 0.42625 0.42625 0.34500019 0.345 0.345 0.39624998 0.39625 0.39625 0.4375 0.4375 0.4375 -0.03875 -0.03875 -0.03875 -0.044652365 -0.11625 -0.11625 -0.11624873 0.37098235 0.52625 0.52625 0.52625 0.52625 0.52625 0.52592452 0.09375 0.09375 0.09375 -0.0725 -0.0725 -0.072431611 -0.00875 -0.00875 -0.00875 -0.37375 -0.37375 -0.3325 -0.3325 -0.3325 -0.265 -0.21251647 -0.21250118 -0.37125 -0.37125 -0.37016041 -0.34250018 -0.40125 -0.40125 -0.2875 -0.2875 -0.2875 -0.1075
0.42625 0.42625 0.42625 0.345 0.345 0.345 0.345 0.39625 0.39625 0.4375 0.4375 -0.019706869 -0.03875 -0.03875 -0.03875 -0.11625 -0.11625 -0.11625 -0.11625 -0.11625 0.52625 0.52625 0.52625 0.52625 0.52625 0.093751475 0.09375 0.09375 0.09375 0.03375 0.03375 0.03375 -0.00875 -0.00875 -0.0087500001 -0.37375 -0.37375 -0.3325 -0.3325 -0.265 -0.265 -0.265 -0.37125 -0.37125 -0.37125 -0.37125 -0.39445662 -0.65375 -0.65375 -0.65375 -0.2875 -0.23875 -0.23875
0.42625 0.42625 0.42613686 0.345 0.345 0.345 0.345 0.31643965 0.315 0.31521032 0.43749998 -0.038746125 -0.03875 -0.03875 -0.038750268 -0.11625 -0.11625 -0.11625 -0.11625 -0.11625 -0.14868029 0.52625 0.52625 0.52625 0.52621061 0.093763574 0.09375 0.09375 0.09375 0.03375 0.03375 0.03375 0.033743855 -0.00875 -0.37375 -0.37375 -0.37375 -0.37374835 -0.3324954 -0.265 -0.265 -0.265 -0.37124355 -0.37125 -0.37125 -0.37125 -0.65374857 -0.65375 -0.65375 -0.65375 -0.23875 -0.23875 -0.23875
0.49125 0.49124989 0.3450479 0.345 0.345 0.345 0.31500638 0.315 0.315 0.315 0.0075000079 0.0075 0.0075 0.0075 -0.11567885 -0.11625 -0.11625 -0.11625 -0.11625 -0.17749996 -0.1775 -0.1775 0.33500003 0.335 0.335 0.335 0.31417702 0.09375 0.032502509 0.0325 0.0325 0.0325 0.0325 -0.44125 -0.44125 -0.44125 -0.44125 -0.44125 -0.41625 -0.41625 -0.41625 -0.41625 -0.41625 -0.51353519 -0.51375 -0.51375 -0.51375 -0.65375 -0.65375 -0.65375 -0.23881538 -0.23875 -0.23875
0.49125 0.49125 0.49062202 0.41624986 0.41624998 0.41615125 0.315 0.315 0.315 0.315 0.0075 0.0075 0.0075 0.0075 0.0075 -0.11625 -0.11625 -0.11625 -0.17749998 -0.1775 -0.1775 -0.1775 0.335 0.335 0.335 0.335 0.335 0.33494865 0.032625502 0.032500001 0.0325 0.0325 0.032550417 -0.27897441 -0.44108197 -0.44125 -0.44125 -0.44125 -0.41625 -0.41625 -0.41625 -0.41625 -0.41625 -0.51375 -0.51375 -0.51375 -0.51375 -0.57921674 -0.65375 -0.099997881 -0.09375 -0.00875 -0.00875
0.49125 0.49125 0.4162595 0.41625 0.41625 0.41625 0.39053293 0.315 0.315 0.315 0.0075 0.0075 0.0075 0.0075 0.0075 -0.11615795 -0.11625 -0.17748204 -0.1775 -0.1775 -0.1775 -0.1775 0.14514105 0.335 0.335 0.335 0.335 0.335016 0.3575 0.3575 0.3575 0.3575 0.3575 -0.155 -0.155 -0.155 -0.155 -0.155 -0.50375 -0.50375 -0.50375 -0.50375 -0.50375 -0.51243455 -0.51374972 -0.51375 -0.51365868 -0.50270102 -0.09375 -0.09375 -0.09375 -0.0087504761 -0.00875
