interpolatedSpi/03-07|23_3.tif
NCOLS 53
NROWS 52
XLLCORNER -116.03883
YLLCORNER 28.596182
DX 0.49850594
DY 0.49788537
NODATA_VALUE -9999
[rows 0 to 39 of 52, columns 0 to 52 of 53]
0.082 0.082 -0.53819145 -0.568 -0.326 -0.056 -0.426 -0.232 -1.177743 -0.9 -0.906 -0.718 -1.1080082 -1.208 -1.01 -1.01 -1.01 -0.874 -0.99 -0.99 -0.99 -0.98999131 -0.088000013 -1.422 -1.422 -1.422 -0.7239951 -0.724 -0.724 -1.588 -1.588 -1.588 -1.588 -2.6679998 -2.668 -2.668 -2.668 -2.668 -2.668 -2.6679999 0.30398821 0.33562929 -1.118 -1.118 -1.118 -1.118 -1.1184508 -1.394 -1.394 -1.394 -0.55400174 -0.554 -0.554
0.081963033 -0.75 -0.59199966 -0.57339555 -0.5739471 -0.44 -0.55 -0.75363255 -0.92 -1.228 -0.754 -1.108 -1.108 -0.96880027 -1.2079954 -1.01 -0.874 -0.874 -0.98984875 -0.99 -0.99 -0.99 -1.4211578 -1.422 -1.422 -1.422 -1.308 -1.308 -1.588 -1.588 -1.588 -1.588 -1.588 -2.6679998 -2.668 -2.668 -2.668 -2.668 -2.6679999 -2.3705778 -0.81613571 -1.0813554 -1.118 -1.118 -1.118 -1.118 -1.118 -1.394 -1.394 -1.394 -1.3243464 -0.554 -0.554
0.3339776 0.334 -0.294 -0.478 -0.52 -0.094 -0.782 -0.076 -1.358 -1.69 -1.434 -1.064 -1.508 -1.242 -0.968 -1.7 -0.874 -0.874 -0.874 -0.6461 -0.646 -0.646 -1.406 -1.422 -1.422 -1.422 -1.308 -1.308 -1.308 -1.588 -1.588 -1.588 -1.5908884 -2.6652145 -2.6593065 -1.7425587 -1.734 -1.734 -1.6185398 -0.81600001 -0.816 -0.81638618 -1.118 -1.118 -1.118 -1.118 -1.118 -1.394 -1.394 -1.394 -1.394 -0.554 -0.554
0.678 0.33399986 -0.38419179 -0.34 -1.088 -0.794 -0.748 -1.132 -0.806 -1.2194312 -1.424 -1.374 -1.332 -1.242 -1.534 -1.7 -1.3090145 -1.3056973 -1.1 -0.646 -0.646 -1.524 -1.406 -1.406 -1.422 -1.4219994 -1.308 -1.308 -1.308 -1.358 -1.4874879 -1.594 -1.594 -1.5940001 -1.734 -1.734 -1.734 -1.734 -0.816 -0.816 -0.816 -0.81600001 -1.118 -1.118 -1.118 -1.118 -1.118 -1.3939965 -1.394 -1.394 -1.394 -0.55403802 -0.554
0.678 0.041999219 -0.384 -1.1896378 -1.088 -1.468 -1.446059 -2.224 -2.338 -1.5020003 -1.4953455 -1.4859063 -0.832 -1.534 -1.534 -1.63888 -1.306 -1.306 -1.1 -1.1 -0.64600173 -1.524 -1.024 -0.266 -1.018 -1.0179603 -1.308 -1.308 -1.358 -1.358 -1.594 -1.594 -1.594 -1.5725026 -1.734 -1.734 -1.734 -0.816 -0.816 -0.816 -0.816 -0.81602684 -1.118 -1.118 -1.118 -1.118 -1.118 -1.1204567 -1.394 -1.3940145 -1.718 -1.718 -1.718
-1.206 -0.726 -0.82199997 -0.938 -1.044 -1.502 -1.884 -1.9275297 -1.614 -2.062 -2.328 -1.672 -1.6719994 -1.766 -1.766 -0.79000483 -0.79 -1.402 -1.402 -1.0999998 -1.314 -1.314 -0.266 -1.018 -1.018 -0.848 -1.454 -1.454 -0.98803509 -1.358 -1.594 -1.594 -1.48 -1.4799615 -1.1120265 -1.444 -1.444 -1.0102861 -0.816 -0.816 -1.0936533 -1.094 -1.093999 -1.4185983 -1.4239662 -1.4239999 -1.424 -1.4239999 -1.7797713 -1.718 -1.718 -1.718 -1.718
0.013992065 -0.318 -0.5655204 -0.992 -1.104 -1.53 -1.41 -1.86 -2.302 -2.302 -2.328 -1.942 -1.8319999 -1.766 -0.81000286 -0.81 -0.79 -0.502 -0.89 -0.89 -1.0859078 -0.83 -0.83 -0.924 -0.848 -0.848 -1.454 -1.454 -0.98806504 -0.98919738 -0.94956944 -1.48 -1.48 -1.112 -1.112 -1.5071782 -1.444 -1.444 -1.6919914 -1.0940008 -1.094 -1.094 -1.0939952 -1.4239995 -1.424 -1.424 -1.424 -1.4240002 -1.804 -1.718017 -1.718 -1.718 -1.718
0.014 -1.078 -0.366 -1.806 -1.3380268 -1.604 -2.128 -2.486 -1.566 -1.94 -1.94 -1.508 -1.832 -1.832 -0.81701187 -0.97393625 -0.99 -0.54 -0.80000009 -0.89 -0.52978735 -0.46 -1.006 -0.108 -0.10801272 -1.094 -1.086 -1.0860001 -2.1000894 -2.104 -0.946 -1.1194501 -1.232 -1.112 -1.1198148 -1.56 -1.56 -1.692 -1.692 -1.094 -1.094 -1.094 -1.3329671 -1.336 -1.424 -1.424 -1.424 -1.8039855 -1.804 -1.804 -1.718 -1.718 -1.718
-1.1581058 -1.078 0.03 -1.518 -1.456 -2.338 -1.712 -1.312 -1.93 -1.252178 -0.71 -1.644 -1.644 -0.93 -0.92999953 -1.4048406 -1.406 -1.406 -0.57968941 -1.124 -1.282 -1.282 -1.238 -1.0974274 -0.99463723 -1.094 -1.346 -1.086 -0.94482516 -0.944 -1.088 -1.112 -0.96090484 -1.554 -1.386 -1.62 -1.52 -1.558 -1.1261995 -1.0921788 -0.686 -0.884 -1.3358766 -1.336 -1.3364953 -1.424 -1.934 -1.804 -1.804 -1.804 -1.804 -1.5093255 -0.008
-1.606 -1.606 -0.174 -0.708 -2.068 -1.512 -1.328 -1.824 -1.338 -1.0800069 -1.426 -0.586 -0.93 -0.93 -0.88 -0.88721433 -1.406 -1.4057758 -0.392 -1.124 -1.124 -1.1443557 -1.238 -0.72400973 -0.724 -0.724 -1.346 -1.052 -1.052 -0.944 -0.944 -1.111431 -0.812 -1.554 -1.202 -1.62 -1.52 -2.038 -1.126 -0.57507587 -0.88399999 -0.77159415 -0.578 -1.336 -1.336 -1.934 -1.934 -1.934 -1.804 -1.804 -0.042 -0.042 -0.041999987
-1.606 -1.606 -1.252 -1.646 -1.68 -0.838 -1.884 -0.90706149 -1.002 -1.27 -1.104 -0.282 -0.5855958 -0.88 -0.88 -0.87997716 -0.682 -0.66677944 -0.392 -0.036 -0.036 -0.114 -0.114 -0.724 -0.724 -0.724 -1.052 -1.052 -1.052 -1.112 -1.112 -1.1119995 -0.972 -0.972 -1.838 -1.562 -0.75 -1.1440061 -0.772 -0.566 -0.566 -0.79799928 -0.578 -1.336 -0.46600041 -0.794 -0.47630511 -0.47 -0.246 -0.246 -0.042 -0.042 -0.042
-1.606 -1.4532451 -1.4201339 -1.883981 -1.128 -1.418 -1.884 -0.906 -1.0019992 -1.2670309 -0.28200129 -0.282 -0.012 -0.88 -0.88 -0.68200001 -0.682 -0.6819835 -0.392 -0.036 -0.051317613 -0.114 -0.114 -0.72397517 -0.724 -0.60171632 -0.352 -0.352 -0.35200009 -1.112 -1.112 -0.346 -0.346 -0.97200237 -1.838 -0.59800055 -0.92863409 -1.144 -1.144 -0.56600001 -0.798 -0.798 -0.79799756 -0.466 -0.466 -0.794 -0.47 -0.47 -0.246 -0.246 -0.042 -0.042 -0.042
-0.754 -0.92512985 -0.8920277 -0.89917674 -1.1280016 -1.4179932 -1.884 -0.91803862 -0.99538462 -1.0089982 -0.012 -0.012 -0.012 -0.012 -0.87987704 -0.682 -0.682 -0.67825564 -0.392 -0.035943236 0.168 0.168 0.168 0.168 -0.70859892 -0.352 -0.352 -0.352 -0.352 -0.35240792 -0.346 -0.346 -0.346 -0.346 -0.598 -0.598 -0.598 -1.1185136 -1.138998 -0.478 -0.478 -0.79798279 -0.5359976 -0.46600674 -0.466 -0.794 -0.47 -0.47 -0.246 -0.246 -0.04274009 -0.042 -0.7106391
-0.754 -0.892 -0.892 -0.892 -0.892 -0.89200022 -1.882807 -1.4212592 -0.97773546 -0.013072772 -0.012 -0.012 -0.012 -0.012 -0.011999613 -0.682 -0.68199995 -0.66210798 -0.39200222 0.168 0.168 0.168 0.168 0.168 0.1656201 -0.23771407 -0.22400003 -0.224 -0.224 -0.224 -0.34599999 -0.346 -0.34599914 0.37 0.37 -0.598 0.2361405 0.26 -0.47799957 -0.478 -0.478 -0.478 -0.536 -0.536 -0.536 -0.53779544 -0.0309431 -0.028 -0.028 -0.028 -0.028000004 -0.30799995 -0.308
-1.182 -0.892 -0.892 -0.892 -0.892 -0.892 -0.89200006 -1.0987946 0.53187859 0.54 0.54 0.54 0.54 0.54 0.53999999 0.52417675 -0.66283558 -0.64228901 0.16792949 0.168 0.168 0.168 0.168 0.16800002 0.058 0.058 0.057999604 -0.224 -0.224 -0.22261431 0.468 0.468 0.37 0.37 0.37 0.27762089 0.26 0.26 0.26 -0.478 -0.478 -0.478 -0.536 -0.536 -0.536 -0.536 -0.028000002 -0.028 -0.028 -0.028 -0.028 -0.308 -0.308
-1.182 -1.0740363 -0.892 -0.892 -0.892 -0.892 0.28776841 0.288 0.28800001 0.54 0.54 0.54 0.54 0.54 0.53647029 0.524 0.524 0.524 0.18594573 0.18599998 0.186 0.186 0.186 0.186 0.058 0.058 0.058 0.058 -0.224 0.468 0.468 0.468 0.37000001 0.37 0.37 0.456 0.26025951 0.26 0.26 -0.47803834 -0.55518604 -0.73522889 -0.536 -0.536 -0.15916653 -0.158 -0.158 -0.02789562 0.035776349 0.035999994 0.035999988 0.3039073 -0.30799876
-1.182 -0.14462973 -0.49930828 -0.892 -0.892 0.2873028 0.288 0.288 0.288 0.28981598 0.54 0.54 0.54 0.54 0.524 0.524 0.524 0.524 0.18630193 0.186 0.186 0.186 0.186 0.186 0.058000003 0.058 0.058 0.058 0.059491313 0.468 0.468 0.468 0.438 0.37001039 0.456 0.456 0.456 0.45112669 -0.67292363 -0.736 -0.736 -0.736 -0.276 -0.276 -0.158 -0.158 -0.158 0.035999998 0.036 0.036 0.036 0.304 0.304
-0.11658461 -0.116 -0.116 -0.11599999 0.574 0.28800738 0.288 0.288 0.288 0.288 0.49427216 0.53999213 0.53999998 0.524 0.524 0.524 0.524 0.524 0.49447244 0.186 0.186 0.186 0.186 0.186 0.24579878 0.43999793 0.44 0.44 0.44 0.468 0.438 0.438 0.438 0.438 0.456 0.45598836 0.014 0.014 -0.72663513 -0.736 -0.736 -0.736 -0.276 -0.276 -0.17627046 -0.158 -0.158 0.036 0.036 0.036 0.038873657 0.304 0.304
-0.116 -0.116 -0.116 0.20893129 0.574 0.574 0.288 0.288 0.288 0.288 -0.064 -0.064 -0.064 0.524 0.524 0.524 0.524 0.52401025 0.476 0.476 0.18600012 0.186 0.19213514 0.438 0.43801801 0.44 0.44 0.44 0.44 0.4380002 0.438 0.438 0.438 0.438 0.014001554 0.014 0.014 0.014 0.011327791 -0.736 -0.736 -0.736 -0.276 -0.276 -0.276 -0.158 -0.158 0.035999999 0.036 0.036 0.304 0.304 0.304
-0.116 -0.116 -0.116 0.574 0.574 0.574 0.57399956 0.288 0.288 -0.063636635 -0.064 -0.064 -0.064 -0.063633648 0.57418419 0.586 0.586 0.586 0.476 0.476 0.476 0.438 0.438 0.438 0.43806947 0.56903298 0.44 0.44 0.44 0.011963836 -0.085948463 -0.086 -0.086 -0.086 -0.23443881 -0.58399864 -0.584 -0.584 -0.584 0.0078981996 0.008 0.008 -0.276 -0.276 0.33399745 0.33399994 0.168 0.168 0.22 0.22 0.22 0.304 0.034241413
-0.11599898 -0.116 -0.11599998 0.574 0.574 0.574 0.574 0.17800003 0.28756018 -0.063815017 -0.064 -0.064 -0.064 -0.062724521 0.586 0.586 0.586 0.58599997 0.476 0.476 0.476 0.438 0.438 0.438 0.686 0.686 0.63 0.63 0.63 0.626094 -0.086 -0.086 -0.086 -0.086 -0.3348633 -0.584 -0.584 -0.584 -0.584 0.008 0.008 0.008 0.018257207 0.334 0.334 0.334 0.168 0.168 0.22 0.22 0.22 0.034000006 0.034
0.214 0.06084255 -0.052 -0.051818387 0.574 0.18029124 0.178 0.178 0.33249654 0.14000001 0.14 0.14 0.14 0.8219778 0.822 0.58600018 0.586 0.58310166 0.476 0.476 0.476 0.35 0.35 0.35 0.686 0.686 0.63 0.63 0.63 0.6299996 0.085998907 0.085999517 -0.081677038 -0.085815604 -0.73925229 -0.74 -0.74 -0.74 -0.74 0.008 0.008 0.008 0.31604924 0.334 0.334 0.33399989 0.168 0.168 0.16800187 0.22 0.21997147 -0.418 0.034
0.27998747 0.27999994 -0.052 -0.052 -0.052 0.178 0.178 0.178 0.602 0.602 0.14 0.14 0.14 0.822 0.822 0.822 0.822 0.82196071 0.476 0.476 0.476 0.35 0.35 0.35 0.686 0.686 0.63 0.63 0.63 0.09213364 0.086 0.086 0.086 0.086 -0.73959242 -0.74 -0.74 -0.74 -0.74 -0.25799993 -0.258 -0.258 -0.258 0.33399504 -0.312 -0.312 -0.312 -0.71 -0.71 -0.71 -0.418 -0.418 -0.418
0.28 0.28 -0.052 -0.052 -0.052 0.17679108 0.178 0.602 0.602 0.602 0.14005687 0.14 0.55509936 0.82199996 0.822 0.822 0.822 0.606 0.606 0.606 0.204 0.20400011 0.34999929 0.35 0.35017378 0.484 0.484 0.48400035 0.62997641 -0.021978477 -0.021999425 -0.021981145 0.085815417 0.085906797 -0.59295717 -0.74000004 -0.74034853 -0.844 -0.844 -0.258 -0.258 -0.258 -0.258 -0.312 -0.312 -0.312 -0.312 -0.71 -0.71 -0.71 -0.418 -0.418 -0.418
0.28 0.28 -0.052 -0.052 -0.052 -0.051999999 0.33669081 0.602 0.602 0.602 0.60202541 0.648 0.648 0.648 0.82097458 0.822 0.60743937 0.606 0.606 0.606 0.204 0.204 0.204 0.204 0.484 0.484 0.484 0.484 0.484 -0.022 -0.022 -0.022 -0.022 -0.02200091 -0.454 -0.844 -0.844 -0.844 -0.844 -0.84399934 -0.728 -0.728 -0.728 -0.6746305 -0.564 -0.564 -0.564 -0.71 -0.71000023 -0.946 -0.946 -0.34601752 -0.346
0.28 0.28 0.067828687 -0.052 -0.052 -0.051999986 0.55608163 0.60185503 0.602 0.602 0.64800001 0.648 0.648 0.648 0.648 0.66225597 0.606 0.606 0.606 0.606 0.20400311 0.204 0.204 0.204 0.484 0.484 0.484 0.484 0.484 0.19820901 -0.022 -0.022 -0.022 -0.454 -0.454 -0.45430284 -0.844 -0.844 -1.0544792 -1.218 -0.728 -0.728 -0.728 -0.67644997 -0.564 -0.564 -0.564 -0.688 -0.94278535 -0.946 -0.946 -0.346 -0.346
0.486 0.486 0.486 0.082891389 -0.051239427 0.556 0.556 0.556 0.556 0.676 0.676 0.648 0.648 0.648 0.648 0.64799731 0.606 0.606 0.606 0.606 0.37941976 0.204 0.204 0.22111545 0.84134619 0.484 0.484 0.484 0.276 0.276 0.276 0.27599875 -0.454 -0.454 -0.454 -0.454 -1.218 -1.218 -1.218 -1.218 -0.658 -0.658 -0.658 -0.88599542 -0.886 -0.886 -0.8859999 -0.688 -0.688 -0.94568564 -0.946 -0.34600144 -0.346
0.486 0.486 0.486 0.48599882 0.464 0.47737831 0.556 0.556 0.556 0.676 0.676 0.676 0.012000029 0.012 0.012 0.012000017 0.60550541 0.606 0.606 0.606 0.59993995 0.8579982 0.858 0.858 0.858 0.85799999 0.58 0.58 0.276 0.276 0.276 0.276 -0.45399999 -0.454 -0.454 -0.45399935 -1.218 -1.218 -1.218 -1.2174209 -0.658 -0.658 -0.658 -0.88598943 -0.886 -0.886 -0.886 -0.688 -0.688 -0.68799999 -0.632 -0.632 -0.674
0.486 0.486 0.486 0.46400005 0.464 0.464 0.55599997 0.556 0.556 0.676 0.676 0.676 0.012 0.012 0.012 0.036675694 0.336 0.336 0.3360007 0.60447497 0.858 0.858 0.858 0.858 0.858 0.85779079 0.58 0.58 0.58 0.276 0.276 0.27591632 -0.446 -0.446 -0.446 -1.024 -1.024 -1.086 -1.086 -1.086 -0.454 -0.65793601 -0.65800176 -0.894 -0.894 -0.89369681 -0.88599969 -0.688 -0.688 -0.632 -0.632 -0.632 -0.674
0.486 0.486 0.486 0.464 0.464 0.464 0.464 0.556 0.556 0.676 0.676 0.038550423 0.012 0.012 0.012 0.336 0.336 0.336 0.336 0.336 0.858 0.858 0.858 0.858 0.858 0.58000095 0.58 0.58 0.58 0.146 0.146 0.146 -0.446 -0.446 -0.446 -1.024 -1.024 -1.086 -1.086 -0.454 -0.454 -0.454 -0.894 -0.894 -0.894 -0.894 -0.89876455 -0.952 -0.952 -0.952 -0.632 -0.488 -0.488
0.486 0.486 0.48596936 0.464 0.464 0.464 0.464 0.53635289 0.54 0.54023349 0.67599998 0.012024793 0.012 0.012 0.012001121 0.336 0.336 0.336 0.336 0.336 0.28065479 0.858 0.858 0.858 0.85796128 0.58000506 0.58 0.58 0.58 0.146 0.146 0.146 0.14591273 -0.446 -1.024 -1.024 -1.024 -1.0240025 -1.0859569 -0.454 -0.454 -0.454 -0.89397329 -0.894 -0.894 -0.894 -0.9520028 -0.952 -0.952 -0.952 -0.488 -0.488 -0.488
0.466 0.46600003 0.46401164 0.464 0.464 0.464 0.53998383 0.54 0.54 0.54 0.30800001 0.308 0.308 0.308 0.33587072 0.336 0.336 0.336 0.336 0.25600005 0.256 0.256 0.67000003 0.67 0.67 0.67 0.66223184 0.58 -0.075973133 -0.076 -0.076 -0.076 -0.076 -0.89 -0.89 -0.89 -0.89 -0.89 -0.778 -0.778 -0.778 -0.778 -0.778 -1.2314905 -1.232 -1.232 -1.232 -0.952 -0.952 -0.952 -0.4880731 -0.488 -0.488
0.466 0.466 0.46655258 0.53199986 0.53199998 0.53200775 0.54 0.54 0.54 0.54 0.308 0.308 0.308 0.308 0.308 0.336 0.336 0.336 0.25600002 0.256 0.256 0.256 0.67 0.67 0.67 0.67 0.67 0.66998022 -0.075825456 -0.075999998 -0.076 -0.076 -0.075929881 -0.74147177 -0.88984621 -0.89 -0.89 -0.89 -0.778 -0.778 -0.778 -0.778 -0.778 -1.232 -1.232 -1.232 -1.232 -1.1010665 -0.952 -0.14510406 -0.136 -0.064 -0.064
0.466 0.466 0.53199164 0.532 0.532 0.532 0.53403197 0.54 0.54 0.54 0.308 0.308 0.308 0.308 0.308 0.33597655 0.336 0.25602346 0.256 0.256 0.256 0.256 0.51663102 0.67 0.67 0.67 0.67 0.66979182 0.376 0.376 0.376 0.376 0.376 -0.628 -0.628 -0.628 -0.628 -0.628 -1.17 -1.17 -1.17 -1.17 -1.17 -1.2292995 -1.2319994 -1.232 -1.2318125 -1.2092839 -0.136 -0.136 -0.136 -0.064000403 -0.064
0.4659993 0.093408472 0.53199994 0.532 0.532 0.532 0.532 0.53999659 0.54 0.54 0.308 0.308 0.308 0.308 0.10266439 0.098 0.098 0.25599593 0.256 0.256 0.256 0.256 0.25600005 0.67 0.67 0.67 0.67 0.47199992 0.47199996 0.45156887 0.376 0.376 0.376 -0.628 -0.628 -0.628 -0.628 -0.62775889 -1.17 -1.17 -1.17 -1.17 -1.1699439 -0.126 -0.126 -0.126 -0.126 -0.12600081 -0.136 -0.136 -0.136 -0.1360001 -0.29455378
0.086 0.086 0.17731073 0.532 0.532 0.532 0.532 0.532 0.53999573 0.18400001 0.184 0.184 0.18429428 0.098000302 0.098 0.098 0.098 0.098 0.25600125 0.26666754 0.36 0.36 0.36 0.43689668 0.63350341 0.4382171 0.27358121 0.472 0.472 0.472 0.472 0.472 0.46342918 -0.26856566 -0.272 -0.272 -0.272 -0.272 -1.0324908 -0.43800132 -0.438 -0.438 -0.438 0.10599932 -0.12599994 -0.126 -0.126 0.42 -0.13599109 -0.136 -0.136 -0.298 -0.298
0.086 0.086 0.146 0.146 0.146 0.53187142 0.532 0.532 0.184 0.184 0.184 0.184 0.184 0.098000004 0.098 0.098 0.098 0.098 0.36 0.36 0.36 0.36 0.36 0.21400001 0.214 0.214 0.214 0.472 0.472 0.472 0.472 0.472 0.034 0.034 -0.272 -0.272 -0.272 0.36589135 0.366 -0.438 -0.438 -0.438 -0.43799991 0.106 0.106 0.106 0.42 0.42 0.42 0.362 0.362 -0.298 -0.298
0.086 0.086 0.146 0.146 0.146 0.146 0.14600157 0.432 0.1842335 0.184 0.184 0.184 0.184 0.099072772 0.098 0.098 0.098 0.098 0.35999999 0.36 0.36 0.36 0.36 0.214 0.214 0.214 0.214 0.21400104 0.472 0.472 0.472 0.034022964 0.034 0.034 0.034 -0.272 0.36599999 0.366 0.366 0.34484525 0.059374998 0.152 0.152 0.106 0.106 0.106 0.42 0.42 0.42 0.362 0.362 0.362 0.11862952
0.196 0.19599914 0.146 0.146 0.146 0.146 0.432 0.432 0.432 0.184 0.184 0.184 0.184 0.18397327 0.098 0.098 0.098 0.098 0.35999503 0.36 0.36 0.35999999 0.23969909 0.214 0.214 0.214 0.214 0.20000001 0.2 0.2 0.46906434 0.034 0.034 0.034 0.033999763 -0.214 0.366 0.366 0.366 0.366 0.152 0.152 0.152 0.526 0.526 0.526 0.81796124 0.42 0.42 0.362 0.362 0.362 0.16200036
0.196 0.196 0.146 0.146 0.146 0.432 0.432 0.432 0.432 0.21118685 0.184 0.184 0.184 0.18399836 -0.28995535 -0.29 -0.29 -0.29 -0.45495386 -0.542 -0.542 -0.542 -0.542 0.214 0.214 0.214 0.21399908 0.2 0.2 0.2 0.2 0.033997107 -0.10549283 -0.214 -0.214 -0.214 0.36572928 0.2940015 0.294 0.294 0.15232428 0.56599999 0.566 0.526 0.526 0.52600124 0.818 0.818 0.44 0.44 0.44 0.432 0.292
