interpolatedSpi/03-03|22_3.tif
NCOLS 53
NROWS 52
XLLCORNER -116.03883
YLLCORNER 28.596182
DX 0.49850594
DY 0.49788537
NODATA_VALUE -9999
0.72 0.72 0.75331624 0.36 1.88 1.06 0.95 1.34 1.1777293 0.9 0.92 0.65 0.87008482 1.9 2.04 2.04 2.04 1.25 1.69 1.69 1.69 1.6899872 0.36000001 0.92 0.92 0.92 0.9399915 0.94 0.94 0.7 0.7 0.7 0.7 -0.18999982 -0.19 -0.19 -0.19 -0.19 -0.19 -0.19000003 -1.3574239 -1.3701546 -1.98 -1.98 -1.98 -1.98 -1.980686 -2.4 -2.4 -2.4 0.029994953 0.03 0.03 
0.71997156 0.08 0.17999976 0.25377627 0.6604353 1.38 1.4 0.95022009 0.79 0.57 0.58 0.87 0.87 0.95316775 1.8999898 2.04 1.25 1.25 1.6894263 1.69 1.69 1.69 0.91368355 0.92 0.92 0.92 1.47 1.47 0.7 0.7 0.7 0.7 0.7 -0.18999987 -0.19 -0.19 -0.19 -0.19 -0.18999989 0.0014624589 0.90997633 -1.6293211 -1.98 -1.98 -1.98 -1.98 -1.98 -2.4 -2.4 -2.4 -2.1985021 0.03 0.03 
0.3300101 0.33 -0.03 0.61 -0.24 -0.23 0.22 0.45 -0.15 0.41 0.8 -0.43 0.86 1.06 0.95 0.33 1.25 1.25 1.25 1.1301628 1.13 1.13 0.8 0.92 0.92 0.92 1.47 1.47 1.47 0.7 0.7 0.7 0.65667399 -0.18637498 -0.17631744 1.2665297 1.28 1.28 1.2334638 0.91 0.91 0.90630442 -1.98 -1.98 -1.98 -1.98 -1.98 -2.4 -2.4 -2.4 -2.4 0.03 0.03 
-0.65 0.3299998 -0.67005208 1.17 -0.95 -0.36 -0.55 -0.73 0.82 0.32777022 0.11 -0.3 -0.17 1.06 0.48 0.33 0.062065757 0.060833783 -0.08 1.13 1.13 -0.25 0.8 0.8 0.92 0.92000275 1.47 1.47 1.47 0.04 0.3527463 0.61 0.61 0.61000052 1.28 1.28 1.28 1.28 0.91 0.91 0.91 0.90999989 -1.98 -1.98 -1.98 -1.98 -1.98 -2.3999947 -2.4 -2.4 -2.4 0.029984321 0.03 
-0.65 0.029998716 -0.67 -0.88374002 -0.95 -0.78 -0.3100244 -0.73 -0.35 0.10999991 0.080010293 0.070048701 0.41 0.48 0.48 0.37539321 0.06 0.06 -0.08 -0.08 1.1299972 -0.25 0.16 0.41 0.22 0.21993951 1.47 1.47 0.040000002 0.04 0.61 0.61 0.61 0.58359962 1.28 1.28 1.28 0.91 0.91 0.91 0.91 0.91004247 -1.98 -1.98 -1.98 -1.98 -1.98 -1.9837385 -2.4 -2.3999126 -0.45 -0.45 -0.45 
-1.56 -0.62 0.17000001 -0.21 -1.46 -0.76 -0.56 -0.58176487 -0.55 -0.78 -0.89 0.01 0.010000264 0.1 0.1 0.080084503 0.08 0.15 0.15 -0.079999198 -0.24 -0.24 0.41 0.22 0.22 -0.04 0.08 0.08 0.5599516 0.04 0.61 0.61 0.47 0.46994253 -0.079960456 0.41 0.41 0.75531359 0.91 0.91 1.3494512 1.35 1.3500011 -0.60471383 -0.58015473 -0.58000037 -0.58000005 -0.58000052 -0.38178335 -0.45 -0.45 -0.45 -0.45 
-0.82000082 -0.95 -0.80842401 -0.92 -0.84 -1.52 -1.18 -1.62 -1.24 -1.24 -0.89 -0.15 -0.76999998 0.1 0.42999901 0.43 0.08 0.68 0.83 0.83 -0.38137947 -0.54 -0.54 0.060000002 -0.04 -0.04 0.08 0.08 0.55994872 0.55905583 0.37784331 0.47 0.47 -0.08 -0.08 0.62785602 0.41 0.41 1.1999726 1.3499998 1.35 1.35 1.3500049 -0.57999487 -0.58 -0.58 -0.58 -0.57999983 -0.3 -0.44997027 -0.45 -0.45 -0.45 
-0.82 -0.49 -0.55 -1.41 -1.0000235 -1.23 -1.26 -1.5 -0.76 -1.48 -1.48 -0.75 -0.77 -0.77 0.42176689 0.10212749 0.07 0.51 -0.45999868 0.83 0.32274808 0.49 -0.77 0.43999999 0.43998891 -0.42 -0.22 -0.21999989 -0.31691636 -0.31999998 0.38 -0.33436073 -0.35 -0.08 -0.056612616 0.81 0.81 1.2 1.2 1.35 1.35 1.35 0.34809057 0.33999995 -0.58 -0.58 -0.58 -0.30001066 -0.3 -0.3 -0.45 -0.45 -0.45 
-0.6022695 -0.49 -0.5 -0.24 -0.86 -1.39 -0.63 -0.54 -1.18 -0.29484425 -0.57 -1.1 -1.1 -0.24 -0.24000922 -0.5781884 -0.58 -0.58 0.36192802 -1.1600001 -1.48 -1.48 2.04 0.3373748 -0.33333471 -0.42 0.43 -0.22 0.76424711 0.77 -0.33 0.96 0.61247494 -2.6716679e-17 0.74 0.6 1.16 -0.2 0.97945512 1.3523658 1.88 1.51 0.34008142 0.34 0.33482174 -0.58 -0.77999999 -0.3 -0.3 -0.3 -0.3 -0.30557138 -0.56 
-1.23 -1.23 -0.53 -0.51 -0.88 -1.39 -0.68 -1.58 -0.78 -0.070207479 -1.05 1.42 -0.24 -0.24 -1.22 -1.2112221 -0.58 -0.58003961 -0.79 -1.16 -1.16 -1.2012268 2.04 1.1300172 1.13 1.13 0.43 -0.49 -0.49 0.77 0.77 0.95869134 0.27 -8.4070255e-34 0.11 0.6 1.16 0.19 0.98 1.540762 1.51 1.2638826 0.84 0.34 0.34 -0.78 -0.78 -0.78 -0.3 -0.3 0.71 0.71 0.70999952 
-1.23 -1.23 -1.01 -1.52 -1.54 -0.48 -1.46 0.0087120818 -0.63 -0.72 -0.96 -0.85 1.4169755 -1.22 -1.22 -1.2199089 -0.43 -0.44889449 -0.79 -1.11 -1.11 -1.54 -1.54 1.13 1.13 1.13 -0.49 -0.49 -0.49 0.06 0.06 0.060000346 0.07 0.07 -0.21 -0.48 0.41 0.64999736 0.73 1.55 1.55 0.50000112 0.84 0.34 -0.2899999 -0.31 0.33517642 0.34 0.86 0.86 0.71 0.71 0.71 
-1.23 -1.1351503 -1.2276352 -1.389995 -1.15 -1.39 -1.46 0.01 -0.62999466 -0.71900291 -0.84999983 -0.85 -0.63 -1.22 -1.22 -0.43000003 -0.43 -0.43002049 -0.79 -1.11 -1.1944433 -1.54 -1.54 1.1298919 1.13 0.24903157 -1.55 -1.55 -1.5499999 0.06 0.06 -0.89 -0.89 0.069999232 -0.21 -0.22999977 0.39877474 0.65 0.65 1.55 0.5 0.5 0.49999434 -0.29 -0.29 -0.31 0.34 0.34 0.86 0.86 0.71 0.71 0.71 
-0.48 -0.40835395 -0.35004295 -0.35753416 -1.1500013 -1.3899943 -1.46 -0.0080948644 -0.58589745 -0.63235014 -0.63 -0.63 -0.63 -0.63 -1.2199164 -0.43 -0.43 -0.43464817 -0.79 -1.1102931 -2.13 -2.13 -2.13 -2.13 1.0725964 -1.55 -1.55 -1.55 -1.55 -1.5490332 -0.89 -0.89 -0.89 -0.89 -0.23 -0.23 -0.23 0.60720758 0.64188862 -0.43 -0.43 0.49994998 -0.020009242 -0.28997399 -0.29 -0.31 0.34 0.34 0.86 0.86 0.71054418 0.71 1.8670357 
-0.48 -0.35 -0.35 -0.35 -0.35 -0.35000044 -1.4598207 -0.76453373 -0.46823601 -0.63000227 -0.63 -0.63 -0.63 -0.63 -0.63000031 -0.43000001 -0.43000006 -0.45469354 -0.78999933 -2.13 -2.13 -2.13 -2.13 -2.13 -2.1204863 -1.5046551 -1.45 -1.45 -1.45 -1.45 -0.89 -0.89 -0.89000019 -1.05 -1.05 -0.23 -0.77442737 -0.79 -0.43000021 -0.43 -0.43 -0.43 -0.02 -0.02 -0.02 -0.022018136 0.69752271 0.7 0.7 0.7 0.7 0.98999994 0.99 
-0.9 -0.35 -0.35 -0.35 -0.35 -0.35 -0.35000007 -1.2024529 -1.0467019 -1.05 -1.05 -1.05 -1.05 -1.05 -1.05 -1.245873 -0.44304502 -0.47929633 -2.1298314 -2.13 -2.13 -2.13 -2.13 -2.1299991 -1.69 -1.69 -1.6899997 -1.45 -1.45 -1.4494794 -1.19 -1.19 -1.05 -1.05 -1.05 -0.83164895 -0.79 -0.79 -0.79 -0.43 -0.43 -0.43 -0.02 -0.02 -0.02 -0.02 0.69999998 0.7 0.7 0.7 0.7 0.99 0.99 
-0.9 -0.69524125 -0.35 -0.35 -0.35 -0.35 -1.41979 -1.42 -1.42 -1.05 -1.05 -1.05 -1.05 -1.05 -1.0941214 -1.25 -1.25 -1.25 -1.3623444 -1.3600008 -1.36 -1.36 -1.36 -1.36 -1.69 -1.69 -1.69 -1.69 -1.45 -1.19 -1.19 -1.19 -1.05 -1.05 -1.05 -0.3 -0.78935122 -0.79 -0.79 -0.43006905 -0.56761852 -0.88862516 -0.02 -0.02 -0.37888902 -0.38 -0.38 0.69869774 -0.087239308 -0.089999931 -0.08999985 0.61005734 0.98999923 
-0.9 -1.4060341 -0.89146926 -0.35 -0.35 -1.4193678 -1.42 -1.42 -1.42 -1.4173337 -1.05 -1.05 -1.05 -1.05 -1.25 -1.25 -1.25 -1.25 -1.3599017 -1.36 -1.36 -1.36 -1.36 -1.36 -1.69 -1.69 -1.69 -1.69 -1.6881813 -1.19 -1.19 -1.19 -1.76 -1.0499409 -0.3 -0.3 -0.3 -0.30157544 -0.88365511 -0.89 -0.89 -0.89 -0.35 -0.35 -0.38 -0.38 -0.38 -0.090000004 -0.09 -0.09 -0.09 0.61 0.61 
-1.4195672 -1.42 -1.42 -1.42 -1.51 -1.4200023 -1.42 -1.42 -1.42 -1.42 -1.0863401 -1.0500063 -1.05 -1.25 -1.25 -1.25 -1.25 -1.25 -1.2731429 -1.36 -1.36 -1.36 -1.36 -1.36 -1.6362406 -1.8299992 -1.83 -1.83 -1.83 -1.19 -1.76 -1.76 -1.76 -1.76 -0.3 -0.30000369 -0.44 -0.44 -0.88438108 -0.89 -0.89 -0.89 -0.35 -0.35 -0.37535497 -0.38 -0.38 -0.09 -0.09 -0.09 -0.08249418 0.61 0.61 
-1.42 -1.42 -1.42 -1.4623823 -1.51 -1.51 -1.42 -1.42 -1.42 -1.42 -1.53 -1.53 -1.53 -1.25 -1.25 -1.25 -1.25 -1.2499223 -1.48 -1.48 -1.36 -1.36 -1.371686 -1.84 -1.83991 -1.83 -1.83 -1.83 -1.83 -1.7600071 -1.76 -1.76 -1.76 -1.76 -0.43999951 -0.44 -0.44 -0.44 -0.44164709 -0.89 -0.89 -0.89 -0.35 -0.35 -0.35 -0.38 -0.38 -0.090000009 -0.09 -0.090000001 0.61 0.61 0.61 
-1.42 -1.42 -1.42 -1.51 -1.51 -1.51 -1.5099999 -1.42 -1.42 -1.5298864 -1.53 -1.53 -1.53 -1.5298255 -0.86957147 -0.78 -0.78 -0.78 -1.48 -1.48 -1.48 -1.84 -1.84 -1.84 -1.8398571 -1.5677378 -1.83 -1.83 -1.83 -2.2169731 -2.3199449 -2.32 -2.32 -2.32 -0.90753291 -1.5599975 -1.56 -1.56 -1.56 -0.49005473 -0.49 -0.49 -0.35 -0.35 -0.110001 -0.11000012 -0.45 -0.45 -0.34 -0.34 -0.34 0.61 0.28029506 
-1.4200008 -1.42 -1.42 -1.51 -1.51 -1.51 -1.51 -2.1599998 -1.4229588 -1.5301269 -1.53 -1.53 -1.53 -1.5285283 -0.78 -0.78 -0.78 -0.7800002 -1.48 -1.48 -1.48 -1.84 -1.84 -1.84 -1.33 -1.33 -1.64 -1.64 -1.64 -1.6437096 -2.32 -2.32 -2.32 -2.32 -1.9402087 -1.56 -1.56 -1.56 -1.56 -0.49 -0.49 -0.49 -0.47804375 -0.11 -0.11 -0.11 -0.45 -0.45 -0.34 -0.34 -0.34 0.27999998 0.28 
-1.68 -1.563162 -1.82 -1.8199101 -1.51 -2.1562391 -2.16 -2.16 -2.0543302 -1.67 -1.67 -1.67 -1.67 -0.47003906 -0.47 -0.77999976 -0.78 -0.79844397 -1.48 -1.48 -1.48 -1.66 -1.66 -1.66 -1.33 -1.33 -1.64 -1.64 -1.64 -1.6400011 -3.1899945 -3.1899976 -2.3418661 -2.3209327 -1.920457 -1.92 -1.92 -1.92 -1.92 -0.49 -0.49 -0.49 -0.13092422 -0.11 -0.11 -0.11000009 -0.45 -0.45 -0.44999604 -0.34 -0.33997719 0.17 0.28 
-1.5100323 -1.5100001 -1.82 -1.82 -1.82 -2.16 -2.16 -2.16 -1.87 -1.87 -1.67 -1.67 -1.67 -0.47 -0.47 -0.47 -0.47 -0.47011326 -1.48 -1.48 -1.48 -1.66 -1.66 -1.66 -1.33 -1.33 -1.64 -1.64 -1.64 -3.1725236 -3.19 -3.19 -3.19 -3.19 -1.9206267 -1.92 -1.92 -1.92 -1.92 -0.82999991 -0.83 -0.83 -0.83 -0.11000384 -0.61 -0.61 -0.61 0.13 0.13 0.13 0.17 0.17 0.17 
-1.51 -1.51 -1.82 -1.82 -1.82 -2.1582129 -2.16 -1.87 -1.87 -1.87 -1.6700246 -1.67 -1.4820613 -0.47000022 -0.47 -0.47 -0.47 -0.96 -0.96 -0.96 0.20999996 0.20999861 -1.6599909 -1.66 -1.659273 -0.59 -0.59 -0.5900025 -1.6398303 -2.1002172 -2.1000058 -2.1001903 -3.1881371 -3.1890593 -2.1454845 -1.92 -1.9196314 -1.81 -1.81 -0.83 -0.83 -0.83 -0.83 -0.61 -0.61 -0.61 -0.61 0.13 0.13 0.13 0.17 0.17 0.17 
-1.51 -1.51 -1.82 -1.82 -1.82 -1.82 -2.0514615 -1.87 -1.87 -1.87 -1.8697625 -1.44 -1.44 -1.44 -0.47571643 -0.47 -0.95673476 -0.96 -0.96 -0.96 0.21 0.21 0.21 0.21 -0.59 -0.59 -0.59 -0.59 -0.59 -2.1 -2.1 -2.1 -2.1 -2.1000001 -2.14 -1.81 -1.81 -1.81 -1.81 -1.8099958 -0.65 -0.65 -0.65 -0.40268988 0.11 0.11 0.11 0.13 0.12999942 -0.47 -0.47 -0.11992945 -0.12 
-1.51 -1.51 -1.7081118 -1.82 -1.82 -1.82 -2.5787401 -1.8722375 -1.87 -1.87 -1.4400001 -1.44 -1.44 -1.44 -1.44 -1.3604208 -0.96 -0.96 -0.96 -0.96 0.20999095 0.21 0.21 0.21 -0.59 -0.59 -0.59 -0.59 -0.59 -1.183694 -2.1 -2.1 -2.1 -2.14 -2.14 -2.1397437 -1.81 -1.81 -1.3541494 -1.0000001 -0.65 -0.65 -0.65 -0.40529966 0.11 0.11 0.11 0.04 -0.46364545 -0.47 -0.47 -0.12 -0.12 
-1.87 -1.87 -1.87 -1.8325364 -1.8202053 -2.58 -2.58 -2.58 -2.58 -1.82 -1.82 -1.44 -1.44 -1.44 -1.44 -1.4399696 -0.96 -0.96 -0.96 -0.96 -0.30055005 0.21 0.21 0.22648736 0.77632372 -0.59 -0.59 -0.59 -0.86 -0.86 -0.86 -0.86000521 -2.14 -2.14 -2.14 -2.14 -1 -1 -1 -1 0.11 0.11 0.11 0.25999698 0.26 0.26 0.25999995 0.04 0.04 -0.46937859 -0.47 -0.11999753 -0.12 
-1.87 -1.87 -1.87 -1.8700043 -1.95 -2.0416124 -2.58 -2.58 -2.58 -1.82 -1.82 -1.82 -0.92000003 -0.92 -0.92 -0.92000001 -0.96029309 -0.96 -0.96 -0.96 -0.94222425 0.83999827 0.84 0.84 0.84 0.83999998 0.58999999 0.59 -0.86 -0.86 -0.86 -0.86 -2.1399992 -2.14 -2.14 -2.1399104 -0.99999999 -1 -1 -0.99785045 0.11 0.11 0.11 0.25999304 0.26 0.26 0.26 0.04 0.04 0.040000044 0.37 0.37 0.54 
-1.87 -1.87 -1.87 -1.9499998 -1.95 -1.95 -2.5799998 -2.58 -2.58 -1.82 -1.82 -1.82 -0.92 -0.92 -0.92 -0.93523191 -1.12 -1.12 -1.1199996 -0.96090371 0.84 0.84 0.84 0.84 0.84 0.83981186 0.59 0.59 0.59 -0.86 -0.86 -0.85976828 -1.04 -1.04 -1.04 -0.28 -0.28 -0.51 -0.51 -0.51 6.7803335e-19 0.1099655 0.11000067 0.2 0.2 0.20227393 0.25999947 0.04 0.04 0.37 0.37 0.37 0.54 
-1.87 -1.87 -1.87 -1.95 -1.95 -1.95 -1.95 -2.58 -2.58 -1.82 -1.82 -0.95598702 -0.92 -0.92 -0.92 -1.12 -1.12 -1.12 -1.12 -1.12 0.84 0.84 0.84 0.84 0.84 0.59000085 0.59 0.59 0.59 -0.5 -0.5 -0.5 -1.04 -1.04 -1.04 -0.28 -0.28 -0.51 -0.51 -2.777592e-15 -3.2326617e-74 3.8293792e-36 0.2 0.2 0.2 0.2 0.21971536 0.44 0.44 0.44 0.37000001 0.8 0.8 
-1.87 -1.87 -1.8701114 -1.95 -1.95 -1.95 -1.95 -1.7500775 -1.74 -1.7401373 -1.82 -0.92000587 -0.92 -0.92 -0.92000069 -1.12 -1.12 -1.12 -1.12 -1.12 -0.071171488 0.84 0.84 0.84 0.83997116 0.59000619 0.59 0.59 0.59 -0.5 -0.5 -0.5 -0.50007353 -1.04 -0.28 -0.28 -0.28 -0.28000939 -0.50996522 3.6072615e-20 1.4092462e-37 1.1190118e-16 0.19998786 0.2 0.2 0.2 0.43999928 0.44 0.44 0.44 0.8 0.8 0.8 
-1.74 -1.7400002 -1.9499505 -1.95 -1.95 -1.95 -1.7400447 -1.74 -1.74 -1.74 -0.99000002 -0.99 -0.99 -0.99 -1.1194 -1.12 -1.12 -1.12 -1.12 -0.1100006 -0.11 -0.11 0.70000002 0.7 0.7 0.7 0.69050559 0.59 0.040022526 0.04 0.04 0.04 0.04 -0.18 -0.18 -0.18 -0.18 -0.18 0.17 0.17 0.17 0.17 0.17 0.36974374 0.37 0.37 0.37 0.44 0.44 0.44 0.79994328 0.8 0.8 
-1.74 -1.74 -1.7386605 -1.5800007 -1.5800001 -1.5801562 -1.74 -1.74 -1.74 -1.74 -0.99 -0.99 -0.99 -0.99 -0.99 -1.12 -1.12 -1.12 -0.11000025 -0.11 -0.11 -0.11 0.7 0.7 0.7 0.7 0.7 0.69997605 0.039760581 0.039999997 0.04 0.04 0.03990382 -0.12330984 -0.1799413 -0.18 -0.18 -0.18 0.17 0.17 0.17 0.17 0.17 0.37 0.37 0.37 0.37 0.40273337 0.44 1.2310745 1.24 1.16 1.16 
-1.74 -1.74 -1.5800203 -1.58 -1.58 -1.58 -1.6206393 -1.74 -1.74 -1.74 -0.99 -0.99 -0.99 -0.99 -0.99 -1.1198976 -1.12 -0.11029613 -0.11 -0.11 -0.11 -0.11 0.39993025 0.7 0.7 0.7 0.7 0.69909343 -0.58 -0.58 -0.58 -0.58 -0.58 -0.08 -0.08 -0.08 -0.08 -0.08 -0.11 -0.11 -0.11 -0.11 -0.11 0.37017092 0.37000004 0.37 0.37001187 0.37155303 1.24 1.24 1.24 1.1600004 1.16 
-1.7399999 -1.6713647 -1.58 -1.58 -1.58 -1.58 -1.58 -1.7399319 -1.74 -1.74 -0.99 -0.99 -0.99 -0.99 -0.73577495 -0.73 -0.73 -0.11001596 -0.11 -0.11 -0.11 -0.11 -0.10999999 0.7 0.7 0.7 0.7 -0.66999987 -0.66999996 -0.65084581 -0.58 -0.58 -0.58 -0.08 -0.08 -0.08 -0.08 -0.079986454 -0.11 -0.11 -0.11 -0.11 -0.10999923 0.44 0.44 0.44 0.44 0.44006452 1.24 1.24 1.24 1.2399999 1.1304418 
-1.67 -1.67 -1.6667016 -1.58 -1.58 -1.58 -1.58 -1.58 -1.7399296 -0.86000001 -0.86 -0.86 -0.86030852 -0.73000037 -0.73 -0.73 -0.73 -0.73 -0.1100024 -0.1305145 -0.31 -0.31 -0.31 -0.059052067 0.58874944 -0.0065312199 -0.50881975 -0.67 -0.67 -0.67 -0.67 -0.67 -0.66733842 -0.067407459 -0.06 -0.06 -0.06 -0.06 -0.10812146 -0.10000002 -0.1 -0.1 -0.1 0.26000053 0.43999995 0.44 0.44 0.88 1.2399942 1.24 1.24 1.13 1.13 
-1.67 -1.67 -1.76 -1.76 -1.76 -1.58006 -1.58 -1.58 -0.86 -0.86 -0.86 -0.86 -0.86 -0.73000001 -0.73 -0.73 -0.73 -0.73 -0.31 -0.31 -0.31 -0.31 -0.31 -0.68999998 -0.69 -0.69 -0.69 -0.67 -0.67 -0.67 -0.67 -0.67 -0.72 -0.72 -0.060000004 -0.06 -0.06 -0.10999149 -0.11 -0.1 -0.1 -0.1 -0.099999976 0.26 0.26 0.26 0.88 0.88 0.88 0.86 0.86 1.13 1.13 
-1.67 -1.67 -1.76 -1.76 -1.76 -1.76 -1.7599964 -1.11 -0.86023538 -0.86 -0.86 -0.86 -0.86 -0.73162163 -0.73 -0.73 -0.73 -0.73 -0.31000001 -0.31 -0.31 -0.31 -0.31 -0.69 -0.69 -0.69 -0.69 -0.68999995 -0.67 -0.67 -0.67 -0.71999738 -0.72 -0.72 -0.72 -0.060000001 -0.11 -0.11 -0.11 -0.10973688 0.026451271 0.05 0.05 0.26 0.26 0.26 0.88 0.88 0.88 0.86 0.86 0.86 1.0484855 
-1.74 -1.7399995 -1.76 -1.76 -1.76 -1.76 -1.11 -1.11 -1.11 -0.86 -0.86 -0.86 -0.86 -0.85995959 -0.73 -0.73 -0.73 -0.73 -0.31000741 -0.31 -0.31 -0.31 -0.623056 -0.69 -0.69 -0.69 -0.69 -1.0799997 -1.08 -1.08 -0.67440227 -0.72 -0.72 -0.72 -0.71999981 -0.52 -0.11 -0.11 -0.11 -0.11 0.05 0.05 0.05 0.35 0.35 0.35 0.4600409 0.88 0.88 0.86 0.86 0.86 1.039998 
-1.74 -1.74 -1.76 -1.76 -1.76 -1.11 -1.11 -1.11 -1.11 -0.88740597 -0.86 -0.86 -0.86 -0.8600008 -1.1599505 -1.16 -1.16 -1.16 -0.46568276 -0.33 -0.33 -0.33 -0.33 -0.69 -0.69 -0.69 -0.69002573 -1.08 -1.08 -1.08 -1.08 -0.7200313 -0.60750579 -0.52 -0.52 -0.52 -0.1112706 -0.44999292 -0.45 -0.45 0.05005483 0.12 0.12 0.35 0.35 0.35000047 0.46 0.46 0.72 0.72 0.72 -0.01 0.33 
-1.74 -1.74 -1.49 -1.49 -1.49 -1.11 -1.11 -1.11 -1.11 -0.92 -0.92 -0.92 -0.92 -0.93691336 -1.16 -1.16 -1.16 -1.16 -0.47 -0.33 -0.33 -0.33 -0.33 -1.32 -1.3199998 -0.69000093 -1.08 -1.08 -1.08 -1.08 -1.0496235 -1.02 -0.57949314 -0.52 -0.52 -0.52 -0.45 -0.45 -0.45 -0.45 0.12 0.12 0.12 -0.0099590067 -0.01 0.45788738 0.46 0.46 0.71999522 0.72 -0.01 -0.01 0.33 
-1.74 -1.49 -1.49 -1.49 -1.49 -1.49 -1.1105434 -1.18 -1.18 -0.92 -0.92 -0.92 -0.92 -0.92005684 -1.16 -1.16 -1.16 -1.1288236 -0.47 -0.47 -0.33 -0.33 -1.32 -1.32 -1.32 -1.32 -1.08 -1.08 -1.08 -1.08 -1.02 -1.02 -1.02 -0.52050596 -0.52 -0.52 -0.45 -0.45 -0.45 -0.45 0.12 0.12 0.12 -0.01 -0.01 -0.010007932 -0.15 -0.15 -0.29 -0.29 -0.01 -0.01 0.33 
-1.4923478 -1.49 -1.49 -1.49 -1.49 -1.49 -1.18 -1.18 -1.18 -1.0408371 -0.92 -0.92 -0.92 -0.92000569 -1.16 -1.16 -1.16 -0.47 -0.47 -0.47 -0.33000699 -0.33000605 -1.32 -1.32 -1.32 -1.32 -1.0800171 -1.08 -1.08 -1.0200138 -1.02 -1.02 -1.02 -1.02 -0.52199871 -1.07 -1.07 -1.0592698 -0.45 -0.45 0.1199995 0.12 -0.006220223 -0.01 -0.01 -0.14999995 -0.15 -0.15 -0.29 -0.29 -0.03 -0.03 0.12 
-1.49 -1.49 -1.49 -1.49 -1.49 -1.49 -1.18 -1.18 -1.18 -1.18 -1.1599931 -1.16 -1.16 -1.16 -1.1599988 -0.89077584 -0.74 -0.74 -0.47049774 -0.47 -0.46999997 -1.3199986 -1.32 -1.32 -1.32 -1.32 -1.3198255 -1.08 -1.0799979 -1.02 -1.02 -1.02 -1.02 -1.02 -1.07 -1.07 -1.07 -1.07 -1.07 -1.069996 -0.29 -0.29 -0.28999994 -0.11 -0.11 -0.11 -0.19 -0.19 -0.26 -0.26 -0.03 -0.029999673 0.12 
-1.49 -1.49 -1.49 -1.49 -1.49 -1.49 -1.18 -1.18 -1.18 -1.16 -1.16 -1.16 -1.16 -1.16 -1.049289 -0.74 -0.74 -0.74 -0.74 -0.74 -0.72710839 -1.32 -1.32 -1.32 -1.32 -1.3221981 -1.3898903 -1.1222114 -1.0202959 -1.02 -1.02 -1.02 -1.02 -1.0200001 -1.07 -1.07 -1.07 -1.07 -1.07 -0.70714581 -0.29 -0.29 -0.29 -0.11 -0.11 -0.11 -0.19 -0.19 -0.26 -0.26 -0.52999999 0.084143227 0.12 
-1.49 -1.49 -1.49 -1.49 -1.49 -1.4899999 -1.1800001 -1.18 -1.1791699 -1.16 -1.16 -1.16 -1.16 -1.16 -1.1398542 -0.74 -0.74 -0.74 -0.74 -0.74 -0.74 -1.377256 -1.3899999 -1.39 -1.39 -1.39 -1.39 -1.39 -1.4290314 -1.4299951 -1.43 -1.43 -1.43 -1.4299997 -1.07 -1.07 -1.07 -1.07 -1.07 -0.29000009 -0.29 -0.29 -0.29 -0.28999992 -0.11011223 -0.18 -0.19 -0.35705902 -0.26008762 -0.53 -0.53 -0.52708987 -0.39 
-1.49 -1.49 -1.49 -1.49 -1.49 -1.4899802 -1.1800167 -1.1799988 -1.16 -1.16 -1.16 -1.16 -1.16 -1.16 -1.1520083 -0.74 -0.74 -0.74 -0.74 -0.74 -0.74 -1.39 -1.39 -1.39 -1.39 -1.39 -1.39 -1.39 -1.429989 -1.43 -1.43 -1.43 -1.43 -1.43 -1.33136 -1.07 -1.07 -1.07 -1.07 -0.29 -0.29 -0.29 -0.29 -0.28997182 -0.18 -0.18 -0.18112815 -0.36 -0.36 -0.53 -0.53 -0.39 -0.39 
-1.49 -1.49 -1.49 -1.49 -1.49 -1.4895866 -1.1803674 -1.1622569 -1.16 -1.16 -1.16 -1.16 -1.16 -1.16 -1.1526472 -0.74 -0.74 -0.74 -0.74 -0.74 -0.83254819 -1.39 -1.39 -1.39 -1.39 -1.39 -1.39 -1.39 -1.4299998 -1.43 -1.43 -1.43 -1.43 -1.43 -1.43 -0.98116649 -0.84304783 -0.76753224 -0.75603464 -0.30992639 -0.29000001 -0.29 -0.29 -0.18000878 -0.18 -0.1866855 -1.2999955 -0.36 -0.36 -1.1101352 -1.11 -1.11 -0.39000032 
-1.49 -1.49 -1.49 -1.49 -1.4899997 -1.4874147 -1.1804427 -1.1600055 -1.16 -1.16 -1.16 -1.16 -1.16 -1.16 -1.1501924 -0.74 -0.74 -0.74 -0.74 -0.74 -1.3899972 -1.39 -1.39 -1.39 -1.39 -1.39 -1.39 -1.39 -1.43 -1.43 -1.43 -1.43 -1.43 -1.43 -1.4299999 -0.75 -0.75 -0.75 -0.75 -0.6 -0.6 -0.6 -0.6 -1.2999968 -1.3 -1.3 -1.3 -1.3000044 -1.73 -1.73 -1.11 -1.11 -1.0395021 
-1.49 -1.49 -1.49 -1.49 -1.4899913 -1.4815749 -1.1619059 -1.1600003 -1.16 -1.16 -1.16 -1.16 -1.16 -1.16 -1.1457426 -0.74000017 -0.74 -0.74 -0.74 -0.74391207 -1.39 -1.39 -1.39 -1.39 -1.39 -1.39 -1.39 -1.39 -1.43 -1.43 -1.43 -1.43 -1.43 -1.43 -0.75000062 -0.75 -0.75 -0.75 -0.75 -0.6 -0.6 -0.6 -0.6 -0.78892699 -1.3 -1.3 -1.3 -1.7299952 -1.73 -1.73 -1.01 -1.01 -1.01 
-1.49 -1.49 -1.49 -1.4899993 -1.4899151 -1.457532 -1.1601377 -1.1600001 -1.16 -1.16 -1.16 -1.16 -1.16 -1.16 -1.1397149 -0.74000988 -0.74 -0.74 -0.74000074 -1.37683 -1.39 -1.39 -1.39 -1.39 -1.39 -1.39 -1.39 -1.39 -1.43 -1.43 -1.43 -1.43 -1.43 -1.3275138 -0.75000016 -0.75 -0.75 -0.75 -0.75 -0.6 -0.6 -0.6 -0.6 -0.6 -1.3 -1.3 -1.3 -1.73 -1.73 -1.73 -1.01 -1.01 -1.01 
-1.49 -1.49 -1.4899997 -1.4899917 -1.4894859 -1.2988806 -1.1600318 -1.16 -1.16 -1.16 -1.16 -1.16 -1.16 -1.1599992 -1.1325485 -0.74015339 -0.74000001 -0.74000002 -0.74336537 -1.3899447 -1.39 -1.39 -1.39 -1.39 -1.39 -1.39 -1.39 -1.39 -1.4299997 -1.43 -1.4299999 -1.3023077 -1.29 -1.29 -1.29 -0.75 -0.75 -0.75 -0.75 -0.6 -0.6 -0.6 -0.6 -0.6 -1.2999876 -1.3 -1.3000002 -1.73 -1.73 -1.7299996 -1.01 -1.01 -1.01 
