interpolatedSpi/03-06|23_2.tif
NCOLS 53
NROWS 52
XLLCORNER -116.03883
YLLCORNER 28.596182
DX 0.49850594
DY 0.49788537
NODATA_VALUE -9999
[rows 0 to 38 of 52, columns 0 to 52 of 53]
0.0925 0.0925 -0.75719872 -1.03 -0.565 -0.2775 -0.6175 -0.3425 -1.1219042 -0.7575 -0.79 -0.72 -1.0675111 -1.2025 -0.94 -0.94 -0.94 -0.5725 -0.7275 -0.7275 -0.7275 -0.72749234 0.067499987 -1.2325 -1.2325 -1.2325 -0.65249488 -0.6525 -0.6525 -1.2825 -1.2825 -1.2825 -1.2825 -2.3824998 -2.3825 -2.3825 -2.3825 -2.3825 -2.3825 -2.3824999 0.15269292 0.17968129 -1.07 -1.07 -1.07 -1.07 -1.0703103 -1.26 -1.26 -1.26 -0.780001 -0.78 -0.78
0.0924639 -0.72 -0.78249947 -0.72155439 -0.82747658 -0.5025 -0.6025 -0.65977513 -0.7725 -1.145 -0.7675 -1.0675 -1.0675 -0.72410055 -1.2024919 -0.94 -0.5725 -0.5725 -0.7272979 -0.7275 -0.7275 -0.7275 -1.2257888 -1.2325 -1.2325 -1.2325 -1.17 -1.17 -1.2825 -1.2825 -1.2825 -1.2825 -1.2825 -2.3824998 -2.3825 -2.3825 -2.3825 -2.3825 -2.3824999 -2.146447 -0.9126078 -1.0508892 -1.07 -1.07 -1.07 -1.07 -1.07 -1.26 -1.26 -1.26 -1.2201979 -0.78 -0.78
0.2824732 0.2825 -0.325 -0.4675 -0.5825 -0.29 -0.8275 -0.135 -1.245 -1.3975 -1.255 -1.0875 -1.42 -0.8925 -0.7225 -1.4675 -0.5725 -0.5725 -0.5725 -0.50006613 -0.5 -0.5 -1.105 -1.2325 -1.2325 -1.2325 -1.17 -1.17 -1.17 -1.2825 -1.2825 -1.2825 -1.2909245 -2.3800956 -2.3756122 -1.649281 -1.6425 -1.6425 -1.5506852 -0.91250001 -0.9125 -0.9127014 -1.07 -1.07 -1.07 -1.07 -1.07 -1.26 -1.26 -1.26 -1.26 -0.78 -0.78
0.305 0.28249982 -0.59015012 -0.3575 -0.9325 -0.6775 -0.6175 -0.92 -0.8125 -1.0675242 -1.37 -1.1425 -1.1575 -0.8925 -1.415 -1.4675 -0.9688446 -0.96472499 -0.865 -0.5 -0.5 -1.3575 -1.105 -1.105 -1.2325 -1.2324997 -1.17 -1.17 -1.17 -1.0775 -1.1995808 -1.3 -1.3 -1.3000003 -1.6425 -1.6425 -1.6425 -1.6425 -0.9125 -0.9125 -0.9125 -0.91250001 -1.07 -1.07 -1.07 -1.07 -1.07 -1.2599976 -1.26 -1.26 -1.26 -0.78001674 -0.78
0.305 -0.082500931 -0.59 -1.2041378 -0.9325 -1.2775 -1.2675677 -2.1775 -2.06 -1.4250003 -1.3606286 -1.3249184 -0.755 -1.415 -1.415 -1.4422327 -0.965 -0.965 -0.865 -0.865 -0.50000169 -1.3575 -0.825 -0.0975 -0.695 -0.69500129 -1.17 -1.17 -1.0775 -1.0775 -1.3 -1.3 -1.3 -1.2844426 -1.6425 -1.6425 -1.6425 -0.9125 -0.9125 -0.9125 -0.9125 -0.91250072 -1.07 -1.07 -1.07 -1.07 -1.07 -1.0716912 -1.26 -1.2600015 -1.2925 -1.2925 -1.2925
-1.08 -0.7675 -0.93499998 -0.9525 -0.99 -1.2325 -1.61 -1.6826563 -1.6625 -1.935 -2.1075 -1.6475 -1.6474994 -1.375 -1.375 -0.46499034 -0.465 -0.8825 -0.8825 -0.8649996 -1.1225 -1.1225 -0.0975 -0.695 -0.695 -0.7 -1.2275 -1.2275 -0.83252352 -1.0775 -1.3 -1.3 -1.2175 -1.2174658 -0.89002358 -1.34 -1.34 -1.0447569 -0.9125 -0.9125 -0.91999065 -0.92 -0.9199994 -1.2222638 -1.2249829 -1.225 -1.225 -1.2249999 -1.3267502 -1.2925 -1.2925 -1.2925 -1.2925
0.21749131 -0.32 -0.61762673 -1.2375 -1.1375 -1.285 -1.33 -1.6925 -2.0625 -2.0625 -2.1075 -1.6075 -1.35 -1.375 -0.42500285 -0.425 -0.465 -0.065 -0.41 -0.41 -0.87979858 -0.6075 -0.6075 -0.73 -0.7 -0.7 -1.2275 -1.2275 -0.83255565 -0.83352464 -0.69089117 -1.2175 -1.2175 -0.89 -0.89 -1.353616 -1.34 -1.34 -1.5849915 -0.92000093 -0.92 -0.92 -0.91999691 -1.224999 -1.225 -1.225 -1.225 -1.2250001 -1.335 -1.2925084 -1.2925 -1.2925 -1.2925
0.2175 -0.7975 -0.2775 -1.6825 -1.2925224 -1.4875 -1.8475 -2.18 -1.195 -1.57 -1.57 -1.36 -1.35 -1.35 -0.43134636 -0.4841992 -0.49 -0.09 -0.46999994 -0.41 -0.33888848 -0.2975 -0.91 0.15 0.14998907 -0.6975 -0.7075 -0.70750018 -1.7841535 -1.7875 -0.6875 -0.92882417 -0.9425 -0.89 -0.8971303 -1.365 -1.365 -1.585 -1.585 -0.92 -0.92 -0.91999999 -1.0453955 -1.0475 -1.225 -1.225 -1.225 -1.3349958 -1.335 -1.335 -1.2925 -1.2925 -1.2925
-0.89308079 -0.79749999 0.19 -1.4075 -1.555 -2.265 -1.6375 -1.1925 -1.7825 -1.0707869 -0.655 -1.3675 -1.3675 -0.74 -0.73999852 -1.2354167 -1.2375 -1.2375 -0.14800759 -0.7825 -0.785 -0.78499999 -1.3 -1.0636926 -0.61209438 -0.6975 -0.985 -0.7075 -0.56085712 -0.56 -0.925 -0.9375 -0.80025482 -1.2575 -1.14 -1.28 -1.2575 -1.5725 -1.1077147 -0.91886174 -0.665 -0.73 -1.0473763 -1.0475 -1.0484991 -1.225 -1.645 -1.335 -1.335 -1.335 -1.335 -1.1016923 0.2125
-1.4275 -1.4275 0.08 -0.4675 -1.86 -1.565 -1.1725 -1.5425 -1.0775 -0.88998086 -1.1925 -0.5125 -0.74 -0.74 -0.5825 -0.59148362 -1.2375 -1.2372738 -0.22 -0.7825 -0.7825 -0.78282206 -1.3 -0.50751501 -0.5075 -0.5075 -0.985 -0.61 -0.61 -0.56 -0.56 -0.93698317 -0.665 -1.2575 -0.9425 -1.28 -1.2575 -1.995 -1.1075 -0.35489829 -0.73 -0.56745232 -0.2875 -1.0475 -1.0475 -1.645 -1.645 -1.645 -1.335 -1.335 0.24 0.24 0.23999999
-1.4275 -1.4275 -0.8975 -1.3675 -1.61 -0.7675 -1.6425 -0.77839843 -0.9825 -1.3525 -0.9 -0.24 -0.51213756 -0.5825 -0.5825 -0.58248558 -0.4575 -0.44503489 -0.22 0.215 0.215 0.0075 0.0075 -0.5075 -0.5075 -0.5075 -0.61 -0.61 -0.61 -0.795 -0.795 -0.79499979 -0.63 -0.63 -1.3675 -1.1725 -0.4275 -0.94500477 -0.56 -0.3425 -0.3425 -0.57749905 -0.2875 -1.0475 -0.14000045 -0.51 -0.12905705 -0.1225 0.05 0.05 0.24 0.24 0.24
-1.4275 -1.1987627 -1.0980658 -1.8349814 -0.9525 -1.26 -1.6425 -0.7775 -0.98249829 -1.3484008 -0.24000145 -0.24 0.245 -0.5825 -0.5825 -0.4575 -0.4575 -0.45748648 -0.22 0.215 0.17425122 0.0075 0.0075000001 -0.50747893 -0.5075 -0.33738763 0.01 0.01 0.0099999222 -0.795 -0.795 0.0075 0.0075 -0.63000202 -1.3675 -0.28250051 -0.60028117 -0.945 -0.945 -0.34250001 -0.5775 -0.5775 -0.57749679 -0.14 -0.14 -0.51 -0.1225 -0.1225 0.05 0.05 0.24 0.24 0.24
-0.38 -0.63832534 -0.61002782 -0.61886389 -0.95250178 -1.2599927 -1.6425 -0.78814765 -0.9683734 -0.99216168 0.245 0.245 0.245 0.245 -0.58238278 -0.4575 -0.4575 -0.4544335 -0.22 0.21503919 0.36 0.36 0.36 0.36 -0.49239019 0.01 0.01 0.01 0.01 0.0095380351 0.0075 0.0075 0.0075 0.0075000001 -0.2825 -0.2825 -0.2825 -0.91370969 -0.93863482 -0.0975 -0.0975 -0.57747418 -0.20749769 -0.1400065 -0.14 -0.51 -0.1225 -0.1225 0.050000001 0.05 0.2393107 0.24 -0.40329046
-0.38 -0.61 -0.61 -0.61 -0.61 -0.61000027 -1.6415208 -1.2332408 -0.93068503 0.24366887 0.245 0.245 0.245 0.245 0.2450002 -0.4575 -0.45749996 -0.44120912 -0.22000143 0.36 0.36 0.36 0.36 0.36 0.3548106 0.036645512 0.037499994 0.0375 0.0375 0.0375 0.0075000078 0.0075 0.0075007008 0.59 0.59 -0.2825 0.51469721 0.5375 -0.097499633 -0.0975 -0.0975 -0.0975 -0.2075 -0.2075 -0.2075 -0.20960512 0.15311401 0.155 0.155 0.155 0.155 0.10250003 0.1025
-0.835 -0.61 -0.61 -0.61 -0.61 -0.61 -0.61000006 -0.94203512 0.53219577 0.54 0.54 0.54 0.54 0.54 0.54 0.3292358 -0.44506098 -0.4249781 0.359927 0.36 0.36 0.36 0.36 0.35999975 0.12 0.12 0.11999988 0.0375 0.0375 0.038526251 0.55 0.55 0.59 0.59 0.59 0.54590996 0.5375 0.5375 0.5375 -0.0975 -0.0975 -0.0975 -0.2075 -0.2075 -0.2075 -0.2075 0.155 0.155 0.155 0.155 0.155 0.1025 0.1025
-0.835 -0.75123506 -0.61 -0.61 -0.61 -0.61 0.2998214 0.3 0.30000001 0.54 0.54 0.54 0.54 0.54 0.4925695 0.325 0.325 0.325 0.14814732 0.14750022 0.1475 0.1475 0.1475 0.1475 0.12 0.12 0.12 0.12 0.0375 0.55 0.55 0.55 0.59 0.59 0.59 0.615 0.53760261 0.5375 0.5375 -0.097559274 -0.21642036 -0.49381196 -0.2075 -0.2075 -0.070424333 -0.07 -0.07 0.1548265 0.050366927 0.050000009 0.05000002 0.2824727 0.10250037
-0.835 0.1478743 -0.21275386 -0.61 -0.61 0.29946233 0.3 0.3 0.3 0.30172951 0.54 0.54 0.54 0.53999997 0.325 0.325 0.325 0.325 0.14765856 0.1475 0.1475 0.1475 0.1475 0.1475 0.12 0.12 0.12 0.12 0.12156406 0.55 0.55 0.55 0.4725 0.58999971 0.615 0.615 0.615 0.61043231 -0.42961472 -0.495 -0.495 -0.495 -0.2425 -0.2425 -0.07 -0.07 -0.07 0.049999999 0.05 0.05 0.05 0.2825 0.2825
0.17446612 0.175 0.175 0.175 0.6475 0.30000896 0.3 0.3 0.3 0.3 0.49078959 0.53999153 0.53999998 0.325 0.325 0.325 0.325 0.325 0.30161568 0.1475 0.1475 0.1475 0.1475 0.1475 0.22651707 0.37499862 0.375 0.375 0.375 0.55 0.4725 0.4725 0.4725 0.4725 0.615 0.61498907 0.2 0.2 -0.48632189 -0.495 -0.495 -0.495 -0.2425 -0.2425 -0.09670894 -0.07 -0.07 0.05 0.05 0.05 0.052493005 0.2825 0.2825
0.175 0.175 0.175 0.3975073 0.6475 0.6475 0.3 0.3 0.3 0.3 -0.11 -0.11 -0.11 0.325 0.325 0.325 0.325 0.32499504 0.175 0.175 0.14750001 0.1475 0.14816951 0.175 0.17680051 0.375 0.375 0.375 0.375 0.47249007 0.4725 0.4725 0.4725 0.4725 0.20000146 0.2 0.2 0.2 0.19751091 -0.495 -0.495 -0.495 -0.2425 -0.2425 -0.2425 -0.07 -0.07 0.049999999 0.05 0.05 0.2825 0.2825 0.2825
0.175 0.175 0.175 0.6475 0.6475 0.6475 0.64749947 0.3 0.3 -0.10957676 -0.11 -0.11 -0.11 -0.10972898 0.30071733 0.295 0.295 0.295 0.175 0.175 0.175 0.175 0.175 0.175 0.17510015 0.45761258 0.375 0.375 0.375 -0.019682681 -0.12994074 -0.13 -0.13 -0.13 -0.1232754 -0.57749823 -0.5775 -0.5775 -0.5775 0.0049315857 0.005 0.005 -0.2425 -0.2425 0.26749787 0.26749993 0.0675 0.0675 0.0425 0.0425 0.0425 0.2825 0.057701177
0.17500073 0.175 0.17500002 0.6475 0.6475 0.6475 0.6475 0.25500001 0.29982007 -0.10976877 -0.11 -0.11 -0.11 -0.10920528 0.295 0.295 0.295 0.29499997 0.175 0.175 0.175 0.175 0.175 0.175 0.5325 0.5325 0.4275 0.4275 0.4275 0.42445866 -0.13 -0.13 -0.13 -0.13 -0.35362721 -0.5775 -0.5775 -0.5775 -0.5775 0.005 0.005 0.005 0.013259254 0.2675 0.2675 0.2675 0.0675 0.0675 0.0425 0.0425 0.0425 0.057499999 0.0575
0.41 0.29760264 0.0675 0.067668268 0.6475 0.25727099 0.255 0.255 0.37524495 0.14500001 0.145 0.145 0.145 0.4674895 0.4675 0.29500013 0.295 0.29183818 0.175 0.175 0.175 0.015 0.015 0.015 0.5325 0.5325 0.4275 0.4275 0.4275 0.42749943 -0.35749855 -0.35749936 -0.13571787 -0.1302439 -1.0314682 -1.0325 -1.0325 -1.0325 -1.0325 0.005 0.005 0.005 0.25304565 0.2675 0.2675 0.26749988 0.0675 0.0675 0.0674991 0.0425 0.042476077 -0.4925 0.0575
0.44249383 0.44249993 0.0675 0.0675 0.0675 0.255 0.255 0.255 0.585 0.585 0.145 0.145 0.145 0.4675 0.4675 0.4675 0.4675 0.46746688 0.175 0.175 0.17499999 0.015 0.015 0.015 0.5325 0.5325 0.4275 0.4275 0.4275 -0.34864907 -0.3575 -0.3575 -0.3575 -0.3575 -1.0321669 -1.0325 -1.0325 -1.0325 -1.0325 -0.41749989 -0.4175 -0.4175 -0.4175 0.26749503 -0.38 -0.38 -0.38 -0.7975 -0.7975 -0.7975 -0.4925 -0.4925 -0.4925
0.4425 0.4425 0.0675 0.0675 0.0675 0.25401447 0.255 0.585 0.585 0.585 0.14505416 0.145 0.39013742 0.46749999 0.4675 0.4675 0.4675 0.18 0.18 0.18 -0.27749999 -0.27749978 0.014998575 0.015 0.015209035 0.1225 0.1225 0.12250073 0.42745071 -0.53246512 -0.53249907 -0.53246945 -0.35779909 -0.35765102 -0.91239387 -1.0325 -1.03281 -1.125 -1.125 -0.4175 -0.4175 -0.4175 -0.4175 -0.38 -0.38 -0.38 -0.38 -0.7975 -0.7975 -0.7975 -0.4925 -0.4925 -0.4925
0.4425 0.4425 0.0675 0.0675 0.0675 0.067500001 0.37850936 0.585 0.585 0.585 0.58492267 0.445 0.445 0.445 0.4673674 0.4675 0.18191583 0.18 0.18 0.18 -0.2775 -0.2775 -0.2775 -0.2775 0.1225 0.1225 0.1225 0.1225 0.1225 -0.5325 -0.5325 -0.5325 -0.5325 -0.53250045 -0.7475 -1.125 -1.125 -1.125 -1.125 -1.1249987 -0.8375 -0.8375 -0.8375 -0.77973723 -0.66 -0.66 -0.66 -0.7975 -0.7975002 -1.005 -1.005 -0.52499209 -0.525
0.4425 0.4425 0.20284867 0.0675 0.0675 0.067500008 0.4402573 0.58454304 0.585 0.585 0.44500004 0.445 0.445 0.445 0.445 0.44680483 0.18 0.18 0.18 0.18 -0.27749646 -0.2775 -0.2775 -0.2775 0.1225 0.1225 0.1225 0.1225 0.1225 -0.11129484 -0.5325 -0.5325 -0.5325 -0.7475 -0.7475 -0.74779314 -1.125 -1.125 -1.3684017 -1.5575 -0.8375 -0.8375 -0.8375 -0.78128755 -0.66 -0.66 -0.66 -0.775 -1.0021342 -1.005 -1.005 -0.525 -0.525
0.395 0.395 0.395 0.14961325 0.067982427 0.44 0.44 0.44 0.44 0.635 0.635 0.44500001 0.445 0.445 0.445 0.44498318 0.18 0.18 0.18 0.18 -0.077861841 -0.2775 -0.2775 -0.25656367 0.50468844 0.1225 0.1225 0.1225 0.0375 0.0375 0.0375 0.037497607 -0.7475 -0.7475 -0.7475 -0.7475 -1.5575 -1.5575 -1.5575 -1.5575 -0.7875 -0.7875 -0.7875 -0.88999794 -0.89 -0.89 -0.88999993 -0.775 -0.775 -1.0047198 -1.005 -0.52500072 -0.525
0.395 0.395 0.395 0.395 0.395 0.40154374 0.44 0.44 0.44 0.635 0.635 0.635 -0.099999974 -0.1 -0.1 -0.09999998 0.18042132 0.18 0.18 0.18 0.17310635 0.5224978 0.5225 0.5225 0.5225 0.52249999 0.195 0.195 0.0375 0.0375 0.0375 0.0375 -0.74749992 -0.7475 -0.7475 -0.74749124 -1.5575 -1.5575 -1.5575 -1.556491 -0.7875 -0.7875 -0.7875 -0.88999525 -0.89 -0.89 -0.89 -0.775 -0.775 -0.77499999 -0.6675 -0.6675 -0.6625
0.395 0.395 0.395 0.395 0.395 0.395 0.43999998 0.44 0.44 0.635 0.635 0.635 -0.1 -0.1 -0.1 -0.061158629 0.41 0.41 0.40999941 0.1812991 0.5225 0.5225 0.5225 0.5225 0.5225 0.52225354 0.195 0.195 0.195 0.0375 0.0375 0.037401842 -0.64 -0.64 -0.64 -1.1525 -1.1525 -1.3275 -1.3275 -1.3275 -0.5825 -0.7874357 -0.78750181 -1.03 -1.03 -1.0246942 -0.89000018 -0.775 -0.775 -0.6675 -0.6675 -0.6675 -0.6625
0.395 0.395 0.395 0.395 0.395 0.395 0.395 0.44 0.44 0.635 0.635 -0.070610601 -0.1 -0.1 -0.1 0.41 0.41 0.41 0.41 0.41 0.5225 0.5225 0.5225 0.5225 0.5225 0.19500112 0.195 0.195 0.195 -0.115 -0.115 -0.115 -0.64 -0.64 -0.64 -1.1525 -1.1525 -1.3275 -1.3275 -0.5825 -0.5825 -0.5825 -1.03 -1.03 -1.03 -1.03 -1.0297946 -1.0275 -1.0275 -1.0275 -0.6675 -0.4225 -0.4225
0.395 0.395 0.395 0.395 0.395 0.395 0.395 0.51400147 0.52 0.52019744 0.63499999 -0.099960424 -0.1 -0.1 -0.099998236 0.41 0.41 0.41 0.41 0.41 0.45296579 0.5225 0.5225 0.5225 0.52247219 0.19501083 0.195 0.195 0.195 -0.115 -0.115 -0.115 -0.11507783 -0.64 -1.1525 -1.1525 -1.1525 -1.1525072 -1.3274492 -0.5825 -0.5825 -0.5825 -1.0299728 -1.03 -1.03 -1.03 -1.0275031 -1.0275 -1.0275 -1.0275 -0.4225 -0.4225 -0.4225
0.3925 0.3925 0.39499991 0.395 0.395 0.395 0.5199734 0.52 0.52 0.52 0.3725 0.3725 0.3725 0.3725 0.40982685 0.41 0.41 0.41 0.41 0.44999998 0.45 0.45 0.38750002 0.3875 0.3875 0.3875 0.37088477 0.195 -0.36497706 -0.365 -0.365 -0.365 -0.365 -1.11 -1.11 -1.11 -1.11 -1.11 -0.8175 -0.8175 -0.8175 -0.8175 -0.8175 -1.3395327 -1.34 -1.34 -1.34 -1.0275 -1.0275 -1.0275 -0.42259531 -0.4225 -0.4225
0.3925 0.3925 0.39371401 0.53749971 0.53749997 0.53748284 0.52 0.52 0.52 0.52 0.3725 0.3725 0.3725 0.3725 0.3725 0.41 0.41 0.41 0.44999999 0.45 0.45 0.45 0.3875 0.3875 0.3875 0.3875 0.3875 0.38745852 -0.36484264 -0.365 -0.365 -0.365 -0.36493678 -1.032051 -1.1099193 -1.11 -1.11 -1.11 -0.8175 -0.8175 -0.8175 -0.8175 -0.8175 -1.34 -1.34 -1.34 -1.34 -1.1938689 -1.0275 -0.25867451 -0.25 -0.26 -0.26
0.3925 0.3925 0.53748163 0.5375 0.5375 0.5375 0.53305507 0.52 0.52 0.52 0.3725 0.3725 0.3725 0.3725 0.3725 0.40997124 0.41 0.44998827 0.45 0.45 0.45 0.45 0.41065353 0.3875 0.3875 0.3875 0.3875 0.38725568 0.0425 0.0425 0.0425 0.0425 0.0425 -0.9725 -0.9725 -0.9725 -0.9725 -0.9725 -1.2125 -1.2125 -1.2125 -1.2125 -1.2125 -1.3372409 -1.3399994 -1.34 -1.3398085 -1.3167952 -0.25 -0.25 -0.25 -0.25999994 -0.26
0.39249957 0.16453282 0.53749995 0.5375 0.5375 0.5375 0.5375 0.52000745 0.52 0.52 0.3725 0.3725 0.3725 0.3725 0.38227789 0.3825 0.3825 0.44999826 0.45 0.45 0.45 0.45 0.45000002 0.3875 0.3875 0.3875 0.3875 0.082499972 0.082499981 0.073987028 0.0425 0.0425 0.0425 -0.9725 -0.9725 -0.9725 -0.9725 -0.97215797 -1.2125 -1.2125 -1.2125 -1.2125 -1.2124437 -0.21 -0.21 -0.21 -0.21 -0.21000323 -0.25 -0.25 -0.25 -0.25000006 -0.33882181
0.16 0.16 0.24494833 0.5375 0.5375 0.5375 0.5375 0.5375 0.52000722 0.42 0.42 0.42 0.41988727 0.38249999 0.3825 0.3825 0.3825 0.3825 0.45000099 0.45846223 0.5325 0.5325 0.5325 0.49483212 0.37309345 0.29600675 0.23088929 0.0825 0.0825 0.0825 0.0825 0.0825 0.07665399 -0.465564 -0.4675 -0.4675 -0.4675 -0.4675 -1.0744273 -0.47750132 -0.4775 -0.4775 -0.4775 -0.03250052 -0.20999995 -0.21 -0.21 0.1725 -0.24999323 -0.25 -0.25 -0.34 -0.34
0.16 0.16 0.2625 0.2625 0.2625 0.5374084 0.5375 0.5375 0.42 0.42 0.42 0.42 0.42 0.3825 0.3825 0.3825 0.3825 0.3825 0.5325 0.5325 0.5325 0.5325 0.5325 0.20750002 0.2075 0.2075 0.2075 0.082500001 0.0825 0.0825 0.0825 0.0825 -0.295 -0.295 -0.4675 -0.4675 -0.4675 0.20738505 0.2075 -0.4775 -0.4775 -0.4775 -0.47749993 -0.0325 -0.0325 -0.0325 0.1725 0.1725 0.1725 0.04 0.04 -0.34 -0.34
0.16 0.16 0.2625 0.2625 0.2625 0.2625 0.26250284 0.78 0.42033895 0.42 0.42 0.42 0.42 0.38296778 0.3825 0.3825 0.3825 0.3825 0.5325 0.5325 0.5325 0.5325 0.5325 0.2075 0.2075 0.2075 0.2075 0.20749949 0.0825 0.0825 0.0825 -0.29498021 -0.295 -0.295 -0.295 -0.4675 0.20749999 0.2075 0.2075 0.18947637 -0.08339354 -0.01 -0.01 -0.0325 -0.0325 -0.0325 0.1725 0.1725 0.1725 0.04 0.04 0.04 -0.029792149
0.3 0.2999989 0.2625 0.2625 0.2625 0.2625 0.78 0.78 0.78 0.42 0.42 0.42 0.42 0.41998834 0.3825 0.3825 0.3825 0.3825 0.53249707 0.5325 0.5325 0.53249999 0.26473754 0.2075 0.2075 0.2075 0.2075 0.09750009 0.0975 0.0975 0.082646884 -0.295 -0.295 -0.295 -0.29500002 -0.32 0.2075 0.2075 0.2075 0.2075 -0.01 -0.01 -0.01 0.3525 0.3525 0.3525 0.63495496 0.1725 0.1725 0.040000001 0.04 0.04 0.0025005573
