interpolatedSpi/03-08|20_1.tif
NCOLS 53
NROWS 52
XLLCORNER -116.03883
YLLCORNER 28.596182
DX 0.49850594
DY 0.49788537
NODATA_VALUE -9999
[rows 0 to 28 of 52, columns 0 to 52 of 53]
0.13833333 0.13833333 0.023156699 -0.245 0.11166667 0.265 0.46833333 0.53 0.12825432 -0.061666667 0.036666667 0.32 0.29168725 0.54166667 0.23 0.23 0.23 0.17666667 0.28333333 0.28333333 0.28333333 0.28333399 0.35166667 0.29333333 0.29333333 0.29333333 0.68500119 0.685 0.685 0.39333333 0.39333333 0.39333333 0.39333333 0.7266666 0.72666667 0.72666667 0.72666667 0.72666667 0.72666667 0.72666667 0.97894874 0.98153675 0.47166667 0.47166667 0.47166667 0.47166667 0.47207772 0.72333333 0.72333333 0.72333333 1.0533326 1.0533333 1.0533333
0.13832622 -0.021666667 0.16666715 0.23295839 0.39317538 0.45833333 0.43833333 0.40682296 0.135 0.32333333 0.275 0.29166667 0.29166667 0.66458875 0.5416654 0.23 0.17666667 0.17666667 0.28319425 0.28333333 0.28333333 0.28333333 0.2679798 0.29333333 0.29333333 0.29333333 0.30833333 0.30833333 0.39333333 0.39333333 0.39333333 0.39333333 0.39333333 0.72666662 0.72666667 0.72666667 0.72666667 0.72666667 0.72666663 0.64571178 0.25168351 0.44497141 0.47166667 0.47166667 0.47166667 0.47166667 0.47166667 0.72333333 0.72333333 0.72333333 0.75069725 1.0533333 1.0533333
0.82163527 0.82166667 0.585 0.95333333 0.53166667 0.33333333 0.505 0.225 0.39833333 0.335 0.50833333 0.0083333333 -0.2 0.19333333 0.665 0.51666667 0.17666667 0.17666667 0.17666667 0.21335368 0.21333333 0.21333333 -0.18833333 0.29333333 0.29333333 0.29333333 0.30833333 0.30833333 0.30833333 0.39333333 0.39333333 0.39333331 0.12294696 0.72484664 0.72174901 0.2031747 0.19833333 0.19833333 0.20504126 0.25166667 0.25166667 0.25194799 0.47166667 0.47166667 0.47166667 0.47166667 0.47166667 0.72333333 0.72333333 0.72333333 0.72333333 1.0533333 1.0533333
0.31666667 0.82166654 0.21333691 0.51 0.10333333 0.47166667 0.8 0.018333333 0.37666667 0.46284321 0.52833333 0.43666667 0.295 0.19333333 0.35666667 0.51666667 -0.13332196 -0.13811263 -0.035 0.21333333 0.21333333 -0.55333333 -0.18833333 -0.18833333 0.29333333 0.29333341 0.30833333 0.30833333 0.30833333 -0.31333333 -0.23377506 -0.16833333 -0.16833333 -0.16833304 0.19833333 0.19833333 0.19833333 0.19833333 0.25166667 0.25166667 0.25166667 0.25166667 0.47166667 0.47166667 0.47166667 0.47166667 0.47166667 0.72333016 0.72333333 0.72333333 0.72333333 1.0532729 1.0533333
0.31666667 0.026667009 0.21333333 0.3610349 0.10333333 0.35 0.47665466 0.215 0.225 0.26333339 0.3031629 0.32170033 0.55666667 0.35666667 0.35666667 0.45343146 -0.13833333 -0.13833333 -0.035 -0.035 0.21333178 -0.55333333 -0.605 -0.11833333 -0.11333333 -0.11338468 0.30833333 0.30833333 -0.31333333 -0.31333333 -0.16833333 -0.16833333 -0.16833333 -0.11333281 0.19833333 0.19833333 0.19833333 0.25166667 0.25166667 0.25166667 0.25166667 0.25167214 0.47166666 0.47166667 0.47166667 0.47166667 0.47166667 0.47390681 0.72333333 0.72326518 -0.79666667 -0.79666667 -0.79666667
-0.605 0.068333333 0.39666666 0.24333333 0.45 0.43666667 0.23166667 0.22953286 0.51 0.17666667 0.325 -0.13166667 -0.13166621 -0.011666667 -0.011666667 -0.10666546 -0.10666667 -0.20166667 -0.20166667 -0.03500028 -0.81833333 -0.81833333 -0.11833333 -0.11333333 -0.11333333 -0.33333333 -0.54666667 -0.54666667 0.013303621 -0.31333333 -0.16833333 -0.16833333 0.12333333 0.12333299 0.12000012 -0.25333333 -0.25333333 0.095433389 0.25166667 0.25166667 0.30826266 0.30833333 0.30833372 -0.34695605 -0.36157457 -0.36166644 -0.36166664 -0.36166636 -1.0068992 -0.79666667 -0.79666667 -0.79666667 -0.79666667
-0.63666401 -0.088333333 -0.43592025 0.175 0.52833333 -0.0033333333 0.10666667 0.21 -0.15333333 -0.15333333 0.325 -0.065 -0.45166666 -0.011666667 -0.1016664 -0.10166667 -0.10666667 -0.36666667 -0.35333333 -0.35333333 -0.79162832 -0.76166667 -0.76166667 -0.56833333 -0.33333333 -0.33333333 -0.54666667 -0.54666667 0.013331197 0.013293993 0.48675395 0.12333333 0.12333333 0.12 0.12 -0.48662082 -0.25333333 -0.25333333 -0.89164454 0.30833166 0.30833333 0.30833333 0.30833457 -0.36166523 -0.36166667 -0.36166667 -0.36166667 -0.36166711 -1.1033333 -0.79672744 -0.79666667 -0.79666667 -0.79666667
-0.63666667 -0.85166667 -0.365 -0.63833333 -0.75999303 -0.26666667 -0.13166667 -0.35166666 -0.44333333 -0.30666667 -0.30666667 -0.46666667 -0.45166667 -0.45166667 -0.10406799 -0.1411328 -0.145 -0.15333333 -0.35833333 -0.35333333 -0.71683729 -0.685 -0.795 -0.445 -0.44500069 -0.49833333 -0.68666667 -0.68666662 -0.023204848 -0.023333323 0.48833333 0.28739444 0.17666667 0.12 0.10892427 -0.68166667 -0.68166667 -0.89166666 -0.89166667 0.30833333 0.30833333 0.30833334 -0.10239642 -0.10333335 -0.36166667 -0.36166667 -0.36166667 -1.1033051 -1.1033333 -1.1033333 -0.79666667 -0.79666667 -0.79666667
-0.81828925 -0.85166666 -0.65333333 -0.41333333 -0.08 -0.40666667 -0.21833333 0.13833333 0.0066666667 -0.081051471 -0.28833333 -0.49 -0.49 -0.65166667 -0.65166444 -0.55219527 -0.55333333 -0.55333333 -0.1846269 -1.0783333 -1.06 -1.06 -0.68333333 -0.750994 -0.49295874 -0.49833333 -0.47666667 -0.68666667 -0.35527033 -0.35333333 0.31833333 0.53833333 0.29238182 -0.32666667 -0.26833333 -0.40666667 -0.37166667 -0.27166667 -0.4215974 0.30909961 0.48 -0.0099999986 -0.1033157 -0.10333333 -0.10478737 -0.36166667 -0.59499999 -1.1033333 -1.1033333 -1.1033333 -1.1033333 -0.80579721 -0.59
-0.63166667 -0.63166667 -0.56333333 -0.49 -0.075 -0.17833333 -0.15333333 -0.265 0.04 -0.10333663 -0.38333333 -0.41 -0.65166667 -0.65166667 -0.415 -0.4168973 -0.55333333 -0.55332779 -0.53333333 -1.0783333 -1.0783333 -1.0759714 -0.68333333 -0.72666585 -0.72666667 -0.72666667 -0.47666667 -0.17666667 -0.17666667 -0.35333333 -0.35333333 0.53740715 0.05 -0.32666667 -0.115 -0.40666667 -0.37166667 -0.71666667 -0.42166667 0.47850394 -0.0099999783 -0.0044899091 0.005 -0.10333333 -0.10333333 -0.595 -0.595 -0.595 -1.1033333 -1.1033333 -0.87 -0.87 -0.8699999
-0.63166667 -0.63166667 -0.83 -0.77666667 -0.58333333 -0.24333333 -0.50333333 -0.001841505 -0.165 -0.29166667 -0.195 -0.47666667 -0.41008911 -0.415 -0.415 -0.41500865 -0.49 -0.49227434 -0.53333333 -0.50166667 -0.50166667 -0.56833333 -0.56833333 -0.72666667 -0.72666667 -0.72666667 -0.17666667 -0.17666667 -0.17666667 -0.41166667 -0.41166667 -0.41166591 -0.10833333 -0.10833333 -0.22833333 -0.60166667 -0.32833333 -0.2466665 -0.55833333 0.49333333 0.49333333 0.058333158 0.005 -0.10333333 -0.32666676 -0.50666667 -0.46887886 -0.46833333 -0.67 -0.67 -0.87 -0.87 -0.87
-0.63166667 -0.71730075 -0.80724076 -0.93665945 -0.68 -0.79 -0.50333333 -0.0016666667 -0.16499864 -0.29026335 -0.47666643 -0.47666667 -0.30333333 -0.415 -0.415 -0.49 -0.49 -0.49000247 -0.53333333 -0.50166667 -0.51475864 -0.56833333 -0.56833333 -0.72666014 -0.72666667 -0.65982702 -0.52333333 -0.52333333 -0.52333329 -0.41166667 -0.41166667 -0.39 -0.39 -0.10833366 -0.22833333 -0.093333555 -0.31203051 -0.24666667 -0.24666667 0.49333332 0.058333333 0.058333333 0.058330541 -0.32666667 -0.32666667 -0.50666667 -0.46833333 -0.46833333 -0.67 -0.67 -0.87 -0.87 -0.87
-0.22333333 -0.19362073 -0.14002383 -0.14576944 -0.68000049 -0.7899974 -0.50333334 -0.0078418969 -0.15374466 -0.1683076 -0.30333333 -0.30333333 -0.30333333 -0.30333333 -0.41498418 -0.49 -0.49 -0.4905595 -0.53333333 -0.50164132 -0.41333333 -0.41333333 -0.41333333 -0.41333333 -0.72119525 -0.52333333 -0.52333333 -0.52333333 -0.52333333 -0.52324192 -0.39 -0.39 -0.39 -0.39 -0.093333333 -0.093333333 -0.093333333 -0.23925009 -0.24388777 0.12333333 0.12333333 0.05833683 -0.20333756 -0.32665479 -0.32666667 -0.50666667 -0.46833333 -0.46833333 -0.67 -0.67 -0.86927442 -0.87 -0.70390445
-0.22333333 -0.14 -0.14 -0.14 -0.14 -0.14000027 -0.5040671 -0.26598453 -0.1237165 -0.3031875 -0.30333333 -0.30333333 -0.30333333 -0.30333333 -0.30333331 -0.49 -0.49000001 -0.49297237 -0.53333234 -0.41333333 -0.41333333 -0.41333333 -0.41333333 -0.41333333 -0.41571159 -0.46755963 -0.42833335 -0.42833333 -0.42833333 -0.42833333 -0.39 -0.39 -0.39000018 -0.54 -0.54 -0.093333333 0.081661177 0.086666667 0.12333331 0.12333333 0.12333333 0.12333333 -0.20333333 -0.20333333 -0.20333333 -0.20544426 -0.41535497 -0.415 -0.415 -0.415 -0.415 0.11333313 0.11333333
-0.27166667 -0.14 -0.14 -0.14 -0.14 -0.14 -0.14000002 -0.41212635 -0.26424626 -0.265 -0.265 -0.265 -0.265 -0.265 -0.265 -0.30421669 -0.48706799 -0.49593374 -0.41334841 -0.41333333 -0.41333333 -0.41333333 -0.41333333 -0.41333335 -0.52333333 -0.52333333 -0.5233332 -0.42833333 -0.42833333 -0.42875051 -0.63666667 -0.63666667 -0.54 -0.54 -0.54 -0.013718545 0.086666667 0.086666667 0.086666667 0.12333333 0.12333333 0.12333333 -0.20333333 -0.20333333 -0.20333333 -0.20333333 -0.415 -0.415 -0.415 -0.415 -0.415 0.11333333 0.11333333
-0.27166667 -0.22264866 -0.14 -0.14 -0.14 -0.14 -0.47826693 -0.47833333 -0.47833333 -0.265 -0.265 -0.265 -0.265 -0.265 -0.27382428 -0.305 -0.305 -0.305 -0.43161064 -0.43166665 -0.43166667 -0.43166667 -0.43166667 -0.43166667 -0.52333333 -0.52333333 -0.52333333 -0.52333333 -0.42833333 -0.63666667 -0.63666667 -0.63666667 -0.54000001 -0.54 -0.54 0.015 0.086571778 0.086666667 0.086666667 0.12328988 0.036573829 -0.16579992 -0.20333333 -0.20333333 -0.11859565 -0.11833333 -0.11833333 -0.41400543 0.1878858 0.18999995 0.18999989 0.26497702 0.11333364
-0.27166667 -0.14677991 -0.14168682 -0.14 -0.14 -0.47813343 -0.47833333 -0.47833333 -0.47833333 -0.47679599 -0.265 -0.265 -0.265 -0.265 -0.305 -0.305 -0.305 -0.305 -0.43155352 -0.43166667 -0.43166667 -0.43166667 -0.43166667 -0.43166667 -0.52333333 -0.52333333 -0.52333333 -0.52333333 -0.52374556 -0.63666667 -0.63666667 -0.63666667 -0.27000001 -0.53993703 0.015 0.015 0.015 0.011487711 -0.15063361 -0.16666667 -0.16666667 -0.16666667 -0.075 -0.075 -0.11833333 -0.11833333 -0.11833333 0.19 0.19 0.19 0.19 0.265 0.265
-0.14332742 -0.14333333 -0.14333333 -0.14333333 -0.18166667 -0.47832568 -0.47833333 -0.47833333 -0.47833333 -0.47833333 -0.25869107 -0.26499891 -0.265 -0.305 -0.305 -0.305 -0.305 -0.305 -0.35627913 -0.43166667 -0.43166667 -0.43166667 -0.43166667 -0.43166667 -0.38956943 -0.25166814 -0.25166667 -0.25166667 -0.25166667 -0.63666665 -0.27000001 -0.27 -0.27 -0.27 0.015 0.014991573 -0.305 -0.305 -0.16839396 -0.16666667 -0.16666667 -0.16666667 -0.075 -0.075 -0.11162384 -0.11833333 -0.11833333 0.19 0.19 0.19 0.1908042 0.265 0.265
-0.14333333 -0.14333333 -0.14333333 -0.16138507 -0.18166667 -0.18166667 -0.47833333 -0.47833333 -0.47833333 -0.47833333 -0.18166667 -0.18166667 -0.18166667 -0.305 -0.305 -0.305 -0.305 -0.30507684 -0.96 -0.96 -0.43166688 -0.43166667 -0.43775311 -0.68166667 -0.67779556 -0.25166667 -0.25166667 -0.25166667 -0.25166667 -0.26999813 -0.27 -0.27 -0.27 -0.27 -0.30499888 -0.305 -0.305 -0.305 -0.30450159 -0.16666667 -0.16666667 -0.16666667 -0.075 -0.075 -0.075 -0.11833333 -0.11833333 0.18999999 0.19 0.19 0.265 0.265 0.265
-0.14333333 -0.14333333 -0.14333333 -0.18166667 -0.18166667 -0.18166667 -0.18166712 -0.47833333 -0.47833333 -0.18197291 -0.18166667 -0.18166667 -0.18166667 -0.18174352 -0.68138142 -0.77 -0.77 -0.77 -0.96 -0.96 -0.96 -0.68166667 -0.68166667 -0.68166667 -0.68158636 -0.32684848 -0.25166667 -0.25166667 -0.25166667 0.032644108 0.10163011 0.10166667 0.10166667 0.10166667 -0.21865034 -0.098333803 -0.098333333 -0.098333333 -0.098333333 -0.10500844 -0.105 -0.105 -0.075 -0.075 0.21999877 0.21999996 0.115 0.115 0.20833333 0.20833333 0.20833333 0.265 0.36491059
-0.14333261 -0.14333333 -0.14333333 -0.18166667 -0.18166667 -0.18166667 -0.18166667 -0.17666675 -0.47712715 -0.18168329 -0.18166667 -0.18166667 -0.18166667 -0.18282114 -0.77 -0.77 -0.77 -0.77000005 -0.96 -0.96 -0.96 -0.68166667 -0.68166667 -0.68166667 -0.395 -0.395 -0.33166667 -0.33166667 -0.33166667 -0.3293027 0.10166667 0.10166667 0.10166667 0.10166667 0.0017215572 -0.098333333 -0.098333333 -0.098333333 -0.098333333 -0.105 -0.105 -0.105 -0.094774257 0.22 0.22 0.22 0.115 0.115 0.20833333 0.20833333 0.20833333 0.36499999 0.365
0.088333333 -0.02438687 -0.14333333 -0.14334445 -0.18166667 -0.1766956 -0.17666667 -0.17666667 -0.1675572 -0.2 -0.2 -0.2 -0.2 -0.89997721 -0.9 -0.7700001 -0.77 -0.77500622 -0.96 -0.96 -0.96 -0.82 -0.82 -0.82 -0.395 -0.395 -0.33166667 -0.33166667 -0.33166667 -0.33166636 0.085000106 0.085000047 0.10124778 0.1016488 -0.22795608 -0.22833333 -0.22833333 -0.22833333 -0.22833333 -0.105 -0.105 -0.105 0.20210423 0.22 0.22 0.21999992 0.115 0.115 0.11500336 0.20833333 0.20832827 0.095 0.365
-0.15495379 -0.155 -0.14333333 -0.14333333 -0.14333333 -0.17666667 -0.17666667 -0.17666667 -0.15166667 -0.15166667 -0.2 -0.2 -0.2 -0.9 -0.9 -0.9 -0.9 -0.90000616 -0.96 -0.96 -0.95999999 -0.82 -0.82 -0.82 -0.395 -0.395 -0.33166667 -0.33166667 -0.33166667 0.080302053 0.085 0.085 0.085 0.085 -0.22817872 -0.22833333 -0.22833333 -0.22833333 -0.22833333 -0.47833324 -0.47833333 -0.47833333 -0.47833333 0.21999666 -0.215 -0.215 -0.215 -0.105 -0.105 -0.105 0.095 0.095 0.095
-0.155 -0.155 -0.14333333 -0.14333333 -0.14333333 -0.17649146 -0.17666667 -0.15166667 -0.15166667 -0.15166667 -0.19999405 -0.2 -0.60175299 -0.89999995 -0.9 -0.9 -0.9 -1.02 -1.02 -1.02 -0.91 -0.90999993 -0.82000044 -0.82 -0.81981743 -0.71333333 -0.71333333 -0.71333242 -0.33172835 1.6939327e-05 4.5244178e-07 1.4839875e-05 0.084854726 0.084926646 -0.17258357 -0.22833343 -0.22918231 -0.48166667 -0.48166667 -0.47833333 -0.47833333 -0.47833333 -0.47833333 -0.215 -0.215 -0.215 -0.215 -0.105 -0.105 -0.105 0.095 0.095 0.095
-0.155 -0.155 -0.14333333 -0.14333333 -0.14333333 -0.14333333 -0.1673099 -0.15166667 -0.15166667 -0.15166667 -0.15196495 -0.69166667 -0.69166667 -0.69166667 -0.89877224 -0.9 -1.0192003 -1.02 -1.02 -1.02 -0.91 -0.91 -0.91 -0.91 -0.71333333 -0.71333333 -0.71333333 -0.71333333 -0.71333333 1.7854938e-18 2.2993708e-36 1.7539529e-143 4.9217184e-38 -6.9505085e-07 -0.33 -0.48166667 -0.48166667 -0.48166667 -0.48166667 -0.48166764 -0.79 -0.79 -0.79 -0.676646 -0.44166667 -0.44166667 -0.44166667 -0.10500001 -0.10500006 -0.16333333 -0.16333333 -0.081623688 -0.081666667
-0.155 -0.155 -0.14754418 -0.14333333 -0.14333333 -0.14333335 -0.95690188 -0.15420883 -0.15166667 -0.15166667 -0.6916667 -0.69166667 -0.69166667 -0.69166667 -0.69166667 -0.70879192 -1.02 -1.02 -1.02 -1.02 -0.91000085 -0.91 -0.91 -0.91 -0.71333333 -0.71333333 -0.71333333 -0.71333333 -0.71333333 -0.40273125 -3.2182903e-18 -3.5334171e-40 -3.3342328e-11 -0.33 -0.33 -0.33011777 -0.48166667 -0.48166667 -0.4310166 -0.39166668 -0.79 -0.79 -0.79 -0.67751208 -0.44166667 -0.44166667 -0.44166667 -0.28833333 -0.16489082 -0.16333333 -0.16333333 -0.081666667 -0.081666667
-0.67833333 -0.67833333 -0.67833333 -0.27747254 -0.14439626 -0.95833333 -0.95833333 -0.95833333 -0.95833333 -0.865 -0.865 -0.69166668 -0.69166667 -0.69166667 -0.69166667 -0.69168748 -1.02 -1.02 -1.02 -1.02 -0.95800043 -0.91 -0.91 -0.90367548 -0.67033714 -0.71333333 -0.71333333 -0.71333333 -0.545 -0.545 -0.545 -0.54499771 -0.33 -0.33 -0.33 -0.33 -0.39166667 -0.39166667 -0.39166667 -0.39166667 -0.62 -0.62 -0.62 -0.2783402 -0.27833333 -0.27833333 -0.27833339 -0.28833333 -0.28833333 -0.16348564 -0.16333333 -0.081667171 -0.081666667
-0.67833333 -0.67833333 -0.67833333 -0.67834339 -0.865 -0.8785722 -0.95833333 -0.95833333 -0.95833333 -0.865 -0.865 -0.865 -0.77833333 -0.77833333 -0.77833333 -0.77833333 -1.0196458 -1.02 -1.02 -1.02 -1.0183188 -0.668334 -0.66833333 -0.66833333 -0.66833333 -0.66833333 -0.625 -0.625 -0.545 -0.545 -0.545 -0.545 -0.33000011 -0.33 -0.33 -0.33001235 -0.39166666 -0.39166667 -0.39166667 -0.3910452 -0.62 -0.62 -0.62 -0.27834918 -0.27833333 -0.27833333 -0.27833333 -0.28833333 -0.28833333 -0.28833332 -0.18166667 -0.18166667 -0.0033333333
-0.67833333 -0.67833333 -0.67833333 -0.86499957 -0.865 -0.865 -0.9583333 -0.95833333 -0.95833333 -0.865 -0.865 -0.865 -0.77833333 -0.77833333 -0.77833333 -0.78201438 -0.82666667 -0.82666667 -0.82666717 -1.018908 -0.66833333 -0.66833333 -0.66833333 -0.66833333 -0.66833333 -0.66830072 -0.625 -0.625 -0.625 -0.545 -0.545 -0.54493778 -0.48166667 -0.48166667 -0.48166667 -0.27666667 -0.27666667 -0.25 -0.25 -0.25 0.03 -0.61979611 -0.61999453 0.11333333 0.11333333 0.098489612 -0.27833232 -0.28833333 -0.28833333 -0.18166667 -0.18166667 -0.18166667 -0.0033333333
