interpolatedSpi/03-04|20_1.tif
NCOLS 53
NROWS 52
XLLCORNER -116.03883
YLLCORNER 28.596182
DX 0.49850594
DY 0.49788537
NODATA_VALUE -9999
-0.68 -0.68 -0.78754274 -0.96 -0.755 -0.68 -0.505 -0.62 -0.81124765 -0.78 -0.305 -0.195 -0.054995883 -0.005 -0.485 -0.485 -0.485 0.16 0.195 0.195 0.195 0.19499249 -0.58499999 0.12 0.12 0.12 0.29500465 0.295 0.295 0.825 0.825 0.825 0.825 0.55500005 0.555 0.555 0.555 0.555 0.555 0.55500001 0.86169616 0.86470854 -0.28 -0.28 -0.28 -0.28 -0.2803185 -0.475 -0.475 -0.475 0.85999723 0.86 0.86 
-0.68000089 -0.7 -0.85999912 -0.80226205 -0.61538295 -0.66 -0.59 -0.6649378 -0.725 -0.415 -0.265 -0.055 -0.055 0.089683225 -0.0050030926 -0.485 0.16 0.16 0.19495436 0.195 0.195 0.195 0.099997905 0.12 0.12 0.12 0.22499999 0.225 0.825 0.825 0.825 0.825 0.825 0.55500004 0.555 0.555 0.555 0.555 0.55499998 0.51604417 0.33500218 -0.20537465 -0.28 -0.28 -0.28 -0.28 -0.28 -0.475 -0.475 -0.475 -0.36430052 0.86 0.86 
1.0299225 1.03 -0.1 0.51 -0.68 -0.835 -0.49 -0.865 -0.83 -0.615 -0.13 -0.585 -0.255 -0.035 0.09 -0.28 0.16 0.16 0.16 0.195 0.195 0.195 -0.26 0.12 0.12 0.12 0.225 0.225 0.225 0.825 0.825 0.82499994 0.25213392 0.55354652 0.55188187 0.22306976 0.22 0.22 0.23446397 0.335 0.335 0.33421357 -0.28 -0.28 -0.28 -0.28 -0.28 -0.475 -0.475 -0.475 -0.475 0.86 0.86 
0.575 1.0299998 0.059967065 -0.165 -0.655 -0.64 -0.56 -1.13 -0.825 -0.20203589 -0.27 -0.295 -0.195 -0.035 -0.065 -0.28 -0.0021422661 0.00011210526 -0.34 0.195 0.195 -0.9 -0.26 -0.26 0.12 0.12000052 0.225 0.225 0.225 -0.285 -0.32889422 -0.365 -0.365 -0.36499955 0.22 0.22 0.22 0.22 0.335 0.335 0.335 0.33499998 -0.28 -0.28 -0.28 -0.28 -0.28 -0.47499754 -0.475 -0.475 -0.475 0.85992912 0.86 
0.575 -0.024999844 0.06 -0.28242083 -0.655 -1.16 -0.75001104 -0.815 -0.245 -0.48499988 -0.49131889 -0.49493053 -0.01 -0.065 -0.065 -0.20445694 -3.4232545e-90 -1.6648617e-12 -0.34 -0.34 0.19499782 -0.9 -1.315 -0.135 0.26 0.2598129 0.225 0.225 -0.285 -0.285 -0.365 -0.365 -0.365 -0.40742884 0.22 0.22 0.22 0.335 0.335 0.335 0.335 0.33496718 -0.28 -0.28 -0.28 -0.28 -0.28 -0.28173574 -0.475 -0.47503744 -1.31 -1.31 -1.31 
-1 -0.15 0.39999998 -0.53 -0.575 -0.655 -0.76 -0.76704158 -0.085 -0.685 -0.465 -0.03 -0.029999987 -0.18 -0.18 -0.31995775 -0.32 -0.39 -0.39 -0.34000041 -0.88 -0.88 -0.135 0.26 0.26 -0.54 -0.805 -0.805 -0.34999427 -0.285 -0.365 -0.365 -0.59 -0.58993783 0.0049571336 -0.915 -0.915 -0.051716035 0.335 0.335 -0.0045759469 -0.0049999993 -0.0049994486 -0.97746655 -0.98992153 -0.98999981 -0.98999998 -0.98999975 -2.5790272 -1.31 -1.31 -1.31 -1.31 
-0.76999939 0.115 -0.41883256 0.059999999 0.225 -1.05 -0.78 -1.1 -1.2 -1.2 -0.465 -0.345 -0.8649999 -0.18 -0.1450001 -0.145 -0.32 -0.725 -0.805 -0.805 -0.85172411 -0.82 -0.82 -0.49499999 -0.54 -0.54 -0.805 -0.805 -0.35000758 -0.35013948 0.6066357 -0.59 -0.59 0.005 0.0049999999 -0.76794719 -0.915 -0.915 -1.1199929 -0.0050015523 -0.005 -0.005 -0.0049979232 -0.98999749 -0.99 -0.99 -0.99 -0.99000112 -2.87 -1.3103091 -1.31 -1.31 -1.31 
-0.77 -0.945 -0.1 -0.355 -0.43499541 -0.57 -0.86 -0.98999999 -1.03 -0.865 -0.865 -0.505 -0.865 -0.865 -0.14993987 -0.63680876 -0.685 -0.2 -0.60500021 -0.805 -1.240755 -1.245 -1.165 0.26999999 0.26999536 -0.09 -0.795 -0.795 -0.47954446 -0.47999998 0.61 0.099133818 -0.065 0.005 -0.0036989673 -0.645 -0.645 -1.12 -1.12 -0.005 -0.005 -0.0049999947 -0.5372135 -0.54000002 -0.99 -0.99 -0.99 -2.8699284 -2.87 -2.87 -1.31 -1.31 -1.31 
-0.90479538 -0.94499999 -0.13 0.395 -0.09 -0.935 -0.72 -0.04 -0.98 -0.53343494 -0.665 -1.205 -1.205 -0.825 -0.82500169 -1.1187876 -1.12 -1.12 -0.26182389 -1.6399999 -1.195 -1.195 -1 -1.0999762 -0.053721505 -0.09 -0.535 -0.795 -0.15871904 -0.155 0.145 0.275 0.035763929 -0.425 -0.3 -0.365 -0.435 -0.015 0.17491227 -0.0038840566 0.245 -0.165 -0.53994302 -0.54 -0.54253284 -0.99 -1.265 -2.87 -2.87 -2.87 -2.87 -1.2296927 -1.105 
-0.68 -0.68 -0.26 -0.005 -0.215 -0.7 -0.51 -0.87 -0.44 -0.41998395 -0.95 -0.83 -0.825 -0.825 -1.005 -1.0065773 -1.12 -1.1199191 -0.735 -1.64 -1.64 -1.582669 -1 -1.3999924 -1.4 -1.4 -0.535 -0.46 -0.46 -0.155 -0.155 0.27409911 -0.2 -0.425 -0.155 -0.365 -0.435 -1.165 0.175 0.92268264 -0.16499998 -0.17418348 -0.19 -0.54 -0.54 -1.265 -1.265 -1.265 -2.87 -2.87 -0.665 -0.665 -0.66500016 
-0.68 -0.68 -1.035 -0.95 -0.27 -0.025 -0.69499999 -0.2451558 -0.69 -0.575 -0.66 -0.35 -0.82936097 -1.005 -1.005 -1.0050029 -1.03 -1.014517 -0.735 -0.845 -0.845 -1.135 -1.135 -1.4 -1.4 -1.4 -0.46 -0.46 -0.46 -0.51 -0.51 -0.50999949 0.005 0.005 -0.545 -0.74 -0.14 -1.0549986 -0.425 0.935 0.935 -0.29999964 -0.19 -0.54 -0.57499996 -0.53 -0.3091345 -0.305 -0.685 -0.685 -0.665 -0.665 -0.665 
-0.68 -0.83328023 -0.99872747 -0.87498771 -0.405 -0.67 -0.695 -0.245 -0.68999628 -0.57627406 -0.35000029 -0.35 -0.325 -1.005 -1.005 -1.03 -1.03 -1.0299832 -0.735 -0.845 -0.9019501 -1.135 -1.135 -1.3999891 -1.4 -1.1830451 -0.74 -0.74 -0.73999996 -0.51 -0.51 -0.645 -0.645 0.0049984921 -0.545 -0.655 -0.26106756 -1.055 -1.055 0.93499996 -0.3 -0.3 -0.30000197 -0.575 -0.575 -0.53 -0.305 -0.305 -0.685 -0.685 -0.665 -0.665 -0.665 
-0.975 -0.71164314 -0.68500994 -0.6863683 -0.40500123 -0.66999374 -0.695 -0.25053925 -0.65933495 -0.68699704 -0.325 -0.325 -0.325 -0.325 -1.0049037 -1.03 -1.03 -1.0261911 -0.735 -0.84500366 -0.86 -0.86 -0.86 -0.86 -1.3903086 -0.74 -0.74 -0.74 -0.74 -0.73986307 -0.645 -0.645 -0.645 -0.645 -0.655 -0.655 -0.655 -1.0355266 -1.052897 -0.775 -0.775 -0.30002555 -1.0299844 -0.57504382 -0.575 -0.53 -0.305 -0.305 -0.685 -0.685 -0.66507256 -0.665 -1.3123702 
-0.975 -0.685 -0.685 -0.685 -0.685 -0.68499999 -0.69493592 -0.48213448 -0.57752344 -0.32539021 -0.325 -0.325 -0.325 -0.325 -0.32500011 -1.03 -1.03 -1.009765 -0.73500451 -0.86 -0.86 -0.86 -0.86 -0.86 -0.86497136 -0.76753974 -0.73 -0.73 -0.73 -0.73 -0.64500001 -0.645 -0.64500038 -0.96 -0.96 -0.655 -0.65986096 -0.66 -0.77499993 -0.775 -0.775 -0.775 -1.03 -1.03 -1.03 -1.0265205 -0.46897318 -0.47 -0.47 -0.47 -0.47 0.94499967 0.945 
-0.985 -0.685 -0.685 -0.685 -0.685 -0.685 -0.685 -0.6015757 -0.46541803 -0.465 -0.465 -0.465 -0.465 -0.465 -0.465 -0.47976412 -1.0212455 -0.98960453 -0.85998438 -0.86 -0.86 -0.86 -0.86 -0.85999988 -1.09 -1.09 -1.0899995 -0.73 -0.73 -0.73072088 -1.09 -1.09 -0.96 -0.96 -0.96 -0.70805674 -0.66 -0.66 -0.66 -0.775 -0.775 -0.775 -1.03 -1.03 -1.03 -1.03 -0.47 -0.47 -0.47 -0.47 -0.47 0.945 0.945 
-0.985 -0.87331341 -0.685 -0.685 -0.685 -0.685 -0.63001079 -0.63 -0.63 -0.465 -0.465 -0.465 -0.465 -0.465 -0.4683091 -0.48 -0.48 -0.48 -0.76030404 -0.7600001 -0.76 -0.76 -0.76 -0.76 -1.09 -1.09 -1.09 -1.09 -0.73 -1.09 -1.09 -1.09 -0.96000001 -0.96 -0.96 -0.675 -0.66001986 -0.66 -0.66 -0.77502392 -0.82286731 -0.9345218 -1.03 -1.03 -0.22249971 -0.22 -0.22 -0.46888256 0.20762371 0.20999994 0.20999987 0.50006728 0.9449991 
-0.985 -0.58601133 -0.62933494 -0.685 -0.685 -0.6300325 -0.63 -0.63 -0.63 -0.62881096 -0.465 -0.465 -0.465 -0.465 -0.48 -0.48 -0.48 -0.48 -0.75974988 -0.76 -0.76 -0.76 -0.76 -0.76 -1.09 -1.09 -1.09 -1.09 -1.09 -1.09 -1.09 -1.09 -0.89 -0.95996932 -0.675 -0.675 -0.675 -0.67829666 -0.91759219 -0.935 -0.935 -0.935 -0.465 -0.465 -0.22 -0.22 -0.22 0.20999999 0.21 0.21 0.21 0.5 0.5 
-0.5751419 -0.575 -0.575 -0.575 -0.22 -0.62998942 -0.63 -0.63 -0.63 -0.63 -0.40556914 -0.46498977 -0.46499998 -0.48 -0.48 -0.48 -0.48 -0.48 -0.53761808 -0.76 -0.76 -0.76 -0.76 -0.76 -0.85640014 -0.76000179 -0.76 -0.76 -0.76 -1.09 -0.89 -0.89 -0.89 -0.89 -0.675 -0.6750079 -0.975 -0.975 -0.93549946 -0.935 -0.935 -0.935 -0.465 -0.465 -0.25793444 -0.22 -0.22 0.21 0.21 0.21 0.21310955 0.5 0.5 
-0.575 -0.575 -0.575 -0.4078252 -0.22 -0.22 -0.63 -0.63 -0.63 -0.63 0.32 0.32 0.32 -0.48 -0.48 -0.48 -0.48 -0.48003884 -1.045 -1.045 -0.76000012 -0.76 -0.76669509 -1.035 -1.0325243 -0.76 -0.76 -0.76 -0.76 -0.88998676 -0.89 -0.89 -0.89 -0.89 -0.97499895 -0.975 -0.975 -0.975 -0.9748596 -0.935 -0.935 -0.935 -0.465 -0.465 -0.465 -0.22 -0.22 0.20999999 0.21 0.21 0.5 0.5 0.5 
-0.575 -0.575 -0.575 -0.22 -0.22 -0.22 -0.22000063 -0.63 -0.63 0.31901933 0.32 0.32 0.32 0.31950156 -0.67021427 -0.715 -0.715 -0.715 -1.045 -1.045 -1.045 -1.035 -1.035 -1.035 -1.0348011 -0.53183192 -0.76 -0.76 -0.76 -0.71619803 -0.68002065 -0.68 -0.68 -0.68 -0.97668761 -0.97999999 -0.98 -0.98 -0.98 -0.38507526 -0.385 -0.385 -0.465 -0.465 -0.10000152 -0.10000002 -0.16 -0.16 0.07 0.07 0.07 0.5 0.245228 
-0.57499964 -0.575 -0.57499999 -0.22 -0.22 -0.22 -0.22 0.14999977 -0.62688126 0.32021309 0.32 0.32 0.32 0.31796904 -0.715 -0.715 -0.715 -0.71500009 -1.045 -1.045 -1.045 -1.035 -1.035 -1.035 -0.325 -0.325 -0.445 -0.445 -0.445 -0.446282 -0.68 -0.68 -0.68 -0.68 -0.82991756 -0.98 -0.98 -0.98 -0.98 -0.385 -0.385 -0.385 -0.37603281 -0.1 -0.1 -0.1 -0.16 -0.16 0.07 0.07 0.07 0.24499999 0.245 
-0.46 -0.51250762 -0.21 -0.2100029 -0.22 0.14785919 0.15 0.15 0.11174024 0.55499999 0.555 0.555 0.555 -0.30997184 -0.31 -0.71499969 -0.715 -0.72369501 -1.045 -1.045 -1.045 -0.765 -0.765 -0.765 -0.325 -0.325 -0.445 -0.445 -0.445 -0.44500004 -0.50000114 -0.50000051 -0.67547597 -0.67980703 -0.53516792 -0.535 -0.535 -0.535 -0.535 -0.385 -0.385 -0.385 -0.11569293 -0.1 -0.1 -0.10000003 -0.16 -0.16 -0.15999172 0.07 0.069993516 -0.075 0.245 
-0.84992594 -0.84999989 -0.21 -0.21 -0.21 0.15 0.15 0.15 0.045 0.045 0.555 0.555 0.555 -0.31 -0.31 -0.31 -0.31 -0.31008311 -1.045 -1.045 -1.045 -0.765 -0.765 -0.765 -0.325 -0.325 -0.445 -0.445 -0.445 -0.49937987 -0.5 -0.5 -0.5 -0.5 -0.53498273 -0.535 -0.535 -0.535 -0.535 -0.29500002 -0.295 -0.295 -0.295 -0.10000142 -0.285 -0.285 -0.285 -0.15 -0.15 -0.15 -0.075 -0.075 -0.075 
-0.85 -0.85 -0.21 -0.21 -0.21 0.14810778 0.15 0.045 0.045 0.045 0.55493722 0.555 -0.049672295 -0.30999997 -0.31 -0.31 -0.31 -0.38 -0.38 -0.38 -0.545 -0.54500016 -0.76499893 -0.765 -0.76461264 -0.32 -0.32 -0.3200003 -0.4449798 -0.19506078 -0.19500162 -0.19505325 -0.49947872 -0.49973679 -0.5285687 -0.53499996 -0.53466488 -0.435 -0.435 -0.295 -0.295 -0.295 -0.295 -0.285 -0.285 -0.285 -0.285 -0.15 -0.15 -0.15 -0.075 -0.075 -0.075 
-0.85 -0.85 -0.21 -0.21 -0.21 -0.21 0.11070157 0.045 0.045 0.045 0.044872953 -0.185 -0.185 -0.185 -0.30926335 -0.31 -0.37953354 -0.38 -0.38 -0.38 -0.545 -0.545 -0.545 -0.545 -0.32 -0.32 -0.32 -0.32 -0.32 -0.195 -0.195 -0.195 -0.195 -0.19500044 -0.405 -0.435 -0.435 -0.435 -0.435 -0.43500037 -0.575 -0.575 -0.575 -0.43669988 -0.15 -0.15 -0.15 -0.15 -0.14999993 -0.08 -0.08 0.32990147 0.33 
-0.85 -0.85 -0.44099506 -0.21 -0.21 -0.21000002 -0.96320773 0.041817038 0.045 0.044999999 -0.1850001 -0.185 -0.185 -0.185 -0.185 -0.19527486 -0.38 -0.38 -0.38 -0.38 -0.54499872 -0.545 -0.545 -0.545 -0.32 -0.32 -0.32 -0.32 -0.32 -0.36495998 -0.195 -0.195 -0.195 -0.405 -0.405 -0.4050233 -0.435 -0.435 -0.48565007 -0.52499999 -0.575 -0.575 -0.575 -0.43803397 -0.15 -0.15 -0.15 -0.215 -0.081682087 -0.08 -0.08 0.33 0.33 
-0.66 -0.66 -0.66 -0.32282737 -0.2102558 -0.965 -0.965 -0.965 -0.965 -0.655 -0.655 -0.18500003 -0.185 -0.185 -0.185 -0.18501236 -0.38 -0.38 -0.38 -0.38 -0.47299935 -0.545 -0.545 -0.53256905 -0.081132224 -0.32 -0.32 -0.32 -0.425 -0.425 -0.425 -0.42499903 -0.405 -0.405 -0.405 -0.405 -0.525 -0.525 -0.525 -0.525 -0.29 -0.29 -0.29 -0.030005227 -0.03 -0.03 -0.030000038 -0.215 -0.215 -0.08016449 -0.08 0.32999871 0.33 
-0.66 -0.66 -0.66 -0.65998465 -0.375 -0.46079569 -0.965 -0.965 -0.965 -0.655 -0.655 -0.655 -0.19 -0.19 -0.19 -0.19000001 -0.38039384 -0.38 -0.38 -0.38 -0.38247606 -0.070001304 -0.07 -0.07 -0.07 -0.070000016 -0.575 -0.575 -0.425 -0.425 -0.425 -0.425 -0.40500027 -0.405 -0.405 -0.40503014 -0.52500001 -0.525 -0.525 -0.52609671 -0.29 -0.29 -0.29 -0.030012057 -0.03 -0.03 -0.03 -0.215 -0.215 -0.21499996 0.075 0.075 0.64 
-0.66 -0.66 -0.66 -0.37500066 -0.375 -0.375 -0.96499978 -0.965 -0.965 -0.655 -0.655 -0.655 -0.19 -0.19 -0.19 -0.22084462 -0.595 -0.595 -0.59499944 -0.38121437 -0.07 -0.07 -0.07 -0.07 -0.07 -0.070380039 -0.575 -0.575 -0.575 -0.425 -0.425 -0.42528321 -0.775 -0.775 -0.775 -0.96 -0.96 -0.775 -0.775 -0.775 0.27 -0.28982434 -0.28999593 0.255 0.255 0.24419882 -0.02999956 -0.215 -0.215 0.075 0.075 0.075 0.64 
-0.66 -0.66 -0.66 -0.375 -0.375 -0.375 -0.375 -0.965 -0.965 -0.655 -0.655 -0.20859329 -0.19 -0.19 -0.19 -0.595 -0.595 -0.595 -0.595 -0.595 -0.07 -0.07 -0.07 -0.07 -0.07 -0.57499828 -0.575 -0.575 -0.575 -0.865 -0.865 -0.865 -0.775 -0.775 -0.775 -0.96 -0.96 -0.775 -0.775 0.27 0.27 0.27 0.255 0.255 0.255 0.255 0.27348315 0.48 0.48 0.48 0.07500001 0.585 0.585 
-0.66 -0.66 -0.65960312 -0.375 -0.375 -0.375 -0.375 -0.0084754685 0.01 0.0088582849 -0.65499999 -0.19001675 -0.19 -0.19 -0.1900014 -0.595 -0.595 -0.595 -0.595 -0.595 -1.0769708 -0.07 -0.07 -0.07 -0.070236862 -0.57503629 -0.575 -0.575 -0.575 -0.865 -0.865 -0.865 -0.86498996 -0.775 -0.96 -0.96 -0.96 -0.95999226 -0.77492873 0.27 0.27 0.27 0.25500091 0.255 0.255 0.255 0.48000329 0.48 0.48 0.48 0.585 0.585 0.585 
0.685 0.68499765 -0.37511247 -0.375 -0.375 -0.375 0.0099180763 0.01 0.01 0.01 -0.38999999 -0.39 -0.39 -0.39 -0.59405381 -0.595 -0.595 -0.595 -0.595 -1.1199997 -1.12 -1.12 -1.2199998 -1.22 -1.22 -1.22 -1.1643282 -0.575 -1.2249734 -1.225 -1.225 -1.225 -1.225 -0.79 -0.79 -0.79 -0.79 -0.79 0.19 0.19 0.19 0.19 0.19 0.80916338 0.81 0.81 0.81 0.48 0.48 0.48 0.58498346 0.585 0.585 
0.685 0.685 0.68675792 0.89499745 0.89499972 0.89413638 0.01 0.01 0.01 0.01 -0.39 -0.39 -0.39 -0.39 -0.39 -0.595 -0.595 -0.595 -1.1199999 -1.12 -1.12 -1.12 -1.22 -1.22 -1.22 -1.22 -1.22 -1.2198635 -1.2247258 -1.225 -1.225 -1.225 -1.2248899 -0.46119706 -0.78965954 -0.79 -0.79 -0.78999999 0.19 0.19 0.19 0.19 0.19 0.81 0.81 0.81 0.81 0.65568555 0.48 0.68271283 0.685 0.31 0.31 
0.685 0.685 0.8949734 0.895 0.895 0.895 0.67021373 0.01 0.01 0.01 -0.39 -0.39 -0.39 -0.39 -0.39 -0.59484281 -0.595 -1.1198461 -1.12 -1.12 -1.12 -1.12 -1.1829544 -1.22 -1.22 -1.22 -1.22 -1.2195006 -0.515 -0.515 -0.515 -0.515 -0.515 -0.21 -0.21 -0.21 -0.21 -0.21 0.595 0.595 0.595 0.595 0.595 0.81086679 0.81000018 0.81 0.81006018 0.81722268 0.685 0.685 0.685 0.3100021 0.31 
0.68500126 1.3566453 0.89500007 0.895 0.895 0.895 0.895 0.010376824 0.01 0.01 -0.39 -0.39 -0.39 -0.39 -0.44866732 -0.45 -0.45 -1.1199828 -1.12 -1.12 -1.12 -1.12 -1.1199999 -1.22 -1.22 -1.22 -1.22 -0.13500039 -0.13500018 -0.21587323 -0.515 -0.515 -0.515 -0.21 -0.21 -0.21 -0.21 -0.20973925 0.595 0.595 0.595 0.595 0.59503256 1.165 1.165 1.165 1.165 1.1649613 0.685 0.685 0.685 0.68499982 0.38389544 
1.37 1.37 1.2688854 0.895 0.895 0.895 0.895 0.895 0.010378446 0.45999999 0.46 0.46 0.45798278 -0.44999991 -0.45 -0.45 -0.45 -0.45 -1.119994 -1.0687138 -0.62 -0.62 -0.62 -0.7679789 -1.1335607 -0.67104049 -0.28076141 -0.135 -0.135 -0.135 -0.135 -0.135 -0.14805894 0.172138 0.175 0.175 0.175 0.175 0.67483755 1.0199992 1.02 1.02 1.02 0.88000084 1.1649999 1.165 1.165 0.565 0.68499808 0.685 0.685 0.385 0.385 
1.37 1.37 1.28 1.28 1.28 0.89512825 0.895 0.895 0.46 0.46 0.46 0.46 0.46 -0.44999996 -0.45 -0.45 -0.45 -0.45 -0.62 -0.62 -0.62 -0.62 -0.62 -0.14000002 -0.14 -0.14 -0.14 -0.135 -0.135 -0.135 -0.135 -0.135 -0.08 -0.08 0.175 0.175 0.175 0.57493188 0.575 1.02 1.02 1.02 1.02 0.88 0.88 0.88 0.565 0.565 0.565 0.525 0.525 0.385 0.385 
1.37 1.37 1.28 1.28 1.28 1.28 1.2799978 0.885 0.46040015 0.46 0.46 0.46 0.46 -0.43864858 -0.45 -0.45 -0.45 -0.45 -0.62 -0.62 -0.62 -0.62 -0.62 -0.14 -0.14 -0.14 -0.14 -0.13999996 -0.135 -0.135 -0.135 -0.080002884 -0.08 -0.08 -0.08 0.175 0.575 0.575 0.575 0.58670878 0.98206462 0.975 0.975 0.88 0.88 0.88 0.565 0.565 0.565 0.525 0.525 0.525 0.71105789 
1.6 1.5999982 1.28 1.28 1.28 1.28 0.885 0.885 0.885 0.46 0.46 0.46 0.46 0.45971711 -0.45 -0.45 -0.45 -0.45 -0.61999655 -0.62 -0.62 -0.61999998 -0.22453296 -0.14 -0.14 -0.14 -0.14 0.054999841 0.055 0.054999998 -0.13295873 -0.08 -0.08 -0.08 -0.079999375 0.57499999 0.575 0.575 0.575 0.575 0.975 0.975 0.975 0.94 0.94 0.94 0.6399927 0.565 0.565 0.525 0.525 0.525 0.74500039 
1.6 1.6 1.28 1.28 1.28 0.885 0.885 0.885 0.885 0.50657841 0.46 0.46 0.46 0.45999701 0.074939582 0.075 0.075 0.075 0.2847221 0.565 0.565 0.565 0.565 -0.14 -0.14 -0.14 -0.13998714 0.055 0.055 0.055 0.055 -0.079927185 0.28841855 0.575 0.575 0.575 0.57660519 1.004991 1.005 1.005 0.97506266 1.055 1.055 0.94 0.94 0.93999873 0.64 0.64 0.755 0.755 0.755 1.065 0.885 
1.6 1.6 1.395 1.395 1.395 0.885 0.885 0.885 0.885 0.17 0.17 0.17 0.17 0.16330513 0.075 0.075 0.075 0.075 0.275 0.565 0.565 0.565 0.565 0.61 0.6099997 -0.13999889 0.055 0.055 0.055 0.055 0.2043512 0.35 0.54822809 0.575 0.575 0.575 1.005 1.005 1.005 1.005 1.055 1.055 1.055 1.0599984 1.06 0.64188787 0.64 0.64 0.75500035 0.755 1.065 1.065 0.885 
1.6 1.395 1.395 1.395 1.395 1.395 0.88092448 0.36 0.36 0.17 0.17 0.17 0.17 0.1699775 0.075 0.075 0.075 0.084036634 0.275 0.275 0.565 0.565 0.61 0.61 0.61 0.61 0.055 0.055 0.055 0.055 0.35 0.35 0.35 0.57477232 0.575 0.575 1.005 1.005 1.005 1.005 1.055 1.055 1.055 1.06 1.06 1.0599878 0.845 0.845 0.84 0.84 1.065 1.065 0.885 
1.3969252 1.395 1.395 1.395 1.395 1.395 0.36 0.36 0.36 0.25830406 0.17 0.17 0.17 0.17000373 0.075 0.075 0.075 0.275 0.275 0.275 0.56498551 0.56500027 0.61 0.61 0.61 0.61 0.05503945 0.055 0.055 0.34993216 0.35 0.35 0.35 0.35 0.57484139 0.84 0.84 0.84285561 1.005 1.005 1.055 1.055 1.0598546 1.06 1.06 0.84500008 0.845 0.845 0.84 0.84 0.925 0.925 0.795 
1.395 1.395 1.395 1.395 1.395 1.395 0.36 0.36 0.36 0.36 0.38999366 0.39 0.39 0.39 0.075001793 0.4115302 0.6 0.6 0.27559914 0.275 0.27500006 0.60999993 0.61 0.61 0.61 0.61 0.60959648 0.055 0.055010083 0.35 0.35 0.35 0.35 0.35 0.84 0.84 0.84 0.84 0.84 0.84000037 0.745 0.745 0.74500008 0.975 0.975 0.975 0.815 0.815 0.7 0.7 0.925 0.92499972 0.795 
1.395 1.395 1.395 1.395 1.395 1.395 0.36 0.36 0.36 0.39 0.39 0.39 0.39 0.39 0.44535549 0.6 0.6 0.6 0.6 0.6 0.58448232 0.61 0.61 0.61 0.61 0.59838163 0.24057979 0.0801926 0.34854521 0.35 0.35 0.35 0.35 0.35000107 0.84 0.84 0.84 0.84 0.84 0.79580622 0.745 0.745 0.745 0.975 0.975 0.975 0.815 0.815 0.7 0.7 0.27500001 0.76631466 0.795 
1.395 1.395 1.395 1.395 1.395 1.3949997 0.36000024 0.36 0.36124517 0.39 0.39 0.39 0.39 0.39 0.40007289 0.6 0.6 0.6 0.6 0.6 0.6 0.29769807 0.24000052 0.24 0.24 0.24 0.24 0.24 0.84113294 0.84999408 0.84999999 0.85 0.85 0.84999999 0.84 0.84 0.84 0.84 0.84 0.74500001 0.745 0.745 0.745 0.7450001 0.97513627 1.06 0.81500003 0.21555294 0.69956628 0.275 0.275 0.26928367 2.7502146e-48 
1.395 1.395 1.395 1.395 1.395 1.3949339 0.36005582 0.36000182 0.38999996 0.39 0.39 0.39 0.39 0.39 0.39399585 0.6 0.6 0.6 0.6 0.6 0.6 0.24 0.24 0.24 0.24 0.24 0.24 0.24 0.84983161 0.85 0.85 0.85 0.85 0.85 0.84726 0.84 0.84 0.84 0.84 0.745 0.745 0.745 0.745 0.74508069 1.06 1.06 1.0546413 0.205 0.205 0.275 0.275 7.012353e-13 -3.5504669e-79 
1.395 1.395 1.395 1.395 1.395 1.3936197 0.36122944 0.3866147 0.39 0.39 0.39 0.39 0.39 0.39 0.39367641 0.6 0.6 0.6 0.6 0.6 0.54874254 0.24 0.24 0.24 0.24 0.24 0.24 0.24 0.84999755 0.85 0.85 0.85 0.85 0.85 0.85 0.6845245 0.4428337 0.31068142 0.2905503 0.67429347 0.74499998 0.745 0.745 1.0599748 1.06 1.0531951 -0.079998638 0.205 0.205 -0.41503707 -0.415 -0.415 -1.8813378e-07 
1.395 1.395 1.395 1.395 1.3949989 1.3863685 0.36984488 0.38999175 0.39 0.39 0.39 0.39 0.39 0.39 0.39490382 0.6 0.6 0.6 0.6 0.6 0.24000155 0.24 0.24 0.24 0.24 0.24 0.24 0.24 0.84999983 0.85 0.85 0.85 0.85 0.85 0.84999989 0.28 0.28 0.28 0.28 -0.355 -0.355 -0.355 -0.355 -0.079996699 -0.08 -0.08 -0.08 -0.080005427 -0.585 -0.585 -0.415 -0.415 -0.72433418 
1.395 1.395 1.395 1.3949999 1.3949711 1.3669149 0.38972407 0.38999961 0.39 0.39 0.39 0.39 0.39 0.39 0.3971287 0.59999991 0.6 0.6 0.6 0.59783332 0.24 0.24 0.24 0.24 0.24 0.24 0.24 0.24 0.84999986 0.85 0.85 0.85 0.85 0.85 0.28000052 0.28 0.28 0.28 0.28 -0.355 -0.355 -0.355 -0.355 -0.28077868 -0.08 -0.08 -0.08 -0.58499435 -0.585 -0.585 -0.86 -0.86 -0.86 
1.395 1.395 1.395 1.3949977 1.3947168 1.2911369 0.39009971 0.3899999 0.39 0.39 0.39 0.39 0.39 0.39000001 0.40014254 0.59999506 0.6 0.6 0.59999959 0.24729417 0.24 0.24 0.24 0.24 0.24 0.24 0.24 0.24 0.84999943 0.85 0.85 0.85 0.85 0.46567795 0.28000001 0.28 0.28 0.28 0.28 -0.355 -0.355 -0.355 -0.355 -0.355 -0.08 -0.08 -0.08 -0.58499999 -0.585 -0.585 -0.86 -0.86 -0.86 
1.395 1.3949999 1.394999 1.3949723 1.3933098 0.80888126 0.39004334 0.38999994 0.39 0.39 0.39 0.39 0.39 0.39000039 0.40372576 0.59992331 0.6 0.59999999 0.59813611 0.24003061 0.24 0.24 0.24 0.24 0.24 0.24 0.24 0.24000036 0.84999618 0.85 0.84999963 0.37115389 0.325 0.325 0.325 0.28 0.28 0.28 0.28 -0.355 -0.355 -0.355 -0.355 -0.355 -0.080004875 -0.08 -0.080000247 -0.58499996 -0.585 -0.58500015 -0.86 -0.86 -0.86 
