interpolatedSpi/03-03|22_1.tif
NCOLS 53
NROWS 52
XLLCORNER -116.03883
YLLCORNER 28.596182
DX 0.49850594
DY 0.49788537
NODATA_VALUE -9999
0.69 0.69 0.48400428 0.115 1.595 0.685 0.645 1.055 0.91416721 1 0.585 0.425 0.575021 0.83 1.415 1.415 1.415 0.79 0.735 0.735 0.735 0.73499706 0.43 0.675 0.675 0.675 0.57499393 0.575 0.575 0.305 0.305 0.305 0.305 6.1077376e-08 4.3515387e-26 1.3145799e-44 2.0758369e-71 6.9138744e-41 5.2989322e-20 -1.5878202e-08 -0.59360528 -0.60028974 -1.74 -1.74 -1.74 -1.74 -1.7406615 -2.145 -2.145 -2.145 0.33499485 0.335 0.335 
0.68996979 0.01 0.079999943 0.14736094 0.25996418 0.97 0.885 0.6451866 0.5 0.3 0.315 0.575 0.575 0.35658387 0.82999943 1.415 0.79 0.79 0.73507171 0.735 0.735 0.735 0.66026161 0.675 0.675 0.675 0.80499999 0.805 0.305 0.305 0.305 0.305 0.305 4.440394e-08 6.2683792e-18 2.7041541e-33 2.4577925e-63 2.6752191e-25 7.1019491e-08 0.11401469 0.64499285 -1.4505989 -1.74 -1.74 -1.74 -1.74 -1.74 -2.145 -2.145 -2.145 -1.939356 0.335 0.335 
0.48000214 0.48 0.03 0.72 -0.14 -0.13 0.215 0.27 -0.26 0.17 0.275 -0.305 0.155 0.285 0.355 0.09 0.79 0.79 0.79 0.19515698 0.195 0.195 0.395 0.675 0.675 0.675 0.805 0.805 0.805 0.305 0.305 0.30499996 -0.10900406 0.0014697857 0.0090286282 0.96111143 0.97 0.97 0.92912357 0.645 0.645 0.64195019 -1.74 -1.74 -1.74 -1.74 -1.74 -2.145 -2.145 -2.145 -2.145 0.335 0.335 
-0.21 0.47999986 -0.1899954 1.36 -0.12 -0.16 -0.235 -0.46 0.34 0.13872353 -0.025 -0.105 -0.315 0.285 0.165 0.09 -0.063814103 -0.064400938 0.065 0.195 0.195 -0.105 0.395 0.395 0.675 0.67500065 0.805 0.805 0.805 0.065 -0.27518019 -0.555 -0.555 -0.5549988 0.97 0.97 0.97 0.97 0.645 0.645 0.645 0.64499991 -1.74 -1.74 -1.74 -1.74 -1.74 -2.1449949 -2.145 -2.145 -2.145 0.33498824 0.335 
-0.21 0.36999897 -0.19 -0.073875067 -0.12 -0.17 0.20997618 -0.315 -0.055 0.070000046 0.0055007284 -0.019945569 0.36 0.165 0.165 0.11238238 -0.065 -0.065 0.065 0.065 0.19499938 -0.105 -0.105 0.085 -0.29 -0.29004065 0.805 0.805 0.065000001 0.065 -0.555 -0.555 -0.555 -0.42771313 0.97 0.97 0.97 0.645 0.645 0.645 0.645 0.64503716 -1.74 -1.74 -1.74 -1.74 -1.74 -1.743605 -2.145 -2.1449049 -0.025 -0.025 -0.025 
-1.4 -0.29 0.31000001 0.125 -0.285 0.175 -0.015 -0.053408592 -0.03 -0.26 -0.4 -0.08 -0.07999971 0.29 0.29 0.36501931 0.365 0.365 0.365 0.065000573 -0.27 -0.27 0.085 -0.29 -0.29 -0.465 -0.175 -0.175 -0.044990653 0.065 -0.555 -0.555 0.12 0.11997388 -0.12998198 0.2 0.2 0.50732909 0.645 0.645 1.0295198 1.03 1.0300005 -0.15350917 -0.12517849 -0.12500043 -0.12500006 -0.12500061 -0.065273535 -0.025 -0.025 -0.025 -0.025 
-0.23500603 -0.765 -0.64045031 -0.555 -0.095 -0.45 -0.21999999 -0.595 -0.215 -0.215 -0.4 0.355 -0.34499993 0.29 0.44499954 0.445 0.365 0.78 0.715 0.715 -0.39724152 -0.54 -0.54 -0.24 -0.465 -0.465 -0.175 -0.175 -0.045027973 -0.045515001 -0.16112446 0.12 0.12 -0.13 -0.13 0.49410562 0.2 0.2 0.87997643 1.0299998 1.03 1.03 1.0300019 -0.12499763 -0.125 -0.125 -0.125 -0.12499993 -3.3345823e-13 -0.024995046 -0.025 -0.025 -0.025 
-0.235 -0.02 -0.405 -0.61 -0.17502494 -0.365 -0.39 -0.67999999 0.06 -0.375 -0.375 -0.11 -0.345 -0.345 0.43957987 0.49509163 0.5 0.64 -0.1599991 0.715 0.0060435095 0.085 -0.3 0.2 0.19999142 -0.465 -0.395 -0.39499992 -0.52331801 -0.52499999 -0.16 -0.36045543 -0.38 -0.13 -0.1134577 0.74 0.74 0.88 0.88 1.03 1.03 1.03 0.30550482 0.29999998 -0.125 -0.125 -0.125 -4.7580189e-06 -3.6223025e-30 -3.4221241e-22 -0.025 -0.025 -0.025 
-0.16716407 -0.020000003 0.23 -0.11 -0.525 -0.63 -0.01 0.195 -0.225 0.24548819 0.135 -0.595 -0.595 -0.07 -0.070005877 0.051254188 0.05 0.05 0.51787878 -0.52000007 -0.845 -0.84499999 1.21 0.29506617 -0.39798556 -0.465 0.11 -0.395 0.33572891 0.34 -0.355 0.26 0.1265297 -0.16 0.45 0.52 0.825 0.15 0.85967215 1.0311383 1.285 1.09 0.30006676 0.3 0.29760787 -0.125 -0.76999997 -6.8089152e-09 -1.0037615e-80 -4.9169467e-41 2.4487171e-09 0.072738337 0.04 
-0.99 -0.99 -0.025 -0.2 -0.55 -0.725 -0.25 -0.48 -0.035 0.36485674 -0.225 1.2 -0.07 -0.07 -0.695 -0.68478199 0.05 0.049938992 -0.23 -0.52 -0.52 -0.56187092 1.21 1.050003 1.05 1.05 0.11 -0.85 -0.85 0.34 0.34 0.2594974 -0.005 -0.16 0.17 0.52 0.825 0.245 0.86 0.88459481 1.09 0.95041103 0.71 0.3 0.3 -0.77 -0.77 -0.77 -1.0294949e-39 1.6184262e-20 0.76 0.76 0.75999973 
-0.99 -0.99 0.115 -0.375 -1.035 -0.405 -0.98999998 0.35417428 -0.105 0.025 -0.34 -0.275 1.1980345 -0.695 -0.695 -0.69493251 -0.11 -0.11629816 -0.23 -0.35 -0.35 -0.795 -0.795 1.05 1.05 1.05 -0.85 -0.85 -0.85 -0.01 -0.01 -0.0099999918 0.145 0.145 0.085 -0.08 0.5 0.72499953 0.63 0.885 0.885 0.41500097 0.71 0.3 -0.089999744 0.155 0.5841428 0.59 0.915 0.915 0.76 0.76 0.76 
-0.99 -0.5129552 -0.094100477 -0.6899936 -0.48 -1.21 -0.99 0.355 -0.10499616 0.023559758 -0.27499961 -0.275 -0.135 -0.695 -0.695 -0.11000002 -0.11 -0.11000683 -0.23 -0.35 -0.43738895 -0.795 -0.795 1.0499254 1.05 0.32517337 -1.155 -1.155 -1.155 -0.01 -0.01 -0.77 -0.77 0.14499984 0.085 0.12000016 0.52725987 0.725 0.725 0.88499998 0.415 0.415 0.41499639 -0.09 -0.09 0.155 0.59 0.59 0.915 0.915 0.76 0.76 0.76 
-0.27 -0.038867891 -0.045011829 -0.049671511 -0.48000377 -1.2099828 -0.99000001 0.33844382 -0.073301296 -0.10160535 -0.135 -0.135 -0.135 -0.135 -0.69492067 -0.11 -0.11 -0.11154939 -0.23 -0.35021189 -1.085 -1.085 -1.085 -1.085 1.0120254 -1.155 -1.155 -1.155 -1.155 -1.1542616 -0.77 -0.77 -0.77 -0.77 0.12 0.12 0.12 0.69576468 0.71962996 0.01 0.01 0.41497822 0.3949834 -0.089953286 -0.09 0.155 0.59 0.59 0.915 0.915 0.76056232 0.76 1.8717325 
-0.27 -0.045 -0.045 -0.045 -0.045 -0.045000486 -0.99056301 -0.35365573 0.011267895 -0.13496449 -0.135 -0.135 -0.135 -0.135 -0.13500032 -0.11000001 -0.11000002 -0.11823118 -0.2300011 -1.085 -1.085 -1.085 -1.085 -1.085 -1.0790556 -0.97235827 -0.90000005 -0.9 -0.9 -0.9 -0.77 -0.77 -0.77000035 -1.06 -1.06 0.12 -0.51678558 -0.535 0.0099996849 0.01 0.01 0.01 0.395 0.395 0.395 0.39332982 0.76377104 0.765 0.765 0.765 0.765 0.90499997 0.905 
-0.635 -0.045 -0.045 -0.045 -0.045 -0.045 -0.045000062 -0.80323411 -0.55693745 -0.56 -0.56 -0.56 -0.56 -0.56 -0.56 -0.54524955 -0.11691391 -0.12643218 -1.0848925 -1.085 -1.085 -1.085 -1.085 -1.0849994 -0.81 -0.81 -0.81000013 -0.9 -0.9 -0.89963956 -0.72 -0.72 -1.06 -1.06 -1.06 -0.61909917 -0.535 -0.535 -0.535 0.01 0.01 0.01 0.395 0.395 0.395 0.395 0.76499999 0.765 0.765 0.765 0.765 0.905 0.905 
-0.635 -0.4153497 -0.045 -0.045 -0.045 -0.045 -1.124788 -1.125 -1.125 -0.56 -0.56 -0.56 -0.56 -0.56 -0.5566909 -0.545 -0.545 -0.545 -0.56159853 -0.56000054 -0.56 -0.56 -0.56 -0.56 -0.81 -0.81 -0.81 -0.81 -0.9 -0.72 -0.72 -0.72 -1.06 -1.06 -1.06 -0.27 -0.53464913 -0.535 -0.535 0.0099173987 -0.15454389 -0.53835617 0.395 0.395 0.18564807 0.185 0.185 0.76441432 0.41124056 0.41000003 0.41000007 0.71002944 0.9049996 
-0.635 -1.2188856 -0.64719478 -0.045 -0.045 -1.1243619 -1.125 -1.125 -1.125 -1.1209284 -0.56 -0.56 -0.56 -0.56 -0.545 -0.545 -0.545 -0.545 -0.5599866 -0.56 -0.56 -0.56 -0.56 -0.56 -0.80999999 -0.81 -0.81 -0.81 -0.80967264 -0.72 -0.72 -0.72 -0.83 -1.0599141 -0.27 -0.27 -0.27 -0.27106402 -0.53967791 -0.54 -0.54 -0.54 -0.005 -0.005 0.185 0.185 0.185 0.41 0.41 0.41 0.41 0.71 0.71 
-1.2345708 -1.235 -1.235 -1.235 -1.23 -1.1250027 -1.125 -1.125 -1.125 -1.125 -0.62435217 -0.56001108 -0.56000002 -0.545 -0.545 -0.545 -0.545 -0.545 -0.54996362 -0.56 -0.56 -0.56 -0.56 -0.56 -0.8702667 -1.179998 -1.18 -1.18 -1.18 -0.72000001 -0.83 -0.83 -0.83 -0.83 -0.27 -0.2700025 -0.365 -0.365 -0.53781486 -0.54 -0.54 -0.54 -0.005 -0.005 0.15558146 0.185 0.185 0.41 0.41 0.41 0.41321678 0.71 0.71 
-1.235 -1.235 -1.235 -1.2326454 -1.23 -1.23 -1.125 -1.125 -1.125 -1.125 -1.41 -1.41 -1.41 -0.545 -0.545 -0.545 -0.545 -0.54497356 -0.605 -0.605 -0.56000002 -0.56 -0.56535607 -0.78 -0.78360102 -1.18 -1.18 -1.18 -1.18 -0.83003564 -0.83 -0.83 -0.83 -0.83 -0.36499967 -0.365 -0.365 -0.365 -0.36565401 -0.54 -0.54 -0.54 -0.005 -0.005 -0.005 0.185 0.185 0.40999999 0.41 0.41 0.71 0.71 0.71 
-1.235 -1.235 -1.235 -1.23 -1.23 -1.23 -1.2299998 -1.125 -1.125 -1.4097058 -1.41 -1.41 -1.41 -1.4094611 -0.41549241 -0.385 -0.385 -0.385 -0.605 -0.605 -0.605 -0.78 -0.78 -0.78 -0.77996358 -0.90200212 -1.18 -1.18 -1.18 -0.98848047 -1.0149818 -1.015 -1.015 -1.015 -0.64405972 -1.0349985 -1.035 -1.035 -1.035 -0.6649829 -0.665 -0.665 -0.005 -0.005 -0.21499912 -0.21500001 -0.23 -0.23 -0.025 -0.025 -0.025 0.71 0.1654873 
-1.235001 -1.235 -1.235 -1.23 -1.23 -1.23 -1.23 -1.4249999 -1.1261995 -1.4110065 -1.41 -1.41 -1.41 -1.4079887 -0.385 -0.385 -0.385 -0.38500006 -0.605 -0.605 -0.605 -0.78 -0.78 -0.78 -0.65 -0.65 -0.81 -0.81 -0.81 -0.81111834 -1.015 -1.015 -1.015 -1.015 -1.0249945 -1.035 -1.035 -1.035 -1.035 -0.665 -0.665 -0.665 -0.65084128 -0.215 -0.215 -0.215 -0.23 -0.23 -0.025 -0.025 -0.025 0.16499999 0.165 
-1.55 -1.4110115 -1.725 -1.7248564 -1.23 -1.4238717 -1.425 -1.425 -1.5379574 -2.52 -2.52 -2.52 -2.52 -0.28007292 -0.28 -0.38499992 -0.385 -0.39079668 -0.605 -0.605 -0.605 -0.66 -0.66 -0.66 -0.65 -0.65 -0.81 -0.81 -0.81 -0.81000033 -1.2649984 -1.2649993 -1.0212834 -1.015268 -0.90512738 -0.905 -0.905 -0.905 -0.905 -0.665 -0.665 -0.665 -0.23977842 -0.215 -0.215 -0.21500008 -0.23 -0.23 -0.22999262 -0.025 -0.024994858 0.09 0.165 
-1.5100076 -1.51 -1.725 -1.725 -1.725 -1.425 -1.425 -1.425 -1.735 -1.735 -2.52 -2.52 -2.52 -0.28 -0.28 -0.28 -0.28 -0.28003647 -0.605 -0.605 -0.605 -0.66 -0.66 -0.66 -0.65 -0.65 -0.81 -0.81 -0.81 -1.2598698 -1.265 -1.265 -1.265 -1.265 -0.90517764 -0.905 -0.905 -0.905 -0.905 -0.68 -0.68 -0.68 -0.68 -0.21500364 -0.69 -0.69 -0.69 -0.02 -0.02 -0.02 0.09 0.09 0.09 
-1.51 -1.51 -1.725 -1.725 -1.725 -1.4265769 -1.425 -1.735 -1.735 -1.735 -2.5199034 -2.52 -1.662019 -0.28000027 -0.28 -0.28 -0.28 -0.52 -0.52 -0.52 -0.050000014 -0.050000453 -0.65999703 -0.66 -0.65984898 -0.41 -0.41 -0.41000095 -0.80993536 -1.1400249 -1.1400007 -1.1400218 -1.2647864 -1.2648921 -0.96903682 -0.90500011 -0.90597186 -1.195 -1.195 -0.68 -0.68 -0.68 -0.68 -0.69 -0.69 -0.69 -0.69 -0.02 -0.02 -0.02 0.09 0.09 0.09 
-1.51 -1.51 -1.725 -1.725 -1.725 -1.725 -1.5410239 -1.735 -1.735 -1.735 -1.7348536 -1.47 -1.47 -1.47 -0.28701294 -0.28 -0.5184007 -0.52 -0.52 -0.52 -0.05 -0.05 -0.05 -0.05 -0.41 -0.41 -0.41 -0.41 -0.41 -1.14 -1.14 -1.14 -1.14 -1.1400002 -1.23 -1.195 -1.195 -1.195 -1.195 -1.1949983 -0.75 -0.75 -0.75 -0.60193911 -0.295 -0.295 -0.295 -0.020000008 -0.020000257 -0.285 -0.285 0.31994405 0.32 
-1.51 -1.51 -1.6474001 -1.725 -1.725 -1.725 -1.0462244 -1.7328255 -1.735 -1.735 -1.4699999 -1.47 -1.47 -1.47 -1.47 -1.3723182 -0.52 -0.52 -0.52 -0.52 -0.050003636 -0.05 -0.05 -0.05 -0.41 -0.41 -0.41 -0.41 -0.41 -0.92200786 -1.14 -1.14 -1.14 -1.23 -1.23 -1.2299728 -1.195 -1.195 -0.98677195 -0.82500003 -0.75 -0.75 -0.75 -0.60394322 -0.295 -0.295 -0.295 -0.05 -0.28207192 -0.285 -0.285 0.32 0.32 
-0.96 -0.96 -0.96 -1.5331935 -1.7236313 -1.045 -1.045 -1.045 -1.045 -1.14 -1.14 -1.47 -1.47 -1.47 -1.47 -1.4699397 -0.52 -0.52 -0.52 -0.52 -0.25509275 -0.05 -0.05 -0.037438199 0.39259575 -0.41 -0.41 -0.41 -0.845 -0.845 -0.845 -0.84500124 -1.23 -1.23 -1.23 -1.23 -0.825 -0.825 -0.825 -0.825 -0.31 -0.31 -0.31 -0.3299996 -0.33 -0.33 -0.32999999 -0.05 -0.05 -0.28471367 -0.285 0.32000199 0.32 
-0.96 -0.96 -0.96 -0.95999085 -0.79 -0.82708119 -1.045 -1.045 -1.045 -1.14 -1.14 -1.14 -0.25500005 -0.255 -0.255 -0.25500002 -0.51973439 -0.52 -0.52 -0.52 -0.51284692 0.42999868 0.43 0.43 0.43 0.42999999 0.195 0.195 -0.845 -0.845 -0.845 -0.845 -1.2299998 -1.23 -1.23 -1.2299723 -0.825 -0.825 -0.825 -0.82469292 -0.31 -0.31 -0.31 -0.32999907 -0.33 -0.33 -0.33 -0.05 -0.05 -0.049999898 0.715 0.715 1.015 
-0.96 -0.96 -0.96 -0.79000039 -0.79 -0.79 -1.0449999 -1.045 -1.045 -1.14 -1.14 -1.14 -0.255 -0.255 -0.255 -0.26413915 -0.375 -0.375 -0.37500037 -0.51918099 0.43 0.43 0.43 0.43 0.43 0.42982315 0.195 0.195 0.195 -0.845 -0.845 -0.84494207 -0.89 -0.89 -0.89 -0.595 -0.595 -0.755 -0.755 -0.755 -0.31 -0.31 -0.30999746 0.03 0.03 0.016356409 -0.32999857 -0.049999999 -0.05 0.715 0.715 0.715 1.015 
-0.96 -0.96 -0.96 -0.79 -0.79 -0.79 -0.79 -1.045 -1.045 -1.14 -1.14 -0.29038724 -0.255 -0.255 -0.255 -0.375 -0.375 -0.375 -0.375 -0.375 0.43 0.43 0.43 0.43 0.43 0.1950008 0.195 0.195 0.195 -0.755 -0.755 -0.755 -0.89 -0.89 -0.89 -0.595 -0.595 -0.755 -0.755 -0.31 -0.31 -0.31 0.03 0.03 0.03 0.03 0.083806504 0.685 0.685 0.685 0.71500001 1.09 1.09 
-0.96 -0.96 -0.95976327 -0.79 -0.79 -0.79 -0.79 -0.68527871 -0.68 -0.68078976 -1.14 -0.25500503 -0.255 -0.255 -0.25500042 -0.375 -0.375 -0.375 -0.375 -0.375 0.29568641 0.43 0.43 0.43 0.43002575 0.19502025 0.195 0.195 0.195 -0.755 -0.755 -0.755 -0.75501666 -0.89 -0.595 -0.595 -0.595 -0.59500638 -0.75496965 -0.31 -0.31 -0.31 0.029979359 0.03 0.03 0.03 0.68499929 0.685 0.685 0.685 1.09 1.09 1.09 
-0.835 -0.83500022 -0.790091 -0.79 -0.79 -0.79 -0.68002341 -0.68 -0.68 -0.68 -0.31500001 -0.315 -0.315 -0.315 -0.37472307 -0.375 -0.375 -0.375 -0.375 0.2899996 0.29 0.29 0.55499998 0.555 0.555 0.555 0.52392737 0.195 -0.40997522 -0.41 -0.41 -0.41 -0.41 -0.315 -0.315 -0.315 -0.315 -0.315 0.205 0.205 0.205 0.205 0.205 0.61911062 0.62 0.62 0.62 0.685 0.685 0.685 1.0899362 1.09 1.09 
-0.835 -0.835 -0.8335348 -0.66000026 -0.66000003 -0.66001959 -0.68 -0.68 -0.68 -0.68 -0.315 -0.315 -0.315 -0.315 -0.315 -0.375 -0.375 -0.375 0.28999983 0.29 0.29 0.29 0.555 0.555 0.555 0.555 0.555 0.55492286 -0.40997683 -0.41 -0.41 -0.41 -0.40999069 -0.13359148 -0.31481216 -0.315 -0.315 -0.315 0.205 0.205 0.205 0.205 0.205 0.62 0.62 0.62 0.62 0.65039527 0.685 1.1151467 1.12 1.165 1.165 
-0.835 -0.835 -0.66002217 -0.66 -0.66 -0.66 -0.66507992 -0.68 -0.68 -0.68 -0.315 -0.315 -0.315 -0.315 -0.315 -0.37495397 -0.375 0.28980503 0.29 0.29 0.29 0.29 0.45682903 0.555 0.555 0.555 0.555 0.55435909 -0.35 -0.35 -0.35 -0.35 -0.35 0.005 0.005 0.005 0.005 0.005 0.235 0.235 0.235 0.235 0.235 0.61991454 0.61999998 0.62 0.61999407 0.61935814 1.12 1.12 1.12 1.1649997 1.165 
-0.83500023 -0.957563 -0.66000004 -0.66 -0.66 -0.66 -0.66 -0.67999148 -0.68 -0.68 -0.315 -0.315 -0.315 -0.315 -0.32966683 -0.33 -0.33 0.28998404 0.29 0.29 0.29 0.29 0.28999993 0.555 0.555 0.555 0.555 -0.26000006 -0.26000004 -0.27915419 -0.35 -0.35 -0.35 0.005000002 0.005 0.005 0.005 0.0051930258 0.235 0.235 0.235 0.235 0.23500498 0.585 0.585 0.585 0.585 0.58504315 1.12 1.12 1.12 1.1199997 0.59354191 
-0.96 -0.96 -0.88381806 -0.66 -0.66 -0.66 -0.66 -0.66 -0.67999071 -0.365 -0.365 -0.365 -0.36488134 -0.32999998 -0.33 -0.33 -0.33 -0.33 0.28999592 0.25512535 -0.05 -0.05 -0.05 0.099510326 0.4733629 0.036538242 -0.33193885 -0.26 -0.26 -0.26 -0.26 -0.26 -0.26318654 0.28388321 0.29 0.29 0.29 0.29 0.24721045 0.29999988 0.3 0.3 0.3 0.42000048 0.58499996 0.585 0.585 0.48 1.1199897 1.12 1.12 0.585 0.585 
-0.96 -0.96 -0.82 -0.82 -0.82 -0.6600533 -0.66 -0.66 -0.365 -0.365 -0.365 -0.365 -0.365 -0.33 -0.33 -0.33 -0.33 -0.33 -0.05 -0.05 -0.05 -0.05 -0.05 -0.46499998 -0.465 -0.465 -0.465 -0.26 -0.26 -0.26 -0.26 -0.26 -0.255 -0.255 0.29 0.29 0.29 0.19001703 0.19 0.3 0.3 0.3 0.30000001 0.42 0.42 0.42 0.48 0.48 0.48 0.315 0.315 0.585 0.585 
-0.96 -0.96 -0.82 -0.82 -0.82 -0.82 -0.81999833 -0.515 -0.36514123 -0.365 -0.365 -0.365 -0.365 -0.33043659 -0.33 -0.33 -0.33 -0.33 -0.050000006 -0.05 -0.05 -0.05 -0.05 -0.465 -0.465 -0.465 -0.465 -0.4649992 -0.26 -0.26 -0.26 -0.25500026 -0.255 -0.255 -0.255 0.29 0.19 0.19 0.19 0.19289431 0.33793538 0.345 0.345 0.42 0.42 0.42 0.48 0.48 0.48 0.315 0.315 0.315 0.62122865 
-0.78 -0.78000141 -0.82 -0.82 -0.82 -0.82 -0.515 -0.515 -0.515 -0.365 -0.365 -0.365 -0.365 -0.36498912 -0.33 -0.33 -0.33 -0.33 -0.050004958 -0.05 -0.05 -0.050000001 -0.39189102 -0.465 -0.465 -0.465 -0.465 -0.78499974 -0.785 -0.78499999 -0.26563447 -0.255 -0.255 -0.255 -0.25499993 -0.185 0.19 0.19 0.19 0.19 0.345 0.345 0.345 0.385 0.385 0.385 0.44500341 0.48 0.48 0.315 0.315 0.315 0.62499965 
-0.78 -0.78 -0.82 -0.82 -0.82 -0.515 -0.515 -0.515 -0.515 -0.381444 -0.365 -0.365 -0.365 -0.36500181 -0.92993095 -0.93 -0.93 -0.93 -0.12500086 -0.11 -0.11 -0.11 -0.11 -0.465 -0.465 -0.465 -0.46502111 -0.785 -0.785 -0.785 -0.785 -0.25504571 -0.21562702 -0.185 -0.185 -0.185 0.18928947 3.9557831e-06 2.3242956e-16 5.6365515e-13 0.3450235 0.375 0.375 0.385 0.385 0.38500025 0.445 0.445 0.655 0.655 0.655 0.435 0.5 
-0.78 -0.78 -0.56 -0.56 -0.56 -0.515 -0.515 -0.515 -0.515 -0.415 -0.415 -0.415 -0.415 -0.45129326 -0.93 -0.93 -0.93 -0.93 -0.125 -0.11 -0.11 -0.11 -0.11 -0.83 -0.82999986 -0.46500054 -0.785 -0.785 -0.785 -0.785 -0.71159009 -0.64 -0.23913876 -0.185 -0.185 -0.185 -9.9448613e-14 1.659981e-54 1.8776943e-90 4.1217036e-29 0.375 0.375 0.375 0.47496847 0.475 0.44513485 0.445 0.445 0.65499862 0.655 0.435 0.435 0.5 
-0.78 -0.56 -0.56 -0.56 -0.56 -0.56 -0.5152717 -0.55 -0.55 -0.415 -0.415 -0.415 -0.415 -0.41512197 -0.93 -0.93 -0.93 -0.89362755 -0.125 -0.125 -0.11 -0.11 -0.83 -0.83 -0.83 -0.83 -0.785 -0.785 -0.785 -0.785 -0.64 -0.64 -0.64 -0.18546042 -0.185 -0.185 -1.9429296e-16 -1.9901792e-40 -1.1173892e-52 5.0543114e-24 0.375 0.375 0.375 0.475 0.475 0.47499943 0.465 0.465 0.375 0.375 0.435 0.435 0.5 
-0.56206607 -0.56 -0.56 -0.56 -0.56 -0.56 -0.55 -0.55 -0.55 -0.47774236 -0.415 -0.415 -0.415 -0.41500869 -0.93 -0.93 -0.93 -0.125 -0.125 -0.125 -0.11000075 -0.1100044 -0.83 -0.83 -0.83 -0.83 -0.7850032 -0.785 -0.785 -0.64003335 -0.64 -0.64 -0.64 -0.64 -0.18645673 -0.435 -0.435 -0.42747157 -1.2889592e-11 -7.5432193e-16 0.37499967 0.375 0.47209248 0.475 0.475 0.465 0.465 0.465 0.375 0.375 0.46 0.46 0.44 
-0.56 -0.56 -0.56 -0.56 -0.56 -0.56 -0.55 -0.55 -0.55 -0.55 -0.74499049 -0.745 -0.745 -0.745 -0.92999848 -0.6255203 -0.455 -0.455 -0.12560835 -0.125 -0.125 -0.82999895 -0.83 -0.83 -0.83 -0.83 -0.82996728 -0.785 -0.78499504 -0.64 -0.64 -0.64 -0.64 -0.64 -0.435 -0.435 -0.435 -0.435 -0.435 -0.43499693 0.21 0.21 0.21000009 0.48 0.48 0.48 0.34 0.34 0.14 0.14 0.46 0.45999996 0.44 
-0.56 -0.56 -0.56 -0.56 -0.56 -0.56 -0.55 -0.55 -0.55 -0.745 -0.745 -0.745 -0.745 -0.745 -0.6685567 -0.455 -0.455 -0.455 -0.455 -0.455 -0.43924359 -0.82999999 -0.83 -0.83 -0.83 -0.83643721 -1.0346788 -0.81904084 -0.64071506 -0.64 -0.64 -0.64 -0.64 -0.63999955 -0.435 -0.435 -0.435 -0.435 -0.435 -0.1349475 0.21 0.21 0.21 0.48 0.48 0.48 0.34 0.34 0.14 0.14 -0.039999996 0.41352121 0.44 
-0.56 -0.56 -0.56 -0.56 -0.56 -0.56 -0.55 -0.55 -0.55809359 -0.745 -0.745 -0.745 -0.745 -0.745 -0.73108981 -0.455 -0.455 -0.455 -0.455 -0.455 -0.455 -1.0018365 -1.0349997 -1.035 -1.035 -1.035 -1.035 -1.035 -1.0592265 -1.059995 -1.06 -1.06 -1.06 -1.0599995 -0.435 -0.435 -0.435 -0.435 -0.435 0.20999992 0.21 0.21 0.21 0.21000012 0.47948697 0.16 0.33999998 0.10415198 0.13996495 -0.04 -0.04 -0.035323005 0.185 
-0.56 -0.56 -0.56 -0.56 -0.56 -0.55999936 -0.55000054 -0.5500118 -0.74499975 -0.745 -0.745 -0.745 -0.745 -0.745 -0.73948192 -0.455 -0.455 -0.455 -0.455 -0.455 -0.455 -1.035 -1.035 -1.035 -1.035 -1.035 -1.035 -1.035 -1.0599931 -1.06 -1.06 -1.06 -1.06 -1.06 -0.88875006 -0.435 -0.435 -0.435 -0.435 0.21 0.21 0.21 0.21 0.20998719 0.16 0.16 0.15962395 0.1 0.1 -0.04 -0.04 0.185 0.185 
-0.56 -0.56 -0.56 -0.56 -0.56 -0.55998666 -0.55001736 -0.72299552 -0.745 -0.745 -0.745 -0.745 -0.745 -0.745 -0.73992305 -0.455 -0.455 -0.455 -0.455 -0.455 -0.53758146 -1.035 -1.035 -1.035 -1.035 -1.035 -1.035 -1.035 -1.0599999 -1.06 -1.06 -1.06 -1.06 -1.06 -1.06 -0.41558252 -0.38535421 -0.36883518 -0.36631517 0.1858955 0.20999999 0.21 0.21 0.16000399 0.16 0.15617972 -0.47999723 0.1 0.1 -0.26005343 -0.26 -0.26 0.1849998 
-0.56 -0.56 -0.56 -0.56 -0.55999999 -0.55991669 -0.56692919 -0.74494638 -0.745 -0.745 -0.745 -0.745 -0.745 -0.745 -0.73822805 -0.455 -0.455 -0.455 -0.455 -0.455 -1.0349975 -1.035 -1.035 -1.035 -1.035 -1.035 -1.035 -1.035 -1.06 -1.06 -1.06 -1.06 -1.06 -1.06 -1.0599999 -0.365 -0.365 -0.365 -0.365 -0.165 -0.165 -0.165 -0.165 -0.47999815 -0.48 -0.48 -0.48 -0.48000011 -0.505 -0.505 -0.26 -0.26 -0.24898691 
-0.56 -0.56 -0.56 -0.56 -0.55999972 -0.55981707 -0.73163948 -0.74499745 -0.745 -0.745 -0.745 -0.745 -0.745 -0.745 -0.73515561 -0.45500012 -0.455 -0.455 -0.455 -0.45849077 -1.035 -1.035 -1.035 -1.035 -1.035 -1.035 -1.035 -1.035 -1.06 -1.06 -1.06 -1.06 -1.06 -1.06 -0.36500064 -0.365 -0.365 -0.365 -0.365 -0.165 -0.165 -0.165 -0.165 -0.25001715 -0.48 -0.48 -0.48 -0.50499972 -0.505 -0.505 -0.245 -0.245 -0.245 
-0.56 -0.56 -0.56 -0.55999998 -0.55999774 -0.56812715 -0.74427657 -0.74499936 -0.745 -0.745 -0.745 -0.745 -0.745 -0.74499998 -0.73099363 -0.45500682 -0.455 -0.455 -0.45500066 -1.0232483 -1.035 -1.035 -1.035 -1.035 -1.035 -1.035 -1.035 -1.035 -1.06 -1.06 -1.06 -1.06 -1.06 -1.0014363 -0.36500019 -0.365 -0.365 -0.365 -0.365 -0.165 -0.165 -0.165 -0.165 -0.165 -0.48 -0.48 -0.48 -0.505 -0.505 -0.505 -0.245 -0.245 -0.245 
-0.56 -0.56 -0.55999999 -0.55999977 -0.5600367 -0.65890787 -0.74487378 -0.74499961 -0.745 -0.745 -0.745 -0.745 -0.745 -0.74499946 -0.72604538 -0.45510591 -0.45500001 -0.45500002 -0.45800294 -1.0349507 -1.035 -1.035 -1.035 -1.035 -1.035 -1.035 -1.035 -1.035 -1.0599998 -1.06 -1.0599999 -0.98703297 -0.98 -0.98 -0.98 -0.365 -0.365 -0.365 -0.365 -0.165 -0.165 -0.165 -0.165 -0.165 -0.47999442 -0.48 -0.48000001 -0.505 -0.505 -0.50499986 -0.245 -0.245 -0.245 
