interpolatedSpi/03-04|23_1.tif
NCOLS 53
NROWS 52
XLLCORNER -116.03883
YLLCORNER 28.596182
DX 0.49850594
DY 0.49788537
NODATA_VALUE -9999
[rows 0 to 29 of 52, columns 0 to 52 of 53]
-0.44666667 -0.44666667 -1.2887464 -1.9333333 -0.76 -0.87333333 -0.80333333 -0.51 -0.89776875 -0.52333333 -0.53 -0.71 -1.0666507 -0.87333333 -0.79666667 -0.79666667 -0.79666667 -0.47666667 -0.87666667 -0.87666667 -0.87666667 -0.87665861 -0.040000011 -1.1033333 -1.1033333 -1.1033333 0.080007675 0.08 0.08 -0.99666667 -0.99666667 -0.99666667 -0.99666667 -1.9166665 -1.9166667 -1.9166667 -1.9166667 -1.9166667 -1.9166667 -1.9166666 0.21371936 0.23614698 -1.8033333 -1.8033333 -1.8033333 -1.8033333 -1.8020811 -1.0366667 -1.0366667 -1.0366667 0.019997805 0.02 0.02
-0.4467028 -1.26 -1.0199998 -0.96546972 -1.1731754 -0.87333333 -1.2466667 -1.0165231 -0.86 -1.1366667 -1.0566667 -1.0666667 -1.0666667 -0.9397777 -0.87333346 -0.79666667 -0.47666667 -0.47666667 -0.87614512 -0.87666667 -0.87666667 -0.87666667 -1.0963151 -1.1033333 -1.1033333 -1.1033333 -1.6033333 -1.6033333 -0.99666667 -0.99666667 -0.99666667 -0.99666667 -0.99666667 -1.9166665 -1.9166667 -1.9166667 -1.9166667 -1.9166667 -1.9166666 -1.808722 -1.2800247 -1.739831 -1.8033333 -1.8033333 -1.8033333 -1.8033333 -1.8033333 -1.0366667 -1.0366667 -1.0366667 -0.94904686 0.02 0.02
-0.073374867 -0.073333333 -0.86 -0.82666667 -0.88 -0.91 -1.1566667 -0.81 -1.3966667 -1.37 -1.0933333 -1.4566667 -1.2966667 -0.25666667 -0.94 -1.91 -0.47666667 -0.47666667 -0.47666667 -0.80668702 -0.80666667 -0.80666667 -0.97 -1.1033333 -1.1033333 -1.1033333 -1.6033333 -1.6033333 -1.6033333 -0.99666667 -0.99666667 -0.9966667 -1.2951347 -1.9150621 -1.9103994 -1.2495034 -1.2433333 -1.2433333 -1.247945 -1.28 -1.28 -1.2806692 -1.8033333 -1.8033333 -1.8033333 -1.8033333 -1.8033333 -1.0366667 -1.0366667 -1.0366667 -1.0366667 0.02 0.02
-0.38 -0.073333524 -1.0167162 -0.65666667 -1.0733333 -0.96333333 -0.87333333 -1.1466667 -1.2333333 -1.021702 -1.3966667 -1.1966667 -1.3033333 -0.25666667 -1.58 -1.91 -0.99042321 -0.98297833 -1.2833333 -0.80666667 -0.80666667 -1.4233333 -0.97 -0.97 -1.1033333 -1.1033358 -1.6033333 -1.6033333 -1.6033333 -0.99333333 -1.3353425 -1.6166667 -1.6166667 -1.6166664 -1.2433333 -1.2433333 -1.2433333 -1.2433333 -1.28 -1.28 -1.28 -1.28 -1.8033333 -1.8033333 -1.8033333 -1.8033333 -1.8033333 -1.0366763 -1.0366667 -1.0366667 -1.0366667 0.019985737 0.02
-0.38 0.14999786 -1.0166667 -1.1181497 -1.0733333 -1.2733333 -1.2067221 -1.8966667 -1.5966667 -1.3900001 -1.3094806 -1.2699537 -0.94666667 -1.58 -1.58 -1.7862432 -0.98333333 -0.98333333 -1.2833333 -1.2833333 -0.8066679 -1.4233333 -1.2066667 -0.58666667 -0.75666667 -0.75667779 -1.6033333 -1.6033333 -0.99333333 -0.99333333 -1.6166667 -1.6166667 -1.6166667 -1.5996949 -1.2433333 -1.2433333 -1.2433333 -1.28 -1.28 -1.28 -1.28 -1.2799659 -1.8033333 -1.8033333 -1.8033333 -1.8033333 -1.8033333 -1.7965091 -1.0366667 -1.0366389 -0.41666667 -0.41666667 -0.41666667
-1.0266667 -0.37666667 -0.55666666 -0.92333333 -0.69666667 -0.92333333 -1.5033333 -1.5536913 -1.4733333 -1.59 -1.22 -1.6066667 -1.6066662 -0.77333333 -0.77333333 -0.83989538 -0.84 -0.41 -0.41 -1.2833323 -1.4233333 -1.4233333 -0.58666667 -0.75666667 -0.75666667 -0.80333333 -1.0933333 -1.0933333 -0.94000512 -0.99333333 -1.6166667 -1.6166667 -1.5266667 -1.5265723 -0.62339826 -1.49 -1.49 -1.3449683 -1.28 -1.28 -0.92710735 -0.92666667 -0.92666625 -0.74894727 -0.73011863 -0.73000029 -0.73000004 -0.7300004 -0.66130691 -0.41666667 -0.41666667 -0.41666667 -0.41666667
0.48664376 0.45333333 -0.23627473 -0.63333333 -0.53 -0.96333333 -1.1166667 -1.1633333 -1.38 -1.38 -1.22 -1.3533333 -1.14 -0.77333333 -0.40666777 -0.40666667 -0.84 -0.06 -0.086666667 -0.086666667 -1.3463601 -1.26 -1.26 -0.77 -0.80333333 -0.80333333 -1.0933333 -1.0933333 -0.94001204 -0.94022174 -0.7711618 -1.5266667 -1.5266667 -0.62333333 -0.62333333 -1.1523232 -1.49 -1.49 -1.9699834 -0.92666812 -0.92666667 -0.92666667 -0.92666387 -0.73000011 -0.73 -0.73 -0.73 -0.72999998 -0.69 -0.41672083 -0.41666667 -0.41666667 -0.41666667
0.48666667 -0.49333333 0.03 -0.67333333 -0.40001567 -0.60333333 -0.87666667 -1.1 -0.25 -0.88333333 -0.88333333 -1.0533333 -1.14 -1.14 -0.41169801 -0.28826826 -0.27666667 -0.026666667 -0.093333326 -0.086666667 -0.28411749 -0.25666667 -1.46 0.063333327 0.06332826 -0.33 -0.47333333 -0.47333355 -1.1459425 -1.1466667 -0.77 -0.64698059 -0.66 -0.62333333 -0.62694602 -0.87 -0.87 -1.97 -1.97 -0.92666667 -0.92666667 -0.92666666 -0.74803355 -0.75 -0.73 -0.73 -0.73 -0.69000152 -0.69 -0.69 -0.41666667 -0.41666667 -0.41666667
-0.62279726 -0.49333332 0.77333333 -0.33666667 -0.8 -1.2233333 -0.77 -0.31 -0.60666667 -0.21060599 -0.39 -1.22 -1.22 -0.63333333 -0.63333239 -1.4267856 -1.43 -1.43 -0.036843448 -1.0233332 -0.58 -0.58 -2.0833333 -1.7056454 -0.29036239 -0.33 -0.67333333 -0.47333333 -0.17507663 -0.17333333 -0.64333333 -0.81333333 -0.78479245 -0.85666667 -0.75 -0.86333333 -0.85 -1.4033333 -0.92022318 -0.92589295 -0.75333333 -0.41 -0.74991697 -0.75 -0.74988743 -0.73 -1.5566666 -0.69000001 -0.69 -0.69 -0.68999999 -0.22866043 0.75333333
-1.3466667 -1.3466667 0.36333333 -0.2 -0.69 -0.95666667 -0.57333333 -0.47333333 -0.15666667 -0.11000412 -0.28 -0.37333333 -0.63333333 -0.63333333 -0.53333333 -0.54563152 -1.43 -1.429718 -0.17666667 -1.0233333 -1.0233333 -0.9662171 -2.0833333 -0.89668914 -0.89666667 -0.89666667 -0.67333333 -0.35666667 -0.35666667 -0.17333333 -0.17333333 -0.81322586 -0.75666667 -0.85666667 -0.49666667 -0.86333333 -0.85 -1.44 -0.92 -0.23134485 -0.41000002 -0.3475523 -0.24 -0.75 -0.75 -1.5566667 -1.5566667 -1.5566667 -0.69 -0.69 1.0933333 1.0933333 1.0933332
-1.3466667 -1.3466667 -0.15333333 -0.47666667 -0.91666667 -0.84666667 -1.1633333 -0.4769748 -0.44666667 -0.98 -0.68333333 -0.28333333 -0.3732139 -0.53333333 -0.53333333 -0.53330911 -0.32333333 -0.31563558 -0.17666667 0.11 0.11 -0.29 -0.29 -0.89666667 -0.89666667 -0.89666667 -0.35666667 -0.35666667 -0.35666667 -0.70333333 -0.70333333 -0.70333342 -0.37 -0.37 -0.81 -0.73333333 0.12333333 -0.70000187 -0.46666667 -0.22 -0.22 -0.49999915 -0.24 -0.75 -0.026667104 -0.43 0.072951258 0.079999996 0.94333333 0.94333333 1.0933333 1.0933333 1.0933333
-1.3466667 -0.83142228 -0.2913112 -1.2966445 -0.30666667 -0.89333333 -1.1633333 -0.47666667 -0.44666692 -0.97409131 -0.28333424 -0.28333333 0.27333333 -0.53333333 -0.53333333 -0.32333334 -0.32333333 -0.32332499 -0.17666667 0.11 0.031448138 -0.29 -0.29 -0.89664196 -0.89666667 -0.71587091 -0.34666667 -0.34666667 -0.34666667 -0.70333333 -0.70333333 -0.05 -0.05 -0.37000121 -0.81 0.066666387 -0.043969239 -0.7 -0.7 -0.22000001 -0.5 -0.5 -0.49999654 -0.026666667 -0.026666667 -0.43 0.08 0.08 0.94333333 0.94333333 1.0933333 1.0933333 1.0933333
-0.46 -0.74081198 -0.78665501 -0.79034597 -0.30666978 -0.89331948 -1.1633333 -0.48511914 -0.44873397 -0.46059342 0.27333333 0.27333333 0.27333333 0.27333333 -0.53321906 -0.32333333 -0.32333333 -0.32143963 -0.17666667 0.10996731 0.0033333333 0.0033333333 0.0033333333 0.0033333333 -0.88097969 -0.34666667 -0.34666667 -0.34666667 -0.34666667 -0.34680004 -0.05 -0.05 -0.05 -0.05 0.066666666 0.066666667 0.066666667 -0.66329046 -0.69369115 0.14 0.14 -0.49996558 0.21999156 -0.026642908 -0.026666667 -0.43 0.08 0.08 0.94333333 0.94333333 1.0927891 1.0933333 0.47135865
-0.46 -0.78666667 -0.78666667 -0.78666667 -0.78666667 -0.78666671 -1.1626421 -0.83842431 -0.45424945 0.27254462 0.27333333 0.27333333 0.27333333 0.27333333 0.27333334 -0.32333334 -0.32333331 -0.313273 -0.17666812 0.0033333333 0.0033333333 0.0033333333 0.0033333333 0.0033333333 -0.00070313485 -0.17256029 -0.076666722 -0.076666667 -0.076666667 -0.076666667 -0.049999997 -0.05 -0.049999675 0.22 0.22 0.066666667 0.40045249 0.41 0.14000016 0.14 0.14 0.14 0.22 0.22 0.22 0.21547659 0.99059659 0.99666667 0.99666667 0.99666667 0.99666667 0.87333338 0.87333333
-0.58333333 -0.78666667 -0.78666667 -0.78666667 -0.78666667 -0.78666667 -0.78666669 -0.66579892 0.30255023 0.30666667 0.30666667 0.30666667 0.30666667 0.30666667 0.30666667 0.14656669 -0.31591452 -0.30324965 0.0033106523 0.0033333333 0.0033333333 0.0033333333 0.0033333333 0.0033331937 -0.18333333 -0.18333333 -0.18333318 -0.076666667 -0.076666667 -0.076232804 0.14 0.14 0.22 0.22 0.22 0.37956417 0.41 0.41 0.41 0.14 0.14 0.14 0.22 0.22 0.22 0.22 0.99666667 0.99666667 0.99666667 0.99666667 0.99666667 0.87333333 0.87333333
-0.58333333 -0.65903202 -0.78666667 -0.78666667 -0.78666667 -0.78666667 0.17314492 0.17333333 0.17333334 0.30666667 0.30666667 0.30666667 0.30666667 0.30666667 0.27063419 0.14333333 0.14333333 0.14333333 -0.11630087 -0.11666654 -0.11666667 -0.11666667 -0.11666667 -0.11666667 -0.18333333 -0.18333333 -0.18333333 -0.18333333 -0.076666667 0.14 0.14 0.14 0.21999999 0.22 0.22 0.63 0.41029129 0.41 0.41 0.14001309 0.16592813 0.22640764 0.22 0.22 1.1836835 1.1866667 1.1866667 0.99708894 1.2524364 1.2533333 1.2533333 1.3532607 0.87333431
-0.58333333 -0.038373309 -0.40038486 -0.78666667 -0.78666667 0.17276612 0.17333333 0.17333333 0.17333333 0.17429417 0.30666667 0.30666667 0.30666667 0.30666665 0.14333333 0.14333333 0.14333333 0.14333333 -0.11643441 -0.11666667 -0.11666667 -0.11666667 -0.11666667 -0.11666667 -0.18333333 -0.18333333 -0.18333333 -0.18333333 -0.18215726 0.14 0.14 0.14 0.21333333 0.22004154 0.63 0.63 0.63 0.63013019 0.23828597 0.22666667 0.22666667 0.22666667 0.88666667 0.88666667 1.1866667 1.1866667 1.1866667 1.2533333 1.2533333 1.2533333 1.2533333 1.3533333 1.3533333
-0.023614759 -0.023333333 -0.023333333 -0.02333333 0.31 0.17333686 0.17333333 0.17333333 0.17333333 0.17333333 0.30212412 0.30666588 0.30666666 0.14333333 0.14333333 0.14333333 0.14333333 0.14333333 0.1183213 -0.11666667 -0.11666667 -0.11666667 -0.11666667 -0.11666667 -0.1412433 -0.13000029 -0.13 -0.13 -0.13 0.14 0.21333333 0.21333333 0.21333333 0.21333333 0.63 0.63000035 0.64333333 0.64333333 0.23186937 0.22666667 0.22666667 0.22666667 0.88666667 0.88666667 1.1402163 1.1866667 1.1866667 1.2533333 1.2533333 1.2533333 1.2544056 1.3533333 1.3533333
-0.023333333 -0.023333333 -0.023333333 0.13363831 0.31 0.31 0.17333333 0.17333333 0.17333333 0.17333333 0.24666667 0.24666667 0.24666667 0.14333333 0.14333333 0.14333333 0.14333333 0.14332232 0.07 0.07 -0.11666659 -0.11666667 -0.11617975 -0.096666667 -0.09696675 -0.13 -0.13 -0.13 -0.13 0.21329837 0.21333333 0.21333333 0.21333333 0.21333333 0.64333329 0.64333333 0.64333333 0.64333333 0.6418351 0.22666667 0.22666667 0.22666667 0.88666667 0.88666667 0.88666667 1.1866667 1.1866667 1.2533333 1.2533333 1.2533333 1.3533333 1.3533333 1.3533333
-0.023333333 -0.023333333 -0.023333333 0.31 0.31 0.31 0.30999979 0.17333333 0.17333333 0.24659097 0.24666667 0.24666667 0.24666667 0.24660228 0.089371839 0.076666667 0.076666667 0.076666667 0.07 0.07 0.07 -0.096666667 -0.096666667 -0.096666667 -0.096596634 0.018615221 -0.13 -0.13 -0.13 0.075319845 0.05334907 0.053333333 0.053333333 0.053333333 0.40587557 0.073334628 0.073333333 0.073333333 0.073333333 0.35664888 0.35666667 0.35666667 0.88666667 0.88666667 0.60333452 0.60333345 0.93 0.93 1.1233333 1.1233333 1.1233333 1.3533333 1.0702533
-0.023333054 -0.023333333 -0.023333321 0.31 0.31 0.31 0.31 0.11666668 0.17310676 0.2467241 0.24666667 0.24666667 0.24666667 0.24633308 0.076666667 0.076666667 0.076666667 0.076666665 0.07 0.07 0.07 -0.096666667 -0.096666667 -0.096666667 0.15333333 0.15333333 0.086666668 0.086666667 0.086666667 0.086484823 0.053333333 0.053333333 0.053333333 0.053333333 0.063327787 0.073333333 0.073333333 0.073333333 0.073333333 0.35666667 0.35666667 0.35666667 0.36442774 0.60333333 0.60333333 0.60333333 0.93 0.93 1.1233333 1.1233333 1.1233333 1.07 1.07
0.066666667 0.022367565 -0.20666667 -0.20651677 0.31 0.11778529 0.11666667 0.11666667 0.30249977 0.31000001 0.31 0.31 0.31 0.32999935 0.33 0.076666861 0.076666667 0.07649101 0.07 0.07 0.07 -0.21333333 -0.21333333 -0.21333333 0.15333333 0.15333333 0.086666667 0.086666667 0.086666667 0.086666311 -0.40333043 -0.40333205 0.041855702 0.052843755 -0.266301 -0.26666667 -0.26666667 -0.26666667 -0.26666667 0.35666667 0.35666667 0.35666667 0.5897509 0.60333333 0.60333333 0.60333327 0.93 0.93 0.93000696 1.1233333 1.1233132 0.67333333 1.07
0.18997658 0.18999993 -0.20666667 -0.20666667 -0.20666667 0.11666667 0.11666667 0.11666667 0.62666667 0.62666667 0.31 0.31 0.31 0.33 0.33 0.33 0.33 0.32997018 0.07 0.07 0.069999989 -0.21333333 -0.21333333 -0.21333333 0.15333333 0.15333333 0.086666667 0.086666667 0.086666667 -0.39780855 -0.40333333 -0.40333333 -0.40333333 -0.40333333 -0.2667341 -0.26666667 -0.26666667 -0.26666667 -0.26666667 0.070000075 0.07 0.07 0.07 0.6033307 0.26 0.26 0.26 0.18666667 0.18666667 0.18666667 0.67333333 0.67333333 0.67333333
0.19 0.19 -0.20666667 -0.20666667 -0.20666667 0.11496717 0.11666667 0.62666667 0.62666667 0.62666667 0.31003898 0.31 0.4707012 0.33000004 0.33 0.33 0.33 0.28333333 0.28333333 0.28333333 -0.55333333 -0.55333308 -0.21333499 -0.21333333 -0.21345566 -0.59333333 -0.59333333 -0.59333171 0.086556774 -0.94989106 -0.94999709 -0.94990456 -0.40426764 -0.4038051 -0.2913639 -0.26666678 -0.26767203 -0.56666667 -0.56666667 0.07 0.07 0.07 0.07 0.26 0.26 0.26 0.26 0.18666667 0.18666667 0.18666667 0.67333333 0.67333333 0.67333333
0.19 0.19 -0.20666667 -0.20666667 -0.20666667 -0.20666667 0.30754477 0.62666667 0.62666667 0.62666667 0.62660038 0.50666667 0.50666667 0.50666667 0.33104114 0.33 0.28364431 0.28333333 0.28333333 0.28333333 -0.55333333 -0.55333333 -0.55333333 -0.55333333 -0.59333333 -0.59333333 -0.59333333 -0.59333333 -0.59333333 -0.95 -0.95 -0.95 -0.95 -0.95000077 -1.3133333 -0.56666667 -0.56666667 -0.56666667 -0.56666667 -0.56666429 0.083333333 0.083333333 0.083333333 0.09526607 0.12 0.12 0.12 0.18666666 0.18666642 -0.07 -0.07 0.4000665 0.4
0.19 0.19 -0.063497854 -0.20666667 -0.20666667 -0.20666665 0.53682637 0.62638304 0.62666667 0.62666667 0.50666674 0.50666667 0.50666667 0.50666667 0.50666667 0.49215265 0.28333333 0.28333333 0.28333333 0.28333333 -0.55332686 -0.55333333 -0.55333333 -0.55333333 -0.59333333 -0.59333333 -0.59333333 -0.59333333 -0.59333333 -0.91797856 -0.95 -0.95 -0.95 -1.3133333 -1.3133333 -1.3127535 -0.56666667 -0.56666667 -0.44473132 -0.35000002 0.083333333 0.083333333 0.083333333 0.09467829 0.12 0.12 0.12 0.11666667 -0.067674151 -0.07 -0.07 0.4 0.4
0.21666667 0.21666667 0.21666667 -0.10052536 -0.20583936 0.53666667 0.53666667 0.53666667 0.53666667 0.83333333 0.83333333 0.50666669 0.50666667 0.50666667 0.50666667 0.5066525 0.28333333 0.28333333 0.28333333 0.28333333 -0.18823914 -0.55333333 -0.55333333 -0.54879713 -0.38949949 -0.59333333 -0.59333333 -0.59333333 -0.90666667 -0.90666667 -0.90666667 -0.90666685 -1.3133333 -1.3133333 -1.3133333 -1.3133333 -0.35 -0.35 -0.35 -0.35 0.32 0.32 0.32 -0.0033268326 -0.0033333333 -0.0033333333 -0.0033332943 0.11666667 0.11666667 -0.069772557 -0.07 0.39999891 0.4
0.21666667 0.21666667 0.21666667 0.21667403 0.35333333 0.37999301 0.53666667 0.53666667 0.53666667 0.83333333 0.83333333 0.83333333 0.23000001 0.23 0.23 0.23000001 0.28371802 0.28333333 0.28333333 0.28333333 0.27065595 -0.38000048 -0.38 -0.38 -0.38 -0.38 -0.46666667 -0.46666667 -0.90666667 -0.90666667 -0.90666667 -0.90666667 -1.3133327 -1.3133333 -1.3133333 -1.3132649 -0.35 -0.35 -0.35 -0.3498684 0.32 0.32 0.32 -0.0033183395 -0.0033333333 -0.0033333333 -0.0033333333 0.11666667 0.11666667 0.11666668 0.18333333 0.18333333 0.13333333
0.21666667 0.21666667 0.21666667 0.35333302 0.35333333 0.35333333 0.5366666 0.53666667 0.53666667 0.83333333 0.83333333 0.83333333 0.23 0.23 0.23 0.25005535 0.49333333 0.49333333 0.49333279 0.28451946 -0.38 -0.38 -0.38 -0.38 -0.38 -0.38006522 -0.46666667 -0.46666667 -0.46666667 -0.90666667 -0.90666667 -0.90641135 -0.47333333 -0.47333333 -0.47333333 -0.80333333 -0.80333333 -0.32 -0.32 -0.32 0.12333333 0.31993831 0.31999729 -0.043333333 -0.043333333 -0.041817379 -0.0033332358 0.11666667 0.11666667 0.18333333 0.18333333 0.18333333 0.13333333
0.21666667 0.21666667 0.21666667 0.35333333 0.35333333 0.35333333 0.35333333 0.53666667 0.53666667 0.83333333 0.83333333 0.25412463 0.23 0.23 0.23 0.49333333 0.49333333 0.49333333 0.49333333 0.49333333 -0.38 -0.38 -0.38 -0.38 -0.38 -0.46666637 -0.46666667 -0.46666667 -0.46666667 -0.51 -0.51 -0.51 -0.47333333 -0.47333333 -0.47333333 -0.80333333 -0.80333333 -0.32 -0.32 0.12333333 0.12333333 0.12333333 -0.043333333 -0.043333333 -0.043333333 -0.043333333 -0.046893051 -0.086666667 -0.086666667 -0.086666667 0.18333333 0.026666667 0.026666667
