interpolatedSpi/03-03|21_1.tif
NCOLS 53
NROWS 52
XLLCORNER -116.03883
YLLCORNER 28.596182
DX 0.49850594
DY 0.49788537
NODATA_VALUE -9999
-0.99 -0.99 -0.52449573 -0.81 -1.12 -0.87 -1.24 -1.55 -1.5838428 -1.65 -1.6 -0.86 -1.4899119 -0.42 -0.84 -0.84 -0.84 -1.49 0.35 0.35 0.35 0.34999297 -0.38 -0.04 -0.04 -0.04 0.68998636 0.69 0.69 0.36 0.36 0.36 0.36 -0.87999975 -0.88 -0.88 -0.88 -0.88 -0.88 -0.87999998 -0.24681917 -0.24015522 -0.85 -0.85 -0.85 -0.85 -0.84957533 -0.59 -0.59 -0.59 1.6499953 1.65 1.65 
-0.99003732 -1.83 -0.72000099 -1.1658653 -0.70117365 -1.62 -1.22 -1.7297416 -1.08 -1.25 -1.23 -1.49 -1.49 -0.42 -0.42000371 -0.84 -1.49 -1.49 0.34760089 0.35 0.35 0.35 -0.10053266 -0.04 -0.04 -0.04 -0.66999996 -0.67 0.36 0.36 0.36 0.36 0.36 -0.87999982 -0.88 -0.88 -0.88 -0.88 -0.87999981 -0.63230811 0.47001985 -0.68982773 -0.85 -0.85 -0.85 -0.85 -0.85 -0.59 -0.59 -0.59 -0.40425706 1.65 1.65 
-1.8599724 -1.86 -1.58 -1.39 -1.94 -2.21 -1.45 -2.09 -1.67 -1.62 -0.74 -1.4 -1.5017379e-13 -0.54 -0.42 -2.01 -1.49 -1.49 -1.49 -0.89963662 -0.9 -0.9 -1.19 -0.04 -0.04 -0.04 -0.67 -0.67 -0.67 0.36 0.36 0.35999994 -0.27063409 -0.87487301 -0.85589263 1.6862666 1.71 1.71 1.5540407 0.47000001 0.47 0.46831206 -0.85 -0.85 -0.85 -0.85 -0.85 -0.59 -0.59 -0.59 -0.59 1.65 1.65 
-0.83 -1.86 -1.8800812 -1.04 -2.23 -1.94 -2.28 -2.54 -2.09 -0.84374861 -1.04 -2.28 -1.44 -0.54 -0.67 -2.01 -1.1367328 -1.1302522 -2.14 -0.9 -0.9 -1.77 -1.19 -1.19 -0.04 -0.040003147 -0.67 -0.67 -0.67 -0.47 -0.73336531 -0.95 -0.95 -0.9499979 1.71 1.71 1.71 1.71 0.47 0.47 0.47 0.46999995 -0.85 -0.85 -0.85 -0.85 -0.85 -0.59000328 -0.59 -0.59 -0.59 1.6499461 1.65 
-0.83 -0.29000292 -1.88 -1.669388 -2.23 -1.36 -2.2699454 -1.68 -2.02 -2.0699998 -2.1237343 -2.149576 0.81 -0.67 -0.67 -1.5527656 -1.13 -1.13 -2.14 -2.14 -0.90000164 -1.77 -1.93 -0.88 -0.18 -0.17997674 -0.67 -0.67 -0.47 -0.47 -0.95 -0.95 -0.95 -0.65771164 1.71 1.71 1.71 0.47 0.47 0.47 0.47 0.46987548 -0.85 -0.85 -0.85 -0.85 -0.85 -0.84768568 -0.59 -0.58997354 -3.6083595e-17 6.1469312e-31 5.3749655e-26 
-1.8 -0.62 -0.65 -1.02 -2.05 -2.07 -1.88 -1.8543943 -1.86 -1.53 -0.82 0.27 0.27000036 0.45 0.45 -1.2899155 -1.29 -0.61 -0.61 -2.1399983 -0.85 -0.85 -0.88 -0.18 -0.18 -0.08 -0.76 -0.76 0.02995457 -0.47 -0.95 -0.95 0.6 0.59993835 0.010042218 -0.1 -0.1 0.29365749 0.47 0.47 -0.81839109 -0.82 -0.82000109 -1.7242891 -1.7399016 -1.7399998 -1.74 -1.7399997 -1.6513606 -1.0495471e-16 -2.2645929e-43 -3.7926663e-80 -1.5019265e-58 
-0.17001064 -0.34 0.3597189 -0.34 -1.22 -2.18 -1.4 -1.54 -1.7 -1.7 -0.82 -1.42 1.2099993 0.45 -0.93999584 -0.94 -1.29 -1.17 -0.19 -0.19 -0.80758616 -0.76 -0.76 -0.1 -0.08 -0.08 -0.76 -0.76 0.029998834 0.029978542 -0.19935161 0.6 0.6 0.01 0.0099999999 -0.21982081 -0.1 -0.1 -0.30999272 -0.81999929 -0.82 -0.82 -0.82000899 -1.7400044 -1.74 -1.74 -1.74 -1.7400001 -1.97 -0.00039040012 -4.1011339e-36 -2.4033074e-85 -2.6917192e-53 
-0.17 0.11 0.68 -1.33 -1.4199948 -1.88 -2.12 -1.36 -1.65 -2.03 -2.03 -1.43 1.21 1.21 -0.92524901 -0.99464542 -1 -0.4 -0.29999989 -0.19 -1.2149126 -1.31 -0.35 0.099999998 0.099997162 -0.12 -0.36 -0.36000014 0.010070083 0.0099999959 -0.2 -0.4748217 -0.17 0.01 -0.042193789 -0.32 -0.32 -0.31 -0.31 -0.82 -0.82 -0.82000001 -2.5213604 -2.53 -1.74 -1.74 -1.74 -1.9699912 -1.97 -1.97 -1.9145103e-11 -3.6941736e-34 -1.3311174e-14 
-0.40431568 0.11 -0.61 0.3 -1.36 -1.47 -2.15 -3.38 -2.63 -1.2982792 -1.22 -1.21 -1.21 -0.69 -0.69000301 -0.86039019 -0.86 -0.86 -0.38473485 -0.71999989 -0.19 -0.19000001 -0.26 -0.31453248 -0.097829809 -0.12 -0.53 -0.36 -0.9565134 -0.96 -0.56 -0.64 -0.95729898 -1.75 -1.82 -2.39 -2.02 -0.44 -2.1292196 -0.82191942 -1.25 -1.37 -2.5297997 -2.53 -2.5255535 -1.74 -2.66 -1.97 -1.97 -1.97 -1.97 -0.01120567 -0.21 
-3.28 -3.28 -0.37 -0.12 -1.91 -1.9 -1.18 -3.31 -2.86 -0.96000494 -1.14 0.14 -0.69 -0.69 -1.01 -1.0079427 -0.86 -0.85993192 -0.43 -0.72 -0.72 -0.65171823 -0.26 -0.38999754 -0.39 -0.39 -0.53 -0.65 -0.65 -0.96 -0.96 -0.64119487 -1.27 -1.75 -1.61 -2.39 -2.02 -0.79 -2.13 -1.3921552 -1.37 -1.3442862 -1.3 -2.53 -2.53 -2.66 -2.66 -2.66 -1.97 -1.97 -0.09 -0.09 -0.090000045 
-3.28 -3.28 -0.56 -1.48 -0.88 -1.42 -1.38 -1.2504985 -2.08 -1.64 -1.27 -1.35 0.13801514 -1.01 -1.01 -1.0100842 -1.74 -1.6712451 -0.43 -0.9 -0.9 -1.12 -1.12 -0.39 -0.39 -0.39 -0.65 -0.65 -0.65 -2.15 -2.15 -2.1499985 -1.94 -1.94 -2.17 -1.7 -2.34 -2.3399988 -1.56 -1.38 -1.38 -1.6599988 -1.3 -2.53 -1.9999999 -1.71 -1.1664602 -1.16 0.18 0.18 -0.09 -0.09 -0.09 
-3.28 -2.1056446 -0.95259681 -1.0599937 -0.03 -1.3 -1.38 -1.25 -2.0799931 -1.6448747 -1.3500004 -1.35 -1.49 -1.01 -1.01 -1.74 -1.74 -1.7399254 -0.43 -0.9 -0.94320352 -1.12 -1.12 -0.39002943 -0.39 -0.77788908 -1.57 -1.57 -1.5699999 -2.15 -2.15 -1.76 -1.76 -1.9400006 -2.17 -2.3700001 -2.3175505 -2.34 -2.34 -1.38 -1.66 -1.66 -1.6600024 -2 -2 -1.71 -1.16 -1.16 0.18 0.18 -0.09 -0.09 -0.09 
-2.01 -2.0735631 -2.1899723 -2.1817944 -0.03000652 -1.29997 -1.38 -1.2516002 -2.0228045 -2.0685104 -1.49 -1.49 -1.49 -1.49 -1.010068 -1.74 -1.74 -1.7230858 -0.43 -0.90007226 -1.16 -1.16 -1.16 -1.16 -0.40402128 -1.57 -1.57 -1.57 -1.57 -1.5702885 -1.76 -1.76 -1.76 -1.76 -2.37 -2.37 -2.37 -2.3412832 -2.3324895 -1.34 -1.34 -1.6599828 -0.45005306 -1.9998507 -2 -1.71 -1.16 -1.16 0.18 0.18 -0.089020469 -0.09 0.60128005 
-2.01 -2.19 -2.19 -2.19 -2.19 -2.1899996 -1.3797951 -1.3185965 -1.8702122 -1.4906244 -1.49 -1.49 -1.49 -1.49 -1.4900001 -1.74 -1.7399998 -1.6501429 -0.43002061 -1.16 -1.16 -1.16 -1.16 -1.16 -1.2021542 -1.6113304 -1.39 -1.39 -1.39 -1.39 -1.76 -1.76 -1.7600001 -1.83 -1.83 -2.37 -1.3686425 -1.34 -1.34 -1.34 -1.34 -1.34 -0.45 -0.45 -0.45 -0.45876845 0.69771889 0.71 0.71 0.71 0.70999999 0.97999978 0.98 
-1.34 -2.19 -2.19 -2.19 -2.19 -2.19 -2.1899999 -1.3311551 -1.6505572 -1.65 -1.65 -1.65 -1.65 -1.65 -1.65 -0.70946124 -1.7232205 -1.560617 -1.1599087 -1.16 -1.16 -1.16 -1.16 -1.1599997 -3.11 -3.11 -3.1099976 -1.39 -1.39 -1.3907009 -1.74 -1.74 -1.83 -1.83 -1.83 -1.4184925 -1.34 -1.34 -1.34 -1.34 -1.34 -1.34 -0.45 -0.45 -0.45 -0.45 0.71000001 0.71 0.71 0.71 0.71 0.98 0.98 
-1.34 -1.6564453 -2.19 -2.19 -2.19 -2.19 -1.2801786 -1.28 -1.28 -1.65 -1.65 -1.65 -1.65 -1.65 -1.4382173 -0.69 -0.69 -0.69 -0.93069994 -0.93000023 -0.93 -0.93 -0.93 -0.93 -3.11 -3.11 -3.11 -3.11 -1.39 -1.74 -1.74 -1.74 -1.83 -1.83 -1.83 -1.05 -1.339616 -1.34 -1.34 -1.3397649 -0.87030199 0.22530762 -0.45 -0.45 1.0852475 1.09 1.09 0.71060927 1.078707 1.08 1.0799999 0.33009857 0.97999868 
-1.34 -1.54436 -1.8661305 -2.19 -2.19 -1.2805377 -1.28 -1.28 -1.28 -1.2826663 -1.65 -1.65 -1.65 -1.6499999 -0.69 -0.69 -0.69 -0.69 -0.92978561 -0.93 -0.93 -0.93 -0.93 -0.93 -3.1099999 -3.11 -3.11 -3.11 -3.1050168 -1.74 -1.74 -1.74 -1.12 -1.8299035 -1.05 -1.05 -1.05 -1.0417772 0.13059314 0.23 0.23 0.23 0.65 0.65 1.09 1.09 1.09 1.08 1.08 1.08 1.08 0.33 0.33 
-1.5498581 -1.55 -1.55 -1.55 -0.91 -1.2799905 -1.28 -1.28 -1.28 -1.28 -1.5811054 -1.6499881 -1.65 -0.69 -0.69 -0.69 -0.69 -0.69 -0.6324293 -0.93 -0.93 -0.93 -0.93 -0.93 -1.9953811 -2.0500057 -2.05 -2.05 -2.05 -1.74 -1.12 -1.12 -1.12 -1.12 -1.05 -1.0499802 -0.3 -0.3 0.22338216 0.23 0.23 0.23 0.65 0.65 1.0218728 1.09 1.09 1.08 1.08 1.08 1.071958 0.33 0.33 
-1.55 -1.55 -1.55 -1.2486145 -0.91 -0.91 -1.28 -1.28 -1.28 -1.28 -0.74 -0.74 -0.74 -0.69 -0.69 -0.69 -0.69 -0.68992233 0.52 0.52 -0.92999941 -0.93 -0.94290327 -1.46 -1.4653115 -2.05 -2.05 -2.05 -2.05 -1.1200947 -1.12 -1.12 -1.12 -1.12 -0.30000264 -0.3 -0.3 -0.3 -0.29806982 0.23 0.23 0.23 0.65 0.65 0.65 1.09 1.09 1.08 1.08 1.08 0.33 0.33 0.33 
-1.55 -1.55 -1.55 -0.91 -0.91 -0.91 -0.91000057 -1.28 -1.28 -0.74055744 -0.74 -0.74 -0.74 -0.73996884 -0.30957147 -0.22 -0.22 -0.22 0.52 0.52 0.52 -1.46 -1.46 -1.46 -1.4595042 -0.81212263 -2.05 -2.05 -2.05 0.021658611 0.30985935 0.31 0.31 0.31 0.17831709 0.84999739 0.85 0.85 0.85 0.73993022 0.74 0.74 0.65 0.65 0.59000025 0.58999979 -0.01 -0.01 -0.08 -0.08 -0.08 0.33 -0.11959765 
-1.5499986 -1.55 -1.55 -0.91 -0.91 -0.91 -0.90999999 -0.2400003 -1.2758417 -0.74092491 -0.74 -0.74 -0.74 -0.73897962 -0.22 -0.22 -0.22 -0.21999979 0.52 0.52 0.52 -1.46 -1.46 -1.46 0.31 0.31 0.75999999 0.76 0.76 0.75754511 0.31 0.31 0.31 0.31 0.5798518 0.85 0.85 0.85 0.85 0.74 0.74 0.74 0.73528043 0.59 0.59 0.59 -0.01 -0.01 -0.08 -0.08 -0.08 -0.12 -0.12 
-1.09 -1.2830783 -0.74 -0.74004932 -0.91 -0.2438766 -0.24 -0.24 -0.54607805 -1.76 -1.76 -1.76 -1.76 0.93991211 0.93999999 -0.21999911 -0.22 -0.20050209 0.52 0.52 0.52 1 1 1 0.31 0.31 0.76 0.76 0.76 0.76000015 0.96999581 0.96999815 0.32658811 0.31070757 1.2289505 1.23 1.23 1.23 1.23 0.74 0.74 0.74 0.59825946 0.59 0.59 0.59000001 -0.01 -0.01 -0.01000252 -0.08 -0.079996423 -2.2114316e-16 -0.12 
-0.61009115 -0.61000002 -0.74 -0.74 -0.74 -0.24 -0.24 -0.24 -1.08 -1.08 -1.76 -1.76 -1.76 0.94 0.94 0.94 0.94 0.93994897 0.52 0.52 0.52000002 1 1 1 0.31 0.31 0.76 0.76 0.76 0.96763223 0.97 0.97 0.97 0.97 1.2298717 1.23 1.23 1.23 1.23 0.73 0.73 0.73 0.73 0.59000038 0.64 0.64 0.64 0.37 0.37 0.37 4.7181252e-30 -2.0915507e-83 -1.672209e-15 
-0.61 -0.61 -0.74 -0.74 -0.74 -0.24262809 -0.24 -1.08 -1.08 -1.08 -1.7599163 -1.76 -0.68139536 0.93999968 0.94 0.94 0.94 0.81 0.81 0.81 1.75 1.7499994 1.0000037 1 1.0003458 1.91 1.91 1.9099973 0.76018585 1.7898366 1.7899956 1.7898568 0.97140147 0.97070765 1.1842271 1.2300002 1.2319772 1.82 1.82 0.73 0.73 0.73 0.73 0.64 0.64 0.64 0.64 0.37 0.37 0.37 2.752723e-24 -1.521508e-56 -1.223831e-13 
-0.61 -0.61 -0.74 -0.74 -0.74 -0.74 -0.55438746 -1.08 -1.08 -1.08 -1.0796465 -0.44 -0.44 -0.44 0.93186734 0.94 0.81086629 0.81 0.81 0.81 1.75 1.75 1.75 1.75 1.91 1.91 1.91 1.91 1.91 1.79 1.79 1.79 1.79 1.7900009 2.2 1.82 1.82 1.82 1.82 1.819997 1.04 1.04 1.04 0.83824468 0.42 0.42 0.42 0.37 0.36999971 0.07 0.07 -0.16995864 -0.17 
-0.61 -0.61 -0.69307913 -0.74 -0.74 -0.74 -0.56092275 -1.0783612 -1.08 -1.08 -0.43999999 -0.44 -0.44 -0.44 -0.44 -0.3266999 0.81 0.81 0.81 0.81 1.7499927 1.75 1.75 1.75 1.91 1.91 1.91 1.91 1.91 1.8269478 1.79 1.79 1.79 2.2 2.2 2.1997049 1.82 1.82 2.0845059 2.29 1.04 1.04 1.04 0.84208653 0.42 0.42 0.42 0.46 0.074859362 0.07 0.07 -0.17 -0.17 
0.01 0.01 0.01 -0.55195438 -0.73853398 -0.56 -0.56 -0.56 -0.56 -0.38 -0.38 -0.44 -0.44 -0.44 -0.44 -0.43992074 0.81 0.81 0.81 0.81 1.3398145 1.75 1.75 1.7465978 1.6329134 1.91 1.91 1.91 1.84 1.84 1.84 1.8399998 2.2 2.2 2.2 2.2 2.29 2.29 2.29 2.29 1.32 1.32 1.32 0.78001086 0.78 0.78 0.77999989 0.46 0.46 0.070475194 0.07 -0.16999496 -0.17 
0.01 0.01 0.01 0.010014001 0.27 0.14930436 -0.56 -0.56 -0.56 -0.38 -0.38 -0.38 0.50999996 0.51 0.51 0.50999998 0.80860781 0.81 0.81 0.81 0.82424665 1.6200004 1.62 1.62 1.62 1.62 2.08 2.08 1.84 1.84 1.84 1.84 2.2000001 2.2 2.2 2.2000073 2.29 2.29 2.29 2.2880698 1.32 1.32 1.32 0.78002504 0.78 0.78 0.78 0.46 0.46 0.46000005 0.83 0.83 0.74 
0.01 0.01 0.01 0.2699994 0.27 0.27 -0.55999969 -0.56 -0.56 -0.38 -0.38 -0.38 0.51 0.51 0.51 0.47496661 0.05 0.05 0.050001963 0.80570733 1.62 1.62 1.62 1.62 1.62 1.6203462 2.08 2.08 2.08 1.84 1.84 1.8400257 2.29 2.29 2.29 1.42 1.42 1.85 1.85 1.85 1 1.3198996 1.3199975 0.98 0.98 0.97242023 0.77999999 0.46 0.46 0.83 0.83 0.83 0.74 
0.01 0.01 0.01 0.27 0.27 0.27 0.27 -0.56 -0.56 -0.38 -0.38 0.47441284 0.51 0.51 0.51 0.05 0.05 0.05 0.05 0.05 1.62 1.62 1.62 1.62 1.62 2.0799984 2.08 2.08 2.08 1.88 1.88 1.88 2.29 2.29 2.29 1.42 1.42 1.85 1.85 1 1 1 0.98 0.98 0.98 0.98 0.97917853 0.97 0.97 0.97 0.83000001 1.27 1.27 
0.01 0.01 0.010362062 0.27 0.27 0.27 0.27 -0.082244355 -0.1 -0.10048072 -0.37999998 0.50996063 0.51 0.51 0.50999841 0.05 0.05 0.05 0.05 0.05 0.40198019 1.62 1.62 1.62 1.6199197 2.0799522 2.08 2.08 2.08 1.88 1.88 1.88 1.8800574 2.29 1.42 1.42 1.42 1.4200176 1.849942 1 1 1 0.98000121 0.98 0.98 0.98 0.97000802 0.97 0.97 0.97 1.27 1.27 1.27 
0.08 0.079999878 0.26985655 0.27 0.27 0.27 -0.099921268 -0.1 -0.1 -0.1 0.039999996 0.04 0.04 0.04 0.04995392 0.05 0.05 0.05 0.05 0.34999982 0.35 0.35 1.2300001 1.23 1.23 1.23 1.3033659 2.08 1.6600172 1.66 1.66 1.66 1.66 1.3 1.3 1.3 1.3 1.3 1.19 1.19 1.19 1.19 1.19 1.7688091 1.77 1.77 1.77 0.97 0.97 0.97 1.2699527 1.27 1.27 
0.08 0.08 0.08234435 0.35999982 0.35999998 0.35955152 -0.1 -0.1 -0.1 -0.1 0.04 0.04 0.04 0.04 0.04 0.05 0.05 0.05 0.34999992 0.35 0.35 0.35 1.23 1.23 1.23 1.23 1.23 1.2301803 1.6599073 1.66 1.66 1.66 1.6599628 1.3566902 1.3000587 1.3 1.3 1.3 1.19 1.19 1.19 1.19 1.19 1.77 1.77 1.77 1.77 1.3959044 0.97 0.87111569 0.87 1.08 1.08 
0.08 0.08 0.35996453 0.36 0.36 0.36 0.24316194 -0.1 -0.1 -0.1 0.04 0.04 0.04 0.04 0.04 0.049991397 0.05 0.34991204 0.35 0.35 0.35 0.35 0.9039983 1.23 1.23 1.23 1.23 1.2301345 1.42 1.42 1.42 1.42 1.42 1.4 1.4 1.4 1.4 1.4 1.52 1.52 1.52 1.52 1.52 1.7688524 1.7699998 1.77 1.7699203 1.7602841 0.87 0.87 0.87 1.0799988 1.08 
0.079999982 0.07019496 0.35999996 0.36 0.36 0.36 0.36 -0.099804137 -0.1 -0.1 0.04 0.04 0.04 0.04 -0.057778864 -0.06 -0.06 0.34998945 0.35 0.35 0.35 0.35 0.35000003 1.23 1.23 1.23 1.23 1.37 1.37 1.3806412 1.42 1.42 1.42 1.4 1.4 1.4 1.4 1.399851 1.52 1.52 1.52 1.52 1.5199517 1.3 1.3 1.3 1.3 1.2999653 0.87 0.87 0.87 0.86999991 0.7351546 
0.07 0.07 0.14877852 0.36 0.36 0.36 0.36 0.36 -0.099803642 -0.010000001 -0.01 -0.01 -0.0098813398 -0.059999856 -0.06 -0.06 -0.06 -0.06 0.34999832 0.33563985 0.21 0.21 0.21 0.46699344 1.1835789 0.93518841 0.726007 1.37 1.37 1.37 1.37 1.37 1.3688863 1.1793266 1.18 1.18 1.18 1.18 1.401652 0.89000113 0.89 0.89 0.89 0.45000249 1.2999998 1.3 1.3 0.38 0.86999215 0.87 0.87 0.73 0.73 
0.07 0.07 0.24 0.24 0.24 0.35996003 0.36 0.36 -0.0099999998 -0.01 -0.01 -0.01 -0.01 -0.059999998 -0.06 -0.06 -0.06 -0.06 0.21 0.21 0.21 0.21 0.21 0.64999998 0.65 0.65 0.65 1.37 1.37 1.37 1.37 1.37 1.12 1.12 1.18 1.18 1.18 0.11018222 0.11 0.89 0.89 0.89 0.88999982 0.45 0.45 0.45 0.38 0.38 0.38 0.81 0.81 0.73 0.73 
0.07 0.07 0.24 0.24 0.24 0.24 0.23999797 -0.13 -0.010112984 -0.01 -0.01 -0.01 -0.01 -0.059376295 -0.06 -0.06 -0.06 -0.06 0.20999999 0.21 0.21 0.21 0.21 0.65 0.65 0.65 0.65 0.65000291 1.37 1.37 1.37 1.1200131 1.12 1.12 1.12 1.18 0.11000001 0.11 0.11 0.13052326 -0.087889827 -0.27 -0.27 0.45 0.45 0.45 0.38 0.38 0.38 0.81 0.81 0.81 1.5904305 
-0.5 -0.49999553 0.24 0.24 0.24 0.24 -0.13 -0.13 -0.13 -0.01 -0.01 -0.01 -0.01 -0.010015543 -0.06 -0.06 -0.06 -0.06 0.20999507 0.21 0.21 0.20999999 0.57247452 0.65 0.65 0.65 0.65 0.59000005 0.59 0.59000001 1.3616192 1.12 1.12 1.12 1.1199989 0.020000016 0.11 0.11 0.11 0.11 -0.27 -0.27 -0.27 0.11 0.11 0.11 0.1900185 0.38 0.38 0.81 0.81 0.81 1.6799994 
-0.5 -0.5 0.24 0.24 0.24 -0.13 -0.13 -0.13 -0.13 -0.023163883 -0.010000001 -0.01 -0.010000001 -0.010002135 -0.56994131 -0.57 -0.57 -0.57 -0.60706288 -0.24 -0.24 -0.24 -0.24 0.65 0.65 0.65 0.64999604 0.59 0.59 0.59 0.59 1.1198494 0.50128182 0.02 0.02 0.02 0.10809586 -0.39998938 -0.4 -0.4 -0.26982768 -0.050000007 -0.05 0.11 0.11 0.11000034 0.19 0.19 1.43 1.43 1.43 1.34 1.48 
-0.5 -0.5 -0.89 -0.89 -0.89 -0.13 -0.13 -0.13 -0.13 -0.34 -0.34 -0.34 -0.34 -0.35620864 -0.57 -0.57 -0.57 -0.57 -0.62 -0.24 -0.24 -0.24 -0.24 -0.24 -0.23999965 0.64999869 0.59 0.59 0.59 0.59 0.3773644 0.17 0.037847943 0.02 0.02 0.02 -0.4 -0.4 -0.4 -0.4 -0.05 -0.05 -0.05 0.27989594 0.28 0.19040454 0.19 0.19 1.4299956 1.43 1.34 1.34 1.48 
-0.5 -0.89 -0.89 -0.89 -0.89 -0.89 -0.13458011 -0.72 -0.72 -0.34 -0.34 -0.34 -0.34 -0.34005447 -0.57 -0.57 -0.57 -0.57225916 -0.62 -0.62 -0.24 -0.24 -0.24 -0.24 -0.24 -0.24 0.59 0.59 0.59 0.59 0.17 0.17 0.17 0.020151788 0.02 0.02 -0.4 -0.4 -0.4 -0.4 -0.05 -0.05 -0.05 0.28 0.28 0.28001983 0.63 0.63 0.59 0.59 1.34 1.34 1.48 
-0.88633742 -0.89 -0.89 -0.89 -0.89 -0.89 -0.72 -0.72 -0.72 -0.51660812 -0.34 -0.34 -0.34 -0.34000241 -0.57 -0.57 -0.57 -0.62 -0.62 -0.62 -0.24001898 -0.24 -0.24 -0.24 -0.24 -0.24 0.589941 0.59 0.59 0.17009659 0.17 0.17 0.17 0.17 0.019826278 -0.35 -0.35 -0.35086534 -0.4 -0.4 -0.050000309 -0.05 0.27040518 0.28 0.28 0.62999987 0.63 0.63 0.59 0.59 0.49 0.49 0.53 
-0.89 -0.89 -0.89 -0.89 -0.89 -0.89 -0.72 -0.72 -0.72 -0.72 -0.40999798 -0.41 -0.41 -0.41 -0.56999975 -0.5507697 -0.54 -0.54 -0.61985252 -0.62 -0.61999993 -0.24 -0.24 -0.24 -0.24 -0.24 -0.23939654 0.59 0.58998565 0.17 0.17 0.17 0.17 0.17 -0.35 -0.35 -0.35 -0.35 -0.35 -0.34999999 -0.27 -0.27 -0.26999985 0.16 0.16 0.16 -0.41 -0.41 -0.38 -0.38 0.49 0.49000009 0.53 
-0.89 -0.89 -0.89 -0.89 -0.89 -0.89 -0.72 -0.72 -0.72 -0.41 -0.41 -0.41 -0.41 -0.41 -0.44426769 -0.54 -0.54 -0.54 -0.54 -0.54 -0.54381974 -0.24 -0.24 -0.24 -0.24 -0.27014497 -1.1984957 0.34626274 0.17207122 0.17 0.17 0.17 0.17 0.16999886 -0.35 -0.35 -0.35 -0.35 -0.35 -0.31278419 -0.27 -0.27 -0.27 0.16 0.16 0.16 -0.41 -0.41 -0.38 -0.38 0.31999999 0.51841551 0.53 
-0.89 -0.89 -0.89 -0.89 -0.89 -0.88999995 -0.72000004 -0.72 -0.70713327 -0.41 -0.41 -0.41 -0.41 -0.41 -0.4162356 -0.54 -0.54 -0.54 -0.54 -0.54 -0.54 -1.0511576 -1.1999987 -1.2 -1.2 -1.2 -1.2 -1.2 -0.35125403 -0.33999396 -0.33999999 -0.34 -0.34 -0.34000001 -0.35 -0.35 -0.35 -0.35 -0.35 -0.27000001 -0.27 -0.27 -0.27 -0.26999981 0.15834868 -0.87 -0.41000005 -0.26259499 -0.37989486 0.32 0.32 0.32457306 0.54 
-0.89 -0.89 -0.89 -0.89 -0.89 -0.88998914 -0.72000917 -0.71998124 -0.41000039 -0.41 -0.41 -0.41 -0.41 -0.41 -0.41247362 -0.54 -0.54 -0.54 -0.54 -0.54 -0.54 -1.2 -1.2 -1.2 -1.2 -1.2 -1.2 -1.2 -0.3402374 -0.34 -0.34 -0.34 -0.34 -0.34 -0.34274 -0.35 -0.35 -0.35 -0.35 -0.27 -0.27 -0.27 -0.27 -0.2701537 -0.87 -0.87 -0.86617681 -0.26 -0.26 0.32 0.32 0.54 0.54 
-0.89 -0.89 -0.89 -0.89 -0.89 -0.88977328 -0.72019307 -0.44498147 -0.41 -0.41 -0.41 -0.41 -0.41 -0.41 -0.41227587 -0.54 -0.54 -0.54 -0.54 -0.54 -0.63397201 -1.2 -1.2 -1.2 -1.2 -1.2 -1.2 -1.2 -0.34000345 -0.34 -0.34 -0.34 -0.34 -0.34 -0.34 -0.4582775 -0.62659796 -0.71863258 -0.73262836 -0.27449951 -0.27 -0.27 -0.27 -0.86995209 -0.87 -0.86295635 0.30999728 -0.26 -0.26 0.67001745 0.67 0.67 0.54000006 
-0.89 -0.89 -0.89 -0.89 -0.88999983 -0.88858213 -0.69438931 -0.41008524 -0.41 -0.41 -0.41 -0.41 -0.41 -0.41 -0.4130357 -0.54 -0.54 -0.54 -0.54 -0.54 -1.1999972 -1.2 -1.2 -1.2 -1.2 -1.2 -1.2 -1.2 -0.34000024 -0.34 -0.34 -0.34 -0.34 -0.34 -0.34000008 -0.74 -0.74 -0.74 -0.74 -0.34 -0.34 -0.34 -0.34 0.30999658 0.31 0.31 0.31 0.31000464 0.75 0.75 0.67 0.67 1.6137329 
-0.89 -0.89 -0.89 -0.88999999 -0.88999525 -0.88524398 -0.4315599 -0.41000405 -0.41 -0.41 -0.41 -0.41 -0.41 -0.41 -0.414413 -0.53999995 -0.54 -0.54 -0.54 -0.54397225 -1.2 -1.2 -1.2 -1.2 -1.2 -1.2 -1.2 -1.2 -0.34000019 -0.34 -0.34 -0.34 -0.34 -0.34 -0.73999963 -0.74 -0.74 -0.74 -0.74 -0.34 -0.34 -0.34 -0.34 -0.16456779 0.31 0.31 0.31 0.74999508 0.75 0.75 2.04 2.04 2.04 
-0.89 -0.89 -0.88999999 -0.88999961 -0.88995271 -0.85817227 -0.41118802 -0.41000101 -0.41 -0.41 -0.41 -0.41 -0.41 -0.41000001 -0.41627872 -0.53999694 -0.54 -0.54 -0.54000076 -1.1866274 -1.2 -1.2 -1.2 -1.2 -1.2 -1.2 -1.2 -1.2 -0.34000081 -0.34 -0.34 -0.34 -0.34 -0.79386589 -0.74000007 -0.74 -0.74 -0.74 -0.74 -0.34 -0.34 -0.34 -0.34 -0.34 0.31 0.31 0.31 0.75 0.75 0.75 2.04 2.04 2.04 
-0.89 -0.88999999 -0.88999984 -0.88999538 -0.88963662 -0.6245946 -0.41021195 -0.41000062 -0.41 -0.41 -0.41 -0.41 -0.41 -0.41000024 -0.4184969 -0.53995252 -0.54 -0.54000002 -0.54341714 -1.1999439 -1.2 -1.2 -1.2 -1.2 -1.2 -1.2 -1.2 -1.1999995 -0.34000539 -0.34 -0.34000044 -0.90549445 -0.96 -0.96 -0.96 -0.74 -0.74 -0.74 -0.74 -0.34 -0.34 -0.34 -0.34 -0.34 0.30998848 0.31 0.31000022 0.74999997 0.75 0.7500007 2.04 2.04 2.04 
