interpolatedSpi/03-02|21_1.tif
NCOLS 53
NROWS 52
XLLCORNER -116.03883
YLLCORNER 28.596182
DX 0.49850594
DY 0.49788537
NODATA_VALUE -9999
-0.27 -0.27 -0.34528205 -0.54 -0.57 -0.57 -0.86 -0.6 -0.49966313 -1.07 -1.3 -1.78 -1.6999152 -0.67 -0.76 -0.76 -0.76 -1.11 -1.19 -1.19 -1.19 -1.1899976 -0.94 -1.08 -1.08 -1.08 -1.5799905 -1.58 -1.58 -1.47 -1.47 -1.47 -1.47 -0.040000286 -0.04 -0.04 -0.04 -0.04 -0.04 -0.039999991 0.29637679 0.2998269 -0.38 -0.38 -0.38 -0.38 -0.37759899 1.09 1.09 1.09 1.6099989 1.61 1.61 
-0.27003466 -1.05 -0.85999996 -0.90490729 -0.88959776 -0.41 -0.34 -1.3592823 -1.63 -1.4 -1.26 -1.7 -1.7 -1.0786329 -0.67000575 -0.76 -1.11 -1.11 -1.1898957 -1.19 -1.19 -1.19 -1.0447331 -1.08 -1.08 -1.08 -1.71 -1.71 -1.47 -1.47 -1.47 -1.47 -1.47 -0.040000208 -0.04 -0.04 -0.04 -0.04 -0.040000037 -0.016239796 0.1699463 -0.31326231 -0.38 -0.38 -0.38 -0.38 -0.38 1.09 1.09 1.09 1.1331189 1.61 1.61 
-0.56999248 -0.57 -0.83 -0.24 -0.93 -1.26 -1.27 -1.63 -1.57 -1.76 -1.45 -1.97 -1.41 -2.35 -1.08 -1.85 -1.11 -1.11 -1.11 -1.7698314 -1.77 -1.77 -0.41 -1.08 -1.08 -1.08 -1.71 -1.71 -1.71 -1.47 -1.47 -1.47 -1.619234 -0.042504112 -0.044747011 -0.54532663 -0.55 -0.55 -0.45944298 0.17 0.17 0.16929669 -0.38 -0.38 -0.38 -0.38 -0.38 1.09 1.09 1.09 1.09 1.61 1.61 
-0.49 -0.56999999 -0.52006434 -0.34 -0.71 -1.04 -1.09 -1.52 -1.84 -1.5409372 -1.83 -1.92 -1.78 -2.35 -2.22 -1.85 -2.4354859 -2.4390681 -2.13 -1.77 -1.77 -2.19 -0.41 -0.41 -1.08 -1.0800031 -1.71 -1.71 -1.71 -0.55 -1.2248736 -1.78 -1.78 -1.779999 -0.55 -0.55 -0.55 -0.55 0.17 0.17 0.17 0.16999998 -0.38 -0.38 -0.38 -0.38 -0.38 1.0899815 1.09 1.09 1.09 1.6099461 1.61 
-0.49 -0.20000059 -0.52 -0.98422964 -0.71 -0.93 -1.1699454 -1.08 -0.86 -1.4899996 -1.7315912 -1.8500401 -2.13 -2.22 -2.22 -1.9817033 -2.44 -2.44 -2.13 -2.13 -1.7700008 -2.19 -1.93 -1.99 -1.46 -1.4599884 -1.71 -1.71 -0.55 -0.55 -1.78 -1.78 -1.78 -1.7366282 -0.55 -0.55 -0.55 0.17 0.17 0.17 0.17 0.16989285 -0.38000001 -0.38 -0.38 -0.38 -0.38 -0.36691518 1.09 1.0899493 -0.04 -0.04 -0.04 
-0.5 -0.31 -0.020000012 -0.83 -0.44 -0.23 -0.86 -0.8881663 -0.46 -0.82 -0.54 -1.59 -1.5900004 -1.99 -1.99 -1.5101835 -1.51 -0.89 -0.89 -2.1299997 -1.94 -1.94 -1.99 -1.46 -1.46 -1.41 -1.37 -1.37 -0.12004029 -0.55 -1.78 -1.78 -1.55 -1.5500167 -1.7099882 -0.57 -0.57 -0.058935893 0.17 0.17 -0.93861559 -0.94 -0.93999979 -2.6885161 -2.7297403 -2.7299994 -2.7299999 -2.7299991 -1.6591953 -0.04 -0.04 -0.04 -0.04 
0.64998609 0.06 0.15541394 0.73 1.13 -0.31 0.27000001 0.05 -0.7 -0.7 -0.54 -0.46 -0.6799998 -1.99 -2.2699992 -2.27 -1.51 -2.21 -1.82 -1.82 -1.9965518 -2.06 -2.06 -1.02 -1.41 -1.41 -1.37 -1.37 -0.1200542 -0.12099781 -1.6381741 -1.55 -1.55 -1.71 -1.71 -0.76607041 -0.57 -0.57 -0.64999723 -0.9399996 -0.94 -0.94 -0.94000049 -2.7299956 -2.73 -2.73 -2.73 -2.7299996 -2.03 -0.040394364 -0.04 -0.04 -0.04 
0.65 1.03 0.61 -0.01 -0.37997879 -0.13 0.15 -0.45999999 -0.78 -0.4 -0.4 0.09 -0.68 -0.68 -2.2590911 -2.0514183 -2.03 -1.53 -1.3900004 -1.82 -1.0847181 -1.1 -2 -1.11 -1.110005 -1.5 -0.99 -0.99000013 -1.0467412 -1.05 -1.64 -0.60278042 0.64 -1.71 -1.6834753 -0.93 -0.93 -0.65 -0.65 -0.94 -0.94 -0.94 -1.934324 -1.94 -2.73 -2.73 -2.73 -2.0300266 -2.03 -2.03 -0.04 -0.04 -0.04 
0.48989268 1.03 1.03 -0.18 -1.62 -0.16 -0.25 0.15 -0.46 -0.49987188 -0.35 -0.5 -0.5 -0.97 -0.96999972 -0.97295431 -0.97 -0.97 -1.5086288 -0.21000015 -0.92 -0.92 -2.24 -2.09458 -1.4606983 -1.5 -0.96 -0.99 -0.7911622 -0.79 -0.95 -0.3 -0.41079979 -0.71 -0.78 -1.01 -1.27 -1.25 -0.38040173 -0.93946435 -0.82 -1.16 -1.9399186 -1.94 -1.9444465 -2.73 -2.96 -2.03 -2.03 -2.03 -2.03 -0.14832148 -1.22 
-2.53 -2.53 -0.13 -0.63 -0.51 -0.56 0.29 0.75 -0.11 -0.50989379 -0.7 -0.34 -0.97 -0.97 -0.94 -0.94041146 -0.97 -0.97006351 -1.25 -0.21 -0.21 -0.30147184 -2.24 -1.450015 -1.45 -1.45 -0.96 -0.99 -0.99 -0.79 -0.79 -0.30041726 -0.52 -0.71 0.18 -1.01 -1.27 -1.44 -0.38 -1.6392552 -1.16 -1.262855 -1.44 -1.94 -1.94 -2.96 -2.96 -2.96 -2.03 -2.03 -0.91 -0.91 -0.91000012 
-2.53 -2.53 -0.92 -1.48 -0.84 -0.42 -0.31999999 0.29003116 0.63 0.45 -0.54 0.12 -0.33938854 -0.94 -0.94 -0.94003461 -1.24 -1.2405248 -1.25 -0.56 -0.56 -0.58 -0.58 -1.45 -1.45 -1.45 -0.99 -0.99 -0.99 -1.56 -1.56 -1.5599983 -0.23 -0.23 -1.27 -1.23 -0.39 -2.4399962 -1.51 -1.66 -1.66 -0.050004568 -1.44 -1.94 -1.490001 -2.72 -2.3924549 -2.39 -2.63 -2.63 -0.91 -0.91 -0.91 
-2.53 -1.8348897 -1.158972 -0.29001971 -0.24 -0.79 -0.32 0.29 0.62999716 0.45199418 0.12000043 0.12 0.8 -0.94 -0.94 -1.24 -1.24 -1.2400006 -1.25 -0.56 -0.56392759 -0.58 -0.58 -1.4499651 -1.45 -0.93719748 0.11 0.11 0.10999986 -1.56 -1.56 -0.81 -0.81 -0.23000285 -1.27 -1.25 -0.64656683 -2.44 -2.44 -1.6599999 -0.05 -0.05 -0.050010632 -1.49 -1.49 -2.72 -2.39 -2.39 -2.63 -2.63 -0.91 -0.91 -0.91 
-0.36 0.68421997 0.82991499 0.8218792 -0.24000292 -0.78998701 -0.32000001 0.28249126 0.60657052 0.62529972 0.8 0.8 0.8 0.8 -0.93975352 -1.24 -1.24 -1.2401291 -1.25 -0.56005643 -0.74 -0.74 -0.74 -0.74 -1.436672 0.11 0.11 0.11 0.11 0.10878522 -0.81 -0.81 -0.81 -0.81 -1.25 -1.25 -1.25 -2.382097 -2.4334658 -1.57 -1.57 -0.050081758 -1.6399949 -1.4900144 -1.49 -2.72 -2.39 -2.39 -2.63 -2.63 -0.91623997 -0.91 -0.10885469 
-0.36 0.83 0.83 0.83 0.83 0.82999932 -0.32120303 -0.031326587 0.54406282 0.79981238 0.8 0.8 0.8 0.8 0.79999986 -1.24 -1.24 -1.2406859 -1.2499982 -0.74 -0.74 -0.74 -0.74 -0.74 -0.74280693 -0.49431955 -0.75999982 -0.76 -0.76 -0.76 -0.81000001 -0.81 -0.81000035 -1.1 -1.1 -1.25 -0.91945481 -0.91 -1.5699996 -1.57 -1.57 -1.57 -1.64 -1.64 -1.64 -1.6475158 -1.0985268 -1.09 -1.09 -1.09 -1.09 0.22999976 0.23 
1.85 0.83 0.83 0.83 0.83 0.83 0.82999992 0.20346244 0.64945397 0.65 0.65 0.65 0.65 0.65 0.65 1.2866028 -1.1996923 -1.2413688 -0.74006412 -0.74 -0.74 -0.74 -0.74 -0.73999914 -0.87 -0.87 -0.86999985 -0.76 -0.76 -0.76102125 -1.27 -1.27 -1.1 -1.1 -1.1 -0.94043616 -0.91 -0.91 -0.91 -1.57 -1.57 -1.57 -1.64 -1.64 -1.64 -1.64 -1.09 -1.09 -1.09 -1.09 -1.09 0.23 0.23 
1.85 1.4702656 0.83 0.83 0.83 0.83 1.1499372 1.15 1.15 0.65 0.65 0.65 0.65 0.65 0.79339455 1.3 1.3 1.3 -0.0022511461 -7.5512549e-07 -4.4539621e-14 -7.414839e-25 -1.1248889e-26 -4.3700106e-18 -0.87 -0.87 -0.87 -0.87 -0.76 -1.27 -1.27 -1.27 -1.1 -1.1 -1.1 -1.42 -0.91067526 -0.91 -0.91 -1.5699473 -1.4652903 -1.2210461 -1.64 -1.64 -0.59324036 -0.59 -0.59 -1.0882904 -0.053634329 -0.050000091 -0.050000197 0.40997264 0.23000037 
1.85 0.97417162 0.89072552 0.83 0.83 1.1498109 1.15 1.15 1.15 1.1463969 0.65 0.65 0.65 0.65000008 1.3 1.3 1.3 1.3 0.0011612633 -6.7524677e-22 -3.1522028e-39 -3.2583102e-79 -3.6889155e-74 -9.2758427e-30 -0.86999998 -0.87 -0.87 -0.87 -0.87145494 -1.27 -1.27 -1.27 -2.06 -1.1000557 -1.42 -1.42 -1.42 -1.4226003 -1.2003892 -1.22 -1.22 -1.22 -0.79 -0.79 -0.59 -0.59 -0.59 -0.050000007 -0.05 -0.05 -0.05 0.41 0.41 
0.95063853 0.95 0.95 0.95 0.47 1.1499825 1.15 1.15 1.15 1.15 0.68558304 0.65000612 0.65000001 1.3 1.3 1.3 1.3 1.3 1.1658914 5.4352092e-13 8.6482344e-35 -1.2266592e-60 -2.2288404e-52 -1.1874406e-23 -0.57938913 -0.85000011 -0.85 -0.85 -0.85 -1.27 -2.06 -2.06 -2.06 -2.06 -1.42 -1.4200063 -1.66 -1.66 -1.2254941 -1.22 -1.22 -1.22 -0.79 -0.79 -0.62096689 -0.59 -0.59 -0.05 -0.05 -0.05 -0.045067604 0.41 0.41 
0.95 0.95 0.95 0.72396084 0.47 0.47 1.15 1.15 1.15 1.15 1.12 1.12 1.12 1.3 1.3 1.3 1.3 1.3000281 0.79 0.79 3.207631e-07 -5.6026225e-14 -0.0021911211 -0.09 -0.096841944 -0.85 -0.85 -0.85 -0.85 -2.0598768 -2.06 -2.06 -2.06 -2.06 -1.6599992 -1.66 -1.66 -1.66 -1.6583956 -1.22 -1.22 -1.22 -0.79 -0.79 -0.79 -0.59 -0.59 -0.050000011 -0.05 -0.05 0.41 0.41 0.41 
0.95 0.95 0.95 0.47 0.47 0.47 0.47000104 1.15 1.15 1.120031 1.12 1.12 1.12 1.1201122 1.4376018 1.47 1.47 1.47 0.79 0.79 0.79 -0.09 -0.09 -0.09 -0.089918763 -0.29924947 -0.85 -0.85 -0.84999999 -0.70644023 -0.43016032 -0.43 -0.43 -0.43 -1.247303 -0.67000225 -0.67 -0.67 -0.67 -0.31012451 -0.31 -0.31 -0.79 -0.79 -0.40000163 -0.39999998 -0.34 -0.34 -0.22 -0.22 -0.22 0.41 -0.099543998 
0.94999932 0.95 0.94999998 0.47 0.47 0.47 0.46999999 3.3454429e-07 1.1454019 1.1199184 1.12 1.12 1.12 1.1206868 1.47 1.47 1.47 1.4699998 0.79 0.79 0.79 -0.09 -0.09 -0.09 0.2 0.2 0.51 0.51 0.51 0.504872 -0.43 -0.43 -0.43 -0.43 -0.54993404 -0.67 -0.67 -0.67 -0.67 -0.31 -0.31 -0.31 -0.31283174 -0.4 -0.4 -0.4 -0.34 -0.34 -0.22 -0.22 -0.22 -0.1 -0.1 
0.73 0.81717125 0.04 0.04012475 0.47 0.0027194041 2.9946217e-41 1.7661382e-30 0.28421533 1.03 1.03 1.03 1.03 0.77000846 0.77 1.4699995 1.47 1.452083 0.79 0.79 0.79 0.17 0.17 0.17 0.2 0.2 0.51 0.51 0.51 0.50999991 0.38999479 0.3899977 -0.40939053 -0.4291209 -0.29015924 -0.29 -0.29 -0.29 -0.29 -0.31 -0.31 -0.31 -0.39504426 -0.4 -0.4 -0.39999996 -0.34 -0.34 -0.33999568 -0.22 -0.22000894 -0.42 -0.1 
0.86997341 0.86999986 0.04 0.04 0.04 1.5474048e-24 3.3479393e-86 6.7657249e-23 0.78 0.78 1.03 1.03 1.03 0.77 0.77 0.77 0.77 0.77000489 0.79 0.79 0.78999998 0.17 0.17 0.17 0.2 0.2 0.51 0.51 0.51 0.39135301 0.39 0.39 0.39 0.39 -0.28966446 -0.29 -0.29 -0.29 -0.29 -0.22000002 -0.22 -0.22 -0.22 -0.39999808 -0.15 -0.15 -0.15 -0.36 -0.36 -0.36 -0.42 -0.42 -0.42 
0.87 0.87 0.04 0.04 0.04 0.00021024714 3.4026124e-21 0.78 0.78 0.78 1.0299692 1.03 0.84206131 0.77000001 0.77 0.77 0.77 0.56 0.56 0.56 0.35 0.34999987 0.17000088 0.17 0.17020406 0.5 0.5 0.50000002 0.50999838 0.2500279 0.25000075 0.25002444 0.38976073 0.38987918 -0.1689799 -0.29 -0.29003351 -0.3 -0.3 -0.22 -0.22 -0.22 -0.22 -0.15 -0.15 -0.15 -0.15 -0.36 -0.36 -0.36 -0.42 -0.42 -0.42 
0.87 0.87 0.04 0.04 0.04 0.04 0.29193122 0.78 0.78 0.78 0.78001105 0.8 0.8 0.8 0.7701768 0.77 0.56139939 0.56 0.56 0.56 0.35 0.35 0.35 0.35 0.5 0.5 0.5 0.5 0.5 0.25 0.25 0.25 0.25 0.25000006 0.28 -0.3 -0.3 -0.3 -0.3 -0.29999854 0.15 0.15 0.15 -0.0061976089 -0.33 -0.33 -0.33 -0.36 -0.35999988 -0.24 -0.24 -0.34001946 -0.34 
0.87 0.87 0.33957172 0.04 0.04 0.040000004 0.22099373 0.77823519 0.78 0.78 0.7999999 0.8 0.8 0.8 0.8 0.7975053 0.56 0.56 0.56 0.56 0.35000162 0.35 0.35 0.35 0.5 0.5 0.5 0.5 0.5 0.30911651 0.25 0.25 0.25 0.28 0.28 0.27954962 -0.3 -0.3 -0.12553866 0.0099999739 0.15 0.15 0.15 -0.0051662529 -0.33 -0.33 -0.33 -0.36 -0.24149519 -0.24 -0.24 -0.34 -0.34 
0.65 0.65 0.65 0.19294377 0.039555318 0.22 0.22 0.22 0.22 0.32 0.32 0.79999997 0.8 0.8 0.8 0.79998474 0.56 0.56 0.56 0.56 0.44163719 0.35 0.35 0.37093633 1.1210562 0.5 0.5 0.5 0.33 0.33 0.33 0.32999966 0.28 0.28 0.28 0.28 0.0099999999 0.01 0.01 0.01 -0.1 -0.1 -0.1 -0.59998995 -0.6 -0.6 -0.59999991 -0.36 -0.36 -0.24014621 -0.24 -0.34000045 -0.34 
0.65 0.65 0.65 0.64995046 -0.27 -0.19874595 0.22 0.22 0.22 0.32 0.32 0.32 -0.31999995 -0.32 -0.32 -0.31999997 0.55934054 0.56 0.56 0.56 0.55685933 1.1499978 1.15 1.15 1.15 1.15 -0.12 -0.12 0.33 0.33 0.33 0.33 0.27999996 0.28 0.28 0.27999593 0.0099999885 0.01 0.01 0.0082891363 -0.1 -0.1 -0.1 -0.59997681 -0.6 -0.6 -0.6 -0.36 -0.36 -0.36000001 -0.43 -0.43 -5.2865458e-15 
0.65 0.65 0.65 -0.26999788 -0.27 -0.27 0.21999982 0.22 0.22 0.32 0.32 0.32 -0.32 -0.32 -0.32 -0.28039703 0.2 0.2 0.20000093 0.55796663 1.15 1.15 1.15 1.15 1.15 1.1490443 -0.12 -0.12 -0.12 0.33 0.33 0.32945933 0.23 0.23 0.23 -0.86 -0.86 -0.38 -0.38 -0.38 -1.29 -0.10037327 -0.10000649 -0.97 -0.97 -0.95597742 -0.60000057 -0.36 -0.36 -0.43 -0.43 -0.43 -3.0484741e-16 
0.65 0.65 0.65 -0.27 -0.27 -0.27 -0.27 0.22 0.22 0.32 0.32 -0.29440923 -0.32 -0.32 -0.32 0.2 0.2 0.2 0.2 0.2 1.15 1.15 1.15 1.15 1.15 -0.11999567 -0.12 -0.12 -0.12 -0.51 -0.51 -0.51 0.23 0.23 0.23 -0.86 -0.86 -0.38 -0.38 -1.29 -1.29 -1.29 -0.97 -0.97 -0.97 -0.97 -0.95110611 -0.74 -0.74 -0.74 -0.43 -0.34 -0.34 
0.65 0.65 0.64871886 -0.27 -0.27 -0.27 -0.27 -0.35568106 -0.36 -0.35883253 0.31999998 -0.31999581 -0.32 -0.32 -0.3199982 0.2 0.2 0.2 0.2 0.2 -0.33649282 1.15 1.15 1.15 1.1498043 -0.119982 -0.12 -0.12 -0.12 -0.51 -0.51 -0.51 -0.50989654 0.23 -0.86 -0.86 -0.86 -0.8599805 -0.38006206 -1.29 -1.29 -1.29 -0.97001943 -0.97 -0.97 -0.97 -0.74000433 -0.74 -0.74 -0.74 -0.34 -0.34 -0.34 
-0.84 -0.8399974 -0.26953626 -0.27 -0.27 -0.27 -0.35998085 -0.36 -0.36 -0.36 -0.27 -0.27 -0.27 -0.27 0.19783076 0.2 0.2 0.2 0.2 -0.39999964 -0.4 -0.4 0.20000016 0.2 0.2 0.2 0.17237988 -0.12 -0.91996724 -0.92 -0.92 -0.92 -0.92 -1.21 -1.21 -1.21 -1.21 -1.21 -1.42 -1.42 -1.42 -1.42 -1.42 -1.1696985 -1.17 -1.17 -1.17 -0.74 -0.74 -0.74 -0.34006302 -0.34 -0.34 
-0.84 -0.84 -0.84192551 -1.0699984 -1.0699998 -1.0693073 -0.36 -0.36 -0.36 -0.36 -0.27 -0.27 -0.27 -0.27 -0.27 0.2 0.2 0.2 -0.39999985 -0.4 -0.4 -0.4 0.2 0.2 0.2 0.2 0.2 0.19993116 -0.92005792 -0.92 -0.92 -0.92 -0.92002327 -1.0796126 -1.209865 -1.21 -1.21 -1.21 -1.42 -1.42 -1.42 -1.42 -1.42 -1.17 -1.17 -1.17 -1.17 -0.9689236 -0.74 -0.60156197 -0.6 -0.55 -0.55 
-0.84 -0.84 -1.0699709 -1.07 -1.07 -1.07 -0.88966299 -0.36 -0.36 -0.36 -0.27 -0.27 -0.27 -0.27 -0.27 0.19963718 0.2 -0.39982408 -0.4 -0.4 -0.4 -0.4 -0.022273888 0.2 0.2 0.2 0.2 0.19910065 -1.07 -1.07 -1.07 -1.07 -1.07 -0.98 -0.98 -0.98 -0.98 -0.98 -1.12 -1.12 -1.12 -1.12 -1.12 -1.1699512 -1.17 -1.17 -1.1699966 -1.16951 -0.6 -0.6 -0.6 -0.55000028 -0.55 
-0.84000064 -1.1831764 -1.07 -1.07 -1.07 -1.07 -1.07 -0.36030231 -0.36 -0.36 -0.27 -0.27 -0.27 -0.27 -0.39711252 -0.4 -0.4 -0.4 -0.4 -0.4 -0.4 -0.4 -0.39999991 0.2 0.2 0.2 0.2 -0.8200002 -0.82000012 -0.87320608 -1.07 -1.07 -1.07 -0.98 -0.98 -0.98 -0.98 -0.97991873 -1.12 -1.12 -1.12 -1.12 -1.1200023 -1.15 -1.15 -1.15 -1.15 -1.1499556 -0.6 -0.6 -0.6 -0.5999998 -0.27412368 
-1.19 -1.19 -1.2152328 -1.07 -1.07 -1.07 -1.07 -1.07 -0.36030368 -0.74999999 -0.75 -0.75 -0.74886086 -0.39999981 -0.4 -0.4 -0.4 -0.4 -0.3999976 -0.3794855 -0.2 -0.2 -0.2 -0.10147708 0.13997272 -0.18122188 -0.4524013 -0.82 -0.82 -0.82 -0.82 -0.82 -0.82761363 -0.85820426 -0.86 -0.86 -0.86 -0.86 -1.1256354 -1.1499999 -1.15 -1.15 -1.15 -0.92000067 -1.1499999 -1.15 -1.15 -0.82 -0.60000352 -0.6 -0.6 -0.27 -0.27 
-1.19 -1.19 -1.51 -1.51 -1.51 -1.0701466 -1.07 -1.07 -0.75 -0.75 -0.75 -0.75 -0.75 -0.40000002 -0.4 -0.4 -0.4 -0.4 -0.2 -0.2 -0.2 -0.2 -0.2 -0.54999998 -0.55 -0.55 -0.55 -0.82 -0.82 -0.82 -0.82 -0.82 -0.7 -0.7 -0.86 -0.86 -0.86 -0.76001703 -0.76 -1.15 -1.15 -1.15 -1.15 -0.92 -0.92 -0.92 -0.82 -0.82 -0.82 -0.23 -0.23 -0.27 -0.27 
-1.19 -1.19 -1.51 -1.51 -1.51 -1.51 -1.5099988 -1.29 -0.75050843 -0.75 -0.75 -0.75 -0.75 -0.40436593 -0.4 -0.4 -0.4 -0.4 -0.2 -0.2 -0.2 -0.2 -0.2 -0.55 -0.55 -0.55 -0.55 -0.55000111 -0.82 -0.82 -0.82 -0.70000629 -0.7 -0.7 -0.7 -0.86 -0.76 -0.76 -0.76 -0.77026163 -1.0825593 -1.07 -1.07 -0.92 -0.92 -0.92 -0.82 -0.82 -0.82 -0.23 -0.23 -0.23 0.17380101 
-1.16 -1.1600002 -1.51 -1.51 -1.51 -1.51 -1.29 -1.29 -1.29 -0.75 -0.75 -0.75 -0.75 -0.7498912 -0.4 -0.4 -0.4 -0.4 -0.20000356 -0.2 -0.2 -0.2 -0.48834277 -0.55 -0.55 -0.55 -0.55 -0.74999984 -0.75 -0.75 -0.81924423 -0.7 -0.7 -0.7 -0.70000001 -0.71 -0.76 -0.76 -0.76 -0.76 -1.07 -1.07 -1.07 -0.64 -0.64 -0.64 0.23989677 -0.82 -0.82 -0.23 -0.23 -0.23 0.21999989 
-1.16 -1.16 -1.51 -1.51 -1.51 -1.29 -1.29 -1.29 -1.29 -0.8092002 -0.75 -0.75 -0.75 -0.74999746 -0.10003452 -0.1 -0.1 -0.1 -0.28987956 -0.29 -0.29 -0.29 -0.29 -0.55 -0.55 -0.55 -0.55001319 -0.75 -0.75 -0.75 -0.75 -0.70002884 -0.70562471 -0.71 -0.71 -0.71 -0.7599625 -0.75000021 -0.75 -0.75 -1.0694047 -0.31000002 -0.31 -0.64 -0.64 -0.63999627 0.24 0.24 -0.12 -0.12 -0.12 0.46 0.18 
-1.16 -1.16 -1.17 -1.17 -1.17 -1.29 -1.29 -1.29 -1.29 -0.99 -0.99 -0.99 -0.99 -0.92727962 -0.1 -0.1 -0.1 -0.1 -0.29 -0.29 -0.29 -0.29 -0.29 -0.44 -0.44000004 -0.54999984 -0.75 -0.75 -0.75 -0.75 -0.84112954 -0.93 -0.73617698 -0.71 -0.71 -0.71 -0.75 -0.75 -0.75 -0.75 -0.31 -0.31 -0.31 0.29980765 0.3 0.2402697 0.24 0.24 -0.1199968 -0.12 0.46 0.46 0.18 
-1.16 -1.17 -1.17 -1.17 -1.17 -1.17 -1.29 -1.29 -1.29 -0.99 -0.99 -0.99 -0.99 -0.98978922 -0.1 -0.1 -0.1 -0.1085848 -0.29 -0.29 -0.29 -0.29 -0.44 -0.44 -0.44 -0.44 -0.75 -0.75 -0.75 -0.75 -0.93 -0.93 -0.93 -0.71022262 -0.71 -0.71 -0.75 -0.75 -0.75 -0.75 -0.31 -0.31 -0.31 0.3 0.3 0.30000737 0.43 0.43 0.54 0.54 0.46 0.46 0.18 
-1.1699061 -1.17 -1.17 -1.17 -1.17 -1.17 -1.29 -1.29 -1.29 -1.1294275 -0.99 -0.99 -0.99 -0.98999886 -0.1 -0.1 -0.1 -0.29 -0.29 -0.29 -0.29 -0.29000092 -0.44 -0.44 -0.44 -0.44 -0.74997796 -0.75 -0.75 -0.9299586 -0.93 -0.93 -0.93 -0.93 -0.71037062 -0.6 -0.6 -0.60259601 -0.75 -0.75 -0.31000039 -0.31 0.28226412 0.3 0.3 0.42999995 0.43 0.43 0.54 0.54 0.21 0.21 -0.35 
-1.17 -1.17 -1.17 -1.17 -1.17 -1.17 -1.29 -1.29 -1.29 -1.29 -1.1499954 -1.15 -1.15 -1.15 -0.10000208 -0.33076356 -0.46 -0.46 -0.29031339 -0.29 -0.29 -0.43999978 -0.44 -0.44 -0.44 -0.44 -0.44022539 -0.75 -0.75000615 -0.93 -0.93 -0.93 -0.93 -0.93 -0.6 -0.6 -0.6 -0.6 -0.6 -0.60000021 -0.46 -0.46 -0.46000002 -0.53 -0.53 -0.53 -0.61 -0.61 -0.83 -0.83 0.21 0.20999878 -0.35 
-1.17 -1.17 -1.17 -1.17 -1.17 -1.17 -1.29 -1.29 -1.29 -1.15 -1.15 -1.15 -1.15 -1.15 -0.96811765 -0.46 -0.46 -0.46 -0.46 -0.46 -0.45188306 -0.44 -0.44 -0.44 -0.44 -0.42869564 -0.080564117 -0.65876953 -0.92911233 -0.93 -0.93 -0.93 -0.93 -0.92999928 -0.6 -0.6 -0.6 -0.6 -0.6 -0.53487233 -0.46 -0.46 -0.46 -0.53 -0.53 -0.53 -0.61 -0.61 -0.83 -0.83 -0.23000001 -0.34338005 -0.35 
-1.17 -1.17 -1.17 -1.17 -1.17 -1.17 -1.29 -1.29 -1.2841892 -1.15 -1.15 -1.15 -1.15 -1.15 -1.1169034 -0.46 -0.46 -0.46 -0.46 -0.46 -0.46 -0.13623212 -0.080000504 -0.08 -0.08 -0.08 -0.08 -0.08 -0.13998921 -0.14000935 -0.14000002 -0.14 -0.14 -0.14000033 -0.6 -0.6 -0.6 -0.6 -0.6 -0.46000002 -0.46 -0.46 -0.46 -0.46000003 -0.52990381 -0.47 -0.60999999 0.16633308 -0.82911504 -0.23 -0.23 -0.21129202 0.67 
-1.17 -1.17 -1.17 -1.17 -1.17 -1.1700077 -1.2899935 -1.2899915 -1.1500002 -1.15 -1.15 -1.15 -1.15 -1.15 -1.1368708 -0.46 -0.46 -0.46 -0.46 -0.46 -0.46 -0.08 -0.08 -0.08 -0.08 -0.08 -0.08 -0.08 -0.13998344 -0.14 -0.14 -0.14 -0.14 -0.14 -0.26603995 -0.6 -0.6 -0.6 -0.6 -0.46 -0.46 -0.46 -0.46 -0.46000256 -0.47 -0.47 -0.46592611 0.18 0.18 -0.23 -0.23 0.67 0.67 
-1.17 -1.17 -1.17 -1.17 -1.17 -1.17016 -1.2898536 -1.1657981 -1.15 -1.15 -1.15 -1.15 -1.15 -1.15 -1.1379204 -0.46 -0.46 -0.46 -0.46 -0.46 -0.40589491 -0.08 -0.08 -0.08 -0.08 -0.08 -0.08 -0.08 -0.13999976 -0.14 -0.14 -0.14 -0.14 -0.14 -0.14 -0.58332938 -0.55744647 -0.5432873 -0.54113687 -0.47542688 -0.46000001 -0.46 -0.46 -0.4699992 -0.47 -0.46803017 -0.13999847 0.18 0.18 0.46994112 0.47 0.47 0.66999991 
-1.17 -1.17 -1.17 -1.17 -1.1700001 -1.1710007 -1.2770553 -1.1500385 -1.15 -1.15 -1.15 -1.15 -1.15 -1.15 -1.1338874 -0.46 -0.46 -0.46 -0.46 -0.46 -0.080001641 -0.08 -0.08 -0.08 -0.08 -0.08 -0.08 -0.08 -0.13999998 -0.14 -0.14 -0.14 -0.14 -0.14 -0.14000008 -0.54 -0.54 -0.54 -0.54 -0.7 -0.7 -0.7 -0.7 -0.14000096 -0.14 -0.14 -0.14 -0.1399962 0.2 0.2 0.47 0.47 0.3590725 
-1.17 -1.17 -1.17 -1.17 -1.1700034 -1.1731942 -1.1593979 -1.1500018 -1.15 -1.15 -1.15 -1.15 -1.15 -1.15 -1.1265771 -0.46000028 -0.46 -0.46 -0.46 -0.45771295 -0.08 -0.08 -0.08 -0.08 -0.08 -0.08 -0.08 -0.08 -0.13999999 -0.14 -0.14 -0.14 -0.14 -0.14 -0.53999963 -0.54 -0.54 -0.54 -0.54 -0.7 -0.7 -0.7 -0.7 -0.54885841 -0.14 -0.14 -0.14 0.1999962 0.2 0.2 0.31 0.31 0.31 
-1.17 -1.17 -1.17 -1.1700003 -1.1700325 -1.1756401 -1.1504963 -1.1500005 -1.15 -1.15 -1.15 -1.15 -1.15 -1.15 -1.1166745 -0.46001623 -0.46 -0.46 -0.45999956 -0.087699402 -0.08 -0.08 -0.08 -0.08 -0.08 -0.08 -0.08 -0.08 -0.13999994 -0.14 -0.14 -0.14 -0.14 -0.44745761 -0.54000001 -0.54 -0.54 -0.54 -0.54 -0.7 -0.7 -0.7 -0.7 -0.7 -0.14 -0.14 -0.14 0.2 0.2 0.2 0.31 0.31 0.31 
-1.17 -1.17 -1.1700001 -1.1700032 -1.1701588 -1.1646356 -1.1500838 -1.1500003 -1.15 -1.15 -1.15 -1.15 -1.15 -1.1499987 -1.1049011 -0.460252 -0.46000001 -0.45999999 -0.45803256 -0.080032311 -0.08 -0.08 -0.08 -0.08 -0.08 -0.08 -0.08 -0.080000035 -0.13999962 -0.14 -0.1400003 -0.52307689 -0.56 -0.56 -0.56 -0.54 -0.54 -0.54 -0.54 -0.7 -0.7 -0.7 -0.7 -0.7 -0.14000993 -0.14 -0.13999983 0.19999998 0.2 0.20000006 0.31 0.31 0.31 
