interpolatedSpi/03-07|23_1.tif
NCOLS 53
NROWS 52
XLLCORNER -116.03883
YLLCORNER 28.596182
DX 0.49850594
DY 0.49788537
NODATA_VALUE -9999
[rows 0 to 28 of 52, columns 0 to 52 of 53]
-0.028333333 -0.028333333 -0.16013105 -0.38166667 0.028333333 0.12 -0.03 0.055 -0.55224268 -0.455 -0.49333333 -0.46 -0.85498806 -0.71 -0.68166667 -0.68166667 -0.68166667 -0.69666667 -0.56 -0.56 -0.56 -0.55999385 0.078333325 -0.775 -0.775 -0.775 -0.18999654 -0.19 -0.19 -0.93833333 -0.93833333 -0.93833333 -0.93833333 -1.5166666 -1.5166667 -1.5166667 -1.5166667 -1.5166667 -1.5166667 -1.5166666 0.22952463 0.24801905 -0.985 -0.985 -0.985 -0.985 -0.98474139 -0.82666667 -0.82666667 -0.82666667 -0.2316679 -0.23166667 -0.23166667
-0.028354734 -0.51 -0.13166672 -0.13487433 -0.19000827 -0.24 -0.37166667 -0.49141787 -0.53333333 -0.8 -0.755 -0.855 -0.855 -0.60368901 -0.70999846 -0.68166667 -0.69666667 -0.69666667 -0.5601782 -0.56 -0.56 -0.56 -0.78877337 -0.775 -0.775 -0.775 -0.825 -0.825 -0.93833333 -0.93833333 -0.93833333 -0.93833333 -0.93833333 -1.5166666 -1.5166667 -1.5166667 -1.5166667 -1.5166667 -1.5166666 -1.3772764 -0.6384041 -0.94293514 -0.985 -0.985 -0.985 -0.985 -0.985 -0.82666667 -0.82666667 -0.82666667 -0.7773287 -0.23166667 -0.23166667
0.22831699 0.22833333 -0.18166667 -0.41333333 -0.31833333 0.01 -0.40166667 -0.19666667 -0.85666667 -1.1016667 -0.86833333 -1.0066667 -1.0516667 -0.81 -0.60333333 -1.2633333 -0.69666667 -0.69666667 -0.69666667 -0.47669089 -0.47666667 -0.47666667 -1.0366667 -0.775 -0.775 -0.775 -0.825 -0.825 -0.825 -0.93833333 -0.93833333 -0.93833335 -1.0779394 -1.5157398 -1.513502 -1.1797822 -1.1766667 -1.1766667 -1.1089585 -0.63833334 -0.63833333 -0.63877663 -0.985 -0.985 -0.985 -0.985 -0.985 -0.82666667 -0.82666667 -0.82666667 -0.82666667 -0.23166667 -0.23166667
0.3 0.22833323 -0.27010851 -0.33166667 -0.71666667 -0.535 -0.44833333 -0.82666667 -0.42666667 -0.68989228 -0.83166667 -0.88 -1.045 -0.81 -0.94 -1.2633333 -0.84985456 -0.84656157 -0.88 -0.47666667 -0.47666667 -1.1016667 -1.0366667 -1.0366667 -0.775 -0.77500025 -0.825 -0.825 -0.825 -0.97333333 -1.1132462 -1.2283333 -1.2283333 -1.2283333 -1.1766667 -1.1766667 -1.1766667 -1.1766667 -0.63833333 -0.63833333 -0.63833333 -0.63833335 -0.985 -0.985 -0.985 -0.985 -0.985 -0.82666866 -0.82666667 -0.82666667 -0.82666667 -0.2316971 -0.23166667
0.3 0.21833244 -0.27 -0.69035036 -0.71666667 -0.905 -0.88003389 -1.2083333 -1.3583333 -0.82833357 -0.81912719 -0.8099365 -0.36666667 -0.94 -0.94 -1.1497954 -0.84666667 -0.84666667 -0.88 -0.88 -0.47666791 -1.1016667 -0.80833333 -0.43 -0.655 -0.6549903 -0.825 -0.825 -0.97333333 -0.97333333 -1.2283333 -1.2283333 -1.2283333 -1.2119902 -1.1766667 -1.1766667 -1.1766667 -0.63833333 -0.63833333 -0.63833333 -0.63833333 -0.63836664 -0.985 -0.985 -0.985 -0.985 -0.985 -0.98359064 -0.82666667 -0.82668176 -1.1633333 -1.1633333 -1.1633333
-0.70666667 -0.27 -0.39499998 -0.62 -0.43333333 -0.89166667 -1.1 -1.1138698 -0.91166667 -1.3266667 -1.365 -1.015 -1.0149996 -0.96 -0.96 -0.71495453 -0.715 -0.985 -0.985 -0.87999973 -1.0633333 -1.0633333 -0.43 -0.655 -0.655 -0.61333333 -1.0583333 -1.0583333 -0.8016829 -0.97333333 -1.2283333 -1.2283333 -1.1416667 -1.1416259 -0.75169464 -0.88833333 -0.88833333 -0.71567654 -0.63833333 -0.63833333 -0.98290304 -0.98333333 -0.9833326 -0.82618719 -0.8233512 -0.82333338 -0.82333334 -0.8233334 -1.07742 -1.1633333 -1.1633333 -1.1633333 -1.1633333
0.22332887 0.086666667 -0.045857194 -0.51666667 -0.59166667 -0.965 -0.78166667 -1.0566667 -1.3566667 -1.3566667 -1.365 -1.3233333 -1.2049999 -0.96 -0.52666796 -0.52666667 -0.715 -0.36166667 -0.57 -0.57 -0.89917606 -0.715 -0.715 -0.63333333 -0.61333333 -0.61333333 -1.0583333 -1.0583333 -0.80169464 -0.80218167 -0.6685629 -1.1416667 -1.1416667 -0.75166667 -0.75166667 -0.92645814 -0.88833333 -0.88833333 -1.3683167 -0.98333387 -0.98333333 -0.98333333 -0.98332896 -0.82333331 -0.82333333 -0.82333333 -0.82333333 -0.82333348 -1.0716667 -1.1633152 -1.1633333 -1.1633333 -1.1633333
0.22333333 -0.615 -0.0083333333 -0.95 -0.6266852 -0.855 -1.32 -1.335 -0.81333333 -1.155 -1.155 -0.79 -1.205 -1.205 -0.53132066 -0.62077822 -0.63 -0.37833333 -0.61499995 -0.57 -0.4525599 -0.41166667 -0.89333333 -0.15833334 -0.15834 -0.675 -0.81 -0.81000009 -1.2799847 -1.2816667 -0.66666667 -0.70247435 -0.765 -0.75166667 -0.75323533 -0.95833333 -0.95833333 -1.3683333 -1.3683333 -0.98333333 -0.98333333 -0.98333333 -0.81639727 -0.81833333 -0.82333333 -0.82333333 -0.82333333 -1.0716572 -1.0716667 -1.0716667 -1.1633333 -1.1633333 -1.1633333
-0.73080953 -0.61499999 0.20166667 -0.67 -0.685 -1.315 -0.93333333 -0.565 -1.0716667 -0.58124254 -0.31333333 -0.95666666 -0.95666667 -0.515 -0.51500083 -0.77127183 -0.77166667 -0.77166667 -0.41446087 -0.87666667 -0.89333333 -0.89333333 -1.3666667 -1.0798662 -0.62293364 -0.675 -0.76666667 -0.81 -0.59624937 -0.595 -0.685 -0.76666667 -0.62732292 -1.0583333 -0.80666667 -0.965 -0.87 -0.68833333 -0.57172054 -0.9819942 -0.68333333 -0.485 -0.81826034 -0.81833333 -0.81836148 -0.82333333 -1.11 -1.0716667 -1.0716667 -1.0716667 -1.0716667 -1.0460888 -0.018333333
-1.3783333 -1.3783333 0.028333333 -0.22666667 -1.145 -0.9 -0.685 -0.98666667 -0.71333333 -0.45668684 -0.70166667 -0.46333333 -0.515 -0.515 -0.60333333 -0.6056421 -0.77166667 -0.77151149 -0.068333333 -0.87666667 -0.87666667 -0.87881386 -1.3666667 -0.76167812 -0.76166667 -0.76166667 -0.76666667 -0.68666667 -0.68666667 -0.595 -0.595 -0.76614194 -0.49 -1.0583333 -0.90666667 -0.965 -0.87 -1.19 -0.57166667 -0.30112358 -0.48500001 -0.44275597 -0.37 -0.81833333 -0.81833333 -1.11 -1.11 -1.11 -1.0716667 -1.0716667 -0.22166667 -0.22166667 -0.22166659
-1.3783333 -1.3783333 -0.56333333 -0.72333333 -0.91 -0.43666667 -1.1616667 -0.35582053 -0.28 -0.51 -0.625 -0.145 -0.46290961 -0.60333333 -0.60333333 -0.60329661 -0.285 -0.27362832 -0.068333333 0.023333333 0.023333333 -0.011666667 -0.011666667 -0.76166667 -0.76166667 -0.76166667 -0.68666667 -0.68666667 -0.68666667 -0.79166667 -0.79166667 -0.79166617 -0.77 -0.77 -1.4233333 -0.99833333 -0.63166667 -0.66167177 -0.47666667 -0.29666667 -0.29666667 -0.39499992 -0.37 -0.81833333 -0.35000009 -0.34833333 -0.25536331 -0.25166667 -0.185 -0.185 -0.22166667 -0.22166667 -0.22166667
-1.3783333 -1.0264224 -0.63161104 -0.97831979 -0.57166667 -0.66833333 -1.1616667 -0.355 -0.28000063 -0.50745188 -0.14500048 -0.145 0.025 -0.60333333 -0.60333333 -0.28500001 -0.285 -0.28498767 -0.068333333 0.023333333 0.016460045 -0.011666667 -0.011666667 -0.76163631 -0.76166667 -0.65483281 -0.43666667 -0.43666667 -0.4366667 -0.79166667 -0.79166667 -0.31 -0.31 -0.77000179 -1.4233333 -0.40833378 -0.73268943 -0.66166667 -0.66166667 -0.29666667 -0.395 -0.395 -0.39499967 -0.35 -0.35 -0.34833333 -0.25166667 -0.25166667 -0.185 -0.185 -0.22166667 -0.22166667 -0.22166667
-0.49666667 -0.5822742 -0.58167184 -0.58453406 -0.57166728 -0.66833105 -1.1616667 -0.3649296 -0.28516827 -0.28600591 0.025 0.025 0.025 0.025 -0.60324433 -0.285 -0.285 -0.28220249 -0.068333333 0.02337229 0.16 0.16 0.16 0.16 -0.7458036 -0.43666667 -0.43666667 -0.43666667 -0.43666667 -0.43678293 -0.31 -0.31 -0.31 -0.31 -0.40833333 -0.40833333 -0.40833333 -0.65015172 -0.65932588 -0.35 -0.35 -0.39499758 -0.35333322 -0.35000032 -0.35 -0.34833333 -0.25166667 -0.25166667 -0.185 -0.185 -0.22153364 -0.22166667 -0.54131858
-0.49666667 -0.58166667 -0.58166667 -0.58166667 -0.58166667 -0.5816667 -1.1604038 -0.77997226 -0.29895677 0.024665839 0.025 0.025 0.025 0.025 0.025000228 -0.285 -0.28499997 -0.27013815 -0.068335611 0.16 0.16 0.16 0.16 0.16 0.15960136 -0.18869778 -0.1083334 -0.10833333 -0.10833333 -0.10833333 -0.30999999 -0.31 -0.30999943 0.165 0.165 -0.40833333 0.093965724 0.10833333 -0.34999973 -0.35 -0.35 -0.35 -0.35333333 -0.35333333 -0.35333333 -0.35329854 -1.6862327e-06 0.0016666667 0.0016666667 0.0016666667 0.0016666633 -0.43833329 -0.43833333
-0.66666667 -0.58166667 -0.58166667 -0.58166667 -0.58166667 -0.58166667 -0.5816667 -0.67814284 0.34969979 0.35333333 0.35333333 0.35333333 0.35333333 0.35333333 0.35333333 0.45123022 -0.27326374 -0.25533092 0.15997122 0.16 0.16 0.16 0.16 0.16000006 0.14166667 0.14166667 0.14166632 -0.10833333 -0.10833333 -0.10736215 0.37666667 0.37666667 0.165 0.165 0.165 0.11741078 0.10833333 0.10833333 0.10833333 -0.35 -0.35 -0.35 -0.35333333 -0.35333333 -0.35333333 -0.35333333 0.0016666615 0.0016666667 0.0016666667 0.0016666667 0.0016666667 -0.43833333 -0.43833333
-0.66666667 -0.63502213 -0.58166667 -0.58166667 -0.58166667 -0.58166667 0.054875044 0.055 0.055000007 0.35333333 0.35333333 0.35333333 0.35333333 0.35333333 0.37539403 0.45333333 0.45333333 0.45333333 0.21150973 0.21166661 0.21166667 0.21166667 0.21166667 0.21166667 0.14166667 0.14166667 0.14166667 0.14166667 -0.10833333 0.37666667 0.37666667 0.37666667 0.16500002 0.165 0.165 0.25833333 0.10853194 0.10833333 0.10833333 -0.35001229 -0.37493089 -0.43308427 -0.35333333 -0.35333333 -0.31013373 -0.31 -0.31 0.0014106461 -0.15279168 -0.15333332 -0.1533333 0.10991694 -0.43833222
-0.66666667 -0.26443428 -0.41551488 -0.58166667 -0.58166667 0.054623827 0.055 0.055 0.055 0.057149875 0.35333333 0.35333333 0.35333333 0.35333335 0.45333333 0.45333333 0.45333333 0.45333333 0.21188254 0.21166667 0.21166667 0.21166667 0.21166667 0.21166667 0.14166667 0.14166667 0.14166667 0.14166667 0.14252144 0.37666667 0.37666667 0.37666667 0.35 0.16501396 0.25833333 0.25833333 0.25833333 0.25531753 -0.39902942 -0.43333333 -0.43333333 -0.43333333 -0.38333333 -0.38333333 -0.31 -0.31 -0.31 -0.15333334 -0.15333333 -0.15333333 -0.15333333 0.11 0.11
-0.25355091 -0.25333333 -0.25333333 -0.25333333 0.14666667 0.055002365 0.055 0.055 0.055 0.055 0.32860188 0.35332908 0.35333332 0.45333333 0.45333333 0.45333333 0.45333333 0.45333333 0.43522967 0.21166667 0.21166667 0.21166667 0.21166667 0.21166667 0.20078413 0.23666615 0.23666667 0.23666667 0.23666667 0.37666667 0.35 0.35 0.35 0.35 0.25833333 0.25832614 -0.015 -0.015 -0.42810982 -0.43333333 -0.43333333 -0.43333333 -0.38333333 -0.38333333 -0.32135453 -0.31 -0.31 -0.15333333 -0.15333333 -0.15333333 -0.15050972 0.11 0.11
-0.25333333 -0.25333333 -0.25333333 -0.064967366 0.14666667 0.14666667 0.055 0.055 0.055 0.055 0.026666667 0.026666667 0.026666667 0.45333333 0.45333333 0.45333333 0.45333333 0.45334352 0.46666667 0.46666667 0.21166677 0.21166667 0.21393894 0.305 0.30438483 0.23666667 0.23666667 0.23666667 0.23666667 0.34998846 0.35 0.35 0.35 0.35 -0.014999039 -0.015 -0.015 -0.015 -0.016481 -0.43333333 -0.43333333 -0.43333333 -0.38333333 -0.38333333 -0.38333333 -0.31 -0.31 -0.15333333 -0.15333333 -0.15333333 0.11 0.11 0.11
-0.25333333 -0.25333333 -0.25333333 0.14666667 0.14666667 0.14666667 0.14666653 0.055 0.055 0.026695915 0.026666667 0.026666667 0.026666667 0.0269325 0.50324772 0.515 0.515 0.515 0.46666667 0.46666667 0.46666667 0.305 0.305 0.305 0.30502801 0.32496159 0.23666667 0.23666667 0.23666667 0.17393029 0.13668765 0.13666667 0.13666667 0.13666667 -0.084697169 -0.18333295 -0.18333333 -0.18333333 -0.18333333 -0.050052451 -0.05 -0.05 -0.38333333 -0.38333333 -0.083334586 -0.083333319 -0.041666667 -0.041666667 0.06 0.06 0.06 0.11 0.10666965
-0.25333285 -0.25333333 -0.25333332 0.14666667 0.14666667 0.14666667 0.14666666 -0.069999964 0.054500201 0.026764901 0.026666667 0.026666667 0.026666667 0.027624911 0.515 0.515 0.515 0.51499999 0.46666667 0.46666667 0.46666667 0.305 0.305 0.305 0.405 0.405 0.46666667 0.46666667 0.46666667 0.46486641 0.13666667 0.13666667 0.13666667 0.13666667 -0.023245493 -0.18333333 -0.18333333 -0.18333333 -0.18333333 -0.05 -0.05 -0.05 -0.051048794 -0.083333333 -0.083333333 -0.083333333 -0.041666667 -0.041666667 0.06 0.06 0.06 0.10666667 0.10666667
-0.098333333 -0.17079056 -0.31833333 -0.31819843 0.14666667 -0.068746374 -0.07 -0.07 0.055710627 0.135 0.135 0.135 0.135 0.53665359 0.53666667 0.51500002 0.515 0.51372649 0.46666667 0.46666667 0.46666667 0.21666667 0.21666667 0.21666667 0.405 0.405 0.46666667 0.46666667 0.46666667 0.46666645 0.16999979 0.16999991 0.13750445 0.1367024 -0.29450673 -0.295 -0.295 -0.295 -0.295 -0.05 -0.05 -0.05 -0.081497956 -0.083333333 -0.083333333 -0.083333361 -0.041666667 -0.041666667 -0.041663007 0.06 0.059986958 -0.23166667 0.10666667
0.028309279 0.028333273 -0.31833333 -0.31833333 -0.31833333 -0.07 -0.07 -0.07 0.275 0.275 0.135 0.135 0.135 0.53666667 0.53666667 0.53666667 0.53666667 0.53665882 0.46666667 0.46666667 0.46666666 0.21666667 0.21666667 0.21666667 0.405 0.405 0.46666667 0.46666667 0.46666667 0.17334494 0.17 0.17 0.17 0.17 -0.29477055 -0.295 -0.295 -0.295 -0.295 -0.13999998 -0.14 -0.14 -0.14 -0.08333451 -0.23666667 -0.23666667 -0.23666667 -0.38 -0.38 -0.38 -0.23166667 -0.23166667 -0.23166667
0.028333333 0.028333333 -0.31833333 -0.31833333 -0.31833333 -0.071305284 -0.07 0.275 0.275 0.275 0.13501723 0.135 0.3597093 0.53666664 0.53666667 0.53666667 0.53666667 0.33833333 0.33833333 0.33833333 0.16 0.16000004 0.21666639 0.21666667 0.21667409 0.14 0.14 0.14000078 0.46661388 -0.024961139 -0.024998962 -0.024965956 0.16966672 0.16983172 -0.21230932 -0.295 -0.29501676 -0.3 -0.3 -0.14 -0.14 -0.14 -0.14 -0.23666667 -0.23666667 -0.23666667 -0.23666667 -0.38 -0.38 -0.38 -0.23166667 -0.23166667 -0.23166667
0.028333333 0.028333333 -0.31833333 -0.31833333 -0.31833333 -0.31833333 0.059123422 0.275 0.275 0.275 0.27507457 0.41 0.41 0.41 0.53592019 0.53666667 0.33965498 0.33833333 0.33833333 0.33833333 0.16 0.16 0.16 0.16 0.14 0.14 0.14 0.14 0.14 -0.025 -0.025 -0.025 -0.025 -0.025000934 -0.46833333 -0.3 -0.3 -0.3 -0.3 -0.29999996 -0.31333333 -0.31333333 -0.31333333 -0.2986895 -0.26833333 -0.26833333 -0.26833333 -0.38 -0.38000016 -0.54166667 -0.54166667 -0.13835604 -0.13833333
0.028333333 0.028333333 -0.19321101 -0.31833333 -0.31833333 -0.31833332 0.17351374 0.2746796 0.275 0.275 0.40999998 0.41 0.41 0.41 0.41 0.4203718 0.33833333 0.33833333 0.33833333 0.33833333 0.16000138 0.16 0.16 0.16 0.14 0.14 0.14 0.14 0.14 -0.17771766 -0.025 -0.025 -0.025 -0.46833333 -0.46833333 -0.46820262 -0.3 -0.3 -0.35065007 -0.38999999 -0.31333333 -0.31333333 -0.31333333 -0.2992528 -0.26833333 -0.26833333 -0.26833333 -0.36 -0.53940312 -0.54166667 -0.54166667 -0.13833333 -0.13833333
0.086666667 0.086666667 0.086666667 -0.2167887 -0.31773363 0.17333333 0.17333333 0.17333333 0.17333333 0.29833333 0.29833333 0.40999999 0.41 0.41 0.41 0.40999544 0.33833333 0.33833333 0.33833333 0.33833333 0.23781888 0.16 0.16 0.16889794 0.4839696 0.14 0.14 0.14 -0.23166667 -0.23166667 -0.23166667 -0.2316658 -0.46833333 -0.46833333 -0.46833333 -0.46833333 -0.39 -0.39 -0.39 -0.39 -0.2 -0.2 -0.2 -0.37499648 -0.375 -0.375 -0.37499997 -0.36 -0.36 -0.54144532 -0.54166667 -0.13833418 -0.13833333
0.086666667 0.086666667 0.086666667 0.086666756 0.088333333 0.10069373 0.17333333 0.17333333 0.17333333 0.29833333 0.29833333 0.29833333 -0.078333311 -0.078333333 -0.078333333 -0.078333325 0.33765251 0.33833333 0.33833333 0.33833333 0.33564773 0.49999907 0.5 0.5 0.5 0.49999999 0.245 0.245 -0.23166667 -0.23166667 -0.23166667 -0.23166667 -0.46833314 -0.46833333 -0.46833333 -0.46831121 -0.39 -0.39 -0.39 -0.38985377 -0.2 -0.2 -0.2 -0.37499188 -0.375 -0.375 -0.375 -0.36 -0.36 -0.35999999 -0.30666667 -0.30666667 -0.28833333
0.086666667 0.086666667 0.086666667 0.088333329 0.088333333 0.088333333 0.1733333 0.17333333 0.17333333 0.29833333 0.29833333 0.29833333 -0.078333333 -0.078333333 -0.078333333 -0.074906154 -0.033333333 -0.033333333 -0.033332373 0.33623406 0.5 0.5 0.5 0.5 0.5 0.4998081 0.245 0.245 0.245 -0.23166667 -0.23166667 -0.23144246 -0.19666667 -0.19666667 -0.19666667 -0.49166667 -0.49166667 -0.35666667 -0.35666667 -0.35666667 -0.1 -0.19996863 -0.20000195 -0.46166667 -0.46166667 -0.4583821 -0.3750002 -0.36 -0.36 -0.30666667 -0.30666667 -0.30666667 -0.28833333
