interpolatedSpi/03-03|20_2.tif
NCOLS 53
NROWS 52
XLLCORNER -116.03883
YLLCORNER 28.596182
DX 0.49850594
DY 0.49788537
NODATA_VALUE -9999
0.51 0.51 -0.038623933 -0.01 0.53 6.4926665e-11 0.2 0.03 0.19485341 0.04 0.18 0.65 0.42003458 0.84 -0.52 -0.52 -0.52 0.49 0.19 0.19 0.19 0.18998825 -1.03 -0.19 -0.19 -0.19 -1.0499938 -1.05 -1.05 -0.14 -0.14 -0.14 -0.14 -0.17999999 -0.18 -0.18 -0.18 -0.18 -0.18 -0.18000002 -0.90222039 -0.91004045 -1.07 -1.07 -1.07 -1.07 -1.0678603 0.24 0.24 0.24 0.88999865 0.89 0.89 
0.50997379 -0.08 -0.10999985 0.015098889 0.86931675 0.74 0.83 0.16029664 0.47 0.65 0.61 0.42 0.42 0.53103369 0.83998424 -0.52 0.49 0.49 0.19039116 0.19 0.19 0.19 -0.21263395 -0.19 -0.19 -0.19 0.41999996 0.42 -0.14 -0.14 -0.14 -0.14 -0.14 -0.17999999 -0.18 -0.18 -0.18 -0.18 -0.17999995 -0.16322442 -0.13996313 -0.95715144 -1.07 -1.07 -1.07 -1.07 -1.07 0.24 0.24 0.24 0.29389862 0.89 0.89 
1.0999553 1.1 0.02 1.41 -0.03 0.07 0.44 -5.0968861e-56 0.11 0.07 1.36 0.08 0.3 0.54 0.53 -1.01 0.49 0.49 0.49 -0.089918603 -0.09 -0.09 -0.62 -0.19 -0.19 -0.19 0.42 0.42 0.42 -0.14 -0.14 -0.14000004 -0.53474805 -0.1793427 -0.17385681 0.47395211 0.48 0.48 0.40202034 -0.14 -0.14 -0.14118923 -1.07 -1.07 -1.07 -1.07 -1.07 0.24 0.24 0.24 0.24 0.89 0.89 
0.42 1.0999998 -0.060091912 0.6 0.21 -0.02 -0.13 -0.73 0.15 0.3883519 0.05 -0.34 0.47 0.54 -0.37 -1.01 -0.20619727 -0.19951655 -1.05 -0.09 -0.09 -1.75 -0.62 -0.62 -0.19 -0.18999695 0.42 0.42 0.42 -0.73 -0.85619588 -0.96 -0.96 -0.95999888 0.48 0.48 0.48 0.48 -0.14 -0.14 -0.14 -0.14000003 -1.07 -1.07 -1.07 -1.07 -1.07 0.23998347 0.24 0.24 0.24 0.88989417 0.89 
0.42 0.58999881 -0.06 -0.18176025 0.21 -0.21 -0.63989077 -0.73 0.17 -0.070000114 0.082885066 0.16002149 0.31 -0.37 -0.37 -0.78549668 -0.2 -0.2 -1.05 -1.05 -0.090003263 -1.75 -1.63 -0.66 0.01 0.009691397 0.42 0.42 -0.73 -0.73 -0.96 -0.96 -0.96 -1.0467436 0.48 0.48 0.48 -0.14 -0.14 -0.14 -0.14 -0.14009556 -1.07 -1.07 -1.07 -1.07 -1.07 -1.0583394 0.24 0.23988386 -2.35 -2.35 -2.35 
-0.83 0.65 1.06 -0.06 0.06 0.62 -0.39 -0.43352974 -0.05 -0.93 0.15 0.06 0.060000165 -0.28 -0.28 -1.0399734 -1.04 -1.04 -1.04 -1.0500008 -1.27 -1.27 -0.66 0.01 0.01 -1.31 -1.52 -1.52 -0.21004846 -0.73 -0.96 -0.96 -1.42 -1.4199519 -0.96003311 -1.57 -1.57 -0.58240314 -0.14 -0.14 -1.1287653 -1.13 -1.1299986 -2.7891077 -2.8198066 -2.8199995 -2.8199999 -2.8199994 -4.2572384 -2.35 -2.35 -2.35 -2.35 
-0.010011249 0.9 -0.25161824 0.42 0.77 0.06 0.38 -0.03 -0.66 -0.66 0.15 0.23 -1.3099998 -0.28 -0.92999805 -0.93 -1.04 -1.31 -1.91 -1.91 -1.1804597 -1.08 -1.08 -1.09 -1.31 -1.31 -1.52 -1.52 -0.2100542 -0.21099781 0.50491081 -1.42 -1.42 -0.96 -0.96 -1.3630368 -1.57 -1.57 -2.349973 -1.1300017 -1.13 -1.13 -1.1299929 -2.8199922 -2.82 -2.82 -2.82 -2.8200011 -4.74 -2.3504736 -2.35 -2.35 -2.35 
-0.01 -0.48 0.1 -0.37 -0.63998452 -0.38 -0.12 -0.72999998 -0.45 -0.77 -0.77 -0.77 -1.31 -1.31 -0.93260715 -1.2487649 -1.28 -0.88 -1.4000005 -1.91 -1.2934867 -1.24 -1.73 -0.50000001 -0.500008 -1.12 -0.94 -0.9400002 -1.1367412 -1.14 0.51 -0.97345236 -0.95 -0.96 -0.98937683 -1.19 -1.19 -2.35 -2.35 -1.13 -1.13 -1.13 -1.4275074 -1.4300001 -2.82 -2.82 -2.82 -4.7399269 -4.74 -4.74 -2.35 -2.35 -2.35 
-0.57558079 -0.47999999 -0.38 0.19 -0.43 -1 -0.3 -0.15 -0.37 0.18820633 0.16 -0.48000001 -0.48 -0.14 -0.14000592 -1.9381605 -1.94 -1.94 -0.95937882 -1.5500001 -1.87 -1.87 -1.44 -1.6157158 -1.0575204 -1.12 -1.34 -0.94 -0.55226629 -0.55 -0.98 -0.32 -0.84883716 -1.84 -1.99 -2.03 -1.93 -1.05 -0.86008773 -1.1273217 -0.53 -1.07 -1.4299756 -1.43 -1.4378237 -2.82 -2.55 -4.74 -4.74 -4.74 -4.74 -2.1707093 -2.33 
-1.11 -1.11 0.03 0.42 -0.12 -1.21 -0.43 -0.79 0.12 0.32987897 0.03 0.51 -0.14 -0.14 -0.77 -0.78604708 -1.94 -1.9397207 -0.68 -1.55 -1.55 -1.5912267 -1.44 -1.7399943 -1.74 -1.74 -1.34 -0.71 -0.71 -0.55 -0.55 -0.32199145 -1.37 -1.84 -2.14 -2.03 -1.93 -2.57 -0.86 -0.17134496 -1.07 -1.1471413 -1.28 -1.43 -1.43 -2.55 -2.55 -2.55 -4.74 -4.74 -0.91 -0.91 -0.91000053 
-1.11 -1.11 -1.47 -1.02 -0.78 -0.39 -0.74999999 -0.300457 -1.4 -1.12 -0.65 -0.28 0.50894731 -0.77 -0.77 -0.77002769 -1.01 -0.99268005 -0.68 0.17 0.17 -0.61 -0.61 -1.74 -1.74 -1.74 -0.71 -0.71 -0.71 -0.31 -0.31 -0.31000175 -1.37 -1.37 -1.92 -2.64 -1.48 -1.8299993 -1.72 -0.16 -0.16 -1.5599991 -1.28 -1.43 -1.15 -1.02 -0.36943182 -0.36000001 -0.36 -0.36 -0.91 -0.91 -0.91 
-1.11 -1.2653258 -1.2779689 -1.4899777 -1.29 -1.24 -0.75 -0.3 -1.3999908 -1.1231021 -0.28000109 -0.28 -0.03 -0.77 -0.77 -1.01 -1.01 -1.0099812 -0.68 0.17 0.016823868 -0.61 -0.61 -1.7399539 -1.74 -1.5263323 -1.09 -1.09 -1.09 -0.31 -0.31 -1.59 -1.59 -1.3700015 -1.92 -1.7900002 -1.5232958 -1.83 -1.83 -0.16000005 -1.56 -1.56 -1.559997 -1.15 -1.15 -1.02 -0.36 -0.36 -0.36 -0.36 -0.91 -0.91 -0.91 
-1.36 -0.7554445 -0.70001259 -0.70571923 -1.2899995 -1.2400012 -0.75000001 -0.30553927 -1.3241988 -1.3926885 -0.03 -0.03 -0.03 -0.03 -0.76989517 -1.01 -1.01 -1.0057392 -0.68 0.1699541 0.03 0.03 0.03 0.03 -1.7095141 -1.09 -1.09 -1.09 -1.09 -1.0894869 -1.59 -1.59 -1.59 -1.59 -1.79 -1.79 -1.79 -1.827978 -1.8305257 -1.9 -1.9 -1.5600183 -1.6799819 -1.150051 -1.15 -1.02 -0.36 -0.36 -0.36 -0.36 -0.90800466 -0.91 -1.5814439 
-1.36 -0.7 -0.7 -0.7 -0.7 -0.70000023 -0.75125427 -0.53721949 -1.121968 -0.031468384 -0.03 -0.03 -0.03 -0.03 -0.030000113 -1.01 -1.0099999 -0.98736425 -0.68000229 0.03 0.03 0.03 0.03 0.03 0.012918362 -0.93520928 -0.88000004 -0.88 -0.88 -0.88 -1.59 -1.59 -1.5900004 -1.93 -1.93 -1.79 -1.8483315 -1.85 -1.9 -1.9 -1.9 -1.9 -1.68 -1.68 -1.68 -1.675407 -0.38994189 -0.39 -0.39 -0.39 -0.39 0.94999962 0.95 
0.43 -0.7 -0.7 -0.7 -0.7 -0.7 -0.70000001 -0.2588969 -0.17408817 -0.17 -0.17 -0.17 -0.17 -0.17 -0.17 0.69206926 -0.98267509 -0.96481156 0.029910619 0.03 0.03 0.03 0.03 0.029999709 -0.76 -0.76 -0.76000017 -0.88 -0.88 -0.88130159 -1.53 -1.53 -1.93 -1.93 -1.93 -1.8628152 -1.85 -1.85 -1.85 -1.9 -1.9 -1.9 -1.68 -1.68 -1.68 -1.68 -0.39 -0.39 -0.39 -0.39 -0.39 0.95 0.95 
0.43 0.0093138383 -0.7 -0.7 -0.7 -0.7 0.70972327 0.71 0.70999998 -0.17 -0.17 -0.17 -0.17 -0.17 0.024134157 0.71 0.71 0.71 -0.21923731 -0.21999974 -0.22 -0.22 -0.22 -0.22 -0.76 -0.76 -0.76 -0.76 -0.88 -1.53 -1.53 -1.53 -1.93 -1.93 -1.93 -1.98 -1.8501721 -1.85 -1.85 -1.900009 -1.9179502 -1.9598207 -1.68 -1.68 -0.46376499 -0.46 -0.46 -0.38972132 -0.22059407 -0.22000001 -0.22000003 0.36008916 0.9499988 
0.43 -0.2414681 -0.47733974 -0.7 -0.7 0.70916691 0.71 0.71 0.71 0.70365847 -0.17 -0.17 -0.17 -0.16999989 0.71 0.71 0.71 0.71 -0.21916925 -0.22 -0.22 -0.22 -0.22 -0.22 -0.75999999 -0.76 -0.76 -0.76 -0.76280075 -1.53 -1.53 -1.53 -1.49 -1.9299945 -1.98 -1.98 -1.98 -1.9924119 -1.9530729 -1.96 -1.96 -1.96 -0.4 -0.4 -0.46 -0.46 -0.46 -0.22 -0.22 -0.22 -0.22 0.36 0.36 
-0.25925505 -0.26 -0.26 -0.25999999 0.5 0.70999458 0.71 0.71 0.71 0.71 -0.078392759 -0.16998423 -0.16999997 0.71 0.71 0.71 0.71 0.71 0.58343378 -0.22 -0.22 -0.22 -0.22 -0.22 -0.38157208 -0.23000287 -0.23 -0.23 -0.23 -1.53 -1.49 -1.49 -1.49 -1.49 -1.98 -1.9800298 -3.11 -3.11 -1.9743595 -1.96 -1.96 -1.96 -0.4 -0.4 -0.45070993 -0.46 -0.46 -0.22 -0.22 -0.22 -0.21378089 0.36 0.36 
-0.26 -0.26 -0.26 0.097895337 0.5 0.5 0.71 0.71 0.71 0.71 1.04 1.04 1.04 0.71 0.71 0.71 0.71 0.70999008 -0.14 -0.14 -0.21999997 -0.22 -0.21659159 -0.08 -0.081350379 -0.23 -0.23 -0.23 -0.23 -1.4898717 -1.49 -1.49 -1.49 -1.49 -3.109996 -3.11 -3.11 -3.11 -3.1058104 -1.96 -1.96 -1.96 -0.4 -0.4 -0.4 -0.46 -0.46 -0.21999999 -0.22 -0.22 0.36 0.36 0.36 
-0.26 -0.26 -0.26 0.5 0.5 0.5 0.50000032 0.71 0.71 1.0396593 1.04 1.04 1.04 1.0397944 0.66143466 0.65 0.65 0.65 -0.14 -0.14 -0.14 -0.08 -0.08 -0.08 -0.079775897 0.26829809 -0.23 -0.23 -0.23 -0.71273923 -0.57009049 -0.57 -0.57 -0.57 -2.0602768 -0.59000572 -0.59 -0.59 -0.59 0.32968666 0.33 0.33 -0.4 -0.4 0.92999445 0.92999984 0.48 0.48 0.56 0.56 0.56 0.36 1.2991595 
-0.26000081 -0.26 -0.25999997 0.5 0.5 0.5 0.49999999 -0.0099997905 0.70712116 1.0394741 1.04 1.04 1.04 1.0392347 0.65 0.65 0.65 0.64999977 -0.14 -0.14 -0.14 -0.08 -0.08 -0.08 0.72 0.72 0.18000001 0.18 0.18 0.17590851 -0.57 -0.57 -0.57 -0.57 -0.57999441 -0.59 -0.59 -0.59 -0.59 0.33 0.33 0.33 0.3488783 0.93 0.93 0.93 0.48 0.48 0.56 0.56 0.56 1.3 1.3 
-0.52 -0.41116984 -0.61 -0.60967797 0.5 -0.0070491572 -0.01 -0.01 -0.024575145 0.45999999 0.46 0.46 0.46 0.40000195 0.4 0.64999981 0.65 0.62918466 -0.14 -0.14 -0.14 -0.39 -0.39 -0.39 0.72 0.72 0.18 0.18 0.18 0.17999982 -0.070003178 -0.070001404 -0.55743325 -0.56946397 0.0093360689 0.01 0.01 0.01 0.01 0.33 0.33 0.33 0.89696213 0.93 0.93 0.92999996 0.48 0.48 0.48000288 0.56 0.5600161 0.92 1.3 
-0.95991644 -0.95999994 -0.61 -0.61 -0.61 -0.01 -0.01 -0.01 -0.05 -0.05 0.46 0.46 0.46 0.4 0.4 0.4 0.4 0.39994103 -0.14 -0.14 -0.14000001 -0.39 -0.39 -0.39 0.72 0.72 0.18 0.18 0.18 -0.067181232 -0.07 -0.07 -0.07 -0.07 0.0099605248 0.01 0.01 0.01 0.01 0.34 0.34 0.34 0.34 0.92999824 0.7 0.7 0.7 0.64 0.64 0.64 0.92 0.92 0.92 
-0.96 -0.96 -0.61 -0.61 -0.61 -0.013153707 -0.01 -0.05 -0.05 -0.05 0.45993722 0.46 0.25571882 0.39999996 0.4 0.4 0.4 0.010000001 0.01 0.01 -0.19 -0.19000015 -0.38999903 -0.39 -0.38929112 0.28 0.28 0.27999976 0.18001616 0.72984057 0.72999574 0.72986033 -0.068632717 -0.069309608 -0.0037288858 0.010000197 0.011709125 0.52 0.52 0.34 0.34 0.34 0.34 0.7 0.7 0.7 0.7 0.64 0.64 0.64 0.92 0.92 0.92 
-0.96 -0.96 -0.61 -0.61 -0.61 -0.61 -0.024970832 -0.05 -0.05 -0.05 -0.04985638 0.21 0.21 0.21 0.39888029 0.4 0.012598864 0.01 0.01 0.01 -0.19 -0.19 -0.19 -0.19 0.28 0.28 0.28 0.28 0.28 0.73 0.73 0.73 0.73 0.72999954 0.51 0.52 0.52 0.52 0.52 0.51999915 0.28 0.28 0.28 0.28651082 0.3 0.3 0.3 0.63999999 0.63999959 0.22 0.22 0.51009974 0.51 
-0.96 -0.96 -0.73632542 -0.61 -0.61 -0.61 -0.67888205 -0.051985412 -0.05 -0.05 0.20999991 0.21 0.21 0.21 0.21 0.22554394 0.01 0.01 0.01 0.01 -0.18999845 -0.19 -0.19 -0.19 0.28 0.28 0.28 0.28 0.28 0.50092351 0.73 0.73 0.73 0.51 0.51 0.51000777 0.52 0.52 0.21047182 -0.029999951 0.28 0.28 0.28 0.28486553 0.3 0.3 0.3 -0.09 0.21613743 0.22 0.22 0.51 0.51 
-0.94 -0.94 -0.94 -0.69274007 -0.60939362 -0.68 -0.68 -0.68 -0.68 -0.24 -0.24 0.20999997 0.21 0.21 0.21 0.20998733 0.01 0.01 0.01 0.01 -0.10272649 -0.19 -0.19 -0.15702527 1.0348222 0.28 0.28 0.28 0.42 0.42 0.42 0.4200013 0.51 0.51 0.51 0.51 -0.03 -0.03 -0.03 -0.03 -0.47 -0.47 -0.47 -0.14000663 -0.14 -0.14 -0.13999986 -0.09 -0.09 0.21962228 0.22 0.50999667 0.51 
-0.94 -0.94 -0.94 -0.93995961 -0.19 -0.26125405 -0.68 -0.68 -0.68 -0.24 -0.24 -0.24 0.36999999 0.37 0.37 0.36999999 0.009908409 0.01 0.01 0.01 0.007036076 1.0699965 1.07 1.07 1.07 1.07 -0.059999997 -0.06 0.42 0.42 0.42 0.42 0.50999973 0.51 0.51 0.50996905 -0.030000022 -0.03 -0.03 -0.033290122 -0.47 -0.47 -0.47 -0.1400153 -0.14 -0.14 -0.14 -0.09 -0.09 -0.090000008 -0.15 -0.15 0.2 
-0.94 -0.94 -0.94 -0.19000173 -0.19 -0.19 -0.67999982 -0.68 -0.68 -0.24 -0.24 -0.24 0.37 0.37 0.37 0.33877458 -0.04 -0.04 -0.039999871 0.0097175958 1.07 1.07 1.07 1.07 1.07 1.0691496 -0.06 -0.06 -0.059999999 0.42 0.42 0.41996138 0.13 0.13 0.13 -0.69 -0.69 -0.78 -0.78 -0.78 0.03 -0.46984316 -0.46999448 0.27 0.27 0.25446147 -0.13999883 -0.089999999 -0.09 -0.15 -0.15 -0.15 0.2 
-0.94 -0.94 -0.94 -0.19 -0.19 -0.19 -0.19 -0.68 -0.68 -0.24 -0.24 0.3456088 0.37 0.37 0.37 -0.04 -0.04 -0.04 -0.04 -0.04 1.07 1.07 1.07 1.07 1.07 -0.059996145 -0.06 -0.06 -0.06 0.36 0.36 0.36 0.13 0.13 0.13 -0.69 -0.69 -0.78 -0.78 0.03 0.03 0.03 0.27 0.27 0.27 0.27 0.31107367 0.77 0.77 0.77 -0.14999998 0.63 0.63 
-0.94 -0.94 -0.93895559 -0.19 -0.19 -0.19 -0.19 -0.075758588 -0.07 -0.070291867 -0.23999998 0.36998492 0.37 0.37 0.36999858 -0.04 -0.04 -0.04 -0.04 -0.04 -0.73296901 1.07 1.07 1.07 1.0697528 -0.060003938 -0.06 -0.06 -0.06 0.36 0.36 0.36 0.35996885 0.13 -0.69 -0.69 -0.69 -0.69000301 -0.77994476 0.03 0.03 0.03 0.26998543 0.27 0.27 0.27 0.77000436 0.77 0.77 0.77 0.63 0.63 0.63 
0.14 0.13999811 -0.1903828 -0.19 -0.19 -0.19 -0.070025535 -0.07 -0.07 -0.07 0.18999999 0.19 0.19 0.19 -0.038938433 -0.04 -0.04 -0.04 -0.04 -0.80999954 -0.81 -0.81 -0.1299998 -0.13 -0.13 -0.13 -0.1239581 -0.06 0.60997256 0.61 0.61 0.61 0.61 0.27 0.27 0.27 0.27 0.27 0.61 0.61 0.61 0.61 0.61 1.208583 1.21 1.21 1.21 0.77 0.77 0.77 0.63002206 0.63 0.63 
0.14 0.14 0.14619554 0.87999785 0.87999976 0.87907316 -0.07 -0.07 -0.07 -0.07 0.19 0.19 0.19 0.19 0.19 -0.04 -0.04 -0.04 -0.80999981 -0.81 -0.81 -0.81 -0.13 -0.13 -0.13 -0.13 -0.13 -0.12998445 0.60983009 0.61 0.61 0.61 0.60993174 0.46841557 0.27020545 0.27 0.27 0.27 0.61 0.61 0.61 0.61 0.61 1.21 1.21 1.21 1.21 1.0042474 0.77 1.2940868 1.3 0.69 0.69 
0.14 0.14 0.87990627 0.88 0.88 0.88 0.63870401 -0.07 -0.07 -0.07 0.19 0.19 0.19 0.19 0.19 -0.039823754 -0.04 -0.80977424 -0.81 -0.81 -0.81 -0.81 -0.38191041 -0.13 -0.13 -0.13 -0.13 -0.12978753 0.17 0.17 0.17 0.17 0.17 0.62 0.62 0.62 0.62 0.62 1.58 1.58 1.58 1.58 1.58 1.2110011 1.2100002 1.21 1.2100695 1.2183754 1.3 1.3 1.3 0.69000342 0.69 
0.1400019 1.1499191 0.88000004 0.88 0.88 0.88 0.88 -0.0695955 -0.07 -0.07 0.19 0.19 0.19 0.19 0.11177691 0.11 0.11 -0.80997632 -0.81 -0.81 -0.81 -0.81 -0.80999981 -0.13 -0.13 -0.13 -0.13 0.16999999 0.17 0.17 0.17 0.17 0.17 0.62 0.62 0.62 0.62 0.62000677 1.58 1.58 1.58 1.58 1.5799931 1.62 1.62 1.62 1.62 1.6199742 1.3 1.3 1.3 1.3 1.2220472 
1.17 1.17 1.1386305 0.88 0.88 0.88 0.88 0.88 -0.069593281 0.60999999 0.61 0.61 0.60900325 0.11000012 0.11 0.11 0.11 0.11 -0.80999305 -0.75050795 -0.23 -0.23 -0.23 -0.20222451 -0.086780358 0.14447975 0.33948074 0.17 0.17 0.17 0.17 0.17 0.1764162 0.63101011 0.63 0.63 0.63 0.63 1.563093 1.4900002 1.49 1.49 1.49 1.3500008 1.6199999 1.62 1.62 1 1.2999952 1.3 1.3 1.23 1.23 
1.17 1.17 1.32 1.32 1.32 0.88014657 0.88 0.88 0.61 0.61 0.61 0.61 0.61 0.11000002 0.11 0.11 0.11 0.11 -0.23 -0.23 -0.23 -0.23 -0.23 0.40999997 0.41 0.41 0.41 0.17 0.17 0.17 0.17 0.17 0.72 0.72 0.63 0.63 0.63 1.3398791 1.34 1.49 1.49 1.49 1.49 1.35 1.35 1.35 1 1 1 0.97 0.97 1.23 1.23 
1.17 1.17 1.32 1.32 1.32 1.32 1.3199988 1.11 0.61047077 0.61 0.61 0.61 0.61 0.11623705 0.11 0.11 0.11 0.11 -0.22999999 -0.23 -0.23 -0.23 -0.23 0.41 0.41 0.41 0.41 0.4099991 0.17 0.17 0.17 0.71997116 0.72 0.72 0.72 0.63 1.34 1.34 1.34 1.3439468 1.4394195 1.43 1.43 1.35 1.35 1.35 1 1 1 0.97 0.97 0.97 1.2934001 
0.61 0.6100044 1.32 1.32 1.32 1.32 1.11 1.11 1.11 0.61 0.61 0.61 0.61 0.60984457 0.11 0.11 0.11 0.11 -0.22999336 -0.23 -0.23 -0.22999997 0.29729179 0.41 0.41 0.41 0.41 1.1999994 1.2 1.2 0.18107522 0.72 0.72 0.72 0.72000067 1.42 1.34 1.34 1.34 1.34 1.43 1.43 1.43 1.09 1.09 1.09 1.1099893 1 1 0.97 0.97 0.97 1.300001 
0.61 0.61 1.32 1.32 1.32 1.11 1.11 1.11 1.11 0.66481343 0.61 0.61 0.61 0.61000077 1.0698895 1.07 1.07 1.07 1.4883753 1.45 1.45 1.45 1.45 0.41 0.41 0.41 0.41005211 1.2 1.2 1.2 1.2 0.72015235 1.1137298 1.42 1.42 1.42 1.3419788 1.869989 1.87 1.87 1.4299138 1.32 1.32 1.09 1.09 1.0900001 1.11 1.11 1.32 1.32 1.32 1.42 1.67 
0.61 0.61 1.71 1.71 1.71 1.11 1.11 1.11 1.11 0.78 0.78 0.78 0.78 0.80043698 1.07 1.07 1.07 1.07 1.49 1.45 1.45 1.45 1.45 1.67 1.6699995 0.41000186 1.2 1.2 1.2 1.2 1.4936396 1.78 1.4628351 1.42 1.42 1.42 1.87 1.87 1.87 1.87 1.32 1.32 1.32 1.709877 1.71 1.112697 1.11 1.11 1.3200002 1.32 1.42 1.42 1.67 
0.61 1.71 1.71 1.71 1.71 1.71 1.1096119 1.06 1.06 0.78 0.78 0.78 0.78 0.78006868 1.07 1.07 1.07 1.0889769 1.49 1.49 1.45 1.45 1.67 1.67 1.67 1.67 1.2 1.2 1.2 1.2 1.78 1.78 1.78 1.4203643 1.42 1.42 1.87 1.87 1.87 1.87 1.32 1.32 1.32 1.71 1.71 1.7099853 1.45 1.45 1.38 1.38 1.42 1.42 1.67 
1.6996696 1.71 1.71 1.71 1.71 1.71 1.06 1.06 1.06 0.9101323 0.78 0.78 0.78 0.78000573 1.07 1.07 1.07 1.49 1.49 1.49 1.450002 1.4500013 1.67 1.67 1.67 1.67 1.2000334 1.2 1.2 1.7798666 1.78 1.78 1.78 1.78 1.421893 2.13 2.13 2.1255002 1.87 1.87 1.3200005 1.32 1.6986607 1.71 1.71 1.4500001 1.45 1.45 1.38 1.38 2.04 2.04 2.34 
1.71 1.71 1.71 1.71 1.71 1.71 1.06 1.06 1.06 1.06 1.0099934 1.01 1.01 1.01 1.0700022 1.5956281 1.89 1.89 1.4907374 1.49 1.49 1.6699997 1.67 1.67 1.67 1.67 1.6696583 1.2 1.2000198 1.78 1.78 1.78 1.78 1.78 2.13 2.13 2.13 2.13 2.13 2.1299969 1.22 1.22 1.22 1.35 1.35 1.35 1.28 1.28 1.59 1.59 2.04 2.0400007 2.34 
1.71 1.71 1.71 1.71 1.71 1.71 1.06 1.06 1.06 1.01 1.01 1.01 1.01 1.01 1.2419659 1.89 1.89 1.89 1.89 1.89 1.8709013 1.67 1.67 1.67 1.67 1.6627778 1.4403604 1.2326821 1.7771397 1.78 1.78 1.78 1.78 1.7800008 2.13 2.13 2.13 2.13 2.13 1.7066701 1.22 1.22 1.22 1.35 1.35 1.35 1.28 1.28 1.59 1.59 0.63000002 2.2456691 2.34 
1.71 1.71 1.71 1.71 1.71 1.7099998 1.0600001 1.06 1.0579247 1.01 1.01 1.01 1.01 1.01 1.0522102 1.89 1.89 1.89 1.89 1.89 1.89 1.476577 1.4400003 1.44 1.44 1.44 1.44 1.44 1.3910851 1.3900046 1.39 1.39 1.39 1.3900005 2.13 2.13 2.13 2.13 2.13 1.2200001 1.22 1.22 1.22 1.2200001 1.3493266 0.93 1.28 0.071278881 1.5886506 0.63 0.63 0.61607295 -0.04 
1.71 1.71 1.71 1.71 1.71 1.7099585 1.0600351 1.059997 1.0100001 1.01 1.01 1.01 1.01 1.01 1.0267445 1.89 1.89 1.89 1.89 1.89 1.89 1.44 1.44 1.44 1.44 1.44 1.44 1.44 1.3900138 1.39 1.39 1.39 1.39 1.39 1.5927599 2.13 2.13 2.13 2.13 1.22 1.22 1.22 1.22 1.2199257 0.93 0.93 0.92448459 0.05 0.05 0.63 0.63 -0.04 -0.04 
1.71 1.71 1.71 1.71 1.71 1.7091331 1.0607702 1.0156422 1.01 1.01 1.01 1.01 1.01 1.01 1.0254059 1.89 1.89 1.89 1.89 1.89 1.8259282 1.44 1.44 1.44 1.44 1.44 1.44 1.44 1.3900002 1.39 1.39 1.39 1.39 1.39 1.39 1.4414443 0.37112068 -0.21412513 -0.30322871 1.0477332 1.2199999 1.22 1.22 0.93002315 0.93 0.9196733 -0.79999594 0.05 0.05 -0.85002399 -0.85 -0.85 -0.040000363 
1.71 1.71 1.71 1.71 1.7099993 1.7045792 1.060231 1.0100137 1.01 1.01 1.01 1.01 1.01 1.01 1.0305494 1.89 1.89 1.89 1.89 1.89 1.4400019 1.44 1.44 1.44 1.44 1.44 1.44 1.44 1.39 1.39 1.39 1.39 1.39 1.39 1.3899997 -0.35 -0.35 -0.35 -0.35 -1.46 -1.46 -1.46 -1.46 -0.79999499 -0.8 -0.8 -0.8 -0.80000151 -0.96 -0.96 -0.85 -0.85 -1.1071827 
1.71 1.71 1.71 1.71 1.7099818 1.6923308 1.0145494 1.0100007 1.01 1.01 1.01 1.01 1.01 1.01 1.0398726 1.8899996 1.89 1.89 1.89 1.8872916 1.44 1.44 1.44 1.44 1.44 1.44 1.44 1.44 1.39 1.39 1.39 1.39 1.39 1.39 -0.3499984 -0.35 -0.35 -0.35 -0.35 -1.46 -1.46 -1.46 -1.46 -1.2818688 -0.8 -0.8 -0.8 -0.95999821 -0.96 -0.96 -1.22 -1.22 -1.22 
1.71 1.71 1.71 1.7099985 1.709822 1.6415438 1.0103187 1.0100002 1.01 1.01 1.01 1.01 1.01 1.0100001 1.0525021 1.8899793 1.89 1.89 1.8899995 1.4491177 1.44 1.44 1.44 1.44 1.44 1.44 1.44 1.44 1.39 1.39 1.39 1.39 1.39 -0.015520461 -0.35000005 -0.35 -0.35 -0.35 -0.35 -1.46 -1.46 -1.46 -1.46 -1.46 -0.8 -0.8 -0.8 -0.96 -0.96 -0.96 -1.22 -1.22 -1.22 
1.71 1.71 1.7099994 1.7099826 1.7089198 1.3049346 1.010072 1.0100001 1.01 1.01 1.01 1.01 1.01 1.0100017 1.0675175 1.8896786 1.89 1.89 1.8876701 1.4400383 1.44 1.44 1.44 1.44 1.44 1.44 1.44 1.44 1.3900003 1.39 1.3899986 -0.36120862 -0.53 -0.53 -0.53 -0.35 -0.35 -0.35 -0.35 -1.46 -1.46 -1.46 -1.46 -1.46 -0.8000117 -0.8 -0.80000008 -0.95999999 -0.96 -0.96000014 -1.22 -1.22 -1.22 
