interpolatedSpi/03-04|20_3.tif
NCOLS 53
NROWS 52
XLLCORNER -116.03883
YLLCORNER 28.596182
DX 0.49850594
DY 0.49788537
NODATA_VALUE -9999
-0.165 -0.165 -0.50450855 -0.515 -0.16 -0.475 -0.25 -0.42 -0.58647223 -0.68 -0.44 -0.055 -0.22494401 0.455 -0.645 -0.645 -0.645 0.315 0.185 0.185 0.185 0.18498627 -1.24 -0.255 -0.255 -0.255 -0.42999392 -0.43 -0.43 0.265 0.265 0.265 0.265 -0.19999991 -0.2 -0.2 -0.2 -0.2 -0.2 -0.2 -0.041704994 -0.040314259 -1.275 -1.275 -1.275 -1.275 -1.2739138 -0.61 -0.61 -0.61 0.66499735 0.665 0.665 
-0.16501822 -0.575 -0.63499962 -0.48263597 0.1094242 0.01 0.185 -0.44991866 -0.465 -0.19 -0.03 -0.225 -0.225 0.11115039 0.45498612 -0.645 0.315 0.315 0.1851695 0.185 0.185 0.185 -0.28237129 -0.255 -0.255 -0.255 0.17999997 0.18 0.265 0.265 0.265 0.265 0.265 -0.19999993 -0.2 -0.2 -0.2 -0.2 -0.19999997 -0.17747587 -0.09998247 -1.1324228 -1.275 -1.275 -1.275 -1.275 -1.275 -0.61 -0.61 -0.61 -0.50427578 0.665 0.665 
0.84493739 0.845 -0.31 0.785 -0.585 -0.46 -0.095 -0.7 -0.635 -0.575 0.55 -0.64 -0.375 -0.015 0.11 -0.865 0.315 0.315 0.315 -0.039934592 -0.04 -0.04 -0.775 -0.255 -0.255 -0.255 0.18 0.18 0.18 0.265 0.265 0.26499994 -0.33193608 -0.19975829 -0.19581146 0.24587644 0.25 0.25 0.20597922 -0.099999998 -0.1 -0.10150253 -1.275 -1.275 -1.275 -1.275 -1.275 -0.61 -0.61 -0.61 -0.61 0.665 0.665 
0.3 0.84499979 -0.21510263 0.035 -0.465 -0.425 -0.65 -1.265 -0.64 -0.21211667 -0.55 -0.62 -0.225 -0.015 -0.485 -0.865 -0.43828991 -0.43447451 -1.21 -0.04 -0.04 -1.93 -0.775 -0.775 -0.255 -0.25499783 0.18 0.18 0.18 -0.845 -0.9163281 -0.975 -0.975 -0.97499905 0.25 0.25 0.25 0.25 -0.1 -0.1 -0.1 -0.10000004 -1.275 -1.275 -1.275 -1.275 -1.275 -0.61000839 -0.61 -0.61 -0.61 0.66490283 0.665 
0.3 -0.15500011 -0.215 -0.65205362 -0.465 -1.06 -1.0999373 -1.265 -0.675 -0.6250001 -0.57334852 -0.54496706 -0.315 -0.485 -0.485 -0.73250145 -0.435 -0.435 -1.21 -1.21 -0.040003757 -1.93 -2.455 -0.76 -0.13 -0.13027121 0.18 0.18 -0.845 -0.845 -0.975 -0.975 -0.975 -1.0485434 0.25 0.25 0.25 -0.1 -0.1 -0.1 -0.1 -0.10002655 -1.275 -1.275 -1.275 -1.275 -1.275 -1.2690807 -0.61 -0.61007623 -2.31 -2.31 -2.31 
-1.11 -0.095 0.69 -0.51 -0.62 -0.295 -0.86 -0.9118516 -0.485 -1.27 -0.51 -0.25 -0.25000004 -0.445 -0.445 -0.70001449 -0.7 -1.09 -1.09 -1.2100005 -1.785 -1.785 -0.76 -0.13 -0.13 -1.29 -1.62 -1.62 -0.39004239 -0.845 -0.975 -0.975 -1.365 -1.3649347 -0.74004495 -1.44 -1.44 -0.51455959 -0.1 -0.1 -0.37465702 -0.375 -0.37499888 -2.4439932 -2.4648685 -2.4649997 -2.465 -2.4649996 -3.6332666 -2.31 -2.31 -2.31 -2.31 
-0.74001094 0.22 -0.84133159 0.015 0.265 -0.73 -0.435 -0.855 -1.36 -1.36 -0.51 -0.4 -1.3599999 -0.445 -0.75999906 -0.76 -0.7 -1.325 -1.765 -1.765 -1.7072413 -1.62 -1.62 -1.245 -1.29 -1.29 -1.62 -1.62 -0.39004691 -0.3908637 0.39508 -1.365 -1.365 -0.74 -0.74 -1.1894656 -1.44 -1.44 -1.6099941 -0.37500172 -0.375 -0.375 -0.37499559 -2.464994 -2.465 -2.465 -2.465 -2.4650009 -3.965 -2.310328 -2.31 -2.31 -2.31 
-0.74 -0.92 -0.44 -0.845 -1.089986 -0.795 -0.73 -1.395 -0.97 -1.305 -1.305 -1.08 -1.36 -1.36 -0.76411656 -1.3474382 -1.405 -0.975 -1.1900006 -1.765 -1.7023071 -1.645 -2.18 -0.30500001 -0.3050098 -1.065 -1.435 -1.4350001 -1.1921792 -1.195 0.4 -0.71391367 -0.71 -0.74 -0.74670248 -0.98 -0.98 -1.61 -1.61 -0.375 -0.375 -0.37499999 -1.3796847 -1.3850001 -2.465 -2.465 -2.465 -3.9649429 -3.965 -3.965 -2.31 -2.31 -2.31 
-0.99206488 -0.91999999 -0.99 -0.115 -0.845 -1.335 -0.865 -0.17 -0.7 -0.19362712 -0.235 -0.88000001 -0.88 -0.545 -0.54500475 -1.788927 -1.79 -1.79 -1.0078201 -2.14 -2.32 -2.32 -1.92 -2.0775383 -0.98841207 -1.065 -1.485 -1.435 -0.72912581 -0.725 -0.715 -0.2 -0.52737585 -1.225 -0.975 -0.88 -0.985 -0.47 -0.39003694 -0.37272348 0.135 -0.665 -1.3849577 -1.385 -1.3910788 -2.465 -2.355 -3.965 -3.965 -3.965 -3.965 -2.1300868 -2.12 
-1.395 -1.395 -0.72 -0.26 -0.62 -1.24 -0.71 -1.04 -0.22 -0.0650741 -0.38 -0.1 -0.545 -0.545 -1.05 -1.0601494 -1.79 -1.7898512 -1.11 -2.14 -2.14 -2.16319 -1.92 -2.3749914 -2.375 -2.375 -1.485 -1.065 -1.065 -0.725 -0.725 -0.2012328 -0.85 -1.225 -1.01 -0.88 -0.985 -1.96 -0.39 0.31341193 -0.66499996 -0.83397612 -1.125 -1.385 -1.385 -2.355 -2.355 -2.355 -3.965 -3.965 -0.865 -0.865 -0.86500047 
-1.395 -1.395 -1.94 -1.52 -1.01 -0.635 -1.155 -0.50027005 -1.465 -1.235 -1.1 -0.77 -0.10089263 -1.05 -1.05 -1.0500375 -1.375 -1.3610916 -1.11 -0.585 -0.585 -1.275 -1.275 -2.375 -2.375 -2.375 -1.065 -1.065 -1.065 -0.99 -0.99 -0.98999977 -0.785 -0.785 -1.25 -1.395 -0.61 -1.9049975 -1.295 0.325 0.325 -1.135 -1.125 -1.385 -1.1300001 -1.185 -0.47313979 -0.465 -0.685 -0.685 -0.865 -0.865 -0.865 
-1.395 -1.630228 -1.760771 -1.6449827 -1.52 -1.565 -1.155 -0.5 -1.4649919 -1.2375481 -0.77000061 -0.77 -0.425 -1.05 -1.05 -1.375 -1.375 -1.3749849 -1.11 -0.585 -0.72050196 -1.275 -1.275 -2.374955 -2.375 -2.0709344 -1.45 -1.45 -1.45 -0.99 -0.99 -1.54 -1.54 -0.78500127 -1.25 -1.2499999 -0.77035435 -1.905 -1.905 0.32499995 -1.135 -1.135 -1.135 -1.13 -1.13 -1.185 -0.465 -0.465 -0.685 -0.685 -0.865 -0.865 -0.865 
-0.805 -0.53451961 -0.4200415 -0.42887404 -1.52 -1.5649989 -1.155 -0.50806269 -1.3985016 -1.4589941 -0.425 -0.425 -0.425 -0.425 -1.0499115 -1.375 -1.375 -1.3715784 -1.11 -0.58499756 -0.565 -0.565 -0.565 -0.565 -2.343605 -1.45 -1.45 -1.45 -1.45 -1.4496487 -1.54 -1.54 -1.54 -1.54 -1.25 -1.25 -1.25 -1.8730739 -1.9006439 -1.325 -1.325 -1.1350102 -1.2499959 -1.1300116 -1.13 -1.185 -0.465 -0.465 -0.685 -0.685 -0.86434698 -0.865 -1.4520502 
-0.805 -0.42 -0.42 -0.42 -0.42 -0.42000048 -1.1560495 -0.8452036 -1.2210901 -0.42611425 -0.425 -0.425 -0.425 -0.425 -0.4250001 -1.375 -1.375 -1.3568228 -1.1100019 -0.565 -0.565 -0.565 -0.565 -0.565 -0.57613609 -1.2385527 -1.1500001 -1.15 -1.15 -1.15 -1.54 -1.54 -1.5400001 -1.62 -1.62 -1.25 -1.3180534 -1.32 -1.325 -1.325 -1.325 -1.325 -1.25 -1.25 -1.25 -1.2495477 -0.5495965 -0.55 -0.55 -0.55 -0.55 0.89999964 0.9 
0.415 -0.42 -0.42 -0.42 -0.42 -0.42 -0.42000005 -0.67764981 -0.55275019 -0.55 -0.55 -0.55 -0.55 -0.55 -0.55 -0.099419368 -1.3545841 -1.3387123 -0.56506861 -0.565 -0.565 -0.565 -0.565 -0.56500008 -1.08 -1.08 -1.0800001 -1.15 -1.15 -1.1509311 -1.615 -1.615 -1.62 -1.62 -1.62 -1.3680567 -1.32 -1.32 -1.32 -1.325 -1.325 -1.325 -1.25 -1.25 -1.25 -1.25 -0.55 -0.55 -0.55 -0.55 -0.55 0.9 0.9 
0.415 0.10413899 -0.42 -0.42 -0.42 -0.42 0.13489107 0.135 0.13499998 -0.55 -0.55 -0.55 -0.55 -0.55 -0.44852078 -0.09 -0.09 -0.09 -0.62980123 -0.62999993 -0.63 -0.63 -0.63 -0.63 -1.08 -1.08 -1.08 -1.08 -1.15 -1.615 -1.615 -1.615 -1.62 -1.62 -1.62 -1.145 -1.3197683 -1.32 -1.32 -1.3250285 -1.3818424 -1.5144321 -1.25 -1.25 -0.6418825 -0.64 -0.64 -0.5494588 -0.2211532 -0.22000003 -0.22000006 0.36008159 0.8999989 
0.415 -0.15915388 -0.29601872 -0.42 -0.42 0.13467208 0.135 0.135 0.135 0.13006369 -0.55 -0.55 -0.55 -0.54999994 -0.09 -0.09 -0.09 -0.09 -0.62951763 -0.63 -0.63 -0.63 -0.63 -0.63 -1.08 -1.08 -1.08 -1.08 -1.081946 -1.615 -1.615 -1.615 -1.21 -1.6199418 -1.145 -1.145 -1.145 -1.1508941 -1.5026606 -1.515 -1.515 -1.515 -0.79 -0.79 -0.64 -0.64 -0.64 -0.22000001 -0.22 -0.22 -0.22 0.36 0.36 
-0.17435792 -0.175 -0.175 -0.175 0.145 0.13500026 0.135 0.135 0.135 0.135 -0.44968639 -0.54998273 -0.54999996 -0.09 -0.09 -0.09 -0.09 -0.09 -0.16358169 -0.63 -0.63 -0.63 -0.63 -0.63 -0.77484711 -0.66500225 -0.665 -0.665 -0.665 -1.615 -1.21 -1.21 -1.21 -1.21 -1.145 -1.1450141 -1.68 -1.68 -1.5170603 -1.515 -1.515 -1.515 -0.79 -0.79 -0.66322516 -0.64 -0.64 -0.22 -0.22 -0.22 -0.21378089 0.36 0.36 
-0.175 -0.175 -0.175 -0.024307226 0.145 0.145 0.135 0.135 0.135 0.135 0.775 0.775 0.775 -0.09 -0.09 -0.09 -0.09 -0.089961991 -0.585 -0.585 -0.62999998 -0.63 -0.62427874 -0.395 -0.39743069 -0.665 -0.665 -0.665 -0.665 -1.2099445 -1.21 -1.21 -1.21 -1.21 -1.6799981 -1.68 -1.68 -1.68 -1.6793789 -1.515 -1.515 -1.515 -0.79 -0.79 -0.79 -0.64 -0.64 -0.22 -0.22 -0.22 0.36 0.36 0.36 
-0.175 -0.175 -0.175 0.145 0.145 0.145 0.14499998 0.135 0.135 0.77433934 0.775 0.775 0.775 0.77446107 0.096167155 0.14 0.14 0.14 -0.585 -0.585 -0.585 -0.395 -0.395 -0.395 -0.39482772 -0.20079599 -0.665 -0.665 -0.665 -1.0997896 -1.0900118 -1.09 -1.09 -1.09 -1.3844101 -0.97000161 -0.97 -0.97 -0.97 -0.13018951 -0.13 -0.13 -0.79 -0.79 0.4549948 0.45499983 -0.035 -0.035 0.115 0.115 0.115 0.36 0.83457529 
-0.1750007 -0.175 -0.17499999 0.145 0.145 0.145 0.145 -0.079999937 0.13414035 0.77483225 0.775 0.775 0.775 0.77375395 0.14 0.14 0.14 0.13999979 -0.585 -0.585 -0.585 -0.395 -0.395 -0.395 0.22 0.22 -0.25499999 -0.255 -0.255 -0.25955519 -1.09 -1.09 -1.09 -1.09 -1.0300329 -0.97 -0.97 -0.97 -0.97 -0.13 -0.13 -0.13 -0.11159366 0.455 0.455 0.455 -0.035 -0.035 0.115 0.115 0.115 0.83499998 0.835 
-0.4 -0.31189328 -0.715 -0.7147505 0.145 -0.078698158 -0.08 -0.08 -0.02169942 0.58999999 0.59 0.59 0.59 0.15501416 0.155 0.14000001 0.14 0.12089732 -0.585 -0.585 -0.585 -0.645 -0.645 -0.645 0.22 0.22 -0.255 -0.255 -0.255 -0.25500033 -0.71500238 -0.71500105 -1.0805749 -1.089598 -0.58058305 -0.58 -0.58 -0.58 -0.58 -0.13 -0.13 -0.13 0.42278812 0.455 0.455 0.45499995 -0.035 -0.035 -0.0349946 0.115 0.11501096 0.36 0.835 
-0.8649117 -0.86499997 -0.715 -0.715 -0.715 -0.08 -0.08 -0.08 0.08 0.08 0.59 0.59 0.59 0.155 0.155 0.155 0.155 0.15491782 -0.585 -0.585 -0.585 -0.645 -0.645 -0.645 0.22 0.22 -0.255 -0.255 -0.255 -0.70981347 -0.715 -0.715 -0.715 -0.715 -0.58006661 -0.58 -0.58 -0.58 -0.58 -0.050000021 -0.05 -0.05 -0.05 0.45499778 0.165 0.165 0.165 0.165 0.165 0.165 0.36 0.36 0.36 
-0.865 -0.865 -0.715 -0.715 -0.715 -0.083337673 -0.08 0.08 0.08 0.08 0.58993722 0.59 0.10789641 0.15499996 0.155 0.155 0.155 -0.075 -0.075 -0.075 -0.69 -0.68999997 -0.64500022 -0.645 -0.64460002 -0.38 -0.38 -0.3799997 -0.2550202 0.064844557 0.064995848 0.064863822 -0.7136669 -0.71432687 -0.60353724 -0.57999981 -0.57832439 -0.08 -0.08 -0.05 -0.05 -0.05 -0.05 0.165 0.165 0.165 0.165 0.165 0.165 0.165 0.36 0.36 0.36 
-0.865 -0.865 -0.715 -0.715 -0.715 -0.715 -0.020116674 0.08 0.08 0.08 0.07995581 1.5781875e-23 1.9102361e-46 3.08206e-30 0.15408655 0.155 -0.073467337 -0.075 -0.075 -0.075 -0.69 -0.69 -0.69 -0.69 -0.38 -0.38 -0.38 -0.38 -0.38 0.065 0.065 0.065 0.065 0.064999842 -0.01 -0.08 -0.08 -0.08 -0.08 -0.080000443 -0.225 -0.225 -0.225 -0.16317006 -0.035 -0.035 -0.035 0.16499999 0.1649998 -0.045 -0.045 0.46997324 0.47 
-0.865 -0.865 -0.76913947 -0.715 -0.715 -0.71500001 -1.0280303 0.076501893 0.08 0.079999999 -1.186558e-07 -2.1326488e-36 -1.247218e-117 8.7637961e-63 2.3571808e-22 0.012693694 -0.075 -0.075 -0.075 -0.075 -0.68999524 -0.69 -0.69 -0.69 -0.38 -0.38 -0.38 -0.38 -0.38 -0.14929736 0.065 0.065 0.065 -0.01 -0.01 -0.010054357 -0.08 -0.08 -0.26290302 -0.40499997 -0.225 -0.225 -0.225 -0.16410181 -0.035 -0.035 -0.035 -0.215 -0.047118183 -0.045 -0.045 0.47 0.47 
-1.04 -1.04 -1.04 -0.79648643 -0.71478271 -1.03 -1.03 -1.03 -1.03 -0.565 -0.565 -3.9953184e-08 -1.9114283e-39 -6.0028756e-32 -1.041464e-16 -4.7633741e-06 -0.075 -0.075 -0.075 -0.075 -0.42163395 -0.69 -0.69 -0.6618668 0.3509354 -0.38 -0.38 -0.38 -0.225 -0.225 -0.225 -0.22499878 -0.01 -0.01 -0.01 -0.01 -0.405 -0.405 -0.405 -0.405 -0.59 -0.59 -0.59 -0.075010354 -0.075 -0.075 -0.074999987 -0.215 -0.215 -0.045207136 -0.045 0.46999793 0.47 
-1.04 -1.04 -1.04 -1.0399742 -0.56 -0.62834572 -1.03 -1.03 -1.03 -0.565 -0.565 -0.565 -0.24999999 -0.25 -0.25 -0.25 -0.07572357 -0.075 -0.075 -0.075 -0.0842669 0.38499705 0.385 0.385 0.385 0.38499996 -0.665 -0.665 -0.225 -0.225 -0.225 -0.225 -0.010000289 -0.01 -0.01 -0.010032581 -0.40500002 -0.405 -0.405 -0.40732502 -0.59 -0.59 -0.59 -0.075023882 -0.075 -0.075 -0.075 -0.215 -0.215 -0.21499996 0.06 0.06 0.965 
-1.04 -1.04 -1.04 -0.56000111 -0.56 -0.56 -1.0299998 -1.03 -1.03 -0.565 -0.565 -0.565 -0.25 -0.25 -0.25 -0.2667551 -0.47 -0.47 -0.46999898 -0.077231059 0.385 0.385 0.385 0.385 0.385 0.38420982 -0.665 -0.665 -0.665 -0.225 -0.225 -0.22503218 -0.41 -0.41 -0.41 -0.89 -0.89 -0.935 -0.935 -0.935 0.105 -0.589782 -0.58999298 0.35 0.35 0.33389298 -0.074999114 -0.215 -0.215 0.06 0.06 0.06 0.965 
-1.04 -1.04 -1.04 -0.56 -0.56 -0.56 -0.56 -1.03 -1.03 -0.565 -0.565 -0.26259546 -0.25 -0.25 -0.25 -0.47 -0.47 -0.47 -0.47 -0.47 0.385 0.385 0.385 0.385 0.385 -0.66499642 -0.665 -0.665 -0.665 -0.275 -0.275 -0.275 -0.41 -0.41 -0.41 -0.89 -0.89 -0.935 -0.935 0.105 0.105 0.105 0.35 0.35 0.35 0.35 0.40544945 1.025 1.025 1.025 0.060000025 1.355 1.355 
-1.04 -1.04 -1.0393316 -0.56 -0.56 -0.56 -0.56 -0.35055741 -0.34 -0.34038629 -0.56499999 -0.25000586 -0.25 -0.25 -0.25000076 -0.47 -0.47 -0.47 -0.47 -0.47 -1.3316427 0.385 0.385 0.385 0.38474872 -0.66500956 -0.665 -0.665 -0.665 -0.275 -0.275 -0.275 -0.27501707 -0.41 -0.89 -0.89 -0.89 -0.89000121 -0.93492907 0.105 0.105 0.105 0.34998513 0.35 0.35 0.35 1.0250038 1.025 1.025 1.025 1.355 1.355 1.355 
-0.02 -0.020001782 -0.56023338 -0.56 -0.56 -0.56 -0.34004681 -0.34 -0.34 -0.34 -0.32 -0.32 -0.32 -0.32 -0.46930768 -0.47 -0.47 -0.47 -0.47 -1.4049994 -1.405 -1.405 -0.8349998 -0.835 -0.835 -0.835 -0.82032681 -0.665 0.019971945 0.02 0.02 0.02 0.02 -0.0050000041 -0.005 -0.005 -0.005 -0.005 0.575 0.575 0.575 0.575 0.575 1.4084021 1.41 1.41 1.41 1.025 1.025 1.025 1.354948 1.355 1.355 
-0.02 -0.02 -0.014641765 0.61999763 0.61999974 0.61906333 -0.34 -0.34 -0.34 -0.34 -0.32 -0.32 -0.32 -0.32 -0.32 -0.47 -0.47 -0.47 -1.4049998 -1.405 -1.405 -1.405 -0.835 -0.835 -0.835 -0.835 -0.835 -0.83496317 0.020015446 0.02 0.02 0.02 0.020006205 0.24443671 -0.0047417187 -0.005 -0.005 -0.0049999937 0.575 0.575 0.575 0.575 0.575 1.41 1.41 1.41 1.41 1.2299665 1.025 1.4304257 1.435 0.96 0.96 
-0.02 -0.02 0.61991893 0.62 0.62 0.62 0.37616405 -0.34 -0.34 -0.34 -0.32 -0.32 -0.32 -0.32 -0.32 -0.46988408 -0.47 -1.4047259 -1.405 -1.405 -1.405 -1.405 -1.0461602 -0.835 -0.835 -0.835 -0.835 -0.8343661 0.06 0.06 0.06 0.06 0.06 0.435 0.435 0.435 0.435 0.435 1.4 1.4 1.4 1.4 1.4 1.4109278 1.4100002 1.41 1.4100644 1.4177542 1.435 1.435 1.435 0.96000266 0.96 
-0.019998232 0.92128386 0.62000004 0.62 0.62 0.62 0.62 -0.33959124 -0.34 -0.34 -0.32 -0.32 -0.32 -0.32 -0.26622162 -0.265 -0.265 -1.4049707 -1.405 -1.405 -1.405 -1.405 -1.4049998 -0.835 -0.835 -0.835 -0.835 0.15499988 0.15499996 0.13478169 0.06 0.06 0.06 0.435 0.435 0.435 0.435 0.43507789 1.4 1.4 1.4 1.4 1.4000146 1.79 1.79 1.79 1.79 1.7899714 1.435 1.435 1.435 1.4349999 1.1964654 
0.94 0.94 0.89493802 0.62 0.62 0.62 0.62 0.62 -0.33958896 0.36499999 0.365 0.365 0.36337435 -0.26500008 -0.265 -0.265 -0.265 -0.265 -1.4049901 -1.3203777 -0.58 -0.58 -0.58 -0.64066052 -0.75696454 -0.33941155 0.012929722 0.155 0.155 0.155 0.155 0.155 0.15443298 0.54831648 0.55 0.55 0.55 0.55 1.435692 1.5899997 1.59 1.59 1.59 1.5000009 1.7899999 1.79 1.79 1.13 1.4349951 1.435 1.435 1.2 1.2 
0.94 0.94 1.035 1.035 1.035 0.62013824 0.62 0.62 0.365 0.365 0.365 0.365 0.365 -0.26499997 -0.265 -0.265 -0.265 -0.265 -0.58 -0.58 -0.58 -0.58 -0.58 0.13999996 0.14 0.14 0.14 0.155 0.155 0.155 0.155 0.155 0.4 0.4 0.55 0.55 0.55 1.2998723 1.3 1.59 1.59 1.59 1.59 1.5 1.5 1.5 1.13 1.13 1.13 1.14 1.14 1.2 1.2 
0.94 0.94 1.035 1.035 1.035 1.035 1.0349985 0.77 0.36538132 0.365 0.365 0.365 0.365 -0.25714132 -0.265 -0.265 -0.265 -0.265 -0.57999999 -0.58 -0.58 -0.58 -0.58 0.14 0.14 0.14 0.14 0.14000011 0.155 0.155 0.155 0.39998715 0.4 0.4 0.4 0.55 1.3 1.3 1.3 1.3076304 1.6110752 1.615 1.615 1.5 1.5 1.5 1.13 1.13 1.13 1.14 1.14 1.14 1.3268003 
0.505 0.50500341 1.035 1.035 1.035 1.035 0.77 0.77 0.77 0.365 0.365 0.365 0.365 0.36480415 -0.265 -0.265 -0.265 -0.265 -0.57999381 -0.58 -0.58 -0.57999998 0.013197491 0.14 0.14 0.14 0.14 0.68999955 0.69 0.68999999 0.16075114 0.4 0.4 0.4 0.40000074 1.17 1.3 1.3 1.3 1.3 1.615 1.615 1.615 1.41 1.41 1.41 1.2699864 1.13 1.13 1.14 1.14 1.14 1.340001 
0.505 0.505 1.035 1.035 1.035 0.77 0.77 0.77 0.77 0.40939596 0.365 0.365 0.365 0.36499991 0.65489412 0.655 0.655 0.655 1.0311208 1.07 1.07 1.07 1.07 0.14 0.14 0.14 0.14003628 0.69 0.69 0.69 0.69 0.40013022 0.83310273 1.17 1.17 1.17 1.3019407 1.8199892 1.82 1.82 1.6149569 1.56 1.56 1.41 1.41 1.4099994 1.27 1.27 1.425 1.425 1.425 1.51 1.7 
0.505 0.505 1.44 1.44 1.44 0.77 0.77 0.77 0.77 0.405 0.405 0.405 0.405 0.42261809 0.655 0.655 0.655 0.655 1.03 1.07 1.07 1.07 1.07 1.225 1.2249996 0.1400016 0.69 0.69 0.69 0.69 0.98110826 1.265 1.1813037 1.17 1.17 1.17 1.82 1.82 1.82 1.82 1.56 1.56 1.56 1.8249164 1.825 1.2724947 1.27 1.27 1.4250004 1.425 1.51 1.51 1.7 
0.505 1.44 1.44 1.44 1.44 1.44 0.7697283 0.735 0.735 0.405 0.405 0.405 0.405 0.40505921 0.655 0.655 0.655 0.67194369 1.03 1.03 1.07 1.07 1.225 1.225 1.225 1.225 0.69 0.69 0.69 0.69 1.265 1.265 1.265 1.1700961 1.17 1.17 1.82 1.82 1.82 1.82 1.56 1.56 1.56 1.825 1.825 1.8249887 1.625 1.625 1.52 1.52 1.51 1.51 1.7 
1.4312192 1.44 1.44 1.44 1.44 1.44 0.735 0.735 0.735 0.55837021 0.405 0.405 0.405 0.40500725 0.655 0.655 0.655 1.03 1.03 1.03 1.069998 1.0700009 1.225 1.225 1.225 1.225 0.69003803 0.69 0.69 1.2648678 1.265 1.265 1.265 1.265 1.1709081 1.64 1.64 1.6431152 1.82 1.82 1.5600002 1.56 1.8172951 1.825 1.825 1.6250001 1.625 1.625 1.52 1.52 2.36 2.36 2.635 
1.44 1.44 1.44 1.44 1.44 1.44 0.735 0.735 0.735 0.735 0.72499078 0.725 0.725 0.725 0.65500223 1.1485776 1.425 1.425 1.0307282 1.03 1.03 1.2249998 1.225 1.225 1.225 1.225 1.224611 0.69 0.69001965 1.265 1.265 1.265 1.265 1.265 1.64 1.64 1.64 1.64 1.64 1.6399997 1.235 1.235 1.2350001 1.65 1.65 1.65 1.615 1.615 1.985 1.985 2.36 2.3600006 2.635 
1.44 1.44 1.44 1.44 1.44 1.44 0.735 0.735 0.735 0.725 0.725 0.725 0.725 0.725 0.90951832 1.425 1.425 1.425 1.425 1.425 1.4061401 1.225 1.225 1.225 1.225 1.2173068 0.98038391 0.72949045 1.2621644 1.265 1.265 1.265 1.265 1.2650008 1.64 1.64 1.64 1.64 1.64 1.4515949 1.235 1.235 1.235 1.65 1.65 1.65 1.615 1.615 1.985 1.985 1.1 2.5503228 2.635 
1.44 1.44 1.44 1.44 1.44 1.4399998 0.73500016 0.735 0.73458494 0.725 0.725 0.725 0.725 0.725 0.75857631 1.425 1.425 1.425 1.425 1.425 1.425 1.0188545 0.98000034 0.98 0.98 0.98 0.98 0.98 1.1330107 1.1350015 1.135 1.135 1.135 1.1350004 1.64 1.64 1.64 1.64 1.64 1.235 1.235 1.235 1.235 1.2350002 1.6494469 1.305 1.615 0.5585974 1.9837339 1.1 1.1 1.0888791 0.565 
1.44 1.44 1.44 1.44 1.44 1.439955 0.73503802 0.73499939 0.72500001 0.725 0.725 0.725 0.725 0.725 0.73831951 1.425 1.425 1.425 1.425 1.425 1.425 0.98 0.98 0.98 0.98 0.98 0.98 0.98 1.1349572 1.135 1.135 1.135 1.135 1.135 1.27337 1.64 1.64 1.64 1.64 1.235 1.235 1.235 1.235 1.2350179 1.305 1.305 1.3002053 0.54 0.54 1.1 1.1 0.565 0.565 
1.44 1.44 1.44 1.44 1.44 1.4390598 0.73583659 0.72612844 0.725 0.725 0.725 0.725 0.725 0.725 0.7372547 1.425 1.425 1.425 1.425 1.425 1.3616401 0.98 0.98 0.98 0.98 0.98 0.98 0.98 1.1349994 1.135 1.135 1.135 1.135 1.135 1.135 1.1444073 0.37403242 -0.047202966 -0.11132938 1.1096566 1.235 1.235 1.235 1.3049944 1.305 1.2960164 -0.19999646 0.54 0.54 -0.30001962 -0.3 -0.3 0.56499961 
1.44 1.44 1.44 1.44 1.4399993 1.4341206 0.73907463 0.72500275 0.725 0.725 0.725 0.725 0.725 0.725 0.74134608 1.425 1.425 1.425 1.425 1.425 0.98000192 0.98 0.98 0.98 0.98 0.98 0.98 0.98 1.135 1.135 1.135 1.135 1.135 1.135 1.1349997 -0.145 -0.145 -0.145 -0.145 -0.715 -0.715 -0.715 -0.715 -0.19999564 -0.2 -0.2 -0.2 -0.20000187 -0.39 -0.39 -0.3 -0.3 -0.61627372 
1.44 1.44 1.44 1.4399999 1.4399803 1.4208558 0.72689999 0.72500013 0.725 0.725 0.725 0.725 0.725 0.725 0.74876232 1.4249997 1.425 1.425 1.425 1.4223217 0.98 0.98 0.98 0.98 0.98 0.98 0.98 0.98 1.135 1.135 1.135 1.135 1.135 1.135 -0.14499883 -0.145 -0.145 -0.145 -0.145 -0.715 -0.715 -0.715 -0.715 -0.57600371 -0.2 -0.2 -0.2 -0.38999787 -0.39 -0.39 -0.755 -0.755 -0.755 
1.44 1.44 1.44 1.4399984 1.439807 1.3678255 0.72518115 0.72500003 0.725 0.725 0.725 0.725 0.725 0.72500004 0.75880847 1.4249835 1.425 1.425 1.4249995 0.98901641 0.98 0.98 0.98 0.98 0.98 0.98 0.98 0.98 1.1349999 1.135 1.135 1.135 1.135 0.018636148 -0.14500007 -0.145 -0.145 -0.145 -0.145 -0.715 -0.715 -0.715 -0.715 -0.715 -0.2 -0.2 -0.2 -0.39 -0.39 -0.39 -0.755 -0.755 -0.755 
1.44 1.44 1.4399993 1.4399811 1.4388404 1.0244144 0.72504932 0.72500002 0.725 0.725 0.725 0.725 0.725 0.72500131 0.77075253 1.4247444 1.425 1.425 1.422696 0.98003784 0.98 0.98 0.98 0.98 0.98 0.98 0.98 0.98000009 1.134999 1.135 1.1349989 -0.25593393 -0.39 -0.39 -0.39 -0.145 -0.145 -0.145 -0.145 -0.715 -0.715 -0.715 -0.715 -0.715 -0.20000913 -0.2 -0.20000009 -0.38999999 -0.39 -0.3900002 -0.755 -0.755 -0.755 
