interpolatedSpi/03-05|20_3.tif
NCOLS 53
NROWS 52
XLLCORNER -116.03883
YLLCORNER 28.596182
DX 0.49850594
DY 0.49788537
NODATA_VALUE -9999
[rows 0 to 38 of 52, columns 0 to 52 of 53]
0.5325 0.5325 -0.11907906 -0.26 -0.015 -0.205 0.1075 -0.23 -0.47917966 -0.695 -0.68 -0.4 -0.59492815 0.2775 -0.6875 -0.6875 -0.6875 0.42 0.18 0.18 0.18 0.17999263 -0.585 -0.585 -0.585 -0.585 -0.30249481 -0.3025 -0.3025 -0.1375 -0.1375 -0.1375 -0.1375 -0.30749997 -0.3075 -0.3075 -0.3075 -0.3075 -0.3075 -0.30749999 0.048663459 0.052099772 -1.52 -1.52 -1.52 -1.52 -1.5192895 -1.085 -1.085 -1.085 0.21999729 0.22 0.22
0.53247279 -0.08 -0.12499939 -0.01593943 0.3970344 0.38 0.41 -0.18466508 -0.46 -0.315 -0.2925 -0.595 -0.595 -0.053891289 0.27748746 -0.6875 0.42 0.42 0.18031293 0.18 0.18 0.18 -0.60394935 -0.585 -0.585 -0.585 -0.36250002 -0.3625 -0.1375 -0.1375 -0.1375 -0.1375 -0.1375 -0.30749998 -0.3075 -0.3075 -0.3075 -0.3075 -0.30749998 -0.31756629 -0.40746963 -1.3850066 -1.52 -1.52 -1.52 -1.52 -1.52 -1.085 -1.085 -1.085 -0.97678815 0.22 0.22
1.3274463 1.3275 0.4075 1.1425 0.025 0.0075 0.16 -0.475 -0.5875 -0.45 0.29 -0.975 -0.6325 -0.2875 -0.055 -0.65 0.42 0.42 0.42 -0.037436772 -0.0375 -0.0375 -0.945 -0.585 -0.585 -0.585 -0.3625 -0.3625 -0.3625 -0.1375 -0.1375 -0.13750004 -0.58159156 -0.30749977 -0.30452148 0.0095676894 0.0125 0.0125 -0.040324931 -0.4075 -0.4075 -0.40892261 -1.52 -1.52 -1.52 -1.52 -1.52 -1.085 -1.085 -1.085 -1.085 0.22 0.22
0.5325 1.3274998 0.13493719 0.4325 -0.185 -0.03 -0.085 -0.885 -0.4025 -0.29370376 -0.7425 -0.755 -0.5075 -0.2875 -0.4875 -0.65 -0.70954094 -0.70920826 -1.15 -0.0375 -0.0375 -1.9525 -0.945 -0.945 -0.585 -0.58499889 -0.3625 -0.3625 -0.3625 -1.195 -1.1209285 -1.06 -1.06 -1.0599992 0.0125 0.0125 0.0125 0.0125 -0.4075 -0.4075 -0.4075 -0.40750004 -1.52 -1.52 -1.52 -1.52 -1.52 -1.0850055 -1.085 -1.085 -1.085 0.2199243 0.22
0.5325 -0.032499693 0.135 -0.12138139 -0.185 -0.4575 -0.784948 -0.8175 -0.6325 -0.59750007 -0.68692122 -0.72498281 -0.605 -0.4875 -0.4875 -0.59717114 -0.71 -0.71 -1.15 -1.15 -0.037503843 -1.9525 -2.62 -1.1 -0.645 -0.64521158 -0.3625 -0.3625 -1.195 -1.195 -1.06 -1.06 -1.06 -1.1448578 0.012499998 0.0125 0.0125 -0.4075 -0.4075 -0.4075 -0.4075 -0.40750917 -1.52 -1.52 -1.52 -1.52 -1.52 -1.516128 -1.085 -1.0850454 -2.0975 -2.0975 -2.0975
-0.9625 0.2125 0.8225 -0.095 -0.33 -0.0375 -0.3625 -0.42075303 -0.285 -1.005 -0.4625 -0.4 -0.40000014 -0.595 -0.595 -0.61256338 -0.6125 -1.1275 -1.1275 -1.1500006 -2.1525 -2.1525 -1.1 -0.645 -0.645 -1.55 -1.8225 -1.8225 -0.6025551 -1.195 -1.06 -1.06 -1.51 -1.509937 -0.9075433 -1.4775 -1.4775 -0.73852893 -0.4075 -0.4075 -0.50238151 -0.5025 -0.50249882 -2.264128 -2.2774163 -2.2774998 -2.2775 -2.2774997 -3.2705957 -2.0975 -2.0975 -2.0975 -2.0975
-0.63000368 0.4675 -0.62435449 0.245 0.575 -0.305 -0.2375 -0.3975 -0.885 -0.885 -0.4625 -0.1975 -1.2674999 -0.595 -0.87499916 -0.875 -0.6125 -1.4375 -1.82 -1.82 -2.0664942 -1.97 -1.97 -1.56 -1.55 -1.55 -1.8225 -1.8225 -0.60255653 -0.60354073 -0.12198701 -1.51 -1.51 -0.9075 -0.9075 -1.2991304 -1.4775 -1.4775 -1.6149952 -0.50250155 -0.5025 -0.5025 -0.5024954 -2.2774962 -2.2775 -2.2775 -2.2775 -2.2775008 -3.5475 -2.0977874 -2.0975 -2.0975 -2.0975
-0.63 -0.945 -0.3025 -0.8875 -1.0999878 -0.6125 -0.5325 -1.1625 -0.6225 -0.8275 -0.8275 -0.9975 -1.2675 -1.2675 -0.87769291 -1.3053327 -1.3475 -1.0425 -1.3075005 -1.82 -1.8594069 -1.8125 -2.3725 -0.75250001 -0.75250687 -1.285 -1.7 -1.7 -1.569101 -1.5725 -0.1175 -0.69155849 -0.715 -0.9075 -0.91348945 -1.15 -1.15 -1.615 -1.615 -0.5025 -0.5025 -0.50249999 -1.5858892 -1.5925 -2.2775 -2.2775 -2.2775 -3.5474517 -3.5475 -3.5475 -2.0975 -2.0975 -2.0975
-0.95296507 -0.94499999 -1.1925 -0.2825 -0.8725 -0.99 -0.535 0.2125 -0.235 0.13979568 -0.1725 -0.535 -0.535 -0.55 -0.55000078 -1.5544217 -1.555 -1.555 -1.0829527 -2.1250001 -2.365 -2.365 -2.2075 -2.3074762 -1.2313381 -1.285 -1.6975 -1.7 -1.0314079 -1.0275 -0.685 -0.5375 -0.86235629 -1.46 -1.1175 -1.0375 -1.0425 -0.575 -0.6299746 -0.50012304 0.03 -0.675 -1.5924137 -1.5925 -1.5963556 -2.2775 -2.2925 -3.5475 -3.5475 -3.5475 -3.5475 -1.9437333 -1.975
-0.9975 -0.9975 -0.96 -0.5075 -0.69 -1.03 -0.59 -0.47 0.2225 0.23495307 -0.0575 -0.1175 -0.55 -0.55 -0.6325 -0.6451525 -1.555 -1.5548855 -1.06 -2.125 -2.125 -2.15592 -2.2075 -2.2649989 -2.265 -2.265 -1.6975 -1.085 -1.085 -1.0275 -1.0275 -0.53872332 -1.1825 -1.46 -1.16 -1.0375 -1.0425 -1.8875 -0.63 0.13735847 -0.67499997 -0.81734401 -1.0625 -1.5925 -1.5925 -2.2925 -2.2925 -2.2925 -3.5475 -3.5475 -0.8625 -0.8625 -0.86250042
-0.9975 -0.9975 -1.8875 -1.5775 -1.11 -0.7525 -1.1025 -0.19776745 -0.8525 -0.6525 -0.58 -0.6225 -0.11817294 -0.6325 -0.6325 -0.63254009 -0.98 -0.98419878 -1.06 -0.6675 -0.6675 -1.135 -1.135 -2.265 -2.265 -2.265 -1.085 -1.085 -1.085 -1.4725 -1.4725 -1.4724995 -0.92 -0.92 -1.2575 -1.495 -0.735 -2.0374978 -1.66 0.15 0.15 -1.0974999 -1.0625 -1.5925 -1.0325002 -1.1775 -0.54007991 -0.5325 -0.5975 -0.5975 -0.8625 -0.8625 -0.8625
-0.9975 -1.3817515 -1.7552119 -1.7149844 -1.67 -1.755 -1.1025 -0.1975 -0.85249453 -0.65471576 -0.62250004 -0.6225 -0.4175 -0.6325 -0.6325 -0.97999999 -0.98 -0.98000455 -1.06 -0.6675 -0.75930749 -1.135 -1.135 -2.2649538 -2.265 -1.9757268 -1.385 -1.385 -1.385 -1.4725 -1.4725 -1.565 -1.565 -0.92000093 -1.2575 -1.065 -0.90216915 -2.0375 -2.0375 0.14999996 -1.0975 -1.0975 -1.0974995 -1.0325 -1.0325 -1.1775 -0.5325 -0.5325 -0.5975 -0.5975 -0.8625 -0.8625 -0.8625
-0.2975 -0.39319344 -0.27004911 -0.28047002 -1.6700002 -1.754998 -1.1025 -0.20864004 -0.8073638 -0.84727747 -0.4175 -0.4175 -0.4175 -0.4175 -0.63246954 -0.98 -0.98 -0.98103293 -1.06 -0.66743596 -0.4375 -0.4375 -0.4375 -0.4375 -2.2333471 -1.385 -1.385 -1.385 -1.385 -1.3849432 -1.565 -1.565 -1.565 -1.565 -1.065 -1.065 -1.065 -1.9903059 -2.028431 -0.83 -0.83 -1.0974856 -0.92500368 -1.0324896 -1.0325 -1.1775 -0.5325 -0.5325 -0.5975 -0.5975 -0.86153861 -0.8625 -1.3708892
-0.2975 -0.27 -0.27 -0.27 -0.27 -0.27000063 -1.1041702 -0.67437268 -0.68694461 -0.41796347 -0.4175 -0.4175 -0.4175 -0.4175 -0.41750014 -0.97999999 -0.98000001 -0.98548745 -1.0599969 -0.4375 -0.4375 -0.4375 -0.4375 -0.4375 -0.44831207 -1.1133164 -0.99500008 -0.995 -0.995 -0.995 -1.565 -1.565 -1.5649994 -1.0325 -1.0325 -1.065 -0.70528906 -0.695 -0.82999992 -0.83 -0.83 -0.83 -0.925 -0.925 -0.925 -0.92675717 -0.45812194 -0.4575 -0.4575 -0.4575 -0.4575 0.5849997 0.585
0.3125 -0.27 -0.27 -0.27 -0.27 -0.27 -0.27000006 -0.71557296 -0.60493687 -0.605 -0.605 -0.605 -0.605 -0.605 -0.605 -0.44093882 -0.9713979 -0.99095452 -0.43757824 -0.4375 -0.4375 -0.4375 -0.4375 -0.43750019 -0.9375 -0.9375 -0.93750008 -0.995 -0.995 -0.99552063 -1.255 -1.255 -1.0325 -1.0325 -1.0325 -0.74906376 -0.695 -0.695 -0.695 -0.83 -0.83 -0.83 -0.925 -0.925 -0.925 -0.925 -0.4575 -0.4575 -0.4575 -0.4575 -0.4575 0.585 0.585
0.3125 0.095641868 -0.27 -0.27 -0.27 -0.27 -0.27749853 -0.2775 -0.27750001 -0.605 -0.605 -0.605 -0.605 -0.605 -0.56804833 -0.4375 -0.4375 -0.4375 -0.59701257 -0.59749984 -0.5975 -0.5975 -0.5975 -0.5975 -0.9375 -0.9375 -0.9375 -0.9375 -0.995 -1.255 -1.255 -1.255 -1.0325 -1.0325 -1.0325 -0.5475 -0.69480471 -0.695 -0.695 -0.83004038 -0.91077609 -1.099193 -0.925 -0.925 -0.31937478 -0.3175 -0.3175 -0.45657189 0.10552558 0.10749995 0.10749989 0.51251087 0.58499985
0.3125 -0.21542961 -0.24975816 -0.27 -0.27 -0.27749557 -0.2775 -0.2775 -0.2775 -0.27986006 -0.605 -0.605 -0.605 -0.60499998 -0.4375 -0.4375 -0.4375 -0.4375 -0.59735708 -0.5975 -0.5975 -0.5975 -0.5975 -0.5975 -0.93749999 -0.9375 -0.9375 -0.9375 -0.93865485 -1.255 -1.255 -1.255 -0.71250001 -1.0324429 -0.5475 -0.5475 -0.5475 -0.55199045 -1.0743566 -1.1 -1.1 -1.1 -0.605 -0.605 -0.3175 -0.3175 -0.3175 0.10749999 0.1075 0.1075 0.1075 0.5125 0.5125
-0.22939695 -0.23 -0.23 -0.23 -0.0675 -0.27749458 -0.2775 -0.2775 -0.2775 -0.2775 -0.52058525 -0.60498547 -0.60499997 -0.4375 -0.4375 -0.4375 -0.4375 -0.4375 -0.46977077 -0.5975 -0.5975 -0.5975 -0.5975 -0.5975 -0.64899146 -0.47250252 -0.4725 -0.4725 -0.4725 -1.255 -0.71250001 -0.7125 -0.7125 -0.7125 -0.5475 -0.54751073 -0.955 -0.955 -1.0981895 -1.1 -1.1 -1.1 -0.605 -0.605 -0.3620149 -0.3175 -0.3175 0.1075 0.1075 0.1075 0.11184265 0.5125 0.5125
-0.23 -0.23 -0.23 -0.15347633 -0.0675 -0.0675 -0.2775 -0.2775 -0.2775 -0.2775 0.51 0.51 0.51 -0.4375 -0.4375 -0.4375 -0.4375 -0.43746571 -0.75 -0.75 -0.59750006 -0.5975 -0.59463937 -0.48 -0.47993248 -0.4725 -0.4725 -0.4725 -0.4725 -0.71247556 -0.7125 -0.7125 -0.7125 -0.7125 -0.95499857 -0.955 -0.955 -0.955 -0.95548511 -1.1 -1.1 -1.1 -0.605 -0.605 -0.605 -0.3175 -0.3175 0.10749999 0.1075 0.1075 0.5125 0.5125 0.5125
-0.23 -0.23 -0.23 -0.0675 -0.0675 -0.0675 -0.067500321 -0.2775 -0.2775 0.50918707 0.51 0.51 0.51 0.50940967 -0.26954485 -0.23 -0.23 -0.23 -0.75 -0.75 -0.75 -0.48 -0.48 -0.48 -0.47986764 -0.2285962 -0.4725 -0.4725 -0.4725 -0.64593205 -0.63750738 -0.6375 -0.6375 -0.6375 -0.77499516 -0.52250098 -0.5225 -0.5225 -0.5225 -0.0076494852 -0.0075 -0.0075 -0.605 -0.605 0.43249567 0.43249989 0.125 0.125 0.275 0.275 0.275 0.5125 0.82222282
-0.22999998 -0.23 -0.22999999 -0.0675 -0.0675 -0.0675 -0.067500001 -0.13750004 -0.27694023 0.50989572 0.51 0.51 0.51 0.50854792 -0.23 -0.23 -0.23 -0.23000015 -0.75 -0.75 -0.75 -0.48 -0.48 -0.48 -0.0075 -0.0075 -0.12 -0.12 -0.12 -0.12282313 -0.6375 -0.6375 -0.6375 -0.6375 -0.58003154 -0.5225 -0.5225 -0.5225 -0.5225 -0.0075 -0.0075 -0.0075 0.0063440834 0.4325 0.4325 0.4325 0.125 0.125 0.275 0.275 0.275 0.82249998 0.8225
-0.2225 -0.23763366 -0.6 -0.59984551 -0.0675 -0.13709498 -0.1375 -0.1375 -0.099240244 0.39499999 0.395 0.395 0.395 -0.21748006 -0.2175 -0.22999999 -0.23 -0.24370124 -0.75 -0.75 -0.75 -0.705 -0.705 -0.705 -0.0075 -0.0075 -0.12 -0.12 -0.12 -0.12000013 -0.30250213 -0.30250094 -0.62908028 -0.63714086 -0.32535655 -0.325 -0.325 -0.325 -0.325 -0.0075 -0.0075 -0.0075 0.40827228 0.4325 0.4325 0.43249996 0.125 0.125 0.1250054 0.275 0.27499743 0.2175 0.8225
-0.49744778 -0.49750002 -0.6 -0.6 -0.6 -0.1375 -0.1375 -0.1375 -0.0325 -0.0325 0.395 0.395 0.395 -0.2175 -0.2175 -0.2175 -0.2175 -0.21755914 -0.75 -0.75 -0.75 -0.705 -0.705 -0.705 -0.0075000001 -0.0075 -0.12 -0.12 -0.12 -0.3004423 -0.3025 -0.3025 -0.3025 -0.3025 -0.3249889 -0.325 -0.325 -0.325 -0.325 0.079999977 0.08 0.08 0.08 0.4324982 0.1975 0.1975 0.1975 0.09 0.09 0.09 0.2175 0.2175 0.2175
-0.4975 -0.4975 -0.6 -0.6 -0.6 -0.13993098 -0.1375 -0.0325 -0.0325 -0.0325 0.39494737 0.395 -0.11161733 -0.2175 -0.2175 -0.2175 -0.2175 -0.21 -0.21 -0.21 -0.63 -0.63000006 -0.70499963 -0.705 -0.70466187 -0.465 -0.465 -0.46499918 -0.12005575 0.20739836 0.20749729 0.20741096 -0.30162836 -0.30205988 -0.32066098 -0.32499988 -0.32397788 -0.02 -0.02 0.08 0.08 0.08 0.08 0.1975 0.1975 0.1975 0.1975 0.09 0.09 0.09 0.2175 0.2175 0.2175
-0.4975 -0.4975 -0.6 -0.6 -0.6 -0.6 -0.098201567 -0.0325 -0.0325 -0.0325 -0.032606333 -0.225 -0.225 -0.225 -0.2175442 -0.2175 -0.21004998 -0.21 -0.21 -0.21 -0.63 -0.63 -0.63 -0.63 -0.465 -0.465 -0.465 -0.465 -0.465 0.2075 0.2075 0.2075 0.2075 0.20750013 0.2675 -0.02 -0.02 -0.02 -0.02 -0.02000059 -0.2225 -0.2225 -0.2225 -0.16311043 -0.04 -0.04 -0.04 0.089999996 0.089999799 -0.1175 -0.1175 0.41245256 0.4125
-0.4975 -0.4975 -0.5630047 -0.6 -0.6 -0.60000001 -1.0606722 -0.035745991 -0.0325 -0.032500001 -0.22500009 -0.225 -0.225 -0.225 -0.225 -0.22438302 -0.21 -0.21 -0.21 -0.21 -0.62999675 -0.63 -0.63 -0.63 -0.465 -0.465 -0.465 -0.465 -0.465 -0.12687778 0.2075 0.2075 0.2075 0.2675 0.2675 0.26727675 -0.02 -0.02 -0.060801442 -0.092499994 -0.2225 -0.2225 -0.2225 -0.16376335 -0.04 -0.04 -0.04 -0.15 -0.11790495 -0.1175 -0.1175 0.4125 0.4125
-0.785 -0.785 -0.785 -0.64638459 -0.60007915 -1.0625 -1.0625 -1.0625 -1.0625 -0.6575 -0.6575 -0.22500003 -0.225 -0.225 -0.225 -0.22499905 -0.21 -0.21 -0.21 -0.21 -0.44672562 -0.63 -0.63 -0.61233497 0.022290269 -0.465 -0.465 -0.465 -0.245 -0.245 -0.245 -0.2449981 0.2675 0.2675 0.2675 0.2675 -0.0925 -0.0925 -0.0925 -0.0925 -0.5025 -0.5025 -0.5025 -0.010009902 -0.01 -0.01 -0.010000009 -0.15 -0.15 -0.1175396 -0.1175 0.41249827 0.4125
-0.785 -0.785 -0.785 -0.7849926 -0.6475 -0.70784782 -1.0625 -1.0625 -1.0625 -0.6575 -0.6575 -0.6575 -0.3075 -0.3075 -0.3075 -0.3075 -0.21057702 -0.21 -0.21 -0.21 -0.21633184 0.044998147 0.045 0.045 0.045 0.044999971 -0.835 -0.835 -0.245 -0.245 -0.245 -0.245 0.26749979 0.2675 0.2675 0.26747597 -0.092500014 -0.0925 -0.0925 -0.09456181 -0.5025 -0.5025 -0.5025 -0.010022839 -0.01 -0.01 -0.01 -0.15 -0.15 -0.14999997 0.07 0.07 0.9125
-0.785 -0.785 -0.785 -0.64750032 -0.6475 -0.6475 -1.0624998 -1.0625 -1.0625 -0.6575 -0.6575 -0.6575 -0.3075 -0.3075 -0.3075 -0.3240647 -0.525 -0.525 -0.52499919 -0.2117792 0.045 0.045 0.045 0.045 0.045 0.044337754 -0.835 -0.835 -0.835 -0.245 -0.245 -0.24495977 -0.0275 -0.0275 -0.0275 -0.4825 -0.4825 -0.5625 -0.5625 -0.5625 0.14 -0.50229847 -0.50249377 0.3325 0.3325 0.31951964 -0.0099993319 -0.15 -0.15 0.07 0.07 0.07 0.9125
-0.785 -0.785 -0.785 -0.6475 -0.6475 -0.6475 -0.6475 -1.0625 -1.0625 -0.6575 -0.6575 -0.32149495 -0.3075 -0.3075 -0.3075 -0.525 -0.525 -0.525 -0.525 -0.525 0.045 0.045 0.045 0.045 0.045 -0.834997 -0.835 -0.835 -0.835 -0.1825 -0.1825 -0.1825 -0.0275 -0.0275 -0.0275 -0.4825 -0.4825 -0.5625 -0.5625 0.14 0.14 0.14 0.3325 0.3325 0.3325 0.3325 0.37583272 0.86 0.86 0.86 0.070000022 1.2325 1.2325
-0.785 -0.785 -0.78480853 -0.6475 -0.6475 -0.6475 -0.6475 -0.42377723 -0.4125 -0.41292063 -0.65749999 -0.30750565 -0.3075 -0.3075 -0.30750075 -0.525 -0.525 -0.525 -0.525 -0.525 -1.1154116 0.045 0.045 0.045 0.044831107 -0.83499662 -0.835 -0.835 -0.835 -0.1825 -0.1825 -0.1825 -0.18247632 -0.0275 -0.4825 -0.4825 -0.4825 -0.4825028 -0.56245209 0.14 0.14 0.14 0.33248831 0.3325 0.3325 0.3325 0.86000336 0.86 0.86 0.86 1.2325 1.2325 1.2325
-0.0925 -0.09250121 -0.64755272 -0.6475 -0.6475 -0.6475 -0.41255001 -0.4125 -0.4125 -0.4125 -0.375 -0.375 -0.375 -0.375 -0.52430768 -0.525 -0.525 -0.525 -0.525 -1.1649996 -1.165 -1.165 -0.77499986 -0.775 -0.775 -0.775 -0.78017877 -0.835 -0.022533277 -0.0225 -0.0225 -0.0225 -0.0225 0.1975 0.1975 0.1975 0.1975 0.1975 0.6375 0.6375 0.6375 0.6375 0.6375 1.1986923 1.2 1.2 1.2 0.86 0.86 0.86 1.2324413 1.2325 1.2325
-0.0925 -0.0925 -0.087351082 0.52249765 0.52249974 0.52158771 -0.4125 -0.4125 -0.4125 -0.4125 -0.375 -0.375 -0.375 -0.375 -0.375 -0.525 -0.525 -0.525 -1.1649998 -1.165 -1.165 -1.165 -0.775 -0.775 -0.775 -0.775 -0.775 -0.77501194 -0.022444007 -0.022499999 -0.0225 -0.0225 -0.022477506 0.34064266 0.19764822 0.1975 0.1975 0.1975 0.6375 0.6375 0.6375 0.6375 0.6375 1.2 1.2 1.2 1.2 1.0410094 0.86 1.2678978 1.2725 0.835 0.835
-0.0925 -0.0925 0.5224221 0.5225 0.5225 0.5225 0.28501394 -0.4125 -0.4125 -0.4125 -0.375 -0.375 -0.375 -0.375 -0.375 -0.52488395 -0.525 -1.1648124 -1.165 -1.165 -1.165 -1.165 -0.91947803 -0.775 -0.775 -0.775 -0.775 -0.77436436 0.1225 0.1225 0.1225 0.1225 0.1225 0.45 0.45 0.45 0.45 0.45 1.31 1.31 1.31 1.31 1.31 1.2009889 1.2000002 1.2 1.2000687 1.2082709 1.2725 1.2725 1.2725 0.83500245 0.835
-0.09249819 0.8708452 0.52250005 0.5225 0.5225 0.5225 0.5225 -0.41210189 -0.4125 -0.4125 -0.375 -0.375 -0.375 -0.375 -0.3065548 -0.305 -0.305 -1.1649779 -1.165 -1.165 -1.165 -1.165 -1.1649998 -0.775 -0.775 -0.775 -0.775 0.12749997 0.1275 0.12643588 0.1225 0.1225 0.1225 0.45 0.45 0.45 0.45 0.44995428 1.31 1.31 1.31 1.31 1.3100023 1.605 1.605 1.605 1.605 1.6049732 1.2725 1.2725 1.2725 1.2724998 0.88918999
0.89 0.89 0.8261596 0.5225 0.5225 0.5225 0.5225 0.5225 -0.41209966 0.27249999 0.2725 0.2725 0.27096335 -0.3050001 -0.305 -0.305 -0.305 -0.305 -1.164993 -1.105508 -0.585 -0.585 -0.585 -0.63039891 -0.72057527 -0.42935883 -0.18350222 0.1275 0.1275 0.1275 0.1275 0.1275 0.12836965 0.38064814 0.3825 0.3825 0.3825 0.3825 1.3156354 1.3399999 1.34 1.34 1.34 1.272501 1.6049999 1.605 1.605 0.9225 1.2724944 1.2725 1.2725 0.89 0.89
0.89 0.89 0.9175 0.9175 0.9175 0.52263158 0.5225 0.5225 0.2725 0.2725 0.2725 0.2725 0.2725 -0.30499997 -0.305 -0.305 -0.305 -0.305 -0.585 -0.585 -0.585 -0.585 -0.585 -0.095000025 -0.095 -0.095 -0.095 0.1275 0.1275 0.1275 0.1275 0.1275 0.2175 0.2175 0.3825 0.3825 0.3825 0.96740037 0.9675 1.34 1.34 1.34 1.34 1.2725 1.2725 1.2725 0.9225 0.9225 0.9225 0.8625 0.8625 0.89 0.89
0.89 0.89 0.9175 0.9175 0.9175 0.9175 0.91749875 0.69 0.27289309 0.2725 0.2725 0.2725 0.2725 -0.29779621 -0.305 -0.305 -0.305 -0.305 -0.58499999 -0.585 -0.585 -0.585 -0.585 -0.095 -0.095 -0.095 -0.095 -0.094999068 0.1275 0.1275 0.1275 0.21749528 0.2175 0.2175 0.2175 0.3825 0.96749999 0.9675 0.9675 0.97730117 1.4032256 1.415 1.415 1.2725 1.2725 1.2725 0.9225 0.9225 0.9225 0.8625 0.8625 0.8625 1.030386
0.6425 0.64250194 0.9175 0.9175 0.9175 0.9175 0.69 0.69 0.69 0.2725 0.2725 0.2725 0.2725 0.27232047 -0.305 -0.305 -0.305 -0.305 -0.58499464 -0.585 -0.585 -0.58499998 -0.18129652 -0.095 -0.095 -0.095 -0.095 0.28499969 0.285 0.285 0.12919376 0.2175 0.2175 0.2175 0.21750061 0.85249999 0.9675 0.9675 0.9675 0.9675 1.415 1.415 1.415 1.19 1.19 1.19 0.9624961 0.9225 0.9225 0.8625 0.8625 0.8625 1.0450008
