interpolatedSpi/03-09|21_3.tif
NCOLS 53
NROWS 52
XLLCORNER -116.03883
YLLCORNER 28.596182
DX 0.49850594
DY 0.49788537
NODATA_VALUE -9999
[rows 0 to 27 of 52, columns 0 to 52 of 53]
-1.1314286 -1.1314286 -1.1939695 -1.3485714 -1.1957143 -1.6285714 -1.4028571 -1.3142857 -1.2871019 -1.4142857 -1.6671429 -1.23 -1.8071057 -1.3557143 -1.65 -1.65 -1.65 -0.67285714 -0.84714286 -0.84714286 -0.84714286 -0.84713924 -0.47142858 -1.2342857 -1.2342857 -1.2342857 -0.59428858 -0.59428571 -0.59428571 -0.33714286 -0.33714286 -0.33714286 -0.33714286 -0.93714274 -0.93714286 -0.93714286 -0.93714286 -0.93714286 -0.93714286 -0.93714285 -0.69828714 -0.69571982 -0.71714286 -0.71714286 -0.71714286 -0.71714286 -0.71629119 -0.19571429 -0.19571429 -0.19571429 0.88714061 0.88714286 0.88714286
-1.1314585 -1.8042857 -1.4142851 -1.4821049 -1.6985683 -1.1057143 -1.2371429 -1.4911934 -1.7185714 -1.69 -1.5628571 -1.8071429 -1.8071429 -1.1478383 -1.3557144 -1.65 -0.67285714 -0.67285714 -0.84691561 -0.84714286 -0.84714286 -0.84714286 -1.2430836 -1.2342857 -1.2342857 -1.2342857 -1.2842857 -1.2842857 -0.33714286 -0.33714286 -0.33714286 -0.33714286 -0.33714286 -0.93714277 -0.93714286 -0.93714286 -0.93714286 -0.93714286 -0.93714285 -0.93238379 -0.91713837 -0.74141123 -0.71714286 -0.71714286 -0.71714286 -0.71714286 -0.71714286 -0.19571429 -0.19571429 -0.19571429 -0.10592273 0.88714286 0.88714286
-1.6771179 -1.6771429 -0.91285714 -0.97857143 -1.0385714 -1.4114286 -0.76285714 -1.2085714 -1.5671429 -1.4914286 -1.3971429 -1.7157143 -1.1128571 -1.6328571 -1.1471429 -1.9214286 -0.67285714 -0.67285714 -0.67285714 -1.2341732 -1.2342857 -1.2342857 -1.4014286 -1.2342857 -1.2342857 -1.2342857 -1.2842857 -1.2842857 -1.2842857 -0.33714286 -0.33714286 -0.33714288 -0.58540775 -0.93685869 -0.93615888 -0.83239728 -0.83142857 -0.83142857 -0.84220917 -0.91714286 -0.91714286 -0.91688711 -0.71714286 -0.71714286 -0.71714286 -0.71714286 -0.71714286 -0.19571429 -0.19571429 -0.19571429 -0.19571428 0.88714286 0.88714286
-0.28 -1.6771427 -1.1314032 -0.35714286 -0.97428571 -1.0685714 -0.84285714 -1.1128571 -1.0557143 -1.1678677 -1.3114286 -1.7114286 -1.6528571 -1.6328571 -1.4871429 -1.9214286 -2.0490163 -2.0490351 -1.89 -1.2342857 -1.2342857 -1.7471429 -1.4014286 -1.4014286 -1.2342857 -1.234286 -1.2842857 -1.2842857 -1.2842857 -0.92428571 -0.88509445 -0.85285714 -0.85285714 -0.85285712 -0.83142857 -0.83142857 -0.83142857 -0.83142857 -0.91714286 -0.91714286 -0.91714286 -0.91714285 -0.71714286 -0.71714286 -0.71714286 -0.71714286 -0.71714286 -0.19572086 -0.19571429 -0.19571429 -0.19571429 0.88708784 0.88714286
-0.28 0.062854952 -1.1314286 -1.4137509 -0.97428571 -0.83285714 -1.4099797 -1.1885714 -1.2528571 -1.217143 -1.6296496 -1.8270667 -1.2957143 -1.4871429 -1.4871429 -1.7797427 -2.05 -2.05 -1.89 -1.89 -1.2342867 -1.7471429 -1.6385714 -0.96857143 -0.82428571 -0.82419529 -1.2842857 -1.2842857 -0.92428571 -0.92428571 -0.85285714 -0.85285714 -0.85285714 -0.79897907 -0.83142857 -0.83142857 -0.83142857 -0.91714286 -0.91714286 -0.91714286 -0.91714286 -0.91714741 -0.71714286 -0.71714286 -0.71714286 -0.71714286 -0.71714286 -0.7125015 -0.19571429 -0.19574125 -0.79714286 -0.79714286 -0.79714286
-1.59 -0.7 -0.80142858 -1.0357143 -1.5357143 -1.2085714 -1.5557143 -1.5087095 -1.2428571 -0.79285714 -0.78428571 -0.44142857 -0.44142913 -1.2514286 -1.2514286 -1.6999503 -1.7 -1.6085714 -1.6085714 -1.8899992 -1.3057143 -1.3057143 -0.96857143 -0.82428571 -0.82428571 -0.43714286 -0.67 -0.67 -0.43004487 -0.92428571 -0.85285714 -0.85285714 -0.56714286 -0.56714032 -0.54285904 -1.0842857 -1.0842857 -0.96885232 -0.91714286 -0.91714286 -0.96422692 -0.96428571 -0.96428516 -1.6209023 -1.6370412 -1.6371426 -1.6371428 -1.6371425 -0.97942687 -0.79714286 -0.79714286 -0.79714286 -0.79714286
-0.30571467 -0.60857143 -0.01839694 -0.63285714 -1.02 -1.6471429 -0.98857142 -0.96 -0.96571429 -0.96571429 -0.78428571 -1.1528571 -0.88142865 -1.2514286 -1.494285 -1.4942857 -1.7 -1.2671429 -0.98571429 -0.98571429 -1.293596 -1.28 -1.28 -0.28428572 -0.43714286 -0.43714286 -0.67 -0.67 -0.42999942 -0.42998927 -0.46414905 -0.56714286 -0.56714286 -0.54285714 -0.54285714 -1.1620914 -1.0842857 -1.0842857 -1.1971389 -0.96428604 -0.96428571 -0.96428571 -0.9642829 -1.6371401 -1.6371429 -1.6371429 -1.6371429 -1.6371425 -1.0371429 -0.79719042 -0.79714286 -0.79714286 -0.79714286
-0.30571429 0.17285714 0.25857143 -1.2185714 -1.3699913 -1.3042857 -0.93285714 -1.5385714 -1.5185714 -1.2214286 -1.2214286 -1.1742857 -0.88142857 -0.88142857 -1.4900809 -1.5736517 -1.5814286 -0.97571429 -1.122857 -0.98571429 -0.37756041 -0.37428571 -0.36428571 0.092857141 0.092856129 0.014285714 -0.64857143 -0.64857144 -0.42003504 -0.42 -0.46428571 -0.96482645 -0.75714286 -0.54285714 -0.56510368 -1.2271429 -1.2271429 -1.1971429 -1.1971429 -0.96428571 -0.96428571 -0.96428571 -1.1416802 -1.1442857 -1.6371429 -1.6371429 -1.6371429 -1.0371657 -1.0371429 -1.0371429 -0.79714286 -0.79714286 -0.79714286
-0.015486863 0.17285715 0.36571429 -0.16285714 -0.77428571 -1.1542857 -1.2914286 -1.3428571 -1.5471429 -1.3204427 -1.2271429 -1.2214286 -1.2214286 -1.1128571 -1.1128572 -1.1725713 -1.1714286 -1.1714286 -0.99817587 -0.57142854 -0.41285714 -0.41285714 -0.52428571 -0.42733908 0.02220364 0.014285714 -0.54 -0.64857143 -0.61732549 -0.61714286 -1.0228571 -0.46142857 -0.5283435 -1.2214286 -1.3228571 -1.46 -1.4842857 -1.2414286 -1.2128703 -0.96321441 -0.72428571 -0.75 -1.1442104 -1.1442857 -1.1470598 -1.6371429 -1.5628571 -1.0371429 -1.0371429 -1.0371429 -1.0371429 -0.79340763 -0.37142857
-1.0685714 -1.0685714 0.42714286 -0.21857143 -0.80142857 -1.2571429 -1.3885714 -1.3214286 -1.37 -1.2628688 -1.4957143 -0.34285714 -1.1128571 -1.1128571 -1.1228571 -1.1235233 -1.1714286 -1.1713988 -1.0185714 -0.57142857 -0.57142857 -0.55099926 -0.52428571 -0.50428609 -0.50428571 -0.50428571 -0.54 -0.15285714 -0.15285714 -0.61714286 -0.61714286 -0.46168055 -0.59428571 -1.2214286 -0.72857143 -1.46 -1.4842857 -1.1114286 -1.2128571 -1.1875596 -0.75 -0.72481101 -0.68142857 -1.1442857 -1.1442857 -1.5628571 -1.5628571 -1.5628571 -1.0371429 -1.0371429 -0.76714286 -0.76714286 -0.76714271
-1.0685714 -1.0685714 -0.40285714 -1.0957143 -1.1014286 -0.5 -0.96857143 -1.2101157 -1.2771429 -1.1614286 -1.2328571 -1 -0.34373313 -1.1228571 -1.1228571 -1.1228708 -1.2414286 -1.229732 -1.0185714 -1.3171429 -1.3171429 -0.75714286 -0.75714286 -0.50428571 -0.50428571 -0.50428571 -0.15285714 -0.15285714 -0.15285714 -1.0128571 -1.0128571 -1.0128565 -0.99857143 -0.99857143 -1.4085714 -1.7714286 -1.2085714 -2.0842756 -1.5685714 -1.1871429 -1.1871429 -0.88428505 -0.68142857 -1.1442857 -1.3500001 -1.4842857 -0.95690669 -0.95428572 -0.78142857 -0.78142857 -0.76714286 -0.76714286 -0.76714286
-1.0685714 -0.78129439 -0.698524 -1.1299927 -0.38142857 -1.2114286 -0.96857143 -1.21 -1.2771423 -1.1627105 -1.0000002 -1 -1.0071429 -1.1228571 -1.1228571 -1.2414286 -1.2414286 -1.2414159 -1.0185714 -1.3171429 -1.2071702 -0.75714286 -0.75714286 -0.50429653 -0.50428571 -0.59914479 -0.79285714 -0.79285714 -0.79285706 -1.0128571 -1.0128571 -1.2585714 -1.2585714 -0.99857255 -1.4085714 -1.3985716 -1.1577165 -2.0842857 -2.0842857 -1.1871428 -0.88428571 -0.88428571 -0.88428905 -1.35 -1.35 -1.4842857 -0.95428571 -0.95428571 -0.78142857 -0.78142857 -0.76714286 -0.76714286 -0.76714286
-1.8914286 -0.95065895 -0.9871461 -0.98816696 -0.3814329 -1.211409 -0.96857144 -1.2070282 -1.272516 -1.2741212 -1.0071429 -1.0071429 -1.0071429 -1.0071429 -1.1228408 -1.2414286 -1.2414286 -1.2385511 -1.0185714 -1.3171728 -1.4271429 -1.4271429 -1.4271429 -1.4271429 -0.5201381 -0.79285714 -0.79285714 -0.79285714 -0.79285714 -0.79310125 -1.2585714 -1.2585714 -1.2585714 -1.2585714 -1.3985714 -1.3985714 -1.3985714 -2.0498312 -2.0806807 -1.6042857 -1.6042857 -0.88432444 -1.3428574 -1.3499993 -1.35 -1.4842857 -0.95428571 -0.95428571 -0.78142857 -0.78142857 -0.76719468 -0.76714286 -0.36586828
-1.8914286 -0.98714286 -0.98714286 -0.98714286 -0.98714286 -0.98714295 -0.96919297 -1.0828152 -1.2601721 -1.0074308 -1.0071429 -1.0071429 -1.0071429 -1.0071429 -1.007143 -1.2414286 -1.2414285 -1.2261421 -1.0185759 -1.4271429 -1.4271429 -1.4271429 -1.4271429 -1.4271429 -1.4238361 -1.0845536 -1.2114285 -1.2114286 -1.2114286 -1.2114286 -1.2585714 -1.2585714 -1.2585715 -1.3371429 -1.3371429 -1.3985714 -1.3207961 -1.3185714 -1.6042855 -1.6042857 -1.6042857 -1.6042857 -1.3428571 -1.3428571 -1.3428571 -1.3438414 -1.1076777 -1.1085714 -1.1085714 -1.1085714 -1.1085714 -0.41142864 -0.41142857
-1.51 -0.98714286 -0.98714286 -0.98714286 -0.98714286 -0.98714286 -0.98714286 -1.0802839 -1.1804029 -1.18 -1.18 -1.18 -1.18 -1.18 -1.18 -1.1016282 -1.2391643 -1.210912 -1.4270916 -1.4271429 -1.4271429 -1.4271429 -1.4271429 -1.4271426 -1.2742857 -1.2742857 -1.2742856 -1.2114286 -1.2114286 -1.2112255 -1.11 -1.11 -1.3371429 -1.3371429 -1.3371429 -1.3215462 -1.3185714 -1.3185714 -1.3185714 -1.6042857 -1.6042857 -1.6042857 -1.3428571 -1.3428571 -1.3428571 -1.3428571 -1.1085714 -1.1085714 -1.1085714 -1.1085714 -1.1085714 -0.41142857 -0.41142857
-1.51 -1.3153462 -0.98714286 -0.98714286 -0.98714286 -0.98714286 -1.2170977 -1.2171429 -1.2171429 -1.18 -1.18 -1.18 -1.18 -1.18 -1.1623514 -1.1 -1.1 -1.1 -1.2006915 -1.2000002 -1.2 -1.2 -1.2 -1.2 -1.2742857 -1.2742857 -1.2742857 -1.2742857 -1.2114286 -1.11 -1.11 -1.11 -1.3371428 -1.3371429 -1.3371429 -1.0342857 -1.318195 -1.3185714 -1.3185714 -1.6041345 -1.3025507 -0.59872868 -1.3428571 -1.3428571 -0.8586418 -0.85714286 -0.85714286 -1.1072711 -0.31990854 -0.31714293 -0.31714301 0.2356162 -0.41142726
-1.51 -1.3542971 -1.1707653 -0.98714286 -0.98714286 -1.217007 -1.2171429 -1.2171429 -1.2171429 -1.2168752 -1.18 -1.18 -1.18 -1.18 -1.1 -1.1 -1.1 -1.1 -1.1999107 -1.2 -1.2 -1.2 -1.2 -1.2 -1.2742857 -1.2742857 -1.2742857 -1.2742857 -1.2736881 -1.11 -1.11 -1.11 -1.1557143 -1.3371077 -1.0342857 -1.0342857 -1.0342857 -1.0287792 -0.64147325 -0.59571429 -0.59571429 -0.59571429 -0.91142857 -0.91142857 -0.85714286 -0.85714286 -0.85714286 -0.31714286 -0.31714286 -0.31714286 -0.31714286 0.23571429 0.23571429
-1.3500669 -1.35 -1.35 -1.35 -1.1471429 -1.2171411 -1.2171429 -1.2171429 -1.2171429 -1.2171429 -1.1631279 -1.1799971 -1.18 -1.1 -1.1 -1.1 -1.1 -1.1 -1.0945825 -1.2 -1.2 -1.2 -1.2 -1.2 -1.1856231 -1.1057152 -1.1057143 -1.1057143 -1.1057143 -1.11 -1.1557143 -1.1557143 -1.1557143 -1.1557143 -1.0342857 -1.0342725 -0.53142857 -0.53142857 -0.59491158 -0.59571429 -0.59571429 -0.59571429 -0.91142857 -0.91142857 -0.86554815 -0.85714286 -0.85714286 -0.31714286 -0.31714286 -0.31714286 -0.31121479 0.23571429 0.23571429
-1.35 -1.35 -1.35 -1.2544715 -1.1471429 -1.1471429 -1.2171429 -1.2171429 -1.2171429 -1.2171429 -0.95714286 -0.95714286 -0.95714286 -1.1 -1.1 -1.1 -1.1 -1.0998867 -0.89 -0.89 -1.1999999 -1.2 -1.2038605 -1.3585714 -1.3562951 -1.1057143 -1.1057143 -1.1057143 -1.1057143 -1.1557092 -1.1557143 -1.1557143 -1.1557143 -1.1557143 -0.53143034 -0.53142857 -0.53142857 -0.53142857 -0.53165508 -0.59571429 -0.59571429 -0.59571429 -0.91142857 -0.91142857 -0.91142857 -0.85714286 -0.85714286 -0.31714287 -0.31714286 -0.31714286 0.23571429 0.23571429 0.23571429
-1.35 -1.35 -1.35 -1.1471429 -1.1471429 -1.1471429 -1.147143 -1.2171429 -1.2171429 -0.95741125 -0.95714286 -0.95714286 -0.95714286 -0.95723185 -0.54496749 -0.41428571 -0.41428571 -0.41428572 -0.89 -0.89 -0.89 -1.3585714 -1.3585714 -1.3585714 -1.3582517 -0.63963697 -1.1057143 -1.1057143 -1.1057143 -0.80366345 -0.72432815 -0.72428571 -0.72428571 -0.72428571 -0.53464851 -0.53857141 -0.53857143 -0.53857143 -0.53857143 -0.47858746 -0.47857143 -0.47857143 -0.91142857 -0.91142857 -0.8028576 -0.80285705 -0.52714286 -0.52714286 -0.16 -0.16 -0.16 0.23571429 0.28424229
-1.3499973 -1.35 -1.35 -1.1471429 -1.1471429 -1.1471429 -1.1471429 -0.71571443 -1.2151379 -0.95689932 -0.95714286 -0.95714286 -0.95714286 -0.95607762 -0.41428571 -0.41428571 -0.41428571 -0.41428585 -0.89 -0.89 -0.89 -1.3585714 -1.3585714 -1.3585714 -0.21714286 -0.21714286 -0.44571428 -0.44571429 -0.44571429 -0.44723398 -0.72428571 -0.72428571 -0.72428571 -0.72428571 -0.63147956 -0.53857143 -0.53857143 -0.53857143 -0.53857143 -0.47857143 -0.47857143 -0.47857143 -0.4887747 -0.80285714 -0.80285714 -0.80285714 -0.52714286 -0.52714286 -0.16 -0.16 -0.16 0.2842857 0.28428571
-0.47 -0.8828323 -1.02 -1.0200369 -1.1471429 -0.71821052 -0.71571429 -0.71571429 -0.71831699 -0.68857143 -0.68857143 -0.68857143 -0.68857143 0.14283008 0.14285714 -0.41428529 -0.41428571 -0.42682009 -0.89 -0.89 -0.89 -0.0085714286 -0.0085714286 -0.0085714287 -0.21714286 -0.21714286 -0.44571429 -0.44571429 -0.44571429 -0.4457142 -0.32428826 -0.32428684 -0.71423231 -0.72385689 -0.5487702 -0.54857143 -0.54857143 -0.54857143 -0.54857143 -0.47857143 -0.47857143 -0.47857143 -0.78500086 -0.80285714 -0.80285714 -0.80285711 -0.52714286 -0.52714286 -0.52712964 -0.16 -0.16002581 -0.73714286 0.28428571
-0.81136373 -0.81142861 -1.02 -1.02 -1.02 -0.71571429 -0.71571429 -0.71571429 -0.72285714 -0.72285714 -0.68857143 -0.68857143 -0.68857143 0.14285714 0.14285714 0.14285714 0.14285714 0.1427404 -0.89 -0.89 -0.88999997 -0.0085714286 -0.0085714286 -0.0085714286 -0.21714286 -0.21714286 -0.44571429 -0.44571429 -0.44571429 -0.32565483 -0.32428571 -0.32428571 -0.32428571 -0.32428571 -0.54846076 -0.54857143 -0.54857143 -0.54857143 -0.54857143 -0.33428575 -0.33428571 -0.33428571 -0.33428571 -0.80285565 -0.60857143 -0.60857143 -0.60857143 -0.79857143 -0.79857143 -0.79857143 -0.73714286 -0.73714286 -0.73714286
-0.81142857 -0.81142857 -1.02 -1.02 -1.02 -0.71731367 -0.71571429 -0.72285714 -0.72285714 -0.72285714 -0.68857565 -0.68857143 -0.45860918 0.14285702 0.14285714 0.14285714 0.14285714 -0.11571429 -0.11571429 -0.11571429 -0.10285714 -0.10285707 -0.0085718879 -0.0085714286 -0.0087477145 -0.20714286 -0.20714286 -0.20714343 -0.44567573 0.10705688 0.10714056 0.10706754 -0.32354836 -0.3239134 -0.50834411 -0.54857119 -0.54648888 0.072857143 0.072857143 -0.33428571 -0.33428571 -0.33428571 -0.33428571 -0.60857143 -0.60857143 -0.60857143 -0.60857143 -0.79857143 -0.79857143 -0.79857143 -0.73714286 -0.73714286 -0.73714286
-0.81142857 -0.81142857 -1.02 -1.02 -1.02 -1.02 -0.71838765 -0.72285714 -0.72285714 -0.72285714 -0.72268275 -0.40714286 -0.40714286 -0.40714286 0.13961587 0.14285714 -0.11399123 -0.11571429 -0.11571429 -0.11571429 -0.10285714 -0.10285714 -0.10285714 -0.10285714 -0.20714286 -0.20714286 -0.20714286 -0.20714286 -0.20714286 0.10714286 0.10714286 0.10714286 0.10714286 0.10714313 0.23857143 0.072857143 0.072857143 0.072857143 0.072857143 0.0728559 -0.25571429 -0.25571429 -0.25571429 -0.45886392 -0.88 -0.88 -0.88 -0.79857143 -0.79857127 -0.63428571 -0.63428571 -0.52005283 -0.52
-0.81142857 -0.81142857 -0.94472036 -1.02 -1.02 -1.02 -0.63586892 -0.72258252 -0.72285714 -0.72285714 -0.40714283 -0.40714286 -0.40714286 -0.40714286 -0.40714286 -0.36201778 -0.11571429 -0.11571429 -0.11571429 -0.11571429 -0.10285724 -0.10285714 -0.10285714 -0.10285714 -0.20714286 -0.20714286 -0.20714286 -0.20714286 -0.20714286 0.12403329 0.10714286 0.10714286 0.10714286 0.23857143 0.23857143 0.23844275 0.072857143 0.072857143 0.32851938 0.52714281 -0.25571429 -0.25571429 -0.25571429 -0.4531154 -0.88 -0.88 -0.88 0.29142857 -0.6227514 -0.63428571 -0.63428571 -0.52 -0.52
-0.38142857 -0.38142857 -0.38142857 -0.85989259 -1.0189905 -0.63571429 -0.63571429 -0.63571429 -0.63571429 -0.27428572 -0.27428571 -0.40714285 -0.40714286 -0.40714286 -0.40714286 -0.40712437 -0.11571429 -0.11571429 -0.11571429 -0.11571429 -0.10846758 -0.10285714 -0.10285714 -0.089771934 0.37023469 -0.20714286 -0.20714286 -0.20714286 0.13 0.13 0.13 0.1299999 0.23857143 0.23857143 0.23857143 0.23857143 0.52714286 0.52714286 0.52714286 0.52714286 -0.038571429 -0.038571429 -0.038571429 0.014284652 0.014285714 0.014285714 0.014285431 0.29142857 0.29142857 -0.63315778 -0.63428571 -0.51999404 -0.52
-0.38142857 -0.38142857 -0.38142857 -0.38142573 -0.32857143 -0.37323505 -0.63571429 -0.63571429 -0.63571429 -0.27428571 -0.27428571 -0.27428571 0.0057142674 0.0057142857 0.0057142857 0.0057142709 -0.11619841 -0.11571429 -0.11571429 -0.11571429 -0.11549203 0.39714148 0.39714286 0.39714286 0.39714286 0.39714285 0.31 0.31 0.13 0.13 0.13 0.13 0.23857186 0.23857143 0.23857143 0.2386203 0.52714284 0.52714286 0.52714286 0.52530666 -0.038571429 -0.038571429 -0.038571429 0.014283263 0.014285714 0.014285714 0.014285714 0.29142857 0.29142857 0.29142862 0.66142857 0.66142857 0.52
