interpolatedSpi/03-09|19_2.tif
NCOLS 53
NROWS 52
XLLCORNER -116.03883
YLLCORNER 28.596182
DX 0.49850594
DY 0.49788537
NODATA_VALUE -9999
[rows 0 to 28 of 52, columns 0 to 52 of 53]
0.10571429 0.10571429 -0.042007329 -0.37857143 -0.18142857 -0.26 -0.23285714 -0.39 -0.79604136 -0.80714286 -0.64285714 -0.23142857 -0.50428924 -0.54714286 -0.43571429 -0.43571429 -0.43571429 -0.12714286 -0.13428571 -0.13428571 -0.13428571 -0.13428973 -0.55142857 -0.10857143 -0.10857143 -0.10857143 -0.66142294 -0.66142857 -0.66142857 -0.79571429 -0.79571429 -0.79571429 -0.79571429 -1.0057142 -1.0057143 -1.0057143 -1.0057143 -1.0057143 -1.0057143 -1.0057143 0.047230487 0.058407315 -0.58571429 -0.58571429 -0.58571429 -0.58571429 -0.58645629 -1.04 -1.04 -1.04 0.11285475 0.11285714 0.11285714
0.10571327 0.082857143 0.088571926 0.091320855 -0.14290988 0.067142857 0.41571429 -0.28425974 -0.89142857 -0.63 -0.14714286 -0.50428571 -0.50428571 -0.11288145 -0.54713661 -0.43571429 -0.12714286 -0.12714286 -0.1342764 -0.13428571 -0.13428571 -0.13428571 -0.13556674 -0.10857143 -0.10857143 -0.10857143 -0.19999999 -0.2 -0.79571429 -0.79571429 -0.79571429 -0.79571429 -0.79571429 -1.0057143 -1.0057143 -1.0057143 -1.0057143 -1.0057143 -1.0057142 -0.80264639 0.21993412 -0.48794745 -0.58571429 -0.58571429 -0.58571429 -0.58571429 -0.58571429 -1.04 -1.04 -1.04 -0.94440398 0.11285714 0.11285714
-0.017137808 -0.017142857 0.52 0.47142857 -0.09 -0.19142857 0.031428571 0.24428571 -0.44 -0.44714286 -0.29142857 -0.48857143 -0.10142857 -0.39571429 -0.11142857 -0.68285714 -0.12714286 -0.12714286 -0.12714286 -0.32994311 -0.33 -0.33 -0.62142857 -0.10857143 -0.10857143 -0.10857143 -0.2 -0.2 -0.2 -0.79571429 -0.79571429 -0.79571429 -0.84591744 -1.0036164 -0.99637983 -0.012046795 -0.0028571429 -0.0028571429 0.025172412 0.22 0.22 0.21896969 -0.58571429 -0.58571429 -0.58571429 -0.58571429 -0.58571429 -1.04 -1.04 -1.04 -1.04 0.11285714 0.11285714
0.26142857 -0.017142984 -0.64573661 0.24714286 -0.33142857 0.027142857 0.0042857143 -0.36714286 -0.33857143 -0.030401637 -0.47142857 -0.69 -0.32 -0.39571429 -0.29 -0.68285714 -0.49714611 -0.49545604 -0.68714286 -0.33 -0.33 -0.29571429 -0.62142857 -0.62142857 -0.10857143 -0.10857189 -0.2 -0.2 -0.2 -1.0071429 -0.94835596 -0.9 -0.9 -0.8999993 -0.0028571429 -0.0028571429 -0.0028571429 -0.0028571429 0.22 0.22 0.22 0.21999997 -0.58571429 -0.58571429 -0.58571429 -0.58571429 -0.58571429 -1.0399943 -1.04 -1.04 -1.04 0.11283619 0.11285714
0.26142857 0.024284485 -0.64571429 -0.6936218 -0.33142857 -0.25571429 -0.36570283 -0.41285714 -0.4 -0.5928573 -0.60571149 -0.61001555 -0.71857143 -0.29 -0.29 -0.54991975 -0.49571429 -0.49571429 -0.68714286 -0.68714286 -0.32999996 -0.29571429 -0.41285714 -0.47 -0.23 -0.22993685 -0.2 -0.2 -1.0071429 -1.0071429 -0.9 -0.9 -0.9 -0.88168154 -0.0028571439 -0.0028571429 -0.0028571429 0.22 0.22 0.22 0.22 0.2199516 -0.58571428 -0.58571429 -0.58571429 -0.58571429 -0.58571429 -0.58975799 -1.04 -1.0399771 -0.52857143 -0.52857143 -0.52857143
-1.38 0.035714286 0.1714286 -0.46285714 0.10142857 0.085714286 -0.53714286 -0.52123073 -0.81285714 -0.71714286 -0.90571429 -0.88857143 -0.88857132 -1.2414286 -1.2414286 -0.37707732 -0.37714286 -0.39714286 -0.39714286 -0.68714245 -0.60857143 -0.60857143 -0.47 -0.23 -0.23 0.04 -0.89428571 -0.89428571 -0.69431406 -1.0071429 -0.9 -0.9 -0.80285714 -0.80289625 -1.177116 -1.0542857 -1.0542857 -0.17422938 0.22 0.22 -0.28080318 -0.28142857 -0.2814276 0.010710837 0.02136147 0.02142841 0.021428551 0.021428346 0.17126014 -0.52857143 -0.52857143 -0.52857143 -0.52857143
-0.162866 0.2 0.2292049 0.060000001 0.33714286 -0.57714286 -0.49714286 -0.62571429 -0.89 -0.89 -0.90571429 -0.64 -0.60714279 -1.2414286 -0.10571769 -0.10571429 -0.37714286 -0.20428571 -0.22714286 -0.22714286 -0.54461405 -0.47285714 -0.47285714 0.047142853 0.04 0.04 -0.89428571 -0.89428571 -0.69428313 -0.6942382 -0.44634515 -0.80285714 -0.80285714 -1.1771429 -1.1771429 -0.77885347 -1.0542857 -1.0542857 -0.71858307 -0.28142918 -0.28142857 -0.28142857 -0.28142193 0.021430786 0.021428571 0.021428571 0.021428571 0.021428757 0.33285714 -0.52840072 -0.52857143 -0.52857143 -0.52857143
-0.16285714 -0.45142857 0.43 -0.73142857 -0.1814601 -0.90142857 -1.04 -0.68857143 -0.84 -0.56142857 -0.56142857 -0.33 -0.60714286 -0.60714286 -0.10915455 -0.10571429 -0.10571429 -0.19142857 -0.45857119 -0.22714286 -0.013920919 -0.0014285714 -0.10571429 -0.41142857 -0.4114261 -0.22 0.0028571423 0.0028568261 -0.65015518 -0.65 -0.44571429 -0.4652192 -0.95428571 -1.1771429 -1.1513515 -0.54857143 -0.54857143 -0.71857143 -0.71857143 -0.28142857 -0.28142857 -0.28142856 0.41713533 0.41857141 0.021428571 0.021428571 0.021428571 0.33284529 0.33285714 0.33285714 -0.52857143 -0.52857143 -0.52857143
-0.42585367 -0.45142856 0.37 0.34714286 -0.045714286 -0.59571429 -0.44428571 -0.29142857 -0.76857143 -0.48035469 -0.54571429 -0.30714286 -0.30714286 -0.075714286 -0.075712338 -0.44476668 -0.44571429 -0.44571429 -0.23220834 0.22571421 -0.14857143 -0.14857143 0.15285714 -0.0038155396 -0.23929095 -0.22 -0.14571429 0.0028571429 -0.21160363 -0.21285714 -0.32857143 -0.065714286 -0.099534396 -0.17285714 -0.27285714 -0.36571429 -0.40571429 -0.77142857 -0.13886366 -0.27966219 0.11428571 0.28285714 0.41852887 0.41857143 0.41633609 0.021428571 0.17571428 0.33285714 0.33285714 0.33285714 0.33285714 -0.44123835 0.26857143
-0.28285714 -0.28285714 0.028571429 0.20571429 -0.29714286 -0.92 -0.62285714 -0.54714286 -0.27714286 -0.40715979 -0.38428571 -0.51857143 -0.075714286 -0.075714286 0.13142857 0.1235128 -0.44571429 -0.44561413 -0.048571429 0.22571429 0.22571429 0.17749374 0.15285714 -0.20999313 -0.21 -0.21 -0.14571429 0.20571429 0.20571429 -0.21285714 -0.21285714 -0.06584163 -0.13285714 -0.17285714 -0.12285714 -0.36571429 -0.40571429 -0.59714286 -0.13857143 0.57819208 0.28285714 0.23667733 0.15714286 0.41857143 0.41857143 0.17571429 0.17571429 0.17571429 0.33285714 0.33285714 0.17285714 0.17285714 0.17285718
-0.28285714 -0.28285714 -0.22 -0.78571429 -0.50571429 -0.35857143 -0.73285714 -0.66443409 -0.81571429 -0.79714286 -0.15714286 -0.71571429 -0.51883323 0.13142857 0.13142857 0.13145725 0.38 0.35750656 -0.048571429 0.34 0.34 0.79 0.79 -0.21 -0.21 -0.21 0.20571429 0.20571429 0.20571429 -0.08 -0.08 -0.080000087 0.027142857 0.027142857 -0.57714286 -0.21 0.0071428571 -0.5271428 0.10571429 0.59 0.59 0.13285722 0.15714286 0.41857143 0.28714285 0.23857143 0.26105942 0.26142857 0.83571429 0.83571429 0.17285714 0.17285714 0.17285714
-0.28285714 -0.25588666 -0.46141046 -0.81427325 -0.24857143 -0.16571429 -0.73285714 -0.66428571 -0.81571302 -0.79734861 -0.71571439 -0.71571429 0.23285714 0.13142857 0.13142857 0.37999999 0.38 0.37997561 -0.048571429 0.34 0.42837085 0.79 0.79 -0.20995973 -0.21 -0.0601978 0.24571429 0.24571429 0.24571428 -0.08 -0.08 0.021428571 0.021428571 0.0271412 -0.57714286 0.15285691 -0.077386424 -0.52714286 -0.52714286 0.58999999 0.13285714 0.13285714 0.13285826 0.28714286 0.28714286 0.23857143 0.26142857 0.26142857 0.83571429 0.83571429 0.17285714 0.17285714 0.17285714
-0.49 -0.12072593 -0.10431045 -0.10942199 -0.24857114 -0.16571624 -0.73285713 -0.66512979 -0.80527931 -0.81522934 0.23285714 0.23285714 0.23285714 0.23285714 0.13144294 0.38 0.38 0.37446646 -0.048571429 0.34013064 0.8 0.8 0.8 0.8 -0.19253236 0.24571429 0.24571429 0.24571429 0.24571429 0.24554128 0.021428571 0.021428571 0.021428571 0.021428572 0.15285714 0.15285714 0.15285714 -0.49434711 -0.51891345 0.56857143 0.56857143 0.13288058 0.23428752 0.28713777 0.28714286 0.23857143 0.26142857 0.26142857 0.83571428 0.83571429 0.17526192 0.17285714 -0.20987838
-0.49 -0.10428571 -0.10428571 -0.10428571 -0.10428571 -0.10428574 -0.73140536 -0.70043133 -0.77743976 0.23172841 0.23285714 0.23285714 0.23285714 0.23285714 0.2328574 0.38 0.37999993 0.35060293 -0.04856271 0.8 0.8 0.8 0.8 0.8 0.79817581 0.32664423 0.30714284 0.30714286 0.30714286 0.30714286 0.021428581 0.021428571 0.0214292 0.54428571 0.54428571 0.15285714 0.82089174 0.84 0.56857159 0.56857143 0.56857143 0.56857143 0.23428571 0.23428571 0.23428571 0.23431554 -0.04513993 -0.047142857 -0.047142857 -0.047142857 -0.047142841 0.67142847 0.67142857
0.41571428 -0.10428571 -0.10428571 -0.10428571 -0.10428571 -0.10428571 -0.10428575 -0.45595772 0.58691264 0.59428571 0.59428571 0.59428571 0.59428571 0.59428571 0.59428571 0.87138598 0.3878513 0.32131439 0.79989345 0.8 0.8 0.8 0.8 0.80000048 0.71571429 0.71571429 0.71571371 0.30714286 0.30714286 0.3078666 0.66857143 0.66857143 0.54428571 0.54428571 0.54428571 0.79262981 0.84 0.84 0.84 0.56857143 0.56857143 0.56857143 0.23428571 0.23428571 0.23428571 0.23428571 -0.047142847 -0.047142857 -0.047142857 -0.047142857 -0.047142857 0.67142857 0.67142857
0.41571429 0.22212419 -0.10428571 -0.10428571 -0.10428571 -0.10428571 0.19565541 0.19571429 0.1957143 0.59428571 0.59428571 0.59428571 0.59428571 0.59428571 0.65668598 0.87714286 0.87714286 0.87714286 1.214448 1.2157139 1.2157143 1.2157143 1.2157143 1.2157143 0.71571429 0.71571429 0.71571429 0.71571429 0.30714286 0.66857143 0.66857143 0.66857143 0.54428573 0.54428571 0.54428571 0.89428571 0.84007188 0.84 0.84 0.56861326 0.65191184 0.84631027 0.23428571 0.23428571 0.57750894 0.57857143 0.57857143 -0.046182937 0.53367746 0.53571423 0.53571418 0.8371177 0.67142891
0.41571429 0.12377156 0.0070444137 -0.10428571 -0.10428571 0.19553703 0.19571429 0.19571429 0.19571429 0.19858651 0.59428571 0.59428571 0.59428571 0.59428575 0.87714286 0.87714286 0.87714286 0.87714286 1.2154118 1.2157143 1.2157143 1.2157143 1.2157143 1.2157143 0.7157143 0.71571429 0.71571429 0.71571429 0.71554281 0.66857143 0.66857143 0.66857143 1.2714286 0.54433887 0.89428571 0.89428571 0.89428571 0.89731248 0.84670094 0.84714286 0.84714286 0.84714286 0.84285714 0.84285714 0.57857143 0.57857143 0.57857143 0.53571429 0.53571429 0.53571429 0.53571429 0.83714286 0.83714286
0.11597882 0.11571429 0.11571429 0.11571429 0.067142857 0.19571097 0.19571429 0.19571429 0.19571429 0.19571429 0.58411903 0.59428396 0.59428571 0.87714286 0.87714286 0.87714286 0.87714286 0.87714286 0.89078881 1.2157143 1.2157143 1.2157143 1.2157143 1.2157143 1.1478212 1.4199962 1.42 1.42 1.42 0.66857146 1.2714286 1.2714286 1.2714286 1.2714286 0.89428571 0.89429298 1.17 1.17 0.85117421 0.84714286 0.84714286 0.84714286 0.84285714 0.84285714 0.61949196 0.57857143 0.57857143 0.53571429 0.53571429 0.53571429 0.53894638 0.83714286 0.83714286
0.11571429 0.11571429 0.11571429 0.092841275 0.067142857 0.067142857 0.19571429 0.19571429 0.19571429 0.19571429 0.46 0.46 0.46 0.87714286 0.87714286 0.87714286 0.87714286 0.87711051 0.67285714 0.67285714 1.2157141 1.2157143 1.215123 1.1914286 1.1934863 1.42 1.42 1.42 1.42 1.2714437 1.2714286 1.2714286 1.2714286 1.2714286 1.169999 1.17 1.17 1.17 1.168895 0.84714286 0.84714286 0.84714286 0.84285714 0.84285714 0.84285714 0.57857143 0.57857143 0.53571429 0.53571429 0.53571429 0.83714286 0.83714286 0.83714286
0.11571429 0.11571429 0.11571429 0.067142857 0.067142857 0.067142857 0.067143054 0.19571429 0.19571429 0.45972718 0.46 0.46 0.46 0.4602599 0.71872733 0.68142857 0.68142857 0.68142857 0.67285714 0.67285714 0.67285714 1.1914286 1.1914286 1.1914286 1.191427 1.2971114 1.42 1.42 1.42 1.5525014 1.6128236 1.6128571 1.6128571 1.6128571 1.391248 1.7014274 1.7014286 1.7014286 1.7014286 1.2685138 1.2685714 1.2685714 0.84285714 0.84285714 1.079999 1.08 0.94428571 0.94428571 0.92571429 0.92571429 0.92571429 0.83714286 0.8742525
0.11571565 0.11571429 0.11571428 0.067142857 0.067142857 0.067142857 0.06714286 0.30714282 0.19615982 0.45992616 0.46 0.46 0.46 0.4604345 0.68142857 0.68142857 0.68142857 0.68142857 0.67285714 0.67285714 0.67285714 1.1914286 1.1914286 1.1914286 1.1857143 1.1857143 1.4328571 1.4328571 1.4328571 1.4338391 1.6128571 1.6128571 1.6128571 1.6128571 1.6571185 1.7014286 1.7014286 1.7014286 1.7014286 1.2685714 1.2685714 1.2685714 1.2626382 1.08 1.08 1.08 0.94428571 0.94428571 0.92571429 0.92571429 0.92571429 0.87428572 0.87428571
0.55571429 0.35938217 0.51285714 0.51272783 0.067142857 0.30575423 0.30714286 0.30714286 0.40292238 0.37857143 0.37857143 0.37857143 0.37857143 0.42428423 0.42428572 0.68142837 0.68142857 0.68120273 0.67285714 0.67285714 0.67285714 0.91428571 0.91428571 0.91428571 1.1857143 1.1857143 1.4328571 1.4328571 1.4328571 1.4328572 1.5471433 1.547143 1.6112055 1.6127867 1.4958491 1.4957143 1.4957143 1.4957143 1.4957143 1.2685714 1.2685714 1.2685714 1.090383 1.08 1.08 1.0799999 0.94428571 0.94428571 0.94428505 0.92571429 0.92570368 0.68857143 0.87428571
0.7471065 0.74714282 0.51285714 0.51285714 0.51285714 0.30714286 0.30714286 0.30714286 0.57 0.57 0.37857143 0.37857143 0.37857143 0.42428571 0.42428571 0.42428571 0.42428571 0.42431428 0.67285714 0.67285714 0.67285715 0.91428571 0.91428571 0.91428571 1.1857143 1.1857143 1.4328571 1.4328571 1.4328571 1.5458543 1.5471429 1.5471429 1.5471429 1.5471429 1.4957397 1.4957143 1.4957143 1.4957143 1.4957143 0.80285726 0.80285714 0.80285714 0.80285714 1.0799941 0.31142857 0.31142857 0.31142857 0.47857143 0.47857143 0.47857143 0.68857143 0.68857143 0.68857143
0.74714286 0.74714286 0.51285714 0.51285714 0.51285714 0.30822413 0.30714286 0.57 0.57 0.57 0.37859499 0.37857143 0.24316219 0.42428567 0.42428571 0.42428571 0.42428571 0.24714286 0.24714286 0.24714286 0.48857144 0.48857174 0.91428364 0.91428571 0.9145906 1.3 1.3 1.3000003 1.4328357 1.5871349 1.5871426 1.5871359 1.5472112 1.5471774 1.504899 1.4957139 1.4924157 0.51142857 0.51142857 0.80285714 0.80285714 0.80285714 0.80285714 0.31142857 0.31142857 0.31142857 0.31142857 0.47857143 0.47857143 0.47857143 0.68857143 0.68857143 0.68857143
0.74714286 0.74714286 0.51285714 0.51285714 0.51285714 0.51285714 0.40552261 0.57 0.57 0.57 0.56980272 0.21285714 0.21285714 0.21285714 0.42303972 0.42428571 0.24832329 0.24714286 0.24714286 0.24714286 0.48857143 0.48857143 0.48857143 0.48857143 1.3 1.3 1.3 1.3 1.3 1.5871429 1.5871429 1.5871429 1.5871429 1.5871427 1.5185714 0.51142857 0.51142857 0.51142857 0.51142857 0.51142782 0.22714286 0.22714286 0.22714286 0.23737049 0.25857143 0.25857143 0.25857143 0.47857142 0.47857149 0.54 0.54 0.90280501 0.90285714
0.74714286 0.74714286 0.59741783 0.51285714 0.51285714 0.51285715 0.6327456 0.57019809 0.57 0.57 0.21285722 0.21285714 0.21285714 0.21285714 0.21285714 0.23019236 0.24714286 0.24714286 0.24714286 0.24714286 0.48856956 0.48857143 0.48857143 0.48857143 1.3 1.3 1.3 1.3 1.3 1.0930977 1.5871429 1.5871429 1.5871429 1.5185714 1.5185714 1.5177894 0.51142857 0.51142857 0.62880809 0.71999998 0.22714286 0.22714286 0.22714286 0.23868565 0.25857143 0.25857143 0.25857143 0.65571429 0.54144179 0.54 0.54 0.90285714 0.90285714
0.93857143 0.93857143 0.93857143 0.61959542 0.51337681 0.63285714 0.63285714 0.63285714 0.63285714 0.58571429 0.58571429 0.21285717 0.21285714 0.21285714 0.21285714 0.21285932 0.24714286 0.24714286 0.24714286 0.24714286 0.38321983 0.48857143 0.48857143 0.48408507 0.36090837 1.3 1.3 1.3 0.91857143 0.91857143 0.91857143 0.91857424 1.5185714 1.5185714 1.5185714 1.5185714 0.72 0.72 0.72 0.72 0.37571429 0.37571429 0.37571429 0.667137 0.66714286 0.66714286 0.66714273 0.65571429 0.65571429 0.54014099 0.54 0.90285632 0.90285714
0.93857143 0.93857143 0.93857143 0.93856774 0.87 0.83551553 0.63285714 0.63285714 0.63285714 0.58571429 0.58571429 0.58571429 0.27 0.27 0.27 0.27 0.24748567 0.24714286 0.24714286 0.24714286 0.25079441 0.31714333 0.31714286 0.31714286 0.31714286 0.31714287 0.26857144 0.26857143 0.91857143 0.91857143 0.91857143 0.91857143 1.5185711 1.5185714 1.5185714 1.5185311 0.72000001 0.72 0.72 0.72118444 0.37571429 0.37571429 0.37571429 0.66712934 0.66714286 0.66714286 0.66714286 0.65571429 0.65571429 0.6557143 0.74 0.74 0.73142857
0.93857143 0.93857143 0.93857143 0.87000016 0.87 0.87 0.63285723 0.63285714 0.63285714 0.58571429 0.58571429 0.58571429 0.27 0.27 0.27 0.28251193 0.43428571 0.43428571 0.43428523 0.24819989 0.31714286 0.31714286 0.31714286 0.31714286 0.31714286 0.3171063 0.26857143 0.26857143 0.26857143 0.91857143 0.91857143 0.91845097 1.0228571 1.0228571 1.0228571 0.88142857 0.88142857 0.99 0.99 0.99 1.1785714 0.37596612 0.3757195 1.0742857 1.0742857 1.0588555 0.66714391 0.65571429 0.65571429 0.74 0.74 0.74 0.73142857
