interpolatedSpi/03-08|21_2.tif
NCOLS 53
NROWS 52
XLLCORNER -116.03883
YLLCORNER 28.596182
DX 0.49850594
DY 0.49788537
NODATA_VALUE -9999
[rows 0 to 30 of 52, columns 0 to 52 of 53]
-1.0316667 -1.0316667 -1.0241396 -1.1766667 -0.95 -1.3583333 -1.2183333 -1.1466667 -1.1063901 -1.235 -1.5083333 -1.0966667 -1.6316391 -1.2966667 -1.4233333 -1.4233333 -1.4233333 -0.62 -0.705 -0.705 -0.705 -0.70499689 -0.38166667 -0.96 -0.96 -0.96 -0.3250057 -0.325 -0.325 -0.18166667 -0.18166667 -0.18166667 -0.18166667 -0.70166656 -0.70166667 -0.70166667 -0.70166667 -0.70166667 -0.70166667 -0.70166667 -0.72969821 -0.72997161 -0.61833333 -0.61833333 -0.61833333 -0.61833333 -0.61754116 -0.13333333 -0.13333333 -0.13333333 0.92166448 0.92166667 0.92166667
-1.031693 -1.625 -1.2466662 -1.3359466 -1.5233113 -1.08 -1.0766667 -1.2747384 -1.375 -1.46 -1.4066667 -1.6316667 -1.6316667 -0.94617262 -1.2966635 -1.4233333 -0.62 -0.62 -0.70488917 -0.705 -0.705 -0.705 -0.97614204 -0.96 -0.96 -0.96 -0.99166666 -0.99166667 -0.18166667 -0.18166667 -0.18166667 -0.18166667 -0.18166667 -0.70166659 -0.70166667 -0.70166667 -0.70166667 -0.70166667 -0.70166667 -0.73164569 -0.89831275 -0.65230898 -0.61833333 -0.61833333 -0.61833333 -0.61833333 -0.61833333 -0.13333333 -0.13333333 -0.13333333 -0.045851723 0.92166667 0.92166667
-1.4749763 -1.475 -0.835 -0.87833333 -0.88666667 -1.2016667 -0.635 -1.0833333 -1.315 -1.2033333 -1.23 -1.505 -0.85166667 -1.3416667 -0.945 -1.7183333 -0.62 -0.62 -0.62 -1.0832234 -1.0833333 -1.0833333 -1.2666667 -0.96 -0.96 -0.96 -0.99166667 -0.99166667 -0.99166667 -0.18166667 -0.18166667 -0.18166669 -0.38545936 -0.70158369 -0.70166667 -0.70166667 -0.70166667 -0.70166667 -0.72640215 -0.89833333 -0.89833333 -0.89797528 -0.61833333 -0.61833333 -0.61833333 -0.61833333 -0.61833333 -0.13333333 -0.13333333 -0.13333333 -0.13333333 0.92166667 0.92166667
-0.13 -1.4749999 -0.91498953 -0.23166667 -0.80166667 -0.87833333 -0.66666667 -0.88166667 -0.94 -0.98231298 -1.1316667 -1.5083333 -1.3883333 -1.3416667 -1.2283333 -1.7183333 -1.802683 -1.8025042 -1.74 -1.0833333 -1.0833333 -1.64 -1.2666667 -1.2666667 -0.96 -0.96000016 -0.99166667 -0.99166667 -0.99166667 -0.68166667 -0.63960137 -0.605 -0.605 -0.60500007 -0.70166667 -0.70166667 -0.70166667 -0.70166667 -0.89833333 -0.89833333 -0.89833333 -0.89833332 -0.61833333 -0.61833333 -0.61833333 -0.61833333 -0.61833333 -0.13333945 -0.13333333 -0.13333333 -0.13333333 0.92161136 0.92166667
-0.13 0.19999796 -0.915 -1.2176158 -0.80166667 -0.69666667 -1.1383182 -0.95166667 -0.98833333 -1.1933333 -1.4155452 -1.5232491 -0.935 -1.2283333 -1.2283333 -1.5575269 -1.8033333 -1.8033333 -1.74 -1.74 -1.0833344 -1.64 -1.345 -0.87666667 -0.655 -0.65491355 -0.99166667 -0.99166667 -0.68166667 -0.68166667 -0.605 -0.605 -0.605 -0.55722812 -0.70166667 -0.70166667 -0.70166667 -0.89833333 -0.89833333 -0.89833333 -0.89833333 -0.89833092 -0.61833334 -0.61833333 -0.61833333 -0.61833333 -0.61833333 -0.61401623 -0.13333333 -0.13336196 -0.77166667 -0.77166667 -0.77166667
-1.4433333 -0.47666667 -0.69166667 -0.89833333 -1.3266667 -1.0816667 -1.3666667 -1.3135348 -0.99833333 -0.565 -0.61166667 -0.25666667 -0.25666711 -1.0066667 -1.0066667 -1.5599433 -1.56 -1.4433333 -1.4433333 -1.7399991 -1.22 -1.22 -0.87666667 -0.655 -0.655 -0.285 -0.495 -0.495 -0.31669975 -0.68166667 -0.605 -0.605 -0.35166667 -0.35166632 -0.34833377 -1.0233333 -1.0233333 -0.93700494 -0.89833333 -0.89833333 -0.87336451 -0.87333333 -0.87333308 -1.4844362 -1.4999026 -1.4999998 -1.5 -1.4999997 -0.99564167 -0.77166667 -0.77166667 -0.77166667 -0.77166667
-0.2149999 -0.37666667 0.25685656 -0.51166667 -0.9 -1.3966667 -0.80333333 -0.80666667 -0.775 -0.775 -0.61166667 -1.0316667 -0.60666677 -1.0066667 -1.324999 -1.325 -1.56 -1.135 -0.75333333 -0.75333333 -1.1830843 -1.1416667 -1.1416667 -0.23000001 -0.285 -0.285 -0.495 -0.495 -0.31666414 -0.31662017 -0.31321006 -0.35166667 -0.35166667 -0.34833333 -0.34833333 -1.0868747 -1.0233333 -1.0233333 -1.0516657 -0.87333358 -0.87333333 -0.87333333 -0.87333223 -1.4999978 -1.5 -1.5 -1.5 -1.4999997 -1.0633333 -0.77172447 -0.77166667 -0.77166667 -0.77166667
-0.215 0.185 0.40166667 -0.97 -1.156656 -1.1266667 -0.79166667 -1.3283333 -1.4116667 -1.095 -1.095 -0.99666667 -0.60666667 -0.60666667 -1.3200716 -1.3644661 -1.3683333 -0.84666667 -1.0316664 -0.75333333 -0.38693455 -0.395 -0.25833333 0.17166666 0.17166641 0.15166667 -0.42333333 -0.42333336 -0.27348518 -0.27333333 -0.31333333 -0.87585949 -0.7 -0.34833333 -0.37134043 -1.14 -1.14 -1.0516667 -1.0516667 -0.87333333 -0.87333333 -0.87333333 -1.1039543 -1.1066667 -1.5 -1.5 -1.5 -1.06335 -1.0633333 -1.0633333 -0.77166667 -0.77166667 -0.77166667
-0.025126022 0.185 0.47 0.041666667 -0.61333333 -0.99666667 -1.1116667 -1.1666667 -1.4 -1.1115934 -1.0016667 -1.0083333 -1.0083333 -0.93 -0.93000002 -1.0143227 -1.0133333 -1.0133333 -0.8749072 -0.52666662 -0.3 -0.3 -0.40333333 -0.31547545 0.15368214 0.15166667 -0.44666667 -0.42333333 -0.49789751 -0.49833333 -0.925 -0.36333333 -0.45567086 -1.0883333 -1.155 -1.265 -1.2283333 -0.985 -1.0433064 -0.87282 -0.75833333 -0.70166667 -1.1065948 -1.1066667 -1.1088806 -1.5 -1.4566667 -1.0633333 -1.0633333 -1.0633333 -1.0633333 -0.78183477 -0.29166667
-1.2 -1.2 0.51666667 -0.055 -0.61 -1.0333333 -1.1966667 -1.2216667 -1.2266667 -1.0383436 -1.2966667 -0.28333333 -0.93 -0.93 -0.93166667 -0.93278676 -1.0133333 -1.0132985 -0.83666667 -0.52666667 -0.52666667 -0.4974644 -0.40333333 -0.35666755 -0.35666667 -0.35666667 -0.44666667 0.021666666 0.021666667 -0.49833333 -0.49833333 -0.36368105 -0.54666667 -1.0883333 -0.63833333 -1.265 -1.2283333 -0.94666667 -1.0433333 -1.0269368 -0.70166667 -0.68819756 -0.665 -1.1066667 -1.1066667 -1.4566667 -1.4566667 -1.4566667 -1.0633333 -1.0633333 -0.85333333 -0.85333333 -0.85333312
-1.2 -1.2 -0.28 -0.925 -0.92 -0.34333333 -0.80833334 -1.0151696 -1.175 -1.0583333 -1.09 -0.925 -0.28418854 -0.93166667 -0.93166667 -0.93168282 -1.0716667 -1.0593328 -0.83666667 -1.175 -1.175 -0.715 -0.715 -0.35666667 -0.35666667 -0.35666667 0.021666667 0.021666667 0.021666667 -1.0283333 -1.0283333 -1.0283325 -0.83 -0.83 -1.305 -1.5933333 -1.125 -1.8133257 -1.405 -1.0266667 -1.0266667 -0.87833263 -0.665 -1.1066667 -1.41 -1.475 -0.81776351 -0.815 -0.68833333 -0.68833333 -0.85333333 -0.85333333 -0.85333333
-1.2 -0.80289422 -0.55524451 -0.93999221 -0.16166667 -1.01 -0.80833333 -1.015 -1.1749987 -1.0596259 -0.92500017 -0.925 -0.88333333 -0.93166667 -0.93166667 -1.0716667 -1.0716667 -1.0716533 -0.83666667 -1.175 -1.0846654 -0.715 -0.715 -0.35668155 -0.35666667 -0.44925601 -0.63833333 -0.63833333 -0.63833325 -1.0283333 -1.0283333 -1.22 -1.22 -0.8300013 -1.305 -1.3333335 -1.0915931 -1.8133333 -1.8133333 -1.0266667 -0.87833333 -0.87833333 -0.87833714 -1.41 -1.41 -1.475 -0.815 -0.815 -0.68833333 -0.68833333 -0.85333333 -0.85333333 -0.85333333
-2.2416667 -0.87586396 -0.91666623 -0.91682396 -0.1616711 -1.00998 -0.80833334 -1.0124561 -1.1639744 -1.1719535 -0.88333333 -0.88333333 -0.88333333 -0.88333333 -0.93165982 -1.0716667 -1.0716667 -1.0686324 -0.83666667 -1.1750046 -1.1983333 -1.1983333 -1.1983333 -1.1983333 -0.37114004 -0.63833333 -0.63833333 -0.63833333 -0.63833333 -0.63867008 -1.22 -1.22 -1.22 -1.22 -1.3333333 -1.3333333 -1.3333333 -1.7891432 -1.8110677 -1.5116667 -1.5116667 -0.8783674 -1.2533387 -1.4099849 -1.41 -1.475 -0.815 -0.815 -0.68833333 -0.68833333 -0.85273473 -0.85333333 -0.25024141
-2.2416667 -0.91666667 -0.91666667 -0.91666667 -0.91666667 -0.9166667 -0.80884943 -0.90614108 -1.134559 -0.88364455 -0.88333333 -0.88333333 -0.88333333 -0.88333333 -0.88333345 -1.0716667 -1.0716666 -1.0555473 -0.83667111 -1.1983333 -1.1983333 -1.1983333 -1.1983333 -1.1983333 -1.202042 -0.94007871 -1.0333333 -1.0333333 -1.0333333 -1.0333333 -1.22 -1.22 -1.2200001 -1.3333333 -1.3333333 -1.3333333 -1.2231516 -1.22 -1.5116665 -1.5116667 -1.5116667 -1.5116667 -1.2533333 -1.2533333 -1.2533333 -1.2548759 -0.90289568 -0.90333333 -0.90333333 -0.90333333 -0.90333333 -0.32166678 -0.32166667
-1.7983333 -0.91666667 -0.91666667 -0.91666667 -0.91666667 -0.91666667 -0.91666666 -0.91431463 -1.0404196 -1.04 -1.04 -1.04 -1.04 -1.04 -1.04 -0.97142202 -1.0700324 -1.0394873 -1.1982879 -1.1983333 -1.1983333 -1.1983333 -1.1983333 -1.1983333 -1.37 -1.37 -1.3699995 -1.0333333 -1.0333333 -1.0337872 -1.26 -1.26 -1.3333333 -1.3333333 -1.3333333 -1.2381547 -1.22 -1.22 -1.22 -1.5116667 -1.5116667 -1.5116667 -1.2533333 -1.2533333 -1.2533333 -1.2533333 -0.90333333 -0.90333333 -0.90333333 -0.90333333 -0.90333333 -0.32166667 -0.32166667
-1.7983333 -1.4700988 -0.91666667 -0.91666667 -0.91666667 -0.91666667 -1.0566392 -1.0566667 -1.0566667 -1.04 -1.04 -1.04 -1.04 -1.04 -1.0245575 -0.97 -0.97 -0.97 -1.1883634 -1.1883333 -1.1883333 -1.1883333 -1.1883333 -1.1883333 -1.37 -1.37 -1.37 -1.37 -1.0333333 -1.26 -1.26 -1.26 -1.3333333 -1.3333333 -1.3333333 -1.0116667 -1.2197242 -1.22 -1.22 -1.5115342 -1.2473992 -0.63097342 -1.2533333 -1.2533333 -0.72330742 -0.72166667 -0.72166667 -0.90215606 -0.18917109 -0.18666673 -0.1866668 0.33989972 -0.32166532
-1.7983333 -1.4155638 -1.1637858 -0.91666667 -0.91666667 -1.0565839 -1.0566667 -1.0566667 -1.0566667 -1.0565466 -1.04 -1.04 -1.04 -1.04 -0.97 -0.97 -0.97 -0.97 -1.1881383 -1.1883333 -1.1883333 -1.1883333 -1.1883333 -1.1883333 -1.37 -1.37 -1.37 -1.37 -1.3695999 -1.26 -1.26 -1.26 -1.32 -1.3333003 -1.0116667 -1.0116667 -1.0116667 -1.007505 -0.66578933 -0.62833333 -0.62833333 -0.62833333 -0.835 -0.835 -0.72166667 -0.72166667 -0.72166667 -0.18666667 -0.18666667 -0.18666667 -0.18666667 0.34 0.34
-1.4051856 -1.405 -1.405 -1.405 -0.95 -1.0566639 -1.0566667 -1.0566667 -1.0566667 -1.0566667 -1.0217039 -1.0399969 -1.04 -0.97 -0.97 -0.97 -0.97 -0.97 -0.96849325 -1.1883333 -1.1883333 -1.1883333 -1.1883333 -1.1883333 -1.1546706 -0.96166888 -0.96166667 -0.96166667 -0.96166667 -1.26 -1.32 -1.32 -1.32 -1.32 -1.0116667 -1.0116567 -0.63166667 -0.63166667 -0.62837495 -0.62833333 -0.62833333 -0.62833333 -0.835 -0.835 -0.73921457 -0.72166667 -0.72166667 -0.18666667 -0.18666667 -0.18666667 -0.18101943 0.34 0.34
-1.405 -1.405 -1.405 -1.1907337 -0.95 -0.95 -1.0566667 -1.0566667 -1.0566667 -1.0566667 -0.79833333 -0.79833333 -0.79833333 -0.97 -0.97 -0.97 -0.97 -0.96987964 -0.675 -0.675 -1.1883331 -1.1883333 -1.1875624 -1.1566667 -1.1549112 -0.96166667 -0.96166667 -0.96166667 -0.96166667 -1.3199635 -1.32 -1.32 -1.32 -1.32 -0.631668 -0.63166667 -0.63166667 -0.63166667 -0.63165054 -0.62833333 -0.62833333 -0.62833333 -0.835 -0.835 -0.835 -0.72166667 -0.72166667 -0.18666668 -0.18666667 -0.18666667 0.34 0.34 0.34
-1.405 -1.405 -1.405 -0.95 -0.95 -0.95 -0.95000016 -1.0566667 -1.0566667 -0.79860001 -0.79833333 -0.79833333 -0.79833333 -0.79844028 -0.38047068 -0.24166667 -0.24166667 -0.24166667 -0.675 -0.675 -0.675 -1.1566667 -1.1566667 -1.1566667 -1.1563702 -0.50882735 -0.96166667 -0.96166667 -0.96166666 -0.81020508 -0.70339398 -0.70333333 -0.70333333 -0.70333333 -0.59992681 -0.55500017 -0.555 -0.555 -0.555 -0.51668195 -0.51666667 -0.51666667 -0.835 -0.835 -0.73500042 -0.73499992 -0.51 -0.51 -0.11166667 -0.11166667 -0.11166667 0.34 0.283384
-1.4049972 -1.405 -1.405 -0.95 -0.95 -0.95 -0.95 -0.63166679 -1.0549674 -0.79820638 -0.79833333 -0.79833333 -0.79833333 -0.797241 -0.24166667 -0.24166667 -0.24166667 -0.24166679 -0.675 -0.675 -0.675 -1.1566667 -1.1566667 -1.1566667 -0.098333333 -0.098333333 -0.36833333 -0.36833333 -0.36833333 -0.37016086 -0.70333333 -0.70333333 -0.70333333 -0.70333333 -0.62920737 -0.555 -0.555 -0.555 -0.555 -0.51666667 -0.51666667 -0.51666667 -0.52353627 -0.735 -0.735 -0.735 -0.51 -0.51 -0.11166667 -0.11166667 -0.11166667 0.28333332 0.28333333
-0.495 -0.91498168 -0.84333333 -0.84336428 -0.95 -0.63350853 -0.63166667 -0.63166667 -0.65231479 -0.65833333 -0.65833333 -0.65833333 -0.65833333 0.27663623 0.27666666 -0.24166627 -0.24166667 -0.25308436 -0.675 -0.675 -0.675 0.046666667 0.046666667 0.046666667 -0.098333333 -0.098333333 -0.36833333 -0.36833333 -0.36833333 -0.36833332 -0.35500221 -0.35500098 -0.6945785 -0.7029599 -0.44029982 -0.44 -0.44 -0.44 -0.44 -0.51666667 -0.51666667 -0.51666667 -0.72297774 -0.735 -0.735 -0.73499998 -0.51 -0.51 -0.50998566 -0.11166667 -0.11169171 -0.67166667 0.28333333
-0.68329757 -0.68333336 -0.84333333 -0.84333333 -0.84333333 -0.63166667 -0.63166667 -0.63166667 -0.68833333 -0.68833333 -0.65833333 -0.65833333 -0.65833333 0.27666667 0.27666667 0.27666667 0.27666667 0.27655908 -0.675 -0.675 -0.67499997 0.046666667 0.046666667 0.046666667 -0.098333333 -0.098333333 -0.36833333 -0.36833333 -0.36833333 -0.35515033 -0.355 -0.355 -0.355 -0.355 -0.43995806 -0.44 -0.44 -0.44 -0.44 -0.30666672 -0.30666667 -0.30666667 -0.30666667 -0.73499913 -0.62166667 -0.62166667 -0.62166667 -0.82 -0.82 -0.82 -0.67166667 -0.67166667 -0.67166667
-0.68333333 -0.68333333 -0.84333333 -0.84333333 -0.84333333 -0.63277922 -0.63166667 -0.68833333 -0.68833333 -0.68833333 -0.65833703 -0.65833333 -0.4567759 0.27666651 0.27666667 0.27666667 0.27666667 -0.094999999 -0.095 -0.095 -0.034999998 -0.034999939 0.046666269 0.046666667 0.046495526 -0.17333333 -0.17333333 -0.1733338 -0.36830182 0.0649163 0.064997764 0.064926674 -0.35428218 -0.35463754 -0.4245876 -0.4399998 -0.43826853 0.076666667 0.076666667 -0.30666667 -0.30666667 -0.30666667 -0.30666667 -0.62166667 -0.62166667 -0.62166667 -0.62166667 -0.82 -0.82 -0.82 -0.67166667 -0.67166667 -0.67166667
-0.68333333 -0.68333333 -0.84333333 -0.84333333 -0.84333333 -0.84333333 -0.65287534 -0.68833333 -0.68833333 -0.68833333 -0.68818051 -0.41166667 -0.41166667 -0.41166667 0.27261016 0.27666667 -0.092523305 -0.095 -0.095 -0.095 -0.035 -0.035 -0.035 -0.035 -0.17333333 -0.17333333 -0.17333333 -0.17333333 -0.17333333 0.065 0.065 0.065 0.065 0.06500026 0.18833333 0.076666667 0.076666667 0.076666667 0.076666667 0.076665521 -0.225 -0.225 -0.225 -0.40940022 -0.79166667 -0.79166667 -0.79166667 -0.82 -0.81999967 -0.47833333 -0.47833333 -0.36840713 -0.36833333
-0.68333333 -0.68333333 -0.78558457 -0.84333333 -0.84333333 -0.84333333 -0.610139 -0.68808647 -0.68833333 -0.68833333 -0.41166664 -0.41166667 -0.41166667 -0.41166667 -0.41166667 -0.35519909 -0.095 -0.095 -0.095 -0.095 -0.035000464 -0.035 -0.035 -0.035 -0.17333333 -0.17333333 -0.17333333 -0.17333333 -0.17333333 0.040368119 0.065 0.065 0.065 0.18833333 0.18833333 0.18824662 0.076666667 0.076666667 0.3167855 0.50333329 -0.225 -0.225 -0.225 -0.40398138 -0.79166667 -0.79166667 -0.79166667 0.31833333 -0.46840694 -0.47833333 -0.47833333 -0.36833333 -0.36833333
-0.22 -0.22 -0.22 -0.68704653 -0.84258021 -0.61 -0.61 -0.61 -0.61 -0.27166667 -0.27166667 -0.41166666 -0.41166667 -0.41166667 -0.41166667 -0.41164658 -0.095 -0.095 -0.095 -0.095 -0.061182054 -0.035 -0.035 -0.023005225 0.39676444 -0.17333333 -0.17333333 -0.17333333 0.031666667 0.031666667 0.031666667 0.031666807 0.18833333 0.18833333 0.18833333 0.18833333 0.50333333 0.50333333 0.50333333 0.50333333 0.028333333 0.028333333 0.028333333 0.076665695 0.076666667 0.076666667 0.076666392 0.31833333 0.31833333 -0.47736264 -0.47833333 -0.36832789 -0.36833333
-0.22 -0.22 -0.22 -0.22000574 -0.32666667 -0.36786799 -0.61 -0.61 -0.61 -0.27166667 -0.27166667 -0.27166667 0.026666647 0.026666667 0.026666667 0.026666653 -0.095375524 -0.095 -0.095 -0.095 -0.094065165 0.42333208 0.42333333 0.42333333 0.42333333 0.42333332 0.315 0.315 0.031666667 0.031666667 0.031666667 0.031666667 0.18833372 0.18833333 0.18833333 0.1883765 0.50333332 0.50333333 0.50333333 0.50193686 0.028333333 0.028333333 0.028333333 0.076664425 0.076666667 0.076666667 0.076666667 0.31833333 0.31833333 0.31833339 0.71166667 0.71166667 0.52833333
-0.22 -0.22 -0.22 -0.32666642 -0.32666667 -0.32666667 -0.60999989 -0.61 -0.61 -0.27166667 -0.27166667 -0.27166667 0.026666667 0.026666667 0.026666667 0.0017878803 -0.3 -0.3 -0.29999947 -0.096157889 0.42333333 0.42333333 0.42333333 0.42333333 0.42333333 0.42325181 0.315 0.315 0.315 0.031666667 0.031666667 0.031600155 0.71833333 0.71833333 0.71833333 -0.019999997 -0.019999999 0.185 0.185 0.185 0.04 0.028336993 0.02833541 0.30666667 0.30666667 0.29794993 0.076667684 0.31833333 0.31833333 0.71166667 0.71166667 0.71166667 0.52833333
-0.22 -0.22 -0.22 -0.32666667 -0.32666667 -0.32666667 -0.32666667 -0.61 -0.61 -0.27166667 -0.27166667 0.014737636 0.026666667 0.026666667 0.026666667 -0.3 -0.3 -0.3 -0.3 -0.3 0.42333333 0.42333333 0.42333333 0.42333333 0.42333333 0.31500037 0.315 0.315 0.315 -0.071666667 -0.071666667 -0.071666667 0.71833333 0.71833333 0.71833333 -0.02 -0.02 0.185 0.185 0.04 0.04 0.04 0.30666667 0.30666667 0.30666667 0.30666667 0.33651353 0.67 0.67 0.67 0.71166667 0.77166667 0.77166667
-0.22 -0.22 -0.22014854 -0.32666667 -0.32666667 -0.32666667 -0.32666667 -0.22353206 -0.21833333 -0.2184249 -0.27166666 0.026650194 0.026666667 0.026666667 0.026665537 -0.3 -0.3 -0.3 -0.3 -0.3 0.25226429 0.42333333 0.42333333 0.42333333 0.4233553 0.3150121 0.315 0.315 0.315 -0.071666667 -0.071666667 -0.071666667 -0.071549467 0.71833333 -0.02 -0.02 -0.02 -0.019991458 0.18499011 0.04 0.04 0.04 0.30665048 0.30666667 0.30666667 0.30666667 0.66999995 0.67 0.67 0.67 0.77166667 0.77166667 0.77166667
