interpolatedSpi/03-11|21_3.tif
NCOLS 53
NROWS 52
XLLCORNER -116.03883
YLLCORNER 28.596182
DX 0.49850594
DY 0.49788537
NODATA_VALUE -9999
[rows 0 to 26 of 52, columns 0 to 52 of 53]
-0.99 -0.99 -1.0262108 -1.1533333 -1.1133333 -1.4311111 -1.33 -1.2633333 -1.3416982 -1.4566667 -1.6188889 -1.1555556 -1.6288386 -1.0177778 -1.1922222 -1.1922222 -1.1922222 -0.71222222 -0.87 -0.87 -0.87 -0.86999494 -0.34444445 -1.2788889 -1.2788889 -1.2788889 -0.91111074 -0.91111111 -0.91111111 -0.63111111 -0.63111111 -0.63111111 -0.63111111 -1.1255555 -1.1255556 -1.1255556 -1.1255556 -1.1255556 -1.1255556 -1.1255555 -0.71222964 -0.70772189 -0.48777778 -0.48777778 -0.48777778 -0.48777778 -0.4871934 -0.13 -0.13 -0.13 0.5511097 0.55111111 0.55111111
-0.99003051 -1.6766667 -1.155555 -1.1879886 -1.3655935 -0.87444444 -1.1188889 -1.4221138 -1.7488889 -1.6366667 -1.4366667 -1.6288889 -1.6288889 -1.2381516 -1.017782 -1.1922222 -0.71222222 -0.71222222 -0.86979428 -0.87 -0.87 -0.87 -1.2782455 -1.2788889 -1.2788889 -1.2788889 -1.3088889 -1.3088889 -0.63111111 -0.63111111 -0.63111111 -0.63111111 -0.63111111 -1.1255555 -1.1255556 -1.1255556 -1.1255556 -1.1255556 -1.1255555 -1.0572712 -0.71335553 -0.51514725 -0.48777778 -0.48777778 -0.48777778 -0.48777778 -0.48777778 -0.13 -0.13 -0.13 -0.073521615 0.55111111 0.55111111
-1.4433178 -1.4433333 -0.68888889 -0.79111111 -0.94777778 -1.3055556 -0.72222222 -1.2444444 -1.6277778 -1.57 -1.3622222 -1.7033333 -1.1366667 -1.3011111 -1.2388889 -1.77 -0.71222222 -0.71222222 -0.71222222 -1.1288136 -1.1288889 -1.1288889 -1.2666667 -1.2788889 -1.2788889 -1.2788889 -1.3088889 -1.3088889 -1.3088889 -0.63111111 -0.63111111 -0.63111112 -0.69797223 -1.1245782 -1.1224219 -0.79197392 -0.78888889 -0.78888889 -0.77938599 -0.71333333 -0.71333333 -0.7130449 -0.48777778 -0.48777778 -0.48777778 -0.48777778 -0.48777778 -0.13 -0.13 -0.13 -0.13 0.55111111 0.55111111
-0.37222222 -1.4433333 -1.0522055 -0.36444444 -0.97222222 -1.0144444 -0.87444444 -1.2044444 -1.06 -1.2141269 -1.34 -1.76 -1.6877778 -1.3011111 -1.3188889 -1.77 -1.8846714 -1.8847335 -1.7788889 -1.1288889 -1.1288889 -1.5333333 -1.2666667 -1.2666667 -1.2788889 -1.278889 -1.3088889 -1.3088889 -1.3088889 -0.97666667 -0.86327327 -0.77 -0.77 -0.77000001 -0.78888889 -0.78888889 -0.78888889 -0.78888889 -0.71333333 -0.71333333 -0.71333333 -0.71333332 -0.48777778 -0.48777778 -0.48777778 -0.48777778 -0.48777778 -0.13000451 -0.13 -0.13 -0.13 0.55106803 0.55111111
-0.37222222 -0.081112892 -1.0522222 -1.2597416 -0.97222222 -0.79888889 -1.3566452 -1.2255556 -1.3211111 -1.1300001 -1.4571748 -1.6143805 -1.1677778 -1.3188889 -1.3188889 -1.6225421 -1.8855556 -1.8855556 -1.7788889 -1.7788889 -1.1288896 -1.5333333 -1.4111111 -0.96777778 -0.74888889 -0.7488064 -1.3088889 -1.3088889 -0.97666667 -0.97666667 -0.77 -0.77 -0.77 -0.72390429 -0.78888889 -0.78888889 -0.78888889 -0.71333333 -0.71333333 -0.71333333 -0.71333333 -0.7133313 -0.48777778 -0.48777778 -0.48777778 -0.48777778 -0.48777778 -0.48459311 -0.13 -0.1300286 -0.76777778 -0.76777778 -0.76777778
-1.5366667 -0.77444444 -0.72555556 -0.98555556 -1.2188889 -1.0688889 -1.3811111 -1.3611955 -1.0766667 -0.77111111 -0.72555556 -0.31 -0.31000057 -1.28 -1.28 -1.7543404 -1.7544444 -1.5488889 -1.5488889 -1.7788882 -1.0677778 -1.0677778 -0.96777778 -0.74888889 -0.74888889 -0.39555556 -0.59111111 -0.59111111 -0.4989322 -0.97666667 -0.77 -0.77 -0.52555556 -0.52554058 -0.3822326 -0.77111111 -0.77111111 -0.73120821 -0.71333333 -0.71333333 -0.69224855 -0.69222222 -0.69222133 -1.2551001 -1.2688026 -1.2688887 -1.2688889 -1.2688886 -0.62269547 -0.76777778 -0.76777778 -0.76777778 -0.76777778
0.019993137 -0.61222222 -0.32845081 -0.48888889 -0.83222222 -1.44 -0.86333333 -0.88888889 -1.0366667 -1.0366667 -0.72555556 -1.1211111 -1.1522223 -1.28 -1.3233332 -1.3233333 -1.7544444 -1.2488889 -0.94444444 -0.94444444 -1.0635888 -1.0588889 -1.0588889 -0.27777778 -0.39555556 -0.39555556 -0.59111111 -0.59111111 -0.49888578 -0.49883167 -0.37134119 -0.52555556 -0.52555556 -0.38222222 -0.38222222 -0.81468231 -0.77111111 -0.77111111 -0.88666266 -0.69222249 -0.69222222 -0.69222222 -0.69221713 -1.2688851 -1.2688889 -1.2688889 -1.2688889 -1.2688885 -0.61444444 -0.76774739 -0.76777778 -0.76777778 -0.76777778
0.02 0.20555556 0.052222222 -1.1911111 -1.2144431 -1.1411111 -0.82777778 -1.3711111 -1.3566667 -1.1733333 -1.1733333 -1.2877778 -1.1522222 -1.1522222 -1.3221594 -1.5803692 -1.6055556 -0.95222222 -0.92555557 -0.94444444 -0.35289336 -0.35666667 -0.20444444 0.069999999 0.069999255 0.012222222 -0.65333333 -0.65333331 -0.44574244 -0.44555555 -0.37111111 -0.79993475 -0.71222222 -0.38222222 -0.39860607 -0.85111111 -0.85111111 -0.88666667 -0.88666667 -0.69222222 -0.69222222 -0.69222221 -0.59471525 -0.59555559 -1.2688889 -1.2688889 -1.2688889 -0.61446936 -0.61444444 -0.61444444 -0.76777778 -0.76777778 -0.76777778
0.073731609 0.20555556 0.47666667 -0.33555556 -0.68777778 -0.93333333 -1.1022222 -1.1088889 -1.3188889 -1.1283899 -1.1722222 -1.1977778 -1.1977778 -1.1355556 -1.1355539 -1.1224613 -1.1211111 -1.1211111 -0.94815152 -0.47666663 -0.31222222 -0.31222222 -0.29222222 -0.23903622 0.018044697 0.012222222 -0.57222222 -0.65333333 -0.57379821 -0.57333333 -0.82444444 -0.43222222 -0.4148753 -0.95111111 -0.95666667 -1.08 -1.1166667 -1.06 -0.9489402 -0.69054087 -0.31555556 -0.44888889 -0.59551685 -0.59555556 -0.59934544 -1.2688889 -1.2522222 -0.61444445 -0.61444444 -0.61444444 -0.61444444 -0.75145347 -0.28555556
-0.66333333 -0.66333333 0.66333333 0.088888889 -0.65111111 -0.99555556 -1.1144444 -0.92111111 -1.0422222 -1.0800132 -1.3366667 -0.33333333 -1.1355556 -1.1355556 -0.95555556 -0.95782622 -1.1211111 -1.1210423 -0.8 -0.47666667 -0.47666667 -0.45548071 -0.29222222 -0.47110772 -0.47111111 -0.47111111 -0.57222222 -0.21888889 -0.21888889 -0.57333333 -0.57333333 -0.43215689 -0.39777778 -0.95111111 -0.43555556 -1.08 -1.1166667 -0.79444444 -0.94888889 -0.89095442 -0.44888888 -0.41542019 -0.35777778 -0.59555556 -0.59555556 -1.2522222 -1.2522222 -1.2522222 -0.61444444 -0.61444444 -0.63666667 -0.63666667 -0.63666654
-0.66333333 -0.66333333 -0.095555556 -0.71555556 -1.0577778 -0.44666667 -0.91555556 -1.181088 -1.2055556 -1.0422222 -1.1766667 -1.0655556 -0.33430933 -0.95555556 -0.95555556 -0.9555594 -0.98888889 -0.97897511 -0.8 -1.0966667 -1.0966667 -0.65 -0.65 -0.47111111 -0.47111111 -0.47111111 -0.21888889 -0.21888889 -0.21888889 -0.70777778 -0.70777778 -0.70777727 -0.65111111 -0.65111111 -0.95888889 -1.1411111 -0.65 -1.4499906 -1.1588889 -0.89 -0.89 -0.57888816 -0.35777778 -0.59555556 -0.71333348 -0.94666667 -0.82628678 -0.82444445 -0.58777778 -0.58777778 -0.63666667 -0.63666667 -0.63666667
-0.66333333 -0.41832796 -0.36013167 -0.82221446 -0.31 -1.0788889 -0.91555556 -1.1811111 -1.2055554 -1.0440318 -1.0655555 -1.0655556 -0.97 -0.95555556 -0.95555556 -0.98888889 -0.98888889 -0.98887814 -0.8 -1.0966667 -1.0089504 -0.65 -0.65 -0.47111889 -0.47111111 -0.5350288 -0.66555556 -0.66555556 -0.6655555 -0.70777778 -0.70777778 -0.76666667 -0.76666667 -0.65111195 -0.95888889 -0.8577779 -0.60100315 -1.45 -1.45 -0.88999999 -0.57888889 -0.57888889 -0.57888983 -0.71333333 -0.71333333 -0.94666667 -0.82444444 -0.82444444 -0.58777778 -0.58777778 -0.63666667 -0.63666667 -0.63666667
-1.2944444 -0.67200539 -0.71222166 -0.71301154 -0.31000404 -1.0788707 -0.91555556 -1.1778423 -1.2038711 -1.2012905 -0.97 -0.97 -0.97 -0.97 -0.9555576 -0.98888889 -0.98888889 -0.98645003 -0.8 -1.0967104 -1.2544444 -1.2544444 -1.2544444 -1.2544444 -0.4845241 -0.66555556 -0.66555556 -0.66555556 -0.66555556 -0.66563304 -0.76666667 -0.76666667 -0.76666667 -0.76666667 -0.85777778 -0.85777778 -0.85777778 -1.4201552 -1.4470709 -1.06 -1.06 -0.57891477 -0.90554898 -0.71335185 -0.71333333 -0.94666667 -0.82444444 -0.82444444 -0.58777778 -0.58777778 -0.6364893 -0.63666667 -0.37849963
-1.2944444 -0.71222222 -0.71222222 -0.71222222 -0.71222222 -0.71222237 -0.91597353 -1.0412097 -1.199377 -0.97024965 -0.97 -0.97 -0.97 -0.97 -0.97000019 -0.98888889 -0.98888886 -0.9759324 -0.8000041 -1.2544444 -1.2544444 -1.2544444 -1.2544444 -1.2544444 -1.2454352 -0.79419545 -0.85666663 -0.85666667 -0.85666667 -0.85666667 -0.76666666 -0.76666667 -0.76666664 -0.74777778 -0.74777778 -0.85777778 -0.73139285 -0.72777778 -1.0599998 -1.06 -1.06 -1.06 -0.90555556 -0.90555556 -0.90555556 -0.90584165 -0.90726097 -0.90777778 -0.90777778 -0.90777778 -0.90777777 -0.26333341 -0.26333333
-1.1633333 -0.71222222 -0.71222222 -0.71222222 -0.71222222 -0.71222222 -0.71222224 -0.98522139 -1.2275195 -1.2277778 -1.2277778 -1.2277778 -1.2277778 -1.2277778 -1.2277778 -0.98063693 -0.9886605 -0.96302371 -1.2543874 -1.2544444 -1.2544444 -1.2544444 -1.2544444 -1.254444 -0.83777778 -0.83777778 -0.8377778 -0.85666667 -0.85666667 -0.85617941 -0.61333333 -0.61333333 -0.74777778 -0.74777778 -0.74777778 -0.73098143 -0.72777778 -0.72777778 -0.72777778 -1.06 -1.06 -1.06 -0.90555556 -0.90555556 -0.90555556 -0.90555556 -0.90777777 -0.90777778 -0.90777778 -0.90777778 -0.90777778 -0.26333333 -0.26333333
-1.1633333 -0.99538979 -0.71222222 -0.71222222 -0.71222222 -0.71222222 -1.0032762 -1.0033333 -1.0033333 -1.2277778 -1.2277778 -1.2277778 -1.2277778 -1.2277778 -1.1721358 -0.97555556 -0.97555556 -0.97555556 -0.86452439 -0.86333373 -0.86333333 -0.86333333 -0.86333333 -0.86333333 -0.83777778 -0.83777778 -0.83777778 -0.83777778 -0.85666667 -0.61333333 -0.61333333 -0.61333333 -0.74777777 -0.74777778 -0.74777778 -0.43333333 -0.72738792 -0.72777778 -0.72777778 -1.0598567 -0.77412577 -0.10730039 -0.90555556 -0.90555556 -0.69398826 -0.69333333 -0.69333333 -0.90692132 -0.38848771 -0.38666671 -0.38666677 -0.0033727825 -0.2633328
-1.1633333 -1.0173619 -0.86459831 -0.71222222 -0.71222222 -1.0031613 -1.0033333 -1.0033333 -1.0033333 -1.0049507 -1.2277778 -1.2277778 -1.2277778 -1.2277777 -0.97555556 -0.97555556 -0.97555556 -0.97555556 -0.86343358 -0.86333333 -0.86333333 -0.86333333 -0.86333333 -0.86333333 -0.83777778 -0.83777778 -0.83777778 -0.83777778 -0.8369614 -0.61333333 -0.61333333 -0.61333333 -0.59222222 -0.74774204 -0.43333333 -0.43333333 -0.43333333 -0.42805439 -0.14390014 -0.10444444 -0.10444444 -0.10444444 -0.59555556 -0.59555556 -0.69333333 -0.69333333 -0.69333333 -0.38666667 -0.38666667 -0.38666667 -0.38666667 -0.0033333333 -0.0033333333
-1.0133798 -1.0133333 -1.0133333 -1.0133333 -0.84444444 -1.0033292 -1.0033333 -1.0033333 -1.0033333 -1.0033333 -1.1967373 -1.2277724 -1.2277778 -0.97555556 -0.97555556 -0.97555556 -0.97555556 -0.97555556 -0.94648666 -0.86333333 -0.86333333 -0.86333333 -0.86333333 -0.86333333 -0.77934017 -0.66333428 -0.66333333 -0.66333333 -0.66333333 -0.61333333 -0.59222222 -0.59222222 -0.59222222 -0.59222222 -0.43333333 -0.43332063 0.048888889 0.048888889 -0.10252985 -0.10444444 -0.10444444 -0.10444444 -0.59555556 -0.59555556 -0.67819397 -0.69333333 -0.69333333 -0.38666667 -0.38666667 -0.38666667 -0.38255634 -0.0033333333 -0.0033333333
-1.0133333 -1.0133333 -1.0133333 -0.93380104 -0.84444444 -0.84444444 -1.0033333 -1.0033333 -1.0033333 -1.0033333 -0.81777778 -0.81777778 -0.81777778 -0.97555556 -0.97555556 -0.97555556 -0.97555556 -0.97544961 -0.65444444 -0.65444444 -0.86333325 -0.86333333 -0.8654974 -0.95222222 -0.94962148 -0.66333333 -0.66333333 -0.66333333 -0.66333333 -0.59222946 -0.59222222 -0.59222222 -0.59222222 -0.59222222 0.048887194 0.048888889 0.048888889 0.048888889 0.048344681 -0.10444444 -0.10444444 -0.10444444 -0.59555556 -0.59555556 -0.59555556 -0.69333333 -0.69333333 -0.38666667 -0.38666667 -0.38666667 -0.0033333337 -0.0033333333 -0.0033333333
-1.0133333 -1.0133333 -1.0133333 -0.84444444 -0.84444444 -0.84444444 -0.84444469 -1.0033333 -1.0033333 -0.81796932 -0.81777778 -0.81777778 -0.81777778 -0.81787607 -0.45662585 -0.33444444 -0.33444444 -0.33444445 -0.65444444 -0.65444444 -0.65444444 -0.95222222 -0.95222222 -0.95222222 -0.95197353 -0.34920155 -0.66333333 -0.66333333 -0.66333333 -0.33811445 -0.2778087 -0.27777778 -0.27777778 -0.27777778 0.012933468 -0.036666472 -0.036666667 -0.036666667 -0.036666667 -0.15888144 -0.15888889 -0.15888889 -0.59555556 -0.59555556 -0.59666666 -0.59666662 -0.46222222 -0.46222222 -0.22888889 -0.22888889 -0.22888889 -0.0033333333 0.045511843
-1.0133307 -1.0133333 -1.0133333 -0.84444444 -0.84444444 -0.84444444 -0.84444444 -0.37444463 -1.0008188 -0.81748862 -0.81777778 -0.81777778 -0.81777778 -0.81682934 -0.33444444 -0.33444444 -0.33444444 -0.33444454 -0.65444444 -0.65444444 -0.65444444 -0.95222222 -0.95222222 -0.95222222 -0.064444444 -0.064444444 -0.17111111 -0.17111111 -0.17111111 -0.17169301 -0.27777778 -0.27777778 -0.27777778 -0.27777778 -0.15728848 -0.036666667 -0.036666667 -0.036666667 -0.036666667 -0.15888889 -0.15888889 -0.15888889 -0.17266305 -0.59666667 -0.59666667 -0.59666667 -0.46222222 -0.46222222 -0.22888889 -0.22888889 -0.22888889 0.045555546 0.045555556
-0.16222222 -0.55658678 -0.53444444 -0.53453438 -0.84444444 -0.37716385 -0.37444444 -0.37444444 -0.36837147 -0.49888889 -0.49888889 -0.49888889 -0.49888889 0.27553034 0.27555555 -0.33444398 -0.33444444 -0.34287597 -0.65444444 -0.65444444 -0.65444444 0.22222222 0.22222222 0.22222222 -0.064444444 -0.064444444 -0.17111111 -0.17111111 -0.17111111 -0.17111103 -0.054445864 -0.054445072 -0.27216463 -0.27753835 -0.37655053 -0.37666667 -0.37666667 -0.37666667 -0.37666667 -0.15888889 -0.15888889 -0.15888889 -0.57256121 -0.59666667 -0.59666667 -0.59666663 -0.46222222 -0.46222222 -0.46221382 -0.22888889 -0.22890807 -0.65777778 0.045555556
-0.37995864 -0.38000003 -0.53444444 -0.53444444 -0.53444444 -0.37444444 -0.37444444 -0.37444444 -0.35777778 -0.35777778 -0.49888889 -0.49888889 -0.49888889 0.27555556 0.27555556 0.27555556 0.27555556 0.27545003 -0.65444444 -0.65444444 -0.65444441 0.22222222 0.22222222 0.22222222 -0.064444444 -0.064444444 -0.17111111 -0.17111111 -0.17111111 -0.05575987 -0.054444444 -0.054444444 -0.054444444 -0.054444444 -0.37650767 -0.37666667 -0.37666667 -0.37666667 -0.37666667 -0.094444461 -0.094444444 -0.094444444 -0.094444444 -0.59666506 -0.38777778 -0.38777778 -0.38777778 -0.52555556 -0.52555556 -0.52555556 -0.65777778 -0.65777778 -0.65777778
-0.38 -0.38 -0.53444444 -0.53444444 -0.53444444 -0.37528543 -0.37444444 -0.35777778 -0.35777778 -0.35777778 -0.49887152 -0.49888889 -0.17930233 0.27555547 0.27555556 0.27555556 0.27555556 0.07 0.07 0.07 -0.063333327 -0.063333121 0.22222083 0.22222222 0.22194148 -0.11555556 -0.11555556 -0.11555569 -0.17110213 0.14773748 0.1477767 0.14774247 -0.054098826 -0.054269929 -0.31914566 -0.3766665 -0.37519957 0.061111111 0.061111111 -0.094444444 -0.094444444 -0.094444444 -0.094444444 -0.38777778 -0.38777778 -0.38777778 -0.38777778 -0.52555556 -0.52555556 -0.52555556 -0.65777778 -0.65777778 -0.65777778
-0.38 -0.38 -0.53444444 -0.53444444 -0.53444444 -0.53444444 -0.3682066 -0.35777778 -0.35777778 -0.35777778 -0.35763968 -0.10777778 -0.10777778 -0.10777778 0.27329648 0.27555556 0.071369771 0.07 0.07 0.07 -0.063333333 -0.063333333 -0.063333333 -0.063333333 -0.11555556 -0.11555556 -0.11555556 -0.11555556 -0.11555556 0.14777778 0.14777778 0.14777778 0.14777778 0.14777789 0.20111111 0.061111111 0.061111111 0.061111111 0.061111111 0.061110415 -0.13444444 -0.13444444 -0.13444444 -0.28991863 -0.61222222 -0.61222222 -0.61222222 -0.52555556 -0.52555557 -0.53777778 -0.53777778 -0.45560475 -0.45555556
-0.38 -0.38 -0.47870085 -0.53444444 -0.53444444 -0.53444444 -0.29122941 -0.35756768 -0.35777778 -0.35777778 -0.10777776 -0.10777778 -0.10777778 -0.10777778 -0.10777778 -0.076330733 0.07 0.07 0.07 0.07 -0.063332302 -0.063333333 -0.063333333 -0.063333333 -0.11555556 -0.11555556 -0.11555556 -0.11555556 -0.11555556 0.11165102 0.14777778 0.14777778 0.14777778 0.20111111 0.20111111 0.2010024 0.061111111 0.061111111 0.29247561 0.47222218 -0.13444444 -0.13444444 -0.13444444 -0.28551915 -0.61222222 -0.61222222 -0.61222222 0.23222222 -0.52818365 -0.53777778 -0.53777778 -0.45555556 -0.45555556
-0.18888889 -0.18888889 -0.18888889 -0.44780417 -0.53383424 -0.29111111 -0.29111111 -0.29111111 -0.29111111 -0.014444447 -0.014444444 -0.10777777 -0.10777778 -0.10777778 -0.10777778 -0.1077665 0.07 0.07 0.07 0.07 -0.0051509918 -0.063333333 -0.063333333 -0.062170204 -0.023193346 -0.11555556 -0.11555556 -0.11555556 0.098888889 0.098888889 0.098888889 0.098889094 0.20111111 0.20111111 0.20111111 0.20111111 0.47222222 0.47222222 0.47222222 0.47222222 0.037777778 0.037777778 0.037777778 0.07222153 0.072222222 0.072222222 0.072222006 0.23222222 0.23222222 -0.53683958 -0.53777778 -0.45555026 -0.45555556
