interpolatedSpi/03-11|20_3.tif
NCOLS 53
NROWS 52
XLLCORNER -116.03883
YLLCORNER 28.596182
DX 0.49850594
DY 0.49788537
NODATA_VALUE -9999
[rows 0 to 26 of 52, columns 0 to 52 of 53]
0.077777778 0.077777778 -0.15226685 -0.57888889 0.047777778 0.15888889 0.53666667 0.62222222 -0.0088646174 -0.22666667 -0.23111111 0.33222222 0.066700428 0.47666667 -0.033333333 -0.033333333 -0.033333333 0.17666667 0.38333333 0.38333333 0.38333333 0.38332944 -0.02111111 0.073333333 0.073333333 0.073333333 0.60777888 0.60777778 0.60777778 0.24333333 0.24333333 0.24333333 0.24333333 0.47777773 0.47777778 0.47777778 0.47777778 0.47777778 0.47777778 0.4777778 1.4176537 1.4275634 0.58666667 0.58666667 0.58666667 0.58666667 0.58729097 0.96888889 0.96888889 0.96888889 1.3733325 1.3733333 1.3733333
0.077757636 -0.37555556 -0.035554986 0.080633156 0.38976184 0.56222222 0.49777778 0.32472726 -0.10444444 0.19333333 0.18777778 0.066666667 0.066666667 0.5719036 0.47666332 -0.033333333 0.17666667 0.17666667 0.38306387 0.38333333 0.38333333 0.38333333 0.040347422 0.073333333 0.073333333 0.073333333 0.053333335 0.053333334 0.24333333 0.24333333 0.24333333 0.24333333 0.24333333 0.47777774 0.47777778 0.47777778 0.47777778 0.47777778 0.4777778 0.46466278 0.35781024 0.5588931 0.58666667 0.58666667 0.58666667 0.58666667 0.58666667 0.96888889 0.96888889 0.96888889 1.0024258 1.3733333 1.3733333
0.682191 0.68222222 0.45777778 0.94444444 0.47888889 0.27333333 0.53444444 -0.0066666667 0.26333333 0.21111111 0.58777778 -0.17888889 -0.58 0.13 0.57222222 0.67111111 0.17666667 0.17666667 0.17666667 0.17006202 0.17 0.17 -0.55333333 0.073333333 0.073333333 0.073333333 0.053333333 0.053333333 0.053333333 0.24333333 0.24333333 0.24333328 -0.29155563 0.47727261 0.48075629 0.79484547 0.79777778 0.79777778 0.74243737 0.35777778 0.35777778 0.35807047 0.58666667 0.58666667 0.58666667 0.58666667 0.58666667 0.96888889 0.96888889 0.96888889 0.96888889 1.3733333 1.3733333
0.38666667 0.68222214 0.26107435 0.53666667 0.026666667 0.39 0.86222222 -0.29222222 0.32555556 0.31974866 0.48555556 0.35666667 0.12333333 0.13 0.35111111 0.67111111 -0.3609319 -0.36850664 -0.35555556 0.17 0.17 -0.85777778 -0.55333333 -0.55333333 0.073333333 0.073333233 0.053333333 0.053333333 0.053333333 -0.85333333 -0.86125868 -0.86777778 -0.86777778 -0.86777647 0.79777778 0.79777778 0.79777778 0.79777778 0.35777778 0.35777778 0.35777778 0.35777779 0.58666667 0.58666667 0.58666667 0.58666667 0.58666667 0.96888407 0.96888889 0.96888889 0.96888889 1.3732462 1.3733333
0.38666667 0.10777806 0.26111111 0.30322453 0.026666667 0.39333333 0.21780076 -0.12 -0.21 0.1044444 0.24760806 0.31447739 0.54444444 0.35111111 0.35111111 0.54888276 -0.36888889 -0.36888889 -0.35555556 -0.35555556 0.16999791 -0.85777778 -1.1444444 -0.49444444 -0.47111111 -0.47117152 0.053333333 0.053333333 -0.85333333 -0.85333333 -0.86777778 -0.86777778 -0.86777778 -0.78857702 0.79777778 0.79777778 0.79777778 0.35777778 0.35777778 0.35777778 0.35777778 0.35775665 0.58666666 0.58666667 0.58666667 0.58666667 0.58666667 0.59006892 0.96888889 0.96878745 -1.2933333 -1.2933333 -1.2933333
-1.1266667 0.056666667 0.43 0.18777778 0.39 0.52222222 0.18777778 0.14837341 0.23555556 -0.15555556 0.37555556 -0.36777778 -0.36777718 0.058888889 0.058888889 -0.42441842 -0.42444444 -0.58888889 -0.58888889 -0.35555595 -1.2 -1.2 -0.49444444 -0.47111111 -0.47111111 -0.73 -1.0788889 -1.0788889 -0.29893944 -0.85333333 -0.86777778 -0.86777778 -0.44777778 -0.44777627 -0.43333447 -0.76222222 -0.76222222 0.01128021 0.35777778 0.35777778 0.13916189 0.13888889 0.13889005 -0.90213518 -0.92872139 -0.92888848 -0.92888884 -0.92888832 -1.3818838 -1.2933333 -1.2933333 -1.2933333 -1.2933333
-0.52000386 -0.20555556 -0.66230879 0.096666667 0.59333333 -0.1 0.042222225 0.24444444 -0.062222222 -0.062222222 0.37555556 -0.15777778 -0.21888901 0.058888889 -0.31666554 -0.31666667 -0.42444444 -0.54 -0.80888889 -0.80888889 -1.2162325 -1.2344444 -1.2344444 -1.0722222 -0.73 -0.73 -1.0788889 -1.0788889 -0.29889763 -0.29904983 0.068398871 -0.44777778 -0.44777778 -0.43333333 -0.43333333 -0.96736997 -0.76222222 -0.76222222 -1.463309 0.13888666 0.13888889 0.13888889 0.1388937 -0.92888666 -0.92888889 -0.92888889 -0.92888889 -0.92888922 -1.4788889 -1.2933701 -1.2933333 -1.2933333 -1.2933333
-0.52 -0.80111111 -0.36777778 -0.98444444 -1.2344301 -0.54777778 -0.12888889 -0.53666665 -0.31111111 -0.32333333 -0.32333333 -0.69444444 -0.21888889 -0.21888889 -0.31599582 -0.4957822 -0.51333333 -0.43888889 -0.79777779 -0.80888889 -1.2240951 -1.1777778 -1.51 -1.0155556 -1.0155586 -1.2544444 -1.3 -1.2999999 -0.44836327 -0.44888888 0.07 -0.34500659 -0.40666667 -0.43333333 -0.4425235 -1.1388889 -1.1388889 -1.4633333 -1.4633333 0.13888889 0.13888889 0.1388889 -0.52860881 -0.53000002 -0.92888889 -0.92888889 -0.92888889 -1.478868 -1.4788889 -1.4788889 -1.2933333 -1.2933333 -1.2933333
-0.84982866 -0.8011111 -0.53222222 -0.62777778 -0.34333333 -0.64111111 -0.31333333 0.31888889 0.28 0.3712623 -0.0077777778 -0.37111111 -0.37111111 -0.58222222 -0.58221883 -0.79255295 -0.79333333 -0.79333333 -0.49367383 -1.5744445 -1.7233333 -1.7233333 -1.2177778 -1.39484 -1.2303708 -1.2544444 -1.1855556 -1.3 -0.97412694 -0.97222222 -0.32777778 0.30555556 0.011755721 -0.85333333 -0.75555556 -0.86555556 -0.91777778 -0.81555556 -0.96548629 0.14112078 0.63888889 -0.4 -0.52998607 -0.53 -0.53224516 -0.92888889 -1.2455555 -1.4788889 -1.4788889 -1.4788889 -1.4788889 -1.2954085 -0.86666667
-1.1222222 -1.1222222 -0.66111111 -0.52111111 -0.33555556 -0.11222222 -0.13666667 0.043333333 0.48222222 0.39443182 -0.016666667 0.085555556 -0.58222222 -0.58222222 -0.22111111 -0.2289594 -0.79333333 -0.79331065 -0.70111111 -1.5744444 -1.5744444 -1.5936263 -1.2177778 -1.4233294 -1.4233333 -1.4233333 -1.1855556 -0.75222222 -0.75222222 -0.97222222 -0.97222222 0.3044492 -0.27777778 -0.85333333 -0.66 -0.86555556 -0.91777778 -1.4077778 -0.96555556 0.25325468 -0.39999995 -0.4163262 -0.44444444 -0.53 -0.53 -1.2455556 -1.2455556 -1.2455556 -1.4788889 -1.4788889 -1.31 -1.31 -1.3099998
-1.1222222 -1.1222222 -1.1077778 -0.88777778 -0.96222222 -0.39777778 -0.58666666 0.094312883 -0.11222222 -0.018888889 -0.0011111111 -0.14222222 0.085251327 -0.22111111 -0.22111111 -0.2211579 -0.62666667 -0.63057386 -0.70111111 -0.49555556 -0.49555556 -0.80777778 -0.80777778 -1.4233333 -1.4233333 -1.4233333 -0.75222222 -0.75222222 -0.75222222 -1.0788889 -1.0788889 -1.0788876 -0.78222222 -0.78222222 -0.8 -1.14 -0.83333333 -0.79222082 -1.1922222 0.27333333 0.27333333 -0.27888943 -0.44444444 -0.53 -0.76777787 -0.95222222 -0.85170357 -0.85 -1.09 -1.09 -1.31 -1.31 -1.31
-1.1222222 -1.1159159 -1.0138959 -1.0644349 -0.72666667 -1.0144444 -0.58666667 0.094444444 -0.1122205 -0.019922909 -0.14222206 -0.14222222 -0.17555556 -0.22111111 -0.22111111 -0.62666665 -0.62666667 -0.6266709 -0.70111111 -0.49555556 -0.55686965 -0.80777778 -0.80777778 -1.4233083 -1.4233333 -1.3776778 -1.2844444 -1.2844444 -1.2844444 -1.0788889 -1.0788889 -1.1077778 -1.1077778 -0.78222227 -0.8 -0.5622225 -0.8003715 -0.79222222 -0.79222222 0.27333332 -0.27888889 -0.27888889 -0.27889245 -0.76777778 -0.76777778 -0.95222222 -0.85 -0.85 -1.09 -1.09 -1.31 -1.31 -1.31
-0.26444444 0.032017697 0.12662856 0.11803947 -0.72666816 -1.0144376 -0.58666668 0.086060356 -0.097980775 -0.10978504 -0.17555556 -0.17555556 -0.17555556 -0.17555556 -0.22110466 -0.62666667 -0.62666667 -0.62762786 -0.70111111 -0.49556265 -0.51555556 -0.51555556 -0.51555556 -0.51555556 -1.4078626 -1.2844444 -1.2844444 -1.2844444 -1.2844444 -1.2842751 -1.1077778 -1.1077778 -1.1077778 -1.1077778 -0.56222222 -0.56222222 -0.56222222 -0.78094052 -0.78876737 -0.33222222 -0.33222222 -0.27889176 -0.48778736 -0.76775081 -0.76777778 -0.95222222 -0.85 -0.85 -1.09 -1.09 -1.3092019 -1.31 -0.74305431
-0.26444444 0.12666667 0.12666667 0.12666667 0.12666667 0.12666619 -0.58776163 -0.26441706 -0.059985917 -0.17548503 -0.17555556 -0.17555556 -0.17555556 -0.17555556 -0.17555568 -0.62666666 -0.62666668 -0.63177305 -0.70110947 -0.51555556 -0.51555556 -0.51555556 -0.51555556 -0.51555556 -0.52132306 -1.1314786 -1.1055556 -1.1055556 -1.1055556 -1.1055556 -1.1077778 -1.1077778 -1.1077779 -1.1855556 -1.1855556 -0.56222222 -0.42935602 -0.42555556 -0.33222228 -0.33222222 -0.33222222 -0.33222222 -0.48777778 -0.48777778 -0.48777778 -0.49100989 -0.85222899 -0.85222222 -0.85222222 -0.85222222 -0.85222223 0.65444404 0.65444444
0.02 0.12666667 0.12666667 0.12666667 0.12666667 0.12666667 0.12666662 -0.44672559 -0.34177449 -0.34333333 -0.34333333 -0.34333333 -0.34333333 -0.34333333 -0.34333333 -0.31070945 -0.62164794 -0.63686053 -0.51557886 -0.51555556 -0.51555556 -0.51555556 -0.51555556 -0.51555567 -0.78222222 -0.78222222 -0.78222268 -1.1055556 -1.1055556 -1.1055378 -1.0966667 -1.0966667 -1.1855556 -1.1855556 -1.1855556 -0.54729924 -0.42555556 -0.42555556 -0.42555556 -0.33222222 -0.33222222 -0.33222222 -0.48777778 -0.48777778 -0.48777778 -0.48777778 -0.85222222 -0.85222222 -0.85222222 -0.85222222 -0.85222222 0.65444444 0.65444444
0.02 0.059710788 0.12666667 0.12666667 0.12666667 0.12666667 -0.49654433 -0.49666667 -0.49666666 -0.34333333 -0.34333333 -0.34333333 -0.34333333 -0.34333333 -0.33597977 -0.31 -0.31 -0.31 -0.61635831 -0.61666656 -0.61666667 -0.61666667 -0.61666667 -0.61666667 -0.78222222 -0.78222222 -0.78222222 -0.78222222 -1.1055556 -1.0966667 -1.0966667 -1.0966667 -1.1855555 -1.1855556 -1.1855556 -0.32 -0.4254158 -0.42555556 -0.42555556 -0.33226087 -0.40934178 -0.58922956 -0.48777778 -0.48777778 -0.51436215 -0.51444444 -0.51444444 -0.85115722 -0.20670813 -0.2044445 -0.20444457 0.15563098 0.65444343
0.020000001 -0.096776944 0.011962898 0.12666667 0.12666667 -0.49629837 -0.49666667 -0.49666667 -0.49666667 -0.4955617 -0.34333333 -0.34333333 -0.34333333 -0.34333333 -0.31 -0.31 -0.31 -0.31 -0.61639273 -0.61666667 -0.61666667 -0.61666667 -0.61666667 -0.61666667 -0.78222222 -0.78222222 -0.78222222 -0.78222222 -0.78336596 -1.0966667 -1.0966667 -1.0966667 -0.53333335 -1.1854518 -0.32 -0.32 -0.32 -0.32424611 -0.5795934 -0.59 -0.59 -0.59 -0.51222222 -0.51222222 -0.51444444 -0.51444444 -0.51444444 -0.20444445 -0.20444444 -0.20444444 -0.20444444 0.15555556 0.15555556
-0.099777698 -0.1 -0.1 -0.1 -0.43444444 -0.49666506 -0.49666667 -0.49666667 -0.49666667 -0.49666667 -0.31877029 -0.34332911 -0.34333332 -0.31 -0.31 -0.31 -0.31 -0.31 -0.38293051 -0.61666667 -0.61666667 -0.61666667 -0.61666667 -0.61666667 -0.58382449 -0.40444649 -0.40444444 -0.40444444 -0.40444444 -1.0966666 -0.53333334 -0.53333333 -0.53333333 -0.53333333 -0.32 -0.32001015 -0.70555556 -0.70555556 -0.59144288 -0.59 -0.59 -0.59 -0.51222222 -0.51222222 -0.51410037 -0.51444444 -0.51444444 -0.20444444 -0.20444444 -0.20444444 -0.20058431 0.15555556 0.15555556
-0.1 -0.1 -0.1 -0.25749488 -0.43444444 -0.43444444 -0.49666667 -0.49666667 -0.49666667 -0.49666667 -0.018888889 -0.018888889 -0.018888889 -0.31 -0.31 -0.31 -0.31 -0.31006133 -1.0844444 -1.0844444 -0.61666686 -0.61666667 -0.61818152 -0.67888889 -0.67641818 -0.40444444 -0.40444444 -0.40444444 -0.40444444 -0.53332021 -0.53333333 -0.53333333 -0.53333333 -0.53333333 -0.7055542 -0.70555556 -0.70555556 -0.70555556 -0.70513316 -0.59 -0.59 -0.59 -0.51222222 -0.51222222 -0.51222222 -0.51444444 -0.51444444 -0.20444445 -0.20444444 -0.20444444 0.15555556 0.15555556 0.15555556
-0.1 -0.1 -0.1 -0.43444444 -0.43444444 -0.43444444 -0.43444454 -0.49666667 -0.49666667 -0.019382093 -0.018888889 -0.018888889 -0.018888889 -0.01907027 -0.61038565 -0.68111111 -0.68111111 -0.68111111 -1.0844444 -1.0844444 -1.0844444 -0.67888889 -0.67888889 -0.67888889 -0.67883411 -0.44582358 -0.40444444 -0.40444444 -0.40444444 -0.30991067 -0.26224889 -0.26222222 -0.26222222 -0.26222222 -0.58963018 -0.42777841 -0.42777778 -0.42777778 -0.42777778 -0.39113832 -0.39111111 -0.39111111 -0.51222222 -0.51222222 0.15444166 0.15444439 -0.01 -0.01 0.044444444 0.044444444 0.044444444 0.15555556 0.51856402
-0.099999569 -0.1 -0.10000001 -0.43444444 -0.43444444 -0.43444444 -0.43444445 -0.54555554 -0.49686214 -0.018949341 -0.018888889 -0.018888889 -0.018888889 -0.020188351 -0.68111111 -0.68111111 -0.68111111 -0.68111123 -1.0844444 -1.0844444 -1.0844444 -0.67888889 -0.67888889 -0.67888889 -0.48333333 -0.48333333 -0.53666667 -0.53666667 -0.53666667 -0.53516949 -0.26222222 -0.26222222 -0.26222222 -0.26222222 -0.3449546 -0.42777778 -0.42777778 -0.42777778 -0.42777778 -0.39111111 -0.39111111 -0.39111111 -0.37394585 0.15444444 0.15444444 0.15444444 -0.01 -0.01 0.044444444 0.044444444 0.044444444 0.51888887 0.51888889
0.038888889 -0.043893361 -0.59111111 -0.59106566 -0.43444444 -0.54491267 -0.54555556 -0.54555556 -0.47591875 -0.085555562 -0.085555556 -0.085555556 -0.085555556 -0.82553147 -0.82555555 -0.68111122 -0.68111111 -0.69173835 -1.0844444 -1.0844444 -1.0844444 -1.0655556 -1.0655556 -1.0655556 -0.48333333 -0.48333333 -0.53666667 -0.53666667 -0.53666667 -0.53666653 -0.35333275 -0.35333308 -0.26451216 -0.2623199 -0.7561007 -0.75666667 -0.75666667 -0.75666667 -0.75666667 -0.39111111 -0.39111111 -0.39111111 0.12440415 0.15444444 0.15444444 0.15444437 -0.01 -0.01 -0.0099980401 0.044444444 0.044461486 0.42555556 0.51888889
-0.45879436 -0.45888891 -0.59111111 -0.59111111 -0.59111111 -0.54555556 -0.54555556 -0.54555556 -0.35444444 -0.35444444 -0.085555556 -0.085555556 -0.085555556 -0.82555556 -0.82555556 -0.82555556 -0.82555556 -0.82558373 -1.0844444 -1.0844444 -1.0844444 -1.0655556 -1.0655556 -1.0655556 -0.48333333 -0.48333333 -0.53666667 -0.53666667 -0.53666667 -0.35540043 -0.35333333 -0.35333333 -0.35333333 -0.35333333 -0.75646765 -0.75666667 -0.75666667 -0.75666667 -0.75666667 -0.83555544 -0.83555556 -0.83555556 -0.83555556 0.1544413 -0.25555556 -0.25555556 -0.25555556 0.31444444 0.31444444 0.31444444 0.42555556 0.42555556 0.42555556
-0.45888889 -0.45888889 -0.59111111 -0.59111111 -0.59111111 -0.545795 -0.54555556 -0.35444444 -0.35444444 -0.35444444 -0.085588656 -0.085555556 -0.81279656 -0.82555559 -0.82555556 -0.82555556 -0.82555556 -1.3022222 -1.3022222 -1.3022222 -1.2788889 -1.2788887 -1.0655566 -1.0655556 -1.0654178 -1.1088889 -1.1088889 -1.1088875 -0.53675914 -0.25224237 -0.25222276 -0.25223987 -0.35316052 -0.35324608 -0.6847663 -0.75666669 -0.75688636 -0.82222222 -0.82222222 -0.83555556 -0.83555556 -0.83555556 -0.83555556 -0.25555556 -0.25555556 -0.25555556 -0.25555556 0.31444444 0.31444444 0.31444444 0.42555556 0.42555556 0.42555556
-0.45888889 -0.45888889 -0.59111111 -0.59111111 -0.59111111 -0.59111111 -0.47402825 -0.35444444 -0.35444444 -0.35444444 -0.35478753 -0.97555556 -0.97555556 -0.97555556 -0.82643954 -0.82555556 -1.2990458 -1.3022222 -1.3022222 -1.3022222 -1.2788889 -1.2788889 -1.2788889 -1.2788889 -1.1088889 -1.1088889 -1.1088889 -1.1088889 -1.1088889 -0.25222222 -0.25222222 -0.25222222 -0.25222222 -0.25222277 -0.51444444 -0.82222222 -0.82222222 -0.82222222 -0.82222222 -0.82222277 -0.99333333 -0.99333333 -0.99333333 -0.79157587 -0.37333333 -0.37333333 -0.37333333 0.31444442 0.31444428 0.14444444 0.14444444 0.29003298 0.29
-0.45888889 -0.45888889 -0.54338817 -0.59111111 -0.59111111 -0.59111113 -1.4746753 -0.35798107 -0.35444444 -0.35444445 -0.97555562 -0.97555556 -0.97555556 -0.97555556 -0.97555556 -0.96330913 -1.3022222 -1.3022222 -1.3022222 -1.3022222 -1.2788891 -1.2788889 -1.2788889 -1.2788889 -1.1088889 -1.1088889 -1.1088889 -1.1088889 -1.1088889 -0.67835376 -0.25222222 -0.25222222 -0.25222222 -0.51444444 -0.51444444 -0.51468344 -0.82222222 -0.82222222 -0.77407339 -0.73666668 -0.99333333 -0.99333333 -0.99333333 -0.79393664 -0.37333333 -0.37333333 -0.37333333 -0.14555556 0.14083107 0.14444444 0.14444444 0.29 0.29
-1.3177778 -1.3177778 -1.3177778 -0.77330642 -0.59275543 -1.4766667 -1.4766667 -1.4766667 -1.4766667 -1.26 -1.26 -0.97555558 -0.97555556 -0.97555556 -0.97555556 -0.97557626 -1.3022222 -1.3022222 -1.3022222 -1.3022222 -1.2890708 -1.2788889 -1.2788889 -1.2707761 -0.97512294 -1.1088889 -1.1088889 -1.1088889 -0.82888889 -0.82888889 -0.82888889 -0.82888647 -0.51444444 -0.51444444 -0.51444444 -0.51444444 -0.73666667 -0.73666667 -0.73666667 -0.73666667 -0.92 -0.92 -0.92 -0.31445662 -0.31444444 -0.31444444 -0.31444446 -0.14555556 -0.14555556 0.1440911 0.14444444 0.28999787 0.29
