interpolatedSpi/03-12|19_3.tif
NCOLS 53
NROWS 52
XLLCORNER -116.03883
YLLCORNER 28.596182
DX 0.49850594
DY 0.49788537
NODATA_VALUE -9999
0.428 0.428 0.19210854 -0.138 0.048 0.01 -0.005 -0.058 -0.50862446 -0.595 -0.514 -0.024 -0.36601103 -0.5 -0.442 -0.442 -0.442 -0.09 -0.082 -0.082 -0.082 -0.082006733 -0.781 -0.301 -0.301 -0.301 -0.79999717 -0.8 -0.8 -0.603 -0.603 -0.603 -0.603 -0.55800001 -0.558 -0.558 -0.558 -0.558 -0.558 -0.55799998 0.13849834 0.1459256 -0.146 -0.146 -0.146 -0.146 -0.14708781 -0.812 -0.812 -0.812 0.27199775 0.272 0.272 
0.42799587 0.335 0.18900062 0.16718789 0.18379502 0.238 0.611 -0.21977034 -0.482 -0.42 0.116 -0.366 -0.366 0.054146035 -0.49999277 -0.442 -0.09 -0.09 -0.082010431 -0.082 -0.082 -0.082 -0.32305494 -0.301 -0.301 -0.301 -0.325 -0.325 -0.603 -0.603 -0.603 -0.603 -0.603 -0.55800001 -0.558 -0.558 -0.558 -0.558 -0.55799992 -0.40234658 0.35396851 -0.085328943 -0.146 -0.146 -0.146 -0.146 -0.146 -0.812 -0.812 -0.812 -0.72211368 0.272 0.272 
0.37999912 0.38 0.724 0.69 0.013 -0.068 0.173 0.266 -0.283 -0.364 -0.114 -0.337 -0.013 -0.352 0.056 -0.84 -0.09 -0.09 -0.09 -0.26794593 -0.268 -0.268 -0.72 -0.301 -0.301 -0.301 -0.325 -0.325 -0.325 -0.603 -0.603 -0.60300001 -0.75127122 -0.5562426 -0.54843152 0.46057995 0.47 0.47 0.45541026 0.354 0.354 0.35336063 -0.146 -0.146 -0.146 -0.146 -0.146 -0.812 -0.812 -0.812 -0.812 0.272 0.272 
0.564 0.37999983 -0.48202604 0.433 -0.331 0.113 -0.025 -0.397 -0.391 -0.095355472 -0.46 -0.746 -0.298 -0.352 -0.279 -0.84 -0.49664723 -0.49371693 -0.613 -0.268 -0.268 -0.591 -0.72 -0.72 -0.301 -0.30100012 -0.325 -0.325 -0.325 -1.164 -1.0251845 -0.911 -0.911 -0.91099891 0.47 0.47 0.47 0.47 0.354 0.354 0.354 0.35399998 -0.146 -0.146 -0.146 -0.146 -0.146 -0.8119916 -0.812 -0.812 -0.812 0.27197495 0.272 
0.564 0.30499856 -0.482 -0.62439343 -0.331 -0.301 -0.40198815 -0.442 -0.392 -0.51300016 -0.57916377 -0.60998553 -0.509 -0.279 -0.279 -0.64892798 -0.494 -0.494 -0.613 -0.613 -0.26800065 -0.591 -0.584 -0.498 -0.314 -0.31392914 -0.325 -0.325 -1.164 -1.164 -0.911 -0.911 -0.911 -0.83839938 0.47 0.47 0.47 0.354 0.354 0.354 0.354 0.35397876 -0.146 -0.146 -0.146 -0.146 -0.146 -0.15192823 -0.812 -0.81198579 -0.495 -0.495 -0.495 
-1.436 0.23 0.35000003 -0.445 0.031 0.053 -0.575 -0.55797219 -0.713 -0.545 -0.575 -0.647 -0.64699991 -0.952 -0.952 -0.37490994 -0.375 -0.402 -0.402 -0.61299959 -0.685 -0.685 -0.498 -0.314 -0.314 -0.011 -1.084 -1.084 -0.56405444 -1.164 -0.911 -0.911 -0.526 -0.52603427 -0.85397645 -0.703 -0.703 0.026992921 0.354 0.354 0.13427439 0.134 0.13400127 0.29802096 0.30595004 0.30599988 0.30599998 0.30599983 0.2119031 -0.495 -0.495 -0.495 -0.495 
-0.5930055 0.305 0.14192368 0.315 0.586 -0.577 -0.444 -0.501 -0.863 -0.863 -0.575 -0.425 -0.59199992 -0.952 -0.0020028461 -0.002 -0.375 -0.08 -0.15 -0.15 -0.60252864 -0.51 -0.51 0.059999995 -0.011 -0.011 -1.084 -1.084 -0.56399796 -0.56396245 -0.15117018 -0.526 -0.526 -0.854 -0.854 -0.40344798 -0.703 -0.703 -0.48900742 0.13399913 0.134 0.134 0.13400791 0.30600197 0.306 0.306 0.306 0.30600004 0.368 -0.49482898 -0.495 -0.495 -0.495 
-0.593 -0.84 0.526 -0.453 -0.04502339 -0.731 -0.784 -0.656 -0.825 -0.403 -0.403 -0.286 -0.592 -0.592 -0.006047947 0.019858167 0.022 0.092 -0.32299982 -0.15 0.062934552 0.071 -0.162 -0.283 -0.28299885 -0.194 0.066 0.065999594 -0.52912264 -0.52899999 -0.15 -0.17501105 -0.49 -0.854 -0.8245376 -0.153 -0.153 -0.489 -0.489 0.134 0.134 0.13400001 0.65878306 0.65899998 0.306 0.306 0.306 0.36799764 0.368 0.368 -0.495 -0.495 -0.495 
-0.76641796 -0.83999999 0.199 0.674 0.355 -0.431 -0.397 -0.125 -0.738 -0.297017 -0.393 -0.251 -0.251 -0.076 -0.075996361 -0.20536454 -0.206 -0.206 0.028649611 0.24899994 -0.024 -0.023999999 0.169 -0.031558344 -0.20296885 -0.194 -0.049 0.066 0.023249873 0.023 -0.087 0.372 0.38760985 0.239 0.179 0.036 -0.068 -0.324 0.19775896 0.13633009 0.656 0.695 0.658993 0.659 0.65701312 0.306 0.345 0.368 0.368 0.368 0.368 -0.40087238 0.079 
-0.355 -0.355 -0.151 0.252 -0.096 -0.594 -0.348 -0.289 -0.039 -0.1850037 -0.16 -0.31 -0.076 -0.076 0.311 0.30390911 -0.206 -0.20594799 -0.031 0.249 0.249 0.21382847 0.169 -0.19499311 -0.195 -0.195 -0.049 0.489 0.489 0.023 0.023 0.3720588 0.403 0.239 0.391 0.036 -0.068 -0.292 0.198 1.0470134 0.695 0.66598019 0.616 0.659 0.659 0.345 0.345 0.345 0.368 0.368 0.261 0.261 0.26099993 
-0.355 -0.355 -0.528 -1.092 -0.677 0.005 -0.407 -0.20521915 -0.45 -0.251 0.027 -0.353 -0.3100569 0.311 0.311 0.31102226 0.504 0.47592069 -0.031 0.642 0.642 1.067 1.067 -0.195 -0.195 -0.195 0.489 0.489 0.489 0.138 0.138 0.13800044 0.449 0.449 -0.212 0.105 0.515 0.00099987236 0.52 1.061 1.061 0.74099959 0.616 0.659 0.68999992 0.596 0.72635051 0.728 0.994 0.994 0.261 0.261 0.261 
-0.355 -0.42988427 -0.76867892 -1.0219847 -0.174 -0.294 -0.407 -0.205 -0.44999795 -0.25320468 -0.35299987 -0.353 0.53 0.311 0.311 0.50399999 0.504 0.50396955 -0.031 0.642 0.72546135 1.067 1.067 -0.19494924 -0.195 0.074550041 0.625 0.625 0.62499998 0.138 0.138 0.376 0.376 0.44899819 -0.212 0.67299975 0.43017293 0.001 0.001 1.061 0.741 0.741 0.74099961 0.69 0.69 0.596 0.728 0.728 0.994 0.994 0.261 0.261 0.261 
-0.634 -0.21101545 -0.17603344 -0.18211771 -0.1740008 -0.29399717 -0.407 -0.20748651 -0.43311699 -0.44480358 0.53 0.53 0.53 0.53 0.31103102 0.504 0.504 0.4970923 -0.031 0.64210396 1.016 1.016 1.016 1.016 -0.17382467 0.625 0.625 0.625 0.625 0.62472284 0.376 0.376 0.376 0.376 0.673 0.673 0.673 0.033384178 0.008743367 1.032 1.032 0.74101565 0.71999897 0.69000289 0.69 0.596 0.728 0.728 0.994 0.994 0.26365925 0.261 -0.1567152 
-0.634 -0.176 -0.176 -0.176 -0.176 -0.17600005 -0.4067107 -0.3114529 -0.38807468 0.52894961 0.53 0.53 0.53 0.53 0.53000019 0.504 0.50399992 0.46730265 -0.030989155 1.016 1.016 1.016 1.016 1.016 1.0151122 0.67308795 0.64999999 0.65 0.65 0.65 0.37600001 0.376 0.37600069 0.951 0.951 0.673 1.1513183 1.165 1.0320001 1.032 1.032 1.032 0.72 0.72 0.72 0.71913707 0.30077032 0.298 0.298 0.298 0.29800001 1.1109998 1.111 
0.159 -0.176 -0.176 -0.176 -0.176 -0.176 -0.17600001 -0.20075903 0.79058901 0.797 0.797 0.797 0.797 0.797 0.797 0.97625686 0.51150631 0.43074077 1.0158685 1.016 1.016 1.016 1.016 1.0160003 0.975 0.975 0.97499954 0.65 0.65 0.65087106 1.085 1.085 0.951 0.951 0.951 1.1307196 1.165 1.165 1.165 1.032 1.032 1.032 0.72 0.72 0.72 0.72 0.29800001 0.298 0.298 0.298 0.298 1.111 1.111 
0.159 0.034283306 -0.176 -0.176 -0.176 -0.176 0.19692679 0.197 0.19700001 0.797 0.797 0.797 0.797 0.797 0.83737108 0.98 0.98 0.98 1.250284 1.2509998 1.251 1.251 1.251 1.251 0.975 0.975 0.975 0.975 0.65 1.085 1.085 1.085 0.95100001 0.951 0.951 1.266 1.1651337 1.165 1.165 1.0320056 1.0430693 1.0688894 0.72 0.72 0.98218837 0.983 0.983 0.2989621 0.87995918 0.88199995 0.88199989 1.123998 1.111 
0.159 -0.12807697 -0.15575816 -0.176 -0.176 0.19677961 0.197 0.197 0.197 0.20132377 0.797 0.797 0.797 0.79700002 0.98 0.98 0.98 0.98 1.2507579 1.251 1.251 1.251 1.251 1.251 0.97500001 0.975 0.975 0.975 0.97540011 1.085 1.085 1.085 1.543 0.95104633 1.266 1.266 1.266 1.2673666 1.0750876 1.069 1.069 1.069 1.096 1.096 0.983 0.983 0.983 0.882 0.882 0.882 0.882 1.124 1.124 
-0.13570273 -0.136 -0.136 -0.136 0.013 0.19699525 0.197 0.197 0.197 0.197 0.77527152 0.79699626 0.79699999 0.98 0.98 0.98 0.98 0.98 0.98956619 1.251 1.251 1.251 1.251 1.251 1.2683301 1.5069971 1.507 1.507 1.507 1.085 1.543 1.543 1.543 1.543 1.266 1.2660033 1.391 1.391 1.0730206 1.069 1.069 1.069 1.096 1.096 1.0004963 0.983 0.983 0.882 0.882 0.882 0.88459487 1.124 1.124 
-0.136 -0.136 -0.136 -0.065833677 0.013 0.013 0.197 0.197 0.197 0.197 0.51 0.51 0.51 0.98 0.98 0.98 0.98 0.97998248 0.795 0.795 1.2509998 1.251 1.2473238 1.1 1.103664 1.507 1.507 1.507 1.507 1.5429963 1.543 1.543 1.543 1.543 1.3909996 1.391 1.391 1.391 1.3898885 1.069 1.069 1.069 1.096 1.096 1.096 0.983 0.983 0.88200001 0.882 0.882 1.124 1.124 1.124 
-0.136 -0.136 -0.136 0.013 0.013 0.013 0.013000281 0.197 0.197 0.50967689 0.51 0.51 0.51 0.51029283 0.89420122 0.874 0.874 0.874 0.795 0.795 0.795 1.1 1.1 1.1 1.1000289 1.3475446 1.507 1.507 1.507 1.6828371 1.715983 1.716 1.716 1.716 1.543402 1.7569992 1.757 1.757 1.757 1.5179386 1.518 1.518 1.096 1.096 1.4209986 1.421 1.371 1.371 1.346 1.346 1.346 1.124 1.2518856 
-0.13599854 -0.136 -0.13599999 0.013 0.013 0.013 0.013000003 0.30899997 0.19744782 0.50982318 0.51 0.51 0.51 0.51071427 0.874 0.874 0.874 0.87399998 0.795 0.795 0.795 1.1 1.1 1.1 1.203 1.203 1.409 1.409 1.409 1.4106748 1.716 1.716 1.716 1.716 1.7364887 1.757 1.757 1.757 1.757 1.518 1.518 1.518 1.514948 1.421 1.421 1.421 1.371 1.371 1.346 1.346 1.346 1.252 1.252 
0.335 0.12381083 0.246 0.2459324 0.013 0.30728735 0.309 0.309 0.38661265 0.315 0.315 0.315 0.315 0.55499219 0.555 0.87399976 0.874 0.87191847 0.795 0.795 0.795 0.83 0.83 0.83 1.203 1.203 1.409 1.409 1.409 1.4090002 1.7010001 1.701 1.715623 1.7159839 1.6520737 1.652 1.652 1.652 1.652 1.518 1.518 1.518 1.4263409 1.421 1.421 1.4209999 1.371 1.371 1.3709991 1.346 1.3459925 1.179 1.252 
0.52996297 0.52999995 0.246 0.246 0.246 0.309 0.309 0.309 0.522 0.522 0.315 0.315 0.315 0.555 0.555 0.555 0.555 0.55502785 0.795 0.795 0.795 0.83 0.83 0.83 1.203 1.203 1.409 1.409 1.409 1.6977077 1.701 1.701 1.701 1.701 1.6520242 1.652 1.652 1.652 1.652 1.1130001 1.113 1.113 1.113 1.4209947 0.735 0.735 0.735 0.989 0.989 0.989 1.179 1.179 1.179 
0.53 0.53 0.246 0.246 0.246 0.30866886 0.309 0.522 0.522 0.522 0.31502548 0.315 0.31091438 0.55499994 0.555 0.555 0.555 0.279 0.279 0.279 0.46400001 0.46400027 0.82999822 0.83 0.83021085 1.009 1.009 1.009001 1.4089354 1.5140373 1.514001 1.5140326 1.7006804 1.7008386 1.6606042 1.6519996 1.6485348 0.618 0.618 1.113 1.113 1.113 1.113 0.735 0.735 0.735 0.735 0.989 0.989 0.989 1.179 1.179 1.179 
0.53 0.53 0.246 0.246 0.246 0.246 0.38871968 0.522 0.522 0.522 0.52188289 0.31 0.31 0.31 0.55355616 0.555 0.2808392 0.279 0.279 0.279 0.464 0.464 0.464 0.464 1.009 1.009 1.009 1.009 1.009 1.514 1.514 1.514 1.514 1.5139994 1.249 0.618 0.618 0.618 0.618 0.61800006 0.559 0.559 0.559 0.58731159 0.646 0.646 0.646 0.98899999 0.98899986 0.849 0.849 1.2829747 1.283 
0.53 0.53 0.34850406 0.246 0.246 0.24600001 0.50503017 0.52194643 0.522 0.522 0.31000004 0.31 0.31 0.31 0.31 0.33007725 0.279 0.279 0.279 0.279 0.46399857 0.464 0.464 0.464 1.009 1.009 1.009 1.009 1.009 0.83489905 1.514 1.514 1.514 1.249 1.249 1.24851 0.618 0.618 0.75644351 0.86399998 0.559 0.559 0.559 0.58742859 0.646 0.646 0.646 0.784 0.84819011 0.849 0.849 1.283 1.283 
0.742 0.742 0.742 0.37036083 0.24667312 0.505 0.505 0.505 0.505 0.509 0.509 0.31000001 0.31 0.31 0.31 0.30999803 0.279 0.279 0.279 0.279 0.383272 0.464 0.464 0.4618802 0.41087507 1.009 1.009 1.009 0.595 0.595 0.595 0.59500386 1.249 1.249 1.249 1.249 0.864 0.864 0.864 0.864 0.671 0.671 0.671 0.78099779 0.781 0.781 0.78099996 0.784 0.784 0.8489208 0.849 1.2829983 1.283 
0.742 0.742 0.742 0.74199812 0.707 0.67762588 0.505 0.505 0.505 0.509 0.509 0.509 0.15800001 0.158 0.158 0.158 0.27880033 0.279 0.279 0.279 0.28180084 0.38300022 0.383 0.383 0.383 0.383 -0.013999992 -0.014 0.595 0.595 0.595 0.595 1.2489997 1.249 1.249 1.2489683 0.864 0.864 0.864 0.86453519 0.671 0.671 0.671 0.7809949 0.781 0.781 0.781 0.784 0.784 0.78400002 0.936 0.936 0.986 
0.742 0.742 0.742 0.70700008 0.707 0.707 0.50500008 0.505 0.505 0.509 0.509 0.509 0.158 0.158 0.158 0.15891391 0.17 0.17 0.17000028 0.27838434 0.383 0.383 0.383 0.383 0.383 0.38270124 -0.014 -0.014 -0.013999999 0.595 0.595 0.59493177 0.86 0.86 0.86 0.729 0.729 0.986 0.986 0.986 0.972 0.67109441 0.6710024 0.992 0.992 0.98400334 0.78100056 0.784 0.784 0.936 0.936 0.936 0.986 
0.742 0.742 0.742 0.707 0.707 0.707 0.707 0.505 0.505 0.509 0.509 0.17203494 0.158 0.158 0.158 0.17 0.17 0.17 0.17 0.17 0.383 0.383 0.383 0.383 0.383 -0.013998646 -0.014 -0.014 -0.014 0.489 0.489 0.489 0.86 0.86 0.86 0.729 0.729 0.986 0.986 0.972 0.972 0.972 0.992 0.992 0.992 0.992 0.98468889 0.903 0.903 0.903 0.936 0.895 0.895 
0.742 0.742 0.74195126 0.707 0.707 0.707 0.707 0.52516575 0.516 0.51598798 0.50899998 0.15799782 0.158 0.158 0.15800004 0.17 0.17 0.17 0.17 0.17 0.24680937 0.383 0.383 0.383 0.38291102 -0.014001969 -0.014 -0.014 -0.014 0.489 0.489 0.489 0.48905151 0.86 0.729 0.729 0.729 0.72901047 0.98599905 0.972 0.972 0.972 0.99199879 0.992 0.992 0.992 0.903 0.903 0.903 0.903 0.895 0.895 0.895 
0.302 0.30200077 0.70700411 0.707 0.707 0.707 0.51604064 0.516 0.516 0.516 0.13200001 0.132 0.132 0.132 0.16982462 0.17 0.17 0.17 0.17 0.24099996 0.241 0.241 -0.048999928 -0.049 -0.049 -0.049 -0.04597905 -0.014 0.2399896 0.24 0.24 0.24 0.24 0.586 0.586 0.586 0.586 0.586 0.939 0.939 0.939 0.939 0.939 0.90213567 0.902 0.902 0.902 0.903 0.903 0.903 0.89500126 0.895 0.895 
0.302 0.302 0.3014559 0.23700094 0.2370001 0.23727231 0.516 0.516 0.516 0.516 0.132 0.132 0.132 0.132 0.132 0.17 0.17 0.17 0.24099998 0.241 0.241 0.241 -0.048999999 -0.049 -0.049 -0.049 -0.049 -0.048992307 0.23993242 0.24 0.24 0.24 0.23997285 0.61888029 0.58603405 0.586 0.586 0.586 0.939 0.939 0.939 0.939 0.939 0.902 0.902 0.902 0.902 0.90246762 0.903 0.9603529 0.961 0.791 0.791 
0.302 0.302 0.23700823 0.237 0.237 0.237 0.30786482 0.516 0.516 0.516 0.132 0.132 0.132 0.132 0.132 0.16996864 0.17 0.24097918 0.241 0.241 0.241 0.241 0.058432379 -0.049 -0.049 -0.049 -0.049 -0.048919122 0.065 0.065 0.065 0.065 0.065 0.644 0.644 0.644 0.644 0.644 1.263 1.263 1.263 1.263 1.263 0.90256891 0.90200012 0.902 0.9020395 0.90676083 0.961 0.961 0.961 0.79100095 0.791 
0.30199991 0.25493581 0.237 0.237 0.237 0.237 0.237 0.5158812 0.516 0.516 0.132 0.132 0.132 0.132 -0.096802542 -0.102 -0.102 0.24099117 0.241 0.241 0.241 0.241 0.24099994 -0.049 -0.049 -0.049 -0.049 0.43099964 0.43099983 0.35310631 0.065 0.065 0.065 0.644 0.644 0.644 0.644 0.64415442 1.263 1.263 1.263 1.263 1.2630154 1.135 1.135 1.135 1.135 1.134986 0.961 0.961 0.961 0.96100013 1.1703299 
0.254 0.254 0.24078396 0.237 0.237 0.237 0.237 0.237 0.51587947 -0.12999999 -0.13 -0.13 -0.12937822 -0.10199966 -0.102 -0.102 -0.102 -0.102 0.24099783 0.22243438 0.06 0.06 0.06 0.033293532 -0.030031379 0.071466114 0.1572489 0.431 0.431 0.431 0.431 0.431 0.42000903 0.86917168 0.872 0.872 0.872 0.872 1.3007583 1.4639996 1.464 1.464 1.464 1.3159995 1.135 1.135 1.135 1.118 0.96100251 0.961 0.961 1.176 1.176 
0.254 0.254 0.186 0.186 0.186 0.23698301 0.237 0.237 -0.13 -0.13 -0.13 -0.13 -0.13 -0.102 -0.102 -0.102 -0.102 -0.102 0.06 0.06 0.06 0.06 0.06 0.18799999 0.188 0.188 0.188 0.431 0.431 0.431 0.431 0.431 0.62 0.62 0.872 0.872 0.872 0.90299472 0.903 1.464 1.464 1.464 1.4639999 1.316 1.316 1.316 1.118 1.118 1.118 1.225 1.225 1.176 1.176 
0.254 0.254 0.186 0.186 0.186 0.186 0.18599923 0.045 -0.12983523 -0.13 -0.13 -0.13 -0.13 -0.10234927 -0.102 -0.102 -0.102 -0.102 0.059999997 0.06 0.06 0.06 0.06 0.188 0.188 0.188 0.188 0.188001 0.431 0.431 0.431 0.61999009 0.62 0.62 0.62 0.872 0.903 0.903 0.903 0.91776096 1.0492398 0.972 0.972 1.316 1.316 1.316 1.118 1.118 1.118 1.225 1.225 1.225 0.97221382 
0.344 0.34399929 0.186 0.186 0.186 0.186 0.045 0.045 0.045 -0.13 -0.13 -0.13 -0.13 -0.1299913 -0.102 -0.102 -0.102 -0.102 0.059997118 0.06 0.06 0.059999999 0.1654486 0.188 0.188 0.188 0.188 0.41599981 0.416 0.416 0.43084607 0.62 0.62 0.62 0.61999962 0.22300001 0.903 0.903 0.903 0.903 0.972 0.972 0.972 1.068 1.068 1.068 0.94201714 1.118 1.118 1.225 1.225 1.225 0.951 
0.344 0.344 0.186 0.186 0.186 0.045 0.045 0.045 0.045 -0.11081477 -0.13 -0.13 -0.13 -0.12999978 -0.092001151 -0.092 -0.092 -0.092 -0.186721 -0.01 -0.01 -0.01 -0.01 0.188 0.188 0.188 0.18801504 0.416 0.416 0.416 0.416 0.61991933 0.39669898 0.223 0.223 0.223 0.90154185 0.51300812 0.513 0.513 0.97185039 0.78100001 0.781 1.068 1.068 1.0679995 0.942 0.942 1.036 1.036 1.036 0.962 0.95 
0.344 0.344 0.002 0.002 0.002 0.045 0.045 0.045 0.045 -0.053 -0.053 -0.053 -0.053 -0.055748421 -0.092 -0.092 -0.092 -0.092 -0.193 -0.01 -0.01 -0.01 -0.01 -0.084 -0.083999893 0.1879996 0.416 0.416 0.416 0.416 0.23829739 0.065 0.20420017 0.223 0.223 0.223 0.513 0.513 0.513 0.513 0.781 0.781 0.781 0.82298676 0.823 0.9414651 0.942 0.942 1.0359995 1.036 0.962 0.962 0.95 
0.344 0.0020000017 0.002 0.002 0.002 0.002 0.046211011 0.201 0.201 -0.053 -0.053 -0.053 -0.053 -0.053009236 -0.092 -0.092 -0.092 -0.0965635 -0.193 -0.193 -0.01 -0.01 -0.084 -0.084 -0.084 -0.084 0.416 0.416 0.416 0.416 0.065 0.065 0.065 0.22284012 0.223 0.223 0.513 0.513 0.513 0.513 0.781 0.781 0.781 0.823 0.823 0.82299632 0.758 0.758 0.938 0.938 0.962 0.962 0.95 
0.0052118053 0.002 0.002 0.002 0.002 0.002 0.201 0.201 0.201 0.065048585 -0.053 -0.053 -0.053 -0.052995433 -0.092 -0.092 -0.092 -0.193 -0.193 -0.193 -0.010009142 -0.010000452 -0.084 -0.084 -0.084 -0.084 0.41596446 0.416 0.416 0.065080721 0.065 0.065 0.065 0.065 0.22245774 0.111 0.111 0.11795731 0.513 0.513 0.78099976 0.781 0.82177884 0.823 0.823 0.75800002 0.758 0.758 0.938 0.938 0.767 0.767 0.989 
0.002 0.002 0.002 0.002 0.002 0.002 0.201 0.201 0.201 0.201 0.1969928 0.197 0.197 0.197 -0.091999464 -0.036873149 -0.006 -0.006 -0.19265527 -0.193 -0.19299996 -0.083999893 -0.084 -0.084 -0.084 -0.084 -0.083636472 0.416 0.415988 0.065 0.065 0.065 0.065 0.065 0.111 0.111 0.111 0.111 0.111 0.11100202 0.358 0.358 0.35799994 0.183 0.183 0.183 0.536 0.536 0.623 0.623 0.767 0.76700048 0.989 
0.002 0.002 0.002 0.002 0.002 0.002 0.201 0.201 0.201 0.197 0.197 0.197 0.197 0.197 0.14348969 -0.006 -0.006 -0.006 -0.006 -0.006 -0.014928635 -0.084 -0.084 -0.084 -0.083999999 -0.077374387 0.12666937 0.37664634 0.066730949 0.065 0.065 0.065 0.065 0.065000101 0.111 0.111 0.111 0.111 0.111 0.22590383 0.358 0.358 0.358 0.183 0.183 0.183 0.536 0.536 0.623 0.623 0.56 0.96533447 0.989 
0.002 0.002 0.002 0.002 0.002 0.0020000596 0.20099995 0.201 0.20083398 0.197 0.197 0.197 0.197 0.197 0.18726287 -0.006 -0.006 -0.006 -0.006 -0.006 -0.0060000001 0.094323502 0.1269997 0.127 0.127 0.127 0.127 0.127 -0.32136547 -0.32799535 -0.32799999 -0.328 -0.328 -0.32799968 0.111 0.111 0.111 0.111 0.111 0.35799997 0.358 0.358 0.358 0.35799992 0.18325491 0.342 0.53599998 0.31194438 0.622724 0.56 0.56 0.55814999 0.471 
0.002 0.002 0.002 0.002 0.002 0.0020127125 0.20098927 0.20099976 0.19700001 0.197 0.197 0.197 0.197 0.197 0.19313734 -0.006 -0.006 -0.006 -0.006 -0.006 -0.0059999999 0.127 0.127 0.127 0.127 0.127 0.127 0.127 -0.3278744 -0.328 -0.328 -0.328 -0.328 -0.328 -0.20771404 0.111 0.111 0.111 0.111 0.358 0.358 0.358 0.358 0.3579959 0.342 0.342 0.3417869 0.308 0.308 0.56 0.56 0.471 0.471 
0.002 0.002 0.002 0.002 0.0020000013 0.0022653936 0.20076367 0.19745137 0.197 0.197 0.197 0.197 0.197 0.197 0.19344614 -0.006 -0.006 -0.006 -0.006 -0.006 0.012936783 0.127 0.127 0.127 0.127 0.127 0.127 0.127 -0.32799818 -0.328 -0.328 -0.328 -0.328 -0.328 -0.328 -0.040878443 -0.27694637 -0.40603082 -0.42565267 0.36121393 0.358 0.358 0.358 0.34200128 0.342 0.34323562 0.54899885 0.308 0.308 0.30901069 0.309 0.309 0.47099993 
0.002 0.002 0.002 0.0020000001 0.0020002019 0.0036595809 0.19925999 0.1970011 0.197 0.197 0.197 0.197 0.197 0.197 0.19225964 -0.0059999998 -0.006 -0.006 -0.006 -0.0059999993 0.12699943 0.127 0.127 0.127 0.127 0.127 0.127 0.127 -0.32799988 -0.328 -0.328 -0.328 -0.328 -0.328 -0.32800002 -0.436 -0.436 -0.436 -0.436 0.408 0.408 0.408 0.408 0.5489994 0.549 0.549 0.549 0.54899785 0.358 0.358 0.309 0.309 0.17770635 
0.002 0.002 0.0020000002 0.0020000153 0.0020055573 0.0074007363 0.19693175 0.19700005 0.197 0.197 0.197 0.197 0.197 0.197 0.19010893 -0.0059999167 -0.006 -0.006 -0.006 -0.0051995312 0.127 0.127 0.127 0.127 0.127 0.127 0.127 0.127 -0.3279999 -0.328 -0.328 -0.328 -0.328 -0.328 -0.4359999 -0.436 -0.436 -0.436 -0.436 0.408 0.408 0.408 0.408 0.44605529 0.549 0.549 0.549 0.35800214 0.358 0.358 0.12 0.12 0.12 
0.0020000001 0.0020000005 0.0020000092 0.0020004513 0.0020544607 0.02205273 0.19697425 0.19700001 0.197 0.197 0.197 0.197 0.197 0.19699999 0.18719554 -0.0059952262 -0.006 -0.006 -0.0059998476 0.12430521 0.127 0.127 0.127 0.127 0.127 0.127 0.127 0.127 -0.32799957 -0.328 -0.328 -0.328 -0.328 -0.50515408 -0.43600004 -0.436 -0.436 -0.436 -0.436 0.408 0.408 0.408 0.408 0.408 0.549 0.549 0.549 0.358 0.358 0.358 0.12 0.12 0.12 
0.0020000022 0.0020000135 0.0020001884 0.0020053309 0.0023254488 0.11564294 0.19699052 0.19700001 0.197 0.197 0.197 0.197 0.197 0.19699962 0.18373177 -0.0059258623 -0.0059999958 -0.0059999954 -0.0053113945 0.12698869 0.127 0.127 0.127 0.127 0.127 0.127 0.127 0.12699974 -0.32799715 -0.328 -0.32800017 -0.54872525 -0.57 -0.57 -0.57 -0.436 -0.436 -0.436 -0.436 0.408 0.408 0.408 0.408 0.408 0.5489975 0.549 0.54899991 0.35800001 0.358 0.35799987 0.12 0.12 0.12 
