interpolatedSpi/03-11|23_1.tif
NCOLS 53
NROWS 52
XLLCORNER -116.03883
YLLCORNER 28.596182
DX 0.49850594
DY 0.49788537
NODATA_VALUE -9999
[rows 0 to 25 of 52, columns 0 to 52 of 53]
-0.38333333 -0.38333333 -0.41604178 -0.60777778 -0.30111111 -0.46444444 -0.49333333 -0.39666667 -0.785925 -0.83666667 -0.57111111 -0.65444444 -0.90108101 -0.53555556 -0.29 -0.29 -0.29 -0.45 -0.24444444 -0.24444444 -0.24444444 -0.24444411 -0.21 -0.42 -0.42 -0.42 -0.74111108 -0.74111111 -0.74111111 -1.1466667 -1.1466667 -1.1466667 -1.1466667 -1.1233333 -1.1233333 -1.1233333 -1.1233333 -1.1233333 -1.1233333 -1.1233333 -0.21753399 -0.20791846 -0.76 -0.76 -0.76 -0.76 -0.75935937 -0.36777778 -0.36777778 -0.36777778 -0.43555541 -0.43555556 -0.43555556
-0.38334888 -0.73333333 -0.43888901 -0.44209655 -0.5834117 -0.73444444 -0.62 -0.58561084 -0.75 -0.62 -0.83555556 -0.90111111 -0.90111111 -0.64518876 -0.53555472 -0.29 -0.45 -0.45 -0.24471246 -0.24444444 -0.24444444 -0.24444444 -0.43777964 -0.42 -0.42 -0.42 -0.41888889 -0.41888889 -1.1466667 -1.1466667 -1.1466667 -1.1466667 -1.1466667 -1.1233333 -1.1233333 -1.1233333 -1.1233333 -1.1233333 -1.1233333 -0.9747114 -0.19229395 -0.69110505 -0.76 -0.76 -0.76 -0.76 -0.76 -0.36777778 -0.36777778 -0.36777778 -0.37339798 -0.43555556 -0.43555556
0.052202738 0.052222222 -0.54666667 -0.45444444 -0.69444444 -0.30444444 -0.39888889 -0.29555556 -0.76444444 -0.87111111 -0.79555556 -0.88888889 -0.99888889 -1.0188889 -0.64555556 -0.95 -0.45 -0.45 -0.45 -0.3144241 -0.31444444 -0.31444444 -0.75777778 -0.42 -0.42 -0.42 -0.41888889 -0.41888889 -0.41888889 -1.1466667 -1.1466667 -1.1466666 -0.93805997 -1.1221569 -1.1194861 -0.71378757 -0.71 -0.71 -0.6448772 -0.19222223 -0.19222222 -0.19294827 -0.76 -0.76 -0.76 -0.76 -0.76 -0.36777778 -0.36777778 -0.36777778 -0.36777778 -0.43555556 -0.43555556
0.032222222 0.052222129 -0.40897552 -0.40444444 -0.76111111 -0.66222222 -0.69777778 -0.95111111 -0.50333333 -0.72862677 -0.90777778 -0.88222222 -1.0588889 -1.0188889 -0.99555556 -0.95 -0.64237179 -0.63986688 -0.56333333 -0.31444444 -0.31444444 -0.70777778 -0.75777778 -0.75777778 -0.42 -0.41999999 -0.41888889 -0.41888889 -0.41888889 -0.63777778 -0.67923343 -0.71333333 -0.71333333 -0.71333333 -0.71 -0.71 -0.71 -0.71 -0.19222222 -0.19222222 -0.19222222 -0.19222224 -0.76 -0.76 -0.76 -0.76 -0.76 -0.36778273 -0.36777778 -0.36777778 -0.36777778 -0.43557294 -0.43555556
0.032222222 -0.18222264 -0.40888889 -0.6820154 -0.76111111 -0.82222222 -0.88332559 -1.1433333 -1.2066667 -0.85777791 -0.92238399 -0.94992265 -0.41 -0.99555556 -0.99555556 -0.9602039 -0.64 -0.64 -0.56333333 -0.56333333 -0.31444523 -0.70777778 -0.50888889 -0.26 -0.45444444 -0.45443248 -0.41888889 -0.41888889 -0.63777778 -0.63777778 -0.71333333 -0.71333333 -0.71333333 -0.68316161 -0.71 -0.71 -0.71 -0.19222222 -0.19222222 -0.19222222 -0.19222222 -0.19224206 -0.75999999 -0.76 -0.76 -0.76 -0.76 -0.75650874 -0.36777778 -0.36780468 -0.96777778 -0.96777778 -0.96777778
-1.0355556 -0.53 -0.5511111 -0.38888889 -0.47888889 -0.62777778 -0.94555556 -0.97087678 -1.0211111 -1.2355556 -1.1255556 -0.94 -0.93999965 -0.85888889 -0.85888889 -0.42549225 -0.42555556 -0.58888889 -0.58888889 -0.56333305 -0.70222222 -0.70222222 -0.26 -0.45444444 -0.45444444 -0.40333333 -0.70555556 -0.70555556 -0.49779084 -0.63777778 -0.71333333 -0.71333333 -0.55333333 -0.55332764 -0.49889274 -0.29333333 -0.29333333 -0.22350325 -0.19222222 -0.19222222 -0.39752141 -0.39777778 -0.39777738 -0.39325702 -0.38670793 -0.38666677 -0.38666668 -0.38666681 -0.82852699 -0.96777778 -0.96777778 -0.96777778 -0.96777778
-0.16222252 -0.43444444 -0.24949073 -0.60777778 -0.58555556 -0.93666667 -0.64666667 -0.92666667 -1.22 -1.22 -1.1255556 -1.0277778 -0.72444444 -0.85888889 -0.16333542 -0.16333333 -0.42555556 -0.042222222 -0.24111111 -0.24111111 -0.5938313 -0.47222222 -0.47222222 -0.43555556 -0.40333333 -0.40333333 -0.70555556 -0.70555556 -0.49779287 -0.49805554 -0.3257775 -0.55333333 -0.55333333 -0.49888889 -0.49888889 -0.41436445 -0.29333333 -0.29333333 -0.59110079 -0.39777805 -0.39777778 -0.39777778 -0.39777569 -0.38666697 -0.38666667 -0.38666667 -0.38666667 -0.38666693 -0.82111111 -0.96774871 -0.96777778 -0.96777778 -0.96777778
-0.16222222 -0.54222222 -0.22666667 -0.75444444 -0.61778561 -0.89 -1.0866667 -1.0566667 -1.0255556 -1.06 -1.06 -0.67666667 -0.72444444 -0.72444444 -0.16718308 -0.27464807 -0.28555556 -0.0022222222 -0.36555543 -0.24111111 -0.071224132 -0.04 -0.40444444 0.07222222 0.072214856 -0.49888889 -0.25555556 -0.25555571 -0.75575948 -0.75666666 -0.32444444 -0.47905703 -0.34444444 -0.49888889 -0.49682902 -0.51555556 -0.51555556 -0.59111111 -0.59111111 -0.39777778 -0.39777778 -0.39777777 -0.4403295 -0.44111111 -0.38666667 -0.38666667 -0.38666667 -0.82109457 -0.82111111 -0.82111111 -0.96777778 -0.96777778 -0.96777778
-0.60695419 -0.54222222 -0.11111111 -0.81888889 -0.51222222 -0.97444444 -0.79222222 -0.43111111 -1.03 -0.38584762 -0.40888889 -0.70333333 -0.70333333 -0.22888889 -0.22888918 -0.19026632 -0.19 -0.19 -0.057685615 -0.53666664 -0.40777778 -0.40777777 -0.59666667 -0.48019606 -0.44133597 -0.49888889 -0.28444444 -0.25555556 -0.39142805 -0.39222222 -0.51666667 -0.59222222 -0.46183132 -0.73888889 -0.42666667 -0.52222222 -0.53444444 -0.40111111 -0.24562739 -0.39702886 -0.23 -0.32222222 -0.44108 -0.44111111 -0.44080467 -0.38666667 -0.61666665 -0.82111111 -0.82111111 -0.82111111 -0.82111111 -0.9246152 -0.14666667
-0.96888889 -0.96888889 -0.017777778 -0.088888889 -0.71222222 -0.57333333 -0.51333333 -0.86111111 -0.45222222 -0.22227409 -0.76666667 -0.054444444 -0.22888889 -0.22888889 -0.26 -0.25903992 -0.19 -0.18995331 0.026666667 -0.53666667 -0.53666667 -0.52006144 -0.59666667 -0.32889396 -0.32888889 -0.32888889 -0.28444444 -0.12333333 -0.12333333 -0.39222222 -0.39222222 -0.59173121 -0.33333333 -0.73888889 -0.50555556 -0.52222222 -0.53444444 -0.63444444 -0.24555556 -0.032400405 -0.32222222 -0.29569216 -0.25 -0.44111111 -0.44111111 -0.61666667 -0.61666667 -0.61666667 -0.82111111 -0.82111111 -0.62111111 -0.62111111 -0.62111093
-0.96888889 -0.96888889 -0.42777778 -0.65777778 -0.67444444 -0.17888889 -0.62555556 -0.13198242 -0.31444444 -0.25555556 -0.011111111 0.011111111 -0.054357429 -0.26 -0.26 -0.25998026 -0.088888889 -0.082823991 0.026666667 0.13777778 0.13777778 -0.077777778 -0.077777778 -0.32888889 -0.32888889 -0.32888889 -0.12333333 -0.12333333 -0.12333333 -0.46222222 -0.46222222 -0.46222201 -0.46333333 -0.46333333 -0.86777778 -0.61333333 -0.38888889 -0.35889271 -0.28 -0.028888889 -0.028888889 -0.29777762 -0.25 -0.44111111 -0.063333474 -0.15555556 -0.223921 -0.22222222 -0.45888889 -0.45888889 -0.62111111 -0.62111111 -0.62111111
-0.96888889 -0.73527924 -0.52592698 -0.75110413 -0.35 -0.36666667 -0.62555556 -0.13111111 -0.31444291 -0.25620797 0.011110764 0.011111111 0.10111111 -0.26 -0.26 -0.088888895 -0.088888889 -0.088882312 0.026666667 0.13777778 0.095447052 -0.077777778 -0.077777778 -0.32887851 -0.32888889 -0.27811998 -0.17444444 -0.17444444 -0.17444444 -0.46222222 -0.46222222 -0.24444444 -0.24444444 -0.46333444 -0.86777778 -0.41888909 -0.45605936 -0.35888889 -0.35888889 -0.028888898 -0.29777778 -0.29777778 -0.29777607 -0.063333333 -0.063333333 -0.15555556 -0.22222222 -0.22222222 -0.45888889 -0.45888889 -0.62111111 -0.62111111 -0.62111111
-0.26888889 -0.31602941 -0.3033463 -0.30657228 -0.35000022 -0.36666627 -0.62555555 -0.13719744 -0.3018109 -0.3129067 0.10111111 0.10111111 0.10111111 0.10111111 -0.25994885 -0.088888889 -0.088888889 -0.087396883 0.026666667 0.13779603 0.20333333 0.20333333 0.20333333 0.20333333 -0.31975677 -0.17444444 -0.17444444 -0.17444444 -0.17444444 -0.17454501 -0.24444444 -0.24444444 -0.24444444 -0.24444444 -0.41888889 -0.41888889 -0.41888889 -0.36230558 -0.3588722 -0.35666667 -0.35666667 -0.29778095 -0.33554624 -0.063359553 -0.063333333 -0.15555556 -0.22222222 -0.22222222 -0.45888889 -0.45888889 -0.62052259 -0.62111111 -0.78450382
-0.26888889 -0.30333333 -0.30333333 -0.30333333 -0.30333333 -0.30333336 -0.62489282 -0.39162662 -0.26810579 0.10066509 0.10111111 0.10111111 0.10111111 0.10111111 0.10111122 -0.088888891 -0.088888871 -0.080962566 0.02666563 0.20333333 0.20333333 0.20333333 0.20333333 0.20333333 0.20438868 0.0091436993 0.068888839 0.068888889 0.068888889 0.068888889 -0.24444443 -0.24444444 -0.24444394 0.17222222 0.17222222 -0.41888889 -0.05161646 -0.041111111 -0.35666648 -0.35666667 -0.35666667 -0.35666667 -0.33555556 -0.33555556 -0.33555556 -0.33430292 -0.16370264 -0.16333333 -0.16333333 -0.16333333 -0.16333334 -0.47333336 -0.47333333
-0.35555556 -0.30333333 -0.30333333 -0.30333333 -0.30333333 -0.30333333 -0.30333335 -0.29976351 0.25948835 0.26222222 0.26222222 0.26222222 0.26222222 0.26222222 0.26222222 0.31987561 -0.082372112 -0.07306537 0.20331108 0.20333333 0.20333333 0.20333333 0.20333333 0.20333337 0.25222222 0.25222222 0.25222196 0.068888889 0.068888889 0.069674291 0.46111111 0.46111111 0.17222222 0.17222222 0.17222222 -0.0069372786 -0.041111111 -0.041111111 -0.041111111 -0.35666667 -0.35666667 -0.35666667 -0.33555556 -0.33555556 -0.33555556 -0.33555556 -0.16333334 -0.16333333 -0.16333333 -0.16333333 -0.16333333 -0.47333333 -0.47333333
-0.35555556 -0.33611382 -0.30333333 -0.30333333 -0.30333333 -0.30333333 0.22434086 0.22444444 0.22444445 0.26222222 0.26222222 0.26222222 0.26222222 0.26222222 0.27521352 0.32111111 0.32111111 0.32111111 0.2321344 0.23222219 0.23222222 0.23222222 0.23222222 0.23222222 0.25222222 0.25222222 0.25222222 0.25222222 0.068888889 0.46111111 0.46111111 0.46111111 0.17222225 0.17222222 0.17222222 0.30555556 -0.040652114 -0.041111111 -0.041111111 -0.35666005 -0.3437026 -0.31346285 -0.33555556 -0.33555556 -0.49284642 -0.49333333 -0.49333333 -0.16384934 -0.47557171 -0.47666664 -0.47666661 -0.29447157 -0.47333297
-0.35555556 -0.041987229 -0.1667009 -0.30333333 -0.30333333 0.22413261 0.22444444 0.22444444 0.22444444 0.22471668 0.26222222 0.26222222 0.26222222 0.26222223 0.32111111 0.32111111 0.32111111 0.32111111 0.23230162 0.23222222 0.23222222 0.23222222 0.23222222 0.23222222 0.25222222 0.25222222 0.25222222 0.25222222 0.25298202 0.46111111 0.46111111 0.46111111 0.45666667 0.17224265 0.30555556 0.30555556 0.30555556 0.30480913 -0.29608251 -0.31333333 -0.31333333 -0.31333333 -0.68333333 -0.68333333 -0.49333333 -0.49333333 -0.49333333 -0.47666667 -0.47666667 -0.47666667 -0.47666667 -0.29444444 -0.29444444
-0.033448426 -0.033333333 -0.033333333 -0.033333329 0.41666667 0.2244494 0.22444444 0.22444444 0.22444444 0.22444444 0.26642822 0.26222295 0.26222222 0.32111111 0.32111111 0.32111111 0.32111111 0.32111111 0.32375226 0.23222222 0.23222222 0.23222222 0.23222222 0.23222222 0.28738259 0.36111052 0.36111111 0.36111111 0.36111111 0.46111111 0.45666667 0.45666667 0.45666667 0.45666667 0.30555556 0.30555383 0.24 0.24 -0.30642414 -0.31333333 -0.31333333 -0.31333333 -0.68333333 -0.68333333 -0.52275188 -0.49333333 -0.49333333 -0.47666667 -0.47666667 -0.47666667 -0.47471277 -0.29444444 -0.29444444
-0.033333333 -0.033333333 -0.033333333 0.17857838 0.41666667 0.41666667 0.22444444 0.22444444 0.22444444 0.22444444 0.31777778 0.31777778 0.31777778 0.32111111 0.32111111 0.32111111 0.32111111 0.32115885 0.47333333 0.47333333 0.23222232 0.23222222 0.23084263 0.17555556 0.17722603 0.36111111 0.36111111 0.36111111 0.36111111 0.45665694 0.45666667 0.45666667 0.45666667 0.45666667 0.24000023 0.24 0.24 0.24 0.238037 -0.31333333 -0.31333333 -0.31333333 -0.68333333 -0.68333333 -0.68333333 -0.49333333 -0.49333333 -0.47666667 -0.47666667 -0.47666667 -0.29444444 -0.29444444 -0.29444444
-0.033333333 -0.033333333 -0.033333333 0.41666667 0.41666667 0.41666667 0.41666637 0.22444444 0.22444444 0.31768143 0.31777778 0.31777778 0.31777778 0.31777986 0.55494425 0.61 0.61 0.61 0.47333333 0.47333333 0.47333333 0.17555556 0.17555556 0.17555556 0.17557921 0.30807588 0.36111111 0.36111111 0.36111111 0.35327371 0.33223446 0.33222222 0.33222222 0.33222222 0.11832088 -0.053332667 -0.053333333 -0.053333333 -0.053333333 -0.4066539 -0.40666667 -0.40666667 -0.68333333 -0.68333333 -0.4366677 -0.43666668 -0.46555556 -0.46555556 -0.34777778 -0.34777778 -0.34777778 -0.29444444 -0.20896539
-0.033332454 -0.033333333 -0.033333317 0.41666667 0.41666667 0.41666667 0.41666667 0.30888886 0.22478209 0.31777778 0.31777778 0.31777778 0.31777778 0.3183512 0.61 0.61 0.61 0.60999996 0.47333333 0.47333333 0.47333333 0.17555556 0.17555556 0.17555556 0.26 0.26 0.44222222 0.44222222 0.44222222 0.44162214 0.33222222 0.33222222 0.33222222 0.33222222 0.13955029 -0.053333333 -0.053333333 -0.053333333 -0.053333333 -0.40666667 -0.40666667 -0.40666667 -0.40761058 -0.43666667 -0.43666667 -0.43666667 -0.46555556 -0.46555556 -0.34777778 -0.34777778 -0.34777778 -0.20888889 -0.20888889
0.25 0.12244687 0.19444444 0.19450891 0.41666667 0.30951249 0.30888889 0.30888889 0.35909217 0.31777778 0.31777778 0.31777778 0.31777778 0.71443153 0.71444444 0.61000008 0.61 0.60639903 0.47333333 0.47333333 0.47333333 0.35777778 0.35777778 0.35777778 0.26 0.26 0.44222222 0.44222222 0.44222222 0.44222219 0.40222178 0.40222203 0.33398157 0.33229727 -0.14722936 -0.14777778 -0.14777778 -0.14777778 -0.14777778 -0.40666667 -0.40666667 -0.40666667 -0.43501465 -0.43666667 -0.43666667 -0.43666669 -0.46555556 -0.46555556 -0.46555132 -0.34777778 -0.3477897 -0.61444444 -0.20888889
0.33553931 0.33555553 0.19444444 0.19444444 0.19444444 0.30888889 0.30888889 0.30888889 0.44666667 0.44666667 0.31777778 0.31777778 0.31777778 0.71444444 0.71444444 0.71444444 0.71444444 0.71441729 0.47333333 0.47333333 0.47333333 0.35777778 0.35777778 0.35777778 0.26 0.26 0.44222222 0.44222222 0.44222222 0.40267323 0.40222222 0.40222222 0.40222222 0.40222222 -0.14750639 -0.14777778 -0.14777778 -0.14777778 -0.14777778 -0.22777782 -0.22777778 -0.22777778 -0.22777778 -0.43666763 -0.56222222 -0.56222222 -0.56222222 -0.76111111 -0.76111111 -0.76111111 -0.61444444 -0.61444444 -0.61444444
0.33555556 0.33555556 0.19444444 0.19444444 0.19444444 0.30828735 0.30888889 0.44666667 0.44666667 0.44666667 0.31779364 0.31777778 0.35137068 0.71444436 0.71444444 0.71444444 0.71444444 0.20666667 0.20666667 0.20666667 0.30222222 0.30222226 0.35777751 0.35777778 0.35777865 0.40555556 0.40555556 0.40555564 0.4422163 0.34778863 0.34777807 0.34778728 0.40212917 0.40217524 -0.049857098 -0.14777777 -0.14767724 -0.11777778 -0.11777778 -0.22777778 -0.22777778 -0.22777778 -0.22777778 -0.56222222 -0.56222222 -0.56222222 -0.56222222 -0.76111111 -0.76111111 -0.76111111 -0.61444444 -0.61444444 -0.61444444
0.33555556 0.33555556 0.19444444 0.19444444 0.19444444 0.19444444 0.36045509 0.44666667 0.44666667 0.44666667 0.44661818 0.35888889 0.35888889 0.35888889 0.71234907 0.71444444 0.21005037 0.20666667 0.20666667 0.20666667 0.30222222 0.30222222 0.30222222 0.30222222 0.40555556 0.40555556 0.40555556 0.40555556 0.40555556 0.34777778 0.34777778 0.34777778 0.34777778 0.34777668 -0.17111111 -0.11777778 -0.11777778 -0.11777778 -0.11777778 -0.11777903 -0.49777778 -0.49777778 -0.49777778 -0.5440584 -0.64 -0.64 -0.64 -0.76111111 -0.76111115 -0.8 -0.8 -0.40449553 -0.40444444
0.33555556 0.33555556 0.24537565 0.19444444 0.19444444 0.19444445 0.33686186 0.44632001 0.44666667 0.44666667 0.35888888 0.35888889 0.35888889 0.35888889 0.35888889 0.38800999 0.20666667 0.20666667 0.20666667 0.20666667 0.30222148 0.30222222 0.30222222 0.30222222 0.40555556 0.40555556 0.40555556 0.40555556 0.40555556 0.037416083 0.34777778 0.34777778 0.34777778 -0.17111111 -0.17111111 -0.1710697 -0.11777778 -0.11777778 -0.35664599 -0.54222219 -0.49777778 -0.49777778 -0.49777778 -0.54359174 -0.64 -0.64 -0.64 -0.69222222 -0.7986571 -0.8 -0.8 -0.40444444 -0.40444444
