interpolatedSpi/03-12|19_2.tif
NCOLS 53
NROWS 52
XLLCORNER -116.03883
YLLCORNER 28.596182
DX 0.49850594
DY 0.49788537
NODATA_VALUE -9999
0.298 0.298 0.1437547 -0.125 0.104 0.006 -0.091 -0.18 -0.44683344 -0.481 -0.454 -0.011 -0.31801268 -0.472 -0.517 -0.517 -0.517 -0.136 -0.232 -0.232 -0.232 -0.23200515 -0.767 -0.4 -0.4 -0.4 -0.70899766 -0.709 -0.709 -0.581 -0.581 -0.581 -0.581 -0.48700002 -0.487 -0.487 -0.487 -0.487 -0.487 -0.48699998 0.075936882 0.081908828 -0.276 -0.276 -0.276 -0.276 -0.27691304 -0.835 -0.835 -0.835 0.21599782 0.216 0.216 
0.29800124 0.326 0.10100065 0.11254759 0.17876141 0.116 0.441 -0.19684211 -0.547 -0.374 0.045 -0.318 -0.318 -0.029480504 -0.47199503 -0.517 -0.136 -0.136 -0.23187483 -0.232 -0.232 -0.232 -0.41510685 -0.4 -0.4 -0.4 -0.41 -0.41 -0.581 -0.581 -0.581 -0.581 -0.581 -0.48700001 -0.487 -0.487 -0.487 -0.487 -0.48699994 -0.35828323 0.26397615 -0.21047524 -0.276 -0.276 -0.276 -0.276 -0.276 -0.835 -0.835 -0.835 -0.74785007 0.216 0.216 
0.46099232 0.461 0.663 0.684 0.093 -0.063 0.111 0.185 -0.227 -0.292 -0.158 -0.333 -0.1 -0.349 -0.028 -0.706 -0.136 -0.136 -0.136 -0.34496715 -0.345 -0.345 -0.687 -0.4 -0.4 -0.4 -0.41 -0.41 -0.41 -0.581 -0.581 -0.58100001 -0.71001522 -0.48554661 -0.47880908 0.38493615 0.393 0.393 0.3767752 0.264 0.264 0.26330948 -0.276 -0.276 -0.276 -0.276 -0.276 -0.835 -0.835 -0.835 -0.835 0.216 0.216 
0.605 0.46099986 -0.24701608 0.458 -0.146 0.147 0.002 -0.357 -0.305 -0.045449187 -0.348 -0.638 -0.264 -0.349 -0.288 -0.706 -0.46188213 -0.45977299 -0.563 -0.345 -0.345 -0.577 -0.687 -0.687 -0.4 -0.40000005 -0.41 -0.41 -0.41 -0.99 -0.91263644 -0.849 -0.849 -0.84899902 0.393 0.393 0.393 0.393 0.264 0.264 0.264 0.26399998 -0.276 -0.276 -0.276 -0.276 -0.276 -0.83499295 -0.835 -0.835 -0.835 0.21597531 0.216 
0.605 0.34399892 -0.247 -0.41614649 -0.146 -0.155 -0.28699082 -0.316 -0.303 -0.36300016 -0.47830479 -0.53298926 -0.458 -0.288 -0.288 -0.56381806 -0.46 -0.46 -0.563 -0.563 -0.34500047 -0.577 -0.574 -0.464 -0.308 -0.30794834 -0.41 -0.41 -0.99 -0.99 -0.849 -0.849 -0.849 -0.78337658 0.393 0.393 0.393 0.264 0.264 0.264 0.264 0.26397442 -0.276 -0.276 -0.276 -0.276 -0.276 -0.28097579 -0.835 -0.83498677 -0.54 -0.54 -0.54 
-1.271 0.236 0.51400002 -0.24 0.142 0.116 -0.329 -0.32733563 -0.451 -0.356 -0.404 -0.531 -0.53099995 -0.735 -0.735 -0.29092805 -0.291 -0.366 -0.366 -0.56299964 -0.631 -0.631 -0.464 -0.308 -0.308 -0.087 -0.989 -0.989 -0.56003897 -0.99 -0.849 -0.849 -0.501 -0.50103061 -0.79397898 -0.748 -0.748 -0.049085302 0.264 0.264 -0.00066948801 -0.00099999891 -0.00099906373 -0.0038898083 0.00096938577 0.00099992616 0.00099999056 0.00099989758 0.045483317 -0.54 -0.54 -0.54 -0.54 
-0.55100364 0.378 0.076190897 0.372 0.603 -0.335 -0.245 -0.293 -0.609 -0.609 -0.404 -0.251 -0.41499993 -0.735 0.0069977771 0.007 -0.291 -0.046 -0.15 -0.15 -0.54947117 -0.458 -0.458 -0.036000004 -0.087 -0.087 -0.989 -0.989 -0.55999662 -0.55993777 -0.22984306 -0.501 -0.501 -0.794 -0.794 -0.43428734 -0.748 -0.748 -0.57600596 -0.0010008005 -0.001 -0.00099999997 -0.00099407184 0.0010022976 0.001 0.001 0.001 0.0010001045 0.176 -0.53985811 -0.54 -0.54 -0.54 
-0.551 -0.79 0.409 -0.232 0.14897816 -0.487 -0.511 -0.45 -0.595 -0.238 -0.238 -0.162 -0.415 -0.415 0.0041046887 -0.0021075697 -0.003 0.113 -0.29999985 -0.15 0.031038245 0.038 -0.14 -0.275 -0.27499933 -0.223 -0.093 -0.093000316 -0.50220324 -0.50199999 -0.229 -0.22264278 -0.522 -0.794 -0.77024184 -0.172 -0.172 -0.576 -0.576 -0.001 -0.001 -0.00099999173 0.41286058 0.41299998 0.001 0.001 0.001 0.17599334 0.176 0.176 -0.54 -0.54 -0.54 
-0.72582433 -0.78999999 0.185 0.729 0.412 -0.33 -0.258 -0.012 -0.495 -0.14811464 -0.238 -0.103 -0.103 -0.011 -0.010996822 -0.26925585 -0.27 -0.27 0.049954913 0.23299994 -0.044 -0.043999999 0.133 -0.03241519 -0.22824023 -0.223 -0.1 -0.093 -0.085046488 -0.085 -0.139 0.193 0.19954468 0.162 0.039 -0.013 -0.144 -0.388 0.083782049 0.0007274804 0.386 0.446 0.41300749 0.413 0.41068104 0.001 0.084999996 0.176 0.176 0.176 0.176 -0.44263518 -0.04 
-0.367 -0.367 -0.154 0.272 -0.093 -0.52 -0.245 -0.195 0.069 -0.060004446 -0.036 -0.197 -0.011 -0.011 0.327 0.31881188 -0.27 -0.26992065 0.03 0.233 0.233 0.19731312 0.133 -0.17099424 -0.171 -0.171 -0.1 0.389 0.389 -0.085 -0.085 0.19302466 0.206 0.162 0.22 -0.013 -0.144 -0.282 0.084 0.85726134 0.446 0.45077541 0.459 0.413 0.413 0.085 0.085 0.085 0.176 0.176 0.242 0.242 0.24199989 
-0.367 -0.367 -0.472 -0.943 -0.604 0.023 -0.3 -0.072210845 -0.257 -0.132 0.212 -0.168 -0.19696112 0.327 0.327 0.3270218 0.516 0.49049244 0.03 0.565 0.565 0.734 0.734 -0.171 -0.171 -0.171 0.389 0.389 0.389 0.149 0.149 0.14900009 0.297 0.297 -0.225 -0.012 0.386 -0.12200024 0.336 0.87 0.87 0.53799974 0.459 0.413 0.52999992 0.455 0.53704473 0.539 0.83 0.83 0.242 0.242 0.242 
-0.367 -0.41248965 -0.6729925 -0.94798865 -0.276 -0.24 -0.3 -0.072 -0.25699846 -0.13338485 -0.16799995 -0.168 0.478 0.327 0.327 0.51599999 0.516 0.51597234 0.03 0.565 0.59818816 0.734 0.734 -0.17096349 -0.171 0.041681556 0.476 0.476 0.47599999 0.149 0.149 0.255 0.255 0.29699857 -0.225 0.53899976 0.30005045 -0.122 -0.122 0.86999999 0.538 0.538 0.53799993 0.53 0.53 0.455 0.539 0.539 0.83 0.83 0.242 0.242 0.242 
-0.557 -0.21093093 -0.1820278 -0.18754087 -0.27599997 -0.24000085 -0.3 -0.074806552 -0.24425161 -0.25373592 0.478 0.478 0.478 0.478 0.32702139 0.516 0.516 0.50972497 0.03 0.56506837 0.813 0.813 0.813 0.813 -0.15381027 0.476 0.476 0.476 0.476 0.47581285 0.255 0.255 0.255 0.255 0.539 0.539 0.539 -0.090161372 -0.11490254 0.823 0.823 0.53801533 0.54699942 0.53000164 0.53 0.455 0.539 0.539 0.83 0.83 0.2441332 0.242 -0.16828448 
-0.557 -0.182 -0.182 -0.182 -0.182 -0.18200002 -0.29984639 -0.19214289 -0.21024007 0.4772116 0.478 0.478 0.478 0.478 0.47800013 0.516 0.51599992 0.48266372 0.030009307 0.813 0.813 0.813 0.813 0.813 0.81321482 0.51675647 0.489 0.489 0.489 0.489 0.25500001 0.255 0.2550007 0.835 0.835 0.539 0.99593011 1.009 0.82300011 0.823 0.823 0.823 0.547 0.547 0.547 0.54635976 0.29259613 0.291 0.291 0.291 0.29100001 0.93099986 0.931 
0.101 -0.182 -0.182 -0.182 -0.182 -0.182 -0.18200001 -0.14850076 0.65723344 0.662 0.662 0.662 0.662 0.662 0.662 0.74428043 0.51960677 0.44945044 0.81290171 0.813 0.813 0.813 0.813 0.8130003 0.823 0.823 0.82299953 0.489 0.489 0.48984703 0.912 0.912 0.835 0.835 0.835 0.98112713 1.009 1.009 1.009 0.823 0.823 0.823 0.547 0.547 0.547 0.547 0.29100001 0.291 0.291 0.291 0.291 0.931 0.931 
0.101 -0.0043576848 -0.182 -0.182 -0.182 -0.182 0.096945242 0.097 0.097000014 0.662 0.662 0.662 0.662 0.662 0.68053099 0.746 0.746 0.746 1.0712109 1.0719997 1.072 1.072 1.072 1.072 0.823 0.823 0.823 0.823 0.489 0.912 0.912 0.912 0.83500001 0.835 0.835 1.081 1.0090953 1.009 1.009 0.82300667 0.83616351 0.86686849 0.547 0.547 0.84806801 0.849 0.849 0.29176612 0.75437504 0.75599996 0.75599991 0.92500087 0.93099999 
0.101 -0.15785586 -0.17339722 -0.182 -0.182 0.096835154 0.097 0.097 0.097 0.10107155 0.662 0.662 0.662 0.66200001 0.746 0.746 0.746 0.746 1.0717088 1.072 1.072 1.072 1.072 1.072 0.82300001 0.823 0.823 0.823 0.82332373 0.912 0.912 0.912 1.317 0.83503666 1.081 1.081 1.081 1.082006 0.87599915 0.867 0.867 0.867 0.921 0.921 0.849 0.849 0.849 0.756 0.756 0.756 0.756 0.925 0.925 
-0.16474814 -0.165 -0.165 -0.165 -0.043 0.096996389 0.097 0.097 0.097 0.097 0.63694037 0.66199569 0.66199999 0.746 0.746 0.746 0.746 0.746 0.76612762 1.072 1.072 1.072 1.072 1.072 1.1002785 1.3359972 1.336 1.336 1.336 0.91200002 1.317 1.317 1.317 1.317 1.081 1.0810024 1.173 1.173 0.87082087 0.867 0.867 0.867 0.921 0.921 0.86014808 0.849 0.849 0.756 0.756 0.756 0.75781212 0.925 0.925 
-0.165 -0.165 -0.165 -0.10754838 -0.043 -0.043 0.097 0.097 0.097 0.097 0.331 0.331 0.331 0.746 0.746 0.746 0.746 0.74598595 0.66 0.66 1.0719998 1.072 1.0712696 1.042 1.0446468 1.336 1.336 1.336 1.336 1.3170019 1.317 1.317 1.317 1.317 1.1729997 1.173 1.173 1.173 1.171943 0.867 0.867 0.867 0.921 0.921 0.921 0.849 0.849 0.75600001 0.756 0.756 0.925 0.925 0.925 
-0.165 -0.165 -0.165 -0.043 -0.043 -0.043 -0.042999786 0.097 0.097 0.33075844 0.331 0.331 0.331 0.33125856 0.6771991 0.661 0.661 0.661 0.66 0.66 0.66 1.042 1.042 1.042 1.042009 1.1985746 1.336 1.336 1.336 1.4109507 1.4319887 1.432 1.432 1.432 1.3124429 1.5079992 1.508 1.508 1.508 1.246948 1.247 1.247 0.921 0.921 1.1799989 1.18 1.138 1.138 1.103 1.103 1.103 0.925 1.0059276 
-0.16499905 -0.165 -0.165 -0.043 -0.043 -0.043 -0.042999998 0.11499999 0.097071971 0.33086036 0.331 0.331 0.331 0.33164755 0.661 0.661 0.661 0.661 0.66 0.66 0.66 1.042 1.042 1.042 1.074 1.074 1.308 1.308 1.308 1.3086765 1.432 1.432 1.432 1.432 1.4699791 1.508 1.508 1.508 1.508 1.247 1.247 1.247 1.2448919 1.18 1.18 1.18 1.138 1.138 1.103 1.103 1.103 1.006 1.006 
0.14 0.0057102393 0.142 0.14194633 -0.043 0.11408582 0.115 0.115 0.18350318 0.177 0.177 0.177 0.177 0.41499225 0.415 0.66099981 0.661 0.66097365 0.66 0.66 0.66 0.777 0.777 0.777 1.074 1.074 1.308 1.308 1.308 1.3080001 1.4809997 1.4809999 1.4332315 1.4320525 1.4000375 1.4 1.4 1.4 1.4 1.247 1.247 1.247 1.183689 1.18 1.18 1.1799999 1.138 1.138 1.1379987 1.103 1.1029919 0.921 1.006 
0.35095993 0.35099996 0.142 0.142 0.142 0.115 0.115 0.115 0.303 0.303 0.177 0.177 0.177 0.415 0.415 0.415 0.415 0.41502812 0.66 0.66 0.66 0.777 0.777 0.777 1.074 1.074 1.308 1.308 1.308 1.4790494 1.481 1.481 1.481 1.481 1.40004 1.4 1.4 1.4 1.4 0.96900007 0.969 0.969 0.969 1.1799957 0.621 0.621 0.621 0.749 0.749 0.749 0.921 0.921 0.921 
0.351 0.351 0.142 0.142 0.142 0.11514192 0.115 0.303 0.303 0.303 0.17701551 0.177 0.15902326 0.41499994 0.415 0.415 0.415 0.258 0.258 0.258 0.43100001 0.43100026 0.77699831 0.777 0.77717588 0.933 0.933 0.93300089 1.3079394 1.3390283 1.3390008 1.3390248 1.4807573 1.4808775 1.414333 1.3999997 1.3973324 0.604 0.604 0.969 0.969 0.969 0.969 0.621 0.621 0.621 0.621 0.749 0.749 0.749 0.921 0.921 0.921 
0.351 0.351 0.142 0.142 0.142 0.142 0.18536291 0.303 0.303 0.303 0.30291825 0.155 0.155 0.155 0.41346776 0.415 0.25904621 0.258 0.258 0.258 0.431 0.431 0.431 0.431 0.933 0.933 0.933 0.933 0.933 1.339 1.339 1.339 1.339 1.3389995 1.109 0.604 0.604 0.604 0.604 0.60399981 0.486 0.486 0.486 0.49055656 0.5 0.5 0.5 0.74899999 0.74899982 0.566 0.566 0.86301411 0.863 
0.351 0.351 0.21743432 0.142 0.142 0.14200001 0.38784916 0.30326787 0.303 0.303 0.15500005 0.155 0.155 0.155 0.155 0.17632668 0.258 0.258 0.258 0.258 0.43099866 0.431 0.431 0.431 0.933 0.933 0.933 0.933 0.933 0.78699956 1.339 1.339 1.339 1.109 1.109 1.1086079 0.604 0.604 0.69798401 0.77099998 0.486 0.486 0.486 0.49067803 0.5 0.5 0.5 0.475 0.56486615 0.566 0.566 0.863 0.863 
0.56 0.56 0.56 0.24680409 0.14276112 0.388 0.388 0.388 0.388 0.385 0.385 0.15500002 0.155 0.155 0.155 0.15500652 0.258 0.258 0.258 0.258 0.35550841 0.431 0.431 0.42804274 0.34538525 0.933 0.933 0.933 0.592 0.592 0.592 0.59200314 1.109 1.109 1.109 1.109 0.771 0.771 0.771 0.771 0.461 0.461 0.461 0.55099819 0.551 0.551 0.55099998 0.475 0.475 0.56588912 0.566 0.86299885 0.863 
0.56 0.56 0.56 0.5600056 0.664 0.62386507 0.388 0.388 0.388 0.385 0.385 0.385 0.080000004 0.08 0.08 0.080000003 0.25779117 0.258 0.258 0.258 0.26061713 0.31800031 0.318 0.318 0.318 0.318 0.034000007 0.034 0.592 0.592 0.592 0.592 1.1089998 1.109 1.109 1.1089727 0.771 0.771 0.771 0.77111406 0.461 0.461 0.461 0.55099583 0.551 0.551 0.551 0.475 0.475 0.47500002 0.635 0.635 0.642 
0.56 0.56 0.56 0.66399976 0.664 0.664 0.3880001 0.388 0.388 0.385 0.385 0.385 0.08 0.08 0.08 0.084874211 0.144 0.144 0.14400029 0.2573561 0.318 0.318 0.318 0.318 0.318 0.31778628 0.034 0.034 0.034000001 0.592 0.592 0.59189701 0.774 0.774 0.774 0.627 0.627 0.797 0.797 0.797 0.759 0.46109347 0.4610019 0.716 0.716 0.70974669 0.55100031 0.475 0.475 0.635 0.635 0.635 0.642 
0.56 0.56 0.56 0.664 0.664 0.664 0.664 0.388 0.388 0.385 0.385 0.092195601 0.08 0.08 0.08 0.144 0.144 0.144 0.144 0.144 0.318 0.318 0.318 0.318 0.318 0.034000969 0.034 0.034 0.034 0.432 0.432 0.432 0.774 0.774 0.774 0.627 0.627 0.797 0.797 0.759 0.759 0.759 0.716 0.716 0.716 0.716 0.71616429 0.718 0.718 0.718 0.635 0.699 0.699 
0.56 0.56 0.56014482 0.664 0.664 0.664 0.664 0.4697896 0.46 0.45987124 0.38499999 0.080000085 0.08 0.08 0.080000221 0.144 0.144 0.144 0.144 0.144 0.22880234 0.318 0.318 0.318 0.31792585 0.033995724 0.034 0.034 0.034 0.432 0.432 0.432 0.43204754 0.774 0.627 0.627 0.627 0.62700687 0.79699741 0.759 0.759 0.759 0.71600261 0.716 0.716 0.716 0.71800032 0.718 0.718 0.718 0.699 0.699 0.699 
0.238 0.23800056 0.66393026 0.664 0.664 0.664 0.46004341 0.46 0.46 0.46 0.08100001 0.081 0.081 0.081 0.14370923 0.144 0.144 0.144 0.144 0.22499995 0.225 0.225 -0.04199994 -0.042 -0.042 -0.042 -0.035440222 0.034 0.20899283 0.209 0.209 0.209 0.209 0.461 0.461 0.461 0.461 0.461 0.724 0.724 0.724 0.724 0.724 0.74994875 0.75 0.75 0.75 0.718 0.718 0.718 0.69900299 0.699 0.699 
0.238 0.238 0.2373387 0.15900102 0.15900011 0.15929378 0.46 0.46 0.46 0.46 0.081 0.081 0.081 0.081 0.081 0.144 0.144 0.144 0.22499998 0.225 0.225 0.225 -0.041999999 -0.042 -0.042 -0.042 -0.042 -0.04198367 0.20893049 0.209 0.209 0.209 0.20897208 0.461 0.461 0.461 0.461 0.461 0.724 0.724 0.724 0.724 0.724 0.75 0.75 0.75 0.75 0.73503617 0.718 0.79908513 0.8 0.598 0.598 
0.238 0.238 0.15901001 0.159 0.159 0.159 0.23545273 0.46 0.46 0.46 0.081 0.081 0.081 0.081 0.081 0.14395045 0.144 0.22497625 0.225 0.225 0.225 0.225 0.05691188 -0.042 -0.042 -0.042 -0.042 -0.041949586 0.029 0.029 0.029 0.029 0.029 0.461 0.461 0.461 0.461 0.461 0.939 0.939 0.939 0.939 0.939 0.75039555 0.75000008 0.75 0.75002746 0.7533114 0.8 0.8 0.8 0.59800113 0.598 
0.23800003 0.25368806 0.15900001 0.159 0.159 0.159 0.159 0.45987184 0.46 0.46 0.081000001 0.081 0.081 0.081 -0.03437906 -0.037 -0.037 0.22499326 0.225 0.225 0.225 0.225 0.22499996 -0.042 -0.042 -0.042 -0.042 0.36999967 0.36999984 0.29742691 0.029 0.029 0.029 0.461 0.461 0.461 0.461 0.46111514 0.939 0.939 0.939 0.939 0.93901471 0.912 0.912 0.912 0.912 0.91199097 0.8 0.8 0.8 0.80000008 0.92708104 
0.254 0.254 0.22325821 0.159 0.159 0.159 0.159 0.159 0.45987043 -0.045999992 -0.046 -0.046 -0.045698603 -0.03699983 -0.037 -0.037 -0.037 -0.037 0.22499874 0.21422989 0.12 0.12 0.12 0.079913422 -0.021110506 0.090665215 0.18506824 0.37 0.37 0.37 0.37 0.37 0.35919877 0.62950727 0.631 0.631 0.631 0.631 0.97506769 1.1309997 1.131 1.131 1.131 1.0669995 0.91200004 0.912 0.912 0.913 0.80000181 0.8 0.8 0.932 0.932 
0.254 0.254 0.165 0.165 0.165 0.159002 0.159 0.159 -0.046 -0.046 -0.046 -0.046 -0.046 -0.037 -0.037 -0.037 -0.037 -0.037 0.12 0.12 0.12 0.12 0.12 0.21899999 0.219 0.219 0.219 0.37 0.37 0.37 0.37 0.37 0.498 0.498 0.631 0.631 0.631 0.67999166 0.68 1.131 1.131 1.131 1.1309999 1.067 1.067 1.067 0.913 0.913 0.913 0.956 0.956 0.932 0.932 
0.254 0.254 0.165 0.165 0.165 0.165 0.16499985 0.138 -0.045826758 -0.046 -0.046 -0.046 -0.046 -0.037112267 -0.037 -0.037 -0.037 -0.037 0.12 0.12 0.12 0.12 0.12 0.219 0.219 0.219 0.219 0.21900063 0.37 0.37 0.37 0.49799329 0.498 0.498 0.498 0.631 0.68 0.68 0.68 0.69186666 0.832575 0.777 0.777 1.067 1.067 1.067 0.913 0.913 0.913 0.956 0.956 0.956 0.73636527 
0.396 0.39599889 0.165 0.165 0.165 0.165 0.138 0.138 0.138 -0.046 -0.046 -0.046 -0.046 -0.045997202 -0.037 -0.037 -0.037 -0.037 0.11999723 0.12 0.12 0.12 0.20155889 0.219 0.219 0.219 0.219 0.43099983 0.431 0.431 0.37065948 0.498 0.498 0.498 0.49799967 0.15500001 0.68 0.68 0.68 0.68 0.777 0.777 0.777 0.878 0.878 0.878 0.71601919 0.913 0.913 0.956 0.956 0.956 0.71600001 
0.396 0.396 0.165 0.165 0.165 0.138 0.138 0.138 0.138 -0.025827596 -0.046 -0.046 -0.046 -0.045999513 0.077986765 0.078 0.078 0.078 -0.0079015134 0.107 0.107 0.107 0.107 0.219 0.219 0.219 0.21901398 0.431 0.431 0.431 0.431 0.4979424 0.30507242 0.155 0.155 0.155 0.67892687 0.39300598 0.393 0.393 0.77687389 0.616 0.616 0.878 0.878 0.87799931 0.716 0.716 0.799 0.799 0.799 0.745 0.721 
0.396 0.396 0.085 0.085 0.085 0.138 0.138 0.138 0.138 0.052 0.052 0.052 0.052 0.053832281 0.078 0.078 0.078 0.078 -0.012 0.107 0.107 0.107 0.107 0.043 0.04300007 0.21899974 0.431 0.431 0.431 0.431 0.2715233 0.116 0.15035953 0.155 0.155 0.155 0.393 0.393 0.393 0.393 0.616 0.616 0.616 0.58301041 0.583 0.71540217 0.716 0.716 0.79899943 0.799 0.745 0.745 0.721 
0.396 0.085000002 0.085 0.085 0.085 0.085 0.13888497 0.252 0.252 0.052 0.052 0.052 0.052 0.052006158 0.078 0.078 0.078 0.073933514 -0.012 -0.012 0.107 0.107 0.043 0.043 0.043 0.043 0.431 0.431 0.431 0.431 0.116 0.116 0.116 0.15496054 0.155 0.155 0.393 0.393 0.393 0.393 0.616 0.616 0.616 0.583 0.583 0.58298346 0.291 0.291 0.684 0.684 0.745 0.745 0.721 
0.087920677 0.085 0.085 0.085 0.085 0.085 0.252 0.252 0.252 0.14495164 0.052 0.052 0.052 0.052004454 0.078 0.078 0.078 -0.012 -0.012 -0.012 0.10699405 0.10699961 0.043 0.043 0.043 0.043 0.43097242 0.431 0.431 0.11607244 0.116 0.116 0.116 0.116 0.15473844 0.039 0.039 0.045126585 0.393 0.393 0.6159998 0.616 0.58395948 0.583 0.583 0.29100011 0.291 0.291 0.684 0.684 0.549 0.549 0.759 
0.085 0.085 0.085 0.085 0.085 0.085 0.252 0.252 0.252 0.252 0.27999343 0.28 0.28 0.28 0.078000498 0.14466503 0.182 0.182 -0.011642362 -0.012 -0.011999977 0.043000093 0.043 0.043 0.043 0.043 0.043282098 0.431 0.43098923 0.116 0.116 0.116 0.116 0.116 0.039 0.039 0.039 0.039 0.039 0.039001445 0.113 0.113 0.11299996 -0.007 -0.007 -0.007 0.289 0.289 0.321 0.321 0.549 0.54900046 0.759 
0.085 0.085 0.085 0.085 0.085 0.085 0.252 0.252 0.252 0.28 0.28 0.28 0.28 0.28 0.25416743 0.182 0.182 0.182 0.182 0.182 0.17273714 0.043 0.043 0.043 0.043000001 0.049311603 0.24368504 0.40553548 0.11755342 0.116 0.116 0.116 0.116 0.11599983 0.039 0.039 0.039 0.039 0.039 0.073424628 0.113 0.113 0.113 -0.007 -0.007 -0.007 0.289 0.289 0.321 0.321 0.342 0.73599645 0.759 
0.085 0.085 0.085 0.085 0.085 0.08500005 0.25199996 0.252 0.25316216 0.28 0.28 0.28 0.28 0.28 0.27529932 0.182 0.182 0.182 0.182 0.182 0.182 0.2130754 0.24399972 0.244 0.244 0.244 0.244 0.244 -0.26946161 -0.27699535 -0.27699999 -0.277 -0.277 -0.27699977 0.039 0.039 0.039 0.039 0.039 0.11299999 0.113 0.113 0.113 0.11299995 -0.0068428843 0.091 0.28899998 0.13176798 0.32083177 0.342 0.342 0.34166741 0.326 
0.085 0.085 0.085 0.085 0.085 0.085010668 0.25199099 0.25200169 0.27999996 0.28 0.28 0.28 0.28 0.28 0.27813527 0.182 0.182 0.182 0.182 0.182 0.182 0.244 0.244 0.244 0.244 0.244 0.244 0.244 -0.27685618 -0.277 -0.277 -0.277 -0.277 -0.277 -0.19041603 0.039 0.039 0.039 0.039 0.113 0.113 0.113 0.113 0.11299436 0.091 0.091 0.091238166 0.129 0.129 0.342 0.342 0.326 0.326 
0.085 0.085 0.085 0.085 0.085000001 0.085222717 0.25180255 0.27684038 0.28 0.28 0.28 0.28 0.28 0.28 0.27828434 0.182 0.182 0.182 0.182 0.182 0.19082767 0.244 0.244 0.244 0.244 0.244 0.244 0.244 -0.27699791 -0.277 -0.277 -0.277 -0.277 -0.277 -0.277 -0.10232496 -0.3219958 -0.44211278 -0.46037604 0.11589254 0.113 0.113 0.113 0.091001757 0.091 0.092014763 0.26099937 0.129 0.129 0.18101134 0.181 0.181 0.32599993 
0.085 0.085 0.085 0.085 0.085000169 0.086392727 0.2532508 0.2799923 0.28 0.28 0.28 0.28 0.28 0.28 0.27771155 0.182 0.182 0.182 0.182 0.182 0.24399973 0.244 0.244 0.244 0.244 0.244 0.244 0.244 -0.27699986 -0.277 -0.277 -0.277 -0.277 -0.277 -0.27700004 -0.47 -0.47 -0.47 -0.47 0.158 0.158 0.158 0.158 0.26099951 0.261 0.261 0.261 0.26099966 0.233 0.233 0.181 0.181 0.074173218 
0.085 0.085 0.085 0.085000013 0.085004664 0.089546516 0.27779153 0.27999963 0.28 0.28 0.28 0.28 0.28 0.28 0.27667328 0.18200004 0.182 0.182 0.182 0.18237315 0.244 0.244 0.244 0.244 0.244 0.244 0.244 0.244 -0.27699988 -0.277 -0.277 -0.277 -0.277 -0.277 -0.46999982 -0.47 -0.47 -0.47 -0.47 0.158 0.158 0.158 0.158 0.18579926 0.261 0.261 0.261 0.23300031 0.233 0.233 0.027 0.027 0.027 
0.085 0.085 0.085000008 0.085000379 0.08504578 0.1032986 0.27986173 0.27999991 0.28 0.28 0.28 0.28 0.28 0.27999999 0.27526681 0.1820023 0.182 0.182 0.18200007 0.24274378 0.244 0.244 0.244 0.244 0.244 0.244 0.244 0.244 -0.27699951 -0.277 -0.277 -0.277 -0.277 -0.40730348 -0.47 -0.47 -0.47 -0.47 -0.47 0.158 0.158 0.158 0.158 0.158 0.261 0.261 0.261 0.233 0.233 0.233 0.027 0.027 0.027 
0.085000002 0.085000011 0.085000158 0.08500448 0.085281655 0.19720915 0.27997165 0.27999994 0.28 0.28 0.28 0.28 0.28 0.27999982 0.27359465 0.18203579 0.182 0.182 0.182321 0.24399473 0.244 0.244 0.244 0.244 0.244 0.244 0.244 0.2439997 -0.27699674 -0.277 -0.27700013 -0.43935163 -0.455 -0.455 -0.455 -0.47 -0.47 -0.47 -0.47 0.158 0.158 0.158 0.158 0.158 0.26099817 0.261 0.26099999 0.233 0.233 0.23299989 0.027 0.027 0.027 
