interpolatedSpi/03-11|22_2.tif
NCOLS 53
NROWS 52
XLLCORNER -116.03883
YLLCORNER 28.596182
DX 0.49850594
DY 0.49788537
NODATA_VALUE -9999
[rows 0 to 25 of 52, columns 0 to 52 of 53]
-0.16888889 -0.16888889 -0.45541975 -0.66111111 -0.19777778 -0.22222222 -0.37333333 -0.34444444 -0.49848478 -0.45111111 -0.59333333 -0.31222222 -0.46664873 -0.24888889 -0.30444444 -0.30444444 -0.30444444 0.18333333 0.041111111 0.041111111 0.041111111 0.041104122 -0.68444444 0.047777778 0.047777778 0.047777778 -0.15444639 -0.15444444 -0.15444444 -0.25888889 -0.25888889 -0.25888889 -0.25888889 0.31777766 0.31777778 0.31777778 0.31777778 0.31777778 0.31777778 0.31777779 0.66734627 0.67086515 -0.29555556 -0.29555556 -0.29555556 -0.29555556 -0.29532689 -0.15555556 -0.15555556 -0.15555556 0.38777665 0.38777778 0.38777778
-0.16891688 -0.79888889 -0.52888887 -0.48148675 -0.37681115 -0.28444444 -0.35666667 -0.17366613 -0.47555556 -0.61777778 -0.49888889 -0.46666667 -0.46666667 -0.028515066 -0.24888671 -0.30444444 0.18333333 0.18333333 0.04129655 0.041111111 0.041111111 0.041111111 0.040934956 0.047777778 0.047777778 0.047777778 -0.19777776 -0.19777778 -0.25888889 -0.25888889 -0.25888889 -0.25888889 -0.25888889 0.31777769 0.31777778 0.31777778 0.31777778 0.31777778 0.3177778 0.43252144 1.0366113 -0.1339012 -0.29555556 -0.29555556 -0.29555556 -0.29555556 -0.29555556 -0.15555556 -0.15555556 -0.15555556 -0.11050184 0.38777778 0.38777778
-0.26554732 -0.26555556 -0.51111111 -0.036666667 -0.48 -0.54222222 -0.35222222 -0.30111111 -0.93 -0.40777778 -0.59111111 -0.65444444 -0.55888889 0.2 -0.027777778 -0.49888889 0.18333333 0.18333333 0.18333333 0.04777584 0.047777778 0.047777778 -0.082222222 0.047777778 0.047777778 0.047777778 -0.19777778 -0.19777778 -0.19777778 -0.25888889 -0.25888889 -0.25888889 -0.22519088 0.31798409 0.32074595 0.63374454 0.63666667 0.63666667 0.68697612 1.0366667 1.0366667 1.0349631 -0.29555556 -0.29555556 -0.29555556 -0.29555556 -0.29555556 -0.15555556 -0.15555556 -0.15555556 -0.15555555 0.38777778 0.38777778
-0.32888889 -0.26555554 -0.19448819 0.38777778 -0.70222222 -0.28888889 -0.38666667 -0.69333333 -0.39111111 -0.1276058 -0.25555556 -0.26666667 -0.35888889 0.2 -0.54111111 -0.49888889 -0.6753065 -0.6760641 -0.90777778 0.047777778 0.047777778 -0.52777778 -0.082222222 -0.082222222 0.047777778 0.047776551 -0.19777778 -0.19777778 -0.19777778 -0.53666667 -0.34584875 -0.18888889 -0.18888889 -0.18888824 0.63666667 0.63666667 0.63666667 0.63666667 1.0366667 1.0366667 1.0366667 1.0366666 -0.29555556 -0.29555556 -0.29555556 -0.29555556 -0.29555556 -0.15555732 -0.15555556 -0.15555556 -0.15555556 0.38776987 0.38777778
-0.32888889 0.21888813 -0.19444444 -0.18975001 -0.70222222 -0.60666667 -0.21445426 0.20555556 -0.35111111 0.29333307 -0.0032959855 -0.14334193 -0.20333333 -0.54111111 -0.54111111 -0.51565342 -0.67666667 -0.67666667 -0.90777778 -0.90777778 0.047776586 -0.52777778 0.27777778 0.031111111 -0.10666667 -0.10655313 -0.19777778 -0.19777778 -0.53666667 -0.53666667 -0.18888889 -0.18888889 -0.18888889 -0.13692636 0.63666667 0.63666667 0.63666667 1.0366667 1.0366667 1.0366667 1.0366667 1.0366246 -0.29555554 -0.29555556 -0.29555556 -0.29555556 -0.29555556 -0.29430938 -0.15555556 -0.15554205 0.14555556 0.14555556 0.14555556
-1.9411111 -0.40111111 -0.19888889 -0.14555556 -0.52777778 -0.30111111 -0.47111111 -0.3844784 0.041111111 -0.50666667 -0.69111111 -0.23666667 -0.23666664 -0.25 -0.25 -0.6099155 -0.61 -0.52222222 -0.52222222 -0.90777705 -0.94222222 -0.94222222 0.031111111 -0.10666667 -0.10666667 0.37888889 -0.051111111 -0.051111111 0.11216276 -0.53666667 -0.18888889 -0.18888889 0.086666667 0.086728314 0.67662448 0.91333333 0.91333333 0.99851068 1.0366667 1.0366667 0.60165434 0.60111111 0.60111333 0.15959868 0.16772657 0.16777765 0.16777776 0.1677776 0.17836845 0.14555556 0.14555556 0.14555556 0.14555556
-1.1811164 -0.70333333 -0.44250132 -0.22 -0.24777778 -0.70888889 -0.28222222 -0.33111111 -0.25333333 -0.25333333 -0.69111111 -0.16444444 -0.731111 -0.25 -0.25999997 -0.26 -0.61 -0.10111111 -0.078888889 -0.078888889 -0.80450815 -0.65 -0.65 0.19777777 0.37888889 0.37888889 -0.051111111 -0.051111111 0.11219859 0.11178709 0.39453854 0.086666667 0.086666667 0.67666667 0.67666667 1.0125789 0.91333333 0.91333333 0.9188887 0.60111155 0.60111111 0.60111111 0.60112293 0.16777969 0.16777778 0.16777778 0.16777778 0.16777779 0.19555556 0.14556546 0.14555556 0.14555556 0.14555556
-1.1811111 -0.084444444 -0.018888889 -0.91 -0.59224044 -0.51111111 -0.55333333 -0.26888889 -0.45888889 -0.29222222 -0.29222222 -0.30888889 -0.73111111 -0.73111111 -0.26323226 -0.60406374 -0.63777778 -0.057777778 -0.56555506 -0.078888889 -0.016494496 0.044444444 -0.57555556 0.097777775 0.09777441 -0.16333333 0.005555556 0.0055555355 -0.29191221 -0.29333332 0.39666667 0.0015170188 0.32111111 0.67666667 0.6814202 1.0955556 1.0955556 0.91888889 0.91888889 0.60111111 0.60111111 0.60111113 0.51252627 0.50999998 0.16777778 0.16777778 0.16777778 0.1955545 0.19555556 0.19555556 0.14555556 0.14555556 0.14555556
-0.2348114 -0.084444447 0.18666667 -0.23111111 -0.34555556 -0.48777778 -0.26 0.28222222 -0.16555556 -0.080495544 -0.17333333 -0.41 -0.41 0.2 0.19999366 -0.81062802 -0.81111111 -0.81111111 -0.13529084 -0.33111118 -0.67333333 -0.67333333 0.10777778 -0.30626512 -0.13702023 -0.16333333 0.12777778 0.0055555556 0.28724244 0.28888889 -0.087777778 0.93555556 0.50185274 0.30222222 0.84333333 0.86333333 1.1588889 0.41666667 1.3240253 0.60527234 1.5333333 0.90111111 0.51006458 0.51 0.50807379 0.16777778 0.22222222 0.19555556 0.19555556 0.19555556 0.19555556 0.14984414 -0.10666667
-1.0755556 -1.0755556 0.27555556 -0.0077777778 -0.43 -0.091111111 -0.19333333 -0.23555556 -0.16111111 -0.058928958 0.034444444 0.47 0.2 0.2 -0.47444444 -0.47906198 -0.81111111 -0.81098075 -0.23555556 -0.33111111 -0.33111111 -0.37520082 0.10777778 0.092222517 0.092222222 0.092222222 0.12777778 0.41888889 0.41888889 0.28888889 0.28888889 0.93392236 0.074444444 0.30222222 0.59111111 0.86333333 1.1588889 1.1288889 1.3244444 0.66202379 0.90111114 0.90315189 0.90666667 0.51 0.51 0.22222222 0.22222222 0.22222222 0.19555556 0.19555556 0.18 0.18 0.17999989
-1.0755556 -1.0755556 -0.21888889 -0.52 -0.54333333 -0.31888889 -0.46888888 0.12542515 0.14888889 0.14666667 -0.17666667 -0.24555556 0.46904698 -0.47444444 -0.47444444 -0.47442022 -0.26444444 -0.26292822 -0.23555556 -0.28444444 -0.28444444 -0.43666667 -0.43666667 0.092222222 0.092222222 0.092222222 0.41888889 0.41888889 0.41888889 -0.32888889 -0.32888889 -0.32888822 0.35888889 0.35888889 0.26333333 -0.043333333 1.0277778 0.74777876 0.95777778 0.65111111 0.65111111 0.44222375 0.90666667 0.51 0.44888876 0.26222222 0.65479562 0.65666667 0.76555556 0.76555556 0.18 0.18 0.18
-1.0755556 -0.70569522 -0.34738374 -0.57776973 0.15888889 -0.47111111 -0.46888889 0.12555556 0.14888869 0.14669129 -0.24555505 -0.24555556 -0.23444444 -0.47444444 -0.47444444 -0.26444445 -0.26444444 -0.2644428 -0.23555556 -0.28444444 -0.31433779 -0.43666667 -0.43666667 0.092201162 0.092222222 0.073960024 0.036666667 0.036666667 0.036666715 -0.32888889 -0.32888889 -0.24888889 -0.24888889 0.35888863 0.26333333 0.36888895 1.001408 0.74777778 0.74777778 0.6511111 0.44222222 0.44222222 0.44222234 0.44888889 0.44888889 0.26222222 0.65666667 0.65666667 0.76555556 0.76555556 0.18 0.18 0.18
-0.01 -0.039503914 -0.020018292 -0.02403155 0.15888553 -0.47109624 -0.46888889 0.11823829 0.14728098 0.14883086 -0.23444444 -0.23444444 -0.23444444 -0.23444444 -0.47441045 -0.26444444 -0.26444444 -0.26407144 -0.23555556 -0.28441746 -0.19222222 -0.19222222 -0.19222222 -0.19222222 0.087364422 0.036666667 0.036666667 0.036666667 0.036666667 0.036424543 -0.24888889 -0.24888889 -0.24888889 -0.24888889 0.36888889 0.36888889 0.36888889 0.72964378 0.74266227 0.066666667 0.066666667 0.44220202 0.237785 0.44886856 0.44888889 0.26222222 0.65666667 0.65666667 0.76555555 0.76555556 0.18212433 0.18 0.57650998
-0.01 -0.02 -0.02 -0.02 -0.02 -0.020000186 -0.46889449 -0.18761686 0.14299123 -0.23403162 -0.23444444 -0.23444444 -0.23444444 -0.23444444 -0.2344442 -0.26444445 -0.26444444 -0.26246286 -0.23555582 -0.19222222 -0.19222222 -0.19222222 -0.19222222 -0.19222222 -0.18861854 -0.030591464 -0.067777756 -0.067777778 -0.067777778 -0.067777778 -0.24888889 -0.24888889 -0.24888905 -0.38444444 -0.38444444 0.36888889 -0.049153552 -0.061111111 0.066666593 0.066666667 0.066666667 0.066666667 0.23777778 0.23777778 0.23777778 0.23794789 0.64885757 0.64888889 0.64888889 0.64888889 0.64888889 0.85888875 0.85888889
0.33666667 -0.02 -0.02 -0.02 -0.02 -0.02 -0.020000029 -0.27680848 0.11115953 0.11111111 0.11111111 0.11111111 0.11111111 0.11111111 0.11111111 0.15025531 -0.25784721 -0.2604885 -0.19222768 -0.19222222 -0.19222222 -0.19222222 -0.19222222 -0.1922218 -0.025555556 -0.025555556 -0.025555615 -0.067777778 -0.067777778 -0.068140442 -0.24888889 -0.24888889 -0.38444444 -0.38444444 -0.38444444 -0.11290561 -0.061111111 -0.061111111 -0.061111111 0.066666667 0.066666667 0.066666667 0.23777778 0.23777778 0.23777778 0.23777778 0.64888888 0.64888889 0.64888889 0.64888889 0.64888889 0.85888889 0.85888889
0.33666667 0.20388372 -0.02 -0.02 -0.02 -0.02 -0.14664181 -0.14666667 -0.14666666 0.11111111 0.11111111 0.11111111 0.11111111 0.11111111 0.11993539 0.15111111 0.15111111 0.15111111 0.17332795 0.17444407 0.17444444 0.17444444 0.17444444 0.17444444 -0.025555556 -0.025555556 -0.025555556 -0.025555556 -0.067777778 -0.24888889 -0.24888889 -0.24888889 -0.38444443 -0.38444444 -0.38444444 -0.10888889 -0.06117437 -0.061111111 -0.061111111 0.066599881 -0.066630503 -0.37755722 0.23777778 0.23777778 -0.15434171 -0.15555556 -0.15555556 0.64731266 -0.30554189 -0.30888881 -0.30888871 -0.0076466719 0.85888713
0.33666667 -0.18450523 -0.11052601 -0.02 -0.02 -0.14659183 -0.14666667 -0.14666667 -0.14666667 -0.14480905 0.11111111 0.11111111 0.11111111 0.11111112 0.15111111 0.15111111 0.15111111 0.15111111 0.1744236 0.17444444 0.17444444 0.17444444 0.17444444 0.17444444 -0.025555551 -0.025555556 -0.025555556 -0.025555556 -0.026367898 -0.24888889 -0.24888889 -0.24888889 -0.22333333 -0.38441253 -0.10888889 -0.10888889 -0.10888889 -0.11035101 -0.35876739 -0.37888889 -0.37888889 -0.37888889 -0.40111111 -0.40111111 -0.15555556 -0.15555556 -0.15555556 -0.30888889 -0.30888889 -0.30888889 -0.30888889 -0.0077777778 -0.0077777778
-0.19847187 -0.19888889 -0.19888889 -0.19888889 -0.40888889 -0.14667343 -0.14666667 -0.14666667 -0.14666667 -0.14666667 0.13609471 0.11111541 0.11111112 0.15111111 0.15111111 0.15111111 0.15111111 0.15111111 0.14347105 0.17444444 0.17444444 0.17444444 0.17444444 0.17444444 -0.13312051 -0.47666422 -0.47666667 -0.47666667 -0.47666667 -0.24888889 -0.22333333 -0.22333333 -0.22333333 -0.22333333 -0.10888889 -0.1088924 -0.24222222 -0.24222222 -0.3771824 -0.37888889 -0.37888889 -0.37888889 -0.40111111 -0.40111111 -0.19357601 -0.15555556 -0.15555556 -0.30888889 -0.30888889 -0.30888889 -0.30566019 -0.0077777778 -0.0077777778
-0.19888889 -0.19888889 -0.19888889 -0.29778102 -0.40888889 -0.40888889 -0.14666667 -0.14666667 -0.14666667 -0.14666667 0.44111111 0.44111111 0.44111111 0.15111111 0.15111111 0.15111111 0.15111111 0.15110432 0.0011111111 0.0011111112 0.17444437 0.17444444 0.16405691 -0.25222222 -0.2542428 -0.47666667 -0.47666667 -0.47666667 -0.47666667 -0.22335913 -0.22333333 -0.22333333 -0.22333333 -0.22333333 -0.24222175 -0.24222222 -0.24222222 -0.24222222 -0.24271893 -0.37888889 -0.37888889 -0.37888889 -0.40111111 -0.40111111 -0.40111111 -0.15555556 -0.15555556 -0.30888889 -0.30888889 -0.30888889 -0.007777778 -0.0077777778 -0.0077777778
-0.19888889 -0.19888889 -0.19888889 -0.40888889 -0.40888889 -0.40888889 -0.40888849 -0.14666667 -0.14666667 0.44050436 0.44111111 0.44111111 0.44111111 0.44093043 0.11783486 0.11 0.11 0.11 0.0011111111 0.0011111111 0.0011111111 -0.25222222 -0.25222222 -0.25222222 -0.2522714 -0.45102326 -0.47666667 -0.47666667 -0.47666667 -0.41531991 -0.45219971 -0.45222222 -0.45222222 -0.45222222 -0.35830164 -0.52111048 -0.52111111 -0.52111111 -0.52111111 -0.70217798 -0.70222222 -0.70222222 -0.40111111 -0.40111111 -0.48999963 -0.48999989 -0.18444444 -0.18444444 -0.20888889 -0.20888889 -0.20888889 -0.0077777778 0.20203446
-0.19888923 -0.19888889 -0.1988889 -0.40888889 -0.40888889 -0.40888889 -0.40888889 -0.37888882 -0.14759518 0.44060029 0.44111111 0.44111111 0.44111111 0.44046138 0.11 0.11 0.11 0.10999997 0.0011111111 0.0011111111 0.0011111111 -0.25222222 -0.25222222 -0.25222222 -0.42777778 -0.42777778 -0.57 -0.57 -0.57 -0.56935749 -0.45222222 -0.45222222 -0.45222222 -0.45222222 -0.48664781 -0.52111111 -0.52111111 -0.52111111 -0.52111111 -0.70222222 -0.70222222 -0.70222222 -0.6955449 -0.49 -0.49 -0.49 -0.18444444 -0.18444444 -0.20888889 -0.20888889 -0.20888889 0.20222221 0.20222222
-0.30777778 -0.26440091 -0.55444444 -0.55440222 -0.40888889 -0.37906247 -0.37888889 -0.37888889 -0.3323294 -0.12222223 -0.12222222 -0.12222222 -0.12222222 0.14776899 0.14777778 0.11000003 0.11 0.10713094 0.0011111111 0.0011111111 0.0011111111 -0.61666667 -0.61666667 -0.61666667 -0.42777778 -0.42777778 -0.57 -0.57 -0.57 -0.57000026 -0.92777476 -0.92777644 -0.4641746 -0.45273205 -0.86064414 -0.86111111 -0.86111111 -0.86111111 -0.86111111 -0.70222222 -0.70222222 -0.70222222 -0.5016857 -0.49 -0.49 -0.49 -0.18444444 -0.18444444 -0.18444532 -0.20888889 -0.20887811 0.032222222 0.20222222
-0.35332468 -0.35333337 -0.55444444 -0.55444444 -0.55444444 -0.37888889 -0.37888889 -0.37888889 -0.25111111 -0.25111111 -0.12222222 -0.12222222 -0.12222222 0.14777778 0.14777778 0.14777778 0.14777778 0.14776136 0.0011111111 0.0011111111 0.0011110874 -0.61666667 -0.61666667 -0.61666667 -0.42777778 -0.42777778 -0.57 -0.57 -0.57 -0.92374381 -0.92777778 -0.92777778 -0.92777778 -0.92777778 -0.86114401 -0.86111111 -0.86111111 -0.86111111 -0.86111111 -0.82999997 -0.83 -0.83 -0.83 -0.4900002 -0.51555556 -0.51555556 -0.51555556 -0.041111111 -0.041111111 -0.041111111 0.032222222 0.032222222 0.032222222
-0.35333333 -0.35333333 -0.55444444 -0.55444444 -0.55444444 -0.37981164 -0.37888889 -0.25111111 -0.25111111 -0.25111111 -0.12223809 -0.12222222 -0.21664552 0.14777769 0.14777778 0.14777778 0.14777778 -0.18666667 -0.18666667 -0.18666667 -0.68222222 -0.68222217 -0.61666699 -0.61666667 -0.61674735 -0.84222222 -0.84222222 -0.84222157 -0.57004399 -1.0033183 -1.0033329 -1.0033201 -0.92790691 -0.92784298 -0.87303377 -0.86111121 -0.86193402 -1.1066667 -1.1066667 -0.83 -0.83 -0.83 -0.83 -0.51555556 -0.51555556 -0.51555556 -0.51555556 -0.041111111 -0.041111111 -0.041111111 0.032222222 0.032222222 0.032222222
-0.35333333 -0.35333333 -0.55444444 -0.55444444 -0.55444444 -0.55444444 -0.3310654 -0.25111111 -0.25111111 -0.25111111 -0.25110375 -0.23777778 -0.23777778 -0.23777778 0.14550561 0.14777778 -0.18443801 -0.18666667 -0.18666667 -0.18666667 -0.68222222 -0.68222222 -0.68222222 -0.68222222 -0.84222222 -0.84222222 -0.84222222 -0.84222222 -0.84222222 -1.0033333 -1.0033333 -1.0033333 -1.0033333 -1.0033332 -0.92 -1.1066667 -1.1066667 -1.1066667 -1.1066667 -1.1066654 -0.74444444 -0.74444444 -0.74444444 -0.61681085 -0.35222222 -0.35222222 -0.35222222 -0.04111112 -0.041111305 -0.24111111 -0.24111111 0.11109192 0.11111111
-0.35333333 -0.35333333 -0.48185746 -0.55444444 -0.55444444 -0.55444444 -0.34760624 -0.25141575 -0.25111111 -0.25111111 -0.23777777 -0.23777778 -0.23777778 -0.23777778 -0.23777778 -0.20616743 -0.18666667 -0.18666667 -0.18666667 -0.18666667 -0.68221839 -0.68222222 -0.68222222 -0.68222222 -0.84222222 -0.84222222 -0.84222222 -0.84222222 -0.84222222 -1.1076083 -1.0033333 -1.0033333 -1.0033333 -0.92 -0.92 -0.92014495 -1.1066667 -1.1066667 -0.97972885 -0.88111113 -0.74444444 -0.74444444 -0.74444444 -0.61890567 -0.35222222 -0.35222222 -0.35222222 -0.53222222 -0.24473833 -0.24111111 -0.24111111 0.11111111 0.11111111
