interpolatedSpi/03-12|20_3.tif
NCOLS 53
NROWS 52
XLLCORNER -116.03883
YLLCORNER 28.596182
DX 0.49850594
DY 0.49788537
NODATA_VALUE -9999
[rows 0 to 38 of 52, columns 0 to 52 of 53]
0.052 0.052 -0.15684871 -0.624 -0.025 0.087 0.48 0.561 -0.06867934 -0.248 -0.267 0.303 -0.0039645918 0.426 -0.116 -0.116 -0.116 0.18 0.364 0.364 0.364 0.36399492 -0.163 0.1 0.1 0.1 0.61100053 0.611 0.611 0.299 0.299 0.299 0.299 0.14900003 0.149 0.149 0.149 0.149 0.149 0.14900004 1.5736544 1.58875 0.608 0.608 0.608 0.608 0.60825153 0.762 0.762 0.762 1.2969989 1.297 1.297
0.051979117 -0.418 -0.10199945 -0.00095858993 0.28175645 0.521 0.499 0.23631482 -0.217 0.14 0.119 -0.0039999999 -0.004 0.5097199 0.42599623 -0.116 0.18 0.18 0.36376009 0.364 0.364 0.364 0.066733358 0.1 0.1 0.1 -0.04299999 -0.043 0.299 0.299 0.299 0.299 0.299 0.14900002 0.149 0.149 0.149 0.149 0.14900007 0.21290429 0.47102329 0.59137648 0.608 0.608 0.608 0.608 0.608 0.762 0.762 0.762 0.80636271 1.297 1.297
0.58197059 0.582 0.373 0.88 0.37 0.147 0.429 -0.099 0.133 0.116 0.481 -0.304 -0.524 0.177 0.51 0.541 0.18 0.18 0.18 0.19205 0.192 0.192 -0.532 0.1 0.1 0.1 -0.043 -0.043 -0.043 0.299 0.299 0.29899994 -0.31334089 0.14987879 0.157526 1.0566063 1.065 1.065 0.99029045 0.471 0.471 0.47117519 0.608 0.608 0.608 0.608 0.608 0.762 0.762 0.762 0.762 1.297 1.297
0.44 0.58199995 0.31095221 0.57 0.028 0.28 0.722 -0.408 0.271 0.24578995 0.329 0.157 -0.001 0.177 0.268 0.541 -0.32135132 -0.32764407 -0.437 0.192 0.192 -0.871 -0.532 -0.532 0.1 0.099999286 -0.043 -0.043 -0.043 -0.939 -0.95765504 -0.973 -0.973 -0.9729984 1.065 1.065 1.065 1.065 0.471 0.471 0.471 0.47100001 0.608 0.608 0.608 0.608 0.608 0.76199806 0.762 0.762 0.762 1.2969118 1.297
0.44 0.19900021 0.311 0.34699747 0.028 0.363 0.10003439 -0.109 -0.293 0.076999945 0.15435855 0.19003939 0.465 0.268 0.268 0.43701067 -0.328 -0.328 -0.437 -0.437 0.19199785 -0.871 -1.129 -0.477 -0.429 -0.42904527 -0.043 -0.043 -0.939 -0.939 -0.973 -0.973 -0.973 -0.88833063 1.065 1.065 1.065 0.471 0.471 0.471 0.471 0.47096052 0.60799999 0.608 0.608 0.608 0.608 0.60937079 0.762 0.76190297 -1.402 -1.402 -1.402
-1.116 0.117 0.565 0.278 0.378 0.534 0.202 0.16218309 0.19 -0.225 0.327 -0.342 -0.34199947 0.219 0.219 -0.39496137 -0.395 -0.556 -0.556 -0.43700024 -1.172 -1.172 -0.477 -0.429 -0.429 -0.623 -1.093 -1.093 -0.39204982 -0.939 -0.973 -0.973 -0.524 -0.52400094 -0.53299945 -0.848 -0.848 0.06293724 0.471 0.471 0.062510111 0.062000001 0.062001153 -0.99617308 -1.0248195 -1.0249996 -1.0249999 -1.0249994 -1.4854425 -1.402 -1.402 -1.402 -1.402
-0.35900405 -0.049 -0.57554133 0.177 0.662 -0.084 0.109 0.236 -0.052 -0.052 0.327 -0.13 -0.095000113 0.219 -0.23499864 -0.235 -0.395 -0.343 -0.707 -0.707 -1.1715287 -1.171 -1.171 -0.95199999 -0.623 -0.623 -1.093 -1.093 -0.39200659 -0.39212124 -0.047416426 -0.524 -0.524 -0.533 -0.533 -1.0108474 -0.848 -0.848 -1.4059807 0.061997956 0.062 0.062 0.062004731 -1.0249979 -1.025 -1.025 -1.025 -1.0250003 -1.578 -1.4020349 -1.402 -1.402 -1.402
-0.359 -0.666 -0.239 -0.802 -1.1059826 -0.543 0.002 -0.49199998 -0.219 -0.186 -0.186 -0.545 -0.095 -0.095 -0.23403947 -0.46633227 -0.489 -0.312 -0.78599992 -0.707 -1.1907893 -1.148 -1.492 -0.94 -0.94000396 -1.247 -1.284 -1.2839999 -0.50460403 -0.50499999 -0.046 -0.45826453 -0.495 -0.533 -0.54075777 -1.147 -1.147 -1.406 -1.406 0.062 0.062 0.062000011 -0.64211869 -0.64400002 -1.025 -1.025 -1.025 -1.577979 -1.578 -1.578 -1.402 -1.402 -1.402
-0.72881023 -0.66599999 -0.292 -0.502 -0.295 -0.587 -0.26 0.324 0.311 0.45453877 0.174 -0.206 -0.206 -0.429 -0.42899765 -0.75824749 -0.759 -0.759 -0.38435683 -1.439 -1.652 -1.652 -1.202 -1.3777158 -1.2160625 -1.247 -1.203 -1.284 -0.98375492 -0.982 -0.448 0.127 -0.12633943 -0.904 -0.805 -0.913 -0.945 -0.92 -0.96397968 0.064222959 0.56 -0.44 -0.64397314 -0.644 -0.64614447 -1.025 -1.346 -1.578 -1.578 -1.578 -1.578 -1.3728653 -0.81
-1.08 -1.08 -0.541 -0.384 -0.367 -0.124 -0.072 0.115 0.532 0.49099778 0.118 0.246 -0.429 -0.429 -0.179 -0.18695496 -0.759 -0.75893993 -0.49 -1.439 -1.439 -1.4664415 -1.202 -1.359997 -1.36 -1.36 -1.203 -0.744 -0.744 -0.982 -0.982 0.126046 -0.376 -0.904 -0.663 -0.913 -0.945 -1.409 -0.964 0.2057299 -0.43999996 -0.45432624 -0.479 -0.644 -0.644 -1.346 -1.346 -1.346 -1.578 -1.578 -1.168 -1.168 -1.1679999
-1.08 -1.08 -0.969 -0.787 -0.91 -0.291 -0.50599999 0.15186809 -0.042 -0.012 0.024 -0.122 0.24550908 -0.179 -0.179 -0.17904176 -0.541 -0.53832328 -0.49 -0.409 -0.409 -0.723 -0.723 -1.36 -1.36 -1.36 -0.744 -0.744 -0.744 -1.114 -1.114 -1.1139988 -0.791 -0.791 -0.79 -1.121 -0.807 -0.80699823 -1.145 0.225 0.225 -0.21700086 -0.479 -0.644 -0.7270001 -0.886 -0.79538164 -0.793 -0.982 -0.982 -1.168 -1.168 -1.168
-1.08 -1.0320076 -0.89133411 -0.95999099 -0.539 -0.938 -0.506 0.152 -0.04199838 -0.012332364 -0.12199986 -0.122 -0.073 -0.179 -0.179 -0.54099999 -0.541 -0.5409971 -0.49 -0.409 -0.47066321 -0.723 -0.723 -1.3599742 -1.36 -1.3350173 -1.284 -1.284 -1.2839999 -1.114 -1.114 -1.152 -1.152 -0.791 -0.79 -0.64500025 -0.77364627 -0.807 -0.807 0.22499999 -0.217 -0.217 -0.21700373 -0.727 -0.727 -0.886 -0.793 -0.793 -0.982 -0.982 -1.168 -1.168 -1.168
-0.276 0.067592933 0.15396468 0.14593273 -0.53900209 -0.93799058 -0.50600001 0.1439004 -0.028631416 -0.04121662 -0.073 -0.073 -0.073 -0.073 -0.17898498 -0.541 -0.541 -0.54034151 -0.49 -0.40903148 -0.516 -0.516 -0.516 -0.516 -1.3456612 -1.284 -1.284 -1.284 -1.284 -1.2838618 -1.152 -1.152 -1.152 -1.152 -0.645 -0.645 -0.645 -0.79894622 -0.80405587 -0.415 -0.415 -0.21701065 -0.47800852 -0.72697602 -0.727 -0.886 -0.793 -0.793 -0.982 -0.982 -1.1673252 -1.168 -0.63645582
-0.276 0.154 0.154 0.154 0.154 0.15399954 -0.50710575 -0.19468406 0.0070347154 -0.072965891 -0.073 -0.073 -0.073 -0.073 -0.073000172 -0.54099999 -0.54099999 -0.53750175 -0.49000079 -0.516 -0.516 -0.516 -0.516 -0.516 -0.52192603 -1.1540633 -1.143 -1.143 -1.143 -1.143 -1.152 -1.152 -1.1520001 -1.202 -1.202 -0.645 -0.54097549 -0.538 -0.41500007 -0.415 -0.415 -0.415 -0.478 -0.478 -0.478 -0.48083931 -0.74930559 -0.749 -0.749 -0.749 -0.749 0.70799961 0.708
0.0049999996 0.154 0.154 0.154 0.154 0.154 0.15399996 -0.40137686 -0.30531157 -0.307 -0.307 -0.307 -0.307 -0.307 -0.307 -0.23550716 -0.53612352 -0.53401634 -0.51599675 -0.516 -0.516 -0.516 -0.516 -0.51600008 -0.79 -0.79 -0.7900005 -1.143 -1.143 -1.1428839 -1.085 -1.085 -1.202 -1.202 -1.202 -0.6443655 -0.538 -0.538 -0.538 -0.415 -0.415 -0.415 -0.478 -0.478 -0.478 -0.478 -0.749 -0.749 -0.749 -0.749 -0.749 0.708 0.708
0.005 0.060471007 0.154 0.154 0.154 0.154 -0.52586654 -0.526 -0.52599999 -0.307 -0.307 -0.307 -0.307 -0.307 -0.29089569 -0.234 -0.234 -0.234 -0.58678325 -0.58699993 -0.587 -0.587 -0.587 -0.587 -0.79 -0.79 -0.79 -0.79 -1.143 -1.085 -1.085 -1.085 -1.202 -1.202 -1.202 -0.381 -0.53779213 -0.538 -0.538 -0.41502252 -0.45987561 -0.56455168 -0.478 -0.478 -0.45806172 -0.458 -0.458 -0.74815318 -0.23579969 -0.23400004 -0.2340001 0.083094523 0.70799873
0.0050000006 -0.12929353 0.0087647876 0.154 0.154 -0.52559822 -0.526 -0.526 -0.526 -0.52442182 -0.307 -0.307 -0.307 -0.30699999 -0.234 -0.234 -0.234 -0.234 -0.58668467 -0.587 -0.587 -0.587 -0.587 -0.587 -0.79 -0.79 -0.79 -0.79 -0.79107301 -1.085 -1.085 -1.085 -0.53200001 -1.2019003 -0.381 -0.381 -0.381 -0.38436442 -0.56329459 -0.565 -0.565 -0.565 -0.495 -0.495 -0.458 -0.458 -0.458 -0.234 -0.234 -0.234 -0.234 0.083 0.083
-0.13277581 -0.133 -0.133 -0.133 -0.5 -0.52599933 -0.526 -0.526 -0.526 -0.526 -0.28421192 -0.30699608 -0.30699999 -0.234 -0.234 -0.234 -0.234 -0.234 -0.31204983 -0.587 -0.587 -0.587 -0.587 -0.587 -0.57053814 -0.38900217 -0.389 -0.389 -0.389 -1.085 -0.53200001 -0.532 -0.532 -0.532 -0.381 -0.38100803 -0.686 -0.686 -0.56651087 -0.565 -0.565 -0.565 -0.495 -0.495 -0.46372887 -0.458 -0.458 -0.234 -0.234 -0.234 -0.23060094 0.083 0.083
-0.133 -0.133 -0.133 -0.30582577 -0.5 -0.5 -0.526 -0.526 -0.526 -0.526 -0.006 -0.006 -0.006 -0.234 -0.234 -0.234 -0.234 -0.23407668 -1.032 -1.032 -0.58700018 -0.587 -0.58792514 -0.625 -0.62287539 -0.389 -0.389 -0.389 -0.389 -0.53198544 -0.532 -0.532 -0.532 -0.532 -0.68599893 -0.686 -0.686 -0.686 -0.68555977 -0.565 -0.565 -0.565 -0.495 -0.495 -0.495 -0.458 -0.458 -0.234 -0.234 -0.234 0.083 0.083 0.083
-0.133 -0.133 -0.133 -0.5 -0.5 -0.5 -0.50000004 -0.526 -0.526 -0.0065367896 -0.006 -0.006 -0.006 -0.0061420615 -0.609572 -0.698 -0.698 -0.698 -1.032 -1.032 -1.032 -0.625 -0.625 -0.625 -0.62495798 -0.43410909 -0.389 -0.389 -0.389 -0.32541927 -0.28202459 -0.282 -0.282 -0.282 -0.57958443 -0.43100058 -0.431 -0.431 -0.431 -0.3830249 -0.383 -0.383 -0.495 -0.495 0.1029975 0.10299995 -0.049 -0.049 0.019 0.019 0.019 0.083 0.51061732
-0.13299967 -0.133 -0.13300001 -0.5 -0.5 -0.5 -0.5 -0.61799997 -0.52636785 -0.0060961184 -0.006 -0.006 -0.006 -0.0073578948 -0.698 -0.698 -0.698 -0.6980001 -1.032 -1.032 -1.032 -0.625 -0.625 -0.625 -0.475 -0.475 -0.529 -0.529 -0.529 -0.52765254 -0.282 -0.282 -0.282 -0.282 -0.35645914 -0.431 -0.431 -0.431 -0.431 -0.383 -0.383 -0.383 -0.36770858 0.103 0.103 0.103 -0.049 -0.049 0.019 0.019 0.019 0.51099998 0.511
-0.026 -0.093333665 -0.608 -0.60796867 -0.5 -0.61731726 -0.618 -0.618 -0.54548865 -0.11200001 -0.112 -0.112 -0.112 -0.86097562 -0.861 -0.69800013 -0.698 -0.70680041 -1.032 -1.032 -1.032 -1.052 -1.052 -1.052 -0.475 -0.475 -0.529 -0.529 -0.529 -0.52899989 -0.37299942 -0.37299974 -0.28428715 -0.28209756 -0.72649066 -0.727 -0.727 -0.727 -0.727 -0.383 -0.383 -0.383 0.076239058 0.103 0.103 0.10299993 -0.049 -0.049 -0.048997552 0.019 0.019018423 0.431 0.511
-0.51690676 -0.51700002 -0.608 -0.608 -0.608 -0.618 -0.618 -0.618 -0.419 -0.419 -0.112 -0.112 -0.112 -0.861 -0.861 -0.861 -0.861 -0.86101836 -1.032 -1.032 -1.032 -1.052 -1.052 -1.052 -0.475 -0.475 -0.529 -0.529 -0.529 -0.37475891 -0.373 -0.373 -0.373 -0.373 -0.72682532 -0.727 -0.727 -0.727 -0.727 -0.7739999 -0.774 -0.774 -0.774 0.10299715 -0.269 -0.269 -0.269 0.271 0.271 0.271 0.431 0.431 0.431
-0.517 -0.517 -0.608 -0.608 -0.608 -0.61794744 -0.618 -0.419 -0.419 -0.419 -0.11203779 -0.112 -0.83678963 -0.86100003 -0.861 -0.861 -0.861 -1.296 -1.296 -1.296 -1.29 -1.2899998 -1.0520012 -1.052 -1.0518795 -1.122 -1.122 -1.1219986 -0.52909583 -0.27401973 -0.27400053 -0.27401728 -0.3728308 -0.37291456 -0.6638874 -0.72700001 -0.72710054 -0.757 -0.757 -0.774 -0.774 -0.774 -0.774 -0.269 -0.269 -0.269 -0.269 0.271 0.271 0.271 0.431 0.431 0.431
-0.517 -0.517 -0.608 -0.608 -0.608 -0.608 -0.54352011 -0.419 -0.419 -0.419 -0.41932038 -0.999 -0.999 -0.999 -0.86181327 -0.861 -1.2931013 -1.296 -1.296 -1.296 -1.29 -1.29 -1.29 -1.29 -1.122 -1.122 -1.122 -1.122 -1.122 -0.274 -0.274 -0.274 -0.274 -0.27400051 -0.516 -0.757 -0.757 -0.757 -0.757 -0.75700046 -0.901 -0.901 -0.901 -0.72169634 -0.35 -0.35 -0.35 0.27099998 0.27099988 0.149 0.149 0.25104379 0.251
-0.517 -0.517 -0.57515539 -0.608 -0.608 -0.60800002 -1.4920924 -0.42238781 -0.419 -0.419 -0.99900006 -0.999 -0.999 -0.999 -0.999 -0.98773276 -1.296 -1.296 -1.296 -1.296 -1.29 -1.29 -1.29 -1.29 -1.122 -1.122 -1.122 -1.122 -1.122 -0.70702846 -0.274 -0.274 -0.274 -0.516 -0.516 -0.51618714 -0.757 -0.757 -0.72210773 -0.69500001 -0.901 -0.901 -0.901 -0.72366473 -0.35 -0.35 -0.35 -0.113 0.14573551 0.149 0.149 0.251 0.251
-1.301 -1.301 -1.301 -0.78175415 -0.60958321 -1.494 -1.494 -1.494 -1.494 -1.269 -1.269 -0.99900002 -0.999 -0.999 -0.999 -0.99901883 -1.296 -1.296 -1.296 -1.296 -1.2926182 -1.29 -1.29 -1.281547 -0.97390198 -1.122 -1.122 -1.122 -0.86 -0.86 -0.86 -0.85999754 -0.516 -0.516 -0.516 -0.516 -0.695 -0.695 -0.695 -0.695 -0.87 -0.87 -0.87 -0.26101224 -0.261 -0.261 -0.26100003 -0.113 -0.113 0.14868077 0.149 0.25099779 0.251
-1.301 -1.301 -1.301 -1.3010208 -1.688 -1.6597892 -1.494 -1.494 -1.494 -1.269 -1.269 -1.269 -1.1 -1.1 -1.1 -1.1 -1.2959707 -1.296 -1.296 -1.296 -1.2958914 -0.96700089 -0.967 -0.967 -0.967 -0.967 -1.056 -1.056 -0.86 -0.86 -0.86 -0.86 -0.51600023 -0.516 -0.516 -0.51602566 -0.695 -0.695 -0.695 -0.69446919 -0.87 -0.87 -0.87 -0.26102824 -0.261 -0.261 -0.261 -0.113 -0.113 -0.11300001 -0.188 -0.188 0.017
-1.301 -1.301 -1.301 -1.6879991 -1.688 -1.688 -1.4940001 -1.494 -1.494 -1.269 -1.269 -1.269 -1.1 -1.1 -1.1 -1.1137087 -1.28 -1.28 -1.28 -1.2959096 -0.967 -0.967 -0.967 -0.967 -0.967 -0.96706698 -1.056 -1.056 -1.056 -0.86 -0.86 -0.86000322 -0.831 -0.831 -0.831 -0.564 -0.564 -0.574 -0.574 -0.574 -0.194 -0.86978796 -0.86999401 -0.067 -0.067 -0.074352379 -0.26099924 -0.113 -0.113 -0.188 -0.188 -0.188 0.017
-1.301 -1.301 -1.301 -1.688 -1.688 -1.688 -1.688 -1.494 -1.494 -1.269 -1.269 -1.1067576 -1.1 -1.1 -1.1 -1.28 -1.28 -1.28 -1.28 -1.28 -0.967 -0.967 -0.967 -0.967 -0.967 -1.0559997 -1.056 -1.056 -1.056 -0.865 -0.865 -0.865 -0.831 -0.831 -0.831 -0.564 -0.564 -0.574 -0.574 -0.194 -0.194 -0.194 -0.067 -0.067 -0.067 -0.067 -0.037755549 0.289 0.289 0.289 -0.18799999 0.221 0.221
-1.301 -1.301 -1.3015389 -1.688 -1.688 -1.688 -1.688 -1.4861735 -1.476 -1.4756446 -1.269 -1.1000017 -1.1 -1.1 -1.1000006 -1.28 -1.28 -1.28 -1.28 -1.28 -0.90564658 -0.967 -0.967 -0.967 -0.96701318 -1.0559986 -1.056 -1.056 -1.056 -0.865 -0.865 -0.865 -0.8649928 -0.831 -0.564 -0.564 -0.564 -0.56400022 -0.57397408 -0.194 -0.194 -0.194 -0.06700771 -0.067 -0.067 -0.067 0.28900001 0.289 0.289 0.289 0.221 0.221 0.221
-1.392 -1.3919998 -1.687786 -1.688 -1.688 -1.688 -1.4760451 -1.476 -1.476 -1.476 -1.12 -1.12 -1.12 -1.12 -1.2792615 -1.28 -1.28 -1.28 -1.28 -0.90300022 -0.903 -0.903 -1.031 -1.031 -1.031 -1.031 -1.0331578 -1.056 -0.58501929 -0.585 -0.585 -0.585 -0.585 -0.298 -0.298 -0.298 -0.298 -0.298 -0.27 -0.27 -0.27 -0.27 -0.27 0.29245733 0.293 0.293 0.293 0.289 0.289 0.289 0.22101071 0.221 0.221
-1.392 -1.392 -1.388492 -0.97300144 -0.97300016 -0.97349084 -1.476 -1.476 -1.476 -1.476 -1.12 -1.12 -1.12 -1.12 -1.12 -1.28 -1.28 -1.28 -0.90300009 -0.903 -0.903 -0.903 -1.031 -1.031 -1.031 -1.031 -1.031 -1.0310048 -0.58488763 -0.585 -0.585 -0.585 -0.58495486 -0.1233943 -0.2978192 -0.298 -0.298 -0.298 -0.27 -0.27 -0.27 -0.27 -0.27 0.293 0.293 0.293 0.293 0.29112952 0.289 0.72310211 0.728 0.49 0.49
-1.392 -1.392 -0.97305307 -0.973 -0.973 -0.973 -1.1007599 -1.476 -1.476 -1.476 -1.12 -1.12 -1.12 -1.12 -1.12 -1.2798768 -1.28 -0.90311053 -0.903 -0.903 -0.903 -0.903 -0.98358157 -1.031 -1.031 -1.031 -1.031 -1.0304781 -0.294 -0.294 -0.294 -0.294 -0.294 0.01 0.01 0.01 0.01 0.01 0.118 0.118 0.118 0.118 0.118 0.29346392 0.2930001 0.293 0.29303221 0.29693794 0.728 0.728 0.728 0.49000133 0.49
-1.3919993 -1.030194 -0.97300001 -0.973 -0.973 -0.973 -0.973 -1.4757858 -1.476 -1.476 -1.12 -1.12 -1.12 -1.12 -1.1131555 -1.113 -1.113 -0.9030054 -0.903 -0.903 -0.903 -0.903 -0.90300008 -1.031 -1.031 -1.031 -1.031 -0.35799996 -0.35799997 -0.34437924 -0.294 -0.294 -0.294 0.010000001 0.01 0.01 0.01 0.010073147 0.118 0.118 0.118 0.118 0.11802628 0.483 0.483 0.483 0.483 0.48301976 0.728 0.728 0.728 0.72799996 0.66340797
-1.023 -1.023 -0.99924091 -0.973 -0.973 -0.973 -0.973 -0.973 -1.4757847 -1.141 -1.141 -1.141 -1.1409502 -1.113 -1.113 -1.113 -1.113 -1.113 -0.90300351 -0.93305374 -1.196 -1.196 -1.196 -1.1539701 -1.0300396 -1.0249004 -1.0201864 -0.358 -0.358 -0.358 -0.358 -0.358 -0.35492259 0.11339839 0.118 0.118 0.118 0.118 0.18243373 0.46099938 0.461 0.461 0.461 0.50599993 0.48300001 0.483 0.483 0.676 0.72799917 0.728 0.728 0.666 0.666
-1.023 -1.023 -0.925 -0.925 -0.925 -0.97298401 -0.973 -0.973 -1.141 -1.141 -1.141 -1.141 -1.141 -1.113 -1.113 -1.113 -1.113 -1.113 -1.196 -1.196 -1.196 -1.196 -1.196 -1.019 -1.019 -1.019 -1.019 -0.358 -0.358 -0.358 -0.358 -0.358 -0.292 -0.292 0.118 0.118 0.118 0.35295998 0.353 0.461 0.461 0.461 0.46100004 0.506 0.506 0.506 0.676 0.676 0.676 0.649 0.649 0.666 0.666
-1.023 -1.023 -0.925 -0.925 -0.925 -0.925 -0.92500079 -1.069 -1.1409322 -1.141 -1.141 -1.141 -1.141 -1.1133493 -1.113 -1.113 -1.113 -1.113 -1.196 -1.196 -1.196 -1.196 -1.196 -1.019 -1.019 -1.019 -1.019 -1.0189973 -0.358 -0.358 -0.358 -0.29200346 -0.292 -0.292 -0.292 0.118 0.353 0.353 0.353 0.35584168 0.69788538 0.742 0.742 0.506 0.506 0.506 0.676 0.676 0.676 0.649 0.649 0.649 0.53014255
-1.003 -1.0030002 -0.925 -0.925 -0.925 -0.925 -1.069 -1.069 -1.069 -1.141 -1.141 -1.141 -1.141 -1.1409913 -1.113 -1.113 -1.113 -1.113 -1.1959984 -1.196 -1.196 -1.196 -1.0501723 -1.019 -1.019 -1.019 -1.019 -0.86600013 -0.866 -0.86599999 -0.36344974 -0.292 -0.292 -0.292 -0.29199944 0.29799999 0.353 0.353 0.353 0.353 0.742 0.742 0.742 1.099 1.099 1.099 0.85698237 0.676 0.676 0.649 0.649 0.649 0.51599983
