interpolatedSpi/03-11|19_3.tif
NCOLS 53
NROWS 52
XLLCORNER -116.03883
YLLCORNER 28.596182
DX 0.49850594
DY 0.49788537
NODATA_VALUE -9999
[rows 0 to 26 of 52, columns 0 to 52 of 53]
0.39222222 0.39222222 0.17258309 -0.19555556 -0.048888889 -0.078888889 -0.055555556 -0.10888889 -0.61901089 -0.70888889 -0.56666667 -0.074444444 -0.37112392 -0.52666667 -0.38555556 -0.38555556 -0.38555556 -0.038888889 0.033333333 0.033333333 0.033333333 0.033326313 -0.69555555 -0.11222222 -0.11222222 -0.11222222 -0.78999642 -0.79 -0.79 -0.64333333 -0.64333333 -0.64333333 -0.64333333 -0.70666665 -0.70666667 -0.70666667 -0.70666667 -0.70666667 -0.70666667 -0.70666665 0.08151091 0.089912525 -0.25333333 -0.25333333 -0.25333333 -0.25333333 -0.25439319 -0.90222222 -0.90222222 -0.90222222 0.24333095 0.24333333 0.24333333
0.39221635 0.26 0.1988894 0.1693071 0.098742566 0.23222222 0.63 -0.24311005 -0.55888889 -0.48 0.11333333 -0.37111111 -0.37111111 0.066903027 -0.52665823 -0.38555556 -0.038888889 -0.038888889 0.033239165 0.033333333 0.033333333 0.033333333 -0.13783894 -0.11222222 -0.11222222 -0.11222222 -0.12111111 -0.12111111 -0.64333333 -0.64333333 -0.64333333 -0.64333333 -0.64333333 -0.70666666 -0.70666667 -0.70666667 -0.70666667 -0.70666667 -0.70666659 -0.52973662 0.34217798 -0.18106745 -0.25333333 -0.25333333 -0.25333333 -0.25333333 -0.25333333 -0.90222222 -0.90222222 -0.90222222 -0.80723166 0.24333333 0.24333333
0.14778441 0.14777778 0.64 0.57666667 -0.067777778 -0.094444444 0.20111111 0.31777778 -0.30111111 -0.39444444 -0.10333333 -0.33777778 0.033333333 -0.31555556 0.068888889 -0.71777778 -0.038888889 -0.038888889 -0.038888889 -0.16438695 -0.16444444 -0.16444444 -0.59888889 -0.11222222 -0.11222222 -0.11222222 -0.12111111 -0.12111111 -0.12111111 -0.64333333 -0.64333333 -0.64333334 -0.73586912 -0.70466762 -0.69686238 0.33701448 0.34666667 0.34666667 0.34610767 0.34222222 0.34222222 0.34146066 -0.25333333 -0.25333333 -0.25333333 -0.25333333 -0.25333333 -0.90222222 -0.90222222 -0.90222222 -0.90222222 0.24333333 0.24333333
0.46 0.14777762 -0.64446793 0.35888889 -0.4 0.10333333 4.1633363e-17 -0.35333333 -0.34444444 -0.059097145 -0.44444444 -0.68555555 -0.26111111 -0.31555556 -0.17333333 -0.71777778 -0.43661221 -0.4341673 -0.57555556 -0.16444444 -0.16444444 -0.44555556 -0.59888889 -0.59888889 -0.11222222 -0.11222227 -0.12111111 -0.12111111 -0.12111111 -1.0955556 -0.95289935 -0.83555556 -0.83555556 -0.83555463 0.34666667 0.34666667 0.34666667 0.34666667 0.34222222 0.34222222 0.34222222 0.3422222 -0.25333333 -0.25333333 -0.25333333 -0.25333333 -0.25333333 -0.90221404 -0.90222222 -0.90222222 -0.90222222 0.24331061 0.24333333
0.46 0.24333171 -0.64444444 -0.7034445 -0.4 -0.33555556 -0.39665698 -0.42111111 -0.36777778 -0.52111126 -0.5167337 -0.51333302 -0.51111111 -0.17333333 -0.17333333 -0.53316859 -0.43444444 -0.43444444 -0.57555556 -0.57555556 -0.16444502 -0.44555556 -0.42333333 -0.4 -0.18333333 -0.18324029 -0.12111111 -0.12111111 -1.0955556 -1.0955556 -0.83555556 -0.83555556 -0.83555556 -0.7865266 0.34666667 0.34666667 0.34666667 0.34222222 0.34222222 0.34222222 0.34222222 0.34219594 -0.25333333 -0.25333333 -0.25333333 -0.25333333 -0.25333333 -0.25910925 -0.90222222 -0.90220204 -0.45222222 -0.45222222 -0.45222222
-1.4955556 0.19777778 0.21333337 -0.52666667 0.02 0.04 -0.62333333 -0.5974431 -0.78444444 -0.56222222 -0.67555556 -0.68666667 -0.68666655 -1.0411111 -1.0411111 -0.3354563 -0.33555556 -0.32666667 -0.32666667 -0.57555509 -0.57666667 -0.57666667 -0.4 -0.18333333 -0.18333333 0.21444444 -0.92555556 -0.92555556 -0.51894124 -1.0955556 -0.83555556 -0.83555556 -0.57555556 -0.57559213 -0.92553043 -0.79111111 -0.79111111 -0.0084003162 0.34222222 0.34222222 0.07033952 0.070000002 0.070001384 0.3458985 0.35659925 0.3566665 0.35666665 0.35666644 0.2925911 -0.45222222 -0.45222222 -0.45222222 -0.45222222
-0.4422307 0.20555556 0.26096355 0.27111111 0.52222222 -0.63333333 -0.49666667 -0.56 -0.91888889 -0.91888889 -0.67555556 -0.48666667 -0.60555547 -1.0411111 0.07555221 0.075555556 -0.33555556 -0.03 -0.046666667 -0.046666667 -0.48555545 -0.38333333 -0.38333333 0.26222222 0.21444444 0.21444444 -0.92555556 -0.92555556 -0.51888837 -0.51887935 -0.1389269 -0.57555556 -0.57555556 -0.92555556 -0.92555556 -0.46493224 -0.79111111 -0.79111111 -0.46445577 0.069999256 0.07 0.07 0.070008656 0.3566684 0.35666667 0.35666667 0.35666667 0.35666673 0.46111111 -0.45204122 -0.45222222 -0.45222222 -0.45222222
-0.44222222 -0.64666667 0.61777778 -0.56111111 -0.09780434 -0.84333333 -0.90888889 -0.67777778 -0.85666667 -0.45222222 -0.45222222 -0.27888889 -0.60555556 -0.60555556 0.070882502 0.13323683 0.13888889 0.093333333 -0.24333313 -0.046666667 0.1590466 0.16555556 -0.024444444 -0.17333333 -0.17333169 -0.045555556 0.20555555 0.20555516 -0.51003115 -0.50999999 -0.13777778 -0.20603987 -0.58555556 -0.92555556 -0.8952597 -0.19222222 -0.19222222 -0.46444445 -0.46444444 0.07 0.07 0.070000012 0.66751983 0.66777776 0.35666667 0.35666667 0.35666667 0.46110714 0.46111111 0.46111111 -0.45222222 -0.45222222 -0.45222222
-0.58581188 -0.64666666 0.34666667 0.61111111 0.22888889 -0.47111111 -0.41 -0.15111111 -0.77777778 -0.37197064 -0.43333333 -0.25777778 -0.25777778 -0.045555556 -0.045552463 -0.094902139 -0.095555556 -0.095555556 0.041940649 0.35444439 0.088888889 0.08888889 0.33666667 0.11786351 -0.058432182 -0.045555556 0.037777778 0.20555556 0.10724131 0.10666667 -0.1 0.40666667 0.40386472 0.26 0.13666667 -0.017777778 -0.058888889 -0.38222222 0.18751457 0.072529472 0.63666667 0.70777778 0.6677568 0.66777778 0.66602668 0.35666667 0.41444444 0.46111111 0.46111111 0.46111111 0.46111111 -0.36077842 0.2
-0.24555556 -0.24555556 0.017777778 0.30111111 -0.093333333 -0.65222222 -0.41555556 -0.34 -0.10888889 -0.2688952 -0.22 -0.37666667 -0.045555556 -0.045555556 0.28333333 0.2781367 -0.095555556 -0.095520659 0.0066666667 0.35444444 0.35444444 0.32023201 0.33666667 -0.066659029 -0.066666667 -0.066666667 0.037777778 0.56555556 0.56555556 0.10666667 0.10666667 0.40665613 0.40111111 0.26 0.33888889 -0.017777778 -0.058888889 -0.32333333 0.18777778 1.0119777 0.70777777 0.64573824 0.53888889 0.66777778 0.66777778 0.41444444 0.41444444 0.41444444 0.46111111 0.46111111 0.28222222 0.28222222 0.28222219
-0.24555556 -0.24555556 -0.36111111 -0.95333333 -0.59444444 -0.066666667 -0.50222222 -0.36349144 -0.60111111 -0.41888889 -0.085555556 -0.49333333 -0.37682149 0.28333333 0.28333333 0.28336038 0.51777778 0.49095227 0.0066666667 0.71222222 0.71222222 1.2766667 1.2766667 -0.066666667 -0.066666667 -0.066666667 0.56555556 0.56555556 0.56555556 0.15444444 0.15444444 0.15444485 0.41666667 0.41666667 -0.26666667 0.12666667 0.46555556 -0.020000189 0.53 1.0255556 1.0255556 0.64222188 0.53888889 0.66777778 0.62666662 0.55555556 0.6611551 0.66222222 1.03 1.03 0.28222222 0.28222222 0.28222222
-0.24555556 -0.29564105 -0.61383346 -0.89109406 0.0011111111 -0.18333333 -0.50222222 -0.36333333 -0.60110913 -0.42090769 -0.49333324 -0.49333333 0.53333333 0.28333333 0.28333333 0.51777777 0.51777778 0.51774869 0.0066666667 0.71222222 0.82306763 1.2766667 1.2766667 -0.066612702 -0.066666667 0.17877727 0.68 0.68 0.67999999 0.15444444 0.15444444 0.38222222 0.38222222 0.41666479 -0.26666667 0.58888866 0.38413152 -0.02 -0.02 1.0255555 0.64222222 0.64222222 0.64222209 0.62666667 0.62666667 0.55555556 0.66222222 0.66222222 1.03 1.03 0.28222222 0.28222222 0.28222222
-0.58888889 -0.11598114 -0.086698233 -0.092482336 0.0011099545 -0.18332898 -0.50222221 -0.36504298 -0.58472579 -0.5963528 0.53333333 0.53333333 0.53333333 0.53333333 0.28336875 0.51777778 0.51777778 0.51117852 0.0066666667 0.7123454 1.1533333 1.1533333 1.1533333 1.1533333 -0.045401159 0.68 0.68 0.68 0.68 0.67969589 0.38222222 0.38222222 0.38222222 0.38222222 0.58888889 0.58888889 0.58888889 0.0093327379 -0.012481115 0.98111111 0.98111111 0.64224045 0.63888847 0.62666784 0.62666667 0.55555556 0.66222222 0.66222222 1.03 1.03 0.28493508 0.28222222 -0.16589036
-0.58888889 -0.086666667 -0.086666667 -0.086666667 -0.086666667 -0.086666706 -0.50140588 -0.43653601 -0.54101125 0.53211621 0.53333333 0.53333333 0.53333333 0.53333333 0.53333359 0.51777777 0.5177777 0.48271904 0.0066775019 1.1533333 1.1533333 1.1533333 1.1533333 1.1533333 1.1497527 0.71459876 0.68888889 0.68888889 0.68888889 0.68888889 0.38222223 0.38222222 0.38222285 0.90666667 0.90666667 0.58888889 1.1181933 1.1333333 0.9811112 0.98111111 0.98111111 0.98111111 0.63888889 0.63888889 0.63888889 0.63830896 0.19967358 0.19666667 0.19666667 0.19666667 0.19666668 1.0499998 1.05
0.28888889 -0.086666667 -0.086666667 -0.086666667 -0.086666667 -0.086666667 -0.086666692 -0.25174933 0.89111648 0.89888889 0.89888889 0.89888889 0.89888889 0.89888889 0.89888889 1.1307144 0.52753616 0.44778978 1.1531893 1.1533333 1.1533333 1.1533333 1.1533333 1.1533336 0.98777778 0.98777778 0.98777736 0.68888889 0.68888889 0.68959642 1.0422222 1.0422222 0.90666667 0.90666667 0.90666667 1.0970238 1.1333333 1.1333333 1.1333333 0.98111111 0.98111111 0.98111111 0.63888889 0.63888889 0.63888889 0.63888889 0.19666668 0.19666667 0.19666667 0.19666667 0.19666667 1.05 1.05
0.28888889 0.14907382 -0.086666667 -0.086666667 -0.086666667 -0.086666667 0.29325875 0.29333333 0.29333335 0.89888889 0.89888889 0.89888889 0.89888889 0.89888889 0.95109921 1.1355556 1.1355556 1.1355556 1.3815249 1.382222 1.3822222 1.3822222 1.3822222 1.3822222 0.98777778 0.98777778 0.98777778 0.98777778 0.68888889 1.0422222 1.0422222 1.0422222 0.90666668 0.90666667 0.90666667 1.2322222 1.1334643 1.1333333 1.1333333 0.98112815 1.0150171 1.0941057 0.63888889 0.63888889 0.92245552 0.92333333 0.92333333 0.19768625 0.81339282 0.8155555 0.81555544 1.0855501 1.0500001
0.28888889 0.0055963596 -0.04393389 -0.086666667 -0.086666667 0.29310881 0.29333333 0.29333333 0.29333333 0.29769714 0.89888889 0.89888889 0.89888889 0.89888892 1.1355556 1.1355556 1.1355556 1.1355556 1.3820019 1.3822222 1.3822222 1.3822222 1.3822222 1.3822222 0.98777779 0.98777778 0.98777778 0.98777778 0.98797581 1.0422222 1.0422222 1.0422222 1.56 0.90671555 1.2322222 1.2322222 1.2322222 1.2343035 1.0969168 1.0944444 1.0944444 1.0944444 1.1044444 1.1044444 0.92333333 0.92333333 0.92333333 0.81555556 0.81555556 0.81555556 0.81555556 1.0855556 1.0855556
-0.001931337 -0.0022222222 -0.0022222222 -0.0022222212 0.1 0.29332835 0.29333333 0.29333333 0.29333333 0.29333333 0.87903629 0.89888547 0.89888888 1.1355556 1.1355556 1.1355556 1.1355556 1.1355556 1.1351127 1.3822222 1.3822222 1.3822222 1.3822222 1.3822222 1.3333206 1.5555525 1.5555556 1.5555556 1.5555556 1.0422222 1.56 1.56 1.56 1.56 1.2322222 1.2322272 1.4222222 1.4222222 1.0985372 1.0944444 1.0944444 1.0944444 1.1044444 1.1044444 0.95137557 0.92333333 0.92333333 0.81555556 0.81555556 0.81555556 0.81845066 1.0855556 1.0855556
-0.0022222222 -0.0022222222 -0.0022222222 0.045915747 0.1 0.1 0.29333333 0.29333333 0.29333333 0.29333333 0.63666667 0.63666667 0.63666667 1.1355556 1.1355556 1.1355556 1.1355556 1.1355284 0.82222222 0.82222222 1.382222 1.3822222 1.3765415 1.1488889 1.1525499 1.5555556 1.5555556 1.5555556 1.5555556 1.5599995 1.56 1.56 1.56 1.56 1.4222216 1.4222222 1.4222222 1.4222222 1.4210941 1.0944444 1.0944444 1.0944444 1.1044444 1.1044444 1.1044444 0.92333333 0.92333333 0.81555556 0.81555556 0.81555556 1.0855556 1.0855556 1.0855556
-0.0022222222 -0.0022222222 -0.0022222222 0.1 0.1 0.1 0.1000003 0.29333333 0.29333333 0.63631225 0.63666667 0.63666667 0.63666667 0.63697749 1.0024505 0.97111111 0.97111111 0.97111111 0.82222222 0.82222222 0.82222222 1.1488889 1.1488889 1.1488889 1.1489172 1.3952842 1.5555556 1.5555556 1.5555556 1.7686021 1.8166414 1.8166667 1.8166667 1.8166667 1.600829 1.8511101 1.8511111 1.8511111 1.8511111 1.5477157 1.5477778 1.5477778 1.1044444 1.1044444 1.4077765 1.4077778 1.33 1.33 1.2955556 1.2955556 1.2955556 1.0855556 1.2132191
-0.0022206257 -0.0022222222 -0.0022222185 0.1 0.1 0.1 0.1 0.44111107 0.29392421 0.63651352 0.63666667 0.63666667 0.63666667 0.63732294 0.97111111 0.97111111 0.97111111 0.97111107 0.82222222 0.82222222 0.82222222 1.1488889 1.1488889 1.1488889 1.25 1.25 1.4655556 1.4655556 1.4655556 1.467471 1.8166667 1.8166667 1.8166667 1.8166667 1.8338794 1.8511111 1.8511111 1.8511111 1.8511111 1.5477778 1.5477778 1.5477778 1.5433728 1.4077778 1.4077778 1.4077778 1.33 1.33 1.2955556 1.2955556 1.2955556 1.2133333 1.2133333
0.51222222 0.28034423 0.38444444 0.38436192 0.1 0.43913745 0.44111111 0.44111111 0.5318009 0.46777778 0.46777778 0.46777778 0.46777778 0.64777192 0.64777778 0.97111086 0.97111111 0.96718811 0.82222222 0.82222222 0.82222222 0.88555556 0.88555556 0.88555556 1.25 1.25 1.4655556 1.4655556 1.4655556 1.4655558 1.7511115 1.7511113 1.815019 1.8165964 1.7278798 1.7277778 1.7277778 1.7277778 1.7277778 1.5477778 1.5477778 1.5477778 1.4154863 1.4077778 1.4077778 1.4077776 1.33 1.33 1.3299988 1.2955556 1.2955488 1.1444444 1.2133333
0.68552264 0.6855555 0.38444444 0.38444444 0.38444444 0.44111111 0.44111111 0.44111111 0.69 0.69 0.46777778 0.46777778 0.46777778 0.64777778 0.64777778 0.64777778 0.64777778 0.64779837 0.82222222 0.82222222 0.82222222 0.88555556 0.88555556 0.88555556 1.25 1.25 1.4655556 1.4655556 1.4655556 1.7478915 1.7511111 1.7511111 1.7511111 1.7511111 1.7277893 1.7277778 1.7277778 1.7277778 1.7277778 1.058889 1.0588889 1.0588889 1.0588889 1.4077719 0.63888889 0.63888889 0.63888889 0.92444444 0.92444444 0.92444444 1.1444444 1.1444444 1.1444444
0.68555556 0.68555556 0.38444444 0.38444444 0.38444444 0.44081326 0.44111111 0.69 0.69 0.69 0.46780513 0.46777778 0.40694738 0.64777772 0.64777778 0.64777778 0.64777778 0.27666667 0.27666667 0.27666667 0.46444445 0.46444476 0.8855535 0.88555556 0.88581071 1.1433333 1.1433333 1.1433341 1.4655035 1.6044737 1.6044452 1.6044701 1.7508604 1.7509845 1.7318367 1.7277773 1.7239462 0.58444444 0.58444444 1.0588889 1.0588889 1.0588889 1.0588889 0.63888889 0.63888889 0.63888889 0.63888889 0.92444444 0.92444444 0.92444444 1.1444444 1.1444444 1.1444444
0.68555556 0.68555556 0.38444444 0.38444444 0.38444444 0.38444444 0.53426295 0.69 0.69 0.69 0.68983613 0.39333333 0.39333333 0.39333333 0.64627828 0.64777778 0.27913966 0.27666667 0.27666667 0.27666667 0.46444444 0.46444444 0.46444444 0.46444444 1.1433333 1.1433333 1.1433333 1.1433333 1.1433333 1.6044444 1.6044444 1.6044444 1.6044444 1.6044438 1.32 0.58444444 0.58444444 0.58444444 0.58444444 0.58444439 0.49333333 0.49333333 0.49333333 0.51972844 0.57444444 0.57444444 0.57444444 0.92444443 0.92444443 0.91 0.91 1.405492 1.4055556
0.68555556 0.68555556 0.49312441 0.38444444 0.38444444 0.38444445 0.60903282 0.68974438 0.69 0.69 0.39333337 0.39333333 0.39333333 0.39333333 0.39333333 0.41417197 0.27666667 0.27666667 0.27666667 0.27666667 0.46444299 0.46444444 0.46444444 0.46444444 1.1433333 1.1433333 1.1433333 1.1433333 1.1433333 0.93117304 1.6044444 1.6044444 1.6044444 1.32 1.32 1.3194288 0.58444444 0.58444444 0.72326314 0.83111109 0.49333333 0.49333333 0.49333333 0.52042248 0.57444444 0.57444444 0.57444444 0.93333333 0.91029073 0.91 0.91 1.4055556 1.4055556
0.88111111 0.88111111 0.88111111 0.50897243 0.38501723 0.60888889 0.60888889 0.60888889 0.60888889 0.57777778 0.57777778 0.39333335 0.39333333 0.39333333 0.39333333 0.39332593 0.27666667 0.27666667 0.27666667 0.27666667 0.38250431 0.46444444 0.46444444 0.46208911 0.40868219 1.1433333 1.1433333 1.1433333 0.69333333 0.69333333 0.69333333 0.69333716 1.32 1.32 1.32 1.32 0.83111111 0.83111111 0.83111111 0.83111111 0.68111111 0.68111111 0.68111111 0.86555185 0.86555556 0.86555556 0.86555546 0.93333333 0.93333333 0.91002843 0.91 1.4055537 1.4055556
