interpolatedSpi/03-10|19_1.tif
NCOLS 53
NROWS 52
XLLCORNER -116.03883
YLLCORNER 28.596182
DX 0.49850594
DY 0.49788537
NODATA_VALUE -9999
[rows 0 to 34 of 52, columns 0 to 52 of 53]
0.08125 0.08125 -0.018943377 -0.3175 -0.2625 -0.3575 -0.17625 -0.35 -0.53271054 -0.46 -0.27875 -0.19125 -0.47374588 -0.42375 -0.42 -0.42 -0.42 -0.14625 -0.08875 -0.08875 -0.08875 -0.08875419 -0.52375 -0.14375 -0.14375 -0.14375 -0.40874775 -0.40875 -0.40875 -0.39625 -0.39625 -0.39625 -0.39625 -0.20000004 -0.2 -0.2 -0.2 -0.2 -0.2 -0.19999999 0.12648363 0.12994971 -0.0675 -0.0675 -0.0675 -0.0675 -0.068051253 -0.405 -0.405 -0.405 0.35874841 0.35875 0.35875
0.081253721 0.165 -0.0049995356 0.031487176 -0.026328519 0.06 0.30375 -0.27994857 -0.69125 -0.52125 -0.28625 -0.47375 -0.47375 -0.0051504772 -0.42374489 -0.42 -0.14625 -0.14625 -0.088824972 -0.08875 -0.08875 -0.08875 -0.16144922 -0.14375 -0.14375 -0.14375 -0.1 -0.1 -0.39625 -0.39625 -0.39625 -0.39625 -0.39625 -0.20000003 -0.2 -0.2 -0.2 -0.2 -0.19999997 -0.12102251 0.26872987 -0.026698754 -0.0675 -0.0675 -0.0675 -0.0675 -0.0675 -0.405 -0.405 -0.405 -0.34166912 0.35875 0.35875
0.03750021 0.0375 0.3975 0.40625 -0.01375 -0.1125 0.04875 0.12875 -0.22625 -0.27375 -0.245 -0.33125 -0.08375 -0.45625 -0.00375 -0.62625 -0.14625 -0.14625 -0.14625 -0.23870639 -0.23875 -0.23875 -0.48 -0.14375 -0.14375 -0.14375 -0.1 -0.1 -0.1 -0.39625 -0.39625 -0.39625001 -0.49614051 -0.19941308 -0.19567184 0.26073899 0.265 0.265 0.26547165 0.26875 0.26875 0.26832002 -0.0675 -0.0675 -0.0675 -0.0675 -0.0675 -0.405 -0.405 -0.405 -0.405 0.35875 0.35875
0.21625 0.037499913 -0.39375689 0.25625 -0.205 0.055 -0.04375 -0.4175 -0.2725 -0.16147621 -0.35 -0.555 -0.25375 -0.45625 -0.36625 -0.62625 -0.36575837 -0.36359761 -0.50375 -0.23875 -0.23875 -0.45625 -0.48 -0.48 -0.14375 -0.14374978 -0.1 -0.1 -0.1 -0.62625 -0.61390475 -0.60375 -0.60375 -0.60374932 0.265 0.265 0.265 0.265 0.26875 0.26875 0.26875 0.26874999 -0.0675 -0.0675 -0.0675 -0.0675 -0.0675 -0.40499574 -0.405 -0.405 -0.405 0.35873191 0.35875
0.21625 0.046249193 -0.39375 -0.44098091 -0.205 -0.34125 -0.37999535 -0.4275 -0.42 -0.38250017 -0.42200811 -0.44000609 -0.4825 -0.36625 -0.36625 -0.53609131 -0.36375 -0.36375 -0.50375 -0.50375 -0.23875044 -0.45625 -0.385 -0.3825 -0.26 -0.25993477 -0.1 -0.1 -0.62625 -0.62625 -0.60375 -0.60375 -0.60375 -0.55000669 0.265 0.265 0.265 0.26875 0.26875 0.26875 0.26875 0.26872876 -0.067499998 -0.0675 -0.0675 -0.0675 -0.0675 -0.070504168 -0.405 -0.40499058 -0.195 -0.195 -0.195
-1.06875 0.055 0.20625002 -0.32125 -0.01125 -0.12 -0.41375 -0.41551039 -0.63125 -0.505 -0.69875 -0.62625 -0.62624991 -0.99625 -0.99625 -0.38618391 -0.38625 -0.215 -0.215 -0.50374975 -0.51875 -0.51875 -0.3825 -0.26 -0.26 0.01875 -0.66625 -0.66625 -0.43376744 -0.62625 -0.60375 -0.60375 -0.31875 -0.31877586 -0.56623223 -0.475 -0.475 0.038653959 0.26875 0.26875 0.049024387 0.048750001 0.048750734 0.23457178 0.23996601 0.23999992 0.23999999 0.23999989 0.35678772 -0.195 -0.195 -0.195 -0.195
-0.23250716 0.18625 -0.027160665 -0.058749999 0.09125 -0.48875 -0.46125 -0.55 -0.7725 -0.7725 -0.69875 -0.55375 -0.56124994 -0.99625 -0.11250265 -0.1125 -0.38625 -0.21375 -0.21875 -0.21875 -0.42744243 -0.325 -0.325 0.066249995 0.01875 0.01875 -0.66625 -0.66625 -0.43374818 -0.43371647 -0.22430197 -0.31875 -0.31875 -0.56625 -0.56625 -0.20948798 -0.475 -0.475 -0.38125325 0.048749401 0.04875 0.04875 0.048754917 0.24000164 0.24 0.24 0.24 0.24000014 0.4775 -0.19486673 -0.195 -0.195 -0.195
-0.2325 -0.42625 0.2 -0.57875 -0.22627021 -0.61625 -0.7425 -0.59 -0.8775 -0.61125 -0.61125 -0.305 -0.56125 -0.56125 -0.11557884 -0.2923745 -0.31 -0.2275 -0.43124978 -0.21875 -0.19982176 -0.18125 -0.14625 -0.20625 -0.20624927 -0.15 -0.165 -0.16500018 -0.4026095 -0.4025 -0.22375 -0.089855788 -0.3175 -0.56625 -0.54806774 0.0125 0.0125 -0.38125 -0.38125 0.04875 0.04875 0.048750006 0.53279446 0.53374999 0.24 0.24 0.24 0.47749096 0.4775 0.4775 -0.195 -0.195 -0.195
-0.40178587 -0.42624999 0.26125 0.3575 0.1675 -0.43 -0.35375 -0.21375 -0.525 -0.35355091 -0.52 -0.38125 -0.38125 -0.2775 -0.27749712 -0.4720471 -0.4725 -0.4725 -0.25860275 -0.15375005 -0.4 -0.4 -0.03875 -0.10388602 -0.15566851 -0.15 -0.09375 -0.165 -0.22837955 -0.22875 -0.02625 0.11625 0.089177006 0.0575 0.07125 -0.03375 -0.12625 -0.44375 0.06976277 0.050083552 0.3475 0.445 0.53374084 0.53375 0.53209662 0.24 0.34499999 0.4775 0.4775 0.4775 0.4775 -0.1528231 0.235
-0.265 -0.265 -0.03125 0.19625 -0.285 -0.6525 -0.37875 -0.41875 -0.27375 -0.31001019 -0.25625 -0.3375 -0.2775 -0.2775 0.02875 0.02187513 -0.4725 -0.47240172 -0.065 -0.15375 -0.15375 -0.18547525 -0.03875 -0.33874432 -0.33875 -0.33875 -0.09375 0.13625 0.13625 -0.22875 -0.22875 0.11614806 0.0625 0.0575 0.085 -0.03375 -0.12625 -0.3225 0.07 0.63445126 0.445 0.45693853 0.4775 0.53375 0.53375 0.345 0.345 0.345 0.4775 0.4775 0.14375 0.14375 0.14375003
-0.265 -0.265 -0.19625 -0.58 -0.39125 -0.11375 -0.42 -0.39026875 -0.58875 -0.57375 -0.1125 -0.495 -0.33770959 0.02875 0.02875 0.02876716 0.1775 0.16477246 -0.065 -0.0125 -0.0125 0.2275 0.2275 -0.33875 -0.33875 -0.33875 0.13625 0.13625 0.13625 0.11375 0.11375 0.11374992 0.23125 0.23125 -0.055 0.11625 0.1925 -0.18374923 0.22125 0.64375 0.64375 0.41000022 0.4775 0.53375 0.46125004 0.4975 0.43585701 0.43625 0.61125 0.61125 0.14375 0.14375 0.14375
-0.265 -0.23542856 -0.36000981 -0.55749277 -0.2625 -0.10375 -0.42 -0.39 -0.58874834 -0.57391618 -0.4950001 -0.495 0.1525 0.02875 0.02875 0.1775 0.1775 0.1774862 -0.065 -0.0125 0.034631117 0.2275 0.2275 -0.33872703 -0.33875 -0.17356842 0.16375 0.16375 0.16375 0.11375 0.11375 0.18875 0.18875 0.23124922 -0.055 0.39374974 0.14659886 -0.18375 -0.18375 0.64374999 0.41 0.41 0.41000038 0.46125 0.46125 0.4975 0.43625 0.43625 0.61125 0.61125 0.14375 0.14375 0.14375
-0.26625 -0.023870062 -0.0037710098 -0.0077583763 -0.26249929 -0.10375375 -0.41999999 -0.39036929 -0.57505409 -0.58835831 0.1525 0.1525 0.1525 0.1525 0.02876753 0.1775 0.1775 0.17436894 -0.065 -0.012378818 0.4075 0.4075 0.4075 0.4075 -0.32570358 0.16375 0.16375 0.16375 0.16375 0.16375748 0.18875 0.18875 0.18875 0.18875 0.39375 0.39375 0.39375 -0.15579981 -0.17817342 0.55875 0.55875 0.410008 0.40625188 0.4612447 0.46125 0.4975 0.43625 0.43625 0.61125 0.61125 0.14544604 0.14375 -0.087658853
-0.26625 -0.00375 -0.00375 -0.00375 -0.00375 -0.0037500433 -0.41919046 -0.4058309 -0.53851468 0.15170214 0.1525 0.1525 0.1525 0.1525 0.15250018 0.1775 0.17749996 0.16086616 -0.064995092 0.4075 0.4075 0.4075 0.4075 0.4075 0.41193047 0.28437688 0.29624997 0.29625 0.29625 0.29625 0.18875001 0.18875 0.18875055 0.64375 0.64375 0.39375 0.74981522 0.76 0.55875012 0.55875 0.55875 0.55875 0.40625 0.40625 0.40625 0.40688502 0.17174504 0.17 0.17 0.17 0.17000001 0.6049999 0.605
0.22375 -0.00375 -0.00375 -0.00375 -0.00375 -0.00375 -0.0037500252 -0.27401474 0.40368614 0.40875 0.40875 0.40875 0.40875 0.40875 0.40875 0.48832585 0.18243766 0.14429373 0.40744067 0.4075 0.4075 0.4075 0.4075 0.40750045 0.6125 0.6125 0.61249956 0.29625 0.29625 0.29714109 0.74125 0.74125 0.64375 0.64375 0.64375 0.74137802 0.76 0.76 0.76 0.55875 0.55875 0.55875 0.40625 0.40625 0.40625 0.40625 0.17000001 0.17 0.17 0.17 0.17 0.605 0.605
0.22375 0.13905433 -0.00375 -0.00375 -0.00375 -0.00375 0.073734789 0.07375 0.073750008 0.40875 0.40875 0.40875 0.40875 0.40875 0.42667432 0.49 0.49 0.49 0.79381963 0.7949996 0.795 0.795 0.795 0.795 0.6125 0.6125 0.6125 0.6125 0.29625 0.74125 0.74125 0.74125 0.64375001 0.64375 0.64375 0.77875 0.76002483 0.76 0.76 0.55877704 0.61260073 0.73821202 0.40625 0.40625 0.59441751 0.595 0.595 0.17044331 0.43781084 0.43874998 0.43874995 0.51126417 0.60499981
0.22375 0.020606477 0.0057383632 -0.00375 -0.00375 0.073704209 0.07375 0.07375 0.07375 0.076164106 0.40875 0.40875 0.40875 0.40875001 0.49 0.49 0.49 0.49 0.79472755 0.795 0.795 0.795 0.795 0.795 0.6125 0.6125 0.6125 0.6125 0.61296831 0.74125 0.74125 0.74125 0.98124999 0.64377188 0.77875 0.77875 0.77875 0.78013642 0.74010053 0.73875 0.73875 0.73875 0.72125 0.72125 0.595 0.595 0.595 0.43875 0.43875 0.43875 0.43875 0.51125 0.51125
0.015150764 0.015 0.015 0.015 0.015 0.073748485 0.07375 0.07375 0.07375 0.07375 0.3986239 0.40874826 0.40875 0.49 0.49 0.49 0.49 0.49 0.52188034 0.795 0.795 0.795 0.795 0.795 0.81391095 0.98374799 0.98375 0.98375 0.98375 0.74125001 0.98125 0.98125 0.98125 0.98125 0.77875 0.77875332 0.905 0.905 0.74082588 0.73875 0.73875 0.73875 0.72125 0.72125 0.61454785 0.595 0.595 0.43875 0.43875 0.43875 0.43952739 0.51125 0.51125
0.015 0.015 0.015 0.015 0.015 0.015 0.07375 0.07375 0.07375 0.07375 0.275 0.275 0.275 0.49 0.49 0.49 0.49 0.49000103 0.61625 0.61625 0.79499993 0.795 0.79569994 0.82375 0.82519041 0.98375 0.98375 0.98375 0.98375 0.98125025 0.98125 0.98125 0.98125 0.98125 0.90499956 0.905 0.905 0.905 0.90443289 0.73875 0.73875 0.73875 0.72125 0.72125 0.72125 0.595 0.595 0.43875001 0.43875 0.43875 0.51125 0.51125 0.51125
0.015 0.015 0.015 0.015 0.015 0.015 0.01500009 0.07375 0.07375 0.27479225 0.275 0.275 0.275 0.27513395 0.49505889 0.49625 0.49625 0.49625 0.61625 0.61625 0.61625 0.82375 0.82375 0.82375 0.82376541 0.92867495 0.98375 0.98375 0.98375 1.0239974 1.0337448 1.03375 1.03375 1.03375 1.0323335 1.2112493 1.21125 1.21125 1.21125 0.94622161 0.94625 0.94625 0.72125 0.72125 0.83874951 0.83874997 0.7575 0.7575 0.73125 0.73125 0.73125 0.51125 0.69733347
0.015000632 0.015 0.015 0.015 0.015 0.015 0.015 0.035000011 0.073595062 0.27489119 0.275 0.275 0.275 0.27543415 0.49625 0.49625 0.49625 0.49625003 0.61625 0.61625 0.61625 0.82375 0.82375 0.82375 0.87875 0.87875 0.96625 0.96625 0.96625 0.96661823 1.03375 1.03375 1.03375 1.03375 1.1224512 1.21125 1.21125 1.21125 1.21125 0.94625 0.94625 0.94625 0.94286764 0.83875 0.83875 0.83875 0.7575 0.7575 0.73125 0.73125 0.73125 0.6975 0.6975
0.21875 0.12827492 0.205 0.20494488 0.015 0.034884281 0.035 0.035 0.11243046 0.155 0.155 0.155 0.155 0.24749699 0.2475 0.49624981 0.49625 0.49941182 0.61625 0.61625 0.61625 0.66625 0.66625 0.66625 0.87875 0.87875 0.96625 0.96625 0.96625 0.96625006 1.0537499 1.0537499 1.0342527 1.0337714 1.112411 1.1125 1.1125 1.1125 1.1125 0.94625 0.94625 0.94625 0.84466915 0.83875 0.83875 0.83874993 0.7575 0.7575 0.75749906 0.73125 0.73125 0.73125 0.6975
0.32872911 0.32874998 0.205 0.205 0.205 0.035 0.035 0.035 0.2475 0.2475 0.155 0.155 0.155 0.2475 0.2475 0.2475 0.2475 0.24754187 0.61625 0.61625 0.61625 0.66625 0.66625 0.66625 0.87875 0.87875 0.96625 0.96625 0.96625 1.0527634 1.05375 1.05375 1.05375 1.05375 1.112471 1.1125 1.1125 1.1125 1.1125 0.73750005 0.7375 0.7375 0.7375 0.83874685 0.42875 0.42875 0.42875 0.56125 0.56125 0.56125 0.73125 0.73125 0.73125
0.32875 0.32875 0.205 0.205 0.205 0.03589355 0.035 0.2475 0.2475 0.2475 0.15501139 0.155 0.072266122 0.24749996 0.2475 0.2475 0.2475 0.09875 0.09875 0.09875 0.34875001 0.34875024 0.66624845 0.66625 0.6663645 0.75875 0.75875 0.75875049 0.96621647 1.028755 1.0287501 1.0287544 1.0537073 1.0537284 1.1020192 1.1124997 1.1103259 0.46375 0.46375 0.7375 0.7375 0.7375 0.7375 0.42875 0.42875 0.42875 0.42875 0.56125 0.56125 0.56125 0.73125 0.73125 0.73125
0.32875 0.32875 0.205 0.205 0.205 0.205 0.11453254 0.2475 0.2475 0.2475 0.24739298 0.05375 0.05375 0.05375 0.24635819 0.2475 0.099741233 0.09875 0.09875 0.09875 0.34875 0.34875 0.34875 0.34875 0.75875 0.75875 0.75875 0.75875 0.75875 1.02875 1.02875 1.02875 1.02875 1.0287496 0.85 0.46375 0.46375 0.46375 0.46375 0.46374984 0.37125 0.37125 0.37125 0.38223288 0.405 0.405 0.405 0.56125 0.56124988 0.43875 0.43875 0.65001977 0.65
0.32875 0.32875 0.24966506 0.205 0.205 0.205 0.28119011 0.24760636 0.2475 0.2475 0.053750035 0.05375 0.05375 0.05375 0.05375 0.069637758 0.09875 0.09875 0.09875 0.09875 0.34874807 0.34875 0.34875 0.34875 0.75875 0.75875 0.75875 0.75875 0.75875 0.63802679 1.02875 1.02875 1.02875 0.85 0.85 0.84970007 0.46375 0.46375 0.51228965 0.54999999 0.37125 0.37125 0.37125 0.38239802 0.405 0.405 0.405 0.355 0.43770648 0.43875 0.43875 0.65 0.65
0.38 0.38 0.38 0.24887731 0.20527674 0.28125 0.28125 0.28125 0.28125 0.22125 0.22125 0.053750012 0.05375 0.05375 0.05375 0.053752843 0.09875 0.09875 0.09875 0.09875 0.23965811 0.34875 0.34875 0.34528242 0.24040691 0.75875 0.75875 0.75875 0.5 0.5 0.5 0.50000222 0.85 0.85 0.85 0.85 0.55 0.55 0.55 0.55 0.39 0.39 0.39 0.49124796 0.49125 0.49125 0.49124997 0.355 0.355 0.43864796 0.43875 0.64999944 0.65
0.38 0.38 0.38 0.38000081 0.395 0.37845888 0.28125 0.28125 0.28125 0.22125 0.22125 0.22125 -0.16374999 -0.16375 -0.16375 -0.16374999 0.098624062 0.09875 0.09875 0.09875 0.10253366 0.21625036 0.21625 0.21625 0.21625 0.21625 0.013750006 0.01375 0.5 0.5 0.5 0.5 0.84999978 0.85 0.85 0.84997495 0.55 0.55 0.55 0.55025224 0.39 0.39 0.39 0.4912453 0.49125 0.49125 0.49125 0.355 0.355 0.35500002 0.53875 0.53875 0.6375
0.38 0.38 0.38 0.39499997 0.395 0.395 0.28125004 0.28125 0.28125 0.22125 0.22125 0.22125 -0.16375 -0.16375 -0.16375 -0.14899409 0.03 0.03 0.030000178 0.098361683 0.21625 0.21625 0.21625 0.21625 0.21625 0.21609761 0.01375 0.01375 0.013750001 0.5 0.5 0.49981897 0.5425 0.5425 0.5425 0.46375 0.46375 0.6075 0.6075 0.6075 0.7025 0.39009802 0.39000176 0.62625 0.62625 0.62113365 0.49125013 0.355 0.355 0.53875 0.53875 0.53875 0.6375
0.38 0.38 0.38 0.395 0.395 0.395 0.395 0.28125 0.28125 0.22125 0.22125 -0.14835555 -0.16375 -0.16375 -0.16375 0.03 0.03 0.03 0.03 0.03 0.21625 0.21625 0.21625 0.21625 0.21625 0.013750691 0.01375 0.01375 0.01375 0.21875 0.21875 0.21875 0.5425 0.5425 0.5425 0.46375 0.46375 0.6075 0.6075 0.7025 0.7025 0.7025 0.62625 0.62625 0.62625 0.62625 0.636005 0.745 0.745 0.745 0.53875 0.75 0.75
0.38 0.38 0.38002089 0.395 0.395 0.395 0.395 0.039185601 0.02125 0.021593373 0.22124998 -0.16375398 -0.16375 -0.16375 -0.16374933 0.03 0.03 0.03 0.03 0.03 0.063998215 0.21625 0.21625 0.21625 0.21619362 0.013745991 0.01375 0.01375 0.01375 0.21875 0.21875 0.21875 0.21879607 0.5425 0.46375 0.46375 0.46375 0.46375584 0.60750648 0.7025 0.7025 0.7025 0.62625463 0.62625 0.62625 0.62625 0.74500004 0.745 0.745 0.745 0.75 0.75 0.75
-0.00875 -0.0087493207 0.39497786 0.395 0.395 0.395 0.02132953 0.02125 0.02125 0.02125 -0.21124999 -0.21125 -0.21125 -0.21125 0.028886546 0.03 0.03 0.03 0.03 0.057499984 0.0575 0.0575 -0.057499954 -0.0575 -0.0575 -0.0575 -0.051350209 0.01375 0.13749493 0.1375 0.1375 0.1375 0.1375 0.36 0.36 0.36 0.36 0.36 0.655 0.655 0.655 0.655 0.655 0.74981346 0.75 0.75 0.75 0.745 0.745 0.745 0.74999921 0.75 0.75
-0.00875 -0.00875 -0.0096708573 -0.11874897 -0.11874989 -0.11861316 0.02125 0.02125 0.02125 0.02125 -0.21125 -0.21125 -0.21125 -0.21125 -0.21125 0.03 0.03 0.03 0.057499993 0.0575 0.0575 0.0575 -0.0575 -0.0575 -0.0575 -0.0575 -0.0575 -0.057484733 0.13738463 0.1375 0.1375 0.1375 0.13745366 0.37700705 0.36001761 0.36 0.36 0.36 0.655 0.655 0.655 0.655 0.655 0.75 0.75 0.75 0.75 0.7476619 0.745 0.64487964 0.64375 0.48125 0.48125
-0.00875 -0.00875 -0.11873607 -0.11875 -0.11875 -0.11875 -0.083190591 0.02125 0.02125 0.02125 -0.21125 -0.21125 -0.21125 -0.21125 -0.21125 0.029814008 0.03 0.057491937 0.0575 0.0575 0.0575 0.0575 -0.014897505 -0.0575 -0.0575 -0.0575 -0.0575 -0.057573324 -0.16125 -0.16125 -0.16125 -0.16125 -0.16125 0.39 0.39 0.39 0.39 0.39 0.85625 0.85625 0.85625 0.85625 0.85625 0.74996032 0.74999999 0.75 0.74999725 0.74965326 0.64375 0.64375 0.64375 0.48125091 0.48125
-0.0087500023 -0.00997563 -0.11874998 -0.11875 -0.11875 -0.11875 -0.11875 0.021190389 0.02125 0.02125 -0.21125 -0.21125 -0.21125 -0.21125 -0.25036155 -0.25125 -0.25125 0.057492054 0.0575 0.0575 0.0575 0.0575 0.057499971 -0.0575 -0.0575 -0.0575 -0.0575 0.24374961 0.24374981 0.15755616 -0.16125 -0.16125 -0.16125 0.39 0.39 0.39 0.39 0.39008889 0.85625 0.85625 0.85625 0.85625 0.85625977 0.73375 0.73375 0.73375 0.73375 0.73374274 0.64375 0.64375 0.64375 0.64375003 0.68446247
