interpolatedSpi/03-12|22_1.tif
NCOLS 53
NROWS 52
XLLCORNER -116.03883
YLLCORNER 28.596182
DX 0.49850594
DY 0.49788537
NODATA_VALUE -9999
[rows 0 to 38 of 52, columns 0 to 52 of 53]
-0.178 -0.178 -0.25755812 -0.346 -0.027 -0.044 -0.144 -0.122 -0.2761441 -0.3 -0.352 -0.227 -0.26199226 -0.168 -0.373 -0.373 -0.373 0.157 -0.074 -0.074 -0.074 -0.074005115 -0.60499999 0.019 0.019 0.019 -0.22900131 -0.229 -0.229 -0.127 -0.127 -0.127 -0.127 0.087999957 0.088 0.088 0.088 0.088 0.088 0.088000008 0.38084611 0.38382419 -0.307 -0.307 -0.307 -0.307 -0.30662596 -0.078 -0.078 -0.078 0.31799918 0.318 0.318
-0.17801662 -0.552 -0.29200012 -0.25799876 -0.16514381 -0.073 -0.102 0.0027521602 -0.323 -0.3 -0.255 -0.262 -0.262 0.18880626 -0.16799749 -0.373 0.157 0.157 -0.073698807 -0.074 -0.074 -0.074 0.018894726 0.019 0.019 0.019 -0.10999999 -0.11 -0.127 -0.127 -0.127 -0.127 -0.127 0.087999969 0.088 0.088 0.088 0.088 0.088000021 0.1954336 0.76194751 -0.17728558 -0.307 -0.307 -0.307 -0.307 -0.307 -0.078 -0.078 -0.078 -0.045163301 0.318 0.318
-0.1810012 -0.181 -0.398 -0.027 -0.32 -0.364 -0.212 -0.056 -0.508 -0.205 -0.291 -0.457 -0.238 0.232 0.19 -0.505 0.157 0.157 0.157 0.22791221 0.228 0.228 0.017 0.019 0.019 0.019 -0.11 -0.11 -0.11 -0.127 -0.127 -0.12699999 -0.05334579 0.088527493 0.090699281 0.37534259 0.378 0.378 0.42629708 0.762 0.762 0.76063302 -0.307 -0.307 -0.307 -0.307 -0.307 -0.078 -0.078 -0.078 -0.077999999 0.318 0.318
-0.248 -0.18100004 -0.39401624 0.199 -0.58 -0.221 -0.25 -0.431 -0.14 0.082545796 -0.121 -0.154 -0.285 0.232 -0.23 -0.505 -0.23706576 -0.23472534 -0.504 0.228 0.228 -0.271 0.017 0.017 0.019 0.018999356 -0.11 -0.11 -0.11 -0.296 -0.11932577 0.026 0.026 0.026000276 0.378 0.378 0.378 0.378 0.762 0.762 0.762 0.76199996 -0.307 -0.307 -0.307 -0.307 -0.307 -0.078002889 -0.078 -0.078 -0.078 0.31799275 0.318
-0.248 0.034999213 -0.394 -0.24202195 -0.58 -0.546 -0.098015222 0.156 -0.156 0.30799976 0.094318987 -0.0059938408 0.037 -0.23 -0.23 -0.40975995 -0.235 -0.235 -0.504 -0.504 0.22799897 -0.271 0.176 0.207 0.03 0.030101697 -0.11 -0.11 -0.296 -0.296 0.026 0.026 0.026 0.032788723 0.378 0.378 0.378 0.762 0.762 0.762 0.762 0.76196708 -0.30699999 -0.307 -0.307 -0.307 -0.307 -0.30496162 -0.078 -0.077992198 0.096 0.096 0.096
-1.466 -0.312 -0.201 -0.199 -0.354 -0.274 -0.443 -0.36631084 0.161 -0.257 -0.342 -0.087 -0.086999918 0.049 0.049 -0.29792467 -0.298 -0.125 -0.125 -0.50399934 -0.571 -0.571 0.207 0.03 0.03 0.465 -0.13 -0.13 0.26994811 -0.296 0.026 0.026 0.062 0.062040019 0.44497263 0.668 0.668 0.73291895 0.762 0.762 0.4214253 0.421 0.42100157 0.20774996 0.21694209 0.21699986 0.21699998 0.2169998 0.28922004 0.096 0.096 0.096 0.096
-1.026 -0.414 -0.43797309 -0.24 -0.192 -0.484 -0.18 -0.278 -0.139 -0.139 -0.342 -0.002 -0.29699994 0.049 0.014000105 0.014 -0.298 0.059 0.24 0.24 -0.42019524 -0.251 -0.251 0.281 0.465 0.465 -0.13 -0.13 0.2699785 0.26960409 0.31970521 0.062 0.062 0.445 0.445 0.70394624 0.668 0.668 0.56800347 0.4210002 0.421 0.421 0.42100801 0.21699993 0.217 0.217 0.217 0.21700007 0.335 0.096047363 0.096 0.096 0.096
-1.026 -0.335 -0.017 -0.661 -0.46901101 -0.293 -0.25 -0.224 -0.165 -0.065 -0.065 -0.088 -0.297 -0.297 0.011866252 -0.34301673 -0.378 0.093 -0.089999662 0.24 0.13818347 0.196 -0.473 0.225 0.22499617 -0.072 0.113 0.11299991 -0.097706973 -0.09899999 0.321 0.023054699 0.306 0.445 0.44979156 0.734 0.734 0.568 0.568 0.421 0.421 0.42100001 0.20639541 0.204 0.217 0.217 0.217 0.33499551 0.335 0.335 0.096 0.096 0.096
-0.38005952 -0.335 -0.013 -0.131 -0.325 -0.357 -0.072 0.377 0.048 0.15804639 0.133 -0.081999998 -0.082 0.308 0.30799583 -0.38797213 -0.388 -0.388 0.065064769 -0.29700004 -0.485 -0.48499999 -0.263 -0.39024245 -0.042070242 -0.072 0.194 0.113 0.25218646 0.253 -0.056 0.68 0.37730363 0.238 0.613 0.626 0.735 0.217 0.8547054 0.42393716 1.079 0.558 0.20405422 0.204 0.20407317 0.217 -0.030999987 0.335 0.335 0.335 0.335 0.10073128 -0.034
-0.632 -0.632 0.133 0.011 -0.283 -0.105 -0.018 0.032 0.088 0.18596863 0.214 0.288 0.308 0.308 -0.135 -0.13847001 -0.388 -0.38790979 0.003 -0.297 -0.297 -0.32122071 -0.263 -0.1680018 -0.168 -0.168 0.194 0.407 0.407 0.253 0.253 0.67886013 0.079 0.238 0.406 0.626 0.735 0.634 0.855 0.47722346 0.55800002 0.55028587 0.537 0.204 0.204 -0.031 -0.031 -0.031 0.335 0.335 0.134 0.134 0.13399994
-0.632 -0.632 -0.367 -0.481 -0.332 -0.106 -0.269 0.17588887 0.153 0.217 0.07 -0.126 0.28744887 -0.135 -0.135 -0.13497797 0.056 0.053218311 0.003 -0.225 -0.225 -0.186 -0.186 -0.168 -0.168 -0.168 0.407 0.407 0.407 -0.203 -0.203 -0.20299954 0.311 0.311 -0.04 -0.113 0.745 0.34200123 0.512 0.471 0.471 0.27400086 0.537 0.204 0.3029999 0.194 0.5574547 0.56 0.583 0.583 0.134 0.134 0.134
-0.632 -0.51759428 -0.41564787 -0.44799584 0.162 -0.206 -0.269 0.176 0.15300019 0.21629096 -0.12599955 -0.126 0.053 -0.135 -0.135 0.055999994 0.056 0.055996984 0.003 -0.225 -0.21734119 -0.186 -0.186 -0.16800047 -0.168 -0.039141932 0.224 0.224 0.22400002 -0.203 -0.203 0.059 0.059 0.31099904 -0.04 0.38099997 0.70346807 0.342 0.342 0.47099999 0.274 0.274 0.27400025 0.303 0.303 0.194 0.56 0.56 0.583 0.583 0.134 0.134 0.134
0.133 0.039762536 0.075979395 0.072211016 0.161998 -0.20599131 -0.269 0.17052231 0.15458494 0.15467121 0.053 0.053 0.053 0.053 -0.13497337 0.056 0.056 0.055315686 0.003 -0.22491032 0.08 0.08 0.08 0.08 -0.16347395 0.224 0.224 0.224 0.224 0.22375535 0.059 0.059 0.059 0.059 0.381 0.381 0.381 0.34404845 0.34054296 0.148 0.148 0.27399322 0.27400099 0.30299721 0.303 0.194 0.56 0.56 0.583 0.583 0.13562892 0.134 0.38264049
0.133 0.076 0.076 0.076 0.076 0.075999884 -0.26883868 -0.058445536 0.1588134 0.053109307 0.053 0.053 0.053 0.053 0.053000064 0.055999997 0.055999992 0.052364562 0.0030009861 0.08 0.08 0.08 0.08 0.08 0.083156617 0.23358438 0.24 0.24 0.24 0.24 0.059000001 0.059 0.0589999 -0.024 -0.024 0.381 0.14378522 0.137 0.14799999 0.148 0.148 0.148 0.274 0.274 0.274 0.27344327 0.66026684 0.661 0.661 0.661 0.661 0.86799985 0.868
0.343 0.076 0.076 0.076 0.076 0.076 0.075999978 -0.1027487 0.14504693 0.145 0.145 0.145 0.145 0.145 0.145 0.21748994 0.058582017 0.048742564 0.079990336 0.08 0.08 0.08 0.08 0.080000206 0.226 0.226 0.22600002 0.24 0.24 0.23976571 0.123 0.123 -0.024 -0.024 -0.024 0.11120954 0.137 0.137 0.137 0.148 0.148 0.148 0.274 0.274 0.274 0.274 0.66099999 0.661 0.661 0.661 0.661 0.868 0.868
0.343 0.24359893 0.076 0.076 0.076 0.076 0.051004907 0.051 0.051000002 0.145 0.145 0.145 0.145 0.145 0.16132492 0.219 0.219 0.219 0.256461 0.25699982 0.257 0.257 0.257 0.257 0.226 0.226 0.226 0.226 0.24 0.123 0.123 0.123 -0.023999987 -0.024 -0.024 0.113 0.13696822 0.137 0.137 0.14797019 0.08846503 -0.050405233 0.274 0.274 0.11549068 0.115 0.115 0.65987776 -0.018616719 -0.020999941 -0.020999871 0.18010409 0.8679986
0.343 0.016997273 0.04158887 0.076 0.076 0.051014771 0.051 0.051 0.051 0.051677391 0.145 0.145 0.145 0.14500001 0.219 0.219 0.219 0.219 0.25696606 0.257 0.257 0.257 0.257 0.257 0.226 0.226 0.226 0.226 0.22562535 0.123 0.123 0.123 0.098000001 -0.023983119 0.113 0.113 0.113 0.11291385 -0.03909356 -0.051 -0.051 -0.051 -0.065 -0.065 0.115 0.115 0.115 -0.020999998 -0.021 -0.021 -0.021 0.18 0.18
0.0082837904 0.008 0.008 0.0079999997 -0.025 0.05099804 0.051 0.051 0.051 0.051 0.16324564 0.14500314 0.14500001 0.219 0.219 0.219 0.219 0.219 0.21692872 0.257 0.257 0.257 0.257 0.257 0.1040719 -0.11899813 -0.119 -0.119 -0.119 0.123 0.098 0.098 0.098 0.098 0.113 0.11299979 0.105 0.105 -0.049052108 -0.051 -0.051 -0.051 -0.065 -0.065 0.087129802 0.115 0.115 -0.021 -0.021 -0.021 -0.018844757 0.18 0.18
0.008 0.008 0.008 -0.0075401923 -0.025 -0.025 0.051 0.051 0.051 0.051 0.386 0.386 0.386 0.219 0.219 0.219 0.219 0.21899554 0.139 0.139 0.25699995 0.257 0.25088921 0.0060000002 0.0048746782 -0.119 -0.119 -0.119 -0.119 0.097977904 0.098 0.098 0.098 0.098 0.10500003 0.105 0.105 0.105 0.10444277 -0.051 -0.051 -0.051 -0.065 -0.065 -0.065 0.115 0.115 -0.020999997 -0.021 -0.021 0.18 0.18 0.18
0.008 0.008 0.008 -0.025 -0.025 -0.025 -0.024999884 0.051 0.051 0.38565418 0.386 0.386 0.386 0.38589595 0.19714559 0.192 0.192 0.192 0.139 0.139 0.139 0.006 0.006 0.006 0.0059249254 -0.19400698 -0.119 -0.119 -0.119 0.041747063 0.035006196 0.035 0.035 0.035 0.043038642 -0.043999662 -0.044 -0.044 -0.044 -0.21097811 -0.211 -0.211 -0.065 -0.065 -0.17899952 -0.17899992 0.034 0.034 0.083 0.083 0.083 0.18 0.2988936
0.0079998324 0.008 0.0079999988 -0.025 -0.025 -0.025 -0.025 -0.022999978 0.050704119 0.38563729 0.386 0.386 0.386 0.38561932 0.192 0.192 0.192 0.19199998 0.139 0.139 0.139 0.006 0.006 0.006 -0.262 -0.262 -0.229 -0.229 -0.229 -0.2275598 0.035 0.035 0.035 0.035 -0.0044783476 -0.044 -0.044 -0.044 -0.044 -0.211 -0.211 -0.211 -0.20999316 -0.179 -0.179 -0.179 0.034 0.034 0.083 0.083 0.083 0.29899999 0.299
-0.046 -0.023429448 -0.116 -0.1159736 -0.025 -0.023011572 -0.023 -0.023 -0.075834901 -0.014000004 -0.014 -0.014 -0.014 0.28799017 0.288 0.19200007 0.192 0.19060353 0.139 0.139 0.139 -0.397 -0.397 -0.397 -0.262 -0.262 -0.229 -0.229 -0.229 -0.22899998 -0.20599847 -0.20599932 0.028942827 0.034741631 -0.27564454 -0.276 -0.276 -0.276 -0.276 -0.211 -0.211 -0.211 -0.18076208 -0.179 -0.179 -0.17900001 0.034 0.034 0.034001764 0.083 0.083008183 0.266 0.299
-0.068995632 -0.069000008 -0.116 -0.116 -0.116 -0.023 -0.023 -0.023 -0.168 -0.168 -0.014 -0.014 -0.014 0.288 0.288 0.288 0.288 0.2879831 0.139 0.139 0.13899998 -0.397 -0.397 -0.397 -0.262 -0.262 -0.229 -0.229 -0.229 -0.20625933 -0.206 -0.206 -0.206 -0.206 -0.27596546 -0.276 -0.276 -0.276 -0.276 -0.30599998 -0.306 -0.306 -0.306 -0.17900033 -0.222 -0.222 -0.222 0.131 0.131 0.131 0.266 0.266 0.266
-0.069 -0.069 -0.116 -0.116 -0.116 -0.023488825 -0.023 -0.168 -0.168 -0.168 -0.014018958 -0.014 0.10366596 0.28799996 0.288 0.288 0.288 0.124 0.124 0.124 -0.416 -0.41599999 -0.39700009 -0.397 -0.39698047 -0.428 -0.428 -0.42799953 -0.22903216 -0.49694201 -0.49699845 -0.4969492 -0.20649735 -0.20625113 -0.26372184 -0.2760001 -0.27689478 -0.543 -0.543 -0.306 -0.306 -0.306 -0.306 -0.222 -0.222 -0.222 -0.222 0.131 0.131 0.131 0.266 0.266 0.266
-0.069 -0.069 -0.116 -0.116 -0.116 -0.116 -0.077269264 -0.168 -0.168 -0.168 -0.16783539 0.13 0.13 0.13 0.28706887 0.288 0.12509286 0.124 0.124 0.124 -0.416 -0.416 -0.416 -0.416 -0.428 -0.428 -0.428 -0.428 -0.428 -0.497 -0.497 -0.497 -0.497 -0.49699994 -0.469 -0.543 -0.543 -0.543 -0.543 -0.54299914 -0.31 -0.31 -0.31 -0.22083773 -0.036 -0.036 -0.036 0.131 0.13099985 -0.02 -0.02 0.18901873 0.189
-0.069 -0.069 -0.0990363 -0.116 -0.116 -0.116 -0.009282149 -0.16749892 -0.168 -0.168 0.13 0.13 0.13 0.13 0.13 0.14294986 0.124 0.124 0.124 0.124 -0.41599582 -0.416 -0.416 -0.416 -0.428 -0.428 -0.428 -0.428 -0.428 -0.57015669 -0.497 -0.497 -0.497 -0.469 -0.469 -0.46905746 -0.543 -0.543 -0.51598663 -0.495 -0.31 -0.31 -0.31 -0.22210227 -0.036 -0.036 -0.036 -0.273 -0.023152355 -0.02 -0.02 0.189 0.189
0.097 0.097 0.097 -0.062595045 -0.1157906 -0.0089999999 -0.009 -0.009 -0.009 0.112 0.112 0.13 0.13 0.13 0.13 0.12999961 0.124 0.124 0.124 0.124 -0.18036152 -0.416 -0.416 -0.40922186 -0.16906733 -0.428 -0.428 -0.428 -0.596 -0.596 -0.596 -0.59599958 -0.469 -0.469 -0.469 -0.469 -0.495 -0.495 -0.495 -0.495 -0.249 -0.249 -0.249 -0.073003539 -0.073 -0.073 -0.072999988 -0.273 -0.273 -0.020308267 -0.02 0.18899864 0.189
0.097 0.097 0.097 0.09699623 0.027 0.021765008 -0.009 -0.009 -0.009 0.112 0.112 0.112 0.0050000056 0.005 0.005 0.0050000055 0.12407877 0.124 0.124 0.124 0.11582582 -0.15700071 -0.157 -0.157 -0.157 -0.15700001 -0.432 -0.432 -0.596 -0.596 -0.596 -0.596 -0.46899996 -0.469 -0.469 -0.46899601 -0.495 -0.495 -0.495 -0.49447797 -0.249 -0.249 -0.249 -0.073008162 -0.073 -0.073 -0.073 -0.273 -0.273 -0.27299997 -0.081 -0.081 -0.008
0.097 0.097 0.097 0.027000161 0.027 0.027 -0.0089999865 -0.009 -0.009 0.112 0.112 0.112 0.005 0.005 0.005 0.017337847 0.167 0.167 0.16699989 0.12424287 -0.157 -0.157 -0.157 -0.157 -0.157 -0.15720695 -0.432 -0.432 -0.432 -0.596 -0.596 -0.59607724 -0.42 -0.42 -0.42 -0.366 -0.366 -0.376 -0.376 -0.376 -0.081 -0.2489473 -0.24899881 -0.09 -0.09 -0.089355719 -0.073000384 -0.273 -0.273 -0.081 -0.081 -0.081 -0.008
0.097 0.097 0.097 0.027 0.027 0.027 0.027 -0.009 -0.009 0.112 0.112 0.0092784567 0.005 0.005 0.005 0.167 0.167 0.167 0.167 0.167 -0.157 -0.157 -0.157 -0.157 -0.157 -0.43199906 -0.432 -0.432 -0.432 -0.716 -0.716 -0.716 -0.42 -0.42 -0.42 -0.366 -0.366 -0.376 -0.376 -0.081 -0.081 -0.081 -0.09 -0.09 -0.09 -0.09 -0.079402994 0.039 0.039 0.039 -0.080999994 0.223 0.223
0.097 0.097 0.096902522 0.027 0.027 0.027 0.027 -0.072009224 -0.077 -0.076675513 0.112 0.0050001679 0.005 0.005 0.0050005604 0.167 0.167 0.167 0.167 0.167 0.19784694 -0.157 -0.157 -0.157 -0.15703151 -0.43199314 -0.432 -0.432 -0.432 -0.716 -0.716 -0.716 -0.71595876 -0.42 -0.366 -0.366 -0.366 -0.36600037 -0.37597988 -0.081 -0.081 -0.081 -0.089999454 -0.09 -0.09 -0.09 0.039000258 0.039 0.039 0.039 0.223 0.223 0.223
-0.277 -0.27699935 0.027026083 0.027 0.027 0.027 -0.07697787 -0.077 -0.077 -0.077 0.0069999979 0.007 0.007 0.007 0.16626154 0.167 0.167 0.167 0.167 0.21299997 0.213 0.213 -0.30999997 -0.31 -0.31 -0.31 -0.32053017 -0.432 -0.89798091 -0.898 -0.898 -0.898 -0.898 -0.305 -0.305 -0.305 -0.305 -0.305 -0.034 -0.034 -0.034 -0.034 -0.034 0.065764841 0.066 0.066 0.066 0.039 0.039 0.039 0.22297101 0.223 0.223
-0.277 -0.277 -0.27423699 0.052999948 0.052999994 0.052873256 -0.077 -0.077 -0.077 -0.077 0.007 0.007 0.007 0.007 0.007 0.167 0.167 0.167 0.21299999 0.213 0.213 0.213 -0.31 -0.31 -0.31 -0.31 -0.31 -0.3100264 -0.89792315 -0.898 -0.898 -0.898 -0.89796913 -0.3752958 -0.30507279 -0.305 -0.305 -0.305 -0.034 -0.034 -0.034 -0.034 -0.034000001 0.066 0.066 0.066 0.066 0.053374272 0.039 -0.01241984 -0.013 -0.164 -0.164
-0.277 -0.277 0.052958199 0.053 0.053 0.053 0.019980548 -0.077 -0.077 -0.077 0.007 0.007 0.007 0.007 0.007 0.1668787 0.167 0.21298651 0.213 0.213 0.213 0.213 -0.11625126 -0.31 -0.31 -0.31 -0.31 -0.31027542 -0.699 -0.699 -0.699 -0.699 -0.699 -0.429 -0.429 -0.429 -0.429 -0.429 -0.252 -0.252 -0.252 -0.252 -0.252 0.066158708 0.066000033 0.066 0.066011018 0.067314381 -0.013 -0.013 -0.013 -0.16399915 -0.164
-0.27699947 0.007346166 0.052999994 0.053 0.053 0.053 0.053 -0.076944647 -0.077 -0.077 0.0069999998 0.007 0.007 0.007 0.20255773 0.207 0.207 0.21299985 0.213 0.213 0.213 0.213 0.21299991 -0.31 -0.31 -0.31 -0.31 -0.4790002 -0.4790001 -0.52582135 -0.699 -0.699 -0.699 -0.429 -0.429 -0.429 -0.429 -0.42894649 -0.252 -0.252 -0.252 -0.252 -0.25199717 0.131 0.131 0.131 0.131 0.13098839 -0.013 -0.013 -0.013 -0.013000115 -0.20045509
0.013 0.013 0.034022158 0.053 0.053 0.053 0.053 0.053 -0.07694415 0.095999997 0.096 0.096 0.095788785 0.20699971 0.207 0.207 0.207 0.207 0.21299731 0.19002376 -0.011 -0.011 -0.011 -0.088547658 -0.33737244 -0.48383718 -0.60732581 -0.479 -0.479 -0.479 -0.479 -0.479 -0.48361881 -0.34826038 -0.35 -0.35 -0.35 -0.35 -0.24504941 -0.21500007 -0.215 -0.215 -0.215 0.10300008 0.13099999 0.131 0.131 0.065 -0.012998751 -0.013 -0.013 -0.201 -0.201
0.013 0.013 0.105 0.105 0.105 0.053017322 0.053 0.053 0.096 0.096 0.096 0.096 0.096 0.20699999 0.207 0.207 0.207 0.207 -0.011 -0.011 -0.011 -0.011 -0.011 -0.65199997 -0.652 -0.652 -0.652 -0.479 -0.479 -0.479 -0.479 -0.479 -0.195 -0.195 -0.35 -0.35 -0.35 -0.15903253 -0.159 -0.215 -0.215 -0.215 -0.21499996 0.103 0.103 0.103 0.065 0.065 0.065 0.077 0.077 -0.201 -0.201
0.013 0.013 0.105 0.105 0.105 0.105 0.1049999 0.086 0.095990585 0.096 0.096 0.096 0.096 0.20561538 0.207 0.207 0.207 0.207 -0.010999996 -0.011 -0.011 -0.011 -0.011 -0.652 -0.652 -0.652 -0.652 -0.65199928 -0.479 -0.479 -0.479 -0.19501489 -0.195 -0.195 -0.195 -0.35 -0.159 -0.159 -0.159 -0.16047346 0.031158474 0.077 0.077 0.103 0.103 0.103 0.065 0.065 0.065 0.077 0.077 0.077 -0.1620542
0.056 0.055999662 0.105 0.105 0.105 0.105 0.086 0.086 0.086 0.096 0.096 0.096 0.096 0.096034507 0.207 0.207 0.207 0.207 -0.010996155 -0.011 -0.011 -0.011 -0.53907504 -0.652 -0.652 -0.652 -0.652 -0.42700018 -0.427 -0.427 -0.47843129 -0.195 -0.195 -0.195 -0.19499988 -0.074000002 -0.159 -0.159 -0.159 -0.159 0.077 0.077 0.077 0.092 0.092 0.092 -0.012992404 0.065 0.065 0.077 0.077 0.077 -0.15799942
