interpolatedSpi/03-11|22_1.tif
NCOLS 53
NROWS 52
XLLCORNER -116.03883
YLLCORNER 28.596182
DX 0.49850594
DY 0.49788537
NODATA_VALUE -9999
[rows 26 to 51 of 52, columns 0 to 52 of 53]
-0.062222222 -0.062222222 -0.062222222 -0.16212522 -0.19534648 -0.12444444 -0.12444444 -0.12444444 -0.12444444 0.017777777 0.017777778 0.0066666675 0.0066666667 0.0066666667 0.0066666667 0.0066679298 0.026666667 0.026666667 0.026666667 0.026666667 -0.23761432 -0.44222222 -0.44222222 -0.43934348 -0.34424502 -0.60222222 -0.60222222 -0.60222222 -0.86 -0.86 -0.86 -0.85999945 -0.61555556 -0.61555556 -0.61555556 -0.61555556 -0.55111111 -0.55111111 -0.55111111 -0.55111111 -0.31 -0.31 -0.31 -0.16889173 -0.16888889 -0.16888889 -0.16888888 -0.28 -0.28 -0.046950971 -0.046666667 0.14666551 0.14666667
-0.062222222 -0.062222222 -0.062222222 -0.062221684 -0.052222222 -0.06272452 -0.12444444 -0.12444444 -0.12444444 0.017777778 0.017777778 0.017777778 -0.10333333 -0.10333333 -0.10333333 -0.10333333 0.02673994 0.026666667 0.026666667 0.026666667 0.019562649 -0.33222252 -0.33222222 -0.33222222 -0.33222222 -0.33222223 -0.62444444 -0.62444444 -0.86 -0.86 -0.86 -0.86 -0.61555549 -0.61555556 -0.61555556 -0.61554813 -0.55111111 -0.55111111 -0.55111111 -0.55049208 -0.31 -0.31 -0.31 -0.16889543 -0.16888889 -0.16888889 -0.16888889 -0.28 -0.28 -0.27999997 -0.082222222 -0.082222222 -0.048888889
-0.062222222 -0.062222222 -0.062222222 -0.052222245 -0.052222222 -0.052222222 -0.12444442 -0.12444444 -0.12444444 0.017777778 0.017777778 0.017777778 -0.10333333 -0.10333333 -0.10333333 -0.09038621 0.066666667 0.066666667 0.066666563 0.026892594 -0.33222222 -0.33222222 -0.33222222 -0.33222222 -0.33222222 -0.33244213 -0.62444444 -0.62444444 -0.62444444 -0.86 -0.86 -0.85997783 -0.52444444 -0.52444444 -0.52444444 -0.41333333 -0.41333333 -0.41 -0.41 -0.41 -0.068888889 -0.30992437 -0.30999837 -0.092222222 -0.092222222 -0.095127802 -0.16888887 -0.28 -0.28 -0.082222222 -0.082222222 -0.082222222 -0.048888889
-0.062222222 -0.062222222 -0.062222222 -0.052222222 -0.052222222 -0.052222222 -0.052222222 -0.12444444 -0.12444444 0.017777778 0.017777778 -0.098490636 -0.10333333 -0.10333333 -0.10333333 0.066666667 0.066666667 0.066666667 0.066666667 0.066666667 -0.33222222 -0.33222222 -0.33222222 -0.33222222 -0.33222222 -0.62444345 -0.62444444 -0.62444444 -0.62444444 -0.82555556 -0.82555556 -0.82555556 -0.52444444 -0.52444444 -0.52444444 -0.41333333 -0.41333333 -0.41 -0.41 -0.068888889 -0.068888889 -0.068888889 -0.092222222 -0.092222222 -0.092222222 -0.092222222 -0.077983351 0.081111111 0.081111111 0.081111111 -0.082222216 0.26333333 0.26333333
-0.062222222 -0.062222222 -0.062208297 -0.052222222 -0.052222222 -0.052222222 -0.052222222 -0.17704154 -0.18333333 -0.18298805 0.017777773 -0.1033325 -0.10333333 -0.10333333 -0.10333275 0.066666667 0.066666667 0.066666667 0.066666667 0.066666667 0.24213097 -0.33222222 -0.33222222 -0.33222222 -0.33221192 -0.62442519 -0.62444444 -0.62444444 -0.62444444 -0.82555556 -0.82555556 -0.82555556 -0.82551265 -0.52444444 -0.41333333 -0.41333333 -0.41333333 -0.41333314 -0.40997674 -0.068888889 -0.068888889 -0.068888889 -0.092220806 -0.092222222 -0.092222222 -0.092222222 0.081111251 0.081111111 0.081111111 0.081111111 0.26333333 0.26333333 0.26333333
-0.36888889 -0.36888835 -0.052238661 -0.052222222 -0.052222222 -0.052222222 -0.18330543 -0.18333333 -0.18333333 -0.18333333 -0.093333336 -0.093333333 -0.093333333 -0.093333333 0.065928203 0.066666667 0.066666667 0.066666667 0.066666667 0.26666655 0.26666667 0.26666667 -0.28222223 -0.28222222 -0.28222222 -0.28222222 -0.3117604 -0.62444444 -0.89332232 -0.89333333 -0.89333333 -0.89333333 -0.89333333 -0.33222222 -0.33222222 -0.33222222 -0.33222222 -0.33222222 -0.035555556 -0.035555556 -0.035555556 -0.035555556 -0.035555556 0.09638193 0.096666667 0.096666667 0.096666667 0.081111111 0.081111111 0.081111111 0.26330463 0.26333333 0.26333333
-0.36888889 -0.36888889 -0.36594913 -0.017777847 -0.017777785 -0.017939188 -0.18333333 -0.18333333 -0.18333333 -0.18333333 -0.093333333 -0.093333333 -0.093333333 -0.093333333 -0.093333333 0.066666667 0.066666667 0.066666667 0.26666662 0.26666667 0.26666667 0.26666667 -0.28222222 -0.28222222 -0.28222222 -0.28222222 -0.28222222 -0.28229525 -0.89325653 -0.89333333 -0.89333333 -0.89333333 -0.89330248 -0.42922539 -0.33232266 -0.33222222 -0.33222222 -0.33222222 -0.035555556 -0.035555556 -0.035555556 -0.035555556 -0.035555557 0.096666667 0.096666667 0.096666667 0.096666667 0.089392585 0.081111111 -0.010082194 -0.011111111 -0.18666667 -0.18666667
-0.36888889 -0.36888889 -0.017822253 -0.017777778 -0.017777778 -0.017777778 -0.059828191 -0.18333333 -0.18333333 -0.18333333 -0.093333333 -0.093333333 -0.093333333 -0.093333333 -0.093333333 0.066546279 0.066666667 0.26660803 0.26666667 0.26666667 0.26666667 0.26666667 -0.078882777 -0.28222222 -0.28222222 -0.28222222 -0.28222222 -0.28251409 -0.69444444 -0.69444444 -0.69444444 -0.69444444 -0.69444444 -0.50333333 -0.50333333 -0.50333333 -0.50333333 -0.50333333 -0.31111111 -0.31111111 -0.31111111 -0.31111111 -0.31111111 0.096718213 0.096666677 0.096666667 0.096670245 0.097081733 -0.011111111 -0.011111111 -0.011111111 -0.18666568 -0.18666667
-0.3688881 0.051638391 -0.017777767 -0.017777778 -0.017777778 -0.017777778 -0.017777778 -0.18326284 -0.18333333 -0.18333333 -0.093333334 -0.093333333 -0.093333333 -0.093333333 0.20000326 0.20666667 0.20666667 0.26666512 0.26666667 0.26666667 0.26666667 0.26666667 0.26666658 -0.28222222 -0.28222222 -0.28222222 -0.28222222 -0.49000019 -0.49000009 -0.53351075 -0.69444444 -0.69444444 -0.69444444 -0.50333333 -0.50333333 -0.50333333 -0.50333333 -0.50328893 -0.31111111 -0.31111111 -0.31111111 -0.31111111 -0.31111009 0.11777778 0.11777778 0.11777778 0.11777778 0.11776738 -0.011111111 -0.011111111 -0.011111111 -0.011111265 -0.26110948
0.06 0.06 0.050400362 -0.017777778 -0.017777778 -0.017777778 -0.017777778 -0.017777778 -0.18326218 0.046666663 0.046666667 0.046666667 0.046334418 0.20666623 0.20666667 0.20666667 0.20666667 0.20666667 0.26666422 0.24569629 0.062222222 0.062222222 0.062222222 -0.026868813 -0.30925673 -0.45391326 -0.57590069 -0.49 -0.49 -0.49 -0.49 -0.49 -0.49475274 -0.43584486 -0.43777778 -0.43777778 -0.43777778 -0.43777778 -0.3086064 -0.2977778 -0.29777778 -0.29777778 -0.29777778 0.063333493 0.11777776 0.11777778 0.11777778 0.043333333 -0.011110239 -0.011111111 -0.011111111 -0.26222222 -0.26222222
0.06 0.06 0.092222222 0.092222222 0.092222222 -0.017741136 -0.017777778 -0.017777778 0.046666667 0.046666667 0.046666667 0.046666667 0.046666667 0.20666666 0.20666667 0.20666667 0.20666667 0.20666667 0.062222222 0.062222222 0.062222222 0.062222222 0.062222222 -0.61999996 -0.62 -0.62 -0.62 -0.49 -0.49 -0.49 -0.49 -0.49 -0.26555556 -0.26555556 -0.43777778 -0.43777778 -0.43777778 -0.24669921 -0.24666667 -0.29777778 -0.29777778 -0.29777778 -0.29777773 0.063333333 0.063333333 0.063333333 0.043333333 0.043333333 0.043333333 0.018888889 0.018888889 -0.26222222 -0.26222222
0.06 0.06 0.092222222 0.092222222 0.092222222 0.092222222 0.092222082 0.066666667 0.046685497 0.046666667 0.046666667 0.046666667 0.046666667 0.20467081 0.20666667 0.20666667 0.20666667 0.20666667 0.062222225 0.062222222 0.062222222 0.062222222 0.062222222 -0.62 -0.62 -0.62 -0.62 -0.61999946 -0.49 -0.49 -0.49 -0.26556732 -0.26555556 -0.26555556 -0.26555556 -0.43777778 -0.24666667 -0.24666667 -0.24666667 -0.2480115 -0.015838278 0.036666667 0.036666667 0.063333333 0.063333333 0.063333333 0.043333333 0.043333333 0.043333333 0.018888889 0.018888889 0.018888889 -0.22297451
0.05 0.050000078 0.092222222 0.092222222 0.092222222 0.092222222 0.066666667 0.066666667 0.066666667 0.046666667 0.046666667 0.046666667 0.046666667 0.046716406 0.20666667 0.20666667 0.20666667 0.20666667 0.062224749 0.062222222 0.062222222 0.062222221 -0.49981433 -0.62 -0.62 -0.62 -0.62 -0.41777794 -0.41777778 -0.41777778 -0.48921647 -0.26555556 -0.26555556 -0.26555556 -0.26555544 -0.14 -0.24666667 -0.24666667 -0.24666667 -0.24666666 0.036666667 0.036666667 0.036666667 0.085555556 0.085555556 0.085555556 -0.055545925 0.043333333 0.043333333 0.018888888 0.018888889 0.018888889 -0.21888833
0.05 0.05 0.092222222 0.092222222 0.092222222 0.066666667 0.066666667 0.066666667 0.066666667 0.048855906 0.046666666 0.046666667 0.046666666 0.046667139 0.13111981 0.13111111 0.13111111 0.13111111 -0.057426069 0.012222222 0.012222222 0.012222222 0.012222222 -0.62 -0.62 -0.62 -0.61998666 -0.41777778 -0.41777778 -0.41777778 -0.41777778 -0.26556562 -0.19493419 -0.14 -0.14 -0.14 -0.246405 -0.17666812 -0.17666667 -0.17666667 0.036592689 -0.057777775 -0.057777778 0.085555556 0.085555556 0.085554958 -0.055555556 -0.055555556 -0.073333333 -0.073333333 -0.073333333 0.045555556 -0.018888889
0.05 0.05 0.14111111 0.14111111 0.14111111 0.066666667 0.066666667 0.066666667 0.066666667 -0.056666667 -0.056666667 -0.056666667 -0.056666667 -0.043433527 0.13111111 0.13111111 0.13111111 0.13111111 -0.06 0.012222222 0.012222222 0.012222222 0.012222222 -0.20222222 -0.20222239 -0.61999938 -0.41777778 -0.41777778 -0.41777778 -0.41777778 -0.39696424 -0.37666667 -0.16816009 -0.14 -0.14 -0.14 -0.17666667 -0.17666667 -0.17666667 -0.17666667 -0.057777778 -0.057777778 -0.057777778 0.057741339 0.057777778 -0.05504613 -0.055555556 -0.055555556 -0.073331989 -0.073333333 0.045555556 0.045555556 -0.018888889
0.05 0.14111111 0.14111111 0.14111111 0.14111111 0.14111111 0.06722732 0.13888889 0.13888889 -0.056666667 -0.056666667 -0.056666667 -0.056666667 -0.056622196 0.13111111 0.13111111 0.13111111 0.1224761 -0.06 -0.06 0.012222222 0.012222222 -0.20222222 -0.20222222 -0.20222222 -0.20222222 -0.41777778 -0.41777778 -0.41777778 -0.41777778 -0.37666667 -0.37666667 -0.37666667 -0.14023949 -0.14 -0.14 -0.17666667 -0.17666667 -0.17666667 -0.17666667 -0.057777778 -0.057777778 -0.057777778 0.057777778 0.057777778 0.057787851 0.23555556 0.23555556 0.21555556 0.21555556 0.045555556 0.045555556 -0.018888889
0.14025546 0.14111111 0.14111111 0.14111111 0.14111111 0.14111111 0.13888889 0.13888889 0.13888889 0.034219383 -0.056666667 -0.056666667 -0.056666667 -0.056662028 0.13111111 0.13111111 0.13111111 -0.06 -0.06 -0.06 0.012218614 0.012220912 -0.20222222 -0.20222222 -0.20222222 -0.20222222 -0.41776246 -0.41777778 -0.41777778 -0.37667612 -0.37666667 -0.37666667 -0.37666667 -0.37666667 -0.14072393 -0.24666667 -0.24666667 -0.2454552 -0.17666667 -0.17666667 -0.057777883 -0.057777778 0.054417976 0.057777778 0.057777778 0.23555549 0.23555556 0.23555556 0.21555556 0.21555556 0.33222222 0.33222222 0.29888889
0.14111111 0.14111111 0.14111111 0.14111111 0.14111111 0.14111111 0.13888889 0.13888889 0.13888889 0.13888889 0.14110541 0.14111111 0.14111111 0.14111111 0.13111098 0.09763615 0.078888889 0.078888889 -0.059743959 -0.06 -0.059999986 -0.20222191 -0.20222222 -0.20222222 -0.20222222 -0.20222222 -0.20237894 -0.41777778 -0.41777637 -0.37666667 -0.37666667 -0.37666667 -0.37666667 -0.37666667 -0.24666667 -0.24666667 -0.24666667 -0.24666667 -0.24666667 -0.24666629 -0.19222222 -0.19222222 -0.19222213 0.084444444 0.084444444 0.084444444 0.15777778 0.15777778 0.14111111 0.14111111 0.33222222 0.33222215 0.29888889
0.14111111 0.14111111 0.14111111 0.14111111 0.14111111 0.14111111 0.13888889 0.13888889 0.13888889 0.14111111 0.14111111 0.14111111 0.14111111 0.14111111 0.12470948 0.078888889 0.078888889 0.078888889 0.078888889 0.078888889 0.072257402 -0.20222222 -0.20222222 -0.20222222 -0.20222222 -0.20114063 -0.16783175 -0.38373603 -0.37686941 -0.37666667 -0.37666667 -0.37666667 -0.37666667 -0.37666638 -0.24666667 -0.24666667 -0.24666667 -0.24666667 -0.24666667 -0.22133924 -0.19222222 -0.19222222 -0.19222222 0.084444444 0.084444444 0.084444444 0.15777778 0.15777778 0.14111111 0.14111111 0.32222222 0.30017606 0.29888889
0.14111111 0.14111111 0.14111111 0.14111111 0.14111111 0.14111111 0.13888889 0.13888889 0.13898112 0.14111111 0.14111111 0.14111111 0.14111111 0.14111111 0.13812655 0.078888889 0.078888889 0.078888889 0.078888889 0.078888889 0.078888889 -0.17226891 -0.16777783 -0.16777778 -0.16777778 -0.16777778 -0.16777778 -0.16777778 -0.47014434 -0.47444329 -0.47444444 -0.47444444 -0.47444444 -0.47444428 -0.24666667 -0.24666667 -0.24666667 -0.24666667 -0.24666667 -0.19222223 -0.19222222 -0.19222222 -0.19222222 -0.1922221 0.084296592 -0.0077777778 0.15777776 0.13812378 0.14110819 0.32222222 0.32222222 0.32104431 0.26555556
0.14111111 0.14111111 0.14111111 0.14111111 0.14111111 0.14111097 0.13888901 0.13888902 0.14111111 0.14111111 0.14111111 0.14111111 0.14111111 0.14111111 0.13992715 0.078888889 0.078888889 0.078888889 0.078888889 0.078888889 0.078888889 -0.16777778 -0.16777778 -0.16777778 -0.16777778 -0.16777778 -0.16777778 -0.16777778 -0.47435979 -0.47444444 -0.47444444 -0.47444444 -0.47444444 -0.47444444 -0.41203336 -0.24666667 -0.24666667 -0.24666667 -0.24666667 -0.19222222 -0.19222222 -0.19222222 -0.19222222 -0.19217497 -0.0077777778 -0.0077777778 -0.0068655059 0.13777778 0.13777778 0.32222222 0.32222222 0.26555556 0.26555556
0.14111111 0.14111111 0.14111111 0.14111111 0.14111111 0.14110815 0.13889159 0.14086035 0.14111111 0.14111111 0.14111111 0.14111111 0.14111111 0.14111111 0.1400218 0.078888889 0.078888889 0.078888889 0.078888889 0.078888889 0.043768038 -0.16777778 -0.16777778 -0.16777778 -0.16777778 -0.16777778 -0.16777778 -0.16777778 -0.47444321 -0.47444444 -0.47444444 -0.47444444 -0.47444444 -0.47444444 -0.47444444 -0.31885804 -0.43106531 -0.49242172 -0.50175313 -0.19729309 -0.19222222 -0.19222222 -0.19222222 -0.0077925061 -0.0077777778 -0.0088787623 -0.19222064 0.13777778 0.13777778 0.18771526 0.18777778 0.18777778 0.26555552
0.14111111 0.14111111 0.14111111 0.14111111 0.14111111 0.14109258 0.13909658 0.1411105 0.14111111 0.14111111 0.14111111 0.14111111 0.14111111 0.14111111 0.13965813 0.078888889 0.078888889 0.078888889 0.078888889 0.078888888 -0.16777671 -0.16777778 -0.16777778 -0.16777778 -0.16777778 -0.16777778 -0.16777778 -0.16777778 -0.47444436 -0.47444444 -0.47444444 -0.47444444 -0.47444444 -0.47444444 -0.47444445 -0.50666667 -0.50666667 -0.50666667 -0.50666667 -0.27111111 -0.27111111 -0.27111111 -0.27111111 -0.19222169 -0.19222222 -0.19222222 -0.19222222 -0.19222111 -0.098888889 -0.098888889 0.18777778 0.18777778 0.057706972
0.14111111 0.14111111 0.14111111 0.14111111 0.14111105 0.14105179 0.14096248 0.14111108 0.14111111 0.14111111 0.14111111 0.14111111 0.14111111 0.14111111 0.1389989 0.078888914 0.078888889 0.078888889 0.078888889 0.07740431 -0.16777778 -0.16777778 -0.16777778 -0.16777778 -0.16777778 -0.16777778 -0.16777778 -0.16777778 -0.47444438 -0.47444444 -0.47444444 -0.47444444 -0.47444444 -0.47444444 -0.50666664 -0.50666667 -0.50666667 -0.50666667 -0.50666667 -0.27111111 -0.27111111 -0.27111111 -0.27111111 -0.24981934 -0.19222222 -0.19222222 -0.19222222 -0.098889933 -0.098888889 -0.098888889 -0.0011111111 -0.0011111111 -0.0011111111
0.14111111 0.14111111 0.14111111 0.14111111 0.14111051 0.1409893 0.1411033 0.1411111 0.14111111 0.14111111 0.14111111 0.14111111 0.14111111 0.14111111 0.13810591 0.078890352 0.078888889 0.078888889 0.078888606 -0.16277992 -0.16777778 -0.16777778 -0.16777778 -0.16777778 -0.16777778 -0.16777778 -0.16777778 -0.16777778 -0.47444416 -0.47444444 -0.47444444 -0.47444444 -0.47444444 -0.30688832 -0.50666659 -0.50666667 -0.50666667 -0.50666667 -0.50666667 -0.27111111 -0.27111111 -0.27111111 -0.27111111 -0.27111111 -0.19222222 -0.19222222 -0.19222222 -0.09888889 -0.098888889 -0.098888889 -0.0011111111 -0.0011111111 -0.0011111111
0.14111111 0.14111111 0.14111111 0.14111105 0.14110807 0.14101154 0.1411098 0.14111111 0.14111111 0.14111111 0.14111111 0.14111111 0.14111111 0.14111099 0.13704422 0.078911613 0.07888889 0.07888888 0.077611776 -0.1677568 -0.16777778 -0.16777778 -0.16777778 -0.16777778 -0.16777778 -0.16777778 -0.16777778 -0.16777796 -0.47444252 -0.47444444 -0.47444428 -0.26567768 -0.24555556 -0.24555556 -0.24555556 -0.50666667 -0.50666667 -0.50666667 -0.50666667 -0.27111111 -0.27111111 -0.27111111 -0.27111111 -0.27111111 -0.19222362 -0.19222222 -0.19222218 -0.098888896 -0.098888889 -0.098888836 -0.0011111111 -0.0011111111 -0.0011111111
