interpolatedSpi/03-12|23_2.tif
NCOLS 53
NROWS 52
XLLCORNER -116.03883
YLLCORNER 28.596182
DX 0.49850594
DY 0.49788537
NODATA_VALUE -9999
[rows 0 to 37 of 52, columns 0 to 52 of 53]
-0.423 -0.423 -0.66332222 -0.912 -0.474 -0.657 -0.743 -0.606 -1.0870225 -1.126 -0.836 -1.013 -1.3459671 -0.947 -0.564 -0.564 -0.564 -0.746 -0.546 -0.546 -0.546 -0.54599885 -0.427 -0.747 -0.747 -0.747 -1.1319988 -1.132 -1.132 -1.538 -1.538 -1.538 -1.538 -1.539 -1.539 -1.539 -1.539 -1.539 -1.539 -1.539 -0.17172671 -0.15717609 -0.848 -0.848 -0.848 -0.848 -0.84722743 -0.375 -0.375 -0.375 -0.35000005 -0.35 -0.35
-0.42302284 -0.937 -0.69700009 -0.70822682 -0.79413169 -0.869 -0.859 -0.72207751 -1.047 -0.878 -1.186 -1.346 -1.346 -1.0337099 -0.94699767 -0.564 -0.746 -0.746 -0.54626077 -0.546 -0.546 -0.546 -0.7633175 -0.747 -0.747 -0.747 -0.731 -0.731 -1.538 -1.538 -1.538 -1.538 -1.538 -1.539 -1.539 -1.539 -1.539 -1.539 -1.5389999 -1.3205767 -0.18209753 -0.76718667 -0.848 -0.848 -0.848 -0.848 -0.848 -0.375 -0.375 -0.375 -0.37292698 -0.35 -0.35
0.14597142 0.146 -0.773 -0.573 -0.897 -0.311 -0.575 -0.301 -1.046 -1.128 -1.14 -1.121 -1.314 -1.332 -1.034 -1.407 -0.746 -0.746 -0.746 -0.58298924 -0.583 -0.583 -1.057 -0.747 -0.747 -0.747 -0.731 -0.731 -0.731 -1.538 -1.538 -1.538 -1.3329236 -1.5372051 -1.5323449 -0.83055188 -0.824 -0.824 -0.74325332 -0.182 -0.182 -0.18285165 -0.848 -0.848 -0.848 -0.848 -0.848 -0.375 -0.375 -0.375 -0.375 -0.35 -0.35
0.12 0.14599988 -0.44911366 -0.427 -0.934 -0.865 -0.806 -1.082 -0.661 -0.99350557 -1.264 -1.306 -1.365 -1.332 -1.416 -1.407 -1.048762 -1.0457898 -0.83 -0.583 -0.583 -1.018 -1.057 -1.057 -0.747 -0.74699992 -0.731 -0.731 -0.731 -0.971 -1.0483636 -1.112 -1.112 -1.1119998 -0.824 -0.824 -0.824 -0.824 -0.182 -0.182 -0.182 -0.18200002 -0.848 -0.848 -0.848 -0.848 -0.848 -0.37500597 -0.375 -0.375 -0.375 -0.35002744 -0.35
0.12 -0.23900039 -0.449 -0.77637108 -0.934 -1.055 -1.1189967 -1.562 -1.53 -1.1810002 -1.3267848 -1.3908876 -0.606 -1.416 -1.416 -1.4043063 -1.046 -1.046 -0.83 -0.83 -0.58300086 -1.018 -0.787 -0.358 -0.598 -0.59799302 -0.731 -0.731 -0.971 -0.971 -1.112 -1.112 -1.112 -1.007719 -0.824 -0.824 -0.824 -0.182 -0.182 -0.182 -0.182 -0.18203909 -0.848 -0.848 -0.848 -0.848 -0.848 -0.84378971 -0.375 -0.37503654 -1.19 -1.19 -1.19
-1.285 -0.668 -0.58399998 -0.308 -0.655 -0.919 -1.273 -1.3100003 -1.469 -1.68 -1.61 -1.313 -1.3129995 -1.312 -1.312 -0.72392515 -0.724 -0.931 -0.931 -0.82999969 -0.946 -0.946 -0.358 -0.598 -0.598 -0.568 -1.023 -1.023 -0.70502468 -0.971 -1.112 -1.112 -0.559 -0.55899603 -0.52100271 -0.416 -0.416 -0.25439324 -0.182 -0.182 -0.58649488 -0.587 -0.58699924 -0.57196042 -0.56703106 -0.56700007 -0.56700001 -0.56700011 -1.1561801 -1.19 -1.19 -1.19 -1.19
-0.20500227 -0.465 -0.3716228 -0.596 -0.635 -1.22 -0.986 -1.32 -1.757 -1.757 -1.61 -1.56 -1.221 -1.312 -0.41400269 -0.414 -0.724 -0.255 -0.474 -0.474 -0.78247108 -0.599 -0.599 -0.653 -0.568 -0.568 -1.023 -1.023 -0.70502302 -0.7054238 -0.36427636 -0.559 -0.559 -0.521 -0.521 -0.6294989 -0.416 -0.416 -0.71498964 -0.58700018 -0.587 -0.587 -0.58699614 -0.56700071 -0.567 -0.567 -0.567 -0.56700036 -1.178 -1.1899976 -1.19 -1.19 -1.19
-0.205 -0.696 -0.347 -0.926 -0.6870137 -1.052 -1.38 -1.533 -1.386 -1.677 -1.677 -1.18 -1.221 -1.221 -0.41953677 -0.5706502 -0.586 -0.219 -0.60299987 -0.474 -0.18577894 -0.13 -0.726 -0.080000003 -0.080009441 -0.812 -0.474 -0.47400019 -1.0986159 -1.1 -0.362 -0.62866781 -0.47 -0.521 -0.52770248 -0.808 -0.808 -0.715 -0.715 -0.587 -0.587 -0.58699999 -0.69261322 -0.69399999 -0.567 -0.567 -0.567 -1.1779767 -1.178 -1.178 -1.19 -1.19 -1.19
-0.76806488 -0.69599999 -0.17 -1.019 -0.741 -1.217 -0.873 -0.607 -1.385 -0.60111883 -0.686 -1.19 -1.19 -0.529 -0.5289997 -0.51220624 -0.512 -0.512 -0.27761819 -0.87999998 -0.787 -0.78699999 -0.903 -0.79575279 -0.73823373 -0.812 -0.46 -0.474 -0.60125619 -0.602 -0.673 -0.856 -0.688786 -1.031 -0.756 -0.872 -0.87 -0.61 -0.45207296 -0.58558945 -0.271 -0.486 -0.69397151 -0.694 -0.69328518 -0.567 -1.009 -1.178 -1.178 -1.178 -1.178 -1.1238865 -0.198
-1.171 -1.171 -0.084 -0.264 -0.99 -0.759 -0.706 -1.138 -0.684 -0.402062 -1.17 -0.207 -0.529 -0.529 -0.497 -0.49720573 -0.512 -0.51192681 -0.174 -0.88 -0.88 -0.86801846 -0.903 -0.6760043 -0.676 -0.676 -0.46 -0.212 -0.212 -0.602 -0.602 -0.85537032 -0.524 -1.031 -0.83 -0.872 -0.87 -0.872 -0.452 -0.13521865 -0.48599999 -0.4981222 -0.519 -0.694 -0.694 -1.009 -1.009 -1.009 -1.178 -1.178 -0.659 -0.659 -0.65899983
-1.171 -1.171 -0.642 -0.946 -0.971 -0.398 -0.999 -0.27403345 -0.555 -0.402 -0.248 -0.077 -0.20682741 -0.497 -0.497 -0.49698177 -0.339 -0.33034003 -0.174 -0.016 -0.016 -0.334 -0.334 -0.676 -0.676 -0.676 -0.212 -0.212 -0.212 -0.67 -0.67 -0.66999976 -0.768 -0.768 -1.262 -0.999 -0.595 -0.54400542 -0.529 -0.13 -0.13 -0.5489999 -0.519 -0.694 -0.23400015 -0.318 -0.45340318 -0.451 -0.578 -0.578 -0.659 -0.659 -0.659
-1.171 -0.94264334 -0.77172764 -1.0489921 -0.565 -0.676 -0.999 -0.273 -0.55499764 -0.40369505 -0.077000423 -0.077 0.023 -0.497 -0.497 -0.33900001 -0.339 -0.33899061 -0.174 -0.016 -0.078448731 -0.334 -0.334 -0.6759858 -0.676 -0.53695163 -0.253 -0.253 -0.25299999 -0.67 -0.67 -0.433 -0.433 -0.76800135 -1.262 -0.64500027 -0.6889674 -0.544 -0.544 -0.13000001 -0.549 -0.549 -0.54899772 -0.234 -0.234 -0.318 -0.451 -0.451 -0.578 -0.578 -0.659 -0.659 -0.659
-0.38 -0.47717765 -0.45901782 -0.46326852 -0.56500072 -0.67599738 -0.99899999 -0.28193665 -0.53556732 -0.55100476 0.023 0.023 0.023 0.023 -0.49692634 -0.339 -0.339 -0.33686959 -0.174 -0.015961378 0.121 0.121 0.121 0.121 -0.6621625 -0.253 -0.253 -0.253 -0.253 -0.25314754 -0.433 -0.433 -0.433 -0.433 -0.645 -0.645 -0.645 -0.54961304 -0.54300861 -0.412 -0.412 -0.54899263 -0.38399487 -0.23401445 -0.234 -0.318 -0.451 -0.451 -0.578 -0.578 -0.65870614 -0.659 -0.88642352
-0.38 -0.459 -0.459 -0.459 -0.459 -0.45900009 -0.99817312 -0.65552039 -0.48372271 0.022381382 0.023 0.023 0.023 0.023 0.023000094 -0.339 -0.33899997 -0.32768213 -0.17400134 0.121 0.121 0.121 0.121 0.121 0.12605687 0.0081727861 0.092999929 0.093 0.093 0.093 -0.43299999 -0.433 -0.43299923 0.208 0.208 -0.645 0.051089274 0.071 -0.41199972 -0.412 -0.412 -0.412 -0.384 -0.384 -0.384 -0.3835407 -0.069470816 -0.067 -0.067 -0.067 -0.067000009 -0.42000005 -0.42
-0.55 -0.459 -0.459 -0.459 -0.459 -0.459 -0.45900003 -0.51808536 0.16075097 0.164 0.164 0.164 0.164 0.164 0.164 0.37948195 -0.32751167 -0.31640581 0.12096285 0.121 0.121 0.121 0.121 0.12100021 0.355 0.355 0.35499963 0.093 0.093 0.093933138 0.559 0.559 0.208 0.208 0.208 0.092946088 0.071 0.071 0.071 -0.412 -0.412 -0.412 -0.384 -0.384 -0.384 -0.384 -0.067000004 -0.067 -0.067 -0.067 -0.067 -0.42 -0.42
-0.55 -0.51612173 -0.459 -0.459 -0.459 -0.459 0.25785928 0.258 0.258 0.164 0.164 0.164 0.164 0.164 0.21253354 0.384 0.384 0.384 0.30443987 0.30499981 0.305 0.305 0.305 0.305 0.355 0.355 0.355 0.355 0.093 0.559 0.559 0.559 0.20800003 0.208 0.208 0.474 0.071533585 0.071 0.071 -0.41196116 -0.33481396 -0.15477111 -0.384 -0.384 -0.29328083 -0.293 -0.293 -0.067391816 -0.3041683 -0.30499998 -0.30499995 -0.27102256 -0.4199997
-0.55 -0.0040667895 -0.22115836 -0.459 -0.459 0.25757636 0.258 0.258 0.258 0.25732261 0.164 0.164 0.164 0.16400003 0.384 0.384 0.384 0.384 0.30507057 0.305 0.305 0.305 0.305 0.305 0.355 0.355 0.355 0.355 0.35574202 0.559 0.559 0.559 0.637 0.20803741 0.474 0.474 0.474 0.47370618 -0.139737 -0.154 -0.154 -0.154 -0.52 -0.52 -0.293 -0.293 -0.293 -0.305 -0.305 -0.305 -0.305 -0.271 -0.271
0.010752393 0.011 0.011 0.011000005 0.531 0.25800704 0.258 0.258 0.258 0.258 0.17671901 0.16400219 0.164 0.384 0.384 0.384 0.384 0.384 0.38916995 0.305 0.305 0.305 0.305 0.305 0.39422072 0.49999921 0.5 0.5 0.5 0.559 0.637 0.637 0.637 0.637 0.474 0.47399937 0.45 0.45 -0.14645816 -0.154 -0.154 -0.154 -0.52 -0.52 -0.32814742 -0.293 -0.293 -0.305 -0.305 -0.305 -0.30463543 -0.271 -0.271
0.011 0.011 0.011 0.25587576 0.531 0.531 0.258 0.258 0.258 0.258 0.332 0.332 0.332 0.384 0.384 0.384 0.384 0.38406528 0.564 0.564 0.30500011 0.305 0.30448874 0.284 0.28594455 0.5 0.5 0.5 0.5 0.63698605 0.637 0.637 0.637 0.637 0.45000008 0.45 0.45 0.45 0.44785624 -0.154 -0.154 -0.154 -0.52 -0.52 -0.52 -0.293 -0.293 -0.305 -0.305 -0.305 -0.271 -0.271 -0.271
0.011 0.011 0.011 0.531 0.531 0.531 0.53099958 0.258 0.258 0.33192361 0.332 0.332 0.332 0.3320324 0.70372185 0.779 0.779 0.779 0.564 0.564 0.564 0.284 0.284 0.284 0.28405435 0.48846047 0.5 0.5 0.5 0.53221198 0.51201229 0.512 0.512 0.512 0.30973416 0.11200077 0.112 0.112 0.112 -0.25198659 -0.252 -0.252 -0.52 -0.52 -0.29700093 -0.29700001 -0.334 -0.334 -0.157 -0.157 -0.157 -0.271 -0.18008137
0.011001052 0.011 0.011000019 0.531 0.531 0.531 0.531 0.37099997 0.25845182 0.33200907 0.332 0.332 0.332 0.33287714 0.779 0.779 0.779 0.77899994 0.564 0.564 0.564 0.284 0.284 0.284 0.478 0.478 0.711 0.711 0.711 0.70991439 0.512 0.512 0.512 0.512 0.3121098 0.112 0.112 0.112 0.112 -0.252 -0.252 -0.252 -0.25341587 -0.297 -0.297 -0.297 -0.334 -0.334 -0.157 -0.157 -0.157 -0.18 -0.18
0.35 0.19923197 0.373 0.37304584 0.531 0.37192575 0.371 0.371 0.45007016 0.34200001 0.342 0.342 0.342 0.91898122 0.919 0.77900011 0.779 0.77333507 0.564 0.564 0.564 0.327 0.327 0.327 0.478 0.478 0.711 0.711 0.711 0.71099992 0.60399942 0.60399974 0.51431228 0.51209863 -0.0343747 -0.035 -0.035 -0.035 -0.035 -0.252 -0.252 -0.252 -0.29452205 -0.297 -0.297 -0.29700006 -0.334 -0.334 -0.33399363 -0.157 -0.15702008 -0.606 -0.18
0.45398025 0.45399999 0.373 0.373 0.373 0.371 0.371 0.371 0.588 0.588 0.342 0.342 0.342 0.919 0.919 0.919 0.919 0.91896007 0.564 0.564 0.56399999 0.327 0.327 0.327 0.478 0.478 0.711 0.711 0.711 0.60520643 0.604 0.604 0.604 0.604 -0.034684692 -0.035 -0.035 -0.035 -0.035 -0.089000042 -0.089 -0.089 -0.089 -0.29700258 -0.633 -0.633 -0.633 -0.83 -0.83 -0.83 -0.606 -0.606 -0.606
0.454 0.454 0.373 0.373 0.373 0.37101051 0.371 0.588 0.588 0.588 0.34203028 0.342 0.38367336 0.91899988 0.919 0.919 0.919 0.213 0.213 0.213 0.219 0.21900008 0.32699947 0.327 0.32716927 0.541 0.541 0.54100041 0.71097253 0.48002471 0.48000066 0.48002165 0.60378807 0.60389299 0.078726791 -0.035000029 -0.035247991 -0.109 -0.109 -0.089 -0.089 -0.089 -0.089 -0.633 -0.633 -0.633 -0.633 -0.83 -0.83 -0.83 -0.606 -0.606 -0.606
0.454 0.454 0.373 0.373 0.373 0.373 0.45221676 0.588 0.588 0.588 0.58789229 0.393 0.393 0.393 0.91590016 0.919 0.21770461 0.213 0.213 0.213 0.219 0.219 0.219 0.219 0.541 0.541 0.541 0.541 0.541 0.48 0.48 0.48 0.48 0.47999897 -0.009 -0.109 -0.109 -0.109 -0.109 -0.10900126 -0.512 -0.512 -0.512 -0.5764315 -0.71 -0.71 -0.71 -0.83 -0.83000005 -0.88 -0.88 -0.31607055 -0.316
0.454 0.454 0.40223531 0.373 0.373 0.373 0.39634071 0.58739492 0.588 0.588 0.39299999 0.393 0.393 0.393 0.393 0.43608775 0.213 0.213 0.213 0.213 0.21899995 0.219 0.219 0.219 0.541 0.541 0.541 0.541 0.541 0.12382301 0.48 0.48 0.48 -0.009 -0.009 -0.0090776525 -0.109 -0.109 -0.42303041 -0.66699995 -0.512 -0.512 -0.512 -0.57573242 -0.71 -0.71 -0.71 -0.701 -0.87776968 -0.88 -0.88 -0.316 -0.316
0.433 0.433 0.433 0.38804365 0.37282682 0.396 0.396 0.396 0.396 0.348 0.348 0.393 0.393 0.393 0.393 0.39298856 0.213 0.213 0.213 0.213 0.21638179 0.219 0.219 0.22360599 0.40150121 0.541 0.541 0.541 -0.002 -0.002 -0.002 -0.0019979767 -0.009 -0.009 -0.009 -0.009 -0.667 -0.667 -0.667 -0.667 -0.612 -0.612 -0.612 -0.74399735 -0.744 -0.744 -0.74399999 -0.701 -0.701 -0.8797819 -0.88 -0.31600094 -0.316
0.433 0.433 0.433 0.43299031 0.253 0.27379455 0.396 0.396 0.396 0.348 0.348 0.348 -0.29699997 -0.297 -0.297 -0.29699999 0.2120731 0.213 0.213 0.213 0.21310059 0.39499952 0.395 0.395 0.395 0.39499999 -0.049999995 -0.05 -0.002 -0.002 -0.002 -0.002 -0.0090000924 -0.009 -0.009 -0.0090104258 -0.667 -0.667 -0.667 -0.66660957 -0.612 -0.612 -0.612 -0.74399388 -0.744 -0.744 -0.744 -0.701 -0.701 -0.70099997 -0.502 -0.502 -0.288
0.433 0.433 0.433 0.25300041 0.253 0.253 0.39599995 0.396 0.396 0.348 0.348 0.348 -0.297 -0.297 -0.297 -0.29669536 -0.293 -0.293 -0.29299869 0.21014198 0.395 0.395 0.395 0.395 0.395 0.39466511 -0.05 -0.05 -0.05 -0.002 -0.002 -0.0020920433 -0.137 -0.137 -0.137 -0.501 -0.501 -0.578 -0.578 -0.578 -0.48 -0.6119586 -0.61199922 -0.508 -0.508 -0.51694413 -0.7439993 -0.701 -0.701 -0.502 -0.502 -0.502 -0.288
0.433 0.433 0.433 0.253 0.253 0.253 0.253 0.396 0.396 0.348 0.348 -0.2712093 -0.297 -0.297 -0.297 -0.293 -0.293 -0.293 -0.293 -0.293 0.395 0.395 0.395 0.395 0.395 -0.049998482 -0.05 -0.05 -0.05 -0.145 -0.145 -0.145 -0.137 -0.137 -0.137 -0.501 -0.501 -0.578 -0.578 -0.48 -0.48 -0.48 -0.508 -0.508 -0.508 -0.508 -0.51818627 -0.632 -0.632 -0.632 -0.502 -0.419 -0.419
0.433 0.433 0.43274934 0.253 0.253 0.253 0.253 0.11781433 0.111 0.1114069 0.34799998 -0.29699179 -0.297 -0.297 -0.29699999 -0.293 -0.293 -0.293 -0.293 -0.293 -0.47101125 0.395 0.395 0.395 0.39496045 -0.049985765 -0.05 -0.05 -0.05 -0.145 -0.145 -0.145 -0.14499857 -0.137 -0.501 -0.501 -0.501 -0.50100314 -0.57799332 -0.48 -0.48 -0.48 -0.5079983 -0.508 -0.508 -0.508 -0.63200055 -0.632 -0.632 -0.632 -0.419 -0.419 -0.419
0.409 0.40900004 0.25310018 0.253 0.253 0.253 0.11103022 0.111 0.111 0.111 -0.19899999 -0.199 -0.199 -0.199 -0.29256617 -0.293 -0.293 -0.293 -0.293 -0.50799987 -0.508 -0.508 0.20300003 0.203 0.203 0.203 0.18116285 -0.05 -0.1109975 -0.111 -0.111 -0.111 -0.111 -0.461 -0.461 -0.461 -0.461 -0.461 -0.461 -0.461 -0.461 -0.461 -0.461 -0.68772866 -0.688 -0.688 -0.688 -0.632 -0.632 -0.632 -0.41903356 -0.419 -0.419
0.409 0.409 0.40826318 0.32099986 0.32099998 0.32079524 0.111 0.111 0.111 0.111 -0.199 -0.199 -0.199 -0.199 -0.199 -0.293 -0.293 -0.293 -0.50799995 -0.508 -0.508 -0.508 0.203 0.203 0.203 0.203 0.203 0.20294616 -0.1107992 -0.111 -0.111 -0.111 -0.11091933 -0.25918302 -0.46079103 -0.461 -0.461 -0.46099999 -0.461 -0.461 -0.461 -0.461 -0.461 -0.688 -0.688 -0.688 -0.688 -0.66181331 -0.632 -0.3749008 -0.372 -0.411 -0.411
0.409 0.409 0.32101115 0.321 0.321 0.321 0.26766089 0.111 0.111 0.111 -0.199 -0.199 -0.199 -0.199 -0.199 -0.29293016 -0.293 -0.50793696 -0.508 -0.508 -0.508 -0.508 -0.060394557 0.203 0.203 0.203 0.203 0.20314601 0.409 0.409 0.409 0.409 0.409 -0.105 -0.105 -0.105 -0.105 -0.105 -0.643 -0.643 -0.643 -0.643 -0.643 -0.68678649 -0.68799975 -0.688 -0.68791575 -0.67781754 -0.372 -0.372 -0.372 -0.41099978 -0.411
0.40899972 0.26094389 0.32099999 0.321 0.321 0.321 0.321 0.11108942 0.111 0.111 -0.199 -0.199 -0.199 -0.199 -0.46691409 -0.473 -0.473 -0.5079991 -0.508 -0.508 -0.508 -0.508 -0.50799991 0.203 0.203 0.203 0.203 0.70199971 0.70199986 0.63964248 0.409 0.409 0.409 -0.105 -0.105 -0.105 -0.105 -0.10480291 -0.643 -0.643 -0.643 -0.643 -0.64296116 -0.191 -0.191 -0.191 -0.191 -0.1910146 -0.372 -0.372 -0.372 -0.37199991 -0.2277393
0.258 0.258 0.21675182 0.321 0.321 0.321 0.321 0.321 0.11108859 -0.28099999 -0.281 -0.281 -0.2808054 -0.47299961 -0.473 -0.473 -0.473 -0.473 -0.50799779 -0.48912666 -0.324 -0.324 -0.324 -0.19116962 0.17994952 0.056610798 -0.04701321 0.702 0.702 0.702 0.702 0.702 0.68770308 0.18819977 0.186 0.186 0.186 0.186 -0.54775801 -0.13600091 -0.136 -0.136 -0.136 -0.014000519 -0.19099995 -0.191 -0.191 0.21 -0.37199068 -0.372 -0.372 -0.225 -0.225
0.258 0.258 -0.098999997 -0.099 -0.099 0.32086009 0.321 0.321 -0.281 -0.281 -0.281 -0.281 -0.281 -0.47299999 -0.473 -0.473 -0.473 -0.473 -0.324 -0.324 -0.324 -0.324 -0.324 -0.085000012 -0.085 -0.085 -0.085 0.702 0.702 0.702 0.702 0.702 0.382 0.382 0.186 0.186 0.186 0.26498655 0.265 -0.136 -0.136 -0.136 -0.13599996 -0.014 -0.014 -0.014 0.21 0.21 0.21 0.046 0.046 -0.225 -0.225
0.258 0.258 -0.099 -0.099 -0.099 -0.099 -0.099001372 -0.349 -0.28106402 -0.281 -0.281 -0.281 -0.281 -0.47060497 -0.473 -0.473 -0.473 -0.473 -0.324 -0.324 -0.324 -0.324 -0.324 -0.085 -0.085 -0.085 -0.085 -0.084996809 0.702 0.702 0.702 0.38201678 0.382 0.382 0.382 0.186 0.265 0.265 0.265 0.25444894 0.094984321 0.138 0.138 -0.014 -0.014 -0.014 0.21 0.21 0.21 0.046 0.046 0.046 -0.099105427
