interpolatedSpi/03-10|22_3.tif
NCOLS 53
NROWS 52
XLLCORNER -116.03883
YLLCORNER 28.596182
DX 0.49850594
DY 0.49788537
NODATA_VALUE -9999
[rows 0 to 33 of 52, columns 0 to 52 of 53]
-0.14 -0.14 -0.52087606 -0.71375 -0.1375 -0.1175 -0.23625 -0.29125 -0.57335152 -0.39875 -0.605 -0.0975 -0.30497602 -0.01375 0.00625 0.00625 0.00625 0.39 0.305 0.305 0.305 0.30499469 -0.24625 0.16125 0.16125 0.16125 0.01874732 0.01875 0.01875 -0.28375 -0.28375 -0.28375 -0.28375 0.2212499 0.22125 0.22125 0.22125 0.22125 0.22125 0.22125001 0.4475631 0.44985314 -0.1275 -0.1275 -0.1275 -0.1275 -0.12761433 -0.1975 -0.1975 -0.1975 0.49999855 0.5 0.5
-0.14003915 -1.02125 -0.58374986 -0.47829805 -0.25751929 -0.2075 -0.38125 -0.057933002 -0.3075 -0.53125 -0.27375 -0.305 -0.305 0.18807477 -0.013747377 0.00625 0.39 0.39 0.30511083 0.305 0.305 0.305 0.15414399 0.16125 0.16125 0.16125 -0.029999987 -0.03 -0.28375 -0.28375 -0.28375 -0.28375 -0.28375 0.22124993 0.22125 0.22125 0.22125 0.22125 0.22125004 0.38850909 1.2536799 0.040103445 -0.1275 -0.1275 -0.1275 -0.1275 -0.1275 -0.1975 -0.1975 -0.1975 -0.13966263 0.5 0.5
-0.23248785 -0.2325 -0.46625 -0.0225 -0.45 -0.63 -0.3475 -0.1925 -0.915 -0.1825 -0.3875 -0.4 -0.4475 0.36625 0.18875 -0.20875 0.39 0.39 0.39 0.10630778 0.10625 0.10625 0.02625 0.16125 0.16125 0.16125 -0.03 -0.03 -0.03 -0.28375 -0.28375 -0.28374999 -0.14173698 0.22229173 0.2269278 0.82566028 0.83125 0.83125 0.88438937 1.25375 1.25375 1.2519837 -0.1275 -0.1275 -0.1275 -0.1275 -0.1275 -0.1975 -0.1975 -0.1975 -0.1975 0.5 0.5
-0.5025 -0.23249998 -0.14255132 0.745 -0.69375 -0.2325 -0.28125 -0.64375 -0.2775 0.017031 -0.1075 -0.0275 -0.13375 0.36625 -0.51125 -0.20875 -0.93068393 -0.93532075 -1 0.10625 0.10625 -0.63125 0.02625 0.02625 0.16125 0.16124904 -0.03 -0.03 -0.03 -0.54625 -0.24036217 0.01125 0.01125 0.011250645 0.83125 0.83125 0.83125 0.83125 1.25375 1.25375 1.25375 1.2537499 -0.1275 -0.1275 -0.1275 -0.1275 -0.1275 -0.19749912 -0.1975 -0.1975 -0.1975 0.49999686 0.5
-0.5025 0.4562489 -0.1425 -0.069929816 -0.69375 -0.60375 -0.28499985 0.395 -0.3075 0.50749965 0.15896892 -0.0050361677 -0.2575 -0.51125 -0.51125 -0.32027778 -0.93625 -0.93625 -1 -1 0.1062485 -0.63125 0.51 0.09125 0.00375 0.0038979133 -0.03 -0.03 -0.54625 -0.54625 0.01125 0.01125 0.01125 0.069000729 0.83125 0.83125 0.83125 1.25375 1.25375 1.25375 1.25375 1.2537278 -0.12749998 -0.1275 -0.1275 -0.1275 -0.1275 -0.12812309 -0.1975 -0.19747304 0.40375 0.40375 0.40375
-2.1425 -0.32875 -0.21750001 -0.16125 -0.6825 -0.37875 -0.465 -0.35489537 -0.10625 -0.6775 -1.13125 -0.36375 -0.36374993 -0.38 -0.38 -0.60871922 -0.60875 -0.68125 -0.68125 -0.99999935 -0.87375 -0.87375 0.09125 0.00375 0.00375 0.63625 0.37875 0.37875 0.42741087 -0.54625 0.01125 0.01125 0.3175 0.31758294 1.1111932 1.265 1.265 1.2572304 1.25375 1.25375 1.0240369 1.02375 1.0237526 0.35262222 0.36119598 0.36124987 0.36124998 0.36124982 0.57193094 0.40375 0.40375 0.40375 0.40375
-1.4525052 -0.89 -0.46419343 -0.44625 -0.475 -0.89125 -0.33375 -0.27375 -0.27875 -0.27875 -1.13125 -0.39375 -1.1074998 -0.38 -0.4812497 -0.48125 -0.60875 -0.35125 -0.26125 -0.26125 -0.82367811 -0.7675 -0.7675 0.44374999 0.63625 0.63625 0.37875 0.37875 0.42746911 0.42693135 0.80843174 0.3175 0.3175 1.11125 1.11125 1.336484 1.265 1.265 1.4574933 1.0237506 1.02375 1.02375 1.0237639 0.36125378 0.36125 0.36125 0.36125 0.36125016 0.6275 0.40379434 0.40375 0.40375 0.40375
-1.4525 -0.09 -0.09375 -1.235 -0.89126971 -0.77625 -0.68625 -0.14500001 -0.56625 -0.42125 -0.42125 -0.4825 -1.1075 -1.1075 -0.48554666 -0.86490637 -0.9025 -0.15 -0.76499948 -0.26125 0.018614807 0.105 -0.73 0.2225 0.2224964 -0.05625 0.17375 0.17375007 -0.10064281 -0.10249998 0.81125 0.17090193 0.58125 1.11125 1.1149221 1.39625 1.39625 1.4575 1.4575 1.02375 1.02375 1.02375 1.0409334 1.03875 0.36125 0.36125 0.36125 0.62748987 0.6275 0.6275 0.40375 0.40375 0.40375
-0.27679976 -0.090000002 0.235 -0.38125 -0.595 -0.68 -0.3525 0.10125 -0.10375 -0.17551939 -0.3625 -0.56 -0.56 0.15875 0.15874192 -1.0894774 -1.09 -1.09 -0.2438807 -0.63500006 -0.9125 -0.91249999 0.52625 -0.23493253 -0.02815936 -0.05625 0.25375 0.17375 0.66711629 0.67 0.05625 1.2475 0.79232182 0.5525 1.24 1.25875 1.71875 0.83 1.8645221 1.0285653 2.1025 1.38875 1.0388031 1.03875 1.0349367 0.36125 0.85874997 0.6275 0.6275 0.6275 0.6275 0.4046838 0.15375
-1.32125 -1.32125 0.22375 -0.2075 -0.59375 -0.3375 -0.44 -0.54375 -0.32875 -0.19381021 -0.16875 0.60125 0.15875 0.15875 -0.7 -0.70534903 -1.09 -1.0898775 -0.55 -0.635 -0.635 -0.67075132 0.52625 0.44625151 0.44625 0.44625 0.25375 0.70375 0.70375 0.67 0.67 1.2457859 0.34375 0.5525 0.90625 1.25875 1.71875 1.59 1.865 0.89842332 1.38875 1.3800257 1.365 1.03875 1.03875 0.85875 0.85875 0.85875 0.6275 0.6275 0.41125 0.41125 0.4112499
-1.32125 -1.32125 -0.35625 -0.7 -0.8225 -0.47125 -0.75374999 -0.073868146 0.01875 -0.2075 -0.2525 -0.535 0.59973666 -0.7 -0.7 -0.69998486 -0.56875 -0.56776591 -0.55 -0.59875 -0.59875 -0.77625 -0.77625 0.44625 0.44625 0.44625 0.70375 0.70375 0.70375 -0.25625 -0.25625 -0.25624901 0.62875 0.62875 0.54125 0.24625 1.45625 1.062502 1.2975 0.8825 0.8825 0.64000238 1.365 1.03875 0.84749986 0.61 1.0417086 1.0425 1.13 1.13 0.41125 0.41125 0.41125
-1.32125 -0.904619 -0.50294039 -0.74499075 0.025 -0.59375 -0.75375 -0.07375 0.018749228 -0.20499342 -0.53499957 -0.535 -0.50875 -0.7 -0.7 -0.56875 -0.56875 -0.56874893 -0.55 -0.59875 -0.63360739 -0.77625 -0.77625 0.44620112 0.44625 0.35256492 0.16125 0.16125 0.16125007 -0.25625 -0.25625 -0.17125 -0.17125 0.62874976 0.54125 0.76000005 1.4305929 1.0625 1.0625 0.88249999 0.64 0.64 0.64000161 0.8475 0.8475 0.61 1.0425 1.0425 1.13 1.13 0.41125 0.41125 0.41125
0.0825 -0.056526196 -0.026274711 -0.031447757 0.024996636 -0.59373539 -0.75375 -0.082120404 0.012375804 0.01284201 -0.50875 -0.50875 -0.50875 -0.50875 -0.69997291 -0.56875 -0.56875 -0.56850791 -0.55 -0.59869871 -0.4225 -0.4225 -0.4225 -0.4225 0.43131575 0.16125 0.16125 0.16125 0.16125 0.16096636 -0.17125 -0.17125 -0.17125 -0.17125 0.76 0.76 0.76 1.0481871 1.0569985 0.33 0.33 0.63998333 0.51251147 0.84746773 0.8475 0.61 1.0425 1.0425 1.13 1.13 0.41385755 0.41125 0.75796318
0.0825 -0.02625 -0.02625 -0.02625 -0.02625 -0.026250235 -0.75334034 -0.43198729 -0.0046300054 -0.50818751 -0.50875 -0.50875 -0.50875 -0.50875 -0.50874976 -0.56875 -0.56875 -0.56746388 -0.54999985 -0.4225 -0.4225 -0.4225 -0.4225 -0.4225 -0.41331059 0.060967595 0.01625003 0.01625 0.01625 0.01625 -0.17125 -0.17125 -0.17125006 -0.22375 -0.22375 0.76 0.29577845 0.2825 0.32999997 0.33 0.33 0.33 0.5125 0.5125 0.5125 0.51317851 0.94678641 0.94625 0.94625 0.94625 0.94625 0.8949999 0.895
0.43125 -0.02625 -0.02625 -0.02625 -0.02625 -0.02625 -0.026250046 -0.5141542 -0.17544888 -0.17625 -0.17625 -0.17625 -0.17625 -0.17625 -0.17625 0.11027629 -0.55787772 -0.56618235 -0.42251604 -0.4225 -0.4225 -0.4225 -0.4225 -0.42249932 0.0025 0.0025 0.0025000193 0.01625 0.01625 0.015781929 -0.2175 -0.2175 -0.22375 -0.22375 -0.22375 0.20140422 0.2825 0.2825 0.2825 0.33 0.33 0.33 0.5125 0.5125 0.5125 0.5125 0.94624998 0.94625 0.94625 0.94625 0.94625 0.895 0.895
0.43125 0.26092795 -0.02625 -0.02625 -0.02625 -0.02625 -0.31619308 -0.31625 -0.31625 -0.17625 -0.17625 -0.17625 -0.17625 -0.17625 -0.11172245 0.11625 0.11625 0.11625 0.16071868 0.1624994 0.1625 0.1625 0.1625 0.1625 0.0025 0.0025 0.0025 0.0025 0.01625 -0.2175 -0.2175 -0.2175 -0.22375 -0.22375 -0.22375 0.19125 0.28237918 0.2825 0.2825 0.32990263 0.13553904 -0.31805729 0.5125 0.5125 -0.1454632 -0.1475 -0.1475 0.94411466 -0.34671582 -0.35124989 -0.35124975 -0.0048638599 0.89499817
0.43125 -0.16358338 -0.10405458 -0.02625 -0.02625 -0.31607865 -0.31625 -0.31625 -0.31625 -0.31524112 -0.17625 -0.17625 -0.17625 -0.17624996 0.11625 0.11625 0.11625 0.11625 0.16245869 0.1625 0.1625 0.1625 0.1625 0.1625 0.0025000037 0.0025 0.0025 0.0025 0.001699781 -0.2175 -0.2175 -0.2175 -0.097500003 -0.22370474 0.19125 0.19125 0.19125 0.18889339 -0.28184887 -0.32 -0.32 -0.32 -0.415 -0.415 -0.1475 -0.1475 -0.1475 -0.35125 -0.35125 -0.35125 -0.35125 -0.005 -0.005
-0.17952022 -0.18 -0.18 -0.18 -0.58875 -0.31625703 -0.31625 -0.31625 -0.31625 -0.31625 -0.12798609 -0.17624169 -0.17624998 0.11625 0.11625 0.11625 0.11625 0.11625 0.10906501 0.1625 0.1625 0.1625 0.1625 0.1625 -0.17313204 -0.59249678 -0.5925 -0.5925 -0.5925 -0.21749999 -0.097500002 -0.0975 -0.0975 -0.0975 0.19125 0.19124434 -0.02375 -0.02375 -0.31630088 -0.32 -0.32 -0.32 -0.415 -0.415 -0.18891821 -0.1475 -0.1475 -0.35125 -0.35125 -0.35125 -0.3475373 -0.005 -0.005
-0.18 -0.18 -0.18 -0.37248647 -0.58875 -0.58875 -0.31625 -0.31625 -0.31625 -0.31625 0.46125 0.46125 0.46125 0.11625 0.11625 0.11625 0.11625 0.11625 -0.055 -0.055 0.16249991 0.1625 0.15273125 -0.23875 -0.24193466 -0.5925 -0.5925 -0.5925 -0.5925 -0.097550403 -0.0975 -0.0975 -0.0975 -0.0975 -0.023749244 -0.02375 -0.02375 -0.02375 -0.024811634 -0.32 -0.32 -0.32 -0.415 -0.415 -0.415 -0.1475 -0.1475 -0.35124999 -0.35125 -0.35125 -0.0050000003 -0.005 -0.005
-0.18 -0.18 -0.18 -0.58875 -0.58875 -0.58875 -0.58874958 -0.31625 -0.31625 0.4604474 0.46125 0.46125 0.46125 0.46103505 0.11625 0.11625 0.11625 0.11625 -0.055 -0.055 -0.055 -0.23875 -0.23875 -0.23875 -0.23881128 -0.52168922 -0.5925 -0.5925 -0.5925 -0.37524832 -0.42496779 -0.425 -0.425 -0.425 -0.16649451 -0.36624922 -0.36625 -0.36625 -0.36625 -0.74994116 -0.75 -0.75 -0.415 -0.415 -0.37750016 -0.37749987 -0.015 -0.015 -0.17 -0.17 -0.17 -0.005 0.24852312
-0.18000064 -0.18 -0.18000001 -0.58875 -0.58875 -0.58875 -0.58875 -0.67874989 -0.31769942 0.46063906 0.46125 0.46125 0.46125 0.46057301 0.11625 0.11625 0.11625 0.11624995 -0.055 -0.055 -0.055 -0.23875 -0.23875 -0.23875 -0.4575 -0.4575 -0.61875 -0.61875 -0.61875 -0.61769303 -0.425 -0.425 -0.425 -0.425 -0.39564124 -0.36625 -0.36625 -0.36625 -0.36625 -0.75 -0.75 -0.75 -0.73827972 -0.3775 -0.3775 -0.3775 -0.015 -0.015 -0.17 -0.17 -0.17 0.24874999 0.24875
-0.3875 -0.30048907 -0.63875 -0.63873549 -0.58875 -0.67822926 -0.67875 -0.67875 -0.63092531 -0.21250001 -0.2125 -0.2125 -0.2125 0.12998885 0.13 0.11625001 0.11625 0.11173781 -0.055 -0.055 -0.055 -0.64 -0.64 -0.64 -0.4575 -0.4575 -0.61875 -0.61875 -0.61875 -0.6187502 -0.89374702 -0.89374868 -0.43678133 -0.42550253 -1.0430412 -1.04375 -1.04375 -1.04375 -1.04375 -0.75 -0.75 -0.75 -0.39801114 -0.3775 -0.3775 -0.3775 -0.015 -0.015 -0.01500558 -0.17 -0.16999044 0.04375 0.24875
-0.4812322 -0.48125003 -0.63875 -0.63875 -0.63875 -0.67875 -0.67875 -0.67875 -0.5475 -0.5475 -0.2125 -0.2125 -0.2125 0.13 0.13 0.13 0.13 0.12997942 -0.055 -0.055 -0.055000022 -0.64 -0.64 -0.64 -0.4575 -0.4575 -0.61875 -0.61875 -0.61875 -0.89064935 -0.89375 -0.89375 -0.89375 -0.89375 -1.043676 -1.04375 -1.04375 -1.04375 -1.04375 -0.94374995 -0.94375 -0.94375 -0.94375 -0.37749999 -0.37625 -0.37625 -0.37625 0.075 0.075 0.075 0.04375 0.04375 0.04375
-0.48125 -0.48125 -0.63875 -0.63875 -0.63875 -0.67853975 -0.67875 -0.5475 -0.5475 -0.5475 -0.21254124 -0.2125 -0.31464059 0.12999989 0.13 0.13 0.13 -0.285 -0.285 -0.285 -0.73 -0.72999993 -0.64000044 -0.64 -0.64014143 -0.965 -0.965 -0.96499917 -0.61880596 -1.1437002 -1.1437487 -1.1437064 -0.89417728 -0.89396575 -1.017197 -1.0437501 -1.0450067 -1.41875 -1.41875 -0.94375 -0.94375 -0.94375 -0.94375 -0.37625 -0.37625 -0.37625 -0.37625 0.075 0.075 0.075 0.04375 0.04375 0.04375
-0.48125 -0.48125 -0.63875 -0.63875 -0.63875 -0.63875 -0.62962696 -0.5475 -0.5475 -0.5475 -0.547384 -0.3375 -0.3375 -0.3375 0.12724491 0.13 -0.28223454 -0.285 -0.285 -0.285 -0.73 -0.73 -0.73 -0.73 -0.965 -0.965 -0.965 -0.965 -0.965 -1.14375 -1.14375 -1.14375 -1.14375 -1.14375 -1.13 -1.41875 -1.41875 -1.41875 -1.41875 -1.4187477 -0.77375 -0.77375 -0.77375 -0.62975456 -0.33125 -0.33125 -0.33125 0.074999988 0.074999645 -0.29125 -0.29125 0.20496077 0.205
-0.48125 -0.48125 -0.58190356 -0.63875 -0.63875 -0.63875 -0.70347273 -0.54799241 -0.5475 -0.5475 -0.33750001 -0.3375 -0.3375 -0.3375 -0.3375 -0.29917272 -0.285 -0.285 -0.285 -0.285 -0.72999656 -0.73 -0.73 -0.73 -0.965 -0.965 -0.965 -0.965 -0.965 -1.2721437 -1.14375 -1.14375 -1.14375 -1.13 -1.13 -1.1302242 -1.41875 -1.41875 -1.1619823 -0.96250004 -0.77375 -0.77375 -0.77375 -0.63281123 -0.33125 -0.33125 -0.33125 -0.77875 -0.2973242 -0.29125 -0.29125 0.205 0.205
-0.525 -0.525 -0.525 -0.61022975 -0.63870984 -0.70375 -0.70375 -0.70375 -0.70375 -0.4025 -0.4025 -0.3375 -0.3375 -0.3375 -0.3375 -0.33749668 -0.285 -0.285 -0.285 -0.285 -0.53581644 -0.73 -0.73 -0.72309755 -0.48845877 -0.965 -0.965 -0.965 -1.3175 -1.3175 -1.3175 -1.3174993 -1.13 -1.13 -1.13 -1.13 -0.9625 -0.9625 -0.9625 -0.9625 -0.60125 -0.60125 -0.60125 -0.67749847 -0.6775 -0.6775 -0.67749989 -0.77875 -0.77875 -0.29184399 -0.29125 0.2049983 0.205
-0.525 -0.525 -0.525 -0.52500458 -0.61 -0.62363279 -0.70375 -0.70375 -0.70375 -0.4025 -0.4025 -0.4025 -0.52874999 -0.52875 -0.52875 -0.52874999 -0.28480995 -0.285 -0.285 -0.285 -0.29173338 -0.46625072 -0.46625 -0.46625 -0.46625 -0.46625001 -0.7375 -0.7375 -1.3175 -1.3175 -1.3175 -1.3175 -1.1299999 -1.13 -1.13 -1.1299852 -0.96249999 -0.9625 -0.9625 -0.96111815 -0.60125 -0.60125 -0.60125 -0.67749646 -0.6775 -0.6775 -0.6775 -0.77875 -0.77875 -0.77874991 -0.1325 -0.1325 -0.10125
-0.525 -0.525 -0.525 -0.6099998 -0.61 -0.61 -0.70374996 -0.70375 -0.70375 -0.4025 -0.4025 -0.4025 -0.52875 -0.52875 -0.52875 -0.50228456 -0.18125 -0.18125 -0.18125027 -0.28441399 -0.46625 -0.46625 -0.46625 -0.46625 -0.46625 -0.46645413 -0.7375 -0.7375 -0.7375 -1.3175 -1.3175 -1.3173858 -0.94875 -0.94875 -0.94875 -0.545 -0.545 -0.6475 -0.6475 -0.6475 -0.21875 -0.60113002 -0.6012484 -0.3875 -0.3875 -0.39849067 -0.67749941 -0.77875 -0.77875 -0.1325 -0.1325 -0.1325 -0.10125
-0.525 -0.525 -0.525 -0.61 -0.61 -0.61 -0.61 -0.70375 -0.70375 -0.4025 -0.4025 -0.52370182 -0.52875 -0.52875 -0.52875 -0.18125 -0.18125 -0.18125 -0.18125 -0.18125 -0.46625 -0.46625 -0.46625 -0.46625 -0.46625 -0.73749907 -0.7375 -0.7375 -0.7375 -1.14 -1.14 -1.14 -0.94875 -0.94875 -0.94875 -0.545 -0.545 -0.6475 -0.6475 -0.21875 -0.21875 -0.21875 -0.3875 -0.3875 -0.3875 -0.3875 -0.34488607 0.13125 0.13125 0.13125 -0.13249999 0.5025 0.5025
-0.525 -0.525 -0.52511837 -0.61 -0.61 -0.61 -0.61 -0.71948135 -0.725 -0.72444631 -0.4025 -0.52874246 -0.52875 -0.52875 -0.5287488 -0.18125 -0.18125 -0.18125 -0.18125 -0.18125 0.41963233 -0.46625 -0.46625 -0.46625 -0.46615757 -0.73745949 -0.7375 -0.7375 -0.7375 -1.14 -1.14 -1.14 -1.1399735 -0.94875 -0.545 -0.545 -0.545 -0.54500419 -0.64747076 -0.21875 -0.21875 -0.21875 -0.38748976 -0.3875 -0.3875 -0.3875 0.13124981 0.13125 0.13125 0.13125 0.5025 0.5025 0.5025
-0.50375 -0.50375004 -0.60995154 -0.61 -0.61 -0.61 -0.72497553 -0.725 -0.725 -0.725 -0.43875001 -0.43875 -0.43875 -0.43875 -0.18243848 -0.18125 -0.18125 -0.18125 -0.18125 0.45749962 0.4575 0.4575 -0.017500075 -0.0175 -0.0175 -0.0175 -0.079645261 -0.7375 -1.2699782 -1.27 -1.27 -1.27 -1.27 -0.51375 -0.51375 -0.51375 -0.51375 -0.51375 -0.09375 -0.09375 -0.09375 -0.09375 -0.093750001 0.11673875 0.1175 0.1175 0.1175 0.13125 0.13125 0.13125 0.50244151 0.5025 0.5025
-0.50375 -0.50375 -0.50316396 -0.43375035 -0.43375004 -0.43403404 -0.725 -0.725 -0.725 -0.725 -0.43875 -0.43875 -0.43875 -0.43875 -0.43875 -0.18125 -0.18125 -0.18125 0.45749984 0.4575 0.4575 0.4575 -0.017499998 -0.0175 -0.0175 -0.0175 -0.0175 -0.017653603 -1.269931 -1.27 -1.27 -1.27 -1.2699723 -0.63421659 -0.51387474 -0.51375 -0.51375 -0.51375 -0.09375 -0.09375 -0.09375 -0.09375 -0.093750002 0.1175 0.1175 0.1175 0.1175 0.12392977 0.13125 0.3240744 0.32625 0.0675 0.0675
-0.50375 -0.50375 -0.43375887 -0.43375 -0.43375 -0.43375 -0.50772627 -0.725 -0.725 -0.725 -0.43875 -0.43875 -0.43875 -0.43875 -0.43875 -0.18144068 -0.18125 0.45731272 0.4575 0.4575 0.4575 0.4575 0.15846683 -0.0175 -0.0175 -0.0175 -0.0175 -0.018260362 -1.09125 -1.09125 -1.09125 -1.09125 -1.09125 -0.72625 -0.72625 -0.72625 -0.72625 -0.72625 -0.475 -0.475 -0.475 -0.475 -0.475 0.11774417 0.11750005 0.1175 0.11751695 0.11956969 0.32625 0.32625 0.32625 0.067501449 0.0675
