interpolatedSpi/03-10|23_2.tif
NCOLS 53
NROWS 52
XLLCORNER -116.03883
YLLCORNER 28.596182
DX 0.49850594
DY 0.49788537
NODATA_VALUE -9999
[rows 0 to 33 of 52, columns 0 to 52 of 53]
-0.04 -0.04 -0.36357799 -0.33625 -0.16 -0.20375 -0.26 -0.06375 -0.86397381 -0.74125 -0.44875 -0.5575 -0.93747375 -0.61875 -0.41875 -0.41875 -0.41875 -0.685 -0.54 -0.54 -0.54 -0.53999713 -0.24250001 -0.8725 -0.8725 -0.8725 -1.0012497 -1.00125 -1.00125 -1.4 -1.4 -1.4 -1.4 -1.48375 -1.48375 -1.48375 -1.48375 -1.48375 -1.48375 -1.48375 0.11280336 0.12973341 -0.91625 -0.91625 -0.91625 -0.91625 -0.91584983 -0.67125 -0.67125 -0.67125 -0.29750078 -0.2975 -0.2975
-0.040022715 -0.55125 -0.19875013 -0.19273563 -0.30374587 -0.43 -0.4975 -0.54234929 -0.75875 -0.79 -0.64625 -0.9375 -0.9375 -0.82431227 -0.61875072 -0.41875 -0.685 -0.685 -0.54018906 -0.54 -0.54 -0.54 -0.88954126 -0.8725 -0.8725 -0.8725 -0.71500001 -0.715 -1.4 -1.4 -1.4 -1.4 -1.4 -1.48375 -1.48375 -1.48375 -1.48375 -1.48375 -1.48375 -1.3036912 -0.35383824 -0.84799556 -0.91625 -0.91625 -0.91625 -0.91625 -0.91625 -0.67125 -0.67125 -0.67125 -0.64025829 -0.2975 -0.2975
0.46247218 0.4625 -0.3075 -0.23125 -0.39375 0.1825 -0.27875 0.14125 -0.75625 -0.8325 -0.8275 -0.6575 -1.06125 -1.0075 -0.825 -1.3425 -0.685 -0.685 -0.685 -0.45752398 -0.4575 -0.4575 -1.19625 -0.8725 -0.8725 -0.8725 -0.715 -0.715 -0.715 -1.4 -1.4 -1.4 -1.322976 -1.4825765 -1.479259 -1.0056714 -1.00125 -1.00125 -0.91981156 -0.35375 -0.35375 -0.3544693 -0.91625 -0.91625 -0.91625 -0.91625 -0.91625 -0.67125 -0.67125 -0.67125 -0.67125 -0.2975 -0.2975
0.3225 0.46249983 -0.38139208 -0.18625 -0.88375 -0.51625 -0.41 -0.73625 -0.51875 -0.80796635 -0.955 -1.05125 -1.0175 -1.0075 -1.29125 -1.3425 -0.89718336 -0.89360374 -0.71125 -0.4575 -0.4575 -0.975 -1.19625 -1.19625 -0.8725 -0.87249921 -0.715 -0.715 -0.715 -1.09 -1.1723017 -1.24 -1.24 -1.2399998 -1.00125 -1.00125 -1.00125 -1.00125 -0.35375 -0.35375 -0.35375 -0.35375002 -0.91625 -0.91625 -0.91625 -0.91625 -0.91625 -0.67125309 -0.67125 -0.67125 -0.67125 -0.29753916 -0.2975
0.3225 -0.22625028 -0.38125 -0.88039998 -0.88375 -1.015 -1.0212776 -1.4575 -1.48375 -1.0212502 -1.1559464 -1.2124044 -0.545 -1.29125 -1.29125 -1.3184908 -0.89375 -0.89375 -0.71125 -0.71125 -0.45750103 -0.975 -0.73625 -0.23375 -0.61875 -0.61873453 -0.715 -0.715 -1.09 -1.09 -1.24 -1.24 -1.24 -1.172585 -1.00125 -1.00125 -1.00125 -0.35375 -0.35375 -0.35375 -0.35375 -0.35381467 -0.91625 -0.91625 -0.91625 -0.91625 -0.91625 -0.9140692 -0.67125 -0.67128699 -1.49625 -1.49625 -1.49625
-1.20875 -0.7225 -0.67999999 -0.55875 -0.63875 -1.09875 -1.3725 -1.3833824 -1.41375 -1.605 -1.60375 -1.3025 -1.3024995 -1.275 -1.275 -0.63616369 -0.63625 -0.92 -0.92 -0.71124981 -0.91 -0.91 -0.23375 -0.61875 -0.61875 -0.5525 -1.06875 -1.06875 -0.88126953 -1.09 -1.24 -1.24 -0.8825 -0.88248276 -0.71751181 -0.66625 -0.66625 -0.45042901 -0.35375 -0.35375 -1.0229144 -1.02375 -1.0237488 -0.89291925 -0.89250262 -0.89250001 -0.8925 -0.89250001 -1.4223641 -1.49625 -1.49625 -1.49625 -1.49625
-3.6813856e-06 -0.48125 -0.22239149 -0.78125 -0.815 -1.37 -1.085 -1.25 -1.655 -1.655 -1.60375 -1.5775 -1.3299999 -1.275 -0.27875298 -0.27875 -0.63625 -0.0975 -0.49125 -0.49125 -0.70028712 -0.465 -0.465 -0.56625 -0.5525 -0.5525 -1.06875 -1.06875 -0.88127499 -0.88171001 -0.64829698 -0.8825 -0.8825 -0.7175 -0.7175 -0.84938521 -0.66625 -0.66625 -1.039987 -1.02375 -1.02375 -1.02375 -1.0237435 -0.89250077 -0.8925 -0.8925 -0.8925 -0.89250032 -1.43625 -1.4962381 -1.49625 -1.49625 -1.49625
-1.3900556e-17 -0.69875 -0.25875 -1.04625 -0.61002501 -1.19625 -1.635 -1.59875 -1.35875 -1.63375 -1.63375 -1.05875 -1.33 -1.33 -0.28596255 -0.46887052 -0.4875 -0.18125 -0.52124997 -0.49125 -0.46249671 -0.4175 -0.9325 -0.14125 -0.14125995 -0.9125 -0.605 -0.60500016 -1.3084976 -1.31 -0.64625 -0.91936919 -0.765 -0.7175 -0.72516507 -1.0025 -1.0025 -1.04 -1.04 -1.02375 -1.02375 -1.02375 -1.0285025 -1.03125 -0.8925 -0.8925 -0.8925 -1.4362293 -1.43625 -1.43625 -1.49625 -1.49625 -1.49625
-0.76872879 -0.69874999 0.02875 -0.94625 -0.73375 -1.41125 -0.99 -0.6675 -1.42875 -0.80375827 -0.53125 -1.16375 -1.16375 -0.61875 -0.61874978 -0.60965858 -0.61 -0.61 -0.23315153 -1.06875 -0.9475 -0.94749999 -1.265 -1.0635328 -0.83477836 -0.9125 -0.72 -0.605 -0.71063258 -0.71125 -0.9625 -1.0225 -0.82544511 -1.19 -0.98625 -1.16375 -1.0525 -0.755 -0.67128867 -1.021546 -0.53 -0.59125 -1.0311678 -1.03125 -1.030469 -0.8925 -1.1575 -1.43625 -1.43625 -1.43625 -1.43625 -1.4059821 -0.11625
-1.16 -1.16 0.09625 -0.16125 -0.9675 -0.62875 -0.775 -1.29875 -0.84625 -0.64503396 -1.10375 -0.35375 -0.61875 -0.61875 -0.595 -0.59520573 -0.61 -0.60991338 -0.20375 -1.06875 -1.06875 -1.0531289 -1.265 -0.98250535 -0.9825 -0.9825 -0.72 -0.41375 -0.41375 -0.71125 -0.71125 -1.0217579 -0.63125 -1.19 -0.915 -1.16375 -1.0525 -1.31 -0.67125 -0.29125995 -0.59125 -0.56737294 -0.52625 -1.03125 -1.03125 -1.1575 -1.1575 -1.1575 -1.43625 -1.43625 -0.77125 -0.77125 -0.77124975
-1.16 -1.16 -0.47 -0.85 -0.86625 -0.3225 -1.14375 -0.50475489 -0.485 -0.54625 -0.36875 -0.185 -0.35352574 -0.595 -0.595 -0.59498457 -0.46125 -0.44773519 -0.20375 -0.175 -0.175 -0.34 -0.34 -0.9825 -0.9825 -0.9825 -0.41375 -0.41375 -0.41375 -0.71625 -0.71625 -0.71624986 -0.84125 -0.84125 -1.38375 -1.01875 -0.65 -0.71750485 -0.68875 -0.285 -0.285 -0.74374929 -0.52625 -1.03125 -0.31125023 -0.43875 -0.4878963 -0.485 -0.73875 -0.73875 -0.77125 -0.77125 -0.77125
-1.16 -0.86213866 -0.63215955 -0.95998798 -0.39875 -0.62 -1.14375 -0.50375 -0.48500016 -0.54557142 -0.18500047 -0.185 0.035 -0.595 -0.595 -0.46125 -0.46125 -0.46123534 -0.20375 -0.175 -0.20740264 -0.34 -0.34 -0.98247361 -0.9825 -0.75198541 -0.28125 -0.28125 -0.28125002 -0.71625 -0.71625 -0.25875 -0.25875 -0.84125149 -1.38375 -0.69250034 -0.75222562 -0.7175 -0.7175 -0.28500001 -0.74375 -0.74375 -0.74374684 -0.31125 -0.31125 -0.43875 -0.485 -0.485 -0.73875 -0.73875 -0.77125 -0.77125 -0.77125
-0.38 -0.39995583 -0.38876677 -0.39288091 -0.39875128 -0.61999478 -1.14375 -0.51162803 -0.48629207 -0.4865994 0.035 0.035 0.035 0.035 -0.59491076 -0.46125 -0.46125 -0.45792526 -0.20375 -0.17488772 0.21375 0.21375 0.21375 0.21375 -0.9616746 -0.28125 -0.28125 -0.28125 -0.28125 -0.28138516 -0.25875 -0.25875 -0.25875 -0.25875 -0.6925 -0.6925 -0.6925 -0.71695956 -0.71611994 -0.53375 -0.53375 -0.7437387 -0.5187429 -0.31126999 -0.31125 -0.43875 -0.485 -0.485 -0.73875 -0.73875 -0.77113209 -0.77125 -0.94882943
-0.38 -0.38875 -0.38875 -0.38875 -0.38875 -0.3887501 -1.1424092 -0.84092336 -0.4897392 0.034438541 0.035 0.035 0.035 0.035 0.035000374 -0.46125 -0.46124996 -0.44358726 -0.20375223 0.21375 0.21375 0.21375 0.21375 0.21375 0.22104373 0.049935168 0.14749991 0.1475 0.1475 0.1475 -0.25874999 -0.25875 -0.25874929 0.335 0.335 -0.6925 -0.015611513 0.00375 -0.53374969 -0.53375 -0.53375 -0.53375 -0.51875 -0.51875 -0.51875 -0.51819327 -0.13478388 -0.1325 -0.1325 -0.1325 -0.13250001 -0.60250003 -0.6025
-0.5325 -0.38875 -0.38875 -0.38875 -0.38875 -0.38875 -0.38875005 -0.53794508 0.55815054 0.56375 0.56375 0.56375 0.56375 0.56375 0.56374999 0.7191599 -0.44244156 -0.42598937 0.21369742 0.21375 0.21375 0.21375 0.21375 0.21375037 0.55125 0.55125 0.55124943 0.1475 0.1475 0.14867643 0.735 0.735 0.335 0.335 0.335 0.056812867 0.00375 0.00375 0.00375 -0.53375 -0.53375 -0.53375 -0.51875 -0.51875 -0.51875 -0.51875 -0.1325 -0.1325 -0.1325 -0.1325 -0.1325 -0.6025 -0.6025
-0.5325 -0.47898351 -0.38875 -0.38875 -0.38875 -0.38875 0.59855619 0.59875 0.59875 0.56375 0.56375 0.56375 0.56375 0.56375 0.59877136 0.7225 0.7225 0.7225 0.53152975 0.53249967 0.5325 0.5325 0.5325 0.5325 0.55125 0.55125 0.55125 0.55125 0.1475 0.735 0.735 0.735 0.33500004 0.335 0.335 0.5025 0.0044103605 0.00375 0.00375 -0.53372638 -0.48700458 -0.377967 -0.51875 -0.51875 -0.40908947 -0.40875 -0.40875 -0.13278046 -0.30190593 -0.30249999 -0.30249997 -0.19631152 -0.60249917
-0.5325 0.21195433 -0.0743689 -0.38875 -0.38875 0.59816654 0.59875 0.59875 0.59875 0.59849778 0.56375 0.56375 0.56375 0.56375002 0.7225 0.7225 0.7225 0.7225 0.53266972 0.5325 0.5325 0.5325 0.5325 0.5325 0.55125 0.55125 0.55125 0.55125 0.55191836 0.735 0.735 0.735 0.80875 0.33502847 0.5025 0.5025 0.5025 0.5013911 -0.3533398 -0.3775 -0.3775 -0.3775 -0.69375 -0.69375 -0.40875 -0.40875 -0.40875 -0.3025 -0.3025 -0.3025 -0.3025 -0.19625 -0.19625
0.23212486 0.2325 0.2325 0.23250001 0.8325 0.59875603 0.59875 0.59875 0.59875 0.59875 0.56053242 0.56374945 0.56375 0.7225 0.7225 0.7225 0.7225 0.7225 0.71652191 0.5325 0.5325 0.5325 0.5325 0.5325 0.61737491 0.73999898 0.74 0.74 0.74 0.735 0.80875 0.80875 0.80875 0.80875 0.5025 0.50249743 0.405 0.405 -0.36772932 -0.3775 -0.3775 -0.3775 -0.69375 -0.69375 -0.45287781 -0.40875 -0.40875 -0.3025 -0.3025 -0.3025 -0.30136072 -0.19625 -0.19625
0.2325 0.2325 0.2325 0.51504895 0.8325 0.8325 0.59875 0.59875 0.59875 0.59875 0.52125 0.52125 0.52125 0.7225 0.7225 0.7225 0.7225 0.72253408 0.86375 0.86375 0.53250013 0.5325 0.53408248 0.5975 0.59878287 0.74 0.74 0.74 0.74 0.808743 0.80875 0.80875 0.80875 0.80875 0.40500034 0.405 0.405 0.405 0.40222235 -0.3775 -0.3775 -0.3775 -0.69375 -0.69375 -0.69375 -0.40875 -0.40875 -0.3025 -0.3025 -0.3025 -0.19625 -0.19625 -0.19625
0.2325 0.2325 0.2325 0.8325 0.8325 0.8325 0.83249964 0.59875 0.59875 0.52133 0.52125 0.52125 0.52125 0.52137539 0.88944337 0.92875 0.92875 0.92875 0.86375 0.86375 0.86375 0.5975 0.5975 0.5975 0.59751015 0.68426929 0.74 0.74 0.74 0.52052061 0.45628467 0.45625 0.45625 0.45625 0.22080951 -0.038748992 -0.03875 -0.03875 -0.03875 -0.45248974 -0.4525 -0.4525 -0.69375 -0.69375 -0.38875127 -0.38874998 -0.345 -0.345 -0.1575 -0.1575 -0.1575 -0.19625 -0.15129024
0.23250096 0.2325 0.23250002 0.8325 0.8325 0.8325 0.8325 0.52125002 0.59844012 0.52132254 0.52125 0.52125 0.52125 0.52204963 0.92875 0.92875 0.92875 0.92874998 0.86375 0.86375 0.86375 0.5975 0.5975 0.5975 0.63375 0.63375 0.75625 0.75625 0.75625 0.75461341 0.45625 0.45625 0.45625 0.45625 0.20888587 -0.03875 -0.03875 -0.03875 -0.03875 -0.4525 -0.4525 -0.4525 -0.45049418 -0.38875 -0.38875 -0.38875 -0.345 -0.345 -0.1575 -0.1575 -0.1575 -0.15125 -0.15125
0.5425 0.40180121 0.44375 0.44386278 0.8325 0.52305088 0.52125 0.52125 0.61462202 0.60125 0.60125 0.60125 0.60125 0.99623714 0.99625 0.92875005 0.92875 0.92703735 0.86375 0.86375 0.86375 0.51625 0.51625 0.51625 0.63375 0.63375 0.75625 0.75625 0.75625 0.75624979 0.46999991 0.46999996 0.45659559 0.45626474 -0.23296156 -0.23375 -0.23375 -0.23375 -0.23375 -0.4525 -0.4525 -0.4525 -0.39226014 -0.38875 -0.38875 -0.38875005 -0.345 -0.345 -0.34499325 -0.1575 -0.15751755 -0.55 -0.15125
0.61123694 0.61124997 0.44375 0.44375 0.44375 0.52125 0.52125 0.52125 0.7775 0.7775 0.60125 0.60125 0.60125 0.99625 0.99625 0.99625 0.99625 0.99623504 0.86375 0.86375 0.86374999 0.51625 0.51625 0.51625 0.63375 0.63375 0.75625 0.75625 0.75625 0.47322749 0.47 0.47 0.47 0.47 -0.23340274 -0.23375 -0.23375 -0.23375 -0.23375 -0.25250005 -0.2525 -0.2525 -0.2525 -0.38875237 -0.6975 -0.6975 -0.6975 -0.82625 -0.82625 -0.82625 -0.55 -0.55 -0.55
0.61125 0.61125 0.44375 0.44375 0.44375 0.52084265 0.52125 0.7775 0.7775 0.7775 0.6012717 0.60125 0.62372093 0.99624992 0.99625 0.99625 0.99625 0.42375 0.42375 0.42375 0.42 0.42000007 0.51624953 0.51625 0.51630967 0.56125 0.56125 0.56125046 0.75621849 0.28003786 0.28000101 0.28003317 0.46967527 0.46983603 -0.10853384 -0.23375002 -0.23395945 -0.29625 -0.29625 -0.2525 -0.2525 -0.2525 -0.2525 -0.6975 -0.6975 -0.6975 -0.6975 -0.82625 -0.82625 -0.82625 -0.55 -0.55 -0.55
0.61125 0.61125 0.44375 0.44375 0.44375 0.44375 0.61715689 0.7775 0.7775 0.7775 0.77741783 0.62875 0.62875 0.62875 0.99408424 0.99625 0.427565 0.42375 0.42375 0.42375 0.42 0.42 0.42 0.42 0.56125 0.56125 0.56125 0.56125 0.56125 0.28 0.28 0.28 0.28 0.27999895 -0.21625 -0.29625 -0.29625 -0.29625 -0.29625 -0.29625098 -0.61375 -0.61375 -0.61375 -0.64507102 -0.71 -0.71 -0.71 -0.82625 -0.82625017 -0.99875 -0.99875 -0.35129835 -0.35125
0.61125 0.61125 0.50420574 0.44375 0.44375 0.44375 0.57286378 0.77685395 0.7775 0.7775 0.62874999 0.62875 0.62875 0.62875 0.62875 0.6588423 0.42375 0.42375 0.42375 0.42375 0.42000003 0.42 0.42 0.42 0.56125 0.56125 0.56125 0.56125 0.56125 0.066626335 0.28 0.28 0.28 -0.21625 -0.21625 -0.21631212 -0.29625 -0.29625 -0.58608094 -0.81124995 -0.61375 -0.61375 -0.61375 -0.64485352 -0.71 -0.71 -0.71 -0.74375 -0.99557272 -0.99875 -0.99875 -0.35125 -0.35125
0.6625 0.6625 0.6625 0.49859664 0.44378003 0.5725 0.5725 0.5725 0.5725 0.56375 0.56375 0.62875 0.62875 0.62875 0.62875 0.62873698 0.42375 0.42375 0.42375 0.42375 0.42163638 0.42 0.42 0.42749128 0.69979331 0.56125 0.56125 0.56125 -0.00875 -0.00875 -0.00875 -0.0087487879 -0.21625 -0.21625 -0.21625 -0.21625 -0.81125 -0.81125 -0.81125 -0.81125 -0.6 -0.6 -0.6 -0.76124676 -0.76125 -0.76125 -0.76124998 -0.74375 -0.74375 -0.9984393 -0.99875 -0.35125079 -0.35125
0.6625 0.6625 0.6625 0.66248923 0.4625 0.47849581 0.5725 0.5725 0.5725 0.56375 0.56375 0.56375 -0.17499996 -0.175 -0.175 -0.17499999 0.42266693 0.42375 0.42375 0.42375 0.42370876 0.70624921 0.70625 0.70625 0.70625 0.70624998 0.052500004 0.0525 -0.00875 -0.00875 -0.00875 -0.00875 -0.21624997 -0.21625 -0.21625 -0.21624684 -0.81125 -0.81125 -0.81125 -0.81076745 -0.6 -0.6 -0.6 -0.76124252 -0.76125 -0.76125 -0.76125 -0.74375 -0.74375 -0.74374997 -0.5075 -0.5075 -0.25375
0.6625 0.6625 0.6625 0.46250046 0.4625 0.4625 0.57249996 0.5725 0.5725 0.56375 0.56375 0.56375 -0.175 -0.175 -0.175 -0.1744288 -0.1675 -0.1675 -0.16749847 0.42041047 0.70625 0.70625 0.70625 0.70625 0.70625 0.70575802 0.0525 0.0525 0.0525 -0.00875 -0.00875 -0.0087982745 -0.1775 -0.1775 -0.1775 -0.655 -0.655 -0.70125 -0.70125 -0.70125 -0.58375 -0.5999949 -0.59999995 -0.59375 -0.59375 -0.60009806 -0.76124953 -0.74375 -0.74375 -0.5075 -0.5075 -0.5075 -0.25375
0.6625 0.6625 0.6625 0.4625 0.4625 0.4625 0.4625 0.5725 0.5725 0.56375 0.56375 -0.14546065 -0.175 -0.175 -0.175 -0.1675 -0.1675 -0.1675 -0.1675 -0.1675 0.70625 0.70625 0.70625 0.70625 0.70625 0.05250223 0.0525 0.0525 0.0525 -0.08375 -0.08375 -0.08375 -0.1775 -0.1775 -0.1775 -0.655 -0.655 -0.70125 -0.70125 -0.58375 -0.58375 -0.58375 -0.59375 -0.59375 -0.59375 -0.59375 -0.59364732 -0.5925 -0.5925 -0.5925 -0.5075 -0.35875 -0.35875
0.6625 0.6625 0.66222149 0.4625 0.4625 0.4625 0.4625 0.36610881 0.36125 0.36159767 0.56374997 -0.1749911 -0.175 -0.175 -0.17499997 -0.1675 -0.1675 -0.1675 -0.1675 -0.1675 -0.35348911 0.70625 0.70625 0.70625 0.70618358 0.052518637 0.0525 0.0525 0.0525 -0.08375 -0.08375 -0.08375 -0.083763645 -0.1775 -0.655 -0.655 -0.655 -0.65500194 -0.70124199 -0.58375 -0.58375 -0.58375 -0.59374939 -0.59375 -0.59375 -0.59375 -0.59250163 -0.5925 -0.5925 -0.5925 -0.35875 -0.35875 -0.35875
0.76125 0.76124983 0.46261573 0.4625 0.4625 0.4625 0.36127154 0.36125 0.36125 0.36125 -0.068749989 -0.06875 -0.06875 -0.06875 -0.16704425 -0.1675 -0.1675 -0.1675 -0.1675 -0.39874986 -0.39875 -0.39875 0.38375005 0.38375 0.38375 0.38375 0.35515886 0.0525 -0.097493857 -0.0975 -0.0975 -0.0975 -0.0975 -0.705 -0.705 -0.705 -0.705 -0.705 -0.72375 -0.72375 -0.72375 -0.72375 -0.72375 -0.75475693 -0.755 -0.755 -0.755 -0.5925 -0.5925 -0.5925 -0.35878683 -0.35875 -0.35875
0.76125 0.76125 0.75964868 0.56999978 0.56999998 0.56979643 0.36125 0.36125 0.36125 0.36125 -0.06875 -0.06875 -0.06875 -0.06875 -0.06875 -0.1675 -0.1675 -0.1675 -0.39874994 -0.39875 -0.39875 -0.39875 0.38375 0.38375 0.38375 0.38375 0.38375 0.38367944 -0.097300162 -0.097499998 -0.0975 -0.0975 -0.097419721 -0.47469622 -0.70476153 -0.705 -0.705 -0.70499999 -0.72375 -0.72375 -0.72375 -0.72375 -0.72375 -0.755 -0.755 -0.755 -0.755 -0.67901182 -0.5925 -0.057288689 -0.05125 -0.025 -0.025
0.76125 0.76125 0.57002423 0.57 0.57 0.57 0.51697838 0.36125 0.36125 0.36125 -0.06875 -0.06875 -0.06875 -0.06875 -0.06875 -0.16742815 -0.1675 -0.3986822 -0.39875 -0.39875 -0.39875 -0.39875 0.093867805 0.38375 0.38375 0.38375 0.38375 0.38377579 0.42 0.42 0.42 0.42 0.42 -0.29875 -0.29875 -0.29875 -0.29875 -0.29875 -0.81875 -0.81875 -0.81875 -0.81875 -0.81875 -0.7530955 -0.7549996 -0.755 -0.75486778 -0.73898956 -0.05125 -0.05125 -0.05125 -0.025000147 -0.025
