interpolatedSpi/03-10|21_3.tif
NCOLS 53
NROWS 52
XLLCORNER -116.03883
YLLCORNER 28.596182
DX 0.49850594
DY 0.49788537
NODATA_VALUE -9999
[rows 0 to 36 of 52, columns 0 to 52 of 53]
-1.0575 -1.0575 -1.1426688 -1.26 -1.21125 -1.52375 -1.33375 -1.22375 -1.323141 -1.43875 -1.64875 -1.2175 -1.7762078 -1.26375 -1.47 -1.47 -1.47 -0.72375 -0.8925 -0.8925 -0.8925 -0.89249429 -0.30000001 -1.21 -1.21 -1.21 -0.83875036 -0.83875 -0.83875 -0.54125 -0.54125 -0.54125 -0.54125 -0.95874992 -0.95875 -0.95875 -0.95875 -0.95875 -0.95875 -0.95874999 -0.75222446 -0.74992944 -0.4725 -0.4725 -0.4725 -0.4725 -0.47172212 0.00375 0.00375 0.00375 0.72874849 0.72875 0.72875
-1.0575318 -1.77375 -1.2999994 -1.3372891 -1.5137624 -0.9525 -1.16 -1.427384 -1.69625 -1.63125 -1.52 -1.77625 -1.77625 -1.1877543 -1.2637509 -1.47 -0.72375 -0.72375 -0.89227997 -0.8925 -0.8925 -0.8925 -1.2130266 -1.21 -1.21 -1.21 -1.27 -1.27 -0.54125 -0.54125 -0.54125 -0.54125 -0.54125 -0.95874994 -0.95875 -0.95875 -0.95875 -0.95875 -0.95874999 -0.92532188 -0.75751049 -0.50708254 -0.4725 -0.4725 -0.4725 -0.4725 -0.4725 0.00375 0.00375 0.00375 0.063867694 0.72875 0.72875
-1.5062304 -1.50625 -0.76625 -0.80375 -0.9425 -1.3125 -0.695 -1.17 -1.6 -1.55 -1.36625 -1.75375 -1.16 -1.4675 -1.1875 -1.82875 -0.72375 -0.72375 -0.72375 -1.1549237 -1.155 -1.155 -1.2675 -1.21 -1.21 -1.21 -1.27 -1.27 -1.27 -0.54125 -0.54125 -0.54125001 -0.63632651 -0.95822184 -0.95716766 -0.79030779 -0.78875 -0.78875 -0.78481957 -0.7575 -0.7575 -0.75713556 -0.4725 -0.4725 -0.4725 -0.4725 -0.4725 0.00375 0.00375 0.00375 0.0037500013 0.72875 0.72875
-0.1975 -1.5062499 -0.9937297 -0.315 -0.89625 -0.975 -0.82 -1.1475 -1.01875 -1.2393034 -1.35125 -1.745 -1.6625 -1.4675 -1.3575 -1.82875 -1.9664384 -1.9666286 -1.7825 -1.155 -1.155 -1.55875 -1.2675 -1.2675 -1.21 -1.2100003 -1.27 -1.27 -1.27 -0.9025 -0.81265402 -0.73875 -0.73875 -0.73875004 -0.78875 -0.78875 -0.78875 -0.78875 -0.7575 -0.7575 -0.7575 -0.75749999 -0.4725 -0.4725 -0.4725 -0.4725 -0.4725 0.0037439922 0.00375 0.00375 0.00375 0.7287028 0.72875
-0.1975 0.057498072 -0.99375 -1.273224 -0.89625 -0.74 -1.4024723 -1.215 -1.3075 -1.1475002 -1.5436486 -1.7336732 -1.1975 -1.3575 -1.3575 -1.6749925 -1.9675 -1.9675 -1.7825 -1.7825 -1.1550008 -1.55875 -1.4825 -0.955 -0.76375 -0.76366477 -1.27 -1.27 -0.9025 -0.9025 -0.73875 -0.73875 -0.73875 -0.69467099 -0.78875 -0.78875 -0.78875 -0.7575 -0.7575 -0.7575 -0.7575 -0.75750531 -0.4725 -0.4725 -0.4725 -0.4725 -0.4725 -0.46826078 0.00375 0.0037177152 -0.71625 -0.71625 -0.71625
-1.5775 -0.69 -0.71125001 -0.96375 -1.26875 -1.07875 -1.465 -1.4329928 -1.175 -0.80625 -0.67625 -0.31625 -0.31625058 -1.16875 -1.16875 -1.6361821 -1.63625 -1.52 -1.52 -1.7824992 -1.0725 -1.0725 -0.955 -0.76375 -0.76375 -0.39875 -0.58 -0.58 -0.36629867 -0.9025 -0.73875 -0.73875 -0.505 -0.50498903 -0.40000765 -0.8525 -0.8525 -0.78689042 -0.7575 -0.7575 -0.8124314 -0.8125 -0.8124993 -1.4352003 -1.4523917 -1.4524997 -1.4525 -1.4524996 -0.77380886 -0.71625 -0.71625 -0.71625 -0.71625
-0.21875189 -0.62625 -0.18536833 -0.52625 -0.85375 -1.5075 -0.8625 -0.85875 -0.9375 -0.9375 -0.67625 -1.04125 -0.97125005 -1.16875 -1.3549994 -1.355 -1.63625 -1.1625 -0.9275 -0.9275 -1.0878161 -1.105 -1.105 -0.25000001 -0.39875 -0.39875 -0.58 -0.58 -0.36624876 -0.3662272 -0.32132342 -0.505 -0.505 -0.4 -0.4 -0.93351521 -0.8525 -0.8525 -1.0074946 -0.81250027 -0.8125 -0.8125 -0.81249611 -1.4524965 -1.4525 -1.4525 -1.4525 -1.4524996 -0.81 -0.71626858 -0.71625 -0.71625 -0.71625
-0.21875 0.18125 0.20625 -1.13 -1.2124953 -1.155 -0.8325 -1.4175 -1.4025 -1.115 -1.115 -1.185 -0.97125 -0.97125 -1.3523671 -1.4961673 -1.51 -0.88625 -0.94749998 -0.9275 -0.25709899 -0.25625 -0.19125 0.1575 0.15749913 0.09 -0.635 -0.63499998 -0.34507446 -0.345 -0.32125 -0.76837551 -0.64625 -0.4 -0.42017875 -1.00125 -1.00125 -1.0075 -1.0075 -0.8125 -0.8125 -0.81249999 -0.82710427 -0.82875003 -1.4525 -1.4525 -1.4525 -0.81002446 -0.81 -0.81 -0.71625 -0.71625 -0.71625
0.043757792 0.18125 0.4425 -0.18625 -0.6475 -0.99375 -1.155 -1.185 -1.38625 -1.199849 -1.17625 -1.19625 -1.19625 -1.1575 -1.1574987 -1.0737193 -1.0725 -1.0725 -0.89559991 -0.38624997 -0.26625 -0.26625 -0.3375 -0.24888472 0.096802218 0.09 -0.52875 -0.635 -0.52812468 -0.5275 -0.8025 -0.33125 -0.34950862 -1.0125 -1.1075 -1.23875 -1.2625 -1.0775 -1.01253 -0.81116645 -0.51375 -0.5675 -0.82868793 -0.82875 -0.8322608 -1.4525 -1.425 -0.81000001 -0.81 -0.81 -0.81 -0.71204787 -0.305
-0.725 -0.725 0.5425 -0.06875 -0.62125 -1.06625 -1.22875 -1.0775 -1.155 -1.152517 -1.39625 -0.355 -1.1575 -1.1575 -1.01875 -1.0194872 -1.0725 -1.0724495 -0.82625 -0.38625 -0.38625 -0.37078998 -0.3375 -0.4324982 -0.4325 -0.4325 -0.52875 -0.18625 -0.18625 -0.5275 -0.5275 -0.33131875 -0.3675 -1.0125 -0.5475 -1.23875 -1.2625 -0.8875 -1.0125 -1.0432436 -0.5675 -0.52341927 -0.4475 -0.82875 -0.82875 -1.425 -1.425 -1.425 -0.81 -0.81 -0.6825 -0.6825 -0.68249986
-0.725 -0.725 -0.23625 -0.81125 -0.9925 -0.39375 -0.83125 -1.1138162 -1.17 -1.03625 -1.1975 -1.0025 -0.3558632 -1.01875 -1.01875 -1.0187558 -1.06875 -1.0560225 -0.82625 -1.11875 -1.11875 -0.5825 -0.5825 -0.4325 -0.4325 -0.4325 -0.18625 -0.18625 -0.18625 -0.76875 -0.76875 -0.76874934 -0.78875 -0.78875 -1.17 -1.40125 -0.885 -1.7274899 -1.31375 -1.04375 -1.04375 -0.69874917 -0.4475 -0.82875 -1.0000001 -1.2025 -0.88981489 -0.8875 -0.695 -0.695 -0.6825 -0.6825 -0.6825
-0.725 -0.51410908 -0.48162301 -0.95374199 -0.2875 -1.0275 -0.83125 -1.11375 -1.1699995 -1.0377318 -1.0025 -1.0025 -0.90375 -1.01875 -1.01875 -1.06875 -1.06875 -1.0687362 -0.82625 -1.11875 -1.0134414 -0.5825 -0.5825 -0.43250672 -0.4325 -0.52207608 -0.705 -0.705 -0.70499993 -0.76875 -0.76875 -0.93875 -0.93875 -0.78875105 -1.17 -1.0812501 -0.82907674 -1.7275 -1.7275 -1.04375 -0.69875 -0.69875 -0.69875214 -1 -1 -1.2025 -0.8875 -0.8875 -0.695 -0.695 -0.6825 -0.6825 -0.6825
-1.5325 -0.76464796 -0.80124975 -0.80234506 -0.28750389 -1.0274825 -0.83125001 -1.1102726 -1.1661238 -1.1665074 -0.90375 -0.90375 -0.90375 -0.90375 -1.0187337 -1.06875 -1.06875 -1.0656189 -0.82625 -1.1187998 -1.2975 -1.2975 -1.2975 -1.2975 -0.44736025 -0.705 -0.705 -0.705 -0.705 -0.70512189 -0.93875 -0.93875 -0.93875 -0.93875 -1.08125 -1.08125 -1.08125 -1.6949502 -1.7242799 -1.29875 -1.29875 -0.69878227 -1.117496 -1.0000113 -1 -1.2025 -0.8875 -0.8875 -0.695 -0.695 -0.68254535 -0.6825 -0.39361105
-1.5325 -0.80125 -0.80125 -0.80125 -0.80125 -0.80125009 -0.83175225 -0.9649258 -1.1557824 -0.90403343 -0.90375 -0.90375 -0.90375 -0.90375 -0.90375016 -1.06875 -1.06875 -1.0521162 -0.8262549 -1.2975 -1.2975 -1.2975 -1.2975 -1.2975 -1.291418 -0.91450843 -1.0112499 -1.01125 -1.01125 -1.01125 -0.93875 -0.93875 -0.93875007 -0.99875 -0.99875 -1.08125 -0.98281559 -0.98 -1.2987498 -1.29875 -1.29875 -1.29875 -1.1175 -1.1175 -1.1175 -1.1180915 -1.0465244 -1.0475 -1.0475 -1.0475 -1.0475 -0.35250007 -0.3525
-1.33 -0.80125 -0.80125 -0.80125 -0.80125 -0.80125 -0.80125 -0.9384423 -1.1238532 -1.12375 -1.12375 -1.12375 -1.12375 -1.12375 -1.12375 -0.9498396 -1.0667844 -1.0355436 -1.2974408 -1.2975 -1.2975 -1.2975 -1.2975 -1.2974996 -1.01625 -1.01625 -1.01625 -1.01125 -1.01125 -1.010862 -0.8175 -0.8175 -0.99875 -0.99875 -0.99875 -0.98300341 -0.98 -0.98 -0.98 -1.29875 -1.29875 -1.29875 -1.1175 -1.1175 -1.1175 -1.1175 -1.0475 -1.0475 -1.0475 -1.0475 -1.0475 -0.3525 -0.3525
-1.33 -1.1331524 -0.80125 -0.80125 -0.80125 -0.80125 -1.0399531 -1.04 -1.04 -1.12375 -1.12375 -1.12375 -1.12375 -1.12375 -1.0845923 -0.94625 -0.94625 -0.94625 -0.98345908 -0.98250032 -0.9825 -0.9825 -0.9825 -0.9825 -1.01625 -1.01625 -1.01625 -1.01625 -1.01125 -0.8175 -0.8175 -0.8175 -0.99874998 -0.99875 -0.99875 -0.6675 -0.97958624 -0.98 -0.98 -1.2985984 -0.99621362 -0.2905224 -1.1175 -1.1175 -0.77231855 -0.77125 -0.77125 -1.0463988 -0.37984135 -0.37750006 -0.37750013 0.13617589 -0.35249901
-1.33 -1.1353714 -0.96761263 -0.80125 -0.80125 -1.0398589 -1.04 -1.04 -1.04 -1.0406035 -1.12375 -1.12375 -1.12375 -1.12375 -0.94625 -0.94625 -0.94625 -0.94625 -0.98246762 -0.9825 -0.9825 -0.9825 -0.9825 -0.9825 -1.01625 -1.01625 -1.01625 -1.01625 -1.0155271 -0.8175 -0.8175 -0.8175 -0.81375 -0.99871184 -0.6675 -0.6675 -0.6675 -0.6617659 -0.33133465 -0.2875 -0.2875 -0.2875 -0.71 -0.71 -0.77125 -0.77125 -0.77125 -0.3775 -0.3775 -0.3775 -0.3775 0.13625 0.13625
-1.1300896 -1.13 -1.13 -1.13 -0.9325 -1.0399972 -1.04 -1.04 -1.04 -1.04 -1.1005643 -1.123746 -1.12375 -0.94625 -0.94625 -0.94625 -0.94625 -0.94625 -0.93607154 -0.9825 -0.9825 -0.9825 -0.9825 -0.9825 -0.94357261 -0.85500087 -0.855 -0.855 -0.855 -0.8175 -0.81375 -0.81375 -0.81375 -0.81375 -0.6675 -0.66748621 -0.14375 -0.14375 -0.28570507 -0.2875 -0.2875 -0.2875 -0.71 -0.71 -0.76176639 -0.77125 -0.77125 -0.3775 -0.3775 -0.3775 -0.37199126 0.13625 0.13625
-1.13 -1.13 -1.13 -1.0369943 -0.9325 -0.9325 -1.04 -1.04 -1.04 -1.04 -0.8175 -0.8175 -0.8175 -0.94625 -0.94625 -0.94625 -0.94625 -0.94614444 -0.74 -0.74 -0.9824999 -0.9825 -0.98590841 -1.1225 -1.1200918 -0.855 -0.855 -0.855 -0.855 -0.8137542 -0.81375 -0.81375 -0.81375 -0.81375 -0.14375184 -0.14375 -0.14375 -0.14375 -0.14426198 -0.2875 -0.2875 -0.2875 -0.71 -0.71 -0.71 -0.77125 -0.77125 -0.37750001 -0.3775 -0.3775 0.13625 0.13625 0.13625
-1.13 -1.13 -1.13 -0.9325 -0.9325 -0.9325 -0.93250016 -1.04 -1.04 -0.81772968 -0.8175 -0.8175 -0.8175 -0.81758021 -0.42923143 -0.3075 -0.3075 -0.3075 -0.74 -0.74 -0.74 -1.1225 -1.1225 -1.1225 -1.1222248 -0.47996512 -0.855 -0.855 -0.855 -0.5300334 -0.46378442 -0.46375 -0.46375 -0.46375 -0.19036573 -0.25499975 -0.255 -0.255 -0.255 -0.26375325 -0.26375 -0.26375 -0.71 -0.71 -0.64375028 -0.64374992 -0.41875 -0.41875 -0.11875 -0.11875 -0.11875 0.13625 0.28112035
-1.1299972 -1.13 -1.13 -0.9325 -0.9325 -0.9325 -0.9325 -0.47500016 -1.0377409 -0.81721663 -0.8175 -0.8175 -0.8175 -0.81649924 -0.3075 -0.3075 -0.3075 -0.30750012 -0.74 -0.74 -0.74 -1.1225 -1.1225 -1.1225 -0.14 -0.14 -0.3025 -0.3025 -0.3025 -0.30337967 -0.46375 -0.46375 -0.46375 -0.46375 -0.35943234 -0.255 -0.255 -0.255 -0.255 -0.26375 -0.26375 -0.26375 -0.27570625 -0.64375 -0.64375 -0.64375 -0.41875 -0.41875 -0.11875 -0.11875 -0.11875 0.28124999 0.28125
-0.24375 -0.6570164 -0.715 -0.7150631 -0.9325 -0.47764708 -0.475 -0.475 -0.46907885 -0.505 -0.505 -0.505 -0.505 0.27247469 0.2725 -0.30749955 -0.3075 -0.31889574 -0.74 -0.74 -0.74 0.13625 0.13625 0.13625 -0.14 -0.14 -0.3025 -0.3025 -0.3025 -0.30249991 -0.17625183 -0.17625081 -0.45652412 -0.46344178 -0.42504183 -0.425 -0.425 -0.425 -0.425 -0.26375 -0.26375 -0.26375 -0.62282595 -0.64375 -0.64375 -0.64374996 -0.41875 -0.41875 -0.4187392 -0.11875 -0.11877297 -0.6325 0.28125
-0.53244517 -0.53250003 -0.715 -0.715 -0.715 -0.475 -0.475 -0.475 -0.45875 -0.45875 -0.505 -0.505 -0.505 0.2725 0.2725 0.2725 0.2725 0.27238543 -0.74 -0.74 -0.73999997 0.13625 0.13625 0.13625 -0.14 -0.14 -0.3025 -0.3025 -0.3025 -0.17767348 -0.17625 -0.17625 -0.17625 -0.17625 -0.42487726 -0.425 -0.425 -0.425 -0.425 -0.16500003 -0.165 -0.165 -0.165 -0.64374832 -0.425 -0.425 -0.425 -0.58125 -0.58125 -0.58125 -0.6325 -0.6325 -0.6325
-0.5325 -0.5325 -0.715 -0.715 -0.715 -0.47626148 -0.475 -0.45875 -0.45875 -0.45875 -0.50499431 -0.505 -0.23841306 0.2724999 0.2725 0.2725 0.2725 0.035 0.035 0.035 -0.082499995 -0.082499837 0.13624893 0.13625 0.13598643 -0.1775 -0.1775 -0.1775003 -0.3024798 0.12743947 0.12749838 0.12744697 -0.17573086 -0.17598787 -0.38049854 -0.42499979 -0.42321128 0.10875 0.10875 -0.165 -0.165 -0.165 -0.165 -0.425 -0.425 -0.425 -0.425 -0.58125 -0.58125 -0.58125 -0.6325 -0.6325 -0.6325
-0.5325 -0.5325 -0.715 -0.715 -0.715 -0.715 -0.4689181 -0.45875 -0.45875 -0.45875 -0.45859533 -0.17875 -0.17875 -0.17875 0.26984068 0.2725 0.036582641 0.035 0.035 0.035 -0.0825 -0.0825 -0.0825 -0.0825 -0.1775 -0.1775 -0.1775 -0.1775 -0.1775 0.1275 0.1275 0.1275 0.1275 0.12750024 0.24 0.10875 0.10875 0.10875 0.10875 0.10874898 -0.17125 -0.17125 -0.17125 -0.35144613 -0.725 -0.725 -0.725 -0.58125 -0.58124999 -0.57125 -0.57125 -0.47003953 -0.47
-0.5325 -0.5325 -0.64913032 -0.715 -0.715 -0.71499999 -0.35268854 -0.45841516 -0.45875 -0.45875 -0.17874997 -0.17875 -0.17875 -0.17875 -0.17875 -0.14173069 0.035 0.035 0.035 0.035 -0.082499091 -0.0825 -0.0825 -0.0825 -0.1775 -0.1775 -0.1775 -0.1775 -0.1775 0.1265763 0.1275 0.1275 0.1275 0.24 0.24 0.23989808 0.10875 0.10875 0.35215171 0.54124996 -0.17125 -0.17125 -0.17125 -0.34648728 -0.725 -0.725 -0.725 0.26875 -0.56078368 -0.57125 -0.57125 -0.47 -0.47
-0.24125 -0.24125 -0.24125 -0.59621785 -0.71415592 -0.3525 -0.3525 -0.3525 -0.3525 -0.028750003 -0.02875 -0.17874999 -0.17875 -0.17875 -0.17875 -0.17873644 0.035 0.035 0.035 0.035 -0.031226812 -0.0825 -0.0825 -0.076022821 0.14974886 -0.1775 -0.1775 -0.1775 0.12625 0.12625 0.12625 0.12625001 0.24 0.24 0.24 0.24 0.54125 0.54125 0.54125 0.54125 -0.00125 -0.00125 -0.00125 0.028749397 0.02875 0.02875 0.028749761 0.26875 0.26875 -0.57022651 -0.57125 -0.46999437 -0.47
-0.24125 -0.24125 -0.24125 -0.24124441 -0.1375 -0.16876453 -0.3525 -0.3525 -0.3525 -0.02875 -0.02875 -0.02875 0.14124999 0.14125 0.14125 0.14124999 0.03437489 0.035 0.035 0.035 0.033231794 0.16499932 0.165 0.165 0.165 0.165 0.11125 0.11125 0.12625 0.12625 0.12625 0.12625 0.2400004 0.24 0.24 0.24004531 0.54124999 0.54125 0.54125 0.53926496 -0.00125 -0.00125 -0.00125 0.028748609 0.02875 0.02875 0.02875 0.26875 0.26875 0.26875005 0.64625 0.64625 0.58875
-0.24125 -0.24125 -0.24125 -0.13750024 -0.1375 -0.1375 -0.35249992 -0.3525 -0.3525 -0.02875 -0.02875 -0.02875 0.14125 0.14125 0.14125 0.1071686 -0.30625 -0.30625 -0.30624912 0.033072532 0.165 0.165 0.165 0.165 0.165 0.16495955 0.11125 0.11125 0.11125 0.12625 0.12625 0.12607863 0.79625 0.79625 0.79625 -0.062499996 -0.062499999 0.08875 0.08875 0.08875 -0.04 -0.0012621547 -0.0012483022 0.22625 0.22625 0.21876497 0.028750928 0.26875 0.26875 0.64625 0.64625 0.64625 0.58875
-0.24125 -0.24125 -0.24125 -0.1375 -0.1375 -0.1375 -0.1375 -0.3525 -0.3525 -0.02875 -0.02875 0.13445245 0.14125 0.14125 0.14125 -0.30625 -0.30625 -0.30625 -0.30625 -0.30625 0.165 0.165 0.165 0.165 0.165 0.11125018 0.11125 0.11125 0.11125 -0.14 -0.14 -0.14 0.79625 0.79625 0.79625 -0.0625 -0.0625 0.08875 0.08875 -0.04 -0.04 -0.04 0.22625 0.22625 0.22625 0.22625 0.25592572 0.5875 0.5875 0.5875 0.64625 0.7825 0.7825
-0.24125 -0.24125 -0.24110552 -0.1375 -0.1375 -0.1375 -0.1375 0.010061824 0.0175 0.017420595 -0.028749999 0.14123712 0.14125 0.14125 0.14124845 -0.30625 -0.30625 -0.30625 -0.30625 -0.30625 -0.074778891 0.165 0.165 0.165 0.16503424 0.11126238 0.11125 0.11125 0.11125 -0.14 -0.14 -0.14 -0.1398614 0.79625 -0.0625 -0.0625 -0.0625 -0.062493594 0.08874122 -0.04 -0.04 -0.04 0.22623384 0.22625 0.22625 0.22625 0.5875006 0.5875 0.5875 0.5875 0.7825 0.7825 0.7825
-0.525 -0.5249995 -0.13756825 -0.1375 -0.1375 -0.1375 0.017467018 0.0175 0.0175 0.0175 -0.012499999 -0.0125 -0.0125 -0.0125 -0.30489421 -0.30625 -0.30625 -0.30625 -0.30625 -0.085000132 -0.085 -0.085 0.33124997 0.33125 0.33125 0.33125 0.31226117 0.11125 0.28249299 0.2825 0.2825 0.2825 0.2825 0.18875 0.18875 0.18875 0.18875 0.18875 0.54375 0.54375 0.54375 0.54375 0.54375 0.65060934 0.65125 0.65125 0.65125 0.5875 0.5875 0.5875 0.78246928 0.7825 0.7825
-0.525 -0.525 -0.51926474 0.1599994 0.15999993 0.15986088 0.0175 0.0175 0.0175 0.0175 -0.0125 -0.0125 -0.0125 -0.0125 -0.0125 -0.30625 -0.30625 -0.30625 -0.085000056 -0.085 -0.085 -0.085 0.33125 0.33125 0.33125 0.33125 0.33125 0.3312034 0.28242856 0.2825 0.2825 0.2825 0.2824713 0.079621438 0.188637 0.18875 0.18875 0.18875 0.54375 0.54375 0.54375 0.54375 0.54375 0.65125 0.65125 0.65125 0.65125 0.62143925 0.5875 0.14993694 0.145 0.23375 0.23375
-0.525 -0.525 0.15991323 0.16 0.16 0.16 0.1238056 0.0175 0.0175 0.0175 -0.0125 -0.0125 -0.0125 -0.0125 -0.0125 -0.30602731 -0.30625 -0.085064869 -0.085 -0.085 -0.085 -0.085 0.17704749 0.33125 0.33125 0.33125 0.33125 0.33108436 0.0975 0.0975 0.0975 0.0975 0.0975 -0.00375 -0.00375 -0.00375 -0.00375 -0.00375 0.3725 0.3725 0.3725 0.3725 0.3725 0.65101804 0.65124995 0.65125 0.6512339 0.64923945 0.145 0.145 0.145 0.2337495 0.23375
-0.52499978 -0.40611389 0.15999992 0.16 0.16 0.16 0.16 0.017560675 0.0175 0.0175 -0.0125 -0.0125 -0.0125 -0.0125 -0.37183733 -0.38 -0.38 -0.085007592 -0.085 -0.085 -0.085 -0.085 -0.084999987 0.33125 0.33125 0.33125 0.33125 -0.15124975 -0.15124988 -0.098309955 0.0975 0.0975 0.0975 -0.0037500012 -0.00375 -0.00375 -0.00375 -0.0038659848 0.3725 0.3725 0.3725 0.3725 0.37248937 0.55625 0.55625 0.55625 0.55625 0.55621683 0.145 0.145 0.145 0.14500018 0.43942565
-0.40375 -0.40375 -0.25864075 0.16 0.16 0.16 0.16 0.16 0.017560712 -0.0024999997 -0.0025 -0.0025 -0.002523732 -0.37999947 -0.38 -0.38 -0.38 -0.38 -0.085000719 -0.09115435 -0.145 -0.145 -0.145 -0.025154536 0.30683891 0.17621977 0.065901456 -0.15125 -0.15125 -0.15125 -0.15125 -0.15125 -0.13886929 -0.17145058 -0.175 -0.175 -0.175 -0.175 0.34643525 0.23375025 0.23375 0.23375 0.23375 0.28750079 0.55624993 0.55625 0.55625 0.25875 0.14500182 0.145 0.145 0.4425 0.4425
-0.40375 -0.40375 -0.1275 -0.1275 -0.1275 0.15990423 0.16 0.16 -0.0024999999 -0.0025 -0.0025 -0.0025 -0.0025 -0.37999998 -0.38 -0.38 -0.38 -0.38 -0.145 -0.145 -0.145 -0.145 -0.145 0.026249991 0.02625 0.02625 0.02625 -0.15125 -0.15125 -0.15125 -0.15125 -0.15125 0.14125 0.14125 -0.175 -0.175 -0.175 0.23493018 0.235 0.23375 0.23375 0.23375 0.23375001 0.2875 0.2875 0.2875 0.25875 0.25875 0.25875 0.1625 0.1625 0.4425 0.4425
