interpolatedSpi/03-12|21_1.tif
NCOLS 53
NROWS 52
XLLCORNER -116.03883
YLLCORNER 28.596182
DX 0.49850594
DY 0.49788537
NODATA_VALUE -9999
[rows 0 to 24 of 52, columns 0 to 52 of 53]
-0.34090909 -0.34090909 -0.29578088 -0.41909091 -0.40090909 -0.51909091 -0.55727273 -0.58727273 -0.60894176 -0.81363636 -0.87 -0.62363636 -0.74633422 -0.38909091 -0.26090909 -0.26090909 -0.26090909 -0.36727273 -0.51090909 -0.51090909 -0.51090909 -0.51090573 -0.16181819 -0.69818182 -0.69818182 -0.69818182 -0.42272544 -0.42272727 -0.42272727 -0.34909091 -0.34909091 -0.34909091 -0.34909091 -0.94999988 -0.95 -0.95 -0.95 -0.95 -0.95 -0.94999998 -0.25296228 -0.24551321 -0.47545455 -0.47545455 -0.47545455 -0.47545455 -0.47528824 -0.37363636 -0.37363636 -0.37363636 0.35908939 0.35909091 0.35909091
-0.34092892 -0.78727273 -0.40454525 -0.44157939 -0.56372302 -0.30090909 -0.35454545 -0.66621575 -0.89818182 -0.84363636 -0.70636364 -0.74636364 -0.74636364 -0.74154808 -0.38909405 -0.26090909 -0.36727273 -0.36727273 -0.51072181 -0.51090909 -0.51090909 -0.51090909 -0.7040676 -0.69818182 -0.69818182 -0.69818182 -0.71272727 -0.71272727 -0.34909091 -0.34909091 -0.34909091 -0.34909091 -0.34909091 -0.94999991 -0.95 -0.95 -0.95 -0.95 -0.94999998 -0.84680169 -0.30913683 -0.45526787 -0.47545455 -0.47545455 -0.47545455 -0.47545455 -0.47545455 -0.37363636 -0.37363636 -0.37363636 -0.31287792 0.35909091 0.35909091
-0.60817464 -0.60818182 -0.23 -0.26363636 -0.46363636 -0.65 -0.39909091 -0.79181818 -0.90545455 -0.80363636 -0.75818182 -0.90181818 -0.61545455 -0.58545455 -0.74272727 -0.98090909 -0.36727273 -0.36727273 -0.36727273 -0.59724762 -0.59727273 -0.59727273 -0.81 -0.69818182 -0.69818182 -0.69818182 -0.71272727 -0.71272727 -0.71272727 -0.34909091 -0.34909091 -0.34909092 -0.45456129 -0.94899352 -0.94683533 -0.61311558 -0.61 -0.61 -0.57215357 -0.30909091 -0.30909091 -0.30930365 -0.47545455 -0.47545455 -0.47545455 -0.47545455 -0.47545455 -0.37363636 -0.37363636 -0.37363636 -0.37363636 0.35909091 0.35909091
-0.16636364 -0.60818181 -0.56636642 -0.0063636365 -0.55727273 -0.48545455 -0.55 -0.74636364 -0.71090909 -0.76320026 -0.72 -1.0927273 -0.99363636 -0.58545455 -0.75818182 -0.98090909 -1.0449607 -1.0449794 -1.1081818 -0.59727273 -0.59727273 -1.1127273 -0.81 -0.81 -0.69818182 -0.69818189 -0.71272727 -0.71272727 -0.71272727 -0.53181818 -0.5517701 -0.56818182 -0.56818182 -0.56818185 -0.61 -0.61 -0.61 -0.61 -0.30909091 -0.30909091 -0.30909091 -0.30909092 -0.47545455 -0.47545455 -0.47545455 -0.47545455 -0.47545455 -0.37363765 -0.37363636 -0.37363636 -0.37363636 0.3590624 0.35909091
-0.16636364 -0.071819089 -0.56636364 -0.67163131 -0.55727273 -0.53818182 -0.8045275 -0.81636364 -0.81818182 -0.69545452 -0.73170834 -0.74997252 -0.55818182 -0.75818182 -0.75818182 -0.90822233 -1.0454545 -1.0454545 -1.1081818 -1.1081818 -0.59727371 -1.1127273 -0.75 -0.47636364 -0.37545455 -0.37538086 -0.71272727 -0.71272727 -0.53181818 -0.53181818 -0.56818182 -0.56818182 -0.56818182 -0.57075324 -0.61 -0.61 -0.61 -0.30909091 -0.30909091 -0.30909091 -0.30909091 -0.30909082 -0.47545454 -0.47545455 -0.47545455 -0.47545455 -0.47545455 -0.47454824 -0.37363636 -0.37364264 -0.51363636 -0.51363636 -0.51363636
-0.95818182 -0.38454545 -0.25909091 -0.53363636 -0.61454545 -0.59090909 -0.69272727 -0.70855627 -0.39363636 -0.30818182 -0.38181818 -0.11636364 -0.11636393 -0.96636364 -0.96636364 -1.1280982 -1.1281818 -0.80363636 -0.80363636 -1.1081813 -0.64272727 -0.64272727 -0.47636364 -0.37545455 -0.37545455 -0.06 -0.36727273 -0.36727273 -0.35910669 -0.53181818 -0.56818182 -0.56818182 -0.58181818 -0.58180165 -0.42364771 -0.50454545 -0.50454545 -0.36955923 -0.30909091 -0.30909091 -0.30818295 -0.30818182 -0.30818139 -0.81927609 -0.82541586 -0.82545445 -0.82545453 -0.82545441 -0.46085097 -0.51363636 -0.51363636 -0.51363636 -0.51363636
0.14999165 -0.015454545 -0.048913419 -0.12454546 -0.28090909 -0.72454545 -0.40090909 -0.47181818 -0.57454545 -0.57454545 -0.38181818 -0.65545455 -0.6590909 -0.96636364 -0.78181873 -0.78181818 -1.1281818 -0.74818182 -0.46545455 -0.46545455 -0.611024 -0.57545455 -0.57545455 -0.05545455 -0.06 -0.06 -0.36727273 -0.36727273 -0.35909509 -0.35916796 -0.33756144 -0.58181818 -0.58181818 -0.42363636 -0.42363636 -0.44711069 -0.50454545 -0.50454545 -0.44545659 -0.30818201 -0.30818182 -0.30818182 -0.30817941 -0.82545189 -0.82545455 -0.82545455 -0.82545455 -0.82545432 -0.45454545 -0.51362465 -0.51363636 -0.51363636 -0.51363636
0.15 0.064545455 0.078181818 -0.61272727 -0.65817921 -0.61909091 -0.47272727 -0.71 -0.78181818 -0.70909091 -0.70909091 -0.64363636 -0.65909091 -0.65909091 -0.78097616 -0.98549656 -1.0054545 -0.50909091 -0.54454537 -0.46545455 -0.47010371 -0.48090909 -0.4 0.022727271 0.022726112 -0.067272727 -0.30909091 -0.30909093 -0.43065743 -0.43090909 -0.33727273 -0.491454 -0.42181818 -0.42363636 -0.42366229 -0.39909091 -0.39909091 -0.44545455 -0.44545455 -0.30818182 -0.30818182 -0.30818181 -0.34771238 -0.34909093 -0.82545455 -0.82545455 -0.82545455 -0.45455957 -0.45454545 -0.45454545 -0.51363636 -0.51363636 -0.51363636
-0.032000798 0.064545459 0.43090909 -0.13727273 -0.39545455 -0.44909091 -0.62 -0.71727273 -0.74 -0.49859389 -0.50181818 -0.56363637 -0.56363636 -0.52818182 -0.52818044 -0.58934479 -0.58818182 -0.58818182 -0.5145031 -0.33272728 -0.35363636 -0.35363637 -0.39727273 -0.39892522 -0.058203104 -0.067272727 -0.32272727 -0.30909091 -0.2422091 -0.24181818 -0.51090909 -0.22454545 -0.23141421 -0.51818182 -0.42454545 -0.54181818 -0.51636364 -0.64272727 -0.53913876 -0.30733776 -0.11909091 -0.13272727 -0.34905983 -0.34909091 -0.35177214 -0.82545455 -0.97636363 -0.45454546 -0.45454545 -0.45454545 -0.45454545 -0.49473387 -0.084545455
-0.57181818 -0.57181818 0.59090909 0.20272727 -0.36363636 -0.53454545 -0.43090909 -0.39181818 -0.49454545 -0.43726262 -0.56818182 -0.17909091 -0.52818182 -0.52818182 -0.38181818 -0.38464855 -0.58818182 -0.58812915 -0.35818182 -0.33272727 -0.33272727 -0.33542107 -0.39727273 -0.31636517 -0.31636364 -0.31636364 -0.32272727 0.066363636 0.066363636 -0.24181818 -0.24181818 -0.22457132 -0.23818182 -0.51818182 -0.17727273 -0.54181818 -0.51636364 -0.41909091 -0.53909091 -0.40583167 -0.13272727 -0.14207773 -0.15818182 -0.34909091 -0.34909091 -0.97636364 -0.97636364 -0.97636364 -0.45454545 -0.45454545 -0.36181818 -0.36181818 -0.36181808
-0.57181818 -0.57181818 0.0072727273 -0.45545455 -0.73090909 -0.21 -0.61818182 -0.69269895 -0.67363636 -0.49636364 -0.67363636 -0.63727273 -0.1797014 -0.38181818 -0.38181818 -0.38181388 -0.34454545 -0.34526115 -0.35818182 -0.52363636 -0.52363636 -0.42181818 -0.42181818 -0.31636364 -0.31636364 -0.31636364 0.066363636 0.066363636 0.066363636 -0.37 -0.37 -0.36999978 -0.22454545 -0.22454545 -0.49090909 -0.53909091 -0.072727273 -0.74363183 -0.6 -0.40363636 -0.40363636 -0.25181787 -0.15818182 -0.34909091 -0.32000015 -0.52 -0.30924917 -0.30636364 -0.18545455 -0.18545455 -0.36181818 -0.36181818 -0.36181818
-0.57181818 -0.32187887 -0.1901895 -0.43545052 -0.13636364 -0.66363636 -0.61818182 -0.69272727 -0.67363652 -0.4983276 -0.63727254 -0.63727273 -0.41727273 -0.38181818 -0.38181818 -0.34454546 -0.34454545 -0.34454623 -0.35818182 -0.52363636 -0.50364134 -0.42181818 -0.42181818 -0.31636823 -0.31636364 -0.27512427 -0.19090909 -0.19090909 -0.19090906 -0.37 -0.37 -0.29454545 -0.29454545 -0.22454618 -0.49090909 -0.37909097 -0.094885495 -0.74363636 -0.74363636 -0.40363636 -0.25181818 -0.25181818 -0.25181866 -0.32 -0.32 -0.52 -0.30636364 -0.30636364 -0.18545455 -0.18545455 -0.36181818 -0.36181818 -0.36181818
-0.57363636 -0.24089655 -0.25546145 -0.25675477 -0.13636644 -0.66362391 -0.61818182 -0.69180966 -0.67495192 -0.6690073 -0.41727273 -0.41727273 -0.41727273 -0.41727273 -0.3818232 -0.34454545 -0.34454545 -0.34472152 -0.35818182 -0.52371263 -0.79090909 -0.79090909 -0.79090909 -0.79090909 -0.32428347 -0.19090909 -0.19090909 -0.19090909 -0.19090909 -0.19105354 -0.29454545 -0.29454545 -0.29454545 -0.29454545 -0.37909091 -0.37909091 -0.37909091 -0.72543766 -0.74056387 -0.33454545 -0.33454545 -0.25182263 -0.30272786 -0.31999834 -0.32 -0.52 -0.30636364 -0.30636364 -0.18545455 -0.18545455 -0.36117835 -0.36181818 -0.021781434
-0.57363636 -0.25545455 -0.25545455 -0.25545455 -0.25545455 -0.25545471 -0.61829808 -0.65345148 -0.67846168 -0.41754443 -0.41727273 -0.41727273 -0.41727273 -0.41727273 -0.41727287 -0.34454546 -0.34454546 -0.34548082 -0.35818303 -0.79090909 -0.79090909 -0.79090909 -0.79090909 -0.79090909 -0.78601348 -0.31143748 -0.33545452 -0.33545455 -0.33545455 -0.33545455 -0.29454545 -0.29454545 -0.29454542 -0.26545455 -0.26545455 -0.37909091 -0.14930014 -0.14272727 -0.33454534 -0.33454545 -0.33454545 -0.33454545 -0.30272727 -0.30272727 -0.30272727 -0.30423929 -0.22331581 -0.22272727 -0.22272727 -0.22272727 -0.22272727 -0.010909163 -0.010909091
-0.45363636 -0.25545455 -0.25545455 -0.25545455 -0.25545455 -0.25545455 -0.25545457 -0.54871073 -0.61658632 -0.61636364 -0.61636364 -0.61636364 -0.61636364 -0.61636364 -0.61636363 -0.49163675 -0.34684053 -0.3464128 -0.79085468 -0.79090909 -0.79090909 -0.79090909 -0.79090909 -0.79090868 -0.56454545 -0.56454545 -0.56454513 -0.33545455 -0.33545455 -0.33527797 -0.24727273 -0.24727273 -0.26545455 -0.26545455 -0.26545455 -0.16238681 -0.14272727 -0.14272727 -0.14272727 -0.33454545 -0.33454545 -0.33454545 -0.30272727 -0.30272727 -0.30272727 -0.30272727 -0.22272727 -0.22272727 -0.22272727 -0.22272727 -0.22272727 -0.010909091 -0.010909091
-0.45363636 -0.37985552 -0.25545455 -0.25545455 -0.25545455 -0.25545455 -0.33180319 -0.33181818 -0.33181819 -0.61636364 -0.61636364 -0.61636364 -0.61636364 -0.61636364 -0.58828638 -0.48909091 -0.48909091 -0.48909091 -0.44016223 -0.43909127 -0.43909091 -0.43909091 -0.43909091 -0.43909091 -0.56454545 -0.56454545 -0.56454545 -0.56454545 -0.33545455 -0.24727273 -0.24727273 -0.24727273 -0.26545454 -0.26545455 -0.26545455 -0.061818182 -0.14262015 -0.14272727 -0.14272727 -0.3344841 -0.21215744 0.073322772 -0.30272727 -0.30272727 -0.18491017 -0.18454545 -0.18454545 -0.22244356 -0.050603604 -0.050000015 -0.050000033 0.14361292 -0.010908777
-0.45363636 -0.38817034 -0.32170057 -0.25545455 -0.25545455 -0.33177306 -0.33181818 -0.33181818 -0.33181818 -0.3338687 -0.61636364 -0.61636364 -0.61636364 -0.61636362 -0.48909091 -0.48909091 -0.48909091 -0.48909091 -0.43913557 -0.43909091 -0.43909091 -0.43909091 -0.43909091 -0.43909091 -0.56454545 -0.56454545 -0.56454545 -0.56454545 -0.56339142 -0.24727273 -0.24727273 -0.24727273 -0.28636364 -0.26543434 -0.061818182 -0.061818182 -0.061818182 -0.059845541 0.060792232 0.074545455 0.074545455 0.074545455 -0.22363636 -0.22363636 -0.18454545 -0.18454545 -0.18454545 -0.050000002 -0.05 -0.05 -0.05 0.14363636 0.14363636
-0.38636364 -0.38636364 -0.38636364 -0.38636364 -0.30363636 -0.33181745 -0.33181818 -0.33181818 -0.33181818 -0.33181818 -0.59117335 -0.6163593 -0.61636363 -0.48909091 -0.48909091 -0.48909091 -0.48909091 -0.48909091 -0.4718568 -0.43909091 -0.43909091 -0.43909091 -0.43909091 -0.43909091 -0.52339487 -0.56363637 -0.56363636 -0.56363636 -0.56363636 -0.24727273 -0.28636364 -0.28636364 -0.28636364 -0.28636364 -0.061818182 -0.061813442 0.11818182 0.11818182 0.07509032 0.074545455 0.074545455 0.074545455 -0.22363636 -0.22363636 -0.19059807 -0.18454545 -0.18454545 -0.05 -0.05 -0.05 -0.047923715 0.14363636 0.14363636
-0.38636364 -0.38636364 -0.38636364 -0.34740613 -0.30363636 -0.30363636 -0.33181818 -0.33181818 -0.33181818 -0.33181818 -0.28363636 -0.28363636 -0.28363636 -0.48909091 -0.48909091 -0.48909091 -0.48909091 -0.48902075 -0.27818182 -0.27818182 -0.43909084 -0.43909091 -0.44070658 -0.50545455 -0.50597833 -0.56363636 -0.56363636 -0.56363636 -0.56363636 -0.28639187 -0.28636364 -0.28636364 -0.28636364 -0.28636364 0.11818119 0.11818182 0.11818182 0.11818182 0.11802165 0.074545455 0.074545455 0.074545454 -0.22363636 -0.22363636 -0.22363636 -0.18454545 -0.18454545 -0.050000004 -0.05 -0.05 0.14363636 0.14363636 0.14363636
-0.38636364 -0.38636364 -0.38636364 -0.30363636 -0.30363636 -0.30363636 -0.30363641 -0.33181818 -0.33181818 -0.2836861 -0.28363636 -0.28363636 -0.28363636 -0.28376436 -0.1454543 -0.064545455 -0.064545455 -0.064545456 -0.27818182 -0.27818182 -0.27818182 -0.50545455 -0.50545455 -0.50545455 -0.50532238 -0.28563848 -0.56363636 -0.56363636 -0.56363636 -0.16260118 -0.12637937 -0.12636364 -0.12636364 -0.12636364 0.069542142 0.0018184461 0.0018181818 0.0018181818 0.0018181818 -0.060890557 -0.060909091 -0.060909091 -0.22363636 -0.22363636 -0.23272723 -0.23272726 -0.18818182 -0.18818182 -0.041818182 -0.041818182 -0.041818182 0.14363636 -0.0089543524
-0.38636231 -0.38636364 -0.38636363 -0.30363636 -0.30363636 -0.30363636 -0.30363636 -0.1063637 -0.33091673 -0.28356382 -0.28363636 -0.28363636 -0.28363636 -0.28320645 -0.064545455 -0.064545455 -0.064545455 -0.064545516 -0.27818182 -0.27818182 -0.27818182 -0.50545455 -0.50545455 -0.50545455 -0.033636364 -0.033636364 -0.017272728 -0.017272727 -0.017272727 -0.017867852 -0.12636364 -0.12636364 -0.12636364 -0.12636364 -0.062307953 0.0018181818 0.0018181818 0.0018181818 0.0018181818 -0.060909091 -0.060909091 -0.060909091 -0.066315148 -0.23272727 -0.23272727 -0.23272727 -0.18818182 -0.18818182 -0.041818182 -0.041818182 -0.041818182 -0.0090909102 -0.0090909091
0.04 -0.16082061 -0.34909091 -0.34907772 -0.30363636 -0.10750505 -0.10636364 -0.10636364 -0.1030511 -0.20363636 -0.20363636 -0.20363636 -0.20363636 0.25816678 0.25818182 -0.064545207 -0.064545455 -0.070174459 -0.27818182 -0.27818182 -0.27818182 0.16818182 0.16818182 0.16818182 -0.033636364 -0.033636364 -0.017272727 -0.017272727 -0.017272727 -0.017272681 0.046362539 0.046363151 -0.1220224 -0.12617846 -0.19718973 -0.19727273 -0.19727273 -0.19727273 -0.19727273 -0.060909091 -0.060909091 -0.060909091 -0.22326645 -0.23272727 -0.23272727 -0.23272727 -0.18818182 -0.18818182 -0.18817655 -0.041818182 -0.041832979 -0.37272727 -0.0090909091
-0.010899423 -0.01090915 -0.34909091 -0.34909091 -0.34909091 -0.10636364 -0.10636364 -0.10636364 -0.097272727 -0.097272727 -0.20363636 -0.20363636 -0.20363636 0.25818182 0.25818182 0.25818182 0.25818182 0.25812107 -0.27818182 -0.27818182 -0.2781818 0.16818182 0.16818182 0.16818182 -0.033636364 -0.033636364 -0.017272727 -0.017272727 -0.017272727 0.045646132 0.046363636 0.046363636 0.046363636 0.046363636 -0.19715251 -0.19727273 -0.19727273 -0.19727273 -0.19727273 -0.10090908 -0.10090909 -0.10090909 -0.10090909 -0.23272696 -0.19181818 -0.19181818 -0.19181818 -0.32272727 -0.32272727 -0.32272727 -0.37272727 -0.37272727 -0.37272727
-0.010909091 -0.010909091 -0.34909091 -0.34909091 -0.34909091 -0.10763945 -0.10636364 -0.097272727 -0.097272727 -0.097272727 -0.20362327 -0.20363636 0.014015949 0.25818177 0.25818182 0.25818182 0.25818182 0.15818182 0.15818182 0.15818182 -0.020909087 -0.02090895 0.1681809 0.16818182 0.16793813 -0.14727273 -0.14727273 -0.14727242 -0.017293736 0.020914164 0.020909226 0.020913535 0.046320132 0.046341669 -0.1538966 -0.19727268 -0.19684011 -0.068181818 -0.068181818 -0.10090909 -0.10090909 -0.10090909 -0.10090909 -0.19181818 -0.19181818 -0.19181818 -0.19181818 -0.32272727 -0.32272727 -0.32272727 -0.37272727 -0.37272727 -0.37272727
-0.010909091 -0.010909091 -0.34909091 -0.34909091 -0.34909091 -0.34909091 -0.10296117 -0.097272727 -0.097272727 -0.097272727 -0.097184346 0.062727273 0.062727273 0.062727273 0.25702996 0.25818182 0.15884819 0.15818182 0.15818182 0.15818182 -0.020909091 -0.020909091 -0.020909091 -0.020909091 -0.14727273 -0.14727273 -0.14727273 -0.14727273 -0.14727273 0.020909091 0.020909091 0.020909091 0.020909091 0.020908989 -0.027272727 -0.068181818 -0.068181818 -0.068181818 -0.068181818 -0.068181981 -0.11454545 -0.11454545 -0.11454545 -0.18791059 -0.34 -0.34 -0.34 -0.32272727 -0.32272726 -0.30454545 -0.30454545 -0.30910639 -0.30909091
