interpolatedSpi/03-10|20_2.tif
NCOLS 53
NROWS 52
XLLCORNER -116.03883
YLLCORNER 28.596182
DX 0.49850594
DY 0.49788537
NODATA_VALUE -9999
[rows 0 to 33 of 52, columns 0 to 52 of 53]
-0.03125 -0.03125 -0.22232264 -0.595 -0.0625 0.05875 0.3925 0.47125 -0.022832178 -0.205 -0.19125 0.2925 0.11376801 0.3325 -0.10625 -0.10625 -0.10625 0.12375 0.31 0.31 0.31 0.30999769 0.069999999 0.015 0.015 0.015 0.47000193 0.47 0.47 0.16125 0.16125 0.16125 0.16125 0.61124991 0.61125 0.61125 0.61125 0.61125 0.61125 0.61125002 1.207329 1.2135806 0.54875 0.54875 0.54875 0.54875 0.54936863 0.9275 0.9275 0.9275 1.2112494 1.21125 1.21125
-0.031265218 -0.37375 -0.12124942 -0.02020859 0.25604888 0.34625 0.2375 0.2277177 -0.0925 0.15375 0.19875 0.11375 0.11375 0.40102076 0.33249695 -0.10625 0.12375 0.12375 0.30975715 0.31 0.31 0.31 -0.01414779 0.015 0.015 0.015 0.0075000005 0.0075000002 0.16125 0.16125 0.16125 0.16125 0.16125 0.61124993 0.61125 0.61125 0.61125 0.61125 0.61125 0.56581948 0.31378082 0.52023482 0.54875 0.54875 0.54875 0.54875 0.54875 0.9275 0.9275 0.9275 0.95102882 1.21125 1.21125
0.63497052 0.635 0.37875 0.8075 0.37125 0.175 0.41 -0.04375 0.20625 0.1925 0.5125 -0.12875 -0.51375 0.015 0.40125 0.595 0.12375 0.12375 0.12375 0.090063955 0.09 0.09 -0.53875 0.015 0.015 0.015 0.0075 0.0075 0.0075 0.16125 0.16125 0.16124996 -0.26839956 0.61009653 0.61120346 0.60629582 0.60625 0.60625 0.56946121 0.31375 0.31375 0.31405051 0.54875 0.54875 0.54875 0.54875 0.54875 0.9275 0.9275 0.9275 0.9275 1.21125 1.21125
0.37125 0.63499992 0.25747453 0.39625 0.0375 0.27875 0.74125 -0.2525 0.2225 0.26987074 0.44 0.34125 0.0975 0.015 0.3125 0.595 -0.36385727 -0.37090317 -0.2825 0.09 0.09 -0.7175 -0.53875 -0.53875 0.015 0.014999963 0.0075 0.0075 0.0075 -0.72375 -0.72786508 -0.73125 -0.73125 -0.73124895 0.60625 0.60625 0.60625 0.60625 0.31375 0.31375 0.31375 0.31375001 0.54875 0.54875 0.54875 0.54875 0.54875 0.92749522 0.9275 0.9275 0.9275 1.2111763 1.21125
0.37125 0.1487502 0.2575 0.30961166 0.0375 0.31625 0.17251946 -0.135 -0.0875 0.089999982 0.21557919 0.2737765 0.45875 0.3125 0.3125 0.48633917 -0.37125 -0.37125 -0.2825 -0.2825 0.089998352 -0.7175 -0.85375 -0.44875 -0.435 -0.43504286 0.0075 0.0075 -0.72375 -0.72375 -0.73125 -0.73125 -0.73125 -0.65322782 0.60625 0.60625 0.60625 0.31375 0.31375 0.31375 0.31375 0.31373504 0.54874999 0.54875 0.54875 0.54875 0.54875 0.55212134 0.9275 0.92741155 -1.045 -1.045 -1.045
-0.99625 0.09875 0.385 0.14625 0.355 0.465 0.155 0.11787169 0.22875 -0.125 0.3675 -0.32625 -0.32624948 -0.05375 -0.05375 -0.43622435 -0.43625 -0.54125 -0.54125 -0.28250042 -1.06125 -1.06125 -0.44875 -0.435 -0.435 -0.61875 -0.91375 -0.91375 -0.24629347 -0.72375 -0.73125 -0.73125 -0.3175 -0.31749647 -0.28375253 -0.62375 -0.62375 0.023712974 0.31375 0.31375 0.15894332 0.15875 0.15875101 -0.6730444 -0.69486254 -0.69499967 -0.69499996 -0.69499954 -1.2274364 -1.045 -1.045 -1.045 -1.045
-0.43500309 -0.1825 -0.56262533 0.0925 0.50625 -0.1225 0.012500003 0.19375 -0.1225 -0.1225 0.3675 -0.14625 -0.25250009 -0.05375 -0.32999917 -0.33 -0.43625 -0.61875 -0.755 -0.755 -1.0789224 -1.09875 -1.09875 -0.89749999 -0.61875 -0.61875 -0.91375 -0.91375 -0.24625466 -0.24633583 0.16846842 -0.3175 -0.3175 -0.28375 -0.28375 -0.82118201 -0.62375 -0.62375 -1.2949767 0.15874798 0.15875 0.15875 0.15875431 -0.69499819 -0.695 -0.695 -0.695 -0.69500038 -1.33375 -1.0450572 -1.045 -1.045 -1.045
-0.435 -0.82625 -0.33625 -0.85375 -1.0324898 -0.44875 -0.15125 -0.46749999 -0.3575 -0.32375 -0.32375 -0.615 -0.2525 -0.2525 -0.32946828 -0.46661355 -0.48 -0.40875 -0.70250005 -0.755 -1.0481926 -1.005 -1.29375 -0.9025 -0.90250171 -1.035 -1.08 -1.0799999 -0.32596967 -0.32624999 0.17 -0.19262974 -0.25125 -0.28375 -0.29401763 -0.98625 -0.98625 -1.295 -1.295 0.15875 0.15875 0.15875001 -0.36890767 -0.37000002 -0.695 -0.695 -0.695 -1.3337257 -1.33375 -1.33375 -1.045 -1.045 -1.045
-0.84711089 -0.82624999 -0.54625 -0.545 -0.26125 -0.5725 -0.255 0.24625 0.13 0.19080462 -0.1225 -0.46375 -0.46375 -0.61625 -0.61624658 -0.72431716 -0.725 -0.725 -0.45359139 -1.43875 -1.51375 -1.51375 -1.03375 -1.1912883 -1.0216475 -1.035 -0.9475 -1.08 -0.7817433 -0.78 -0.17625 0.30375 0.038071354 -0.68625 -0.64375 -0.7575 -0.8025 -0.675 -0.81368593 0.16069174 0.59375 -0.26875 -0.36998657 -0.37 -0.37182928 -0.695 -0.98499998 -1.33375 -1.33375 -1.33375 -1.33375 -1.0677226 -0.75
-0.96375 -0.96375 -0.57 -0.4925 -0.245 -0.12375 -0.1575 -0.0825 0.285 0.20623055 -0.16125 -0.055 -0.61625 -0.61625 -0.2525 -0.25898055 -0.725 -0.72498791 -0.6825 -1.43875 -1.43875 -1.4484125 -1.03375 -1.2187465 -1.21875 -1.21875 -0.9475 -0.6125 -0.6125 -0.78 -0.78 0.30274954 -0.22375 -0.68625 -0.55625 -0.7575 -0.8025 -1.20125 -0.81375 0.28686844 -0.26874996 -0.27563761 -0.2875 -0.37 -0.37 -0.985 -0.985 -0.985 -1.33375 -1.33375 -1.2275 -1.2275 -1.2274998
-0.96375 -0.96375 -1.01875 -0.81 -0.91625 -0.36375 -0.56749999 0.067336414 -0.1275 -0.045 0.005 -0.06 -0.055007488 -0.2525 -0.2525 -0.25253735 -0.57625 -0.5818265 -0.6825 -0.61125 -0.61125 -0.855 -0.855 -1.21875 -1.21875 -1.21875 -0.6125 -0.6125 -0.6125 -0.8225 -0.8225 -0.82249901 -0.65625 -0.65625 -0.6875 -1.03 -0.75875 -0.66749871 -1.01125 0.305 0.305 -0.22500021 -0.2875 -0.37 -0.64500003 -0.76 -0.69998281 -0.69875 -0.95625 -0.95625 -1.2275 -1.2275 -1.2275
-0.96375 -0.98743696 -0.92966893 -1.0262408 -0.7525 -0.9675 -0.5675 0.0675 -0.12749837 -0.045914 -0.05999998 -0.06 -0.2075 -0.2525 -0.2525 -0.57624999 -0.57625 -0.57625605 -0.6825 -0.61125 -0.65911754 -0.855 -0.855 -1.218735 -1.21875 -1.1706748 -1.0725 -1.0725 -1.0724999 -0.8225 -0.8225 -0.89125 -0.89125 -0.65625009 -0.6875 -0.46875029 -0.71986397 -0.6675 -0.6675 0.30499998 -0.225 -0.225 -0.22500305 -0.645 -0.645 -0.76 -0.69875 -0.69875 -0.95625 -0.95625 -1.2275 -1.2275 -1.2275
-0.35 -0.11115534 -0.036279138 -0.043420426 -0.75250111 -0.96749492 -0.56750001 0.059683513 -0.11406251 -0.1253457 -0.2075 -0.2075 -0.2075 -0.2075 -0.25249363 -0.57625 -0.57625 -0.57762186 -0.6825 -0.61120887 -0.4675 -0.4675 -0.4675 -0.4675 -1.2059204 -1.0725 -1.0725 -1.0725 -1.0725 -1.0723075 -0.89125 -0.89125 -0.89125 -0.89125 -0.46875 -0.46875 -0.46875 -0.65774046 -0.66433618 -0.24625 -0.24625 -0.22500114 -0.46125629 -0.6449823 -0.645 -0.76 -0.69875 -0.69875 -0.95625 -0.95625 -1.2265159 -1.2275 -0.67993932
-0.35 -0.03625 -0.03625 -0.03625 -0.03625 -0.036250391 -0.56852386 -0.26706694 -0.078212519 -0.20741179 -0.2075 -0.2075 -0.2075 -0.2075 -0.20750007 -0.57624999 -0.57625002 -0.58353802 -0.68249782 -0.4675 -0.4675 -0.4675 -0.4675 -0.4675 -0.47193382 -0.93524468 -0.90375003 -0.90375 -0.90375 -0.90375 -0.89125 -0.89125 -0.89125014 -1.005 -1.005 -0.46875 -0.32535172 -0.32125 -0.24625004 -0.24625 -0.24625 -0.24625 -0.46125 -0.46125 -0.46125 -0.46332903 -0.74222807 -0.7425 -0.7425 -0.7425 -0.7425 0.44749965 0.4475
-0.14 -0.03625 -0.03625 -0.03625 -0.03625 -0.03625 -0.036250036 -0.44426631 -0.29755521 -0.29875 -0.29875 -0.29875 -0.29875 -0.29875 -0.29875 -0.3085808 -0.57201435 -0.59079911 -0.467527 -0.4675 -0.4675 -0.4675 -0.4675 -0.46750005 -0.6725 -0.6725 -0.67250033 -0.90375 -0.90375 -0.90379505 -0.92625 -0.92625 -1.005 -1.005 -1.005 -0.43077928 -0.32125 -0.32125 -0.32125 -0.24625 -0.24625 -0.24625 -0.46125 -0.46125 -0.46125 -0.46125 -0.7425 -0.7425 -0.7425 -0.7425 -0.7425 0.4475 0.4475
-0.14 -0.10137505 -0.03625 -0.03625 -0.03625 -0.03625 -0.50865726 -0.50875 -0.50874999 -0.29875 -0.29875 -0.29875 -0.29875 -0.29875 -0.30095607 -0.30875 -0.30875 -0.30875 -0.5061317 -0.50624996 -0.50625 -0.50625 -0.50625 -0.50625 -0.6725 -0.6725 -0.6725 -0.6725 -0.90375 -0.92625 -0.92625 -0.92625 -1.005 -1.005 -1.005 -0.25875 -0.32116725 -0.32125 -0.32125 -0.24629178 -0.32964383 -0.52416688 -0.46125 -0.46125 -0.46748071 -0.4675 -0.4675 -0.74148092 -0.12466662 -0.12250005 -0.12250012 0.15379439 0.4474994
-0.14 -0.17892558 -0.10899412 -0.03625 -0.03625 -0.50847082 -0.50875 -0.50875 -0.50875 -0.50723668 -0.29875 -0.29875 -0.29875 -0.29875 -0.30875 -0.30875 -0.30875 -0.30875 -0.50607358 -0.50625 -0.50625 -0.50625 -0.50625 -0.50625 -0.6725 -0.6725 -0.6725 -0.6725 -0.67342297 -0.92625 -0.92625 -0.92625 -0.46250001 -1.004911 -0.25875 -0.25875 -0.25875 -0.26363261 -0.5121071 -0.525 -0.525 -0.525 -0.415 -0.415 -0.4675 -0.4675 -0.4675 -0.1225 -0.1225 -0.1225 -0.1225 0.15375 0.15375
-0.17987229 -0.18 -0.18 -0.18 -0.3875 -0.50874687 -0.50875 -0.50875 -0.50875 -0.50875 -0.28398698 -0.29874746 -0.29874999 -0.30875 -0.30875 -0.30875 -0.30875 -0.30875 -0.36573991 -0.50625 -0.50625 -0.50625 -0.50625 -0.50625 -0.48928826 -0.33500183 -0.335 -0.335 -0.335 -0.92624998 -0.46250001 -0.4625 -0.4625 -0.4625 -0.25875 -0.25876169 -0.7025 -0.7025 -0.52721635 -0.525 -0.525 -0.525 -0.415 -0.415 -0.45937119 -0.4675 -0.4675 -0.1225 -0.1225 -0.1225 -0.11953788 0.15375 0.15375
-0.18 -0.18 -0.18 -0.27771485 -0.3875 -0.3875 -0.50875 -0.50875 -0.50875 -0.50875 -0.10375 -0.10375 -0.10375 -0.30875 -0.30875 -0.30875 -0.30875 -0.30880743 -0.96625 -0.96625 -0.50625019 -0.50625 -0.50941495 -0.63625 -0.63353798 -0.335 -0.335 -0.335 -0.335 -0.46248702 -0.4625 -0.4625 -0.4625 -0.4625 -0.70249844 -0.7025 -0.7025 -0.7025 -0.70185602 -0.525 -0.525 -0.525 -0.415 -0.415 -0.415 -0.4675 -0.4675 -0.1225 -0.1225 -0.1225 0.15375 0.15375 0.15375
-0.18 -0.18 -0.18 -0.3875 -0.3875 -0.3875 -0.38750019 -0.50875 -0.50875 -0.10416808 -0.10375 -0.10375 -0.10375 -0.10387773 -0.59002429 -0.65625 -0.65625 -0.65625 -0.96625 -0.96625 -0.96625 -0.63625 -0.63625 -0.63625 -0.63618942 -0.37958457 -0.335 -0.335 -0.335 -0.21154966 -0.15753 -0.1575 -0.1575 -0.1575 -0.55956616 -0.36000078 -0.36 -0.36 -0.36 -0.36252223 -0.3625 -0.3625 -0.415 -0.415 0.13999768 0.13999995 0.00375 0.00375 0.045 0.045 0.045 0.15375 0.42600635
-0.17999972 -0.18 -0.18000001 -0.3875 -0.3875 -0.3875 -0.3875 -0.47500001 -0.50861505 -0.10383954 -0.10375 -0.10375 -0.10375 -0.10483416 -0.65625 -0.65625 -0.65625 -0.65625009 -0.96625 -0.96625 -0.96625 -0.63625 -0.63625 -0.63625 -0.42 -0.42 -0.44625 -0.44625 -0.44625 -0.44467478 -0.1575 -0.1575 -0.1575 -0.1575 -0.25869445 -0.36 -0.36 -0.36 -0.36 -0.3625 -0.3625 -0.3625 -0.34668943 0.14 0.14 0.14 0.00375 0.00375 0.045 0.045 0.045 0.42624999 0.42625
-0.08875 -0.14368232 -0.49 -0.48997026 -0.3875 -0.47449373 -0.475 -0.475 -0.4476716 -0.2025 -0.2025 -0.2025 -0.2025 -0.74748226 -0.7475 -0.65625007 -0.65625 -0.66441804 -0.96625 -0.96625 -0.96625 -0.90875 -0.90875 -0.90875 -0.42 -0.42 -0.44625 -0.44625 -0.44625 -0.44624986 -0.24874942 -0.24874974 -0.15979343 -0.15759783 -0.64569084 -0.64625 -0.64625 -0.64625 -0.64625 -0.3625 -0.3625 -0.3625 0.11233052 0.14 0.14 0.13999993 0.00375 0.00375 0.0037514849 0.045 0.045014086 0.36 0.42625
-0.4699276 -0.47 -0.49 -0.49 -0.49 -0.475 -0.475 -0.475 -0.4 -0.4 -0.2025 -0.2025 -0.2025 -0.7475 -0.7475 -0.7475 -0.7475 -0.74752393 -0.96625 -0.96625 -0.96625 -0.90875 -0.90875 -0.90875 -0.42 -0.42 -0.44625 -0.44625 -0.44625 -0.25097683 -0.24875 -0.24875 -0.24875 -0.24875 -0.64605386 -0.64625 -0.64625 -0.64625 -0.64625 -0.7512499 -0.75125 -0.75125 -0.75125 0.13999683 -0.27375 -0.27375 -0.27375 0.20625 0.20625 0.20625 0.36 0.36 0.36
-0.47 -0.47 -0.49 -0.49 -0.49 -0.47507884 -0.475 -0.4 -0.4 -0.4 -0.20252431 -0.2025 -0.80104386 -0.74750004 -0.7475 -0.7475 -0.7475 -1.06375 -1.06375 -1.06375 -1.015 -1.0149999 -0.90875052 -0.90875 -0.90862463 -0.92875 -0.92875 -0.92874885 -0.44632798 -0.20125947 -0.20125025 -0.20125829 -0.24866882 -0.24870901 -0.57542328 -0.64625003 -0.64647621 -0.71375 -0.71375 -0.75125 -0.75125 -0.75125 -0.75125 -0.27375 -0.27375 -0.27375 -0.27375 0.20625 0.20625 0.20625 0.36 0.36 0.36
-0.47 -0.47 -0.49 -0.49 -0.49 -0.49 -0.44692969 -0.4 -0.4 -0.4 -0.40029552 -0.935 -0.935 -0.935 -0.74860498 -0.7475 -1.0616426 -1.06375 -1.06375 -1.06375 -1.015 -1.015 -1.015 -1.015 -0.92875 -0.92875 -0.92875 -0.92875 -0.92875 -0.20125 -0.20125 -0.20125 -0.20125 -0.20125046 -0.41875 -0.71375 -0.71375 -0.71375 -0.71375 -0.71375051 -0.87 -0.87 -0.87 -0.71664783 -0.39875 -0.39875 -0.39875 0.20624998 0.2062499 0.1 0.1 0.2375298 0.2375
-0.47 -0.47 -0.4827814 -0.49 -0.49 -0.49000002 -1.3982255 -0.40315145 -0.4 -0.4 -0.93500006 -0.935 -0.935 -0.935 -0.935 -0.91965038 -1.06375 -1.06375 -1.06375 -1.06375 -1.0150004 -1.015 -1.015 -1.015 -0.92875 -0.92875 -0.92875 -0.92875 -0.92875 -0.5716519 -0.20125 -0.20125 -0.20125 -0.41875 -0.41875 -0.41897907 -0.71375 -0.71375 -0.66943119 -0.63500001 -0.87 -0.87 -0.87 -0.71832208 -0.39875 -0.39875 -0.39875 -0.17875 0.096526802 0.1 0.1 0.2375 0.2375
-1.20375 -1.20375 -1.20375 -0.66895675 -0.49171041 -1.4 -1.4 -1.4 -1.4 -1.23 -1.23 -0.93500002 -0.935 -0.935 -0.935 -0.93500817 -1.06375 -1.06375 -1.06375 -1.06375 -1.0362729 -1.015 -1.015 -1.0094061 -0.80692743 -0.92875 -0.92875 -0.92875 -0.7025 -0.7025 -0.7025 -0.7024979 -0.41875 -0.41875 -0.41875 -0.41875 -0.635 -0.635 -0.635 -0.635 -0.785 -0.785 -0.785 -0.32000935 -0.32 -0.32 -0.32000002 -0.17875 -0.17875 0.099660358 0.1 0.2374983 0.2375
-1.20375 -1.20375 -1.20375 -1.2037744 -1.6575 -1.6200553 -1.4 -1.4 -1.4 -1.23 -1.23 -1.23 -1.10625 -1.10625 -1.10625 -1.10625 -1.0637798 -1.06375 -1.06375 -1.06375 -1.0629991 -0.80125059 -0.80125 -0.80125 -0.80125 -0.80125 -0.8475 -0.8475 -0.7025 -0.7025 -0.7025 -0.7025 -0.41875018 -0.41875 -0.41875 -0.41876975 -0.635 -0.635 -0.635 -0.63440229 -0.785 -0.785 -0.785 -0.32002156 -0.32 -0.32 -0.32 -0.17875 -0.17875 -0.17874999 -0.1 -0.1 0.12125
-1.20375 -1.20375 -1.20375 -1.657499 -1.6575 -1.6575 -1.4000001 -1.4 -1.4 -1.23 -1.23 -1.23 -1.10625 -1.10625 -1.10625 -1.1042508 -1.08 -1.08 -1.08 -1.0638418 -0.80125 -0.80125 -0.80125 -0.80125 -0.80125 -0.80128481 -0.8475 -0.8475 -0.8475 -0.7025 -0.7025 -0.70247184 -0.66125 -0.66125 -0.66125 -0.545 -0.545 -0.49875 -0.49875 -0.49875 -0.14625 -0.78479964 -0.78499386 0.0375 0.0375 0.023951156 -0.31999882 -0.17875 -0.17875 -0.1 -0.1 -0.1 0.12125
-1.20375 -1.20375 -1.20375 -1.6575 -1.6575 -1.6575 -1.6575 -1.4 -1.4 -1.23 -1.23 -1.1111982 -1.10625 -1.10625 -1.10625 -1.08 -1.08 -1.08 -1.08 -1.08 -0.80125 -0.80125 -0.80125 -0.80125 -0.80125 -0.84749984 -0.8475 -0.8475 -0.8475 -0.65875 -0.65875 -0.65875 -0.66125 -0.66125 -0.66125 -0.545 -0.545 -0.49875 -0.49875 -0.14625 -0.14625 -0.14625 0.0375 0.0375 0.0375 0.0375 0.058550254 0.29375 0.29375 0.29375 -0.099999994 0.1925 0.1925
-1.20375 -1.20375 -1.2043819 -1.6575 -1.6575 -1.6575 -1.6575 -1.3802266 -1.36625 -1.3660161 -1.23 -1.1062384 -1.10625 -1.10625 -1.1062499 -1.08 -1.08 -1.08 -1.08 -1.08 -0.84082741 -0.80125 -0.80125 -0.80125 -0.80128038 -0.8475057 -0.8475 -0.8475 -0.8475 -0.65875 -0.65875 -0.65875 -0.65874889 -0.66125 -0.545 -0.545 -0.545 -0.54499791 -0.49872596 -0.14625 -0.14625 -0.14625 0.037488845 0.0375 0.0375 0.0375 0.29374999 0.29375 0.29375 0.29375 0.1925 0.1925 0.1925
-1.1425 -1.1425001 -1.6572432 -1.6575 -1.6575 -1.6575 -1.366312 -1.36625 -1.36625 -1.36625 -0.96750001 -0.9675 -0.9675 -0.9675 -1.0794808 -1.08 -1.08 -1.08 -1.08 -0.84250014 -0.8425 -0.8425 -0.94874998 -0.94875 -0.94875 -0.94875 -0.94001082 -0.8475 -0.4787651 -0.47875 -0.47875 -0.47875 -0.47875 -0.28125 -0.28125 -0.28125 -0.28125 -0.28125 -0.13875 -0.13875 -0.13875 -0.13875 -0.13875 0.29461184 0.295 0.295 0.295 0.29375 0.29375 0.29375 0.19251595 0.1925 0.1925
-1.1425 -1.1425 -1.1405221 -0.90625151 -0.90625017 -0.90669895 -1.36625 -1.36625 -1.36625 -1.36625 -0.9675 -0.9675 -0.9675 -0.9675 -0.9675 -1.08 -1.08 -1.08 -0.84250006 -0.8425 -0.8425 -0.8425 -0.94875 -0.94875 -0.94875 -0.94875 -0.94875 -0.9487281 -0.47869352 -0.47875 -0.47875 -0.47875 -0.47872731 -0.12889519 -0.28109224 -0.28125 -0.28125 -0.28125 -0.13875 -0.13875 -0.13875 -0.13875 -0.13875 0.295 0.295 0.295 0.295 0.29441548 0.29375 0.62254032 0.62625 0.3325 0.3325
-1.1425 -1.1425 -0.90627993 -0.90625 -0.90625 -0.90625 -1.0230881 -1.36625 -1.36625 -1.36625 -0.9675 -0.9675 -0.9675 -0.9675 -0.9675 -1.0799138 -1.08 -0.84256963 -0.8425 -0.8425 -0.8425 -0.8425 -0.909389 -0.94875 -0.94875 -0.94875 -0.94875 -0.94831358 -0.3325 -0.3325 -0.3325 -0.3325 -0.3325 -0.0125 -0.0125 -0.0125 -0.0125 -0.0125 0.11625 0.11625 0.11625 0.11625 0.11625 0.29516786 0.29500004 0.295 0.29501165 0.29644995 0.62625 0.62625 0.62625 0.33250165 0.3325
