interpolatedSpi/03-10|22_2.tif
NCOLS 53
NROWS 52
XLLCORNER -116.03883
YLLCORNER 28.596182
DX 0.49850594
DY 0.49788537
NODATA_VALUE -9999
[rows 0 to 33 of 52, columns 0 to 52 of 53]
-0.17875 -0.17875 -0.47675747 -0.655 -0.2 -0.205 -0.3625 -0.3525 -0.5482868 -0.44625 -0.67 -0.3575 -0.5099859 -0.33875 -0.2325 -0.2325 -0.2325 0.145 -0.0275 -0.0275 -0.0275 -0.027505009 -0.54749999 0.0575 0.0575 0.0575 -0.12625233 -0.12625 -0.12625 -0.29125 -0.29125 -0.29125 -0.29125 0.23374989 0.23375 0.23375 0.23375 0.23375 0.23375 0.23375001 0.46624626 0.46858211 -0.19125 -0.19125 -0.19125 -0.19125 -0.19118671 -0.1525 -0.1525 -0.1525 0.47749869 0.4775 0.4775
-0.17878227 -0.905 -0.55375002 -0.49601205 -0.35884161 -0.30125 -0.43375 -0.17160645 -0.48375 -0.7175 -0.54625 -0.51 -0.51 -0.080862794 -0.33874594 -0.2325 0.145 0.145 -0.027275083 -0.0275 -0.0275 -0.0275 0.051117753 0.0575 0.0575 0.0575 -0.20749998 -0.2075 -0.29125 -0.29125 -0.29125 -0.29125 -0.29125 0.23374992 0.23375 0.23375 0.23375 0.23375 0.23375003 0.35623992 0.9974434 -0.047004868 -0.19125 -0.19125 -0.19125 -0.19125 -0.19125 -0.1525 -0.1525 -0.1525 -0.1002598 0.4775 0.4775
-0.32998567 -0.33 -0.57 -0.13 -0.4925 -0.55375 -0.37625 -0.3425 -1.01625 -0.44875 -0.68125 -0.61375 -0.62 0.1575 -0.08 -0.455 0.145 0.145 0.145 -0.049993459 -0.05 -0.05 -0.06375 0.0575 0.0575 0.0575 -0.2075 -0.2075 -0.2075 -0.29125 -0.29125 -0.29125 -0.2876395 0.23405948 0.23724045 0.6053137 0.60875 0.60875 0.6576445 0.9975 0.9975 0.99597989 -0.19125 -0.19125 -0.19125 -0.19125 -0.19125 -0.1525 -0.1525 -0.1525 -0.1525 0.4775 0.4775
-0.535 -0.32999999 -0.26754098 0.4 -0.78375 -0.3325 -0.43 -0.7175 -0.50125 -0.18729037 -0.33125 -0.24875 -0.40125 0.1575 -0.6775 -0.455 -0.80604348 -0.80808175 -0.87 -0.05 -0.05 -0.575 -0.06375 -0.06375 0.0575 0.057498676 -0.2075 -0.2075 -0.2075 -0.54375 -0.40109379 -0.28375 -0.28375 -0.2837493 0.60875 0.60875 0.60875 0.60875 0.9975 0.9975 0.9975 0.99749996 -0.19125 -0.19125 -0.19125 -0.19125 -0.19125 -0.15250049 -0.1525 -0.1525 -0.1525 0.4774931 0.4775
-0.535 0.20499913 -0.2675 -0.25329464 -0.78375 -0.6825 -0.31251264 0.18375 -0.415 0.17124976 -0.11060026 -0.2437645 -0.345 -0.6775 -0.6775 -0.53418353 -0.80875 -0.80875 -0.87 -0.87 -0.050001083 -0.575 0.28875 -0.05625 -0.19875 -0.19861553 -0.2075 -0.2075 -0.54375 -0.54375 -0.28375 -0.28375 -0.28375 -0.20454908 0.60875 0.60875 0.60875 0.9975 0.9975 0.9975 0.9975 0.99747116 -0.19124999 -0.19125 -0.19125 -0.19125 -0.19125 -0.19090508 -0.1525 -0.15248122 0.26625 0.26625 0.26625
-2.0575 -0.455 -0.38875 -0.2675 -0.66625 -0.4325 -0.57375 -0.47676831 -0.16875 -0.64875 -0.9275 -0.3725 -0.37249998 -0.44 -0.44 -0.62995201 -0.63 -0.6525 -0.6525 -0.86999948 -0.91625 -0.91625 -0.05625 -0.19875 -0.19875 0.37625 0.09375 0.09375 0.14868652 -0.54375 -0.28375 -0.28375 0.13625 0.13632536 0.85744838 0.9725 0.9725 0.98976568 0.9975 0.9975 0.69912261 0.69875 0.69875224 0.21887998 0.22620386 0.22624989 0.22624999 0.22624984 0.36921179 0.26625 0.26625 0.26625 0.26625
-1.1787571 -0.88 -0.5384367 -0.4075 -0.405 -0.87375 -0.37625 -0.3525 -0.31875 -0.31875 -0.9275 -0.3575 -1.0012499 -0.44 -0.43125003 -0.43125 -0.63 -0.31 -0.2825 -0.2825 -0.8414367 -0.7575 -0.7575 0.22624999 0.37625 0.37625 0.09375 0.09375 0.14872399 0.14827121 0.48009423 0.13625 0.13625 0.8575 0.8575 1.0657696 0.9725 0.9725 1.0487474 0.69875049 0.69875 0.69875 0.69876218 0.22625273 0.22625 0.22625 0.22625 0.22625011 0.405 0.2662775 0.26625 0.26625 0.26625
-1.17875 -0.07375 -0.14 -1.15125 -0.81876906 -0.70625 -0.73625 -0.29 -0.57625 -0.45875 -0.45875 -0.485 -1.00125 -1.00125 -0.43516073 -0.78530677 -0.82 -0.1875 -0.70999956 -0.2825 -0.12138684 -0.0575 -0.66625 0.061249997 0.06124742 -0.13875 0.0175 0.017500027 -0.29593628 -0.29749998 0.4825 0.017841952 0.3725 0.8575 0.85971039 1.14375 1.14375 1.04875 1.04875 0.69875 0.69875 0.69875002 0.71833508 0.71624998 0.22625 0.22625 0.22625 0.4049932 0.405 0.405 0.26625 0.26625 0.26625
-0.23551669 -0.073750002 0.27625 -0.36625 -0.59625 -0.6 -0.42125 0.13125 -0.2325 -0.22950961 -0.30875 -0.5375 -0.5375 0.09375 0.093743124 -0.9284469 -0.92875 -0.92875 -0.26726043 -0.52000006 -0.81 -0.80999999 0.13125 -0.35196836 -0.11859528 -0.13875 0.07375 0.0175 0.37913625 0.38125 -0.08125 0.9325 0.5465744 0.37875 0.935 0.98625 1.2975 0.56875 1.4783298 0.70295711 1.64125 1.05125 0.71630251 0.71625 0.71349201 0.22625 0.56499998 0.405 0.405 0.405 0.405 0.26547183 0.06875
-1.14 -1.14 0.26375 -0.1275 -0.5325 -0.28 -0.39125 -0.4175 -0.32875 -0.22879786 -0.1525 0.3625 0.09375 0.09375 -0.6375 -0.64149463 -0.92875 -0.92862412 -0.37375 -0.52 -0.52 -0.55736173 0.13125 0.19124886 0.19125 0.19125 0.07375 0.4775 0.4775 0.38125 0.38125 0.93104672 0.16625 0.37875 0.67 0.98625 1.2975 1.245 1.47875 0.70524271 1.05125 1.0466583 1.03875 0.71625 0.71625 0.565 0.565 0.565 0.405 0.405 0.26 0.26 0.25999993
-1.14 -1.14 -0.1975 -0.48375 -0.66375 -0.43875 -0.62874999 -0.045105163 0.00625 -0.0825 -0.2625 -0.43375 0.36143956 -0.6375 -0.6375 -0.63747188 -0.39375 -0.39270031 -0.37375 -0.44875 -0.44875 -0.56125 -0.56125 0.19125 0.19125 0.19125 0.4775 0.4775 0.4775 -0.30125 -0.30125 -0.30124923 0.39875 0.39875 0.38 0.07875 1.12875 0.93750108 1.085 0.6925 0.6925 0.53750165 1.03875 0.71625 0.61874987 0.415 0.7678725 0.76875 0.92 0.92 0.26 0.26 0.26
-1.14 -0.73306787 -0.31965308 -0.57124143 0.1125 -0.545 -0.62875 -0.045 0.006249572 -0.081516758 -0.43374954 -0.43375 -0.3975 -0.6375 -0.6375 -0.39375001 -0.39375 -0.39374886 -0.37375 -0.44875 -0.47084271 -0.56125 -0.56125 0.1912199 0.19125 0.13331318 0.015 0.015 0.015000058 -0.30125 -0.30125 -0.265 -0.265 0.39874995 0.38 0.48000007 1.1185269 0.9375 0.9375 0.69249999 0.5375 0.5375 0.53750067 0.61875 0.61875 0.415 0.76875 0.76875 0.92 0.92 0.26 0.26 0.26
0.05125 -0.016889342 0.0024821927 -0.0016480676 0.11249648 -0.54498448 -0.62875 -0.052185624 0.0027183509 0.003932501 -0.3975 -0.3975 -0.3975 -0.3975 -0.637466 -0.39375 -0.39375 -0.39349177 -0.37375 -0.44872205 -0.35375 -0.35375 -0.35375 -0.35375 0.18188332 0.015 0.015 0.015 0.015 0.014769888 -0.265 -0.265 -0.265 -0.265 0.48 0.48 0.48 0.91558957 0.93198914 0.20375 0.20375 0.53748205 0.33875959 0.61872303 0.61875 0.415 0.76875 0.76875 0.92 0.92 0.26239441 0.26 0.6078158
0.05125 0.0025 0.0025 0.0025 0.0025 0.0024997737 -0.62853552 -0.35253456 -0.0067037843 -0.39706735 -0.3975 -0.3975 -0.3975 -0.3975 -0.39749975 -0.39375 -0.39375 -0.39237814 -0.37375021 -0.35375 -0.35375 -0.35375 -0.35375 -0.35375 -0.34723652 -0.088313602 -0.14999997 -0.15 -0.15 -0.15 -0.265 -0.265 -0.26500013 -0.375 -0.375 0.48 0.05952708 0.0475 0.20374991 0.20375 0.20375 0.20375 0.33875 0.33875 0.33875 0.33928063 0.69540637 0.695 0.695 0.695 0.695 0.70124991 0.70125
0.33625 0.0025 0.0025 0.0025 0.0025 0.0025 0.0024999598 -0.41398784 -0.053599451 -0.05375 -0.05375 -0.05375 -0.05375 -0.05375 -0.053750003 0.12133728 -0.38551591 -0.39101123 -0.35375252 -0.35375 -0.35375 -0.35375 -0.35375 -0.3537494 -0.0525 -0.0525 -0.052500137 -0.15 -0.15 -0.15026532 -0.2825 -0.2825 -0.375 -0.375 -0.375 -0.020179936 0.0475 0.0475 0.0475 0.20375 0.20375 0.20375 0.33875 0.33875 0.33875 0.33875 0.69499999 0.695 0.695 0.695 0.695 0.70125 0.70125
0.33625 0.21199867 0.0025 0.0025 0.0025 0.0025 -0.22120609 -0.22125 -0.22125 -0.05375 -0.05375 -0.05375 -0.05375 -0.05375 -0.014316499 0.125 0.125 0.125 0.16092803 0.16249947 0.1625 0.1625 0.1625 0.1625 -0.0525 -0.0525 -0.0525 -0.0525 -0.15 -0.2825 -0.2825 -0.2825 -0.37499999 -0.375 -0.375 -0.02875 0.047399043 0.0475 0.0475 0.20366419 0.032474772 -0.36703892 0.33875 0.33875 -0.14226098 -0.14375 -0.14375 0.69332556 -0.3189443 -0.32249991 -0.32249981 -0.038638062 0.7012485
0.33625 -0.163702 -0.088588287 0.0025 0.0025 -0.2211178 -0.22125 -0.22125 -0.22125 -0.22004295 -0.05375 -0.05375 -0.05375 -0.053749978 0.125 0.125 0.125 0.125 0.1624665 0.1625 0.1625 0.1625 0.1625 0.1625 -0.052499995 -0.0525 -0.0525 -0.0525 -0.053336592 -0.2825 -0.2825 -0.2825 -0.1625 -0.37495965 -0.02875 -0.02875 -0.02875 -0.030599321 -0.34239354 -0.36875 -0.36875 -0.36875 -0.3825 -0.3825 -0.14375 -0.14375 -0.14375 -0.3225 -0.3225 -0.3225 -0.3225 -0.03875 -0.03875
-0.17711156 -0.1775 -0.1775 -0.1775 -0.48625 -0.22125684 -0.22125 -0.22125 -0.22125 -0.22125 -0.018261852 -0.053743892 -0.053749987 0.125 0.125 0.125 0.125 0.125 0.12004875 0.1625 0.1625 0.1625 0.1625 0.1625 -0.14806502 -0.48499766 -0.485 -0.485 -0.485 -0.28249999 -0.1625 -0.1625 -0.1625 -0.1625 -0.02875 -0.028754444 -0.1975 -0.1975 -0.36661169 -0.36875 -0.36875 -0.36875 -0.3825 -0.3825 -0.18071672 -0.14375 -0.14375 -0.3225 -0.3225 -0.3225 -0.31945746 -0.03875 -0.03875
-0.1775 -0.1775 -0.1775 -0.32289498 -0.48625 -0.48625 -0.22125 -0.22125 -0.22125 -0.22125 0.415 0.415 0.415 0.125 0.125 0.125 0.125 0.12499731 2.5590226e-13 3.7321605e-11 0.16249993 0.1625 0.15461805 -0.16125 -0.16416458 -0.485 -0.485 -0.485 -0.485 -0.16253284 -0.1625 -0.1625 -0.1625 -0.1625 -0.19749941 -0.1975 -0.1975 -0.1975 -0.19811955 -0.36875 -0.36875 -0.36875 -0.3825 -0.3825 -0.3825 -0.14375 -0.14375 -0.32249999 -0.3225 -0.3225 -0.03875 -0.03875 -0.03875
-0.1775 -0.1775 -0.1775 -0.48625 -0.48625 -0.48625 -0.4862496 -0.22125 -0.22125 0.41434321 0.415 0.415 0.415 0.41481932 0.11184689 0.10875 0.10875 0.10875 5.8435573e-25 -1.402771e-42 -5.3603263e-20 -0.16125 -0.16125 -0.16125 -0.16130533 -0.41877881 -0.485 -0.485 -0.485 -0.38340827 -0.42497418 -0.425 -0.425 -0.425 -0.32236842 -0.49749932 -0.4975 -0.4975 -0.4975 -0.70370416 -0.70375 -0.70375 -0.3825 -0.3825 -0.42249983 -0.42249988 -0.08875 -0.08875 -0.18125 -0.18125 -0.18125 -0.03875 0.25473735
-0.17750048 -0.1775 -0.17750001 -0.48625 -0.48625 -0.48625 -0.48625 -0.45249993 -0.22217463 0.41450694 0.415 0.415 0.415 0.41439905 0.10875 0.10875 0.10875 0.10874997 1.3135127e-41 -1.6637049e-98 -5.8884191e-39 -0.16125 -0.16125 -0.16125 -0.35875 -0.35875 -0.51 -0.51 -0.51 -0.5095363 -0.425 -0.425 -0.425 -0.425 -0.46123015 -0.4975 -0.4975 -0.4975 -0.4975 -0.70375 -0.70375 -0.70375 -0.6949008 -0.4225 -0.4225 -0.4225 -0.08875 -0.08875 -0.18125 -0.18125 -0.18125 0.25499999 0.255
-0.33375 -0.26842947 -0.545 -0.54498296 -0.48625 -0.45269528 -0.4525 -0.4525 -0.41651761 -0.12875001 -0.12875 -0.12875 -0.12875 0.13374145 0.13375 0.10875002 0.10875 0.1058846 5.8648772e-40 -5.1748364e-72 -6.4763745e-32 -0.51875 -0.51875 -0.51875 -0.35875 -0.35875 -0.51 -0.51 -0.51 -0.51000028 -0.90124697 -0.90124866 -0.43696983 -0.42551057 -0.83827748 -0.83875 -0.83875 -0.83875 -0.83875 -0.70375 -0.70375 -0.70375 -0.43798658 -0.4225 -0.4225 -0.4225 -0.08875 -0.08875 -0.08875333 -0.18125 -0.18124072 0.02625 0.255
-0.38748979 -0.38750003 -0.545 -0.545 -0.545 -0.4525 -0.4525 -0.4525 -0.35375 -0.35375 -0.12875 -0.12875 -0.12875 0.13375 0.13375 0.13375 0.13375 0.13373506 -5.3494451e-17 -1.0972e-26 -1.9888451e-08 -0.51875 -0.51875 -0.51875 -0.35875 -0.35875 -0.51 -0.51 -0.51 -0.89683863 -0.90125 -0.90125 -0.90125 -0.90125 -0.83878084 -0.83875 -0.83875 -0.83875 -0.83875 -0.81124997 -0.81125 -0.81125 -0.81125 -0.42249989 -0.40875 -0.40875 -0.40875 -0.0175 -0.0175 -0.0175 0.02625 0.02625 0.02625
-0.3875 -0.3875 -0.545 -0.545 -0.545 -0.4529862 -0.4525 -0.35375 -0.35375 -0.35375 -0.1287777 -0.12875 -0.21046247 0.13374992 0.13375 0.13375 0.13375 -0.155 -0.155 -0.155 -0.61125 -0.61124993 -0.51875045 -0.51875 -0.51887997 -0.81375 -0.81375 -0.81374928 -0.51004909 -0.96248779 -0.96249967 -0.96248931 -0.90135468 -0.90130286 -0.8499213 -0.83875011 -0.83973861 -1.13375 -1.13375 -0.81125 -0.81125 -0.81125 -0.81125 -0.40875 -0.40875 -0.40875 -0.40875 -0.0175 -0.0175 -0.0175 0.02625 0.02625 0.02625
-0.3875 -0.3875 -0.545 -0.545 -0.545 -0.545 -0.41554076 -0.35375 -0.35375 -0.35375 -0.35368095 -0.22875 -0.22875 -0.22875 0.1316137 0.13375 -0.15307584 -0.155 -0.155 -0.155 -0.61125 -0.61125 -0.61125 -0.61125 -0.81375 -0.81375 -0.81375 -0.81375 -0.81375 -0.9625 -0.9625 -0.9625 -0.9625 -0.96249982 -0.8775 -1.13375 -1.13375 -1.13375 -1.13375 -1.1337483 -0.66125 -0.66125 -0.66125 -0.54898273 -0.31625 -0.31625 -0.31625 -0.017500009 -0.017500211 -0.235 -0.235 0.23619891 0.23625
-0.3875 -0.3875 -0.48815356 -0.545 -0.545 -0.545 -0.38494455 -0.35384848 -0.35375 -0.35375 -0.22874999 -0.22875 -0.22875 -0.22875 -0.22875 -0.19902607 -0.155 -0.155 -0.155 -0.155 -0.61124647 -0.61125 -0.61125 -0.61125 -0.81375 -0.81375 -0.81375 -0.81375 -0.81375 -1.059488 -0.9625 -0.9625 -0.9625 -0.8775 -0.8775 -0.87769898 -1.13375 -1.13375 -0.94944004 -0.80625003 -0.66125 -0.66125 -0.66125 -0.55129059 -0.31625 -0.31625 -0.31625 -0.58375 -0.23934539 -0.235 -0.235 0.23625 0.23625
-0.35875 -0.35875 -0.35875 -0.49830201 -0.54474852 -0.385 -0.385 -0.385 -0.385 -0.18375 -0.18375 -0.22875 -0.22875 -0.22875 -0.22875 -0.22874533 -0.155 -0.155 -0.155 -0.155 -0.4121573 -0.61125 -0.61125 -0.6067356 -0.45544833 -0.81375 -0.81375 -0.81375 -1.09375 -1.09375 -1.09375 -1.0937494 -0.8775 -0.8775 -0.8775 -0.8775 -0.80625 -0.80625 -0.80625 -0.80625 -0.53875 -0.53875 -0.53875 -0.56499947 -0.565 -0.565 -0.56499992 -0.58375 -0.58375 -0.23542493 -0.235 0.23624863 0.23625
-0.35875 -0.35875 -0.35875 -0.35875081 -0.37375 -0.37538593 -0.385 -0.385 -0.385 -0.18375 -0.18375 -0.18375 -0.30375 -0.30375 -0.30375 -0.30374999 -0.15475728 -0.155 -0.155 -0.155 -0.16190896 -0.43875047 -0.43875 -0.43875 -0.43875 -0.43875001 -0.615 -0.615 -1.09375 -1.09375 -1.09375 -1.09375 -0.87749988 -0.8775 -0.8775 -0.87748595 -0.80624999 -0.80625 -0.80625 -0.80512587 -0.53875 -0.53875 -0.53875 -0.56499878 -0.565 -0.565 -0.565 -0.58375 -0.58375 -0.58374993 -0.03625 -0.03625 -0.01625
-0.35875 -0.35875 -0.35875 -0.37374997 -0.37375 -0.37375 -0.385 -0.385 -0.385 -0.18375 -0.18375 -0.18375 -0.30375 -0.30375 -0.30375 -0.28233013 -0.0225 -0.0225 -0.022500342 -0.15425161 -0.43875 -0.43875 -0.43875 -0.43875 -0.43875 -0.43888264 -0.615 -0.615 -0.615 -1.09375 -1.09375 -1.0936406 -0.705 -0.705 -0.705 -0.38375 -0.38375 -0.55 -0.55 -0.55 -0.18875 -0.53864022 -0.53874887 -0.3875 -0.3875 -0.39422705 -0.56499956 -0.58375 -0.58375 -0.03625 -0.03625 -0.03625 -0.01625
-0.35875 -0.35875 -0.35875 -0.37375 -0.37375 -0.37375 -0.37375 -0.385 -0.385 -0.18375 -0.18375 -0.29895173 -0.30375 -0.30375 -0.30375 -0.0225 -0.0225 -0.0225 -0.0225 -0.0225 -0.43875 -0.43875 -0.43875 -0.43875 -0.43875 -0.6149994 -0.615 -0.615 -0.615 -0.92375 -0.92375 -0.92375 -0.705 -0.705 -0.705 -0.38375 -0.38375 -0.55 -0.55 -0.18875 -0.18875 -0.18875 -0.3875 -0.3875 -0.3875 -0.3875 -0.34581023 0.12 0.12 0.12 -0.03624999 0.475 0.475
-0.35875 -0.35875 -0.35877089 -0.37375 -0.37375 -0.37375 -0.37375 -0.47490125 -0.48 -0.47949138 -0.18375 -0.30374686 -0.30375 -0.30375 -0.30374903 -0.0225 -0.0225 -0.0225 -0.0225 -0.0225 0.38360863 -0.43875 -0.43875 -0.43875 -0.43867894 -0.61497067 -0.615 -0.615 -0.615 -0.92375 -0.92375 -0.92375 -0.92371981 -0.705 -0.38375 -0.38375 -0.38375 -0.38375686 -0.54997536 -0.18875 -0.18875 -0.18875 -0.38748793 -0.3875 -0.3875 -0.3875 0.11999943 0.12 0.12 0.12 0.475 0.475 0.475
-0.355 -0.35500001 -0.37374145 -0.37375 -0.37375 -0.37375 -0.47997739 -0.48 -0.48 -0.48 -0.26625001 -0.26625 -0.26625 -0.26625 -0.023625006 -0.0225 -0.0225 -0.0225 -0.0225 0.41874974 0.41875 0.41875 -0.093750057 -0.09375 -0.09375 -0.09375 -0.13874058 -0.615 -1.0924804 -1.0925 -1.0925 -1.0925 -1.0925 -0.415 -0.415 -0.415 -0.415 -0.415 -0.12 -0.12 -0.12 -0.12 -0.12 0.06681412 0.0675 0.0675 0.0675 0.12 0.12 0.12 0.47494407 0.475 0.475
-0.355 -0.355 -0.35401624 -0.23750027 -0.23750003 -0.23773649 -0.48 -0.48 -0.48 -0.48 -0.26625 -0.26625 -0.26625 -0.26625 -0.26625 -0.0225 -0.0225 -0.0225 0.41874989 0.41875 0.41875 0.41875 -0.093749998 -0.09375 -0.09375 -0.09375 -0.09375 -0.093861295 -1.0924474 -1.0925 -1.0925 -1.0925 -1.0924789 -0.54963914 -0.41513941 -0.415 -0.415 -0.415 -0.12 -0.12 -0.12 -0.12 -0.12 0.0675 0.0675 0.0675 0.0675 0.092050026 0.12 0.14224897 0.1425 -0.03375 -0.03375
-0.355 -0.355 -0.23751488 -0.2375 -0.2375 -0.2375 -0.29909398 -0.48 -0.48 -0.48 -0.26625 -0.26625 -0.26625 -0.26625 -0.26625 -0.022681775 -0.0225 0.41862063 0.41875 0.41875 0.41875 0.41875 0.096108946 -0.09375 -0.09375 -0.09375 -0.09375 -0.094360776 -0.95625 -0.95625 -0.95625 -0.95625 -0.95625 -0.6525 -0.6525 -0.6525 -0.6525 -0.6525 -0.48 -0.48 -0.48 -0.48 -0.48 0.06763124 0.067500027 0.0675 0.067509111 0.068607101 0.1425 0.1425 0.1425 -0.033749013 -0.03375
