interpolatedSpi/03-12|20_2.tif
NCOLS 53
NROWS 52
XLLCORNER -116.03883
YLLCORNER 28.596182
DX 0.49850594
DY 0.49788537
NODATA_VALUE -9999
[rows 0 to 38 of 52, columns 0 to 52 of 53]
0.004 0.004 -0.15655128 -0.567 -0.081 0.025 0.339 0.385 -0.082836547 -0.24 -0.191 0.27 0.019027091 0.348 -0.168 -0.168 -0.168 0.228 0.332 0.332 0.332 0.33199518 -0.168 0.169 0.169 0.169 0.53799974 0.538 0.538 0.342 0.342 0.342 0.342 0.0040000677 0.004 0.004 0.004 0.004 0.004 0.0040000421 1.5572691 1.5737375 0.544 0.544 0.544 0.544 0.54398693 0.536 0.536 0.536 1.0809989 1.081 1.081
0.0039830273 -0.378 -0.14399951 -0.063166872 0.15878621 0.386 0.387 0.1502842 -0.188 0.151 0.098 0.019 0.019 0.4317199 0.34799646 -0.168 0.228 0.228 0.3318644 0.332 0.332 0.332 0.14268145 0.169 0.169 0.169 -0.038999986 -0.039 0.342 0.342 0.342 0.342 0.342 0.0040000492 0.004 0.004 0.004 0.004 0.0040000656 0.081147485 0.41501273 0.52834715 0.544 0.544 0.544 0.544 0.544 0.536 0.536 0.536 0.58119192 1.081 1.081
0.4599746 0.46 0.285 0.774 0.268 0.043 0.312 -0.096 0.071 0.083 0.398 -0.29 -0.337 0.199 0.432 0.488 0.228 0.228 0.228 0.28301424 0.283 0.283 -0.331 0.169 0.169 0.169 -0.039 -0.039 -0.039 0.342 0.342 0.34199994 -0.23134748 0.0050679999 0.012339846 0.89178953 0.9 0.9 0.83899978 0.415 0.415 0.41516496 0.544 0.544 0.544 0.544 0.544 0.536 0.536 0.536 0.536 1.081 1.081
0.439 0.45999997 0.2869565 0.556 0.034 0.17 0.573 -0.381 0.243 0.19993214 0.291 0.078 -0.003 0.199 0.319 0.488 -0.12030997 -0.12475267 -0.292 0.283 0.283 -0.645 -0.331 -0.331 0.169 0.16899896 -0.039 -0.039 -0.039 -0.802 -0.82778785 -0.849 -0.849 -0.84899863 0.9 0.9 0.9 0.9 0.415 0.415 0.415 0.415 0.544 0.544 0.544 0.544 0.544 0.5360001 0.536 0.536 0.536 1.0809236 1.081
0.439 0.22700011 0.287 0.33829337 0.034 0.291 0.050032768 -0.03 -0.161 0.13099996 0.19827621 0.22903595 0.48 0.319 0.319 0.42244655 -0.125 -0.125 -0.292 -0.292 0.28299812 -0.645 -0.898 -0.288 -0.234 -0.23404579 -0.039 -0.039 -0.802 -0.802 -0.849 -0.849 -0.849 -0.77357071 0.9 0.9 0.9 0.415 0.415 0.415 0.415 0.41496033 0.54399999 0.544 0.544 0.544 0.544 0.54392879 0.536 0.53591951 -1.259 -1.259 -1.259
-0.979 0.137 0.607 0.318 0.331 0.467 0.187 0.15921779 0.235 -0.158 0.369 -0.178 -0.17799957 0.384 0.384 -0.26395051 -0.264 -0.374 -0.374 -0.29200016 -0.884 -0.884 -0.288 -0.234 -0.234 -0.43 -0.871 -0.871 -0.40903575 -0.802 -0.849 -0.849 -0.449 -0.44900073 -0.4559996 -0.768 -0.768 0.049011944 0.415 0.415 0.0045126054 0.0040000011 0.0040009339 -0.90397986 -0.92983709 -0.92999961 -0.92999995 -0.92999945 -1.4260347 -1.259 -1.259 -1.259 -1.259
-0.21000264 0.048 -0.48315296 0.207 0.614 -0.085 0.139 0.204 -0.063 -0.063 0.369 -0.012 0.076999907 0.384 -0.058998673 -0.059 -0.264 -0.136 -0.473 -0.473 -0.87975862 -0.875 -0.875 -0.69399999 -0.43 -0.43 -0.871 -0.871 -0.40900256 -0.40904721 -0.067194491 -0.449 -0.449 -0.456 -0.456 -0.91287425 -0.768 -0.768 -1.1959852 0.0039983293 0.004 0.004 0.0040037924 -0.92999814 -0.93 -0.93 -0.93 -0.93000035 -1.523 -1.2590523 -1.259 -1.259 -1.259
-0.21 -0.55 -0.152 -0.616 -0.89698389 -0.466 0.072 -0.39499999 -0.181 -0.048 -0.048 -0.289 0.077 0.077 -0.058066914 -0.28031394 -0.302 -0.132 -0.60199987 -0.473 -1.0259604 -1.001 -1.172 -0.716 -0.71600348 -0.986 -1.041 -1.0409999 -0.45284582 -0.45299999 -0.066 -0.41952893 -0.425 -0.456 -0.46472749 -1.034 -1.034 -1.196 -1.196 0.004 0.004 0.0040000086 -0.59516681 -0.59700002 -0.93 -0.93 -0.93 -1.5229774 -1.523 -1.523 -1.259 -1.259 -1.259
-0.60355559 -0.54999999 -0.163 -0.386 -0.227 -0.472 -0.17 0.288 0.249 0.40609521 0.256 -0.050000003 -0.05 -0.227 -0.22699925 -0.55230044 -0.553 -0.553 -0.20374623 -1.156 -1.295 -1.295 -0.938 -1.0797844 -0.95879113 -0.986 -0.984 -1.041 -0.81233653 -0.811 -0.418 -0.035 -0.22387106 -0.811 -0.762 -0.858 -0.877 -0.895 -0.82603186 0.0058033646 0.408 -0.386 -0.59696744 -0.597 -0.5988743 -0.93 -1.256 -1.523 -1.523 -1.523 -1.523 -1.2201537 -0.631
-0.903 -0.903 -0.393 -0.278 -0.323 -0.135 0.004 0.109 0.423 0.44600766 0.085 0.298 -0.227 -0.227 -0.147 -0.15256847 -0.553 -0.55294197 -0.284 -1.156 -1.156 -1.1739078 -0.938 -1.0849972 -1.085 -1.085 -0.984 -0.613 -0.613 -0.811 -0.811 -0.035711231 -0.41 -0.811 -0.577 -0.858 -0.877 -1.209 -0.826 0.14500371 -0.38599996 -0.39004073 -0.397 -0.597 -0.597 -1.256 -1.256 -1.256 -1.523 -1.523 -0.947 -0.947 -0.94699988
-0.903 -0.903 -0.766 -0.64 -0.777 -0.15 -0.37799999 0.16485459 -0.037 -0.066 0.077 -0.085 0.29748934 -0.147 -0.147 -0.14703207 -0.425 -0.41759966 -0.284 -0.411 -0.411 -0.675 -0.675 -1.085 -1.085 -1.085 -0.613 -0.613 -0.613 -0.948 -0.948 -0.94799911 -0.708 -0.708 -0.705 -1.026 -0.737 -0.72099809 -0.962 0.161 0.161 -0.12500089 -0.397 -0.597 -0.65500007 -0.758 -0.66854099 -0.666 -0.814 -0.814 -0.947 -0.947 -0.947
-0.903 -0.84379686 -0.71223131 -0.80999243 -0.376 -0.8 -0.378 0.165 -0.036998313 -0.065678715 -0.084999975 -0.085 0.006 -0.147 -0.147 -0.42499999 -0.425 -0.42499198 -0.284 -0.411 -0.46284423 -0.675 -0.675 -1.0849833 -1.085 -1.0935467 -1.111 -1.111 -1.1109999 -0.948 -0.948 -1.034 -1.034 -0.70799999 -0.705 -0.67700021 -0.69851503 -0.721 -0.721 0.16099999 -0.125 -0.125 -0.12500388 -0.655 -0.655 -0.758 -0.666 -0.666 -0.814 -0.814 -0.947 -0.947 -0.947
-0.358 -0.020316241 0.041974391 0.035831682 -0.37600223 -0.79998999 -0.37800001 0.15831598 -0.023080134 -0.037757267 0.006 0.006 0.006 0.006 -0.14697833 -0.425 -0.425 -0.42317947 -0.284 -0.41101136 -0.453 -0.453 -0.453 -0.453 -1.074333 -1.111 -1.111 -1.111 -1.111 -1.1108806 -1.034 -1.034 -1.034 -1.034 -0.677 -0.677 -0.677 -0.71861714 -0.71888203 -0.439 -0.439 -0.12501689 -0.48100596 -0.65498324 -0.655 -0.758 -0.666 -0.666 -0.814 -0.814 -0.94651749 -0.947 -0.52638554
-0.358 0.042 0.042 0.042 0.042 0.041999648 -0.37908016 -0.12109882 0.014056758 0.0059529377 0.006 0.006 0.006 0.006 0.005999806 -0.425 -0.42499998 -0.41532836 -0.28400251 -0.453 -0.453 -0.453 -0.453 -0.453 -0.45948763 -1.0251616 -1.023 -1.023 -1.023 -1.023 -1.034 -1.034 -1.0340001 -1.084 -1.084 -0.677 -0.56908672 -0.566 -0.43900007 -0.439 -0.439 -0.439 -0.481 -0.481 -0.481 -0.48292767 -0.55176734 -0.551 -0.551 -0.551 -0.551 0.54299969 0.543
-0.145 0.042 0.042 0.042 0.042 0.042 0.041999971 -0.33364263 -0.25655628 -0.258 -0.258 -0.258 -0.258 -0.258 -0.258 -0.24234421 -0.42208334 -0.40569236 -0.4529788 -0.453 -0.453 -0.453 -0.453 -0.45300012 -0.753 -0.753 -0.75300038 -1.023 -1.023 -1.0228698 -0.958 -0.958 -1.084 -1.084 -1.084 -0.64897789 -0.566 -0.566 -0.566 -0.439 -0.439 -0.439 -0.481 -0.481 -0.481 -0.481 -0.551 -0.551 -0.551 -0.551 -0.551 0.543 0.543
-0.145 -0.075382024 0.042 0.042 0.042 0.042 -0.54088558 -0.541 -0.54099999 -0.258 -0.258 -0.258 -0.258 -0.258 -0.25447029 -0.242 -0.242 -0.242 -0.55668283 -0.55699989 -0.557 -0.557 -0.557 -0.557 -0.753 -0.753 -0.753 -0.753 -1.023 -0.958 -0.958 -0.958 -1.084 -1.084 -1.084 -0.405 -0.56578683 -0.566 -0.566 -0.4390023 -0.44348756 -0.45395517 -0.481 -0.481 -0.35439193 -0.354 -0.354 -0.55038674 -0.17930347 -0.17800003 -0.17800007 0.060073049 0.54299902
-0.145 -0.20144216 -0.081981279 0.042 0.042 -0.54065554 -0.541 -0.541 -0.541 -0.53896062 -0.258 -0.258 -0.258 -0.258 -0.242 -0.242 -0.242 -0.242 -0.55671862 -0.557 -0.557 -0.557 -0.557 -0.557 -0.753 -0.753 -0.753 -0.753 -0.75374565 -0.958 -0.958 -0.958 -0.55800001 -1.0839182 -0.405 -0.405 -0.405 -0.40772715 -0.46109654 -0.454 -0.454 -0.454 -0.384 -0.384 -0.354 -0.354 -0.354 -0.178 -0.178 -0.178 -0.178 0.06 0.06
-0.20286946 -0.203 -0.203 -0.203 -0.465 -0.54099804 -0.541 -0.541 -0.541 -0.541 -0.24164714 -0.25799719 -0.25799999 -0.242 -0.242 -0.242 -0.242 -0.242 -0.31410379 -0.557 -0.557 -0.557 -0.557 -0.557 -0.56604331 -0.43100174 -0.431 -0.431 -0.431 -0.95799998 -0.55800001 -0.558 -0.558 -0.558 -0.405 -0.4050065 -0.652 -0.652 -0.45647232 -0.454 -0.454 -0.454 -0.384 -0.384 -0.35864503 -0.354 -0.354 -0.178 -0.178 -0.178 -0.17544802 0.06 0.06
-0.203 -0.203 -0.203 -0.32637971 -0.465 -0.465 -0.541 -0.541 -0.541 -0.541 -0.042 -0.042 -0.042 -0.242 -0.242 -0.242 -0.242 -0.242078 -0.993 -0.993 -0.55700018 -0.557 -0.56060318 -0.705 -0.7025333 -0.431 -0.431 -0.431 -0.431 -0.55798707 -0.558 -0.558 -0.558 -0.558 -0.65199913 -0.652 -0.652 -0.652 -0.65128556 -0.454 -0.454 -0.454 -0.384 -0.384 -0.384 -0.354 -0.354 -0.178 -0.178 -0.178 0.06 0.06 0.06
-0.203 -0.203 -0.203 -0.465 -0.465 -0.465 -0.46500012 -0.541 -0.541 -0.042515112 -0.042 -0.042 -0.042 -0.042124616 -0.62404738 -0.714 -0.714 -0.714 -0.993 -0.993 -0.993 -0.705 -0.705 -0.705 -0.70494285 -0.4677167 -0.431 -0.431 -0.431 -0.32738891 -0.27802754 -0.278 -0.278 -0.278 -0.52112542 -0.33800071 -0.338 -0.338 -0.338 -0.3210182 -0.321 -0.321 -0.384 -0.384 0.047998196 0.047999979 -0.011 -0.011 0.034 0.034 0.034 0.06 0.42667186
-0.20299971 -0.203 -0.20300001 -0.465 -0.465 -0.465 -0.465 -0.552 -0.54104398 -0.04213239 -0.042 -0.042 -0.042 -0.043318649 -0.714 -0.714 -0.714 -0.71400008 -0.993 -0.993 -0.993 -0.705 -0.705 -0.705 -0.501 -0.501 -0.527 -0.527 -0.527 -0.52564163 -0.278 -0.278 -0.278 -0.278 -0.30798356 -0.338 -0.338 -0.338 -0.338 -0.321 -0.321 -0.321 -0.30938985 0.048 0.048 0.048 -0.011 -0.011 0.034 0.034 0.034 0.42699999 0.427
-0.108 -0.16393222 -0.453 -0.45300348 -0.465 -0.55149662 -0.552 -0.552 -0.51811279 -0.18800001 -0.188 -0.188 -0.188 -0.78898044 -0.789 -0.71400006 -0.714 -0.72135124 -0.993 -0.993 -0.993 -0.996 -0.996 -0.996 -0.501 -0.501 -0.527 -0.527 -0.527 -0.52699982 -0.28499996 -0.28499998 -0.27817593 -0.2780075 -0.5466917 -0.547 -0.547 -0.547 -0.547 -0.321 -0.321 -0.321 0.027681516 0.048 0.048 0.047999951 -0.011 -0.011 -0.01099838 0.034 0.034014622 0.361 0.427
-0.51992176 -0.51999999 -0.453 -0.453 -0.453 -0.552 -0.552 -0.552 -0.459 -0.459 -0.188 -0.188 -0.188 -0.789 -0.789 -0.789 -0.789 -0.78902235 -0.993 -0.993 -0.993 -0.996 -0.996 -0.996 -0.501 -0.501 -0.527 -0.527 -0.527 -0.28772857 -0.285 -0.285 -0.285 -0.285 -0.54687072 -0.547 -0.547 -0.547 -0.547 -0.60499993 -0.605 -0.605 -0.605 0.047997906 -0.225 -0.225 -0.225 0.15 0.15 0.15 0.361 0.361 0.361
-0.52 -0.52 -0.453 -0.453 -0.453 -0.55147964 -0.552 -0.459 -0.459 -0.459 -0.18803336 -0.188 -0.79022092 -0.78900003 -0.789 -0.789 -0.789 -1.066 -1.066 -1.066 -1.078 -1.0779999 -0.9960004 -0.996 -0.99582663 -0.938 -0.938 -0.93799902 -0.52706642 -0.21201455 -0.21200039 -0.21201274 -0.28487524 -0.284937 -0.50028967 -0.547 -0.54697989 -0.541 -0.541 -0.605 -0.605 -0.605 -0.605 -0.225 -0.225 -0.225 -0.225 0.15 0.15 0.15 0.361 0.361 0.361
-0.52 -0.52 -0.453 -0.453 -0.453 -0.453 -0.51719282 -0.459 -0.459 -0.459 -0.45925741 -0.925 -0.925 -0.925 -0.78980148 -0.789 -1.0641541 -1.066 -1.066 -1.066 -1.078 -1.078 -1.078 -1.078 -0.938 -0.938 -0.938 -0.938 -0.938 -0.212 -0.212 -0.212 -0.212 -0.21200035 -0.379 -0.541 -0.541 -0.541 -0.541 -0.54100041 -0.661 -0.661 -0.661 -0.54808076 -0.314 -0.314 -0.314 0.14999999 0.14999997 0.118 0.118 0.18704233 0.187
-0.52 -0.52 -0.4771823 -0.453 -0.453 -0.45300002 -1.3763692 -0.46189618 -0.459 -0.459 -0.92500005 -0.925 -0.925 -0.925 -0.925 -0.91387349 -1.066 -1.066 -1.066 -1.066 -1.0779999 -1.078 -1.078 -1.078 -0.938 -0.938 -0.938 -0.938 -0.938 -0.59773525 -0.212 -0.212 -0.212 -0.379 -0.379 -0.3791258 -0.541 -0.541 -0.51792608 -0.5 -0.661 -0.661 -0.661 -0.54903087 -0.314 -0.314 -0.314 -0.068 0.11568246 0.118 0.118 0.187 0.187
-1.129 -1.129 -1.129 -0.62249178 -0.4545783 -1.378 -1.378 -1.378 -1.378 -1.169 -1.169 -0.92500002 -0.925 -0.925 -0.925 -0.92500894 -1.066 -1.066 -1.066 -1.066 -1.0727636 -1.078 -1.078 -1.070175 -0.78608009 -0.938 -0.938 -0.938 -0.734 -0.734 -0.734 -0.73399781 -0.379 -0.379 -0.379 -0.379 -0.5 -0.5 -0.5 -0.5 -0.657 -0.657 -0.657 -0.17600967 -0.176 -0.176 -0.17600004 -0.068 -0.068 0.11777337 0.118 0.18699831 0.187
-1.129 -1.129 -1.129 -1.1290215 -1.529 -1.5070421 -1.378 -1.378 -1.378 -1.169 -1.169 -1.169 -1.012 -1.012 -1.012 -1.012 -1.0659579 -1.066 -1.066 -1.066 -1.0661656 -0.77900082 -0.779 -0.779 -0.779 -0.779 -0.866 -0.866 -0.734 -0.734 -0.734 -0.734 -0.37900019 -0.379 -0.379 -0.37902199 -0.5 -0.5 -0.5 -0.49977627 -0.657 -0.657 -0.657 -0.17602231 -0.176 -0.176 -0.176 -0.068 -0.068 -0.068000011 -0.148 -0.148 -0.042
-1.129 -1.129 -1.129 -1.5289991 -1.529 -1.529 -1.3780001 -1.378 -1.378 -1.169 -1.169 -1.169 -1.012 -1.012 -1.012 -1.0143609 -1.043 -1.043 -1.0430001 -1.0658701 -0.779 -0.779 -0.779 -0.779 -0.779 -0.77906547 -0.866 -0.866 -0.866 -0.734 -0.734 -0.73400193 -0.649 -0.649 -0.649 -0.458 -0.458 -0.449 -0.449 -0.449 -0.122 -0.65683219 -0.65699549 -0.053 -0.053 -0.05766156 -0.17599949 -0.068 -0.068 -0.148 -0.148 -0.148 -0.042
-1.129 -1.129 -1.129 -1.529 -1.529 -1.529 -1.529 -1.378 -1.378 -1.169 -1.169 -1.0182777 -1.012 -1.012 -1.012 -1.043 -1.043 -1.043 -1.043 -1.043 -0.779 -0.779 -0.779 -0.779 -0.779 -0.8659997 -0.866 -0.866 -0.866 -0.737 -0.737 -0.737 -0.649 -0.649 -0.649 -0.458 -0.458 -0.449 -0.449 -0.122 -0.122 -0.122 -0.053 -0.053 -0.053 -0.053 -0.031230956 0.212 0.212 0.212 -0.148 0.094 0.094
-1.129 -1.129 -1.129557 -1.529 -1.529 -1.529 -1.529 -1.3385976 -1.329 -1.3287253 -1.169 -1.0119967 -1.012 -1.012 -1.0120001 -1.043 -1.043 -1.043 -1.043 -1.043 -0.65626814 -0.779 -0.779 -0.779 -0.77901751 -0.86599989 -0.866 -0.866 -0.866 -0.737 -0.737 -0.737 -0.73698579 -0.649 -0.458 -0.458 -0.458 -0.45799947 -0.4489777 -0.122 -0.122 -0.122 -0.053004189 -0.053 -0.053 -0.053 0.21200001 0.212 0.212 0.212 0.094000001 0.094 0.094
-1.138 -1.138 -1.5287758 -1.529 -1.529 -1.529 -1.3290426 -1.329 -1.329 -1.329 -0.97300001 -0.973 -0.973 -0.973 -1.0426769 -1.043 -1.043 -1.043 -1.043 -0.65100023 -0.651 -0.651 -0.86399999 -0.864 -0.864 -0.864 -0.86417263 -0.866 -0.55301282 -0.553 -0.553 -0.553 -0.553 -0.24 -0.24 -0.24 -0.24 -0.24 -0.242 -0.242 -0.242 -0.242 -0.242 0.2155945 0.216 0.216 0.216 0.212 0.212 0.212 0.09401859 0.094 0.094
-1.138 -1.138 -1.136401 -0.94700117 -0.94700013 -0.9473728 -1.329 -1.329 -1.329 -1.329 -0.973 -0.973 -0.973 -0.973 -0.973 -1.043 -1.043 -1.043 -0.6510001 -0.651 -0.651 -0.651 -0.864 -0.864 -0.864 -0.864 -0.864 -0.86400011 -0.55287875 -0.553 -0.553 -0.553 -0.55295129 -0.071630218 -0.23982566 -0.24 -0.24 -0.24 -0.242 -0.242 -0.242 -0.242 -0.242 0.216 0.216 0.216 0.216 0.21412952 0.212 0.53831821 0.542 0.351 0.351
-1.138 -1.138 -0.94702419 -0.947 -0.947 -0.947 -1.0440264 -1.329 -1.329 -1.329 -0.973 -0.973 -0.973 -0.973 -0.973 -1.0429455 -1.043 -0.65111493 -0.651 -0.651 -0.651 -0.651 -0.78509277 -0.864 -0.864 -0.864 -0.864 -0.86355738 -0.239 -0.239 -0.239 -0.239 -0.239 0.057 0.057 0.057 0.057 0.057 0.074 0.074 0.074 0.074 0.073999997 0.2163223 0.21600007 0.216 0.21602238 0.21873926 0.542 0.542 0.542 0.35100107 0.351
-1.1379998 -1.0085735 -0.94700001 -0.947 -0.947 -0.947 -0.947 -1.3288373 -1.329 -1.329 -0.973 -0.973 -0.973 -0.973 -0.90748816 -0.906 -0.906 -0.65100656 -0.651 -0.651 -0.651 -0.651 -0.65100009 -0.864 -0.864 -0.864 -0.864 -0.28799997 -0.28799998 -0.27757161 -0.239 -0.239 -0.239 0.057000001 0.057 0.057 0.057 0.057067728 0.074 0.074 0.074 0.074 0.074021222 0.348 0.348 0.348 0.348 0.34801565 0.542 0.542 0.542 0.54199995 0.46036526
-1.006 -1.006 -0.98028139 -0.947 -0.947 -0.947 -0.947 -0.947 -1.3288364 -1.049 -1.049 -1.049 -1.0488196 -0.9060001 -0.906 -0.906 -0.906 -0.906 -0.65100378 -0.68331034 -0.966 -0.966 -0.966 -0.9401191 -0.86528058 -0.87213273 -0.87757636 -0.288 -0.288 -0.288 -0.288 -0.288 -0.28513676 0.15306057 0.157 0.157 0.157 0.157 0.12603541 0.3509995 0.351 0.351 0.351 0.33200005 0.348 0.348 0.348 0.448 0.54199849 0.542 0.542 0.462 0.462
-1.006 -1.006 -0.906 -0.906 -0.906 -0.94698634 -0.947 -0.947 -1.049 -1.049 -1.049 -1.049 -1.049 -0.90600001 -0.906 -0.906 -0.906 -0.906 -0.966 -0.966 -0.966 -0.966 -0.966 -0.88 -0.88 -0.88 -0.88 -0.288 -0.288 -0.288 -0.288 -0.288 -0.194 -0.194 0.157 0.157 0.157 0.24898433 0.249 0.351 0.351 0.351 0.35100003 0.332 0.332 0.332 0.448 0.448 0.448 0.425 0.425 0.462 0.462
-1.006 -1.006 -0.906 -0.906 -0.906 -0.906 -0.9060007 -1.034 -1.0489859 -1.049 -1.049 -1.049 -1.049 -0.90778379 -0.906 -0.906 -0.906 -0.906 -0.966 -0.966 -0.966 -0.966 -0.966 -0.88 -0.88 -0.88 -0.88 -0.8799976 -0.288 -0.288 -0.288 -0.19400493 -0.194 -0.194 -0.194 0.157 0.249 0.249 0.249 0.25168381 0.50948559 0.539 0.539 0.332 0.332 0.332 0.448 0.448 0.448 0.425 0.425 0.425 0.36689978
-1.01 -1.01 -0.906 -0.906 -0.906 -0.906 -1.034 -1.034 -1.034 -1.049 -1.049 -1.049 -1.049 -1.0489555 -0.906 -0.906 -0.906 -0.906 -0.96599885 -0.966 -0.966 -0.966 -0.89514475 -0.88 -0.88 -0.88 -0.88 -0.74900011 -0.749 -0.74899999 -0.29294426 -0.194 -0.194 -0.194 -0.19399958 0.24399999 0.249 0.249 0.249 0.249 0.539 0.539 0.539 0.776 0.776 0.776 0.58098705 0.448 0.448 0.425 0.425 0.425 0.3569997
