interpolatedSpi/03-12|23_3.tif
NCOLS 53
NROWS 52
XLLCORNER -116.03883
YLLCORNER 28.596182
DX 0.49850594
DY 0.49788537
NODATA_VALUE -9999
[rows 0 to 38 of 52, columns 0 to 52 of 53]
-0.372 -0.372 -0.61880855 -0.624 -0.38 -0.499 -0.643 -0.462 -1.1779096 -1.167 -0.807 -0.969 -1.3649597 -0.875 -0.516 -0.516 -0.516 -0.897 -0.688 -0.688 -0.688 -0.68799825 -0.506 -0.985 -0.985 -0.985 -1.3299991 -1.33 -1.33 -1.839 -1.839 -1.839 -1.839 -1.881 -1.881 -1.881 -1.881 -1.881 -1.881 -1.881 -0.043788472 -0.024235747 -0.949 -0.949 -0.949 -0.949 -0.9482944 -0.517 -0.517 -0.517 -0.25200055 -0.252 -0.252
-0.37202568 -0.95 -0.58400012 -0.59843449 -0.6230562 -0.817 -0.891 -0.85491388 -1.153 -0.985 -1.123 -1.365 -1.365 -1.1949296 -0.87500071 -0.516 -0.897 -0.897 -0.68827251 -0.688 -0.688 -0.688 -1.0008438 -0.985 -0.985 -0.985 -0.90000001 -0.9 -1.839 -1.839 -1.839 -1.839 -1.839 -1.881 -1.881 -1.881 -1.881 -1.881 -1.8809999 -1.6117223 -0.22011199 -0.86054216 -0.949 -0.949 -0.949 -0.949 -0.949 -0.517 -0.517 -0.517 -0.49502595 -0.252 -0.252
0.34496708 0.345 -0.69 -0.498 -0.816 -0.157 -0.569 -0.19 -1.126 -1.213 -1.25 -1.075 -1.457 -1.498 -1.196 -1.624 -0.897 -0.897 -0.897 -0.6660064 -0.666 -0.666 -1.286 -0.985 -0.985 -0.985 -0.9 -0.9 -0.9 -1.839 -1.839 -1.839 -1.6137048 -1.8785759 -1.871748 -0.89610849 -0.887 -0.887 -0.80310898 -0.22 -0.22 -0.22093221 -0.949 -0.949 -0.949 -0.949 -0.949 -0.517 -0.517 -0.517 -0.517 -0.252 -0.252
0.377 0.34499985 -0.3891564 -0.341 -1.109 -0.891 -0.825 -1.183 -0.788 -1.1641275 -1.403 -1.485 -1.462 -1.498 -1.635 -1.624 -1.2062211 -1.2027856 -0.942 -0.666 -0.666 -1.154 -1.286 -1.286 -0.985 -0.98499958 -0.9 -0.9 -0.9 -1.217 -1.3014964 -1.371 -1.371 -1.3709996 -0.887 -0.887 -0.887 -0.887 -0.22 -0.22 -0.22 -0.22000003 -0.949 -0.949 -0.949 -0.949 -0.949 -0.51700545 -0.517 -0.517 -0.517 -0.25204165 -0.252
0.377 -0.22000031 -0.389 -0.9040777 -1.109 -1.237 -1.3100079 -1.819 -1.851 -1.3760002 -1.5565747 -1.6358735 -0.753 -1.635 -1.635 -1.6210255 -1.203 -1.203 -0.942 -0.942 -0.66600097 -1.154 -0.93 -0.382 -0.78 -0.77998155 -0.9 -0.9 -1.217 -1.217 -1.371 -1.371 -1.371 -1.265399 -0.887 -0.887 -0.887 -0.22 -0.22 -0.22 -0.22 -0.22005261 -0.949 -0.949 -0.949 -0.949 -0.949 -0.94515466 -0.517 -0.51704529 -1.527 -1.527 -1.527
-1.448 -0.765 -0.64499997 -0.456 -0.769 -1.173 -1.582 -1.6123428 -1.677 -1.938 -1.908 -1.501 -1.5009995 -1.612 -1.612 -0.83892709 -0.839 -1.147 -1.147 -0.94199974 -1.085 -1.085 -0.382 -0.78 -0.78 -0.701 -1.216 -1.216 -0.86003308 -1.217 -1.371 -1.371 -0.811 -0.81099122 -0.727006 -0.609 -0.609 -0.34034603 -0.22 -0.22 -0.76432027 -0.765 -0.764999 -0.80361261 -0.80101636 -0.80100004 -0.80100001 -0.80100006 -1.4933047 -1.527 -1.527 -1.527 -1.527
-0.29900374 -0.571 -0.3911921 -0.614 -0.729 -1.449 -1.144 -1.506 -2.042 -2.042 -1.908 -1.822 -1.5919999 -1.612 -0.53700322 -0.537 -0.839 -0.365 -0.649 -0.649 -0.91063199 -0.715 -0.715 -0.763 -0.701 -0.701 -1.216 -1.216 -0.86002908 -0.86053539 -0.55648269 -0.811 -0.811 -0.727 -0.727 -0.8197757 -0.609 -0.609 -0.92698898 -0.76500023 -0.765 -0.765 -0.764995 -0.80100098 -0.801 -0.801 -0.801 -0.80100043 -1.522 -1.526999 -1.527 -1.527 -1.527
-0.299 -0.911 -0.383 -1.088 -0.7270207 -1.218 -1.654 -1.79 -1.619 -1.975 -1.975 -1.358 -1.592 -1.592 -0.54423828 -0.74920637 -0.77 -0.354 -0.73299991 -0.649 -0.36546655 -0.295 -0.936 -0.169 -0.16901178 -1.082 -0.579 -0.57900022 -1.3572514 -1.359 -0.554 -0.84008138 -0.733 -0.727 -0.73207677 -0.996 -0.996 -0.927 -0.927 -0.765 -0.765 -0.76499999 -0.97336075 -0.97599999 -0.801 -0.801 -0.801 -1.5219726 -1.522 -1.522 -1.527 -1.527 -1.527
-0.9744171 -0.91099999 -0.207 -1.167 -0.796 -1.426 -0.972 -0.7 -1.526 -0.7437137 -0.724 -1.45 -1.45 -0.709 -0.70899973 -0.75703623 -0.757 -0.757 -0.41185494 -1.205 -1.125 -1.125 -1.093 -0.99787111 -0.98999371 -1.082 -0.708 -0.579 -0.76093659 -0.762 -0.87 -1.023 -0.84118046 -1.293 -0.905 -1.093 -1.035 -0.651 -0.53405403 -0.76313414 -0.347 -0.58 -0.97595197 -0.976 -0.97501501 -0.801 -1.285 -1.522 -1.522 -1.522 -1.522 -1.4378527 -0.26
-1.329 -1.329 -0.161 -0.372 -1.148 -0.799 -0.831 -1.33 -0.832 -0.54505508 -1.273 -0.261 -0.709 -0.709 -0.68 -0.68105609 -0.757 -0.75691764 -0.374 -1.205 -1.205 -1.1946933 -1.093 -0.90200362 -0.902 -0.902 -0.708 -0.375 -0.375 -0.762 -0.762 -1.0223153 -0.662 -1.293 -1.011 -1.093 -1.035 -1.095 -0.534 -0.2683759 -0.57999999 -0.61710128 -0.681 -0.976 -0.976 -1.285 -1.285 -1.285 -1.522 -1.522 -0.811 -0.811 -0.81099979
-1.329 -1.329 -0.801 -1.172 -1.089 -0.473 -1.249 -0.4561207 -0.665 -0.452 -0.271 -0.055 -0.26072642 -0.68 -0.68 -0.67998916 -0.586 -0.57487325 -0.374 -0.243 -0.243 -0.422 -0.422 -0.902 -0.902 -0.902 -0.375 -0.375 -0.375 -0.703 -0.703 -0.70299993 -0.92 -0.92 -1.424 -1.16 -0.636 -0.69700546 -0.676 -0.264 -0.264 -0.79499963 -0.681 -0.976 -0.37400022 -0.516 -0.6079286 -0.605 -0.724 -0.724 -0.811 -0.811 -0.811
-1.329 -1.1010958 -0.95931893 -1.2159895 -0.619 -0.835 -1.249 -0.455 -0.66499825 -0.45435978 -0.055000517 -0.055 -0.035 -0.68 -0.68 -0.586 -0.586 -0.58598793 -0.374 -0.243 -0.27815196 -0.422 -0.422 -0.9019801 -0.902 -0.71101393 -0.321 -0.321 -0.32100001 -0.703 -0.703 -0.405 -0.405 -0.92000138 -1.424 -0.59900037 -0.74872874 -0.697 -0.697 -0.26400002 -0.795 -0.795 -0.79499694 -0.374 -0.374 -0.516 -0.605 -0.605 -0.724 -0.724 -0.811 -0.811 -0.811
-0.592 -0.63521085 -0.61602029 -0.62033902 -0.61900125 -0.8349949 -1.249 -0.46477369 -0.65052885 -0.659438 -0.035 -0.035 -0.035 -0.035 -0.67990863 -0.586 -0.586 -0.58326274 -0.374 -0.24287702 0.185 0.185 0.185 0.185 -0.88312407 -0.321 -0.321 -0.321 -0.321 -0.32110279 -0.405 -0.405 -0.405 -0.405 -0.599 -0.599 -0.599 -0.69302373 -0.6964292 -0.621 -0.621 -0.79499064 -0.56599343 -0.37401849 -0.374 -0.516 -0.605 -0.605 -0.724 -0.724 -0.81068437 -0.811 -1.0513359
-0.592 -0.616 -0.616 -0.616 -0.616 -0.61600009 -1.2479402 -0.87333597 -0.61192116 -0.035673071 -0.035 -0.035 -0.035 -0.035 -0.03499966 -0.586 -0.58599997 -0.57145825 -0.37400114 0.185 0.185 0.185 0.185 0.185 0.19210995 0.013506047 0.11299991 0.113 0.113 0.113 -0.40499998 -0.405 -0.40499922 0.247 0.247 -0.599 -0.059433594 -0.044 -0.62099967 -0.621 -0.621 -0.621 -0.566 -0.566 -0.566 -0.56565205 -0.13108505 -0.128 -0.128 -0.128 -0.12800001 -0.55900005 -0.559
-0.766 -0.616 -0.616 -0.616 -0.616 -0.616 -0.61600004 -0.63646877 0.44247104 0.448 0.448 0.448 0.448 0.448 0.448 0.72514142 -0.565081 -0.5569698 0.18492964 0.185 0.185 0.185 0.185 0.18500042 0.514 0.514 0.51399944 0.113 0.113 0.1141454 0.685 0.685 0.247 0.247 0.247 0.0026152581 -0.044 -0.044 -0.044 -0.621 -0.621 -0.621 -0.566 -0.566 -0.566 -0.566 -0.128 -0.128 -0.128 -0.128 -0.128 -0.559 -0.559
-0.766 -0.7101567 -0.616 -0.616 -0.616 -0.616 0.4277951 0.428 0.428 0.448 0.448 0.448 0.448 0.448 0.51043178 0.731 0.731 0.731 0.54091328 0.54199964 0.542 0.542 0.542 0.542 0.514 0.514 0.514 0.514 0.113 0.685 0.685 0.685 0.24700004 0.247 0.247 0.462 -0.04333004 -0.044 -0.044 -0.62094989 -0.52137616 -0.28899526 -0.566 -0.566 -0.28187953 -0.281 -0.281 -0.12808778 -0.18081479 -0.181 -0.18099999 -0.11206768 -0.55899909
-0.766 -0.10620906 -0.34880769 -0.616 -0.616 0.42738316 0.428 0.428 0.428 0.42814413 0.448 0.448 0.448 0.44800003 0.731 0.731 0.731 0.731 0.54216883 0.542 0.542 0.542 0.542 0.542 0.514 0.514 0.514 0.514 0.51462199 0.685 0.685 0.685 0.697 0.24703273 0.462 0.462 0.462 0.46161057 -0.27253057 -0.288 -0.288 -0.288 -0.569 -0.569 -0.281 -0.281 -0.281 -0.181 -0.181 -0.181 -0.181 -0.112 -0.112
-0.08829798 -0.088 -0.088 -0.087999993 0.668 0.42800619 0.428 0.428 0.428 0.428 0.4489842 0.44800017 0.448 0.731 0.731 0.731 0.731 0.731 0.7319024 0.542 0.542 0.542 0.542 0.542 0.57514563 0.64999926 0.65 0.65 0.65 0.685 0.697 0.697 0.697 0.697 0.462 0.46199916 0.43 0.43 -0.2790347 -0.288 -0.288 -0.288 -0.569 -0.569 -0.32559232 -0.281 -0.281 -0.181 -0.181 -0.181 -0.18026014 -0.112 -0.112
-0.088 -0.088 -0.088 0.26801168 0.668 0.668 0.428 0.428 0.428 0.428 0.461 0.461 0.461 0.731 0.731 0.731 0.731 0.73106263 0.98 0.98 0.54200018 0.542 0.54302252 0.584 0.58459417 0.65 0.65 0.65 0.65 0.69699521 0.697 0.697 0.697 0.697 0.43000011 0.43 0.43 0.43 0.42745609 -0.288 -0.288 -0.288 -0.569 -0.569 -0.569 -0.281 -0.281 -0.181 -0.181 -0.181 -0.112 -0.112 -0.112
-0.088 -0.088 -0.088 0.668 0.668 0.668 0.66799963 0.428 0.428 0.46096593 0.461 0.461 0.461 0.46116823 1.0377711 1.11 1.11 1.11 0.98 0.98 0.98 0.584 0.584 0.584 0.58404986 0.70874672 0.65 0.65 0.65 0.59348607 0.57101239 0.571 0.571 0.571 0.29565142 0.10600074 0.106 0.106 0.106 -0.23700698 -0.237 -0.237 -0.569 -0.569 -0.17500164 -0.175 -0.164 -0.164 0.04 0.04 0.04 -0.112 -0.08302593
-0.087998762 -0.088 -0.087999973 0.668 0.668 0.668 0.668 0.45899999 0.42812395 0.46096736 0.461 0.461 0.461 0.46227352 1.11 1.11 1.11 1.11 0.98 0.98 0.98 0.584 0.584 0.584 0.762 0.762 0.944 0.944 0.944 0.94196517 0.571 0.571 0.571 0.571 0.33862766 0.106 0.106 0.106 0.106 -0.237 -0.237 -0.237 -0.23504924 -0.175 -0.175 -0.175 -0.164 -0.164 0.04 0.04 0.04 -0.082999996 -0.083
0.311 0.13448328 0.348 0.34809284 0.668 0.46020927 0.459 0.459 0.5595685 0.42500001 0.425 0.425 0.425 1.1849753 1.185 1.1100001 1.11 1.1065747 0.98 0.98 0.98 0.767 0.767 0.767 0.762 0.762 0.944 0.944 0.944 0.94399994 0.86399814 0.86399918 0.57836412 0.57131412 0.031617576 0.031 0.031 0.031 0.031 -0.237 -0.237 -0.237 -0.17841375 -0.175 -0.175 -0.17500007 -0.164 -0.164 -0.16399266 0.04 0.039974199 -0.537 -0.083
0.48296734 0.48299998 0.348 0.348 0.348 0.459 0.459 0.459 0.735 0.735 0.425 0.425 0.425 1.185 1.185 1.185 1.185 1.184977 0.98 0.98 0.97999999 0.767 0.767 0.767 0.762 0.762 0.944 0.944 0.944 0.86490201 0.864 0.864 0.864 0.864 0.031411035 0.031 0.031 0.031 0.031 0.0099999358 0.01 0.01 0.01 -0.17500311 -0.581 -0.581 -0.581 -0.801 -0.801 -0.801 -0.537 -0.537 -0.537
0.483 0.483 0.348 0.348 0.348 0.45841656 0.459 0.735 0.735 0.735 0.42503816 0.425 0.53694609 1.1849999 1.185 1.185 1.185 0.478 0.478 0.478 0.554 0.55400016 0.76699896 0.767 0.76702053 0.804 0.804 0.80400033 0.94397738 0.70503169 0.70500085 0.70502776 0.86372825 0.86386278 0.17925588 0.030999971 0.030745307 -0.045 -0.045 0.01 0.01 0.01 0.01 -0.581 -0.581 -0.581 -0.581 -0.801 -0.801 -0.801 -0.537 -0.537 -0.537
0.483 0.483 0.348 0.348 0.348 0.348 0.56229874 0.735 0.735 0.735 0.73490444 0.562 0.562 0.562 1.1813285 1.185 0.48271127 0.478 0.478 0.478 0.554 0.554 0.554 0.554 0.804 0.804 0.804 0.804 0.804 0.705 0.705 0.705 0.705 0.70499864 0.059 -0.045 -0.045 -0.045 -0.045 -0.045001439 -0.509 -0.509 -0.509 -0.57017711 -0.697 -0.697 -0.697 -0.801 -0.80100013 -0.937 -0.937 -0.25706812 -0.257
0.483 0.483 0.39672552 0.348 0.348 0.348 0.54833184 0.73441068 0.735 0.735 0.56199998 0.562 0.562 0.562 0.562 0.61305281 0.478 0.478 0.478 0.478 0.55399941 0.554 0.554 0.554 0.804 0.804 0.804 0.804 0.804 0.26088719 0.705 0.705 0.705 0.059 0.059 0.058919241 -0.045 -0.045 -0.44400997 -0.75399994 -0.509 -0.509 -0.509 -0.56987355 -0.697 -0.697 -0.697 -0.749 -0.93465754 -0.937 -0.937 -0.257 -0.257
0.598 0.598 0.598 0.41068187 0.34807832 0.548 0.548 0.548 0.548 0.477 0.477 0.56199999 0.562 0.562 0.562 0.56199464 0.478 0.478 0.478 0.478 0.52083607 0.554 0.554 0.5558581 0.63297066 0.804 0.804 0.804 0.104 0.104 0.104 0.10400252 0.059 0.059 0.059 0.059 -0.754 -0.754 -0.754 -0.754 -0.644 -0.644 -0.644 -0.83099624 -0.831 -0.831 -0.83099996 -0.749 -0.749 -0.93677093 -0.937 -0.25700152 -0.257
0.598 0.598 0.598 0.59798928 0.399 0.42066705 0.548 0.548 0.548 0.477 0.477 0.477 -0.27899996 -0.279 -0.279 -0.27899999 0.4766646 0.478 0.478 0.478 0.47915631 0.62499981 0.625 0.625 0.625 0.62499999 0.078000006 0.078 0.104 0.104 0.104 0.104 0.058999882 0.059 0.059 0.058986642 -0.754 -0.754 -0.754 -0.75366221 -0.644 -0.644 -0.644 -0.83099133 -0.831 -0.831 -0.831 -0.749 -0.749 -0.74899997 -0.558 -0.558 -0.323
0.598 0.598 0.598 0.39900046 0.399 0.399 0.54799994 0.548 0.548 0.477 0.477 0.477 -0.279 -0.279 -0.279 -0.27686753 -0.251 -0.251 -0.25099812 0.47388242 0.625 0.625 0.625 0.625 0.625 0.62458835 0.078 0.078 0.078 0.104 0.104 0.10386226 -0.105 -0.105 -0.105 -0.611 -0.611 -0.677 -0.677 -0.677 -0.572 -0.64397742 -0.64399937 -0.56 -0.56 -0.57027059 -0.83099914 -0.749 -0.749 -0.558 -0.558 -0.558 -0.323
0.598 0.598 0.598 0.399 0.399 0.399 0.399 0.548 0.548 0.477 0.477 -0.2487709 -0.279 -0.279 -0.279 -0.251 -0.251 -0.251 -0.251 -0.251 0.625 0.625 0.625 0.625 0.625 0.078001866 0.078 0.078 0.078 -0.11 -0.11 -0.11 -0.105 -0.105 -0.105 -0.611 -0.611 -0.677 -0.677 -0.572 -0.572 -0.572 -0.56 -0.56 -0.56 -0.56 -0.57026842 -0.685 -0.685 -0.685 -0.558 -0.487 -0.487
0.598 0.598 0.59772288 0.399 0.399 0.399 0.399 0.26000628 0.253 0.25338458 0.47699997 -0.27899028 -0.279 -0.279 -0.2789999 -0.251 -0.251 -0.251 -0.251 -0.251 -0.46254984 0.625 0.625 0.625 0.62494439 0.078015585 0.078 0.078 0.078 -0.11 -0.11 -0.11 -0.10999907 -0.105 -0.611 -0.611 -0.611 -0.61100267 -0.67699284 -0.572 -0.572 -0.572 -0.56000073 -0.56 -0.56 -0.56 -0.68500098 -0.685 -0.685 -0.685 -0.487 -0.487 -0.487
0.682 0.68199985 0.39911465 0.399 0.399 0.399 0.25303107 0.253 0.253 0.253 -0.16299999 -0.163 -0.163 -0.163 -0.25059386 -0.251 -0.251 -0.251 -0.251 -0.50899985 -0.509 -0.509 0.35500004 0.355 0.355 0.355 0.33109134 0.078 -0.084993324 -0.085 -0.085 -0.085 -0.085 -0.552 -0.552 -0.552 -0.552 -0.552 -0.553 -0.553 -0.553 -0.553 -0.553 -0.78366234 -0.784 -0.784 -0.784 -0.685 -0.685 -0.685 -0.48703119 -0.487 -0.487
0.682 0.682 0.68096173 0.55799968 0.55799996 0.55770257 0.253 0.253 0.253 0.253 -0.163 -0.163 -0.163 -0.163 -0.163 -0.251 -0.251 -0.251 -0.50899994 -0.509 -0.509 -0.509 0.355 0.355 0.355 0.355 0.355 0.35494096 -0.084793018 -0.084999998 -0.085 -0.085 -0.084916851 -0.33034147 -0.55177048 -0.552 -0.552 -0.55199999 -0.553 -0.553 -0.553 -0.553 -0.553 -0.784 -0.784 -0.784 -0.784 -0.73770567 -0.685 -0.28748509 -0.283 -0.296 -0.296
0.682 0.682 0.55801571 0.558 0.558 0.558 0.48053129 0.253 0.253 0.253 -0.163 -0.163 -0.163 -0.163 -0.163 -0.25093598 -0.251 -0.50892436 -0.509 -0.509 -0.509 -0.509 0.034925602 0.355 0.355 0.355 0.355 0.35506811 0.451 0.451 0.451 0.451 0.451 -0.161 -0.161 -0.161 -0.161 -0.161 -0.784 -0.784 -0.784 -0.784 -0.784 -0.78239827 -0.78399966 -0.784 -0.7838888 -0.77054789 -0.283 -0.283 -0.283 -0.29599993 -0.296
0.68199959 0.4613866 0.55799999 0.558 0.558 0.558 0.558 0.25312987 0.253 0.253 -0.163 -0.163 -0.163 -0.163 -0.55998219 -0.569 -0.569 -0.50900154 -0.509 -0.509 -0.509 -0.509 -0.50899991 0.355 0.355 0.355 0.355 0.77399968 0.77399985 0.70525775 0.451 0.451 0.451 -0.161 -0.161 -0.161 -0.161 -0.1608002 -0.784 -0.784 -0.784 -0.784 -0.78395464 -0.128 -0.128 -0.128 -0.128 -0.1280125 -0.283 -0.283 -0.283 -0.28299987 -0.069387309
0.457 0.457 0.41210726 0.558 0.558 0.558 0.558 0.558 0.25312872 -0.29699999 -0.297 -0.297 -0.29668199 -0.56899942 -0.569 -0.569 -0.569 -0.569 -0.50899851 -0.49628101 -0.385 -0.385 -0.385 -0.19876652 0.3173829 0.11610095 -0.053233547 0.774 0.774 0.774 0.774 0.774 0.7571749 0.13619977 0.134 0.134 0.134 0.134 -0.67279042 -0.19200106 -0.192 -0.192 -0.192 0.083999378 -0.12799994 -0.128 -0.128 0.403 -0.28298901 -0.283 -0.283 -0.066 -0.066
0.457 0.457 0.028000003 0.028 0.028 0.55782345 0.558 0.558 -0.297 -0.297 -0.297 -0.297 -0.297 -0.56899999 -0.569 -0.569 -0.569 -0.569 -0.385 -0.385 -0.385 -0.385 -0.385 -0.11500001 -0.115 -0.115 -0.115 0.774 0.774 0.774 0.774 0.774 0.33 0.33 0.134 0.134 0.134 0.30297122 0.303 -0.192 -0.192 -0.192 -0.19199994 0.084 0.084 0.084 0.403 0.403 0.403 0.205 0.205 -0.066 -0.066
0.457 0.457 0.028 0.028 0.028 0.028 0.027997667 -0.397 -0.29709415 -0.297 -0.297 -0.297 -0.297 -0.56560705 -0.569 -0.569 -0.569 -0.569 -0.385 -0.385 -0.385 -0.385 -0.385 -0.115 -0.115 -0.115 -0.115 -0.11499639 0.774 0.774 0.774 0.33002328 0.33 0.33 0.33 0.134 0.303 0.303 0.303 0.28997562 0.15194746 0.216 0.216 0.084 0.084 0.084 0.403 0.403 0.403 0.205 0.205 0.205 0.0082687409
0.39 0.39000053 0.028 0.028 0.028 0.028 -0.397 -0.397 -0.397 -0.297 -0.297 -0.297 -0.297 -0.29708456 -0.569 -0.569 -0.569 -0.569 -0.38500344 -0.385 -0.385 -0.38500001 -0.16257786 -0.115 -0.115 -0.115 -0.115 0.013999895 0.014 0.014000008 0.76582657 0.33 0.33 0.33 0.32999962 -0.071999994 0.303 0.303 0.303 0.303 0.216 0.216 0.216 0.206 0.206 0.206 0.16102357 0.403 0.403 0.205 0.205 0.205 0.015998936
