interpolatedSpi/03-12|22_3.tif
NCOLS 53
NROWS 52
XLLCORNER -116.03883
YLLCORNER 28.596182
DX 0.49850594
DY 0.49788537
NODATA_VALUE -9999
[rows 0 to 37 of 52, columns 0 to 52 of 53]
-0.199 -0.199 -0.50060512 -0.71 -0.16 -0.183 -0.328 -0.334 -0.49469931 -0.396 -0.503 -0.142 -0.33997554 -0.043 -0.246 -0.246 -0.246 0.274 0.214 0.214 0.214 0.21399181 -0.63599999 0.114 0.114 0.114 -0.13600232 -0.136 -0.136 -0.279 -0.279 -0.279 -0.279 0.26899989 0.269 0.269 0.269 0.269 0.269 0.26900001 0.69837567 0.70271045 -0.435 -0.435 -0.435 -0.435 -0.43469457 -0.248 -0.248 -0.248 0.36799872 0.368 0.368
-0.19903101 -0.897 -0.58999996 -0.52167676 -0.36013996 -0.268 -0.369 -0.12239329 -0.444 -0.467 -0.305 -0.34 -0.34 0.18124974 -0.042999075 -0.246 0.274 0.274 0.21407823 0.214 0.214 0.214 0.10589389 0.114 0.114 0.114 -0.085999986 -0.086 -0.279 -0.279 -0.279 -0.279 -0.279 0.26899992 0.269 0.269 0.269 0.269 0.26900003 0.41596958 1.183933 -0.23854747 -0.435 -0.435 -0.435 -0.435 -0.435 -0.248 -0.248 -0.248 -0.19692069 0.368 0.368
-0.29199332 -0.292 -0.552 -0.046 -0.55 -0.654 -0.412 -0.256 -0.898 -0.283 -0.394 -0.619 -0.466 0.378 0.182 -0.496 0.274 0.274 0.274 0.18300901 0.183 0.183 -0.04 0.114 0.114 0.114 -0.086 -0.086 -0.086 -0.279 -0.279 -0.27899998 -0.11532398 0.2697491 0.27330954 0.72775731 0.732 0.732 0.78884969 1.184 1.184 1.1819297 -0.435 -0.435 -0.435 -0.435 -0.435 -0.248 -0.248 -0.248 -0.248 0.368 0.368
-0.363 -0.29199999 -0.22505438 0.508 -0.751 -0.3 -0.392 -0.759 -0.261 -0.0035723251 -0.167 -0.195 -0.262 0.378 -0.383 -0.496 -0.7043933 -0.70531336 -1.096 0.183 0.183 -0.594 -0.04 -0.04 0.114 0.113999 -0.086 -0.086 -0.086 -0.516 -0.19941295 0.061 0.061 0.061000525 0.732 0.732 0.732 0.732 1.184 1.184 1.184 1.1839999 -0.435 -0.435 -0.435 -0.435 -0.435 -0.24800236 -0.248 -0.248 -0.248 0.36799069 0.368
-0.363 0.24699913 -0.225 -0.21221022 -0.751 -0.654 -0.24100802 0.249 -0.35 0.52499963 0.16940077 0.0019823817 -0.121 -0.383 -0.383 -0.46190748 -0.706 -0.706 -1.096 -1.096 0.1829984 -0.594 0.362 0.13 0.036 0.036122282 -0.086 -0.086 -0.516 -0.516 0.061 0.061 0.061 0.072314546 0.732 0.732 0.732 1.184 1.184 1.184 1.184 1.1839559 -0.43499998 -0.435 -0.435 -0.435 -0.435 -0.43333547 -0.248 -0.24798516 0.083 0.083 0.083
-2.029 -0.401 -0.13700001 -0.17 -0.624 -0.339 -0.484 -0.39015501 0.097 -0.542 -0.786 -0.181 -0.18099996 -0.099 -0.099 -0.56992274 -0.57 -0.517 -0.517 -1.095999 -1.026 -1.026 0.13 0.036 0.036 0.559 -0.015 -0.015 0.28092696 -0.516 0.061 0.061 0.121 0.12107074 0.79795159 1.076 1.076 1.1505877 1.184 1.184 0.72756998 0.727 0.72700255 0.18486112 0.19593026 0.19599983 0.19599998 0.19599976 0.2327388 0.083 0.083 0.083 0.083
-1.5660019 -0.725 -0.45842377 -0.274 -0.342 -0.778 -0.328 -0.402 -0.318 -0.318 -0.786 -0.178 -0.73999988 -0.099 -0.24999955 -0.25 -0.57 -0.089 0.027 0.027 -0.85540211 -0.664 -0.664 0.335 0.559 0.559 -0.015 -0.015 0.28097104 0.28046676 0.54265314 0.121 0.121 0.798 0.798 1.1473478 1.076 1.076 1.0799999 0.72700049 0.727 0.727 0.72701354 0.19600227 0.196 0.196 0.196 0.19600005 0.275 0.083038049 0.083 0.083 0.083
-1.566 -0.24 -0.026 -0.99 -0.65601915 -0.569 -0.503 -0.275 -0.459 -0.264 -0.264 -0.302 -0.74 -0.74 -0.25336185 -0.65619761 -0.696 -0.031 -0.50099946 0.027 0.080345521 0.161 -0.673 0.207 0.20699512 -0.171 0.037000001 0.036999982 -0.21425844 -0.21599998 0.545 0.022514021 0.393 0.798 0.80416058 1.207 1.207 1.08 1.08 0.727 0.727 0.72700002 0.60600909 0.60299998 0.196 0.196 0.196 0.27499699 0.275 0.275 0.083 0.083 0.083
-0.38928809 -0.24 -0.007 -0.273 -0.313 -0.566 -0.174 0.31 -0.093 0.0026925134 -0.134 -0.395 -0.395 0.279 0.27899285 -0.92635618 -0.927 -0.927 -0.10274622 -0.42700008 -0.789 -0.78899999 0.263 -0.30413778 -0.13290758 -0.171 0.228 0.037 0.40186736 0.404 -0.081 1.169 0.65476818 0.386 1.014 1.026 1.379 0.509 1.5105373 0.7317807 1.798 1.067 0.60307457 0.603 0.60070918 0.196 0.218 0.275 0.275 0.275 0.275 0.10167611 -0.141
-1.224 -1.224 0.166 -0.059 -0.484 -0.141 -0.145 -0.24 -0.1 0.026956775 0.098 0.64 0.279 0.279 -0.481 -0.48711709 -0.927 -0.92686595 -0.336 -0.427 -0.427 -0.47363775 0.263 0.086003352 0.086 0.086 0.228 0.548 0.548 0.404 0.404 1.1670636 0.148 0.386 0.708 1.026 1.379 1.273 1.511 0.83119899 1.067 1.064796 1.061 0.603 0.603 0.218 0.218 0.218 0.275 0.275 0.233 0.233 0.23299986
-1.224 -1.224 -0.475 -0.822 -0.654 -0.312 -0.51399999 0.179785 0.166 0.125 -0.161 -0.289 0.63876269 -0.481 -0.481 -0.4809857 -0.357 -0.35589782 -0.336 -0.403 -0.403 -0.564 -0.564 0.086 0.086 0.086 0.548 0.548 0.548 -0.317 -0.317 -0.31699923 0.474 0.474 0.251 -0.058 1.232 0.78300111 1.075 0.82 0.82 0.47700192 1.061 0.603 0.53399984 0.297 0.80545901 0.808 0.923 0.923 0.233 0.233 0.233
-1.224 -0.90064989 -0.62307728 -0.80799163 0.054 -0.515 -0.514 0.18 0.16600012 0.12545423 -0.28899946 -0.289 -0.231 -0.481 -0.481 -0.357 -0.357 -0.3569988 -0.336 -0.403 -0.43461712 -0.564 -0.564 0.085974189 0.086 0.10901037 0.156 0.156 0.15600005 -0.317 -0.317 -0.172 -0.172 0.47399939 0.251 0.51300003 1.1810069 0.783 0.783 0.81999999 0.477 0.477 0.4770005 0.534 0.534 0.297 0.808 0.808 0.923 0.923 0.233 0.233 0.233
-0.004 -0.086880317 -0.049028385 -0.054488181 0.053996935 -0.51498657 -0.514 0.17145726 0.16696474 0.16492938 -0.231 -0.231 -0.231 -0.231 -0.48096459 -0.357 -0.357 -0.35672886 -0.336 -0.40293738 -0.188 -0.188 -0.188 -0.188 0.081425068 0.156 0.156 0.156 0.156 0.15571247 -0.172 -0.172 -0.172 -0.172 0.513 0.513 0.513 0.7701343 0.77811064 0.132 0.132 0.47698144 0.29300825 0.53397679 0.534 0.297 0.808 0.808 0.923 0.923 0.23550325 0.233 0.68060006
-0.004 -0.049 -0.049 -0.049 -0.049 -0.049000193 -0.51400247 -0.18562683 0.16953857 -0.23057343 -0.231 -0.231 -0.231 -0.231 -0.23099979 -0.357 -0.357 -0.35555954 -0.33599981 -0.188 -0.188 -0.188 -0.188 -0.188 -0.18356721 0.11807335 0.11400001 0.114 0.114 0.114 -0.172 -0.172 -0.1720001 -0.255 -0.255 0.513 0.12120674 0.11 0.13199999 0.132 0.132 0.132 0.293 0.293 0.293 0.29302784 0.83670519 0.837 0.837 0.837 0.837 1.1539998 1.154
0.419 -0.049 -0.049 -0.049 -0.049 -0.049 -0.04900003 -0.30332184 0.070430159 0.07 0.07 0.07 0.07 0.07 0.069999997 0.13559097 -0.34915859 -0.35412429 -0.18801862 -0.188 -0.188 -0.188 -0.188 -0.18799957 0.017 0.017 0.017000136 0.114 0.114 0.11346335 -0.154 -0.154 -0.255 -0.255 -0.255 0.051530953 0.11 0.11 0.11 0.132 0.132 0.132 0.293 0.293 0.293 0.293 0.83699998 0.837 0.837 0.837 0.837 1.154 1.154
0.419 0.24476892 -0.049 -0.049 -0.049 -0.049 -0.18497331 -0.185 -0.18499999 0.07 0.07 0.07 0.07 0.07 0.084780669 0.137 0.137 0.137 0.17887942 0.17999962 0.18 0.18 0.18 0.18 0.017 0.017 0.017 0.017 0.114 -0.154 -0.154 -0.154 -0.25499999 -0.255 -0.255 0.065 0.10994042 0.11 0.11 0.13192585 -0.016089499 -0.36152055 0.293 0.293 -0.14564213 -0.147 -0.147 0.8350745 -0.32891138 -0.3329999 -0.33299978 -0.0048246526 1.1539976
0.419 -0.17364379 -0.12035249 -0.049 -0.049 -0.18491964 -0.185 -0.185 -0.185 -0.1831624 0.07 0.07 0.07 0.070000008 0.137 0.137 0.137 0.137 0.17996159 0.18 0.18 0.18 0.18 0.18 0.017000004 0.017 0.017 0.017 0.016378011 -0.154 -0.154 -0.154 -0.18 -0.25496564 0.065 0.065 0.065 0.06282682 -0.33304907 -0.363 -0.363 -0.363 -0.439 -0.439 -0.147 -0.147 -0.147 -0.333 -0.333 -0.333 -0.333 -0.005 -0.005
-0.18950195 -0.19 -0.19 -0.19 -0.423 -0.18500614 -0.185 -0.185 -0.185 -0.185 0.10126738 0.070005382 0.070000012 0.137 0.137 0.137 0.137 0.137 0.13203802 0.18 0.18 0.18 0.18 0.18 -0.14196812 -0.536997 -0.537 -0.537 -0.537 -0.154 -0.18 -0.18 -0.18 -0.18 0.065 0.064994786 -0.133 -0.133 -0.36012811 -0.363 -0.363 -0.363 -0.439 -0.439 -0.19221165 -0.147 -0.147 -0.333 -0.333 -0.333 -0.32948299 -0.005 -0.005
-0.19 -0.19 -0.19 -0.29972318 -0.423 -0.423 -0.185 -0.185 -0.185 -0.185 0.483 0.483 0.483 0.137 0.137 0.137 0.137 0.13700248 0.005 0.005 0.17999993 0.18 0.16960435 -0.247 -0.24961074 -0.537 -0.537 -0.537 -0.537 -0.18003635 -0.18 -0.18 -0.18 -0.18 -0.1329993 -0.133 -0.133 -0.133 -0.13382469 -0.363 -0.363 -0.363 -0.439 -0.439 -0.439 -0.147 -0.147 -0.333 -0.333 -0.333 -0.0050000003 -0.005 -0.005
-0.19 -0.19 -0.19 -0.423 -0.423 -0.423 -0.42299964 -0.185 -0.185 0.48231043 0.483 0.483 0.483 0.48278443 0.14914134 0.152 0.152 0.152 0.005 0.005 0.005 -0.247 -0.247 -0.247 -0.24708208 -0.53857357 -0.537 -0.537 -0.537 -0.40293455 -0.44397403 -0.444 -0.444 -0.444 -0.24718243 -0.40699938 -0.407 -0.407 -0.407 -0.72695019 -0.727 -0.727 -0.439 -0.439 -0.49899975 -0.49899989 -0.2 -0.2 -0.212 -0.212 -0.212 -0.005 0.19781849
-0.19000037 -0.19 -0.19000001 -0.423 -0.423 -0.423 -0.423 -0.42999993 -0.18597961 0.48243054 0.483 0.483 0.483 0.48235049 0.152 0.152 0.152 0.15199996 0.005 0.005 0.005 -0.247 -0.247 -0.247 -0.54 -0.54 -0.654 -0.654 -0.654 -0.65285438 -0.444 -0.444 -0.444 -0.444 -0.42551025 -0.407 -0.407 -0.407 -0.407 -0.727 -0.727 -0.727 -0.71982625 -0.499 -0.499 -0.499 -0.2 -0.2 -0.212 -0.212 -0.212 0.19799999 0.198
-0.31 -0.26253942 -0.585 -0.584953 -0.423 -0.4299595 -0.43 -0.43 -0.38955397 -0.145 -0.145 -0.145 -0.145 0.23398766 0.234 0.15200006 0.152 0.14812677 0.005 0.005 0.005 -0.783 -0.783 -0.783 -0.54 -0.54 -0.654 -0.654 -0.654 -0.65400015 -0.85499739 -0.85499885 -0.45432987 -0.44444062 -0.9773884 -0.978 -0.978 -0.978 -0.978 -0.727 -0.727 -0.727 -0.51155452 -0.499 -0.499 -0.49900001 -0.2 -0.2 -0.20000043 -0.212 -0.21198815 0.053 0.198
-0.3789869 -0.37900004 -0.585 -0.585 -0.585 -0.43 -0.43 -0.43 -0.319 -0.319 -0.145 -0.145 -0.145 0.234 0.234 0.234 0.234 0.23397428 0.005 0.005 0.0049999698 -0.783 -0.783 -0.783 -0.54 -0.54 -0.654 -0.654 -0.654 -0.85273371 -0.855 -0.855 -0.855 -0.855 -0.97793931 -0.978 -0.978 -0.978 -0.978 -0.91499995 -0.915 -0.915 -0.915 -0.49900031 -0.54 -0.54 -0.54 -0.039 -0.039 -0.039 0.053 0.053 0.053
-0.379 -0.379 -0.585 -0.585 -0.585 -0.43081471 -0.43 -0.319 -0.319 -0.319 -0.14502142 -0.145 -0.19893023 0.2339999 0.234 0.234 0.234 -0.222 -0.222 -0.222 -0.805 -0.80499998 -0.78300011 -0.783 -0.78300766 -0.911 -0.911 -0.91099939 -0.65404153 -1.1039504 -1.1039987 -1.1039565 -0.85542557 -0.85521488 -0.95625516 -0.97800012 -0.97906904 -1.297 -1.297 -0.915 -0.915 -0.915 -0.915 -0.54 -0.54 -0.54 -0.54 -0.039 -0.039 -0.039 0.053 0.053 0.053
-0.379 -0.379 -0.585 -0.585 -0.585 -0.585 -0.38845594 -0.319 -0.319 -0.319 -0.31894034 -0.211 -0.211 -0.211 0.23137751 0.234 -0.21896133 -0.222 -0.222 -0.222 -0.805 -0.805 -0.805 -0.805 -0.911 -0.911 -0.911 -0.911 -0.911 -1.104 -1.104 -1.104 -1.104 -1.104 -1.113 -1.297 -1.297 -1.297 -1.297 -1.2969984 -0.844 -0.844 -0.844 -0.69463593 -0.385 -0.385 -0.385 -0.03900001 -0.039000276 -0.324 -0.324 0.062997567 0.063
-0.379 -0.379 -0.51064847 -0.585 -0.585 -0.585 -0.50766461 -0.31959562 -0.319 -0.319 -0.21100001 -0.211 -0.211 -0.211 -0.211 -0.17452642 -0.222 -0.222 -0.222 -0.222 -0.80499549 -0.805 -0.805 -0.805 -0.911 -0.911 -0.911 -0.911 -0.911 -1.1971085 -1.104 -1.104 -1.104 -1.113 -1.113 -1.1131429 -1.297 -1.297 -1.1731887 -1.077 -0.844 -0.844 -0.844 -0.69697095 -0.385 -0.385 -0.385 -0.647 -0.32802455 -0.324 -0.324 0.063 0.063
-0.246 -0.246 -0.246 -0.50000338 -0.58473772 -0.508 -0.508 -0.508 -0.508 -0.263 -0.263 -0.211 -0.211 -0.211 -0.211 -0.2110007 -0.222 -0.222 -0.222 -0.222 -0.55059771 -0.805 -0.805 -0.79576184 -0.47243875 -0.911 -0.911 -0.911 -1.23 -1.23 -1.23 -1.2299995 -1.113 -1.113 -1.113 -1.113 -1.077 -1.077 -1.077 -1.077 -0.718 -0.718 -0.718 -0.50800422 -0.508 -0.508 -0.50799996 -0.647 -0.647 -0.32439356 -0.324 0.062998714 0.063
-0.246 -0.246 -0.246 -0.24600856 -0.405 -0.41997789 -0.508 -0.508 -0.508 -0.263 -0.263 -0.263 -0.34299999 -0.343 -0.343 -0.34299999 -0.2216721 -0.222 -0.222 -0.222 -0.23082108 -0.45200097 -0.452 -0.452 -0.452 -0.45200001 -0.788 -0.788 -1.23 -1.23 -1.23 -1.23 -1.1129999 -1.113 -1.113 -1.1129845 -1.077 -1.077 -1.077 -1.0758243 -0.718 -0.718 -0.718 -0.50800974 -0.508 -0.508 -0.508 -0.647 -0.647 -0.64699994 -0.192 -0.192 -0.15
-0.246 -0.246 -0.246 -0.40499963 -0.405 -0.405 -0.50799996 -0.508 -0.508 -0.263 -0.263 -0.263 -0.343 -0.343 -0.343 -0.32015213 -0.043 -0.043 -0.043000462 -0.22098896 -0.452 -0.452 -0.452 -0.452 -0.452 -0.45225286 -0.788 -0.788 -0.788 -1.23 -1.23 -1.2299627 -0.923 -0.923 -0.923 -0.641 -0.641 -0.809 -0.809 -0.809 -0.288 -0.71786512 -0.71799746 -0.378 -0.378 -0.38292685 -0.50799989 -0.647 -0.647 -0.192 -0.192 -0.192 -0.15
-0.246 -0.246 -0.246 -0.405 -0.405 -0.405 -0.405 -0.508 -0.508 -0.263 -0.263 -0.33980115 -0.343 -0.343 -0.343 -0.043 -0.043 -0.043 -0.043 -0.043 -0.452 -0.452 -0.452 -0.452 -0.452 -0.78799885 -0.788 -0.788 -0.788 -1.172 -1.172 -1.172 -0.923 -0.923 -0.923 -0.641 -0.641 -0.809 -0.809 -0.288 -0.288 -0.288 -0.378 -0.378 -0.378 -0.378 -0.34546966 0.018 0.018 0.018 -0.19199999 0.341 0.341
-0.246 -0.246 -0.24622141 -0.405 -0.405 -0.405 -0.405 -0.50876928 -0.514 -0.51356907 -0.263 -0.34299539 -0.343 -0.343 -0.34299896 -0.043 -0.043 -0.043 -0.043 -0.043 0.28740591 -0.452 -0.452 -0.452 -0.45196787 -0.78797232 -0.788 -0.788 -0.788 -1.172 -1.172 -1.172 -1.1719656 -0.923 -0.641 -0.641 -0.641 -0.64100687 -0.80896447 -0.288 -0.288 -0.288 -0.37799454 -0.378 -0.378 -0.378 0.018000143 0.018 0.018 0.018 0.341 0.341 0.341
-0.368 -0.36799979 -0.40491507 -0.405 -0.405 -0.405 -0.51397681 -0.514 -0.514 -0.514 -0.28800001 -0.288 -0.288 -0.288 -0.044130778 -0.043 -0.043 -0.043 -0.043 0.31899978 0.319 0.319 -0.29600003 -0.296 -0.296 -0.296 -0.33846593 -0.788 -1.3549768 -1.355 -1.355 -1.355 -1.355 -0.582 -0.582 -0.582 -0.582 -0.582 -0.143 -0.143 -0.143 -0.143 -0.143 0.035375924 0.036 0.036 0.036 0.018 0.018 0.018 0.34094911 0.341 0.341
-0.368 -0.368 -0.36703717 -0.25300031 -0.25300003 -0.25325454 -0.514 -0.514 -0.514 -0.514 -0.288 -0.288 -0.288 -0.288 -0.288 -0.043 -0.043 -0.043 0.31899991 0.319 0.319 0.319 -0.296 -0.296 -0.296 -0.296 -0.296 -0.29610517 -1.3549363 -1.355 -1.355 -1.355 -1.3549744 -0.68120778 -0.58210273 -0.582 -0.582 -0.582 -0.143 -0.143 -0.143 -0.143 -0.143 0.036 0.036 0.036 0.036 0.027582848 0.018 0.1327058 0.134 -0.167 -0.167
-0.368 -0.368 -0.25301457 -0.253 -0.253 -0.253 -0.3192929 -0.514 -0.514 -0.514 -0.288 -0.288 -0.288 -0.288 -0.288 -0.043182775 -0.043 0.31889386 0.319 0.319 0.319 0.319 -0.068169265 -0.296 -0.296 -0.296 -0.296 -0.29663307 -1.19 -1.19 -1.19 -1.19 -1.19 -0.757 -0.757 -0.757 -0.757 -0.757 -0.519 -0.519 -0.519 -0.519 -0.519 0.03627835 0.036000058 0.036 0.036019324 0.038339289 0.134 0.134 0.134 -0.16699831 -0.167
-0.3679998 -0.26112506 -0.253 -0.253 -0.253 -0.253 -0.253 -0.51388887 -0.514 -0.514 -0.288 -0.288 -0.288 -0.288 0.32996242 0.344 0.344 0.31900064 0.319 0.319 0.319 0.319 0.31899993 -0.296 -0.296 -0.296 -0.296 -0.96600019 -0.9660001 -1.0136726 -1.19 -1.19 -1.19 -0.757 -0.757 -0.757 -0.757 -0.75689028 -0.519 -0.519 -0.519 -0.519 -0.51899333 0.15 0.15 0.15 0.15 0.14999871 0.134 0.134 0.134 0.1339998 -0.20049927
-0.259 -0.259 -0.23685344 -0.253 -0.253 -0.253 -0.253 -0.253 -0.51388688 0.24199999 0.242 0.242 0.2407422 0.34399909 0.344 0.344 0.344 0.344 0.31899847 0.30587072 0.191 0.191 0.191 0.065683336 -0.32225193 -0.46272104 -0.58144477 -0.966 -0.966 -0.966 -0.966 -0.966 -0.96884984 -0.59413581 -0.595 -0.595 -0.595 -0.595 -0.50265673 -0.43200016 -0.432 -0.432 -0.432 0.036000334 0.14999997 0.15 0.15 0.176 0.13400067 0.134 0.134 -0.201 -0.201
-0.259 -0.259 -0.117 -0.117 -0.117 -0.2529547 -0.253 -0.253 0.242 0.242 0.242 0.242 0.242 0.344 0.344 0.344 0.344 0.344 0.191 0.191 0.191 0.191 0.191 -0.62399996 -0.624 -0.624 -0.624 -0.966 -0.966 -0.966 -0.966 -0.966 -0.518 -0.518 -0.595 -0.595 -0.595 -0.34804206 -0.348 -0.432 -0.432 -0.432 -0.43199994 0.036 0.036 0.036 0.176 0.176 0.176 0.168 0.168 -0.201 -0.201
-0.259 -0.259 -0.117 -0.117 -0.117 -0.117 -0.1169998 -0.081 0.24169589 0.242 0.242 0.242 0.242 0.34272764 0.344 0.344 0.344 0.344 0.191 0.191 0.191 0.191 0.191 -0.624 -0.624 -0.624 -0.624 -0.6240014 -0.966 -0.966 -0.966 -0.51802349 -0.518 -0.518 -0.518 -0.595 -0.348 -0.348 -0.348 -0.3502102 -0.088052544 -0.024 -0.024 0.036 0.036 0.036 0.176 0.176 0.176 0.168 0.168 0.168 -0.14212844
