interpolatedSpi/03-12|23_1.tif
NCOLS 53
NROWS 52
XLLCORNER -116.03883
YLLCORNER 28.596182
DX 0.49850594
DY 0.49788537
NODATA_VALUE -9999
[rows 0 to 38 of 52, columns 0 to 52 of 53]
-0.526 -0.526 -0.5345188 -0.804 -0.427 -0.634 -0.649 -0.563 -0.8326675 -0.958 -0.734 -0.809 -1.0309806 -0.795 -0.516 -0.516 -0.516 -0.543 -0.516 -0.516 -0.516 -0.51600048 -0.566 -0.431 -0.431 -0.431 -1.1609971 -1.161 -1.161 -1.374 -1.374 -1.374 -1.374 -1.173 -1.173 -1.173 -1.173 -1.173 -1.173 -1.173 -0.29841993 -0.28912077 -0.763 -0.763 -0.763 -0.763 -0.76213596 -0.234 -0.234 -0.234 -0.39299967 -0.393 -0.393
-0.52601573 -0.88 -0.64900015 -0.65509456 -0.75706447 -0.788 -0.686 -0.53714162 -0.766 -0.649 -0.973 -1.031 -1.031 -0.67739347 -0.79499611 -0.516 -0.543 -0.543 -0.5160352 -0.516 -0.516 -0.516 -0.444054 -0.431 -0.431 -0.431 -0.423 -0.423 -1.374 -1.374 -1.374 -1.374 -1.374 -1.173 -1.173 -1.173 -1.173 -1.173 -1.173 -1.0247563 -0.24207311 -0.69978118 -0.763 -0.763 -0.763 -0.763 -0.763 -0.234 -0.234 -0.234 -0.24718443 -0.393 -0.393
-0.0140229 -0.014 -0.777 -0.57 -0.809 -0.364 -0.405 -0.306 -0.792 -0.87 -0.822 -0.985 -1.001 -1.033 -0.677 -0.919 -0.543 -0.543 -0.543 -0.42002791 -0.42 -0.42 -0.679 -0.431 -0.431 -0.431 -0.423 -0.423 -0.423 -1.374 -1.374 -1.374 -1.0928624 -1.1718915 -1.1693606 -0.78558292 -0.782 -0.782 -0.71408223 -0.242 -0.242 -0.24266623 -0.763 -0.763 -0.763 -0.763 -0.763 -0.234 -0.234 -0.234 -0.234 -0.393 -0.393
-0.038 -0.014000076 -0.38906893 -0.43 -0.697 -0.687 -0.697 -0.898 -0.461 -0.76756697 -0.917 -0.933 -1.066 -1.033 -0.96 -0.919 -0.73640777 -0.73486547 -0.644 -0.42 -0.42 -0.743 -0.679 -0.679 -0.431 -0.43099996 -0.423 -0.423 -0.423 -0.677 -0.73900058 -0.79 -0.79 -0.78999999 -0.782 -0.782 -0.782 -0.782 -0.242 -0.242 -0.242 -0.24200002 -0.763 -0.763 -0.763 -0.763 -0.763 -0.23400667 -0.234 -0.234 -0.234 -0.39301614 -0.393
-0.038 -0.18300038 -0.389 -0.62687972 -0.697 -0.738 -0.79099268 -1.116 -1.082 -0.81700011 -0.90534023 -0.94391506 -0.351 -0.96 -0.96 -0.92967609 -0.735 -0.735 -0.644 -0.644 -0.42000065 -0.743 -0.617 -0.435 -0.62 -0.61998241 -0.423 -0.423 -0.677 -0.677 -0.79 -0.79 -0.79 -0.71249642 -0.782 -0.782 -0.782 -0.242 -0.242 -0.242 -0.242 -0.24201332 -0.76299999 -0.763 -0.763 -0.763 -0.763 -0.75829124 -0.234 -0.23402928 -0.887 -0.887 -0.887
-0.963 -0.491 -0.47299998 -0.234 -0.453 -0.601 -0.838 -0.87359196 -1.018 -1.247 -1.178 -0.944 -0.94399961 -0.937 -0.937 -0.51294833 -0.513 -0.681 -0.681 -0.64399972 -0.757 -0.757 -0.435 -0.62 -0.62 -0.545 -0.851 -0.851 -0.54201271 -0.677 -0.79 -0.79 -0.379 -0.37900575 -0.43399604 -0.322 -0.322 -0.26674983 -0.242 -0.242 -0.37982788 -0.38 -0.37999976 -0.45454296 -0.4490347 -0.44900008 -0.44900001 -0.44900012 -0.90688086 -0.887 -0.887 -0.887 -0.887
-0.19899914 -0.325 -0.25743925 -0.523 -0.472 -0.868 -0.654 -0.947 -1.25 -1.25 -1.178 -1.114 -0.84400003 -0.937 -0.29900191 -0.299 -0.513 -0.218 -0.325 -0.325 -0.68866659 -0.612 -0.612 -0.606 -0.545 -0.545 -0.851 -0.851 -0.54201958 -0.5423605 -0.2629031 -0.379 -0.379 -0.434 -0.434 -0.49356161 -0.322 -0.322 -0.6249895 -0.38000034 -0.38 -0.38 -0.37999881 -0.44899996 -0.449 -0.449 -0.449 -0.44900029 -0.934 -0.88700931 -0.887 -0.887 -0.887
-0.199 -0.475 -0.225 -0.646 -0.54100602 -0.796 -1.006 -1.077 -1.035 -1.221 -1.221 -0.938 -0.844 -0.844 -0.30273921 -0.43925657 -0.453 -0.181 -0.46599986 -0.325 -0.15928965 -0.121 -0.504 -0.141 -0.14100571 -0.584 -0.391 -0.39100016 -0.87682261 -0.87799999 -0.261 -0.43405912 -0.241 -0.434 -0.43650987 -0.637 -0.637 -0.625 -0.625 -0.38 -0.38 -0.38 -0.44136609 -0.442 -0.449 -0.449 -0.449 -0.93398154 -0.934 -0.934 -0.887 -0.887 -0.887
-0.54220998 -0.475 -0.17 -0.754 -0.454 -0.859 -0.738 -0.434 -1.053 -0.44056791 -0.514 -0.894 -0.894 -0.343 -0.34300022 -0.38718395 -0.387 -0.387 -0.22450569 -0.70399997 -0.572 -0.57199999 -0.759 -0.6044913 -0.5393573 -0.584 -0.251 -0.391 -0.41486054 -0.415 -0.488 -0.613 -0.46542848 -0.77 -0.522 -0.574 -0.591 -0.472 -0.36105126 -0.3795447 -0.278 -0.349 -0.44197818 -0.442 -0.4420394 -0.449 -0.64299999 -0.934 -0.934 -0.934 -0.934 -0.83918914 -0.186
-0.918 -0.918 -0.022 -0.127 -0.724 -0.612 -0.52 -0.822 -0.473 -0.28504174 -0.874 -0.187 -0.343 -0.343 -0.366 -0.36628802 -0.387 -0.38694473 -0.132 -0.704 -0.704 -0.68699395 -0.759 -0.45300579 -0.453 -0.453 -0.251 -0.059 -0.059 -0.415 -0.415 -0.61244429 -0.32 -0.77 -0.594 -0.574 -0.591 -0.742 -0.361 -0.10816519 -0.349 -0.33393908 -0.308 -0.442 -0.442 -0.643 -0.643 -0.643 -0.934 -0.934 -0.503 -0.503 -0.50299988
-0.918 -0.918 -0.502 -0.672 -0.675 -0.291 -0.75 -0.10287765 -0.41 -0.328 -0.231 -0.131 -0.18692568 -0.366 -0.366 -0.36598708 -0.254 -0.24759687 -0.132 -0.092 -0.092 -0.262 -0.262 -0.453 -0.453 -0.453 -0.059 -0.059 -0.059 -0.534 -0.534 -0.53399965 -0.507 -0.507 -0.981 -0.727 -0.448 -0.33400457 -0.314 -0.104 -0.104 -0.2780001 -0.308 -0.442 -0.090000095 -0.128 -0.27359781 -0.272 -0.349 -0.349 -0.503 -0.503 -0.503
-0.918 -0.73840132 -0.57454506 -0.82399483 -0.485 -0.419 -0.75 -0.102 -0.40999743 -0.32890846 -0.13100026 -0.131 -0.051 -0.366 -0.366 -0.254 -0.254 -0.25399306 -0.132 -0.092 -0.12538454 -0.262 -0.262 -0.45299201 -0.453 -0.36030108 -0.171 -0.171 -0.17099999 -0.534 -0.534 -0.35 -0.35 -0.5070013 -0.981 -0.38400023 -0.51582963 -0.334 -0.334 -0.10400001 -0.278 -0.278 -0.27799865 -0.09 -0.09 -0.128 -0.272 -0.272 -0.349 -0.349 -0.503 -0.503 -0.503
-0.203 -0.38885904 -0.37701084 -0.38023438 -0.48499977 -0.41900156 -0.74999999 -0.10997651 -0.38877565 -0.40785876 -0.051 -0.051 -0.051 -0.051 -0.36595538 -0.254 -0.254 -0.25242479 -0.132 -0.091958312 0.053 0.053 0.053 0.053 -0.44420346 -0.171 -0.171 -0.171 -0.171 -0.17114453 -0.35 -0.35 -0.35 -0.35 -0.384 -0.384 -0.384 -0.33703732 -0.33291097 -0.189 -0.189 -0.27799521 -0.12399884 -0.090003275 -0.09 -0.128 -0.272 -0.272 -0.349 -0.349 -0.5024413 -0.503 -0.80669974
-0.203 -0.377 -0.377 -0.377 -0.377 -0.37700002 -0.74915268 -0.44343046 -0.33215106 -0.051384542 -0.051 -0.051 -0.051 -0.051 -0.050999932 -0.254 -0.25399998 -0.24563163 -0.1320011 0.053 0.053 0.053 0.053 0.053 0.055593151 0.0045011675 0.07199995 0.072 0.072 0.072 -0.34999999 -0.35 -0.34999933 0.21 0.21 -0.384 0.15264983 0.168 -0.18899979 -0.189 -0.189 -0.189 -0.124 -0.124 -0.124 -0.12402784 0.0032276479 0.005 0.005 0.005 0.0049999936 -0.42200002 -0.422
-0.368 -0.377 -0.377 -0.377 -0.377 -0.377 -0.37700002 -0.40003716 0.048157218 0.05 0.05 0.05 0.05 0.05 0.049999999 0.14009934 -0.24770482 -0.23729402 0.052976699 0.053 0.053 0.053 0.053 0.053000072 0.173 0.173 0.17299986 0.072 0.072 0.072794969 0.469 0.469 0.21 0.21 0.21 0.17472808 0.168 0.168 0.168 -0.189 -0.189 -0.189 -0.124 -0.124 -0.124 -0.124 0.0049999962 0.005 0.005 0.005 0.005 -0.422 -0.422
-0.368 -0.3713506 -0.377 -0.377 -0.377 -0.377 0.094907362 0.095 0.094999999 0.05 0.05 0.05 0.05 0.05 0.070295844 0.142 0.142 0.142 0.11481126 0.11499994 0.115 0.115 0.115 0.115 0.173 0.173 0.173 0.173 0.072 0.469 0.469 0.469 0.21000002 0.21 0.21 0.473 0.16840383 0.168 0.168 -0.18897379 -0.1369443 -0.015520048 -0.124 -0.124 -0.22668214 -0.227 -0.227 0.0044669933 -0.31786777 -0.31899997 -0.31899994 -0.30501771 -0.42199976
-0.368 -0.11400964 -0.24036757 -0.377 -0.377 0.09472112 0.095 0.095 0.095 0.094675717 0.05 0.05 0.05 0.050000011 0.142 0.142 0.142 0.142 0.11502412 0.115 0.115 0.115 0.115 0.115 0.173 0.173 0.173 0.173 0.17407665 0.469 0.469 0.469 0.542 0.21003477 0.473 0.473 0.473 0.47281241 -0.0034000075 -0.015 -0.015 -0.015 -0.408 -0.408 -0.227 -0.227 -0.227 -0.319 -0.319 -0.319 -0.319 -0.305 -0.305
-0.10707733 -0.107 -0.107 -0.107 0.324 0.095005907 0.095 0.095 0.095 0.095 0.058555042 0.050001472 0.050000003 0.142 0.142 0.142 0.142 0.142 0.14556492 0.115 0.115 0.115 0.115 0.115 0.21306256 0.32699917 0.327 0.327 0.327 0.469 0.542 0.542 0.542 0.542 0.473 0.4729996 0.458 0.458 -0.0090938903 -0.015 -0.015 -0.015 -0.408 -0.408 -0.25502503 -0.227 -0.227 -0.319 -0.319 -0.319 -0.31884988 -0.305 -0.305
-0.107 -0.107 -0.107 0.095964329 0.324 0.324 0.095 0.095 0.095 0.095 0.163 0.163 0.163 0.142 0.142 0.142 0.142 0.14205272 0.232 0.232 0.11500005 0.115 0.11419659 0.082 0.084205628 0.327 0.327 0.327 0.327 0.54197811 0.542 0.542 0.542 0.542 0.45800005 0.458 0.458 0.458 0.45631887 -0.015 -0.015 -0.015 -0.408 -0.408 -0.408 -0.227 -0.227 -0.319 -0.319 -0.319 -0.305 -0.305 -0.305
-0.107 -0.107 -0.107 0.324 0.324 0.324 0.32399965 0.095 0.095 0.1629298 0.163 0.163 0.163 0.16298692 0.40020575 0.461 0.461 0.461 0.232 0.232 0.232 0.082 0.082 0.082 0.082044541 0.28189091 0.327 0.327 0.327 0.47931764 0.47100698 0.471 0.471 0.471 0.33137219 0.15300069 0.153 0.153 0.153 -0.18697647 -0.187 -0.187 -0.408 -0.408 -0.30800042 -0.30800002 -0.377 -0.377 -0.265 -0.265 -0.265 -0.305 -0.19310014
-0.10699905 -0.107 -0.10699998 0.324 0.324 0.324 0.324 0.19399997 0.095395841 0.16304897 0.163 0.163 0.163 0.16358476 0.461 0.461 0.461 0.46099993 0.232 0.232 0.232 0.082 0.082 0.082 0.241 0.241 0.497 0.497 0.497 0.49685816 0.471 0.471 0.471 0.471 0.31208729 0.153 0.153 0.153 0.153 -0.187 -0.187 -0.187 -0.19080712 -0.308 -0.308 -0.308 -0.377 -0.377 -0.265 -0.265 -0.265 -0.193 -0.193
0.199 0.061484466 0.133 0.13305541 0.324 0.19475218 0.194 0.194 0.26505383 0.217 0.217 0.217 0.217 0.59198779 0.592 0.4610001 0.461 0.45496619 0.232 0.232 0.232 0.169 0.169 0.169 0.241 0.241 0.497 0.497 0.497 0.49699999 0.48999988 0.48999995 0.47147754 0.47102037 0.043489022 0.043 0.043 0.043 0.043 -0.187 -0.187 -0.187 -0.30133728 -0.308 -0.308 -0.30800002 -0.377 -0.377 -0.37699597 -0.265 -0.26501221 -0.538 -0.193
0.31597778 0.31599997 0.133 0.133 0.133 0.194 0.194 0.194 0.389 0.389 0.217 0.217 0.217 0.592 0.592 0.592 0.592 0.59195955 0.232 0.232 0.232 0.169 0.169 0.169 0.241 0.241 0.497 0.497 0.497 0.49007893 0.49 0.49 0.49 0.49 0.043220568 0.043 0.043 0.043 0.043 -0.058000034 -0.058 -0.058 -0.058 -0.30800104 -0.443 -0.443 -0.443 -0.673 -0.673 -0.673 -0.538 -0.538 -0.538
0.316 0.316 0.133 0.133 0.133 0.19367937 0.194 0.389 0.389 0.389 0.21702117 0.217 0.25295349 0.59199992 0.592 0.592 0.592 0.102 0.102 0.102 0.137 0.13700002 0.16899984 0.169 0.16918029 0.439 0.439 0.43900014 0.49699063 0.44100977 0.44100026 0.44100855 0.48991625 0.48995771 0.12257946 0.042999985 0.042872653 0.005 0.005 -0.058 -0.058 -0.058 -0.058 -0.443 -0.443 -0.443 -0.443 -0.673 -0.673 -0.673 -0.538 -0.538 -0.538
0.316 0.316 0.133 0.133 0.133 0.133 0.2669828 0.389 0.389 0.389 0.38892929 0.261 0.261 0.261 0.59004934 0.592 0.10526524 0.102 0.102 0.102 0.137 0.137 0.137 0.137 0.439 0.439 0.439 0.439 0.439 0.441 0.441 0.441 0.441 0.44099894 -0.063 0.005 0.005 0.005 0.005 0.0049989157 -0.328 -0.328 -0.328 -0.39178064 -0.524 -0.524 -0.524 -0.673 -0.673 -0.668 -0.668 -0.28406179 -0.284
0.316 0.316 0.19905015 0.133 0.133 0.133 0.2282857 0.38849262 0.389 0.389 0.26099999 0.261 0.261 0.261 0.261 0.28810735 0.102 0.102 0.102 0.102 0.13699973 0.137 0.137 0.137 0.439 0.439 0.439 0.439 0.439 0.14024474 0.441 0.441 0.441 -0.063 -0.063 -0.062947196 0.005 0.005 -0.20547916 -0.36899997 -0.328 -0.328 -0.328 -0.39085992 -0.524 -0.524 -0.524 -0.511 -0.6660438 -0.668 -0.668 -0.284 -0.284
0.231 0.231 0.231 0.15757129 0.1329949 0.228 0.228 0.228 0.228 0.228 0.228 0.261 0.261 0.261 0.261 0.2609899 0.102 0.102 0.102 0.102 0.12172714 0.137 0.137 0.14223408 0.34154194 0.439 0.439 0.439 0.034 0.034 0.034 0.034001708 -0.063 -0.063 -0.063 -0.063 -0.369 -0.369 -0.369 -0.369 -0.412 -0.412 -0.412 -0.49299837 -0.493 -0.493 -0.49300001 -0.511 -0.511 -0.6678087 -0.668 -0.28400059 -0.284
0.231 0.231 0.231 0.23099445 0.128 0.14254164 0.228 0.228 0.228 0.228 0.228 0.228 -0.26699998 -0.267 -0.267 -0.26699999 0.10135153 0.102 0.102 0.102 0.10254164 0.33699945 0.337 0.337 0.337 0.33699999 0.046000003 0.046 0.034 0.034 0.034 0.034 -0.062999965 -0.063 -0.063 -0.06299609 -0.369 -0.369 -0.369 -0.36873679 -0.412 -0.412 -0.412 -0.49299624 -0.493 -0.493 -0.493 -0.511 -0.511 -0.51099999 -0.402 -0.402 -0.225
0.231 0.231 0.231 0.12800024 0.128 0.128 0.22799996 0.228 0.228 0.228 0.228 0.228 -0.267 -0.267 -0.267 -0.26585761 -0.252 -0.252 -0.25199909 0.10000052 0.337 0.337 0.337 0.337 0.337 0.33678101 0.046 0.046 0.046 0.034 0.034 0.033953013 -0.015 -0.015 -0.015 -0.221 -0.221 -0.309 -0.309 -0.309 -0.286 -0.41196048 -0.4119998 -0.385 -0.385 -0.38909308 -0.49299975 -0.511 -0.511 -0.402 -0.402 -0.402 -0.225
0.231 0.231 0.231 0.128 0.128 0.128 0.128 0.228 0.228 0.228 0.228 -0.24720714 -0.267 -0.267 -0.267 -0.252 -0.252 -0.252 -0.252 -0.252 0.337 0.337 0.337 0.337 0.337 0.046000993 0.046 0.046 0.046 -0.039 -0.039 -0.039 -0.015 -0.015 -0.015 -0.221 -0.221 -0.309 -0.309 -0.286 -0.286 -0.286 -0.385 -0.385 -0.385 -0.385 -0.41145144 -0.707 -0.707 -0.707 -0.402 -0.291 -0.291
0.231 0.231 0.23085657 0.128 0.128 0.128 0.128 0.0089985287 0.003 0.0033862946 0.22799998 -0.26699489 -0.267 -0.267 -0.26699995 -0.252 -0.252 -0.252 -0.252 -0.252 -0.32665851 0.337 0.337 0.337 0.33697199 0.046008721 0.046 0.046 0.046 -0.039 -0.039 -0.039 -0.038996004 -0.015 -0.221 -0.221 -0.221 -0.22100359 -0.30899843 -0.286 -0.286 -0.286 -0.38499399 -0.385 -0.385 -0.385 -0.70699759 -0.707 -0.707 -0.707 -0.291 -0.291 -0.291
0.145 0.14500015 0.12805477 0.128 0.128 0.128 0.0030265986 0.003 0.003 0.003 -0.20599999 -0.206 -0.206 -0.206 -0.2517877 -0.252 -0.252 -0.252 -0.252 -0.35499994 -0.355 -0.355 0.20100002 0.201 0.201 0.201 0.18762151 0.046 0.026000819 0.026 0.026 0.026 0.026 -0.181 -0.181 -0.181 -0.181 -0.181 -0.233 -0.233 -0.233 -0.233 -0.233 -0.46987187 -0.47 -0.47 -0.47 -0.707 -0.707 -0.707 -0.29106554 -0.291 -0.291
0.145 0.145 0.14503349 0.14899996 0.149 0.14885766 0.003 0.003 0.003 0.003 -0.206 -0.206 -0.206 -0.206 -0.206 -0.252 -0.252 -0.252 -0.35499997 -0.355 -0.355 -0.355 0.201 0.201 0.201 0.201 0.201 0.20096703 0.026156009 0.026000002 0.026 0.026 0.026062672 -0.03417248 -0.18084797 -0.181 -0.181 -0.181 -0.233 -0.233 -0.233 -0.233 -0.233 -0.47 -0.47 -0.47 -0.47 -0.58082583 -0.707 -0.3717822 -0.368 -0.3 -0.3
0.145 0.145 0.14899949 0.149 0.149 0.149 0.11191662 0.003 0.003 0.003 -0.206 -0.206 -0.206 -0.206 -0.206 -0.25196633 -0.252 -0.3549698 -0.355 -0.355 -0.355 -0.355 -0.0049738027 0.201 0.201 0.201 0.201 0.20116226 0.43 0.43 0.43 0.43 0.43 0.078 0.078 0.078 0.078 0.078 -0.359 -0.359 -0.359 -0.359 -0.359 -0.46934808 -0.46999986 -0.47 -0.46995474 -0.4645395 -0.368 -0.368 -0.368 -0.30000038 -0.3
0.14500006 0.17637613 0.149 0.149 0.149 0.149 0.149 0.0030621653 0.003 0.003 -0.206 -0.206 -0.206 -0.206 -0.39177984 -0.396 -0.396 -0.35500106 -0.355 -0.355 -0.355 -0.355 -0.35499992 0.201 0.201 0.201 0.201 0.63699979 0.6369999 0.59294537 0.43 0.43 0.43 0.078000002 0.078 0.078 0.078 0.078151712 -0.359 -0.359 -0.359 -0.359 -0.35897594 -0.203 -0.203 -0.203 -0.203 -0.20301331 -0.368 -0.368 -0.368 -0.36799996 -0.29507364
0.177 0.177 0.13093528 0.149 0.149 0.149 0.149 0.149 0.0030614724 -0.31899999 -0.319 -0.319 -0.31873183 -0.39599973 -0.396 -0.396 -0.396 -0.396 -0.35499791 -0.33715239 -0.181 -0.181 -0.181 -0.084545015 0.18747385 0.115098 0.054372668 0.637 0.637 0.637 0.637 0.637 0.62660868 0.30294275 0.302 0.302 0.302 0.302 -0.3000138 -0.045000564 -0.045 -0.045 -0.045 -0.040000478 -0.20299996 -0.203 -0.203 0.117 -0.36799223 -0.368 -0.368 -0.295 -0.295
0.177 0.177 -0.098999998 -0.099 -0.099 0.14891739 0.149 0.149 -0.319 -0.319 -0.319 -0.319 -0.319 -0.396 -0.396 -0.396 -0.396 -0.396 -0.181 -0.181 -0.181 -0.181 -0.181 0.031999989 0.032 0.032 0.032 0.637 0.637 0.637 0.637 0.637 0.386 0.386 0.302 0.302 0.302 0.26600613 0.266 -0.045 -0.045 -0.045 -0.044999975 -0.04 -0.04 -0.04 0.117 0.117 0.117 -0.016 -0.016 -0.295 -0.295
0.177 0.177 -0.099 -0.099 -0.099 -0.099 -0.099001262 -0.329 -0.31900942 -0.319 -0.319 -0.319 -0.319 -0.3950395 -0.396 -0.396 -0.396 -0.396 -0.181 -0.181 -0.181 -0.181 -0.181 0.032 0.032 0.032 0.032 0.032002448 0.637 0.637 0.637 0.38601316 0.386 0.386 0.386 0.302 0.266 0.266 0.266 0.25781701 0.095782415 0.122 0.122 -0.04 -0.04 -0.04 0.117 0.117 0.117 -0.016 -0.016 -0.016 -0.13106534
0.124 0.12400042 -0.099 -0.099 -0.099 -0.099 -0.329 -0.329 -0.329 -0.319 -0.319 -0.319 -0.319 -0.31902394 -0.396 -0.396 -0.396 -0.396 -0.18100388 -0.181 -0.181 -0.181 -0.0055295756 0.032 0.032 0.032 0.032 0.057999979 0.058 0.058000006 0.6307764 0.386 0.386 0.386 0.38599969 0.065000005 0.266 0.266 0.266 0.266 0.122 0.122 0.122 0.038 0.038 0.038 -0.013987242 0.117 0.117 -0.016000001 -0.016 -0.016 -0.11400056
