interpolatedSpi/03-11|19_2.tif
NCOLS 53
NROWS 52
XLLCORNER -116.03883
YLLCORNER 28.596182
DX 0.49850594
DY 0.49788537
NODATA_VALUE -9999
[rows 0 to 26 of 52, columns 0 to 52 of 53]
0.22555556 0.22555556 0.1018623 -0.19333333 0.017777778 -0.063333333 -0.11333333 -0.18444444 -0.4944292 -0.49777778 -0.36777778 0.05 -0.25667829 -0.39777778 -0.40444444 -0.40444444 -0.40444444 -0.12777778 -0.10777778 -0.10777778 -0.10777778 -0.10778396 -0.75 -0.25222222 -0.25222222 -0.25222222 -0.67666444 -0.67666667 -0.67666667 -0.50777778 -0.50777778 -0.50777778 -0.50777778 -0.36555558 -0.36555556 -0.36555556 -0.36555556 -0.36555556 -0.36555556 -0.36555554 0.16319399 0.16882718 -0.073333333 -0.073333333 -0.073333333 -0.073333333 -0.074202634 -0.60555556 -0.60555556 -0.60555556 0.3355536 0.33555556 0.33555556
0.22555546 0.22333333 0.090000573 0.098197363 0.08760819 0.12333333 0.48333333 -0.19652313 -0.57333333 -0.35777778 0.13888889 -0.25666667 -0.25666667 0.038540243 -0.39777255 -0.40444444 -0.12777778 -0.12777778 -0.10780386 -0.10777778 -0.10777778 -0.10777778 -0.27082066 -0.25222222 -0.25222222 -0.25222222 -0.23 -0.23 -0.50777778 -0.50777778 -0.50777778 -0.50777778 -0.50777778 -0.36555558 -0.36555556 -0.36555556 -0.36555556 -0.36555556 -0.3655555 -0.24438382 0.35219231 -0.021695575 -0.073333333 -0.073333333 -0.073333333 -0.073333333 -0.073333333 -0.60555556 -0.60555556 -0.60555556 -0.52751772 0.33555556 0.33555556
0.19333325 0.19333333 0.58666667 0.59 0.017777778 -0.08 0.13777778 0.23222222 -0.21777778 -0.25777778 -0.11 -0.27555556 -0.0044444444 -0.32888889 0.04 -0.62666667 -0.12777778 -0.12777778 -0.12777778 -0.26662048 -0.26666667 -0.26666667 -0.60555556 -0.25222222 -0.25222222 -0.25222222 -0.23 -0.23 -0.23 -0.50777778 -0.50777778 -0.50777779 -0.63454646 -0.36444627 -0.35879184 0.35445232 0.36111111 0.36111111 0.35999312 0.35222222 0.35222222 0.35167804 -0.073333333 -0.073333333 -0.073333333 -0.073333333 -0.073333333 -0.60555556 -0.60555556 -0.60555556 -0.60555555 0.33555556 0.33555556
0.52111111 0.19333321 -0.42223788 0.37111111 -0.24777778 0.12555556 0.0088888889 -0.34222222 -0.28111111 0.00733254 -0.30777778 -0.59888889 -0.20111111 -0.32888889 -0.22444444 -0.62666667 -0.41496554 -0.41313326 -0.53888889 -0.26666667 -0.26666667 -0.49777778 -0.60555556 -0.60555556 -0.25222222 -0.25222211 -0.23 -0.23 -0.23 -0.93111111 -0.84332267 -0.77111111 -0.77111111 -0.77111022 0.36111111 0.36111111 0.36111111 0.36111111 0.35222222 0.35222222 0.35222222 0.35222221 -0.073333333 -0.073333333 -0.073333333 -0.073333333 -0.073333333 -0.60554884 -0.60555556 -0.60555556 -0.60555556 0.33553247 0.33555556
0.52111111 0.25888764 -0.42222222 -0.52170584 -0.24777778 -0.25111111 -0.32999406 -0.35666667 -0.32888889 -0.39000017 -0.44394382 -0.46888873 -0.46777778 -0.22444444 -0.22444444 -0.49021886 -0.41333333 -0.41333333 -0.53888889 -0.53888889 -0.26666713 -0.49777778 -0.44888889 -0.39555556 -0.22333333 -0.2232611 -0.23 -0.23 -0.93111111 -0.93111111 -0.77111111 -0.77111111 -0.77111111 -0.70364388 0.36111111 0.36111111 0.36111111 0.35222222 0.35222222 0.35222222 0.35222222 0.35219927 -0.073333331 -0.073333333 -0.073333333 -0.073333333 -0.073333333 -0.078070771 -0.60555556 -0.60554504 -0.37111111 -0.37111111 -0.37111111
-1.3322222 0.18333333 0.37000002 -0.34222222 0.08 0.053333333 -0.41111111 -0.40414066 -0.56222222 -0.42 -0.48777778 -0.58 -0.57999993 -0.85 -0.85 -0.31658216 -0.31666667 -0.30111111 -0.30111111 -0.5388885 -0.54888889 -0.54888889 -0.39555556 -0.22333333 -0.22333333 0.085555556 -0.84777778 -0.84777778 -0.5078161 -0.93111111 -0.77111111 -0.77111111 -0.41333333 -0.41336839 -0.74886479 -0.59444444 -0.59444444 0.059349278 0.35222222 0.35222222 0.114741 0.11444445 0.11444539 0.2748542 0.28107194 0.28111102 0.2811111 0.28111098 0.27938173 -0.37111111 -0.37111111 -0.37111111 -0.37111111
-0.44334011 0.25 0.092749975 0.25333333 0.46111111 -0.43222222 -0.33777778 -0.39555556 -0.69777778 -0.69777778 -0.48777778 -0.31555556 -0.43555548 -0.85 0.033330687 0.033333333 -0.31666667 -0.037777778 -0.095555556 -0.095555556 -0.45306503 -0.34555556 -0.34555556 0.13333333 0.085555556 0.085555556 -0.84777778 -0.84777778 -0.50777253 -0.50768122 -0.1153813 -0.41333333 -0.41333333 -0.74888889 -0.74888889 -0.31244194 -0.59444444 -0.59444444 -0.37000778 0.11444377 0.11444444 0.11444444 0.11445061 0.2811131 0.28111111 0.28111111 0.28111111 0.28111119 0.42111111 -0.37095411 -0.37111111 -0.37111111 -0.37111111
-0.44333333 -0.63222222 0.39555556 -0.41111111 0.015531096 -0.63555556 -0.67 -0.51111111 -0.67555556 -0.30333333 -0.30333333 -0.14555556 -0.43555556 -0.43555556 0.030116321 0.025237716 0.024444444 0.065555556 -0.29333313 -0.095555556 0.065587244 0.068888889 -0.027777778 -0.19777778 -0.19777649 -0.097777778 0.088888889 0.088888558 -0.41809315 -0.41777777 -0.11444444 -0.12030557 -0.43555556 -0.74888889 -0.72223741 -0.076666667 -0.076666667 -0.37 -0.37 0.11444444 0.11444444 0.11444445 0.63714582 0.63777776 0.28111111 0.28111111 0.28111111 0.42110578 0.42111111 0.42111111 -0.37111111 -0.37111111 -0.37111111
-0.57895321 -0.63222221 0.31222222 0.63222222 0.30777778 -0.41555556 -0.33111111 -0.10888889 -0.57 -0.26874579 -0.34555556 -0.15555556 -0.15555556 -0.037777778 -0.037774884 -0.18940233 -0.19 -0.19 0.010770615 0.2855555 0.03 0.03 0.23111111 0.074246075 -0.10785514 -0.097777778 0.033333333 0.088888889 0.0038304968 0.0033333333 -0.032222222 0.28333333 0.29844009 0.23555556 0.18555556 0.085555555 -0.034444444 -0.31444444 0.19865185 0.1161754 0.50222222 0.60666667 0.63776891 0.63777778 0.63577026 0.28111111 0.36444444 0.42111111 0.42111111 0.42111111 0.42111111 -0.29488489 0.15666667
-0.28111111 -0.28111111 0.0088888889 0.29222222 -0.13 -0.57333333 -0.32888889 -0.31888889 -0.074444444 -0.19223046 -0.13444444 -0.29 -0.037777778 -0.037777778 0.27 0.26369089 -0.19 -0.18993594 0.047777778 0.28555556 0.28555556 0.25263144 0.23111111 -0.10221591 -0.10222222 -0.10222222 0.033333333 0.40111111 0.40111111 0.0033333333 0.0033333335 0.28339023 0.31333333 0.23555556 0.36444444 0.085555556 -0.034444444 -0.18777778 0.19888889 0.92143023 0.60666666 0.59809541 0.58333333 0.63777778 0.63777778 0.36444444 0.36444444 0.36444444 0.42111111 0.42111111 0.24111111 0.24111111 0.24111108
-0.28111111 -0.28111111 -0.32444444 -0.81555556 -0.55666667 0.0033333333 -0.35555555 -0.25242072 -0.47 -0.36777778 0.038888889 -0.36444444 -0.29009873 0.27 0.27 0.27002474 0.48444444 0.46152613 0.047777778 0.55888889 0.55888889 0.83555556 0.83555556 -0.10222222 -0.10222222 -0.10222222 0.40111111 0.40111111 0.40111111 0.20222222 0.20222222 0.20222241 0.44777778 0.44777778 -0.12444444 0.16666667 0.45444444 -0.024444652 0.50444444 0.93333333 0.93333333 0.64555535 0.58333333 0.63777778 0.60666663 0.54888889 0.6067298 0.60777778 0.85222222 0.85222222 0.24111111 0.24111111 0.24111111
-0.28111111 -0.29997609 -0.53401907 -0.82887629 -0.16222222 -0.13333333 -0.35555556 -0.25222222 -0.46999818 -0.36891028 -0.36444445 -0.36444444 0.44333333 0.27 0.27 0.48444444 0.48444444 0.48441959 0.047777778 0.55888889 0.61322059 0.83555556 0.83555556 -0.10218443 -0.10222222 0.092452807 0.49 0.49 0.48999999 0.20222222 0.20222222 0.33333333 0.33333333 0.44777621 -0.12444444 0.5711109 0.37373309 -0.024444444 -0.024444444 0.93333332 0.64555556 0.64555556 0.64555526 0.60666667 0.60666667 0.54888889 0.60777778 0.60777778 0.85222222 0.85222222 0.24111111 0.24111111 0.24111111
-0.48444444 -0.073925718 -0.045583668 -0.051222 -0.16222226 -0.13333402 -0.35555555 -0.2534942 -0.45499288 -0.4673307 0.44333333 0.44333333 0.44333333 0.44333333 0.27002455 0.48444444 0.48444444 0.47880638 0.047777778 0.55897792 0.87777778 0.87777778 0.87777778 0.87777778 -0.085146489 0.49 0.49 0.49 0.49 0.48984381 0.33333333 0.33333333 0.33333333 0.33333333 0.57111111 0.57111111 0.57111111 0.0042428105 -0.018227386 0.80333333 0.80333333 0.64556404 0.54889087 0.6066611 0.60666667 0.54888889 0.60777778 0.60777778 0.85222222 0.85222222 0.24332816 0.24111111 -0.11424454
-0.48444444 -0.045555556 -0.045555556 -0.045555556 -0.045555556 -0.045555593 -0.35498669 -0.30669032 -0.41495528 0.44235233 0.44333333 0.44333333 0.44333333 0.44333333 0.44333357 0.48444444 0.48444438 0.45449209 0.04778655 0.87777778 0.87777778 0.87777778 0.87777778 0.87777778 0.87792034 0.55244159 0.53222221 0.53222222 0.53222222 0.53222222 0.33333334 0.33333333 0.33333392 0.82222222 0.82222222 0.57111111 0.9934744 1.0055556 0.80333345 0.80333333 0.80333333 0.80333333 0.54888889 0.54888889 0.54888889 0.54888889 0.21257585 0.21 0.21 0.21 0.21000001 0.93111097 0.93111111
0.26777778 -0.045555556 -0.045555556 -0.045555556 -0.045555556 -0.045555556 -0.045555574 -0.17076391 0.76028499 0.76666667 0.76666667 0.76666667 0.76666667 0.76666667 0.76666666 0.87875825 0.49070052 0.42465031 0.87767357 0.87777778 0.87777778 0.87777778 0.87777778 0.87777813 0.88444444 0.88444444 0.88444395 0.53222222 0.53222222 0.53304767 0.94444444 0.94444444 0.82222222 0.82222222 0.82222222 0.97618757 1.0055556 1.0055556 1.0055556 0.80333333 0.80333333 0.80333333 0.54888889 0.54888889 0.54888889 0.54888889 0.21000001 0.21 0.21 0.21 0.21 0.93111111 0.93111111
0.26777778 0.15112734 -0.045555556 -0.045555556 -0.045555556 -0.045555556 0.23105681 0.23111111 0.23111112 0.76666667 0.76666667 0.76666667 0.76666667 0.76666667 0.79191391 0.88111111 0.88111111 0.88111111 1.1835102 1.1844441 1.1844444 1.1844444 1.1844444 1.1844444 0.88444444 0.88444444 0.88444444 0.88444444 0.53222222 0.94444444 0.94444444 0.94444444 0.82222223 0.82222222 0.82222222 1.0477778 1.0056115 1.0055556 1.0055556 0.80335222 0.84089588 0.92851363 0.54888889 0.54888889 0.82580943 0.82666667 0.82666667 0.21083846 0.71711055 0.71888884 0.71888879 0.88334052 0.93111101
0.26777778 0.01584202 -0.01800416 -0.045555556 -0.045555556 0.23094764 0.23111111 0.23111111 0.23111111 0.23497048 0.76666667 0.76666667 0.76666667 0.76666668 0.88111111 0.88111111 0.88111111 0.88111111 1.1841735 1.1844444 1.1844444 1.1844444 1.1844444 1.1844444 0.88444445 0.88444444 0.88444444 0.88444444 0.88466269 0.94444444 0.94444444 0.94444444 1.3366667 0.82225758 1.0477778 1.0477778 1.0477778 1.0494968 0.93375109 0.92888889 0.92888889 0.92888889 0.95333333 0.95333333 0.82666667 0.82666667 0.82666667 0.71888889 0.71888889 0.71888889 0.71888889 0.88333333 0.88333333
0.0091198628 0.0088888889 0.0088888889 0.0088888893 0.05 0.23110644 0.23111111 0.23111111 0.23111111 0.23111111 0.74572053 0.76666306 0.76666666 0.88111111 0.88111111 0.88111111 0.88111111 0.88111111 0.89507085 1.1844444 1.1844444 1.1844444 1.1844444 1.1844444 1.1780125 1.3966639 1.3966667 1.3966667 1.3966667 0.94444446 1.3366667 1.3366667 1.3366667 1.3366667 1.0477778 1.0477819 1.2044444 1.2044444 0.93232961 0.92888889 0.92888889 0.92888889 0.95333333 0.95333333 0.84627903 0.82666667 0.82666667 0.71888889 0.71888889 0.71888889 0.72065216 0.88333333 0.88333333
0.0088888889 0.0088888889 0.0088888889 0.028248724 0.05 0.05 0.23111111 0.23111111 0.23111111 0.23111111 0.49 0.49 0.49 0.88111111 0.88111111 0.88111111 0.88111111 0.88109312 0.72555556 0.72555556 1.1844443 1.1844444 1.1823615 1.0988889 1.1015697 1.3966667 1.3966667 1.3966667 1.3966667 1.3366728 1.3366667 1.3366667 1.3366667 1.3366667 1.2044439 1.2044444 1.2044444 1.2044444 1.2034963 0.92888889 0.92888889 0.92888889 0.95333333 0.95333333 0.95333333 0.82666667 0.82666667 0.7188889 0.71888889 0.71888889 0.88333333 0.88333333 0.88333333
0.0088888889 0.0088888889 0.0088888889 0.05 0.05 0.05 0.050000277 0.23111111 0.23111111 0.48973275 0.49 0.49 0.49 0.49024368 0.792974 0.77222222 0.77222222 0.77222222 0.72555556 0.72555556 0.72555556 1.0988889 1.0988889 1.0988889 1.0988992 1.2597075 1.3966667 1.3966667 1.3966667 1.4419457 1.4644319 1.4644444 1.4644444 1.4644444 1.3565763 1.5699992 1.57 1.57 1.57 1.3232794 1.3233333 1.3233333 0.95333333 0.95333333 1.22111 1.2211111 1.1833333 1.1833333 1.1233333 1.1233333 1.1233333 0.88333333 1.012107
0.008889751 0.0088888889 0.0088888904 0.05 0.05 0.05 0.050000001 0.18333335 0.23092008 0.48985492 0.49 0.49 0.49 0.4905538 0.77222222 0.77222222 0.77222222 0.77222221 0.72555556 0.72555556 0.72555556 1.0988889 1.0988889 1.0988889 1.1355556 1.1355556 1.2833333 1.2833333 1.2833333 1.2843214 1.4644444 1.4644444 1.4644444 1.4644444 1.5171932 1.57 1.57 1.57 1.57 1.3233333 1.3233333 1.3233333 1.320117 1.2211111 1.2211111 1.2211111 1.1833333 1.1833333 1.1233333 1.1233333 1.1233333 1.0122222 1.0122222
0.28666667 0.16268992 0.22888889 0.22883699 0.05 0.18256187 0.18333333 0.18333333 0.27402313 0.33 0.33 0.33 0.33 0.46999544 0.47 0.77222199 0.77222222 0.77099262 0.72555556 0.72555556 0.72555556 0.80888889 0.80888889 0.80888889 1.1355556 1.1355556 1.2833333 1.2833333 1.2833333 1.2833334 1.4300002 1.4300001 1.4635787 1.4644075 1.4422484 1.4422222 1.4422222 1.4422222 1.4422222 1.3233333 1.3233333 1.3233333 1.2267395 1.2211111 1.2211111 1.221111 1.1833333 1.1833333 1.1833312 1.1233333 1.1233272 0.98666667 1.0122222
0.44774718 0.44777774 0.22888889 0.22888889 0.22888889 0.18333333 0.18333333 0.18333333 0.43222222 0.43222222 0.33 0.33 0.33 0.47 0.47 0.47 0.47 0.47002951 0.72555556 0.72555556 0.72555556 0.80888889 0.80888889 0.80888889 1.1355556 1.1355556 1.2833333 1.2833333 1.2833333 1.4283463 1.43 1.43 1.43 1.43 1.4422162 1.4422222 1.4422222 1.4422222 1.4422222 0.96888898 0.96888889 0.96888889 0.96888889 1.2211066 0.63222222 0.63222222 0.63222222 0.81777778 0.81777778 0.81777778 0.98666667 0.98666667 0.98666667
0.44777778 0.44777778 0.22888889 0.22888889 0.22888889 0.18357278 0.18333333 0.43222222 0.43222222 0.43222222 0.33001258 0.33 0.19199671 0.46999993 0.47 0.47 0.47 0.22888889 0.22888889 0.22888889 0.40000001 0.4000003 0.8088869 0.80888889 0.80908008 0.97666667 0.97666667 0.9766674 1.2832838 1.3444615 1.3444449 1.3444594 1.4298538 1.4299262 1.4399886 1.4422219 1.4392657 0.56 0.56 0.96888889 0.96888889 0.96888889 0.96888889 0.63222222 0.63222222 0.63222222 0.63222222 0.81777778 0.81777778 0.81777778 0.98666667 0.98666667 0.98666667
0.44777778 0.44777778 0.22888889 0.22888889 0.22888889 0.22888889 0.27648517 0.43222222 0.43222222 0.43222222 0.43207247 0.16111111 0.16111111 0.16111111 0.46817965 0.47 0.23049559 0.22888889 0.22888889 0.22888889 0.4 0.4 0.4 0.4 0.97666667 0.97666667 0.97666667 0.97666667 0.97666667 1.3444444 1.3444444 1.3444444 1.3444444 1.344444 1.1155556 0.56 0.56 0.56 0.56 0.56000005 0.51222222 0.51222222 0.51222222 0.53210901 0.57333333 0.57333333 0.57333333 0.81777777 0.81777763 0.66888889 0.66888889 0.98999919 0.99
0.44777778 0.44777778 0.30789241 0.22888889 0.22888889 0.22888889 0.40671201 0.43214169 0.43222222 0.43222222 0.16111116 0.16111111 0.16111111 0.16111111 0.16111111 0.18643982 0.22888889 0.22888889 0.22888889 0.22888889 0.39999868 0.4 0.4 0.4 0.97666667 0.97666667 0.97666667 0.97666667 0.97666667 0.79597457 1.3444444 1.3444444 1.3444444 1.1155556 1.1155556 1.1151242 0.56 0.56 0.67130508 0.75777776 0.51222222 0.51222222 0.51222222 0.53219767 0.57333333 0.57333333 0.57333333 0.58222222 0.66780903 0.66888889 0.66888889 0.99 0.99
0.61444444 0.61444444 0.61444444 0.32555827 0.22944937 0.40666667 0.40666667 0.40666667 0.40666667 0.38666667 0.38666667 0.16111113 0.16111111 0.16111111 0.16111111 0.1611154 0.22888889 0.22888889 0.22888889 0.22888889 0.32533266 0.4 0.4 0.39752835 0.33543937 0.97666667 0.97666667 0.97666667 0.60222222 0.60222222 0.60222222 0.60222534 1.1155556 1.1155556 1.1155556 1.1155556 0.75777778 0.75777778 0.75777778 0.75777778 0.58111111 0.58111111 0.58111111 0.66999821 0.67 0.67 0.66999997 0.58222222 0.58222222 0.66878329 0.66888889 0.98999886 0.99
