interpolatedSpi/03-11|21_1.tif
NCOLS 53
NROWS 52
XLLCORNER -116.03883
YLLCORNER 28.596182
DX 0.49850594
DY 0.49788537
NODATA_VALUE -9999
[rows 0 to 38 of 52, columns 0 to 52 of 53]
-0.46 -0.46 -0.41594615 -0.531 -0.526 -0.649 -0.692 -0.714 -0.7327461 -0.894 -0.962 -0.687 -0.85696937 -0.485 -0.387 -0.387 -0.387 -0.494 -0.608 -0.608 -0.608 -0.60799615 -0.20800001 -0.815 -0.815 -0.815 -0.54299956 -0.543 -0.543 -0.383 -0.383 -0.383 -0.383 -0.79699992 -0.797 -0.797 -0.797 -0.797 -0.797 -0.79699999 -0.44776155 -0.44398607 -0.389 -0.389 -0.389 -0.389 -0.3885296 -0.101 -0.101 -0.101 0.44699886 0.447 0.447
-0.46002066 -0.925 -0.49499982 -0.54632262 -0.69104353 -0.447 -0.535 -0.83682871 -1.068 -0.966 -0.817 -0.857 -0.857 -0.87270289 -0.48500383 -0.387 -0.494 -0.494 -0.60785136 -0.608 -0.608 -0.608 -0.82215864 -0.815 -0.815 -0.815 -0.877 -0.877 -0.383 -0.383 -0.383 -0.383 -0.383 -0.79699994 -0.797 -0.797 -0.797 -0.797 -0.79699998 -0.73160025 -0.39102899 -0.38924284 -0.389 -0.389 -0.389 -0.389 -0.389 -0.101 -0.101 -0.101 -0.055559315 0.447 0.447
-0.75999191 -0.76 -0.339 -0.436 -0.605 -0.791 -0.477 -0.902 -1.031 -0.966 -0.946 -1.022 -0.672 -0.739 -0.874 -1.049 -0.494 -0.494 -0.494 -0.75595698 -0.756 -0.756 -0.951 -0.815 -0.815 -0.815 -0.877 -0.877 -0.877 -0.383 -0.383 -0.38300001 -0.46435661 -0.79635647 -0.79498019 -0.58198847 -0.58 -0.58 -0.55622878 -0.391 -0.391 -0.39099744 -0.389 -0.389 -0.389 -0.389 -0.389 -0.101 -0.101 -0.101 -0.101 0.447 0.447
-0.231 -0.75999996 -0.5760098 -0.14 -0.647 -0.622 -0.638 -0.813 -0.801 -0.88146535 -0.839 -1.182 -1.121 -0.739 -0.832 -1.049 -1.1412885 -1.141546 -1.185 -0.756 -0.756 -1.192 -0.951 -0.951 -0.815 -0.81500031 -0.877 -0.877 -0.877 -0.554 -0.55290264 -0.552 -0.552 -0.55200002 -0.58 -0.58 -0.58 -0.58 -0.391 -0.391 -0.391 -0.391 -0.389 -0.389 -0.389 -0.389 -0.389 -0.10100363 -0.101 -0.101 -0.101 0.44696701 0.447
-0.231 -0.027001007 -0.576 -0.68909034 -0.647 -0.541 -0.84198362 -0.82 -0.865 -0.84499993 -0.87098667 -0.88497178 -0.688 -0.832 -0.832 -0.97865546 -1.142 -1.142 -1.185 -1.185 -0.75600083 -1.192 -0.899 -0.668 -0.486 -0.48592339 -0.877 -0.877 -0.554 -0.554 -0.552 -0.552 -0.552 -0.54539989 -0.58 -0.58 -0.58 -0.391 -0.391 -0.391 -0.391 -0.39099286 -0.389 -0.389 -0.389 -0.389 -0.389 -0.38643644 -0.101 -0.10102072 -0.563 -0.563 -0.563
-1.017 -0.379 -0.296 -0.586 -0.644 -0.625 -0.813 -0.8138962 -0.454 -0.353 -0.474 -0.194 -0.19400033 -0.994 -0.994 -1.246915 -1.247 -0.913 -0.913 -1.1849995 -0.759 -0.759 -0.668 -0.486 -0.486 -0.158 -0.398 -0.398 -0.45300911 -0.554 -0.552 -0.552 -0.517 -0.51697942 -0.32001414 -0.439 -0.439 -0.4058499 -0.391 -0.391 -0.31709229 -0.317 -0.31699954 -0.73969797 -0.74596054 -0.7459999 -0.74599999 -0.74599986 -0.48270486 -0.563 -0.563 -0.563 -0.563
0.25699253 -0.146 -0.077701603 -0.213 -0.341 -0.737 -0.42 -0.52 -0.684 -0.684 -0.474 -0.784 -0.80599999 -0.994 -0.8950003 -0.895 -1.247 -0.894 -0.601 -0.601 -0.72035628 -0.677 -0.677 -0.153 -0.158 -0.158 -0.398 -0.398 -0.45299738 -0.45295172 -0.38208048 -0.517 -0.517 -0.32 -0.32 -0.42647328 -0.439 -0.439 -0.4360001 -0.31700017 -0.317 -0.317 -0.31699747 -0.74599786 -0.746 -0.746 -0.746 -0.74599984 -0.482 -0.56298395 -0.563 -0.563 -0.563
0.257 0.289 0.051 -0.689 -0.76499564 -0.687 -0.492 -0.794 -0.821 -0.768 -0.768 -0.778 -0.806 -0.806 -0.89438938 -1.1044741 -1.125 -0.637 -0.62199998 -0.601 -0.61941675 -0.642 -0.412 -0.025000002 -0.025001045 -0.106 -0.362 -0.36200001 -0.40815769 -0.408 -0.382 -0.51009346 -0.378 -0.32 -0.3243067 -0.416 -0.416 -0.436 -0.436 -0.317 -0.317 -0.317 -0.36169339 -0.36300002 -0.746 -0.746 -0.746 -0.48201005 -0.482 -0.482 -0.563 -0.563 -0.563
0.14972513 0.289 0.447 -0.205 -0.454 -0.491 -0.627 -0.747 -0.83 -0.58119947 -0.574 -0.652 -0.652 -0.574 -0.5739989 -0.6692737 -0.668 -0.668 -0.63471023 -0.369 -0.376 -0.376 -0.378 -0.39860116 -0.097837339 -0.106 -0.405 -0.362 -0.36299419 -0.363 -0.547 -0.37 -0.32668595 -0.609 -0.471 -0.581 -0.579 -0.699 -0.57505726 -0.31610725 -0.117 -0.159 -0.36297118 -0.363 -0.36515573 -0.746 -0.93999999 -0.482 -0.482 -0.482 -0.482 -0.56436958 -0.248
-0.629 -0.629 0.585 0.208 -0.432 -0.545 -0.496 -0.449 -0.55 -0.51798765 -0.708 -0.171 -0.574 -0.574 -0.457 -0.45989396 -0.668 -0.667941 -0.406 -0.369 -0.369 -0.36990184 -0.378 -0.34200068 -0.342 -0.342 -0.405 -0.044 -0.044 -0.363 -0.363 -0.36983689 -0.284 -0.609 -0.207 -0.581 -0.579 -0.476 -0.575 -0.43530139 -0.159 -0.16891816 -0.186 -0.363 -0.363 -0.94 -0.94 -0.94 -0.482 -0.482 -0.574 -0.574 -0.57399988
-0.629 -0.629 0.032 -0.468 -0.75 -0.313 -0.651 -0.77393664 -0.8 -0.622 -0.682 -0.701 -0.17170618 -0.457 -0.457 -0.45699735 -0.434 -0.43253043 -0.406 -0.612 -0.612 -0.475 -0.475 -0.342 -0.342 -0.342 -0.044 -0.044 -0.044 -0.474 -0.474 -0.47399969 -0.274 -0.274 -0.535 -0.574 -0.261 -0.82999539 -0.663 -0.433 -0.433 -0.28699967 -0.186 -0.363 -0.44100011 -0.603 -0.56561934 -0.564 -0.455 -0.455 -0.574 -0.574 -0.574
-0.629 -0.34369956 -0.18136783 -0.42599564 -0.171 -0.743 -0.651 -0.774 -0.79999978 -0.62397202 -0.7009999 -0.701 -0.547 -0.457 -0.457 -0.434 -0.434 -0.43399841 -0.406 -0.612 -0.58509599 -0.475 -0.475 -0.3420058 -0.342 -0.3252353 -0.291 -0.291 -0.29099997 -0.474 -0.474 -0.399 -0.399 -0.27400072 -0.535 -0.53300004 -0.26532976 -0.83 -0.83 -0.433 -0.287 -0.287 -0.2870011 -0.441 -0.441 -0.603 -0.564 -0.564 -0.455 -0.455 -0.574 -0.574 -0.574
-0.644 -0.34769341 -0.37300294 -0.37338028 -0.17100302 -0.74298649 -0.651 -0.77248594 -0.79820833 -0.79535195 -0.547 -0.547 -0.547 -0.547 -0.45701275 -0.434 -0.434 -0.43363848 -0.406 -0.61209445 -0.943 -0.943 -0.943 -0.943 -0.35212155 -0.291 -0.291 -0.291 -0.291 -0.29115045 -0.399 -0.399 -0.399 -0.399 -0.533 -0.533 -0.533 -0.8150473 -0.82791207 -0.552 -0.552 -0.28701425 -0.54599641 -0.44101011 -0.441 -0.603 -0.564 -0.564 -0.455 -0.455 -0.57356828 -0.574 -0.23644756
-0.644 -0.373 -0.373 -0.373 -0.373 -0.37300015 -0.65123541 -0.7092024 -0.79342831 -0.54726806 -0.547 -0.547 -0.547 -0.547 -0.54700015 -0.434 -0.434 -0.43207939 -0.40600213 -0.943 -0.943 -0.943 -0.943 -0.943 -0.93677181 -0.41850756 -0.44899997 -0.449 -0.449 -0.449 -0.399 -0.399 -0.39900002 -0.417 -0.417 -0.533 -0.32981193 -0.324 -0.55199987 -0.552 -0.552 -0.552 -0.546 -0.546 -0.546 -0.54639667 -0.47856765 -0.478 -0.478 -0.478 -0.478 -0.073000103 -0.073
-0.609 -0.373 -0.373 -0.373 -0.373 -0.373 -0.37300002 -0.60501722 -0.76101588 -0.761 -0.761 -0.761 -0.761 -0.761 -0.761 -0.60420227 -0.43664772 -0.43016594 -0.94293249 -0.943 -0.943 -0.943 -0.943 -0.94299949 -0.655 -0.655 -0.65499971 -0.449 -0.449 -0.44879775 -0.348 -0.348 -0.417 -0.417 -0.417 -0.33889754 -0.324 -0.324 -0.324 -0.552 -0.552 -0.552 -0.546 -0.546 -0.546 -0.546 -0.478 -0.478 -0.478 -0.478 -0.478 -0.073 -0.073
-0.609 -0.52113988 -0.373 -0.373 -0.373 -0.373 -0.41799117 -0.418 -0.41800001 -0.761 -0.761 -0.761 -0.761 -0.761 -0.72570288 -0.601 -0.601 -0.601 -0.50633381 -0.50500045 -0.505 -0.505 -0.505 -0.505 -0.655 -0.655 -0.655 -0.655 -0.449 -0.348 -0.348 -0.348 -0.41699999 -0.417 -0.417 -0.219 -0.32386098 -0.324 -0.324 -0.55193086 -0.41408231 -0.092377828 -0.546 -0.546 -0.38250611 -0.382 -0.382 -0.47745949 -0.15014971 -0.14900003 -0.14900006 0.054980575 -0.07299974
-0.609 -0.50681999 -0.43929203 -0.373 -0.373 -0.41797341 -0.418 -0.418 -0.418 -0.42047176 -0.761 -0.761 -0.761 -0.76099998 -0.601 -0.601 -0.601 -0.601 -0.50508575 -0.505 -0.505 -0.505 -0.505 -0.505 -0.655 -0.655 -0.655 -0.655 -0.65388334 -0.348 -0.348 -0.348 -0.341 -0.41697802 -0.219 -0.219 -0.219 -0.21631464 -0.10574652 -0.091 -0.091 -0.091 -0.4 -0.4 -0.382 -0.382 -0.382 -0.149 -0.149 -0.149 -0.149 0.055 0.055
-0.50404966 -0.504 -0.504 -0.504 -0.412 -0.41799985 -0.418 -0.418 -0.418 -0.418 -0.73283642 -0.76099515 -0.76099999 -0.601 -0.601 -0.601 -0.601 -0.601 -0.57598752 -0.505 -0.505 -0.505 -0.505 -0.505 -0.58249049 -0.59300034 -0.593 -0.593 -0.593 -0.348 -0.341 -0.341 -0.341 -0.341 -0.219 -0.21899355 0.026 0.026 -0.089539081 -0.091 -0.091 -0.091 -0.4 -0.4 -0.38478702 -0.382 -0.382 -0.149 -0.149 -0.149 -0.14681259 0.055 0.055
-0.504 -0.504 -0.504 -0.46067583 -0.412 -0.412 -0.418 -0.418 -0.418 -0.418 -0.389 -0.389 -0.389 -0.601 -0.601 -0.601 -0.601 -0.60091919 -0.324 -0.324 -0.50499993 -0.505 -0.50667986 -0.574 -0.57417105 -0.593 -0.593 -0.593 -0.593 -0.34102566 -0.341 -0.341 -0.341 -0.341 0.025999139 0.026 0.026 0.026 0.025585049 -0.091 -0.091 -0.091 -0.4 -0.4 -0.4 -0.382 -0.382 -0.149 -0.149 -0.149 0.055 0.055 0.055
-0.504 -0.504 -0.504 -0.412 -0.412 -0.412 -0.41200001 -0.418 -0.418 -0.38902994 -0.389 -0.389 -0.389 -0.38913208 -0.20519244 -0.112 -0.112 -0.112 -0.324 -0.324 -0.324 -0.574 -0.574 -0.574 -0.57385966 -0.32024736 -0.593 -0.593 -0.593 -0.16054991 -0.11202252 -0.112 -0.112 -0.112 0.00090448495 -0.033999864 -0.034 -0.034 -0.034 -0.14199302 -0.142 -0.142 -0.4 -0.4 -0.31400036 -0.31399998 -0.259 -0.259 -0.138 -0.138 -0.138 0.055 -0.062894494
-0.50399832 -0.504 -0.504 -0.412 -0.412 -0.412 -0.412 -0.17800007 -0.41704039 -0.38891658 -0.389 -0.389 -0.389 -0.38845645 -0.112 -0.112 -0.112 -0.11200006 -0.324 -0.324 -0.324 -0.574 -0.574 -0.574 -0.073 -0.073 -0.093 -0.093 -0.093 -0.093103651 -0.112 -0.112 -0.112 -0.112 -0.073021455 -0.034 -0.034 -0.034 -0.034 -0.142 -0.142 -0.142 -0.14741178 -0.314 -0.314 -0.314 -0.259 -0.259 -0.138 -0.138 -0.138 -0.063000003 -0.063
0.038 -0.21737369 -0.428 -0.42799536 -0.412 -0.17935392 -0.178 -0.178 -0.18055065 -0.297 -0.297 -0.297 -0.297 0.23798258 0.238 -0.11199973 -0.112 -0.11758589 -0.324 -0.324 -0.324 0.126 0.126 0.126 -0.073 -0.073 -0.093 -0.093 -0.093 -0.092999965 -0.045000426 -0.045000188 -0.11031606 -0.11192817 -0.27680978 -0.277 -0.277 -0.277 -0.277 -0.142 -0.142 -0.142 -0.30452913 -0.314 -0.314 -0.31399998 -0.259 -0.259 -0.25899564 -0.138 -0.13801283 -0.425 -0.063
-0.071979111 -0.072000062 -0.428 -0.428 -0.428 -0.178 -0.178 -0.178 -0.185 -0.185 -0.297 -0.297 -0.297 0.238 0.238 0.238 0.238 0.2379363 -0.324 -0.324 -0.32399998 0.126 0.126 0.126 -0.073 -0.073 -0.093 -0.093 -0.093 -0.045541204 -0.045 -0.045 -0.045 -0.045 -0.27688552 -0.277 -0.277 -0.277 -0.277 -0.129 -0.129 -0.129 -0.129 -0.31399917 -0.206 -0.206 -0.206 -0.361 -0.361 -0.361 -0.425 -0.425 -0.425
-0.072 -0.072 -0.428 -0.428 -0.428 -0.17931404 -0.178 -0.185 -0.185 -0.185 -0.29698621 -0.297 -0.064936579 0.23799994 0.238 0.238 0.238 0.082 0.082 0.082 -0.036999996 -0.036999879 0.12599921 0.126 0.12581963 -0.084 -0.084 -0.084000021 -0.092998546 0.0079894378 0.0079997179 0.0079907469 -0.044909418 -0.044954262 -0.23564516 -0.27699992 -0.2763063 -0.07 -0.07 -0.129 -0.129 -0.129 -0.129 -0.206 -0.206 -0.206 -0.206 -0.361 -0.361 -0.361 -0.425 -0.425 -0.425
-0.072 -0.072 -0.428 -0.428 -0.428 -0.428 -0.1806199 -0.185 -0.185 -0.185 -0.18490499 -0.013 -0.013 -0.013 0.2365208 0.238 0.083039545 0.082 0.082 0.082 -0.037 -0.037 -0.037 -0.037 -0.084 -0.084 -0.084 -0.084 -0.084 0.008 0.008 0.008 0.008 0.0080000421 0.028 -0.07 -0.07 -0.07 -0.07 -0.070000036 -0.072 -0.072 -0.072 -0.15953553 -0.341 -0.341 -0.341 -0.361 -0.36099996 -0.315 -0.315 -0.33602165 -0.336
-0.072 -0.072 -0.299509 -0.428 -0.428 -0.428 -0.21993789 -0.1851103 -0.185 -0.185 -0.012999995 -0.013 -0.013 -0.013 -0.013 0.0075877937 0.082 0.082 0.082 0.082 -0.036999079 -0.037 -0.037 -0.037 -0.084 -0.084 -0.084 -0.084 -0.084 -0.0089959976 0.008 0.008 0.008 0.028 0.028 0.027923901 -0.07 -0.07 0.043118482 0.13099998 -0.072 -0.072 -0.072 -0.1571587 -0.341 -0.341 -0.341 0.094 -0.3099039 -0.315 -0.315 -0.336 -0.336
-0.092 -0.092 -0.092 -0.34375556 -0.42765082 -0.22 -0.22 -0.22 -0.22 0.012999998 0.013 -0.012999998 -0.013 -0.013 -0.013 -0.012993976 0.082 0.082 0.082 0.082 0.01492774 -0.037 -0.037 -0.038308521 -0.086866413 -0.084 -0.084 -0.084 -0.015 -0.015 -0.015 -0.014999903 0.028 0.028 0.028 0.028 0.131 0.131 0.131 0.131 0.056 0.056 0.056 0.016000804 0.016 0.016 0.015999887 0.094 0.094 -0.31450166 -0.315 -0.33599715 -0.336
-0.092 -0.092 -0.092 -0.092005277 -0.19 -0.19436249 -0.22 -0.22 -0.22 0.013 0.013 0.013 0.053999997 0.054 0.054 0.053999992 0.081349703 0.082 0.082 0.082 0.080192807 -0.086999863 -0.087 -0.087 -0.087 -0.087000003 -0.209 -0.209 -0.015 -0.015 -0.015 -0.015 0.028000153 0.028 0.028 0.028017268 0.13099999 0.131 0.131 0.13014895 0.056 0.056 0.056 0.016001855 0.016 0.016 0.016 0.094 0.094 0.094000018 0.229 0.229 0.244
-0.092 -0.092 -0.092 -0.18999977 -0.19 -0.19 -0.21999999 -0.22 -0.22 0.013 0.013 0.013 0.054 0.054 0.054 0.029095827 -0.273 -0.273 -0.27299908 0.079994866 -0.087 -0.087 -0.087 -0.087 -0.087 -0.087091811 -0.209 -0.209 -0.209 -0.015 -0.015 -0.015180225 0.24 0.24 0.24 -0.359 -0.359 -0.063 -0.063 -0.063 -0.088 0.055954831 0.056000052 0.063 0.063 0.061218753 0.016000256 0.094 0.094 0.229 0.229 0.229 0.244
-0.092 -0.092 -0.092 -0.19 -0.19 -0.19 -0.19 -0.22 -0.22 0.013 0.013 0.052360591 0.054 0.054 0.054 -0.273 -0.273 -0.273 -0.273 -0.273 -0.087 -0.087 -0.087 -0.087 -0.087 -0.20899958 -0.209 -0.209 -0.209 -0.295 -0.295 -0.295 0.24 0.24 0.24 -0.359 -0.359 -0.063 -0.063 -0.088 -0.088 -0.088 0.063 0.063 0.063 0.063 0.069818229 0.146 0.146 0.146 0.229 0.289 0.289
-0.092 -0.092 -0.092136469 -0.19 -0.19 -0.19 -0.19 -0.32708969 -0.334 -0.33340425 0.012999996 0.053987353 0.054 0.054 0.053998869 -0.273 -0.273 -0.273 -0.273 -0.273 -0.22414775 -0.087 -0.087 -0.087 -0.087006591 -0.20899494 -0.209 -0.209 -0.209 -0.295 -0.295 -0.295 -0.29492118 0.24 -0.359 -0.359 -0.359 -0.35898763 -0.063001705 -0.088 -0.088 -0.088 0.062990833 0.063 0.063 0.063 0.1460004 0.146 0.146 0.146 0.289 0.289 0.289
-0.368 -0.36799952 -0.18995474 -0.19 -0.19 -0.19 -0.33396936 -0.334 -0.334 -0.334 -0.097000006 -0.097 -0.097 -0.097 -0.27218767 -0.273 -0.273 -0.273 -0.273 -0.23000003 -0.23 -0.23 -0.11899999 -0.119 -0.119 -0.119 -0.12676816 -0.209 -0.10000446 -0.1 -0.1 -0.1 -0.1 -0.092000001 -0.092 -0.092 -0.092 -0.092 0.187 0.187 0.187 0.187 0.187 0.18681308 0.187 0.187 0.187 0.146 0.146 0.146 0.28897747 0.289 0.289
-0.368 -0.368 -0.36636731 -0.17300003 -0.173 -0.17315696 -0.334 -0.334 -0.334 -0.334 -0.097 -0.097 -0.097 -0.097 -0.097 -0.273 -0.273 -0.273 -0.23000001 -0.23 -0.23 -0.23 -0.119 -0.119 -0.119 -0.119 -0.119 -0.11901903 -0.10004093 -0.1 -0.1 -0.1 -0.10001644 -0.12261269 -0.092031698 -0.092 -0.092 -0.092000001 0.187 0.187 0.187 0.187 0.187 0.187 0.187 0.187 0.187 0.1678276 0.146 -0.022103322 -0.024 0.042 0.042
-0.368 -0.368 -0.1730247 -0.173 -0.173 -0.173 -0.21389332 -0.334 -0.334 -0.334 -0.097 -0.097 -0.097 -0.097 -0.097 -0.27286606 -0.273 -0.23001261 -0.23 -0.23 -0.23 -0.23 -0.16012067 -0.119 -0.119 -0.119 -0.119 -0.11906174 -0.206 -0.206 -0.206 -0.206 -0.206 -0.146 -0.146 -0.146 -0.146 -0.146 0.098 0.098 0.098 0.098 0.098000001 0.18697314 0.18699999 0.187 0.18699814 0.18674525 -0.024 -0.024 -0.024 0.04199963 0.042
-0.36799984 -0.28367665 -0.17300002 -0.173 -0.173 -0.173 -0.173 -0.33393145 -0.334 -0.334 -0.097000001 -0.097 -0.097 -0.097 -0.25637955 -0.26 -0.26 -0.23000077 -0.23 -0.23 -0.23 -0.23 -0.22999999 -0.119 -0.119 -0.119 -0.119 -0.52099969 -0.52099985 -0.45396035 -0.206 -0.206 -0.206 -0.146 -0.146 -0.146 -0.146 -0.14602641 0.098 0.098 0.098 0.098 0.097989197 0.176 0.176 0.176 0.176 0.17598387 -0.024 -0.024 -0.024 -0.02399985 0.21836379
-0.282 -0.282 -0.26585675 -0.173 -0.173 -0.173 -0.173 -0.173 -0.33393097 -0.178 -0.178 -0.178 -0.17780777 -0.25999977 -0.26 -0.26 -0.26 -0.26 -0.23000006 -0.23051286 -0.235 -0.235 -0.235 -0.20607605 -0.12988495 -0.18812823 -0.23742611 -0.521 -0.521 -0.521 -0.521 -0.521 -0.50445167 -0.18377664 -0.185 -0.185 -0.185 -0.185 0.071512632 -0.042999747 -0.043 -0.043 -0.043 0.075000296 0.17599997 0.176 0.176 0.053 -0.023998767 -0.024 -0.024 0.221 0.221
-0.282 -0.282 -0.309 -0.309 -0.309 -0.1730453 -0.173 -0.173 -0.178 -0.178 -0.178 -0.178 -0.178 -0.26 -0.26 -0.26 -0.26 -0.26 -0.235 -0.235 -0.235 -0.235 -0.235 -0.255 -0.255 -0.255 -0.255 -0.521 -0.521 -0.521 -0.521 -0.521 -0.076 -0.076 -0.185 -0.185 -0.185 0.01596577 0.016 -0.043 -0.043 -0.043 -0.042999983 0.075 0.075 0.075 0.053 0.053 0.053 0.061 0.061 0.221 0.221
-0.282 -0.282 -0.309 -0.309 -0.309 -0.309 -0.3089994 -0.199 -0.17801977 -0.178 -0.178 -0.178 -0.178 -0.25897712 -0.26 -0.26 -0.26 -0.26 -0.235 -0.235 -0.235 -0.235 -0.235 -0.255 -0.255 -0.255 -0.255 -0.25500106 -0.521 -0.521 -0.521 -0.076023331 -0.076 -0.076 -0.076 -0.185 0.015999998 0.016 0.016 0.014447599 0.048887923 0.066 0.066 0.075 0.075 0.075 0.053 0.053 0.053 0.061 0.061 0.061 0.20197996
-0.366 -0.36599934 -0.309 -0.309 -0.309 -0.309 -0.199 -0.199 -0.199 -0.178 -0.178 -0.178 -0.178 -0.17802549 -0.26 -0.26 -0.26 -0.26 -0.23500041 -0.235 -0.235 -0.235 -0.2514748 -0.255 -0.255 -0.255 -0.255 -0.12600011 -0.126 -0.126 -0.51674396 -0.076 -0.076 -0.076 -0.075999952 -0.026000001 0.016 0.016 0.016 0.016 0.066 0.066 0.066 0.038 0.038 0.038 -0.046990261 0.053 0.053 0.061 0.061 0.061 0.20000067
