interpolatedSpi/03-12|20_1.tif
NCOLS 53
NROWS 52
XLLCORNER -116.03883
YLLCORNER 28.596182
DX 0.49850594
DY 0.49788537
NODATA_VALUE -9999
[rows 0 to 38 of 52, columns 0 to 52 of 53]
-0.166 -0.166 -0.19840854 -0.553 -0.222 -0.13 0.139 0.145 -0.20227011 -0.279 -0.205 0.044 -0.055987072 0.101 -0.152 -0.152 -0.152 0.11 0.209 0.209 0.209 0.208997 -0.102 0.181 0.181 0.181 0.4620001 0.462 0.462 0.281 0.281 0.281 0.281 -0.053999933 -0.054 -0.054 -0.054 -0.054 -0.054 -0.053999962 1.3449315 1.3597515 0.385 0.385 0.385 0.385 0.3847109 0.208 0.208 0.208 0.81999873 0.82 0.82
-0.1660084 -0.355 -0.21799958 -0.17726267 -0.077169711 0.084 0.081 -0.070844024 -0.332 -0.098 -0.03 -0.056 -0.056 0.17475325 0.10099866 -0.152 0.11 0.11 0.20887092 0.209 0.209 0.209 0.15689221 0.181 0.181 0.181 -0.14199998 -0.142 0.281 0.281 0.281 0.281 0.281 -0.053999951 -0.054 -0.054 -0.054 -0.054 -0.053999949 0.014946018 0.32400399 0.37759831 0.385 0.385 0.385 0.385 0.385 0.208 0.208 0.208 0.25874763 0.82 0.82
0.23998144 0.24 0.144 0.482 0.031 -0.162 0.039 -0.233 -0.132 -0.102 0.059 -0.311 -0.268 -0.098 0.175 0.236 0.11 0.11 0.11 0.123025 0.123 0.123 -0.277 0.181 0.181 0.181 -0.142 -0.142 -0.142 0.281 0.281 0.28099996 -0.13878086 -0.053055369 -0.047484495 0.63958557 0.646 0.646 0.60550089 0.324 0.324 0.324078 0.385 0.385 0.385 0.385 0.385 0.208 0.208 0.208 0.208 0.82 0.82
0.37 0.24 0.21997135 0.287 -0.015 -0.055 0.23 -0.4 -0.015 0.033961221 -0.014 -0.134 -0.266 -0.098 0.012 0.236 -0.26811332 -0.27173235 -0.312 0.123 0.123 -0.526 -0.277 -0.277 0.181 0.18099839 -0.142 -0.142 -0.142 -0.615 -0.60183173 -0.591 -0.591 -0.59099903 0.646 0.646 0.646 0.646 0.324 0.324 0.324 0.324 0.385 0.385 0.385 0.385 0.385 0.20800223 0.208 0.208 0.208 0.81994513 0.82
0.37 0.19000006 0.22 0.29277754 -0.015 0.145 -0.071970834 -0.038 -0.203 0.054999985 -0.092418925 -0.16396691 0.067 0.012 0.012 0.15389664 -0.272 -0.272 -0.312 -0.312 0.12299869 -0.526 -0.569 -0.223 -0.136 -0.1359972 -0.142 -0.142 -0.615 -0.615 -0.591 -0.591 -0.591 -0.51915361 0.646 0.646 0.646 0.324 0.324 0.324 0.324 0.32397365 0.385 0.385 0.385 0.385 0.385 0.38342448 0.208 0.20795211 -0.86 -0.86 -0.86
-0.753 0.112 0.54399999 0.322 0.285 0.352 0.175 0.1477299 0.149 -0.129 0.198 -0.195 -0.19499983 0.136 0.136 -0.19596644 -0.196 -0.211 -0.211 -0.31199992 -0.619 -0.619 -0.223 -0.136 -0.136 -0.124 -0.53 -0.53 -0.2640319 -0.615 -0.591 -0.591 -0.21 -0.21000522 -0.25999649 -0.479 -0.479 0.075573619 0.324 0.324 0.05134049 0.051000001 0.051000533 -0.56984154 -0.58689257 -0.58699974 -0.58699997 -0.58699964 -1.0645485 -0.86 -0.86 -0.86 -0.86
-0.24200108 0.121 -0.30375289 0.235 0.517 -0.072 0.131 0.143 -0.082 -0.082 0.198 -0.067 -0.0070000342 0.136 -0.056999422 -0.057 -0.196 -0.061 -0.219 -0.219 -0.60439079 -0.588 -0.588 -0.278 -0.124 -0.124 -0.53 -0.53 -0.26400111 -0.26402039 0.02803692 -0.21 -0.21 -0.26 -0.26 -0.59174049 -0.479 -0.479 -0.70099231 0.050998953 0.051 0.051 0.051001918 -0.58699907 -0.587 -0.587 -0.587 -0.58700033 -1.144 -0.86005628 -0.86 -0.86 -0.86
-0.242 -0.481 -0.058 -0.383 -0.56598951 -0.296 0.132 -0.25999999 -0.115 0.025 0.025 -0.139 -0.007 -0.007 -0.056656954 -0.21820398 -0.234 0.048 -0.37799984 -0.219 -0.63263963 -0.607 -0.767 -0.368 -0.36800266 -0.574 -0.64 -0.63999996 -0.28293342 -0.28299999 0.029 -0.22666677 -0.204 -0.26 -0.26613206 -0.686 -0.686 -0.701 -0.701 0.051 0.051 0.051000005 -0.41943045 -0.42100001 -0.587 -0.587 -0.587 -1.1439788 -1.144 -1.144 -0.86 -0.86 -0.86
-0.50239189 -0.48099999 -0.009 -0.18 -0.058 -0.286 -0.069 0.192 0.146 0.21936426 0.104 -0.105 -0.105 -0.197 -0.19699956 -0.40053456 -0.401 -0.401 -0.017029558 -0.81900002 -0.909 -0.909 -0.604 -0.70276438 -0.55324064 -0.574 -0.565 -0.64 -0.47397044 -0.473 -0.233 -0.051 -0.18950492 -0.598 -0.475 -0.545 -0.516 -0.665 -0.48908127 0.052040059 0.284 -0.234 -0.42096939 -0.421 -0.42193434 -0.587 -0.92399998 -1.144 -1.144 -1.144 -1.144 -0.8232703 -0.35
-0.622 -0.622 -0.264 -0.128 -0.196 -0.116 0.019 0.028 0.257 0.23801704 -0.014 0.143 -0.197 -0.197 -0.15 -0.15344258 -0.401 -0.40095326 -0.178 -0.819 -0.819 -0.83059501 -0.604 -0.6939983 -0.694 -0.694 -0.565 -0.331 -0.331 -0.473 -0.473 -0.051521569 -0.326 -0.598 -0.282 -0.545 -0.516 -0.756 -0.489 0.15538443 -0.23399998 -0.23363266 -0.233 -0.421 -0.421 -0.924 -0.924 -0.924 -1.144 -1.144 -0.565 -0.565 -0.56499992
-0.622 -0.622 -0.494 -0.431 -0.555 -0.048 -0.27 0.13885667 -0.024 -0.089 -0.021 -0.277 0.14244035 -0.15 -0.15 -0.15002365 -0.355 -0.34571021 -0.178 -0.457 -0.457 -0.577 -0.577 -0.694 -0.694 -0.694 -0.331 -0.331 -0.331 -0.714 -0.714 -0.71399936 -0.497 -0.497 -0.492 -0.691 -0.443 -0.46699852 -0.564 0.166 0.166 0.080998968 -0.233 -0.421 -0.37600011 -0.517 -0.42017922 -0.418 -0.49 -0.49 -0.565 -0.565 -0.565
-0.622 -0.56670315 -0.46711565 -0.57299532 -0.24 -0.549 -0.27 0.139 -0.023998639 -0.088279879 -0.27699976 -0.277 -0.036 -0.15 -0.15 -0.35499999 -0.355 -0.35498993 -0.178 -0.457 -0.48056556 -0.577 -0.577 -0.69399511 -0.694 -0.71931141 -0.771 -0.771 -0.77099994 -0.714 -0.714 -0.714 -0.714 -0.49699999 -0.492 -0.53700012 -0.41894699 -0.467 -0.467 0.166 0.081 0.081 0.080996646 -0.376 -0.376 -0.517 -0.418 -0.418 -0.49 -0.49 -0.565 -0.565 -0.565
-0.212 -0.083360615 -0.049014351 -0.052792761 -0.24000163 -0.5489927 -0.27000001 0.13396544 -0.012767633 -0.025697323 -0.036 -0.036 -0.036 -0.036 -0.14998385 -0.355 -0.355 -0.35271465 -0.178 -0.45697857 -0.389 -0.389 -0.389 -0.389 -0.68890669 -0.771 -0.771 -0.771 -0.771 -0.77095596 -0.714 -0.714 -0.714 -0.714 -0.537 -0.537 -0.537 -0.47017218 -0.46559553 -0.28 -0.28 0.080980583 -0.31100222 -0.37599374 -0.376 -0.517 -0.418 -0.418 -0.49 -0.49 -0.56472791 -0.565 -0.23724161
-0.212 -0.049 -0.049 -0.049 -0.049 -0.049000209 -0.27071412 -0.076497574 0.017199259 -0.035988725 -0.036 -0.036 -0.036 -0.036 -0.036000163 -0.355 -0.35499997 -0.34285901 -0.17800315 -0.389 -0.389 -0.389 -0.389 -0.389 -0.39338971 -0.73101626 -0.73200001 -0.732 -0.732 -0.732 -0.714 -0.714 -0.71400011 -0.804 -0.804 -0.537 -0.349367 -0.344 -0.28000004 -0.28 -0.28 -0.28 -0.311 -0.311 -0.311 -0.31243357 -0.31171674 -0.311 -0.311 -0.311 -0.311 0.28299983 0.283
-0.182 -0.049 -0.049 -0.049 -0.049 -0.049 -0.049000016 -0.2661379 -0.25654301 -0.258 -0.258 -0.258 -0.258 -0.258 -0.258 -0.25997109 -0.35347666 -0.33076277 -0.38897353 -0.389 -0.389 -0.389 -0.389 -0.38900009 -0.592 -0.592 -0.5920002 -0.732 -0.732 -0.73182379 -0.644 -0.644 -0.804 -0.804 -0.804 -0.41768695 -0.344 -0.344 -0.344 -0.28 -0.28 -0.28 -0.311 -0.311 -0.311 -0.311 -0.311 -0.311 -0.311 -0.311 -0.311 0.283 0.283
-0.182 -0.13248561 -0.049 -0.049 -0.049 -0.049 -0.49591227 -0.496 -0.49599999 -0.258 -0.258 -0.258 -0.258 -0.258 -0.25844121 -0.26 -0.26 -0.26 -0.46875608 -0.46899992 -0.469 -0.469 -0.469 -0.469 -0.592 -0.592 -0.592 -0.592 -0.732 -0.644 -0.644 -0.644 -0.80399999 -0.804 -0.804 -0.237 -0.34385833 -0.344 -0.344 -0.27999284 -0.26563981 -0.23214346 -0.311 -0.311 -0.17342588 -0.173 -0.173 -0.31060043 -0.068849175 -0.068000021 -0.068000046 0.0050420606 0.28299943
-0.182 -0.17032222 -0.11023157 -0.049 -0.049 -0.49573589 -0.496 -0.496 -0.496 -0.4942849 -0.258 -0.258 -0.258 -0.258 -0.26 -0.26 -0.26 -0.26 -0.4688133 -0.469 -0.469 -0.469 -0.469 -0.469 -0.592 -0.592 -0.592 -0.592 -0.59218914 -0.644 -0.644 -0.644 -0.39200001 -0.80393238 -0.237 -0.237 -0.237 -0.23778844 -0.23909266 -0.232 -0.232 -0.232 -0.227 -0.227 -0.173 -0.173 -0.173 -0.068000001 -0.068 -0.068 -0.068 0.005 0.005
-0.16995247 -0.17 -0.17 -0.17 -0.333 -0.4959958 -0.496 -0.496 -0.496 -0.496 -0.24876369 -0.25799841 -0.258 -0.26 -0.26 -0.26 -0.26 -0.26 -0.31104201 -0.469 -0.469 -0.469 -0.469 -0.469 -0.47776358 -0.39800105 -0.398 -0.398 -0.398 -0.64399999 -0.392 -0.392 -0.392 -0.392 -0.237 -0.23700187 -0.308 -0.308 -0.23294897 -0.232 -0.232 -0.232 -0.227 -0.227 -0.18136106 -0.173 -0.173 -0.068 -0.068 -0.068 -0.06721725 0.005 0.005
-0.17 -0.17 -0.17 -0.24675913 -0.333 -0.333 -0.496 -0.496 -0.496 -0.496 -0.136 -0.136 -0.136 -0.26 -0.26 -0.26 -0.26 -0.26006809 -0.809 -0.809 -0.46900014 -0.469 -0.47440477 -0.691 -0.68836225 -0.398 -0.398 -0.398 -0.398 -0.39200061 -0.392 -0.392 -0.392 -0.392 -0.30799975 -0.308 -0.308 -0.308 -0.30772609 -0.232 -0.232 -0.232 -0.227 -0.227 -0.227 -0.173 -0.173 -0.068000001 -0.068 -0.068 0.005 0.005 0.005
-0.17 -0.17 -0.17 -0.333 -0.333 -0.333 -0.33300025 -0.496 -0.496 -0.13637162 -0.136 -0.136 -0.136 -0.13607726 -0.59348203 -0.672 -0.672 -0.672 -0.809 -0.809 -0.809 -0.691 -0.691 -0.691 -0.69093865 -0.4368148 -0.398 -0.398 -0.398 -0.21731087 -0.17702115 -0.177 -0.177 -0.177 -0.2600761 -0.19300026 -0.193 -0.193 -0.193 -0.18500643 -0.185 -0.185 -0.227 -0.227 0.029998927 0.029999974 -0.044 -0.044 0.02 0.02 0.02 0.005 0.22780061
-0.1699998 -0.17 -0.17000001 -0.333 -0.333 -0.333 -0.333 -0.37300004 -0.4955082 -0.13607436 -0.136 -0.136 -0.136 -0.13705178 -0.672 -0.672 -0.672 -0.67200004 -0.809 -0.809 -0.809 -0.691 -0.691 -0.691 -0.472 -0.472 -0.44 -0.44 -0.44 -0.43856525 -0.177 -0.177 -0.177 -0.177 -0.18499563 -0.193 -0.193 -0.193 -0.193 -0.185 -0.185 -0.185 -0.17823528 0.03 0.03 0.03 -0.044 -0.044 0.02 0.02 0.02 0.22799999 0.228
-0.107 -0.14310465 -0.286 -0.28601364 -0.333 -0.37276856 -0.373 -0.373 -0.3576961 -0.218 -0.218 -0.218 -0.218 -0.71398385 -0.714 -0.67200003 -0.672 -0.67560975 -0.809 -0.809 -0.809 -0.714 -0.714 -0.714 -0.472 -0.472 -0.44 -0.44 -0.44 -0.43999976 -0.10700044 -0.1070002 -0.17524066 -0.17692496 -0.33481849 -0.335 -0.335 -0.335 -0.335 -0.185 -0.185 -0.185 0.018161284 0.03 0.03 0.029999961 -0.044 -0.044 -0.043997696 0.02 0.020008451 0.209 0.228
-0.38194778 -0.38199998 -0.286 -0.286 -0.286 -0.373 -0.373 -0.373 -0.331 -0.331 -0.218 -0.218 -0.218 -0.714 -0.714 -0.714 -0.714 -0.71401038 -0.809 -0.809 -0.809 -0.714 -0.714 -0.714 -0.472 -0.472 -0.44 -0.44 -0.44 -0.1107546 -0.107 -0.107 -0.107 -0.107 -0.3348875 -0.335 -0.335 -0.335 -0.335 -0.39999994 -0.4 -0.4 -0.4 0.029998327 -0.188 -0.188 -0.188 0.022 0.022 0.022 0.209 0.209 0.209
-0.382 -0.382 -0.286 -0.286 -0.286 -0.37254271 -0.373 -0.331 -0.331 -0.331 -0.21801391 -0.218 -0.60204862 -0.71399999 -0.714 -0.714 -0.714 -0.845 -0.845 -0.845 -0.769 -0.76899996 -0.71400027 -0.714 -0.71389411 -0.65 -0.65 -0.6499995 -0.44003394 -0.12699601 -0.12699989 -0.12699651 -0.10703418 -0.10701726 -0.29440566 -0.33500001 -0.33505362 -0.351 -0.351 -0.4 -0.4 -0.4 -0.4 -0.188 -0.188 -0.188 -0.188 0.022 0.022 0.022 0.209 0.209 0.209
-0.382 -0.382 -0.286 -0.286 -0.286 -0.286 -0.35728063 -0.331 -0.331 -0.331 -0.3311972 -0.688 -0.688 -0.688 -0.71384678 -0.714 -0.84412705 -0.845 -0.845 -0.845 -0.769 -0.769 -0.769 -0.769 -0.65 -0.65 -0.65 -0.65 -0.65 -0.127 -0.127 -0.127 -0.127 -0.12700036 -0.299 -0.351 -0.351 -0.351 -0.351 -0.35100036 -0.457 -0.457 -0.457 -0.3688128 -0.186 -0.186 -0.186 0.021999994 0.022000089 0.114 0.114 0.10602506 0.106
-0.382 -0.382 -0.32064926 -0.286 -0.286 -0.28600002 -0.97984656 -0.33304844 -0.331 -0.331 -0.68800004 -0.688 -0.688 -0.688 -0.688 -0.69015449 -0.845 -0.845 -0.845 -0.845 -0.76900059 -0.769 -0.769 -0.769 -0.65 -0.65 -0.65 -0.65 -0.65 -0.42332152 -0.127 -0.127 -0.127 -0.299 -0.299 -0.29904038 -0.351 -0.351 -0.30091271 -0.26200001 -0.457 -0.457 -0.457 -0.36941181 -0.186 -0.186 -0.186 -0.015 0.11239267 0.114 0.114 0.106 0.106
-0.752 -0.752 -0.752 -0.40283901 -0.28689715 -0.981 -0.981 -0.981 -0.981 -0.876 -0.876 -0.68800001 -0.688 -0.688 -0.688 -0.68800995 -0.845 -0.845 -0.845 -0.845 -0.80216393 -0.769 -0.769 -0.76350421 -0.56305213 -0.65 -0.65 -0.65 -0.528 -0.528 -0.528 -0.52799832 -0.299 -0.299 -0.299 -0.299 -0.262 -0.262 -0.262 -0.262 -0.395 -0.395 -0.395 -0.038007178 -0.038 -0.038 -0.038000047 -0.015 -0.015 0.11384282 0.114 0.10599873 0.106
-0.752 -0.752 -0.752 -0.7520077 -0.895 -0.90750581 -0.981 -0.981 -0.981 -0.876 -0.876 -0.876 -0.707 -0.707 -0.707 -0.707 -0.84482048 -0.845 -0.845 -0.845 -0.84383611 -0.55900058 -0.559 -0.559 -0.559 -0.559 -0.552 -0.552 -0.528 -0.528 -0.528 -0.528 -0.29900013 -0.299 -0.299 -0.29901507 -0.262 -0.262 -0.262 -0.26207019 -0.395 -0.395 -0.395 -0.038016555 -0.038 -0.038 -0.038 -0.015 -0.015 -0.015000018 -0.146 -0.146 -0.101
-0.752 -0.752 -0.752 -0.89499967 -0.895 -0.895 -0.98099997 -0.981 -0.981 -0.876 -0.876 -0.876 -0.707 -0.707 -0.707 -0.71004638 -0.747 -0.747 -0.74700025 -0.84444647 -0.559 -0.559 -0.559 -0.559 -0.559 -0.55899473 -0.552 -0.552 -0.552 -0.528 -0.528 -0.52799549 -0.484 -0.484 -0.484 -0.373 -0.373 -0.278 -0.278 -0.278 -0.079 -0.39490088 -0.39499716 -0.014 -0.014 -0.014909573 -0.037999898 -0.015 -0.015 -0.146 -0.146 -0.146 -0.101
-0.752 -0.752 -0.752 -0.895 -0.895 -0.895 -0.895 -0.981 -0.981 -0.876 -0.876 -0.71375756 -0.707 -0.707 -0.707 -0.747 -0.747 -0.747 -0.747 -0.747 -0.559 -0.559 -0.559 -0.559 -0.559 -0.55200002 -0.552 -0.552 -0.552 -0.521 -0.521 -0.521 -0.484 -0.484 -0.484 -0.373 -0.373 -0.278 -0.278 -0.079 -0.079 -0.079 -0.014 -0.014 -0.014 -0.014 -0.00028139522 0.153 0.153 0.153 -0.146 0.021 0.021
-0.752 -0.752 -0.75219913 -0.895 -0.895 -0.895 -0.895 -0.87405574 -0.873 -0.87300515 -0.87599999 -0.70700042 -0.707 -0.707 -0.70700014 -0.747 -0.747 -0.747 -0.747 -0.747 -0.40653434 -0.559 -0.559 -0.559 -0.55900391 -0.55200146 -0.552 -0.552 -0.552 -0.521 -0.521 -0.521 -0.52099387 -0.484 -0.373 -0.373 -0.373 -0.37299598 -0.27798643 -0.079 -0.079 -0.079 -0.014003946 -0.014 -0.014 -0.014 0.15299977 0.153 0.153 0.153 0.021000001 0.021 0.021
-0.625 -0.62500022 -0.89491526 -0.895 -0.895 -0.895 -0.87300468 -0.873 -0.873 -0.873 -0.712 -0.712 -0.712 -0.712 -0.74683846 -0.747 -0.747 -0.747 -0.747 -0.40000021 -0.4 -0.4 -0.578 -0.578 -0.578 -0.578 -0.57575587 -0.552 -0.42400524 -0.424 -0.424 -0.424 -0.424 -0.221 -0.221 -0.221 -0.221 -0.221 -0.182 -0.182 -0.182 -0.182 -0.182 0.13177992 0.132 0.132 0.132 0.153 0.153 0.153 0.021020796 0.021 0.021
-0.625 -0.625 -0.62505031 -0.63100053 -0.63100006 -0.63123609 -0.873 -0.873 -0.873 -0.873 -0.712 -0.712 -0.712 -0.712 -0.712 -0.747 -0.747 -0.747 -0.40000009 -0.4 -0.4 -0.4 -0.578 -0.578 -0.578 -0.578 -0.578 -0.57799434 -0.42386716 -0.424 -0.424 -0.424 -0.42394664 -0.029954153 -0.22080218 -0.221 -0.221 -0.221 -0.182 -0.182 -0.182 -0.182 -0.182 0.132 0.132 0.132 0.132 0.14182001 0.153 0.36955663 0.372 0.211 0.211
-0.625 -0.625 -0.63099924 -0.631 -0.631 -0.631 -0.69246698 -0.873 -0.873 -0.873 -0.712 -0.712 -0.712 -0.712 -0.712 -0.74697277 -0.747 -0.40010174 -0.4 -0.4 -0.4 -0.4 -0.51205875 -0.578 -0.578 -0.578 -0.578 -0.57764731 -0.08 -0.08 -0.08 -0.08 -0.08 0.116 0.116 0.116 0.116 0.116 -0.014 -0.014 -0.014 -0.014 -0.014000002 0.132293 0.13200006 0.132 0.13202034 0.13448212 0.372 0.372 0.372 0.2110009 0.211
-0.62499979 -0.51224204 -0.63099998 -0.631 -0.631 -0.631 -0.631 -0.87289696 -0.873 -0.873 -0.712 -0.712 -0.712 -0.712 -0.67973297 -0.679 -0.679 -0.40000718 -0.4 -0.4 -0.4 -0.4 -0.40000008 -0.578 -0.578 -0.578 -0.578 -0.10899999 -0.10899999 -0.1028281 -0.08 -0.08 -0.08 0.116 0.116 0.116 0.116 0.11606502 -0.014 -0.014 -0.014 -0.014 -0.013981766 0.252 0.252 0.252 0.252 0.25200968 0.372 0.372 0.372 0.37199995 0.29179235
-0.51 -0.51 -0.54925046 -0.631 -0.631 -0.631 -0.631 -0.631 -0.87289664 -0.802 -0.802 -0.802 -0.80178641 -0.67900005 -0.679 -0.679 -0.679 -0.679 -0.40000312 -0.42666885 -0.66 -0.66 -0.66 -0.63956613 -0.5859236 -0.62832129 -0.66377208 -0.109 -0.109 -0.109 -0.109 -0.109 -0.10706783 0.20925025 0.212 0.212 0.212 0.212 0.030709173 0.22399957 0.224 0.224 0.224 0.25000001 0.252 0.252 0.252 0.298 0.37199881 0.372 0.372 0.293 0.293
-0.51 -0.51 -0.624 -0.624 -0.624 -0.63099767 -0.631 -0.631 -0.802 -0.802 -0.802 -0.802 -0.802 -0.67900001 -0.679 -0.679 -0.679 -0.679 -0.66 -0.66 -0.66 -0.66 -0.66 -0.677 -0.677 -0.677 -0.677 -0.109 -0.109 -0.109 -0.109 -0.109 -0.033 -0.033 0.212 0.212 0.212 0.22299813 0.223 0.224 0.224 0.224 0.22400002 0.25 0.25 0.25 0.298 0.298 0.298 0.292 0.292 0.293 0.293
-0.51 -0.51 -0.624 -0.624 -0.624 -0.624 -0.62400044 -0.705 -0.80190867 -0.802 -0.802 -0.802 -0.802 -0.68053431 -0.679 -0.679 -0.679 -0.679 -0.66 -0.66 -0.66 -0.66 -0.66 -0.677 -0.677 -0.677 -0.677 -0.6769977 -0.109 -0.109 -0.109 -0.033003985 -0.033 -0.033 -0.033 0.212 0.223 0.223 0.223 0.22302631 0.35972436 0.385 0.385 0.25 0.25 0.25 0.298 0.298 0.298 0.292 0.292 0.292 0.24409132
-0.48 -0.48000024 -0.624 -0.624 -0.624 -0.624 -0.705 -0.705 -0.705 -0.802 -0.802 -0.802 -0.802 -0.80196176 -0.679 -0.679 -0.679 -0.679 -0.6600003 -0.66 -0.66 -0.66 -0.67400283 -0.677 -0.677 -0.677 -0.677 -0.58500008 -0.585 -0.58499999 -0.11410592 -0.033 -0.033 -0.033 -0.032999737 0.242 0.223 0.223 0.223 0.223 0.385 0.385 0.385 0.561 0.561 0.561 0.40198987 0.298 0.298 0.292 0.292 0.292 0.23899965
