interpolatedSpi/03-10|23_3.tif
NCOLS 53
NROWS 52
XLLCORNER -116.03883
YLLCORNER 28.596182
DX 0.49850594
DY 0.49788537
NODATA_VALUE -9999
[rows 0 to 34 of 52, columns 0 to 52 of 53]
0.09125 0.09125 -0.1659797 -0.0825 0.0675 0.09625 -0.05375 0.185 -0.86640598 -0.67375 -0.37375 -0.5375 -0.96247396 -0.64625 -0.5175 -0.5175 -0.5175 -0.8325 -0.71125 -0.71125 -0.71125 -0.71124646 -0.34375001 -1.03875 -1.03875 -1.03875 -1.0587503 -1.05875 -1.05875 -1.58875 -1.58875 -1.58875 -1.58875 -1.8787499 -1.87875 -1.87875 -1.87875 -1.87875 -1.87875 -1.8787499 0.33614304 0.35964196 -1.045 -1.045 -1.045 -1.045 -1.0444079 -0.6825 -0.6825 -0.6825 -0.026251363 -0.02625 -0.02625
0.091220731 -0.5675 -0.12250017 -0.14174598 -0.075050968 -0.34625 -0.44125 -0.59713877 -0.8425 -0.81375 -0.61375 -0.9625 -0.9625 -0.99882043 -0.64625314 -0.5175 -0.8325 -0.8325 -0.71140809 -0.71125 -0.71125 -0.71125 -1.0561202 -1.03875 -1.03875 -1.03875 -0.79125002 -0.79125 -1.58875 -1.58875 -1.58875 -1.58875 -1.58875 -1.87875 -1.87875 -1.87875 -1.87875 -1.87875 -1.8787499 -1.6514738 -0.46510269 -0.97462212 -1.045 -1.045 -1.045 -1.045 -1.045 -0.6825 -0.6825 -0.6825 -0.62808312 -0.02625 -0.02625
0.50247548 0.5025 -0.27125 -0.23375 -0.42875 0.24375 -0.375 0.2125 -0.88125 -1.02125 -0.98875 -0.7125 -1.20125 -1.23125 -1 -1.60875 -0.8325 -0.8325 -0.8325 -0.55879433 -0.55875 -0.55875 -1.36875 -1.03875 -1.03875 -1.03875 -0.79125 -0.79125 -0.79125 -1.58875 -1.58875 -1.58875 -1.552645 -1.8769825 -1.8719785 -1.1579164 -1.15125 -1.15125 -1.0649378 -0.465 -0.465 -0.46574168 -1.045 -1.045 -1.045 -1.045 -1.045 -0.6825 -0.6825 -0.6825 -0.6825 -0.02625 -0.02625
0.63125 0.50249984 -0.30768172 -0.22 -1.11875 -0.71625 -0.5375 -0.93125 -0.56625 -0.99273206 -1.17625 -1.31125 -1.1675 -1.23125 -1.44875 -1.60875 -1.1485481 -1.144781 -0.90125 -0.55875 -0.55875 -1.1025 -1.36875 -1.36875 -1.03875 -1.0387488 -0.79125 -0.79125 -0.79125 -1.31375 -1.4234855 -1.51375 -1.51375 -1.5137497 -1.15125 -1.15125 -1.15125 -1.15125 -0.465 -0.465 -0.465 -0.46500002 -1.045 -1.045 -1.045 -1.045 -1.045 -0.68250457 -0.6825 -0.6825 -0.6825 -0.026310591 -0.026250001
0.63125 -0.12875033 -0.3075 -0.98634131 -1.11875 -1.29875 -1.3225299 -1.8075 -1.92875 -1.2900003 -1.4304711 -1.4886444 -0.75125 -1.44875 -1.44875 -1.5485196 -1.145 -1.145 -0.90125 -0.90125 -0.55875107 -1.1025 -0.885 -0.24125 -0.75 -0.74997165 -0.79125 -0.79125 -1.31375 -1.31375 -1.51375 -1.51375 -1.51375 -1.4444493 -1.15125 -1.15125 -1.15125 -0.465 -0.465 -0.465 -0.465 -0.46507541 -1.045 -1.045 -1.045 -1.045 -1.045 -1.0417733 -0.6825 -0.68255375 -1.88125 -1.88125 -1.88125
-1.26625 -0.725 -0.70499998 -0.66875 -0.74625 -1.3875 -1.7825 -1.7857007 -1.58125 -1.94625 -2.00375 -1.5775 -1.5774995 -1.675 -1.675 -0.8499161 -0.85 -1.2275 -1.2275 -0.90124981 -1 -1 -0.24125 -0.75 -0.75 -0.62875 -1.29 -1.29 -1.0512747 -1.31375 -1.51375 -1.51375 -1.14625 -1.1462295 -0.95001406 -0.94 -0.94 -0.61195209 -0.465 -0.465 -1.2452756 -1.24625 -1.2462485 -1.1972638 -1.1999829 -1.2 -1.2 -1.1999999 -1.8141835 -1.88125 -1.88125 -1.88125 -1.88125
-0.12125463 -0.495 -0.3175551 -0.8 -0.92875 -1.64625 -1.3525 -1.62125 -2.03375 -2.03375 -2.00375 -1.94125 -1.7324999 -1.675 -0.50250351 -0.5025 -0.85 -0.28875 -0.68875 -0.68875 -0.78675264 -0.5475 -0.5475 -0.68125 -0.62875 -0.62875 -1.29 -1.29 -1.051286 -1.0519125 -0.86249369 -1.14625 -1.14625 -0.95 -0.95 -1.1292624 -0.94 -0.94 -1.2924878 -1.2462501 -1.24625 -1.24625 -1.2462423 -1.2000008 -1.2 -1.2 -1.2 -1.2000004 -1.8425 -1.8812423 -1.88125 -1.88125 -1.88125
-0.12125 -0.94375 -0.41125 -1.29625 -0.74378167 -1.485 -2.0125 -2.02625 -1.7275 -2.00125 -2.00125 -1.3225 -1.7325 -1.7325 -0.51093894 -0.73929681 -0.7625 -0.365 -0.63875005 -0.68875 -0.59412258 -0.52875 -1.055 -0.24 -0.2400124 -1.20125 -0.855 -0.85500015 -1.6665862 -1.66875 -0.86 -1.1266969 -1.0075 -0.95 -0.95877027 -1.2875 -1.2875 -1.2925 -1.2925 -1.24625 -1.24625 -1.24625 -1.3367581 -1.34 -1.2 -1.2 -1.2 -1.8424755 -1.8425 -1.8425 -1.88125 -1.88125 -1.88125
-0.99191968 -0.94374999 -0.06625 -1.22375 -0.895 -1.76125 -1.28625 -0.93 -1.75125 -1.0804056 -0.6675 -1.4625 -1.4625 -0.81875 -0.81875005 -0.87967252 -0.88 -0.88 -0.40678836 -1.3275 -1.29875 -1.29875 -1.305 -1.1535209 -1.1043814 -1.20125 -0.9975 -0.855 -0.9817591 -0.9825 -1.16 -1.24625 -1.0397517 -1.515 -1.2575 -1.5225 -1.3825 -1.0225 -0.87881638 -1.2435662 -0.645 -0.8325 -1.3399084 -1.34 -1.339212 -1.2 -1.53125 -1.8425 -1.8425 -1.8425 -1.8425 -1.7458482 -0.13125
-1.26125 -1.26125 -0.05125 -0.39625 -1.20125 -0.77375 -1.05 -1.6575 -1.15 -0.91004075 -1.37625 -0.46125 -0.81875 -0.81875 -0.82375 -0.82452149 -0.88 -0.8798958 -0.39375 -1.3275 -1.3275 -1.323796 -1.305 -1.1525029 -1.1525 -1.1525 -0.9975 -0.67 -0.67 -0.9825 -0.9825 -1.2454724 -0.83625 -1.515 -1.1425 -1.5225 -1.3825 -1.64875 -0.87875 -0.53811167 -0.83249999 -0.81229633 -0.7775 -1.34 -1.34 -1.53125 -1.53125 -1.53125 -1.8425 -1.8425 -0.79375 -0.79375 -0.79374975
-1.26125 -1.26125 -0.685 -1.11875 -1.06125 -0.4175 -1.4725 -0.71865289 -0.61625 -0.70875 -0.57125 -0.2775 -0.4610059 -0.82375 -0.82375 -0.82373327 -0.67875 -0.66379186 -0.39375 -0.33375 -0.33375 -0.43375 -0.43375 -1.1525 -1.1525 -1.1525 -0.67 -0.67 -0.67 -0.9825 -0.9825 -0.98249976 -1.105 -1.105 -1.76 -1.37625 -0.87625 -0.9925058 -0.90375 -0.5325 -0.5325 -1.0037493 -0.7775 -1.34 -0.52000031 -0.7225 -0.69237845 -0.68875 -0.86125 -0.86125 -0.79375 -0.79375 -0.79375
-1.26125 -1.0125284 -0.8700966 -1.1374858 -0.5825 -0.87375 -1.4725 -0.7175 -0.61625085 -0.70772521 -0.27750056 -0.2775 -0.1075 -0.82375 -0.82375 -0.67875 -0.67875 -0.67873378 -0.39375 -0.33375 -0.35338797 -0.43375 -0.43375 -1.1524706 -1.1525 -0.9302034 -0.47625 -0.47625 -0.47625002 -0.9825 -0.9825 -0.4575 -0.4575 -1.1050018 -1.76 -0.76500047 -1.0041321 -0.9925 -0.9925 -0.53250002 -1.00375 -1.00375 -1.0037465 -0.52 -0.52 -0.7225 -0.68875 -0.68875 -0.86125 -0.86125 -0.79375 -0.79375 -0.79375
-0.57875 -0.5718632 -0.55627045 -0.56045316 -0.58250162 -0.87374312 -1.4725 -0.72679361 -0.62322716 -0.61866542 -0.1075 -0.1075 -0.1075 -0.1075 -0.82364854 -0.67875 -0.67875 -0.6750702 -0.39375 -0.33362418 0.1025 0.1025 0.1025 0.1025 -1.1307021 -0.47625 -0.47625 -0.47625 -0.47625 -0.47641047 -0.4575 -0.4575 -0.4575 -0.4575 -0.765 -0.765 -0.765 -0.98232545 -0.991073 -0.8025 -0.8025 -1.0037392 -0.74874217 -0.52002203 -0.52 -0.7225 -0.68875 -0.68875 -0.86125 -0.86125 -0.79399488 -0.79375 -1.0124363
-0.57875 -0.55625 -0.55625 -0.55625 -0.55625 -0.55625013 -1.4709672 -1.1152489 -0.6418416 -0.10805011 -0.1075 -0.1075 -0.1075 -0.1075 -0.10749952 -0.67875 -0.67874995 -0.65920095 -0.39375236 0.1025 0.1025 0.1025 0.1025 0.1025 0.11149572 -0.095061108 0.011249899 0.01125 0.01125 0.01125 -0.45749998 -0.4575 -0.45749915 0.2525 0.2525 -0.765 -0.11484678 -0.09625 -0.80249959 -0.8025 -0.8025 -0.8025 -0.74875 -0.74875 -0.74875 -0.74856732 -0.26403848 -0.26125 -0.26125 -0.26125 -0.26125001 -0.62375004 -0.62375
-0.785 -0.55625 -0.55625 -0.55625 -0.55625 -0.55625 -0.55625006 -0.72786568 0.55733169 0.56375 0.56375 0.56375 0.56375 0.56375 0.56374999 0.83915169 -0.65454348 -0.63972362 0.10243751 0.1025 0.1025 0.1025 0.1025 0.10250053 0.51875 0.51875 0.51874929 0.01125 0.01125 0.012679243 0.725 0.725 0.2525 0.2525 0.2525 -0.040383785 -0.09625 -0.09625 -0.09625 -0.8025 -0.8025 -0.8025 -0.74875 -0.74875 -0.74875 -0.74875 -0.26125 -0.26125 -0.26125 -0.26125 -0.26125 -0.62375 -0.62375
-0.785 -0.69983897 -0.55625 -0.55625 -0.55625 -0.55625 0.68725589 0.6875 0.6875 0.56375 0.56375 0.56375 0.56375 0.56375 0.62579572 0.845 0.845 0.845 0.55985361 0.56124953 0.56125 0.56125 0.56125 0.56125 0.51875 0.51875 0.51875 0.51875 0.01125 0.725 0.725 0.725 0.25250004 0.2525 0.2525 0.48875 -0.095475442 -0.09625 -0.09625 -0.80245964 -0.72247184 -0.5357995 -0.74875 -0.74875 -0.47584481 -0.475 -0.475 -0.2613065 -0.29488206 -0.295 -0.29499999 -0.15382118 -0.62374904
-0.785 0.11029147 -0.20644568 -0.55625 -0.55625 0.68676513 0.6875 0.6875 0.6875 0.68660822 0.56375 0.56375 0.56375 0.56375003 0.845 0.845 0.845 0.845 0.56150347 0.56125 0.56125 0.56125 0.56125 0.56125 0.51875 0.51875 0.51875 0.51875 0.5195002 0.725 0.725 0.725 0.83125 0.252538 0.48875 0.48875 0.48875 0.48764842 -0.50719511 -0.535 -0.535 -0.535 -0.76 -0.76 -0.475 -0.475 -0.475 -0.295 -0.295 -0.295 -0.295 -0.15375 -0.15375
0.1345415 0.135 0.135 0.13500001 0.94 0.68750651 0.6875 0.6875 0.6875 0.6875 0.56005927 0.56374936 0.56375 0.845 0.845 0.845 0.845 0.845 0.83246152 0.56125 0.56125 0.56125 0.56125 0.56125 0.63588524 0.78874854 0.78875 0.78875 0.78875 0.72500001 0.83125 0.83125 0.83125 0.83125 0.48875 0.48874747 0.3925 0.3925 -0.52341878 -0.535 -0.535 -0.535 -0.76 -0.76 -0.51912781 -0.475 -0.475 -0.295 -0.295 -0.295 -0.29348543 -0.15375 -0.15375
0.135 0.135 0.135 0.51408651 0.94 0.94 0.6875 0.6875 0.6875 0.6875 0.515 0.515 0.515 0.845 0.845 0.845 0.845 0.84503945 0.99875 0.99875 0.56125018 0.56125 0.56535835 0.73 0.7305289 0.78875 0.78875 0.78875 0.78875 0.83124567 0.83125 0.83125 0.83125 0.83125 0.39250034 0.3925 0.3925 0.3925 0.3892095 -0.535 -0.535 -0.535 -0.76 -0.76 -0.76 -0.475 -0.475 -0.295 -0.295 -0.295 -0.15375 -0.15375 -0.15375
0.135 0.135 0.135 0.94 0.94 0.94 0.93999961 0.6875 0.6875 0.51517807 0.515 0.515 0.515 0.51520561 1.0382496 1.08375 1.08375 1.08375 0.99875 0.99875 0.99875 0.73 0.73 0.73 0.7300056 0.76842468 0.78875 0.78875 0.78875 0.51313989 0.44128836 0.44125 0.44125 0.44125 0.18754475 -0.10124888 -0.10125 -0.10125 -0.10125 -0.46875906 -0.46875 -0.46875 -0.76 -0.76 -0.33750176 -0.33749998 -0.29 -0.29 -0.08875 -0.08875 -0.08875 -0.15375 -0.19746088
0.13500114 0.135 0.13500003 0.94 0.94 0.94 0.94 0.51750005 0.68682027 0.51506801 0.515 0.515 0.515 0.51611604 1.08375 1.08375 1.08375 1.08375 0.99875 0.99875 0.99875 0.73 0.73 0.73 0.75 0.75 0.87125 0.87125 0.87125 0.86890421 0.44125 0.44125 0.44125 0.44125 0.17014893 -0.10125 -0.10125 -0.10125 -0.10125 -0.46875 -0.46875 -0.46875 -0.46462037 -0.3375 -0.3375 -0.3375 -0.29 -0.29 -0.08875 -0.08875 -0.08875 -0.1975 -0.1975
0.50375 0.33533728 0.35875 0.35891863 0.94 0.51994457 0.5175 0.5175 0.63774495 0.59000001 0.59 0.59 0.59 1.2149797 1.215 1.0837501 1.08375 1.0815104 0.99875 0.99875 0.99875 0.68875 0.68875 0.68875 0.75 0.75 0.87125 0.87125 0.87125 0.87124982 0.62624882 0.62624948 0.4458997 0.44144833 -0.21050428 -0.21125 -0.21125 -0.21125 -0.21125 -0.46875 -0.46875 -0.46875 -0.34472685 -0.3375 -0.3375 -0.33750006 -0.29 -0.29 -0.28999276 -0.08875 -0.088772302 -0.5875 -0.1975
0.55249074 0.55249997 0.35875 0.35875 0.35875 0.5175 0.5175 0.5175 0.8475 0.8475 0.59 0.59 0.59 1.215 1.215 1.215 1.215 1.2149755 0.99875 0.99875 0.99874999 0.68875 0.68875 0.68875 0.75 0.75 0.87125 0.87125 0.87125 0.62901239 0.62625 0.62625 0.62625 0.62625 -0.21083674 -0.21125 -0.21125 -0.21125 -0.21125 -0.19375007 -0.19375 -0.19375 -0.19375 -0.33750269 -0.68875 -0.68875 -0.68875 -0.91125 -0.91125 -0.91125 -0.5875 -0.5875 -0.5875
0.5525 0.5525 0.35875 0.35875 0.35875 0.51666558 0.5175 0.8475 0.8475 0.8475 0.5900317 0.59 0.763639 1.2149999 1.215 1.215 1.215 0.75375 0.75375 0.75375 0.67625 0.67625001 0.68874994 0.68875 0.68881537 0.77 0.77 0.77000024 0.87123364 0.42878936 0.42875105 0.42878448 0.62591245 0.62607956 -0.062217658 -0.21125005 -0.21168566 -0.34125 -0.34125 -0.19375 -0.19375 -0.19375 -0.19375 -0.68875 -0.68875 -0.68875 -0.68875 -0.91125 -0.91125 -0.91125 -0.5875 -0.5875 -0.5875
0.5525 0.5525 0.35875 0.35875 0.35875 0.35875 0.64100936 0.8475 0.8475 0.8475 0.84747514 0.8025 0.8025 0.8025 1.212569 1.215 0.75682366 0.75375 0.75375 0.75375 0.67625 0.67625 0.67625 0.67625 0.77 0.77 0.77 0.77 0.77 0.42875 0.42875 0.42875 0.42875 0.42874867 -0.20375 -0.34125 -0.34125 -0.34125 -0.34125 -0.34125085 -0.635 -0.635 -0.635 -0.65737212 -0.70375 -0.70375 -0.70375 -0.91124999 -0.91125017 -1.0875 -1.0875 -0.36255474 -0.3625
0.5525 0.5525 0.42868014 0.35875 0.35875 0.35875001 0.73395185 0.84714152 0.8475 0.8475 0.80249998 0.8025 0.8025 0.8025 0.8025 0.83630404 0.75375 0.75375 0.75375 0.75375 0.6762506 0.67625 0.67625 0.67625 0.77 0.77 0.77 0.77 0.77 0.23569764 0.42875 0.42875 0.42875 -0.20375 -0.20375 -0.20385677 -0.34125 -0.34125 -0.61841842 -0.83374996 -0.635 -0.635 -0.635 -0.65744067 -0.70375 -0.70375 -0.70375 -0.72125 -1.0829366 -1.0875 -1.0875 -0.3625 -0.3625
0.78625 0.78625 0.78625 0.465936 0.3591203 0.73375 0.73375 0.73375 0.73375 0.69 0.69 0.80249999 0.8025 0.8025 0.8025 0.80249687 0.75375 0.75375 0.75375 0.75375 0.71006849 0.67625 0.67625 0.68413384 0.96826026 0.77 0.77 0.77 0.1675 0.1675 0.1675 0.1675011 -0.20375 -0.20375 -0.20375 -0.20375 -0.83375 -0.83375 -0.83375 -0.83375 -0.56 -0.56 -0.56 -0.8037451 -0.80375 -0.80375 -0.80374997 -0.72125 -0.72125 -1.0870537 -1.0875 -0.36250061 -0.3625
0.78625 0.78625 0.78625 0.78624044 0.60875 0.62692705 0.73375 0.73375 0.73375 0.69 0.69 0.69 -0.08624996 -0.08625 -0.08625 -0.086249986 0.7522044 0.75375 0.75375 0.75375 0.75259127 0.97749917 0.9775 0.9775 0.9775 0.97749998 0.3375 0.3375 0.1675 0.1675 0.1675 0.1675 -0.20374996 -0.20375 -0.20375 -0.20374593 -0.83375 -0.83375 -0.83375 -0.833251 -0.56 -0.56 -0.56 -0.8037387 -0.80375 -0.80375 -0.80375 -0.72125 -0.72125 -0.72124997 -0.48375 -0.48375 -0.3475
0.78625 0.78625 0.78625 0.60875041 0.60875 0.60875 0.73374995 0.73375 0.73375 0.69 0.69 0.69 -0.08625 -0.08625 -0.08625 -0.086535598 -0.09 -0.09 -0.08999782 0.74898428 0.9775 0.9775 0.9775 0.9775 0.9775 0.97701837 0.3375 0.3375 0.3375 0.1675 0.1675 0.16746782 -0.15375 -0.15375 -0.15375 -0.655 -0.655 -0.72 -0.72 -0.72 -0.53875 -0.55999333 -0.55999973 -0.52375 -0.52375 -0.53436168 -0.80374912 -0.72125 -0.72125 -0.48375 -0.48375 -0.48375 -0.3475
0.78625 0.78625 0.78625 0.60875 0.60875 0.60875 0.60875 0.73375 0.73375 0.69 0.69 -0.055211196 -0.08625 -0.08625 -0.08625 -0.09 -0.09 -0.09 -0.09 -0.09 0.9775 0.9775 0.9775 0.9775 0.9775 0.33750218 0.3375 0.3375 0.3375 0.1175 0.1175 0.1175 -0.15375 -0.15375 -0.15375 -0.655 -0.655 -0.72 -0.72 -0.53875 -0.53875 -0.53875 -0.52375 -0.52375 -0.52375 -0.52375 -0.52385268 -0.525 -0.525 -0.525 -0.48375 -0.3975 -0.3975
0.78625 0.78625 0.78600282 0.60875 0.60875 0.60875 0.60875 0.53377907 0.53 0.5302747 0.68999997 -0.086238795 -0.08625 -0.08625 -0.086250013 -0.09 -0.09 -0.09 -0.09 -0.09 -0.34357599 0.9775 0.9775 0.9775 0.97740912 0.33751118 0.3375 0.3375 0.3375 0.1175 0.1175 0.1175 0.11746004 -0.15375 -0.655 -0.655 -0.655 -0.65500268 -0.71998764 -0.53875 -0.53875 -0.53875 -0.52375091 -0.52375 -0.52375 -0.52375 -0.52500298 -0.525 -0.525 -0.525 -0.3975 -0.3975 -0.3975
0.97875 0.97874966 0.60885642 0.60875 0.60875 0.60875 0.53001676 0.53 0.53 0.53 0.047500012 0.0475 0.0475 0.0475 -0.089365405 -0.09 -0.09 -0.09 -0.09 -0.39999982 -0.4 -0.4 0.53625007 0.53625 0.53625 0.53625 0.51909532 0.3375 0.018763055 0.01875 0.01875 0.01875 0.01875 -0.6575 -0.6575 -0.6575 -0.6575 -0.6575 -0.805 -0.805 -0.805 -0.805 -0.805 -0.82204966 -0.8225 -0.8225 -0.8225 -0.525 -0.525 -0.525 -0.39752009 -0.3975 -0.3975
0.97875 0.97875 0.97690795 0.7587497 0.75874997 0.7585269 0.53 0.53 0.53 0.53 0.0475 0.0475 0.0475 0.0475 0.0475 -0.09 -0.09 -0.09 -0.39999992 -0.4 -0.4 -0.4 0.53625 0.53625 0.53625 0.53625 0.53625 0.53620744 0.018950803 0.018750002 0.01875 0.01875 0.018830667 -0.43286523 -0.6572674 -0.6575 -0.6575 -0.65749999 -0.805 -0.805 -0.805 -0.805 -0.805 -0.8225 -0.8225 -0.8225 -0.8225 -0.68338319 -0.525 0.043584765 0.05 0.10375 0.10375
0.97875 0.97875 0.75877787 0.75875 0.75875 0.75875 0.70064846 0.53 0.53 0.53 0.0475 0.0475 0.0475 0.0475 0.0475 -0.089899195 -0.09 -0.39990911 -0.4 -0.4 -0.4 -0.4 0.18941012 0.53625 0.53625 0.53625 0.53625 0.53625188 0.53875 0.53875 0.53875 0.53875 0.53875 -0.26125 -0.26125 -0.26125 -0.26125 -0.26125 -0.9225 -0.9225 -0.9225 -0.9225 -0.9225 -0.82034523 -0.82249955 -0.8225 -0.82235041 -0.80437463 0.05 0.05 0.05 0.1037497 0.10375
0.97874939 0.65273241 0.75874998 0.75875 0.75875 0.75875 0.75875 0.5300974 0.53 0.53 0.047500001 0.0475 0.0475 0.0475 -0.49028375 -0.5025 -0.5025 -0.40000264 -0.4 -0.4 -0.4 -0.4 -0.39999992 0.53625 0.53625 0.53625 0.53625 0.83874971 0.83874986 0.77490271 0.53875 0.53875 0.53875 -0.26125 -0.26125 -0.26125 -0.26125 -0.26103327 -0.9225 -0.9225 -0.9225 -0.9225 -0.92244014 0.06 0.06 0.06 0.06 0.059999194 0.05 0.05 0.05 0.050000077 0.17518226
