interpolatedSpi/03-11|19_1.tif
NCOLS 53
NROWS 52
XLLCORNER -116.03883
YLLCORNER 28.596182
DX 0.49850594
DY 0.49788537
NODATA_VALUE -9999
0.18 0.18 0.08086752 -0.065 -0.007 -0.117 -0.046 -0.183 -0.32046725 -0.303 -0.236 -0.048 -0.34699555 -0.293 -0.415 -0.415 -0.415 -0.034 -0.123 -0.123 -0.123 -0.12300494 -0.636 -0.189 -0.189 -0.189 -0.510999 -0.511 -0.511 -0.472 -0.472 -0.472 -0.472 -0.39400002 -0.394 -0.394 -0.394 -0.394 -0.394 -0.39399999 -0.024974459 -0.021054481 -0.235 -0.235 -0.235 -0.235 -0.23585587 -0.759 -0.759 -0.759 0.077998262 0.078 0.078 
0.17999973 0.174 0.083000457 0.10545365 0.14582478 0.151 0.349 -0.18087656 -0.475 -0.34 -0.169 -0.347 -0.347 0.094702891 -0.29299638 -0.415 -0.034 -0.034 -0.12288396 -0.123 -0.123 -0.123 -0.19931687 -0.189 -0.189 -0.189 -0.155 -0.155 -0.472 -0.472 -0.472 -0.472 -0.472 -0.39400001 -0.394 -0.394 -0.394 -0.394 -0.39399995 -0.28361194 0.25297752 -0.17578505 -0.235 -0.235 -0.235 -0.235 -0.235 -0.759 -0.759 -0.759 -0.68959516 0.078 0.078 
0.250996 0.251 0.479 0.518 0.089 -0.036 0.106 0.143 -0.186 -0.191 -0.118 -0.29 -0.055 -0.216 0.096 -0.517 -0.034 -0.034 -0.034 -0.13199738 -0.132 -0.132 -0.385 -0.189 -0.189 -0.189 -0.155 -0.155 -0.155 -0.472 -0.472 -0.47200001 -0.53602621 -0.39272433 -0.38723318 0.32633816 0.333 0.333 0.32293811 0.253 0.253 0.25237597 -0.235 -0.235 -0.235 -0.235 -0.235 -0.759 -0.759 -0.759 -0.759 0.078 0.078 
0.502 0.25099992 -0.14302328 0.355 -0.1 0.108 0.022 -0.3 -0.211 -0.041345777 -0.245 -0.472 -0.15 -0.216 -0.177 -0.517 -0.25501985 -0.25284656 -0.372 -0.132 -0.132 -0.429 -0.385 -0.385 -0.189 -0.18899983 -0.155 -0.155 -0.155 -0.579 -0.59326562 -0.605 -0.605 -0.60499926 0.333 0.333 0.333 0.333 0.253 0.253 0.253 0.25299998 -0.235 -0.235 -0.235 -0.235 -0.235 -0.75899339 -0.759 -0.759 -0.759 0.077988306 0.078 
0.502 0.27499923 -0.143 -0.31840567 -0.1 -0.211 -0.2719928 -0.291 -0.236 -0.24500012 -0.31837728 -0.35298439 -0.244 -0.177 -0.177 -0.4003456 -0.253 -0.253 -0.372 -0.372 -0.13200059 -0.429 -0.413 -0.282 -0.115 -0.11497732 -0.155 -0.155 -0.579 -0.579 -0.605 -0.605 -0.605 -0.54031943 0.333 0.333 0.333 0.253 0.253 0.253 0.253 0.25298011 -0.235 -0.235 -0.235 -0.235 -0.235 -0.23966425 -0.759 -0.75897852 -0.28 -0.28 -0.28 
-1.052 0.198 0.45300001 -0.152 0.09 0.032 -0.277 -0.2787924 -0.376 -0.294 -0.419 -0.377 -0.37699991 -0.695 -0.695 -0.22893554 -0.229 -0.132 -0.132 -0.37199974 -0.405 -0.405 -0.282 -0.115 -0.115 -0.018 -0.615 -0.615 -0.34902077 -0.579 -0.605 -0.605 -0.262 -0.26202205 -0.47298487 -0.451 -0.451 0.035201529 0.253 0.253 0.047256926 0.047000001 0.04700084 0.071492346 0.076965518 0.076999917 0.076999989 0.076999884 0.07540095 -0.28 -0.28 -0.28 -0.28 
-0.3290047 0.269 0.082063036 0.236 0.444 -0.271 -0.201 -0.283 -0.492 -0.492 -0.419 -0.302 -0.40899993 -0.695 0.037997804 0.038 -0.229 -0.008 -0.077 -0.077 -0.34090797 -0.269 -0.269 0.050999998 -0.018 -0.018 -0.615 -0.615 -0.3489951 -0.34890987 -0.13041716 -0.262 -0.262 -0.473 -0.473 -0.23423326 -0.451 -0.451 -0.44700014 0.046999312 0.047 0.047 0.0470054 0.07700218 0.077 0.077 0.077 0.077000053 0.165 -0.27991181 -0.28 -0.28 -0.28 
-0.329 -0.541 0.299 -0.192 0.070984923 -0.322 -0.393 -0.327 -0.535 -0.23 -0.23 -0.14 -0.409 -0.409 0.034933166 -0.07311235 -0.084 0.036 -0.29199978 -0.077 -0.031932578 -0.013 -0.098 -0.138 -0.13800009 -0.145 -0.104 -0.10400018 -0.26529435 -0.265 -0.13 -0.038620265 -0.252 -0.473 -0.45722778 -0.053 -0.053 -0.447 -0.447 0.047 0.047 0.047000007 0.46740045 0.46799998 0.077 0.077 0.077 0.16499665 0.165 0.165 -0.28 -0.28 -0.28 
-0.50185739 -0.54099999 0.202 0.58 0.34 -0.244 -0.141 0.047 -0.274 -0.0028712121 -0.191 -0.168 -0.168 -0.097 -0.096996991 -0.36720847 -0.368 -0.368 -0.014069705 0.075999935 -0.236 -0.236 0.039 -0.044010553 -0.14429458 -0.145 -0.021 -0.104 -0.12686635 -0.127 0.021 0.195 0.17233391 0.045 0.08 -0.003 -0.074 -0.333 0.1007996 0.048548929 0.394 0.428 0.46799202 0.468 0.46579924 0.077 0.092999999 0.165 0.165 0.165 0.165 -0.21500712 0.04 
-0.283 -0.283 -0.064 0.235 -0.051 -0.396 -0.106 -0.075 0.13 0.065999753 0.074 -0.09 -0.097 -0.097 0.223 0.21489417 -0.368 -0.36788789 0.095 0.076 0.076 0.035803941 0.039 -0.21599517 -0.216 -0.216 -0.021 0.296 0.296 -0.127 -0.127 0.19491465 0.15 0.045 0.138 -0.003 -0.074 -0.273 0.101 0.7512872 0.428 0.42469395 0.419 0.468 0.468 0.093 0.093 0.093 0.165 0.165 0.242 0.242 0.24199992 
-0.283 -0.283 -0.322 -0.621 -0.412 0.089 -0.142 0.021755919 -0.155 -0.106 0.207 -0.125 -0.090046606 0.223 0.223 0.22301927 0.39 0.37451702 0.095 0.313 0.313 0.417 0.417 -0.216 -0.216 -0.216 0.296 0.296 0.296 0.144 0.144 0.14400001 0.223 0.223 -0.122 0.059 0.368 -0.064999489 0.237 0.762 0.762 0.42799997 0.419 0.468 0.53299991 0.429 0.47435051 0.476 0.651 0.651 0.242 0.242 0.242 
-0.283 -0.29993436 -0.44959396 -0.64699291 -0.129 -0.067 -0.142 0.022 -0.15499852 -0.10654286 -0.12499998 -0.125 0.459 0.223 0.223 0.38999999 0.39 0.38998321 0.095 0.313 0.33342348 0.417 0.417 -0.21597431 -0.216 -0.024356496 0.367 0.367 0.36699999 0.144 0.144 0.307 0.307 0.22299905 -0.122 0.54199972 0.30818814 -0.065 -0.065 0.76199999 0.428 0.428 0.42800076 0.533 0.533 0.429 0.476 0.476 0.651 0.651 0.242 0.242 0.242 
-0.337 -0.072560235 -0.047021041 -0.051340534 -0.12899983 -0.067001464 -0.142 0.019981251 -0.14280289 -0.15372048 0.459 0.459 0.459 0.459 0.22303343 0.39 0.39 0.38619108 0.095 0.3130912 0.633 0.633 0.633 0.633 -0.20114767 0.367 0.367 0.367 0.367 0.36687407 0.307 0.307 0.307 0.307 0.542 0.542 0.542 -0.035662416 -0.059464732 0.672 0.672 0.42801312 0.48600161 0.53299547 0.533 0.429 0.476 0.476 0.651 0.651 0.24348381 0.242 0.020607263 
-0.337 -0.047 -0.047 -0.047 -0.047 -0.047000009 -0.141808 -0.064424266 -0.11026213 0.45834001 0.459 0.459 0.459 0.459 0.4590001 0.39 0.38999995 0.36976501 0.095005852 0.633 0.633 0.633 0.633 0.633 0.63338804 0.40291674 0.382 0.382 0.382 0.382 0.30700001 0.307 0.30700045 0.679 0.679 0.542 0.77435382 0.781 0.67200006 0.672 0.672 0.672 0.486 0.486 0.486 0.48560333 0.28126548 0.28 0.28 0.28 0.28000001 0.79199989 0.792 
0.177 -0.047 -0.047 -0.047 -0.047 -0.047 -0.047000006 -0.02296343 0.60012638 0.604 0.604 0.604 0.604 0.604 0.604 0.61671077 0.39357614 0.34960472 0.63293245 0.633 0.633 0.633 0.633 0.63300026 0.651 0.651 0.65099962 0.382 0.382 0.38274691 0.755 0.755 0.679 0.679 0.679 0.76466074 0.781 0.781 0.781 0.672 0.672 0.672 0.486 0.486 0.486 0.486 0.28000001 0.28 0.28 0.28 0.28 0.792 0.792 
0.177 0.093607345 -0.047 -0.047 -0.047 -0.047 0.17895564 0.179 0.17900001 0.604 0.604 0.604 0.604 0.604 0.60686789 0.617 0.617 0.617 0.85332671 0.85399977 0.854 0.854 0.854 0.854 0.651 0.651 0.651 0.651 0.382 0.755 0.755 0.755 0.67900001 0.679 0.679 0.838 0.78107547 0.781 0.781 0.671999 0.66990581 0.66502092 0.486 0.486 0.62656487 0.627 0.627 0.28050569 0.58592717 0.58699997 0.58699994 0.71601147 0.79199985 
0.177 0.0047538436 -0.023215836 -0.047 -0.047 0.17886647 0.179 0.179 0.179 0.18206267 0.604 0.604 0.604 0.604 0.617 0.617 0.617 0.617 0.85378829 0.854 0.854 0.854 0.854 0.854 0.651 0.651 0.651 0.651 0.65137829 0.755 0.755 0.755 1.043 0.67902496 0.838 0.838 0.838 0.83876524 0.67235119 0.665 0.665 0.665 0.734 0.734 0.627 0.627 0.627 0.587 0.587 0.587 0.587 0.716 0.716 
0.00019794383 -2.220446e-17 -2.220446e-17 9.5179204e-10 0.096 0.17899786 0.179 0.179 0.179 0.179 0.58522421 0.60399677 0.60399999 0.617 0.617 0.617 0.617 0.617 0.62800412 0.854 0.854 0.854 0.854 0.854 0.86969659 1.0499978 1.05 1.05 1.05 0.75500001 1.043 1.043 1.043 1.043 0.838 0.83800184 0.908 0.908 0.66803422 0.665 0.665 0.665 0.734 0.734 0.64356728 0.627 0.627 0.587 0.587 0.587 0.58838322 0.716 0.716 
-2.220446e-17 -2.220446e-17 -2.220446e-17 0.045207832 0.096 0.096 0.179 0.179 0.179 0.179 0.356 0.356 0.356 0.617 0.617 0.617 0.617 0.61697868 0.497 0.497 0.85399986 0.854 0.85253925 0.794 0.79630466 1.05 1.05 1.05 1.05 1.0430007 1.043 1.043 1.043 1.043 0.90799975 0.908 0.908 0.908 0.90715828 0.665 0.665 0.665 0.734 0.734 0.734 0.627 0.627 0.58700001 0.587 0.587 0.716 0.716 0.716 
-2.220446e-17 -2.220446e-17 -2.220446e-17 0.096 0.096 0.096 0.096000127 0.179 0.179 0.35581729 0.356 0.356 0.356 0.35616261 0.51258451 0.488 0.488 0.488 0.497 0.497 0.497 0.794 0.794 0.794 0.79402605 0.96450254 1.05 1.05 1.05 1.0220073 1.0170026 1.017 1.017 1.017 1.0015701 1.1329995 1.133 1.133 1.133 0.98295649 0.983 0.983 0.734 0.734 0.95499908 0.95499999 0.913 0.913 0.918 0.918 0.918 0.716 0.8179088 
7.138006e-07 -2.2204453e-17 3.4631575e-09 0.096 0.096 0.096 0.096000001 0.15200001 0.17889204 0.35587305 0.356 0.356 0.356 0.35625902 0.488 0.488 0.488 0.488 0.497 0.497 0.497 0.794 0.794 0.794 0.887 0.887 0.938 0.938 0.938 0.93843097 1.017 1.017 1.017 1.017 1.0749681 1.133 1.133 1.133 1.133 0.983 0.983 0.983 0.98211901 0.955 0.955 0.955 0.913 0.913 0.918 0.918 0.918 0.818 0.818 
0.23 0.12712944 0.211 0.21096664 0.096 0.15167599 0.152 0.152 0.20629242 0.216 0.216 0.216 0.216 0.33399616 0.334 0.48799988 0.488 0.48823714 0.497 0.497 0.497 0.6 0.6 0.6 0.887 0.887 0.938 0.938 0.938 0.93800004 0.99900011 0.99900005 1.0165476 1.0169807 1.028987 1.029 1.029 1.029 1.029 0.983 0.983 0.983 0.95654165 0.955 0.955 0.95499994 0.913 0.913 0.91300018 0.918 0.9179941 0.786 0.818 
0.308985 0.30899998 0.211 0.211 0.211 0.152 0.152 0.152 0.301 0.301 0.216 0.216 0.216 0.334 0.334 0.334 0.334 0.33401867 0.497 0.497 0.497 0.6 0.6 0.6 0.887 0.887 0.938 0.938 0.938 0.99831222 0.999 0.999 0.999 0.999 1.0289852 1.029 1.029 1.029 1.029 0.81400004 0.814 0.814 0.814 0.95499726 0.598 0.598 0.598 0.661 0.661 0.661 0.786 0.786 0.786 
0.309 0.309 0.211 0.211 0.211 0.15231011 0.152 0.301 0.301 0.301 0.21601046 0.216 0.18576639 0.33399996 0.334 0.334 0.334 0.167 0.167 0.167 0.24700001 0.24700026 0.59999828 0.6 0.60007762 0.595 0.595 0.59500082 0.93794457 0.91201734 0.91200046 0.91201519 0.99885131 0.99892492 1.0235996 1.0289998 1.0272339 0.502 0.502 0.814 0.814 0.814 0.814 0.598 0.598 0.598 0.598 0.661 0.661 0.661 0.786 0.786 0.786 
0.309 0.309 0.211 0.211 0.211 0.211 0.20776635 0.301 0.301 0.301 0.30093261 0.179 0.179 0.179 0.33308655 0.334 0.16811285 0.167 0.167 0.167 0.247 0.247 0.247 0.247 0.595 0.595 0.595 0.595 0.595 0.912 0.912 0.912 0.912 0.9119997 0.771 0.502 0.502 0.502 0.502 0.50199994 0.434 0.434 0.434 0.44604113 0.471 0.471 0.471 0.66099999 0.66099985 0.51 0.51 0.67802627 0.678 
0.309 0.309 0.24637112 0.211 0.211 0.211 0.34991305 0.30115442 0.301 0.301 0.17900003 0.179 0.179 0.179 0.179 0.19170307 0.167 0.167 0.167 0.167 0.24699938 0.247 0.247 0.247 0.595 0.595 0.595 0.595 0.595 0.55286718 0.912 0.912 0.912 0.771 0.771 0.77079111 0.502 0.502 0.53464115 0.55999999 0.434 0.434 0.434 0.4459327 0.471 0.471 0.471 0.392 0.50852973 0.51 0.51 0.678 0.678 
0.451 0.451 0.451 0.2711746 0.21153146 0.35 0.35 0.35 0.35 0.331 0.331 0.17900001 0.179 0.179 0.179 0.17899924 0.167 0.167 0.167 0.167 0.2120906 0.247 0.247 0.24749724 0.28065 0.595 0.595 0.595 0.426 0.426 0.426 0.42600204 0.771 0.771 0.771 0.771 0.56 0.56 0.56 0.56 0.373 0.373 0.373 0.48399777 0.484 0.484 0.484 0.392 0.392 0.50985622 0.51 0.67799882 0.678 
0.451 0.451 0.451 0.45100673 0.576 0.54313589 0.35 0.35 0.35 0.331 0.331 0.331 0.139 0.139 0.139 0.139 0.16698718 0.167 0.167 0.167 0.16821412 0.26599995 0.266 0.266 0.266 0.266 0.078000004 0.078 0.426 0.426 0.426 0.426 0.77099984 0.771 0.771 0.77098151 0.56 0.56 0.56 0.55978066 0.373 0.373 0.373 0.48399485 0.484 0.484 0.484 0.392 0.392 0.39200001 0.444 0.444 0.53 
0.451 0.451 0.451 0.57599971 0.576 0.576 0.35000008 0.35 0.35 0.331 0.331 0.331 0.139 0.139 0.139 0.14059935 0.16 0.16 0.16000002 0.16696046 0.266 0.266 0.266 0.266 0.266 0.26585852 0.078 0.078 0.078000001 0.426 0.426 0.42587513 0.544 0.544 0.544 0.399 0.399 0.51 0.51 0.51 0.562 0.37305928 0.37300119 0.533 0.533 0.53114296 0.48399997 0.392 0.392 0.444 0.444 0.444 0.53 
0.451 0.451 0.451 0.576 0.576 0.576 0.576 0.35 0.35 0.331 0.331 0.14667723 0.139 0.139 0.139 0.16 0.16 0.16 0.16 0.16 0.266 0.266 0.266 0.266 0.266 0.078000641 0.078 0.078 0.078 0.232 0.232 0.232 0.544 0.544 0.544 0.399 0.399 0.51 0.51 0.562 0.562 0.562 0.533 0.533 0.533 0.533 0.53990038 0.617 0.617 0.617 0.444 0.602 0.602 
0.451 0.451 0.45117407 0.576 0.576 0.576 0.576 0.38559765 0.376 0.37592274 0.33099999 0.13900126 0.139 0.139 0.13900007 0.16 0.16 0.16 0.16 0.16 0.26695166 0.266 0.266 0.266 0.26594892 0.077996624 0.078 0.078 0.078 0.232 0.232 0.232 0.23204446 0.544 0.399 0.399 0.399 0.39900448 0.51000355 0.562 0.562 0.562 0.53300176 0.533 0.533 0.533 0.61700011 0.617 0.617 0.617 0.602 0.602 0.602 
0.234 0.23400038 0.57592218 0.576 0.576 0.576 0.37604256 0.376 0.376 0.376 0.15400001 0.154 0.154 0.154 0.15997231 0.16 0.16 0.16 0.16 0.26699994 0.267 0.267 0.018000041 0.018 0.018 0.018 0.023178772 0.078 0.16199656 0.162 0.162 0.162 0.162 0.272 0.272 0.272 0.272 0.272 0.519 0.519 0.519 0.519 0.519 0.62885529 0.629 0.629 0.629 0.617 0.617 0.617 0.60200236 0.602 0.602 
0.234 0.234 0.23476199 0.3250005 0.32500006 0.3250499 0.376 0.376 0.376 0.376 0.154 0.154 0.154 0.154 0.154 0.16 0.16 0.16 0.26699997 0.267 0.267 0.267 0.018000001 0.018 0.018 0.018 0.018 0.018012836 0.16190307 0.162 0.162 0.162 0.16196106 0.27936972 0.27200763 0.272 0.272 0.272 0.519 0.519 0.519 0.519 0.519 0.629 0.629 0.629 0.629 0.62338857 0.617 0.72082852 0.722 0.565 0.565 
0.234 0.234 0.32498847 0.325 0.325 0.325 0.33795378 0.376 0.376 0.376 0.154 0.154 0.154 0.154 0.154 0.15999448 0.16 0.26696863 0.267 0.267 0.267 0.267 0.11024366 0.018 0.018 0.018 0.018 0.017924334 -0.089 -0.089 -0.089 -0.089 -0.089 0.285 0.285 0.285 0.285 0.285 0.637 0.637 0.637 0.637 0.637 0.62920998 0.62900004 0.629 0.62901458 0.63076747 0.722 0.722 0.722 0.56500088 0.565 
0.23400017 0.32518687 0.325 0.325 0.325 0.325 0.325 0.37597828 0.376 0.376 0.154 0.154 0.154 0.154 0.057198924 0.055 0.055 0.26699454 0.267 0.267 0.267 0.267 0.26699996 0.018 0.018 0.018 0.018 0.21099971 0.21099986 0.14715271 -0.089 -0.089 -0.089 0.285 0.285 0.285 0.285 0.28506299 0.637 0.637 0.637 0.637 0.63701394 0.715 0.715 0.715 0.715 0.71500056 0.722 0.722 0.722 0.72200007 0.82511196 
0.327 0.327 0.30677787 0.325 0.325 0.325 0.325 0.325 0.37597737 0.012000006 0.012 0.012 0.012336995 0.055000143 0.055 0.055 0.055 0.055 0.26699898 0.25828134 0.182 0.182 0.182 0.14084697 0.028564801 0.085095051 0.13283033 0.211 0.211 0.211 0.211 0.211 0.20199197 0.37786531 0.378 0.378 0.378 0.378 0.67118919 0.81899967 0.819 0.819 0.819 0.84499962 0.71500003 0.715 0.715 0.792 0.72200112 0.722 0.722 0.829 0.829 
0.327 0.327 0.193 0.193 0.193 0.32495603 0.325 0.325 0.012 0.012 0.012 0.012 0.012 0.054999998 0.055 0.055 0.055 0.055 0.182 0.182 0.182 0.182 0.182 0.15 0.15 0.15 0.15 0.211 0.211 0.211 0.211 0.211 0.366 0.366 0.378 0.378 0.378 0.46198569 0.462 0.819 0.819 0.819 0.81899997 0.845 0.845 0.845 0.792 0.792 0.792 0.833 0.833 0.829 0.829 
0.327 0.327 0.193 0.193 0.193 0.193 0.19299925 0.056 0.012041427 0.012 0.012 0.012 0.012 0.054463614 0.055 0.055 0.055 0.055 0.182 0.182 0.182 0.182 0.182 0.15 0.15 0.15 0.15 0.15000026 0.211 0.211 0.211 0.36599187 0.366 0.366 0.366 0.378 0.462 0.462 0.462 0.47139334 0.67653157 0.65 0.65 0.845 0.845 0.845 0.792 0.792 0.792 0.833 0.833 0.833 0.63245955 
0.278 0.27800038 0.193 0.193 0.193 0.193 0.056 0.056 0.056 0.012 0.012 0.012 0.012 0.012013367 0.055 0.055 0.055 0.055 0.18199776 0.182 0.182 0.182 0.15563738 0.15 0.15 0.15 0.15 0.28899989 0.289 0.289 0.21184294 0.366 0.366 0.366 0.36599976 0.11 0.462 0.462 0.462 0.462 0.65 0.65 0.65 0.736 0.736 0.736 0.64401441 0.792 0.792 0.833 0.833 0.833 0.61199974 
0.278 0.278 0.193 0.193 0.193 0.056 0.056 0.056 0.056 0.016822535 0.012 0.012 0.012 0.012000432 0.12699171 0.127 0.127 0.127 0.11045728 0.18 0.18 0.18 0.18 0.15 0.15 0.15 0.15000917 0.289 0.289 0.289 0.289 0.36594933 0.22200741 0.11 0.11 0.11 0.46160312 0.35600221 0.356 0.356 0.6499342 0.566 0.566 0.736 0.736 0.73599961 0.644 0.644 0.688 0.688 0.688 0.6 0.519 
0.278 0.278 0.124 0.124 0.124 0.056 0.056 0.056 0.056 -0.008 -0.008 -0.008 -0.008 0.0015137661 0.127 0.127 0.127 0.127 0.108 0.18 0.18 0.18 0.18 0.014 0.014000054 0.1499998 0.289 0.289 0.289 0.289 0.15230568 0.019 0.099172248 0.11 0.11 0.11 0.356 0.356 0.356 0.356 0.566 0.566 0.566 0.55200441 0.552 0.64358647 0.644 0.644 0.68799953 0.688 0.6 0.6 0.519 
0.278 0.124 0.124 0.124 0.124 0.124 0.056520114 0.123 0.123 -0.008 -0.008 -0.008 -0.008 -0.0079680283 0.127 0.127 0.127 0.12614152 0.108 0.108 0.18 0.18 0.014 0.014 0.014 0.014 0.289 0.289 0.289 0.289 0.019 0.019 0.019 0.10990792 0.11 0.11 0.356 0.356 0.356 0.356 0.566 0.566 0.566 0.552 0.552 0.55198753 0.332 0.332 0.59 0.59 0.6 0.6 0.519 
0.12544625 0.124 0.124 0.124 0.124 0.124 0.123 0.123 0.123 0.052883325 -0.008 -0.008 -0.008 -0.0079950158 0.127 0.127 0.127 0.108 0.108 0.108 0.1799964 0.17999899 0.014 0.014 0.014 0.014 0.28898045 0.289 0.289 0.019062093 0.019 0.019 0.019 0.019 0.10971154 0.062 0.062 0.067088181 0.356 0.356 0.56599981 0.566 0.55240705 0.552 0.552 0.33200008 0.332 0.332 0.59 0.59 0.385 0.385 0.414 
0.124 0.124 0.124 0.124 0.124 0.124 0.123 0.123 0.123 0.123 0.2209934 0.221 0.221 0.221 0.12700033 0.18084483 0.211 0.211 0.10818988 0.108 0.10800001 0.014000241 0.014 0.014 0.014 0.014 0.01419994 0.289 0.28899077 0.019 0.019 0.019 0.019 0.019 0.062 0.062 0.062 0.062 0.062 0.062001141 0.098 0.098 0.097999956 -0.032 -0.032 -0.032 0.203 0.203 0.183 0.183 0.385 0.38500006 0.414 
0.124 0.124 0.124 0.124 0.124 0.124 0.123 0.123 0.123 0.221 0.221 0.221 0.221 0.221 0.21836402 0.211 0.211 0.211 0.211 0.211 0.20608209 0.014000001 0.014 0.014 0.014000001 0.019809187 0.19871011 0.27674383 0.020331499 0.019 0.019 0.019 0.019 0.019000094 0.062 0.062 0.062 0.062 0.062 0.078747116 0.098 0.098 0.098 -0.032 -0.032 -0.032 0.203 0.203 0.183 0.183 0.135 0.39860918 0.414 
0.124 0.124 0.124 0.124 0.124 0.124 0.123 0.123 0.12706755 0.221 0.221 0.221 0.221 0.221 0.22052034 0.211 0.211 0.211 0.211 0.211 0.211 0.17075406 0.19899974 0.199 0.199 0.199 0.199 0.199 -0.17657596 -0.18199762 -0.182 -0.182 -0.182 -0.18199982 0.062 0.062 0.062 0.062 0.062 0.097999996 0.098 0.098 0.098 0.097999942 -0.031838075 0.069 0.20299999 0.10472999 0.1829299 0.135 0.135 0.13306684 0.042 
0.124 0.124 0.124 0.124 0.124 0.12399994 0.12300005 0.12300593 0.22099988 0.221 0.221 0.221 0.221 0.221 0.22080972 0.211 0.211 0.211 0.211 0.211 0.211 0.199 0.199 0.199 0.199 0.199 0.199 0.199 -0.18189483 -0.182 -0.182 -0.182 -0.182 -0.182 -0.11514402 0.062 0.062 0.062 0.062 0.098 0.098 0.098 0.098 0.097992571 0.069 0.069 0.069213096 0.103 0.103 0.135 0.135 0.042 0.042 
0.124 0.124 0.124 0.124 0.124 0.12399867 0.12300394 0.20994134 0.221 0.221 0.221 0.221 0.221 0.221 0.22082493 0.211 0.211 0.211 0.211 0.211 0.20929142 0.199 0.199 0.199 0.199 0.199 0.199 0.199 -0.18199847 -0.182 -0.182 -0.182 -0.182 -0.182 -0.182 -0.056556906 -0.2408393 -0.34160542 -0.35692552 0.10423503 0.098000002 0.098 0.098 0.069002316 0.069 0.070217715 0.27299919 0.103 0.103 0.093013957 0.093 0.093 0.042000022 
0.124 0.124 0.124 0.124 0.124 0.1239917 0.1314798 0.22097305 0.221 0.221 0.221 0.221 0.221 0.221 0.22076648 0.211 0.211 0.211 0.211 0.211 0.19900005 0.199 0.199 0.199 0.199 0.199 0.199 0.199 -0.1819999 -0.182 -0.182 -0.182 -0.182 -0.182 -0.18200004 -0.365 -0.365 -0.365 -0.365 0.195 0.195 0.195 0.195 0.27299941 0.273 0.273 0.273 0.27299869 0.157 0.157 0.093 0.093 -0.062761433 
0.124 0.124 0.124 0.124 0.12399997 0.12401735 0.21427855 0.22099872 0.221 0.221 0.221 0.221 0.221 0.221 0.22066054 0.211 0.211 0.211 0.211 0.21092778 0.199 0.199 0.199 0.199 0.199 0.199 0.199 0.199 -0.18199991 -0.182 -0.182 -0.182 -0.182 -0.182 -0.36499983 -0.365 -0.365 -0.365 -0.365 0.195 0.195 0.195 0.195 0.21605186 0.273 0.273 0.273 0.1570013 0.157 0.157 -0.132 -0.132 -0.132 
0.124 0.124 0.124 0.124 0.12399997 0.12849386 0.22063561 0.22099968 0.221 0.221 0.221 0.221 0.221 0.221 0.22051702 0.21100024 0.211 0.211 0.21099999 0.19924314 0.199 0.199 0.199 0.199 0.199 0.199 0.199 0.199 -0.18199964 -0.182 -0.182 -0.182 -0.182 -0.26911303 -0.36499998 -0.365 -0.365 -0.365 -0.365 0.195 0.195 0.195 0.195 0.195 0.273 0.273 0.273 0.157 0.157 0.157 -0.132 -0.132 -0.132 
0.124 0.124 0.124 0.12399999 0.12402505 0.17604992 0.22093632 0.2209998 0.221 0.221 0.221 0.221 0.221 0.22099998 0.22034639 0.21100365 0.211 0.211 0.21093787 0.19900102 0.199 0.199 0.199 0.199 0.199 0.199 0.199 0.19899978 -0.18199761 -0.182 -0.18200008 -0.29053845 -0.301 -0.301 -0.301 -0.365 -0.365 -0.365 -0.365 0.195 0.195 0.195 0.195 0.195 0.27299862 0.273 0.27299994 0.15700001 0.157 0.15699984 -0.132 -0.132 -0.132 
