interpolatedSpi/03-10|20_3.tif
NCOLS 53
NROWS 52
XLLCORNER -116.03883
YLLCORNER 28.596182
DX 0.49850594
DY 0.49788537
NODATA_VALUE -9999
[rows 0 to 34 of 52, columns 0 to 52 of 53]
0.20375 0.20375 -0.071223284 -0.47125 0.15 0.26375 0.6425 0.74375 0.10531115 -0.16375 -0.1375 0.4175 0.17378788 0.63375 0.13375 0.13375 0.13375 0.19 0.3625 0.3625 0.3625 0.36249829 0.185 0.095 0.095 0.095 0.67375207 0.67375 0.67375 0.27375 0.27375 0.27375 0.27375 0.67499992 0.675 0.675 0.675 0.675 0.675 0.67500002 1.2525287 1.25857 0.5525 0.5525 0.5525 0.5525 0.55340242 1.105 1.105 1.105 1.4687492 1.46875 1.46875
0.20373089 -0.22625 0.10375058 0.22443835 0.56601995 0.69875 0.59125 0.49650597 0.05875 0.34625 0.28625 0.17375 0.17375 0.7197124 0.63374663 0.13375 0.19 0.19 0.36227508 0.3625 0.3625 0.3625 0.059733148 0.095 0.095 0.095 0.17249999 0.1725 0.27375 0.27375 0.27375 0.27375 0.27375 0.67499994 0.675 0.675 0.675 0.675 0.67499999 0.60369394 0.22503667 0.51276068 0.5525 0.5525 0.5525 0.5525 0.5525 1.105 1.105 1.105 1.1351625 1.46875 1.46875
0.87746604 0.8775 0.605 1.11875 0.66875 0.46 0.6925 0.16375 0.4625 0.355 0.74375 -0.0875 -0.58 0.1175 0.72 0.67375 0.19 0.19 0.19 0.13131723 0.13125 0.13125 -0.575 0.095 0.095 0.095 0.1725 0.1725 0.1725 0.27375 0.27375 0.27374995 -0.20163257 0.67348191 0.67344093 0.50903488 0.5075 0.5075 0.47196895 0.225 0.225 0.22541879 0.5525 0.5525 0.5525 0.5525 0.5525 1.105 1.105 1.105 1.105 1.46875 1.46875
0.36875 0.87749988 0.27121994 0.57625 0.08125 0.57 1.055 -0.14375 0.46 0.43968088 0.58625 0.48875 0.25625 0.1175 0.35125 0.67375 -0.42899788 -0.43706034 -0.35 0.13125 0.13125 -0.9675 -0.575 -0.575 0.095 0.095000387 0.1725 0.1725 0.1725 -0.76125 -0.73518781 -0.71375 -0.71375 -0.71374904 0.5075 0.5075 0.5075 0.5075 0.225 0.225 0.225 0.22500001 0.5525 0.5525 0.5525 0.5525 0.5525 1.104993 1.105 1.105 1.105 1.4686603 1.46875
0.36875 0.041250422 0.27125 0.3516563 0.08125 0.5075 0.42501438 -0.01875 -0.08875 0.16874998 0.30136042 0.36378491 0.6075 0.35125 0.35125 0.54957496 -0.4375 -0.4375 -0.35 -0.35 0.13124777 -0.9675 -1.08875 -0.49875 -0.49125 -0.49131268 0.1725 0.1725 -0.76125 -0.76125 -0.71375 -0.71375 -0.71375 -0.62299914 0.5075 0.5075 0.5075 0.225 0.225 0.225 0.225 0.22500893 0.5525 0.5525 0.5525 0.5525 0.5525 0.55741793 1.105 1.1048931 -1.27875 -1.27875 -1.27875
-1.05125 0.07375 0.47 0.2025 0.51625 0.63625 0.2625 0.22649195 0.3475 -0.04875 0.39125 -0.3775 -0.37749935 -0.09 -0.09 -0.42499487 -0.425 -0.62875 -0.62875 -0.35000045 -1.2925 -1.2925 -0.49875 -0.49125 -0.49125 -0.76 -1.09625 -1.09625 -0.16755414 -0.76125 -0.71375 -0.71375 -0.2325 -0.23250052 -0.23749977 -0.62625 -0.62625 -0.03835362 0.225 0.225 0.31738463 0.3175 0.31750107 -0.8854108 -0.91108823 -0.91124961 -0.91124995 -0.91124946 -1.3965055 -1.27875 -1.27875 -1.27875 -1.27875
-0.68750406 -0.22375 -0.66844985 0.15375 0.7025 0.0275 0.13125 0.3275 -0.04 -0.04 0.39125 -0.1625 -0.44000009 -0.09 -0.40374906 -0.40375 -0.425 -0.68 -0.86 -0.86 -1.2948563 -1.2975 -1.2975 -1.1375 -0.76 -0.76 -1.09625 -1.09625 -0.16750983 -0.16768106 0.30675965 -0.2325 -0.2325 -0.2375 -0.2375 -0.89516602 -0.62625 -0.62625 -1.4699708 0.31749751 0.3175 0.3175 0.31750427 -0.91124715 -0.91125 -0.91125 -0.91125 -0.91125035 -1.50375 -1.2787946 -1.27875 -1.27875 -1.27875
-0.6875 -1 -0.435 -0.96625 -1.2474839 -0.48125 -0.14125 -0.49874998 -0.3325 -0.40625 -0.40625 -0.825 -0.44 -0.44 -0.40399871 -0.53011753 -0.5425 -0.49625 -0.77750008 -0.86 -1.1842295 -1.13 -1.51875 -1.025 -1.0250026 -1.23 -1.2775 -1.2774999 -0.33565868 -0.33624999 0.30875 -0.10706907 -0.195 -0.2375 -0.25019194 -1.12 -1.12 -1.47 -1.47 0.3175 0.3175 0.31750001 -0.39870192 -0.40000003 -0.91125 -0.91125 -0.91125 -1.5037274 -1.50375 -1.50375 -1.27875 -1.27875 -1.27875
-1.0178266 -0.99999999 -0.70875 -0.655 -0.305 -0.6425 -0.31125 0.3375 0.25875 0.27569555 -0.1625 -0.51125 -0.51125 -0.78125 -0.78124592 -0.87656633 -0.8775 -0.8775 -0.53918325 -1.6675 -1.76875 -1.76875 -1.21375 -1.3985545 -1.2093414 -1.23 -1.12625 -1.2775 -0.90095092 -0.89875 -0.0825 0.58875 0.25318873 -0.74125 -0.6825 -0.79 -0.82375 -0.67875 -0.89115188 0.31958681 0.785 -0.29125 -0.39999715 -0.4 -0.40287759 -0.91125 -1.21375 -1.50375 -1.50375 -1.50375 -1.50375 -1.2919789 -0.9675
-1.1175 -1.1175 -0.7225 -0.6125 -0.25875 -0.11 -0.18625 -0.04125 0.42875 0.27997901 -0.1275 -0.115 -0.78125 -0.78125 -0.3475 -0.35476919 -0.8775 -0.87750251 -0.9075 -1.6675 -1.6675 -1.6805444 -1.21375 -1.4199961 -1.42 -1.42 -1.12625 -0.67625 -0.67625 -0.89875 -0.89875 0.58748638 -0.0775 -0.74125 -0.55375 -0.79 -0.82375 -1.36 -0.89125 0.40366756 -0.29124995 -0.32476972 -0.3825 -0.4 -0.4 -1.21375 -1.21375 -1.21375 -1.50375 -1.50375 -1.385 -1.385 -1.3849998
-1.1175 -1.1175 -1.23625 -1.01375 -0.96125 -0.46125 -0.65624999 -0.0013603559 -0.21875 -0.14875 -0.12875 -0.25875 -0.11519236 -0.3475 -0.3475 -0.34754268 -0.7175 -0.72747209 -0.9075 -0.53625 -0.53625 -0.83125 -0.83125 -1.42 -1.42 -1.42 -0.67625 -0.67625 -0.67625 -0.98875 -0.98875 -0.9887485 -0.66875 -0.66875 -0.675 -1.1025 -0.77 -0.67624905 -1.1475 0.425 0.425 -0.21500055 -0.3825 -0.4 -0.7600001 -0.98375 -0.8602789 -0.85875 -1.12875 -1.12875 -1.385 -1.385 -1.385
-1.1175 -1.1687132 -1.1413013 -1.19749 -0.9275 -1.07875 -0.65625 -0.00125 -0.21874818 -0.14952552 -0.25874986 -0.25875 -0.315 -0.3475 -0.3475 -0.71749999 -0.7175 -0.71751081 -0.9075 -0.53625 -0.594182 -0.83125 -0.83125 -1.419976 -1.42 -1.3554888 -1.22375 -1.22375 -1.2237499 -0.98875 -0.98875 -1.0375 -1.0375 -0.66875002 -0.675 -0.4100003 -0.73712718 -0.67625 -0.67625 0.42499998 -0.215 -0.215 -0.21500397 -0.76 -0.76 -0.98375 -0.85875 -0.85875 -1.12875 -1.12875 -1.385 -1.385 -1.385
-0.27125 -0.047459671 0.051210007 0.042204293 -0.92750075 -1.0787464 -0.65625001 -0.0093126761 -0.20376203 -0.21692211 -0.315 -0.315 -0.315 -0.315 -0.3474954 -0.7175 -0.7175 -0.7199532 -0.9075 -0.53625706 -0.5525 -0.5525 -0.5525 -0.5525 -1.405162 -1.22375 -1.22375 -1.22375 -1.22375 -1.2235517 -1.0375 -1.0375 -1.0375 -1.0375 -0.41 -0.41 -0.41 -0.66328249 -0.67253228 -0.18125 -0.18125 -0.21499818 -0.438761 -0.75996906 -0.76 -0.98375 -0.85875 -0.85875 -1.12875 -1.12875 -1.3840704 -1.385 -0.88654244
-0.27125 0.05125 0.05125 0.05125 0.05125 0.051249525 -0.65733146 -0.3463566 -0.16377551 -0.31489459 -0.315 -0.315 -0.315 -0.315 -0.31500005 -0.71749999 -0.71750003 -0.7305327 -0.9074962 -0.5525 -0.5525 -0.5525 -0.5525 -0.5525 -0.55828511 -1.0553144 -1.0025 -1.0025 -1.0025 -1.0025 -1.0375 -1.0375 -1.0375 -1.05125 -1.05125 -0.41 -0.25931028 -0.255 -0.18125004 -0.18125 -0.18125 -0.18125 -0.43875 -0.43875 -0.43875 -0.4425427 -0.89479011 -0.895 -0.895 -0.895 -0.895 0.50624961 0.50625
0.03625 0.05125 0.05125 0.05125 0.05125 0.05125 0.051249952 -0.4932 -0.38125231 -0.3825 -0.3825 -0.3825 -0.3825 -0.3825 -0.3825 -0.37641697 -0.71210143 -0.74351726 -0.55254457 -0.5525 -0.5525 -0.5525 -0.5525 -0.55250012 -0.82 -0.82 -0.82000026 -1.0025 -1.0025 -1.0027228 -1.11375 -1.11375 -1.05125 -1.05125 -1.05125 -0.38255056 -0.255 -0.255 -0.255 -0.18125 -0.18125 -0.18125 -0.43875 -0.43875 -0.43875 -0.43875 -0.89499999 -0.895 -0.895 -0.895 -0.895 0.50625 0.50625
0.03625 0.04183433 0.05125 0.05125 0.05125 0.05125 -0.4698977 -0.47 -0.47 -0.3825 -0.3825 -0.3825 -0.3825 -0.3825 -0.38112121 -0.37625 -0.37625 -0.37625 -0.65842603 -0.65874989 -0.65875 -0.65875 -0.65875 -0.65875 -0.82 -0.82 -0.82 -0.82 -1.0025 -1.11375 -1.11375 -1.11375 -1.05125 -1.05125 -1.05125 -0.20625 -0.25493545 -0.255 -0.255 -0.18130582 -0.29269109 -0.55263668 -0.43875 -0.43875 -0.49731869 -0.4975 -0.4975 -0.89370125 -0.10776069 -0.10500007 -0.10500015 0.22254287 0.50624942
0.036250001 -0.075661211 -0.014535985 0.05125 0.05125 -0.46969202 -0.47 -0.47 -0.47 -0.46936945 -0.3825 -0.3825 -0.3825 -0.3825 -0.37625 -0.37625 -0.37625 -0.37625 -0.65849765 -0.65875 -0.65875 -0.65875 -0.65875 -0.65875 -0.82 -0.82 -0.82 -0.82 -0.82106847 -1.11375 -1.11375 -1.11375 -0.53500001 -1.0511516 -0.20625 -0.20625 -0.20625 -0.21165373 -0.53484198 -0.55375 -0.55375 -0.55375 -0.47125 -0.47125 -0.4975 -0.4975 -0.4975 -0.105 -0.105 -0.105 -0.105 0.2225 0.2225
-0.078514986 -0.07875 -0.07875 -0.078750003 -0.33875 -0.46999661 -0.47 -0.47 -0.47 -0.47 -0.35817878 -0.38249581 -0.38249999 -0.37625 -0.37625 -0.37625 -0.37625 -0.37625 -0.4477156 -0.65875 -0.65875 -0.65875 -0.65875 -0.65875 -0.61449951 -0.42000217 -0.42 -0.42 -0.42 -1.11375 -0.53500001 -0.535 -0.535 -0.535 -0.20625 -0.20626294 -0.6975 -0.6975 -0.55554493 -0.55375 -0.55375 -0.55375 -0.47125 -0.47125 -0.4934356 -0.4975 -0.4975 -0.105 -0.105 -0.105 -0.10148835 0.2225 0.2225
-0.07875 -0.07875 -0.07875 -0.20118788 -0.33875 -0.33875 -0.47 -0.47 -0.47 -0.47 -0.06125 -0.06125 -0.06125 -0.37625 -0.37625 -0.37625 -0.37625 -0.37630247 -1.1575 -1.1575 -0.6587502 -0.65875 -0.66081939 -0.74375 -0.74083542 -0.42 -0.42 -0.42 -0.42 -0.53498829 -0.535 -0.535 -0.535 -0.535 -0.69749827 -0.6975 -0.6975 -0.6975 -0.69697508 -0.55375 -0.55375 -0.55375 -0.47125 -0.47125 -0.47125 -0.4975 -0.4975 -0.105 -0.105 -0.105 0.2225 0.2225 0.2225
-0.07875 -0.07875 -0.07875 -0.33875 -0.33875 -0.33875 -0.3387502 -0.47 -0.47 -0.061671948 -0.06125 -0.06125 -0.06125 -0.061446264 -0.63324162 -0.69375 -0.69375 -0.69375 -1.1575 -1.1575 -1.1575 -0.74375 -0.74375 -0.74375 -0.74367927 -0.45737236 -0.42 -0.42 -0.42 -0.2426627 -0.17878504 -0.17875 -0.17875 -0.17875 -0.55719592 -0.36125076 -0.36125 -0.36125 -0.36125 -0.33877942 -0.33875 -0.33875 -0.47125 -0.47125 0.22749708 0.22749992 0.00875 0.00875 0.0875 0.0875 0.0875 0.2225 0.52472953
-0.078749457 -0.07875 -0.078750009 -0.33875 -0.33875 -0.33875 -0.33875 -0.45250001 -0.46993003 -0.061254534 -0.06125 -0.06125 -0.06125 -0.062491139 -0.69375 -0.69375 -0.69375 -0.69375013 -1.1575 -1.1575 -1.1575 -0.74375 -0.74375 -0.74375 -0.49125 -0.49125 -0.52625 -0.52625 -0.52625 -0.52435428 -0.17875 -0.17875 -0.17875 -0.17875 -0.26994995 -0.36125 -0.36125 -0.36125 -0.36125 -0.33875 -0.33875 -0.33875 -0.32093361 0.2275 0.2275 0.2275 0.00875 0.00875 0.0875 0.0875 0.0875 0.52499999 0.525
0.09625 -0.0031795747 -0.585 -0.58492856 -0.33875 -0.45184185 -0.4525 -0.4525 -0.38417901 -0.066250005 -0.06625 -0.06625 -0.06625 -0.84247473 -0.8425 -0.69375011 -0.69375 -0.70596913 -1.1575 -1.1575 -1.1575 -1.12125 -1.12125 -1.12125 -0.49125 -0.49125 -0.52625 -0.52625 -0.52625 -0.5262498 -0.24624957 -0.24624981 -0.18044651 -0.17882236 -0.69066334 -0.69125 -0.69125 -0.69125 -0.69125 -0.33875 -0.33875 -0.33875 0.19632016 0.2275 0.2275 0.22749991 0.00875 0.00875 0.0087528348 0.0875 0.08751157 0.34625 0.525
-0.35616407 -0.35625004 -0.585 -0.585 -0.585 -0.4525 -0.4525 -0.4525 -0.265 -0.265 -0.06625 -0.06625 -0.06625 -0.8425 -0.8425 -0.8425 -0.8425 -0.84253439 -1.1575 -1.1575 -1.1575 -1.12125 -1.12125 -1.12125 -0.49125 -0.49125 -0.52625 -0.52625 -0.52625 -0.24940702 -0.24625 -0.24625 -0.24625 -0.24625 -0.69103042 -0.69125 -0.69125 -0.69125 -0.69125 -0.84999987 -0.85 -0.85 -0.85 0.22749605 -0.2875 -0.2875 -0.2875 0.23875 0.23875 0.23875 0.34625 0.34625 0.34625
-0.35625 -0.35625 -0.585 -0.585 -0.585 -0.45319644 -0.4525 -0.265 -0.265 -0.265 -0.066274466 -0.06625 -0.76387023 -0.84250002 -0.8425 -0.8425 -0.8425 -1.2875 -1.2875 -1.2875 -1.295 -1.2949999 -1.1212508 -1.12125 -1.1210516 -1.085 -1.085 -1.0849987 -0.5263403 -0.14252068 -0.14250055 -0.14251811 -0.24607268 -0.24616046 -0.61192698 -0.69125005 -0.6917066 -0.8275 -0.8275 -0.85 -0.85 -0.85 -0.85 -0.2875 -0.2875 -0.2875 -0.2875 0.23875 0.23875 0.23875 0.34625 0.34625 0.34625
-0.35625 -0.35625 -0.585 -0.585 -0.585 -0.585 -0.38232423 -0.265 -0.265 -0.265 -0.26536181 -0.92 -0.92 -0.92 -0.84295673 -0.8425 -1.2845346 -1.2875 -1.2875 -1.2875 -1.295 -1.295 -1.295 -1.295 -1.085 -1.085 -1.085 -1.085 -1.085 -0.1425 -0.1425 -0.1425 -0.1425 -0.14250058 -0.4175 -0.8275 -0.8275 -0.8275 -0.8275 -0.82750086 -1.095 -1.095 -1.095 -0.88673394 -0.455 -0.455 -0.455 0.23874998 0.23874979 0.02125 0.02125 0.20753375 0.2075
-0.35625 -0.35625 -0.50243731 -0.585 -0.585 -0.58500002 -1.4129593 -0.26862416 -0.265 -0.265 -0.92000006 -0.92 -0.92 -0.92 -0.92 -0.91370224 -1.2875 -1.2875 -1.2875 -1.2875 -1.2949999 -1.295 -1.295 -1.295 -1.085 -1.085 -1.085 -1.085 -1.085 -0.57940798 -0.1425 -0.1425 -0.1425 -0.4175 -0.4175 -0.41781838 -0.8275 -0.8275 -0.77614646 -0.73625001 -1.095 -1.095 -1.095 -0.88912058 -0.455 -0.455 -0.455 -0.22125 0.018228474 0.02125 0.02125 0.2075 0.2075
-1.2725 -1.2725 -1.2725 -0.75737515 -0.58662538 -1.415 -1.415 -1.415 -1.415 -1.21875 -1.21875 -0.92000002 -0.92 -0.92 -0.92 -0.9200233 -1.2875 -1.2875 -1.2875 -1.2875 -1.2917272 -1.295 -1.295 -1.2858404 -0.95123405 -1.085 -1.085 -1.085 -0.73375 -0.73375 -0.73375 -0.73374752 -0.4175 -0.4175 -0.4175 -0.4175 -0.73625 -0.73625 -0.73625 -0.73625 -0.9575 -0.9575 -0.9575 -0.38001161 -0.38 -0.38 -0.38000002 -0.22125 -0.22125 0.020954527 0.02125 0.20749832 0.2075
-1.2725 -1.2725 -1.2725 -1.2725228 -1.695 -1.6542834 -1.415 -1.415 -1.415 -1.21875 -1.21875 -1.21875 -1.0375 -1.0375 -1.0375 -1.0375 -1.2874817 -1.2875 -1.2875 -1.2875 -1.2875946 -0.94500096 -0.945 -0.945 -0.945 -0.945 -1.01125 -1.01125 -0.73375 -0.73375 -0.73375 -0.73375 -0.4175002 -0.4175 -0.4175 -0.41752311 -0.73624999 -0.73625 -0.73625 -0.73509846 -0.9575 -0.9575 -0.9575 -0.38002678 -0.38 -0.38 -0.38 -0.22125 -0.22125 -0.22124999 -0.125 -0.125 0.2025
-1.2725 -1.2725 -1.2725 -1.694999 -1.695 -1.695 -1.4150001 -1.415 -1.415 -1.21875 -1.21875 -1.21875 -1.0375 -1.0375 -1.0375 -1.0557783 -1.2775 -1.2775 -1.2775 -1.2874435 -0.945 -0.945 -0.945 -0.945 -0.945 -0.94504986 -1.01125 -1.01125 -1.01125 -0.73375 -0.73375 -0.7337154 -0.70125 -0.70125 -0.70125 -0.44375 -0.44375 -0.47375 -0.47375 -0.47375 -0.04625 -0.95721417 -0.95749212 0.09875 0.09875 0.080605919 -0.37999847 -0.22125 -0.22125 -0.125 -0.125 -0.125 0.2025
-1.2725 -1.2725 -1.2725 -1.695 -1.695 -1.695 -1.695 -1.415 -1.415 -1.21875 -1.21875 -1.0447474 -1.0375 -1.0375 -1.0375 -1.2775 -1.2775 -1.2775 -1.2775 -1.2775 -0.945 -0.945 -0.945 -0.945 -0.945 -1.0112498 -1.01125 -1.01125 -1.01125 -0.68 -0.68 -0.68 -0.70125 -0.70125 -0.70125 -0.44375 -0.44375 -0.47375 -0.47375 -0.04625 -0.04625 -0.04625 0.09875 0.09875 0.09875 0.09875 0.12565325 0.42625 0.42625 0.42625 -0.12499999 0.425 0.425
-1.2725 -1.2725 -1.2730884 -1.695 -1.695 -1.695 -1.695 -1.4367668 -1.42375 -1.423398 -1.21875 -1.0375015 -1.0375 -1.0375 -1.0375008 -1.2775 -1.2775 -1.2775 -1.2775 -1.2775 -1.1080505 -0.945 -0.945 -0.945 -0.94503089 -1.0112547 -1.01125 -1.01125 -1.01125 -0.68 -0.68 -0.68 -0.68000072 -0.70125 -0.44375 -0.44375 -0.44375 -0.44375103 -0.47372085 -0.04625 -0.04625 -0.04625 0.098741197 0.09875 0.09875 0.09875 0.42625018 0.42625 0.42625 0.42625 0.425 0.425 0.425
-1.27875 -1.27875 -1.6947631 -1.695 -1.695 -1.695 -1.4238077 -1.42375 -1.42375 -1.42375 -1.055 -1.055 -1.055 -1.055 -1.2764731 -1.2775 -1.2775 -1.2775 -1.2775 -1.1150001 -1.115 -1.115 -1.095 -1.095 -1.095 -1.095 -1.0877713 -1.01125 -0.39377529 -0.39375 -0.39375 -0.39375 -0.39375 -0.16375 -0.16375 -0.16375 -0.16375 -0.16375 -0.055 -0.055 -0.055 -0.055 -0.055 0.44697428 0.4475 0.4475 0.4475 0.42625 0.42625 0.42625 0.4250002 0.425 0.425
-1.27875 -1.27875 -1.2749511 -0.82500175 -0.82500019 -0.82558429 -1.42375 -1.42375 -1.42375 -1.42375 -1.055 -1.055 -1.055 -1.055 -1.055 -1.2775 -1.2775 -1.2775 -1.115 -1.115 -1.115 -1.115 -1.095 -1.095 -1.095 -1.095 -1.095 -1.0949816 -0.39370897 -0.39375 -0.39375 -0.39375 -0.39373352 -0.062416335 -0.16364507 -0.16375 -0.16375 -0.16375 -0.055 -0.055 -0.055 -0.055 -0.054999999 0.4475 0.4475 0.4475 0.4475 0.43756308 0.42625 0.82055117 0.825 0.51625 0.51625
-1.27875 -1.27875 -0.82505748 -0.825 -0.825 -0.825 -0.97707997 -1.42375 -1.42375 -1.42375 -1.055 -1.055 -1.055 -1.055 -1.055 -1.2773299 -1.2775 -1.1150476 -1.115 -1.115 -1.115 -1.115 -1.1024091 -1.095 -1.095 -1.095 -1.095 -1.0944282 -0.2875 -0.2875 -0.2875 -0.2875 -0.2875 0.015 0.015 0.015 0.015 0.015 0.205 0.205 0.205 0.205 0.205 0.44772891 0.44750005 0.4475 0.44751589 0.44946652 0.825 0.825 0.825 0.51625173 0.51625
-1.2787492 -0.87551772 -0.82500001 -0.825 -0.825 -0.825 -0.825 -1.4234951 -1.42375 -1.42375 -1.055 -1.055 -1.055 -1.055 -1.1735569 -1.17625 -1.17625 -1.1150016 -1.115 -1.115 -1.115 -1.115 -1.1150001 -1.095 -1.095 -1.095 -1.095 -0.46874985 -0.46874992 -0.4301756 -0.2875 -0.2875 -0.2875 0.015 0.015 0.015 0.015 0.015024552 0.205 0.205 0.205 0.205 0.20502404 0.54125 0.54125 0.54125 0.54125 0.54127288 0.825 0.825 0.825 0.82499999 0.79951586
