interpolatedSpi/03-11|22_3.tif
NCOLS 53
NROWS 52
XLLCORNER -116.03883
YLLCORNER 28.596182
DX 0.49850594
DY 0.49788537
NODATA_VALUE -9999
[rows 0 to 26 of 52, columns 0 to 52 of 53]
-0.18888889 -0.18888889 -0.52437701 -0.75333333 -0.21222222 -0.21111111 -0.37333333 -0.39 -0.57671449 -0.44444444 -0.62555556 -0.20222222 -0.41997475 -0.11333333 -0.17333333 -0.17333333 -0.17333333 0.27 0.21 0.21 0.21 0.20999278 -0.53999999 0.13 0.13 0.13 -0.092224514 -0.092222222 -0.092222222 -0.30666667 -0.30666667 -0.30666667 -0.30666667 0.26222211 0.26222222 0.26222222 0.26222222 0.26222222 0.26222222 0.26222223 0.55133102 0.55422539 -0.30666667 -0.30666667 -0.30666667 -0.30666667 -0.30651785 -0.21555556 -0.21555556 -0.21555556 0.41666535 0.41666667 0.41666667
-0.18892335 -0.96444444 -0.61777773 -0.54186307 -0.36898134 -0.3 -0.43333333 -0.15374906 -0.45888889 -0.59555556 -0.40777778 -0.42 -0.42 0.09264421 -0.11333137 -0.17333333 0.27 0.27 0.21007823 0.21 0.21 0.21 0.12216292 0.13 0.13 0.13 -0.089999985 -0.09 -0.30666667 -0.30666667 -0.30666667 -0.30666667 -0.30666667 0.26222214 0.26222222 0.26222222 0.26222222 0.26222222 0.26222226 0.40812464 1.1688236 -0.12761998 -0.30666667 -0.30666667 -0.30666667 -0.30666667 -0.30666667 -0.21555556 -0.21555556 -0.21555556 -0.16313108 0.41666667 0.41666667
-0.32332091 -0.32333333 -0.57777778 -0.094444444 -0.54 -0.65444444 -0.41555556 -0.31333333 -1.0011111 -0.32444444 -0.5 -0.59444444 -0.54444444 0.34 0.093333333 -0.37777778 0.27 0.27 0.27 0.092256461 0.092222222 0.092222222 -0.018888889 0.13 0.13 0.13 -0.09 -0.09 -0.09 -0.30666667 -0.30666667 -0.30666665 -0.15582798 0.26295594 0.26664863 0.73342004 0.73777778 0.73777778 0.79200019 1.1688889 1.1688889 1.167002 -0.30666667 -0.30666667 -0.30666667 -0.30666667 -0.30666667 -0.21555556 -0.21555556 -0.21555556 -0.21555555 0.41666667 0.41666667
-0.49888889 -0.32333332 -0.25227124 0.55111111 -0.78222222 -0.30777778 -0.40333333 -0.77444444 -0.36555556 -0.086058619 -0.22777778 -0.20222222 -0.26333333 0.34 -0.52 -0.37777778 -0.84638705 -0.84921526 -1.0933333 0.092222222 0.092222222 -0.62111111 -0.018888889 -0.018888889 0.13 0.1299989 -0.09 -0.09 -0.09 -0.55 -0.2445694 0.0066666667 0.0066666667 0.006667241 0.73777778 0.73777778 0.73777778 0.73777778 1.1688889 1.1688889 1.1688889 1.1688888 -0.30666667 -0.30666667 -0.30666667 -0.30666667 -0.30666667 -0.2155567 -0.21555556 -0.21555556 -0.21555556 0.41665861 0.41666667
-0.49888889 0.27111015 -0.25222222 -0.21481122 -0.78222222 -0.68 -0.31445038 0.25666667 -0.40111111 0.41999966 0.069667798 -0.095581179 -0.27444444 -0.52 -0.52 -0.4322586 -0.85 -0.85 -1.0933333 -1.0933333 0.092220759 -0.62111111 0.42111111 0.048888889 -0.04 -0.039864109 -0.09 -0.09 -0.55 -0.55 0.0066666667 0.0066666667 0.0066666667 0.043333855 0.73777778 0.73777778 0.73777778 1.1688889 1.1688889 1.1688889 1.1688889 1.168852 -0.30666665 -0.30666667 -0.30666667 -0.30666667 -0.30666667 -0.30585566 -0.21555556 -0.21553827 0.17 0.17 0.17
-2.1222222 -0.43555556 -0.25777778 -0.23555556 -0.72111111 -0.41222222 -0.52666667 -0.42637757 -0.077777778 -0.68222222 -1.0011111 -0.31888889 -0.31888886 -0.32777778 -0.32777778 -0.66327297 -0.66333333 -0.65555556 -0.65555556 -1.0933325 -0.99777778 -0.99777778 0.048888889 -0.04 -0.04 0.54111111 0.14888889 0.14888889 0.28881204 -0.55 0.0066666667 0.0066666667 0.20111111 0.20119075 0.96327879 1.1288889 1.1288889 1.156514 1.1688889 1.1688889 0.78714338 0.78666667 0.78666926 0.18559846 0.19438906 0.19444431 0.19444443 0.19444426 0.29986881 0.17 0.17 0.17 0.17
-1.5066708 -0.84777778 -0.47008224 -0.39888889 -0.46444444 -0.90111111 -0.39555555 -0.38444444 -0.34555556 -0.34555556 -1.0011111 -0.34444444 -0.97444431 -0.32777778 -0.41333308 -0.41333333 -0.66333333 -0.25555556 -0.19333333 -0.19333333 -0.88938685 -0.76777778 -0.76777778 0.33555555 0.54111111 0.54111111 0.14888889 0.14888889 0.28885936 0.28834528 0.61741616 0.20111111 0.20111111 0.96333333 0.96333333 1.1936405 1.1288889 1.1288889 1.1977754 0.78666724 0.78666667 0.78666667 0.78668065 0.1944476 0.19444444 0.19444444 0.19444444 0.19444453 0.34 0.17003369 0.17 0.17 0.17
-1.5066667 -0.18 -0.071111111 -1.1466667 -0.81668558 -0.72666667 -0.67 -0.28555556 -0.58 -0.41666667 -0.41666667 -0.47 -0.97444444 -0.97444444 -0.41718308 -0.81103054 -0.85 -0.14555556 -0.74222166 -0.19333333 -0.020654479 0.06 -0.72777778 0.14444444 0.14444065 -0.15 0.053333334 0.053333367 -0.21600235 -0.21777776 0.62 0.05287049 0.44888889 0.96333333 0.96634391 1.2477778 1.2477778 1.1977778 1.1977778 0.78666667 0.78666667 0.78666669 0.76382463 0.76111108 0.19444444 0.19444444 0.19444444 0.33999446 0.34 0.34 0.17 0.17 0.17
-0.35211285 -0.18 0.12555556 -0.35111111 -0.48888889 -0.64555556 -0.33444444 0.14222222 -0.2 -0.17430479 -0.33 -0.55777778 -0.55777778 0.15222222 0.15221453 -1.0760349 -1.0766667 -1.0766667 -0.23663764 -0.56666673 -0.89 -0.88999999 0.35777778 -0.29997818 -0.12032777 -0.15 0.19444444 0.053333333 0.46095082 0.46333333 -0.057777778 1.1788889 0.68474738 0.43 1.0688889 1.1055556 1.4833333 0.63 1.6428654 0.79152722 1.8755556 1.1911111 0.7611766 0.76111111 0.7579216 0.19444444 0.50999998 0.34 0.34 0.34 0.34 0.18245074 -0.044444444
-1.3144444 -1.3144444 0.20222222 -0.12888889 -0.54777778 -0.26 -0.33777778 -0.44111111 -0.31222222 -0.16783157 -0.11 0.57333333 0.15222222 0.15222222 -0.66555556 -0.67119413 -1.0766667 -1.0765283 -0.46444444 -0.56666667 -0.56666667 -0.60832285 0.35777778 0.23666896 0.23666667 0.23666667 0.19444444 0.58222222 0.58222222 0.46333333 0.46333333 1.1770281 0.19777778 0.43 0.76222222 1.1055556 1.4833333 1.3988889 1.6433333 0.84864716 1.1911111 1.1809072 1.1633333 0.76111111 0.76111111 0.51 0.51 0.51 0.34 0.34 0.27 0.27 0.26999988
-1.3144444 -1.3144444 -0.38555556 -0.73555556 -0.72888889 -0.40555556 -0.61888888 0.02759313 0.045555556 -0.087777778 -0.29777778 -0.45777778 0.57196 -0.66555556 -0.66555556 -0.66553761 -0.51 -0.50760903 -0.46444444 -0.52111111 -0.52111111 -0.67555556 -0.67555556 0.23666667 0.23666667 0.23666667 0.58222222 0.58222222 0.58222222 -0.32333333 -0.32333333 -0.32333247 0.49 0.49 0.35888889 0.05 1.3 0.94555686 1.18 0.83555556 0.83555556 0.54555759 1.1633333 0.76111111 0.63222209 0.41555556 0.87176854 0.87333333 1.0344444 1.0344444 0.27 0.27 0.27
-1.3144444 -0.91340994 -0.53491304 -0.77332417 0.036666667 -0.55222222 -0.61888889 0.027777778 0.045555407 -0.086300606 -0.4577773 -0.45777778 -0.42333333 -0.66555556 -0.66555556 -0.51000001 -0.51 -0.50999741 -0.46444444 -0.52111111 -0.55144086 -0.67555556 -0.67555556 0.23663024 0.23666667 0.18808922 0.088888889 0.088888889 0.088888951 -0.32333333 -0.32333333 -0.25222222 -0.25222222 0.48999964 0.35888889 0.56222228 1.2677505 0.94555556 0.94555556 0.83555555 0.54555556 0.54555556 0.54555628 0.63222222 0.63222222 0.41555556 0.87333333 0.87333333 1.0344444 1.0344444 0.27 0.27 0.27
1.3779933e-17 -0.08492448 -0.05446942 -0.059642572 0.036663482 -0.55220832 -0.61888889 0.019817686 0.044330485 0.042073867 -0.42333333 -0.42333333 -0.42333333 -0.42333333 -0.66552124 -0.51 -0.51 -0.50941181 -0.46444444 -0.52106383 -0.35888889 -0.35888889 -0.35888889 -0.35888889 0.22646903 0.088888889 0.088888889 0.088888889 0.088888889 0.088624461 -0.25222222 -0.25222222 -0.25222222 -0.25222222 0.56222222 0.56222222 0.56222222 0.92725134 0.93979747 0.17888889 0.17888889 0.54553583 0.3444543 0.6321945 0.63222222 0.41555556 0.87333333 0.87333333 1.0344444 1.0344444 0.27277332 0.27 0.70874343
4.2347928e-17 -0.054444444 -0.054444444 -0.054444444 -0.054444444 -0.05444465 -0.61871815 -0.31290797 0.041062078 -0.42283163 -0.42333333 -0.42333333 -0.42333333 -0.42333333 -0.42333307 -0.51 -0.50999999 -0.5068752 -0.46444474 -0.35888889 -0.35888889 -0.35888889 -0.35888889 -0.35888889 -0.35228201 0.024431221 0.0022222401 0.0022222222 0.0022222222 0.0022222222 -0.25222222 -0.25222222 -0.25222231 -0.32222222 -0.32222222 0.56222222 0.11177339 0.098888889 0.17888884 0.17888889 0.17888889 0.17888889 0.34444444 0.34444444 0.34444444 0.34493931 0.8279791 0.82777778 0.82777778 0.82777778 0.82777778 0.9944443 0.99444444
0.43 -0.054444444 -0.054444444 -0.054444444 -0.054444444 -0.054444444 -0.05444448 -0.40848451 -0.051825405 -0.052222223 -0.052222222 -0.052222222 -0.052222222 -0.052222222 -0.052222226 0.10012636 -0.50026265 -0.50376179 -0.35890218 -0.35888889 -0.35888889 -0.35888889 -0.35888889 -0.35888831 -0.053333333 -0.053333333 -0.053333255 0.0022222222 0.0022222222 0.0017371864 -0.24 -0.24 -0.32222222 -0.32222222 -0.32222222 0.031431437 0.098888889 0.098888889 0.098888889 0.17888889 0.17888889 0.17888889 0.34444444 0.34444444 0.34444444 0.34444444 0.82777776 0.82777778 0.82777778 0.82777778 0.82777778 0.99444444 0.99444444
0.43 0.24964684 -0.054444444 -0.054444444 -0.054444444 -0.054444444 -0.26329234 -0.26333333 -0.26333333 -0.052222222 -0.052222222 -0.052222222 -0.052222222 -0.052222222 -0.017905578 0.10333333 0.10333333 0.10333333 0.13515771 0.13666616 0.13666667 0.13666667 0.13666667 0.13666667 -0.053333333 -0.053333333 -0.053333333 -0.053333333 0.0022222222 -0.24 -0.24 -0.24 -0.32222221 -0.32222222 -0.32222222 0.018888889 0.098782966 0.098888889 0.098888889 0.17880099 0.0033754088 -0.40602436 0.34444444 0.34444444 -0.20164286 -0.20333333 -0.20333333 0.82576085 -0.39349502 -0.39777767 -0.39777755 -0.064284251 0.99444229
0.43 -0.19605503 -0.13484954 -0.054444444 -0.054444444 -0.26320991 -0.26333333 -0.26333333 -0.26333333 -0.26181201 -0.052222222 -0.052222222 -0.052222222 -0.052222203 0.10333333 0.10333333 0.10333333 0.10333333 0.13663689 0.13666667 0.13666667 0.13666667 0.13666667 0.13666667 -0.053333329 -0.053333333 -0.053333333 -0.053333333 -0.054012307 -0.24 -0.24 -0.24 -0.21111111 -0.32218484 0.018888889 0.018888889 0.018888889 0.016708543 -0.37569563 -0.40777778 -0.40777778 -0.40777778 -0.49333333 -0.49333333 -0.20333333 -0.20333333 -0.20333333 -0.39777778 -0.39777778 -0.39777778 -0.39777778 -0.064444444 -0.064444444
-0.2128233 -0.21333333 -0.21333333 -0.21333334 -0.54444444 -0.26334058 -0.26333333 -0.26333333 -0.26333333 -0.26333333 -0.013106407 -0.05221549 -0.052222207 0.10333333 0.10333333 0.10333333 0.10333333 0.10333333 0.098441222 0.13666667 0.13666667 0.13666667 0.13666667 0.13666667 -0.2032649 -0.60666367 -0.60666667 -0.60666667 -0.60666667 -0.24 -0.21111111 -0.21111111 -0.21111111 -0.21111111 0.018888889 0.018883651 -0.18 -0.18 -0.40493363 -0.40777778 -0.40777778 -0.40777778 -0.49333333 -0.49333333 -0.24823532 -0.20333333 -0.20333333 -0.39777778 -0.39777778 -0.39777778 -0.39420358 -0.064444444 -0.064444444
-0.21333333 -0.21333333 -0.21333333 -0.36925849 -0.54444444 -0.54444444 -0.26333333 -0.26333333 -0.26333333 -0.26333333 0.46444444 0.46444444 0.46444444 0.10333333 0.10333333 0.10333333 0.10333333 0.10333994 -0.015555556 -0.015555556 0.1366666 0.13666667 0.12749642 -0.24 -0.24330094 -0.60666667 -0.60666667 -0.60666667 -0.60666667 -0.21115139 -0.21111111 -0.21111111 -0.21111111 -0.21111111 -0.1799993 -0.18 -0.18 -0.18 -0.18081798 -0.40777778 -0.40777778 -0.40777778 -0.49333333 -0.49333333 -0.49333333 -0.20333333 -0.20333333 -0.39777777 -0.39777778 -0.39777778 -0.064444445 -0.064444444 -0.064444444
-0.21333333 -0.21333333 -0.21333333 -0.54444444 -0.54444444 -0.54444444 -0.54444401 -0.26333333 -0.26333333 0.46369317 0.46444444 0.46444444 0.46444444 0.46421946 0.13571023 0.14333333 0.14333333 0.14333333 -0.015555556 -0.015555556 -0.015555556 -0.24 -0.24 -0.24 -0.24007595 -0.55654545 -0.60666667 -0.60666667 -0.60666667 -0.47866428 -0.52885763 -0.52888889 -0.52888889 -0.52888889 -0.3022601 -0.47333267 -0.47333333 -0.47333333 -0.47333333 -0.81327784 -0.81333333 -0.81333333 -0.49333333 -0.49333333 -0.49888887 -0.49888878 -0.18222222 -0.18222222 -0.25777778 -0.25777778 -0.25777778 -0.064444444 0.20309391
-0.2133339 -0.21333333 -0.21333335 -0.54444444 -0.54444444 -0.54444444 -0.54444444 -0.56333325 -0.26453285 0.46385504 0.46444444 0.46444444 0.46444444 0.46381434 0.14333333 0.14333333 0.14333333 0.14333329 -0.015555556 -0.015555556 -0.015555556 -0.24 -0.24 -0.24 -0.51111111 -0.51111111 -0.70111111 -0.70111111 -0.70111111 -0.70017158 -0.52888889 -0.52888889 -0.52888889 -0.52888889 -0.50112646 -0.47333333 -0.47333333 -0.47333333 -0.47333333 -0.81333333 -0.81333333 -0.81333333 -0.80343971 -0.49888889 -0.49888889 -0.49888889 -0.18222222 -0.18222222 -0.25777778 -0.25777778 -0.25777778 0.20333332 0.20333333
-0.39444444 -0.31894928 -0.65333333 -0.65330174 -0.54444444 -0.56322404 -0.56333333 -0.56333333 -0.51434465 -0.18555556 -0.18555556 -0.18555556 -0.18555556 0.18776562 0.18777778 0.14333337 0.14333333 0.13914684 -0.015555556 -0.015555556 -0.015555556 -0.72222222 -0.72222222 -0.72222222 -0.51111111 -0.51111111 -0.70111111 -0.70111111 -0.70111111 -0.70111131 -0.9699972 -0.96999876 -0.53997555 -0.52936179 -1.0771491 -1.0777778 -1.0777778 -1.0777778 -1.0777778 -0.81333333 -0.81333333 -0.81333333 -0.51620331 -0.49888889 -0.49888889 -0.49888889 -0.18222222 -0.18222222 -0.18222494 -0.25777778 -0.25776655 -0.0066666667 0.20333333
-0.45221125 -0.45222226 -0.65333333 -0.65333333 -0.65333333 -0.56333333 -0.56333333 -0.56333333 -0.42888889 -0.42888889 -0.18555556 -0.18555556 -0.18555556 0.18777778 0.18777778 0.18777778 0.18777778 0.18775504 -0.015555556 -0.015555556 -0.015555583 -0.72222222 -0.72222222 -0.72222222 -0.51111111 -0.51111111 -0.70111111 -0.70111111 -0.70111111 -0.96696826 -0.97 -0.97 -0.97 -0.97 -1.0777246 -1.0777778 -1.0777778 -1.0777778 -1.0777778 -0.99888884 -0.99888889 -0.99888889 -0.99888889 -0.49888901 -0.51444444 -0.51444444 -0.51444444 -0.051111111 -0.051111111 -0.051111111 -0.0066666667 -0.0066666667 -0.0066666667
-0.45222222 -0.45222222 -0.65333333 -0.65333333 -0.65333333 -0.56380639 -0.56333333 -0.42888889 -0.42888889 -0.42888889 -0.18558551 -0.18555556 -0.26908386 0.18777767 0.18777778 0.18777778 0.18777778 -0.25555555 -0.25555556 -0.25555556 -0.75444444 -0.75444442 -0.72222238 -0.72222222 -0.72230655 -0.96444444 -0.96444444 -0.96444382 -0.70115367 -1.171071 -1.17111 -1.171076 -0.97034372 -0.97017356 -1.0587129 -1.0777779 -1.0788241 -1.39 -1.39 -0.99888889 -0.99888889 -0.99888889 -0.99888889 -0.51444444 -0.51444444 -0.51444444 -0.51444444 -0.051111111 -0.051111111 -0.051111111 -0.0066666667 -0.0066666667 -0.0066666667
-0.45222222 -0.45222222 -0.65333333 -0.65333333 -0.65333333 -0.65333333 -0.51301471 -0.42888889 -0.42888889 -0.42888889 -0.42881094 -0.28777778 -0.28777778 -0.28777778 0.18497522 0.18777778 -0.25260129 -0.25555556 -0.25555556 -0.25555556 -0.75444444 -0.75444444 -0.75444444 -0.75444444 -0.96444444 -0.96444444 -0.96444444 -0.96444444 -0.96444444 -1.1711111 -1.1711111 -1.1711111 -1.1711111 -1.1711111 -1.1477778 -1.39 -1.39 -1.39 -1.39 -1.3899981 -0.85 -0.85 -0.85 -0.70464909 -0.40333333 -0.40333333 -0.40333333 -0.051111121 -0.051111389 -0.33777778 -0.33777778 0.12552339 0.12555556
-0.45222222 -0.45222222 -0.58074634 -0.65333333 -0.65333333 -0.65333333 -0.62298829 -0.42950167 -0.42888889 -0.42888889 -0.28777779 -0.28777778 -0.28777778 -0.28777778 -0.28777778 -0.24879323 -0.25555556 -0.25555556 -0.25555556 -0.25555556 -0.75444059 -0.75444444 -0.75444444 -0.75444444 -0.96444444 -0.96444444 -0.96444444 -0.96444444 -0.96444444 -1.2737439 -1.1711111 -1.1711111 -1.1711111 -1.1477778 -1.1477778 -1.1479659 -1.39 -1.39 -1.1961541 -1.0455556 -0.85 -0.85 -0.85 -0.70721723 -0.40333333 -0.40333333 -0.40333333 -0.69 -0.34216643 -0.33777778 -0.33777778 0.12555556 0.12555556
-0.41222222 -0.41222222 -0.41222222 -0.59288015 -0.65312518 -0.62333333 -0.62333333 -0.62333333 -0.62333333 -0.34444445 -0.34444444 -0.28777778 -0.28777778 -0.28777778 -0.28777778 -0.28777574 -0.25555556 -0.25555556 -0.25555556 -0.25555556 -0.53674552 -0.75444444 -0.75444444 -0.74801815 -0.52917426 -0.96444444 -0.96444444 -0.96444444 -1.31 -1.31 -1.31 -1.3099994 -1.1477778 -1.1477778 -1.1477778 -1.1477778 -1.0455556 -1.0455556 -1.0455556 -1.0455556 -0.69111111 -0.69111111 -0.69111111 -0.60666836 -0.60666667 -0.60666667 -0.6066666 -0.69 -0.69 -0.33820694 -0.33777778 0.12555417 0.12555556
