interpolatedSpi/03-11|23_2.tif
NCOLS 53
NROWS 52
XLLCORNER -116.03883
YLLCORNER 28.596182
DX 0.49850594
DY 0.49788537
NODATA_VALUE -9999
[rows 0 to 25 of 52, columns 0 to 52 of 53]
-0.21444444 -0.21444444 -0.50797721 -0.56888889 -0.29888889 -0.39444444 -0.48333333 -0.31 -0.95573232 -0.91555556 -0.58444444 -0.70222222 -1.0799701 -0.71666667 -0.39888889 -0.39888889 -0.39888889 -0.69777778 -0.44 -0.44 -0.44 -0.43999837 -0.27111112 -0.81222222 -0.81222222 -0.81222222 -1.0466658 -1.0466667 -1.0466667 -1.44 -1.44 -1.44 -1.44 -1.4988889 -1.4988889 -1.4988889 -1.4988889 -1.4988889 -1.4988889 -1.4988888 -0.059943205 -0.044634444 -0.79 -0.79 -0.79 -0.79 -0.78954266 -0.51 -0.51 -0.51 -0.3211115 -0.32111111 -0.32111111
-0.21446666 -0.71444444 -0.41333341 -0.42010507 -0.50116866 -0.67 -0.69777778 -0.68106752 -0.93777778 -0.82 -0.86555556 -1.08 -1.08 -0.92375162 -0.71666637 -0.39888889 -0.69777778 -0.69777778 -0.44033611 -0.44 -0.44 -0.44 -0.82900761 -0.81222222 -0.81222222 -0.81222222 -0.74222223 -0.74222222 -1.44 -1.44 -1.44 -1.44 -1.44 -1.4988889 -1.4988889 -1.4988889 -1.4988889 -1.4988889 -1.4988888 -1.2846187 -0.16787339 -0.71449875 -0.79 -0.79 -0.79 -0.79 -0.79 -0.51 -0.51 -0.51 -0.49433715 -0.32111111 -0.32111111
0.35997182 0.36 -0.48333333 -0.36333333 -0.62555556 -0.097777778 -0.46666667 -0.15333333 -0.91555556 -1.0077778 -1.0055556 -0.90111111 -1.2244444 -1.2111111 -0.92444444 -1.3733333 -0.69777778 -0.69777778 -0.69777778 -0.4777668 -0.47777778 -0.47777778 -1.1311111 -0.81222222 -0.81222222 -0.81222222 -0.74222222 -0.74222222 -0.74222222 -1.44 -1.44 -1.44 -1.2832775 -1.4971557 -1.4923527 -0.80310146 -0.79666667 -0.79666667 -0.71756902 -0.16777778 -0.16777778 -0.16857344 -0.79 -0.79 -0.79 -0.79 -0.79 -0.51 -0.51 -0.51 -0.51 -0.32111111 -0.32111111
0.29555556 0.35999985 -0.3656907 -0.27 -0.92111111 -0.70666667 -0.64777778 -0.99111111 -0.62666667 -0.9061568 -1.1522222 -1.1955556 -1.2322222 -1.2111111 -1.3822222 -1.3733333 -0.94441802 -0.94094062 -0.73888889 -0.47777778 -0.47777778 -0.97444444 -1.1311111 -1.1311111 -0.81222222 -0.81222187 -0.74222222 -0.74222222 -0.74222222 -0.99555556 -1.0607872 -1.1144444 -1.1144444 -1.1144442 -0.79666667 -0.79666667 -0.79666667 -0.79666667 -0.16777778 -0.16777778 -0.16777778 -0.1677778 -0.79 -0.79 -0.79 -0.79 -0.79 -0.51000353 -0.51 -0.51 -0.51 -0.32114265 -0.32111111
0.29555556 -0.19111143 -0.36555556 -0.75516395 -0.92111111 -1.06 -1.1244524 -1.5644444 -1.57 -1.1555557 -1.2662016 -1.3132307 -0.59666667 -1.3822222 -1.3822222 -1.3694839 -0.94111111 -0.94111111 -0.73888889 -0.73888889 -0.47777876 -0.97444444 -0.70888889 -0.23333333 -0.55444444 -0.55443436 -0.74222222 -0.74222222 -0.99555556 -0.99555556 -1.1144444 -1.1144444 -1.1144444 -1.0394342 -0.79666667 -0.79666667 -0.79666667 -0.16777778 -0.16777778 -0.16777778 -0.16777778 -0.16783183 -0.79 -0.79 -0.79 -0.79 -0.79 -0.78750765 -0.51 -0.51003483 -1.2866667 -1.2866667 -1.2866667
-1.2888889 -0.66444444 -0.58444443 -0.41333333 -0.59555556 -0.94888889 -1.3466667 -1.3745485 -1.4533333 -1.6355556 -1.5744444 -1.2833333 -1.2833329 -1.2522222 -1.2522222 -0.63214496 -0.63222222 -0.86666667 -0.86666667 -0.73888863 -0.90555556 -0.90555556 -0.23333333 -0.55444444 -0.55444444 -0.51111111 -0.97222222 -0.97222222 -0.72669157 -0.99555556 -1.1144444 -1.1144444 -0.71666667 -0.71665262 -0.58223183 -0.47666667 -0.47666667 -0.26333961 -0.16777778 -0.16777778 -0.72707934 -0.72777778 -0.7277768 -0.61863498 -0.61557484 -0.6155556 -0.61555556 -0.61555563 -1.212279 -1.2866667 -1.2866667 -1.2866667 -1.2866667
-0.084448194 -0.51222222 -0.28713918 -0.61555556 -0.66666667 -1.2211111 -0.94555556 -1.2566667 -1.7033333 -1.7033333 -1.5744444 -1.4933333 -1.2211111 -1.2522222 -0.31222504 -0.31222222 -0.63222222 -0.14111111 -0.44666667 -0.44666667 -0.70291165 -0.47555556 -0.47555556 -0.54 -0.51111111 -0.51111111 -0.97222222 -0.97222222 -0.72668797 -0.72705888 -0.45530387 -0.71666667 -0.71666667 -0.58222222 -0.58222222 -0.66244944 -0.47666667 -0.47666667 -0.81332166 -0.7277779 -0.72777778 -0.72777778 -0.72777267 -0.61555657 -0.61555556 -0.61555556 -0.61555556 -0.61555592 -1.2244444 -1.2866543 -1.2866667 -1.2866667 -1.2866667
-0.084444444 -0.70111111 -0.25111111 -0.95 -0.62446311 -1.0511111 -1.43 -1.46 -1.2711111 -1.5522222 -1.5522222 -1.0122222 -1.2211111 -1.2211111 -0.31845804 -0.47818238 -0.49444444 -0.15888889 -0.54333323 -0.44666667 -0.29796279 -0.24777778 -0.80333333 -0.048888892 -0.048898706 -0.81 -0.43888889 -0.43888908 -1.0909413 -1.0922222 -0.45333333 -0.72453508 -0.60555556 -0.58222222 -0.58726097 -0.81777778 -0.81777778 -0.81333333 -0.81333333 -0.72777778 -0.72777778 -0.72777777 -0.79547255 -0.79777777 -0.61555556 -0.61555556 -0.61555556 -1.2244213 -1.2244444 -1.2244444 -1.2866667 -1.2866667 -1.2866667
-0.77814889 -0.7011111 -0.052222222 -0.97111111 -0.70888889 -1.2477778 -0.79 -0.52444444 -1.2611111 -0.57797289 -0.51111111 -1.1122222 -1.1122222 -0.53111111 -0.53111087 -0.52103679 -0.52111111 -0.52111111 -0.21757493 -0.94666664 -0.83888889 -0.83888888 -1.0633333 -0.90579505 -0.7333001 -0.81 -0.54555556 -0.43888889 -0.57697069 -0.57777778 -0.75777778 -0.87555556 -0.70375318 -1.0666667 -0.75888889 -0.91444444 -0.84888889 -0.53333333 -0.44670669 -0.72598731 -0.32666667 -0.43666667 -0.79772423 -0.79777778 -0.79675213 -0.61555556 -1.0055555 -1.2244444 -1.2244444 -1.2244444 -1.2244444 -1.2170808 -0.15444444
-1.2088889 -1.2088889 0.0044444444 -0.17555556 -0.95444444 -0.63333333 -0.63777778 -1.1 -0.63333333 -0.40448589 -0.99666667 -0.19444444 -0.53111111 -0.53111111 -0.50555556 -0.50576891 -0.52111111 -0.52103652 -0.17333333 -0.94666667 -0.94666667 -0.93278125 -1.0633333 -0.77000555 -0.77 -0.77 -0.54555556 -0.23666667 -0.23666667 -0.57777778 -0.57777778 -0.8749086 -0.53444444 -1.0666667 -0.81444444 -0.91444444 -0.84888889 -0.97777778 -0.44666667 -0.12638739 -0.43666666 -0.44850316 -0.46888889 -0.79777778 -0.79777778 -1.0055556 -1.0055556 -1.0055556 -1.2244444 -1.2244444 -0.72777778 -0.72777778 -0.72777756
-1.2088889 -1.2088889 -0.53777778 -0.88111111 -0.91666667 -0.32888889 -1.0122222 -0.32877026 -0.46444444 -0.34222222 -0.13555556 -0.013333333 -0.19420383 -0.50555556 -0.50555556 -0.50554043 -0.37444444 -0.36388919 -0.17333333 -0.065555556 -0.065555556 -0.24777778 -0.24777778 -0.77 -0.77 -0.77 -0.23666667 -0.23666667 -0.23666667 -0.56555556 -0.56555556 -0.5655555 -0.73 -0.73 -1.2044444 -0.91 -0.51888889 -0.57444924 -0.53888889 -0.12111111 -0.12111111 -0.61333286 -0.46888889 -0.79777778 -0.23666685 -0.34111111 -0.4247345 -0.42222222 -0.64333333 -0.64333333 -0.72777778 -0.72777778 -0.72777778
-1.2088889 -0.9191734 -0.68429036 -0.97554533 -0.41333333 -0.62666667 -1.0122222 -0.32777778 -0.4644433 -0.3435763 -0.013333761 -0.013333333 0.10222222 -0.50555555 -0.50555556 -0.37444445 -0.37444444 -0.374433 -0.17333333 -0.065555556 -0.10134029 -0.24777778 -0.24777778 -0.76997846 -0.77 -0.57678595 -0.18222222 -0.18222222 -0.18222223 -0.56555556 -0.56555556 -0.25444444 -0.25444444 -0.7300013 -1.2044444 -0.61444472 -0.61813018 -0.57444444 -0.57444444 -0.12111113 -0.61333333 -0.61333333 -0.61333059 -0.23666667 -0.23666667 -0.34111111 -0.42222222 -0.42222222 -0.64333333 -0.64333333 -0.72777778 -0.72777778 -0.72777778
-0.43111111 -0.43261355 -0.41890574 -0.4229144 -0.41333459 -0.62666163 -1.0122222 -0.3362029 -0.45502671 -0.4612529 0.10222222 0.10222222 0.10222222 0.10222222 -0.50546946 -0.37444444 -0.37444444 -0.37184778 -0.17333333 -0.065452098 0.29444444 0.29444444 0.29444444 0.29444444 -0.75149982 -0.18222222 -0.18222222 -0.18222222 -0.18222222 -0.1823398 -0.25444444 -0.25444444 -0.25444444 -0.25444444 -0.61444444 -0.61444444 -0.61444444 -0.57703032 -0.57366001 -0.47 -0.47 -0.61332562 -0.47999167 -0.2366901 -0.23666667 -0.34111111 -0.42222222 -0.42222222 -0.64333333 -0.64333333 -0.72747142 -0.72777778 -0.95623573
-0.43111111 -0.41888889 -0.41888889 -0.41888889 -0.41888889 -0.41888898 -1.0112352 -0.68838629 -0.42990108 0.10161507 0.10222222 0.10222222 0.10222222 0.10222222 0.10222249 -0.37444445 -0.37444441 -0.36064959 -0.17333462 0.29444444 0.29444444 0.29444444 0.29444444 0.29444444 0.29982276 0.11209039 0.20111103 0.20111111 0.20111111 0.20111111 -0.25444443 -0.25444444 -0.25444381 0.27666667 0.27666667 -0.61444444 -0.036530476 -0.02 -0.46999974 -0.47 -0.47 -0.47 -0.48 -0.48 -0.48 -0.47903346 -0.1594815 -0.15777778 -0.15777778 -0.15777778 -0.15777779 -0.50000005 -0.5
-0.55444444 -0.41888889 -0.41888889 -0.41888889 -0.41888889 -0.41888889 -0.41888893 -0.47746675 0.48516978 0.49 0.49 0.49 0.49 0.49 0.49 0.69781812 -0.35734038 -0.34690535 0.29438556 0.29444444 0.29444444 0.29444444 0.29444444 0.29444471 0.54333333 0.54333333 0.54333285 0.20111111 0.20111111 0.20203891 0.66444444 0.66444444 0.27666667 0.27666667 0.27666667 0.027522961 -0.02 -0.02 -0.02 -0.47 -0.47 -0.47 -0.48 -0.48 -0.48 -0.48 -0.15777778 -0.15777778 -0.15777778 -0.15777778 -0.15777778 -0.5 -0.5
-0.55444444 -0.50397865 -0.41888889 -0.41888889 -0.41888889 -0.41888889 0.45649482 0.45666667 0.45666667 0.49 0.49 0.49 0.49 0.49 0.53681771 0.70222222 0.70222222 0.70222222 0.5193135 0.51999977 0.52 0.52 0.52 0.52 0.54333333 0.54333333 0.54333333 0.54333333 0.20111111 0.66444444 0.66444444 0.66444444 0.2766667 0.27666667 0.27666667 0.40666667 -0.01943508 -0.02 -0.02 -0.46997452 -0.41947339 -0.30161588 -0.48 -0.48 -0.38917006 -0.38888889 -0.38888889 -0.15801059 -0.29839577 -0.29888888 -0.29888886 -0.13894359 -0.49999927
-0.55444444 0.088911172 -0.15293358 -0.41888889 -0.41888889 0.45614935 0.45666667 0.45666667 0.45666667 0.45690688 0.49 0.49 0.49 0.49000003 0.70222222 0.70222222 0.70222222 0.70222222 0.52016278 0.52 0.52 0.52 0.52 0.52 0.54333333 0.54333333 0.54333333 0.54333333 0.54377386 0.66444444 0.66444444 0.66444444 0.66222222 0.2766892 0.40666667 0.40666667 0.40666667 0.40623185 -0.28329382 -0.30111111 -0.30111111 -0.30111111 -0.61555556 -0.61555556 -0.38888889 -0.38888889 -0.38888889 -0.29888889 -0.29888889 -0.29888889 -0.29888889 -0.13888889 -0.13888889
0.10636002 0.10666667 0.10666667 0.10666667 0.66777778 0.45667211 0.45666667 0.45666667 0.45666667 0.45666667 0.49159827 0.49000028 0.49 0.70222222 0.70222222 0.70222222 0.70222222 0.70222222 0.6988091 0.52 0.52 0.52 0.52 0.52 0.57188256 0.63777727 0.63777778 0.63777778 0.63777778 0.66444444 0.66222222 0.66222222 0.66222222 0.66222222 0.40666667 0.4066657 0.37 0.37 -0.29273129 -0.30111111 -0.30111111 -0.30111111 -0.61555556 -0.61555556 -0.42398469 -0.38888889 -0.38888889 -0.29888889 -0.29888889 -0.29888889 -0.29717327 -0.13888889 -0.13888889
0.10666667 0.10666667 0.10666667 0.37090226 0.66777778 0.66777778 0.45666667 0.45666667 0.45666667 0.45666667 0.51111111 0.51111111 0.51111111 0.70222222 0.70222222 0.70222222 0.70222222 0.70227033 0.87444444 0.87444444 0.52000014 0.52 0.51986475 0.51444444 0.51555476 0.63777778 0.63777778 0.63777778 0.63777778 0.66221973 0.66222222 0.66222222 0.66222222 0.66222222 0.37000013 0.37 0.37 0.37 0.36762143 -0.30111111 -0.30111111 -0.30111111 -0.61555556 -0.61555556 -0.61555556 -0.38888889 -0.38888889 -0.29888889 -0.29888889 -0.29888889 -0.13888889 -0.13888889 -0.13888889
0.10666667 0.10666667 0.10666667 0.66777778 0.66777778 0.66777778 0.66777746 0.45666667 0.45666667 0.51105491 0.51111111 0.51111111 0.51111111 0.51123019 0.93785408 0.99333333 0.99333333 0.99333333 0.87444444 0.87444444 0.87444444 0.51444444 0.51444444 0.51444444 0.51448304 0.64535424 0.63777778 0.63777778 0.63777778 0.52705039 0.49668295 0.49666667 0.49666667 0.49666667 0.23867756 0.053334053 0.053333333 0.053333333 0.053333333 -0.29444536 -0.29444444 -0.29444444 -0.61555556 -0.61555556 -0.27222366 -0.27222222 -0.26666667 -0.26666667 -0.063333333 -0.063333333 -0.063333333 -0.13888889 -0.064511007
0.10666769 0.10666667 0.10666669 0.66777778 0.66777778 0.66777778 0.66777778 0.47999999 0.45675996 0.51110507 0.51111111 0.51111111 0.51111111 0.51205736 0.99333333 0.99333333 0.99333333 0.9933333 0.87444444 0.87444444 0.87444444 0.51444444 0.51444444 0.51444444 0.65222222 0.65222222 0.80666666 0.80666667 0.80666667 0.80497552 0.49666667 0.49666667 0.49666667 0.49666667 0.2751217 0.053333333 0.053333333 0.053333333 0.053333333 -0.29444444 -0.29444444 -0.29444444 -0.29374525 -0.27222222 -0.27222222 -0.27222222 -0.26666667 -0.26666667 -0.063333334 -0.063333333 -0.063333333 -0.064444444 -0.064444444
0.43777778 0.29005414 0.44666667 0.44673081 0.66777778 0.48108648 0.48 0.48 0.56097303 0.50444445 0.50444444 0.50444444 0.50444444 1.0488712 1.0488889 0.99333338 0.99333333 0.99020079 0.87444444 0.87444444 0.87444444 0.60111111 0.60111111 0.60111111 0.65222222 0.65222222 0.80666667 0.80666667 0.80666667 0.80666652 0.61111038 0.61111079 0.49954306 0.49678936 -0.10153759 -0.10222222 -0.10222222 -0.10222222 -0.10222222 -0.29444444 -0.29444444 -0.29444444 -0.27344572 -0.27222222 -0.27222222 -0.27222229 -0.26666667 -0.26666667 -0.26665935 -0.063333333 -0.063355195 -0.55222222 -0.064444444
0.52664979 0.52666665 0.44666667 0.44666667 0.44666667 0.48 0.48 0.48 0.70222222 0.70222222 0.50444444 0.50444444 0.50444444 1.0488889 1.0488889 1.0488889 1.0488889 1.0488693 0.87444444 0.87444444 0.87444443 0.60111111 0.60111111 0.60111111 0.65222222 0.65222222 0.80666667 0.80666667 0.80666667 0.61331601 0.61111111 0.61111111 0.61111111 0.61111111 -0.10187024 -0.10222222 -0.10222222 -0.10222222 -0.10222222 -0.10111116 -0.10111111 -0.10111111 -0.10111111 -0.27222497 -0.63 -0.63 -0.63 -0.79666667 -0.79666667 -0.79666667 -0.55222222 -0.55222222 -0.55222222
0.52666667 0.52666667 0.44666667 0.44666667 0.44666667 0.47982479 0.48 0.70222222 0.70222222 0.70222222 0.50446879 0.50444444 0.51533944 1.0488888 1.0488889 1.0488889 1.0488889 0.35333333 0.35333333 0.35333333 0.41555556 0.41555569 0.60111021 0.60111111 0.60112217 0.59555556 0.59555556 0.59555606 0.80663255 0.43670143 0.4366676 0.43669712 0.61081297 0.61096057 0.024710863 -0.10222224 -0.10235627 -0.14222222 -0.14222222 -0.10111111 -0.10111111 -0.10111111 -0.10111111 -0.63 -0.63 -0.63 -0.63 -0.79666667 -0.79666667 -0.79666667 -0.55222222 -0.55222222 -0.55222222
0.52666667 0.52666667 0.44666667 0.44666667 0.44666667 0.44666667 0.56317129 0.70222222 0.70222222 0.70222222 0.70212034 0.51777778 0.51777778 0.51777778 1.0457589 1.0488889 0.35796834 0.35333333 0.35333333 0.35333333 0.41555556 0.41555556 0.41555556 0.41555556 0.59555556 0.59555556 0.59555556 0.59555556 0.59555556 0.43666667 0.43666667 0.43666667 0.43666667 0.43666559 -0.072222222 -0.14222222 -0.14222222 -0.14222222 -0.14222222 -0.1422235 -0.55444444 -0.55444444 -0.55444444 -0.60289452 -0.70333333 -0.70333333 -0.70333333 -0.79666666 -0.79666678 -0.91 -0.91 -0.31783481 -0.31777778
0.52666667 0.52666667 0.47554105 0.44666667 0.44666667 0.44666667 0.49592229 0.70157092 0.70222222 0.70222222 0.51777776 0.51777778 0.51777778 0.51777778 0.51777778 0.56128678 0.35333333 0.35333333 0.35333333 0.35333333 0.41555507 0.41555556 0.41555556 0.41555556 0.59555556 0.59555556 0.59555556 0.59555556 0.59555555 0.081146524 0.43666667 0.43666667 0.43666667 -0.072222222 -0.072222222 -0.072276579 -0.14222222 -0.14222222 -0.497398 -0.77333328 -0.55444444 -0.55444444 -0.55444444 -0.60265587 -0.70333333 -0.70333333 -0.70333333 -0.76444444 -0.90818639 -0.91 -0.91 -0.31777778 -0.31777778
