interpolatedSpi/03-12|21_3.tif
NCOLS 53
NROWS 52
XLLCORNER -116.03883
YLLCORNER 28.596182
DX 0.49850594
DY 0.49788537
NODATA_VALUE -9999
[rows 0 to 38 of 52, columns 0 to 52 of 53]
-0.823 -0.823 -0.80296581 -0.968 -0.905 -1.242 -1.195 -1.156 -1.2204024 -1.411 -1.485 -0.997 -1.4119414 -0.7 -0.851 -0.851 -0.851 -0.548 -0.754 -0.754 -0.754 -0.75399537 -0.27300001 -1.174 -1.174 -1.174 -0.79999868 -0.8 -0.8 -0.588 -0.588 -0.588 -0.588 -1.2149999 -1.215 -1.215 -1.215 -1.215 -1.215 -1.215 -0.55708632 -0.54997572 -0.454 -0.454 -0.454 -0.454 -0.4535786 -0.196 -0.196 -0.196 0.46499863 0.465 0.465
-0.82302892 -1.474 -1.0059995 -1.0223591 -1.1830617 -0.715 -0.939 -1.2699215 -1.607 -1.533 -1.269 -1.412 -1.412 -1.1614561 -0.70000693 -0.851 -0.548 -0.548 -0.7537314 -0.754 -0.754 -0.754 -1.171105 -1.174 -1.174 -1.174 -1.163 -1.163 -0.588 -0.588 -0.588 -0.588 -0.588 -1.2149999 -1.215 -1.215 -1.215 -1.215 -1.215 -1.1152438 -0.61103366 -0.47305085 -0.454 -0.454 -0.454 -0.454 -0.454 -0.196 -0.196 -0.196 -0.14118925 0.465 0.465
-1.2519875 -1.252 -0.558 -0.639 -0.831 -1.187 -0.657 -1.207 -1.571 -1.482 -1.231 -1.563 -1.035 -1.044 -1.163 -1.677 -0.548 -0.548 -0.548 -0.96693808 -0.967 -0.967 -1.119 -1.174 -1.174 -1.174 -1.163 -1.163 -1.163 -0.588 -0.588 -0.588 -0.63132601 -1.2135911 -1.2105788 -0.74435265 -0.74 -0.74 -0.7237752 -0.611 -0.611 -0.61079924 -0.454 -0.454 -0.454 -0.454 -0.454 -0.196 -0.196 -0.196 -0.196 0.465 0.465
-0.339 -1.2519999 -0.99498361 -0.248 -0.903 -0.91 -0.83 -1.19 -1.074 -1.1430115 -1.262 -1.731 -1.66 -1.044 -1.231 -1.677 -1.7365409 -1.7361669 -1.711 -0.967 -0.967 -1.399 -1.119 -1.119 -1.174 -1.1739999 -1.163 -1.163 -1.163 -0.928 -0.79083057 -0.678 -0.678 -0.67800004 -0.74 -0.74 -0.74 -0.74 -0.611 -0.611 -0.611 -0.61099999 -0.454 -0.454 -0.454 -0.454 -0.454 -0.19600325 -0.196 -0.196 -0.196 0.46495626 0.465
-0.339 -0.1230016 -0.995 -1.1833664 -0.903 -0.843 -1.3249815 -1.274 -1.359 -1.0750001 -1.303194 -1.4129516 -1.075 -1.231 -1.231 -1.5303605 -1.737 -1.737 -1.711 -1.711 -0.96700081 -1.399 -1.221 -0.8 -0.588 -0.58792203 -1.163 -1.163 -0.928 -0.928 -0.678 -0.678 -0.678 -0.63311954 -0.74 -0.74 -0.74 -0.611 -0.611 -0.611 -0.611 -0.61099064 -0.454 -0.454 -0.454 -0.454 -0.454 -0.45170348 -0.196 -0.1960304 -0.874 -0.874 -0.874
-1.467 -0.772 -0.59700001 -0.909 -1.101 -1.027 -1.271 -1.2713841 -0.926 -0.675 -0.704 -0.202 -0.20200058 -1.331 -1.331 -1.7188749 -1.719 -1.45 -1.45 -1.7109992 -0.926 -0.926 -0.8 -0.588 -0.588 -0.254 -0.475 -0.475 -0.4440439 -0.928 -0.678 -0.678 -0.44 -0.43998391 -0.28601114 -0.682 -0.682 -0.63296547 -0.611 -0.611 -0.51412098 -0.514 -0.51399895 -1.067967 -1.0789309 -1.0789998 -1.079 -1.0789998 -0.60596 -0.874 -0.874 -0.874 -0.874
0.15598834 -0.455 -0.32297277 -0.35 -0.711 -1.371 -0.844 -0.896 -1.003 -1.003 -0.704 -1.097 -1.121 -1.331 -1.2010004 -1.201 -1.719 -1.185 -0.821 -0.821 -0.9165747 -0.906 -0.906 -0.16200001 -0.254 -0.254 -0.475 -0.475 -0.44399767 -0.44395708 -0.27739225 -0.44 -0.44 -0.286 -0.286 -0.69507136 -0.682 -0.682 -0.70099934 -0.51400026 -0.514 -0.514 -0.51399391 -1.0789959 -1.079 -1.079 -1.079 -1.0789997 -0.574 -0.87394055 -0.874 -0.874 -0.874
0.156 0.141 0.053 -1.078 -1.0400022 -1.03 -0.787 -1.323 -1.327 -1.188 -1.188 -1.227 -1.121 -1.121 -1.2004511 -1.5525522 -1.587 -0.859 -0.89899992 -0.821 -0.26770771 -0.27 -0.108 0.123 0.12299924 0.064 -0.544 -0.54399998 -0.40414017 -0.404 -0.277 -0.72374536 -0.662 -0.286 -0.30014651 -0.706 -0.706 -0.701 -0.701 -0.514 -0.514 -0.51399999 -0.33571704 -0.33600004 -1.079 -1.079 -1.079 -0.57401922 -0.574 -0.574 -0.874 -0.874 -0.874
0.029792509 0.14100001 0.565 -0.297 -0.579 -0.806 -0.989 -0.977 -1.187 -1.0171458 -1.108 -1.103 -1.103 -1.047 -1.0469979 -1.0854019 -1.084 -1.084 -0.86510606 -0.43899996 -0.243 -0.243 -0.141 -0.12100476 0.069945642 0.064 -0.486 -0.544 -0.47540096 -0.475 -0.741 -0.345 -0.35406698 -0.813 -0.782 -0.895 -0.925 -0.967 -0.8100725 -0.51202255 -0.071 -0.268 -0.33598209 -0.336 -0.34018201 -1.079 -1.159 -0.57400001 -0.574 -0.574 -0.574 -0.83764383 -0.248
-0.592 -0.592 0.822 0.319 -0.561 -0.856 -0.938 -0.736 -0.889 -0.97400864 -1.197 -0.293 -1.047 -1.047 -0.826 -0.82953859 -1.084 -1.0839232 -0.736 -0.439 -0.439 -0.41374863 -0.141 -0.39799513 -0.398 -0.398 -0.486 -0.131 -0.131 -0.475 -0.475 -0.34503414 -0.363 -0.813 -0.289 -0.895 -0.925 -0.624 -0.81 -0.71555587 -0.26799999 -0.25257175 -0.226 -0.336 -0.336 -1.159 -1.159 -1.159 -0.574 -0.574 -0.582 -0.582 -0.58199987
-0.592 -0.592 0.008 -0.629 -1.03 -0.376 -0.902 -1.1449564 -1.123 -0.976 -1.163 -1.057 -0.29401823 -0.826 -0.826 -0.82600185 -0.842 -0.83643662 -0.736 -1.014 -1.014 -0.613 -0.613 -0.398 -0.398 -0.398 -0.131 -0.131 -0.131 -0.569 -0.569 -0.56899966 -0.49 -0.49 -0.756 -0.894 -0.361 -1.1329911 -0.952 -0.714 -0.714 -0.41099939 -0.226 -0.336 -0.50300016 -0.763 -0.68305863 -0.681 -0.464 -0.464 -0.582 -0.582 -0.582
-0.592 -0.33308455 -0.26383062 -0.7099922 -0.249 -1.055 -0.902 -1.145 -1.1230002 -0.97762858 -1.0569999 -1.057 -0.897 -0.826 -0.826 -0.842 -0.842 -0.84199397 -0.736 -1.014 -0.93525176 -0.613 -0.613 -0.39800913 -0.398 -0.4433633 -0.536 -0.536 -0.53599995 -0.569 -0.569 -0.56 -0.56 -0.49000073 -0.756 -0.59100012 -0.31738393 -1.133 -1.133 -0.71399999 -0.411 -0.411 -0.41100064 -0.503 -0.503 -0.763 -0.681 -0.681 -0.464 -0.464 -0.582 -0.582 -0.582
-1.131 -0.5394653 -0.57700122 -0.57795679 -0.24900424 -1.054981 -0.902 -1.1420088 -1.124516 -1.1191614 -0.897 -0.897 -0.897 -0.897 -0.82601006 -0.842 -0.842 -0.84063137 -0.736 -1.0140263 -1.111 -1.111 -1.111 -1.111 -0.41017569 -0.536 -0.536 -0.536 -0.536 -0.53605078 -0.56 -0.56 -0.56 -0.56 -0.591 -0.591 -0.591 -1.1056485 -1.1304314 -0.791 -0.791 -0.41102044 -0.66999428 -0.50301609 -0.503 -0.763 -0.681 -0.681 -0.464 -0.464 -0.58157191 -0.582 -0.30168672
-1.131 -0.577 -0.577 -0.577 -0.577 -0.5770002 -0.90239152 -1.0169757 -1.1285606 -0.89723977 -0.897 -0.897 -0.897 -0.897 -0.8970002 -0.842 -0.84199998 -0.83472912 -0.73600269 -1.111 -1.111 -1.111 -1.111 -1.111 -1.1005569 -0.61171067 -0.64999998 -0.65 -0.65 -0.65 -0.56 -0.56 -0.55999993 -0.501 -0.501 -0.591 -0.47530918 -0.472 -0.79099982 -0.791 -0.791 -0.791 -0.67 -0.67 -0.67 -0.6706472 -0.70684787 -0.707 -0.707 -0.707 -0.707 -0.20900008 -0.209
-0.97 -0.577 -0.577 -0.577 -0.577 -0.577 -0.57700002 -0.92924354 -1.1726437 -1.173 -1.173 -1.173 -1.173 -1.173 -1.173 -0.88883568 -0.84264122 -0.82748509 -1.1109529 -1.111 -1.111 -1.111 -1.111 -1.1109995 -0.628 -0.628 -0.62800003 -0.65 -0.65 -0.64949138 -0.396 -0.396 -0.501 -0.501 -0.501 -0.47664536 -0.472 -0.472 -0.472 -0.791 -0.791 -0.791 -0.67 -0.67 -0.67 -0.67 -0.707 -0.707 -0.707 -0.707 -0.707 -0.209 -0.209
-0.97 -0.82369056 -0.577 -0.577 -0.577 -0.577 -0.85494544 -0.855 -0.85500001 -1.173 -1.173 -1.173 -1.173 -1.173 -1.109024 -0.883 -0.883 -0.883 -0.69626696 -0.69500042 -0.695 -0.695 -0.695 -0.695 -0.628 -0.628 -0.628 -0.628 -0.65 -0.396 -0.396 -0.396 -0.50099999 -0.501 -0.501 -0.202 -0.47164251 -0.472 -0.472 -0.79087271 -0.53700407 0.055462526 -0.67 -0.67 -0.57429626 -0.574 -0.574 -0.70642319 -0.35722659 -0.35600003 -0.35600007 -0.032026871 -0.20899964
-0.97 -0.85419593 -0.71565661 -0.577 -0.577 -0.85483574 -0.855 -0.855 -0.855 -0.8572916 -1.173 -1.173 -1.173 -1.173 -0.883 -0.883 -0.883 -0.883 -0.69516794 -0.695 -0.695 -0.695 -0.695 -0.695 -0.628 -0.628 -0.628 -0.628 -0.62715614 -0.396 -0.396 -0.396 -0.393 -0.50096698 -0.202 -0.202 -0.202 -0.19743619 0.024452952 0.058 0.058 0.058 -0.458 -0.458 -0.574 -0.574 -0.574 -0.356 -0.356 -0.356 -0.356 -0.032 -0.032
-0.8510078 -0.851 -0.851 -0.851 -0.669 -0.8549952 -0.855 -0.855 -0.855 -0.855 -1.1376442 -1.1729939 -1.173 -0.883 -0.883 -0.883 -0.883 -0.883 -0.84515677 -0.695 -0.695 -0.695 -0.695 -0.695 -0.58856876 -0.46800087 -0.468 -0.468 -0.468 -0.396 -0.393 -0.393 -0.393 -0.393 -0.202 -0.20198902 0.215 0.215 0.059960379 0.058 0.058 0.058 -0.458 -0.458 -0.55603921 -0.574 -0.574 -0.356 -0.356 -0.356 -0.35252588 -0.032 -0.032
-0.851 -0.851 -0.851 -0.76529348 -0.669 -0.669 -0.855 -0.855 -0.855 -0.855 -0.706 -0.706 -0.706 -0.883 -0.883 -0.883 -0.883 -0.88289721 -0.517 -0.517 -0.69499993 -0.695 -0.69672855 -0.766 -0.76331723 -0.468 -0.468 -0.468 -0.468 -0.39300764 -0.393 -0.393 -0.393 -0.393 0.21499853 0.215 0.215 0.215 0.21444276 0.058 0.058 0.058 -0.458 -0.458 -0.458 -0.574 -0.574 -0.356 -0.356 -0.356 -0.032 -0.032 -0.032
-0.851 -0.851 -0.851 -0.669 -0.669 -0.669 -0.66900028 -0.855 -0.855 -0.70615381 -0.706 -0.706 -0.706 -0.70611027 -0.37953926 -0.261 -0.261 -0.261 -0.517 -0.517 -0.517 -0.766 -0.766 -0.766 -0.76577786 -0.20836047 -0.468 -0.468 -0.468 -0.21416291 -0.17102183 -0.171 -0.171 -0.171 0.17795143 0.1270002 0.127 0.127 0.127 -0.065983033 -0.066 -0.066 -0.458 -0.458 -0.5059998 -0.50599998 -0.436 -0.436 -0.23 -0.23 -0.23 -0.032 -0.058975859
-0.85099771 -0.851 -0.85099999 -0.669 -0.669 -0.669 -0.669 -0.23600018 -0.852525 -0.70573431 -0.706 -0.706 -0.706 -0.70512679 -0.261 -0.261 -0.261 -0.26100007 -0.517 -0.517 -0.517 -0.766 -0.766 -0.766 0.027 0.027 -0.046999999 -0.047 -0.047 -0.047676459 -0.171 -0.171 -0.171 -0.171 -0.022081885 0.127 0.127 0.127 0.127 -0.066 -0.066 -0.066 -0.079844083 -0.506 -0.506 -0.506 -0.436 -0.436 -0.23 -0.23 -0.23 -0.059000006 -0.059
-0.114 -0.45394023 -0.394 -0.39407978 -0.669 -0.23850532 -0.236 -0.236 -0.2308987 -0.413 -0.413 -0.413 -0.413 0.34197542 0.342 -0.26099954 -0.261 -0.26774522 -0.517 -0.517 -0.517 0.31 0.31 0.31 0.027 0.027 -0.047 -0.047 -0.047 -0.046999962 0.005998875 0.0059995029 -0.16655137 -0.17081024 -0.28486628 -0.285 -0.285 -0.285 -0.285 -0.066 -0.066 -0.066 -0.48177219 -0.506 -0.506 -0.50599996 -0.436 -0.436 -0.43599258 -0.23 -0.23001811 -0.635 -0.059
-0.25597303 -0.25600002 -0.394 -0.394 -0.394 -0.236 -0.236 -0.236 -0.222 -0.222 -0.413 -0.413 -0.413 0.342 0.342 0.342 0.342 0.34190238 -0.517 -0.517 -0.51699997 0.31 0.31 0.31 0.027 0.027 -0.047 -0.047 -0.047 0.0054024211 0.006 0.006 0.006 0.006 -0.28485641 -0.285 -0.285 -0.285 -0.285 -0.013000014 -0.013 -0.013 -0.013 -0.50599847 -0.306 -0.306 -0.306 -0.426 -0.426 -0.426 -0.635 -0.635 -0.635
-0.256 -0.256 -0.394 -0.394 -0.394 -0.23683048 -0.236 -0.222 -0.222 -0.222 -0.41297649 -0.413 -0.071441866 0.34199992 0.342 0.342 0.342 0.132 0.132 0.132 -0.014999993 -0.014999758 0.30999842 0.31 0.30968814 -0.082 -0.082 -0.081999917 -0.047005656 0.092982662 0.092999537 0.092984811 0.006148692 0.0060750801 -0.2331148 -0.28499986 -0.28381367 0.069 0.069 -0.013 -0.013 -0.013 -0.013 -0.306 -0.306 -0.306 -0.306 -0.426 -0.426 -0.426 -0.635 -0.635 -0.635
-0.256 -0.256 -0.394 -0.394 -0.394 -0.394 -0.23076021 -0.222 -0.222 -0.222 -0.22187461 0.005 0.005 0.005 0.34001398 0.342 0.13339939 0.132 0.132 0.132 -0.015 -0.015 -0.015 -0.015 -0.082 -0.082 -0.082 -0.082 -0.082 0.093 0.093 0.093 0.093 0.093000048 0.116 0.069 0.069 0.069 0.069 0.068999545 -0.062 -0.062 -0.062 -0.18728352 -0.447 -0.447 -0.447 -0.426 -0.42600001 -0.439 -0.439 -0.36906471 -0.369
-0.256 -0.256 -0.34419169 -0.394 -0.394 -0.39399999 -0.15811357 -0.22179831 -0.222 -0.222 0.0050000183 0.005 0.005 0.005 0.005 0.032641697 0.132 0.132 0.132 0.132 -0.014998863 -0.015 -0.015 -0.015 -0.082 -0.082 -0.082 -0.082 -0.082 0.0072810556 0.093 0.093 0.093 0.116 0.116 0.1159635 0.069 0.069 0.28510695 0.45299996 -0.062 -0.062 -0.062 -0.18343916 -0.447 -0.447 -0.447 0.23 -0.43066433 -0.439 -0.439 -0.369 -0.369
-0.056 -0.056 -0.056 -0.30925411 -0.39338675 -0.158 -0.158 -0.158 -0.158 0.091999998 0.092 0.0050000062 0.005 0.005 0.005 0.0050080585 0.132 0.132 0.132 0.132 0.049146031 -0.015 -0.015 -0.018375984 -0.14123921 -0.082 -0.082 -0.082 -0.023 -0.023 -0.023 -0.022999513 0.116 0.116 0.116 0.116 0.453 0.453 0.453 0.453 0.121 0.121 0.121 0.18899863 0.189 0.189 0.1889998 0.23 0.23 -0.43818486 -0.439 -0.36899522 -0.369
-0.056 -0.056 -0.056 -0.055995584 0.026 -0.00075662328 -0.158 -0.158 -0.158 0.092 0.092 0.092 0.24299999 0.243 0.243 0.24299999 0.13137168 0.132 0.132 0.132 0.12976391 -0.14399965 -0.144 -0.144 -0.144 -0.144 -0.188 -0.188 -0.023 -0.023 -0.023 -0.023 0.11600033 0.116 0.116 0.11603706 0.45299999 0.453 0.453 0.45112244 0.121 0.121 0.121 0.18899685 0.189 0.189 0.189 0.23 0.23 0.23000005 0.579 0.579 0.609
-0.056 -0.056 -0.056 0.025999811 0.026 0.026 -0.15799993 -0.158 -0.158 0.092 0.092 0.092 0.243 0.243 0.243 0.20842356 -0.211 -0.211 -0.21099911 0.13006264 -0.144 -0.144 -0.144 -0.144 -0.144 -0.14403311 -0.188 -0.188 -0.188 -0.023 -0.023 -0.02317057 0.571 0.571 0.571 -0.157 -0.157 0.025 0.025 0.025 -0.05 0.12094636 0.12100075 0.222 0.222 0.22074934 0.18900016 0.23 0.23 0.579 0.579 0.579 0.609
-0.056 -0.056 -0.056 0.026 0.026 0.026 0.026 -0.158 -0.158 0.092 0.092 0.23696218 0.243 0.243 0.243 -0.211 -0.211 -0.211 -0.211 -0.211 -0.144 -0.144 -0.144 -0.144 -0.144 -0.18799985 -0.188 -0.188 -0.188 -0.288 -0.288 -0.288 0.571 0.571 0.571 -0.157 -0.157 0.025 0.025 -0.05 -0.05 -0.05 0.222 0.222 0.222 0.222 0.24023671 0.444 0.444 0.444 0.579 0.617 0.617
-0.056 -0.056 -0.055885811 0.026 0.026 0.026 0.026 0.0907368 0.094 0.093996566 0.091999997 0.24297965 0.243 0.243 0.24299843 -0.211 -0.211 -0.211 -0.211 -0.211 -0.27730358 -0.144 -0.144 -0.144 -0.14397199 -0.18798987 -0.188 -0.188 -0.188 -0.288 -0.288 -0.288 -0.28787222 0.571 -0.157 -0.157 -0.157 -0.15699232 0.024994885 -0.05 -0.05 -0.05 0.22198349 0.222 0.222 0.222 0.44400031 0.444 0.444 0.444 0.617 0.617 0.617
-0.356 -0.35599948 0.025943388 0.026 0.026 0.026 0.09398553 0.094 0.094 0.094 2.4037754e-09 -8.3266727e-18 -8.3266727e-18 5.8740436e-17 -0.21002612 -0.211 -0.211 -0.211 -0.211 -0.28299996 -0.283 -0.283 -0.0080000226 -0.008 -0.008 -0.008 -0.023536315 -0.188 0.17398517 0.174 0.174 0.174 0.174 0.111 0.111 0.111 0.111 0.111 0.502 0.502 0.502 0.502 0.502 0.47661561 0.477 0.477 0.477 0.444 0.444 0.444 0.61697275 0.617 0.617
-0.356 -0.356 -0.35116059 0.22199961 0.22199996 0.22187508 0.094 0.094 0.094 0.094 1.8557459e-13 -8.3266727e-18 -8.3266727e-18 -8.3266727e-18 -8.749948e-13 -0.211 -0.211 -0.211 -0.28299998 -0.283 -0.283 -0.283 -0.008000001 -0.008 -0.008 -0.008 -0.008 -0.008037907 0.17394362 0.174 0.174 0.174 0.17397735 0.056010543 0.11094306 0.111 0.111 0.111 0.502 0.502 0.502 0.502 0.502 0.477 0.477 0.477 0.477 0.46156856 0.444 0.099882612 0.096 0.177 0.177
-0.356 -0.356 0.22192679 0.222 0.222 0.222 0.18948854 0.094 0.094 0.094 2.1004172e-13 -8.3266727e-18 -8.3266727e-18 -8.3266727e-18 -8.4124106e-18 -0.21084112 -0.211 -0.28297889 -0.283 -0.283 -0.283 -0.283 -0.10987553 -0.008 -0.008 -0.008 -0.008 -0.0079746252 0.028 0.028 0.028 0.028 0.028 0.014 0.014 0.014 0.014 0.014 0.345 0.345 0.345 0.345 0.345 0.4770293 0.47700001 0.477 0.47700203 0.47718989 0.096 0.096 0.096 0.17699955 0.177
-0.35600004 -0.37659058 0.22199992 0.222 0.222 0.222 0.222 0.094054501 0.094 0.094 2.0654246e-10 -8.3266805e-18 -8.3266727e-18 -8.4725455e-18 -0.37351526 -0.382 -0.382 -0.28300255 -0.283 -0.283 -0.283 -0.283 -0.28299999 -0.008 -0.008 -0.008 -0.008 -0.28999969 -0.28999985 -0.22232187 0.028 0.028 0.028 0.013999998 0.014 0.014 0.014 0.013843548 0.345 0.345 0.345 0.345 0.3449859 0.489 0.489 0.489 0.489 0.4889683 0.096 0.096 0.096 0.096000174 0.37701033
-0.377 -0.377 -0.2286729 0.222 0.222 0.222 0.222 0.222 0.09405426 -0.036999998 -0.037 -0.037 -0.036912191 -0.38199945 -0.382 -0.382 -0.382 -0.382 -0.2830002 -0.28474373 -0.3 -0.3 -0.3 -0.22646374 -0.021926329 -0.096443476 -0.15938302 -0.29 -0.29 -0.29 -0.29 -0.29 -0.27616663 -0.21554094 -0.217 -0.217 -0.217 -0.217 0.31043486 0.16100033 0.161 0.161 0.161 0.22600077 0.48899993 0.489 0.489 0.13 0.096000545 0.096 0.096 0.38 0.38
-0.377 -0.377 -0.123 -0.123 -0.123 0.22188508 0.222 0.222 -0.037 -0.037 -0.037 -0.037 -0.037 -0.38199998 -0.382 -0.382 -0.382 -0.382 -0.3 -0.3 -0.3 -0.3 -0.3 -0.18200001 -0.182 -0.182 -0.182 -0.29 -0.29 -0.29 -0.29 -0.29 -0.087 -0.087 -0.217 -0.217 -0.217 0.11994261 0.12 0.161 0.161 0.161 0.16100001 0.226 0.226 0.226 0.13 0.13 0.13 0.031 0.031 0.38 0.38
-0.377 -0.377 -0.123 -0.123 -0.123 -0.123 -0.12299971 -0.07 -0.037031071 -0.037 -0.037 -0.037 -0.037 -0.37769644 -0.382 -0.382 -0.382 -0.382 -0.3 -0.3 -0.3 -0.3 -0.3 -0.182 -0.182 -0.182 -0.182 -0.18200044 -0.29 -0.29 -0.29 -0.087010643 -0.087 -0.087 -0.087 -0.217 0.12 0.12 0.12 0.12107879 0.23181271 0.245 0.245 0.226 0.226 0.226 0.13 0.13 0.13 0.031 0.031 0.031 0.32837417
-0.429 -0.42899959 -0.123 -0.123 -0.123 -0.123 -0.07 -0.07 -0.07 -0.037 -0.037 -0.037 -0.037 -0.03710725 -0.382 -0.382 -0.382 -0.382 -0.30000144 -0.3 -0.3 -0.3 -0.20278749 -0.182 -0.182 -0.182 -0.182 -0.188 -0.188 -0.188 -0.28889768 -0.087 -0.087 -0.087 -0.086999973 -0.059 0.12 0.12 0.12 0.12 0.245 0.245 0.245 0.11 0.11 0.11 -0.14097361 0.13 0.13 0.031000001 0.031 0.031 0.32300115
