interpolatedSpi/03-11|20_2.tif
NCOLS 53
NROWS 52
XLLCORNER -116.03883
YLLCORNER 28.596182
DX 0.49850594
DY 0.49788537
NODATA_VALUE -9999
[rows 0 to 26 of 52, columns 0 to 52 of 53]
0.0055555556 0.0055555555 -0.15830009 -0.57555556 -0.046666667 0.075555556 0.42 0.50222222 -0.0019407937 -0.14888889 -0.15888889 0.37 0.12446366 0.35777778 -0.13444444 -0.13444444 -0.13444444 0.17666667 0.36444444 0.36444444 0.36444444 0.36444014 -0.082222221 0.083333333 0.083333333 0.083333333 0.52222297 0.52222222 0.52222222 0.25444444 0.25444444 0.25444444 0.25444444 0.30777777 0.30777778 0.30777778 0.30777778 0.30777778 0.30777778 0.30777781 1.3509853 1.3620328 0.61888889 0.61888889 0.61888889 0.61888889 0.61912119 0.76111111 0.76111111 0.76111111 1.1533325 1.1533333 1.1533333
0.0055384249 -0.38 -0.12333277 -0.034587968 0.22090356 0.38222222 0.34444444 0.2402488 -0.11777778 0.18555556 0.21888889 0.12444444 0.12444444 0.41868512 0.35777417 -0.13444444 0.17666667 0.17666667 0.36419961 0.36444444 0.36444444 0.36444444 0.055084761 0.083333333 0.083333333 0.083333333 -0.013333327 -0.013333333 0.25444444 0.25444444 0.25444444 0.25444444 0.25444444 0.30777777 0.30777778 0.30777778 0.30777778 0.30777778 0.30777782 0.34499834 0.48557587 0.60271021 0.61888889 0.61888889 0.61888889 0.61888889 0.61888889 0.76111111 0.76111111 0.76111111 0.79363455 1.1533333 1.1533333
0.60219356 0.60222222 0.36444444 0.80555556 0.33111111 0.13444444 0.37555556 -0.043333333 0.16555556 0.19333333 0.49777778 -0.15888889 -0.38666667 0.16111111 0.41888889 0.54444444 0.17666667 0.17666667 0.17666667 0.18227519 0.18222222 0.18222222 -0.45333333 0.083333333 0.083333333 0.083333333 -0.013333333 -0.013333333 -0.013333333 0.25444444 0.25444444 0.25444439 -0.25156051 0.3080898 0.31360036 0.92760107 0.93333333 0.93333333 0.87701469 0.48555556 0.48555556 0.48572606 0.61888889 0.61888889 0.61888889 0.61888889 0.61888889 0.76111111 0.76111111 0.76111111 0.76111111 1.1533333 1.1533333
0.45444444 0.60222217 0.33107792 0.50888889 0.091111111 0.25555556 0.69444444 -0.28555556 0.26777778 0.27102853 0.39222222 0.24555556 0.085555556 0.16111111 0.32111111 0.54444444 -0.25164002 -0.25747338 -0.28666667 0.18222222 0.18222222 -0.66888889 -0.45333333 -0.45333333 0.083333333 0.083332851 -0.013333333 -0.013333333 -0.013333333 -0.77555556 -0.78713875 -0.79666667 -0.79666667 -0.79666531 0.93333333 0.93333333 0.93333333 0.93333333 0.48555556 0.48555556 0.48555556 0.48555556 0.61888889 0.61888889 0.61888889 0.61888889 0.61888889 0.76110932 0.76111111 0.76111111 0.76111111 1.153257 1.1533333
0.45444444 0.27111122 0.33111111 0.37961682 0.091111111 0.34444444 0.12225037 -0.064444444 -0.095555556 0.12555552 0.21987448 0.26336373 0.47555556 0.32111111 0.32111111 0.45793907 -0.25777778 -0.25777778 -0.28666667 -0.28666667 0.18222049 -0.66888889 -0.95333333 -0.38555556 -0.35 -0.3500589 -0.013333333 -0.013333333 -0.77555555 -0.77555556 -0.79666667 -0.79666667 -0.79666667 -0.73485655 0.93333333 0.93333333 0.93333333 0.48555556 0.48555556 0.48555556 0.48555556 0.48550922 0.61888888 0.61888889 0.61888889 0.61888889 0.61888889 0.62015484 0.76111111 0.76102397 -1.1822222 -1.1822222 -1.1822222
-0.98111111 0.16222222 0.48555555 0.26777778 0.34 0.46222222 0.17666667 0.14579754 0.24222222 -0.15222222 0.35888889 -0.26111111 -0.26111063 0.19111111 0.19111111 -0.36218252 -0.36222222 -0.46555556 -0.46555555 -0.28666699 -1.0011111 -1.0011111 -0.38555556 -0.35 -0.35 -0.60222222 -0.92444444 -0.92444444 -0.33115153 -0.77555556 -0.79666667 -0.79666667 -0.46888889 -0.4688861 -0.44222424 -0.77666667 -0.77666667 0.095058297 0.48555556 0.48555556 0.0061542188 0.0055555568 0.0055566217 -0.76512925 -0.78984429 -0.78999962 -0.78999995 -0.78999948 -1.3176832 -1.1822222 -1.1822222 -1.1822222 -1.1822222
-0.25000232 -0.047777778 -0.49708962 0.12444444 0.52555556 -0.13555556 0.033333337 0.19222222 -0.078888889 -0.078888889 0.35888889 -0.07 -0.075555643 0.19111111 -0.19777661 -0.19777778 -0.36222222 -0.40555556 -0.65333333 -0.65333333 -1.0042529 -1.0077778 -1.0077778 -0.88555555 -0.60222222 -0.60222222 -0.92444444 -0.92444444 -0.33111383 -0.33116118 -0.012242818 -0.46888889 -0.46888889 -0.44222222 -0.44222222 -0.93521743 -0.77666667 -0.77666667 -1.3044262 0.0055537317 0.0055555556 0.0055555556 0.0055601751 -0.78999847 -0.79 -0.79 -0.79 -0.79000037 -1.4133333 -1.182268 -1.1822222 -1.1822222 -1.1822222
-0.25 -0.60111111 -0.23222222 -0.77777778 -0.97554422 -0.46333333 -0.048888889 -0.4611111 -0.30444444 -0.18 -0.18 -0.42555556 -0.075555556 -0.075555556 -0.19693922 -0.38701284 -0.40555556 -0.31777778 -0.68777774 -0.65333333 -1.1402182 -1.1133333 -1.27 -0.87444445 -0.87444672 -1.0511111 -1.1166667 -1.1166666 -0.37761425 -0.37777777 -0.011111111 -0.35853199 -0.38111111 -0.44222222 -0.45001802 -1.0677778 -1.0677778 -1.3044444 -1.3044444 0.0055555556 0.0055555556 0.0055555653 -0.51403441 -0.51555557 -0.79 -0.79 -0.79 -1.4133096 -1.4133333 -1.4133333 -1.1822222 -1.1822222 -1.1822222
-0.64696292 -0.6011111 -0.34222222 -0.46555556 -0.23888889 -0.52 -0.22222222 0.27333333 0.20555556 0.33314557 0.11222222 -0.24333333 -0.24333333 -0.40444444 -0.40444202 -0.62826644 -0.62888889 -0.62888889 -0.37425885 -1.2555556 -1.43 -1.43 -1.0322222 -1.1762957 -1.0333078 -1.0511111 -1.0366667 -1.1166667 -0.84160771 -0.84 -0.35222222 0.086666667 -0.1315844 -0.77444444 -0.71555556 -0.83555556 -0.89666667 -0.82111111 -0.86220324 0.0075890524 0.46111111 -0.34444444 -0.51552318 -0.51555556 -0.51710028 -0.79 -1.0811111 -1.4133333 -1.4133333 -1.4133333 -1.4133333 -1.1710166 -0.69444444
-0.90333333 -0.90333333 -0.48666667 -0.36444444 -0.27666667 -0.10555556 -0.054444444 0.04 0.38444444 0.36554568 0.03 0.16888889 -0.40444444 -0.40444444 -0.14666667 -0.15328056 -0.62888889 -0.62883828 -0.40333333 -1.2555556 -1.2555556 -1.2780298 -1.0322222 -1.1455534 -1.1455556 -1.1455556 -1.0366667 -0.62222222 -0.62222222 -0.84 -0.84 0.0858448 -0.34666667 -0.77444444 -0.60555556 -0.83555556 -0.89666667 -1.25 -0.86222222 0.19590182 -0.34444441 -0.33424057 -0.31666667 -0.51555556 -0.51555556 -1.0811111 -1.0811111 -1.0811111 -1.4133333 -1.4133333 -1.0922222 -1.0922222 -1.0922221
-0.90333333 -0.90333333 -0.87 -0.68222222 -0.83666667 -0.23777778 -0.44777777 0.17872501 0.0066666667 0.015555556 0.092222222 0.018888889 0.16868835 -0.14666667 -0.14666667 -0.14669999 -0.43555556 -0.43386438 -0.40333333 -0.43444444 -0.43444444 -0.69111111 -0.69111111 -1.1455556 -1.1455556 -1.1455556 -0.62222222 -0.62222222 -0.62222222 -0.87 -0.87 -0.86999914 -0.66111111 -0.66111111 -0.70333333 -1.0033333 -0.74555556 -0.70666493 -1.03 0.21333333 0.21333333 -0.20444481 -0.31666667 -0.51555556 -0.61444448 -0.69 -0.65960098 -0.65777778 -0.87222222 -0.87222222 -1.0922222 -1.0922222 -1.0922222
-0.90333333 -0.88887983 -0.78986852 -0.88332435 -0.51111111 -0.85111111 -0.44777778 0.17888889 0.0066681049 0.015457077 0.018888885 0.018888889 -0.023333333 -0.14666667 -0.14666667 -0.43555555 -0.43555556 -0.43555372 -0.40333333 -0.43444444 -0.48484856 -0.69111111 -0.69111111 -1.145537 -1.1455556 -1.1199885 -1.0677778 -1.0677778 -1.0677777 -0.87 -0.87 -0.92777778 -0.92777778 -0.66111123 -0.70333333 -0.55333358 -0.70653597 -0.70666667 -0.70666667 0.21333332 -0.20444444 -0.20444444 -0.20444743 -0.61444444 -0.61444444 -0.69 -0.65777778 -0.65777778 -0.87222222 -0.87222222 -1.0922222 -1.0922222 -1.0922222
-0.31777778 0.014464918 0.087748809 0.080745516 -0.5111129 -0.85110308 -0.44777779 0.17117498 0.018534539 0.0068987797 -0.023333333 -0.023333333 -0.023333333 -0.023333333 -0.1466492 -0.43555556 -0.43555556 -0.43513952 -0.40333333 -0.43443912 -0.41666667 -0.41666667 -0.41666667 -0.41666667 -1.1331621 -1.0677778 -1.0677778 -1.0677778 -1.0677778 -1.0676246 -0.92777778 -0.92777778 -0.92777778 -0.92777778 -0.55333333 -0.55333333 -0.55333333 -0.69903492 -0.70392115 -0.34111111 -0.34111111 -0.2044518 -0.44889456 -0.6144285 -0.61444444 -0.69 -0.65777778 -0.65777778 -0.87222222 -0.87222222 -1.0914241 -1.0922222 -0.60589785
-0.31777778 0.087777778 0.087777778 0.087777778 0.087777778 0.087777384 -0.44881016 -0.15128478 0.050196909 -0.023300816 -0.023333333 -0.023333333 -0.023333333 -0.023333333 -0.023333447 -0.43555555 -0.43555555 -0.43334533 -0.40333383 -0.41666667 -0.41666667 -0.41666667 -0.41666667 -0.41666667 -0.42161707 -0.947237 -0.93111114 -0.93111111 -0.93111111 -0.93111111 -0.92777778 -0.92777778 -0.9277779 -1.0311111 -1.0311111 -0.55333333 -0.44639224 -0.44333333 -0.34111117 -0.34111111 -0.34111111 -0.34111111 -0.44888889 -0.44888889 -0.44888889 -0.4505668 -0.62797966 -0.62777778 -0.62777778 -0.62777778 -0.62777778 0.60777743 0.60777778
-0.12222222 0.087777778 0.087777778 0.087777778 0.087777778 0.087777778 0.087777741 -0.3528617 -0.17659487 -0.17777778 -0.17777778 -0.17777778 -0.17777778 -0.17777778 -0.17777778 -0.14188502 -0.43088 -0.4311432 -0.416665 -0.41666667 -0.41666667 -0.41666667 -0.41666667 -0.41666669 -0.64555556 -0.64555556 -0.64555596 -0.93111111 -0.93111111 -0.93105104 -0.90111111 -0.90111111 -1.0311111 -1.0311111 -1.0311111 -0.53748889 -0.44333333 -0.44333333 -0.44333333 -0.34111111 -0.34111111 -0.34111111 -0.44888889 -0.44888889 -0.44888889 -0.44888889 -0.62777777 -0.62777778 -0.62777778 -0.62777778 -0.62777778 0.60777778 0.60777778
-0.12222222 -0.044041608 0.087777778 0.087777778 0.087777778 0.087777778 -0.48322124 -0.48333333 -0.48333333 -0.17777778 -0.17777778 -0.17777778 -0.17777778 -0.17777778 -0.16968885 -0.14111111 -0.14111111 -0.14111111 -0.43771303 -0.43777776 -0.43777778 -0.43777778 -0.43777778 -0.43777778 -0.64555556 -0.64555556 -0.64555556 -0.64555556 -0.93111111 -0.90111111 -0.90111111 -0.90111111 -1.0311111 -1.0311111 -1.0311111 -0.33222222 -0.44318622 -0.44333333 -0.44333333 -0.34113395 -0.38665154 -0.49287837 -0.44888889 -0.44888889 -0.39461246 -0.39444444 -0.39444444 -0.62699783 -0.1549913 -0.15333337 -0.15333342 0.12007376 0.60777679
-0.12222222 -0.16763543 -0.042107372 0.087777778 0.087777778 -0.48299589 -0.48333333 -0.48333333 -0.48333333 -0.48113141 -0.17777778 -0.17777778 -0.17777778 -0.17777777 -0.14111111 -0.14111111 -0.14111111 -0.14111111 -0.43751277 -0.43777778 -0.43777778 -0.43777778 -0.43777778 -0.43777778 -0.64555555 -0.64555556 -0.64555556 -0.64555556 -0.6464851 -0.90111111 -0.90111111 -0.90111111 -0.44222223 -1.0310258 -0.33222222 -0.33222222 -0.33222222 -0.33595575 -0.4901737 -0.49333333 -0.49333333 -0.49333333 -0.38333333 -0.38333333 -0.39444444 -0.39444444 -0.39444444 -0.15333334 -0.15333333 -0.15333333 -0.15333333 0.12 0.12
-0.16876355 -0.16888889 -0.16888889 -0.16888889 -0.44444444 -0.48333233 -0.48333333 -0.48333333 -0.48333333 -0.48333333 -0.16305686 -0.17777524 -0.17777777 -0.14111111 -0.14111111 -0.14111111 -0.14111111 -0.14111111 -0.21129369 -0.43777778 -0.43777778 -0.43777778 -0.43777778 -0.43777778 -0.44362921 -0.29444635 -0.29444444 -0.29444444 -0.29444444 -0.90111109 -0.44222223 -0.44222222 -0.44222222 -0.44222222 -0.33222222 -0.33223115 -0.67111111 -0.67111111 -0.49555315 -0.49333333 -0.49333333 -0.49333333 -0.38333333 -0.38333333 -0.39272406 -0.39444444 -0.39444444 -0.15333333 -0.15333333 -0.15333333 -0.15040249 0.12 0.12
-0.16888889 -0.16888889 -0.16888889 -0.29865211 -0.44444444 -0.44444444 -0.48333333 -0.48333333 -0.48333333 -0.48333333 0.016666667 0.016666667 0.016666667 -0.14111111 -0.14111111 -0.14111111 -0.14111111 -0.14119172 -0.88444444 -0.88444444 -0.43777796 -0.43777778 -0.44032056 -0.54222222 -0.53999159 -0.29444444 -0.29444444 -0.29444444 -0.29444444 -0.44220718 -0.44222222 -0.44222222 -0.44222222 -0.44222222 -0.67110992 -0.67111111 -0.67111111 -0.67111111 -0.67046809 -0.49333333 -0.49333333 -0.49333333 -0.38333333 -0.38333333 -0.38333333 -0.39444444 -0.39444444 -0.15333333 -0.15333333 -0.15333333 0.12 0.12 0.12
-0.16888889 -0.16888889 -0.16888889 -0.44444444 -0.44444444 -0.44444444 -0.4444445 -0.48333333 -0.48333333 0.016150523 0.016666667 0.016666667 0.016666667 0.016568356 -0.53592938 -0.62888889 -0.62888889 -0.62888889 -0.88444444 -0.88444444 -0.88444444 -0.54222222 -0.54222222 -0.54222222 -0.54217989 -0.34514846 -0.29444444 -0.29444444 -0.29444444 -0.22017087 -0.17335978 -0.17333333 -0.17333333 -0.17333333 -0.54219579 -0.36222292 -0.36222222 -0.36222222 -0.36222222 -0.34335386 -0.34333333 -0.34333333 -0.38333333 -0.38333333 0.10555351 0.10555552 0.0044444444 0.0044444444 0.061111111 0.061111111 0.061111111 0.12 0.49632988
-0.16888861 -0.16888889 -0.1688889 -0.44444444 -0.44444444 -0.44444444 -0.44444445 -0.54111109 -0.48356435 0.016493371 0.016666667 0.016666667 0.016666667 0.015399909 -0.62888889 -0.62888889 -0.62888889 -0.62888896 -0.88444444 -0.88444444 -0.88444444 -0.54222222 -0.54222222 -0.54222222 -0.39111111 -0.39111111 -0.43111111 -0.43111111 -0.43111111 -0.42970485 -0.17333333 -0.17333333 -0.17333333 -0.17333333 -0.26772596 -0.36222222 -0.36222222 -0.36222222 -0.36222222 -0.34333333 -0.34333333 -0.34333333 -0.32920957 0.10555556 0.10555556 0.10555556 0.0044444444 0.0044444444 0.061111111 0.061111111 0.061111111 0.49666665 0.49666667
-0.08 -0.13421458 -0.46444444 -0.46443864 -0.44444444 -0.5405518 -0.54111111 -0.54111111 -0.50831703 -0.17444445 -0.17444444 -0.17444444 -0.17444444 -0.77220276 -0.77222222 -0.628889 -0.62888889 -0.6356224 -0.88444444 -0.88444444 -0.88444444 -0.9 -0.9 -0.9 -0.39111111 -0.39111111 -0.43111111 -0.43111111 -0.43111111 -0.43111101 -0.28888815 -0.28888856 -0.17623765 -0.17345722 -0.62059897 -0.62111111 -0.62111111 -0.62111111 -0.62111111 -0.34333333 -0.34333333 -0.34333333 0.080838106 0.10555556 0.10555556 0.10555549 0.0044444444 0.0044444444 0.0044464843 0.061111111 0.061126861 0.41333333 0.49666667
-0.50769654 -0.50777777 -0.46444444 -0.46444444 -0.46444444 -0.54111111 -0.54111111 -0.54111111 -0.45111111 -0.45111111 -0.17444444 -0.17444444 -0.17444444 -0.77222222 -0.77222222 -0.77222222 -0.77222222 -0.77223413 -0.88444444 -0.88444444 -0.88444445 -0.9 -0.9 -0.9 -0.39111111 -0.39111111 -0.43111111 -0.43111111 -0.43111111 -0.29049245 -0.28888889 -0.28888889 -0.28888889 -0.28888889 -0.62094718 -0.62111111 -0.62111111 -0.62111111 -0.62111111 -0.67777769 -0.67777778 -0.67777778 -0.67777778 0.10555279 -0.25555556 -0.25555556 -0.25555556 0.20222222 0.20222222 0.20222222 0.41333333 0.41333333 0.41333333
-0.50777778 -0.50777778 -0.46444444 -0.46444444 -0.46444444 -0.54070814 -0.54111111 -0.45111111 -0.45111111 -0.45111111 -0.1744785 -0.17444444 -0.81997298 -0.77222227 -0.77222222 -0.77222222 -0.77222222 -1.1044444 -1.1044444 -1.1044444 -1.0688889 -1.0688888 -0.90000082 -0.9 -0.8998861 -0.94888889 -0.94888889 -0.94888765 -0.43119479 -0.23667707 -0.23666694 -0.23667578 -0.28879964 -0.28884382 -0.56190756 -0.62111112 -0.62121165 -0.65111111 -0.65111111 -0.67777778 -0.67777778 -0.67777778 -0.67777778 -0.25555556 -0.25555556 -0.25555556 -0.25555556 0.20222222 0.20222222 0.20222222 0.41333333 0.41333333 0.41333333
-0.50777778 -0.50777778 -0.46444444 -0.46444444 -0.46444444 -0.46444444 -0.50742674 -0.45111111 -0.45111111 -0.45111111 -0.45139467 -0.96444444 -0.96444444 -0.96444444 -0.77335503 -0.77222222 -1.1022306 -1.1044444 -1.1044444 -1.1044444 -1.0688889 -1.0688889 -1.0688889 -1.0688889 -0.94888889 -0.94888889 -0.94888889 -0.94888889 -0.94888889 -0.23666667 -0.23666667 -0.23666667 -0.23666667 -0.23666713 -0.45666667 -0.65111111 -0.65111111 -0.65111111 -0.65111111 -0.65111151 -0.77333333 -0.77333333 -0.77333333 -0.6417207 -0.36888889 -0.36888889 -0.36888889 0.20222221 0.20222212 0.098888889 0.098888889 0.19338685 0.19333333
-0.50777778 -0.50777778 -0.48008473 -0.46444444 -0.46444444 -0.46444447 -1.412735 -0.45414701 -0.45111111 -0.45111111 -0.9644445 -0.96444444 -0.96444444 -0.96444444 -0.96444444 -0.94870943 -1.1044444 -1.1044444 -1.1044444 -1.1044444 -1.0688892 -1.0688889 -1.0688889 -1.0688889 -0.94888889 -0.94888889 -0.94888889 -0.94888889 -0.94888889 -0.63406101 -0.23666667 -0.23666667 -0.23666667 -0.45666667 -0.45666667 -0.45681766 -0.65111111 -0.65111111 -0.62985059 -0.61333334 -0.77333333 -0.77333333 -0.77333333 -0.64308262 -0.36888889 -0.36888889 -0.36888889 -0.15888889 0.095677003 0.098888889 0.098888889 0.19333333 0.19333333
-1.1944444 -1.1944444 -1.1944444 -0.64747551 -0.4661465 -1.4144444 -1.4144444 -1.4144444 -1.4144444 -1.2188889 -1.2188889 -0.96444446 -0.96444444 -0.96444444 -0.96444444 -0.96445332 -1.1044444 -1.1044444 -1.1044444 -1.1044444 -1.0844042 -1.0688889 -1.0688889 -1.062259 -0.82149274 -0.94888889 -0.94888889 -0.94888889 -0.77444444 -0.77444444 -0.77444444 -0.77444219 -0.45666667 -0.45666667 -0.45666667 -0.45666667 -0.61333333 -0.61333333 -0.61333333 -0.61333333 -0.76222222 -0.76222222 -0.76222222 -0.2800097 -0.28 -0.28 -0.28000003 -0.15888889 -0.15888889 0.098574801 0.098888889 0.19333152 0.19333333
