interpolatedSpi/03-12|22_2.tif
NCOLS 53
NROWS 52
XLLCORNER -116.03883
YLLCORNER 28.596182
DX 0.49850594
DY 0.49788537
NODATA_VALUE -9999
[rows 0 to 38 of 52, columns 0 to 52 of 53]
-0.141 -0.141 -0.39709145 -0.57 -0.091 -0.145 -0.281 -0.252 -0.37154647 -0.348 -0.421 -0.184 -0.30698205 -0.089 -0.293 -0.293 -0.293 0.245 0.134 0.134 0.134 0.13399259 -0.63499999 0.129 0.129 0.129 -0.084002643 -0.084 -0.084 -0.127 -0.127 -0.127 -0.127 0.25899992 0.259 0.259 0.259 0.259 0.259 0.25900001 0.68046075 0.68472009 -0.415 -0.415 -0.415 -0.415 -0.41458186 -0.159 -0.159 -0.159 0.36499891 0.365 0.365
-0.1410251 -0.706 -0.46399999 -0.42037577 -0.30118349 -0.198 -0.257 -0.074310996 -0.381 -0.411 -0.32 -0.307 -0.307 0.15817305 -0.088998806 -0.293 0.245 0.245 0.13414473 0.134 0.134 0.134 0.12226245 0.129 0.129 0.129 -0.10899998 -0.109 -0.127 -0.127 -0.127 -0.127 -0.127 0.25899994 0.259 0.259 0.259 0.259 0.25900003 0.37349494 0.97194772 -0.24669876 -0.415 -0.415 -0.415 -0.415 -0.415 -0.159 -0.159 -0.159 -0.11554942 0.365 0.365
-0.17399846 -0.174 -0.455 0.015 -0.445 -0.524 -0.345 -0.195 -0.771 -0.28 -0.384 -0.583 -0.406 0.327 0.159 -0.523 0.245 0.245 0.245 0.22697296 0.227 0.227 0.001 0.129 0.129 0.129 -0.109 -0.109 -0.109 -0.127 -0.127 -0.12699999 -0.059122591 0.25950961 0.26234152 0.61471031 0.618 0.618 0.66252387 0.972 0.972 0.97022638 -0.415 -0.415 -0.415 -0.415 -0.415 -0.159 -0.159 -0.159 -0.159 0.365 0.365
-0.219 -0.174 -0.17904519 0.387 -0.645 -0.258 -0.352 -0.64 -0.232 0.02591241 -0.159 -0.193 -0.273 0.327 -0.328 -0.523 -0.46445141 -0.46350323 -0.877 0.227 0.227 -0.417 0.001 0.001 0.129 0.12899881 -0.109 -0.109 -0.109 -0.407 -0.17600668 0.014 0.014 0.014000473 0.618 0.618 0.618 0.618 0.972 0.972 0.972 0.97199995 -0.415 -0.415 -0.415 -0.415 -0.415 -0.15900323 -0.159 -0.159 -0.159 0.36499072 0.365
-0.219 0.1999993 -0.179 -0.16036176 -0.645 -0.534 -0.11901476 0.197 -0.272 0.44499968 0.13893859 -0.0050011459 -0.013 -0.328 -0.328 -0.45754718 -0.464 -0.464 -0.877 -0.877 0.22699867 -0.417 0.335 0.204 0.042 0.042097485 -0.109 -0.109 -0.407 -0.407 0.014 0.014 0.014 0.019657322 0.618 0.618 0.618 0.972 0.972 0.972 0.972 0.9719611 -0.41499999 -0.415 -0.415 -0.415 -0.415 -0.41272128 -0.159 -0.15898924 0.081 0.081 0.081
-1.841 -0.348 -0.093000003 -0.08 -0.435 -0.226 -0.414 -0.3357745 0.204 -0.392 -0.509 -0.046 -0.045999978 0.012 0.012 -0.46891019 -0.469 -0.347 -0.347 -0.87699906 -0.876 -0.876 0.204 0.042 0.042 0.459 -0.129 -0.129 0.20294405 -0.407 0.014 0.014 0.044 0.044057677 0.59596054 0.842 0.842 0.93178153 0.972 0.972 0.56950263 0.569 0.56900224 0.20584347 0.21693015 0.21699983 0.21699998 0.21699976 0.21181639 0.081 0.081 0.081 0.081
-1.3040016 -0.611 -0.48205712 -0.153 -0.169 -0.59 -0.198 -0.301 -0.202 -0.202 -0.509 0.008 -0.4819999 0.012 -0.096999673 -0.097 -0.469 0.085 0.185 0.185 -0.70587337 -0.515 -0.515 0.245 0.459 0.459 -0.129 -0.129 0.20297552 0.20254937 0.36021461 0.044 0.044 0.596 0.596 0.92805313 0.842 0.842 0.79600159 0.56900032 0.569 0.569 0.56901192 0.21700143 0.217 0.217 0.217 0.21700002 0.247 0.081032897 0.081 0.081 0.081
-1.304 -0.239 -0.072 -0.835 -0.55701594 -0.401 -0.363 -0.223 -0.3 -0.125 -0.125 -0.113 -0.482 -0.482 -0.099641457 -0.4631243 -0.499 0.055 -0.27999952 0.185 0.14192037 0.214 -0.561 0.196 0.19599528 -0.17 0.010000001 0.0099999509 -0.21552826 -0.21699999 0.362 -0.0046011108 0.344 0.596 0.60253136 1 1 0.796 0.796 0.569 0.569 0.56900002 0.47553579 0.47299999 0.217 0.217 0.217 0.24699886 0.247 0.247 0.081 0.081 0.081
-0.35430381 -0.239 0.002 -0.204 -0.365 -0.48 -0.088 0.401 -0.013 0.12176696 0.031 -0.196 -0.196 0.342 0.34199372 -0.62963489 -0.63 -0.63 0.0038617357 -0.34200006 -0.635 -0.63499999 0.012 -0.33519012 -0.13311686 -0.17 0.193 0.01 0.27445427 0.276 -0.102 0.894 0.47495931 0.279 0.825 0.821 1.087 0.364 1.2206043 0.57320041 1.51 0.865 0.47306333 0.473 0.47155909 0.217 0.03100001 0.247 0.247 0.247 0.247 0.098182025 -0.082
-0.999 -0.999 0.145 -0.026 -0.4 -0.091 -0.068 -0.086 0.05 0.1559627 0.198 0.506 0.342 0.342 -0.326 -0.3301695 -0.63 -0.62989285 -0.16 -0.342 -0.342 -0.37974823 0.012 -0.026999261 -0.027 -0.027 0.193 0.427 0.427 0.276 0.276 0.89242202 0.062 0.279 0.556 0.821 1.087 0.962 1.221 0.72320071 0.86500003 0.86389798 0.862 0.473 0.473 0.031 0.031 0.031 0.247 0.247 0.219 0.219 0.21899989
-0.999 -0.999 -0.394 -0.665 -0.515 -0.235 -0.40999999 0.19085044 0.201 0.205 -0.003 -0.206 0.50505188 -0.326 -0.326 -0.32598004 -0.153 -0.15336739 -0.16 -0.285 -0.285 -0.364 -0.364 -0.027 -0.027 -0.027 0.427 0.427 0.427 -0.305 -0.305 -0.30499939 0.39 0.39 0.154 -0.118 1.029 0.62600088 0.86 0.715 0.715 0.42100145 0.862 0.473 0.45899984 0.246 0.693136 0.696 0.79 0.79 0.219 0.219 0.219
-0.999 -0.73781311 -0.50964537 -0.65399338 0.087 -0.419 -0.41 0.191 0.20099992 0.20495568 -0.20599947 -0.206 -0.117 -0.326 -0.326 -0.15300001 -0.153 -0.1530004 -0.16 -0.285 -0.30051399 -0.364 -0.364 -0.027013277 -0.027 0.031512082 0.151 0.151 0.15100003 -0.305 -0.305 -0.097 -0.097 0.38999935 0.154 0.429 0.98089338 0.626 0.626 0.71499999 0.421 0.421 0.42100034 0.459 0.459 0.246 0.696 0.696 0.79 0.79 0.219 0.219 0.219
0.03 -0.022443663 0.012975064 0.0081767162 0.086997286 -0.41898805 -0.41 0.18360204 0.2003109 0.20110445 -0.117 -0.117 -0.117 -0.117 -0.32597039 -0.153 -0.153 -0.15309038 -0.16 -0.28493383 -0.059 -0.059 -0.059 -0.059 -0.027390625 0.151 0.151 0.151 0.151 0.15072571 -0.097 -0.097 -0.097 -0.097 0.429 0.429 0.429 0.61662146 0.62249258 0.159 0.159 0.42098591 0.31500493 0.45898613 0.459 0.246 0.696 0.696 0.79 0.79 0.22107153 0.219 0.5917247
0.03 0.013 0.013 0.013 0.013 0.012999821 -0.41002296 -0.12562786 0.19847243 -0.11665739 -0.117 -0.117 -0.117 -0.117 -0.11699981 -0.153 -0.153 -0.15348015 -0.15999958 -0.059 -0.059 -0.059 -0.059 -0.059 -0.055302709 0.12966435 0.12100001 0.121 0.121 0.121 -0.096999999 -0.097 -0.0970001 -0.18 -0.18 0.429 0.11692646 0.108 0.15899997 0.159 0.159 0.159 0.315 0.315 0.315 0.31451982 0.7962494 0.797 0.797 0.797 0.797 1.1019998 1.102
0.354 0.013 0.013 0.013 0.013 0.013 0.012999973 -0.21205241 0.14419399 0.144 0.144 0.144 0.144 0.144 0.144 0.18315369 -0.1476526 -0.15395846 -0.059012696 -0.059 -0.059 -0.059 -0.059 -0.058999663 0.112 0.112 0.11200001 0.121 0.121 0.12066159 -0.048 -0.048 -0.18 -0.18 -0.18 0.061865529 0.108 0.108 0.108 0.159 0.159 0.159 0.315 0.315 0.315 0.315 0.79699999 0.797 0.797 0.797 0.797 1.102 1.102
0.354 0.22704957 0.013 0.013 0.013 0.013 -0.070983514 -0.071 -0.070999995 0.144 0.144 0.144 0.144 0.144 0.15282428 0.184 0.184 0.184 0.23011691 0.2309997 0.231 0.231 0.231 0.231 0.112 0.112 0.112 0.112 0.121 -0.048 -0.048 -0.048 -0.17999999 -0.18 -0.18 0.096 0.10798411 0.108 0.108 0.15894486 0.048905181 -0.20790013 0.315 0.315 0.038854838 0.038 0.038 0.79545318 -0.13971513 -0.14299992 -0.14299982 0.14314509 1.1019981
0.354 -0.13451754 -0.068473412 0.013 0.013 -0.070950369 -0.071 -0.071 -0.071 -0.069450648 0.144 0.144 0.144 0.144 0.184 0.184 0.184 0.184 0.23095802 0.231 0.231 0.231 0.231 0.231 0.112 0.112 0.112 0.112 0.11141802 -0.048 -0.048 -0.048 -0.076999999 -0.17996944 0.096 0.096 0.096 0.094330022 -0.18892722 -0.209 -0.209 -0.209 -0.216 -0.216 0.038 0.038 0.038 -0.143 -0.143 -0.143 -0.143 0.143 0.143
-0.14759276 -0.148 -0.148 -0.148 -0.272 -0.071005185 -0.071 -0.071 -0.071 -0.071 0.16837795 0.1440042 0.14400001 0.184 0.184 0.184 0.184 0.184 0.18067729 0.231 0.231 0.231 0.231 0.231 -0.028371674 -0.35599746 -0.356 -0.356 -0.356 -0.048000001 -0.077 -0.077 -0.077 -0.077 0.096 0.095995997 -0.056 -0.056 -0.20708957 -0.209 -0.209 -0.209 -0.216 -0.216 -0.0013279458 0.038 0.038 -0.143 -0.143 -0.143 -0.13993334 0.143 0.143
-0.148 -0.148 -0.148 -0.20639345 -0.272 -0.272 -0.071 -0.071 -0.071 -0.071 0.466 0.466 0.466 0.184 0.184 0.184 0.184 0.18399752 0.073 0.073 0.23099994 0.231 0.22082346 -0.187 -0.18852143 -0.356 -0.356 -0.356 -0.356 -0.077028409 -0.077 -0.077 -0.077 -0.077 -0.055999466 -0.056 -0.056 -0.056 -0.056554043 -0.209 -0.209 -0.209 -0.216 -0.216 -0.216 0.038 0.038 -0.143 -0.143 -0.143 0.143 0.143 0.143
-0.148 -0.148 -0.148 -0.272 -0.272 -0.272 -0.27199969 -0.071 -0.071 0.46544566 0.466 0.466 0.466 0.4658243 0.17185866 0.169 0.169 0.169 0.073 0.073 0.073 -0.187 -0.187 -0.187 -0.18707227 -0.40268266 -0.356 -0.356 -0.356 -0.23795961 -0.26698131 -0.267 -0.267 -0.267 -0.17129641 -0.33299937 -0.333 -0.333 -0.333 -0.51195854 -0.512 -0.512 -0.216 -0.216 -0.3829993 -0.3829999 -0.108 -0.108 -0.073 -0.073 -0.073 0.143 0.28487303
-0.14800019 -0.148 -0.148 -0.272 -0.272 -0.272 -0.272 -0.22499996 -0.071615752 0.46552304 0.466 0.466 0.466 0.4654172 0.169 0.169 0.169 0.16899997 0.073 0.073 0.073 -0.187 -0.187 -0.187 -0.445 -0.445 -0.484 -0.484 -0.484 -0.4828162 -0.267 -0.267 -0.267 -0.267 -0.29998194 -0.333 -0.333 -0.333 -0.333 -0.512 -0.512 -0.512 -0.50794117 -0.383 -0.383 -0.383 -0.108 -0.108 -0.073 -0.073 -0.073 0.28499999 0.285
-0.21 -0.18826344 -0.469 -0.46894285 -0.272 -0.22527194 -0.225 -0.225 -0.1925703 -0.060000002 -0.06 -0.06 -0.06 0.25598971 0.256 0.16900007 0.169 0.16647054 0.073 0.073 0.073 -0.64 -0.64 -0.64 -0.445 -0.445 -0.484 -0.484 -0.484 -0.48400016 -0.69799726 -0.69799879 -0.27783254 -0.26746206 -0.68851778 -0.689 -0.689 -0.689 -0.689 -0.512 -0.512 -0.512 -0.39010324 -0.383 -0.383 -0.38300001 -0.108 -0.108 -0.10799874 -0.073 -0.072988955 0.174 0.285
-0.27298804 -0.27300003 -0.469 -0.469 -0.469 -0.225 -0.225 -0.225 -0.136 -0.136 -0.06 -0.06 -0.06 0.256 0.256 0.256 0.256 0.25597936 0.073 0.073 0.072999973 -0.64 -0.64 -0.64 -0.445 -0.445 -0.484 -0.484 -0.484 -0.69558713 -0.698 -0.698 -0.698 -0.698 -0.68900444 -0.689 -0.689 -0.689 -0.689 -0.65499996 -0.655 -0.655 -0.655 -0.38300051 -0.45 -0.45 -0.45 0.04 0.04 0.04 0.174 0.174 0.174
-0.273 -0.273 -0.469 -0.469 -0.469 -0.22628251 -0.225 -0.136 -0.136 -0.136 -0.060009356 -0.06 -0.087782241 0.25599992 0.256 0.256 0.256 -0.070999999 -0.071 -0.071 -0.634 -0.634 -0.63999997 -0.64 -0.63999801 -0.729 -0.729 -0.72899942 -0.48403959 -0.84896991 -0.8489992 -0.84897364 -0.69825807 -0.69813031 -0.69070122 -0.68900011 -0.68997186 -0.979 -0.979 -0.655 -0.655 -0.655 -0.655 -0.45 -0.45 -0.45 -0.45 0.04 0.04 0.04 0.174 0.174 0.174
-0.273 -0.273 -0.469 -0.469 -0.469 -0.469 -0.1916899 -0.136 -0.136 -0.136 -0.1359768 -0.094 -0.094 -0.094 0.25393737 0.256 -0.068820953 -0.071 -0.071 -0.071 -0.634 -0.634 -0.634 -0.634 -0.729 -0.729 -0.729 -0.729 -0.729 -0.849 -0.849 -0.849 -0.849 -0.84899999 -0.842 -0.979 -0.979 -0.979 -0.979 -0.97899882 -0.658 -0.658 -0.658 -0.52523233 -0.25 -0.25 -0.25 0.039999992 0.039999808 -0.158 -0.158 0.11201508 0.112
-0.273 -0.273 -0.39825776 -0.469 -0.469 -0.46899999 -0.21286336 -0.13624266 -0.136 -0.136 -0.093999995 -0.094 -0.094 -0.094 -0.094 -0.065308206 -0.071 -0.071 -0.071 -0.071 -0.63399564 -0.634 -0.634 -0.634 -0.729 -0.729 -0.729 -0.729 -0.729 -0.9406306 -0.849 -0.849 -0.849 -0.842 -0.842 -0.84210638 -0.979 -0.979 -0.91821992 -0.87100001 -0.658 -0.658 -0.658 -0.52717551 -0.25 -0.25 -0.25 -0.432 -0.16141401 -0.158 -0.158 0.112 0.112
-0.097 -0.097 -0.097 -0.37572937 -0.46854118 -0.213 -0.213 -0.213 -0.213 -0.071000001 -0.071 -0.093999998 -0.094 -0.094 -0.094 -0.093998546 -0.071 -0.071 -0.071 -0.071 -0.38832506 -0.634 -0.634 -0.62646292 -0.36305456 -0.729 -0.729 -0.729 -0.973 -0.973 -0.973 -0.97299948 -0.842 -0.842 -0.842 -0.842 -0.871 -0.871 -0.871 -0.871 -0.553 -0.553 -0.553 -0.32200464 -0.322 -0.322 -0.32199998 -0.432 -0.432 -0.15833385 -0.158 0.11199883 0.112
-0.097 -0.097 -0.097 -0.097003177 -0.156 -0.16428874 -0.213 -0.213 -0.213 -0.071 -0.071 -0.071 -0.175 -0.175 -0.175 -0.17499999 -0.070717899 -0.071 -0.071 -0.071 -0.079521359 -0.34600079 -0.346 -0.346 -0.346 -0.34600001 -0.636 -0.636 -0.973 -0.973 -0.973 -0.973 -0.84199992 -0.842 -0.842 -0.84199071 -0.87099999 -0.871 -0.871 -0.86989013 -0.553 -0.553 -0.553 -0.32201071 -0.322 -0.322 -0.322 -0.432 -0.432 -0.43199996 -0.12 -0.12 -0.05
-0.097 -0.097 -0.097 -0.15599986 -0.156 -0.156 -0.21299998 -0.213 -0.213 -0.071 -0.071 -0.071 -0.175 -0.175 -0.175 -0.15535084 0.083 0.083 0.082999602 -0.07013017 -0.346 -0.346 -0.346 -0.346 -0.346 -0.34621824 -0.636 -0.636 -0.636 -0.973 -0.973 -0.97300322 -0.728 -0.728 -0.728 -0.48 -0.48 -0.618 -0.618 -0.618 -0.123 -0.55286512 -0.55299757 -0.227 -0.227 -0.23060039 -0.32199994 -0.432 -0.432 -0.12 -0.12 -0.12 -0.05
-0.097 -0.097 -0.097 -0.156 -0.156 -0.156 -0.156 -0.213 -0.213 -0.071 -0.071 -0.1708415 -0.175 -0.175 -0.175 0.083 0.083 0.083 0.083 0.083 -0.346 -0.346 -0.346 -0.346 -0.346 -0.63599901 -0.636 -0.636 -0.636 -0.978 -0.978 -0.978 -0.728 -0.728 -0.728 -0.48 -0.48 -0.618 -0.618 -0.123 -0.123 -0.123 -0.227 -0.227 -0.227 -0.227 -0.20367016 0.057 0.057 0.057 -0.11999999 0.323 0.323
-0.097 -0.097 -0.09708216 -0.156 -0.156 -0.156 -0.156 -0.29784975 -0.305 -0.30459825 -0.071000003 -0.17499807 -0.175 -0.175 -0.17499911 0.083 0.083 0.083 0.083 0.083 0.26202631 -0.346 -0.346 -0.346 -0.34599053 -0.6359811 -0.636 -0.636 -0.636 -0.978 -0.978 -0.978 -0.9779657 -0.728 -0.48 -0.48 -0.48 -0.48000561 -0.61796624 -0.123 -0.123 -0.123 -0.22699369 -0.227 -0.227 -0.227 0.057000494 0.057 0.057 0.057 0.323 0.323 0.323
-0.242 -0.24199975 -0.15597201 -0.156 -0.156 -0.156 -0.30496829 -0.305 -0.305 -0.305 -0.152 -0.152 -0.152 -0.152 0.081915381 0.083 0.083 0.083 0.083 0.28799988 0.288 0.288 -0.30000001 -0.3 -0.3 -0.3 -0.32900112 -0.636 -1.1959771 -1.196 -1.196 -1.196 -1.196 -0.39 -0.39 -0.39 -0.39 -0.39 0.004 0.004 0.004 0.004 0.0039999996 0.1084935 0.109 0.109 0.109 0.057 0.057 0.057 0.32295809 0.323 0.323
-0.242 -0.242 -0.24084457 -0.1040001 -0.10400001 -0.10419597 -0.305 -0.305 -0.305 -0.305 -0.152 -0.152 -0.152 -0.152 -0.152 0.083 0.083 0.083 0.28799995 0.288 0.288 0.288 -0.3 -0.3 -0.3 -0.3 -0.3 -0.30007199 -1.1959255 -1.196 -1.196 -1.196 -1.1959701 -0.47446834 -0.39008746 -0.39 -0.39 -0.39 0.0039999999 0.004 0.004 0.004 0.0039999984 0.109 0.109 0.109 0.109 0.084683784 0.057 0.051066942 0.051 -0.189 -0.189
-0.242 -0.242 -0.10401748 -0.104 -0.104 -0.104 -0.15505315 -0.305 -0.305 -0.305 -0.152 -0.152 -0.152 -0.152 -0.152 0.082823266 0.083 0.2879399 0.288 0.288 0.288 0.288 -0.08217159 -0.3 -0.3 -0.3 -0.3 -0.30049778 -1.003 -1.003 -1.003 -1.003 -1.003 -0.539 -0.539 -0.539 -0.539 -0.539 -0.355 -0.355 -0.355 -0.355 -0.355 0.10908057 0.10900002 0.109 0.10900559 0.10966472 0.051 0.051 0.051 -0.18899866 -0.189
-0.24199984 -0.15865716 -0.10400001 -0.104 -0.104 -0.104 -0.104 -0.30491442 -0.305 -0.305 -0.152 -0.152 -0.152 -0.152 0.28800489 0.298 0.298 0.28800026 0.288 0.288 0.288 0.288 0.28799992 -0.3 -0.3 -0.3 -0.3 -0.73900023 -0.73900012 -0.79518562 -1.003 -1.003 -1.003 -0.539 -0.539 -0.539 -0.539 -0.53891398 -0.355 -0.355 -0.355 -0.355 -0.35499778 0.142 0.142 0.142 0.142 0.14199266 0.051 0.051 0.051 0.050999801 -0.27274817
-0.157 -0.157 -0.13387173 -0.104 -0.104 -0.104 -0.104 -0.104 -0.304913 0.22999999 0.23 0.23 0.22909344 0.29799935 0.298 0.298 0.298 0.298 0.28799799 0.27076782 0.12 0.12 0.12 0.012165557 -0.31816826 -0.41538316 -0.49753456 -0.739 -0.739 -0.739 -0.739 -0.739 -0.74392196 -0.41124804 -0.412 -0.412 -0.412 -0.412 -0.34955224 -0.32600005 -0.326 -0.326 -0.326 0.068000217 0.14199998 0.142 0.142 0.083 0.051000513 0.051 0.051 -0.274 -0.274
-0.157 -0.157 -0.067000001 -0.067 -0.067 -0.10398768 -0.104 -0.104 0.23 0.23 0.23 0.23 0.23 0.298 0.298 0.298 0.298 0.298 0.12 0.12 0.12 0.12 0.12 -0.52699997 -0.527 -0.527 -0.527 -0.739 -0.739 -0.739 -0.739 -0.739 -0.345 -0.345 -0.412 -0.412 -0.412 -0.26602486 -0.266 -0.326 -0.326 -0.326 -0.32599995 0.068 0.068 0.068 0.083 0.083 0.083 0.075 0.075 -0.274 -0.274
-0.157 -0.157 -0.067 -0.067 -0.067 -0.067 -0.066999758 -0.023 0.22976179 0.23 0.23 0.23 0.23 0.29715176 0.298 0.298 0.298 0.298 0.12 0.12 0.12 0.12 0.12 -0.527 -0.527 -0.527 -0.527 -0.52700087 -0.739 -0.739 -0.739 -0.34502066 -0.345 -0.345 -0.345 -0.412 -0.266 -0.266 -0.266 -0.26757871 -0.034319069 0.02 0.02 0.068 0.068 0.068 0.083 0.083 0.083 0.075 0.075 0.075 -0.20516556
-0.116 -0.11600032 -0.067 -0.067 -0.067 -0.067 -0.023 -0.023 -0.023 0.23 0.23 0.23 0.23 0.23002114 0.298 0.298 0.298 0.298 0.12000318 0.12 0.12 0.12 -0.4130154 -0.527 -0.527 -0.527 -0.527 -0.62699992 -0.627 -0.627 -0.73778322 -0.345 -0.345 -0.345 -0.34499983 -0.166 -0.266 -0.266 -0.266 -0.266 0.02 0.02 0.02 0.093 0.093 0.093 -0.099982178 0.083 0.083 0.074999999 0.075 0.075 -0.19799941
