interpolatedSpi/03-12|21_2.tif
NCOLS 53
NROWS 52
XLLCORNER -116.03883
YLLCORNER 28.596182
DX 0.49850594
DY 0.49788537
NODATA_VALUE -9999
[rows 0 to 38 of 52, columns 0 to 52 of 53]
-0.636 -0.636 -0.57463419 -0.721 -0.674 -0.929 -0.947 -0.943 -0.98906737 -1.172 -1.214 -0.767 -1.0809541 -0.523 -0.488 -0.488 -0.488 -0.431 -0.529 -0.529 -0.529 -0.52899628 -0.14300001 -0.879 -0.879 -0.879 -0.5479999 -0.548 -0.548 -0.442 -0.442 -0.442 -0.442 -1.0559999 -1.056 -1.056 -1.056 -1.056 -1.056 -1.056 -0.532637 -0.52697873 -0.443 -0.443 -0.443 -0.443 -0.44267007 -0.241 -0.241 -0.241 0.35799876 0.358 0.358
-0.63602577 -1.216 -0.7409996 -0.76088752 -0.88806557 -0.567 -0.688 -0.98093206 -1.239 -1.226 -0.982 -1.081 -1.081 -0.9017329 -0.52300428 -0.488 -0.431 -0.431 -0.52887222 -0.529 -0.529 -0.529 -0.87821044 -0.879 -0.879 -0.879 -0.876 -0.876 -0.442 -0.442 -0.442 -0.442 -0.442 -1.0559999 -1.056 -1.056 -1.056 -1.056 -1.056 -0.95904552 -0.46903269 -0.44615502 -0.443 -0.443 -0.443 -0.443 -0.443 -0.241 -0.241 -0.241 -0.19133035 0.358 0.358
-0.94499174 -0.945 -0.391 -0.465 -0.644 -0.939 -0.526 -1.029 -1.289 -1.166 -0.952 -1.249 -0.761 -0.711 -0.903 -1.372 -0.431 -0.431 -0.431 -0.70095 -0.701 -0.701 -0.864 -0.879 -0.879 -0.879 -0.876 -0.876 -0.876 -0.442 -0.442 -0.442 -0.4314092 -1.0545329 -1.0516998 -0.59823352 -0.594 -0.594 -0.57827829 -0.469 -0.469 -0.46896675 -0.443 -0.443 -0.443 -0.443 -0.443 -0.241 -0.241 -0.241 -0.241 0.358 0.358
-0.217 -0.94499997 -0.78699877 -0.118 -0.745 -0.704 -0.691 -0.991 -0.939 -0.86723123 -1.02 -1.474 -1.372 -0.711 -0.966 -1.372 -1.3878776 -1.3873295 -1.452 -0.701 -0.701 -1.158 -0.864 -0.864 -0.879 -0.87899999 -0.876 -0.876 -0.876 -0.724 -0.55720197 -0.42 -0.42 -0.42000013 -0.594 -0.594 -0.594 -0.594 -0.469 -0.469 -0.469 -0.469 -0.443 -0.443 -0.443 -0.443 -0.443 -0.24100255 -0.241 -0.241 -0.241 0.35796208 0.358
-0.217 -0.071001313 -0.787 -0.95141538 -0.745 -0.737 -1.0939799 -1.063 -1.149 -0.978 -1.0438267 -1.0769519 -0.741 -0.966 -0.966 -1.2379053 -1.388 -1.388 -1.452 -1.452 -0.70100087 -1.158 -0.847 -0.619 -0.406 -0.40592926 -0.876 -0.876 -0.724 -0.724 -0.42 -0.42 -0.42 -0.39642831 -0.594 -0.594 -0.594 -0.469 -0.469 -0.469 -0.469 -0.46898591 -0.443 -0.443 -0.443 -0.443 -0.443 -0.44120195 -0.241 -0.2410252 -0.803 -0.803 -0.803
-1.256 -0.579 -0.44 -0.729 -0.843 -0.833 -1.014 -1.0202734 -0.66 -0.494 -0.552 -0.077 -0.077000438 -1.117 -1.117 -1.5538547 -1.554 -1.22 -1.22 -1.4519992 -0.729 -0.729 -0.619 -0.406 -0.406 -0.103 -0.331 -0.331 -0.3630327 -0.724 -0.42 -0.42 -0.295 -0.29498266 -0.12901199 -0.481 -0.481 -0.47271247 -0.469 -0.469 -0.32318209 -0.323 -0.32299906 -0.87425045 -0.88195148 -0.88199988 -0.88199999 -0.88199983 -0.49260726 -0.803 -0.803 -0.803 -0.803
0.31698714 -0.213 -0.1772721 -0.238 -0.562 -1.088 -0.66 -0.741 -0.834 -0.834 -0.552 -0.958 -0.93700003 -1.117 -0.95200049 -0.952 -1.554 -1.006 -0.571 -0.571 -0.7101494 -0.689 -0.689 -0.084000004 -0.103 -0.103 -0.331 -0.331 -0.3629965 -0.36293562 -0.12754362 -0.295 -0.295 -0.129 -0.129 -0.4837232 -0.481 -0.481 -0.48199997 -0.32300022 -0.323 -0.323 -0.32299481 -0.88199678 -0.882 -0.882 -0.882 -0.88199974 -0.448 -0.80292965 -0.803 -0.803 -0.803
0.317 0.121 0.088 -0.878 -0.84000218 -0.864 -0.694 -1.079 -1.141 -1.012 -1.012 -1.04 -0.937 -0.937 -0.95189709 -1.3135705 -1.349 -0.694 -0.75099982 -0.571 -0.24018925 -0.248 -0.038 0.178 0.17799941 0.132 -0.377 -0.37699998 -0.30321025 -0.303 -0.127 -0.58451516 -0.547 -0.129 -0.1413782 -0.486 -0.486 -0.482 -0.482 -0.323 -0.323 -0.32299999 -0.30387902 -0.30500003 -0.882 -0.882 -0.882 -0.44801652 -0.448 -0.448 -0.803 -0.803 -0.803
0.017681718 0.12100001 0.609 -0.18 -0.455 -0.662 -0.862 -0.851 -0.997 -0.78009697 -0.853 -0.836 -0.836 -0.786 -0.78599803 -0.88330157 -0.882 -0.882 -0.70270114 -0.38099995 -0.156 -0.156 -0.052 -0.043517168 0.13663559 0.132 -0.396 -0.377 -0.33027312 -0.33 -0.595 -0.22 -0.24014736 -0.606 -0.563 -0.65 -0.628 -0.762 -0.60907065 -0.32122342 0.075 -0.123 -0.30497542 -0.305 -0.30824767 -0.882 -1.012 -0.448 -0.448 -0.448 -0.448 -0.76353114 -0.112
-0.56 -0.56 0.865 0.486 -0.428 -0.678 -0.706 -0.557 -0.68 -0.72500025 -0.915 -0.203 -0.786 -0.786 -0.577 -0.58118321 -0.882 -0.88191614 -0.509 -0.381 -0.381 -0.35201245 -0.052 -0.27099585 -0.271 -0.271 -0.396 0.017 0.017 -0.33 -0.33 -0.22007586 -0.26 -0.606 -0.166 -0.65 -0.628 -0.391 -0.609 -0.52341 -0.12299999 -0.13438752 -0.154 -0.305 -0.305 -1.012 -1.012 -1.012 -0.448 -0.448 -0.486 -0.486 -0.48599986
-0.56 -0.56 0.131 -0.456 -0.841 -0.265 -0.809 -0.96698234 -0.962 -0.814 -0.959 -0.925 -0.20396206 -0.577 -0.577 -0.57699746 -0.555 -0.5525857 -0.509 -0.801 -0.801 -0.524 -0.524 -0.271 -0.271 -0.271 0.017 0.017 0.017 -0.445 -0.445 -0.44499969 -0.285 -0.285 -0.582 -0.68 -0.16 -0.86699299 -0.68 -0.522 -0.522 -0.32099945 -0.154 -0.305 -0.36900016 -0.596 -0.46934719 -0.467 -0.247 -0.247 -0.486 -0.486 -0.486
-0.56 -0.26177057 -0.11949384 -0.50199241 -0.118 -0.866 -0.809 -0.967 -0.96200004 -0.81563966 -0.92499986 -0.925 -0.724 -0.577 -0.577 -0.555 -0.555 -0.55499738 -0.509 -0.801 -0.74660284 -0.524 -0.524 -0.27101049 -0.271 -0.31373354 -0.401 -0.401 -0.40099995 -0.445 -0.445 -0.435 -0.435 -0.28500081 -0.582 -0.42400009 -0.1412388 -0.867 -0.867 -0.52199999 -0.321 -0.321 -0.32100032 -0.369 -0.369 -0.596 -0.467 -0.467 -0.247 -0.247 -0.486 -0.486 -0.486
-1.107 -0.3809622 -0.41600082 -0.41661722 -0.11800393 -0.86598234 -0.809 -0.96505511 -0.96234455 -0.95813533 -0.724 -0.724 -0.724 -0.724 -0.57702082 -0.555 -0.555 -0.55440607 -0.509 -0.80101001 -0.842 -0.842 -0.842 -0.842 -0.28076729 -0.401 -0.401 -0.401 -0.401 -0.40106162 -0.435 -0.435 -0.435 -0.435 -0.424 -0.424 -0.424 -0.84467867 -0.8647168 -0.563 -0.563 -0.32101302 -0.45599702 -0.36900838 -0.369 -0.596 -0.467 -0.467 -0.247 -0.247 -0.48513293 -0.486 -0.15083157
-1.107 -0.416 -0.416 -0.416 -0.416 -0.41600018 -0.80914578 -0.88375908 -0.96326375 -0.72425266 -0.724 -0.724 -0.724 -0.724 -0.72400018 -0.555 -0.55499999 -0.55184471 -0.50900172 -0.842 -0.842 -0.842 -0.842 -0.842 -0.83892869 -0.50586416 -0.53099997 -0.531 -0.531 -0.531 -0.435 -0.435 -0.43499993 -0.379 -0.379 -0.424 -0.30539261 -0.302 -0.56299985 -0.563 -0.563 -0.563 -0.456 -0.456 -0.456 -0.45697427 -0.38257983 -0.382 -0.382 -0.382 -0.382 -0.10100008 -0.101
-0.96 -0.416 -0.416 -0.416 -0.416 -0.416 -0.41600003 -0.79996541 -0.96984846 -0.97 -0.97 -0.97 -0.97 -0.97 -0.97 -0.74558965 -0.55794764 -0.54870113 -0.84195815 -0.842 -0.842 -0.842 -0.842 -0.84199983 -0.7 -0.7 -0.69999976 -0.531 -0.531 -0.53085582 -0.459 -0.459 -0.379 -0.379 -0.379 -0.31433447 -0.302 -0.302 -0.302 -0.563 -0.563 -0.563 -0.456 -0.456 -0.456 -0.456 -0.382 -0.382 -0.382 -0.382 -0.382 -0.101 -0.101
-0.96 -0.75747498 -0.416 -0.416 -0.416 -0.416 -0.6849472 -0.685 -0.68500001 -0.97 -0.97 -0.97 -0.97 -0.97 -0.919481 -0.741 -0.741 -0.741 -0.69544767 -0.69500015 -0.695 -0.695 -0.695 -0.695 -0.7 -0.7 -0.7 -0.7 -0.531 -0.459 -0.459 -0.459 -0.37900001 -0.379 -0.379 -0.101 -0.30173387 -0.302 -0.302 -0.56290014 -0.36375231 0.10100947 -0.456 -0.456 -0.36428392 -0.364 -0.364 -0.38173072 -0.21857311 -0.21800001 -0.21800003 0.032979655 -0.10099973
-0.96 -0.76050563 -0.58754961 -0.416 -0.416 -0.68484106 -0.685 -0.685 -0.685 -0.68705379 -0.97 -0.97 -0.97 -0.96999997 -0.741 -0.741 -0.741 -0.741 -0.69504109 -0.695 -0.695 -0.695 -0.695 -0.695 -0.7 -0.7 -0.7 -0.7 -0.6991234 -0.459 -0.459 -0.459 -0.456 -0.37897358 -0.101 -0.101 -0.101 -0.097728182 0.077364198 0.103 0.103 0.103 -0.312 -0.312 -0.364 -0.364 -0.364 -0.218 -0.218 -0.218 -0.218 0.033 0.033
-0.75504612 -0.755 -0.755 -0.755 -0.497 -0.68499515 -0.685 -0.685 -0.685 -0.685 -0.93608262 -0.96999416 -0.96999999 -0.741 -0.741 -0.741 -0.741 -0.741 -0.72034915 -0.695 -0.695 -0.695 -0.695 -0.695 -0.62452444 -0.50700105 -0.507 -0.507 -0.507 -0.459 -0.456 -0.456 -0.456 -0.456 -0.101 -0.10099213 0.198 0.198 0.10418622 0.103 0.103 0.103 -0.312 -0.312 -0.35594861 -0.364 -0.364 -0.218 -0.218 -0.218 -0.21530863 0.033 0.033
-0.755 -0.755 -0.755 -0.63350395 -0.497 -0.497 -0.685 -0.685 -0.685 -0.685 -0.522 -0.522 -0.522 -0.741 -0.741 -0.741 -0.741 -0.74091126 -0.471 -0.471 -0.69499991 -0.695 -0.69463481 -0.68 -0.67844255 -0.507 -0.507 -0.507 -0.507 -0.45600519 -0.456 -0.456 -0.456 -0.456 0.19799895 0.198 0.198 0.198 0.19765834 0.103 0.103 0.103 -0.312 -0.312 -0.312 -0.364 -0.364 -0.218 -0.218 -0.218 0.033 0.033 0.033
-0.755 -0.755 -0.755 -0.497 -0.497 -0.497 -0.49700029 -0.685 -0.685 -0.52216826 -0.522 -0.522 -0.522 -0.52213644 -0.30634016 -0.204 -0.204 -0.204 -0.471 -0.471 -0.471 -0.68 -0.68 -0.68 -0.67981652 -0.25417928 -0.507 -0.507 -0.507 -0.21887084 -0.16302882 -0.163 -0.163 -0.163 0.1431295 0.067000298 0.067 0.067 0.067 -0.069976329 -0.07 -0.07 -0.312 -0.312 -0.40499961 -0.40499998 -0.346 -0.346 -0.166 -0.166 -0.166 0.033 -0.11187035
-0.75499796 -0.755 -0.75499999 -0.497 -0.497 -0.497 -0.497 -0.13600016 -0.68280488 -0.52182681 -0.522 -0.522 -0.522 -0.521376 -0.204 -0.204 -0.204 -0.20400008 -0.471 -0.471 -0.471 -0.68 -0.68 -0.68 -0.025 -0.025 -0.061999999 -0.062 -0.062 -0.062550987 -0.163 -0.163 -0.163 -0.163 -0.048063196 0.067 0.067 0.067 0.067 -0.07 -0.07 -0.07 -0.080540382 -0.405 -0.405 -0.405 -0.346 -0.346 -0.166 -0.166 -0.166 -0.112 -0.112
-0.099 -0.39835672 -0.252 -0.25207108 -0.497 -0.13808873 -0.136 -0.136 -0.14146568 -0.331 -0.331 -0.331 -0.331 0.29597959 0.296 -0.20399962 -0.204 -0.21103506 -0.471 -0.471 -0.471 0.244 0.244 0.244 -0.025 -0.025 -0.062 -0.062 -0.062 -0.061999959 -0.0060009979 -0.0060004409 -0.15905404 -0.16283169 -0.22692425 -0.227 -0.227 -0.227 -0.227 -0.07 -0.07 -0.07 -0.38655383 -0.405 -0.405 -0.40499998 -0.346 -0.346 -0.34599352 -0.166 -0.16601798 -0.568 -0.112
-0.13999221 -0.14000002 -0.252 -0.252 -0.252 -0.136 -0.136 -0.136 -0.151 -0.151 -0.331 -0.331 -0.331 0.296 0.296 0.296 0.296 0.29591298 -0.471 -0.471 -0.47099997 0.244 0.244 0.244 -0.025 -0.025 -0.062 -0.062 -0.062 -0.0066314041 -0.006 -0.006 -0.006 -0.006 -0.22689095 -0.227 -0.227 -0.227 -0.227 -0.044000007 -0.044 -0.044 -0.044 -0.40499897 -0.271 -0.271 -0.271 -0.384 -0.384 -0.384 -0.568 -0.568 -0.568
-0.14 -0.14 -0.252 -0.252 -0.252 -0.13660972 -0.136 -0.151 -0.151 -0.151 -0.33097784 -0.331 -0.049909095 0.29599994 0.296 0.296 0.296 0.12 0.12 0.12 -0.065999993 -0.06599977 0.24399849 0.244 0.2436814 -0.166 -0.166 -0.16599975 -0.062016807 0.025993623 0.02599983 0.025994413 -0.0059453087 -0.0059723843 -0.18761792 -0.22699992 -0.2263264 -0.026 -0.026 -0.044 -0.044 -0.044 -0.044 -0.271 -0.271 -0.271 -0.271 -0.384 -0.384 -0.384 -0.568 -0.568 -0.568
-0.14 -0.14 -0.252 -0.252 -0.252 -0.252 -0.14161406 -0.151 -0.151 -0.151 -0.15090941 0.013 0.013 0.013 0.29433222 0.296 0.12117282 0.12 0.12 0.12 -0.066 -0.066 -0.066 -0.066 -0.166 -0.166 -0.166 -0.166 -0.166 0.026 0.026 0.026 0.026 0.026000065 0.057 -0.026 -0.026 -0.026 -0.026 -0.026000313 -0.122 -0.122 -0.122 -0.20660695 -0.382 -0.382 -0.382 -0.384 -0.38400003 -0.416 -0.416 -0.39204282 -0.392
-0.14 -0.14 -0.21157586 -0.252 -0.252 -0.252 -0.1000905 -0.15083928 -0.151 -0.151 0.013000021 0.013 0.013 0.013 0.013 0.036212516 0.12 0.12 0.12 0.12 -0.065998561 -0.066 -0.066 -0.066 -0.166 -0.166 -0.166 -0.166 -0.166 -0.057502075 0.026 0.026 0.026 0.057 0.057 0.056935548 -0.026 -0.026 0.14846134 0.28399997 -0.122 -0.122 -0.122 -0.20381428 -0.382 -0.382 -0.382 0.092 -0.40967037 -0.416 -0.416 -0.392 -0.392
-0.012 -0.012 -0.012 -0.1918254 -0.25157102 -0.1 -0.1 -0.1 -0.1 0.115 0.115 0.013000007 0.013 0.013 0.013 0.013006791 0.12 0.12 0.12 0.12 0.015164366 -0.066 -0.066 -0.069480666 -0.19753055 -0.166 -0.166 -0.166 -0.087 -0.087 -0.087 -0.086999526 0.057 0.057 0.057 0.057 0.284 0.284 0.284 0.284 0.065 0.065 0.065 0.10299924 0.103 0.103 0.10299985 0.092 0.092 -0.41538103 -0.416 -0.3919963 -0.392
-0.012 -0.012 -0.012 -0.011997092 0.042 0.021350867 -0.1 -0.1 -0.1 0.115 0.115 0.115 0.24699999 0.247 0.247 0.24699999 0.11953105 0.12 0.12 0.12 0.11717232 -0.19899963 -0.199 -0.199 -0.199 -0.199 -0.352 -0.352 -0.087 -0.087 -0.087 -0.087 0.05700023 0.057 0.057 0.057025983 0.28399999 0.284 0.284 0.28259621 0.065 0.065 0.065 0.10299824 0.103 0.103 0.103 0.092 0.092 0.092000033 0.342 0.342 0.435
-0.012 -0.012 -0.012 0.041999876 0.042 0.042 -0.099999947 -0.1 -0.1 0.115 0.115 0.115 0.247 0.247 0.247 0.21783089 -0.136 -0.136 -0.13599934 0.11855404 -0.199 -0.199 -0.199 -0.199 -0.199 -0.19911514 -0.352 -0.352 -0.352 -0.087 -0.087 -0.087195673 0.376 0.376 0.376 -0.23 -0.23 -0.036 -0.036 -0.036 -0.074 0.0649564 0.065000201 0.092 0.092 0.092416887 0.10299995 0.092 0.092 0.342 0.342 0.342 0.435
-0.012 -0.012 -0.012 0.042 0.042 0.042 0.042 -0.1 -0.1 0.115 0.115 0.2417219 0.247 0.247 0.247 -0.136 -0.136 -0.136 -0.136 -0.136 -0.199 -0.199 -0.199 -0.199 -0.199 -0.35199948 -0.352 -0.352 -0.352 -0.391 -0.391 -0.391 0.376 0.376 0.376 -0.23 -0.23 -0.036 -0.036 -0.074 -0.074 -0.074 0.092 0.092 0.092 0.092 0.10506143 0.251 0.251 0.251 0.342 0.458 0.458
-0.012 -0.012 -0.011924803 0.042 0.042 0.042 0.042 0.078176447 0.08 0.08006009 0.115 0.24697906 0.247 0.247 0.24699868 -0.136 -0.136 -0.136 -0.136 -0.136 -0.22968317 -0.199 -0.199 -0.199 -0.19899217 -0.35198925 -0.352 -0.352 -0.352 -0.391 -0.391 -0.391 -0.39088572 0.376 -0.23 -0.23 -0.23 -0.22999186 -0.036002592 -0.074 -0.074 -0.074 0.091989922 0.092 0.092 0.092 0.25100033 0.251 0.251 0.251 0.458 0.458 0.458
-0.226 -0.22599963 0.041962138 0.042 0.042 0.042 0.079991914 0.08 0.08 0.08 -0.0029999979 -0.003 -0.003 -0.003 -0.13538611 -0.136 -0.136 -0.136 -0.136 -0.23099994 -0.231 -0.231 -0.16100001 -0.161 -0.161 -0.161 -0.17748576 -0.352 0.04498374 0.045 0.045 0.045 0.045 -0.01 -0.01 -0.01 -0.01 -0.01 0.305 0.305 0.305 0.305 0.305 0.28470907 0.285 0.285 0.285 0.251 0.251 0.251 0.45796739 0.458 0.458
-0.226 -0.226 -0.22254209 0.18699971 0.18699997 0.18689559 0.08 0.08 0.08 0.08 -0.003 -0.003 -0.003 -0.003 -0.003 -0.136 -0.136 -0.136 -0.23099998 -0.231 -0.231 -0.231 -0.161 -0.161 -0.161 -0.161 -0.161 -0.16104021 0.044960612 0.045 0.045 0.045 0.044984177 -0.053084523 -0.010044612 -0.01 -0.01 -0.010000001 0.305 0.305 0.305 0.305 0.305 0.285 0.285 0.285 0.285 0.26910094 0.251 0.022577251 0.02 0.119 0.119
-0.226 -0.226 0.18694769 0.187 0.187 0.187 0.15982245 0.08 0.08 0.08 -0.003 -0.003 -0.003 -0.003 -0.003 -0.13590046 -0.136 -0.23097215 -0.231 -0.231 -0.231 -0.231 -0.18693195 -0.161 -0.161 -0.161 -0.161 -0.16092644 -0.057 -0.057 -0.057 -0.057 -0.057 -0.086 -0.086 -0.086 -0.086 -0.086 0.173 0.173 0.173 0.173 0.173 0.28511476 0.28500002 0.285 0.28500797 0.28592046 0.02 0.02 0.02 0.11899945 0.119
-0.22600013 -0.29267427 0.18699993 0.187 0.187 0.187 0.187 0.08004556 0.08 0.08 -0.0029999998 -0.003 -0.003 -0.003 -0.3041589 -0.311 -0.311 -0.23100206 -0.231 -0.231 -0.231 -0.231 -0.23100001 -0.161 -0.161 -0.161 -0.161 -0.31799975 -0.31799988 -0.26245286 -0.057 -0.057 -0.057 -0.086000001 -0.086 -0.086 -0.086 -0.086121911 0.173 0.173 0.173 0.173 0.17298996 0.332 0.332 0.332 0.332 0.33197484 0.02 0.02 0.02 0.020000177 0.30718706
-0.294 -0.294 -0.17962806 0.187 0.187 0.187 0.187 0.187 0.080045309 -0.049999998 -0.05 -0.05 -0.049888459 -0.31099956 -0.311 -0.311 -0.311 -0.311 -0.23100067 -0.23674406 -0.287 -0.287 -0.287 -0.25545412 -0.17044429 -0.22097891 -0.26364248 -0.318 -0.318 -0.318 -0.318 -0.318 -0.30647836 -0.26455217 -0.266 -0.266 -0.266 -0.266 0.14839111 0.042000235 0.042 0.042 0.042 0.15700051 0.33199995 0.332 0.332 0.082 0.020000993 0.02 0.02 0.31 0.31
-0.294 -0.294 -0.122 -0.122 -0.122 0.18689707 0.187 0.187 -0.05 -0.05 -0.05 -0.05 -0.05 -0.31099999 -0.311 -0.311 -0.311 -0.311 -0.287 -0.287 -0.287 -0.287 -0.287 -0.279 -0.279 -0.279 -0.279 -0.318 -0.318 -0.318 -0.318 -0.318 -0.137 -0.137 -0.266 -0.266 -0.266 -0.010043597 -0.01 0.042 0.042 0.042 0.042000019 0.157 0.157 0.157 0.082 0.082 0.082 0.024 0.024 0.31 0.31
-0.294 -0.294 -0.122 -0.122 -0.122 -0.122 -0.12199996 -0.114 -0.050060258 -0.05 -0.05 -0.05 -0.05 -0.30774426 -0.311 -0.311 -0.311 -0.311 -0.287 -0.287 -0.287 -0.287 -0.287 -0.279 -0.279 -0.279 -0.279 -0.27900015 -0.318 -0.318 -0.318 -0.13700949 -0.137 -0.137 -0.137 -0.266 -0.010000003 -0.01 -0.01 -0.0086317825 0.14569004 0.165 0.165 0.157 0.157 0.157 0.082 0.082 0.082 0.024 0.024 0.024 0.26199703
-0.379 -0.37899933 -0.122 -0.122 -0.122 -0.122 -0.114 -0.114 -0.114 -0.05 -0.05 -0.05 -0.05 -0.050081137 -0.311 -0.311 -0.311 -0.311 -0.28700042 -0.287 -0.287 -0.287 -0.28040941 -0.279 -0.279 -0.279 -0.279 -0.23400004 -0.234 -0.234 -0.31709169 -0.137 -0.137 -0.137 -0.13699999 -0.126 -0.01 -0.01 -0.01 -0.0099999985 0.165 0.165 0.165 0.037 0.037 0.037 -0.17297517 0.082 0.082 0.024 0.024 0.024 0.25700098
