interpolatedSpi/03-10|19_2.tif
NCOLS 53
NROWS 52
XLLCORNER -116.03883
YLLCORNER 28.596182
DX 0.49850594
DY 0.49788537
NODATA_VALUE -9999
[rows 0 to 35 of 52, columns 0 to 52 of 53]
0.1925 0.1925 0.043664526 -0.305 -0.13875 -0.2225 -0.22375 -0.32625 -0.67284233 -0.67875 -0.5 -0.11 -0.33626215 -0.48375 -0.3975 -0.3975 -0.3975 -0.085 -0.05125 -0.05125 -0.05125 -0.051255719 -0.64499999 -0.13125 -0.13125 -0.13125 -0.67124655 -0.67125 -0.67125 -0.585 -0.585 -0.585 -0.585 -0.62124999 -0.62125 -0.62125 -0.62125 -0.62125 -0.62125 -0.62124998 0.075000982 0.082411158 -0.26625 -0.26625 -0.26625 -0.26625 -0.2670483 -0.755 -0.755 -0.755 0.25249791 0.2525 0.2525
0.19249856 0.16 0.05500048 0.059811496 -0.055113645 0.065 0.43125 -0.25862441 -0.725 -0.49375 0.04875 -0.33625 -0.33625 -0.022792192 -0.48374365 -0.3975 -0.085 -0.085 -0.051294005 -0.05125 -0.05125 -0.05125 -0.15414714 -0.13125 -0.13125 -0.13125 -0.096250002 -0.09625 -0.585 -0.585 -0.585 -0.585 -0.585 -0.62124999 -0.62125 -0.62125 -0.62125 -0.62125 -0.62124994 -0.4702428 0.28495462 -0.1993603 -0.26625 -0.26625 -0.26625 -0.26625 -0.26625 -0.755 -0.755 -0.755 -0.67145714 0.2525 0.2525
-0.022492943 -0.0225 0.47125 0.455 -0.08 -0.15 0.13125 0.25 -0.2675 -0.32625 -0.16 -0.34875 -0.04 -0.3475 -0.02125 -0.56125 -0.085 -0.085 -0.085 -0.24619331 -0.24625 -0.24625 -0.56625 -0.13125 -0.13125 -0.13125 -0.09625 -0.09625 -0.09625 -0.585 -0.585 -0.58500001 -0.65540476 -0.61975207 -0.61385025 0.16646504 0.17375 0.17375 0.18774232 0.285 0.285 0.28429509 -0.26625 -0.26625 -0.26625 -0.26625 -0.26625 -0.755 -0.755 -0.755 -0.755 0.2525 0.2525
0.35125 -0.022500118 -0.6087613 0.285 -0.32875 0.095 0.00375 -0.33375 -0.27 0.023422804 -0.34625 -0.5575 -0.22625 -0.3475 -0.2075 -0.56125 -0.41859982 -0.41726703 -0.56625 -0.24625 -0.24625 -0.39375 -0.56625 -0.56625 -0.13125 -0.13124983 -0.09625 -0.09625 -0.09625 -0.90125 -0.80797479 -0.73125 -0.73125 -0.73124929 0.17375 0.17375 0.17375 0.17375 0.285 0.285 0.285 0.28499998 -0.26625 -0.26625 -0.26625 -0.26625 -0.26625 -0.75499383 -0.755 -0.755 -0.755 0.25248085 0.2525
0.35125 0.13999863 -0.60875 -0.60765567 -0.32875 -0.28875 -0.35749303 -0.36 -0.34875 -0.44250016 -0.44194282 -0.44001522 -0.54625 -0.2075 -0.2075 -0.44193499 -0.4175 -0.4175 -0.56625 -0.56625 -0.24625031 -0.39375 -0.375 -0.3675 -0.17 -0.1699076 -0.09625 -0.09625 -0.90125 -0.90125 -0.73125 -0.73125 -0.73125 -0.69282828 0.17375 0.17375 0.17375 0.285 0.285 0.285 0.285 0.28497345 -0.26625 -0.26625 -0.26625 -0.26625 -0.26625 -0.27060048 -0.755 -0.75498111 -0.33375 -0.33375 -0.33375
-1.34375 0.13125 0.18000003 -0.44125 0.05 0.02875 -0.47125 -0.45700681 -0.67 -0.48125 -0.6675 -0.67875 -0.67874991 -1 -1 -0.31741369 -0.3175 -0.29375 -0.29375 -0.56624956 -0.505 -0.505 -0.3675 -0.17 -0.17 0.225 -0.78 -0.78 -0.51878468 -0.90125 -0.73125 -0.73125 -0.5275 -0.5275354 -0.86622568 -0.73625 -0.73625 -0.030947001 0.285 0.285 0.010342984 0.010000001 0.010001087 0.26176165 0.2711906 0.27124986 0.27124998 0.2712498 0.34576709 -0.33375 -0.33375 -0.33375 -0.33375
-0.25375854 0.19 0.19693192 0.18 0.35875 -0.52 -0.42875 -0.5075 -0.79125 -0.79125 -0.6675 -0.42125 -0.47874993 -1 0.039996884 0.04 -0.3175 -0.0725 -0.06625 -0.06625 -0.4113361 -0.30625 -0.30625 0.24874999 0.225 0.225 -0.78 -0.78 -0.51874781 -0.51870977 -0.1759456 -0.5275 -0.5275 -0.86625 -0.86625 -0.41899718 -0.73625 -0.73625 -0.390012 0.0099994431 0.01 0.01 0.010007045 0.27125183 0.27125 0.27125 0.27125 0.27125014 0.5 -0.33358477 -0.33375 -0.33375 -0.33375
-0.25375 -0.48375 0.45125 -0.5875 -0.096278162 -0.79625 -0.82 -0.585 -0.73375 -0.4075 -0.4075 -0.18625 -0.47875 -0.47875 0.036440894 0.061630478 0.06375 0.01625 -0.28874977 -0.06625 0.11785402 0.12125 0.0525 -0.13375 -0.13374805 0.0175 0.16375 0.16374967 -0.48138141 -0.48124999 -0.175 -0.20951002 -0.5925 -0.86625 -0.83929747 -0.15375 -0.15375 -0.39 -0.39 0.01 0.01 0.010000009 0.59815906 0.59874998 0.27125 0.27125 0.27125 0.49999129 0.5 0.5 -0.33375 -0.33375 -0.33375
-0.43273565 -0.48374999 0.40125 0.49 0.11375 -0.49125 -0.375 -0.15375 -0.6375 -0.3693616 -0.405 -0.17 -0.17 -0.04 -0.039997661 -0.15439033 -0.155 -0.155 -0.030308718 0.35374994 0.08125 0.08125 0.34 0.16579902 0.0022579935 0.0175 0.05875 0.16375 0.019592595 0.01875 -0.1025 0.255 0.24429408 0.20875 0.07875 -0.025 -0.075 -0.41 0.15099084 0.0119808 0.45375 0.58375 0.59873047 0.59875 0.59690665 0.27125 0.40374999 0.5 0.5 0.5 0.5 -0.25702229 0.2925
-0.1475 -0.1475 0.09875 0.28875 -0.20375 -0.72 -0.46875 -0.42375 -0.15625 -0.30126173 -0.21875 -0.4 -0.04 -0.04 0.20875 0.203761 -0.155 -0.15494133 0.06 0.35375 0.35375 0.31864288 0.34 -0.013743301 -0.01375 -0.01375 0.05875 0.44875 0.44875 0.01875 0.01875 0.2549597 0.23375 0.20875 0.2475 -0.025 -0.075 -0.26375 0.15125 0.85589178 0.58374999 0.54517936 0.47875 0.59875 0.59875 0.40375 0.40375 0.40375 0.5 0.5 0.2825 0.2825 0.2825
-0.1475 -0.1475 -0.185 -0.70875 -0.47625 -0.14375 -0.54125 -0.46514281 -0.67 -0.5725 -0.07875 -0.53125 -0.4001742 0.20875 0.20875 0.20878216 0.4875 0.46506279 0.06 0.6025 0.6025 1.03375 1.03375 -0.01375 -0.01375 -0.01375 0.44875 0.44875 0.44875 0.17375 0.17375 0.1737501 0.36 0.36 -0.2275 0.13125 0.3525 -0.10250027 0.45625 0.8675 0.8675 0.5087499 0.47875 0.59875 0.515 0.4875 0.50705317 0.5075 0.91875 0.91875 0.2825 0.2825 0.2825
-0.1475 -0.163856 -0.40850281 -0.72498637 -0.08875 -0.105 -0.54125 -0.465 -0.66999829 -0.57358018 -0.53125005 -0.53125 0.38875 0.20875 0.20875 0.48749999 0.4875 0.48747567 0.06 0.6025 0.68718873 1.03375 1.03375 -0.013707865 -0.01375 0.15882777 0.51125 0.51125 0.51124999 0.17375 0.17375 0.30125 0.30125 0.35999839 -0.2275 0.46249979 0.27452802 -0.1025 -0.1025 0.86749999 0.50875 0.50875 0.50875004 0.515 0.515 0.4875 0.5075 0.5075 0.91875 0.91875 0.2825 0.2825 0.2825
-0.385 0.015472393 0.039972717 0.034466167 -0.088750251 -0.10499962 -0.54124999 -0.4659386 -0.6558734 -0.66745401 0.38875 0.38875 0.38875 0.38875 0.2087755 0.4875 0.4875 0.48198029 0.06 0.60261014 0.995 0.995 0.995 0.995 0.0037551106 0.51125 0.51125 0.51125 0.51125 0.51106592 0.30125 0.30125 0.30125 0.30125 0.4625 0.4625 0.4625 -0.075293975 -0.095993995 0.76375 0.76375 0.50876372 0.46625167 0.5149953 0.515 0.4875 0.5075 0.5075 0.91875 0.91875 0.28480825 0.2825 -0.14050776
-0.385 0.04 0.04 0.04 0.04 0.039999939 -0.54013326 -0.50519792 -0.61818494 0.38761228 0.38875 0.38875 0.38875 0.38875 0.38875028 0.4875 0.48749993 0.45817642 0.060008984 0.995 0.995 0.995 0.995 0.995 0.99229598 0.57264891 0.55749999 0.5575 0.5575 0.5575 0.30125001 0.30125 0.30125058 0.785 0.785 0.4625 0.98019209 0.995 0.76375013 0.76375 0.76375 0.76375 0.46625 0.46625 0.46625 0.46639788 0.14487066 0.1425 0.1425 0.1425 0.14250001 0.81874989 0.81875
0.42625 0.04 0.04 0.04 0.04 0.04 0.039999965 -0.28419676 0.77248808 0.78 0.78 0.78 0.78 0.78 0.78 0.97591245 0.49527772 0.42896112 0.99488258 0.995 0.995 0.995 0.995 0.99500034 0.87 0.87 0.86999956 0.5575 0.5575 0.55814328 0.87875 0.87875 0.785 0.785 0.785 0.9613603 0.995 0.995 0.995 0.76375 0.76375 0.76375 0.46625 0.46625 0.46625 0.46625 0.14250001 0.1425 0.1425 0.1425 0.1425 0.81875 0.81875
0.42625 0.28245351 0.04 0.04 0.04 0.04 0.31369627 0.31375 0.31375001 0.78 0.78 0.78 0.78 0.78 0.8241214 0.98 0.98 0.98 1.2841165 1.2849997 1.285 1.285 1.285 1.285 0.87 0.87 0.87 0.87 0.5575 0.87875 0.87875 0.87875 0.78500001 0.785 0.785 1.02875 0.99504469 0.995 0.995 0.76378155 0.82657585 0.97312236 0.46625 0.46625 0.79149317 0.7925 0.7925 0.14339585 0.68434984 0.68624995 0.6862499 0.91123594 0.81875019
0.42625 0.17444939 0.10452087 0.04 0.04 0.31358826 0.31375 0.31375 0.31375 0.31710993 0.78 0.78 0.78 0.78000002 0.98 0.98 0.98 0.98 1.2847275 1.285 1.285 1.285 1.285 1.285 0.87000001 0.87 0.87 0.87 0.87003183 0.87875 0.87875 0.87875 1.34375 0.78503828 1.02875 1.02875 1.02875 1.0310834 0.97510375 0.97375 0.97375 0.97375 0.98125 0.98125 0.7925 0.7925 0.7925 0.68625 0.68625 0.68625 0.68625 0.91125 0.91125
0.16772526 0.1675 0.1675 0.1675 0.155 0.3137459 0.31375 0.31375 0.31375 0.31375 0.76608844 0.77999761 0.77999999 0.98 0.98 0.98 0.98 0.98 0.98655005 1.285 1.285 1.285 1.285 1.285 1.2187739 1.428747 1.42875 1.42875 1.42875 0.87875002 1.34375 1.34375 1.34375 1.34375 1.02875 1.0287556 1.24125 1.24125 0.97709014 0.97375 0.97375 0.97375 0.98125 0.98125 0.821725 0.7925 0.7925 0.68625 0.68625 0.68625 0.68866259 0.91125 0.91125
0.1675 0.1675 0.1675 0.16161356 0.155 0.155 0.31375 0.31375 0.31375 0.31375 0.59625 0.59625 0.59625 0.98 0.98 0.98 0.98 0.97997108 0.705 0.705 1.2849998 1.285 1.2808916 1.11625 1.1190633 1.42875 1.42875 1.42875 1.42875 1.3437587 1.34375 1.34375 1.34375 1.34375 1.2412493 1.24125 1.24125 1.24125 1.240335 0.97375 0.97375 0.97375 0.98125 0.98125 0.98125 0.7925 0.7925 0.68625001 0.68625 0.68625 0.91125 0.91125 0.91125
0.1675 0.1675 0.1675 0.155 0.155 0.155 0.15500024 0.31375 0.31375 0.59595838 0.59625 0.59625 0.59625 0.59648909 0.83835108 0.805 0.805 0.805 0.705 0.705 0.705 1.11625 1.11625 1.11625 1.1162619 1.2871284 1.42875 1.42875 1.42875 1.5256196 1.5649782 1.565 1.565 1.565 1.4280105 1.689999 1.69 1.69 1.69 1.3399499 1.34 1.34 0.98125 0.98125 1.1674992 1.1675 1.095 1.095 1.045 1.045 1.045 0.91125 0.97369412
0.16750111 0.1675 0.1675 0.155 0.155 0.155 0.155 0.37124998 0.31397991 0.59616159 0.59625 0.59625 0.59625 0.59665962 0.805 0.805 0.805 0.80499997 0.705 0.705 0.705 1.11625 1.11625 1.11625 1.15875 1.15875 1.355 1.355 1.355 1.3561456 1.565 1.565 1.565 1.565 1.6274657 1.69 1.69 1.69 1.69 1.34 1.34 1.34 1.3345725 1.1675 1.1675 1.1675 1.095 1.095 1.045 1.045 1.045 0.97375 0.97375
0.525 0.3651028 0.4475 0.44741514 0.155 0.36999878 0.37125 0.37125 0.47099865 0.49875 0.49875 0.49875 0.49875 0.50249988 0.5025 0.80499977 0.805 0.80236515 0.705 0.705 0.705 0.84625 0.84625 0.84625 1.15875 1.15875 1.355 1.355 1.355 1.3550001 1.5200003 1.5200001 1.563869 1.5649518 1.5475208 1.5475 1.5475 1.5475 1.5475 1.34 1.34 1.34 1.1769981 1.1675 1.1675 1.1674999 1.095 1.095 1.0949982 1.045 1.0449936 0.9025 0.97375
0.71371416 0.71374995 0.4475 0.4475 0.4475 0.37125 0.37125 0.37125 0.645 0.645 0.49875 0.49875 0.49875 0.5025 0.5025 0.5025 0.5025 0.50252362 0.705 0.705 0.70500001 0.84625 0.84625 0.84625 1.15875 1.15875 1.355 1.355 1.355 1.5181396 1.52 1.52 1.52 1.52 1.5474864 1.5475 1.5475 1.5475 1.5475 0.89125012 0.89125 0.89125 0.89125 1.1674948 0.485 0.485 0.485 0.6875 0.6875 0.6875 0.9025 0.9025 0.9025
0.71375 0.71375 0.4475 0.4475 0.4475 0.37165078 0.37125 0.645 0.645 0.645 0.498768 0.49875 0.28936179 0.50249994 0.5025 0.5025 0.5025 0.21625 0.21625 0.21625 0.40750001 0.40750033 0.84624786 0.84625 0.84650597 1.13 1.13 1.1300005 1.3549636 1.4887562 1.4887502 1.4887555 1.5199466 1.519973 1.5425805 1.5474996 1.5441404 0.545 0.545 0.89125 0.89125 0.89125 0.89125 0.485 0.485 0.485 0.485 0.6875 0.6875 0.6875 0.9025 0.9025 0.9025
0.71375 0.71375 0.4475 0.4475 0.4475 0.4475 0.47370663 0.645 0.645 0.645 0.64477767 0.2425 0.2425 0.2425 0.50096776 0.5025 0.2181575 0.21625 0.21625 0.21625 0.4075 0.4075 0.4075 0.4075 1.13 1.13 1.13 1.13 1.13 1.48875 1.48875 1.48875 1.48875 1.4887495 1.24 0.545 0.545 0.545 0.545 0.5449998 0.4275 0.4275 0.4275 0.43441528 0.44875 0.44875 0.44875 0.68749999 0.6875 0.6875 0.6875 1.0674599 1.0675
0.71375 0.71375 0.54359755 0.4475 0.4475 0.4475 0.54268189 0.64467698 0.645 0.645 0.24250005 0.2425 0.2425 0.2425 0.2425 0.26380746 0.21625 0.21625 0.21625 0.21625 0.40749852 0.4075 0.4075 0.4075 1.13 1.13 1.13 1.13 1.13 0.92991421 1.48875 1.48875 1.48875 1.24 1.24 1.2394603 0.545 0.545 0.6603696 0.74999998 0.4275 0.4275 0.4275 0.43535769 0.44875 0.44875 0.44875 0.72 0.68790495 0.6875 0.6875 1.0675 1.0675
0.83875 0.83875 0.83875 0.54559713 0.4478622 0.5425 0.5425 0.5425 0.5425 0.49125 0.49125 0.24250002 0.2425 0.2425 0.2425 0.24249833 0.21625 0.21625 0.21625 0.21625 0.3240447 0.4075 0.4075 0.40390157 0.30829482 1.13 1.13 1.13 0.7325 0.7325 0.7325 0.73250317 1.24 1.24 1.24 1.24 0.75 0.75 0.75 0.75 0.55625 0.55625 0.55625 0.73999631 0.74 0.74 0.73999991 0.72 0.72 0.6875396 0.6875 1.0674988 1.0675
0.83875 0.83875 0.83875 0.83874233 0.69625 0.67389222 0.5425 0.5425 0.5425 0.49125 0.49125 0.49125 0.065000009 0.065 0.065 0.065000006 0.21627748 0.21625 0.21625 0.21625 0.21914252 0.27000038 0.27 0.27 0.27 0.27 0.10875001 0.10875 0.7325 0.7325 0.7325 0.7325 1.2399997 1.24 1.24 1.2399665 0.75000001 0.75 0.75 0.7509322 0.55625 0.55625 0.55625 0.73999148 0.74 0.74 0.74 0.72 0.72 0.72000001 0.82625 0.82625 0.82875
0.83875 0.83875 0.83875 0.69625033 0.69625 0.69625 0.54250006 0.5425 0.5425 0.49125 0.49125 0.49125 0.065 0.065 0.065 0.077661525 0.23125 0.23125 0.23124996 0.21633472 0.27 0.27 0.27 0.27 0.27 0.26987865 0.10875 0.10875 0.10875 0.7325 0.7325 0.73237288 0.82875 0.82875 0.82875 0.755 0.755 0.9625 0.9625 0.9625 1.0375 0.55640095 0.55625361 1.04 1.04 1.0286303 0.74000076 0.72 0.72 0.82625 0.82625 0.82625 0.82875
0.83875 0.83875 0.83875 0.69625 0.69625 0.69625 0.69625 0.5425 0.5425 0.49125 0.49125 0.082043852 0.065 0.065 0.065 0.23125 0.23125 0.23125 0.23125 0.23125 0.27 0.27 0.27 0.27 0.27 0.10875055 0.10875 0.10875 0.10875 0.535 0.535 0.535 0.82875 0.82875 0.82875 0.755 0.755 0.9625 0.9625 1.0375 1.0375 1.0375 1.04 1.04 1.04 1.04 1.0317853 0.94 0.94 0.94 0.82625 0.8675 0.8675
0.83875 0.83875 0.83855156 0.69625 0.69625 0.69625 0.69625 0.32139537 0.3025 0.30282406 0.49124998 0.064996128 0.065 0.065 0.065000575 0.23125 0.23125 0.23125 0.23125 0.23125 0.25561254 0.27 0.27 0.27 0.26992971 0.10873987 0.10875 0.10875 0.10875 0.535 0.535 0.535 0.53504064 0.82875 0.755 0.755 0.755 0.75500844 0.96250511 1.0375 1.0375 1.0375 1.0399998 1.04 1.04 1.04 0.94000003 0.94 0.94 0.94 0.8675 0.8675 0.8675
0.13125 0.13125124 0.696305 0.69625 0.69625 0.69625 0.30258379 0.3025 0.3025 0.3025 0.018750007 0.01875 0.01875 0.01875 0.23026924 0.23125 0.23125 0.23125 0.23125 0.25499999 0.255 0.255 -0.071249943 -0.07125 -0.07125 -0.07125 -0.055713685 0.10875 0.31999135 0.32 0.32 0.32 0.32 0.61625 0.61625 0.61625 0.61625 0.61625 1.0125 1.0125 1.0125 1.0125 1.0125 0.94264697 0.9425 0.9425 0.9425 0.94 0.94 0.94 0.86751142 0.8675 0.8675
0.13125 0.13125 0.12844538 -0.20374819 -0.2037498 -0.20325585 0.3025 0.3025 0.3025 0.3025 0.01875 0.01875 0.01875 0.01875 0.01875 0.23125 0.23125 0.23125 0.25499999 0.255 0.255 0.255 -0.071249999 -0.07125 -0.07125 -0.07125 -0.07125 -0.071211524 0.31990636 0.32 0.32 0.32 0.31996238 0.61908451 0.61625294 0.61625 0.61625 0.61625 1.0125 1.0125 1.0125 1.0125 1.0125 0.9425 0.9425 0.9425 0.9425 0.94133095 0.94 0.88932179 0.88875 0.6375 0.6375
0.13125 0.13125 -0.20370757 -0.20375 -0.20375 -0.20375 -0.075164635 0.3025 0.3025 0.3025 0.01875 0.01875 0.01875 0.01875 0.01875 0.2310853 0.23125 0.25499304 0.255 0.255 0.255 0.255 0.049611427 -0.07125 -0.07125 -0.07125 -0.07125 -0.071144541 0.0775 0.0775 0.0775 0.0775 0.0775 0.62125 0.62125 0.62125 0.62125 0.62125 1.24625 1.24625 1.24625 1.24625 1.24625 0.94256409 0.94250001 0.9425 0.94250445 0.94302766 0.88875 0.88875 0.88875 0.63750141 0.6375
0.13124973 -0.012148713 -0.20374997 -0.20375 -0.20375 -0.20375 -0.20375 0.30228444 0.3025 0.3025 0.018750001 0.01875 0.01875 0.01875 -0.10958476 -0.1125 -0.1125 0.25499054 0.255 0.255 0.255 0.255 0.25499991 -0.07125 -0.07125 -0.07125 -0.07125 0.36499972 0.36499987 0.30381301 0.0775 0.0775 0.0775 0.62125 0.62125 0.62125 0.62125 0.62133805 1.24625 1.24625 1.24625 1.24625 1.2462539 0.96875 0.96875 0.96875 0.96875 0.96874355 0.88875 0.88875 0.88875 0.88875006 0.98111381
-0.015 -0.015 -0.078956372 -0.20375 -0.20375 -0.20375 -0.20375 -0.20375 0.30228275 -0.27249999 -0.2725 -0.2725 -0.2718088 -0.11249981 -0.1125 -0.1125 -0.1125 -0.1125 0.25499691 0.22858758 -0.0025 -0.0025 -0.0025 -0.019266798 -0.057843907 0.013889553 0.074572056 0.365 0.365 0.365 0.365 0.365 0.35749257 0.74966468 0.75125 0.75125 0.75125 0.75125 1.2558773 1.2974999 1.2975 1.2975 1.2975 1.0624997 0.96875002 0.96875 0.96875 1.03125 0.88875228 0.88875 0.88875 0.98625 0.98625
