interpolatedSpi/04-04|22_3.tif
NCOLS 53
NROWS 52
XLLCORNER -116.03883
YLLCORNER 28.596182
DX 0.49850594
DY 0.49788537
NODATA_VALUE -9999
0.945 0.945 0.74939744 0.49 1.7 0.885 0.885 1.295 0.91925765 0.55 0.6 0.27 0.34506505 1.135 1.28 1.28 1.28 0.685 0.9 0.9 0.9 0.8999895 -0.19 0.225 0.225 0.225 0.26499211 0.265 0.265 0.115 0.115 0.115 0.115 0.080000007 0.08 0.08 0.08 0.08 0.08 0.079999972 -0.96870254 -0.98010629 -1.4 -1.4 -1.4 -1.4 -1.4008657 -1.93 -1.93 -1.93 0.96499399 0.965 0.965 
0.94495068 -0.165 0.31499986 0.37273795 0.54028928 1.26 1.22 0.73018181 0.315 0.04 0.105 0.345 0.345 0.40245084 1.1349924 1.28 0.685 0.685 0.89971967 0.9 0.9 0.9 0.22657911 0.225 0.225 0.225 0.88999995 0.89 0.115 0.115 0.115 0.115 0.115 0.080000005 0.08 0.08 0.08 0.08 0.080000094 0.30361045 1.4099411 -1.0590288 -1.4 -1.4 -1.4 -1.4 -1.4 -1.93 -1.93 -1.93 -1.6899438 0.965 0.965 
0.58500009 0.585 0.19 0.83 -0.14 -0.215 0.145 0.205 -0.48 0.02 0.195 -0.56 0.305 0.59 0.4 -0.28 0.685 0.685 0.685 0.37015407 0.37 0.37 0.255 0.225 0.225 0.225 0.89 0.89 0.89 0.115 0.115 0.11500001 0.19202401 0.082748519 0.092007145 1.3581791 1.37 1.37 1.3750309 1.41 1.41 1.4064067 -1.4 -1.4 -1.4 -1.4 -1.4 -1.93 -1.93 -1.93 -1.93 0.965 0.965 
-0.335 0.58499987 -0.075055147 1.35 -0.595 -0.24 -0.345 -0.655 0.37 0.1929318 -0.04 -0.28 -0.305 0.59 0.01 -0.28 -0.38419665 -0.3842503 -0.145 0.37 0.37 -0.425 0.255 0.255 0.225 0.22500332 0.89 0.89 0.89 -0.245 0.040312418 0.275 0.275 0.27500086 1.37 1.37 1.37 1.37 1.41 1.41 1.41 1.4099999 -1.4 -1.4 -1.4 -1.4 -1.4 -1.9299933 -1.93 -1.93 -1.93 0.96498465 0.965 
-0.335 0.26999937 -0.075 -0.38591605 -0.595 -0.485 0.10494829 -0.33 -0.35 0.034999859 0.03635729 0.040020053 0.18 0.01 0.01 -0.18568817 -0.385 -0.385 -0.145 -0.145 0.3699984 -0.425 -0.205 0.215 0.025 0.024914856 0.89 0.89 -0.245 -0.245 0.275 0.275 0.275 0.26934283 1.37 1.37 1.37 1.41 1.41 1.41 1.41 1.4100676 -1.3999999 -1.4 -1.4 -1.4 -1.4 -1.4047177 -1.93 -1.9298913 0.495 0.495 0.495 
-1.93 -0.48 0.26000002 0.3 -0.99 -0.4 -0.52 -0.49567456 -0.21 -0.4 -0.5 0.1 0.10000005 1.6480554e-49 6.5721884e-16 -0.11492274 -0.115 -0.105 -0.105 -0.14499939 -0.55 -0.55 0.215 0.025 0.025 -0.34 -0.18 -0.18 0.1599623 -0.245 0.275 0.275 0.245 0.24501411 0.37999057 1.205 1.205 1.3465786 1.41 1.41 2.1091269 2.11 2.1100014 0.50084195 0.53478614 0.53499948 0.53499993 0.53499927 0.55383336 0.495 0.495 0.495 0.495 
-0.70000808 -1.47 -1.4545044 -0.83 -0.325 -1.365 -0.98999999 -1.505 -1.095 -1.095 -0.5 0.18 -0.67999984 -3.1491603e-13 0.20499939 0.205 -0.115 0.535 0.55 0.55 -0.65367828 -0.77 -0.77 -0.39499999 -0.34 -0.34 -0.18 -0.18 0.15995979 0.15925969 0.75103644 0.245 0.245 0.38 0.38 1.3030352 1.205 1.205 1.8749768 2.1099997 2.11 2.11 2.1100068 0.53500541 0.535 0.535 0.535 0.53500007 0.65 0.49503072 0.495 0.495 0.495 
-0.7 -0.29 -1.01 -1.74 -1.3000252 -1.16 -1.41 -1.37 -0.775 -1.245 -1.245 -0.1 -0.68 -0.68 0.19892808 0.072940239 0.06 0.445 -0.35999907 0.55 0.092274953 0.24 -1.025 -0.015000004 -0.015006965 -0.555 -0.044999999 -0.045000048 -0.52758214 -0.52999997 0.755 -0.42419282 -0.135 0.38 0.40552647 1.385 1.385 1.875 1.875 2.11 2.11 2.11 1.5108937 1.505 0.535 0.535 0.535 0.64999562 0.65 0.65 0.495 0.495 0.495 
-0.46447287 -0.29 -0.14 -0.675 -1.38 -1.62 -0.81 -0.645 -0.935 -0.37679367 -0.41 -0.43 -0.43 0.005 0.0049907848 -0.43362039 -0.435 -0.435 0.32211552 -1.1450001 -1.5 -1.5 1.53 -0.018116506 -0.50058226 -0.555 0.225 -0.045 1.1032883 1.11 -0.505 0.995 0.70035911 0.415 1.275 1.23 2.12 0.805 2.0294343 2.1127452 2.725 2.375 1.5050497 1.505 1.4995403 0.535 0.20000002 0.65 0.65 0.65 0.65 0.61577221 0.385 
-1.44 -1.44 -0.375 -0.58 -1.15 -1.685 -1.055 -1.75 -0.91 -0.23522106 -0.86 1.18 0.005 0.005 -0.975 -0.96759366 -0.435 -0.43505908 -0.72 -1.145 -1.145 -1.1907359 1.53 0.61501733 0.615 0.615 0.225 -0.025 -0.025 1.11 1.11 0.99389048 0.41 0.415 1.17 1.23 2.12 1.225 2.03 2.0939465 2.375 2.1674532 1.81 1.505 1.505 0.2 0.2 0.2 0.65 0.65 1.465 1.465 1.4649996 
-1.44 -1.44 -0.565 -1.22 -1.585 -0.96 -1.745 -0.27623079 -0.96 -0.775 -0.995 -0.985 1.177116 -0.975 -0.975 -0.97494117 -0.465 -0.4783836 -0.72 -0.74 -0.74 -1.16 -1.16 0.615 0.615 0.615 -0.025 -0.025 -0.025 0.31 0.31 0.31000016 0.955 0.955 0.645 0.71 1.93 1.5199994 1.87 2.095 2.095 1.3950014 1.81 1.505 0.98000019 1.095 1.4695089 1.475 1.915 1.915 1.465 1.465 1.465 
-1.44 -1.0623321 -0.84451186 -1.3349906 -0.945 -1.7 -1.745 -0.275 -0.95999428 -0.77704958 -0.98499973 -0.985 -0.685 -0.975 -0.975 -0.46500002 -0.465 -0.46501451 -0.72 -0.74 -0.82247946 -1.16 -1.16 0.61492851 0.615 0.32079599 -0.28 -0.28 -0.27999997 0.31 0.31 -0.125 -0.125 0.95499915 0.645 1.1800001 1.8530296 1.52 1.52 2.095 1.395 1.395 1.3949971 0.98 0.98 1.095 1.475 1.475 1.915 1.915 1.465 1.465 1.465 
-0.525 -0.34309492 -0.31503299 -0.32238657 -0.94500393 -1.6999822 -1.745 -0.29309487 -0.91279649 -0.95516916 -0.685 -0.685 -0.685 -0.685 -0.97495892 -0.465 -0.465 -0.46829246 -0.72 -0.74013007 -1.19 -1.19 -1.19 -1.19 0.58371492 -0.28 -0.28 -0.28 -0.28 -0.27954106 -0.125 -0.125 -0.125 -0.125 1.18 1.18 1.18 1.5035246 1.515043 0.86 0.86 1.3949712 1.0599973 0.98000771 0.98 1.095 1.475 1.475 1.915 1.915 1.4666326 1.465 2.1580126 
-0.525 -0.315 -0.315 -0.315 -0.315 -0.31500058 -1.7448846 -1.0495396 -0.78686193 -0.68529149 -0.685 -0.685 -0.685 -0.685 -0.68499997 -0.46500001 -0.46500004 -0.48249126 -0.71999797 -1.19 -1.19 -1.19 -1.19 -1.19 -1.1681634 -0.026811074 0.13499991 0.135 0.135 0.135 -0.125 -0.125 -0.12499987 -0.015 -0.015 1.18 0.65501647 0.64 0.85999987 0.86 0.86 0.86 1.06 1.06 1.06 1.0602436 1.3010597 1.3 1.3 1.3 1.3 1.57 1.57 
-0.66 -0.315 -0.315 -0.315 -0.315 -0.315 -0.31500009 -1.3459436 -0.63566356 -0.635 -0.635 -0.635 -0.635 -0.635 -0.635 -0.47822127 -0.46518137 -0.49991808 -1.1899408 -1.19 -1.19 -1.19 -1.19 -1.1899987 -0.18 -0.18 -0.17999956 0.135 0.135 0.13464957 -0.04 -0.04 -0.015 -0.015 -0.015 0.53507614 0.64 0.64 0.64 0.86 0.86 0.86 1.06 1.06 1.06 1.06 1.3 1.3 1.3 1.3 1.3 1.57 1.57 
-0.66 -0.53156042 -0.315 -0.315 -0.315 -0.315 -1.2098243 -1.21 -1.21 -0.635 -0.635 -0.635 -0.635 -0.635 -0.59970288 -0.475 -0.475 -0.475 -0.098334738 -0.095001117 -0.095 -0.095 -0.095 -0.095 -0.18 -0.18 -0.18 -0.18 0.135 -0.04 -0.04 -0.04 -0.015000002 -0.015 -0.015 0.67 0.64003972 0.64 0.64 0.85982467 0.50997028 -0.30650313 1.06 1.06 0.078039768 0.075 0.075 1.2984097 0.33837224 0.33500008 0.33500018 0.91009976 1.5699987 
-0.66 -1.2244226 -0.78309258 -0.315 -0.315 -1.2094712 -1.21 -1.21 -1.21 -1.2058564 -0.635 -0.635 -0.635 -0.63499998 -0.475 -0.475 -0.475 -0.475 -0.095339446 -0.095 -0.095 -0.095 -0.095 -0.095 -0.18 -0.18 -0.18 -0.18 -0.17949078 -0.04 -0.04 -0.04 -0.50999999 -0.014942272 0.67 0.67 0.67 0.66472133 -0.24984365 -0.31 -0.31 -0.31 -0.045 -0.045 0.075 0.075 0.075 0.335 0.335 0.335 0.335 0.91 0.91 
-1.2394502 -1.24 -1.24 -1.24 -1.38 -1.2100044 -1.21 -1.21 -1.21 -1.21 -0.67058307 -0.63500612 -0.63500001 -0.475 -0.475 -0.475 -0.475 -0.475 -0.44899771 -0.095 -0.095 -0.095 -0.095 -0.095 -0.42594168 -0.89499613 -0.895 -0.895 -0.895 -0.040000024 -0.50999999 -0.51 -0.51 -0.51 0.67 0.66998736 0.19 0.19 -0.30375676 -0.31 -0.31 -0.31 -0.045 -0.045 0.056419868 0.075 0.075 0.335 0.335 0.335 0.3411655 0.91 0.91 
-1.24 -1.24 -1.24 -1.3059281 -1.38 -1.38 -1.21 -1.21 -1.21 -1.21 -1.105 -1.105 -1.105 -0.475 -0.475 -0.475 -0.475 -0.47494464 -0.535 -0.535 -0.095000179 -0.095 -0.11228551 -0.805 -0.80581023 -0.895 -0.895 -0.895 -0.895 -0.5100392 -0.51 -0.51 -0.51 -0.51 0.19000169 0.19 0.19 0.19 0.18818165 -0.31 -0.31 -0.31 -0.045 -0.045 -0.045 0.075 0.075 0.33499999 0.335 0.335 0.91 0.91 0.91 
-1.24 -1.24 -1.24 -1.38 -1.38 -1.38 -1.3799997 -1.21 -1.21 -1.1051084 -1.105 -1.105 -1.105 -1.1046075 -0.20384349 -0.14 -0.14 -0.14 -0.535 -0.535 -0.535 -0.805 -0.805 -0.805 -0.8049916 -0.83205708 -0.895 -0.895 -0.895 -1.1003352 -1.2249297 -1.225 -1.225 -1.225 -0.24370212 -0.84999764 -0.85 -0.85 -0.85 -0.57996306 -0.58 -0.58 -0.045 -0.045 0.12999927 0.12999992 -0.1 -0.1 -0.11 -0.11 -0.11 0.91 0.32052753 
-1.240001 -1.24 -1.24 -1.38 -1.38 -1.38 -1.38 -1.8949998 -1.2127389 -1.1053808 -1.105 -1.105 -1.105 -1.1031064 -0.14 -0.14 -0.14 -0.14000011 -0.535 -0.535 -0.535 -0.805 -0.805 -0.805 -0.775 -0.775 -1.135 -1.135 -1.135 -1.135491 -1.225 -1.225 -1.225 -1.225 -1.0376031 -0.85 -0.85 -0.85 -0.85 -0.58 -0.58 -0.58 -0.55766068 0.13 0.13 0.13 -0.1 -0.1 -0.11 -0.11 -0.11 0.31999999 0.32 
-1.56 -1.4194538 -1.9 -1.8998491 -1.38 -1.8920202 -1.895 -1.895 -1.8622059 -1.525 -1.525 -1.525 -1.525 -0.18004378 -0.18 -0.14000003 -0.14 -0.15040767 -0.535 -0.535 -0.535 -1.3 -1.3 -1.3 -0.775 -0.775 -1.135 -1.135 -1.135 -1.1350005 -1.849996 -1.8499982 -1.2407084 -1.22567 -1.4847013 -1.485 -1.485 -1.485 -1.485 -0.58 -0.58 -0.58 0.090904999 0.13 0.13 0.12999992 -0.1 -0.1 -0.10000036 -0.11 -0.10998502 0.225 0.32 
-1.3400418 -1.3400001 -1.9 -1.9 -1.9 -1.895 -1.895 -1.895 -1.805 -1.805 -1.525 -1.525 -1.525 -0.18 -0.18 -0.18 -0.18 -0.18003924 -0.535 -0.535 -0.53500003 -1.3 -1.3 -1.3 -0.775 -0.775 -1.135 -1.135 -1.135 -1.8419383 -1.85 -1.85 -1.85 -1.85 -1.4851801 -1.485 -1.485 -1.485 -1.485 -0.84999993 -0.85 -0.85 -0.85 0.12999674 -0.295 -0.295 -0.295 0.24 0.24 0.24 0.225 0.225 0.225 
-1.34 -1.34 -1.9 -1.9 -1.9 -1.8950263 -1.895 -1.805 -1.805 -1.805 -1.5250345 -1.525 -1.3207188 -0.18000025 -0.18 -0.18 -0.18 -0.785 -0.785 -0.785 -0.35000002 -0.35000071 -1.2999954 -1.3 -1.2996214 -0.91 -0.91 -0.91000054 -1.1349636 -1.4150867 -1.4150023 -1.4150759 -1.8492565 -1.8496246 -1.5497264 -1.4850001 -1.4858211 -1.73 -1.73 -0.85 -0.85 -0.85 -0.85 -0.295 -0.295 -0.295 -0.295 0.24 0.24 0.24 0.225 0.225 0.225 
-1.34 -1.34 -1.9 -1.9 -1.9 -1.9 -1.8613156 -1.805 -1.805 -1.805 -1.8047072 -1.275 -1.275 -1.275 -0.18645309 -0.18 -0.78096843 -0.785 -0.785 -0.785 -0.35 -0.35 -0.35 -0.35 -0.91 -0.91 -0.91 -0.91 -0.91 -1.415 -1.415 -1.415 -1.415 -1.4150006 -1.69 -1.73 -1.73 -1.73 -1.73 -1.7299961 -0.635 -0.635 -0.635 -0.36979055 0.18 0.18 0.18 0.24 0.23999962 -0.155 -0.155 0.22000122 0.22 
-1.34 -1.34 -1.6978793 -1.9 -1.9 -1.9 -2.2542015 -1.8064182 -1.805 -1.805 -1.2750001 -1.275 -1.275 -1.275 -1.275 -1.1851735 -0.785 -0.785 -0.785 -0.785 -0.35000336 -0.35 -0.35 -0.35 -0.91 -0.91 -0.91 -0.91 -0.91 -1.24504 -1.415 -1.415 -1.415 -1.69 -1.69 -1.6900311 -1.73 -1.73 -1.2713355 -0.91500007 -0.635 -0.635 -0.635 -0.37363819 0.18 0.18 0.18 0.03 -0.15269492 -0.155 -0.155 0.22 0.22 
-1.53 -1.53 -1.53 -1.8072308 -1.8996533 -2.255 -2.255 -2.255 -2.255 -1.695 -1.695 -1.275 -1.275 -1.275 -1.275 -1.2749689 -0.785 -0.785 -0.785 -0.785 -0.53981989 -0.35 -0.35 -0.34241058 -0.097849538 -0.91 -0.91 -0.91 -1.185 -1.185 -1.185 -1.185001 -1.69 -1.69 -1.69 -1.69 -0.915 -0.915 -0.915 -0.915 0.025 0.025 0.025 0.044999598 0.045 0.045 0.045000043 0.03 0.03 -0.15477459 -0.155 0.22000111 0.22 
-1.53 -1.53 -1.53 -1.5300067 -1.655 -1.7422499 -2.255 -2.255 -2.255 -1.695 -1.695 -1.695 -0.99500001 -0.995 -0.995 -0.99500001 -0.78556787 -0.785 -0.785 -0.785 -0.77838802 -0.060000796 -0.06 -0.06 -0.06 -0.060000011 -0.14000001 -0.14 -1.185 -1.185 -1.185 -1.185 -1.6899996 -1.69 -1.69 -1.6899593 -0.91499999 -0.915 -0.915 -0.91359621 0.025 0.025 0.025 0.044999073 0.045 0.045 0.045 0.03 0.03 0.030000055 0.44 0.44 0.56 
-1.53 -1.53 -1.53 -1.6549997 -1.655 -1.655 -2.2549998 -2.255 -2.255 -1.695 -1.695 -1.695 -0.995 -0.995 -0.995 -1.002616 -1.095 -1.095 -1.0949992 -0.78675095 -0.060000001 -0.06 -0.06 -0.06 -0.06 -0.060060204 -0.14 -0.14 -0.14 -1.185 -1.185 -1.1849389 -1.19 -1.19 -1.19 -0.68 -0.68 -0.595 -0.595 -0.595 -0.23 0.024920014 0.025000933 0.15 0.15 0.14602062 0.045000252 0.030000001 0.03 0.44 0.44 0.44 0.56 
-1.53 -1.53 -1.53 -1.655 -1.655 -1.655 -1.655 -2.255 -2.255 -1.695 -1.695 -1.0229899 -0.995 -0.995 -0.995 -1.095 -1.095 -1.095 -1.095 -1.095 -0.06 -0.06 -0.06 -0.06 -0.06 -0.13999973 -0.14 -0.14 -0.14 -1.09 -1.09 -1.09 -1.19 -1.19 -1.19 -0.68 -0.68 -0.595 -0.595 -0.23 -0.23 -0.23 0.15 0.15 0.15 0.15 0.19107367 0.65 0.65 0.65 0.44000001 0.92 0.92 
-1.53 -1.53 -1.5301741 -1.655 -1.655 -1.655 -1.655 -1.5931192 -1.59 -1.5901803 -1.695 -0.995 -0.995 -0.995 -0.99500035 -1.095 -1.095 -1.095 -1.095 -1.095 -0.25666353 -0.06 -0.06 -0.06 -0.059971165 -0.13998762 -0.14 -0.14 -0.14 -1.09 -1.09 -1.09 -1.0900108 -1.19 -0.68 -0.68 -0.68 -0.6799965 -0.59497511 -0.23 -0.23 -0.23 0.14997693 0.15 0.15 0.15 0.6499987 0.65 0.65 0.65 0.92 0.92 0.92 
-1.615 -1.6149999 -1.6549328 -1.655 -1.655 -1.655 -1.5900138 -1.59 -1.59 -1.59 -0.99500002 -0.995 -0.995 -0.995 -1.0945385 -1.095 -1.095 -1.095 -1.095 -0.26500049 -0.265 -0.265 0.079999977 0.08 0.08 0.08 0.06101117 -0.14 -0.64497932 -0.645 -0.645 -0.645 -0.645 -0.675 -0.675 -0.675 -0.675 -0.675 -0.045 -0.045 -0.045 -0.045 -0.045 0.52443471 0.525 0.525 0.525 0.65 0.65 0.65 0.91995746 0.92 0.92 
-1.615 -1.615 -1.6130743 -1.3850005 -1.3850001 -1.3852 -1.59 -1.59 -1.59 -1.59 -0.995 -0.995 -0.995 -0.995 -0.995 -1.095 -1.095 -1.095 -0.26500021 -0.265 -0.265 -0.265 0.079999999 0.08 0.08 0.08 0.08 0.079952716 -0.64509268 -0.645 -0.645 -0.645 -0.64503723 -0.52477107 -0.67484444 -0.675 -0.675 -0.675 -0.045 -0.045 -0.045 -0.045 -0.045 0.525 0.525 0.525 0.525 0.58345244 0.65 1.2334174 1.24 1.155 1.155 
-1.615 -1.615 -1.3850291 -1.385 -1.385 -1.385 -1.4370691 -1.59 -1.59 -1.59 -0.995 -0.995 -0.995 -0.995 -0.995 -1.0949221 -1.095 -0.26524335 -0.265 -0.265 -0.265 -0.265 -0.047807485 0.08 0.08 0.08 0.08 0.0793166 -0.885 -0.885 -0.885 -0.885 -0.885 -0.41 -0.41 -0.41 -0.41 -0.41 -0.205 -0.205 -0.205 -0.205 -0.205 0.52521975 0.52500005 0.525 0.52501526 0.52693863 1.24 1.24 1.24 1.1550005 1.155 
-1.6149999 -1.5561698 -1.385 -1.385 -1.385 -1.385 -1.385 -1.5899127 -1.59 -1.59 -0.995 -0.995 -0.995 -0.995 -0.89722114 -0.895 -0.895 -0.26501621 -0.265 -0.265 -0.265 -0.265 -0.26500005 0.08 0.08 0.08 0.08 -0.78000007 -0.78000005 -0.80234655 -0.885 -0.885 -0.885 -0.41 -0.41 -0.41 -0.41 -0.40995598 -0.205 -0.205 -0.205 -0.205 -0.20499081 0.615 0.615 0.615 0.615 0.61505041 1.24 1.24 1.24 1.2399999 1.0515464 
-1.555 -1.555 -1.5272875 -1.385 -1.385 -1.385 -1.385 -1.385 -1.589911 -0.94000001 -0.94 -0.94 -0.94013053 -0.89500014 -0.895 -0.895 -0.895 -0.895 -0.26500354 -0.29525889 -0.56 -0.56 -0.56 -0.40201751 -0.0096407389 -0.48929134 -0.89387369 -0.78 -0.78 -0.78 -0.78 -0.78 -0.78693545 -0.35291252 -0.345 -0.345 -0.345 -0.345 -0.18245763 -0.085000216 -0.085 -0.085 -0.085 0.49500035 0.61499997 0.615 0.615 0.815 1.2399932 1.24 1.24 1.05 1.05 
-1.555 -1.555 -1.58 -1.58 -1.58 -1.385065 -1.385 -1.385 -0.94 -0.94 -0.94 -0.94 -0.94 -0.895 -0.895 -0.895 -0.895 -0.895 -0.56 -0.56 -0.56 -0.56 -0.56 -1.04 -1.04 -1.04 -1.04 -0.78 -0.78 -0.78 -0.78 -0.78 -1.05 -1.05 -0.345 -0.345 -0.345 -0.1900264 -0.19 -0.085 -0.085 -0.085 -0.084999934 0.495 0.495 0.495 0.815 0.815 0.815 0.78 0.78 1.05 1.05 
-1.555 -1.555 -1.58 -1.58 -1.58 -1.58 -1.5799975 -1.12 -0.94016948 -0.94 -0.94 -0.94 -0.94 -0.89556133 -0.895 -0.895 -0.895 -0.895 -0.56000001 -0.56 -0.56 -0.56 -0.56 -1.04 -1.04 -1.04 -1.04 -1.039999 -0.78 -0.78 -0.78 -1.0499858 -1.05 -1.05 -1.05 -0.345 -0.19 -0.19 -0.19 -0.18723725 0.2732786 0.34 0.34 0.495 0.495 0.495 0.815 0.815 0.815 0.78 0.78 0.78 0.96848553 
-1.52 -1.5200003 -1.58 -1.58 -1.58 -1.58 -1.12 -1.12 -1.12 -0.94 -0.94 -0.94 -0.94 -0.93998601 -0.895 -0.895 -0.895 -0.895 -0.56000588 -0.56 -0.56 -0.56 -0.95543699 -1.04 -1.04 -1.04 -1.04 -1.3899997 -1.39 -1.39 -0.78655703 -1.05 -1.05 -1.05 -1.0499996 -0.68000001 -0.19 -0.19 -0.19 -0.19 0.34 0.34 0.34 0.575 0.575 0.575 0.56502435 0.815 0.815 0.78 0.78 0.78 0.95999848 
-1.52 -1.52 -1.58 -1.58 -1.58 -1.12 -1.12 -1.12 -1.12 -0.959731 -0.94 -0.94 -0.94 -0.94000127 -1.3549471 -1.355 -1.355 -1.355 -0.53416133 -0.495 -0.495 -0.495 -0.495 -1.04 -1.04 -1.04 -1.0400231 -1.39 -1.39 -1.39 -1.39 -1.0500138 -0.8418857 -0.68 -0.68 -0.68 -0.1901323 -0.22499927 -0.225 -0.225 0.34005091 0.405 0.405 0.575 0.575 0.57499996 0.565 0.565 0.735 0.735 0.735 0.25 0.415 
-1.52 -1.52 -1.285 -1.285 -1.285 -1.12 -1.12 -1.12 -1.12 -0.94 -0.94 -0.94 -0.94 -0.96924602 -1.355 -1.355 -1.355 -1.355 -0.535 -0.495 -0.495 -0.495 -0.495 -1.545 -1.5449998 -1.0400007 -1.39 -1.39 -1.39 -1.39 -1.3191215 -1.25 -0.74782218 -0.68 -0.68 -0.68 -0.225 -0.225 -0.225 -0.225 0.405 0.405 0.405 0.36001419 0.36 0.56407854 0.565 0.565 0.7349969 0.735 0.25 0.25 0.415 
-1.52 -1.285 -1.285 -1.285 -1.285 -1.285 -1.1202329 -1.15 -1.15 -0.94 -0.94 -0.94 -0.94 -0.94009828 -1.355 -1.355 -1.355 -1.3179498 -0.535 -0.535 -0.495 -0.495 -1.545 -1.545 -1.545 -1.545 -1.39 -1.39 -1.39 -1.39 -1.25 -1.25 -1.25 -0.68057679 -0.68 -0.68 -0.225 -0.225 -0.225 -0.225 0.405 0.405 0.405 0.36 0.36 0.35999377 0.25 0.25 0.08 0.08 0.25 0.25 0.415 
-1.2872069 -1.285 -1.285 -1.285 -1.285 -1.285 -1.15 -1.15 -1.15 -1.0375992 -0.94 -0.94 -0.94 -0.94000793 -1.355 -1.355 -1.355 -0.535 -0.535 -0.535 -0.495002 -0.49500641 -1.545 -1.545 -1.545 -1.545 -1.390011 -1.39 -1.39 -1.2500322 -1.25 -1.25 -1.25 -1.25 -0.68162517 -0.855 -0.855 -0.84409676 -0.225 -0.225 0.40499944 0.405 0.36130838 0.36 0.36 0.25000004 0.25 0.25 0.08 0.08 0.285 0.285 0.325 
-1.285 -1.285 -1.285 -1.285 -1.285 -1.285 -1.15 -1.15 -1.15 -1.15 -1.2549909 -1.255 -1.255 -1.255 -1.3549985 -1.028085 -0.845 -0.845 -0.53557148 -0.535 -0.53499999 -1.5449985 -1.545 -1.545 -1.545 -1.545 -1.5448873 -1.39 -1.3899952 -1.25 -1.25 -1.25 -1.25 -1.25 -0.855 -0.855 -0.855 -0.855 -0.855 -0.854996 -0.11 -0.11 -0.10999994 0.07 0.07 0.07 -0.025 -0.025 -0.115 -0.115 0.285 0.28500009 0.325 
-1.285 -1.285 -1.285 -1.285 -1.285 -1.285 -1.15 -1.15 -1.15 -1.255 -1.255 -1.255 -1.255 -1.255 -1.146925 -0.845 -0.845 -0.845 -0.845 -0.845 -0.83019852 -1.545 -1.545 -1.545 -1.545 -1.544686 -1.5350157 -1.4097439 -1.2506904 -1.25 -1.25 -1.25 -1.25 -1.2499991 -0.855 -0.855 -0.855 -0.855 -0.855 -0.50842773 -0.11 -0.11 -0.11 0.07 0.07 0.07 -0.025 -0.025 -0.115 -0.115 -0.245 0.29355641 0.325 
-1.285 -1.285 -1.285 -1.285 -1.285 -1.285 -1.15 -1.15 -1.1543581 -1.255 -1.255 -1.255 -1.255 -1.255 -1.2353339 -0.845 -0.845 -0.845 -0.845 -0.845 -0.845 -1.534361 -1.535 -1.535 -1.535 -1.535 -1.535 -1.535 -1.5987506 -1.5999959 -1.6 -1.6 -1.6 -1.5999995 -0.855 -0.855 -0.855 -0.855 -0.855 -0.11000009 -0.11 -0.11 -0.11 -0.10999992 0.069623243 -0.165 -0.025000015 -0.20188602 -0.11507886 -0.245 -0.245 -0.23928367 0.03 
-1.285 -1.285 -1.285 -1.285 -1.285 -1.2849914 -1.1500073 -1.1500064 -1.2549999 -1.255 -1.255 -1.255 -1.255 -1.255 -1.2471986 -0.845 -0.845 -0.845 -0.845 -0.845 -0.845 -1.535 -1.535 -1.535 -1.535 -1.535 -1.535 -1.535 -1.5999821 -1.6 -1.6 -1.6 -1.6 -1.6 -1.3958701 -0.855 -0.855 -0.855 -0.855 -0.11 -0.11 -0.11 -0.11 -0.11001409 -0.165 -0.165 -0.1652507 -0.205 -0.205 -0.245 -0.245 0.03 0.03 
-1.285 -1.285 -1.285 -1.285 -1.285 -1.28482 -1.1501632 -1.2431514 -1.255 -1.255 -1.255 -1.255 -1.255 -1.255 -1.2478222 -0.845 -0.845 -0.845 -0.845 -0.845 -0.94324346 -1.535 -1.535 -1.535 -1.535 -1.535 -1.535 -1.535 -1.5999997 -1.6 -1.6 -1.6 -1.6 -1.6 -1.6 -0.87306654 -0.90109966 -0.91643876 -0.91876682 -0.14792441 -0.11000001 -0.11 -0.11 -0.16499561 -0.165 -0.17165565 -1.2799949 -0.205 -0.205 -0.76013085 -0.76 -0.76 0.029999651 
-1.285 -1.285 -1.285 -1.285 -1.2849999 -1.2838742 -1.1600238 -1.2549711 -1.255 -1.255 -1.255 -1.255 -1.255 -1.255 -1.2454259 -0.845 -0.845 -0.845 -0.845 -0.845 -1.534997 -1.535 -1.535 -1.535 -1.535 -1.535 -1.535 -1.535 -1.6 -1.6 -1.6 -1.6 -1.6 -1.6 -1.5999999 -0.92 -0.92 -0.92 -0.92 -0.7 -0.7 -0.7 -0.7 -1.2799968 -1.28 -1.28 -1.28 -1.2800006 -1.36 -1.36 -0.76 -0.76 -0.74838312 
-1.285 -1.285 -1.285 -1.285 -1.2849962 -1.2813826 -1.2480291 -1.2549986 -1.255 -1.255 -1.255 -1.255 -1.255 -1.255 -1.2410821 -0.84500017 -0.845 -0.845 -0.845 -0.84915281 -1.535 -1.535 -1.535 -1.535 -1.535 -1.535 -1.535 -1.535 -1.6 -1.6 -1.6 -1.6 -1.6 -1.6 -0.92000062 -0.92 -0.92 -0.92 -0.92 -0.7 -0.7 -0.7 -0.7 -0.85653951 -1.28 -1.28 -1.28 -1.3599991 -1.36 -1.36 -0.745 -0.745 -0.745 
-1.285 -1.285 -1.285 -1.2849997 -1.2849633 -1.276193 -1.2546369 -1.2549997 -1.255 -1.255 -1.255 -1.255 -1.255 -1.255 -1.2351979 -0.84500964 -0.845 -0.845 -0.84500079 -1.5210195 -1.535 -1.535 -1.535 -1.535 -1.535 -1.535 -1.535 -1.535 -1.5999999 -1.6 -1.6 -1.6 -1.6 -1.270581 -0.92000007 -0.92 -0.92 -0.92 -0.92 -0.7 -0.7 -0.7 -0.7 -0.7 -1.28 -1.28 -1.28 -1.36 -1.36 -1.36 -0.745 -0.745 -0.745 
-1.285 -1.285 -1.2849999 -1.2849964 -1.2848071 -1.2628394 -1.2549399 -1.2549998 -1.255 -1.255 -1.255 -1.255 -1.255 -1.2549992 -1.2282021 -0.84514974 -0.84500001 -0.84500002 -0.84857246 -1.5349413 -1.535 -1.535 -1.535 -1.535 -1.535 -1.535 -1.535 -1.535 -1.5999996 -1.6 -1.5999997 -1.1895605 -1.15 -1.15 -1.15 -0.92 -0.92 -0.92 -0.92 -0.7 -0.7 -0.7 -0.7 -0.7 -1.2799897 -1.28 -1.28 -1.36 -1.36 -1.3599997 -0.745 -0.745 -0.745 
