interpolatedSpi/04-04|23_3.tif
NCOLS 53
NROWS 52
XLLCORNER -116.03883
YLLCORNER 28.596182
DX 0.49850594
DY 0.49788537
NODATA_VALUE -9999
-0.23 -0.23 -2.1360684 -2.91 -1.57 -1.8 -1.57 -0.78 -1.5727885 -0.86 -0.98 -1.09 -1.4900239 -1.78 -1.59 -1.59 -1.59 -0.79 -1.71 -1.71 -1.71 -1.7099863 -0.29000002 -2.25 -2.25 -2.25 -0.099987343 -0.1 -0.1 -1.72 -1.72 -1.72 -1.72 -3.2799997 -3.28 -3.28 -3.28 -3.28 -3.28 -3.2799999 0.430038 0.46935014 -2.08 -2.08 -2.08 -2.08 -2.0791343 -1.55 -1.55 -1.55 -0.050003115 -0.05 -0.05 
-0.23005376 -1.44 -1.6099992 -1.5105624 -2.0596418 -1.51 -1.4 -0.66000957 -0.99 -1.68 -1.3 -1.49 -1.49 -1.7899667 -1.7799984 -1.59 -0.79 -0.79 -1.7088004 -1.71 -1.71 -1.71 -2.2047321 -2.25 -2.25 -2.25 -2.36 -2.36 -1.72 -1.72 -1.72 -1.72 -1.72 -3.2799998 -3.28 -3.28 -3.28 -3.28 -3.2799999 -3.0141247 -1.6600967 -2.0290367 -2.08 -2.08 -2.08 -2.08 -2.08 -1.55 -1.55 -1.55 -1.4256186 -0.05 -0.05 
-0.020061288 -0.02 -0.95 -1.1 -1.19 -0.74 -1.45 0.11 -1.59 -1.63 -1.32 -1.48 -2.26 -0.68 -1.79 -2.58 -0.79 -0.79 -0.79 -1.0301977 -1.03 -1.03 -1.39 -2.25 -2.25 -2.25 -2.36 -2.36 -2.36 -1.72 -1.72 -1.72 -1.652604 -3.2762085 -3.2691098 -2.1207213 -2.11 -2.11 -2.0534019 -1.66 -1.66 -1.6605371 -2.08 -2.08 -2.08 -2.08 -2.08 -1.55 -1.55 -1.55 -1.55 -0.05 -0.05 
-0.73 -0.020000339 -1.7000582 -0.86 -1.49 -1.07 -0.92 -0.64 -1.32 -1.2116804 -1.58 -1.35 -1.34 -0.68 -2.48 -2.58 -1.3991046 -1.3895796 -1.84 -1.03 -1.03 -1.56 -1.39 -1.39 -2.25 -2.2500005 -2.36 -2.36 -2.36 -0.82 -1.2369951 -1.58 -1.58 -1.5800004 -2.11 -2.11 -2.11 -2.11 -1.66 -1.66 -1.66 -1.66 -2.08 -2.08 -2.08 -2.08 -2.08 -1.5500067 -1.55 -1.55 -1.55 -0.05000392 -0.05 
-0.73 0.04999679 -1.7 -1.7221022 -1.49 -2.14 -1.660129 -2.9 -2.42 -1.9500003 -1.8845301 -1.8499513 -1.51 -2.48 -2.48 -2.5282133 -1.39 -1.39 -1.84 -1.84 -1.030001 -1.56 -1.63 -0.05 -0.95 -0.95000036 -2.36 -2.36 -0.82 -0.82 -1.58 -1.58 -1.58 -1.6441147 -2.11 -2.11 -2.11 -1.66 -1.66 -1.66 -1.66 -1.6598668 -2.08 -2.08 -2.08 -2.08 -2.08 -2.0752823 -1.55 -1.5499381 -0.17 -0.17 -0.17 
-1.37 -0.86 -1.02 -1.3 -1.37 -1.69 -2.52 -2.5686509 -2.3 -2.61 -2.03 -2.39 -2.3899994 -1.56 -1.56 -1.2198551 -1.22 -0.66 -0.66 -1.8399984 -1.21 -1.21 -0.05 -0.95 -0.95 -0.95 -1.88 -1.88 -1.0399809 -0.82 -1.58 -1.58 -1.92 -1.9198882 -0.85007681 -1.54 -1.54 -1.6228753 -1.66 -1.66 -0.28172116 -0.28 -0.27999911 -0.87171287 -0.85013594 -0.85000033 -0.85000004 -0.85000046 -0.92309879 -0.17 -0.17 -0.17 -0.17 
0.69996339 0.49 -0.49150967 -0.93 -1.01 -1.82 -1.91 -1.97 -2.35 -2.35 -2.03 -2.04 -1.78 -1.56 -0.62000282 -0.62 -1.22 -0.07 -0.07 -0.07 -1.1345976 -1.05 -1.05 -0.87 -0.95 -0.95 -1.88 -1.88 -1.040039 -1.0407189 -1.0221268 -1.92 -1.92 -0.85 -0.85 -1.26768 -1.54 -1.54 -1.569999 -0.2800018 -0.28 -0.28 -0.27999604 -0.84999983 -0.85 -0.85 -0.85 -0.85000011 -1.03 -0.17017043 -0.17 -0.17 -0.17 
0.7 -0.55 -0.09 -1.28 -0.90002178 -1.14 -1.49 -2 -0.75 -1.48 -1.48 -1.93 -1.78 -1.78 -0.62795868 -0.42874104 -0.41 0.06 -0.13999993 -0.07 -0.026506764 0.01 -1.38 0.70999999 0.7099871 -0.29 -0.47 -0.4700005 -1.7076522 -1.71 -1.02 -1.116904 -1.07 -0.85 -0.85399297 -1.04 -1.04 -1.57 -1.57 -0.28 -0.28 -0.27999999 -0.81578684 -0.82 -0.85 -0.85 -0.85 -1.0299931 -1.03 -1.03 -0.17 -0.17 -0.17 
-0.75936744 -0.54999998 1.06 -0.75 -1.46 -2.01 -1.38 -0.72 -1.15 -0.6476143 -0.93 -2.19 -2.19 -1.05 -1.0500008 -1.8060981 -1.81 -1.81 0.029469677 -1.0099999 -0.42 -0.42 -1.34 -1.3642366 -0.1892264 -0.29 -0.82 -0.47 -0.30098787 -0.3 -1.13 -1.15 -1.1651093 -1.1 -0.99 -1.2 -1.29 -2.75 -1.1907203 -0.27825913 0.11 -0.22 -0.81982418 -0.82 -0.82016886 -0.85 -2.1099999 -1.03 -1.03 -1.03 -1.03 0.057848617 1.47 
-1.93 -1.93 0.44 -0.5 -1.21 -1.52 -1.18 -1.07 -0.42 -0.52 -0.82 -0.72 -1.05 -1.05 -1.14 -1.1491894 -1.81 -1.809662 -0.32 -1.01 -1.01 -0.93398818 -1.34 -0.79001041 -0.79 -0.79 -0.82 -0.55 -0.55 -0.3 -0.3 -1.1500569 -1.18 -1.1 -0.2 -1.2 -1.29 -1.96 -1.19 0.2168241 -0.21999999 -0.043677092 0.26 -0.82 -0.82 -2.11 -2.11 -2.11 -1.03 -1.03 1.66 1.66 1.6599999 
-1.93 -1.93 -0.35 -0.77 -1.38 -1.32 -1.86 -1.1203324 -1.14 -1.91 -1.08 -0.67 -0.71993392 -1.14 -1.14 -1.1399112 -0.37 -0.36737577 -0.32 0.54 0.54 -0.47 -0.47 -0.79 -0.79 -0.79 -0.55 -0.55 -0.55 -0.95 -0.95 -0.95000038 -0.18 -0.18 -0.75 -0.81 0.55 -0.89000187 -0.41 0.24 0.24 -0.62999707 0.26 -0.82 0.089999269 -0.66 0.25974989 0.26999999 1.48 1.48 1.66 1.66 1.66 
-1.93 -1.2478024 -0.52922898 -1.8599698 -0.52 -1.6 -1.86 -1.12 -1.1399998 -1.9014693 -0.67000161 -0.67 0.21 -1.14 -1.14 -0.37000003 -0.37 -0.36999715 -0.32 0.54 0.34165655 -0.47 -0.47 -0.78998704 -0.79 -0.70782011 -0.54 -0.54 -0.54 -0.95 -0.95 -0.25 -0.25 -0.18000156 -0.75 0.089999761 0.28381224 -0.89 -0.89 0.23999997 -0.63 -0.63 -0.62999465 0.09 0.09 -0.66 0.27 0.27 1.48 1.48 1.66 1.66 1.66 
-0.95 -1.2120825 -1.2799809 -1.2841806 -0.52000561 -1.5999745 -1.86 -1.129109 -1.1386218 -1.1601068 0.21 0.21 0.21 0.21 -1.1398088 -0.37 -0.37 -0.36935442 -0.32 0.53972548 -0.39 -0.39 -0.39 -0.39 -0.78302331 -0.54 -0.54 -0.54 -0.54 -0.54025852 -0.25 -0.25 -0.25 -0.25 0.089999999 0.09 0.09 -0.84300421 -0.88083714 0.33 0.33 -0.62994836 0.14999795 0.090005779 0.09 -0.66 0.27 0.27 1.48 1.48 1.659347 1.66 0.75192008 
-0.95 -1.28 -1.28 -1.28 -1.28 -1.2800001 -1.8593343 -1.5098621 -1.134945 0.20852693 0.21 0.21 0.21 0.21 0.21000009 -0.37000001 -0.36999999 -0.36657034 -0.32000092 -0.39 -0.39 -0.39 -0.39 -0.39 -0.40210596 -0.62023461 -0.60999999 -0.61 -0.61 -0.61 -0.25 -0.25 -0.24999955 0.12 0.12 0.09 0.5955397 0.61 0.33000016 0.33 0.33 0.33 0.15 0.15 0.15 0.14436314 1.4123245 1.42 1.42 1.42 1.42 1.3200001 1.32 
-1.07 -1.28 -1.28 -1.28 -1.28 -1.28 -1.28 -1.1210507 0.35203476 0.36 0.36 0.36 0.36 0.36 0.36 -0.18874192 -0.36729774 -0.3631533 -0.38999122 -0.39 -0.39 -0.39 -0.39 -0.3900006 -0.95 -0.95 -0.94999952 -0.61 -0.61 -0.60921905 -0.22 -0.22 0.12 0.12 0.12 0.53150746 0.61 0.61 0.61 0.33 0.33 0.33 0.15 0.15 0.15 0.15 1.42 1.42 1.42 1.42 1.42 1.32 1.32 
-1.07 -1.1481806 -1.28 -1.28 -1.28 -1.28 0.28969186 0.29 0.29 0.36 0.36 0.36 0.36 0.36 0.23646008 -0.2 -0.2 -0.2 -0.90841554 -0.90999947 -0.91 -0.91 -0.91 -0.91 -0.95 -0.95 -0.95 -0.95 -0.61 -0.22 -0.22 -0.22 0.11999997 0.12 0.12 0.9 0.61038397 0.61 0.61 0.32996567 0.26119074 0.10068742 0.15 0.15 1.6553401 1.66 1.66 1.4207234 1.8584624 1.86 1.8599999 2.0498895 1.3200015 
-1.07 -0.067662777 -0.65250292 -1.28 -1.28 0.28907237 0.29 0.29 0.29 0.29050444 0.36 0.36 0.36 0.35999993 -0.2 -0.2 -0.2 -0.2 -0.90936577 -0.91 -0.91 -0.91 -0.91 -0.91 -0.95 -0.95 -0.95 -0.95 -0.94734474 -0.22 -0.22 -0.22 0.0099999944 0.12007669 0.9 0.9 0.9 0.89887916 0.13230819 0.1 0.1 0.1 1.08 1.08 1.66 1.66 1.66 1.86 1.86 1.86 1.86 2.05 2.05 
-0.040489539 -0.04 -0.04 -0.039999993 0.66 0.29000954 0.29 0.29 0.29 0.29 0.35848581 0.35999974 0.36 -0.2 -0.2 -0.2 -0.2 -0.2 -0.27838646 -0.91 -0.91 -0.91 -0.91 -0.91 -0.8604626 -0.75000108 -0.75 -0.75 -0.75 -0.21999999 0.0099999961 0.01 0.01 0.01 0.9 0.89999737 0.8 0.8 0.10874054 0.1 0.1 0.1 1.08 1.08 1.570196 1.66 1.66 1.86 1.86 1.86 1.8620373 2.05 2.05 
-0.04 -0.04 -0.04 0.28964044 0.66 0.66 0.29 0.29 0.29 0.29 0.34 0.34 0.34 -0.2 -0.2 -0.2 -0.2 -0.20000826 -0.56 -0.56 -0.90999986 -0.91 -0.90951308 -0.89 -0.88873964 -0.75 -0.75 -0.75 -0.75 0.0099226132 0.01 0.01 0.01 0.01 0.80000035 0.8 0.8 0.8 0.79747248 0.1 0.1 0.1 1.08 1.08 1.08 1.66 1.66 1.86 1.86 1.86 2.05 2.05 2.05 
-0.04 -0.04 -0.04 0.66 0.66 0.66 0.65999943 0.29 0.29 0.33994839 0.34 0.34 0.34 0.33966355 -0.24047112 -0.25 -0.25 -0.25 -0.56 -0.56 -0.56 -0.89 -0.89 -0.89 -0.88982352 -0.49298309 -0.75 -0.75 -0.75 -0.32463766 -0.37996164 -0.38 -0.38 -0.38 0.32508446 -0.33999741 -0.34 -0.34 -0.34 0.17998905 0.18 0.18 1.08 1.08 0.6500018 0.65000022 1.27 1.27 1.69 1.69 1.69 2.05 1.5804202 
-0.03999851 -0.04 -0.039999975 0.66 0.66 0.66 0.65999999 0.17000003 0.28952019 0.34010881 0.34 0.34 0.34 0.33884226 -0.25 -0.25 -0.25 -0.25000009 -0.56 -0.56 -0.56 -0.89 -0.89 -0.89 -0.26 -0.26 -0.27 -0.27 -0.27 -0.27060008 -0.38 -0.38 -0.38 -0.38 -0.36001108 -0.34 -0.34 -0.34 -0.34 0.18 0.18 0.18 0.194788 0.65 0.65 0.65 1.27 1.27 1.69 1.69 1.69 1.58 1.58 
0.44 0.2056203 -0.36 -0.35970408 0.66 0.17283512 0.17 0.17 0.46879047 0.46000001 0.46 0.46 0.46 0.39000228 0.39 -0.24999951 -0.25 -0.25816804 -0.56 -0.56 -0.56 -0.74 -0.74 -0.74 -0.26 -0.26 -0.27 -0.27 -0.27 -0.27000067 -1.1899949 -1.1899977 -0.40035813 -0.38086838 -0.96932566 -0.97 -0.97 -0.97 -0.97 0.18 0.18 0.18 0.62412 0.65 0.65 0.64999989 1.27 1.27 1.2700151 1.69 1.6899575 0.74 1.58 
0.32002279 0.31999988 -0.36 -0.36 -0.36 0.17 0.17 0.17 0.99 0.99 0.46 0.46 0.46 0.39 0.39 0.39 0.39 0.38989214 -0.56 -0.56 -0.56000001 -0.74 -0.74 -0.74 -0.26 -0.26 -0.27 -0.27 -0.27 -1.1796269 -1.19 -1.19 -1.19 -1.19 -0.97010856 -0.97 -0.97 -0.97 -0.97 -0.31999987 -0.32 -0.32 -0.32 0.64999517 0.02 0.02 0.02 -0.06 -0.06 -0.06 0.74 0.74 0.74 
0.32 0.32 -0.36 -0.36 -0.36 0.16721423 0.17 0.99 0.99 0.99 0.46006524 0.46 0.60708245 0.39000006 0.39 0.39 0.39 0.42 0.42 0.42 -1.16 -1.1599997 -0.74000205 -0.74 -0.74028615 -1.45 -1.45 -1.4499972 -0.2701907 -2.0598266 -2.0599954 -2.0598481 -1.1914869 -1.1907508 -1.0097484 -0.97000017 -0.97144103 -1.4 -1.4 -0.32 -0.32 -0.32 -0.32 0.02 0.02 0.02 0.02 -0.06 -0.06 -0.06 0.74 0.74 0.74 
0.32 0.32 -0.36 -0.36 -0.36 -0.36 0.47690205 0.99 0.99 0.99 0.98980667 0.64 0.64 0.64 0.39147331 0.39 0.41980009 0.42 0.42 0.42 -1.16 -1.16 -1.16 -1.16 -1.45 -1.45 -1.45 -1.45 -1.45 -2.06 -2.06 -2.06 -2.06 -2.06 -2.06 -1.4 -1.4 -1.4 -1.4 -1.3999963 -0.39 -0.39 -0.39 -0.36721886 -0.32 -0.32 -0.32 -0.060000007 -0.060000378 -0.45 -0.45 0.45007055 0.45 
0.32 0.32 -0.11456775 -0.36 -0.36 -0.35999997 0.99998225 0.99003151 0.99 0.99 0.64000014 0.64 0.64 0.64 0.64 0.61947558 0.42 0.42 0.42 0.42 -1.1599878 -1.16 -1.16 -1.16 -1.45 -1.45 -1.45 -1.45 -1.45 -1.7422487 -2.06 -2.06 -2.06 -2.06 -2.06 -2.0594875 -1.4 -1.4 -1.2367942 -1.11 -0.39 -0.39 -0.39 -0.3683927 -0.32 -0.32 -0.32 -0.18 -0.44663583 -0.45 -0.45 0.45 0.45 
0.36 0.36 0.36 -0.17947621 -0.35844956 1 1 1 1 1.32 1.32 0.64000005 0.64 0.64 0.64 0.63998604 0.42 0.42 0.42 0.42 -0.47053925 -1.16 -1.16 -1.1526723 -0.90538146 -1.45 -1.45 -1.45 -1.63 -1.63 -1.63 -1.6300018 -2.06 -2.06 -2.06 -2.06 -1.11 -1.11 -1.11 -1.11 0.1 0.1 0.1 -0.56998653 -0.57 -0.57 -0.56999992 -0.18 -0.18 -0.44967102 -0.45 0.44999778 0.45 
0.36 0.36 0.36 0.36001777 0.69 0.73507909 1 1 1 1.32 1.32 1.32 0.32000002 0.32 0.32 0.32000002 0.42115405 0.42 0.42 0.42 0.39605687 -0.88000077 -0.88 -0.88 -0.88 -0.88000001 -1.14 -1.14 -1.63 -1.63 -1.63 -1.63 -2.0599995 -2.06 -2.06 -2.0599381 -1.11 -1.11 -1.11 -1.1094297 0.1 0.1 0.1 -0.56996893 -0.57 -0.57 -0.57 -0.18 -0.18 -0.17999997 0.01 0.01 -0.1 
0.36 0.36 0.36 0.68999924 0.69 0.69 0.99999988 1 1 1.32 1.32 1.32 0.32 0.32 0.32 0.37559647 1.05 1.05 1.0499984 0.42355839 -0.88 -0.88 -0.88 -0.88 -0.88 -0.88019566 -1.14 -1.14 -1.14 -1.63 -1.63 -1.6297876 -1.3 -1.3 -1.3 -1.65 -1.65 -0.98 -0.98 -0.98 -0.28 0.099880805 0.099995672 -0.48 -0.48 -0.4834109 -0.5699991 -0.18 -0.18 0.01 0.01 0.01 -0.1 
0.36 0.36 0.36 0.69 0.69 0.69 0.69 1 1 1.32 1.32 0.35998558 0.32 0.32 0.32 1.05 1.05 1.05 1.05 1.05 -0.88 -0.88 -0.88 -0.88 -0.88 -1.1399991 -1.14 -1.14 -1.14 -1.3 -1.3 -1.3 -1.3 -1.3 -1.3 -1.65 -1.65 -0.98 -0.98 -0.28 -0.28 -0.28 -0.48 -0.48 -0.48 -0.48 -0.47507116 -0.42 -0.42 -0.42 0.009999995 -0.25 -0.25 
0.36 0.36 0.36045954 0.69 0.69 0.69 0.69 0.91848283 0.93 0.93066958 1.32 0.32006868 0.32 0.32 0.32000253 1.05 1.05 1.05 1.05 1.05 0.24214617 -0.88 -0.88 -0.88 -0.87987024 -1.1399499 -1.14 -1.14 -1.14 -1.3 -1.3 -1.3 -1.2999998 -1.3 -1.65 -1.65 -1.65 -1.6499725 -0.97995226 -0.28 -0.28 -0.28 -0.47998786 -0.48 -0.48 -0.48 -0.42000722 -0.42 -0.42 -0.42 -0.25 -0.25 -0.25 
0.77 0.76999928 0.68982927 0.69 0.69 0.69 0.92994893 0.93 0.93 0.93 1.14 1.14 1.14 1.14 1.0504153 1.05 1.05 1.05 1.05 0.29000045 0.29 0.29 -0.2500001 -0.25 -0.25 -0.25 -0.32681845 -1.14 -1.2799943 -1.28 -1.28 -1.28 -1.28 -1.69 -1.69 -1.69 -1.69 -1.69 -0.71 -0.71 -0.71 -0.71 -0.71 -1.1390051 -1.14 -1.14 -1.14 -0.42 -0.42 -0.42 -0.25002678 -0.25 -0.25 
0.77 0.77 0.77284662 1.1099992 1.1099999 1.1098242 0.93 0.93 0.93 0.93 1.14 1.14 1.14 1.14 1.14 1.05 1.05 1.05 0.29000019 0.29 0.29 0.29 -0.25 -0.25 -0.25 -0.25 -0.25 -0.25018934 -1.2796447 -1.28 -1.28 -1.28 -1.2798573 -1.5822887 -1.6898885 -1.69 -1.69 -1.69 -0.71 -0.71 -0.71 -0.71 -0.71 -1.14 -1.14 -1.14 -1.14 -0.80331393 -0.42 0.69739267 0.71 0.67 0.67 
0.77 0.77 1.1099569 1.11 1.11 1.11 1.0642808 0.93 0.93 0.93 1.14 1.14 1.14 1.14 1.14 1.0500641 1.05 0.29022283 0.29 0.29 0.29 0.29 -0.049953501 -0.25 -0.25 -0.25 -0.25 -0.25007802 -0.36 -0.36 -0.36 -0.36 -0.36 -1.5 -1.5 -1.5 -1.5 -1.5 -1.41 -1.41 -1.41 -1.41 -1.41 -1.1359468 -1.1399992 -1.14 -1.1397186 -1.1058758 0.71 0.71 0.71 0.67000022 0.67 
0.76999932 0.40721351 1.1099999 1.11 1.11 1.11 1.11 0.93007664 0.93 0.93 1.14 1.14 1.14 1.14 0.58266047 0.57 0.57 0.29000721 0.29 0.29 0.29 0.29 0.28999994 -0.25 -0.25 -0.25 -0.25 -0.64999971 -0.64999987 -0.58828095 -0.36 -0.36 -0.36 -1.5 -1.5 -1.5 -1.5 -1.4994988 -1.41 -1.41 -1.41 -1.41 -1.409905 0.52 0.52 0.52 0.52 0.52001532 0.71 0.71 0.71 0.71000001 0.71926363 
0.4 0.4 0.55195062 1.11 1.11 1.11 1.11 1.11 0.9300768 0.95 0.95 0.95 0.95045091 0.57000082 0.57 0.57 0.57 0.57 0.2899988 0.27974275 0.19 0.19 0.19 0.075248808 -0.30202364 -0.5803923 -0.81513793 -0.65 -0.65 -0.65 -0.65 -0.65 -0.64351068 -0.76258144 -0.76 -0.76 -0.76 -0.76 -1.1770613 -0.17000223 -0.17 -0.17 -0.17 0.72999938 0.52000005 0.52 0.52 1.12 0.71000657 0.71 0.71 0.72 0.72 
0.4 0.4 0.54 0.54 0.54 1.1098101 1.11 1.11 0.95 0.95 0.95 0.95 0.95 0.57000002 0.57 0.57 0.57 0.57 0.19 0.19 0.19 0.19 0.19 -0.89999994 -0.9 -0.9 -0.9 -0.65 -0.65 -0.65 -0.65 -0.65 -0.99 -0.99 -0.76 -0.76 -0.76 0.36980756 0.37 -0.17 -0.17 -0.17 -0.16999984 0.73 0.73 0.73 1.12 1.12 1.12 0.92 0.92 0.72 0.72 
0.4 0.4 0.54 0.54 0.54 0.54 0.54000099 0.72 0.94978345 0.95 0.95 0.95 0.95 0.57474015 0.57 0.57 0.57 0.57 0.19000001 0.19 0.19 0.19 0.19 -0.9 -0.9 -0.9 -0.9 -0.89999901 -0.65 -0.65 -0.65 -0.98998217 -0.99 -0.99 -0.99 -0.76 0.36999999 0.37 0.37 0.35579159 0.69829873 0.86 0.86 0.73 0.73 0.73 1.12 1.12 1.12 0.92 0.92 0.92 0.2490275 
0.58 0.57999859 0.54 0.54 0.54 0.54 0.72 0.72 0.72 0.95 0.95 0.95 0.95 0.94988187 0.57 0.57 0.57 0.57 0.19000631 0.19 0.19 0.18999998 -0.70799908 -0.9 -0.9 -0.9 -0.9 -1.1999998 -1.2 -1.2 -0.65591568 -0.99 -0.99 -0.99 -0.98999972 -0.7 0.37 0.37 0.37 0.37 0.86 0.86 0.86 1.56 1.56 1.56 1.4499679 1.12 1.12 0.92 0.92 0.92 0.20000167 
0.58 0.58 0.54 0.54 0.54 0.72 0.72 0.72 0.72 0.92478337 0.95 0.95 0.95 0.94999535 -0.24990563 -0.25 -0.25 -0.25 -0.62621817 -0.81 -0.81 -0.81 -0.81 -0.9 -0.9 -0.9 -0.90001979 -1.2 -1.2 -1.2 -1.2 -0.98995043 -0.82688339 -0.7 -0.7 -0.7 0.37130297 0.71999271 0.72 0.72 0.86044647 1.43 1.43 1.56 1.56 1.5599995 1.45 1.45 0.94 0.94 0.94 0.74 0.8 
0.58 0.58 0.21 0.21 0.21 0.72 0.72 0.72 0.72 0.79 0.79 0.79 0.79 0.71670876 -0.25 -0.25 -0.25 -0.25 -0.62 -0.81 -0.81 -0.81 -0.81 -1.64 -1.6399997 -0.90000109 -1.2 -1.2 -1.2 -1.2 -0.92661137 -0.66 -0.69524055 -0.7 -0.7 -0.7 0.72 0.72 0.72 0.72 1.43 1.43 1.43 1.2200662 1.22 1.4489662 1.45 1.45 0.93999795 0.94 0.74 0.74 0.8 
0.58 0.21 0.21 0.21 0.21 0.21 0.71681721 0.31 0.31 0.79 0.79 0.79 0.79 0.7897537 -0.25 -0.25 -0.25 -0.26671777 -0.62 -0.62 -0.81 -0.81 -1.64 -1.64 -1.64 -1.64 -1.2 -1.2 -1.2 -1.2 -0.66 -0.66 -0.66 -0.69995952 -0.7 -0.7 0.72 0.72 0.72 0.72 1.43 1.43 1.43 1.22 1.22 1.2199711 0.71 0.71 0.45 0.45 0.74 0.74 0.8 
0.21347476 0.21 0.21 0.21 0.21 0.21 0.31 0.31 0.31 0.56691606 0.79 0.79 0.79 0.78997707 -0.25 -0.25 -0.25 -0.62 -0.62 -0.62 -0.80999051 -0.81000507 -1.64 -1.64 -1.64 -1.64 -1.2000313 -1.2 -1.2 -0.66012419 -0.66 -0.66 -0.66 -0.66 -0.69873286 0.11 0.11 0.12055711 0.72 0.72 1.4299994 1.43 1.2261058 1.22 1.22 0.71000018 0.71 0.71 0.45 0.45 9.5440279e-57 5.5854713e-31 0.15 
0.21 0.21 0.21 0.21 0.21 0.21 0.31 0.31 0.31 0.31 -0.15997263 -0.16 -0.16 -0.16 -0.25000097 -0.49358376 -0.63 -0.63 -0.62001843 -0.62 -0.62000004 -1.6399988 -1.64 -1.64 -1.64 -1.64 -1.6396801 -1.2 -1.1999815 -0.66 -0.66 -0.66 -0.66 -0.66 0.11 0.11 0.11 0.11 0.11 0.11000333 0.6 0.6 0.60000009 0.86 0.86 0.86 0.29 0.29 -0.21 -0.21 -8.1190424e-31 3.2650393e-07 0.15 
0.21 0.21 0.21 0.21 0.21 0.21 0.31 0.31 0.31 -0.16 -0.16 -0.16 -0.16 -0.16 -0.28389087 -0.63 -0.63 -0.63 -0.63 -0.63 -0.62952253 -1.64 -1.64 -1.64 -1.64 -1.6057729 -0.55170802 -1.1114932 -0.662663 -0.66 -0.66 -0.66 -0.66 -0.65999831 0.11 0.11 0.11 0.11 0.11 0.33794686 0.6 0.6 0.6 0.86 0.86 0.86 0.29 0.29 -0.21 -0.21 -0.25 0.12793428 0.15 
0.21 0.21 0.21 0.21 0.21 0.21000003 0.30999998 0.31 0.29049238 -0.16 -0.16 -0.16 -0.16 -0.16 -0.18254409 -0.63 -0.63 -0.63 -0.63 -0.63 -0.63 -0.71689526 -0.55000153 -0.55 -0.55 -0.55 -0.55 -0.55 -1.0131939 -1.0199957 -1.02 -1.02 -1.02 -1.0199992 0.11 0.11 0.11 0.11 0.11 0.59999994 0.6 0.6 0.6 0.60000012 0.85934268 0.45 0.29000002 -0.37823607 -0.21015772 -0.25 -0.25 -0.24210108 0.13 
0.21 0.21 0.21 0.21 0.21 0.21000639 0.30999461 0.30997156 -0.15999941 -0.16 -0.16 -0.16 -0.16 -0.16 -0.1689431 -0.63 -0.63 -0.63 -0.63 -0.63 -0.63 -0.55 -0.55 -0.55 -0.55 -0.55 -0.55 -0.55 -1.0198703 -1.02 -1.02 -1.02 -1.02 -1.02 -0.71038011 0.11 0.11 0.11 0.11 0.6 0.6 0.6 0.6 0.59996157 0.45 0.45 0.44473529 -0.39 -0.39 -0.25 -0.25 0.13 0.13 
0.21 0.21 0.21 0.21 0.21 0.21013336 0.30986807 -0.10696357 -0.16 -0.16 -0.16 -0.16 -0.16 -0.16 -0.16822816 -0.63 -0.63 -0.63 -0.63 -0.63 -0.61860945 -0.55 -0.55 -0.55 -0.55 -0.55 -0.55 -0.55 -1.0199981 -1.02 -1.02 -1.02 -1.02 -1.02 -1.02 0.27932682 0.54262758 0.68657916 0.70847174 0.5710746 0.59999999 0.6 0.6 0.45001198 0.45 0.44862709 0.21999708 -0.39 -0.39 -0.6399433 -0.64 -0.64 0.12999966 
0.21 0.21 0.21 0.21 0.2100001 0.21083375 0.26866457 -0.15987076 -0.16 -0.16 -0.16 -0.16 -0.16 -0.16 -0.17097522 -0.63 -0.63 -0.63 -0.63 -0.63 -0.55000035 -0.55 -0.55 -0.55 -0.55 -0.55 -0.55 -0.55 -1.0199999 -1.02 -1.02 -1.02 -1.02 -1.02 -1.0199997 0.72 0.72 0.72 0.72 0.15 0.15 0.15 0.15 0.22000067 0.22 0.22 0.22 0.21999329 -0.38 -0.38 -0.64 -0.64 -1.017789 
0.21 0.21 0.21 0.21000001 0.21000279 0.21250142 -0.12792842 -0.15999386 -0.16 -0.16 -0.16 -0.16 -0.16 -0.16 -0.1759547 -0.62999981 -0.63 -0.63 -0.63 -0.62951852 -0.55 -0.55 -0.55 -0.55 -0.55 -0.55 -0.55 -0.55 -1.0199999 -1.02 -1.02 -1.02 -1.02 -1.02 0.7199984 0.72 0.72 0.72 0.72 0.15 0.15 0.15 0.15 0.1688927 0.22 0.22 0.22 -0.37999329 -0.38 -0.38 -1.19 -1.19 -1.19 
0.21 0.21 0.21 0.21000023 0.21002622 0.19813101 -0.15827185 -0.15999846 -0.16 -0.16 -0.16 -0.16 -0.16 -0.16000003 -0.18269997 -0.62998895 -0.63 -0.63 -0.62999991 -0.55162093 -0.55 -0.55 -0.55 -0.55 -0.55 -0.55 -0.55 -0.55 -1.0199996 -1.02 -1.02 -1.02 -1.02 0.078063066 0.71999993 0.72 0.72 0.72 0.72 0.15 0.15 0.15 0.15 0.15 0.22 0.22 0.22 -0.37999999 -0.38 -0.38 -1.19 -1.19 -1.19 
0.21 0.21000001 0.21000009 0.21000258 0.21003609 0.015768756 -0.15970038 -0.15999906 -0.16 -0.16 -0.16 -0.16 -0.16 -0.16000088 -0.19071956 -0.62982835 -0.62999999 -0.63 -0.6295858 -0.5500068 -0.55 -0.55 -0.55 -0.55 -0.55 -0.55 -0.55 -0.55000027 -1.0199971 -1.02 -1.0199989 0.34813173 0.48 0.48 0.48 0.72 0.72 0.72 0.72 0.15 0.15 0.15 0.15 0.15 0.21999876 0.22 0.21999971 -0.37999996 -0.38 -0.38000044 -1.19 -1.19 -1.19 
