interpolatedSpi/04-09|19_2.tif
NCOLS 53
NROWS 52
XLLCORNER -116.03883
YLLCORNER 28.596182
DX 0.49850594
DY 0.49788537
NODATA_VALUE -9999
[rows 0 to 29 of 52, columns 0 to 52 of 53]
0.25833333 0.25833333 0.1081453 -0.38833333 -0.11166667 -0.16 -0.14166667 -0.315 -0.75600333 -0.79 -0.67833333 -0.093333333 -0.34668012 -0.51 -0.28666667 -0.28666667 -0.28666667 -0.045 0.078333333 0.078333333 0.078333333 0.078331006 -0.16333333 0.10166667 0.10166667 0.10166667 -0.42832647 -0.42833333 -0.42833333 -0.545 -0.545 -0.545 -0.545 -0.75333329 -0.75333333 -0.75333333 -0.75333333 -0.75333333 -0.75333333 -0.75333331 0.05463102 0.063187321 -0.51 -0.51 -0.51 -0.51 -0.51080306 -1.0016667 -1.0016667 -1.0016667 0.44166367 0.44166667 0.44166667
0.25833859 0.37666667 0.23833386 0.22977956 -0.031669422 0.16666667 0.57833333 -0.17666188 -0.84166667 -0.55333333 -0.013333333 -0.34666667 -0.34666667 -0.051533856 -0.50999247 -0.28666667 -0.045 -0.045 0.078172523 0.078333333 0.078333333 0.078333333 0.068154385 0.10166667 0.10166667 0.10166667 -0.096666653 -0.096666667 -0.545 -0.545 -0.545 -0.545 -0.545 -0.7533333 -0.75333333 -0.75333333 -0.75333333 -0.75333333 -0.75333328 -0.59371392 0.21661036 -0.42182496 -0.51 -0.51 -0.51 -0.51 -0.51 -1.0016667 -1.0016667 -1.0016667 -0.88198409 0.44166667 0.44166667
0.093340647 0.093333333 0.69333333 0.48666667 -0.028333333 -0.058333333 0.096666667 0.42 -0.27333333 -0.36166667 -0.16 -0.275 0.08 -0.41833333 -0.05 -0.64 -0.045 -0.045 -0.045 -0.22157946 -0.22166667 -0.22166667 -0.535 0.10166667 0.10166667 0.10166667 -0.096666667 -0.096666667 -0.096666667 -0.545 -0.545 -0.54500001 -0.62764035 -0.75184712 -0.74656962 -0.033325455 -0.026666667 -0.026666667 0.0039382537 0.21666666 0.21666667 0.21573744 -0.51 -0.51 -0.51 -0.51 -0.51 -1.0016667 -1.0016667 -1.0016667 -1.0016667 0.44166667 0.44166667
0.21666667 0.093333194 -0.59667152 0.24166667 -0.27333333 0.155 0.125 -0.24166667 -0.19333333 -0.026758228 -0.37166667 -0.62166667 -0.20666667 -0.41833333 -0.295 -0.64 -0.41175972 -0.40974426 -0.67 -0.22166667 -0.22166667 -0.12333333 -0.535 -0.535 0.10166667 0.10166568 -0.096666667 -0.096666667 -0.096666667 -1.0166667 -0.85206335 -0.71666667 -0.71666667 -0.71666613 -0.026666667 -0.026666667 -0.026666667 -0.026666667 0.21666667 0.21666667 0.21666667 0.21666664 -0.51 -0.51 -0.51 -0.51 -0.51 -1.0016605 -1.0016667 -1.0016667 -1.0016667 0.4416278 0.44166667
0.21666667 0.10333205 -0.59666667 -0.58534615 -0.27333333 -0.058333333 -0.18499225 -0.26333333 -0.30833333 -0.49166689 -0.50644253 -0.51169842 -0.73333333 -0.295 -0.295 -0.52222528 -0.41 -0.41 -0.67 -0.67 -0.22166651 -0.12333333 -0.23 -0.335 -0.13666667 -0.13657038 -0.096666667 -0.096666667 -1.0166667 -1.0166667 -0.71666667 -0.71666667 -0.71666667 -0.71698107 -0.026666668 -0.026666667 -0.026666667 0.21666667 0.21666667 0.21666667 0.21666667 0.21661164 -0.51 -0.51 -0.51 -0.51 -0.51 -0.51437644 -1.0016667 -1.0016553 -0.74833333 -0.74833333 -0.74833333
-1.3066667 0.15166667 0.031666701 -0.4 0.195 0.25666667 -0.46333333 -0.43772761 -0.76333333 -0.68666667 -0.82 -0.92833333 -0.9283332 -1.1733333 -1.1733333 -0.2982613 -0.29833333 -0.29 -0.29 -0.66999953 -0.50333333 -0.50333333 -0.335 -0.13666667 -0.13666667 0.275 -0.79666667 -0.79666667 -0.61003689 -1.0166667 -0.71666667 -0.71666667 -0.71833333 -0.7183861 -1.2232971 -1.0916667 -1.0916667 -0.18809612 0.21666667 0.21666667 -0.35262242 -0.35333333 -0.35333263 -0.07940445 -0.071715112 -0.071666784 -0.071666682 -0.071666826 0.24797612 -0.74833333 -0.74833333 -0.74833333 -0.74833333
-0.015008726 0.27833333 0.31290081 0.11333333 0.31833333 -0.535 -0.47833333 -0.52833333 -0.91 -0.91 -0.82 -0.565 -0.45499995 -1.1733333 -3.5151602e-06 -3.7007434e-17 -0.29833333 -0.14 -0.14166667 -0.14166667 -0.42086198 -0.32833333 -0.32833333 0.25666666 0.275 0.275 -0.79666667 -0.79666667 -0.60999845 -0.60997139 -0.34905893 -0.71833333 -0.71833333 -1.2233333 -1.2233333 -0.71677277 -1.0916667 -1.0916667 -0.67834766 -0.35333379 -0.35333333 -0.35333333 -0.35332816 -0.071664445 -0.071666667 -0.071666667 -0.071666667 -0.071666348 0.46166667 -0.74809354 -0.74833333 -0.74833333 -0.74833333
-0.015 -0.21 0.61333333 -0.70333333 -0.083368877 -0.88666667 -1.11 -0.67166667 -0.92166667 -0.605 -0.605 -0.24333333 -0.455 -0.455 -0.0031217219 -0.024286853 -0.026666667 -0.21166667 -0.34999979 -0.14166667 -0.0098898233 -0.0083333333 0.05 -0.28166667 -0.28166389 -0.066666667 0.11666667 0.11666634 -0.58342678 -0.58333333 -0.34833333 -0.46714177 -1.0116667 -1.2233333 -1.1921502 -0.40333333 -0.40333333 -0.67833334 -0.67833333 -0.35333333 -0.35333333 -0.35333333 0.32509697 0.32666665 -0.071666667 -0.071666667 -0.071666667 0.46164637 0.46166667 0.46166667 -0.74833333 -0.74833333 -0.74833333
-0.21252859 -0.20999999 0.65 0.375 0.08 -0.48333333 -0.43166667 -0.385 -0.92333333 -0.67745674 -0.72 -0.27333334 -0.27333333 0.021666667 0.02166803 -0.30090022 -0.30166667 -0.30166667 -0.23278346 0.28999993 -0.026666667 -0.026666666 0.3 0.14852089 -0.08833299 -0.066666667 -0.035 0.11666667 -0.070572261 -0.071666667 -0.315 0.05 0.0046671654 0.045 -0.13 -0.215 -0.32333333 -0.78833333 -0.10031785 -0.35206116 -0.068333333 0.16666667 0.32662895 0.32666667 0.32442463 -0.071666667 0.18166665 0.46166666 0.46166667 0.46166667 0.46166667 -0.64727479 0.22833333
-0.22666667 -0.22666667 0.24333333 0.34833333 -0.27666667 -0.89333333 -0.67666667 -0.56166667 -0.5 -0.61502182 -0.61333333 -0.57166667 0.021666667 0.021666667 0.16666667 0.16024326 -0.30166667 -0.30161257 -0.11333333 0.29 0.29 0.24920272 0.3 -0.069992994 -0.07 -0.07 -0.035 0.26 0.26 -0.071666667 -0.071666667 0.049829305 -0.04 0.045 -0.05 -0.215 -0.32333333 -0.46166667 -0.1 0.35254481 0.16666666 0.14034068 0.095 0.32666667 0.32666667 0.18166667 0.18166667 0.18166667 0.46166667 0.46166667 0.063333333 0.063333333 0.063333395
-0.22666667 -0.22666667 0.025 -0.62166667 -0.4 -0.37166667 -0.73166666 -0.75512464 -0.885 -0.89166667 -0.33666667 -0.86833333 -0.57206074 0.16666667 0.16666667 0.16669128 0.38 0.35410755 -0.11333333 0.34166667 0.34166667 0.83166667 0.83166667 -0.07 -0.07 -0.07 0.26 0.26 0.26 0.14 0.14 0.1399997 0.16333333 0.16333333 -0.41333333 -0.098333333 -0.051666667 -0.61500003 0.2 0.36 0.36 0.036666858 0.095 0.32666667 0.18166673 0.22666667 0.23477031 0.235 0.86333333 0.86333333 0.063333333 0.063333333 0.063333333
-0.22666667 -0.1181834 -0.25095573 -0.62331899 -0.21333333 -0.03 -0.73166667 -0.755 -0.88499891 -0.89159281 -0.86833336 -0.86833333 0.19 0.16666667 0.16666667 0.37999999 0.38 0.37997192 -0.11333333 0.34166667 0.4378927 0.83166667 0.83166667 -0.069963752 -0.07 0.045051847 0.28 0.28 0.28 0.14 0.14 0.051666667 0.051666667 0.16333175 -0.41333333 0.014999833 -0.1425338 -0.615 -0.615 0.35999999 0.036666667 0.036666667 0.036667724 0.18166667 0.18166667 0.22666667 0.235 0.235 0.86333333 0.86333333 0.063333333 0.063333333 0.063333333
-0.48 -0.050984465 -0.048353932 -0.052493003 -0.21333253 -0.030004329 -0.73166665 -0.75471278 -0.87604167 -0.88517408 0.19 0.19 0.19 0.19 0.16666997 0.38 0.38 0.37363028 -0.11333333 0.34178966 0.77666667 0.77666667 0.77666667 0.77666667 -0.055384251 0.28 0.28 0.28 0.28 0.27993908 0.051666667 0.051666667 0.051666667 0.051666667 0.015 0.015 0.015 -0.58462732 -0.60760212 0.37 0.37 0.036684596 0.053337726 0.18165431 0.18166667 0.22666667 0.235 0.235 0.86333333 0.86333333 0.066235647 0.063333333 -0.32699637
-0.48 -0.048333333 -0.048333333 -0.048333333 -0.048333333 -0.048333327 -0.72987054 -0.74272398 -0.85214168 0.18884216 0.19 0.19 0.19 0.19 0.19000022 0.38 0.37999992 0.3461607 -0.11332358 0.77666667 0.77666667 0.77666667 0.77666667 0.77666667 0.77749333 0.37510245 0.35499998 0.355 0.355 0.355 0.051666675 0.051666667 0.051667256 0.54166667 0.54166667 0.015 0.73442188 0.755 0.37000022 0.37 0.37 0.37 0.053333333 0.053333333 0.053333333 0.054539575 -0.20048311 -0.20333333 -0.20333333 -0.20333333 -0.20333331 0.56166656 0.56166667
0.37833333 -0.048333333 -0.048333333 -0.048333333 -0.048333333 -0.048333333 -0.048333374 -0.52594843 0.48273591 0.49 0.49 0.49 0.49 0.49 0.49 0.8737178 0.38791733 0.31244633 0.77655493 0.77666667 0.77666667 0.77666667 0.77666667 0.77666726 0.815 0.815 0.81499935 0.355 0.355 0.35560741 0.65833333 0.65833333 0.54166667 0.54166667 0.54166667 0.72082632 0.755 0.755 0.755 0.37 0.37 0.37 0.053333333 0.053333333 0.053333333 0.053333334 -0.20333332 -0.20333333 -0.20333333 -0.20333333 -0.20333333 0.56166667 0.56166667
0.37833333 0.21949018 -0.048333333 -0.048333333 -0.048333333 -0.048333333 0.0016568534 0.0016666667 0.0016666787 0.49 0.49 0.49 0.49 0.49 0.57640441 0.88166667 0.88166667 0.88166667 1.28179 1.2833328 1.2833333 1.2833333 1.2833333 1.2833333 0.815 0.815 0.815 0.815 0.355 0.65833333 0.65833333 0.65833333 0.54166668 0.54166667 0.54166667 0.74333333 0.75498455 0.755 0.755 0.37005558 0.48069316 0.73889415 0.053333334 0.053333333 0.51025222 0.51166667 0.51166667 -0.20228463 0.43110847 0.43333328 0.43333321 0.65998506 0.56166687
0.37833333 0.0085390972 -0.024717852 -0.048333333 -0.048333333 0.0016371243 0.0016666667 0.0016666667 0.0016666667 0.0051857366 0.49 0.49 0.49 0.49000005 0.88166667 0.88166667 0.88166667 0.88166667 1.2829745 1.2833333 1.2833333 1.2833333 1.2833333 1.2833333 0.81500001 0.815 0.815 0.815 0.81443015 0.65833333 0.65833333 0.65833333 1.27 0.54170476 0.74333333 0.74333333 0.74333333 0.74758466 0.74096199 0.74 0.74 0.74 0.75666667 0.75666667 0.51166667 0.51166667 0.51166667 0.43333333 0.43333333 0.43333333 0.43333333 0.66 0.66
-0.0014230799 -0.0016666667 -0.0016666667 -0.001666668 -0.13166667 0.0016632273 0.0016666667 0.0016666667 0.0016666667 0.0016666667 0.47523672 0.48999746 0.48999999 0.88166667 0.88166667 0.88166667 0.88166667 0.88166667 0.91946803 1.2833333 1.2833333 1.2833333 1.2833333 1.2833333 1.2300659 1.5016629 1.5016667 1.5016667 1.5016667 0.65833336 1.27 1.27 1.27 1.27 0.74333333 0.74334352 1.13 1.13 0.74486973 0.74 0.74 0.74 0.75666667 0.75666667 0.5496011 0.51166667 0.51166667 0.43333333 0.43333333 0.43333333 0.43576379 0.66 0.66
-0.0016666667 -0.0016666667 -0.0016666667 -0.062885606 -0.13166667 -0.13166667 0.0016666667 0.0016666667 0.0016666667 0.0016666667 0.295 0.295 0.295 0.88166667 0.88166667 0.88166667 0.88166667 0.88165537 0.98166667 0.98166667 1.2833332 1.2833333 1.2851593 1.3583333 1.3596237 1.5016667 1.5016667 1.5016667 1.5016667 1.2700236 1.27 1.27 1.27 1.27 1.1299986 1.13 1.13 1.13 1.1286607 0.74 0.74 0.74 0.75666667 0.75666667 0.75666667 0.51166667 0.51166667 0.43333334 0.43333333 0.43333333 0.66 0.66 0.66
-0.0016666667 -0.0016666667 -0.0016666667 -0.13166667 -0.13166667 -0.13166667 -0.13166646 0.0016666667 0.0016666667 0.2946972 0.295 0.295 0.295 0.29536552 0.82635614 0.81333333 0.81333333 0.81333333 0.98166667 0.98166667 0.98166667 1.3583333 1.3583333 1.3583333 1.3583142 1.3906424 1.5016667 1.5016667 1.5016667 1.6521226 1.7332878 1.7333333 1.7333333 1.7333333 1.3647071 1.6933321 1.6933333 1.6933333 1.6933333 1.1582761 1.1583333 1.1583333 0.75666667 0.75666667 0.96499913 0.96499996 0.85833333 0.85833333 0.77333333 0.77333333 0.77333333 0.66 0.84483459
-0.001665627 -0.0016666667 -0.0016666714 -0.13166667 -0.13166667 -0.13166667 -0.13166666 0.061666649 0.0019065703 0.29490781 0.295 0.295 0.295 0.29601711 0.81333333 0.81333333 0.81333333 0.81333338 0.98166667 0.98166667 0.98166667 1.3583333 1.3583333 1.3583333 1.29 1.29 1.525 1.525 1.525 1.5261365 1.7333333 1.7333333 1.7333333 1.7333333 1.7133443 1.6933333 1.6933333 1.6933333 1.6933333 1.1583333 1.1583333 1.1583333 1.1522503 0.965 0.965 0.965 0.85833333 0.85833333 0.77333333 0.77333333 0.77333333 0.845 0.845
0.33333333 0.18797786 0.37666667 0.37651919 -0.13166667 0.060548047 0.061666667 0.061666667 0.17462404 0.19333334 0.19333333 0.19333333 0.19333333 0.4166594 0.41666667 0.81333303 0.81333333 0.81776867 0.98166667 0.98166667 0.98166667 0.98833333 0.98833333 0.98833333 1.29 1.29 1.525 1.525 1.525 1.5250001 1.6316673 1.631667 1.7307781 1.7332243 1.4619778 1.4616667 1.4616667 1.4616667 1.4616667 1.1583333 1.1583333 1.1583333 0.97564523 0.965 0.965 0.96499986 0.85833333 0.85833333 0.85833027 0.77333333 0.7733314 0.73 0.845
0.65327256 0.65333329 0.37666667 0.37666667 0.37666667 0.061666667 0.061666667 0.061666667 0.37166667 0.37166667 0.19333333 0.19333333 0.19333333 0.41666667 0.41666667 0.41666667 0.41666667 0.41673088 0.98166667 0.98166667 0.98166667 0.98833333 0.98833333 0.98833333 1.29 1.29 1.525 1.525 1.525 1.630464 1.6316667 1.6316667 1.6316667 1.6316667 1.4617506 1.4616667 1.4616667 1.4616667 1.4616667 0.69666679 0.69666667 0.69666667 0.69666667 0.96499405 0.19 0.19 0.19 0.445 0.445 0.445 0.73 0.73 0.73
0.65333333 0.65333333 0.37666667 0.37666667 0.37666667 0.063322363 0.061666667 0.37166667 0.37166667 0.37166667 0.19335529 0.19333333 0.06940275 0.41666658 0.41666667 0.41666667 0.41666667 0.10333333 0.10333333 0.10333333 0.41666668 0.41666709 0.98833055 0.98833333 0.98857514 1.2533333 1.2533333 1.253334 1.5249561 1.603339 1.6033335 1.6033383 1.6316182 1.6316422 1.491925 1.4616663 1.4581144 0.40166667 0.40166667 0.69666667 0.69666667 0.69666667 0.69666667 0.19 0.19 0.19 0.19 0.445 0.445 0.445 0.73 0.73 0.73
0.65333333 0.65333333 0.37666667 0.37666667 0.37666667 0.37666667 0.17769061 0.37166667 0.37166667 0.37166667 0.37148438 0.041666667 0.041666667 0.041666667 0.41445671 0.41666667 0.10542131 0.10333333 0.10333333 0.10333333 0.41666667 0.41666667 0.41666667 0.41666667 1.2533333 1.2533333 1.2533333 1.2533333 1.2533333 1.6033333 1.6033333 1.6033333 1.6033333 1.6033331 1.5116667 0.40166667 0.40166667 0.40166667 0.40166667 0.4016659 0.11166667 0.11166667 0.11166667 0.1425809 0.20666667 0.20666667 0.20666667 0.44499999 0.44500003 0.47166667 0.47166667 0.85163707 0.85166667
0.65333333 0.65333333 0.47652391 0.37666667 0.37666667 0.37666667 0.44986099 0.37191353 0.37166667 0.37166667 0.041666738 0.041666667 0.041666667 0.041666667 0.041666667 0.072413383 0.10333333 0.10333333 0.10333333 0.10333333 0.41666424 0.41666667 0.41666667 0.41666667 1.2533333 1.2533333 1.2533333 1.2533333 1.2533333 1.0897586 1.6033333 1.6033333 1.6033333 1.5116667 1.5116667 1.5108047 0.40166667 0.40166667 0.53860944 0.64499998 0.11166667 0.11166667 0.11166667 0.14350836 0.20666667 0.20666667 0.20666667 0.56 0.47276729 0.47166667 0.47166667 0.85166667 0.85166667
0.67666667 0.67666667 0.67666667 0.45188491 0.37714117 0.45 0.45 0.45 0.45 0.38166667 0.38166667 0.041666691 0.041666667 0.041666667 0.041666667 0.041670571 0.10333333 0.10333333 0.10333333 0.10333333 0.27993816 0.41666667 0.41666667 0.40859745 0.15931889 1.2533333 1.2533333 1.2533333 0.90833333 0.90833333 0.90833333 0.90833625 1.5116667 1.5116667 1.5116667 1.5116667 0.645 0.645 0.645 0.645 0.23333333 0.23333333 0.23333333 0.57999303 0.58 0.58 0.57999988 0.56 0.56 0.4717743 0.47166667 0.85166584 0.85166667
0.67666667 0.67666667 0.67666667 0.6766681 0.70333333 0.6664945 0.45 0.45 0.45 0.38166667 0.38166667 0.38166667 -0.048333328 -0.048333333 -0.048333333 -0.048333329 0.10332417 0.10333333 0.10333333 0.10333333 0.10806775 0.10833418 0.10833333 0.10833333 0.10833333 0.10833335 0.19166667 0.19166667 0.90833333 0.90833333 0.90833333 0.90833333 1.5116663 1.5116667 1.5116667 1.511625 0.64500001 0.645 0.645 0.64646228 0.23333333 0.23333333 0.23333333 0.57998392 0.58 0.58 0.58 0.56 0.56 0.56000002 0.68833333 0.68833333 0.65166667
0.67666667 0.67666667 0.67666667 0.70333327 0.70333333 0.70333333 0.4500001 0.45 0.45 0.38166667 0.38166667 0.38166667 -0.048333333 -0.048333333 -0.048333333 -0.037163266 0.098333333 0.098333333 0.098333346 0.10330509 0.10833333 0.10833333 0.10833333 0.10833333 0.10833333 0.10839605 0.19166667 0.19166667 0.19166667 0.90833333 0.90833333 0.90823786 1 1 1 0.94333333 0.94333333 0.97833333 0.97833333 0.97833333 1.225 0.23364439 0.23333954 1.065 1.065 1.0466191 0.58000125 0.56 0.56 0.68833333 0.68833333 0.68833333 0.65166667
0.67666667 0.67666667 0.67666667 0.70333333 0.70333333 0.70333333 0.70333333 0.45 0.45 0.38166667 0.38166667 -0.031139535 -0.048333333 -0.048333333 -0.048333333 0.098333333 0.098333333 0.098333333 0.098333333 0.098333333 0.10833333 0.10833333 0.10833333 0.10833333 0.10833333 0.19166638 0.19166667 0.19166667 0.19166667 0.76 0.76 0.76 1 1 1 0.94333333 0.94333333 0.97833333 0.97833333 1.225 1.225 1.225 1.065 1.065 1.065 1.065 1.0569222 0.96666667 0.96666667 0.96666667 0.68833334 0.87166667 0.87166667
