interpolatedSpi/04-05|19_1.tif
NCOLS 53
NROWS 52
XLLCORNER -116.03883
YLLCORNER 28.596182
DX 0.49850594
DY 0.49788537
NODATA_VALUE -9999
[rows 0 to 31 of 52, columns 0 to 52 of 53]
-0.71333333 -0.71333333 -0.67211395 -1.1 -1.1633333 -1.25 -1.3466667 -1.8133333 -1.870262 -1.45 -1.0433333 -1.49 -1.8199446 -1.1466667 -1.46 -1.46 -1.46 -0.35333333 -0.91666667 -0.91666667 -0.91666667 -0.91667212 -1.4833333 -0.91 -0.91 -0.91 -0.7999937 -0.8 -0.8 -1.37 -1.37 -1.37 -1.37 -0.93333342 -0.93333333 -0.93333333 -0.93333333 -0.93333333 -0.93333333 -0.9333333 0.11207333 0.12313464 -0.65666667 -0.65666667 -0.65666667 -0.65666667 -0.65734178 -1.07 -1.07 -1.07 -0.85000046 -0.85 -0.85
-0.71332726 -0.57666667 -0.78333269 -0.67854965 -0.93682095 -0.56666667 -0.18666667 -1.3169123 -2.5466667 -1.9933333 -1.92 -1.82 -1.82 -0.81444482 -1.1466654 -1.46 -0.35333333 -0.35333333 -0.91593216 -0.91666667 -0.91666667 -0.91666667 -0.93000209 -0.91 -0.91 -0.91 -0.72666668 -0.72666667 -1.37 -1.37 -1.37 -1.37 -1.37 -0.9333334 -0.93333333 -0.93333333 -0.93333333 -0.93333333 -0.93333325 -0.77817403 -0.040020493 -0.58183892 -0.65666667 -0.65666667 -0.65666667 -0.65666667 -0.65666667 -1.07 -1.07 -1.07 -1.0517574 -0.85 -0.85
-0.52668189 -0.52666667 -0.22666667 -0.066666667 -0.84 -1.3966667 -1.0433333 -0.97333333 -1.3833333 -1.4533333 -1.3133333 -1.5933333 -1.1933333 -1.2333333 -0.81333333 -1.24 -0.35333333 -0.35333333 -0.35333333 -1.0499612 -1.05 -1.05 -1.29 -0.91 -0.91 -0.91 -0.72666667 -0.72666667 -0.72666667 -1.37 -1.37 -1.37 -1.519234 -0.93162063 -0.92241211 0.22924819 0.24 0.24 0.20478338 -0.039999998 -0.04 -0.04078856 -0.65666667 -0.65666667 -0.65666667 -0.65666667 -0.65666667 -1.07 -1.07 -1.07 -1.07 -0.85 -0.85
-0.43666667 -0.52666666 -0.48004545 -0.24333333 -0.54333333 -0.87333333 -0.78 -1.73 -0.84666667 -0.64469059 -1.25 -1.3533333 -1.4766667 -1.2333333 -1.35 -1.24 -1.2433078 -1.2427097 -1.8133333 -1.05 -1.05 -1.3033333 -1.29 -1.29 -0.91 -0.90999908 -0.72666667 -0.72666667 -0.72666667 -0.92666667 -1.3400039 -1.68 -1.68 -1.6799985 0.24 0.24 0.24 0.24 -0.04 -0.04 -0.04 -0.040000023 -0.65666667 -0.65666667 -0.65666667 -0.65666667 -0.65666667 -1.0699948 -1.07 -1.07 -1.07 -0.84998519 -0.85
-0.43666667 -0.82999936 -0.48 -0.58485719 -0.54333333 -0.83 -1.133312 -1.37 -1.37 -1.3900001 -1.2999757 -1.2567154 -1.5966667 -1.35 -1.35 -1.2764516 -1.2433333 -1.2433333 -1.8133333 -1.8133333 -1.0500005 -1.3033333 -1.56 -1.51 -1.3533333 -1.3533402 -0.72666667 -0.72666667 -0.92666667 -0.92666667 -1.68 -1.68 -1.68 -1.6416567 0.24 0.24 0.24 -0.04 -0.04 -0.04 -0.04 -0.040080441 -0.65666667 -0.65666667 -0.65666667 -0.65666667 -0.65666667 -0.66034585 -1.07 -1.0699698 -0.39666667 -0.39666667 -0.39666667
-1.9466667 -0.86 0.27999999 -0.43333333 -0.19 -0.75666667 -0.74666667 -0.82647119 -1.3366667 -0.93333333 -1.9933333 -1.5533333 -1.5533334 -2.5633333 -2.5633333 -1.5432826 -1.5433333 -1.1733333 -1.1733333 -1.8133331 -1.7166667 -1.7166667 -1.51 -1.3533333 -1.3533333 -1.3833333 -1.3833333 -1.3833333 -1.3166315 -0.92666667 -1.68 -1.68 -1.4766667 -1.4766513 -1.3300105 -1.3466667 -1.3466667 -0.44424716 -0.04 -0.04 -0.87229399 -0.87333333 -0.87333298 -0.20478693 -0.19671751 -0.19666679 -0.19666668 -0.19666684 -0.40758316 -0.39666667 -0.39666667 -0.39666667 -0.39666667
-1.0166769 -0.29666667 -0.87062358 -0.86 -0.62333333 -0.94666667 -1.5566667 -1.6666667 -1.5733333 -1.5733333 -1.9933333 -1.7866667 -2.0133331 -2.5633333 -1.333337 -1.3333333 -1.5433333 -1.56 -1.5233333 -1.5233333 -1.6349808 -1.5433333 -1.5433333 -1.37 -1.3833333 -1.3833333 -1.3833333 -1.3833333 -1.3166774 -1.3168634 -1.257417 -1.4766667 -1.4766667 -1.33 -1.33 -1.1415189 -1.3466667 -1.3466667 -1.4799954 -0.87333418 -0.87333333 -0.87333333 -0.87333025 -0.19666674 -0.19666667 -0.19666667 -0.19666667 -0.19666678 -0.38666667 -0.39666468 -0.39666667 -0.39666667 -0.39666667
-1.0166667 -1.74 -0.7 -1.3966667 -0.74337079 -1.43 -1.3266667 -1.4333333 -1.8633333 -1.6733333 -1.6733333 -1.2266667 -2.0133333 -2.0133333 -1.3379988 -1.5883453 -1.6133333 -1.2133333 -1.5566666 -1.5233333 -1.1834218 -1.1033333 -1.3066667 -1.0433333 -1.043334 -1.0966667 -1.57 -1.5699999 -1.4993576 -1.5 -1.2566667 -0.95490641 -1.1633333 -1.33 -1.3319014 -0.97 -0.97 -1.48 -1.48 -0.87333333 -0.87333333 -0.87333333 -0.21253151 -0.21 -0.19666667 -0.19666667 -0.19666667 -0.38665943 -0.38666667 -0.38666667 -0.39666667 -0.39666667 -0.39666667
-1.6707166 -1.74 -0.81666667 -0.11333333 -0.52333333 -1.1933333 -1.1 -0.94 -0.80666667 -0.85982917 -0.71 -0.9 -0.9 -0.68666667 -0.68666281 -1.7197027 -1.72 -1.72 -1.2657437 -1.4166668 -2.0466667 -2.0466667 -1.36 -1.3276845 -1.0912921 -1.0966667 -1.1933333 -1.57 -1.5169766 -1.5166667 -0.89666667 -1.1466667 -1.2138203 -1.3466667 -1.3966667 -1.2966667 -1.4333333 -1.97 -0.91382126 -0.87275304 -0.74333333 -0.53 -0.21000381 -0.21 -0.20992495 -0.19666667 -0.59666665 -0.38666667 -0.38666667 -0.38666667 -0.38666667 -0.36678488 -0.053333333
-1.2833333 -1.2833333 -1.0166667 -0.41666667 -0.93666667 -1.73 -0.89333333 -1.31 -0.7 -0.87329052 -0.43 -0.93333333 -0.68666667 -0.68666667 -0.27666667 -0.29646264 -1.72 -1.7197057 -0.42666667 -1.4166667 -1.4166667 -1.4978318 -1.36 -1.569996 -1.57 -1.57 -1.1933333 -0.84 -0.84 -1.5166667 -1.5166667 -1.1469195 -1.28 -1.3466667 -1.3866667 -1.2966667 -1.4333333 -1.5966667 -0.91333333 -0.0082437704 -0.53000001 -0.42102265 -0.23333333 -0.21 -0.21 -0.59666667 -0.59666667 -0.59666667 -0.38666667 -0.38666667 -0.15666667 -0.15666667 -0.15666663
-1.2833333 -1.2833333 -0.93 -1.4766667 -0.27666667 -0.70666667 -0.93333333 -1.0903151 -1.3166667 -1.2733333 -0.38333333 -0.84 -0.93320871 -0.27666667 -0.27666667 -0.27668436 -0.43 -0.42982505 -0.42666667 -1.3933333 -1.3933333 -1.1166667 -1.1166667 -1.57 -1.57 -1.57 -0.84 -0.84 -0.84 -1.28 -1.28 -1.28 -1.1833333 -1.1833333 -1.31 -0.93 -0.93333333 -0.92333251 -1.0566667 0.0066666667 0.0066666667 -0.41666606 -0.23333333 -0.21 -0.38333312 -0.14333333 -0.11209596 -0.11 0.033333333 0.033333333 -0.15666667 -0.15666667 -0.15666667
-1.2833333 -1.1309138 -1.1632822 -1.3533269 -0.68333333 -0.35666667 -0.93333333 -1.09 -1.3166648 -1.2738134 -0.84000056 -0.84 -0.24 -0.27666667 -0.27666667 -0.42999999 -0.43 -0.42999981 -0.42666667 -1.3933333 -1.3390016 -1.1166667 -1.1166667 -1.5699811 -1.57 -1.3924914 -1.03 -1.03 -1.03 -1.28 -1.28 -0.92333333 -0.92333333 -1.1833337 -1.31 -0.31666727 -0.91622845 -0.92333333 -0.92333333 0.006666653 -0.41666667 -0.41666667 -0.4166664 -0.38333333 -0.38333333 -0.14333333 -0.11 -0.11 0.033333333 0.033333333 -0.15666667 -0.15666667 -0.15666667
-0.68666667 -0.39657571 -0.34337487 -0.35064293 -0.68333159 -0.35667438 -0.93333332 -1.0880715 -1.301047 -1.3155351 -0.24 -0.24 -0.24 -0.24 -0.27666147 -0.43 -0.43 -0.42995696 -0.42666667 -1.3930476 -0.42666667 -0.42666667 -0.42666667 -0.42666667 -1.550206 -1.03 -1.03 -1.03 -1.03 -1.0300038 -0.92333333 -0.92333333 -0.92333333 -0.92333333 -0.31666667 -0.31666667 -0.31666667 -0.89396904 -0.91522195 0.15666667 0.15666667 -0.41663583 0.076650919 -0.38328903 -0.38333333 -0.14333333 -0.11 -0.11 0.033333333 0.033333333 -0.15597737 -0.15666667 -0.28715918
-0.68666667 -0.34333333 -0.34333333 -0.34333333 -0.34333333 -0.34333334 -0.93185721 -1.0074916 -1.2593752 -0.24115835 -0.24 -0.24 -0.24 -0.24 -0.2399997 -0.43 -0.43 -0.42977136 -0.42666672 -0.42666667 -0.42666667 -0.42666667 -0.42666667 -0.42666667 -0.41506803 -0.61980302 -0.51666677 -0.51666667 -0.51666667 -0.51666667 -0.92333332 -0.92333333 -0.92333239 -0.14 -0.14 -0.31666667 0.17266983 0.18666667 0.15666668 0.15666667 0.15666667 0.15666667 0.076666667 0.076666667 0.076666667 0.075135667 -0.017280849 -0.016666667 -0.016666667 -0.016666667 -0.016666666 0.55333319 0.55333333
0.50333333 -0.34333333 -0.34333333 -0.34333333 -0.34333333 -0.34333333 -0.34333337 -0.74733218 0.17232049 0.18 0.18 0.18 0.18 0.18 0.18 0.11787621 -0.42132437 -0.42954345 -0.42666667 -0.42666667 -0.42666667 -0.42666667 -0.42666667 -0.42666569 0.11 0.11 0.10999912 -0.51666667 -0.51666667 -0.51505136 0.29 0.29 -0.14 -0.14 -0.14 0.13433836 0.18666667 0.18666667 0.18666667 0.15666667 0.15666667 0.15666667 0.076666667 0.076666667 0.076666667 0.076666667 -0.016666657 -0.016666667 -0.016666667 -0.016666667 -0.016666667 0.55333333 0.55333333
0.50333333 0.18812895 -0.34333333 -0.34333333 -0.34333333 -0.34333333 -0.19003009 -0.19 -0.18999999 0.18 0.18 0.18 0.18 0.18 0.16602822 0.11666667 0.11666667 0.11666667 0.41077517 0.41333248 0.41333333 0.41333333 0.41333333 0.41333333 0.11 0.11 0.11 0.11 -0.51666667 0.29 0.29 0.29 -0.13999996 -0.14 -0.14 0.49666667 0.18707712 0.18666667 0.18666667 0.15674856 0.32021332 0.70169947 0.076666667 0.076666667 0.55186231 0.55333333 0.55333333 -0.015771907 0.52476796 0.52666662 0.52666656 0.66664948 0.55333356
0.50333333 0.18868398 -0.078502574 -0.34333333 -0.34333333 -0.1900906 -0.19 -0.19 -0.19 -0.18733367 0.18 0.18 0.18 0.17999999 0.11666667 0.11666667 0.11666667 0.11666667 0.41306833 0.41333333 0.41333333 0.41333333 0.41333333 0.41333333 0.11000001 0.11 0.11 0.11 0.11065473 0.29 0.29 0.29 0.63999999 -0.13991641 0.49666667 0.49666667 0.49666667 0.49913524 0.67062601 0.70333333 0.70333333 0.70333333 0.91 0.91 0.55333333 0.55333333 0.55333333 0.52666667 0.52666667 0.52666667 0.52666667 0.66666667 0.66666667
0.18030744 0.18 0.18 0.18 0.0033333333 -0.18999501 -0.19 -0.19 -0.19 -0.19 0.17949514 0.17999991 0.18 0.11666667 0.11666667 0.11666667 0.11666667 0.11666667 0.15528502 0.41333333 0.41333333 0.41333333 0.41333333 0.41333333 0.47012599 0.79332963 0.79333333 0.79333333 0.79333333 0.29000002 0.63999999 0.64 0.64 0.64 0.49666667 0.49667264 0.72333333 0.72333333 0.70358306 0.70333333 0.70333333 0.70333333 0.91 0.91 0.60855761 0.55333333 0.55333333 0.52666667 0.52666667 0.52666667 0.52816783 0.66666667 0.66666667
0.18 0.18 0.18 0.096805031 0.0033333333 0.0033333333 -0.19 -0.19 -0.19 -0.19 0.17333333 0.17333333 0.17333333 0.11666667 0.11666667 0.11666667 0.11666667 0.11671129 0.36 0.36 0.41333331 0.41333333 0.41828364 0.61666667 0.61825712 0.79333333 0.79333333 0.79333333 0.79333333 0.64001561 0.64 0.64 0.64 0.64 0.72333254 0.72333333 0.72333333 0.72333333 0.72329806 0.70333333 0.70333333 0.70333333 0.91 0.91 0.91 0.55333333 0.55333333 0.52666667 0.52666667 0.52666667 0.66666667 0.66666667 0.66666667
0.18 0.18 0.18 0.0033333333 0.0033333333 0.0033333333 0.0033330379 -0.19 -0.19 0.17295827 0.17333333 0.17333333 0.17333333 0.17329803 0.33521072 0.38666667 0.38666667 0.38666667 0.36 0.36 0.36 0.61666667 0.61666667 0.61666667 0.61666013 0.68842847 0.79333333 0.79333333 0.79333333 1.0094918 1.0899557 1.09 1.09 1.09 0.97710612 1.3333319 1.3333333 1.3333333 1.3333333 1.5065567 1.5066667 1.5066667 0.91 0.91 1.1899988 1.1899998 0.56333333 0.56333333 0.59 0.59 0.59 0.66666667 0.49015796
0.18000218 0.18 0.17999999 0.0033333333 0.0033333333 0.0033333333 0.0033333371 0.35666651 -0.18781421 0.1734089 0.17333333 0.17333333 0.17333333 0.17375195 0.38666667 0.38666667 0.38666667 0.38666666 0.36 0.36 0.36 0.61666667 0.61666667 0.61666667 0.59333333 0.59333333 1.01 1.01 1.01 1.0104364 1.09 1.09 1.09 1.09 1.2115999 1.3333333 1.3333333 1.3333333 1.3333333 1.5066667 1.5066667 1.5066667 1.4967031 1.19 1.19 1.19 0.56333333 0.56333333 0.59 0.59 0.59 0.49 0.49
0.88333333 0.55877943 0.55666667 0.55650614 0.0033333333 0.35462229 0.35666667 0.35666667 0.45747809 0.25666668 0.25666667 0.25666667 0.25666667 0.67665299 0.67666667 0.38666689 0.38666667 0.38596404 0.36 0.36 0.36 0.44333333 0.44333333 0.44333333 0.59333333 0.59333333 1.01 1.01 1.01 1.0100001 1.1299997 1.1299999 1.0910053 1.0900429 1.4096346 1.41 1.41 1.41 1.41 1.5066667 1.5066667 1.5066667 1.2074365 1.19 1.19 1.1899999 0.56333333 0.56333333 0.56333429 0.59 0.5899845 0.24333333 0.49
0.82001203 0.81999995 0.55666667 0.55666667 0.55666667 0.35666667 0.35666667 0.35666667 0.63333333 0.63333333 0.25666667 0.25666667 0.25666667 0.67666667 0.67666667 0.67666667 0.67666667 0.67663042 0.36 0.36 0.36 0.44333333 0.44333333 0.44333333 0.59333333 0.59333333 1.01 1.01 1.01 1.128647 1.13 1.13 1.13 1.13 1.4098618 1.41 1.41 1.41 1.41 1.2400001 1.24 1.24 1.24 1.1899952 0.56 0.56 0.56 0.35 0.35 0.35 0.24333333 0.24333333 0.24333333
0.82 0.82 0.55666667 0.55666667 0.55666667 0.3577179 0.35666667 0.63333333 0.63333333 0.63333333 0.25671303 0.25666667 0.8858527 0.67666675 0.67666667 0.67666667 0.67666667 0.83 0.83 0.83 0.71666666 0.71666646 0.44333466 0.44333333 0.44372523 1.0333333 1.0333333 1.0333333 1.0100038 1.2333127 1.2333328 1.2333153 1.1301766 1.1300892 1.3601968 1.4099998 1.4080786 0.83666667 0.83666667 1.24 1.24 1.24 1.24 0.56 0.56 0.56 0.56 0.35 0.35 0.35 0.24333333 0.24333333 0.24333333
0.82 0.82 0.55666667 0.55666667 0.55666667 0.55666667 0.46021492 0.63333333 0.63333333 0.63333333 0.6335506 1.0266667 1.0266667 1.0266667 0.6787293 0.67666667 0.82897822 0.83 0.83 0.83 0.71666667 0.71666667 0.71666667 0.71666667 1.0333333 1.0333333 1.0333333 1.0333333 1.0333333 1.2333333 1.2333333 1.2333333 1.2333333 1.2333328 0.96666667 0.83666667 0.83666667 0.83666667 0.83666667 0.83666538 0.36666667 0.36666667 0.36666667 0.35907505 0.34333333 0.34333333 0.34333333 0.35 0.35000037 0.72666667 0.72666667 0.99315088 0.99333333
0.82 0.82 0.65171151 0.55666667 0.55666667 0.55666669 1.4452234 0.63589651 0.63333333 0.63333333 1.0266667 1.0266667 1.0266667 1.0266667 1.0266667 0.99794904 0.83 0.83 0.83 0.83 0.71666754 0.71666667 0.71666667 0.71666667 1.0333333 1.0333333 1.0333333 1.0333333 1.0333333 0.7037479 1.2333333 1.2333333 1.2333333 0.96666667 0.96666667 0.96656572 0.83666667 0.83666667 0.62656269 0.46333337 0.36666667 0.36666667 0.36666667 0.36037278 0.34333333 0.34333333 0.34333333 0.81 0.72770499 0.72666667 0.72666667 0.99333333 0.99333333
1.5366667 1.5366667 1.5366667 0.80237961 0.55838507 1.4466667 1.4466667 1.4466667 1.4466667 1.42 1.42 1.0266667 1.0266667 1.0266667 1.0266667 1.0266542 0.83 0.83 0.83 0.83 0.76612166 0.71666667 0.71666667 0.71265387 0.5842619 1.0333333 1.0333333 1.0333333 0.51666667 0.51666667 0.51666667 0.51666968 0.96666667 0.96666667 0.96666667 0.96666667 0.46333333 0.46333333 0.46333333 0.46333333 0.36666667 0.36666667 0.36666667 0.68332697 0.68333333 0.68333333 0.68333323 0.81 0.81 0.7267682 0.72666667 0.99333354 0.99333333
1.5366667 1.5366667 1.5366667 1.5366771 1.73 1.6887987 1.4466667 1.4466667 1.4466667 1.42 1.42 1.42 1.1866667 1.1866667 1.1866667 1.1866667 0.83087928 0.83 0.83 0.83 0.82827309 0.56333375 0.56333333 0.56333333 0.56333333 0.56333332 0.053333341 0.053333333 0.51666667 0.51666667 0.51666667 0.51666667 0.96666636 0.96666667 0.96666667 0.96663191 0.46333333 0.46333333 0.46333333 0.46309937 0.36666667 0.36666667 0.36666667 0.68331865 0.68333333 0.68333333 0.68333333 0.81 0.81 0.81000003 1.0333333 1.0333333 1.2033333
1.5366667 1.5366667 1.5366667 1.7299996 1.73 1.73 1.4466668 1.4466667 1.4466667 1.42 1.42 1.42 1.1866667 1.1866667 1.1866667 1.1960597 1.31 1.31 1.3099988 0.83271116 0.56333333 0.56333333 0.56333333 0.56333333 0.56333333 0.56294953 0.053333333 0.053333333 0.053333334 0.51666667 0.51666667 0.51651219 0.54 0.54 0.54 0.37333333 0.37333333 0.41 0.41 0.41 0.91666667 0.36683919 0.36666988 0.79666667 0.79666667 0.79237146 0.68333385 0.81 0.81 1.0333333 1.0333333 1.0333333 1.2033333
1.5366667 1.5366667 1.5366667 1.73 1.73 1.73 1.73 1.4466667 1.4466667 1.42 1.42 1.1959966 1.1866667 1.1866667 1.1866667 1.31 1.31 1.31 1.31 1.31 0.56333333 0.56333333 0.56333333 0.56333333 0.56333333 0.053335073 0.053333333 0.053333333 0.053333333 0.27666667 0.27666667 0.27666667 0.54 0.54 0.54 0.37333333 0.37333333 0.41 0.41 0.91666667 0.91666667 0.91666667 0.79666667 0.79666667 0.79666667 0.79666667 0.81172701 0.98 0.98 0.98 1.0333333 1.11 1.11
1.5366667 1.5366667 1.5369359 1.73 1.73 1.73 1.73 1.5205574 1.51 1.5098455 1.42 1.1866817 1.1866667 1.1866667 1.1866671 1.31 1.31 1.31 1.31 1.31 1.2218882 0.56333333 0.56333333 0.56333333 0.56328665 0.053349275 0.053333333 0.053333333 0.053333333 0.27666667 0.27666667 0.27666667 0.27670612 0.54 0.37333333 0.37333333 0.37333333 0.37333505 0.41003455 0.91666667 0.91666667 0.91666667 0.79667395 0.79666667 0.79666667 0.79666667 0.97999915 0.98 0.98 0.98 1.11 1.11 1.11
1.2 1.2000006 1.7298796 1.73 1.73 1.73 1.5100468 1.51 1.51 1.51 1.3666667 1.3666667 1.3666667 1.3666667 1.3102615 1.31 1.31 1.31 1.31 1.25 1.25 1.25 0.3366667 0.33666667 0.33666667 0.33666667 0.31221136 0.053333333 0.45331695 0.45333333 0.45333333 0.45333333 0.45333333 0.65333333 0.65333333 0.65333333 0.65333333 0.65333333 0.98333333 0.98333333 0.98333333 0.98333333 0.98333333 0.89651592 0.89666667 0.89666667 0.89666667 0.98 0.98 0.98 1.1099795 1.11 1.11
