interpolatedSpi/04-08|20_2.tif
NCOLS 53
NROWS 52
XLLCORNER -116.03883
YLLCORNER 28.596182
DX 0.49850594
DY 0.49788537
NODATA_VALUE -9999
[rows 0 to 38 of 52, columns 0 to 52 of 53]
0.562 0.562 0.18939488 -0.218 0.176 0.36 0.782 0.88 0.2079501 -0.048 0.048 0.328 0.20204924 0.8 0.476 0.476 0.476 0.502 0.506 0.506 0.506 0.5060021 0.724 0.306 0.306 0.306 1.1160011 1.116 1.116 0.596 0.596 0.596 0.596 0.98199992 0.982 0.982 0.982 0.982 0.982 0.98200001 1.5419675 1.5478409 0.924 0.924 0.924 0.924 0.9241176 0.996 0.996 0.996 1.2819994 1.282 1.282
0.56198365 0.194 0.40000071 0.46928554 0.56592286 0.812 0.672 0.63433492 0.282 0.37 0.192 0.202 0.202 0.79003334 0.79999702 0.476 0.502 0.502 0.50599478 0.506 0.506 0.506 0.27778652 0.306 0.306 0.306 0.292 0.292 0.596 0.596 0.596 0.596 0.596 0.98199994 0.982 0.982 0.982 0.982 0.98199994 0.85472999 0.23202872 0.84003129 0.924 0.924 0.924 0.924 0.924 0.996 0.996 0.996 1.0197154 1.282 1.282
1.3859613 1.386 1.018 1.38 0.914 0.602 0.726 0.398 0.628 0.406 0.538 -0.108 -0.374 0.274 0.79 1.062 0.502 0.502 0.502 0.33405 0.334 0.334 -0.23 0.306 0.306 0.306 0.292 0.292 0.292 0.596 0.596 0.59599996 0.16466554 0.9793066 0.97455371 0.18933078 0.182 0.182 0.18828868 0.232 0.232 0.23288489 0.924 0.924 0.924 0.924 0.924 0.996 0.996 0.996 0.996 1.282 1.282
0.602 1.3859998 0.62799142 0.804 0.242 0.782 1.318 0.062 0.61 0.45418097 0.62 0.594 0.332 0.274 0.676 1.062 -0.20423739 -0.21349833 0.096 0.334 0.334 -0.64 -0.23 -0.23 0.306 0.30599993 0.292 0.292 0.292 -0.34 -0.31805289 -0.3 -0.3 -0.29999962 0.182 0.182 0.182 0.182 0.232 0.232 0.232 0.23200003 0.924 0.924 0.924 0.924 0.924 0.99599909 0.996 0.996 0.996 1.2819277 1.282
0.602 0.17600083 0.628 0.72526131 0.242 0.834 0.70801162 0.504 0.316 0.47800003 0.38163154 0.33606933 0.82 0.676 0.676 0.91422426 -0.214 -0.214 0.096 0.096 0.33399801 -0.64 -0.6 -0.09 -0.208 -0.20806536 0.292 0.292 -0.34 -0.34 -0.3 -0.3 -0.3 -0.21551918 0.182 0.182 0.182 0.232 0.232 0.232 0.232 0.2320251 0.92399999 0.924 0.924 0.924 0.924 0.92464089 0.996 0.99591355 -0.932 -0.932 -0.932
-0.64 0.282 0.68599999 0.472 0.86 0.854 0.57 0.56155011 0.774 0.416 0.688 0.016 0.01600053 0.156 0.156 -0.024007726 -0.024 -0.304 -0.304 0.095999572 -1.072 -1.072 -0.09 -0.208 -0.208 -0.488 -0.868 -0.868 -0.010029795 -0.34 -0.3 -0.3 0.148 0.14800961 0.2399933 -0.05 -0.05 0.14475686 0.232 0.232 0.49167572 0.492 0.49200024 -0.33733388 -0.35985809 -0.35999966 -0.35999996 -0.35999953 -1.17628 -0.932 -0.932 -0.932 -0.932
-0.53599898 -0.066 -0.40613362 0.442 1.084 0.36 0.468 0.604 0.302 0.302 0.688 0.134 -0.33200006 0.156 -0.055999365 -0.056 -0.024 -0.302 -0.39 -0.39 -1.0163907 -0.954 -0.954 -1.006 -0.488 -0.488 -0.868 -0.868 -0.0099925405 -0.0098626664 0.60249905 0.148 0.148 0.24 0.24 -0.5641402 -0.05 -0.05 -1.0819642 0.49199781 0.492 0.492 0.4920002 -0.35999812 -0.36 -0.36 -0.36 -0.36000056 -1.294 -0.93207174 -0.932 -0.932 -0.932
-0.536 -0.932 -0.268 -0.586 -0.94797925 -0.154 0.05 -0.12599999 -0.206 -0.146 -0.146 -0.586 -0.332 -0.332 -0.057893616 -0.13796813 -0.146 -0.156 -0.40399999 -0.39 -0.90537521 -0.876 -1.08 -0.844 -0.84400054 -0.886 -1.27 -1.2699999 0.11755147 0.11800001 0.604 0.46323996 0.346 0.24 0.22294432 -0.994 -0.994 -1.082 -1.082 0.492 0.492 0.492 -0.021672346 -0.022000017 -0.36 -0.36 -0.36 -1.2939644 -1.294 -1.294 -0.932 -0.932 -0.932
-0.90317405 -0.93199999 -0.694 -0.506 0.022 -0.308 -0.112 0.614 0.376 0.19896885 -0.24 -0.354 -0.354 -0.918 -0.91799487 -0.48904124 -0.49 -0.49 -0.19385758 -1.322 -1.222 -1.222 -0.802 -0.97044477 -0.88176751 -0.886 -0.948 -1.27 -0.60190499 -0.598 0.496 1.17 0.78319198 -0.344 -0.358 -0.56 -0.556 -0.524 -0.73590211 0.49250887 0.606 -0.041999998 -0.021981444 -0.022 -0.023902447 -0.36 -0.88599997 -1.294 -1.294 -1.294 -1.294 -0.99649485 -0.736
-0.742 -0.742 -0.61 -0.652 0.028 0.236 0.054 0.09 0.452 0.15399802 -0.236 -0.392 -0.918 -0.918 -0.372 -0.37361842 -0.49 -0.49005004 -0.736 -1.322 -1.322 -1.3091166 -0.802 -0.95999701 -0.96 -0.96 -0.948 -0.296 -0.296 -0.598 -0.598 1.1685434 0.402 -0.344 0.07 -0.56 -0.556 -0.942 -0.736 0.80461987 -0.041999971 0.0072234785 0.092 -0.022 -0.022 -0.886 -0.886 -0.886 -1.294 -1.294 -1.45 -1.45 -1.4499997
-0.742 -0.742 -0.972 -0.948 -0.598 -0.182 -0.48599999 0.10198338 0.05 -0.098 -0.03 -0.172 -0.39170789 -0.372 -0.372 -0.37201177 -0.474 -0.48775099 -0.736 -0.366 -0.366 -0.52 -0.52 -0.96 -0.96 -0.96 -0.296 -0.296 -0.296 -0.72 -0.72 -0.71999815 -0.078 -0.078 -0.072 -0.588 -0.32 -0.27200044 -0.872 0.83 0.83 0.41599894 0.092 -0.022 -0.73600001 -0.936 -0.8421895 -0.842 -1.284 -1.284 -1.45 -1.45 -1.45
-0.742 -0.84131856 -0.96175834 -1.0599921 -0.722 -0.834 -0.486 0.102 0.050000434 -0.09636034 -0.1719999 -0.172 -0.318 -0.372 -0.372 -0.474 -0.474 -0.47401491 -0.736 -0.366 -0.39624247 -0.52 -0.52 -0.95998219 -0.96 -0.90608999 -0.796 -0.796 -0.79599994 -0.72 -0.72 -0.552 -0.552 -0.077999984 -0.072 0.18599969 -0.32064103 -0.272 -0.272 0.82999999 0.416 0.416 0.41599162 -0.736 -0.736 -0.936 -0.842 -0.842 -1.284 -1.284 -1.45 -1.45 -1.45
-0.124 0.043488745 0.12995978 0.12138092 -0.72200049 -0.83399736 -0.48600001 0.094762059 0.053583332 0.046135326 -0.318 -0.318 -0.318 -0.318 -0.37199235 -0.474 -0.474 -0.47738284 -0.736 -0.36601797 -0.42 -0.42 -0.42 -0.42 -0.95072825 -0.796 -0.796 -0.796 -0.796 -0.79595622 -0.552 -0.552 -0.552 -0.552 0.186 0.186 0.186 -0.24997738 -0.26782414 0.284 0.284 0.4159929 -0.39001184 -0.73596667 -0.736 -0.936 -0.842 -0.842 -1.284 -1.284 -1.4493978 -1.45 -1.0559712
-0.124 0.13 0.13 0.13 0.13 0.12999959 -0.48689076 -0.20778703 0.063143294 -0.31760735 -0.318 -0.318 -0.318 -0.318 -0.31799989 -0.474 -0.47400004 -0.49197141 -0.73599533 -0.42 -0.42 -0.42 -0.42 -0.42 -0.42933992 -0.80251989 -0.798 -0.798 -0.798 -0.798 -0.55200001 -0.552 -0.55200013 -0.664 -0.664 0.186 0.20349945 0.204 0.28399995 0.284 0.284 0.284 -0.39 -0.39 -0.39 -0.39379966 -0.84798048 -0.848 -0.848 -0.848 -0.84800001 0.13599967 0.136
-0.188 0.13 0.13 0.13 0.13 0.13 0.12999996 -0.41806433 -0.16691833 -0.168 -0.168 -0.168 -0.168 -0.168 -0.168 -0.50898613 -0.47468982 -0.50987655 -0.42003964 -0.42 -0.42 -0.42 -0.42 -0.42000019 -0.852 -0.852 -0.85199992 -0.798 -0.798 -0.79834442 -0.97 -0.97 -0.664 -0.664 -0.664 0.064955835 0.204 0.204 0.204 0.284 0.284 0.284 -0.39 -0.39 -0.39 -0.39 -0.84799999 -0.848 -0.848 -0.848 -0.848 0.136 0.136
-0.188 -0.069612213 0.13 0.13 0.13 0.13 -0.5938579 -0.594 -0.59399999 -0.168 -0.168 -0.168 -0.168 -0.168 -0.24477123 -0.516 -0.516 -0.516 -0.58350053 -0.58399983 -0.584 -0.584 -0.584 -0.584 -0.852 -0.852 -0.852 -0.852 -0.798 -0.97 -0.97 -0.97 -0.66400003 -0.664 -0.664 0.176 0.20396293 0.204 0.204 0.28391579 0.11586606 -0.27632031 -0.39 -0.39 -0.4258889 -0.426 -0.426 -0.84627108 0.20032374 0.20399991 0.2039998 0.36796484 0.13600047
-0.188 -0.020619287 0.056117279 0.13 0.13 -0.59357223 -0.594 -0.594 -0.594 -0.59093012 -0.168 -0.168 -0.168 -0.16800004 -0.516 -0.516 -0.516 -0.516 -0.58393926 -0.584 -0.584 -0.584 -0.584 -0.584 -0.85199999 -0.852 -0.852 -0.852 -0.8524292 -0.97 -0.97 -0.97 -0.33600002 -0.66390664 0.176 0.176 0.176 0.17120932 -0.24748606 -0.278 -0.278 -0.278 -0.416 -0.416 -0.426 -0.426 -0.426 0.20399999 0.204 0.204 0.204 0.368 0.368
-0.015980135 -0.016 -0.016 -0.016000003 -0.274 -0.59399175 -0.594 -0.594 -0.594 -0.594 -0.17329974 -0.16800091 -0.168 -0.516 -0.516 -0.516 -0.516 -0.516 -0.56981349 -0.584 -0.584 -0.584 -0.584 -0.584 -0.59188299 -0.40000245 -0.4 -0.4 -0.4 -0.96999997 -0.33600001 -0.336 -0.336 -0.336 0.176 0.17598852 -0.26 -0.26 -0.27777524 -0.278 -0.278 -0.278 -0.416 -0.416 -0.42445166 -0.426 -0.426 0.204 0.204 0.204 0.20575851 0.368 0.368
-0.016 -0.016 -0.016 -0.13749605 -0.274 -0.274 -0.594 -0.594 -0.594 -0.594 -0.238 -0.238 -0.238 -0.516 -0.516 -0.516 -0.516 -0.51606908 -1.284 -1.284 -0.58400028 -0.584 -0.58955084 -0.812 -0.80829094 -0.4 -0.4 -0.4 -0.4 -0.33600652 -0.336 -0.336 -0.336 -0.336 -0.25999847 -0.26 -0.26 -0.26 -0.2600571 -0.278 -0.278 -0.278 -0.416 -0.416 -0.416 -0.426 -0.426 0.20399999 0.204 0.204 0.368 0.368 0.368
-0.016 -0.016 -0.016 -0.274 -0.274 -0.274 -0.27400049 -0.594 -0.594 -0.23836749 -0.238 -0.238 -0.238 -0.23817321 -0.85433857 -0.934 -0.934 -0.934 -1.284 -1.284 -1.284 -0.812 -0.812 -0.812 -0.81194173 -0.50700296 -0.4 -0.4 -0.4 -0.004087571 0.073959675 0.074 0.074 0.074 -0.21471533 -0.15200025 -0.152 -0.152 -0.152 -0.24600438 -0.246 -0.246 -0.416 -0.416 0.13799769 0.13799997 0.052 0.052 0.198 0.198 0.198 0.368 0.39797318
-0.01599874 -0.016 -0.016000009 -0.274 -0.274 -0.274 -0.274 -0.28200009 -0.5927525 -0.23783497 -0.238 -0.238 -0.238 -0.23936574 -0.934 -0.934 -0.934 -0.9340001 -1.284 -1.284 -1.284 -0.812 -0.812 -0.812 -0.604 -0.604 -0.498 -0.498 -0.498 -0.49487956 0.074 0.074 0.074 0.074 -0.038937993 -0.152 -0.152 -0.152 -0.152 -0.246 -0.246 -0.246 -0.23391789 0.138 0.138 0.138 0.052 0.052 0.198 0.198 0.198 0.39799999 0.398
0.39 0.18743595 -0.276 -0.27599942 -0.274 -0.28195371 -0.282 -0.282 -0.21859812 -0.056000001 -0.056 -0.056 -0.056 -0.99796934 -0.998 -0.93400005 -0.934 -0.94322199 -1.284 -1.284 -1.284 -1.12 -1.12 -1.12 -0.604 -0.604 -0.498 -0.498 -0.498 -0.49799965 -0.017999415 -0.017999742 0.071687718 0.07390137 -0.41743728 -0.418 -0.418 -0.418 -0.418 -0.246 -0.246 -0.246 0.11685541 0.138 0.138 0.1379999 0.052 0.052 0.052005256 0.198 0.19799624 0.114 0.398
-0.01792252 -0.018000045 -0.276 -0.276 -0.276 -0.282 -0.282 -0.282 -0.108 -0.108 -0.056 -0.056 -0.056 -0.998 -0.998 -0.998 -0.998 -0.99803149 -1.284 -1.284 -1.284 -1.12 -1.12 -1.12 -0.604 -0.604 -0.498 -0.498 -0.498 -0.023412035 -0.018 -0.018 -0.018 -0.018 -0.41780262 -0.418 -0.418 -0.418 -0.418 -0.77199986 -0.772 -0.772 -0.772 0.13799555 -0.442 -0.442 -0.442 -0.018 -0.018 -0.018 0.114 0.114 0.114
-0.018 -0.018 -0.276 -0.276 -0.276 -0.28196846 -0.282 -0.108 -0.108 -0.108 -0.056006401 -0.056 -0.72767652 -0.99799997 -0.998 -0.998 -0.998 -1.184 -1.184 -1.184 -1.236 -1.2359999 -1.1200006 -1.12 -1.1197863 -1.004 -1.004 -1.0039988 -0.49808177 0.067982861 0.067999542 0.067984986 -0.017853017 -0.017925783 -0.34670297 -0.41800011 -0.41895845 -0.704 -0.704 -0.772 -0.772 -0.772 -0.772 -0.442 -0.442 -0.442 -0.442 -0.018 -0.018 -0.018 0.114 0.114 0.114
-0.018 -0.018 -0.276 -0.276 -0.276 -0.276 -0.21687688 -0.108 -0.108 -0.108 -0.10842533 -0.878 -0.878 -0.878 -0.99729281 -0.998 -1.1827605 -1.184 -1.184 -1.184 -1.236 -1.236 -1.236 -1.236 -1.004 -1.004 -1.004 -1.004 -1.004 0.068 0.068 0.068 0.068 0.067999692 -0.078 -0.704 -0.704 -0.704 -0.704 -0.7040014 -1.136 -1.136 -1.136 -0.97459337 -0.64 -0.64 -0.64 -0.018000018 -0.018000171 -0.194 -0.194 2.7733485e-05 7.5344066e-31
-0.018 -0.018 -0.18288012 -0.276 -0.276 -0.27600002 -1.2519664 -0.11161156 -0.108 -0.108 -0.87800004 -0.878 -0.878 -0.878 -0.878 -0.88788153 -1.184 -1.184 -1.184 -1.184 -1.2359996 -1.236 -1.236 -1.236 -1.004 -1.004 -1.004 -1.004 -1.004 -0.36502846 0.068 0.068 0.068 -0.078 -0.078 -0.078486105 -0.704 -0.704 -0.59256985 -0.50600002 -1.136 -1.136 -1.136 -0.97540973 -0.64 -0.64 -0.64 -0.196 -0.19402492 -0.194 -0.194 -3.9411103e-18 1.1016797e-119
-0.968 -0.968 -0.968 -0.44950342 -0.27769239 -1.254 -1.254 -1.254 -1.254 -1.082 -1.082 -0.87800001 -0.878 -0.878 -0.878 -0.87801939 -1.184 -1.184 -1.184 -1.184 -1.2133089 -1.236 -1.236 -1.2299285 -1.004 -1.004 -1.004 -1.004 -0.518 -0.518 -0.518 -0.51799754 -0.078 -0.078 -0.078 -0.078 -0.506 -0.506 -0.506 -0.506 -0.738 -0.738 -0.738 -0.29000901 -0.29 -0.29 -0.29000011 -0.196 -0.196 -0.19400244 -0.194 2.7226822e-07 6.5422768e-29
-0.968 -0.968 -0.968 -0.96802488 -1.43 -1.4044067 -1.254 -1.254 -1.254 -1.082 -1.082 -1.082 -0.73600001 -0.736 -0.736 -0.73600001 -1.1837985 -1.184 -1.184 -1.184 -1.1847758 -1.0040006 -1.004 -1.004 -1.004 -1.004 -0.9 -0.9 -0.518 -0.518 -0.518 -0.518 -0.078000166 -0.078 -0.078 -0.078018734 -0.50599999 -0.506 -0.506 -0.50388555 -0.738 -0.738 -0.738 -0.29002077 -0.29 -0.29 -0.29 -0.196 -0.196 -0.19599997 0.054 0.054 0.294
-0.968 -0.968 -0.968 -1.4299989 -1.43 -1.43 -1.2540001 -1.254 -1.254 -1.082 -1.082 -1.082 -0.736 -0.736 -0.736 -0.76174193 -1.074 -1.074 -1.0740003 -1.1833787 -1.004 -1.004 -1.004 -1.004 -1.004 -1.0039217 -0.9 -0.9 -0.9 -0.518 -0.518 -0.51799485 -0.308 -0.308 -0.308 0.013999999 0.014 -0.024 -0.024 -0.024 0.384 -0.73764806 -0.7379921 0.32 0.32 0.29688169 -0.28999823 -0.196 -0.196 0.054 0.054 0.054 0.294
-0.968 -0.968 -0.968 -1.43 -1.43 -1.43 -1.43 -1.254 -1.254 -1.082 -1.082 -0.74983501 -0.736 -0.736 -0.736 -1.074 -1.074 -1.074 -1.074 -1.074 -1.004 -1.004 -1.004 -1.004 -1.004 -0.90000035 -0.9 -0.9 -0.9 -0.51 -0.51 -0.51 -0.308 -0.308 -0.308 0.014 0.014 -0.024 -0.024 0.384 0.384 0.384 0.32 0.32 0.32 0.32 0.32460025 0.376 0.376 0.376 0.054000008 0.468 0.468
-0.968 -0.968 -0.96864336 -1.43 -1.43 -1.43 -1.43 -1.0853717 -1.068 -1.068024 -1.082 -0.73600687 -0.736 -0.736 -0.73600117 -1.074 -1.074 -1.074 -1.074 -1.074 -0.92728602 -1.004 -1.004 -1.004 -1.0040173 -0.90001058 -0.9 -0.9 -0.9 -0.51 -0.51 -0.51 -0.50997089 -0.308 0.014 0.014 0.014 0.013998463 -0.023972175 0.384 0.384 0.384 0.32000389 0.32 0.32 0.32 0.37600018 0.376 0.376 0.376 0.468 0.468 0.468
-1.11 -1.1099998 -1.4297457 -1.43 -1.43 -1.43 -1.068077 -1.068 -1.068 -1.068 -0.81800001 -0.818 -0.818 -0.818 -1.0728184 -1.074 -1.074 -1.074 -1.074 -0.92400009 -0.924 -0.924 -1.088 -1.088 -1.088 -1.088 -1.0717732 -0.9 -0.51601573 -0.516 -0.516 -0.516 -0.516 0.049999999 0.05 0.05 0.05 0.05 0.144 0.144 0.144 0.144 0.144 0.39388845 0.394 0.394 0.394 0.376 0.376 0.376 0.46798551 0.468 0.468
-1.11 -1.11 -1.1080912 -0.8820011 -0.88200012 -0.88218171 -1.068 -1.068 -1.068 -1.068 -0.818 -0.818 -0.818 -0.818 -0.818 -1.074 -1.074 -1.074 -0.92400004 -0.924 -0.924 -0.924 -1.088 -1.088 -1.088 -1.088 -1.088 -1.0879596 -0.51590964 -0.516 -0.516 -0.516 -0.5159637 0.084014097 0.05003522 0.05 0.05 0.050000001 0.144 0.144 0.144 0.144 0.144 0.394 0.394 0.394 0.394 0.38558285 0.376 0.6330992 0.636 0.422 0.422
-1.11 -1.11 -0.88202888 -0.882 -0.882 -0.882 -0.92924322 -1.068 -1.068 -1.068 -0.818 -0.818 -0.818 -0.818 -0.818 -1.0738051 -1.074 -0.92404398 -0.924 -0.924 -0.924 -0.924 -1.0272451 -1.088 -1.088 -1.088 -1.088 -1.0874293 -0.282 -0.282 -0.282 -0.282 -0.282 0.11 0.11 0.11 0.11 0.11 0.082 0.082 0.082 0.082 0.082000001 0.3940586 0.39400001 0.394 0.39400407 0.39452436 0.636 0.636 0.636 0.4220012 0.422
-1.11 -1.0903899 -0.88200003 -0.882 -0.882 -0.882 -0.882 -1.0679208 -1.068 -1.068 -0.818 -0.818 -0.818 -0.818 -1.0370247 -1.042 -1.042 -0.92400304 -0.924 -0.924 -0.924 -0.924 -0.92400007 -1.088 -1.088 -1.088 -1.088 -0.57399974 -0.57399986 -0.5118553 -0.282 -0.282 -0.282 0.11 0.11 0.11 0.11 0.11000813 0.082 0.082 0.082 0.082 0.082019614 0.418 0.418 0.418 0.418 0.41801758 0.636 0.636 0.636 0.6359999 0.46535199
-1.09 -1.09 -0.99437413 -0.882 -0.882 -0.882 -0.882 -0.882 -1.0679202 -0.866 -0.866 -0.866 -0.86588609 -1.0419997 -1.042 -1.042 -1.042 -1.042 -0.92400307 -0.95025856 -1.18 -1.18 -1.18 -1.15579 -1.0731132 -0.99345697 -0.92605533 -0.574 -0.574 -0.574 -0.574 -0.574 -0.56186232 0.11573733 0.122 0.122 0.122 0.122 0.13009043 0.33799954 0.338 0.338 0.338 0.30800032 0.41799997 0.418 0.418 0.558 0.63599875 0.636 0.636 0.466 0.466
-1.09 -1.09 -0.704 -0.704 -0.704 -0.88194071 -0.882 -0.882 -0.866 -0.866 -0.866 -0.866 -0.866 -1.042 -1.042 -1.042 -1.042 -1.042 -1.18 -1.18 -1.18 -1.18 -1.18 -0.90200001 -0.902 -0.902 -0.902 -0.574 -0.574 -0.574 -0.574 -0.574 -0.436 -0.436 0.122 0.122 0.122 0.10400307 0.104 0.338 0.338 0.338 0.33800003 0.308 0.308 0.308 0.558 0.558 0.558 0.396 0.396 0.466 0.466
-1.09 -1.09 -0.704 -0.704 -0.704 -0.704 -0.70400034 -0.766 -0.86590585 -0.866 -0.866 -0.866 -0.866 -1.0398046 -1.042 -1.042 -1.042 -1.042 -1.18 -1.18 -1.18 -1.18 -1.18 -0.902 -0.902 -0.902 -0.902 -0.90199868 -0.574 -0.574 -0.574 -0.43600724 -0.436 -0.436 -0.436 0.122 0.104 0.104 0.104 0.11015698 0.50997373 0.542 0.542 0.308 0.308 0.308 0.558 0.558 0.558 0.396 0.396 0.396 0.44245137
-0.774 -0.77400248 -0.704 -0.704 -0.704 -0.704 -0.766 -0.766 -0.766 -0.866 -0.866 -0.866 -0.866 -0.86605471 -1.042 -1.042 -1.042 -1.042 -1.1799974 -1.18 -1.18 -1.18 -0.95096738 -0.902 -0.902 -0.902 -0.902 -0.97599994 -0.976 -0.976 -0.57830938 -0.436 -0.436 -0.436 -0.43599941 0.17999999 0.104 0.104 0.104 0.104 0.542 0.542 0.542 0.994 0.994 0.994 1.0059564 0.558 0.558 0.396 0.396 0.396 0.43999986
