interpolatedSpi/04-04|20_1.tif
NCOLS 53
NROWS 52
XLLCORNER -116.03883
YLLCORNER 28.596182
DX 0.49850594
DY 0.49788537
NODATA_VALUE -9999
-1.47 -1.47 -1.6419658 -2.04 -1.57 -0.9 -0.96 -1.22 -1.5551466 -1.64 -1.28 -1.16 -0.80000823 -0.9 -1.07 -1.07 -1.07 -0.42 -0.22 -0.22 -0.22 -0.22000491 -0.73 -0.34 -0.34 -0.34 0.77000349 0.77 0.77 1.04 1.04 1.04 1.04 0.48000011 0.48 0.48 0.48 0.48 0.48 0.48000004 2.1124159 2.1294168 -0.16 -0.16 -0.16 -0.16 -0.16289101 -1.93 -1.93 -1.93 -0.070003863 -0.07 -0.07 
-1.469992 -1.29 -1.6599989 -1.6439617 -1.4105786 -1.68 -1.26 -1.4200287 -1.87 -1.47 -1.03 -0.8 -0.8 -0.35183396 -0.89999486 -1.07 -0.42 -0.42 -0.22026077 -0.22 -0.22 -0.22 -0.35210653 -0.34 -0.34 -0.34 -0.49999999 -0.5 1.04 1.04 1.04 1.04 1.04 0.48000008 0.48 0.48 0.48 0.48 0.47999996 0.44181517 0.28998442 -0.10539626 -0.16 -0.16 -0.16 -0.16 -0.16 -1.93 -1.93 -1.93 -1.775767 -0.07 -0.07 
0.55990423 0.56 -0.67 -0.2 -1.65 -1.46 -1.32 -1.64 -1.86 -1.38 -1.16 -1.32 -1.02 -0.72 -0.35 -0.03 -0.42 -0.42 -0.42 -0.010061048 -0.01 -0.01 -0.57 -0.34 -0.34 -0.34 -0.5 -0.5 -0.5 1.04 1.04 1.0399999 0.24568989 0.47793173 0.47469452 -0.084776822 -0.09 -0.09 -0.042206015 0.29 0.29 0.28942456 -0.16 -0.16 -0.16 -0.16 -0.16 -1.93 -1.93 -1.93 -1.93 -0.07 -0.07 
0.77 0.55999996 0.379928 -0.7 -1.21 -1.33 -1.44 -1.8 -1.74 -1.0314865 -0.67 -0.32 -0.87 -0.72 -0.14 -0.03 -0.40709264 -0.41000701 -0.45 -0.01 -0.01 -0.74 -0.57 -0.57 -0.34 -0.3400008 -0.5 -0.5 -0.5 -0.24 -0.44301076 -0.61 -0.61 -0.60999959 -0.09 -0.09 -0.09 -0.09 0.29 0.29 0.29 0.28999998 -0.16 -0.16 -0.16 -0.16 -0.16 -1.9299777 -1.93 -1.93 -1.93 -0.070044096 -0.070000001 
0.77 -0.61999817 0.38 -0.33435205 -1.21 -2 -1.2400616 -1.26 -1.34 -1.1699998 -1.3317966 -1.4098911 -0.65 -0.14 -0.14 -0.072369501 -0.41 -0.41 -0.45 -0.45 -0.010001521 -0.74 -1.54 -0.24 -0.04 -0.040103019 -0.5 -0.5 -0.24 -0.24 -0.61 -0.61 -0.61 -0.55154213 -0.09 -0.09 -0.09 0.29 0.29 0.29 0.29 0.29003958 -0.15999999 -0.16 -0.16 -0.16 -0.16 -0.17575519 -1.93 -1.9299771 -1.42 -1.42 -1.42 
-1.16 -0.79 0.32999996 -0.31 -0.88 -1.39 -1.15 -1.1640832 -0.74 -1.2 -1.56 -0.6 -0.60000003 -0.24 -0.24 0.1299831 0.13 -0.41 -0.41 -0.45000014 -1.35 -1.35 -0.24 -0.04 -0.04 -0.48 -0.86 -0.86 -0.94993481 -0.24 -0.61 -0.61 -0.3 -0.29992163 0.44994595 -0.74 -0.74 -0.028654013 0.29 0.29 0.69948864 0.7 0.70000058 -0.44488071 -0.44996795 -0.44999992 -0.44999999 -0.4499999 -1.7324004 -1.42 -1.42 -1.42 -1.42 
-1.8300053 -0.71 -0.87540208 -0.14 0.02 -1.5 -1.41 -1.45 -1.67 -1.67 -1.56 -1.19 -0.78999999 -0.24 0.059999101 0.06 0.13 -0.84 -0.61 -0.61 -1.3877012 -1.43 -1.43 -0.68999999 -0.48 -0.48 -0.86 -0.86 -0.94996853 -0.94942062 0.35762032 -0.3 -0.3 0.45 0.45 -0.65830399 -0.74 -0.74 -0.3100149 0.69999859 0.7 0.7 0.7000017 -0.44999827 -0.45 -0.45 -0.45 -0.45000079 -1.78 -1.4200713 -1.42 -1.42 -1.42 
-1.83 -1.64 -0.41 -0.87 -0.82000287 -0.76 -1.13 -1.53 -1.16 -1.18 -1.18 -0.73 -0.79 -0.79 0.054168212 -0.66860558 -0.74 -0.4 -0.34000028 -0.61 -1.542359 -1.55 -1.31 0.16999999 0.16999807 0.02 -1.2 -1.1999999 -0.41189224 -0.40999999 0.36 0.58758064 0.4 0.45 0.45313733 -0.59 -0.59 -0.31 -0.31 0.7 0.7 0.70000001 -0.13562708 -0.14000002 -0.45 -0.45 -0.45 -1.7799494 -1.78 -1.78 -1.42 -1.42 -1.42 
-1.5732452 -1.64 -0.71 0.1 -0.57 -1.02 -0.92 0.6 -1 -0.78469184 -0.77 -1.12 -1.12 -0.97 -0.96999944 -0.84969342 -0.85 -0.85 -0.39084092 -1.9499999 -1.46 -1.46 -1.23 -1.2784733 0.035116039 0.02 -0.73 -1.2 -0.45435825 -0.45 0.64 0.45 0.36941547 0.3 0.56 0.56 0.2 0.15 0.33991227 0.70120522 0.97 0.45 -0.13992999 -0.14 -0.14174485 -0.45 -0.67999999 -1.78 -1.78 -1.78 -1.78 -1.370197 -0.93 
-1.2 -1.2 -0.84 -0.82 -0.92 -0.3 -0.37 -0.61 -0.44 -0.72991108 -1.04 -0.88 -0.97 -0.97 -0.91 -0.90917707 -0.85 -0.85002094 -0.92 -1.95 -1.95 -1.8868715 -1.23 -2.1999816 -2.2 -2.2 -0.73 -1 -1 -0.45 -0.45 0.44969654 0.29 0.3 0.86 0.56 0.2 -0.35 0.34 0.88108613 0.45000002 0.3912257 0.29 -0.14 -0.14 -0.68 -0.68 -0.68 -1.78 -1.78 -1.02 -1.02 -1.02 
-1.2 -1.2 -1.56 -1.39 -0.42 -0.11 -0.90999999 -0.19985459 -0.45 -0.25 -0.92 -0.73 -0.87980044 -0.91 -0.91 -0.91002653 -1.14 -1.1284534 -0.92 -1.66 -1.66 -1.79 -1.79 -2.2 -2.2 -2.2 -1 -1 -1 -1.52 -1.52 -1.519997 0.54 0.54 0.28 0.45 0.53 -0.92999719 -0.1 0.89 0.89 0.32999987 0.29 -0.14 -0.74999991 -0.79 -0.63021534 -0.63 -1.23 -1.23 -1.02 -1.02 -1.02 
-1.2 -1.3554137 -1.4874549 -0.94999235 -0.32 -0.81 -0.91 -0.2 -0.44999791 -0.25221576 -0.72999938 -0.73 -0.69 -0.91 -0.91 -1.14 -1.14 -1.1399875 -0.92 -1.66 -1.6855294 -1.79 -1.79 -2.199983 -2.2 -1.8088237 -1.01 -1.01 -1.01 -1.52 -1.52 -0.42 -0.42 0.53999929 0.28 -0.049999793 0.34879969 -0.93 -0.93 0.88999998 0.33 0.33 0.32999218 -0.75 -0.75 -0.79 -0.63 -0.63 -1.23 -1.23 -1.02 -1.02 -1.02 
-1.13 -0.25029141 -0.14004661 -0.14586077 -0.32000242 -0.80998843 -0.91 -0.2087397 -0.43277244 -0.44477747 -0.69 -0.69 -0.69 -0.69 -0.90996884 -1.14 -1.14 -1.1371594 -0.92 -1.6598796 -1.26 -1.26 -1.26 -1.26 -2.1830951 -1.01 -1.01 -1.01 -1.01 -1.0102781 -0.42 -0.42 -0.42 -0.42 -0.05 -0.05 -0.05 -0.88718424 -0.92459241 -0.21 -0.21 0.32997095 -0.86999589 -0.75001156 -0.75 -0.79 -0.63 -0.63 -1.23 -1.23 -1.0207619 -1.02 -1.7224544 
-1.13 -0.14 -0.14 -0.14 -0.14 -0.14000028 -0.9097439 -0.57408685 -0.38681091 -0.68973648 -0.69 -0.69 -0.69 -0.69 -0.68999981 -1.14 -1.14 -1.1249095 -0.92000417 -1.26 -1.26 -1.26 -1.26 -1.26 -1.2556756 -0.97367654 -0.94000001 -0.94 -0.94 -0.94 -0.42000001 -0.42 -0.42000008 -0.49 -0.49 -0.05 0.018053421 0.02 -0.20999987 -0.21 -0.21 -0.21 -0.87 -0.87 -0.87 -0.86944327 -0.96782107 -0.97 -0.97 -0.97 -0.97 0.50999968 0.51 
-1.04 -0.14 -0.14 -0.14 -0.14 -0.14 -0.14000005 -0.87671438 -0.42995333 -0.43 -0.43 -0.43 -0.43 -0.43 -0.43 -1.0473213 -1.1387109 -1.1098746 -1.2599573 -1.26 -1.26 -1.26 -1.26 -1.2599993 -1.06 -1.06 -1.0599998 -0.94 -0.94 -0.94002002 -0.95 -0.95 -0.49 -0.49 -0.49 -0.061696387 0.02 0.02 0.02 -0.21 -0.21 -0.21 -0.87 -0.87 -0.87 -0.87 -0.97 -0.97 -0.97 -0.97 -0.97 0.51 0.51 
-1.04 -0.70494022 -0.14 -0.14 -0.14 -0.14 -1.20979 -1.21 -1.21 -0.43 -0.43 -0.43 -0.43 -0.43 -0.56898241 -1.06 -1.06 -1.06 -0.7017057 -0.70000057 -0.7 -0.7 -0.7 -0.7 -1.06 -1.06 -1.06 -1.06 -0.94 -0.95 -0.95 -0.95 -0.49000004 -0.49 -0.49 0.16 0.020185364 0.02 0.02 -0.21007929 -0.36856047 -0.73841595 -0.87 -0.87 -0.67061721 -0.67 -0.67 -0.96850478 -0.063180038 -0.060000079 -0.060000172 -0.039916756 0.50999888 
-1.04 -0.69939999 -0.41832532 -0.14 -0.14 -1.2093678 -1.21 -1.21 -1.21 -1.2043791 -0.43 -0.43 -0.43 -0.43000008 -1.06 -1.06 -1.06 -1.06 -0.70032158 -0.7 -0.7 -0.7 -0.7 -0.7 -1.06 -1.06 -1.06 -1.06 -1.0595999 -0.95 -0.95 -0.95 -0.61000001 -0.48993678 0.16 0.16 0.16 0.15548262 -0.69187206 -0.74 -0.74 -0.74 -1.02 -1.02 -0.67 -0.67 -0.67 -0.060000007 -0.06 -0.06 -0.06 -0.04 -0.04 
-0.69017737 -0.69 -0.69 -0.69 -0.93 -1.2099928 -1.21 -1.21 -1.21 -1.21 -0.42015823 -0.42999831 -0.43 -1.06 -1.06 -1.06 -1.06 -1.06 -1.0147332 -0.7 -0.7 -0.7 -0.7 -0.7 -0.88551802 -0.91000081 -0.91 -0.91 -0.91 -0.94999998 -0.61000001 -0.61 -0.61 -0.61 0.16 0.1599892 -0.25 -0.25 -0.73388162 -0.74 -0.74 -0.74 -1.02 -1.02 -0.72419205 -0.67 -0.67 -0.06 -0.06 -0.06 -0.059785548 -0.04 -0.04 
-0.69 -0.69 -0.69 -0.80301958 -0.93 -0.93 -1.21 -1.21 -1.21 -1.21 -0.3 -0.3 -0.3 -1.06 -1.06 -1.06 -1.06 -1.0599091 -0.79 -0.79 -0.70000004 -0.7 -0.70097383 -0.74 -0.74153043 -0.91 -0.91 -0.91 -0.91 -0.61003055 -0.61 -0.61 -0.61 -0.61 -0.24999856 -0.25 -0.25 -0.25 -0.2517941 -0.74 -0.74 -0.74 -1.02 -1.02 -1.02 -0.67 -0.67 -0.060000023 -0.06 -0.060000002 -0.04 -0.04 -0.04 
-0.69 -0.69 -0.69 -0.93 -0.93 -0.93 -0.93000043 -1.21 -1.21 -0.30093938 -0.3 -0.3 -0.3 -0.30047351 -0.61481767 -0.51 -0.51 -0.51 -0.79 -0.79 -0.79 -0.74 -0.74 -0.74 -0.73997479 -0.77362368 -0.91 -0.91 -0.91 -1.056034 -1.1499469 -1.15 -1.15 -1.15 -0.76191739 -1.4799972 -1.48 -1.48 -1.48 -1.3199206 -1.32 -1.32 -1.02 -1.02 -1.1699994 -1.17 -1.13 -1.13 -0.87 -0.87 -0.87 -0.04 -1.059088 
-0.69000022 -0.69 -0.69000001 -0.93 -0.93 -0.93 -0.92999999 -0.37000024 -1.2066414 -0.29917483 -0.3 -0.3 -0.3 -0.30041208 -0.51 -0.51 -0.51 -0.51000008 -0.79 -0.79 -0.79 -0.74 -0.74 -0.74 -0.65 -0.65 -0.84 -0.84 -0.84 -0.84169115 -1.15 -1.15 -1.15 -1.15 -1.3149094 -1.48 -1.48 -1.48 -1.48 -1.32 -1.32 -1.32 -1.3152804 -1.17 -1.17 -1.17 -1.13 -1.13 -0.87 -0.87 -0.87 -1.06 -1.06 
-0.76 -0.73304035 -0.76 -0.76004932 -0.93 -0.37324014 -0.37 -0.37 -0.35178107 0.60999998 0.61 0.61 0.61 0.090016927 0.089999997 -0.50999954 -0.51 -0.51737759 -0.79 -0.79 -0.79 -0.79 -0.79 -0.79 -0.65 -0.65 -0.84 -0.84 -0.84 -0.84000037 -1.3499987 -1.3499994 -1.1550267 -1.1502144 -1.6494293 -1.65 -1.65 -1.65 -1.65 -1.32 -1.32 -1.32 -1.1782596 -1.17 -1.17 -1.1700001 -1.13 -1.13 -1.1299906 -0.87 -0.87002728 -1.48 -1.06 
-1.0699411 -1.0699999 -0.76 -0.76 -0.76 -0.37 -0.37 -0.37 -0.32 -0.32 0.61 0.61 0.61 0.09 0.09 0.09 0.09 0.08990006 -0.79 -0.79 -0.79 -0.79 -0.79 -0.79 -0.65 -0.65 -0.84 -0.84 -0.84 -1.3442497 -1.35 -1.35 -1.35 -1.35 -1.649852 -1.65 -1.65 -1.65 -1.65 -1.46 -1.46 -1.46 -1.46 -1.1700031 -1.57 -1.57 -1.57 -1.4 -1.4 -1.4 -1.48 -1.48 -1.48 
-1.07 -1.07 -0.76 -0.76 -0.76 -0.37204991 -0.37 -0.32 -0.32 -0.32 0.60988552 0.61 -0.37054967 0.089999845 0.09 0.09 0.09 -0.35 -0.35 -0.35 -0.72 -0.72000005 -0.78999966 -0.79 -0.79018597 -1.17 -1.17 -1.1699992 -0.84005333 -1.4599781 -1.4599994 -1.4599808 -1.350188 -1.3500949 -1.5966409 -1.6500001 -1.6507373 -1.87 -1.87 -1.46 -1.46 -1.46 -1.46 -1.57 -1.57 -1.57 -1.57 -1.4 -1.4 -1.4 -1.48 -1.48 -1.48 
-1.07 -1.07 -0.76 -0.76 -0.76 -0.76 -0.35128646 -0.32 -0.32 -0.32 -0.32014914 -0.59 -0.59 -0.59 0.085992603 0.09 -0.34706795 -0.35 -0.35 -0.35 -0.72 -0.72 -0.72 -0.72 -1.17 -1.17 -1.17 -1.17 -1.17 -1.46 -1.46 -1.46 -1.46 -1.4600005 -1.69 -1.87 -1.87 -1.87 -1.87 -1.87 -1.92 -1.92 -1.92 -1.6466553 -1.08 -1.08 -1.08 -1.4 -1.3999996 -0.98 -0.98 -0.45025057 -0.45 
-1.07 -1.07 -0.87188823 -0.76 -0.76 -0.76000002 -1.6077109 -0.32406537 -0.32 -0.32 -0.59000022 -0.59 -0.59 -0.59 -0.59 -0.53422689 -0.35 -0.35 -0.35 -0.35 -0.71999714 -0.72 -0.72 -0.72 -1.17 -1.17 -1.17 -1.17 -1.17 -1.5338956 -1.46 -1.46 -1.46 -1.69 -1.69 -1.6901398 -1.87 -1.87 -1.7405609 -1.64 -1.92 -1.92 -1.92 -1.6483938 -1.08 -1.08 -1.08 -0.99 -0.9801246 -0.98 -0.98 -0.45 -0.45 
-1.09 -1.09 -1.09 -0.84274007 -0.76039545 -1.61 -1.61 -1.61 -1.61 -1.63 -1.63 -0.59000007 -0.59 -0.59 -0.59 -0.58998482 -0.35 -0.35 -0.35 -0.35 -0.558544 -0.72 -0.72 -0.71842977 -0.68270972 -1.17 -1.17 -1.17 -1.56 -1.56 -1.56 -1.5599996 -1.69 -1.69 -1.69 -1.69 -1.64 -1.64 -1.64 -1.64 -0.82 -0.82 -0.82 -0.59000462 -0.59 -0.59 -0.59000016 -0.99 -0.99 -0.98001218 -0.98 -0.44999768 -0.45 
-1.09 -1.09 -1.09 -1.0899962 -1.02 -1.1057957 -1.61 -1.61 -1.61 -1.63 -1.63 -1.63 -1.39 -1.39 -1.39 -1.39 -0.35185014 -0.35 -0.35 -0.35 -0.35560724 -0.66000016 -0.66 -0.66 -0.66 -0.66000002 -1.38 -1.38 -1.56 -1.56 -1.56 -1.56 -1.6900002 -1.69 -1.69 -1.6900228 -1.64 -1.64 -1.64 -1.6391665 -0.82 -0.82 -0.82 -0.59001067 -0.59 -0.59 -0.59 -0.99 -0.99 -0.98999987 0.01 0.01 1.18 
-1.09 -1.09 -1.09 -1.0200002 -1.02 -1.02 -1.6099998 -1.61 -1.61 -1.63 -1.63 -1.63 -1.39 -1.39 -1.39 -1.3877152 -1.36 -1.36 -1.3599974 -0.35570475 -0.66 -0.66 -0.66 -0.66 -0.66 -0.66054184 -1.38 -1.38 -1.38 -1.56 -1.56 -1.5603154 -1.97 -1.97 -1.97 -1.57 -1.57 -1.45 -1.45 -1.45 0.1 -0.81971142 -0.8199959 -0.27 -0.27 -0.28212764 -0.58999983 -0.99 -0.99 0.01 0.01 0.01 1.18 
-1.09 -1.09 -1.09 -1.02 -1.02 -1.02 -1.02 -1.61 -1.61 -1.63 -1.63 -1.3995965 -1.39 -1.39 -1.39 -1.36 -1.36 -1.36 -1.36 -1.36 -0.66 -0.66 -0.66 -0.66 -0.66 -1.3799975 -1.38 -1.38 -1.38 -2.05 -2.05 -2.05 -1.97 -1.97 -1.97 -1.57 -1.57 -1.45 -1.45 0.1 0.1 0.1 -0.27 -0.27 -0.27 -0.27 -0.25603495 -0.1 -0.1 -0.1 0.010000013 0.71 0.71 
-1.09 -1.09 -1.0899025 -1.02 -1.02 -1.02 -1.02 -0.36311188 -0.33 -0.33223192 -1.63 -1.3900067 -1.39 -1.39 -1.3899999 -1.36 -1.36 -1.36 -1.36 -1.36 -1.8971394 -0.66 -0.66 -0.66 -0.66019155 -1.3800118 -1.38 -1.38 -1.38 -2.05 -2.05 -2.05 -2.0499903 -1.97 -1.57 -1.57 -1.57 -1.5699949 -1.4498943 0.1 0.1 0.1 -0.26997754 -0.27 -0.27 -0.27 -0.099995806 -0.1 -0.1 -0.1 0.71 0.71 0.71 
0.69 0.68999689 -1.0199764 -1.02 -1.02 -1.02 -0.33014682 -0.33 -0.33 -0.33 -1.47 -1.47 -1.47 -1.47 -1.3605077 -1.36 -1.36 -1.36 -1.36 -1.9499996 -1.95 -1.95 -1.5899998 -1.59 -1.59 -1.59 -1.5718743 -1.38 -2.2699635 -2.27 -2.27 -2.27 -2.27 -1.28 -1.28 -1.28 -1.28 -1.28 -0.26 -0.26 -0.26 -0.26 -0.26 0.31911062 0.32 0.32 0.32 -0.1 -0.1 -0.1 0.70987239 0.71 0.71 
0.69 0.69 0.68782266 0.42999709 0.42999968 0.4292581 -0.33 -0.33 -0.33 -0.33 -1.47 -1.47 -1.47 -1.47 -1.47 -1.36 -1.36 -1.36 -1.9499999 -1.95 -1.95 -1.95 -1.59 -1.59 -1.59 -1.59 -1.59 -1.5899562 -2.2694941 -2.27 -2.27 -2.27 -2.2697968 -0.94552804 -1.2796537 -1.28 -1.28 -1.28 -0.26 -0.26 -0.26 -0.26 -0.26 0.32 0.32 0.32 0.32 0.12359979 -0.1 0.11754548 0.12 0.01 0.01 
0.69 0.69 0.43003293 0.43 0.43 0.43 0.23696321 -0.33 -0.33 -0.33 -1.47 -1.47 -1.47 -1.47 -1.47 -1.3600816 -1.36 -1.949827 -1.95 -1.95 -1.95 -1.95 -1.7233643 -1.59 -1.59 -1.59 -1.59 -1.5895536 -0.96 -0.96 -0.96 -0.96 -0.96 -0.69 -0.69 -0.69 -0.69 -0.69 -0.23 -0.23 -0.23 -0.23 -0.23 0.32056158 0.32000012 0.32 0.32003899 0.32466234 0.12 0.12 0.12 0.010000616 0.01 
0.69000053 0.97434617 0.43000008 0.43 0.43 0.43 0.43 -0.3296764 -0.33 -0.33 -1.47 -1.47 -1.47 -1.47 -1.1473297 -1.14 -1.14 -1.9499792 -1.95 -1.95 -1.95 -1.95 -1.9499998 -1.59 -1.59 -1.59 -1.59 -0.49000048 -0.49000022 -0.59002742 -0.96 -0.96 -0.96 -0.69 -0.69 -0.69 -0.69 -0.68981036 -0.23 -0.23 -0.23 -0.23 -0.22994714 0.55 0.55 0.55 0.55 0.54996532 0.12 0.12 0.12 0.11999979 -0.22646542 
0.98 0.98 0.83983926 0.43 0.43 0.43 0.43 0.43 -0.32967495 0.079999994 0.08 0.08 0.076321533 -1.1400005 -1.14 -1.14 -1.14 -1.14 -1.94999 -1.8648648 -1.12 -1.12 -1.12 -1.2360724 -1.5251705 -1.1782804 -0.88540751 -0.49 -0.49 -0.49 -0.49 -0.49 -0.51347829 -0.41718301 -0.41 -0.41 -0.41 -0.41 -0.1003814 0.45999876 0.46 0.46 0.46 0.36000056 0.54999995 0.55 0.55 0.31 0.12000304 0.12 0.12 -0.23 -0.23 
0.98 0.98 0.72 0.72 0.72 0.4300966 0.43 0.43 0.08 0.08 0.08 0.08 0.08 -1.1399999 -1.14 -1.14 -1.14 -1.14 -1.12 -1.12 -1.12 -1.12 -1.12 -0.78000002 -0.78 -0.78 -0.78 -0.49 -0.49 -0.49 -0.49 -0.49 -1.05 -1.05 -0.41 -0.41 -0.41 -0.51998127 -0.52 0.46 0.46 0.46 0.45999999 0.36 0.36 0.36 0.31 0.31 0.31 0.18 0.18 -0.23 -0.23 
0.98 0.98 0.72 0.72 0.72 0.72 0.71999698 0.17 0.080084738 0.08 0.08 0.08 0.08 -1.1247816 -1.14 -1.14 -1.14 -1.14 -1.12 -1.12 -1.12 -1.12 -1.12 -0.78 -0.78 -0.78 -0.78 -0.77999886 -0.49 -0.49 -0.49 -1.0499706 -1.05 -1.05 -1.05 -0.41 -0.52 -0.52 -0.52 -0.49421436 0.38412924 0.37 0.37 0.36 0.36 0.36 0.31 0.31 0.31 0.18 0.18 0.18 0.19568669 
1.75 1.749994 0.72 0.72 0.72 0.72 0.17 0.17 0.17 0.08 0.08 0.08 0.08 0.079620739 -1.14 -1.14 -1.14 -1.14 -1.12 -1.12 -1.12 -1.12 -0.83987654 -0.78 -0.78 -0.78 -0.78 -1.2099996 -1.21 -1.21 -0.49774846 -1.05 -1.05 -1.05 -1.0499996 -0.63000001 -0.52 -0.52 -0.52 -0.51999999 0.37 0.37 0.37 0.79 0.79 0.79 0.56997468 0.31 0.31 0.18 0.18 0.18 0.24000061 
1.75 1.75 0.72 0.72 0.72 0.17 0.17 0.17 0.17 0.089847236 0.079999999 0.08 0.079999999 0.079995595 -0.5100725 -0.51 -0.51 -0.51 -0.56840867 -0.24 -0.24 -0.24 -0.24 -0.78 -0.78 -0.78 -0.78002836 -1.21 -1.21 -1.21 -1.21 -1.0500024 -0.81376215 -0.63 -0.63 -0.63 -0.51813386 -0.02001041 -0.02 -0.02 0.37021149 0.63999999 0.64 0.79 0.79 0.78999907 0.57 0.57 0.27 0.27 0.27 0.92 0.46 
1.75 1.75 0.63 0.63 0.63 0.17 0.17 0.17 0.17 -0.53 -0.53 -0.53 -0.53 -0.52859055 -0.51 -0.51 -0.51 -0.51 -0.58 -0.24 -0.24 -0.24 -0.24 -0.7 -0.70000003 -0.77999988 -1.21 -1.21 -1.21 -1.21 -1.189749 -1.17 -0.69425259 -0.63 -0.63 -0.63 -0.02 -0.02 -0.02 -0.02 0.64 0.64 0.64 0.75996216 0.76 0.57085404 0.57 0.57 0.27000239 0.27 0.92 0.92 0.46 
1.75 0.63000001 0.63 0.63 0.63 0.63 0.16425546 -0.57 -0.57 -0.53 -0.53 -0.53 -0.53 -0.52999526 -0.51 -0.51 -0.51 -0.51316282 -0.58 -0.58 -0.24 -0.24 -0.7 -0.7 -0.7 -0.7 -1.21 -1.21 -1.21 -1.21 -1.17 -1.17 -1.17 -0.63054644 -0.63 -0.63 -0.02 -0.02 -0.02 -0.02 0.64 0.64 0.64 0.76 0.76 0.7599966 0.7 0.7 0.76 0.76 0.92 0.92 0.46 
0.64051819 0.63 0.63 0.63 0.63 0.63 -0.57 -0.57 -0.57 -0.54859033 -0.53 -0.53 -0.53 -0.52999858 -0.51 -0.51 -0.51 -0.58 -0.58 -0.58 -0.24001699 -0.24000281 -0.7 -0.7 -0.7 -0.7 -1.2099637 -1.21 -1.21 -1.1700092 -1.17 -1.17 -1.17 -1.17 -0.63098198 -0.41 -0.41 -0.40325037 -0.02 -0.02 0.63999942 0.64 0.75651098 0.76 0.76 0.70000002 0.7 0.7 0.76 0.76 1.18 1.18 0.91 
0.63 0.63 0.63 0.63 0.63 0.63 -0.57 -0.57 -0.57 -0.57 -0.46000202 -0.46 -0.46 -0.46 -0.51000113 -0.77922416 -0.93 -0.93 -0.58064522 -0.58 -0.57999993 -0.69999933 -0.7 -0.7 -0.7 -0.7 -0.7003708 -1.21 -1.2099986 -1.17 -1.17 -1.17 -1.17 -1.17 -0.41 -0.41 -0.41 -0.41 -0.41 -0.40999622 0.61 0.61 0.61000018 1.15 1.15 1.15 1.14 1.14 1.01 1.01 1.18 1.1799994 0.91 
0.63 0.63 0.63 0.63 0.63 0.63 -0.57 -0.57 -0.57 -0.46 -0.46 -0.46 -0.46 -0.46 -0.58389087 -0.93 -0.93 -0.93 -0.93 -0.93 -0.91328865 -0.7 -0.7 -0.7 -0.7 -0.71727056 -1.2491382 -1.2154451 -1.1701973 -1.17 -1.17 -1.17 -1.17 -1.1699983 -0.41 -0.41 -0.41 -0.41 -0.41 0.06450163 0.61 0.61 0.61 1.15 1.15 1.15 1.14 1.14 1.01 1.01 0.68000001 0.89731234 0.91 
0.63 0.63 0.63 0.63 0.63 0.62999964 -0.56999972 -0.57 -0.56543439 -0.46 -0.46 -0.46 -0.46 -0.46 -0.48254409 -0.93 -0.93 -0.93 -0.93 -0.93 -0.93 -1.1649082 -1.2499992 -1.25 -1.25 -1.25 -1.25 -1.25 0.0013861265 0.01998591 0.019999973 0.02 0.02 0.019999688 -0.41 -0.41 -0.41 -0.41 -0.41 0.60999988 0.61 0.61 0.61 0.61000024 1.1501603 1.25 1.14 0.48159094 1.0095269 0.68 0.68 0.68 0.68 
0.63 0.63 0.63 0.63 0.63 0.62992334 -0.56993528 -0.56999334 -0.46000014 -0.46 -0.46 -0.46 -0.46 -0.46 -0.4689431 -0.93 -0.93 -0.93 -0.93 -0.93 -0.93 -1.25 -1.25 -1.25 -1.25 -1.25 -1.25 -1.25 0.019649422 0.02 0.02 0.02 0.02 0.02 -0.097819958 -0.41 -0.41 -0.41 -0.41 0.61 0.61 0.61 0.61 0.61016395 1.25 1.25 1.2451113 0.47 0.47 0.68 0.68 0.68 0.68 
0.63 0.63 0.63 0.63 0.62999999 0.62839964 -0.56857245 -0.47241278 -0.46 -0.46 -0.46 -0.46 -0.46 -0.46 -0.46822816 -0.93 -0.93 -0.93 -0.93 -0.93 -0.97556219 -1.25 -1.25 -1.25 -1.25 -1.25 -1.25 -1.25 0.019994906 0.02 0.02 0.02 0.02 0.02 0.02 -0.19898548 0.12901141 0.30836093 0.33565533 0.58878804 0.60999999 0.61 0.61 1.2499489 1.25 1.2450456 0.42000024 0.47 0.47 0.41991713 0.42 0.42 0.67999988 
0.63 0.63 0.63 0.63 0.62999878 0.61999252 -0.55208257 -0.46003025 -0.46 -0.46 -0.46 -0.46 -0.46 -0.46 -0.47097522 -0.93 -0.93 -0.93 -0.93 -0.93 -1.2499986 -1.25 -1.25 -1.25 -1.25 -1.25 -1.25 -1.25 0.019999653 0.02 0.02 0.02 0.02 0.02 0.020000066 0.35 0.35 0.35 0.35 0.28 0.28 0.28 0.28 0.4200024 0.42 0.42 0.42 0.41999587 0.04 0.04 0.42 0.42 0.19020791 
0.63 0.63 0.63 0.62999991 0.62996649 0.59747174 -0.46548012 -0.46000144 -0.46 -0.46 -0.46 -0.46 -0.46 -0.46 -0.4759547 -0.92999981 -0.93 -0.93 -0.93 -0.93192594 -1.25 -1.25 -1.25 -1.25 -1.25 -1.25 -1.25 -1.25 0.019999716 0.02 0.02 0.02 0.02 0.02 0.3499997 0.35 0.35 0.35 0.35 0.28 0.28 0.28 0.28 0.3177854 0.42 0.42 0.42 0.040004251 0.04 0.04 0.09 0.09 0.09 
0.63 0.63 0.62999994 0.62999728 0.6296718 0.51310621 -0.46016423 -0.46000036 -0.46 -0.46 -0.46 -0.46 -0.46 -0.46000003 -0.48269997 -0.92998895 -0.93 -0.93 -0.93000037 -1.2435163 -1.25 -1.25 -1.25 -1.25 -1.25 -1.25 -1.25 -1.25 0.01999881 0.02 0.02 0.02 0.02 0.27621467 0.35000001 0.35 0.35 0.35 0.35 0.28 0.28 0.28 0.28 0.28 0.42 0.42 0.42 0.040000004 0.04 0.04 0.09 0.09 0.09 
0.62999999 0.62999992 0.62999886 0.62996787 0.62806088 -0.0091617776 -0.45999867 -0.46000022 -0.46 -0.46 -0.46 -0.46 -0.46 -0.46000088 -0.49071956 -0.92982835 -0.92999999 -0.93000001 -0.9316568 -1.2499728 -1.25 -1.25 -1.25 -1.25 -1.25 -1.25 -1.25 -1.2499993 0.019992043 0.02 0.020000248 0.33923074 0.37 0.37 0.37 0.35 0.35 0.35 0.35 0.28 0.28 0.28 0.28 0.28 0.41999752 0.42 0.41999981 0.040000027 0.04 0.040000027 0.09 0.09 0.09 
