interpolatedSpi/04-09|22_1.tif
NCOLS 53
NROWS 52
XLLCORNER -116.03883
YLLCORNER 28.596182
DX 0.49850594
DY 0.49788537
NODATA_VALUE -9999
[rows 0 to 26 of 52, columns 0 to 52 of 53]
-0.2 -0.2 -0.34242246 -0.42 -0.14428571 -0.11 -0.24428571 -0.22857143 -0.46111398 -0.45285714 -0.65142857 -0.4 -0.3657117 -0.33428571 -0.34571429 -0.34571429 -0.34571429 0.14285714 -0.13 -0.13 -0.13 -0.13000339 -0.48142857 -0.031428571 -0.031428571 -0.031428571 -0.2428577 -0.24285714 -0.24285714 -0.22571429 -0.22571429 -0.22571429 -0.22571429 0.082857081 0.082857143 0.082857143 0.082857143 0.082857143 0.082857143 0.082857145 0.16059179 0.16139593 0.032857143 0.032857143 0.032857143 0.032857143 0.032871143 0.041428571 0.041428571 0.041428571 0.44428488 0.44428571 0.44428571
-0.20002298 -0.71714286 -0.36285732 -0.31565866 -0.18574735 -0.12714286 -0.23285714 -0.043144216 -0.35714286 -0.52428571 -0.38142857 -0.36571429 -0.36571429 0.031632916 -0.33428138 -0.34571429 0.14285714 0.14285714 -0.12964423 -0.13 -0.13 -0.13 -0.029323088 -0.031428571 -0.031428571 -0.031428571 -0.20285713 -0.20285714 -0.22571429 -0.22571429 -0.22571429 -0.22571429 -0.22571429 0.082857098 0.082857143 0.082857143 0.082857143 0.082857143 0.082857164 0.18782331 0.74137725 0.11883641 0.032857143 0.032857143 0.032857143 0.032857143 0.032857143 0.041428571 0.041428571 0.041428571 0.074833871 0.44428571 0.44428571
-0.28284603 -0.28285714 -0.51714286 -0.16714286 -0.31857143 -0.39 -0.23857143 -0.18 -0.75857143 -0.31285714 -0.48714286 -0.38285714 -0.32714286 0.21571429 0.032857143 -0.32857143 0.14285714 0.14285714 0.14285714 0.0328098 0.032857143 0.032857143 0.0085714286 -0.031428571 -0.031428571 -0.031428571 -0.20285714 -0.20285714 -0.20285714 -0.22571429 -0.22571429 -0.22571428 -0.15350428 0.083288003 0.085489939 0.36312233 0.36571429 0.36571429 0.41296924 0.74142857 0.74142857 0.74052249 0.032857143 0.032857143 0.032857143 0.032857143 0.032857143 0.041428571 0.041428571 0.041428571 0.041428572 0.44428571 0.44428571
-0.62285714 -0.28285721 -0.59855939 0.22 -0.72285714 -0.29571429 -0.32428571 -0.49142857 -0.39714286 -0.13600768 -0.31 -0.21 -0.30714286 0.21571429 -0.49285714 -0.32857143 -0.51570011 -0.51668042 -0.52 0.032857143 0.032857143 -0.32428571 0.0085714286 0.0085714286 -0.031428571 -0.031429428 -0.20285714 -0.20285714 -0.20285714 -0.34857143 -0.19886079 -0.075714286 -0.075714286 -0.075713937 0.36571429 0.36571429 0.36571429 0.36571429 0.74142857 0.74142857 0.74142857 0.74142854 0.032857143 0.032857143 0.032857143 0.032857143 0.032857143 0.041428463 0.041428571 0.041428571 0.041428571 0.44427951 0.44428571
-0.62285714 0.017141728 -0.59857143 -0.3110969 -0.72285714 -0.65142857 -0.28858537 0.12428571 -0.29571429 0.044285506 -0.15560239 -0.25000409 -0.27857143 -0.49285714 -0.49285714 -0.38589657 -0.51714286 -0.51714286 -0.52 -0.52 0.032856401 -0.32428571 0.29714286 0.012857143 -0.22714286 -0.22699084 -0.20285714 -0.20285714 -0.34857143 -0.34857143 -0.075714286 -0.075714286 -0.075714286 -0.024530004 0.36571429 0.36571429 0.36571429 0.74142857 0.74142857 0.74142857 0.74142857 0.74140347 0.032857149 0.032857143 0.032857143 0.032857143 0.032857143 0.032933439 0.041428571 0.041438116 0.25428571 0.25428571 0.25428571
-1.7542857 -0.46428571 -0.58285715 -0.43285714 -0.61142857 -0.49285714 -0.61285714 -0.51848175 -0.21142857 -0.60285714 -0.79857143 -0.44142857 -0.44142846 -0.38142857 -0.38142857 -0.54280368 -0.54285714 -0.44714286 -0.44714286 -0.51999979 -0.60571429 -0.60571429 0.012857143 -0.22714286 -0.22714286 0.42285714 0.11857143 0.11857143 0.24565976 -0.34857143 -0.075714286 -0.075714286 0.19571429 0.19577056 0.73424715 0.76428571 0.76428571 0.74849995 0.74142857 0.74142857 0.48175285 0.48142857 0.48143011 0.15915893 0.16141436 0.16142854 0.16142857 0.16142853 0.41390335 0.25428571 0.25428571 0.25428571 0.25428571
-0.95286258 -0.72714286 -0.56687828 -0.62142857 -0.52571429 -0.80714286 -0.35571428 -0.24714286 -0.20285714 -0.20285714 -0.79857143 -0.35428571 -0.75428561 -0.38142857 -0.32142875 -0.32142857 -0.54285714 -0.22428571 -0.27857143 -0.27857143 -0.55926103 -0.50714286 -0.50714286 0.23857142 0.42285714 0.42285714 0.11857143 0.11857143 0.24568989 0.24526519 0.42529263 0.19571429 0.19571429 0.73428571 0.73428571 0.80241052 0.76428571 0.76428571 0.78142798 0.48142899 0.48142857 0.48142857 0.48143675 0.16142991 0.16142857 0.16142857 0.16142857 0.16142875 0.45428571 0.25432535 0.25428571 0.25428571 0.25428571
-0.95285714 -0.3 -0.095714286 -1.0442857 -0.84572567 -0.67428571 -0.67 -0.31714286 -0.44714286 -0.40428571 -0.40428571 -0.38428571 -0.75428571 -0.75428571 -0.32439837 -0.70915082 -0.74714286 -0.19857143 -0.59142825 -0.27857143 -0.19875654 -0.15 -0.65285714 0.011428569 0.011427761 -0.051428571 0.12428571 0.12428571 -0.17139041 -0.17285713 0.42714286 0.05484149 0.39428571 0.73428571 0.73204476 0.83428571 0.83428571 0.78142857 0.78142857 0.48142857 0.48142857 0.48142859 0.40340445 0.40142856 0.16142857 0.16142857 0.16142857 0.45427457 0.45428571 0.45428571 0.25428571 0.25428571 0.25428571
-0.38192639 -0.3 0.33142857 -0.31285714 -0.65428571 -0.56571429 -0.49142857 0.034285714 -0.20571429 -0.26153492 -0.27857143 -0.44571429 -0.44571429 -0.018571429 -0.018576574 -0.71580188 -0.71571429 -0.71571429 -0.25854168 -0.55000004 -0.72428571 -0.72428571 -0.22142857 -0.48283823 -0.045094231 -0.051428571 0.071428571 0.12428571 0.32596405 0.32714286 -0.04 0.66 0.40241689 0.28142857 0.65571429 0.73857143 0.85428571 0.37 1.0696768 0.48431727 1.1285714 0.70714286 0.40146625 0.40142857 0.40007772 0.16142857 0.54857141 0.45428572 0.45428571 0.45428571 0.45428571 0.23898909 0.13428571
-0.84 -0.84 0.23428571 -0.10428571 -0.46285714 -0.33857143 -0.46428571 -0.38571429 -0.41571429 -0.2757711 -0.22857143 0.034285714 -0.018571429 -0.018571429 -0.56571429 -0.5677716 -0.71571429 -0.71561302 -0.27142857 -0.55 -0.55 -0.57245384 -0.22142857 0.09570828 0.095714286 0.095714286 0.071428571 0.44 0.44 0.32714286 0.32714286 0.65903002 0.14857143 0.28142857 0.46571429 0.73857143 0.85428571 0.88857143 1.07 0.40945323 0.70714288 0.67985479 0.63285714 0.40142857 0.40142857 0.54857143 0.54857143 0.54857143 0.45428571 0.45428571 0.13142857 0.13142857 0.13142857
-0.84 -0.84 -0.14142857 -0.31 -0.49714286 -0.32714286 -0.49428571 -0.16286753 -0.10571429 -0.16 -0.23714286 -0.46714286 0.033618087 -0.56571429 -0.56571429 -0.56567968 -0.26571429 -0.2660142 -0.27142857 -0.45428571 -0.45428571 -0.43142857 -0.43142857 0.095714286 0.095714286 0.095714286 0.44 0.44 0.44 -0.25714286 -0.25714286 -0.25714219 0.26714286 0.26714286 0.14142857 0.062857143 0.77571429 0.63571602 0.66285714 0.39857143 0.39857143 0.32428673 0.63285714 0.40142857 0.41142856 0.40142857 0.61684754 0.61714286 0.74571429 0.74571429 0.13142857 0.13142857 0.13142857
-0.84 -0.53837254 -0.21336401 -0.34427991 0.17285714 -0.30857143 -0.49428571 -0.16285714 -0.10571476 -0.15939858 -0.46714246 -0.46714286 -0.32285714 -0.56571429 -0.56571429 -0.2657143 -0.26571429 -0.26571461 -0.27142857 -0.45428571 -0.44979704 -0.43142857 -0.43142857 0.095693176 0.095714286 0.058615935 -0.017142857 -0.017142857 -0.0171428 -0.25714286 -0.25714286 -0.21714286 -0.21714286 0.26714251 0.14142857 0.31142865 0.78602239 0.63571429 0.63571429 0.39857143 0.32428571 0.32428571 0.32428639 0.41142857 0.41142857 0.40142857 0.61714286 0.61714286 0.74571429 0.74571429 0.13142857 0.13142857 0.13142857
0.18142857 0.057839303 0.077128622 0.074096088 0.17285452 -0.30856006 -0.49428571 -0.16693684 -0.10965201 -0.10713183 -0.32285714 -0.32285714 -0.32285714 -0.32285714 -0.56567988 -0.26571429 -0.26571429 -0.26578807 -0.27142857 -0.45424364 -0.31285714 -0.31285714 -0.31285714 -0.31285714 0.088708652 -0.017142857 -0.017142857 -0.017142857 -0.017142857 -0.017321181 -0.21714286 -0.21714286 -0.21714286 -0.21714286 0.31142857 0.31142857 0.31142857 0.6203166 0.63177662 0.11142857 0.11142857 0.32427427 0.25714814 0.41141371 0.41142857 0.40142857 0.61714286 0.61714286 0.74571428 0.74571429 0.13365713 0.13142857 0.356311
0.18142857 0.077142857 0.077142857 0.077142857 0.077142857 0.077142698 -0.49381025 -0.33745862 -0.12015752 -0.32262461 -0.32285714 -0.32285714 -0.32285714 -0.32285714 -0.32285698 -0.26571429 -0.26571429 -0.26610625 -0.27142863 -0.31285714 -0.31285714 -0.31285714 -0.31285714 -0.31285714 -0.30717388 -0.10163349 -0.15571426 -0.15571429 -0.15571429 -0.15571429 -0.21714286 -0.21714286 -0.21714293 -0.27571429 -0.27571429 0.31142857 0.018382209 0.01 0.11142851 0.11142857 0.11142857 0.11142857 0.25714286 0.25714286 0.25714286 0.25814695 0.56174627 0.56142857 0.56142857 0.56142857 0.56142857 0.53285706 0.53285714
0.38142857 0.077142857 0.077142857 0.077142857 0.077142857 0.077142857 0.077142821 -0.33056965 -0.097306669 -0.097142857 -0.097142857 -0.097142857 -0.097142857 -0.097142857 -0.097142859 0.13937377 -0.25920829 -0.26649669 -0.31285193 -0.31285714 -0.31285714 -0.31285714 -0.31285714 -0.31285662 -0.05 -0.05 -0.050000149 -0.15571429 -0.15571429 -0.1557572 -0.17714286 -0.17714286 -0.27571429 -0.27571429 -0.27571429 -0.035768314 0.01 0.01 0.01 0.11142857 0.11142857 0.11142857 0.25714286 0.25714286 0.25714286 0.25714286 0.56142856 0.56142857 0.56142857 0.56142857 0.56142857 0.53285714 0.53285714
0.38142857 0.26814646 0.077142857 0.077142857 0.077142857 0.077142857 -0.11710473 -0.11714286 -0.11714286 -0.097142857 -0.097142857 -0.097142857 -0.097142857 -0.097142857 -0.043882025 0.14428571 0.14428571 0.14428571 0.13434846 0.13571383 0.13571429 0.13571429 0.13571429 0.13571429 -0.05 -0.05 -0.05 -0.05 -0.15571429 -0.17714286 -0.17714286 -0.17714286 -0.27571428 -0.27571429 -0.27571429 0.021428571 0.010015132 0.01 0.01 0.11137654 0.0075735982 -0.23467675 0.25714286 0.25714286 -0.06471793 -0.065714286 -0.065714286 0.56022712 -0.16602041 -0.16857136 -0.16857129 0.07007 0.5328562
0.38142857 0.019975607 0.04316548 0.077142857 0.077142857 -0.11702806 -0.11714286 -0.11714286 -0.11714286 -0.11699873 -0.097142857 -0.097142857 -0.097142857 -0.097142828 0.14428571 0.14428571 0.14428571 0.14428571 0.13572194 0.13571429 0.13571429 0.13571429 0.13571429 0.13571429 -0.049999996 -0.05 -0.05 -0.05 -0.050462464 -0.17714286 -0.17714286 -0.17714286 -0.0028571471 -0.27567747 0.021428571 0.021428571 0.021428571 0.020297056 -0.22015426 -0.23571429 -0.23571429 -0.23571429 -0.22428571 -0.22428571 -0.065714286 -0.065714286 -0.065714286 -0.16857143 -0.16857143 -0.16857143 -0.16857143 0.07 0.07
0.010276696 0.01 0.01 0.0099999975 -0.24 -0.11714603 -0.11714286 -0.11714286 -0.11714286 -0.11714286 -0.063614954 -0.097137086 -0.097142844 0.14428571 0.14428571 0.14428571 0.14428571 0.14428571 0.1384733 0.13571429 0.13571429 0.13571429 0.13571429 0.13571429 -0.092364388 -0.31856997 -0.31857143 -0.31857143 -0.31857143 -0.17714285 -0.0028571458 -0.0028571429 -0.0028571429 -0.0028571429 0.021428571 0.021425863 -0.081428571 -0.081428571 -0.2337878 -0.23571429 -0.23571429 -0.23571429 -0.22428571 -0.22428571 -0.090266603 -0.065714286 -0.065714286 -0.16857143 -0.16857143 -0.16857143 -0.16601332 0.07 0.07
0.01 0.01 0.01 -0.10772873 -0.24 -0.24 -0.11714286 -0.11714286 -0.11714286 -0.11714286 0.34571429 0.34571429 0.34571429 0.14428571 0.14428571 0.14428571 0.14428571 0.14428359 0.062857143 0.062857143 0.13571426 0.13571429 0.13251455 0.0042857144 0.001379172 -0.31857143 -0.31857143 -0.31857143 -0.31857143 -0.0028892904 -0.0028571429 -0.0028571429 -0.0028571429 -0.0028571429 -0.08142821 -0.081428571 -0.081428571 -0.081428571 -0.081982463 -0.23571429 -0.23571429 -0.23571429 -0.22428571 -0.22428571 -0.22428571 -0.065714286 -0.065714286 -0.16857142 -0.16857143 -0.16857143 0.07 0.07 0.07
0.01 0.01 0.01 -0.24 -0.24 -0.24 -0.23999981 -0.11714286 -0.11714286 0.34523648 0.34571429 0.34571429 0.34571429 0.34558879 0.13387885 0.13142857 0.13142857 0.13142857 0.062857143 0.062857143 0.062857143 0.0042857143 0.0042857143 0.0042857143 0.0042260868 -0.26087375 -0.31857143 -0.31857143 -0.31857143 -0.14722483 -0.17141199 -0.17142857 -0.17142857 -0.17142857 -0.16281341 -0.27714241 -0.27714286 -0.27714286 -0.27714286 -0.47282469 -0.47285714 -0.47285714 -0.22428571 -0.22428571 -0.22285715 -0.22285704 0.058571429 0.058571429 -0.0057142857 -0.0057142857 -0.0057142857 0.07 0.32834023
0.0099993837 0.01 0.009999991 -0.24 -0.24 -0.24 -0.24 -0.24857139 -0.11766836 0.34534639 0.34571429 0.34571429 0.34571429 0.3452938 0.13142857 0.13142857 0.13142857 0.13142855 0.062857143 0.062857143 0.062857143 0.0042857143 0.0042857143 0.0042857143 -0.20857143 -0.20857143 -0.30857143 -0.30857143 -0.30857143 -0.30782327 -0.17142857 -0.17142857 -0.17142857 -0.17142857 -0.22425672 -0.27714286 -0.27714286 -0.27714286 -0.27714286 -0.47285714 -0.47285714 -0.47285714 -0.46499119 -0.22285714 -0.22285714 -0.22285714 0.058571429 0.058571429 -0.0057142856 -0.0057142857 -0.0057142857 0.32857142 0.32857143
-0.18857143 -0.099090274 -0.17857143 -0.17858925 -0.24 -0.24852183 -0.24857143 -0.24857143 -0.31936499 -0.060000009 -0.06 -0.06 -0.06 0.16427841 0.16428571 0.1314286 0.13142857 0.12962182 0.062857143 0.062857143 0.062857143 -0.29857143 -0.29857143 -0.29857143 -0.20857143 -0.20857143 -0.30857143 -0.30857143 -0.30857143 -0.30857149 -0.38714149 -0.38714225 -0.17685023 -0.17165983 -0.48250129 -0.48285714 -0.48285714 -0.48285714 -0.48285714 -0.47285714 -0.47285714 -0.47285714 -0.23662295 -0.22285714 -0.22285714 -0.22285714 0.058571429 0.058571429 0.058569114 -0.0057142857 -0.0057052786 0.19571429 0.32857143
-0.20285443 -0.20285714 -0.17857143 -0.17857143 -0.17857143 -0.24857143 -0.24857143 -0.24857143 -0.44285714 -0.44285714 -0.06 -0.06 -0.06 0.16428571 0.16428571 0.16428571 0.16428571 0.16427433 0.062857143 0.062857143 0.062857129 -0.29857143 -0.29857143 -0.29857143 -0.20857143 -0.20857143 -0.30857143 -0.30857143 -0.30857143 -0.38625696 -0.38714286 -0.38714286 -0.38714286 -0.38714286 -0.48280991 -0.48285714 -0.48285714 -0.48285714 -0.48285714 -0.50428571 -0.50428571 -0.50428571 -0.50428571 -0.22285698 -0.20142857 -0.20142857 -0.20142857 0.11142857 0.11142857 0.11142857 0.19571429 0.19571429 0.19571429
-0.20285714 -0.20285714 -0.17857143 -0.17857143 -0.17857143 -0.2482035 -0.24857143 -0.44285714 -0.44285714 -0.44285714 -0.06004713 -0.06 0.018210509 0.16428568 0.16428571 0.16428571 0.16428571 0.075714286 0.075714286 0.075714286 -0.37285714 -0.37285709 -0.29857179 -0.29857143 -0.29871385 -0.58142857 -0.58142857 -0.58142792 -0.30861552 -0.66565877 -0.6657128 -0.66566565 -0.38761896 -0.38738326 -0.46599093 -0.48285726 -0.48383379 -0.77428571 -0.77428571 -0.50428571 -0.50428571 -0.50428571 -0.50428571 -0.20142857 -0.20142857 -0.20142857 -0.20142857 0.11142857 0.11142857 0.11142857 0.19571429 0.19571429 0.19571429
-0.20285714 -0.20285714 -0.17857143 -0.17857143 -0.17857143 -0.17857143 -0.3212869 -0.44285714 -0.44285714 -0.44285714 -0.44259279 0.035714286 0.035714286 0.035714286 0.16352801 0.16428571 0.076304504 0.075714286 0.075714286 0.075714286 -0.37285714 -0.37285714 -0.37285714 -0.37285714 -0.58142857 -0.58142857 -0.58142857 -0.58142857 -0.58142857 -0.66571429 -0.66571429 -0.66571429 -0.66571429 -0.66571409 -0.57142857 -0.77428571 -0.77428571 -0.77428571 -0.77428571 -0.77428418 -0.33285714 -0.33285714 -0.33285714 -0.25615306 -0.097142857 -0.097142857 -0.097142857 0.11142857 0.11142844 -0.028571429 -0.028571429 0.32568266 0.32571429
-0.20285714 -0.20285714 -0.18733687 -0.17857143 -0.17857143 -0.17857143 -0.18331852 -0.44203777 -0.44285714 -0.44285714 0.035714287 0.035714286 0.035714286 0.035714286 0.035714286 0.046258822 0.075714286 0.075714286 0.075714286 0.075714286 -0.37285367 -0.37285714 -0.37285714 -0.37285714 -0.58142857 -0.58142857 -0.58142857 -0.58142857 -0.58142857 -0.74383254 -0.66571429 -0.66571429 -0.66571429 -0.57142857 -0.57142857 -0.5715861 -0.77428571 -0.77428571 -0.57650926 -0.42285717 -0.33285714 -0.33285714 -0.33285714 -0.25773975 -0.097142857 -0.097142857 -0.097142857 -0.35857143 -0.032683196 -0.028571429 -0.028571429 0.32571429 0.32571429
-0.16428571 -0.16428571 -0.16428571 -0.17498961 -0.17855705 -0.18285714 -0.18285714 -0.18285714 -0.18285714 0.04142857 0.041428571 0.035714286 0.035714286 0.035714286 0.035714286 0.035716813 0.075714286 0.075714286 0.075714286 0.075714286 -0.17711512 -0.37285714 -0.37285714 -0.37151124 -0.33300608 -0.58142857 -0.58142857 -0.58142857 -0.77142857 -0.77142857 -0.77142857 -0.77142813 -0.57142857 -0.57142857 -0.57142857 -0.57142857 -0.42285714 -0.42285714 -0.42285714 -0.42285714 -0.22571429 -0.22571429 -0.22571429 -0.26999911 -0.27 -0.27 -0.26999995 -0.35857143 -0.35857143 -0.028973515 -0.028571429 0.32571254 0.32571429
