interpolatedSpi/04-06|20_2.tif
NCOLS 53
NROWS 52
XLLCORNER -116.03883
YLLCORNER 28.596182
DX 0.49850594
DY 0.49788537
NODATA_VALUE -9999
[rows 0 to 38 of 52, columns 0 to 52 of 53]
0.7625 0.7625 0.15164531 -0.11 0.185 0.15 0.6175 0.2675 -0.01620243 -0.165 0.005 0.145 -0.092453475 0.4725 -0.3575 -0.3575 -0.3575 0.485 0.5125 0.5125 0.5125 0.5124968 0.18 -0.06 -0.06 -0.06 0.43750269 0.4375 0.4375 0.39 0.39 0.39 0.39 0.83999991 0.84 0.84 0.84 0.84 0.84 0.84000001 1.0898085 1.0921627 -0.2325 -0.2325 -0.2325 -0.2325 -0.23214475 -0.015 -0.015 -0.015 0.82999825 0.83 0.83
0.76246923 0.07 0.31750073 0.37523795 0.61221348 0.7425 0.5575 0.34047606 0.1275 0.1825 -0.0075 -0.0925 -0.0925 0.37283345 0.47249146 -0.3575 0.485 0.485 0.51246414 0.5125 0.5125 0.5125 -0.073290866 -0.06 -0.06 -0.06 -0.022500003 -0.0225 0.39 0.39 0.39 0.39 0.39 0.83999993 0.84 0.84 0.84 0.84 0.83999995 0.70752241 0.050036327 -0.19822075 -0.2325 -0.2325 -0.2325 -0.2325 -0.2325 -0.015 -0.015 -0.015 0.055068209 0.83 0.83
1.6074489 1.6075 0.9475 1.44 0.535 0.4575 0.5025 7.9487152e-56 -0.0975 -0.08 0.38 -0.8125 -0.29 -0.2275 0.3725 0.0675 0.485 0.485 0.485 0.53999201 0.54 0.54 -0.3125 -0.06 -0.06 -0.06 -0.0225 -0.0225 -0.0225 0.39 0.39 0.38999995 -0.11547007 0.83723103 0.83306564 0.10182679 0.095 0.095 0.089340186 0.05 0.05 0.049638754 -0.2325 -0.2325 -0.2325 -0.2325 -0.2325 -0.015 -0.015 -0.015 -0.014999998 0.83 0.83
1.05 1.6074998 0.69497855 0.7725 0.1675 0.39 0.8775 -0.4075 0.1625 0.007322264 -0.235 -0.395 -0.3175 -0.2275 0.155 0.0675 -0.059024504 -0.059618141 -0.2025 0.54 0.54 -0.9375 -0.3125 -0.3125 -0.06 -0.059999813 -0.0225 -0.0225 -0.0225 -0.925 -0.7796004 -0.66 -0.66 -0.65999941 0.095 0.095 0.095 0.095 0.05 0.05 0.05 0.049999989 -0.2325 -0.2325 -0.2325 -0.2325 -0.2325 -0.015002744 -0.015 -0.015 -0.015 0.82992896 0.83
1.05 0.4775004 0.695 0.61146055 0.1675 0.2875 0.010031954 0.0625 0.215 0.0075001424 -0.12171339 -0.18244879 0.175 0.155 0.155 0.094450713 -0.06 -0.06 -0.2025 -0.2025 0.53999701 -0.9375 -1.03 -0.2675 -0.135 -0.1351666 -0.0225 -0.0225 -0.925 -0.925 -0.66 -0.66 -0.66 -0.6661285 0.094999999 0.095 0.095 0.05 0.05 0.05 0.05 0.049967421 -0.2325 -0.2325 -0.2325 -0.2325 -0.2325 -0.23056398 -0.015 -0.015059637 -1.345 -1.345 -1.345
-0.765 0.5975 0.88 0.3375 0.375 0.64 0.3325 0.29793227 0.61 -0.0525 0.26 0.0525 0.052500081 -0.2525 -0.2525 -0.28249517 -0.2825 -0.4375 -0.4375 -0.20250073 -1.3575 -1.3575 -0.2675 -0.135 -0.135 -0.8475 -1.43 -1.43 -0.3850494 -0.925 -0.66 -0.66 -0.6925 -0.69244201 -0.13754002 -1.1 -1.1 -0.30577875 0.05 0.05 -0.28707906 -0.2875 -0.28749954 -1.1927444 -1.209892 -1.2099997 -1.21 -1.2099996 -2.5978623 -1.345 -1.345 -1.345 -1.345
-0.11500261 0.5 -0.093208105 0.635 1.175 0.19 0.2 0.205 0.065 0.065 0.26 0.295 -0.90249989 -0.2525 -0.26249997 -0.2625 -0.2825 -0.7675 -1.035 -1.035 -1.2172987 -1.06 -1.06 -1.1525 -0.8475 -0.8475 -1.43 -1.43 -0.38501603 -0.38529505 0.47897433 -0.6925 -0.6925 -0.1375 -0.1375 -1.1381248 -1.1 -1.1 -1.4999861 -0.28750169 -0.2875 -0.2875 -0.287498 -1.2099967 -1.21 -1.21 -1.21 -1.210001 -2.9025 -1.3453087 -1.345 -1.345 -1.345
-0.115 -0.45 0.24 -0.285 -0.55498452 -0.105 -0.125 -0.21999999 -0.11 -0.0625 -0.0625 -0.5675 -0.9025 -0.9025 -0.26689099 -0.6518486 -0.69 -0.3475 -0.85000019 -1.035 -1.6403532 -1.6325 -1.73 -0.78 -0.78000074 -0.8375 -1.4625 -1.4625 -0.65903636 -0.65999998 0.4825 0.12321175 0.09 -0.1375 -0.15696572 -1.17 -1.17 -1.5 -1.5 -0.2875 -0.2875 -0.2875 -0.61570804 -0.61750003 -1.21 -1.21 -1.21 -2.9024356 -2.9025 -2.9025 -1.345 -1.345 -1.345
-0.44582782 -0.44999999 -0.075 0.17 0.0225 -0.3875 0.02 0.8825 0.2475 0.43689143 -0.265 -0.4875 -0.4875 -0.635 -0.63499861 -1.0116012 -1.0125 -1.0125 -0.42420741 -1.73 -1.725 -1.725 -1.6675 -1.7053698 -0.83170552 -0.8375 -1.2125 -1.4625 -0.69697447 -0.6925 0.1325 0.4875 0.095908947 -1.015 -0.82 -0.95 -0.99 -0.6575 -0.62751385 -0.28656261 -0.0775 -0.375 -0.61745564 -0.6175 -0.62083491 -1.21 -1.7375 -2.9025 -2.9025 -2.9025 -2.9025 -1.3776832 -1.4475
-0.4225 -0.4225 0.06 -0.0325 0.0975 0.04 0.0325 0.225 0.675 0.48499753 -0.035 -0.175 -0.635 -0.635 -0.4875 -0.49470061 -1.0125 -1.0124401 -0.76 -1.73 -1.73 -1.7293558 -1.6675 -1.6575002 -1.6575 -1.6575 -1.2125 -0.5525 -0.5525 -0.6925 -0.6925 0.48602538 -0.29 -1.015 -0.675 -0.95 -0.99 -1.45 -0.6275 0.40302312 -0.37499999 -0.36397982 -0.345 -0.6175 -0.6175 -1.7375 -1.7375 -1.7375 -2.9025 -2.9025 -1.6075 -1.6075 -1.6074999
-0.4225 -0.4225 -0.81 -0.7825 -0.42 0.035 -0.33499999 0.2699247 -0.0425 0.0525 -0.165 -0.4375 -0.17535015 -0.4875 -0.4875 -0.48751932 -0.655 -0.66051089 -0.76 -0.4725 -0.4725 -1 -1 -1.6575 -1.6575 -1.6575 -0.5525 -0.5525 -0.5525 -0.8975 -0.8975 -0.897499 -0.46 -0.46 -0.8025 -1.18 -0.6375 -1.2500006 -1.41 0.42 0.42 -0.39249984 -0.345 -0.6175 -1.1274999 -1.075 -0.69202211 -0.6875 -1.2 -1.2 -1.6075 -1.6075 -1.6075
-0.4225 -0.58983352 -0.79826477 -1.0399835 -0.585 -0.7175 -0.335 0.27 -0.04249739 0.051447515 -0.43749936 -0.4375 -0.1125 -0.4875 -0.4875 -0.65499999 -0.655 -0.65500598 -0.76 -0.4725 -0.57609027 -1 -1 -1.657473 -1.6575 -1.477526 -1.11 -1.11 -1.1099999 -0.8975 -0.8975 -1.185 -1.185 -0.46000094 -0.8025 -0.98249994 -0.74654089 -1.25 -1.25 0.41999997 -0.3925 -0.3925 -0.39250531 -1.1275 -1.1275 -1.075 -0.6875 -0.6875 -1.2 -1.2 -1.6075 -1.6075 -1.6075
-0.3425 0.11134644 0.18996366 0.18109407 -0.58500058 -0.71749687 -0.33500001 0.26255279 -0.020965554 -0.040019296 -0.1125 -0.1125 -0.1125 -0.1125 -0.48744688 -0.655 -0.655 -0.65635572 -0.76 -0.47249894 -0.4625 -0.4625 -0.4625 -0.4625 -1.6368258 -1.11 -1.11 -1.11 -1.11 -1.1099085 -1.185 -1.185 -1.185 -1.185 -0.9825 -0.9825 -0.9825 -1.2371808 -1.2483852 -1.035 -1.035 -0.39253456 -1.4049905 -1.1275267 -1.1275 -1.075 -0.6875 -0.6875 -1.2 -1.2 -1.6060216 -1.6075 -1.4376745
-0.3425 0.19 0.19 0.19 0.19 0.18999962 -0.33597906 -0.048777068 0.036486348 -0.11242221 -0.1125 -0.1125 -0.1125 -0.1125 -0.11249992 -0.655 -0.65500002 -0.66220228 -0.75999757 -0.4625 -0.4625 -0.4625 -0.4625 -0.4625 -0.47882322 -1.1892451 -1.2275 -1.2275 -1.2275 -1.2275 -1.185 -1.185 -1.1850003 -1.4575 -1.4575 -0.9825 -0.97763904 -0.9775 -1.035 -1.035 -1.035 -1.035 -1.405 -1.405 -1.405 -1.4027035 -1.3134815 -1.3175 -1.3175 -1.3175 -1.3175 -0.01000033 -0.01
0.135 0.19 0.19 0.19 0.19 0.19 0.18999996 -0.22949889 0.0027209398 0.0024999998 0.0025 0.0025 0.0025 0.0025 0.0024999989 -0.31844382 -0.6497724 -0.66937793 -0.46253737 -0.4625 -0.4625 -0.4625 -0.4625 -0.46250015 -1.2175 -1.2175 -1.2175 -1.2275 -1.2275 -1.2280407 -1.4975 -1.4975 -1.4575 -1.4575 -1.4575 -1.0543907 -0.9775 -0.9775 -0.9775 -1.035 -1.035 -1.035 -1.405 -1.405 -1.405 -1.405 -1.3175 -1.3175 -1.3175 -1.3175 -1.3175 -0.01 -0.01
0.135 0.15547588 0.19 0.19 0.19 0.19 -0.3198999 -0.32 -0.31999999 0.0025 0.0025 0.0025 0.0025 0.0025 -0.069748791 -0.325 -0.325 -0.325 -0.58711898 -0.58749987 -0.5875 -0.5875 -0.5875 -0.5875 -1.2175 -1.2175 -1.2175 -1.2175 -1.2275 -1.4975 -1.4975 -1.4975 -1.4575 -1.4575 -1.4575 -0.9125 -0.97741394 -0.9775 -0.9775 -1.0350502 -1.1352222 -1.3689988 -1.405 -1.405 -0.86915876 -0.8675 -0.8675 -1.3157209 -0.23878285 -0.23500009 -0.23500021 0.047491227 -0.0099998831
0.135 0.010924541 0.097646598 0.19 0.19 -0.31969867 -0.32 -0.32 -0.32 -0.31767597 0.0025 0.0025 0.0025 0.0024999604 -0.325 -0.325 -0.325 -0.325 -0.58726551 -0.5875 -0.5875 -0.5875 -0.5875 -0.5875 -1.2175 -1.2175 -1.2175 -1.2175 -1.2185185 -1.4975 -1.4975 -1.4975 -1.0025 -1.4574336 -0.9125 -0.9125 -0.9125 -0.91525298 -1.3451459 -1.37 -1.37 -1.37 -0.925 -0.925 -0.8675 -0.8675 -0.8675 -0.23500001 -0.235 -0.235 -0.235 0.0475 0.0475
0.0077713746 0.0075 0.0075 0.0074999988 -0.1175 -0.31999478 -0.32 -0.32 -0.32 -0.32 0.034486585 0.0025055054 0.002500012 -0.325 -0.325 -0.325 -0.325 -0.325 -0.39371404 -0.5875 -0.5875 -0.5875 -0.5875 -0.5875 -0.79258179 -0.64250312 -0.6425 -0.6425 -0.6425 -1.4975 -1.0025 -1.0025 -1.0025 -1.0025 -0.9125 -0.91250658 -1.1625 -1.1625 -1.3674091 -1.37 -1.37 -1.37 -0.925 -0.925 -0.87640298 -0.8675 -0.8675 -0.235 -0.235 -0.235 -0.23197087 0.0475 0.0475
0.0075 0.0075 0.0075 -0.051364365 -0.1175 -0.1175 -0.32 -0.32 -0.32 -0.32 0.425 0.425 0.425 -0.325 -0.325 -0.325 -0.325 -0.32503594 -1.0875 -1.0875 -0.5875002 -0.5875 -0.59218656 -0.78 -0.77876215 -0.6425 -0.6425 -0.6425 -0.6425 -1.0024633 -1.0025 -1.0025 -1.0025 -1.0025 -1.1624991 -1.1625 -1.1625 -1.1625 -1.1631993 -1.37 -1.37 -1.37 -0.925 -0.925 -0.925 -0.8675 -0.8675 -0.235 -0.235 -0.235 0.0475 0.0475 0.0475
0.0075 0.0075 0.0075 -0.1175 -0.1175 -0.1175 -0.11750031 -0.32 -0.32 0.42423095 0.425 0.425 0.425 0.42453271 -0.50104937 -0.5425 -0.5425 -0.5425 -1.0875 -1.0875 -1.0875 -0.78 -0.78 -0.78 -0.77991316 -0.55201956 -0.6425 -0.6425 -0.6425 -0.60588691 -0.52504696 -0.525 -0.525 -0.525 -0.94158884 -0.6325012 -0.6325 -0.6325 -0.6325 -0.27015051 -0.27 -0.27 -0.925 -0.925 0.18749536 0.18750004 0.3025 0.3025 0.3675 0.3675 0.3675 0.0475 0.60949706
0.0075005121 0.0075 0.0074999955 -0.1175 -0.1175 -0.1175 -0.1175 -0.060000076 -0.31896042 0.42495693 0.425 0.425 0.425 0.4231015 -0.5425 -0.5425 -0.5425 -0.54250016 -1.0875 -1.0875 -1.0875 -0.78 -0.78 -0.78 -0.47 -0.47 -0.555 -0.555 -0.555 -0.55483634 -0.525 -0.525 -0.525 -0.525 -0.57872046 -0.6325 -0.6325 -0.6325 -0.6325 -0.27 -0.27 -0.27 -0.2556053 0.1875 0.1875 0.1875 0.3025 0.3025 0.3675 0.3675 0.3675 0.60999999 0.61
0.1725 0.078204759 -0.4125 -0.41241442 -0.1175 -0.060332693 -0.06 -0.06 -0.027205923 0.37749999 0.3775 0.3775 0.3775 -0.50247135 -0.5025 -0.54249997 -0.5425 -0.55685995 -1.0875 -1.0875 -1.0875 -1.0225 -1.0225 -1.0225 -0.47 -0.47 -0.555 -0.555 -0.555 -0.55499992 -0.45000048 -0.45000021 -0.52311499 -0.52491959 -0.49004067 -0.49 -0.49 -0.49 -0.49 -0.27 -0.27 -0.27 0.16230866 0.1875 0.1875 0.18749998 0.3025 0.3025 0.30250234 0.3675 0.36749452 0.245 0.61
-0.36989698 -0.37000001 -0.4125 -0.4125 -0.4125 -0.06 -0.06 -0.06 0.03 0.03 0.3775 0.3775 0.3775 -0.5025 -0.5025 -0.5025 -0.5025 -0.50256507 -1.0875 -1.0875 -1.0875 -1.0225 -1.0225 -1.0225 -0.47 -0.47 -0.555 -0.555 -0.555 -0.45118388 -0.45 -0.45 -0.45 -0.45 -0.48998026 -0.49 -0.49 -0.49 -0.49 -0.21250001 -0.2125 -0.2125 -0.2125 0.18749896 0.0525 0.0525 0.0525 0.3275 0.3275 0.3275 0.245 0.245 0.245
-0.37 -0.37 -0.4125 -0.4125 -0.4125 -0.061852803 -0.06 0.03 0.03 0.03 0.37745722 0.3775 -0.23738635 -0.50249997 -0.5025 -0.5025 -0.5025 -0.645 -0.645 -0.645 -0.815 -0.81500015 -1.022499 -1.0225 -1.0219995 -0.44 -0.44 -0.44000027 -0.55498142 0.032403844 0.032497432 0.032415762 -0.44917536 -0.44958361 -0.48256225 -0.48999998 -0.48979893 -0.43 -0.43 -0.2125 -0.2125 -0.2125 -0.2125 0.0525 0.0525 0.0525 0.0525 0.3275 0.3275 0.3275 0.245 0.245 0.245
-0.37 -0.37 -0.4125 -0.4125 -0.4125 -0.4125 -0.026315629 0.03 0.03 0.03 0.029776286 -0.375 -0.375 -0.375 -0.50174861 -0.5025 -0.64405042 -0.645 -0.645 -0.645 -0.815 -0.815 -0.815 -0.815 -0.44 -0.44 -0.44 -0.44 -0.44 0.0325 0.0325 0.0325 0.0325 0.032500079 0.07 -0.43 -0.43 -0.43 -0.43 -0.43000053 -0.6325 -0.6325 -0.6325 -0.44701325 -0.0625 -0.0625 -0.0625 0.32749999 0.3274997 0.0225 0.0225 0.43745317 0.4375
-0.37 -0.37 -0.39716048 -0.4125 -0.4125 -0.41250002 -1.1004903 0.026430985 0.029999999 0.029999999 -0.3750001 -0.375 -0.375 -0.375 -0.375 -0.38549093 -0.645 -0.645 -0.645 -0.645 -0.81499868 -0.815 -0.815 -0.815 -0.44 -0.44 -0.44 -0.44 -0.44 -0.28525126 0.0325 0.0325 0.0325 0.07 0.07 0.069611738 -0.43 -0.43 -0.43422084 -0.4375 -0.6325 -0.6325 -0.6325 -0.44958726 -0.0625 -0.0625 -0.0625 -0.0225 0.021939304 0.0225 0.0225 0.4375 0.4375
-0.73 -0.73 -0.73 -0.49210598 -0.41297509 -1.1025 -1.1025 -1.1025 -1.1025 -0.8575 -0.8575 -0.37500003 -0.375 -0.375 -0.375 -0.37501711 -0.645 -0.645 -0.645 -0.645 -0.74081751 -0.815 -0.815 -0.80060627 -0.27279256 -0.44 -0.44 -0.44 -0.3975 -0.3975 -0.3975 -0.39749819 0.07 0.07 0.07 0.07 -0.4375 -0.4375 -0.4375 -0.4375 -0.5475 -0.5475 -0.5475 -0.12250854 -0.1225 -0.1225 -0.12249998 -0.0225 -0.0225 0.02244517 0.0225 0.43749821 0.4375
-0.73 -0.73 -0.73 -0.73 -0.73 -0.78416762 -1.1025 -1.1025 -1.1025 -0.8575 -0.8575 -0.8575 -0.23500001 -0.235 -0.235 -0.23500002 -0.64532515 -0.645 -0.645 -0.645 -0.64754778 -0.26500151 -0.265 -0.265 -0.265 -0.26500002 -0.85 -0.85 -0.3975 -0.3975 -0.3975 -0.3975 0.069999731 0.07 0.07 0.069969659 -0.43750001 -0.4375 -0.4375 -0.43835543 -0.5475 -0.5475 -0.5475 -0.12251971 -0.1225 -0.1225 -0.1225 -0.0225 -0.0225 -0.022499986 0.0825 0.0825 0.485
-0.73 -0.73 -0.73 -0.73 -0.73 -0.73 -1.1024999 -1.1025 -1.1025 -0.8575 -0.8575 -0.8575 -0.235 -0.235 -0.235 -0.27974374 -0.8225 -0.8225 -0.82249954 -0.64600256 -0.265 -0.265 -0.265 -0.265 -0.265 -0.26544024 -0.85 -0.85 -0.85 -0.3975 -0.3975 -0.39759333 -0.3025 -0.3025 -0.3025 -0.7675 -0.7675 -0.6325 -0.6325 -0.6325 0.03 -0.54731886 -0.54749479 0.15 0.15 0.13967256 -0.12249911 -0.0225 -0.0225 0.0825 0.0825 0.0825 0.485
-0.73 -0.73 -0.73 -0.73 -0.73 -0.73 -0.73 -1.1025 -1.1025 -0.8575 -0.8575 -0.25989102 -0.235 -0.235 -0.235 -0.8225 -0.8225 -0.8225 -0.8225 -0.8225 -0.265 -0.265 -0.265 -0.265 -0.265 -0.849998 -0.85 -0.85 -0.85 -0.5425 -0.5425 -0.5425 -0.3025 -0.3025 -0.3025 -0.7675 -0.7675 -0.6325 -0.6325 0.03 0.03 0.03 0.15 0.15 0.15 0.15 0.16766168 0.365 0.365 0.365 0.082500008 0.5125 0.5125
-0.73 -0.73 -0.73 -0.73 -0.73 -0.73 -0.73 -0.70857974 -0.7075 -0.70775753 -0.85749999 -0.23502597 -0.235 -0.235 -0.23500203 -0.8225 -0.8225 -0.8225 -0.8225 -0.8225 -1.1808695 -0.265 -0.265 -0.265 -0.26518383 -0.8500173 -0.85 -0.85 -0.85 -0.5425 -0.5425 -0.5425 -0.54246773 -0.3025 -0.7675 -0.7675 -0.7675 -0.76749415 -0.63245482 0.03 0.03 0.03 0.14999272 0.15 0.15 0.15 0.36500206 0.365 0.365 0.365 0.5125 0.5125 0.5125
0.0525 0.052498633 -0.72997238 -0.73 -0.73 -0.73 -0.70750479 -0.7075 -0.7075 -0.7075 -0.545 -0.545 -0.545 -0.545 -0.82121918 -0.8225 -0.8225 -0.8225 -0.8225 -1.2199998 -1.22 -1.22 -1.1574999 -1.1575 -1.1575 -1.1575 -1.1309588 -0.85 -0.83250072 -0.8325 -0.8325 -0.8325 -0.8325 -0.3675 -0.3675 -0.3675 -0.3675 -0.3675 0.17 0.17 0.17 0.17 0.17 0.57186311 0.5725 0.5725 0.5725 0.365 0.365 0.365 0.51247676 0.5125 0.5125
0.0525 0.0525 0.052562569 0.059998412 0.059999824 0.059251264 -0.7075 -0.7075 -0.7075 -0.7075 -0.545 -0.545 -0.545 -0.545 -0.545 -0.8225 -0.8225 -0.8225 -1.2199999 -1.22 -1.22 -1.22 -1.1575 -1.1575 -1.1575 -1.1575 -1.1575 -1.1574346 -0.83244883 -0.8325 -0.8325 -0.8325 -0.83247945 -0.21160205 -0.36733857 -0.3675 -0.3675 -0.3675 0.17 0.17 0.17 0.17 0.17 0.5725 0.5725 0.5725 0.5725 0.47546895 0.365 0.83222835 0.8375 0.25 0.25
0.0525 0.0525 0.05999905 0.06 0.06 0.06 -0.13494176 -0.7075 -0.7075 -0.7075 -0.545 -0.545 -0.545 -0.545 -0.545 -0.82228845 -0.8225 -1.2198835 -1.22 -1.22 -1.22 -1.22 -1.1806535 -1.1575 -1.1575 -1.1575 -1.1575 -1.157176 -0.7 -0.7 -0.7 -0.7 -0.7 -0.0925 -0.0925 -0.0925 -0.0925 -0.0925 0.7125 0.7125 0.7125 0.7125 0.71249999 0.57398942 0.57250031 0.5725 0.5726034 0.58497989 0.8375 0.8375 0.8375 0.25000329 0.25
0.052500843 0.50108059 0.060000063 0.06 0.06 0.06 0.06 -0.70717321 -0.7075 -0.7075 -0.545 -0.545 -0.545 -0.545 -0.75766903 -0.7625 -0.7625 -1.2199882 -1.22 -1.22 -1.22 -1.22 -1.2199999 -1.1575 -1.1575 -1.1575 -1.1575 -0.73999998 -0.73999998 -0.73148703 -0.7 -0.7 -0.7 -0.092500001 -0.0925 -0.0925 -0.0925 -0.092616831 0.7125 0.7125 0.7125 0.7125 0.71250326 1.1825 1.1825 1.1825 1.1825 1.1824722 0.8375 0.8375 0.8375 0.83749985 0.58252949
0.51 0.51 0.43720997 0.06 0.06 0.06 0.06 0.06 -0.70717123 -0.08250001 -0.0825 -0.0825 -0.083597607 -0.76249969 -0.7625 -0.7625 -0.7625 -0.7625 -1.2199975 -1.1987162 -1.0125 -1.0125 -1.0125 -1.0475959 -1.1242849 -0.94655723 -0.79658854 -0.74 -0.74 -0.74 -0.74 -0.74 -0.73415399 -0.26609427 -0.265 -0.265 -0.265 -0.265 0.72048346 0.75499992 0.755 0.755 0.755 0.86000095 1.1824999 1.1825 1.1825 0.9575 0.83750192 0.8375 0.8375 0.5875 0.5875
0.51 0.51 0.58 0.58 0.58 0.060173216 0.06 0.06 -0.0825 -0.0825 -0.0825 -0.0825 -0.0825 -0.76249997 -0.7625 -0.7625 -0.7625 -0.7625 -1.0125 -1.0125 -1.0125 -1.0125 -1.0125 -0.74250001 -0.7425 -0.7425 -0.7425 -0.74 -0.74 -0.74 -0.74 -0.74 -0.3625 -0.3625 -0.265 -0.265 -0.265 0.19742124 0.1975 0.755 0.755 0.755 0.75500002 0.86 0.86 0.86 0.9575 0.9575 0.9575 0.6175 0.6175 0.5875 0.5875
0.51 0.51 0.58 0.58 0.58 0.58 0.57999819 0.25 -0.082186941 -0.0825 -0.0825 -0.0825 -0.0825 -0.75401762 -0.7625 -0.7625 -0.7625 -0.7625 -1.0125 -1.0125 -1.0125 -1.0125 -1.0125 -0.7425 -0.7425 -0.7425 -0.7425 -0.74249997 -0.74 -0.74 -0.74 -0.36251979 -0.3625 -0.3625 -0.3625 -0.265 0.19749999 0.1975 0.1975 0.21216887 0.87512871 0.8975 0.8975 0.86 0.86 0.86 0.9575 0.9575 0.9575 0.6175 0.6175 0.6175 0.53542131
0.715 0.71499839 0.58 0.58 0.58 0.58 0.25 0.25 0.25 -0.0825 -0.0825 -0.0825 -0.0825 -0.082711391 -0.7625 -0.7625 -0.7625 -0.7625 -1.0124952 -1.0125 -1.0125 -1.0125 -0.79004148 -0.7425 -0.7425 -0.7425 -0.7425 -0.46250023 -0.4625 -0.4625 -0.73700757 -0.3625 -0.3625 -0.3625 -0.3624992 0.47249999 0.1975 0.1975 0.1975 0.19750001 0.8975 0.8975 0.8975 1.015 1.015 1.015 1.0074951 0.9575 0.9575 0.6175 0.6175 0.6175 0.53000058
