interpolatedSpi/04-03|21_2.tif
NCOLS 53
NROWS 52
XLLCORNER -116.03883
YLLCORNER 28.596182
DX 0.49850594
DY 0.49788537
NODATA_VALUE -9999
-1.1 -1.1 -0.73351283 -1.1 -1.27 -1.13 -1.55 -1.49 -1.5655958 -2.01 -2.19 -1.8 -2.3498822 -0.92 -1.24 -1.24 -1.24 -1.55 -0.36 -0.36 -0.36 -0.36000472 -0.85 -0.67 -0.67 -0.67 -0.15000864 -0.15 -0.15 -0.4 -0.4 -0.4 -0.4 -0.76999993 -0.77 -0.77 -0.77 -0.77 -0.77 -0.76999998 -0.057671927 -0.050216345 -0.9 -0.9 -0.9 -0.9 -0.89812166 0.25 0.25 0.25 2.0099963 2.01 2.01 
-1.1000498 -2.22 -1.1900006 -1.5203894 -1.1802314 -1.41 -1.14 -2.179445 -2.03 -2.02 -1.75 -2.35 -2.35 -1.1093665 -0.92000512 -1.24 -1.55 -1.55 -0.3615516 -0.36 -0.36 -0.36 -0.69684492 -0.67 -0.67 -0.67 -1.3999999 -1.4 -0.4 -0.4 -0.4 -0.4 -0.4 -0.76999995 -0.77 -0.77 -0.77 -0.77 -0.76999986 -0.5643506 0.37000325 -0.74589508 -0.9 -0.9 -0.9 -0.9 -0.9 0.25 0.25 0.25 0.39594088 2.01 2.01 
-1.5699874 -1.57 -1.68 -1.1 -1.95 -2.23 -1.73 -2.44 -2.29 -2.42 -1.54 -2.28 -0.89 -1.67 -1.11 -2.47 -1.55 -1.55 -1.55 -1.6996105 -1.7 -1.7 -1.18 -0.67 -0.67 -0.67 -1.4 -1.4 -1.4 -0.4 -0.4 -0.40000007 -1.0595181 -0.76690704 -0.75166351 1.181948 1.2 1.2 1.0956079 0.37000001 0.37 0.36837599 -0.9 -0.9 -0.9 -0.9 -0.9 0.25 0.25 0.25 0.25 2.01 2.01 
-1.07 -1.57 -1.8100873 -0.99 -1.85 -1.93 -1.97 -2.63 -2.68 -1.4437809 -1.92 -2.99 -2.33 -1.67 -1.77 -2.47 -2.2814537 -2.2794885 -2.75 -1.7 -1.7 -2.45 -1.18 -1.18 -0.67 -0.67000365 -1.4 -1.4 -1.4 -0.7 -1.2870852 -1.77 -1.77 -1.7699977 1.2 1.2 1.2 1.2 0.37 0.37 0.37 0.36999995 -0.9 -0.9 -0.9 -0.9 -0.9 0.24998549 0.25 0.25 0.25 2.0099311 2.01 
-1.07 -0.42000255 -1.81 -1.9826889 -1.85 -1.71 -2.1299524 -1.95 -1.93 -2.6199995 -2.8460555 -2.9596104 -0.24 -1.77 -1.77 -2.2353836 -2.28 -2.28 -2.75 -2.75 -1.7000014 -2.45 -1.93 -1.71 -0.79 -0.79001419 -1.4 -1.4 -0.7 -0.7 -1.77 -1.77 -1.77 -1.4550829 1.2 1.2 1.2 0.37 0.37 0.37 0.37 0.36984555 -0.9 -0.9 -0.9 -0.9 -0.9 -0.88976358 0.25 0.24998431 -0.1 -0.1 -0.1 
-1.32 -0.74 -0.54000001 -1.52 -1.8 -1.55 -2.02 -2.011038 -1.69 -1.69 -1.06 -0.6 -0.59999976 -0.54 -0.54 -1.6401159 -1.64 -1.32 -1.32 -2.7499986 -1.76 -1.76 -1.71 -0.79 -0.79 -0.85 -1.36 -1.36 -0.19004673 -0.7 -1.77 -1.77 -0.1 -0.10006583 -0.72995482 -0.48 -0.48 0.1070331 0.37 0.37 -1.2280045 -1.23 -1.2300006 -2.854871 -2.8897801 -2.8899995 -2.8899999 -2.8899992 -1.9820967 -0.1 -0.1 -0.1 -0.1 
0.20998139 -0.31 0.25180782 0.19 0.13 -1.66 -0.78999999 -1.17 -1.81 -1.81 -1.06 -1.42 0.73999953 -0.54 -2.1199953 -2.12 -1.64 -2.62 -1.15 -1.15 -1.7882759 -1.82 -1.82 -0.75 -0.85 -0.85 -1.36 -1.36 -0.19001807 -0.1903326 -1.0084241 -0.1 -0.1 -0.73 -0.73 -0.67607041 -0.48 -0.48 -0.72999133 -1.2299993 -1.23 -1.23 -1.2300063 -2.8900002 -2.89 -2.89 -2.89 -2.8899997 -2.38 -0.10045183 -0.1 -0.1 -0.1 
0.21 0.58 0.79 -0.98 -1.3199805 -1.31 -1.32 -1.43 -1.89 -1.98 -1.98 -0.99 0.74 0.74 -2.1003777 -2.2019681 -2.21 -1.31 -1.2099999 -1.15 -1.6551005 -1.74 -1.22 -0.59 -0.59000374 -0.88 -0.91 -0.91000016 -0.49891372 -0.50000001 -1.01 -0.72287714 0.09 -0.73 -0.76707755 -0.84 -0.84 -0.73 -0.73 -1.23 -1.23 -1.23 -2.9105844 -2.92 -2.89 -2.89 -2.89 -2.3800194 -2.38 -2.38 -0.1 -0.1 -0.1 
-0.09209984 0.58 0.37 -0.02 -2.13 -1.11 -1.68 -1.34 -1.91 -1.3119218 -1.29 -1.38 -1.38 -1.1 -1.1000024 -1.3523969 -1.35 -1.35 -1.2947348 -0.79999999 -0.74 -0.74000001 -1.16 -1.196355 -0.85077566 -0.88 -1.06 -0.91 -1.3474432 -1.35 -0.95 -0.77 -1.0570783 -1.65 -2.03 -2.31 -2.52 -1.15 -1.6497691 -1.2310267 -1.46 -1.63 -2.9198339 -2.92 -2.9198311 -2.89 -3.42 -2.38 -2.38 -2.38 -2.38 -0.17345939 -0.87 
-3.85 -3.85 -0.46 -0.7 -1.54 -1.66 -0.52 -1.1 -1.67 -1.1599234 -1.49 -0.1 -1.1 -1.1 -1.36 -1.3598628 -1.35 -1.3499747 -1.12 -0.8 -0.8 -0.79227 -1.16 -1.2499983 -1.25 -1.25 -1.06 -1.25 -1.25 -1.35 -1.35 -0.77108107 -1.34 -1.65 -0.93 -2.31 -2.52 -1.43 -1.65 -2.0041655 -1.63 -1.7291816 -1.9 -2.92 -2.92 -3.42 -3.42 -3.42 -2.38 -2.38 -0.69 -0.69 -0.69000007 
-3.85 -3.85 -1.16 -2.14 -1.18 -1.22 -1.22 -0.71021812 -0.9 -0.93 -1.48 -0.71 -0.10081357 -1.36 -1.36 -1.3601096 -2.31 -2.2475432 -1.12 -1 -1 -1.3 -1.3 -1.25 -1.25 -1.25 -1.25 -1.25 -1.25 -2.86 -2.86 -2.8599975 -1.43 -1.43 -2.09 -1.98 -1.78 -3.0300009 -2.13 -2.01 -2.01 -1.0900027 -1.9 -2.92 -2.3100004 -2.67 -2.0758141 -2.07 -0.79 -0.79 -0.69 -0.69 -0.69 
-3.85 -2.6886185 -1.578201 -0.92001107 -0.38 -1.59 -1.22 -0.71 -0.89999841 -0.92966764 -0.71000029 -0.71 -0.62 -1.36 -1.36 -2.31 -2.31 -2.3099323 -1.12 -1 -1.0589139 -1.3 -1.3 -1.2500022 -1.25 -1.2861592 -1.36 -1.36 -1.36 -2.86 -2.86 -1.93 -1.93 -1.4300018 -2.09 -2.2300001 -1.9964781 -3.03 -3.03 -2.01 -1.09 -1.09 -1.090009 -2.31 -2.31 -2.67 -2.07 -2.07 -0.79 -0.79 -0.69 -0.69 -0.69 
-1.62 -0.43653862 -0.36006476 -0.36405355 -0.3800062 -1.5899714 -1.22 -0.71627781 -0.88690706 -0.90078338 -0.62 -0.62 -0.62 -0.62 -1.3598952 -2.31 -2.31 -2.2946352 -1.12 -1.0001338 -1.46 -1.46 -1.46 -1.46 -1.2536448 -1.36 -1.36 -1.36 -1.36 -1.3610769 -1.93 -1.93 -1.93 -1.93 -2.23 -2.23 -2.23 -2.9915432 -3.0210625 -1.84 -1.84 -1.0900403 -1.200038 -2.3098931 -2.31 -2.67 -2.07 -2.07 -0.78999999 -0.79 -0.69036279 -0.69 0.37141479 
-1.62 -0.36 -0.36 -0.36 -0.36 -0.36000051 -1.220947 -0.97871164 -0.85197632 -0.6203023 -0.62 -0.62 -0.62 -0.62 -0.6200001 -2.31 -2.3099998 -2.2283741 -1.1200177 -1.46 -1.46 -1.46 -1.46 -1.46 -1.5088535 -2.0138602 -2.0899998 -2.09 -2.09 -2.09 -1.93 -1.93 -1.9300001 -2.04 -2.04 -2.23 -1.6077973 -1.59 -1.8399999 -1.84 -1.84 -1.84 -1.2 -1.2 -1.2 -1.2102299 0.016212044 0.03 0.03 0.03 0.029999985 0.78999969 0.79 
0.8 -0.36 -0.36 -0.36 -0.36 -0.36 -0.36000006 -0.82859542 -0.74024728 -0.74 -0.74 -0.74 -0.74 -0.74 -0.74 0.43549781 -2.2659356 -2.1470487 -1.4599576 -1.46 -1.46 -1.46 -1.46 -1.4599994 -3.72 -3.72 -3.7199977 -2.09 -2.09 -2.093264 -3.72 -3.72 -2.04 -2.04 -2.04 -1.6620851 -1.59 -1.59 -1.59 -1.84 -1.84 -1.84 -1.2 -1.2 -1.2 -1.2 0.030000009 0.03 0.03 0.03 0.03 0.79 0.79 
0.8 0.36814518 -0.36 -0.36 -0.36 -0.36 -0.15004122 -0.15 -0.15000001 -0.74 -0.74 -0.74 -0.74 -0.74 -0.4752716 0.46 0.46 0.46 -0.91167251 -0.91000056 -0.91 -0.91 -0.91 -0.91 -3.72 -3.72 -3.72 -3.72 -2.09 -3.72 -3.72 -3.72 -2.0400002 -2.04 -2.04 -1.6 -1.5900132 -1.59 -1.59 -1.8397767 -1.3942357 -0.35445328 -1.2 -1.2 0.55456854 0.56 0.56 0.031118878 0.70762371 0.70999994 0.70999987 0.3400682 0.78999909 
0.8 -0.095291238 -0.23854895 -0.36 -0.36 -0.15012408 -0.15 -0.15 -0.15 -0.15425171 -0.74 -0.74 -0.74 -0.73999985 0.46 0.46 0.46 0.46 -0.90877621 -0.91 -0.91 -0.91 -0.91 -0.91 -3.7199999 -3.72 -3.72 -3.72 -3.72 -3.72 -3.72 -3.72 -3.72 -2.0399958 -1.6 -1.6 -1.6 -1.5939533 -0.42852138 -0.35 -0.35 -0.35 0.17 0.17 0.56 0.56 0.56 0.71 0.71 0.71 0.71 0.34 0.34 
-0.11935438 -0.12 -0.12 -0.12 -0.48 -0.15000851 -0.15 -0.15 -0.15 -0.15 -0.6597491 -0.73998619 -0.73999997 0.46 0.46 0.46 0.46 0.46 0.37848197 -0.91 -0.91 -0.91 -0.91 -0.91 -2.1020218 -1.88001 -1.88 -1.88 -1.88 -3.72 -3.72 -3.72 -3.72 -3.72 -1.6 -1.5999855 -1.05 -1.05 -0.35874054 -0.35 -0.35 -0.35 0.17 0.17 0.49961457 0.56 0.56 0.71 0.71 0.71 0.70603264 0.34 0.34 
-0.12 -0.12 -0.12 -0.28952937 -0.48 -0.48 -0.15 -0.15 -0.15 -0.15 0.32 0.32 0.32 0.46 0.46 0.46 0.46 0.46008593 0.87 0.87 -0.90999928 -0.91 -0.92095561 -1.36 -1.3646813 -1.88 -1.88 -1.88 -1.88 -3.7198126 -3.72 -3.72 -3.72 -3.72 -1.0500019 -1.05 -1.05 -1.05 -1.0474483 -0.35 -0.35 -0.35 0.17 0.17 0.17 0.56 0.56 0.70999998 0.71 0.71 0.34 0.34 0.34 
-0.12 -0.12 -0.12 -0.48 -0.48 -0.48 -0.4799995 -0.15 -0.15 0.31951482 0.32 0.32 0.32 0.32008723 0.88089965 0.98 0.98 0.98 0.87 0.87 0.87 -1.36 -1.36 -1.36 -1.359535 -0.736537 -1.88 -1.88 -1.88 -0.66848416 -0.02036391 -0.02 -0.02 -0.020000001 -0.40088574 0.50999646 0.51 0.51 0.51 0.41989464 0.42 0.42 0.17 0.17 0.17999996 0.17999983 -0.31 -0.31 -0.27 -0.27 -0.27 0.34 -0.23948141 
-0.12000003 -0.12 -0.12000001 -0.48 -0.48 -0.48 -0.48 -0.38999993 -0.15095961 0.31959195 0.32 0.32 0.32 0.3212951 0.98 0.98 0.98 0.97999997 0.87 0.87 0.87 -1.36 -1.36 -1.36 0.3 0.3 0.78999999 0.79 0.79 0.7855812 -0.02 -0.02 -0.02 -0.02 0.24485456 0.51 0.51 0.51 0.51 0.42 0.42 0.42 0.41244868 0.18 0.18 0.18 -0.31 -0.31 -0.27 -0.27 -0.27 -0.24 -0.24 
-0.13 -0.13071461 -0.59 -0.58996809 -0.48 -0.39052074 -0.39 -0.39 -0.3098367 -0.13 -0.13 -0.13 -0.13 1.1799574 1.18 0.98000015 0.98 0.97710166 0.87 0.87 0.87 0.89 0.89 0.89 0.3 0.3 0.79 0.79 0.79 0.79000011 0.9399939 0.9399973 0.0041281585 -0.018970814 0.99883684 1 1 1 1 0.42 0.42 0.42 0.19321514 0.18 0.18 0.18000004 -0.31 -0.31 -0.30999856 -0.27 -0.27000224 -0.32 -0.24 
0.14994683 0.14999987 -0.59 -0.59 -0.59 -0.39 -0.39 -0.39 -0.17 -0.17 -0.13 -0.13 -0.13 1.18 1.18 1.18 1.18 1.1799648 0.87 0.87 0.87 0.89 0.89 0.89 0.3 0.3 0.79 0.79 0.79 0.93830874 0.94 0.94 0.94 0.94 0.99997039 1 1 1 1 0.41 0.41 0.41 0.41 0.18000161 0.39 0.39 0.39 0.01 0.01 0.01 -0.32 -0.32 -0.32 
0.15 0.15 -0.59 -0.59 -0.59 -0.39105124 -0.39 -0.17 -0.17 -0.17 -0.13000492 -0.13 0.23770613 1.1799998 1.18 1.18 1.18 1.07 1.07 1.07 1.78 1.7799993 0.89000434 0.89 0.89045091 1.93 1.93 1.9299973 0.79018423 1.7798326 1.7799955 1.7798533 0.94143565 0.94072491 0.98986135 1.0000003 1.0025134 1.75 1.75 0.41 0.41 0.41 0.41 0.39 0.39 0.39 0.39 0.01 0.01 0.01 -0.32 -0.32 -0.32 
0.15 0.15 -0.59 -0.59 -0.59 -0.59 -0.30766043 -0.17 -0.17 -0.17 -0.16972933 0.32 0.32 0.32 1.1749318 1.18 1.070733 1.07 1.07 1.07 1.78 1.78 1.78 1.78 1.93 1.93 1.93 1.93 1.93 1.78 1.78 1.78 1.78 1.7800011 2.31 1.75 1.75 1.75 1.75 1.7499967 0.92 0.92 0.92 0.67919492 0.18 0.18 0.18 0.010000005 0.0099997769 -0.22 -0.22 -0.50995378 -0.51 
0.15 0.15 -0.32291196 -0.59 -0.59 -0.58999999 -0.2798048 -0.17034666 -0.17 -0.17 0.31999991 0.32 0.32 0.32 0.32 0.390603 1.07 1.07 1.07 1.07 1.7799945 1.78 1.78 1.78 1.93 1.93 1.93 1.93 1.93 1.8095583 1.78 1.78 1.78 2.31 2.31 2.3095651 1.75 1.75 2.1608283 2.4799999 0.92 0.92 0.92 0.68325082 0.18 0.18 0.18 0.17 -0.21514064 -0.22 -0.22 -0.51 -0.51 
0.33 0.33 0.33 -0.35933071 -0.58919691 -0.28 -0.28 -0.28 -0.28 -0.090000002 -0.09 0.31999997 0.32 0.32 0.32 0.32004752 1.07 1.07 1.07 1.07 1.470179 1.78 1.78 1.7836639 1.9204453 1.93 1.93 1.93 1.82 1.82 1.82 1.8199998 2.31 2.31 2.31 2.31 2.48 2.48 2.48 2.48 1.15 1.15 1.15 0.46001387 0.46 0.46 0.45999991 0.17 0.17 -0.21952481 -0.22 -0.50999521 -0.51 
0.33 0.33 0.33 0.32998008 -0.04 -0.074899943 -0.28 -0.28 -0.28 -0.09 -0.09 -0.09 0.10000001 0.1 0.1 0.1 1.0682781 1.07 1.07 1.07 1.0807738 1.9199996 1.92 1.92 1.92 1.92 2.02 2.02 1.82 1.82 1.82 1.82 2.31 2.31 2.31 2.3100008 2.48 2.48 2.48 2.476666 1.15 1.15 1.15 0.460032 0.46 0.46 0.46 0.17 0.17 0.17000004 0.44 0.44 0.52 
0.33 0.33 0.33 -0.039999147 -0.04 -0.04 -0.27999991 -0.28 -0.28 -0.09 -0.09 -0.09 0.1 0.1 0.1 0.10228479 0.13 0.13 0.13000243 1.0646906 1.92 1.92 1.92 1.92 1.92 1.9200753 2.02 2.02 2.02 1.82 1.82 1.8199035 2.32 2.32 2.32 1.11 1.11 1.72 1.72 1.72 0.47 1.1497867 1.1499947 0.44 0.44 0.44075798 0.45999946 0.17 0.17 0.44 0.44 0.44 0.52 
0.33 0.33 0.33 -0.04 -0.04 -0.04 -0.04 -0.28 -0.28 -0.09 -0.09 0.09240274 0.1 0.1 0.1 0.13 0.13 0.13 0.13 0.13 1.92 1.92 1.92 1.92 1.92 2.0199997 2.02 2.02 2.02 1.67 1.67 1.67 2.32 2.32 2.32 1.11 1.11 1.72 1.72 0.47 0.47 0.47 0.44 0.44 0.44 0.44 0.43589263 0.39 0.39 0.39 0.44000001 0.81 0.81 
0.33 0.33 0.32948476 -0.04 -0.04 -0.04 -0.04 -0.37320412 -0.39 -0.38948494 -0.090000004 0.099974874 0.1 0.1 0.1000001 0.13 0.13 0.13 0.13 0.13 0.097804272 1.92 1.92 1.92 1.9198373 2.0199499 2.02 2.02 2.02 1.67 1.67 1.67 1.6700917 2.32 1.11 1.11 1.11 1.1100249 1.7199148 0.47 0.47 0.47 0.44000182 0.44 0.44 0.44 0.39000582 0.39 0.39 0.39 0.81 0.81 0.81 
-0.56 -0.55999844 -0.039823762 -0.04 -0.04 -0.04 -0.38992552 -0.39 -0.39 -0.39 -0.2 -0.2 -0.2 -0.2 0.12847697 0.13 0.13 0.13 0.13 0.020000066 0.02 0.020000001 1.1300001 1.13 1.13 1.13 1.2068184 2.02 1.410025 1.41 1.41 1.41 1.41 0.86 0.86 0.86 0.86 0.86 0.53 0.53 0.53 0.53 0.53 0.96920106 0.97 0.97 0.97 0.39 0.39 0.39 0.80993383 0.81 0.81 
-0.56 -0.56 -0.55874398 -0.40999926 -0.40999992 -0.40998024 -0.39 -0.39 -0.39 -0.39 -0.2 -0.2 -0.2 -0.2 -0.2 0.13 0.13 0.13 0.020000028 0.02 0.02 0.02 1.13 1.13 1.13 1.13 1.13 1.1301886 1.409888 1.41 1.41 1.41 1.409955 0.94503524 0.86008805 0.86 0.86 0.86 0.53 0.53 0.53 0.53 0.53 0.97 0.97 0.97 0.97 0.69878067 0.39 0.40977686 0.41 0.61 0.61 
-0.56 -0.56 -0.410019 -0.41 -0.41 -0.41 -0.40492008 -0.39 -0.39 -0.39 -0.2 -0.2 -0.2 -0.2 -0.2 0.12974436 0.13 0.020032251 0.02 0.02 0.02 0.02 0.71879331 1.13 1.13 1.13 1.13 1.1299929 1.12 1.12 1.12 1.12 1.12 1.01 1.01 1.01 1.01 1.01 0.91 0.91 0.91 0.91 0.91 0.96902333 0.9699998 0.97 0.9699322 0.96176084 0.41 0.41 0.41 0.60999888 0.61 
-0.56000017 -0.64824536 -0.41000003 -0.41 -0.41 -0.41 -0.41 -0.39000852 -0.39 -0.39 -0.2 -0.2 -0.2 -0.2 -0.38577984 -0.39 -0.39 0.019989448 0.02 0.02 0.02 0.02 0.020000061 1.13 1.13 1.13 1.13 1.0500001 1.05 1.0648977 1.12 1.12 1.12 1.01 1.01 1.01 1.01 1.0097968 0.91 0.91 0.91 0.91 0.90994714 0.57 0.57 0.57 0.57 0.5699871 0.41 0.41 0.41 0.40999996 0.35382913 
-0.65 -0.65 -0.59231382 -0.41 -0.41 -0.41 -0.41 -0.41 -0.3900087 -0.46 -0.46 -0.46 -0.45938297 -0.38999973 -0.39 -0.39 -0.39 -0.39 0.019999281 0.01384565 -0.04 -0.04 -0.04 0.25403139 1.0627694 0.70303149 0.39991754 1.05 1.05 1.05 1.05 1.05 1.0478575 0.70932662 0.71 0.71 0.71 0.71 0.78038083 0.22000124 0.22 0.22 0.22 -0.11999798 0.56999982 0.57 0.57 -0.2 0.40999023 0.41 0.41 0.35 0.35 
-0.65 -0.65 -0.56 -0.56 -0.56 -0.41004997 -0.41 -0.41 -0.46 -0.46 -0.46 -0.46 -0.46 -0.39 -0.39 -0.39 -0.39 -0.39 -0.04 -0.04 -0.04 -0.04 -0.04 0.28999998 0.29 0.29 0.29 1.05 1.05 1.05 1.05 1.05 0.65 0.65 0.71 0.71 0.71 -0.39981097 -0.4 0.22 0.22 0.22 0.21999983 -0.12 -0.12 -0.12 -0.2 -0.2 -0.2 0.36 0.36 0.35 0.35 
-0.65 -0.65 -0.56 -0.56 -0.56 -0.56 -0.5600017 -0.87 -0.46038603 -0.46 -0.46 -0.46 -0.46 -0.39087319 -0.39 -0.39 -0.39 -0.39 -0.040000007 -0.04 -0.04 -0.04 -0.04 0.29 0.29 0.29 0.29 0.29000306 1.05 1.05 1.05 0.65002097 0.65 0.65 0.65 0.71 -0.39999999 -0.4 -0.4 -0.38368664 -0.70730932 -0.88 -0.88 -0.12 -0.12 -0.12 -0.2 -0.2 -0.2 0.36 0.36 0.36 1.1742019 
-1.08 -1.0799966 -0.56 -0.56 -0.56 -0.56 -0.87 -0.87 -0.87 -0.46 -0.46 -0.46 -0.46 -0.45997824 -0.39 -0.39 -0.39 -0.39 -0.040006292 -0.04 -0.04 -0.040000005 0.23185631 0.29 0.29 0.29 0.29 0.15000011 0.15 0.15000001 1.0403256 0.65 0.65 0.65 0.64999896 -0.43999998 -0.4 -0.4 -0.4 -0.4 -0.88 -0.88 -0.88 -0.37 -0.37 -0.37 0.16996397 -0.2 -0.2 0.36 0.36 0.36 1.2599996 
-1.08 -1.08 -0.56 -0.56 -0.56 -0.87 -0.87 -0.87 -0.87 -0.50495512 -0.46 -0.46 -0.46 -0.46000033 -0.50998619 -0.51 -0.51 -0.51 -0.64971642 -0.36 -0.36 -0.36 -0.36 0.29 0.29 0.29 0.28999077 0.15 0.15 0.15 0.15 0.64983235 0.03690653 -0.44 -0.44 -0.44 -0.40164266 -0.83999084 -0.84 -0.84 -0.87956919 -0.33000002 -0.33 -0.37 -0.37 -0.36999771 0.17 0.17 0.96 0.96 0.96 1.1 1.11 
-1.08 -1.08 -1.31 -1.31 -1.31 -0.87 -0.87 -0.87 -0.87 -0.87 -0.87 -0.87 -0.87 -0.84462996 -0.51 -0.51 -0.51 -0.51 -0.66 -0.36 -0.36 -0.36 -0.36 -0.57 -0.56999966 0.28999873 0.15 0.15 0.15 0.15 -0.14870239 -0.44 -0.44 -0.44 -0.44 -0.44 -0.84 -0.84 -0.84 -0.84 -0.33 -0.33 -0.33 0.29980134 0.3 0.17058434 0.17 0.17 0.95999814 0.96 1.1 1.1 1.11 
-1.08 -1.31 -1.31 -1.31 -1.31 -1.31 -0.87395908 -1.38 -1.38 -0.87 -0.87 -0.87 -0.87 -0.86991474 -0.51 -0.51 -0.51 -0.51677748 -0.66 -0.66 -0.36 -0.36 -0.57 -0.57 -0.57 -0.57 0.15 0.15 0.15 0.15 -0.44 -0.44 -0.44 -0.44 -0.44 -0.44 -0.84 -0.84 -0.84 -0.84 -0.33 -0.33 -0.33 0.3 0.3 0.30001813 0.62 0.62 0.63 0.63 1.1 1.1 1.11 
-1.30784 -1.31 -1.31 -1.31 -1.31 -1.31 -1.38 -1.38 -1.38 -1.1070267 -0.87 -0.87 -0.87 -0.87000154 -0.51 -0.51 -0.51 -0.66 -0.66 -0.66 -0.36001499 -0.36000128 -0.57 -0.57 -0.57 -0.57 0.14994882 0.15 0.15 -0.43986432 -0.44 -0.44 -0.44 -0.44 -0.44034692 -0.68 -0.68 -0.68276908 -0.84 -0.84 -0.33000045 -0.33 0.28168262 0.3 0.3 0.61999988 0.62 0.62 0.63 0.63 0.37 0.37 0.03 
-1.31 -1.31 -1.31 -1.31 -1.31 -1.31 -1.38 -1.38 -1.38 -1.38 -1.0399951 -1.04 -1.04 -1.04 -0.5100011 -0.63820198 -0.71 -0.71 -0.66009217 -0.66 -0.65999994 -0.5699997 -0.57 -0.57 -0.57 -0.57 -0.56947652 0.15 0.14997983 -0.44 -0.44 -0.44 -0.44 -0.44 -0.68 -0.68 -0.68 -0.68 -0.68 -0.68000027 -0.55 -0.55 -0.54999992 -0.32 -0.32 -0.32 -0.8 -0.8 -0.98 -0.98 0.37 0.36999926 0.03 
-1.31 -1.31 -1.31 -1.31 -1.31 -1.31 -1.38 -1.38 -1.38 -1.04 -1.04 -1.04 -1.04 -1.04 -0.95301279 -0.71 -0.71 -0.71 -0.71 -0.71 -0.70761266 -0.57 -0.57 -0.57 -0.57 -0.57533817 -0.73973361 0.028810459 -0.43709043 -0.44 -0.44 -0.44 -0.44 -0.44000053 -0.68 -0.68 -0.68 -0.68 -0.68 -0.6195243 -0.55 -0.55 -0.55 -0.32 -0.32 -0.32 -0.8 -0.8 -0.98 -0.98 -0.13000002 0.021173897 0.03 
-1.31 -1.31 -1.31 -1.31 -1.31 -1.31 -1.38 -1.38 -1.3658881 -1.04 -1.04 -1.04 -1.04 -1.04 -1.0241712 -0.71 -0.71 -0.71 -0.71 -0.71 -0.71 -0.7139154 -0.73999976 -0.74 -0.74 -0.74 -0.74 -0.74 -0.42440286 -0.42000024 -0.42 -0.42 -0.42 -0.42000019 -0.68 -0.68 -0.68 -0.68 -0.68 -0.55000002 -0.55 -0.55 -0.55 -0.5499999 -0.32123448 -1.09 -0.80000003 -0.23003394 -0.97933409 -0.13 -0.13 -0.11191562 0.74 
-1.31 -1.31 -1.31 -1.31 -1.31 -1.3100045 -1.3799962 -1.3799794 -1.0400004 -1.04 -1.04 -1.04 -1.04 -1.04 -1.0337208 -0.71 -0.71 -0.71 -0.71 -0.71 -0.71 -0.74 -0.74 -0.74 -0.74 -0.74 -0.74 -0.74 -0.42008833 -0.42 -0.42 -0.42 -0.42 -0.42 -0.49123997 -0.68 -0.68 -0.68 -0.68 -0.55 -0.55 -0.55 -0.55 -0.55013833 -1.09 -1.09 -1.0845473 -0.22 -0.22 -0.13 -0.13 0.74 0.74 
-1.31 -1.31 -1.31 -1.31 -1.31 -1.3100934 -1.3799073 -1.0783668 -1.04 -1.04 -1.04 -1.04 -1.04 -1.04 -1.0342228 -0.71 -0.71 -0.71 -0.71 -0.71 -0.71427145 -0.74 -0.74 -0.74 -0.74 -0.74 -0.74 -0.74 -0.42000128 -0.42 -0.42 -0.42 -0.42 -0.42 -0.42 -0.76605988 -0.89985992 -0.97301564 -0.98414613 -0.57056917 -0.55000001 -0.55 -0.55 -1.0899569 -1.09 -1.0839711 -0.080000669 -0.22 -0.22 0.73995638 0.74 0.74 0.74 
-1.31 -1.31 -1.31 -1.31 -1.3100001 -1.3105836 -1.3501142 -1.0400935 -1.04 -1.04 -1.04 -1.04 -1.04 -1.04 -1.032294 -0.71 -0.71 -0.71 -0.71 -0.71 -0.73999987 -0.74 -0.74 -0.74 -0.74 -0.74 -0.74 -0.74 -0.42000009 -0.42 -0.42 -0.42 -0.42 -0.42 -0.42000011 -0.99 -0.99 -0.99 -0.99 -0.87 -0.87 -0.87 -0.87 -0.080002925 -0.08 -0.08 -0.08 -0.079993279 0.54 0.54 0.74 0.74 1.4075692 
-1.31 -1.31 -1.31 -1.31 -1.310002 -1.311746 -1.0632048 -1.0400044 -1.04 -1.04 -1.04 -1.04 -1.04 -1.04 -1.0287978 -0.71000014 -0.71 -0.71 -0.71 -0.71018056 -0.74 -0.74 -0.74 -0.74 -0.74 -0.74 -0.74 -0.74 -0.42000007 -0.42 -0.42 -0.42 -0.42 -0.42 -0.98999948 -0.99 -0.99 -0.99 -0.99 -0.87 -0.87 -0.87 -0.87 -0.6567824 -0.08 -0.08 -0.08 0.53999306 0.54 0.54 1.71 1.71 1.71 
-1.31 -1.31 -1.31 -1.3100002 -1.3100183 -1.3011759 -1.0412506 -1.0400011 -1.04 -1.04 -1.04 -1.04 -1.04 -1.04 -1.0240617 -0.71000776 -0.71 -0.71 -0.71000003 -0.73939215 -0.74 -0.74 -0.74 -0.74 -0.74 -0.74 -0.74 -0.74 -0.4200003 -0.42 -0.42 -0.42 -0.42 -0.93974971 -0.99000004 -0.99 -0.99 -0.99 -0.99 -0.87 -0.87 -0.87 -0.87 -0.87 -0.08 -0.08 -0.08 0.53999999 0.54 0.54 1.71 1.71 1.71 
-1.31 -1.31 -1.3100001 -1.3100018 -1.3100223 -1.1681305 -1.0402169 -1.0400007 -1.04 -1.04 -1.04 -1.04 -1.04 -1.0399994 -1.018431 -0.71012052 -0.71000001 -0.71 -0.71015532 -0.73999745 -0.74 -0.74 -0.74 -0.74 -0.74 -0.74 -0.74 -0.73999981 -0.420002 -0.42 -0.4200005 -1.0675824 -1.13 -1.13 -1.13 -0.99 -0.99 -0.99 -0.99 -0.87 -0.87 -0.87 -0.87 -0.87 -0.080014005 -0.08 -0.079999696 0.53999996 0.54 0.54000064 1.71 1.71 1.71 
