interpolatedSpi/04-08|22_2.tif
NCOLS 53
NROWS 52
XLLCORNER -116.03883
YLLCORNER 28.596182
DX 0.49850594
DY 0.49788537
NODATA_VALUE -9999
[rows 0 to 38 of 52, columns 0 to 52 of 53]
-0.082 -0.082 -0.42625128 -0.54 -0.3 -0.174 -0.082 -0.21 -0.70162695 -0.568 -0.584 0.108 -0.015998188 0.006 -0.128 -0.128 -0.128 0.496 0.172 0.172 0.172 0.17199505 -0.342 -0.054 -0.054 -0.054 0.011996302 0.012 0.012 -0.186 -0.186 -0.186 -0.186 0.46599987 0.466 0.466 0.466 0.466 0.466 0.46600001 0.74499566 0.74798684 0.696 0.696 0.696 0.696 0.69569293 0.508 0.508 0.508 0.86799925 0.868 0.868
-0.0820367 -0.908 -0.3119996 -0.15161681 -0.085917349 -0.054 -0.268 0.11945265 -0.158 -0.224 0.072 -0.016 -0.016 0.47243947 0.0060044693 -0.128 0.496 0.496 0.17242245 0.172 0.172 0.172 -0.050104855 -0.054 -0.054 -0.054 -0.19799999 -0.198 -0.186 -0.186 -0.186 -0.186 -0.186 0.46599991 0.466 0.466 0.466 0.466 0.46600002 0.64051038 1.5759042 0.80278047 0.696 0.696 0.696 0.696 0.696 0.508 0.508 0.508 0.53785154 0.868 0.868
0.12199023 0.122 0.036 0.372 -0.016 -0.306 0.07 0.296 -0.28 0.38 0.016 0.18 -0.068 0.566 0.474 -0.02 0.496 0.496 0.496 0.10002093 0.1 0.1 0.02 -0.054 -0.054 -0.054 -0.198 -0.198 -0.198 -0.186 -0.186 -0.18599998 0.058551234 0.46653319 0.46905298 0.79099438 0.794 0.794 0.89235499 1.576 1.576 1.5748747 0.696 0.696 0.696 0.696 0.696 0.508 0.508 0.508 0.508 0.868 0.868
-0.154 0.12200005 0.35997457 1.134 -0.008 0.384 0.494 0.082 0.2 0.53929841 0.424 0.472 0.404 0.566 -0.398 -0.02 -0.82578743 -0.83106953 -0.822 0.1 0.1 -0.466 0.02 0.02 -0.054 -0.054000719 -0.198 -0.198 -0.198 -0.258 0.060233082 0.322 0.322 0.32200037 0.794 0.794 0.794 0.794 1.576 1.576 1.576 1.576 0.696 0.696 0.696 0.696 0.696 0.50800237 0.508 0.508 0.508 0.86800353 0.868
-0.154 0.85999908 0.36 0.53363784 -0.008 0.082 0.20201627 1.012 0.272 1.0159996 0.68797145 0.53390632 -0.12 -0.398 -0.398 -0.15783847 -0.832 -0.832 -0.822 -0.822 0.099998854 -0.466 0.386 0.16 0.118 0.11818468 -0.198 -0.198 -0.258 -0.258 0.322 0.322 0.322 0.37404642 0.794 0.794 0.794 1.576 1.576 1.576 1.576 1.5759627 0.69600001 0.696 0.696 0.696 0.696 0.69432657 0.508 0.50802099 0.976 0.976 0.976
-1.994 0.07 0.081999994 0.282 -0.16 0.106 -0.038 0.096430072 0.444 -0.152 -0.876 -0.11 -0.11000001 -0.128 -0.128 -0.48796234 -0.488 -0.412 -0.412 -0.82199944 -0.624 -0.624 0.16 0.118 0.118 0.908 0.482 0.482 0.85789799 -0.258 0.322 0.322 0.598 0.59809613 1.5179341 1.594 1.594 1.5815687 1.576 1.576 1.1904814 1.19 1.1900022 0.87282251 0.87598011 0.87599995 0.87599999 0.87599994 1.1034097 0.976 0.976 0.976 0.976
-1.0380081 -0.768 -0.45980635 -0.368 -0.168 -0.448 0.096000001 0.174 0.178 0.178 -0.876 -0.114 -0.7579998 -0.128 -0.33199939 -0.332 -0.488 -0.29 -0.19 -0.19 -0.59572411 -0.564 -0.564 0.65999999 0.908 0.908 0.482 0.482 0.85797086 0.85746354 1.2512364 0.598 0.598 1.518 1.518 1.6441069 1.594 1.594 1.9439879 1.190001 1.19 1.19 1.1900127 0.87600369 0.876 0.876 0.876 0.87600016 1.146 0.97603369 0.976 0.976 0.976
-1.038 0.13 0.09 -1.162 -0.99000986 -0.486 -0.392 0.116 -0.28 0.16 0.16 0.002 -0.758 -0.758 -0.33492275 -0.76187729 -0.804 -0.07 -0.43999974 -0.19 0.23500592 0.316 -0.498 0.392 0.39199768 0.212 0.61 0.60999995 0.35975207 0.35800002 1.254 0.53489164 1.032 1.518 1.5164028 1.686 1.686 1.944 1.944 1.19 1.19 1.19 1.53766 1.538 0.876 0.876 0.876 1.1459897 1.146 1.146 0.976 0.976 0.976
-0.031121903 0.13 0.518 -0.466 -0.626 -0.622 -0.256 0.178 0.502 0.12560945 -0.1 0.027999997 0.028 0.488 0.48799302 -0.70627313 -0.706 -0.706 -0.12648107 -0.31200007 -0.638 -0.63799999 0.228 -0.21189533 0.23013925 0.212 0.572 0.61 1.0872107 1.09 0.396 1.382 1.0405225 0.996 1.462 1.418 1.824 1 2.1554662 1.1941781 2.126 1.526 1.5380176 1.538 1.5342739 0.876 1.62 1.146 1.146 1.146 1.146 0.96006305 0.582
-0.932 -0.932 0.512 -0.202 -0.666 -0.448 -0.558 -0.486 -0.062 0.02995307 0.142 0.536 0.488 0.488 -0.254 -0.26019938 -0.706 -0.70590193 -0.262 -0.312 -0.312 -0.35399975 0.228 0.55399383 0.554 0.554 0.572 1.312 1.312 1.09 1.09 1.3807141 0.704 0.996 1.328 1.418 1.824 1.798 2.156 0.74524075 1.526 1.5700807 1.646 1.538 1.538 1.62 1.62 1.62 1.146 1.146 0.848 0.848 0.8479999
-0.932 -0.932 -0.106 -0.356 -0.614 -0.588 -0.78799999 -0.14585251 0.036 -0.15 0.052 -0.42 0.53472721 -0.254 -0.254 -0.25401615 -0.394 -0.38707202 -0.262 -0.3 -0.3 -0.46 -0.46 0.554 0.554 0.554 1.312 1.312 1.312 0.044 0.044 0.044001088 1.08 1.08 0.946 0.738 1.676 1.156003 1.442 0.722 0.722 0.78400283 1.646 1.538 1.3379999 1.146 1.2934126 1.292 1.146 1.146 0.848 0.848 0.848
-0.932 -0.57536757 -0.21268392 -0.36199153 0.356 -0.584 -0.788 -0.146 0.03599848 -0.14793935 -0.41999965 -0.42 -0.482 -0.254 -0.254 -0.394 -0.394 -0.39399249 -0.262 -0.3 -0.33142074 -0.46 -0.46 0.55395977 0.554 0.62697574 0.776 0.776 0.77600007 0.044 0.044 0.286 0.286 1.0799996 0.946 1.166 1.6484187 1.156 1.156 0.722 0.784 0.784 0.78400414 1.338 1.338 1.146 1.292 1.292 1.146 1.146 0.848 0.848 0.848
0.522 0.18954319 0.21797891 0.21380695 0.35599503 -0.58397781 -0.78799999 -0.15390264 0.023458339 0.031143044 -0.482 -0.482 -0.482 -0.482 -0.2540323 -0.394 -0.394 -0.39229567 -0.262 -0.29986438 0.168 0.168 0.168 0.168 0.54765941 0.776 0.776 0.776 0.776 0.77550663 0.286 0.286 0.286 0.286 1.166 1.166 1.166 1.1568882 1.15241 0.678 0.678 0.7839943 0.79601855 1.3379478 1.338 1.146 1.292 1.292 1.146 1.146 0.84908111 0.848 0.62113857
0.522 0.218 0.218 0.218 0.218 0.21799967 -0.78747767 -0.48420586 -0.010001687 -0.48144673 -0.482 -0.482 -0.482 -0.482 -0.48199971 -0.394 -0.39399998 -0.3849457 -0.26200045 0.168 0.168 0.168 0.168 0.168 0.17842164 0.62307017 0.53600005 0.536 0.536 0.536 0.286 0.286 0.28600009 0.362 0.362 1.166 0.82378851 0.814 0.67800008 0.678 0.678 0.678 0.796 0.796 0.796 0.79843568 1.0614792 1.06 1.06 1.06 1.06 0.95799998 0.958
0.744 0.218 0.218 0.218 0.218 0.218 0.21799994 -0.44408126 -0.087638336 -0.088000001 -0.088 -0.088 -0.088 -0.088 -0.088000004 0.4429816 -0.38053091 -0.37592458 0.16794589 0.168 0.168 0.168 0.168 0.16800046 0.65 0.65 0.64999984 0.536 0.536 0.53546335 0.268 0.268 0.362 0.362 0.362 0.74159444 0.814 0.814 0.814 0.678 0.678 0.678 0.796 0.796 0.796 0.796 1.06 1.06 1.06 1.06 1.06 0.958 0.958
0.744 0.54817618 0.218 0.218 0.218 0.218 0.03603572 0.036 0.035999997 -0.088 -0.088 -0.088 -0.088 -0.088 0.031568992 0.454 0.454 0.454 0.56080015 0.5619996 0.562 0.562 0.562 0.562 0.65 0.65 0.65 0.65 0.536 0.268 0.268 0.268 0.36199999 0.362 0.362 0.628 0.81375373 0.814 0.814 0.67791828 0.5146528 0.13363187 0.796 0.796 0.072240479 0.07 0.07 1.0578545 -0.23944311 -0.24399989 -0.24399975 0.086131906 0.95799823
0.744 0.34890413 0.27872552 0.218 0.218 0.036107534 0.036 0.036 0.036 0.03510642 -0.088 -0.088 -0.088 -0.087999934 0.454 0.454 0.454 0.454 0.56190353 0.562 0.562 0.562 0.562 0.562 0.65 0.65 0.65 0.65 0.64861053 0.268 0.268 0.268 0.51399999 0.36203073 0.628 0.628 0.628 0.62513379 0.17518195 0.132 0.132 0.132 -0.094 -0.094 0.07 0.07 0.07 -0.244 -0.244 -0.244 -0.244 0.086 0.086
0.33831785 0.338 0.338 0.33799999 -0.172 0.035994635 0.036 0.036 0.036 0.036 -0.013048849 -0.0879871 -0.087999972 0.454 0.454 0.454 0.454 0.454 0.44037166 0.562 0.562 0.562 0.562 0.562 0.31067594 -0.1619956 -0.162 -0.162 -0.162 0.26800001 0.514 0.514 0.514 0.514 0.628 0.6279931 0.366 0.366 0.13492184 0.132 0.132 0.132 -0.094 -0.094 0.044607153 0.07 0.07 -0.244 -0.244 -0.244 -0.24046154 0.086 0.086
0.338 0.338 0.338 0.097833392 -0.172 -0.172 0.036 0.036 0.036 0.036 0.902 0.902 0.902 0.454 0.454 0.454 0.454 0.45394613 0.104 0.104 0.56199981 0.562 0.55002187 0.07 0.067911404 -0.162 -0.162 -0.162 -0.162 0.51393117 0.514 0.514 0.514 0.514 0.36600092 0.366 0.366 0.366 0.36516711 0.132 0.132 0.132 -0.094 -0.094 -0.094 0.07 0.07 -0.24399999 -0.244 -0.244 0.086 0.086 0.086
0.338 0.338 0.338 -0.172 -0.172 -0.172 -0.17199968 0.036 0.036 0.90110604 0.902 0.902 0.902 0.90172087 0.19012829 0.128 0.128 0.128 0.104 0.104 0.104 0.07 0.07 0.07 0.069931649 -0.16829429 -0.162 -0.162 -0.162 0.23328894 0.18803206 0.188 0.188 0.188 0.29434612 0.19400039 0.194 0.194 0.194 -0.41392529 -0.414 -0.414 -0.094 -0.094 -0.17199967 -0.17199982 0.336 0.336 0.024 0.024 0.024 0.086 0.28382296
0.33799943 0.338 0.33799998 -0.172 -0.172 -0.172 -0.172 -0.40799987 0.034224714 0.9012909 0.902 0.902 0.902 0.9004812 0.128 0.128 0.128 0.12799999 0.104 0.104 0.104 0.07 0.07 0.07 -0.174 -0.174 -0.212 -0.212 -0.212 -0.20981787 0.188 0.188 0.188 0.188 0.19099823 0.194 0.194 0.194 0.194 -0.414 -0.414 -0.414 -0.40638575 -0.172 -0.172 -0.172 0.336 0.336 0.024 0.024 0.024 0.28399999 0.284
0.154 0.22513334 -0.146 -0.14600754 -0.172 -0.40663451 -0.408 -0.408 -0.35625823 0.11999999 0.12 0.12 0.12 0.014003451 0.014000001 0.12799991 0.128 0.12736764 0.104 0.104 0.104 -0.416 -0.416 -0.416 -0.174 -0.174 -0.212 -0.212 -0.212 -0.21200003 -0.25799717 -0.25799875 0.17679046 0.18752186 -0.55914313 -0.56 -0.56 -0.56 -0.56 -0.414 -0.414 -0.414 -0.18532541 -0.172 -0.172 -0.17199999 0.336 0.336 0.33598877 0.024 0.024006081 0.16 0.284
-0.22992708 -0.22999999 -0.146 -0.146 -0.146 -0.408 -0.408 -0.408 -0.266 -0.266 0.12 0.12 0.12 0.014 0.014 0.014 0.014 0.014010422 0.104 0.104 0.10399998 -0.416 -0.416 -0.416 -0.174 -0.174 -0.212 -0.212 -0.212 -0.25748135 -0.258 -0.258 -0.258 -0.258 -0.55985098 -0.56 -0.56 -0.56 -0.56 -0.61199995 -0.612 -0.612 -0.612 -0.17199975 -0.14 -0.14 -0.14 0.258 0.258 0.258 0.16 0.16 0.16
-0.23 -0.23 -0.146 -0.146 -0.146 -0.40662288 -0.408 -0.266 -0.266 -0.266 0.11995248 0.12 -0.08591543 0.013999967 0.014 0.014 0.014 -0.202 -0.202 -0.202 -0.81999999 -0.8199997 -0.41600197 -0.416 -0.41616326 -0.806 -0.806 -0.80599858 -0.21209599 -0.71990793 -0.71999754 -0.71991934 -0.25878961 -0.2583987 -0.50651251 -0.56000019 -0.56165551 -1.054 -1.054 -0.612 -0.612 -0.612 -0.612 -0.14 -0.14 -0.14 -0.14 0.258 0.258 0.258 0.16 0.16 0.16
-0.23 -0.23 -0.146 -0.146 -0.146 -0.146 -0.35485355 -0.266 -0.266 -0.266 -0.26592598 -0.132 -0.132 -0.132 0.013139588 0.014 -0.20056063 -0.202 -0.202 -0.202 -0.82 -0.82 -0.82 -0.82 -0.806 -0.806 -0.806 -0.806 -0.806 -0.72 -0.72 -0.72 -0.72 -0.71999965 -0.556 -1.054 -1.054 -1.054 -1.054 -1.0539979 -0.474 -0.474 -0.474 -0.36986741 -0.154 -0.154 -0.154 0.25799999 0.25799971 -0.044 -0.044 0.233982 0.234
-0.23 -0.23 -0.1763181 -0.146 -0.146 -0.14600001 -0.45566284 -0.26659878 -0.266 -0.266 -0.132 -0.132 -0.132 -0.132 -0.132 -0.12004326 -0.202 -0.202 -0.202 -0.202 -0.81999522 -0.82 -0.82 -0.82 -0.806 -0.806 -0.806 -0.806 -0.806 -1.0126267 -0.72 -0.72 -0.72 -0.556 -0.556 -0.55638671 -1.054 -1.054 -0.77711297 -0.56200004 -0.474 -0.474 -0.474 -0.3729757 -0.154 -0.154 -0.154 -0.804 -0.053469526 -0.044 -0.044 0.234 0.234
-0.616 -0.616 -0.616 -0.26384192 -0.14653096 -0.456 -0.456 -0.456 -0.456 -0.154 -0.154 -0.132 -0.132 -0.132 -0.132 -0.13200445 -0.202 -0.202 -0.202 -0.202 -0.55032485 -0.82 -0.82 -0.81445187 -0.61681672 -0.806 -0.806 -0.806 -1.116 -1.116 -1.116 -1.1159983 -0.556 -0.556 -0.556 -0.556 -0.562 -0.562 -0.562 -0.562 -0.474 -0.474 -0.474 -0.6579963 -0.658 -0.658 -0.65799984 -0.804 -0.804 -0.044926018 -0.044 0.23399797 0.234
-0.616 -0.616 -0.616 -0.61599418 -0.508 -0.50043835 -0.456 -0.456 -0.456 -0.154 -0.154 -0.154 -0.57199998 -0.572 -0.572 -0.57199998 -0.20171057 -0.202 -0.202 -0.202 -0.2113595 -0.60800058 -0.608 -0.608 -0.608 -0.608 -0.714 -0.714 -1.116 -1.116 -1.116 -1.116 -0.55600007 -0.556 -0.556 -0.55600749 -0.56199999 -0.562 -0.562 -0.56021895 -0.474 -0.474 -0.474 -0.65799147 -0.658 -0.658 -0.658 -0.804 -0.804 -0.80399991 -0.168 -0.168 -0.282
-0.616 -0.616 -0.616 -0.50800025 -0.508 -0.508 -0.45600002 -0.456 -0.456 -0.154 -0.154 -0.154 -0.572 -0.572 -0.572 -0.53178776 -0.044 -0.044 -0.044000408 -0.20110758 -0.608 -0.608 -0.608 -0.608 -0.608 -0.60807977 -0.714 -0.714 -0.714 -1.116 -1.116 -1.1158996 -0.648 -0.648 -0.648 -0.194 -0.194 -0.156 -0.156 -0.156 0.17 -0.473798 -0.47399745 -0.132 -0.132 -0.1519348 -0.65799886 -0.804 -0.804 -0.168 -0.168 -0.168 -0.282
-0.616 -0.616 -0.616 -0.508 -0.508 -0.508 -0.508 -0.456 -0.456 -0.154 -0.154 -0.55528603 -0.572 -0.572 -0.572 -0.044 -0.044 -0.044 -0.044 -0.044 -0.608 -0.608 -0.608 -0.608 -0.608 -0.71399964 -0.714 -0.714 -0.714 -0.96 -0.96 -0.96 -0.648 -0.648 -0.648 -0.194 -0.194 -0.156 -0.156 0.17 0.17 0.17 -0.132 -0.132 -0.132 -0.132 -0.098155298 0.28 0.28 0.28 -0.16799999 0.502 0.502
-0.616 -0.616 -0.61584961 -0.508 -0.508 -0.508 -0.508 -0.75742708 -0.77 -0.76894241 -0.15400001 -0.5719938 -0.572 -0.572 -0.57199817 -0.044 -0.044 -0.044 -0.044 -0.044 0.55432912 -0.608 -0.608 -0.608 -0.60786612 -0.71395746 -0.714 -0.714 -0.714 -0.96 -0.96 -0.96 -0.95995645 -0.648 -0.194 -0.194 -0.194 -0.19399843 -0.15597777 0.17 0.17 0.17 -0.13198167 -0.132 -0.132 -0.132 0.2800001 0.28 0.28 0.28 0.502 0.502 0.502
-0.692 -0.69199987 -0.5080633 -0.508 -0.508 -0.508 -0.76994425 -0.77 -0.77 -0.77 -0.49800001 -0.498 -0.498 -0.498 -0.046095397 -0.044 -0.044 -0.044 -0.044 0.60399961 0.604 0.604 0.041999892 0.042 0.042 0.042 -0.023252524 -0.714 -1.1419825 -1.142 -1.142 -1.142 -1.142 -0.18 -0.18 -0.18 -0.18 -0.18 0.266 0.266 0.266 0.266 0.266 0.29335784 0.294 0.294 0.294 0.28 0.28 0.28 0.50196503 0.502 0.502
-0.692 -0.692 -0.69005753 -0.4600001 -0.46000001 -0.46030223 -0.77 -0.77 -0.77 -0.77 -0.498 -0.498 -0.498 -0.498 -0.498 -0.044 -0.044 -0.044 0.60399984 0.604 0.604 0.604 0.042000002 0.042 0.042 0.042 0.042 0.041838851 -1.141861 -1.142 -1.142 -1.142 -1.1419442 -0.30245075 -0.18012679 -0.18 -0.18 -0.18 0.266 0.266 0.266 0.266 0.266 0.294 0.294 0.294 0.294 0.28745333 0.28 0.10991899 0.108 0.022 0.022
-0.692 -0.692 -0.46002939 -0.46 -0.46 -0.46 -0.53873869 -0.77 -0.77 -0.77 -0.498 -0.498 -0.498 -0.498 -0.498 -0.044341156 -0.044 0.60381001 0.604 0.604 0.604 0.604 0.25019654 0.042 0.042 0.042 0.042 0.041416561 -0.782 -0.782 -0.782 -0.782 -0.782 -0.396 -0.396 -0.396 -0.396 -0.396 -0.116 -0.116 -0.116 -0.116 -0.116 0.29381443 0.29399996 0.294 0.29398712 0.2924231 0.108 0.108 0.108 0.022000482 0.022
-0.69199934 -0.34097956 -0.45999998 -0.46 -0.46 -0.46 -0.46 -0.76986801 -0.77 -0.77 -0.498 -0.498 -0.498 -0.498 0.38200978 0.402 0.402 0.6039948 0.604 0.604 0.604 0.604 0.60399987 0.042 0.042 0.042 0.042 -0.41200033 -0.41200017 -0.49074499 -0.782 -0.782 -0.782 -0.396 -0.396 -0.396 -0.396 -0.39586996 -0.116 -0.116 -0.116 -0.116 -0.11599985 0.218 0.218 0.218 0.218 0.21799113 0.108 0.108 0.108 0.10799993 -0.0036170868
-0.334 -0.334 -0.34246969 -0.46 -0.46 -0.46 -0.46 -0.46 -0.7698658 0.063999987 0.064 0.064 0.062666259 0.4019987 0.402 0.402 0.402 0.402 0.60399556 0.56604818 0.234 0.234 0.234 0.18225662 -0.011624371 -0.29855821 -0.54055061 -0.412 -0.412 -0.412 -0.412 -0.412 -0.4251767 -0.20617736 -0.204 -0.204 -0.204 -0.204 -0.11562432 -0.114 -0.114 -0.114 -0.114 0.1500002 0.21799998 0.218 0.218 0.272 0.10800263 0.108 0.108 -0.004 -0.004
-0.334 -0.334 -0.234 -0.234 -0.234 -0.45992472 -0.46 -0.46 0.064 0.064 0.064 0.064 0.064 0.40199998 0.402 0.402 0.402 0.402 0.234 0.234 0.234 0.234 0.234 -0.62799996 -0.628 -0.628 -0.628 -0.412 -0.412 -0.412 -0.412 -0.412 -0.398 -0.398 -0.204 -0.204 -0.204 -0.15200886 -0.152 -0.114 -0.114 -0.114 -0.11399994 0.15 0.15 0.15 0.272 0.272 0.272 0.48 0.48 -0.004 -0.004
-0.334 -0.334 -0.234 -0.234 -0.234 -0.234 -0.2340004 -0.306 0.063651634 0.064 0.064 0.064 0.064 0.39778376 0.402 0.402 0.402 0.402 0.234 0.234 0.234 0.234 0.234 -0.628 -0.628 -0.628 -0.628 -0.62799914 -0.412 -0.412 -0.412 -0.39800073 -0.398 -0.398 -0.398 -0.204 -0.152 -0.152 -0.152 -0.15100015 0.21983135 0.282 0.282 0.15 0.15 0.15 0.272 0.272 0.272 0.48 0.48 0.48 -0.20506903
-0.472 -0.47199892 -0.234 -0.234 -0.234 -0.234 -0.306 -0.306 -0.306 0.064 0.064 0.064 0.064 0.064105074 0.402 0.402 0.402 0.402 0.23400291 0.234 0.234 0.234 -0.47614481 -0.628 -0.628 -0.628 -0.628 -0.80799985 -0.808 -0.808 -0.41624962 -0.398 -0.398 -0.398 -0.39799996 -0.352 -0.152 -0.152 -0.152 -0.152 0.282 0.282 0.282 0.19 0.19 0.19 0.0080257101 0.272 0.272 0.48 0.48 0.48 -0.22599928
