interpolatedSpi/04-06|19_2.tif
NCOLS 53
NROWS 52
XLLCORNER -116.03883
YLLCORNER 28.596182
DX 0.49850594
DY 0.49788537
NODATA_VALUE -9999
-0.34 -0.34 -0.26486538 -0.6775 -0.6325 -0.6525 -0.9625 -1.1925 -1.4678759 -1.045 -0.7675 -0.685 -0.91498703 -0.7575 -1.03 -1.03 -1.03 -0.3375 -0.805 -0.805 -0.805 -0.80500674 -1.505 -0.82 -0.82 -0.82 -0.95749103 -0.9575 -0.9575 -1.3225 -1.3225 -1.3225 -1.3225 -1.5325 -1.5325 -1.5325 -1.5325 -1.5325 -1.5325 -1.5325 -0.2290394 -0.21526361 -1.25 -1.25 -1.25 -1.25 -1.2500041 -1.2525 -1.2525 -1.2525 -0.92000069 -0.92 -0.92 
-0.34000911 -0.545 -0.3424993 -0.33287701 -0.70016255 -0.1575 0.2775 -0.65519856 -1.75 -1.2825 -0.7 -0.915 -0.915 -0.48840031 -0.75749915 -1.03 -0.3375 -0.3375 -0.80439044 -0.805 -0.805 -0.805 -0.83592272 -0.82 -0.82 -0.82 -0.91499999 -0.915 -1.3225 -1.3225 -1.3225 -1.3225 -1.3225 -1.5325 -1.5325 -1.5325 -1.5325 -1.5325 -1.5324999 -1.3248359 -0.32253735 -1.1374551 -1.25 -1.25 -1.25 -1.25 -1.25 -1.2525 -1.2525 -1.2525 -1.2249288 -0.92 -0.92 
-0.060019166 -0.06 0.2625 0.2375 -0.58 -1.17 -0.795 -0.5325 -1.0525 -1.0625 -0.86 -1.2575 -0.7475 -0.7875 -0.4875 -1.04 -0.3375 -0.3375 -0.3375 -0.84498837 -0.845 -0.845 -1.1225 -0.82 -0.82 -0.82 -0.915 -0.915 -0.915 -1.3225 -1.3225 -1.3225 -1.5018215 -1.5297653 -1.5191432 -0.11064958 -0.0975 -0.0975 -0.12579907 -0.3225 -0.3225 -0.32368604 -1.25 -1.25 -1.25 -1.25 -1.25 -1.2525 -1.2525 -1.2525 -1.2525 -0.92 -0.92 
0.125 -0.060000065 -0.38008042 -0.03 -0.5175 -0.72 -0.4975 -1.2175 -0.6 -0.040004462 -0.8575 -1.085 -1.2475 -0.7875 -0.92 -1.04 -0.9581312 -0.95706559 -1.4775 -0.845 -0.845 -0.85 -1.1225 -1.1225 -0.82 -0.82000047 -0.915 -0.915 -0.915 -1.3525 -1.5404221 -1.695 -1.695 -1.6949987 -0.0975 -0.0975 -0.0975 -0.0975 -0.3225 -0.3225 -0.3225 -0.32250003 -1.25 -1.25 -1.25 -1.25 -1.25 -1.2525 -1.2525 -1.2525 -1.2525 -0.9199902 -0.92 
0.125 -0.3825 -0.38 -0.56940693 -0.5175 -0.505 -0.80997037 -1.02 -1.07 -1.2750001 -1.2604437 -1.2525426 -1.55 -0.92 -0.92 -0.9989956 -0.9575 -0.9575 -1.4775 -1.4775 -0.84500006 -0.85 -1.18 -1.235 -1.02 -1.0200175 -0.915 -0.915 -1.3525 -1.3525 -1.695 -1.695 -1.695 -1.6591711 -0.097500002 -0.0975 -0.0975 -0.3225 -0.3225 -0.3225 -0.3225 -0.32254899 -1.25 -1.25 -1.25 -1.25 -1.25 -1.2500223 -1.2525 -1.2524716 -0.62 -0.62 -0.62 
-1.8225 -0.5925 0.375 -0.4375 0.0725 -0.265 -0.75 -0.78456773 -1.255 -0.9875 -1.48 -1.4925 -1.4925 -2.0325 -2.0325 -1.2524372 -1.2525 -1.0425 -1.0425 -1.4774997 -1.31 -1.31 -1.235 -1.02 -1.02 -1.095 -1.2675 -1.2675 -1.1600176 -1.3525 -1.695 -1.695 -1.505 -1.5050071 -1.5724951 -1.3725 -1.3725 -0.64734147 -0.3225 -0.3225 -0.82936704 -0.83 -0.82999963 -0.18660909 -0.16761964 -0.16750029 -0.16750004 -0.16750041 -0.60261797 -0.62 -0.62 -0.62 -0.62 
-0.99250695 -0.1925 -0.57860819 -0.3875 -0.115 -0.8375 -1.2625 -1.4175 -1.3325 -1.3325 -1.48 -1.2275 -1.3299999 -2.0325 -0.99250312 -0.9925 -1.2525 -1.06 -1.1175 -1.1175 -1.2946839 -1.2775 -1.2775 -1.1875 -1.095 -1.095 -1.2675 -1.2675 -1.1600073 -1.1601341 -0.87875738 -1.505 -1.505 -1.5725 -1.5725 -1.3275672 -1.3725 -1.3725 -1.3325014 -0.8300007 -0.83 -0.83 -0.82999701 -0.16750053 -0.1675 -0.1675 -0.1675 -0.16750024 -0.5775 -0.61999158 -0.62 -0.62 -0.62 
-0.9925 -1.6225 -0.395 -1.335 -0.78753139 -1.6475 -1.3125 -1.2225 -1.375 -0.8975 -0.8975 -0.7425 -1.33 -1.33 -0.99481556 -0.80807171 -0.79 -0.67 -1.1325 -1.1175 -0.60285155 -0.5725 -0.895 -1.03 -1.0299989 -0.9475 -0.74 -0.74000019 -1.284562 -1.285 -0.8775 -0.94456908 -1.3725 -1.5725 -1.5628028 -1.29 -1.29 -1.3325 -1.3325 -0.83 -0.83 -0.83 -0.26529294 -0.2625 -0.1675 -0.1675 -0.1675 -0.57748439 -0.5775 -0.5775 -0.62 -0.62 -0.62 
-1.5231263 -1.6225 -0.6325 -0.015 -0.5625 -1.265 -1.0625 -0.9775 -1.005 -0.81760216 -0.6325 -0.41 -0.41 -0.2 -0.19999779 -1.0143729 -1.015 -1.015 -0.74060134 -0.23750015 -0.93 -0.93 -0.655 -0.80041995 -0.95581382 -0.9475 -0.725 -0.74 -0.96120705 -0.9625 -0.825 -0.925 -0.87085915 -1.2125 -1.2325 -1.2 -1.2475 -1.59 -0.88782439 -0.82936391 -0.6875 -0.6375 -0.26252443 -0.2625 -0.26196529 -0.1675 -0.88499996 -0.5775 -0.5775 -0.5775 -0.5775 -0.54591807 0.1825 
-0.9675 -0.9675 -0.8775 -0.39 -0.6425 -1.4625 -0.9775 -1.2075 -0.435 -0.76997901 -0.4075 -0.88 -0.2 -0.2 0.035 0.020598776 -1.015 -1.0148129 -0.2275 -0.2375 -0.2375 -0.32671723 -0.655 -0.90999517 -0.91 -0.91 -0.725 -0.4875 -0.4875 -0.9625 -0.9625 -0.92479611 -0.8175 -1.2125 -1.025 -1.2 -1.2475 -1.4825 -0.8875 0.21188868 -0.6375 -0.55484864 -0.4125 -0.2625 -0.2625 -0.885 -0.885 -0.885 -0.5775 -0.5775 -0.025 -0.025 -0.024999922 
-0.9675 -0.9675 -0.915 -1.4975 -0.4775 -0.5825 -0.90249999 -1.0076792 -1.2825 -1.2075 -0.3225 -0.9525 -0.88009551 0.035 0.035 0.035009229 0.115 0.097023993 -0.2275 -0.3275 -0.3275 0.1875 0.1875 -0.91 -0.91 -0.91 -0.4875 -0.4875 -0.4875 -1.09 -1.09 -1.0899996 -0.735 -0.735 -1.425 -0.955 -0.4875 -0.99749868 -1.06 0.23 0.23 -0.5349996 -0.4125 -0.2625 -0.38750001 -0.4275 -0.31496562 -0.3125 0.25 0.25 -0.025 -0.025 -0.025 
-0.9675 -0.94500717 -1.1635735 -1.544985 -0.54 -0.475 -0.9025 -1.0075 -1.2824977 -1.2083309 -0.95250033 -0.9525 0.145 0.035 0.035 0.115 0.115 0.11498051 -0.2275 -0.3275 -0.22636448 0.1875 0.1875 -0.9099557 -0.91 -0.82206752 -0.6425 -0.6425 -0.64249998 -1.09 -1.09 -0.55 -0.55 -0.73500189 -1.425 -0.16500041 -0.54442537 -0.9975 -0.9975 0.22999998 -0.535 -0.535 -0.53499891 -0.3875 -0.3875 -0.4275 -0.3125 -0.3125 0.25 0.25 -0.025 -0.025 -0.025 
-0.7325 -0.35133494 -0.29504413 -0.30404325 -0.53999967 -0.47500153 -0.90249999 -1.0062075 -1.2635497 -1.2805415 0.145 0.145 0.145 0.145 0.035015582 0.115 0.115 0.11057778 -0.2275 -0.32731637 0.305 0.305 0.305 0.305 -0.88922444 -0.6425 -0.6425 -0.6425 -0.6425 -0.64268774 -0.55 -0.55 -0.55 -0.55 -0.165 -0.165 -0.165 -0.9571787 -0.98809305 0.255 0.255 -0.53495751 0.2199792 -0.38744149 -0.3875 -0.4275 -0.3125 -0.3125 0.25 0.25 -0.02400233 -0.025 -0.2491146 
-0.7325 -0.295 -0.295 -0.295 -0.295 -0.29500008 -0.90140567 -0.95221777 -1.212992 0.14346462 0.145 0.145 0.145 0.145 0.14500035 0.115 0.11499995 0.091506838 -0.22749351 0.305 0.305 0.305 0.305 0.305 0.30175375 -0.41079215 -0.37750005 -0.3775 -0.3775 -0.3775 -0.54999999 -0.55 -0.54999935 -0.01 -0.01 -0.165 0.33567874 0.35 0.25500005 0.255 0.255 0.255 0.22 0.22 0.22 0.21549399 -0.0045408539 -0.0025 -0.0025 -0.0025 -0.0024999954 0.75249984 0.7525 
0.8625 -0.295 -0.295 -0.295 -0.295 -0.295 -0.29500004 -0.60523969 0.61769121 0.6275 0.6275 0.6275 0.6275 0.6275 0.6275 0.61764069 0.12294397 0.068100427 0.30493316 0.305 0.305 0.305 0.305 0.30500035 0.155 0.155 0.15499925 -0.3775 -0.3775 -0.37617839 0.2825 0.2825 -0.01 -0.01 -0.01 0.29233207 0.35 0.35 0.35 0.255 0.255 0.255 0.22 0.22 0.22 0.22 -0.0024999891 -0.0025 -0.0025 -0.0025 -0.0025 0.7525 0.7525 
0.8625 0.4315759 -0.295 -0.295 -0.295 -0.295 0.19990285 0.2 0.20000001 0.6275 0.6275 0.6275 0.6275 0.6275 0.62529393 0.6175 0.6175 0.6175 0.60159417 0.6024997 0.6025 0.6025 0.6025 0.6025 0.155 0.155 0.155 0.155 -0.3775 0.2825 0.2825 0.2825 -0.0099999737 -0.01 -0.0099999995 0.7 0.35046341 0.35 0.35 0.25507193 0.39860194 0.73356539 0.22 0.22 0.65864213 0.66 0.66 -0.0011875761 0.7922131 0.79499993 0.79499985 1.1224439 0.75250075 
0.8625 0.41728739 0.059232225 -0.295 -0.295 0.19970753 0.2 0.2 0.2 0.20308069 0.6275 0.6275 0.6275 0.6275 0.6175 0.6175 0.6175 0.6175 0.6025134 0.6025 0.6025 0.6025 0.6025 0.6025 0.15500001 0.155 0.155 0.155 0.15546377 0.2825 0.2825 0.2825 0.75999999 -0.0099091914 0.7 0.7 0.7 0.7016778 0.71063111 0.735 0.735 0.735 0.9875 0.9875 0.66 0.66 0.66 0.795 0.795 0.795 0.795 1.1225 1.1225 
0.40543988 0.405 0.405 0.405 0.25 0.20000129 0.2 0.2 0.2 0.2 0.63128525 0.62750065 0.6275 0.6175 0.6175 0.6175 0.6175 0.6175 0.59628081 0.6025 0.6025 0.6025 0.6025 0.6025 0.65161598 1.072495 1.0725 1.0725 1.0725 0.28250002 0.75999999 0.76 0.76 0.76 0.7 0.70000408 0.855 0.855 0.73649838 0.735 0.735 0.735 0.9875 0.9875 0.71070828 0.66 0.66 0.795 0.795 0.795 0.79851165 1.1225 1.1225 
0.405 0.405 0.405 0.33200819 0.25 0.25 0.2 0.2 0.2 0.2 0.6775 0.6775 0.6775 0.6175 0.6175 0.6175 0.6175 0.61750578 0.3 0.3 0.60249988 0.6025 0.60408248 0.6675 0.67114604 1.0725 1.0725 1.0725 1.0725 0.76003182 0.76 0.76 0.76 0.76 0.85499946 0.855 0.855 0.855 0.85460871 0.735 0.735 0.735 0.9875 0.9875 0.9875 0.66 0.66 0.795 0.795 0.795 1.1225 1.1225 1.1225 
0.405 0.405 0.405 0.25 0.25 0.25 0.24999992 0.2 0.2 0.67700708 0.6775 0.6775 0.6775 0.67746262 0.64582978 0.6525 0.6525 0.6525 0.3 0.3 0.3 0.6675 0.6675 0.6675 0.66752311 0.90334091 1.0725 1.0725 1.0725 1.1351889 1.2124555 1.2125 1.2125 1.2125 1.0776185 1.3899988 1.39 1.39 1.39 1.6823704 1.6825 1.6825 0.9875 0.9875 1.454998 1.4549999 1.06 1.06 1.08 1.08 1.08 1.1225 0.8752213 
0.40500267 0.405 0.40499999 0.25 0.25 0.25 0.25 0.70249985 0.20200919 0.67750227 0.6775 0.6775 0.6775 0.67745094 0.6525 0.6525 0.6525 0.6524999 0.3 0.3 0.3 0.6675 0.6675 0.6675 0.75 0.75 1.18 1.18 1.18 1.1801773 1.2125 1.2125 1.2125 1.2125 1.3012013 1.39 1.39 1.39 1.39 1.6825 1.6825 1.6825 1.675342 1.455 1.455 1.455 1.06 1.06 1.08 1.08 1.08 0.87500001 0.875 
1.265 0.86811631 0.8475 0.84732666 0.25 0.69988185 0.7025 0.7025 0.82638873 0.68000001 0.68 0.68 0.68 0.86499398 0.865 0.65250016 0.6525 0.64321214 0.3 0.3 0.3 0.4425 0.4425 0.4425 0.75 0.75 1.18 1.18 1.18 1.18 1.2175 1.2175 1.2126257 1.2125054 1.5021684 1.5025 1.5025 1.5025 1.5025 1.6825 1.6825 1.6825 1.4675266 1.455 1.455 1.4549999 1.06 1.06 1.0600007 1.08 1.0799719 0.4525 0.875 
1.2100104 1.2099999 0.8475 0.8475 0.8475 0.7025 0.7025 0.7025 1.0425 1.0425 0.68 0.68 0.68 0.865 0.865 0.865 0.865 0.86493649 0.3 0.3 0.30000001 0.4425 0.4425 0.4425 0.75 0.75 1.18 1.18 1.18 1.2170772 1.2175 1.2175 1.2175 1.2175 1.5023594 1.5025 1.5025 1.5025 1.5025 1.3475001 1.3475 1.3475 1.3475 1.4549945 0.7325 0.7325 0.7325 0.6375 0.6375 0.6375 0.4525 0.4525 0.4525 
1.21 1.21 0.8475 0.8475 0.8475 0.70326215 0.7025 1.0425 1.0425 1.0425 0.68004462 0.68 1.0068499 0.86500005 0.865 0.865 0.865 1 1 1 0.81999999 0.81999972 0.44250184 0.4425 0.44303542 1.2 1.2 1.2 1.1800032 1.4474542 1.4474988 1.4474598 1.2178931 1.2176985 1.4518886 1.5024997 1.5001793 0.81 0.81 1.3475 1.3475 1.3475 1.3475 0.7325 0.7325 0.7325 0.7325 0.6375 0.6375 0.6375 0.4525 0.4525 0.4525 
1.21 1.21 0.8475 0.8475 0.8475 0.8475 0.82975207 1.0425 1.0425 1.0425 1.0425207 1.08 1.08 1.08 0.86626704 0.865 0.99910039 1 1 1 0.82 0.82 0.82 0.82 1.2 1.2 1.2 1.2 1.2 1.4475 1.4475 1.4475 1.4475 1.4474996 1.2475 0.81 0.81 0.81 0.81 0.80999897 0.4 0.4 0.4 0.437424 0.515 0.515 0.515 0.6375 0.63750033 0.9825 0.9825 1.3547804 1.355 
1.21 1.21 0.97833705 0.8475 0.8475 0.84750002 1.5266394 1.0440285 1.0425 1.0425 1.0800001 1.08 1.08 1.08 1.08 1.0623652 1 1 1 1 0.82000139 0.82 0.82 0.82 1.2 1.2 1.2 1.2 1.2 0.88589312 1.4475 1.4475 1.4475 1.2475 1.2475 1.2471603 0.81 0.81 0.78889581 0.7725 0.4 0.4 0.4 0.43863631 0.515 0.515 0.515 1.2425 0.98573957 0.9825 0.9825 1.355 1.355 
1.915 1.915 1.915 1.1151516 0.84895193 1.5275 1.5275 1.5275 1.5275 1.5975 1.5975 1.08 1.08 1.08 1.08 1.0799949 1 1 1 1 0.89854616 0.82 0.82 0.81934574 0.81303419 1.2 1.2 1.2 0.6875 0.6875 0.6875 0.68750319 1.2475 1.2475 1.2475 1.2475 0.7725 0.7725 0.7725 0.7725 0.68 0.68 0.68 0.99249372 0.9925 0.9925 0.99249985 1.2425 1.2425 0.9828168 0.9825 1.3549997 1.355 
1.915 1.915 1.915 1.914996 1.84 1.7945574 1.5275 1.5275 1.5275 1.5975 1.5975 1.5975 1.5575 1.5575 1.5575 1.5575 1.0013327 1 1 1 0.9972692 0.79500007 0.795 0.795 0.795 0.79499999 0.15000001 0.15 0.6875 0.6875 0.6875 0.6875 1.2474998 1.2475 1.2475 1.2474752 0.77250001 0.7725 0.7725 0.77328963 0.68 0.68 0.68 0.99248551 0.9925 0.9925 0.9925 1.2425 1.2425 1.2425 1.305 1.305 1.325 
1.915 1.915 1.915 1.8400002 1.84 1.84 1.5275001 1.5275 1.5275 1.5975 1.5975 1.5975 1.5575 1.5575 1.5575 1.5704471 1.7275 1.7275 1.7274981 1.0041091 0.795 0.795 0.795 0.795 0.795 0.7945146 0.15 0.15 0.15 0.6875 0.6875 0.68740828 0.9425 0.9425 0.9425 0.81 0.81 0.9525 0.9525 0.9525 1.3075 0.68019683 0.6800047 1.31 1.31 1.2979671 0.99250126 1.2425 1.2425 1.305 1.305 1.305 1.325 
1.915 1.915 1.915 1.84 1.84 1.84 1.84 1.5275 1.5275 1.5975 1.5975 1.5590994 1.5575 1.5575 1.5575 1.7275 1.7275 1.7275 1.7275 1.7275 0.795 0.795 0.795 0.795 0.795 0.1500022 0.15 0.15 0.15 0.545 0.545 0.545 0.9425 0.9425 0.9425 0.81 0.81 0.9525 0.9525 1.3075 1.3075 1.3075 1.31 1.31 1.31 1.31 1.3058926 1.26 1.26 1.26 1.305 1.2575 1.2575 
1.915 1.915 1.9148956 1.84 1.84 1.84 1.84 1.9280611 1.9325 1.9319249 1.5975 1.5575184 1.5575 1.5575 1.5575006 1.7275 1.7275 1.7275 1.7275 1.7275 1.5406755 0.795 0.795 0.795 0.79494181 0.1500204 0.15 0.15 0.15 0.545 0.545 0.545 0.54505844 0.9425 0.81 0.81 0.81 0.81000597 0.95252421 1.3075 1.3075 1.3075 1.3099998 1.31 1.31 1.31 1.2599972 1.26 1.26 1.26 1.2575 1.2575 1.2575 
1.565 1.5650006 1.8400297 1.84 1.84 1.84 1.9324803 1.9325 1.9325 1.9325 1.7775 1.7775 1.7775 1.7775 1.7277307 1.7275 1.7275 1.7275 1.7275 1.5725001 1.5725 1.5725 0.51250005 0.5125 0.5125 0.5125 0.48121159 0.15 0.6749785 0.675 0.675 0.675 0.675 0.96 0.96 0.96 0.96 0.96 1.31 1.31 1.31 1.31 1.31 0.98049745 0.98 0.98 0.98 1.26 1.26 1.26 1.2575004 1.2575 1.2575 
1.565 1.565 1.5664443 1.7375002 1.7375 1.7376902 1.9325 1.9325 1.9325 1.9325 1.7775 1.7775 1.7775 1.7775 1.7775 1.7275 1.7275 1.7275 1.5725 1.5725 1.5725 1.5725 0.5125 0.5125 0.5125 0.5125 0.5125 0.51242346 0.6750753 0.675 0.675 0.675 0.67503025 1.0648768 0.9601086 0.96 0.96 0.96 1.31 1.31 1.31 1.31 1.31 0.98 0.98 0.98 0.98 1.1109335 1.26 1.1166178 1.115 1.065 1.065 
1.565 1.565 1.7374781 1.7375 1.7375 1.7375 1.7870292 1.9325 1.9325 1.9325 1.7775 1.7775 1.7775 1.7775 1.7775 1.7275324 1.7275 1.5725454 1.5725 1.5725 1.5725 1.5725 0.90518387 0.5125 0.5125 0.5125 0.5125 0.51275322 0.87 0.87 0.87 0.87 0.87 1.145 1.145 1.145 1.145 1.145 1.4275 1.4275 1.4275 1.4275 1.4275 0.98039067 0.98000008 0.98 0.98002712 0.98328285 1.115 1.115 1.115 1.0650003 1.065 
1.565 1.5625487 1.7375 1.7375 1.7375 1.7375 1.7375 1.932417 1.9325 1.9325 1.7775 1.7775 1.7775 1.7775 1.1272706 1.1125 1.1125 1.5724882 1.5725 1.5725 1.5725 1.5725 1.5724998 0.5125 0.5125 0.5125 0.5125 0.94249992 0.94249997 0.92707024 0.87 0.87 0.87 1.145 1.145 1.145 1.145 1.1450457 1.4275 1.4275 1.4275 1.4275 1.4274835 1.14 1.14 1.14 1.14 1.139998 1.115 1.115 1.115 1.115 1.0847055 
1.5625 1.5625 1.5559501 1.7375 1.7375 1.7375 1.7375 1.7375 1.9324146 0.98750001 0.9875 0.9875 0.98937483 1.112501 1.1125 1.1125 1.1125 1.1125 1.5724929 1.5117258 0.98 0.98 0.98 0.8603922 0.50009436 0.43371414 0.37803652 0.9425 0.9425 0.9425 0.9425 0.9425 0.94356081 1.213005 1.2125 1.2125 1.2125 1.2125 1.3871114 1.2125004 1.2125 1.2125 1.2125 0.89500072 1.1399999 1.14 1.14 1.36 1.1150039 1.115 1.115 1.085 1.085 
1.5625 1.5625 1.3 1.3 1.3 1.7373543 1.7375 1.7375 0.9875 0.9875 0.9875 0.9875 0.9875 1.1125 1.1125 1.1125 1.1125 1.1125 0.98 0.98 0.98 0.98 0.98 0.35750003 0.3575 0.3575 0.3575 0.9425 0.9425 0.9425 0.9425 0.9425 1.2575 1.2575 1.2125 1.2125 1.2125 1.1575094 1.1575 1.2125 1.2125 1.2125 1.2124999 0.895 0.895 0.895 1.36 1.36 1.36 1.265 1.265 1.085 1.085 
1.5625 1.5625 1.3 1.3 1.3 1.3 1.2999966 0.6725 0.98720342 0.9875 0.9875 0.9875 0.9875 1.1109407 1.1125 1.1125 1.1125 1.1125 0.98 0.98 0.98 0.98 0.98 0.3575 0.3575 0.3575 0.3575 0.3575024 0.9425 0.9425 0.9425 1.2574835 1.2575 1.2575 1.2575 1.2125 1.1575 1.1575 1.1575 1.1589472 0.75938295 0.675 0.675 0.895 0.895 0.895 1.36 1.36 1.36 1.265 1.265 1.265 0.61855608 
1.175 1.175003 1.3 1.3 1.3 1.3 0.6725 0.6725 0.6725 0.9875 0.9875 0.9875 0.9875 0.98753886 1.1125 1.1125 1.1125 1.1125 0.98000214 0.98 0.98 0.97999999 0.46715331 0.3575 0.3575 0.3575 0.3575 0.78249965 0.7825 0.7825 0.94079454 1.2575 1.2575 1.2575 1.2574997 0.98 1.1575 1.1575 1.1575 1.1575 0.675 0.675 0.675 1.1025 1.1025 1.1025 1.3525007 1.36 1.36 1.265 1.265 1.265 0.57000108 
1.175 1.175 1.3 1.3 1.3 0.6725 0.6725 0.6725 0.6725 0.95295428 0.9875 0.9875 0.9875 0.98749809 0.45257595 0.4525 0.4525 0.4525 0.28406364 0.4675 0.4675 0.4675 0.4675 0.3575 0.3575 0.3575 0.35752803 0.7825 0.7825 0.7825 0.7825 1.2574468 1.1014143 0.98 0.98 0.98 1.1555396 0.63251093 0.6325 0.6325 0.67514295 0.85749999 0.8575 1.1025 1.1025 1.1025011 1.3525 1.3525 0.9525 0.9525 0.9525 1.0625 0.9575 
1.175 1.175 0.3475 0.3475 0.3475 0.6725 0.6725 0.6725 0.6725 0.4375 0.4375 0.4375 0.4375 0.43855709 0.4525 0.4525 0.4525 0.4525 0.2775 0.4675 0.4675 0.4675 0.4675 -0.04 -0.039999843 0.35749941 0.7825 0.7825 0.7825 0.7825 0.83945596 0.895 0.96988617 0.98 0.98 0.98 0.6325 0.6325 0.6325 0.6325 0.8575 0.8575 0.8575 1.2423786 1.2425 1.3520056 1.3525 1.3525 0.95250142 0.9525 1.0625 1.0625 0.9575 
1.175 0.3475 0.3475 0.3475 0.3475 0.3475 0.66960832 0.3 0.3 0.4375 0.4375 0.4375 0.4375 0.43750355 0.4525 0.4525 0.4525 0.44459294 0.2775 0.2775 0.4675 0.4675 -0.04 -0.04 -0.04 -0.04 0.7825 0.7825 0.7825 0.7825 0.895 0.895 0.895 0.97991399 0.98 0.98 0.6325 0.6325 0.6325 0.6325 0.8575 0.8575 0.8575 1.2425 1.2425 1.2424994 1.2325 1.2325 1.2225 1.2225 1.0625 1.0625 0.9575 
0.35527125 0.3475 0.3475 0.3475 0.3475 0.3475 0.3 0.3 0.3 0.37359575 0.4375 0.4375 0.4375 0.43749879 0.4525 0.4525 0.4525 0.2775 0.2775 0.2775 0.46749051 0.4674969 -0.04 -0.04 -0.04 -0.04 0.78244154 0.7825 0.7825 0.89497413 0.895 0.895 0.895 0.895 0.97948459 0.765 0.765 0.76270686 0.6325 0.6325 0.8574998 0.8575 1.231306 1.2425 1.2425 1.2325 1.2325 1.2325 1.2225 1.2225 0.9475 0.9475 0.6575 
0.3475 0.3475 0.3475 0.3475 0.3475 0.3475 0.3 0.3 0.3 0.3 0.37000194 0.37 0.37 0.37 0.45249945 0.34513084 0.285 0.285 0.27751383 0.2775 0.27750004 -0.039999263 -0.04 -0.04 -0.04 -0.04 -0.039401997 0.7825 0.78250385 0.895 0.895 0.895 0.895 0.895 0.765 0.765 0.765 0.765 0.765 0.76499953 0.7675 0.7675 0.76750001 0.7925 0.7925 0.7925 0.8725 0.8725 0.6225 0.6225 0.9475 0.94749937 0.6575 
0.3475 0.3475 0.3475 0.3475 0.3475 0.3475 0.3 0.3 0.3 0.37 0.37 0.37 0.37 0.37 0.3475942 0.285 0.285 0.285 0.285 0.285 0.2846419 -0.039999997 -0.04 -0.04 -0.039999998 -0.020923886 0.56654805 0.75322271 0.89444521 0.895 0.895 0.895 0.895 0.89499972 0.765 0.765 0.765 0.765 0.765 0.76616299 0.7675 0.7675 0.7675 0.7925 0.7925 0.7925 0.8725 0.8725 0.6225 0.6225 0.23500001 0.63419323 0.6575 
0.3475 0.3475 0.3475 0.3475 0.3475 0.34749999 0.30000001 0.3 0.30290539 0.37 0.37 0.37 0.37 0.37 0.36592288 0.285 0.285 0.285 0.285 0.285 0.285 0.47373525 0.56749915 0.5675 0.5675 0.5675 0.5675 0.5675 0.48901386 0.48750482 0.48750001 0.4875 0.4875 0.4875002 0.765 0.765 0.765 0.765 0.765 0.7675 0.7675 0.7675 0.7675 0.76750001 0.79222745 0.6225 0.87249997 0.20426393 0.62212323 0.235 0.235 0.23177807 0.08 
0.3475 0.3475 0.3475 0.3475 0.3475 0.34749697 0.30000256 0.30000424 0.36999991 0.37 0.37 0.37 0.37 0.37 0.36838263 0.285 0.285 0.285 0.285 0.285 0.285 0.5675 0.5675 0.5675 0.5675 0.5675 0.5675 0.5675 0.48752208 0.4875 0.4875 0.4875 0.4875 0.4875 0.56353497 0.765 0.765 0.765 0.765 0.7675 0.7675 0.7675 0.7675 0.76746285 0.6225 0.6225 0.61980497 0.1925 0.1925 0.235 0.235 0.08 0.08 
0.3475 0.3475 0.3475 0.3475 0.3475 0.34743665 0.30005835 0.36210096 0.37 0.37 0.37 0.37 0.37 0.37 0.36851193 0.285 0.285 0.285 0.285 0.285 0.32522287 0.5675 0.5675 0.5675 0.5675 0.5675 0.5675 0.5675 0.48750032 0.4875 0.4875 0.4875 0.4875 0.4875 0.4875 0.55260145 0.22244247 0.041913015 0.01444194 0.72861141 0.76749999 0.7675 0.7675 0.62251158 0.6225 0.62164939 0.47999863 0.1925 0.1925 0.1675507 0.1675 0.1675 0.080000036 
0.3475 0.3475 0.3475 0.3475 0.34749995 0.3471039 0.30638478 0.36998075 0.37 0.37 0.37 0.37 0.37 0.37 0.36801512 0.285 0.285 0.285 0.285 0.285 0.56749878 0.5675 0.5675 0.5675 0.5675 0.5675 0.5675 0.5675 0.48750002 0.4875 0.4875 0.4875 0.4875 0.4875 0.4874999 -4.2192709e-17 -5.5511151e-17 -5.5511151e-17 6.4402616e-10 0.1625 0.1625 0.1625 0.1625 0.48000041 0.48 0.48 0.48 0.47999905 0.4 0.4 0.1675 0.1675 -0.013859753 
0.3475 0.3475 0.3475 0.3475 0.34749867 0.34624223 0.36527953 0.36999909 0.37 0.37 0.37 0.37 0.37 0.37 0.36711458 0.28500003 0.285 0.285 0.285 0.28670024 0.5675 0.5675 0.5675 0.5675 0.5675 0.5675 0.5675 0.5675 0.48750002 0.4875 0.4875 0.4875 0.4875 0.4875 4.4714798e-07 -5.5511151e-17 -5.5511151e-17 -5.5511151e-17 3.9864487e-17 0.1625 0.1625 0.1625 0.1625 0.24819188 0.48 0.48 0.48 0.40000089 0.4 0.4 -0.0925 -0.0925 -0.0925 
0.3475 0.3475 0.3475 0.34749989 0.34748717 0.34595132 0.36974927 0.36999977 0.37 0.37 0.37 0.37 0.37 0.36999999 0.36589469 0.285002 0.285 0.285 0.28500032 0.5617761 0.5675 0.5675 0.5675 0.5675 0.5675 0.5675 0.5675 0.5675 0.48750007 0.4875 0.4875 0.4875 0.4875 0.033634058 -4.0305904e-08 -5.5511151e-17 -5.5511151e-17 -5.5511151e-17 -5.5511111e-17 0.1625 0.1625 0.1625 0.1625 0.1625 0.48 0.48 0.48 0.4 0.4 0.4 -0.0925 -0.0925 -0.0925 
0.3475 0.3475 0.34749996 0.34749874 0.34744112 0.35745554 0.36995736 0.36999986 0.37 0.37 0.37 0.37 0.37 0.36999984 0.36444434 0.28503104 0.285 0.28500001 0.28646264 0.56747598 0.5675 0.5675 0.5675 0.5675 0.5675 0.5675 0.5675 0.56749995 0.4875005 0.4875 0.48749956 -0.07799445 -0.1325 -0.1325 -0.1325 -1.3820524e-11 -5.5511151e-17 -5.5511151e-17 -5.5487549e-17 0.1625 0.1625 0.1625 0.1625 0.1625 0.47999437 0.48 0.47999996 0.40000001 0.4 0.39999973 -0.0925 -0.0925 -0.0925 
