interpolatedSpi/04-07|19_2.tif
NCOLS 53
NROWS 52
XLLCORNER -116.03883
YLLCORNER 28.596182
DX 0.49850594
DY 0.49788537
NODATA_VALUE -9999
[rows 0 to 39 of 52, columns 0 to 52 of 53]
0.29 0.29 0.35694659 -0.35 -0.0975 0.03 -0.2275 -0.365 -0.81348254 -0.68 -0.4975 0.055 -0.28500803 -0.3825 -0.2775 -0.2775 -0.2775 -0.0275 -0.2025 -0.2025 -0.2025 -0.2025047 -0.68999999 -0.1825 -0.1825 -0.1825 -0.32998951 -0.33 -0.33 -0.665 -0.665 -0.665 -0.665 -1.2749999 -1.275 -1.275 -1.275 -1.275 -1.275 -1.275 -0.2906029 -0.28026356 -1.315 -1.315 -1.315 -1.315 -1.3150368 -1.3375 -1.3375 -1.3375 -0.14250248 -0.1425 -0.1425
0.28999944 0.2775 0.41500061 0.34202565 -0.12747934 0.3925 0.9225 -0.11005024 -0.9675 -0.5225 -0.02 -0.285 -0.285 -0.038650392 -0.38249491 -0.2775 -0.0275 -0.0275 -0.20227182 -0.2025 -0.2025 -0.2025 -0.20868695 -0.1825 -0.1825 -0.1825 -0.74749996 -0.7475 -0.665 -0.665 -0.665 -0.665 -0.665 -1.2749999 -1.275 -1.275 -1.275 -1.275 -1.2749999 -1.1350308 -0.46002479 -1.2112525 -1.315 -1.315 -1.315 -1.315 -1.315 -1.3375 -1.3375 -1.3375 -1.2384095 -0.1425 -0.1425
0.48248246 0.4825 0.9475 0.62 -0.0625 -0.51 -0.2425 0.2975 -0.435 -0.575 -0.2925 -0.4325 0.0475 -0.4725 -0.0375 -0.695 -0.0275 -0.0275 -0.0275 -0.51490916 -0.515 -0.515 -0.68 -0.1825 -0.1825 -0.1825 -0.7475 -0.7475 -0.7475 -0.665 -0.665 -0.66500002 -0.91171753 -1.2729693 -1.2659481 -0.31141148 -0.3025 -0.3025 -0.32230935 -0.46 -0.46 -0.46109333 -1.315 -1.315 -1.315 -1.315 -1.315 -1.3375 -1.3375 -1.3375 -1.3375 -0.1425 -0.1425
0.2175 0.48249987 -0.16506396 0.2225 -0.18 -0.0925 0.075 -0.545 -0.1275 0.10877201 -0.44 -0.66 -0.6 -0.4725 -0.5025 -0.695 -0.49901106 -0.49717069 -1.075 -0.515 -0.515 -0.145 -0.68 -0.68 -0.1825 -0.18250282 -0.7475 -0.7475 -0.7475 -1.44 -1.2959721 -1.1775 -1.1775 -1.1774993 -0.3025 -0.3025 -0.3025 -0.3025 -0.46 -0.46 -0.46 -0.46000003 -1.315 -1.315 -1.315 -1.315 -1.315 -1.3374997 -1.3375 -1.3375 -1.3375 -0.14253185 -0.1425
0.2175 0.049999606 -0.165 -0.24138139 -0.18 0.1875 -0.12247386 -0.355 -0.575 -0.82250027 -0.85399713 -0.86756302 -1.3075 -0.5025 -0.5025 -0.62819842 -0.4975 -0.4975 -1.075 -1.075 -0.51499934 -0.145 -0.4775 -0.63 -0.39 -0.38999834 -0.7475 -0.7475 -1.44 -1.44 -1.1775 -1.1775 -1.1775 -1.1826859 -0.3025 -0.3025 -0.3025 -0.46 -0.46 -0.46 -0.46 -0.4600543 -1.315 -1.315 -1.315 -1.315 -1.315 -1.3152003 -1.3375 -1.3374901 -1.1175 -1.1175 -1.1175
-1.45 -0.12 0.15750002 -0.215 0.4925 0.3325 -0.5325 -0.50977492 -1.0025 -0.9275 -1.11 -1.29 -1.29 -1.715 -1.715 -0.87994568 -0.88 -0.625 -0.625 -1.0749997 -0.88 -0.88 -0.63 -0.39 -0.39 -0.3825 -0.9125 -0.9125 -0.77506064 -1.44 -1.1775 -1.1775 -1.205 -1.2050583 -1.76246 -1.44 -1.44 -0.76318537 -0.46 -0.46 -1.0217984 -1.0225 -1.0225001 -0.39650531 -0.38010334 -0.38000025 -0.38000003 -0.38000035 -0.43521237 -1.1175 -1.1175 -1.1175 -1.1175
-0.43250532 0.14 -0.10087191 -0.1175 0.0925 -0.5825 -0.955 -1.0475 -1.27 -1.27 -1.11 -0.9275 -0.87249993 -1.715 -0.65500318 -0.655 -0.88 -0.6875 -0.695 -0.695 -0.86704022 -0.8525 -0.8525 -0.5325 -0.3825 -0.3825 -0.9125 -0.9125 -0.77501122 -0.77520654 -0.70580943 -1.205 -1.205 -1.7625 -1.7625 -1.2058048 -1.44 -1.44 -1.2575063 -1.0225003 -1.0225 -1.0225 -1.0224994 -0.38000011 -0.38 -0.38 -0.38 -0.37999994 -0.2875 -1.1173355 -1.1175 -1.1175 -1.1175
-0.4325 -0.74 0.2225 -1.2375 -0.5450397 -1.5675 -1.45 -1.095 -1.43 -0.8775 -0.8775 -0.6025 -0.8725 -0.8725 -0.65649225 -0.40909562 -0.385 -0.6225 -0.72999996 -0.695 -0.47438592 -0.4625 -0.5975 -0.955 -0.95499755 -0.765 -0.355 -0.3550002 -0.96682545 -0.96749999 -0.705 -0.93407574 -1.575 -1.7625 -1.7368309 -1.01 -1.01 -1.2575 -1.2575 -1.0225 -1.0225 -1.0225 -0.40310938 -0.4 -0.38 -0.38 -0.38 -0.28750352 -0.2875 -0.2875 -1.1175 -1.1175 -1.1175
-0.70965689 -0.73999999 0.145 0.0175 -0.43 -1.055 -0.915 -1.08 -1.285 -1.2351601 -0.9925 -0.38250001 -0.3825 -0.0525 -0.052498754 -0.55701923 -0.5575 -0.5575 -0.63891004 0.044999864 -0.6025 -0.6025 -0.275 -0.47040806 -0.78414698 -0.765 -0.48 -0.355 -0.68805331 -0.69 -0.755 -0.7275 -0.73002157 -0.9775 -0.8625 -0.7875 -1.07 -1.66 -0.82038788 -1.0227567 -1.08 -0.8175 -0.40003257 -0.4 -0.39988743 -0.38 -0.74749998 -0.2875 -0.2875 -0.2875 -0.2875 -1.0073109 0.28
-0.54 -0.54 -0.13 0.0575 -0.625 -1.4 -1.1175 -1.21 -0.785 -1.2225031 -0.97 -0.96 -0.0525 -0.0525 0.08 0.071256399 -0.5575 -0.55745824 -0.43 0.045 0.045 -0.038419709 -0.275 -0.56249456 -0.5625 -0.5625 -0.48 -0.385 -0.385 -0.69 -0.69 -0.72750948 -0.7325 -0.9775 -0.785 -0.7875 -1.07 -1.2875 -0.82 -0.17561557 -0.81750001 -0.73760368 -0.6 -0.4 -0.4 -0.7475 -0.7475 -0.7475 -0.2875 -0.2875 -0.2325 -0.2325 -0.23249981
-0.54 -0.54 -0.315 -1.0375 -0.5975 -0.77 -1.0675 -1.3050234 -1.385 -1.5775 -0.6425 -1.405 -0.96059108 0.08 0.08 0.080005768 0.13 0.10060857 -0.43 -0.2375 -0.2375 0.6925 0.6925 -0.5625 -0.5625 -0.5625 -0.385 -0.385 -0.385 -0.6 -0.6 -0.60000022 -0.3725 -0.3725 -1.0575 -0.785 -0.6175 -1.2499984 -0.7275 -0.165 -0.165 -0.59000003 -0.6 -0.4 -0.58749996 -0.58 -0.56578599 -0.565 0.27 0.27 -0.2325 -0.2325 -0.2325
-0.54 -0.44305611 -0.62331652 -1.1999811 -0.66 -0.3375 -1.0675 -1.305 -1.3849993 -1.5753673 -1.4050002 -1.405 -0.0025 0.08 0.08 0.13 0.13 0.12996813 -0.43 -0.2375 -0.05486692 0.6925 0.6925 -0.56244985 -0.5625 -0.5600346 -0.555 -0.555 -0.55499998 -0.6 -0.6 -0.43 -0.43 -0.37250188 -1.0575 -0.42750026 -0.68965909 -1.25 -1.25 -0.16500001 -0.59 -0.59 -0.58999998 -0.5875 -0.5875 -0.58 -0.565 -0.565 0.27 0.27 -0.2325 -0.2325 -0.2325
-0.775 -0.3658002 -0.36002444 -0.36607763 -0.65999842 -0.33750761 -1.0675 -1.3020765 -1.3794872 -1.3900267 -0.0025 -0.0025 -0.0025 -0.0025 0.079988313 0.13 0.13 0.12276951 -0.43 -0.23734641 0.2975 0.2975 0.2975 0.2975 -0.5479485 -0.555 -0.555 -0.555 -0.555 -0.55499513 -0.43 -0.43 -0.43 -0.43 -0.4275 -0.4275 -0.4275 -1.2101288 -1.2419825 -0.1825 -0.1825 -0.58997808 -0.23001224 -0.58746557 -0.5875 -0.58 -0.565 -0.565 0.27 0.27 -0.23067698 -0.2325 -0.46481358
-0.775 -0.36 -0.36 -0.36 -0.36 -0.35999999 -1.0656314 -1.1798865 -1.3647795 -0.0039936403 -0.0025 -0.0025 -0.0025 -0.0025 -0.002499781 0.13 0.12999991 0.091587822 -0.42998984 0.2975 0.2975 0.2975 0.2975 0.2975 0.29609152 -0.41377821 -0.44250002 -0.4425 -0.4425 -0.4425 -0.42999999 -0.43 -0.42999953 -0.04 -0.04 -0.4275 0.1485236 0.165 -0.1824998 -0.1825 -0.1825 -0.1825 -0.23 -0.23 -0.23 -0.23243568 -0.40604413 -0.405 -0.405 -0.405 -0.40499999 0.32999988 0.33
0.5625 -0.36 -0.36 -0.36 -0.36 -0.36 -0.36000004 -0.85858778 0.28850378 0.2975 0.2975 0.2975 0.2975 0.2975 0.2975 0.62324297 0.13788495 0.053317413 0.29740872 0.2975 0.2975 0.2975 0.2975 0.29750055 0.2325 0.2325 0.23249905 -0.4425 -0.4425 -0.44132857 0.1425 0.1425 -0.04 -0.04 -0.04 0.13216134 0.165 0.165 0.165 -0.1825 -0.1825 -0.1825 -0.23 -0.23 -0.23 -0.23 -0.40499999 -0.405 -0.405 -0.405 -0.405 0.33 0.33
0.5625 0.21906373 -0.36 -0.36 -0.36 -0.36 -0.19753189 -0.1975 -0.19749999 0.2975 0.2975 0.2975 0.2975 0.2975 0.37085183 0.63 0.63 0.63 0.76856108 0.76999952 0.77 0.77 0.77 0.77 0.2325 0.2325 0.2325 0.2325 -0.4425 0.1425 0.1425 0.1425 -0.039999984 -0.04 -0.04 0.4075 0.16532108 0.165 0.165 -0.18240625 0.0044816904 0.44063201 -0.23 -0.23 0.37562522 0.3775 0.3775 -0.40352692 0.48687238 0.48999992 0.48999983 0.72743977 0.33000081
0.5625 -0.028684201 -0.2005955 -0.36 -0.36 -0.19759601 -0.1975 -0.1975 -0.1975 -0.19393289 0.2975 0.2975 0.2975 0.29750004 0.63 0.63 0.63 0.63 0.76987494 0.77 0.77 0.77 0.77 0.77 0.23250001 0.2325 0.2325 0.2325 0.23217264 0.1425 0.1425 0.1425 0.78499998 -0.039934565 0.4075 0.4075 0.4075 0.41135683 0.42494276 0.4425 0.4425 0.4425 0.6725 0.6725 0.3775 0.3775 0.3775 0.49 0.49 0.49 0.49 0.7275 0.7275
-0.044606241 -0.045 -0.045 -0.045000001 -0.18 -0.19749955 -0.1975 -0.1975 -0.1975 -0.1975 0.29636419 0.2974998 0.2975 0.63 0.63 0.63 0.63 0.63 0.64997106 0.77 0.77 0.77 0.77 0.77 0.77560627 1.1949948 1.195 1.195 1.195 0.14250003 0.78499999 0.785 0.785 0.785 0.4075 0.40750928 0.76 0.76 0.44646446 0.4425 0.4425 0.4425 0.6725 0.6725 0.42317616 0.3775 0.3775 0.49 0.49 0.49 0.49254662 0.7275 0.7275
-0.045 -0.045 -0.045 -0.10857351 -0.18 -0.18 -0.1975 -0.1975 -0.1975 -0.1975 0.2825 0.2825 0.2825 0.63 0.63 0.63 0.63 0.6300157 0.7725 0.7725 0.77 0.77 0.77419965 0.9425 0.94477315 1.195 1.195 1.195 1.195 0.78504175 0.785 0.785 0.785 0.785 0.75999876 0.76 0.76 0.76 0.75891235 0.4425 0.4425 0.4425 0.6725 0.6725 0.6725 0.3775 0.3775 0.49000001 0.49 0.49 0.7275 0.7275 0.7275
-0.045 -0.045 -0.045 -0.18 -0.18 -0.18 -0.18000003 -0.1975 -0.1975 0.2820045 0.2825 0.2825 0.2825 0.28271651 0.70689513 0.725 0.725 0.725 0.7725 0.7725 0.7725 0.9425 0.9425 0.9425 0.94247899 1.0232183 1.195 1.195 1.195 1.1705641 1.2474545 1.2475 1.2475 1.2475 0.97033286 1.2649989 1.265 1.265 1.265 1.3473762 1.3475 1.3475 0.6725 0.6725 1.1074982 1.1075 1.0075 1.0075 0.84 0.84 0.84 0.7275 0.897348
-0.044998301 -0.045 -0.045000005 -0.18 -0.18 -0.18 -0.18 0.054999927 -0.19649041 0.28242972 0.2825 0.2825 0.2825 0.28336831 0.725 0.725 0.725 0.72500001 0.7725 0.7725 0.7725 0.9425 0.9425 0.9425 0.8675 0.8675 1.225 1.225 1.225 1.2251227 1.2475 1.2475 1.2475 1.2475 1.2562452 1.265 1.265 1.265 1.265 1.3475 1.3475 1.3475 1.3399487 1.1075 1.1075 1.1075 1.0075 1.0075 0.84 0.84 0.84 0.8975 0.8975
0.5025 0.25679136 0.395 0.39483318 -0.18 0.053640298 0.055 0.055 0.20894997 0.20500001 0.205 0.205 0.205 0.64998551 0.65 0.72499994 0.725 0.72625156 0.7725 0.7725 0.7725 0.505 0.505 0.505 0.8675 0.8675 1.225 1.225 1.225 1.225 1.1775004 1.1775002 1.2457407 1.247425 1.2300199 1.23 1.23 1.23 1.23 1.3475 1.3475 1.3475 1.1207149 1.1075 1.1075 1.1074999 1.0075 1.0075 1.007494 0.84 0.83998759 0.5625 0.8975
0.7199587 0.71999994 0.395 0.395 0.395 0.055 0.055 0.055 0.4775 0.4775 0.205 0.205 0.205 0.65 0.65 0.65 0.65 0.65001388 0.7725 0.7725 0.77249999 0.505 0.505 0.505 0.8675 0.8675 1.225 1.225 1.225 1.1780356 1.1775 1.1775 1.1775 1.1775 1.2299741 1.23 1.23 1.23 1.23 1.0250001 1.025 1.025 1.025 1.1074941 0.3325 0.3325 0.3325 0.515 0.515 0.515 0.5625 0.5625 0.5625
0.72 0.72 0.395 0.395 0.395 0.056787101 0.055 0.4775 0.4775 0.4775 0.20503354 0.205 0.44400898 0.64999997 0.65 0.65 0.65 0.685 0.685 0.685 0.6275 0.62749991 0.5050006 0.505 0.50535078 0.925 0.925 0.92500072 1.2249515 1.182499 1.1825 1.1824991 1.1775085 1.1775043 1.2206522 1.2299997 1.2273106 0.4275 0.4275 1.025 1.025 1.025 1.025 0.3325 0.3325 0.3325 0.3325 0.515 0.515 0.515 0.5625 0.5625 0.5625
0.72 0.72 0.395 0.395 0.395 0.395 0.21312941 0.4775 0.4775 0.4775 0.47751105 0.4975 0.4975 0.4975 0.64910128 0.65 0.68476677 0.685 0.685 0.685 0.6275 0.6275 0.6275 0.6275 0.925 0.925 0.925 0.925 0.925 1.1825 1.1825 1.1825 1.1825 1.1825 1.165 0.4275 0.4275 0.4275 0.4275 0.42749897 0.0075 0.0075 0.0075 0.099429743 0.29 0.29 0.29 0.51499999 0.51500003 0.545 0.545 0.9274112 0.9275
0.72 0.72 0.51230218 0.395 0.395 0.39500001 0.90174582 0.47883937 0.4775 0.4775 0.49750009 0.4975 0.4975 0.4975 0.4975 0.51002783 0.685 0.685 0.685 0.685 0.62750044 0.6275 0.6275 0.6275 0.925 0.925 0.925 0.925 0.925 0.81856396 1.1825 1.1825 1.1825 1.165 1.165 1.1644273 0.4275 0.4275 0.49362648 0.54499999 0.0075 0.0075 0.0075 0.099365043 0.29 0.29 0.29 0.795 0.54811498 0.545 0.545 0.9275 0.9275
1.07 1.07 1.07 0.56424106 0.39636482 0.9025 0.9025 0.9025 0.9025 0.9425 0.9425 0.49750003 0.4975 0.4975 0.4975 0.49751189 0.685 0.685 0.685 0.685 0.65259113 0.6275 0.6275 0.62252762 0.45920782 0.925 0.925 0.925 0.69 0.69 0.69 0.69000207 1.165 1.165 1.165 1.165 0.545 0.545 0.545 0.545 0.1625 0.1625 0.1625 0.60249115 0.6025 0.6025 0.6024999 0.795 0.795 0.54530461 0.545 0.92750006 0.9275
1.07 1.07 1.07 1.070014 1.33 1.2678345 0.9025 0.9025 0.9025 0.9425 0.9425 0.9425 0.75499999 0.755 0.755 0.755 0.68566404 0.685 0.685 0.685 0.68411772 0.43750052 0.4375 0.4375 0.4375 0.43749999 -0.062499992 -0.0625 0.69 0.69 0.69 0.69 1.1649999 1.165 1.165 1.1649882 0.54500001 0.545 0.545 0.54617348 0.1625 0.1625 0.1625 0.6024796 0.6025 0.6025 0.6025 0.795 0.795 0.79500002 0.94 0.94 0.89
1.07 1.07 1.07 1.3299994 1.33 1.33 0.90250016 0.9025 0.9025 0.9425 0.9425 0.9425 0.755 0.755 0.755 0.77727667 1.0475 1.0475 1.0474991 0.68704749 0.4375 0.4375 0.4375 0.4375 0.4375 0.43712372 -0.0625 -0.0625 -0.062499999 0.69 0.69 0.68976667 1.02 1.02 1.02 0.685 0.685 0.8125 0.8125 0.8125 1.09 0.16279093 0.16250679 1.0725 1.0725 1.0546875 0.60250157 0.795 0.795 0.94 0.94 0.94 0.89
1.07 1.07 1.07 1.33 1.33 1.33 1.33 0.9025 0.9025 0.9425 0.9425 0.7624973 0.755 0.755 0.755 1.0475 1.0475 1.0475 1.0475 1.0475 0.4375 0.4375 0.4375 0.4375 0.4375 -0.062498294 -0.0625 -0.0625 -0.0625 0.3275 0.3275 0.3275 1.02 1.02 1.02 0.685 0.685 0.8125 0.8125 1.09 1.09 1.09 1.0725 1.0725 1.0725 1.0725 1.0759913 1.115 1.115 1.115 0.94 0.985 0.985
1.07 1.07 1.0703621 1.33 1.33 1.33 1.33 1.3014396 1.3 1.2993862 0.9425 0.75501487 0.755 0.755 0.75500101 1.0475 1.0475 1.0475 1.0475 1.0475 0.70126311 0.4375 0.4375 0.4375 0.43745469 -0.062484246 -0.0625 -0.0625 -0.0625 0.3275 0.3275 0.3275 0.32759978 1.02 0.685 0.685 0.685 0.68500537 0.81251892 1.09 1.09 1.09 1.0725011 1.0725 1.0725 1.0725 1.1149977 1.115 1.115 1.115 0.985 0.985 0.985
0.97 0.97000017 1.3298505 1.33 1.33 1.33 1.3000064 1.3 1.3 1.3 0.93250001 0.9325 0.9325 0.9325 1.0469692 1.0475 1.0475 1.0475 1.0475 0.7125002 0.7125 0.7125 0.21750004 0.2175 0.2175 0.2175 0.1933324 -0.0625 0.30498495 0.305 0.305 0.305 0.305 0.8575 0.8575 0.8575 0.8575 0.8575 1.2625 1.2625 1.2625 1.2625 1.2625 0.89027511 0.89 0.89 0.89 1.115 1.115 1.115 0.98502048 0.985 0.985
0.97 0.97 0.9696652 0.9300008 0.93000009 0.93036097 1.3 1.3 1.3 1.3 0.9325 0.9325 0.9325 0.9325 0.9325 1.0475 1.0475 1.0475 0.71250008 0.7125 0.7125 0.7125 0.2175 0.2175 0.2175 0.2175 0.2175 0.21744085 0.30508689 0.305 0.305 0.305 0.3050349 0.93970074 0.85758512 0.8575 0.8575 0.8575 1.2625 1.2625 1.2625 1.2625 1.2625 0.89 0.89 0.89 0.89 0.9952144 1.115 1.1026395 1.1025 0.9625 0.9625
0.97 0.97 0.93000507 0.93 0.93 0.93 1.0239784 1.3 1.3 1.3 0.9325 0.9325 0.9325 0.9325 0.9325 1.0474062 1.0475 0.71259822 0.7125 0.7125 0.7125 0.7125 0.40087596 0.2175 0.2175 0.2175 0.2175 0.21772139 0.53 0.53 0.53 0.53 0.53 1.0025 1.0025 1.0025 1.0025 1.0025 1.485 1.485 1.485 1.485 1.485 0.89075692 0.89000016 0.89 0.89005255 0.89635345 1.1025 1.1025 1.1025 0.96250078 0.9625
0.96999961 0.76409416 0.92999998 0.93 0.93 0.93 0.93 1.2998425 1.3 1.3 0.9325 0.9325 0.9325 0.9325 0.3556047 0.3425 0.3425 0.71249048 0.7125 0.7125 0.7125 0.7125 0.71249989 0.2175 0.2175 0.2175 0.2175 0.71749981 0.71749991 0.67759544 0.53 0.53 0.53 1.0025 1.0025 1.0025 1.0025 1.002561 1.485 1.485 1.485 1.485 1.4849967 1.2 1.2 1.2 1.2 1.1999921 1.1025 1.1025 1.1025 1.1025 1.1669441
0.76 0.76 0.74734072 0.93 0.93 0.93 0.93 0.93 1.2998397 0.23750002 0.2375 0.2375 0.23914938 0.34250085 0.3425 0.3425 0.3425 0.3425 0.71249613 0.67942037 0.39 0.39 0.39 0.34581128 0.21189745 0.18191929 0.15694928 0.7175 0.7175 0.7175 0.7175 0.7175 0.71587281 1.0932295 1.0925 1.0925 1.0925 1.0925 1.4770161 1.4425001 1.4425 1.4425 1.4425 0.94750074 1.1999999 1.2 1.2 1.38 1.1025044 1.1025 1.1025 1.17 1.17
0.76 0.76 0.4625 0.4625 0.4625 0.92984427 0.93 0.93 0.2375 0.2375 0.2375 0.2375 0.2375 0.3425 0.3425 0.3425 0.3425 0.3425 0.39 0.39 0.39 0.39 0.39 0.14750001 0.1475 0.1475 0.1475 0.7175 0.7175 0.7175 0.7175 0.7175 1.1575 1.1575 1.0925 1.0925 1.0925 1.1049979 1.105 1.4425 1.4425 1.4425 1.4424999 0.9475 0.9475 0.9475 1.38 1.38 1.38 1.1575 1.1575 1.17 1.17
0.76 0.76 0.4625 0.4625 0.4625 0.4625 0.46249748 0.0025 0.23727874 0.2375 0.2375 0.2375 0.2375 0.34119022 0.3425 0.3425 0.3425 0.3425 0.39 0.39 0.39 0.39 0.39 0.1475 0.1475 0.1475 0.1475 0.14750234 0.7175 0.7175 0.7175 1.1574769 1.1575 1.1575 1.1575 1.0925 1.105 1.105 1.105 1.1138803 0.88400689 0.78 0.78 0.9475 0.9475 0.9475 1.38 1.38 1.38 1.1575 1.1575 1.1575 0.63109877
0.7275 0.72750026 0.4625 0.4625 0.4625 0.4625 0.0025 0.0025 0.0025 0.2375 0.2375 0.2375 0.2375 0.23753264 0.3425 0.3425 0.3425 0.3425 0.38999913 0.39 0.39 0.39 0.19021886 0.1475 0.1475 0.1475 0.1475 0.58249964 0.5825 0.5825 0.71606753 1.1575 1.1575 1.1575 1.1574997 0.80250001 1.105 1.105 1.105 1.105 0.78 0.78 0.78 1.2725 1.2725 1.2725 1.267511 1.38 1.38 1.1575 1.1575 1.1575 0.57500116
0.7275 0.7275 0.4625 0.4625 0.4625 0.0025 0.0025 0.0025 0.0025 0.21172488 0.2375 0.2375 0.2375 0.23749917 0.0375351 0.0375 0.0375 0.0375 0.13554504 0.295 0.295 0.295 0.295 0.1475 0.1475 0.1475 0.14752869 0.5825 0.5825 0.5825 0.5825 1.1574594 0.95782277 0.8025 0.8025 0.8025 1.1033005 0.65000947 0.65 0.65 0.78027611 1.1325 1.1325 1.2725 1.2725 1.2725 1.2675 1.2675 1.025 1.025 1.025 1.03 0.99
