interpolatedSpi/04-04|20_2.tif
NCOLS 53
NROWS 52
XLLCORNER -116.03883
YLLCORNER 28.596182
DX 0.49850594
DY 0.49788537
NODATA_VALUE -9999
-0.99 -0.99 -1.1090171 -1.22 -1.35 -1.26 -0.96 -1.01 -1.2468996 -1.23 -0.53 -0.36 -0.28998271 -0.08 -0.86 -0.86 -0.86 0.01 0.12 0.12 0.12 0.11998912 -1.01 -0.03 -0.03 -0.03 0.43000566 0.43 0.43 1.02 1.02 1.02 1.02 0.59000009 0.59 0.59 0.59 0.59 0.59 0.59000003 1.5298757 1.5394882 -0.47 -0.47 -0.47 -0.47 -0.46982033 -0.36 -0.36 -0.36 0.91999734 0.92 0.92 
-0.990004 -1.08 -1.2599989 -1.1733931 -1.0503251 -0.95 -1.14 -1.1499139 -1.06 -0.64 -0.49 -0.29 -0.29 -0.14976659 -0.080007736 -0.86 0.01 0.01 0.11985657 0.12 0.12 0.12 -0.059476772 -0.03 -0.03 -0.03 0.19999998 0.2 1.02 1.02 1.02 1.02 1.02 0.59000006 0.59 0.59 0.59 0.59 0.58999997 0.54340973 0.33000046 -0.37292638 -0.47 -0.47 -0.47 -0.47 -0.47 -0.36 -0.36 -0.36 -0.25386117 0.92 0.92 
1.1998996 1.2 -0.35 0.42 -0.97 -1.23 -0.74 -1.31 -1.13 -0.96 -0.36 -1.07 -0.67 -0.29 -0.15 -0.45 0.01 0.01 0.01 0.060017442 0.06 0.06 -0.59 -0.03 -0.03 -0.03 0.2 0.2 0.2 1.02 1.02 1.0199999 0.18717788 0.58803305 0.58599762 0.16394029 0.16 0.16 0.18138152 0.33 0.33 0.328977 -0.47 -0.47 -0.47 -0.47 -0.47 -0.36 -0.36 -0.36 -0.36 0.92 0.92 
0.72 1.1999998 0.049941789 -0.43 -1.04 -0.98 -0.68 -1.59 -1.18 -0.48226209 -0.55 -0.51 -0.52 -0.29 -0.25 -0.45 -0.22175972 -0.21983885 -0.63 0.06 0.06 -1.33 -0.59 -0.59 -0.03 -0.029998851 0.2 0.2 0.2 -0.52 -0.62424877 -0.71 -0.71 -0.70999932 0.16 0.16 0.16 0.16 0.33 0.33 0.33 0.32999997 -0.47 -0.47 -0.47 -0.47 -0.47 -0.36000139 -0.36 -0.36 -0.36 0.91990658 0.92 
0.72 -0.23999947 0.05 -0.52965806 -1.04 -1.62 -1.0300116 -1.13 -0.34 -0.67999989 -0.70623383 -0.71992981 -0.23 -0.25 -0.25 -0.38020604 -0.22 -0.22 -0.63 -0.63 0.059997207 -1.33 -1.9 -0.35 0.15 0.1497451 0.2 0.2 -0.52 -0.52 -0.71 -0.71 -0.71 -0.73640006 0.16 0.16 0.16 0.33 0.33 0.33 0.33 0.32998649 -0.46999999 -0.47 -0.47 -0.47 -0.47 -0.46902086 -0.36 -0.36007085 -1.94 -1.94 -1.94 
-1.27 -0.41 0.39999998 -0.83 -1 -1.06 -1.14 -1.1387197 -0.21 -0.96 -0.63 -0.19 -0.19000003 -0.38 -0.38 -0.3399831 -0.34 -0.84 -0.84 -0.63000056 -1.51 -1.51 -0.35 0.15 0.15 -0.94 -1.31 -1.31 -0.54999746 -0.52 -0.71 -0.71 -0.85 -0.84991328 -0.020059797 -1.3 -1.3 -0.17427771 0.33 0.33 0.19017461 0.19 0.19000081 -1.3442891 -1.3599016 -1.3599998 -1.36 -1.3599997 -3.096238 -1.94 -1.94 -1.94 -1.94 
-0.66999673 -0.09 -0.85469909 -0.090000001 0.11 -1.64 -1.2 -1.69 -1.84 -1.84 -0.63 -0.64 -1.2899999 -0.38 -0.27000033 -0.27 -0.34 -1.17 -1.27 -1.27 -1.4393103 -1.36 -1.36 -0.88999999 -0.94 -0.94 -1.31 -1.31 -0.55000816 -0.55015021 0.74555527 -0.85 -0.85 -0.02 -0.02 -1.109376 -1.3 -1.3 -1.2600014 0.18999798 0.19 0.19 0.19000265 -1.359997 -1.36 -1.36 -1.36 -1.3600012 -3.39 -1.9402874 -1.94 -1.94 -1.94 
-0.67 -1.02 -0.39 -0.68 -0.80999255 -0.9 -1.29 -1.5 -1.65 -1.38 -1.38 -0.84 -1.29 -1.29 -0.27699815 -0.99860558 -1.07 -0.46 -0.75000053 -1.27 -1.865755 -1.87 -1.92 0.18999999 0.18999342 -0.32 -1.39 -1.39 -0.68950942 -0.68999997 0.75 0.09792573 -0.16 -0.02 -0.021426064 -0.95 -0.95 -1.26 -1.26 0.19 0.19 0.19000001 -0.81442545 -0.82000003 -1.36 -1.36 -1.36 -3.3899227 -3.39 -3.39 -1.94 -1.94 -1.94 
-1.0169657 -1.02 -0.15 0.33 -0.36 -1.32 -1.1 0.12 -1.41 -0.88369118 -1.12 -1.81 -1.81 -1.26 -1.2600035 -1.5187458 -1.52 -1.52 -0.50426896 -2.4299999 -1.82 -1.82 -1.62 -1.8017749 -0.26860547 -0.32 -0.94 -1.39 -0.395811 -0.39 0.17 0.27 0.018172275 -0.29 -0.07 -0.08 -0.49 -0.14 0.14986609 0.1916516 0.56 -0.059999998 -0.81990068 -0.82 -0.82303941 -1.36 -1.7 -3.39 -3.39 -3.39 -3.39 -1.8316785 -1.51 
-1 -1 -0.31 -0.21 -0.49 -0.8 -0.78 -1.14 -0.72 -0.74997283 -1.46 -1.29 -1.26 -1.26 -1.63 -1.6284913 -1.52 -1.5199269 -1.16 -2.43 -2.43 -2.3514115 -1.62 -2.199989 -2.2 -2.2 -0.94 -0.78 -0.78 -0.39 -0.39 0.26905169 -0.23 -0.29 0.3 -0.08 -0.49 -1.38 0.15 1.1436309 -0.059999973 -0.11510091 -0.21 -0.82 -0.82 -1.7 -1.7 -1.7 -3.39 -3.39 -1.07 -1.07 -1.0700002 
-1 -1 -1.31 -1.29 -0.45 -0.11 -1.1 -0.48002077 -1.02 -0.73 -1.07 -0.7 -1.2892145 -1.63 -1.63 -1.6299908 -1.55 -1.529531 -1.16 -1.42 -1.42 -1.92 -1.92 -2.2 -2.2 -2.2 -0.78 -0.78 -0.78 -0.67 -0.67 -0.66999927 0.14 0.14 -0.38 -0.3 0.06 -1.6399969 -0.59 1.16 1.16 -0.24999987 -0.21 -0.82 -1.1199998 -0.95 -0.62465131 -0.62 -1.05 -1.05 -1.07 -1.07 -1.07 
-1 -1.1338666 -1.3014653 -1.2199833 -0.71 -1 -1.1 -0.48 -1.0199955 -0.73321285 -0.70000004 -0.7 -0.63 -1.63 -1.63 -1.55 -1.55 -1.5499778 -1.16 -1.42 -1.5181898 -1.92 -1.92 -2.1999882 -2.2 -1.9008652 -1.29 -1.29 -1.2899999 -0.67 -0.67 -0.98 -0.98 0.13999857 -0.38 -0.71999982 -0.15487477 -1.64 -1.64 1.16 -0.25 -0.25 -0.25000629 -1.12 -1.12 -0.95 -0.62 -0.62 -1.05 -1.05 -1.07 -1.07 -1.07 
-1.6 -1.0061581 -0.98001154 -0.98172933 -0.7100013 -0.99999315 -1.1 -0.48763185 -0.98278848 -1.0124273 -0.63 -0.63 -0.63 -0.63 -1.6298583 -1.55 -1.55 -1.5449645 -1.16 -1.4199868 -1.38 -1.38 -1.38 -1.38 -2.1853615 -1.29 -1.29 -1.29 -1.29 -1.2896383 -0.98 -0.98 -0.98 -0.98 -0.72 -0.72 -0.72 -1.5952206 -1.6349679 -0.97 -0.97 -0.25003873 -1.3399925 -1.1200212 -1.12 -0.95 -0.62 -0.62 -1.05 -1.05 -1.0699274 -1.07 -1.4207702 
-1.6 -0.98 -0.98 -0.98 -0.98 -0.98000001 -1.0997439 -0.80670913 -0.88351156 -0.63041274 -0.63 -0.63 -0.63 -0.63 -0.63 -1.55 -1.5499999 -1.5232487 -1.1600061 -1.38 -1.38 -1.38 -1.38 -1.38 -1.3845391 -1.3186377 -1.29 -1.29 -1.29 -1.29 -0.98000001 -0.98 -0.98000032 -1.25 -1.25 -0.72 -0.80749726 -0.81 -0.96999991 -0.97 -0.97 -0.97 -1.34 -1.34 -1.34 -1.337286 -0.84857208 -0.85 -0.85 -0.85 -0.85 1.3099995 1.31 
-1.48 -0.98 -0.98 -0.98 -0.98 -0.98 -0.98000001 -0.94813653 -0.61128564 -0.61 -0.61 -0.61 -0.61 -0.61 -0.61 -0.9138324 -1.5399675 -1.4965958 -1.3799725 -1.38 -1.38 -1.38 -1.38 -1.3799996 -1.59 -1.59 -1.5899996 -1.29 -1.29 -1.2906208 -1.6 -1.6 -1.25 -1.25 -1.25 -0.88048313 -0.81 -0.81 -0.81 -0.97 -0.97 -0.97 -1.34 -1.34 -1.34 -1.34 -0.85 -0.85 -0.85 -0.85 -0.85 1.31 1.31 
-1.48 -1.2938557 -0.98 -0.98 -0.98 -0.98 -0.93000981 -0.93 -0.92999999 -0.61 -0.61 -0.61 -0.61 -0.61 -0.67838817 -0.92 -0.92 -0.92 -1.0609741 -1.0600003 -1.06 -1.06 -1.06 -1.06 -1.59 -1.59 -1.59 -1.59 -1.29 -1.6 -1.6 -1.6 -1.25 -1.25 -1.25 -0.63 -0.80976167 -0.81 -0.81 -0.97004487 -1.0597512 -1.2691034 -1.34 -1.34 -0.55243799 -0.55 -0.55 -0.84845554 0.086715126 0.089999918 0.089999822 0.58011037 1.3099985 
-1.48 -0.84745702 -0.90409309 -0.98 -0.98 -0.93002954 -0.93 -0.93 -0.93 -0.92769399 -0.61 -0.61 -0.61 -0.61000004 -0.92 -0.92 -0.92 -0.92 -1.0598749 -1.06 -1.06 -1.06 -1.06 -1.06 -1.59 -1.59 -1.59 -1.59 -1.5900364 -1.6 -1.6 -1.6 -1.15 -1.2499345 -0.63 -0.63 -0.63 -0.6343005 -1.2408714 -1.27 -1.27 -1.27 -0.89 -0.89 -0.55 -0.55 -0.55 0.089999992 0.09 0.09 0.09 0.58 0.58 
-0.83024832 -0.83 -0.83 -0.83 -0.36 -0.9299853 -0.93 -0.93 -0.93 -0.93 -0.5274782 -0.6099858 -0.60999997 -0.92 -0.92 -0.92 -0.92 -0.92 -0.96443333 -1.06 -1.06 -1.06 -1.06 -1.06 -1.268394 -1.2000021 -1.2 -1.2 -1.2 -1.6 -1.15 -1.15 -1.15 -1.15 -0.63 -0.63001027 -1.02 -1.02 -1.2668784 -1.27 -1.27 -1.27 -0.89 -0.89 -0.60264371 -0.55 -0.55 0.09 0.09 0.09 0.095254074 0.58 0.58 
-0.83 -0.83 -0.83 -0.60866999 -0.36 -0.36 -0.93 -0.93 -0.93 -0.93 0.48 0.48 0.48 -0.92 -0.92 -0.92 -0.92 -0.92002644 -1.45 -1.45 -1.0600002 -1.06 -1.0651126 -1.27 -1.2693698 -1.2 -1.2 -1.2 -1.2 -1.1500051 -1.15 -1.15 -1.15 -1.15 -1.0199986 -1.02 -1.02 -1.02 -1.0209051 -1.27 -1.27 -1.27 -0.89 -0.89 -0.89 -0.55 -0.55 0.089999983 0.09 0.089999999 0.58 0.58 0.58 
-0.83 -0.83 -0.83 -0.36 -0.36 -0.36 -0.36000087 -0.93 -0.93 0.47854447 0.48 0.48 0.48 0.47912773 -1.0495076 -1.08 -1.08 -1.08 -1.45 -1.45 -1.45 -1.27 -1.27 -1.27 -1.2698207 -0.90102114 -1.2 -1.2 -1.2 -1.3218848 -1.3599793 -1.36 -1.36 -1.36 -1.207301 -1.469999 -1.47 -1.47 -1.47 -0.69007936 -0.69 -0.69 -0.89 -0.89 -0.39000209 -0.39000003 -0.48 -0.48 -0.17 -0.17 -0.17 0.58 0.48008941 
-0.82999941 -0.83 -0.82999998 -0.36 -0.36 -0.36 -0.36 0.0999997 -0.92588166 0.48015415 0.48 0.48 0.48 0.47693885 -1.08 -1.08 -1.08 -1.0800001 -1.45 -1.45 -1.45 -1.27 -1.27 -1.27 -0.63 -0.63 -0.86 -0.86 -0.86 -0.86272766 -1.36 -1.36 -1.36 -1.36 -1.4149697 -1.47 -1.47 -1.47 -1.47 -0.69 -0.69 -0.69 -0.68056085 -0.39 -0.39 -0.39 -0.48 -0.48 -0.17 -0.17 -0.17 0.47999998 0.48 
-0.64 -0.72834116 -0.33 -0.3300087 -0.36 0.097338456 0.1 0.1 0.063562137 0.64999999 0.65 0.65 0.65 -0.31996842 -0.32 -1.0799994 -1.08 -1.089749 -1.45 -1.45 -1.45 -1.19 -1.19 -1.19 -0.63 -0.63 -0.86 -0.86 -0.86 -0.86000017 -1.0900017 -1.0900008 -1.353214 -1.3597105 -0.86057366 -0.86 -0.86 -0.86 -0.86 -0.69 -0.69 -0.69 -0.40651876 -0.39 -0.39 -0.39000002 -0.48 -0.48 -0.47998884 -0.17 -0.16999374 -0.03 0.48 
-1.2498842 -1.2499998 -0.33 -0.33 -0.33 0.1 0.1 0.1 1.0680811e-28 9.5709283e-15 0.65 0.65 0.65 -0.32 -0.32 -0.32 -0.32 -0.32012829 -1.45 -1.45 -1.45 -1.19 -1.19 -1.19 -0.63 -0.63 -0.86 -0.86 -0.86 -1.0874067 -1.09 -1.09 -1.09 -1.09 -0.86011349 -0.86 -0.86 -0.86 -0.86 -0.43000007 -0.43 -0.43 -0.43 -0.39000107 -0.53 -0.53 -0.53 -0.27 -0.27 -0.27 -0.03 -0.03 -0.03 
-1.25 -1.25 -0.33 -0.33 -0.33 0.097739843 0.1 3.8128161e-18 2.1868064e-188 2.3233241e-39 0.64991998 0.65 -0.20798096 -0.32000002 -0.32 -0.32 -0.32 -0.58 -0.58 -0.58 -0.93000001 -0.93000019 -1.1899987 -1.19 -1.1895345 -0.67 -0.67 -0.67000045 -0.85996929 -0.42013352 -0.42000357 -0.42011697 -1.0888549 -1.0894218 -0.90052827 -0.85999983 -0.85852546 -0.42 -0.42 -0.43 -0.43 -0.43 -0.43 -0.53 -0.53 -0.53 -0.53 -0.27 -0.27 -0.27 -0.03 -0.03 -0.03 
-1.25 -1.25 -0.33 -0.33 -0.33 -0.33 0.062572921 2.7304514e-23 7.070118e-46 1.9343655e-35 -0.0002209516 -0.4 -0.4 -0.4 -0.32047146 -0.32 -0.57826742 -0.58 -0.58 -0.58 -0.93 -0.93 -0.93 -0.93 -0.67 -0.67 -0.67 -0.67 -0.67 -0.42 -0.42 -0.42 -0.42 -0.41999985 -0.35 -0.42 -0.42 -0.42 -0.42 -0.4200008 -0.67 -0.67 -0.67 -0.55610641 -0.32 -0.32 -0.32 -0.27 -0.26999991 -0.18 -0.18 0.42988809 0.43 
-1.25 -1.25 -0.6620554 -0.33 -0.33 -0.33000002 -1.3775512 -0.004348998 -6.210583e-10 -1.0066117e-09 -0.40000009 -0.4 -0.4 -0.4 -0.4 -0.39346943 -0.58 -0.58 -0.58 -0.58 -0.92999729 -0.93 -0.93 -0.93 -0.67 -0.67 -0.67 -0.67 -0.67 -0.54562259 -0.42 -0.42 -0.42 -0.35 -0.35 -0.35005436 -0.42 -0.42 -0.57757798 -0.69999998 -0.67 -0.67 -0.67 -0.55713008 -0.32 -0.32 -0.32 -0.41 -0.18286578 -0.18 -0.18 0.43 0.43 
-0.9 -0.9 -0.9 -0.47291467 -0.33025519 -1.38 -1.38 -1.38 -1.38 -0.82 -0.82 -0.40000003 -0.4 -0.4 -0.4 -0.4000114 -0.58 -0.58 -0.58 -0.58 -0.77727135 -0.93 -0.93 -0.91377434 -0.3260304 -0.67 -0.67 -0.67 -0.59 -0.59 -0.59 -0.58999929 -0.35 -0.35 -0.35 -0.35 -0.7 -0.7 -0.7 -0.7 -0.54 -0.54 -0.54 -0.20000684 -0.2 -0.2 -0.20000004 -0.41 -0.41 -0.18028024 -0.18 0.42999813 0.43 
-0.9 -0.9 -0.9 -0.89997792 -0.49 -0.61942062 -1.38 -1.38 -1.38 -0.82 -0.82 -0.82 -0.10000002 -0.1 -0.1 -0.10000002 -0.58018318 -0.58 -0.58 -0.58 -0.5852734 -0.3100017 -0.31 -0.31 -0.31 -0.31000002 -0.99 -0.99 -0.59 -0.59 -0.59 -0.59 -0.35000044 -0.35 -0.35 -0.35004969 -0.70000001 -0.7 -0.7 -0.70175473 -0.54 -0.54 -0.54 -0.20001577 -0.2 -0.2 -0.2 -0.41 -0.41 -0.40999994 0.06 0.06 0.93 
-0.9 -0.9 -0.9 -0.49000094 -0.49 -0.49 -1.3799997 -1.38 -1.38 -0.82 -0.82 -0.82 -0.1 -0.1 -0.1 -0.14417254 -0.68 -0.68 -0.67999974 -0.58056482 -0.31 -0.31 -0.31 -0.31 -0.31 -0.31051174 -0.99 -0.99 -0.99 -0.59 -0.59 -0.59031539 -0.96 -0.96 -0.96 -1.33 -1.33 -1.1 -1.1 -1.1 0.24 -0.53975534 -0.53999403 0.26 0.26 0.24256652 -0.19999914 -0.41 -0.41 0.06 0.06 0.06 0.93 
-0.9 -0.9 -0.9 -0.49 -0.49 -0.49 -0.49 -1.38 -1.38 -0.82 -0.82 -0.12878962 -0.1 -0.1 -0.1 -0.68 -0.68 -0.68 -0.68 -0.68 -0.31 -0.31 -0.31 -0.31 -0.31 -0.98999768 -0.99 -0.99 -0.99 -1.08 -1.08 -1.08 -0.96 -0.96 -0.96 -1.33 -1.33 -1.1 -1.1 0.24 0.24 0.24 0.26 0.26 0.26 0.26 0.28382273 0.55 0.55 0.55 0.060000014 0.8 0.8 
-0.9 -0.9 -0.89942906 -0.49 -0.49 -0.49 -0.49 -0.042554468 -0.02 -0.021373492 -0.81999998 -0.10001005 -0.1 -0.1 -0.10000201 -0.68 -0.68 -0.68 -0.68 -0.68 -1.3265499 -0.31 -0.31 -0.31 -0.31028423 -0.99003938 -0.99 -0.99 -0.99 -1.08 -1.08 -1.08 -1.079987 -0.96 -1.33 -1.33 -1.33 -1.3299904 -1.0999086 0.24 0.24 0.24 0.25999879 0.26 0.26 0.26 0.55000398 0.55 0.55 0.55 0.8 0.8 0.8 
0.74 0.73999713 -0.49017221 -0.49 -0.49 -0.49 -0.020100011 -0.02 -0.02 -0.02 -0.21999999 -0.22 -0.22 -0.22 -0.6778769 -0.68 -0.68 -0.68 -0.68 -1.3699996 -1.37 -1.37 -1.6899998 -1.69 -1.69 -1.69 -1.629581 -0.99 -1.6099746 -1.61 -1.61 -1.61 -1.61 -1.16 -1.16 -1.16 -1.16 -1.16 0.15 0.15 0.15 0.15 0.15 0.94895987 0.95 0.95 0.95 0.55 0.55 0.55 0.79996061 0.8 0.8 
0.74 0.74 0.74435334 1.2599965 1.2599996 1.258751 -0.02 -0.02 -0.02 -0.02 -0.22 -0.22 -0.22 -0.22 -0.22 -0.68 -0.68 -0.68 -1.3699998 -1.37 -1.37 -1.37 -1.69 -1.69 -1.69 -1.69 -1.69 -1.6898518 -1.6096718 -1.61 -1.61 -1.61 -1.6098681 -0.6724646 -1.1594952 -1.16 -1.16 -1.16 0.15 0.15 0.15 0.15 0.15 0.95 0.95 0.95 0.95 0.76295218 0.55 0.77743391 0.78 0.23 0.23 
0.74 0.74 1.2599341 1.26 1.26 1.26 0.9348854 -0.02 -0.02 -0.02 -0.22 -0.22 -0.22 -0.22 -0.22 -0.67964887 -0.68 -1.3697977 -1.37 -1.37 -1.37 -1.37 -1.5714539 -1.69 -1.69 -1.69 -1.69 -1.6893412 -0.76 -0.76 -0.76 -0.76 -0.76 -0.3 -0.3 -0.3 -0.3 -0.3 0.77 0.77 0.77 0.77 0.76999999 0.95112317 0.95000024 0.95 0.95007797 0.95935781 0.78 0.78 0.78 0.23000308 0.23 
0.74000192 1.7597242 1.2600001 1.26 1.26 1.26 1.26 -0.019454989 -0.02 -0.02 -0.22 -0.22 -0.22 -0.22 -0.52311448 -0.53 -0.53 -1.3699784 -1.37 -1.37 -1.37 -1.37 -1.3699999 -1.69 -1.69 -1.69 -1.69 -0.29000049 -0.29000022 -0.39002742 -0.76 -0.76 -0.76 -0.3 -0.3 -0.3 -0.3 -0.29964104 0.77 0.77 0.77 0.77 0.77003678 1.41 1.41 1.41 1.41 1.4099492 0.78 0.78 0.78 0.77999983 0.49602359 
1.78 1.78 1.6957554 1.26 1.26 1.26 1.26 1.26 -0.019452596 0.64999999 0.65 0.65 0.64793531 -0.52999955 -0.53 -0.53 -0.53 -0.53 -1.3699935 -1.3146109 -0.83 -0.83 -0.83 -1.0423106 -1.5699454 -0.92755624 -0.38556306 -0.29 -0.29 -0.29 -0.29 -0.29 -0.30391232 0.22708187 0.23 0.23 0.23 0.23 0.86016948 1.2499991 1.25 1.25 1.25 1.070001 1.4099999 1.41 1.41 0.65 0.77999792 0.78 0.78 0.5 0.5 
1.78 1.78 1.86 1.86 1.86 1.2601999 1.26 1.26 0.65 0.65 0.65 0.65 0.65 -0.52999995 -0.53 -0.53 -0.53 -0.53 -0.83 -0.83 -0.83 -0.83 -0.83 -0.19000003 -0.19 -0.19 -0.19 -0.29 -0.29 -0.29 -0.29 -0.29 -0.03 -0.03 0.23 0.23 0.23 0.81989952 0.82 1.25 1.25 1.25 1.25 1.07 1.07 1.07 0.65 0.65 0.65 0.66 0.66 0.5 0.5 
1.78 1.78 1.86 1.86 1.86 1.86 1.8599979 1.48 0.65078147 0.65 0.65 0.65 0.65 -0.51528057 -0.53 -0.53 -0.53 -0.53 -0.82999999 -0.83 -0.83 -0.83 -0.83 -0.19 -0.19 -0.19 -0.19 -0.19000036 -0.29 -0.29 -0.29 -0.030013631 -0.03 -0.03 -0.03 0.23 0.81999999 0.82 0.82 0.83131411 1.2415699 1.24 1.24 1.07 1.07 1.07 0.65 0.65 0.65 0.66 0.66 0.66 1.0072012 
1.79 1.7899999 1.86 1.86 1.86 1.86 1.48 1.48 1.48 0.65 0.65 0.65 0.65 0.64963317 -0.53 -0.53 -0.53 -0.53 -0.8299941 -0.83 -0.83 -0.82999998 -0.30271062 -0.19 -0.19 -0.19 -0.19 0.34999956 0.35 0.34999999 -0.28312136 -0.03 -0.03 -0.03 -0.029999188 0.81999999 0.82 0.82 0.82 0.82 1.24 1.24 1.24 1.16 1.16 1.16 0.76998831 0.65 0.65 0.66 0.66 0.66 1.0600002 
1.79 1.79 1.86 1.86 1.86 1.48 1.48 1.48 1.48 0.74097885 0.65 0.65 0.65 0.64999638 0.16991944 0.17 0.17 0.17 0.47931909 0.75 0.75 0.75 0.75 -0.19 -0.19 -0.19 -0.18996438 0.35 0.35 0.35 0.35 -0.029891608 0.44810041 0.82 0.82 0.82 0.82145587 1.2099919 1.21 1.21 1.2400235 1.27 1.27 1.16 1.16 1.1599983 0.77 0.77 0.95 0.95 0.95 1.3 1.13 
1.79 1.79 2.21 2.21 2.21 1.48 1.48 1.48 1.48 0.55 0.55 0.55 0.55 0.52322051 0.17 0.17 0.17 0.17 0.47 0.75 0.75 0.75 0.75 1.16 1.1599995 -0.18999801 0.35 0.35 0.35 0.35 0.49681982 0.64 0.79858247 0.82 0.82 0.82 1.21 1.21 1.21 1.21 1.27 1.27 1.27 1.2600032 1.26 0.77220252 0.77 0.77 0.95000025 0.95 1.3 1.3 1.13 
1.79 2.21 2.21 2.21 2.21 2.21 1.4765067 1.03 1.03 0.55 0.55 0.55 0.55 0.54991001 0.17 0.17 0.17 0.18355495 0.47 0.47 0.75 0.75 1.16 1.16 1.16 1.16 0.35 0.35 0.35 0.35 0.64 0.64 0.64 0.81981785 0.82 0.82 1.21 1.21 1.21 1.21 1.27 1.27 1.27 1.26 1.26 1.2599858 1.01 1.01 1.02 1.02 1.3 1.3 1.13 
2.2060557 2.21 2.21 2.21 2.21 2.21 1.03 1.03 1.03 0.77308394 0.55 0.55 0.55 0.55000506 0.17 0.17 0.17 0.47 0.47 0.47 0.74998601 0.7500025 1.16 1.16 1.16 1.16 0.35005758 0.35 0.35 0.63993331 0.64 0.64 0.64 0.64 0.81997141 1.1 1.1 1.1019037 1.21 1.21 1.2699999 1.27 1.2602908 1.26 1.26 1.0100001 1.01 1.01 1.02 1.02 1.16 1.16 0.99 
2.21 2.21 2.21 2.21 2.21 2.21 1.03 1.03 1.03 1.03 0.90998963 0.91 0.91 0.91 0.17000432 0.98408257 1.44 1.44 0.47178819 0.47 0.47000006 1.1599994 1.16 1.16 1.16 1.16 1.1594111 0.35 0.35000991 0.64 0.64 0.64 0.64 0.64 1.1 1.1 1.1 1.1 1.1 1.1 0.91 0.91 0.9100001 1.2 1.2 1.2 1.07 1.07 0.91 0.91 1.16 1.1599996 0.99 
2.21 2.21 2.21 2.21 2.21 2.21 1.03 1.03 1.03 0.91 0.91 0.91 0.91 0.91 1.0497067 1.44 1.44 1.44 1.44 1.44 1.3936857 1.16 1.16 1.16 1.16 1.1486956 0.80056412 0.41127681 0.63856987 0.64 0.64 0.64 0.64 0.64000101 1.1 1.1 1.1 1.1 1.1 1.0116124 0.91 0.91 0.91 1.2 1.2 1.2 1.07 1.07 0.91 0.91 0.39000001 0.95690154 0.99 
2.21 2.21 2.21 2.21 2.21 2.2099996 1.0300003 1.03 1.0250193 0.91 0.91 0.91 0.91 0.91 0.93542206 1.44 1.44 1.44 1.44 1.44 1.44 0.85704865 0.8000005 0.8 0.8 0.8 0.8 0.8 0.93777479 0.93999645 0.93999999 0.94 0.94 0.94000011 1.1 1.1 1.1 1.1 1.1 0.91000002 0.91 0.91 0.91 0.91000013 1.2002725 1.37 1.07 0.30349392 0.90945675 0.39 0.39 0.38417974 0.11 
2.21 2.21 2.21 2.21 2.21 2.2099246 1.0300636 1.0299927 0.91000015 0.91 0.91 0.91 0.91 0.91 0.92008477 1.44 1.44 1.44 1.44 1.44 1.44 0.8 0.8 0.8 0.8 0.8 0.8 0.8 0.93996135 0.94 0.94 0.94 0.94 0.94 0.98383998 1.1 1.1 1.1 1.1 0.91 0.91 0.91 0.91 0.91011784 1.37 1.37 1.3632311 0.29 0.29 0.39 0.39 0.11 0.11 
2.21 2.21 2.21 2.21 2.21 2.2084263 1.0313973 0.92354122 0.91 0.91 0.91 0.91 0.91 0.91 0.91927856 1.44 1.44 1.44 1.44 1.44 1.3488756 0.8 0.8 0.8 0.8 0.8 0.8 0.8 0.93999944 0.94 0.94 0.94 0.94 0.94 0.94 0.88066376 0.53971183 0.35328272 0.32489219 0.83350839 0.90999997 0.91 0.91 1.3699633 1.37 1.3617625 -0.0099985661 0.29 0.29 -0.3400567 -0.34 -0.34 0.10999979 
2.21 2.21 2.21 2.21 2.2099988 2.2001592 1.0278922 0.910033 0.91 0.91 0.91 0.91 0.91 0.91 0.92237632 1.44 1.44 1.44 1.44 1.44 0.80000276 0.8 0.8 0.8 0.8 0.8 0.8 0.8 0.93999996 0.94 0.94 0.94 0.94 0.94 0.93999987 0.31 0.31 0.31 0.31 -0.28 -0.28 -0.28 -0.28 -0.0099960039 -0.01 -0.01 -0.01 -0.010006349 -0.6 -0.6 -0.34 -0.34 -0.81351574 
2.21 2.21 2.21 2.2099999 2.209967 2.1779103 0.92026431 0.91000157 0.91 0.91 0.91 0.91 0.91 0.91 0.92799147 1.4399998 1.44 1.44 1.44 1.4361481 0.8 0.8 0.8 0.8 0.8 0.8 0.8 0.8 0.93999997 0.94 0.94 0.94 0.94 0.94 0.31000058 0.31 0.31 0.31 0.31 -0.28 -0.28 -0.28 -0.28 -0.20712816 -0.01 -0.01 -0.01 -0.5999934 -0.6 -0.6 -1.02 -1.02 -1.02 
2.21 2.21 2.2099999 2.2099973 2.2096767 2.0843549 0.91068737 0.91000039 0.91 0.91 0.91 0.91 0.91 0.91000003 0.93559784 1.4399875 1.44 1.44 1.4399993 0.81296741 0.8 0.8 0.8 0.8 0.8 0.8 0.8 0.8 0.93999987 0.94 0.94 0.94 0.94 0.50077481 0.31000001 0.31 0.31 0.31 0.31 -0.28 -0.28 -0.28 -0.28 -0.28 -0.01 -0.01 -0.01 -0.59999999 -0.6 -0.6 -1.02 -1.02 -1.02 
2.21 2.2099999 2.2099989 2.2099684 2.2080311 1.4589519 0.91014971 0.91000024 0.91 0.91 0.91 0.91 0.91 0.910001 0.9446412 1.4398064 1.44 1.44 1.4366864 0.80005442 0.8 0.8 0.8 0.8 0.8 0.8 0.8 0.80000008 0.93999912 0.94 0.93999957 0.39274731 0.34 0.34 0.34 0.31 0.31 0.31 0.31 -0.28 -0.28 -0.28 -0.28 -0.28 -0.010004786 -0.01 -0.010000289 -0.59999996 -0.6 -0.60000023 -1.02 -1.02 -1.02 
