interpolatedSpi/04-05|21_1.tif
NCOLS 53
NROWS 52
XLLCORNER -116.03883
YLLCORNER 28.596182
DX 0.49850594
DY 0.49788537
NODATA_VALUE -9999
0.09 0.09 0.082064101 -0.415 0.065 -0.315 -0.32 -0.09 -0.28302246 -0.6 -0.66 -0.69 -0.76999053 -0.655 -0.45 -0.45 -0.45 -0.4 -0.645 -0.645 -0.645 -0.64499615 -0.245 -0.285 -0.285 -0.285 -0.055009852 -0.055 -0.055 -0.535 -0.535 -0.535 -0.535 -1.1549999 -1.155 -1.155 -1.155 -1.155 -1.155 -1.155 0.2251337 0.23975528 -0.72 -0.72 -0.72 -0.72 -0.719118 -0.18 -0.18 -0.18 0.62499833 0.625 0.625 
0.089979784 -0.365 -0.37499902 -0.27556242 -0.21488704 0.04 0.155 0.024454561 -0.255 -0.715 -0.73 -0.77 -0.77 -1.0137996 -0.65500254 -0.45 -0.4 -0.4 -0.64468055 -0.645 -0.645 -0.645 -0.29473786 -0.285 -0.285 -0.285 0.21499997 0.215 -0.535 -0.535 -0.535 -0.535 -0.535 -1.1549999 -1.155 -1.155 -1.155 -1.155 -1.155 -1.1430643 -1.0300405 -0.75761642 -0.72 -0.72 -0.72 -0.72 -0.72 -0.18 -0.18 -0.18 -0.11324863 0.625 0.625 
-0.11999157 -0.12 0.47 0.54 0.34 0.125 0.69 0.28 -0.21 -0.275 -0.635 -0.725 -0.84 -1.055 -1.015 -0.57 -0.4 -0.4 -0.4 -0.46505233 -0.465 -0.465 -0.47 -0.285 -0.285 -0.285 0.215 0.215 0.215 -0.535 -0.535 -0.53499997 -0.22931096 -1.1548116 -1.1590955 -1.5909681 -1.595 -1.595 -1.5239379 -1.03 -1.03 -1.0296036 -0.72 -0.72 -0.72 -0.72 -0.72 -0.18 -0.18 -0.18 -0.18 0.625 0.625 
0.65 -0.12000001 -0.18005515 0.505 -0.28 0.27 0.395 0.36 -0.03 -0.94280254 -0.68 -0.88 -0.92 -1.055 -0.71 -0.57 -0.85778122 -0.8596777 -0.69 -0.465 -0.465 -0.595 -0.47 -0.47 -0.285 -0.2849975 0.215 0.215 0.215 -0.725 -0.27234087 0.1 0.1 0.099998666 -1.595 -1.595 -1.595 -1.595 -1.03 -1.03 -1.03 -1.03 -0.72 -0.72 -0.72 -0.72 -0.72 -0.18000681 -0.18 -0.18 -0.18 0.62498595 0.625 
0.65 0.93499796 -0.18 -0.64111229 -0.28 0.295 -0.13502092 -0.07 0.245 -0.44499977 -0.40061638 -0.38498926 -0.31 -0.71 -0.71 -0.62088254 -0.86 -0.86 -0.69 -0.69 -0.46500026 -0.595 -0.185 0.06 0.265 0.26503156 0.215 0.215 -0.725 -0.725 0.1 0.1 0.1 -0.011258246 -1.595 -1.595 -1.595 -1.03 -1.03 -1.03 -1.03 -1.0298784 -0.71999999 -0.72 -0.72 -0.72 -0.72 -0.71519333 -0.18 -0.17998319 0.195 0.195 0.195 
-0.705 0.045 -0.64499999 -0.495 -0.645 -0.745 -0.765 -0.6760201 -0.135 0.305 0.04 0.42 0.41999952 -0.575 -0.575 -0.48012193 -0.48 -0.29 -0.29 -0.68999959 -0.555 -0.555 0.06 0.265 0.265 0.4 -0.065 -0.065 -0.33503521 -0.725 0.1 0.1 -0.49 -0.4900209 -0.68998572 -0.85 -0.85 -0.97431289 -1.03 -1.03 0.22842851 0.23 0.23000005 0.12973038 0.1449044 0.14499977 0.14499997 0.14499968 0.42459961 0.195 0.195 0.195 0.195 
0.34501452 0.14 1.0066973 -0.455 -0.77 -0.705 -0.355 -0.125 0.15 0.15 0.04 -0.04 -0.69999991 -0.575 -0.98499877 -0.985 -0.48 -0.26 -0.225 -0.225 -0.37120669 -0.165 -0.165 0.42 0.4 0.4 -0.065 -0.065 -0.33499097 -0.3348337 -0.42922898 -0.49 -0.49 -0.69 -0.69 -0.795536 -0.85 -0.85 -0.53501092 0.22999893 0.23 0.23 0.22999988 0.14499908 0.145 0.145 0.145 0.1450002 0.485 0.19505747 0.195 0.195 0.195 
0.345 0.675 0.775 -0.435 -0.63998825 -0.665 -0.37 -0.48499999 -0.455 -0.105 -0.105 -0.4 -0.7 -0.7 -0.98304464 -1.0942908 -1.105 -0.6 -0.36499986 -0.225 0.23434223 0.27 -0.29 0.735 0.73499807 0.585 0.16 0.15999992 -0.18054314 -0.18000001 -0.43 -0.90459573 -0.76 -0.69 -0.67944716 -0.75 -0.75 -0.535 -0.535 0.23 0.23 0.23 -0.018563754 -0.019999992 0.145 0.145 0.145 0.48498706 0.485 0.485 0.195 0.195 0.195 
0.48080411 0.675 1.07 0.57 -0.035 -0.78 -0.57 -0.57 -0.38 -0.25240998 -0.05 -2.0852543e-09 -2.0298726e-24 -0.125 -0.12499953 -1.030209 -1.03 -1.03 -0.56412689 -0.28499997 -0.15 -0.15 -0.14 -0.23088746 0.60011604 0.585 0.395 0.16 -0.37686206 -0.38 -0.945 -0.575 -0.68328592 -0.855 -0.32 -0.425 -0.2 -0.56 -0.06023088 0.23013391 0.26 0.175 -0.019924302 -0.02 -0.019071291 0.145 0.065000004 0.485 0.485 0.485 0.485 0.25040581 0.85 
-0.605 -0.605 1.5 0.475 -0.32 -0.385 -0.585 -0.62 -0.43 -0.22003211 -0.255 0.445 -0.125 -0.125 -0.075 -0.088098256 -1.03 -1.0299087 -0.615 -0.285 -0.285 -0.26760748 -0.14 0.0099971596 0.01 0.01 0.395 0.525 0.525 -0.38 -0.38 -0.57540777 -0.79 -0.855 -0.325 -0.425 -0.2 -0.13 -0.06 0.24497582 0.175 0.27418164 0.445 -0.02 -0.02 0.065 0.065 0.065 0.485 0.485 0.64 0.64 0.64000008 
-0.605 -0.605 0.615 -0.35 -0.355 0.205 -0.37 -0.18019734 -0.21 -0.08 -0.125 0.26 0.44475287 -0.075 -0.075 -0.075078445 -0.755 -0.74765214 -0.615 -0.54 -0.54 -0.5 -0.5 0.01 0.01 0.01 0.525 0.525 0.525 -1.18 -1.18 -1.1799994 -0.635 -0.635 -0.87 -1.295 -0.41 -0.92999634 -0.33 0.25 0.25 0.18000087 0.445 -0.02 -0.2349997 0.11 0.27907405 0.28 0.245 0.245 0.64 0.64 0.64 
-0.605 -0.078437387 0.20320008 -0.42498555 0.58 -0.57 -0.37 -0.18 -0.20999975 -0.081440242 0.25999956 0.26 -0.145 -0.075 -0.075 -0.75499998 -0.755 -0.75499203 -0.615 -0.54 -0.53214481 -0.5 -0.5 0.0099793104 0.01 -0.073823488 -0.245 -0.245 -0.2449999 -1.18 -1.18 -0.98 -0.98 -0.63500064 -0.87 -0.67000012 -0.42443205 -0.93 -0.93 0.25 0.18 0.18 0.17999704 -0.235 -0.235 0.11 0.28 0.28 0.245 0.245 0.64 0.64 0.64 
-1.335 -0.29632419 -0.35999852 -0.36045513 0.57999403 -0.56997285 -0.37000001 -0.18233879 -0.20793269 -0.20660535 -0.145 -0.145 -0.145 -0.145 -0.075009916 -0.755 -0.755 -0.75319238 -0.615 -0.54003663 -0.665 -0.665 -0.665 -0.665 -0.0016319851 -0.245 -0.245 -0.245 -0.245 -0.24556338 -0.98 -0.98 -0.98 -0.98 -0.67 -0.67 -0.67 -0.91696199 -0.92755907 -0.605 -0.605 0.17995778 -0.29499795 -0.23500578 -0.235 0.11 0.28 0.28 0.245 0.245 0.63856698 0.64 0.074679987 
-1.335 -0.36 -0.36 -0.36 -0.36 -0.36000008 -0.37051179 -0.28010297 -0.20241729 -0.14506679 -0.145 -0.145 -0.145 -0.145 -0.14500015 -0.75499999 -0.75499998 -0.74539696 -0.61500211 -0.665 -0.665 -0.665 -0.665 -0.665 -0.65462232 -0.27743341 -0.30999999 -0.31 -0.31 -0.31 -0.97999999 -0.98 -0.97999966 -0.695 -0.695 -0.67 -0.61652946 -0.615 -0.60500001 -0.605 -0.605 -0.605 -0.295 -0.295 -0.295 -0.29218157 -0.18697732 -0.19 -0.19 -0.19 -0.18999999 -0.019999864 -0.02 
-2.085 -0.36 -0.36 -0.36 -0.36 -0.36 -0.36 -0.40103725 -0.35426732 -0.355 -0.355 -0.355 -0.355 -0.355 -0.355 -0.66856464 -0.75371799 -0.7358293 -0.66499376 -0.665 -0.665 -0.665 -0.665 -0.66499967 -0.185 -0.185 -0.18500018 -0.31 -0.31 -0.30998999 -0.305 -0.305 -0.695 -0.695 -0.695 -0.62781511 -0.615 -0.615 -0.615 -0.605 -0.605 -0.605 -0.295 -0.295 -0.295 -0.295 -0.19 -0.19 -0.19 -0.19 -0.19 -0.02 -0.02 
-2.085 -1.4428021 -0.36 -0.36 -0.36 -0.36 -0.58995486 -0.59 -0.58999999 -0.355 -0.355 -0.355 -0.355 -0.355 -0.42559424 -0.675 -0.675 -0.675 -0.38585302 -0.38500029 -0.385 -0.385 -0.385 -0.385 -0.185 -0.185 -0.185 -0.185 -0.31 -0.305 -0.305 -0.305 -0.69499996 -0.695 -0.695 -0.565 -0.6149338 -0.615 -0.615 -0.60493036 -0.46588562 -0.14138978 -0.295 -0.295 -0.28004629 -0.28 -0.28 -0.18984453 -0.095331982 -0.095000008 -0.095000018 -0.034997744 -0.02000003 
-2.085 -1.4086658 -0.88122742 -0.36 -0.36 -0.58986411 -0.59 -0.59 -0.59 -0.58830652 -0.355 -0.355 -0.355 -0.35500004 -0.675 -0.675 -0.675 -0.675 -0.38525905 -0.385 -0.385 -0.385 -0.385 -0.385 -0.185 -0.185 -0.185 -0.185 -0.18543648 -0.305 -0.305 -0.305 -0.385 -0.69497929 -0.565 -0.565 -0.565 -0.5614861 -0.17007356 -0.14 -0.14 -0.14 -0.555 -0.555 -0.28 -0.28 -0.28 -0.095000002 -0.095 -0.095 -0.095 -0.035 -0.035 
-1.3904079 -1.39 -1.39 -1.39 -0.87 -0.59000722 -0.59 -0.59 -0.59 -0.59 -0.36484215 -0.35500169 -0.355 -0.675 -0.675 -0.675 -0.675 -0.675 -0.65384373 -0.385 -0.385 -0.385 -0.385 -0.385 -0.27683258 -0.25499962 -0.255 -0.255 -0.255 -0.305 -0.385 -0.385 -0.385 -0.385 -0.565 -0.56499157 -0.245 -0.245 -0.14131108 -0.14 -0.14 -0.14 -0.555 -0.555 -0.32257947 -0.28 -0.28 -0.095 -0.095 -0.095 -0.094356644 -0.035 -0.035 
-1.39 -1.39 -1.39 -1.1451242 -0.87 -0.87 -0.59 -0.59 -0.59 -0.59 -0.485 -0.485 -0.485 -0.675 -0.675 -0.675 -0.675 -0.67489424 -0.7 -0.7 -0.38500013 -0.385 -0.39729462 -0.89 -0.88428337 -0.255 -0.255 -0.255 -0.255 -0.38498676 -0.385 -0.385 -0.385 -0.385 -0.24500112 -0.245 -0.245 -0.245 -0.24464048 -0.14 -0.14 -0.14 -0.555 -0.555 -0.555 -0.28 -0.28 -0.095000011 -0.095 -0.095000001 -0.035 -0.035 -0.035 
-1.39 -1.39 -1.39 -0.87 -0.87 -0.87 -0.86999957 -0.59 -0.59 -0.48510839 -0.485 -0.485 -0.485 -0.48511837 -0.15696966 -0.035 -0.035 -0.035000003 -0.7 -0.7 -0.7 -0.89 -0.89 -0.89 -0.88967785 0.01513002 -0.255 -0.255 -0.255 -0.60969789 -0.66497246 -0.665 -0.665 -0.665 -0.31614215 -0.41499961 -0.415 -0.415 -0.415 -0.424961 -0.425 -0.425 -0.555 -0.555 -0.83499883 -0.83499996 -0.715 -0.715 -0.475 -0.475 -0.475 -0.035 -0.43963788 
-1.3899984 -1.39 -1.39 -0.87 -0.87 -0.87 -0.87 -0.67499998 -0.59033986 -0.48494106 -0.485 -0.485 -0.485 -0.48411698 -0.035 -0.035 -0.035 -0.035000191 -0.7 -0.7 -0.7 -0.89 -0.89 -0.89 0.26 0.26 -0.36499999 -0.365 -0.365 -0.36663659 -0.665 -0.665 -0.665 -0.665 -0.5400687 -0.415 -0.415 -0.415 -0.415 -0.425 -0.425 -0.425 -0.43790017 -0.835 -0.835 -0.835 -0.715 -0.715 -0.475 -0.475 -0.475 -0.44 -0.44 
-0.885 -1.1159884 -0.885 -0.88499565 -0.87 -0.67612826 -0.675 -0.675 -0.69139704 -0.42000001 -0.42 -0.42 -0.42 0.094983235 0.094999999 -0.0349999 -0.035 -0.052521772 -0.7 -0.7 -0.7 -0.495 -0.495 -0.495 0.26 0.26 -0.365 -0.365 -0.365 -0.36500012 -0.53500083 -0.53500037 -0.66173265 -0.66486063 -0.80983123 -0.81 -0.81 -0.81 -0.81 -0.425 -0.425 -0.425 -0.81242412 -0.835 -0.835 -0.83500005 -0.715 -0.715 -0.71499136 -0.475 -0.47504002 -1.37 -0.44 
-1.1149563 -1.115 -0.885 -0.885 -0.885 -0.675 -0.675 -0.675 -0.72 -0.72 -0.42 -0.42 -0.42 0.095 0.095 0.095 0.095 0.094911283 -0.7 -0.7 -0.69999999 -0.495 -0.495 -0.495 0.26 0.26 -0.365 -0.365 -0.365 -0.53308324 -0.535 -0.535 -0.535 -0.535 -0.8098643 -0.81 -0.81 -0.81 -0.81 -0.43 -0.43 -0.43 -0.43 -0.83500219 -1.12 -1.12 -1.12 -1.67 -1.67 -1.67 -1.37 -1.37 -1.37 
-1.115 -1.115 -0.885 -0.885 -0.885 -0.6761038 -0.675 -0.72 -0.72 -0.72 -0.42003693 -0.42 -0.53031184 0.094999852 0.095 0.095 0.095 -0.675 -0.675 -0.675 -0.58 -0.57999994 -0.49500041 -0.495 -0.49480283 -0.52 -0.52 -0.51999963 -0.36502505 -0.539999 -0.53999997 -0.53999913 -0.53500855 -0.53500431 -0.76102391 -0.81 -0.81001676 -0.815 -0.815 -0.43 -0.43 -0.43 -0.43 -1.12 -1.12 -1.12 -1.12 -1.67 -1.67 -1.67 -1.37 -1.37 -1.37 
-1.115 -1.115 -0.885 -0.885 -0.885 -0.885 -0.69184219 -0.72 -0.72 -0.72 -0.71990886 -0.555 -0.555 -0.555 0.0911694 0.095 -0.66986891 -0.675 -0.675 -0.675 -0.58 -0.58 -0.58 -0.58 -0.52 -0.52 -0.52 -0.52 -0.52 -0.54 -0.54 -0.54 -0.54 -0.53999949 -0.3 -0.815 -0.815 -0.815 -0.815 -0.81499997 -0.865 -0.865 -0.865 -0.97238617 -1.195 -1.195 -1.195 -1.67 -1.6699988 -0.4 -0.4 -0.075315043 -0.075 
-1.115 -1.115 -0.96801385 -0.885 -0.885 -0.88500001 -1.2241039 -0.72159148 -0.72 -0.72 -0.55500008 -0.555 -0.555 -0.555 -0.555 -0.50173944 -0.675 -0.675 -0.675 -0.675 -0.58000073 -0.58 -0.58 -0.58 -0.52 -0.52 -0.52 -0.52 -0.52 0.058554698 -0.54 -0.54 -0.54 -0.3 -0.3 -0.30039991 -0.815 -0.815 -0.60114416 -0.43500003 -0.865 -0.865 -0.865 -0.96917959 -1.195 -1.195 -1.195 0.21 -0.39239946 -0.4 -0.4 -0.075 -0.075 
-0.435 -0.435 -0.435 -0.77217263 -0.8855215 -1.225 -1.225 -1.225 -1.225 -0.95 -0.95 -0.55500003 -0.555 -0.555 -0.555 -0.5550076 -0.675 -0.675 -0.675 -0.675 -0.62145492 -0.58 -0.58 -0.55003487 0.51668616 -0.52 -0.52 -0.52 0.27 0.27 0.27 0.2699966 -0.3 -0.3 -0.3 -0.3 -0.435 -0.435 -0.435 -0.435 -0.7 -0.7 -0.7 -0.6750005 -0.675 -0.675 -0.67500016 0.21 0.21 -0.39925675 -0.4 -0.074996118 -0.075 
-0.435 -0.435 -0.435 -0.43504335 -1.24 -1.2378188 -1.225 -1.225 -1.225 -0.95 -0.95 -0.95 -0.43500001 -0.435 -0.435 -0.43500002 -0.67603498 -0.675 -0.675 -0.675 -0.67349695 0.56499686 0.565 0.565 0.565 0.565 0.89499999 0.895 0.27 0.27 0.27 0.27 -0.29999967 -0.3 -0.3 -0.29996294 -0.435 -0.435 -0.435 -0.43491226 -0.7 -0.7 -0.7 -0.67500116 -0.675 -0.675 -0.675 0.21 0.21 0.21000006 0.695 0.695 0.2 
-0.435 -0.435 -0.435 -1.2399981 -1.24 -1.24 -1.225 -1.225 -1.225 -0.95 -0.95 -0.95 -0.435 -0.435 -0.435 -0.49630844 -1.24 -1.24 -1.2399985 -0.67819126 0.565 0.565 0.565 0.565 0.565 0.56524834 0.895 0.895 0.895 0.27 0.27 0.26991954 0.155 0.155 0.155 0.045 0.044999997 -0.415 -0.415 -0.415 0.025 -0.69977259 -0.69999575 -0.13 -0.13 -0.15065488 -0.67499706 0.21 0.21 0.695 0.695 0.695 0.2 
-0.435 -0.435 -0.435 -1.24 -1.24 -1.24 -1.24 -1.225 -1.225 -0.95 -0.95 -0.45559257 -0.435 -0.435 -0.435 -1.24 -1.24 -1.24 -1.24 -1.24 0.565 0.565 0.565 0.565 0.565 0.89499887 0.895 0.895 0.895 0.145 0.145 0.145 0.155 0.155 0.155 0.045 0.045 -0.415 -0.415 0.025 0.025 0.025 -0.13 -0.13 -0.13 -0.13 -0.097141066 0.27 0.27 0.27 0.69499999 0.035 0.035 
-0.435 -0.435 -0.436121 -1.24 -1.24 -1.24 -1.24 -1.4684828 -1.48 -1.4790901 -0.94999999 -0.43502513 -0.435 -0.435 -0.43500278 -1.24 -1.24 -1.24 -1.24 -1.24 0.066202887 0.565 0.565 0.565 0.56495778 0.8949699 0.895 0.895 0.895 0.145 0.145 0.145 0.1450032 0.155 0.045 0.045 0.045 0.044981243 -0.41496999 0.025 0.025 0.025 -0.12999059 -0.13 -0.13 -0.13 0.27000122 0.27 0.27 0.27 0.035000001 0.035 0.035 
-0.63 -0.62999966 -1.2395551 -1.24 -1.24 -1.24 -1.4799489 -1.48 -1.48 -1.48 -0.73500002 -0.735 -0.735 -0.735 -1.2376692 -1.24 -1.24 -1.24 -1.24 0.044999235 0.045 0.045 0.36000003 0.36 0.36 0.36 0.40617738 0.895 0.36002191 0.36 0.36 0.36 0.36 0.28 0.28 0.28 0.28 0.28 0.615 0.615 0.615 0.615 0.615 0.3942086 0.395 0.395 0.395 0.27 0.27 0.27 0.035037023 0.035 0.035 
-0.63 -0.63 -0.62979086 -0.60500128 -0.60500014 -0.60585342 -1.48 -1.48 -1.48 -1.48 -0.735 -0.735 -0.735 -0.735 -0.735 -1.24 -1.24 -1.24 0.044999678 0.045 0.045 0.045 0.36 0.36 0.36 0.36 0.36 0.36011319 0.35978375 0.36 0.36 0.36 0.35991313 -0.20186638 0.27950105 0.28 0.28 0.27999999 0.615 0.615 0.615 0.615 0.615 0.395 0.395 0.395 0.395 0.33654756 0.27 0.077175601 0.075 -0.34 -0.34 
-0.63 -0.63 -0.60500317 -0.605 -0.605 -0.605 -0.82724631 -1.48 -1.48 -1.48 -0.735 -0.735 -0.735 -0.735 -0.735 -1.2396103 -1.24 0.044623246 0.045 0.045 0.045 0.045 0.24330621 0.36 0.36 0.36 0.36 0.35960293 -0.2 -0.2 -0.2 -0.2 -0.2 -0.57 -0.57 -0.57 -0.57 -0.57 -0.23 -0.23 -0.23 -0.23 -0.22999999 0.39548833 0.3950001 0.395 0.3950339 0.39903317 0.075 0.075 0.075 -0.33999768 -0.34 
-0.63000017 -0.72314788 -0.60500002 -0.605 -0.605 -0.605 -0.605 -1.4796274 -1.48 -1.48 -0.735 -0.735 -0.735 -0.735 -0.61766536 -0.615 -0.615 0.044983014 0.045 0.045 0.045 0.045 0.044999979 0.36 0.36 0.36 0.36 -1.4099988 -1.4099994 -1.1524826 -0.2 -0.2 -0.2 -0.57 -0.57 -0.57 -0.57 -0.56996614 -0.23 -0.23 -0.23 -0.23 -0.22997395 0.595 0.595 0.595 0.595 0.59495806 0.075 0.075 0.075 0.074999917 -0.06412368 
-0.725 -0.725 -0.71689835 -0.605 -0.605 -0.605 -0.605 -0.605 -1.4796253 -0.81000001 -0.81 -0.81 -0.80982201 -0.61500017 -0.615 -0.615 -0.615 -0.615 0.044997961 0.027562675 -0.125 -0.125 -0.125 -0.0039658757 0.31638018 0.082978766 -0.11466609 -1.41 -1.41 -1.41 -1.41 -1.41 -1.3555253 -0.51955107 -0.52 -0.52 -0.52 -0.52 -0.16612976 0.10999939 0.11 0.11 0.11 0.83999928 0.59500006 0.595 0.595 0.935 0.075013776 0.075 0.075 -0.06 -0.06 
-0.725 -0.725 -0.82 -0.82 -0.82 -0.60507162 -0.605 -0.605 -0.81 -0.81 -0.81 -0.81 -0.81 -0.61500001 -0.615 -0.615 -0.615 -0.615 -0.125 -0.125 -0.125 -0.125 -0.125 -0.185 -0.185 -0.185 -0.185 -1.41 -1.41 -1.41 -1.41 -1.41 -0.48 -0.48 -0.52 -0.52 -0.52 0.34485269 0.345 0.11 0.11 0.11 0.11000012 0.84 0.84 0.84 0.935 0.935 0.935 0.16 0.16 -0.06 -0.06 
-0.725 -0.725 -0.82 -0.82 -0.82 -0.82 -0.8199992 -0.675 -0.80987289 -0.81 -0.81 -0.81 -0.81 -0.61743245 -0.615 -0.615 -0.615 -0.615 -0.12500001 -0.125 -0.125 -0.125 -0.125 -0.185 -0.185 -0.185 -0.185 -0.18500492 -1.41 -1.41 -1.41 -0.48004876 -0.48 -0.48 -0.48 -0.52 0.34499999 0.345 0.345 0.33881671 0.7464714 0.865 0.865 0.84 0.84 0.84 0.935 0.935 0.935 0.16 0.16 0.16 -0.30454342 
-1.185 -1.1849964 -0.82 -0.82 -0.82 -0.82 -0.675 -0.675 -0.675 -0.81 -0.81 -0.81 -0.81 -0.80993938 -0.615 -0.615 -0.615 -0.615 -0.12500857 -0.125 -0.125 -0.125 -0.17442561 -0.185 -0.185 -0.185 -0.185 0.21499967 0.215 0.21499998 -1.3925246 -0.48 -0.48 -0.48 -0.47999946 0.084999992 0.345 0.345 0.345 0.345 0.865 0.865 0.865 0.81 0.81 0.81 0.37505454 0.935 0.935 0.16 0.16 0.16 -0.33000075 
-1.185 -1.185 -0.82 -0.82 -0.82 -0.675 -0.675 -0.675 -0.675 -0.79518887 -0.81 -0.81 -0.81 -0.80999841 -0.51501151 -0.515 -0.515 -0.515 -0.15309309 0.05 0.05 0.05 0.05 -0.185 -0.185 -0.185 -0.18497362 0.215 0.215 0.215 0.215 -0.47983242 -0.16220384 0.085 0.085 0.085 0.34638034 0.7149923 0.715 0.715 0.86505483 0.935 0.935 0.81 0.81 0.80999816 0.375 0.375 -0.385 -0.385 -0.385 -0.645 -0.6 
-1.185 -1.185 -0.32 -0.32 -0.32 -0.675 -0.675 -0.675 -0.675 -0.38 -0.38 -0.38 -0.38 -0.38951377 -0.515 -0.515 -0.515 -0.515 -0.16 0.05 0.05 0.05 0.05 0.76 0.75999963 -0.1849986 0.215 0.215 0.215 0.215 0.47826313 0.735 0.16234109 0.085 0.085 0.085 0.715 0.715 0.715 0.715 0.935 0.935 0.935 0.81503784 0.815 0.37697777 0.375 0.375 -0.38499841 -0.385 -0.645 -0.645 -0.6 
-1.185 -0.32 -0.32 -0.32 -0.32 -0.32 -0.67453423 -0.615 -0.615 -0.38 -0.38 -0.38 -0.38 -0.38003197 -0.515 -0.515 -0.515 -0.49895997 -0.16 -0.16 0.05 0.05 0.76 0.76 0.76 0.76 0.215 0.215 0.215 0.215 0.735 0.735 0.735 0.085657746 0.085 0.085 0.715 0.715 0.715 0.715 0.935 0.935 0.935 0.815 0.815 0.8149847 0.545 0.545 -0.11 -0.11 -0.645 -0.645 -0.6 
-0.32812343 -0.32 -0.32 -0.32 -0.32 -0.32 -0.615 -0.615 -0.615 -0.48921818 -0.38 -0.38 -0.38 -0.3800013 -0.515 -0.515 -0.515 -0.16 -0.16 -0.16 0.049989509 0.050004337 0.76 0.76 0.76 0.76 0.21503874 0.215 0.215 0.73488041 0.735 0.735 0.735 0.735 0.087750095 0.905 0.905 0.90171172 0.715 0.715 0.93499981 0.935 0.81848902 0.815 0.815 0.5450001 0.545 0.545 -0.11 -0.11 -0.08 -0.08 0.065 
-0.32 -0.32 -0.32 -0.32 -0.32 -0.32 -0.615 -0.615 -0.615 -0.615 -0.41499899 -0.415 -0.415 -0.415 -0.51499886 -0.27782634 -0.145 -0.145 -0.15997235 -0.16 -0.15999996 0.75999897 0.76 0.76 0.76 0.76 0.75960375 0.215 0.21501777 0.735 0.735 0.735 0.735 0.735 0.905 0.905 0.905 0.905 0.905 0.90500041 1.375 1.375 1.3749999 1.135 1.135 1.135 0.835 0.835 0.325 0.325 -0.08 -0.079999684 0.065 
-0.32 -0.32 -0.32 -0.32 -0.32 -0.32 -0.615 -0.615 -0.615 -0.415 -0.415 -0.415 -0.415 -0.415 -0.34382865 -0.145 -0.145 -0.145 -0.145 -0.145 -0.1457162 0.75999999 0.76 0.76 0.76 0.74272944 0.21086184 0.2143219 0.73243563 0.735 0.735 0.735 0.735 0.73500037 0.905 0.905 0.905 0.905 0.905 1.1236429 1.375 1.375 1.375 1.135 1.135 1.135 0.835 0.835 0.325 0.325 1.01 0.1171301 0.065 
-0.32 -0.32 -0.32 -0.32 -0.32 -0.32000009 -0.61499993 -0.615 -0.60669889 -0.415 -0.415 -0.415 -0.415 -0.415 -0.40204914 -0.145 -0.145 -0.145 -0.145 -0.145 -0.145 0.29297111 0.21000077 0.21 0.21 0.21 0.21 0.21 0.2795084 0.28000539 0.28000001 0.28 0.28 0.28000045 0.905 0.905 0.905 0.905 0.905 1.3749999 1.375 1.375 1.375 1.3749999 1.1359299 1.715 0.83500009 1.3853121 0.32593754 1.01 1.01 1.0069859 0.865 
-0.32 -0.32 -0.32 -0.32 -0.32 -0.32001885 -0.61498409 -0.6149879 -0.41500025 -0.415 -0.415 -0.415 -0.415 -0.415 -0.40986247 -0.145 -0.145 -0.145 -0.145 -0.145 -0.145 0.21 0.21 0.21 0.21 0.21 0.21 0.21 0.27998068 0.28 0.28 0.28 0.28 0.28 0.45124994 0.905 0.905 0.905 0.905 1.375 1.375 1.375 1.375 1.3750871 1.715 1.715 1.7129944 1.395 1.395 1.01 1.01 0.865 0.865 
-0.32 -0.32 -0.32 -0.32 -0.32 -0.32039342 -0.61464419 -0.43756869 -0.415 -0.415 -0.415 -0.415 -0.415 -0.415 -0.41027319 -0.145 -0.145 -0.145 -0.145 -0.145 -0.094454451 0.21 0.21 0.21 0.21 0.21 0.21 0.21 0.27999972 0.28 0.28 0.28 0.28 0.28 0.28 0.92441748 0.95464579 0.97116482 0.97368807 1.3695363 1.375 1.375 1.375 1.7149729 1.715 1.7123139 1.2650006 1.395 1.395 1.979988 1.98 1.98 0.86500049 
-0.32 -0.32 -0.32 -0.32 -0.3200003 -0.3224601 -0.59564182 -0.415055 -0.415 -0.415 -0.415 -0.415 -0.415 -0.415 -0.40869508 -0.145 -0.145 -0.145 -0.145 -0.145 0.20999847 0.21 0.21 0.21 0.21 0.21 0.21 0.21 0.27999998 0.28 0.28 0.28 0.28 0.28 0.28000014 0.975 0.975 0.975 0.975 1.29 1.29 1.29 1.29 1.2650013 1.265 1.265 1.265 1.2650072 1.925 1.925 1.98 1.98 1.9501155 
-0.32 -0.32 -0.32 -0.32000002 -0.32000824 -0.32791799 -0.42821279 -0.41500261 -0.415 -0.415 -0.415 -0.415 -0.415 -0.415 -0.40583453 -0.14500011 -0.145 -0.145 -0.145 -0.14286341 0.21 0.21 0.21 0.21 0.21 0.21 0.21 0.21 0.27999998 0.28 0.28 0.28 0.28 0.28 0.97499936 0.975 0.975 0.975 0.975 1.29 1.29 1.29 1.29 1.2832526 1.265 1.265 1.265 1.9249926 1.925 1.925 1.94 1.94 1.94 
-0.32 -0.32 -0.32000001 -0.32000067 -0.32008026 -0.34062575 -0.41568384 -0.41500065 -0.415 -0.415 -0.415 -0.415 -0.415 -0.41499998 -0.40195959 -0.14500635 -0.145 -0.145 -0.14499959 0.20280714 0.21 0.21 0.21 0.21 0.21 0.21 0.21 0.21 0.27999993 0.28 0.28 0.28 0.28 0.47399135 0.97499987 0.975 0.975 0.975 0.975 1.29 1.29 1.29 1.29 1.29 1.265 1.265 1.265 1.925 1.925 1.925 1.94 1.94 1.94 
-0.32 -0.32000002 -0.32000028 -0.32000786 -0.3204296 -0.38423843 -0.41511217 -0.4150004 -0.415 -0.415 -0.415 -0.415 -0.415 -0.41499949 -0.3973526 -0.14509861 -0.14500001 -0.14499999 -0.14316199 0.20996981 0.21 0.21 0.21 0.21 0.21 0.21 0.21 0.21000004 0.27999956 0.28 0.28000019 0.52170327 0.545 0.545 0.545 0.975 0.975 0.975 0.975 1.29 1.29 1.29 1.29 1.29 1.2650004 1.265 1.2650003 1.925 1.925 1.925 1.94 1.94 1.94 
