interpolatedSpi/04-07|21_1.tif
NCOLS 53
NROWS 52
XLLCORNER -116.03883
YLLCORNER 28.596182
DX 0.49850594
DY 0.49788537
NODATA_VALUE -9999
[rows 0 to 39 of 52, columns 0 to 52 of 53]
-0.7825 -0.7825 -0.78552778 -0.915 -0.46 -0.97 -0.7625 -0.7725 -0.63736587 -0.7525 -1.0525 -0.885 -1.0675134 -1.23 -1.1625 -1.1625 -1.1625 -0.3425 -0.9225 -0.9225 -0.9225 -0.92249595 -0.50250001 -1.0975 -1.0975 -1.0975 -0.35750382 -0.3575 -0.3575 -0.0925 -0.0925 -0.0925 -0.0925 -0.71249988 -0.7125 -0.7125 -0.7125 -0.7125 -0.7125 -0.7125 -0.70260713 -0.70249183 -0.67 -0.67 -0.67 -0.67 -0.66962433 -0.44 -0.44 -0.44 0.48749807 0.4875 0.4875
-0.78250955 -0.9975 -0.8549996 -0.94240884 -1.404814 -0.775 -0.7775 -0.85209092 -1.0875 -1.0675 -1.11 -1.0675 -1.0675 -1.0481085 -1.2299972 -1.1625 -0.3425 -0.3425 -0.92174376 -0.9225 -0.9225 -0.9225 -1.130793 -1.0975 -1.0975 -1.0975 -0.80500002 -0.805 -0.0925 -0.0925 -0.0925 -0.0925 -0.0925 -0.71249991 -0.7125 -0.7125 -0.7125 -0.7125 -0.71250006 -0.82193971 -1.3449839 -0.75190599 -0.67 -0.67 -0.67 -0.67 -0.67 -0.44 -0.44 -0.44 -0.36309081 0.4875 0.4875
-1.1949735 -1.195 -0.51 -0.7925 -0.52 -0.6425 -0.265 -0.64 -0.725 -0.5375 -1.195 -0.9775 -0.8475 -1.2475 -1.0475 -1.1525 -0.3425 -0.3425 -0.3425 -1.0124738 -1.0125 -1.0125 -1.73 -1.0975 -1.0975 -1.0975 -0.805 -0.805 -0.805 -0.0925 -0.0925 -0.09250002 -0.29107753 -0.71393408 -0.71999283 -1.5101234 -1.5175 -1.5175 -1.495804 -1.345 -1.345 -1.3441368 -0.67 -0.67 -0.67 -0.67 -0.67 -0.44 -0.44 -0.44 -0.44 0.4875 0.4875
-0.075 -1.1949999 -0.53496438 -0.035 -0.3075 -0.44 -0.1525 -0.17 -0.31 -0.75424866 -0.6775 -0.8325 -0.905 -1.2475 -1.0225 -1.1525 -1.4526856 -1.4542205 -1.2925 -1.0125 -1.0125 -1.6175 -1.73 -1.73 -1.0975 -1.0974985 -0.805 -0.805 -0.805 -0.5625 -0.53095103 -0.505 -0.505 -0.50500079 -1.5175 -1.5175 -1.5175 -1.5175 -1.345 -1.345 -1.345 -1.345 -0.67 -0.67 -0.67 -0.67 -0.67 -0.4400029 -0.44 -0.44 -0.44 0.48745435 0.4875
-0.075 0.16249872 -0.535 -0.85632018 -0.3075 -0.3875 -0.47001627 -0.5025 -0.325 -0.61500001 -0.75233185 -0.81753832 -1.085 -1.0225 -1.0225 -1.1142354 -1.455 -1.455 -1.2925 -1.2925 -1.0125012 -1.6175 -1.1175 -0.4825 -0.5425 -0.54239132 -0.805 -0.805 -0.5625 -0.5625 -0.505 -0.505 -0.505 -0.5078286 -1.5175 -1.5175 -1.5175 -1.345 -1.345 -1.345 -1.345 -1.3449527 -0.67 -0.67 -0.67 -0.67 -0.67 -0.66795272 -0.44 -0.44002107 -0.91 -0.91 -0.91
-1.1075 -0.335 -0.585 -0.765 -1.1625 -0.78 -0.9425 -0.8861674 -0.505 -0.0225 -0.5575 -0.315 -0.31500051 -1.3425 -1.3425 -1.3474571 -1.3475 -1.2675 -1.2675 -1.2924994 -1.1375 -1.1375 -0.4825 -0.5425 -0.5425 -0.0775 -0.2475 -0.2475 -0.45500966 -0.5625 -0.505 -0.505 -0.52 -0.51999974 -0.51750042 -1.39 -1.39 -1.3589218 -1.345 -1.345 -0.85561114 -0.855 -0.85499996 -0.8861164 -0.88997569 -0.88999994 -0.88999999 -0.88999991 -0.60010729 -0.91 -0.91 -0.91 -0.91
-0.30499381 -0.185 0.29739432 -0.4975 -0.8525 -0.9275 -0.61 -0.5625 -0.3725 -0.3725 -0.5575 -0.86 -0.92749994 -1.3425 -1.1700005 -1.17 -1.3475 -0.7225 -0.65 -0.65 -1.0291091 -0.9075 -0.9075 -0.097500006 -0.0775 -0.0775 -0.2475 -0.2475 -0.45499577 -0.45492221 -0.3476084 -0.52 -0.52 -0.5175 -0.5175 -1.328728 -1.39 -1.39 -1.1125096 -0.85500036 -0.855 -0.855 -0.85499895 -0.88999788 -0.89 -0.89 -0.89 -0.8899998 -0.5525 -0.90992915 -0.91 -0.91 -0.91
-0.305 0.0875 0.125 -0.725 -0.93498796 -0.81 -0.3825 -1.0275 -1.07 -0.7725 -0.7725 -0.705 -0.9275 -0.9275 -1.1683362 -1.0174482 -1.0025 -0.6925 -1.0374996 -0.65 -0.46787587 -0.4475 -0.2775 0.1525 0.15250161 0.2775 -0.2425 -0.2425 -0.38275405 -0.3825 -0.3475 -0.94606069 -0.8425 -0.5175 -0.52662679 -1.2775 -1.2775 -1.1125 -1.1125 -0.855 -0.855 -0.855 -0.50993774 -0.51000002 -0.89 -0.89 -0.89 -0.55251285 -0.5525 -0.5525 -0.91 -0.91 -0.91
-0.029320965 0.087500002 0.3575 -0.0225 -0.1725 -0.7275 -0.6475 -0.7575 -1.0425 -0.82918544 -0.675 -0.8025 -0.8025 -0.655 -0.65500063 -0.78311316 -0.7825 -0.7825 -0.74516478 -0.47000005 -0.6875 -0.6875 -0.585 -0.39868069 0.2649033 0.2775 -0.24 -0.2425 -0.31706417 -0.3175 -0.975 -0.4275 -0.49045813 -1.005 -0.8375 -0.88 -0.88 -0.835 -0.83250115 -0.85493304 -0.84 -0.4525 -0.50998372 -0.51 -0.51213885 -0.89 -0.59500002 -0.5525 -0.5525 -0.5525 -0.5525 -0.92711977 -0.305
-0.6825 -0.6825 0.5625 -0.0725 -0.28 -0.675 -1.0575 -0.935 -0.885 -0.77500803 -1.03 -0.4125 -0.655 -0.655 -0.7225 -0.72332293 -0.7825 -0.78249181 -0.765 -0.47 -0.47 -0.4980213 -0.585 -0.18250762 -0.1825 -0.1825 -0.24 0.3325 0.3325 -0.3175 -0.3175 -0.42773708 -0.5525 -1.005 -0.645 -0.88 -0.88 -0.96 -0.8325 -0.54474058 -0.45250002 -0.43688808 -0.41 -0.51 -0.51 -0.595 -0.595 -0.595 -0.5525 -0.5525 -1.0475 -1.0475 -1.0474997
-0.6825 -0.6825 -0.2625 -0.7775 -0.945 -0.065 -0.5825 -0.90511685 -1.0825 -0.9375 -0.805 -0.825 -0.41304952 -0.7225 -0.7225 -0.72248356 -0.58 -0.58970967 -0.765 -1.11 -1.11 -0.5925 -0.5925 -0.1825 -0.1825 -0.1825 0.3325 0.3325 0.3325 -0.6325 -0.6325 -0.63249987 -0.63 -0.63 -0.91 -1.295 -0.85 -1.1924947 -1.3 -0.54 -0.54 -0.81999865 -0.41 -0.51 -1.0799998 -0.8925 -0.32367359 -0.3225 -0.43 -0.43 -1.0475 -1.0475 -1.0475
-0.6825 -0.50128063 -0.48226887 -0.96249137 -0.32 -0.9 -0.5825 -0.905 -1.0824985 -0.93910642 -0.82500015 -0.825 -0.78 -0.7225 -0.7225 -0.58 -0.58 -0.58001053 -0.765 -1.11 -1.0083735 -0.5925 -0.5925 -0.1825169 -0.1825 -0.19564878 -0.2225 -0.2225 -0.22249993 -0.6325 -0.6325 -0.89 -0.89 -0.63000077 -0.91 -1.1275001 -0.80550202 -1.1925 -1.1925 -0.54000001 -0.82 -0.82 -0.82000182 -1.08 -1.08 -0.8925 -0.3225 -0.3225 -0.43 -0.43 -1.0475 -1.0475 -1.0475
-1.61 -0.86843237 -0.91249443 -0.9128523 -0.32000308 -0.89998631 -0.58250001 -0.90103022 -1.0702684 -1.0787137 -0.78 -0.78 -0.78 -0.78 -0.72250815 -0.58 -0.58 -0.58238864 -0.765 -1.1099681 -1.0075 -1.0075 -1.0075 -1.0075 -0.19648704 -0.2225 -0.2225 -0.2225 -0.2225 -0.22282075 -0.89 -0.89 -0.89 -0.89 -1.1275 -1.1275 -1.1275 -1.1886426 -1.1927816 -1.23 -1.23 -0.82002205 -1.1899962 -1.0800106 -1.08 -0.8925 -0.3225 -0.3225 -0.43 -0.43 -1.0452598 -1.0475 -0.38002526
-1.61 -0.9125 -0.9125 -0.9125 -0.9125 -0.91249999 -0.58331264 -0.73511805 -1.0376357 -0.78032217 -0.78 -0.78 -0.78 -0.78 -0.78000009 -0.58 -0.58000003 -0.59268974 -0.76499821 -1.0075 -1.0075 -1.0075 -1.0075 -1.0075 -1.0008498 -0.44127371 -0.51749994 -0.5175 -0.5175 -0.5175 -0.88999999 -0.89 -0.89000014 -1.0075 -1.0075 -1.1275 -0.85042536 -0.8425 -1.2299998 -1.23 -1.23 -1.23 -1.19 -1.19 -1.19 -1.1879297 -1.0553199 -1.06 -1.06 -1.06 -1.06 -0.38750014 -0.3875
-1.855 -0.9125 -0.9125 -0.9125 -0.9125 -0.9125 -0.91249998 -0.74137566 -0.91059436 -0.91 -0.91 -0.91 -0.91 -0.91 -0.91 -1.3949311 -0.5931088 -0.60533287 -1.0074694 -1.0075 -1.0075 -1.0075 -1.0075 -1.0074999 -0.7 -0.7 -0.69999974 -0.5175 -0.5175 -0.51755006 -0.5425 -0.5425 -1.0075 -1.0075 -1.0075 -0.86893118 -0.8425 -0.8425 -0.8425 -1.23 -1.23 -1.23 -1.19 -1.19 -1.19 -1.19 -1.06 -1.06 -1.06 -1.06 -1.06 -0.3875 -0.3875
-1.855 -1.504118 -0.9125 -0.9125 -0.9125 -0.9125 -0.94749313 -0.9475 -0.9475 -0.91 -0.91 -0.91 -0.91 -0.91 -1.0192005 -1.405 -1.405 -1.405 -0.90780528 -0.9075001 -0.9075 -0.9075 -0.9075 -0.9075 -0.7 -0.7 -0.7 -0.7 -0.5175 -0.5425 -0.5425 -0.5425 -1.0075 -1.0075 -1.0075 -0.7925 -0.8424338 -0.8425 -0.8425 -1.2299336 -1.097617 -0.78882254 -1.19 -1.19 -1.0454475 -1.045 -1.045 -1.0587935 -0.32756849 -0.32500006 -0.32500014 0.22490715 -0.38749875
-1.855 -1.3076072 -1.1047975 -0.9125 -0.9125 -0.94747932 -0.9475 -0.9475 -0.9475 -0.94722976 -0.91 -0.91 -0.91 -0.91000006 -1.405 -1.405 -1.405 -1.405 -0.90794441 -0.9075 -0.9075 -0.9075 -0.9075 -0.9075 -0.7 -0.7 -0.7 -0.7 -0.69942712 -0.5425 -0.5425 -0.5425 -0.705 -1.0074708 -0.7925 -0.7925 -0.7925 -0.79123958 -0.79097832 -0.7875 -0.7875 -0.7875 -1.2475 -1.2475 -1.045 -1.045 -1.045 -0.32500001 -0.325 -0.325 -0.325 0.225 0.225
-1.2928707 -1.2925 -1.2925 -1.2925 -0.8675 -0.94749794 -0.9475 -0.9475 -0.9475 -0.9475 -0.92514165 -0.91000261 -0.91000001 -1.405 -1.405 -1.405 -1.405 -1.405 -1.330331 -0.9075 -0.9075 -0.9075 -0.9075 -0.9075 -0.72539682 -0.5900006 -0.59 -0.59 -0.59 -0.54250001 -0.705 -0.705 -0.705 -0.705 -0.7925 -0.79249697 -0.6775 -0.6775 -0.78612649 -0.7875 -0.7875 -0.7875 -1.2475 -1.2475 -1.076354 -1.045 -1.045 -0.325 -0.325 -0.325 -0.31910257 0.225 0.225
-1.2925 -1.2925 -1.2925 -1.0923612 -0.8675 -0.8675 -0.9475 -0.9475 -0.9475 -0.9475 -1.11 -1.11 -1.11 -1.405 -1.405 -1.405 -1.405 -1.4048517 -0.84 -0.84 -0.90749997 -0.9075 -0.90396986 -0.7625 -0.76094705 -0.59 -0.59 -0.59 -0.59 -0.70498829 -0.705 -0.705 -0.705 -0.705 -0.6775004 -0.6775 -0.6775 -0.6775 -0.6778922 -0.7875 -0.7875 -0.7875 -1.2475 -1.2475 -1.2475 -1.045 -1.045 -0.32500001 -0.325 -0.325 0.225 0.225 0.225
-1.2925 -1.2925 -1.2925 -0.8675 -0.8675 -0.8675 -0.86750012 -0.9475 -0.9475 -1.1098323 -1.11 -1.11 -1.11 -1.1101838 -0.67854339 -0.5075 -0.5075 -0.5075 -0.84 -0.84 -0.84 -0.7625 -0.7625 -0.7625 -0.76229691 -0.30020032 -0.59 -0.59 -0.59 -0.74298903 -0.75499508 -0.755 -0.755 -0.755 -0.71601078 -0.76999979 -0.77 -0.77 -0.77 -0.97497434 -0.975 -0.975 -1.2475 -1.2475 -1.0225009 -1.0224999 -0.6775 -0.6775 -0.235 -0.235 -0.235 0.225 0.20751565
-1.292497 -1.2925 -1.2925 -0.8675 -0.8675 -0.8675 -0.8675 -0.73250006 -0.94664035 -1.1097438 -1.11 -1.11 -1.11 -1.1088177 -0.5075 -0.5075 -0.5075 -0.5075001 -0.84 -0.84 -0.84 -0.7625 -0.7625 -0.7625 -0.0375 -0.0375 -0.45999999 -0.46 -0.46 -0.46160932 -0.755 -0.755 -0.755 -0.755 -0.76249591 -0.77 -0.77 -0.77 -0.77 -0.975 -0.975 -0.975 -0.97649453 -1.0225 -1.0225 -1.0225 -0.6775 -0.6775 -0.235 -0.235 -0.235 0.20749999 0.2075
-0.315 -0.77923204 -1.2325 -1.2323941 -0.8675 -0.73328111 -0.7325 -0.7325 -0.77895828 -0.8275 -0.8275 -0.8275 -0.8275 -0.052525229 -0.052500002 -0.50749965 -0.5075 -0.51626089 -0.84 -0.84 -0.84 -0.1925 -0.1925 -0.1925 -0.0375 -0.0375 -0.46 -0.46 -0.46 -0.4600001 -0.597501 -0.59750044 -0.75104147 -0.75483115 -0.96226132 -0.9625 -0.9625 -0.9625 -0.9625 -0.975 -0.975 -0.975 -1.0198844 -1.0225 -1.0225 -1.0225 -0.6775 -0.6775 -0.67748407 -0.235 -0.23502359 -0.7625 0.2075
-0.65493543 -0.6550001 -1.2325 -1.2325 -1.2325 -0.7325 -0.7325 -0.7325 -0.86 -0.86 -0.8275 -0.8275 -0.8275 -0.0525 -0.0525 -0.0525 -0.0525 -0.052589123 -0.84 -0.84 -0.83999998 -0.1925 -0.1925 -0.1925 -0.0375 -0.0375 -0.46 -0.46 -0.46 -0.59594968 -0.5975 -0.5975 -0.5975 -0.5975 -0.96231989 -0.9625 -0.9625 -0.9625 -0.9625 -0.79000005 -0.79 -0.79 -0.79 -1.0224999 -1.0075 -1.0075 -1.0075 -1.26 -1.26 -1.26 -0.7625 -0.7625 -0.7625
-0.655 -0.655 -1.2325 -1.2325 -1.2325 -0.73512809 -0.7325 -0.86 -0.86 -0.86 -0.827504 -0.8275 -0.64364694 -0.052500126 -0.0525 -0.0525 -0.0525 -0.39 -0.39 -0.39 -0.43499999 -0.43499982 -0.19250118 -0.1925 -0.19275735 -0.7 -0.7 -0.69999943 -0.46003879 -0.4600274 -0.46000073 -0.46002401 -0.597265 -0.59738134 -0.89740283 -0.96249982 -0.96089979 -0.485 -0.485 -0.79 -0.79 -0.79 -0.79 -1.0075 -1.0075 -1.0075 -1.0075 -1.26 -1.26 -1.26 -0.7625 -0.7625 -0.7625
-0.655 -0.655 -1.2325 -1.2325 -1.2325 -1.2325 -0.78021953 -0.86 -0.86 -0.86 -0.85985776 -0.6025 -0.6025 -0.6025 -0.055741277 -0.0525 -0.38775098 -0.39 -0.39 -0.39 -0.435 -0.435 -0.435 -0.435 -0.7 -0.7 -0.7 -0.7 -0.7 -0.46 -0.46 -0.46 -0.46 -0.46000046 -0.68 -0.485 -0.485 -0.485 -0.485 -0.48500037 -0.5525 -0.5525 -0.5525 -0.68836061 -0.97 -0.97 -0.97 -1.26 -1.2599992 -0.3875 -0.3875 -0.14764961 -0.1475
-0.655 -0.655 -1.0240631 -1.2325 -1.2325 -1.2325 -0.78762865 -0.85977152 -0.86 -0.86 -0.60249996 -0.6025 -0.6025 -0.6025 -0.6025 -0.55738666 -0.39 -0.39 -0.39 -0.39 -0.43499965 -0.435 -0.435 -0.435 -0.7 -0.7 -0.7 -0.7 -0.7 -0.56899607 -0.46 -0.46 -0.46 -0.68 -0.68 -0.67984858 -0.485 -0.485 -0.40339712 -0.34000001 -0.5525 -0.5525 -0.5525 -0.68325184 -0.97 -0.97 -0.97 0.3975 -0.37771898 -0.3875 -0.3875 -0.1475 -0.1475
-0.26 -0.26 -0.26 -0.98866752 -1.2316287 -0.7875 -0.7875 -0.7875 -0.7875 -0.415 -0.415 -0.60249999 -0.6025 -0.6025 -0.6025 -0.60248651 -0.39 -0.39 -0.39 -0.39 -0.41536346 -0.435 -0.435 -0.42230735 0.016603345 -0.7 -0.7 -0.7 -0.6075 -0.6075 -0.6075 -0.60749938 -0.68 -0.68 -0.68 -0.68 -0.34 -0.34 -0.34 -0.34 -0.28 -0.28 -0.28 -0.015005328 -0.015 -0.015 -0.015000302 0.3975 0.3975 -0.38654352 -0.3875 -0.14749563 -0.1475
-0.26 -0.26 -0.26 -0.26002033 -0.6375 -0.65931246 -0.7875 -0.7875 -0.7875 -0.415 -0.415 -0.415 -0.057500024 -0.0575 -0.0575 -0.057500016 -0.3900458 -0.39 -0.39 -0.39 -0.39065588 0.049998669 0.05 0.05 0.05 0.049999987 -0.1375 -0.1375 -0.6075 -0.6075 -0.6075 -0.6075 -0.67999966 -0.68 -0.68 -0.67996151 -0.34 -0.34 -0.34 -0.34023031 -0.28 -0.28 -0.28 -0.015012289 -0.015 -0.015 -0.015 0.3975 0.3975 0.39750004 0.72 0.72 0.4075
-0.26 -0.26 -0.26 -0.63749913 -0.6375 -0.6375 -0.78749994 -0.7875 -0.7875 -0.415 -0.415 -0.415 -0.0575 -0.0575 -0.0575 -0.084727039 -0.415 -0.415 -0.41499994 -0.3901412 0.05 0.05 0.05 0.05 0.05 0.049858896 -0.1375 -0.1375 -0.1375 -0.6075 -0.6075 -0.60747586 -0.2075 -0.2075 -0.2075 -0.7775 -0.7775 -0.3925 -0.3925 -0.3925 -0.095 -0.27994197 -0.27999563 0.305 0.305 0.29287236 -0.014998456 0.3975 0.3975 0.72 0.72 0.72 0.4075
-0.26 -0.26 -0.26 -0.6375 -0.6375 -0.6375 -0.6375 -0.7875 -0.7875 -0.415 -0.415 -0.071794844 -0.0575 -0.0575 -0.0575 -0.415 -0.415 -0.415 -0.415 -0.415 0.05 0.05 0.05 0.05 0.05 -0.13749936 -0.1375 -0.1375 -0.1375 -0.57 -0.57 -0.57 -0.2075 -0.2075 -0.2075 -0.7775 -0.7775 -0.3925 -0.3925 -0.095 -0.095 -0.095 0.305 0.305 0.305 0.305 0.33477841 0.6675 0.6675 0.6675 0.72 0.54 0.54
-0.26 -0.26 -0.26052569 -0.6375 -0.6375 -0.6375 -0.6375 -0.394737 -0.3825 -0.3825558 -0.41499999 -0.057509005 -0.0575 -0.0575 -0.057501237 -0.415 -0.415 -0.415 -0.415 -0.415 0.34965075 0.05 0.05 0.05 0.050029865 -0.13748129 -0.1375 -0.1375 -0.1375 -0.57 -0.57 -0.57 -0.56994493 -0.2075 -0.7775 -0.7775 -0.7775 -0.77748379 -0.39247971 -0.095 -0.095 -0.095 0.30497572 0.305 0.305 0.305 0.66749811 0.6675 0.6675 0.6675 0.54 0.54 0.54
-0.2425 -0.24250003 -0.63728752 -0.6375 -0.6375 -0.6375 -0.38255426 -0.3825 -0.3825 -0.3825 -0.16500001 -0.165 -0.165 -0.165 -0.41384614 -0.415 -0.415 -0.415 -0.415 0.36249954 0.3625 0.3625 0.19499998 0.195 0.195 0.195 0.16630097 -0.1375 -0.23499601 -0.235 -0.235 -0.235 -0.235 -0.27 -0.27 -0.27 -0.27 -0.27 0.3325 0.3325 0.3325 0.3325 0.3325 0.48223243 0.4825 0.4825 0.4825 0.6675 0.6675 0.6675 0.54002009 0.54 0.54
-0.2425 -0.2425 -0.24084655 -0.045001191 -0.045000132 -0.045329425 -0.3825 -0.3825 -0.3825 -0.3825 -0.165 -0.165 -0.165 -0.165 -0.165 -0.415 -0.415 -0.415 0.3624998 0.3625 0.3625 0.3625 0.195 0.195 0.195 0.195 0.195 0.19492921 -0.23507047 -0.235 -0.235 -0.235 -0.23502831 -0.44290499 -0.27017904 -0.27 -0.27 -0.27 0.3325 0.3325 0.3325 0.3325 0.3325 0.4825 0.4825 0.4825 0.4825 0.56900961 0.6675 0.079138374 0.0725 -0.05 -0.05
-0.2425 -0.2425 -0.045025017 -0.045 -0.045 -0.045 -0.13072358 -0.3825 -0.3825 -0.3825 -0.165 -0.165 -0.165 -0.165 -0.165 -0.41480623 -0.415 0.36227204 0.3625 0.3625 0.3625 0.3625 0.25705146 0.195 0.195 0.195 0.195 0.19456605 -0.4175 -0.4175 -0.4175 -0.4175 -0.4175 -0.575 -0.575 -0.575 -0.575 -0.575 0.105 0.105 0.105 0.105 0.105 0.48255494 0.48250001 0.4825 0.48250381 0.48289987 0.0725 0.0725 0.0725 -0.049999314 -0.05
-0.24249948 0.032041126 -0.044999989 -0.045 -0.045 -0.045 -0.045 -0.3823563 -0.3825 -0.3825 -0.165 -0.165 -0.165 -0.165 -0.01344276 -0.01 -0.01 0.36249041 0.3625 0.3625 0.3625 0.3625 0.36249997 0.195 0.195 0.195 0.195 -0.83749957 -0.83749981 -0.74811379 -0.4175 -0.4175 -0.4175 -0.575 -0.575 -0.575 -0.575 -0.57476295 0.105 0.105 0.105 0.105 0.10502662 0.505 0.505 0.505 0.505 0.50496512 0.0725 0.0725 0.0725 0.07250011 0.24804495
0.0375 0.0375 0.0089200782 -0.045 -0.045 -0.045 -0.045 -0.045 -0.38235475 0.17249999 0.1725 0.1725 0.17169904 -0.010000223 -0.01 -0.01 -0.01 -0.01 0.36249904 0.3542942 0.2825 0.2825 0.2825 0.25996875 0.18999773 0.16323151 0.14009187 -0.8375 -0.8375 -0.8375 -0.8375 -0.8375 -0.81136224 -0.2212963 -0.225 -0.225 -0.225 -0.225 0.17027911 0.45249938 0.4525 0.4525 0.4525 0.45500015 0.50499999 0.505 0.505 0.475 0.072506448 0.0725 0.0725 0.2525 0.2525
0.0375 0.0375 -0.052499999 -0.0525 -0.0525 -0.045002498 -0.045 -0.045 0.1725 0.1725 0.1725 0.1725 0.1725 -0.0099999917 -0.01 -0.01 -0.01 -0.01 0.2825 0.2825 0.2825 0.2825 0.2825 0.13250001 0.1325 0.1325 0.1325 -0.8375 -0.8375 -0.8375 -0.8375 -0.8375 0.105 0.105 -0.225 -0.225 -0.225 0.60735823 0.6075 0.4525 0.4525 0.4525 0.45250003 0.455 0.455 0.455 0.475 0.475 0.475 0.275 0.275 0.2525 0.2525
0.0375 0.0375 -0.0525 -0.0525 -0.0525 -0.0525 -0.052498875 0.1525 0.17248117 0.1725 0.1725 0.1725 0.1725 -0.0077234784 -0.01 -0.01 -0.01 -0.01 0.28249999 0.2825 0.2825 0.2825 0.2825 0.1325 0.1325 0.1325 0.1325 0.13249611 -0.8375 -0.8375 -0.8375 0.10495059 0.105 0.105 0.105 -0.225 0.60749999 0.6075 0.6075 0.60342166 0.60424152 0.6325 0.6325 0.455 0.455 0.455 0.475 0.475 0.475 0.275 0.275 0.275 0.050978111
-0.2275 -0.22749792 -0.0525 -0.0525 -0.0525 -0.0525 0.1525 0.1525 0.1525 0.1725 0.1725 0.1725 0.1725 0.17244327 -0.01 -0.01 -0.01 -0.01 0.28249486 0.2825 0.2825 0.2825 0.15892617 0.1325 0.1325 0.1325 0.1325 0.45249974 0.4525 0.45249999 -0.82361961 0.105 0.105 0.105 0.10500049 0.61999999 0.6075 0.6075 0.6075 0.6075 0.6325 0.6325 0.6325 0.6875 0.6875 0.6875 0.40500682 0.475 0.475 0.275 0.275 0.275 0.030001059
-0.2275 -0.2275 -0.0525 -0.0525 -0.0525 0.1525 0.1525 0.1525 0.1525 0.17032159 0.1725 0.1725 0.1725 0.17249983 0.11498561 0.115 0.115 0.115 0.31720183 0.3125 0.3125 0.3125 0.3125 0.1325 0.1325 0.1325 0.13252111 0.4525 0.4525 0.4525 0.4525 0.10510838 0.3946726 0.62 0.62 0.62 0.60718274 0.52250177 0.5225 0.5225 0.63247063 0.595 0.595 0.6875 0.6875 0.6874988 0.405 0.405 0.3525 0.3525 0.3525 0.3025 0.41
