interpolatedSpi/04-05|20_1.tif
NCOLS 53
NROWS 52
XLLCORNER -116.03883
YLLCORNER 28.596182
DX 0.49850594
DY 0.49788537
NODATA_VALUE -9999
0.48 0.48 -0.10443589 -0.51 -0.285 0.145 0.325 -0.07 -0.42451654 -0.71 -0.67 -0.625 -0.58496789 -0.195 -0.64 -0.64 -0.64 0.34 0.4 0.4 0.4 0.40000159 0.56499999 -0.28 -0.28 -0.28 0.50000249 0.5 0.5 -0.025 -0.025 -0.025 -0.025 0.82499983 0.825 0.825 0.825 0.825 0.825 0.82500002 1.4433388 1.4495099 -0.475 -0.475 -0.475 -0.475 -0.47656801 -1.435 -1.435 -1.435 -0.40500214 -0.405 -0.405 
0.47997579 -0.065 0.1150009 0.10056551 0.16970246 0.155 0.18 -0.11947848 -0.705 -0.47 -0.525 -0.585 -0.585 0.089049676 -0.19500049 -0.64 0.34 0.34 0.39992177 0.4 0.4 0.4 -0.28842193 -0.28 -0.28 -0.28 -0.67999997 -0.68 -0.025 -0.025 -0.025 -0.025 -0.025 0.82499988 0.825 0.825 0.825 0.825 0.82499993 0.69854776 0.10001459 -0.40522838 -0.475 -0.475 -0.475 -0.475 -0.475 -1.435 -1.435 -1.435 -1.3495914 -0.405 -0.405 
1.3449474 1.345 0.895 1.105 0.18 0.25 0.11 -0.39 -0.785 -0.365 -0.395 -1.28 -0.665 -0.555 0.09 0.55 0.34 0.34 0.34 0.59994186 0.6 0.6 -0.44 -0.28 -0.28 -0.28 -0.68 -0.68 -0.68 -0.025 -0.025 -0.025000033 -0.35475905 0.82172025 0.81583175 -0.15097398 -0.16 -0.16 -0.12729885 0.099999998 0.1 0.09926472 -0.475 -0.475 -0.475 -0.475 -0.475 -1.435 -1.435 -1.435 -1.435 -0.405 -0.405 
1.255 1.3449999 0.88000689 0.585 -0.015 0.1 0.575 -0.39 -0.25 -0.39962837 -0.535 -0.445 -0.645 -0.555 0.34 0.55 -0.28853495 -0.29455508 -0.09 0.6 0.6 -0.685 -0.44 -0.44 -0.28 -0.280002 -0.68 -0.68 -0.68 -0.91 -0.80026445 -0.71 -0.71 -0.70999957 -0.16 -0.16 -0.16 -0.16 0.1 0.1 0.1 0.099999978 -0.475 -0.475 -0.475 -0.475 -0.475 -1.4349879 -1.435 -1.435 -1.435 -0.40502531 -0.405 
1.255 0.37000094 0.88 0.83722459 -0.015 -0.08 -0.025043574 0.095 -0.115 -0.39499977 -0.62878105 -0.73996276 -0.48 0.34 0.34 0.46723455 -0.295 -0.295 -0.09 -0.09 0.59999733 -0.685 -1.135 -0.345 -0.27 -0.27010418 -0.68 -0.68 -0.91 -0.91 -0.71 -0.71 -0.71 -0.65531368 -0.16 -0.16 -0.16 0.1 0.1 0.1 0.1 0.099964284 -0.475 -0.475 -0.475 -0.475 -0.475 -0.48354519 -1.435 -1.4349886 -1.18 -1.18 -1.18 
-0.565 0.495 0.89499998 0.545 0.065 -0.045 0.21 0.19527671 0.39 -0.22 -0.335 -0.2 -0.20000018 -0.405 -0.405 0.11993843 0.12 -0.255 -0.255 -0.090000507 -1.655 -1.655 -0.345 -0.27 -0.27 -0.715 -0.925 -0.925 -0.84000621 -0.91 -0.71 -0.71 -0.42 -0.41996029 -0.040027449 -0.83 -0.83 -0.18771673 0.1 0.1 -0.26953853 -0.27 -0.26999956 -0.56832299 -0.5699895 -0.56999997 -0.57 -0.56999998 -1.7920653 -1.18 -1.18 -1.18 -1.18 
-0.43000194 0.255 0.036590086 0.61 0.895 0.005 -0.15 0.065 -0.26 -0.26 -0.335 -0.02 -0.75499989 -0.405 -0.13500081 -0.135 0.12 -0.735 -0.665 -0.665 -1.4759193 -1.275 -1.275 -0.75499999 -0.715 -0.715 -0.925 -0.925 -0.83999359 -0.83988198 0.062545229 -0.42 -0.42 -0.04 -0.04 -0.97160641 -0.83 -0.83 -0.81000069 -0.27000075 -0.27 -0.27 -0.26999833 -0.57000075 -0.57 -0.57 -0.57 -0.5700008 -1.91 -1.1801447 -1.18 -1.18 -1.18 
-0.43 -0.46 0.31 -0.36 -0.41999656 -0.07 -0.355 -0.49 -0.105 0.125 0.125 -0.365 -0.755 -0.755 -0.13925377 -0.42644223 -0.455 -0.375 -0.72999993 -0.665 -1.4558976 -1.475 -1.345 -0.51 -0.50999684 -0.265 -1.18 -1.1799999 -0.73038546 -0.72999998 0.065 0.44907342 0.41 -0.04 -0.04299473 -1.09 -1.09 -0.81 -0.81 -0.27 -0.27 -0.27 -0.70087568 -0.70499999 -0.57 -0.57 -0.57 -1.909949 -1.91 -1.91 -1.18 -1.18 -1.18 
-0.41751965 -0.46 -0.145 0.185 -0.185 -0.2 0.115 1.225 0.26 0.31183344 -0.355 -0.27 -0.27 -0.53 -0.52999619 -0.46497213 -0.465 -0.465 -0.4291913 -1.6049999 -1.25 -1.25 -1.58 -1.4376096 -0.28968953 -0.265 -0.825 -1.18 -0.72764401 -0.725 0.46 -0.235 -0.45912266 -0.875 -0.145 -0.295 -0.38 -0.44 -0.48497922 -0.26915188 -0.08 -0.1 -0.70489987 -0.705 -0.70424015 -0.57 -1.15 -1.91 -1.91 -1.91 -1.91 -1.2017888 -1.165 
-0.18 -0.18 -0.125 -0.43 -0.275 0.23 0.175 0.63 0.61 0.32506175 -0.045 -0.265 -0.53 -0.53 -0.125 -0.12966325 -0.465 -0.46502174 -0.575 -1.605 -1.605 -1.5592641 -1.58 -1.4300028 -1.43 -1.43 -0.825 -0.71 -0.71 -0.725 -0.725 -0.23584399 -0.68 -0.875 -0.055 -0.295 -0.38 -0.7 -0.485 -0.19478111 -0.099999999 -0.096326606 -0.09 -0.705 -0.705 -1.15 -1.15 -1.15 -1.91 -1.91 -1.355 -1.355 -1.3549999 
-0.18 -0.18 -0.685 -0.745 -0.555 0.025 -0.27499999 0.54499481 0.56 0.575 0.045 -0.32 -0.26507361 -0.125 -0.125 -0.12503518 -0.43 -0.43761028 -0.575 -1.085 -1.085 -1.105 -1.105 -1.43 -1.43 -1.43 -0.71 -0.71 -0.71 -1.275 -1.275 -1.274999 0.09 0.09 -0.055 -0.325 -0.15 -1.2699994 -1.085 -0.19 -0.19 -0.19499965 -0.09 -0.705 -0.86500009 -1.025 -0.76665811 -0.765 -1.275 -1.275 -1.355 -1.355 -1.355 
-0.18 -0.39810382 -0.71060414 -1.0099847 -0.35 -0.64 -0.275 0.545 0.55999987 0.57483382 -0.31999884 -0.32 -0.32 -0.125 -0.125 -0.42999999 -0.43 -0.43000825 -0.575 -1.085 -1.0889276 -1.105 -1.105 -1.4299865 -1.43 -1.2590658 -0.91 -0.91 -0.90999997 -1.275 -1.275 -0.485 -0.485 0.089999602 -0.055 -0.36499986 -0.31756995 -1.27 -1.27 -0.19 -0.195 -0.195 -0.19500483 -0.865 -0.865 -1.025 -0.765 -0.765 -1.275 -1.275 -1.355 -1.355 -1.355 
0.175 0.45653981 0.55495156 0.54366839 -0.3500015 -0.63999315 -0.27500001 0.53490627 0.55896635 0.56039169 -0.32 -0.32 -0.32 -0.32 -0.12502762 -0.43 -0.43 -0.43187218 -0.575 -1.0848623 -0.62 -0.62 -0.62 -0.62 -1.4158606 -0.91 -0.91 -0.91 -0.91 -0.91023366 -0.485 -0.485 -0.485 -0.485 -0.365 -0.365 -0.365 -1.2262763 -1.2659443 -0.73 -0.73 -0.19502878 -1.1549901 -0.86502793 -0.865 -1.025 -0.765 -0.765 -1.275 -1.275 -1.3547098 -1.355 -1.1382652 
0.175 0.555 0.555 0.555 0.555 0.5549995 -0.27593425 0.11299543 0.55620864 -0.31905188 -0.32 -0.32 -0.32 -0.32 -0.31999985 -0.43 -0.43000002 -0.43994601 -0.57499813 -0.62 -0.62 -0.62 -0.62 -0.62 -0.62551343 -0.95069081 -0.98499998 -0.985 -0.985 -0.985 -0.48500001 -0.485 -0.48500005 -0.53 -0.53 -0.365 -0.25319795 -0.25 -0.72999972 -0.73 -0.73 -0.73 -1.155 -1.155 -1.155 -1.1540953 -1.2916056 -1.295 -1.295 -1.295 -1.295 -0.62500015 -0.625 
0.075 0.555 0.555 0.555 0.555 0.555 0.55499994 -0.35573755 -0.11679266 -0.12 -0.12 -0.12 -0.12 -0.12 -0.12 -0.76176654 -0.43548788 -0.44985542 -0.61999429 -0.62 -0.62 -0.62 -0.62 -0.61999971 -0.875 -0.875 -0.87500015 -0.985 -0.985 -0.98521026 -1.09 -1.09 -0.53 -0.53 -0.53 -0.29485297 -0.25 -0.25 -0.25 -0.73 -0.73 -0.73 -1.155 -1.155 -1.155 -1.155 -1.295 -1.295 -1.295 -1.295 -1.295 -0.625 -0.625 
0.075 0.25369855 0.555 0.555 0.555 0.555 -1.039687 -1.04 -1.04 -0.12 -0.12 -0.12 -0.12 -0.12 -0.26449758 -0.775 -0.775 -0.775 -0.37574663 -0.37500025 -0.375 -0.375 -0.375 -0.375 -0.875 -0.875 -0.875 -0.875 -0.985 -1.09 -1.09 -1.09 -0.53000005 -0.53 -0.53 -0.295 -0.25005958 -0.25 -0.25 -0.73004548 -0.82124706 -1.0340884 -1.155 -1.155 -0.86589496 -0.865 -0.865 -1.2931758 -0.18887895 -0.1850001 -0.18500021 -0.36004007 -0.62499946 
0.075 -0.051508503 0.24631192 0.555 0.555 -1.0390576 -1.04 -1.04 -1.04 -1.0333702 -0.12 -0.12 -0.12 -0.12000008 -0.775 -0.775 -0.775 -0.775 -0.37535731 -0.375 -0.375 -0.375 -0.375 -0.375 -0.87499999 -0.875 -0.875 -0.875 -0.87578203 -1.09 -1.09 -1.09 -0.36000002 -0.52997199 -0.295 -0.295 -0.295 -0.29384243 -0.98527812 -1.035 -1.035 -1.035 -1.1 -1.1 -0.865 -0.865 -0.865 -0.18500001 -0.185 -0.185 -0.185 -0.36 -0.36 
-0.054875842 -0.055 -0.055 -0.055000006 -0.695 -1.0399911 -1.04 -1.04 -1.04 -1.04 -0.11507932 -0.11999915 -0.12 -0.775 -0.775 -0.775 -0.775 -0.775 -0.75311139 -0.375 -0.375 -0.375 -0.375 -0.375 -0.57271711 -0.51000198 -0.51 -0.51 -0.51 -1.09 -0.36000001 -0.36 -0.36 -0.36 -0.295 -0.29499723 -0.19 -0.19 -1.0244489 -1.035 -1.035 -1.035 -1.1 -1.1 -0.90138609 -0.865 -0.865 -0.185 -0.185 -0.185 -0.18687646 -0.36 -0.36 
-0.055 -0.055 -0.055 -0.35638555 -0.695 -0.695 -1.04 -1.04 -1.04 -1.04 -0.055 -0.055 -0.055 -0.775 -0.775 -0.775 -0.775 -0.77499917 -0.925 -0.925 -0.37500022 -0.375 -0.38145163 -0.64 -0.63882967 -0.51 -0.51 -0.51 -0.51 -0.36001527 -0.36 -0.36 -0.36 -0.36 -0.19000037 -0.19 -0.19 -0.19 -0.1930076 -1.035 -1.035 -1.035 -1.1 -1.1 -1.1 -0.865 -0.865 -0.18500001 -0.185 -0.185 -0.36 -0.36 -0.36 
-0.055 -0.055 -0.055 -0.695 -0.695 -0.695 -0.69500053 -1.04 -1.04 -0.056016803 -0.055 -0.055 -0.055 -0.055448593 -0.77095289 -0.77 -0.77 -0.77 -0.925 -0.925 -0.925 -0.64 -0.64 -0.64 -0.63998319 -0.5467167 -0.51 -0.51 -0.51 -0.33093769 -0.32000393 -0.32 -0.32 -0.32 -0.44761337 -0.80999859 -0.81 -0.81 -0.81 -0.60505884 -0.605 -0.605 -1.1 -1.1 -0.34500315 -0.34499991 -0.09 -0.09 -0.15 -0.15 -0.15 -0.36 -0.26008941 
-0.054999798 -0.055 -0.055000023 -0.695 -0.695 -0.695 -0.695 -0.33500021 -1.0371811 -0.054891187 -0.055 -0.055 -0.055 -0.056403027 -0.77 -0.77 -0.77 -0.77000004 -0.925 -0.925 -0.925 -0.64 -0.64 -0.64 -0.58 -0.58 -0.515 -0.515 -0.515 -0.51393621 -0.32 -0.32 -0.32 -0.32 -0.56486548 -0.81 -0.81 -0.81 -0.81 -0.605 -0.605 -0.605 -0.59681941 -0.345 -0.345 -0.345 -0.09 -0.09 -0.15 -0.15 -0.15 -0.26 -0.26 
0.01 -0.035121947 -0.495 -0.49505802 -0.695 -0.33708295 -0.335 -0.335 -0.31860296 0.064999992 0.065 0.065 0.065 -0.67997575 -0.68 -0.76999993 -0.77 -0.77408402 -0.925 -0.925 -0.925 -0.885 -0.885 -0.885 -0.58 -0.58 -0.515 -0.515 -0.515 -0.51500007 -0.60499819 -0.6049992 -0.32716305 -0.32030554 -0.90433321 -0.905 -0.905 -0.905 -0.905 -0.605 -0.605 -0.605 -0.3593164 -0.345 -0.345 -0.34500003 -0.09 -0.09 -0.09000216 -0.15 -0.1500199 -0.595 -0.26 
-0.36492879 -0.36500002 -0.495 -0.495 -0.495 -0.335 -0.335 -0.335 -0.29 -0.29 0.065 0.065 0.065 -0.68 -0.68 -0.68 -0.68 -0.68002753 -0.925 -0.925 -0.925 -0.885 -0.885 -0.885 -0.58 -0.58 -0.515 -0.515 -0.515 -0.60398524 -0.605 -0.605 -0.605 -0.605 -0.90485197 -0.905 -0.905 -0.905 -0.905 -0.58500001 -0.585 -0.585 -0.585 -0.34500119 -0.5 -0.5 -0.5 -0.45 -0.45 -0.45 -0.595 -0.595 -0.595 
-0.365 -0.365 -0.495 -0.495 -0.495 -0.33584099 -0.335 -0.29 -0.29 -0.29 0.064956299 0.065 -0.74395348 -0.68000006 -0.68 -0.68 -0.68 -0.655 -0.655 -0.655 -0.74 -0.74000011 -0.88499929 -0.885 -0.8847454 -0.6 -0.6 -0.5999998 -0.51501374 -0.50002093 -0.50000056 -0.50001833 -0.60482054 -0.60490939 -0.85150017 -0.905 -0.90498324 -0.9 -0.9 -0.585 -0.585 -0.585 -0.585 -0.5 -0.5 -0.5 -0.5 -0.45 -0.45 -0.45 -0.595 -0.595 -0.595 
-0.365 -0.365 -0.495 -0.495 -0.495 -0.495 -0.31815781 -0.29 -0.29 -0.29 -0.29035076 -0.925 -0.925 -0.925 -0.68144384 -0.68 -0.65516659 -0.655 -0.655 -0.655 -0.74 -0.74 -0.74 -0.74 -0.6 -0.6 -0.6 -0.6 -0.6 -0.5 -0.5 -0.5 -0.5 -0.49999976 -0.385 -0.9 -0.9 -0.9 -0.9 -0.9000006 -1.14 -1.14 -1.14 -0.9024483 -0.41 -0.41 -0.41 -0.45 -0.4499999 -0.345 -0.345 0.23479808 0.235 
-0.365 -0.365 -0.44807913 -0.495 -0.495 -0.49500002 -1.4329682 -0.29360841 -0.29 -0.29 -0.92500013 -0.925 -0.925 -0.925 -0.925 -0.90487797 -0.655 -0.655 -0.655 -0.655 -0.73999934 -0.74 -0.74 -0.74 -0.6 -0.6 -0.6 -0.6 -0.6 -0.67365476 -0.5 -0.5 -0.5 -0.385 -0.385 -0.38539991 -0.9 -0.9 -0.77900262 -0.68500002 -1.14 -1.14 -1.14 -0.90437169 -0.41 -0.41 -0.41 -0.26 -0.34394091 -0.345 -0.345 0.235 0.235 
-0.635 -0.635 -0.635 -0.53010185 -0.49583172 -1.435 -1.435 -1.435 -1.435 -1.545 -1.545 -0.92500004 -0.925 -0.925 -0.925 -0.92498289 -0.655 -0.655 -0.655 -0.655 -0.70290876 -0.74 -0.74 -0.73921489 -0.70510183 -0.6 -0.6 -0.6 -0.735 -0.735 -0.735 -0.73499901 -0.385 -0.385 -0.385 -0.385 -0.685 -0.685 -0.685 -0.685 -0.33 -0.33 -0.33 -0.10000462 -0.1 -0.1 -0.1000001 -0.26 -0.26 -0.34489643 -0.345 0.23499972 0.235 
-0.635 -0.635 -0.635 -0.63502262 -1.055 -1.1102582 -1.435 -1.435 -1.435 -1.545 -1.545 -1.545 -1.095 -1.095 -1.095 -1.095 -0.65611741 -0.655 -0.655 -0.655 -0.65628726 -0.71000008 -0.71 -0.71 -0.71 -0.71000001 -1.05 -1.05 -0.735 -0.735 -0.735 -0.735 -0.3850002 -0.385 -0.385 -0.3850224 -0.685 -0.685 -0.685 -0.68521934 -0.33 -0.33 -0.33 -0.10001067 -0.1 -0.1 -0.1 -0.26 -0.26 -0.25999994 0.18 0.18 0.89 
-0.635 -0.635 -0.635 -1.054999 -1.055 -1.055 -1.4349999 -1.435 -1.435 -1.545 -1.545 -1.545 -1.095 -1.095 -1.095 -1.1079471 -1.265 -1.265 -1.2649984 -0.65844544 -0.71 -0.71 -0.71 -0.71 -0.71 -0.71025587 -1.05 -1.05 -1.05 -0.735 -0.735 -0.73523494 -0.66 -0.66 -0.66 -0.895 -0.895 -0.735 -0.735 -0.735 0.125 -0.32985728 -0.3299966 0.125 0.125 0.11647276 -0.099999676 -0.26 -0.26 0.18 0.18 0.18 0.89 
-0.635 -0.635 -0.635 -1.055 -1.055 -1.055 -1.055 -1.435 -1.435 -1.545 -1.545 -1.1129935 -1.095 -1.095 -1.095 -1.265 -1.265 -1.265 -1.265 -1.265 -0.71 -0.71 -0.71 -0.71 -0.71 -1.0499988 -1.05 -1.05 -1.05 -1.1 -1.1 -1.1 -0.66 -0.66 -0.66 -0.895 -0.895 -0.735 -0.735 0.125 0.125 0.125 0.125 0.125 0.125 0.125 0.11883895 0.05 0.05 0.05 0.18000001 0.605 0.605 
-0.635 -0.635 -0.63558487 -1.055 -1.055 -1.055 -1.055 -1.1311609 -1.135 -1.1357039 -1.545 -1.095031 -1.095 -1.095 -1.0950006 -1.265 -1.265 -1.265 -1.265 -1.265 -1.4820215 -0.71 -0.71 -0.71 -0.71011843 -1.0500132 -1.05 -1.05 -1.05 -1.1 -1.1 -1.1 -1.0999403 -0.66 -0.895 -0.895 -0.895 -0.89499315 -0.73494135 0.125 0.125 0.125 0.125 0.125 0.125 0.125 0.050002062 0.05 0.05 0.05 0.605 0.605 0.605 
0.045 0.044998812 -1.0547403 -1.055 -1.055 -1.055 -1.134983 -1.135 -1.135 -1.135 -1.465 -1.465 -1.465 -1.465 -1.265923 -1.265 -1.265 -1.265 -1.265 -1.5149999 -1.515 -1.515 -1.2849999 -1.285 -1.285 -1.285 -1.2647165 -1.05 -1.5699787 -1.57 -1.57 -1.57 -1.57 -0.535 -0.535 -0.535 -0.535 -0.535 0.165 0.165 0.165 0.165 0.165 0.25480403 0.255 0.255 0.255 0.05 0.05 0.05 0.60491256 0.605 0.605 
0.045 0.045 0.041232066 -0.40500131 -0.40500014 -0.40571208 -1.135 -1.135 -1.135 -1.135 -1.465 -1.465 -1.465 -1.465 -1.465 -1.265 -1.265 -1.265 -1.5149999 -1.515 -1.515 -1.515 -1.285 -1.285 -1.285 -1.285 -1.285 -1.2849505 -1.5697084 -1.57 -1.57 -1.57 -1.5698829 -0.40177812 -0.53486205 -0.535 -0.535 -0.535 0.165 0.165 0.165 0.165 0.165 0.255 0.255 0.255 0.255 0.15913799 0.05 0.57903104 0.585 0.2 0.2 
0.045 0.045 -0.404943 -0.405 -0.405 -0.405 -0.59041692 -1.135 -1.135 -1.135 -1.465 -1.465 -1.465 -1.465 -1.465 -1.2651503 -1.265 -1.5149267 -1.515 -1.515 -1.515 -1.515 -1.370205 -1.285 -1.285 -1.285 -1.285 -1.2846671 -0.815 -0.815 -0.815 -0.815 -0.815 -0.3 -0.3 -0.3 -0.3 -0.3 0.42 0.42 0.42 0.42 0.42 0.25668475 0.25500035 0.255 0.25511696 0.26912096 0.585 0.585 0.585 0.20000216 0.2 
0.044999926 0.0057798392 -0.40499994 -0.405 -0.405 -0.405 -0.405 -1.1346892 -1.135 -1.135 -1.465 -1.465 -1.465 -1.465 -1.0836624 -1.075 -1.075 -1.5149887 -1.515 -1.515 -1.515 -1.515 -1.5149999 -1.285 -1.285 -1.285 -1.285 -0.79000004 -0.79000001 -0.79532061 -0.815 -0.815 -0.815 -0.3 -0.3 -0.3 -0.3 -0.30011175 0.42 0.42 0.42 0.42 0.42000996 0.945 0.945 0.945 0.945 0.94497097 0.585 0.585 0.585 0.58499976 0.19014727 
0.005 0.005 -0.058916427 -0.405 -0.405 -0.405 -0.405 -0.405 -1.1346865 -0.19500001 -0.195 -0.195 -0.19801397 -1.0750006 -1.075 -1.075 -1.075 -1.075 -1.5149958 -1.4790996 -1.165 -1.165 -1.165 -1.194384 -1.2637904 -1.1503016 -1.054408 -0.79 -0.79 -0.79 -0.79 -0.79 -0.79078469 -0.46853537 -0.465 -0.465 -0.465 -0.465 0.44442054 0.54999977 0.55 0.55 0.55 0.70000072 0.94499994 0.945 0.945 0.795 0.58500336 0.585 0.585 0.19 0.19 
0.005 0.005 0.084999999 0.085 0.085 -0.40483678 -0.405 -0.405 -0.195 -0.195 -0.195 -0.195 -0.195 -1.075 -1.075 -1.075 -1.075 -1.075 -1.165 -1.165 -1.165 -1.165 -1.165 -1.02 -1.02 -1.02 -1.02 -0.79 -0.79 -0.79 -0.79 -0.79 -0.78 -0.78 -0.465 -0.465 -0.465 -0.35001958 -0.35 0.55 0.55 0.55 0.55000002 0.7 0.7 0.7 0.795 0.795 0.795 0.305 0.305 0.19 0.19 
0.005 0.005 0.085 0.085 0.085 0.085 0.084998189 -0.245 -0.19504708 -0.195 -0.195 -0.195 -0.195 -1.0640228 -1.075 -1.075 -1.075 -1.075 -1.165 -1.165 -1.165 -1.165 -1.165 -1.02 -1.02 -1.02 -1.02 -1.0199991 -0.79 -0.79 -0.79 -0.78000052 -0.78 -0.78 -0.78 -0.465 -0.35 -0.35 -0.35 -0.32631931 0.67223623 0.695 0.695 0.7 0.7 0.7 0.795 0.795 0.795 0.305 0.305 0.305 0.067728292 
0.355 0.35499725 0.085 0.085 0.085 0.085 -0.245 -0.245 -0.245 -0.195 -0.195 -0.195 -0.195 -0.19527357 -1.075 -1.075 -1.075 -1.075 -1.1649983 -1.165 -1.165 -1.165 -1.0455353 -1.02 -1.02 -1.02 -1.02 -1.2749998 -1.275 -1.275 -0.79520498 -0.78 -0.78 -0.78 -0.7799995 -0.25500001 -0.35 -0.35 -0.35 -0.34999999 0.695 0.695 0.695 0.98 0.98 0.98 0.69500974 0.795 0.795 0.305 0.305 0.305 0.054999526 
0.355 0.355 0.085 0.085 0.085 -0.245 -0.245 -0.245 -0.245 -0.20048742 -0.195 -0.195 -0.195 -0.19500325 -0.69004431 -0.69 -0.69 -0.69 -0.82338615 -0.78 -0.78 -0.78 -0.78 -1.02 -1.02 -1.02 -1.0200168 -1.275 -1.275 -1.275 -1.275 -0.77997449 -0.48470269 -0.255 -0.255 -0.255 -0.3479092 0.20998834 0.21 0.21 0.69514099 0.87499999 0.875 0.98 0.98 0.97999879 0.695 0.695 0.06 0.06 0.06 0.04 -0.115 
0.355 0.355 0.2 0.2 0.2 -0.245 -0.245 -0.245 -0.245 -0.415 -0.415 -0.415 -0.415 -0.43437989 -0.69 -0.69 -0.69 -0.69 -0.825 -0.78 -0.78 -0.78 -0.78 -1.17 -1.1699999 -1.0200002 -1.275 -1.275 -1.275 -1.275 -0.98389174 -0.7 -0.3079489 -0.255 -0.255 -0.255 0.21 0.21 0.21 0.21 0.875 0.875 0.875 0.98496531 0.985 0.69630353 0.695 0.695 0.060000357 0.06 0.04 0.04 -0.115 
0.355 0.2 0.2 0.2 0.2 0.2 -0.24655258 -0.445 -0.445 -0.415 -0.415 -0.415 -0.415 -0.41506513 -0.69 -0.69 -0.69 -0.69609973 -0.825 -0.825 -0.78 -0.78 -1.17 -1.17 -1.17 -1.17 -1.275 -1.275 -1.275 -1.275 -0.7 -0.7 -0.7 -0.2554503 -0.255 -0.255 0.21 0.21 0.21 0.21 0.875 0.875 0.875 0.985 0.985 0.9849762 0.565 0.565 0.08 0.08 0.04 0.04 -0.115 
0.20145564 0.2 0.2 0.2 0.2 0.2 -0.445 -0.445 -0.445 -0.42894275 -0.415 -0.415 -0.415 -0.41500091 -0.69 -0.69 -0.69 -0.825 -0.825 -0.825 -0.78000225 -0.78000238 -1.17 -1.17 -1.17 -1.17 -1.2749925 -1.275 -1.275 -0.70013224 -0.7 -0.7 -0.7 -0.7 -0.25556537 0.095 0.095 0.096990275 0.21 0.21 0.87499941 0.875 0.98180173 0.985 0.985 0.56500015 0.565 0.565 0.08 0.08 0.095 0.095 0.13 
0.2 0.2 0.2 0.2 0.2 0.2 -0.445 -0.445 -0.445 -0.445 -0.39500058 -0.395 -0.395 -0.395 -0.6900003 -0.82781713 -0.905 -0.905 -0.82514748 -0.825 -0.82499999 -1.1699994 -1.17 -1.17 -1.17 -1.17 -1.1700763 -1.275 -1.2749803 -0.7 -0.7 -0.7 -0.7 -0.7 0.095 0.095 0.095 0.095 0.095 0.095001182 0.425 0.425 0.42500014 0.85 0.85 0.85 0.665 0.665 0.305 0.305 0.095 0.095000076 0.13 
0.2 0.2 0.2 0.2 0.2 0.2 -0.445 -0.445 -0.445 -0.395 -0.395 -0.395 -0.395 -0.395 -0.52943478 -0.905 -0.905 -0.905 -0.905 -0.905 -0.90118026 -1.17 -1.17 -1.17 -1.17 -1.1596377 -0.84051711 -1.2157669 -0.7028356 -0.7 -0.7 -0.7 -0.7 -0.69999826 0.095 0.095 0.095 0.095 0.095 0.24851523 0.425 0.425 0.425 0.85 0.85 0.85 0.665 0.665 0.305 0.305 0.32 0.14048119 0.13 
0.2 0.2 0.2 0.2 0.2 0.19999981 -0.44499985 -0.445 -0.44292472 -0.395 -0.395 -0.395 -0.395 -0.395 -0.41946274 -0.905 -0.905 -0.905 -0.905 -0.905 -0.905 -0.89065601 -0.84000046 -0.84 -0.84 -0.84 -0.84 -0.84 0.18975999 0.20498928 0.20499998 0.205 0.205 0.20499992 0.095 0.095 0.095 0.095 0.095 0.42499996 0.425 0.425 0.425 0.42500019 0.84987976 0.775 0.66500001 0.35544947 0.30503943 0.32 0.32 0.32166293 0.4 
0.2 0.2 0.2 0.2 0.2 0.1999588 -0.44496521 -0.44499697 -0.39500006 -0.395 -0.395 -0.395 -0.395 -0.395 -0.40470422 -0.905 -0.905 -0.905 -0.905 -0.905 -0.905 -0.84 -0.84 -0.84 -0.84 -0.84 -0.84 -0.84 0.20471153 0.205 0.205 0.205 0.205 0.205 0.17486001 0.095 0.095 0.095 0.095 0.425 0.425 0.425 0.425 0.42508966 0.775 0.775 0.77233631 0.35 0.35 0.32 0.32 0.4 0.4 
0.2 0.2 0.2 0.2 0.2 0.1991398 -0.44423295 -0.40064217 -0.395 -0.395 -0.395 -0.395 -0.395 -0.395 -0.40392843 -0.905 -0.905 -0.905 -0.905 -0.905 -0.89574518 -0.84 -0.84 -0.84 -0.84 -0.84 -0.84 -0.84 0.20499581 0.205 0.205 0.205 0.205 0.205 0.205 0.2421497 0.47088953 0.59596223 0.61499135 0.42339303 0.425 0.425 0.425 0.77497205 0.775 0.77270186 0.38999981 0.35 0.35 0.43498146 0.435 0.435 0.40000001 
0.2 0.2 0.2 0.2 0.19999935 0.19462097 -0.4361583 -0.39501375 -0.395 -0.395 -0.395 -0.395 -0.395 -0.395 -0.40690929 -0.905 -0.905 -0.905 -0.905 -0.905 -0.84000028 -0.84 -0.84 -0.84 -0.84 -0.84 -0.84 -0.84 0.20499971 0.205 0.205 0.205 0.205 0.205 0.20500008 0.625 0.625 0.625 0.625 0.4 0.4 0.4 0.4 0.39000111 0.39 0.39 0.39 0.38999955 0.35 0.35 0.435 0.435 0.34917921 
0.2 0.2 0.2 0.19999995 0.19998199 0.18251192 -0.39731955 -0.39500065 -0.395 -0.395 -0.395 -0.395 -0.395 -0.395 -0.41231255 -0.90499979 -0.905 -0.905 -0.905 -0.90460879 -0.84 -0.84 -0.84 -0.84 -0.84 -0.84 -0.84 -0.84 0.20499977 0.205 0.205 0.205 0.205 0.205 0.62499961 0.625 0.625 0.625 0.625 0.4 0.4 0.4 0.4 0.39730104 0.39 0.39 0.39 0.35000045 0.35 0.35 0.315 0.315 0.315 
0.2 0.2 0.19999997 0.19999854 0.19982357 0.13674168 -0.39505432 -0.39500016 -0.395 -0.395 -0.395 -0.395 -0.395 -0.39500003 -0.41963189 -0.90498801 -0.905 -0.905 -0.90499993 -0.841317 -0.84 -0.84 -0.84 -0.84 -0.84 -0.84 -0.84 -0.84 0.20499902 0.205 0.205 0.205 0.205 0.47951576 0.62499999 0.625 0.625 0.625 0.625 0.4 0.4 0.4 0.4 0.4 0.39 0.39 0.39 0.35 0.35 0.35 0.315 0.315 0.315 
0.19999999 0.19999996 0.19999939 0.19998273 0.19895524 -0.14845012 -0.39499335 -0.3950001 -0.395 -0.395 -0.395 -0.395 -0.395 -0.39500096 -0.42833399 -0.90481374 -0.90499999 -0.905 -0.90466346 -0.84000553 -0.84 -0.84 -0.84 -0.84 -0.84 -0.84 -0.84 -0.83999939 0.20499345 0.205 0.20500027 0.54703293 0.58 0.58 0.58 0.625 0.625 0.625 0.625 0.4 0.4 0.4 0.4 0.4 0.39000018 0.39 0.38999998 0.35 0.35 0.34999998 0.315 0.315 0.315 
