interpolatedSpi/04-09|22_2.tif
NCOLS 53
NROWS 52
XLLCORNER -116.03883
YLLCORNER 28.596182
DX 0.49850594
DY 0.49788537
NODATA_VALUE -9999
[rows 0 to 27 of 52, columns 0 to 52 of 53]
-0.24 -0.24 -0.61305128 -0.67666667 -0.40833333 -0.205 -0.30666667 -0.41833333 -0.7635132 -0.63333333 -0.78333333 -0.25166667 -0.37832277 -0.25 -0.33333333 -0.33333333 -0.33333333 0.29166667 0.088333333 0.088333333 0.088333333 0.088330042 -0.25333333 0.053333333 0.053333333 0.053333333 -0.026668938 -0.026666667 -0.026666667 -0.26166667 -0.26166667 -0.26166667 -0.26166667 0.17333325 0.17333333 0.17333333 0.17333333 0.17333333 0.17333333 0.17333334 0.59215603 0.59659584 0.31833333 0.31833333 0.31833333 0.31833333 0.31824622 0.265 0.265 0.265 0.61166595 0.61166667 0.61166667
-0.24003554 -1.04 -0.53333318 -0.43924186 -0.24174105 -0.36166667 -0.53166667 -0.16544177 -0.335 -0.61333333 -0.33166667 -0.37833333 -0.37833333 0.1287329 -0.24999615 -0.33333333 0.29166667 0.29166667 0.088598453 0.088333333 0.088333333 0.088333333 0.048245081 0.053333333 0.053333333 0.053333333 -0.25499998 -0.255 -0.26166667 -0.26166667 -0.26166667 -0.26166667 -0.26166667 0.17333327 0.17333333 0.17333333 0.17333333 0.17333333 0.17333337 0.32525889 1.1182647 0.41540666 0.31833333 0.31833333 0.31833333 0.31833333 0.31833333 0.265 0.265 0.265 0.29374593 0.61166667 0.61166667
-0.23498965 -0.235 -0.4 -0.10666667 -0.33333333 -0.55833333 -0.35666667 -0.22666667 -0.86 -0.19 -0.45833333 -0.25833333 -0.445 0.30333333 0.13 -0.22 0.29166667 0.29166667 0.29166667 0.03168314 0.031666667 0.031666667 -0.043333333 0.053333333 0.053333333 0.053333333 -0.255 -0.255 -0.255 -0.26166667 -0.26166667 -0.26166666 -0.14773532 0.17413819 0.17786316 0.65554044 0.66 0.66 0.71764625 1.1183333 1.1183333 1.1173103 0.31833333 0.31833333 0.31833333 0.31833333 0.31833333 0.265 0.265 0.265 0.265 0.61166667 0.61166667
-0.44166667 -0.23499997 -0.090041105 0.51333333 -0.63333333 -0.18 -0.20333333 -0.46333333 -0.38166667 0.040516487 -0.096666667 0.075 -0.028333333 0.30333333 -0.52333333 -0.22 -0.90637476 -0.91082354 -0.89333333 0.031666667 0.031666667 -0.54 -0.043333333 -0.043333333 0.053333333 0.053331793 -0.255 -0.255 -0.255 -0.52666667 -0.25141334 -0.025 -0.025 -0.024999459 0.66 0.66 0.66 0.66 1.1183333 1.1183333 1.1183333 1.1183333 0.31833333 0.31833333 0.31833333 0.31833333 0.31833333 0.26500067 0.265 0.265 0.265 0.6116665 0.61166667
-0.44166667 0.50666557 -0.09 0.045835108 -0.63333333 -0.50166667 -0.24666899 0.51 -0.23333333 0.49833295 0.15529344 -0.0067058185 -0.28 -0.52333333 -0.52333333 -0.33124054 -0.91166667 -0.91166667 -0.89333333 -0.89333333 0.031665503 -0.54 0.59166667 0.13333333 -0.021666667 -0.021485867 -0.255 -0.255 -0.52666667 -0.52666667 -0.025 -0.025 -0.025 0.040686542 0.66 0.66 0.66 1.1183333 1.1183333 1.1183333 1.1183333 1.1183131 0.31833334 0.31833333 0.31833333 0.31833333 0.31833333 0.3178586 0.265 0.26501532 0.60666667 0.60666667 0.60666667
-2.0416667 -0.22833333 -0.36666667 -0.17333333 -0.52666667 -0.355 -0.46 -0.33581222 -0.055 -0.60666667 -1.04 -0.36 -0.35999995 -0.405 -0.405 -0.67663528 -0.67666667 -0.71666667 -0.71666667 -0.89333289 -0.75833333 -0.75833333 0.13333333 -0.021666667 -0.021666667 0.75166667 0.45333333 0.45333333 0.43991161 -0.52666667 -0.025 -0.025 0.32333333 0.32342702 1.2199358 1.25 1.25 1.1590674 1.1183333 1.1183333 0.90859525 0.90833334 0.90833585 0.53936147 0.54330847 0.54333327 0.54333333 0.54333325 0.79852751 0.60666667 0.60666667 0.60666667 0.60666667
-1.2300065 -0.825 -0.4722175 -0.40166667 -0.38166667 -0.765 -0.16166667 0.013333333 -0.10166667 -0.10166667 -1.04 -0.385 -0.96666649 -0.405 -0.54666624 -0.54666667 -0.67666667 -0.445 -0.395 -0.395 -0.70335243 -0.64166667 -0.64166667 0.49499999 0.75166667 0.75166667 0.45333333 0.45333333 0.43997329 0.43950825 0.8473216 0.32333333 0.32333333 1.22 1.22 1.2972021 1.25 1.25 1.3299972 0.90833392 0.90833333 0.90833333 0.9083473 0.54333668 0.54333333 0.54333333 0.54333333 0.54333352 0.85 0.60671489 0.60666667 0.60666667 0.60666667
-1.23 -0.025 -0.095 -1.2566667 -1.0000147 -0.72166667 -0.62666667 0.11833332 -0.48333333 -0.275 -0.275 -0.295 -0.96666667 -0.96666667 -0.54954826 -0.94284595 -0.98166667 -0.245 -0.70999968 -0.395 0.0045334548 0.075 -0.68333333 0.205 0.20499841 0.081666667 0.30166667 0.30166672 -0.016727269 -0.018333315 0.85 0.29763862 0.77833333 1.22 1.2194771 1.3366667 1.3366667 1.33 1.33 0.90833333 0.90833333 0.90833336 1.1439373 1.1433333 0.54333333 0.54333333 0.54333333 0.84998833 0.85 0.85 0.60666667 0.60666667 0.60666667
-0.19567998 -0.025000001 0.39833333 -0.39166667 -0.73166667 -0.59833333 -0.43166667 0.098333333 0.036666667 -0.19193212 -0.33166667 -0.32 -0.32 0.21166667 0.21165908 -0.95507432 -0.955 -0.955 -0.31598297 -0.58333337 -0.755 -0.75499999 0.021666667 -0.40550442 0.09409541 0.081666667 0.21666667 0.30166667 0.65294678 0.655 0.16333333 1.0766667 0.71235716 0.605 1.2016667 1.2116667 1.595 0.89 1.812907 0.9130203 1.9583333 1.2683333 1.1433594 1.1433333 1.1399562 0.54333333 1.1966666 0.85 0.85 0.85 0.85 0.57740742 0.37666667
-1.15 -1.15 0.29 -0.18166667 -0.54 -0.235 -0.51333333 -0.44833333 -0.30833333 -0.25003787 -0.13833333 0.265 0.21166667 0.21166667 -0.595 -0.59993756 -0.955 -0.95488941 -0.465 -0.58333333 -0.58333333 -0.60544976 0.021666667 0.2749952 0.275 0.275 0.21666667 0.91666667 0.91666667 0.655 0.655 1.0752948 0.35333333 0.605 0.89833333 1.2116667 1.595 1.6133333 1.8133333 0.69672821 1.2683334 1.2811902 1.3033333 1.1433333 1.1433333 1.1966667 1.1966667 1.1966667 0.85 0.85 0.37166667 0.37166667 0.37166667
-1.15 -1.15 -0.25333333 -0.47 -0.65333333 -0.46166667 -0.65166666 -0.2348494 0.048333333 -0.235 -0.075 -0.55333333 0.26391048 -0.595 -0.595 -0.59498981 -0.50666667 -0.5044798 -0.465 -0.525 -0.525 -0.56 -0.56 0.275 0.275 0.275 0.91666667 0.91666667 0.91666667 -0.265 -0.265 -0.26499898 0.64666667 0.64666667 0.62333333 0.365 1.425 1.043336 1.2083333 0.67833333 0.67833333 0.63333554 1.3033333 1.1433333 1.0316665 0.76666667 1.0406747 1.04 1.03 1.03 0.37166667 0.37166667 0.37166667
-1.15 -0.76283961 -0.34579273 -0.48665891 0.225 -0.34333333 -0.65166667 -0.235 0.048330967 -0.23186101 -0.55333292 -0.55333333 -0.53333333 -0.595 -0.595 -0.50666667 -0.50666667 -0.5066643 -0.465 -0.525 -0.53187329 -0.56 -0.56 0.27496672 0.275 0.32211647 0.41833333 0.41833333 0.4183334 -0.265 -0.265 0.02 0.02 0.6466666 0.62333333 0.83500002 1.414042 1.0433333 1.0433333 0.67833333 0.63333333 0.63333333 0.63333632 1.0316667 1.0316667 0.76666667 1.04 1.04 1.03 1.03 0.37166667 0.37166667 0.37166667
0.295 0.068013566 0.098312411 0.094103915 0.22499687 -0.34331991 -0.65166666 -0.24012892 0.028808769 0.040934745 -0.53333333 -0.53333333 -0.53333333 -0.53333333 -0.59499126 -0.50666667 -0.50666667 -0.50612868 -0.465 -0.52490705 -0.205 -0.205 -0.205 -0.205 0.26700304 0.41833333 0.41833333 0.41833333 0.41833333 0.41786374 0.02 0.02 0.02 0.02 0.835 0.835 0.835 1.0336537 1.0390523 0.47333333 0.47333333 0.63332473 0.61834748 1.0316269 1.0316667 0.76666667 1.04 1.04 1.03 1.03 0.37405503 0.37166667 0.41947864
0.295 0.098333333 0.098333333 0.098333333 0.098333333 0.098333151 -0.65087732 -0.45447872 -0.023281003 -0.53271392 -0.53333333 -0.53333333 -0.53333333 -0.53333333 -0.533333 -0.50666667 -0.50666666 -0.50380862 -0.46499974 -0.205 -0.205 -0.205 -0.205 -0.205 -0.1948377 0.25300943 0.16166672 0.16166667 0.16166667 0.16166667 0.02 0.02 0.020000004 0.023333333 0.023333333 0.835 0.49149226 0.48166667 0.47333334 0.47333333 0.47333333 0.47333333 0.61833333 0.61833333 0.61833333 0.6193656 0.92569146 0.925 0.925 0.925 0.925 0.75833325 0.75833333
0.59666667 0.098333333 0.098333333 0.098333333 0.098333333 0.098333333 0.098333287 -0.40237043 -0.076522753 -0.076666667 -0.076666667 -0.076666667 -0.076666667 -0.076666667 -0.076666671 0.32497441 -0.49333257 -0.50096092 -0.2050327 -0.205 -0.205 -0.205 -0.205 -0.20499931 0.265 0.265 0.26499985 0.16166667 0.16166667 0.16134961 0.0033333333 0.0033333333 0.023333333 0.023333333 0.023333333 0.4082466 0.48166667 0.48166667 0.48166667 0.47333333 0.47333333 0.47333333 0.61833333 0.61833333 0.61833333 0.61833333 0.92499998 0.925 0.925 0.925 0.925 0.75833333 0.75833333
0.59666667 0.41114283 0.098333333 0.098333333 0.098333333 0.098333333 -0.026642133 -0.026666667 -0.026666668 -0.076666667 -0.076666667 -0.076666667 -0.076666667 -0.076666667 0.013782202 0.33333333 0.33333333 0.33333333 0.38652662 0.38833273 0.38833333 0.38833333 0.38833333 0.38833333 0.265 0.265 0.265 0.265 0.16166667 0.0033333333 0.0033333333 0.0033333333 0.023333332 0.023333333 0.023333334 0.35 0.48149234 0.48166667 0.48166667 0.47324796 0.30280603 -0.094963062 0.61833333 0.61833333 -0.0030763566 -0.005 -0.005 0.92303922 -0.26250233 -0.26666656 -0.26666644 0.0017811308 0.75833179
0.59666667 0.19930012 0.14387748 0.098333333 0.098333333 -0.026592811 -0.026666667 -0.026666667 -0.026666667 -0.027026981 -0.076666667 -0.076666667 -0.076666667 -0.076666617 0.33333333 0.33333333 0.33333333 0.33333333 0.3882842 0.38833333 0.38833333 0.38833333 0.38833333 0.38833333 0.265 0.265 0.265 0.265 0.26404823 0.0033333333 0.0033333333 0.0033333333 0.25666666 0.023372194 0.35 0.35 0.35 0.3476464 -0.060047481 -0.096666667 -0.096666667 -0.096666667 -0.25 -0.25 -0.005 -0.005 -0.005 -0.26666666 -0.26666667 -0.26666667 -0.26666667 0.0016666667 0.0016666667
0.1886455 0.18833333 0.18833333 0.18833333 -0.25 -0.026672428 -0.026666667 -0.026666667 -0.026666667 -0.026666667 -0.0086554608 -0.076654961 -0.076666641 0.33333333 0.33333333 0.33333333 0.33333333 0.33333333 0.32733406 0.38833333 0.38833333 0.38833333 0.38833333 0.38833333 0.10167634 -0.26666379 -0.26666667 -0.26666667 -0.26666667 0.0033333463 0.25666666 0.25666667 0.25666667 0.25666667 0.35 0.34999434 0.135 0.135 -0.093773963 -0.096666667 -0.096666667 -0.096666667 -0.25 -0.25 -0.042934436 -0.005 -0.005 -0.26666667 -0.26666667 -0.26666667 -0.26378944 0.0016666667 0.0016666667
0.18833333 0.18833333 0.18833333 -0.018084372 -0.25 -0.25 -0.026666667 -0.026666667 -0.026666667 -0.026666667 0.82166667 0.82166667 0.82166667 0.33333333 0.33333333 0.33333333 0.33333333 0.33331901 0.17 0.17 0.38833324 0.38833333 0.37989346 0.041666667 0.038890876 -0.26666667 -0.26666667 -0.26666667 -0.26666667 0.25661338 0.25666667 0.25666667 0.25666667 0.25666667 0.13500076 0.135 0.135 0.135 0.13417313 -0.096666667 -0.096666667 -0.096666667 -0.25 -0.25 -0.25 -0.005 -0.005 -0.26666666 -0.26666667 -0.26666667 0.0016666665 0.0016666667 0.0016666667
0.18833333 0.18833333 0.18833333 -0.25 -0.25 -0.25 -0.24999966 -0.026666667 -0.026666667 0.82079094 0.82166667 0.82166667 0.82166667 0.82136241 0.26318339 0.24666667 0.24666667 0.24666667 0.17 0.17 0.17 0.041666667 0.041666667 0.041666667 0.041598502 -0.23257259 -0.26666667 -0.26666667 -0.26666667 0.049416954 0.016690272 0.016666667 0.016666667 0.016666667 0.047645997 -0.074999523 -0.075 -0.075 -0.075 -0.53993934 -0.54 -0.54 -0.25 -0.25 -0.2333334 -0.23333317 0.22 0.22 -0.01 -0.01 -0.01 0.0016666667 0.31471984
0.18833281 0.18833333 0.18833332 -0.25 -0.25 -0.25 -0.25 -0.25999993 -0.027599624 0.82116643 0.82166667 0.82166667 0.82166667 0.82053836 0.24666667 0.24666667 0.24666667 0.24666664 0.17 0.17 0.17 0.041666667 0.041666667 0.041666667 -0.20166667 -0.20166667 -0.29 -0.29 -0.29 -0.28832704 0.016666667 0.016666667 0.016666667 0.016666667 -0.029141594 -0.075 -0.075 -0.075 -0.075 -0.54 -0.54 -0.54 -0.53035109 -0.23333333 -0.23333333 -0.23333333 0.22 0.22 -0.0099999997 -0.01 -0.01 0.31499999 0.315
0.018333333 0.087952479 -0.18833333 -0.18835122 -0.25 -0.25994214 -0.26 -0.26 -0.21080889 0.26999999 0.27 0.27 0.27 0.21333518 0.21333333 0.24666664 0.24666667 0.24464661 0.17 0.17 0.17 -0.34166667 -0.34166667 -0.34166667 -0.20166667 -0.20166667 -0.29 -0.29 -0.29 -0.29000005 -0.35666429 -0.35666562 0.0072834939 0.016266428 -0.66089019 -0.66166667 -0.66166667 -0.66166667 -0.66166667 -0.54 -0.54 -0.54 -0.25021945 -0.23333333 -0.23333333 -0.23333332 0.22 0.22 0.21999172 -0.01 -0.0099932925 0.14 0.315
-0.16996423 -0.17 -0.18833333 -0.18833333 -0.18833333 -0.26 -0.26 -0.26 -0.125 -0.125 0.27 0.27 0.27 0.21333333 0.21333333 0.21333333 0.21333333 0.21332865 0.17 0.17 0.16999998 -0.34166667 -0.34166667 -0.34166667 -0.20166667 -0.20166667 -0.29 -0.29 -0.29 -0.355915 -0.35666667 -0.35666667 -0.35666667 -0.35666667 -0.66151617 -0.66166667 -0.66166667 -0.66166667 -0.66166667 -0.67666663 -0.67666667 -0.67666667 -0.67666667 -0.23333259 -0.13666667 -0.13666667 -0.13666667 0.17666667 0.17666667 0.17666667 0.14 0.14 0.14
-0.17 -0.17 -0.18833333 -0.18833333 -0.18833333 -0.25962331 -0.26 -0.125 -0.125 -0.125 0.26995138 0.27 0.057547572 0.21333329 0.21333333 0.21333333 0.21333333 -0.043333333 -0.043333333 -0.043333333 -0.66499999 -0.66499976 -0.34166824 -0.34166667 -0.34193169 -0.855 -0.855 -0.85499865 -0.29009131 -0.81324233 -0.8133309 -0.81325361 -0.35744716 -0.35706077 -0.60764162 -0.66166684 -0.66313004 -1.0983333 -1.0983333 -0.67666667 -0.67666667 -0.67666667 -0.67666667 -0.13666667 -0.13666667 -0.13666667 -0.13666667 0.17666667 0.17666667 0.17666667 0.14 0.14 0.14
-0.17 -0.17 -0.18833333 -0.18833333 -0.18833333 -0.18833333 -0.20947344 -0.125 -0.125 -0.125 -0.12492543 0.01 0.01 0.01 0.21213504 0.21333333 -0.04162297 -0.043333333 -0.043333333 -0.043333333 -0.665 -0.665 -0.665 -0.665 -0.855 -0.855 -0.855 -0.855 -0.855 -0.81333333 -0.81333333 -0.81333333 -0.81333333 -0.81333319 -0.74666667 -1.0983333 -1.0983333 -1.0983333 -1.0983333 -1.0983314 -0.56666667 -0.56666667 -0.56666667 -0.46144878 -0.24333333 -0.24333333 -0.24333333 0.17666665 0.1766664 -0.10333333 -0.10333333 0.3032936 0.30333333
-0.17 -0.17 -0.18171629 -0.18833333 -0.18833333 -0.18833333 -0.23979593 -0.12536242 -0.125 -0.125 0.01 0.01 0.01 0.01 0.01 0.026658645 -0.043333333 -0.043333333 -0.043333333 -0.043333333 -0.66499519 -0.665 -0.665 -0.665 -0.855 -0.855 -0.855 -0.855 -0.855 -1.078126 -0.81333333 -0.81333333 -0.81333333 -0.74666667 -0.74666667 -0.74693974 -1.0983333 -1.0983333 -0.88541546 -0.72000003 -0.56666667 -0.56666667 -0.56666667 -0.46425061 -0.24333333 -0.24333333 -0.24333333 -0.75833333 -0.11149457 -0.10333333 -0.10333333 0.30333333 0.30333333
-0.305 -0.305 -0.305 -0.21758487 -0.18847201 -0.24 -0.24 -0.24 -0.24 0.009999998 0.01 0.01 0.01 0.01 0.01 0.0099966031 -0.043333333 -0.043333333 -0.043333333 -0.043333333 -0.39372483 -0.665 -0.665 -0.66194678 -0.56198885 -0.855 -0.855 -0.855 -1.1716667 -1.1716667 -1.1716667 -1.1716652 -0.74666667 -0.74666667 -0.74666667 -0.74666667 -0.72 -0.72 -0.72 -0.72 -0.52666667 -0.52666667 -0.52666667 -0.65666405 -0.65666667 -0.65666667 -0.65666654 -0.75833333 -0.75833333 -0.10413141 -0.10333333 0.30333082 0.30333333
-0.305 -0.305 -0.305 -0.30499883 -0.28333333 -0.27703195 -0.24 -0.24 -0.24 0.01 0.01 0.01 -0.40666665 -0.40666667 -0.40666667 -0.40666665 -0.043244795 -0.043333333 -0.043333333 -0.043333333 -0.052753642 -0.54833365 -0.54833333 -0.54833333 -0.54833333 -0.54833334 -0.78833333 -0.78833333 -1.1716667 -1.1716667 -1.1716667 -1.1716667 -0.74666666 -0.74666667 -0.74666667 -0.74666585 -0.71999999 -0.72 -0.72 -0.71873513 -0.52666667 -0.52666667 -0.52666667 -0.65666064 -0.65666667 -0.65666667 -0.65666667 -0.75833333 -0.75833333 -0.75833326 -0.195 -0.195 -0.20166667
