interpolatedSpi/04-04|23_3.tif
NCOLS 53
NROWS 52
XLLCORNER -116.03883
YLLCORNER 28.596182
DX 0.49850594
DY 0.49788537
NODATA_VALUE -9999
-0.985 -0.985 -2.1928248 -2.695 -1.35 -1.665 -1.55 -1.06 -1.636204 -1.02 -0.975 -1.135 -1.509979 -1.255 -1.09 -1.09 -1.09 -0.76 -1.885 -1.885 -1.885 -1.8849882 -0.66500001 -2.035 -2.035 -2.035 -0.2649895 -0.265 -0.265 -2.055 -2.055 -2.055 -2.055 -3.3599997 -3.36 -3.36 -3.36 -3.36 -3.36 -3.3599999 0.72104163 0.76412738 -2.66 -2.66 -2.66 -2.66 -2.6582278 -1.575 -1.575 -1.575 0.049996625 0.05 0.05 
-0.9850431 -1.955 -1.8199995 -1.7654697 -1.9546363 -1.61 -2.005 -1.7297464 -1.545 -1.755 -1.515 -1.51 -1.51 -1.8928659 -1.2550063 -1.09 -0.76 -0.76 -1.8835332 -1.885 -1.885 -1.885 -2.0073655 -2.035 -2.035 -2.035 -2.49 -2.49 -2.055 -2.055 -2.055 -2.055 -2.055 -3.3599998 -3.36 -3.36 -3.36 -3.36 -3.3599999 -3.0989834 -1.800074 -2.555646 -2.66 -2.66 -2.66 -2.66 -2.66 -1.575 -1.575 -1.575 -1.4402534 0.05 0.05 
-0.40005744 -0.4 -1.42 -1.32 -1.635 -1.475 -1.935 -1.225 -2.145 -2.115 -1.88 -1.95 -2.355 -0.665 -1.895 -2.665 -0.76 -0.76 -0.76 -1.455125 -1.455 -1.455 -1.51 -2.035 -2.035 -2.035 -2.49 -2.49 -2.49 -2.055 -2.055 -2.055 -2.274037 -3.3564019 -3.3466432 -1.9381496 -1.925 -1.925 -1.9092783 -1.8 -1.8 -1.8010997 -2.66 -2.66 -2.66 -2.66 -2.66 -1.575 -1.575 -1.575 -1.575 0.05 0.05 
-0.245 -0.40000018 -1.2951057 -0.94 -1.77 -1.62 -1.54 -1.89 -2.025 -1.6669389 -2.125 -1.875 -1.855 -0.665 -2.545 -2.665 -1.905853 -1.8992013 -2.05 -1.455 -1.455 -1.83 -1.51 -1.51 -2.035 -2.0350023 -2.49 -2.49 -2.49 -1.44 -2.0270852 -2.51 -2.51 -2.5099995 -1.925 -1.925 -1.925 -1.925 -1.8 -1.8 -1.8 -1.8 -2.66 -2.66 -2.66 -2.66 -2.66 -1.5750137 -1.575 -1.575 -1.575 0.049960967 0.05 
-0.245 0.21499723 -1.295 -1.7628725 -1.77 -2.175 -1.9750726 -2.92 -2.705 -2.3950001 -2.2246549 -2.1449685 -1.925 -2.545 -2.545 -2.6132726 -1.9 -1.9 -2.05 -2.05 -1.4550008 -1.83 -1.85 -1.045 -1.83 -1.829909 -2.49 -2.49 -1.44 -1.44 -2.51 -2.51 -2.51 -2.459085 -1.925 -1.925 -1.925 -1.8 -1.8 -1.8 -1.8 -1.7999474 -2.66 -2.66 -2.66 -2.66 -2.66 -2.6503422 -1.575 -1.5749807 -1.145 -1.145 -1.145 
-1.605 -0.64 -0.62999997 -1.495 -1.32 -1.55 -2.48 -2.5363326 -2.245 -2.545 -2.04 -2.195 -2.1949998 -1.555 -1.555 -1.3849602 -1.385 -1.16 -1.16 -2.049999 -2.015 -2.015 -1.045 -1.83 -1.83 -1.44 -2.105 -2.105 -1.3750069 -1.44 -2.51 -2.51 -2.24 -2.2399054 -1.3350651 -2.27 -2.27 -1.9454052 -1.8 -1.8 -1.2556797 -1.255 -1.2549989 -1.5450359 -1.5251254 -1.5250003 -1.525 -1.5250004 -1.4809457 -1.145 -1.145 -1.145 -1.145 
-0.17003651 0.465 -0.45777161 -0.37 -0.42 -1.485 -1.68 -2.015 -2.17 -2.17 -2.04 -2.08 -1.97 -1.555 -1.220001 -1.22 -1.385 -0.68 -0.87 -0.87 -2.0244253 -2.035 -2.035 -1.51 -1.44 -1.44 -2.105 -2.105 -1.375044 -1.3758101 -1.5318486 -2.24 -2.24 -1.335 -1.335 -1.7852704 -2.27 -2.27 -2.3649967 -1.2550015 -1.255 -1.255 -1.2549941 -1.5249995 -1.525 -1.525 -1.525 -1.525 -1.535 -1.1450773 -1.145 -1.145 -1.145 
-0.17 -1.12 -0.26 -0.93 -0.58002006 -0.86 -1.405 -1.865 -0.755 -1.655 -1.655 -1.92 -1.97 -1.97 -1.2251457 -1.1516932 -1.145 -0.645 -0.34000054 -0.87 -0.42079708 -0.355 -2.045 -0.46500001 -0.46500877 -1.145 -1.19 -1.1900003 -2.1273544 -2.13 -1.53 -1.1811561 -1.4 -1.335 -1.3394208 -1.38 -1.38 -2.365 -2.365 -1.255 -1.255 -1.255 -1.4263596 -1.43 -1.525 -1.525 -1.525 -1.5349996 -1.535 -1.535 -1.145 -1.145 -1.145 
-1.2459239 -1.12 0.495 -0.66 -1.03 -1.73 -1.29 -0.69 -1.03 -0.55951181 -0.965 -2.29 -2.29 -1.08 -1.0799992 -2.531126 -2.535 -2.535 -0.5984413 -1.9499998 -1.13 -1.13 -2.11 -2.0706154 -1.076474 -1.145 -1.575 -1.19 -0.90665614 -0.905 -1.12 -1.64 -1.6022252 -1.475 -1.49 -1.58 -1.75 -2.44 -1.5853948 -1.2528797 -0.78 -0.87 -1.4298763 -1.43 -1.4305347 -1.525 -2.45 -1.535 -1.535 -1.535 -1.535 -0.86112304 0.45 
-1.95 -1.95 -0.255 -0.89 -1.155 -1.46 -0.97 -0.965 -0.545 -0.44000988 -0.65 -0.44 -1.08 -1.08 -0.995 -1.0161218 -2.535 -2.5345105 -0.345 -1.95 -1.95 -1.8443564 -2.11 -1.0300205 -1.03 -1.03 -1.575 -0.855 -0.855 -0.905 -0.905 -1.6398578 -1.565 -1.475 -0.985 -1.58 -1.75 -2.24 -1.585 -0.84715518 -0.87 -0.79653212 -0.67 -1.43 -1.43 -2.45 -2.45 -2.45 -1.535 -1.535 1.135 1.135 1.1349997 
-1.95 -1.95 -1.03 -1.35 -1.31 -1.35 -1.91 -0.92543623 -1.105 -1.685 -1.315 -0.385 -0.43992773 -0.995 -0.995 -0.99497058 -0.74 -0.71926855 -0.345 0.065 0.065 -0.765 -0.765 -1.03 -1.03 -1.03 -0.855 -0.855 -0.855 -1.485 -1.485 -1.4850001 -0.88 -0.88 -1.365 -1.455 -0.19 -1.3650016 -0.995 -0.835 -0.835 -1.0699987 -0.67 -1.43 -0.25000091 -1.165 -0.40385041 -0.39500001 0.775 0.775 1.135 1.135 1.135 
-1.95 -1.5527939 -1.1665554 -1.9399733 -0.735 -1.615 -1.91 -0.925 -1.1049985 -1.6785743 -0.38500169 -0.385 0.055 -0.995 -0.995 -0.74000001 -0.74 -0.73997752 -0.345 0.065 -0.097995114 -0.765 -0.765 -1.029989 -1.03 -0.92809694 -0.72 -0.72 -0.72000002 -1.485 -1.485 -0.47 -0.47 -0.88000133 -1.365 -0.35500035 -0.40808138 -1.365 -1.365 -0.83500001 -1.07 -1.07 -1.069994 -0.25 -0.25 -1.165 -0.395 -0.395 0.775 0.775 1.135 1.135 1.135 
-1.315 -1.3473448 -1.3699991 -1.3741103 -0.73500452 -1.6149792 -1.91 -0.93712478 -1.0925962 -1.1201453 0.055 0.055 0.055 0.055 -0.99485126 -0.74 -0.74 -0.73489992 -0.345 0.064865747 -0.39 -0.39 -0.39 -0.39 -1.0189134 -0.72 -0.72 -0.72 -0.72 -0.72030933 -0.47 -0.47 -0.47 -0.47 -0.355 -0.355 -0.355 -1.3165169 -1.3547481 -4.2967032e-31 -1.4471362e-18 -1.0699424 0.064989216 -0.24996966 -0.25 -1.165 -0.395 -0.395 0.775 0.775 1.133694 1.135 -0.022928338 
-1.315 -1.37 -1.37 -1.37 -1.37 -1.3700001 -1.9092447 -1.443958 -1.059504 0.053736316 0.055 0.055 0.055 0.055 0.055000157 -0.74 -0.73999994 -0.7129057 -0.34500564 -0.39 -0.39 -0.39 -0.39 -0.39 -0.38902848 -0.39359251 -0.2250001 -0.225 -0.225 -0.225 -0.46999999 -0.47 -0.46999925 0.15 0.15 -0.355 0.44705817 0.47 2.717594e-07 2.5513879e-71 -2.2607835e-70 2.1648402e-20 0.065 0.065 0.065 0.056440321 1.2043648 1.215 1.215 1.215 1.215 0.59000011 0.59 
-1.395 -1.37 -1.37 -1.37 -1.37 -1.37 -1.37 -1.0915935 0.28793093 0.295 0.295 0.295 0.295 0.295 0.295 0.24588825 -0.7243334 -0.68591109 -0.38999447 -0.39 -0.39 -0.39 -0.39 -0.38999999 -0.345 -0.345 -0.34499983 -0.225 -0.225 -0.22416899 0.19 0.19 0.15 0.15 0.15 0.41873967 0.47 0.47 0.47 4.6985373e-30 1.4293058e-43 2.0718093e-14 0.065 0.065 0.065 0.065000001 1.215 1.215 1.215 1.215 1.215 0.59 0.59 
-1.395 -1.3856928 -1.37 -1.37 -1.37 -1.37 0.37465752 0.375 0.375 0.295 0.295 0.295 0.295 0.295 0.28396965 0.245 0.245 0.245 -0.38501423 -0.38500001 -0.385 -0.385 -0.385 -0.385 -0.345 -0.345 -0.345 -0.345 -0.225 0.19 0.19 0.19 0.15 0.15 0.15 0.9 0.47056933 0.47 0.47 2.5655595e-05 0.05085902 0.16949191 0.065000001 0.065 1.8594451 1.865 1.865 1.2161687 1.9225189 1.9249999 1.9249999 1.8298123 0.59000252 
-1.395 -0.42672284 -0.87913534 -1.37 -1.37 0.37396897 0.375 0.375 0.375 0.3744235 0.295 0.295 0.295 0.29499999 0.245 0.245 0.245 0.245 -0.38443723 -0.385 -0.385 -0.385 -0.385 -0.385 -0.345 -0.345 -0.345 -0.345 -0.34305402 0.19 0.19 0.19 0.205 0.15007762 0.9 0.9 0.9 0.89903362 0.18901223 0.17 0.17 0.17 1.32 1.32 1.865 1.865 1.865 1.925 1.925 1.925 1.925 1.83 1.83 
-0.40051792 -0.4 -0.4 -0.39999999 0.65 0.37500709 0.375 0.375 0.375 0.375 0.28591505 0.29499844 0.295 0.245 0.245 0.245 0.245 0.245 0.20034599 -0.385 -0.385 -0.385 -0.385 -0.385 -0.32548523 -0.26000046 -0.26 -0.26 -0.26 0.19 0.205 0.205 0.205 0.205 0.9 0.89999776 0.815 0.815 0.17805379 0.17 0.17 0.17 1.32 1.32 1.7806152 1.865 1.865 1.925 1.925 1.925 1.9239814 1.83 1.83 
-0.4 -0.4 -0.4 0.094460663 0.65 0.65 0.375 0.375 0.375 0.375 0.175 0.175 0.175 0.245 0.245 0.245 0.245 0.24501735 0.32 0.32 -0.38499971 -0.385 -0.37380094 0.075 0.071984146 -0.26 -0.26 -0.26 -0.26 0.20495265 0.205 0.205 0.205 0.205 0.8150003 0.815 0.815 0.815 0.81268835 0.17 0.17 0.17 1.32 1.32 1.32 1.865 1.865 1.925 1.925 1.925 1.83 1.83 1.83 
-0.4 -0.4 -0.4 0.65 0.65 0.65 0.64999958 0.375 0.375 0.17520646 0.175 0.175 0.175 0.17504361 0.32998935 0.35 0.35 0.35 0.32 0.32 0.32 0.075 0.075 0.075 0.075140064 0.1779778 -0.26 -0.26 -0.26 0.052022583 0.030017212 0.03 0.03 0.03 0.50254413 0.065001703 0.065 0.065 0.065 0.69492817 0.695 0.695 1.32 1.32 1.3899997 1.3900001 1.76 1.76 1.96 1.96 1.96 1.83 1.5652369 
-0.39999808 -0.4 -0.39999996 0.65 0.65 0.65 0.65 0.47499997 0.37539984 0.1750408 0.175 0.175 0.175 0.1753434 0.35 0.35 0.35 0.34999999 0.32 0.32 0.32 0.075 0.075 0.075 0.575 0.575 0.365 0.365 0.365 0.36317247 0.03 0.03 0.03 0.03 0.047490401 0.065 0.065 0.065 0.065 0.695 0.695 0.695 0.71686736 1.39 1.39 1.39 1.76 1.76 1.96 1.96 1.96 1.565 1.565 
0.22 -0.07123646 -0.31 -0.30972149 0.65 0.47601254 0.475 0.475 0.74464018 0.22000002 0.22 0.22 0.22 0.78998144 0.79 0.35000034 0.35 0.34920954 0.32 0.32 0.32 0.175 0.175 0.175 0.575 0.575 0.365 0.365 0.365 0.36499965 -0.11999905 -0.11999958 0.026229975 0.02983919 0.12988489 0.13 0.13 0.13 0.13 0.695 0.695 0.695 1.3517311 1.39 1.39 1.3899999 1.76 1.76 1.7600072 1.96 1.9599656 1.19 1.565 
0.15001329 0.14999992 -0.31 -0.31 -0.31 0.475 0.475 0.475 1.215 1.215 0.22 0.22 0.22 0.79 0.79 0.79 0.79 0.78994617 0.32 0.32 0.31999999 0.175 0.175 0.175 0.575 0.575 0.365 0.365 0.365 -0.11453159 -0.12 -0.12 -0.12 -0.12 0.12987664 0.13 0.13 0.13 0.13 0.60500002 0.605 0.605 0.605 1.3899946 0.685 0.685 0.685 0.565 0.565 0.565 1.19 1.19 1.19 
0.15 0.15 -0.31 -0.31 -0.31 0.4708739 0.475 1.215 1.215 1.215 0.22012249 0.22 0.88595665 0.79000006 0.79 0.79 0.79 1.11 1.11 1.11 -0.33499999 -0.33499962 0.17499752 0.175 0.17478624 -0.375 -0.375 -0.37499824 0.36488041 -0.62989836 -0.62999729 -0.62991096 -0.12087164 -0.12044012 0.085141735 0.12999976 0.12795575 -0.48 -0.48 0.605 0.605 0.605 0.605 0.685 0.685 0.685 0.685 0.565 0.565 0.565 1.19 1.19 1.19 
0.15 0.15 -0.31 -0.31 -0.31 -0.31 0.75196038 1.215 1.215 1.215 1.2149006 1.035 1.035 1.035 0.79144384 0.79 1.1078676 1.11 1.11 1.11 -0.335 -0.335 -0.335 -0.335 -0.375 -0.375 -0.375 -0.375 -0.375 -0.63 -0.63 -0.63 -0.63 -0.63000035 -0.795 -0.48 -0.48 -0.48 -0.48 -0.47999702 0.29 0.29 0.29 0.31603512 0.37 0.37 0.37 0.56499999 0.56499965 0.2 0.2 0.9150669 0.915 
0.15 0.15 -0.1439723 -0.31 -0.31 -0.30999996 1.4645564 1.2157879 1.215 1.215 1.0350001 1.035 1.035 1.035 1.035 1.0149293 1.11 1.11 1.11 1.11 -0.33498882 -0.335 -0.335 -0.335 -0.375 -0.375 -0.375 -0.375 -0.375 -0.47481915 -0.63 -0.63 -0.63 -0.795 -0.795 -0.79475539 -0.48 -0.48 -0.48844168 -0.495 0.29 0.29 0.29 0.3145529 0.37 0.37 0.37 0.495 0.20367567 0.2 0.2 0.915 0.915 
1.05 1.05 1.05 0.030989385 -0.30763688 1.465 1.465 1.465 1.465 1.595 1.595 1.035 1.035 1.035 1.035 1.0350048 1.11 1.11 1.11 1.11 0.29555113 -0.335 -0.335 -0.33185955 -0.22212462 -0.375 -0.375 -0.375 -0.42 -0.42 -0.42 -0.42000088 -0.795 -0.795 -0.795 -0.795 -0.495 -0.495 -0.495 -0.495 0.41 0.41 0.41 0.045007338 0.045 0.045 0.045000103 0.495 0.495 0.20035944 0.2 0.91499763 0.915 
1.05 1.05 1.05 1.0500132 1.295 1.3197208 1.465 1.465 1.465 1.595 1.595 1.595 0.96500001 0.965 0.965 0.96500001 1.110458 1.11 1.11 1.11 1.0880952 -0.21500033 -0.215 -0.215 -0.215 -0.215 -0.215 -0.215 -0.42 -0.42 -0.42 -0.42 -0.79499973 -0.795 -0.795 -0.79496986 -0.495 -0.495 -0.495 -0.49473679 0.41 0.41 0.41 0.045016926 0.045 0.045 0.045 0.495 0.495 0.49499999 0.445 0.445 0.355 
1.05 1.05 1.05 1.2949994 1.295 1.295 1.4649999 1.465 1.465 1.595 1.595 1.595 0.965 0.965 0.965 0.99508302 1.36 1.36 1.3599994 1.1114121 -0.215 -0.215 -0.215 -0.215 -0.215 -0.215 -0.215 -0.215 -0.215 -0.42 -0.42 -0.42008046 -0.425 -0.425 -0.425 -0.99 -0.99 -0.435 -0.435 -0.435 0.085 0.40989806 0.40999832 0.185 0.185 0.17969416 0.045001132 0.495 0.495 0.445 0.445 0.445 0.355 
1.05 1.05 1.05 1.295 1.295 1.295 1.295 1.465 1.465 1.595 1.595 0.99019091 0.965 0.965 0.965 1.36 1.36 1.36 1.36 1.36 -0.215 -0.215 -0.215 -0.215 -0.215 -0.215 -0.215 -0.215 -0.215 -0.545 -0.545 -0.545 -0.425 -0.425 -0.425 -0.99 -0.99 -0.435 -0.435 0.085 0.085 0.085 0.185 0.185 0.185 0.185 0.18253558 0.155 0.155 0.155 0.445 0.2 0.2 
1.05 1.05 1.0503412 1.295 1.295 1.295 1.295 1.3521207 1.355 1.355412 1.595 0.9650423 0.965 0.965 0.96500137 1.36 1.36 1.36 1.36 1.36 0.73929921 -0.215 -0.215 -0.215 -0.21500824 -0.21500225 -0.215 -0.215 -0.215 -0.545 -0.545 -0.545 -0.5449835 -0.425 -0.99 -0.99 -0.99 -0.98997727 -0.43496454 0.085 0.085 0.085 0.18499393 0.185 0.185 0.185 0.15499399 0.155 0.155 0.155 0.2 0.2 0.2 
1.195 1.1949997 1.2948676 1.295 1.295 1.295 1.3549872 1.355 1.355 1.355 1.47 1.47 1.47 1.47 1.3605076 1.36 1.36 1.36 1.36 0.78000035 0.78 0.78 -0.25499999 -0.255 -0.255 -0.255 -0.25154749 -0.215 -0.64498239 -0.645 -0.645 -0.645 -0.645 -1.14 -1.14 -1.14 -1.14 -1.14 -0.165 -0.165 -0.165 -0.165 -0.165 -0.44405032 -0.445 -0.445 -0.445 0.155 0.155 0.155 0.19999291 0.2 0.2 
1.195 1.195 1.1966745 1.3949998 1.395 1.3949609 1.355 1.355 1.355 1.355 1.47 1.47 1.47 1.47 1.47 1.36 1.36 1.36 0.78000015 0.78 0.78 0.78 -0.255 -0.255 -0.255 -0.255 -0.255 -0.25499193 -0.64498262 -0.645 -0.645 -0.645 -0.64499302 -1.134331 -1.1399941 -1.14 -1.14 -1.14 -0.165 -0.165 -0.165 -0.165 -0.165 -0.445 -0.445 -0.445 -0.445 -0.16442828 0.155 1.1438431 1.155 1.015 1.015 
1.195 1.195 1.3949747 1.395 1.395 1.395 1.3848402 1.355 1.355 1.355 1.47 1.47 1.47 1.47 1.47 1.3600806 1.36 0.78017005 0.78 0.78 0.78 0.78 0.12842246 -0.255 -0.255 -0.255 -0.255 -0.25524445 -0.6 -0.6 -0.6 -0.6 -0.6 -1.13 -1.13 -1.13 -1.13 -1.13 -0.89 -0.89 -0.89 -0.89 -0.88999999 -0.44159388 -0.44499929 -0.44499999 -0.44476354 -0.41631677 1.155 1.155 1.155 1.0150008 1.015 
1.194999 0.66062531 1.3949999 1.395 1.395 1.395 1.395 1.355017 1.355 1.355 1.47 1.47 1.47 1.47 1.0348841 1.025 1.025 0.78000631 0.78 0.78 0.78 0.78 0.77999989 -0.255 -0.255 -0.255 -0.255 -0.88999971 -0.88999987 -0.82828095 -0.6 -0.6 -0.6 -1.13 -1.13 -1.13 -1.13 -1.1298171 -0.89 -0.89 -0.89 -0.89 -0.8899207 0.95 0.95 0.95 0.95 0.95001653 1.155 1.155 1.155 1.155 1.1627909 
0.65 0.65 0.81360404 1.395 1.395 1.395 1.395 1.395 1.3550168 1.23 1.23 1.23 1.2305696 1.0250006 1.025 1.025 1.025 1.025 0.77999814 0.76410126 0.625 0.625 0.625 0.39882609 -0.29741928 -0.5243968 -0.71598123 -0.89 -0.89 -0.89 -0.89 -0.89 -0.88041924 -0.86117848 -0.86 -0.86 -0.86 -0.86 -0.6955715 0.14499814 0.145 0.145 0.145 1.1499994 0.95000005 0.95 0.95 1.55 1.1550063 1.155 1.155 1.165 1.165 
0.65 0.65 0.825 0.825 0.825 1.3948101 1.395 1.395 1.23 1.23 1.23 1.23 1.23 1.025 1.025 1.025 1.025 1.025 0.625 0.625 0.625 0.625 0.625 -0.78499993 -0.785 -0.785 -0.785 -0.89 -0.89 -0.89 -0.89 -0.89 -0.965 -0.965 -0.86 -0.86 -0.86 0.40478457 0.405 0.145 0.145 0.145 0.14500015 1.15 1.15 1.15 1.55 1.55 1.55 1.395 1.395 1.165 1.165 
0.65 0.65 0.825 0.825 0.825 0.825 0.82500091 0.99 1.229774 1.23 1.23 1.23 1.23 1.0275572 1.025 1.025 1.025 1.025 0.62500001 0.625 0.625 0.625 0.625 -0.785 -0.785 -0.785 -0.785 -0.78500045 -0.89 -0.89 -0.89 -0.96499607 -0.965 -0.965 -0.965 -0.86 0.40499999 0.405 0.405 0.39815891 0.99222351 1.15 1.15 1.15 1.15 1.15 1.55 1.55 1.55 1.395 1.395 1.395 0.60345586 
0.79 0.7899989 0.825 0.825 0.825 0.825 0.99 0.99 0.99 1.23 1.23 1.23 1.23 1.2299363 1.025 1.025 1.025 1.025 0.62500661 0.625 0.625 0.62499998 -0.53662839 -0.785 -0.785 -0.785 -0.785 -1.1449997 -1.145 -1.145 -0.89273964 -0.965 -0.965 -0.965 -0.96499952 -0.46000001 0.405 0.405 0.405 0.40500001 1.15 1.15 1.15 1.785 1.785 1.785 1.6799873 1.55 1.55 1.395 1.395 1.395 0.54500074 
0.79 0.79 0.825 0.825 0.825 0.99 0.99 0.99 0.99 1.2036862 1.23 1.23 1.23 1.2299962 0.22009264 0.22 0.22 0.22 -0.36523601 -0.525 -0.525 -0.525 -0.525 -0.785 -0.785 -0.785 -0.78502375 -1.145 -1.145 -1.145 -1.145 -0.96492854 -0.68095211 -0.46 -0.46 -0.46 0.4069196 0.91998928 0.92 0.92 1.1503642 1.615 1.615 1.785 1.785 1.7849996 1.68 1.68 1.18 1.18 1.18 0.72 0.81 
0.79 0.79 0.36 0.36 0.36 0.99 0.99 0.99 0.99 1.035 1.035 1.035 1.035 0.97756504 0.22 0.22 0.22 0.22 -0.36 -0.525 -0.525 -0.525 -0.525 -1.09 -1.0899999 -0.78500045 -1.145 -1.145 -1.145 -1.145 -0.82351522 -0.51 -0.46594931 -0.46 -0.46 -0.46 0.92 0.92 0.92 0.92 1.615 1.615 1.615 1.4000678 1.4 1.6787414 1.68 1.68 1.1799967 1.18 0.72 0.72 0.81 
0.79 0.36 0.36 0.36 0.36 0.36 0.98639026 0.525 0.525 1.035 1.035 1.035 1.035 1.034807 0.22 0.22 0.22 0.19379376 -0.36 -0.36 -0.525 -0.525 -1.09 -1.09 -1.09 -1.09 -1.145 -1.145 -1.145 -1.145 -0.51 -0.51 -0.51 -0.4600506 -0.46 -0.46 0.92 0.92 0.92 0.92 1.615 1.615 1.615 1.4 1.4 1.3999725 0.915 0.915 0.43 0.43 0.72 0.72 0.81 
0.36403823 0.36 0.36 0.36 0.36 0.36 0.525 0.525 0.525 0.79797331 1.035 1.035 1.035 1.0349792 0.22 0.22 0.22 -0.36 -0.36 -0.36 -0.52499176 -0.52500345 -1.09 -1.09 -1.09 -1.09 -1.1449961 -1.145 -1.145 -0.51014603 -0.51 -0.51 -0.51 -0.51 -0.45933981 0.08 0.08 0.09453766 0.92 0.92 1.6149994 1.615 1.4062512 1.4 1.4 0.91500017 0.915 0.915 0.43 0.43 -0.01 -0.01 0.21 
0.36 0.36 0.36 0.36 0.36 0.36 0.525 0.525 0.525 0.525 0.14002578 0.14 0.14 0.14 0.21999818 -0.17742614 -0.4 -0.4 -0.36007374 -0.36 -0.36000003 -1.0899992 -1.09 -1.09 -1.09 -1.09 -1.09004 -1.145 -1.1449783 -0.51 -0.51 -0.51 -0.51 -0.51 0.08 0.08 0.08 0.08 0.08 0.080003799 0.415 0.415 0.41500015 0.845 0.845 0.845 0.3 0.3 -0.16 -0.16 -0.01 -0.0099995211 0.21 
0.36 0.36 0.36 0.36 0.36 0.36 0.525 0.525 0.525 0.14 0.14 0.14 0.14 0.14 -0.0023427035 -0.4 -0.4 -0.4 -0.4 -0.4 -0.39809013 -1.09 -1.09 -1.09 -1.09 -1.0691183 -0.42604205 -1.0469601 -0.51313149 -0.51 -0.51 -0.51 -0.51 -0.50999871 0.08 0.08 0.08 0.08 0.08 0.23584122 0.415 0.415 0.415 0.845 0.845 0.845 0.3 0.3 -0.16 -0.16 -0.025000003 0.19703635 0.21 
0.36 0.36 0.36 0.36 0.36 0.36000005 0.52499996 0.525 0.50902035 0.14 0.14 0.14 0.14 0.14 0.11409827 -0.4 -0.4 -0.4 -0.4 -0.4 -0.4 -0.52658953 -0.42500093 -0.425 -0.425 -0.425 -0.425 -0.425 -0.96699057 -0.97499449 -0.97499999 -0.975 -0.975 -0.97499924 0.08 0.08 0.08 0.08 0.08 0.41499996 0.415 0.415 0.415 0.41500019 0.84444689 0.5 0.30000002 -0.11764754 -0.15996933 -0.025 -0.025 -0.01855614 0.285 
0.36 0.36 0.36 0.36 0.36 0.36001054 0.5249911 0.52497671 0.14000049 0.14 0.14 0.14 0.14 0.14 0.12972495 -0.4 -0.4 -0.4 -0.4 -0.4 -0.4 -0.425 -0.425 -0.425 -0.425 -0.425 -0.425 -0.425 -0.97484817 -0.975 -0.975 -0.975 -0.975 -0.975 -0.6859301 0.08 0.08 0.08 0.08 0.415 0.415 0.415 0.415 0.41502177 0.5 0.5 0.4960828 -0.125 -0.125 -0.025 -0.025 0.285 0.285 
0.36 0.36 0.36 0.36 0.36 0.36022005 0.5247933 0.18344473 0.14 0.14 0.14 0.14 0.14 0.14 0.13054637 -0.4 -0.4 -0.4 -0.4 -0.4 -0.40355955 -0.425 -0.425 -0.425 -0.425 -0.425 -0.425 -0.425 -0.97499779 -0.975 -0.975 -0.975 -0.975 -0.975 -0.975 0.085524031 0.094184511 0.098904235 0.099613923 0.37514723 0.41499999 0.415 0.415 0.49999321 0.5 0.49731386 0.049999164 -0.125 -0.125 -0.36501308 -0.365 -0.365 0.28499971 
0.36 0.36 0.36 0.36 0.36000017 0.36137587 0.49055804 0.14010587 0.14 0.14 0.14 0.14 0.14 0.14 0.12739017 -0.4 -0.4 -0.4 -0.4 -0.4 -0.42499989 -0.425 -0.425 -0.425 -0.425 -0.425 -0.425 -0.425 -0.97499985 -0.975 -0.975 -0.975 -0.975 -0.975 -0.97499978 0.1 0.1 0.1 0.099999999 -0.205 -0.205 -0.205 -0.205 0.050001303 0.05 0.05 0.05 0.049994772 -0.425 -0.425 -0.365 -0.365 -1.1199696 
0.36 0.36 0.36 0.36000001 0.36000461 0.36430467 0.16612834 0.14000503 0.14 0.14 0.14 0.14 0.14 0.14 0.12166907 -0.39999978 -0.4 -0.4 -0.4 -0.40015046 -0.425 -0.425 -0.425 -0.425 -0.425 -0.425 -0.425 -0.425 -0.97499988 -0.975 -0.975 -0.975 -0.975 -0.975 0.099999014 0.1 0.1 0.1 0.1 -0.205 -0.205 -0.205 -0.205 -0.1361766 0.05 0.05 0.05 -0.42499469 -0.425 -0.425 -1.46 -1.46 -1.46 
0.36 0.36 0.36000001 0.36000037 0.36004422 0.35872812 0.14139864 0.14000126 0.14 0.14 0.14 0.14 0.14 0.13999997 0.11391918 -0.3999873 -0.4 -0.4 -0.40000003 -0.42449346 -0.425 -0.425 -0.425 -0.425 -0.425 -0.425 -0.425 -0.425 -0.97499948 -0.975 -0.975 -0.975 -0.975 -0.3966867 0.099999913 0.1 0.1 0.1 0.1 -0.205 -0.205 -0.205 -0.205 -0.205 0.05 0.05 0.05 -0.425 -0.425 -0.425 -1.46 -1.46 -1.46 
0.36 0.36000001 0.36000016 0.36000434 0.3601659 0.24924002 0.14024038 0.14000077 0.14 0.14 0.14 0.14 0.14 0.13999899 0.10470519 -0.39980279 -0.39999999 -0.4 -0.40012944 -0.42499787 -0.425 -0.425 -0.425 -0.425 -0.425 -0.425 -0.425 -0.42500032 -0.97499655 -0.975 -0.97499944 -0.25445062 -0.185 -0.185 -0.185 0.1 0.1 0.1 0.1 -0.205 -0.205 -0.205 -0.205 -0.205 0.04999548 0.05 0.049999767 -0.42499997 -0.425 -0.42500056 -1.46 -1.46 -1.46 
