interpolatedSpi/04-04|22_2.tif
NCOLS 53
NROWS 52
XLLCORNER -116.03883
YLLCORNER 28.596182
DX 0.49850594
DY 0.49788537
NODATA_VALUE -9999
0.8 0.8 0.8817436 0.81 1.02 0.5 0.7 1.2 0.46615721 -0.36 -0.35 -0.74 -0.51993412 0.28 0.05 0.05 0.05 0.02 0.02 0.02 0.02 0.019991331 -0.88 -0.83 -0.83 -0.83 -0.33000905 -0.33 -0.33 -0.26 -0.26 -0.26 -0.26 0.77999979 0.78 0.78 0.78 0.78 0.78 0.77999997 -0.16976836 -0.17998421 -0.12 -0.12 -0.12 -0.12 -0.12106167 -0.77 -0.77 -0.77 2.1599939 2.16 2.16 
0.79993469 -0.67 0.59999983 0.64811496 0.57028101 1.19 1.19 0.67995215 -0.25 -0.83 -0.74 -0.52 -0.52 -0.14856618 0.27999277 0.05 0.02 0.02 0.02 0.02 0.02 0.02 -0.79999686 -0.83 -0.83 -0.83 -0.040000054 -0.04 -0.26 -0.26 -0.26 -0.26 -0.26 0.77999985 0.78 0.78 0.78 0.78 0.78000004 0.9772716 2.019902 0.13967156 -0.12 -0.12 -0.12 -0.12 -0.12 -0.77 -0.77 -0.77 -0.5270416 2.16 2.16 
0.69998782 0.7 0.45 0.91 0.07 0.02 0.34 0.17 -0.67 -0.42 -0.72 -0.78 -0.04 -0.03 -0.15 -1.06 0.02 0.02 0.02 -0.27991279 -0.28 -0.28 -0.26 -0.83 -0.83 -0.83 -0.04 -0.04 -0.04 -0.26 -0.26 -0.25999998 -0.03855597 0.78052586 0.78474701 1.2853266 1.29 1.29 1.3818148 2.02 2.02 2.0172635 -0.12 -0.12 -0.12 -0.12 -0.12 -0.77 -0.77 -0.77 -0.76999999 2.16 2.16 
-0.15 0.69999989 0.13997855 1.02 -0.21 0.04 0.1 -0.24 -0.04 0.23773791 -0.13 -0.38 -0.56 -0.03 -0.48 -1.06 -0.70275434 -0.69949553 -0.01 -0.28 -0.28 -0.73 -0.26 -0.26 -0.83 -0.82999605 -0.04 -0.04 -0.04 -0.73 -0.21972971 0.2 0.2 0.20000085 1.29 1.29 1.29 1.29 2.02 2.02 2.02 2.0199999 -0.12 -0.12 -0.12 -0.12 -0.12 -0.7699918 -0.77 -0.77 -0.77 2.159984 2.16 
-0.15 0.41999949 0.14 -0.084693987 -0.21 -0.22 0.49993028 0.23 -0.31 -0.32000023 -0.1645234 -0.090034377 -0.33 -0.48 -0.48 -0.86242088 -0.7 -0.7 -0.01 -0.01 -0.2800009 -0.73 -0.46 0.14 0.06 0.05988304 -0.04 -0.04 -0.73 -0.73 0.2 0.2 0.2 0.14719973 1.29 1.29 1.29 2.02 2.02 2.02 2.02 2.0200627 -0.11999996 -0.12 -0.12 -0.12 -0.12 -0.12578581 -0.77 -0.76989059 1.67 1.67 1.67 
-2.36 -0.31 -0.11999997 0.24 -0.68 -0.14 -0.85 -0.71172907 0.06 -6.7217496e-56 -0.21 -0.02 -0.020000204 -0.44 -0.44 -0.82981168 -0.83 -0.57 -0.57 -0.010000018 -0.74 -0.74 0.14 0.06 0.06 -0.44 -0.6 -0.6 -0.19004997 -0.73 0.2 0.2 -0.08 -0.079894468 0.92992796 1.98 1.98 2.0076251 2.02 2.02 2.6691893 2.67 2.6700015 1.7268129 1.7597922 1.7599995 1.7599999 1.7599993 1.7989042 1.67 1.67 1.67 1.67 
-0.39000695 -2.08 -2.008458 -1.15 -0.04 -1.34 -0.82999999 -1.35 -1.01 -1.01 -0.21 0.24 -0.6099997 -0.44 -0.050001168 -0.05 -0.83 0.15 -0.03 -0.03 -0.79183914 -0.85 -0.85 -0.82999999 -0.44 -0.44 -0.6 -0.6 -0.19004079 -0.19075104 1.0539836 -0.08 -0.08 0.93 0.93 1.9582144 1.98 1.98 2.4099851 2.6699996 2.67 2.67 2.6700084 1.7600042 1.76 1.76 1.76 1.7600001 1.91 1.6700476 1.67 1.67 1.67 
-0.39 -0.02 -1.34 -2.65 -2.4600109 -1.17 -1.85 -1.14 -0.91 -1.13 -1.13 0.54 -0.61 -0.61 -0.053842119 -0.17750598 -0.19 0.01 -0.44999957 -0.03 -0.34801024 -0.23 -1.55 -0.62 -0.61999897 -0.54 0.28 0.27999969 -0.8875471 -0.88999996 1.06 -0.58781928 0.1 0.93 0.94739793 1.94 1.94 2.41 2.41 2.67 2.67 2.67 2.522726 2.52 1.76 1.76 1.76 1.9099943 1.91 1.91 1.67 1.67 1.67 
-0.13682097 -0.019999998 0.62 -1.37 -2.28 -2.09 -1.69 -0.66 -0.52 -0.46417937 -0.32 0.30999999 0.31 0.16 0.15999295 -0.19 -0.19 -0.19 -0.060219704 -0.99000013 -1.62 -1.62 -1.3 -1.4514791 -0.54806189 -0.54 -0.03 0.28 1.2940728 1.3 -0.78 0.74 0.54357318 0.82 1.54 1.64 2.59 1.63 2.8794228 2.6729907 3.34 2.94 2.5199984 2.52 2.5157223 1.76 1.6 1.91 1.91 1.91 1.91 1.7434594 1.35 
-0.79 -0.79 0.35 -0.41 -1.67 -1.97 -1.57 -1.98 -0.97 -0.45018525 -0.48 0.58 0.16 0.16 -0.59 -0.58451382 -0.19 -0.19004712 -0.41 -0.99 -0.99 -1.0711651 -1.3 -0.68001174 -0.68 -0.68 -0.03 0.82 0.82 1.3 1.3 0.73926032 0.35 0.82 2.06 1.64 2.59 2.25 2.88 2.2503725 2.94 2.7820441 2.51 2.52 2.52 1.6 1.6 1.6 1.91 1.91 2.26 2.26 2.2599997 
-0.79 -0.79 -0.09 -0.65 -1.53 -1.78 -2.15 -0.9006128 -1.27 -0.73 -0.71 -1.04 0.57784268 -0.59 -0.59 -0.58996424 -0.28 -0.28682301 -0.41 -0.41 -0.41 -0.68 -0.68 -0.68 -0.68 -0.68 0.82 0.82 0.82 0.5 0.5 0.49999975 1.8 1.8 1.41 2.01 3.25 2.120003 2.68 2.24 2.24 2.1000013 2.51 2.52 2.1200004 2.61 2.635521 2.64 2.91 2.91 2.26 2.26 2.26 
-0.79 -0.48787696 -0.32897197 -0.93998515 -0.21 -1.71 -2.15 -0.9 -1.2699969 -0.73598255 -1.0399996 -1.04 -0.7 -0.59 -0.59 -0.28000001 -0.28 -0.2800074 -0.41 -0.41 -0.46302251 -0.68 -0.68 -0.67999935 -0.68 -0.055432833 1.22 1.22 1.2199999 0.5 0.5 0.8 0.8 1.7999989 1.41 2.3100001 3.1249233 2.12 2.12 2.24 2.1 2.1 2.1000002 2.12 2.12 2.61 2.64 2.64 2.91 2.91 2.26 2.26 2.26 
-0.12 -0.097084089 -0.090020302 -0.096149191 -0.21000783 -1.7099646 -2.15 -0.91538679 -1.2445032 -1.2558992 -0.7 -0.7 -0.7 -0.7 -0.59001558 -0.28 -0.28 -0.28167851 -0.41 -0.4098814 -1.5166285e-17 -8.0858291e-49 -4.381227e-28 -7.3566049e-15 -0.66689176 1.22 1.22 1.22 1.22 1.2197404 0.8 0.8 0.8 0.8 2.31 2.31 2.31 2.1295695 2.1187983 1.96 1.96 2.0999925 1.9800048 2.1199865 2.12 2.61 2.64 2.64 2.91 2.91 2.2623581 2.26 2.3791915 
-0.12 -0.09 -0.09 -0.09 -0.09 -0.090000673 -2.1488735 -1.5585945 -1.1764801 -0.70060028 -0.7 -0.7 -0.7 -0.7 -0.69999961 -0.28000001 -0.28000002 -0.28891711 -0.40999686 -4.6645928e-15 -2.7771755e-37 -4.6178317e-74 -8.6758563e-44 -2.9448673e-24 0.03026837 1.5776958 1.7999999 1.8 1.8 1.8 0.80000001 0.8 0.80000048 1.2 1.2 2.31 2.0961178 2.09 1.9600001 1.96 1.96 1.96 1.98 1.98 1.98 1.9843842 1.8551338 1.85 1.85 1.85 1.85 2.14 2.14 
0.12 -0.09 -0.09 -0.09 -0.09 -0.09 -0.09000013 -1.4427396 -0.17524669 -0.17 -0.17 -0.17 -0.17 -0.17 -0.17000001 0.36884308 -0.26953768 -0.29780119 -5.1505703e-05 2.2172942e-13 8.157564e-19 2.2501608e-21 3.2547979e-14 1.3842959e-06 1.4 1.4 1.4000006 1.8 1.8 1.7988386 1.22 1.22 1.2 1.2 1.2 1.9474315 2.09 2.09 2.09 1.96 1.96 1.96 1.98 1.98 1.98 1.98 1.85 1.85 1.85 1.85 1.85 2.14 2.14 
0.12 0.041819386 -0.09 -0.09 -0.09 -0.09 -0.40993719 -0.41 -0.40999999 -0.17 -0.17 -0.17 -0.17 -0.17 -0.048666152 0.38 0.38 0.38 1.1863753 1.1899988 1.19 1.19 1.19 1.19 1.4 1.4 1.4 1.4 1.8 1.22 1.22 1.22 1.2 1.2 1.2 1.72 2.0895101 2.09 2.09 1.9597619 1.4843186 0.37475216 1.98 1.98 0.55441306 0.55 0.55 1.8484176 0.89335477 0.89000008 0.89000018 1.5000967 2.1399987 
0.12 -0.27898827 -0.19120921 -0.09 -0.09 -0.40981093 -0.41 -0.41 -0.41 -0.40827049 -0.17 -0.17 -0.17 -0.16999993 0.38 0.38 0.38 0.38 1.1892764 1.19 1.19 1.19 1.19 1.19 1.4 1.4 1.4 1.4 1.3993453 1.22 1.22 1.22 0.91000001 1.2000459 1.72 1.72 1.72 1.7117831 0.47890495 0.37 0.37 0.37 0.37 0.37 0.55 0.55 0.55 0.89 0.89 0.89 0.89 1.5 1.5 
-0.28953884 -0.29 -0.29 -0.29 -0.72 -0.410008 -0.41 -0.41 -0.41 -0.41 -0.15940095 -0.16999818 -0.17 0.38 0.38 0.38 0.38 0.38 0.45170639 1.19 1.19 1.19 1.19 1.19 0.8993175 0.27000612 0.27 0.27 0.27 1.22 0.91000001 0.91 0.91 0.91 1.72 1.7199802 0.97 0.97 0.37749189 0.37 0.37 0.37 0.37 0.37 0.5221298 0.55 0.55 0.89 0.89 0.89 0.89654079 1.5 1.5 
-0.29 -0.29 -0.29 -0.49249341 -0.72 -0.72 -0.41 -0.41 -0.41 -0.41 -0.03 -0.03 -0.03 0.38 0.38 0.38 0.38 0.38004297 0.51 0.51 1.1899997 1.19 1.1727145 0.48 0.47810946 0.27 0.27 0.27 0.27 0.90993483 0.91 0.91 0.91 0.91 0.97000264 0.97 0.97 0.97 0.96783857 0.37 0.37 0.37 0.37 0.37 0.37 0.55 0.55 0.88999999 0.89 0.89 1.5 1.5 1.5 
-0.29 -0.29 -0.29 -0.72 -0.72 -0.72 -0.71999953 -0.41 -0.41 -0.030392269 -0.03 -0.03 -0.03 -0.029744547 0.59044983 0.64 0.64 0.64 0.51 0.51 0.51 0.48 0.48 0.48 0.47983753 0.075926005 0.27 0.27 0.27 0.26899717 0.14007573 0.14 0.14 0.14 0.59935276 0.080002021 0.08 0.08 0.08 -0.29990832 -0.3 -0.3 0.37 0.37 0.66999875 0.66999997 0.59 0.59 0.4 0.4 0.4 1.5 0.89054541 
-0.29000065 -0.29 -0.29000002 -0.72 -0.72 -0.72 -0.72 -1.0199998 -0.41243902 -0.030290169 -0.03 -0.03 -0.03 -0.028685276 0.64 0.64 0.64 0.63999996 0.51 0.51 0.51 0.48 0.48 0.48 -0.1 -0.1 -0.47999999 -0.48 -0.48 -0.47661771 0.14 0.14 0.14 0.14 0.11001635 0.08 0.08 0.08 0.08 -0.3 -0.3 -0.3 -0.26948009 0.67 0.67 0.67 0.59 0.59 0.4 0.4 0.4 0.88999998 0.89 
-0.5 -0.41544766 -1.09 -1.0898927 -0.72 -1.0182642 -1.02 -1.02 -0.93254913 -0.35000001 -0.35 -0.35 -0.35 0.29997884 0.3 0.63999974 0.64 0.63657469 0.51 0.51 0.51 -0.9 -0.9 -0.9 -0.1 -0.1 -0.48 -0.48 -0.48 -0.47999983 -0.23999758 -0.23999893 0.13044927 0.13959261 -0.70902627 -0.71 -0.71 -0.71 -0.71 -0.3 -0.3 -0.3 0.61658863 0.67 0.67 0.66999996 0.59 0.59 0.58999316 0.4 0.40001699 0.78 0.89 
-0.37002469 -0.37000012 -1.09 -1.09 -1.09 -1.02 -1.02 -1.02 -0.78 -0.78 -0.35 -0.35 -0.35 0.3 0.3 0.3 0.3 0.3000246 0.51 0.51 0.50999995 -0.9 -0.9 -0.9 -0.1 -0.1 -0.48 -0.48 -0.48 -0.24270602 -0.24 -0.24 -0.24 -0.24 -0.70976808 -0.71 -0.71 -0.71 -0.71 -0.49999995 -0.5 -0.5 -0.5 0.66999808 0.42 0.42 0.42 0.8 0.8 0.8 0.78 0.78 0.78 
-0.37 -0.37 -1.09 -1.09 -1.09 -1.0203679 -1.02 -0.78 -0.78 -0.78 -0.35005293 -0.35 -0.26011628 0.29999988 0.3 0.3 0.3 -0.16 -0.16 -0.16 -0.82 -0.82000006 -0.89999961 -0.9 -0.89988209 -1.08 -1.08 -1.0799986 -0.48009696 -0.46995416 -0.46999878 -0.46995985 -0.24039309 -0.24019849 -0.62644178 -0.71000024 -0.71207776 -1.33 -1.33 -0.5 -0.5 -0.5 -0.5 0.42 0.42 0.42 0.42 0.8 0.8 0.8 0.78 0.78 0.78 
-0.37 -0.37 -1.09 -1.09 -1.09 -1.09 -0.93017501 -0.78 -0.78 -0.78 -0.77970171 -0.24 -0.24 -0.24 0.29681766 0.3 -0.15693467 -0.16 -0.16 -0.16 -0.82 -0.82 -0.82 -0.82 -1.08 -1.08 -1.08 -1.08 -1.08 -0.47 -0.47 -0.47 -0.47 -0.47000078 -0.84 -1.33 -1.33 -1.33 -1.33 -1.329996 -0.21 -0.21 -0.21 0.066600559 0.64 0.64 0.64 0.8 0.79999978 0.57 0.57 0.73001216 0.73 
-0.37 -0.37 -0.83013056 -1.09 -1.09 -1.09 -1.2192192 -0.78138664 -0.78 -0.78 -0.2400001 -0.24 -0.24 -0.24 -0.24 -0.19572604 -0.16 -0.16 -0.16 -0.16 -0.81999489 -0.82 -0.82 -0.82 -1.08 -1.08 -1.08 -1.08 -1.08 -1.046386 -0.47 -0.47 -0.47 -0.84 -0.84 -0.8403805 -1.33 -1.33 -0.80661598 -0.40000008 -0.21 -0.21 -0.21 0.061526981 0.64 0.64 0.64 0.34 0.56713422 0.57 0.57 0.73 0.73 
-0.6 -0.6 -0.6 -0.96714353 -1.0898437 -1.22 -1.22 -1.22 -1.22 -0.71 -0.71 -0.24000003 -0.24 -0.24 -0.24 -0.23999496 -0.16 -0.16 -0.16 -0.16 -0.53199741 -0.82 -0.82 -0.82863624 -1.146883 -1.08 -1.08 -1.08 -1.25 -1.25 -1.25 -1.2499967 -0.84 -0.84 -0.84 -0.84 -0.4 -0.4 -0.4 -0.4 0.32 0.32 0.32 0.20000241 0.2 0.2 0.20000014 0.34 0.34 0.56971976 0.57 0.72999818 0.73 
-0.6 -0.6 -0.6 -0.60002046 -0.98 -1.0148999 -1.22 -1.22 -1.22 -0.71 -0.71 -0.71 -0.90999997 -0.91 -0.91 -0.90999999 -0.161209 -0.16 -0.16 -0.16 -0.17002596 -1.1499991 -1.15 -1.15 -1.15 -1.15 -0.76 -0.76 -1.25 -1.25 -1.25 -1.25 -0.84000006 -0.84 -0.84 -0.84000733 -0.39999999 -0.4 -0.4 -0.39921037 0.32 0.32 0.32 0.20000556 0.2 0.2 0.2 0.34 0.34 0.34 0.37 0.37 0.21 
-0.6 -0.6 -0.6 -0.97999912 -0.98 -0.98 -1.2199999 -1.22 -1.22 -0.71 -0.71 -0.71 -0.91 -0.91 -0.91 -0.90314564 -0.82 -0.82 -0.8199983 -0.16372786 -1.15 -1.15 -1.15 -1.15 -1.15 -1.1497065 -0.76 -0.76 -0.76 -1.25 -1.25 -1.2500901 -0.93 -0.93 -0.93 -0.62 -0.62 -0.22 -0.22 -0.22 0.04 0.31991217 0.32000082 0.43 0.43 0.42128326 0.20000084 0.34 0.34 0.37 0.37 0.37 0.21 
-0.6 -0.6 -0.6 -0.98 -0.98 -0.98 -0.98 -1.22 -1.22 -0.71 -0.71 -0.90200288 -0.91 -0.91 -0.91 -0.82 -0.82 -0.82 -0.82 -0.82 -1.15 -1.15 -1.15 -1.15 -1.15 -0.76000133 -0.76 -0.76 -0.76 -1.39 -1.39 -1.39 -0.93 -0.93 -0.93 -0.62 -0.62 -0.22 -0.22 0.04 0.04 0.04 0.43 0.43 0.43 0.43 0.46203746 0.82 0.82 0.82 0.37000001 0.76 0.76 
-0.6 -0.6 -0.60052917 -0.98 -0.98 -0.98 -0.98 -1.2656035 -1.28 -1.2790214 -0.71000001 -0.90999581 -0.91 -0.91 -0.90999969 -0.82 -0.82 -0.82 -0.82 -0.82 -0.68966426 -1.15 -1.15 -1.15 -1.1499032 -0.7599955 -0.76 -0.76 -0.76 -1.39 -1.39 -1.39 -1.3899306 -0.93 -0.62 -0.62 -0.62 -0.61998366 -0.21998227 0.04 0.04 0.04 0.42997632 0.43 0.43 0.43 0.81999806 0.82 0.82 0.82 0.76 0.76 0.76 
-1.08 -1.0799992 -0.97980368 -0.98 -0.98 -0.98 -1.2799362 -1.28 -1.28 -1.28 -0.86000001 -0.86 -0.86 -0.86 -0.82018462 -0.82 -0.82 -0.82 -0.82 -0.67000009 -0.67 -0.67 -0.68000008 -0.68 -0.68 -0.68 -0.68690503 -0.76 -1.0199894 -1.02 -1.02 -1.02 -1.02 -0.79 -0.79 -0.79 -0.79 -0.79 0.04 0.04 0.04 0.04 0.040000001 0.62969851 0.63 0.63 0.63 0.82 0.82 0.82 0.76000945 0.76 0.76 
-1.08 -1.08 -1.0784929 -0.90000016 -0.90000002 -0.90037049 -1.28 -1.28 -1.28 -1.28 -0.86 -0.86 -0.86 -0.86 -0.86 -0.82 -0.82 -0.82 -0.67000004 -0.67 -0.67 -0.67 -0.68 -0.68 -0.68 -0.68 -0.68 -0.68001727 -1.0199923 -1.02 -1.02 -1.02 -1.0199969 -0.61992951 -0.7898239 -0.79 -0.79 -0.79 0.04 0.04 0.04 0.04 0.039999999 0.63 0.63 0.63 0.63 0.71884771 0.82 0.70133883 0.7 0.41 0.41 
-1.08 -1.08 -0.9000228 -0.9 -0.9 -0.9 -0.9965184 -1.28 -1.28 -1.28 -0.86 -0.86 -0.86 -0.86 -0.86 -0.8200315 -0.82 -0.67004398 -0.67 -0.67 -0.67 -0.67 -0.67629544 -0.68 -0.68 -0.68 -0.68 -0.68022651 -1 -1 -1 -1 -1 -0.49 -0.49 -0.49 -0.49 -0.49 -0.17 -0.17 -0.17 -0.17 -0.17 0.6298535 0.62999997 0.63 0.62998983 0.6287863 0.7 0.7 0.7 0.41000162 0.41 
-1.08 -1.0603899 -0.90000002 -0.9 -0.9 -0.9 -0.9 -1.2798382 -1.28 -1.28 -0.86 -0.86 -0.86 -0.86 -0.93822309 -0.94 -0.94 -0.67000695 -0.67 -0.67 -0.67 -0.67 -0.67000003 -0.68 -0.68 -0.68 -0.68 -0.6800003 -0.68000015 -0.74810378 -1 -1 -1 -0.49 -0.49 -0.49 -0.49 -0.4900745 -0.17 -0.17 -0.17 -0.17 -0.16999464 0.57 0.57 0.57 0.57 0.57001048 0.7 0.7 0.7 0.69999991 0.55779089 
-1.06 -1.06 -1.0259871 -0.9 -0.9 -0.9 -0.9 -0.9 -1.279837 -0.87000001 -0.87 -0.87 -0.86997627 -0.93999988 -0.94 -0.94 -0.94 -0.94 -0.67000132 -0.68128297 -0.78 -0.78 -0.78 -0.75628784 -0.71201455 -0.88331834 -1.0276365 -0.68 -0.68 -0.68 -0.68 -0.68 -0.69888678 -0.60796862 -0.6 -0.6 -0.6 -0.6 -0.15685039 -0.10000013 -0.1 -0.1 -0.1 0.69999962 0.57000003 0.57 0.57 0.59 0.69999824 0.7 0.7 0.56 0.56 
-1.06 -1.06 -1.03 -1.03 -1.03 -0.9000433 -0.9 -0.9 -0.87 -0.87 -0.87 -0.87 -0.87 -0.94 -0.94 -0.94 -0.94 -0.94 -0.78 -0.78 -0.78 -0.78 -0.78 -1.08 -1.08 -1.08 -1.08 -0.68 -0.68 -0.68 -0.68 -0.68 -1.31 -1.31 -0.6 -0.6 -0.6 -0.35004257 -0.35 -0.1 -0.1 -0.1 -0.099999892 0.7 0.7 0.7 0.59 0.59 0.59 0.6 0.6 0.56 0.56 
-1.06 -1.06 -1.03 -1.03 -1.03 -1.03 -1.0299996 -0.96 -0.87008474 -0.87 -0.87 -0.87 -0.87 -0.93912681 -0.94 -0.94 -0.94 -0.94 -0.78 -0.78 -0.78 -0.78 -0.78 -1.08 -1.08 -1.08 -1.08 -1.0799984 -0.68 -0.68 -0.68 -1.309967 -1.31 -1.31 -1.31 -0.6 -0.35 -0.35 -0.35 -0.34342203 0.49010593 0.6 0.6 0.7 0.7 0.7 0.59 0.59 0.59 0.6 0.6 0.6 0.2611136 
-1.03 -1.0300002 -1.03 -1.03 -1.03 -1.03 -0.96 -0.96 -0.96 -0.87 -0.87 -0.87 -0.87 -0.87002176 -0.94 -0.94 -0.94 -0.94 -0.78000273 -0.78 -0.78 -0.78 -1.0271433 -1.08 -1.08 -1.08 -1.08 -1.3099998 -1.31 -1.31 -0.68678513 -1.31 -1.31 -1.31 -1.3099996 -0.89000001 -0.35 -0.35 -0.35 -0.34999999 0.6 0.6 0.6 0.72 0.72 0.72 0.67999124 0.59 0.59 0.6 0.6 0.6 0.23000008 
-1.03 -1.03 -1.03 -1.03 -1.03 -0.96 -0.96 -0.96 -0.96 -0.8798652 -0.87 -0.87 -0.87 -0.87000167 -1.3499528 -1.35 -1.35 -1.35 -0.31847043 -0.54 -0.54 -0.54 -0.54 -1.08 -1.08 -1.08 -1.0800152 -1.31 -1.31 -1.31 -1.31 -1.3100074 -1.0737621 -0.89 -0.89 -0.89 -0.3489939 -0.080005621 -0.08 -0.08 0.60000783 0.61 0.61 0.72 0.72 0.71999983 0.68 0.68 0.55 0.55 0.55 0.52 0.26 
-1.03 -1.03 -1.08 -1.08 -1.08 -0.96 -0.96 -0.96 -0.96 -0.86 -0.86 -0.86 -0.86 -0.89453145 -1.35 -1.35 -1.35 -1.35 -0.31 -0.54 -0.54 -0.54 -0.54 -1.44 -1.4399999 -1.0800005 -1.31 -1.31 -1.31 -1.31 -1.391004 -1.47 -0.95901205 -0.89 -0.89 -0.89 -0.08 -0.08 -0.08 -0.08 0.61 0.61 0.61 0.76994955 0.77 0.68040454 0.68 0.68 0.55000015 0.55 0.52 0.52 0.26 
-1.03 -1.08 -1.08 -1.08 -1.08 -1.08 -0.96093155 -1.08 -1.08 -0.86 -0.86 -0.86 -0.86 -0.86011605 -1.35 -1.35 -1.35 -1.3030095 -0.31 -0.31 -0.54 -0.54 -1.44 -1.44 -1.44 -1.44 -1.31 -1.31 -1.31 -1.31 -1.47 -1.47 -1.47 -0.89058691 -0.89 -0.89 -0.08 -0.08 -0.08 -0.08 0.61 0.61 0.61 0.77 0.77 0.77000057 0.78 0.78 0.57 0.57 0.52 0.52 0.26 
-1.0795304 -1.08 -1.08 -1.08 -1.08 -1.08 -1.08 -1.08 -1.08 -0.96224681 -0.86 -0.86 -0.86 -0.8600061 -1.35 -1.35 -1.35 -0.31 -0.31 -0.31 -0.53998851 -0.5400055 -1.44 -1.44 -1.44 -1.44 -1.3100092 -1.31 -1.31 -1.4699632 -1.47 -1.47 -1.47 -1.47 -0.89081809 -0.49 -0.49 -0.48290424 -0.08 -0.08 0.60999939 0.61 0.76534797 0.77 0.77 0.78 0.78 0.78 0.57 0.57 0.74 0.74 0.76 
-1.08 -1.08 -1.08 -1.08 -1.08 -1.08 -1.08 -1.08 -1.08 -1.08 -1.0599942 -1.06 -1.06 -1.06 -1.3499974 -0.81796178 -0.52 -0.52 -0.31038713 -0.31 -0.31000005 -1.4399987 -1.44 -1.44 -1.44 -1.44 -1.4399055 -1.31 -1.3100055 -1.47 -1.47 -1.47 -1.47 -1.47 -0.49 -0.49 -0.49 -0.49 -0.49 -0.48999673 0.28 0.28 0.28000008 0.51 0.51 0.51 0.5 0.5 0.38 0.38 0.74 0.74000004 0.76 
-1.08 -1.08 -1.08 -1.08 -1.08 -1.08 -1.08 -1.08 -1.08 -1.06 -1.06 -1.06 -1.06 -1.06 -0.9176573 -0.52 -0.52 -0.52 -0.52 -0.52 -0.50997319 -1.44 -1.44 -1.44 -1.44 -1.5115943 -3.7164273 -1.6381566 -1.469211 -1.47 -1.47 -1.47 -1.47 -1.4699979 -0.49 -0.49 -0.49 -0.49 -0.49 -0.13179779 0.28 0.28 0.28 0.51 0.51 0.51 0.5 0.5 0.38 0.38 0.68999999 0.7561385 0.76 
-1.08 -1.08 -1.08 -1.08 -1.08 -1.08 -1.08 -1.08 -1.0791699 -1.06 -1.06 -1.06 -1.06 -1.06 -1.0340983 -0.52 -0.52 -0.52 -0.52 -0.52 -0.52 -3.3613705 -3.7199968 -3.72 -3.72 -3.72 -3.72 -3.72 -1.747133 -1.719997 -1.72 -1.72 -1.72 -1.7199991 -0.49 -0.49 -0.49 -0.49 -0.49 0.27999991 0.28 0.28 0.28 0.2800001 0.50967936 0.31 0.49999998 0.63757801 0.38022781 0.69 0.69 0.69207866 0.79 
-1.08 -1.08 -1.08 -1.08 -1.08 -1.08 -1.08 -1.0799988 -1.06 -1.06 -1.06 -1.06 -1.06 -1.06 -1.0497249 -0.52 -0.52 -0.52 -0.52 -0.52 -0.52 -3.72 -3.72 -3.72 -3.72 -3.72 -3.72 -3.72 -1.7205521 -1.72 -1.72 -1.72 -1.72 -1.72 -1.3829801 -0.49 -0.49 -0.49 -0.49 0.28 0.28 0.28 0.28 0.28000769 0.31 0.31 0.31206828 0.64 0.64 0.69 0.69 0.79 0.79 
-1.08 -1.08 -1.08 -1.08 -1.08 -1.08 -1.0799994 -1.0622569 -1.06 -1.06 -1.06 -1.06 -1.06 -1.06 -1.0505464 -0.52 -0.52 -0.52 -0.52 -0.52 -0.97562185 -3.72 -3.72 -3.72 -3.72 -3.72 -3.72 -3.72 -1.720008 -1.72 -1.72 -1.72 -1.72 -1.72 -1.72 -0.63718014 -0.86588953 -0.99096223 -1.0099835 0.22793428 0.27999998 0.28 0.28 0.3099976 0.31 0.30546341 -0.44999479 0.64 0.64 -0.080106859 -0.08 -0.08 0.78999961 
-1.08 -1.08 -1.08 -1.08 -1.08 -1.08 -1.0782709 -1.0600055 -1.06 -1.06 -1.06 -1.06 -1.06 -1.06 -1.0473902 -0.52 -0.52 -0.52 -0.52 -0.52000002 -3.7199862 -3.72 -3.72 -3.72 -3.72 -3.72 -3.72 -3.72 -1.7200005 -1.72 -1.72 -1.72 -1.72 -1.72 -1.7199999 -1.02 -1.02 -1.02 -1.02 -0.53 -0.53 -0.53 -0.53 -0.4499978 -0.45 -0.45 -0.45 -0.450001 -0.57 -0.57 -0.08 -0.08 -0.27257427 
-1.08 -1.08 -1.08 -1.08 -1.08 -1.0799909 -1.0613721 -1.0600003 -1.06 -1.06 -1.06 -1.06 -1.06 -1.06 -1.0416691 -0.52000022 -0.52 -0.52 -0.52 -0.5392594 -3.72 -3.72 -3.72 -3.72 -3.72 -3.72 -3.72 -3.72 -1.7200004 -1.72 -1.72 -1.72 -1.72 -1.72 -1.0200006 -1.02 -1.02 -1.02 -1.02 -0.53 -0.53 -0.53 -0.53 -0.50840834 -0.45 -0.45 -0.45 -0.56999866 -0.57 -0.57 -0.36 -0.36 -0.36 
-1.08 -1.08 -1.08 -1.08 -1.08 -1.0790621 -1.0600744 -1.0600001 -1.06 -1.06 -1.06 -1.06 -1.06 -1.06 -1.0339192 -0.5200127 -0.52 -0.52 -0.52000367 -3.6551629 -3.72 -3.72 -3.72 -3.72 -3.72 -3.72 -3.72 -3.72 -1.7200019 -1.72 -1.72 -1.72 -1.72 -0.87083158 -1.0199999 -1.02 -1.02 -1.02 -1.02 -0.53 -0.53 -0.53 -0.53 -0.53 -0.45 -0.45 -0.45 -0.57 -0.57 -0.57 -0.36 -0.36 -0.36 
-1.08 -1.08 -1.08 -1.08 -1.0799946 -1.0692588 -1.060013 -1.06 -1.06 -1.06 -1.06 -1.06 -1.06 -1.059999 -1.0247052 -0.52019721 -0.52000001 -0.52000011 -0.53656795 -3.7197279 -3.72 -3.72 -3.72 -3.72 -3.72 -3.72 -3.72 -3.7199988 -1.7200125 -1.72 -1.7199992 -0.66197813 -0.56 -0.56 -0.56 -1.02 -1.02 -1.02 -1.02 -0.53 -0.53 -0.53 -0.53 -0.53 -0.45000142 -0.45 -0.45000006 -0.56999999 -0.57 -0.56999989 -0.36 -0.36 -0.36 
