interpolatedSpi/04-04|19_1.tif
NCOLS 53
NROWS 52
XLLCORNER -116.03883
YLLCORNER 28.596182
DX 0.49850594
DY 0.49788537
NODATA_VALUE -9999
-0.47 -0.47 -0.27941026 -0.51 0.24 0.24 -1.1 -1.13 -1.2041797 -0.76 -0.73 0.14 0.13001318 0.29 -0.03 -0.03 -0.03 -0.08 -0.18 -0.18 -0.18 -0.18000347 -0.54 -0.31 -0.31 -0.31 0.14000971 0.14 0.14 -0.9 -0.9 -0.9 -0.9 -1.5299999 -1.53 -1.53 -1.53 -1.53 -1.53 -1.5299999 0.47836746 0.49975774 -0.45 -0.45 -0.45 -0.45 -0.45256435 -2.02 -2.02 -2.02 -0.29000359 -0.29 -0.29 
-0.46998889 -0.22 -0.39999909 -0.38716934 -0.61037469 -0.74 0.44 0.019272748 -1.72 -0.91 0.09 0.13 0.13 -0.32793263 0.28998968 -0.03 -0.08 -0.08 -0.17986961 -0.18 -0.18 -0.18 -0.34000314 -0.31 -0.31 -0.31 -0.29 -0.29 -0.9 -0.9 -0.9 -0.9 -0.9 -1.5299999 -1.53 -1.53 -1.53 -1.53 -1.5299999 -1.3387852 -0.48998317 -0.45485314 -0.45 -0.45 -0.45 -0.45 -0.45 -2.02 -2.02 -2.02 -1.8765467 -0.29 -0.29 
0.10999839 0.11 0.39 0.34 -0.76 -1.41 -1.18 -0.86 -0.53 -0.52 -0.23 -0.6 -0.24 -1.979953e-20 -0.33 -0.32 -0.08 -0.08 -0.08 -0.63986628 -0.64 -0.64 -0.88 -0.31 -0.31 -0.31 -0.29 -0.29 -0.29 -0.9 -0.9 -0.9 -0.904814 -1.5254275 -1.5111981 0.47148979 0.49 0.49 0.36674183 -0.48999999 -0.49 -0.48994885 -0.45 -0.45 -0.45 -0.45 -0.45 -2.02 -2.02 -2.02 -2.02 -0.29 -0.29 
0.6 0.10999996 -0.089973958 -0.21 -0.49 -0.69 -0.92 -1.36 -0.58 0.65479718 -0.19 -0.87 -0.9 -3.9873563e-19 -1.18 -0.32 -0.9451799 -0.94939043 -2.13 -0.64 -0.64 -0.19 -0.88 -0.88 -0.31 -0.3099999 -0.29 -0.29 -0.29 -0.95 -0.92805289 -0.91 -0.91 -0.9099989 0.49 0.49 0.49 0.49 -0.49 -0.49 -0.49 -0.49 -0.45 -0.45 -0.45 -0.45 -0.45 -2.0199802 -2.02 -2.02 -2.02 -0.29 -0.29 
0.6 -0.97999837 -0.09 -0.18916844 -0.49 -0.47 -1.3299663 -1.23 -1.42 -1.1300004 -0.990965 -0.92008881 -1.54 -1.18 -1.18 -0.61447368 -0.95 -0.95 -2.13 -2.13 -0.63999919 -0.19 -0.63 -0.93 -0.76 -0.75993674 -0.29 -0.29 -0.95 -0.95 -0.91 -0.91 -0.91 -0.88171402 0.49 0.49 0.49 -0.49 -0.49 -0.49 -0.49 -0.4899498 -0.44999999 -0.45 -0.45 -0.45 -0.45 -0.46397495 -2.02 -2.0199224 -0.29 -0.29 -0.29 
-1.31 -0.89 0.26999997 0.03 0.29 -0.67 0.19 0.0081993316 -1.15 -0.9 -0.34 -1.2 -1.2000002 -1.45 -1.45 -1.5097851 -1.51 -0.76 -0.76 -2.1299987 -1.02 -1.02 -0.93 -0.76 -0.76 -0.49 -0.29 -0.29 -0.46004443 -0.95 -0.91 -0.91 -0.76 -0.76000313 -0.78999783 -0.78 -0.78 -0.57971812 -0.49 -0.49 0.029351448 0.029999998 0.029998438 0.43411253 0.44990053 0.44999976 0.44999997 0.44999966 -0.16509241 -0.29 -0.29 -0.29 -0.29 
-1.3600129 -1.02 -1.4385134 -0.59 -0.43 -0.1 -1.17 -0.83 -0.41 -0.41 -0.34 0.05 -0.32999974 -1.45 -0.62000249 -0.62 -1.51 -0.86 -0.7 -0.7 -0.85976994 -0.68 -0.68 -0.46 -0.49 -0.49 -0.29 -0.29 -0.45999709 -0.45994635 0.1881475 -0.76 -0.76 -0.79 -0.79 -0.43687678 -0.78 -0.78 -0.1800208 0.029999708 0.03 0.03 0.029991041 0.4499966 0.45 0.45 0.45 0.44999968 -0.08 -0.28995838 -0.29 -0.29 -0.29 
-1.36 -1.66 -1.89 -1.57 -0.2600751 -1.37 -0.4 -0.52 -0.5 -0.01 -0.01 0.67 -0.33 -0.33 -0.61801033 -0.64732271 -0.65 -0.39 -0.63000007 -0.7 -0.22405704 -0.23 0.09 0.01 0.010002451 0.2 0.08 0.079999869 -0.41017521 -0.40999999 0.19 -0.27034233 -0.88 -0.79 -0.77859152 -0.15 -0.15 -0.18 -0.18 0.03 0.03 0.029999986 -0.16285659 -0.15999997 0.45 0.45 0.45 -0.079979826 -0.08 -0.08 -0.29 -0.29 -0.29 
-1.5371104 -1.66 -1.38 -0.69 -1.12 -1.87 -1.54 -1.55 -0.5 -1.3293351 -0.73 0.83999999 0.84 0.94 0.93999671 -0.72977703 -0.73 -0.73 -0.42663637 0.49999986 -0.16 -0.16 0.25 0.15305337 0.18085302 0.2 0.01 0.08 -0.5165134 -0.52 -0.1 -0.32 -0.50131694 -0.5 -0.39 -0.3 -0.4 -0.69 0.01967215 0.027098547 -0.62 -0.65 -0.15997723 -0.16 -0.15656659 0.45 -0.55999995 -0.080000004 -0.08 -0.08 -0.079999999 -0.21405046 0.29 
-0.85 -0.85 -1.89 -1.65 -2.14 -2.42 -1.72 -2 -1.29 -1.539958 -0.88 -1.03 0.94 0.94 0.59 0.5718956 -0.73 -0.7297298 0.45 0.5 0.5 0.41496985 0.25 0.13000227 0.13 0.13 0.01 0.17 0.17 -0.52 -0.52 -0.32068278 -0.68 -0.5 -0.59 -0.3 -0.4 -0.33 0.02 -0.10789315 -0.65 -0.41857618 -0.02 -0.16 -0.16 -0.56 -0.56 -0.56 -0.08 -0.08 0.32 0.32 0.31999999 
-0.85 -0.85 -2.17 -2.49 -0.8 -1.11 -0.63000001 -1.2802181 -1.71 -1.88 -1.05 -1.75 -1.0309556 0.59 0.59 0.58999192 0.52 0.51632607 0.45 0.52 0.52 0.65 0.65 0.13 0.13 0.13 0.17 0.17 0.17 -0.32 -0.32 -0.32000059 -0.32 -0.32 -0.64 -0.25 -0.18 -0.64000332 -0.59 -0.11 -0.11 -0.78999747 -0.02 -0.16 -0.3599997 -0.01 0.61491801 0.62 0.72 0.72 0.32 0.32 0.32 
-0.85 -1.4201435 -2.3065554 -2.0200127 -1.69 -0.56 -0.63 -1.28 -1.7099964 -1.8781166 -1.7500002 -1.75 0.36 0.59 0.59 0.52 0.52 0.51999602 0.45 0.52 0.54552936 0.65 0.65 0.13002081 0.13 0.064256088 -0.07 -0.07 -0.06999997 -0.32 -0.32 -1.1017245e-29 -5.0822991e-23 -0.32000088 -0.64 -0.12000027 -0.31630074 -0.64 -0.64 -0.11000002 -0.79 -0.79 -0.78999677 -0.36 -0.36 -0.01 0.62 0.62 0.72 0.72 0.32 0.32 0.32 
0.69 1.3267285 1.629847 1.6035478 -1.6899942 -0.56002668 -0.63 -1.2719989 -1.6803686 -1.7144392 0.36 0.36 0.36 0.36 0.58996742 0.52 0.52 0.51909619 0.45 0.51999956 0.52 0.52 0.52 0.52 0.13642685 -0.07 -0.07 -0.07 -0.07 -0.070170723 -5.4303017e-15 -3.1756694e-65 -9.3061735e-60 5.0734051e-12 -0.12 -0.12 -0.12 -0.61538226 -0.63436709 0.11 0.11 -0.78995159 0.049985964 -0.35996051 -0.36 -0.01 0.62 0.62 0.72 0.72 0.32145116 0.32 0.24276222 
0.69 1.63 1.63 1.63 1.63 1.6299991 -0.62982095 -0.93761162 -1.6013148 0.35776659 0.36 0.36 0.36 0.36 0.36000045 0.52 0.51999999 0.51519848 0.4500012 0.52 0.52 0.52 0.52 0.52 0.50983777 -0.11138316 -0.15999998 -0.16 -0.16 -0.16 -2.0170792e-09 6.6972476e-28 4.8121828e-08 0.04 0.04 -0.12 0.093882179 0.1 0.10999999 0.11 0.11 0.11 0.05 0.05 0.05 0.049582455 0.331756 0.33 0.33 0.33 0.33000001 1.0599998 1.06 
2.59 1.63 1.63 1.63 1.63 1.63 1.6299999 -0.30183821 0.95653841 0.97 0.97 0.97 0.97 0.97 0.96999999 0.75440297 0.52364376 0.51041471 0.51999122 0.52 0.52 0.52 0.52 0.51999983 0.05 0.05 0.049999705 -0.16 -0.16 -0.15995995 -0.14 -0.14 0.04 0.04 0.04 0.090388568 0.1 0.1 0.1 0.11 0.11 0.11 0.05 0.05 0.05 0.05 0.33 0.33 0.33 0.33 0.33 1.06 1.06 
2.59 2.2326029 1.63 1.63 1.63 1.63 0.90014327 0.9 0.9 0.97 0.97 0.97 0.97 0.97 0.92146646 0.75 0.75 0.75 0.37045733 0.37000015 0.37 0.37 0.37 0.37 0.05 0.05 0.05 0.05 -0.16 -0.14 -0.14 -0.14 0.039999984 0.04 0.04 -0.09 0.099748434 0.1 0.1 0.10997903 0.068116101 -0.029581571 0.05 0.05 0.51854955 0.52 0.52 0.33073961 0.77842745 0.77999996 0.77999991 1.1099924 1.0600001 
2.59 1.655783 1.63 1.63 1.63 0.90043132 0.9 0.9 0.9 0.90050444 0.97 0.97 0.97 0.96999997 0.75 0.75 0.75 0.75 0.37033945 0.37 0.37 0.37 0.37 0.37 0.050000007 0.05 0.05 0.05 0.049308908 -0.14 -0.14 -0.14 0.30999999 0.039993294 -0.09 -0.09 -0.09 -0.086468233 -0.021761986 -0.03 -0.03 -0.03 0.64 0.64 0.52 0.52 0.52 0.78 0.78 0.78 0.78 1.11 1.11 
1.6306385 1.63 1.63 1.63 0.1 0.89997936 0.9 0.9 0.9 0.9 0.98059912 0.97000182 0.97 0.75 0.75 0.75 0.75 0.75 0.67854523 0.37 0.37 0.37 0.37 0.37 0.34922252 0.55999724 0.56 0.56 0.56 -0.13999998 0.30999999 0.31 0.31 0.31 -0.09 -0.089991573 0.23 0.23 -0.026753513 -0.03 -0.03 -0.03 0.64 0.64 0.53858013 0.52 0.52 0.78 0.78 0.78 0.78353846 1.11 1.11 
1.63 1.63 1.63 0.90950018 0.1 0.1 0.9 0.9 0.9 0.9 1.11 1.11 1.11 0.75 0.75 0.75 0.75 0.7498711 0.09 0.09 0.36999989 0.37 0.36878271 0.32 0.32216061 0.56 0.56 0.56 0.56 0.31002546 0.31 0.31 0.31 0.31 0.22999888 0.23 0.23 0.23 0.22913902 -0.03 -0.03 -0.03 0.64 0.64 0.64 0.52 0.52 0.77999999 0.78 0.78 1.11 1.11 1.11 
1.63 1.63 1.63 0.1 0.1 0.1 0.10000122 0.9 0.9 1.1097832 1.11 1.11 1.11 1.1097757 0.11865052 -0.03 -0.03 -0.029999999 0.09 0.09 0.09 0.32 0.32 0.32 0.31997759 0.39215222 0.56 0.56 0.56 0.51091047 0.5499764 0.55 0.55 0.55 0.61658469 1.1599979 1.16 1.16 1.16 1.7997496 1.8 1.8 0.64 0.64 1.2199976 1.2199997 0.33 0.33 0.54 0.54 0.54 1.11 0.71035765 
1.6299994 1.63 1.6299999 0.1 0.1 0.1 0.10000001 0.5700001 0.89868053 1.1102811 1.11 1.11 1.11 1.107763 -0.03 -0.03 -0.03 -0.029999966 0.09 0.09 0.09 0.32 0.32 0.32 0.24 0.24 0.33 0.33 0.33 0.33120017 0.55 0.55 0.55 0.55 0.85483252 1.16 1.16 1.16 1.16 1.8 1.8 1.8 1.781751 1.22 1.22 1.22 0.33 0.33 0.54 0.54 0.54 0.70999999 0.71 
1.45 1.5120237 0.73 0.72981723 0.1 0.5672806 0.57 0.57 0.78862718 1.42 1.42 1.42 1.42 0.66002474 0.66 -0.02999947 -0.03 -0.026838176 0.09 0.09 0.09 -0.26 -0.26 -0.26 0.24 0.24 0.33 0.33 0.33 0.32999994 0.25000191 0.25000084 0.54245995 0.54967838 1.1692916 1.17 1.17 1.17 1.17 1.8 1.8 1.8 1.2519361 1.22 1.22 1.2199998 0.33 0.33 0.33000756 0.54 0.53999195 0.36 0.71 
1.150057 1.1499999 0.73 0.73 0.73 0.57 0.57 0.57 1.17 1.17 1.42 1.42 1.42 0.66 0.66 0.66 0.66 0.65993412 0.09 0.09 0.089999987 -0.26 -0.26 -0.26 0.24 0.24 0.33 0.33 0.33 0.25090201 0.25 0.25 0.25 0.25 1.169546 1.17 1.17 1.17 1.17 1.0600002 1.06 1.06 1.06 1.2199932 0.33 0.33 0.33 0.2 0.2 0.2 0.36 0.36 0.36 
1.15 1.15 0.73 0.73 0.73 0.57084099 0.57 1.17 1.17 1.17 1.4199692 1.42 1.2565751 0.66000013 0.66 0.66 0.66 0.57 0.57 0.57 -0.26 -0.26 -0.26 -0.26 -0.25968175 0.04 0.04 0.040000691 0.32995313 0.15001993 0.15000053 0.15001746 0.24982909 0.2499137 1.0060771 1.1699996 1.1666823 0.18 0.18 1.06 1.06 1.06 1.06 0.33 0.33 0.33 0.33 0.2 0.2 0.2 0.36 0.36 0.36 
1.15 1.15 0.73 0.73 0.73 0.73 0.79456247 1.17 1.17 1.17 1.1700276 1.22 1.22 1.22 0.66330021 0.66 0.57059974 0.57 0.57 0.57 -0.26 -0.26 -0.26 -0.26 0.04 0.04 0.04 0.04 0.04 0.15 0.15 0.15 0.15 0.14999903 -0.31 0.18 0.18 0.18 0.18 0.17999747 -0.76 -0.76 -0.76 -0.64610038 -0.41 -0.41 -0.41 0.19999998 0.20000048 0.69 0.69 0.63993188 0.64 
1.15 1.15 0.88159051 0.73 0.73 0.73000001 1.2997693 1.1704097 1.17 1.17 1.2199999 1.22 1.22 1.22 1.22 1.1740019 0.57 0.57 0.57 0.57 -0.25999358 -0.26 -0.26 -0.26 0.04 0.04 0.04 0.04 0.039999999 -0.54461903 0.15 0.15 0.15 -0.31 -0.31 -0.3096195 0.18 0.18 -0.50658979 -1.0399999 -0.76 -0.76 -0.76 -0.64900933 -0.41 -0.41 -0.41 -0.21 0.67878609 0.69 0.69 0.64 0.64 
1.27 1.27 1.27 0.86539284 0.73151821 1.3 1.3 1.3 1.3 0.95 0.95 1.22 1.22 1.22 1.22 1.2199588 0.57 0.57 0.57 0.57 0.10218508 -0.26 -0.26 -0.26287875 -0.35174316 0.04 0.04 0.04 -0.79 -0.79 -0.79 -0.78999605 -0.31 -0.31 -0.31 -0.31 -1.04 -1.04 -1.04 -1.04 -1.59 -1.59 -1.59 -0.82001548 -0.82 -0.82 -0.81999987 -0.21 -0.21 0.6889034 0.69 0.63999546 0.64 
1.27 1.27 1.27 1.2700269 1.77 1.7016543 1.3 1.3 1.3 0.95 0.95 0.95 0.62000003 0.62 0.62 0.62000001 0.56985345 0.57 0.57 0.57 0.55740824 -0.3699997 -0.37 -0.37 -0.37 -0.37000002 -1.17 -1.17 -0.79 -0.79 -0.79 -0.79 -0.31000064 -0.31 -0.31 -0.31007249 -1.04 -1.04 -1.04 -1.0423689 -1.59 -1.59 -1.59 -0.82003571 -0.82 -0.82 -0.82 -0.21 -0.21 -0.21000001 -0.26 -0.26 0.35 
1.27 1.27 1.27 1.7699988 1.77 1.77 1.3000002 1.3 1.3 0.95 0.95 0.95 0.62 0.62 0.62 0.61009926 0.49 0.49 0.49000021 0.56954813 -0.37 -0.37 -0.37 -0.37 -0.37 -0.37060204 -1.17 -1.17 -1.17 -0.79 -0.79 -0.79040551 -1.2 -1.2 -1.2 -1.36 -1.36 -1.58 -1.58 -1.58 -0.44 -1.5896393 -1.5899946 -0.86 -0.86 -0.85848405 -0.81999907 -0.21 -0.21 -0.26 -0.26 -0.26 0.35 
1.27 1.27 1.27 1.77 1.77 1.77 1.77 1.3 1.3 0.95 0.95 0.63319524 0.62 0.62 0.62 0.49 0.49 0.49 0.49 0.49 -0.37 -0.37 -0.37 -0.37 -0.37 -1.1699973 -1.17 -1.17 -1.17 -1.42 -1.42 -1.42 -1.2 -1.2 -1.2 -1.36 -1.36 -1.58 -1.58 -0.44 -0.44 -0.44 -0.86 -0.86 -0.86 -0.86 -0.81481897 -0.31 -0.31 -0.31 -0.25999999 0.31 0.31 
1.27 1.27 1.2706963 1.77 1.77 1.77 1.77 0.5323847 0.47 0.4708241 0.94999998 0.61998241 0.62 0.62 0.61999955 0.49 0.49 0.49 0.49 0.49 0.35888825 -0.37 -0.37 -0.37 -0.37006179 -1.1699719 -1.17 -1.17 -1.17 -1.42 -1.42 -1.42 -1.4199644 -1.2 -1.36 -1.36 -1.36 -1.3600083 -1.5799223 -0.44 -0.44 -0.44 -0.8599745 -0.86 -0.86 -0.86 -0.31000095 -0.31 -0.31 -0.31 0.31 0.31 0.31 
0.09 0.090002062 1.7696777 1.77 1.77 1.77 0.47027663 0.47 0.47 0.47 0.41 0.41 0.41 0.41 0.4896308 0.49 0.49 0.49 0.49 0.39000006 0.39 0.39 -0.66999995 -0.67 -0.67 -0.67 -0.71315643 -1.17 -0.95000901 -0.95 -0.95 -0.95 -0.95 -0.35000001 -0.35 -0.35 -0.35 -0.35 0.14 0.14 0.14 0.14 0.14 -0.40069342 -0.4 -0.4 -0.4 -0.31 -0.31 -0.31 0.30990232 0.31 0.31 
0.09 0.09 0.096279845 0.84000187 0.84000021 0.83963999 0.47 0.47 0.47 0.47 0.41 0.41 0.41 0.41 0.41 0.49 0.49 0.49 0.39000003 0.39 0.39 0.39 -0.67 -0.67 -0.67 -0.67 -0.67 -0.6701061 -0.95035527 -0.95 -0.95 -0.95 -0.95014272 -0.34433098 -0.34999413 -0.35 -0.35 -0.35 0.14 0.14 0.14 0.14 0.14 -0.4 -0.4 -0.4 -0.4 -0.35791424 -0.31 0.39207858 0.4 0.82 0.82 
0.09 0.09 0.839905 0.84 0.84 0.84 0.74602156 0.47 0.47 0.47 0.41 0.41 0.41 0.41 0.41 0.48993372 0.49 0.39002932 0.39 0.39 0.39 0.39 -0.27731613 -0.67 -0.67 -0.67 -0.67 -0.67084933 -1.87 -1.87 -1.87 -1.87 -1.87 -0.34 -0.34 -0.34 -0.34 -0.34 0.14 0.14 0.14 0.14 0.14 -0.39990233 -0.39999998 -0.4 -0.39999322 -0.39906894 0.4 0.4 0.4 0.81999765 0.82 
0.090001124 0.68810745 0.83999998 0.84 0.84 0.84 0.84 0.47015754 0.47 0.47 0.41 0.41 0.41 0.41 -0.098450094 -0.11 -0.11 0.38998713 0.39 0.39 0.39 0.39 0.39000001 -0.67 -0.67 -0.67 -0.67 -0.46000133 -0.46000065 -0.76008226 -1.87 -1.87 -1.87 -0.34 -0.34 -0.34 -0.34 -0.3396749 0.14 0.14 0.14 0.14 0.13998927 -0.36 -0.36 -0.36 -0.36 -0.3599387 0.4 0.4 0.4 0.40000018 0.70176729 
0.7 0.7 0.6962416 0.84 0.84 0.84 0.84 0.84 0.4701557 -0.37999999 -0.38 -0.38 -0.37812517 -0.10999925 -0.11 -0.11 -0.11 -0.11 0.39000384 0.4228232 0.71 0.71 0.71 0.36466013 -0.56355162 0.0060334694 0.4860115 -0.46 -0.46 -0.46 -0.46 -0.46 -0.49368755 0.14976434 0.14 0.14 0.14 0.14 0.11370075 2.5150707e-07 2.1922367e-31 8.6089877e-29 6.0370811e-14 0.39999777 -0.3599998 -0.36 -0.36 0.9 0.40000801 0.4 0.4 0.7 0.7 
0.7 0.7 0.5 0.5 0.5 0.83988674 0.84 0.84 -0.38 -0.38 -0.38 -0.38 -0.38 -0.11000001 -0.11 -0.11 -0.11 -0.11 0.71 0.71 0.71 0.71 0.71 0.66 0.66 0.66 0.66 -0.45999999 -0.46 -0.46 -0.46 -0.46 1.01 1.01 0.14000001 0.14 0.14 0.75989441 0.76 7.664325e-25 2.1936372e-65 4.0923822e-37 6.4479405e-08 0.4 0.4 0.4 0.9 0.9 0.9 1.04 1.04 0.7 0.7 
0.7 0.7 0.5 0.5 0.5 0.5 0.49999588 -0.25 -0.3798776 -0.38 -0.38 -0.38 -0.38 -0.113368 -0.11 -0.11 -0.11 -0.11 0.70999998 0.71 0.71 0.71 0.71 0.66 0.66 0.66 0.66 0.65999549 -0.46 -0.46 -0.46 1.0099229 1.01 1.01 1.01 0.14 0.75999999 0.76 0.76 0.74000298 0.35406356 0.42 0.42 0.4 0.4 0.4 0.9 0.9 0.9 1.04 1.04 1.04 0.87208611 
-0.18 -0.17999309 0.5 0.5 0.5 0.5 -0.25 -0.25 -0.25 -0.38 -0.38 -0.38 -0.38 -0.37991607 -0.11 -0.11 -0.11 -0.11 0.70998586 0.71 0.71 0.71000001 0.6688282 0.66 0.66 0.66 0.66 0.83999985 0.84 0.83999999 -0.44599258 1.01 1.01 1.01 1.0100004 1.41 0.76 0.76 0.76 0.76 0.42 0.42 0.42 0.95 0.95 0.95 1.3499562 0.9 0.9 1.04 1.04 1.04 0.89000098 
-0.18 -0.18 0.5 0.5 0.5 -0.25 -0.25 -0.25 -0.25 -0.36574773 -0.38 -0.38 -0.38 -0.37999712 0.34994706 0.35 0.35 0.35 1.0658579 1.53 1.53 1.53 1.53 0.66 0.66 0.66 0.66001187 0.84 0.84 0.84 0.84 1.0100863 1.2349884 1.41 1.41 1.41 0.75839699 0.33000895 0.33 0.33 0.42012533 0.58 0.58 0.95 0.95 0.95000169 1.35 1.35 1.17 1.17 1.17 1.35 1.24 
-0.18 -0.18 0.44 0.44 0.44 -0.25 -0.25 -0.25 -0.25 -0.31 -0.31 -0.31 -0.31 -0.26348825 0.35 0.35 0.35 0.35 1.05 1.53 1.53 1.53 1.53 0.69 0.68999999 0.66000004 0.84 0.84 0.84 0.84 1.2298319 1.61 1.4337973 1.41 1.41 1.41 0.33 0.33 0.33 0.33 0.58 0.58 0.58 1.1498203 1.15 1.349101 1.35 1.35 1.1700022 1.17 1.35 1.35 1.24 
-0.18 0.44 0.44 0.44 0.44 0.44 -0.2489132 -0.11 -0.11 -0.31 -0.31 -0.31 -0.31 -0.30984369 0.35 0.35 0.35 0.38162822 1.05 1.05 1.53 1.53 0.69 0.69 0.69 0.69 0.84 0.84 0.84 0.84 1.61 1.61 1.61 1.4102024 1.41 1.41 0.33 0.33 0.33 0.33 0.58 0.58 0.58 1.15 1.15 1.1500266 1.62 1.62 1.64 1.64 1.35 1.35 1.24 
0.43417743 0.44 0.44 0.44 0.44 0.44 -0.11 -0.11 -0.11 -0.21704836 -0.31 -0.31 -0.31 -0.30998873 0.35 0.35 0.35 1.05 1.05 1.05 1.529976 1.5299949 0.69 0.69 0.69 0.69 0.83998934 0.84 0.84 1.6098229 1.61 1.61 1.61 1.61 1.4104381 1.38 1.38 1.3618279 0.33 0.33 0.57999978 0.58 1.1334271 1.15 1.15 1.6199998 1.62 1.62 1.64 1.64 1.3 1.3 1.31 
0.44 0.44 0.44 0.44 0.44 0.44 -0.11 -0.11 -0.11 -0.11 0.11998761 0.12 0.12 0.12 0.35000058 0.53589287 0.64 0.64 1.0492442 1.05 1.0500001 0.69000122 0.69 0.69 0.69 0.69 0.69010906 0.84 0.84002632 1.61 1.61 1.61 1.61 1.61 1.38 1.38 1.38 1.38 1.38 1.3799954 1.04 1.04 1.04 1.11 1.11 1.11 1.73 1.73 1.59 1.59 1.3 1.3 1.31 
0.44 0.44 0.44 0.44 0.44 0.44 -0.11 -0.11 -0.11 0.12 0.12 0.12 0.12 0.12 0.25707075 0.64 0.64 0.64 0.64 0.64 0.65957615 0.69 0.69 0.69 0.69 0.70664254 1.2191695 0.89174382 1.6062028 1.61 1.61 1.61 1.61 1.6099995 1.38 1.38 1.38 1.38 1.38 1.2218328 1.04 1.04 1.04 1.11 1.11 1.11 1.73 1.73 1.59 1.59 1 1.2928991 1.31 
0.44 0.44 0.44 0.44 0.44 0.43999984 -0.10999987 -0.11 -0.10045372 0.12 0.12 0.12 0.12 0.12 0.1449424 0.64 0.64 0.64 0.64 0.64 0.64 1.1371493 1.2199993 1.22 1.22 1.22 1.22 1.22 1.141578 1.1400056 1.14 1.14 1.14 1.1400002 1.38 1.38 1.38 1.38 1.38 1.04 1.04 1.04 1.04 1.04 1.110497 1.42 1.73 1.307439 1.5897459 1 1 0.99729774 0.87 
0.44 0.44 0.44 0.44 0.44 0.43996486 -0.10997034 -0.10998608 0.11999971 0.12 0.12 0.12 0.12 0.12 0.12989449 0.64 0.64 0.64 0.64 0.64 0.64 1.22 1.22 1.22 1.22 1.22 1.22 1.22 1.1400221 1.14 1.14 1.14 1.14 1.14 1.20576 1.38 1.38 1.38 1.38 1.04 1.04 1.04 1.04 1.0400973 1.42 1.42 1.4192479 1.3 1.3 1 1 0.87 0.87 
0.44 0.44 0.44 0.44 0.44 0.4392665 -0.10934065 0.094046003 0.12 0.12 0.12 0.12 0.12 0.12 0.12910349 0.64 0.64 0.64 0.64 0.64 0.72258146 1.22 1.22 1.22 1.22 1.22 1.22 1.22 1.1400003 1.14 1.14 1.14 1.14 1.14 1.14 1.2328468 1.0041105 0.87903777 0.85997621 0.96929347 1.04 1.04 1.04 1.4199697 1.42 1.4189852 1.2500002 1.3 1.3 0.72007415 0.72 0.72 0.86999993 
0.44 0.44 0.44 0.44 0.43999944 0.43541332 -0.086261592 0.11993676 0.12 0.12 0.12 0.12 0.12 0.12 0.1321428 0.64 0.64 0.64 0.64 0.64 1.2199975 1.22 1.22 1.22 1.22 1.22 1.22 1.22 1.14 1.14 1.14 1.14 1.14 1.14 1.1399999 0.85 0.85 0.85 0.85 -0.06 -0.06 -0.06 -0.059999999 1.2500005 1.25 1.25 1.25 1.2499979 1.06 1.06 0.72 0.72 0.6636962 
0.44 0.44 0.44 0.43999996 0.43998464 0.42517277 0.10516818 0.119997 0.12 0.12 0.12 0.12 0.12 0.12 0.13765201 0.63999979 0.64 0.64 0.64 0.64349077 1.22 1.22 1.22 1.22 1.22 1.22 1.22 1.22 1.14 1.14 1.14 1.14 1.14 1.14 0.85000027 0.85 0.85 0.85 0.85 -0.06 -0.06 -0.06 -0.06 0.29356337 1.25 1.25 1.25 1.0600021 1.06 1.06 0.64 0.64 0.64 
0.44 0.44 0.43999997 0.43999875 0.43985002 0.39484499 0.11925662 0.11999925 0.12 0.12 0.12 0.12 0.12 0.12000003 0.14511486 0.63998777 0.64 0.64 0.64000066 1.2082483 1.22 1.22 1.22 1.22 1.22 1.22 1.22 1.22 1.1400001 1.14 1.14 1.14 1.14 0.64953209 0.84999988 0.85 0.85 0.85 0.85 -0.06 -0.06 -0.06 -0.06 -0.06 1.25 1.25 1.25 1.06 1.06 1.06 0.64 0.64 0.64 
0.43999999 0.43999996 0.43999948 0.43998531 0.43916015 0.24349771 0.11988381 0.11999954 0.12 0.12 0.12 0.12 0.12 0.12000098 0.15398759 0.63981009 0.63999999 0.64000002 0.64300294 1.2199507 1.22 1.22 1.22 1.22 1.22 1.22 1.22 1.22 1.1400005 1.14 1.1399995 0.52890116 0.47 0.47 0.47 0.85 0.85 0.85 0.85 -0.06 -0.06 -0.06 -0.06 -0.06 1.2499768 1.25 1.2499999 1.06 1.06 1.0599998 0.64 0.64 0.64 
