interpolatedSpi/04-06|19_3.tif
NCOLS 53
NROWS 52
XLLCORNER -116.03883
YLLCORNER 28.596182
DX 0.49850594
DY 0.49788537
NODATA_VALUE -9999
[rows 0 to 33 of 52, columns 0 to 52 of 53]
-0.29666667 -0.29666667 -0.19466096 -0.83333333 -0.78333333 -0.75666667 -1.0933333 -1.36 -1.7642691 -1.2666667 -1.0133333 -0.77333333 -0.98665596 -0.85666667 -1.1466667 -1.1466667 -1.1466667 -0.3 -0.80666667 -0.80666667 -0.80666667 -0.80667418 -1.5866667 -0.86666667 -0.86666667 -0.86666667 -1.0266534 -1.0266667 -1.0266667 -1.5066667 -1.5066667 -1.5066667 -1.5066667 -1.7966666 -1.7966667 -1.7966667 -1.7966667 -1.7966667 -1.7966667 -1.7966666 -0.29945963 -0.28363644 -1.4733333 -1.4733333 -1.4733333 -1.4733333 -1.4734586 -1.55 -1.55 -1.55 -0.90000135 -0.9 -0.9
-0.29667392 -0.46 -0.29333248 -0.32006387 -0.81348578 -0.063333333 0.48666667 -0.76686762 -2.03 -1.5433333 -0.80333333 -0.98666667 -0.98666667 -0.60417807 -0.85666617 -1.1466667 -0.3 -0.3 -0.80600604 -0.80666667 -0.80666667 -0.80666667 -0.88965153 -0.86666667 -0.86666667 -0.86666667 -1.1233333 -1.1233333 -1.5066667 -1.5066667 -1.5066667 -1.5066667 -1.5066667 -1.7966666 -1.7966667 -1.7966667 -1.7966667 -1.7966667 -1.7966665 -1.5731902 -0.51002951 -1.3564403 -1.4733333 -1.4733333 -1.4733333 -1.4733333 -1.4733333 -1.55 -1.55 -1.55 -1.4961014 -0.9 -0.9
0.036643979 0.036666667 0.44333333 0.22 -0.73 -1.41 -0.99666667 -0.62666667 -1.1933333 -1.31 -0.94333333 -1.41 -0.82 -0.99666667 -0.60333333 -1.2666667 -0.3 -0.3 -0.3 -0.91996705 -0.92 -0.92 -1.3033333 -0.86666667 -0.86666667 -0.86666667 -1.1233333 -1.1233333 -1.1233333 -1.5066667 -1.5066667 -1.5066667 -1.750576 -1.7934675 -1.7809364 -0.12215293 -0.10666667 -0.10666667 -0.15739537 -0.51 -0.51 -0.51123186 -1.4733333 -1.4733333 -1.4733333 -1.4733333 -1.4733333 -1.55 -1.55 -1.55 -1.55 -0.9 -0.9
0.13333333 0.03666659 -0.34341912 -0.14666667 -0.65666667 -0.89333333 -0.55333333 -1.4366667 -0.62333333 -0.016467951 -0.96333333 -1.3066667 -1.53 -0.99666667 -1.16 -1.2666667 -1.1078908 -1.1061015 -1.7133333 -0.92 -0.92 -0.96 -1.3033333 -1.3033333 -0.86666667 -0.86666795 -1.1233333 -1.1233333 -1.1233333 -1.7233333 -1.8824499 -2.0133333 -2.0133333 -2.0133318 -0.10666667 -0.10666667 -0.10666667 -0.10666667 -0.51 -0.51 -0.51 -0.51000004 -1.4733333 -1.4733333 -1.4733333 -1.4733333 -1.4733333 -1.549999 -1.55 -1.55 -1.55 -0.90000011 -0.9
0.13333333 -0.44666648 -0.34333333 -0.53532996 -0.65666667 -0.47 -0.81330196 -1.1833333 -1.22 -1.5200001 -1.4725036 -1.4500568 -1.8466667 -1.16 -1.16 -1.2288567 -1.1066667 -1.1066667 -1.7133333 -1.7133333 -0.92000013 -0.96 -1.33 -1.3966667 -1.2 -1.1999992 -1.1233333 -1.1233333 -1.7233333 -1.7233333 -2.0133333 -2.0133333 -2.0133333 -1.9680758 -0.10666667 -0.10666667 -0.10666667 -0.51 -0.51 -0.51 -0.51 -0.5100518 -1.4733333 -1.4733333 -1.4733333 -1.4733333 -1.4733333 -1.4740158 -1.55 -1.549971 -0.90333333 -0.90333333 -0.90333333
-2.0066667 -0.68333333 0.29333334 -0.44333333 0.15 -0.17333333 -0.83 -0.87523679 -1.5033333 -1.1366667 -1.6233333 -1.75 -1.7500001 -2.3566667 -2.3566667 -1.526583 -1.5266667 -1.1933333 -1.1933333 -1.713333 -1.4666667 -1.4666667 -1.3966667 -1.2 -1.2 -1.1966667 -1.3933333 -1.3933333 -1.3233698 -1.7233333 -2.0133333 -2.0133333 -1.7733333 -1.7733466 -1.8999909 -1.69 -1.69 -0.87505994 -0.51 -0.51 -1.0459973 -1.0466667 -1.0466664 -0.24212477 -0.22013852 -0.22000033 -0.22000004 -0.22000048 -0.73904266 -0.90333333 -0.90333333 -0.90333333 -0.90333333
-1.2000081 -0.29 -0.63674931 -0.4 -0.16666667 -0.96666667 -1.5666667 -1.67 -1.54 -1.54 -1.6233333 -1.3233333 -1.4966665 -2.3566667 -1.1800035 -1.18 -1.5266667 -1.2233333 -1.2866667 -1.2866667 -1.4525287 -1.4366667 -1.4366667 -1.3366667 -1.1966667 -1.1966667 -1.3933333 -1.3933333 -1.3233407 -1.3234692 -0.93160467 -1.7733333 -1.7733333 -1.9 -1.9 -1.5338699 -1.69 -1.69 -1.5100062 -1.0466673 -1.0466667 -1.0466667 -1.0466645 -0.22000139 -0.22 -0.22 -0.22 -0.22000028 -0.68333333 -0.90328974 -0.90333333 -0.90333333 -0.90333333
-1.2 -1.9166667 -0.37666667 -1.54 -0.83670699 -1.95 -1.5366667 -1.4033333 -1.6733333 -1.0866667 -1.0866667 -0.73333333 -1.4966667 -1.4966667 -1.1821726 -0.87337849 -0.84333333 -0.84333333 -1.2666667 -1.2866667 -0.80263985 -0.78 -1.0066667 -1.13 -1.1299985 -1.01 -0.78666667 -0.78666688 -1.4495561 -1.45 -0.93 -1.1446352 -1.71 -1.9 -1.8860246 -1.4033333 -1.4033333 -1.51 -1.51 -1.0466667 -1.0466667 -1.0466667 -0.47330363 -0.46999999 -0.22 -0.22 -0.22 -0.6833157 -0.68333333 -0.68333333 -0.90333333 -0.90333333 -0.90333333
-1.7877085 -1.9166667 -0.62666667 -0.1 -0.54 -1.3133333 -1.2633333 -1.2566667 -1.27 -1.0865893 -0.88 -0.36333334 -0.36333333 -0.04 -0.039998746 -1.0726923 -1.0733333 -1.0733333 -0.90795582 -0.28000016 -1.0466667 -1.0466667 -0.75 -0.90551855 -1.0220928 -1.01 -0.77 -0.78666667 -0.99544636 -0.99666667 -0.98666667 -1.0066667 -0.94623116 -1.3266667 -1.41 -1.3733333 -1.4766667 -1.8866667 -0.99041405 -1.0463096 -0.96666667 -0.92666667 -0.47002334 -0.47 -0.46859286 -0.22 -1.1666666 -0.68333334 -0.68333333 -0.68333333 -0.68333333 -0.80289733 0.16666667
-1.0666667 -1.0666667 -0.99 -0.47666667 -0.62 -1.57 -1.1633333 -1.3433333 -0.66333333 -1.0399679 -0.67333333 -1.0833333 -0.04 -0.04 0.093333333 0.077331973 -1.0733333 -1.073159 -0.35333333 -0.28 -0.28 -0.37877238 -0.75 -0.9733291 -0.97333333 -0.97333333 -0.77 -0.55666667 -0.55666667 -0.99666667 -0.99666667 -1.0064391 -0.88666667 -1.3266667 -1.2266667 -1.3733333 -1.4766667 -1.62 -0.99 0.059379195 -0.92666667 -0.81156699 -0.61333333 -0.47 -0.47 -1.1666667 -1.1666667 -1.1666667 -0.68333333 -0.68333333 -0.096666667 -0.096666667 -0.096666568
-1.0666667 -1.0666667 -1.0533333 -1.73 -0.49333333 -0.62 -0.92666666 -1.1634649 -1.4633333 -1.3166667 -0.61 -1.2266667 -1.0835226 0.093333333 0.093333333 0.093334487 0.10333333 0.079365324 -0.35333333 -0.42333333 -0.42333333 0.25 0.25 -0.97333333 -0.97333333 -0.97333333 -0.55666667 -0.55666667 -0.55666667 -1.1666667 -1.1666667 -1.1666662 -0.83666667 -0.83666667 -1.6333333 -1.1033333 -0.62 -1.2133322 -1.2166667 0.076666667 0.076666667 -0.80333271 -0.61333333 -0.47 -0.5933333 -0.58666667 -0.28049969 -0.27666667 0.33 0.33 -0.096666667 -0.096666667 -0.096666667
-1.0666667 -1.061117 -1.3420911 -1.7666478 -0.54333333 -0.47666667 -0.92666667 -1.1633333 -1.4633308 -1.3182916 -1.2266668 -1.2266667 0.22333333 0.093333334 0.093333333 0.10333333 0.10333333 0.10330734 -0.35333333 -0.42333333 -0.29110436 0.25 0.25 -0.97328405 -0.97333333 -0.90649369 -0.77 -0.77 -0.76999997 -1.1666667 -1.1666667 -0.62666667 -0.62666667 -0.83666885 -1.6333333 -0.32333375 -0.69429706 -1.2133333 -1.2133333 0.076666638 -0.80333333 -0.80333333 -0.80333178 -0.59333333 -0.59333333 -0.58666667 -0.27666667 -0.27666667 0.33 0.33 -0.096666667 -0.096666667 -0.096666667
-0.61666667 -0.20524655 -0.1233924 -0.13522377 -0.54333301 -0.47666824 -0.92666665 -1.1604201 -1.4426603 -1.4595035 0.22333333 0.22333333 0.22333333 0.22333333 0.093351749 0.10333333 0.10333333 0.097437039 -0.35333333 -0.42312843 0.28333333 0.28333333 0.28333333 0.28333333 -0.95190735 -0.77 -0.77 -0.77 -0.77 -0.77014841 -0.62666667 -0.62666667 -0.62666667 -0.62666667 -0.32333333 -0.32333333 -0.32333333 -1.1702687 -1.2034945 0.096666667 0.096666667 -0.80328492 0.11997558 -0.59326463 -0.59333333 -0.58666667 -0.27666667 -0.27666667 0.33 0.33 -0.095118766 -0.096666667 -0.32558719
-0.61666667 -0.12333333 -0.12333333 -0.12333333 -0.12333333 -0.12333348 -0.92551474 -1.0386874 -1.3875064 0.22152064 0.22333333 0.22333333 0.22333333 0.22333333 0.22333373 0.10333333 0.10333326 0.072009117 -0.35332491 0.28333333 0.28333333 0.28333333 0.28333333 0.28333333 0.28059105 -0.50541382 -0.47000006 -0.47 -0.47 -0.47 -0.62666666 -0.62666667 -0.62666605 -0.11 -0.11 -0.32333333 0.22433467 0.24 0.09666675 0.096666667 0.096666667 0.096666667 0.12 0.12 0.12 0.11508224 -0.0084877664 -0.0066666667 -0.0066666667 -0.0066666667 -0.0066666606 0.97999978 0.98
1.2633333 -0.12333333 -0.12333333 -0.12333333 -0.12333333 -0.12333333 -0.12333338 -0.61886287 0.76181234 0.77333333 0.77333333 0.77333333 0.77333333 0.77333333 0.77333333 0.83530256 0.11493036 0.040800576 0.28325344 0.28333333 0.28333333 0.28333333 0.28333333 0.28333374 0.15666667 0.15666667 0.15666579 -0.47 -0.47 -0.46873846 0.16 0.16 -0.11 -0.11 -0.11 0.18393397 0.24 0.24 0.24 0.096666667 0.096666667 0.096666667 0.12 0.12 0.12 0.12 -0.0066666542 -0.0066666667 -0.0066666667 -0.0066666667 -0.0066666667 0.98 0.98
1.2633333 0.74709309 -0.12333333 -0.12333333 -0.12333333 -0.12333333 0.28991888 0.29 0.29000001 0.77333333 0.77333333 0.77333333 0.77333333 0.77333333 0.78730511 0.83666667 0.83666667 0.83666667 0.63226795 0.63333298 0.63333333 0.63333333 0.63333333 0.63333333 0.15666667 0.15666667 0.15666667 0.15666667 -0.47 0.16 0.16 0.16 -0.10999998 -0.11 -0.11 0.59333333 0.24046782 0.24 0.24 0.096758588 0.28015803 0.70816688 0.12 0.12 0.74805578 0.75 0.75 -0.0050487319 0.97323036 0.97666658 0.97666648 1.3632752 0.98000078
1.2633333 0.62105931 0.24439345 -0.12333333 -0.12333333 0.28975578 0.29 0.29 0.29 0.29348304 0.77333333 0.77333333 0.77333333 0.77333334 0.83666667 0.83666667 0.83666667 0.83666667 0.63351497 0.63333333 0.63333333 0.63333333 0.63333333 0.63333333 0.15666668 0.15666667 0.15666667 0.15666667 0.1566788 0.16 0.16 0.16 0.75333332 -0.10990762 0.59333333 0.59333333 0.59333333 0.59601853 0.68025044 0.71 0.71 0.71 1.1 1.1 0.75 0.75 0.75 0.97666666 0.97666667 0.97666667 0.97666667 1.3633333 1.3633333
0.60389382 0.60333333 0.60333333 0.60333333 0.25333333 0.28999905 0.29 0.29 0.29 0.29 0.78065161 0.77333459 0.77333334 0.83666667 0.83666667 0.83666667 0.83666667 0.83666667 0.80704859 0.63333333 0.63333333 0.63333333 0.63333333 0.63333333 0.73004951 1.2499941 1.25 1.25 1.25 0.16000003 0.75333332 0.75333333 0.75333333 0.75333333 0.59333333 0.59333983 0.84 0.84 0.71162324 0.71 0.71 0.71 1.1 1.1 0.80419205 0.75 0.75 0.97666667 0.97666667 0.97666667 0.98081274 1.3633333 1.3633333
0.60333333 0.60333333 0.60333333 0.43851311 0.25333333 0.25333333 0.29 0.29 0.29 0.29 0.87 0.87 0.87 0.83666667 0.83666667 0.83666667 0.83666667 0.83667218 0.62 0.62 0.63333333 0.63333333 0.63739097 0.8 0.80405115 1.25 1.25 1.25 1.25 0.75338391 0.75333333 0.75333333 0.75333333 0.75333333 0.83999913 0.84 0.84 0.84 0.83958302 0.71 0.71 0.71 1.1 1.1 1.1 0.75 0.75 0.97666667 0.97666667 0.97666667 1.3633333 1.3633333 1.3633333
0.60333333 0.60333333 0.60333333 0.25333333 0.25333333 0.25333333 0.25333339 0.29 0.29 0.86940127 0.87 0.87 0.87 0.86997923 0.86364741 0.87 0.87 0.87 0.62 0.62 0.62 0.8 0.8 0.8 0.80001868 1.0489323 1.25 1.25 1.25 1.3204841 1.4365995 1.4366667 1.4366667 1.4366667 1.1314464 1.5399984 1.54 1.54 1.54 2.0064892 2.0066667 2.0066667 1.1 1.1 1.7299974 1.7299998 1.14 1.14 1.2333333 1.2333333 1.2333333 1.3633333 1.0969051
0.60333605 0.60333333 0.60333332 0.25333333 0.25333333 0.25333333 0.25333334 0.81666651 0.29210582 0.86999698 0.87 0.87 0.87 0.87 0.87 0.87 0.87 0.86999993 0.62 0.62 0.62 0.8 0.8 0.8 0.86666667 0.86666667 1.37 1.37 1.37 1.3703637 1.4366667 1.4366667 1.4366667 1.4366667 1.488305 1.54 1.54 1.54 1.54 2.0066667 2.0066667 2.0066667 1.9979617 1.73 1.73 1.73 1.14 1.14 1.2333333 1.2333333 1.2333333 1.0966667 1.0966667
1.48 1.0759918 1.0366667 1.0364394 0.25333333 0.81340724 0.81666667 0.81666667 0.95634514 0.86666667 0.86666667 0.86666667 0.86666667 1.0599937 1.06 0.87000015 0.87 0.86341287 0.62 0.62 0.62 0.37 0.37 0.37 0.86666667 0.86666667 1.37 1.37 1.37 1.3699999 1.2533345 1.2533338 1.4320589 1.4364701 1.7496404 1.75 1.75 1.75 1.75 2.0066667 2.0066667 2.0066667 1.7452338 1.73 1.73 1.7299998 1.14 1.14 1.1400034 1.2333333 1.2333031 0.55666667 1.0966667
1.4866654 1.4866666 1.0366667 1.0366667 1.0366667 0.81666667 0.81666667 0.81666667 1.2 1.2 0.86666667 0.86666667 0.86666667 1.06 1.06 1.06 1.06 1.0599504 0.62 0.62 0.61999999 0.37 0.37 0.37 0.86666667 0.86666667 1.37 1.37 1.37 1.2546488 1.2533333 1.2533333 1.2533333 1.2533333 1.7497549 1.75 1.75 1.75 1.75 1.5633334 1.5633333 1.5633333 1.5633333 1.729993 0.81666667 0.81666667 0.81666667 0.72 0.72 0.72 0.55666667 0.55666667 0.55666667
1.4866667 1.4866667 1.0366667 1.0366667 1.0366667 0.81782303 0.81666667 1.2 1.2 1.2 0.8667077 0.86666667 1.1662791 1.06 1.06 1.06 1.06 1.0466667 1.0466667 1.0466667 0.74999999 0.74999972 0.37000185 0.37 0.37062954 1.1966667 1.1966667 1.1966671 1.369972 1.4799548 1.4799988 1.4799604 1.2537207 1.2535289 1.6616872 1.7499996 1.7467717 0.78666667 0.78666667 1.5633333 1.5633333 1.5633333 1.5633333 0.81666667 0.81666667 0.81666667 0.81666667 0.72 0.72 0.72 0.55666667 0.55666667 0.55666667
1.4866667 1.4866667 1.0366667 1.0366667 1.0366667 1.0366667 0.96013714 1.2 1.2 1.2 1.2000184 1.2333333 1.2333333 1.2333333 1.0610215 1.06 1.0467555 1.0466667 1.0466667 1.0466667 0.75 0.75 0.75 0.75 1.1966667 1.1966667 1.1966667 1.1966667 1.1966667 1.48 1.48 1.48 1.48 1.4799994 1.1766667 0.78666667 0.78666667 0.78666667 0.78666667 0.78666527 0.22333333 0.22333333 0.22333333 0.3079431 0.48333333 0.48333333 0.48333333 0.71999999 0.72000046 1.1966667 1.1966667 1.5864161 1.5866667
1.4866667 1.4866667 1.1990851 1.0366667 1.0366667 1.0366667 1.6625111 1.2014602 1.2 1.2 1.2333334 1.2333333 1.2333333 1.2333333 1.2333333 1.219098 1.0466667 1.0466667 1.0466667 1.0466667 0.75000229 0.75 0.75 0.75 1.1966667 1.1966667 1.1966667 1.1966667 1.1966667 0.76813865 1.48 1.48 1.48 1.1766667 1.1766667 1.1763638 0.78666667 0.78666667 0.70037396 0.63333334 0.22333333 0.22333333 0.22333333 0.30838588 0.48333333 0.48333333 0.48333333 1.3833333 1.1989925 1.1966667 1.1966667 1.5866667 1.5866667
2.0866667 2.0866667 2.0866667 1.2999305 1.038162 1.6633333 1.6633333 1.6633333 1.6633333 1.7166667 1.7166667 1.2333334 1.2333333 1.2333333 1.2333333 1.2333215 1.0466667 1.0466667 1.0466667 1.0466667 0.87945571 0.75 0.75 0.74720849 0.66797264 1.1966667 1.1966667 1.1966667 0.51666667 0.51666667 0.51666667 0.51667071 1.1766667 1.1766667 1.1766667 1.1766667 0.63333333 0.63333333 0.63333333 0.63333333 0.48666667 0.48666667 0.48666667 0.91332476 0.91333333 0.91333333 0.9133332 1.3833333 1.3833333 1.1968941 1.1966667 1.5866657 1.5866667
2.0866667 2.0866667 2.0866667 2.0866652 2.06 2.0023181 1.6633333 1.6633333 1.6633333 1.7166667 1.7166667 1.7166667 1.7733333 1.7733333 1.7733333 1.7733333 1.0481565 1.0466667 1.0466667 1.0466667 1.0421623 0.64333363 0.64333333 0.64333333 0.64333333 0.64333332 -0.11999999 -0.12 0.51666667 0.51666667 0.51666667 0.51666667 1.1766664 1.1766667 1.1766667 1.1766398 0.63333334 0.63333333 0.63333333 0.63437155 0.48666667 0.48666667 0.48666667 0.91331355 0.91333333 0.91333333 0.91333333 1.3833333 1.3833333 1.3833333 1.4 1.4 1.52
2.0866667 2.0866667 2.0866667 2.0600001 2.06 2.06 1.6633335 1.6633333 1.6633333 1.7166667 1.7166667 1.7166667 1.7733333 1.7733333 1.7733333 1.7799338 1.86 1.86 1.8599979 1.0512606 0.64333333 0.64333333 0.64333333 0.64333333 0.64333333 0.64275888 -0.12 -0.12 -0.12 0.51666667 0.51666667 0.51658514 0.84666667 0.84666667 0.84666667 0.76333333 0.76333333 0.87 0.87 0.87 1.36 0.48694061 0.48667348 1.4 1.4 1.3815559 0.91333542 1.3833333 1.3833333 1.4 1.4 1.4 1.52
2.0866667 2.0866667 2.0866667 2.06 2.06 2.06 2.06 1.6633333 1.6633333 1.7166667 1.7166667 1.7710675 1.7733333 1.7733333 1.7733333 1.86 1.86 1.86 1.86 1.86 0.64333333 0.64333333 0.64333333 0.64333333 0.64333333 -0.1199974 -0.12 -0.12 -0.12 0.39 0.39 0.39 0.84666667 0.84666667 0.84666667 0.76333333 0.76333333 0.87 0.87 1.36 1.36 1.36 1.4 1.4 1.4 1.4 1.3901423 1.28 1.28 1.28 1.4 1.36 1.36
2.0866667 2.0866667 2.0866295 2.06 2.06 2.06 2.06 2.0980805 2.1 2.0993419 1.7166667 1.7733518 1.7733333 1.7733333 1.7733336 1.86 1.86 1.86 1.86 1.86 1.6375655 0.64333333 0.64333333 0.64333333 0.64325438 -0.11997862 -0.12 -0.12 -0.12 0.39 0.39 0.39 0.39006734 0.84666667 0.76333333 0.76333333 0.76333333 0.76333796 0.87003342 1.36 1.36 1.36 1.3999976 1.4 1.4 1.4 1.279997 1.28 1.28 1.28 1.36 1.36 1.36
1.6433333 1.6433341 2.0599993 2.06 2.06 2.06 2.0999915 2.1 2.1 2.1 1.9933333 1.9933333 1.9933333 1.9933333 1.8606154 1.86 1.86 1.86 1.86 1.6800001 1.68 1.68 0.26000006 0.26 0.26 0.26 0.22720111 -0.12 0.56330535 0.56333333 0.56333333 0.56333333 0.56333333 1.0966667 1.0966667 1.0966667 1.0966667 1.0966667 1.5466667 1.5466667 1.5466667 1.5466667 1.5466667 0.98396143 0.98333333 0.98333333 0.98333333 1.28 1.28 1.28 1.3599874 1.36 1.36
1.6433333 1.6433333 1.6447847 1.8166672 1.8166667 1.816943 2.1 2.1 2.1 2.1 1.9933333 1.9933333 1.9933333 1.9933333 1.9933333 1.86 1.86 1.86 1.68 1.68 1.68 1.68 0.26 0.26 0.26 0.26 0.26 0.2599199 0.56342086 0.56333333 0.56333333 0.56333333 0.5633685 1.221385 1.0967958 1.0966667 1.0966667 1.0966667 1.5466667 1.5466667 1.5466667 1.5466667 1.5466667 0.98333333 0.98333333 0.98333333 0.98333333 1.1220605 1.28 1.141562 1.14 1.1966667 1.1966667
1.6433333 1.6433333 1.8166447 1.8166667 1.8166667 1.8166667 1.8886321 2.1 2.1 2.1 1.9933333 1.9933333 1.9933333 1.9933333 1.9933333 1.8600949 1.86 1.6800528 1.68 1.68 1.68 1.68 0.7860482 0.26 0.26 0.26 0.26 0.26037541 0.79 0.79 0.79 0.79 0.79 1.3166667 1.3166667 1.3166667 1.3166667 1.3166667 1.7833333 1.7833333 1.7833333 1.7833333 1.7833333 0.98369144 0.98333341 0.98333333 0.98335819 0.98634735 1.14 1.14 1.14 1.1966663 1.1966667
