interpolatedSpi/04-05|22_3.tif
NCOLS 53
NROWS 52
XLLCORNER -116.03883
YLLCORNER 28.596182
DX 0.49850594
DY 0.49788537
NODATA_VALUE -9999
0.475 0.475 0.24097009 0.265 1.12 0.62 0.675 0.825 0.17451654 -0.525 -0.31 -0.285 -0.21496706 0.185 0.08 0.08 0.08 0.165 -0.16 -0.16 -0.16 -0.16000968 -1.165 -5.0404033e-14 4.1632842e-25 1.4402494e-17 0.88498859 0.885 0.885 0.415 0.415 0.415 0.415 1.5099998 1.51 1.51 1.51 1.51 1.51 1.51 0.65916566 0.64993555 0.395 0.395 0.395 0.395 0.39432216 -0.02 -0.02 -0.02 2.1099956 2.11 2.11 
0.47492669 -1.175 0.0099999426 0.096606923 0.080261729 0.77 0.69 0.34498565 -0.295 -0.535 -0.24 -0.215 -0.215 0.03550017 0.18499726 0.08 0.165 0.165 -0.15957624 -0.16 -0.16 -0.16 0.022897135 2.8171221e-27 8.2176235e-44 2.3337127e-24 0.89999994 0.9 0.415 0.415 0.415 0.415 0.415 1.5099998 1.51 1.51 1.51 1.51 1.51 1.6496443 2.3899291 0.63707711 0.395 0.395 0.395 0.395 0.395 -0.02 -0.02 -0.02 0.15662164 2.11 2.11 
0.18998542 0.19 -0.04 0.555 -0.365 -0.61 -0.04 -0.25 -0.865 -0.36 -0.335 -0.215 0.035 0.23 0.035 -0.965 0.165 0.165 0.165 -0.2999593 -0.3 -0.3 0.435 1.5573509e-18 8.24877e-66 3.4116399e-21 0.9 0.9 0.9 0.415 0.415 0.41500003 0.73994504 1.5103217 1.5131647 1.8468844 1.85 1.85 1.9179178 2.39 2.39 2.3874489 0.395 0.395 0.395 0.395 0.395 -0.02 -0.02 -0.02 -0.019999996 2.11 2.11 
-0.505 0.18999985 -0.52998392 0.98 -0.8 -0.405 -0.06 -0.655 -0.47 0.28239859 -0.1 -0.385 -0.405 0.23 -0.9 -0.965 -0.96003825 -0.95921176 -0.26 -0.3 -0.3 -0.275 0.435 0.435 1.9438753e-11 4.4950325e-06 0.9 0.9 0.9 0.37 0.76504796 1.09 1.09 1.0900006 1.85 1.85 1.85 1.85 2.39 2.39 2.39 2.3899999 0.395 0.395 0.395 0.395 0.395 -0.019994765 -0.02 -0.02 -0.02 2.109974 2.11 
-0.505 0.13999877 -0.53 -0.53874002 -0.8 -0.61 0.24996572 7.9995734e-24 -0.26 0.21999967 -0.17853701 -0.36501432 -0.465 -0.9 -0.9 -0.94341283 -0.96 -0.96 -0.26 -0.26 -0.29999994 -0.275 -0.065 0.435 0.915 0.91490528 0.9 0.9 0.37 0.37 1.09 1.09 1.09 1.0249424 1.85 1.85 1.85 2.39 2.39 2.39 2.39 2.3900309 0.39500003 0.395 0.395 0.395 0.395 0.39130599 -0.02 -0.019940139 1.315 1.315 1.315 
-2.7 -0.825 -0.57999998 0.135 -1.25 -0.395 -0.71 -0.61909967 0.005 -0.39 -0.46 -0.515 -0.51499997 -0.6 -0.6 -0.95980444 -0.96 -0.36 -0.36 -0.25999973 -0.195 -0.195 0.435 0.915 0.915 0.51 0.67 0.67 0.81495901 0.37 1.09 1.09 0.745 0.74508516 1.5599418 2.065 2.065 2.2894538 2.39 2.39 2.7096009 2.71 2.7100015 2.0453434 2.0748143 2.0749996 2.0749999 2.0749994 1.7787327 1.315 1.315 1.315 1.315 
-0.74001718 -2.405 -2.1547995 -1.15 -0.665 -1.425 -1.045 -1.415 -1.02 -1.02 -0.46 -0.165 -0.67999982 -0.6 -0.15000135 -0.15 -0.96 0.155 0.045 0.045 -0.33166682 -0.485 -0.485 0.36000001 0.51 0.51 0.67 0.67 0.81497465 0.81453328 1.5862667 0.745 0.745 1.56 1.56 2.13308 2.065 2.065 2.6799787 2.71 2.71 2.71 2.7100081 2.0750033 2.075 2.075 2.075 2.0749999 1.92 1.3151199 1.315 1.315 1.315 
-0.74 -0.14 -1.115 -2.7 -2.3550198 -1.555 -1.99 -1.675 -1.315 -1.13 -1.13 -0.015 -0.68 -0.68 -0.15363629 -0.44144223 -0.47 0.15 -0.59999934 0.045 0.11854515 0.22 -0.765 0.0049999967 0.0050008384 0.07 0.81 0.80999995 0.3815243 0.38000003 1.59 0.25258504 0.745 1.56 1.5736902 2.19 2.19 2.68 2.68 2.71 2.71 2.71 2.6759012 2.675 2.075 2.075 2.075 1.9200059 1.92 1.92 1.315 1.315 1.315 
-0.35543607 -0.14 0.345 -1.555 -2.03 -2.115 -1.75 -0.995 -1.015 -0.73589684 -0.425 -0.11000001 -0.11 0.065 0.064991537 -0.20573858 -0.205 -0.205 0.035511352 -0.4950001 -0.975 -0.97499999 0.58 -0.23495761 0.063449716 0.07 0.69 0.81 1.6848863 1.69 0.115 1.45 1.1981712 1.07 2.04 2.035 2.915 2.07 2.9545913 2.7128345 3.345 2.815 2.6749788 2.675 2.6716229 2.075 1.71 1.92 1.92 1.92 1.92 1.407758 1.185 
-1.56 -1.56 0.095 -0.965 -2.03 -2.265 -1.975 -2.105 -1.14 -0.66519019 -0.81 0.285 0.065 0.065 -0.835 -0.82635927 -0.205 -0.20510676 -0.7 -0.495 -0.495 -0.55684011 0.58 0.56000038 0.56 0.56 0.69 1.035 1.035 1.69 1.69 1.4490517 0.95 1.07 2.225 2.035 2.915 2.455 2.955 2.1581276 2.815 2.7158184 2.545 2.675 2.675 1.71 1.71 1.71 1.92 1.92 2.06 2.06 2.0599997 
-1.56 -1.56 -0.16 -0.795 -1.685 -1.585 -2.25 -0.89072186 -1.45 -1.03 -1.095 -1.375 0.28278973 -0.835 -0.835 -0.83495443 -0.44 -0.45364602 -0.7 -0.22 -0.22 -0.395 -0.395 0.56 0.56 0.56 1.035 1.035 1.035 0.685 0.685 0.68500044 2.03 2.03 1.695 1.85 3.07 2.160002 2.765 2.145 2.145 2.1300014 2.545 2.675 2.2700003 2.565 2.5762531 2.58 2.9 2.9 2.06 2.06 2.06 
-1.56 -0.95560372 -0.43097715 -1.014987 -0.23 -2.095 -2.25 -0.89 -1.4499953 -1.0346531 -1.3749996 -1.375 -1.105 -0.835 -0.835 -0.44000001 -0.44 -0.4400148 -0.7 -0.22 -0.25436644 -0.395 -0.395 0.55996187 0.56 0.82461925 1.365 1.365 1.365 0.685 0.685 0.91 0.91 2.0299991 1.695 2.5299999 2.9625625 2.16 2.16 2.145 2.13 2.13 2.1300011 2.27 2.27 2.565 2.58 2.58 2.9 2.9 2.06 2.06 2.06 
-0.14 -0.16808977 -0.16002299 -0.16618504 -0.23000965 -2.094956 -2.25 -0.90674083 -1.4114103 -1.4390327 -1.105 -1.105 -1.105 -1.105 -0.83503825 -0.44 -0.44 -0.44335701 -0.7 -0.21995675 -0.06 -0.06 -0.06 -0.06 0.550195 1.365 1.365 1.365 1.365 1.3646891 0.91 0.91 0.91 0.91 2.53 2.53 2.53 2.1781202 2.1596996 2.12 2.12 2.1299995 2.1600038 2.2699894 2.27 2.565 2.58 2.58 2.9 2.9 2.0630474 2.06 2.3787705 
-0.14 -0.16 -0.16 -0.16 -0.16 -0.1600008 -2.249603 -1.6065713 -1.3084564 -1.105361 -1.105 -1.105 -1.105 -1.105 -1.1049996 -0.44000001 -0.44000004 -0.45783423 -0.6999943 -0.06 -0.06 -0.06 -0.06 -0.06 -0.034378448 1.5240882 1.6749999 1.675 1.675 1.675 0.91 0.91 0.91000052 1.345 1.345 2.53 2.3598664 2.355 2.1200001 2.12 2.12 2.12 2.16 2.16 2.16 2.1628184 2.3018187 2.3 2.3 2.3 2.3 2.015 2.015 
0.32 -0.16 -0.16 -0.16 -0.16 -0.16 -0.16000013 -1.4316827 -0.59831716 -0.595 -0.595 -0.595 -0.595 -0.595 -0.595 0.44844067 -0.42558187 -0.47560247 -0.06008038 -0.06 -0.06 -0.06 -0.06 -0.059998848 1.125 1.125 1.1250008 1.675 1.675 1.6736383 0.995 0.995 1.345 1.345 1.345 2.1932088 2.355 2.355 2.355 2.12 2.12 2.12 2.16 2.16 2.16 2.16 2.3 2.3 2.3 2.3 2.3 2.015 2.015 
0.32 0.14130145 -0.16 -0.16 -0.16 -0.16 -0.18499509 -0.185 -0.18500001 -0.595 -0.595 -0.595 -0.595 -0.595 -0.36005355 0.47 0.47 0.47 0.92698485 0.92999899 0.93 0.93 0.93 0.93 1.125 1.125 1.125 1.125 1.675 0.995 0.995 0.995 1.345 1.345 1.345 1.895 2.3543909 2.355 2.355 2.1198271 1.7744578 0.96845204 2.16 2.16 0.90388843 0.9 0.9 2.2974486 0.75541655 0.75000014 0.75000029 1.2451164 2.0149984 
0.32 -0.22982536 -0.20301391 -0.16 -0.16 -0.18498523 -0.185 -0.185 -0.185 -0.18795458 -0.595 -0.595 -0.595 -0.59499987 0.47 0.47 0.47 0.47 0.92958909 0.93 0.93 0.93 0.93 0.93 1.125 1.125 1.125 1.125 1.1245271 0.995 0.995 0.995 0.82 1.3450433 1.895 1.895 1.895 1.8873944 1.0530024 0.965 0.965 0.965 0.72 0.72 0.9 0.9 0.9 0.75 0.75 0.75 0.75 1.245 1.245 
-0.24441113 -0.245 -0.245 -0.245 -0.545 -0.18500929 -0.185 -0.185 -0.185 -0.185 -0.53481184 -0.59498964 -0.59499998 0.47 0.47 0.47 0.47 0.47 0.51205876 0.93 0.93 0.93 0.93 0.93 0.62728289 -0.0099938501 -0.01 -0.01 -0.01 0.99499999 0.82 0.82 0.82 0.82 1.895 1.8949817 1.2 1.2 0.96793433 0.965 0.965 0.965 0.72 0.72 0.8721298 0.9 0.9 0.75 0.75 0.75 0.75530769 1.245 1.245 
-0.245 -0.245 -0.245 -0.38627448 -0.545 -0.545 -0.185 -0.185 -0.185 -0.185 0.2 0.2 0.2 0.47 0.47 0.47 0.47 0.47003305 0.565 0.565 0.92999985 0.93 0.91587944 0.35 0.34675907 -0.01 -0.01 -0.01 -0.01 0.81991549 0.82 0.82 0.82 0.82 1.2000024 1.2 1.2 1.2 1.1991255 0.965 0.965 0.965 0.72 0.72 0.72 0.9 0.9 0.75 0.75 0.75 1.245 1.245 1.245 
-0.245 -0.245 -0.245 -0.545 -0.545 -0.545 -0.54499945 -0.185 -0.185 0.19960257 0.2 0.2 0.2 0.20016823 0.63188448 0.67 0.67 0.67 0.565 0.565 0.565 0.35 0.35 0.35 0.34983192 -0.13588583 -0.01 -0.01 -0.010000003 0.093298974 -0.049914432 -0.05 -0.05 -0.05 0.8516372 0.3650019 0.365 0.365 0.365 -0.10485359 -0.105 -0.105 0.72 0.72 0.41500127 0.415 0.42 0.42 0.43 0.43 0.43 1.245 0.50566165 
-0.24500095 -0.245 -0.24500001 -0.545 -0.545 -0.545 -0.54500001 -1.1149997 -0.1887185 0.19918843 0.2 0.2 0.2 0.20092227 0.67 0.67 0.67 0.66999997 0.565 0.565 0.565 0.35 0.35 0.35 -0.25 -0.25 -0.69499999 -0.695 -0.695 -0.69148132 -0.05 -0.05 -0.05 -0.05 0.1573859 0.365 0.365 0.365 0.365 -0.105 -0.105 -0.105 -0.088638811 0.415 0.415 0.415 0.42 0.42 0.43 0.43 0.43 0.505 0.505 
-0.55 -0.42280045 -1.09 -1.0898419 -0.545 -1.111702 -1.115 -1.115 -1.1058905 -0.69500001 -0.695 -0.695 -0.695 0.39996435 0.4 0.66999979 0.67 0.6672334 0.565 0.565 0.565 -0.645 -0.645 -0.645 -0.25 -0.25 -0.695 -0.695 -0.695 -0.6949998 -0.41499768 -0.41499897 -0.059173727 -0.050391305 -0.63432692 -0.635 -0.635 -0.635 -0.635 -0.105 -0.105 -0.105 0.38636677 0.415 0.415 0.41499992 0.42 0.42 0.42000036 0.43 0.42999173 0.245 0.505 
-0.5000095 -0.5000001 -1.09 -1.09 -1.09 -1.115 -1.115 -1.115 -1.09 -1.09 -0.695 -0.695 -0.695 0.4 0.4 0.4 0.4 0.40001934 0.565 0.565 0.56499995 -0.645 -0.645 -0.645 -0.25 -0.25 -0.695 -0.695 -0.695 -0.41815702 -0.415 -0.415 -0.415 -0.415 -0.63489144 -0.635 -0.635 -0.635 -0.635 -0.70499984 -0.705 -0.705 -0.705 0.41499662 -0.025 -0.025 -0.025 0.38 0.38 0.38 0.245 0.245 0.245 
-0.5 -0.5 -1.09 -1.09 -1.09 -1.1148686 -1.115 -1.09 -1.09 -1.09 -0.69504862 -0.695 -0.59285941 0.39999978 0.4 0.4 0.4 -0.315 -0.315 -0.315 -0.795 -0.79499989 -0.64500073 -0.645 -0.64503731 -0.895 -0.895 -0.89499952 -0.69503232 -0.60496214 -0.60499899 -0.60496683 -0.41532473 -0.41516397 -0.59594177 -0.63500021 -0.63685993 -1.19 -1.19 -0.705 -0.705 -0.705 -0.705 -0.025 -0.025 -0.025 -0.025 0.38 0.38 0.38 0.245 0.245 0.245 
-0.5 -0.5 -1.09 -1.09 -1.09 -1.09 -1.1056432 -1.09 -1.09 -1.09 -1.0897128 -0.57 -0.57 -0.57 0.39428357 0.4 -0.31023542 -0.315 -0.315 -0.315 -0.795 -0.795 -0.795 -0.795 -0.895 -0.895 -0.895 -0.895 -0.895 -0.605 -0.605 -0.605 -0.605 -0.60500073 -0.95 -1.19 -1.19 -1.19 -1.19 -1.1899972 -0.385 -0.385 -0.385 -0.18487197 0.23 0.23 0.23 0.38 0.37999969 0.06 0.06 0.42995499 0.43 
-0.5 -0.5 -0.87705143 -1.09 -1.09 -1.09 -1.3944588 -1.0909612 -1.09 -1.09 -0.5700001 -0.57 -0.57 -0.57 -0.57 -0.49045429 -0.315 -0.315 -0.315 -0.315 -0.79499629 -0.795 -0.795 -0.795 -0.895 -0.895 -0.895 -0.895 -0.895 -1.1001008 -0.605 -0.605 -0.605 -0.95 -0.95 -0.95018637 -1.19 -1.19 -0.81575229 -0.52500006 -0.385 -0.385 -0.385 -0.18875988 0.23 0.23 0.23 -0.12 0.057757218 0.06 0.06 0.43 0.43 
-0.915 -0.915 -0.915 -1.0461227 -1.0900358 -1.395 -1.395 -1.395 -1.395 -1.05 -1.05 -0.57000003 -0.57 -0.57 -0.57 -0.56998386 -0.315 -0.315 -0.315 -0.315 -0.58554357 -0.795 -0.795 -0.79853301 -0.92844149 -0.895 -0.895 -0.895 -1.275 -1.275 -1.275 -1.2749972 -0.95 -0.95 -0.95 -0.95 -0.525 -0.525 -0.525 -0.525 0.075 0.075 0.075 -0.14999548 -0.15 -0.15 -0.14999988 -0.12 -0.12 0.05978068 0.06 0.42999962 0.43 
-0.915 -0.915 -0.915 -0.9150105 -1.11 -1.1514437 -1.395 -1.395 -1.395 -1.05 -1.05 -1.05 -1.025 -1.025 -1.025 -1.025 -0.31612657 -0.315 -0.315 -0.315 -0.32228588 -0.92999963 -0.93 -0.93 -0.93 -0.93 -0.97 -0.97 -1.275 -1.275 -1.275 -1.275 -0.95000004 -0.95 -0.95 -0.95000489 -0.52499999 -0.525 -0.525 -0.52381556 0.075 0.075 0.075 -0.14998957 -0.15 -0.15 -0.15 -0.12 -0.12 -0.11999994 0.355 0.355 0.265 
-0.915 -0.915 -0.915 -1.1099996 -1.11 -1.11 -1.3949999 -1.395 -1.395 -1.05 -1.05 -1.05 -1.025 -1.025 -1.025 -1.0177648 -0.93 -0.93 -0.92999841 -0.31847369 -0.93 -0.93 -0.93 -0.93 -0.93 -0.9300301 -0.97 -0.97 -0.97 -1.275 -1.275 -1.2750965 -1.01 -1.01 -1.01 -0.535 -0.535 -0.255 -0.255 -0.255 0.18 0.075032935 0.075000485 0.14 0.14 0.12900933 -0.14999918 -0.12 -0.12 0.355 0.355 0.355 0.265 
-0.915 -0.915 -0.915 -1.11 -1.11 -1.11 -1.11 -1.395 -1.395 -1.05 -1.05 -1.0259996 -1.025 -1.025 -1.025 -0.93 -0.93 -0.93 -0.93 -0.93 -0.93 -0.93 -0.93 -0.93 -0.93 -0.96999986 -0.97 -0.97 -0.97 -1.425 -1.425 -1.425 -1.01 -1.01 -1.01 -0.535 -0.535 -0.255 -0.255 0.18 0.18 0.18 0.14 0.14 0.14 0.14 0.19257429 0.78 0.78 0.78 0.35500001 0.82 0.82 
-0.915 -0.915 -0.91527155 -1.11 -1.11 -1.11 -1.11 -1.4812846 -1.5 -1.4992274 -1.05 -1.0250101 -1.025 -1.025 -1.0249997 -0.93 -0.93 -0.93 -0.93 -0.93 -0.69025369 -0.93 -0.93 -0.93 -0.92991864 -0.96997553 -0.97 -0.97 -0.97 -1.425 -1.425 -1.425 -1.4249391 -1.01 -0.535 -0.535 -0.535 -0.53498841 -0.25497033 0.18 0.18 0.18 0.14000243 0.14 0.14 0.14 0.77999999 0.78 0.78 0.78 0.82 0.82 0.82 
-1.535 -1.5349989 -1.1099124 -1.11 -1.11 -1.11 -1.499917 -1.5 -1.5 -1.5 -1.145 -1.145 -1.145 -1.145 -0.93099229 -0.93 -0.93 -0.93 -0.93 -0.68000015 -0.68 -0.68 -0.53500007 -0.535 -0.535 -0.535 -0.5725461 -0.97 -1.3049863 -1.305 -1.305 -1.305 -1.305 -0.435 -0.435 -0.435 -0.435 -0.435 0.47 0.47 0.47 0.47 0.47 0.78402771 0.785 0.785 0.785 0.78 0.78 0.78 0.8199937 0.82 0.82 
-1.535 -1.535 -1.5324044 -1.2249998 -1.225 -1.225268 -1.5 -1.5 -1.5 -1.5 -1.145 -1.145 -1.145 -1.145 -1.145 -0.93 -0.93 -0.93 -0.68000006 -0.68 -0.68 -0.68 -0.535 -0.535 -0.535 -0.535 -0.535 -0.53509282 -1.3049768 -1.305 -1.305 -1.305 -1.3049907 -0.34429574 -0.43490608 -0.435 -0.435 -0.435 0.47 0.47 0.47 0.47 0.47 0.785 0.785 0.785 0.785 0.7826619 0.78 1.0420434 1.045 0.775 0.775 
-1.535 -1.535 -1.2250393 -1.225 -1.225 -1.225 -1.2948488 -1.5 -1.5 -1.5 -1.145 -1.145 -1.145 -1.145 -1.145 -0.93016589 -0.93 -0.6800733 -0.68 -0.68 -0.68 -0.68 -0.58871619 -0.535 -0.535 -0.535 -0.535 -0.53550269 -1.245 -1.245 -1.245 -1.245 -1.245 -0.275 -0.275 -0.275 -0.275 -0.275 0.23 0.23 0.23 0.23 0.23 0.78556158 0.78500012 0.785 0.78503899 0.78972859 1.045 1.045 1.045 0.77500151 0.775 
-1.5349998 -1.4271446 -1.225 -1.225 -1.225 -1.225 -1.225 -1.4998829 -1.5 -1.5 -1.145 -1.145 -1.145 -1.145 -1.1938894 -1.195 -1.195 -0.68001325 -0.68 -0.68 -0.68 -0.68 -0.68000009 -0.535 -0.535 -0.535 -0.535 -0.85000036 -0.85000018 -0.9340656 -1.245 -1.245 -1.245 -0.275 -0.275 -0.275 -0.275 -0.27493904 0.23 0.23 0.23 0.23 0.23001302 1.015 1.015 1.015 1.015 1.0150024 1.045 1.045 1.045 1.0449998 0.69125183 
-1.425 -1.425 -1.3761874 -1.225 -1.225 -1.225 -1.225 -1.225 -1.4998819 -1.14 -1.14 -1.14 -1.1400119 -1.1949999 -1.195 -1.195 -1.195 -1.195 -0.68000492 -0.72205472 -1.09 -1.09 -1.09 -0.95249705 -0.6034311 -0.96959294 -1.2782531 -0.85 -0.85 -0.85 -0.85 -0.85 -0.86511631 -0.19330534 -0.185 -0.185 -0.185 -0.185 0.26193498 0.39999969 0.4 0.4 0.4 0.89000037 1.015 1.015 1.015 0.895 1.0449976 1.045 1.045 0.69 0.69 
-1.425 -1.425 -1.345 -1.345 -1.345 -1.22504 -1.225 -1.225 -1.14 -1.14 -1.14 -1.14 -1.14 -1.195 -1.195 -1.195 -1.195 -1.195 -1.09 -1.09 -1.09 -1.09 -1.09 -1.39 -1.39 -1.39 -1.39 -0.85 -0.85 -0.85 -0.85 -0.85 -0.925 -0.925 -0.185 -0.185 -0.185 0.19493529 0.195 0.4 0.4 0.4 0.40000007 0.89 0.89 0.89 0.895 0.895 0.895 0.7 0.7 0.69 0.69 
-1.425 -1.425 -1.345 -1.345 -1.345 -1.345 -1.3449992 -1.205 -1.1400612 -1.14 -1.14 -1.14 -1.14 -1.1943139 -1.195 -1.195 -1.195 -1.195 -1.09 -1.09 -1.09 -1.09 -1.09 -1.39 -1.39 -1.39 -1.39 -1.3899978 -0.85 -0.85 -0.85 -0.92499607 -0.925 -0.925 -0.925 -0.185 0.195 0.195 0.195 0.20039393 0.77092373 0.84 0.84 0.89 0.89 0.89 0.895 0.895 0.895 0.7 0.7 0.7 0.52244247 
-1.335 -1.3350007 -1.345 -1.345 -1.345 -1.345 -1.205 -1.205 -1.205 -1.14 -1.14 -1.14 -1.14 -1.1400171 -1.195 -1.195 -1.195 -1.195 -1.0900018 -1.09 -1.09 -1.09 -1.3371454 -1.39 -1.39 -1.39 -1.39 -1.4549999 -1.455 -1.455 -0.85649608 -0.925 -0.925 -0.925 -0.92499977 -0.685 0.195 0.195 0.195 0.19500001 0.84 0.84 0.84 0.71 0.71 0.71 0.65502337 0.895 0.895 0.7 0.7 0.7 0.50499965 
-1.335 -1.335 -1.345 -1.345 -1.345 -1.205 -1.205 -1.205 -1.205 -1.1471221 -1.14 -1.14 -1.14 -1.1400015 -1.5799557 -1.58 -1.58 -1.58 -0.80990629 -0.935 -0.935 -0.935 -0.935 -1.39 -1.39 -1.39 -1.3900043 -1.455 -1.455 -1.455 -1.455 -0.92507293 -0.79000694 -0.685 -0.685 -0.685 0.19428778 0.0050039558 0.005 0.005 0.83971802 0.48000001 0.48 0.71 0.71 0.70999977 0.655 0.655 0.645 0.645 0.645 0.42 0.38 
-1.335 -1.335 -1.185 -1.185 -1.185 -1.205 -1.205 -1.205 -1.205 -1.04 -1.04 -1.04 -1.04 -1.0780551 -1.58 -1.58 -1.58 -1.58 -0.805 -0.935 -0.935 -0.935 -0.935 -1.835 -1.8349998 -1.3900007 -1.455 -1.455 -1.455 -1.455 -1.5132217 -1.57 -0.79030286 -0.685 -0.685 -0.685 0.005 0.005 0.005 0.005 0.48 0.48 0.48 0.67493851 0.675 0.6550899 0.655 0.655 0.64499933 0.645 0.42 0.42 0.38 
-1.335 -1.185 -1.185 -1.185 -1.185 -1.185 -1.2049224 -1.195 -1.195 -1.04 -1.04 -1.04 -1.04 -1.0401279 -1.58 -1.58 -1.58 -1.544983 -0.805 -0.805 -0.935 -0.935 -1.835 -1.835 -1.835 -1.835 -1.455 -1.455 -1.455 -1.455 -1.57 -1.57 -1.57 -0.68589555 -0.685 -0.685 0.005 0.005 0.005 0.005 0.48 0.48 0.48 0.675 0.675 0.6750017 0.705 0.705 0.5 0.5 0.42 0.42 0.38 
-1.1864087 -1.185 -1.185 -1.185 -1.185 -1.185 -1.195 -1.195 -1.195 -1.1120375 -1.04 -1.04 -1.04 -1.0400079 -1.58 -1.58 -1.58 -0.805 -0.805 -0.805 -0.93499351 -0.9350055 -1.835 -1.835 -1.835 -1.835 -1.455027 -1.455 -1.455 -1.5699736 -1.57 -1.57 -1.57 -1.57 -0.68705826 -0.635 -0.635 -0.62392369 0.005 0.005 0.47999958 0.48 0.66933033 0.675 0.675 0.70499999 0.705 0.705 0.5 0.5 0.65 0.65 0.595 
-1.185 -1.185 -1.185 -1.185 -1.185 -1.185 -1.195 -1.195 -1.195 -1.195 -1.3199919 -1.32 -1.32 -1.32 -1.5799982 -1.2210345 -1.02 -1.02 -0.80539635 -0.805 -0.80500003 -1.8349987 -1.835 -1.835 -1.835 -1.835 -1.8347237 -1.455 -1.4550039 -1.57 -1.57 -1.57 -1.57 -1.57 -0.635 -0.635 -0.635 -0.635 -0.635 -0.63499609 0.055 0.055 0.055000071 0.265 0.265 0.265 0.185 0.185 0.095 0.095 0.65 0.64999988 0.595 
-1.185 -1.185 -1.185 -1.185 -1.185 -1.185 -1.195 -1.195 -1.195 -1.32 -1.32 -1.32 -1.32 -1.32 -1.2409207 -1.02 -1.02 -1.02 -1.02 -1.02 -1.0097345 -1.835 -1.835 -1.835 -1.835 -1.8426932 -2.0796161 -1.540104 -1.5694329 -1.57 -1.57 -1.57 -1.57 -1.569998 -0.635 -0.635 -0.635 -0.635 -0.635 -0.3140136 0.055 0.055 0.055 0.265 0.265 0.265 0.185 0.185 0.095 0.095 0.325 0.5801057 0.595 
-1.185 -1.185 -1.185 -1.185 -1.185 -1.185 -1.195 -1.195 -1.2001882 -1.32 -1.32 -1.32 -1.32 -1.32 -1.3056102 -1.02 -1.02 -1.02 -1.02 -1.02 -1.02 -2.0392131 -2.0799997 -2.08 -2.08 -2.08 -2.08 -2.08 -1.8577888 -1.8549966 -1.855 -1.855 -1.855 -1.8549991 -0.635 -0.635 -0.635 -0.635 -0.635 0.054999918 0.055 0.055 0.055 0.055000093 0.26453507 -0.025 0.18499998 0.1506055 0.095048191 0.325 0.325 0.32801406 0.47 
-1.185 -1.185 -1.185 -1.185 -1.185 -1.1850006 -1.1949995 -1.1950076 -1.3199998 -1.32 -1.32 -1.32 -1.32 -1.32 -1.3142916 -1.02 -1.02 -1.02 -1.02 -1.02 -1.02 -2.08 -2.08 -2.08 -2.08 -2.08 -2.08 -2.08 -1.8550621 -1.855 -1.855 -1.855 -1.855 -1.855 -1.5207201 -0.635 -0.635 -0.635 -0.635 0.055 0.055 0.055 0.055 0.054979506 -0.025 -0.025 -0.023903185 0.15 0.15 0.325 0.325 0.47 0.47 
-1.185 -1.185 -1.185 -1.185 -1.185 -1.1850133 -1.1949916 -1.3058946 -1.32 -1.32 -1.32 -1.32 -1.32 -1.32 -1.314748 -1.02 -1.02 -1.02 -1.02 -1.02 -1.1709247 -2.08 -2.08 -2.08 -2.08 -2.08 -2.08 -2.08 -1.8550009 -1.855 -1.855 -1.855 -1.855 -1.855 -1.855 -0.79883799 -1.0534431 -1.1926749 -1.2138536 -0.0012438315 0.05499998 0.055 0.055 -0.024993613 -0.025 -0.030163352 -0.88999503 0.15 0.15 -0.1950796 -0.195 -0.195 0.46999971 
-1.185 -1.185 -1.185 -1.185 -1.185 -1.1850835 -1.2057371 -1.3199656 -1.32 -1.32 -1.32 -1.32 -1.32 -1.32 -1.3129945 -1.02 -1.02 -1.02 -1.02 -1.02 -2.0799954 -2.08 -2.08 -2.08 -2.08 -2.08 -2.08 -2.08 -1.8550001 -1.855 -1.855 -1.855 -1.855 -1.855 -1.8549999 -1.225 -1.225 -1.225 -1.225 -0.82 -0.82 -0.82 -0.82 -0.8899975 -0.89 -0.89 -0.89 -0.88999611 -0.56 -0.56 -0.195 -0.195 -0.14907924 
-1.185 -1.185 -1.185 -1.185 -1.1850003 -1.1853282 -1.3114073 -1.3199984 -1.32 -1.32 -1.32 -1.32 -1.32 -1.32 -1.3098161 -1.0200001 -1.02 -1.02 -1.02 -1.0263797 -2.08 -2.08 -2.08 -2.08 -2.08 -2.08 -2.08 -2.08 -1.8550001 -1.855 -1.855 -1.855 -1.855 -1.855 -1.2250006 -1.225 -1.225 -1.225 -1.225 -0.82 -0.82 -0.82 -0.82 -0.8388927 -0.89 -0.89 -0.89 -0.56000369 -0.56 -0.56 -0.13 -0.13 -0.13 
-1.185 -1.185 -1.185 -1.185 -1.185003 -1.1918788 -1.3195329 -1.3199996 -1.32 -1.32 -1.32 -1.32 -1.32 -1.32 -1.3055107 -1.0200071 -1.02 -1.02 -1.0200012 -2.0585227 -2.08 -2.08 -2.08 -2.08 -2.08 -2.08 -2.08 -2.08 -1.8550002 -1.855 -1.855 -1.855 -1.855 -1.0241327 -1.2249998 -1.225 -1.225 -1.225 -1.225 -0.82 -0.82 -0.82 -0.82 -0.82 -0.89 -0.89 -0.89 -0.56 -0.56 -0.56 -0.13 -0.13 -0.13 
-1.185 -1.185 -1.185 -1.1850003 -1.1850505 -1.257951 -1.3199181 -1.3199997 -1.32 -1.32 -1.32 -1.32 -1.32 -1.3199994 -1.3003918 -1.0201096 -1.02 -1.02 -1.0254881 -2.0799099 -2.08 -2.08 -2.08 -2.08 -2.08 -2.08 -2.08 -2.0799999 -1.8550014 -1.855 -1.8549992 -0.81978032 -0.72 -0.72 -0.72 -1.225 -1.225 -1.225 -1.225 -0.82 -0.82 -0.82 -0.82 -0.82 -0.88999876 -0.89 -0.88999984 -0.56000002 -0.56 -0.55999977 -0.13 -0.13 -0.13 
