interpolatedSpi/04-08|21_1.tif
NCOLS 53
NROWS 52
XLLCORNER -116.03883
YLLCORNER 28.596182
DX 0.49850594
DY 0.49788537
NODATA_VALUE -9999
[rows 0 to 40 of 52, columns 0 to 52 of 53]
-0.622 -0.622 -0.71117436 -0.774 -0.638 -0.838 -0.592 -0.518 -0.58512413 -0.69 -0.898 -0.74 -1.0260152 -1.21 -0.982 -0.982 -0.982 -0.25 -0.72 -0.72 -0.72 -0.71999337 -0.032000008 -0.812 -0.812 -0.812 -0.51400011 -0.514 -0.514 -0.184 -0.184 -0.184 -0.184 -0.54199993 -0.542 -0.542 -0.542 -0.542 -0.542 -0.54200001 -0.7972508 -0.79983305 -0.144 -0.144 -0.144 -0.144 -0.14357533 0.116 0.116 0.116 0.5019992 0.502 0.502
-0.62201893 -1.048 -0.77399945 -0.79132138 -1.105849 -0.526 -0.576 -0.6818335 -0.908 -0.894 -0.976 -1.026 -1.026 -0.89704702 -1.2099942 -0.982 -0.25 -0.25 -0.71938718 -0.72 -0.72 -0.72 -0.83231792 -0.812 -0.812 -0.812 -0.64000001 -0.64 -0.184 -0.184 -0.184 -0.184 -0.184 -0.54199995 -0.542 -0.542 -0.542 -0.542 -0.54200004 -0.59835274 -0.8480053 -0.22942501 -0.144 -0.144 -0.144 -0.144 -0.144 0.116 0.116 0.116 0.14800749 0.502 0.502
-0.84398237 -0.844 -0.294 -0.424 -0.348 -0.512 -0.132 -0.494 -0.77 -0.652 -1.014 -1.054 -0.882 -1.03 -0.896 -1.004 -0.25 -0.25 -0.25 -0.71200233 -0.712 -0.712 -1.198 -0.812 -0.812 -0.812 -0.64 -0.64 -0.64 -0.184 -0.184 -0.18399999 -0.13393439 -0.54280738 -0.54758472 -1.1365019 -1.142 -1.142 -1.1050225 -0.848 -0.848 -0.84709976 -0.144 -0.144 -0.144 -0.144 -0.144 0.116 0.116 0.116 0.116 0.502 0.502
0.288 -0.84399988 -0.23197978 0.116 -0.164 -0.262 -0.132 -0.256 -0.264 -0.82510809 -0.748 -0.89 -0.916 -1.03 -0.78 -1.004 -1.2183474 -1.2193204 -1.008 -0.712 -0.712 -1.112 -1.198 -1.198 -0.812 -0.81199914 -0.64 -0.64 -0.64 -0.296 -0.17748561 -0.08 -0.08 -0.080000832 -1.142 -1.142 -1.142 -1.142 -0.848 -0.848 -0.848 -0.84799997 -0.144 -0.144 -0.144 -0.144 -0.144 0.11599672 0.116 0.116 0.116 0.50196322 0.502
0.288 0.33599896 -0.232 -0.59333981 -0.164 -0.19 -0.61598327 -0.562 -0.544 -0.55400011 -0.74971916 -0.84400057 -0.848 -0.78 -0.78 -0.93327164 -1.22 -1.22 -1.008 -1.008 -0.71200075 -1.112 -0.782 -0.354 -0.38 -0.37990511 -0.64 -0.64 -0.296 -0.296 -0.08 -0.08 -0.08 -0.11092598 -1.142 -1.142 -1.142 -0.848 -0.848 -0.848 -0.848 -0.84796544 -0.144 -0.144 -0.144 -0.144 -0.144 -0.14168568 0.116 0.11596682 -0.624 -0.624 -0.624
-0.97 -0.176 -0.358 -0.556 -0.676 -0.516 -0.86 -0.82184747 -0.512 -0.174 -0.294 -0.068 -0.068000514 -0.952 -0.952 -1.061945 -1.062 -0.964 -0.964 -1.0079995 -0.614 -0.614 -0.354 -0.38 -0.38 0.026 -0.038 -0.038 -0.16401188 -0.296 -0.08 -0.08 -0.244 -0.24398809 -0.13000835 -0.788 -0.788 -0.82943763 -0.848 -0.848 -0.4904465 -0.49 -0.48999976 -0.75698469 -0.76793104 -0.76799983 -0.76799998 -0.76799976 -0.45693136 -0.624 -0.624 -0.624 -0.624
-0.25999472 -0.176 0.17287779 -0.324 -0.53 -0.75 -0.37 -0.352 -0.268 -0.268 -0.294 -0.548 -0.77799995 -0.952 -0.83400035 -0.834 -1.062 -0.414 -0.424 -0.424 -0.59420687 -0.572 -0.572 0.037999994 0.026 0.026 -0.038 -0.038 -0.16399534 -0.16391417 0.057561245 -0.244 -0.244 -0.13 -0.13 -0.81849984 -0.788 -0.788 -0.66600423 -0.49000025 -0.49 -0.49 -0.48999817 -0.76799736 -0.768 -0.768 -0.768 -0.76799981 -0.448 -0.62396512 -0.624 -0.624 -0.624
-0.26 0.188 0.252 -0.512 -0.63399301 -0.56 -0.264 -0.83999999 -0.85 -0.51 -0.51 -0.598 -0.778 -0.778 -0.83361579 -0.78299761 -0.778 -0.39 -0.62999979 -0.424 -0.10741411 -0.094 0.09 0.388 0.3880008 0.45 -0.154 -0.15399996 -0.084280331 -0.083999997 0.058 -0.44965412 -0.384 -0.13 -0.14232116 -0.844 -0.844 -0.666 -0.666 -0.49 -0.49 -0.49 -0.29310879 -0.29400002 -0.768 -0.768 -0.768 -0.44801218 -0.448 -0.448 -0.624 -0.624 -0.624
0.14248534 0.188 0.604 0.132 0.054 -0.486 -0.496 -0.574 -0.79 -0.66719461 -0.532 -0.662 -0.662 -0.63 -0.62999893 -0.51872464 -0.518 -0.518 -0.42663637 -0.032000046 -0.252 -0.252 -0.194 -0.021919728 0.44375204 0.45 -0.15 -0.154 -0.032708942 -0.032 -0.468 -0.024 -0.04414749 -0.552 -0.562 -0.602 -0.568 -0.528 -0.45803232 -0.48955362 -0.39 -0.124 -0.29395832 -0.294 -0.29666793 -0.768 -0.812 -0.448 -0.448 -0.448 -0.448 -0.64566429 -0.148
-0.112 -0.112 0.748 0.284 0.016 -0.42 -0.816 -0.606 -0.566 -0.63601334 -0.844 -0.352 -0.63 -0.63 -0.516 -0.51602743 -0.518 -0.5179573 -0.336 -0.032 -0.032 -0.06034339 -0.194 -0.0040035978 -0.004 -0.004 -0.15 0.314 0.314 -0.032 -0.032 -0.024075865 -0.064 -0.552 -0.356 -0.602 -0.568 -0.52 -0.458 -0.45800003 -0.12400001 -0.092408812 -0.038 -0.294 -0.294 -0.812 -0.812 -0.812 -0.448 -0.448 -0.798 -0.798 -0.79799976
-0.112 -0.112 0.032 -0.316 -0.54 0.126 -0.28 -0.64008517 -0.766 -0.634 -0.7 -0.654 -0.35240246 -0.516 -0.516 -0.51597277 -0.28 -0.28293914 -0.336 -0.68 -0.68 -0.224 -0.224 -0.004 -0.004 -0.004 0.314 0.314 0.314 -0.188 -0.188 -0.1879998 -0.356 -0.356 -0.71 -0.896 -0.47 -0.88199343 -0.822 -0.458 -0.458 -0.48999851 -0.038 -0.294 -0.81599987 -0.778 -0.33207586 -0.33 -0.494 -0.494 -0.798 -0.798 -0.798
-0.112 -0.049920312 -0.11650401 -0.5959905 -0.062 -0.504 -0.28 -0.64 -0.76599895 -0.6354624 -0.65399997 -0.654 -0.438 -0.516 -0.516 -0.28000001 -0.28 -0.28000319 -0.336 -0.68 -0.59045088 -0.224 -0.224 -0.0040093276 -0.004 -0.046076104 -0.132 -0.132 -0.13199994 -0.188 -0.188 -0.446 -0.446 -0.35600097 -0.71 -0.72000005 -0.4122728 -0.882 -0.882 -0.458 -0.49 -0.49 -0.49000229 -0.816 -0.816 -0.778 -0.33 -0.33 -0.494 -0.494 -0.798 -0.798 -0.798
-1.144 -0.47409509 -0.51199238 -0.51260005 -0.062002349 -0.50398956 -0.28000001 -0.63556861 -0.75731731 -0.76255313 -0.438 -0.438 -0.438 -0.438 -0.51598895 -0.28 -0.28 -0.28072305 -0.336 -0.6800088 -0.718 -0.718 -0.718 -0.718 -0.016184147 -0.132 -0.132 -0.132 -0.132 -0.1321173 -0.446 -0.446 -0.446 -0.446 -0.72 -0.72 -0.72 -0.87328825 -0.88225536 -0.916 -0.916 -0.49002291 -1.0099934 -0.81601869 -0.816 -0.778 -0.33 -0.33 -0.494 -0.494 -0.79689712 -0.798 -0.49626948
-1.144 -0.512 -0.512 -0.512 -0.512 -0.51199999 -0.28057332 -0.45035497 -0.73415268 -0.43834996 -0.438 -0.438 -0.438 -0.438 -0.43800008 -0.28 -0.28000001 -0.28384122 -0.33600046 -0.718 -0.718 -0.718 -0.718 -0.718 -0.71268 -0.3441061 -0.43799994 -0.438 -0.438 -0.438 -0.446 -0.446 -0.4460003 -0.694 -0.694 -0.72 -0.66361288 -0.662 -0.91599985 -0.916 -0.916 -0.916 -1.01 -1.01 -1.01 -1.0083855 -1.0374605 -1.042 -1.042 -1.042 -1.042 -0.57600005 -0.576
-1.42 -0.512 -0.512 -0.512 -0.512 -0.512 -0.51199999 -0.42704869 -0.54296706 -0.542 -0.542 -0.542 -0.542 -0.542 -0.542 -0.83589013 -0.28892365 -0.28766842 -0.71795195 -0.718 -0.718 -0.718 -0.718 -0.71799988 -0.472 -0.472 -0.47199995 -0.438 -0.438 -0.43773968 -0.308 -0.308 -0.694 -0.694 -0.694 -0.66712594 -0.662 -0.662 -0.662 -0.916 -0.916 -0.916 -1.01 -1.01 -1.01 -1.01 -1.042 -1.042 -1.042 -1.042 -1.042 -0.576 -0.576
-1.42 -1.0819619 -0.512 -0.512 -0.512 -0.512 -0.58198626 -0.582 -0.582 -0.542 -0.542 -0.542 -0.542 -0.542 -0.6081821 -0.842 -0.842 -0.842 -0.61232312 -0.61200011 -0.612 -0.612 -0.612 -0.612 -0.472 -0.472 -0.472 -0.472 -0.438 -0.308 -0.308 -0.308 -0.69399997 -0.694 -0.694 -0.412 -0.66166899 -0.662 -0.662 -0.91592141 -0.75923455 -0.39356612 -1.01 -1.01 -0.89834564 -0.898 -0.898 -1.0409488 -0.40423651 -0.40200006 -0.40200012 0.31586481 -0.57599819
-1.42 -0.95094525 -0.72757561 -0.512 -0.512 -0.58195864 -0.582 -0.582 -0.582 -0.58171175 -0.542 -0.542 -0.542 -0.54200004 -0.842 -0.842 -0.842 -0.842 -0.61220545 -0.612 -0.612 -0.612 -0.612 -0.612 -0.472 -0.472 -0.472 -0.472 -0.47140348 -0.308 -0.308 -0.308 -0.354 -0.69396311 -0.412 -0.412 -0.412 -0.40768754 -0.40908065 -0.392 -0.392 -0.392 -0.898 -0.898 -0.898 -0.898 -0.898 -0.40200001 -0.402 -0.402 -0.402 0.316 0.316
-0.93834197 -0.938 -0.938 -0.938 -0.602 -0.58200052 -0.582 -0.582 -0.582 -0.582 -0.547451 -0.54200094 -0.542 -0.842 -0.842 -0.842 -0.842 -0.842 -0.81197479 -0.612 -0.612 -0.612 -0.612 -0.612 -0.53360433 -0.51399977 -0.514 -0.514 -0.514 -0.308 -0.354 -0.354 -0.354 -0.354 -0.412 -0.41198962 -0.018 -0.018 -0.38733005 -0.392 -0.392 -0.392 -0.898 -0.898 -0.898 -0.898 -0.898 -0.402 -0.402 -0.402 -0.39430117 0.316 0.316
-0.938 -0.938 -0.938 -0.77977259 -0.602 -0.602 -0.582 -0.582 -0.582 -0.582 -0.614 -0.614 -0.614 -0.842 -0.842 -0.842 -0.842 -0.84188465 -0.652 -0.652 -0.61200002 -0.612 -0.61229215 -0.624 -0.62300972 -0.514 -0.514 -0.514 -0.514 -0.35401629 -0.354 -0.354 -0.354 -0.354 -0.018001385 -0.018 -0.018 -0.018 -0.019347363 -0.392 -0.392 -0.392 -0.898 -0.898 -0.898 -0.898 -0.898 -0.402 -0.402 -0.402 0.316 0.316 0.316
-0.938 -0.938 -0.938 -0.602 -0.602 -0.602 -0.60199997 -0.582 -0.582 -0.61396697 -0.614 -0.614 -0.614 -0.61414204 -0.27702316 -0.144 -0.144 -0.144 -0.652 -0.652 -0.652 -0.624 -0.624 -0.624 -0.62387618 -0.33985793 -0.514 -0.514 -0.514 -0.4926834 -0.51998367 -0.52 -0.52 -0.52 -0.24952865 -0.57399874 -0.574 -0.574 -0.574 -0.5739751 -0.574 -0.574 -0.898 -0.898 -0.61600118 -0.61599987 -0.238 -0.238 0.124 0.124 0.124 0.316 0.53979972
-0.93799737 -0.938 -0.93799999 -0.602 -0.602 -0.602 -0.602 -0.36200006 -0.58112035 -0.61377693 -0.614 -0.614 -0.614 -0.61307773 -0.144 -0.144 -0.144 -0.14400015 -0.652 -0.652 -0.652 -0.624 -0.624 -0.624 -0.182 -0.182 -0.52999999 -0.53 -0.53 -0.52994545 -0.52 -0.52 -0.52 -0.52 -0.54698519 -0.574 -0.574 -0.574 -0.574 -0.574 -0.574 -0.574 -0.57532148 -0.616 -0.616 -0.616 -0.238 -0.238 0.124 0.124 0.124 0.53999999 0.54
-0.092 -0.49636168 -0.968 -0.96789382 -0.602 -0.36338863 -0.362 -0.362 -0.38677775 -0.368 -0.368 -0.368 -0.368 0.21598099 0.216 -0.14399972 -0.144 -0.15738505 -0.652 -0.652 -0.652 -0.09 -0.09 -0.09 -0.182 -0.182 -0.53 -0.53 -0.53 -0.52999998 -0.50200011 -0.50200005 -0.5195476 -0.5199807 -0.69579831 -0.696 -0.696 -0.696 -0.696 -0.574 -0.574 -0.574 -0.61368729 -0.616 -0.616 -0.61599999 -0.238 -0.238 -0.23798697 0.124 0.12397362 -0.466 0.54
-0.44793239 -0.44800009 -0.968 -0.968 -0.968 -0.362 -0.362 -0.362 -0.43 -0.43 -0.368 -0.368 -0.368 0.216 0.216 0.216 0.216 0.21590231 -0.652 -0.652 -0.65199998 -0.09 -0.09 -0.09 -0.182 -0.182 -0.53 -0.53 -0.53 -0.5023157 -0.502 -0.502 -0.502 -0.502 -0.69590427 -0.696 -0.696 -0.696 -0.696 -0.48800002 -0.488 -0.488 -0.488 -0.6159994 -0.538 -0.538 -0.538 -0.714 -0.714 -0.714 -0.466 -0.466 -0.466
-0.448 -0.448 -0.968 -0.968 -0.968 -0.36518524 -0.362 -0.43 -0.43 -0.43 -0.36800763 -0.368 -0.23889429 0.2159999 0.216 0.216 0.216 -0.146 -0.146 -0.146 -0.46599999 -0.46599972 -0.090001832 -0.09 -0.090394585 -0.712 -0.712 -0.71199957 -0.53002941 -0.41801674 -0.41800045 -0.41801467 -0.50185644 -0.50192751 -0.66139302 -0.69599984 -0.69461259 -0.282 -0.282 -0.488 -0.488 -0.488 -0.488 -0.538 -0.538 -0.538 -0.538 -0.714 -0.714 -0.714 -0.466 -0.466 -0.466
-0.448 -0.448 -0.968 -0.968 -0.968 -0.968 -0.38745041 -0.43 -0.43 -0.43 -0.42987848 -0.21 -0.21 -0.21 0.21348948 0.216 -0.14358772 -0.146 -0.146 -0.146 -0.466 -0.466 -0.466 -0.466 -0.712 -0.712 -0.712 -0.712 -0.712 -0.418 -0.418 -0.418 -0.418 -0.41800011 -0.468 -0.282 -0.282 -0.282 -0.282 -0.28200049 -0.404 -0.404 -0.404 -0.51268703 -0.738 -0.738 -0.738 -0.714 -0.71399968 -0.382 -0.382 -0.21806033 -0.218
-0.448 -0.448 -0.78031651 -0.968 -0.968 -0.96799998 -0.24033716 -0.42940122 -0.43 -0.43 -0.20999993 -0.21 -0.21 -0.21 -0.21 -0.17507263 -0.146 -0.146 -0.146 -0.146 -0.46599752 -0.466 -0.466 -0.466 -0.712 -0.712 -0.712 -0.712 -0.712 -0.42686748 -0.418 -0.418 -0.418 -0.468 -0.468 -0.46785557 -0.282 -0.282 -0.18182542 -0.10400002 -0.404 -0.404 -0.404 -0.50904023 -0.738 -0.738 -0.738 0.258 -0.37402566 -0.382 -0.382 -0.218 -0.218
-0.25 -0.25 -0.25 -0.78797766 -0.9669067 -0.24 -0.24 -0.24 -0.24 0.102 0.102 -0.20999998 -0.21 -0.21 -0.21 -0.20999593 -0.146 -0.146 -0.146 -0.146 -0.32636238 -0.466 -0.466 -0.45924803 -0.23044255 -0.712 -0.712 -0.712 -0.43 -0.43 -0.43 -0.42999995 -0.468 -0.468 -0.468 -0.468 -0.104 -0.104 -0.104 -0.104 -0.228 -0.228 -0.228 -0.098002614 -0.098 -0.098 -0.098000203 0.258 0.258 -0.3812202 -0.382 -0.21799623 -0.218
-0.25 -0.25 -0.25 -0.2499986 -0.224 -0.22632666 -0.24 -0.24 -0.24 0.102 0.102 0.102 0.12799999 0.128 0.128 0.12799998 -0.14639567 -0.146 -0.146 -0.146 -0.15083825 -0.20800071 -0.208 -0.208 -0.208 -0.20800001 -0.344 -0.344 -0.43 -0.43 -0.43 -0.43 -0.4679997 -0.468 -0.468 -0.46796563 -0.10400001 -0.104 -0.104 -0.10474576 -0.228 -0.228 -0.228 -0.098006028 -0.098 -0.098 -0.098 0.258 0.258 0.25800004 0.53 0.53 0.4
-0.25 -0.25 -0.25 -0.22400006 -0.224 -0.224 -0.23999999 -0.24 -0.24 0.102 0.102 0.102 0.128 0.128 0.128 0.09068182 -0.362 -0.362 -0.36199944 -0.14722002 -0.208 -0.208 -0.208 -0.208 -0.208 -0.20810235 -0.344 -0.344 -0.344 -0.43 -0.43 -0.43014418 -0.046 -0.046 -0.046 -0.634 -0.634 -0.274 -0.274 -0.274 -0.064 -0.22794856 -0.22799716 0.152 0.152 0.14252528 -0.097998736 0.258 0.258 0.53 0.53 0.53 0.4
-0.25 -0.25 -0.25 -0.224 -0.224 -0.224 -0.224 -0.24 -0.24 0.102 0.102 0.12696037 0.128 0.128 0.128 -0.362 -0.362 -0.362 -0.362 -0.362 -0.208 -0.208 -0.208 -0.208 -0.208 -0.34399954 -0.344 -0.344 -0.344 -0.654 -0.654 -0.654 -0.046 -0.046 -0.046 -0.634 -0.634 -0.274 -0.274 -0.064 -0.064 -0.064 0.152 0.152 0.152 0.152 0.17647991 0.45 0.45 0.45 0.53 0.528 0.528
-0.25 -0.25 -0.24996379 -0.224 -0.224 -0.224 -0.224 -0.056445928 -0.048 -0.04774247 0.102 0.12799347 0.128 0.128 0.1279983 -0.362 -0.362 -0.362 -0.362 -0.362 0.095028694 -0.208 -0.208 -0.208 -0.20796746 -0.34398346 -0.344 -0.344 -0.344 -0.654 -0.654 -0.654 -0.65391037 -0.046 -0.634 -0.634 -0.634 -0.63398489 -0.27398568 -0.064 -0.064 -0.064 0.15198689 0.152 0.152 0.152 0.44999867 0.45 0.45 0.45 0.528 0.528 0.528
-0.316 -0.31599988 -0.22401692 -0.224 -0.224 -0.224 -0.048037451 -0.048 -0.048 -0.048 0.049999997 0.05 0.05 0.05 -0.36009845 -0.362 -0.362 -0.362 -0.362 0.10799972 0.108 0.108 -0.050000026 -0.05 -0.05 -0.05 -0.075375982 -0.344 -0.42599664 -0.426 -0.426 -0.426 -0.426 -0.224 -0.224 -0.224 -0.224 -0.224 0.26 0.26 0.26 0.26 0.26 0.31974675 0.32 0.32 0.32 0.45 0.45 0.45 0.52798771 0.528 0.528
-0.316 -0.316 -0.31311984 0.027999493 0.027999944 0.027925733 -0.048 -0.048 -0.048 -0.048 0.05 0.05 0.05 0.05 0.05 -0.362 -0.362 -0.362 0.10799988 0.108 0.108 0.108 -0.049999999 -0.05 -0.05 -0.05 -0.05 -0.050062589 -0.42604016 -0.426 -0.426 -0.426 -0.42601613 -0.38613386 -0.22416788 -0.224 -0.224 -0.224 0.26 0.26 0.26 0.26 0.26 0.32 0.32 0.32 0.32 0.38079054 0.45 0.032708225 0.028 -0.002 -0.002
-0.316 -0.316 0.027956426 0.028 0.028 0.028 0.0086963206 -0.048 -0.048 -0.048 0.05 0.05 0.05 0.05 0.05 -0.3616854 -0.362 0.1078622 0.108 0.108 0.108 0.108 0.0085321238 -0.05 -0.05 -0.05 -0.05 -0.050340083 -0.53 -0.53 -0.53 -0.53 -0.53 -0.51 -0.51 -0.51 -0.51 -0.51 0.06 0.06 0.06 0.06 0.060000002 0.3200586 0.32000001 0.32 0.32000407 0.32044746 0.028 0.028 0.028 -0.001999832 -0.002
-0.31599971 -0.15911936 0.027999974 0.028 0.028 0.028 0.028 -0.04796764 -0.048 -0.048 0.05 0.05 0.05 0.05 -0.21009178 -0.216 -0.216 0.10799166 0.108 0.108 0.108 0.108 0.10799995 -0.05 -0.05 -0.05 -0.05 -0.87999965 -0.87999984 -0.80551149 -0.53 -0.53 -0.53 -0.51 -0.51 -0.51 -0.51 -0.50985642 0.06 0.06 0.06 0.06 0.060006129 0.344 0.344 0.344 0.344 0.34397451 0.028 0.028 0.028 0.028000179 0.31525777
-0.156 -0.156 -0.10777379 0.028 0.028 0.028 0.028 0.028 -0.047967493 -0.0060000007 -0.006 -0.006 -0.0058671006 -0.21599962 -0.216 -0.216 -0.216 -0.216 0.10799825 0.093024415 -0.038 -0.038 -0.038 -0.040871395 -0.046638472 -0.028651575 -0.013972384 -0.88 -0.88 -0.88 -0.88 -0.88 -0.85573858 -0.29333107 -0.298 -0.298 -0.298 -0.298 0.07502833 0.13999986 0.14 0.14 0.14 0.34000001 0.344 0.344 0.344 0.354 0.028005222 0.028 0.028 0.32 0.32
-0.156 -0.156 -0.060000001 -0.06 -0.06 0.027970687 0.028 0.028 -0.006 -0.006 -0.006 -0.006 -0.006 -0.21599999 -0.216 -0.216 -0.216 -0.216 -0.038 -0.038 -0.038 -0.038 -0.038 -0.0080000016 -0.008 -0.008 -0.008 -0.88 -0.88 -0.88 -0.88 -0.88 0.118 0.118 -0.298 -0.298 -0.298 0.435875 0.436 0.14 0.14 0.14 0.14000006 0.34 0.34 0.34 0.354 0.354 0.354 0.176 0.176 0.32 0.32
-0.156 -0.156 -0.06 -0.06 -0.06 -0.06 -0.059999166 0.092 -0.00590773 -0.006 -0.006 -0.006 -0.006 -0.21338044 -0.216 -0.216 -0.216 -0.216 -0.038000004 -0.038 -0.038 -0.038 -0.038 -0.008 -0.008 -0.008 -0.008 -0.0080034974 -0.88 -0.88 -0.88 0.11794768 0.118 0.118 0.118 -0.298 0.43599999 0.436 0.436 0.42821169 0.48394746 0.548 0.548 0.34 0.34 0.34 0.354 0.354 0.354 0.176 0.176 0.176 0.2149369
-0.222 -0.22199948 -0.06 -0.06 -0.06 -0.06 0.092 0.092 0.092 -0.006 -0.006 -0.006 -0.006 -0.0060652826 -0.216 -0.216 -0.216 -0.216 -0.03800299 -0.038 -0.038 -0.037999994 -0.013275956 -0.008 -0.008 -0.008 -0.008 0.32799973 0.328 0.32799999 -0.86699762 0.118 0.118 0.118 0.11800038 0.51599999 0.436 0.436 0.436 0.436 0.548 0.548 0.548 0.474 0.474 0.474 0.21801324 0.354 0.354 0.176 0.176 0.176 0.20400157
-0.222 -0.222 -0.06 -0.06 -0.06 0.092 0.092 0.092 0.092 0.0047616587 -0.0059999985 -0.006 -0.0059999988 -0.0059996395 0.075966396 0.076 0.076 0.076 0.27425307 0.342 0.342 0.342 0.342 -0.008 -0.008 -0.008 -0.0079778367 0.328 0.328 0.328 0.328 0.11808182 0.34186349 0.516 0.516 0.516 0.43661995 0.60199654 0.602 0.602 0.54805953 0.624 0.624 0.474 0.474 0.47399892 0.218 0.218 0.252 0.252 0.252 0.556 0.768
-0.222 -0.222 0.784 0.784 0.784 0.092 0.092 0.092 0.092 0.636 0.636 0.636 0.636 0.59653549 0.076 0.076 0.076 0.076 0.272 0.342 0.342 0.342 0.342 0.814 0.81399968 -0.0079987857 0.328 0.328 0.328 0.328 0.50722144 0.682 0.53575172 0.516 0.516 0.516 0.602 0.602 0.602 0.602 0.624 0.624 0.624 0.52803027 0.528 0.21939343 0.218 0.218 0.25200109 0.252 0.556 0.556 0.768
