interpolatedSpi/04-07|20_1.tif
NCOLS 53
NROWS 52
XLLCORNER -116.03883
YLLCORNER 28.596182
DX 0.49850594
DY 0.49788537
NODATA_VALUE -9999
[rows 0 to 39 of 52, columns 0 to 52 of 53]
0.374 0.374 0.12007351 -0.176 0.1 0.174 0.498 0.504 0.026494079 -0.098 0.036 0.104 0.15203837 0.618 0.368 0.368 0.368 0.562 0.556 0.556 0.556 0.55599865 0.416 0.32 0.32 0.32 0.75800148 0.758 0.758 0.466 0.466 0.466 0.466 0.76799994 0.768 0.768 0.768 0.768 0.768 0.76800001 1.0509517 1.0538741 0.56 0.56 0.56 0.56 0.55989547 0.496 0.496 0.496 0.90199916 0.902 0.902
0.37398978 0.144 0.21200066 0.26203956 0.30787988 0.46 0.444 0.30627176 0.15 0.128 0.068 0.152 0.152 0.56617339 0.61799716 0.368 0.562 0.562 0.55600782 0.556 0.556 0.556 0.3032614 0.32 0.32 0.32 0.304 0.304 0.466 0.466 0.466 0.466 0.466 0.76799996 0.768 0.768 0.768 0.768 0.76799996 0.68985477 0.30801728 0.5294218 0.56 0.56 0.56 0.56 0.56 0.496 0.496 0.496 0.52966591 0.902 0.902
1.2719589 1.272 0.78 1.122 0.474 0.262 0.364 0.174 0.286 0.13 0.292 -0.134 -0.078 0.29 0.566 0.71 0.562 0.562 0.562 0.41004244 0.41 0.41 0.002 0.32 0.32 0.32 0.304 0.304 0.304 0.466 0.466 0.46599997 0.15020156 0.76619111 0.7633833 0.27654508 0.272 0.272 0.27652785 0.308 0.308 0.30832224 0.56 0.56 0.56 0.56 0.56 0.496 0.496 0.496 0.496 0.902 0.902
0.61 1.2719999 0.56198928 0.608 0.154 0.43 0.698 -0.158 0.252 0.3335799 0.348 0.276 0.218 0.29 0.542 0.71 0.02130976 0.016382559 0.166 0.41 0.41 -0.45 0.002 0.002 0.32 0.31999992 0.304 0.304 0.304 -0.228 -0.20715025 -0.19 -0.19 -0.18999964 0.272 0.272 0.272 0.272 0.308 0.308 0.308 0.30800001 0.56 0.56 0.56 0.56 0.56 0.49600081 0.496 0.496 0.496 0.90194415 0.902
0.61 0.33600041 0.562 0.54785311 0.154 0.448 0.31801813 0.312 0.292 0.35000004 0.18532976 0.10807191 0.61 0.542 0.542 0.64350484 0.016 0.016 0.166 0.166 0.40999826 -0.45 -0.55 0.054 0.092 0.091898554 0.304 0.304 -0.228 -0.228 -0.19 -0.19 -0.19 -0.16699402 0.272 0.272 0.272 0.308 0.308 0.308 0.308 0.30797259 0.55999999 0.56 0.56 0.56 0.56 0.55943032 0.496 0.49594153 -0.808 -0.808 -0.808
-0.426 0.39 0.69599999 0.392 0.63 0.606 0.332 0.32943943 0.634 0.25 0.568 0.244 0.24400024 0.22 0.22 0.016007243 0.016 -0.11 -0.11 0.16599961 -0.714 -0.714 0.054 0.092 0.092 -0.342 -0.632 -0.632 0.0019791732 -0.228 -0.19 -0.19 -0.068 -0.067979729 0.12598604 -0.03 -0.03 0.20343198 0.308 0.308 0.024354209 0.024 0.023999887 -0.31625376 -0.33190142 -0.33199976 -0.33199997 -0.33199968 -1.4914193 -0.808 -0.808 -0.808 -0.808
-0.36799767 0.288 -0.0073988174 0.524 0.94 0.24 0.386 0.366 0.164 0.164 0.568 0.232 -0.21600001 0.22 0.046000521 0.046 0.016 -0.148 -0.278 -0.278 -0.64802292 -0.574 -0.574 -0.61599999 -0.342 -0.342 -0.632 -0.632 0.0020025642 0.0020472084 0.55442537 -0.068 -0.068 0.126 0.126 -0.38946243 -0.03 -0.03 -0.83997192 0.023998797 0.024 0.024 0.023998957 -0.33199921 -0.332 -0.332 -0.332 -0.3320008 -1.678 -0.80817241 -0.808 -0.808 -0.808
-0.368 -0.494 0.098 -0.146 -0.41798441 -0.008 0.058 -0.11199999 -0.116 -0.068 -0.068 -0.288 -0.216 -0.216 0.044202437 -0.077862948 -0.09 -0.002 -0.33199994 -0.278 -0.6374517 -0.622 -0.732 -0.394 -0.39400101 -0.472 -0.934 -0.93399989 0.045845818 0.04600001 0.556 0.36146838 0.288 0.126 0.1121387 -0.69 -0.69 -0.84 -0.84 0.024 0.024 0.023999999 -0.18974388 -0.19000001 -0.332 -0.332 -0.332 -1.6779488 -1.678 -1.678 -0.808 -0.808 -0.808
-0.49035883 -0.494 -0.294 -0.014 0.164 -0.2 -0.06 0.498 0.222 0.22359488 -0.084 -0.234 -0.234 -0.56 -0.5599968 -0.36124191 -0.362 -0.362 -0.052375011 -0.92199998 -0.804 -0.804 -0.566 -0.66658213 -0.46413966 -0.472 -0.65 -0.934 -0.29175391 -0.288 0.382 0.784 0.41633204 -0.46 -0.36 -0.562 -0.502 -0.392 -0.52993628 0.023812522 -0.018 -0.18 -0.18996093 -0.19 -0.19079925 -0.332 -0.86799997 -1.678 -1.678 -1.678 -1.678 -0.84062095 -0.71
-0.47 -0.47 -0.322 -0.252 0.144 0.072 0.1 0.082 0.42 0.22399802 -0.13 -0.254 -0.56 -0.56 -0.22 -0.22194759 -0.362 -0.3620056 -0.396 -0.922 -0.922 -0.90679762 -0.566 -0.67799788 -0.678 -0.678 -0.65 -0.082000001 -0.082 -0.288 -0.288 0.78261547 0.054 -0.46 -0.038 -0.562 -0.502 -0.832 -0.53 0.63284334 -0.17999999 -0.09551194 0.05 -0.19 -0.19 -0.868 -0.868 -0.868 -1.678 -1.678 -1.07 -1.07 -1.0699999
-0.47 -0.47 -0.672 -0.628 -0.336 0.002 -0.33199999 0.23591691 0.09 -0.05 0.07 0.032 -0.2536197 -0.22 -0.22 -0.22000946 -0.302 -0.30693356 -0.396 -0.164 -0.164 -0.27 -0.27 -0.678 -0.678 -0.678 -0.082 -0.082 -0.082 -0.416 -0.416 -0.41599923 0.022 0.022 -0.132 -0.58 -0.18 -0.36800083 -0.682 0.652 0.652 0.24999934 0.05 -0.19 -0.57200007 -0.76 -0.58323174 -0.582 -0.922 -0.922 -1.07 -1.07 -1.07
-0.47 -0.55722029 -0.65322363 -0.75399221 -0.426 -0.516 -0.332 0.236 0.090001219 -0.04844897 0.031999893 0.032 -0.108 -0.22 -0.22 -0.302 -0.302 -0.30200535 -0.396 -0.164 -0.18481624 -0.27 -0.27 -0.67798353 -0.678 -0.60173706 -0.446 -0.446 -0.44599995 -0.416 -0.416 -0.402 -0.402 0.021999578 -0.132 -0.058000161 -0.22586111 -0.368 -0.368 0.65199999 0.25 0.25 0.24999402 -0.572 -0.572 -0.76 -0.582 -0.582 -0.922 -0.922 -1.07 -1.07 -1.07
-0.036 0.026886186 0.08597331 0.079917586 -0.4260004 -0.51599787 -0.33200001 0.22900825 0.10006089 0.086344228 -0.108 -0.108 -0.108 -0.108 -0.21998413 -0.302 -0.302 -0.30321369 -0.396 -0.16401767 -0.22 -0.22 -0.22 -0.22 -0.67005759 -0.446 -0.446 -0.446 -0.446 -0.44600518 -0.402 -0.402 -0.402 -0.402 -0.058 -0.058 -0.058 -0.35316713 -0.36574684 -0.068 -0.068 0.2499829 -0.56200034 -0.57199904 -0.572 -0.76 -0.582 -0.582 -0.922 -0.922 -1.0694631 -1.07 -0.95399142
-0.036 0.086 0.086 0.086 0.086 0.085999747 -0.33247096 -0.06326248 0.12690239 -0.10779024 -0.108 -0.108 -0.108 -0.108 -0.10799998 -0.302 -0.30200001 -0.30844776 -0.39599812 -0.22 -0.22 -0.22 -0.22 -0.22 -0.22951227 -0.51456974 -0.52799998 -0.528 -0.528 -0.528 -0.40200001 -0.402 -0.40200035 -0.69 -0.69 -0.058 -0.10077644 -0.102 -0.06800002 -0.068 -0.068 -0.068 -0.562 -0.562 -0.562 -0.5633779 -0.55024517 -0.55 -0.55 -0.55 -0.55000001 0.23199973 0.232
-0.12 0.086 0.086 0.086 0.086 0.086 0.085999972 -0.23217951 -0.078916328 -0.08 -0.08 -0.08 -0.08 -0.08 -0.08 -0.21719024 -0.30070706 -0.31487172 -0.2200221 -0.22 -0.22 -0.22 -0.22 -0.22000019 -0.66 -0.66 -0.65999981 -0.528 -0.528 -0.52850462 -0.78 -0.78 -0.69 -0.69 -0.69 -0.19619122 -0.102 -0.102 -0.102 -0.068 -0.068 -0.068 -0.562 -0.562 -0.562 -0.562 -0.55 -0.55 -0.55 -0.55 -0.55 0.232 0.232
-0.12 -0.04330854 0.086 0.086 0.086 0.086 -0.3159211 -0.316 -0.31599999 -0.08 -0.08 -0.08 -0.08 -0.08 -0.11088498 -0.22 -0.22 -0.22 -0.37951257 -0.37999984 -0.38 -0.38 -0.38 -0.38 -0.66 -0.66 -0.66 -0.66 -0.528 -0.78 -0.78 -0.78 -0.69000001 -0.69 -0.69 -0.144 -0.10205561 -0.102 -0.102 -0.068052436 -0.17270975 -0.41695393 -0.562 -0.562 -0.29083941 -0.29 -0.29 -0.54870196 0.23723931 0.23999993 0.23999985 0.43596907 0.23200041
-0.12 0.041541823 0.065758159 0.086 0.086 -0.31576248 -0.316 -0.316 -0.316 -0.31429932 -0.08 -0.08 -0.08 -0.080000017 -0.22 -0.22 -0.22 -0.22 -0.37985708 -0.38 -0.38 -0.38 -0.38 -0.38 -0.65999999 -0.66 -0.66 -0.66 -0.66043648 -0.78 -0.78 -0.78 -0.34600001 -0.68993616 -0.144 -0.144 -0.144 -0.14599752 -0.39799246 -0.418 -0.418 -0.418 -0.328 -0.328 -0.29 -0.29 -0.29 0.23999999 0.24 0.24 0.24 0.436 0.436
0.045997162 0.046 0.046 0.045999999 -0.088 -0.31599412 -0.316 -0.316 -0.316 -0.316 -0.074397685 -0.079999036 -0.079999998 -0.22 -0.22 -0.22 -0.22 -0.22 -0.27408167 -0.38 -0.38 -0.38 -0.38 -0.38 -0.42123431 -0.27400209 -0.274 -0.274 -0.274 -0.77999998 -0.34600001 -0.346 -0.346 -0.346 -0.144 -0.14400479 -0.326 -0.326 -0.41685124 -0.418 -0.418 -0.418 -0.328 -0.328 -0.29588371 -0.29 -0.29 0.24 0.24 0.24 0.24210163 0.436 0.436
0.046 0.046 0.046 -0.017102599 -0.088 -0.088 -0.316 -0.316 -0.316 -0.316 -0.006 -0.006 -0.006 -0.22 -0.22 -0.22 -0.22 -0.22006941 -0.878 -0.878 -0.3800002 -0.38 -0.38443093 -0.562 -0.55940726 -0.274 -0.274 -0.274 -0.274 -0.34599267 -0.346 -0.346 -0.346 -0.346 -0.32599936 -0.326 -0.326 -0.326 -0.32631518 -0.418 -0.418 -0.418 -0.328 -0.328 -0.328 -0.29 -0.29 0.23999999 0.24 0.24 0.436 0.436 0.436
0.046 0.046 0.046 -0.088 -0.088 -0.088 -0.088000348 -0.316 -0.316 -0.0063200092 -0.006 -0.006 -0.006 -0.0061333382 -0.55995741 -0.64 -0.64 -0.64 -0.878 -0.878 -0.878 -0.562 -0.562 -0.562 -0.56192324 -0.28134334 -0.274 -0.274 -0.274 -0.032074423 0.037962232 0.038 0.038 0.038 -0.26489711 -0.18000033 -0.18 -0.18 -0.18 -0.016055005 -0.016 -0.016 -0.328 -0.328 0.20999775 0.21 0.202 0.202 0.346 0.346 0.346 0.436 0.44599106
0.046000546 0.046 0.045999995 -0.088 -0.088 -0.088 -0.088 -0.062000074 -0.31498441 -0.0057696785 -0.006 -0.006 -0.006 -0.0072440825 -0.64 -0.64 -0.64 -0.64000007 -0.878 -0.878 -0.878 -0.562 -0.562 -0.562 -0.288 -0.288 -0.232 -0.232 -0.232 -0.23052707 0.038 0.038 0.038 0.038 -0.070940141 -0.18 -0.18 -0.18 -0.18 -0.016 -0.016 -0.016 -0.0088891754 0.21 0.21 0.21 0.202 0.202 0.346 0.346 0.346 0.446 0.446
0.222 0.1300239 -0.176 -0.17597447 -0.088 -0.062150435 -0.062 -0.062 0.016705784 0.248 0.248 0.248 0.248 -0.63797116 -0.638 -0.64 -0.64 -0.64627095 -0.878 -0.878 -0.878 -0.662 -0.662 -0.662 -0.288 -0.288 -0.232 -0.232 -0.232 -0.23199978 0.069999797 0.06999991 0.038804272 0.038034306 -0.14579027 -0.146 -0.146 -0.146 -0.146 -0.016 -0.016 -0.016 0.19755557 0.21 0.21 0.20999995 0.202 0.202 0.20200518 0.346 0.34599785 0.298 0.446
-0.08594151 -0.086000016 -0.176 -0.176 -0.176 -0.062 -0.062 -0.062 0.154 0.154 0.248 0.248 0.248 -0.638 -0.638 -0.638 -0.638 -0.63802664 -0.878 -0.878 -0.87799999 -0.662 -0.662 -0.662 -0.288 -0.288 -0.232 -0.232 -0.232 0.066594928 0.07 0.07 0.07 0.07 -0.14589342 -0.146 -0.146 -0.146 -0.146 -0.25799994 -0.258 -0.258 -0.258 0.20999773 -0.086 -0.086 -0.086 0.234 0.234 0.234 0.298 0.298 0.298
-0.086 -0.086 -0.176 -0.176 -0.176 -0.062599204 -0.062 0.154 0.154 0.154 0.24798843 0.248 -0.24717758 -0.63799994 -0.638 -0.638 -0.638 -0.744 -0.744 -0.744 -0.734 -0.73399995 -0.66200035 -0.662 -0.66180962 -0.518 -0.518 -0.51799932 -0.23204622 0.23796652 0.23799911 0.23797067 0.070287129 0.070144982 -0.10742101 -0.14600006 -0.14656301 -0.314 -0.314 -0.258 -0.258 -0.258 -0.258 -0.086 -0.086 -0.086 -0.086 0.234 0.234 0.234 0.298 0.298 0.298
-0.086 -0.086 -0.176 -0.176 -0.176 -0.176 0.01884249 0.154 0.154 0.154 0.15371718 -0.358 -0.358 -0.358 -0.6363499 -0.638 -0.74329364 -0.744 -0.744 -0.744 -0.734 -0.734 -0.734 -0.734 -0.518 -0.518 -0.518 -0.518 -0.518 0.238 0.238 0.238 0.238 0.23799955 0.024 -0.314 -0.314 -0.314 -0.314 -0.31400096 -0.628 -0.628 -0.628 -0.48937287 -0.202 -0.202 -0.202 0.23399999 0.2339999 0.136 0.136 0.30599805 0.306
-0.086 -0.086 -0.14351632 -0.176 -0.176 -0.17600001 -0.63659458 0.15150405 0.154 0.154 -0.35800006 -0.358 -0.358 -0.358 -0.358 -0.38100812 -0.744 -0.744 -0.744 -0.744 -0.73400008 -0.734 -0.734 -0.734 -0.518 -0.518 -0.518 -0.518 -0.518 -0.11669908 0.238 0.238 0.238 0.024 0.024 0.023737535 -0.314 -0.314 -0.22958322 -0.16400001 -0.628 -0.628 -0.628 -0.49016074 -0.202 -0.202 -0.202 0.15 0.13617444 0.136 0.136 0.306 0.306
-0.528 -0.528 -0.528 -0.26425608 -0.17667334 -0.638 -0.638 -0.638 -0.638 -0.65 -0.65 -0.35800002 -0.358 -0.358 -0.358 -0.35802447 -0.744 -0.744 -0.744 -0.744 -0.73836368 -0.734 -0.734 -0.72735271 -0.4816921 -0.518 -0.518 -0.518 -0.242 -0.242 -0.242 -0.24199799 0.024 0.024 0.024 0.024 -0.164 -0.164 -0.164 -0.164 -0.294 -0.294 -0.294 0.073992601 0.074 0.074 0.073999913 0.15 0.15 0.13601706 0.136 0.30599979 0.306
-0.528 -0.528 -0.528 -0.52800571 -0.634 -0.63458167 -0.638 -0.638 -0.638 -0.65 -0.65 -0.65 -0.446 -0.446 -0.446 -0.446 -0.74370691 -0.744 -0.744 -0.744 -0.7438345 -0.4800007 -0.48 -0.48 -0.48 -0.48 -0.508 -0.508 -0.242 -0.242 -0.242 -0.242 0.023999848 0.024 0.024 0.023982895 -0.16399999 -0.164 -0.164 -0.16312263 -0.294 -0.294 -0.294 0.073982935 0.074 0.074 0.074 0.15 0.15 0.15000002 0.264 0.264 0.374
-0.528 -0.528 -0.528 -0.63399976 -0.634 -0.634 -0.638 -0.638 -0.638 -0.65 -0.65 -0.65 -0.446 -0.446 -0.446 -0.45651002 -0.584 -0.584 -0.58400041 -0.74309628 -0.48 -0.48 -0.48 -0.48 -0.48 -0.48002107 -0.508 -0.508 -0.508 -0.242 -0.242 -0.24205021 -0.186 -0.186 -0.186 -0.012000001 -0.012 0.036 0.036 0.036 0.404 -0.29378106 -0.29399494 0.384 0.384 0.37225135 0.074000948 0.15 0.15 0.264 0.264 0.264 0.374
-0.528 -0.528 -0.528 -0.634 -0.634 -0.634 -0.634 -0.638 -0.638 -0.65 -0.65 -0.45415706 -0.446 -0.446 -0.446 -0.584 -0.584 -0.584 -0.584 -0.584 -0.48 -0.48 -0.48 -0.48 -0.48 -0.5079999 -0.508 -0.508 -0.508 -0.32 -0.32 -0.32 -0.186 -0.186 -0.186 -0.012 -0.012 0.036 0.036 0.404 0.404 0.404 0.384 0.384 0.384 0.384 0.38991461 0.456 0.456 0.456 0.264 0.442 0.442
-0.528 -0.528 -0.52814761 -0.634 -0.634 -0.634 -0.634 -0.55974308 -0.556 -0.55616139 -0.64999999 -0.445999 -0.446 -0.446 -0.44600048 -0.584 -0.584 -0.584 -0.584 -0.584 -0.56631586 -0.48 -0.48 -0.48 -0.4800519 -0.5080126 -0.508 -0.508 -0.508 -0.32 -0.32 -0.32 -0.31998164 -0.186 -0.012 -0.012 -0.012 -0.011998008 0.036025097 0.404 0.404 0.404 0.38400121 0.384 0.384 0.384 0.45600049 0.456 0.456 0.456 0.442 0.442 0.442
-0.19 -0.19000059 -0.63392858 -0.634 -0.634 -0.634 -0.5560166 -0.556 -0.556 -0.556 -0.434 -0.434 -0.434 -0.434 -0.58330769 -0.584 -0.584 -0.584 -0.584 -0.57000001 -0.57 -0.57 -0.73199996 -0.732 -0.732 -0.732 -0.71266592 -0.508 -0.44000278 -0.44 -0.44 -0.44 -0.44 0.012 0.012 0.012 0.012 0.012 0.23 0.23 0.23 0.23 0.23 0.50581609 0.506 0.506 0.506 0.456 0.456 0.456 0.44200221 0.442 0.442
-0.19 -0.19 -0.19165788 -0.38800049 -0.38800005 -0.38816395 -0.556 -0.556 -0.556 -0.556 -0.434 -0.434 -0.434 -0.434 -0.434 -0.584 -0.584 -0.584 -0.57 -0.57 -0.57 -0.57 -0.732 -0.732 -0.732 -0.732 -0.732 -0.7319523 -0.4398857 -0.44 -0.44 -0.44 -0.43995408 0.12991554 0.012122097 0.012 0.012 0.012000003 0.23 0.23 0.23 0.23 0.23 0.506 0.506 0.506 0.506 0.48261902 0.456 0.58850497 0.59 0.358 0.358
-0.19 -0.19 -0.38797492 -0.388 -0.388 -0.388 -0.43067129 -0.556 -0.556 -0.556 -0.434 -0.434 -0.434 -0.434 -0.434 -0.583886 -0.584 -0.5700041 -0.57 -0.57 -0.57 -0.57 -0.67198605 -0.732 -0.732 -0.732 -0.732 -0.73158362 -0.144 -0.144 -0.144 -0.144 -0.144 0.22 0.22 0.22 0.22 0.22 0.154 0.154 0.154 0.154 0.154 0.5062051 0.50600004 0.506 0.50601424 0.50772538 0.59 0.59 0.59 0.3580013 0.358
-0.18999974 -0.052729437 -0.38799995 -0.388 -0.388 -0.388 -0.388 -0.55592847 -0.556 -0.556 -0.434 -0.434 -0.434 -0.434 -0.58653503 -0.59 -0.59 -0.57000051 -0.57 -0.57 -0.57 -0.57 -0.57000003 -0.732 -0.732 -0.732 -0.732 -0.29199987 -0.29199993 -0.260502 -0.144 -0.144 -0.144 0.22 0.22 0.22 0.22 0.22003657 0.154 0.154 0.154 0.154 0.15401318 0.59 0.59 0.59 0.59 0.59 0.59 0.59 0.59 0.58999986 0.36588218
-0.05 -0.05 -0.11987062 -0.388 -0.388 -0.388 -0.388 -0.388 -0.55592796 -0.388 -0.388 -0.388 -0.38810917 -0.58999978 -0.59 -0.59 -0.59 -0.59 -0.57000115 -0.57984696 -0.666 -0.666 -0.666 -0.68162409 -0.71039018 -0.59476012 -0.49709394 -0.292 -0.292 -0.292 -0.292 -0.292 -0.28437749 0.26984733 0.274 0.274 0.274 0.274 0.18631081 0.32599969 0.326 0.326 0.326 0.43000047 0.58999996 0.59 0.59 0.37 0.58999648 0.59 0.59 0.366 0.366
-0.05 -0.05 -0.1 -0.1 -0.1 -0.38790407 -0.388 -0.388 -0.388 -0.388 -0.388 -0.388 -0.388 -0.58999999 -0.59 -0.59 -0.59 -0.59 -0.666 -0.666 -0.666 -0.666 -0.666 -0.46200001 -0.462 -0.462 -0.462 -0.292 -0.292 -0.292 -0.292 -0.292 -0.096 -0.096 0.274 0.274 0.274 0.26600136 0.266 0.326 0.326 0.326 0.32600002 0.43 0.43 0.43 0.37 0.37 0.37 0.236 0.236 0.366 0.366
-0.05 -0.05 -0.1 -0.1 -0.1 -0.1 -0.10000056 -0.202 -0.38782488 -0.388 -0.388 -0.388 -0.388 -0.58748023 -0.59 -0.59 -0.59 -0.59 -0.666 -0.666 -0.666 -0.666 -0.666 -0.462 -0.462 -0.462 -0.462 -0.46199932 -0.292 -0.292 -0.292 -0.096010276 -0.096 -0.096 -0.096 0.274 0.266 0.266 0.266 0.26757871 0.41030085 0.426 0.426 0.43 0.43 0.43 0.37 0.37 0.37 0.236 0.236 0.236 0.36962287
0.126 0.12599862 -0.1 -0.1 -0.1 -0.1 -0.202 -0.202 -0.202 -0.388 -0.388 -0.388 -0.388 -0.3880628 -0.59 -0.59 -0.59 -0.59 -0.66599847 -0.666 -0.666 -0.66599999 -0.49792684 -0.462 -0.462 -0.462 -0.462 -0.49599997 -0.496 -0.496 -0.29418214 -0.096 -0.096 -0.096 -0.095999532 0.39399999 0.266 0.266 0.266 0.266 0.426 0.426 0.426 0.602 0.602 0.602 0.67397039 0.37 0.37 0.236 0.236 0.236 0.37000003
0.126 0.126 -0.1 -0.1 -0.1 -0.202 -0.202 -0.202 -0.202 -0.36761172 -0.388 -0.388 -0.388 -0.38799973 -0.19804511 -0.198 -0.198 -0.198 0.028651799 -0.176 -0.176 -0.176 -0.176 -0.462 -0.462 -0.462 -0.46200224 -0.496 -0.496 -0.496 -0.496 -0.095974284 0.17961083 0.394 0.394 0.394 0.26670223 0.45399609 0.454 0.454 0.4260846 0.534 0.534 0.602 0.602 0.6020003 0.674 0.674 0.316 0.316 0.316 0.49 0.38
