interpolatedSpi/04-06|22_1.tif
NCOLS 53
NROWS 52
XLLCORNER -116.03883
YLLCORNER 28.596182
DX 0.49850594
DY 0.49788537
NODATA_VALUE -9999
[rows 0 to 28 of 52, columns 0 to 52 of 53]
0.51 0.51 0.060712253 0.12333333 0.22333333 0.35666667 0.49 0.20333333 -0.068247039 -0.23666667 0.25 0.76333333 0.49999973 0.49666667 -0.01 -0.01 -0.01 0.45666667 0.14 0.14 0.14 0.1399938 -0.50333333 -0.096666667 -0.096666667 -0.096666667 -0.54332815 -0.54333333 -0.54333333 -0.12 -0.12 -0.12 -0.12 1.1033331 1.1033333 1.1033333 1.1033333 1.1033333 1.1033333 1.1033333 0.63174714 0.62686118 1.39 1.39 1.39 1.39 1.3898693 1.31 1.31 1.31 1.6799992 1.68 1.68
0.5099572 -0.45333333 0.15333366 0.2271096 0.19344353 0.38333333 0.21666667 0.55956939 0.23666667 0.33666667 0.48666667 0.5 0.5 0.73254418 0.49666505 -0.01 0.45666667 0.45666667 0.14041289 0.14 0.14 0.14 -0.072629061 -0.096666667 -0.096666667 -0.096666667 0.30333331 0.30333333 -0.12 -0.12 -0.12 -0.12 -0.12 1.1033332 1.1033333 1.1033333 1.1033333 1.1033333 1.1033333 1.2344339 1.9798985 1.4615911 1.39 1.39 1.39 1.39 1.39 1.31 1.31 1.31 1.3406808 1.68 1.68
0.46331057 0.46333333 0.44 0.61333333 0.36 -0.0066666667 0.18666667 0.20333333 -0.0033333333 0.29666667 0.32 0.57666667 0.4 0.62666667 0.73333333 0.083333333 0.45666667 0.45666667 0.45666667 0.053358528 0.053333333 0.053333333 0.36 -0.096666667 -0.096666667 -0.096666667 0.30333333 0.30333333 0.30333333 -0.12 -0.12 -0.11999993 0.52989009 1.1031259 1.1018751 0.94810228 0.94666667 0.94666667 1.0766328 1.98 1.98 1.9792455 1.39 1.39 1.39 1.39 1.39 1.31 1.31 1.31 1.31 1.68 1.68
0.31333333 0.46333331 0.33337674 1.0866667 0.09 0.4 0.84 0.33666667 0.056666667 0.71464155 0.62666667 0.22666667 0.27 0.62666667 -0.66333333 0.083333333 -0.66092845 -0.66587959 -0.48666667 0.053333333 0.053333333 -0.0033333333 0.36 0.36 -0.096666667 -0.096664669 0.30333333 0.30333333 0.30333333 0.34333333 0.82982758 1.23 1.23 1.2299998 0.94666667 0.94666667 0.94666667 0.94666667 1.98 1.98 1.98 1.98 1.39 1.39 1.39 1.39 1.39 1.310001 1.31 1.31 1.31 1.6799721 1.68
0.31333333 0.95666552 0.33333333 0.49726184 0.09 0.44 0.72334031 1.0233333 0.46 0.83666644 0.39806068 0.18660269 -0.26 -0.66333333 -0.66333333 -0.1755235 -0.66666667 -0.66666667 -0.48666667 -0.48666667 0.053333177 -0.0033333333 -0.093333333 0.35 0.7 0.70005915 0.30333333 0.30333333 0.34333333 0.34333333 1.23 1.23 1.23 1.130685 0.94666667 0.94666667 0.94666667 1.98 1.98 1.98 1.98 1.9799427 1.39 1.39 1.39 1.39 1.39 1.3892879 1.31 1.3099783 0.82666667 0.82666667 0.82666667
-1.55 0.31333333 0.039999997 0.68666667 -0.15666667 0.53666667 0.59 0.64547908 0.60666667 -3.7007434e-17 -0.25 -0.37666667 -0.37666659 0.01 0.01 -0.49330034 -0.49333333 -0.23 -0.23 -0.4866666 -0.42 -0.42 0.35 0.7 0.7 0.95333333 0.63666667 0.63666667 0.94327857 0.34333333 1.23 1.23 0.70333333 0.70344827 1.8032545 1.63 1.63 1.8717195 1.98 1.98 1.3874067 1.3866667 1.3866677 1.1509622 1.1466936 1.1466667 1.1466667 1.1466668 0.98724645 0.82666667 0.82666667 0.82666667 0.82666667
-0.58000818 -0.72333333 -0.37989579 -0.16 -0.086666667 0.046666667 0.22666667 0.09 -0.12333333 -0.12333333 -0.25 -0.15666667 -0.22333329 0.01 -0.35666557 -0.35666667 -0.49333333 -0.18666667 -0.41333333 -0.41333333 -0.28804583 -0.14 -0.14 0.60333333 0.95333333 0.95333333 0.63666667 0.63666667 0.94332129 0.9431116 1.3846611 0.70333333 0.70333333 1.8033333 1.8033333 1.5936907 1.63 1.63 1.7799948 1.3866672 1.3866667 1.3866667 1.3866719 1.1466668 1.1466667 1.1466667 1.1466667 1.1466666 1.0033333 0.82670168 0.82666667 0.82666667 0.82666667
-0.58 0.38333333 0.18666667 -1.0766667 -1.1233307 -0.44 -0.65333333 -0.45666666 -0.85 -0.23333333 -0.23333333 -0.05 -0.22333333 -0.22333333 -0.35575188 -0.81204515 -0.85666667 -0.21333333 -0.47333327 -0.41333333 -0.18776405 -0.14333333 -0.94 0.0099999959 0.010000301 0.033333333 0.74333333 0.7433333 0.73739086 0.73666668 1.3866667 0.70336759 1.0733333 1.8033333 1.7933509 1.5633333 1.5633333 1.78 1.78 1.3866667 1.3866667 1.3866667 1.1639648 1.1633333 1.1466667 1.1466667 1.1466667 1.0033388 1.0033333 1.0033333 0.82666667 0.82666667 0.82666667
0.204309 0.38333333 0.42 -0.67333333 -0.66666667 -0.88666667 -0.74333333 -0.64333333 -0.26666667 -0.27729917 0.14333333 0.24666666 0.24666667 0.58 0.57999383 -0.63063174 -0.63 -0.63 -0.25302274 -0.5266667 -0.66666667 -0.66666666 -0.39666667 -0.72588126 0.030981949 0.033333333 0.71333333 0.74333333 1.3663584 1.37 0.6 1.64 1.2958355 1.2266667 1.4533333 1.38 1.5533333 1.09 1.769686 1.3886754 1.8366667 1.2333333 1.1633236 1.1633333 1.1632395 1.1466667 0.89333335 1.0033333 1.0033333 1.0033333 1.0033333 0.81172577 0.74666667
-0.79666667 -0.79666667 0.48666667 -0.48333333 -0.93333333 -0.95333333 -1.18 -0.98333333 -0.56666667 -0.28006587 0.20333333 0.29 0.58 0.58 -0.076666667 -0.084255883 -0.63 -0.62993846 -0.36 -0.52666667 -0.52666667 -0.54470335 -0.39666667 0.44998397 0.45 0.45 0.71333333 1.0766667 1.0766667 1.37 1.37 1.638704 0.95666667 1.2266667 1.32 1.38 1.5533333 1.7766667 1.77 0.75013455 1.2333334 1.1855792 1.1033333 1.1633333 1.1633333 0.89333333 0.89333333 0.89333333 1.0033333 1.0033333 0.70666667 0.70666667 0.70666668
-0.79666667 -0.79666667 0.026666667 -0.25 -0.52666667 -0.77 -0.85333333 -0.28348567 -0.45 -0.48666667 -0.18666667 -0.54666667 0.28888658 -0.076666667 -0.076666667 -0.076698968 -0.35666667 -0.35684162 -0.36 -0.06 -0.06 -0.19 -0.19 0.45 0.45 0.45 1.0766667 1.0766667 1.0766667 0.41666667 0.41666667 0.41666756 1.0466667 1.0466667 0.68333333 0.78333333 1.3166667 0.96000128 1.4666667 0.73333333 0.73333333 0.88333406 1.1033333 1.1633333 1.3066666 1.3 1.0725581 1.0733333 1.3233333 1.3233333 0.70666667 0.70666667 0.70666667
-0.79666667 -0.44119415 -0.091396868 -0.35332267 0.43 -0.82 -0.85333333 -0.28333333 -0.44999861 -0.48626044 -0.54666659 -0.54666667 -0.53333333 -0.076666667 -0.076666667 -0.35666666 -0.35666667 -0.35666686 -0.36 -0.06 -0.085529355 -0.19 -0.19 0.44997453 0.45 0.52998843 0.69333333 0.69333333 0.69333338 0.41666667 0.41666667 0.46666667 0.46666667 1.0466657 0.68333333 1.18 1.2835268 0.96 0.96 0.73333334 0.88333333 0.88333333 0.88333643 1.3066667 1.3066667 1.3 1.0733333 1.0733333 1.3233333 1.3233333 0.70666667 0.70666667 0.70666667
0.78333333 0.34898952 0.37997682 0.37469686 0.42999353 -0.81997049 -0.85333333 -0.29034971 -0.43851496 -0.45095746 -0.53333333 -0.53333333 -0.53333333 -0.53333333 -0.076731357 -0.35666667 -0.35666667 -0.35670971 -0.36 -0.059950792 0.11666667 0.11666667 0.11666667 0.11666667 0.44456821 0.69333333 0.69333333 0.69333333 0.69333333 0.69314245 0.46666667 0.46666667 0.46666667 0.46666667 1.18 1.18 1.18 0.97078269 0.95979972 0.93333333 0.93333333 0.88333602 1.053342 1.3066423 1.3066667 1.3 1.0733333 1.0733333 1.3233333 1.3233333 0.70890387 0.70666667 0.92044914
0.78333333 0.38 0.38 0.38 0.38 0.3799995 -0.85324785 -0.58365216 -0.40787397 -0.53324444 -0.53333333 -0.53333333 -0.53333333 -0.53333333 -0.53333311 -0.35666666 -0.35666667 -0.35689531 -0.35999841 0.11666667 0.11666667 0.11666667 0.11666667 0.11666667 0.12884636 0.62943744 0.58666669 0.58666667 0.58666667 0.58666667 0.46666666 0.46666667 0.4666672 0.91 0.91 1.18 1.18 1.18 0.93333348 0.93333333 0.93333333 0.93333333 1.0533333 1.0533333 1.0533333 1.0550499 1.0468872 1.0466667 1.0466667 1.0466667 1.0466667 1.0533333 1.0533333
1.2766667 0.38 0.38 0.38 0.38 0.38 0.37999992 -0.38785304 -0.24052315 -0.24 -0.24 -0.24 -0.24 -0.24 -0.24 0.69073801 -0.33973948 -0.35712286 0.11660674 0.11666667 0.11666667 0.11666667 0.11666667 0.11666726 0.68 0.68 0.67999987 0.58666667 0.58666667 0.58611266 0.31 0.31 0.91 0.91 0.91 1.1367488 1.18 1.18 1.18 0.93333333 0.93333333 0.93333333 1.0533333 1.0533333 1.0533333 1.0533333 1.0466667 1.0466667 1.0466667 1.0466667 1.0466667 1.0533333 1.0533333
1.2766667 0.94284785 0.38 0.38 0.38 0.38 0.43998822 0.44 0.43999998 -0.24 -0.24 -0.24 -0.24 -0.24 -0.030423353 0.71 0.71 0.71 0.62179074 0.62333282 0.62333333 0.62333333 0.62333333 0.62333333 0.68 0.68 0.68 0.68 0.58666667 0.31 0.31 0.31 0.90999995 0.91 0.91 0.84666667 1.1795587 1.18 1.18 0.93327153 0.80967611 0.52123536 1.0533333 1.0533333 0.42527755 0.42333333 0.42333333 1.0446664 -0.1657483 -0.16999989 -0.16999977 0.033487672 1.0533313
1.2766667 0.98472387 0.6819408 0.38 0.38 0.43996455 0.44 0.44 0.44 0.43509973 -0.24 -0.24 -0.24 -0.23999989 0.71 0.71 0.71 0.71 0.62341075 0.62333333 0.62333333 0.62333333 0.62333333 0.62333333 0.68 0.68 0.68 0.68 0.67865418 0.31 0.31 0.31 0.46666666 0.90998286 0.84666667 0.84666667 0.84666667 0.84134176 0.5617767 0.52 0.52 0.52 0.16333333 0.16333333 0.42333333 0.42333333 0.42333333 -0.16999999 -0.17 -0.17 -0.17 0.033333333 0.033333333
0.97687241 0.97666667 0.97666667 0.97666666 0.24 0.43999484 0.44 0.44 0.44 0.44 -0.11533359 -0.23997854 -0.23999995 0.71 0.71 0.71 0.71 0.71 0.67816483 0.62333333 0.62333333 0.62333333 0.62333333 0.62333333 0.50468772 0.27000222 0.27 0.27 0.27 0.31000001 0.46666666 0.46666667 0.46666667 0.46666667 0.84666667 0.84665385 0.36 0.36 0.51800216 0.52 0.52 0.52 0.16333333 0.16333333 0.38307638 0.42333333 0.42333333 -0.17 -0.17 -0.17 -0.16781974 0.033333333 0.033333333
0.97666667 0.97666667 0.97666667 0.62975934 0.24 0.24 0.44 0.44 0.44 0.44 1.4066667 1.4066667 1.4066667 0.71 0.71 0.71 0.71 0.70992674 0.31333333 0.31333333 0.62333321 0.62333333 0.61822072 0.41333333 0.41204296 0.27 0.27 0.27 0.27 0.46664664 0.46666667 0.46666667 0.46666667 0.46666667 0.36000171 0.36 0.36 0.36 0.36055066 0.52 0.52 0.52 0.16333333 0.16333333 0.16333333 0.42333333 0.42333333 -0.16999999 -0.17 -0.17 0.033333333 0.033333333 0.033333333
0.97666667 0.97666667 0.97666667 0.24 0.24 0.24 0.24000031 0.44 0.44 1.4056688 1.4066667 1.4066667 1.4066667 1.4062326 0.35115606 0.26666667 0.26666667 0.26666667 0.31333333 0.31333333 0.31333333 0.41333333 0.41333333 0.41333333 0.41323062 0.15285624 0.27 0.27 0.27 0.25336446 0.21002524 0.21 0.21 0.21 0.27260429 0.15000048 0.15 0.15 0.15 -0.3432152 -0.34333333 -0.34333333 0.16333333 0.16333333 -0.21666508 -0.21666654 0.14666667 0.14666667 0.14 0.14 0.14 0.033333333 -0.089889725
0.97666582 0.97666667 0.97666664 0.24 0.24 0.24 0.24 -0.083333181 0.43790751 1.4058264 1.4066667 1.4066667 1.4066667 1.4044297 0.26666667 0.26666667 0.26666667 0.26666668 0.31333333 0.31333333 0.31333333 0.41333333 0.41333333 0.41333333 0.046666667 0.046666667 -0.16333333 -0.16333333 -0.16333333 -0.16129668 0.21 0.21 0.21 0.21 0.18001639 0.15 0.15 0.15 0.15 -0.34333333 -0.34333333 -0.34333333 -0.33934792 -0.21666667 -0.21666667 -0.21666667 0.14666667 0.14666667 0.14 0.14 0.14 -0.089999992 -0.09
0.70333333 0.80906171 0.21666667 0.21667344 0.24 -0.081462538 -0.083333333 -0.083333333 -0.020174371 0.47999999 0.48 0.48 0.48 0.063346897 0.063333334 0.26666651 0.26666667 0.26789626 0.31333333 0.31333333 0.31333333 -0.25333333 -0.25333333 -0.25333333 0.046666667 0.046666667 -0.16333333 -0.16333333 -0.16333333 -0.16333325 -0.043331723 -0.043332622 0.20363285 0.20972841 -0.34935865 -0.35 -0.35 -0.35 -0.35 -0.34333333 -0.34333333 -0.34333333 -0.22364145 -0.21666667 -0.21666667 -0.21666664 0.14666667 0.14666667 0.14666643 0.14 0.13997958 -0.31666667 -0.09
0.19343018 0.19333334 0.21666667 0.21666667 0.21666667 -0.083333333 -0.083333333 -0.083333333 0.09 0.09 0.48 0.48 0.48 0.063333333 0.063333333 0.063333333 0.063333333 0.06336185 0.31333333 0.31333333 0.31333331 -0.25333333 -0.25333333 -0.25333333 0.046666667 0.046666667 -0.16333333 -0.16333333 -0.16333333 -0.044686342 -0.043333333 -0.043333333 -0.043333333 -0.043333333 -0.34984868 -0.35 -0.35 -0.35 -0.35 -0.52999995 -0.53 -0.53 -0.53 -0.21666541 -0.053333333 -0.053333333 -0.053333333 -0.11666667 -0.11666667 -0.11666667 -0.31666667 -0.31666667 -0.31666667
0.19333333 0.19333333 0.21666667 0.21666667 0.21666667 -0.08175648 -0.083333333 0.09 0.09 0.09 0.47995199 0.48 0.13136012 0.063333331 0.063333333 0.063333333 0.063333333 -0.19666667 -0.19666667 -0.19666667 -0.92666665 -0.92666617 -0.25333661 -0.25333333 -0.25355738 -0.77333333 -0.77333333 -0.77333188 -0.16343191 -0.53990102 -0.53999736 -0.53991329 -0.044182188 -0.043761952 -0.29570433 -0.35000022 -0.35188786 -0.91333333 -0.91333333 -0.53 -0.53 -0.53 -0.53 -0.053333333 -0.053333333 -0.053333333 -0.053333333 -0.11666667 -0.11666667 -0.11666667 -0.31666667 -0.31666667 -0.31666667
0.19333333 0.19333333 0.21666667 0.21666667 0.21666667 0.21666667 -0.01845973 0.09 0.09 0.09 0.089979747 0.053333333 0.053333333 0.053333333 0.063274401 0.063333333 -0.19493409 -0.19666667 -0.19666667 -0.19666667 -0.92666667 -0.92666667 -0.92666667 -0.92666667 -0.77333333 -0.77333333 -0.77333333 -0.77333333 -0.77333333 -0.54 -0.54 -0.54 -0.54 -0.53999997 -0.52666667 -0.91333333 -0.91333333 -0.91333333 -0.91333333 -0.91333113 -0.27666667 -0.27666667 -0.27666667 -0.21158371 -0.076666667 -0.076666667 -0.076666667 -0.11666667 -0.11666661 -0.063333333 -0.063333333 -0.063394963 -0.063333333
0.19333333 0.19333333 0.20824497 0.21666667 0.21666667 0.21666665 -0.48897078 0.08817216 0.09 0.09 0.053333307 0.053333333 0.053333333 0.053333333 0.053333333 0.054115812 -0.19666667 -0.19666667 -0.19666667 -0.19666667 -0.92666102 -0.92666667 -0.92666667 -0.92666667 -0.77333333 -0.77333333 -0.77333333 -0.77333333 -0.77333333 -0.88484633 -0.54 -0.54 -0.54 -0.52666667 -0.52666667 -0.52696692 -0.91333333 -0.91333333 -0.54377544 -0.25666672 -0.27666667 -0.27666667 -0.27666667 -0.21337906 -0.076666667 -0.076666667 -0.076666667 -0.49 -0.068649559 -0.063333333 -0.063333333 -0.063333333 -0.063333333
-0.67333333 -0.67333333 -0.67333333 -0.0064807983 0.21543006 -0.49 -0.49 -0.49 -0.49 -0.073333337 -0.073333333 0.053333324 0.053333333 0.053333333 0.053333333 0.053317467 -0.19666667 -0.19666667 -0.19666667 -0.19666667 -0.60811835 -0.92666667 -0.92666667 -0.92570708 -0.88480497 -0.77333333 -0.77333333 -0.77333333 -1.0066667 -1.0066667 -1.0066667 -1.0066647 -0.52666667 -0.52666667 -0.52666667 -0.52666667 -0.25666667 -0.25666667 -0.25666667 -0.25666667 -0.26333333 -0.26333333 -0.26333333 -0.34999826 -0.35 -0.35 -0.34999991 -0.49 -0.49 -0.063853203 -0.063333333 -0.063333401 -0.063333333
-0.67333333 -0.67333333 -0.67333333 -0.67333082 -0.62666667 -0.60679309 -0.49 -0.49 -0.49 -0.073333333 -0.073333333 -0.073333333 -0.49666664 -0.49666667 -0.49666667 -0.49666665 -0.19678879 -0.19666667 -0.19666667 -0.19666667 -0.20773406 -0.8900001 -0.89 -0.89 -0.89 -0.89000001 -1.12 -1.12 -1.0066667 -1.0066667 -1.0066667 -1.0066667 -0.52666676 -0.52666667 -0.52666667 -0.52667753 -0.25666666 -0.25666667 -0.25666667 -0.25590628 -0.26333333 -0.26333333 -0.26333333 -0.34999598 -0.35 -0.35 -0.35 -0.49 -0.49 -0.48999994 -0.076666667 -0.076666667 -0.41666667
-0.67333333 -0.67333333 -0.67333333 -0.62666677 -0.62666667 -0.62666667 -0.49000005 -0.49 -0.49 -0.073333333 -0.073333333 -0.073333333 -0.49666667 -0.49666667 -0.49666667 -0.4788961 -0.26333333 -0.26333333 -0.26333316 -0.19704322 -0.89 -0.89 -0.89 -0.89 -0.89 -0.89017309 -1.12 -1.12 -1.12 -1.0066667 -1.0066667 -1.0066645 -0.66 -0.66 -0.66 -0.46 -0.46 -0.083333333 -0.083333333 -0.083333333 0.036666667 -0.26323923 -0.26333246 -0.14666667 -0.14666667 -0.15437277 -0.3499997 -0.49 -0.49 -0.076666667 -0.076666667 -0.076666667 -0.41666667
