interpolatedSpi/04-06|23_1.tif
NCOLS 53
NROWS 52
XLLCORNER -116.03883
YLLCORNER 28.596182
DX 0.49850594
DY 0.49788537
NODATA_VALUE -9999
[rows 0 to 28 of 52, columns 0 to 52 of 53]
0.91666667 0.91666667 0.15405413 -0.12666667 1.0508801e-21 0.37666667 0.13666667 0.24333333 -0.4512352 -0.20333333 -0.24 0.01 -0.13335694 -0.42 -0.36333333 -0.36333333 -0.36333333 -0.33666667 -0.07 -0.07 -0.07 -0.069996661 0.27666666 -0.62666667 -0.62666667 -0.62666667 -0.41666752 -0.41666667 -0.41666667 -1.0933333 -1.0933333 -1.0933333 -1.0933333 -1.8333332 -1.8333333 -1.8333333 -1.8333333 -1.8333333 -1.8333333 -1.8333333 -0.25038283 -0.23317248 0.4 0.4 0.4 0.4 0.39813255 -0.74333333 -0.74333333 -0.74333333 -0.74999999 -0.75 -0.75
0.9166406 0.33 0.08333381 0.11327153 -0.076613403 0.29666667 0.47666667 0.21024242 -0.09 -0.24 0.18 -0.13333333 -0.13333333 0.055077236 -0.41999374 -0.36333333 -0.33666667 -0.33666667 -0.070347698 -0.07 -0.07 -0.07 -0.6236839 -0.62666667 -0.62666667 -0.62666667 -0.22333336 -0.22333333 -1.0933333 -1.0933333 -1.0933333 -1.0933333 -1.0933333 -1.8333332 -1.8333333 -1.8333333 -1.8333333 -1.8333333 -1.8333333 -1.5342795 0.033193768 0.35550711 0.4 0.4 0.4 0.4 0.4 -0.74333333 -0.74333333 -0.74333333 -0.74388614 -0.75 -0.75
0.78665768 0.78666667 0.49666667 0.33666667 0.26666667 0.62666667 0.086666667 0.70333333 -0.26 -0.51666667 -0.40333333 -0.026666667 -0.46666667 -0.58 0.056666667 -0.36666667 -0.33666667 -0.33666667 -0.33666667 0.25990407 0.26 0.26 -0.57 -0.62666667 -0.62666667 -0.62666667 -0.22333333 -0.22333333 -0.22333333 -1.0933333 -1.0933333 -1.0933333 -0.6247706 -1.8300788 -1.8249873 -0.94488325 -0.93666667 -0.93666667 -0.81466623 0.033333327 0.033333333 0.033802205 0.4 0.4 0.4 0.4 0.4 -0.74333333 -0.74333333 -0.74333333 -0.74333333 -0.75 -0.75
0.64333333 0.78666648 -0.11676726 0.36 -0.11666667 0.19333333 0.14333333 -0.07 0.14 -0.40873969 -0.46333333 -0.36 -0.21 -0.58 -0.37 -0.36666667 -0.27735525 -0.27670871 -0.20666667 0.26 0.26 -0.50333333 -0.57 -0.57 -0.62666667 -0.62666465 -0.22333333 -0.22333333 -0.22333333 -0.40333333 -0.24787464 -0.12 -0.12 -0.12000064 -0.93666667 -0.93666667 -0.93666667 -0.93666667 0.033333333 0.033333333 0.033333333 0.033333347 0.4 0.4 0.4 0.4 0.4 -0.74331891 -0.74333333 -0.74333333 -0.74333333 -0.75001775 -0.75
0.64333333 -0.050000122 -0.11666667 -0.40854089 -0.11666667 -0.46 -0.5733833 -1.1866667 -1.2933333 -0.47666697 -0.49762113 -0.49992456 0.026666667 -0.37 -0.37 -0.36635565 -0.27666667 -0.27666667 -0.20666667 -0.20666667 0.25999851 -0.50333333 -0.046666667 0.66333333 0.15 0.14998899 -0.22333333 -0.22333333 -0.40333333 -0.40333333 -0.12 -0.12 -0.12 -0.15017171 -0.93666667 -0.93666667 -0.93666667 0.033333333 0.033333333 0.033333333 0.033333333 0.033281529 0.39999999 0.4 0.4 0.4 0.4 0.38982292 -0.74333333 -0.743358 -1.2933333 -1.2933333 -1.2933333
-0.57333333 -0.44 -0.61999999 -0.18666667 -0.60666667 -0.95 -1.0466667 -1.0645907 -0.75666667 -1.1233333 -1.66 -0.96333333 -0.96333268 -1.1433333 -1.1433333 -0.13665218 -0.13666667 -0.52666667 -0.52666667 -0.20666673 -0.17333333 -0.17333333 0.66333333 0.15 0.15 0.10333333 -0.28666667 -0.28666667 -0.0467004 -0.40333333 -0.12 -0.12 -0.28 -0.27999896 -0.27000074 -0.3 -0.3 -0.069790943 0.033333333 0.033333333 -0.50266399 -0.50333333 -0.50333234 -0.6052687 -0.62322023 -0.62333306 -0.6233333 -0.62333295 -0.9979435 -1.2933333 -1.2933333 -1.2933333 -1.2933333
0.58333463 -0.52333333 -0.4531533 -1.3733333 -1.0233333 -0.99333333 -0.78 -1.0033333 -1.6066667 -1.6066667 -1.66 -1.2833333 -1.0766667 -1.1433333 -0.076669862 -0.076666667 -0.13666667 -0.02 -0.27666667 -0.27666667 0.052873814 0.30666667 0.30666667 0.083333334 0.10333333 0.10333333 -0.28666667 -0.28666667 -0.046725332 -0.047746738 0.076506182 -0.28 -0.28 -0.27 -0.27 -0.61589122 -0.3 -0.3 -0.44332837 -0.50333325 -0.50333333 -0.50333333 -0.50332827 -0.6233332 -0.62333333 -0.62333333 -0.62333333 -0.62333353 -0.95666667 -1.2932666 -1.2933333 -1.2933333 -1.2933333
0.58333333 -0.29333333 -0.20333333 -1.55 -1.2900149 -1.3266667 -1.57 -1.9266667 -1.3966667 -1.2633333 -1.2633333 -1.0066667 -1.0766667 -1.0766667 -0.083527594 -0.30132005 -0.32333333 -0.043333333 -0.41666652 -0.27666667 0.032488726 0.093333333 0.14333333 0.48666667 0.48665674 -0.28333333 -0.29333333 -0.29333333 -1.0498058 -1.0533333 0.08 -0.39318042 -0.27333333 -0.27 -0.2755141 -0.88 -0.88 -0.44333333 -0.44333333 -0.50333333 -0.50333333 -0.50333332 -0.59826058 -0.6 -0.62333333 -0.62333333 -0.62333333 -0.95665398 -0.95666667 -0.95666667 -1.2933333 -1.2933333 -1.2933333
-0.322665 -0.29333333 -0.063333333 -1.3733333 -1.27 -2 -1.4233333 -1.2966667 -1.9033333 -1.2228532 -0.41666667 -0.90333333 -0.90333333 -0.47333333 -0.47333597 -0.42637867 -0.42666667 -0.42666667 -0.10032324 -0.10666677 -0.62333333 -0.62333333 -0.076666667 0.056634953 -0.20573766 -0.28333333 -0.41666667 -0.29333333 -0.2966473 -0.29666667 -0.42666667 -0.07 0.012262381 -0.6 -0.46333333 -0.70666667 -0.53333333 -0.96 -0.35028167 -0.50151807 -0.096666667 -0.33666667 -0.59990992 -0.6 -0.60013133 -0.62333333 -0.96999998 -0.95666667 -0.95666667 -0.95666667 -0.95666666 -1.186672 -0.076666667
-0.48666667 -0.48666667 0.15333333 -0.29333333 -1.9033333 -1.2533333 -0.96 -1.5766667 -1.37 -1.0499893 -1.3233333 -0.35 -0.47333333 -0.47333333 -0.75333333 -0.74885295 -0.42666667 -0.42663252 -0.26666667 -0.10666667 -0.10666667 -0.17323066 -0.076666667 -0.053333775 -0.053333333 -0.053333333 -0.41666667 -0.59333333 -0.59333333 -0.29666667 -0.29666667 -0.06969022 0.093333333 -0.6 -0.53666667 -0.70666667 -0.53333333 -1.2766667 -0.35 -0.087655187 -0.33666666 -0.23013824 -0.046666667 -0.6 -0.6 -0.97 -0.97 -0.97 -0.95666667 -0.95666667 -0.43666667 -0.43666667 -0.43666653
-0.48666667 -0.48666667 -0.75 -1.03 -1.21 -0.42333333 -1.16 -0.62744565 -0.76666667 -1.0233333 -0.47 -0.28 -0.34990699 -0.75333333 -0.75333333 -0.75328873 -0.36666667 -0.3614182 -0.26666667 0.076666667 0.076666667 0.36666667 0.36666667 -0.053333333 -0.053333333 -0.053333333 -0.59333333 -0.59333333 -0.59333333 -0.28666667 -0.28666667 -0.28666604 -0.23 -0.23 -1.0533333 -0.70333333 -0.42 -0.40667259 -0.28666667 -0.083333333 -0.083333333 -0.23999936 -0.046666667 -0.6 -0.24000015 -0.35 -0.077195068 -0.073333336 -0.42666667 -0.42666667 -0.43666667 -0.43666667 -0.43666667
-0.48666667 -0.60047378 -0.86948599 -1.2099912 -0.69 -0.80666667 -1.16 -0.62666667 -0.7666655 -1.0204898 -0.28000097 -0.28 0.033333333 -0.75333333 -0.75333333 -0.36666668 -0.36666667 -0.36666098 -0.26666667 0.076666667 0.13361677 0.36666667 0.36666667 -0.0533165 -0.053333333 -0.099354072 -0.19333333 -0.19333333 -0.19333338 -0.28666667 -0.28666667 0.05 0.05 -0.23000226 -1.0533333 -0.10000058 -0.52957489 -0.40666667 -0.40666667 -0.083333338 -0.24 -0.24 -0.23999997 -0.24 -0.24 -0.35 -0.073333333 -0.073333333 -0.42666667 -0.42666667 -0.43666667 -0.43666667 -0.43666667
-0.05 -0.27722587 -0.23336274 -0.24040393 -0.69000079 -0.80666391 -1.16 -0.63323169 -0.75701923 -0.77336892 0.033333333 0.033333333 0.033333333 0.033333333 -0.7532219 -0.36666667 -0.36666667 -0.36537551 -0.26666667 0.076725262 0.28666667 0.28666667 0.28666667 0.28666667 -0.047701366 -0.19333333 -0.19333333 -0.19333333 -0.19333333 -0.19342834 0.05 0.05 0.05 0.05 -0.1 -0.1 -0.1 -0.39269294 -0.40601575 -0.32 -0.32 -0.2400043 -0.41999384 -0.24001734 -0.24 -0.35 -0.073333333 -0.073333333 -0.42666667 -0.42666667 -0.43663039 -0.43666667 -0.62524064
-0.05 -0.23333333 -0.23333333 -0.23333333 -0.23333333 -0.23333357 -1.1590955 -0.90766466 -0.73128084 0.032465474 0.033333333 0.033333333 0.033333333 0.033333333 0.033333756 -0.36666667 -0.36666665 -0.35980735 -0.26666627 0.28666667 0.28666667 0.28666667 0.28666667 0.28666667 0.28183699 -0.25493896 -0.33999997 -0.34 -0.34 -0.34 0.050000005 0.05 0.050000417 0.39666667 0.39666667 -0.1 0.31804244 0.33 -0.31999962 -0.32 -0.32 -0.32 -0.42 -0.42 -0.42 -0.41951286 -0.28864775 -0.29 -0.29 -0.29 -0.29 -0.20333338 -0.20333333
-0.44333333 -0.23333333 -0.23333333 -0.23333333 -0.23333333 -0.23333333 -0.23333339 -0.70642417 0.62594021 0.63333333 0.63333333 0.63333333 0.63333333 0.63333333 0.63333333 0.33275931 -0.35565491 -0.35297314 0.28659706 0.28666667 0.28666667 0.28666667 0.28666667 0.28666683 0.063333333 0.063333333 0.063332766 -0.34 -0.34 -0.33845812 0.43 0.43 0.39666667 0.39666667 0.39666667 0.34067923 0.33 0.33 0.33 -0.32 -0.32 -0.32 -0.42 -0.42 -0.42 -0.42 -0.29000001 -0.29 -0.29 -0.29 -0.29 -0.20333333 -0.20333333
-0.44333333 -0.36515272 -0.23333333 -0.23333333 -0.23333333 -0.23333333 0.11326529 0.11333333 0.11333335 0.63333333 0.63333333 0.63333333 0.63333333 0.63333333 0.56568052 0.32666667 0.32666667 0.32666667 0.42624023 0.42666652 0.42666667 0.42666667 0.42666667 0.42666667 0.063333333 0.063333333 0.063333333 0.063333333 -0.34 0.43 0.43 0.43 0.39666667 0.39666667 0.39666667 0.23666667 0.32987642 0.33 0.33 -0.32005715 -0.4346821 -0.70218763 -0.42 -0.42 -0.89851869 -0.9 -0.9 -0.29085119 -0.80486115 -0.80666662 -0.80666657 -0.41663447 -0.20333377
-0.44333333 0.13730856 -0.037662199 -0.23333333 -0.23333333 0.11312851 0.11333333 0.11333333 0.11333333 0.1170806 0.63333333 0.63333333 0.63333333 0.6333333 0.32666667 0.32666667 0.32666667 0.32666667 0.42657734 0.42666667 0.42666667 0.42666667 0.42666667 0.42666667 0.063333342 0.063333333 0.063333333 0.063333333 0.064667028 0.43 0.43 0.43 0.53 0.39665361 0.23666667 0.23666667 0.23666667 0.23209337 -0.63790076 -0.70333333 -0.70333333 -0.70333333 -0.92 -0.92 -0.9 -0.9 -0.9 -0.80666667 -0.80666667 -0.80666667 -0.80666667 -0.41666667 -0.41666667
0.15300697 0.15333333 0.15333333 0.15333333 0.29333333 0.11333798 0.11333333 0.11333333 0.11333333 0.11333333 0.56544813 0.63332165 0.63333331 0.32666667 0.32666667 0.32666667 0.32666667 0.32666667 0.34123983 0.42666667 0.42666667 0.42666667 0.42666667 0.42666667 0.34858934 0.49999763 0.5 0.5 0.5 0.43000001 0.53 0.53 0.53 0.53 0.23666667 0.23665569 -0.18 -0.18 -0.69679874 -0.70333333 -0.70333333 -0.70333333 -0.92 -0.92 -0.90309669 -0.9 -0.9 -0.80666667 -0.80666667 -0.80666667 -0.80248485 -0.41666667 -0.41666667
0.15333333 0.15333333 0.15333333 0.21926142 0.29333333 0.29333333 0.11333333 0.11333333 0.11333333 0.11333333 -0.26333333 -0.26333333 -0.26333333 0.32666667 0.32666667 0.32666667 0.32666667 0.32667107 0.43333333 0.43333333 0.42666667 0.42666667 0.42398863 0.31666667 0.31831714 0.5 0.5 0.5 0.5 0.52999695 0.53 0.53 0.53 0.53 -0.17999854 -0.18 -0.18 -0.18 -0.18186342 -0.70333333 -0.70333333 -0.70333333 -0.92 -0.92 -0.92 -0.9 -0.9 -0.80666667 -0.80666667 -0.80666667 -0.41666667 -0.41666667 -0.41666667
0.15333333 0.15333333 0.15333333 0.29333333 0.29333333 0.29333333 0.29333306 0.11333333 0.11333333 -0.2629445 -0.26333333 -0.26333333 -0.26333333 -0.26296574 0.34825126 0.35333333 0.35333333 0.35333333 0.43333333 0.43333333 0.43333333 0.31666667 0.31666667 0.31666667 0.3166648 0.40034038 0.5 0.5 0.5 0.10643996 0.010051144 0.01 0.01 0.01 -0.34445737 -0.57666577 -0.57666667 -0.57666667 -0.57666667 -0.16340722 -0.16333333 -0.16333333 -0.92 -0.92 -0.26333607 -0.26333347 -0.64 -0.64 -0.83666667 -0.83666667 -0.83666667 -0.41666667 -0.6198182
0.15333307 0.15333333 0.15333334 0.29333333 0.29333333 0.29333333 0.29333333 -0.12333326 0.11238705 -0.26307944 -0.26333333 -0.26333333 -0.26333333 -0.26212326 0.35333333 0.35333333 0.35333333 0.35333336 0.43333333 0.43333333 0.43333333 0.31666667 0.31666667 0.31666667 0.31 0.31 0.33666667 0.33666667 0.33666667 0.3348846 0.01 0.01 0.01 0.01 -0.28317233 -0.57666667 -0.57666667 -0.57666667 -0.57666667 -0.16333333 -0.16333333 -0.16333333 -0.16647972 -0.26333333 -0.26333333 -0.26333333 -0.64 -0.64 -0.83666667 -0.83666667 -0.83666667 -0.62000001 -0.62
0.07 0.10858412 0.0066666667 0.0067498336 0.29333333 -0.12092251 -0.12333333 -0.12333333 -0.038311653 0.016666669 0.016666667 0.016666667 0.016666667 0.72664355 0.72666667 0.35333362 0.35333333 0.35544122 0.43333333 0.43333333 0.43333333 0.33666667 0.33666667 0.33666667 0.31 0.31 0.33666667 0.33666667 0.33666667 0.33666643 0.0066666879 0.006666676 0.0099162217 0.0099964264 -0.98885647 -0.99 -0.99 -0.99 -0.99 -0.16333333 -0.16333333 -0.16333333 -0.25782719 -0.26333333 -0.26333333 -0.26333337 -0.64 -0.64 -0.64000708 -0.83666667 -0.83668351 -1.2133333 -0.62
0.22663692 0.22666663 0.0066666667 0.0066666667 0.0066666667 -0.12333333 -0.12333333 -0.12333333 0.11 0.11 0.016666667 0.016666667 0.016666667 0.72666667 0.72666667 0.72666667 0.72666667 0.72663269 0.43333333 0.43333333 0.43333333 0.33666667 0.33666667 0.33666667 0.31 0.31 0.33666667 0.33666667 0.33666667 0.010387441 0.0066666667 0.0066666667 0.0066666667 0.0066666667 -0.9895082 -0.99 -0.99 -0.99 -0.99 -0.4166666 -0.41666667 -0.41666667 -0.41666667 -0.26333482 -0.45666667 -0.45666667 -0.45666667 -1.05 -1.05 -1.05 -1.2133333 -1.2133333 -1.2133333
0.22666667 0.22666667 0.0066666667 0.0066666667 0.0066666667 -0.12265003 -0.12333333 0.11 0.11 0.11 0.016678156 0.016666667 0.30266032 0.72666658 0.72666667 0.72666667 0.72666667 0.43 0.43 0.43 0.46333333 0.46333324 0.33666728 0.33666667 0.33668487 0.38 0.38 0.3799999 0.33667367 -0.12997276 -0.12999927 -0.12997614 0.0064330892 0.0065487247 -0.81258018 -0.98999997 -0.98969839 -0.9 -0.9 -0.41666667 -0.41666667 -0.41666667 -0.41666667 -0.45666667 -0.45666667 -0.45666667 -0.45666667 -1.05 -1.05 -1.05 -1.2133333 -1.2133333 -1.2133333
0.22666667 0.22666667 0.0066666667 0.0066666667 0.0066666667 0.0066666662 -0.036003483 0.11 0.11 0.11 0.11014178 0.36666667 0.36666667 0.36666667 0.7245451 0.72666667 0.43197691 0.43 0.43 0.43 0.46333333 0.46333333 0.46333333 0.46333333 0.38 0.38 0.38 0.38 0.38 -0.13 -0.13 -0.13 -0.13 -0.13000171 -0.94 -0.9 -0.9 -0.9 -0.9 -0.89999965 -0.86666667 -0.86666667 -0.86666667 -0.82436106 -0.73666667 -0.73666667 -0.73666667 -1.05 -1.0500002 -1.2666667 -1.2666667 -1.0800324 -1.08
0.22666667 0.22666667 0.086071218 0.0066666667 0.0066666667 0.0066666626 -0.17615797 0.10909658 0.11 0.11 0.36666657 0.36666667 0.36666667 0.36666667 0.36666667 0.39618413 0.43 0.43 0.43 0.43 0.46333308 0.46333333 0.46333333 0.46333333 0.38 0.38 0.38 0.38 0.38 -0.18419014 -0.13 -0.13 -0.13 -0.94 -0.94 -0.93996894 -0.9 -0.9 -1.1326151 -1.3133333 -0.86666667 -0.86666667 -0.86666667 -0.82596205 -0.73666667 -0.73666667 -0.73666667 -1.22 -1.2660852 -1.2666667 -1.2666667 -1.08 -1.08
-0.11666667 -0.11666667 -0.11666667 -0.02425639 0.0064019968 -0.17666667 -0.17666667 -0.17666667 -0.17666667 -0.11 -0.11 0.36666663 0.36666667 0.36666667 0.36666667 0.36667065 0.43 0.43 0.43 0.43 0.44878775 0.46333333 0.46333333 0.47990793 1.0647543 0.38 0.38 0.38 -0.20333333 -0.20333333 -0.20333333 -0.20333303 -0.94 -0.94 -0.94 -0.94 -1.3133333 -1.3133333 -1.3133333 -1.3133333 -0.79666667 -0.79666667 -0.79666667 -1.0366618 -1.0366667 -1.0366667 -1.0366666 -1.22 -1.22 -1.2666098 -1.2666667 -1.0800007 -1.08
-0.11666667 -0.11666667 -0.11666667 -0.11666972 -0.17333333 -0.17381805 -0.17666667 -0.17666667 -0.17666667 -0.11 -0.11 -0.11 -0.46666663 -0.46666667 -0.46666667 -0.46666665 0.42880931 0.43 0.43 0.43 0.43054003 1.0966649 1.0966667 1.0966667 1.0966667 1.0966666 0.58333333 0.58333333 -0.20333333 -0.20333333 -0.20333333 -0.20333333 -0.93999967 -0.94 -0.94 -0.93996253 -1.3133333 -1.3133333 -1.3133333 -1.3122659 -0.79666667 -0.79666667 -0.79666667 -1.0366555 -1.0366667 -1.0366667 -1.0366667 -1.22 -1.22 -1.22 -1.22 -1.22 -1.18
-0.11666667 -0.11666667 -0.11666667 -0.1733332 -0.17333333 -0.17333333 -0.17666667 -0.17666667 -0.17666667 -0.11 -0.11 -0.11 -0.46666667 -0.46666667 -0.46666667 -0.44788064 -0.22 -0.22 -0.21999832 0.42632864 1.0966667 1.0966667 1.0966667 1.0966667 1.0966667 1.0962804 0.58333333 0.58333333 0.58333333 -0.20333333 -0.20333333 -0.20312093 -0.48 -0.48 -0.48 -0.70333333 -0.70333334 -1.07 -1.07 -1.07 -0.59 -0.79660184 -0.7966708 -1.35 -1.35 -1.338125 -1.0366678 -1.22 -1.22 -1.22 -1.22 -1.22 -1.18
