interpolatedSpi/04-09|19_3.tif
NCOLS 53
NROWS 52
XLLCORNER -116.03883
YLLCORNER 28.596182
DX 0.49850594
DY 0.49788537
NODATA_VALUE -9999
[rows 0 to 28 of 52, columns 0 to 52 of 53]
0.40666667 0.40666667 0.26131054 -0.25833333 0.046666667 0.14166667 0.14833333 0.10166667 -0.60072989 -0.85833333 -0.68833333 0.028333333 -0.42167353 -0.505 -0.17833333 -0.17833333 -0.17833333 0.018333333 0.033333333 0.033333333 0.033333333 0.03332802 -0.51833333 0.083333333 0.083333333 0.083333333 -0.57332588 -0.57333333 -0.57333333 -0.76833333 -0.76833333 -0.76833333 -0.76833333 -1.2033332 -1.2033333 -1.2033333 -1.2033333 -1.2033333 -1.2033333 -1.2033333 -0.060640939 -0.048523939 -0.79666667 -0.79666667 -0.79666667 -0.79666667 -0.79751873 -1.3183333 -1.3183333 -1.3183333 0.27166336 0.27166667 0.27166667
0.406666 0.39166667 0.51333381 0.44062629 0.10169605 0.45166667 0.91833333 -0.16979745 -0.62 -0.39333333 0.048333333 -0.42166667 -0.42166667 0.019910513 -0.50499075 -0.17833333 0.018333333 0.018333333 0.033313775 0.033333333 0.033333333 0.033333333 0.047276925 0.083333333 0.083333333 0.083333333 -0.3533333 -0.35333333 -0.76833333 -0.76833333 -0.76833333 -0.76833333 -0.76833333 -1.2033333 -1.2033333 -1.2033333 -1.2033333 -1.2033333 -1.2033333 -0.98663475 0.10159843 -0.68766124 -0.79666667 -0.79666667 -0.79666667 -0.79666667 -0.79666667 -1.3183333 -1.3183333 -1.3183333 -1.186489 0.27166667 0.27166667
0.25333579 0.25333333 0.92833333 0.74166667 0.083333333 -0.021666667 0.26333333 0.66666667 -0.36166667 -0.43833333 -0.14666667 -0.27833333 0.17 -0.32166667 0.021666667 -0.74666667 0.018333333 0.018333333 0.018333333 -0.30823401 -0.30833333 -0.30833333 -0.60166667 0.083333333 0.083333333 0.083333333 -0.35333333 -0.35333333 -0.35333333 -0.76833333 -0.76833333 -0.76833335 -0.89269502 -1.2009836 -1.1931102 -0.11506455 -0.105 -0.105 -0.07900678 0.10166667 0.10166667 0.10051792 -0.79666667 -0.79666667 -0.79666667 -0.79666667 -0.79666667 -1.3183333 -1.3183333 -1.3183333 -1.3183333 0.27166667 0.27166667
0.28666667 0.25333316 -0.62170752 0.36166667 -0.30833333 0.24 0.25 -0.21166667 -0.21166667 7.0017223e-05 -0.46 -0.69333333 -0.18333333 -0.32166667 -0.14666667 -0.74666667 -0.45888544 -0.45633385 -0.695 -0.30833333 -0.30833333 -0.11666667 -0.60166667 -0.60166667 0.083333333 0.083331152 -0.35333333 -0.35333333 -0.35333333 -1.3533333 -1.1740986 -1.0266667 -1.0266667 -1.0266659 -0.105 -0.105 -0.105 -0.105 0.10166667 0.10166667 0.10166667 0.10166663 -0.79666667 -0.79666667 -0.79666667 -0.79666667 -0.79666667 -1.3183268 -1.3183333 -1.3183333 -1.3183333 0.27162916 0.27166667
0.28666667 0.1949985 -0.62166667 -0.65385467 -0.30833333 -0.026666667 -0.094987412 -0.265 -0.27666667 -0.61166689 -0.63517336 -0.64502196 -0.79833333 -0.14666667 -0.14666667 -0.54356931 -0.45666667 -0.45666667 -0.695 -0.695 -0.308333 -0.11666667 -0.28166667 -0.39166667 -0.071666667 -0.071618795 -0.35333333 -0.35333333 -1.3533333 -1.3533333 -1.0266667 -1.0266667 -1.0266667 -1.0194382 -0.105 -0.105 -0.105 0.10166667 0.10166667 0.10166667 0.10166667 0.10160473 -0.79666666 -0.79666667 -0.79666667 -0.79666667 -0.79666667 -0.80131015 -1.3183333 -1.3183135 -0.87666667 -0.87666667 -0.87666667
-1.4916667 0.205 0.061666706 -0.43333333 0.27333333 0.35833333 -0.66166667 -0.61088197 -0.95166667 -0.86333333 -0.98166667 -1 -0.99999987 -1.46 -1.46 -0.46492958 -0.465 -0.41333333 -0.41333333 -0.69499959 -0.63333333 -0.63333333 -0.39166667 -0.071666667 -0.071666667 0.13333333 -0.96833333 -0.96833333 -0.7300566 -1.3533333 -1.0266667 -1.0266667 -0.98833333 -0.98839394 -1.5682917 -1.3516667 -1.3516667 -0.34795518 0.10166667 0.10166667 -0.5391997 -0.54 -0.53999898 -0.11557257 -0.10340996 -0.10333352 -0.10333336 -0.10333359 0.11153667 -0.87666667 -0.87666667 -0.87666667 -0.87666667
-0.050009135 0.32 0.41858172 0.14333333 0.46166667 -0.67666667 -0.62 -0.765 -1.13 -1.13 -0.98166667 -0.73666667 -0.69333328 -1.46 -0.17333719 -0.17333333 -0.465 -0.215 -0.225 -0.225 -0.58699229 -0.535 -0.535 0.091666664 0.13333333 0.13333333 -0.96833333 -0.96833333 -0.7300001 -0.73000179 -0.58212972 -0.98833333 -0.98833333 -1.5683333 -1.5683333 -0.97949597 -1.3516667 -1.3516667 -0.93501444 -0.54000055 -0.54 -0.54 -0.53999284 -0.10333109 -0.10333333 -0.10333333 -0.10333333 -0.10333307 0.33 -0.87642754 -0.87666667 -0.87666667 -0.87666667
-0.05 -0.31833333 0.72666667 -0.86333333 -0.16837318 -1.1616667 -1.345 -0.87333334 -1.11 -0.76 -0.76 -0.475 -0.69333333 -0.69333333 -0.17690102 -0.047345286 -0.035 -0.31666667 -0.47499974 -0.225 -0.14232663 -0.13666667 -0.20333333 -0.58333333 -0.58333009 -0.33166667 0.026666666 0.026666315 -0.73166083 -0.73166666 -0.58166667 -0.67125996 -1.32 -1.5683333 -1.5338227 -0.66833333 -0.66833333 -0.935 -0.935 -0.54 -0.54 -0.53999999 0.29653434 0.29833331 -0.10333333 -0.10333333 -0.10333333 0.32998351 0.33 0.33 -0.87666667 -0.87666667 -0.87666667
-0.29759888 -0.31833332 0.60666667 0.35 0.005 -0.6 -0.53333333 -0.49333333 -1.0933333 -0.78233266 -0.83 -0.445 -0.445 -0.115 -0.1149979 -0.3590942 -0.36 -0.36 -0.34083649 0.21499991 -0.20333333 -0.20333333 0.11333333 -0.07854021 -0.35702802 -0.33166667 -0.20833333 0.026666667 -0.23679342 -0.23833333 -0.49 -0.12 -0.14938439 -0.27 -0.35833333 -0.44833333 -0.57833333 -1.065 -0.2687012 -0.53816241 -0.12833333 0.12333333 0.29827988 0.29833333 0.29607254 -0.10333333 0.048333325 0.33 0.33 0.33 0.33 -0.76253484 0.34333333
-0.18166667 -0.18166667 0.245 0.385 -0.22333333 -1.0133333 -0.77 -0.655 -0.47666667 -0.70334486 -0.69666667 -0.715 -0.115 -0.115 0.10833333 0.10190993 -0.36 -0.35996867 -0.28166667 0.215 0.215 0.16110466 0.11333333 -0.26665947 -0.26666667 -0.26666667 -0.20833333 0.13833333 0.13833333 -0.23833333 -0.23833333 -0.12011064 -0.17833333 -0.27 -0.19166667 -0.44833333 -0.57833333 -0.77166667 -0.26833333 0.45475456 0.12333332 0.06700796 -0.03 0.29833333 0.29833333 0.048333333 0.048333333 0.048333333 0.33 0.33 0.04 0.04 0.040000114
-0.18166667 -0.18166667 -0.105 -0.77666667 -0.52166667 -0.42333333 -0.86666666 -0.85509175 -0.98666667 -0.98333333 -0.405 -1.0516667 -0.71544731 0.10833333 0.10833333 0.10835679 0.31166667 0.28052575 -0.28166667 0.24666667 0.24666667 1.0666667 1.0666667 -0.26666667 -0.26666667 -0.26666667 0.13833333 0.13833333 0.13833333 -0.105 -0.105 -0.10500012 0.041666667 0.041666667 -0.69333333 -0.33333333 -0.10666667 -0.76999945 0.068333333 0.46666667 0.46666667 0.018333174 -0.03 0.29833333 0.15 0.10833333 0.18275192 0.18333333 0.91 0.91 0.04 0.04 0.04
-0.18166667 -0.14876518 -0.39162412 -0.89498063 -0.16333333 -0.13833333 -0.86666667 -0.855 -0.98666557 -0.98337026 -1.0516666 -1.0516667 0.24666667 0.10833333 0.10833333 0.31166666 0.31166667 0.3116329 -0.28166667 0.24666667 0.40769798 1.0666667 1.0666667 -0.26661323 -0.26666667 -0.096280361 0.25166667 0.25166667 0.25166665 -0.105 -0.105 -0.0083333333 -0.0083333333 0.041664652 -0.69333333 -0.001666888 -0.20261165 -0.77 -0.77 0.46666665 0.018333333 0.018333333 0.018334278 0.15 0.15 0.10833333 0.18333333 0.18333333 0.91 0.91 0.04 0.04 0.04
-0.60666667 -0.16591962 -0.16168883 -0.16696867 -0.16333337 -0.13833392 -0.86666665 -0.85514361 -0.97759349 -0.98657962 0.24666667 0.24666667 0.24666667 0.24666667 0.10835293 0.31166667 0.31166667 0.30400579 -0.28166667 0.24682681 0.81166667 0.81166667 0.81166667 0.81166667 -0.24799034 0.25166667 0.25166667 0.25166667 0.25166667 0.25146507 -0.0083333333 -0.0083333333 -0.0083333333 -0.0083333333 -0.0016666673 -0.0016666667 -0.0016666667 -0.73287761 -0.76110001 0.415 0.415 0.018354669 0.050003423 0.14999037 0.15 0.10833333 0.18333333 0.18333333 0.90999999 0.91 0.043156266 0.04 -0.35814091
-0.60666667 -0.16166667 -0.16166667 -0.16166667 -0.16166667 -0.16166666 -0.86480226 -0.8611635 -0.95338709 0.24533857 0.24666667 0.24666667 0.24666667 0.24666667 0.24666693 0.31166666 0.31166657 0.27096805 -0.28165486 0.81166667 0.81166667 0.81166667 0.81166667 0.81166667 0.81094387 0.31564056 0.275 0.275 0.275 0.275 -0.008333324 -0.0083333333 -0.0083327619 0.46666667 0.46666667 -0.0016666667 0.71613489 0.73666667 0.41500019 0.415 0.415 0.415 0.05 0.05 0.05 0.050405947 -0.21242388 -0.215 -0.215 -0.215 -0.21499998 0.68499987 0.685
0.48666667 -0.16166667 -0.16166667 -0.16166667 -0.16166667 -0.16166667 -0.16166671 -0.58027257 0.5982489 0.60666667 0.60666667 0.60666667 0.60666667 0.60666667 0.60666666 1.0458807 0.32341024 0.23041971 0.8115294 0.81166667 0.81166667 0.81166667 0.81166667 0.81166726 0.77833333 0.77833333 0.77833263 0.275 0.275 0.27573423 0.64166667 0.64166667 0.46666667 0.46666667 0.46666667 0.69341566 0.73666667 0.73666667 0.73666667 0.415 0.415 0.415 0.05 0.05 0.05 0.05 -0.21499999 -0.215 -0.215 -0.215 -0.215 0.685 0.685
0.48666667 0.24529953 -0.16166667 -0.16166667 -0.16166667 -0.16166667 0.12827642 0.12833333 0.12833335 0.60666667 0.60666667 0.60666667 0.60666667 0.60666667 0.70557214 1.055 1.055 1.055 1.3234365 1.3249995 1.325 1.325 1.325 1.325 0.77833333 0.77833333 0.77833333 0.77833333 0.275 0.64166667 0.64166667 0.64166667 0.46666668 0.46666667 0.46666667 0.87 0.7368432 0.73666667 0.73666667 0.41506828 0.55112267 0.8686401 0.05 0.05 0.59497962 0.59666667 0.59666667 -0.21358149 0.64365553 0.64666659 0.6466665 0.98162168 0.6850006
0.48666667 0.079568674 -0.045276078 -0.16166667 -0.16166667 0.12816199 0.12833333 0.12833333 0.12833333 0.13178034 0.60666667 0.60666667 0.60666667 0.60666672 1.055 1.055 1.055 1.055 1.3247588 1.325 1.325 1.325 1.325 1.325 0.77833335 0.77833333 0.77833333 0.77833333 0.77783623 0.64166667 0.64166667 0.64166667 1.455 0.46673155 0.87 0.87 0.87 0.87458864 0.86157254 0.87 0.87 0.87 0.92833333 0.92833333 0.59666667 0.59666667 0.59666667 0.64666667 0.64666667 0.64666667 0.64666667 0.98166667 0.98166667
0.068639591 0.068333333 0.068333333 0.068333333 2.4085699e-11 0.12833002 0.12833333 0.12833333 0.12833333 0.12833333 0.59871712 0.6066653 0.60666666 1.055 1.055 1.055 1.055 1.055 1.0738519 1.325 1.325 1.325 1.325 1.325 1.293491 1.6599952 1.66 1.66 1.66 0.64166671 1.455 1.455 1.455 1.455 0.87 0.87001102 1.2883333 1.2883333 0.87522351 0.87 0.87 0.87 0.92833333 0.92833333 0.64802009 0.59666667 0.59666667 0.64666667 0.64666667 0.64666667 0.65025874 0.98166667 0.98166667
0.068333333 0.068333333 0.068333333 0.036154147 1.0073289e-29 2.1622357e-15 0.12833333 0.12833333 0.12833333 0.12833333 0.50166667 0.50166667 0.50166667 1.055 1.055 1.055 1.055 1.0549873 1.0183333 1.0183333 1.3249999 1.325 1.3256086 1.35 1.3527908 1.66 1.66 1.66 1.66 1.4550209 1.455 1.455 1.455 1.455 1.2883319 1.2883333 1.2883333 1.2883333 1.286894 0.87 0.87 0.87 0.92833333 0.92833333 0.92833333 0.59666667 0.59666667 0.64666667 0.64666667 0.64666667 0.98166667 0.98166667 0.98166667
0.068333333 0.068333333 0.068333333 1.3728977e-16 1.9197698e-62 1.6384005e-57 1.9609296e-07 0.12833333 0.12833333 0.50128128 0.50166667 0.50166667 0.50166667 0.50201142 0.99294428 0.97833333 0.97833333 0.97833333 1.0183333 1.0183333 1.0183333 1.35 1.35 1.35 1.35 1.4973975 1.66 1.66 1.66 1.9232454 2.0249439 2.025 2.025 2.025 1.5204479 1.8449987 1.845 1.845 1.845 1.4799165 1.48 1.48 0.92833333 0.92833333 1.2849985 1.285 1.1666667 1.1666667 1.1383333 1.1383333 1.1383333 0.98166667 1.1182111
0.06833518 0.068333333 0.068333331 1.0898303e-25 9.5639802e-59 1.1249699e-55 3.3585016e-09 0.31499995 0.1290797 0.50158052 0.50166667 0.50166667 0.50166667 0.50260202 0.97833333 0.97833333 0.97833333 0.97833334 1.0183333 1.0183333 1.0183333 1.35 1.35 1.35 1.35 1.35 1.685 1.685 1.685 1.6868548 2.025 2.025 2.025 2.025 1.9350494 1.845 1.845 1.845 1.845 1.48 1.48 1.48 1.4738646 1.285 1.285 1.285 1.1666667 1.1666667 1.1383333 1.1383333 1.1383333 1.1183333 1.1183333
0.66333333 0.39837815 0.61166667 0.61148921 2.229175e-14 0.31317742 0.315 0.315 0.43767414 0.40666667 0.40666667 0.40666667 0.40666667 0.65165869 0.65166667 0.97833308 0.97833333 0.97938727 1.0183333 1.0183333 1.0183333 0.93 0.93 0.93 1.35 1.35 1.685 1.685 1.685 1.6850001 1.8766676 1.8766671 2.0212719 2.024841 1.6770646 1.6766667 1.6766667 1.6766667 1.6766667 1.48 1.48 1.48 1.295737 1.285 1.285 1.2849998 1.1666667 1.1666667 1.1666656 1.1383333 1.1383201 0.84166667 1.1183333
0.94994556 0.94999994 0.61166667 0.61166667 0.61166667 0.315 0.315 0.315 0.65166667 0.65166667 0.40666667 0.40666667 0.40666667 0.65166667 0.65166667 0.65166667 0.65166667 0.6517086 1.0183333 1.0183333 1.0183333 0.93 0.93 0.93 1.35 1.35 1.685 1.685 1.685 1.8745056 1.8766667 1.8766667 1.8766667 1.8766667 1.6767654 1.6766667 1.6766667 1.6766667 1.6766667 0.99833346 0.99833333 0.99833333 0.99833333 1.2849927 0.33666667 0.33666667 0.33666667 0.6 0.6 0.6 0.84166667 0.84166667 0.84166667
0.95 0.95 0.61166667 0.61166667 0.61166667 0.31655933 0.315 0.65166667 0.65166667 0.65166667 0.40669683 0.40666667 0.3780673 0.6516666 0.65166667 0.65166667 0.65166667 0.28833333 0.28833333 0.28833333 0.54500001 0.54500029 0.92999812 0.93 0.93033827 1.3016667 1.3016667 1.3016676 1.6849381 1.6817055 1.6816677 1.6817007 1.8763334 1.8764984 1.7121599 1.6766662 1.6726396 0.475 0.475 0.99833333 0.99833333 0.99833333 0.99833333 0.33666667 0.33666667 0.33666667 0.33666667 0.6 0.6 0.6 0.84166667 0.84166667 0.84166667
0.95 0.95 0.61166667 0.61166667 0.61166667 0.61166667 0.4410045 0.65166667 0.65166667 0.65166667 0.651512 0.37166667 0.37166667 0.37166667 0.65001656 0.65166667 0.2907545 0.28833333 0.28833333 0.28833333 0.545 0.545 0.545 0.545 1.3016667 1.3016667 1.3016667 1.3016667 1.3016667 1.6816667 1.6816667 1.6816667 1.6816667 1.6816665 1.6233333 0.475 0.475 0.475 0.475 0.47499924 0.15166667 0.15166667 0.15166667 0.20264838 0.30833333 0.30833333 0.30833333 0.59999999 0.60000007 0.675 0.675 1.1515913 1.1516667
0.95 0.95 0.73378124 0.61166667 0.61166667 0.61166667 0.73651583 0.65193454 0.65166667 0.65166667 0.37166674 0.37166667 0.37166667 0.37166667 0.37166667 0.39460497 0.28833333 0.28833333 0.28833333 0.28833333 0.54499801 0.545 0.545 0.545 1.3016667 1.3016667 1.3016667 1.3016667 1.3016667 1.1274494 1.6816667 1.6816667 1.6816667 1.6233333 1.6233333 1.6224416 0.475 0.475 0.61757056 0.72833331 0.15166667 0.15166667 0.15166667 0.20337348 0.30833333 0.30833333 0.30833333 0.83 0.67693128 0.675 0.675 1.1516667 1.1516667
1.1033333 1.1033333 1.1033333 0.73494102 0.61228949 0.73666667 0.73666667 0.73666667 0.73666667 0.72166667 0.72166667 0.37166669 0.37166667 0.37166667 0.37166667 0.37166139 0.28833333 0.28833333 0.28833333 0.28833333 0.43299899 0.545 0.545 0.53775952 0.3143465 1.3016667 1.3016667 1.3016667 0.93166667 0.93166667 0.93166667 0.93166981 1.6233333 1.6233333 1.6233333 1.6233333 0.72833333 0.72833333 0.72833333 0.72833333 0.34333333 0.34333333 0.34333333 0.69665956 0.69666667 0.69666667 0.69666654 0.83 0.83 0.67518886 0.675 1.1516655 1.1516667
1.1033333 1.1033333 1.1033333 1.1033299 1.04 0.99589035 0.73666667 0.73666667 0.73666667 0.72166667 0.72166667 0.72166667 0.44166666 0.44166667 0.44166667 0.44166667 0.28877908 0.28833333 0.28833333 0.28833333 0.29221021 0.26833409 0.26833333 0.26833333 0.26833333 0.26833334 0.11166668 0.11166667 0.93166667 0.93166667 0.93166667 0.93166667 1.623333 1.6233333 1.6233333 1.6233008 0.72833334 0.72833333 0.72833333 0.7298541 0.34333333 0.34333333 0.34333333 0.69665028 0.69666667 0.69666667 0.69666667 0.83 0.83 0.83000001 0.92166667 0.92166667 0.91666667
1.1033333 1.1033333 1.1033333 1.0400001 1.04 1.04 0.73666678 0.73666667 0.73666667 0.72166667 0.72166667 0.72166667 0.44166667 0.44166667 0.44166667 0.44852103 0.53166667 0.53166667 0.53166604 0.28970774 0.26833333 0.26833333 0.26833333 0.26833333 0.26833333 0.26821543 0.11166667 0.11166667 0.11166667 0.93166667 0.93166667 0.9315079 1.2233333 1.2233333 1.2233333 0.91833333 0.91833333 1.075 1.075 1.075 1.2933333 0.34363132 0.34333978 1.2066667 1.2066667 1.1873382 0.69666824 0.83 0.83 0.92166667 0.92166667 0.92166667 0.91666667
