interpolatedSpi/04-04|21_2.tif
NCOLS 53
NROWS 52
XLLCORNER -116.03883
YLLCORNER 28.596182
DX 0.49850594
DY 0.49788537
NODATA_VALUE -9999
-1.295 -1.295 -0.75960684 -1.43 -1.495 -1.415 -1.59 -1.515 -1.7785621 -2.135 -2.21 -1.97 -2.6199016 -1.425 -1.435 -1.435 -1.435 -1.625 -0.51 -0.51 -0.51 -0.51000467 -0.99499999 -0.44 -0.44 -0.44 -0.21501316 -0.215 -0.215 -0.48 -0.48 -0.48 -0.48 -1.3099998 -1.31 -1.31 -1.31 -1.31 -1.31 -1.31 0.089921839 0.10478474 -0.74 -0.74 -0.74 -0.74 -0.73892199 -0.08 -0.08 -0.08 1.5999965 1.6 1.6 
-1.2950462 -2.335 -1.2650001 -1.5200093 -1.4252507 -1.72 -1.23 -2.0848038 -1.86 -2.195 -2.185 -2.62 -2.62 -1.5246666 -1.4250013 -1.435 -1.625 -1.625 -0.51145381 -0.51 -0.51 -0.51 -0.4889525 -0.44 -0.44 -0.44 -0.98999996 -0.99 -0.48 -0.48 -0.48 -0.48 -0.48 -1.3099999 -1.31 -1.31 -1.31 -1.31 -1.3099998 -1.0445644 0.20997064 -0.62472475 -0.74 -0.74 -0.74 -0.74 -0.74 -0.08 -0.08 -0.08 0.059307208 1.6 1.6 
-1.5249884 -1.525 -1.35 -0.875 -1.75 -2 -1.495 -2.475 -2.3 -2.35 -1.855 -2.6 -1.245 -1.915 -1.525 -2.445 -1.625 -1.625 -1.625 -1.5996831 -1.6 -1.6 -1.37 -0.44 -0.44 -0.44 -0.99 -0.99 -0.99 -0.48 -0.48 -0.48000003 -0.80975905 -1.3057015 -1.2905931 0.75589416 0.775 0.775 0.70393789 0.21 0.21 0.20878519 -0.74 -0.74 -0.74 -0.74 -0.74 -0.08 -0.08 -0.08 -0.079999997 1.6 1.6 
-0.615 -1.525 -1.6251019 -0.825 -1.79 -1.755 -1.84 -2.205 -2.55 -1.8817612 -1.995 -3.155 -2.575 -1.915 -1.84 -2.445 -2.2018745 -2.1995971 -2.555 -1.6 -1.6 -2.445 -1.37 -1.37 -0.44 -0.44000275 -0.99 -0.99 -0.99 -0.97 -1.0769922 -1.165 -1.165 -1.1649985 0.775 0.775 0.775 0.775 0.21 0.21 0.21 0.20999996 -0.74 -0.74 -0.74 -0.74 -0.74 -0.080008326 -0.08 -0.08 -0.08 1.5999428 1.6 
-0.615 -0.36500231 -1.625 -2.0095104 -1.79 -1.57 -1.9649756 -1.7 -1.56 -2.6099995 -2.6714129 -2.7096426 -0.215 -1.84 -1.84 -2.2409551 -2.2 -2.2 -2.555 -2.555 -1.6000016 -2.445 -1.9 -1.33 -0.335 -0.33502355 -0.99 -0.99 -0.97 -0.97 -1.165 -1.165 -1.165 -0.93399795 0.775 0.775 0.775 0.21 0.21 0.21 0.21 0.20995608 -0.73999999 -0.74 -0.74 -0.74 -0.74 -0.73412518 -0.08 -0.080003139 -0.15 -0.15 -0.15 
-1.52 -0.985 -1.045 -1.49 -1.86 -1.875 -2.19 -2.127266 -1.68 -1.265 -0.955 -0.12 -0.12000006 -0.6 -0.6 -1.7600833 -1.76 -1.36 -1.36 -2.5549987 -1.745 -1.745 -1.33 -0.335 -0.335 -0.435 -1.165 -1.165 -0.41005101 -0.97 -1.165 -1.165 0.06 0.059932606 -0.58495377 -0.425 -0.425 0.013548254 0.21 0.21 -0.24443252 -0.245 -0.2450011 -1.4079961 -1.4199248 -1.4199998 -1.42 -1.4199997 -1.1893118 -0.15 -0.15 -0.15 -0.15 
0.11499059 -0.26 0.43806004 -0.305 -0.77 -1.83 -1.015 -1.31 -1.48 -1.48 -0.955 -1.305 0.29999957 -0.6 -2.1049955 -2.105 -1.76 -1.985 -1.11 -1.11 -1.6059769 -1.45 -1.45 -0.52 -0.435 -0.435 -1.165 -1.165 -0.41000699 -0.41012875 -0.89885719 0.06 0.06 -0.585 -0.585 -0.56660641 -0.425 -0.425 -0.52499653 -0.24500039 -0.245 -0.245 -0.24500851 -1.4200015 -1.42 -1.42 -1.42 -1.42 -1.405 -0.15024871 -0.15 -0.15 -0.15 
0.115 0.405 0.485 -1.32 -1.7149774 -1.66 -1.625 -1.39 -2.155 -2.09 -2.09 -1.31 0.3 0.3 -2.0884995 -2.2643825 -2.28 -1.35 -0.99500012 -1.11 -1.2256157 -1.26 -1.295 -0.2 -0.20000368 -0.485 -0.605 -0.6050002 -0.5295795 -0.53000001 -0.9 -0.87557294 -0.305 -0.585 -0.61722895 -0.685 -0.685 -0.525 -0.525 -0.245 -0.245 -0.24500001 -1.6891586 -1.695 -1.42 -1.42 -1.42 -1.4050006 -1.405 -1.405 -0.15 -0.15 -0.15 
-0.1017299 0.405 0.4 0.06 -1.485 -1.455 -1.985 -1.78 -2.14 -1.4262933 -1.37 -1.4 -1.4 -1.245 -1.245001 -1.6417837 -1.64 -1.64 -1.2958087 -0.97499997 -0.855 -0.855 -1.14 -1.233917 -0.45627952 -0.485 -0.485 -0.605 -1.0225594 -1.025 -1.035 -0.95 -1.1942687 -1.805 -1.715 -2.13 -1.695 -0.89 -1.0799123 -0.2468971 -0.67 -0.95 -1.6948877 -1.695 -1.6934522 -1.42 -1.74 -1.405 -1.405 -1.405 -1.405 -0.073427926 0.05 
-2.935 -2.935 0.28 -0.395 -1.405 -1.47 -0.985 -1.585 -1.86 -1.2449728 -1.54 -0.275 -1.245 -1.245 -1.35 -1.3539775 -1.64 -1.6399202 -1.205 -0.975 -0.975 -0.95953999 -1.14 -1.0650014 -1.065 -1.065 -0.485 -0.58 -0.58 -1.025 -1.025 -0.95091986 -1.435 -1.805 -1.48 -2.13 -1.695 -1.1 -1.08 -1.0455672 -0.94999999 -0.97020367 -1.005 -1.695 -1.695 -1.74 -1.74 -1.74 -1.405 -1.405 0.465 0.465 0.46499984 
-2.935 -2.935 -0.505 -1.455 -0.915 -0.95 -1.165 -0.93039988 -1.5 -1.21 -1.74 -1.025 -0.27599991 -1.35 -1.35 -1.3500808 -2.05 -2.0056504 -1.205 -1.245 -1.245 -1.585 -1.585 -1.065 -1.065 -1.065 -0.58 -0.58 -0.58 -2.855 -2.855 -2.8549977 -1.39 -1.39 -2.105 -2.12 -1.54 -2.260005 -1.21 -1.045 -1.045 -0.72500092 -1.005 -1.695 -1.0450001 -0.965 -0.74928523 -0.745 0.005 0.005 0.465 0.465 0.465 
-2.935 -1.8858909 -0.91039888 -0.89500014 0.085 -1.395 -1.165 -0.93 -1.4999952 -1.2132128 -1.0250002 -1.025 -1.18 -1.35 -1.35 -2.05 -2.05 -2.0499519 -1.205 -1.245 -1.3117691 -1.585 -1.585 -1.065021 -1.065 -1.1751211 -1.4 -1.4 -1.3999999 -2.855 -2.855 -2.015 -2.015 -1.390002 -2.105 -1.9150001 -1.7500638 -2.26 -2.26 -1.045 -0.725 -0.725 -0.72500236 -1.045 -1.045 -0.965 -0.745 -0.745 0.005 0.005 0.465 0.465 0.465 
-2.67 -1.218601 -1.2650058 -1.2623049 0.084992401 -1.3949651 -1.165 -0.93289273 -1.4607212 -1.4924273 -1.18 -1.18 -1.18 -1.18 -1.3499759 -2.05 -2.05 -2.0390897 -1.205 -1.2451097 -1.625 -1.625 -1.625 -1.625 -1.0747547 -1.4 -1.4 -1.4 -1.4 -1.4010216 -2.015 -2.015 -2.015 -2.015 -1.915 -1.915 -1.915 -2.2440535 -2.2518511 -1.175 -1.175 -0.7250242 -0.15003064 -1.0449138 -1.045 -0.965 -0.745 -0.745 0.0050000037 0.005 0.46333117 0.465 0.41597688 
-2.67 -1.265 -1.265 -1.265 -1.265 -1.265 -1.1655886 -1.0538807 -1.3559289 -1.1803374 -1.18 -1.18 -1.18 -1.18 -1.18 -2.05 -2.0499999 -1.9920388 -1.2050131 -1.625 -1.625 -1.625 -1.625 -1.625 -1.6505069 -1.9010522 -2.0249999 -2.025 -2.025 -2.025 -2.015 -2.015 -2.015 -1.995 -1.995 -1.915 -1.326824 -1.31 -1.1750001 -1.175 -1.175 -1.175 -0.15 -0.15 -0.15 -0.15567166 0.58126833 0.59 0.59 0.59 0.58999999 0.70499995 0.705 
-0.85 -1.265 -1.265 -1.265 -1.265 -1.265 -1.265 -1.0964861 -1.200455 -1.2 -1.2 -1.2 -1.2 -1.2 -1.2 -0.23016068 -2.0207249 -1.9342909 -1.6249475 -1.625 -1.625 -1.625 -1.625 -1.6249993 -2.805 -2.805 -2.8049989 -2.025 -2.025 -2.0262916 -2.67 -2.67 -1.995 -1.995 -1.995 -1.4197295 -1.31 -1.31 -1.31 -1.175 -1.175 -1.175 -0.15 -0.15 -0.15 -0.15 0.59 0.59 0.59 0.59 0.59 0.705 0.705 
-0.85 -1.0044998 -1.265 -1.265 -1.265 -1.265 -1.0600402 -1.06 -1.06 -1.2 -1.2 -1.2 -1.2 -1.2 -0.98159907 -0.21 -0.21 -0.21 -1.0068866 -1.0050006 -1.005 -1.005 -1.005 -1.005 -2.805 -2.805 -2.805 -2.805 -2.025 -2.67 -2.67 -2.67 -1.9950001 -1.995 -1.995 -1.17 -1.3098146 -1.31 -1.31 -1.1747791 -0.73372321 0.29559155 -0.15 -0.15 0.74223798 0.745 0.745 0.59037832 0.81919625 0.81999998 0.81999996 0.45003869 0.70499948 
-0.85 -1.1078828 -1.1890931 -1.265 -1.265 -1.0601211 -1.06 -1.06 -1.06 -1.0610089 -1.2 -1.2 -1.2 -1.1999999 -0.21 -0.21 -0.21 -0.21 -1.0042898 -1.005 -1.005 -1.005 -1.005 -1.005 -2.805 -2.805 -2.805 -2.805 -2.804509 -2.67 -2.67 -2.67 -2.5 -1.9949283 -1.17 -1.17 -1.17 -1.1619309 0.19805439 0.3 0.3 0.3 0.305 0.305 0.745 0.745 0.745 0.82 0.82 0.82 0.82 0.45 0.45 
-1.1147836 -1.115 -1.115 -1.115 -0.985 -1.0599981 -1.06 -1.06 -1.06 -1.06 -1.1511682 -1.1999916 -1.2 -0.21 -0.21 -0.21 -0.21 -0.21 -0.23539361 -1.005 -1.005 -1.005 -1.005 -1.005 -1.8063192 -1.7250059 -1.725 -1.725 -1.725 -2.67 -2.5 -2.5 -2.5 -2.5 -1.17 -1.1699806 -0.435 -0.435 0.29082243 0.3 0.3 0.3 0.305 0.305 0.67687285 0.745 0.745 0.82 0.82 0.82 0.81603264 0.45 0.45 
-1.115 -1.115 -1.115 -1.0537811 -0.985 -0.985 -1.06 -1.06 -1.06 -1.06 -0.555 -0.555 -0.555 -0.21 -0.21 -0.21 -0.21 -0.2098901 0.375 0.375 -1.0049994 -1.005 -1.0127907 -1.325 -1.328601 -1.725 -1.725 -1.725 -1.725 -2.4999211 -2.5 -2.5 -2.5 -2.5 -0.43500258 -0.435 -0.435 -0.435 -0.43236548 0.3 0.3 0.3 0.305 0.305 0.305 0.745 0.745 0.81999997 0.82 0.82 0.45 0.45 0.45 
-1.115 -1.115 -1.115 -0.985 -0.985 -0.985 -0.98500011 -1.06 -1.06 -0.55552131 -0.555 -0.555 -0.555 -0.55478504 0.3282659 0.455 0.455 0.455 0.375 0.375 0.375 -1.325 -1.325 -1.325 -1.3245252 -0.62612157 -1.725 -1.725 -1.725 -0.66444048 -0.26521982 -0.265 -0.265 -0.265 -0.077678923 0.42499805 0.425 0.425 0.425 0.25500616 0.255 0.255 0.305 0.305 -0.28499754 -0.2850002 -0.85 -0.85 -0.655 -0.655 -0.655 0.45 -0.65900753 
-1.1149994 -1.115 -1.115 -0.985 -0.985 -0.985 -0.985 -0.61000013 -1.0582007 -0.55551686 -0.555 -0.555 -0.555 -0.5530181 0.455 0.455 0.455 0.45499998 0.375 0.375 0.375 -1.325 -1.325 -1.325 0.37 0.37 0.35 0.35 0.35 0.34664498 -0.265 -0.265 -0.265 -0.265 0.079810589 0.425 0.425 0.425 0.425 0.255 0.255 0.255 0.23800953 -0.285 -0.285 -0.285 -0.85 -0.85 -0.655 -0.655 -0.655 -0.66 -0.66 
-0.93 -1.0104791 -0.995 -0.9949971 -0.985 -0.61216974 -0.61 -0.61 -0.66647869 -1.125 -1.125 -1.125 -1.125 0.87993473 0.88 0.45500033 0.455 0.45289212 0.375 0.375 0.375 0.495 0.495 0.495 0.37 0.37 0.35 0.35 0.35 0.35000015 0.55499479 0.5549977 -0.24439053 -0.2641209 0.6339752 0.635 0.635 0.635 0.635 0.255 0.255 0.255 -0.25526595 -0.285 -0.285 -0.28500002 -0.85 -0.85 -0.84999298 -0.655 -0.65501431 -0.975 -0.66 
-0.64505412 -0.64500006 -0.995 -0.995 -0.995 -0.61 -0.61 -0.61 -0.765 -0.765 -1.125 -1.125 -1.125 0.88 0.88 0.88 0.88 0.87994234 0.375 0.375 0.375 0.495 0.495 0.495 0.37 0.37 0.35 0.35 0.35 0.55268861 0.555 0.555 0.555 0.555 0.63496052 0.635 0.635 0.635 0.635 0.20000001 0.2 0.2 0.2 -0.28500073 -0.38 -0.38 -0.38 -0.745 -0.745 -0.745 -0.975 -0.975 -0.975 
-0.645 -0.645 -0.995 -0.995 -0.995 -0.61202363 -0.61 -0.765 -0.765 -0.765 -1.1249557 -1.125 -0.50398521 0.87999972 0.88 0.88 0.88 0.385 0.385 0.385 1.235 1.2349995 0.4950036 0.495 0.49549254 1.385 1.385 1.3849975 0.35016726 1.1898735 1.1899966 1.1898891 0.55608528 0.555548 0.62116667 0.63500029 0.63747991 1.375 1.375 0.2 0.2 0.2 0.2 -0.38 -0.38 -0.38 -0.38 -0.745 -0.745 -0.745 -0.975 -0.975 -0.975 
-0.645 -0.645 -0.995 -0.995 -0.995 -0.995 -0.66801197 -0.765 -0.765 -0.765 -0.76477905 -0.365 -0.365 -0.365 0.87266293 0.88 0.38829856 0.385 0.385 0.385 1.235 1.235 1.235 1.235 1.385 1.385 1.385 1.385 1.385 1.19 1.19 1.19 1.19 1.1900016 1.94 1.375 1.375 1.375 1.375 1.374996 0.305 0.305 0.305 0.047923556 -0.485 -0.485 -0.485 -0.74499999 -0.74499969 -0.43 -0.43 -0.48511921 -0.485 
-0.645 -0.645 -0.86867458 -0.995 -0.995 -0.99499999 -0.65020407 -0.76463758 -0.765 -0.765 -0.36500003 -0.365 -0.365 -0.365 -0.365 -0.26283979 0.385 0.385 0.385 0.385 1.2349934 1.235 1.235 1.235 1.385 1.385 1.385 1.385 1.385 1.3451808 1.19 1.19 1.19 1.94 1.94 1.9395613 1.375 1.375 1.7914561 2.1149999 0.305 0.305 0.305 0.052965954 -0.485 -0.485 -0.485 0.115 -0.42320935 -0.43 -0.43 -0.485 -0.485 
-0.095 -0.095 -0.095 -0.76934526 -0.99377634 -0.65 -0.65 -0.65 -0.65 -0.52 -0.52 -0.36500001 -0.365 -0.365 -0.365 -0.36495245 0.385 0.385 0.385 0.385 0.86408757 1.235 1.235 1.2448139 1.599981 1.385 1.385 1.385 1.4 1.4 1.4 1.3999991 1.94 1.94 1.94 1.94 2.115 2.115 2.115 2.115 0.66 0.66 0.66 0.015012968 0.015 0.015 0.014999842 0.115 0.115 -0.42933595 -0.43 -0.48499413 -0.485 
-0.095 -0.095 -0.095 -0.095003231 -0.155 -0.22698113 -0.65 -0.65 -0.65 -0.52 -0.52 -0.52 0.17499997 0.175 0.175 0.17499998 0.38339715 0.385 0.385 0.385 0.3979095 1.609999 1.61 1.61 1.61 1.61 1.885 1.885 1.4 1.4 1.4 1.4 1.9400001 1.94 1.94 1.940011 2.115 2.115 2.115 2.1122582 0.66 0.66 0.66 0.01502991 0.015 0.015 0.015 0.115 0.115 0.11500008 0.68 0.68 0.35 
-0.095 -0.095 -0.095 -0.15499986 -0.155 -0.155 -0.64999981 -0.65 -0.65 -0.52 -0.52 -0.52 0.175 0.175 0.175 0.1243539 -0.49 -0.49 -0.48999774 0.38005778 1.61 1.61 1.61 1.61 1.61 1.610207 1.885 1.885 1.885 1.4 1.4 1.3999775 2.075 2.075 2.075 1.04 1.04 1.49 1.49 1.49 0.45 0.65993413 0.65999799 0.39 0.39 0.37578793 0.01500116 0.115 0.115 0.68 0.68 0.68 0.35 
-0.095 -0.095 -0.095 -0.155 -0.155 -0.155 -0.155 -0.65 -0.65 -0.52 -0.52 0.14721002 0.175 0.175 0.175 -0.49 -0.49 -0.49 -0.49 -0.49 1.61 1.61 1.61 1.61 1.61 1.8849991 1.885 1.885 1.885 1.365 1.365 1.365 2.075 2.075 2.075 1.04 1.04 1.49 1.49 0.45 0.45 0.45 0.39 0.39 0.39 0.39 0.41751936 0.725 0.725 0.725 0.68 0.73 0.73 
-0.095 -0.095 -0.095083553 -0.155 -0.155 -0.155 -0.155 -0.54056477 -0.56 -0.55993133 -0.51999999 0.17496063 0.175 0.175 0.1749977 -0.49 -0.49 -0.49 -0.49 -0.49 -0.14988312 1.61 1.61 1.61 1.6097899 1.8849271 1.885 1.885 1.885 1.365 1.365 1.365 1.3651007 2.075 1.04 1.04 1.04 1.0400184 1.4899291 0.45 0.45 0.45 0.39000364 0.39 0.39 0.39 0.72500398 0.725 0.725 0.725 0.73 0.73 0.73 
-0.465 -0.46499935 -0.15497939 -0.155 -0.155 -0.155 -0.55991382 -0.56 -0.56 -0.56 -0.29500001 -0.295 -0.295 -0.295 -0.48909993 -0.49 -0.49 -0.49 -0.49 -0.22500016 -0.225 -0.225 0.59000017 0.59 0.59 0.59 0.70177516 1.885 1.1500301 1.15 1.15 1.15 1.15 0.83 0.83 0.83 0.83 0.83 0.7 0.7 0.7 0.7 0.7 1.123892 1.125 1.125 1.125 0.725 0.725 0.725 0.72999921 0.73 0.73 
-0.465 -0.465 -0.46202768 -0.11000009 -0.11000001 -0.1104387 -0.56 -0.56 -0.56 -0.56 -0.295 -0.295 -0.295 -0.295 -0.295 -0.49 -0.49 -0.49 -0.22500007 -0.225 -0.225 -0.225 0.59 0.59 0.59 0.59 0.59 0.59027457 1.1498668 1.15 1.15 1.15 1.1499465 0.80165492 0.82997065 0.83 0.83 0.83 0.7 0.7 0.7 0.7 0.7 1.125 1.125 1.125 1.125 0.93795218 0.725 0.56678511 0.565 0.565 0.565 
-0.465 -0.465 -0.11004497 -0.11 -0.11 -0.11 -0.2242981 -0.56 -0.56 -0.56 -0.295 -0.295 -0.295 -0.295 -0.295 -0.48985232 -0.49 -0.2250777 -0.225 -0.225 -0.225 -0.225 0.28807797 0.59 0.59 0.59 0.59 0.59015223 0.805 0.805 0.805 0.805 0.805 0.78 0.78 0.78 0.78 0.78 0.805 0.805 0.805 0.805 0.805 1.1241454 1.1249998 1.125 1.1249407 1.1177807 0.565 0.565 0.565 0.565 0.565 
-0.46500006 -0.49931764 -0.11000005 -0.11 -0.11 -0.11 -0.11 -0.55980839 -0.56 -0.56 -0.295 -0.295 -0.295 -0.295 -0.54922505 -0.555 -0.555 -0.22500849 -0.225 -0.225 -0.225 -0.225 -0.22499997 0.59 0.59 0.59 0.59 0.7000001 0.70000005 0.72234655 0.805 0.805 0.805 0.78 0.78 0.78 0.78 0.77984084 0.805 0.805 0.805 0.805 0.80496744 0.775 0.775 0.775 0.775 0.77498306 0.565 0.565 0.565 0.56499994 0.47632547 
-0.5 -0.5 -0.40792668 -0.11 -0.11 -0.11 -0.11 -0.11 -0.55980783 -0.44 -0.44 -0.44 -0.43965589 -0.55499963 -0.555 -0.555 -0.555 -0.555 -0.22500108 -0.23423152 -0.315 -0.315 -0.315 -0.087069458 0.54718054 0.31806172 0.12509897 0.7 0.7 0.7 0.7 0.7 0.70016928 0.54326039 0.545 0.545 0.545 0.545 0.72516208 0.38000076 0.38 0.38 0.38 0.42000104 0.77499991 0.775 0.775 0.31 0.56499592 0.565 0.565 0.475 0.475 
-0.5 -0.5 -0.365 -0.365 -0.365 -0.11008494 -0.11 -0.11 -0.44 -0.44 -0.44 -0.44 -0.44 -0.55499999 -0.555 -0.555 -0.555 -0.555 -0.315 -0.315 -0.315 -0.315 -0.315 0.054999981 0.055 0.055 0.055 0.7 0.7 0.7 0.7 0.7 0.39 0.39 0.545 0.545 0.545 -0.029902078 -0.03 0.38 0.38 0.38 0.37999992 0.42 0.42 0.42 0.31 0.31 0.31 0.52 0.52 0.475 0.475 
-0.5 -0.5 -0.365 -0.365 -0.365 -0.365 -0.36500176 -0.685 -0.44023068 -0.44 -0.44 -0.44 -0.44 -0.55356548 -0.555 -0.555 -0.555 -0.555 -0.315 -0.315 -0.315 -0.315 -0.315 0.055 0.055 0.055 0.055 0.055002607 0.7 0.7 0.7 0.39001625 0.39 0.39 0.39 0.545 -0.029999993 -0.03 -0.03 -0.019212132 -0.071009532 -0.155 -0.155 0.42 0.42 0.42 0.31 0.31 0.31 0.52 0.52 0.52 1.0682442 
-1.04 -1.0399958 -0.365 -0.365 -0.365 -0.365 -0.685 -0.685 -0.685 -0.44 -0.44 -0.44 -0.44 -0.44003575 -0.555 -0.555 -0.555 -0.555 -0.31500424 -0.315 -0.315 -0.315 -0.010183264 0.055 0.055 0.055 0.055 0.040000012 0.04 0.040000007 0.69290484 0.39 0.39 0.39 0.38999935 -0.29499999 -0.03 -0.03 -0.03 -0.030000001 -0.155 -0.155 -0.155 0.055 0.055 0.055 0.090021425 0.31 0.31 0.52 0.52 0.52 1.1299993 
-1.04 -1.04 -0.365 -0.365 -0.365 -0.685 -0.685 -0.685 -0.685 -0.46686447 -0.44 -0.44 -0.44 -0.44000083 -0.5749977 -0.575 -0.575 -0.575 -0.53306005 -0.335 -0.335 -0.335 -0.335 0.055 0.055 0.055 0.054999011 0.04 0.04 0.04 0.04 0.38992133 0.004707315 -0.295 -0.295 -0.295 -0.0306355 -0.19999646 -0.2 -0.2 -0.15484726 0.039999994 0.04 0.055 0.055 0.055000148 0.09 0.09 0.855 0.855 0.855 0.84 0.87 
-1.04 -1.04 -1.32 -1.32 -1.32 -0.685 -0.685 -0.685 -0.685 -0.72 -0.72 -0.72 -0.72 -0.70978151 -0.575 -0.575 -0.575 -0.575 -0.54 -0.335 -0.335 -0.335 -0.335 -0.125 -0.12499993 0.054999734 0.04 0.04 0.04 0.04 -0.020753029 -0.08 -0.26941795 -0.295 -0.295 -0.295 -0.2 -0.2 -0.2 -0.2 0.04 0.04 0.04 0.29491959 0.295 0.090921461 0.09 0.09 0.85499783 0.855 0.84 0.84 0.87 
-1.04 -1.32 -1.32 -1.32 -1.32 -1.32 -0.68919196 -1.225 -1.225 -0.72 -0.72 -0.72 -0.72 -0.71996566 -0.575 -0.575 -0.575 -0.57341859 -0.54 -0.54 -0.335 -0.335 -0.125 -0.125 -0.125 -0.125 0.04 0.04 0.04 0.04 -0.08 -0.08 -0.08 -0.29478244 -0.295 -0.295 -0.2 -0.2 -0.2 -0.2 0.04 0.04 0.04 0.295 0.295 0.29501303 0.525 0.525 0.455 0.455 0.84 0.84 0.87 
-1.3173705 -1.32 -1.32 -1.32 -1.32 -1.32 -1.225 -1.225 -1.225 -0.95470289 -0.72 -0.72 -0.72 -0.72000131 -0.575 -0.575 -0.575 -0.54 -0.54 -0.54 -0.33501024 -0.33499872 -0.125 -0.125 -0.125 -0.125 0.039988272 0.04 0.04 -0.079972403 -0.08 -0.08 -0.08 -0.08 -0.29441014 -0.245 -0.245 -0.2442212 -0.2 -0.2 0.039999788 0.04 0.28758582 0.295 0.295 0.52499992 0.525 0.525 0.455 0.455 0.285 0.285 0.21 
-1.32 -1.32 -1.32 -1.32 -1.32 -1.32 -1.225 -1.225 -1.225 -1.225 -0.82499698 -0.825 -0.825 -0.825 -0.57500002 -0.52051416 -0.49 -0.49 -0.53990783 -0.54 -0.53999996 -0.1250003 -0.125 -0.125 -0.125 -0.125 -0.12488004 0.04 0.039995899 -0.08 -0.08 -0.08 -0.08 -0.08 -0.245 -0.245 -0.245 -0.245 -0.245 -0.24499963 -0.155 -0.155 -0.15499993 0.055 0.055 0.055 -0.33 -0.33 -0.465 -0.465 0.285 0.28499984 0.21 
-1.32 -1.32 -1.32 -1.32 -1.32 -1.32 -1.225 -1.225 -1.225 -0.825 -0.825 -0.825 -0.825 -0.825 -0.7366948 -0.49 -0.49 -0.49 -0.49 -0.49 -0.49238734 -0.125 -0.125 -0.125 -0.125 -0.13928746 -0.57928702 -0.044422566 -0.079408223 -0.08 -0.08 -0.08 -0.08 -0.080000361 -0.245 -0.245 -0.245 -0.245 -0.245 -0.20313221 -0.155 -0.155 -0.155 0.055 0.055 0.055 -0.33 -0.33 -0.465 -0.465 0.52499998 0.22737677 0.21 
-1.32 -1.32 -1.32 -1.32 -1.32 -1.32 -1.225 -1.225 -1.2083978 -0.825 -0.825 -0.825 -0.825 -0.825 -0.80893134 -0.49 -0.49 -0.49 -0.49 -0.49 -0.49 -0.5101549 -0.57999936 -0.58 -0.58 -0.58 -0.58 -0.58 -0.4021366 -0.39999621 -0.39999999 -0.4 -0.4 -0.39999989 -0.245 -0.245 -0.245 -0.245 -0.245 -0.15500001 -0.155 -0.155 -0.155 -0.15499991 0.05456713 -0.215 -0.32999999 0.41685207 -0.4642158 0.525 0.525 0.53549726 1.03 
-1.32 -1.32 -1.32 -1.32 -1.32 -1.3199939 -1.2250051 -1.2249758 -0.8250005 -0.825 -0.825 -0.825 -0.825 -0.825 -0.81862566 -0.49 -0.49 -0.49 -0.49 -0.49 -0.49 -0.58 -0.58 -0.58 -0.58 -0.58 -0.58 -0.58 -0.40004969 -0.4 -0.4 -0.4 -0.4 -0.4 -0.35753002 -0.245 -0.245 -0.245 -0.245 -0.155 -0.155 -0.155 -0.155 -0.15501537 -0.215 -0.215 -0.21095745 0.43 0.43 0.525 0.525 1.03 1.03 
-1.32 -1.32 -1.32 -1.32 -1.32 -1.3198733 -1.2251015 -0.87013739 -0.825 -0.825 -0.825 -0.825 -0.825 -0.825 -0.81913525 -0.49 -0.49 -0.49 -0.49 -0.49 -0.50281436 -0.58 -0.58 -0.58 -0.58 -0.58 -0.58 -0.58 -0.40000072 -0.4 -0.4 -0.4 -0.4 -0.4 -0.4 -0.39631545 -0.63152792 -0.7601404 -0.77970729 -0.17942589 -0.15500001 -0.155 -0.155 -0.21499521 -0.215 -0.21261232 0.18500117 0.43 0.43 1.2649204 1.265 1.265 1.0300001 
-1.32 -1.32 -1.32 -1.32 -1.3199999 -1.3192076 -1.1910827 -0.82510999 -0.825 -0.825 -0.825 -0.825 -0.825 -0.825 -0.81717723 -0.49 -0.49 -0.49 -0.49 -0.49 -0.57999961 -0.58 -0.58 -0.58 -0.58 -0.58 -0.58 -0.58 -0.40000005 -0.4 -0.4 -0.4 -0.4 -0.4 -0.40000008 -0.79 -0.79 -0.79 -0.79 -0.535 -0.535 -0.535 -0.535 0.18499884 0.185 0.185 0.185 0.18500786 0.9 0.9 1.265 1.265 1.6712034 
-1.32 -1.32 -1.32 -1.32 -1.3199973 -1.3172392 -0.85260509 -0.82500522 -0.825 -0.825 -0.825 -0.825 -0.825 -0.825 -0.81362803 -0.49000014 -0.49 -0.49 -0.49 -0.49054167 -0.58 -0.58 -0.58 -0.58 -0.58 -0.58 -0.58 -0.58 -0.40000004 -0.4 -0.4 -0.4 -0.4 -0.4 -0.78999964 -0.79 -0.79 -0.79 -0.79 -0.535 -0.535 -0.535 -0.535 -0.3406751 0.185 0.185 0.185 0.899992 0.9 0.9 1.855 1.855 1.855 
-1.32 -1.32 -1.32 -1.3199998 -1.319973 -1.2915801 -0.82650754 -0.82500131 -0.825 -0.825 -0.825 -0.825 -0.825 -0.82499998 -0.80882023 -0.49000788 -0.49 -0.49 -0.4900001 -0.57817646 -0.58 -0.58 -0.58 -0.58 -0.58 -0.58 -0.58 -0.58 -0.40000017 -0.4 -0.4 -0.4 -0.4 -0.89778837 -0.79000009 -0.79 -0.79 -0.79 -0.79 -0.535 -0.535 -0.535 -0.535 -0.535 0.185 0.185 0.185 0.89999999 0.9 0.9 1.855 1.855 1.855 
-1.32 -1.32 -1.3199999 -1.3199974 -1.3197352 -1.0498992 -0.82526593 -0.8250008 -0.825 -0.825 -0.825 -0.825 -0.825 -0.82499937 -0.80310415 -0.49012235 -0.49000001 -0.49 -0.49046597 -0.57999235 -0.58 -0.58 -0.58 -0.58 -0.58 -0.58 -0.58 -0.5799999 -0.40000113 -0.4 -0.40000048 -1.0202197 -1.08 -1.08 -1.08 -0.79 -0.79 -0.79 -0.79 -0.535 -0.535 -0.535 -0.535 -0.535 0.18498724 0.185 0.18500035 0.89999995 0.9 0.90000052 1.855 1.855 1.855 
