interpolatedSpi/04-04|20_2.tif
NCOLS 53
NROWS 52
XLLCORNER -116.03883
YLLCORNER 28.596182
DX 0.49850594
DY 0.49788537
NODATA_VALUE -9999
-0.24 -0.24 -0.57382051 -0.615 -0.41 -0.63 -0.38 -0.49 -0.52602307 -0.595 -0.175 0.145 0.065025939 0.38 -0.69 -0.69 -0.69 0.25 0.155 0.155 0.155 0.15498868 -1.02 -0.11 -0.11 -0.11 -0.30999406 -0.31 -0.31 0.44 0.44 0.44 0.44 0.20500005 0.205 0.205 0.205 0.205 0.205 0.205 0.31382766 0.31472389 -0.77 -0.77 -0.77 -0.77 -0.76884033 -0.06 -0.06 -0.06 0.904998 0.905 0.905 
-0.24001511 -0.58 -0.6849994 -0.57914709 -0.090504173 -0.105 -0.155 -0.49480862 -0.295 0.005 0.06 0.065 0.065 0.19063355 0.37998825 -0.69 0.25 0.25 0.15512387 0.155 0.155 0.155 -0.13605536 -0.11 -0.11 -0.11 0.30999997 0.31 0.44 0.44 0.44 0.44 0.44 0.20500003 0.205 0.205 0.205 0.205 0.20500001 0.19009266 0.095018666 -0.66503891 -0.77 -0.77 -0.77 -0.77 -0.77 -0.06 -0.06 -0.06 0.020018724 0.905 0.905 
1.1499275 1.15 -0.165 0.915 -0.5 -0.58 -0.15 -0.655 -0.51 -0.445 0.5 -0.495 -0.185 0.125 0.19 -0.73 0.25 0.25 0.25 -0.01495058 -0.015 -0.015 -0.605 -0.11 -0.11 -0.11 0.31 0.31 0.31 0.44 0.44 0.43999994 -0.17378509 0.20434518 0.2060704 0.3189462 0.32 0.32 0.29170093 0.095000002 0.095 0.093893884 -0.77 -0.77 -0.77 -0.77 -0.77 -0.06 -0.06 -0.06 -0.059999998 0.905 0.905 
0.57 1.1499998 -0.0050750613 0.085 -0.415 -0.5 -0.405 -1.16 -0.515 -0.046955096 -0.25 -0.425 -0.025 0.125 -0.31 -0.73 -0.21397849 -0.2096777 -0.84 -0.015 -0.015 -1.54 -0.605 -0.605 -0.11 -0.1099979 0.31 0.31 0.31 -0.625 -0.74022232 -0.835 -0.835 -0.8349991 0.32 0.32 0.32 0.32 0.095 0.095 0.095 0.094999968 -0.77 -0.77 -0.77 -0.77 -0.77 -0.060008956 -0.06 -0.06 -0.06 0.90490038 0.905 
0.57 0.17499967 -0.005 -0.35570915 -0.415 -0.915 -0.8349512 -0.93 -0.085 -0.375 -0.31167438 -0.27995416 0.04 -0.31 -0.31 -0.58285136 -0.21 -0.21 -0.84 -0.84 -0.015003028 -1.54 -1.765 -0.505 0.08 0.079718246 0.31 0.31 -0.625 -0.625 -0.835 -0.835 -0.835 -0.89157182 0.32 0.32 0.32 0.095 0.095 0.095 0.095 0.094945461 -0.77 -0.77 -0.77 -0.77 -0.77 -0.76368012 -0.06 -0.060093491 -2.145 -2.145 -2.145 
-1.05 0.12 0.72999999 -0.445 -0.47 -0.22 -0.765 -0.78612473 -0.13 -0.945 -0.24 -0.065 -0.064999931 -0.33 -0.33 -0.68997827 -0.69 -0.94 -0.94 -0.84000066 -1.39 -1.39 -0.505 0.08 0.08 -1.125 -1.415 -1.415 -0.38002296 -0.625 -0.835 -0.835 -1.135 -1.1349326 -0.49004645 -1.435 -1.435 -0.37834043 0.095 0.095 -0.46929532 -0.47 -0.46999891 -2.0666984 -2.0898541 -2.0899996 -2.09 -2.0899995 -3.6767382 -2.145 -2.145 -2.145 -2.145 
-0.34000399 0.405 -0.55315866 0.165 0.44 -0.79 -0.41 -0.86 -1.25 -1.25 -0.24 -0.205 -1.2999999 -0.33 -0.59999919 -0.6 -0.69 -1.24 -1.59 -1.59 -1.309885 -1.22 -1.22 -0.98999999 -1.125 -1.125 -1.415 -1.415 -0.38003118 -0.38057401 0.62523304 -1.135 -1.135 -0.49 -0.49 -1.2362064 -1.435 -1.435 -1.8049872 -0.47000186 -0.47 -0.47 -0.46999513 -2.0899946 -2.09 -2.09 -2.09 -2.0900012 -4.065 -2.1453805 -2.145 -2.145 -2.145 
-0.34 -0.75 -0.145 -0.525 -0.72498853 -0.64 -0.705 -1.115 -1.05 -1.075 -1.075 -0.805 -1.3 -1.3 -0.60480265 -1.1236853 -1.175 -0.67 -1.0750005 -1.59 -1.5796208 -1.555 -1.825 -0.15500001 -0.15500729 -0.72 -1.165 -1.1650001 -0.91312529 -0.91499997 0.63 -0.43776331 -0.555 -0.49 -0.50540145 -1.07 -1.07 -1.805 -1.805 -0.47 -0.47 -0.46999999 -1.1209664 -1.125 -2.09 -2.09 -2.09 -4.0649248 -4.065 -4.065 -2.145 -2.145 -2.145 
-0.79627324 -0.74999999 -0.265 0.26 -0.395 -1.16 -0.7 -0.015 -0.89 -0.34774242 -0.48 -1.145 -1.145 -0.7 -0.7000047 -1.7284532 -1.73 -1.73 -0.73182389 -1.99 -1.845 -1.845 -1.53 -1.7087453 -0.66306292 -0.72 -1.14 -1.165 -0.47403865 -0.47 -0.405 -0.025 -0.41533244 -1.065 -1.03 -1.055 -1.21 -0.595 -0.35511082 -0.46783507 0.015 -0.565 -1.1249381 -1.125 -1.1304315 -2.09 -2.125 -4.065 -4.065 -4.065 -4.065 -2.0011939 -1.92 
-1.055 -1.055 -0.14 0.105 -0.305 -1.005 -0.605 -0.965 -0.3 -0.21004693 -0.715 -0.39 -0.7 -0.7 -1.2 -1.2072692 -1.73 -1.7298238 -0.92 -1.99 -1.99 -1.9713191 -1.53 -1.9699917 -1.97 -1.97 -1.14 -0.745 -0.745 -0.47 -0.47 -0.026469877 -0.8 -1.065 -0.92 -1.055 -1.21 -1.975 -0.355 0.48614296 -0.56499997 -0.63112109 -0.745 -1.125 -1.125 -2.125 -2.125 -2.125 -4.065 -4.065 -0.99 -0.99 -0.99000035 
-1.055 -1.055 -1.39 -1.155 -0.615 -0.25 -0.92499999 -0.39023889 -1.21 -0.925 -0.86 -0.49 -0.39013359 -1.2 -1.2 -1.2000092 -1.28 -1.2611055 -0.92 -0.625 -0.625 -1.265 -1.265 -1.97 -1.97 -1.97 -0.745 -0.745 -0.745 -0.49 -0.49 -0.49000051 -0.615 -0.615 -1.15 -1.47 -0.71 -1.7349981 -1.155 0.5 0.5 -0.90499947 -0.745 -1.125 -1.1349999 -0.985 -0.49704156 -0.49 -0.705 -0.705 -0.99 -0.99 -0.99 
-1.055 -1.1995962 -1.2897171 -1.3549805 -1 -1.12 -0.925 -0.39 -1.2099932 -0.92815745 -0.49000057 -0.49 -0.33 -1.2 -1.2 -1.28 -1.28 -1.2799795 -0.92 -0.625 -0.75068298 -1.265 -1.265 -1.9699711 -1.97 -1.7135987 -1.19 -1.19 -1.1899999 -0.49 -0.49 -1.285 -1.285 -0.61500147 -1.15 -1.255 -0.83908527 -1.735 -1.735 0.49999995 -0.905 -0.905 -0.90500164 -1.135 -1.135 -0.985 -0.49 -0.49 -0.705 -0.705 -0.99 -0.99 -0.99 
-1.48 -0.8808013 -0.84001206 -0.84372428 -1.0000004 -1.1199972 -0.92500001 -0.39658556 -1.1534936 -1.2025579 -0.33 -0.33 -0.33 -0.33 -1.1998768 -1.28 -1.28 -1.2753518 -0.92 -0.62501635 -0.675 -0.675 -0.675 -0.675 -1.9474378 -1.19 -1.19 -1.19 -1.19 -1.1895626 -1.285 -1.285 -1.285 -1.285 -1.255 -1.255 -1.255 -1.7115993 -1.7327468 -1.435 -1.435 -0.90502851 -1.5099872 -1.1350361 -1.135 -0.985 -0.49 -0.49 -0.705 -0.705 -0.98896605 -0.99 -1.501107 
-1.48 -0.84 -0.84 -0.84 -0.84 -0.84000012 -0.92549909 -0.67196431 -1.0027398 -0.33094056 -0.33 -0.33 -0.33 -0.33 -0.33000006 -1.28 -1.2799999 -1.2553065 -0.92000422 -0.675 -0.675 -0.675 -0.675 -0.675 -0.68581039 -1.1269235 -1.085 -1.085 -1.085 -1.085 -1.285 -1.285 -1.2850004 -1.59 -1.59 -1.255 -1.3279144 -1.33 -1.4349999 -1.435 -1.435 -1.435 -1.51 -1.51 -1.51 -1.5063465 -0.61925698 -0.62 -0.62 -0.62 -0.62 1.1299996 1.13 
-0.525 -0.84 -0.84 -0.84 -0.84 -0.84 -0.84000001 -0.60351671 -0.3926869 -0.39 -0.39 -0.39 -0.39 -0.39 -0.39 -0.11088157 -1.2613213 -1.2307037 -0.67503093 -0.675 -0.675 -0.675 -0.675 -0.67499996 -1.175 -1.175 -1.1749999 -1.085 -1.085 -1.0859612 -1.565 -1.565 -1.59 -1.59 -1.59 -1.3716492 -1.33 -1.33 -1.33 -1.435 -1.435 -1.435 -1.51 -1.51 -1.51 -1.51 -0.62 -0.62 -0.62 -0.62 -0.62 1.13 1.13 
-0.525 -0.64227092 -0.84 -0.84 -0.84 -0.84 -0.11014327 -0.11 -0.11000001 -0.39 -0.39 -0.39 -0.39 -0.39 -0.32712701 -0.105 -0.105 -0.105 -0.64010572 -0.64000004 -0.64 -0.64 -0.64 -0.64 -1.175 -1.175 -1.175 -1.175 -1.085 -1.565 -1.565 -1.565 -1.59 -1.59 -1.59 -1.305 -1.3299669 -1.33 -1.33 -1.4350269 -1.4888507 -1.614462 -1.51 -1.51 -0.50810149 -0.505 -0.505 -0.61908843 -0.066939474 -0.065000048 -0.065000105 0.47009977 1.1299987 
-0.525 -0.54446256 -0.69071642 -0.84 -0.84 -0.11043132 -0.11 -0.11 -0.11 -0.11201776 -0.39 -0.39 -0.39 -0.38999997 -0.105 -0.105 -0.105 -0.105 -0.6395221 -0.64 -0.64 -0.64 -0.64 -0.64 -1.175 -1.175 -1.175 -1.175 -1.1764186 -1.565 -1.565 -1.565 -1.32 -1.5899645 -1.305 -1.305 -1.305 -1.3133562 -1.5969722 -1.615 -1.615 -1.615 -0.645 -0.645 -0.505 -0.505 -0.505 -0.065000005 -0.065 -0.065 -0.065 0.47 0.47 
-0.54475168 -0.545 -0.545 -0.54499999 0.07 -0.10999536 -0.11 -0.11 -0.11 -0.11 -0.30293548 -0.38998501 -0.38999997 -0.105 -0.105 -0.105 -0.105 -0.105 -0.19049977 -0.64 -0.64 -0.64 -0.64 -0.64 -0.82498302 -0.71500249 -0.715 -0.715 -0.715 -1.565 -1.32 -1.32 -1.32 -1.32 -1.305 -1.30502 -2.065 -2.065 -1.6206189 -1.615 -1.615 -1.615 -0.645 -0.645 -0.52667682 -0.505 -0.505 -0.065 -0.065 -0.065 -0.059263409 0.47 0.47 
-0.545 -0.545 -0.545 -0.25538733 0.07 0.07 -0.11 -0.11 -0.11 -0.11 0.76 0.76 0.76 -0.105 -0.105 -0.105 -0.105 -0.10501818 -0.795 -0.795 -0.64000006 -0.64 -0.6408521 -0.675 -0.6753601 -0.715 -0.715 -0.715 -0.715 -1.3199384 -1.32 -1.32 -1.32 -1.32 -2.0649973 -2.065 -2.065 -2.065 -2.0633578 -1.615 -1.615 -1.615 -0.645 -0.645 -0.645 -0.505 -0.505 -0.065000005 -0.065 -0.064999999 0.47 0.47 0.47 
-0.545 -0.545 -0.545 0.07 0.07 0.07 0.069999725 -0.11 -0.11 0.75910191 0.76 0.76 0.76 0.75946106 -0.19403647 -0.215 -0.215 -0.215 -0.795 -0.795 -0.795 -0.675 -0.675 -0.675 -0.67479831 -0.31636152 -0.715 -0.715 -0.715 -1.017312 -0.96503492 -0.965 -0.965 -0.965 -1.6337889 -1.0300024 -1.03 -1.03 -1.03 -0.18019635 -0.18 -0.18 -0.645 -0.645 0.26999618 0.2699999 -3.6976361e-23 4.3035259e-21 0.195 0.195 0.195 0.47 0.88962447 
-0.54500011 -0.545 -0.54499998 0.07 0.07 0.07 0.07 0.044999955 -0.10938025 0.75981411 0.76 0.76 0.76 0.75808678 -0.215 -0.215 -0.215 -0.21500017 -0.795 -0.795 -0.795 -0.675 -0.675 -0.675 0.045 0.045 -0.33999999 -0.34 -0.34 -0.34340957 -0.965 -0.965 -0.965 -0.965 -0.99748206 -1.03 -1.03 -1.03 -1.03 -0.18 -0.18 -0.18 -0.16584128 0.27 0.27 0.27 1.0142742e-38 1.8431641e-72 0.195 0.195 0.195 0.88999998 0.89 
-0.58 -0.5697555 -0.47 -0.46984334 0.07 0.045144649 0.045 0.045 0.019493496 0.55499999 0.555 0.555 0.555 0.040016764 0.039999999 -0.2149998 -0.215 -0.23028215 -0.795 -0.795 -0.795 -0.79 -0.79 -0.79 0.045 0.045 -0.34 -0.34 -0.34 -0.34000017 -0.58000245 -0.58000108 -0.9553236 -0.96458725 -0.4256188 -0.425 -0.425 -0.425 -0.425 -0.18 -0.18 -0.18 0.24522168 0.27 0.27 0.26999997 2.2980442e-27 1.2021397e-48 7.0195172e-06 0.195 0.19501118 0.445 0.89 
-1.1049003 -1.1049999 -0.47 -0.47 -0.47 0.045 0.045 0.045 -0.025 -0.025 0.555 0.555 0.555 0.04 0.04 0.04 0.04 0.039906368 -0.795 -0.795 -0.795 -0.79 -0.79 -0.79 0.045 0.045 -0.34 -0.34 -0.34 -0.57729398 -0.58 -0.58 -0.58 -0.58 -0.42507648 -0.425 -0.425 -0.425 -0.425 -0.045000035 -0.045 -0.045 -0.045 0.26999858 0.085 0.085 0.085 0.185 0.185 0.185 0.445 0.445 0.445 
-1.105 -1.105 -0.47 -0.47 -0.47 0.042293068 0.045 -0.025 -0.025 -0.025 0.5549286 0.555 0.02386893 0.039999969 0.04 0.04 0.04 -0.285 -0.285 -0.285 -0.56 -0.56000017 -0.78999888 -0.79 -0.7894128 -0.195 -0.195 -0.19500035 -0.33997657 0.15485352 0.15499609 0.15487168 -0.57874381 -0.5793657 -0.45212858 -0.42499982 -0.42340817 0.05 0.05 -0.045 -0.045 -0.045 -0.045 0.085 0.085 0.085 0.085 0.185 0.185 0.185 0.445 0.445 0.445 
-1.105 -1.105 -0.47 -0.47 -0.47 -0.47 0.018801045 -0.025 -0.025 -0.025 -0.025038666 -0.095 -0.095 -0.095 0.039204414 0.04 -0.28283428 -0.285 -0.285 -0.285 -0.56 -0.56 -0.56 -0.56 -0.195 -0.195 -0.195 -0.195 -0.195 0.155 0.155 0.155 0.155 0.15499984 0.08 0.05 0.05 0.05 0.05 0.049999178 -0.195 -0.195 -0.195 -0.1347978 -0.01 -0.01 -0.01 0.18499999 0.18499984 0.02 0.02 0.46999392 0.47 
-1.105 -1.105 -0.69919041 -0.47 -0.47 -0.47000001 -1.0282166 -0.028167205 -0.025 -0.025000001 -0.095000091 -0.095 -0.095 -0.095 -0.095 -0.083962748 -0.285 -0.285 -0.285 -0.285 -0.55999787 -0.56 -0.56 -0.56 -0.195 -0.195 -0.195 -0.195 -0.195 -0.02234954 0.155 0.155 0.155 0.08 0.08 0.079976704 0.05 0.05 -0.18355308 -0.36499996 -0.195 -0.195 -0.195 -0.13613228 -0.01 -0.01 -0.01 -0.25 0.016635826 0.02 0.02 0.47 0.47 
-0.92 -0.92 -0.92 -0.58282737 -0.46982441 -1.03 -1.03 -1.03 -1.03 -0.53 -0.53 -0.095000031 -0.095 -0.095 -0.095 -0.095012033 -0.285 -0.285 -0.285 -0.285 -0.43999892 -0.56 -0.56 -0.53539981 0.35439589 -0.195 -0.195 -0.195 -0.085 -0.085 -0.085 -0.084998993 0.08 0.08 0.08 0.08 -0.365 -0.365 -0.365 -0.365 -0.505 -0.505 -0.505 -0.17000674 -0.17 -0.17 -0.16999995 -0.25 -0.25 0.01967102 0.02 0.4699974 0.47 
-0.92 -0.92 -0.92 -0.91996877 -0.34 -0.44033734 -1.03 -1.03 -1.03 -0.53 -0.53 -0.53 0.13499999 0.135 0.135 0.13499999 -0.28513739 -0.285 -0.285 -0.285 -0.28911866 0.37999742 0.38 0.38 0.38 0.37999997 -0.525 -0.525 -0.085 -0.085 -0.085 -0.085 0.079999643 0.08 0.08 0.079959682 -0.36500002 -0.365 -0.365 -0.36752243 -0.505 -0.505 -0.505 -0.17001553 -0.17 -0.17 -0.17 -0.25 -0.25 -0.24999997 -0.045 -0.045 0.565 
-0.92 -0.92 -0.92 -0.34000134 -0.34 -0.34 -1.0299997 -1.03 -1.03 -0.53 -0.53 -0.53 0.135 0.135 0.135 0.097301023 -0.36 -0.36 -0.35999981 -0.28542361 0.38 0.38 0.38 0.38 0.38 0.37931894 -0.525 -0.525 -0.525 -0.085 -0.085 -0.085177006 -0.415 -0.415 -0.415 -1.01 -1.01 -0.94 -0.94 -0.94 0.135 -0.50479925 -0.50499425 0.265 0.265 0.24851399 -0.16999899 -0.25 -0.25 -0.045 -0.045 -0.045 0.565 
-0.92 -0.92 -0.92 -0.34 -0.34 -0.34 -0.34 -1.03 -1.03 -0.53 -0.53 0.10840959 0.135 0.135 0.135 -0.36 -0.36 -0.36 -0.36 -0.36 0.38 0.38 0.38 0.38 0.38 -0.52499691 -0.525 -0.525 -0.525 -0.36 -0.36 -0.36 -0.415 -0.415 -0.415 -1.01 -1.01 -0.94 -0.94 0.135 0.135 0.135 0.265 0.265 0.265 0.265 0.2974482 0.66 0.66 0.66 -0.044999985 0.715 0.715 
-0.92 -0.92 -0.91919232 -0.34 -0.34 -0.34 -0.34 -0.059156528 -0.045 -0.045832679 -0.52999998 0.13498743 0.135 0.135 0.13499829 -0.36 -0.36 -0.36 -0.36 -0.36 -1.0297595 0.38 0.38 0.38 0.3797343 -0.52502166 -0.525 -0.525 -0.525 -0.36 -0.36 -0.36 -0.36000909 -0.415 -1.01 -1.01 -1.01 -1.0099967 -0.93992669 0.135 0.135 0.135 0.26499211 0.265 0.265 0.265 0.66000417 0.66 0.66 0.66 0.715 0.715 0.715 
0.44 0.43999762 -0.3402775 -0.34 -0.34 -0.34 -0.045062773 -0.045 -0.045 -0.045 -0.015000001 -0.015 -0.015 -0.015 -0.35840767 -0.36 -0.36 -0.36 -0.36 -1.0899996 -1.09 -1.09 -0.90999979 -0.91 -0.91 -0.91 -0.87676955 -0.525 -0.50000102 -0.5 -0.5 -0.5 -0.5 -0.445 -0.445 -0.445 -0.445 -0.445 0.38 0.38 0.38 0.38 0.38 1.0787714 1.08 1.08 1.08 0.66 0.66 0.66 0.71499134 0.715 0.715 
0.44 0.44 0.44527444 1.0699972 1.0699997 1.0689121 -0.045 -0.045 -0.045 -0.045 -0.015 -0.015 -0.015 -0.015 -0.015 -0.36 -0.36 -0.36 -1.0899998 -1.09 -1.09 -1.09 -0.91 -0.91 -0.91 -0.91 -0.91 -0.90991812 -0.49992084 -0.5 -0.5 -0.5 -0.4999682 -0.10202452 -0.44464486 -0.445 -0.445 -0.44499999 0.38 0.38 0.38 0.38 0.38 1.08 1.08 1.08 1.08 0.88359979 0.66 1.0357604 1.04 0.46 0.46 
0.44 0.44 1.0699202 1.07 1.07 1.07 0.7867947 -0.045 -0.045 -0.045 -0.015 -0.015 -0.015 -0.015 -0.015 -0.35973631 -0.36 -1.089786 -1.09 -1.09 -1.09 -1.09 -0.97668217 -0.91 -0.91 -0.91 -0.91 -0.90956435 -0.295 -0.295 -0.295 -0.295 -0.295 0.16 0.16 0.16 0.16 0.16 1.175 1.175 1.175 1.175 1.175 1.0810621 1.0800002 1.08 1.0800737 1.0888666 1.04 1.04 1.04 0.46000325 0.46 
0.44000191 1.4548217 1.0700001 1.07 1.07 1.07 1.07 -0.044525244 -0.045 -0.045 -0.015 -0.015 -0.015 -0.015 -0.20566879 -0.21 -0.21 -1.0899774 -1.09 -1.09 -1.09 -1.09 -1.0899998 -0.91 -0.91 -0.91 -0.91 -0.060000247 -0.060000109 -0.11001371 -0.295 -0.295 -0.295 0.16 0.16 0.16 0.16 0.16018287 1.175 1.175 1.175 1.175 1.1750149 1.515 1.515 1.515 1.515 1.5149617 1.04 1.04 1.04 1.0399999 0.85903539 
1.475 1.475 1.4171929 1.07 1.07 1.07 1.07 1.07 -0.044522938 0.62999999 0.63 0.63 0.62846928 -0.20999972 -0.21 -0.21 -0.21 -0.21 -1.0899933 -1.0325594 -0.53 -0.53 -0.53 -0.62226755 -0.8283629 -0.39153824 -0.023041156 -0.06 -0.06 -0.06 -0.06 -0.06 -0.063748062 0.42904599 0.43 0.43 0.43 0.43 1.2116312 1.3699996 1.37 1.37 1.37 1.2100009 1.5149999 1.515 1.515 0.825 1.0399966 1.04 1.04 0.865 0.865 
1.475 1.475 1.59 1.59 1.59 1.0701732 1.07 1.07 0.63 0.63 0.63 0.63 0.63 -0.20999996 -0.21 -0.21 -0.21 -0.21 -0.53 -0.53 -0.53 -0.53 -0.53 0.10999997 0.11 0.11 0.11 -0.059999999 -0.06 -0.06 -0.06 -0.06 0.345 0.345 0.43 0.43 0.43 1.0798893 1.08 1.37 1.37 1.37 1.37 1.21 1.21 1.21 0.825 0.825 0.825 0.815 0.815 0.865 0.865 
1.475 1.475 1.59 1.59 1.59 1.59 1.5899984 1.295 0.63062612 0.63 0.63 0.63 0.63 -0.19952176 -0.21 -0.21 -0.21 -0.21 -0.52999999 -0.53 -0.53 -0.53 -0.53 0.11 0.11 0.11 0.11 0.10999937 -0.06 -0.06 -0.06 0.34497877 0.345 0.345 0.345 0.43 1.08 1.08 1.08 1.0876304 1.3404947 1.335 1.335 1.21 1.21 1.21 0.825 0.825 0.825 0.815 0.815 0.815 1.1503007 
1.2 1.2000022 1.59 1.59 1.59 1.59 1.295 1.295 1.295 0.63 0.63 0.63 0.63 0.62973887 -0.21 -0.21 -0.21 -0.21 -0.52999373 -0.53 -0.53 -0.52999998 -0.0027094148 0.11 0.11 0.11 0.11 0.77499946 0.775 0.77499999 -0.051023073 0.345 0.345 0.345 0.34500074 1.12 1.08 1.08 1.08 1.08 1.335 1.335 1.335 1.125 1.125 1.125 0.9399888 0.825 0.825 0.815 0.815 0.815 1.1800006 
1.2 1.2 1.59 1.59 1.59 1.295 1.295 1.295 1.295 0.70289614 0.63 0.63 0.63 0.62999857 0.61990448 0.62 0.62 0.62 0.98384719 1.1 1.1 1.1 1.1 0.11 0.11 0.11 0.11004386 0.775 0.775 0.775 0.775 0.34513037 0.78091508 1.12 1.12 1.12 1.0817173 1.5399904 1.54 1.54 1.3349687 1.295 1.295 1.125 1.125 1.1249992 0.94 0.94 1.135 1.135 1.135 1.36 1.4 
1.2 1.2 1.96 1.96 1.96 1.295 1.295 1.295 1.295 0.665 0.665 0.665 0.665 0.66182874 0.62 0.62 0.62 0.62 0.98 1.1 1.1 1.1 1.1 1.415 1.4149995 0.11000193 0.775 0.775 0.775 0.775 0.99522973 1.21 1.1307088 1.12 1.12 1.12 1.54 1.54 1.54 1.54 1.295 1.295 1.295 1.4849401 1.485 0.94244974 0.94 0.94 1.1350002 1.135 1.36 1.36 1.4 
1.2 1.96 1.96 1.96 1.96 1.96 1.2930593 1.045 1.045 0.665 0.665 0.665 0.665 0.66498934 0.62 0.62 0.62 0.63626594 0.98 0.98 1.1 1.1 1.415 1.415 1.415 1.415 0.775 0.775 0.775 0.775 1.21 1.21 1.21 1.1200911 1.12 1.12 1.54 1.54 1.54 1.54 1.295 1.295 1.295 1.485 1.485 1.4849856 1.23 1.23 1.2 1.2 1.36 1.36 1.4 
1.9528627 1.96 1.96 1.96 1.96 1.96 1.045 1.045 1.045 0.84160812 0.665 0.665 0.665 0.66500539 0.62 0.62 0.62 0.98 0.98 0.98 1.099994 1.1000019 1.415 1.415 1.415 1.415 0.77504549 0.775 0.775 1.2099 1.21 1.21 1.21 1.21 1.1209322 1.615 1.615 1.613702 1.54 1.54 1.2950002 1.295 1.4794757 1.485 1.485 1.2300001 1.23 1.23 1.2 1.2 1.6 1.6 1.665 
1.96 1.96 1.96 1.96 1.96 1.96 1.045 1.045 1.045 1.045 0.9599915 0.96 0.96 0.96 0.62000328 1.2898553 1.665 1.665 0.98126279 0.98 0.98000002 1.4149995 1.415 1.415 1.415 1.415 1.4145347 0.775 0.77501487 1.21 1.21 1.21 1.21 1.21 1.615 1.615 1.615 1.615 1.615 1.6149985 1.065 1.065 1.0650001 1.275 1.275 1.275 1.175 1.175 1.25 1.25 1.6 1.6000001 1.665 
1.96 1.96 1.96 1.96 1.96 1.96 1.045 1.045 1.045 0.96 0.96 0.96 0.96 0.96 1.1458363 1.665 1.665 1.665 1.665 1.665 1.6322935 1.415 1.415 1.415 1.415 1.4057367 1.1204623 0.82197944 1.2078548 1.21 1.21 1.21 1.21 1.2100009 1.615 1.615 1.615 1.615 1.615 1.3591413 1.065 1.065 1.065 1.275 1.275 1.275 1.175 1.175 1.25 1.25 0.51000002 1.6012853 1.665 
1.96 1.96 1.96 1.96 1.96 1.9599997 1.0450002 1.045 1.041472 0.96 0.96 0.96 0.96 0.96 0.99381614 1.665 1.665 1.665 1.665 1.665 1.665 1.1668128 1.1200004 1.12 1.12 1.12 1.12 1.12 1.1644299 1.1650005 1.165 1.165 1.165 1.1650003 1.615 1.615 1.615 1.615 1.615 1.0650001 1.065 1.065 1.065 1.0650001 1.2747996 1.15 1.175 0.1873864 1.2490537 0.51 0.51 0.50012634 0.035 
1.96 1.96 1.96 1.96 1.96 1.9599415 1.0450494 1.0449949 0.96000011 0.96 0.96 0.96 0.96 0.96 0.97341465 1.665 1.665 1.665 1.665 1.665 1.665 1.12 1.12 1.12 1.12 1.12 1.12 1.12 1.1649876 1.165 1.165 1.165 1.165 1.165 1.2883 1.615 1.615 1.615 1.615 1.065 1.065 1.065 1.065 1.0650218 1.15 1.15 1.1438578 0.17 0.17 0.51 0.51 0.035 0.035 
1.96 1.96 1.96 1.96 1.96 1.9587797 1.0460838 0.9695917 0.96 0.96 0.96 0.96 0.96 0.96 0.97234224 1.665 1.665 1.665 1.665 1.665 1.5874019 1.12 1.12 1.12 1.12 1.12 1.12 1.12 1.1649998 1.165 1.165 1.165 1.165 1.165 1.165 1.161054 0.45541625 0.069578796 0.010831736 0.94062078 1.065 1.065 1.065 1.1499932 1.15 1.1407179 -0.40499725 0.17 0.17 -0.59504034 -0.595 -0.595 0.034999715 
1.96 1.96 1.96 1.96 1.9599991 1.9523692 1.0440616 0.96002337 0.96 0.96 0.96 0.96 0.96 0.96 0.97646284 1.665 1.665 1.665 1.665 1.665 1.1200024 1.12 1.12 1.12 1.12 1.12 1.12 1.12 1.165 1.165 1.165 1.165 1.165 1.165 1.1649998 -0.02 -0.02 -0.02 -0.020000003 -0.87 -0.87 -0.87 -0.87 -0.4049955 -0.405 -0.405 -0.405 -0.40500393 -0.78 -0.78 -0.595 -0.595 -0.96034922 
1.96 1.96 1.96 1.9599999 1.9599744 1.9351205 0.96740687 0.96000111 0.96 0.96 0.96 0.96 0.96 0.96 0.98393205 1.6649997 1.665 1.665 1.665 1.6617199 1.12 1.12 1.12 1.12 1.12 1.12 1.12 1.12 1.165 1.165 1.165 1.165 1.165 1.165 -0.019998913 -0.02 -0.02 -0.02 -0.02 -0.87 -0.87 -0.87 -0.87 -0.7444985 -0.405 -0.405 -0.405 -0.77999581 -0.78 -0.78 -1.12 -1.12 -1.12 
1.96 1.96 1.96 1.9599979 1.9597493 1.8629493 0.96050305 0.96000028 0.96 0.96 0.96 0.96 0.96 0.96000004 0.99404996 1.6649834 1.665 1.665 1.6649994 1.1310426 1.12 1.12 1.12 1.12 1.12 1.12 1.12 1.12 1.165 1.165 1.165 1.165 1.165 0.24262717 -0.020000023 -0.02 -0.02 -0.02 -0.02 -0.87 -0.87 -0.87 -0.87 -0.87 -0.405 -0.405 -0.405 -0.78 -0.78 -0.78 -1.12 -1.12 -1.12 
1.96 1.9599999 1.9599991 1.9599755 1.9584754 1.3819433 0.96011085 0.96000017 0.96 0.96 0.96 0.96 0.96 0.96000132 1.0060793 1.6647425 1.665 1.665 1.6621783 1.1200463 1.12 1.12 1.12 1.12 1.12 1.12 1.12 1.12 1.1649997 1.165 1.1649991 0.015769344 -0.095 -0.095 -0.095 -0.02 -0.02 -0.02 -0.02 -0.87 -0.87 -0.87 -0.87 -0.87 -0.40500824 -0.405 -0.40500018 -0.77999997 -0.78 -0.78000018 -1.12 -1.12 -1.12 
