interpolatedSpi/04-08|23_3.tif
NCOLS 53
NROWS 52
XLLCORNER -116.03883
YLLCORNER 28.596182
DX 0.49850594
DY 0.49788537
NODATA_VALUE -9999
[rows 0 to 38 of 52, columns 0 to 52 of 53]
0.714 0.714 0.20121368 0.288 0.238 0.59 0.212 0.342 -0.80171057 -0.636 -0.56 -0.402 -0.85001383 -1.018 -0.902 -0.902 -0.902 -0.914 -0.618 -0.618 -0.618 -0.61799403 0.0019999884 -1.164 -1.164 -1.164 -0.80799887 -0.808 -0.808 -1.382 -1.382 -1.382 -1.382 -2.1739998 -2.174 -2.174 -2.174 -2.174 -2.174 -2.1739999 0.24395612 0.26981828 -0.442 -0.442 -0.442 -0.442 -0.44283954 -0.956 -0.956 -0.956 -0.31600133 -0.316 -0.316
0.71396294 -0.12 0.14800011 0.12618789 0.16393388 0.098 0.164 -0.11164594 -0.594 -0.836 -0.3 -0.85 -0.85 -0.75288697 -1.0179958 -0.902 -0.914 -0.914 -0.61838594 -0.618 -0.618 -0.618 -1.1781067 -1.164 -1.164 -1.164 -0.72800003 -0.728 -1.382 -1.382 -1.382 -1.382 -1.382 -2.1739999 -2.174 -2.174 -2.174 -2.174 -2.1739999 -1.8682796 -0.24415768 -0.41797519 -0.442 -0.442 -0.442 -0.442 -0.442 -0.956 -0.956 -0.956 -0.90293059 -0.316 -0.316
0.77798669 0.778 0.244 0.008 0.12 0.696 -0.102 0.702 -0.802 -1.23 -0.976 -0.49 -1 -1.398 -0.752 -1.5 -0.914 -0.914 -0.914 -0.30809012 -0.308 -0.308 -1.432 -1.164 -1.164 -1.164 -0.728 -0.728 -0.728 -1.382 -1.382 -1.382 -1.271278 -2.1717036 -2.1673728 -1.4685244 -1.462 -1.462 -1.3088077 -0.24400001 -0.244 -0.24425319 -0.442 -0.442 -0.442 -0.442 -0.442 -0.956 -0.956 -0.956 -0.956 -0.316 -0.316
0.94 0.77799981 -0.14820067 -0.028 -0.808 -0.394 -0.26 -0.546 -0.118 -0.87831959 -0.988 -1.17 -0.996 -1.398 -1.164 -1.5 -1.0713052 -1.0678921 -0.848 -0.308 -0.308 -1.21 -1.432 -1.432 -1.164 -1.1639978 -0.728 -0.728 -0.728 -1.198 -1.1727608 -1.152 -1.152 -1.1520002 -1.462 -1.462 -1.462 -1.462 -0.244 -0.244 -0.244 -0.24400001 -0.442 -0.442 -0.442 -0.442 -0.442 -0.95599352 -0.956 -0.956 -0.956 -0.31605128 -0.316
0.94 0.0039997212 -0.148 -0.84149601 -0.808 -1.218 -1.1480569 -1.828 -1.99 -0.99800045 -1.13413 -1.1878891 -0.414 -1.164 -1.164 -1.3820297 -1.068 -1.068 -0.848 -0.848 -0.30800176 -1.21 -0.74 0.152 -0.504 -0.50399023 -0.728 -0.728 -1.198 -1.198 -1.152 -1.152 -1.152 -1.1523771 -1.462 -1.462 -1.462 -0.244 -0.244 -0.244 -0.244 -0.24409054 -0.44200001 -0.442 -0.442 -0.442 -0.442 -0.44657524 -0.956 -0.9560417 -1.886 -1.886 -1.886
-1.034 -0.648 -0.82399997 -0.572 -0.788 -1.54 -1.818 -1.8192803 -1.324 -1.836 -2.336 -1.526 -1.5259993 -1.852 -1.852 -0.78394688 -0.784 -1.398 -1.398 -0.84799992 -0.862 -0.862 0.152 -0.504 -0.504 -0.462 -1.166 -1.166 -0.8720309 -1.198 -1.152 -1.152 -1.154 -1.1539659 -0.82802338 -0.88 -0.88 -0.44076112 -0.244 -0.244 -1.1808301 -1.182 -1.1819984 -1.14929 -1.1619204 -1.1619998 -1.162 -1.1619997 -1.8703565 -1.886 -1.886 -1.886 -1.886
0.24799935 -0.47 -0.47004433 -1.102 -1.31 -1.716 -1.404 -1.736 -2.272 -2.272 -2.336 -2.056 -1.8599999 -1.852 -0.56400386 -0.564 -0.784 -0.348 -0.752 -0.752 -0.55285023 -0.206 -0.206 -0.514 -0.462 -0.462 -1.166 -1.166 -0.87205653 -0.87304073 -0.71149605 -1.154 -1.154 -0.828 -0.828 -1.1991591 -0.88 -0.88 -1.2419875 -1.1820001 -1.182 -1.182 -1.1819919 -1.1620007 -1.162 -1.162 -1.162 -1.1620004 -1.9 -1.8860028 -1.886 -1.886 -1.886
0.248 -0.87 -0.436 -1.872 -1.2680346 -1.828 -2.36 -2.552 -1.908 -2.06 -2.06 -1.38 -1.86 -1.86 -0.57289176 -0.81354741 -0.838 -0.424 -0.87599987 -0.752 -0.54324037 -0.476 -0.65 0.075999997 0.075986302 -0.986 -0.982 -0.98200006 -1.838601 -1.842 -0.708 -1.0550817 -1.016 -0.828 -0.84054933 -1.466 -1.466 -1.242 -1.242 -1.182 -1.182 -1.182 -1.2850534 -1.288 -1.162 -1.162 -1.162 -1.8999719 -1.9 -1.9 -1.886 -1.886 -1.886
-0.95162296 -0.86999999 -0.02 -1.612 -1.408 -2.362 -1.636 -1.372 -2.148 -1.4526344 -0.486 -1.484 -1.484 -0.91 -0.91000132 -0.8300223 -0.83 -0.83 -0.4929985 -0.91200007 -1.268 -1.268 -0.954 -0.7698014 -0.87897844 -0.986 -1.058 -0.982 -0.9641046 -0.964 -1.066 -0.878 -0.69164927 -1.478 -1.268 -1.67 -1.388 -1.2 -0.85016162 -1.1791521 -0.544 -0.832 -1.2878789 -1.288 -1.2872908 -1.162 -1.614 -1.9 -1.9 -1.9 -1.9 -1.7226462 0.022
-1.408 -1.408 0.018 -0.498 -1.912 -1.134 -1.394 -2.136 -1.562 -1.2760217 -1.694 -0.672 -0.91 -0.91 -1.05 -1.0469826 -0.83 -0.82990143 -0.374 -0.912 -0.912 -0.95786471 -0.954 -0.75400379 -0.754 -0.754 -1.058 -0.976 -0.976 -0.964 -0.964 -0.87729825 -0.508 -1.478 -1.096 -1.67 -1.388 -1.872 -0.85 -0.41319589 -0.83199999 -0.72620626 -0.544 -1.288 -1.288 -1.614 -1.614 -1.614 -1.9 -1.9 -0.574 -0.574 -0.57399978
-1.408 -1.408 -0.914 -1.366 -1.514 -0.558 -1.792 -0.85532946 -0.71 -0.88 -0.842 -0.32 -0.67153174 -1.05 -1.05 -1.0499485 -0.604 -0.59192852 -0.374 -0.076 -0.076 0.064 0.064 -0.754 -0.754 -0.754 -0.976 -0.976 -0.976 -1.018 -1.018 -1.0179992 -0.976 -0.976 -1.996 -1.5 -0.99 -1.0420078 -0.77 -0.406 -0.406 -0.74599934 -0.544 -1.288 -0.62200019 -0.714 -0.58047042 -0.576 -0.742 -0.742 -0.574 -0.574 -0.574
-1.408 -1.1948037 -1.1068845 -1.4159852 -0.994 -1.16 -1.792 -0.854 -0.7100012 -0.87811661 -0.32000073 -0.32 -0.108 -1.05 -1.05 -0.60400001 -0.604 -0.60398691 -0.374 -0.076 -0.048506848 0.064 0.064 -0.7539669 -0.754 -0.65012462 -0.438 -0.438 -0.43800007 -1.018 -1.018 -0.448 -0.448 -0.9760028 -1.996 -0.75400061 -1.1458638 -1.042 -1.042 -0.40600001 -0.746 -0.746 -0.74599907 -0.622 -0.622 -0.714 -0.576 -0.576 -0.742 -0.742 -0.574 -0.574 -0.574
-0.51 -0.65423012 -0.62602705 -0.63171807 -0.99400103 -1.1599961 -1.792 -0.86554623 -0.71992307 -0.71443915 -0.108 -0.108 -0.108 -0.108 -1.0498666 -0.604 -0.604 -0.60103033 -0.374 -0.075911617 0.236 0.236 0.236 0.236 -0.73698882 -0.438 -0.438 -0.438 -0.438 -0.4382985 -0.448 -0.448 -0.448 -0.448 -0.754 -0.754 -0.754 -1.0291869 -1.0403477 -0.822 -0.822 -0.74600409 -0.90999014 -0.62202774 -0.622 -0.714 -0.576 -0.576 -0.742 -0.742 -0.57460949 -0.574 -0.88876711
-0.51 -0.626 -0.626 -0.626 -0.626 -0.62600022 -1.7903821 -1.3481546 -0.74639695 -0.10865246 -0.108 -0.108 -0.108 -0.108 -0.10799948 -0.60400001 -0.60399996 -0.58822357 -0.37400123 0.236 0.236 0.236 0.236 0.236 0.23712139 -0.28415556 -0.29400003 -0.294 -0.294 -0.294 -0.44799999 -0.448 -0.44799917 0.242 0.242 -0.754 0.0081983111 0.03 -0.82199951 -0.822 -0.822 -0.822 -0.91 -0.91 -0.91 -0.90863602 -0.56211975 -0.562 -0.562 -0.562 -0.562 -0.52400001 -0.524
-0.912 -0.626 -0.626 -0.626 -0.626 -0.626 -0.62600007 -0.98562608 0.62253569 0.63 0.63 0.63 0.63 0.63 0.62999999 0.76309558 -0.58223831 -0.57250498 0.23592323 0.236 0.236 0.236 0.236 0.23600021 0.288 0.288 0.28799918 -0.294 -0.294 -0.29228591 0.562 0.562 0.242 0.242 0.242 0.063960231 0.03 0.03 0.03 -0.822 -0.822 -0.822 -0.91 -0.91 -0.91 -0.91 -0.56200001 -0.562 -0.562 -0.562 -0.562 -0.524 -0.524
-0.912 -0.80552545 -0.626 -0.626 -0.626 -0.626 0.47578371 0.476 0.476 0.63 0.63 0.63 0.63 0.63 0.66000255 0.766 0.766 0.766 0.41744638 0.41799981 0.418 0.418 0.418 0.418 0.288 0.288 0.288 0.288 -0.294 0.562 0.562 0.562 0.24200003 0.242 0.242 0.34 0.03041045 0.03 0.03 -0.82202691 -0.87644907 -1.003456 -0.91 -0.91 -1.083463 -1.084 -1.084 -0.56237693 -0.78920324 -0.78999998 -0.78999996 -0.38602099 -0.52399972
-0.912 0.19932912 -0.19282459 -0.626 -0.626 0.47534889 0.476 0.476 0.476 0.47710977 0.63 0.63 0.63 0.63000002 0.766 0.766 0.766 0.766 0.41831086 0.418 0.418 0.418 0.418 0.418 0.288 0.288 0.288 0.288 0.28899663 0.562 0.562 0.562 0.706 0.24202117 0.34 0.34 0.34 0.3358657 -0.93851102 -1.004 -1.004 -1.004 -1.116 -1.116 -1.084 -1.084 -1.084 -0.79 -0.79 -0.79 -0.79 -0.386 -0.386
0.2293714 0.23 0.23 0.23000001 0.75 0.47600707 0.476 0.476 0.476 0.476 0.60017092 0.62999487 0.62999999 0.766 0.766 0.766 0.766 0.766 0.73139576 0.418 0.418 0.418 0.418 0.418 0.49864233 0.72799762 0.728 0.728 0.728 0.56200001 0.706 0.706 0.706 0.706 0.34 0.33999015 -0.034 -0.034 -0.9918881 -1.004 -1.004 -1.004 -1.116 -1.116 -1.0889547 -1.084 -1.084 -0.79 -0.79 -0.79 -0.78566807 -0.386 -0.386
0.23 0.23 0.23 0.47487576 0.75 0.75 0.476 0.476 0.476 0.476 0.236 0.236 0.236 0.766 0.766 0.766 0.766 0.76601752 0.65 0.65 0.41800009 0.418 0.4203372 0.514 0.51592655 0.728 0.728 0.728 0.728 0.70600224 0.706 0.706 0.706 0.706 -0.033998685 -0.034 -0.034 -0.034 -0.037445052 -1.004 -1.004 -1.004 -1.116 -1.116 -1.116 -1.084 -1.084 -0.79 -0.79 -0.79 -0.386 -0.386 -0.386
0.23 0.23 0.23 0.75 0.75 0.75 0.74999958 0.476 0.476 0.23624775 0.236 0.236 0.236 0.23633022 0.85179878 0.872 0.872 0.872 0.65 0.65 0.65 0.514 0.514 0.514 0.51401793 0.64932135 0.728 0.728 0.728 0.16980678 0.046064914 0.046 0.046 0.046 -0.27555807 -0.61599868 -0.616 -0.616 -0.616 -0.62205227 -0.622 -0.622 -1.116 -1.116 -0.6840018 -0.68400001 -0.716 -0.716 -0.536 -0.536 -0.536 -0.386 -0.58182475
0.23000066 0.23 0.23000002 0.75 0.75 0.75 0.74999999 0.1300001 0.47461656 0.23617229 0.236 0.236 0.236 0.23724801 0.872 0.872 0.872 0.87199994 0.65 0.65 0.65 0.514 0.514 0.514 0.578 0.578 0.66 0.66 0.66 0.65665044 0.046 0.046 0.046 0.046 -0.28481829 -0.616 -0.616 -0.616 -0.616 -0.622 -0.622 -0.622 -0.62395076 -0.684 -0.684 -0.684 -0.716 -0.716 -0.536 -0.536 -0.536 -0.582 -0.582
0.444 0.34145861 0.172 0.17216769 0.75 0.1335873 0.13 0.13 0.26700636 0.426 0.426 0.426 0.426 1.1359769 1.136 0.8720002 0.872 0.86615063 0.65 0.65 0.65 0.398 0.398 0.398 0.578 0.578 0.66 0.66 0.66 0.65999962 0.14199939 0.14199973 0.048412816 0.046102919 -0.91889566 -0.92 -0.92 -0.92 -0.92 -0.622 -0.622 -0.622 -0.68058611 -0.684 -0.684 -0.68400005 -0.716 -0.716 -0.71599352 -0.536 -0.53602513 -1.098 -0.582
0.40600722 0.40599996 0.172 0.172 0.172 0.13 0.13 0.13 0.506 0.506 0.426 0.426 0.426 1.136 1.136 1.136 1.136 1.1359451 0.65 0.65 0.64999999 0.398 0.398 0.398 0.578 0.578 0.66 0.66 0.66 0.14784049 0.142 0.142 0.142 0.142 -0.91947597 -0.92 -0.92 -0.92 -0.92 -0.65199999 -0.652 -0.652 -0.652 -0.68400221 -0.972 -0.972 -0.972 -1.368 -1.368 -1.368 -1.098 -1.098 -1.098
0.406 0.406 0.172 0.172 0.172 0.13022076 0.13 0.506 0.506 0.506 0.42600985 0.426 0.64008668 1.1359999 1.136 1.136 1.136 0.676 0.676 0.676 0.52 0.51999991 0.39800059 0.398 0.39815962 0.582 0.582 0.58200019 0.65998739 0.0020279001 0.0020007452 0.0020244421 0.14176073 0.14187918 -0.73094557 -0.92 -0.92 -0.92 -0.92 -0.652 -0.652 -0.652 -0.652 -0.972 -0.972 -0.972 -0.972 -1.368 -1.368 -1.368 -1.098 -1.098 -1.098
0.406 0.406 0.172 0.172 0.172 0.172 0.27072582 0.506 0.506 0.506 0.50610053 0.688 0.688 0.688 1.1333598 1.136 0.67906533 0.676 0.676 0.676 0.52 0.52 0.52 0.52 0.582 0.582 0.582 0.582 0.582 0.002 0.002 0.002 0.002 0.0019988332 -0.552 -0.92 -0.92 -0.92 -0.92 -0.9200004 -1.088 -1.088 -1.088 -1.0645699 -1.016 -1.016 -1.016 -1.368 -1.3680001 -1.492 -1.492 -0.82606617 -0.826
0.406 0.406 0.25645757 0.172 0.172 0.172 0.3961952 0.50565334 0.506 0.506 0.68799995 0.688 0.688 0.688 0.688 0.72471933 0.676 0.676 0.676 0.676 0.52000121 0.52 0.52 0.52 0.582 0.582 0.582 0.582 0.582 0.052249036 0.002 0.002 0.0019999999 -0.552 -0.552 -0.55228576 -0.92 -0.92 -1.0967125 -1.234 -1.088 -1.088 -1.088 -1.0654545 -1.016 -1.016 -1.016 -1.096 -1.4870659 -1.492 -1.492 -0.826 -0.826
0.34 0.34 0.34 0.21412222 0.17210057 0.396 0.396 0.396 0.396 0.452 0.452 0.68799998 0.688 0.688 0.688 0.6879992 0.676 0.676 0.676 0.676 0.58807334 0.52 0.52 0.53905206 1.2183438 0.582 0.582 0.582 0.07 0.07 0.07 0.069999715 -0.552 -0.552 -0.552 -0.552 -1.234 -1.234 -1.234 -1.234 -0.882 -0.882 -0.882 -1.181994 -1.182 -1.182 -1.1819999 -1.096 -1.096 -1.4915175 -1.492 -0.8260003 -0.826
0.34 0.34 0.34 0.33999451 0.238 0.2609758 0.396 0.396 0.396 0.452 0.452 0.452 -0.29399996 -0.294 -0.294 -0.29399998 0.67453454 0.676 0.676 0.676 0.67367423 1.247998 1.248 1.248 1.248 1.248 0.632 0.632 0.07 0.07 0.07 0.07 -0.55199995 -0.552 -0.552 -0.55199479 -1.234 -1.234 -1.234 -1.2333858 -0.882 -0.882 -0.882 -1.1819861 -1.182 -1.182 -1.182 -1.096 -1.096 -1.096 -0.886 -0.886 -0.914
0.34 0.34 0.34 0.23800024 0.238 0.238 0.39599994 0.396 0.396 0.452 0.452 0.452 -0.294 -0.294 -0.294 -0.28105288 -0.124 -0.124 -0.12399793 0.6714814 1.248 1.248 1.248 1.248 1.248 1.2475364 0.632 0.632 0.632 0.07 0.07 0.070111997 -0.488 -0.488 -0.488 -0.92 -0.92 -1.094 -1.094 -1.094 -0.662 -0.88193099 -0.88200119 -1.042 -1.042 -1.0473058 -1.1819995 -1.096 -1.096 -0.886 -0.886 -0.886 -0.914
0.34 0.34 0.34 0.238 0.238 0.238 0.238 0.396 0.396 0.452 0.452 -0.26417076 -0.294 -0.294 -0.294 -0.124 -0.124 -0.124 -0.124 -0.124 1.248 1.248 1.248 1.248 1.248 0.6320021 0.632 0.632 0.632 0.244 0.244 0.244 -0.488 -0.488 -0.488 -0.92 -0.92 -1.094 -1.094 -0.662 -0.662 -0.662 -1.042 -1.042 -1.042 -1.042 -1.042 -1.042 -1.042 -1.042 -0.886 -0.688 -0.688
0.34 0.34 0.33985796 0.238 0.238 0.238 0.238 0.30083278 0.304 0.3042541 0.45199998 -0.29398291 -0.294 -0.294 -0.29399941 -0.124 -0.124 -0.124 -0.124 -0.124 -0.32674864 1.248 1.248 1.248 1.2479337 0.63201654 0.632 0.632 0.632 0.244 0.244 0.244 0.24389301 -0.488 -0.92 -0.92 -0.92 -0.920007 -1.0939705 -0.662 -0.662 -0.662 -1.0419769 -1.042 -1.042 -1.042 -1.0420031 -1.042 -1.042 -1.042 -0.688 -0.688 -0.688
0.472 0.47199977 0.23806191 0.238 0.238 0.238 0.30398596 0.304 0.304 0.304 -0.08999999 -0.09 -0.09 -0.09 -0.12384311 -0.124 -0.124 -0.124 -0.124 -0.39399984 -0.394 -0.394 0.92600005 0.926 0.926 0.926 0.90062402 0.632 0.082022526 0.082 0.082 0.082 0.082 -0.7 -0.7 -0.7 -0.7 -0.7 -1.106 -1.106 -1.106 -1.106 -1.106 -1.3535297 -1.354 -1.354 -1.354 -1.042 -1.042 -1.042 -0.68805577 -0.688 -0.688
0.472 0.472 0.47077755 0.32599982 0.32599998 0.32597849 0.304 0.304 0.304 0.304 -0.09 -0.09 -0.09 -0.09 -0.09 -0.124 -0.124 -0.124 -0.39399993 -0.394 -0.394 -0.394 0.926 0.926 0.926 0.926 0.926 0.92593696 0.082296571 0.082000003 0.082 0.082 0.082119139 -0.45169709 -0.69974289 -0.7 -0.7 -0.69999999 -1.106 -1.106 -1.106 -1.106 -1.106 -1.354 -1.354 -1.354 -1.354 -1.2081027 -1.042 -0.38343052 -0.376 -0.244 -0.244
0.472 0.472 0.32601849 0.326 0.326 0.326 0.32041209 0.304 0.304 0.304 -0.09 -0.09 -0.09 -0.09 -0.09 -0.12397778 -0.124 -0.39392084 -0.394 -0.394 -0.394 -0.394 0.43699745 0.926 0.926 0.926 0.926 0.92594629 0.85 0.85 0.85 0.85 0.85 -0.262 -0.262 -0.262 -0.262 -0.262 -1.214 -1.214 -1.214 -1.214 -1.214 -1.3516267 -1.3539995 -1.354 -1.3538352 -1.334034 -0.376 -0.376 -0.376 -0.24400074 -0.244
0.47199942 0.16216073 0.32599998 0.326 0.326 0.326 0.326 0.30400937 0.304 0.304 -0.089999999 -0.09 -0.09 -0.09 -0.51436027 -0.524 -0.524 -0.39400335 -0.394 -0.394 -0.394 -0.394 -0.39399985 0.926 0.926 0.926 0.926 1.1619997 1.1619999 1.0955988 0.85 0.85 0.85 -0.262 -0.262 -0.262 -0.262 -0.2617196 -1.214 -1.214 -1.214 -1.214 -1.2139413 -0.382 -0.382 -0.382 -0.382 -0.38199952 -0.376 -0.376 -0.376 -0.37600006 -0.47849487
0.156 0.156 0.15304475 0.326 0.326 0.326 0.326 0.326 0.30400795 -0.28599999 -0.286 -0.286 -0.28553485 -0.52399937 -0.524 -0.524 -0.524 -0.524 -0.39399705 -0.36876717 -0.148 -0.148 -0.148 0.12248099 0.87493679 0.60170725 0.37165455 1.162 1.162 1.162 1.162 1.162 1.1447549 0.15756679 0.152 0.152 0.152 0.152 -1.0701037 -0.44800138 -0.448 -0.448 -0.448 -0.18800057 -0.38199995 -0.382 -0.382 0.192 -0.3759909 -0.376 -0.376 -0.482 -0.482
0.156 0.156 -0.075999998 -0.076 -0.076 0.32586609 0.326 0.326 -0.286 -0.286 -0.286 -0.286 -0.286 -0.52399999 -0.524 -0.524 -0.524 -0.524 -0.148 -0.148 -0.148 -0.148 -0.148 0.28799998 0.288 0.288 0.288 1.162 1.162 1.162 1.162 1.162 0.648 0.648 0.152 0.152 0.152 0.44794959 0.448 -0.448 -0.448 -0.448 -0.44799995 -0.188 -0.188 -0.188 0.192 0.192 0.192 0.208 0.208 -0.482 -0.482
0.156 0.156 -0.076 -0.076 -0.076 -0.076 -0.076000428 -0.154 -0.28587572 -0.286 -0.286 -0.286 -0.286 -0.52103117 -0.524 -0.524 -0.524 -0.524 -0.14800001 -0.148 -0.148 -0.148 -0.148 0.288 0.288 0.288 0.288 0.28800354 1.162 1.162 1.162 0.64802695 0.648 0.648 0.648 0.152 0.448 0.448 0.448 0.42442456 -0.14620297 -0.09 -0.09 -0.188 -0.188 -0.188 0.192 0.192 0.192 0.208 0.208 0.208 0.21902446
0.286 0.28599898 -0.076 -0.076 -0.076 -0.076 -0.154 -0.154 -0.154 -0.286 -0.286 -0.286 -0.286 -0.28607399 -0.524 -0.524 -0.524 -0.524 -0.14800692 -0.148 -0.148 -0.14800001 0.21117151 0.288 0.288 0.288 0.288 0.31399998 0.314 0.31400001 1.1528795 0.648 0.648 0.648 0.64799931 -0.06999999 0.448 0.448 0.448 0.448 -0.09 -0.09 -0.09 0.118 0.118 0.118 0.4199778 0.192 0.192 0.208 0.208 0.208 0.29199975
