interpolatedSpi/04-06|21_3.tif
NCOLS 53
NROWS 52
XLLCORNER -116.03883
YLLCORNER 28.596182
DX 0.49850594
DY 0.49788537
NODATA_VALUE -9999
[rows 0 to 30 of 52, columns 0 to 52 of 53]
-0.64666667 -0.64666667 -0.63057265 -1.0566667 -0.85333333 -1.3166667 -1.38 -1.0433333 -1.0018133 -1.31 -1.51 -1.1466667 -1.5332718 -0.78666667 -1.23 -1.23 -1.23 -0.64 -0.63333333 -0.63333333 -0.63333333 -0.63333317 -0.61666667 -0.67666667 -0.67666667 -0.67666667 0.096653298 0.096666667 0.096666667 -0.71 -0.71 -0.71 -0.71 -1.0133333 -1.0133333 -1.0133333 -1.0133333 -1.0133333 -1.0133333 -1.0133333 0.10462437 0.11637707 -1.02 -1.02 -1.02 -1.02 -1.0187968 -0.28333333 -0.28333333 -0.28333333 1.1733303 1.1733333 1.1733333
-0.64669732 -1.3366667 -1.1999991 -1.1657849 -1.1199486 -0.69333333 -0.69333333 -0.84374799 -0.99 -1.5033333 -1.3033333 -1.5333333 -1.5333333 -0.85311104 -0.78667139 -1.23 -0.64 -0.64 -0.63334203 -0.63333333 -0.63333333 -0.63333333 -0.70544161 -0.67666667 -0.67666667 -0.67666667 -0.54666668 -0.54666667 -0.71 -0.71 -0.71 -0.71 -0.71 -1.0133333 -1.0133333 -1.0133333 -1.0133333 -1.0133333 -1.0133333 -1.0140631 -1.0333223 -1.0216178 -1.02 -1.02 -1.02 -1.02 -1.02 -0.28333333 -0.28333333 -0.28333333 -0.16254514 1.1733333 1.1733333
-1.143317 -1.1433333 -0.39666667 -0.36 -0.63666667 -0.86 -0.20333333 -0.49666667 -0.97333333 -1.0133333 -0.88666667 -1.2566667 -0.66 -1.4366667 -0.85333333 -1.5433333 -0.64 -0.64 -0.64 -1.1098614 -1.11 -1.11 -1.2233333 -0.67666667 -0.67666667 -0.67666667 -0.54666667 -0.54666667 -0.54666667 -0.71 -0.71 -0.71 -0.676302 -1.0127282 -1.0119992 -0.87131343 -0.87 -0.87 -0.89054303 -1.0333333 -1.0333333 -1.0333163 -1.02 -1.02 -1.02 -1.02 -1.02 -0.28333333 -0.28333333 -0.28333333 -0.28333333 1.1733333 1.1733333
0.11666667 -1.1433333 -1.0867244 -0.17666667 -0.99 -0.77333333 -0.43666667 -0.53 -0.88 -1.0237534 -1.2166667 -1.45 -1.38 -1.4366667 -1.2733333 -1.5433333 -1.6988014 -1.6992573 -1.6866667 -1.11 -1.11 -1.67 -1.2233333 -1.2233333 -0.67666667 -0.67666602 -0.54666667 -0.54666667 -0.54666667 -1.1266667 -0.85964351 -0.64 -0.64 -0.64000018 -0.87 -0.87 -0.87 -0.87 -1.0333333 -1.0333333 -1.0333333 -1.0333333 -1.02 -1.02 -1.02 -1.02 -1.02 -0.28334263 -0.28333333 -0.28333333 -0.28333333 1.1732863 1.1733333
0.11666667 0.67666343 -1.0866667 -1.4473182 -0.99 -0.55666667 -0.97333217 -0.58 -0.55 -1.1699998 -1.2392203 -1.2765774 -0.65333333 -1.2733333 -1.2733333 -1.4564513 -1.7 -1.7 -1.6866667 -1.6866667 -1.1100011 -1.67 -1.3566667 -0.79 -0.27333333 -0.27329988 -0.54666667 -0.54666667 -1.1266667 -1.1266667 -0.64 -0.64 -0.64 -0.61611412 -0.87 -0.87 -0.87 -1.0333333 -1.0333333 -1.0333333 -1.0333333 -1.0332555 -1.02 -1.02 -1.02 -1.02 -1.02 -1.0134428 -0.28333333 -0.28333259 -0.26666667 -0.26666667 -0.26666667
-1.48 -0.43 -1.08 -1.0333333 -1.6033333 -1.38 -1.3566667 -1.2572311 -0.9 -0.31666667 -0.46666667 0.07 0.069999523 -0.98 -0.98 -1.3634106 -1.3633333 -1.2066667 -1.2066667 -1.6866658 -1.44 -1.44 -0.79 -0.27333333 -0.27333333 -0.13 -0.62 -0.62 -0.46006047 -1.1266667 -0.64 -0.64 -0.51333333 -0.5133605 -0.77331485 -1.2633333 -1.2633333 -1.1044891 -1.0333333 -1.0333333 -0.22767275 -0.22666667 -0.22666689 -0.82680504 -0.82335507 -0.82333339 -0.82333334 -0.8233334 -0.51348687 -0.26666667 -0.26666667 -0.26666667 -0.26666667
0.13333974 -0.25333333 0.68097754 -0.76 -1.4433333 -1.6866667 -1.1633333 -0.83333333 -0.56666667 -0.56666667 -0.46666667 -0.8 -0.60666679 -0.98 -1.6833312 -1.6833333 -1.3633333 -1.3033333 -0.73666667 -0.73666667 -1.2703446 -1.08 -1.08 -0.083333336 -0.13 -0.13 -0.62 -0.62 -0.45999689 -0.45994278 -0.7755247 -0.51333333 -0.51333333 -0.77333333 -0.77333333 -1.2578869 -1.2633333 -1.2633333 -1.0766731 -0.22666785 -0.22666667 -0.22666667 -0.22666919 -0.82333404 -0.82333333 -0.82333333 -0.82333333 -0.82333318 -0.56333333 -0.26672546 -0.26666667 -0.26666667 -0.26666667
0.13333333 0.42333333 0.69 -1.3166667 -1.6266489 -1.4233333 -1.1233333 -1.27 -1.45 -1.0533333 -1.0533333 -1.1033333 -0.60666667 -0.60666667 -1.6759464 -1.8958433 -1.9166667 -1.1933333 -0.98333308 -0.73666667 -0.17855259 -0.16666667 -0.56333333 0.34333333 0.34333105 0.16666667 -0.23666667 -0.2366668 -0.40685355 -0.40666667 -0.77666667 -1.4097644 -1.23 -0.77333333 -0.78540731 -1.2533333 -1.2533333 -1.0766667 -1.0766667 -0.22666667 -0.22666667 -0.22666667 -0.94755112 -0.94999999 -0.82333333 -0.82333333 -0.82333333 -0.56334323 -0.56333333 -0.56333333 -0.26666667 -0.26666667 -0.26666667
0.070847563 0.42333333 0.69333333 0.096666667 -0.95333333 -1.4733333 -1.4533333 -1.4366667 -1.3333333 -1.0542302 -0.88666667 -0.72 -0.72 -0.90333333 -0.90333587 -1.5875864 -1.5866667 -1.5866667 -1.1612765 -0.90666654 -0.30666667 -0.30666667 -0.44 -0.51472969 0.18447 0.16666667 -0.03 -0.23666667 -0.79009854 -0.79333333 -1.46 -0.81666667 -1.0046984 -1.4866667 -1.1966667 -1.3533333 -1.1433333 -1.2033333 -0.85349495 -0.22699401 -0.3 -0.65666667 -0.94990667 -0.95 -0.94928705 -0.82333333 -0.57000001 -0.56333333 -0.56333333 -0.56333333 -0.56333333 -0.15128977 0.43333333
-1.9 -1.9 1.0166667 -0.063333333 -1.01 -1.2933333 -1.3266667 -1.44 -1.4866667 -0.98337697 -1.1066667 0.11 -0.90333333 -0.90333333 -1.1733333 -1.1790024 -1.5866667 -1.5866189 -1.33 -0.90666667 -0.90666667 -0.82936653 -0.44 -0.39333422 -0.39333333 -0.39333333 -0.03 0.33333333 0.33333333 -0.79333333 -0.79333333 -0.81737474 -1.19 -1.4866667 -0.67666667 -1.3533333 -1.1433333 -0.88 -0.85333333 -0.48605062 -0.65666665 -0.55381164 -0.37666667 -0.95 -0.95 -0.57 -0.57 -0.57 -0.56333333 -0.56333333 0.66 0.66 0.65999992
-1.9 -1.9 -0.02 -1.15 -1.0066667 -0.54 -1.1766667 -1.13009 -1.1566667 -0.95 -0.89 -0.44666667 0.10925741 -1.1733333 -1.1733333 -1.1734052 -1.7966667 -1.7721738 -1.33 -1.3033333 -1.3033333 -1.0466667 -1.0466667 -0.39333333 -0.39333333 -0.39333333 0.33333333 0.33333333 0.33333333 -1.8166667 -1.8166667 -1.8166656 -1.1333333 -1.1333333 -1.62 -2.1866667 -1.2333333 -2.0399934 -1.05 -0.48 -0.48 -0.45333308 -0.37666667 -0.95 -0.82333304 -0.39666667 -0.14517089 -0.14333333 -0.16 -0.16 0.66 0.66 0.66
-1.9 -1.0884653 -0.5022113 -1.0166565 0.25333333 -1.34 -1.1766667 -1.13 -1.1566664 -0.95228962 -0.44666732 -0.44666667 -0.90666667 -1.1733333 -1.1733333 -1.7966666 -1.7966667 -1.7966401 -1.33 -1.3033333 -1.2529292 -1.0466667 -1.0466667 -0.39335989 -0.39333333 -0.51495957 -0.76333333 -0.76333333 -0.7633332 -1.8166667 -1.8166667 -1.83 -1.83 -1.1333347 -1.62 -1.4733336 -1.2376096 -2.04 -2.04 -0.48 -0.45333333 -0.45333333 -0.453336 -0.82333333 -0.82333333 -0.39666667 -0.14333333 -0.14333333 -0.16 -0.16 0.66 0.66 0.66
-2.6466667 -1.0736593 -1.1466654 -1.1457055 0.25332507 -1.3399624 -1.1766667 -1.1305744 -1.1548291 -1.15127 -0.90666667 -0.90666667 -0.90666667 -0.90666667 -1.1732956 -1.7966667 -1.7966667 -1.7906413 -1.33 -1.3033373 -1.3166667 -1.3166667 -1.3166667 -1.3166667 -0.40926266 -0.76333333 -0.76333333 -0.76333333 -0.76333333 -0.76406393 -1.83 -1.83 -1.83 -1.83 -1.4733333 -1.4733333 -1.4733333 -2.0117672 -2.0340166 -1.2433333 -1.2433333 -0.45337583 -0.5566758 -0.82330765 -0.82333333 -0.39666667 -0.14333333 -0.14333333 -0.16 -0.16 0.65702513 0.66 0.26645332
-2.6466667 -1.1466667 -1.1466667 -1.1466667 -1.1466667 -1.1466667 -1.1770845 -1.1545892 -1.1499265 -0.90693079 -0.90666667 -0.90666667 -0.90666667 -0.90666667 -0.90666687 -1.7966667 -1.7966666 -1.7646565 -1.3300065 -1.3166667 -1.3166667 -1.3166667 -1.3166667 -1.3166667 -1.3106839 -1.0363221 -1.1833332 -1.1833333 -1.1833333 -1.1833333 -1.83 -1.83 -1.8299997 -1.59 -1.59 -1.4733333 -1.3437078 -1.34 -1.2433334 -1.2433333 -1.2433333 -1.2433333 -0.55666667 -0.55666667 -0.55666667 -0.55555321 -0.16325582 -0.16333333 -0.16333333 -0.16333333 -0.16333333 0.20333343 0.20333333
-1.87 -1.1466667 -1.1466667 -1.1466667 -1.1466667 -1.1466667 -1.1466667 -1.2536715 -1.1766296 -1.1766667 -1.1766667 -1.1766667 -1.1766667 -1.1766667 -1.1766667 -1.3530943 -1.7896426 -1.7327643 -1.3166685 -1.3166667 -1.3166667 -1.3166667 -1.3166667 -1.3166665 -1.04 -1.04 -1.0400002 -1.1833333 -1.1833333 -1.1833133 -1.1733333 -1.1733333 -1.59 -1.59 -1.59 -1.3800472 -1.34 -1.34 -1.34 -1.2433333 -1.2433333 -1.2433333 -0.55666667 -0.55666667 -0.55666667 -0.55666667 -0.16333334 -0.16333333 -0.16333333 -0.16333333 -0.16333333 0.20333333 0.20333333
-1.87 -1.6007112 -1.1466667 -1.1466667 -1.1466667 -1.1466667 -1.4732692 -1.4733333 -1.4733333 -1.1766667 -1.1766667 -1.1766667 -1.1766667 -1.1766667 -1.2163759 -1.3566667 -1.3566667 -1.3566667 -1.1638005 -1.1633335 -1.1633333 -1.1633333 -1.1633333 -1.1633333 -1.04 -1.04 -1.04 -1.04 -1.1833333 -1.1733333 -1.1733333 -1.1733333 -1.59 -1.59 -1.59 -1.1766667 -1.3397837 -1.34 -1.34 -1.2431921 -0.96111564 -0.30281942 -0.55666667 -0.55666667 -0.27420772 -0.27333333 -0.27333333 -0.1630658 -0.00057077605 -1.4233069e-08 -3.0960564e-08 0.25999136 0.20333345
-1.87 -1.7953923 -1.4739098 -1.1466667 -1.1466667 -1.4731403 -1.4733333 -1.4733333 -1.4733333 -1.4711955 -1.1766667 -1.1766667 -1.1766667 -1.1766667 -1.3566667 -1.3566667 -1.3566667 -1.3566667 -1.163506 -1.1633333 -1.1633333 -1.1633333 -1.1633333 -1.1633333 -1.04 -1.04 -1.04 -1.04 -1.040485 -1.1733333 -1.1733333 -1.1733333 -1.2866667 -1.5899506 -1.1766667 -1.1766667 -1.1766667 -1.1714757 -0.36585079 -0.3 -0.3 -0.3 -0.71 -0.71 -0.27333333 -0.27333333 -0.27333333 -3.3450234e-09 -3.1945379e-63 -5.1839962e-53 3.4118167e-13 0.26 0.26
-1.7933073 -1.7933333 -1.7933333 -1.7933333 -1.5233333 -1.4733346 -1.4733333 -1.4733333 -1.4733333 -1.4733333 -1.1834805 -1.1766678 -1.1766667 -1.3566667 -1.3566667 -1.3566667 -1.3566667 -1.3566667 -1.308894 -1.1633333 -1.1633333 -1.1633333 -1.1633333 -1.1633333 -1.075011 -1.0266667 -1.0266667 -1.0266667 -1.0266667 -1.1733333 -1.2866667 -1.2866667 -1.2866667 -1.2866667 -1.1766667 -1.1766542 -0.70333333 -0.70333333 -0.30503622 -0.3 -0.3 -0.3 -0.71 -0.71 -0.34094437 -0.27333333 -0.27333333 -2.6087243e-12 -4.5120752e-70 3.4635093e-54 0.002787876 0.26 0.26
-1.7933333 -1.7933333 -1.7933333 -1.6661863 -1.5233333 -1.5233333 -1.4733333 -1.4733333 -1.4733333 -1.4733333 -1.2666667 -1.2666667 -1.2666667 -1.3566667 -1.3566667 -1.3566667 -1.3566667 -1.3564849 -0.84 -0.84 -1.1633332 -1.1633333 -1.174857 -1.6366667 -1.6311751 -1.0266667 -1.0266667 -1.0266667 -1.0266667 -1.2866402 -1.2866667 -1.2866667 -1.2866667 -1.2866667 -0.703335 -0.70333333 -0.70333333 -0.70333333 -0.70191132 -0.3 -0.3 -0.3 -0.71 -0.71 -0.71 -0.27333333 -0.27333333 -1.893254e-08 -6.1625063e-17 -1.8729979e-09 0.26 0.26 0.26
-1.7933333 -1.7933333 -1.7933333 -1.5233333 -1.5233333 -1.5233333 -1.5233333 -1.4733333 -1.4733333 -1.26688 -1.2666667 -1.2666667 -1.2666667 -1.2667227 -0.46630201 -0.25666667 -0.25666667 -0.25666667 -0.84 -0.84 -0.84 -1.6366667 -1.6366667 -1.6366667 -1.6361914 -0.45668358 -1.0266667 -1.0266667 -1.0266667 -1.1233918 -1.0933523 -1.0933333 -1.0933333 -1.0933333 -0.67893324 -0.64333347 -0.64333333 -0.64333333 -0.64333333 -0.66328362 -0.66333333 -0.66333333 -0.71 -0.71 -1.1099983 -1.11 -1.06 -1.06 -0.73 -0.73 -0.73 0.26 -0.55593647
-1.7933313 -1.7933333 -1.7933333 -1.5233333 -1.5233333 -1.5233333 -1.5233333 -1.1200001 -1.4719206 -1.2666062 -1.2666667 -1.2666667 -1.2666667 -1.2646848 -0.25666667 -0.25666667 -0.25666667 -0.25666683 -0.84 -0.84 -0.84 -1.6366667 -1.6366667 -1.6366667 0.06 0.06 -0.48999999 -0.49 -0.49 -0.49329137 -1.0933333 -1.0933333 -1.0933333 -1.0933333 -0.8684569 -0.64333333 -0.64333333 -0.64333333 -0.64333333 -0.66333333 -0.66333333 -0.66333333 -0.67738718 -1.11 -1.11 -1.11 -1.06 -1.06 -0.73 -0.73 -0.73 -0.55666667 -0.55666667
-1.15 -1.4476614 -1.4233333 -1.4233623 -1.5233333 -1.1223337 -1.12 -1.12 -1.1479357 -1.2 -1.2 -1.2 -1.2 0.21995377 0.22 -0.2566663 -0.25666667 -0.27203664 -0.84 -0.84 -0.84 -0.51 -0.51 -0.51 0.06 0.06 -0.49 -0.49 -0.49 -0.49000006 -0.56667001 -0.56666815 -1.0800964 -1.0927687 -0.75704776 -0.75666667 -0.75666667 -0.75666667 -0.75666667 -0.66333333 -0.66333333 -0.66333333 -1.0854051 -1.11 -1.11 -1.11 -1.06 -1.06 -1.0599881 -0.73 -0.73003071 -1.4166667 -0.55666667
-1.2966388 -1.2966667 -1.4233333 -1.4233333 -1.4233333 -1.12 -1.12 -1.12 -1.1966667 -1.1966667 -1.2 -1.2 -1.2 0.22 0.22 0.22 0.22 0.21988055 -0.84 -0.84 -0.83999999 -0.51 -0.51 -0.51 0.06 0.06 -0.49 -0.49 -0.49 -0.56580224 -0.56666667 -0.56666667 -0.56666667 -0.56666667 -0.75657291 -0.75666667 -0.75666667 -0.75666667 -0.75666667 -0.63333334 -0.63333333 -0.63333333 -0.63333333 -1.1100011 -1.2566667 -1.2566667 -1.2566667 -1.56 -1.56 -1.56 -1.4166667 -1.4166667 -1.4166667
-1.2966667 -1.2966667 -1.4233333 -1.4233333 -1.4233333 -1.1215944 -1.12 -1.1966667 -1.1966667 -1.1966667 -1.1999996 -1.2 -0.81867513 0.21999978 0.22 0.22 0.22 -0.5 -0.5 -0.5 -0.08000001 -0.08000032 -0.50999791 -0.51 -0.50953365 0.0066666667 0.0066666667 0.0066654826 -0.48991974 -0.063433641 -0.063336012 -0.063421209 -0.56580642 -0.5662323 -0.72249833 -0.75666643 -0.75460008 -0.14 -0.14 -0.63333333 -0.63333333 -0.63333333 -0.63333333 -1.2566667 -1.2566667 -1.2566667 -1.2566667 -1.56 -1.56 -1.56 -1.4166667 -1.4166667 -1.4166667
-1.2966667 -1.2966667 -1.4233333 -1.4233333 -1.4233333 -1.4233333 -1.1486941 -1.1966667 -1.1966667 -1.1966667 -1.1964107 -0.73333333 -0.73333333 -0.73333333 0.21438179 0.22 -0.4952021 -0.5 -0.5 -0.5 -0.08 -0.08 -0.08 -0.08 0.0066666667 0.0066666667 0.0066666667 0.0066666667 0.0066666667 -0.063333333 -0.063333333 -0.063333333 -0.063333333 -0.063332463 0.35 -0.14 -0.14 -0.14 -0.14 -0.14000191 -0.66666667 -0.66666667 -0.66666667 -0.85432219 -1.2433333 -1.2433333 -1.2433333 -1.56 -1.5599991 -0.62666667 -0.62666667 -0.39691481 -0.39666667
-1.2966667 -1.2966667 -1.3776156 -1.4233333 -1.4233333 -1.4233333 -1.4728424 -1.1975386 -1.1966667 -1.1966667 -0.73333341 -0.73333333 -0.73333333 -0.73333333 -0.73333333 -0.65515696 -0.5 -0.5 -0.5 -0.5 -0.080003249 -0.08 -0.08 -0.08 0.0066666666 0.0066666667 0.0066666667 0.0066666667 0.0066666673 0.43176747 -0.063333333 -0.063333333 -0.063333333 0.35 0.35 0.3496195 -0.14 -0.14 0.29333946 0.62999993 -0.66666667 -0.66666667 -0.66666667 -0.84949106 -1.2433333 -1.2433333 -1.2433333 0.21 -0.61624188 -0.62666667 -0.62666667 -0.39666667 -0.39666667
-0.61 -0.61 -0.61 -1.2194083 -1.4228375 -1.4733333 -1.4733333 -1.4733333 -1.4733333 -1.1166667 -1.1166667 -0.73333336 -0.73333333 -0.73333333 -0.73333333 -0.73331853 -0.5 -0.5 -0.5 -0.5 -0.26327438 -0.08 -0.08 -0.049031672 1.0545 0.0066666667 0.0066666667 0.0066666667 0.60666667 0.60666667 0.60666667 0.60666385 0.35 0.35 0.35 0.35 0.63 0.63 0.63 0.63 -0.33666667 -0.33666667 -0.33666667 -0.55332898 -0.55333333 -0.55333333 -0.55333355 0.21 0.21 -0.62564723 -0.62666667 -0.3966603 -0.39666667
-0.61 -0.61 -0.61 -0.61002531 -1.08 -1.1371971 -1.4733333 -1.4733333 -1.4733333 -1.1166667 -1.1166667 -1.1166667 -0.40333335 -0.40333333 -0.40333333 -0.40333335 -0.50097697 -0.5 -0.5 -0.5 -0.4935667 1.1033301 1.1033333 1.1033333 1.1033333 1.1033333 1.3866667 1.3866667 0.60666667 0.60666667 0.60666667 0.60666667 0.35000053 0.35 0.35 0.35006027 0.62999999 0.63 0.63 0.62868395 -0.33666667 -0.33666667 -0.33666667 -0.55332329 -0.55333333 -0.55333333 -0.55333333 0.21 0.21 0.21000009 0.86666667 0.86666667 0.38333333
-0.61 -0.61 -0.61 -1.0799989 -1.08 -1.08 -1.4733332 -1.4733333 -1.4733333 -1.1166667 -1.1166667 -1.1166667 -0.40333333 -0.40333333 -0.40333333 -0.45131385 -1.0333333 -1.0333333 -1.033332 -0.50301239 1.1033333 1.1033333 1.1033333 1.1033333 1.1033333 1.1035466 1.3866667 1.3866667 1.3866667 0.60666667 0.60666667 0.606701 1.09 1.09 1.09 0.24666667 0.24666667 0.33 0.33 0.33 0.08 -0.33653597 -0.33666219 0.26333333 0.26333333 0.2323826 -0.55332988 0.21 0.21 0.86666667 0.86666667 0.86666667 0.38333333
-0.61 -0.61 -0.61 -1.08 -1.08 -1.08 -1.08 -1.4733333 -1.4733333 -1.1166667 -1.1166667 -0.43185638 -0.40333333 -0.40333333 -0.40333333 -1.0333333 -1.0333333 -1.0333333 -1.0333333 -1.0333333 1.1033333 1.1033333 1.1033333 1.1033333 1.1033333 1.3866657 1.3866667 1.3866667 1.3866667 0.66 0.66 0.66 1.09 1.09 1.09 0.24666667 0.24666667 0.33 0.33 0.08 0.08 0.08 0.26333333 0.26333333 0.26333333 0.26333333 0.29810904 0.68666667 0.68666667 0.68666667 0.86666666 0.44 0.44
-0.61 -0.61 -0.6106545 -1.08 -1.08 -1.08 -1.08 -1.3719503 -1.3866667 -1.3862031 -1.1166667 -0.40336405 -0.40333333 -0.40333333 -0.40333551 -1.0333333 -1.0333333 -1.0333333 -1.0333333 -1.0333333 0.032318757 1.1033333 1.1033333 1.1033333 1.1032585 1.3866303 1.3866667 1.3866667 1.3866667 0.66 0.66 0.66 0.66006387 1.09 0.24666667 0.24666667 0.24666667 0.24667028 0.32998295 0.08 0.08 0.08 0.2633222 0.26333333 0.26333333 0.26333333 0.6866686 0.68666667 0.68666667 0.68666667 0.44 0.44 0.44
