interpolatedSpi/04-06|23_3.tif
NCOLS 53
NROWS 52
XLLCORNER -116.03883
YLLCORNER 28.596182
DX 0.49850594
DY 0.49788537
NODATA_VALUE -9999
[rows 0 to 37 of 52, columns 0 to 52 of 53]
-0.145 -0.145 -1.0485192 -1.1925 -0.765 -0.5125 -0.865 -0.53 -1.3760168 -0.9425 -0.9475 -0.8525 -1.1600062 -1.235 -0.9875 -0.9875 -0.9875 -0.715 -1.1075 -1.1075 -1.1075 -1.1074908 -0.14750001 -1.535 -1.535 -1.535 -0.72749353 -0.7275 -0.7275 -1.715 -1.715 -1.715 -1.715 -2.9774997 -2.9775 -2.9775 -2.9775 -2.9775 -2.9775 -2.9774999 0.31701402 0.35204622 -1.4275 -1.4275 -1.4275 -1.4275 -1.4275735 -1.4725 -1.4725 -1.4725 -0.63000175 -0.63 -0.63
-0.14504032 -1.0525 -1.0974994 -1.0357525 -1.0898926 -0.7625 -0.9125 -0.96216269 -1.005 -1.325 -0.92 -1.16 -1.16 -1.0406502 -1.2349955 -0.9875 -0.715 -0.715 -1.1069882 -1.1075 -1.1075 -1.1075 -1.5194721 -1.535 -1.535 -1.535 -1.565 -1.565 -1.715 -1.715 -1.715 -1.715 -1.715 -2.9774998 -2.9775 -2.9775 -2.9775 -2.9775 -2.9774999 -2.6882164 -1.2051121 -1.4005019 -1.4275 -1.4275 -1.4275 -1.4275 -1.4275 -1.4725 -1.4725 -1.4725 -1.4026391 -0.63 -0.63
0.14246982 0.1425 -0.57 -0.675 -0.9 -0.5575 -1.1825 -0.305 -1.5375 -1.685 -1.5225 -1.2625 -1.7575 -0.985 -1.04 -1.7625 -0.715 -0.715 -0.715 -0.74010683 -0.74 -0.74 -1.24 -1.535 -1.535 -1.535 -1.565 -1.565 -1.565 -1.715 -1.715 -1.715 -1.669267 -2.9739804 -2.9665167 -1.8083129 -1.7975 -1.7975 -1.7229791 -1.205 -1.205 -1.2052845 -1.4275 -1.4275 -1.4275 -1.4275 -1.4275 -1.4725 -1.4725 -1.4725 -1.4725 -0.63 -0.63
0.4175 0.14249984 -0.63517425 -0.4875 -1.245 -0.9725 -0.935 -1.2275 -1.1825 -1.3676777 -1.66 -1.3925 -1.35 -0.985 -1.7525 -1.7625 -1.3085003 -1.3045866 -1.1775 -0.74 -0.74 -1.5175 -1.24 -1.24 -1.535 -1.5350001 -1.565 -1.565 -1.565 -1.245 -1.4507541 -1.62 -1.62 -1.6200001 -1.7975 -1.7975 -1.7975 -1.7975 -1.205 -1.205 -1.205 -1.205 -1.4275 -1.4275 -1.4275 -1.4275 -1.4275 -1.4724994 -1.4725 -1.4725 -1.4725 -0.63002466 -0.63
0.4175 -0.042501087 -0.635 -1.4144312 -1.245 -1.6175 -1.6275665 -2.5775 -2.5325 -1.8175002 -1.7302346 -1.6849151 -1.0925 -1.7525 -1.7525 -1.7520031 -1.305 -1.305 -1.1775 -1.1775 -0.74000153 -1.5175 -1.0925 -0.25 -1.0525 -1.0524639 -1.565 -1.565 -1.245 -1.245 -1.62 -1.62 -1.62 -1.6049141 -1.7975 -1.7975 -1.7975 -1.205 -1.205 -1.205 -1.205 -1.2049722 -1.4275 -1.4275 -1.4275 -1.4275 -1.4275 -1.4279006 -1.4725 -1.4724961 -1.385 -1.385 -1.385
-1.34 -0.865 -0.92749997 -1.1425 -1.21 -1.485 -1.995 -2.0695767 -1.9075 -2.2575 -2.2975 -1.86 -1.8599995 -1.6775 -1.6775 -0.74999819 -0.75 -1.0925 -1.0925 -1.1774995 -1.3075 -1.3075 -0.25 -1.0525 -1.0525 -0.8975 -1.495 -1.495 -0.95002827 -1.245 -1.62 -1.62 -1.54 -1.5399595 -1.1525279 -1.6675 -1.6675 -1.3480849 -1.205 -1.205 -0.91785857 -0.9175 -0.91749921 -1.464338 -1.4649959 -1.465 -1.465 -1.465 -1.5844622 -1.385 -1.385 -1.385 -1.385
0.034984559 -0.28 -0.7056973 -1.0975 -1.0675 -1.485 -1.5125 -1.9425 -2.315 -2.315 -2.2975 -1.8225 -1.7375 -1.6775 -0.7425028 -0.7425 -0.75 -0.37 -0.6625 -0.6625 -1.1484481 -0.97 -0.97 -0.96 -0.8975 -0.8975 -1.495 -1.495 -0.95006454 -0.95118826 -0.94842901 -1.54 -1.54 -1.1525 -1.1525 -1.578996 -1.6675 -1.6675 -1.7699964 -0.91750119 -0.9175 -0.9175 -0.91749634 -1.464999 -1.465 -1.465 -1.465 -1.4650001 -1.6225 -1.3850471 -1.385 -1.385 -1.385
0.035 -1.05 -0.375 -1.77 -1.3550238 -1.545 -1.985 -2.3975 -1.3675 -1.8125 -1.8125 -1.64 -1.7375 -1.7375 -0.74932662 -0.82446813 -0.8325 -0.3475 -0.53250013 -0.6625 -0.38164607 -0.315 -1.0925 0.042499995 0.042487102 -0.9575 -0.8925 -0.89250021 -2.0536192 -2.0575 -0.945 -1.1271579 -1.1975 -1.1525 -1.1574912 -1.505 -1.505 -1.77 -1.77 -0.9175 -0.9175 -0.91749999 -1.2867417 -1.29 -1.465 -1.465 -1.465 -1.622494 -1.6225 -1.6225 -1.385 -1.385 -1.385
-1.1277542 -1.05 0.1925 -1.525 -1.5775 -2.3925 -1.7875 -1.27 -1.83 -1.1322421 -0.8825 -1.7375 -1.7375 -0.935 -0.93499887 -1.6452285 -1.6475 -1.6475 -0.37574055 -1.115 -1.1 -1.1 -1.26 -1.158509 -0.8567264 -0.9575 -1.25 -0.8925 -0.77816827 -0.7775 -1.1075 -1.1925 -1.0804374 -1.485 -1.3275 -1.5125 -1.5325 -1.9425 -1.3052944 -0.91598232 -0.5775 -0.82 -1.2898612 -1.29 -1.290985 -1.465 -2.0975 -1.6225 -1.6225 -1.6225 -1.6225 -1.1390978 0.28
-1.5625 -1.5625 -0.0775 -0.7475 -1.9875 -1.7275 -1.2925 -1.605 -1.125 -0.95499136 -1.2575 -0.5225 -0.935 -0.935 -0.815 -0.82641811 -1.6475 -1.6472308 -0.4375 -1.115 -1.115 -1.1130675 -1.26 -0.7000106 -0.7 -0.7 -1.25 -0.8725 -0.8725 -0.7775 -0.7775 -1.192078 -0.97 -1.485 -0.9925 -1.5125 -1.5325 -2.215 -1.305 -0.52042501 -0.81999999 -0.67949268 -0.4375 -1.29 -1.29 -2.0975 -2.0975 -2.0975 -1.6225 -1.6225 0.59 0.59 0.58999988
-1.5625 -1.5625 -1.14 -1.615 -1.69 -0.97 -1.8775 -0.98083091 -1.22 -1.6075 -1.075 -0.34 -0.52225765 -0.815 -0.815 -0.81498818 -0.7125 -0.69806671 -0.4375 0.0375 0.0375 -0.2375 -0.2375 -0.7 -0.7 -0.7 -0.8725 -0.8725 -0.8725 -1.0725 -1.0725 -1.0724998 -0.75 -0.75 -1.5075 -1.4175 -0.38 -1.1600044 -0.735 -0.5075 -0.5075 -0.8324987 -0.4375 -1.29 -0.2800006 -0.8275 -0.25297829 -0.245 0.325 0.325 0.59 0.59 0.59
-1.5625 -1.3801883 -1.3426994 -2.0874776 -1.0325 -1.5425 -1.8775 -0.98 -1.219998 -1.603207 -0.34000165 -0.34 0.0825 -0.815 -0.815 -0.7125 -0.7125 -0.71248435 -0.4375 0.0375 -0.016504405 -0.2375 -0.2375 -0.69998107 -0.7 -0.56193778 -0.28 -0.28 -0.28000007 -1.0725 -1.0725 -0.245 -0.245 -0.75000208 -1.5075 -0.42750044 -0.58886094 -1.16 -1.16 -0.50750001 -0.8325 -0.8325 -0.83249594 -0.28 -0.28 -0.8275 -0.245 -0.245 0.325 0.325 0.59 0.59 0.59
-0.755 -1.0052538 -0.98752297 -0.99545478 -1.0325028 -1.542488 -1.8775 -0.99104771 -1.2034615 -1.2301187 0.0825 0.0825 0.0825 0.0825 -0.81487286 -0.7125 -0.7125 -0.70894931 -0.4375 0.037512899 0.0925 0.0925 0.0925 0.0925 -0.68624115 -0.28 -0.28 -0.28 -0.28 -0.28044223 -0.245 -0.245 -0.245 -0.245 -0.4275 -0.4275 -0.4275 -1.1252908 -1.1530528 -0.235 -0.235 -0.83246786 -0.2625006 -0.27999831 -0.28 -0.8275 -0.245 -0.245 0.325 0.325 0.58903861 0.59 -0.24297887
-0.755 -0.9875 -0.9875 -0.9875 -0.9875 -0.98750023 -1.8766423 -1.4528675 -1.1593386 0.081087685 0.0825 0.0825 0.0825 0.0825 0.082500281 -0.7125 -0.71249996 -0.69363688 -0.43750211 0.0925 0.0925 0.0925 0.0925 0.0925 0.088067098 -0.22144647 -0.20750001 -0.2075 -0.2075 -0.2075 -0.24499999 -0.245 -0.24499918 0.435 0.435 -0.4275 0.43532015 0.46 -0.2349996 -0.235 -0.235 -0.235 -0.2625 -0.2625 -0.2625 -0.26643189 0.46771071 0.4725 0.4725 0.4725 0.4725 0.35500005 0.355
-1.155 -0.9875 -0.9875 -0.9875 -0.9875 -0.9875 -0.98750006 -1.1030768 0.48128738 0.49 0.49 0.49 0.49 0.49 0.49 0.2914578 -0.69660603 -0.67484305 0.09243327 0.0925 0.0925 0.0925 0.0925 0.092499892 -0.1125 -0.1125 -0.11250013 -0.2075 -0.2075 -0.20633358 0.375 0.375 0.435 0.435 0.435 0.45599536 0.46 0.46 0.46 -0.235 -0.235 -0.235 -0.2625 -0.2625 -0.2625 -0.2625 0.4725 0.4725 0.4725 0.4725 0.4725 0.355 0.355
-1.155 -1.0926417 -0.9875 -0.9875 -0.9875 -0.9875 0.30474633 0.305 0.305 0.49 0.49 0.49 0.49 0.49 0.44532708 0.2875 0.2875 0.2875 0.00028210622 9.4390686e-08 5.539697e-15 -2.7755576e-17 -2.7755576e-17 -2.8241527e-17 -0.1125 -0.1125 -0.1125 -0.1125 -0.2075 0.375 0.375 0.375 0.43499999 0.435 0.435 0.6525 0.46025488 0.46 0.46 -0.23503042 -0.29632999 -0.4393873 -0.2625 -0.2625 0.52506201 0.5275 0.5275 0.4727547 0.62695835 0.62749999 0.62749997 0.88491971 0.35500108
-1.155 -0.14049856 -0.54470972 -0.9875 -0.9875 0.30423633 0.305 0.305 0.305 0.30633316 0.49 0.49 0.49 0.48999998 0.2875 0.2875 0.2875 0.2875 0.00025681785 -2.7755491e-17 -2.7755576e-17 -2.7755576e-17 -2.7755576e-17 -2.7755576e-17 -0.1125 -0.1125 -0.1125 -0.1125 -0.11072679 0.375 0.375 0.375 0.33 0.43501959 0.6525 0.6525 0.6525 0.64880316 -0.38300075 -0.44 -0.44 -0.44 0.1925 0.1925 0.5275 0.5275 0.5275 0.6275 0.6275 0.6275 0.6275 0.885 0.885
-0.11305339 -0.1125 -0.1125 -0.11249999 0.6475 0.30500883 0.305 0.305 0.305 0.305 0.4485497 0.48999287 0.48999998 0.2875 0.2875 0.2875 0.2875 0.2875 0.2640146 1.8745256e-13 -2.7755576e-17 -2.7755576e-17 -2.7755576e-17 -2.7755542e-17 0.058013121 0.2374981 0.2375 0.2375 0.2375 0.375 0.33 0.33 0.33 0.33 0.6525 0.65249118 0.3175 0.3175 -0.43054148 -0.44 -0.44 -0.44 0.1925 0.1925 0.47563047 0.5275 0.5275 0.6275 0.6275 0.6275 0.63026107 0.885 0.885
-0.1125 -0.1125 -0.1125 0.24539534 0.6475 0.6475 0.305 0.305 0.305 0.305 -0.0575 -0.0575 -0.0575 0.2875 0.2875 0.2875 0.2875 0.28750248 0.2725 0.2725 1.1064298e-07 1.602695e-13 0.006269041 0.2575 0.25731995 0.2375 0.2375 0.2375 0.2375 0.32999058 0.33 0.33 0.33 0.33 0.31750118 0.3175 0.3175 0.3175 0.31478764 -0.44 -0.44 -0.44 0.1925 0.1925 0.1925 0.5275 0.5275 0.6275 0.6275 0.6275 0.885 0.885 0.885
-0.1125 -0.1125 -0.1125 0.6475 0.6475 0.6475 0.64749948 0.305 0.305 -0.057125796 -0.0575 -0.0575 -0.0575 -0.057285049 0.29964134 0.3025 0.3025 0.3025 0.2725 0.2725 0.2725 0.2575 0.2575 0.2575 0.25759945 0.43419662 0.2375 0.2375 0.2375 -0.066497082 -0.1549523 -0.155 -0.155 -0.155 -0.030876841 -0.5199981 -0.52 -0.52 -0.52 0.23240798 0.2325 0.2325 0.1925 0.1925 0.71749781 0.71749996 0.6175 0.6175 0.655 0.655 0.655 0.885 0.47286883
-0.1124988 -0.1125 -0.11249997 0.6475 0.6475 0.6475 0.6475 0.27500001 0.30488005 -0.057309577 -0.0575 -0.0575 -0.0575 -0.056793581 0.3025 0.3025 0.3025 0.30249999 0.2725 0.2725 0.2725 0.2575 0.2575 0.2575 0.6125 0.6125 0.5 0.5 0.5 0.49642677 -0.155 -0.155 -0.155 -0.155 -0.33739983 -0.52 -0.52 -0.52 -0.52 0.2325 0.2325 0.2325 0.24775996 0.7175 0.7175 0.7175 0.6175 0.6175 0.655 0.655 0.655 0.47250001 0.4725
0.275 0.092886364 -0.1125 -0.11227951 0.6475 0.27715527 0.275 0.275 0.45718931 0.15250001 0.1525 0.1525 0.1525 0.63248437 0.6325 0.30250025 0.3025 0.30170954 0.2725 0.2725 0.2725 0.21 0.21 0.21 0.6125 0.6125 0.5 0.5 0.5 0.49999952 -0.16499994 -0.16499997 -0.15525133 -0.15501072 -0.7618054 -0.7625 -0.7625 -0.7625 -0.7625 0.2325 0.2325 0.2325 0.69079416 0.7175 0.7175 0.71749986 0.6175 0.6175 0.61750135 0.655 0.6549678 -0.065 0.4725
0.30249478 0.30249993 -0.1125 -0.1125 -0.1125 0.275 0.275 0.275 0.775 0.775 0.1525 0.1525 0.1525 0.6325 0.6325 0.6325 0.6325 0.63245879 0.2725 0.2725 0.2725 0.21 0.21 0.21 0.6125 0.6125 0.5 0.5 0.5 -0.15750208 -0.165 -0.165 -0.165 -0.165 -0.76220517 -0.7625 -0.7625 -0.7625 -0.7625 -0.099999914 -0.1 -0.1 -0.1 0.71749411 -0.05 -0.05 -0.05 -0.495 -0.495 -0.495 -0.065 -0.065 -0.065
0.3025 0.3025 -0.1125 -0.1125 -0.1125 0.27296323 0.275 0.775 0.775 0.775 0.15257663 0.1525 0.57331923 0.63250001 0.6325 0.6325 0.6325 0.5875 0.5875 0.5875 -0.052499994 -0.052499805 0.20999872 0.21 0.2101308 0.24 0.24 0.24000062 0.49995798 -0.35496214 -0.35499899 -0.35496683 -0.16532473 -0.16516397 -0.6562071 -0.76250009 -0.76323727 -0.9825 -0.9825 -0.1 -0.1 -0.1 -0.1 -0.05 -0.05 -0.05 -0.05 -0.495 -0.495 -0.495 -0.065 -0.065 -0.065
0.3025 0.3025 -0.1125 -0.1125 -0.1125 -0.1125 0.46213539 0.775 0.775 0.775 0.77494062 0.6675 0.6675 0.6675 0.63270626 0.6325 0.58779987 0.5875 0.5875 0.5875 -0.0525 -0.0525 -0.0525 -0.0525 0.24 0.24 0.24 0.24 0.24 -0.355 -0.355 -0.355 -0.355 -0.3550007 -0.6875 -0.9825 -0.9825 -0.9825 -0.9825 -0.98249817 -0.5425 -0.5425 -0.5425 -0.48961812 -0.38 -0.38 -0.38 -0.495 -0.49500027 -0.7775 -0.7775 -0.16747506 -0.1675
0.3025 0.3025 0.037285859 -0.1125 -0.1125 -0.11249998 0.77999112 0.77501576 0.775 0.775 0.66750006 0.6675 0.6675 0.6675 0.6675 0.66461926 0.5875 0.5875 0.5875 0.5875 -0.052495049 -0.0525 -0.0525 -0.0525 0.24 0.24 0.24 0.24 0.24 -0.00030091981 -0.355 -0.355 -0.355 -0.6875 -0.6875 -0.68772907 -0.9825 -0.9825 -1.1991697 -1.3675 -0.5425 -0.5425 -0.5425 -0.49153975 -0.38 -0.38 -0.38 -0.5225 -0.77432272 -0.7775 -0.7775 -0.1675 -0.1675
0.58 0.58 0.58 0.061128786 -0.11135813 0.78 0.78 0.78 0.78 0.9475 0.9475 0.66750002 0.6675 0.6675 0.6675 0.66749491 0.5875 0.5875 0.5875 0.5875 0.22677524 -0.0525 -0.0525 -0.036928601 0.52903001 0.24 0.24 0.24 0.125 0.125 0.125 0.12499799 -0.6875 -0.6875 -0.6875 -0.6875 -1.3675 -1.3675 -1.3675 -1.3675 -0.4725 -0.4725 -0.4725 -0.73249477 -0.7325 -0.7325 -0.73249989 -0.5225 -0.5225 -0.7771893 -0.7775 -0.16750153 -0.1675
0.58 0.58 0.58 0.58000444 0.6625 0.67958643 0.78 0.78 0.78 0.9475 0.9475 0.9475 0.18750002 0.1875 0.1875 0.18750002 0.5876786 0.5875 0.5875 0.5875 0.57782781 0.54249837 0.5425 0.5425 0.5425 0.54249999 0.3175 0.3175 0.125 0.125 0.125 0.125 -0.68749991 -0.6875 -0.6875 -0.68749002 -1.3675 -1.3675 -1.3675 -1.36682 -0.4725 -0.4725 -0.4725 -0.73248794 -0.7325 -0.7325 -0.7325 -0.5225 -0.5225 -0.52249999 -0.47 -0.47 -0.53
0.58 0.58 0.58 0.66249981 0.6625 0.6625 0.77999996 0.78 0.78 0.9475 0.9475 0.9475 0.1875 0.1875 0.1875 0.22538938 0.685 0.685 0.68499975 0.58805071 0.5425 0.5425 0.5425 0.5425 0.5425 0.54233068 0.3175 0.3175 0.3175 0.125 0.125 0.12485518 -0.565 -0.565 -0.565 -1.1675 -1.1675 -1.2125 -1.2125 -1.2125 -0.4425 -0.47249059 -0.47250241 -0.795 -0.795 -0.79263132 -0.73249981 -0.5225 -0.5225 -0.47 -0.47 -0.47 -0.53
0.58 0.58 0.58 0.6625 0.6625 0.6625 0.6625 0.78 0.78 0.9475 0.9475 0.21788904 0.1875 0.1875 0.1875 0.685 0.685 0.685 0.685 0.685 0.5425 0.5425 0.5425 0.5425 0.5425 0.31750077 0.3175 0.3175 0.3175 -0.1 -0.1 -0.1 -0.565 -0.565 -0.565 -1.1675 -1.1675 -1.2125 -1.2125 -0.4425 -0.4425 -0.4425 -0.795 -0.795 -0.795 -0.795 -0.80177716 -0.8775 -0.8775 -0.8775 -0.47 -0.38 -0.38
0.58 0.58 0.58011488 0.6625 0.6625 0.6625 0.6625 0.77912144 0.785 0.78527899 0.94749999 0.1875402 0.1875 0.1875 0.18750172 0.685 0.685 0.685 0.685 0.685 0.47777835 0.5425 0.5425 0.5425 0.54247168 0.31750492 0.3175 0.3175 0.3175 -0.1 -0.1 -0.1 -0.10006909 -0.565 -1.1675 -1.1675 -1.1675 -1.1675018 -1.2124475 -0.4425 -0.4425 -0.4425 -0.7949786 -0.795 -0.795 -0.795 -0.8775039 -0.8775 -0.8775 -0.8775 -0.38 -0.38 -0.38
0.6675 0.66749985 0.66245679 0.6625 0.6625 0.6625 0.78497393 0.785 0.785 0.785 0.6675 0.6675 0.6675 0.6675 0.68491916 0.685 0.685 0.685 0.685 0.47500013 0.475 0.475 0.40500002 0.405 0.405 0.405 0.39744762 0.3175 -0.33997307 -0.34 -0.34 -0.34 -0.34 -1.0925 -1.0925 -1.0925 -1.0925 -1.0925 -0.7575 -0.7575 -0.7575 -0.7575 -0.7575 -1.2667877 -1.2675 -1.2675 -1.2675 -0.8775 -0.8775 -0.8775 -0.38007838 -0.38 -0.38
0.6675 0.6675 0.66940474 0.89499953 0.89499995 0.8948926 0.785 0.785 0.785 0.785 0.6675 0.6675 0.6675 0.6675 0.6675 0.685 0.685 0.685 0.47500005 0.475 0.475 0.475 0.405 0.405 0.405 0.405 0.405 0.40498074 -0.33988029 -0.34 -0.34 -0.34 -0.33995191 -1.0216373 -1.0924266 -1.0925 -1.0925 -1.0925 -0.7575 -0.7575 -0.7575 -0.7575 -0.7575 -1.2675 -1.2675 -1.2675 -1.2675 -1.0851284 -0.8775 0.052012485 0.0625 0.09 0.09
0.6675 0.6675 0.89497118 0.895 0.895 0.895 0.86706046 0.785 0.785 0.785 0.6675 0.6675 0.6675 0.6675 0.6675 0.68498508 0.685 0.47506157 0.475 0.475 0.475 0.475 0.43093195 0.405 0.405 0.405 0.405 0.40469191 -0.03 -0.03 -0.03 -0.03 -0.03 -0.9675 -0.9675 -0.9675 -0.9675 -0.9675 -1.2825 -1.2825 -1.2825 -1.2825 -1.2825 -1.2644174 -1.2674994 -1.2675 -1.267286 -1.2415582 0.0625 0.0625 0.0625 0.089999846 0.09
0.66749946 0.37825131 0.89499993 0.895 0.895 0.895 0.895 0.78504684 0.785 0.785 0.6675 0.6675 0.6675 0.6675 0.51105382 0.5075 0.5075 0.47500084 0.475 0.475 0.475 0.475 0.47500001 0.405 0.405 0.405 0.405 -0.069999948 -0.069999981 -0.061487028 -0.03 -0.03 -0.03 -0.9675 -0.9675 -0.9675 -0.9675 -0.96721554 -1.2825 -1.2825 -1.2825 -1.2825 -1.2824412 -0.005 -0.005 -0.005 -0.005 -0.0049945555 0.0625 0.0625 0.0625 0.062500031 0.11216863
0.3725 0.3725 0.48498533 0.895 0.895 0.895 0.895 0.895 0.78504652 0.6275 0.6275 0.6275 0.62759493 0.50750023 0.5075 0.5075 0.5075 0.5075 0.47500066 0.48064149 0.53 0.53 0.53 0.49656664 0.37478627 0.21311832 0.076646617 -0.07 -0.07 -0.07 -0.07 -0.07 -0.072903351 -0.54632157 -0.5475 -0.5475 -0.5475 -0.5475 -1.1383221 -0.51500138 -0.515 -0.515 -0.515 0.24249927 -0.0049999356 -0.005 -0.005 0.595 0.06250853 0.0625 0.0625 0.1125 0.1125
0.3725 0.3725 0.48 0.48 0.48 0.89486176 0.895 0.895 0.6275 0.6275 0.6275 0.6275 0.6275 0.50750001 0.5075 0.5075 0.5075 0.5075 0.53 0.53 0.53 0.53 0.53 0.027500026 0.0275 0.0275 0.0275 -0.07 -0.07 -0.07 -0.07 -0.07 -0.4425 -0.4425 -0.5475 -0.5475 -0.5475 0.24736461 0.2475 -0.515 -0.515 -0.515 -0.51499988 0.2425 0.2425 0.2425 0.595 0.595 0.595 0.495 0.495 0.1125 0.1125
0.3725 0.3725 0.48 0.48 0.48 0.48 0.48000162 0.775 0.62763888 0.6275 0.6275 0.6275 0.6275 0.50899689 0.5075 0.5075 0.5075 0.5075 0.53 0.53 0.53 0.53 0.53 0.0275 0.0275 0.0275 0.0275 0.027499596 -0.07 -0.07 -0.07 -0.44248047 -0.4425 -0.4425 -0.4425 -0.5475 0.24749999 0.2475 0.2475 0.2274372 0.12779396 0.2475 0.2475 0.2425 0.2425 0.2425 0.595 0.595 0.595 0.495 0.495 0.495 0.18269302
