interpolatedSpi/04-06|19_3.tif
NCOLS 53
NROWS 52
XLLCORNER -116.03883
YLLCORNER 28.596182
DX 0.49850594
DY 0.49788537
NODATA_VALUE -9999
-0.185 -0.185 -0.27001282 -0.6225 -0.7275 -0.7425 -0.9775 -1.205 -1.6096569 -1.2225 -0.94 -0.8875 -1.0599743 -0.7475 -1.015 -1.015 -1.015 -0.205 -0.6675 -0.6675 -0.6675 -0.66750922 -1.625 -0.8375 -0.8375 -0.8375 -1.1149905 -1.115 -1.115 -1.5725 -1.5725 -1.5725 -1.5725 -1.9699999 -1.97 -1.97 -1.97 -1.97 -1.97 -1.97 -0.19412767 -0.17530315 -1.365 -1.365 -1.365 -1.365 -1.365392 -1.605 -1.605 -1.605 -1.2375008 -1.2375 -1.2375 
-0.18501999 -0.635 -0.35249933 -0.38136897 -0.73770938 -0.115 0.365 -0.71272727 -1.7025 -1.49 -0.8325 -1.06 -1.06 -0.44102535 -0.74749865 -1.015 -0.205 -0.205 -0.66689696 -0.6675 -0.6675 -0.6675 -0.85644935 -0.8375 -0.8375 -0.8375 -0.92999999 -0.93 -1.5725 -1.5725 -1.5725 -1.5725 -1.5725 -1.9699999 -1.97 -1.97 -1.97 -1.97 -1.9699998 -1.6837429 -0.31504255 -1.2375906 -1.365 -1.365 -1.365 -1.365 -1.365 -1.605 -1.605 -1.605 -1.5745265 -1.2375 -1.2375 
-0.057514095 -0.0575 0.23 0.1975 -0.7825 -1.3475 -0.9025 -0.745 -1.31 -1.295 -0.855 -1.4175 -0.77 -0.6675 -0.44 -1.23 -0.205 -0.205 -0.205 -0.7324811 -0.7325 -0.7325 -1.1975 -0.8375 -0.8375 -0.8375 -0.93 -0.93 -0.93 -1.5725 -1.5725 -1.5725 -1.7253445 -1.9657274 -1.9504535 0.11075671 0.13 0.13 0.074030728 -0.315 -0.315 -0.31634268 -1.365 -1.365 -1.365 -1.365 -1.365 -1.605 -1.605 -1.605 -1.605 -1.2375 -1.2375 
0.11 -0.057500099 -0.55010034 -0.1 -0.765 -0.9575 -0.6975 -1.45 -0.835 -0.1129892 -1.075 -1.3275 -1.4975 -0.6675 -0.985 -1.23 -1.0687433 -1.0668957 -1.575 -0.7325 -0.7325 -0.9925 -1.1975 -1.1975 -0.8375 -0.83750046 -0.93 -0.93 -0.93 -1.5425 -1.7331655 -1.89 -1.89 -1.8899984 0.13 0.13 0.13 0.13 -0.315 -0.315 -0.315 -0.31500004 -1.365 -1.365 -1.365 -1.365 -1.365 -1.604997 -1.605 -1.605 -1.605 -1.2374793 -1.2375 
0.11 -0.54500001 -0.55 -0.81922964 -0.765 -0.8275 -1.1074646 -1.34 -1.27 -1.5525 -1.4563262 -1.4100161 -1.5225 -0.985 -0.985 -1.146376 -1.0675 -1.0675 -1.575 -1.575 -0.73250057 -0.9925 -1.39 -1.3975 -1.175 -1.1750338 -0.93 -0.93 -1.5425 -1.5425 -1.89 -1.89 -1.89 -1.8503996 0.13 0.13 0.13 -0.315 -0.315 -0.315 -0.315 -0.31503644 -1.365 -1.365 -1.365 -1.365 -1.365 -1.3671363 -1.605 -1.604955 -0.6025 -0.6025 -0.6025 
-1.945 -0.75 0.335 -0.665 -0.1625 -0.51 -1.0025 -1.0457097 -1.54 -1.1775 -1.54 -1.4925 -1.4925 -2.1925 -2.1925 -1.4274197 -1.4275 -1.2125 -1.2125 -1.5749997 -1.515 -1.515 -1.3975 -1.175 -1.175 -1.32 -1.4575 -1.4575 -1.160035 -1.5425 -1.89 -1.89 -1.68 -1.6799945 -1.6275037 -1.4275 -1.4275 -0.65917727 -0.315 -0.315 -0.69202918 -0.6925 -0.69249926 -0.03637533 -0.012649479 -0.012500361 -0.012500046 -0.012500517 -0.78217935 -0.6025 -0.6025 -0.6025 -0.6025 
-1.3575079 -0.4275 -0.68232522 -0.425 -0.11 -1.055 -1.5325 -1.6625 -1.475 -1.475 -1.54 -1.3625 -1.6349998 -2.1925 -1.0950033 -1.095 -1.4275 -1.165 -1.2425 -1.2425 -1.507931 -1.5 -1.5 -1.355 -1.32 -1.32 -1.4575 -1.4575 -1.1600099 -1.1601824 -0.86643467 -1.68 -1.68 -1.6275 -1.6275 -1.4288616 -1.4275 -1.4275 -1.4200003 -0.69250101 -0.6925 -0.6925 -0.69249528 -0.012501185 -0.0125 -0.0125 -0.0125 -0.012500461 -0.785 -0.60253617 -0.6025 -0.6025 -0.6025 
-1.3575 -1.985 -0.4625 -1.48 -0.96002981 -1.77 -1.4175 -1.3825 -1.49 -1.015 -1.015 -0.8775 -1.635 -1.635 -1.0987049 -0.89007968 -0.87 -0.6925 -1.2425 -1.2425 -0.6191947 -0.5725 -1.155 -1.2 -1.1999998 -1.1825 -0.7325 -0.73250026 -1.3294043 -1.33 -0.865 -0.9770703 -1.405 -1.6275 -1.6180167 -1.43 -1.43 -1.42 -1.42 -0.6925 -0.6925 -0.69249999 -0.22763018 -0.22499999 -0.0125 -0.0125 -0.0125 -0.7849706 -0.785 -0.785 -0.6025 -0.6025 -0.6025 
-1.845801 -1.985 -0.93 -0.12 -0.66 -1.3625 -1.2025 -1.015 -1.0975 -0.7964673 -0.6825 -0.5475 -0.5475 -0.16 -0.1599977 -1.253927 -1.255 -1.255 -0.77645835 -0.38250016 -1.1225 -1.1225 -0.8525 -1.0357897 -1.1842635 -1.1825 -0.8825 -0.7325 -0.95370705 -0.955 -0.8575 -0.8875 -0.84720985 -1.385 -1.295 -1.3275 -1.305 -1.54 -0.84282208 -0.69117203 -0.395 -0.5875 -0.22503826 -0.225 -0.22380393 -0.0125 -0.95249995 -0.785 -0.785 -0.785 -0.785 -0.52001382 0.1175 
-1.0675 -1.0675 -1.1875 -0.6475 -0.6375 -1.46 -0.94 -1.1675 -0.36 -0.71996727 -0.4225 -0.88 -0.16 -0.16 0.085 0.066621295 -1.255 -1.2547708 -0.2825 -0.3825 -0.3825 -0.47783681 -0.8525 -1.1199949 -1.12 -1.12 -0.8825 -0.4275 -0.4275 -0.955 -0.955 -0.88734827 -0.8075 -1.385 -1.1075 -1.3275 -1.305 -1.6725 -0.8425 0.3798628 -0.58749999 -0.54066423 -0.46 -0.225 -0.225 -0.9525 -0.9525 -0.9525 -0.785 -0.785 0.06 0.06 0.060000022 
-1.0675 -1.0675 -1.3025 -1.95 -0.7125 -0.6025 -0.87499999 -0.94266359 -1.245 -1.0875 -0.3825 -0.9325 -0.88006883 0.085 0.085 0.084997404 0.0625 0.044392782 -0.2825 -0.3175 -0.3175 0.24 0.24 -1.12 -1.12 -1.12 -0.4275 -0.4275 -0.4275 -1.355 -1.355 -1.3549991 -0.915 -0.915 -1.6775 -1.09 -0.485 -1.0199988 -1.11 0.4 0.4 -0.53249976 -0.46 -0.225 -0.31250008 -0.4475 -0.14847771 -0.145 0.365 0.365 0.06 0.06 0.06 
-1.0675 -1.1691846 -1.5788113 -1.8049853 -0.565 -0.69 -0.875 -0.9425 -1.2449975 -1.0892449 -0.9325002 -0.9325 0.255 0.085 0.085 0.062500001 0.0625 0.062480365 -0.2825 -0.3175 -0.20801834 0.24 0.24 -1.1199451 -1.12 -0.96303641 -0.6425 -0.6425 -0.64249997 -1.355 -1.355 -0.61 -0.61 -0.91500209 -1.6775 -0.095000452 -0.54793859 -1.02 -1.02 0.39999997 -0.5325 -0.5325 -0.5324984 -0.3125 -0.3125 -0.4475 -0.145 -0.145 0.365 0.365 0.06 0.06 0.06 
-0.7125 -0.37333422 -0.28506122 -0.29599708 -0.56500068 -0.68999705 -0.87499999 -0.94166912 -1.2241547 -1.2408873 0.255 0.255 0.255 0.255 0.085024082 0.0625 0.0625 0.0580455 -0.2825 -0.31730014 0.3725 0.3725 0.3725 0.3725 -1.0943534 -0.6425 -0.6425 -0.6425 -0.6425 -0.64284439 -0.61 -0.61 -0.61 -0.61 -0.095000001 -0.095 -0.095 -0.97523323 -1.0087342 0.48 0.48 -0.53244554 0.33247792 -0.31243788 -0.3125 -0.4475 -0.145 -0.145 0.365 0.365 0.061106507 0.06 -0.15099984 
-0.7125 -0.285 -0.285 -0.285 -0.285 -0.28500017 -0.8745264 -0.90697774 -1.1685412 0.25338861 0.255 0.255 0.255 0.255 0.2550004 0.0625 0.062499946 0.038835355 -0.28249307 0.3725 0.3725 0.3725 0.3725 0.3725 0.36784839 -0.41495669 -0.38500005 -0.385 -0.385 -0.385 -0.60999999 -0.61 -0.60999924 0.0225 0.0225 -0.095 0.45185784 0.4675 0.47999999 0.48 0.48 0.48 0.3325 0.3325 0.3325 0.32707191 0.16540394 0.1675 0.1675 0.1675 0.1675 1.0324998 1.0325 
0.9225 -0.285 -0.285 -0.285 -0.285 -0.285 -0.28500004 -0.52148201 0.80445174 0.815 0.815 0.815 0.815 0.815 0.81499999 0.79041566 0.074014388 0.015258148 0.37241776 0.3725 0.3725 0.3725 0.3725 0.37250032 0.1575 0.1575 0.15749924 -0.385 -0.385 -0.38358828 0.32 0.32 0.0225 0.0225 0.0225 0.39621603 0.4675 0.4675 0.4675 0.48 0.48 0.48 0.3325 0.3325 0.3325 0.3325 0.16750001 0.1675 0.1675 0.1675 0.1675 1.0325 1.0325 
0.9225 0.47296147 -0.285 -0.285 -0.285 -0.285 0.40236507 0.4025 0.40250001 0.815 0.815 0.815 0.815 0.815 0.80948483 0.79 0.79 0.79 0.64666289 0.64749972 0.6475 0.6475 0.6475 0.6475 0.1575 0.1575 0.1575 0.1575 -0.385 0.32 0.32 0.32 0.022500027 0.0225 0.022500001 0.8875 0.46805609 0.4675 0.4675 0.48005242 0.58470975 0.82895393 0.3325 0.3325 0.70634273 0.7075 0.7075 0.16872562 0.90989656 0.91249994 0.91249986 1.4399382 1.0325008 
0.9225 0.48215323 0.097064757 -0.285 -0.285 0.40209379 0.4025 0.4025 0.4025 0.40547259 0.815 0.815 0.815 0.815 0.79 0.79 0.79 0.79 0.64762729 0.6475 0.6475 0.6475 0.6475 0.6475 0.15750001 0.1575 0.1575 0.1575 0.15809107 0.32 0.32 0.32 0.90499999 0.022609291 0.8875 0.8875 0.8875 0.88856799 0.80705668 0.83 0.83 0.83 1.0725 1.0725 0.7075 0.7075 0.7075 0.9125 0.9125 0.9125 0.9125 1.44 1.44 
0.47053743 0.47 0.47 0.47 0.34 0.40249839 0.4025 0.4025 0.4025 0.4025 0.81897452 0.81500068 0.815 0.79 0.79 0.79 0.79 0.79 0.74300337 0.6475 0.6475 0.6475 0.6475 0.6475 0.70046297 1.1599946 1.16 1.16 1.16 0.32000003 0.90499999 0.905 0.905 0.905 0.8875 0.88750263 0.9875 0.9875 0.83196662 0.83 0.83 0.83 1.0725 1.0725 0.76401457 0.7075 0.7075 0.9125 0.9125 0.9125 0.91815617 1.44 1.44 
0.47 0.47 0.47 0.40878106 0.34 0.34 0.4025 0.4025 0.4025 0.4025 0.8675 0.8675 0.8675 0.79 0.79 0.79 0.79 0.7899624 0.2225 0.2225 0.64749983 0.6475 0.64816951 0.675 0.67936624 1.16 1.16 1.16 1.16 0.90502596 0.905 0.905 0.905 0.905 0.98749965 0.9875 0.9875 0.9875 0.98698098 0.83 0.83 0.83 1.0725 1.0725 1.0725 0.7075 0.7075 0.9125 0.9125 0.9125 1.44 1.44 1.44 
0.47 0.47 0.47 0.34 0.34 0.34 0.3400001 0.4025 0.4025 0.86701999 0.8675 0.8675 0.8675 0.86745171 0.6058564 0.5625 0.5625 0.5625 0.2225 0.2225 0.2225 0.675 0.675 0.675 0.67503432 0.96985994 1.16 1.16 1.16 1.2341328 1.3024609 1.3025 1.3025 1.3025 1.2401667 1.5949986 1.595 1.595 1.595 1.9898413 1.99 1.99 1.0725 1.0725 1.7299973 1.7299998 1.2175 1.2175 1.345 1.345 1.345 1.44 1.1927213 
0.47000324 0.47 0.47 0.34 0.34 0.34 0.34000001 0.99249983 0.40485905 0.86747733 0.8675 0.8675 0.8675 0.86690151 0.5625 0.5625 0.5625 0.5624999 0.2225 0.2225 0.2225 0.675 0.675 0.675 0.7975 0.7975 1.2325 1.2325 1.2325 1.2328819 1.3025 1.3025 1.3025 1.3025 1.4486697 1.595 1.595 1.595 1.595 1.99 1.99 1.99 1.9818194 1.73 1.73 1.73 1.2175 1.2175 1.345 1.345 1.345 1.1925 1.1925 
1.515 1.031002 1.03 1.0297998 0.34 0.98872466 0.9925 0.9925 1.0681086 0.84250001 0.8425 0.8425 0.8425 0.83750016 0.8375 0.56250021 0.5625 0.5535415 0.2225 0.2225 0.2225 0.39 0.39 0.39 0.7975 0.7975 1.2325 1.2325 1.2325 1.2325 1.1950007 1.1950003 1.2997981 1.3023848 1.7170254 1.7175 1.7175 1.7175 1.7175 1.99 1.99 1.99 1.7443161 1.73 1.73 1.7299998 1.2175 1.2175 1.2175046 1.345 1.3449723 0.725 1.1925 
1.3000408 1.3 1.03 1.03 1.03 0.9925 0.9925 0.9925 1.2 1.2 0.8425 0.8425 0.8425 0.8375 0.8375 0.8375 0.8375 0.83743071 0.2225 0.2225 0.22250001 0.39 0.39 0.39 0.7975 0.7975 1.2325 1.2325 1.2325 1.1954228 1.195 1.195 1.195 1.195 1.7172422 1.7175 1.7175 1.7175 1.7175 1.4525001 1.4525 1.4525 1.4525 1.7299932 0.85 0.85 0.85 0.8475 0.8475 0.8475 0.725 0.725 0.725 
1.3 1.3 1.03 1.03 1.03 0.99269711 0.9925 1.2 1.2 1.2 0.84254401 0.8425 1.1039799 0.83750007 0.8375 0.8375 0.8375 1.025 1.025 1.025 0.79499999 0.7949997 0.39000197 0.39 0.39061834 1.24 1.24 1.24 1.2325012 1.4299532 1.4299987 1.429959 1.1954016 1.1952028 1.6245919 1.7174996 1.7144671 0.8125 0.8125 1.4525 1.4525 1.4525 1.4525 0.85 0.85 0.85 0.85 0.8475 0.8475 0.8475 0.725 0.725 0.725 
1.3 1.3 1.03 1.03 1.03 1.03 1.0701612 1.2 1.2 1.2 1.1999793 1.1625 1.1625 1.1625 0.8394153 0.8375 1.0237505 1.025 1.025 1.025 0.795 0.795 0.795 0.795 1.24 1.24 1.24 1.24 1.24 1.43 1.43 1.43 1.43 1.4299996 1.2225 0.8125 0.8125 0.8125 0.8125 0.81249869 0.2975 0.2975 0.2975 0.37153376 0.525 0.525 0.525 0.84749999 0.8475004 1.255 1.255 1.6397774 1.64 
1.3 1.3 1.127451 1.03 1.03 1.03 1.6267414 1.2013472 1.2 1.2 1.1625001 1.1625 1.1625 1.1625 1.1625 1.1358403 1.025 1.025 1.025 1.025 0.79500178 0.795 0.795 0.795 1.24 1.24 1.24 1.24 1.24 0.78526053 1.43 1.43 1.43 1.2225 1.2225 1.2221816 0.8125 0.8125 0.75762909 0.71500001 0.2975 0.2975 0.2975 0.37256266 0.525 0.525 0.525 1.4725 1.25771 1.255 1.255 1.64 1.64 
1.9925 1.9925 1.9925 1.2713252 1.0312908 1.6275 1.6275 1.6275 1.6275 1.675 1.675 1.1625 1.1625 1.1625 1.1625 1.1624913 1.025 1.025 1.025 1.025 0.89536454 0.795 0.795 0.79899099 0.96052469 1.24 1.24 1.24 0.5575 0.5575 0.5575 0.55750366 1.2225 1.2225 1.2225 1.2225 0.715 0.715 0.715 0.715 0.6625 0.6625 0.6625 1.0824916 1.0825 1.0825 1.0824998 1.4725 1.4725 1.255265 1.255 1.6399988 1.64 
1.9925 1.9925 1.9925 1.9924957 1.9125 1.8710563 1.6275 1.6275 1.6275 1.675 1.675 1.675 1.7975 1.7975 1.7975 1.7975 1.0265113 1.025 1.025 1.025 1.0215207 0.94749958 0.9475 0.9475 0.9475 0.94749998 0.060000009 0.06 0.5575 0.5575 0.5575 0.5575 1.2224998 1.2225 1.2225 1.2224725 0.71500001 0.715 0.715 0.7158664 0.6625 0.6625 0.6625 1.0824805 1.0825 1.0825 1.0825 1.4725 1.4725 1.4725 1.4025 1.4025 1.535 
1.9925 1.9925 1.9925 1.9125002 1.9125 1.9125 1.6275001 1.6275 1.6275 1.675 1.675 1.675 1.7975 1.7975 1.7975 1.8014984 1.85 1.85 1.8499979 1.0296598 0.9475 0.9475 0.9475 0.9475 0.9475 0.94683211 0.06 0.06 0.060000001 0.5575 0.5575 0.5574115 0.885 0.885 0.885 0.705 0.705 0.9125 0.9125 0.9125 1.2625 0.6626882 0.66250569 1.425 1.425 1.4120196 1.0825016 1.4725 1.4725 1.4025 1.4025 1.4025 1.535 
1.9925 1.9925 1.9925 1.9125 1.9125 1.9125 1.9125 1.6275 1.6275 1.675 1.675 1.7926018 1.7975 1.7975 1.7975 1.85 1.85 1.85 1.85 1.85 0.9475 0.9475 0.9475 0.9475 0.9475 0.060003028 0.06 0.06 0.06 0.42 0.42 0.42 0.885 0.885 0.885 0.705 0.705 0.9125 0.9125 1.2625 1.2625 1.2625 1.425 1.425 1.425 1.425 1.4167853 1.325 1.325 1.325 1.4025 1.4175 1.4175 
1.9925 1.9925 1.9923886 1.9125 1.9125 1.9125 1.9125 1.9672407 1.97 1.9694935 1.675 1.7975138 1.7975 1.7975 1.7975002 1.85 1.85 1.85 1.85 1.85 1.8010593 0.9475 0.9475 0.9475 0.94741916 0.060027851 0.06 0.06 0.06 0.42 0.42 0.42 0.42006886 0.885 0.705 0.705 0.705 0.70500867 0.91252387 1.2625 1.2625 1.2625 1.4249901 1.425 1.425 1.425 1.3249964 1.325 1.325 1.325 1.4175 1.4175 1.4175 
1.585 1.5850007 1.9125305 1.9125 1.9125 1.9125 1.9699878 1.97 1.97 1.97 1.9625 1.9625 1.9625 1.9625 1.8505192 1.85 1.85 1.85 1.85 1.8375 1.8375 1.8375 0.55500007 0.555 0.555 0.555 0.51227513 0.06 0.63247655 0.6325 0.6325 0.6325 0.6325 0.8925 0.8925 0.8925 0.8925 0.8925 1.31 1.31 1.31 1.31 1.31 0.96070095 0.96 0.96 0.96 1.325 1.325 1.325 1.4174854 1.4175 1.4175 
1.585 1.585 1.5867583 1.7950002 1.795 1.7951707 1.97 1.97 1.97 1.97 1.9625 1.9625 1.9625 1.9625 1.9625 1.85 1.85 1.85 1.8375 1.8375 1.8375 1.8375 0.555 0.555 0.555 0.555 0.555 0.55489534 0.63257144 0.6325 0.6325 0.6325 0.6325287 0.98462151 0.89259539 0.8925 0.8925 0.8925 1.31 1.31 1.31 1.31 1.31 0.96 0.96 0.96 0.96 1.1306811 1.325 1.1989225 1.1975 1.27 1.27 
1.585 1.585 1.7949734 1.795 1.795 1.795 1.8394493 1.97 1.97 1.97 1.9625 1.9625 1.9625 1.9625 1.9625 1.8500798 1.85 1.8375037 1.8375 1.8375 1.8375 1.8375 1.0301104 0.555 0.555 0.555 0.555 0.55518592 0.8175 0.8175 0.8175 0.8175 0.8175 1.055 1.055 1.055 1.055 1.055 1.435 1.435 1.435 1.435 1.435 0.9602991 0.96000006 0.96 0.96002076 0.96253275 1.1975 1.1975 1.1975 1.2699996 1.27 
1.5849999 1.518816 1.795 1.795 1.795 1.795 1.795 1.9699255 1.97 1.97 1.9625 1.9625 1.9625 1.9625 1.2340475 1.2175 1.2175 1.837484 1.8375 1.8375 1.8375 1.8375 1.8374997 0.555 0.555 0.555 0.555 0.83249998 0.83249999 0.82930764 0.8175 0.8175 0.8175 1.055 1.055 1.055 1.055 1.0550745 1.435 1.435 1.435 1.435 1.4349881 1.0825 1.0825 1.0825 1.0825 1.0825093 1.1975 1.1975 1.1975 1.1975 1.2626105 
1.5175 1.5175 1.5350776 1.795 1.795 1.795 1.795 1.795 1.9699231 1.035 1.035 1.035 1.0372011 1.2175011 1.2175 1.2175 1.2175 1.2175 1.837492 1.7690329 1.17 1.17 1.17 1.0127259 0.53999318 0.45969453 0.39220392 0.8325 0.8325 0.8325 0.8325 0.8325 0.83653802 1.1656734 1.165 1.165 1.165 1.165 1.4058826 1.2800003 1.28 1.28 1.28 0.94000042 1.0825 1.0825 1.0825 1.3725 1.1975028 1.1975 1.1975 1.2625 1.2625 
1.5175 1.5175 1.29 1.29 1.29 1.7948318 1.795 1.795 1.035 1.035 1.035 1.035 1.035 1.2175 1.2175 1.2175 1.2175 1.2175 1.17 1.17 1.17 1.17 1.17 0.36750004 0.3675 0.3675 0.3675 0.8325 0.8325 0.8325 0.8325 0.8325 1.225 1.225 1.165 1.165 1.165 1.2324885 1.2325 1.28 1.28 1.28 1.2799999 0.94 0.94 0.94 1.3725 1.3725 1.3725 1.5125 1.5125 1.2625 1.2625 
1.5175 1.5175 1.29 1.29 1.29 1.29 1.2899966 0.665 1.0346516 1.035 1.035 1.035 1.035 1.2152235 1.2175 1.2175 1.2175 1.2175 1.17 1.17 1.17 1.17 1.17 0.3675 0.3675 0.3675 0.3675 0.36750191 0.8325 0.8325 0.8325 1.2249794 1.225 1.225 1.225 1.165 1.2325 1.2325 1.2325 1.2337498 0.82477543 0.74 0.74 0.94 0.94 0.94 1.3725 1.3725 1.3725 1.5125 1.5125 1.5125 0.9885208 
1.0425 1.0425037 1.29 1.29 1.29 1.29 0.665 0.665 0.665 1.035 1.035 1.035 1.035 1.0350567 1.2175 1.2175 1.2175 1.2175 1.1700006 1.17 1.17 1.17 0.50885977 0.3675 0.3675 0.3675 0.3675 0.71249972 0.7125 0.7125 0.83122674 1.225 1.225 1.225 1.2249998 1.025 1.2325 1.2325 1.2325 1.2325 0.74 0.74 0.74 1.135 1.135 1.135 1.4674907 1.3725 1.3725 1.5125 1.5125 1.5125 0.96000079 
1.0425 1.0425 1.29 1.29 1.29 0.665 0.665 0.665 0.665 0.99442678 1.035 1.035 1.035 1.0349979 0.41509235 0.415 0.415 0.415 0.26541102 0.4875 0.4875 0.4875 0.4875 0.3675 0.3675 0.3675 0.36752276 0.7125 0.7125 0.7125 0.7125 1.2249525 1.1125058 1.025 1.025 1.025 1.2302222 0.6225127 0.6225 0.6225 0.74004896 0.8025 0.8025 1.135 1.135 1.1350014 1.4675 1.4675 1.1725 1.1725 1.1725 1.325 1.2425 
1.0425 1.0425 0.4775 0.4775 0.4775 0.665 0.665 0.665 0.665 0.5325 0.5325 0.5325 0.5325 0.5242195 0.415 0.415 0.415 0.415 0.2575 0.4875 0.4875 0.4875 0.4875 -0.16 -0.15999979 0.36749922 0.7125 0.7125 0.7125 0.7125 0.80236386 0.89 1.0089369 1.025 1.025 1.025 0.6225 0.6225 0.6225 0.6225 0.8025 0.8025 0.8025 1.30984 1.31 1.466792 1.4675 1.4675 1.1725012 1.1725 1.325 1.325 1.2425 
1.0425 0.4775 0.4775 0.4775 0.4775 0.4775 0.66307868 0.4175 0.4175 0.5325 0.5325 0.5325 0.5325 0.53247217 0.415 0.415 0.415 0.40788365 0.2575 0.2575 0.4875 0.4875 -0.16 -0.16 -0.16 -0.16 0.7125 0.7125 0.7125 0.7125 0.89 0.89 0.89 1.0248634 1.025 1.025 0.6225 0.6225 0.6225 0.6225 0.8025 0.8025 0.8025 1.31 1.31 1.310003 1.3625 1.3625 1.4025 1.4025 1.325 1.325 1.2425 
0.48280605 0.4775 0.4775 0.4775 0.4775 0.4775 0.4175 0.4175 0.4175 0.47905281 0.5325 0.5325 0.5325 0.53249931 0.415 0.415 0.415 0.2575 0.2575 0.2575 0.48748851 0.48749604 -0.16 -0.16 -0.16 -0.16 0.71243798 0.7125 0.7125 0.88995918 0.89 0.89 0.89 0.89 1.0242197 0.71 0.71 0.70848566 0.6225 0.6225 0.80249984 0.8025 1.2952443 1.31 1.31 1.3625 1.3625 1.3625 1.4025 1.4025 1.1 1.1 0.8075 
0.4775 0.4775 0.4775 0.4775 0.4775 0.4775 0.4175 0.4175 0.4175 0.4175 0.52500022 0.525 0.525 0.525 0.41499928 0.22429956 0.1175 0.1175 0.25724191 0.2575 0.25750005 -0.15999906 -0.16 -0.16 -0.16 -0.16 -0.15936564 0.7125 0.71250607 0.89 0.89 0.89 0.89 0.89 0.71 0.71 0.71 0.71 0.71 0.70999973 0.73 0.73 0.73000001 0.75 0.75 0.75 1.1025 1.1025 0.8725 0.8725 1.1 1.0999994 0.8075 
0.4775 0.4775 0.4775 0.4775 0.4775 0.4775 0.4175 0.4175 0.4175 0.525 0.525 0.525 0.525 0.525 0.41758398 0.1175 0.1175 0.1175 0.1175 0.1175 0.12418454 -0.16 -0.16 -0.16 -0.16 -0.14029587 0.46651671 0.6791378 0.88912466 0.89 0.89 0.89 0.89 0.88999961 0.71 0.71 0.71 0.71 0.71 0.71930395 0.73 0.73 0.73 0.75 0.75 0.75 1.1025 1.1025 0.8725 0.8725 0.24500001 0.77647024 0.8075 
0.4775 0.4775 0.4775 0.4775 0.4775 0.47749998 0.41750001 0.4175 0.42196185 0.525 0.525 0.525 0.525 0.525 0.50545379 0.1175 0.1175 0.1175 0.1175 0.1175 0.1175 0.37046556 0.46749912 0.4675 0.4675 0.4675 0.4675 0.4675 0.36201621 0.36000628 0.36000001 0.36 0.36 0.36000025 0.71 0.71 0.71 0.71 0.71 0.73 0.73 0.73 0.73 0.73000001 0.7499519 0.72 1.1025 0.27703192 0.87196552 0.245 0.245 0.24042694 0.025 
0.4775 0.4775 0.4775 0.4775 0.4775 0.47749617 0.41750324 0.4175065 0.52499986 0.525 0.525 0.525 0.525 0.525 0.51724614 0.1175 0.1175 0.1175 0.1175 0.1175 0.1175 0.4675 0.4675 0.4675 0.4675 0.4675 0.4675 0.4675 0.36002967 0.36 0.36 0.36 0.36 0.36 0.45589997 0.71 0.71 0.71 0.71 0.73 0.73 0.73 0.73 0.72999744 0.72 0.72 0.71713261 0.2625 0.2625 0.245 0.245 0.025 0.025 
0.4775 0.4775 0.4775 0.4775 0.4775 0.47741998 0.41757425 0.51286933 0.525 0.525 0.525 0.525 0.525 0.525 0.51786601 0.1175 0.1175 0.1175 0.1175 0.1175 0.16733364 0.4675 0.4675 0.4675 0.4675 0.4675 0.4675 0.4675 0.36000043 0.36 0.36 0.36 0.36 0.36 0.36 0.50731672 0.19226536 0.019995426 -0.0062190856 0.69111141 0.72999999 0.73 0.73 0.7200008 0.72 0.7183137 0.43749916 0.2625 0.2625 0.020049614 0.02 0.02 0.024999995 
0.4775 0.4775 0.4775 0.4775 0.47749994 0.47699967 0.42721449 0.52497044 0.525 0.525 0.525 0.525 0.525 0.525 0.51548425 0.1175 0.1175 0.1175 0.1175 0.1175 0.46749849 0.4675 0.4675 0.4675 0.4675 0.4675 0.4675 0.4675 0.36000003 0.36 0.36 0.36 0.36 0.36 0.35999992 -0.02 -0.02 -0.02 -0.019999999 0.125 0.125 0.125 0.125 0.43750082 0.4375 0.4375 0.4375 0.43749788 0.2475 0.2475 0.02 0.02 -0.10075699 
0.4775 0.4775 0.4775 0.4775 0.47749832 0.47591991 0.51772841 0.5249986 0.525 0.525 0.525 0.525 0.525 0.525 0.51116694 0.11750017 0.1175 0.1175 0.1175 0.1196065 0.4675 0.4675 0.4675 0.4675 0.4675 0.4675 0.4675 0.4675 0.36000002 0.36 0.36 0.36 0.36 0.36 -0.019999651 -0.02 -0.02 -0.02 -0.02 0.125 0.125 0.125 0.125 0.20934241 0.4375 0.4375 0.4375 0.24750213 0.2475 0.2475 -0.1525 -0.1525 -0.1525 
0.4775 0.4775 0.4775 0.47749986 0.47748384 0.47643846 0.52461231 0.52499965 0.525 0.525 0.525 0.525 0.525 0.52499997 0.50531864 0.11750958 0.1175 0.1175 0.1175004 0.46040845 0.4675 0.4675 0.4675 0.4675 0.4675 0.4675 0.4675 0.4675 0.3600001 0.36 0.36 0.36 0.36 -0.073734744 -0.020000065 -0.02 -0.02 -0.02 -0.02 0.125 0.125 0.125 0.125 0.125 0.4375 0.4375 0.4375 0.2475 0.2475 0.2475 -0.1525 -0.1525 -0.1525 
0.4775 0.4775 0.47749994 0.47749841 0.47743082 0.50032194 0.52493373 0.52499978 0.525 0.525 0.525 0.525 0.525 0.52499923 0.49836549 0.11764882 0.11750001 0.11750001 0.11931212 0.46747024 0.4675 0.4675 0.4675 0.4675 0.4675 0.4675 0.4675 0.46749994 0.36000067 0.36 0.35999958 -0.18041203 -0.2325 -0.2325 -0.2325 -0.02 -0.02 -0.02 -0.02 0.125 0.125 0.125 0.125 0.125 0.43749446 0.4375 0.43749991 0.24750001 0.2475 0.24749978 -0.1525 -0.1525 -0.1525 
