interpolatedSpi/04-09|22_1.tif
NCOLS 53
NROWS 52
XLLCORNER -116.03883
YLLCORNER 28.596182
DX 0.49850594
DY 0.49788537
NODATA_VALUE -9999
[rows 0 to 28 of 52, columns 0 to 52 of 53]
-0.25833333 -0.25833333 -0.52491025 -0.535 -0.425 -0.22 -0.38666667 -0.49666667 -0.70504471 -0.65 -0.71 -0.40333333 -0.46001002 -0.58166667 -0.66166667 -0.66166667 -0.66166667 -0.0083333333 -0.325 -0.325 -0.325 -0.32500323 -0.65999999 -0.13 -0.13 -0.13 -0.46666543 -0.46666667 -0.46666667 -0.40666667 -0.40666667 -0.40666667 -0.40666667 -0.076666733 -0.076666667 -0.076666667 -0.076666667 -0.076666667 -0.076666667 -0.076666658 0.23992381 0.24332232 0.2 0.2 0.2 0.2 0.20010072 0.26166667 0.26166667 0.26166667 0.44666628 0.44666667 0.44666667
-0.25835636 -0.77666667 -0.44166681 -0.41226308 -0.31011388 -0.41333333 -0.555 -0.27032375 -0.50833333 -0.58833333 -0.43666667 -0.46 -0.46 -0.033500625 -0.58166073 -0.66166667 -0.0083333333 -0.0083333333 -0.32458711 -0.325 -0.325 -0.325 -0.12921044 -0.13 -0.13 -0.13 -0.32666665 -0.32666667 -0.40666667 -0.40666667 -0.40666667 -0.40666667 -0.40666667 -0.076666715 -0.076666667 -0.076666667 -0.076666667 -0.076666667 -0.076666644 0.054843519 0.75326566 0.26714224 0.2 0.2 0.2 0.2 0.2 0.26166667 0.26166667 0.26166667 0.27700704 0.44666667 0.44666667
-0.36832139 -0.36833333 -0.57 -0.29 -0.33833333 -0.47833333 -0.405 -0.36333333 -0.865 -0.37166667 -0.52166667 -0.295 -0.48166667 0.25833333 -0.031666667 -0.37833333 -0.0083333333 -0.0083333333 -0.0083333333 -0.060077036 -0.06 -0.06 -0.115 -0.13 -0.13 -0.13 -0.32666667 -0.32666667 -0.32666667 -0.40666667 -0.40666667 -0.40666665 -0.19565297 -0.075957618 -0.073796742 0.22884126 0.23166667 0.23166667 0.29727858 0.75333333 0.75333333 0.75262576 0.2 0.2 0.2 0.2 0.2 0.26166667 0.26166667 0.26166667 0.26166667 0.44666667 0.44666667
-0.59166667 -0.36833335 -0.46166922 0.088333333 -0.79666667 -0.325 -0.37833333 -0.565 -0.57 -0.23987371 -0.34833333 -0.13 -0.175 0.25833333 -0.595 -0.37833333 -0.64957541 -0.65121591 -0.68666667 -0.06 -0.06 -0.31333333 -0.115 -0.115 -0.13 -0.13000098 -0.32666667 -0.32666667 -0.32666667 -0.36166667 -0.14585343 0.031666667 0.031666667 0.031666826 0.23166667 0.23166667 0.23166667 0.23166667 0.75333333 0.75333333 0.75333333 0.75333331 0.2 0.2 0.2 0.2 0.2 0.26166589 0.26166667 0.26166667 0.26166667 0.44666198 0.44666667
-0.59166667 -0.025000801 -0.46166667 -0.25141409 -0.79666667 -0.67333333 -0.32835038 0.20833333 -0.325 0.17833306 -0.086920278 -0.21334503 -0.295 -0.595 -0.595 -0.45432315 -0.65166667 -0.65166667 -0.68666667 -0.68666667 -0.060000543 -0.31333333 0.29166667 -0.035 -0.25666667 -0.25647413 -0.32666667 -0.32666667 -0.36166667 -0.36166667 0.031666667 0.031666667 0.031666667 0.075352946 0.23166667 0.23166667 0.23166667 0.75333333 0.75333333 0.75333333 0.75333333 0.75330743 0.2 0.2 0.2 0.2 0.2 0.20054891 0.26166667 0.26166853 0.30333333 0.30333333 0.30333333
-1.815 -0.44666667 -0.59333334 -0.315 -0.58166667 -0.56833333 -0.6 -0.49651018 -0.16666667 -0.59166667 -0.73166667 -0.345 -0.34499997 -0.38833333 -0.38833333 -0.5816385 -0.58166667 -0.55 -0.55 -0.68666643 -0.67333333 -0.67333333 -0.035 -0.25666667 -0.25666667 0.56666667 0.24166667 0.24166667 0.3099386 -0.36166667 0.031666667 0.031666667 0.26333333 0.26340229 0.92328606 0.91333333 0.91333333 0.80283299 0.75333333 0.75333333 0.48533467 0.485 0.48500183 0.26385257 0.26499282 0.26499998 0.265 0.26499998 0.44442154 0.30333333 0.30333333 0.30333333 0.30333333
-1.0850073 -0.68666667 -0.59706846 -0.455 -0.46833333 -0.80666667 -0.35166667 -0.13 -0.18 -0.18 -0.73166667 -0.36 -0.74166656 -0.38833333 -0.46499977 -0.465 -0.58166667 -0.37666667 -0.42333333 -0.42333333 -0.59164742 -0.5 -0.5 0.33999999 0.56666667 0.56666667 0.24166667 0.24166667 0.30998232 0.30967455 0.66130762 0.26333333 0.26333333 0.92333333 0.92333333 0.88973226 0.91333333 0.91333333 0.82000324 0.48500047 0.485 0.485 0.48501013 0.26500201 0.265 0.265 0.265 0.26500013 0.475 0.30336735 0.30333333 0.30333333 0.30333333
-1.085 -0.37833333 -0.093333333 -1.01 -0.84667603 -0.68166667 -0.66 -0.21666667 -0.50666667 -0.30333333 -0.30333333 -0.35333333 -0.74166667 -0.74166667 -0.46689819 -0.87484064 -0.915 -0.27166667 -0.59333316 -0.42333333 -0.12988653 -0.083333333 -0.65666667 0.021666664 0.021666989 0.046666667 0.235 0.235 0.007729589 0.0066666807 0.66333333 0.20444039 0.62 0.92333333 0.92010093 0.87 0.87 0.82 0.82 0.485 0.485 0.48500002 0.62612849 0.62499998 0.265 0.265 0.265 0.47499201 0.475 0.475 0.30333333 0.30333333 0.30333333
-0.47492556 -0.37833333 0.23333333 -0.30666667 -0.635 -0.51 -0.45666667 -0.075 -0.25 -0.38024814 -0.32 -0.3 -0.3 0.085 0.084994577 -0.87178744 -0.87166667 -0.87166667 -0.32076958 -0.58166668 -0.63166667 -0.63166666 -0.15333333 -0.45831127 0.044147327 0.046666667 0.10666667 0.235 0.45703554 0.45833333 0.088333333 0.86666667 0.58629937 0.47666667 0.81 0.89 1.0133333 0.545 1.2396791 0.48840735 1.2483333 0.82333333 0.62502931 0.625 0.62297373 0.265 0.68666664 0.475 0.475 0.475 0.475 0.27365906 0.24666667
-1.015 -1.015 0.12166667 -0.13166667 -0.39833333 -0.275 -0.475 -0.35166667 -0.52666667 -0.41338232 -0.26833333 -0.14 0.085 0.085 -0.49166667 -0.49687854 -0.87166667 -0.87154591 -0.33666667 -0.58166667 -0.58166667 -0.58810833 -0.15333333 0.014996812 0.015 0.015 0.10666667 0.64166667 0.64166667 0.45833333 0.45833333 0.86561088 0.31 0.47666667 0.64333333 0.89 1.0133333 1.095 1.24 0.54314658 0.82333335 0.81659878 0.805 0.625 0.625 0.68666667 0.68666667 0.68666667 0.475 0.475 0.065 0.065 0.065000068
-1.015 -1.015 -0.19833333 -0.355 -0.39666667 -0.26833333 -0.37833334 -0.19831602 -0.10166667 -0.22 -0.32833333 -0.53833333 -0.14052997 -0.49166667 -0.49166667 -0.49165398 -0.38166667 -0.37930486 -0.33666667 -0.39333333 -0.39333333 -0.295 -0.295 0.015 0.015 0.015 0.64166667 0.64166667 0.64166667 -0.19333333 -0.19333333 -0.1933325 0.385 0.385 0.315 0.15166667 0.93666667 0.79666816 0.87666667 0.53166667 0.53166667 0.49500102 0.805 0.625 0.71499981 0.47666667 0.6966236 0.69666667 0.78833333 0.78833333 0.065 0.065 0.065
-1.015 -0.66236912 -0.26518859 -0.36499397 0.21333333 -0.13833333 -0.37833333 -0.19833333 -0.10166747 -0.21868901 -0.53833292 -0.53833333 -0.36833333 -0.49166667 -0.49166667 -0.38166667 -0.38166667 -0.38166411 -0.33666667 -0.39333333 -0.37402267 -0.295 -0.295 0.014987691 0.015 0.08238751 0.22 0.22 0.22000005 -0.19333333 -0.19333333 -0.018333333 -0.018333333 0.38499981 0.315 0.4816667 0.9422787 0.79666667 0.79666667 0.53166667 0.495 0.495 0.49500164 0.715 0.715 0.47666667 0.69666667 0.69666667 0.78833333 0.78833333 0.065 0.065 0.065
0.19 0.02084286 0.041652071 0.038727868 0.21333137 -0.13832503 -0.37833333 -0.20054903 -0.10832799 -0.10475667 -0.36833333 -0.36833333 -0.36833333 -0.36833333 -0.4916492 -0.38166667 -0.38166667 -0.38108564 -0.33666667 -0.39325245 -0.115 -0.115 -0.115 -0.115 0.012974747 0.22 0.22 0.22 0.22 0.21971418 -0.018333333 -0.018333333 -0.018333333 -0.018333333 0.48166667 0.48166667 0.48166667 0.78168254 0.79322434 0.33833333 0.33833333 0.49499157 0.35834554 0.71496565 0.715 0.47666667 0.69666667 0.69666667 0.78833333 0.78833333 0.067624175 0.065 0.20271092
0.19 0.041666667 0.041666667 0.041666667 0.041666667 0.041666593 -0.37771893 -0.29315148 -0.1260998 -0.36804904 -0.36833333 -0.36833333 -0.36833333 -0.36833333 -0.36833301 -0.38166667 -0.38166666 -0.37857997 -0.33666658 -0.115 -0.115 -0.115 -0.115 -0.115 -0.10894601 0.11983661 0.058333367 0.058333333 0.058333333 0.058333333 -0.018333333 -0.018333333 -0.018333379 -0.056666667 -0.056666667 0.48166667 0.2272765 0.22 0.33833326 0.33833333 0.33833333 0.33833333 0.35833333 0.35833333 0.35833333 0.35915683 0.59727161 0.59666667 0.59666667 0.59666667 0.59666667 0.51166657 0.51166667
0.495 0.041666667 0.041666667 0.041666667 0.041666667 0.041666667 0.041666641 -0.22729387 0.073861494 0.074999999 0.075 0.075 0.075 0.075 0.074999996 0.35743627 -0.36983988 -0.3755045 -0.11502789 -0.115 -0.115 -0.115 -0.115 -0.11499944 0.165 0.165 0.16499985 0.058333333 0.058333333 0.058199837 -0.0083333333 -0.0083333333 -0.056666667 -0.056666667 -0.056666667 0.17568098 0.22 0.22 0.22 0.33833333 0.33833333 0.33833333 0.35833333 0.35833333 0.35833333 0.35833333 0.59666666 0.59666667 0.59666667 0.59666667 0.59666667 0.51166667 0.51166667
0.495 0.32622915 0.041666667 0.041666667 0.041666667 0.041666667 0.043333006 0.043333333 0.043333334 0.075 0.075 0.075 0.075 0.075 0.13860835 0.36333333 0.36333333 0.36333333 0.36353846 0.36499951 0.365 0.365 0.365 0.365 0.165 0.165 0.165 0.165 0.058333333 -0.0083333333 -0.0083333333 -0.0083333333 -0.056666662 -0.056666667 -0.056666667 0.15166667 0.21990952 0.22 0.22 0.33826339 0.19872034 -0.12693857 0.35833333 0.35833333 -0.083631847 -0.085 -0.085 0.59519958 -0.29188403 -0.29499992 -0.29499983 -0.13656857 0.51166535
0.495 0.17548486 0.10492242 0.041666667 0.041666667 0.043332349 0.043333333 0.043333333 0.043333333 0.043561532 0.075 0.075 0.075 0.075000035 0.36333333 0.36333333 0.36333333 0.36333333 0.36499851 0.365 0.365 0.365 0.365 0.365 0.165 0.165 0.165 0.165 0.16436953 -0.0083333333 -0.0083333333 -0.0083333333 0.18333333 -0.056639682 0.15166667 0.15166667 0.15166667 0.14980302 -0.10627834 -0.12833333 -0.12833333 -0.12833333 -0.30166667 -0.30166667 -0.085 -0.085 -0.085 -0.295 -0.295 -0.295 -0.295 -0.13666667 -0.13666667
0.16691853 0.16666667 0.16666667 0.16666666 -0.105 0.043329507 0.043333333 0.043333333 0.043333333 0.043333333 0.11739657 0.075007297 0.075000016 0.36333333 0.36333333 0.36333333 0.36333333 0.36333333 0.35578336 0.365 0.365 0.365 0.365 0.365 0.13375031 -0.086665303 -0.086666667 -0.086666667 -0.086666667 -0.0083333235 0.18333333 0.18333333 0.18333333 0.18333333 0.15166667 0.15166219 -0.018333333 -0.018333333 -0.12695982 -0.12833333 -0.12833333 -0.12833333 -0.30166667 -0.30166667 -0.11854746 -0.085 -0.085 -0.295 -0.295 -0.295 -0.29330225 -0.13666667 -0.13666667
0.16666667 0.16666667 0.16666667 0.038734781 -0.105 -0.105 0.043333333 0.043333333 0.043333333 0.043333333 0.635 0.635 0.635 0.36333333 0.36333333 0.36333333 0.36333333 0.36331929 0.24166667 0.24166667 0.36499995 0.365 0.3603743 0.175 0.17264433 -0.086666667 -0.086666667 -0.086666667 -0.086666667 0.18330584 0.18333333 0.18333333 0.18333333 0.18333333 -0.018332736 -0.018333333 -0.018333333 -0.018333333 -0.018726827 -0.12833333 -0.12833333 -0.12833333 -0.30166667 -0.30166667 -0.30166667 -0.085 -0.085 -0.29499999 -0.295 -0.295 -0.13666667 -0.13666667 -0.13666667
0.16666667 0.16666667 0.16666667 -0.105 -0.105 -0.105 -0.10499977 0.043333333 0.043333333 0.63438923 0.635 0.635 0.635 0.63483074 0.29453243 0.27833333 0.27833333 0.27833333 0.24166667 0.24166667 0.24166667 0.175 0.175 0.175 0.17493277 -0.075301973 -0.086666667 -0.086666667 -0.086666667 0.0022564611 -0.031645521 -0.031666667 -0.031666667 -0.031666667 -0.066102261 -0.13333307 -0.13333333 -0.13333333 -0.13333333 -0.54827587 -0.54833333 -0.54833333 -0.30166667 -0.30166667 -0.31833326 -0.31833321 0.028333333 0.028333333 -0.08 -0.08 -0.08 -0.13666667 0.14474816
0.16666613 0.16666667 0.16666666 -0.105 -0.105 -0.105 -0.105 -0.068333301 0.042886846 0.63456021 0.635 0.635 0.635 0.63430012 0.27833333 0.27833333 0.27833333 0.27833332 0.24166667 0.24166667 0.24166667 0.175 0.175 0.175 -0.065 -0.065 -0.175 -0.175 -0.175 -0.17421807 -0.031666667 -0.031666667 -0.031666667 -0.031666667 -0.082472139 -0.13333333 -0.13333333 -0.13333333 -0.13333333 -0.54833333 -0.54833333 -0.54833333 -0.54109665 -0.31833333 -0.31833333 -0.31833333 0.028333333 0.028333333 -0.08 -0.08 -0.08 0.14499999 0.145
-0.005 0.072136214 0.025 0.024962285 -0.105 -0.068545485 -0.068333333 -0.068333333 -0.15274772 0.14999999 0.15 0.15 0.15 0.23499723 0.235 0.2783333 0.27833333 0.27736722 0.24166667 0.24166667 0.24166667 -0.15166667 -0.15166667 -0.15166667 -0.065 -0.065 -0.175 -0.175 -0.175 -0.17500004 -0.22333212 -0.2233328 -0.036483921 -0.031872147 -0.45618033 -0.45666667 -0.45666667 -0.45666667 -0.45666667 -0.54833333 -0.54833333 -0.54833333 -0.33099786 -0.31833333 -0.31833333 -0.31833331 0.028333333 0.028333333 0.028329434 -0.08 -0.07999687 -0.01 0.145
-0.061655905 -0.061666652 0.025 0.025 0.025 -0.068333333 -0.068333333 -0.068333333 -0.3 -0.3 0.15 0.15 0.15 0.235 0.235 0.235 0.235 0.2350009 0.24166667 0.24166667 0.24166665 -0.15166667 -0.15166667 -0.15166667 -0.065 -0.065 -0.175 -0.175 -0.175 -0.22278837 -0.22333333 -0.22333333 -0.22333333 -0.22333333 -0.45655153 -0.45666667 -0.45666667 -0.45666667 -0.45666667 -0.55666666 -0.55666667 -0.55666667 -0.55666667 -0.31833253 -0.21333333 -0.21333333 -0.21333333 -0.076666667 -0.076666667 -0.076666667 -0.01 -0.01 -0.01
-0.061666667 -0.061666667 0.025 0.025 0.025 -0.067842757 -0.068333333 -0.3 -0.3 -0.3 0.1499446 0.15 0.12957188 0.23499997 0.235 0.235 0.235 0.086666667 0.086666667 0.086666667 -0.45166666 -0.45166644 -0.15166813 -0.15166667 -0.15192295 -0.625 -0.625 -0.62499893 -0.17507272 -0.58992693 -0.58999805 -0.58993598 -0.22396 -0.22364976 -0.41534729 -0.4566668 -0.4578005 -0.795 -0.795 -0.55666667 -0.55666667 -0.55666667 -0.55666667 -0.21333333 -0.21333333 -0.21333333 -0.21333333 -0.076666667 -0.076666667 -0.076666667 -0.01 -0.01 -0.01
-0.061666667 -0.061666667 0.025 0.025 0.025 0.025 -0.1550394 -0.3 -0.3 -0.3 -0.29976524 0.125 0.125 0.125 0.23435174 0.235 0.087655123 0.086666667 0.086666667 0.086666667 -0.45166667 -0.45166667 -0.45166667 -0.45166667 -0.625 -0.625 -0.625 -0.625 -0.625 -0.59 -0.59 -0.59 -0.59 -0.5899999 -0.54333333 -0.795 -0.795 -0.795 -0.795 -0.79499868 -0.415 -0.415 -0.415 -0.36184879 -0.25166667 -0.25166667 -0.25166667 -0.076666672 -0.076666718 -0.13 -0.13 0.25160301 0.25166667
-0.061666667 -0.061666667 -0.006280581 0.025 0.025 0.024999997 -0.11532829 -0.29941698 -0.3 -0.3 0.125 0.125 0.125 0.125 0.125 0.13401064 0.086666667 0.086666667 0.086666667 0.086666667 -0.4516625 -0.45166667 -0.45166667 -0.45166667 -0.625 -0.625 -0.625 -0.625 -0.625 -0.78951823 -0.59 -0.59 -0.59 -0.54333333 -0.54333333 -0.54352876 -0.795 -0.795 -0.62522848 -0.49333336 -0.415 -0.415 -0.415 -0.36319167 -0.25166667 -0.25166667 -0.25166667 -0.545 -0.13517086 -0.13 -0.13 0.25166667 0.25166667
-0.125 -0.125 -0.125 -0.012609123 0.024811091 -0.115 -0.115 -0.115 -0.115 0.11833333 0.11833333 0.125 0.125 0.125 0.125 0.12499756 0.086666667 0.086666667 0.086666667 0.086666667 -0.21675546 -0.45166667 -0.45166667 -0.45105602 -0.43709068 -0.625 -0.625 -0.625 -0.86 -0.86 -0.86 -0.85999887 -0.54333333 -0.54333333 -0.54333333 -0.54333333 -0.49333333 -0.49333333 -0.49333333 -0.49333333 -0.39166667 -0.39166667 -0.39166667 -0.43999903 -0.44 -0.44 -0.43999994 -0.545 -0.545 -0.13050565 -0.13 0.25166462 0.25166667
-0.125 -0.125 -0.125 -0.12499883 -0.10333333 -0.10502986 -0.115 -0.115 -0.115 0.11833333 0.11833333 0.11833333 -0.17166665 -0.17166667 -0.17166667 -0.17166666 0.086645295 0.086666667 0.086666667 0.086666667 0.078504893 -0.4283334 -0.42833333 -0.42833333 -0.42833333 -0.42833334 -0.63833333 -0.63833333 -0.86 -0.86 -0.86 -0.86 -0.54333329 -0.54333333 -0.54333333 -0.54332817 -0.49333333 -0.49333333 -0.49333333 -0.49307012 -0.39166667 -0.39166667 -0.39166667 -0.43999776 -0.44 -0.44 -0.44 -0.545 -0.545 -0.54499995 -0.155 -0.155 -0.19
-0.125 -0.125 -0.125 -0.10333338 -0.10333333 -0.10333333 -0.115 -0.115 -0.115 0.11833333 0.11833333 0.11833333 -0.17166667 -0.17166667 -0.17166667 -0.15288064 0.075 0.075 0.07500003 0.086600766 -0.42833333 -0.42833333 -0.42833333 -0.42833333 -0.42833333 -0.42849137 -0.63833333 -0.63833333 -0.63833333 -0.86 -0.86 -0.85995065 -0.48 -0.48 -0.48 -0.48 -0.48 -0.43333333 -0.43333333 -0.43333333 -0.225 -0.39161439 -0.39166641 -0.35666667 -0.35666667 -0.35982491 -0.43999996 -0.545 -0.545 -0.155 -0.155 -0.155 -0.19
