interpolatedSpi/04-08|19_3.tif
NCOLS 53
NROWS 52
XLLCORNER -116.03883
YLLCORNER 28.596182
DX 0.49850594
DY 0.49788537
NODATA_VALUE -9999
0.352 0.352 0.32477607 -0.3 -0.082 0.06 0.03 -0.056 -0.73492078 -0.766 -0.61 -2.9446055e-16 -0.48000296 -0.516 -0.304 -0.304 -0.304 -0.054 -0.182 -0.182 -0.182 -0.18200543 -0.74599999 -0.122 -0.122 -0.122 -0.59798942 -0.598 -0.598 -0.922 -0.922 -0.922 -0.922 -1.4939999 -1.494 -1.494 -1.494 -1.494 -1.494 -1.494 -0.17817254 -0.16425928 -1.182 -1.182 -1.182 -1.182 -1.1823724 -1.41 -1.41 -1.41 -2.9284279e-06 8.8817842e-17 8.8817842e-17 
0.35199538 0.248 0.53600058 0.44041162 -0.031953715 0.55 0.982 -0.15187369 -0.766 -0.502 -0.064 -0.48 -0.48 -0.023647228 -0.51599216 -0.304 -0.054 -0.054 -0.18183311 -0.182 -0.182 -0.182 -0.15252951 -0.122 -0.122 -0.122 -0.67799996 -0.678 -0.922 -0.922 -0.922 -0.922 -0.922 -1.4939999 -1.494 -1.494 -1.494 -1.494 -1.4939999 -1.2722698 -0.17405925 -1.0596873 -1.182 -1.182 -1.182 -1.182 -1.182 -1.41 -1.41 -1.41 -1.2930815 8.8817842e-17 8.8817842e-17 
0.45998743 0.46 1.04 0.738 0.028 -0.3 -0.012 0.496 -0.522 -0.604 -0.308 -0.472 0.076 -0.458 -0.022 -0.88 -0.054 -0.054 -0.054 -0.4619186 -0.462 -0.462 -0.702 -0.122 -0.122 -0.122 -0.678 -0.678 -0.678 -0.922 -0.922 -0.92200002 -1.1203368 -1.4913246 -1.4821976 -0.23761928 -0.226 -0.226 -0.21945977 -0.174 -0.174 -0.17528898 -1.182 -1.182 -1.182 -1.182 -1.182 -1.41 -1.41 -1.41 -1.41 8.8817842e-17 8.8817842e-17 
0.32 0.45999983 -0.39407353 0.304 -0.292 0.006 0.162 -0.404 -0.224 0.019289056 -0.556 -0.79 -0.47 -0.458 -0.306 -0.88 -0.52473904 -0.52167209 -0.898 -0.462 -0.462 -0.178 -0.702 -0.702 -0.122 -0.12200278 -0.678 -0.678 -0.678 -1.574 -1.4423173 -1.334 -1.334 -1.3339991 -0.226 -0.226 -0.226 -0.226 -0.174 -0.174 -0.174 -0.17400004 -1.182 -1.182 -1.182 -1.182 -1.182 -1.4099971 -1.41 -1.41 -1.41 -3.5342022e-05 -4.0543245e-10 
0.32 0.15799899 -0.394 -0.5049827 -0.292 0.086 -0.1179742 -0.358 -0.452 -0.84400022 -0.88940067 -0.91003323 -1.142 -0.306 -0.306 -0.68443772 -0.522 -0.522 -0.898 -0.898 -0.4619995 -0.178 -0.434 -0.598 -0.274 -0.27399963 -0.678 -0.678 -1.574 -1.574 -1.334 -1.334 -1.334 -1.3290972 -0.226 -0.226 -0.226 -0.174 -0.174 -0.174 -0.174 -0.17407182 -1.182 -1.182 -1.182 -1.182 -1.182 -1.1840295 -1.41 -1.4099853 -1.082 -1.082 -1.082 
-1.572 0.044 0.14200003 -0.354 0.43 0.4 -0.726 -0.67888546 -1.108 -1.062 -1.216 -1.26 -1.2599999 -1.75 -1.75 -0.71794737 -0.718 -0.57 -0.57 -0.89799968 -0.814 -0.814 -0.598 -0.274 -0.274 -0.272 -1.054 -1.054 -0.88806242 -1.574 -1.334 -1.334 -1.308 -1.3080631 -1.9119566 -1.598 -1.598 -0.61454691 -0.174 -0.174 -0.91707207 -0.918 -0.91799935 -0.34896952 -0.33409372 -0.33400023 -0.33400003 -0.33400032 -0.24529676 -1.082 -1.082 -1.082 -1.082 
-0.29600708 0.252 0.23144919 0.016000001 0.354 -0.742 -0.85 -1.026 -1.324 -1.324 -1.216 -0.994 -0.91399994 -1.75 -0.50000374 -0.5 -0.718 -0.482 -0.538 -0.538 -0.81588506 -0.818 -0.818 -0.374 -0.272 -0.272 -1.054 -1.054 -0.88800571 -0.88810515 -0.7985799 -1.308 -1.308 -1.912 -1.912 -1.3267693 -1.598 -1.598 -1.3580083 -0.91800061 -0.918 -0.918 -0.91799487 -0.33399845 -0.334 -0.334 -0.334 -0.33399984 -0.062 -1.0817979 -1.082 -1.082 -1.082 
-0.296 -0.644 0.544 -1.134 -0.45603887 -1.494 -1.584 -1.086 -1.38 -0.894 -0.894 -0.658 -0.914 -0.914 -0.50284042 -0.23770199 -0.212 -0.53 -0.68799985 -0.538 -0.3569423 -0.342 -0.544 -0.968 -0.96799672 -0.714 -0.262 -0.26200028 -0.98565659 -0.986 -0.798 -0.94073097 -1.652 -1.912 -1.881026 -1.1 -1.1 -1.358 -1.358 -0.918 -0.918 -0.91799999 -0.059183754 -0.056000014 -0.334 -0.334 -0.334 -0.062010353 -0.062 -0.062 -1.082 -1.082 -1.082 
-0.6078917 -0.64399999 0.32 0.158 -0.232 -0.866 -0.776 -0.844 -1.31 -1.0245173 -0.968 -0.526 -0.526 -0.142 -0.14199803 -0.5749855 -0.576 -0.576 -0.55411894 0.087999873 -0.518 -0.518 -0.208 -0.41158793 -0.73959649 -0.714 -0.452 -0.262 -0.57019859 -0.572 -0.742 -0.568 -0.59117223 -0.894 -0.826 -0.854 -1.042 -1.552 -0.67240635 -0.91685727 -0.662 -0.452 -0.056063821 -0.056 -0.057564734 -0.334 -0.46599999 -0.062000004 -0.062 -0.062 -0.062 -0.96595906 0.324 
-0.406 -0.406 -0.024 0.178 -0.356 -1.232 -1 -0.944 -0.62 -0.95200692 -0.878 -0.872 -0.142 -0.142 0.068 0.059167249 -0.576 -0.57595298 -0.434 0.088 0.088 0.0099268894 -0.208 -0.55799337 -0.558 -0.558 -0.452 -0.24 -0.24 -0.572 -0.572 -0.56808724 -0.614 -0.894 -0.698 -0.854 -1.042 -1.254 -0.672 0.089455807 -0.45200001 -0.45053064 -0.448 -0.056 -0.056 -0.466 -0.466 -0.466 -0.062 -0.062 -0.15 -0.15 -0.14999982 
-0.406 -0.406 -0.332 -1.02 -0.612 -0.618 -1.034 -1.1200769 -1.234 -1.29 -0.554 -1.328 -0.87260599 0.068 0.068 0.068016612 0.212 0.17809489 -0.434 -0.084 -0.084 0.884 0.884 -0.558 -0.558 -0.558 -0.24 -0.24 -0.24 -0.534 -0.534 -0.53400013 -0.368 -0.368 -1.12 -0.796 -0.498 -1.2939982 -0.508 0.102 0.102 -0.46999993 -0.448 -0.056 -0.21000006 -0.334 -0.21906808 -0.218 0.614 0.614 -0.15 -0.15 -0.15 
-0.406 -0.37425513 -0.62559414 -1.1959794 -0.394 -0.316 -1.034 -1.12 -1.233999 -1.2893796 -1.328 -1.328 0.12 0.068 0.068 0.212 0.212 0.21196323 -0.434 -0.084 0.10609551 0.884 0.884 -0.55794232 -0.558 -0.49225609 -0.358 -0.358 -0.35799999 -0.534 -0.534 -0.368 -0.368 -0.36800206 -1.12 -0.29200028 -0.59260862 -1.294 -1.294 0.10199998 -0.47 -0.47 -0.46999812 -0.21 -0.21 -0.334 -0.218 -0.218 0.614 0.614 -0.15 -0.15 -0.15 
-0.76 -0.36851232 -0.36202376 -0.36803032 -0.39399973 -0.31600184 -1.034 -1.1189414 -1.2261442 -1.2354623 0.12 0.12 0.12 0.12 0.068007366 0.212 0.212 0.20365911 -0.434 -0.083836695 0.488 0.488 0.488 0.488 -0.54013983 -0.358 -0.358 -0.358 -0.358 -0.35807666 -0.368 -0.368 -0.368 -0.368 -0.292 -0.292 -0.292 -1.2454465 -1.2838457 0.058 0.058 -0.4699716 -0.1020037 -0.2099896 -0.21 -0.334 -0.218 -0.218 0.61399999 0.614 -0.14722829 -0.15 -0.42463818 
-0.76 -0.362 -0.362 -0.362 -0.362 -0.36199998 -1.032162 -1.0747068 -1.2051858 0.11854047 0.12 0.12 0.12 0.12 0.12000026 0.212 0.2119999 0.16768881 -0.43398802 0.488 0.488 0.488 0.488 0.488 0.48587819 -0.23141004 -0.26400002 -0.264 -0.264 -0.264 -0.36799999 -0.368 -0.36799941 0.12 0.12 -0.292 0.42547749 0.446 0.058000224 0.058 0.058 0.058 -0.102 -0.102 -0.102 -0.10361451 -0.34916525 -0.35 -0.35 -0.35 -0.34999998 0.56999985 0.57 
0.57 -0.362 -0.362 -0.362 -0.362 -0.362 -0.36200004 -0.74998002 0.46494512 0.474 0.474 0.474 0.474 0.474 0.474 0.84626918 0.22213078 0.12354118 0.48788429 0.488 0.488 0.488 0.488 0.48800059 0.39 0.39 0.38999908 -0.264 -0.264 -0.26282657 0.322 0.322 0.12 0.12 0.12 0.39377844 0.446 0.446 0.446 0.058 0.058 0.058 -0.102 -0.102 -0.102 -0.102 -0.34999999 -0.35 -0.35 -0.35 -0.35 0.57 0.57 
0.57 0.22302699 -0.362 -0.362 -0.362 -0.362 0.0099269891 0.01 0.010000011 0.474 0.474 0.474 0.474 0.474 0.55783066 0.854 0.854 0.854 0.99644689 0.99799948 0.998 0.998 0.998 0.998 0.39 0.39 0.39 0.39 -0.264 0.322 0.322 0.322 0.12000002 0.12 0.12 0.644 0.44626216 0.446 0.446 0.058091823 0.24109247 0.66817087 -0.102 -0.102 0.4702286 0.472 0.472 -0.34841018 0.61262427 0.61599992 0.61599982 0.98793664 0.57000085 
0.57 0.046449274 -0.16261786 -0.362 -0.362 0.0097802047 0.01 0.01 0.01 0.013343717 0.474 0.474 0.474 0.47400005 0.854 0.854 0.854 0.854 0.99787137 0.998 0.998 0.998 0.998 0.998 0.39000001 0.39 0.39 0.39 0.38975267 0.322 0.322 0.322 1.086 0.12007662 0.644 0.644 0.644 0.6482284 0.65583096 0.67 0.67 0.67 0.81 0.81 0.472 0.472 0.472 0.616 0.616 0.616 0.616 0.988 0.988 
0.03239305 0.032 0.032 0.031999999 -0.054 0.0099983491 0.01 0.01 0.01 0.01 0.47142574 0.47399956 0.474 0.854 0.854 0.854 0.854 0.854 0.86629889 0.998 0.998 0.998 0.998 0.998 0.99334295 1.4499943 1.45 1.45 1.45 0.32200004 1.086 1.086 1.086 1.086 0.644 0.64401017 1.03 1.03 0.67449514 0.67 0.67 0.67 0.81 0.81 0.52433404 0.472 0.472 0.616 0.616 0.616 0.61998881 0.988 0.988 
0.032 0.032 0.032 -0.0084986829 -0.054 -0.054 0.01 0.01 0.01 0.01 0.44 0.44 0.44 0.854 0.854 0.854 0.854 0.85399769 0.87 0.87 0.99799995 0.998 1.0009215 1.118 1.1209888 1.45 1.45 1.45 1.45 1.0860371 1.086 1.086 1.086 1.086 1.0299986 1.03 1.03 1.03 1.028769 0.67 0.67 0.67 0.81 0.81 0.81 0.472 0.472 0.61600001 0.616 0.616 0.988 0.988 0.988 
0.032 0.032 0.032 -0.054 -0.054 -0.054 -0.053999902 0.01 0.01 0.43955612 0.44 0.44 0.44 0.44025794 0.84266809 0.84 0.84 0.84 0.87 0.87 0.87 1.118 1.118 1.118 1.1179933 1.2632693 1.45 1.45 1.45 1.5823143 1.685941 1.686 1.686 1.686 1.2849843 1.6419986 1.642 1.642 1.642 1.5018862 1.502 1.502 0.81 0.81 1.3099979 1.3099999 1.156 1.156 1.136 1.136 1.136 0.988 1.1018981 
0.032002179 0.032 0.031999997 -0.054 -0.054 -0.054 -0.053999997 0.26399993 0.011015591 0.43988212 0.44 0.44 0.44 0.44078491 0.84 0.84 0.84 0.84000001 0.87 0.87 0.87 1.118 1.118 1.118 1.094 1.094 1.492 1.492 1.492 1.4930583 1.686 1.686 1.686 1.686 1.6640121 1.642 1.642 1.642 1.642 1.502 1.502 1.502 1.4959589 1.31 1.31 1.31 1.156 1.156 1.136 1.136 1.136 1.102 1.102 
0.734 0.41907908 0.632 0.63180098 -0.054 0.26216006 0.264 0.264 0.39226128 0.31000001 0.31 0.31 0.31 0.67198822 0.672 0.83999987 0.84 0.84079046 0.87 0.87 0.87 0.726 0.726 0.726 1.094 1.094 1.492 1.492 1.492 1.492 1.5140011 1.5140005 1.681677 1.6858156 1.5481574 1.548 1.548 1.548 1.548 1.502 1.502 1.502 1.3205719 1.31 1.31 1.3099998 1.156 1.156 1.1559993 1.136 1.1359787 0.66 1.102 
0.9719548 0.97199994 0.632 0.632 0.632 0.264 0.264 0.264 0.616 0.616 0.31 0.31 0.31 0.672 0.672 0.672 0.672 0.67202261 0.87 0.87 0.86999999 0.726 0.726 0.726 1.094 1.094 1.492 1.492 1.492 1.5137519 1.514 1.514 1.514 1.514 1.5479832 1.548 1.548 1.548 1.548 1.1140001 1.114 1.114 1.114 1.3099928 0.374 0.374 0.374 0.558 0.558 0.558 0.66 0.66 0.66 
0.972 0.972 0.632 0.632 0.632 0.26593427 0.264 0.616 0.616 0.616 0.31003767 0.31 0.42766596 0.67199995 0.672 0.672 0.672 0.596 0.596 0.596 0.67 0.67000004 0.72599973 0.726 0.72637248 1.18 1.18 1.1800007 1.4919496 1.4920044 1.4920001 1.4920038 1.5139624 1.513981 1.5419295 1.5479996 1.5444276 0.482 0.482 1.114 1.114 1.114 1.114 0.374 0.374 0.374 0.374 0.558 0.558 0.558 0.66 0.66 0.66 
0.972 0.972 0.632 0.632 0.632 0.632 0.39574332 0.616 0.616 0.616 0.61591051 0.454 0.454 0.454 0.67071528 0.672 0.59650645 0.596 0.596 0.596 0.67 0.67 0.67 0.67 1.18 1.18 1.18 1.18 1.18 1.492 1.492 1.492 1.492 1.4920001 1.524 0.482 0.482 0.482 0.482 0.48199903 0.076 0.076 0.076 0.16256034 0.342 0.342 0.342 0.55799999 0.55800013 0.69 0.69 1.0978934 1.098 
0.972 0.972 0.75471613 0.632 0.632 0.63200001 0.88152797 0.61683829 0.616 0.616 0.4540001 0.454 0.454 0.454 0.454 0.47188988 0.596 0.596 0.596 0.596 0.66999943 0.67 0.67 0.67 1.18 1.18 1.18 1.18 1.18 1.0249795 1.492 1.492 1.492 1.524 1.524 1.5231909 0.482 0.482 0.61369017 0.71599998 0.076 0.076 0.076 0.1627819 0.342 0.342 0.342 0.92 0.69286578 0.69 0.69 1.098 1.098 
1.266 1.266 1.266 0.79096123 0.63296097 0.882 0.882 0.882 0.882 0.94 0.94 0.45400003 0.454 0.454 0.454 0.45400902 0.596 0.596 0.596 0.596 0.6377088 0.67 0.67 0.66413783 0.47868419 1.18 1.18 1.18 0.86 0.86 0.86 0.86000265 1.524 1.524 1.524 1.524 0.716 0.716 0.716 0.716 0.296 0.296 0.296 0.71599156 0.716 0.716 0.71599988 0.92 0.92 0.69028024 0.69 1.0979995 1.098 
1.266 1.266 1.266 1.2660014 1.292 1.2323793 0.882 0.882 0.882 0.94 0.94 0.94 0.88399998 0.884 0.884 0.884 0.59680967 0.596 0.596 0.596 0.59710987 0.44600061 0.446 0.446 0.446 0.446 0.072000009 0.072 0.86 0.86 0.86 0.86 1.5239998 1.524 1.524 1.5239756 0.71600001 0.716 0.716 0.71753539 0.296 0.296 0.296 0.71598052 0.716 0.716 0.716 0.92 0.92 0.92000001 1.006 1.006 0.992 
1.266 1.266 1.266 1.2919999 1.292 1.292 0.88200015 0.882 0.882 0.94 0.94 0.94 0.884 0.884 0.884 0.89572857 1.038 1.038 1.0379989 0.59849653 0.446 0.446 0.446 0.446 0.446 0.44571855 0.072 0.072 0.072000002 0.86 0.86 0.85984037 1.224 1.224 1.224 0.912 0.912 1.066 1.066 1.066 1.358 0.29633312 0.29600712 1.25 1.25 1.229762 0.71600176 0.92 0.92 1.006 1.006 1.006 0.992 
1.266 1.266 1.266 1.292 1.292 1.292 1.292 0.882 0.882 0.94 0.94 0.88623919 0.884 0.884 0.884 1.038 1.038 1.038 1.038 1.038 0.446 0.446 0.446 0.446 0.446 0.072001276 0.072 0.072 0.072 0.612 0.612 0.612 1.224 1.224 1.224 0.912 0.912 1.066 1.066 1.358 1.358 1.358 1.25 1.25 1.25 1.25 1.2465498 1.208 1.208 1.208 1.006 1.144 1.144 
1.266 1.266 1.2660362 1.292 1.292 1.292 1.292 1.3491207 1.352 1.3512927 0.94 0.88401005 0.884 0.884 0.88400053 1.038 1.038 1.038 1.038 1.038 0.85648661 0.446 0.446 0.446 0.44594315 0.072005514 0.072 0.072 0.072 0.612 0.612 0.612 0.61208731 1.224 0.912 0.912 0.912 0.91200647 1.0660199 1.358 1.358 1.358 1.2500066 1.25 1.25 1.25 1.207999 1.208 1.208 1.208 1.144 1.144 1.144 
0.978 0.9780005 1.2919752 1.292 1.292 1.292 1.3519872 1.352 1.352 1.352 1.004 1.004 1.004 1.004 1.0378431 1.038 1.038 1.038 1.038 0.8740001 0.874 0.874 0.17000005 0.17 0.17 0.17 0.16154134 0.072 0.48598304 0.486 0.486 0.486 0.486 1.094 1.094 1.094 1.094 1.094 1.53 1.53 1.53 1.53 1.53 1.110211 1.11 1.11 1.11 1.208 1.208 1.208 1.1440101 1.144 1.144 
0.978 0.978 0.97753123 0.92200074 0.92200008 0.92241943 1.352 1.352 1.352 1.352 1.004 1.004 1.004 1.004 1.004 1.038 1.038 1.038 0.87400004 0.874 0.874 0.874 0.17 0.17 0.17 0.17 0.17 0.16997958 0.48604479 0.486 0.486 0.486 0.486018 1.168831 1.0940775 1.094 1.094 1.094 1.53 1.53 1.53 1.53 1.53 1.11 1.11 1.11 1.11 1.1558267 1.208 1.3266612 1.328 1.102 1.102 
0.978 0.978 0.92200709 0.922 0.922 0.922 1.0312182 1.352 1.352 1.352 1.004 1.004 1.004 1.004 1.004 1.0379672 1.038 0.87404808 0.874 0.874 0.874 0.874 0.43080136 0.17 0.17 0.17 0.17 0.17030603 0.602 0.602 0.602 0.602 0.602 1.226 1.226 1.226 1.226 1.226 1.878 1.878 1.878 1.878 1.878 1.1107813 1.1100002 1.11 1.1100542 1.1165582 1.328 1.328 1.328 1.1020013 1.102 
0.97799917 0.5387342 0.92199995 0.922 0.922 0.922 0.922 1.3518169 1.352 1.352 1.004 1.004 1.004 1.004 0.28630314 0.27 0.27 0.87398446 0.874 0.874 0.874 0.874 0.87399983 0.17 0.17 0.17 0.17 0.7939998 0.79399991 0.75313773 0.602 0.602 0.602 1.226 1.226 1.226 1.226 1.2260894 1.878 1.878 1.878 1.878 1.8779925 1.43 1.43 1.43 1.43 1.4299918 1.328 1.328 1.328 1.3280001 1.4823152 
0.53 0.53 0.57547837 0.922 0.922 0.922 0.922 0.922 1.3518137 0.14000002 0.14 0.14 0.14205045 0.27000106 0.27 0.27 0.27 0.27 0.87399398 0.82250861 0.372 0.372 0.372 0.32016779 0.16183629 0.11815382 0.081709203 0.794 0.794 0.794 0.794 0.794 0.79251388 1.3569001 1.358 1.358 1.358 1.358 1.8595901 1.7800002 1.78 1.78 1.78 1.2120006 1.4299999 1.43 1.43 1.656 1.3280053 1.328 1.328 1.488 1.488 
0.53 0.53 0.348 0.348 0.348 0.9218088 0.922 0.922 0.14 0.14 0.14 0.14 0.14 0.26999999 0.27 0.27 0.27 0.27 0.372 0.372 0.372 0.372 0.372 0.068000016 0.068 0.068 0.068 0.794 0.794 0.794 0.794 0.794 1.26 1.26 1.358 1.358 1.358 1.3180068 1.318 1.78 1.78 1.78 1.7799999 1.212 1.212 1.212 1.656 1.656 1.656 1.57 1.57 1.488 1.488 
0.53 0.53 0.348 0.348 0.348 0.348 0.34799686 -0.224 0.13965728 0.14 0.14 0.14 0.14 0.26837837 0.27 0.27 0.27 0.27 0.372 0.372 0.372 0.372 0.372 0.068 0.068 0.068 0.068 0.068002968 0.794 0.794 0.794 1.2599756 1.26 1.26 1.26 1.358 1.318 1.318 1.318 1.3301561 1.0887331 0.96 0.96 1.212 1.212 1.212 1.656 1.656 1.656 1.57 1.57 1.57 0.99166744 
0.524 0.52400005 0.348 0.348 0.348 0.348 -0.224 -0.224 -0.224 0.14 0.14 0.14 0.14 0.14004041 0.27 0.27 0.27 0.27 0.37199809 0.372 0.372 0.372 0.12154837 0.068 0.068 0.068 0.068 0.45599968 0.456 0.456 0.79038977 1.26 1.26 1.26 1.2599996 0.82800001 1.318 1.318 1.318 1.318 0.96 0.96 0.96 1.47 1.47 1.47 1.5240129 1.656 1.656 1.57 1.57 1.57 0.94000096 
0.524 0.524 0.348 0.348 0.348 -0.224 -0.224 -0.224 -0.224 0.10008102 0.14 0.14 0.14 0.13999862 -0.21794384 -0.218 -0.218 -0.218 -0.16181171 0.072 0.072 0.072 0.072 0.068 0.068 0.068 0.068025593 0.456 0.456 0.456 0.456 1.2599241 1.0170125 0.828 0.828 0.828 1.3158705 0.74801187 0.748 0.748 0.96016606 1.172 1.172 1.47 1.47 1.4700002 1.524 1.524 1.286 1.286 1.286 1.24 1.284 
0.524 0.524 -0.59 -0.59 -0.59 -0.224 -0.224 -0.224 -0.224 -0.478 -0.478 -0.478 -0.478 -0.45967719 -0.218 -0.218 -0.218 -0.218 -0.17 0.072 0.072 0.072 0.072 -0.282 -0.28199986 0.067999483 0.456 0.456 0.456 0.456 0.60585747 0.752 0.81895704 0.828 0.828 0.828 0.748 0.748 0.748 0.748 1.172 1.172 1.172 1.5558789 1.556 1.5241438 1.524 1.524 1.2860004 1.286 1.24 1.24 1.284 
0.524 -0.58999999 -0.59 -0.59 -0.59 -0.59 -0.22519549 -0.378 -0.378 -0.478 -0.478 -0.478 -0.478 -0.47793842 -0.218 -0.218 -0.218 -0.21583121 -0.17 -0.17 0.072 0.072 -0.282 -0.282 -0.282 -0.282 0.456 0.456 0.456 0.456 0.752 0.752 0.752 0.82792309 0.828 0.828 0.748 0.748 0.748 0.748 1.172 1.172 1.172 1.556 1.556 1.5559916 1.408 1.408 1.36 1.36 1.24 1.24 1.284 
-0.57953815 -0.59 -0.59 -0.59 -0.59 -0.59 -0.378 -0.378 -0.378 -0.43152418 -0.478 -0.478 -0.478 -0.47799696 -0.218 -0.218 -0.218 -0.17 -0.17 -0.17 0.07198791 0.071997838 -0.282 -0.282 -0.282 -0.282 0.45594754 0.456 0.456 0.75193193 0.752 0.752 0.752 0.752 0.82798182 0.942 0.942 0.93864249 0.748 0.748 1.1719996 1.172 1.5448351 1.556 1.556 1.4080001 1.408 1.408 1.36 1.36 1.086 1.086 1.114 
-0.59 -0.59 -0.59 -0.59 -0.59 -0.59 -0.378 -0.378 -0.378 -0.378 -0.38200277 -0.382 -0.382 -0.382 -0.21800052 -0.29748523 -0.342 -0.342 -0.17031708 -0.17 -0.16999995 -0.28199949 -0.282 -0.282 -0.282 -0.282 -0.28146343 0.456 0.45601012 0.752 0.752 0.752 0.752 0.752 0.942 0.942 0.942 0.942 0.942 0.94199956 1.052 1.052 1.0519999 0.872 0.872 0.872 1.032 1.032 0.924 0.924 1.086 1.0860001 1.114 
-0.59 -0.59 -0.59 -0.59 -0.59 -0.59 -0.378 -0.378 -0.378 -0.382 -0.382 -0.382 -0.382 -0.382 -0.3714561 -0.342 -0.342 -0.342 -0.342 -0.342 -0.33378757 -0.282 -0.282 -0.282 -0.282 -0.26265698 0.33303473 0.43938665 0.75054028 0.752 0.752 0.752 0.752 0.75200042 0.942 0.942 0.942 0.942 0.942 0.99317174 1.052 1.052 1.052 0.872 0.872 0.872 1.032 1.032 0.924 0.924 0.804 1.0968991 1.114 
-0.59 -0.59 -0.59 -0.59 -0.59 -0.58999994 -0.37800005 -0.378 -0.37816602 -0.382 -0.382 -0.382 -0.382 -0.382 -0.38008135 -0.342 -0.342 -0.342 -0.342 -0.342 -0.342 0.23769957 0.33399914 0.334 0.334 0.334 0.334 0.334 0.5689254 0.57200213 0.572 0.572 0.572 0.57200027 0.942 0.942 0.942 0.942 0.942 1.052 1.052 1.052 1.052 1.0519999 0.87210902 0.94 1.032 0.92586839 0.924 0.804 0.804 0.79626737 0.432 
-0.59 -0.59 -0.59 -0.59 -0.59 -0.58998646 -0.37801143 -0.37800024 -0.38199999 -0.382 -0.382 -0.382 -0.382 -0.382 -0.38123889 -0.342 -0.342 -0.342 -0.342 -0.342 -0.342 0.334 0.334 0.334 0.334 0.334 0.334 0.334 0.5719343 0.572 0.572 0.572 0.572 0.572 0.67337996 0.942 0.942 0.942 0.942 1.052 1.052 1.052 1.052 1.0519713 0.94 0.94 0.93989972 0.924 0.924 0.804 0.804 0.432 0.432 
-0.59 -0.59 -0.59 -0.59 -0.59 -0.58971727 -0.37825177 -0.38154863 -0.382 -0.382 -0.382 -0.382 -0.382 -0.382 -0.38129973 -0.342 -0.342 -0.342 -0.342 -0.342 -0.24574988 0.334 0.334 0.334 0.334 0.334 0.334 0.334 0.57199905 0.572 0.572 0.572 0.572 0.572 0.572 0.70599994 0.3391583 0.13857002 0.1080525 1.015104 1.052 1.052 1.052 0.94000894 0.94 0.94168331 1.2219986 0.924 0.924 0.61205932 0.612 0.612 0.43200008 
-0.59 -0.59 -0.59 -0.59 -0.58999978 -0.588232 -0.37983109 -0.3819989 -0.382 -0.382 -0.382 -0.382 -0.382 -0.382 -0.38106594 -0.342 -0.342 -0.342 -0.342 -0.342 0.33399708 0.334 0.334 0.334 0.334 0.334 0.334 0.334 0.57199993 0.572 0.572 0.572 0.572 0.572 0.5719999 0.092 0.092 0.092 0.092000002 0.478 0.478 0.478 0.478 1.2219992 1.222 1.222 1.222 1.2219962 0.884 0.884 0.612 0.612 0.36129481 
-0.59 -0.59 -0.59 -0.58999998 -0.58999408 -0.58424633 -0.38209063 -0.38199995 -0.382 -0.382 -0.382 -0.382 -0.382 -0.382 -0.38064215 -0.34200002 -0.342 -0.342 -0.342 -0.33793145 0.334 0.334 0.334 0.334 0.334 0.334 0.334 0.334 0.57199995 0.572 0.572 0.572 0.572 0.572 0.09200044 0.092 0.092 0.092 0.092 0.478 0.478 0.478 0.478 0.6788024 1.222 1.222 1.222 0.88400378 0.884 0.884 0.252 0.252 0.252 
-0.59 -0.59 -0.58999999 -0.58999952 -0.58994198 -0.56862504 -0.3820284 -0.38199999 -0.382 -0.382 -0.382 -0.382 -0.382 -0.382 -0.38006809 -0.34200094 -0.342 -0.342 -0.34199923 0.32030317 0.334 0.334 0.334 0.334 0.334 0.334 0.334 0.334 0.57199978 0.572 0.572 0.572 0.572 -0.066340374 0.091999881 0.092 0.092 0.092 0.092 0.478 0.478 0.478 0.478 0.478 1.222 1.222 1.222 0.884 0.884 0.884 0.252 0.252 0.252 
-0.59 -0.58999999 -0.5899998 -0.58999432 -0.58965322 -0.46879281 -0.38201027 -0.38199999 -0.382 -0.382 -0.382 -0.382 -0.382 -0.38199992 -0.37938557 -0.34201461 -0.342 -0.34199998 -0.33850002 0.33394252 0.334 0.334 0.334 0.334 0.334 0.334 0.334 0.33400014 0.57199851 0.572 0.57199938 -0.22334058 -0.3 -0.3 -0.3 0.092 0.092 0.092 0.092 0.478 0.478 0.478 0.478 0.478 1.2219868 1.222 1.2219998 0.88400002 0.884 0.88399966 0.252 0.252 0.252 
