interpolatedSpi/04-05|23_1.tif
NCOLS 53
NROWS 52
XLLCORNER -116.03883
YLLCORNER 28.596182
DX 0.49850594
DY 0.49788537
NODATA_VALUE -9999
[rows 0 to 39 of 52, columns 0 to 52 of 53]
0.275 0.275 -0.27157265 -0.905 -0.535 -0.165 -0.435 0.185 -0.73319089 -0.35 -0.555 -0.405 -0.59000782 -0.685 -0.615 -0.615 -0.615 -0.45 -0.105 -0.105 -0.105 -0.10499412 0.50499999 -0.505 -0.505 -0.505 -0.55500007 -0.555 -0.555 -0.105 -0.105 -0.105 -0.105 -1.1799998 -1.18 -1.18 -1.18 -1.18 -1.18 -1.18 -0.51713994 -0.50994423 -0.29 -0.29 -0.29 -0.29 -0.290392 -0.53 -0.53 -0.53 -0.89499924 -0.895 -0.895
0.27498001 -0.175 -0.47499933 -0.38518541 -0.83992286 -0.315 0.035 0.055277504 0.05 -0.475 -0.49 -0.59 -0.59 -0.012250767 -0.68499123 -0.615 -0.45 -0.45 -0.10544983 -0.105 -0.105 -0.105 -0.48394516 -0.505 -0.505 -0.505 -0.20500002 -0.205 -0.105 -0.105 -0.105 -0.105 -0.105 -1.1799998 -1.18 -1.18 -1.18 -1.18 -1.18 -1.1439564 -0.96001338 -0.37129928 -0.29 -0.29 -0.29 -0.29 -0.29 -0.53 -0.53 -0.53 -0.56026615 -0.895 -0.895
0.084996903 0.085 0.105 -0.325 -0.635 0.195 -0.38 0.47 -0.385 -0.44 -0.66 -0.66 -1.34 -0.755 -0.01 -0.33 -0.45 -0.45 -0.45 0.20490988 0.205 0.205 -0.105 -0.505 -0.505 -0.505 -0.205 -0.205 -0.205 -0.105 -0.105 -0.105 -0.068894995 -1.1787093 -1.1785573 -1.0264203 -1.025 -1.025 -1.0168247 -0.96 -0.96 -0.95914324 -0.29 -0.29 -0.29 -0.29 -0.29 -0.53 -0.53 -0.53 -0.53 -0.895 -0.895
0.075 0.084999894 -0.44009498 -0.295 -0.625 -0.135 -0.1 -0.255 -0.11 -0.60959605 -0.6 -0.195 -0.505 -0.755 -0.735 -0.33 -0.16626241 -0.16519969 -0.075 0.205 0.205 -0.435 -0.105 -0.105 -0.505 -0.5049985 -0.205 -0.205 -0.205 -0.16 -0.088671895 -0.03 -0.03 -0.030000782 -1.025 -1.025 -1.025 -1.025 -0.96 -0.96 -0.96 -0.95999997 -0.29 -0.29 -0.29 -0.29 -0.29 -0.52999697 -0.53 -0.53 -0.53 -0.89498595 -0.895
0.075 -0.18000048 -0.44 -0.93634447 -0.625 -0.86 -1.0650691 -1.39 -1.705 -0.97000025 -0.81314276 -0.73491334 -0.13 -0.735 -0.735 -0.46142286 -0.165 -0.165 -0.075 -0.075 0.20499877 -0.435 0.02 0.765 0.145 0.14495314 -0.205 -0.205 -0.16 -0.16 -0.03 -0.03 -0.03 -0.085629202 -1.025 -1.025 -1.025 -0.96 -0.96 -0.96 -0.96 -0.95986148 -0.28999999 -0.29 -0.29 -0.29 -0.29 -0.2921363 -0.53 -0.52999709 -0.465 -0.465 -0.465
-0.34 -0.89 -0.99499999 -0.705 -0.865 -0.935 -0.925 -0.98453332 -1.11 -1.695 -1.505 -1.14 -1.1399993 -1.13 -1.13 0.14500845 0.145 -0.265 -0.265 -0.074999678 -0.015 -0.015 0.765 0.145 0.145 -0.055 -0.425 -0.425 0.054978786 -0.16 -0.03 -0.03 -0.325 -0.32504702 -0.7749677 -0.48 -0.48 -0.81150104 -0.96 -0.96 0.47321025 0.475 0.47499911 -0.90396704 -0.91493092 -0.91499983 -0.91499998 -0.91499976 -0.69517041 -0.465 -0.465 -0.465 -0.465
0.37000931 -0.715 -0.61412577 -1.92 -1.295 -1.155 -0.845 -1.255 -1.82 -1.82 -1.505 -0.695 -0.68499997 -1.13 0.17999608 0.18 0.145 0.27 0.29 0.29 0.13344844 0.3 0.3 -0.024999998 -0.055 -0.055 -0.425 -0.425 0.05492628 0.053642758 0.1458077 -0.325 -0.325 -0.775 -0.775 -0.63249921 -0.48 -0.48 -0.48 0.47499867 0.475 0.475 0.47499384 -0.9149969 -0.915 -0.915 -0.915 -0.9149999 -0.74 -0.4650545 -0.465 -0.465 -0.465
0.37 -0.38 0.025 -1.97 -1.8600063 -1.66 -1.695 -1.71 -1.155 -0.89 -0.89 -0.58 -0.685 -0.685 0.1740653 0.14356972 0.14 0.465 -0.0999996 0.29 0.13118282 0.18 0.225 0.915 0.91498639 -0.14 0.15 0.1499998 -1.2055673 -1.21 0.15 -0.75545959 -0.435 -0.775 -0.76416195 -0.76 -0.76 -0.48 -0.48 0.475 0.475 0.47499999 -0.35803744 -0.36000003 -0.915 -0.915 -0.915 -0.74000666 -0.74 -0.74 -0.465 -0.465 -0.465
-0.35420836 -0.37999999 0.015 -1.62 -1.425 -2.08 -1.935 -1.145 -1.705 -1.1308449 -1.045 -0.415 -0.415 -0.27 -0.26999784 -0.14420568 -0.145 -0.145 0.37875188 0.25499986 -0.395 -0.39499999 0.18 0.20726624 -0.033683856 -0.14 -0.185 0.15 0.01081354 0.01 -0.845 -0.43 -0.36452525 -0.91 -0.395 -0.465 -0.565 -1.3 -0.4503925 0.47350464 0.14 -0.16 -0.35991209 -0.36 -0.36312384 -0.915 -0.65500001 -0.74 -0.74 -0.74 -0.74 -0.39465329 0.52
-0.21 -0.21 0.18 -0.35 -2.235 -1.985 -1.035 -1.315 -0.805 -0.98496419 -1.045 -0.235 -0.27 -0.27 -0.04 -0.041440122 -0.145 -0.14504121 -0.35 0.255 0.255 0.17125818 0.18 -0.11499441 -0.115 -0.115 -0.185 -0.26 -0.26 0.01 0.0099999999 -0.42975344 -0.3 -0.91 -0.48 -0.465 -0.565 -0.875 -0.45 0.15995173 -0.15999999 -0.035104607 0.18 -0.36 -0.36 -0.655 -0.655 -0.655 -0.74 -0.74 0.1 0.1 0.10000016
-0.21 -0.21 -0.715 -0.88 -1.355 -0.315 -1.145 -0.83050894 -1.24 -1.705 -0.335 -0.69 -0.23560579 -0.04 -0.04 -0.040008075 -0.11 -0.12259633 -0.35 0.255 0.255 0.165 0.165 -0.115 -0.115 -0.115 -0.26 -0.26 -0.26 -0.08 -0.08 -0.080000363 -0.165 -0.165 -0.505 -0.56 -0.165 -0.44000528 0.12 0.17 0.17 -0.19999875 0.18 -0.36 0.15499992 0.18 0.42532716 0.43 0.11 0.11 0.1 0.1 0.1
-0.21 -0.42813619 -0.78541139 -1.6599808 -0.66 -0.97 -1.145 -0.83 -1.2399966 -1.6998484 -0.69000132 -0.69 -8.7667599e-15 -0.04 -0.04 -0.11 -0.11 -0.11001366 -0.35 0.255 0.23732583 0.165 0.165 -0.11498877 -0.115 0.0066262378 0.255 0.255 0.25499994 -0.08 -0.08 0.08 0.08 -0.16500093 -0.505 -0.33500014 -0.30851684 -0.44 -0.44 0.16999999 -0.2 -0.2 -0.19999737 0.155 0.155 0.18 0.43 0.43 0.11 0.11 0.1 0.1 0.1
0.305 -0.30186425 -0.26502298 -0.27509433 -0.66000181 -0.96999268 -1.145 -0.83387748 -1.2117468 -1.2521424 -2.5802404e-12 -2.8433369e-62 -7.6720697e-57 -1.877856e-20 -0.039994334 -0.11 -0.11 -0.11309878 -0.35 0.25495712 0.12 0.12 0.12 0.12 -0.11071243 0.255 0.255 0.255 0.255 0.25465385 0.08 0.08 0.08 0.08 -0.335 -0.335 -0.335 -0.43566055 -0.43755907 -0.115 -0.115 -0.19999543 -0.19498802 0.15496629 0.155 0.18 0.43 0.43 0.11 0.11 0.10003628 0.1 -0.2826757
0.305 -0.265 -0.265 -0.265 -0.265 -0.2650003 -1.1445519 -0.99600692 -1.13637 -0.0013469801 1.2310798e-14 4.7755097e-25 2.483761e-23 3.255081e-13 7.1930747e-08 -0.11 -0.11000004 -0.12646236 -0.34999513 0.12 0.12 0.12 0.12 0.12 0.10540917 -0.14228674 -0.28999989 -0.29 -0.29 -0.29 0.079999998 0.08 0.080000349 0.37 0.37 -0.335 0.24831503 0.265 -0.11499978 -0.115 -0.115 -0.115 -0.195 -0.195 -0.195 -0.19239034 -0.1363433 -0.14 -0.14 -0.14 -0.14 0.40499994 0.405
-0.41 -0.265 -0.265 -0.265 -0.265 -0.265 -0.26500006 -0.91528701 0.093398597 0.1 0.1 0.1 0.1 0.1 0.099999999 -0.62013359 -0.11835284 -0.14286409 0.11994099 0.12 0.12 0.12 0.12 0.11999959 -0.555 -0.555 -0.55499963 -0.29 -0.29 -0.2895895 -0.085 -0.085 0.37 0.37 0.37 0.28181979 0.265 0.265 0.265 -0.115 -0.115 -0.115 -0.195 -0.195 -0.195 -0.195 -0.14000001 -0.14 -0.14 -0.14 -0.14 0.405 0.405
-0.41 -0.35601815 -0.265 -0.265 -0.265 -0.265 -0.52494897 -0.525 -0.52499998 0.1 0.1 0.1 0.1 0.1 -0.062146142 -0.635 -0.635 -0.635 -0.2339197 -0.23499964 -0.235 -0.235 -0.235 -0.235 -0.555 -0.555 -0.555 -0.555 -0.29 -0.085 -0.085 -0.085 0.36999996 0.37 0.37 0.115 0.2648014 0.265 0.265 -0.11506425 -0.2436434 -0.54371482 -0.195 -0.195 -0.46416676 -0.465 -0.465 -0.14037919 -0.36919625 -0.36999998 -0.36999996 0.10504529 0.40499939
-0.41 -0.1715799 -0.2143954 -0.265 -0.265 -0.52484638 -0.525 -0.525 -0.525 -0.52049607 0.1 0.1 0.1 0.099999911 -0.635 -0.635 -0.635 -0.635 -0.23535731 -0.235 -0.235 -0.235 -0.235 -0.235 -0.55499999 -0.555 -0.555 -0.555 -0.55329045 -0.085 -0.085 -0.085 0.019999997 0.36996561 0.115 0.115 0.115 0.11094391 -0.49371313 -0.545 -0.545 -0.545 -0.45 -0.45 -0.465 -0.465 -0.465 -0.37 -0.37 -0.37 -0.37 0.105 0.105
-0.16505321 -0.165 -0.165 -0.165 -0.085 -0.52498865 -0.525 -0.525 -0.525 -0.525 0.014449511 0.099985275 0.099999968 -0.635 -0.635 -0.635 -0.635 -0.635 -0.58943824 -0.235 -0.235 -0.235 -0.235 -0.235 -0.27873583 -0.10500244 -0.105 -0.105 -0.105 -0.084999995 0.019999998 0.02 0.02 0.02 0.115 0.11499026 -0.255 -0.255 -0.54137892 -0.545 -0.545 -0.545 -0.45 -0.45 -0.46267748 -0.465 -0.465 -0.37 -0.37 -0.37 -0.36490676 0.105 0.105
-0.165 -0.165 -0.165 -0.12732681 -0.085 -0.085 -0.525 -0.525 -0.525 -0.525 -1.03 -1.03 -1.03 -0.635 -0.635 -0.635 -0.635 -0.63503057 -0.41 -0.41 -0.23500007 -0.235 -0.23548692 -0.255 -0.25364961 -0.105 -0.105 -0.105 -0.105 0.019987272 0.02 0.02 0.02 0.02 -0.2549987 -0.255 -0.255 -0.255 -0.25605302 -0.545 -0.545 -0.545 -0.45 -0.45 -0.45 -0.465 -0.465 -0.37 -0.37 -0.37 0.105 0.105 0.105
-0.165 -0.165 -0.165 -0.085 -0.085 -0.085 -0.085000672 -0.525 -0.525 -1.0294787 -1.03 -1.03 -1.03 -1.0297539 -0.78474315 -0.82 -0.82 -0.82 -0.41 -0.41 -0.41 -0.255 -0.255 -0.255 -0.25493697 -0.065660677 -0.105 -0.105 -0.105 -0.26747382 -0.32996558 -0.33 -0.33 -0.33 -0.49385561 -0.82999869 -0.83 -0.83 -0.83 0.039919955 0.04 0.04 -0.45 -0.45 0.4599962 0.45999982 -0.06 -0.06 -0.285 -0.285 -0.285 0.105 -0.22970047
-0.16500011 -0.165 -0.165 -0.085 -0.085 -0.085 -0.085000002 -0.26000008 -0.52394043 -1.0295965 -1.03 -1.03 -1.03 -1.0295879 -0.82 -0.82 -0.82 -0.81999988 -0.41 -0.41 -0.41 -0.255 -0.255 -0.255 -0.03 -0.03 0.115 0.115 0.115 0.11257239 -0.33 -0.33 -0.33 -0.33 -0.57986279 -0.83 -0.83 -0.83 -0.83 0.04 0.04 0.04 0.053214807 0.46 0.46 0.46 -0.06 -0.06 -0.285 -0.285 -0.285 -0.23 -0.23
-0.2 -0.18315575 -0.34 -0.33992602 -0.085 -0.25898746 -0.26 -0.26 -0.22356214 -0.58499999 -0.585 -0.585 -0.585 -0.16501367 -0.165 -0.8199995 -0.82 -0.8091971 -0.41 -0.41 -0.41 -0.11 -0.11 -0.11 -0.03 -0.03 0.115 0.115 0.115 0.11499975 -0.22500067 -0.22500029 -0.32736098 -0.32988743 -1.2489472 -1.25 -1.25 -1.25 -1.25 0.04 0.04 0.04 0.43687313 0.46 0.46 0.45999986 -0.06 -0.06 -0.0600081 -0.285 -0.28502079 -0.75 -0.23
0.064949676 0.06499993 -0.34 -0.34 -0.34 -0.26 -0.26 -0.26 -0.16 -0.16 -0.585 -0.585 -0.585 -0.165 -0.165 -0.165 -0.165 -0.16502968 -0.41 -0.41 -0.40999999 -0.11 -0.11 -0.11 -0.03 -0.03 0.115 0.115 0.115 -0.22116648 -0.225 -0.225 -0.225 -0.225 -1.2494942 -1.25 -1.25 -1.25 -1.25 -0.49999986 -0.5 -0.5 -0.5 0.45999379 -0.35 -0.35 -0.35 -0.895 -0.895 -0.895 -0.75 -0.75 -0.75
0.065 0.065 -0.34 -0.34 -0.34 -0.26042049 -0.26 -0.16 -0.16 -0.16 -0.58494768 -0.585 -0.25815011 -0.165 -0.165 -0.165 -0.165 -0.22 -0.22 -0.22 0.049999996 0.049999881 -0.10999922 -0.11 -0.10985304 0.1 0.1 0.10000004 0.11499758 -0.3649721 -0.36499925 -0.36497556 -0.22523927 -0.22512082 -1.0675366 -1.25 -1.2496649 -1.15 -1.15 -0.5 -0.5 -0.5 -0.5 -0.35 -0.35 -0.35 -0.35 -0.895 -0.895 -0.895 -0.75 -0.75 -0.75
0.065 0.065 -0.34 -0.34 -0.34 -0.34 -0.22257292 -0.16 -0.16 -0.16 -0.16001381 -0.185 -0.185 -0.185 -0.16511786 -0.165 -0.21963349 -0.22 -0.22 -0.22 0.05 0.05 0.05 0.05 0.1 0.1 0.1 0.1 0.1 -0.365 -0.365 -0.365 -0.365 -0.36500217 -1.395 -1.15 -1.15 -1.15 -1.15 -1.1499986 -0.81 -0.81 -0.81 -0.78233743 -0.725 -0.725 -0.725 -0.895 -0.89500024 -1.14 -1.14 -0.75999757 -0.76
0.065 0.065 -0.19382344 -0.34 -0.34 -0.34000001 -0.56927244 -0.16129209 -0.16 -0.16 -0.18500005 -0.185 -0.185 -0.185 -0.185 -0.18336587 -0.22 -0.22 -0.22 -0.22 0.049997911 0.05 0.05 0.05 0.1 0.1 0.1 0.1 0.1 -0.14331307 -0.365 -0.365 -0.365 -1.395 -1.395 -1.3948098 -1.15 -1.15 -1.3835531 -1.565 -0.81 -0.81 -0.81 -0.78405347 -0.725 -0.725 -0.725 -1.285 -1.1418067 -1.14 -1.14 -0.76 -0.76
-0.47 -0.47 -0.47 -0.37259457 -0.34022953 -0.57 -0.57 -0.57 -0.57 -0.42 -0.42 -0.18500002 -0.185 -0.185 -0.185 -0.18500224 -0.22 -0.22 -0.22 -0.22 -0.067819242 0.05 0.05 0.060206463 0.42486018 0.1 0.1 0.1 -0.065 -0.065 -0.065 -0.065001259 -1.395 -1.395 -1.395 -1.395 -1.565 -1.565 -1.565 -1.565 -0.795 -0.795 -0.795 -1.1099937 -1.11 -1.11 -1.1099999 -1.285 -1.285 -1.1401767 -1.14 -0.76000154 -0.76
-0.47 -0.47 -0.47 -0.47000135 -0.495 -0.50590623 -0.57 -0.57 -0.57 -0.42 -0.42 -0.42 -0.83999997 -0.84 -0.84 -0.83999998 -0.22065946 -0.22 -0.22 -0.22 -0.21588455 0.43999893 0.44 0.44 0.44 0.43999999 0.1 0.1 -0.065 -0.065 -0.065 -0.065 -1.3949997 -1.395 -1.395 -1.3949617 -1.565 -1.565 -1.565 -1.5635304 -0.795 -0.795 -0.795 -1.1099854 -1.11 -1.11 -1.11 -1.285 -1.285 -1.285 -1.065 -1.065 -1.135
-0.47 -0.47 -0.47 -0.49499994 -0.495 -0.495 -0.56999997 -0.57 -0.57 -0.42 -0.42 -0.42 -0.84 -0.84 -0.84 -0.82019852 -0.58 -0.58 -0.57999907 -0.22203337 0.44 0.44 0.44 0.44 0.44 0.43974413 0.1 0.1 0.1 -0.065 -0.065 -0.065051493 -0.925 -0.925 -0.925 -1 -1 -1.23 -1.23 -1.23 -0.24 -0.79482591 -0.79500463 -1.415 -1.415 -1.4034408 -1.1100011 -1.285 -1.285 -1.065 -1.065 -1.065 -1.135
-0.47 -0.47 -0.47 -0.495 -0.495 -0.495 -0.495 -0.57 -0.57 -0.42 -0.42 -0.82320606 -0.84 -0.84 -0.84 -0.58 -0.58 -0.58 -0.58 -0.58 0.44 0.44 0.44 0.44 0.44 0.10000116 0.1 0.1 0.1 -0.145 -0.145 -0.145 -0.925 -0.925 -0.925 -1 -1 -1.23 -1.23 -0.24 -0.24 -0.24 -1.415 -1.415 -1.415 -1.415 -1.4281436 -1.575 -1.575 -1.575 -1.065 -0.78 -0.78
-0.47 -0.47 -0.47003481 -0.495 -0.495 -0.495 -0.495 -0.59972129 -0.605 -0.60468238 -0.42000001 -0.83999539 -0.84 -0.84 -0.8399991 -0.58 -0.58 -0.58 -0.58 -0.58 -0.092307329 0.44 0.44 0.44 0.44006488 0.10003685 0.1 0.1 0.1 -0.145 -0.145 -0.145 -0.14511349 -0.925 -1 -1 -1 -1.0000094 -1.2299325 -0.24 -0.24 -0.24 -1.4149287 -1.415 -1.415 -1.415 -1.5750013 -1.575 -1.575 -1.575 -0.78 -0.78 -0.78
-0.685 -0.68499962 -0.49499356 -0.495 -0.495 -0.495 -0.60497659 -0.605 -0.605 -0.605 -0.785 -0.785 -0.785 -0.785 -0.58094616 -0.58 -0.58 -0.58 -0.58 -0.11500028 -0.115 -0.115 0.75499995 0.755 0.755 0.755 0.69846508 0.1 -0.25498546 -0.255 -0.255 -0.255 -0.255 -0.865 -0.865 -0.865 -0.865 -0.865 -0.63 -0.63 -0.63 -0.63 -0.63 -1.7045628 -1.705 -1.705 -1.705 -1.575 -1.575 -1.575 -0.78012525 -0.78 -0.78
-0.685 -0.685 -0.6838278 -0.5449999 -0.54499999 -0.54505845 -0.605 -0.605 -0.605 -0.605 -0.785 -0.785 -0.785 -0.785 -0.785 -0.58 -0.58 -0.58 -0.11500012 -0.115 -0.115 -0.115 0.755 0.755 0.755 0.755 0.755 0.7548604 -0.25470459 -0.255 -0.255 -0.255 -0.25488133 -0.71760558 -0.86484738 -0.865 -0.865 -0.865 -0.63 -0.63 -0.63 -0.63 -0.63 -1.705 -1.705 -1.705 -1.705 -1.6442095 -1.575 -1.1102438 -1.105 -0.71 -0.71
-0.685 -0.685 -0.54501773 -0.545 -0.545 -0.545 -0.56023975 -0.605 -0.605 -0.605 -0.785 -0.785 -0.785 -0.785 -0.785 -0.58015628 -0.58 -0.11513633 -0.115 -0.115 -0.115 -0.115 0.43270286 0.755 0.755 0.755 0.755 0.75482652 0.51 0.51 0.51 0.51 0.51 -0.605 -0.605 -0.605 -0.605 -0.605 -0.985 -0.985 -0.985 -0.985 -0.985 -1.7040844 -1.7049998 -1.705 -1.7049364 -1.697265 -1.105 -1.105 -1.105 -0.71000221 -0.71
-0.68499971 -0.53302188 -0.545 -0.545 -0.545 -0.545 -0.545 -0.60497445 -0.605 -0.605 -0.785 -0.785 -0.785 -0.785 -0.62855382 -0.625 -0.625 -0.11501313 -0.115 -0.115 -0.115 -0.115 -0.11499995 0.755 0.755 0.755 0.755 0.59999992 0.59999996 0.58084581 0.51 0.51 0.51 -0.605 -0.605 -0.605 -0.605 -0.60456315 -0.985 -0.985 -0.985 -0.985 -0.98498238 -1.33 -1.33 -1.33 -1.33 -1.3299819 -1.105 -1.105 -1.105 -1.1049998 -0.82330635
-0.53 -0.53 -0.54314275 -0.545 -0.545 -0.545 -0.545 -0.545 -0.60497467 -0.71 -0.71 -0.71 -0.71017799 -0.62500023 -0.625 -0.625 -0.625 -0.625 -0.11500042 -0.11859004 -0.15 -0.15 -0.15 0.079011217 0.73218963 0.61013569 0.5072204 0.6 0.6 0.6 0.6 0.6 0.58940567 0.039214313 0.04 0.04 0.04 0.04 -0.94179327 -0.75500041 -0.755 -0.755 -0.755 -1.0500008 -1.3299999 -1.33 -1.33 -0.65 -1.1049927 -1.105 -1.105 -0.825 -0.825
-0.53 -0.53 -0.6 -0.6 -0.6 -0.54501832 -0.545 -0.545 -0.71 -0.71 -0.71 -0.71 -0.71 -0.625 -0.625 -0.625 -0.625 -0.625 -0.15 -0.15 -0.15 -0.15 -0.15 0.46999997 0.47 0.47 0.47 0.6 0.6 0.6 0.6 0.6 -0.03 -0.03 0.04 0.04 0.04 0.099989782 0.1 -0.755 -0.755 -0.755 -0.75500001 -1.05 -1.05 -1.05 -0.65 -0.65 -0.65 -0.77 -0.77 -0.825 -0.825
-0.53 -0.53 -0.6 -0.6 -0.6 -0.6 -0.59999709 -0.07 -0.70939742 -0.71 -0.71 -0.71 -0.71 -0.6260603 -0.625 -0.625 -0.625 -0.625 -0.15000001 -0.15 -0.15 -0.15 -0.15 0.47 0.47 0.47 0.47 0.47000054 0.6 0.6 0.6 -0.02996697 -0.03 -0.03 -0.03 0.04 0.099999999 0.1 0.1 0.077503348 -0.78872034 -0.795 -0.795 -1.05 -1.05 -1.05 -0.65 -0.65 -0.65 -0.77 -0.77 -0.77 -0.19552713
-0.62 -0.61999929 -0.6 -0.6 -0.6 -0.6 -0.07 -0.07 -0.07 -0.71 -0.71 -0.71 -0.71 -0.70997358 -0.625 -0.625 -0.625 -0.625 -0.15000842 -0.15 -0.15 -0.15 0.36077167 0.47 0.47 0.47 0.47 0.63999986 0.64 0.64 0.60040577 -0.03 -0.03 -0.03 -0.03000032 -0.365 0.1 0.1 0.1 0.099999992 -0.795 -0.795 -0.795 -0.53 -0.53 -0.53 0.089927934 -0.65 -0.65 -0.77 -0.77 -0.77 -0.13000011
-0.62 -0.62 -0.6 -0.6 -0.6 -0.07 -0.07 -0.07 -0.07 -0.6398317 -0.71 -0.71 -0.71 -0.71000142 -1.2899235 -1.29 -1.29 -1.29 -0.087559346 -0.28 -0.28 -0.28 -0.28 0.47 0.47 0.47 0.47001121 0.64 0.64 0.64 0.64 -0.029965881 -0.21842781 -0.365 -0.365 -0.365 0.096900045 -0.72998272 -0.73 -0.73 -0.79477676 -0.51000001 -0.51 -0.53 -0.53 -0.52999738 0.09 0.09 -0.19 -0.19 -0.19 -0.095 -0.17
