interpolatedSpi/04-09|20_3.tif
NCOLS 53
NROWS 52
XLLCORNER -116.03883
YLLCORNER 28.596182
DX 0.49850594
DY 0.49788537
NODATA_VALUE -9999
[rows 0 to 30 of 52, columns 0 to 52 of 53]
0.575 0.575 0.13978206 -0.325 0.27833333 0.42333333 0.88666667 0.98166667 0.23004056 -0.081666667 -0.035 0.38666667 0.19005105 0.81 0.41333333 0.41333333 0.41333333 0.42 0.46833333 0.46833333 0.46833333 0.46833471 0.61166666 0.21 0.21 0.21 1.0233348 1.0233333 1.0233333 0.49333333 0.49333333 0.49333333 0.49333333 0.96499991 0.965 0.965 0.965 0.965 0.965 0.96500002 1.5981789 1.6048186 0.89333333 0.89333333 0.89333333 0.89333333 0.89398123 1.29 1.29 1.29 1.4949996 1.495 1.495
0.57497882 0.098333333 0.4000007 0.49248764 0.72816619 0.95833333 0.8 0.69205262 0.27166667 0.39 0.24833333 0.19 0.19 0.87312215 0.80999726 0.41333333 0.42 0.42 0.46827031 0.46833333 0.46833333 0.46833333 0.17885639 0.21 0.21 0.21 0.25833333 0.25833333 0.49333333 0.49333333 0.49333333 0.49333333 0.49333333 0.96499993 0.965 0.965 0.965 0.965 0.96499995 0.83192202 0.17003747 0.80556264 0.89333333 0.89333333 0.89333333 0.89333333 0.89333333 1.29 1.29 1.29 1.3069988 1.495 1.495
1.3316292 1.3316667 1.01 1.4733333 0.96 0.68 0.83333333 0.38666667 0.67166667 0.425 0.67833333 -0.08 -0.525 0.25833333 0.87333333 1.0816667 0.42 0.42 0.42 0.2850533 0.285 0.285 -0.38166667 0.21 0.21 0.21 0.25833333 0.25833333 0.25833333 0.49333333 0.49333333 0.49333328 -0.025776406 0.96220846 0.95815872 0.23673515 0.23 0.23 0.22245358 0.17 0.17 0.17092496 0.89333333 0.89333333 0.89333333 0.89333333 0.89333333 1.29 1.29 1.29 1.29 1.495 1.495
0.585 1.3316665 0.57331572 0.84 0.25 0.815 1.3933333 -0.015 0.67166667 0.53004309 0.73666667 0.67 0.37833333 0.25833333 0.675 1.0816667 -0.28612111 -0.29616453 -0.033333333 0.285 0.285 -0.78833333 -0.38166667 -0.38166667 0.21 0.21000024 0.25833333 0.25833333 0.25833333 -0.53 -0.56017728 -0.585 -0.585 -0.58499935 0.23 0.23 0.23 0.23 0.17 0.17 0.17 0.17000003 0.89333333 0.89333333 0.89333333 0.89333333 0.89333333 1.289995 1.29 1.29 1.29 1.4949125 1.495
0.585 0.1533341 0.57333333 0.69948222 0.25 0.92333333 0.70002537 0.40166667 0.17166667 0.44 0.42078273 0.41173781 0.90833333 0.675 0.675 0.92544449 -0.29666667 -0.29666667 -0.033333333 -0.033333333 0.28499781 -0.78833333 -0.74166667 -0.27 -0.38 -0.38006415 0.25833333 0.25833333 -0.53 -0.53 -0.585 -0.585 -0.585 -0.47405607 0.23 0.23 0.23 0.17 0.17 0.17 0.17 0.17002462 0.89333333 0.89333333 0.89333333 0.89333333 0.89333333 0.89686416 1.29 1.2898891 -1.1833333 -1.1833333 -1.1833333
-0.86333333 0.26666667 0.68666666 0.48166667 0.93 0.97666667 0.57166667 0.5499018 0.68666667 0.3 0.69166667 -0.11333333 -0.11333266 0.11833333 0.11833333 -0.19833213 -0.19833333 -0.45333333 -0.45333333 -0.033333849 -1.2033333 -1.2033333 -0.27 -0.38 -0.38 -0.655 -1.0683333 -1.0683333 -0.088373366 -0.53 -0.585 -0.585 0.0033333333 0.0033394284 0.061662356 -0.3 -0.3 0.024594771 0.17 0.17 0.42468196 0.425 0.42500065 -0.62275594 -0.64982943 -0.64999959 -0.64999995 -0.64999943 -1.3757689 -1.1833333 -1.1833333 -1.1833333 -1.1833333
-0.77166878 -0.15666667 -0.52276978 0.41 1.1583333 0.41 0.50166667 0.705 0.37666667 0.37666667 0.69166667 0.073333333 -0.35500009 0.11833333 -0.1933324 -0.19333333 -0.19833333 -0.44333333 -0.61833333 -0.61833333 -1.1734866 -1.14 -1.14 -1.1833333 -0.655 -0.655 -1.0683333 -1.0683333 -0.088330128 -0.088274323 0.5382298 0.0033333333 0.0033333333 0.061666667 0.061666666 -0.78019097 -0.3 -0.3 -1.4199612 0.42499743 0.425 0.425 0.4250023 -0.64999723 -0.65 -0.65 -0.65 -0.65000051 -1.5016667 -1.1833964 -1.1833333 -1.1833333 -1.1833333
-0.77166667 -1.0616667 -0.31 -0.79666667 -1.1716452 -0.25666667 0.061666667 -0.17666665 -0.10333333 -0.18833333 -0.18833333 -0.76 -0.355 -0.355 -0.19444252 -0.29048074 -0.3 -0.295 -0.60000002 -0.61833333 -1.0711762 -1.03 -1.355 -1.0566667 -1.056668 -1.1583333 -1.4183333 -1.4183332 -0.033526061 -0.033333322 0.54 0.26781515 0.14666667 0.061666667 0.043508167 -1.1816667 -1.1816667 -1.42 -1.42 0.425 0.425 0.42500001 -0.15306103 -0.15333336 -0.65 -0.65 -0.65 -1.5016342 -1.5016667 -1.5016667 -1.1833333 -1.1833333 -1.1833333
-1.0573681 -1.0616667 -0.72 -0.61833333 -0.061666667 -0.41666667 -0.12166667 0.70166667 0.515 0.37411936 -0.19166667 -0.36833333 -0.36833333 -0.89666667 -0.89666142 -0.67894091 -0.68 -0.68 -0.34155872 -1.575 -1.515 -1.515 -1.0033333 -1.2164139 -1.148088 -1.1583333 -1.1716667 -1.4183333 -0.81850597 -0.815 0.30166667 1.155 0.70003034 -0.57333333 -0.575 -0.77166667 -0.82 -0.74666667 -0.96323329 0.42630193 0.71666667 -0.19166666 -0.15332492 -0.15333333 -0.15612884 -0.65 -1.1533333 -1.5016667 -1.5016667 -1.5016667 -1.5016667 -1.2418518 -0.93833333
-1.0333333 -1.0333333 -0.65 -0.665 -0.043333333 0.24333333 0.0083333333 0.22666667 0.66833333 0.33833128 -0.13166667 -0.22 -0.89666667 -0.89666667 -0.33833333 -0.34301945 -0.68 -0.6800628 -0.995 -1.575 -1.575 -1.56727 -1.0033333 -1.2416622 -1.2416667 -1.2416667 -1.1716667 -0.49833333 -0.49833333 -0.815 -0.815 1.1532867 0.25166667 -0.57333333 -0.18666667 -0.77166667 -0.82 -1.255 -0.96333333 0.65008722 -0.19166663 -0.15860612 -0.10166667 -0.15333333 -0.15333333 -1.1533333 -1.1533333 -1.1533333 -1.5016667 -1.5016667 -1.6533333 -1.6533333 -1.6533331
-1.0333333 -1.0333333 -1.15 -1.0333333 -0.74666667 -0.28833333 -0.49333332 0.10999827 -0.0033333333 0.016666667 0.005 -0.225 -0.22000766 -0.33833333 -0.33833333 -0.3383639 -0.60333333 -0.62388984 -0.995 -0.43833333 -0.43833333 -0.67166667 -0.67166667 -1.2416667 -1.2416667 -1.2416667 -0.49833333 -0.49833333 -0.49833333 -0.945 -0.945 -0.94499803 -0.38333333 -0.38333333 -0.35666667 -0.91166667 -0.605 -0.45500038 -1.1283333 0.67666667 0.67666667 0.20333233 -0.10166667 -0.15333333 -0.93333337 -1.1816667 -1.057083 -1.0566667 -1.4266667 -1.4266667 -1.6533333 -1.6533333 -1.6533333
-1.0333333 -1.0836797 -1.1002142 -1.1549915 -0.83 -0.905 -0.49333333 0.11 -0.0033323869 0.016445091 -0.22499969 -0.225 -0.35333333 -0.33833333 -0.33833333 -0.60333332 -0.60333333 -0.60335562 -0.995 -0.43833333 -0.48415525 -0.67166667 -0.67166667 -1.2416435 -1.2416667 -1.1885237 -1.08 -1.08 -1.0799999 -0.945 -0.945 -0.86 -0.86 -0.38333326 -0.35666667 -0.050000362 -0.58816242 -0.455 -0.455 0.67666665 0.20333333 0.20333333 0.20332506 -0.93333333 -0.93333333 -1.1816667 -1.0566667 -1.0566667 -1.4266667 -1.4266667 -1.6533333 -1.6533333 -1.6533333
-0.36833333 -0.055496626 0.036626631 0.028035384 -0.83000033 -0.90499823 -0.49333334 0.10257331 0.0044764924 -0.0028110798 -0.35333333 -0.35333333 -0.35333333 -0.35333333 -0.33833546 -0.60333333 -0.60333333 -0.60839037 -0.995 -0.43835229 -0.49166667 -0.49166667 -0.49166667 -0.49166667 -1.2288452 -1.08 -1.08 -1.08 -1.08 -1.0799037 -0.86 -0.86 -0.86 -0.86 -0.05 -0.05 -0.05 -0.4355247 -0.45101941 0.075 0.075 0.20332643 -0.50001483 -0.9332916 -0.93333333 -1.1816667 -1.0566667 -1.0566667 -1.4266667 -1.4266667 -1.652511 -1.6533333 -1.0670124
-0.36833333 0.036666667 0.036666667 0.036666667 0.036666667 0.03666627 -0.49438708 -0.20787316 0.025312373 -0.35295588 -0.35333333 -0.35333333 -0.35333333 -0.35333333 -0.35333329 -0.60333333 -0.6033334 -0.63019899 -0.99499291 -0.49166667 -0.49166667 -0.49166667 -0.49166667 -0.49166667 -0.50154064 -1.0302488 -1.0166667 -1.0166667 -1.0166667 -1.0166667 -0.86 -0.86 -0.86000008 -0.92833333 -0.92833333 -0.05 0.01967374 0.021666667 0.074999969 0.075 0.075 0.075 -0.5 -0.5 -0.5 -0.50474378 -1.0947766 -1.095 -1.095 -1.095 -1.095 0.30999959 0.31
-0.06 0.036666667 0.036666667 0.036666667 0.036666667 0.036666667 0.03666663 -0.39970147 -0.2933273 -0.295 -0.295 -0.295 -0.295 -0.295 -0.295 -0.54487065 -0.60252179 -0.65696556 -0.49172982 -0.49166667 -0.49166667 -0.49166667 -0.49166667 -0.49166694 -0.94833333 -0.94833333 -0.94833343 -1.0166667 -1.0166667 -1.0169203 -1.1433333 -1.1433333 -0.92833333 -0.92833333 -0.92833333 -0.130513 0.021666667 0.021666667 0.021666667 0.075 0.075 0.075 -0.5 -0.5 -0.5 -0.5 -1.095 -1.095 -1.095 -1.095 -1.095 0.31 0.31
-0.06 -0.024012098 0.036666667 0.036666667 0.036666667 0.036666667 -0.51989075 -0.52 -0.51999999 -0.295 -0.295 -0.295 -0.295 -0.295 -0.35125478 -0.55 -0.55 -0.55 -0.72927402 -0.72999976 -0.73 -0.73 -0.73 -0.73 -0.94833333 -0.94833333 -0.94833333 -0.94833333 -1.0166667 -1.1433333 -1.1433333 -1.1433333 -0.92833335 -0.92833333 -0.92833333 0.013333333 0.021655633 0.021666667 0.021666667 0.074917851 -0.08904527 -0.47169449 -0.5 -0.5 -0.54153808 -0.54166667 -0.54166667 -1.0931506 0.026068634 0.029999902 0.029999787 0.30999993 0.31
-0.059999999 -0.048646428 -0.0063472464 0.036666667 0.036666667 -0.51967109 -0.52 -0.52 -0.52 -0.51837859 -0.295 -0.295 -0.295 -0.29500003 -0.55 -0.55 -0.55 -0.55 -0.72983921 -0.73 -0.73 -0.73 -0.73 -0.73 -0.94833333 -0.94833333 -0.94833333 -0.94833333 -0.94904261 -1.1433333 -1.1433333 -1.1433333 -0.48666668 -0.92822689 0.013333333 0.013333333 0.013333333 0.0078559871 -0.44199736 -0.47333333 -0.47333333 -0.47333333 -0.52666667 -0.52666667 -0.54166667 -0.54166667 -0.54166667 0.029999993 0.03 0.03 0.03 0.31 0.31
-0.048150052 -0.048333333 -0.048333333 -0.048333336 -0.30833333 -0.51999454 -0.52 -0.52 -0.52 -0.52 -0.28831253 -0.29499885 -0.295 -0.55 -0.55 -0.55 -0.55 -0.55 -0.61808586 -0.73 -0.73 -0.73 -0.73 -0.73 -0.69875783 -0.4816692 -0.48166667 -0.48166667 -0.48166667 -1.1433333 -0.48666668 -0.48666667 -0.48666667 -0.48666667 0.013333333 0.01332021 -0.485 -0.485 -0.47347901 -0.47333333 -0.47333333 -0.47333333 -0.52666667 -0.52666667 -0.53934415 -0.54166667 -0.54166667 0.03 0.03 0.03 0.033002328 0.31 0.31
-0.048333333 -0.048333333 -0.048333333 -0.17077121 -0.30833333 -0.30833333 -0.52 -0.52 -0.52 -0.52 -0.20666667 -0.20666667 -0.20666667 -0.55 -0.55 -0.55 -0.55 -0.55005233 -1.405 -1.405 -0.73000027 -0.73 -0.73490973 -0.93166667 -0.92761551 -0.48166667 -0.48166667 -0.48166667 -0.48166667 -0.48666616 -0.48666667 -0.48666667 -0.48666667 -0.48666667 -0.48499825 -0.485 -0.485 -0.485 -0.48494814 -0.47333333 -0.47333333 -0.47333333 -0.52666667 -0.52666667 -0.52666667 -0.54166667 -0.54166667 0.029999992 0.03 0.03 0.31 0.31 0.31
-0.048333333 -0.048333333 -0.048333333 -0.30833333 -0.30833333 -0.30833333 -0.30833366 -0.52 -0.52 -0.20699012 -0.20666667 -0.20666667 -0.20666667 -0.20688058 -0.8063171 -0.86666667 -0.86666667 -0.86666667 -1.405 -1.405 -1.405 -0.93166667 -0.93166667 -0.93166667 -0.93159383 -0.58132629 -0.48166667 -0.48166667 -0.48166667 -0.14503244 -0.066707975 -0.066666667 -0.066666667 -0.066666667 -0.40624751 -0.29666709 -0.29666667 -0.29666667 -0.29666667 -0.36168195 -0.36166667 -0.36166667 -0.52666667 -0.52666667 0.14666386 0.14666662 0.021666667 0.021666667 0.14166667 0.14166667 0.14166667 0.31 0.45487035
-0.048332206 -0.048333333 -0.048333343 -0.30833333 -0.30833333 -0.30833333 -0.30833333 -0.35333338 -0.5193336 -0.20648229 -0.20666667 -0.20666667 -0.20666667 -0.20796177 -0.86666667 -0.86666667 -0.86666667 -0.86666682 -1.405 -1.405 -1.405 -0.93166667 -0.93166667 -0.93166667 -0.67166667 -0.67166667 -0.61166667 -0.61166667 -0.61166667 -0.60869352 -0.066666667 -0.066666667 -0.066666667 -0.066666667 -0.18160358 -0.29666667 -0.29666667 -0.29666667 -0.29666667 -0.36166667 -0.36166667 -0.36166667 -0.34567256 0.14666667 0.14666667 0.14666667 0.021666667 0.021666667 0.14166667 0.14166667 0.14166667 0.45499999 0.455
0.315 0.12740242 -0.49833333 -0.49827821 -0.30833333 -0.35307296 -0.35333333 -0.35333333 -0.26709706 -0.0033333359 -0.0033333333 -0.0033333333 -0.0033333333 -0.95663563 -0.95666667 -0.86666674 -0.86666667 -0.88085096 -1.405 -1.405 -1.405 -1.28 -1.28 -1.28 -0.67166667 -0.67166667 -0.61166667 -0.61166667 -0.61166667 -0.61166634 -0.16499938 -0.16499972 -0.069138127 -0.066772087 -0.67263905 -0.67333333 -0.67333333 -0.67333333 -0.67333333 -0.36166667 -0.36166667 -0.36166667 0.11867582 0.14666667 0.14666667 0.14666657 0.021666667 0.021666667 0.021670986 0.14166667 0.14167017 0.22 0.455
-0.17823965 -0.17833339 -0.49833333 -0.49833333 -0.49833333 -0.35333333 -0.35333333 -0.35333333 -0.11666667 -0.11666667 -0.0033333333 -0.0033333333 -0.0033333333 -0.95666667 -0.95666667 -0.95666667 -0.95666667 -0.95671608 -1.405 -1.405 -1.405 -1.28 -1.28 -1.28 -0.67166667 -0.67166667 -0.61166667 -0.61166667 -0.61166667 -0.1700362 -0.165 -0.165 -0.165 -0.165 -0.6730825 -0.67333333 -0.67333333 -0.67333333 -0.67333333 -0.9916665 -0.99166667 -0.99166667 -0.99166667 0.14666232 -0.42 -0.42 -0.42 0.165 0.165 0.165 0.22 0.22 0.22
-0.17833333 -0.17833333 -0.49833333 -0.49833333 -0.49833333 -0.35409548 -0.35333333 -0.11666667 -0.11666667 -0.11666667 -0.0033472848 -0.0033333333 -0.75236433 -0.95666666 -0.95666667 -0.95666667 -0.95666667 -1.4283333 -1.4283333 -1.4283333 -1.395 -1.3949999 -1.2800006 -1.28 -1.279761 -1.165 -1.165 -1.1649987 -0.61175609 -0.070018932 -0.070000506 -0.070016586 -0.16483764 -0.16491802 -0.58273605 -0.67333344 -0.67424375 -0.945 -0.945 -0.99166667 -0.99166667 -0.99166667 -0.99166667 -0.42 -0.42 -0.42 -0.42 0.165 0.165 0.165 0.22 0.22 0.22
-0.17833333 -0.17833333 -0.49833333 -0.49833333 -0.49833333 -0.49833333 -0.26475591 -0.11666667 -0.11666667 -0.11666667 -0.11711041 -0.92 -0.92 -0.92 -0.95645058 -0.95666667 -1.4251903 -1.4283333 -1.4283333 -1.4283333 -1.395 -1.395 -1.395 -1.395 -1.165 -1.165 -1.165 -1.165 -1.165 -0.07 -0.07 -0.07 -0.07 -0.070000495 -0.305 -0.945 -0.945 -0.945 -0.945 -0.9450013 -1.3483333 -1.3483333 -1.3483333 -1.1026446 -0.59333333 -0.59333333 -0.59333333 0.16499998 0.16499975 -0.088333333 -0.088333333 0.10669424 0.10666667
-0.17833333 -0.17833333 -0.3828358 -0.49833333 -0.49833333 -0.49833335 -1.3810856 -0.1206585 -0.11666667 -0.11666667 -0.92000006 -0.92 -0.92 -0.92 -0.92 -0.92308107 -1.4283333 -1.4283333 -1.4283333 -1.4283333 -1.3950003 -1.395 -1.395 -1.395 -1.165 -1.165 -1.165 -1.165 -1.165 -0.51953182 -0.07 -0.07 -0.07 -0.305 -0.305 -0.30549698 -0.945 -0.945 -0.84182394 -0.76166668 -1.3483333 -1.3483333 -1.3483333 -1.1051411 -0.59333333 -0.59333333 -0.59333333 -0.225 -0.090036187 -0.088333333 -0.088333333 0.10666667 0.10666667
-1.145 -1.145 -1.145 -0.66047044 -0.49993341 -1.3833333 -1.3833333 -1.3833333 -1.3833333 -1.1983333 -1.1983333 -0.92000002 -0.92 -0.92 -0.92 -0.92003222 -1.4283333 -1.4283333 -1.4283333 -1.4283333 -1.4095456 -1.395 -1.395 -1.3868436 -1.0869699 -1.165 -1.165 -1.165 -0.67833333 -0.67833333 -0.67833333 -0.67833078 -0.305 -0.305 -0.305 -0.305 -0.76166667 -0.76166667 -0.76166667 -0.76166667 -0.97 -0.97 -0.97 -0.41501116 -0.415 -0.415 -0.41500006 -0.225 -0.225 -0.088499854 -0.088333333 0.10666604 0.10666667
-1.145 -1.145 -1.145 -1.145024 -1.59 -1.5599473 -1.3833333 -1.3833333 -1.3833333 -1.1983333 -1.1983333 -1.1983333 -0.945 -0.945 -0.945 -0.94500001 -1.4280463 -1.4283333 -1.4283333 -1.4283333 -1.4278109 -1.0833342 -1.0833333 -1.0833333 -1.0833333 -1.0833333 -1.05 -1.05 -0.67833333 -0.67833333 -0.67833333 -0.67833333 -0.30500017 -0.305 -0.305 -0.30501901 -0.76166665 -0.76166667 -0.76166667 -0.75935627 -0.97 -0.97 -0.97 -0.41502574 -0.415 -0.415 -0.415 -0.225 -0.225 -0.22499997 -0.018333333 -0.018333333 0.27333333
-1.145 -1.145 -1.145 -1.589999 -1.59 -1.59 -1.3833334 -1.3833333 -1.3833333 -1.1983333 -1.1983333 -1.1983333 -0.945 -0.945 -0.945 -0.96987879 -1.2716667 -1.2716667 -1.2716671 -1.4274484 -1.0833333 -1.0833333 -1.0833333 -1.0833333 -1.0833333 -1.0833082 -1.05 -1.05 -1.05 -0.67833333 -0.67833333 -0.67830866 -0.53833333 -0.53833333 -0.53833333 -0.13666667 -0.13666667 -0.235 -0.235 -0.235 0.25833333 -0.96961471 -0.96999097 0.24 0.24 0.21517624 -0.41499795 -0.225 -0.225 -0.018333333 -0.018333333 -0.018333333 0.27333333
-1.145 -1.145 -1.145 -1.59 -1.59 -1.59 -1.59 -1.3833333 -1.3833333 -1.1983333 -1.1983333 -0.95512968 -0.945 -0.945 -0.945 -1.2716667 -1.2716667 -1.2716667 -1.2716667 -1.2716667 -1.0833333 -1.0833333 -1.0833333 -1.0833333 -1.0833333 -1.0500001 -1.05 -1.05 -1.05 -0.64 -0.64 -0.64 -0.53833333 -0.53833333 -0.53833333 -0.13666667 -0.13666667 -0.235 -0.235 0.25833333 0.25833333 0.25833333 0.24 0.24 0.24 0.24 0.25163754 0.38166667 0.38166667 0.38166667 -0.018333325 0.41333333 0.41333333
-1.145 -1.145 -1.1456197 -1.59 -1.59 -1.59 -1.59 -1.4329181 -1.425 -1.4246108 -1.1983333 -0.94500866 -0.945 -0.945 -0.94500113 -1.2716667 -1.2716667 -1.2716667 -1.2716667 -1.2716667 -1.0897396 -1.0833333 -1.0833333 -1.0833333 -1.0833436 -1.0500047 -1.05 -1.05 -1.05 -0.64 -0.64 -0.64 -0.63998392 -0.53833333 -0.13666667 -0.13666667 -0.13666667 -0.13667061 -0.23496636 0.25833333 0.25833333 0.25833333 0.24000111 0.24 0.24 0.24 0.38166685 0.38166667 0.38166667 0.38166667 0.41333333 0.41333333 0.41333333
