interpolatedSpi/04-06|21_2.tif
NCOLS 53
NROWS 52
XLLCORNER -116.03883
YLLCORNER 28.596182
DX 0.49850594
DY 0.49788537
NODATA_VALUE -9999
[rows 0 to 38 of 52, columns 0 to 52 of 53]
-0.59 -0.59 -0.50224146 -0.8675 -0.7525 -1.04 -1.1625 -0.945 -0.91441047 -1.1525 -1.31 -0.9425 -1.3399341 -0.54 -0.9875 -0.9875 -0.9875 -0.6425 -0.3975 -0.3975 -0.3975 -0.39750041 -0.44 -0.555 -0.555 -0.555 0.25248825 0.2525 0.2525 -0.41 -0.41 -0.41 -0.41 -0.80749992 -0.8075 -0.8075 -0.8075 -0.8075 -0.8075 -0.80749998 0.075488706 0.08474907 -0.9 -0.9 -0.9 -0.9 -0.89888933 -0.22 -0.22 -0.22 1.1749971 1.175 1.175
-0.59003021 -1.27 -0.95499953 -1.0047188 -0.89007301 -0.6975 -0.615 -0.87024162 -0.9175 -1.285 -1.125 -1.34 -1.34 -0.61225825 -0.54000483 -0.9875 -0.6425 -0.6425 -0.39781945 -0.3975 -0.3975 -0.3975 -0.58079218 -0.555 -0.555 -0.555 -0.5125 -0.5125 -0.41 -0.41 -0.41 -0.41 -0.41 -0.80749994 -0.8075 -0.8075 -0.8075 -0.8075 -0.80749998 -0.80896302 -0.84997627 -0.89393266 -0.9 -0.9 -0.9 -0.9 -0.9 -0.22 -0.22 -0.22 -0.10432526 1.175 1.175
-1.0799843 -1.08 -0.55 -0.445 -0.7475 -0.9225 -0.355 -0.7 -0.9975 -1.01 -0.755 -1.1525 -0.4275 -1.0575 -0.6125 -1.41 -0.6425 -0.6425 -0.6425 -0.96233575 -0.9625 -0.9625 -1.045 -0.555 -0.555 -0.555 -0.5125 -0.5125 -0.5125 -0.41 -0.41 -0.41000001 -0.52433252 -0.80674268 -0.80461456 -0.50034068 -0.4975 -0.4975 -0.54183521 -0.85 -0.85 -0.85006394 -0.9 -0.9 -0.9 -0.9 -0.9 -0.22 -0.22 -0.22 -0.22 1.175 1.175
-0.0575 -1.08 -1.0600574 -0.2625 -0.985 -0.82 -0.5775 -0.745 -0.9825 -0.89084829 -1.0475 -1.475 -1.245 -1.0575 -1.03 -1.41 -1.4819453 -1.4819114 -1.6125 -0.9625 -0.9625 -1.5425 -1.045 -1.045 -0.555 -0.55499979 -0.5125 -0.5125 -0.5125 -0.83 -0.72986631 -0.6475 -0.6475 -0.64749988 -0.4975 -0.4975 -0.4975 -0.4975 -0.85 -0.85 -0.85 -0.85 -0.9 -0.9 -0.9 -0.9 -0.9 -0.22000858 -0.22 -0.22 -0.22 1.1749561 1.175
-0.0575 0.50749713 -1.06 -1.3477807 -0.985 -0.625 -1.0124916 -0.66 -0.67 -1.2149998 -1.2802201 -1.3148664 -0.3825 -1.03 -1.03 -1.2853964 -1.4825 -1.4825 -1.6125 -1.6125 -0.96250113 -1.5425 -1.205 -0.7975 -0.3075 -0.30746906 -0.5125 -0.5125 -0.83 -0.83 -0.6475 -0.6475 -0.6475 -0.59281382 -0.4975 -0.4975 -0.4975 -0.85 -0.85 -0.85 -0.85 -0.84996742 -0.89999999 -0.9 -0.9 -0.9 -0.9 -0.89394716 -0.22 -0.21999765 -0.1675 -0.1675 -0.1675
-1.3125 -0.345 -0.84749999 -0.9825 -1.475 -1.2675 -1.275 -1.1962624 -0.8875 -0.4675 -0.48 -0.0225 -0.022500237 -0.6625 -0.6625 -1.2125416 -1.2125 -1.0225 -1.0225 -1.6124991 -1.26 -1.26 -0.7975 -0.3075 -0.3075 -0.175 -0.585 -0.585 -0.30504765 -0.83 -0.6475 -0.6475 -0.3575 -0.3575256 -0.60248257 -1 -1 -0.89640592 -0.85 -0.85 -0.51292094 -0.5125 -0.51250005 -1.1873366 -1.1924677 -1.1924999 -1.1925 -1.1924999 -0.72311239 -0.1675 -0.1675 -0.1675 -0.1675
0.14500291 -0.2275 0.56610619 -0.5675 -1.1225 -1.52 -1.0075 -0.805 -0.7125 -0.7125 -0.48 -0.8375 -0.23500019 -0.6625 -1.3849978 -1.385 -1.2125 -1.315 -0.595 -0.595 -1.1574999 -1.0425 -1.0425 -0.1 -0.175 -0.175 -0.585 -0.585 -0.30499883 -0.30497854 -0.59902766 -0.3575 -0.3575 -0.6025 -0.6025 -1.0354016 -1 -1 -0.94250199 -0.5125006 -0.5125 -0.5125 -0.51250159 -1.1925003 -1.1925 -1.1925 -1.1925 -1.1924998 -0.835 -0.16763228 -0.1675 -0.1675 -0.1675
0.145 0.425 0.655 -1.105 -1.3849839 -1.2725 -1.095 -1.1675 -1.325 -1.1 -1.1 -0.9675 -0.235 -0.235 -1.3771099 -1.6058586 -1.6275 -0.955 -0.85249974 -0.595 -0.37252431 -0.3825 -0.4675 0.225 0.22499813 0.08 -0.27 -0.27000011 -0.28507008 -0.28500001 -0.6 -1.121806 -0.9225 -0.6025 -0.61761624 -1.065 -1.065 -0.9425 -0.9425 -0.5125 -0.5125 -0.5125 -1.2341447 -1.2375 -1.1925 -1.1925 -1.1925 -0.83501361 -0.835 -0.835 -0.1675 -0.1675 -0.1675
0.069606348 0.425 0.5575 0.115 -1.04 -1.2825 -1.375 -1.375 -1.345 -0.99213386 -0.8275 -0.69 -0.69 -0.7625 -0.7625023 -1.315871 -1.315 -1.315 -0.93935322 -0.7524999 -0.265 -0.265 -0.3575 -0.4241508 0.094612172 0.08 -0.175 -0.27 -0.77703639 -0.78 -1.1775 -0.6675 -0.85007488 -1.3075 -1.1325 -1.275 -1.23 -1.0175 -0.97252078 -0.51252232 -0.5175 -0.7975 -1.2373983 -1.2375 -1.2372467 -1.1925 -1.0725 -0.835 -0.835 -0.835 -0.835 -0.14041963 0.14
-1.9175 -1.9175 0.7 -0.0925 -0.98 -1.2125 -1.0825 -1.34 -1.435 -0.90252779 -1.03 0.17 -0.7625 -0.7625 -1.0075 -1.0117175 -1.315 -1.3149403 -0.99 -0.7525 -0.7525 -0.68969364 -0.3575 -0.40999901 -0.41 -0.41 -0.175 0.095 0.095 -0.78 -0.78 -0.66818752 -1.03 -1.3075 -0.6275 -1.275 -1.23 -0.8325 -0.9725 -0.73147073 -0.79749999 -0.72954221 -0.6125 -1.2375 -1.2375 -1.0725 -1.0725 -1.0725 -0.835 -0.835 0.05 0.05 0.050000034
-1.9175 -1.9175 -0.145 -1.1625 -0.9475 -0.6 -1.105 -0.97012983 -1.05 -0.895 -0.9 -0.465 0.16915325 -1.0075 -1.0075 -1.0075707 -1.62 -1.5869346 -0.99 -1.0575 -1.0575 -0.9375 -0.9375 -0.41 -0.41 -0.41 0.095 0.095 0.095 -1.785 -1.785 -1.7849988 -1.015 -1.015 -1.4425 -1.835 -1.21 -2.0649944 -1.215 -0.7275 -0.7275 -0.54750021 -0.6125 -1.2375 -1.1325 -1.04 -0.57216415 -0.57 -0.4075 -0.4075 0.05 0.05 0.05
-1.9175 -1.1523548 -0.57920354 -0.93249199 0.11 -1.2 -1.105 -0.97 -1.0499993 -0.89671721 -0.46500056 -0.465 -0.8175 -1.0075 -1.0075 -1.62 -1.62 -1.6199641 -0.99 -1.0575 -1.0339344 -0.9375 -0.9375 -0.41002146 -0.41 -0.52669544 -0.765 -0.765 -0.76499989 -1.785 -1.785 -1.635 -1.635 -1.0150012 -1.4425 -1.4275002 -1.2424718 -2.065 -2.065 -0.72749999 -0.5475 -0.5475 -0.54750424 -1.1325 -1.1325 -1.04 -0.57 -0.57 -0.4075 -0.4075 0.05 0.05 0.05
-2.71 -0.88497534 -0.9325073 -0.93248456 0.1099932 -1.1999691 -1.105 -0.97166177 -1.0444872 -1.0459525 -0.8175 -0.8175 -0.8175 -0.8175 -1.0074731 -1.62 -1.62 -1.6118657 -0.99 -1.0575328 -1.1725 -1.1725 -1.1725 -1.1725 -0.42319647 -0.765 -0.765 -0.765 -0.765 -0.76568972 -1.635 -1.635 -1.635 -1.635 -1.4275 -1.4275 -1.4275 -2.0335006 -2.0593483 -1.3125 -1.3125 -0.54754115 -0.81251095 -1.1324692 -1.1325 -1.04 -0.57 -0.57 -0.4075 -0.4075 0.048340239 0.05 0.26734841
-2.71 -0.9325 -0.9325 -0.9325 -0.9325 -0.9325001 -1.105243 -1.0411334 -1.0297795 -0.81774655 -0.8175 -0.8175 -0.8175 -0.8175 -0.81750017 -1.62 -1.6199999 -1.5767863 -0.99000937 -1.1725 -1.1725 -1.1725 -1.1725 -1.1725 -1.1793617 -1.0352867 -1.1074999 -1.1075 -1.1075 -1.1075 -1.635 -1.635 -1.6349997 -1.4175 -1.4175 -1.4275 -1.2111873 -1.205 -1.3124999 -1.3125 -1.3125 -1.3125 -0.8125 -0.8125 -0.8125 -0.81408319 -0.29440313 -0.2925 -0.2925 -0.2925 -0.2925 0.22249996 0.2225
-2.0675 -0.9325 -0.9325 -0.9325 -0.9325 -0.9325 -0.93250001 -1.0988517 -1.0474071 -1.0475 -1.0475 -1.0475 -1.0475 -1.0475 -1.0475 -0.96184173 -1.6094701 -1.5337318 -1.1724773 -1.1725 -1.1725 -1.1725 -1.1725 -1.1724998 -1.49 -1.49 -1.4899995 -1.1075 -1.1075 -1.1084061 -1.56 -1.56 -1.4175 -1.4175 -1.4175 -1.2390402 -1.205 -1.205 -1.205 -1.3125 -1.3125 -1.3125 -0.8125 -0.8125 -0.8125 -0.8125 -0.2925 -0.2925 -0.2925 -0.2925 -0.2925 0.2225 0.2225
-2.0675 -1.6449524 -0.9325 -0.9325 -0.9325 -0.9325 -1.1624549 -1.1625 -1.1625 -1.0475 -1.0475 -1.0475 -1.0475 -1.0475 -1.0281969 -0.96 -0.96 -0.96 -1.0428957 -1.0425001 -1.0425 -1.0425 -1.0425 -1.0425 -1.49 -1.49 -1.49 -1.49 -1.1075 -1.56 -1.56 -1.56 -1.4175 -1.4175 -1.4175 -1.13 -1.2049007 -1.205 -1.205 -1.3123741 -1.0611966 -0.47501057 -0.8125 -0.8125 -0.27665876 -0.275 -0.275 -0.29200749 0.0064516358 0.0074999739 0.0074999431 0.17750677 0.22249991
-2.0675 -1.6977056 -1.3145648 -0.9325 -0.9325 -1.1623641 -1.1625 -1.1625 -1.1625 -1.1616713 -1.0475 -1.0475 -1.0475 -1.0475 -0.96 -0.96 -0.96 -0.96 -1.0424263 -1.0425 -1.0425 -1.0425 -1.0425 -1.0425 -1.49 -1.49 -1.49 -1.49 -1.4902546 -1.56 -1.56 -1.56 -1.6825 -1.4174772 -1.13 -1.13 -1.13 -1.1269002 -0.51888338 -0.4725 -0.4725 -0.4725 -0.625 -0.625 -0.275 -0.275 -0.275 0.0074999965 0.0075 0.0075 0.0075 0.1775 0.1775
-1.6876011 -1.6875 -1.6875 -1.6875 -1.185 -1.1625006 -1.1625 -1.1625 -1.1625 -1.1625 -1.0312228 -1.0474972 -1.0475 -0.96 -0.96 -0.96 -0.96 -0.96 -0.9393223 -1.0425 -1.0425 -1.0425 -1.0425 -1.0425 -1.1684414 -1.0300025 -1.03 -1.03 -1.03 -1.56 -1.6825 -1.6825 -1.6825 -1.6825 -1.13 -1.1299926 -0.8475 -0.8475 -0.47718243 -0.4725 -0.4725 -0.4725 -0.625 -0.625 -0.32919205 -0.275 -0.275 0.0075 0.0075 0.0075 0.009322842 0.1775 0.1775
-1.6875 -1.6875 -1.6875 -1.4508653 -1.185 -1.185 -1.1625 -1.1625 -1.1625 -1.1625 -0.8325 -0.8325 -0.8325 -0.96 -0.96 -0.96 -0.96 -0.95986366 -0.53 -0.53 -1.0424998 -1.0425 -1.0521775 -1.44 -1.4363089 -1.03 -1.03 -1.03 -1.03 -1.6824336 -1.6825 -1.6825 -1.6825 -1.6825 -0.84750099 -0.8475 -0.8475 -0.8475 -0.84616168 -0.4725 -0.4725 -0.4725 -0.625 -0.625 -0.625 -0.275 -0.275 0.0074999855 0.0075 0.0074999987 0.1775 0.1775 0.1775
-1.6875 -1.6875 -1.6875 -1.185 -1.185 -1.185 -1.185 -1.1625 -1.1625 -0.83284065 -0.8325 -0.8325 -0.8325 -0.83257943 -0.29222651 -0.135 -0.135 -0.135 -0.53 -0.53 -0.53 -1.44 -1.44 -1.44 -1.4395686 -0.43728753 -1.03 -1.03 -1.03 -0.95581685 -0.80758606 -0.8075 -0.8075 -0.8075 -0.70730744 -0.51000077 -0.51 -0.51 -0.51 -0.44750342 -0.4475 -0.4475 -0.625 -0.625 -0.74249951 -0.7425 -0.74 -0.74 -0.51 -0.51 -0.51 0.1775 -0.36451494
-1.6874976 -1.6875 -1.6875 -1.185 -1.185 -1.185 -1.185 -0.90000008 -1.1614504 -0.8325 -0.8325 -0.8325 -0.8325 -0.83113131 -0.135 -0.135 -0.135 -0.13500011 -0.53 -0.53 -0.53 -1.44 -1.44 -1.44 0.1 0.1 -0.2 -0.2 -0.2 -0.2033141 -0.8075 -0.8075 -0.8075 -0.8075 -0.65883167 -0.51 -0.51 -0.51 -0.51 -0.4475 -0.4475 -0.4475 -0.45678183 -0.7425 -0.7425 -0.7425 -0.74 -0.74 -0.51 -0.51 -0.51 -0.365 -0.365
-0.93 -1.2754348 -1.0875 -1.0875283 -1.185 -0.901649 -0.9 -0.9 -0.93734881 -0.8325 -0.8325 -0.8325 -0.8325 0.33246208 0.3325 -0.13499964 -0.135 -0.14540767 -0.53 -0.53 -0.53 -0.2025 -0.2025 -0.2025 0.1 0.1 -0.2 -0.2 -0.2 -0.20000009 -0.31750311 -0.31750138 -0.79518459 -0.80697469 -0.45540052 -0.455 -0.455 -0.455 -0.455 -0.4475 -0.4475 -0.4475 -0.72625634 -0.7425 -0.7425 -0.74250001 -0.74 -0.74 -0.73999172 -0.51 -0.51002404 -1.0475 -0.365
-0.98748908 -0.98750002 -1.0875 -1.0875 -1.0875 -0.9 -0.9 -0.9 -1.0025 -1.0025 -0.8325 -0.8325 -0.8325 0.3325 0.3325 0.3325 0.3325 0.33240251 -0.53 -0.53 -0.52999999 -0.2025 -0.2025 -0.2025 0.1 0.1 -0.2 -0.2 -0.2 -0.31617518 -0.3175 -0.3175 -0.3175 -0.3175 -0.45493215 -0.455 -0.455 -0.455 -0.455 -0.39500001 -0.395 -0.395 -0.395 -0.74250056 -0.815 -0.815 -0.815 -1.0975 -1.0975 -1.0975 -1.0475 -1.0475 -1.0475
-0.9875 -0.9875 -1.0875 -1.0875 -1.0875 -0.90098553 -0.9 -1.0025 -1.0025 -1.0025 -0.83252093 -0.8325 -0.61800476 0.33249979 0.3325 0.3325 0.3325 -0.17 -0.17 -0.17 0.22499999 0.22499968 -0.20249792 -0.2025 -0.20211123 0.31 0.31 0.30999878 -0.19991758 0.26738342 0.26749689 0.26739787 -0.31650017 -0.31699515 -0.43012944 -0.45499979 -0.45315683 0.095 0.095 -0.395 -0.395 -0.395 -0.395 -0.815 -0.815 -0.815 -0.815 -1.0975 -1.0975 -1.0975 -1.0475 -1.0475 -1.0475
-0.9875 -0.9875 -1.0875 -1.0875 -1.0875 -1.0875 -0.93836276 -1.0025 -1.0025 -1.0025 -1.0022611 -0.57 -0.57 -0.57 0.32718136 0.3325 -0.16665146 -0.17 -0.17 -0.17 0.225 0.225 0.225 0.225 0.31 0.31 0.31 0.31 0.31 0.2675 0.2675 0.2675 0.2675 0.26750063 0.5675 0.095 0.095 0.095 0.095 0.094998561 -0.2825 -0.2825 -0.2825 -0.45903707 -0.825 -0.825 -0.825 -1.0975 -1.0974993 -0.425 -0.425 -0.28768489 -0.2875
-0.9875 -0.9875 -1.051407 -1.0875 -1.0875 -1.0875 -1.2071362 -1.003146 -1.0025 -1.0025 -0.57000008 -0.57 -0.57 -0.57 -0.57 -0.49596548 -0.17 -0.17 -0.17 -0.17 0.22499694 0.225 0.225 0.225 0.31 0.31 0.31 0.31 0.31 0.65545212 0.2675 0.2675 0.2675 0.5675 0.5675 0.56713309 0.095 0.095 0.47768939 0.77499994 -0.2825 -0.2825 -0.2825 -0.4547282 -0.825 -0.825 -0.825 0.275 -0.41627807 -0.425 -0.425 -0.2875 -0.2875
-0.4125 -0.4125 -0.4125 -0.91825895 -1.0873109 -1.2075 -1.2075 -1.2075 -1.2075 -0.9275 -0.9275 -0.57000003 -0.57 -0.57 -0.57 -0.56997464 -0.17 -0.17 -0.17 -0.17 0.052634813 0.225 0.225 0.24783369 1.0624335 0.31 0.31 0.31 0.7925 0.7925 0.7925 0.7924978 0.5675 0.5675 0.5675 0.5675 0.775 0.775 0.775 0.775 -0.0275 -0.0275 -0.0275 -0.24249568 -0.2425 -0.2425 -0.24250018 0.275 0.275 -0.42414709 -0.425 -0.28749458 -0.2875
-0.4125 -0.4125 -0.4125 -0.41252921 -0.955 -0.99171765 -1.2075 -1.2075 -1.2075 -0.9275 -0.9275 -0.9275 -0.31000001 -0.31 -0.31 -0.31000001 -0.17091133 -0.17 -0.17 -0.17 -0.16396276 1.0974976 1.0975 1.0975 1.0975 1.0975 1.36 1.36 0.7925 0.7925 0.7925 0.7925 0.56750041 0.5675 0.5675 0.56754663 0.77499999 0.775 0.775 0.77384846 -0.0275 -0.0275 -0.0275 -0.24249003 -0.2425 -0.2425 -0.2425 0.275 0.275 0.27500007 0.7875 0.7875 0.4825
-0.4125 -0.4125 -0.4125 -0.95499875 -0.955 -0.955 -1.2074999 -1.2075 -1.2075 -0.9275 -0.9275 -0.9275 -0.31 -0.31 -0.31 -0.33722704 -0.6675 -0.6675 -0.66749871 -0.17281 1.0975 1.0975 1.0975 1.0975 1.0975 1.0976975 1.36 1.36 1.36 0.7925 0.7925 0.79253218 1.14 1.14 1.14 0.4025 0.4025 0.5125 0.5125 0.5125 0.2225 -0.027421582 -0.027497108 0.36 0.36 0.33716593 -0.24249753 0.275 0.275 0.7875 0.7875 0.7875 0.4825
-0.4125 -0.4125 -0.4125 -0.955 -0.955 -0.955 -0.955 -1.2075 -1.2075 -0.9275 -0.9275 -0.33469109 -0.31 -0.31 -0.31 -0.6675 -0.6675 -0.6675 -0.6675 -0.6675 1.0975 1.0975 1.0975 1.0975 1.0975 1.3599991 1.36 1.36 1.36 0.8425 0.8425 0.8425 1.14 1.14 1.14 0.4025 0.4025 0.5125 0.5125 0.2225 0.2225 0.2225 0.36 0.36 0.36 0.36 0.37992073 0.6025 0.6025 0.6025 0.7875 0.53 0.53
-0.4125 -0.4125 -0.41325546 -0.955 -0.955 -0.955 -0.955 -1.2310834 -1.245 -1.2444549 -0.92749999 -0.31002848 -0.31 -0.31 -0.31000124 -0.6675 -0.6675 -0.6675 -0.6675 -0.6675 0.24867603 1.0975 1.0975 1.0975 1.0974696 1.3599769 1.36 1.36 1.36 0.8425 0.8425 0.8425 0.84254438 1.14 0.4025 0.4025 0.4025 0.40250469 0.51248022 0.2225 0.2225 0.2225 0.35999165 0.36 0.36 0.36 0.60250223 0.6025 0.6025 0.6025 0.53 0.53 0.53
-0.7625 -0.76249939 -0.95470789 -0.955 -0.955 -0.955 -1.2449383 -1.245 -1.245 -1.245 -0.65000002 -0.65 -0.65 -0.65 -0.66741918 -0.6675 -0.6675 -0.6675 -0.6675 0.21249948 0.2125 0.2125 0.95000002 0.95 0.95 0.95 0.98538827 1.36 1.017514 1.0175 1.0175 1.0175 1.0175 0.6275 0.6275 0.6275 0.6275 0.6275 0.7425 0.7425 0.7425 0.7425 0.7425 0.82679528 0.8275 0.8275 0.8275 0.6025 0.6025 0.6025 0.53001142 0.53 0.53
-0.7625 -0.7625 -0.76099301 -0.58250075 -0.58250008 -0.58314608 -1.245 -1.245 -1.245 -1.245 -0.65 -0.65 -0.65 -0.65 -0.65 -0.6675 -0.6675 -0.6675 0.21249978 0.2125 0.2125 0.2125 0.95 0.95 0.95 0.95 0.95 0.95008682 1.0173784 1.0175 1.0175 1.0175 1.0174511 0.43333619 0.62729895 0.6275 0.6275 0.6275 0.7425 0.7425 0.7425 0.7425 0.7425 0.8275 0.8275 0.8275 0.8275 0.7222856 0.6025 0.17482537 0.17 -0.0625 -0.0625
-0.7625 -0.7625 -0.5825228 -0.5825 -0.5825 -0.5825 -0.75077221 -1.245 -1.245 -1.245 -0.65 -0.65 -0.65 -0.65 -0.65 -0.66748554 -0.6675 0.21224199 0.2125 0.2125 0.2125 0.2125 0.67678835 0.95 0.95 0.95 0.95 0.94982462 0.7025 0.7025 0.7025 0.7025 0.7025 0.285 0.285 0.285 0.285 0.285 0.3575 0.3575 0.3575 0.3575 0.3575 0.82723142 0.82749994 0.8275 0.82748135 0.82516172 0.17 0.17 0.17 -0.062498698 -0.0625
-0.76249979 -0.64974204 -0.58250001 -0.5825 -0.5825 -0.5825 -0.5825 -1.2447179 -1.245 -1.245 -0.65 -0.65 -0.65 -0.65 -0.54244325 -0.54 -0.54 0.21248063 0.2125 0.2125 0.2125 0.2125 0.21250002 0.95 0.95 0.95 0.95 0.45750025 0.45750011 0.50964195 0.7025 0.7025 0.7025 0.285 0.285 0.285 0.285 0.28486624 0.3575 0.3575 0.3575 0.3575 0.35749962 0.7175 0.7175 0.7175 0.7175 0.71745584 0.17 0.17 0.17 0.16999996 0.10253316
-0.6475 -0.6475 -0.646229 -0.5825 -0.5825 -0.5825 -0.5825 -0.5825 -1.2447162 -0.70750001 -0.7075 -0.7075 -0.70736354 -0.54000016 -0.54 -0.54 -0.54 -0.54 0.2124985 0.19967844 0.0875 0.0875 0.0875 0.30395881 0.89497499 0.60054661 0.35221829 0.4575 0.4575 0.4575 0.4575 0.4575 0.46362096 0.089043235 0.0875 0.0875 0.0875 0.0875 0.35656068 0.35250001 0.3525 0.3525 0.3525 0.52750056 0.71749995 0.7175 0.7175 0.5775 0.17000653 0.17 0.17 0.105 0.105
-0.6475 -0.6475 -0.72 -0.72 -0.72 -0.5825458 -0.5825 -0.5825 -0.7075 -0.7075 -0.7075 -0.7075 -0.7075 -0.54000001 -0.54 -0.54 -0.54 -0.54 0.0875 0.0875 0.0875 0.0875 0.0875 0.26249999 0.2625 0.2625 0.2625 0.4575 0.4575 0.4575 0.4575 0.4575 0.225 0.225 0.087500001 0.0875 0.0875 0.30246339 0.3025 0.3525 0.3525 0.3525 0.35249999 0.5275 0.5275 0.5275 0.5775 0.5775 0.5775 0.34 0.34 0.105 0.105
-0.6475 -0.6475 -0.72 -0.72 -0.72 -0.72 -0.72000018 -0.7525 -0.70754237 -0.7075 -0.7075 -0.7075 -0.7075 -0.54208941 -0.54 -0.54 -0.54 -0.54 0.087499988 0.0875 0.0875 0.0875 0.0875 0.2625 0.2625 0.2625 0.2625 0.26250081 0.4575 0.4575 0.4575 0.22501219 0.225 0.225 0.225 0.0875 0.3025 0.3025 0.3025 0.30381559 0.30191949 0.2925 0.2925 0.5275 0.5275 0.5275 0.5775 0.5775 0.5775 0.34 0.34 0.34 0.36086487
-1.19 -1.1899957 -0.72 -0.72 -0.72 -0.72 -0.7525 -0.7525 -0.7525 -0.7075 -0.7075 -0.7075 -0.7075 -0.70744793 -0.54 -0.54 -0.54 -0.54 0.087488925 0.0875 0.0875 0.087499999 0.23166934 0.2625 0.2625 0.2625 0.2625 0.46999983 0.47 0.47 0.45762547 0.225 0.225 0.225 0.22499986 0.082500002 0.3025 0.3025 0.3025 0.3025 0.2925 0.2925 0.2925 0.4475 0.4475 0.4475 0.36502069 0.5775 0.5775 0.34 0.34 0.34 0.38750044
