interpolatedSpi/04-06|22_2.tif
NCOLS 53
NROWS 52
XLLCORNER -116.03883
YLLCORNER 28.596182
DX 0.49850594
DY 0.49788537
NODATA_VALUE -9999
[rows 0 to 36 of 52, columns 0 to 52 of 53]
0.59 0.59 0.23944659 0.13 0.855 0.52 0.6125 0.65 0.26328603 -0.02 0.165 0.475 0.37752532 0.685 0.6225 0.6225 0.6225 0.6175 0.3625 0.3625 0.3625 0.36249225 -0.44249999 0.3325 0.3325 0.3325 0.76749325 0.7675 0.7675 0.5025 0.5025 0.5025 0.5025 1.4674998 1.4675 1.4675 1.4675 1.4675 1.4675 1.4675 0.56472481 0.55500675 0.58 0.58 0.58 0.58 0.57966925 0.3775 0.3775 0.3775 1.6549973 1.655 1.655
0.58994524 -0.6425 0.090000162 0.18703183 0.21269836 0.7625 0.625 0.70474403 0.2325 0.11 0.29 0.3775 0.3775 0.53550017 0.68499764 0.6225 0.6175 0.6175 0.36283249 0.3625 0.3625 0.3625 0.34947546 0.3325 0.3325 0.3325 0.80249997 0.8025 0.5025 0.5025 0.5025 0.5025 0.5025 1.4674999 1.4675 1.4675 1.4675 1.4675 1.4675 1.5428046 1.9699424 0.74866513 0.58 0.58 0.58 0.58 0.58 0.3775 0.3775 0.3775 0.48343152 1.655 1.655
0.43998376 0.44 0.23 0.7125 0.0525 -0.1625 0.2175 0.2275 -0.325 0.105 0.1 0.1025 0.32 0.44 0.535 -0.1225 0.6175 0.6175 0.6175 0.062587211 0.0625 0.0625 0.655 0.3325 0.3325 0.3325 0.8025 0.8025 0.8025 0.5025 0.5025 0.50250002 0.70468803 1.4668746 1.4667554 1.3882331 1.3875 1.3875 1.4607631 1.97 1.97 1.9682225 0.58 0.58 0.58 0.58 0.58 0.3775 0.3775 0.3775 0.3775 1.655 1.655
-0.0825 0.43999995 0.17250306 1.29 -0.1525 0.1 0.4425 -0.0475 0.0475 0.55503593 0.3275 -0.0825 -0.16 0.44 -0.6675 -0.1225 -0.69558158 -0.69907688 -0.345 0.0625 0.0625 -0.14 0.655 0.655 0.3325 0.33250235 0.8025 0.8025 0.8025 0.4325 0.70135209 0.9225 0.9225 0.92250036 1.3875 1.3875 1.3875 1.3875 1.97 1.97 1.97 1.9699999 0.58 0.58 0.58 0.58 0.58 0.37750255 0.3775 0.3775 0.3775 1.6549724 1.655
-0.0825 0.77999889 0.1725 0.1341874 -0.1525 0.055 0.53499099 0.55 0.18 0.52749979 0.13590075 -0.050036884 -0.3075 -0.6675 -0.6675 -0.31191477 -0.7 -0.7 -0.345 -0.345 0.062499583 -0.14 0.025 0.395 0.7925 0.79245615 0.8025 0.8025 0.4325 0.4325 0.9225 0.9225 0.9225 0.8857284 1.3875 1.3875 1.3875 1.97 1.97 1.97 1.97 1.969986 0.58000002 0.58 0.58 0.58 0.58 0.5781975 0.3775 0.37751939 0.81 0.81 0.81
-2.0675 -0.04 0.010000006 0.4325 -0.5375 0.2925 0.1475 0.19903153 0.3025 -0.22 -0.5225 -0.4025 -0.40249994 -0.145 -0.145 -0.53990705 -0.54 -0.2175 -0.2175 -0.34499975 -0.265 -0.265 0.395 0.7925 0.7925 0.605 0.595 0.595 0.8274636 0.4325 0.9225 0.9225 0.7275 0.72758019 1.494945 1.4975 1.4975 1.8238213 1.97 1.97 1.8251808 1.825 1.8250013 1.3020252 1.3149188 1.3149998 1.315 1.3149997 1.158554 0.81 0.81 0.81 0.81
-0.64501171 -1.3675 -0.97604106 -0.5825 -0.2225 -0.5175 -0.175 -0.51 -0.4425 -0.4425 -0.5225 -0.1275 -0.56249989 -0.145 -0.15499997 -0.155 -0.54 0.11 -0.0625 -0.0625 -0.34040238 -0.425 -0.425 0.4875 0.605 0.605 0.595 0.595 0.82747669 0.82707083 1.1602329 0.7275 0.7275 1.495 1.495 1.6431912 1.4975 1.4975 2.0699802 1.8250003 1.825 1.825 1.8250067 1.3150018 1.315 1.315 1.315 1.315 1.245 0.81008621 0.81 0.81 0.81
-0.645 0.2175 -0.315 -1.5875 -1.3925112 -0.7975 -1.0125 -0.885 -0.8725 -0.685 -0.685 -0.1525 -0.5625 -0.5625 -0.15779583 -0.57850199 -0.62 0.0025 -0.60499944 -0.0625 -0.059168739 0.02 -0.7525 0.089999996 0.089998484 -0.0275 0.5375 0.53750002 0.42890166 0.42750002 1.1625 0.40594757 0.7225 1.495 1.4979947 1.765 1.765 2.07 2.07 1.825 1.825 1.825 1.6389187 1.6375 1.315 1.315 1.315 1.2450027 1.245 1.245 0.81 0.81 0.81
0.02633842 0.2175 0.43 -0.9225 -1.105 -1.26 -0.91 -0.48 -0.4275 -0.23611497 -0.0325 -0.16 -0.16 0.3025 0.30249182 -0.36571071 -0.365 -0.365 -0.090235805 -0.48250009 -0.9125 -0.91249999 0.195 -0.37910582 -0.015659102 -0.0275 0.67 0.5375 1.3104819 1.315 0.3175 1.365 1.0766567 0.9625 1.6 1.53 1.985 1.3375 2.1171398 1.8274886 2.3825 1.84 1.6374951 1.6375 1.6356848 1.315 0.93750002 1.245 1.245 1.245 1.245 0.86260439 0.6875
-1.0425 -1.0425 0.3975 -0.655 -1.3025 -1.33 -1.2125 -1.275 -0.5725 -0.18761979 -0.1 0.585 0.3025 0.3025 -0.5675 -0.56472262 -0.365 -0.36503051 -0.5175 -0.4825 -0.4825 -0.53789843 0.195 0.79248869 0.7925 0.7925 0.67 0.6675 0.6675 1.315 1.315 1.3639142 0.7925 0.9625 1.425 1.53 1.985 1.7975 2.1175 1.3058707 1.84 1.7545936 1.6075 1.6375 1.6375 0.9375 0.9375 0.9375 1.245 1.245 1.2325 1.2325 1.2324998
-1.0425 -1.0425 -0.055 -0.495 -1.135 -1.0825 -1.455 -0.30540507 -0.6225 -0.5525 -0.3675 -0.7425 0.58323229 -0.5675 -0.5675 -0.56747289 -0.3325 -0.34220967 -0.5175 -0.2675 -0.2675 -0.52 -0.52 0.7925 0.7925 0.7925 0.6675 0.6675 0.6675 0.405 0.405 0.40500064 1.2975 1.2975 1.0525 0.9825 1.8075 1.4175008 1.8725 1.2925 1.2925 1.2700011 1.6075 1.6375 1.3700002 1.53 1.4950882 1.4975 1.84 1.84 1.2325 1.2325 1.2325
-1.0425 -0.61618246 -0.24276369 -0.66998865 0.0275 -1.5275 -1.455 -0.305 -0.62249735 -0.55327552 -0.74249975 -0.7425 -0.7475 -0.5675 -0.5675 -0.33250001 -0.3325 -0.33251053 -0.5175 -0.2675 -0.31708586 -0.52 -0.52 0.79244734 0.7925 0.68402254 0.4625 0.4625 0.46250003 0.405 0.405 0.265 0.265 1.2974993 1.0525 1.4775 1.7601954 1.4175 1.4175 1.2925 1.27 1.27 1.2700008 1.37 1.37 1.53 1.4975 1.4975 1.84 1.84 1.2325 1.2325 1.2325
0.3775 0.16067188 0.18497512 0.17881369 0.027491973 -1.5274633 -1.455 -0.31915584 -0.600621 -0.62067211 -0.7475 -0.7475 -0.7475 -0.7475 -0.5675255 -0.3325 -0.3325 -0.33488864 -0.5175 -0.26752112 -0.335 -0.335 -0.335 -0.335 0.77315145 0.4625 0.4625 0.4625 0.4625 0.46246715 0.265 0.265 0.265 0.265 1.4775 1.4775 1.4775 1.4205038 1.415153 1.105 1.105 1.2699911 1.3075021 1.369994 1.37 1.53 1.4975 1.4975 1.84 1.84 1.2347039 1.2325 1.6515736
0.3775 0.185 0.185 0.185 0.185 0.18499929 -1.4551854 -0.91090398 -0.54224988 -0.74736359 -0.7475 -0.7475 -0.7475 -0.7475 -0.74749991 -0.3325 -0.33250003 -0.34518974 -0.51749683 -0.335 -0.335 -0.335 -0.335 -0.335 -0.32110808 0.44917158 0.465 0.465 0.465 0.465 0.265 0.265 0.26500037 0.5725 0.5725 1.4775 1.2028558 1.195 1.1050001 1.105 1.105 1.105 1.3075 1.3075 1.3075 1.3090484 1.5596001 1.56 1.56 1.56 1.56 1.3775 1.3775
0.6925 0.185 0.185 0.185 0.185 0.185 0.18499989 -0.84962769 -0.62164832 -0.6225 -0.6225 -0.6225 -0.6225 -0.6225 -0.6225 0.22745859 -0.32335181 -0.35783257 -0.33502288 -0.335 -0.335 -0.335 -0.335 -0.33499928 0.3075 0.3075 0.30750022 0.465 0.465 0.46435922 0.145 0.145 0.5725 0.5725 0.5725 1.0952822 1.195 1.195 1.195 1.105 1.105 1.105 1.3075 1.3075 1.3075 1.3075 1.56 1.56 1.56 1.56 1.56 1.3775 1.3775
0.6925 0.50356352 0.185 0.185 0.185 0.185 -0.012461237 -0.0125 -0.012500015 -0.6225 -0.6225 -0.6225 -0.6225 -0.6225 -0.43112343 0.245 0.245 0.245 0.2856045 0.28749936 0.2875 0.2875 0.2875 0.2875 0.3075 0.3075 0.3075 0.3075 0.465 0.145 0.145 0.145 0.57249996 0.5725 0.5725 0.9725 1.1947054 1.195 1.195 1.1049132 0.93148099 0.52673349 1.3075 1.3075 0.59221425 0.59 0.59 1.5578571 0.26205165 0.25750011 0.25750025 0.65260964 1.3774985
0.6925 0.2253916 0.19891627 0.185 0.185 -0.012383308 -0.0125 -0.0125 -0.0125 -0.016895835 -0.6225 -0.6225 -0.6225 -0.6224999 0.245 0.245 0.245 0.245 0.28746204 0.2875 0.2875 0.2875 0.2875 0.2875 0.3075 0.3075 0.3075 0.3075 0.30690893 0.145 0.145 0.145 0.1225 0.57252982 0.9725 0.9725 0.9725 0.96800961 0.56741604 0.525 0.525 0.525 0.4325 0.4325 0.59 0.59 0.59 0.2575 0.2575 0.2575 0.2575 0.6525 0.6525
0.21289199 0.2125 0.2125 0.2125 -0.2875 -0.012507094 -0.0125 -0.0125 -0.0125 -0.0125 -0.53051432 -0.62248417 -0.62249997 0.245 0.245 0.245 0.245 0.245 0.2372843 0.2875 0.2875 0.2875 0.2875 0.2875 0.058019337 -0.32749656 -0.3275 -0.3275 -0.3275 0.145 0.1225 0.1225 0.1225 0.1225 0.9725 0.9724892 0.5625 0.5625 0.52546824 0.525 0.525 0.525 0.4325 0.4325 0.56561358 0.59 0.59 0.2575 0.2575 0.2575 0.26173543 0.6525 0.6525
0.2125 0.2125 0.2125 -0.022957459 -0.2875 -0.2875 -0.0125 -0.0125 -0.0125 -0.0125 0.5925 0.5925 0.5925 0.245 0.245 0.245 0.245 0.24499463 0.07 0.07 0.28749991 0.2875 0.2792833 -0.05 -0.052498212 -0.3275 -0.3275 -0.3275 -0.3275 0.12245418 0.1225 0.1225 0.1225 0.1225 0.56250144 0.5625 0.5625 0.5625 0.56232456 0.525 0.525 0.525 0.4325 0.4325 0.4325 0.59 0.59 0.2575 0.2575 0.2575 0.6525 0.6525 0.6525
0.2125 0.2125 0.2125 -0.2875 -0.2875 -0.2875 -0.28749958 -0.0125 -0.0125 0.59187547 0.5925 0.5925 0.5925 0.59228349 0.21869377 0.2125 0.2125 0.2125 0.07 0.07 0.07 -0.05 -0.05 -0.05 -0.050080537 -0.33274524 -0.3275 -0.3275 -0.3275 -0.3595638 -0.45744295 -0.4575 -0.4575 -0.4575 0.2466204 -0.19499828 -0.195 -0.195 -0.195 -0.17490422 -0.175 -0.175 0.4325 0.4325 -0.0074981631 -0.0074999398 0.1625 0.1625 0.2575 0.2575 0.2575 0.6525 0.35276824
0.21249898 0.2125 0.21249998 -0.2875 -0.2875 -0.2875 -0.28750001 -0.77499978 -0.015548773 0.59162723 0.5925 0.5925 0.5925 0.59175433 0.2125 0.2125 0.2125 0.21249996 0.07 0.07 0.07 -0.05 -0.05 -0.05 -0.3375 -0.3375 -0.6225 -0.6225 -0.6225 -0.62159987 -0.4575 -0.4575 -0.4575 -0.4575 -0.32632215 -0.195 -0.195 -0.195 -0.195 -0.175 -0.175 -0.175 -0.16972981 -0.0075 -0.0075 -0.0075 0.1625 0.1625 0.2575 0.2575 0.2575 0.3525 0.3525
-0.1175 0.015347587 -0.71 -0.70987743 -0.2875 -0.77217934 -0.775 -0.775 -0.72763078 -0.37000001 -0.37 -0.37 -0.37 0.14498324 0.145 0.21249995 0.2125 0.20874533 0.07 0.07 0.07 -0.5775 -0.5775 -0.5775 -0.3375 -0.3375 -0.6225 -0.6225 -0.6225 -0.62250035 -1.1074959 -1.1074982 -0.47383677 -0.45819684 -0.6772481 -0.6775 -0.6775 -0.6775 -0.6775 -0.175 -0.175 -0.175 -0.016723397 -0.0075 -0.0075 -0.0075000405 0.1625 0.1625 0.16250342 0.2575 0.25749206 0.08 0.3525
-0.3749511 -0.37500006 -0.71 -0.71 -0.71 -0.775 -0.775 -0.775 -0.645 -0.645 -0.37 -0.37 -0.37 0.145 0.145 0.145 0.145 0.14499193 0.07 0.07 0.069999975 -0.5775 -0.5775 -0.5775 -0.3375 -0.3375 -0.6225 -0.6225 -0.6225 -1.1020316 -1.1075 -1.1075 -1.1075 -1.1075 -0.67771218 -0.6775 -0.6775 -0.6775 -0.6775 -0.65749987 -0.6575 -0.6575 -0.6575 -0.0075017454 -0.235 -0.235 -0.235 0.16 0.16 0.16 0.08 0.08 0.08
-0.375 -0.375 -0.71 -0.71 -0.71 -0.77465835 -0.775 -0.645 -0.645 -0.645 -0.37003385 -0.37 -0.46192653 0.14499986 0.145 0.145 0.145 -0.31 -0.31 -0.31 -0.635 -0.63499996 -0.57750028 -0.5775 -0.57752599 -0.735 -0.735 -0.73499973 -0.62251818 -0.86254883 -0.8625013 -0.86254277 -1.1070813 -1.1072886 -0.75392623 -0.67750015 -0.67882373 -1.0725 -1.0725 -0.6575 -0.6575 -0.6575 -0.6575 -0.235 -0.235 -0.235 -0.235 0.16 0.16 0.16 0.08 0.08 0.08
-0.375 -0.375 -0.71 -0.71 -0.71 -0.71 -0.7263448 -0.645 -0.645 -0.645 -0.64491024 -0.4825 -0.4825 -0.4825 0.141302 0.145 -0.30696799 -0.31 -0.31 -0.31 -0.635 -0.635 -0.635 -0.635 -0.735 -0.735 -0.735 -0.735 -0.735 -0.8625 -0.8625 -0.8625 -0.8625 -0.86250018 -0.9475 -1.0725 -1.0725 -1.0725 -1.0725 -1.0724975 -0.3575 -0.3575 -0.3575 -0.22245502 0.0575 0.0575 0.0575 0.16 0.15999979 -0.0575 -0.0575 0.16747871 0.1675
-0.375 -0.375 -0.58908852 -0.71 -0.71 -0.71 -0.89705193 -0.64579574 -0.645 -0.645 -0.48250003 -0.4825 -0.4825 -0.4825 -0.4825 -0.43104018 -0.31 -0.31 -0.31 -0.31 -0.63499749 -0.635 -0.635 -0.635 -0.735 -0.735 -0.735 -0.735 -0.735 -1.0121387 -0.8625 -0.8625 -0.8625 -0.9475 -0.9475 -0.94759707 -1.0725 -1.0725 -0.69684534 -0.40500006 -0.3575 -0.3575 -0.3575 -0.2251169 0.0575 0.0575 0.0575 -0.245 -0.059836232 -0.0575 -0.0575 0.1675 0.1675
-0.8 -0.8 -0.8 -0.73256547 -0.71020324 -0.8975 -0.8975 -0.8975 -0.8975 -0.6075 -0.6075 -0.48250001 -0.4825 -0.4825 -0.4825 -0.48248908 -0.31 -0.31 -0.31 -0.31 -0.49318054 -0.635 -0.635 -0.63369148 -0.59167933 -0.735 -0.735 -0.735 -1.065 -1.065 -1.065 -1.0649991 -0.9475 -0.9475 -0.9475 -0.9475 -0.405 -0.405 -0.405 -0.405 -0.0325 -0.0325 -0.0325 -0.20999643 -0.21 -0.21 -0.20999992 -0.245 -0.245 -0.057728458 -0.0575 0.16750048 0.1675
-0.8 -0.8 -0.8 -0.80000256 -0.8475 -0.85477082 -0.8975 -0.8975 -0.8975 -0.6075 -0.6075 -0.6075 -0.72999999 -0.73 -0.73 -0.72999999 -0.31045338 -0.31 -0.31 -0.31 -0.31492543 -0.58500014 -0.585 -0.585 -0.585 -0.585 -0.71 -0.71 -1.065 -1.065 -1.065 -1.065 -0.94749991 -0.9475 -0.9475 -0.94748961 -0.40499999 -0.405 -0.405 -0.40345364 -0.0325 -0.0325 -0.0325 -0.20999177 -0.21 -0.21 -0.21 -0.245 -0.245 -0.24499993 0.2625 0.2625 0.1125
-0.8 -0.8 -0.8 -0.84749989 -0.8475 -0.8475 -0.89749998 -0.8975 -0.8975 -0.6075 -0.6075 -0.6075 -0.73 -0.73 -0.73 -0.71686248 -0.5575 -0.5575 -0.55749936 -0.31139795 -0.585 -0.585 -0.585 -0.585 -0.585 -0.58509407 -0.71 -0.71 -0.71 -1.065 -1.065 -1.0649839 -0.82 -0.82 -0.82 -0.1675 -0.1675 -0.0525 -0.0525 -0.0525 0.3625 -0.0323761 -0.03249903 0.0975 0.0975 0.0858461 -0.20999925 -0.245 -0.245 0.2625 0.2625 0.2625 0.1125
-0.8 -0.8 -0.8 -0.8475 -0.8475 -0.8475 -0.8475 -0.8975 -0.8975 -0.6075 -0.6075 -0.72510177 -0.73 -0.73 -0.73 -0.5575 -0.5575 -0.5575 -0.5575 -0.5575 -0.585 -0.585 -0.585 -0.585 -0.585 -0.70999957 -0.71 -0.71 -0.71 -1.04 -1.04 -1.04 -0.82 -0.82 -0.82 -0.1675 -0.1675 -0.0525 -0.0525 0.3625 0.3625 0.3625 0.0975 0.0975 0.0975 0.0975 0.12851062 0.475 0.475 0.475 0.26250001 0.5375 0.5375
-0.8 -0.8 -0.80006615 -0.8475 -0.8475 -0.8475 -0.8475 -1.335406 -1.36 -1.3587081 -0.60750001 -0.73001905 -0.73 -0.73 -0.7299994 -0.5575 -0.5575 -0.5575 -0.5575 -0.5575 -0.19900653 -0.585 -0.585 -0.585 -0.58492276 -0.70997187 -0.71 -0.71 -0.71 -1.04 -1.04 -1.04 -1.0399682 -0.82 -0.1675 -0.1675 -0.1675 -0.1674951 -0.052471698 0.3625 0.3625 0.3625 0.097516088 0.0975 0.0975 0.0975 0.47500087 0.475 0.475 0.475 0.5375 0.5375 0.5375
-1.5 -1.4999988 -0.84749805 -0.8475 -0.8475 -0.8475 -1.3598909 -1.36 -1.36 -1.36 -0.95750001 -0.9575 -0.9575 -0.9575 -0.55934612 -0.5575 -0.5575 -0.5575 -0.5575 -0.18250022 -0.1825 -0.1825 -0.21000006 -0.21 -0.21 -0.21 -0.25315643 -0.71 -1.0374866 -1.0375 -1.0375 -1.0375 -1.0375 0.069999998 0.07 0.07 0.07 0.07 0.615 0.615 0.615 0.615 0.615 0.56429528 0.565 0.565 0.565 0.475 0.475 0.475 0.53749015 0.5375 0.5375
-1.5 -1.5 -1.4979904 -1.2599992 -1.2599999 -1.2600972 -1.36 -1.36 -1.36 -1.36 -0.9575 -0.9575 -0.9575 -0.9575 -0.9575 -0.5575 -0.5575 -0.5575 -0.18250009 -0.1825 -0.1825 -0.1825 -0.21 -0.21 -0.21 -0.21 -0.21 -0.21010663 -1.0374488 -1.0375 -1.0375 -1.0375 -1.0374794 0.098345081 0.07002935 0.07 0.07 0.070000001 0.615 0.615 0.615 0.615 0.615 0.565 0.565 0.565 0.565 0.52291424 0.475 0.61096592 0.6125 0.36 0.36
-1.5 -1.5 -1.2600304 -1.26 -1.26 -1.26 -1.2853996 -1.36 -1.36 -1.36 -0.9575 -0.9575 -0.9575 -0.9575 -0.9575 -0.55780437 -0.5575 -0.18260995 -0.1825 -0.1825 -0.1825 -0.1825 -0.19981245 -0.21 -0.21 -0.21 -0.21 -0.21049207 -0.905 -0.905 -0.905 -0.905 -0.905 0.12 0.12 0.12 0.12 0.12 0.445 0.445 0.445 0.445 0.445 0.56556769 0.56500012 0.565 0.56503941 0.56974897 0.6125 0.6125 0.6125 0.36000141 0.36
-1.4999995 -1.2303614 -1.26 -1.26 -1.26 -1.26 -1.26 -1.3599574 -1.36 -1.36 -0.9575 -0.9575 -0.9575 -0.9575 -0.59082926 -0.5825 -0.5825 -0.18251029 -0.1825 -0.1825 -0.1825 -0.1825 -0.18250008 -0.21 -0.21 -0.21 -0.21 -0.51250036 -0.51250018 -0.59603354 -0.905 -0.905 -0.905 0.12 0.12 0.12 0.12 0.12000339 0.445 0.445 0.445 0.445 0.44500211 0.7975 0.7975 0.7975 0.7975 0.79748508 0.6125 0.6125 0.6125 0.61249979 0.27378865
-1.225 -1.225 -1.2229493 -1.26 -1.26 -1.26 -1.26 -1.26 -1.359956 -0.79250001 -0.7925 -0.7925 -0.79289158 -0.58250054 -0.5825 -0.5825 -0.5825 -0.5825 -0.18250366 -0.21378461 -0.4875 -0.4875 -0.4875 -0.42028308 -0.27262846 -0.6077415 -0.89023683 -0.5125 -0.5125 -0.5125 -0.5125 -0.5125 -0.5257763 0.11868683 0.125 0.125 0.125 0.125 0.45016588 0.47249995 0.4725 0.4725 0.4725 0.62250051 0.79749995 0.7975 0.7975 0.6 0.6124998 0.6125 0.6125 0.2725 0.2725
-1.225 -1.225 -1.1675 -1.1675 -1.1675 -1.2599692 -1.26 -1.26 -0.7925 -0.7925 -0.7925 -0.7925 -0.7925 -0.58250001 -0.5825 -0.5825 -0.5825 -0.5825 -0.4875 -0.4875 -0.4875 -0.4875 -0.4875 -0.99249997 -0.9925 -0.9925 -0.9925 -0.5125 -0.5125 -0.5125 -0.5125 -0.5125 -0.4375 -0.4375 0.125 0.125 0.125 0.31496764 0.315 0.4725 0.4725 0.4725 0.47250004 0.6225 0.6225 0.6225 0.6 0.6 0.6 0.3925 0.3925 0.2725 0.2725
