interpolatedSpi/04-07|20_1.tif
NCOLS 53
NROWS 52
XLLCORNER -116.03883
YLLCORNER 28.596182
DX 0.49850594
DY 0.49788537
NODATA_VALUE -9999
[rows 0 to 36 of 52, columns 0 to 52 of 53]
0.44 0.44 0.1333718 -0.25 0.11 0.3325 0.635 0.635 0.049954777 -0.1425 -0.1225 -0.0625 0.017543849 0.55 0.435 0.435 0.435 0.5175 0.5425 0.5425 0.5425 0.54250084 0.63 0.255 0.255 0.255 0.9925004 0.9925 0.9925 0.43 0.43 0.43 0.43 0.80249993 0.8025 0.8025 0.8025 0.8025 0.8025 0.80250002 1.4109456 1.4173426 0.8 0.8 0.8 0.8 0.79930583 0.375 0.375 0.375 0.67999937 0.68 0.68
0.43998967 0.2075 0.28000067 0.31769005 0.33989669 0.485 0.535 0.36030143 0.0825 -4.2256788e-16 -0.04 0.0175 0.0175 0.57491664 0.54999929 0.435 0.5175 0.5175 0.5424674 0.5425 0.5425 0.5425 0.24105117 0.255 0.255 0.255 0.14250001 0.1425 0.43 0.43 0.43 0.43 0.43 0.80249995 0.8025 0.8025 0.8025 0.8025 0.80249996 0.71475017 0.29001662 0.73811551 0.8 0.8 0.8 0.8 0.8 0.375 0.375 0.375 0.40029089 0.68 0.68
1.2149635 1.215 0.8575 1.0975 0.52 0.38 0.37 0.24 0.3075 0.125 0.14 -0.205 -0.225 0.2 0.575 1.02 0.5175 0.5175 0.5175 0.41253779 0.4125 0.4125 -0.01 0.255 0.255 0.255 0.1425 0.1425 0.1425 0.43 0.43 0.42999997 0.12310746 0.80044856 0.79696182 0.21295227 0.2075 0.2075 0.21787633 0.29 0.29 0.29065216 0.8 0.8 0.8 0.8 0.8 0.375 0.375 0.375 0.375 0.68 0.68
0.6675 1.2149999 0.76748506 0.6675 0.2175 0.525 0.7925 -0.0825 0.2925 0.26012118 0.4025 0.4125 0.1525 0.2 0.675 1.02 -0.074064827 -0.082079605 0.265 0.4125 0.4125 -0.2975 -0.01 -0.01 0.255 0.25499944 0.1425 0.1425 0.1425 -0.2025 -0.20524339 -0.2075 -0.2075 -0.20749967 0.2075 0.2075 0.2075 0.2075 0.29 0.29 0.29 0.29000002 0.8 0.8 0.8 0.8 0.8 0.37500536 0.375 0.375 0.375 0.6799546 0.68
0.6675 0.2775009 0.7675 0.7424388 0.2175 0.64 0.46251278 0.4825 0.1525 0.38750004 0.1443725 0.030082362 0.605 0.675 0.675 0.88851714 -0.0825 -0.0825 0.265 0.265 0.41249853 -0.2975 -0.415 0.075 -0.025 -0.02505901 0.1425 0.1425 -0.2025 -0.2025 -0.2075 -0.2075 -0.2075 -0.14291364 0.2075 0.2075 0.2075 0.29 0.29 0.29 0.29 0.28999204 0.79999999 0.8 0.8 0.8 0.8 0.79621697 0.375 0.37495135 -0.71 -0.71 -0.71
-0.3225 0.365 0.75249999 0.6775 0.855 0.7375 0.5075 0.50429928 0.65 0.355 0.5525 0.17 0.17000029 0.305 0.305 0.2124837 0.2125 -0.045 -0.044999999 0.26499968 -0.79 -0.79 0.075 -0.025 -0.025 -0.2775 -0.6025 -0.6025 -0.060012599 -0.2025 -0.2075 -0.2075 0.135 0.13501384 0.26749047 0.235 0.235 0.27298449 0.29 0.29 0.2076029 0.2075 0.20749973 -0.017804094 -0.032407992 -0.032499778 -0.032499972 -0.032499698 -1.0078607 -0.71 -0.71 -0.71 -0.71
-0.53249872 0.125 -0.018682761 0.59 1.0675 0.45 0.52 0.645 0.3875 0.3875 0.5525 0.165 -0.03500006 0.305 0.14500048 0.145 0.2125 -0.0325 -0.0975 -0.0975 -0.73109189 -0.665 -0.665 -0.69499999 -0.2775 -0.2775 -0.6025 -0.6025 -0.059985139 -0.059726406 0.47911894 0.135 0.135 0.2675 0.2675 -0.26743044 0.235 0.235 -0.56747218 0.20749892 0.2075 0.2075 0.20749808 -0.032499833 -0.0325 -0.0325 -0.0325 -0.032500642 -1.1075 -0.71007877 -0.71 -0.71 -0.71
-0.5325 -0.555 0.07 -0.2225 -0.50998352 0.085 0.22 -0.027499989 0.08 0.0525 0.0525 -0.29 -0.035 -0.035 0.14376503 0.053924303 0.045 -0.0025 -0.1974999 -0.0975 -0.56202687 -0.5425 -0.66 -0.585 -0.58499942 -0.54 -1.07 -1.0699998 0.19410644 0.195 0.48 0.54916373 0.4925 0.2675 0.25530718 -0.6875 -0.6875 -0.5675 -0.5675 0.2075 0.2075 0.2075 -0.0024798682 -0.0025000015 -0.0325 -0.0325 -0.0325 -1.1074591 -1.1075 -1.1075 -0.71 -0.71 -0.71
-0.55386213 -0.555 -0.48 -0.19 0.1075 -0.0375 0.055 0.7925 0.5175 0.3500381 0.035 0.03 0.03 -0.53 -0.52999502 -0.10458194 -0.105 -0.105 -0.03226705 -0.81999999 -0.7725 -0.7725 -0.515 -0.60285788 -0.54453481 -0.54 -0.7275 -1.07 -0.39892243 -0.395 0.565 0.955 0.59488695 -0.2875 -0.16 -0.38 -0.36 -0.445 -0.66489841 0.20700898 0.0975 -0.03 -0.0024621548 -0.0025 -0.0026688562 -0.0325 -0.62249997 -1.1075 -1.1075 -1.1075 -1.1075 -0.77847909 -0.5675
-0.5475 -0.5475 -0.4825 -0.5175 0.0575 0.365 0.2875 0.385 0.635 0.30751173 0.0525 -0.1225 -0.53 -0.53 -4.0707514e-27 -0.0014401224 -0.105 -0.1050527 -0.3575 -0.82 -0.82 -0.81388038 -0.515 -0.69749654 -0.6975 -0.6975 -0.7275 -0.1225 -0.1225 -0.395 -0.395 0.95364392 0.24 -0.2875 0.245 -0.38 -0.36 -0.545 -0.665 0.54998438 -0.029999994 0.065508242 0.23 -0.0025 -0.0025 -0.6225 -0.6225 -0.6225 -1.1075 -1.1075 -1.26 -1.26 -1.2599997
-0.5475 -0.5475 -0.7125 -0.6575 -0.39 -0.0125 -0.29499999 0.36751039 0.345 0.1625 0.1875 0.0325 -0.12229425 -7.3716228e-26 -1.4386962e-58 -1.7015689e-05 -0.1475 -0.15852179 -0.3575 -0.1975 -0.1975 -0.2175 -0.2175 -0.6975 -0.6975 -0.6975 -0.1225 -0.1225 -0.1225 -0.645 -0.645 -0.64499854 0.16 0.16 0.1775 -0.2425 -0.0225 -0.16500102 -0.665 0.57 0.57 0.54499896 0.23 -0.0025 -0.61500008 -0.8825 -0.73202626 -0.7325 -1.1175 -1.1175 -1.26 -1.26 -1.26
-0.5475 -0.61873866 -0.68902954 -0.74249449 -0.41 -0.5125 -0.295 0.3675 0.34500019 0.16452188 0.032500169 0.0325 -0.145 -2.3103258e-10 -1.1321592e-27 -0.1475 -0.1475 -0.14751195 -0.3575 -0.1975 -0.20142759 -0.2175 -0.2175 -0.69748062 -0.6975 -0.61285471 -0.44 -0.44 -0.43999996 -0.645 -0.645 -0.285 -0.285 0.16000005 0.1775 0.24249985 -0.064592686 -0.165 -0.165 0.57 0.545 0.545 0.54499156 -0.615 -0.615 -0.8825 -0.7325 -0.7325 -1.1175 -1.1175 -1.26 -1.26 -1.26
0.16 0.32685645 0.41495995 0.40661594 -0.41000049 -0.51249758 -0.29500001 0.35934501 0.34655048 0.34023444 -0.145 -0.145 -0.145 -0.145 -2.0540263e-05 -0.1475 -0.1475 -0.15021143 -0.3575 -0.19749016 -0.16 -0.16 -0.16 -0.16 -0.68819143 -0.44 -0.44 -0.44 -0.44 -0.44014447 -0.285 -0.285 -0.285 -0.285 0.2425 0.2425 0.2425 -0.14549166 -0.16188313 0.25 0.25 0.54498413 -0.40500719 -0.61497977 -0.615 -0.8825 -0.7325 -0.7325 -1.1175 -1.1175 -1.259483 -1.26 -0.96691777
0.16 0.415 0.415 0.415 0.415 0.41499961 -0.29555671 0.018467429 0.35068698 -0.14447682 -0.145 -0.145 -0.145 -0.145 -0.14499987 -0.1475 -0.14750003 -0.16190457 -0.35749643 -0.16 -0.16 -0.16 -0.16 -0.16 -0.16832357 -0.50286144 -0.52999998 -0.53 -0.53 -0.53 -0.28500001 -0.285 -0.28500026 -0.505 -0.505 0.2425 0.20847329 0.2075 0.24999998 0.25 0.25 0.25 -0.405 -0.405 -0.405 -0.40832296 -0.69527514 -0.695 -0.695 -0.695 -0.69500001 -0.055000249 -0.055
0.0825 0.415 0.415 0.415 0.415 0.415 0.41499995 -0.20861514 0.026575273 0.025 0.025 0.025 0.025 0.025 0.024999998 -0.29343606 -0.14993878 -0.17625604 -0.16002476 -0.16 -0.16 -0.16 -0.16 -0.16000013 -0.545 -0.545 -0.54499998 -0.53 -0.53 -0.53027534 -0.6675 -0.6675 -0.505 -0.505 -0.505 0.09336525 0.2075 0.2075 0.2075 0.25 0.25 0.25 -0.405 -0.405 -0.405 -0.405 -0.695 -0.695 -0.695 -0.695 -0.695 -0.055 -0.055
0.0825 0.20628597 0.415 0.415 0.415 0.415 -0.38234348 -0.3825 -0.38249999 0.025 0.025 0.025 0.025 0.025 -0.046697274 -0.3 -0.3 -0.3 -0.26966511 -0.26999989 -0.27 -0.27 -0.27 -0.27 -0.545 -0.545 -0.545 -0.545 -0.53 -0.6675 -0.6675 -0.6675 -0.50500001 -0.505 -0.505 0.1975 0.20748676 0.2075 0.2075 0.24992659 0.10340635 -0.2385355 -0.405 -0.405 -0.41995371 -0.42 -0.42 -0.69356236 0.17694227 0.17999992 0.17999983 0.28494851 -0.054999309
0.0825 0.17008295 0.29228384 0.415 0.415 -0.3820288 -0.3825 -0.3825 -0.3825 -0.37956344 0.025 0.025 0.025 0.024999961 -0.3 -0.3 -0.3 -0.3 -0.2700268 -0.27 -0.27 -0.27 -0.27 -0.27 -0.54499999 -0.545 -0.545 -0.545 -0.54544557 -0.6675 -0.6675 -0.6675 -0.14000001 -0.50491973 0.1975 0.1975 0.1975 0.19552208 -0.21166249 -0.24 -0.24 -0.24 -0.4325 -0.4325 -0.42 -0.42 -0.42 0.17999999 0.18 0.18 0.18 0.285 0.285
0.17252306 0.1725 0.1725 0.1725 -0.2325 -0.38249613 -0.3825 -0.3825 -0.3825 -0.3825 0.0047479045 0.024996514 0.024999992 -0.3 -0.3 -0.3 -0.3 -0.3 -0.32747635 -0.27 -0.27 -0.27 -0.27 -0.27 -0.31972232 -0.19000192 -0.19 -0.19 -0.19 -0.66749997 -0.14000001 -0.14 -0.14 -0.14 0.1975 0.19749526 0.0175 0.0175 -0.23678473 -0.24 -0.24 -0.24 -0.4325 -0.4325 -0.42193543 -0.42 -0.42 0.18 0.18 0.18 0.18112587 0.285 0.285
0.1725 0.1725 0.1725 -0.018220542 -0.2325 -0.2325 -0.3825 -0.3825 -0.3825 -0.3825 -0.2425 -0.2425 -0.2425 -0.3 -0.3 -0.3 -0.3 -0.30004462 -0.7725 -0.7725 -0.2700002 -0.27 -0.27243458 -0.37 -0.36837954 -0.19 -0.19 -0.19 -0.19 -0.14000509 -0.14 -0.14 -0.14 -0.14 0.017500633 0.0175 0.0175 0.0175 0.016587303 -0.24 -0.24 -0.24 -0.4325 -0.4325 -0.4325 -0.42 -0.42 0.17999999 0.18 0.18 0.285 0.285 0.285
0.1725 0.1725 0.1725 -0.2325 -0.2325 -0.2325 -0.23250023 -0.3825 -0.3825 -0.24264452 -0.2425 -0.2425 -0.2425 -0.24253583 -0.51854405 -0.57 -0.57 -0.57 -0.7725 -0.7725 -0.7725 -0.37 -0.37 -0.37 -0.3699972 -0.27916913 -0.19 -0.19 -0.19 0.053997481 0.099976395 0.1 0.1 0.1 -0.033256927 -0.10499972 -0.105 -0.105 -0.105 -0.15751129 -0.1575 -0.1575 -0.4325 -0.4325 0.019998111 0.020000011 0.05 0.05 0.18 0.18 0.18 0.285 0.17010282
0.17250045 0.1725 0.17249999 -0.2325 -0.2325 -0.2325 -0.2325 -0.24500004 -0.38195022 -0.24211235 -0.2425 -0.2425 -0.2425 -0.24314264 -0.57 -0.57 -0.57 -0.57000006 -0.7725 -0.7725 -0.7725 -0.37 -0.37 -0.37 -0.36 -0.36 -0.2775 -0.2775 -0.2775 -0.27544062 0.1 0.1 0.1 0.1 -0.0024437517 -0.105 -0.105 -0.105 -0.105 -0.1575 -0.1575 -0.1575 -0.15191517 0.02 0.02 0.02 0.05 0.05 0.18 0.18 0.18 0.17 0.17
0.3175 0.2355236 -0.305 -0.30497897 -0.2325 -0.24492768 -0.245 -0.245 -0.12293316 0.185 0.185 0.185 0.185 -0.61997379 -0.62 -0.57000004 -0.57 -0.57533558 -0.7725 -0.7725 -0.7725 -0.6425 -0.6425 -0.6425 -0.36 -0.36 -0.2775 -0.2775 -0.2775 -0.2774998 6.3557609e-07 2.8084872e-07 0.09748665 0.099892793 -0.32701119 -0.3275 -0.3275 -0.3275 -0.3275 -0.1575 -0.1575 -0.1575 0.010226039 0.02 0.02 0.019999933 0.05 0.05 0.05000468 0.18 0.17999374 0.04 0.17
0.050050799 0.049999938 -0.305 -0.305 -0.305 -0.245 -0.245 -0.245 0.09 0.09 0.185 0.185 0.185 -0.62 -0.62 -0.62 -0.62 -0.62001673 -0.7725 -0.7725 -0.7725 -0.6425 -0.6425 -0.6425 -0.36 -0.36 -0.2775 -0.2775 -0.2775 -0.0031288328 5.5511151e-17 5.5511151e-17 5.5511151e-17 5.7576048e-17 -0.3273384 -0.3275 -0.3275 -0.3275 -0.3275 -0.5399999 -0.54 -0.54 -0.54 0.019997104 -0.3575 -0.3575 -0.3575 0.0175 0.0175 0.0175 0.04 0.04 0.04
0.05 0.05 -0.305 -0.305 -0.305 -0.24531537 -0.245 0.09 0.09 0.09 0.18498831 0.185 -0.37677325 -0.61999997 -0.62 -0.62 -0.62 -0.8275 -0.8275 -0.8275 -0.825 -0.82499986 -0.64250089 -0.6425 -0.6425022 -0.78 -0.78 -0.7799988 -0.27758121 0.029994021 0.02999984 0.029994762 5.1273113e-05 2.5889698e-05 -0.26915214 -0.32750012 -0.32855564 -0.6425 -0.6425 -0.54 -0.54 -0.54 -0.54 -0.3575 -0.3575 -0.3575 -0.3575 0.0175 0.0175 0.0175 0.04 0.04 0.04
0.05 0.05 -0.305 -0.305 -0.305 -0.305 -0.11961929 0.09 0.09 0.09 0.089672714 -0.5025 -0.5025 -0.5025 -0.61930755 -0.62 -0.82611727 -0.8275 -0.8275 -0.8275 -0.825 -0.825 -0.825 -0.825 -0.78 -0.78 -0.78 -0.78 -0.78 0.03 0.03 0.03 0.03 0.029999537 -0.19 -0.6425 -0.6425 -0.6425 -0.6425 -0.64250101 -0.9775 -0.9775 -0.9775 -0.80502998 -0.4475 -0.4475 -0.4475 0.017499987 0.017499949 -0.035 -0.035 0.10498419 0.105
0.05 0.05 -0.17686993 -0.305 -0.305 -0.30500001 -0.71606707 0.087455206 0.09 0.089999999 -0.50250008 -0.5025 -0.5025 -0.5025 -0.5025 -0.51217944 -0.8275 -0.8275 -0.8275 -0.8275 -0.82500002 -0.825 -0.825 -0.825 -0.78 -0.78 -0.78 -0.78 -0.78 -0.34686777 0.03 0.03 0.03 -0.19 -0.19 -0.19035138 -0.6425 -0.6425 -0.47929423 -0.35250003 -0.9775 -0.9775 -0.9775 -0.8057824 -0.4475 -0.4475 -0.4475 0.0475 -0.033972058 -0.035 -0.035 0.105 0.105
-0.6025 -0.6025 -0.6025 -0.37959143 -0.30581263 -0.7175 -0.7175 -0.7175 -0.7175 -0.8925 -0.8925 -0.50250003 -0.5025 -0.5025 -0.5025 -0.50252061 -0.8275 -0.8275 -0.8275 -0.8275 -0.82609092 -0.825 -0.825 -0.82251381 -0.73222644 -0.78 -0.78 -0.78 -0.48 -0.48 -0.48 -0.47999786 -0.19 -0.19 -0.19 -0.19 -0.3525 -0.3525 -0.3525 -0.3525 -0.4275 -0.4275 -0.4275 -0.040007791 -0.04 -0.04 -0.040000129 0.0475 0.0475 -0.034899478 -0.035 0.10500096 0.105
-0.6025 -0.6025 -0.6025 -0.60251387 -0.86 -0.83927816 -0.7175 -0.7175 -0.7175 -0.8925 -0.8925 -0.8925 -0.80999999 -0.81 -0.81 -0.80999999 -0.82739925 -0.8275 -0.8275 -0.8275 -0.8274569 -0.73000026 -0.73 -0.73 -0.73 -0.73 -0.6925 -0.6925 -0.48 -0.48 -0.48 -0.48 -0.19000011 -0.19 -0.19 -0.19001201 -0.35249999 -0.3525 -0.3525 -0.35064656 -0.4275 -0.4275 -0.4275 -0.040017969 -0.04 -0.04 -0.04 0.0475 0.0475 0.047500033 0.295 0.295 0.4425
-0.6025 -0.6025 -0.6025 -0.85999941 -0.86 -0.86 -0.71750005 -0.7175 -0.7175 -0.8925 -0.8925 -0.8925 -0.81 -0.81 -0.81 -0.80714402 -0.7725 -0.7725 -0.77250014 -0.82718934 -0.73 -0.73 -0.73 -0.73 -0.73 -0.72997178 -0.6925 -0.6925 -0.6925 -0.48 -0.48 -0.48 -0.3375 -0.3375 -0.3375 0.072499998 0.0725 0.07 0.07 0.07 0.395 -0.42724201 -0.42749468 0.285 0.285 0.27268287 -0.039998993 0.0475 0.0475 0.295 0.295 0.295 0.4425
-0.6025 -0.6025 -0.6025 -0.86 -0.86 -0.86 -0.86 -0.7175 -0.7175 -0.8925 -0.8925 -0.81329881 -0.81 -0.81 -0.81 -0.7725 -0.7725 -0.7725 -0.7725 -0.7725 -0.73 -0.73 -0.73 -0.73 -0.73 -0.69250013 -0.6925 -0.6925 -0.6925 -0.48 -0.48 -0.48 -0.3375 -0.3375 -0.3375 0.0725 0.0725 0.07 0.07 0.395 0.395 0.395 0.285 0.285 0.285 0.285 0.28664295 0.305 0.305 0.305 0.295 0.4375 0.4375
-0.6025 -0.6025 -0.60285858 -0.86 -0.86 -0.86 -0.86 -0.78621909 -0.7825 -0.78268886 -0.89249999 -0.80999204 -0.81 -0.81 -0.80999987 -0.7725 -0.7725 -0.7725 -0.7725 -0.7725 -0.64369427 -0.73 -0.73 -0.73 -0.72999434 -0.69250056 -0.6925 -0.6925 -0.6925 -0.48 -0.48 -0.48 -0.47997964 -0.3375 0.0725 0.0725 0.0725 0.07249991 0.070022164 0.395 0.395 0.395 0.28500668 0.285 0.285 0.285 0.30500002 0.305 0.305 0.305 0.4375 0.4375 0.4375
-0.4075 -0.40750034 -0.8598486 -0.86 -0.86 -0.86 -0.78251649 -0.7825 -0.7825 -0.7825 -0.715 -0.715 -0.715 -0.715 -0.77223463 -0.7725 -0.7725 -0.7725 -0.7725 -0.64000008 -0.64 -0.64 -0.7025 -0.7025 -0.7025 -0.7025 -0.70163687 -0.6925 -0.50500768 -0.505 -0.505 -0.505 -0.505 0.089999999 0.09 0.09 0.09 0.09 0.1275 0.1275 0.1275 0.1275 0.1275 0.30746608 0.3075 0.3075 0.3075 0.305 0.305 0.305 0.43747913 0.4375 0.4375
-0.4075 -0.4075 -0.41099564 -0.82500007 -0.82500001 -0.8249586 -0.7825 -0.7825 -0.7825 -0.7825 -0.715 -0.715 -0.715 -0.715 -0.715 -0.7725 -0.7725 -0.7725 -0.64000003 -0.64 -0.64 -0.64 -0.7025 -0.7025 -0.7025 -0.7025 -0.7025 -0.70249768 -0.50486774 -0.505 -0.505 -0.505 -0.50494687 0.15661094 0.090068973 0.09 0.09 0.090000002 0.1275 0.1275 0.1275 0.1275 0.1275 0.3075 0.3075 0.3075 0.3075 0.30633095 0.305 0.42366117 0.425 0.295 0.295
-0.4075 -0.4075 -0.82494712 -0.825 -0.825 -0.825 -0.81420518 -0.7825 -0.7825 -0.7825 -0.715 -0.715 -0.715 -0.715 -0.715 -0.77245651 -0.7725 -0.64003885 -0.64 -0.64 -0.64 -0.64 -0.67934647 -0.7025 -0.7025 -0.7025 -0.7025 -0.70211766 -0.1625 -0.1625 -0.1625 -0.1625 -0.1625 0.2075 0.2075 0.2075 0.2075 0.2075 -0.1625 -0.1625 -0.1625 -0.1625 -0.1625 0.30746338 0.30749999 0.3075 0.30749746 0.30721098 0.425 0.425 0.425 0.29500073 0.295
-0.40750017 -0.50064788 -0.82499996 -0.825 -0.825 -0.825 -0.825 -0.7825181 -0.7825 -0.7825 -0.715 -0.715 -0.715 -0.715 -0.79566756 -0.7975 -0.7975 -0.64000405 -0.64 -0.64 -0.64 -0.64 -0.64000004 -0.7025 -0.7025 -0.7025 -0.7025 -0.41999977 -0.41999988 -0.36519774 -0.1625 -0.1625 -0.1625 0.2075 0.2075 0.2075 0.2075 0.20746275 -0.1625 -0.1625 -0.1625 -0.1625 -0.16248659 0.2925 0.2925 0.2925 0.2925 0.29251069 0.425 0.425 0.425 0.42499987 0.20878865
-0.5025 -0.5025 -0.57432117 -0.825 -0.825 -0.825 -0.825 -0.825 -0.78251791 -0.695 -0.695 -0.695 -0.69504746 -0.79749988 -0.7975 -0.7975 -0.7975 -0.7975 -0.64000195 -0.65666803 -0.8025 -0.8025 -0.8025 -0.77705876 -0.7025 -0.7025 -0.70233859 -0.42 -0.42 -0.42 -0.42 -0.42 -0.40981196 0.14694441 0.1525 0.1525 0.1525 0.1525 -0.12962562 0.012499686 0.0125 0.0125 0.0125 0.18750031 0.29249997 0.2925 0.2925 0.2575 0.42499732 0.425 0.425 0.2075 0.2075
-0.5025 -0.5025 -0.585 -0.585 -0.585 -0.82492005 -0.825 -0.825 -0.695 -0.695 -0.695 -0.695 -0.695 -0.7975 -0.7975 -0.7975 -0.7975 -0.7975 -0.8025 -0.8025 -0.8025 -0.8025 -0.8025 -0.70250001 -0.7025 -0.7025 -0.7025 -0.42 -0.42 -0.42 -0.42 -0.42 -0.3425 -0.3425 0.1525 0.1525 0.1525 -0.084959554 -0.085 0.0125 0.0125 0.0125 0.012500019 0.1875 0.1875 0.1875 0.2575 0.2575 0.2575 0.0775 0.0775 0.2075 0.2075
