interpolatedSpi/04-07|22_3.tif
NCOLS 53
NROWS 52
XLLCORNER -116.03883
YLLCORNER 28.596182
DX 0.49850594
DY 0.49788537
NODATA_VALUE -9999
0.502 0.502 0.12809744 -0.068 0.676 0.41 0.542 0.53 0.1114423 0.042 0.204 0.75 0.52003047 0.89 0.824 0.824 0.824 0.776 0.65 0.65 0.65 0.64999058 -0.32799999 0.318 0.318 0.318 0.59799349 0.598 0.598 0.31 0.31 0.31 0.31 1.1819998 1.182 1.182 1.182 1.182 1.182 1.182 0.42020654 0.41202839 0.522 0.522 0.522 0.522 0.52161126 0.284 0.284 0.284 1.3959977 1.396 1.396 
0.50194819 -0.664 -0.0059997299 0.13385414 0.20026118 0.718 0.524 0.75156748 0.266 0.296 0.498 0.52 0.52 0.81226009 0.88999847 0.824 0.776 0.776 0.65016429 0.65 0.65 0.65 0.33273839 0.318 0.318 0.318 0.73199997 0.732 0.31 0.31 0.31 0.31 0.31 1.1819999 1.182 1.182 1.182 1.182 1.182 1.3212171 2.079915 0.71105046 0.522 0.522 0.522 0.522 0.522 0.284 0.284 0.284 0.3762081 1.396 1.396 
0.42998108 0.43 0.228 0.752 0.104 -0.168 0.23 0.42 -0.188 0.402 0.364 0.26 0.394 0.776 0.812 0.118 0.776 0.776 0.776 0.2521157 0.252 0.252 0.598 0.318 0.318 0.318 0.732 0.732 0.732 0.31 0.31 0.31000004 0.72785526 1.1822837 1.1833403 1.3246805 1.326 1.326 1.4208333 2.08 2.08 2.0780077 0.522 0.522 0.522 0.522 0.522 0.284 0.284 0.284 0.284 1.396 1.396 
-0.11 0.42999997 0.28198775 1.522 -0.14 0.274 0.536 0.024 0.356 0.69313037 0.53 0.162 0.162 0.776 -0.486 0.118 -0.73343548 -0.7389378 -0.63 0.252 0.252 -0.264 0.598 0.598 0.318 0.31800207 0.732 0.732 0.732 0.388 0.8214554 1.178 1.178 1.1780001 1.326 1.326 1.326 1.326 2.08 2.08 2.08 2.0799999 0.522 0.522 0.522 0.522 0.522 0.284003 0.284 0.284 0.284 1.3959824 1.396 
-0.11 0.90199886 0.282 0.25649894 -0.14 0.108 0.47400279 0.792 0.26 0.88999969 0.48423986 0.29193296 -0.176 -0.486 -0.486 -0.095345 -0.74 -0.74 -0.63 -0.63 0.25199896 -0.264 0.044 0.33 0.754 0.75402712 0.732 0.732 0.388 0.388 1.178 1.178 1.178 1.1267083 1.326 1.326 1.326 2.08 2.08 2.08 2.08 2.0799778 0.52200002 0.522 0.522 0.522 0.522 0.51988151 0.284 0.28402574 0.858 0.858 0.858 
-2.016 0.052 0.21 0.388 -0.51 0.26 0.222 0.29497632 0.376 -0.252 -0.73 -0.208 -0.20799998 -0.04 -0.04 -0.44393964 -0.444 -0.25 -0.25 -0.62999946 -0.396 -0.396 0.33 0.754 0.754 0.87 0.67 0.67 1.1159333 0.388 1.178 1.178 0.906 0.90608568 1.7259413 1.794 1.794 1.9915194 2.08 2.08 1.8502869 1.85 1.8500017 1.1998196 1.2119237 1.2119998 1.212 1.2119997 1.1402028 0.858 0.858 0.858 0.858 
-0.95400879 -1.134 -0.68197484 -0.548 -0.298 -0.54 -0.13799999 -0.404 -0.33 -0.33 -0.73 -0.152 -0.69999987 -0.04 -0.19399954 -0.194 -0.444 0.006 -0.02 -0.02 -0.44595408 -0.502 -0.502 0.728 0.87 0.87 0.67 0.67 1.1159726 1.1154957 1.4535017 0.906 0.906 1.726 1.726 1.8767853 1.794 1.794 2.3539806 1.8500007 1.85 1.85 1.850009 1.2120033 1.212 1.212 1.212 1.212 1.218 0.85807134 0.858 0.858 0.858 
-0.954 0.122 -0.116 -1.418 -1.226011 -0.776 -0.794 -0.70399999 -0.738 -0.524 -0.524 -0.202 -0.7 -0.7 -0.19747163 -0.66941514 -0.716 0.026 -0.59599941 -0.02 0.15893207 0.262 -0.712 0.296 0.29599703 0.066 0.664 0.664 0.64764695 0.64600002 1.456 0.5350796 0.904 1.726 1.7278824 1.946 1.946 2.354 2.354 1.85 1.85 1.85 1.7975326 1.796 1.212 1.212 1.212 1.2179998 1.218 1.218 0.858 0.858 0.858 
-0.074319908 0.122 0.29 -0.8 -0.83 -1.118 -0.592 -0.326 -0.216 -0.12509211 -0.094 -0.184 -0.184 0.408 0.40799069 -0.64220624 -0.642 -0.642 -0.068949255 -0.58000008 -0.952 -0.95199999 0.768 -0.12875633 0.089177927 0.066 0.842 0.664 1.4812234 1.486 0.432 1.724 1.3422285 1.138 1.792 1.728 2.236 1.314 2.3755096 1.8531782 2.562 2.034 1.796015 1.796 1.7927129 1.212 1.216 1.218 1.218 1.218 1.218 0.91602046 0.552 
-1.172 -1.172 0.336 -0.578 -1.148 -1.184 -0.98 -1.146 -0.482 -0.10211658 -0.078 0.882 0.408 0.408 -0.582 -0.58282293 -0.642 -0.64199499 -0.632 -0.58 -0.58 -0.62792609 0.768 0.99999561 1 1 0.842 0.98 0.98 1.486 1.486 1.7225624 0.966 1.138 1.598 1.728 2.236 1.964 2.376 1.3764663 2.034 1.9803684 1.888 1.796 1.796 1.216 1.216 1.216 1.218 1.218 1.324 1.324 1.3239997 
-1.172 -1.172 -0.24 -0.688 -1.098 -0.922 -1.288 -0.15243 -0.45 -0.536 -0.352 -0.726 0.87985858 -0.582 -0.582 -0.58199192 -0.512 -0.51829816 -0.632 -0.428 -0.428 -0.654 -0.654 1 1 1 0.98 0.98 0.98 0.416 0.416 0.41600091 1.426 1.426 1.092 0.998 2.024 1.4440012 1.954 1.36 1.36 1.2320022 1.888 1.796 1.4480001 1.554 1.6341912 1.636 1.864 1.864 1.324 1.324 1.324 
-1.172 -0.76965265 -0.43117758 -0.78398872 -0.04 -1.422 -1.288 -0.152 -0.44999751 -0.53504722 -0.72599975 -0.726 -0.746 -0.582 -0.582 -0.512 -0.512 -0.51200683 -0.632 -0.428 -0.4723818 -0.654 -0.654 0.99993367 1 0.88166096 0.64 0.64 0.64000004 0.416 0.416 0.324 0.324 1.4259991 1.092 1.604 1.9544061 1.444 1.444 1.36 1.232 1.232 1.2320017 1.448 1.448 1.554 1.636 1.636 1.864 1.864 1.324 1.324 1.324 
0.408 0.13225502 0.16996853 0.16309687 -0.040007146 -1.4219674 -1.288 -0.16598351 -0.42946475 -0.45224569 -0.746 -0.746 -0.746 -0.746 -0.58202323 -0.512 -0.512 -0.51354939 -0.632 -0.42798683 -0.378 -0.378 -0.378 -0.378 0.97638937 0.64 0.64 0.64 0.64 0.63987266 0.324 0.324 0.324 0.324 1.604 1.604 1.604 1.451885 1.4409057 1.032 1.032 1.2319892 1.1940087 1.4479755 1.448 1.554 1.636 1.636 1.864 1.864 1.3259591 1.324 1.5955823 
0.408 0.17 0.17 0.17 0.17 0.16999934 -1.2883428 -0.75052573 -0.37467866 -0.74568332 -0.746 -0.746 -0.746 -0.746 -0.74599988 -0.512 -0.51200002 -0.52023118 -0.63199751 -0.378 -0.378 -0.378 -0.378 -0.378 -0.361524 0.62260759 0.652 0.652 0.652 0.652 0.324 0.324 0.32400038 0.638 0.638 1.604 1.2384559 1.228 1.0320001 1.032 1.032 1.032 1.194 1.194 1.194 1.1965053 1.5465685 1.546 1.546 1.546 1.546 1.472 1.472 
0.734 0.17 0.17 0.17 0.17 0.17 0.16999991 -0.7783288 -0.58852011 -0.59 -0.59 -0.59 -0.59 -0.59 -0.59 0.18792221 -0.5006481 -0.52843186 -0.3780319 -0.378 -0.378 -0.378 -0.378 -0.37799923 0.384 0.384 0.38400038 0.652 0.652 0.65113895 0.222 0.222 0.638 0.638 0.638 1.1334883 1.228 1.228 1.228 1.032 1.032 1.032 1.194 1.194 1.194 1.194 1.546 1.546 1.546 1.546 1.546 1.472 1.472 
0.734 0.52402921 0.17 0.17 0.17 0.17 -0.17193288 -0.172 -0.17200001 -0.59 -0.59 -0.59 -0.59 -0.59 -0.41483804 0.204 0.204 0.204 0.27999026 0.28199933 0.282 0.282 0.282 0.282 0.384 0.384 0.384 0.384 0.652 0.222 0.222 0.222 0.63799996 0.638 0.638 0.986 1.2276796 1.228 1.228 1.0319036 0.83933407 0.38992477 1.194 1.194 0.32469104 0.322 0.322 1.54342 -0.01652055 -0.021999863 -0.021999703 0.44815488 1.4719979 
0.734 0.14816823 0.15077025 0.17 0.17 -0.17179793 -0.172 -0.172 -0.172 -0.17501223 -0.59 -0.59 -0.59 -0.5899999 0.204 0.204 0.204 0.204 0.28193032 0.282 0.282 0.282 0.282 0.282 0.384 0.384 0.384 0.384 0.38341075 0.222 0.222 0.222 0.174 0.6380242 0.986 0.986 0.986 0.98153304 0.44118286 0.388 0.388 0.388 0.17 0.17 0.322 0.322 0.322 -0.021999996 -0.022 -0.022 -0.022 0.448 0.448 
0.1325094 0.132 0.132 0.13199999 -0.418 -0.17200635 -0.172 -0.172 -0.172 -0.172 -0.50369251 -0.58998515 -0.58999997 0.204 0.204 0.204 0.204 0.204 0.1957215 0.282 0.282 0.282 0.282 0.282 0.032469806 -0.44799549 -0.448 -0.448 -0.448 0.222 0.174 0.174 0.174 0.174 0.986 0.98598926 0.578 0.578 0.39037243 0.388 0.388 0.388 0.17 0.17 0.29846517 0.322 0.322 -0.022 -0.022 -0.022 -0.016960378 0.448 0.448 
0.132 0.132 0.132 -0.1270032 -0.418 -0.418 -0.172 -0.172 -0.172 -0.172 0.55 0.55 0.55 0.204 0.204 0.204 0.204 0.20398843 -0.024 -0.024 0.28199988 0.282 0.27123916 -0.16 -0.16259274 -0.448 -0.448 -0.448 -0.448 0.17393667 0.174 0.174 0.174 0.174 0.57800143 0.578 0.578 0.578 0.57729679 0.388 0.388 0.388 0.17 0.17 0.17 0.322 0.322 -0.021999994 -0.022 -0.022 0.448 0.448 0.448 
0.132 0.132 0.132 -0.418 -0.418 -0.418 -0.41799962 -0.172 -0.172 0.54925469 0.55 0.55 0.55 0.54978443 0.14734043 0.134 0.134 0.134 -0.024 -0.024 -0.024 -0.16 -0.16 -0.16 -0.16008516 -0.45639239 -0.448 -0.448 -0.448 -0.33968307 -0.43993961 -0.44 -0.44 -0.44 0.32419981 -0.029998619 -0.03 -0.03 -0.03 -0.32990176 -0.33 -0.33 0.17 0.17 -0.12199878 -0.12199992 0.1 0.1 0.03 0.03 0.03 0.448 0.21221101 
0.13199895 0.132 0.13199998 -0.418 -0.418 -0.418 -0.41800001 -1.0159998 -0.17537464 0.54902068 0.55 0.55 0.55 0.54918369 0.134 0.134 0.134 0.13399995 -0.024 -0.024 -0.024 -0.16 -0.16 -0.16 -0.464 -0.464 -0.736 -0.736 -0.736 -0.73438523 -0.44 -0.44 -0.44 -0.44 -0.23511271 -0.03 -0.03 -0.03 -0.03 -0.33 -0.33 -0.33 -0.32345552 -0.122 -0.122 -0.122 0.1 0.1 0.03 0.03 0.03 0.21199999 0.212 
-0.206 -0.067974566 -0.686 -0.68592225 -0.418 -1.01254 -1.016 -1.016 -0.97373208 -0.53000001 -0.53 -0.53 -0.53 0.051981054 0.052 0.13399994 0.134 0.12983693 -0.024 -0.024 -0.024 -0.768 -0.768 -0.768 -0.464 -0.464 -0.736 -0.736 -0.736 -0.73600016 -0.95399673 -0.95399856 -0.45291862 -0.44055104 -0.88348938 -0.884 -0.884 -0.884 -0.884 -0.33 -0.33 -0.33 -0.13345347 -0.122 -0.122 -0.12200004 0.1 0.1 0.09999748 0.03 0.02999839 -0.006 0.212 
-0.51194189 -0.51200003 -0.686 -0.686 -0.686 -1.016 -1.016 -1.016 -0.9 -0.9 -0.53 -0.53 -0.53 0.052 0.052 0.052 0.052 0.051991878 -0.024 -0.024 -0.024000029 -0.768 -0.768 -0.768 -0.464 -0.464 -0.736 -0.736 -0.736 -0.95154203 -0.954 -0.954 -0.954 -0.954 -0.88403454 -0.884 -0.884 -0.884 -0.884 -0.84399987 -0.844 -0.844 -0.844 -0.12200187 -0.366 -0.366 -0.366 0.098 0.098 0.098 -0.006 -0.006 -0.006 
-0.512 -0.512 -0.686 -0.686 -0.686 -1.0142655 -1.016 -0.9 -0.9 -0.9 -0.53004555 -0.53 -0.60190698 0.051999847 0.052 0.052 0.052 -0.472 -0.472 -0.472 -0.774 -0.774 -0.76800003 -0.768 -0.76795614 -0.838 -0.838 -0.83799976 -0.73601648 -1.0359837 -1.0359996 -1.0359857 -0.95414015 -0.95407077 -0.89652102 -0.88400018 -0.88552816 -1.34 -1.34 -0.844 -0.844 -0.844 -0.844 -0.366 -0.366 -0.366 -0.366 0.098 0.098 0.098 -0.006 -0.006 -0.006 
-0.512 -0.512 -0.686 -0.686 -0.686 -0.686 -0.97258459 -0.9 -0.9 -0.9 -0.89984423 -0.618 -0.618 -0.618 0.048051536 0.052 -0.46850819 -0.472 -0.472 -0.472 -0.774 -0.774 -0.774 -0.774 -0.838 -0.838 -0.838 -0.838 -0.838 -1.036 -1.036 -1.036 -1.036 -1.0360001 -1.084 -1.34 -1.34 -1.34 -1.34 -1.3399972 -0.544 -0.544 -0.544 -0.38715235 -0.062 -0.062 -0.062 0.097999995 0.097999699 -0.212 -0.212 0.049986377 0.05 
-0.512 -0.512 -0.62319822 -0.686 -0.686 -0.68600001 -1.3452086 -0.90140555 -0.9 -0.9 -0.61800005 -0.618 -0.618 -0.618 -0.618 -0.56306054 -0.472 -0.472 -0.472 -0.472 -0.77399766 -0.774 -0.774 -0.774 -0.838 -0.838 -0.838 -0.838 -0.838 -1.1527551 -1.036 -1.036 -1.036 -1.084 -1.084 -1.0841988 -1.34 -1.34 -0.94380393 -0.63600006 -0.544 -0.544 -0.544 -0.39023512 -0.062 -0.062 -0.062 -0.488 -0.21543893 -0.212 -0.212 0.05 0.05 
-1.212 -1.212 -1.212 -0.81788266 -0.68675595 -1.346 -1.346 -1.346 -1.346 -0.862 -0.862 -0.61800002 -0.618 -0.618 -0.618 -0.61799076 -0.472 -0.472 -0.472 -0.472 -0.642217 -0.774 -0.774 -0.76766676 -0.54562584 -0.838 -0.838 -0.838 -1.194 -1.194 -1.194 -1.1939993 -1.084 -1.084 -1.084 -1.084 -0.636 -0.636 -0.636 -0.636 -0.248 -0.248 -0.248 -0.36999755 -0.37 -0.37 -0.3699999 -0.488 -0.488 -0.21233629 -0.212 0.050000333 0.05 
-1.212 -1.212 -1.212 -1.2119992 -1.198 -1.2195216 -1.346 -1.346 -1.346 -0.862 -0.862 -0.862 -0.86199999 -0.862 -0.862 -0.86199999 -0.47226012 -0.472 -0.472 -0.472 -0.47656618 -0.53200066 -0.532 -0.532 -0.532 -0.53200001 -0.698 -0.698 -1.194 -1.194 -1.194 -1.194 -1.0839999 -1.084 -1.084 -1.0839868 -0.63599999 -0.636 -0.636 -0.63399083 -0.248 -0.248 -0.248 -0.36999434 -0.37 -0.37 -0.37 -0.488 -0.488 -0.48799992 0.116 0.116 -0.086 
-1.212 -1.212 -1.212 -1.198 -1.198 -1.198 -1.3459999 -1.346 -1.346 -0.862 -0.862 -0.862 -0.862 -0.862 -0.862 -0.84311243 -0.614 -0.614 -0.61399963 -0.47280205 -0.532 -0.532 -0.532 -0.532 -0.532 -0.53212492 -0.698 -0.698 -0.698 -1.194 -1.194 -1.1939537 -0.922 -0.922 -0.922 -0.282 -0.282 -0.178 -0.178 -0.178 0.228 -0.24785069 -0.24799819 -0.006 -0.006 -0.019795186 -0.36999924 -0.488 -0.488 0.116 0.116 0.116 -0.086 
-1.212 -1.212 -1.212 -1.198 -1.198 -1.198 -1.198 -1.346 -1.346 -0.862 -0.862 -0.862 -0.862 -0.862 -0.862 -0.614 -0.614 -0.614 -0.614 -0.614 -0.532 -0.532 -0.532 -0.532 -0.532 -0.69799943 -0.698 -0.698 -0.698 -1.122 -1.122 -1.122 -0.922 -0.922 -0.922 -0.282 -0.282 -0.178 -0.178 0.228 0.228 0.228 -0.0059999999 -0.006 -0.006 -0.006 0.030144827 0.434 0.434 0.434 0.11600001 0.564 0.564 
-1.212 -1.212 -1.2119805 -1.198 -1.198 -1.198 -1.198 -1.4607552 -1.474 -1.4729493 -0.862 -0.86200871 -0.862 -0.862 -0.86199914 -0.614 -0.614 -0.614 -0.614 -0.614 0.024205779 -0.532 -0.532 -0.532 -0.53191102 -0.69796635 -0.698 -0.698 -0.698 -1.122 -1.122 -1.122 -1.1219709 -0.922 -0.282 -0.282 -0.282 -0.28199557 -0.17797231 0.228 0.228 0.228 -0.0059857943 -0.006 -0.006 -0.0059999998 0.43400006 0.434 0.434 0.434 0.564 0.564 0.564 
-1.59 -1.5899993 -1.1980212 -1.198 -1.198 -1.198 -1.4739413 -1.474 -1.474 -1.474 -0.96600001 -0.966 -0.966 -0.966 -0.6156246 -0.614 -0.614 -0.614 -0.614 0.047999606 0.048 0.048 -0.10000007 -0.1 -0.1 -0.1 -0.15161509 -0.698 -1.0979836 -1.098 -1.098 -1.098 -1.098 -0.076000002 -0.076 -0.076 -0.076 -0.076 0.452 0.452 0.452 0.452 0.452 0.44332166 0.444 0.444 0.444 0.434 0.434 0.434 0.56397952 0.564 0.564 
-1.59 -1.59 -1.5867681 -1.204 -1.204 -1.2042632 -1.474 -1.474 -1.474 -1.474 -0.966 -0.966 -0.966 -0.966 -0.966 -0.614 -0.614 -0.614 0.047999834 0.048 0.048 0.048 -0.099999999 -0.1 -0.1 -0.1 -0.1 -0.10012753 -1.0979413 -1.098 -1.098 -1.098 -1.0979764 -0.081669016 -0.07600587 -0.076 -0.076 -0.076 0.452 0.452 0.452 0.452 0.452 0.444 0.444 0.444 0.444 0.4393238 0.434 0.61001407 0.612 0.424 0.424 
-1.59 -1.59 -1.2040489 -1.204 -1.204 -1.204 -1.2725789 -1.474 -1.474 -1.474 -0.966 -0.966 -0.966 -0.966 -0.966 -0.61426494 -0.614 0.047805906 0.048 0.048 0.048 0.048 -0.045172441 -0.1 -0.1 -0.1 -0.1 -0.10059903 -0.946 -0.946 -0.946 -0.946 -0.946 -0.086 -0.086 -0.086 -0.086 -0.086 0.262 0.262 0.262 0.262 0.262 0.44456647 0.44400012 0.444 0.44403933 0.44875613 0.612 0.612 0.612 0.42400105 0.424 
-1.5899993 -1.1919154 -1.204 -1.204 -1.204 -1.204 -1.204 -1.473885 -1.474 -1.474 -0.966 -0.966 -0.966 -0.966 -0.33043738 -0.316 -0.316 0.047990632 0.048 0.048 0.048 0.048 0.047999915 -0.1 -0.1 -0.1 -0.1 -0.60200031 -0.60200016 -0.67521156 -0.946 -0.946 -0.946 -0.085999999 -0.086 -0.086 -0.086 -0.085928208 0.262 0.262 0.262 0.262 0.26200536 0.676 0.676 0.676 0.676 0.67599484 0.612 0.612 0.612 0.61199986 0.38064801 
-1.184 -1.184 -1.1571765 -1.204 -1.204 -1.204 -1.204 -1.204 -1.4738828 -0.62000001 -0.62 -0.62 -0.62082113 -0.31600094 -0.316 -0.316 -0.316 -0.316 0.047996379 0.017023106 -0.254 -0.254 -0.254 -0.21888383 -0.17523419 -0.57779809 -0.9172327 -0.602 -0.602 -0.602 -0.602 -0.602 -0.61356268 0.013827111 0.02 0.02 0.02 0.02 0.27514967 0.33199987 0.332 0.332 0.332 0.49600053 0.67599995 0.676 0.676 0.672 0.61200096 0.612 0.612 0.38 0.38 
-1.184 -1.184 -0.978 -0.978 -0.978 -1.2039247 -1.204 -1.204 -0.62 -0.62 -0.62 -0.62 -0.62 -0.31600001 -0.316 -0.316 -0.316 -0.316 -0.254 -0.254 -0.254 -0.254 -0.254 -1.04 -1.04 -1.04 -1.04 -0.602 -0.602 -0.602 -0.602 -0.602 -0.53 -0.53 0.019999996 0.02 0.02 0.20796798 0.208 0.332 0.332 0.332 0.33200004 0.496 0.496 0.496 0.672 0.672 0.672 0.602 0.602 0.38 0.38 
-1.184 -1.184 -0.978 -0.978 -0.978 -0.978 -0.97799929 -0.848 -0.62021467 -0.62 -0.62 -0.62 -0.62 -0.31979212 -0.316 -0.316 -0.316 -0.316 -0.254 -0.254 -0.254 -0.254 -0.254 -1.04 -1.04 -1.04 -1.04 -1.0399982 -0.602 -0.602 -0.602 -0.53000377 -0.53 -0.53 -0.53 0.019999999 0.208 0.208 0.208 0.21126267 0.57815847 0.624 0.624 0.496 0.496 0.496 0.672 0.672 0.672 0.602 0.602 0.602 0.15900521 
-1.288 -1.2879992 -0.978 -0.978 -0.978 -0.978 -0.848 -0.848 -0.848 -0.62 -0.62 -0.62 -0.62 -0.6199055 -0.316 -0.316 -0.316 -0.316 -0.25400107 -0.254 -0.254 -0.254 -0.90152943 -1.04 -1.04 -1.04 -1.04 -1.1999999 -1.2 -1.2 -0.60841546 -0.53 -0.53 -0.53 -0.5299999 -0.424 0.208 0.208 0.208 0.208 0.624 0.624 0.624 0.494 0.494 0.494 0.44002259 0.672 0.672 0.602 0.602 0.602 0.13599973 
-1.288 -1.288 -0.978 -0.978 -0.978 -0.848 -0.848 -0.848 -0.848 -0.64499416 -0.62 -0.62 -0.62 -0.6199981 -0.18201542 -0.182 -0.182 -0.182 -0.043728914 -0.204 -0.204 -0.204 -0.204 -1.04 -1.04 -1.04 -1.0400106 -1.2 -1.2 -1.2 -1.2 -0.53008746 -0.47037807 -0.424 -0.424 -0.424 0.20636282 -0.22999088 -0.23 -0.23 0.62360992 0.12600001 0.126 0.494 0.494 0.49399977 0.44 0.44 0.384 0.384 0.384 0.1 0.038 
-1.288 -1.288 -0.986 -0.986 -0.986 -0.848 -0.848 -0.848 -0.848 -0.672 -0.672 -0.672 -0.672 -0.63746855 -0.182 -0.182 -0.182 -0.182 -0.038 -0.204 -0.204 -0.204 -0.204 -1.17 -1.1699999 -1.0400002 -1.2 -1.2 -1.2 -1.2 -1.2303765 -1.26 -0.52347253 -0.424 -0.424 -0.424 -0.23 -0.23 -0.23 -0.23 0.126 0.126 0.126 0.27195396 0.272 0.43924485 0.44 0.44 0.38399973 0.384 0.1 0.1 0.038 
-1.288 -0.986 -0.986 -0.986 -0.986 -0.986 -0.84654058 -0.66 -0.66 -0.672 -0.672 -0.672 -0.672 -0.67188395 -0.182 -0.182 -0.182 -0.17549362 -0.038 -0.038 -0.204 -0.204 -1.17 -1.17 -1.17 -1.17 -1.2 -1.2 -1.2 -1.2 -1.26 -1.26 -1.26 -0.42484596 -0.424 -0.424 -0.23 -0.23 -0.23 -0.23 0.126 0.126 0.126 0.272 0.272 0.27200703 0.396 0.396 0.32 0.32 0.1 0.1 0.038 
-0.98883616 -0.986 -0.986 -0.986 -0.986 -0.986 -0.66 -0.66 -0.66 -0.6664229 -0.672 -0.672 -0.672 -0.67199208 -0.182 -0.182 -0.182 -0.038 -0.038 -0.038 -0.20399171 -0.2040059 -1.17 -1.17 -1.17 -1.17 -1.1999979 -1.2 -1.2 -1.2599862 -1.26 -1.26 -1.26 -1.26 -0.42673242 -0.922 -0.922 -0.91002374 -0.23 -0.23 0.12599969 0.126 0.26775502 0.272 0.272 0.39599996 0.396 0.396 0.32 0.32 0.376 0.376 0.216 
-0.986 -0.986 -0.986 -0.986 -0.986 -0.986 -0.66 -0.66 -0.66 -0.66 -0.37600853 -0.376 -0.376 -0.376 -0.18200026 -0.19610222 -0.204 -0.204 -0.03830602 -0.038 -0.038000033 -1.1699986 -1.17 -1.17 -1.17 -1.17 -1.1700218 -1.2 -1.2000021 -1.26 -1.26 -1.26 -1.26 -1.26 -0.922 -0.922 -0.922 -0.922 -0.922 -0.92199654 -0.504 -0.504 -0.50399994 -0.314 -0.314 -0.314 -0.256 -0.256 -0.29 -0.29 0.376 0.37599965 0.216 
-0.986 -0.986 -0.986 -0.986 -0.986 -0.986 -0.66 -0.66 -0.66 -0.376 -0.376 -0.376 -0.376 -0.376 -0.33066121 -0.204 -0.204 -0.204 -0.204 -0.204 -0.19607405 -1.17 -1.17 -1.17 -1.17 -1.1787295 -1.4475644 -1.2337688 -1.2597041 -1.26 -1.26 -1.26 -1.26 -1.2599993 -0.922 -0.922 -0.922 -0.922 -0.922 -0.72754737 -0.504 -0.504 -0.504 -0.314 -0.314 -0.314 -0.256 -0.256 -0.29 -0.29 0.029999994 0.20573952 0.216 
-0.986 -0.986 -0.986 -0.986 -0.986 -0.9859999 -0.66000008 -0.66 -0.64821242 -0.376 -0.376 -0.376 -0.376 -0.376 -0.36774982 -0.204 -0.204 -0.204 -0.204 -0.204 -0.204 -1.4015899 -1.4479996 -1.448 -1.448 -1.448 -1.448 -1.448 -1.7000384 -1.7039947 -1.704 -1.704 -1.704 -1.7039994 -0.922 -0.922 -0.922 -0.922 -0.922 -0.50400005 -0.504 -0.504 -0.504 -0.50399992 -0.31422766 -0.456 -0.25600002 -0.226519 -0.28994392 0.03 0.03 0.031205625 0.088 
-0.986 -0.986 -0.986 -0.986 -0.986 -0.98597917 -0.66001758 -0.65998282 -0.37600036 -0.376 -0.376 -0.376 -0.376 -0.376 -0.37272721 -0.204 -0.204 -0.204 -0.204 -0.204 -0.204 -1.448 -1.448 -1.448 -1.448 -1.448 -1.448 -1.448 -1.7039293 -1.704 -1.704 -1.704 -1.704 -1.704 -1.4897321 -0.922 -0.922 -0.922 -0.922 -0.504 -0.504 -0.504 -0.504 -0.5039877 -0.456 -0.456 -0.45455847 -0.226 -0.226 0.03 0.03 0.088 0.088 
-0.986 -0.986 -0.986 -0.986 -0.986 -0.98556523 -0.66037898 -0.40804754 -0.376 -0.376 -0.376 -0.376 -0.376 -0.376 -0.37298884 -0.204 -0.204 -0.204 -0.204 -0.204 -0.38112299 -1.448 -1.448 -1.448 -1.448 -1.448 -1.448 -1.448 -1.703999 -1.704 -1.704 -1.704 -1.704 -1.704 -1.704 -1.048623 -1.2454068 -1.3530166 -1.3693844 -0.53832481 -0.50400001 -0.504 -0.504 -0.45600383 -0.456 -0.45973671 -1.0819959 -0.226 -0.226 -0.20809639 -0.208 -0.208 0.08799987 
-0.986 -0.986 -0.986 -0.986 -0.98599967 -0.98328116 -0.63773013 -0.37607809 -0.376 -0.376 -0.376 -0.376 -0.376 -0.376 -0.37198353 -0.204 -0.204 -0.204 -0.204 -0.20400001 -1.4479946 -1.448 -1.448 -1.448 -1.448 -1.448 -1.448 -1.448 -1.7039999 -1.704 -1.704 -1.704 -1.704 -1.704 -1.7039999 -1.378 -1.378 -1.378 -1.378 -1.038 -1.038 -1.038 -1.038 -1.0819982 -1.082 -1.082 -1.082 -1.0819951 -0.65 -0.65 -0.208 -0.208 -0.17547962 
-0.986 -0.986 -0.986 -0.98599997 -0.9859909 -0.97702062 -0.39604482 -0.37600371 -0.376 -0.376 -0.376 -0.376 -0.376 -0.376 -0.37016126 -0.20400007 -0.204 -0.204 -0.204 -0.21148709 -1.448 -1.448 -1.448 -1.448 -1.448 -1.448 -1.448 -1.448 -1.7039999 -1.704 -1.704 -1.704 -1.704 -1.704 -1.3780003 -1.378 -1.378 -1.378 -1.378 -1.038 -1.038 -1.038 -1.038 -1.0498754 -1.082 -1.082 -1.082 -0.65000483 -0.65 -0.65 -0.162 -0.162 -0.162 
-0.986 -0.986 -0.98599998 -0.98599926 -0.98591007 -0.93952473 -0.37712314 -0.37600093 -0.376 -0.376 -0.376 -0.376 -0.376 -0.37599999 -0.36769278 -0.20400404 -0.204 -0.204 -0.20400143 -1.4227946 -1.448 -1.448 -1.448 -1.448 -1.448 -1.448 -1.448 -1.448 -1.7039998 -1.704 -1.704 -1.704 -1.704 -1.2047476 -1.3779999 -1.378 -1.378 -1.378 -1.378 -1.038 -1.038 -1.038 -1.038 -1.038 -1.082 -1.082 -1.082 -0.65 -0.65 -0.65 -0.162 -0.162 -0.162 
-0.986 -0.98599998 -0.98599969 -0.98599121 -0.98538772 -0.64378716 -0.37620451 -0.37600057 -0.376 -0.376 -0.376 -0.376 -0.376 -0.37599968 -0.36475795 -0.20406282 -0.204 -0.20400004 -0.21044079 -1.4478942 -1.448 -1.448 -1.448 -1.448 -1.448 -1.448 -1.448 -1.4480001 -1.7039984 -1.704 -1.7039995 -1.0819561 -1.022 -1.022 -1.022 -1.378 -1.378 -1.378 -1.378 -1.038 -1.038 -1.038 -1.038 -1.038 -1.0819992 -1.082 -1.0819998 -0.65000003 -0.65 -0.64999974 -0.162 -0.162 -0.162 
