interpolatedSpi/04-07|19_3.tif
NCOLS 53
NROWS 52
XLLCORNER -116.03883
YLLCORNER 28.596182
DX 0.49850594
DY 0.49788537
NODATA_VALUE -9999
[rows 0 to 39 of 52, columns 0 to 52 of 53]
0.1425 0.1425 0.1788077 -0.4675 -0.335 -0.2275 -0.39 -0.55 -1.1129601 -0.9875 -0.7575 -0.285 -0.67249527 -0.615 -0.5875 -0.5875 -0.5875 -0.0675 -0.4 -0.4 -0.4 -0.40000766 -1.195 -0.4225 -0.4225 -0.4225 -0.72248893 -0.7225 -0.7225 -1.09 -1.09 -1.09 -1.09 -1.6274999 -1.6275 -1.6275 -1.6275 -1.6275 -1.6275 -1.6275 -0.36361317 -0.35027124 -1.415 -1.415 -1.415 -1.415 -1.415196 -1.535 -1.535 -1.535 -0.45750224 -0.4575 -0.4575
0.14249389 0.005 0.25000064 0.17061032 -0.31003444 0.3675 0.84 -0.41497608 -1.215 -0.8575 -0.335 -0.6725 -0.6725 -0.22879211 -0.61499508 -0.5875 -0.0675 -0.0675 -0.39956646 -0.4 -0.4 -0.4 -0.4496081 -0.4225 -0.4225 -0.4225 -0.97999996 -0.98 -1.09 -1.09 -1.09 -1.09 -1.09 -1.6274999 -1.6275 -1.6275 -1.6275 -1.6275 -1.6274999 -1.4286073 -0.47003481 -1.3003316 -1.415 -1.415 -1.415 -1.415 -1.415 -1.535 -1.535 -1.535 -1.4456527 -0.4575 -0.4575
0.30998219 0.31 0.8025 0.54 -0.2675 -0.7575 -0.375 0.095 -0.79 -0.9025 -0.5225 -0.805 -0.26 -0.6375 -0.2275 -0.99 -0.0675 -0.0675 -0.0675 -0.65742514 -0.6575 -0.6575 -0.9375 -0.4225 -0.4225 -0.4225 -0.98 -0.98 -0.98 -1.09 -1.09 -1.09 -1.3439385 -1.6247131 -1.6145853 -0.25271432 -0.24 -0.24 -0.26892794 -0.47 -0.47 -0.47120842 -1.415 -1.415 -1.415 -1.415 -1.415 -1.535 -1.535 -1.535 -1.535 -0.4575 -0.4575
0.1825 0.30999988 -0.30509191 0.1175 -0.42 -0.34 -0.0775 -0.815 -0.3175 0.02844077 -0.7125 -0.955 -0.88 -0.6375 -0.6175 -0.99 -0.76672146 -0.76451129 -1.2625 -0.6575 -0.6575 -0.4925 -0.9375 -0.9375 -0.4225 -0.42250278 -0.98 -0.98 -0.98 -1.6725 -1.6423227 -1.6175 -1.6175 -1.6174989 -0.24 -0.24 -0.24 -0.24 -0.47 -0.47 -0.47 -0.47000004 -1.415 -1.415 -1.415 -1.415 -1.415 -1.5349985 -1.535 -1.535 -1.535 -0.45752041 -0.4575
0.1825 -0.045000477 -0.305 -0.45476151 -0.42 -0.1 -0.31997415 -0.6575 -0.73 -1.1100002 -1.1017395 -1.0975476 -1.43 -0.6175 -0.6175 -0.86320403 -0.765 -0.765 -1.2625 -1.2625 -0.65749974 -0.4925 -0.8 -0.915 -0.6125 -0.61251763 -0.98 -0.98 -1.6725 -1.6725 -1.6175 -1.6175 -1.6175 -1.6043 -0.24 -0.24 -0.24 -0.47 -0.47 -0.47 -0.47 -0.47005864 -1.415 -1.415 -1.415 -1.415 -1.415 -1.4160681 -1.535 -1.5349797 -1.0825 -1.0825 -1.0825
-1.76 -0.2175 0.18250002 -0.3675 0.31 0.21 -0.8125 -0.79265556 -1.2625 -1.0525 -1.3875 -1.44 -1.44 -2.05 -2.05 -1.1324408 -1.1325 -0.8775 -0.8775 -1.2624997 -1.12 -1.12 -0.915 -0.6125 -0.6125 -0.6875 -1.215 -1.215 -1.0600558 -1.6725 -1.6175 -1.6175 -1.5475 -1.547547 -1.9974677 -1.6325 -1.6325 -0.82964591 -0.47 -0.47 -1.0767423 -1.0775 -1.0774996 -0.33196215 -0.31262185 -0.31250029 -0.31250004 -0.31250042 -0.5498749 -1.0825 -1.0825 -1.0825 -1.0825
-0.67250603 0.0575 -0.14767634 -0.1575 0.12 -0.86 -1.2225 -1.3775 -1.4925 -1.4925 -1.3875 -1.175 -1.2224999 -2.05 -0.88750348 -0.8875 -1.1325 -0.8725 -0.9125 -0.9125 -1.1247126 -1.13 -1.13 -0.84 -0.6875 -0.6875 -1.215 -1.215 -1.0600087 -1.0601609 -0.93086366 -1.5475 -1.5475 -1.9975 -1.9975 -1.4296216 -1.6325 -1.6325 -1.4475064 -1.0775005 -1.0775 -1.0775 -1.0774967 -0.31250021 -0.3125 -0.3125 -0.3125 -0.31250007 -0.425 -1.0823697 -1.0825 -1.0825 -1.0825
-0.6725 -1.1325 0.18 -1.3075 -0.60004056 -1.76 -1.6 -1.305 -1.555 -1.0675 -1.0675 -0.83 -1.2225 -1.2225 -0.88979841 -0.56418128 -0.5325 -0.7475 -1.0049999 -0.9125 -0.6807064 -0.665 -0.8825 -1.165 -1.1649975 -0.9725 -0.54 -0.54000024 -1.2094744 -1.21 -0.93 -1.099853 -1.7525 -1.9975 -1.9719022 -1.26 -1.26 -1.4475 -1.4475 -1.0775 -1.0775 -1.0775 -0.35324199 -0.35 -0.3125 -0.3125 -0.3125 -0.42499572 -0.425 -0.425 -1.0825 -1.0825 -1.0825
-1.0585387 -1.1325 -0.075 0.05 -0.3475 -1.045 -0.9975 -1.08 -1.3425 -1.141147 -1.015 -0.57750001 -0.5775 -0.2175 -0.21749798 -0.81919871 -0.82 -0.82 -0.78680777 -0.16250014 -0.85 -0.85 -0.5825 -0.76427493 -0.99189892 -0.9725 -0.69 -0.54 -0.84074217 -0.8425 -0.9175 -0.855 -0.81471134 -1.2 -1.1 -1.065 -1.275 -1.785 -0.87042251 -1.0768862 -0.94 -0.775 -0.35003908 -0.35 -0.34978893 -0.3125 -0.83249997 -0.425 -0.425 -0.425 -0.425 -0.96950949 0.29
-0.645 -0.645 -0.3475 -0.005 -0.3975 -1.37 -1.02 -1.1425 -0.655 -1.0899759 -0.8575 -1.01 -0.2175 -0.2175 -0.0025 -0.013712382 -0.82 -0.81992028 -0.5275 -0.1625 -0.1625 -0.25107305 -0.5825 -0.82749536 -0.8275 -0.8275 -0.69 -0.4625 -0.4625 -0.8425 -0.8425 -0.85484827 -0.775 -1.2 -0.9125 -1.065 -1.275 -1.4825 -0.87 0.035089576 -0.77500001 -0.70704221 -0.59 -0.35 -0.35 -0.8325 -0.8325 -0.8325 -0.425 -0.425 -0.175 -0.175 -0.17499983
-0.645 -0.645 -0.55 -1.225 -0.44 -0.5825 -0.95749999 -1.1375623 -1.3175 -1.345 -0.62 -1.355 -1.0104581 -0.0025 -0.0025 -0.0024939436 0.05 0.019690091 -0.5275 -0.385 -0.385 0.5825 0.5825 -0.8275 -0.8275 -0.8275 -0.4625 -0.4625 -0.4625 -0.92 -0.92 -0.91999976 -0.5775 -0.5775 -1.3825 -0.965 -0.6 -1.2299987 -0.82 0.05 0.05 -0.57750004 -0.59 -0.35 -0.47750005 -0.5725 -0.37697035 -0.375 0.4 0.4 -0.175 -0.175 -0.175
-0.645 -0.604182 -0.83804658 -1.4149766 -0.3175 -0.3125 -0.9575 -1.1375 -1.3174985 -1.3446953 -1.355 -1.355 0.14 -0.0024999998 -0.0025 0.049999998 0.05 0.049967133 -0.5275 -0.385 -0.19500268 0.5825 0.5825 -0.82744349 -0.8275 -0.76339969 -0.6325 -0.6325 -0.63249998 -0.92 -0.92 -0.535 -0.535 -0.57750221 -1.3825 -0.36250032 -0.67696967 -1.23 -1.23 0.04999998 -0.5775 -0.5775 -0.57749928 -0.4775 -0.4775 -0.5725 -0.375 -0.375 0.4 0.4 -0.175 -0.175 -0.175
-0.765 -0.32842309 -0.30003373 -0.30806227 -0.31750004 -0.31250012 -0.95749998 -1.1352843 -1.3050962 -1.3182181 0.14 0.14 0.14 0.14 -0.0024798139 0.05 0.05 0.042543555 -0.5275 -0.38479763 0.3175 0.3175 0.3175 0.3175 -0.80796968 -0.6325 -0.6325 -0.6325 -0.6325 -0.63260409 -0.535 -0.535 -0.535 -0.535 -0.3625 -0.3625 -0.3625 -1.1879969 -1.2207996 -0.005 -0.005 -0.57746921 -0.072513865 -0.47746099 -0.4775 -0.5725 -0.375 -0.375 0.4 0.4 -0.17291396 -0.175 -0.43620195
-0.765 -0.3 -0.3 -0.3 -0.3 -0.30000001 -0.95584891 -1.0426926 -1.2720039 0.13842974 0.14 0.14 0.14 0.14 0.14000035 0.049999999 0.049999909 0.010387442 -0.52748922 0.3175 0.3175 0.3175 0.3175 0.3175 0.31749624 -0.40678286 -0.40250005 -0.4025 -0.4025 -0.4025 -0.53499999 -0.535 -0.53499939 -0.03 -0.03 -0.3625 0.26699414 0.285 -0.0049998323 -0.005 -0.005 -0.005 -0.0725 -0.0725 -0.0725 -0.075979544 -0.22850071 -0.2275 -0.2275 -0.2275 -0.22749999 0.68749982 0.6875
0.86 -0.3 -0.3 -0.3 -0.3 -0.3 -0.30000004 -0.68408868 0.6123145 0.6225 0.6225 0.6225 0.6225 0.6225 0.6225 0.88940977 0.063358379 -0.029078846 0.31739395 0.3175 0.3175 0.3175 0.3175 0.3175006 0.3175 0.3175 0.31749899 -0.4025 -0.4025 -0.40119841 0.2475 0.2475 -0.03 -0.03 -0.03 0.23454058 0.285 0.285 0.285 -0.005 -0.005 -0.005 -0.0725 -0.0725 -0.0725 -0.0725 -0.22749999 -0.2275 -0.2275 -0.2275 -0.2275 0.6875 0.6875
0.86 0.42814518 -0.3 -0.3 -0.3 -0.3 0.10492051 0.105 0.10500001 0.6225 0.6225 0.6225 0.6225 0.6225 0.68261541 0.895 0.895 0.895 0.83342437 0.83499947 0.835 0.835 0.835 0.835 0.3175 0.3175 0.3175 0.3175 -0.4025 0.2475 0.2475 0.2475 -0.029999975 -0.03 -0.03 0.625 0.28545017 0.285 0.285 -0.0048894209 0.21563839 0.73029577 -0.0725 -0.0725 0.66272403 0.665 0.665 -0.22565704 0.88858611 0.8924999 0.89249979 1.2524144 0.68750115
0.86 0.30530874 -0.0014328386 -0.3 -0.3 0.10476071 0.105 0.105 0.105 0.10872925 0.6225 0.6225 0.6225 0.62250003 0.895 0.895 0.895 0.895 0.8350536 0.835 0.835 0.835 0.835 0.835 0.31750001 0.3175 0.3175 0.3175 0.31724539 0.2475 0.2475 0.2475 0.96749998 -0.029909294 0.625 0.625 0.625 0.62857476 0.70417768 0.7325 0.7325 0.7325 1.01 1.01 0.665 0.665 0.665 0.8925 0.8925 0.8925 0.8925 1.2525 1.2525
0.2904381 0.29 0.29 0.29 0.13 0.10500064 0.105 0.105 0.105 0.105 0.62477105 0.62250039 0.6225 0.895 0.895 0.895 0.895 0.895 0.88808683 0.835 0.835 0.835 0.835 0.835 0.91436716 1.4374939 1.4375 1.4375 1.4375 0.24750004 0.96749999 0.9675 0.9675 0.9675 0.625 0.62500862 0.9525 0.9525 0.73524703 0.7325 0.7325 0.7325 1.01 1.01 0.71841788 0.665 0.665 0.8925 0.8925 0.8925 0.89636014 1.2525 1.2525
0.29 0.29 0.29 0.21465361 0.13 0.13 0.105 0.105 0.105 0.105 0.6525 0.6525 0.6525 0.895 0.895 0.895 0.895 0.89502314 0.86 0.86 0.83500001 0.835 0.8387736 0.99 0.99402865 1.4375 1.4375 1.4375 1.4375 0.96754786 0.9675 0.9675 0.9675 0.9675 0.95249885 0.9525 0.9525 0.9525 0.95176231 0.7325 0.7325 0.7325 1.01 1.01 1.01 0.665 0.665 0.8925 0.8925 0.8925 1.2525 1.2525 1.2525
0.29 0.29 0.29 0.13 0.13 0.13 0.12999996 0.105 0.105 0.65193482 0.6525 0.6525 0.6525 0.65265109 1.0083191 1.035 1.035 1.035 0.86 0.86 0.86 0.99 0.99 0.99 0.9900007 1.2040867 1.4375 1.4375 1.4375 1.5008227 1.6099368 1.61 1.61 1.61 1.2139224 1.5799986 1.58 1.58 1.58 1.8198512 1.82 1.82 1.01 1.01 1.5999975 1.5999999 1.31 1.31 1.3125 1.3125 1.3125 1.2525 1.1900559
0.29000296 0.29 0.28999999 0.13 0.13 0.13 0.13000001 0.60249986 0.1069892 0.65245013 0.6525 0.6525 0.6525 0.65325057 1.035 1.035 1.035 1.0349999 0.86 0.86 0.86 0.99 0.99 0.99 0.9925 0.9925 1.485 1.485 1.485 1.4856819 1.61 1.61 1.61 1.61 1.5950082 1.58 1.58 1.58 1.58 1.82 1.82 1.82 1.813078 1.6 1.6 1.6 1.31 1.31 1.3125 1.3125 1.3125 1.19 1.19
1.2425 0.8087307 0.93 0.92976791 0.13 0.59976613 0.6025 0.6025 0.74187483 0.59750001 0.5975 0.5975 0.5975 1.0199862 1.02 1.035 1.035 1.030389 0.86 0.86 0.86 0.52 0.52 0.52 0.9925 0.9925 1.485 1.485 1.485 1.485 1.450001 1.4500004 1.6059786 1.6098285 1.6574446 1.6575 1.6575 1.6575 1.6575 1.82 1.82 1.82 1.6121137 1.6 1.6 1.5999998 1.31 1.31 1.3100001 1.3125 1.3124732 0.7125 1.19
1.3674763 1.3674999 0.93 0.93 0.93 0.6025 0.6025 0.6025 0.985 0.985 0.5975 0.5975 0.5975 1.02 1.02 1.02 1.02 1.0199823 0.86 0.86 0.85999999 0.52 0.52 0.52 0.9925 0.9925 1.485 1.485 1.485 1.4503946 1.45 1.45 1.45 1.45 1.6573976 1.6575 1.6575 1.6575 1.6575 1.4675001 1.4675 1.4675 1.4675 1.599993 0.6875 0.6875 0.6875 0.745 0.745 0.745 0.7125 0.7125 0.7125
1.3675 1.3675 0.93 0.93 0.93 0.6042214 0.6025 0.985 0.985 0.985 0.5975477 0.5975 0.86715116 1.02 1.02 1.02 1.02 0.9 0.9 0.9 0.78999999 0.7899998 0.52000132 0.52 0.52051358 1.1625 1.1625 1.1625008 1.4849479 1.4774945 1.4774999 1.4774952 1.450047 1.4500237 1.6205602 1.6574996 1.6541907 0.67 0.67 1.4675 1.4675 1.4675 1.4675 0.6875 0.6875 0.6875 0.6875 0.745 0.745 0.745 0.7125 0.7125 0.7125
1.3675 1.3675 0.93 0.93 0.93 0.93 0.74565858 0.985 0.985 0.985 0.98496824 0.9275 0.9275 0.9275 1.0194549 1.02 0.90079965 0.9 0.9 0.9 0.79 0.79 0.79 0.79 1.1625 1.1625 1.1625 1.1625 1.1625 1.4775 1.4775 1.4775 1.4775 1.4774997 1.355 0.67 0.67 0.67 0.67 0.66999904 0.24 0.24 0.24 0.33355756 0.5275 0.5275 0.5275 0.74499999 0.74500025 1 1 1.4498206 1.45
1.3675 1.3675 1.0879068 0.93 0.93 0.93000001 1.3842902 0.98626058 0.985 0.985 0.92750012 0.9275 0.9275 0.9275 0.9275 0.93507784 0.9 0.9 0.9 0.9 0.79000085 0.79 0.79 0.79 1.1625 1.1625 1.1625 1.1625 1.1625 0.92328269 1.4775 1.4775 1.4775 1.355 1.355 1.3544681 0.67 0.67 0.7093945 0.73999999 0.24 0.24 0.24 0.33375496 0.5275 0.5275 0.5275 1.295 1.0036757 1 1 1.45 1.45
1.8425 1.8425 1.8425 1.1587888 0.9312985 1.385 1.385 1.385 1.385 1.4925 1.4925 0.92750004 0.9275 0.9275 0.9275 0.92749828 0.9 0.9 0.9 0.9 0.83800043 0.79 0.79 0.78496219 0.62265881 1.1625 1.1625 1.1625 0.7275 0.7275 0.7275 0.72750315 1.355 1.355 1.355 1.355 0.74 0.74 0.74 0.74 0.52 0.52 0.52 0.91999196 0.92 0.92 0.91999988 1.295 1.295 1.0003594 1 1.4499994 1.45
1.8425 1.8425 1.8425 1.8424988 1.82 1.7567439 1.385 1.385 1.385 1.4925 1.4925 1.4925 1.5075 1.5075 1.5075 1.5075 0.90123648 0.9 0.9 0.9 0.8983215 0.59750053 0.5975 0.5975 0.5975 0.59749999 -0.034999991 -0.035 0.7275 0.7275 0.7275 0.7275 1.3549998 1.355 1.355 1.3549819 0.74000001 0.74 0.74 0.74122831 0.52 0.52 0.52 0.91998145 0.92 0.92 0.92 1.295 1.295 1.295 1.3325 1.3325 1.3425
1.8425 1.8425 1.8425 1.8200001 1.82 1.82 1.3850002 1.385 1.385 1.4925 1.4925 1.4925 1.5075 1.5075 1.5075 1.5126408 1.575 1.575 1.5749983 0.90381257 0.5975 0.5975 0.5975 0.5975 0.5975 0.59702401 -0.035 -0.035 -0.034999998 0.7275 0.7275 0.72733587 1.1325 1.1325 1.1325 0.865 0.865 1.02 1.02 1.02 1.355 0.52026192 0.52000653 1.395 1.395 1.376998 0.92000189 1.295 1.295 1.3325 1.3325 1.3325 1.3425
1.8425 1.8425 1.8425 1.82 1.82 1.82 1.82 1.385 1.385 1.4925 1.4925 1.5069002 1.5075 1.5075 1.5075 1.575 1.575 1.575 1.575 1.575 0.5975 0.5975 0.5975 0.5975 0.5975 -0.034997842 -0.035 -0.035 -0.035 0.4725 0.4725 0.4725 1.1325 1.1325 1.1325 0.865 0.865 1.02 1.02 1.355 1.355 1.355 1.395 1.395 1.395 1.395 1.3867853 1.295 1.295 1.295 1.3325 1.245 1.245
1.8425 1.8425 1.8424687 1.82 1.82 1.82 1.82 1.9723219 1.98 1.979163 1.4925 1.5075144 1.5075 1.5075 1.5075002 1.575 1.575 1.575 1.575 1.575 1.3024217 0.5975 0.5975 0.5975 0.59743409 -0.034982418 -0.035 -0.035 -0.035 0.4725 0.4725 0.4725 0.47259584 1.1325 0.865 0.865 0.865 0.86500658 1.0200228 1.355 1.355 1.355 1.3949976 1.395 1.395 1.395 1.2949979 1.295 1.295 1.295 1.245 1.245 1.245
1.5825 1.5825005 1.8200034 1.82 1.82 1.82 1.979966 1.98 1.98 1.98 1.68 1.68 1.68 1.68 1.5754846 1.575 1.575 1.575 1.575 1.3325001 1.3325 1.3325 0.27750005 0.2775 0.2775 0.2775 0.25052723 -0.035 0.54247635 0.5425 0.5425 0.5425 0.5425 1.1425 1.1425 1.1425 1.1425 1.1425 1.5575 1.5575 1.5575 1.5575 1.5575 1.0829711 1.0825 1.0825 1.0825 1.295 1.295 1.295 1.2450079 1.245 1.245
1.5825 1.5825 1.5826675 1.6025004 1.6025 1.6028681 1.98 1.98 1.98 1.98 1.68 1.68 1.68 1.68 1.68 1.575 1.575 1.575 1.3325001 1.3325 1.3325 1.3325 0.2775 0.2775 0.2775 0.2775 0.2775 0.27743415 0.54261778 0.5425 0.5425 0.5425 0.54254731 1.3125705 1.1426761 1.1425 1.1425 1.1425 1.5575 1.5575 1.5575 1.5575 1.5575 1.0825 1.0825 1.0825 1.0825 1.1818692 1.295 1.2628626 1.2625 1.175 1.175
1.5825 1.5825 1.6024975 1.6025 1.6025 1.6025 1.6983834 1.98 1.98 1.98 1.68 1.68 1.68 1.68 1.68 1.5750732 1.575 1.3325711 1.3325 1.3325 1.3325 1.3325 0.66833159 0.2775 0.2775 0.2775 0.2775 0.27790375 0.8475 0.8475 0.8475 0.8475 0.8475 1.4425 1.4425 1.4425 1.4425 1.4425 1.945 1.945 1.945 1.945 1.945 1.0833119 1.0825002 1.0825 1.0825564 1.0893077 1.2625 1.2625 1.2625 1.1750005 1.175
1.5824995 1.337374 1.6025 1.6025 1.6025 1.6025 1.6025 1.9798393 1.98 1.98 1.68 1.68 1.68 1.68 0.86354648 0.845 0.845 1.3324875 1.3325 1.3325 1.3325 1.3325 1.3324998 0.2775 0.2775 0.2775 0.2775 0.99499984 0.99499993 0.96360842 0.8475 0.8475 0.8475 1.4425 1.4425 1.4425 1.4425 1.4426168 1.945 1.945 1.945 1.945 1.9449797 1.415 1.415 1.415 1.415 1.4149877 1.2625 1.2625 1.2625 1.2625001 1.3548122
1.3325 1.3325 1.3294317 1.6025 1.6025 1.6025 1.6025 1.6025 1.9798359 0.67000002 0.67 0.67 0.67239694 0.8450012 0.845 0.845 0.845 0.845 1.3324929 1.2717258 0.74 0.74 0.74 0.62209654 0.273098 0.24954373 0.23010992 0.995 0.995 0.995 0.995 0.995 0.99673984 1.6148316 1.615 1.615 1.615 1.615 1.8952187 1.6800005 1.68 1.68 1.68 1.0550011 1.4149999 1.415 1.415 1.61 1.2625056 1.2625 1.2625 1.3575 1.3575
1.3325 1.3325 0.975 0.975 0.975 1.602291 1.6025 1.6025 0.67 0.67 0.67 0.67 0.67 0.84499999 0.845 0.845 0.845 0.845 0.74 0.74 0.74 0.74 0.74 0.22250003 0.2225 0.2225 0.2225 0.995 0.995 0.995 0.995 0.995 1.6 1.6 1.615 1.615 1.615 1.4825226 1.4825 1.68 1.68 1.68 1.6799999 1.055 1.055 1.055 1.61 1.61 1.61 1.5275 1.5275 1.3575 1.3575
1.3325 1.3325 0.975 0.975 0.975 0.975 0.97499594 0.235 0.66959043 0.67 0.67 0.67 0.67 0.84281703 0.845 0.845 0.845 0.845 0.74 0.74 0.74 0.74 0.74 0.2225 0.2225 0.2225 0.2225 0.22250317 0.995 0.995 0.995 1.5999683 1.6 1.6 1.6 1.615 1.4825 1.4825 1.4825 1.4876966 1.0140233 0.89 0.89 1.055 1.055 1.055 1.61 1.61 1.61 1.5275 1.5275 1.5275 0.84577026
0.9775 0.97750279 0.975 0.975 0.975 0.975 0.235 0.235 0.235 0.67 0.67 0.67 0.67 0.6700544 0.845 0.845 0.845 0.845 0.74000169 0.74 0.74 0.73999999 0.31365802 0.2225 0.2225 0.2225 0.2225 0.77749955 0.7775 0.7775 0.99268825 1.6 1.6 1.6 1.5999996 1.215 1.4825 1.4825 1.4825 1.4825 0.89 0.89 0.89 1.4025 1.4025 1.4025 1.6324978 1.61 1.61 1.5275 1.5275 1.5275 0.79250117
0.9775 0.9775 0.975 0.975 0.975 0.235 0.235 0.235 0.235 0.6222981 0.67 0.67 0.67 0.66999818 0.15257969 0.1525 0.1525 0.1525 0.11999692 0.3325 0.3325 0.3325 0.3325 0.2225 0.2225 0.2225 0.22253661 0.7775 0.7775 0.7775 0.7775 1.599933 1.3834486 1.215 1.215 1.215 1.4800073 0.8150139 0.815 0.815 0.89024086 1.1975 1.1975 1.4025 1.4025 1.402501 1.6325 1.6325 1.2025 1.2025 1.2025 1.2575 1.2125
