interpolatedSpi/04-07|19_1.tif
NCOLS 53
NROWS 52
XLLCORNER -116.03883
YLLCORNER 28.596182
DX 0.49850594
DY 0.49788537
NODATA_VALUE -9999
0.07 0.07 0.020343592 -0.35 -0.244 -0.188 -0.156 -0.358 -0.65000874 -0.804 -0.48 -0.364 -0.79197381 -0.474 -0.382 -0.382 -0.382 -0.044 -0.24 -0.24 -0.24 -0.24000497 -0.75599999 -0.186 -0.186 -0.186 -0.32599546 -0.326 -0.326 -0.694 -0.694 -0.694 -0.694 -1.0139999 -1.014 -1.014 -1.014 -1.014 -1.014 -1.014 -0.028613539 -0.01821903 -0.878 -0.878 -0.878 -0.878 -0.87833973 -1.086 -1.086 -1.086 -0.11400202 -0.114 -0.114 
0.070002844 0.134 0.15600039 0.15471693 -0.091995592 0.118 0.498 -0.42795407 -0.936 -0.614 -0.65 -0.792 -0.792 -0.11121375 -0.47399479 -0.382 -0.044 -0.044 -0.23974444 -0.24 -0.24 -0.24 -0.20547572 -0.186 -0.186 -0.186 -0.46999998 -0.47 -0.694 -0.694 -0.694 -0.694 -0.694 -1.014 -1.014 -1.014 -1.014 -1.014 -1.0139999 -0.87100963 -0.17003321 -0.79208982 -0.878 -0.878 -0.878 -0.878 -0.878 -1.086 -1.086 -1.086 -1.0054008 -0.114 -0.114 
0.11399105 0.114 0.496 0.548 -0.016 -0.332 -0.048 0.186 -0.526 -0.566 -0.442 -0.508 -0.176 -0.452 -0.11 -0.588 -0.044 -0.044 -0.044 -0.50192384 -0.502 -0.502 -0.556 -0.186 -0.186 -0.186 -0.47 -0.47 -0.47 -0.694 -0.694 -0.69400001 -0.81627562 -1.0121697 -1.0057532 -0.13611884 -0.128 -0.128 -0.13328249 -0.17 -0.17 -0.17090535 -0.878 -0.878 -0.878 -0.878 -0.878 -1.086 -1.086 -1.086 -1.086 -0.114 -0.114 
-0.064 0.11399991 -0.34004197 0.274 -0.11 0.016 0.008 -0.57 -0.298 -0.20808402 -0.55 -0.616 -0.456 -0.452 -0.4 -0.588 -0.51655087 -0.51566929 -0.83 -0.502 -0.502 -0.32 -0.556 -0.556 -0.186 -0.18600142 -0.47 -0.47 -0.47 -0.898 -0.92543389 -0.948 -0.948 -0.94799936 -0.128 -0.128 -0.128 -0.128 -0.17 -0.17 -0.17 -0.17000003 -0.878 -0.878 -0.878 -0.878 -0.878 -1.0859974 -1.086 -1.086 -1.086 -0.11401431 -0.114 
-0.064 -0.13800037 -0.34 -0.40663065 -0.11 -0.152 -0.27598629 -0.412 -0.492 -0.61800015 -0.62688372 -0.63003008 -0.84 -0.4 -0.4 -0.52465925 -0.516 -0.516 -0.83 -0.83 -0.50199969 -0.32 -0.52 -0.55 -0.282 -0.28202343 -0.47 -0.47 -0.898 -0.898 -0.948 -0.948 -0.948 -0.93442281 -0.128 -0.128 -0.128 -0.17 -0.17 -0.17 -0.17 -0.17004653 -0.878 -0.878 -0.878 -0.878 -0.878 -0.87985146 -1.086 -1.0859761 -0.552 -0.552 -0.552 
-1.24 -0.126 0.20400002 -0.28 0.168 -0.032 -0.46 -0.45385463 -0.808 -0.72 -1.128 -0.85 -0.84999999 -1.636 -1.636 -0.72397006 -0.724 -0.524 -0.524 -0.82999981 -0.872 -0.872 -0.55 -0.282 -0.282 -0.382 -0.836 -0.836 -0.6620216 -0.898 -0.948 -0.948 -0.876 -0.87603782 -1.237974 -1.072 -1.072 -0.44905429 -0.17 -0.17 -0.65139884 -0.652 -0.65199973 -0.18839222 -0.17607759 -0.17600019 -0.17600002 -0.17600026 -0.14759639 -0.552 -0.552 -0.552 -0.552 
-0.24000724 0.16 -0.01368423 -0.284 0.008 -0.496 -0.726 -0.896 -1.056 -1.056 -1.128 -0.996 -1.0859999 -1.636 -0.6000031 -0.6 -0.724 -0.664 -0.614 -0.614 -0.82958616 -0.782 -0.782 -0.408 -0.382 -0.382 -0.836 -0.836 -0.66200734 -0.66213519 -0.86974625 -0.876 -0.876 -1.238 -1.238 -0.8530547 -1.072 -1.072 -1.0360012 -0.65200053 -0.652 -0.652 -0.65199737 -0.17599926 -0.176 -0.176 -0.176 -0.17599992 -0.046 -0.55189972 -0.552 -0.552 -0.552 
-0.24 -0.508 0.122 -0.934 -0.35603314 -1.008 -1.098 -0.898 -1.244 -1.154 -1.154 -0.83 -1.086 -1.086 -0.60333441 -0.76393625 -0.78 -0.796 -0.87399973 -0.614 -0.69414772 -0.65 -0.712 -0.844 -0.84399863 -0.738 -0.652 -0.65200006 -0.78755848 -0.788 -0.87 -0.65705475 -1.076 -1.238 -1.2234542 -0.67 -0.67 -1.036 -1.036 -0.652 -0.652 -0.652 -0.04603756 -0.044000007 -0.176 -0.176 -0.176 -0.046004948 -0.046 -0.046 -0.552 -0.552 -0.552 
-0.490401 -0.50799999 0.126 0.062 -0.33 -0.8 -0.58 -0.548 -0.716 -0.74630263 -0.878 -0.78 -0.78 -0.582 -0.58199716 -1.1609353 -1.162 -1.162 -0.80790682 -0.64000011 -1.17 -1.17 -0.61 -0.67180348 -0.748682 -0.738 -0.71 -0.652 -0.94031481 -0.942 -0.54 -0.67 -0.75461514 -0.93 -0.728 -0.698 -0.894 -1.444 -0.63237495 -0.6515447 -0.55 -0.29 -0.044026377 -0.044 -0.044742967 -0.176 -0.25 -0.046000002 -0.046 -0.046 -0.046 -0.49298347 0.3 
-0.392 -0.392 -0.118 0.12 -0.616 -1.274 -0.746 -0.844 -0.48 -0.75398963 -0.634 -0.738 -0.582 -0.582 -0.28 -0.29209703 -1.162 -1.1618346 -0.458 -0.64 -0.64 -0.70828177 -0.61 -0.82599591 -0.826 -0.826 -0.71 -0.376 -0.376 -0.942 -0.942 -0.67031863 -0.838 -0.93 -0.716 -0.698 -0.894 -1.214 -0.632 0.13142339 -0.29000001 -0.25914349 -0.206 -0.044 -0.044 -0.25 -0.25 -0.25 -0.046 -0.046 -0.078 -0.078 -0.077999858 
-0.392 -0.392 -0.314 -0.818 -0.566 -0.654 -0.908 -0.95012256 -0.966 -1.234 -0.288 -0.93 -0.73825538 -0.28 -0.28 -0.27999469 -0.234 -0.24575657 -0.458 -0.684 -0.684 -0.046 -0.046 -0.826 -0.826 -0.826 -0.376 -0.376 -0.376 -0.582 -0.582 -0.58200042 -0.488 -0.488 -0.794 -0.6 -0.578 -0.81199903 -0.506 0.144 0.144 -0.094000368 -0.206 -0.044 -0.19399995 -0.16 -0.29181912 -0.292 0.214 0.214 -0.078 -0.078 -0.078 
-0.392 -0.35847103 -0.52907478 -0.91999185 -0.626 -0.298 -0.908 -0.95 -0.96599987 -1.2310309 -0.9300004 -0.93 -0.158 -0.28 -0.28 -0.234 -0.234 -0.23401275 -0.458 -0.684 -0.55870978 -0.046 -0.046 -0.82596851 -0.826 -0.70766096 -0.466 -0.466 -0.46599999 -0.582 -0.582 -0.432 -0.432 -0.48800084 -0.794 -0.16000039 -0.59724214 -0.812 -0.812 0.14399999 -0.094 -0.094 -0.094000741 -0.194 -0.194 -0.16 -0.292 -0.292 0.214 0.214 -0.078 -0.078 -0.078 
-0.588 -0.36651544 -0.36401636 -0.3680244 -0.62599839 -0.29800774 -0.90799998 -0.949483 -0.96489744 -0.97299819 -0.158 -0.158 -0.158 -0.158 -0.27998272 -0.234 -0.234 -0.2368922 -0.458 -0.68378794 0.044 0.044 0.044 0.044 -0.81098116 -0.466 -0.466 -0.466 -0.466 -0.46604167 -0.432 -0.432 -0.432 -0.432 -0.16 -0.16 -0.16 -0.78042966 -0.80494009 0.128 0.128 -0.093988059 -0.06400445 -0.19398748 -0.194 -0.16 -0.292 -0.292 0.214 0.214 -0.076940655 -0.078 -0.25232246 
-0.588 -0.364 -0.364 -0.364 -0.364 -0.36399997 -0.90643854 -0.9278749 -0.96195594 -0.15887682 -0.158 -0.158 -0.158 -0.158 -0.1579998 -0.234 -0.23400004 -0.24936487 -0.45799526 0.044 0.044 0.044 0.044 0.044 0.047370177 -0.34723768 -0.37200002 -0.372 -0.372 -0.372 -0.43199999 -0.432 -0.43199938 0.086 0.086 -0.16 0.29693011 0.31 0.12800011 0.128 0.128 0.128 -0.064 -0.064 -0.064 -0.064668073 -0.15089649 -0.15 -0.15 -0.15 -0.14999999 0.24399993 0.244 
0.172 -0.364 -0.364 -0.364 -0.364 -0.364 -0.36400003 -0.68850796 0.12012481 0.126 0.126 0.126 0.126 0.126 0.126 0.40028348 -0.22386343 -0.26467293 0.043936958 0.044 0.044 0.044 0.044 0.044000703 0.2 0.2 0.1999992 -0.372 -0.372 -0.37079854 0.228 0.228 0.086 0.086 0.086 0.27411772 0.31 0.31 0.31 0.128 0.128 0.128 -0.064 -0.064 -0.064 -0.064 -0.14999999 -0.15 -0.15 -0.15 -0.15 0.244 0.244 
0.172 -0.027546711 -0.364 -0.364 -0.364 -0.364 -0.11604867 -0.116 -0.11599999 0.126 0.126 0.126 0.126 0.126 0.18776996 0.406 0.406 0.406 0.64616051 0.64799938 0.648 0.648 0.648 0.648 0.2 0.2 0.2 0.2 -0.372 0.228 0.228 0.228 0.086000013 0.086 0.086 0.504 0.31025686 0.31 0.31 0.12806208 0.25185667 0.54076264 -0.064 -0.064 0.33077792 0.332 0.332 -0.14923919 0.31038552 0.31199996 0.31199991 0.50995969 0.24400054 
0.172 -0.13940562 -0.25469406 -0.364 -0.364 -0.11614653 -0.116 -0.116 -0.116 -0.11425608 0.126 0.126 0.126 0.12600003 0.406 0.406 0.406 0.406 0.64778383 0.648 0.648 0.648 0.648 0.648 0.20000001 0.2 0.2 0.2 0.20010185 0.228 0.228 0.228 0.75399999 0.086058644 0.504 0.504 0.504 0.50625003 0.52731841 0.542 0.542 0.542 0.63 0.63 0.332 0.332 0.332 0.312 0.312 0.312 0.312 0.51 0.51 
-0.14775452 -0.148 -0.148 -0.148 -0.09 -0.11599933 -0.116 -0.116 -0.116 -0.116 0.12539424 0.1259999 0.126 0.406 0.406 0.406 0.406 0.406 0.42976927 0.648 0.648 0.648 0.648 0.648 0.61661569 0.90799616 0.908 0.908 0.908 0.22800003 0.75399999 0.754 0.754 0.754 0.504 0.50400542 0.71 0.71 0.54409773 0.542 0.542 0.542 0.63 0.63 0.37814066 0.332 0.332 0.312 0.312 0.312 0.31412307 0.51 0.51 
-0.148 -0.148 -0.148 -0.12068693 -0.09 -0.09 -0.116 -0.116 -0.116 -0.116 0.118 0.118 0.118 0.406 0.406 0.406 0.406 0.40598843 0.482 0.482 0.64799993 0.648 0.65189533 0.808 0.80890026 0.908 0.908 0.908 0.908 0.75401568 0.754 0.754 0.754 0.754 0.70999928 0.71 0.71 0.71 0.70943293 0.542 0.542 0.542 0.63 0.63 0.63 0.332 0.332 0.31200001 0.312 0.312 0.51 0.51 0.51 
-0.148 -0.148 -0.148 -0.09 -0.09 -0.09 -0.09000004 -0.116 -0.116 0.11775844 0.118 0.118 0.118 0.11817944 0.34934043 0.336 0.336 0.336 0.482 0.482 0.482 0.808 0.808 0.808 0.80797255 0.80414419 0.908 0.908 0.908 0.84538039 0.86198938 0.862 0.862 0.862 0.88210512 1.1239991 1.124 1.124 1.124 1.0919247 1.092 1.092 0.63 0.63 0.83999912 0.83999995 0.712 0.712 0.63 0.63 0.63 0.51 0.65586946 
-0.14799871 -0.148 -0.148 -0.09 -0.09 -0.09 -0.089999999 0.025999959 -0.11543223 0.11797824 0.118 0.118 0.118 0.11842778 0.336 0.336 0.336 0.33600004 0.482 0.482 0.482 0.808 0.808 0.808 0.71 0.71 0.92 0.92 0.92 0.91968359 0.862 0.862 0.862 0.862 0.99292805 1.124 1.124 1.124 1.124 1.092 1.092 1.092 1.0840711 0.84 0.84 0.84 0.712 0.712 0.63 0.63 0.63 0.656 0.656 
0.268 0.082081315 0.282 0.28189208 -0.09 0.025328828 0.026 0.026 0.11928093 0.094000004 0.094 0.094 0.094 0.30199323 0.302 0.33599997 0.336 0.33984689 0.482 0.482 0.482 0.496 0.496 0.496 0.71 0.71 0.92 0.92 0.92 0.92 0.91399967 0.91399985 0.86330694 0.86205575 1.0278116 1.028 1.028 1.028 1.028 1.092 1.092 1.092 0.85387574 0.84 0.84 0.83999989 0.712 0.712 0.71199705 0.63 0.62999124 0.434 0.656 
0.35398367 0.35399999 0.282 0.282 0.282 0.026 0.026 0.026 0.282 0.282 0.094 0.094 0.094 0.302 0.302 0.302 0.302 0.3020201 0.482 0.482 0.482 0.496 0.496 0.496 0.71 0.71 0.92 0.92 0.92 0.91406765 0.914 0.914 0.914 0.914 1.0279437 1.028 1.028 1.028 1.028 0.84600006 0.846 0.846 0.846 0.83999509 0.2 0.2 0.2 0.28 0.28 0.28 0.434 0.434 0.434 
0.354 0.354 0.282 0.282 0.282 0.027345582 0.026 0.282 0.282 0.282 0.094023143 0.094 0.21656871 0.30199999 0.302 0.302 0.302 0.326 0.326 0.326 0.508 0.50799999 0.49600006 0.496 0.49625928 0.832 0.832 0.83200021 0.91998578 0.89000478 0.89000013 0.89000419 0.91395898 0.91397929 1.0076803 1.0279998 1.0260094 0.434 0.434 0.846 0.846 0.846 0.846 0.2 0.2 0.2 0.2 0.28 0.28 0.28 0.434 0.434 0.434 
0.354 0.354 0.282 0.282 0.282 0.282 0.12181332 0.282 0.282 0.282 0.28197901 0.244 0.244 0.244 0.30165819 0.302 0.32584007 0.326 0.326 0.326 0.508 0.508 0.508 0.508 0.832 0.832 0.832 0.832 0.832 0.89 0.89 0.89 0.89 0.89000014 0.956 0.434 0.434 0.434 0.434 0.43399899 0.05 0.05 0.05 0.070827046 0.114 0.114 0.114 0.28 0.27999992 0.198 0.198 0.43799903 0.438 
0.354 0.354 0.30798694 0.282 0.282 0.28200001 0.64934697 0.28315973 0.282 0.282 0.24400008 0.244 0.244 0.244 0.244 0.24876627 0.326 0.326 0.326 0.326 0.50799859 0.508 0.508 0.508 0.832 0.832 0.832 0.832 0.832 0.69934924 0.89 0.89 0.89 0.956 0.956 0.95559465 0.434 0.434 0.40923775 0.39 0.05 0.05 0.05 0.07132515 0.114 0.114 0.114 0.304 0.19932075 0.198 0.198 0.438 0.438 
0.692 0.692 0.692 0.38479827 0.28306205 0.65 0.65 0.65 0.65 0.622 0.622 0.24400003 0.244 0.244 0.244 0.2440052 0.326 0.326 0.326 0.326 0.4285811 0.508 0.508 0.50444082 0.39248328 0.832 0.832 0.832 0.632 0.632 0.632 0.63200108 0.956 0.956 0.956 0.956 0.39 0.39 0.39 0.39 0.03 0.03 0.03 0.32999397 0.33 0.33 0.32999993 0.304 0.304 0.19812916 0.198 0.43799968 0.438 
0.692 0.692 0.692 0.69201712 1.01 0.95765008 0.65 0.65 0.65 0.622 0.622 0.622 0.40799999 0.408 0.408 0.408 0.32669243 0.326 0.326 0.326 0.32875234 0.37200037 0.372 0.372 0.372 0.37199999 0.012000006 0.012 0.632 0.632 0.632 0.632 0.95599988 0.956 0.956 0.95598599 0.39 0.39 0.39 0.39009651 0.03 0.03 0.03 0.32998609 0.33 0.33 0.33 0.304 0.304 0.30400001 0.374 0.374 0.512 
0.692 0.692 0.692 1.0099993 1.01 1.01 0.65000014 0.65 0.65 0.622 0.622 0.622 0.408 0.408 0.408 0.43054323 0.704 0.704 0.70399902 0.32813504 0.372 0.372 0.372 0.372 0.372 0.37172908 0.012 0.012 0.012000001 0.632 0.632 0.63163054 0.784 0.784 0.784 0.252 0.252 0.412 0.412 0.412 0.578 0.030171892 0.03000397 0.562 0.562 0.55320746 0.33000057 0.304 0.304 0.374 0.374 0.374 0.512 
0.692 0.692 0.692 1.01 1.01 1.01 1.01 0.65 0.65 0.622 0.622 0.41655691 0.408 0.408 0.408 0.704 0.704 0.704 0.704 0.704 0.372 0.372 0.372 0.372 0.372 0.012001228 0.012 0.012 0.012 0.058 0.058 0.058 0.784 0.784 0.784 0.252 0.252 0.412 0.412 0.578 0.578 0.578 0.562 0.562 0.562 0.562 0.58138677 0.798 0.798 0.798 0.37400001 0.718 0.718 
0.692 0.692 0.69244283 1.01 1.01 1.01 1.01 0.85196605 0.844 0.84361886 0.622 0.40801709 0.408 0.408 0.40800102 0.704 0.704 0.704 0.704 0.704 0.58683565 0.372 0.372 0.372 0.37197281 0.012012828 0.012 0.012 0.012 0.058 0.058 0.058 0.058105091 0.784 0.252 0.252 0.252 0.25200663 0.41201132 0.578 0.578 0.578 0.56200097 0.562 0.562 0.562 0.79799892 0.798 0.798 0.798 0.718 0.718 0.718 
0.6 0.60000016 1.0098183 1.01 1.01 1.01 0.84403532 0.844 0.844 0.844 0.61200001 0.612 0.612 0.612 0.70357535 0.704 0.704 0.704 0.704 0.59600006 0.596 0.596 0.24000002 0.24 0.24 0.24 0.22032067 0.012 0.093996642 0.094 0.094 0.094 0.094 0.318 0.318 0.318 0.318 0.318 0.626 0.626 0.626 0.626 0.626 0.69180403 0.692 0.692 0.692 0.798 0.798 0.798 0.7180126 0.718 0.718 
0.6 0.6 0.60010059 0.6120008 0.61200009 0.61222644 0.844 0.844 0.844 0.844 0.612 0.612 0.612 0.612 0.612 0.704 0.704 0.704 0.59600003 0.596 0.596 0.596 0.24 0.24 0.24 0.24 0.24 0.23995161 0.093963701 0.094 0.094 0.094 0.093985418 0.35654931 0.31803992 0.318 0.318 0.318 0.626 0.626 0.626 0.626 0.626 0.692 0.692 0.692 0.692 0.74156767 0.798 0.8118438 0.812 0.714 0.714 
0.6 0.6 0.61199848 0.612 0.612 0.612 0.67092702 0.844 0.844 0.844 0.612 0.612 0.612 0.612 0.612 0.7039254 0.704 0.59603166 0.596 0.596 0.596 0.596 0.37188251 0.24 0.24 0.24 0.24 0.23983015 8.3493501e-12 -4.4408921e-17 -4.4408921e-17 -4.4408921e-17 7.7369799e-15 0.386 0.386 0.386 0.386 0.386 0.778 0.778 0.778 0.778 0.778 0.69204395 0.69200001 0.692 0.69200305 0.69238441 0.812 0.812 0.812 0.71400055 0.714 
0.59999979 0.49018355 0.61199998 0.612 0.612 0.612 0.612 0.84390122 0.844 0.844 0.612 0.612 0.612 0.612 0.20132877 0.192 0.192 0.5959896 0.596 0.596 0.596 0.596 0.59599993 0.24 0.24 0.24 0.24 0.32599969 0.32599985 0.25661928 -4.4408914e-17 -4.440787e-17 4.266544e-14 0.386 0.386 0.386 0.386 0.3860298 0.778 0.778 0.778 0.778 0.77800153 0.71 0.71 0.71 0.71 0.71000823 0.812 0.812 0.812 0.81200005 0.88543743 
0.488 0.488 0.46646946 0.612 0.612 0.612 0.612 0.612 0.84389896 -0.029999986 -0.03 -0.03 -0.028476403 0.1920006 0.192 0.192 0.192 0.192 0.5959976 0.5754855 0.396 0.396 0.396 0.35629438 0.23967985 0.23796682 0.23657277 0.326 0.326 0.326 0.326 0.326 0.31886602 0.43327724 0.43 0.43 0.43 0.43 0.78175692 0.79799996 0.798 0.798 0.798 0.49400063 0.70999994 0.71 0.71 0.766 0.81199926 0.812 0.812 0.888 0.888 
0.488 0.488 0.188 0.188 0.188 0.61185876 0.612 0.612 -0.03 -0.03 -0.03 -0.03 -0.03 0.19199999 0.192 0.192 0.192 0.192 0.396 0.396 0.396 0.396 0.396 0.23600001 0.236 0.236 0.236 0.326 0.326 0.326 0.326 0.326 0.722 0.722 0.43 0.43 0.43 0.48998978 0.49 0.798 0.798 0.798 0.79799994 0.494 0.494 0.494 0.766 0.766 0.766 0.762 0.762 0.888 0.888 
0.488 0.488 0.188 0.188 0.188 0.188 0.18799828 -0.126 -0.030090387 -0.03 -0.03 -0.03 -0.03 0.18923075 0.192 0.192 0.192 0.192 0.396 0.396 0.396 0.396 0.396 0.236 0.236 0.236 0.236 0.23600038 0.326 0.326 0.326 0.72197924 0.722 0.722 0.722 0.43 0.49 0.49 0.49 0.49810406 0.49451695 0.438 0.438 0.494 0.494 0.494 0.766 0.766 0.766 0.762 0.762 0.762 0.55831925 
0.428 0.42800047 0.188 0.188 0.188 0.188 -0.126 -0.126 -0.126 -0.03 -0.03 -0.03 -0.03 -0.029930987 0.192 0.192 0.192 0.192 0.39599633 0.396 0.396 0.396 0.26418277 0.236 0.236 0.236 0.236 0.42399985 0.424 0.424 0.3270666 0.722 0.722 0.722 0.72199973 0.434 0.49 0.49 0.49 0.49 0.438 0.438 0.438 0.668 0.668 0.668 0.72200429 0.766 0.766 0.762 0.762 0.762 0.52400043 
0.428 0.428 0.188 0.188 0.188 -0.126 -0.126 -0.126 -0.126 -0.040531227 -0.030000001 -0.03 -0.030000001 -0.029999461 0.078013119 0.078 0.078 0.078 0.18109004 0.214 0.214 0.214 0.214 0.236 0.236 0.236 0.2360124 0.424 0.424 0.424 0.424 0.72196588 0.56000833 0.434 0.434 0.434 0.48922335 0.28200433 0.282 0.282 0.43811749 0.588 0.588 0.668 0.668 0.66800023 0.722 0.722 0.76 0.76 0.76 0.712 0.678 
0.428 0.428 -0.04 -0.04 -0.04 -0.126 -0.126 -0.126 -0.126 -0.298 -0.298 -0.298 -0.298 -0.2715024 0.078 0.078 0.078 0.078 0.18 0.214 0.214 0.214 0.214 0.12 0.12000005 0.23599983 0.424 0.424 0.424 0.424 0.47057732 0.516 0.44375688 0.434 0.434 0.434 0.282 0.282 0.282 0.282 0.588 0.588 0.588 0.92189468 0.922 0.72289899 0.722 0.722 0.76000068 0.76 0.712 0.712 0.678 
0.428 -0.039999998 -0.04 -0.04 -0.04 -0.04 -0.12638814 -0.176 -0.176 -0.298 -0.298 -0.298 -0.298 -0.29791095 0.078 0.078 0.078 0.082608684 0.18 0.18 0.214 0.214 0.12 0.12 0.12 0.12 0.424 0.424 0.424 0.424 0.516 0.516 0.516 0.43408298 0.434 0.434 0.282 0.282 0.282 0.282 0.588 0.588 0.588 0.922 0.922 0.92200057 0.932 0.932 0.91 0.91 0.712 0.712 0.678 
-0.035604898 -0.04 -0.04 -0.04 -0.04 -0.04 -0.176 -0.176 -0.176 -0.2412995 -0.298 -0.298 -0.298 -0.29799649 0.078 0.078 0.078 0.18 0.18 0.18 0.2139983 0.21399943 0.12 0.12 0.12 0.12 0.42397839 0.424 0.424 0.51597884 0.516 0.516 0.516 0.516 0.43425812 0.476 0.476 0.47264249 0.282 0.282 0.58799973 0.588 0.91228888 0.922 0.922 0.932 0.932 0.932 0.91 0.91 0.604 0.604 0.6 
-0.04 -0.04 -0.04 -0.04 -0.04 -0.04 -0.176 -0.176 -0.176 -0.176 -0.20600265 -0.206 -0.206 -0.206 0.077999379 0.002360832 -0.04 -0.04 0.17959443 0.18 0.18000001 0.12000014 0.12 0.12 0.12 0.12 0.12022102 0.424 0.42400314 0.516 0.516 0.516 0.516 0.516 0.476 0.476 0.476 0.476 0.476 0.47599935 0.496 0.496 0.49599995 0.342 0.342 0.342 0.618 0.618 0.578 0.578 0.604 0.60399999 0.6 
-0.04 -0.04 -0.04 -0.04 -0.04 -0.04 -0.176 -0.176 -0.176 -0.206 -0.206 -0.206 -0.206 -0.206 -0.1622428 -0.04 -0.04 -0.04 -0.04 -0.04 -0.029495724 0.12 0.12 0.12 0.12 0.13174398 0.49341395 0.43353088 0.5155463 0.516 0.516 0.516 0.516 0.51599991 0.476 0.476 0.476 0.476 0.476 0.48530395 0.496 0.496 0.496 0.342 0.342 0.342 0.618 0.618 0.578 0.578 0.514 0.59525586 0.6 
-0.04 -0.04 -0.04 -0.04 -0.04 -0.040000041 -0.17599997 -0.176 -0.17724517 -0.206 -0.206 -0.206 -0.206 -0.206 -0.19803762 -0.04 -0.04 -0.04 -0.04 -0.04 -0.04 0.43514371 0.49399948 0.494 0.494 0.494 0.494 0.494 0.42308251 0.42200111 0.422 0.422 0.422 0.42200004 0.476 0.476 0.476 0.476 0.476 0.496 0.496 0.496 0.496 0.49599993 0.34215391 0.438 0.61799998 0.6592734 0.57807185 0.514 0.514 0.50639209 0.148 
-0.04 -0.04 -0.04 -0.04 -0.04 -0.040008688 -0.17599266 -0.17600182 -0.20599996 -0.206 -0.206 -0.206 -0.206 -0.206 -0.20284137 -0.04 -0.04 -0.04 -0.04 -0.04 -0.04 0.494 0.494 0.494 0.494 0.494 0.494 0.494 0.42201988 0.422 0.422 0.422 0.422 0.422 0.43679599 0.476 0.476 0.476 0.476 0.496 0.496 0.496 0.496 0.49598514 0.438 0.438 0.43939139 0.66 0.66 0.514 0.514 0.148 0.148 
-0.04 -0.04 -0.04 -0.04 -0.040000001 -0.040181375 -0.17583941 -0.2026147 -0.206 -0.206 -0.206 -0.206 -0.206 -0.206 -0.20309388 -0.04 -0.04 -0.04 -0.04 -0.04 0.036031897 0.494 0.494 0.494 0.494 0.494 0.494 0.494 0.42200029 0.422 0.422 0.422 0.422 0.422 0.422 0.34939683 0.15259316 0.044983444 0.02860748 0.46926008 0.49599999 0.496 0.496 0.43800463 0.438 0.43938485 0.66999995 0.66 0.66 0.32004231 0.32 0.32 0.14800007 
-0.04 -0.04 -0.04 -0.04 -0.040000138 -0.0411342 -0.1776409 -0.20599175 -0.206 -0.206 -0.206 -0.206 -0.206 -0.206 -0.20212364 -0.04 -0.04 -0.04 -0.04 -0.039999997 0.49399769 0.494 0.494 0.494 0.494 0.494 0.494 0.494 0.42200002 0.422 0.422 0.422 0.422 0.422 0.42199992 0.02 0.02 0.02 0.02 0.08 0.08 0.08 0.08 0.66999933 0.67 0.67 0.67 0.6699983 0.514 0.514 0.32 0.32 0.17900241 
-0.04 -0.04 -0.04 -0.04000001 -0.040003798 -0.04370582 -0.20370771 -0.20599961 -0.206 -0.206 -0.206 -0.206 -0.206 -0.206 -0.20036494 -0.040000068 -0.04 -0.04 -0.04 -0.036786088 0.494 0.494 0.494 0.494 0.494 0.494 0.494 0.494 0.42200002 0.422 0.422 0.422 0.422 0.422 0.020000369 0.02 0.02 0.02 0.02 0.08 0.08 0.08 0.08 0.23923846 0.67 0.67 0.67 0.51400175 0.514 0.514 0.118 0.118 0.118 
-0.04 -0.04 -0.040000006 -0.040000308 -0.0400373 -0.055239378 -0.20586062 -0.2059999 -0.206 -0.206 -0.206 -0.206 -0.206 -0.20599999 -0.19798256 -0.040003904 -0.04 -0.04 -0.039999388 0.48318031 0.494 0.494 0.494 0.494 0.494 0.494 0.494 0.494 0.42200007 0.422 0.422 0.422 0.422 0.086724814 0.019999983 0.02 0.02 0.02 0.02 0.08 0.08 0.08 0.08 0.08 0.67 0.67 0.67 0.514 0.514 0.514 0.118 0.118 0.118 
-0.040000001 -0.040000009 -0.040000129 -0.04000365 -0.040231332 -0.13524544 -0.20597223 -0.20599994 -0.206 -0.206 -0.206 -0.206 -0.206 -0.20599969 -0.19515011 -0.040060625 -0.040000003 -0.039999982 -0.037235223 0.49395459 0.494 0.494 0.494 0.494 0.494 0.494 0.494 0.49399996 0.42200045 0.422 0.42199968 0.0042637772 -0.036 -0.036 -0.036 0.02 0.02 0.02 0.02 0.08 0.08 0.08 0.08 0.08 0.66998954 0.67 0.66999992 0.51400001 0.514 0.51399978 0.118 0.118 0.118 
