interpolatedSpi/04-09|20_2.tif
NCOLS 53
NROWS 52
XLLCORNER -116.03883
YLLCORNER 28.596182
DX 0.49850594
DY 0.49788537
NODATA_VALUE -9999
[rows 0 to 28 of 52, columns 0 to 52 of 53]
0.13833333 0.13833333 -0.066655264 -0.425 0.055 0.28833333 0.58333333 0.70166667 0.13789458 -0.15666667 -0.075 0.37166667 0.21169535 0.56 0.21166667 0.21166667 0.21166667 0.18 0.32833333 0.32833333 0.32833333 0.32833492 0.49333333 0.19833333 0.19833333 0.19833333 0.88333438 0.88333333 0.88333333 0.375 0.375 0.375 0.375 0.90166656 0.90166667 0.90166667 0.90166667 0.90166667 0.90166667 0.90166668 1.4804318 1.4864815 0.76 0.76 0.76 0.76 0.76062067 1.14 1.14 1.14 1.3599995 1.36 1.36
0.13832119 -0.135 0.16000058 0.25622991 0.46320844 0.59833333 0.44833333 0.51354864 0.10166667 0.38 0.255 0.21166667 0.21166667 0.73275536 0.55999902 0.21166667 0.18 0.18 0.32813993 0.32833333 0.32833333 0.32833333 0.16718972 0.19833333 0.19833333 0.19833333 0.18166667 0.18166667 0.375 0.375 0.375 0.375 0.375 0.90166659 0.90166667 0.90166667 0.90166667 0.90166667 0.90166662 0.78188489 0.19003103 0.69083506 0.76 0.76 0.76 0.76 0.76 1.14 1.14 1.14 1.1582426 1.36 1.36
0.82496977 0.825 0.665 1.0383333 0.76166667 0.49333333 0.7 0.26166667 0.545 0.435 0.60333333 -0.061666667 -0.55166667 0.055 0.73333333 0.90333333 0.18 0.18 0.18 0.18337549 0.18333333 0.18333333 -0.39333333 0.19833333 0.19833333 0.19833333 0.18166667 0.18166667 0.18166667 0.375 0.375 0.37499996 -0.024562056 0.89911304 0.89516667 0.20973249 0.20333333 0.20333333 0.20165635 0.19 0.19 0.19072889 0.76 0.76 0.76 0.76 0.76 1.14 1.14 1.14 1.14 1.36 1.36
0.345 0.82499989 0.30166207 0.55833333 0.086666667 0.63 1.2 0.066666667 0.53 0.45336565 0.68 0.62166667 0.275 0.055 0.51 0.90333333 -0.30567859 -0.31465317 -0.073333333 0.18333333 0.18333333 -0.635 -0.39333333 -0.39333333 0.19833333 0.19833325 0.18166667 0.18166667 0.18166667 -0.54333333 -0.4948668 -0.455 -0.455 -0.45499948 0.20333333 0.20333333 0.20333333 0.20333333 0.19 0.19 0.19 0.19000002 0.76 0.76 0.76 0.76 0.76 1.1399952 1.14 1.14 1.14 1.3599267 1.36
0.345 -0.049999355 0.30166667 0.44334531 0.086666667 0.575 0.66165311 0.22166667 0.12 0.2916667 0.39775754 0.44669961 0.67666667 0.51 0.51 0.754037 -0.315 -0.315 -0.073333333 -0.073333333 0.18333165 -0.635 -0.69333333 -0.28833333 -0.40833333 -0.40835267 0.18166667 0.18166667 -0.54333333 -0.54333333 -0.455 -0.455 -0.455 -0.33902748 0.20333333 0.20333333 0.20333333 0.19 0.19 0.19 0.19 0.19003781 0.76 0.76 0.76 0.76 0.76 0.76338247 1.14 1.1399092 -0.885 -0.885 -0.885
-0.87166667 -0.0083333333 0.36333333 0.235 0.575 0.58166667 0.36333333 0.34519594 0.525 0.225 0.48 -0.295 -0.29499936 0.0083333333 0.0083333333 -0.1983285 -0.19833333 -0.40166667 -0.40166667 -0.073333702 -1.0766667 -1.0766667 -0.28833333 -0.40833333 -0.40833333 -0.49166667 -0.80333333 -0.80333333 -0.10004023 -0.54333333 -0.455 -0.455 0.16 0.15999251 0.088338332 -0.31166667 -0.31166667 0.034797965 0.19 0.19 0.58117817 0.58166667 0.58166741 -0.37133659 -0.39153938 -0.39166636 -0.39166663 -0.39166624 -0.82921097 -0.885 -0.885 -0.885 -0.885
-0.75500061 -0.37833333 -0.68804572 0.11 0.62666667 0.04 0.13 0.36 0.0083333333 0.0083333332 0.48 -0.12666667 -0.26333343 0.0083333333 -0.17833277 -0.17833333 -0.19833333 -0.45833333 -0.49166667 -0.49166667 -1.0766667 -1.0766667 -1.0766667 -0.90833333 -0.49166667 -0.49166667 -0.80333333 -0.80333333 -0.09999864 -0.099974965 0.39686685 0.16 0.16 0.088333333 0.088333333 -0.65660536 -0.31166667 -0.31166667 -1.1416379 0.58166427 0.58166667 0.58166667 0.58166929 -0.39166488 -0.39166667 -0.39166667 -0.39166667 -0.39166696 -0.88833333 -0.88500066 -0.885 -0.885 -0.885
-0.755 -1.1166667 -0.51666667 -0.93 -1.1533205 -0.395 -0.145 -0.36833332 -0.36833333 -0.29333333 -0.29333333 -0.65833333 -0.26333333 -0.26333333 -0.17891651 -0.22994289 -0.235 -0.26833333 -0.49333333 -0.49166667 -0.96089324 -0.92 -1.145 -0.88833333 -0.88833391 -0.93333333 -1.0683333 -1.0683332 -0.07674843 -0.076666657 0.39833333 0.23162931 0.088333333 0.088333333 0.07540372 -0.945 -0.945 -1.1416667 -1.1416667 0.58166667 0.58166667 0.58166667 -0.070839815 -0.071666683 -0.39166667 -0.39166667 -0.39166667 -0.88831443 -0.88833333 -0.88833333 -0.885 -0.885 -0.885
-1.092645 -1.1166667 -0.835 -0.73833333 -0.205 -0.48833333 -0.24166667 0.35166667 0.20666667 0.093696338 -0.29666667 -0.50833333 -0.50833333 -0.84 -0.83999524 -0.56740431 -0.56833333 -0.56833333 -0.30267993 -1.4983333 -1.4016667 -1.4016667 -0.91 -1.0523904 -0.92879852 -0.93333333 -0.81166667 -1.0683333 -0.71539624 -0.71333333 0.27166667 0.735 0.46554361 -0.36166667 -0.365 -0.495 -0.53333333 -0.48833333 -0.71156354 0.58313227 0.91 -0.029999997 -0.071664766 -0.071666667 -0.0734678 -0.39166667 -0.73499998 -0.88833333 -0.88833333 -0.88833333 -0.88833333 -0.94144337 -0.61
-0.95833333 -0.95833333 -0.75833333 -0.77166667 -0.18833333 0.04 -0.12666667 -0.05 0.24833333 0.064998353 -0.32833333 -0.35833333 -0.84 -0.84 -0.33333333 -0.33655646 -0.56833333 -0.56839901 -0.885 -1.4983333 -1.4983333 -1.4858794 -0.91 -1.0966631 -1.0966667 -1.0966667 -0.81166667 -0.49666667 -0.49666667 -0.71333333 -0.71333333 0.73398531 0.2 -0.36166667 -0.16666667 -0.495 -0.53333333 -0.92666667 -0.71166667 0.51971427 -0.029999958 -0.041020182 -0.06 -0.071666667 -0.071666667 -0.735 -0.735 -0.735 -0.88833333 -0.88833333 -1.3383333 -1.3383333 -1.3383331
-0.95833333 -0.95833333 -1.0816667 -0.97333333 -0.87666667 -0.38 -0.58999999 0.0099117153 -0.061666667 -0.068333333 -0.038333333 -0.19666667 -0.35811882 -0.33333333 -0.33333333 -0.33336448 -0.60333333 -0.61811652 -0.885 -0.76333333 -0.76333333 -0.92833333 -0.92833333 -1.0966667 -1.0966667 -1.0966667 -0.49666667 -0.49666667 -0.49666667 -0.80333333 -0.80333333 -0.80333168 -0.405 -0.405 -0.34 -0.75166667 -0.58 -0.33666586 -0.84666667 0.54 0.54 0.098332813 -0.06 -0.071666667 -0.59666671 -0.79333333 -0.79640108 -0.79666667 -1.1216667 -1.1216667 -1.3383333 -1.3383333 -1.3383333
-0.95833333 -1.0115615 -1.035437 -1.1116599 -0.84333333 -0.99 -0.59 0.01 -0.061666068 -0.068259475 -0.1966665 -0.19666667 -0.38333333 -0.33333333 -0.33333333 -0.60333332 -0.60333333 -0.60334936 -0.885 -0.76333333 -0.79573598 -0.92833333 -0.92833333 -1.0966596 -1.0966667 -1.0561246 -0.97333333 -0.97333333 -0.97333327 -0.80333333 -0.80333333 -0.67166667 -0.67166667 -0.40499982 -0.34 -0.055000346 -0.52574654 -0.33666667 -0.33666667 0.53999999 0.098333333 0.098333333 0.098328282 -0.59666667 -0.59666667 -0.79333333 -0.79666667 -0.79666667 -1.1216667 -1.1216667 -1.3383333 -1.3383333 -1.3383333
-0.28166667 -0.16982637 -0.093366288 -0.10070947 -0.84333406 -0.98999654 -0.59000001 0.0026143454 -0.0567281 -0.061840751 -0.38333333 -0.38333333 -0.38333333 -0.38333333 -0.33334042 -0.60333333 -0.60333333 -0.6069701 -0.885 -0.76328059 -0.57833333 -0.57833333 -0.57833333 -0.57833333 -1.0877958 -0.97333333 -0.97333333 -0.97333333 -0.97333333 -0.97318899 -0.67166667 -0.67166667 -0.67166667 -0.67166667 -0.055 -0.055 -0.055 -0.32297478 -0.33258594 0.20666667 0.20666667 0.09833916 -0.22834594 -0.59663119 -0.59666667 -0.79333333 -0.79666667 -0.79666667 -1.1216667 -1.1216667 -1.3375473 -1.3383333 -0.75687847
-0.28166667 -0.093333333 -0.093333333 -0.093333333 -0.093333333 -0.09333371 -0.59102387 -0.30611163 -0.043552477 -0.38298708 -0.38333333 -0.38333333 -0.38333333 -0.38333333 -0.38333334 -0.60333333 -0.60333338 -0.62265374 -0.88499508 -0.57833333 -0.57833333 -0.57833333 -0.57833333 -0.57833333 -0.58182958 -0.85516793 -0.81000003 -0.81 -0.81 -0.81 -0.67166667 -0.67166667 -0.67166671 -0.70666667 -0.70666667 -0.055 0.11513355 0.12 0.20666662 0.20666667 0.20666667 0.20666667 -0.22833333 -0.22833333 -0.22833333 -0.23226522 -0.81488002 -0.815 -0.815 -0.815 -0.81500001 0.16666636 0.16666667
-0.29166667 -0.093333333 -0.093333333 -0.093333333 -0.093333333 -0.093333333 -0.093333367 -0.52450096 -0.39156562 -0.39333333 -0.39333333 -0.39333333 -0.39333333 -0.39333333 -0.39333333 -0.61869863 -0.60367577 -0.64190291 -0.5783718 -0.57833333 -0.57833333 -0.57833333 -0.57833333 -0.57833341 -0.74 -0.74 -0.7400001 -0.81 -0.81 -0.81013683 -0.87833333 -0.87833333 -0.70666667 -0.70666667 -0.70666667 -0.012422998 0.12 0.12 0.12 0.20666667 0.20666667 0.20666667 -0.22833333 -0.22833333 -0.22833333 -0.22833333 -0.81499999 -0.815 -0.815 -0.815 -0.815 0.16666667 0.16666667
-0.29166667 -0.21782942 -0.093333333 -0.093333333 -0.093333333 -0.093333333 -0.71321165 -0.71333333 -0.71333333 -0.39333333 -0.39333333 -0.39333333 -0.39333333 -0.39333333 -0.44407294 -0.62333333 -0.62333333 -0.62333333 -0.64313538 -0.64333327 -0.64333333 -0.64333333 -0.64333333 -0.64333333 -0.74 -0.74 -0.74 -0.74 -0.81 -0.87833333 -0.87833333 -0.87833333 -0.70666668 -0.70666667 -0.70666667 0.13166667 0.12001545 0.12 0.12 0.20660348 0.080516353 -0.21373973 -0.22833333 -0.22833333 -0.41774698 -0.41833333 -0.41833333 -0.81360551 0.030368792 0.033333259 0.033333173 0.21499264 0.16666676
-0.29166667 -0.17975513 -0.13550384 -0.093333333 -0.093333333 -0.71296701 -0.71333333 -0.71333333 -0.71333333 -0.71102732 -0.39333333 -0.39333333 -0.39333333 -0.39333336 -0.62333333 -0.62333333 -0.62333333 -0.62333333 -0.64331547 -0.64333333 -0.64333333 -0.64333333 -0.64333333 -0.64333333 -0.74 -0.74 -0.74 -0.74 -0.74050316 -0.87833333 -0.87833333 -0.87833333 -0.33333335 -0.70657238 0.13166667 0.13166667 0.13166667 0.12673746 -0.19379581 -0.215 -0.215 -0.215 -0.34166667 -0.34166667 -0.41833333 -0.41833333 -0.41833333 0.033333328 0.033333333 0.033333333 0.033333333 0.215 0.215
-0.17663947 -0.17666667 -0.17666667 -0.17666667 -0.415 -0.71332564 -0.71333333 -0.71333333 -0.71333333 -0.71333333 -0.39245019 -0.39333318 -0.39333333 -0.62333333 -0.62333333 -0.62333333 -0.62333333 -0.62333333 -0.66614515 -0.64333333 -0.64333333 -0.64333333 -0.64333333 -0.64333333 -0.58484021 -0.41666842 -0.41666667 -0.41666667 -0.41666667 -0.87833331 -0.33333334 -0.33333333 -0.33333333 -0.33333333 0.13166667 0.13165486 -0.31666667 -0.31666667 -0.21626946 -0.215 -0.215 -0.215 -0.34166667 -0.34166667 -0.40646269 -0.41833333 -0.41833333 0.033333333 0.033333333 0.033333333 0.035281272 0.215 0.215
-0.17666667 -0.17666667 -0.17666667 -0.28890139 -0.415 -0.415 -0.71333333 -0.71333333 -0.71333333 -0.71333333 -0.38166667 -0.38166667 -0.38166667 -0.62333333 -0.62333333 -0.62333333 -0.62333333 -0.62338814 -1.2766667 -1.2766667 -0.64333359 -0.64333333 -0.64913575 -0.88166667 -0.87748047 -0.41666667 -0.41666667 -0.41666667 -0.41666667 -0.33334182 -0.33333333 -0.33333333 -0.33333333 -0.33333333 -0.31666509 -0.31666667 -0.31666667 -0.31666667 -0.31630325 -0.215 -0.215 -0.215 -0.34166667 -0.34166667 -0.34166667 -0.41833333 -0.41833333 0.033333327 0.033333333 0.033333333 0.215 0.215 0.215
-0.17666667 -0.17666667 -0.17666667 -0.415 -0.415 -0.415 -0.41500046 -0.71333333 -0.71333333 -0.38200904 -0.38166667 -0.38166667 -0.38166667 -0.38181724 -0.89179177 -0.955 -0.955 -0.955 -1.2766667 -1.2766667 -1.2766667 -0.88166667 -0.88166667 -0.88166667 -0.88160691 -0.54867195 -0.41666667 -0.41666667 -0.41666667 -0.07099331 -0.0083652984 -0.0083333333 -0.0083333333 -0.0083333334 -0.27404559 -0.21500023 -0.215 -0.215 -0.215 -0.38997606 -0.39 -0.39 -0.34166667 -0.34166667 0.088331538 0.088333295 -0.02 -0.02 0.04 0.04 0.04 0.215 0.29492847
-0.17666573 -0.17666667 -0.17666668 -0.415 -0.415 -0.415 -0.415 -0.40166676 -0.71208717 -0.38156692 -0.38166667 -0.38166667 -0.38166667 -0.3827917 -0.955 -0.955 -0.955 -0.95500009 -1.2766667 -1.2766667 -1.2766667 -0.88166667 -0.88166667 -0.88166667 -0.66833333 -0.66833333 -0.57333333 -0.57333333 -0.57333333 -0.57025108 -0.0083333333 -0.0083333333 -0.0083333333 -0.0083333333 -0.11160999 -0.215 -0.215 -0.215 -0.215 -0.39 -0.39 -0.39 -0.3749498 0.088333333 0.088333333 0.088333333 -0.02 -0.02 0.04 0.04 0.04 0.29499999 0.295
0.125 -0.025887815 -0.34833333 -0.34835267 -0.415 -0.40174381 -0.40166667 -0.40166667 -0.36765799 -0.27166667 -0.27166667 -0.27166667 -0.27166667 -0.99830968 -0.99833333 -0.95500003 -0.955 -0.96347544 -1.2766667 -1.2766667 -1.2766667 -1.1283333 -1.1283333 -1.1283333 -0.66833333 -0.66833333 -0.57333333 -0.57333333 -0.57333333 -0.57333301 -0.12999923 -0.12999966 -0.011391242 -0.0084637684 -0.60598187 -0.60666667 -0.60666667 -0.60666667 -0.60666667 -0.39 -0.39 -0.39 0.06199446 0.088333333 0.088333333 0.088333237 -0.02 -0.02 -0.01999784 0.04 0.040004621 0.14333333 0.295
-0.23326528 -0.23333335 -0.34833333 -0.34833333 -0.34833333 -0.40166667 -0.40166667 -0.40166667 -0.30833333 -0.30833333 -0.27166667 -0.27166667 -0.27166667 -0.99833333 -0.99833333 -0.99833333 -0.99833333 -0.99836406 -1.2766667 -1.2766667 -1.2766667 -1.1283333 -1.1283333 -1.1283333 -0.66833333 -0.66833333 -0.57333333 -0.57333333 -0.57333333 -0.13499862 -0.13 -0.13 -0.13 -0.13 -0.60643146 -0.60666667 -0.60666667 -0.60666667 -0.60666667 -0.90499987 -0.905 -0.905 -0.905 0.08832919 -0.45166667 -0.45166667 -0.45166667 0.0016666667 0.0016666667 0.0016666667 0.14333333 0.14333333 0.14333333
-0.23333333 -0.23333333 -0.34833333 -0.34833333 -0.34833333 -0.40138634 -0.40166667 -0.30833333 -0.30833333 -0.30833333 -0.27167118 -0.27166667 -0.9008527 -0.99833334 -0.99833333 -0.99833333 -0.99833333 -1.2483333 -1.2483333 -1.2483333 -1.2416667 -1.2416666 -1.1283339 -1.1283333 -1.1282002 -1.1216667 -1.1216667 -1.1216654 -0.57342195 -0.19998605 -0.19999963 -0.19998778 -0.13011964 -0.13006041 -0.52181644 -0.60666676 -0.6074933 -0.85333333 -0.85333333 -0.905 -0.905 -0.905 -0.905 -0.45166667 -0.45166667 -0.45166667 -0.45166667 0.0016666667 0.0016666667 0.0016666667 0.14333333 0.14333333 0.14333333
-0.23333333 -0.23333333 -0.34833333 -0.34833333 -0.34833333 -0.34833333 -0.36673473 -0.30833333 -0.30833333 -0.30833333 -0.30873841 -1.0416667 -1.0416667 -1.0416667 -0.99858871 -0.99833333 -1.2466674 -1.2483333 -1.2483333 -1.2483333 -1.2416667 -1.2416667 -1.2416667 -1.2416667 -1.1216667 -1.1216667 -1.1216667 -1.1216667 -1.1216667 -0.2 -0.2 -0.2 -0.2 -0.20000043 -0.40333333 -0.85333333 -0.85333333 -0.85333333 -0.85333333 -0.85333425 -1.1366667 -1.1366667 -1.1366667 -0.96745031 -0.61666667 -0.61666667 -0.61666667 0.0016666489 0.0016665632 -0.105 -0.105 0.056687751 0.056666667
-0.23333333 -0.23333333 -0.30682641 -0.34833333 -0.34833333 -0.34833336 -1.4163636 -0.31183144 -0.30833333 -0.30833333 -1.0416667 -1.0416667 -1.0416667 -1.0416667 -1.0416667 -1.0381455 -1.2483333 -1.2483333 -1.2483333 -1.2483333 -1.2416667 -1.2416667 -1.2416667 -1.2416667 -1.1216667 -1.1216667 -1.1216667 -1.1216667 -1.1216667 -0.63105791 -0.2 -0.2 -0.2 -0.40333333 -0.40333333 -0.40368277 -0.85333333 -0.85333333 -0.75109524 -0.67166668 -1.1366667 -1.1366667 -1.1366667 -0.96877315 -0.61666667 -0.61666667 -0.61666667 -0.25666667 -0.10688975 -0.105 -0.105 0.056666667 0.056666667
-1.0833333 -1.0833333 -1.0833333 -0.53261804 -0.35046832 -1.4183333 -1.4183333 -1.4183333 -1.4183333 -1.29 -1.29 -1.0416667 -1.0416667 -1.0416667 -1.0416667 -1.0416798 -1.2483333 -1.2483333 -1.2483333 -1.2483333 -1.2445758 -1.2416667 -1.2416667 -1.237872 -1.0977799 -1.1216667 -1.1216667 -1.1216667 -0.78333333 -0.78333333 -0.78333333 -0.78333088 -0.40333333 -0.40333333 -0.40333333 -0.40333333 -0.67166667 -0.67166667 -0.67166667 -0.67166667 -0.84666667 -0.84666667 -0.84666667 -0.38167602 -0.38166667 -0.38166667 -0.38166674 -0.25666667 -0.25666667 -0.1051848 -0.105 0.056665986 0.056666667
-1.0833333 -1.0833333 -1.0833333 -1.0833723 -1.8066667 -1.7501966 -1.4183333 -1.4183333 -1.4183333 -1.29 -1.29 -1.29 -1.2333333 -1.2333333 -1.2333333 -1.2333333 -1.2482692 -1.2483333 -1.2483333 -1.2483333 -1.2482243 -1.0966671 -1.0966667 -1.0966667 -1.0966667 -1.0966667 -0.96166667 -0.96166667 -0.78333333 -0.78333333 -0.78333333 -0.78333333 -0.40333348 -0.40333333 -0.40333333 -0.40334976 -0.67166666 -0.67166667 -0.67166667 -0.66998505 -0.84666667 -0.84666667 -0.84666667 -0.38168823 -0.38166667 -0.38166667 -0.38166667 -0.25666667 -0.25666667 -0.25666664 -0.078333333 -0.078333333 0.14666667
-1.0833333 -1.0833333 -1.0833333 -1.806665 -1.8066667 -1.8066667 -1.4183335 -1.4183333 -1.4183333 -1.29 -1.29 -1.29 -1.2333333 -1.2333333 -1.2333333 -1.2318101 -1.2133333 -1.2133333 -1.2133334 -1.2481356 -1.0966667 -1.0966667 -1.0966667 -1.0966667 -1.0966667 -1.0965651 -0.96166667 -0.96166667 -0.96166667 -0.78333333 -0.78333333 -0.78327326 -0.605 -0.605 -0.605 -0.27833333 -0.27833333 -0.28833333 -0.28833333 -0.28833333 0.046666667 -0.84638645 -0.84665935 0.13333333 0.13333333 0.11381542 -0.38166509 -0.25666667 -0.25666667 -0.078333333 -0.078333333 -0.078333333 0.14666667
