interpolatedSpi/04-08|19_2.tif
NCOLS 53
NROWS 52
XLLCORNER -116.03883
YLLCORNER 28.596182
DX 0.49850594
DY 0.49788537
NODATA_VALUE -9999
0.298 0.298 0.19713504 -0.302 0.1 0.2 0.058 -0.038 -0.58735247 -0.786 -0.622 0.088 -0.33200099 -0.344 -0.09 -0.09 -0.09 0.034 0.05 0.05 0.05 0.04999632 -0.332 0.084 0.084 0.084 -0.28999266 -0.29 -0.29 -0.612 -0.612 -0.612 -0.612 -1.0379999 -1.038 -1.038 -1.038 -1.038 -1.038 -1.038 -0.020954431 -0.01020884 -0.83 -0.83 -0.83 -0.83 -0.83066314 -1.236 -1.236 -1.236 0.27399686 0.274 0.274 
0.29800471 0.404 0.45800051 0.40667738 0.042051795 0.346 0.858 -0.094028707 -0.752 -0.38 -0.002 -0.332 -0.332 -0.0031403885 -0.34399363 -0.09 0.034 0.034 0.049979138 0.05 0.05 0.05 0.048206777 0.084 0.084 0.084 -0.40399997 -0.404 -0.612 -0.612 -0.612 -0.612 -0.612 -1.0379999 -1.038 -1.038 -1.038 -1.038 -1.0379999 -0.87023668 -0.03005124 -0.73292647 -0.83 -0.83 -0.83 -0.83 -0.83 -1.236 -1.236 -1.236 -1.1107894 0.274 0.274 
0.29399845 0.294 0.902 0.702 0.072 -0.104 0.084 0.552 -0.376 -0.398 -0.144 -0.216 0.188 -0.3 -0.002 -0.66 0.034 0.034 0.034 -0.36387965 -0.364 -0.364 -0.596 0.084 0.084 0.084 -0.404 -0.404 -0.404 -0.612 -0.612 -0.61200002 -0.76893642 -1.0361686 -1.0298835 -0.17399055 -0.166 -0.166 -0.14889478 -0.030000001 -0.03 -0.031022998 -0.83 -0.83 -0.83 -0.83 -0.83 -1.236 -1.236 -1.236 -1.236 0.274 0.274 
0.148 0.29399985 -0.4680386 0.284 -0.212 0.18 0.212 -0.276 -0.17 0.021825496 -0.402 -0.642 -0.22 -0.3 -0.302 -0.66 -0.48137717 -0.47963986 -0.83 -0.364 -0.364 -0.018 -0.596 -0.596 0.084 0.083997563 -0.404 -0.404 -0.404 -1.244 -1.0761046 -0.938 -0.938 -0.9379994 -0.166 -0.166 -0.166 -0.166 -0.03 -0.03 -0.03 -0.03000003 -0.83 -0.83 -0.83 -0.83 -0.83 -1.2359949 -1.236 -1.236 -1.236 0.27395911 0.274 
0.148 0.039999068 -0.468 -0.54829803 -0.212 0.04 -0.085988845 -0.266 -0.346 -0.61400025 -0.63681351 -0.64603839 -0.914 -0.302 -0.302 -0.53870912 -0.48 -0.48 -0.83 -0.83 -0.36399938 -0.018 -0.296 -0.434 -0.156 -0.15596919 -0.404 -0.404 -1.244 -1.244 -0.938 -0.938 -0.938 -0.95195456 -0.166 -0.166 -0.166 -0.03 -0.03 -0.03 -0.03 -0.030066798 -0.83 -0.83 -0.83 -0.83 -0.83 -0.8336139 -1.236 -1.2359884 -0.978 -0.978 -0.978 
-1.364 0.074 0.046000031 -0.334 0.278 0.322 -0.53 -0.49620044 -0.904 -0.9 -0.964 -1.084 -1.0839999 -1.49 -1.49 -0.54794833 -0.548 -0.482 -0.482 -0.82999964 -0.696 -0.696 -0.434 -0.156 -0.156 -0.024 -0.916 -0.916 -0.73804594 -1.244 -0.938 -0.938 -1.012 -1.0120639 -1.6239561 -1.336 -1.336 -0.43404091 -0.03 -0.03 -0.72113693 -0.722 -0.72199971 -0.3270382 -0.31805659 -0.31800014 -0.31800002 -0.31800019 -0.046499444 -0.978 -0.978 -0.978 -0.978 
-0.10800716 0.27 0.18172562 -0.045999999 0.24 -0.58 -0.662 -0.764 -1.066 -1.066 -0.964 -0.756 -0.64599996 -1.49 -0.33400346 -0.334 -0.548 -0.422 -0.426 -0.426 -0.64416086 -0.586 -0.586 -0.088000001 -0.024 -0.024 -0.916 -0.916 -0.73799977 -0.73799571 -0.69212968 -1.012 -1.012 -1.624 -1.624 -1.036448 -1.336 -1.336 -1.0600096 -0.72200047 -0.722 -0.722 -0.72199696 -0.31799807 -0.318 -0.318 -0.318 -0.31799972 0.154 -0.97777567 -0.978 -0.978 -0.978 
-0.108 -0.308 0.454 -0.952 -0.21204242 -1.136 -1.356 -0.86600001 -1.124 -0.83 -0.83 -0.468 -0.646 -0.646 -0.33614061 -0.31760637 -0.316 -0.568 -0.65399977 -0.426 -0.31333894 -0.304 -0.298 -0.748 -0.74799678 -0.498 -0.134 -0.13400028 -0.73401402 -0.734 -0.692 -0.77144313 -1.428 -1.624 -1.5931971 -0.786 -0.786 -1.06 -1.06 -0.722 -0.722 -0.722 0.025107763 0.027999982 -0.318 -0.318 -0.318 0.15398203 0.154 0.154 -0.978 -0.978 -0.978 
-0.31528235 -0.30799999 0.508 0.152 -0.132 -0.706 -0.604 -0.672 -1.106 -0.95448685 -0.994 -0.482 -0.482 -0.114 -0.11399878 -0.64308584 -0.644 -0.644 -0.58112803 0.049999903 -0.414 -0.414 -0.068 -0.20736079 -0.5231934 -0.498 -0.368 -0.134 -0.48594291 -0.488 -0.588 -0.468 -0.50930322 -0.602 -0.544 -0.532 -0.782 -1.288 -0.47837403 -0.72150006 -0.61 -0.336 0.027945947 0.028 0.026052525 -0.318 -0.20800001 0.154 0.154 0.154 0.154 -0.87615291 0.294 
-0.356 -0.356 0.148 0.256 -0.454 -1.18 -0.872 -0.856 -0.704 -0.9160163 -0.906 -0.81 -0.114 -0.114 0.016 0.0069478018 -0.644 -0.64393122 -0.396 0.05 0.05 -0.0097787538 -0.068 -0.38399402 -0.384 -0.384 -0.368 -0.17 -0.17 -0.488 -0.488 -0.46815552 -0.55 -0.602 -0.46 -0.532 -0.782 -0.908 -0.478 0.011928939 -0.33600001 -0.32424514 -0.304 0.028 0.028 -0.208 -0.208 -0.208 0.154 0.154 -0.16 -0.16 -0.15999983 
-0.356 -0.356 -0.118 -0.822 -0.528 -0.61 -0.928 -1.0341226 -1.118 -1.29 -0.514 -1.22 -0.8105448 0.016 0.016 0.016014997 0.146 0.1175533 -0.396 -0.084 -0.084 0.588 0.588 -0.384 -0.384 -0.384 -0.17 -0.17 -0.17 -0.274 -0.274 -0.27400046 -0.202 -0.202 -0.804 -0.544 -0.504 -1.191999 -0.248 0.02 0.02 -0.30999998 -0.304 0.028 -0.14999998 -0.166 -0.15423257 -0.154 0.594 0.594 -0.16 -0.16 -0.16 
-0.356 -0.25343635 -0.41842191 -0.90398534 -0.528 -0.14 -0.928 -1.034 -1.1179993 -1.2880944 -1.2200001 -1.22 -0.02 0.016 0.016 0.146 0.146 0.14596915 -0.396 -0.084 0.047967129 0.588 0.588 -0.38396104 -0.384 -0.3268028 -0.21 -0.21 -0.20999999 -0.274 -0.274 -0.344 -0.344 -0.20200165 -0.804 -0.32200021 -0.59508085 -1.192 -1.192 0.019999989 -0.31 -0.31 -0.30999884 -0.15 -0.15 -0.166 -0.154 -0.154 0.594 0.594 -0.16 -0.16 -0.16 
-0.66 -0.25977585 -0.26202006 -0.26664558 -0.52799813 -0.14000916 -0.92799998 -1.0326952 -1.1122115 -1.1224914 -0.02 -0.02 -0.02 -0.02 0.0159949 0.146 0.146 0.13900192 -0.396 -0.083858453 0.412 0.412 0.412 0.412 -0.37039007 -0.21 -0.21 -0.21 -0.21 -0.21001908 -0.344 -0.344 -0.344 -0.344 -0.322 -0.322 -0.322 -1.1499114 -1.1829273 0.016 0.016 -0.30998247 -0.22799733 -0.15000751 -0.15 -0.166 -0.154 -0.154 0.59399999 0.594 -0.15726457 -0.16 -0.39352074 
-0.66 -0.262 -0.262 -0.262 -0.262 -0.26199995 -0.9259829 -0.97816613 -1.0967685 -0.021186732 -0.02 -0.02 -0.02 -0.02 -0.019999764 0.146 0.14599991 0.1088225 -0.39598983 0.412 0.412 0.412 0.412 0.412 0.41368362 -0.10443064 -0.14400001 -0.144 -0.144 -0.144 -0.34399999 -0.344 -0.34399942 0.142 0.142 -0.322 0.36436736 0.384 0.016000213 0.016 0.016 0.016 -0.228 -0.228 -0.228 -0.22756854 -0.39244097 -0.394 -0.394 -0.394 -0.39399998 0.3399999 0.34 
0.378 -0.262 -0.262 -0.262 -0.262 -0.262 -0.26200004 -0.71760463 0.29642087 0.304 0.304 0.304 0.304 0.304 0.304 0.70763337 0.15499742 0.071782236 0.41189859 0.412 0.412 0.412 0.412 0.41200076 0.49 0.49 0.48999911 -0.144 -0.144 -0.14304684 0.332 0.332 0.142 0.142 0.142 0.34523429 0.384 0.384 0.384 0.016 0.016 0.016 -0.228 -0.228 -0.228 -0.228 -0.39399999 -0.394 -0.394 -0.394 -0.394 0.34 0.34 
0.378 0.13973527 -0.262 -0.262 -0.262 -0.262 -0.13002591 -0.13 -0.12999999 0.304 0.304 0.304 0.304 0.304 0.39489008 0.716 0.716 0.716 1.0620142 1.0639993 1.064 1.064 1.064 1.064 0.49 0.49 0.49 0.49 -0.144 0.332 0.332 0.332 0.14200002 0.142 0.142 0.506 0.38416153 0.384 0.384 0.01608163 0.17874886 0.5583741 -0.228 -0.228 0.29837056 0.3 0.3 -0.39273912 0.36932318 0.37199993 0.37199985 0.64395392 0.34000062 
0.378 -0.09494737 -0.18406891 -0.262 -0.262 -0.13007799 -0.13 -0.13 -0.13 -0.12687247 0.304 0.304 0.304 0.30400005 0.716 0.716 0.716 0.716 1.0636891 1.064 1.064 1.064 1.064 1.064 0.49000001 0.49 0.49 0.49 0.4894253 0.332 0.332 0.332 1.076 0.14205957 0.506 0.506 0.506 0.51091559 0.54887072 0.56 0.56 0.56 0.624 0.624 0.3 0.3 0.3 0.372 0.372 0.372 0.372 0.644 0.644 
-0.10769209 -0.108 -0.108 -0.108 -0.246 -0.13000299 -0.13 -0.13 -0.13 -0.13 0.29249219 0.30399802 0.304 0.716 0.716 0.716 0.716 0.716 0.75704334 1.064 1.064 1.064 1.064 1.064 1.0401945 1.4399949 1.44 1.44 1.44 0.33200004 1.076 1.076 1.076 1.076 0.506 0.5060118 0.954 0.954 0.56491968 0.56 0.56 0.56 0.624 0.624 0.35016636 0.3 0.3 0.372 0.372 0.372 0.37491655 0.644 0.644 
-0.108 -0.108 -0.108 -0.17298626 -0.246 -0.246 -0.13 -0.13 -0.13 -0.13 0.152 0.152 0.152 0.716 0.716 0.716 0.716 0.71598513 0.934 0.934 1.0639999 1.064 1.0714985 1.372 1.3726122 1.44 1.44 1.44 1.44 1.0760371 1.076 1.076 1.076 1.076 0.95399843 0.954 0.954 0.954 0.95265094 0.56 0.56 0.56 0.624 0.624 0.624 0.3 0.3 0.37200001 0.372 0.372 0.644 0.644 0.644 
-0.108 -0.108 -0.108 -0.246 -0.246 -0.246 -0.24599982 -0.13 -0.13 0.15170889 0.152 0.152 0.152 0.1523514 0.64315198 0.626 0.626 0.626 0.934 0.934 0.934 1.372 1.372 1.372 1.3719529 1.3162123 1.44 1.44 1.44 1.5023825 1.5899494 1.59 1.59 1.59 1.2197539 1.5919986 1.592 1.592 1.592 1.21791 1.218 1.218 0.624 0.624 0.98999847 0.98999996 0.87 0.87 0.788 0.788 0.788 0.644 0.86580151 
-0.10799879 -0.108 -0.108 -0.246 -0.246 -0.246 -0.246 -0.09400001 -0.12985606 0.15186942 0.152 0.152 0.152 0.15293012 0.626 0.626 0.626 0.62600009 0.934 0.934 0.934 1.372 1.372 1.372 1.204 1.204 1.492 1.492 1.492 1.4925346 1.59 1.59 1.59 1.59 1.5909994 1.592 1.592 1.592 1.592 1.218 1.218 1.218 1.2108262 0.99 0.99 0.99 0.87 0.87 0.788 0.788 0.788 0.866 0.866 
0.282 0.112068 0.356 0.35582535 -0.246 -0.094879467 -0.094 -0.094 0.023329918 0.008000005 0.008 0.008 0.008 0.30799023 0.308 0.62599976 0.626 0.63411535 0.934 0.934 0.934 0.828 0.828 0.828 1.204 1.204 1.492 1.492 1.492 1.492 1.5060005 1.5060002 1.5878888 1.5899099 1.3442821 1.344 1.344 1.344 1.344 1.218 1.218 1.218 1.0025541 0.99 0.99 0.98999985 0.87 0.87 0.86999705 0.788 0.7879907 0.58 0.866 
0.57394455 0.57399996 0.356 0.356 0.356 -0.094 -0.094 -0.094 0.228 0.228 0.008 0.008 0.008 0.308 0.308 0.308 0.308 0.30807068 0.934 0.934 0.934 0.828 0.828 0.828 1.204 1.204 1.492 1.492 1.492 1.5058421 1.506 1.506 1.506 1.506 1.3440799 1.344 1.344 1.344 1.344 0.8260001 0.826 0.826 0.826 0.98999363 0.16 0.16 0.16 0.344 0.344 0.344 0.58 0.58 0.58 
0.574 0.574 0.356 0.356 0.356 -0.09163472 -0.094 0.228 0.228 0.228 0.0080270822 0.008 -0.023050739 0.30799992 0.308 0.308 0.308 0.21 0.21 0.21 0.51600001 0.51600023 0.82799848 0.828 0.82833086 1.208 1.208 1.2080007 1.4919541 1.4300151 1.4300004 1.4300133 1.5058701 1.5059344 1.372803 1.3439996 1.3407493 0.374 0.374 0.826 0.826 0.826 0.826 0.16 0.16 0.16 0.16 0.344 0.344 0.344 0.58 0.58 0.58 
0.574 0.574 0.356 0.356 0.356 0.356 0.026515194 0.228 0.228 0.228 0.22785749 -0.03 -0.03 -0.03 0.30600809 0.308 0.21065305 0.21 0.21 0.21 0.516 0.516 0.516 0.516 1.208 1.208 1.208 1.208 1.208 1.43 1.43 1.43 1.43 1.4300001 1.474 0.374 0.374 0.374 0.374 0.37399894 -0.032 -0.032 -0.032 0.029828685 0.158 0.158 0.158 0.34399999 0.34399999 0.332 0.332 0.64598394 0.646 
0.574 0.574 0.43468269 0.356 0.356 0.356 0.48154927 0.22880047 0.228 0.228 -0.029999895 -0.03 -0.03 -0.03 -0.03 -0.0022595268 0.21 0.21 0.21 0.21 0.51599763 0.516 0.516 0.516 1.208 1.208 1.208 1.208 1.208 1.0339194 1.43 1.43 1.43 1.474 1.474 1.4731458 0.374 0.374 0.48768126 0.57599998 -0.032 -0.032 -0.032 0.030244489 0.158 0.158 0.158 0.466 0.33366963 0.332 0.332 0.646 0.646 
0.692 0.692 0.692 0.44024444 0.35673237 0.482 0.482 0.482 0.482 0.47 0.47 -0.029999965 -0.03 -0.03 -0.03 -0.029984778 0.21 0.21 0.21 0.21 0.38247153 0.516 0.516 0.50835824 0.26781641 1.208 1.208 1.208 0.894 0.894 0.894 0.89400225 1.474 1.474 1.474 1.474 0.576 0.576 0.576 0.576 0.076 0.076 0.076 0.49799152 0.498 0.498 0.49799989 0.466 0.466 0.33216327 0.332 0.6459997 0.646 
0.692 0.692 0.692 0.69200905 0.86 0.80503259 0.482 0.482 0.482 0.47 0.47 0.47 0.25399999 0.254 0.254 0.254 0.2105239 0.21 0.21 0.21 0.21462411 0.2240008 0.224 0.224 0.224 0.22400001 0.094000009 0.094 0.894 0.894 0.894 0.894 1.4739998 1.474 1.474 1.4739738 0.57600001 0.576 0.576 0.57735992 0.076 0.076 0.076 0.49798043 0.498 0.498 0.498 0.466 0.466 0.46600002 0.586 0.586 0.546 
0.692 0.692 0.692 0.85999961 0.86 0.86 0.48200014 0.482 0.482 0.47 0.47 0.47 0.254 0.254 0.254 0.27243061 0.496 0.496 0.49599926 0.2116154 0.224 0.224 0.224 0.224 0.224 0.22390217 0.094 0.094 0.094000002 0.894 0.894 0.89377601 1.152 1.152 1.152 0.814 0.814 0.886 0.886 0.886 1.152 0.07633751 0.076006761 0.982 0.982 0.96365695 0.49800122 0.466 0.466 0.586 0.586 0.586 0.546 
0.692 0.692 0.692 0.86 0.86 0.86 0.86 0.482 0.482 0.47 0.47 0.26263688 0.254 0.254 0.254 0.496 0.496 0.496 0.496 0.496 0.224 0.224 0.224 0.224 0.224 0.094000444 0.094 0.094 0.094 0.546 0.546 0.546 1.152 1.152 1.152 0.814 0.814 0.886 0.886 1.152 1.152 1.152 0.982 0.982 0.982 0.982 0.98479301 1.016 1.016 1.016 0.58600001 0.896 0.896 
0.692 0.692 0.69223395 0.86 0.86 0.86 0.86 0.80097527 0.798 0.79743687 0.47 0.2540139 0.254 0.254 0.25400084 0.496 0.496 0.496 0.496 0.496 0.36403065 0.224 0.224 0.224 0.2239621 0.093996962 0.094 0.094 0.094 0.546 0.546 0.546 0.54608599 1.152 0.814 0.814 0.814 0.81400302 0.88601814 1.152 1.152 1.152 0.98201032 0.982 0.982 0.982 1.0160002 1.016 1.016 1.016 0.896 0.896 0.896 
0.454 0.45400042 0.85989731 0.86 0.86 0.86 0.79801319 0.798 0.798 0.798 0.42000001 0.42 0.42 0.42 0.4956492 0.496 0.496 0.496 0.496 0.37000008 0.37 0.37 0.040000031 0.04 0.04 0.04 0.044660895 0.094 0.36398894 0.364 0.364 0.364 0.364 0.898 0.898 0.898 0.898 0.898 1.314 1.314 1.314 1.314 1.314 1.0399126 1.04 1.04 1.04 1.016 1.016 1.016 0.89601891 0.896 0.896 
0.454 0.454 0.45316287 0.35400102 0.35400011 0.35443318 0.798 0.798 0.798 0.798 0.42 0.42 0.42 0.42 0.42 0.496 0.496 0.496 0.37000003 0.37 0.37 0.37 0.040000001 0.04 0.04 0.04 0.04 0.040011751 0.36398224 0.364 0.364 0.364 0.36399286 0.86965492 0.89797065 0.898 0.898 0.898 1.314 1.314 1.314 1.314 1.314 1.04 1.04 1.04 1.04 1.0287771 1.016 1.1761926 1.178 0.844 0.844 
0.454 0.454 0.35401267 0.354 0.354 0.354 0.46677413 0.798 0.798 0.798 0.42 0.42 0.42 0.42 0.42 0.49593676 0.496 0.37003694 0.37 0.37 0.37 0.37 0.16225064 0.04 0.04 0.04 0.04 0.040196966 0.318 0.318 0.318 0.318 0.318 0.848 0.848 0.848 0.848 0.848 1.534 1.534 1.534 1.534 1.534 1.0404346 1.0400001 1.04 1.0400302 1.0436504 1.178 1.178 1.178 0.84400187 0.844 
0.45399945 0.1618098 0.35399997 0.354 0.354 0.354 0.354 0.79781095 0.798 0.798 0.42 0.42 0.42 0.42 -0.092361248 -0.104 -0.104 0.3699878 0.37 0.37 0.37 0.37 0.36999991 0.04 0.04 0.04 0.04 0.52399979 0.5239999 0.48015819 0.318 0.318 0.318 0.848 0.848 0.848 0.848 0.84806096 1.534 1.534 1.534 1.534 1.5340018 1.218 1.218 1.218 1.218 1.2179968 1.178 1.178 1.178 1.178 1.238109 
0.156 0.156 0.16088595 0.354 0.354 0.354 0.354 0.354 0.79780831 -0.17999998 -0.18 -0.18 -0.17857608 -0.10399925 -0.104 -0.104 -0.104 -0.104 0.36999695 0.34394659 0.116 0.116 0.116 0.096612789 0.039039564 0.03390045 0.029847438 0.524 0.524 0.524 0.524 0.524 0.52112252 0.93773063 0.938 0.938 0.938 0.938 1.5385082 1.558 1.558 1.558 1.558 1.0040006 1.2179999 1.218 1.218 1.352 1.1780028 1.178 1.178 1.244 1.244 
0.156 0.156 -0.057999998 -0.058 -0.058 0.35386276 0.354 0.354 -0.18 -0.18 -0.18 -0.18 -0.18 -0.104 -0.104 -0.104 -0.104 -0.104 0.116 0.116 0.116 0.116 0.116 0.028000005 0.028 0.028 0.028 0.524 0.524 0.524 0.524 0.524 0.914 0.914 0.938 0.938 0.938 1.0139871 1.014 1.558 1.558 1.558 1.5579999 1.004 1.004 1.004 1.352 1.352 1.352 1.238 1.238 1.244 1.244 
0.156 0.156 -0.058 -0.058 -0.058 -0.058 -0.058001899 -0.404 -0.1802109 -0.18 -0.18 -0.18 -0.18 -0.10494803 -0.104 -0.104 -0.104 -0.104 0.116 0.116 0.116 0.116 0.116 0.028 0.028 0.028 0.028 0.028002026 0.524 0.524 0.524 0.91397955 0.914 0.914 0.914 0.938 1.014 1.014 1.014 1.0283137 0.92911568 0.812 0.812 1.004 1.004 1.004 1.352 1.352 1.352 1.238 1.238 1.238 0.80019899 
0.352 0.35199846 -0.058 -0.058 -0.058 -0.058 -0.404 -0.404 -0.404 -0.18 -0.18 -0.18 -0.18 -0.17997637 -0.104 -0.104 -0.104 -0.104 0.11599608 0.116 0.116 0.116 0.043500144 0.028 0.028 0.028 0.028 0.2739998 0.274 0.274 0.5213314 0.914 0.914 0.914 0.91399965 0.54400001 1.014 1.014 1.014 1.014 0.812 0.812 0.812 1.2 1.2 1.2 1.1800168 1.352 1.352 1.238 1.238 1.238 0.75400087 
0.352 0.352 -0.058 -0.058 -0.058 -0.404 -0.404 -0.404 -0.404 -0.20456911 -0.18 -0.18 -0.18 -0.18000049 -0.26398159 -0.264 -0.264 -0.264 -0.16621692 -2.1828109e-18 1.040138e-33 1.1050281e-33 1.4616742e-15 0.028 0.028 0.028 0.028016227 0.274 0.274 0.274 0.274 0.91393713 0.7058857 0.544 0.544 0.544 1.0124082 0.58800887 0.588 0.588 0.81206736 0.898 0.898 1.2 1.2 1.1999999 1.18 1.18 1.1 1.1 1.1 0.978 1.066 
0.352 0.352 -0.656 -0.656 -0.656 -0.404 -0.404 -0.404 -0.404 -0.68 -0.68 -0.68 -0.68 -0.65068351 -0.264 -0.264 -0.264 -0.264 -0.172 -4.7768263e-13 -1.6308995e-71 -4.1732987e-64 -1.6573648e-10 -0.238 -0.23799989 0.027999607 0.274 0.274 0.274 0.274 0.3863931 0.496 0.53828866 0.544 0.544 0.544 0.588 0.588 0.588 0.588 0.898 0.898 0.898 1.2898764 1.29 1.1804944 1.18 1.18 1.1000001 1.1 0.978 0.978 1.066 
0.352 -0.656 -0.656 -0.656 -0.656 -0.656 -0.40493155 -0.524 -0.524 -0.68 -0.68 -0.68 -0.68 -0.67990148 -0.264 -0.264 -0.264 -0.25984315 -0.172 -0.172 -1.2605353e-38 -6.3115634e-37 -0.238 -0.238 -0.238 -0.238 0.274 0.274 0.274 0.274 0.496 0.496 0.496 0.54395143 0.544 0.544 0.588 0.588 0.588 0.588 0.898 0.898 0.898 1.29 1.29 1.2899925 1.158 1.158 1.116 1.116 0.978 0.978 1.066 
-0.64653363 -0.656 -0.656 -0.656 -0.656 -0.656 -0.524 -0.524 -0.524 -0.60749772 -0.68 -0.68 -0.68 -0.67999493 -0.264 -0.264 -0.264 -0.172 -0.172 -0.172 -8.5928743e-06 -1.4538829e-06 -0.238 -0.238 -0.238 -0.238 0.27396361 0.274 0.274 0.49594895 0.496 0.496 0.496 0.496 0.54411861 0.706 0.706 0.7039578 0.588 0.588 0.89799973 0.898 1.2786025 1.29 1.29 1.158 1.158 1.158 1.116 1.116 0.852 0.852 1.104 
-0.656 -0.656 -0.656 -0.656 -0.656 -0.656 -0.524 -0.524 -0.524 -0.524 -0.51600472 -0.516 -0.516 -0.516 -0.26400049 -0.31656281 -0.346 -0.346 -0.17232077 -0.172 -0.17199997 -0.23799965 -0.238 -0.238 -0.238 -0.238 -0.23762775 0.274 0.27400759 0.496 0.496 0.496 0.496 0.496 0.706 0.706 0.706 0.706 0.706 0.70599975 0.782 0.782 0.78199993 0.576 0.576 0.576 0.824 0.824 0.824 0.824 0.852 0.85200055 1.104 
-0.656 -0.656 -0.656 -0.656 -0.656 -0.656 -0.524 -0.524 -0.524 -0.516 -0.516 -0.516 -0.516 -0.516 -0.47118841 -0.346 -0.346 -0.346 -0.346 -0.346 -0.33769207 -0.238 -0.238 -0.238 -0.238 -0.22173428 0.2791883 0.27481611 0.49490521 0.496 0.496 0.496 0.496 0.49600046 0.706 0.706 0.706 0.706 0.706 0.74135502 0.782 0.782 0.782 0.576 0.576 0.576 0.824 0.824 0.824 0.824 0.894 1.0924154 1.104 
-0.656 -0.656 -0.656 -0.656 -0.656 -0.65599996 -0.52400003 -0.524 -0.52366796 -0.516 -0.516 -0.516 -0.516 -0.516 -0.50784575 -0.346 -0.346 -0.346 -0.346 -0.346 -0.346 0.19883932 0.27999927 0.28 0.28 0.28 0.28 0.28 0.46742468 0.47000031 0.47 0.47 0.47 0.47000017 0.706 0.706 0.706 0.706 0.706 0.78199999 0.782 0.782 0.782 0.78199991 0.57623407 0.722 0.82399999 1.1050522 0.82425059 0.894 0.894 0.88585164 0.502 
-0.656 -0.656 -0.656 -0.656 -0.656 -0.65599157 -0.52400712 -0.52399952 -0.51600001 -0.516 -0.516 -0.516 -0.516 -0.516 -0.51276526 -0.346 -0.346 -0.346 -0.346 -0.346 -0.346 0.28 0.28 0.28 0.28 0.28 0.28 0.28 0.46994755 0.47 0.47 0.47 0.47 0.47 0.53466398 0.706 0.706 0.706 0.706 0.782 0.782 0.782 0.782 0.78198463 0.722 0.722 0.7244318 1.11 1.11 0.894 0.894 0.502 0.502 
-0.656 -0.656 -0.656 -0.656 -0.656 -0.65582396 -0.52415646 -0.51690275 -0.516 -0.516 -0.516 -0.516 -0.516 -0.516 -0.51302386 -0.346 -0.346 -0.346 -0.346 -0.346 -0.25686898 0.28 0.28 0.28 0.28 0.28 0.28 0.28 0.46999924 0.47 0.47 0.47 0.47 0.47 0.47 0.5244201 0.2421665 0.087831518 0.064350609 0.75333172 0.78199999 0.782 0.782 0.72200479 0.722 0.72518755 1.2559993 1.11 1.11 0.65805845 0.658 0.658 0.50200007 
-0.656 -0.656 -0.656 -0.656 -0.65599987 -0.65489917 -0.52423313 -0.5160022 -0.516 -0.516 -0.516 -0.516 -0.516 -0.516 -0.51203024 -0.346 -0.346 -0.346 -0.346 -0.346 0.2799973 0.28 0.28 0.28 0.28 0.28 0.28 0.28 0.46999995 0.47 0.47 0.47 0.47 0.47 0.46999992 0.052 0.052 0.052 0.052000001 0.336 0.336 0.336 0.336 1.2559985 1.256 1.256 1.256 1.2559964 0.926 0.926 0.658 0.658 0.47817254 
-0.656 -0.656 -0.656 -0.65599999 -0.65599631 -0.65241276 -0.51677612 -0.5160001 -0.516 -0.516 -0.516 -0.516 -0.516 -0.516 -0.51022915 -0.34600007 -0.346 -0.346 -0.346 -0.34223238 0.28 0.28 0.28 0.28 0.28 0.28 0.28 0.28 0.46999996 0.47 0.47 0.47 0.47 0.47 0.052000383 0.052 0.052 0.052 0.052 0.336 0.336 0.336 0.336 0.58430404 1.256 1.256 1.256 0.92600369 0.926 0.926 0.4 0.4 0.4 
-0.656 -0.656 -0.65599999 -0.6559997 -0.65596385 -0.64219912 -0.51605671 -0.51600003 -0.516 -0.516 -0.516 -0.516 -0.516 -0.51599999 -0.50778937 -0.346004 -0.346 -0.346 -0.34599928 0.26731625 0.28 0.28 0.28 0.28 0.28 0.28 0.28 0.28 0.46999982 0.47 0.47 0.47 0.47 -0.046821466 0.051999912 0.052 0.052 0.052 0.052 0.336 0.336 0.336 0.336 0.336 1.256 1.256 1.256 0.926 0.926 0.926 0.4 0.4 0.4 
-0.656 -0.65599999 -0.65599988 -0.65599646 -0.65578122 -0.57489732 -0.51601322 -0.51600002 -0.516 -0.516 -0.516 -0.516 -0.516 -0.51599968 -0.50488867 -0.34606209 -0.346 -0.34599998 -0.34275889 0.27994677 0.28 0.28 0.28 0.28 0.28 0.28 0.28 0.28000011 0.46999881 0.47 0.4699995 -0.173934 -0.236 -0.236 -0.236 0.052 0.052 0.052 0.052 0.336 0.336 0.336 0.336 0.336 1.2559837 1.256 1.2559998 0.92600002 0.926 0.92599971 0.4 0.4 0.4 
