interpolatedSpi/04-04|22_1.tif
NCOLS 53
NROWS 52
XLLCORNER -116.03883
YLLCORNER 28.596182
DX 0.49850594
DY 0.49788537
NODATA_VALUE -9999
1 1 0.74901709 0.93 0.33 0.38 0.56 0.52 -0.11586402 -1.01 -0.07 -0.46 -0.63 -0.63 -1.67 -1.67 -1.67 -0.79 -1.09 -1.09 -1.09 -1.0900087 -1.99 -1.98 -1.98 -1.98 -1.8599995 -1.86 -1.86 -1.48 -1.48 -1.48 -1.48 0.33999964 0.34 0.34 0.34 0.34 0.34 0.34 0.20149365 0.20010976 0.63 0.63 0.63 0.63 0.62903633 0.04 0.04 0.04 2.5799947 2.58 2.58 
0.99993735 -0.41 0.79999993 0.76792336 0.49003306 0.51 0.45 0.059942585 -0.53 -0.78 -0.72 -0.63 -0.63 -0.2512671 -0.6300046 -1.67 -0.79 -0.79 -1.0896088 -1.09 -1.09 -1.09 -1.9299948 -1.98 -1.98 -1.98 -0.39000011 -0.39 -1.48 -1.48 -1.48 -1.48 -1.48 0.33999974 0.34 0.34 0.34 0.34 0.34000004 0.66547941 2.4198147 0.84720122 0.63 0.63 0.63 0.63 0.63 0.04 0.04 0.04 0.25061923 2.58 2.58 
0.81998089 0.82 0.74 0.83 0.34 0.1 -2.2375944e-13 -0.3 -0.6 -0.41 -0.46 -0.18 -0.2 0.2 -0.25 -1.19 -0.79 -0.79 -0.79 -0.75009884 -0.75 -0.75 -1.03 -1.98 -1.98 -1.98 -0.39 -0.39 -0.39 -1.48 -1.48 -1.4799999 -0.36796585 0.34145575 0.34484009 0.855235 0.86 0.86 1.0562069 2.42 2.42 2.417711 0.63 0.63 0.63 0.63 0.63 0.04 0.04 0.04 0.040000005 2.58 2.58 
0.42 0.82000002 0.91994332 0.69 0.11 0.31 0.29 -0.15 -0.36 0.14864274 0.01 0.020000001 0.04 0.2 -0.51 -1.19 -1.0808416 -1.0797968 -0.18 -0.75 -0.75 -0.47 -1.03 -1.03 -1.98 -1.9799921 -0.39 -0.39 -0.39 -0.56 0.20266204 0.83 0.83 0.83000001 0.86 0.86 0.86 0.86 2.42 2.42 2.42 2.4199999 0.63 0.63 0.63 0.63 0.63 0.040007443 0.04 0.04 0.04 2.5799784 2.58 
0.42 0.42000092 0.92 0.39978047 0.11 0.18 0.77991053 0.6 -0.23 0.10999966 0.23406916 0.28993984 -0.13 -0.51 -0.51 -0.96325854 -1.08 -1.08 -0.18 -0.18 -0.74999945 -0.47 -0.94 0.14 0.29 0.28992733 -0.39 -0.39 -0.56 -0.56 0.83 0.83 0.83 0.71685634 0.86 0.86 0.86 2.42 2.42 2.42 2.42 2.4200434 0.63000003 0.63 0.63 0.63 0.63 0.62474827 0.04 0.040084299 1.92 1.92 1.92 
-2.56 0.13 0.28000003 0.83 -0.17 -0.04 -0.52 -0.37660792 0.45 0.45 0.43 0.48 0.4799996 -0.17 -0.17 -0.6599155 -0.66 -0.55 -0.55 -0.18000016 -0.52 -0.52 0.14 0.29 0.29 -0.02 -0.07 -0.07 0.039945169 -0.56 0.83 0.83 0.23 0.23012643 1.4399136 2.35 2.35 2.3983439 2.42 2.42 2.8694388 2.87 2.870001 2.0936974 2.1198353 2.1199996 2.1199999 2.1199994 2.0402071 1.92 1.92 1.92 1.92 
-0.35002291 -1.72 -2.0193925 -0.42 0.48 -0.95 -0.67 -0.88 -0.93 -0.93 0.43 0.53 -0.099999735 -0.17 -0.30999958 -0.31 -0.66 -0.13 -0.36 -0.36 -0.46344821 -0.4 -0.4 -0.52999999 -0.02 -0.02 -0.07 -0.07 0.039984848 0.039721041 1.9333331 0.23 0.23 1.44 1.44 2.1539296 2.35 2.35 2.4299972 2.8699994 2.87 2.87 2.8700053 2.1200027 2.12 2.12 2.12 2.12 2.13 1.9200416 1.92 1.92 1.92 
-0.35 -0.16 -1.3 -2.51 -2.5399983 -0.94 -1.76 -0.71000001 -0.92 -0.59 -0.59 0.91 -0.1 -0.1 -0.30855921 -0.31910757 -0.32 0.02 -0.14000023 -0.36 0.018308592 0.11 -1.19 -0.53 -0.52999252 0.05 0.77 0.7699997 -0.21908892 -0.21999996 1.94 0.003325333 0.91 1.44 1.4516937 1.99 1.99 2.43 2.43 2.87 2.87 2.87 2.6017103 2.6 2.12 2.12 2.12 2.1299996 2.13 2.13 1.92 1.92 1.92 
-0.35874736 -0.16 0.14 -1.41 -2.23 -2.17 -1.62 -1.6 -0.59 -0.84518004 -0.17 0.90999999 0.91 0.59 0.58999483 -0.27013935 -0.27 -0.27 -0.0044242528 -0.77000004 -0.97 -0.96999999 -0.94 -1.0914791 -0.0084486861 0.05 0.22 0.77 1.8337822 1.84 -0.25 1.31 1.1186106 1.39 1.85 1.83 2.45 1.88 2.8595475 2.8720533 3.33 2.84 2.599974 2.6 2.5972983 2.12 2 2.13 2.13 2.13 2.13 1.969803 1.84 
-1.47 -1.47 -0.39 -0.41 -1.44 -2.22 -1.68 -2.07 -1.43 -0.91015314 -0.42 -0.04 0.59 0.59 0.04 0.03574821 -0.27 -0.2700519 -0.5 -0.77 -0.77 -0.79576668 -0.94 -1.2499941 -1.25 -1.25 0.22 1.36 1.36 1.84 1.84 1.3092793 0.93 1.39 2.38 1.83 2.45 2.29 2.86 2.4074552 2.84 2.6930642 2.44 2.6 2.6 2 2 2 2.13 2.13 2.32 2.32 2.3199998 
-1.47 -1.47 -0.31 -0.95 -1.15 -1.79 -1.63 -1.1507063 -1.54 -0.97 -1.02 -1.17 -0.041503429 0.04 0.04 0.039940012 -0.48 -0.48104969 -0.5 0.21 0.21 0.13 0.13 -1.25 -1.25 -1.25 1.36 1.36 1.36 0.99 0.99 0.9899999 2.23 2.23 1.89 2.31 3.18 2.2200035 2.66 2.4 2.4 2.2900005 2.44 2.6 2.4600003 2.8 2.7865977 2.79 3.17 3.17 2.32 2.32 2.32 
-1.47 -0.9692494 -0.58311083 -1.1699801 -0.05 -1.14 -1.63 -1.15 -1.5399967 -0.97631491 -1.1699997 -1.17 -0.71 0.039999999 0.04 -0.47999998 -0.48 -0.48000114 -0.5 0.21 0.19428963 0.13 0.13 -1.2499441 -1.25 -0.30328766 1.63 1.63 1.63 0.99 0.99 1.28 1.28 2.2299991 1.89 2.58 3.0918049 2.22 2.22 2.4 2.29 2.29 2.2900013 2.46 2.46 2.8 2.79 2.79 3.17 3.17 2.32 2.32 2.32 
-0.36 -0.41022446 -0.41001944 -0.41549023 -0.050005756 -1.1399743 -1.63 -1.1559085 -1.513125 -1.5251158 -0.71 -0.71 -0.71 -0.71 0.039893757 -0.48 -0.48 -0.48025823 -0.5 0.21008519 0.52 0.52 0.52 0.52 -1.2176275 1.63 1.63 1.63 1.63 1.6297373 1.28 1.28 1.28 1.28 2.58 2.58 2.58 2.2378364 2.2209764 2.35 2.35 2.2900032 2.2500072 2.4599798 2.46 2.8 2.79 2.79 3.17 3.17 2.3230837 2.32 2.6991915 
-0.36 -0.41 -0.41 -0.41 -0.41 -0.4100003 -1.6287456 -1.4029324 -1.441425 -0.71087944 -0.71 -0.71 -0.71 -0.71 -0.70999915 -0.47999999 -0.48 -0.48137186 -0.49999641 0.52 0.52 0.52 0.52 0.52 0.54659306 1.8762917 2.0299999 2.03 2.03 2.03 1.28 1.28 1.2800004 1.64 1.64 2.58 2.2883425 2.28 2.35 2.35 2.35 2.35 2.25 2.25 2.25 2.2538275 1.8064434 1.8 1.8 1.8 1.8 2.46 2.46 
0.61 -0.41 -0.41 -0.41 -0.41 -0.41 -0.41000008 -1.0037062 0.44008537 0.45 0.45 0.45 0.45 0.45 0.44999999 1.1063128 -0.45461056 -0.48273827 0.51987176 0.52 0.52 0.52 0.52 0.52000122 1.75 1.75 1.7500004 2.03 2.03 2.0290989 1.58 1.58 1.64 1.64 1.64 2.1774788 2.28 2.28 2.28 2.35 2.35 2.35 2.25 2.25 2.25 2.25 1.8 1.8 1.8 1.8 1.8 2.46 2.46 
0.61 0.23026559 -0.41 -0.41 -0.41 -0.41 0.27986458 0.28 0.28 0.45 0.45 0.45 0.45 0.45 0.59780669 1.12 1.12 1.12 1.5668022 1.5699989 1.57 1.57 1.57 1.57 1.75 1.75 1.75 1.75 2.03 1.58 1.58 1.58 1.64 1.64 1.64 1.95 2.2795631 2.28 2.28 2.3497888 1.9281693 0.94421418 2.25 2.25 0.74465995 0.74 0.74 1.798386 0.82342466 0.82000009 0.82000019 0.95022852 2.4599969 
0.61 0.71704596 0.16183202 -0.41 -0.41 0.27959232 0.28 0.28 0.28 0.28122507 0.45 0.45 0.45 0.45000008 1.12 1.12 1.12 1.12 1.569598 1.57 1.57 1.57 1.57 1.57 1.75 1.75 1.75 1.75 1.7493816 1.58 1.58 1.58 1.44 1.6400267 1.95 1.95 1.95 1.9430992 1.0248418 0.94 0.94 0.94 0.45 0.45 0.74 0.74 0.74 0.82 0.82 0.82 0.82 0.95 0.95 
0.7201348 0.72 0.72 0.71999999 -0.09 0.27999046 0.28 0.28 0.28 0.28 0.50526691 0.45000951 0.45000002 1.12 1.12 1.12 1.12 1.12 1.1470709 1.57 1.57 1.57 1.57 1.57 1.3662136 0.90000461 0.9 0.9 0.9 1.58 1.44 1.44 1.44 1.44 1.95 1.9499834 1.32 1.32 0.94474487 0.94 0.94 0.94 0.45 0.45 0.69509801 0.74 0.74 0.82 0.82 0.82 0.82139394 0.95 0.95 
0.72 0.72 0.72 0.33855892 -0.09 -0.09 0.28 0.28 0.28 0.28 1.18 1.18 1.18 1.12 1.12 1.12 1.12 1.1199934 0.99 0.99 1.5699998 1.57 1.5575836 1.06 1.0585596 0.9 0.9 0.9 0.9 1.439945 1.44 1.44 1.44 1.44 1.3200022 1.32 1.32 1.32 1.318629 0.94 0.94 0.94 0.45 0.45 0.45 0.74 0.74 0.82 0.82 0.82 0.95 0.95 0.95 
0.72 0.72 0.72 -0.09 -0.09 -0.09 -0.089999435 0.28 0.28 1.1790709 1.18 1.18 1.18 1.1799626 1.0876231 1.08 1.08 1.08 0.99 0.99 0.99 1.06 1.06 1.06 1.0598123 0.6324926 0.9 0.9 0.9 0.84194818 0.72007081 0.72 0.72 0.72 1.0700722 0.72000136 0.72 0.72 0.72 -0.24983717 -0.25 -0.25 0.45 0.45 0.65999912 0.65999998 0.61 0.61 0.3 0.3 0.3 0.95 -0.32885552 
0.71999947 0.72 0.71999997 -0.09 -0.09 -0.09 -0.090000002 -0.26999984 0.27780089 1.1797733 1.18 1.18 1.18 1.1798038 1.08 1.08 1.08 1.08 0.99 0.99 0.99 1.06 1.06 1.06 0.39 0.39 -0.009999994 -0.01 -0.01 -0.0060176207 0.72 0.72 0.72 0.72 0.71999984 0.72 0.72 0.72 0.72 -0.25 -0.25 -0.25 -0.22136792 0.66 0.66 0.66 0.61 0.61 0.3 0.3 0.3 -0.32999998 -0.33 
0.55 0.61071658 -0.18 -0.17997389 -0.09 -0.26895853 -0.27 -0.27 -0.13882369 0.92999998 0.93 0.93 0.93 0.5400127 0.54 1.0799996 1.08 1.0776286 0.99 0.99 0.99 -0.32 -0.32 -0.32 0.39 0.39 -0.01 -0.01 -0.01 -0.009999673 0.44000178 0.44000079 0.71296262 0.71969982 -0.28884179 -0.29 -0.29 -0.29 -0.29 -0.25 -0.25 -0.25 0.60989243 0.66 0.66 0.65999999 0.61 0.61 0.60998884 0.3 0.29998032 -0.14 -0.33 
0.48001329 0.47999989 -0.18 -0.18 -0.18 -0.27 -0.27 -0.27 0.09 0.09 0.93 0.93 0.93 0.54 0.54 0.54 0.54 0.54005199 0.99 0.99 0.98999995 -0.32 -0.32 -0.32 0.39 0.39 -0.01 -0.01 -0.01 0.43492622 0.44 0.44 0.44 0.44 -0.28963979 -0.29 -0.29 -0.29 -0.29 -0.42999995 -0.43 -0.43 -0.43 0.65999977 0.63 0.63 0.63 0.17 0.17 0.17 -0.14 -0.14 -0.14 
0.48 0.48 -0.18 -0.18 -0.18 -0.26952694 -0.27 0.09 0.09 0.09 0.9298966 0.93 0.23544399 0.53999989 0.54 0.54 0.54 -0.18 -0.18 -0.18 -0.99999998 -0.99999949 -0.32000331 -0.32 -0.32012672 -0.87 -0.87 -0.86999795 -0.010138982 0.19004982 0.19000133 0.19004365 0.43957272 0.43978425 -0.16014788 -0.29000027 -0.29237937 -1 -1 -0.43 -0.43 -0.43 -0.43 0.63 0.63 0.63 0.63 0.17 0.17 0.17 -0.14 -0.14 -0.14 
0.48 0.48 -0.18 -0.18 -0.18 -0.18 -0.13526252 0.09 0.09 0.09 0.089994478 0.08 0.08 0.08 0.53728911 0.54 -0.1752021 -0.18 -0.18 -0.18 -1 -1 -1 -1 -0.87 -0.87 -0.87 -0.87 -0.87 0.19 0.19 0.19 0.19 0.18999907 -0.25 -1 -1 -1 -1 -0.99999728 -0.23 -0.23 -0.23 -0.06078253 0.29 0.29 0.29 0.17 0.17000017 0.35 0.35 0.42986133 0.43 
0.48 0.48 0.058213655 -0.18 -0.18 -0.18000002 -1.1178528 0.086186748 0.089999999 0.089999999 0.079999878 0.08 0.08 0.08 0.08 0.11766604 -0.18 -0.18 -0.18 -0.18 -0.99999366 -1 -1 -1 -0.87 -0.87 -0.87 -0.87 -0.87 -0.94060332 0.19 0.19 0.19 -0.25 -0.25 -0.25058239 -1 -1 -0.62293839 -0.33000006 -0.23 -0.23 -0.23 -0.064812936 0.29 0.29 0.29 -0.12 0.34414385 0.35 0.35 0.43 0.43 
-0.45 -0.45 -0.45 -0.24769642 -0.18091857 -1.12 -1.12 -1.12 -1.12 -0.5 -0.5 0.079999959 0.08 0.08 0.08 0.079983478 -0.18 -0.18 -0.18 -0.18 -0.6421786 -1 -1 -1.0193661 -1.7012599 -0.87 -0.87 -0.87 -1.34 -1.34 -1.34 -1.3399936 -0.25 -0.25 -0.25 -0.25 -0.33 -0.33 -0.33 -0.33 -0.13 -0.13 -0.13 -0.23999779 -0.24 -0.24 -0.23999983 -0.12 -0.12 0.34942733 0.35 0.42999692 0.43 
-0.45 -0.45 -0.45 -0.45001885 -0.8 -0.84653326 -1.12 -1.12 -1.12 -0.5 -0.5 -0.5 -1.01 -1.01 -1.01 -1.01 -0.18157537 -0.18 -0.18 -0.18 -0.19247451 -1.739998 -1.74 -1.74 -1.74 -1.74 -1.74 -1.74 -1.34 -1.34 -1.34 -1.34 -0.25000038 -0.25 -0.25 -0.25004235 -0.33 -0.33 -0.33 -0.33065802 -0.13 -0.13 -0.13 -0.2399949 -0.24 -0.24 -0.24 -0.12 -0.12 -0.12000001 -0.18 -0.18 -0.52 
-0.45 -0.45 -0.45 -0.79999919 -0.8 -0.8 -1.1199999 -1.12 -1.12 -0.5 -0.5 -0.5 -1.01 -1.01 -1.01 -1.0122848 -1.04 -1.04 -1.0399978 -0.18485752 -1.74 -1.74 -1.74 -1.74 -1.74 -1.74 -1.74 -1.74 -1.74 -1.34 -1.34 -1.3402446 -0.77 -0.77 -0.77 -1.57 -1.57 -0.48 -0.48 -0.48 -0.76 -0.13019761 -0.13000127 -0.3 -0.3 -0.29772607 -0.23999996 -0.12 -0.12 -0.18 -0.18 -0.18 -0.52 
-0.45 -0.45 -0.45 -0.8 -0.8 -0.8 -0.8 -1.12 -1.12 -0.5 -0.5 -0.98960736 -1.01 -1.01 -1.01 -1.04 -1.04 -1.04 -1.04 -1.04 -1.74 -1.74 -1.74 -1.74 -1.74 -1.74 -1.74 -1.74 -1.74 -1.72 -1.72 -1.72 -0.77 -0.77 -0.77 -1.57 -1.57 -0.48 -0.48 -0.76 -0.76 -0.76 -0.3 -0.3 -0.3 -0.3 -0.24824718 0.33 0.33 0.33 -0.18 -0.08 -0.08 
-0.45 -0.45 -0.45048739 -0.8 -0.8 -0.8 -0.8 -1.2569657 -1.28 -1.2786608 -0.50000002 -1.0099975 -1.01 -1.01 -1.0100001 -1.04 -1.04 -1.04 -1.04 -1.04 -1.0207127 -1.74 -1.74 -1.74 -1.7400433 -1.7400118 -1.74 -1.74 -1.74 -1.72 -1.72 -1.72 -1.7198611 -0.77 -1.57 -1.57 -1.57 -1.5699555 -0.4800191 -0.76 -0.76 -0.76 -0.30002793 -0.3 -0.3 -0.3 0.32999884 0.33 0.33 0.33 -0.079999998 -0.08 -0.08 
-1.18 -1.1799987 -0.79982934 -0.8 -0.8 -0.8 -1.2798979 -1.28 -1.28 -1.28 -0.98000001 -0.98 -0.98 -0.98 -1.0397231 -1.04 -1.04 -1.04 -1.04 -0.99000003 -0.99 -0.99 -1.95 -1.95 -1.95 -1.95 -1.9318743 -1.74 -1.5000098 -1.5 -1.5 -1.5 -1.5 -2.12 -2.12 -2.12 -2.12 -2.12 -0.97 -0.97 -0.97 -0.97 -0.97 0.21921614 0.22 0.22 0.22 0.33 0.33 0.33 -0.079935407 -0.08 -0.08 
-1.18 -1.18 -1.1760648 -0.71000018 -0.71000002 -0.71055571 -1.28 -1.28 -1.28 -1.28 -0.98 -0.98 -0.98 -0.98 -0.98 -1.04 -1.04 -1.04 -0.99000001 -0.99 -0.99 -0.99 -1.95 -1.95 -1.95 -1.95 -1.95 -1.9499551 -1.4998919 -1.5 -1.5 -1.5 -1.4999566 -1.8819013 -2.1197535 -2.12 -2.12 -2.12 -0.97 -0.97 -0.97 -0.97 -0.97 0.22 0.22 0.22 0.22 0.27143815 0.33 0.5870992 0.59 0.27 0.27 
-1.18 -1.18 -0.71005953 -0.71 -0.71 -0.71 -0.8547776 -1.28 -1.28 -1.28 -0.98 -0.98 -0.98 -0.98 -0.98 -1.0399567 -1.04 -0.99001466 -0.99 -0.99 -0.99 -0.99 -1.5943618 -1.95 -1.95 -1.95 -1.95 -1.9494828 -1.22 -1.22 -1.22 -1.22 -1.22 -1.7 -1.7 -1.7 -1.7 -1.7 -0.74 -0.74 -0.74 -0.74 -0.74 0.22092783 0.22000019 0.22 0.22006441 0.22780387 0.59 0.59 0.59 0.27000179 0.27 
-1.1799991 -0.67994295 -0.70999999 -0.71 -0.71 -0.71 -0.71 -1.2797573 -1.28 -1.28 -0.98 -0.98 -0.98 -0.98 -1.2928924 -1.3 -1.3 -0.99000798 -0.99 -0.99 -0.99 -0.99 -0.99000017 -1.95 -1.95 -1.95 -1.95 -0.84000039 -0.84000018 -0.92087323 -1.22 -1.22 -1.22 -1.7 -1.7 -1.7 -1.7 -1.7000406 -0.74 -0.74 -0.74 -0.74 -0.73997931 0.6 0.6 0.6 0.6 0.59999919 0.59 0.59 0.59 0.59000019 0.89072172 
-0.67 -0.67 -0.75146865 -0.71 -0.71 -0.71 -0.71 -0.71 -1.2797585 -1.92 -1.92 -1.92 -1.9177692 -1.2999995 -1.3 -1.3 -1.3 -1.3 -0.99000528 -1.0351319 -1.43 -1.43 -1.43 -1.5699456 -2.0916644 -2.8496836 -3.4876575 -0.84 -0.84 -0.84 -0.84 -0.84 -0.8614 -1.7570819 -1.76 -1.76 -1.76 -1.76 -0.68927972 -0.47000049 -0.47 -0.47 -0.47 0.74999956 0.60000004 0.6 0.6 0.75 0.59000256 0.59 0.59 0.9 0.9 
-0.67 -0.67 -1.17 -1.17 -1.17 -0.71015323 -0.71 -0.71 -1.92 -1.92 -1.92 -1.92 -1.92 -1.3 -1.3 -1.3 -1.3 -1.3 -1.43 -1.43 -1.43 -1.43 -1.43 -3.7199999 -3.72 -3.72 -3.72 -0.84000001 -0.84 -0.84 -0.84 -0.84 -1.5 -1.5 -1.76 -1.76 -1.76 -0.57020266 -0.57 -0.47 -0.47 -0.47 -0.46999983 0.75 0.75 0.75 0.75 0.75 0.75 0.9 0.9 0.9 0.9 
-0.67 -0.67 -1.17 -1.17 -1.17 -1.17 -1.1700016 -1.46 -1.9195669 -1.92 -1.92 -1.92 -1.92 -1.3077339 -1.3 -1.3 -1.3 -1.3 -1.43 -1.43 -1.43 -1.43 -1.43 -3.72 -3.72 -3.72 -3.72 -3.7199882 -0.84 -0.84 -0.84 -1.4999654 -1.5 -1.5 -1.5 -1.76 -0.57000001 -0.57 -0.57 -0.56736881 0.48259957 0.66 0.66 0.75 0.75 0.75 0.75 0.75 0.75 0.9 0.9 0.9 0.57394211 
-0.75 -0.74999937 -1.17 -1.17 -1.17 -1.17 -1.46 -1.46 -1.46 -1.92 -1.92 -1.92 -1.92 -1.9198073 -1.3 -1.3 -1.3 -1.3 -1.4299978 -1.43 -1.43 -1.43 -3.3165743 -3.72 -3.72 -3.72 -3.72 -1.5600018 -1.56 -1.56 -0.8477522 -1.5 -1.5 -1.5 -1.4999992 -0.70000001 -0.57 -0.57 -0.57 -0.56999999 0.66 0.66 0.66 0.96 0.96 0.96 0.60001461 0.75 0.75 0.9 0.9 0.9 0.53999919 
-0.75 -0.75 -1.17 -1.17 -1.17 -1.46 -1.46 -1.46 -1.46 -1.8695664 -1.92 -1.92 -1.92 -1.9199982 -1.7599471 -1.76 -1.76 -1.76 -1.2508577 -1.55 -1.55 -1.55 -1.55 -3.72 -3.72 -3.72 -3.7198575 -1.56 -1.56 -1.56 -1.56 -1.4999266 -1.0500231 -0.7 -0.7 -0.7 -0.5669767 0.23998314 0.24 0.24 0.66006266 0.74 0.74 0.96 0.96 0.95999848 0.6 0.6 0.42 0.42 0.42 0.4 0.25 
-0.75 -0.75 -0.6 -0.6 -0.6 -1.46 -1.46 -1.46 -1.46 -1.59 -1.59 -1.59 -1.59 -1.6019803 -1.76 -1.76 -1.76 -1.76 -1.24 -1.55 -1.55 -1.55 -1.55 -1.74 -1.7400008 -3.7199971 -1.56 -1.56 -1.56 -1.56 -1.3271134 -1.1 -0.74759451 -0.7 -0.7 -0.7 0.24 0.24 0.24 0.24 0.74 0.74 0.74 0.61004099 0.61 0.60004495 0.6 0.6 0.41999961 0.42 0.4 0.4 0.25 
-0.75 -0.6 -0.6 -0.6 -0.6 -0.6 -1.4576711 -1.16 -1.16 -1.59 -1.59 -1.59 -1.59 -1.5900403 -1.76 -1.76 -1.76 -1.7365048 -1.24 -1.24 -1.55 -1.55 -1.74 -1.74 -1.74 -1.74 -1.56 -1.56 -1.56 -1.56 -1.1 -1.1 -1.1 -0.70040477 -0.7 -0.7 0.24 0.24 0.24 0.24 0.74 0.74 0.74 0.61 0.61 0.60999377 0.5 0.5 0.32 0.32 0.4 0.4 0.25 
-0.60140869 -0.6 -0.6 -0.6 -0.6 -0.6 -1.16 -1.16 -1.16 -1.390154 -1.59 -1.59 -1.59 -1.590001 -1.76 -1.76 -1.76 -1.24 -1.24 -1.24 -1.5499845 -1.5500012 -1.74 -1.74 -1.74 -1.74 -1.5600128 -1.56 -1.56 -1.1001058 -1.1 -1.1 -1.1 -1.1 -0.70003784 -0.06 -0.06 -0.054807979 0.24 0.24 0.73999956 0.74 0.61377978 0.61 0.61 0.50000004 0.5 0.5 0.32 0.32 0.51 0.51 0.39 
-0.6 -0.6 -0.6 -0.6 -0.6 -0.6 -1.16 -1.16 -1.16 -1.16 -1.5999997 -1.6 -1.6 -1.6 -1.7599978 -1.2920628 -1.03 -1.03 -1.2396129 -1.24 -1.2400001 -1.7399997 -1.74 -1.74 -1.74 -1.74 -1.7398691 -1.56 -1.5599843 -1.1 -1.1 -1.1 -1.1 -1.1 -0.06 -0.06 -0.06 -0.06 -0.06 -0.059999154 -0.16 -0.16 -0.16000009 -0.43 -0.43 -0.43 -0.28 -0.28 0.05 0.05 0.51 0.50999974 0.39 
-0.6 -0.6 -0.6 -0.6 -0.6 -0.6 -1.16 -1.16 -1.16 -1.6 -1.6 -1.6 -1.6 -1.6 -1.4497494 -1.03 -1.03 -1.03 -1.03 -1.03 -1.0400268 -1.74 -1.74 -1.74 -1.74 -1.7280676 -1.3605955 -1.5327666 -1.1022685 -1.1 -1.1 -1.1 -1.1 -1.0999977 -0.06 -0.06 -0.06 -0.06 -0.06 -0.10651977 -0.16 -0.16 -0.16 -0.43 -0.43 -0.43 -0.28 -0.28 0.05 0.05 0.17 0.37786394 0.39 
-0.6 -0.6 -0.6 -0.6 -0.6 -0.60000017 -1.1599999 -1.16 -1.1782625 -1.6 -1.6 -1.6 -1.6 -1.6 -1.5726593 -1.03 -1.03 -1.03 -1.03 -1.03 -1.03 -1.4170594 -1.3600005 -1.36 -1.36 -1.36 -1.36 -1.36 -1.0641495 -1.0600005 -1.06 -1.06 -1.06 -1.0599993 -0.06 -0.06 -0.06 -0.06 -0.06 -0.15999999 -0.16 -0.16 -0.16 -0.16000012 -0.43006413 -0.47 -0.28000002 -0.28 0.049710853 0.17 0.17 0.17956186 0.63 
-0.6 -0.6 -0.6 -0.6 -0.6 -0.60003577 -1.1599698 -1.1600266 -1.5999994 -1.6 -1.6 -1.6 -1.6 -1.6 -1.5891541 -1.03 -1.03 -1.03 -1.03 -1.03 -1.03 -1.36 -1.36 -1.36 -1.36 -1.36 -1.36 -1.36 -1.0600828 -1.06 -1.06 -1.06 -1.06 -1.06 -0.7860001 -0.06 -0.06 -0.06 -0.06 -0.16 -0.16 -0.16 -0.16 -0.16007941 -0.47 -0.47 -0.46880917 -0.28 -0.28 0.17 0.17 0.63 0.63 
-0.6 -0.6 -0.6 -0.6 -0.6 -0.60074684 -1.1593476 -1.5503489 -1.6 -1.6 -1.6 -1.6 -1.6 -1.6 -1.5900212 -1.03 -1.03 -1.03 -1.03 -1.03 -1.076986 -1.36 -1.36 -1.36 -1.36 -1.36 -1.36 -1.36 -1.0600012 -1.06 -1.06 -1.06 -1.06 -1.06 -1.06 -0.28768813 -0.64156494 -0.83507363 -0.86452847 -0.21463686 -0.16000002 -0.16 -0.16 -0.46997525 -0.47 -0.47316367 -0.99999656 -0.28 -0.28 -0.060095956 -0.06 -0.06 0.62999969 
-0.6 -0.6 -0.6 -0.6 -0.60000057 -0.60467038 -1.1941178 -1.599879 -1.6 -1.6 -1.6 -1.6 -1.6 -1.6 -1.5866896 -1.03 -1.03 -1.03 -1.03 -1.03 -1.3599986 -1.36 -1.36 -1.36 -1.36 -1.36 -1.36 -1.36 -1.0600001 -1.06 -1.06 -1.06 -1.06 -1.06 -1.06 -0.88 -0.88 -0.88 -0.88 -1.01 -1.01 -1.01 -1.01 -0.99999847 -1 -1 -1 -0.99999435 -0.5 -0.5 -0.06 -0.06 -0.16283289 
-0.6 -0.6 -0.6 -0.60000004 -0.60001564 -0.61540297 -1.5688501 -1.5999943 -1.6 -1.6 -1.6 -1.6 -1.6 -1.6 -1.5806507 -1.0300002 -1.03 -1.03 -1.03 -1.0319861 -1.36 -1.36 -1.36 -1.36 -1.36 -1.36 -1.36 -1.36 -1.0600001 -1.06 -1.06 -1.06 -1.06 -1.06 -0.88000017 -0.88 -0.88 -0.88 -0.88 -1.01 -1.01 -1.01 -1.01 -1.007301 -1 -1 -1 -0.50000559 -0.5 -0.5 -0.21 -0.21 -0.21 
-0.6 -0.6 -0.60000003 -0.60000127 -0.60015436 -0.67759083 -1.5982487 -1.5999986 -1.6 -1.6 -1.6 -1.6 -1.6 -1.6 -1.5724702 -1.0300134 -1.03 -1.03 -1.0300004 -1.3533137 -1.36 -1.36 -1.36 -1.36 -1.36 -1.36 -1.36 -1.36 -1.0600003 -1.06 -1.06 -1.06 -1.06 -0.24743393 -0.87999972 -0.88 -0.88 -0.88 -0.88 -1.01 -1.01 -1.01 -1.01 -1.01 -1 -1 -1 -0.50000001 -0.5 -0.5 -0.21 -0.21 -0.21 
-0.60000001 -0.60000004 -0.60000053 -0.60001509 -0.60103873 -1.1621505 -1.5996798 -1.5999991 -1.6 -1.6 -1.6 -1.6 -1.6 -1.5999989 -1.5627444 -1.0302082 -1.03 -1.03 -1.0317086 -1.3599719 -1.36 -1.36 -1.36 -1.36 -1.36 -1.36 -1.36 -1.3599998 -1.0600019 -1.06 -1.0599992 -0.047582517 0.05 0.05 0.05 -0.88 -0.88 -0.88 -0.88 -1.01 -1.01 -1.01 -1.01 -1.01 -1.0000002 -1 -0.99999975 -0.50000004 -0.5 -0.49999984 -0.21 -0.21 -0.21 
