interpolatedSpi/04-08|21_1.tif
NCOLS 53
NROWS 52
XLLCORNER -116.03883
YLLCORNER 28.596182
DX 0.49850594
DY 0.49788537
NODATA_VALUE -9999
[rows 0 to 28 of 52, columns 0 to 52 of 53]
-0.68333333 -0.68333333 -0.68006125 -0.78 -0.71833333 -0.84333333 -0.7 -0.69 -0.75157724 -0.85 -1.015 -0.76 -1.1033313 -1.0783333 -0.95833333 -0.95833333 -0.95833333 -0.45666667 -0.54166667 -0.54166667 -0.54166667 -0.54166232 -0.090000006 -0.68333333 -0.68333333 -0.68333333 -0.3133357 -0.31333333 -0.31333333 -0.093333333 -0.093333333 -0.093333333 -0.093333333 -0.59833323 -0.59833333 -0.59833333 -0.59833333 -0.59833333 -0.59833333 -0.59833334 -0.7055122 -0.70655341 -0.26166667 -0.26166667 -0.26166667 -0.26166667 -0.261242 -0.0016666667 -0.0016666667 -0.0016666667 0.69333189 0.69333333 0.69333333
-0.68335533 -1.1783333 -0.7649997 -0.85374537 -1.0384031 -0.70833333 -0.68333333 -0.85648485 -0.93666667 -0.95333333 -1.0183333 -1.1033333 -1.1033333 -0.81753919 -1.0783291 -0.95833333 -0.45666667 -0.45666667 -0.54155584 -0.54166667 -0.54166667 -0.54166667 -0.71035371 -0.68333333 -0.68333333 -0.68333333 -0.645 -0.645 -0.093333333 -0.093333333 -0.093333333 -0.093333333 -0.093333333 -0.59833326 -0.59833333 -0.59833333 -0.59833333 -0.59833333 -0.59833334 -0.60401197 -0.62833444 -0.3061588 -0.26166667 -0.26166667 -0.26166667 -0.26166667 -0.26166667 -0.0016666667 -0.0016666667 -0.0016666667 0.055963399 0.69333333 0.69333333
-1.0133141 -1.0133333 -0.50833333 -0.585 -0.61333333 -0.795 -0.35166667 -0.76 -0.92 -0.81333333 -0.96833333 -1.1116667 -0.735 -0.94833333 -0.81666667 -1.1716667 -0.45666667 -0.45666667 -0.45666667 -0.74327471 -0.74333333 -0.74333333 -1.1966667 -0.68333333 -0.68333333 -0.68333333 -0.645 -0.645 -0.645 -0.093333333 -0.093333333 -0.09333334 -0.15671768 -0.59815165 -0.59896937 -0.6660405 -0.66666667 -0.66666667 -0.66184534 -0.62833333 -0.62833333 -0.62786446 -0.26166667 -0.26166667 -0.26166667 -0.26166667 -0.26166667 -0.0016666667 -0.0016666667 -0.0016666667 -0.0016666654 0.69333333 0.69333333
0.10166667 -1.0133332 -0.50666335 -0.076666667 -0.50833333 -0.54166667 -0.49 -0.63666667 -0.56833333 -0.82821484 -0.79666667 -1.1216667 -1.0033333 -0.94833333 -0.76166667 -1.1716667 -1.204745 -1.2044757 -1.1966667 -0.74333333 -0.74333333 -1.2216667 -1.1966667 -1.1966667 -0.68333333 -0.68333314 -0.645 -0.645 -0.645 -0.325 -0.27013223 -0.225 -0.225 -0.22500034 -0.66666667 -0.66666667 -0.66666667 -0.66666667 -0.62833333 -0.62833333 -0.62833333 -0.62833332 -0.26166667 -0.26166667 -0.26166667 -0.26166667 -0.26166667 -0.0016699465 -0.0016666667 -0.0016666667 -0.0016666667 0.6932937 0.69333333
0.10166667 0.23166531 -0.50666667 -0.77268117 -0.50833333 -0.385 -0.89164362 -0.74833333 -0.79 -0.80666673 -0.97872168 -1.0615965 -0.57166667 -0.76166667 -0.76166667 -1.0365206 -1.205 -1.205 -1.1966667 -1.1966667 -0.74333423 -1.2216667 -0.97333333 -0.44166667 -0.34666667 -0.34658372 -0.645 -0.645 -0.325 -0.325 -0.225 -0.225 -0.225 -0.20205693 -0.66666667 -0.66666667 -0.66666667 -0.62833333 -0.62833333 -0.62833333 -0.62833333 -0.62832529 -0.26166667 -0.26166667 -0.26166667 -0.26166667 -0.26166667 -0.25935234 -0.0016666667 -0.0016899087 -0.52 -0.52 -0.52
-1.1083333 -0.25 -0.40666667 -0.63333333 -0.905 -0.775 -1.03 -0.9939386 -0.73666667 -0.4 -0.38166667 -0.011666667 -0.011667036 -0.71833333 -0.71833333 -1.09994 -1.1 -0.905 -0.905 -1.196666 -0.65333333 -0.65333333 -0.44166667 -0.34666667 -0.34666667 0.0083333333 -0.15833333 -0.15833333 -0.13168414 -0.325 -0.225 -0.225 -0.10333333 -0.10333368 -0.10666659 -0.67333333 -0.67333333 -0.64225511 -0.62833333 -0.62833333 -0.54510393 -0.545 -0.54499998 -0.91820209 -0.92992614 -0.92999982 -0.92999998 -0.92999975 -0.65600291 -0.52 -0.52 -0.52 -0.52
-0.24499738 -0.20333333 0.20401798 -0.32666667 -0.645 -0.98833333 -0.54166666 -0.55 -0.50666667 -0.50666667 -0.38166667 -0.69333333 -0.44666674 -0.71833333 -0.85166627 -0.85166667 -1.1 -0.54 -0.385 -0.385 -0.62977009 -0.60333333 -0.60333333 0.014999995 0.0083333333 0.0083333333 -0.15833333 -0.15833333 -0.13166298 -0.13159872 0.014742435 -0.10333333 -0.10333333 -0.10666667 -0.10666667 -0.71872 -0.67333333 -0.67333333 -0.60666898 -0.54500009 -0.545 -0.545 -0.54499998 -0.92999853 -0.93 -0.93 -0.93 -0.92999986 -0.70166667 -0.520036 -0.52 -0.52 -0.52
-0.245 0.175 0.32333333 -0.64833333 -0.76499331 -0.78 -0.57333333 -0.92666666 -0.98333333 -0.76333333 -0.76333333 -0.73666667 -0.44666667 -0.44666667 -0.84888799 -0.81827224 -0.815 -0.39166667 -0.57499981 -0.385 -0.2919972 -0.29666667 0.016666667 0.34 0.34000019 0.355 -0.18833333 -0.18833332 -0.068555262 -0.068333332 0.015 -0.45384872 -0.34833333 -0.10666667 -0.12563326 -0.75666667 -0.75666667 -0.60666667 -0.60666667 -0.545 -0.545 -0.545 -0.66448405 -0.66666668 -0.93 -0.93 -0.93 -0.70167536 -0.70166667 -0.70166667 -0.52 -0.52 -0.52
0.051351835 0.175 0.40166667 0.16 -0.18166667 -0.65 -0.77166667 -1.0416667 -1.0966667 -0.77237537 -0.64666667 -0.75333333 -0.75333333 -0.64 -0.63999961 -0.5756689 -0.575 -0.575 -0.41965278 -0.14666669 -0.24166667 -0.24166667 -0.205 -0.07068852 0.3534884 0.355 -0.21333333 -0.18833333 -0.18667635 -0.18666667 -0.48333333 -0.12666667 -0.1963394 -0.75166667 -0.77166667 -0.9 -0.81 -0.51333333 -0.73656354 -0.54494792 -0.53333333 -0.33166667 -0.66659856 -0.66666667 -0.66814885 -0.93 -1.12 -0.70166667 -0.70166667 -0.70166667 -0.70166667 -0.53992119 -0.15833333
-0.64 -0.64 0.56166667 0.21666667 -0.305 -0.66666667 -0.87666667 -1.0566667 -0.94833333 -0.69001194 -0.89333333 -0.27 -0.64 -0.64 -0.59833333 -0.59801331 -0.575 -0.57495307 -0.35166667 -0.14666667 -0.14666667 -0.15890586 -0.205 -0.068335921 -0.068333333 -0.068333333 -0.21333333 0.15333333 0.15333333 -0.18666667 -0.18666667 -0.12692903 -0.265 -0.75166667 -0.565 -0.9 -0.81 -0.565 -0.73666667 -0.61369256 -0.33166668 -0.30105505 -0.24833333 -0.66666667 -0.66666667 -1.12 -1.12 -1.12 -0.70166667 -0.70166667 -0.68 -0.68 -0.6799998
-0.64 -0.64 -0.066666667 -0.51 -0.59666667 -0.13166667 -0.46333334 -0.74182073 -0.985 -0.80166667 -0.795 -0.77 -0.2706662 -0.59833333 -0.59833333 -0.59832468 -0.52333333 -0.51432346 -0.35166667 -0.71666667 -0.71666667 -0.37333333 -0.37333333 -0.068333333 -0.068333333 -0.068333333 0.15333333 0.15333333 0.15333333 -0.515 -0.515 -0.51499959 -0.62 -0.62 -0.95333333 -1.03 -0.78166667 -1.1249943 -0.945 -0.61166667 -0.61166667 -0.68499856 -0.24833333 -0.66666667 -1.0133332 -0.93333333 -0.47113991 -0.46833334 -0.38166667 -0.38166667 -0.68 -0.68 -0.68
-0.64 -0.39254103 -0.25585281 -0.67332436 -0.056666667 -0.63666667 -0.46333333 -0.74166667 -0.98499797 -0.80369778 -0.77000004 -0.77 -0.61333333 -0.59833333 -0.59833333 -0.52333334 -0.52333333 -0.52332356 -0.35166667 -0.71666667 -0.64924298 -0.37333333 -0.37333333 -0.068346011 -0.068333333 -0.16804493 -0.37166667 -0.37166667 -0.3716666 -0.515 -0.515 -0.665 -0.665 -0.62000091 -0.95333333 -0.99500006 -0.72981908 -1.125 -1.125 -0.61166667 -0.685 -0.685 -0.68500231 -1.0133333 -1.0133333 -0.93333333 -0.46833333 -0.46833333 -0.38166667 -0.38166667 -0.68 -0.68 -0.68
-1.2883333 -0.7406731 -0.79165571 -0.79079911 -0.05666971 -0.63665297 -0.46333334 -0.73824055 -0.96823184 -0.98021268 -0.61333333 -0.61333333 -0.61333333 -0.61333333 -0.59833546 -0.52333333 -0.52333333 -0.52111684 -0.35166667 -0.71668604 -0.79166667 -0.79166667 -0.79166667 -0.79166667 -0.080823669 -0.37166667 -0.37166667 -0.37166667 -0.37166667 -0.37181251 -0.665 -0.665 -0.665 -0.665 -0.995 -0.995 -0.995 -1.1179541 -1.123961 -0.98666667 -0.98666667 -0.68501623 -0.91666998 -1.013324 -1.0133333 -0.93333333 -0.46833333 -0.46833333 -0.38166667 -0.38166667 -0.67891768 -0.68 -0.31334456
-1.2883333 -0.79166667 -0.79166667 -0.79166667 -0.79166667 -0.7916666 -0.46377695 -0.59506189 -0.92349593 -0.61372903 -0.61333333 -0.61333333 -0.61333333 -0.61333333 -0.61333342 -0.52333333 -0.52333331 -0.51155817 -0.35167048 -0.79166667 -0.79166667 -0.79166667 -0.79166667 -0.79166667 -0.79425903 -0.55531015 -0.59666662 -0.59666667 -0.59666667 -0.59666667 -0.665 -0.665 -0.66500026 -0.88333333 -0.88333333 -0.995 -0.78111782 -0.775 -0.98666654 -0.98666667 -0.98666667 -0.98666667 -0.91666667 -0.91666667 -0.91666667 -0.91678265 -0.74826395 -0.75 -0.75 -0.75 -0.74999999 -0.31666674 -0.31666667
-1.4066667 -0.79166667 -0.79166667 -0.79166667 -0.79166667 -0.79166667 -0.79166665 -0.57773308 -0.72756541 -0.72666667 -0.72666667 -0.72666667 -0.72666667 -0.72666667 -0.72666667 -0.81481865 -0.52797312 -0.49982651 -0.7916114 -0.79166667 -0.79166667 -0.79166667 -0.79166667 -0.79166652 -0.91166667 -0.91166667 -0.91166622 -0.59666667 -0.59666667 -0.59656654 -0.54666667 -0.54666667 -0.88333333 -0.88333333 -0.88333333 -0.79235371 -0.775 -0.775 -0.775 -0.98666667 -0.98666667 -0.98666667 -0.91666667 -0.91666667 -0.91666667 -0.91666667 -0.75 -0.75 -0.75 -0.75 -0.75 -0.31666667 -0.31666667
-1.4066667 -1.1777092 -0.79166667 -0.79166667 -0.79166667 -0.79166667 -0.69835165 -0.69833333 -0.69833333 -0.72666667 -0.72666667 -0.72666667 -0.72666667 -0.72666667 -0.7465213 -0.81666667 -0.81666667 -0.81666667 -0.66538592 -0.66500013 -0.665 -0.665 -0.665 -0.665 -0.91166667 -0.91166667 -0.91166667 -0.91166667 -0.59666667 -0.54666667 -0.54666667 -0.54666667 -0.8833333 -0.88333333 -0.88333333 -0.51833333 -0.77466017 -0.775 -0.775 -0.98656199 -0.77774579 -0.2904205 -0.91666667 -0.91666667 -0.56774679 -0.56666667 -0.56666667 -0.74902243 -0.15707926 -0.15500005 -0.15500011 0.3182371 -0.31666538
-1.4066667 -1.0498477 -0.91733477 -0.79166667 -0.79166667 -0.69838848 -0.69833333 -0.69833333 -0.69833333 -0.69853751 -0.72666667 -0.72666667 -0.72666667 -0.72666668 -0.81666667 -0.81666667 -0.81666667 -0.81666667 -0.66513548 -0.665 -0.665 -0.665 -0.665 -0.665 -0.91166666 -0.91166667 -0.91166667 -0.91166667 -0.91033904 -0.54666667 -0.54666667 -0.54666667 -0.48166667 -0.88328651 -0.51833333 -0.51833333 -0.51833333 -0.51336914 -0.31913502 -0.28833333 -0.28833333 -0.28833333 -0.64 -0.64 -0.56666667 -0.56666667 -0.56666667 -0.15500001 -0.155 -0.155 -0.155 0.31833333 0.31833333
-1.0402613 -1.04 -1.04 -1.04 -0.65333333 -0.69833217 -0.69833333 -0.69833333 -0.69833333 -0.69833333 -0.71972674 -0.72666547 -0.72666666 -0.81666667 -0.81666667 -0.81666667 -0.81666667 -0.81666667 -0.78205054 -0.665 -0.665 -0.665 -0.665 -0.665 -0.77723379 -0.77000077 -0.77 -0.77 -0.77 -0.54666666 -0.48166667 -0.48166667 -0.48166667 -0.48166667 -0.51833333 -0.5183214 -0.065 -0.065 -0.28554468 -0.28833333 -0.28833333 -0.28833333 -0.64 -0.64 -0.57802119 -0.56666667 -0.56666667 -0.155 -0.155 -0.155 -0.14992464 0.31833333 0.31833333
-1.04 -1.04 -1.04 -0.8579129 -0.65333333 -0.65333333 -0.69833333 -0.69833333 -0.69833333 -0.69833333 -0.635 -0.635 -0.635 -0.81666667 -0.81666667 -0.81666667 -0.81666667 -0.8165576 -0.45666667 -0.45666667 -0.66499992 -0.665 -0.667394 -0.76333333 -0.76339335 -0.77 -0.77 -0.77 -0.77 -0.48169603 -0.48166667 -0.48166667 -0.48166667 -0.48166667 -0.065001594 -0.065 -0.065 -0.065 -0.065801106 -0.28833333 -0.28833333 -0.28833333 -0.64 -0.64 -0.64 -0.56666667 -0.56666667 -0.15500001 -0.155 -0.155 0.31833333 0.31833333 0.31833333
-1.04 -1.04 -1.04 -0.65333333 -0.65333333 -0.65333333 -0.6533334 -0.69833333 -0.69833333 -0.63506538 -0.635 -0.635 -0.635 -0.63511318 -0.28244787 -0.15666667 -0.15666667 -0.15666667 -0.45666667 -0.45666667 -0.45666667 -0.76333333 -0.76333333 -0.76333333 -0.76314751 -0.41856871 -0.77 -0.77 -0.77 -0.40695973 -0.3816765 -0.38166667 -0.38166667 -0.38166667 -0.17822103 -0.33666605 -0.33666667 -0.33666667 -0.33666667 -0.35499088 -0.355 -0.355 -0.64 -0.64 -0.41500094 -0.41499992 -0.2 -0.2 0.09 0.09 0.09 0.31833333 0.42990016
-1.0399976 -1.04 -1.04 -0.65333333 -0.65333333 -0.65333333 -0.65333333 -0.34166677 -0.69690724 -0.63496826 -0.635 -0.635 -0.635 -0.63406138 -0.15666667 -0.15666667 -0.15666667 -0.15666675 -0.45666667 -0.45666667 -0.45666667 -0.76333333 -0.76333333 -0.76333333 -0.1 -0.1 -0.315 -0.315 -0.315 -0.31536369 -0.38166667 -0.38166667 -0.38166667 -0.38166667 -0.35917903 -0.33666667 -0.33666667 -0.33666667 -0.33666667 -0.355 -0.355 -0.355 -0.35688783 -0.415 -0.415 -0.415 -0.2 -0.2 0.09 0.09 0.09 0.42999999 0.43
-0.25833333 -0.62748111 -0.93 -0.92991973 -0.65333333 -0.34346996 -0.34166667 -0.34166667 -0.4133278 -0.6 -0.6 -0.6 -0.6 0.33663617 0.33666666 -0.15666629 -0.15666667 -0.16457123 -0.45666667 -0.45666667 -0.45666667 0.091666667 0.091666667 0.091666667 -0.1 -0.1 -0.315 -0.315 -0.315 -0.31499996 -0.25666746 -0.25666702 -0.37852498 -0.38153266 -0.37500684 -0.375 -0.375 -0.375 -0.375 -0.355 -0.355 -0.355 -0.41169617 -0.415 -0.415 -0.41499999 -0.2 -0.2 -0.19998956 0.09 0.089978611 -0.38833333 0.43
-0.47495885 -0.47500008 -0.93 -0.93 -0.93 -0.34166667 -0.34166667 -0.34166667 -0.53833333 -0.53833333 -0.6 -0.6 -0.6 0.33666667 0.33666667 0.33666667 0.33666667 0.33657675 -0.45666667 -0.45666667 -0.45666665 0.091666667 0.091666667 0.091666667 -0.1 -0.1 -0.315 -0.315 -0.315 -0.25732438 -0.25666667 -0.25666667 -0.25666667 -0.25666667 -0.37494161 -0.375 -0.375 -0.375 -0.375 -0.28500002 -0.285 -0.285 -0.285 -0.41499944 -0.34166667 -0.34166667 -0.34166667 -0.53333333 -0.53333333 -0.53333333 -0.38833333 -0.38833333 -0.38833333
-0.475 -0.475 -0.93 -0.93 -0.93 -0.34475905 -0.34166667 -0.53833333 -0.53833333 -0.53833333 -0.59999241 -0.6 -0.31264447 0.33666653 0.33666667 0.33666667 0.33666667 0.013333334 0.013333333 0.013333333 -0.096666662 -0.096666527 0.091665749 0.091666667 0.091395472 -0.275 -0.275 -0.2750001 -0.31499354 -0.050041186 -0.0500011 -0.050036081 -0.25631345 -0.25648832 -0.35378968 -0.37499983 -0.37351429 0.068333333 0.068333333 -0.285 -0.285 -0.285 -0.285 -0.34166667 -0.34166667 -0.34166667 -0.34166667 -0.53333333 -0.53333333 -0.53333333 -0.38833333 -0.38833333 -0.38833333
-0.475 -0.475 -0.93 -0.93 -0.93 -0.93 -0.41527326 -0.53833333 -0.53833333 -0.53833333 -0.53817314 -0.24833333 -0.24833333 -0.24833333 0.33321913 0.33666667 0.015487947 0.013333333 0.013333333 0.013333333 -0.096666667 -0.096666667 -0.096666667 -0.096666667 -0.275 -0.275 -0.275 -0.275 -0.275 -0.05 -0.05 -0.05 -0.05 -0.049999944 -0.023333333 0.068333333 0.068333333 0.068333333 0.068333333 0.068332424 -0.16333333 -0.16333333 -0.16333333 -0.28753174 -0.545 -0.545 -0.545 -0.53333333 -0.53333311 -0.30666667 -0.30666667 -0.21004338 -0.21
-0.475 -0.475 -0.76577695 -0.93 -0.93 -0.92999999 -0.29376809 -0.53756123 -0.53833333 -0.53833333 -0.24833328 -0.24833333 -0.24833333 -0.24833333 -0.24833333 -0.20034384 0.013333333 0.013333333 0.013333333 0.013333333 -0.096665816 -0.096666667 -0.096666667 -0.096666667 -0.275 -0.275 -0.275 -0.275 -0.275 -0.051231594 -0.05 -0.05 -0.05 -0.023333333 -0.023333333 -0.023262152 0.068333333 0.068333333 0.19589646 0.29499998 -0.16333333 -0.16333333 -0.16333333 -0.28385243 -0.545 -0.545 -0.545 0.29166667 -0.29921149 -0.30666667 -0.30666667 -0.21 -0.21
-0.20666667 -0.20666667 -0.20666667 -0.74864045 -0.92884458 -0.29333333 -0.29333333 -0.29333333 -0.29333333 0.021666664 0.021666667 -0.24833331 -0.24833333 -0.24833333 -0.24833333 -0.24831673 0.013333333 0.013333333 0.013333333 0.013333333 -0.048666235 -0.096666667 -0.096666667 -0.091607052 0.08011677 -0.275 -0.275 -0.275 -0.051666667 -0.051666667 -0.051666667 -0.05166666 -0.023333333 -0.023333333 -0.023333333 -0.023333333 0.295 0.295 0.295 0.295 0.03 0.03 0.03 0.048332965 0.048333333 0.048333333 0.048333146 0.29166667 0.29166667 -0.30593763 -0.30666667 -0.20999602 -0.21
-0.20666667 -0.20666667 -0.20666667 -0.20666317 -0.14166667 -0.16372149 -0.29333333 -0.29333333 -0.29333333 0.021666667 0.021666667 0.021666667 0.19166665 0.19166667 0.19166667 0.19166665 0.012771574 0.013333333 0.013333333 0.013333333 0.011675897 0.096666136 0.096666667 0.096666667 0.096666667 0.096666662 0.059999997 0.06 -0.051666667 -0.051666667 -0.051666667 -0.051666667 -0.023333069 -0.023333333 -0.023333333 -0.023303468 0.29499999 0.295 0.295 0.29405683 0.03 0.03 0.03 0.048332483 0.048333333 0.048333333 0.048333333 0.29166667 0.29166667 0.29166671 0.58 0.58 0.45666667
-0.20666667 -0.20666667 -0.20666667 -0.14166682 -0.14166667 -0.14166667 -0.29333328 -0.29333333 -0.29333333 0.021666667 0.021666667 0.021666667 0.19166667 0.19166667 0.19166667 0.15472928 -0.29333333 -0.29333333 -0.29333254 0.011601201 0.096666667 0.096666667 0.096666667 0.096666667 0.096666667 0.096639073 0.06 0.06 0.06 -0.051666667 -0.051666667 -0.051782525 0.34333333 0.34333333 0.34333333 -0.29166666 -0.29166666 0.08 0.08 0.08 0.11333333 0.030026139 0.03000194 0.29 0.29 0.28084111 0.048334384 0.29166667 0.29166667 0.58 0.58 0.58 0.45666667
