interpolatedSpi/04-04|23_2.tif
NCOLS 53
NROWS 52
XLLCORNER -116.03883
YLLCORNER 28.596182
DX 0.49850594
DY 0.49788537
NODATA_VALUE -9999
-0.775 -0.775 -2.0294957 -2.825 -1.31 -1.52 -1.445 -0.925 -1.546597 -0.98 -1.045 -1.25 -1.7249918 -1.625 -1.31 -1.31 -1.31 -0.55 -1.485 -1.485 -1.485 -1.4849904 -0.49000001 -1.805 -1.805 -1.805 -0.31498841 -0.315 -0.315 -1.635 -1.635 -1.635 -1.635 -2.7899998 -2.79 -2.79 -2.79 -2.79 -2.79 -2.7899999 0.27201781 0.30429559 -2.46 -2.46 -2.46 -2.46 -2.4585055 -1.545 -1.545 -1.545 -0.20000279 -0.2 -0.2 
-0.77504265 -1.735 -1.6349995 -1.5548084 -1.8397824 -1.45 -1.71 -1.3249665 -1.31 -1.8 -1.59 -1.725 -1.725 -1.61005 -1.624997 -1.31 -0.55 -0.55 -1.4837809 -1.485 -1.485 -1.485 -1.7892089 -1.805 -1.805 -1.805 -2.135 -2.135 -1.635 -1.635 -1.635 -1.635 -1.635 -2.7899998 -2.79 -2.79 -2.79 -2.79 -2.7899999 -2.613316 -1.7100667 -2.3689937 -2.46 -2.46 -2.46 -2.46 -2.46 -1.545 -1.545 -1.545 -1.4334713 -0.2 -0.2 
-0.26005843 -0.26 -1.22 -1.265 -1.34 -1.195 -1.595 -0.925 -1.94 -1.91 -1.665 -1.995 -2.12 -0.75 -1.61 -2.53 -0.55 -0.55 -0.55 -1.2500683 -1.25 -1.25 -1.505 -1.805 -1.805 -1.805 -2.135 -2.135 -2.135 -1.635 -1.635 -1.635 -1.902177 -2.7879963 -2.7830656 -2.0518268 -2.045 -2.045 -2.0028658 -1.71 -1.71 -1.7109591 -2.46 -2.46 -2.46 -2.46 -2.46 -1.545 -1.545 -1.545 -1.545 -0.2 -0.2 
-0.725 -0.26000028 -1.6500705 -1.065 -1.565 -1.36 -1.185 -1.43 -1.655 -1.3570844 -1.895 -1.665 -1.835 -0.75 -2.375 -2.53 -1.537651 -1.5293134 -1.765 -1.25 -1.25 -1.815 -1.505 -1.505 -1.805 -1.8050016 -2.135 -2.135 -2.135 -1.23 -1.7567306 -2.19 -2.19 -2.1899999 -2.045 -2.045 -2.045 -2.045 -1.71 -1.71 -1.71 -1.71 -2.46 -2.46 -2.46 -2.46 -2.46 -1.5450115 -1.545 -1.545 -1.545 -0.20001633 -0.2 
-0.725 -0.065002907 -1.65 -1.8088139 -1.565 -1.995 -1.6150976 -2.705 -2.245 -2.0700001 -1.9009562 -1.819962 -1.555 -2.375 -2.375 -2.4629989 -1.53 -1.53 -1.765 -1.765 -1.2500011 -1.815 -1.685 -0.855 -1.385 -1.3849862 -2.135 -2.135 -1.23 -1.23 -2.19 -2.19 -2.19 -2.1654853 -2.045 -2.045 -2.045 -1.71 -1.71 -1.71 -1.71 -1.7099508 -2.46 -2.46 -2.46 -2.46 -2.46 -2.4518554 -1.545 -1.5449621 -0.7 -0.7 -0.7 
-1.43 -0.8 -1.04 -1.545 -1.195 -1.4 -2.18 -2.247215 -2.235 -2.385 -1.87 -2.185 -2.1849996 -1.16 -1.16 -1.0449179 -1.045 -0.75 -0.75 -1.7649987 -1.86 -1.86 -0.855 -1.385 -1.385 -1.325 -2 -2 -1.4099844 -1.23 -2.19 -2.19 -2.06 -2.0598971 -1.0750708 -1.985 -1.985 -1.7950775 -1.71 -1.71 -1.2006361 -1.2 -1.1999992 -1.1780368 -1.1551442 -1.1550003 -1.155 -1.1550005 -1.0437815 -0.7 -0.7 -0.7 -0.7 
0.099968708 0.395 -0.59625203 -0.83 -0.94 -1.48 -1.685 -1.835 -1.88 -1.88 -1.87 -1.86 -1.4000001 -1.16 -0.70500136 -0.705 -1.045 -0.045 -0.315 -0.315 -1.7256895 -1.575 -1.575 -1.29 -1.325 -1.325 -2 -2 -1.4100323 -1.4105955 -1.3319576 -2.06 -2.06 -1.075 -1.075 -1.5683504 -1.985 -1.985 -2.2699901 -1.2000015 -1.2 -1.2 -1.199995 -1.1549992 -1.155 -1.155 -1.155 -1.155 -1.085 -0.7000763 -0.7 -0.7 -0.7 
0.1 -0.83 -0.2 -1.01 -0.59002408 -0.965 -1.42 -1.675 -0.41 -1.25 -1.25 -1.58 -1.4 -1.4 -0.70976834 -0.50918725 -0.49 -0.055 -0.20500011 -0.315 -0.37754698 -0.375 -1.935 -0.11500001 -0.11500677 -0.64 -0.86 -0.8600004 -1.9630552 -1.965 -1.33 -1.105295 -1.16 -1.075 -1.0799912 -1.22 -1.22 -2.27 -2.27 -1.2 -1.2 -1.2 -1.0078087 -1.01 -1.155 -1.155 -1.155 -1.0850027 -1.085 -1.085 -0.7 -0.7 -0.7 
-1.0128172 -0.82999998 0.785 -0.605 -1.25 -1.69 -1.19 -0.53 -0.83 -0.36748619 -0.645 -1.95 -1.95 -0.945 -0.94499831 -2.0107497 -2.015 -2.015 -0.077897749 -1.4799998 -0.405 -0.405 -2.39 -2.114308 -0.58709386 -0.64 -1.14 -0.86 -0.52694669 -0.525 -1.09 -1.44 -1.344305 -1.25 -1.25 -1.34 -1.455 -2.145 -1.4203348 -1.19846 -0.855 -0.635 -1.0098641 -1.01 -1.0108161 -1.155 -1.86 -1.085 -1.085 -1.085 -1.085 -0.44974005 0.865 
-2.035 -2.035 0.26 -0.4 -0.905 -1.395 -0.9 -0.91 -0.23 -0.24998395 -0.51 -0.545 -0.945 -0.945 -0.765 -0.78214431 -2.015 -2.0145385 0.045 -1.48 -1.48 -1.3415039 -2.39 -0.72503153 -0.725 -0.725 -1.14 -0.28 -0.28 -0.525 -0.525 -1.4396396 -1.25 -1.25 -0.735 -1.34 -1.455 -2.115 -1.42 -0.31323278 -0.63500001 -0.46602388 -0.175 -1.01 -1.01 -1.86 -1.86 -1.86 -1.085 -1.085 1.31 1.31 1.3099998 
-2.035 -2.035 -0.465 -1.04 -1.325 -1.225 -1.725 -0.72560761 -0.83 -1.445 -1.09 -0.385 -0.54478759 -0.765 -0.765 -0.76494405 -0.28 -0.26294248 0.045 0.595 0.595 -0.355 -0.355 -0.725 -0.725 -0.725 -0.28 -0.28 -0.28 -1.145 -1.145 -1.1450002 -0.56 -0.56 -1.02 -1.01 0.105 -1.0500016 -0.63 -0.295 -0.295 -0.60999857 -0.175 -1.01 0.16499919 -0.625 0.051731007 0.059999995 1.07 1.07 1.31 1.31 1.31 
-2.035 -1.3571685 -0.71037301 -1.8749733 -0.715 -1.37 -1.725 -0.725 -0.82999912 -1.4381865 -0.38500138 -0.385 0.39 -0.765 -0.765 -0.28000002 -0.28 -0.2799815 0.045 0.595 0.40843933 -0.355 -0.355 -0.72498473 -0.725 -0.55570943 -0.21 -0.21 -0.21000001 -1.145 -1.145 -0.02 -0.02 -0.56000126 -1.02 0.054999651 -0.10987421 -1.05 -1.05 -0.29500001 -0.61 -0.61 -0.60999433 0.165 0.165 -0.625 0.06 0.06 1.07 1.07 1.31 1.31 1.31 
-0.83 -1.1032712 -1.1499955 -1.1552345 -0.71500344 -1.3699845 -1.725 -0.73730942 -0.82276443 -0.84605929 0.39 0.39 0.39 0.39 -0.76483639 -0.28 -0.28 -0.27580373 0.045 0.59483593 0.04 0.04 0.04 0.04 -0.71162589 -0.21 -0.21 -0.21 -0.21 -0.21045274 -0.02 -0.02 -0.02 -0.02 0.054999999 0.055 0.055 -0.99693628 -1.0383211 0.505 0.505 -0.60994003 0.34499384 0.16501734 0.165 -0.625 0.06 0.06 1.07 1.07 1.3091293 1.31 0.33133058 
-0.83 -1.15 -1.15 -1.15 -1.15 -1.1500001 -1.7240912 -1.2518508 -0.8034607 0.38867078 0.39 0.39 0.39 0.39 0.38999999 -0.28000001 -0.27999995 -0.25770722 0.044995461 0.04 0.04 0.04 0.04 0.04 0.036432307 -0.0052102894 0.12499993 0.125 0.125 0.125 -0.019999994 -0.02 -0.019999417 0.465 0.465 0.055 0.77442188 0.795 0.50500017 0.505 0.505 0.505 0.345 0.345 0.345 0.33824968 1.1427658 1.15 1.15 1.15 1.15 0.72500012 0.725 
-0.925 -1.15 -1.15 -1.15 -1.15 -1.15 -1.15 -0.88393275 0.39872649 0.405 0.405 0.405 0.405 0.405 0.405 0.23346311 -0.27187765 -0.23549652 0.04000052 0.04 0.04 0.04 0.04 0.039999511 -0.125 -0.125 -0.12499965 0.125 0.125 0.1255707 0.41 0.41 0.465 0.465 0.465 0.74213772 0.795 0.795 0.795 0.505 0.505 0.505 0.345 0.345 0.345 0.345 1.15 1.15 1.15 1.15 1.15 0.725 0.725 
-0.925 -1.0087649 -1.15 -1.15 -1.15 -1.15 0.62965065 0.63 0.62999999 0.405 0.405 0.405 0.405 0.405 0.36639378 0.23 0.23 0.23 -0.37872019 -0.37999957 -0.38 -0.38 -0.38 -0.38 -0.125 -0.125 -0.125 -0.125 0.125 0.41 0.41 0.41 0.465 0.465 0.465 1.09 0.79539059 0.795 0.795 0.50495444 0.41375294 0.20091158 0.345 0.345 1.3967442 1.4 1.4 1.1505676 1.4937944 1.495 1.4949999 1.5798706 0.72500174 
-0.925 0.28169717 -0.40864256 -1.15 -1.15 0.62894829 0.63 0.63 0.63 0.62837859 0.405 0.405 0.405 0.40499998 0.23 0.23 0.23 0.23 -0.3794551 -0.38 -0.38 -0.38 -0.38 -0.38 -0.12500001 -0.125 -0.125 -0.125 -0.12305402 0.41 0.41 0.41 0.355 0.46506092 1.09 1.09 1.09 1.0882192 0.23769013 0.2 0.2 0.2 0.905 0.905 1.4 1.4 1.4 1.495 1.495 1.495 1.495 1.58 1.58 
0.31435792 0.315 0.315 0.31500001 1.065 0.63001122 0.63 0.63 0.63 0.63 0.41446361 0.40500163 0.405 0.23 0.23 0.23 0.23 0.23 0.15945301 -0.38 -0.38 -0.38 -0.38 -0.38 -0.2519395 -0.23999938 -0.24 -0.24 -0.24 0.41 0.355 0.355 0.355 0.355 1.09 1.0899958 0.93 0.93 0.20911514 0.2 0.2 0.2 0.905 0.905 1.323357 1.4 1.4 1.495 1.495 1.495 1.4959114 1.58 1.58 
0.315 0.315 0.315 0.66818619 1.065 1.065 0.63 0.63 0.63 0.63 0.53 0.53 0.53 0.23 0.23 0.23 0.23 0.23000331 -0.13 -0.13 -0.3799999 -0.38 -0.37963481 -0.365 -0.36387468 -0.24 -0.24 -0.24 -0.24 0.35493941 0.355 0.355 0.355 0.355 0.93000056 0.93 0.93 0.93 0.92737128 0.2 0.2 0.2 0.905 0.905 0.905 1.4 1.4 1.495 1.495 1.495 1.58 1.58 1.58 
0.315 0.315 0.315 1.065 1.065 1.065 1.0649993 0.63 0.63 0.53010323 0.53 0.53 0.53 0.52981309 0.24618845 0.25 0.25 0.25 -0.13 -0.13 -0.13 -0.365 -0.365 -0.365 -0.36480111 0.066846722 -0.24 -0.24 -0.24 -0.00023990589 -0.064958691 -0.065 -0.065 -0.065 0.48647032 -0.13499758 -0.135 -0.135 -0.135 0.16000547 0.16 0.16 0.905 0.905 0.45500188 0.4550002 1.01 1.01 1.34 1.34 1.34 1.58 1.2552906 
0.31500174 0.315 0.31500003 1.065 1.065 1.065 1.065 0.59000001 0.62984006 0.53003627 0.53 0.53 0.53 0.52945056 0.25 0.25 0.25 0.24999989 -0.13 -0.13 -0.13 -0.365 -0.365 -0.365 0.345 0.345 0.075000004 0.075 0.075 0.074236256 -0.065 -0.065 -0.065 -0.065 -0.099980862 -0.135 -0.135 -0.135 -0.135 0.16 0.16 0.16 0.16928183 0.455 0.455 0.455 1.01 1.01 1.34 1.34 1.34 1.255 1.255 
0.875 0.60297685 0.095 0.095281414 1.065 0.59274833 0.59 0.59 0.82502422 0.57000002 0.57 0.57 0.57 0.3150083 0.315 0.25000005 0.25 0.23998756 -0.13 -0.13 -0.13 -0.46 -0.46 -0.46 0.345 0.345 0.075 0.075 0.075 0.074999303 -0.88499479 -0.8849977 -0.085609469 -0.065879097 -0.63434945 -0.635 -0.635 -0.635 -0.635 0.16 0.16 0.16 0.43875612 0.455 0.455 0.45499991 1.01 1.01 1.0100119 1.34 1.3399687 0.64 1.255 
0.62004843 0.61999991 0.095 0.095 0.095 0.59 0.59 0.59 1.235 1.235 0.57 0.57 0.57 0.315 0.315 0.315 0.315 0.31495037 -0.13 -0.13 -0.13000001 -0.46 -0.46 -0.46 0.345 0.345 0.075 0.075 0.075 -0.87417593 -0.885 -0.885 -0.885 -0.885 -0.63512336 -0.635 -0.635 -0.635 -0.635 -0.2299999 -0.23 -0.23 -0.23 0.45499601 -0.065 -0.065 -0.065 -0.125 -0.125 -0.125 0.64 0.64 0.64 
0.62 0.62 0.095 0.095 0.095 0.58739819 0.59 1.235 1.235 1.235 0.57008186 0.57 0.67622621 0.31500009 0.315 0.315 0.315 0.22 0.22 0.22 -1.17 -1.1699995 -0.46000346 -0.46 -0.46007633 -0.97 -0.97 -0.96999751 0.074831121 -1.5148744 -1.5149966 -1.51489 -0.88607674 -0.88554368 -0.67993551 -0.63500016 -0.63639076 -1.05 -1.05 -0.23 -0.23 -0.23 -0.23 -0.065 -0.065 -0.065 -0.065 -0.125 -0.125 -0.125 0.64 0.64 0.64 
0.62 0.62 0.095 0.095 0.095 0.095000002 0.83140466 1.235 1.235 1.235 1.2347045 0.7 0.7 0.7 0.31726889 0.315 0.22063306 0.22 0.22 0.22 -1.17 -1.17 -1.17 -1.17 -0.97 -0.97 -0.97 -0.97 -0.97 -1.515 -1.515 -1.515 -1.515 -1.5149999 -1.465 -1.05 -1.05 -1.05 -1.05 -1.0499975 -0.385 -0.385 -0.385 -0.36059239 -0.31 -0.31 -0.31 -0.12500001 -0.12500028 -0.41 -0.41 0.35506933 0.355 
0.62 0.62 0.28448813 0.095 0.095 0.095000028 1.3547871 1.2353782 1.235 1.235 0.70000021 0.7 0.7 0.7 0.7 0.66837139 0.22 0.22 0.22 0.22 -1.1699892 -1.17 -1.17 -1.17 -0.97 -0.97 -0.97 -0.97 -0.97 -1.2194174 -1.515 -1.515 -1.515 -1.465 -1.465 -1.4646777 -1.05 -1.05 -0.96558322 -0.90000001 -0.385 -0.385 -0.385 -0.36125724 -0.31 -0.31 -0.31 -0.005 -0.40495374 -0.41 -0.41 0.355 0.355 
0.865 0.865 0.865 0.28806017 0.096468576 1.355 1.355 1.355 1.355 1.69 1.69 0.70000007 0.7 0.7 0.7 0.69996958 0.22 0.22 0.22 0.22 -0.56344909 -1.17 -1.17 -1.1545595 -0.59736627 -0.97 -0.97 -0.97 -1.115 -1.115 -1.115 -1.1150017 -1.465 -1.465 -1.465 -1.465 -0.9 -0.9 -0.9 -0.9 -0.17 -0.17 -0.17 -0.40999517 -0.41 -0.41 -0.40999997 -0.005 -0.005 -0.40950653 -0.41 0.35499912 0.355 
0.865 0.865 0.865 0.86501212 1.09 1.1285354 1.355 1.355 1.355 1.69 1.69 1.69 0.62500001 0.625 0.625 0.62500002 0.22203332 0.22 0.22 0.22 0.19895487 -0.58000162 -0.58 -0.58 -0.58 -0.58000001 -0.8 -0.8 -1.115 -1.115 -1.115 -1.115 -1.4649997 -1.465 -1.465 -1.4649642 -0.9 -0.9 -0.9 -0.89984646 -0.17 -0.17 -0.17 -0.40998887 -0.41 -0.41 -0.41 -0.005 -0.005 -0.0049999753 0.18 0.18 0.215 
0.865 0.865 0.865 1.0899995 1.09 1.09 1.3549999 1.355 1.355 1.69 1.69 1.69 0.625 0.625 0.625 0.67869248 1.33 1.33 1.3299971 0.22626956 -0.58 -0.58 -0.58 -0.58 -0.58 -0.58016556 -0.8 -0.8 -0.8 -1.115 -1.115 -1.1149389 -1.025 -1.025 -1.025 -1.38 -1.38 -0.865 -0.865 -0.865 -0.37 -0.17006273 -0.17000097 -0.3 -0.3 -0.30416887 -0.40999902 -0.0050000001 -0.0050000001 0.18 0.18 0.18 0.215 
0.865 0.865 0.865 1.09 1.09 1.09 1.09 1.355 1.355 1.69 1.69 0.66758464 0.625 0.625 0.625 1.33 1.33 1.33 1.33 1.33 -0.58 -0.58 -0.58 -0.58 -0.58 -0.79999925 -0.8 -0.8 -0.8 -1.02 -1.02 -1.02 -1.025 -1.025 -1.025 -1.38 -1.38 -0.865 -0.865 -0.37 -0.37 -0.37 -0.3 -0.3 -0.3 -0.3 -0.28439201 -0.11 -0.11 -0.11 0.18 0.185 0.185 
0.865 0.865 0.86531332 1.09 1.09 1.09 1.09 1.2899225 1.3 1.3006696 1.69 0.62506575 0.625 0.625 0.62500244 1.33 1.33 1.33 1.33 1.33 0.54693971 -0.58 -0.58 -0.58 -0.58000309 -0.79998847 -0.8 -0.8 -0.8 -1.02 -1.02 -1.02 -1.0200016 -1.025 -1.38 -1.38 -1.38 -1.379979 -0.86496624 -0.37 -0.37 -0.37 -0.30000425 -0.3 -0.3 -0.3 -0.11000653 -0.11 -0.11 -0.11 0.185 0.185 0.185 
1.075 1.0749996 1.0898811 1.09 1.09 1.09 1.2999553 1.3 1.3 1.3 1.41 1.41 1.41 1.41 1.3303691 1.33 1.33 1.33 1.33 0.59500044 0.595 0.595 -0.595 -0.595 -0.595 -0.595 -0.61269414 -0.8 -1.1249867 -1.125 -1.125 -1.125 -1.125 -1.615 -1.615 -1.615 -1.615 -1.615 -0.6 -0.6 -0.6 -0.6 -0.6 -0.75930658 -0.76 -0.76 -0.76 -0.11 -0.11 -0.11 0.18495352 0.185 0.185 
1.075 1.075 1.0776792 1.3949994 1.3949999 1.3949072 1.3 1.3 1.3 1.3 1.41 1.41 1.41 1.41 1.41 1.33 1.33 1.33 0.59500018 0.595 0.595 0.595 -0.595 -0.595 -0.595 -0.595 -0.595 -0.5950439 -1.124832 -1.125 -1.125 -1.125 -1.1249325 -1.5866549 -1.6149706 -1.615 -1.615 -1.615 -0.6 -0.6 -0.6 -0.6 -0.6 -0.76 -0.76 -0.76 -0.76 -0.4560473 -0.11 1.0518906 1.065 0.94 0.94 
1.075 1.075 1.3949595 1.395 1.395 1.395 1.3708704 1.3 1.3 1.3 1.41 1.41 1.41 1.41 1.41 1.3300577 1.33 0.5952155 0.595 0.595 0.595 0.595 -0.15415679 -0.595 -0.595 -0.595 -0.595 -0.59506736 -0.69 -0.69 -0.69 -0.69 -0.69 -1.565 -1.565 -1.565 -1.565 -1.565 -1.285 -1.285 -1.285 -1.285 -1.285 -0.75605671 -0.75999917 -0.75999999 -0.75972624 -0.72679719 1.065 1.065 1.065 0.9400007 0.94 
1.0749992 0.64848075 1.3949999 1.395 1.395 1.395 1.395 1.3000405 1.3 1.3 1.41 1.41 1.41 1.41 0.99443983 0.985 0.985 0.59501004 0.595 0.595 0.595 0.595 0.5949999 -0.595 -0.595 -0.595 -0.595 -0.90499979 -0.9049999 -0.85924278 -0.69 -0.69 -0.69 -1.565 -1.565 -1.565 -1.565 -1.5646139 -1.285 -1.285 -1.285 -1.285 -1.2849042 0.855 0.855 0.855 0.855 0.85501694 1.065 1.065 1.065 1.0649999 0.93014727 
0.64 0.64 0.81508201 1.395 1.395 1.395 1.395 1.395 1.3000404 1.255 1.255 1.255 1.2553678 0.98500061 0.985 0.985 0.985 0.985 0.59499916 0.58781993 0.525 0.525 0.525 0.23919362 -0.61100727 -0.69665917 -0.76899539 -0.905 -0.905 -0.905 -0.905 -0.905 -0.89876492 -0.99544898 -0.995 -0.995 -0.995 -0.995 -1.0501829 -0.035002246 -0.035 -0.035 -0.035 1.0599994 0.85500005 0.855 0.855 1.255 1.065003 1.065 1.065 0.93 0.93 
0.64 0.64 0.88 0.88 0.88 1.3948284 1.395 1.395 1.255 1.255 1.255 1.255 1.255 0.98500001 0.985 0.985 0.985 0.985 0.525 0.525 0.525 0.525 0.525 -0.79499993 -0.795 -0.795 -0.795 -0.905 -0.905 -0.905 -0.905 -0.905 -1.035 -1.035 -0.995 -0.995 -0.995 0.3447718 0.345 -0.035 -0.035 -0.035 -0.034999842 1.06 1.06 1.06 1.255 1.255 1.255 1.105 1.105 0.93 0.93 
0.64 0.64 0.88 0.88 0.88 0.88 0.88000077 1.02 1.2547787 1.255 1.255 1.255 1.255 0.988368 0.985 0.985 0.985 0.985 0.52500001 0.525 0.525 0.525 0.525 -0.795 -0.795 -0.795 -0.795 -0.79500048 -0.905 -0.905 -0.905 -1.0349932 -1.035 -1.035 -1.035 -0.995 0.34499998 0.345 0.345 0.33500149 0.82908368 0.99 0.99 1.06 1.06 1.06 1.255 1.255 1.255 1.105 1.105 1.105 0.5088419 
0.82 0.81999859 0.88 0.88 0.88 0.88 1.02 1.02 1.02 1.255 1.255 1.255 1.255 1.2549161 0.985 0.985 0.985 0.985 0.52500772 0.525 0.525 0.52499998 -0.5624803 -0.795 -0.795 -0.795 -0.795 -1.1749997 -1.175 -1.175 -0.90790268 -1.035 -1.035 -1.035 -1.0349995 -0.56000001 0.345 0.345 0.345 0.34500001 0.99 0.99 0.99 1.555 1.555 1.555 1.3749883 1.255 1.255 1.105 1.105 1.105 0.46500113 
0.82 0.82 0.88 0.88 0.88 1.02 1.02 1.02 1.02 1.2292302 1.255 1.255 1.255 1.2549952 -0.014884917 -0.015 -0.015 -0.015 -0.35437247 -0.485 -0.485 -0.485 -0.485 -0.795 -0.795 -0.795 -0.79502507 -1.175 -1.175 -1.175 -1.175 -1.0349251 -0.76782624 -0.56 -0.56 -0.56 0.34721811 0.93998761 0.94 0.94 0.9903799 1.475 1.475 1.555 1.555 1.5549992 1.375 1.375 1.015 1.015 1.015 0.77 0.87 
0.82 0.82 0.36 0.36 0.36 1.02 1.02 1.02 1.02 0.925 0.925 0.925 0.925 0.858756 -0.015 -0.015 -0.015 -0.015 -0.35 -0.485 -0.485 -0.485 -0.485 -1.285 -1.2849998 -0.79500072 -1.175 -1.175 -1.175 -1.175 -0.8560466 -0.545 -0.55821521 -0.56 -0.56 -0.56 0.94 0.94 0.94 0.94 1.475 1.475 1.475 1.1201119 1.12 1.3738538 1.375 1.375 1.0149973 1.015 0.77 0.77 0.87 
0.82 0.36 0.36 0.36 0.36 0.36 1.0149929 0.375 0.375 0.925 0.925 0.925 0.925 0.92477738 -0.015 -0.015 -0.015 -0.030136363 -0.35 -0.35 -0.485 -0.485 -1.285 -1.285 -1.285 -1.285 -1.175 -1.175 -1.175 -1.175 -0.545 -0.545 -0.545 -0.55998482 -0.56 -0.56 0.94 0.94 0.94 0.94 1.475 1.475 1.475 1.12 1.12 1.1199703 0.595 0.595 0.395 0.395 0.77 0.77 0.87 
0.36431997 0.36 0.36 0.36 0.36 0.36 0.375 0.375 0.375 0.66938299 0.925 0.925 0.925 0.92497526 -0.015 -0.015 -0.015 -0.35 -0.35 -0.35 -0.48499326 -0.48500489 -1.285 -1.285 -1.285 -1.285 -1.1750078 -1.175 -1.175 -0.54514488 -0.545 -0.545 -0.545 -0.545 -0.55898819 0.115 0.115 0.12927806 0.94 0.94 1.4749995 1.475 1.1303217 1.12 1.12 0.59500019 0.595 0.595 0.395 0.395 -0.02 -0.02 -0.015 
0.36 0.36 0.36 0.36 0.36 0.36 0.375 0.375 0.375 0.375 -0.14496917 -0.145 -0.145 -0.145 -0.01500159 -0.34832515 -0.535 -0.535 -0.35034105 -0.35 -0.35000003 -1.2849988 -1.285 -1.285 -1.285 -1.285 -1.28492 -1.175 -1.1749785 -0.545 -0.545 -0.545 -0.545 -0.545 0.115 0.115 0.115 0.115 0.115 0.1150033 0.26 0.26 0.26000008 0.485 0.485 0.485 0.145 0.145 -0.235 -0.235 -0.02 -0.019999989 -0.015 
0.36 0.36 0.36 0.36 0.36 0.36 0.375 0.375 0.375 -0.145 -0.145 -0.145 -0.145 -0.145 -0.24780306 -0.535 -0.535 -0.535 -0.535 -0.535 -0.52616686 -1.285 -1.285 -1.285 -1.285 -1.2521859 -0.24163751 -1.0476852 -0.54810683 -0.545 -0.545 -0.545 -0.545 -0.54499855 0.115 0.115 0.115 0.115 0.115 0.18245366 0.26 0.26 0.26 0.485 0.485 0.485 0.145 0.145 -0.235 -0.235 -0.415 -0.037065668 -0.015 
0.36 0.36 0.36 0.36 0.36 0.36 0.375 0.375 0.3534171 -0.145 -0.145 -0.145 -0.145 -0.145 -0.1637068 -0.535 -0.535 -0.535 -0.535 -0.535 -0.535 -0.40069085 -0.24000146 -0.24 -0.24 -0.24 -0.24 -0.24 -0.80684835 -0.8149968 -0.81499999 -0.815 -0.815 -0.81499933 0.115 0.115 0.115 0.115 0.115 0.25999998 0.26 0.26 0.26 0.2600001 0.48468737 0.29 0.14500002 -0.48884156 -0.23523219 -0.415 -0.415 -0.4106348 -0.205 
0.36 0.36 0.36 0.36 0.36 0.36000096 0.37499919 0.37496854 -0.14499934 -0.145 -0.145 -0.145 -0.145 -0.145 -0.15242087 -0.535 -0.535 -0.535 -0.535 -0.535 -0.535 -0.24 -0.24 -0.24 -0.24 -0.24 -0.24 -0.24 -0.81484127 -0.815 -0.815 -0.815 -0.815 -0.815 -0.56018009 0.115 0.115 0.115 0.115 0.26 0.26 0.26 0.26 0.26000769 0.29 0.29 0.28504866 -0.5 -0.5 -0.415 -0.415 -0.205 -0.205 
0.36 0.36 0.36 0.36 0.36 0.36002 0.37496756 -0.086321398 -0.145 -0.145 -0.145 -0.145 -0.145 -0.145 -0.15182762 -0.535 -0.535 -0.535 -0.535 -0.535 -0.49299736 -0.24 -0.24 -0.24 -0.24 -0.24 -0.24 -0.24 -0.81499769 -0.815 -0.815 -0.815 -0.815 -0.815 -0.815 0.12608013 0.14336902 0.15280847 0.15423142 0.22239698 0.25999999 0.26 0.26 0.2899976 0.29 0.28698556 -0.21500136 -0.5 -0.5 -0.73997492 -0.74 -0.74 -0.20500024 
0.36 0.36 0.36 0.36 0.36000002 0.36012486 0.32993722 -0.14485701 -0.145 -0.145 -0.145 -0.145 -0.145 -0.145 -0.1541071 -0.535 -0.535 -0.535 -0.535 -0.535 -0.24000127 -0.24 -0.24 -0.24 -0.24 -0.24 -0.24 -0.24 -0.81499984 -0.815 -0.815 -0.815 -0.815 -0.815 -0.81499981 0.155 0.155 0.155 0.155 -0.325 -0.325 -0.325 -0.325 -0.21499854 -0.215 -0.215 -0.215 -0.21500455 -0.625 -0.625 -0.74 -0.74 -1.0109613 
0.36 0.36 0.36 0.36 0.36000042 0.36017109 -0.10935186 -0.14499321 -0.145 -0.145 -0.145 -0.145 -0.145 -0.145 -0.15823901 -0.53499984 -0.535 -0.535 -0.535 -0.53322452 -0.24 -0.24 -0.24 -0.24 -0.24 -0.24 -0.24 -0.24 -0.81499987 -0.815 -0.815 -0.815 -0.815 -0.815 0.15499911 0.155 0.155 0.155 0.155 -0.325 -0.325 -0.325 -0.325 -0.29531147 -0.215 -0.215 -0.215 -0.62499541 -0.625 -0.625 -1.135 -1.135 -1.135 
0.36 0.36 0.36 0.36000003 0.36000283 0.33714097 -0.14306848 -0.1449983 -0.145 -0.145 -0.145 -0.145 -0.145 -0.14500002 -0.16383615 -0.53499083 -0.535 -0.535 -0.53499966 -0.24597717 -0.24 -0.24 -0.24 -0.24 -0.24 -0.24 -0.24 -0.24 -0.81499946 -0.815 -0.815 -0.815 -0.815 -0.1049193 0.155 0.155 0.155 0.155 0.155 -0.325 -0.325 -0.325 -0.325 -0.325 -0.215 -0.215 -0.215 -0.625 -0.625 -0.625 -1.135 -1.135 -1.135 
0.36 0.36 0.36000001 0.3600003 0.359883 0.089457257 -0.1446627 -0.14499896 -0.145 -0.145 -0.145 -0.145 -0.145 -0.14500073 -0.17049069 -0.53485757 -0.53499999 -0.53499999 -0.53347264 -0.24002508 -0.24 -0.24 -0.24 -0.24 -0.24 -0.24 -0.24 -0.24000033 -0.8149964 -0.815 -0.81499931 0.069725188 0.155 0.155 0.155 0.155 0.155 0.155 0.155 -0.325 -0.325 -0.325 -0.325 -0.325 -0.21500195 -0.215 -0.2150002 -0.62499997 -0.625 -0.62500028 -1.135 -1.135 -1.135 
