interpolatedSpi/04-09|19_1.tif
NCOLS 53
NROWS 52
XLLCORNER -116.03883
YLLCORNER 28.596182
DX 0.49850594
DY 0.49788537
NODATA_VALUE -9999
[rows 0 to 26 of 52, columns 0 to 52 of 53]
0.06 0.06 -0.039462761 -0.39285714 -0.38857143 -0.52428571 -0.32285714 -0.56142857 -0.74878621 -0.70285714 -0.50857143 -0.43285714 -0.64713992 -0.61142857 -0.51714286 -0.51714286 -0.51714286 -0.10285714 -0.11571429 -0.11571429 -0.11571429 -0.11571752 -0.45142857 -0.065714286 -0.065714286 -0.065714286 -0.44999629 -0.45 -0.45 -0.54571429 -0.54571429 -0.54571429 -0.54571429 -0.54428571 -0.54428571 -0.54428571 -0.54428571 -0.54428571 -0.54428571 -0.5442857 -0.063747035 -0.058658726 -0.40142857 -0.40142857 -0.40142857 -0.40142857 -0.40196524 -0.73 -0.73 -0.73 0.11285539 0.11285714 0.11285714
0.06000457 0.16285714 -0.022856764 0.014718348 -0.11434318 -0.02 0.22857143 -0.37995762 -0.90857143 -0.73571429 -0.51857143 -0.64714286 -0.64714286 -0.10312915 -0.61142158 -0.51714286 -0.10285714 -0.10285714 -0.11569752 -0.11571429 -0.11571429 -0.11571429 -0.084889226 -0.065714286 -0.065714286 -0.065714286 -0.012857146 -0.012857143 -0.54571429 -0.54571429 -0.54571429 -0.54571429 -0.54571429 -0.54428571 -0.54428571 -0.54428571 -0.54428571 -0.54428571 -0.54428567 -0.42709107 0.15853653 -0.3334771 -0.40142857 -0.40142857 -0.40142857 -0.40142857 -0.40142857 -0.73 -0.73 -0.73 -0.66010948 0.11285714 0.11285714
-0.09285217 -0.092857143 0.30571429 0.29285714 -0.092857143 -0.17857143 0.03 0.12428571 -0.31 -0.40428571 -0.35 -0.47428571 -0.19285714 -0.49428571 -0.10142857 -0.56428571 -0.10285714 -0.10285714 -0.10285714 -0.22139784 -0.22142857 -0.22142857 -0.43 -0.065714286 -0.065714286 -0.065714286 -0.012857143 -0.012857143 -0.012857143 -0.54571429 -0.54571429 -0.54571429 -0.57115972 -0.54308788 -0.53850154 0.071448415 0.077142857 0.077142857 0.087384425 0.15857143 0.15857143 0.15785533 -0.40142857 -0.40142857 -0.40142857 -0.40142857 -0.40142857 -0.73 -0.73 -0.73 -0.73 0.11285714 0.11285714
0.094285714 -0.092857222 -0.48570794 0.22428571 -0.16714286 0.05 -0.021428571 -0.38857143 -0.24285714 -0.19281098 -0.41714286 -0.54571429 -0.32 -0.49428571 -0.33714286 -0.56428571 -0.36156298 -0.35981983 -0.53714286 -0.22142857 -0.22142857 -0.32857143 -0.43 -0.43 -0.065714286 -0.065714022 -0.012857143 -0.012857143 -0.012857143 -0.58714286 -0.59341346 -0.59857143 -0.59857143 -0.5985709 0.077142857 0.077142857 0.077142857 0.077142857 0.15857143 0.15857143 0.15857143 0.15857141 -0.40142857 -0.40142857 -0.40142857 -0.40142857 -0.40142857 -0.72999586 -0.73 -0.73 -0.73 0.11284356 0.11285714
0.094285714 0.01142766 -0.48571429 -0.439441 -0.16714286 -0.19285714 -0.30713622 -0.31285714 -0.34142857 -0.38714298 -0.40056638 -0.40573393 -0.54285714 -0.33714286 -0.33714286 -0.48591414 -0.36 -0.36 -0.53714286 -0.53714286 -0.2214288 -0.32857143 -0.31285714 -0.32857143 -0.18 -0.1799308 -0.012857143 -0.012857143 -0.58714286 -0.58714286 -0.59857143 -0.59857143 -0.59857143 -0.57648148 0.077142856 0.077142857 0.077142857 0.15857143 0.15857143 0.15857143 0.15857143 0.15853944 -0.40142857 -0.40142857 -0.40142857 -0.40142857 -0.40142857 -0.40435326 -0.73 -0.72998085 -0.30285714 -0.30285714 -0.30285714
-1.1214286 0.055714286 0.16285716 -0.32 0.1 -0.017142857 -0.32 -0.31908551 -0.55714286 -0.43857143 -0.83714286 -0.68285714 -0.68285705 -1.0585714 -1.0585714 -0.28994068 -0.29 -0.19857143 -0.19857143 -0.53714252 -0.49714286 -0.49714286 -0.32857143 -0.18 -0.18 0.11571429 -0.60857143 -0.60857143 -0.44572719 -0.58714286 -0.59857143 -0.59857143 -0.48142857 -0.48145484 -0.73283911 -0.71571429 -0.71571429 -0.11190882 0.15857143 0.15857143 -0.17244378 -0.17285714 -0.17285631 0.072904821 0.081375206 0.081428443 0.081428555 0.081428393 0.27255708 -0.30285714 -0.30285714 -0.30285714 -0.30285714
-0.064294363 0.20142857 0.22269024 0.031428572 0.18714286 -0.40285714 -0.39714286 -0.47142857 -0.74571429 -0.74571429 -0.83714286 -0.63 -0.63428565 -1.0585714 -0.044288753 -0.044285714 -0.29 -0.17571429 -0.15 -0.15 -0.41029547 -0.31285714 -0.31285714 0.15571428 0.11571429 0.11571429 -0.60857143 -0.60857143 -0.44571687 -0.4457618 -0.35185614 -0.48142857 -0.48142857 -0.73285714 -0.73285714 -0.39282055 -0.71571429 -0.71571429 -0.52286383 -0.17285763 -0.17285714 -0.17285714 -0.17285156 0.081430244 0.081428571 0.081428571 0.081428571 0.081428765 0.40571429 -0.30271672 -0.30285714 -0.30285714 -0.30285714
-0.064285714 -0.27571429 0.41285714 -0.52 -0.10430955 -0.61571429 -0.76714286 -0.54285714 -0.84142857 -0.67857143 -0.67857143 -0.37 -0.63428571 -0.63428571 -0.048333661 -0.19651224 -0.21142857 -0.2 -0.35142836 -0.15 -0.12592813 -0.10142857 -0.091428571 -0.14 -0.13999902 -0.064285714 -0.17571429 -0.17571444 -0.48984482 -0.49 -0.35142857 -0.23034349 -0.54857143 -0.73285714 -0.71533698 -0.12285714 -0.12285714 -0.52285714 -0.52285714 -0.17285714 -0.17285714 -0.17285714 0.38052629 0.38142856 0.081428571 0.081428571 0.081428571 0.40570194 0.40571429 0.40571429 -0.30285714 -0.30285714 -0.30285714
-0.26726156 -0.27571428 0.40571429 0.38571429 0.042857143 -0.40571429 -0.29285714 -0.13428571 -0.50571429 -0.35192275 -0.46714286 -0.36714286 -0.36714286 -0.23428571 -0.23428323 -0.50631868 -0.50714286 -0.50714286 -0.2231158 -0.10714292 -0.39 -0.39 0.062857143 -0.030627109 -0.071915715 -0.064285714 -0.12428571 -0.17571429 -0.24814806 -0.24857143 -0.14142857 0.041428571 -0.023329002 -0.028571429 -0.11857143 -0.21571429 -0.25428571 -0.64285714 -0.078831994 -0.17135221 0.16428571 0.31142857 0.38140834 0.38142857 0.37974001 0.081428571 0.24285713 0.40571428 0.40571429 0.40571429 0.40571428 -0.24451651 0.22285714
-0.22 -0.22 0.065714286 0.26857143 -0.27571429 -0.77 -0.44285714 -0.37428571 -0.22428571 -0.31286244 -0.26142857 -0.37285714 -0.23428571 -0.23428571 0.03 0.022632843 -0.50714286 -0.5070296 -0.034285714 -0.10714286 -0.10714286 -0.14358433 0.062857143 -0.23713718 -0.23714286 -0.23714286 -0.12428571 0.21714286 0.21714286 -0.24857143 -0.24857143 0.041184721 -0.087142857 -0.028571429 -0.13857143 -0.21571429 -0.25428571 -0.48857143 -0.078571429 0.46110933 0.31142856 0.29148729 0.25714286 0.38142857 0.38142857 0.24285714 0.24285714 0.24285714 0.40571429 0.40571429 0.16571429 0.16571429 0.16571431
-0.22 -0.22 -0.047142857 -0.49571429 -0.32285714 -0.25714286 -0.56285714 -0.50302036 -0.60571429 -0.61142857 -0.064285714 -0.44142857 -0.37294823 0.03 0.03 0.030021095 0.21285714 0.19988593 -0.034285714 0.077142857 0.077142857 0.38714286 0.38714286 -0.23714286 -0.23714286 -0.23714286 0.21714286 0.21714286 0.21714286 0.072857143 0.072857143 0.072856879 0.045714286 0.045714286 -0.21857143 -0.0042857143 0.0071428571 -0.34428491 0.072857143 0.47 0.47 0.15857175 0.25714286 0.38142857 0.28428579 0.35714286 0.26277101 0.26285714 0.61857143 0.61857143 0.16571429 0.16571429 0.16571429
-0.22 -0.14548973 -0.23856428 -0.4628492 -0.13857143 -0.067142857 -0.56285714 -0.50285714 -0.60571343 -0.61136526 -0.44142879 -0.44142857 0.16714286 0.03 0.03 0.21285714 0.21285714 0.21284308 -0.034285714 0.077142857 0.13802055 0.38714286 0.38714286 -0.23711761 -0.23714286 -0.10095904 0.17714286 0.17714286 0.17714286 0.072857143 0.072857143 0.11142857 0.11142857 0.045713561 -0.21857143 0.21285687 -0.034090836 -0.34428571 -0.34428571 0.46999999 0.15857143 0.15857143 0.15857235 0.28428571 0.28428571 0.35714286 0.26285714 0.26285714 0.61857143 0.61857143 0.16571429 0.16571429 0.16571429
-0.31714286 -0.049011093 -0.042873476 -0.04589559 -0.13857117 -0.067144544 -0.56285713 -0.50359571 -0.59862638 -0.6058635 0.16714286 0.16714286 0.16714286 0.16714286 0.030019427 0.21285714 0.21285714 0.20966613 -0.034285714 0.077266149 0.50571429 0.50571429 0.50571429 0.50571429 -0.22422845 0.17714286 0.17714286 0.17714286 0.17714286 0.17710613 0.11142857 0.11142857 0.11142857 0.11142857 0.21285714 0.21285714 0.21285714 -0.31731208 -0.33838458 0.44142857 0.44142857 0.15858664 0.24428708 0.28428186 0.28428571 0.35714286 0.26285714 0.26285714 0.61857143 0.61857143 0.1673572 0.16571429 -0.17062427
-0.31714286 -0.042857143 -0.042857143 -0.042857143 -0.042857143 -0.042857154 -0.5615882 -0.53448071 -0.5797165 0.16631043 0.16714286 0.16714286 0.16714286 0.16714286 0.16714302 0.21285714 0.2128571 0.19590483 -0.034280523 0.50571429 0.50571429 0.50571429 0.50571429 0.50571429 0.50685558 0.2647145 0.2642857 0.26428571 0.26428571 0.26428571 0.11142858 0.11142857 0.11142911 0.55714286 0.55714286 0.21285714 0.66562072 0.67857143 0.44142871 0.44142857 0.44142857 0.44142857 0.24428571 0.24428571 0.24428571 0.2450711 0.051404506 0.05 0.05 0.05 0.05000001 0.48999993 0.49
0.21714286 -0.042857143 -0.042857143 -0.042857143 -0.042857143 -0.042857143 -0.042857174 -0.38494692 0.38901235 0.39428571 0.39428571 0.39428571 0.39428571 0.39428571 0.39428571 0.53842539 0.21804943 0.17901512 0.50564647 0.50571429 0.50571429 0.50571429 0.50571429 0.50571472 0.55857143 0.55857143 0.55857101 0.26428571 0.26428571 0.26502376 0.63285714 0.63285714 0.55714286 0.55714286 0.55714286 0.6591199 0.67857143 0.67857143 0.67857143 0.44142857 0.44142857 0.44142857 0.24428571 0.24428571 0.24428571 0.24428571 0.050000007 0.05 0.05 0.05 0.05 0.49 0.49
0.21714286 0.12034781 -0.042857143 -0.042857143 -0.042857143 -0.042857143 0.024272536 0.024285714 0.024285723 0.39428571 0.39428571 0.39428571 0.39428571 0.39428571 0.42674646 0.54142857 0.54142857 0.54142857 0.87743559 0.87857105 0.87857143 0.87857143 0.87857143 0.87857143 0.55857143 0.55857143 0.55857143 0.55857143 0.26428571 0.63285714 0.63285714 0.63285714 0.55714286 0.55714286 0.55714286 0.70285714 0.67860358 0.67857143 0.67857143 0.44146889 0.52177727 0.7091973 0.24428571 0.24428571 0.48924171 0.49 0.49 0.050461856 0.32902153 0.32999998 0.32999995 0.47857312 0.48999998
0.21714286 -0.0011191096 -0.02478407 -0.042857143 -0.042857143 0.024246043 0.024285714 0.024285714 0.024285714 0.02695204 0.39428571 0.39428571 0.39428571 0.39428573 0.54142857 0.54142857 0.54142857 0.54142857 0.87827027 0.87857143 0.87857143 0.87857143 0.87857143 0.87857143 0.55857144 0.55857143 0.55857143 0.55857143 0.55884163 0.63285714 0.63285714 0.63285714 0.95142856 0.5571672 0.70285714 0.70285714 0.70285714 0.70499104 0.70801634 0.71 0.71 0.71 0.68285714 0.68285714 0.49 0.49 0.49 0.33 0.33 0.33 0.33 0.47857143 0.47857143
-0.006963461 -0.0071428571 -0.0071428571 -0.0071428573 -0.018571429 0.024284609 0.024285714 0.024285714 0.024285714 0.024285714 0.38228042 0.39428365 0.39428571 0.54142857 0.54142857 0.54142857 0.54142857 0.54142857 0.57218758 0.87857143 0.87857143 0.87857143 0.87857143 0.87857143 0.82280979 0.97714059 0.97714286 0.97714286 0.97714286 0.63285716 0.95142857 0.95142857 0.95142857 0.95142857 0.70285714 0.70286226 0.89714286 0.89714286 0.71233676 0.71 0.71 0.71 0.68285714 0.68285714 0.51986093 0.49 0.49 0.33 0.33 0.33 0.33159307 0.47857143 0.47857143
-0.0071428571 -0.0071428571 -0.0071428571 -0.012524742 -0.018571429 -0.018571429 0.024285714 0.024285714 0.024285714 0.024285714 0.23571429 0.23571429 0.23571429 0.54142857 0.54142857 0.54142857 0.54142857 0.54142173 0.61 0.61 0.87857132 0.87857143 0.87801495 0.85571429 0.85680745 0.97714286 0.97714286 0.97714286 0.97714286 0.95143119 0.95142857 0.95142857 0.95142857 0.95142857 0.89714217 0.89714286 0.89714286 0.89714286 0.89650733 0.71 0.71 0.71 0.68285714 0.68285714 0.68285714 0.49 0.49 0.33000001 0.33 0.33 0.47857143 0.47857143 0.47857143
-0.0071428571 -0.0071428571 -0.0071428571 -0.018571429 -0.018571429 -0.018571429 -0.018571363 0.024285714 0.024285714 0.23549603 0.23571429 0.23571429 0.23571429 0.23590476 0.50789536 0.5 0.5 0.5 0.61 0.61 0.61 0.85571429 0.85571429 0.85571429 0.85572749 0.93817819 0.97714286 0.97714286 0.97714286 1.0821374 1.1114128 1.1114286 1.1114286 1.1114286 1.0611441 1.2914277 1.2914286 1.2914286 1.2914286 0.89568887 0.89571429 0.89571429 0.68285714 0.68285714 0.73999976 0.73999995 0.60142857 0.60142857 0.58142857 0.58142857 0.58142857 0.47857143 0.60988249
-0.0071419438 -0.0071428571 -0.0071428576 -0.018571429 -0.018571429 -0.018571429 -0.018571427 0.1385714 0.024742673 0.23566506 0.23571429 0.23571429 0.23571429 0.23623289 0.5 0.5 0.5 0.50000003 0.61 0.61 0.61 0.85571429 0.85571429 0.85571429 0.90285714 0.90285714 1.0457143 1.0457143 1.0457143 1.0460728 1.1114286 1.1114286 1.1114286 1.1114286 1.2013791 1.2914286 1.2914286 1.2914286 1.2914286 0.89571429 0.89571429 0.89571429 0.89081492 0.74 0.74 0.74 0.60142857 0.60142857 0.58142857 0.58142857 0.58142857 0.61 0.61
0.28714286 0.15798588 0.32142857 0.32132993 -0.018571429 0.13766221 0.13857143 0.13857143 0.21092661 0.18142857 0.18142857 0.18142857 0.18142857 0.27999679 0.28 0.49999983 0.5 0.50289834 0.61 0.61 0.61 0.73142857 0.73142857 0.73142857 0.90285714 0.90285714 1.0457143 1.0457143 1.0457143 1.0457144 1.1399998 1.1399999 1.1121467 1.1114592 1.1713611 1.1714286 1.1714286 1.1714286 1.1714286 0.89571429 0.89571429 0.89571429 0.74857394 0.74 0.74 0.73999991 0.60142857 0.60142857 0.60142785 0.58142857 0.5814278 0.56428571 0.61
0.47425018 0.47428569 0.32142857 0.32142857 0.32142857 0.13857143 0.13857143 0.13857143 0.33714286 0.33714286 0.18142857 0.18142857 0.18142857 0.28 0.28 0.28 0.28 0.28003746 0.61 0.61 0.61 0.73142857 0.73142857 0.73142857 0.90285714 0.90285714 1.0457143 1.0457143 1.0457143 1.1389369 1.14 1.14 1.14 1.14 1.1714131 1.1714286 1.1714286 1.1714286 1.1714286 0.62714293 0.62714286 0.62714286 0.62714286 0.73999603 0.22285714 0.22285714 0.22285714 0.35285714 0.35285714 0.35285714 0.56428571 0.56428571 0.56428571
0.47428571 0.47428571 0.32142857 0.32142857 0.32142857 0.13953256 0.13857143 0.33714286 0.33714286 0.33714286 0.18144774 0.18142857 0.16508608 0.27999997 0.28 0.28 0.28 0.10571429 0.10571429 0.10571429 0.38571429 0.38571454 0.73142689 0.73142857 0.73160629 0.95 0.95 0.95000023 1.0456988 1.1714223 1.1714284 1.1714231 1.1400537 1.1400271 1.1658503 1.1714283 1.1689774 0.44 0.44 0.62714286 0.62714286 0.62714286 0.62714286 0.22285714 0.22285714 0.22285714 0.22285714 0.35285714 0.35285714 0.35285714 0.56428571 0.56428571 0.56428571
0.47428571 0.47428571 0.32142857 0.32142857 0.32142857 0.32142857 0.21289091 0.33714286 0.33714286 0.33714286 0.3370458 0.16142857 0.16142857 0.16142857 0.27930123 0.28 0.10687568 0.10571429 0.10571429 0.10571429 0.38571429 0.38571429 0.38571429 0.38571429 0.95 0.95 0.95 0.95 0.95 1.1714286 1.1714286 1.1714286 1.1714286 1.1714281 0.96142857 0.44 0.44 0.44 0.44 0.43999941 0.22285714 0.22285714 0.22285714 0.21588412 0.20142857 0.20142857 0.20142857 0.35285714 0.35285717 0.38142857 0.38142857 0.65140737 0.65142857
0.47428571 0.47428571 0.37659927 0.32142857 0.32142857 0.32142857 0.4683382 0.33755705 0.33714286 0.33714286 0.16142861 0.16142857 0.16142857 0.16142857 0.16142857 0.1711392 0.10571429 0.10571429 0.10571429 0.10571429 0.38571212 0.38571429 0.38571429 0.38571429 0.95 0.95 0.95 0.95 0.95 0.79139384 1.1714286 1.1714286 1.1714286 0.96142857 0.96142857 0.96102367 0.44 0.44 0.4713548 0.49571428 0.22285714 0.22285714 0.22285714 0.21691269 0.20142857 0.20142857 0.20142857 0.41571429 0.38185577 0.38142857 0.38142857 0.65142857 0.65142857
0.60428571 0.60428571 0.60428571 0.39234863 0.32191369 0.46857143 0.46857143 0.46857143 0.46857143 0.36571429 0.36571429 0.16142859 0.16142857 0.16142857 0.16142857 0.16142503 0.10571429 0.10571429 0.10571429 0.10571429 0.26353137 0.38571429 0.38571429 0.38040543 0.21701714 0.95 0.95 0.95 0.65714286 0.65714286 0.65714286 0.65714502 0.96142857 0.96142857 0.96142857 0.96142857 0.49571429 0.49571429 0.49571429 0.49571429 0.26285714 0.26285714 0.26285714 0.46713875 0.46714286 0.46714286 0.46714277 0.41571429 0.41571429 0.38147035 0.38142857 0.65142785 0.65142857
