interpolatedSpi/04-06|22_2.tif
NCOLS 53
NROWS 52
XLLCORNER -116.03883
YLLCORNER 28.596182
DX 0.49850594
DY 0.49788537
NODATA_VALUE -9999
[rows 0 to 29 of 52, columns 0 to 52 of 53]
0.48333333 0.48333333 0.13528205 0.16 0.45 0.42333333 0.56333333 0.41666667 -0.041977542 -0.43333333 -0.0066666667 0.48666667 0.30001784 0.51666667 0.21 0.21 0.21 0.48666667 0.15666667 0.15666667 0.15666667 0.15665781 -0.76333332 0.2 0.2 0.2 0.74999424 0.75 0.75 0.49 0.49 0.49 0.49 1.8366664 1.8366667 1.8366667 1.8366667 1.8366667 1.8366667 1.8366666 1.0221079 1.0134406 1.4333333 1.4333333 1.4333333 1.4333333 1.4330448 1.2566667 1.2566667 1.2566667 2.0866649 2.0866667 2.0866667
0.48327513 -0.82666667 0.12333356 0.21849403 0.18686503 0.56 0.42333333 0.64622649 0.11 0.076666667 0.30333333 0.3 0.3 0.59307769 0.51666488 0.21 0.48666667 0.48666667 0.15709694 0.15666667 0.15666667 0.15666667 0.22596763 0.2 0.2 0.2 0.77999996 0.78 0.49 0.49 0.49 0.49 0.49 1.8366665 1.8366667 1.8366667 1.8366667 1.8366667 1.8366666 1.9134727 2.383251 1.5486077 1.4333333 1.4333333 1.4333333 1.4333333 1.4333333 1.2566667 1.2566667 1.2566667 1.3254911 2.0866667 2.0866667
0.38997692 0.39 0.31666667 0.66 0.16666667 -0.15 0.18666667 0.16 -0.29 0.11 0.083333333 0.33333333 0.36333333 0.52 0.59333333 -0.16333333 0.48666667 0.48666667 0.48666667 -0.013283914 -0.013333333 -0.013333333 0.69333333 0.2 0.2 0.2 0.78 0.78 0.78 0.49 0.49 0.49000005 0.9890514 1.8355936 1.8329125 1.4370293 1.4333333 1.4333333 1.5528183 2.3833333 2.3833333 2.3821185 1.4333333 1.4333333 1.4333333 1.4333333 1.4333333 1.2566667 1.2566667 1.2566667 1.2566667 2.0866667 2.0866667
0.01 0.38999997 0.26001277 1.1466667 -0.11 0.22666667 0.69333333 0.14 -0.073333333 0.70064036 0.48333333 -0.02 -0.01 0.52 -0.91 -0.16333333 -0.8943638 -0.89902842 -0.49 -0.013333333 -0.013333333 -0.1 0.69333333 0.69333333 0.2 0.2000029 0.78 0.78 0.78 0.59666667 1.106937 1.5266667 1.5266667 1.5266666 1.4333333 1.4333333 1.4333333 1.4333333 2.3833333 2.3833333 2.3833333 2.3833333 1.4333333 1.4333333 1.4333333 1.4333333 1.4333333 1.2566689 1.2566667 1.2566667 1.2566667 2.086635 2.0866667
0.01 0.90333215 0.26 0.21122272 -0.11 0.19 0.65999806 0.91 0.3 0.7199997 0.21966441 -0.020070664 -0.51333333 -0.91 -0.91 -0.42198068 -0.9 -0.9 -0.49 -0.49 -0.013333515 -0.1 0.076666667 0.5 1.1766667 1.1766424 0.78 0.78 0.59666667 0.59666667 1.5266667 1.5266667 1.5266667 1.4248374 1.4333333 1.4333333 1.4333333 2.3833333 2.3833333 2.3833333 2.3833333 2.3832999 1.4333333 1.4333333 1.4333333 1.4333333 1.4333333 1.4317608 1.2566667 1.2566604 1.1166667 1.1166667 1.1166667
-2.1866667 0.11333333 -0.12 0.40333333 -0.55 0.35 0.22666667 0.3141529 0.46 -0.14333333 -0.49 -0.48 -0.48000002 -0.27 -0.27 -0.83988813 -0.84 -0.39 -0.39 -0.48999988 -0.18666667 -0.18666667 0.5 1.1766667 1.1766667 1.0733333 0.91 0.91 1.1799466 0.59666667 1.5266667 1.5266667 0.98666667 0.98678474 2.1165857 1.9666667 1.9666667 2.254428 2.3833333 2.3833333 2.037099 2.0366667 2.0366681 1.8459192 1.8532869 1.8533332 1.8533333 1.8533332 1.5605968 1.1166667 1.1166667 1.1166667 1.1166667
-0.71001336 -1.43 -0.97119171 -0.59333333 -0.25 -0.44333333 -0.086666664 -0.33 -0.44333333 -0.44333333 -0.49 -0.31 -0.51666656 -0.27 -0.37666635 -0.37666667 -0.84 -0.16333333 -0.35666667 -0.35666667 -0.21651344 -0.25 -0.25 0.82333334 1.0733333 1.0733333 0.91 0.91 1.1799802 1.1796352 1.6807315 0.98666667 0.98666667 2.1166667 2.1166667 2.0265771 1.9666667 1.9666667 2.4299839 2.0366672 2.0366667 2.0366667 2.0366745 1.8533344 1.8533333 1.8533333 1.8533333 1.8533332 1.6466667 1.1167717 1.1166667 1.1166667 1.1166667
-0.71 0.29333333 -0.20666667 -1.8133333 -1.7700025 -0.86333333 -1.1333333 -0.80666666 -1.13 -0.68666667 -0.68666667 -0.11333333 -0.51666667 -0.51666667 -0.3776272 -0.93830013 -0.99333333 -0.22666667 -0.72333296 -0.35666667 -0.068768556 -1.0517947e-36 -0.81666667 0.10666666 0.10666826 0.23 0.95333333 0.95333332 0.84119141 0.84000002 1.6833333 0.73854128 1.1866667 2.1166667 2.1121983 2.0766667 2.0766667 2.43 2.43 2.0366667 2.0366667 2.0366667 2.0465011 2.0466667 1.8533333 1.8533333 1.8533333 1.6466745 1.6466667 1.6466667 1.1166667 1.1166667 1.1166667
0.091551666 0.29333333 0.48 -1.1566667 -1.2 -1.3733333 -1.2066667 -0.72666667 -0.45333333 -0.4081452 -0.043333333 0.089999995 0.09 0.46 0.45999169 -0.48475475 -0.48333333 -0.48333333 -0.30248359 -0.39000009 -0.81 -0.80999999 -0.35 -0.632761 0.21757126 0.23 0.9 0.95333333 1.6426377 1.6466667 0.61333333 1.7333333 1.399242 1.36 1.96 1.8566667 2.28 1.76 2.4996583 2.0394193 2.6533333 2.02 2.0466314 2.0466667 2.0455785 1.8533333 1.5233334 1.6466667 1.6466667 1.6466667 1.6466667 1.1448884 0.91666667
-1.0366667 -1.0366667 0.53 -0.72333333 -1.48 -1.4166667 -1.4933333 -1.41 -0.74 -0.39676382 -1.8306862e-17 0.35666667 0.46 0.46 -0.42333333 -0.42415626 -0.48333333 -0.48335124 -0.57666667 -0.39 -0.39 -0.44411009 -0.35 0.63331471 0.63333333 0.63333333 0.9 1.33 1.33 1.6466667 1.6466667 1.7320752 1.07 1.36 1.83 1.8566667 2.28 2.3533333 2.5 1.2997725 2.02 1.9502055 1.83 2.0466667 2.0466667 1.5233333 1.5233333 1.5233333 1.6466667 1.6466667 1.3433333 1.3433333 1.3433332
-1.0366667 -1.0366667 -0.09 -0.46666667 -1.0466667 -1.2466667 -1.4566667 -0.50022158 -0.72666667 -0.72333333 -0.35333333 -0.85666667 0.35505152 -0.42333333 -0.42333333 -0.4233341 -0.43 -0.43769775 -0.57666667 -0.16333333 -0.16333333 -0.28666667 -0.28666667 0.63333333 0.63333333 0.63333333 1.33 1.33 1.33 0.58666667 0.58666667 0.58666746 1.7 1.7 1.3466667 1.3833333 2.23 1.5666686 2.1833333 1.28 1.28 1.4766678 1.83 2.0466667 1.8233335 2.0166667 1.7822136 1.7833333 2.1066667 2.1066667 1.3433333 1.3433333 1.3433333
-1.0366667 -0.62796345 -0.2507371 -0.57332072 0.34 -1.4233333 -1.4566667 -0.5 -0.72666477 -0.72337026 -0.85666649 -0.85666667 -0.91666667 -0.42333333 -0.42333333 -0.43 -0.43 -0.43000835 -0.57666667 -0.16333333 -0.18755349 -0.28666667 -0.28666667 0.63329666 0.63333333 0.834948 1.2466667 1.2466667 1.2466667 0.58666667 0.58666667 0.79666667 0.79666667 1.699999 1.3466667 1.9899999 2.1594441 1.5666667 1.5666667 1.28 1.4766667 1.4766667 1.4766692 1.8233333 1.8233333 2.0166667 1.7833333 1.7833333 2.1066667 2.1066667 1.3433333 1.3433333 1.3433333
0.65666667 0.26173925 0.29663864 0.29037476 0.33999087 -1.4232917 -1.4566667 -0.51177602 -0.71104702 -0.72657962 -0.91666667 -0.91666667 -0.91666667 -0.91666667 -0.42340322 -0.43 -0.43 -0.4318937 -0.57666667 -0.1632617 0.093333333 0.093333333 0.093333333 0.093333333 0.62471922 1.2466667 1.2466667 1.2466667 1.2466667 1.2462761 0.79666667 0.79666667 0.79666667 0.79666667 1.99 1.99 1.99 1.587339 1.5662411 1.51 1.51 1.4766685 1.6400063 1.8233157 1.8233333 2.0166667 1.7833333 1.7833333 2.1066667 2.1066667 1.3461026 1.3433333 1.4766779
0.65666667 0.29666667 0.29666667 0.29666667 0.29666667 0.29666595 -1.4565811 -1.004037 -0.66937525 -0.91646188 -0.91666667 -0.91666667 -0.91666667 -0.91666667 -0.91666637 -0.43 -0.43000002 -0.44006033 -0.57666245 0.093333333 0.093333333 0.093333333 0.093333333 0.093333333 0.11005486 1.1986504 1.2266667 1.2266667 1.2266667 1.2266667 0.79666666 0.79666667 0.79666729 1.3133333 1.3133333 1.99 1.9284279 1.9266667 1.5100002 1.51 1.51 1.51 1.64 1.64 1.64 1.6426213 1.7900051 1.79 1.79 1.79 1.79 1.48 1.48
1.2466667 0.29666667 0.29666667 0.29666667 0.29666667 0.29666667 0.29666655 -0.73469769 -0.52356441 -0.52333333 -0.52333333 -0.52333333 -0.52333333 -0.52333333 -0.52333334 0.61970675 -0.41297977 -0.45008331 0.093249142 0.093333333 0.093333333 0.093333333 0.093333333 0.093334055 0.86666667 0.86666667 0.86666717 1.2266667 1.2266667 1.2254986 0.64333333 0.64333333 1.3133333 1.3133333 1.3133333 1.8284171 1.9266667 1.9266667 1.9266667 1.51 1.51 1.51 1.64 1.64 1.64 1.64 1.79 1.79 1.79 1.79 1.79 1.48 1.48
1.2466667 0.89299246 0.29666667 0.29666667 0.29666667 0.29666667 0.50662545 0.50666667 0.50666664 -0.52333333 -0.52333333 -0.52333333 -0.52333333 -0.52333333 -0.2659585 0.64333333 0.64333333 0.64333333 0.7114454 0.7133327 0.71333333 0.71333333 0.71333333 0.71333333 0.86666667 0.86666667 0.86666667 0.86666667 1.2266667 0.64333333 0.64333333 0.64333333 1.3133333 1.3133333 1.3133333 1.4933333 1.9260929 1.9266667 1.9266667 1.5099218 1.353434 0.9882308 1.64 1.64 0.75274659 0.75 0.75 1.7873848 0.20555633 0.20000014 0.2000003 0.54347502 1.4799981
1.2466667 0.92552968 0.61041521 0.29666667 0.29666667 0.50654259 0.50666667 0.50666667 0.50666667 0.49924419 -0.52333333 -0.52333333 -0.52333333 -0.52333319 0.64333333 0.64333333 0.64333333 0.64333333 0.7132708 0.71333333 0.71333333 0.71333333 0.71333333 0.71333333 0.86666666 0.86666667 0.86666667 0.86666667 0.86585432 0.64333333 0.64333333 0.64333333 0.67666667 1.3133363 1.4933333 1.4933333 1.4933333 1.4873563 1.0461728 0.98666667 0.98666667 0.98666667 0.56333333 0.56333333 0.75 0.75 0.75 0.20000001 0.2 0.2 0.2 0.54333333 0.54333333
0.91696465 0.91666667 0.91666667 0.91666666 0.18 0.50665824 0.50666667 0.50666667 0.50666667 0.50666667 -0.37898267 -0.52330849 -0.52333328 0.64333333 0.64333333 0.64333333 0.64333333 0.64333333 0.63977255 0.71333333 0.71333333 0.71333333 0.71333333 0.71333333 0.52088903 0.093337524 0.093333333 0.093333333 0.093333333 0.64333334 0.67666667 0.67666667 0.67666667 0.67666667 1.4933333 1.4933189 0.94666667 0.94666667 0.98616721 0.98666667 0.98666667 0.98666667 0.56333333 0.56333333 0.72109757 0.75 0.75 0.2 0.2 0.2 0.20368143 0.54333333 0.54333333
0.91666667 0.91666667 0.91666667 0.56975934 0.18 0.18 0.50666667 0.50666667 0.50666667 0.50666667 1.3833333 1.3833333 1.3833333 0.64333333 0.64333333 0.64333333 0.64333333 0.64331626 0.5 0.5 0.71333325 0.71333333 0.7060296 0.41333333 0.41045251 0.093333333 0.093333333 0.093333333 0.093333333 0.67660727 0.67666667 0.67666667 0.67666667 0.67666667 0.94666859 0.94666667 0.94666667 0.94666667 0.94677745 0.98666667 0.98666667 0.98666667 0.56333333 0.56333333 0.56333333 0.75 0.75 0.20000001 0.2 0.2 0.54333333 0.54333333 0.54333333
0.91666667 0.91666667 0.91666667 0.18 0.18 0.18 0.1800005 0.50666667 0.50666667 1.3824284 1.3833333 1.3833333 1.3833333 1.3828723 0.55969302 0.54 0.54 0.54 0.5 0.5 0.5 0.41333333 0.41333333 0.41333333 0.4131858 -0.015068357 0.093333333 0.093333333 0.093333331 0.20234349 0.11005573 0.11 0.11 0.11 0.72964548 0.42666785 0.42666667 0.42666667 0.42666667 -0.013196505 -0.013333333 -0.013333333 0.56333333 0.56333333 0.050002143 0.05000009 0.30333333 0.30333333 0.34 0.34 0.34 0.54333333 0.2202891
0.91666547 0.91666667 0.91666664 0.18 0.18 0.18 0.17999999 -0.40333307 0.50302813 1.3823601 1.3833333 1.3833333 1.3833333 1.3816785 0.54 0.54 0.54 0.53999999 0.5 0.5 0.5 0.41333333 0.41333333 0.41333333 -0.11333333 -0.11333333 -0.41333333 -0.41333333 -0.41333333 -0.41047839 0.11 0.11 0.11 0.11 0.26824625 0.42666667 0.42666667 0.42666667 0.42666667 -0.013333333 -0.013333333 -0.013333333 -0.011340624 0.05 0.05 0.05 0.30333333 0.30333333 0.34 0.34 0.34 0.22 0.22
0.53 0.68588376 -0.06 -0.059930372 0.18 -0.39995819 -0.40333333 -0.40333333 -0.32681382 0.30999999 0.31 0.31 0.31 0.39333062 0.39333333 0.53999989 0.54 0.53894606 0.5 0.5 0.5 -0.38 -0.38 -0.38 -0.11333333 -0.11333333 -0.41333333 -0.41333333 -0.41333333 -0.4133332 -0.23666446 -0.23666569 0.10128705 0.10962835 -0.40940217 -0.41 -0.41 -0.41 -0.41 -0.013333333 -0.013333333 -0.013333333 0.046512254 0.05 0.05 0.049999977 0.30333333 0.30333333 0.30333465 0.34 0.33998032 -0.1 0.22
0.10008166 0.099999972 -0.06 -0.06 -0.06 -0.40333333 -0.40333333 -0.40333333 -0.19333333 -0.19333333 0.31 0.31 0.31 0.39333333 0.39333333 0.39333333 0.39333333 0.39334573 0.5 0.5 0.49999997 -0.38 -0.38 -0.38 -0.11333333 -0.11333333 -0.41333333 -0.41333333 -0.41333333 -0.2386586 -0.23666667 -0.23666667 -0.23666667 -0.23666667 -0.40991447 -0.41 -0.41 -0.41 -0.41 -0.63333317 -0.63333333 -0.63333333 -0.63333333 0.049999028 -0.076666667 -0.076666667 -0.076666667 0.073333333 0.073333333 0.073333333 -0.1 -0.1 -0.1
0.1 0.1 -0.06 -0.06 -0.06 -0.40152871 -0.40333333 -0.19333333 -0.19333333 -0.19333333 0.30993804 0.31 -0.00050739494 0.39333323 0.39333333 0.39333333 0.39333333 -0.15666667 -0.15666667 -0.15666667 -0.82999999 -0.82999967 -0.38000219 -0.38 -0.38015239 -0.76333333 -0.76333333 -0.7633325 -0.4133899 -0.58659692 -0.5866648 -0.58660556 -0.23726485 -0.23696871 -0.37935667 -0.41000022 -0.41186552 -0.96666667 -0.96666667 -0.63333333 -0.63333333 -0.63333333 -0.63333333 -0.076666667 -0.076666667 -0.076666667 -0.076666667 0.073333333 0.073333333 0.073333333 -0.1 -0.1 -0.1
0.1 0.1 -0.06 -0.06 -0.06 -0.060000001 -0.32473647 -0.19333333 -0.19333333 -0.19333333 -0.19326521 -0.07 -0.07 -0.07 0.3906028 0.39333333 -0.1530016 -0.15666667 -0.15666667 -0.15666667 -0.83 -0.83 -0.83 -0.83 -0.76333333 -0.76333333 -0.76333333 -0.76333333 -0.76333333 -0.58666667 -0.58666667 -0.58666667 -0.58666667 -0.58666693 -0.71333333 -0.96666667 -0.96666667 -0.96666667 -0.96666667 -0.9666644 -0.30333333 -0.30333333 -0.30333333 -0.19811673 0.02 0.02 0.02 0.073333332 0.073333214 -0.05 -0.05 0.073291165 0.073333333
0.1 0.1 -0.0022512352 -0.06 -0.06 -0.060000015 -0.74568476 -0.19507713 -0.19333333 -0.19333333 -0.070000058 -0.07 -0.07 -0.07 -0.07 -0.032034951 -0.15666667 -0.15666667 -0.15666667 -0.15666667 -0.82999479 -0.83 -0.83 -0.83 -0.76333333 -0.76333333 -0.76333333 -0.76333333 -0.76333333 -0.97831357 -0.58666667 -0.58666667 -0.58666667 -0.71333333 -0.71333333 -0.71353005 -0.96666667 -0.96666667 -0.58960506 -0.29666672 -0.30333333 -0.30333333 -0.30333333 -0.20066891 0.02 0.02 0.02 -0.42 -0.054610164 -0.05 -0.05 0.073333333 0.073333333
-0.69666667 -0.69666667 -0.69666667 -0.21962983 -0.061062456 -0.74666667 -0.74666667 -0.74666667 -0.74666667 -0.34666667 -0.34666667 -0.07000002 -0.07 -0.07 -0.07 -0.070005523 -0.15666667 -0.15666667 -0.15666667 -0.15666667 -0.53617918 -0.83 -0.83 -0.83279151 -0.92894833 -0.76333333 -0.76333333 -0.76333333 -1.1166667 -1.1166667 -1.1166667 -1.1166644 -0.71333333 -0.71333333 -0.71333333 -0.71333333 -0.29666667 -0.29666667 -0.29666667 -0.29666667 -0.10333333 -0.10333333 -0.10333333 -0.32332891 -0.32333333 -0.32333333 -0.32333322 -0.42 -0.42 -0.050450825 -0.05 0.073333216 0.073333333
-0.69666667 -0.69666667 -0.69666667 -0.69667133 -0.78333333 -0.7780014 -0.74666667 -0.74666667 -0.74666667 -0.34666667 -0.34666667 -0.34666667 -0.8233333 -0.82333333 -0.82333333 -0.82333332 -0.1573994 -0.15666667 -0.15666667 -0.15666667 -0.16688262 -0.93666637 -0.93666667 -0.93666667 -0.93666667 -0.93666667 -1.1133333 -1.1133333 -1.1166667 -1.1166667 -1.1166667 -1.1166667 -0.71333337 -0.71333333 -0.71333333 -0.71333795 -0.29666666 -0.29666667 -0.29666667 -0.29513128 -0.10333333 -0.10333333 -0.10333333 -0.32332313 -0.32333333 -0.32333333 -0.32333333 -0.42 -0.42 -0.41999994 0.05 0.05 -0.28333333
-0.69666667 -0.69666667 -0.69666667 -0.78333313 -0.78333333 -0.78333333 -0.74666668 -0.74666667 -0.74666667 -0.34666667 -0.34666667 -0.34666667 -0.82333333 -0.82333333 -0.82333333 -0.80302412 -0.55666667 -0.55666667 -0.55666563 -0.15892598 -0.93666667 -0.93666667 -0.93666667 -0.93666667 -0.93666667 -0.93679962 -1.1133333 -1.1133333 -1.1133333 -1.1166667 -1.1166667 -1.1166903 -0.77 -0.77 -0.77 -0.17 -0.17 0.053333333 0.053333333 0.053333333 0.4 -0.10317545 -0.10333279 -0.03 -0.03 -0.041117 -0.32333272 -0.42 -0.42 0.05 0.05 0.05 -0.28333333
-0.69666667 -0.69666667 -0.69666667 -0.78333333 -0.78333333 -0.78333333 -0.78333333 -0.74666667 -0.74666667 -0.34666667 -0.34666667 -0.80427354 -0.82333333 -0.82333333 -0.82333333 -0.55666667 -0.55666667 -0.55666667 -0.55666667 -0.55666667 -0.93666667 -0.93666667 -0.93666667 -0.93666667 -0.93666667 -1.1133327 -1.1133333 -1.1133333 -1.1133333 -1.1533333 -1.1533333 -1.1533333 -0.77 -0.77 -0.77 -0.17 -0.17 0.053333333 0.053333333 0.4 0.4 0.4 -0.03 -0.03 -0.03 -0.03 -0.00042695975 0.33 0.33 0.33 0.050000004 0.23333333 0.23333333
