interpolatedSpi/04-07|23_3.tif
NCOLS 53
NROWS 52
XLLCORNER -116.03883
YLLCORNER 28.596182
DX 0.49850594
DY 0.49788537
NODATA_VALUE -9999
[rows 0 to 38 of 52, columns 0 to 52 of 53]
0.5375 0.5375 -0.11034402 -0.09 -0.125 0.3125 -0.15 0.045 -1.0472739 -0.83 -0.89 -0.6025 -1.0025268 -1.3275 -1.115 -1.115 -1.115 -0.91 -0.7225 -0.7225 -0.7225 -0.7224916 0.14999999 -1.3225 -1.3225 -1.3225 -0.79749596 -0.7975 -0.7975 -1.3875 -1.3875 -1.3875 -1.3875 -2.4749998 -2.475 -2.475 -2.475 -2.475 -2.475 -2.4749999 0.12697395 0.15481046 -0.5875 -0.5875 -0.5875 -0.5875 -0.58873317 -1.3425 -1.3425 -1.3425 -0.73000127 -0.73 -0.73
0.5374619 -0.32 -0.23249961 -0.21165019 -0.25502617 -0.1225 -0.035 -0.24216987 -0.625 -1.0775 -0.51 -1.0025 -1.0025 -0.71205903 -1.3274907 -1.115 -0.91 -0.91 -0.72274447 -0.7225 -0.7225 -0.7225 -1.3239475 -1.3225 -1.3225 -1.3225 -0.98000002 -0.98 -1.3875 -1.3875 -1.3875 -1.3875 -1.3875 -2.4749998 -2.475 -2.475 -2.475 -2.475 -2.4749999 -2.1672618 -0.53515683 -0.58113046 -0.5875 -0.5875 -0.5875 -0.5875 -0.5875 -1.3425 -1.3425 -1.3425 -1.2917109 -0.73 -0.73
0.6124854 0.6125 0.105 -0.2125 -0.13 0.435 -0.3725 0.545 -1.0225 -1.4625 -1.1825 -0.725 -1.2725 -1.39 -0.71 -1.4375 -0.91 -0.91 -0.91 -0.33761192 -0.3375 -0.3375 -1.35 -1.3225 -1.3225 -1.3225 -0.98 -0.98 -0.98 -1.3875 -1.3875 -1.3875 -1.264743 -2.4723693 -2.4680889 -1.7393039 -1.7325 -1.7325 -1.5818861 -0.53500001 -0.535 -0.53506714 -0.5875 -0.5875 -0.5875 -0.5875 -0.5875 -1.3425 -1.3425 -1.3425 -1.3425 -0.73 -0.73
0.7875 0.61249982 -0.25770144 -0.17 -0.8475 -0.45 -0.395 -0.63 -0.325 -0.99373969 -1.1125 -1.1175 -1.0725 -1.39 -1.265 -1.4375 -1.0331178 -1.0299159 -0.81 -0.3375 -0.3375 -1.38 -1.35 -1.35 -1.3225 -1.3224983 -0.98 -0.98 -0.98 -1.1825 -1.1550661 -1.1325 -1.1325 -1.1325005 -1.7325 -1.7325 -1.7325 -1.7325 -0.535 -0.535 -0.535 -0.535 -0.5875 -0.5875 -0.5875 -0.5875 -0.5875 -1.3424905 -1.3425 -1.3425 -1.3425 -0.73002899 -0.73
0.7875 -0.042500394 -0.2575 -1.0361366 -0.8475 -1.2825 -1.2350697 -2.045 -2.175 -1.1675005 -1.2279869 -1.2473865 -0.455 -1.265 -1.265 -1.3740171 -1.03 -1.03 -0.81 -0.81 -0.33750203 -1.38 -0.7625 0.1775 -0.595 -0.594996 -0.98 -0.98 -1.1825 -1.1825 -1.1325 -1.1325 -1.1325 -1.1471144 -1.7325 -1.7325 -1.7325 -0.535 -0.535 -0.535 -0.535 -0.53502655 -0.5875 -0.5875 -0.5875 -0.5875 -0.5875 -0.59422044 -1.3425 -1.3425123 -1.6175 -1.6175 -1.6175
-1.0475 -0.8025 -0.96749997 -0.75 -0.9875 -1.525 -1.745 -1.7834086 -1.47 -1.9575 -2.3975 -1.59 -1.5899993 -1.82 -1.82 -0.59998974 -0.6 -1.3375 -1.3375 -0.8099999 -0.9375 -0.9375 0.1775 -0.595 -0.595 -0.5775 -1.235 -1.235 -0.80753564 -1.1825 -1.1325 -1.1325 -1.21 -1.2099713 -0.93501975 -1.055 -1.055 -0.69587387 -0.535 -0.535 -0.80965702 -0.81 -0.80999912 -1.2186581 -1.229929 -1.2299998 -1.23 -1.2299998 -1.7150159 -1.6175 -1.6175 -1.6175 -1.6175
0.27749918 -0.5075 -0.60089211 -1.2875 -1.4225 -1.625 -1.4 -1.81 -2.38 -2.38 -2.3975 -1.8975 -1.7499999 -1.82 -0.55750378 -0.5575 -0.6 -0.305 -0.695 -0.695 -0.6288215 -0.2825 -0.2825 -0.6175 -0.5775 -0.5775 -1.235 -1.235 -0.80756906 -0.80877141 -0.67656921 -1.21 -1.21 -0.935 -0.935 -1.3082576 -1.055 -1.055 -1.3249906 -0.81000072 -0.81 -0.81 -0.80999592 -1.2299996 -1.23 -1.23 -1.23 -1.2300003 -1.745 -1.6175253 -1.6175 -1.6175 -1.6175
0.2775 -0.925 -0.35 -2.1125 -1.607529 -1.86 -2.33 -2.675 -1.7675 -1.9675 -1.9675 -1.4075 -1.75 -1.75 -0.56568166 -0.74875896 -0.7675 -0.3375 -0.86499983 -0.695 -0.45846234 -0.395 -0.58 0.275 0.27498526 -0.8675 -0.88 -0.88000013 -1.9883476 -1.9925 -0.6725 -1.0879606 -1.1075 -0.935 -0.94355636 -1.52 -1.52 -1.325 -1.325 -0.81 -0.81 -0.80999999 -1.1569758 -1.16 -1.23 -1.23 -1.23 -1.7449804 -1.745 -1.745 -1.6175 -1.6175 -1.6175
-1.0145122 -0.92499999 0.055 -1.755 -1.67 -2.56 -1.84 -1.475 -2.185 -1.4473702 -0.6375 -1.4575 -1.4575 -0.885 -0.88500002 -0.94201226 -0.9425 -0.9425 -0.41802369 -0.6825001 -1.1425 -1.1425 -0.8275 -0.67753567 -0.75236617 -0.8675 -1.1 -0.88 -0.80295035 -0.8025 -1.0825 -0.8575 -0.69129579 -1.48 -1.235 -1.535 -1.3475 -1.415 -0.91273203 -0.8083484 -0.44 -0.725 -1.1598637 -1.16 -1.160394 -1.23 -1.72 -1.745 -1.745 -1.745 -1.745 -1.4416332 0.1325
-1.515 -1.515 0.02 -0.565 -2.31 -1.54 -1.47 -2.065 -1.505 -1.2600037 -1.6625 -0.6925 -0.885 -0.885 -0.8875 -0.88825435 -0.9425 -0.94237998 -0.3975 -0.6825 -0.6825 -0.74176341 -0.8275 -0.58750454 -0.5875 -0.5875 -1.1 -1.025 -1.025 -0.8025 -0.8025 -0.85687412 -0.5275 -1.48 -1.06 -1.535 -1.3475 -1.9175 -0.9125 -0.24106123 -0.72499999 -0.57714589 -0.3225 -1.16 -1.16 -1.72 -1.72 -1.72 -1.745 -1.745 -0.205 -0.205 -0.20499987
-1.515 -1.515 -1.1375 -1.575 -1.79 -0.7025 -1.865 -0.95119184 -0.985 -1.2225 -0.9925 -0.3275 -0.69201436 -0.8875 -0.8875 -0.88746395 -0.575 -0.56568397 -0.3975 0.0575 0.0575 0.1225 0.1225 -0.5875 -0.5875 -0.5875 -1.025 -1.025 -1.025 -0.885 -0.885 -0.88499941 -0.82 -0.82 -1.8025 -1.4275 -0.705 -0.97000734 -0.57 -0.23 -0.23 -0.61999902 -0.3225 -1.16 -0.43500024 -0.575 -0.32851871 -0.3225 -0.325 -0.325 -0.205 -0.205 -0.205
-1.515 -1.35211 -1.3241969 -1.8499821 -1.1725 -1.365 -1.865 -0.95 -0.98499971 -1.2198688 -0.32750116 -0.3275 0.01 -0.8875 -0.8875 -0.57500001 -0.575 -0.5749899 -0.3975 0.0575 0.070264678 0.1225 0.1225 -0.58747124 -0.5875 -0.46505196 -0.215 -0.215 -0.2150001 -0.885 -0.885 -0.26 -0.26 -0.82000269 -1.8025 -0.54750057 -0.88579886 -0.97 -0.97 -0.23000001 -0.62 -0.62 -0.61999862 -0.435 -0.435 -0.575 -0.3225 -0.3225 -0.325 -0.325 -0.205 -0.205 -0.205
-0.5225 -0.78576056 -0.75003031 -0.75796091 -1.1725012 -1.3649955 -1.865 -0.96126312 -0.98258814 -0.99120176 0.01 0.01 0.01 0.01 -0.88737286 -0.575 -0.575 -0.57270819 -0.3975 0.057569452 0.3075 0.3075 0.3075 0.3075 -0.57204776 -0.215 -0.215 -0.215 -0.215 -0.21541987 -0.26 -0.26 -0.26 -0.26 -0.5475 -0.5475 -0.5475 -0.95063462 -0.9665827 -0.515 -0.515 -0.61999435 -0.66499213 -0.43502215 -0.435 -0.575 -0.3225 -0.3225 -0.325 -0.325 -0.20543535 -0.205 -0.68885469
-0.5225 -0.75 -0.75 -0.75 -0.75 -0.75000026 -1.86372 -1.4320606 -0.97615358 0.0089226085 0.01 0.01 0.01 0.01 0.010000427 -0.575 -0.57499997 -0.56282471 -0.39750019 0.3075 0.3075 0.3075 0.3075 0.3075 0.30101288 -0.25540499 -0.31999998 -0.32 -0.32 -0.32 -0.25999999 -0.26 -0.25999918 0.4175 0.4175 -0.5475 0.22053146 0.2425 -0.51499956 -0.515 -0.515 -0.515 -0.665 -0.665 -0.665 -0.66437368 -0.28778016 -0.2875 -0.2875 -0.2875 -0.2875 -0.34999997 -0.35
-1.0475 -0.75 -0.75 -0.75 -0.75 -0.75 -0.75000007 -1.1079592 0.60889147 0.6175 0.6175 0.6175 0.6175 0.6175 0.61749999 0.48509133 -0.5582022 -0.55069404 0.3074113 0.3075 0.3075 0.3075 0.3075 0.30749987 0.0075 0.0075 0.0074995395 -0.32 -0.32 -0.31848816 0.435 0.435 0.4175 0.4175 0.4175 0.27053314 0.2425 0.2425 0.2425 -0.515 -0.515 -0.515 -0.665 -0.665 -0.665 -0.665 -0.28750001 -0.2875 -0.2875 -0.2875 -0.2875 -0.35 -0.35
-1.0475 -0.93674413 -0.75 -0.75 -0.75 -0.75 0.24480472 0.245 0.24500001 0.6175 0.6175 0.6175 0.6175 0.6175 0.58771806 0.4825 0.4825 0.4825 0.19783539 0.19750011 0.1975 0.1975 0.1975 0.1975 0.0075 0.0075 0.0075 0.0075 -0.32 0.435 0.435 0.435 0.4175 0.4175 0.4175 0.345 0.24263571 0.2425 0.2425 -0.51506933 -0.65411438 -0.97861022 -0.665 -0.665 -0.7148457 -0.715 -0.715 -0.28777303 -0.4519234 -0.45249999 -0.45249997 -0.022549678 -0.34999933
-1.0475 0.015658562 -0.3476934 -0.75 -0.75 0.24441211 0.245 0.245 0.245 0.24768434 0.6175 0.6175 0.6175 0.61749998 0.4825 0.4825 0.4825 0.4825 0.19775458 0.1975 0.1975 0.1975 0.1975 0.1975 0.0075000045 0.0075 0.0075 0.0075 0.0090549666 0.435 0.435 0.435 0.4475 0.41749335 0.345 0.345 0.345 0.33911134 -0.90258361 -0.98 -0.98 -0.98 -0.735 -0.735 -0.715 -0.715 -0.715 -0.4525 -0.4525 -0.4525 -0.4525 -0.0225 -0.0225
0.044405814 0.045 0.045 0.045000005 0.5575 0.24500806 0.245 0.245 0.245 0.245 0.56450413 0.61749088 0.61749998 0.4825 0.4825 0.4825 0.4825 0.4825 0.44832094 0.1975 0.1975 0.1975 0.1975 0.1975 0.25487545 0.49249737 0.4925 0.4925 0.4925 0.435 0.4475 0.4475 0.4475 0.4475 0.345 0.34498591 -0.19 -0.19 -0.97013567 -0.98 -0.98 -0.98 -0.735 -0.735 -0.71809669 -0.715 -0.715 -0.4525 -0.4525 -0.4525 -0.44788928 -0.0225 -0.0225
0.045 0.045 0.045 0.2863439 0.5575 0.5575 0.245 0.245 0.245 0.245 -0.0825 -0.0825 -0.0825 0.4825 0.4825 0.4825 0.4825 0.48250207 0.295 0.295 0.19750004 0.1975 0.19969112 0.2875 0.28934553 0.4925 0.4925 0.4925 0.4925 0.44750458 0.4475 0.4475 0.4475 0.4475 -0.18999812 -0.19 -0.19 -0.19 -0.19281631 -0.98 -0.98 -0.98 -0.735 -0.735 -0.735 -0.715 -0.715 -0.4525 -0.4525 -0.4525 -0.0225 -0.0225 -0.0225
0.045 0.045 0.045 0.5575 0.5575 0.5575 0.55749952 0.245 0.245 -0.082161926 -0.0825 -0.0825 -0.0825 -0.082147979 0.49261778 0.495 0.495 0.495 0.295 0.295 0.295 0.2875 0.2875 0.2875 0.28756093 0.49905655 0.4925 0.4925 0.4925 -0.092215912 -0.21743459 -0.2175 -0.2175 -0.2175 -0.46304947 -0.84749851 -0.8475 -0.8475 -0.8475 -0.29259407 -0.2925 -0.2925 -0.735 -0.735 -0.11500259 -0.11500008 -0.3525 -0.3525 -0.2825 -0.2825 -0.2825 -0.0225 -0.34471165
0.045000691 0.045 0.045000018 0.5575 0.5575 0.5575 0.55749999 0.027500063 0.24413035 -0.082261971 -0.0825 -0.0825 -0.0825 -0.081366786 0.495 0.495 0.495 0.49499994 0.295 0.295 0.295 0.2875 0.2875 0.2875 0.505 0.505 0.5375 0.5375 0.5375 0.53338124 -0.2175 -0.2175 -0.2175 -0.2175 -0.53232709 -0.8475 -0.8475 -0.8475 -0.8475 -0.2925 -0.2925 -0.2925 -0.28691517 -0.115 -0.115 -0.115 -0.3525 -0.3525 -0.2825 -0.2825 -0.2825 -0.345 -0.345
0.2675 0.16307649 6.4780827e-12 0.00016174031 0.5575 0.030566562 0.0275 0.0275 0.1604982 0.18 0.18 0.18 0.18 0.7299821 0.73 0.49500018 0.495 0.48973029 0.295 0.295 0.295 0.165 0.165 0.165 0.505 0.505 0.5375 0.5375 0.5375 0.53749951 -0.13000056 -0.13000025 -0.21530082 -0.21740619 -1.2313392 -1.2325 -1.2325 -1.2325 -1.2325 -0.2925 -0.2925 -0.2925 -0.12477398 -0.115 -0.115 -0.11500011 -0.3525 -0.3525 -0.35249748 -0.2825 -0.28252907 -0.9325 -0.345
0.35498338 0.35499994 2.7732745e-25 1.8931646e-47 2.8192319e-26 0.0275 0.0275 0.0275 0.3925 0.3925 0.18 0.18 0.18 0.73 0.73 0.73 0.73 0.72995083 0.295 0.295 0.295 0.165 0.165 0.165 0.505 0.505 0.5375 0.5375 0.5375 -0.12247389 -0.13 -0.13 -0.13 -0.13 -1.231956 -1.2325 -1.2325 -1.2325 -1.2325 -0.70499989 -0.705 -0.705 -0.705 -0.1150047 -0.7275 -0.7275 -0.7275 -1.185 -1.185 -1.185 -0.9325 -0.9325 -0.9325
0.355 0.355 6.3236526e-27 2.6435991e-121 5.5941293e-51 0.027355455 0.0275 0.3925 0.3925 0.3925 0.18002616 0.18 0.40266649 0.72999994 0.73 0.73 0.73 0.3075 0.3075 0.3075 0.1325 0.13250002 0.16499984 0.165 0.16525257 0.43 0.43 0.43000026 0.53748263 -0.22748057 -0.22749948 -0.22748298 -0.13016664 -0.13008414 -1.0362044 -1.2325 -1.2322738 -1.165 -1.165 -0.705 -0.705 -0.705 -0.705 -0.7275 -0.7275 -0.7275 -0.7275 -1.185 -1.185 -1.185 -0.9325 -0.9325 -0.9325
0.355 0.355 2.8546746e-12 5.7209166e-47 8.5664678e-40 1.0812991e-10 0.16410884 0.3925 0.3925 0.3925 0.39253314 0.4525 0.4525 0.4525 0.72836463 0.73 0.31031544 0.3075 0.3075 0.3075 0.1325 0.1325 0.1325 0.1325 0.43 0.43 0.43 0.43 0.43 -0.2275 -0.2275 -0.2275 -0.2275 -0.22750096 -0.685 -1.165 -1.165 -1.165 -1.165 -1.1649997 -1.1525 -1.1525 -1.1525 -1.0931104 -0.97 -0.97 -0.97 -1.185 -1.1850002 -1.395 -1.395 -0.77753771 -0.7775
0.355 0.355 0.12813007 1.9493955e-21 4.8045425e-27 4.7162683e-09 0.21281941 0.39193274 0.3925 0.3925 0.45249998 0.4525 0.4525 0.4525 0.4525 0.47522421 0.3075 0.3075 0.3075 0.3075 0.13250135 0.1325 0.1325 0.1325 0.43 0.43 0.43 0.43 0.43 0.049608656 -0.2275 -0.2275 -0.2275 -0.685 -0.685 -0.68537273 -1.165 -1.165 -1.3830767 -1.5525 -1.1525 -1.1525 -1.1525 -1.0949371 -0.97 -0.97 -0.97 -1.1525 -1.3919785 -1.395 -1.395 -0.7775 -0.7775
0.1725 0.1725 0.1725 0.043250492 0.00015676228 0.2125 0.2125 0.2125 0.2125 0.3775 0.3775 0.45249999 0.4525 0.4525 0.4525 0.45249078 0.3075 0.3075 0.3075 0.3075 0.20886432 0.1325 0.1325 0.15415602 0.93639969 0.43 0.43 0.43 0.1475 0.1475 0.1475 0.14749843 -0.685 -0.685 -0.685 -0.685 -1.5525 -1.5525 -1.5525 -1.5525 -1.0025 -1.0025 -1.0025 -1.2724946 -1.2725 -1.2725 -1.2724999 -1.1525 -1.1525 -1.3947045 -1.395 -0.77750117 -0.7775
0.1725 0.1725 0.1725 0.17249637 0.105 0.12063227 0.2125 0.2125 0.2125 0.3775 0.3775 0.3775 -0.38749996 -0.3875 -0.3875 -0.38749998 0.30694129 0.3075 0.3075 0.3075 0.30489155 0.95999773 0.96 0.96 0.96 0.95999998 0.5475 0.5475 0.1475 0.1475 0.1475 0.1475 -0.68499999 -0.685 -0.685 -0.68499878 -1.5525 -1.5525 -1.5525 -1.5517652 -1.0025 -1.0025 -1.0025 -1.2724875 -1.2725 -1.2725 -1.2725 -1.1525 -1.1525 -1.1525 -1.01 -1.01 -1.045
0.1725 0.1725 0.1725 0.10500016 0.105 0.105 0.21249996 0.2125 0.2125 0.3775 0.3775 0.3775 -0.3875 -0.3875 -0.3875 -0.35779778 0.0025 0.0025 0.0025007879 0.30577729 0.96 0.96 0.96 0.96 0.96 0.95968957 0.5475 0.5475 0.5475 0.1475 0.1475 0.14748874 -0.67 -0.67 -0.67 -1.1975 -1.1975 -1.385 -1.385 -1.385 -0.68 -1.0023988 -1.0025024 -1.33 -1.33 -1.3278208 -1.2724999 -1.1525 -1.1525 -1.01 -1.01 -1.01 -1.045
0.1725 0.1725 0.1725 0.105 0.105 0.105 0.105 0.2125 0.2125 0.3775 0.3775 -0.35691103 -0.3875 -0.3875 -0.3875 0.0025 0.0025 0.0025 0.0025 0.0025 0.96 0.96 0.96 0.96 0.96 0.54750141 0.5475 0.5475 0.5475 0.13 0.13 0.13 -0.67 -0.67 -0.67 -1.1975 -1.1975 -1.385 -1.385 -0.68 -0.68 -0.68 -1.33 -1.33 -1.33 -1.33 -1.3334913 -1.3725 -1.3725 -1.3725 -1.01 -0.7725 -0.7725
0.1725 0.1725 0.172406 0.105 0.105 0.105 0.105 0.22400147 0.23 0.23025324 0.37749998 -0.38747299 -0.3875 -0.3875 -0.38749865 0.0025 0.0025 0.0025 0.0025 0.0025 0.041705426 0.96 0.96 0.96 0.95998816 0.54751997 0.5475 0.5475 0.5475 0.13 0.13 0.13 0.1298827 -0.67 -1.1975 -1.1975 -1.1975 -1.1975075 -1.3849519 -0.68 -0.68 -0.68 -1.3299605 -1.33 -1.33 -1.33 -1.3725023 -1.3725 -1.3725 -1.3725 -0.7725 -0.7725 -0.7725
0.1775 0.17749999 0.10503806 0.105 0.105 0.105 0.2299734 0.23 0.23 0.23 -0.064999992 -0.065 -0.065 -0.065 0.0021884108 0.0025 0.0025 0.0025 0.0025 0.0025 0.0025 0.0025000004 0.90250001 0.9025 0.9025 0.9025 0.87185893 0.5475 -0.092473788 -0.0925 -0.0925 -0.0925 -0.0925 -0.965 -0.965 -0.965 -0.965 -0.965 -1.0675 -1.0675 -1.0675 -1.0675 -1.0675 -1.6020892 -1.6025 -1.6025 -1.6025 -1.3725 -1.3725 -1.3725 -0.77259453 -0.7725 -0.7725
0.1775 0.1775 0.17806512 0.24499972 0.24499997 0.24498528 0.23 0.23 0.23 0.23 -0.065 -0.065 -0.065 -0.065 -0.065 0.0025 0.0025 0.0025 0.0025 0.0025 0.0025 0.0025 0.9025 0.9025 0.9025 0.9025 0.9025 0.9024239 -0.092201691 -0.092499997 -0.0925 -0.0925 -0.092380162 -0.7552464 -0.96478281 -0.965 -0.965 -0.96499999 -1.0675 -1.0675 -1.0675 -1.0675 -1.0675 -1.6025 -1.6025 -1.6025 -1.6025 -1.4949475 -1.3725 -0.57895344 -0.57 -0.42 -0.42
0.1775 0.1775 0.24499145 0.245 0.245 0.245 0.24119006 0.23 0.23 0.23 -0.065 -0.065 -0.065 -0.065 -0.065 0.002446405 0.0024999999 0.0025 0.0025 0.0025 0.0025 0.0025 0.56908917 0.9025 0.9025 0.9025 0.9025 0.90234249 0.68 0.68 0.68 0.68 0.68 -0.595 -0.595 -0.595 -0.595 -0.595 -1.37 -1.37 -1.37 -1.37 -1.37 -1.5998142 -1.6024994 -1.6025 -1.6023135 -1.5799154 -0.57 -0.57 -0.57 -0.42000084 -0.42
0.17749946 -0.11174869 0.24499995 0.245 0.245 0.245 0.245 0.23000639 0.23 0.23 -0.064999999 -0.065 -0.065 -0.065 -0.24344643 -0.2475 -0.2475 0.0024935659 0.0025 0.0025 0.0025 0.0025 0.0025001064 0.9025 0.9025 0.9025 0.9025 0.87249982 0.87249991 0.83153132 0.68 0.68 0.68 -0.595 -0.595 -0.595 -0.595 -0.59466474 -1.37 -1.37 -1.37 -1.37 -1.3699458 -0.5025 -0.5025 -0.5025 -0.5025 -0.50250544 -0.57 -0.57 -0.57 -0.57000013 -0.76977176
-0.1175 -0.1175 -0.047175952 0.245 0.245 0.245 0.245 0.245 0.23000548 -0.14749999 -0.1475 -0.1475 -0.14730421 -0.24749974 -0.2475 -0.2475 -0.2475 -0.2475 0.0025021884 0.021219481 0.185 0.185 0.185 0.36552001 0.865083 0.66487169 0.49618264 0.8725 0.8725 0.8725 0.8725 0.8725 0.85861842 -0.095763195 -0.1 -0.1 -0.1 -0.1 -1.2370931 -0.66250127 -0.6625 -0.6625 -0.6625 -0.26000071 -0.50249994 -0.5025 -0.5025 0.03 -0.56999039 -0.57 -0.57 -0.775 -0.775
-0.1175 -0.1175 -0.095 -0.095 -0.095 0.24488674 0.245 0.245 -0.1475 -0.1475 -0.1475 -0.1475 -0.1475 -0.2475 -0.2475 -0.2475 -0.2475 -0.2475 0.185 0.185 0.185 0.185 0.185 0.43499999 0.435 0.435 0.435 0.8725 0.8725 0.8725 0.8725 0.8725 0.2775 0.2775 -0.099999998 -0.1 -0.1 0.34742379 0.3475 -0.6625 -0.6625 -0.6625 -0.66249992 -0.26 -0.26 -0.26 0.03 0.03 0.03 -0.015 -0.015 -0.775 -0.775
-0.1175 -0.1175 -0.095 -0.095 -0.095 -0.095 -0.094998244 0.225 -0.14714928 -0.1475 -0.1475 -0.1475 -0.1475 -0.24625259 -0.2475 -0.2475 -0.2475 -0.2475 0.18499999 0.185 0.185 0.185 0.185 0.435 0.435 0.435 0.435 0.43500178 0.8725 0.8725 0.8725 0.2775312 0.2775 0.2775 0.2775 -0.1 0.34749999 0.3475 0.3475 0.32092501 -0.24731833 -0.17 -0.17 -0.26 -0.26 -0.26 0.03 0.03 0.03 -0.015 -0.015 -0.015 -0.091184154
-0.005 -0.0050008831 -0.095 -0.095 -0.095 -0.095 0.225 0.225 0.225 -0.1475 -0.1475 -0.1475 -0.1475 -0.14753109 -0.2475 -0.2475 -0.2475 -0.2475 0.18499207 0.185 0.185 0.18499999 0.39093829 0.435 0.435 0.435 0.435 0.52249993 0.5225 0.5225 0.86872133 0.2775 0.2775 0.2775 0.27749953 -0.21249999 0.3475 0.3475 0.3475 0.3475 -0.17 -0.17 -0.17 0.155 0.155 0.155 0.54494985 0.03 0.03 -0.014999999 -0.015 -0.015 -0.019999498
