interpolatedSpi/04-06|19_1.tif
NCOLS 53
NROWS 52
XLLCORNER -116.03883
YLLCORNER 28.596182
DX 0.49850594
DY 0.49788537
NODATA_VALUE -9999
[rows 0 to 40 of 52, columns 0 to 52 of 53]
-0.1525 -0.1525 -0.067371789 -0.63 -0.7325 -0.695 -0.6525 -1.0075 -1.185758 -0.755 -0.505 -0.7725 -1.0874771 -0.81 -0.9525 -0.9525 -0.9525 -0.3325 -0.705 -0.705 -0.705 -0.70500287 -1.0025 -0.555 -0.555 -0.555 -0.55749089 -0.5575 -0.5575 -0.9675 -0.9675 -0.9675 -0.9675 -1.1675 -1.1675 -1.1675 -1.1675 -1.1675 -1.1675 -1.1675 -0.15342265 -0.14278011 -1.2425 -1.2425 -1.2425 -1.2425 -1.2419038 -0.8775 -0.8775 -0.8775 -0.44750089 -0.4475 -0.4475
-0.15250111 -0.1775 -0.13249941 -0.10764061 -0.45503031 -0.0325 0.275 -0.65507416 -1.56 -1.195 -1.0825 -1.0875 -1.0875 -0.32412555 -0.80999537 -0.9525 -0.3325 -0.3325 -0.70451431 -0.705 -0.705 -0.705 -0.56631697 -0.555 -0.555 -0.555 -0.67999999 -0.68 -0.9675 -0.9675 -0.9675 -0.9675 -0.9675 -1.1675 -1.1675 -1.1675 -1.1675 -1.1675 -1.1674999 -1.0352505 -0.40501821 -1.1408759 -1.2425 -1.2425 -1.2425 -1.2425 -1.2425 -0.8775 -0.8775 -0.8775 -0.84184399 -0.4475 -0.4475
0.12497684 0.125 0.375 0.285 -0.305 -0.84 -0.5675 -0.32 -0.79 -0.935 -0.87 -1.04 -0.585 -0.9025 -0.3225 -0.8925 -0.3325 -0.3325 -0.3325 -0.69500291 -0.695 -0.695 -0.77 -0.555 -0.555 -0.555 -0.68 -0.68 -0.68 -0.9675 -0.9675 -0.96750002 -1.131176 -1.165637 -1.1582852 -0.18657184 -0.1775 -0.1775 -0.2061135 -0.405 -0.405 -0.40607095 -1.2425 -1.2425 -1.2425 -1.2425 -1.2425 -0.8775 -0.8775 -0.8775 -0.8775 -0.4475 -0.4475
0.0225 0.12499994 -0.19004442 0.1075 -0.2 -0.4375 -0.3425 -1.0275 -0.46 -0.33379263 -0.815 -0.8725 -1.0375 -0.9025 -0.7975 -0.8925 -0.65185536 -0.64977754 -1.1725 -0.695 -0.695 -0.645 -0.77 -0.77 -0.555 -0.55500062 -0.68 -0.68 -0.68 -1.0375 -1.185643 -1.3075 -1.3075 -1.3074991 -0.1775 -0.1775 -0.1775 -0.1775 -0.405 -0.405 -0.405 -0.40500003 -1.2425 -1.2425 -1.2425 -1.2425 -1.2425 -0.8775046 -0.8775 -0.8775 -0.8775 -0.44750604 -0.4475
0.0225 -0.23499992 -0.19 -0.23717602 -0.2 -0.1725 -0.57746659 -0.71 -0.905 -0.98500014 -1.026381 -1.0450462 -1.3675 -0.7975 -0.7975 -0.85725433 -0.65 -0.65 -1.1725 -1.1725 -0.69499995 -0.645 -0.86 -0.9275 -0.7525 -0.75251869 -0.68 -0.68 -1.0375 -1.0375 -1.3075 -1.3075 -1.3075 -1.2735568 -0.1775 -0.1775 -0.1775 -0.405 -0.405 -0.405 -0.405 -0.40504802 -1.2425 -1.2425 -1.2425 -1.2425 -1.2425 -1.239251 -0.8775 -0.87748901 -0.6325 -0.6325 -0.6325
-1.425 -0.4375 0.3475 -0.225 0.2975 -0.1825 -0.5025 -0.52906594 -1.005 -0.8575 -1.565 -1.27 -1.2700001 -1.935 -1.935 -0.97245956 -0.9725 -0.635 -0.635 -1.1724998 -1.1025 -1.1025 -0.9275 -0.7525 -0.7525 -0.8325 -0.955 -0.955 -0.88501424 -1.0375 -1.3075 -1.3075 -1.1275 -1.1275115 -1.2374921 -1.2675 -1.2675 -0.67183406 -0.405 -0.405 -0.90187951 -0.9025 -0.90249989 -0.3019025 -0.28510582 -0.28500026 -0.28500003 -0.28500036 -0.5025037 -0.6325 -0.6325 -0.6325 -0.6325
-0.69750583 -0.015 -0.31369814 -0.4175 -0.205 -0.615 -1.0325 -1.165 -1.3375 -1.3375 -1.565 -1.3925 -1.4199999 -1.935 -0.80500339 -0.805 -0.9725 -0.895 -0.9175 -0.9175 -1.0942529 -1.085 -1.085 -0.91 -0.8325 -0.8325 -0.955 -0.955 -0.88501705 -0.88531383 -0.84104047 -1.1275 -1.1275 -1.2375 -1.2375 -1.117724 -1.2675 -1.2675 -1.3774962 -0.90250066 -0.9025 -0.9025 -0.90249843 -0.28500047 -0.285 -0.285 -0.285 -0.28500011 -0.4675 -0.6324673 -0.6325 -0.6325 -0.6325
-0.6975 -1.17 -0.14 -1.2325 -0.85252178 -1.4125 -1.285 -1.135 -1.6875 -1.1525 -1.1525 -0.8925 -1.42 -1.42 -0.80921947 -0.78678486 -0.785 -0.69 -0.89250003 -0.9175 -0.58096234 -0.5175 -0.8825 -0.8475 -0.84749977 -0.83 -1.0025 -1.0025 -1.176475 -1.1775 -0.84 -0.76931001 -1.08 -1.2375 -1.2355748 -0.9925 -0.9925 -1.3775 -1.3775 -0.9025 -0.9025 -0.9025 -0.3723327 -0.37 -0.285 -0.285 -0.285 -0.46749305 -0.4675 -0.4675 -0.6325 -0.6325 -0.6325
-1.1157617 -1.17 -0.4 -0.0025 -0.6 -1.165 -0.93 -0.9425 -0.95 -0.87025624 -0.55 -0.57250001 -0.5725 -0.35 -0.34999671 -0.9545262 -0.955 -0.955 -0.72091194 -0.65750013 -1.265 -1.265 -0.6975 -0.80959454 -0.83176354 -0.83 -0.69 -1.0025 -0.99007264 -0.99 -0.6825 -0.7575 -0.86200907 -1.1675 -1.17 -1.145 -1.23 -1.8475 -1.0178833 -0.90234377 -0.8675 -0.675 -0.37001303 -0.37 -0.36952157 -0.285 -0.79999997 -0.4675 -0.4675 -0.4675 -0.4675 -0.5739815 0.1025
-0.8125 -0.8125 -0.665 -0.255 -0.8 -1.42 -1.0575 -1.1275 -0.5575 -0.85000309 -0.5 -0.75 -0.35 -0.35 -2.688232e-27 -0.013098256 -0.955 -0.9548295 -0.23 -0.6575 -0.6575 -0.73576637 -0.6975 -1.0224938 -1.0225 -1.0225 -0.69 -0.5325 -0.5325 -0.99 -0.99 -0.75789355 -0.965 -1.1675 -1.24 -1.145 -1.23 -1.655 -1.0175 -0.092734575 -0.67500001 -0.59234864 -0.45 -0.37 -0.37 -0.8 -0.8 -0.8 -0.4675 -0.4675 -0.1625 -0.1625 -0.1624999
-0.8125 -0.8125 -0.6575 -1.1425 -0.6 -0.81 -1.0775 -1.212622 -1.2775 -1.3175 -0.3575 -0.9275 -0.75023571 -4.8680528e-26 -9.5008241e-59 1.153606e-06 0.01 -0.0025963259 -0.23 -0.7275 -0.7275 -0.1925 -0.1925 -1.0225 -1.0225 -1.0225 -0.5325 -0.5325 -0.5325 -0.8075 -0.8075 -0.80750026 -0.8 -0.8 -1.0775 -0.88 -0.69 -0.98749783 -1.1325 -0.0775 -0.0775 -0.54999967 -0.45 -0.37 -0.51749991 -0.4375 -0.62326445 -0.6225 -0.0525 -0.0525 -0.1625 -0.1625 -0.1625
-0.8125 -0.74571257 -0.8644668 -1.1849908 -0.715 -0.6025 -1.0775 -1.2125 -1.2774995 -1.3170568 -0.92750051 -0.9275 -0.125 -1.9916602e-10 6.3346516e-30 0.0099999997 0.01 0.0099863408 -0.23 -0.7275 -0.62243688 -0.1925 -0.1925 -1.0224665 -1.0225 -0.9452509 -0.7875 -0.7875 -0.78749997 -0.8075 -0.8075 -0.525 -0.525 -0.80000076 -1.0775 -0.2425005 -0.6968147 -0.9875 -0.9875 -0.077500015 -0.55 -0.55 -0.54999975 -0.5175 -0.5175 -0.4375 -0.6225 -0.6225 -0.0525 -0.0525 -0.1625 -0.1625 -0.1625
-0.7025 -0.50708116 -0.48752385 -0.49254725 -0.71499941 -0.60250266 -1.0775 -1.2108382 -1.2730208 -1.2785445 -0.125 -0.125 -0.125 -0.125 -1.7707081e-05 0.01 0.01 0.0069012176 -0.23 -0.72730662 -0.07 -0.07 -0.07 -0.07 -1.0061916 -0.7875 -0.7875 -0.7875 -0.7875 -0.78746119 -0.525 -0.525 -0.525 -0.525 -0.2425 -0.2425 -0.2425 -0.95128101 -0.98025233 -0.0225 -0.0225 -0.54997163 0.072479802 -0.51744317 -0.5175 -0.4375 -0.6225 -0.6225 -0.052500001 -0.0525 -0.16210093 -0.1625 -0.33272622
-0.7025 -0.4875 -0.4875 -0.4875 -0.4875 -0.48750005 -1.0762841 -1.1413854 -1.2610708 -0.12624216 -0.125 -0.125 -0.125 -0.125 -0.12499989 0.0099999997 0.0099999621 -0.006462362 -0.22999614 -0.07 -0.07 -0.07 -0.07 -0.07 -0.070435176 -0.61377311 -0.60500004 -0.605 -0.605 -0.605 -0.52499999 -0.525 -0.52499943 -0.0525 -0.0525 -0.2425 0.14880717 0.16 -0.022499894 -0.0225 -0.0225 -0.0225 0.0725 0.0725 0.0725 0.068950865 -0.17538944 -0.1725 -0.1725 -0.1725 -0.1725 0.3399999 0.34
0.31 -0.4875 -0.4875 -0.4875 -0.4875 -0.4875 -0.48750004 -0.87426636 0.013099625 0.02 0.02 0.02 0.02 0.02 0.019999999 0.12777005 0.011882997 -0.022863997 -0.070020037 -0.07 -0.07 -0.07 -0.07 -0.069999567 -0.09 -0.09 -0.090000724 -0.605 -0.605 -0.6036083 0.09 0.09 -0.0525 -0.0525 -0.0525 0.12595992 0.16 0.16 0.16 -0.0225 -0.0225 -0.0225 0.0725 0.0725 0.0725 0.0725 -0.17249999 -0.1725 -0.1725 -0.1725 -0.1725 0.34 0.34
0.31 0.01309981 -0.4875 -0.4875 -0.4875 -0.4875 -0.28753925 -0.2875 -0.28749999 0.02 0.02 0.02 0.02 0.02 0.04426677 0.13 0.13 0.13 0.30136551 0.30249962 0.3025 0.3025 0.3025 0.3025 -0.09 -0.09 -0.09 -0.09 -0.605 0.09 0.09 0.09 -0.052499987 -0.0525 -0.0525 0.4025 0.16032108 0.16 0.16 -0.022438142 0.10090792 0.38876713 0.0725 0.0725 0.31674392 0.3175 0.3175 -0.17180809 0.24603229 0.24749996 0.24749992 0.4024905 0.34000013
0.31 -0.081689868 -0.28761182 -0.4875 -0.4875 -0.28761817 -0.2875 -0.2875 -0.2875 -0.28528407 0.02 0.02 0.02 0.020000013 0.13 0.13 0.13 0.13 0.30234591 0.3025 0.3025 0.3025 0.3025 0.3025 -0.089999991 -0.09 -0.09 -0.09 -0.089345275 0.09 0.09 0.09 0.48249999 -0.052440803 0.4025 0.4025 0.4025 0.40380106 0.37544389 0.39 0.39 0.39 0.565 0.565 0.3175 0.3175 0.3175 0.2475 0.2475 0.2475 0.2475 0.4025 0.4025
-0.092178962 -0.0925 -0.0925 -0.0925 -0.1225 -0.28749574 -0.2875 -0.2875 -0.2875 -0.2875 0.028327783 0.020001433 0.020000003 0.13 0.13 0.13 0.13 0.13 0.15046722 0.3025 0.3025 0.3025 0.3025 0.3025 0.31698298 0.63999604 0.64 0.64 0.64 0.09000002 0.48249999 0.4825 0.4825 0.4825 0.4025 0.40250316 0.5225 0.5225 0.39165446 0.39 0.39 0.39 0.565 0.565 0.35582152 0.3175 0.3175 0.2475 0.2475 0.2475 0.249162 0.4025 0.4025
-0.0925 -0.0925 -0.0925 -0.10662745 -0.1225 -0.1225 -0.2875 -0.2875 -0.2875 -0.2875 0.13 0.13 0.13 0.13 0.13 0.13 0.13 0.1300252 0.24 0.24 0.30249997 0.3025 0.30548236 0.425 0.42693555 0.64 0.64 0.64 0.64 0.48251604 0.4825 0.4825 0.4825 0.4825 0.52249958 0.5225 0.5225 0.5225 0.52205253 0.39 0.39 0.39 0.565 0.565 0.565 0.3175 0.3175 0.24750001 0.2475 0.2475 0.4025 0.4025 0.4025
-0.0925 -0.0925 -0.0925 -0.1225 -0.1225 -0.1225 -0.12250025 -0.2875 -0.2875 0.12956902 0.13 0.13 0.13 0.13 0.25343692 0.2825 0.2825 0.2825 0.24 0.24 0.24 0.425 0.425 0.425 0.4249993 0.52591596 0.64 0.64 0.64 0.53695925 0.54499385 0.545 0.545 0.545 0.65644108 0.84499927 0.845 0.845 0.845 1.0174141 1.0175 1.0175 0.565 0.565 0.78249909 0.78249993 0.58 0.58 0.4725 0.4725 0.4725 0.4025 0.46744188
-0.092498371 -0.0925 -0.092500001 -0.1225 -0.1225 -0.1225 -0.1225 0.059999899 -0.28611056 0.12999093 0.13 0.13 0.13 0.13029925 0.2825 0.2825 0.2825 0.28249999 0.24 0.24 0.24 0.425 0.425 0.425 0.4225 0.4225 0.6275 0.6275 0.6275 0.62704994 0.545 0.545 0.545 0.545 0.69491765 0.845 0.845 0.845 0.845 1.0175 1.0175 1.0175 1.010106 0.7825 0.7825 0.7825 0.58 0.58 0.4725 0.4725 0.4725 0.4675 0.4675
0.4325 0.19190385 0.2125 0.21240281 -0.1225 0.058944061 0.06 0.06 0.18024495 0.12000001 0.12 0.12 0.12 0.49248787 0.4925 0.28250016 0.2825 0.28138019 0.24 0.24 0.24 0.3375 0.3375 0.3375 0.4225 0.4225 0.6275 0.6275 0.6275 0.62749998 0.59999965 0.59999985 0.54638234 0.54505896 0.92706336 0.9275 0.9275 0.9275 0.9275 1.0175 1.0175 1.0175 0.79543973 0.7825 0.7825 0.78249991 0.58 0.58 0.57999613 0.4725 0.47248781 0.2 0.4675
0.46499383 0.46499996 0.2125 0.2125 0.2125 0.06 0.06 0.06 0.39 0.39 0.12 0.12 0.12 0.4925 0.4925 0.4925 0.4925 0.49247118 0.24 0.24 0.24 0.3375 0.3375 0.3375 0.4225 0.4225 0.6275 0.6275 0.6275 0.60031006 0.6 0.6 0.6 0.6 0.9273384 0.9275 0.9275 0.9275 0.9275 0.85500004 0.855 0.855 0.855 0.78249618 0.285 0.285 0.285 0.3275 0.3275 0.3275 0.2 0.2 0.2
0.465 0.465 0.2125 0.2125 0.2125 0.060801567 0.06 0.39 0.39 0.39 0.12003324 0.12 0.57758985 0.49250004 0.4925 0.4925 0.4925 0.79 0.79 0.79 0.62749999 0.62749978 0.33750141 0.3375 0.33777583 0.7625 0.7625 0.76249968 0.62752182 0.91243772 0.91249834 0.91244544 0.60053409 0.60026968 0.8693733 0.92749983 0.92605897 0.4975 0.4975 0.855 0.855 0.855 0.855 0.285 0.285 0.285 0.285 0.3275 0.3275 0.3275 0.2 0.2 0.2
0.465 0.465 0.2125 0.2125 0.2125 0.2125 0.18350936 0.39 0.39 0.39 0.39016019 0.68 0.68 0.68 0.49360498 0.4925 0.78801753 0.79 0.79 0.79 0.6275 0.6275 0.6275 0.6275 0.7625 0.7625 0.7625 0.7625 0.7625 0.9125 0.9125 0.9125 0.9125 0.91249983 0.83 0.4975 0.4975 0.4975 0.4975 0.49749887 0.085 0.085 0.085 0.12811779 0.2175 0.2175 0.2175 0.3275 0.32750016 0.495 0.495 0.79485525 0.795
0.465 0.465 0.30363477 0.2125 0.2125 0.21250002 1.0088998 0.3919539 0.39 0.39 0.68000007 0.68 0.68 0.68 0.68 0.66464759 0.79 0.79 0.79 0.79 0.62750126 0.6275 0.6275 0.6275 0.7625 0.7625 0.7625 0.7625 0.7625 0.60583309 0.9125 0.9125 0.9125 0.83 0.83 0.82974181 0.4975 0.4975 0.46373329 0.4375 0.085 0.085 0.085 0.12838219 0.2175 0.2175 0.2175 0.6525 0.49696243 0.495 0.495 0.795 0.795
1.0375 1.0375 1.0375 0.41935018 0.21412465 1.01 1.01 1.01 1.01 0.995 0.995 0.68000002 0.68 0.68 0.68 0.68000698 0.79 0.79 0.79 0.79 0.69840973 0.6275 0.6275 0.62540637 0.55707371 0.7625 0.7625 0.7625 0.4975 0.4975 0.4975 0.49750174 0.83 0.83 0.83 0.83 0.4375 0.4375 0.4375 0.4375 0.155 0.155 0.155 0.44749412 0.4475 0.4475 0.44749993 0.6525 0.6525 0.49519191 0.495 0.79500052 0.795
1.0375 1.0375 1.0375 1.0375153 1.3225 1.2770574 1.01 1.01 1.01 0.995 0.995 0.995 0.8125 0.8125 0.8125 0.81250001 0.79072357 0.79 0.79 0.79 0.78753155 0.54750022 0.5475 0.5475 0.5475 0.54749999 0.055000005 0.055 0.4975 0.4975 0.4975 0.4975 0.82999984 0.83 0.83 0.82998188 0.4375 0.4375 0.4375 0.43758774 0.155 0.155 0.155 0.44748644 0.4475 0.4475 0.4475 0.6525 0.6525 0.65250003 0.8975 0.8975 0.9725
1.0375 1.0375 1.0375 1.3224993 1.3225 1.3225 1.0100001 1.01 1.01 0.995 0.995 0.995 0.8125 0.8125 0.8125 0.84086943 1.185 1.185 1.184999 0.79223106 0.5475 0.5475 0.5475 0.5475 0.5475 0.54712937 0.055 0.055 0.055000001 0.4975 0.4975 0.49736805 0.6075 0.6075 0.6075 0.3475 0.3475 0.4575 0.4575 0.4575 0.815 0.15520702 0.15500416 0.7125 0.7125 0.7024568 0.44750105 0.6525 0.6525 0.8975 0.8975 0.8975 0.9725
1.0375 1.0375 1.0375 1.3225 1.3225 1.3225 1.3225 1.01 1.01 0.995 0.995 0.81979737 0.8125 0.8125 0.8125 1.185 1.185 1.185 1.185 1.185 0.5475 0.5475 0.5475 0.5475 0.5475 0.05500168 0.055 0.055 0.055 0.2925 0.2925 0.2925 0.6075 0.6075 0.6075 0.3475 0.3475 0.4575 0.4575 0.815 0.815 0.815 0.7125 0.7125 0.7125 0.7125 0.73242073 0.955 0.955 0.955 0.8975 1.0125 1.0125
1.0375 1.0375 1.0378969 1.3225 1.3225 1.3225 1.3225 1.1368577 1.1275 1.1272725 0.995 0.81251529 0.8125 0.8125 0.81250129 1.185 1.185 1.185 1.185 1.185 0.91915086 0.5475 0.5475 0.5475 0.54746962 0.055019411 0.055 0.055 0.055 0.2925 0.2925 0.2925 0.29254563 0.6075 0.3475 0.3475 0.3475 0.3475047 0.45752438 0.815 0.815 0.815 0.71250622 0.7125 0.7125 0.7125 0.95499755 0.955 0.955 0.955 1.0125 1.0125 1.0125
0.92 0.92000021 1.3223359 1.3225 1.3225 1.3225 1.1275415 1.1275 1.1275 1.1275 0.995 0.995 0.995 0.995 1.184123 1.185 1.185 1.185 1.185 0.93500015 0.935 0.935 0.40000002 0.4 0.4 0.4 0.37022206 0.055 0.31248945 0.3125 0.3125 0.3125 0.3125 0.585 0.585 0.585 0.585 0.585 0.8825 0.8825 0.8825 0.8825 0.8825 0.7125 0.7125 0.7125 0.7125 0.955 0.955 0.955 1.0124909 1.0125 1.0125
0.92 0.92 0.92138158 1.0850005 1.0850001 1.0850416 1.1275 1.1275 1.1275 1.1275 0.995 0.995 0.995 0.995 0.995 1.185 1.185 1.185 0.93500006 0.935 0.935 0.935 0.4 0.4 0.4 0.4 0.4 0.39992691 0.31245463 0.3125 0.3125 0.3125 0.31248177 0.67995602 0.58509832 0.585 0.585 0.585 0.8825 0.8825 0.8825 0.8825 0.8825 0.7125 0.7125 0.7125 0.7125 0.82589774 0.955 0.85117148 0.85 0.805 0.805
0.92 0.92 1.0849791 1.085 1.085 1.085 1.0957948 1.1275 1.1275 1.1275 0.995 0.995 0.995 0.995 0.995 1.1848501 1.185 0.9350733 0.935 0.935 0.935 0.935 0.59819422 0.4 0.4 0.4 0.4 0.39985497 0.195 0.195 0.195 0.195 0.195 0.7525 0.7525 0.7525 0.7525 0.7525 0.9975 0.9975 0.9975 0.9975 0.9975 0.71270754 0.71250004 0.7125 0.71251441 0.71425349 0.85 0.85 0.85 0.80500025 0.805
0.92 0.91754874 1.085 1.085 1.085 1.085 1.085 1.1274819 1.1275 1.1275 0.995 0.995 0.995 0.995 0.60144007 0.5925 0.5925 0.93499119 0.935 0.935 0.935 0.935 0.93499988 0.4 0.4 0.4 0.4 0.6149996 0.61499981 0.52561379 0.195 0.195 0.195 0.7525 0.7525 0.7525 0.7525 0.7525491 0.9975 0.9975 0.9975 0.9975 0.99749904 0.7975 0.7975 0.7975 0.7975 0.79750423 0.85 0.85 0.85 0.84999994 0.74834683
0.9175 0.9175 0.90771216 1.085 1.085 1.085 1.085 1.085 1.1274799 0.29750001 0.2975 0.2975 0.29915531 0.59250058 0.5925 0.5925 0.5925 0.5925 0.93499589 0.89986892 0.5925 0.5925 0.5925 0.54319061 0.39379718 0.36060707 0.33276826 0.615 0.615 0.615 0.615 0.615 0.60329869 0.82595399 0.825 0.825 0.825 0.825 0.99515178 0.98500002 0.985 0.985 0.985 0.7625001 0.79749999 0.7975 0.7975 0.96 0.85000176 0.85 0.85 0.7475 0.7475
0.9175 0.9175 0.6425 0.6425 0.6425 1.0848526 1.085 1.085 0.2975 0.2975 0.2975 0.2975 0.2975 0.59249999 0.5925 0.5925 0.5925 0.5925 0.5925 0.5925 0.5925 0.5925 0.5925 0.32250001 0.3225 0.3225 0.3225 0.615 0.615 0.615 0.615 0.615 0.91 0.91 0.825 0.825 0.825 0.91498467 0.915 0.985 0.985 0.985 0.98499995 0.7625 0.7625 0.7625 0.96 0.96 0.96 0.6775 0.6775 0.7475 0.7475
0.9175 0.9175 0.6425 0.6425 0.6425 0.6425 0.64249754 0.195 0.29740349 0.2975 0.2975 0.2975 0.2975 0.58882014 0.5925 0.5925 0.5925 0.5925 0.5925 0.5925 0.5925 0.5925 0.5925 0.3225 0.3225 0.3225 0.3225 0.32250121 0.615 0.615 0.615 0.90998453 0.91 0.91 0.91 0.825 0.915 0.915 0.915 0.91684183 0.68151695 0.625 0.625 0.7625 0.7625 0.7625 0.96 0.96 0.96 0.6775 0.6775 0.6775 0.3014347
0.63 0.63000226 0.6425 0.6425 0.6425 0.6425 0.195 0.195 0.195 0.2975 0.2975 0.2975 0.2975 0.29759171 0.5925 0.5925 0.5925 0.5925 0.59249996 0.5925 0.5925 0.5925 0.37006335 0.3225 0.3225 0.3225 0.3225 0.65249973 0.6525 0.6525 0.6154135 0.91 0.91 0.91 0.90999982 0.72 0.915 0.915 0.915 0.915 0.625 0.625 0.625 0.88 0.88 0.88 0.84001169 0.96 0.96 0.6775 0.6775 0.6775 0.25500076
0.63 0.63 0.6425 0.6425 0.6425 0.195 0.195 0.195 0.195 0.28625359 0.2975 0.2975 0.2975 0.29750024 0.29503424 0.295 0.295 0.295 0.35954679 0.49 0.49 0.49 0.49 0.3225 0.3225 0.3225 0.32252177 0.6525 0.6525 0.6525 0.6525 0.9099835 0.8031305 0.72 0.72 0.72 0.91370213 0.56750723 0.5675 0.5675 0.62513512 0.79749999 0.7975 0.88 0.88 0.87999983 0.84 0.84 0.6325 0.6325 0.6325 0.655 0.5275
0.63 0.63 0.2925 0.2925 0.2925 0.195 0.195 0.195 0.195 -0.06 -0.06 -0.06 -0.06 -0.034982319 0.295 0.295 0.295 0.295 0.355 0.49 0.49 0.49 0.49 0.175 0.17500006 0.32249978 0.6525 0.6525 0.6525 0.6525 0.73856679 0.8225 0.73219609 0.72 0.72 0.72 0.5675 0.5675 0.5675 0.5675 0.7975 0.7975 0.7975 0.89996768 0.9 0.8402697 0.84 0.84 0.63250115 0.6325 0.655 0.655 0.5275
