interpolatedSpi/04-06|22_3.tif
NCOLS 53
NROWS 52
XLLCORNER -116.03883
YLLCORNER 28.596182
DX 0.49850594
DY 0.49788537
NODATA_VALUE -9999
[rows 0 to 30 of 52, columns 0 to 52 of 53]
0.67666667 0.67666667 0.22076924 0.18 0.8 0.54333333 0.68 0.65 0.14579747 -0.17 0.1 0.53666667 0.30336023 0.63 0.48333333 0.48333333 0.48333333 0.50666667 0.30333333 0.30333333 0.30333333 0.30332415 -0.64999999 0.19333333 0.19333333 0.19333333 0.67332672 0.67333333 0.67333333 0.35 0.35 0.35 0.35 1.6933331 1.6933333 1.6933333 1.6933333 1.6933333 1.6933333 1.6933333 0.78313832 0.77339654 1.02 1.02 1.02 1.02 1.0196026 0.77666667 0.77666667 0.77666667 2.199997 2.2 2.2
0.67659721 -0.88666667 0.11666687 0.22358879 0.20022408 0.78 0.61 0.71961405 0.1 0.046666667 0.29333333 0.30333333 0.30333333 0.55691119 0.62999782 0.48333333 0.50666667 0.50666667 0.30359845 0.30333333 0.30333333 0.30333333 0.21473908 0.19333333 0.19333333 0.19333333 0.82333329 0.82333333 0.35 0.35 0.35 0.35 0.35 1.6933331 1.6933333 1.6933333 1.6933333 1.6933333 1.6933333 1.8167439 2.5099104 1.2007991 1.02 1.02 1.02 1.02 1.02 0.77666667 0.77666667 0.77666667 0.89469083 2.2 2.2
0.49331105 0.49333333 0.29 0.79666667 0.093333333 -0.24 0.13 0.13 -0.45333333 0.03 0.053333333 0.21333333 0.25666667 0.49666667 0.55666667 -0.26666667 0.50666667 0.50666667 0.50666667 -0.09988275 -0.1 -0.1 0.6 0.19333333 0.19333333 0.19333333 0.82333333 0.82333333 0.82333333 0.35 0.35 0.35000005 0.8490514 1.692937 1.6927128 1.6272776 1.6266667 1.6266667 1.7377667 2.51 2.51 2.5080947 1.02 1.02 1.02 1.02 1.02 0.77666667 0.77666667 0.77666667 0.77666667 2.2 2.2
-0.03 0.49333329 0.26333844 1.4166667 -0.20333333 0.11666667 0.55666667 -0.06 -0.08 0.62705928 0.37666667 -0.11 -0.13333333 0.49666667 -0.92666667 -0.26666667 -0.9943893 -0.99894434 -0.53333333 -0.1 -0.1 -0.21 0.6 0.6 0.19333333 0.19333648 0.82333333 0.82333333 0.82333333 0.51 0.99100747 1.3866667 1.3866667 1.3866668 1.6266667 1.6266667 1.6266667 1.6266667 2.51 2.51 2.51 2.5099999 1.02 1.02 1.02 1.02 1.02 0.77666974 0.77666667 0.77666667 0.77666667 2.1999708 2.2
-0.03 0.87999887 0.26333333 0.18381453 -0.20333333 0.083333333 0.64998838 0.77 0.17 0.66333303 0.16461575 -0.073390629 -0.47333333 -0.92666667 -0.92666667 -0.49658349 -1 -1 -0.53333333 -0.53333333 -0.10000023 -0.21 -0.073333333 0.42 1.03 1.0299625 0.82333333 0.82333333 0.51 0.51 1.3866667 1.3866667 1.3866667 1.2992947 1.6266667 1.6266667 1.6266667 2.51 2.51 2.51 2.51 2.5099965 1.02 1.02 1.02 1.02 1.02 1.017834 0.77666667 0.77669043 1.3066667 1.3066667 1.3066667
-2.3033333 -0.033333333 -0.039999992 0.47333333 -0.62666667 0.29333333 0.16333333 0.24100404 0.38 -0.21333333 -0.50333333 -0.44 -0.44000002 -0.25 -0.25 -0.75990504 -0.76 -0.4 -0.4 -0.53333309 -0.32666667 -0.32666667 0.42 1.03 1.03 0.87 0.82 0.82 1.0832808 0.51 1.3866667 1.3866667 0.92333333 0.92345036 2.0432532 2.2233333 2.2233333 2.4213131 2.51 2.51 2.4733791 2.4733333 2.4733349 1.9925238 2.0098906 2.0099997 2.01 2.0099996 1.7119741 1.3066667 1.3066667 1.3066667 1.3066667
-0.81334642 -1.66 -1.1535123 -0.64 -0.26333333 -0.61 -0.25 -0.57 -0.56333333 -0.56333333 -0.50333333 -0.19666667 -0.62666652 -0.25 -0.36666632 -0.36666667 -0.76 -0.063333333 -0.25333333 -0.25333333 -0.3785058 -0.43666667 -0.43666667 0.66333334 0.87 0.87 0.82 0.82 1.0833116 1.0829328 1.7168838 0.92333333 0.92333333 2.0433333 2.0433333 2.2505653 2.2233333 2.2233333 2.6966503 2.4733336 2.4733333 2.4733333 2.4733419 2.0100023 2.01 2.01 2.01 2.0099999 1.8133333 1.3067671 1.3066667 1.3066667 1.3066667
-0.81333333 0.23333333 -0.42666667 -1.9 -1.7100109 -0.99666667 -1.2066667 -1 -1.14 -0.82333333 -0.82333333 -0.06 -0.62666667 -0.62666667 -0.36845051 -0.8190093 -0.86333333 -0.1 -0.72333285 -0.25333333 -0.066817795 0.016666667 -0.91 0.033333329 0.033333892 0.076666667 0.85 0.84999999 0.71130821 0.71000002 1.72 0.59363756 1.06 2.0433333 2.0471362 2.2733333 2.2733333 2.6966667 2.6966667 2.4733333 2.4733333 2.4733333 2.4240451 2.4233333 2.01 2.01 2.01 1.8133408 1.8133333 1.8133333 1.3066667 1.3066667 1.3066667
-0.0053657823 0.23333333 0.43 -1.2533333 -1.2733333 -1.4866667 -1.13 -0.73 -0.55 -0.42240998 -0.1 0.029999994 0.03 0.41333333 0.4133238 -0.5442252 -0.54333333 -0.54333333 -0.19515279 -0.58666675 -0.96666667 -0.96666666 0.25333333 -0.45154946 0.072299811 0.076666667 0.83666667 0.85 1.7414561 1.7466667 0.46333333 1.8133333 1.4574162 1.39 2.1766667 2.1233333 2.7933333 1.9766667 2.8795829 2.4763687 3.1533333 2.53 2.4233154 2.4233333 2.4210069 2.01 1.5766667 1.8133333 1.8133333 1.8133333 1.8133333 1.3672603 1.0666667
-1.34 -1.34 0.37 -0.79666667 -1.58 -1.6 -1.5133333 -1.5333333 -0.81 -0.39013009 -0.16666667 0.61333333 0.41333333 0.41333333 -0.6 -0.59922279 -0.54333333 -0.54338053 -0.77 -0.58666667 -0.58666667 -0.63562341 0.25333333 0.816656 0.81666667 0.81666667 0.83666667 1.1866667 1.1866667 1.7466667 1.7466667 1.8119931 1.1066667 1.39 2.1766667 2.1233333 2.7933333 2.5666667 2.88 1.8339001 2.53 2.4504098 2.3133333 2.4233333 2.4233333 1.5766667 1.5766667 1.5766667 1.8133333 1.8133333 1.7933333 1.7933333 1.7933331
-1.34 -1.34 -0.10666667 -0.65333333 -1.3 -1.3166667 -1.63 -0.49042931 -0.85666667 -0.80333333 -0.52666667 -0.97666667 0.61121628 -0.6 -0.6 -0.59999731 -0.57666667 -0.58681371 -0.77 -0.25 -0.25 -0.44 -0.44 0.81666667 0.81666667 0.81666667 1.1866667 1.1866667 1.1866667 0.62666667 0.62666667 0.62666746 1.9733333 1.9733333 1.5733333 1.7133333 2.8666667 1.9000022 2.5933333 1.8166667 1.8166667 1.8166683 2.3133333 2.4233333 2.1400003 2.4133333 2.3367125 2.34 2.68 2.68 1.7933333 1.7933333 1.7933333
-1.34 -0.80755179 -0.33994883 -0.86665236 0.046666667 -1.76 -1.63 -0.49 -0.8566636 -0.8039242 -0.97666644 -0.97666667 -0.96 -0.6 -0.6 -0.57666667 -0.57666667 -0.57667767 -0.77 -0.25 -0.28731213 -0.44 -0.44 0.81661646 0.81666667 0.97554779 1.3 1.3 1.3 0.62666667 0.62666667 0.81333333 0.81333333 1.9733322 1.5733333 2.4366666 2.7538841 1.9 1.9 1.8166667 1.8166667 1.8166667 1.8166691 2.14 2.14 2.4133333 2.34 2.34 2.68 2.68 1.7933333 1.7933333 1.7933333
0.36 0.10767017 0.1333046 0.12609946 0.046657341 -1.7599573 -1.63 -0.50403275 -0.83139958 -0.85527399 -0.96 -0.96 -0.96 -0.96 -0.600051 -0.57666667 -0.57666667 -0.57916291 -0.77 -0.24994061 -0.033333333 -0.033333333 -0.033333333 -0.033333333 0.80269955 1.3 1.3 1.3 1.3 1.2996662 0.81333333 0.81333333 0.81333333 0.81333333 2.4366667 2.4366667 2.4366667 1.9261836 1.900025 1.9033333 1.9033333 1.8166713 1.9700058 2.1399836 2.14 2.4133333 2.34 2.34 2.68 2.68 1.7965501 1.7933333 2.1128505
0.36 0.13333333 0.13333333 0.13333333 0.13333333 0.13333255 -1.6303325 -1.090642 -0.76398937 -0.9598873 -0.96 -0.96 -0.96 -0.96 -0.95999972 -0.57666667 -0.5766667 -0.58992801 -0.76999492 -0.033333333 -0.033333333 -0.033333333 -0.033333333 -0.033333333 -0.0099819197 1.4010633 1.5133333 1.5133333 1.5133333 1.5133333 0.81333333 0.81333333 0.81333401 1.3733333 1.3733333 2.4366667 2.2389877 2.2333333 1.9033335 1.9033333 1.9033333 1.9033333 1.97 1.97 1.97 1.9730852 2.0783952 2.0766667 2.0766667 2.0766667 2.0766667 1.97 1.97
0.94666667 0.13333333 0.13333333 0.13333333 0.13333333 0.13333333 0.13333322 -0.94322137 -0.58049718 -0.58 -0.58 -0.58 -0.58 -0.58 -0.58 0.58915562 -0.55779914 -0.60314018 -0.03342589 -0.033333333 -0.033333333 -0.033333333 -0.033333333 -0.033332317 1.0466667 1.0466667 1.0466673 1.5133333 1.5133333 1.511965 0.83 0.83 1.3733333 1.3733333 1.3733333 2.0955705 2.2333333 2.2333333 2.2333333 1.9033333 1.9033333 1.9033333 1.97 1.97 1.97 1.97 2.0766666 2.0766667 2.0766667 2.0766667 2.0766667 1.97 1.97
0.94666667 0.64387191 0.13333333 0.13333333 0.13333333 0.13333333 0.10333922 0.10333333 0.10333332 -0.58 -0.58 -0.58 -0.58 -0.58 -0.31674232 0.61333333 0.61333333 0.61333333 0.83734045 0.83999911 0.84 0.84 0.84 0.84 1.0466667 1.0466667 1.0466667 1.0466667 1.5133333 0.83 0.83 0.83 1.3733333 1.3733333 1.3733333 1.7 2.2326272 2.2333333 2.2333333 1.9031862 1.6091488 0.92293897 1.97 1.97 0.79364155 0.79 0.79 2.073897 0.39921582 0.39333348 0.39333365 0.81684113 1.9699977
0.94666667 0.35629366 0.23791618 0.13333333 0.13333333 0.10335106 0.10333333 0.10333333 0.10333333 0.098409038 -0.58 -0.58 -0.58 -0.57999986 0.61333333 0.61333333 0.61333333 0.61333333 0.83979752 0.84 0.84 0.84 0.84 0.84 1.0466667 1.0466667 1.0466667 1.0466667 1.0458786 0.83 0.83 0.83 0.75333334 1.3733516 1.7 1.7 1.7 1.6927846 1.0031454 0.92 0.92 0.92 0.54666667 0.54666667 0.79 0.79 0.79 0.39333334 0.39333333 0.39333333 0.39333333 0.81666667 0.81666667
0.34058177 0.34 0.34 0.33999999 -0.25 0.10332422 0.10333333 0.10333333 0.10333333 0.10333333 -0.47097995 -0.57998124 -0.57999996 0.61333333 0.61333333 0.61333333 0.61333333 0.61333333 0.62394824 0.84 0.84 0.84 0.84 0.84 0.58788314 0.023338878 0.023333333 0.023333333 0.023333333 0.83 0.75333333 0.75333333 0.75333333 0.75333333 1.7 1.6999826 1.04 1.04 0.92149838 0.92 0.92 0.92 0.54666667 0.54666667 0.75232362 0.79 0.79 0.39333333 0.39333333 0.39333333 0.39787257 0.81666667 0.81666667
0.34 0.34 0.34 0.062160199 -0.25 -0.25 0.10333333 0.10333333 0.10333333 0.10333333 0.86 0.86 0.86 0.61333333 0.61333333 0.61333333 0.61333333 0.61332838 0.5 0.5 0.83999986 0.84 0.82815172 0.35333333 0.35036248 0.023333333 0.023333333 0.023333333 0.023333333 0.753259 0.75333333 0.75333333 0.75333333 0.75333333 1.0400023 1.04 1.04 1.04 1.0395375 0.92 0.92 0.92 0.54666667 0.54666667 0.54666667 0.79 0.79 0.39333334 0.39333333 0.39333333 0.81666667 0.81666667 0.81666667
0.34 0.34 0.34 -0.25 -0.25 -0.25 -0.24999946 0.10333333 0.10333333 0.8592189 0.86 0.86 0.86 0.85984631 0.58905066 0.58333333 0.58333333 0.58333333 0.5 0.5 0.5 0.35333333 0.35333333 0.35333333 0.35316992 -0.10954616 0.023333333 0.023333333 0.023333331 0.13195049 0.01007311 0.01 0.01 0.01 0.74659881 0.33666826 0.33666667 0.33666667 0.33666667 -0.20984538 -0.21 -0.21 0.54666667 0.54666667 0.13333506 0.13333339 0.30333333 0.30333333 0.32666667 0.32666667 0.32666667 0.81666667 0.27048879
0.33999882 0.34 0.33999998 -0.25 -0.25 -0.25 -0.25000001 -0.8266664 0.09961483 0.85899952 0.86 0.86 0.86 0.8594571 0.58333333 0.58333333 0.58333333 0.58333331 0.5 0.5 0.5 0.35333333 0.35333333 0.35333333 -0.23 -0.23 -0.59666666 -0.59666667 -0.59666667 -0.59335711 0.01 0.01 0.01 0.01 0.17324348 0.33666667 0.33666667 0.33666667 0.33666667 -0.21 -0.21 -0.21 -0.19919742 0.13333333 0.13333333 0.13333333 0.30333333 0.30333333 0.32666667 0.32666667 0.32666667 0.27 0.27
-0.04 0.11568432 -0.64 -0.63988685 -0.25 -0.82333009 -0.82666667 -0.82666667 -0.7914434 -0.24333334 -0.24333333 -0.24333333 -0.24333333 0.32998134 0.33 0.58333314 0.58333333 0.58113762 0.5 0.5 0.5 -0.57 -0.57 -0.57 -0.23 -0.23 -0.59666667 -0.59666667 -0.59666667 -0.59666651 -0.37666421 -0.37666558 0.00028171393 0.0095854666 -0.65257107 -0.65333333 -0.65333333 -0.65333333 -0.65333333 -0.21 -0.21 -0.21 0.11442792 0.13333333 0.13333333 0.13333329 0.30333333 0.30333333 0.30333417 0.32666667 0.32665057 -0.033333333 0.27
-0.26662362 -0.26666673 -0.64 -0.64 -0.64 -0.82666667 -0.82666667 -0.82666667 -0.73 -0.73 -0.24333333 -0.24333333 -0.24333333 0.33 0.33 0.33 0.33 0.33001983 0.5 0.5 0.49999996 -0.57 -0.57 -0.57 -0.23 -0.23 -0.59666667 -0.59666667 -0.59666667 -0.37914718 -0.37666667 -0.37666667 -0.37666667 -0.37666667 -0.65319681 -0.65333333 -0.65333333 -0.65333333 -0.65333333 -0.81999984 -0.82 -0.82 -0.82 0.13333159 -0.093333333 -0.093333333 -0.093333333 0.13333333 0.13333333 0.13333333 -0.033333333 -0.033333333 -0.033333333
-0.26666667 -0.26666667 -0.64 -0.64 -0.64 -0.82568551 -0.82666667 -0.73 -0.73 -0.73 -0.24339324 -0.24333333 -0.38496829 0.32999983 0.33 0.33 0.33 -0.34333333 -0.34333333 -0.34333333 -0.97666666 -0.97666636 -0.57000198 -0.57 -0.57014563 -0.97666667 -0.97666667 -0.97666576 -0.59672808 -0.71993158 -0.71999817 -0.71994006 -0.37725346 -0.37696296 -0.60428197 -0.65333357 -0.65539992 -1.27 -1.27 -0.82 -0.82 -0.82 -0.82 -0.093333333 -0.093333333 -0.093333333 -0.093333333 0.13333333 0.13333333 0.13333333 -0.033333333 -0.033333333 -0.033333333
-0.26666667 -0.26666667 -0.64 -0.64 -0.64 -0.64 -0.79048716 -0.73 -0.73 -0.73 -0.72982692 -0.41666667 -0.41666667 -0.41666667 0.32559972 0.33 -0.33884641 -0.34333333 -0.34333333 -0.34333333 -0.97666667 -0.97666667 -0.97666667 -0.97666667 -0.97666667 -0.97666667 -0.97666667 -0.97666667 -0.97666667 -0.72 -0.72 -0.72 -0.72 -0.72000056 -0.98666667 -1.27 -1.27 -1.27 -1.27 -1.2699973 -0.47333333 -0.47333333 -0.47333333 -0.30194952 0.053333333 0.053333333 0.053333333 0.13333333 0.13333317 -0.04 -0.04 0.18661315 0.18666667
-0.26666667 -0.26666667 -0.50525288 -0.64 -0.64 -0.64000001 -1.2024934 -0.73149169 -0.73 -0.73 -0.41666674 -0.41666667 -0.41666667 -0.41666667 -0.41666667 -0.3554539 -0.34333333 -0.34333333 -0.34333333 -0.34333333 -0.97666177 -0.97666667 -0.97666667 -0.97666667 -0.97666667 -0.97666667 -0.97666667 -0.97666667 -0.97666667 -1.2027849 -0.72 -0.72 -0.72 -0.98666667 -0.98666667 -0.98688668 -1.27 -1.27 -0.85729576 -0.53666673 -0.47333333 -0.47333333 -0.47333333 -0.30550816 0.053333333 0.053333333 0.053333333 -0.37666667 -0.044194834 -0.04 -0.04 0.18666667 0.18666667
-0.96333333 -0.96333333 -0.96333333 -0.72106855 -0.64063508 -1.2033333 -1.2033333 -1.2033333 -1.2033333 -0.78 -0.78 -0.41666669 -0.41666667 -0.41666667 -0.41666667 -0.41666204 -0.34333333 -0.34333333 -0.34333333 -0.34333333 -0.70030054 -0.97666667 -0.97666667 -0.9787603 -1.0531044 -0.97666667 -0.97666667 -0.97666667 -1.3733333 -1.3733333 -1.3733333 -1.3733306 -0.98666667 -0.98666667 -0.98666667 -0.98666667 -0.53666667 -0.53666667 -0.53666667 -0.53666667 -0.14 -0.14 -0.14 -0.33666271 -0.33666667 -0.33666667 -0.33666654 -0.37666667 -0.37666667 -0.04041021 -0.04 0.1866665 0.18666667
-0.96333333 -0.96333333 -0.96333333 -0.96333908 -1.07 -1.0893889 -1.2033333 -1.2033333 -1.2033333 -0.78 -0.78 -0.78 -0.97999998 -0.98 -0.98 -0.97999999 -0.34414544 -0.34333333 -0.34333333 -0.34333333 -0.35294129 -1.0566664 -1.0566667 -1.0566667 -1.0566667 -1.0566667 -1.21 -1.21 -1.3733333 -1.3733333 -1.3733333 -1.3733333 -0.98666672 -0.98666667 -0.98666667 -0.98667318 -0.53666666 -0.53666667 -0.53666667 -0.53520439 -0.14 -0.14 -0.14 -0.33665755 -0.33666667 -0.33666667 -0.33666667 -0.37666667 -0.37666667 -0.3766666 0.15333333 0.15333333 -0.076666667
-0.96333333 -0.96333333 -0.96333333 -1.0699998 -1.07 -1.07 -1.2033333 -1.2033333 -1.2033333 -0.78 -0.78 -0.78 -0.98 -0.98 -0.98 -0.96527582 -0.78666667 -0.78666667 -0.78666552 -0.3458374 -1.0566667 -1.0566667 -1.0566667 -1.0566667 -1.0566667 -1.0567821 -1.21 -1.21 -1.21 -1.3733333 -1.3733333 -1.3733913 -1.0666667 -1.0666667 -1.0666667 -0.48666667 -0.48666667 -0.20333333 -0.20333333 -0.20333333 0.19666667 -0.1398944 -0.13999925 -0.04 -0.04 -0.051243329 -0.33666595 -0.37666667 -0.37666667 0.15333333 0.15333333 0.15333333 -0.076666667
-0.96333333 -0.96333333 -0.96333333 -1.07 -1.07 -1.07 -1.07 -1.2033333 -1.2033333 -0.78 -0.78 -0.97200288 -0.98 -0.98 -0.98 -0.78666667 -0.78666667 -0.78666667 -0.78666667 -0.78666667 -1.0566667 -1.0566667 -1.0566667 -1.0566667 -1.0566667 -1.2099995 -1.21 -1.21 -1.21 -1.4633333 -1.4633333 -1.4633333 -1.0666667 -1.0666667 -1.0666667 -0.48666667 -0.48666667 -0.20333333 -0.20333333 0.19666667 0.19666667 0.19666667 -0.04 -0.04 -0.04 -0.04 0.0040857359 0.49666667 0.49666667 0.49666667 0.15333334 0.48333333 0.48333333
-0.96333333 -0.96333333 -0.96348187 -1.07 -1.07 -1.07 -1.07 -1.5650461 -1.59 -1.5886093 -0.78000002 -0.98001731 -0.98 -0.98 -0.97999933 -0.78666667 -0.78666667 -0.78666667 -0.78666667 -0.78666667 -0.44929067 -1.0566667 -1.0566667 -1.0566667 -1.0565671 -1.2099642 -1.21 -1.21 -1.21 -1.4633333 -1.4633333 -1.4633333 -1.4632761 -1.0666667 -0.48666667 -0.48666667 -0.48666667 -0.48665481 -0.20330605 0.19666667 0.19666667 0.19666667 -0.039985632 -0.04 -0.04 -0.04 0.49666742 0.49666667 0.49666667 0.49666667 0.48333333 0.48333333 0.48333333
