interpolatedSpi/04-06|23_3.tif
NCOLS 53
NROWS 52
XLLCORNER -116.03883
YLLCORNER 28.596182
DX 0.49850594
DY 0.49788537
NODATA_VALUE -9999
[rows 0 to 28 of 52, columns 0 to 52 of 53]
0.38666667 0.38666667 -0.64816524 -0.76333333 -0.64333333 -0.17333333 -0.64333333 -0.26 -1.2681493 -0.86333333 -0.94 -0.74333333 -1.0366969 -1.4033333 -1.12 -1.12 -1.12 -0.71 -0.79 -0.79 -0.79 -0.78999095 0.14999998 -1.44 -1.44 -1.44 -0.82666083 -0.82666667 -0.82666667 -1.49 -1.49 -1.49 -1.49 -2.8233331 -2.8233333 -2.8233333 -2.8233333 -2.8233333 -2.8233333 -2.8233333 0.085336936 0.11642675 -0.82333333 -0.82333333 -0.82333333 -0.82333333 -0.82432423 -1.43 -1.43 -1.43 -0.89000112 -0.89 -0.89
0.38662372 -0.58 -0.78666591 -0.70754429 -0.83664646 -0.44666667 -0.34666667 -0.3497225 -0.64 -1.1566667 -0.65 -1.0366667 -1.0366667 -0.72227855 -1.4033226 -1.12 -0.71 -0.71 -0.78989569 -0.79 -0.79 -0.79 -1.4226298 -1.44 -1.44 -1.44 -1.2133333 -1.2133333 -1.49 -1.49 -1.49 -1.49 -1.49 -2.8233331 -2.8233333 -2.8233333 -2.8233333 -2.8233333 -2.8233333 -2.5230079 -0.96013237 -0.83991745 -0.82333333 -0.82333333 -0.82333333 -0.82333333 -0.82333333 -1.43 -1.43 -1.43 -1.3852227 -0.89 -0.89
0.44997762 0.45 -0.13 -0.38666667 -0.50666667 -0.0066666667 -0.77 0.44666667 -1.15 -1.38 -1.2166667 -0.87666667 -1.5266667 -1.0966667 -0.72 -1.4333333 -0.71 -0.71 -0.71 -0.360125 -0.36 -0.36 -1.11 -1.44 -1.44 -1.44 -1.2133333 -1.2133333 -1.2133333 -1.49 -1.49 -1.49 -1.2605326 -2.8197755 -2.8139634 -1.8258912 -1.8166667 -1.8166667 -1.7089206 -0.96000001 -0.96 -0.95982524 -0.82333333 -0.82333333 -0.82333333 -0.82333333 -0.82333333 -1.43 -1.43 -1.43 -1.43 -0.89 -0.89
0.47666667 0.4499998 -0.55018127 -0.31 -0.97666667 -0.57333333 -0.52666667 -0.59 -0.66666667 -1.1161712 -1.3233333 -1.0566667 -1.01 -1.0966667 -1.4666667 -1.4333333 -0.94046664 -0.93650785 -0.81666667 -0.36 -0.36 -1.3233333 -1.11 -1.11 -1.44 -1.4399989 -1.2133333 -1.2133333 -1.2133333 -0.97333333 -0.99528044 -1.0133333 -1.0133333 -1.013334 -1.8166667 -1.8166667 -1.8166667 -1.8166667 -0.96 -0.96 -0.96 -0.95999999 -0.82333333 -0.82333333 -0.82333333 -0.82333333 -0.82333333 -1.4299923 -1.43 -1.43 -1.43 -0.89000817 -0.89
0.47666667 -0.18333401 -0.55 -1.284694 -0.97666667 -1.42 -1.4067499 -2.4566667 -2.38 -1.4766671 -1.4520529 -1.4332249 -0.67666667 -1.4666667 -1.4666667 -1.4365601 -0.93666667 -0.93666667 -0.81666667 -0.81666667 -0.36000187 -1.3233333 -0.76666667 0.34666667 -0.5 -0.50001265 -1.2133333 -1.2133333 -0.97333333 -0.97333333 -1.0133333 -1.0133333 -1.0133333 -1.0485336 -1.8166667 -1.8166667 -1.8166667 -0.96 -0.96 -0.96 -0.96 -0.95995367 -0.82333333 -0.82333333 -0.82333333 -0.82333333 -0.82333333 -0.82873342 -1.43 -1.429987 -1.14 -1.14 -1.14
-1.1733333 -1.0133333 -1.1566666 -0.96 -1.19 -1.51 -1.8466667 -1.9247641 -1.8133333 -2.1833333 -2.38 -1.8133333 -1.8133326 -1.72 -1.72 -0.48330919 -0.48333333 -0.90333333 -0.90333333 -0.81666623 -0.80333333 -0.80333333 0.34666667 -0.5 -0.5 -0.55333333 -1.2166667 -1.2166667 -0.69669339 -0.97333333 -1.0133333 -1.0133333 -1.2 -1.1999718 -0.93001943 -1.2233333 -1.2233333 -1.0414682 -0.96 -0.96 -0.48059866 -0.48 -0.4799994 -1.2129977 -1.2199562 -1.2199999 -1.22 -1.2199999 -1.4330187 -1.14 -1.14 -1.14 -1.14
0.39332488 -0.52 -0.79958521 -1.5266667 -1.48 -1.5966667 -1.5333333 -1.9033333 -2.4233333 -2.4233333 -2.38 -1.7233333 -1.5966667 -1.72 -0.38333734 -0.38333333 -0.48333333 -0.063333333 -0.32666667 -0.32666667 -0.55984647 -0.28666667 -0.28666667 -0.56333333 -0.55333333 -0.55333333 -1.2166667 -1.2166667 -0.6967364 -0.69795059 -0.58404857 -1.2 -1.2 -0.93 -0.93 -1.3377077 -1.2233333 -1.2233333 -1.3066638 -0.48000115 -0.48 -0.48 -0.47999773 -1.219999 -1.22 -1.22 -1.22 -1.2200002 -1.4833333 -1.140068 -1.14 -1.14 -1.14
0.39333333 -0.83666667 -0.35666667 -2.1666667 -1.7200256 -1.8666667 -2.2066667 -2.62 -1.57 -1.8066667 -1.8066667 -1.55 -1.5966667 -1.5966667 -0.39165792 -0.47440903 -0.48333333 -0.013333333 -0.52999979 -0.32666667 -0.23716563 -0.18 -0.55333333 0.60333333 0.60331768 -0.61 -0.55333333 -0.55333357 -1.88914 -1.8933333 -0.58 -1.0877412 -1.02 -0.93 -0.93503875 -1.4333333 -1.4333333 -1.3066667 -1.3066667 -0.48 -0.48 -0.47999999 -1.0366782 -1.04 -1.22 -1.22 -1.22 -1.4833233 -1.4833333 -1.4833333 -1.14 -1.14 -1.14
-0.92617884 -0.83666665 0.28 -1.8433333 -1.9033333 -2.7066667 -1.9833333 -1.4733333 -2.1366667 -1.3525197 -0.84333333 -1.52 -1.52 -0.87666667 -0.87666598 -1.1082534 -1.11 -1.11 -0.092203302 -0.5233334 -0.85333333 -0.85333333 -0.72 -0.61901392 -0.48772804 -0.61 -0.89 -0.55333333 -0.53344955 -0.53333333 -1.1066667 -0.88 -0.76080289 -1.3633333 -1.1066667 -1.3633333 -1.3066667 -1.88 -1.0803694 -0.47880966 -0.21333333 -0.58666667 -1.0398388 -1.04 -1.0410131 -1.22 -1.8666666 -1.4833333 -1.4833333 -1.4833333 -1.4833333 -0.92543218 0.56333333
-1.4266667 -1.4266667 0.21333333 -0.57 -2.2833333 -1.8366667 -1.47 -1.8533333 -1.2766667 -1.1533152 -1.5166667 -0.64333333 -0.87666667 -0.87666667 -0.80333333 -0.80753941 -1.11 -1.1098548 -0.46 -0.52333333 -0.52333333 -0.56584839 -0.72 -0.51000398 -0.51 -0.51 -0.89 -0.77666667 -0.77666667 -0.53333333 -0.53333333 -0.87955113 -0.64333333 -1.3633333 -0.73333333 -1.3633333 -1.3066667 -2.1133333 -1.08 -0.056855198 -0.58666665 -0.38952786 -0.05 -1.04 -1.04 -1.8666667 -1.8666667 -1.8666667 -1.4833333 -1.4833333 0.58333333 0.58333333 0.58333333
-1.4266667 -1.4266667 -0.95 -1.51 -1.84 -0.83333333 -1.85 -1.0642612 -1.27 -1.6566667 -0.91666667 -0.42 -0.64303636 -0.80333333 -0.80333333 -0.80330757 -0.58 -0.57370184 -0.46 0.18666667 0.18666667 0.036666667 0.036666667 -0.51 -0.51 -0.51 -0.77666667 -0.77666667 -0.77666667 -0.75666667 -0.75666667 -0.75666648 -0.47333333 -0.47333333 -1.35 -1.19 -0.19666667 -0.93333884 -0.45333333 -0.04 -0.04 -0.60666484 -0.05 -1.04 -0.17666711 -0.54666667 0.018512521 0.026666662 0.41 0.41 0.58333333 0.58333333 0.58333333
-1.4266667 -1.2209893 -1.188972 -2.1099779 -1.06 -1.5133333 -1.85 -1.0633333 -1.2699983 -1.6523829 -0.42000161 -0.42 0.14333333 -0.80333333 -0.80333333 -0.58000001 -0.58 -0.57999317 -0.46 0.18666667 0.15720972 0.036666667 0.036666667 -0.50997779 -0.51 -0.36645912 -0.073333333 -0.073333333 -0.073333422 -0.75666667 -0.75666667 -0.096666667 -0.096666667 -0.47333574 -1.35 -0.30333377 -0.41848959 -0.93333333 -0.93333333 -0.040000018 -0.60666667 -0.60666667 -0.60666347 -0.17666667 -0.17666667 -0.54666667 0.026666667 0.026666667 0.41 0.41 0.58333333 0.58333333 0.58333333
-0.44666667 -0.84613609 -0.83002488 -0.83925967 -1.0600025 -1.5133226 -1.85 -1.0730167 -1.2557586 -1.2800969 0.14333333 0.14333333 0.14333333 0.14333333 -0.80319923 -0.58 -0.58 -0.57845061 -0.46 0.18668186 0.25333333 0.25333333 0.25333333 0.25333333 -0.49672034 -0.073333333 -0.073333333 -0.073333333 -0.073333333 -0.073802926 -0.096666667 -0.096666667 -0.096666667 -0.096666667 -0.30333333 -0.30333333 -0.30333333 -0.90371118 -0.92785064 -0.20333333 -0.20333333 -0.60664497 -0.34332763 -0.17668272 -0.17666667 -0.54666667 0.026666667 0.026666667 0.41 0.41 0.5827045 0.58333333 -0.058046237
-0.44666667 -0.83 -0.83 -0.83 -0.83 -0.83000028 -1.8491381 -1.4778054 -1.2177638 0.14180168 0.14333333 0.14333333 0.14333333 0.14333333 0.14333363 -0.58 -0.57999998 -0.57176882 -0.45999936 0.25333333 0.25333333 0.25333333 0.25333333 0.25333333 0.2427398 -0.23961182 -0.32999995 -0.33 -0.33 -0.33 -0.096666661 -0.096666667 -0.096665925 0.52 0.52 -0.30333333 0.48090132 0.50333333 -0.20333292 -0.20333333 -0.20333333 -0.20333333 -0.34333333 -0.34333333 -0.34333333 -0.34474835 0.29147923 0.29333333 0.29333333 0.29333333 0.29333334 0.52000001 0.52
-0.96666667 -0.83 -0.83 -0.83 -0.83 -0.83 -0.83000006 -1.1167236 0.56710747 0.57666667 0.57666667 0.57666667 0.57666667 0.57666667 0.57666666 0.16177092 -0.56835169 -0.56356778 0.2532436 0.25333333 0.25333333 0.25333333 0.25333333 0.25333298 -0.23666667 -0.23666667 -0.2366668 -0.33 -0.33 -0.32873846 0.3 0.3 0.52 0.52 0.52 0.50600318 0.50333333 0.50333333 0.50333333 -0.20333333 -0.20333333 -0.20333333 -0.34333333 -0.34333333 -0.34333333 -0.34333333 0.29333333 0.29333333 0.29333333 0.29333333 0.29333333 0.52 0.52
-0.96666667 -0.91578722 -0.83 -0.83 -0.83 -0.83 0.25312071 0.25333333 0.25333334 0.57666667 0.57666667 0.57666667 0.57666667 0.57666667 0.48327637 0.15333333 0.15333333 0.15333333 -0.045752888 -0.046666361 -0.046666667 -0.046666667 -0.046666667 -0.046666667 -0.23666667 -0.23666667 -0.23666667 -0.23666667 -0.33 0.3 0.3 0.3 0.51999998 0.52 0.52 0.57 0.5034216 0.50333333 0.50333333 -0.20340244 -0.34194909 -0.66528187 -0.34333333 -0.34333333 0.012232639 0.013333333 0.013333333 0.29313492 0.17375268 0.17333334 0.17333336 0.64331455 0.52000025
-0.96666667 0.074596215 -0.35769037 -0.83 -0.83 0.25269325 0.25333333 0.25333333 0.25333333 0.25566337 0.57666667 0.57666667 0.57666667 0.57666662 0.15333333 0.15333333 0.15333333 0.15333333 -0.046488011 -0.046666667 -0.046666667 -0.046666667 -0.046666667 -0.046666667 -0.23666666 -0.23666667 -0.23666667 -0.23666667 -0.23471462 0.3 0.3 0.3 0.30666667 0.51999994 0.57 0.57 0.57 0.56534151 -0.59257309 -0.66666667 -0.66666667 -0.66666667 -0.26333333 -0.26333333 0.013333333 0.013333333 0.013333333 0.17333333 0.17333333 0.17333333 0.17333333 0.64333333 0.64333333
0.10277758 0.10333333 0.10333333 0.10333334 0.65 0.25334357 0.25333333 0.25333333 0.25333333 0.25333333 0.5269515 0.57665811 0.57666665 0.15333333 0.15333333 0.15333333 0.15333333 0.15333333 0.12565999 -0.046666667 -0.046666667 -0.046666667 -0.046666667 -0.046666667 0.0075201193 0.23999742 0.24 0.24 0.24 0.3 0.30666667 0.30666667 0.30666667 0.30666667 0.57 0.56998885 0.14666667 0.14666667 -0.65651099 -0.66666667 -0.66666667 -0.66666667 -0.26333333 -0.26333333 -0.029504193 0.013333333 0.013333333 0.17333333 0.17333333 0.17333333 0.17837296 0.64333333 0.64333333
0.10333333 0.10333333 0.10333333 0.36076682 0.65 0.65 0.25333333 0.25333333 0.25333333 0.25333333 -0.08 -0.08 -0.08 0.15333333 0.15333333 0.15333333 0.15333333 0.15332232 -0.036666667 -0.036666667 -0.046666663 -0.046666667 -0.045611682 -0.0033333334 -0.001142708 0.24 0.24 0.24 0.24 0.30665988 0.30666667 0.30666667 0.30666667 0.30666667 0.14666815 0.14666667 0.14666667 0.14666667 0.14374879 -0.66666667 -0.66666667 -0.66666667 -0.26333333 -0.26333333 -0.26333333 0.013333333 0.013333333 0.17333333 0.17333333 0.17333333 0.64333333 0.64333333 0.64333333
0.10333333 0.10333333 0.10333333 0.65 0.65 0.65 0.64999939 0.25333333 0.25333333 -0.079655904 -0.08 -0.08 -0.08 -0.079854624 0.099371839 0.086666667 0.086666667 0.086666666 -0.036666667 -0.036666667 -0.036666667 -0.0033333333 -0.0033333333 -0.0033333333 -0.0032352882 0.29594926 0.24 0.24 0.24 -0.23155705 -0.35326842 -0.35333333 -0.35333333 -0.35333333 -0.26783705 -0.84999774 -0.85 -0.85 -0.85 -0.093411782 -0.093333333 -0.093333333 -0.26333333 -0.26333333 0.24666454 0.24666661 0.073333333 0.073333333 0.13 0.13 0.13 0.64333333 0.11380722
0.10333415 0.10333333 0.10333335 0.65 0.65 0.65 0.64999999 0.10666671 0.2527469 -0.079737035 -0.08 -0.08 -0.08 -0.079672954 0.086666667 0.086666667 0.086666667 0.086666631 -0.036666667 -0.036666667 -0.036666667 -0.0033333333 -0.0033333333 -0.0033333333 0.34666667 0.34666667 0.33333333 0.33333333 0.33333333 0.32958735 -0.35333333 -0.35333333 -0.35333333 -0.35333333 -0.6015304 -0.85 -0.85 -0.85 -0.85 -0.093333333 -0.093333333 -0.093333333 -0.082635633 0.24666667 0.24666667 0.24666667 0.073333333 0.073333333 0.13 0.13 0.13 0.11333333 0.11333333
0.36666667 0.23987956 -0.063333333 -0.063126383 0.65 0.10981037 0.10666667 0.10666667 0.26942245 0.21000001 0.21 0.21 0.21 0.44665896 0.44666667 0.086666943 0.086666667 0.083417015 -0.036666667 -0.036666667 -0.036666667 -0.083333333 -0.083333333 -0.083333333 0.34666667 0.34666667 0.33333333 0.33333333 0.33333333 0.3333327 -0.5366655 -0.53666615 -0.35794114 -0.35352988 -1.425439 -1.4266667 -1.4266667 -1.4266667 -1.4266667 -0.093333333 -0.093333333 -0.093333333 0.22794484 0.24666667 0.24666667 0.24666653 0.073333333 0.073333333 0.073335373 0.13 0.12996587 -0.63333333 0.11333333
0.40999177 0.40999992 -0.063333333 -0.063333333 -0.063333333 0.10666667 0.10666667 0.10666667 0.55333333 0.55333333 0.21 0.21 0.21 0.44666667 0.44666667 0.44666667 0.44666667 0.44661166 -0.036666667 -0.036666667 -0.036666668 -0.083333333 -0.083333333 -0.083333333 0.34666667 0.34666667 0.33333333 0.33333333 0.33333333 -0.52685735 -0.53666667 -0.53666667 -0.53666667 -0.53666667 -1.4262275 -1.4266667 -1.4266667 -1.4266667 -1.4266667 -0.64333319 -0.64333333 -0.64333333 -0.64333333 0.24666081 -0.51666667 -0.51666667 -0.51666667 -1.0566667 -1.0566667 -1.0566667 -0.63333333 -0.63333333 -0.63333333
0.41 0.41 -0.063333333 -0.063333333 -0.063333333 0.10577312 0.10666667 0.55333333 0.55333333 0.55333333 0.21004226 0.21 0.37614869 0.44666666 0.44666667 0.44666667 0.44666667 0.18333333 0.18333333 0.18333333 -0.23333333 -0.23333322 -0.083334064 -0.083333333 -0.083111814 0.086666667 0.086666667 0.086667255 0.33329347 -0.73995948 -0.73999892 -0.7399645 -0.53701418 -0.53684214 -1.2682868 -1.4266667 -1.4267672 -1.4566667 -1.4566667 -0.64333333 -0.64333333 -0.64333333 -0.64333333 -0.51666667 -0.51666667 -0.51666667 -0.51666667 -1.0566667 -1.0566667 -1.0566667 -0.63333333 -0.63333333 -0.63333333
0.41 0.41 -0.063333333 -0.063333333 -0.063333333 -0.063333333 0.27384095 0.55333333 0.55333333 0.55333333 0.553256 0.41333333 0.41333333 0.41333333 0.44647023 0.44666667 0.18508812 0.18333333 0.18333333 0.18333333 -0.23333333 -0.23333333 -0.23333333 -0.23333333 0.086666667 0.086666667 0.086666667 0.086666667 0.086666667 -0.74 -0.74 -0.74 -0.74 -0.7400007 -1.0733333 -1.4566667 -1.4566667 -1.4566667 -1.4566667 -1.456665 -1.0466667 -1.0466667 -1.0466667 -0.98592053 -0.86 -0.86 -0.86 -1.0566667 -1.0566669 -1.32 -1.32 -0.68332117 -0.68333333
0.41 0.41 0.10750676 -0.063333333 -0.063333333 -0.063333323 0.39694467 0.55283961 0.55333333 0.55333333 0.41333338 0.41333333 0.41333333 0.41333333 0.41333333 0.41603135 0.18333333 0.18333333 0.18333333 0.18333333 -0.23333011 -0.23333333 -0.23333333 -0.23333333 0.086666667 0.086666667 0.086666667 0.086666667 0.086666666 -0.26460471 -0.74 -0.74 -0.74 -1.0733333 -1.0733333 -1.073631 -1.4566667 -1.4566667 -1.6855299 -1.8633333 -1.0466667 -1.0466667 -1.0466667 -0.98788583 -0.86 -0.86 -0.86 -1.0866667 -1.3170927 -1.32 -1.32 -0.68333333 -0.68333333
0.19333333 0.19333333 0.19333333 0.0010200557 -0.062869447 0.39666667 0.39666667 0.39666667 0.39666667 0.64 0.64 0.41333335 0.41333333 0.41333333 0.41333333 0.41331873 0.18333333 0.18333333 0.18333333 0.18333333 -0.051513516 -0.23333333 -0.23333333 -0.21222253 0.55166261 0.086666667 0.086666667 0.086666667 -0.096666667 -0.096666667 -0.096666667 -0.096669367 -1.0733333 -1.0733333 -1.0733333 -1.0733333 -1.8633333 -1.8633333 -1.8633333 -1.8633333 -0.87 -0.87 -0.87 -1.1966601 -1.1966667 -1.1966667 -1.1966666 -1.0866667 -1.0866667 -1.3197157 -1.32 -0.68333453 -0.68333333
0.19333333 0.19333333 0.19333333 0.19333638 0.25 0.27132774 0.39666667 0.39666667 0.39666667 0.64 0.64 0.64 -0.28666663 -0.28666667 -0.28666667 -0.28666664 0.18365085 0.18333333 0.18333333 0.18333333 0.17705922 0.57333112 0.57333333 0.57333333 0.57333333 0.57333332 0.18666667 0.18666667 -0.096666667 -0.096666667 -0.096666667 -0.096666667 -1.0733332 -1.0733333 -1.0733333 -1.0733195 -1.8633333 -1.8633333 -1.8633333 -1.8624121 -0.87 -0.87 -0.87 -1.1966515 -1.1966667 -1.1966667 -1.1966667 -1.0866667 -1.0866667 -1.0866666 -0.92 -0.92 -0.97666667
0.19333333 0.19333333 0.19333333 0.24999987 0.25 0.25 0.39666661 0.39666667 0.39666667 0.64 0.64 0.64 -0.28666667 -0.28666667 -0.28666667 -0.23767069 0.35666667 0.35666667 0.35666622 0.18431237 0.57333333 0.57333333 0.57333333 0.57333333 0.57333333 0.57304235 0.18666667 0.18666667 0.18666667 -0.096666667 -0.096666667 -0.096735324 -0.90333333 -0.90333333 -0.90333333 -1.4466667 -1.4466667 -1.6533333 -1.6533333 -1.6533333 -0.74 -0.86995922 -0.87000353 -1.3433333 -1.3433333 -1.3377748 -1.1966669 -1.0866667 -1.0866667 -0.92 -0.92 -0.92 -0.97666667
