interpolatedSpi/04-05|21_2.tif
NCOLS 53
NROWS 52
XLLCORNER -116.03883
YLLCORNER 28.596182
DX 0.49850594
DY 0.49788537
NODATA_VALUE -9999
[rows 0 to 29 of 52, columns 0 to 52 of 53]
-0.65666667 -0.65666667 -0.43345584 -0.96333333 -0.83 -1.0066667 -1.19 -0.99 -1.2018278 -1.62 -1.7 -1.4666667 -1.8432482 -0.81 -1.04 -1.04 -1.04 -1.14 -0.60333333 -0.60333333 -0.60333333 -0.6033343 -0.70333333 -0.48666667 -0.48666667 -0.48666667 -0.040013589 -0.04 -0.04 -0.52 -0.52 -0.52 -0.52 -1.2399999 -1.24 -1.24 -1.24 -1.24 -1.24 -1.24 0.082422702 0.096409355 -0.91333333 -0.91333333 -0.91333333 -0.91333333 -0.91216277 -0.19666667 -0.19666667 -0.19666667 1.3299968 1.33 1.33
-0.65670399 -1.4966667 -0.97666626 -1.0835888 -0.8701451 -0.93 -0.70333333 -1.2334992 -1.22 -1.6366667 -1.6133333 -1.8433333 -1.8433333 -0.99604423 -0.81000429 -1.04 -1.14 -1.14 -0.60403307 -0.60333333 -0.60333333 -0.60333333 -0.52000349 -0.48666667 -0.48666667 -0.48666667 -0.56999999 -0.57 -0.52 -0.52 -0.52 -0.52 -0.52 -1.2399999 -1.24 -1.24 -1.24 -1.24 -1.2399999 -1.0914774 -0.38668505 -0.84942637 -0.91333333 -0.91333333 -0.91333333 -0.91333333 -0.91333333 -0.19666667 -0.19666667 -0.19666667 -0.070074005 1.33 1.33
-1.0333203 -1.0333333 -0.62333333 -0.33 -0.87666667 -1.18 -0.57666667 -1.1733333 -1.3633333 -1.43 -1.1566667 -1.64 -0.78 -1.3166667 -0.99666667 -1.7833333 -1.14 -1.14 -1.14 -1.2398149 -1.24 -1.24 -1.12 -0.48666667 -0.48666667 -0.48666667 -0.57 -0.57 -0.57 -0.52 -0.52 -0.52000001 -0.64355935 -1.2373224 -1.229389 -0.11044636 -0.1 -0.1 -0.13605511 -0.38666666 -0.38666667 -0.38734014 -0.91333333 -0.91333333 -0.91333333 -0.91333333 -0.91333333 -0.19666667 -0.19666667 -0.19666667 -0.19666666 1.33 1.33
-0.10666667 -1.0333334 -1.1567509 -0.30333333 -1.2833333 -0.96333333 -0.89666667 -1.16 -1.4433333 -1.2642059 -1.3933333 -2.0766667 -1.7233333 -1.3166667 -1.31 -1.7833333 -1.6807906 -1.6796216 -1.8833333 -1.24 -1.24 -1.77 -1.12 -1.12 -0.48666667 -0.48666708 -0.57 -0.57 -0.57 -0.97 -0.86392231 -0.77666667 -0.77666667 -0.77666613 -0.1 -0.1 -0.1 -0.1 -0.38666667 -0.38666667 -0.38666667 -0.38666669 -0.91333333 -0.91333333 -0.91333333 -0.91333333 -0.91333333 -0.19667571 -0.19666667 -0.19666667 -0.19666667 1.3299556 1.33
-0.10666667 0.24666409 -1.1566667 -1.5456719 -1.2833333 -0.79 -1.2733264 -1.0833333 -0.88666667 -1.7066663 -1.7427677 -1.766448 -0.24 -1.31 -1.31 -1.625083 -1.68 -1.68 -1.8833333 -1.8833333 -1.240001 -1.77 -1.32 -0.83666667 -0.17 -0.16999464 -0.57 -0.57 -0.97 -0.97 -0.77666667 -0.77666667 -0.77666667 -0.67923729 -0.1 -0.1 -0.1 -0.38666667 -0.38666667 -0.38666667 -0.38666667 -0.38664093 -0.91333332 -0.91333333 -0.91333333 -0.91333333 -0.91333333 -0.90695411 -0.19666667 -0.19665919 -0.03 -0.03 -0.03
-1.33 -0.54666667 -0.92333333 -1.1533333 -1.5066667 -1.5066667 -1.6533333 -1.580357 -1.1 -0.69333333 -0.57 0.063333333 0.063333133 -0.55 -0.55 -1.223417 -1.2233333 -0.98 -0.98 -1.8833323 -1.3233333 -1.3233333 -0.83666667 -0.17 -0.17 -0.14666667 -0.78333333 -0.78333333 -0.36338842 -0.97 -0.77666667 -0.77666667 -0.26 -0.26005399 -0.77662965 -0.71333333 -0.71333333 -0.48772846 -0.38666667 -0.38666667 -0.12033259 -0.12 -0.12000072 -0.94607824 -0.94666298 -0.94666666 -0.94666667 -0.94666665 -0.64062835 -0.03 -0.03 -0.03 -0.03
0.21000102 -0.14333333 0.78841866 -0.4 -0.86333333 -1.4966667 -0.81666666 -0.86666667 -0.86666667 -0.86666667 -0.57 -0.82333333 -0.010000256 -0.55 -1.5699969 -1.57 -1.2233333 -1.3966667 -0.71 -0.71 -1.1866665 -1.0333333 -1.0333333 -0.13 -0.14666667 -0.14666667 -0.78333333 -0.78333333 -0.36333333 -0.36333333 -0.77539067 -0.26 -0.26 -0.77666667 -0.77666667 -0.79502934 -0.71333333 -0.71333333 -0.65333541 -0.12000074 -0.12 -0.12 -0.12000579 -0.94666812 -0.94666667 -0.94666667 -0.94666667 -0.94666656 -0.76 -0.030144666 -0.03 -0.03 -0.03
0.21 0.60666667 0.79333333 -1.02 -1.3166497 -1.34 -1.1733333 -1.1133333 -1.46 -1.29 -1.29 -0.97333333 -0.01 -0.01 -1.559297 -1.7794741 -1.8 -1.0566667 -0.78999992 -0.71 -0.6547181 -0.67 -0.80666667 0.21 0.20999669 -0.046666667 -0.36333333 -0.36333348 -0.36333333 -0.36333334 -0.77666667 -1.0472776 -0.62 -0.77666667 -0.7924484 -0.86333333 -0.86333333 -0.65333333 -0.65333333 -0.12 -0.12 -0.12000001 -1.2020844 -1.2066667 -0.94666667 -0.94666667 -0.94666667 -0.76000711 -0.76 -0.76 -0.03 -0.03 -0.03
0.16820876 0.60666667 0.69666667 0.31333333 -1.0266667 -1.2666667 -1.4666667 -1.3666667 -1.44 -0.97216993 -0.87333333 -0.85 -0.85 -0.77333333 -0.7733343 -1.4376793 -1.4366667 -1.4366667 -1.0159596 -0.74999995 -0.49 -0.49 -0.64333333 -0.74229968 -0.020801444 -0.046666667 -0.20333333 -0.36333333 -0.90350936 -0.90666667 -1.1666667 -0.90333333 -1.126618 -1.5766667 -1.33 -1.6 -1.2833333 -0.92 -0.82004618 -0.1212201 -0.39333333 -0.61666667 -1.2065543 -1.2066667 -1.2052032 -0.94666667 -1.1933333 -0.76 -0.76 -0.76 -0.76 0.05134486 0.35666667
-2.2833333 -2.2833333 0.82666667 -0.06 -1.1066667 -1.1666667 -0.90666667 -1.2833333 -1.3666667 -0.85333416 -1.0466667 0.14333333 -0.77333333 -0.77333333 -0.87666667 -0.88434732 -1.4366667 -1.4365858 -1.01 -0.75 -0.75 -0.71650329 -0.64333333 -0.6466666 -0.64666667 -0.64666667 -0.20333333 -0.20666667 -0.20666667 -0.90666667 -0.90666667 -0.90417417 -1.3466667 -1.5766667 -1.0033333 -1.6 -1.2833333 -0.83 -0.82 -0.63635865 -0.61666666 -0.57993273 -0.51666667 -1.2066667 -1.2066667 -1.1933333 -1.1933333 -1.1933333 -0.76 -0.76 0.62333333 0.62333333 0.62333323
-2.2833333 -2.2833333 -0.11 -1.1433333 -0.81333333 -0.54333333 -0.95333333 -0.69695749 -0.98666667 -0.78 -0.99333333 -0.46 0.14252876 -0.87666667 -0.87666667 -0.87676434 -1.7233333 -1.6858943 -1.01 -1.0466667 -1.0466667 -1.18 -1.18 -0.64666667 -0.64666667 -0.64666667 -0.20666667 -0.20666667 -0.20666667 -2.35 -2.35 -2.3499983 -1.2633333 -1.2633333 -1.8233333 -2.0133333 -1.25 -1.9899999 -1.0333333 -0.63333333 -0.63333333 -0.45333354 -0.51666667 -1.2066667 -0.7966666 -0.59666667 -0.4034167 -0.4 0.086666667 0.086666667 0.62333333 0.62333333 0.62333333
-2.2833333 -1.3450921 -0.55096019 -0.80332713 0.3 -1.2266667 -0.95333333 -0.69666667 -0.98666424 -0.78228962 -0.46000042 -0.46 -0.75 -0.87666667 -0.87666667 -1.7233333 -1.7233333 -1.7232927 -1.01 -1.0466667 -1.0728506 -1.18 -1.18 -0.64668824 -0.64666667 -0.77596303 -1.04 -1.04 -1.0399999 -2.35 -2.35 -1.8533333 -1.8533333 -1.2633349 -1.8233333 -1.6066668 -1.3675931 -1.99 -1.99 -0.63333333 -0.45333333 -0.45333333 -0.45333583 -0.79666667 -0.79666667 -0.59666667 -0.4 -0.4 0.086666667 0.086666667 0.62333333 0.62333333 0.62333333
-2.3733333 -0.92286489 -0.97667155 -0.97539433 0.29999213 -1.2266306 -0.95333334 -0.69982609 -0.9666827 -0.98127005 -0.75 -0.75 -0.75 -0.75 -0.87664872 -1.7233333 -1.7233333 -1.7141231 -1.01 -1.0467349 -1.2833333 -1.2833333 -1.2833333 -1.2833333 -0.65776735 -1.04 -1.04 -1.04 -1.04 -1.0408619 -1.8533333 -1.8533333 -1.8533333 -1.8533333 -1.6066667 -1.6066667 -1.6066667 -1.9715091 -1.9833407 -1.1033333 -1.1033333 -0.4533683 -0.21668652 -0.7966108 -0.79666667 -0.59666667 -0.4 -0.4 0.086666668 0.086666667 0.62138636 0.62333333 0.27388353
-2.3733333 -0.97666667 -0.97666667 -0.97666667 -0.97666667 -0.97666676 -0.95403281 -0.83192585 -0.91336731 -0.75024973 -0.75 -0.75 -0.75 -0.75 -0.75000013 -1.7233333 -1.7233332 -1.6744035 -1.0100108 -1.2833333 -1.2833333 -1.2833333 -1.2833333 -1.2833333 -1.2951496 -1.3228517 -1.3933333 -1.3933333 -1.3933333 -1.3933333 -1.8533333 -1.8533333 -1.8533331 -1.6833333 -1.6833333 -1.6066667 -1.2501964 -1.24 -1.1033334 -1.1033333 -1.1033333 -1.1033333 -0.21666667 -0.21666667 -0.21666667 -0.21931112 0.29540471 0.3 0.3 0.3 0.3 0.43666671 0.43666667
-1.5166667 -0.97666667 -0.97666667 -0.97666667 -0.97666667 -0.97666667 -0.97666667 -0.91739344 -0.91982599 -0.92 -0.92 -0.92 -0.92 -0.92 -0.92 -0.50534051 -1.7038033 -1.6256539 -1.2832992 -1.2833333 -1.2833333 -1.2833333 -1.2833333 -1.2833328 -1.83 -1.83 -1.8299994 -1.3933333 -1.3933333 -1.3943813 -1.9166667 -1.9166667 -1.6833333 -1.6833333 -1.6833333 -1.3110171 -1.24 -1.24 -1.24 -1.1033333 -1.1033333 -1.1033333 -0.21666667 -0.21666667 -0.21666667 -0.21666667 0.3 0.3 0.3 0.3 0.3 0.43666667 0.43666667
-1.5166667 -1.3156308 -0.97666667 -0.97666667 -0.97666667 -0.97666667 -0.97666667 -0.97666667 -0.97666667 -0.92 -0.92 -0.92 -0.92 -0.92 -0.8266097 -0.49666667 -0.49666667 -0.49666667 -0.8646116 -0.86333376 -0.86333333 -0.86333333 -0.86333333 -0.86333333 -1.83 -1.83 -1.83 -1.83 -1.3933333 -1.9166667 -1.9166667 -1.9166667 -1.6833334 -1.6833333 -1.6833333 -1.0966667 -1.2398102 -1.24 -1.24 -1.1031517 -0.74033954 0.10637361 -0.21666667 -0.21666667 0.34492819 0.34666667 0.34666667 0.30029022 0.4760493 0.47666665 0.47666663 0.28335659 0.43666635
-1.5166667 -1.4420589 -1.2111347 -0.97666667 -0.97666667 -0.97666667 -0.97666667 -0.97666667 -0.97666667 -0.97625831 -0.92 -0.92 -0.92 -0.91999995 -0.49666667 -0.49666667 -0.49666667 -0.49666667 -0.8630058 -0.86333333 -0.86333333 -0.86333333 -0.86333333 -0.86333333 -1.83 -1.83 -1.83 -1.83 -1.8303152 -1.9166667 -1.9166667 -1.9166667 -1.8533333 -1.6832778 -1.0966667 -1.0966667 -1.0966667 -1.0890925 0.024520824 0.11 0.11 0.11 -0.073333333 -0.073333333 0.34666667 0.34666667 0.34666667 0.47666667 0.47666667 0.47666667 0.47666667 0.28333333 0.28333333
-1.4399361 -1.44 -1.44 -1.44 -1.07 -0.97666907 -0.97666667 -0.97666667 -0.97666667 -0.97666667 -0.89552104 -0.91999579 -0.91999999 -0.49666667 -0.49666667 -0.49666667 -0.49666667 -0.49666667 -0.50394768 -0.86333333 -0.86333333 -0.86333333 -0.86333333 -0.86333333 -1.2681621 -1.1833368 -1.1833333 -1.1833333 -1.1833333 -1.9166667 -1.8533333 -1.8533333 -1.8533333 -1.8533333 -1.0966667 -1.0966485 -0.40666667 -0.40666667 0.10354865 0.11 0.11 0.11 -0.073333333 -0.073333333 0.28163621 0.34666667 0.34666667 0.47666667 0.47666667 0.47666667 0.47459363 0.28333333 0.28333333
-1.44 -1.44 -1.44 -1.2657615 -1.07 -1.07 -0.97666667 -0.97666667 -0.97666667 -0.97666667 -0.59666667 -0.59666667 -0.59666667 -0.49666667 -0.49666667 -0.49666667 -0.49666667 -0.49654493 -0.15666667 -0.15666667 -0.86333305 -0.86333333 -0.87542508 -1.36 -1.3584095 -1.1833333 -1.1833333 -1.1833333 -1.1833333 -1.8532651 -1.8533333 -1.8533333 -1.8533333 -1.8533333 -0.40666909 -0.40666667 -0.40666667 -0.40666667 -0.40482247 0.11 0.11 0.11 -0.073333333 -0.073333333 -0.073333333 0.34666667 0.34666667 0.47666665 0.47666667 0.47666666 0.28333333 0.28333333 0.28333333
-1.44 -1.44 -1.44 -1.07 -1.07 -1.07 -1.0699999 -0.97666667 -0.97666667 -0.59705894 -0.59666667 -0.59666667 -0.59666667 -0.59660435 0.099607843 0.24 0.24 0.24 -0.15666667 -0.15666667 -0.15666667 -1.36 -1.36 -1.36 -1.3595341 -0.40354053 -1.1833333 -1.1833333 -1.1833333 -0.745369 -0.51013212 -0.51 -0.51 -0.51 -0.21164501 0.063332266 0.063333333 0.063333333 0.063333333 -0.053310985 -0.053333333 -0.053333333 -0.073333333 -0.073333333 -0.54999801 -0.5500001 -0.83333333 -0.83333333 -0.61666667 -0.61666667 -0.61666667 0.28333333 -0.63584408
-1.4399987 -1.44 -1.44 -1.07 -1.07 -1.07 -1.07 -0.72333341 -0.97565374 -0.59692963 -0.59666667 -0.59666667 -0.59666667 -0.5950249 0.24 0.24 0.24 0.23999989 -0.15666667 -0.15666667 -0.15666667 -1.36 -1.36 -1.36 0.30333333 0.30333333 0.033333337 0.033333333 0.033333333 0.030369279 -0.51 -0.51 -0.51 -0.51 -0.22349075 0.063333333 0.063333333 0.063333333 0.063333333 -0.053333333 -0.053333333 -0.053333333 -0.068960367 -0.55 -0.55 -0.55 -0.83333333 -0.83333333 -0.61666667 -0.61666667 -0.61666667 -0.63666667 -0.63666667
-1.0366667 -1.2163322 -1.04 -1.0400087 -1.07 -0.72533913 -0.72333333 -0.72333333 -0.76705877 -0.88666667 -0.88666667 -0.88666667 -0.88666667 0.60328483 0.60333333 0.24000028 0.24 0.22954842 -0.15666667 -0.15666667 -0.15666667 0.05 0.05 0.05 0.30333333 0.30333333 0.033333333 0.033333333 0.033333333 0.03333336 0.069996314 0.069998371 -0.49542257 -0.5093782 0.03604564 0.036666667 0.036666667 0.036666667 0.036666667 -0.053333333 -0.053333333 -0.053333333 -0.52265199 -0.55 -0.55 -0.55000003 -0.83333333 -0.83333333 -0.83332553 -0.61666667 -0.61669156 -1.1733333 -0.63666667
-0.89002785 -0.89000003 -1.04 -1.04 -1.04 -0.72333333 -0.72333333 -0.72333333 -0.84333333 -0.84333333 -0.88666667 -0.88666667 -0.88666667 0.60333333 0.60333333 0.60333333 0.60333333 0.60324761 -0.15666667 -0.15666667 -0.15666666 0.05 0.05 0.05 0.30333333 0.30333333 0.033333333 0.033333333 0.033333333 0.069586581 0.07 0.07 0.07 0.07 0.036683115 0.036666667 0.036666667 0.036666667 0.036666667 -0.069999996 -0.07 -0.07 -0.07 -0.55000151 -0.74666667 -0.74666667 -0.74666667 -1.13 -1.13 -1.13 -1.1733333 -1.1733333 -1.1733333
-0.89 -0.89 -1.04 -1.04 -1.04 -0.72499779 -0.72333333 -0.84333333 -0.84333333 -0.84333333 -0.88666133 -0.88666667 -0.54075053 0.60333309 0.60333333 0.60333333 0.60333333 -0.056666665 -0.056666667 -0.056666667 0.52666666 0.52666631 0.050002322 0.05 0.050442651 0.67666667 0.67666667 0.67666513 0.0334373 0.56656769 0.56666402 0.56657996 0.070848855 0.070428618 0.042928106 0.036666861 0.03835345 0.54 0.54 -0.07 -0.07 -0.07 -0.07 -0.74666667 -0.74666667 -0.74666667 -0.74666667 -1.13 -1.13 -1.13 -1.1733333 -1.1733333 -1.1733333
-0.89 -0.89 -1.04 -1.04 -1.04 -1.04 -0.76824583 -0.84333333 -0.84333333 -0.84333333 -0.84312343 -0.46333333 -0.46333333 -0.46333333 0.59704722 0.60333333 -0.05226859 -0.056666667 -0.056666667 -0.056666667 0.52666667 0.52666667 0.52666667 0.52666667 0.67666667 0.67666667 0.67666667 0.67666667 0.67666667 0.56666667 0.56666667 0.56666667 0.56666667 0.56666796 1.18 0.54 0.54 0.54 0.54 0.53999762 -0.11666667 -0.11666667 -0.11666667 -0.33035507 -0.77333333 -0.77333333 -0.77333333 -1.13 -1.1299993 -0.45666667 -0.45666667 -0.37019543 -0.37
-0.89 -0.89 -0.98586053 -1.04 -1.04 -1.04 -1.0063768 -0.84384807 -0.84333333 -0.84333333 -0.4633334 -0.46333333 -0.46333333 -0.46333333 -0.46333333 -0.37584161 -0.056666667 -0.056666667 -0.056666667 -0.056666667 0.52666215 0.52666667 0.52666667 0.52666667 0.67666667 0.67666667 0.67666667 0.67666667 0.67666667 0.94599763 0.56666667 0.56666667 0.56666667 1.18 1.18 1.179503 0.54 0.54 0.92268939 1.2199999 -0.11666667 -0.11666667 -0.11666667 -0.32588861 -0.77333333 -0.77333333 -0.77333333 0.16666667 -0.44889999 -0.45666667 -0.45666667 -0.37 -0.37
-0.27666667 -0.27666667 -0.27666667 -0.84861135 -1.039372 -1.0066667 -1.0066667 -1.0066667 -1.0066667 -0.80333333 -0.80333333 -0.46333336 -0.46333333 -0.46333333 -0.46333333 -0.46330755 -0.056666667 -0.056666667 -0.056666667 -0.056666667 0.27211892 0.52666667 0.52666667 0.54742853 1.2913531 0.67666667 0.67666667 0.67666667 1.08 1.08 1.08 1.0799978 1.18 1.18 1.18 1.18 1.22 1.22 1.22 1.22 0.14666667 0.14666667 0.14666667 -0.27999142 -0.28 -0.28 -0.28000016 0.16666667 0.16666667 -0.45590717 -0.45666667 -0.3699944 -0.37
-0.27666667 -0.27666667 -0.27666667 -0.27668444 -0.60666667 -0.66483324 -1.0066667 -1.0066667 -1.0066667 -0.80333333 -0.80333333 -0.80333333 -0.096666685 -0.096666667 -0.096666667 -0.096666688 -0.058022216 -0.056666667 -0.056666667 -0.056666667 -0.047777948 1.3199978 1.32 1.32 1.32 1.32 1.6766667 1.6766667 1.08 1.08 1.08 1.08 1.1800003 1.18 1.18 1.1800282 1.22 1.22 1.22 1.218216 0.14666667 0.14666667 0.14666667 -0.27998021 -0.28 -0.28 -0.28 0.16666667 0.16666667 0.16666674 0.74 0.74 0.32666667
-0.27666667 -0.27666667 -0.27666667 -0.60666591 -0.60666667 -0.60666667 -1.0066665 -1.0066667 -1.0066667 -0.80333333 -0.80333333 -0.80333333 -0.096666667 -0.096666667 -0.096666667 -0.14997835 -0.79666667 -0.79666667 -0.79666476 -0.060846368 1.32 1.32 1.32 1.32 1.32 1.3202684 1.6766667 1.6766667 1.6766667 1.08 1.08 1.0799957 1.5266667 1.5266667 1.5266667 0.75333334 0.75333333 0.81333333 0.81333333 0.81333333 0.3 0.14671476 0.14666682 0.16666667 0.16666667 0.14973851 -0.27999806 0.16666667 0.16666667 0.74 0.74 0.74 0.32666667
-0.27666667 -0.27666667 -0.27666667 -0.60666667 -0.60666667 -0.60666667 -0.60666667 -1.0066667 -1.0066667 -0.80333333 -0.80333333 -0.12492314 -0.096666667 -0.096666667 -0.096666667 -0.79666667 -0.79666667 -0.79666667 -0.79666667 -0.79666667 1.32 1.32 1.32 1.32 1.32 1.6766654 1.6766667 1.6766667 1.6766667 1.0733333 1.0733333 1.0733333 1.5266667 1.5266667 1.5266667 0.75333333 0.75333333 0.81333333 0.81333333 0.3 0.3 0.3 0.16666667 0.16666667 0.16666667 0.16666667 0.1995256 0.56666667 0.56666667 0.56666667 0.74 0.48666667 0.48666667
