interpolatedSpi/04-08|21_3.tif
NCOLS 53
NROWS 52
XLLCORNER -116.03883
YLLCORNER 28.596182
DX 0.49850594
DY 0.49788537
NODATA_VALUE -9999
-1.064 -1.064 -1.1597487 -1.314 -1.058 -1.636 -1.44 -1.292 -1.0826301 -1.188 -1.558 -1.014 -1.6059743 -1.294 -1.684 -1.684 -1.684 -0.44 -0.742 -0.742 -0.742 -0.7419968 -0.41000001 -1.11 -1.11 -1.11 -0.20000773 -0.2 -0.2 -0.352 -0.352 -0.352 -0.352 -0.71599993 -0.716 -0.716 -0.716 -0.716 -0.716 -0.716 -0.71006442 -0.71001841 -0.782 -0.782 -0.782 -0.782 -0.7810592 -0.206 -0.206 -0.206 0.92599765 0.926 0.926 
-1.0640257 -1.642 -1.4699992 -1.4712831 -1.6978876 -1.024 -1.12 -1.1059598 -1.288 -1.524 -1.314 -1.606 -1.606 -0.94317373 -1.2939992 -1.684 -0.44 -0.44 -0.74160623 -0.742 -0.742 -0.742 -1.1267386 -1.11 -1.11 -1.11 -1.03 -1.03 -0.352 -0.352 -0.352 -0.352 -0.352 -0.71599995 -0.716 -0.716 -0.716 -0.716 -0.71600003 -0.80837558 -1.2839628 -0.84291356 -0.782 -0.782 -0.782 -0.782 -0.782 -0.206 -0.206 -0.206 -0.11213348 0.926 0.926 
-1.6079737 -1.608 -0.746 -0.884 -0.824 -1.112 -0.458 -0.734 -1.168 -1.082 -1.114 -1.39 -0.822 -1.552 -0.942 -1.756 -0.44 -0.44 -0.44 -1.1118924 -1.112 -1.112 -1.428 -1.11 -1.11 -1.11 -1.03 -1.03 -1.03 -0.352 -0.352 -0.35200001 -0.48390362 -0.71663959 -0.71933222 -1.0707195 -1.074 -1.074 -1.1004125 -1.284 -1.284 -1.2833581 -0.782 -0.782 -0.782 -0.782 -0.782 -0.206 -0.206 -0.206 -0.206 0.926 0.926 
-0.018 -1.6079999 -0.99598009 -0.212 -0.776 -0.864 -0.484 -0.614 -0.752 -1.0083619 -1.168 -1.328 -1.354 -1.552 -1.378 -1.756 -1.926684 -1.9269574 -1.784 -1.112 -1.112 -1.7 -1.428 -1.428 -1.11 -1.1099996 -1.03 -1.03 -1.03 -0.886 -0.74334379 -0.626 -0.626 -0.62600035 -1.074 -1.074 -1.074 -1.074 -1.284 -1.284 -1.284 -1.284 -0.782 -0.782 -0.782 -0.782 -0.782 -0.20600727 -0.206 -0.206 -0.206 0.92594245 0.926 
-0.018 0.48399729 -0.996 -1.3089971 -0.776 -0.644 -1.10199 -0.726 -0.872 -1.0340001 -1.2660547 -1.3779771 -1.218 -1.378 -1.378 -1.6336215 -1.928 -1.928 -1.784 -1.784 -1.1120011 -1.7 -1.476 -0.922 -0.726 -0.72589717 -1.03 -1.03 -0.886 -0.886 -0.626 -0.626 -0.626 -0.61430844 -1.074 -1.074 -1.074 -1.284 -1.284 -1.284 -1.284 -1.2839656 -0.782 -0.782 -0.782 -0.782 -0.782 -0.77687289 -0.206 -0.20602825 -0.836 -0.836 -0.836 
-1.624 -0.478 -0.898 -0.908 -1.53 -1.168 -1.354 -1.273598 -1.002 -0.4 -0.61 -0.278 -0.27800062 -1.3 -1.3 -1.6999585 -1.7 -1.626 -1.626 -1.7839992 -1.378 -1.378 -0.922 -0.726 -0.726 -0.286 -0.488 -0.488 -0.42804149 -0.886 -0.626 -0.626 -0.564 -0.56398997 -0.46800713 -1.376 -1.376 -1.3124623 -1.284 -1.284 -0.92844401 -0.928 -0.92799947 -1.4716078 -1.4839224 -1.4839998 -1.484 -1.4839997 -0.94271349 -0.836 -0.836 -0.836 -0.836 
-0.27799615 -0.466 0.23454853 -0.774 -1.334 -1.67 -1.084 -0.864 -0.684 -0.684 -0.61 -1.088 -0.95200006 -1.3 -1.5279993 -1.528 -1.7 -1.214 -0.82 -0.82 -1.3082528 -1.23 -1.23 -0.19800001 -0.286 -0.286 -0.488 -0.488 -0.42799569 -0.4279206 -0.42577809 -0.564 -0.564 -0.468 -0.468 -1.4043213 -1.376 -1.376 -1.3560007 -0.9280006 -0.928 -0.928 -0.92799726 -1.4839977 -1.484 -1.484 -1.484 -1.4839997 -0.986 -0.83602973 -0.836 -0.836 -0.836 
-0.278 0.136 0.4 -1.248 -1.4659875 -1.334 -0.894 -1.524 -1.508 -1.044 -1.044 -1.18 -0.952 -0.952 -1.5240481 -1.591753 -1.598 -1.05 -1.1999996 -0.82 -0.16279196 -0.156 -0.218 0.274 0.27399974 0.254 -0.364 -0.36400004 -0.35425931 -0.354 -0.426 -1.1826623 -1.092 -0.468 -0.4883071 -1.428 -1.428 -1.356 -1.356 -0.928 -0.928 -0.928 -1.0620238 -1.064 -1.484 -1.484 -1.484 -0.98601896 -0.986 -0.986 -0.836 -0.836 -0.836 
-0.067602254 0.136 0.52 -0.068 -0.682 -1.242 -1.268 -1.366 -1.436 -1.2430201 -1.064 -0.954 -0.954 -1.064 -1.0640009 -1.2629365 -1.262 -1.262 -1.0728977 -0.68399991 -0.236 -0.236 -0.332 -0.26292552 0.25601547 0.254 -0.344 -0.364 -0.54693078 -0.548 -1.208 -0.436 -0.53774028 -1.186 -1.18 -1.262 -1.244 -1.25 -1.1000693 -0.92697333 -0.698 -0.766 -1.0639251 -1.064 -1.066364 -1.484 -1.184 -0.986 -0.986 -0.986 -0.986 -0.81906698 -0.14 
-1.206 -1.206 0.73 -0.046 -0.678 -1.224 -1.522 -1.454 -1.42 -1.1940361 -1.376 -0.228 -1.064 -1.064 -1.162 -1.1633715 -1.262 -1.2619723 -1.128 -0.684 -0.684 -0.62628257 -0.332 -0.27200114 -0.272 -0.272 -0.344 0.33 0.33 -0.548 -0.548 -0.43638312 -0.638 -1.186 -0.522 -1.262 -1.244 -1.042 -1.1 -1.0134262 -0.766 -0.70649102 -0.604 -1.064 -1.064 -1.184 -1.184 -1.184 -0.986 -0.986 -0.7 -0.7 -0.69999979 
-1.206 -1.206 -0.22 -1.044 -1.11 -0.388 -1.022 -1.3180686 -1.314 -1.192 -1.1 -0.9 -0.22889587 -1.162 -1.162 -1.1620102 -1.25 -1.2435969 -1.128 -1.392 -1.392 -0.764 -0.764 -0.272 -0.272 -0.272 0.33 0.33 0.33 -0.984 -0.984 -0.98399943 -0.888 -0.888 -1.326 -1.868 -1.198 -2.0019889 -1.47 -1.012 -1.012 -0.92599894 -0.604 -1.064 -1.4679999 -1.436 -0.73195527 -0.73 -0.8 -0.8 -0.7 -0.7 -0.7 
-1.206 -0.78044712 -0.57163019 -1.1419888 -0.16 -1.214 -1.022 -1.318 -1.314 -1.1933516 -0.90000038 -0.9 -1.018 -1.162 -1.162 -1.25 -1.25 -1.2499931 -1.128 -1.392 -1.2686736 -0.764 -0.764 -0.27202032 -0.272 -0.37127331 -0.574 -0.574 -0.57399989 -0.984 -0.984 -1.398 -1.398 -0.8880012 -1.326 -1.3800002 -1.1175025 -2.002 -2.002 -1.012 -0.926 -0.926 -0.92600387 -1.468 -1.468 -1.436 -0.73 -0.73 -0.8 -0.8 -0.7 -0.7 -0.7 
-2.522 -1.0994516 -1.1619947 -1.1618399 -0.16000552 -1.2139751 -1.022 -1.3143564 -1.3142756 -1.3108143 -1.018 -1.018 -1.018 -1.018 -1.1619796 -1.25 -1.25 -1.2484248 -1.128 -1.3919728 -1.304 -1.304 -1.304 -1.304 -0.28970968 -0.574 -0.574 -0.574 -0.574 -0.5743675 -1.398 -1.398 -1.398 -1.398 -1.38 -1.38 -1.38 -1.9704855 -1.9994164 -1.658 -1.658 -0.92603937 -1.3920026 -1.4679927 -1.468 -1.436 -0.73 -0.73 -0.8 -0.8 -0.70036279 -0.7 -0.18280172 
-2.522 -1.162 -1.162 -1.162 -1.162 -1.162 -1.0224913 -1.1620557 -1.315011 -1.0183158 -1.018 -1.018 -1.018 -1.018 -1.0180002 -1.25 -1.25 -1.2416316 -1.1280023 -1.304 -1.304 -1.304 -1.304 -1.304 -1.2988524 -0.89337635 -1.0379999 -1.038 -1.038 -1.038 -1.398 -1.398 -1.398 -1.434 -1.434 -1.38 -1.3858332 -1.386 -1.6579998 -1.658 -1.658 -1.658 -1.392 -1.392 -1.392 -1.3923062 -1.1831797 -1.186 -1.186 -1.186 -1.186 -0.42000006 -0.42 
-2.044 -1.162 -1.162 -1.162 -1.162 -1.162 -1.162 -1.2043714 -1.2723168 -1.272 -1.272 -1.272 -1.272 -1.272 -1.272 -1.4150392 -1.2526552 -1.2332942 -1.3039779 -1.304 -1.304 -1.304 -1.304 -1.304 -1.066 -1.066 -1.066 -1.038 -1.038 -1.0379319 -1.004 -1.004 -1.434 -1.434 -1.434 -1.393689 -1.386 -1.386 -1.386 -1.658 -1.658 -1.658 -1.392 -1.392 -1.392 -1.392 -1.186 -1.186 -1.186 -1.186 -1.186 -0.42 -0.42 
-2.044 -1.7156414 -1.162 -1.162 -1.162 -1.162 -1.4859364 -1.486 -1.486 -1.272 -1.272 -1.272 -1.272 -1.272 -1.3042086 -1.418 -1.418 -1.418 -1.3319149 -1.332 -1.332 -1.332 -1.332 -1.332 -1.066 -1.066 -1.066 -1.066 -1.038 -1.004 -1.004 -1.004 -1.434 -1.434 -1.434 -1.154 -1.3856928 -1.386 -1.386 -1.6578786 -1.4156717 -0.85042091 -1.392 -1.392 -1.090932 -1.09 -1.09 -1.1847455 -0.42466983 -0.42200007 -0.42200014 0.33988478 -0.41999845 
-2.044 -1.7481646 -1.4544946 -1.162 -1.162 -1.4858086 -1.486 -1.486 -1.486 -1.4844579 -1.272 -1.272 -1.272 -1.272 -1.418 -1.418 -1.418 -1.418 -1.3320768 -1.332 -1.332 -1.332 -1.332 -1.332 -1.066 -1.066 -1.066 -1.066 -1.0657745 -1.004 -1.004 -1.004 -1.168 -1.4339651 -1.154 -1.154 -1.154 -1.1506975 -0.88205861 -0.848 -0.848 -0.848 -1.186 -1.186 -1.09 -1.09 -1.09 -0.42200001 -0.422 -0.422 -0.422 0.34 0.34 
-1.7401689 -1.74 -1.74 -1.74 -1.36 -1.4859967 -1.486 -1.486 -1.486 -1.486 -1.2713944 -1.2719999 -1.272 -1.418 -1.418 -1.418 -1.418 -1.418 -1.392067 -1.332 -1.332 -1.332 -1.332 -1.332 -1.1173108 -0.9740005 -0.974 -0.974 -0.974 -1.004 -1.168 -1.168 -1.168 -1.168 -1.154 -1.153992 -0.852 -0.852 -0.84804995 -0.848 -0.848 -0.848 -1.186 -1.186 -1.1048641 -1.09 -1.09 -0.422 -0.422 -0.422 -0.41382938 0.34 0.34 
-1.74 -1.74 -1.74 -1.5610523 -1.36 -1.36 -1.486 -1.486 -1.486 -1.486 -1.264 -1.264 -1.264 -1.418 -1.418 -1.418 -1.418 -1.4178533 -1.114 -1.114 -1.3319999 -1.332 -1.3361875 -1.504 -1.4992286 -0.974 -0.974 -0.974 -0.974 -1.1679802 -1.168 -1.168 -1.168 -1.168 -0.85200106 -0.852 -0.852 -0.852 -0.85199306 -0.848 -0.848 -0.848 -1.186 -1.186 -1.186 -1.09 -1.09 -0.42200001 -0.422 -0.422 0.34 0.34 0.34 
-1.74 -1.74 -1.74 -1.36 -1.36 -1.36 -1.3600002 -1.486 -1.486 -1.2642292 -1.264 -1.264 -1.264 -1.2640959 -0.6992329 -0.53 -0.53 -0.53 -1.114 -1.114 -1.114 -1.504 -1.504 -1.504 -1.5036414 -0.58060677 -0.974 -0.974 -0.974 -1.1293361 -1.1260041 -1.126 -1.126 -1.126 -0.90384931 -0.97599972 -0.976 -0.976 -0.976 -0.86799726 -0.868 -0.868 -1.186 -1.186 -1.1160003 -1.1159999 -0.726 -0.726 -0.27 -0.27 -0.27 0.34 0.28604828 
-1.7399969 -1.74 -1.74 -1.36 -1.36 -1.36 -1.36 -0.94000016 -1.4838169 -1.2636935 -1.264 -1.264 -1.264 -1.2625597 -0.53 -0.53 -0.53 -0.53000017 -1.114 -1.114 -1.114 -1.504 -1.504 -1.504 -0.224 -0.224 -0.68799999 -0.688 -0.688 -0.69038943 -1.126 -1.126 -1.126 -1.126 -1.0510412 -0.976 -0.976 -0.976 -0.976 -0.868 -0.868 -0.868 -0.87580303 -1.116 -1.116 -1.116 -0.726 -0.726 -0.27 -0.27 -0.27 0.28599998 0.286 
-0.746 -1.2090024 -1.232 -1.2320371 -1.36 -0.94243011 -0.94 -0.94 -0.95384639 -0.926 -0.926 -0.926 -0.926 0.039968553 0.039999997 -0.52999956 -0.53 -0.54538754 -1.114 -1.114 -1.114 -0.346 -0.346 -0.346 -0.224 -0.224 -0.688 -0.688 -0.688 -0.68800005 -0.75800234 -0.75800103 -1.1167509 -1.1256055 -0.97616964 -0.976 -0.976 -0.976 -0.976 -0.868 -0.868 -0.868 -1.1023442 -1.116 -1.116 -1.116 -0.726 -0.726 -0.72598359 -0.27 -0.27003076 -0.958 0.286 
-1.0939339 -1.094 -1.232 -1.232 -1.232 -0.94 -0.94 -0.94 -0.978 -0.978 -0.926 -0.926 -0.926 0.04 0.04 0.04 0.04 0.039869768 -1.114 -1.114 -1.114 -0.346 -0.346 -0.346 -0.224 -0.224 -0.688 -0.688 -0.688 -0.75721074 -0.758 -0.758 -0.758 -0.758 -0.97589243 -0.976 -0.976 -0.976 -0.976 -0.65600006 -0.656 -0.656 -0.656 -1.1159989 -0.97 -0.97 -0.97 -1.168 -1.168 -1.168 -0.958 -0.958 -0.958 
-1.094 -1.094 -1.232 -1.232 -1.232 -0.9415348 -0.94 -0.978 -0.978 -0.978 -0.9260064 -0.926 -0.69230233 0.039999845 0.04 0.04 0.04 -0.404 -0.404 -0.404 -0.36 -0.35999999 -0.34600007 -0.346 -0.34603807 -0.468 -0.468 -0.46800052 -0.68796445 -0.25610004 -0.25600267 -0.25608764 -0.75714203 -0.75756678 -0.93684648 -0.97599973 -0.97368765 -0.286 -0.286 -0.656 -0.656 -0.656 -0.656 -0.97 -0.97 -0.97 -0.97 -1.168 -1.168 -1.168 -0.958 -0.958 -0.958 
-1.094 -1.094 -1.232 -1.232 -1.232 -1.232 -0.95422229 -0.978 -0.978 -0.978 -0.97781329 -0.64 -0.64 -0.64 0.035992603 0.04 -0.40104129 -0.404 -0.404 -0.404 -0.36 -0.36 -0.36 -0.36 -0.468 -0.468 -0.468 -0.468 -0.468 -0.256 -0.256 -0.256 -0.256 -0.25599986 -0.19 -0.286 -0.286 -0.286 -0.286 -0.28600103 -0.554 -0.554 -0.554 -0.74404075 -1.138 -1.138 -1.138 -1.168 -1.1679995 -0.624 -0.624 -0.41613186 -0.416 
-1.094 -1.094 -1.1821917 -1.232 -1.232 -1.232 -0.96602129 -0.97796218 -0.978 -0.978 -0.63999998 -0.64 -0.64 -0.64 -0.64 -0.58422748 -0.404 -0.404 -0.404 -0.404 -0.36000034 -0.36 -0.36 -0.36 -0.468 -0.468 -0.468 -0.468 -0.468 -0.13185532 -0.256 -0.256 -0.256 -0.19 -0.19 -0.19007455 -0.286 -0.286 0.0088959422 0.23799995 -0.554 -0.554 -0.554 -0.73794275 -1.138 -1.138 -1.138 0.344 -0.61193881 -0.624 -0.624 -0.416 -0.416 
-0.52 -0.52 -0.52 -1.053482 -1.2310908 -0.966 -0.966 -0.966 -0.966 -0.548 -0.548 -0.63999999 -0.64 -0.64 -0.64 -0.63998502 -0.404 -0.404 -0.404 -0.404 -0.37920017 -0.36 -0.36 -0.33838323 0.42441003 -0.468 -0.468 -0.468 -0.088 -0.088 -0.088 -0.088000705 -0.19 -0.19 -0.19 -0.19 0.238 0.238 0.238 0.238 -0.258 -0.258 -0.258 -0.098003217 -0.098 -0.098 -0.098000329 0.344 0.344 -0.62282055 -0.624 -0.41599364 -0.416 
-0.52 -0.52 -0.52 -0.52000474 -0.608 -0.66005908 -0.966 -0.966 -0.966 -0.548 -0.548 -0.548 -0.15600002 -0.156 -0.156 -0.15600002 -0.40422715 -0.404 -0.404 -0.404 -0.40328771 0.46599773 0.466 0.466 0.466 0.46599999 0.37599999 0.376 -0.088 -0.088 -0.088 -0.088 -0.18999943 -0.19 -0.19 -0.18993565 0.23799999 0.238 0.238 0.23674537 -0.258 -0.258 -0.258 -0.09800742 -0.098 -0.098 -0.098 0.344 0.344 0.34400007 0.846 0.846 0.576 
-0.52 -0.52 -0.52 -0.6079998 -0.608 -0.608 -0.96599987 -0.966 -0.966 -0.548 -0.548 -0.548 -0.156 -0.156 -0.156 -0.18433135 -0.528 -0.528 -0.52799968 -0.40470038 0.466 0.466 0.466 0.466 0.466 0.46593227 0.376 0.376 0.376 -0.088 -0.088 -0.088028321 0.6 0.6 0.6 -0.22 -0.22 -0.048 -0.048 -0.048 -0.09 -0.2579473 -0.25799524 0.38 0.38 0.36188434 -0.097997988 0.344 0.344 0.846 0.846 0.846 0.576 
-0.52 -0.52 -0.52 -0.608 -0.608 -0.608 -0.608 -0.966 -0.966 -0.548 -0.548 -0.17167435 -0.156 -0.156 -0.156 -0.528 -0.528 -0.528 -0.528 -0.528 0.466 0.466 0.466 0.466 0.466 0.37600031 0.376 0.376 0.376 -0.132 -0.132 -0.132 0.6 0.6 0.6 -0.22 -0.22 -0.048 -0.048 -0.09 -0.09 -0.09 0.38 0.38 0.38 0.38 0.41253034 0.776 0.776 0.776 0.846 0.752 0.752 
-0.52 -0.52 -0.52012254 -0.608 -0.608 -0.608 -0.608 -0.4137896 -0.404 -0.40424723 -0.54799999 -0.1560129 -0.156 -0.156 -0.15600129 -0.528 -0.528 -0.528 -0.528 -0.528 0.2568725 0.466 0.466 0.466 0.46603213 0.37601384 0.376 0.376 0.376 -0.132 -0.132 -0.132 -0.13189096 0.6 -0.22 -0.22 -0.22 -0.21999273 -0.048002864 -0.09 -0.09 -0.09 0.37997147 0.38 0.38 0.38 0.77599944 0.776 0.776 0.776 0.752 0.752 0.752 
-0.654 -0.65399977 -0.60795534 -0.608 -0.608 -0.608 -0.40404341 -0.404 -0.404 -0.404 -0.31 -0.31 -0.31 -0.31 -0.52699382 -0.528 -0.528 -0.528 -0.528 0.24799954 0.248 0.248 0.62199997 0.622 0.622 0.622 0.60076704 0.376 0.28000393 0.28 0.28 0.28 0.28 0.044 0.044 0.044 0.044 0.044 0.52 0.52 0.52 0.52 0.52 0.72348144 0.724 0.724 0.724 0.776 0.776 0.776 0.75200378 0.752 0.752 
-0.654 -0.654 -0.64850764 0.0019987739 0.0019998644 0.0016037878 -0.404 -0.404 -0.404 -0.404 -0.31 -0.31 -0.31 -0.31 -0.31 -0.528 -0.528 -0.528 0.24799981 0.248 0.248 0.248 0.622 0.622 0.622 0.622 0.622 0.6219476 0.27992045 0.28 0.28 0.28 0.27996804 -0.12380288 0.043826247 0.044 0.044 0.043999996 0.52 0.52 0.52 0.52 0.52 0.724 0.724 0.724 0.724 0.74831622 0.776 0.083809851 0.076 -0.052 -0.052 
-0.654 -0.654 0.0019169052 0.002 0.002 0.002 -0.10112229 -0.404 -0.404 -0.404 -0.31 -0.31 -0.31 -0.31 -0.31 -0.52783297 -0.528 0.24777248 0.248 0.248 0.248 0.248 0.48344928 0.622 0.622 0.622 0.622 0.62161185 0.074 0.074 0.074 0.074 0.074 -0.252 -0.252 -0.252 -0.252 -0.252 0.24 0.24 0.24 0.24 0.24 0.72378513 0.72399996 0.724 0.72398508 0.72211181 0.076 0.076 0.076 -0.051999283 -0.052 
-0.65399941 -0.34219972 0.0019999529 0.002 0.002 0.002 0.002 -0.40382713 -0.404 -0.404 -0.31 -0.31 -0.31 -0.31 -0.38626751 -0.388 -0.388 0.24798363 0.248 0.248 0.248 0.248 0.248 0.622 0.622 0.622 0.622 -0.029999882 -0.029999952 -0.0078662727 0.074 0.074 0.074 -0.252 -0.252 -0.252 -0.252 -0.25195936 0.24 0.24 0.24 0.24 0.2400164 0.636 0.636 0.636 0.636 0.63595484 0.076 0.076 0.076 0.07600015 0.31649194 
-0.336 -0.336 -0.24598055 0.002 0.002 0.002 0.002 0.002 -0.4038261 -0.078000005 -0.078 -0.078 -0.078550583 -0.38799989 -0.388 -0.388 -0.388 -0.388 0.24799894 0.23897362 0.16 0.16 0.16 0.27599963 0.59350705 0.44104668 0.31223095 -0.03 -0.03 -0.03 -0.03 -0.03 -0.022773959 -0.18683723 -0.192 -0.192 -0.192 -0.192 0.28020066 0.45399962 0.454 0.454 0.454 0.49000043 0.63599996 0.636 0.636 0.562 0.076007785 0.076 0.076 0.322 0.322 
-0.336 -0.336 -0.15 -0.15 -0.15 0.0019493677 0.002 0.002 -0.078 -0.078 -0.078 -0.078 -0.078 -0.38799999 -0.388 -0.388 -0.388 -0.388 0.16 0.16 0.16 0.16 0.16 0.26599999 0.266 0.266 0.266 -0.029999999 -0.03 -0.03 -0.03 -0.03 0.268 0.268 -0.192 -0.192 -0.192 0.64585729 0.646 0.454 0.454 0.454 0.45400002 0.49 0.49 0.49 0.562 0.562 0.562 0.324 0.324 0.322 0.322 
-0.336 -0.336 -0.15 -0.15 -0.15 -0.15 -0.14999976 -0.106 -0.078026363 -0.078 -0.078 -0.078 -0.078 -0.38413303 -0.388 -0.388 -0.388 -0.388 0.15999999 0.16 0.16 0.16 0.16 0.266 0.266 0.266 0.266 0.26599883 -0.03 -0.03 -0.03 0.26798438 0.268 0.268 0.268 -0.192 0.64599999 0.646 0.646 0.64094812 0.58719534 0.612 0.612 0.49 0.49 0.49 0.562 0.562 0.562 0.324 0.324 0.324 0.38902301 
-0.602 -0.60199791 -0.15 -0.15 -0.15 -0.15 -0.106 -0.106 -0.106 -0.078 -0.078 -0.078 -0.078 -0.07809637 -0.388 -0.388 -0.388 -0.388 0.1599904 0.16 0.16 0.16 0.24732991 0.266 0.266 0.266 0.266 0.59399973 0.594 0.59399999 -0.023291668 0.268 0.268 0.268 0.26800024 0.522 0.646 0.646 0.646 0.646 0.612 0.612 0.612 0.634 0.634 0.634 0.39001675 0.562 0.562 0.324 0.324 0.324 0.39600199 
-0.602 -0.602 -0.15 -0.15 -0.15 -0.106 -0.106 -0.106 -0.106 -0.081053936 -0.077999999 -0.078 -0.077999999 -0.078000406 -0.15202716 -0.152 -0.152 -0.152 0.18075048 0.322 0.322 0.322 0.322 0.266 0.266 0.266 0.26602164 0.594 0.594 0.594 0.594 0.26808747 0.41086765 0.522 0.522 0.522 0.64547696 0.50600291 0.506 0.506 0.61208303 0.718 0.718 0.634 0.634 0.63399897 0.39 0.39 0.578 0.578 0.578 0.948 1.11 
-0.602 -0.602 -0.036 -0.036 -0.036 -0.106 -0.106 -0.106 -0.106 0.434 0.434 0.434 0.434 0.39270321 -0.152 -0.152 -0.152 -0.152 0.176 0.322 0.322 0.322 0.322 0.928 0.92799974 0.26600098 0.594 0.594 0.594 0.594 0.75499553 0.912 0.56840465 0.522 0.522 0.522 0.506 0.506 0.506 0.506 0.718 0.718 0.718 0.75198928 0.752 0.39162716 0.39 0.39 0.57800083 0.578 0.948 0.948 1.11 
-0.602 -0.036000003 -0.036 -0.036 -0.036 -0.036 -0.10447847 0.09 0.09 0.434 0.434 0.434 0.434 0.43386122 -0.152 -0.152 -0.152 -0.13717992 0.176 0.176 0.322 0.322 0.928 0.928 0.928 0.928 0.594 0.594 0.594 0.594 0.912 0.912 0.912 0.52239465 0.522 0.522 0.506 0.506 0.506 0.506 0.718 0.718 0.718 0.752 0.752 0.75199898 0.734 0.734 0.774 0.774 0.948 0.948 1.11 
-0.041315444 -0.036 -0.036 -0.036 -0.036 -0.036 0.09 0.09 0.09 0.27412318 0.434 0.434 0.434 0.43399451 -0.152 -0.152 -0.152 0.176 0.176 0.176 0.32199271 0.3220037 0.928 0.928 0.928 0.928 0.59402374 0.594 0.594 0.91192687 0.912 0.912 0.912 0.912 0.52331181 0.78 0.78 0.77525795 0.506 0.506 0.71799981 0.718 0.75101144 0.752 0.752 0.73400001 0.734 0.734 0.774 0.774 0.828 0.828 1.052 
-0.036 -0.036 -0.036 -0.036 -0.036 -0.036 0.09 0.09 0.09 0.090000002 0.29000415 0.29 0.29 0.29 -0.15199829 0.13645445 0.298 0.298 0.17622491 0.176 0.17600003 0.92799912 0.928 0.928 0.928 0.928 0.92775716 0.594 0.59401087 0.912 0.912 0.912 0.912 0.912 0.78 0.78 0.78 0.78 0.78 0.77999992 1.17 1.17 1.1699999 0.922 0.922 0.922 0.596 0.596 0.54 0.54 0.828 0.82800049 1.052 
-0.036 -0.036 -0.036 -0.036 -0.036 -0.036 0.09 0.09 0.09 0.29 0.29 0.29 0.29 0.29 0.29210878 0.298 0.298 0.298 0.298 0.298 0.2921749 0.92799999 0.928 0.928 0.928 0.91499998 0.51464873 0.58310853 0.91043179 0.912 0.912 0.912 0.912 0.91199971 0.78 0.78 0.78 0.78 0.78 0.96142709 1.17 1.17 1.17 0.922 0.922 0.922 0.596 0.596 0.54 0.54 1.278 1.064467 1.052 
-0.036 -0.036 -0.036 -0.036 -0.036 -0.035999962 0.089999971 0.09 0.098301115 0.29 0.29 0.29 0.29 0.29 0.29038373 0.298 0.298 0.298 0.298 0.298 0.298 0.57661549 0.51400058 0.514 0.514 0.514 0.514 0.514 0.3626756 0.36000654 0.36000001 0.36 0.36 0.3600003 0.78 0.78 0.78 0.78 0.78 1.17 1.17 1.17 1.17 1.1699999 0.92242004 1.184 0.59600006 1.1659661 0.54055726 1.278 1.278 1.2857326 1.65 
-0.036 -0.036 -0.036 -0.036 -0.036 -0.035991951 0.089993204 0.090012101 0.28999975 0.29 0.29 0.29 0.29 0.29 0.29015222 0.298 0.298 0.298 0.298 0.298 0.298 0.514 0.514 0.514 0.514 0.514 0.514 0.514 0.36004251 0.36 0.36 0.36 0.36 0.36 0.47507996 0.78 0.78 0.78 0.78 1.17 1.17 1.17 1.17 1.1700036 1.184 1.184 1.1839499 1.176 1.176 1.278 1.278 1.65 1.65 
-0.036 -0.036 -0.036 -0.036 -0.035999999 -0.035831962 0.08985606 0.26743131 0.29 0.29 0.29 0.29 0.29 0.29 0.29014005 0.298 0.298 0.298 0.298 0.298 0.32875448 0.514 0.514 0.514 0.514 0.514 0.514 0.514 0.36000062 0.36 0.36 0.36 0.36 0.36 0.36 0.85939228 0.9828385 1.0503306 1.0606054 1.1696143 1.17 1.17 1.17 1.1839989 1.184 1.1839045 1.168 1.176 1.176 2.0459062 2.046 2.046 1.6500002 
-0.036 -0.036 -0.036 -0.036 -0.035999872 -0.03494912 0.10640867 0.289945 0.29 0.29 0.29 0.29 0.29 0.29 0.29018681 0.298 0.298 0.298 0.298 0.298 0.51399907 0.514 0.514 0.514 0.514 0.514 0.514 0.514 0.36000004 0.36 0.36 0.36 0.36 0.36 0.36000014 1.066 1.066 1.066 1.066 1.164 1.164 1.164 1.164 1.168 1.168 1.168 1.168 1.1680049 1.616 1.616 2.046 2.046 2.0420358 
-0.036 -0.036 -0.036 -0.03599999 -0.035996481 -0.032488466 0.27606228 0.28999739 0.29 0.29 0.29 0.29 0.29 0.29 0.29027157 0.298 0.298 0.298 0.298 0.29930001 0.514 0.514 0.514 0.514 0.514 0.514 0.514 0.514 0.36000003 0.36 0.36 0.36 0.36 0.36 1.0659994 1.066 1.066 1.066 1.066 1.164 1.164 1.164 1.164 1.1650796 1.168 1.168 1.168 1.615995 1.616 1.616 2.04 2.04 2.04 
-0.036 -0.036 -0.035999994 -0.035999714 -0.035965021 -0.013805809 0.2892302 0.28999935 0.29 0.29 0.29 0.29 0.29 0.29 0.29038638 0.29799981 0.298 0.298 0.29800025 0.5096235 0.514 0.514 0.514 0.514 0.514 0.514 0.514 0.514 0.36000014 0.36 0.36 0.36 0.36 0.65135287 1.0659999 1.066 1.066 1.066 1.066 1.164 1.164 1.164 1.164 1.164 1.168 1.168 1.168 1.616 1.616 1.616 2.04 2.04 2.04 
-0.035999999 -0.035999991 -0.035999881 -0.035996583 -0.035738779 0.14472684 0.28986227 0.2899996 0.29 0.29 0.29 0.29 0.29 0.29000002 0.29052289 0.29799708 0.298 0.29800001 0.29911834 0.51398163 0.514 0.514 0.514 0.514 0.514 0.514 0.514 0.51399991 0.36000096 0.36 0.36000028 0.72301095 0.758 0.758 0.758 1.066 1.066 1.066 1.066 1.164 1.164 1.164 1.164 1.164 1.1679999 1.168 1.1680002 1.616 1.616 1.6160002 2.04 2.04 2.04 
