interpolatedSpi/04-09|20_1.tif
NCOLS 53
NROWS 52
XLLCORNER -116.03883
YLLCORNER 28.596182
DX 0.49850594
DY 0.49788537
NODATA_VALUE -9999
[rows 0 to 25 of 52, columns 0 to 52 of 53]
-0.18571429 -0.18571429 -0.23953357 -0.49 -0.087142857 0.044285714 0.24 0.23571429 -0.094944293 -0.24714286 -0.16 0.068571429 0.090010234 0.21428571 0.0057142857 0.0057142857 0.0057142857 0.12857143 0.28142857 0.28142857 0.28142857 0.28142746 0.16571429 0.16142857 0.16142857 0.16142857 0.47428696 0.47428571 0.47428571 0.17857143 0.17857143 0.17857143 0.17857143 0.67285704 0.67285714 0.67285714 0.67285714 0.67285714 0.67285714 0.67285715 1.0233669 1.0269853 0.40857143 0.40857143 0.40857143 0.40857143 0.40904043 0.69571429 0.69571429 0.69571429 0.93714236 0.93714286 0.93714286
-0.18571943 -0.30142857 -0.11571376 -0.024983224 0.10984729 0.13714286 0.081428571 0.092981541 -0.098571429 -0.018571429 0.1 0.09 0.09 0.35381889 0.21428556 0.0057142857 0.12857143 0.12857143 0.28122927 0.28142857 0.28142857 0.28142857 0.14029854 0.16142857 0.16142857 0.16142857 0.11857143 0.11857143 0.17857143 0.17857143 0.17857143 0.17857143 0.17857143 0.67285707 0.67285714 0.67285714 0.67285714 0.67285714 0.67285711 0.60113864 0.24287841 0.38846338 0.40857143 0.40857143 0.40857143 0.40857143 0.40857143 0.69571429 0.69571429 0.69571429 0.71573377 0.93714286 0.93714286
0.49425986 0.49428571 0.33857143 0.63428571 0.25714286 0.088571429 0.27142857 -0.057142857 0.11714286 0.091428571 0.30428571 -0.08 -0.36571429 -0.021428571 0.35428571 0.56 0.12857143 0.12857143 0.12857143 0.19431105 0.19428571 0.19428571 -0.24 0.16142857 0.16142857 0.16142857 0.11857143 0.11857143 0.11857143 0.17857143 0.17857143 0.1785714 -0.079321465 0.67121607 0.66930686 0.29492378 0.29142857 0.29142857 0.28531957 0.24285714 0.24285714 0.24306905 0.40857143 0.40857143 0.40857143 0.40857143 0.40857143 0.69571429 0.69571429 0.69571429 0.69571429 0.93714286 0.93714286
0.26285714 0.49428564 0.13285539 0.28285714 -0.028571429 0.19142857 0.53 -0.18285714 0.09 0.24971378 0.43 0.32571429 0.094285714 -0.021428571 0.35857143 0.56 -0.12613849 -0.1312464 -0.044285714 0.19428571 0.19428571 -0.42142857 -0.24 -0.24 0.16142857 0.16142836 0.11857143 0.11857143 0.11857143 -0.40571429 -0.37906422 -0.35714286 -0.35714286 -0.35714235 0.29142857 0.29142857 0.29142857 0.29142857 0.24285714 0.24285714 0.24285714 0.24285715 0.40857143 0.40857143 0.40857143 0.40857143 0.40857143 0.69571066 0.69571429 0.69571429 0.69571429 0.93708999 0.93714286
0.26285714 0.011428794 0.13285714 0.21828138 -0.028571429 0.15857143 0.14571512 -0.07 0.011428571 0.12857144 0.2253951 0.27002517 0.44571429 0.35857143 0.35857143 0.48248366 -0.13142857 -0.13142857 -0.044285714 -0.044285714 0.19428445 -0.42142857 -0.6 -0.19428571 -0.18428571 -0.18431303 0.11857143 0.11857143 -0.40571428 -0.40571429 -0.35714286 -0.35714286 -0.35714286 -0.29976272 0.29142857 0.29142857 0.29142857 0.24285714 0.24285714 0.24285714 0.24285714 0.24285039 0.40857143 0.40857143 0.40857143 0.40857143 0.40857143 0.41112736 0.69571429 0.69565253 -0.68142857 -0.68142857 -0.68142857
-0.8 -0.014285714 0.24714285 0.1 0.28142857 0.27142857 0.10571429 0.083217825 0.29285714 0.025714286 0.31714286 -0.18285714 -0.18285673 0.017142857 0.017142857 -0.19283369 -0.19285714 -0.22285714 -0.22285714 -0.044286016 -0.71428571 -0.71428571 -0.19428571 -0.18428571 -0.18428571 -0.30142857 -0.50428571 -0.50428571 -0.092885634 -0.40571429 -0.35714286 -0.35714286 -0.052857143 -0.052856695 -0.048571824 -0.32428571 -0.32428571 0.067398553 0.24285714 0.24285714 0.17294445 0.17285714 0.17285766 -0.31836554 -0.33134679 -0.33142837 -0.33142855 -0.3314283 -0.87135246 -0.68142857 -0.68142857 -0.68142857 -0.68142857
-0.65000003 -0.21714286 -0.48304142 0.042857143 0.35285714 -0.15571429 -0.025714284 0.11285714 -0.18 -0.18 0.31714286 -0.11571429 -0.21857148 0.017142857 -0.095713948 -0.095714286 -0.19285714 -0.35857143 -0.38714286 -0.38714286 -0.72640395 -0.74 -0.74 -0.47571428 -0.30142857 -0.30142857 -0.50428571 -0.50428571 -0.092860723 -0.092923051 0.28435626 -0.052857143 -0.052857143 -0.048571429 -0.048571429 -0.48689967 -0.32428571 -0.32428571 -0.84712473 0.17285572 0.17285714 0.17285714 0.17285914 -0.33142781 -0.33142857 -0.33142857 -0.33142857 -0.33142895 -0.95857143 -0.68148349 -0.68142857 -0.68142857 -0.68142857
-0.65 -0.81 -0.34142857 -0.71 -0.77142505 -0.34 -0.17571429 -0.38999999 -0.38285714 -0.27142857 -0.27142857 -0.41571429 -0.21857143 -0.21857143 -0.0965572 -0.17898349 -0.18714286 -0.16 -0.42142854 -0.38714286 -0.70395978 -0.67 -0.80428571 -0.46714286 -0.46714369 -0.53142857 -0.68142857 -0.68142851 -0.15407046 -0.15428571 0.28571429 0.049983373 -0.011428571 -0.048571429 -0.056761089 -0.62285714 -0.62285714 -0.84714285 -0.84714286 0.17285714 0.17285714 0.17285715 -0.19501799 -0.19571429 -0.33142857 -0.33142857 -0.33142857 -0.95854756 -0.95857143 -0.95857143 -0.68142857 -0.68142857 -0.68142857
-0.80089707 -0.81 -0.6 -0.43428571 -0.15714286 -0.43857143 -0.22285714 0.12285714 0.031428571 0.0097838363 -0.20857143 -0.43142857 -0.43142857 -0.50571429 -0.50571193 -0.48630673 -0.48714286 -0.48714286 -0.19990748 -1.1342857 -1.07 -1.07 -0.68285714 -0.75643271 -0.52495027 -0.53142857 -0.50571429 -0.68142857 -0.43146105 -0.43 0.067142857 0.31714286 0.081144594 -0.44857143 -0.33571429 -0.44714286 -0.44714286 -0.38142857 -0.50280107 0.1738583 0.39714286 -0.13571428 -0.19569824 -0.19571429 -0.19647816 -0.33142857 -0.58999999 -0.95857143 -0.95857143 -0.95857143 -0.95857143 -0.70899807 -0.47285714
-0.75 -0.75 -0.55571429 -0.46285714 -0.16428571 -0.15857143 -0.15 -0.17428571 0.10142857 0.0042850086 -0.30857143 -0.25142857 -0.50571429 -0.50571429 -0.25571429 -0.25888843 -0.48714286 -0.48715886 -0.56714286 -1.1342857 -1.1342857 -1.1260035 -0.68285714 -0.83713994 -0.83714286 -0.83714286 -0.50571429 -0.32142857 -0.32142857 -0.43 -0.43 0.31625416 -0.15142857 -0.44857143 -0.26428571 -0.44714286 -0.44714286 -0.75571429 -0.50285714 0.27715018 -0.13571426 -0.12154548 -0.097142857 -0.19571429 -0.19571429 -0.59 -0.59 -0.59 -0.95857143 -0.95857143 -0.90285714 -0.90285714 -0.90285698
-0.75 -0.75 -0.83142857 -0.70285714 -0.70857143 -0.27714286 -0.46999999 0.066958869 -0.094285714 -0.095714286 -0.037142857 -0.3 -0.25149361 -0.25571429 -0.25571429 -0.25573901 -0.47 -0.47509851 -0.56714286 -0.65285714 -0.65285714 -0.77857143 -0.77857143 -0.83714286 -0.83714286 -0.83714286 -0.32142857 -0.32142857 -0.32142857 -0.56857143 -0.56857143 -0.56857074 -0.46857143 -0.46857143 -0.49428571 -0.72 -0.48285714 -0.40571381 -0.63428571 0.29 0.29 -0.097142857 -0.097142857 -0.19571429 -0.39000009 -0.56428571 -0.5146118 -0.51428571 -0.71714286 -0.71714286 -0.90285714 -0.90285714 -0.90285714
-0.75 -0.78512512 -0.77656256 -0.85713685 -0.64857143 -0.78 -0.47 0.067142857 -0.094284366 -0.095698459 -0.29999973 -0.3 -0.23 -0.25571429 -0.25571429 -0.46999999 -0.47 -0.47000553 -0.56714286 -0.65285714 -0.67754487 -0.77857143 -0.77857143 -0.83714011 -0.83714286 -0.79159172 -0.69857143 -0.69857143 -0.69857138 -0.56857143 -0.56857143 -0.54571429 -0.54571429 -0.4685715 -0.49428571 -0.31285735 -0.46155286 -0.40571429 -0.40571429 0.28999999 -0.097142857 -0.097142857 -0.097144975 -0.39 -0.39 -0.56428571 -0.51428571 -0.51428571 -0.71714286 -0.71714286 -0.90285714 -0.90285714 -0.90285714
-0.24285714 -0.23754873 -0.18859079 -0.19341344 -0.64857209 -0.7799969 -0.47000001 0.060530936 -0.083161635 -0.094323018 -0.23 -0.23 -0.23 -0.23 -0.25571064 -0.47 -0.47 -0.47125427 -0.56714286 -0.65277478 -0.37 -0.37 -0.37 -0.37 -0.82912485 -0.69857143 -0.69857143 -0.69857143 -0.69857143 -0.69846241 -0.54571429 -0.54571429 -0.54571429 -0.54571429 -0.31285714 -0.31285714 -0.31285714 -0.40117202 -0.40319289 -0.07 -0.07 -0.097141397 -0.31285978 -0.38999257 -0.39 -0.56428571 -0.51428571 -0.51428571 -0.71714286 -0.71714286 -0.90218339 -0.90285714 -0.48767088
-0.24285714 -0.18857143 -0.18857143 -0.18857143 -0.18857143 -0.18857168 -0.4707935 -0.21586494 -0.053483636 -0.22985388 -0.23 -0.23 -0.23 -0.23 -0.23000007 -0.47 -0.47000002 -0.47666334 -0.56714087 -0.37 -0.37 -0.37 -0.37 -0.37 -0.37200856 -0.60561938 -0.57857145 -0.57857143 -0.57857143 -0.57857143 -0.54571429 -0.54571429 -0.5457146 -0.80428571 -0.80428571 -0.31285714 -0.12397418 -0.11857143 -0.070000028 -0.07 -0.07 -0.07 -0.31285714 -0.31285714 -0.31285714 -0.31460686 -0.52990814 -0.53 -0.53 -0.53 -0.53 0.20142834 0.20142857
-0.25428571 -0.18857143 -0.18857143 -0.18857143 -0.18857143 -0.18857143 -0.18857145 -0.3865376 -0.32708651 -0.32857143 -0.32857143 -0.32857143 -0.32857143 -0.32857143 -0.32857143 -0.35518136 -0.46819498 -0.48330207 -0.37002475 -0.37 -0.37 -0.37 -0.37 -0.37000006 -0.46285714 -0.46285714 -0.46285731 -0.57857143 -0.57857143 -0.57866011 -0.62285714 -0.62285714 -0.80428571 -0.80428571 -0.80428571 -0.22841539 -0.11857143 -0.11857143 -0.11857143 -0.07 -0.07 -0.07 -0.31285714 -0.31285714 -0.31285714 -0.31285714 -0.53 -0.53 -0.53 -0.53 -0.53 0.20142857 0.20142857
-0.25428571 -0.22982103 -0.18857143 -0.18857143 -0.18857143 -0.18857143 -0.49279742 -0.49285714 -0.49285714 -0.32857143 -0.32857143 -0.32857143 -0.32857143 -0.32857143 -0.33455933 -0.35571429 -0.35571429 -0.35571429 -0.41842344 -0.41857138 -0.41857143 -0.41857143 -0.41857143 -0.41857143 -0.46285714 -0.46285714 -0.46285714 -0.46285714 -0.57857143 -0.62285714 -0.62285714 -0.62285714 -0.8042857 -0.80428571 -0.80428571 -0.10428571 -0.11855251 -0.11857143 -0.11857143 -0.070032757 -0.13539017 -0.28791817 -0.31285714 -0.31285714 -0.29007054 -0.29 -0.29 -0.52912882 -0.00185211 -4.6184856e-08 -1.0046394e-07 0.18714497 0.20142854
-0.25428571 -0.16670278 -0.17628174 -0.18857143 -0.18857143 -0.49267736 -0.49285714 -0.49285714 -0.49285714 -0.49167325 -0.32857143 -0.32857143 -0.32857143 -0.32857143 -0.35571429 -0.35571429 -0.35571429 -0.35571429 -0.41851528 -0.41857143 -0.41857143 -0.41857143 -0.41857143 -0.41857143 -0.46285714 -0.46285714 -0.46285714 -0.46285714 -0.46343912 -0.62285714 -0.62285714 -0.62285714 -0.27428572 -0.80420172 -0.10428571 -0.10428571 -0.10428571 -0.1069407 -0.27781127 -0.28857143 -0.28857143 -0.28857143 -0.23571429 -0.23571429 -0.29 -0.29 -0.29 -3.5489882e-09 3.1720658e-17 3.1720658e-17 2.4560754e-13 0.18714286 0.18714286
-0.16427254 -0.16428571 -0.16428571 -0.16428572 -0.25142857 -0.49285092 -0.49285714 -0.49285714 -0.49285714 -0.49285714 -0.32154145 -0.32857022 -0.32857143 -0.35571429 -0.35571429 -0.35571429 -0.35571429 -0.35571429 -0.39391967 -0.41857143 -0.41857143 -0.41857143 -0.41857143 -0.41857143 -0.37028598 -0.25857254 -0.25857143 -0.25857143 -0.25857143 -0.62285712 -0.27428572 -0.27428571 -0.27428571 -0.27428571 -0.10428571 -0.10429207 -0.34571429 -0.34571429 -0.28928494 -0.28857143 -0.28857143 -0.28857143 -0.23571429 -0.23571429 -0.2815947 -0.29 -0.29 -2.7677612e-12 3.1720658e-17 3.1720658e-17 0.002006658 0.18714286 0.18714286
-0.16428571 -0.16428571 -0.16428571 -0.20532259 -0.25142857 -0.25142857 -0.49285714 -0.49285714 -0.49285714 -0.49285714 -0.23571429 -0.23571429 -0.23571429 -0.35571429 -0.35571429 -0.35571429 -0.35571429 -0.35577307 -0.88285714 -0.88285714 -0.41857162 -0.41857143 -0.42385794 -0.63571429 -0.63231903 -0.25857143 -0.25857143 -0.25857143 -0.25857143 -0.27428411 -0.27428571 -0.27428571 -0.27428571 -0.27428571 -0.34571344 -0.34571429 -0.34571429 -0.34571429 -0.34550649 -0.28857143 -0.28857143 -0.28857143 -0.23571429 -0.23571429 -0.23571429 -0.29 -0.29 -2.4568606e-09 4.1730208e-17 3.0422474e-10 0.18714286 0.18714286 0.18714286
-0.16428571 -0.16428571 -0.16428571 -0.25142857 -0.25142857 -0.25142857 -0.25142894 -0.49285714 -0.49285714 -0.23597973 -0.23571429 -0.23571429 -0.23571429 -0.23578906 -0.6436374 -0.71142857 -0.71142857 -0.71142857 -0.88285714 -0.88285714 -0.88285714 -0.63571429 -0.63571429 -0.63571429 -0.63564545 -0.32750891 -0.25857143 -0.25857143 -0.25857143 -0.096195278 -0.055735783 -0.055714286 -0.055714286 -0.055714286 -0.296098 -0.22714313 -0.22714286 -0.22714286 -0.22714286 -0.22715126 -0.22714286 -0.22714286 -0.23571429 -0.23571429 0.14714126 0.14714284 0.091428571 0.091428571 0.11857143 0.11857143 0.11857143 0.18714286 0.30275368
-0.16428528 -0.16428571 -0.16428572 -0.25142857 -0.25142857 -0.25142857 -0.25142857 -0.22714293 -0.49179471 -0.23571688 -0.23571429 -0.23571429 -0.23571429 -0.23664777 -0.71142857 -0.71142857 -0.71142857 -0.71142862 -0.88285714 -0.88285714 -0.88285714 -0.63571429 -0.63571429 -0.63571429 -0.39 -0.39 -0.34142857 -0.34142857 -0.34142857 -0.33986991 -0.055714286 -0.055714286 -0.055714286 -0.055714286 -0.14138154 -0.22714286 -0.22714286 -0.22714286 -0.22714286 -0.22714286 -0.22714286 -0.22714286 -0.2153664 0.14714286 0.14714286 0.14714286 0.091428571 0.091428571 0.11857143 0.11857143 0.11857143 0.30285714 0.30285714
-0.022857143 -0.094644482 -0.23142857 -0.23143437 -0.25142857 -0.22728337 -0.22714286 -0.22714286 -0.22193745 -0.23857143 -0.23857143 -0.23857143 -0.23857143 -0.77141123 -0.77142857 -0.71142862 -0.71142857 -0.71594546 -0.88285714 -0.88285714 -0.88285714 -0.70285714 -0.70285714 -0.70285714 -0.39 -0.39 -0.34142857 -0.34142857 -0.34142857 -0.34142839 -0.087142657 -0.087142769 -0.056504196 -0.055747979 -0.43527949 -0.43571429 -0.43571429 -0.43571429 -0.43571429 -0.22714286 -0.22714286 -0.22714286 0.1265333 0.14714286 0.14714286 0.14714281 0.091428571 0.091428571 0.091429548 0.11857143 0.11857603 0.22142857 0.30285714
-0.27995117 -0.27999999 -0.23142857 -0.23142857 -0.23142857 -0.22714286 -0.22714286 -0.22714286 -0.21285714 -0.21285714 -0.23857143 -0.23857143 -0.23857143 -0.77142857 -0.77142857 -0.77142857 -0.77142857 -0.77144071 -0.88285714 -0.88285714 -0.88285714 -0.70285714 -0.70285714 -0.70285714 -0.39 -0.39 -0.34142857 -0.34142857 -0.34142857 -0.090009947 -0.087142857 -0.087142857 -0.087142857 -0.087142857 -0.43554229 -0.43571429 -0.43571429 -0.43571429 -0.43571429 -0.54285706 -0.54285714 -0.54285714 -0.54285714 0.14714068 -0.13714286 -0.13714286 -0.13714286 0.075714286 0.075714286 0.075714286 0.22142857 0.22142857 0.22142857
-0.28 -0.28 -0.23142857 -0.23142857 -0.23142857 -0.22716538 -0.22714286 -0.21285714 -0.21285714 -0.21285714 -0.23856826 -0.23857143 -0.62495469 -0.77142856 -0.77142857 -0.77142857 -0.77142857 -0.92571429 -0.92571429 -0.92571429 -0.78428571 -0.78428565 -0.70285754 -0.70285714 -0.7027693 -0.70285714 -0.70285714 -0.70285628 -0.34148698 -0.16427034 -0.1642853 -0.16427225 -0.087274702 -0.087209431 -0.37368305 -0.43571433 -0.4360925 -0.54857143 -0.54857143 -0.54285714 -0.54285714 -0.54285714 -0.54285714 -0.13714286 -0.13714286 -0.13714286 -0.13714286 0.075714286 0.075714286 0.075714286 0.22142857 0.22142857 0.22142857
-0.28 -0.28 -0.23142857 -0.23142857 -0.23142857 -0.23142857 -0.22179613 -0.21285714 -0.21285714 -0.21285714 -0.21313254 -0.71142857 -0.71142857 -0.71142857 -0.77107498 -0.77142857 -0.92468616 -0.92571429 -0.92571429 -0.92571429 -0.78428571 -0.78428571 -0.78428571 -0.78428571 -0.70285714 -0.70285714 -0.70285714 -0.70285714 -0.70285714 -0.16428571 -0.16428571 -0.16428571 -0.16428571 -0.16428625 -0.41714286 -0.54857143 -0.54857143 -0.54857143 -0.54857143 -0.54857185 -0.68428571 -0.68428571 -0.68428571 -0.55458402 -0.28571429 -0.28571429 -0.28571429 0.075714275 0.075714277 0.067142857 0.067142857 0.12430935 0.12428571
-0.28 -0.28 -0.24895945 -0.23142857 -0.23142857 -0.23142859 -0.97293454 -0.21525675 -0.21285714 -0.21285714 -0.71142861 -0.71142857 -0.71142857 -0.71142857 -0.71142857 -0.71637845 -0.92571429 -0.92571429 -0.92571429 -0.92571429 -0.78428681 -0.78428571 -0.78428571 -0.78428571 -0.70285714 -0.70285714 -0.70285714 -0.70285714 -0.70285714 -0.45670133 -0.16428571 -0.16428571 -0.16428571 -0.41714286 -0.41714286 -0.41724491 -0.54857143 -0.54857143 -0.46897847 -0.40714287 -0.68428571 -0.68428571 -0.68428571 -0.55589206 -0.28571429 -0.28571429 -0.28571429 -0.14142857 0.064544077 0.067142857 0.067142857 0.12428571 0.12428571
