interpolatedSpi/04-05|19_3.tif
NCOLS 53
NROWS 52
XLLCORNER -116.03883
YLLCORNER 28.596182
DX 0.49850594
DY 0.49788537
NODATA_VALUE -9999
-0.96 -0.96 -0.9522735 -1.285 -1.105 -1.265 -1.955 -2.26 -2.4301684 -1.995 -1.545 -1.415 -1.5299601 -1.045 -1.545 -1.545 -1.545 -0.405 -1.06 -1.06 -1.06 -1.0600107 -2.17 -1.28 -1.28 -1.28 -1.4349901 -1.435 -1.435 -2.085 -2.085 -2.085 -2.085 -1.935 -1.935 -1.935 -1.935 -1.935 -1.935 -1.9349999 -0.025566267 -0.0052802822 -1.105 -1.105 -1.105 -1.105 -1.1061188 -1.79 -1.79 -1.79 -1.325001 -1.325 -1.325 
-0.96000267 -1.02 -1.109999 -1.0266007 -1.3853526 -0.76 -0.075 -1.3854976 -3.04 -2.275 -1.475 -1.53 -1.53 -1.0998166 -1.0450051 -1.545 -0.405 -0.405 -1.059146 -1.06 -1.06 -1.06 -1.3105295 -1.28 -1.28 -1.28 -1.165 -1.165 -2.085 -2.085 -2.085 -2.085 -2.085 -1.935 -1.935 -1.935 -1.935 -1.935 -1.9349998 -1.6316046 -0.17504919 -0.99215171 -1.105 -1.105 -1.105 -1.105 -1.105 -1.79 -1.79 -1.79 -1.7514418 -1.325 -1.325 
-0.6850114 -0.685 -0.22 -0.06 -1.29 -1.995 -1.485 -1.425 -1.79 -1.74 -1.275 -1.97 -1.43 -1.135 -1.1 -1.52 -0.405 -0.405 -0.405 -1.2899331 -1.29 -1.29 -1.86 -1.28 -1.28 -1.28 -1.165 -1.165 -1.165 -2.085 -2.085 -2.085 -2.255897 -1.9310859 -1.9148019 0.21511527 0.235 0.235 0.18343281 -0.175 -0.175 -0.17618923 -1.105 -1.105 -1.105 -1.105 -1.105 -1.79 -1.79 -1.79 -1.79 -1.325 -1.325 
-0.185 -0.685 -0.70007736 -0.415 -1.02 -1.355 -1.05 -2.13 -1.095 -0.14860319 -1.28 -1.75 -1.895 -1.135 -1.67 -1.52 -1.6688524 -1.6691137 -2.32 -1.29 -1.29 -1.595 -1.86 -1.86 -1.28 -1.2799994 -1.165 -1.165 -1.165 -1.62 -2.0699157 -2.44 -2.44 -2.4399979 0.235 0.235 0.235 0.235 -0.175 -0.175 -0.175 -0.17500003 -1.105 -1.105 -1.105 -1.105 -1.105 -1.7899914 -1.79 -1.79 -1.79 -1.324969 -1.325 
-0.185 -1.1249992 -0.7 -0.95816591 -1.02 -1.265 -1.4499855 -1.91 -1.66 -1.88 -1.6872391 -1.5950473 -1.925 -1.67 -1.67 -1.571992 -1.67 -1.67 -2.32 -2.32 -1.2900007 -1.595 -2.105 -1.99 -1.795 -1.79498 -1.165 -1.165 -1.62 -1.62 -2.44 -2.44 -2.44 -2.3513705 0.235 0.235 0.235 -0.175 -0.175 -0.175 -0.175 -0.17505357 -1.105 -1.105 -1.105 -1.105 -1.105 -1.1110973 -1.79 -1.7899366 -0.375 -0.375 -0.375 
-2.31 -1.215 0.36499999 -0.67 -0.35 -0.805 -0.95 -1.0729075 -1.815 -1.22 -1.85 -1.835 -1.8350001 -2.82 -2.82 -2.0948805 -2.095 -1.785 -1.785 -2.3199996 -2.05 -2.05 -1.99 -1.795 -1.795 -1.71 -1.81 -1.81 -1.7149912 -1.62 -2.44 -2.44 -1.97 -1.9699822 -1.8000121 -1.615 -1.615 -0.62049687 -0.175 -0.175 -0.7293078 -0.73 -0.7299995 -0.0096828046 0.0098767694 0.0099997028 0.009999962 0.0099995742 -0.61020511 -0.375 -0.375 -0.375 -0.375 
-1.5850122 -0.665 -1.2841429 -0.805 -0.51 -1.16 -1.945 -2.045 -1.495 -1.495 -1.85 -1.42 -1.8899997 -2.82 -1.6000037 -1.6 -2.095 -1.79 -1.81 -1.81 -1.948678 -1.835 -1.835 -1.735 -1.71 -1.71 -1.81 -1.81 -1.7149933 -1.7148766 -1.2161891 -1.97 -1.97 -1.8 -1.8 -1.451608 -1.615 -1.615 -1.3800081 -0.7300009 -0.73 -0.73 -0.72999627 0.0099992471 0.01 0.01 0.01 0.0099996298 -0.61 -0.37504657 -0.375 -0.375 -0.375 
-1.585 -2.525 -1.155 -1.635 -0.71005303 -1.845 -1.335 -1.495 -1.525 -1.335 -1.335 -0.81 -1.89 -1.89 -1.6019897 -1.6091076 -1.61 -1.265 -1.9049999 -1.81 -1.2851393 -1.255 -1.3 -1.22 -1.2199995 -1.18 -1.125 -1.1250002 -1.600403 -1.6 -1.215 -1.1754038 -1.66 -1.8 -1.7897324 -1.315 -1.315 -1.38 -1.38 -0.73 -0.73 -0.73 -0.12794539 -0.12499999 0.01 0.01 0.01 -0.6099764 -0.61 -0.61 -0.375 -0.375 -0.375 
-2.3641815 -2.525 -1.14 -0.255 -0.61 -1.425 -1.35 -1.08 -0.905 -0.84917937 -0.81 -0.425 -0.425 -0.18 -0.17999911 -1.8194147 -1.82 -1.82 -1.362697 -0.76500018 -1.61 -1.61 -1.205 -1.2625621 -1.1840309 -1.18 -1.14 -1.125 -1.3834891 -1.385 -1.04 -1.33 -1.2066065 -1.34 -1.44 -1.38 -1.51 -1.715 -0.76543867 -0.72912956 -0.535 -0.52 -0.12502117 -0.125 -0.12424015 0.01 -0.84499995 -0.61 -0.61 -0.61 -0.61 -0.31772658 0.1 
-1.465 -1.465 -1.44 -0.81 -0.835 -1.8 -1.075 -1.475 -0.585 -0.83494196 -0.42 -1.175 -0.18 -0.18 -0.085 -0.10879631 -1.82 -1.8196539 -0.315 -0.765 -0.765 -0.87386435 -1.205 -1.2699988 -1.27 -1.27 -1.14 -0.69 -0.69 -1.385 -1.385 -1.3295353 -1.085 -1.34 -1.2 -1.38 -1.51 -1.435 -0.765 0.43522745 -0.52 -0.42265506 -0.255 -0.125 -0.125 -0.845 -0.845 -0.845 -0.61 -0.61 0.085 0.085 0.085000006 
-1.465 -1.465 -1.54 -2.2 -0.56 -0.575 -0.80999999 -1.0102597 -1.405 -1.21 -0.465 -0.96 -1.1747123 -0.085 -0.085 -0.085008652 -0.16 -0.16813513 -0.315 -0.71 -0.71 -0.44 -0.44 -1.27 -1.27 -1.27 -0.69 -0.69 -0.69 -1.495 -1.495 -1.4949993 -1.045 -1.045 -1.775 -1.045 -0.62 -1.0250002 -1.07 0.455 0.455 -0.51499915 -0.255 -0.125 -0.27999991 -0.205 0.22039176 0.225 0.47 0.47 0.085 0.085 0.085 
-1.465 -1.4975919 -1.8216455 -2.0449901 -0.77 -0.515 -0.81 -1.01 -1.4049967 -1.2121604 -0.96000033 -0.96 0.205 -0.085 -0.085 -0.16 -0.16 -0.16000882 -0.315 -0.71 -0.65697749 -0.44 -0.44 -1.269966 -1.27 -1.1072838 -0.775 -0.775 -0.77499999 -1.495 -1.495 -0.82 -0.82 -1.045002 -1.775 -0.17500049 -0.68815005 -1.025 -1.025 0.45499997 -0.515 -0.515 -0.51499826 -0.28 -0.28 -0.205 0.225 0.225 0.47 0.47 0.085 0.085 0.085 
-0.68 -0.249475 -0.13007629 -0.14386005 -0.76999869 -0.51500602 -0.80999999 -1.0075381 -1.3777805 -1.399908 0.205 0.205 0.205 0.205 -0.08495892 -0.16 -0.16 -0.1620013 -0.315 -0.70973424 0.2 0.2 0.2 0.2 -1.2447192 -0.775 -0.775 -0.775 -0.775 -0.77530659 -0.82 -0.82 -0.82 -0.82 -0.175 -0.175 -0.175 -0.98403907 -1.0136215 0.49 0.49 -0.51494594 0.29498032 -0.27994462 -0.28 -0.205 0.225 0.225 0.47 0.47 0.086396739 0.085 -0.12055351 
-0.68 -0.13 -0.13 -0.13 -0.13 -0.13000016 -0.80924487 -0.90468381 -1.3051612 0.20327112 0.205 0.205 0.205 0.205 0.20500055 -0.16 -0.16000002 -0.17063194 -0.31499618 0.2 0.2 0.2 0.2 0.2 0.19999617 -0.44121989 -0.36500008 -0.365 -0.365 -0.365 -0.81999998 -0.82 -0.81999913 -0.095 -0.095 -0.175 0.37914928 0.395 0.48999995 0.49 0.49 0.49 0.295 0.295 0.295 0.29152046 0.24478057 0.245 0.245 0.245 0.245 1.1949998 1.195 
1.25 -0.13 -0.13 -0.13 -0.13 -0.13 -0.13000004 -0.44811931 0.96293021 0.975 0.975 0.975 0.975 0.975 0.97499999 0.87199037 -0.14366819 -0.18122445 0.1999353 0.2 0.2 0.2 0.2 0.20000055 0.2 0.2 0.19999921 -0.365 -0.365 -0.36379854 0.235 0.235 -0.095 -0.095 -0.095 0.31650751 0.395 0.395 0.395 0.49 0.49 0.49 0.295 0.295 0.295 0.295 0.24500001 0.245 0.245 0.245 0.245 1.195 1.195 
1.25 0.73624168 -0.13 -0.13 -0.13 -0.13 0.57486163 0.575 0.57500001 0.975 0.975 0.975 0.975 0.975 0.95183627 0.87 0.87 0.87 0.66856923 0.66999952 0.67 0.67 0.67 0.67 0.2 0.2 0.2 0.2 -0.365 0.235 0.235 0.235 -0.09499997 -0.095 -0.094999999 0.79 0.39552299 0.395 0.395 0.49007635 0.64257706 0.99847572 0.295 0.295 0.89813293 0.9 0.9 0.2464478 1.1219248 1.1249999 1.1249998 1.5899401 1.1950008 
1.25 0.6709804 0.26724614 -0.13 -0.13 0.57458345 0.575 0.575 0.575 0.57788251 0.975 0.975 0.975 0.97499999 0.87 0.87 0.87 0.87 0.67017866 0.67 0.67 0.67 0.67 0.67 0.20000001 0.2 0.2 0.2 0.20012731 0.235 0.235 0.235 0.88499998 -0.094886321 0.79 0.79 0.79 0.79216911 0.96169971 1 1 1 1.355 1.355 0.9 0.9 0.9 1.125 1.125 1.125 1.125 1.59 1.59 
0.65563853 0.655 0.655 0.655 0.45 0.57499678 0.575 0.575 0.575 0.575 0.97348568 0.97499974 0.975 0.87 0.87 0.87 0.87 0.87 0.82370377 0.67 0.67 0.67 0.67 0.67 0.73741479 1.2049946 1.205 1.205 1.205 0.23500003 0.88499999 0.885 0.885 0.885 0.79 0.79000527 0.99 0.99 0.99987514 1 1 1 1.355 1.355 0.97044967 0.9 0.9 1.125 1.125 1.125 1.129986 1.59 1.59 
0.655 0.655 0.655 0.55846244 0.45 0.45 0.575 0.575 0.575 0.575 0.955 0.955 0.955 0.87 0.87 0.87 0.87 0.86996116 0.385 0.385 0.66999988 0.67 0.67219112 0.76 0.76400614 1.205 1.205 1.205 1.205 0.88503258 0.885 0.885 0.885 0.885 0.9899993 0.99 0.99 0.99 0.99008289 1 1 1 1.355 1.355 1.355 0.9 0.9 1.125 1.125 1.125 1.59 1.59 1.59 
0.655 0.655 0.655 0.45 0.45 0.45 0.45000019 0.575 0.575 0.95460773 0.955 0.955 0.955 0.95494704 0.67978573 0.635 0.635 0.635 0.385 0.385 0.385 0.76 0.76 0.76 0.76003922 1.0450201 1.205 1.205 1.205 1.4494405 1.5699326 1.57 1.57 1.57 1.3354042 1.8199981 1.82 1.82 1.82 2.3248187 2.325 2.325 1.355 1.355 2.0149972 2.0149997 1.105 1.105 1.38 1.38 1.38 1.59 1.1503934 
0.65500309 0.655 0.65499999 0.45 0.45 0.45 0.45000001 1.1049998 0.57711915 0.9550272 0.955 0.955 0.955 0.95437207 0.635 0.635 0.635 0.63499993 0.385 0.385 0.385 0.76 0.76 0.76 0.9 0.9 1.46 1.46 1.46 1.4606001 1.57 1.57 1.57 1.57 1.6949314 1.82 1.82 1.82 1.82 2.325 2.325 2.325 2.3152462 2.015 2.015 2.015 1.105 1.105 1.38 1.38 1.38 1.15 1.15 
1.65 1.1917631 1.2 1.1997824 0.45 1.1012102 1.105 1.105 1.2033822 0.98500001 0.985 0.985 0.985 1.0299985 1.03 0.6350003 0.635 0.62841287 0.385 0.385 0.385 0.355 0.355 0.355 0.9 0.9 1.46 1.46 1.46 1.4599999 1.3650013 1.3650006 1.5648476 1.5697802 2.029473 2.03 2.03 2.03 2.03 2.325 2.325 2.325 2.0320692 2.015 2.015 2.0149998 1.105 1.105 1.1050099 1.38 1.3799622 0.535 1.15 
1.6050085 1.6049999 1.2 1.2 1.2 1.105 1.105 1.105 1.375 1.375 0.985 0.985 0.985 1.03 1.03 1.03 1.03 1.0299269 0.385 0.385 0.385 0.355 0.355 0.355 0.9 0.9 1.46 1.46 1.46 1.3660711 1.365 1.365 1.365 1.365 2.0296719 2.03 2.03 2.03 2.03 1.7650001 1.765 1.765 1.765 2.0149919 0.955 0.955 0.955 0.66 0.66 0.66 0.535 0.535 0.535 
1.605 1.605 1.2 1.2 1.2 1.1054993 1.105 1.375 1.375 1.375 0.98504801 0.985 1.364963 1.0300001 1.03 1.03 1.03 1.09 1.09 1.09 0.75999999 0.7599997 0.35500197 0.355 0.3557933 1.435 1.435 1.4350001 1.459996 1.5749581 1.5749989 1.5749633 1.3653589 1.3651812 1.9116954 2.0299996 2.0266488 1.03 1.03 1.765 1.765 1.765 1.765 0.955 0.955 0.955 0.955 0.66 0.66 0.66 0.535 0.535 0.535 
1.605 1.605 1.2 1.2 1.2 1.2 1.2060531 1.375 1.375 1.375 1.3750414 1.45 1.45 1.45 1.0324752 1.03 1.0896002 1.09 1.09 1.09 0.76 0.76 0.76 0.76 1.435 1.435 1.435 1.435 1.435 1.575 1.575 1.575 1.575 1.5749993 1.23 1.03 1.03 1.03 1.03 1.0299982 0.34 0.34 0.34 0.36603652 0.42 0.42 0.42 0.65999999 0.66000057 1.25 1.25 1.574747 1.575 
1.605 1.605 1.3461766 1.2 1.2 1.2 1.9090506 1.376686 1.375 1.375 1.4500001 1.45 1.45 1.45 1.45 1.4155204 1.09 1.09 1.09 1.09 0.76000255 0.76 0.76 0.76 1.435 1.435 1.435 1.435 1.435 0.75475838 1.575 1.575 1.575 1.23 1.23 1.2298447 1.03 1.03 0.79081913 0.60500004 0.34 0.34 0.34 0.36740013 0.42 0.42 0.42 1.325 1.2509345 1.25 1.25 1.575 1.575 
2.375 2.375 2.375 1.4946048 1.201601 1.91 1.91 1.91 1.91 1.94 1.94 1.45 1.45 1.45 1.45 1.4499772 1.09 1.09 1.09 1.09 0.9040013 0.76 0.76 0.76065426 0.81394376 1.435 1.435 1.435 0.465 0.465 0.465 0.46500466 1.23 1.23 1.23 1.23 0.605 0.605 0.605 0.605 0.515 0.515 0.515 0.89999226 0.9 0.9 0.89999985 1.325 1.325 1.2500914 1.25 1.5749987 1.575 
2.375 2.375 2.375 2.3749957 2.295 2.2390147 1.91 1.91 1.91 1.94 1.94 1.94 2.07 2.07 2.07 2.07 1.0919784 1.09 1.09 1.09 1.0849974 0.78499993 0.785 0.785 0.785 0.78499998 -0.099999988 -0.1 0.465 0.465 0.465 0.465 1.2299996 1.23 1.23 1.2299593 0.605 0.605 0.605 0.60541675 0.515 0.515 0.515 0.89998215 0.9 0.9 0.9 1.325 1.325 1.325 1.325 1.325 1.59 
2.375 2.375 2.375 2.2950002 2.295 2.295 1.9100001 1.91 1.91 1.94 1.94 1.94 2.07 2.07 2.07 2.077616 2.17 2.17 2.1699972 1.0961001 0.785 0.785 0.785 0.785 0.785 0.78433399 -0.1 -0.1 -0.099999999 0.465 0.465 0.46483587 0.73 0.73 0.73 0.505 0.505 0.7 0.7 0.7 1.19 0.51521173 0.5150056 1.265 1.265 1.2511669 0.90000168 1.325 1.325 1.325 1.325 1.325 1.59 
2.375 2.375 2.375 2.295 2.295 2.295 2.295 1.91 1.91 1.94 1.94 2.0648019 2.07 2.07 2.07 2.17 2.17 2.17 2.17 2.17 0.785 0.785 0.785 0.785 0.785 -0.099996981 -0.1 -0.1 -0.1 0.21 0.21 0.21 0.73 0.73 0.73 0.505 0.505 0.7 0.7 1.19 1.19 1.19 1.265 1.265 1.265 1.265 1.2588389 1.19 1.19 1.19 1.325 1.42 1.42 
2.375 2.375 2.3748886 2.295 2.295 2.295 2.295 2.3283204 2.33 2.3293304 1.94 2.0700281 2.07 2.07 2.0700003 2.17 2.17 2.17 2.17 2.17 2.0845208 0.785 0.785 0.785 0.78489393 -0.099979182 -0.1 -0.1 -0.1 0.21 0.21 0.21 0.2100778 0.73 0.505 0.505 0.505 0.50500818 0.70003342 1.19 1.19 1.19 1.2649954 1.265 1.265 1.265 1.1899975 1.19 1.19 1.19 1.42 1.42 1.42 
1.755 1.7550011 2.295023 2.295 2.295 2.295 2.3299926 2.33 2.33 2.33 2.405 2.405 2.405 2.405 2.1710846 2.17 2.17 2.17 2.17 2.14 2.14 2.14 0.27000009 0.27 0.27 0.27 0.23806424 -0.1 0.54497358 0.545 0.545 0.545 0.545 0.725 0.725 0.725 0.725 0.725 1.225 1.225 1.225 1.225 1.225 0.93549745 0.935 0.935 0.935 1.19 1.19 1.19 1.4199638 1.42 1.42 
1.755 1.755 1.7566328 1.9500007 1.9500001 1.9503707 2.33 2.33 2.33 2.33 2.405 2.405 2.405 2.405 2.405 2.17 2.17 2.17 2.14 2.14 2.14 2.14 0.27000001 0.27 0.27 0.27 0.27 0.26992199 0.54503862 0.545 0.545 0.545 0.54501551 0.84971836 0.72512914 0.725 0.725 0.725 1.225 1.225 1.225 1.225 1.225 0.935 0.935 0.935 0.935 1.054243 1.19 1.0317851 1.03 1.21 1.21 
1.755 1.755 1.9499753 1.95 1.95 1.95 2.0465184 2.33 2.33 2.33 2.405 2.405 2.405 2.405 2.405 2.1701713 2.17 2.1400088 2.14 2.14 2.14 2.14 0.96275362 0.27 0.27 0.27 0.27 0.27026562 0.645 0.645 0.645 0.645 0.645 0.945 0.945 0.945 0.945 0.945 1.49 1.49 1.49 1.49 1.49 0.934707 0.93499994 0.935 0.93497966 0.93256613 1.03 1.03 1.03 1.209999 1.21 
1.7549996 1.519679 1.9499999 1.95 1.95 1.95 1.95 2.3298382 2.33 2.33 2.405 2.405 2.405 2.405 1.3832109 1.36 1.36 2.1399799 2.14 2.14 2.14 2.14 2.1399997 0.27 0.27 0.27 0.27 0.72999991 0.72999996 0.71190993 0.645 0.645 0.645 0.945 0.945 0.945 0.945 0.94517271 1.49 1.49 1.49 1.49 1.4899697 0.815 0.815 0.815 0.815 0.81501734 1.03 1.03 1.03 1.03 1.0868409 
1.515 1.515 1.5487205 1.95 1.95 1.95 1.95 1.95 2.329835 1.105 1.105 1.105 1.1080852 1.3600015 1.36 1.36 1.36 1.36 2.1399908 2.061532 1.375 1.375 1.375 1.0951928 0.29441109 0.42503023 0.53533569 0.73 0.73 0.73 0.73 0.73 0.73498481 1.2024691 1.2 1.2 1.2 1.2 1.4157979 1.0950007 1.095 1.095 1.095 0.69000037 0.81499997 0.815 0.815 1.185 1.0300025 1.03 1.03 1.085 1.085 
1.515 1.515 1.2 1.2 1.2 1.9497502 1.95 1.95 1.105 1.105 1.105 1.105 1.105 1.36 1.36 1.36 1.36 1.36 1.375 1.375 1.375 1.375 1.375 0.57500004 0.575 0.575 0.575 0.73 0.73 0.73 0.73 0.73 1.42 1.42 1.2 1.2 1.2 1.2899847 1.29 1.095 1.095 1.095 1.0949999 0.69 0.69 0.69 1.185 1.185 1.185 1.4 1.4 1.085 1.085 
1.515 1.515 1.2 1.2 1.2 1.2 1.1999967 0.59 1.1045151 1.105 1.105 1.105 1.105 1.3568191 1.36 1.36 1.36 1.36 1.375 1.375 1.375 1.375 1.375 0.575 0.575 0.575 0.575 0.57500066 0.73 0.73 0.73 1.4199638 1.42 1.42 1.42 1.2 1.29 1.29 1.29 1.2848692 0.65242055 0.57 0.57 0.69 0.69 0.69 1.185 1.185 1.185 1.4 1.4 1.4 0.84951375 
1.08 1.0800034 1.2 1.2 1.2 1.2 0.59 0.59 0.59 1.105 1.105 1.105 1.105 1.1050793 1.36 1.36 1.36 1.36 1.3749995 1.375 1.375 1.375 0.71592096 0.575 0.575 0.575 0.575 0.97499967 0.975 0.975 0.73265529 1.42 1.42 1.42 1.42 1.39 1.29 1.29 1.29 1.29 0.57 0.57 0.57 0.95 0.95 0.95 1.4449747 1.185 1.185 1.4 1.4 1.4 0.82500064 
1.08 1.08 1.2 1.2 1.2 0.59 0.59 0.59 0.59 1.0485338 1.105 1.105 1.105 1.1049984 0.59008861 0.59 0.59 0.59 0.46544388 0.76 0.76 0.76 0.76 0.575 0.575 0.575 0.57502638 0.975 0.975 0.975 0.975 1.4199861 1.4031259 1.39 1.39 1.39 1.2872939 0.56501509 0.565 0.565 0.570047 0.63 0.63 0.95 0.95 0.9500021 1.445 1.445 1.09 1.09 1.09 1.19 1.055 
1.08 1.08 0.41 0.41 0.41 0.59 0.59 0.59 0.59 0.65 0.65 0.65 0.65 0.64577166 0.59 0.59 0.59 0.59 0.455 0.76 0.76 0.76 0.76 0.01 0.010000223 0.57499917 0.975 0.975 0.975 0.975 1.1471336 1.315 1.381076 1.39 1.39 1.39 0.565 0.565 0.565 0.565 0.63 0.63 0.63 1.2498045 1.25 1.4441235 1.445 1.445 1.0900016 1.09 1.19 1.19 1.055 
1.08 0.41 0.41 0.41 0.41 0.41 0.58879675 0.435 0.435 0.65 0.65 0.65 0.65 0.64998579 0.59 0.59 0.59 0.58390027 0.455 0.455 0.76 0.76 0.01 0.01 0.01 0.01 0.975 0.975 0.975 0.975 1.315 1.315 1.315 1.3899241 1.39 1.39 0.565 0.565 0.565 0.565 0.63 0.63 0.63 1.25 1.25 1.2500116 1.455 1.455 1.4 1.4 1.19 1.19 1.055 
0.41629213 0.41 0.41 0.41 0.41 0.41 0.435 0.435 0.435 0.55007699 0.65 0.65 0.65 0.65000228 0.59 0.59 0.59 0.455 0.455 0.455 0.75998476 0.75999542 0.01 0.01 0.01 0.01 0.97493141 0.975 0.975 1.3149218 1.315 1.315 1.315 1.315 1.3890822 0.88 0.88 0.87454838 0.565 0.565 0.62999994 0.63 1.2319734 1.25 1.25 1.4549999 1.455 1.455 1.4 1.4 1.055 1.055 0.775 
0.41 0.41 0.41 0.41 0.41 0.41 0.435 0.435 0.435 0.435 0.78499611 0.785 0.785 0.785 0.58999934 0.39449198 0.285 0.285 0.45468661 0.455 0.45500006 0.010001089 0.01 0.01 0.01 0.01 0.010701609 0.975 0.97501162 1.315 1.315 1.315 1.315 1.315 0.88 0.88 0.88 0.88 0.88 0.87999836 0.66 0.66 0.66000002 0.73 0.73 0.73 1.135 1.135 0.87 0.87 1.055 1.0549994 0.775 
0.41 0.41 0.41 0.41 0.41 0.41 0.435 0.435 0.435 0.785 0.785 0.785 0.785 0.785 0.6532012 0.285 0.285 0.285 0.285 0.285 0.29311694 0.010000005 0.01 0.01 0.010000003 0.031509692 0.69392661 0.93687218 1.3133233 1.315 1.315 1.315 1.315 1.314999 0.88 0.88 0.88 0.88 0.88 0.77765651 0.66 0.66 0.66 0.73 0.73 0.73 1.135 1.135 0.87 0.87 0.21500001 0.74410816 0.775 
0.41 0.41 0.41 0.41 0.41 0.41000001 0.43499999 0.435 0.44952695 0.785 0.785 0.785 0.785 0.785 0.76101692 0.285 0.285 0.285 0.285 0.285 0.285 0.58898622 0.69499904 0.695 0.695 0.695 0.695 0.695 0.49365426 0.49000977 0.49000002 0.49 0.49 0.49000028 0.88 0.88 0.88 0.88 0.88 0.66000003 0.66 0.66 0.66 0.66000003 0.72996794 0.71 1.135 0.28005092 0.8694699 0.215 0.215 0.2128174 0.11 
0.41 0.41 0.41 0.41 0.41 0.4100016 0.43499865 0.43502118 0.78499956 0.785 0.785 0.785 0.785 0.785 0.77548606 0.285 0.285 0.285 0.285 0.285 0.285 0.695 0.695 0.695 0.695 0.695 0.695 0.695 0.49005659 0.49 0.49 0.49 0.49 0.49 0.59685996 0.88 0.88 0.88 0.88 0.66 0.66 0.66 0.66 0.66001281 0.71 0.71 0.70721096 0.265 0.265 0.215 0.215 0.11 0.11 
0.41 0.41 0.41 0.41 0.41 0.41003334 0.43498017 0.74550479 0.785 0.785 0.785 0.785 0.785 0.785 0.77624664 0.285 0.285 0.285 0.285 0.285 0.34337655 0.695 0.695 0.695 0.695 0.695 0.695 0.695 0.49000082 0.49 0.49 0.49 0.49 0.49 0.49 0.62317674 0.22396638 0.0056791353 -0.027547629 0.60472035 0.65999998 0.66 0.66 0.70999601 0.71 0.70841816 0.44499914 0.265 0.265 0.080087233 0.08 0.08 0.10999998 
0.41 0.41 0.41 0.41 0.41000003 0.41020865 0.46508483 0.78490376 0.785 0.785 0.785 0.785 0.785 0.785 0.77332423 0.285 0.285 0.285 0.285 0.285 0.69499823 0.695 0.695 0.695 0.695 0.695 0.695 0.695 0.49000006 0.49 0.49 0.49 0.49 0.49 0.48999989 -0.045 -0.045 -0.045 -0.045000001 -0.2 -0.2 -0.2 -0.2 0.44500077 0.445 0.445 0.445 0.44500033 0.48 0.48 0.08 0.08 0.039548678 
0.41 0.41 0.41 0.41 0.4100007 0.41083765 0.76094563 0.78499543 0.785 0.785 0.785 0.785 0.785 0.785 0.76802691 0.28500021 0.285 0.285 0.285 0.28746761 0.695 0.695 0.695 0.695 0.695 0.695 0.695 0.695 0.49000005 0.49 0.49 0.49 0.49 0.49 -0.044999509 -0.045 -0.045 -0.045 -0.045 -0.2 -0.2 -0.2 -0.2 -0.025917273 0.445 0.445 0.445 0.47999961 0.48 0.48 0.025 0.025 0.025 
0.41 0.41 0.41 0.41000006 0.4100077 0.42895552 0.78369277 0.78499885 0.785 0.785 0.785 0.785 0.785 0.78499997 0.76085109 0.28501176 0.285 0.285 0.28500047 0.68669275 0.695 0.695 0.695 0.695 0.695 0.695 0.695 0.695 0.49000019 0.49 0.49 0.49 0.49 0.017832997 -0.045000033 -0.045 -0.045 -0.045 -0.045 -0.2 -0.2 -0.2 -0.2 -0.2 0.445 0.445 0.445 0.48 0.48 0.48 0.025 0.025 0.025 
0.41 0.41 0.41000002 0.41000074 0.41013634 0.61251731 0.78477084 0.7849993 0.785 0.785 0.785 0.785 0.785 0.78499906 0.75231962 0.28518261 0.28500001 0.28500001 0.28712277 0.69496514 0.695 0.695 0.695 0.695 0.695 0.695 0.695 0.69499988 0.49000128 0.49 0.48999954 -0.098296646 -0.155 -0.155 -0.155 -0.045 -0.045 -0.045 -0.045 -0.2 -0.2 -0.2 -0.2 -0.2 0.44498857 0.445 0.44500002 0.48 0.48 0.47999975 0.025 0.025 0.025 
