interpolatedSpi/04-05|22_1.tif
NCOLS 53
NROWS 52
XLLCORNER -116.03883
YLLCORNER 28.596182
DX 0.49850594
DY 0.49788537
NODATA_VALUE -9999
0.025 0.025 -0.21244445 0.085 0.245 0.385 0.405 0.035 -0.45985341 -1.125 -0.39 -0.155 -0.20001194 -0.345 -1.01 -1.01 -1.01 -0.2 -0.805 -0.805 -0.805 -0.80500775 -1.61 -0.44 -0.44 -0.44 0.19999601 0.2 0.2 0.14 0.14 0.14 0.14 1.4399997 1.44 1.44 1.44 1.44 1.44 1.44 1.2272919 1.2250435 1.395 1.395 1.395 1.395 1.3946733 1.195 1.195 1.195 1.8999985 1.9 1.9 
0.024951792 -1.06 -0.12499995 -0.080092707 -0.10487602 0.015 -0.08 -0.08010526 -0.37 -0.375 -0.09 -0.2 -0.2 0.14834944 -0.3449999 -1.01 -0.2 -0.2 -0.80421116 -0.805 -0.805 -0.805 -0.40104855 -0.44 -0.44 -0.44 0.75999992 0.76 0.14 0.14 0.14 0.14 0.14 1.4399998 1.44 1.44 1.44 1.44 1.44 1.5735898 2.3099127 1.5060274 1.395 1.395 1.395 1.395 1.395 1.195 1.195 1.195 1.2534593 1.9 1.9 
-0.14001789 -0.14 -0.08 0.11 -0.235 -0.655 -0.19 -0.44 -0.525 -0.18 -0.085 0.365 0.195 0.41 0.15 -0.77 -0.2 -0.2 -0.2 -0.30514535 -0.305 -0.305 0.3 -0.44 -0.44 -0.44 0.76 0.76 0.76 0.14 0.14 0.14000008 0.90542611 1.4403653 1.4405585 1.4994502 1.5 1.5 1.6018767 2.31 2.31 2.3088299 1.395 1.395 1.395 1.395 1.395 1.195 1.195 1.195 1.195 1.9 1.9 
-0.28 -0.14000012 -0.72493949 0.26 -0.79 -0.27 0.195 -0.38 -0.64 0.39310953 0.13 -0.075 0.075 0.41 -0.975 -0.77 -0.90892887 -0.90950253 -0.205 -0.305 -0.305 0.14 0.3 0.3 -0.44 -0.43999401 0.76 0.76 0.76 0.665 1.2493418 1.73 1.73 1.7299998 1.5 1.5 1.5 1.5 2.31 2.31 2.31 2.31 1.395 1.395 1.395 1.395 1.395 1.1950025 1.195 1.195 1.195 1.8999691 1.9 
-0.28 -0.095001155 -0.725 -0.51697978 -0.79 -0.435 0.1799971 0.23 -0.025 0.53999963 -0.0060613206 -0.26502578 -0.445 -0.975 -0.975 -0.84003445 -0.91 -0.91 -0.205 -0.205 -0.3049991 0.14 0.065 0.635 1.285 1.2849671 0.76 0.76 0.665 0.665 1.73 1.73 1.73 1.5989418 1.5 1.5 1.5 2.31 2.31 2.31 2.31 2.3099807 1.395 1.395 1.395 1.395 1.395 1.3932198 1.195 1.1949892 0.955 0.955 0.955 
-2.635 -0.595 -0.87499999 0.035 -1.115 -0.41 -0.44 -0.35422081 0.195 -0.29 -0.21 -0.765 -0.76499979 -0.63 -0.63 -1.0548069 -1.055 -0.24 -0.24 -0.205 0.25 0.25 0.635 1.285 1.285 1.145 1.125 1.125 1.1649544 0.665 1.73 1.73 1.035 1.0350899 1.8949384 1.855 1.855 2.1692354 2.31 2.31 2.1102494 2.11 2.1100008 1.9451145 1.9549381 1.9549999 1.955 1.9549998 1.7004376 0.955 0.955 0.955 0.955 
-0.60502628 -1.745 -1.5408932 -0.8 -0.815 -0.99 -0.805 -0.86 -0.805 -0.805 -0.21 -0.375 -0.23999999 -0.63 -0.25500112 -0.255 -1.055 -0.08 -0.205 -0.205 0.19580454 0.135 0.135 0.82000001 1.145 1.145 1.125 1.125 1.1649913 1.1648391 1.9820062 1.035 1.035 1.895 1.895 1.8904016 1.855 1.855 2.2649858 2.1100002 2.11 2.11 2.1100043 1.9550014 1.955 1.955 1.955 1.9549999 1.845 0.95517637 0.955 0.955 0.955 
-0.605 -0.125 -0.53 -2.235 -2.2050017 -1.31 -1.8 -1.42 -1.42 -0.605 -0.605 -0.18 -0.24 -0.24 -0.25489709 -0.67394821 -0.715 0.035 -0.41499978 -0.205 0.3634479 0.425 -0.315 0.225 0.22500555 0.655 1.25 1.25 1.0155256 1.015 1.985 0.81240992 1.34 1.895 1.8944296 1.92 1.92 2.265 2.265 2.11 2.11 2.11 2.203402 2.205 1.955 1.955 1.955 1.8450042 1.845 1.845 0.955 0.955 0.955 
-0.31161011 -0.125 0.17 -1.26 -1.635 -1.845 -1.8 -1.395 -1.04 -0.96823061 -0.32 0.069999992 0.07 0.18 0.17999488 -0.066811605 -0.065 -0.065 -0.033693191 -0.01500006 -0.3 -0.29999999 -0.075 -0.22041994 0.61166735 0.655 0.985 1.25 1.8216587 1.825 0.665 1.6 1.4111295 1.31 1.875 1.8 2.13 1.94 2.3648038 2.111473 2.44 1.96 2.20493 2.205 2.2035929 1.955 1.84 1.845 1.845 1.845 1.845 1.0178763 1.065 
-1.355 -1.355 0.005 -1.015 -1.785 -1.96 -2.11 -1.835 -1.225 -0.95010744 -0.675 -0.645 0.18 0.18 -0.365 -0.36088536 -0.065 -0.065083772 -0.45 -0.015 -0.015 -0.051717555 -0.075 0.054997538 0.055 0.055 0.985 1.455 1.455 1.825 1.825 1.5992888 1.225 1.31 1.85 1.8 2.13 2.19 2.365 1.3959639 1.96 1.8920422 1.775 2.205 2.205 1.84 1.84 1.84 1.845 1.845 1.46 1.46 1.4599999 
-1.355 -1.355 -0.225 -0.58 -1.04 -1.28 -1.63 -0.9653843 -1.35 -1.04 -1.025 -1.31 -0.64588409 -0.365 -0.365 -0.36499019 -0.28 -0.2889224 -0.45 0.245 0.245 0.285 0.285 0.055 0.055 0.055 1.455 1.455 1.455 0.915 0.915 0.91500051 1.945 1.945 1.68 1.625 2.195 1.725002 2.12 1.38 1.38 1.7250002 1.775 2.205 1.9550002 2.12 1.9296124 1.93 2.25 2.25 1.46 1.46 1.46 
-1.355 -0.86711697 -0.37649116 -0.5849887 0.345 -1.235 -1.63 -0.965 -1.3499968 -1.0434344 -1.3099996 -1.31 -1 -0.365 -0.365 -0.28 -0.28 -0.28000968 -0.45 0.245 0.25285519 0.285 0.285 0.055009379 0.055 0.54314855 1.54 1.54 1.54 0.915 0.915 1.15 1.15 1.9449993 1.68 2.1599999 2.1573168 1.725 1.725 1.38 1.725 1.725 1.7250017 1.955 1.955 2.12 1.93 1.93 2.25 2.25 1.46 1.46 1.46 
0.285 -0.08187787 -0.065018768 -0.06875501 0.34499175 -1.2349627 -1.63 -0.97318577 -1.3234696 -1.3419051 -1 -1 -1 -1 -0.36508995 -0.28 -0.28 -0.28219497 -0.45 0.24504335 0.41 0.41 0.41 0.41 0.062260429 1.54 1.54 1.54 1.54 1.5396188 1.15 1.15 1.15 1.15 2.16 2.16 2.16 1.7462485 1.7250376 1.73 1.73 1.7250003 1.750007 1.9549803 1.955 2.12 1.93 1.93 2.25 2.25 1.462866 1.46 1.4243094 
0.285 -0.065 -0.065 -0.065 -0.065 -0.065000482 -1.6289887 -1.3153967 -1.2526888 -1.0003691 -1 -1 -1 -1 -0.99999945 -0.28 -0.28000003 -0.29166084 -0.44999484 0.41 0.41 0.41 0.41 0.41 0.42340687 1.4560904 1.48 1.48 1.48 1.48 1.15 1.15 1.1500004 1.445 1.445 2.16 1.9412569 1.935 1.7300001 1.73 1.73 1.73 1.75 1.75 1.75 1.7525749 1.9101696 1.91 1.91 1.91 1.91 1.22 1.22 
1.07 -0.065 -0.065 -0.065 -0.065 -0.065 -0.065000099 -0.83247947 -0.26464564 -0.26 -0.26 -0.26 -0.26 -0.26 -0.26000001 0.81771037 -0.26224126 -0.3032784 0.40989193 0.41 0.41 0.41 0.41 0.41000059 1.03 1.03 1.0300006 1.48 1.48 1.4788786 0.92 0.92 1.445 1.445 1.445 1.8565072 1.935 1.935 1.935 1.73 1.73 1.73 1.75 1.75 1.75 1.75 1.91 1.91 1.91 1.91 1.91 1.22 1.22 
1.07 0.64745239 -0.065 -0.065 -0.065 -0.065 0.76983612 0.77 0.76999997 -0.26 -0.26 -0.26 -0.26 -0.26 -0.017332304 0.84 0.84 0.84 0.91346222 0.91499948 0.915 0.915 0.915 0.915 1.03 1.03 1.03 1.03 1.48 0.92 0.92 0.92 1.445 1.445 1.445 1.695 1.9346822 1.935 1.935 1.7299477 1.6252903 1.3810461 1.75 1.75 1.0471757 1.045 1.045 1.9077632 0.55475258 0.55000012 0.55000026 0.67008322 1.2199989 
1.07 1.1040601 0.52707386 -0.065 -0.065 0.76950664 0.77 0.77 0.77 0.76257752 -0.26 -0.26 -0.26 -0.25999987 0.84 0.84 0.84 0.84 0.914933 0.915 0.915 0.915 0.915 0.915 1.03 1.03 1.03 1.03 1.0295999 0.92 0.92 0.92 1 1.4450147 1.695 1.695 1.695 1.6917201 1.4151352 1.38 1.38 1.38 0.905 0.905 1.045 1.045 1.045 0.55000001 0.55 0.55 0.55 0.67 0.67 
1.1050603 1.105 1.105 1.105 0.51 0.76999329 0.77 0.77 0.77 0.77 -0.13016007 -0.25997765 -0.25999995 0.84 0.84 0.84 0.84 0.84 0.84398575 0.915 0.915 0.915 0.915 0.915 0.74579522 0.38500349 0.385 0.385 0.385 0.92 1 1 1 1 1.695 1.6949921 1.395 1.395 1.3801873 1.38 1.38 1.38 0.905 0.905 1.0233232 1.045 1.045 0.55 0.55 0.55 0.55128671 0.67 0.67 
1.105 1.105 1.105 0.82480562 0.51 0.51 0.77 0.77 0.77 0.77 1.455 1.455 1.455 0.84 0.84 0.84 0.84 0.84000992 0.81 0.81 0.91499996 0.915 0.91000911 0.71 0.70707416 0.385 0.385 0.385 0.385 0.99993738 1 1 1 1 1.3950011 1.395 1.395 1.395 1.3949225 1.38 1.38 1.38 0.905 0.905 0.905 1.045 1.045 0.55000001 0.55 0.55 0.67 0.67 0.67 
1.105 1.105 1.105 0.51 0.51 0.51 0.5100004 0.77 0.77 1.4542929 1.455 1.455 1.455 1.4546168 0.88856534 0.9 0.9 0.9 0.81 0.81 0.81 0.71 0.71 0.71 0.70985433 0.28271776 0.385 0.385 0.385 0.49783622 0.40005901 0.4 0.4 0.4 1.2151409 0.96500098 0.965 0.965 0.965 0.35014093 0.35 0.35 0.905 0.905 0.36000228 0.36000004 0.47 0.47 0.5 0.5 0.5 0.67 -0.094315997 
1.1049992 1.105 1.105 0.51 0.51 0.51 0.50999999 -0.029999767 0.76680129 1.4543562 1.455 1.455 1.455 1.4539109 0.9 0.9 0.9 0.89999997 0.81 0.81 0.81 0.71 0.71 0.71 0.19 0.19 -0.15499999 -0.155 -0.155 -0.1519723 0.4 0.4 0.4 0.4 0.68234473 0.965 0.965 0.965 0.965 0.35 0.35 0.35 0.35031464 0.36 0.36 0.36 0.47 0.47 0.5 0.5 0.5 -0.09499998 -0.095 
0.835 0.94142342 0.3 0.30006092 0.51 -0.026875578 -0.03 -0.03 0.057450871 0.74499999 0.745 0.745 0.745 0.68000212 0.68 0.89999983 0.9 0.89762863 0.81 0.81 0.81 -0.015 -0.015 -0.015 0.19 0.19 -0.155 -0.155 -0.155 -0.15499978 0.14500162 0.14500072 0.39359096 0.39972662 0.075376171 0.075 0.075 0.075 0.075 0.35 0.35 0.35 0.35944893 0.36 0.36 0.35999994 0.47 0.47 0.47000108 0.5 0.49996445 -0.295 -0.095 
0.54005602 0.53999996 0.3 0.3 0.3 -0.03 -0.03 -0.03 0.21 0.21 0.745 0.745 0.745 0.68 0.68 0.68 0.68 0.68001526 0.81 0.81 0.80999997 -0.015 -0.015 -0.015 0.19 0.19 -0.155 -0.155 -0.155 0.14161748 0.145 0.145 0.145 0.145 0.075034541 0.075 0.075 0.075 0.075 -0.30499983 -0.305 -0.305 -0.305 0.35999758 0.045 0.045 0.045 -0.015 -0.015 -0.015 -0.295 -0.295 -0.295 
0.54 0.54 0.3 0.3 0.3 -0.028265461 -0.03 0.21 0.21 0.21 0.74493414 0.745 0.25881079 0.67999988 0.68 0.68 0.68 0.045000001 0.045 0.045 -0.52499999 -0.52499962 -0.015002484 -0.015 -0.015138081 -0.345 -0.345 -0.34499955 -0.15503071 2.8896504e-05 7.7181245e-07 2.5315082e-05 0.14475218 0.14487487 0.087372189 0.074999822 0.073458436 -0.385 -0.385 -0.305 -0.305 -0.305 -0.305 0.045 0.045 0.045 0.045 -0.015 -0.015 -0.015 -0.295 -0.295 -0.295 
0.54 0.54 0.3 0.3 0.3 0.3 0.059824989 0.21 0.21 0.21 0.20996686 0.15 0.15 0.15 0.67687659 0.68 0.049231483 0.045 0.045 0.045 -0.525 -0.525 -0.525 -0.525 -0.345 -0.345 -0.345 -0.345 -0.345 3.5661998e-18 3.9224561e-36 2.9920374e-143 8.3958753e-38 -4.7389831e-07 -0.225 -0.385 -0.385 -0.385 -0.385 -0.38499884 -0.03 -0.03 -0.03 -0.025118408 -0.015 -0.015 -0.015 -0.015 -0.015000145 -0.165 -0.165 0.084907555 0.085 
0.54 0.54 0.38662315 0.3 0.3 0.29999998 -0.53367798 0.20765217 0.21 0.21 0.14999992 0.15 0.15 0.15 0.15 0.19342677 0.045 0.045 0.045 0.045 -0.52499559 -0.525 -0.525 -0.525 -0.345 -0.345 -0.345 -0.345 -0.345 -0.62072339 -4.9603007e-18 -4.4889693e-40 -2.2733406e-11 -0.225 -0.225 -0.22512424 -0.385 -0.385 -0.1936553 -0.045000029 -0.03 -0.03 -0.03 -0.026170927 -0.015 -0.015 -0.015 -0.405 -0.16799038 -0.165 -0.165 0.085 0.085 
-0.335 -0.335 -0.335 0.14078804 0.29886666 -0.535 -0.535 -0.535 -0.535 -0.24 -0.24 0.14999997 0.15 0.15 0.15 0.14999331 0.045 0.045 0.045 0.045 -0.27627049 -0.525 -0.525 -0.53664584 -0.94216945 -0.345 -0.345 -0.345 -0.84 -0.84 -0.84 -0.83999647 -0.225 -0.225 -0.225 -0.225 -0.045 -0.045 -0.045 -0.045 0.02 0.02 0.02 -0.29499367 -0.295 -0.295 -0.29499991 -0.405 -0.405 -0.16529243 -0.165 0.084999294 0.085 
-0.335 -0.335 -0.335 -0.33500727 -0.47 -0.47945207 -0.535 -0.535 -0.535 -0.24 -0.24 -0.24 -0.79999996 -0.8 -0.8 -0.79999998 0.04365361 0.045 0.045 0.045 0.036332479 -0.96999878 -0.97 -0.97 -0.97 -0.97 -1.25 -1.25 -0.84 -0.84 -0.84 -0.84 -0.22500017 -0.225 -0.225 -0.22501873 -0.044999997 -0.045 -0.045 -0.044495515 0.02 0.02 0.02 -0.29498539 -0.295 -0.295 -0.295 -0.405 -0.405 -0.40499995 -0.055 -0.055 -0.36 
-0.335 -0.335 -0.335 -0.46999969 -0.47 -0.47 -0.53499998 -0.535 -0.535 -0.24 -0.24 -0.24 -0.8 -0.8 -0.8 -0.79162245 -0.69 -0.69 -0.6899981 0.04084852 -0.97 -0.97 -0.97 -0.97 -0.97 -0.97021071 -1.25 -1.25 -1.25 -0.84 -0.84 -0.84013195 -0.455 -0.455 -0.455 -0.455 -0.455 0.07 0.07 0.07 0.19 0.020053324 0.019998918 -0.125 -0.125 -0.13144281 -0.29499974 -0.405 -0.405 -0.055 -0.055 -0.055 -0.36 
-0.335 -0.335 -0.335 -0.47 -0.47 -0.47 -0.47 -0.535 -0.535 -0.24 -0.24 -0.77760808 -0.8 -0.8 -0.8 -0.69 -0.69 -0.69 -0.69 -0.69 -0.97 -0.97 -0.97 -0.97 -0.97 -1.249999 -1.25 -1.25 -1.25 -1.045 -1.045 -1.045 -0.455 -0.455 -0.455 -0.455 -0.455 0.07 0.07 0.19 0.19 0.19 -0.125 -0.125 -0.125 -0.125 -0.086390753 0.345 0.345 0.345 -0.054999997 0.075 0.075 
-0.335 -0.335 -0.33518799 -0.47 -0.47 -0.47 -0.47 -1.2744499 -1.315 -1.3131544 -0.24000004 -0.80003517 -0.8 -0.8 -0.79999962 -0.69 -0.69 -0.69 -0.69 -0.69 -0.86928719 -0.97 -0.97 -0.97 -0.97000309 -1.2499851 -1.25 -1.25 -1.25 -1.045 -1.045 -1.045 -1.0449156 -0.455 -0.455 -0.455 -0.455 -0.45497845 0.070008184 0.19 0.19 0.19 -0.12498088 -0.125 -0.125 -0.125 0.34500186 0.345 0.345 0.345 0.075000001 0.075 0.075 
-2.25 -2.2499967 -0.46999184 -0.47 -0.47 -0.47 -1.3148202 -1.315 -1.315 -1.315 -1.22 -1.22 -1.22 -1.22 -0.69244609 -0.69 -0.69 -0.69 -0.69 -0.8649999 -0.865 -0.865 -0.985 -0.985 -0.985 -0.985 -1.0078729 -1.25 -1.1350047 -1.135 -1.135 -1.135 -1.135 -0.53 -0.53 -0.53 -0.53 -0.53 0.28 0.28 0.28 0.28 0.28 0.5340051 0.535 0.535 0.535 0.345 0.345 0.345 0.075042537 0.075 0.075 
-2.25 -2.25 -2.24012 -1.0699988 -1.0699999 -1.0702384 -1.315 -1.315 -1.315 -1.315 -1.22 -1.22 -1.22 -1.22 -1.22 -0.69 -0.69 -0.69 -0.86499996 -0.865 -0.865 -0.865 -0.985 -0.985 -0.985 -0.985 -0.985 -0.98505622 -1.1349459 -1.135 -1.135 -1.135 -1.1349783 -0.46197181 -0.52992956 -0.53 -0.53 -0.53 0.28 0.28 0.28 0.28 0.28 0.535 0.535 0.535 0.535 0.44615229 0.345 0.67131821 0.675 0.255 0.255 
-2.25 -2.25 -1.0701495 -1.07 -1.07 -1.07 -1.132229 -1.315 -1.315 -1.315 -1.22 -1.22 -1.22 -1.22 -1.22 -0.69040967 -0.69 -0.86494869 -0.865 -0.865 -0.865 -0.865 -0.94054522 -0.985 -0.985 -0.985 -0.985 -0.98500692 -0.995 -0.995 -0.995 -0.995 -0.995 -0.41 -0.41 -0.41 -0.41 -0.41 0.26 0.26 0.26 0.26 0.26 0.53634292 0.53500028 0.535 0.53509323 0.54623811 0.675 0.675 0.675 0.25500235 0.255 
-2.2499974 -0.84787925 -1.07 -1.07 -1.07 -1.07 -1.07 -1.3148957 -1.315 -1.315 -1.22 -1.22 -1.22 -1.22 -1.4204467 -1.425 -1.425 -0.86501441 -0.865 -0.865 -0.865 -0.865 -0.86500016 -0.985 -0.985 -0.985 -0.985 -0.57000041 -0.5700002 -0.66045033 -0.995 -0.995 -0.995 -0.41 -0.41 -0.41 -0.41 -0.41000339 0.26 0.26 0.26 0.26 0.26001609 1.085 1.085 1.085 1.085 1.0849669 0.675 0.675 0.675 0.67499987 0.45698088 
-0.82 -0.82 -0.91583173 -1.07 -1.07 -1.07 -1.07 -1.07 -1.314897 -1.92 -1.92 -1.92 -1.9183388 -1.4249997 -1.425 -1.425 -1.425 -1.425 -0.86500743 -0.92859495 -1.485 -1.485 -1.485 -1.3636511 -1.0934493 -1.6737409 -2.1623817 -0.57 -0.57 -0.57 -0.57 -0.57 -0.58479804 -0.41623458 -0.415 -0.415 -0.415 -0.415 0.29944909 0.46999962 0.47 0.47 0.47 0.94000043 1.085 1.085 1.085 0.99 0.67500505 0.675 0.675 0.46 0.46 
-0.82 -0.82 -1.155 -1.155 -1.155 -1.0700283 -1.07 -1.07 -1.92 -1.92 -1.92 -1.92 -1.92 -1.425 -1.425 -1.425 -1.425 -1.425 -1.485 -1.485 -1.485 -1.485 -1.485 -2.34 -2.34 -2.34 -2.34 -0.57000001 -0.57 -0.57 -0.57 -0.57 -0.525 -0.525 -0.415 -0.415 -0.415 0.28987994 0.29 0.47 0.47 0.47 0.47000006 0.94 0.94 0.94 0.99 0.99 0.99 0.73 0.73 0.46 0.46 
-0.82 -0.82 -1.155 -1.155 -1.155 -1.155 -1.1550004 -1.235 -1.9193551 -1.92 -1.92 -1.92 -1.92 -1.4311747 -1.425 -1.425 -1.425 -1.425 -1.485 -1.485 -1.485 -1.485 -1.485 -2.34 -2.34 -2.34 -2.34 -2.3399927 -0.57 -0.57 -0.57 -0.52500236 -0.525 -0.525 -0.525 -0.415 0.28999999 0.29 0.29 0.29473614 0.79034322 0.85 0.85 0.94 0.94 0.94 0.99 0.99 0.99 0.73 0.73 0.73 0.3105568 
-1.08 -1.079998 -1.155 -1.155 -1.155 -1.155 -1.235 -1.235 -1.235 -1.92 -1.92 -1.92 -1.92 -1.9198461 -1.425 -1.425 -1.425 -1.425 -1.484999 -1.485 -1.485 -1.485 -2.1893794 -2.34 -2.34 -2.34 -2.34 -0.97000112 -0.97 -0.97 -0.57429139 -0.525 -0.525 -0.525 -0.52499973 -0.245 0.29 0.29 0.29 0.29 0.85 0.85 0.85 0.595 0.595 0.595 0.47505015 0.99 0.99 0.73 0.73 0.73 0.29499985 
-1.08 -1.08 -1.155 -1.155 -1.155 -1.235 -1.235 -1.235 -1.235 -1.8448952 -1.92 -1.92 -1.92 -1.9199985 -1.8399522 -1.84 -1.84 -1.84 -1.4528918 -1.67 -1.67 -1.67 -1.67 -2.34 -2.34 -2.34 -2.3399096 -0.97 -0.97 -0.97 -0.97 -0.52502892 -0.3675081 -0.245 -0.245 -0.245 0.28951292 0.16000271 0.16 0.16 0.84951436 0.23000002 0.23 0.595 0.595 0.59499949 0.475 0.475 0.41 0.41 0.41 0.14 0.24 
-1.08 -1.08 -0.415 -0.415 -0.415 -1.235 -1.235 -1.235 -1.235 -1.34 -1.34 -1.34 -1.34 -1.3752362 -1.84 -1.84 -1.84 -1.84 -1.445 -1.67 -1.67 -1.67 -1.67 -1.485 -1.4850003 -2.3399987 -0.97 -0.97 -0.97 -0.97 -0.89659009 -0.825 -0.31401205 -0.245 -0.245 -0.245 0.16 0.16 0.16 0.16 0.23 0.23 0.23 0.39994639 0.4 0.47466288 0.475 0.475 0.40999956 0.41 0.14 0.14 0.24 
-1.08 -0.415 -0.415 -0.415 -0.415 -0.415 -1.2324771 -0.91 -0.91 -1.34 -1.34 -1.34 -1.34 -1.3401184 -1.84 -1.84 -1.84 -1.8221526 -1.445 -1.445 -1.67 -1.67 -1.485 -1.485 -1.485 -1.485 -0.97 -0.97 -0.97 -0.97 -0.825 -0.825 -0.825 -0.24558691 -0.245 -0.245 0.16 0.16 0.16 0.16 0.23 0.23 0.23 0.4 0.4 0.40000425 0.475 0.475 0.31 0.31 0.14 0.14 0.24 
-0.42124518 -0.415 -0.415 -0.415 -0.415 -0.415 -0.91 -0.91 -0.91 -1.140154 -1.34 -1.34 -1.34 -1.3400009 -1.84 -1.84 -1.84 -1.445 -1.445 -1.445 -1.6699888 -1.6699989 -1.485 -1.485 -1.485 -1.485 -0.97003661 -0.97 -0.97 -0.82503335 -0.825 -0.825 -0.825 -0.825 -0.24633846 -0.205 -0.205 -0.19868304 0.16 0.16 0.22999994 0.23 0.39505721 0.4 0.4 0.47499997 0.475 0.475 0.31 0.31 0.39 0.39 0.2 
-0.415 -0.415 -0.415 -0.415 -0.415 -0.415 -0.91 -0.91 -0.91 -0.91 -1.2650022 -1.265 -1.265 -1.265 -1.8399975 -1.4009082 -1.155 -1.155 -1.4444654 -1.445 -1.445 -1.4850003 -1.485 -1.485 -1.485 -1.485 -1.4846256 -0.97 -0.96999504 -0.825 -0.825 -0.825 -0.825 -0.825 -0.205 -0.205 -0.205 -0.205 -0.205 -0.20499856 -0.15 -0.15 -0.15000004 -0.275 -0.275 -0.275 -0.225 -0.225 -0.085 -0.085 0.39 0.38999959 0.2 
-0.415 -0.415 -0.415 -0.415 -0.415 -0.415 -0.91 -0.91 -0.91 -1.265 -1.265 -1.265 -1.265 -1.265 -1.2360043 -1.155 -1.155 -1.155 -1.155 -1.155 -1.1688465 -1.485 -1.485 -1.485 -1.485 -1.4813889 -1.3701802 -1.0244668 -0.82571506 -0.825 -0.825 -0.825 -0.825 -0.82499864 -0.205 -0.205 -0.205 -0.205 -0.205 -0.17941413 -0.15 -0.15 -0.15 -0.275 -0.275 -0.275 -0.225 -0.225 -0.085 -0.085 0.16 0.1977935 0.2 
-0.415 -0.415 -0.415 -0.415 -0.415 -0.41500015 -0.90999989 -0.91 -0.92473448 -1.265 -1.265 -1.265 -1.265 -1.265 -1.2597237 -1.155 -1.155 -1.155 -1.155 -1.155 -1.155 -1.3869064 -1.3700002 -1.37 -1.37 -1.37 -1.37 -1.37 -1.0640042 -1.0599972 -1.06 -1.06 -1.06 -1.0599994 -0.205 -0.205 -0.205 -0.205 -0.205 -0.15000001 -0.15 -0.15 -0.15 -0.15000006 -0.275 -0.275 -0.22500001 -0.205346 -0.085105144 0.16 0.16 0.15885673 0.105 
-0.415 -0.415 -0.415 -0.415 -0.415 -0.41503162 -0.9099733 -0.91002148 -1.2649996 -1.265 -1.265 -1.265 -1.265 -1.265 -1.2629069 -1.155 -1.155 -1.155 -1.155 -1.155 -1.155 -1.37 -1.37 -1.37 -1.37 -1.37 -1.37 -1.37 -1.0600856 -1.06 -1.06 -1.06 -1.06 -1.06 -0.82573008 -0.205 -0.205 -0.205 -0.205 -0.15 -0.15 -0.15 -0.15 -0.15003202 -0.275 -0.275 -0.27456127 -0.205 -0.205 0.16 0.16 0.105 0.105 
-0.415 -0.415 -0.415 -0.415 -0.415 -0.41566015 -0.9094224 -1.2249406 -1.265 -1.265 -1.265 -1.265 -1.265 -1.265 -1.2630743 -1.155 -1.155 -1.155 -1.155 -1.155 -1.1856121 -1.37 -1.37 -1.37 -1.37 -1.37 -1.37 -1.37 -1.0600012 -1.06 -1.06 -1.06 -1.06 -1.06 -1.06 -0.42296695 -0.76174204 -0.94699122 -0.9751811 -0.19467367 -0.15000002 -0.15 -0.15 -0.27499002 -0.275 -0.27693999 -0.59999811 -0.205 -0.205 0.074978192 0.075 0.075 0.10499999 
-0.415 -0.415 -0.415 -0.415 -0.4150005 -0.41912826 -0.93722432 -1.2649024 -1.265 -1.265 -1.265 -1.265 -1.265 -1.265 -1.2624313 -1.155 -1.155 -1.155 -1.155 -1.155 -1.3699991 -1.37 -1.37 -1.37 -1.37 -1.37 -1.37 -1.37 -1.0600001 -1.06 -1.06 -1.06 -1.06 -1.06 -1.06 -0.99 -0.99 -0.99 -0.99 -0.845 -0.845 -0.845 -0.845 -0.59999906 -0.6 -0.6 -0.6 -0.59999362 -0.025 -0.025 0.075 0.075 0.2624461 
-0.415 -0.415 -0.415 -0.41500004 -0.41501382 -0.42859972 -1.2397933 -1.2649954 -1.265 -1.265 -1.265 -1.265 -1.265 -1.265 -1.2612659 -1.155 -1.155 -1.155 -1.155 -1.156294 -1.37 -1.37 -1.37 -1.37 -1.37 -1.37 -1.37 -1.37 -1.0600001 -1.06 -1.06 -1.06 -1.06 -1.06 -0.99000006 -0.99 -0.99 -0.99 -0.99 -0.845 -0.845 -0.845 -0.845 -0.77887555 -0.6 -0.6 -0.6 -0.025006432 -0.025 -0.025 0.345 0.345 0.345 
-0.415 -0.415 -0.41500002 -0.41500112 -0.41513636 -0.48199372 -1.2635782 -1.2649988 -1.265 -1.265 -1.265 -1.265 -1.265 -1.265 -1.2596872 -1.1550026 -1.155 -1.155 -1.1550002 -1.3656438 -1.37 -1.37 -1.37 -1.37 -1.37 -1.37 -1.37 -1.37 -1.0600003 -1.06 -1.06 -1.06 -1.06 -0.29501668 -0.9899997 -0.99 -0.99 -0.99 -0.99 -0.845 -0.845 -0.845 -0.845 -0.845 -0.6 -0.6 -0.6 -0.025000006 -0.025 -0.025 0.345 0.345 0.345 
-0.41500001 -0.41500003 -0.41500047 -0.41501334 -0.41590892 -0.89367926 -1.264739 -1.2649993 -1.265 -1.265 -1.265 -1.265 -1.265 -1.2649998 -1.2578103 -1.1550402 -1.155 -1.155 -1.1561132 -1.3699817 -1.37 -1.37 -1.37 -1.37 -1.37 -1.37 -1.37 -1.3699998 -1.0600019 -1.06 -1.0599993 -0.10686823 -0.015 -0.015 -0.015 -0.99 -0.99 -0.99 -0.99 -0.845 -0.845 -0.845 -0.845 -0.845 -0.60000434 -0.6 -0.59999972 -0.025000041 -0.025 -0.024999799 0.345 0.345 0.345 
