interpolatedSpi/04-06|21_3.tif
NCOLS 53
NROWS 52
XLLCORNER -116.03883
YLLCORNER 28.596182
DX 0.49850594
DY 0.49788537
NODATA_VALUE -9999
[rows 0 to 38 of 52, columns 0 to 52 of 53]
-0.7 -0.7 -0.59057693 -1.0525 -0.9825 -1.2825 -1.35 -1.09 -1.113169 -1.4275 -1.4775 -1.1425 -1.6274146 -0.59 -1.1875 -1.1875 -1.1875 -0.735 -0.5375 -0.5375 -0.5375 -0.5375019 -0.735 -0.6375 -0.6375 -0.6375 0.047490579 0.0475 0.0475 -0.515 -0.515 -0.515 -0.515 -1.1424999 -1.1425 -1.1425 -1.1425 -1.1425 -1.1425 -1.1425 0.52207015 0.53959366 -1.055 -1.055 -1.055 -1.055 -1.053873 -0.365 -0.365 -0.365 1.3274965 1.3275 1.3275
-0.70003132 -1.405 -1.1599995 -1.2281629 -1.1775923 -0.8075 -0.805 -1.2077368 -1.3575 -1.6375 -1.4025 -1.6275 -1.6275 -0.89149132 -0.59000893 -1.1875 -0.735 -0.735 -0.53775751 -0.5375 -0.5375 -0.5375 -0.66631881 -0.6375 -0.6375 -0.6375 -0.77999999 -0.78 -0.515 -0.515 -0.515 -0.515 -0.515 -1.1424999 -1.1425 -1.1425 -1.1425 -1.1425 -1.1425 -1.0681054 -0.7200058 -1.0143503 -1.055 -1.055 -1.055 -1.055 -1.055 -0.365 -0.365 -0.365 -0.22465628 1.3275 1.3275
-1.297483 -1.2975 -0.77 -0.6325 -1.015 -1.225 -0.635 -1.025 -1.3575 -1.4425 -1.1 -1.4975 -0.8 -1.5075 -0.8925 -1.6925 -0.735 -0.735 -0.735 -1.1698161 -1.17 -1.17 -1.185 -0.6375 -0.6375 -0.6375 -0.78 -0.78 -0.78 -0.515 -0.515 -0.51500002 -0.74847903 -1.1411417 -1.1367524 -0.53065844 -0.525 -0.525 -0.54952586 -0.72 -0.72 -0.72042838 -1.055 -1.055 -1.055 -1.055 -1.055 -0.365 -0.365 -0.365 -0.365 1.3275 1.3275
-0.3425 -1.2975 -1.3975494 -0.425 -1.25 -1.1225 -0.9125 -1.1325 -1.3 -1.1934372 -1.275 -1.835 -1.705 -1.5075 -1.405 -1.6925 -1.8363906 -1.8367275 -1.81 -1.17 -1.17 -1.81 -1.185 -1.185 -0.6375 -0.63750071 -0.78 -0.78 -0.78 -1.105 -1.0473888 -1 -1 -0.99999962 -0.525 -0.525 -0.525 -0.525 -0.72 -0.72 -0.72 -0.72000001 -1.055 -1.055 -1.055 -1.055 -1.055 -0.3650087 -0.365 -0.365 -0.365 1.3274452 1.3275
-0.3425 0.16749713 -1.3975 -1.6611303 -1.25 -0.9575 -1.3924893 -1.035 -0.9825 -1.3674999 -1.6620199 -1.8048475 -0.74 -1.405 -1.405 -1.5996439 -1.8375 -1.8375 -1.81 -1.81 -1.1700012 -1.81 -1.65 -0.8175 -0.3575 -0.35749835 -0.78 -0.78 -1.105 -1.105 -1 -1 -1 -0.8915705 -0.525 -0.525 -0.525 -0.72 -0.72 -0.72 -0.72 -0.71997128 -1.055 -1.055 -1.055 -1.055 -1.055 -1.0488581 -0.365 -0.36499933 -0.35 -0.35 -0.35
-1.5075 -0.7075 -0.95250001 -1.2025 -1.87 -1.535 -1.6275 -1.551643 -1.235 -0.8 -0.7825 -0.2025 -0.20250035 -0.9325 -0.9325 -1.4150682 -1.415 -1.2025 -1.2025 -1.8099992 -1.525 -1.525 -0.8175 -0.3575 -0.3575 -0.35 -0.795 -0.795 -0.3750664 -1.105 -1 -1 -0.425 -0.42504754 -0.87996749 -1.145 -1.145 -0.85148345 -0.72 -0.72 -0.42287105 -0.4225 -0.42250023 -1.2170873 -1.2199818 -1.22 -1.22 -1.2199999 -0.96659856 -0.35 -0.35 -0.35 -0.35
-0.0024983127 -0.4525 0.34587919 -0.635 -1.2 -1.8625 -1.2675 -1.1 -1.01 -1.01 -0.7825 -1.025 -0.41250019 -0.9325 -1.6974977 -1.6975 -1.415 -1.5225 -0.915 -0.915 -1.4248562 -1.3125 -1.3125 -0.19 -0.35 -0.35 -0.795 -0.795 -0.37500481 -0.37508852 -0.87620302 -0.425 -0.425 -0.88 -0.88 -1.1844864 -1.145 -1.145 -0.98250563 -0.42250078 -0.4225 -0.4225 -0.42250288 -1.2200006 -1.22 -1.22 -1.22 -1.2199999 -1.0925 -0.35014714 -0.35 -0.35 -0.35
-0.0025 0.4475 0.48 -1.39 -1.6699839 -1.4925 -1.34 -1.4375 -1.6125 -1.4525 -1.4525 -1.1175 -0.4125 -0.4125 -1.6886837 -1.9320199 -1.955 -1.1075 -1.0324999 -0.915 -0.46721645 -0.46 -0.7975 0.014999997 0.014997098 -0.21 -0.4575 -0.45750012 -0.45721091 -0.45750001 -0.8775 -1.2635315 -0.8825 -0.88 -0.89732663 -1.2175 -1.2175 -0.9825 -0.9825 -0.4225 -0.4225 -0.4225 -1.3163482 -1.32 -1.22 -1.22 -1.22 -1.0925049 -1.0925 -1.0925 -0.35 -0.35 -0.35
0.072762617 0.4475 0.4125 -0.1125 -1.305 -1.5025 -1.635 -1.59 -1.6375 -1.3304865 -1.18 -1 -1 -0.98 -0.98000301 -1.5635939 -1.5625 -1.5625 -1.0960511 -0.91749992 -0.545 -0.545 -0.68 -0.75119518 -0.18732594 -0.21 -0.15 -0.4575 -0.91234147 -0.915 -1.37 -0.8525 -1.074107 -1.5875 -1.4875 -1.705 -1.6275 -1.31 -1.1925543 -0.42283478 -0.4975 -0.855 -1.319908 -1.32 -1.3194371 -1.22 -1.2325 -1.0925 -1.0925 -1.0925 -1.0925 -0.27529554 -0.0825
-2.0225 -2.0225 0.5075 -0.4525 -1.3525 -1.5325 -1.255 -1.5275 -1.7175 -1.252513 -1.38 0.05 -0.98 -0.98 -1.3 -1.3036003 -1.5625 -1.5624763 -1.395 -0.9175 -0.9175 -0.86950951 -0.68 -0.68249995 -0.6825 -0.6825 -0.15 -0.155 -0.155 -0.915 -0.915 -0.85333451 -1.2925 -1.5875 -0.9175 -1.705 -1.6275 -1.135 -1.1925 -0.82603711 -0.85499998 -0.81826606 -0.755 -1.32 -1.32 -1.2325 -1.2325 -1.2325 -1.0925 -1.0925 0.25 0.25 0.24999988
-2.0225 -2.0225 -0.4025 -1.46 -1.1475 -0.895 -1.335 -1.1626558 -1.2625 -1.1075 -1.185 -0.6175 0.049109835 -1.3 -1.3 -1.3000839 -2.0275 -1.9943034 -1.395 -1.385 -1.385 -1.1475 -1.1475 -0.6825 -0.6825 -0.6825 -0.155 -0.155 -0.155 -2.0075 -2.0075 -2.0074988 -1.3375 -1.3375 -1.7025 -2.23 -1.4325 -2.359994 -1.4075 -0.82 -0.82 -0.46750094 -0.755 -1.32 -1.1224999 -0.9425 -0.6151702 -0.6125 -0.4525 -0.4525 0.25 0.25 0.25
-2.0225 -1.3232247 -0.85377297 -1.1324969 -0.1225 -1.5525 -1.335 -1.1625 -1.2624992 -1.1092172 -0.61750064 -0.6175 -1.0425 -1.3 -1.3 -2.0275 -2.0275 -2.027464 -1.395 -1.385 -1.3383598 -1.1475 -1.1475 -0.68251905 -0.6825 -0.78604666 -0.9975 -0.9975 -0.99749989 -2.0075 -2.0075 -1.8125 -1.8125 -1.337501 -1.7025 -1.5900002 -1.4689806 -2.36 -2.36 -0.81999999 -0.4675 -0.4675 -0.46750478 -1.1225 -1.1225 -0.9425 -0.6125 -0.6125 -0.4525 -0.4525 0.25 0.25 0.25
-2.215 -1.0410592 -1.0800128 -1.0803663 -0.12250737 -1.5524662 -1.335 -1.1646234 -1.255609 -1.2584525 -1.0425 -1.0425 -1.0425 -1.0425 -1.2999635 -2.0275 -2.0275 -2.0193334 -1.395 -1.3850304 -1.49 -1.49 -1.49 -1.49 -0.69642371 -0.9975 -0.9975 -0.9975 -0.9975 -0.99820255 -1.8125 -1.8125 -1.8125 -1.8125 -1.59 -1.59 -1.59 -2.3220564 -2.352527 -1.365 -1.365 -0.46754827 -0.73501326 -1.1224627 -1.1225 -0.9425 -0.6125 -0.6125 -0.4525 -0.4525 0.24745141 0.25 0.089991579
-2.215 -1.08 -1.08 -1.08 -1.08 -1.0800002 -1.3355566 -1.2533924 -1.2372243 -1.0427331 -1.0425 -1.0425 -1.0425 -1.0425 -1.0425001 -2.0275 -2.0274999 -1.9841148 -1.3950091 -1.49 -1.49 -1.49 -1.49 -1.49 -1.4884849 -1.278539 -1.4074999 -1.4075 -1.4075 -1.4075 -1.8125 -1.8125 -1.8124997 -1.6 -1.6 -1.59 -1.4004226 -1.395 -1.365 -1.365 -1.365 -1.365 -0.735 -0.735 -0.735 -0.73644401 -0.24249215 -0.24 -0.24 -0.24 -0.24 0.087500034 0.0875
-1.385 -1.08 -1.08 -1.08 -1.08 -1.08 -1.08 -1.2711183 -1.1678328 -1.1675 -1.1675 -1.1675 -1.1675 -1.1675 -1.1675 -1.0475855 -2.011852 -1.9408894 -1.4899883 -1.49 -1.49 -1.49 -1.49 -1.4899995 -1.42 -1.42 -1.42 -1.4075 -1.4075 -1.4076402 -1.4775 -1.4775 -1.6 -1.6 -1.6 -1.4278387 -1.395 -1.395 -1.395 -1.365 -1.365 -1.365 -0.735 -0.735 -0.735 -0.735 -0.24 -0.24 -0.24 -0.24 -0.24 0.0875 0.0875
-1.385 -1.271452 -1.08 -1.08 -1.08 -1.08 -1.212474 -1.2125 -1.2125 -1.1675 -1.1675 -1.1675 -1.1675 -1.1675 -1.1404756 -1.045 -1.045 -1.045 -1.098695 -1.0975004 -1.0975 -1.0975 -1.0975 -1.0975 -1.42 -1.42 -1.42 -1.42 -1.4075 -1.4775 -1.4775 -1.4775 -1.6 -1.6 -1.6 -1.2525 -1.3948113 -1.395 -1.395 -1.3648465 -1.05835 -0.3430635 -0.735 -0.735 -0.14183621 -0.14 -0.14 -0.23948245 0.073899218 0.074999973 0.07499994 0.16998749 0.087500168
-1.385 -1.4579856 -1.2722975 -1.08 -1.08 -1.2124217 -1.2125 -1.2125 -1.2125 -1.2121757 -1.1675 -1.1675 -1.1675 -1.1675 -1.045 -1.045 -1.045 -1.045 -1.0974531 -1.0975 -1.0975 -1.0975 -1.0975 -1.0975 -1.42 -1.42 -1.42 -1.42 -1.4202091 -1.4775 -1.4775 -1.4775 -1.6025 -1.5999647 -1.2525 -1.2525 -1.2525 -1.2470693 -0.40680083 -0.34 -0.34 -0.34 -0.565 -0.565 -0.14 -0.14 -0.14 0.074999997 0.075 0.075 0.075 0.17 0.17
-1.4598563 -1.46 -1.46 -1.46 -1.3175 -1.2125027 -1.2125 -1.2125 -1.2125 -1.2125 -1.1553867 -1.1674979 -1.1675 -1.045 -1.045 -1.045 -1.045 -1.045 -1.0167624 -1.0975 -1.0975 -1.0975 -1.0975 -1.0975 -1.2691937 -1.3000007 -1.3 -1.3 -1.3 -1.4775 -1.6025 -1.6025 -1.6025 -1.6025 -1.2525 -1.252487 -0.7575 -0.7575 -0.34521311 -0.34 -0.34 -0.34 -0.565 -0.565 -0.20580463 -0.14 -0.14 0.075 0.075 0.075 0.076018647 0.17 0.17
-1.46 -1.46 -1.46 -1.3928946 -1.3175 -1.3175 -1.2125 -1.2125 -1.2125 -1.2125 -1.0075 -1.0075 -1.0075 -1.045 -1.045 -1.045 -1.045 -1.0448484 -0.5325 -0.5325 -1.0974998 -1.0975 -1.110525 -1.6325 -1.6295066 -1.3 -1.3 -1.3 -1.3 -1.6024692 -1.6025 -1.6025 -1.6025 -1.6025 -0.75750174 -0.7575 -0.7575 -0.7575 -0.75600847 -0.34 -0.34 -0.34 -0.565 -0.565 -0.565 -0.14 -0.14 0.074999983 0.075 0.074999998 0.17 0.17 0.17
-1.46 -1.46 -1.46 -1.3175 -1.3175 -1.3175 -1.3174998 -1.2125 -1.2125 -1.0077116 -1.0075 -1.0075 -1.0075 -1.0075234 -0.30235494 -0.1275 -0.1275 -0.1275 -0.5325 -0.5325 -0.5325 -1.6325 -1.6325 -1.6325 -1.6320294 -0.59320349 -1.3 -1.3 -1.3 -1.0180487 -0.89256983 -0.8925 -0.8925 -0.8925 -0.59054802 -0.35500091 -0.355 -0.355 -0.355 -0.36249692 -0.3625 -0.3625 -0.565 -0.565 -0.79999902 -0.80000002 -0.87 -0.87 -0.6275 -0.6275 -0.6275 0.17 -0.51938306
-1.4599983 -1.46 -1.46 -1.3175 -1.3175 -1.3175 -1.3175 -0.98250007 -1.2115804 -1.0075408 -1.0075 -1.0075 -1.0075 -1.0057732 -0.1275 -0.1275 -0.1275 -0.12750012 -0.5325 -0.5325 -0.5325 -1.6325 -1.6325 -1.6325 0.0475 0.0475 -0.24 -0.24 -0.24 -0.24355959 -0.8925 -0.8925 -0.8925 -0.8925 -0.62389757 -0.355 -0.355 -0.355 -0.355 -0.3625 -0.3625 -0.3625 -0.37626542 -0.8 -0.8 -0.8 -0.87 -0.87 -0.6275 -0.6275 -0.6275 -0.52 -0.52
-0.8975 -1.1621143 -1.3 -1.3000051 -1.3175 -0.9844383 -0.9825 -0.9825 -1.0098284 -1.0525 -1.0525 -1.0525 -1.0525 0.31495548 0.315 -0.12749966 -0.1275 -0.13817115 -0.5325 -0.5325 -0.5325 -0.2175 -0.2175 -0.2175 0.0475 0.0475 -0.24 -0.24 -0.24 -0.23999997 -0.20500437 -0.20500193 -0.87522072 -0.89176295 -0.31565626 -0.315 -0.315 -0.315 -0.315 -0.3625 -0.3625 -0.3625 -0.77590986 -0.8 -0.8 -0.80000001 -0.87 -0.87 -0.86999127 -0.6275 -0.62752359 -1.155 -0.52
-1.0949625 -1.095 -1.3 -1.3 -1.3 -0.9825 -0.9825 -0.9825 -1.0575 -1.0575 -1.0525 -1.0525 -1.0525 0.315 0.315 0.315 0.315 0.31490427 -0.5325 -0.5325 -0.53249999 -0.2175 -0.2175 -0.2175 0.0475 0.0475 -0.24 -0.24 -0.24 -0.20539463 -0.205 -0.205 -0.205 -0.205 -0.31494572 -0.315 -0.315 -0.315 -0.315 -0.32500001 -0.325 -0.325 -0.325 -0.80000048 -0.8625 -0.8625 -0.8625 -1.175 -1.175 -1.175 -1.155 -1.155 -1.155
-1.095 -1.095 -1.3 -1.3 -1.3 -0.98416884 -0.9825 -1.0575 -1.0575 -1.0575 -1.0525006 -1.0525 -0.68275106 0.31499979 0.315 0.315 0.315 -0.1825 -0.1825 -0.1825 0.36999999 0.36999956 -0.21749714 -0.2175 -0.21703283 0.445 0.445 0.44499837 -0.2398893 0.39737993 0.39749679 0.39739481 -0.20397026 -0.20448005 -0.29501542 -0.31499973 -0.31262901 0.3925 0.3925 -0.325 -0.325 -0.325 -0.325 -0.8625 -0.8625 -0.8625 -0.8625 -1.175 -1.175 -1.175 -1.155 -1.155 -1.155
-1.095 -1.095 -1.3 -1.3 -1.3 -1.3 -1.0105703 -1.0575 -1.0575 -1.0575 -1.0572473 -0.6 -0.6 -0.6 0.30960769 0.315 -0.17918478 -0.1825 -0.1825 -0.1825 0.37 0.37 0.37 0.37 0.445 0.445 0.445 0.445 0.445 0.3975 0.3975 0.3975 0.3975 0.39750096 0.8525 0.3925 0.3925 0.3925 0.3925 0.39249774 -0.2075 -0.2075 -0.2075 -0.42552733 -0.8775 -0.8775 -0.8775 -1.175 -1.1749993 -0.49 -0.49 -0.3626928 -0.3625
-1.095 -1.095 -1.2260094 -1.3 -1.3 -1.3 -1.234685 -1.0580594 -1.0575 -1.0575 -0.60000007 -0.6 -0.6 -0.6 -0.6 -0.52493829 -0.1825 -0.1825 -0.1825 -0.1825 0.36999573 0.37 0.37 0.37 0.445 0.445 0.445 0.445 0.445 0.75958864 0.3975 0.3975 0.3975 0.8525 0.8525 0.8521428 0.3925 0.3925 0.8089561 1.1324999 -0.2075 -0.2075 -0.2075 -0.42046912 -0.8775 -0.8775 -0.8775 0.29 -0.48028128 -0.49 -0.49 -0.3625 -0.3625
-0.45 -0.45 -0.45 -1.0868816 -1.299358 -1.235 -1.235 -1.235 -1.235 -0.93 -0.93 -0.60000002 -0.6 -0.6 -0.6 -0.59997353 -0.1825 -0.1825 -0.1825 -0.1825 0.12890692 0.37 0.37 0.39296454 1.2117656 0.445 0.445 0.445 0.8875 0.8875 0.8875 0.88749794 0.8525 0.8525 0.8525 0.8525 1.1325 1.1325 1.1325 1.1325 0.0675 0.0675 0.0675 -0.23249397 -0.2325 -0.2325 -0.2325002 0.29 0.29 -0.48904961 -0.49 -0.36249424 -0.3625
-0.45 -0.45 -0.45 -0.45002194 -0.8575 -0.9123947 -1.235 -1.235 -1.235 -0.93 -0.93 -0.93 -0.31500001 -0.315 -0.315 -0.31500002 -0.1837319 -0.1825 -0.1825 -0.1825 -0.17407423 1.2474976 1.2475 1.2475 1.2475 1.2475 1.51 1.51 0.8875 0.8875 0.8875 0.8875 0.8525004 0.8525 0.8525 0.85254459 1.1325 1.1325 1.1325 1.1305369 0.0675 0.0675 0.0675 -0.23248609 -0.2325 -0.2325 -0.2325 0.29 0.29 0.29000007 0.78 0.78 0.465
-0.45 -0.45 -0.45 -0.85749906 -0.8575 -0.8575 -1.2349999 -1.235 -1.235 -0.93 -0.93 -0.93 -0.315 -0.315 -0.315 -0.35612616 -0.855 -0.855 -0.85499826 -0.18629844 1.2475 1.2475 1.2475 1.2475 1.2475 1.2476975 1.51 1.51 1.51 0.8875 0.8875 0.88749517 1.4 1.4 1.4 0.47 0.47 0.685 0.685 0.685 0.2425 0.067554892 0.0675025 0.4025 0.4025 0.37843422 -0.23249744 0.29 0.29 0.78 0.78 0.78 0.465
-0.45 -0.45 -0.45 -0.8575 -0.8575 -0.8575 -0.8575 -1.235 -1.235 -0.93 -0.93 -0.33959113 -0.315 -0.315 -0.315 -0.855 -0.855 -0.855 -0.855 -0.855 1.2475 1.2475 1.2475 1.2475 1.2475 1.5099991 1.51 1.51 1.51 0.88 0.88 0.88 1.4 1.4 1.4 0.47 0.47 0.685 0.685 0.2425 0.2425 0.2425 0.4025 0.4025 0.4025 0.4025 0.42570662 0.685 0.685 0.685 0.78 0.5675 0.5675
-0.45 -0.45 -0.45056746 -0.8575 -0.8575 -0.8575 -0.8575 -1.1383435 -1.1525 -1.152118 -0.92999999 -0.3150289 -0.315 -0.315 -0.31500187 -0.855 -0.855 -0.855 -0.855 -0.855 0.053418011 1.2475 1.2475 1.2475 1.247415 1.509962 1.51 1.51 1.51 0.88 0.88 0.88 0.88007592 1.4 0.47 0.47 0.47 0.47000896 0.68496982 0.2425 0.2425 0.2425 0.40249029 0.4025 0.4025 0.4025 0.68500353 0.685 0.685 0.685 0.5675 0.5675 0.5675
-0.835 -0.83499933 -0.85728489 -0.8575 -0.8575 -0.8575 -1.1524372 -1.1525 -1.1525 -1.1525 -0.66000001 -0.66 -0.66 -0.66 -0.85409995 -0.855 -0.855 -0.855 -0.855 0.0024994893 0.0025 0.0025000004 0.83500007 0.835 0.835 0.835 0.89326118 1.51 0.9850215 0.985 0.985 0.985 0.985 0.6225 0.6225 0.6225 0.6225 0.6225 0.8525 0.8525 0.8525 0.8525 0.8525 1.039039 1.04 1.04 1.04 0.685 0.685 0.685 0.56751851 0.5675 0.5675
-0.835 -0.835 -0.8314417 -0.4100009 -0.4100001 -0.41072412 -1.1525 -1.1525 -1.1525 -1.1525 -0.66 -0.66 -0.66 -0.66 -0.66 -0.855 -0.855 -0.855 0.0024997849 0.0025 0.0025 0.0025 0.835 0.835 0.835 0.835 0.835 0.83514297 0.98484554 0.985 0.985 0.985 0.98493795 0.44959501 0.62232096 0.6225 0.6225 0.6225 0.8525 0.8525 0.8525 0.8525 0.8525 1.04 1.04 1.04 1.04 0.87399506 0.685 0.35620968 0.3525 0.0725 0.0725
-0.835 -0.835 -0.41005383 -0.41 -0.41 -0.41 -0.59859187 -1.1525 -1.1525 -1.1525 -0.66 -0.66 -0.66 -0.66 -0.66 -0.85484996 -0.855 0.0022485866 0.0025 0.0025 0.0025 0.0025 0.52659498 0.835 0.835 0.835 0.835 0.83482286 0.585 0.585 0.585 0.585 0.585 0.3175 0.3175 0.3175 0.3175 0.3175 0.5325 0.5325 0.5325 0.5325 0.5325 1.0394934 1.0399999 1.04 1.0399648 1.0356688 0.3525 0.3525 0.3525 0.072501568 0.0725
-0.83499983 -0.74185212 -0.41000005 -0.41 -0.41 -0.41 -0.41 -1.1521839 -1.1525 -1.1525 -0.66 -0.66 -0.66 -0.66 -0.66 -0.66 -0.66 0.0024829497 0.0025 0.0025 0.0025 0.0025 0.0025000367 0.835 0.835 0.835 0.835 0.37000022 0.3700001 0.41575722 0.585 0.585 0.585 0.3175 0.3175 0.3175 0.3175 0.31739333 0.5325 0.5325 0.5325 0.5325 0.53249579 0.8325 0.8325 0.8325 0.8325 0.83246129 0.3525 0.3525 0.3525 0.3524999 0.19073271
-0.74 -0.74 -0.67605239 -0.41 -0.41 -0.41 -0.41 -0.41 -1.1521823 -0.70000001 -0.7 -0.7 -0.69990507 -0.66 -0.66 -0.66 -0.66 -0.66 0.0024990407 -0.0057057998 -0.0775 -0.0775 -0.0775 0.15157136 0.77797408 0.47283921 0.21550672 0.37 0.37 0.37 0.37 0.37 0.37591427 0.16058924 0.16 0.16 0.16 0.16 0.52216797 0.4775001 0.4775 0.4775 0.4775 0.60250067 0.83249994 0.8325 0.8325 0.56 0.35250332 0.3525 0.3525 0.1925 0.1925
-0.74 -0.74 -0.72 -0.72 -0.72 -0.41010326 -0.41 -0.41 -0.7 -0.7 -0.7 -0.7 -0.7 -0.66 -0.66 -0.66 -0.66 -0.66 -0.0775 -0.0775 -0.0775 -0.0775 -0.0775 0.12249999 0.1225 0.1225 0.1225 0.37 0.37 0.37 0.37 0.37 0.2125 0.2125 0.16 0.16 0.16 0.38496168 0.385 0.4775 0.4775 0.4775 0.47749998 0.6025 0.6025 0.6025 0.56 0.56 0.56 0.355 0.355 0.1925 0.1925
-0.74 -0.74 -0.72 -0.72 -0.72 -0.72 -0.72000014 -0.745 -0.70004237 -0.7 -0.7 -0.7 -0.7 -0.66049896 -0.66 -0.66 -0.66 -0.66 -0.077500012 -0.0775 -0.0775 -0.0775 -0.0775 0.1225 0.1225 0.1225 0.1225 0.12250102 0.37 0.37 0.37 0.21250826 0.2125 0.2125 0.2125 0.16 0.385 0.385 0.385 0.38743385 0.35737129 0.335 0.335 0.6025 0.6025 0.6025 0.56 0.56 0.56 0.355 0.355 0.355 0.45968632
-1.245 -1.244996 -0.72 -0.72 -0.72 -0.72 -0.745 -0.745 -0.745 -0.7 -0.7 -0.7 -0.7 -0.69998757 -0.66 -0.66 -0.66 -0.66 -0.077510295 -0.0775 -0.0775 -0.077500001 0.08726432 0.1225 0.1225 0.1225 0.1225 0.35749981 0.3575 0.3575 0.36985996 0.2125 0.2125 0.2125 0.21249984 0.045000002 0.385 0.385 0.385 0.385 0.335 0.335 0.335 0.455 0.455 0.455 0.34502094 0.56 0.56 0.355 0.355 0.355 0.48750017
