interpolatedSpi/04-09|21_3.tif
NCOLS 53
NROWS 52
XLLCORNER -116.03883
YLLCORNER 28.596182
DX 0.49850594
DY 0.49788537
NODATA_VALUE -9999
[rows 0 to 29 of 52, columns 0 to 52 of 53]
-1.1766667 -1.1766667 -1.3145328 -1.4 -1.1666667 -1.7033333 -1.4266667 -1.3283333 -1.2604128 -1.3533333 -1.715 -1.2466667 -1.7899828 -1.5816667 -1.7483333 -1.7483333 -1.7483333 -0.615 -0.94666667 -0.94666667 -0.94666667 -0.9466611 -0.36833334 -1.3533333 -1.3533333 -1.3533333 -0.67667041 -0.67666667 -0.67666667 -0.405 -0.405 -0.405 -0.405 -0.83833325 -0.83833333 -0.83833333 -0.83833333 -0.83833333 -0.83833333 -0.83833334 -1.1104029 -1.1132137 -0.64333333 -0.64333333 -0.64333333 -0.64333333 -0.64248944 -0.12666667 -0.12666667 -0.12666667 0.73666487 0.73666667 0.73666667
-1.176696 -1.8366667 -1.4766658 -1.4932396 -1.7565758 -1.0983333 -1.2533333 -1.3564418 -1.595 -1.6316667 -1.54 -1.79 -1.79 -1.1713727 -1.5816632 -1.7483333 -0.615 -0.615 -0.94623422 -0.94666667 -0.94666667 -0.94666667 -1.3587725 -1.3533333 -1.3533333 -1.3533333 -1.2516667 -1.2516667 -0.405 -0.405 -0.405 -0.405 -0.405 -0.83833327 -0.83833333 -0.83833333 -0.83833333 -0.83833333 -0.83833335 -0.88274237 -1.1066521 -0.69955513 -0.64333333 -0.64333333 -0.64333333 -0.64333333 -0.64333333 -0.12666667 -0.12666667 -0.12666667 -0.05507824 0.73666667 0.73666667
-1.6633073 -1.6633333 -0.75 -0.9 -0.85333333 -1.26 -0.56833333 -0.975 -1.41 -1.285 -1.34 -1.6316667 -1.095 -1.6183333 -1.17 -1.885 -0.615 -0.615 -0.615 -1.214922 -1.215 -1.215 -1.4566667 -1.3533333 -1.3533333 -1.3533333 -1.2516667 -1.2516667 -1.2516667 -0.405 -0.405 -0.40500001 -0.52214068 -0.83860477 -0.84035004 -1.0530146 -1.055 -1.055 -1.0614983 -1.1066667 -1.1066667 -1.1060742 -0.64333333 -0.64333333 -0.64333333 -0.64333333 -0.64333333 -0.12666667 -0.12666667 -0.12666667 -0.12666667 0.73666667 0.73666667
-0.04 -1.6633332 -0.93163297 -0.22166667 -0.79833333 -0.885 -0.59333333 -0.80833333 -0.805 -1.0787642 -1.2883333 -1.4983333 -1.4816667 -1.6183333 -1.435 -1.885 -2.0156593 -2.0156846 -1.8416667 -1.215 -1.215 -1.6666667 -1.4566667 -1.4566667 -1.3533333 -1.3533328 -1.2516667 -1.2516667 -1.2516667 -0.905 -0.76417272 -0.64833333 -0.64833333 -0.64833365 -1.055 -1.055 -1.055 -1.055 -1.1066667 -1.1066667 -1.1066667 -1.1066666 -0.64333333 -0.64333333 -0.64333333 -0.64333333 -0.64333333 -0.12667318 -0.12666667 -0.12666667 -0.12666667 0.73661549 0.73666667
-0.04 0.29999774 -0.93166667 -1.2656149 -0.79833333 -0.61166667 -1.2033163 -0.98666667 -1.0816667 -1.0933335 -1.4128547 -1.5666349 -1.345 -1.435 -1.435 -1.7381629 -2.0166667 -2.0166667 -1.8416667 -1.8416667 -1.2150009 -1.6666667 -1.49 -0.98 -0.86 -0.85987888 -1.2516667 -1.2516667 -0.905 -0.905 -0.64833333 -0.64833333 -0.64833333 -0.64581898 -1.055 -1.055 -1.055 -1.1066667 -1.1066667 -1.1066667 -1.1066667 -1.1066522 -0.64333334 -0.64333333 -0.64333333 -0.64333333 -0.64333333 -0.63873436 -0.12666667 -0.1266982 -0.83 -0.83 -0.83
-1.59 -0.56 -0.84 -0.92333333 -1.3466667 -1.0766667 -1.4083333 -1.3543479 -1.0766667 -0.55 -0.62666667 -0.345 -0.34500066 -1.3283333 -1.3283333 -1.7216019 -1.7216667 -1.6783333 -1.6783333 -1.8416658 -1.2266667 -1.2266667 -0.98 -0.86 -0.86 -0.34166667 -0.56166667 -0.56166667 -0.48170498 -0.905 -0.64833333 -0.64833333 -0.635 -0.63497893 -0.43334798 -1.1333333 -1.1333333 -1.1149166 -1.1066667 -1.1066667 -0.95685375 -0.95666667 -0.95666598 -1.4930637 -1.5082377 -1.5083331 -1.5083333 -1.508333 -0.75500908 -0.83 -0.83 -0.83 -0.83
-0.2883317 -0.535 0.088439546 -0.695 -1.1116667 -1.5233333 -0.89 -0.80333333 -0.73666667 -0.73666667 -0.62666667 -1.0616667 -1.0566667 -1.3283333 -1.453333 -1.4533333 -1.7216667 -1.115 -0.90833333 -0.90833333 -1.1944636 -1.1583333 -1.1583333 -0.24666668 -0.34166667 -0.34166667 -0.56166667 -0.56166667 -0.48166123 -0.48156653 -0.34513423 -0.635 -0.635 -0.43333333 -0.43333333 -1.1950592 -1.1333333 -1.1333333 -1.2799949 -0.95666712 -0.95666667 -0.95666667 -0.95666273 -1.5083301 -1.5083333 -1.5083333 -1.5083333 -1.5083329 -0.76333333 -0.82998679 -0.83 -0.83 -0.83
-0.28833333 0.115 0.32666667 -1.1533333 -1.298325 -1.2383333 -0.75666667 -1.4716667 -1.4216667 -0.98333333 -0.98333333 -1.1766667 -1.0566667 -1.0566667 -1.4506118 -1.4958353 -1.5 -0.99666667 -1.1133331 -0.90833333 -0.2182858 -0.21333333 -0.175 0.27 0.26999961 0.24 -0.57 -0.57 -0.38866039 -0.38833333 -0.345 -0.98815874 -0.91 -0.43333333 -0.45377353 -1.2466667 -1.2466667 -1.28 -1.28 -0.95666667 -0.95666667 -0.95666666 -0.92817036 -0.93000003 -1.5083333 -1.5083333 -1.5083333 -0.76336169 -0.76333333 -0.76333333 -0.83 -0.83 -0.83
-0.031152636 0.115 0.49833333 -0.066666667 -0.51 -1.0816667 -1.1433333 -1.225 -1.38 -1.1806406 -1.0883333 -1.1183333 -1.1183333 -1.0966667 -1.096666 -1.1193971 -1.1183333 -1.1183333 -1.014476 -0.50833328 -0.27166667 -0.27166667 -0.37833333 -0.25513032 0.24302321 0.24 -0.545 -0.57 -0.5070347 -0.50666667 -1.01 -0.37833333 -0.40267859 -1.11 -1.15 -1.2433333 -1.2183333 -1.1766667 -1.0467267 -0.95535729 -0.66333333 -0.63333333 -0.92992674 -0.93 -0.93325517 -1.5083333 -1.2866667 -0.76333334 -0.76333333 -0.76333333 -0.76333333 -0.81775676 -0.16166667
-0.84833333 -0.84833333 0.66833333 0.015 -0.53833333 -1.0916667 -1.4466667 -1.2433333 -1.1966667 -1.1300268 -1.3783333 -0.37833333 -1.0966667 -1.0966667 -1.03 -1.0312115 -1.1183333 -1.1182906 -0.92333333 -0.50833333 -0.50833333 -0.47784273 -0.37833333 -0.33000092 -0.33 -0.33 -0.545 0.091666666 0.091666667 -0.50666667 -0.50666667 -0.378425 -0.42666667 -1.11 -0.57666667 -1.2433333 -1.2183333 -0.98 -1.0466667 -1.0778201 -0.63333333 -0.57700796 -0.48 -0.93 -0.93 -1.2866667 -1.2866667 -1.2866667 -0.76333333 -0.76333333 -0.73166667 -0.73166667 -0.73166645
-0.84833333 -0.84833333 -0.21166667 -0.88 -1.0233333 -0.25666667 -0.82833334 -1.2017428 -1.2266667 -1.0916667 -1.0933333 -0.97833333 -0.37913317 -1.03 -1.03 -1.029996 -0.995 -0.9912386 -0.92333333 -1.265 -1.265 -0.64166667 -0.64166667 -0.33 -0.33 -0.33 0.091666667 0.091666667 0.091666667 -0.75166667 -0.75166667 -0.75166613 -0.84 -0.84 -1.3183333 -1.6733333 -1.0716667 -1.8783221 -1.4166667 -1.0783333 -1.0783333 -0.94666513 -0.48 -0.93 -1.2383333 -1.3016667 -0.77886312 -0.77666667 -0.69 -0.69 -0.73166667 -0.73166667 -0.73166667
-0.84833333 -0.57359298 -0.49686834 -1.0716552 -0.23666667 -1.0483333 -0.82833333 -1.2016667 -1.2266665 -1.0931623 -0.97833348 -0.97833333 -0.93333333 -1.03 -1.03 -0.995 -0.995 -0.99499592 -0.92333333 -1.265 -1.14259 -0.64166667 -0.64166667 -0.3300132 -0.33 -0.43245093 -0.64166667 -0.64166667 -0.64166657 -0.75166667 -0.75166667 -1.175 -1.175 -0.84000131 -1.3183333 -1.3083335 -0.99015363 -1.8783333 -1.8783333 -1.0783333 -0.94666667 -0.94666667 -0.9466687 -1.2383333 -1.2383333 -1.3016667 -0.77666667 -0.77666667 -0.69 -0.69 -0.73166667 -0.73166667 -0.73166667
-2.0533333 -0.95189229 -1.0049946 -1.00547 -0.23667094 -1.0483142 -0.82833334 -1.1970711 -1.2249439 -1.2231415 -0.93333333 -0.93333333 -0.93333333 -0.93333333 -1.0299863 -0.995 -0.995 -0.99407467 -0.92333333 -1.2650166 -1.33 -1.33 -1.33 -1.33 -0.34717664 -0.64166667 -0.64166667 -0.64166667 -0.64166667 -0.64184838 -1.175 -1.175 -1.175 -1.175 -1.3083333 -1.3083333 -1.3083333 -1.8493157 -1.8761177 -1.5833333 -1.5833333 -0.94670091 -1.354996 -1.2383446 -1.2383333 -1.3016667 -0.77666667 -0.77666667 -0.69 -0.69 -0.7315155 -0.73166667 -0.35361405
-2.0533333 -1.005 -1.005 -1.005 -1.005 -1.005 -0.82889636 -1.004984 -1.2203477 -0.93364591 -0.93333333 -0.93333333 -0.93333333 -0.93333333 -0.93333352 -0.995 -0.99499999 -0.99008416 -0.92333565 -1.33 -1.33 -1.33 -1.33 -1.33 -1.3241608 -0.9311143 -1.0666666 -1.0666667 -1.0666667 -1.0666667 -1.175 -1.175 -1.1750001 -1.2883333 -1.2883333 -1.3083333 -1.2791676 -1.2783333 -1.5833332 -1.5833333 -1.5833333 -1.5833333 -1.355 -1.355 -1.355 -1.3546288 -1.2122571 -1.215 -1.215 -1.215 -1.215 -0.43666673 -0.43666667
-1.7733333 -1.005 -1.005 -1.005 -1.005 -1.005 -1.005 -1.0397548 -1.1868963 -1.1866667 -1.1866667 -1.1866667 -1.1866667 -1.1866667 -1.1866667 -1.2633897 -0.99927839 -0.98518652 -1.3299489 -1.33 -1.33 -1.33 -1.33 -1.3299999 -1.06 -1.06 -1.06 -1.0666667 -1.0666667 -1.0663263 -0.89666667 -0.89666667 -1.2883333 -1.2883333 -1.2883333 -1.2799351 -1.2783333 -1.2783333 -1.2783333 -1.5833333 -1.5833333 -1.5833333 -1.355 -1.355 -1.355 -1.355 -1.215 -1.215 -1.215 -1.215 -1.215 -0.43666667 -0.43666667
-1.7733333 -1.4872916 -1.005 -1.005 -1.005 -1.005 -1.3482659 -1.3483333 -1.3483333 -1.1866667 -1.1866667 -1.1866667 -1.1866667 -1.1866667 -1.2039475 -1.265 -1.265 -1.265 -1.2502436 -1.2500001 -1.25 -1.25 -1.25 -1.25 -1.06 -1.06 -1.06 -1.06 -1.0666667 -0.89666667 -0.89666667 -0.89666667 -1.2883333 -1.2883333 -1.2883333 -0.96 -1.2779119 -1.2783333 -1.2783333 -1.5831887 -1.2946336 -0.62121751 -1.355 -1.355 -1.0442952 -1.0433333 -1.0433333 -1.2136942 -0.42277817 -0.42000007 -0.42000015 0.29155625 -0.43666519
-1.7733333 -1.5057191 -1.2546494 -1.005 -1.005 -1.3481305 -1.3483333 -1.3483333 -1.3483333 -1.3471683 -1.1866667 -1.1866667 -1.1866667 -1.1866667 -1.265 -1.265 -1.265 -1.265 -1.2500134 -1.25 -1.25 -1.25 -1.25 -1.25 -1.06 -1.06 -1.06 -1.06 -1.0594059 -0.89666667 -0.89666667 -0.89666667 -0.92333333 -1.2882911 -0.96 -0.96 -0.96 -0.95460069 -0.6601103 -0.61833333 -0.61833333 -0.61833333 -1.0416667 -1.0416667 -1.0433333 -1.0433333 -1.0433333 -0.42000001 -0.42 -0.42 -0.42 0.29166667 0.29166667
-1.4984941 -1.4983333 -1.4983333 -1.4983333 -1.2216667 -1.3483301 -1.3483333 -1.3483333 -1.3483333 -1.3483333 -1.178465 -1.1866653 -1.1866667 -1.265 -1.265 -1.265 -1.265 -1.265 -1.2536183 -1.25 -1.25 -1.25 -1.25 -1.25 -1.0746033 -0.93666733 -0.93666667 -0.93666667 -0.93666667 -0.89666667 -0.92333333 -0.92333333 -0.92333333 -0.92333333 -0.96 -0.95998701 -0.46666667 -0.46666667 -0.61643955 -0.61833333 -0.61833333 -0.61833333 -1.0416667 -1.0416667 -1.0430753 -1.0433333 -1.0433333 -0.42 -0.42 -0.42 -0.41236908 0.29166667 0.29166667
-1.4983333 -1.4983333 -1.4983333 -1.3680469 -1.2216667 -1.2216667 -1.3483333 -1.3483333 -1.3483333 -1.3483333 -1.0783333 -1.0783333 -1.0783333 -1.265 -1.265 -1.265 -1.265 -1.264878 -1.1033333 -1.1033333 -1.2499999 -1.25 -1.2515825 -1.315 -1.311594 -0.93666667 -0.93666667 -0.93666667 -0.93666667 -0.92333469 -0.92333333 -0.92333333 -0.92333333 -0.92333333 -0.4666684 -0.46666667 -0.46666667 -0.46666667 -0.46721428 -0.61833333 -0.61833333 -0.61833333 -1.0416667 -1.0416667 -1.0416667 -1.0433333 -1.0433333 -0.42000001 -0.42 -0.42 0.29166667 0.29166667 0.29166667
-1.4983333 -1.4983333 -1.4983333 -1.2216667 -1.2216667 -1.2216667 -1.2216669 -1.3483333 -1.3483333 -1.0786121 -1.0783333 -1.0783333 -1.0783333 -1.0784496 -0.66737645 -0.52666667 -0.52666667 -0.52666667 -1.1033333 -1.1033333 -1.1033333 -1.315 -1.315 -1.315 -1.3147031 -0.57911593 -0.93666667 -0.93666667 -0.93666667 -0.8206041 -0.79667912 -0.79666667 -0.79666667 -0.79666667 -0.56952453 -0.71333277 -0.71333333 -0.71333333 -0.71333333 -0.64832923 -0.64833333 -0.64833333 -1.0416667 -1.0416667 -0.95833368 -0.95833319 -0.565 -0.565 -0.13333333 -0.13333333 -0.13333333 0.29166667 0.39990314
-1.4983303 -1.4983333 -1.4983333 -1.2216667 -1.2216667 -1.2216667 -1.2216667 -0.74000018 -1.345901 -1.0779918 -1.0783333 -1.0783333 -1.0783333 -1.0772508 -0.52666667 -0.52666667 -0.52666667 -0.52666683 -1.1033333 -1.1033333 -1.1033333 -1.315 -1.315 -1.315 -0.255 -0.255 -0.60499999 -0.605 -0.605 -0.6060456 -0.79666667 -0.79666667 -0.79666667 -0.79666667 -0.7550229 -0.71333333 -0.71333333 -0.71333333 -0.71333333 -0.64833333 -0.64833333 -0.64833333 -0.65808712 -0.95833333 -0.95833333 -0.95833333 -0.565 -0.565 -0.13333333 -0.13333333 -0.13333333 0.39999998 0.4
-0.525 -0.97905884 -1.035 -1.0350542 -1.2216667 -0.74278691 -0.74 -0.74 -0.7387854 -0.70166667 -0.70166667 -0.70166667 -0.70166667 0.066641654 0.066666664 -0.52666621 -0.52666667 -0.54186099 -1.1033333 -1.1033333 -1.1033333 -0.12 -0.12 -0.12 -0.255 -0.255 -0.605 -0.605 -0.605 -0.60499994 -0.52500173 -0.52500076 -0.78983873 -0.79637542 -0.80831827 -0.80833333 -0.80833333 -0.80833333 -0.80833333 -0.64833333 -0.64833333 -0.64833333 -0.94126366 -0.95833333 -0.95833333 -0.9583333 -0.565 -0.565 -0.56498446 -0.13333333 -0.13336307 -0.79833333 0.4
-0.86493543 -0.86500003 -1.035 -1.035 -1.035 -0.74 -0.74 -0.74 -0.73666667 -0.73666667 -0.70166667 -0.70166667 -0.70166667 0.066666667 0.066666667 0.066666667 0.066666667 0.066534571 -1.1033333 -1.1033333 -1.1033333 -0.12 -0.12 -0.12 -0.255 -0.255 -0.605 -0.605 -0.605 -0.52590201 -0.525 -0.525 -0.525 -0.525 -0.80819353 -0.80833333 -0.80833333 -0.80833333 -0.80833333 -0.49000004 -0.49 -0.49 -0.49 -0.95833184 -0.76333333 -0.76333333 -0.76333333 -0.92833333 -0.92833333 -0.92833333 -0.79833333 -0.79833333 -0.79833333
-0.865 -0.865 -1.035 -1.035 -1.035 -0.74155057 -0.74 -0.73666667 -0.73666667 -0.73666667 -0.70167098 -0.70166667 -0.48921424 0.066666551 0.066666667 0.066666667 0.066666667 -0.26333333 -0.26333333 -0.26333333 -0.40666666 -0.40666645 -0.1200014 -0.12 -0.12028394 -0.535 -0.535 -0.53500017 -0.60498869 -0.17173708 -0.17166855 -0.17172835 -0.52439612 -0.52469508 -0.75764035 -0.80833312 -0.80645106 -0.24666667 -0.24666667 -0.49 -0.49 -0.49 -0.49 -0.76333333 -0.76333333 -0.76333333 -0.76333333 -0.92833333 -0.92833333 -0.92833333 -0.79833333 -0.79833333 -0.79833333
-0.865 -0.865 -1.035 -1.035 -1.035 -1.035 -0.73875243 -0.73666667 -0.73666667 -0.73666667 -0.73650371 -0.44166667 -0.44166667 -0.44166667 0.063670941 0.066666667 -0.26113429 -0.26333333 -0.26333333 -0.26333333 -0.40666667 -0.40666667 -0.40666667 -0.40666667 -0.535 -0.535 -0.535 -0.535 -0.535 -0.17166667 -0.17166667 -0.17166667 -0.17166667 -0.17166655 -0.115 -0.24666667 -0.24666667 -0.24666667 -0.24666667 -0.24666757 -0.49333333 -0.49333333 -0.49333333 -0.67881745 -1.0633333 -1.0633333 -1.0633333 -0.92833334 -0.92833314 -0.72666667 -0.72666667 -0.5633905 -0.56333333
-0.865 -0.865 -0.97364194 -1.035 -1.035 -1.035 -0.65514492 -0.7364093 -0.73666667 -0.73666667 -0.44166663 -0.44166667 -0.44166667 -0.44166667 -0.44166667 -0.39997369 -0.26333333 -0.26333333 -0.26333333 -0.26333333 -0.40666556 -0.40666667 -0.40666667 -0.40666667 -0.535 -0.535 -0.535 -0.535 -0.535 -0.14580319 -0.17166667 -0.17166667 -0.17166667 -0.115 -0.115 -0.11510224 -0.24666667 -0.24666667 -0.0093617259 0.17499996 -0.49333333 -0.49333333 -0.49333333 -0.67306742 -1.0633333 -1.0633333 -1.0633333 0.25166667 -0.71447673 -0.72666667 -0.72666667 -0.56333333 -0.56333333
-0.45 -0.45 -0.45 -0.88832442 -1.0340023 -0.655 -0.655 -0.655 -0.655 -0.25833334 -0.25833333 -0.44166665 -0.44166667 -0.44166667 -0.44166667 -0.44165535 -0.26333333 -0.26333333 -0.26333333 -0.26333333 -0.34412065 -0.40666667 -0.40666667 -0.39122612 0.15134676 -0.535 -0.535 -0.535 -0.13666667 -0.13666667 -0.13666667 -0.13666681 -0.115 -0.115 -0.115 -0.115 0.175 0.175 0.175 0.175 -0.25833333 -0.25833333 -0.25833333 -0.10500308 -0.105 -0.105 -0.1050003 0.25166667 0.25166667 -0.72547462 -0.72666667 -0.56332704 -0.56333333
-0.45 -0.45 -0.45 -0.4499947 -0.35166667 -0.39577632 -0.655 -0.655 -0.655 -0.25833333 -0.25833333 -0.25833333 0.01499998 0.015 0.015 0.014999984 -0.26356536 -0.26333333 -0.26333333 -0.26333333 -0.26547457 0.18333171 0.18333333 0.18333333 0.18333333 0.18333332 0.048333329 0.048333333 -0.13666667 -0.13666667 -0.13666667 -0.13666667 -0.11499949 -0.115 -0.115 -0.11494258 0.17499999 0.175 0.175 0.17350848 -0.25833333 -0.25833333 -0.25833333 -0.10500711 -0.105 -0.105 -0.105 0.25166667 0.25166667 0.25166672 0.685 0.685 0.48833333
-0.45 -0.45 -0.45 -0.35166689 -0.35166667 -0.35166667 -0.65499989 -0.655 -0.655 -0.25833333 -0.25833333 -0.25833333 0.015 0.015 0.015 -0.015844618 -0.39 -0.39 -0.38999967 -0.26404878 0.18333333 0.18333333 0.18333333 0.18333333 0.18333333 0.18323174 0.048333333 0.048333333 0.048333333 -0.13666667 -0.13666667 -0.13678467 0.59 0.59 0.59 -0.26 -0.26 -0.165 -0.165 -0.165 -0.16833333 -0.2583051 -0.25833002 0.185 0.185 0.17400933 -0.10499863 0.25166667 0.25166667 0.685 0.685 0.685 0.48833333
-0.45 -0.45 -0.45 -0.35166667 -0.35166667 -0.35166667 -0.35166667 -0.655 -0.655 -0.25833333 -0.25833333 0.0040706089 0.015 0.015 0.015 -0.39 -0.39 -0.39 -0.39 -0.39 0.18333333 0.18333333 0.18333333 0.18333333 0.18333333 0.048333794 0.048333333 0.048333333 0.048333333 -0.32 -0.32 -0.32 0.59 0.59 0.59 -0.26 -0.26 -0.165 -0.165 -0.16833333 -0.16833333 -0.16833333 0.185 0.185 0.185 0.185 0.22292469 0.64666667 0.64666667 0.64666667 0.685 0.75833333 0.75833333
