interpolatedSpi/04-04|23_1.tif
NCOLS 53
NROWS 52
XLLCORNER -116.03883
YLLCORNER 28.596182
DX 0.49850594
DY 0.49788537
NODATA_VALUE -9999
-0.85 -0.85 -1.5067564 -2.475 -1.075 -1.22 -1.075 -0.59 -1.2330349 -0.835 -0.915 -0.87 -1.1199934 -1.04 -0.885 -0.885 -0.885 -0.18 -0.865 -0.865 -0.865 -0.86499716 -0.57000001 -1.1 -1.1 -1.1 -0.36499232 -0.365 -0.365 -1.355 -1.355 -1.355 -1.355 -2.0599999 -2.06 -2.06 -2.06 -2.06 -2.06 -2.06 -0.55125106 -0.53531717 -1.78 -1.78 -1.78 -1.78 -1.7789628 -1.145 -1.145 -1.145 -0.26000184 -0.26 -0.26 
-0.85003799 -1.705 -1.2499999 -1.1858467 -1.5597355 -1.22 -1.35 -0.84504785 -0.765 -1.19 -0.955 -1.12 -1.12 -0.95528343 -1.0399976 -0.885 -0.18 -0.18 -0.86410685 -0.865 -0.865 -0.865 -1.0960522 -1.1 -1.1 -1.1 -1.22 -1.22 -1.355 -1.355 -1.355 -1.355 -1.355 -2.0599999 -2.06 -2.06 -2.06 -2.06 -2.06 -1.9222592 -1.2100575 -1.7108353 -1.78 -1.78 -1.78 -1.78 -1.78 -1.145 -1.145 -1.145 -1.071615 -0.26 -0.26 
-0.33004934 -0.33 -1.175 -1.175 -1.08 -0.93 -1.015 -0.415 -1.325 -1.365 -0.965 -1.31 -1.24 -0.565 -0.955 -1.785 -0.18 -0.18 -0.18 -0.67005669 -0.67 -0.67 -1.025 -1.1 -1.1 -1.1 -1.22 -1.22 -1.22 -1.355 -1.355 -1.355 -1.311674 -2.0583113 -2.0552995 -1.5596276 -1.555 -1.555 -1.5116081 -1.21 -1.21 -1.2107289 -1.78 -1.78 -1.78 -1.78 -1.78 -1.145 -1.145 -1.145 -1.145 -0.26 -0.26 
-0.955 -0.33000026 -1.5950391 -1.135 -1.39 -0.955 -0.785 -0.775 -1.19 -1.0465512 -1.405 -1.155 -1.355 -0.565 -1.81 -1.785 -1.0308147 -1.0244079 -1.49 -0.67 -0.67 -1.375 -1.025 -1.025 -1.1 -1.1000006 -1.22 -1.22 -1.22 -0.715 -1.0167728 -1.265 -1.265 -1.2650002 -1.555 -1.555 -1.555 -1.555 -1.21 -1.21 -1.21 -1.21 -1.78 -1.78 -1.78 -1.78 -1.78 -1.145008 -1.145 -1.145 -1.145 -0.26000784 -0.26 
-0.955 -0.35500227 -1.595 -1.6076404 -1.39 -1.545 -1.1150964 -1.88 -1.575 -1.395 -1.3138123 -1.2749756 -1.105 -1.81 -1.81 -1.7813319 -1.025 -1.025 -1.49 -1.49 -0.67000142 -1.375 -1.195 -0.485 -0.945 -0.94500942 -1.22 -1.22 -0.715 -0.715 -1.265 -1.265 -1.265 -1.3932296 -1.555 -1.555 -1.555 -1.21 -1.21 -1.21 -1.21 -1.2099392 -1.78 -1.78 -1.78 -1.78 -1.78 -1.7743477 -1.145 -1.1449711 -0.5 -0.5 -0.5 
-1.055 -0.845 -1.275 -1.425 -1.035 -1.175 -1.6 -1.635848 -1.45 -1.73 -1.42 -1.82 -1.8199995 -0.99 -0.99 -0.62989739 -0.63 -0.13 -0.13 -1.4899986 -1.505 -1.505 -0.485 -0.945 -0.945 -0.985 -1.36 -1.36 -1.1549603 -0.715 -1.265 -1.265 -1.945 -1.9448903 -0.89507537 -1.585 -1.585 -1.3260148 -1.21 -1.21 -0.58078575 -0.58 -0.58000036 -0.53241898 -0.51014036 -0.51000034 -0.51000004 -0.51000048 -0.71750618 -0.5 -0.5 -0.5 -0.5 
0.15498302 -0.05 -0.80995593 -1.42 -1.235 -1.335 -1.17 -1.105 -1.285 -1.285 -1.42 -1.225 -0.79500005 -0.99 -0.20500235 -0.205 -0.63 0.275 0.085 0.085 -1.4955747 -1.485 -1.485 -0.865 -0.985 -0.985 -1.36 -1.36 -1.1550111 -1.1552039 -1.1356474 -1.945 -1.945 -0.895 -0.895 -1.1166096 -1.585 -1.585 -2.0599835 -0.58000206 -0.58 -0.58 -0.58000127 -0.50999919 -0.51 -0.51 -0.51 -0.51000014 -0.74 -0.50004756 -0.5 -0.5 -0.5 
0.155 -0.55 -0.225 -1.21 -0.84002121 -1.015 -1.265 -1.36 -0.4 -0.655 -0.655 -0.975 -0.795 -0.795 -0.20904795 -0.050171315 -0.035 0.355 8.7169867e-08 0.085 -0.24434223 -0.28 -1.115 0.28499999 0.28499445 -0.145 -0.395 -0.39500034 -1.3443342 -1.345 -1.135 -0.95811515 -0.665 -0.895 -0.88729928 -0.725 -0.725 -2.06 -2.06 -0.58 -0.58 -0.58 -0.36453911 -0.36500001 -0.51 -0.51 -0.51 -0.73999125 -0.74 -0.74 -0.5 -0.5 -0.5 
-0.62585777 -0.54999998 0.61 -0.695 -1.1 -1.445 -0.955 -0.54 -0.645 -0.44165341 -0.46 -1.265 -1.265 -0.66 -0.6599985 -1.2067252 -1.21 -1.21 0.30080869 -0.85499979 0.14 0.14 -1.655 -1.3278051 -0.10166735 -0.145 -0.665 -0.395 -0.20113315 -0.2 -1.04 -0.935 -0.87959722 -0.955 -0.625 -0.82 -0.85 -1.675 -0.95033478 -0.58064725 -0.725 -0.265 -0.36488524 -0.365 -0.36581614 -0.51 -1.01 -0.74 -0.74 -0.74 -0.73999999 -0.29331765 0.965 
-1.05 -1.05 0.51 -0.2 -0.865 -1.085 -0.74 -0.865 -0.085 -0.38995307 -0.55 -0.335 -0.66 -0.66 -0.5 -0.50973797 -1.21 -1.2097015 0.105 -0.855 -0.855 -0.72681057 -1.655 -0.055030298 -0.055 -0.055 -0.665 0.059999999 0.06 -0.2 -0.2 -0.93479137 -0.825 -0.955 -0.035 -0.82 -0.85 -1.63 -0.95 0.1026586 -0.26500002 -0.042759668 0.34 -0.365 -0.365 -1.01 -1.01 -1.01 -0.74 -0.74 1.16 1.16 1.1599999 
-1.05 -1.05 -0.315 -0.875 -1.125 -1.015 -1.225 -0.66560241 -0.815 -1.415 -0.62 -0.615 -0.33537324 -0.5 -0.5 -0.49993424 0.07 0.071836964 0.105 0.73 0.73 0.04 0.04 -0.055 -0.055 -0.055 0.06 0.06 0.06 -0.7 -0.7 -0.70000021 0.025 0.025 -0.43 -0.465 0.41 -0.60500009 -0.13 0.12 0.12 -0.07999862 0.34 -0.365 0.44499934 -0.23 0.33418586 0.34 1.05 1.05 1.16 1.16 1.16 
-1.05 -0.73276075 -0.55397197 -1.6249783 -0.63 -1.07 -1.225 -0.665 -0.81499875 -1.4083527 -0.61500104 -0.615 0.185 -0.5 -0.5 0.069999981 0.07 0.070001992 0.105 0.73 0.59449804 0.04 0.04 -0.054996175 -0.055 -0.015553653 0.065 0.065 0.064999999 -0.7 -0.7 0.15 0.15 0.024998753 -0.43 0.30999981 0.24563722 -0.605 -0.605 0.11999999 -0.08 -0.08 -0.079996137 0.445 0.445 -0.23 0.34 0.34 1.05 1.05 1.16 1.16 1.16 
-0.26 -0.88815748 -0.92999754 -0.93502012 -0.63000235 -1.0699896 -1.225 -0.67189328 -0.80466347 -0.8306676 0.185 0.185 0.185 0.185 -0.49990297 0.069999999 0.07 0.070451906 0.105 0.72979641 0.04 0.04 0.04 0.04 -0.053291747 0.065 0.065 0.065 0.065 0.06452472 0.15 0.15 0.15 0.15 0.31 0.31 0.31 -0.56089331 -0.5960249 0.59 0.59 -0.079963962 0.35000325 0.44499085 0.445 -0.23 0.34 0.34 1.05 1.05 1.1596009 1.16 0.42572424 
-0.26 -0.93 -0.93 -0.93 -0.93 -0.93000006 -1.2246032 -0.96004829 -0.77708666 0.18390809 0.185 0.185 0.185 0.185 0.185 0.069999991 0.070000006 0.072400761 0.10499931 0.04 0.04 0.04 0.04 0.04 0.031137236 -0.038169294 -0.039999978 -0.04 -0.04 -0.04 0.15 0.15 0.15000032 0.415 0.415 0.31 0.72804244 0.74 0.59000009 0.59 0.59 0.59 0.35 0.35 0.35 0.34596373 0.83662844 0.84 0.84 0.84 0.84 0.64000011 0.64 
-0.475 -0.93 -0.93 -0.93 -0.93 -0.93 -0.93000002 -0.68092709 0.1949507 0.2 0.2 0.2 0.2 0.2 0.2 -0.18211393 0.065877039 0.074792616 0.040008161 0.04 0.04 0.04 0.04 0.039999314 -0.37 -0.37 -0.36999954 -0.04 -0.04 -0.039629548 0.145 0.145 0.415 0.415 0.415 0.6879386 0.74 0.74 0.74 0.59 0.59 0.59 0.35 0.35 0.35 0.35 0.84 0.84 0.84 0.84 0.84 0.64 0.64 
-0.475 -0.64439133 -0.93 -0.93 -0.93 -0.93 0.34974878 0.35 0.35 0.2 0.2 0.2 0.2 0.2 0.11396327 -0.19 -0.19 -0.19 -0.54820295 -0.5499994 -0.55 -0.55 -0.55 -0.55 -0.37 -0.37 -0.37 -0.37 -0.04 0.145 0.145 0.145 0.41499998 0.415 0.415 0.89 0.7401986 0.74 0.74 0.58992592 0.4419105 0.096479446 0.35 0.35 0.94316379 0.945 0.945 0.84036165 1.0592312 1.06 1.06 1.2899016 0.64000132 
-0.475 0.3083801 -0.29238199 -0.93 -0.93 0.34924372 0.35 0.35 0.35 0.34891906 0.2 0.2 0.2 0.19999995 -0.19 -0.19 -0.19 -0.19 -0.54967842 -0.55 -0.55 -0.55 -0.55 -0.55 -0.37 -0.37 -0.37 -0.37 -0.36812677 0.145 0.145 0.145 0.25 0.41504433 0.89 0.89 0.89 0.88801017 0.13585176 0.095 0.095 0.095 0.615 0.615 0.945 0.945 0.945 1.06 1.06 1.06 1.06 1.29 1.29 
0.32964526 0.33 0.33 0.33 0.72 0.35000954 0.35 0.35 0.35 0.35 0.2022713 0.20000039 0.2 -0.19 -0.19 -0.19 -0.19 -0.19 -0.23873882 -0.55 -0.55 -0.55 -0.55 -0.55 -0.41706388 -0.34000016 -0.34 -0.34 -0.34 0.14500001 0.25 0.25 0.25 0.25 0.89 0.88999526 0.71 0.71 0.10267919 0.095 0.095 0.095 0.615 0.615 0.89390464 0.945 0.945 1.06 1.06 1.06 1.0624662 1.29 1.29 
0.33 0.33 0.33 0.51365682 0.72 0.72 0.35 0.35 0.35 0.35 0.23 0.23 0.23 -0.19 -0.19 -0.19 -0.19 -0.18999752 -0.515 -0.515 -0.54999999 -0.55 -0.5537736 -0.705 -0.70171406 -0.34 -0.34 -0.34 -0.34 0.24993992 0.25 0.25 0.25 0.25 0.71000063 0.71 0.71 0.71 0.70777776 0.095 0.095 0.095 0.615 0.615 0.615 0.945 0.945 1.06 1.06 1.06 1.29 1.29 1.29 
0.33 0.33 0.33 0.72 0.72 0.72 0.71999943 0.35 0.35 0.23012387 0.23 0.23 0.23 0.22973832 -0.17785866 -0.175 -0.175 -0.175 -0.515 -0.515 -0.515 -0.705 -0.705 -0.705 -0.7047857 -0.13019028 -0.34 -0.34 -0.34 -0.023817787 -0.069968527 -0.07 -0.07 -0.07 0.28128652 -0.31999766 -0.32 -0.32 -0.32 -0.1249699 -0.125 -0.125 0.615 0.615 -0.10499699 -0.10499981 0.43 0.43 0.75 0.75 0.75 1.29 0.7454873 
0.33000085 0.33 0.33000001 0.72 0.72 0.72 0.72 0.28000002 0.34972011 0.23010881 0.23 0.23 0.23 0.22920528 -0.175 -0.175 -0.175 -0.1750001 -0.515 -0.515 -0.515 -0.705 -0.705 -0.705 0.06 0.06 -0.125 -0.125 -0.125 -0.12469996 -0.07 -0.07 -0.07 -0.07 -0.19493144 -0.32 -0.32 -0.32 -0.32 -0.125 -0.125 -0.125 -0.12437072 -0.105 -0.105 -0.105 0.43 0.43 0.75 0.75 0.75 0.745 0.745 
0.605 0.46706834 -0.01 -0.0097882145 0.72 0.28254583 0.28 0.28 0.45125796 0.35000001 0.35 0.35 0.35 0.135007 0.135 -0.17499976 -0.175 -0.1839585 -0.515 -0.515 -0.515 -0.475 -0.475 -0.475 0.06 0.06 -0.125 -0.125 -0.125 -0.12500048 -0.78999542 -0.78999798 -0.088096119 -0.07077189 -0.82413803 -0.825 -0.825 -0.825 -0.825 -0.125 -0.125 -0.125 -0.10610155 -0.105 -0.105 -0.10500006 0.43 0.43 0.43001152 0.75 0.7499725 0.135 0.745 
0.50501899 0.50499991 -0.01 -0.01 -0.01 0.28 0.28 0.28 0.75 0.75 0.35 0.35 0.35 0.135 0.135 0.135 0.135 0.13492669 -0.515 -0.515 -0.515 -0.475 -0.475 -0.475 0.06 0.06 -0.125 -0.125 -0.125 -0.78250208 -0.79 -0.79 -0.79 -0.79 -0.82498273 -0.825 -0.825 -0.825 -0.825 -0.54999989 -0.55 -0.55 -0.55 -0.10500253 -0.435 -0.435 -0.435 -0.5 -0.5 -0.5 0.135 0.135 0.135 
0.505 0.505 -0.01 -0.01 -0.01 0.27847571 0.28 0.75 0.75 0.75 0.35004924 0.35 0.53385306 0.1350001 0.135 0.135 0.135 0.065 0.065 0.065 -0.84499999 -0.84499973 -0.4750018 -0.475 -0.4750306 -0.78 -0.78 -0.77999844 -0.12510585 -1.2799023 -1.2799974 -1.2799145 -0.79083746 -0.79042287 -0.81908689 -0.82500009 -0.82580429 -1.065 -1.065 -0.55 -0.55 -0.55 -0.55 -0.435 -0.435 -0.435 -0.435 -0.5 -0.5 -0.5 0.135 0.135 0.135 
0.505 0.505 -0.01 -0.01 -0.01 -0.0099999989 0.45590727 0.75 0.75 0.75 0.74990333 0.575 0.575 0.575 0.13759302 0.135 0.065466463 0.065 0.065 0.065 -0.845 -0.845 -0.845 -0.845 -0.78 -0.78 -0.78 -0.78 -0.78 -1.28 -1.28 -1.28 -1.28 -1.2800016 -2.055 -1.065 -1.065 -1.065 -1.065 -1.0649983 -0.62 -0.62 -0.62 -0.62813402 -0.645 -0.645 -0.645 -0.5 -0.50000035 -0.865 -0.865 -0.23990877 -0.24 
0.505 0.505 0.17587884 -0.01 -0.01 -0.0099999836 0.73003549 0.74993697 0.75 0.75 0.57500011 0.575 0.575 0.575 0.575 0.53885875 0.065 0.065 0.065 0.065 -0.84499296 -0.845 -0.845 -0.845 -0.78 -0.78 -0.78 -0.78 -0.78 -1.2984739 -1.28 -1.28 -1.28 -2.055 -2.055 -2.0542312 -1.065 -1.065 -0.97776933 -0.91000001 -0.62 -0.62 -0.62 -0.62880869 -0.645 -0.645 -0.645 -0.65 -0.86232112 -0.865 -0.865 -0.24 -0.24 
0.29 0.29 0.29 0.065218247 -0.0093175221 0.73 0.73 0.73 0.73 1.12 1.12 0.57500004 0.575 0.575 0.575 0.57496766 0.065 0.065 0.065 0.065 -0.44790552 -0.845 -0.845 -0.83256905 -0.38825684 -0.78 -0.78 -0.78 -1.305 -1.305 -1.305 -1.3049999 -2.055 -2.055 -2.055 -2.055 -0.91 -0.91 -0.91 -0.91 -0.395 -0.395 -0.395 -0.86499055 -0.865 -0.865 -0.86499993 -0.65 -0.65 -0.86473803 -0.865 -0.24000088 -0.24 
0.29 0.29 0.29 0.29000862 0.45 0.4907166 0.73 0.73 0.73 1.12 1.12 1.12 0.15500002 0.155 0.155 0.15500002 0.066016662 0.065 0.065 0.065 0.051227096 -0.3700013 -0.37 -0.37 -0.37 -0.37000001 -0.73 -0.73 -1.305 -1.305 -1.305 -1.305 -2.0549994 -2.055 -2.055 -2.0549324 -0.91 -0.91 -0.91 -0.91004387 -0.395 -0.395 -0.395 -0.8649782 -0.865 -0.865 -0.865 -0.65 -0.65 -0.64999997 -0.415 -0.415 -0.325 
0.29 0.29 0.29 0.44999963 0.45 0.45 0.72999989 0.73 0.73 1.12 1.12 1.12 0.155 0.155 0.155 0.19041419 0.62 0.62 0.61999857 0.068134781 -0.37 -0.37 -0.37 -0.37 -0.37 -0.37027092 -0.73 -0.73 -0.73 -1.305 -1.305 -1.3048616 -1.225 -1.225 -1.225 -1.27 -1.27 -0.92 -0.92 -0.92 -0.475 -0.39502509 -0.39500299 -0.795 -0.795 -0.79765292 -0.86499945 -0.65 -0.65 -0.415 -0.415 -0.415 -0.325 
0.29 0.29 0.29 0.45 0.45 0.45 0.45 0.73 0.73 1.12 1.12 0.19358608 0.155 0.155 0.155 0.62 0.62 0.62 0.62 0.62 -0.37 -0.37 -0.37 -0.37 -0.37 -0.72999877 -0.73 -0.73 -0.73 -1.09 -1.09 -1.09 -1.225 -1.225 -1.225 -1.27 -1.27 -0.92 -0.92 -0.475 -0.475 -0.475 -0.795 -0.795 -0.795 -0.795 -0.78226716 -0.64 -0.64 -0.64 -0.41499999 -0.145 -0.145 
0.29 0.29 0.29022281 0.45 0.45 0.45 0.45 0.42143965 0.42 0.42120181 1.12 0.15501759 0.155 0.155 0.15500161 0.62 0.62 0.62 0.62 0.62 -0.029491795 -0.37 -0.37 -0.37 -0.37000103 -0.72998003 -0.73 -0.73 -0.73 -1.09 -1.09 -1.09 -1.0900198 -1.225 -1.27 -1.27 -1.27 -1.2699857 -0.91996965 -0.475 -0.475 -0.475 -0.79498057 -0.795 -0.795 -0.795 -0.64000543 -0.64 -0.64 -0.64 -0.145 -0.145 -0.145 
0.1 0.10000033 0.44990349 0.45 0.45 0.45 0.42000638 0.42 0.42 0.42 0.365 0.365 0.365 0.365 0.61882304 0.62 0.62 0.62 0.62 -0.014999622 -0.015 -0.015 -0.375 -0.375 -0.375 -0.375 -0.40564107 -0.73 -1.1299836 -1.13 -1.13 -1.13 -1.13 -1.365 -1.365 -1.365 -1.365 -1.365 -0.785 -0.785 -0.785 -0.785 -0.785 -1.1794196 -1.18 -1.18 -1.18 -0.64 -0.64 -0.64 -0.14507798 -0.145 -0.145 
0.1 0.1 0.10238626 0.38500013 0.38500001 0.38503417 0.42 0.42 0.42 0.42 0.365 0.365 0.365 0.365 0.365 0.62 0.62 0.62 -0.014999841 -0.015 -0.015 -0.015 -0.375 -0.375 -0.375 -0.375 -0.375 -0.37507586 -1.1297181 -1.13 -1.13 -1.13 -1.1298868 -1.3735035 -1.3650088 -1.365 -1.365 -1.365 -0.785 -0.785 -0.785 -0.785 -0.785 -1.18 -1.18 -1.18 -1.18 -0.92748545 -0.64 0.22523769 0.235 0.615 0.615 
0.1 0.1 0.3849639 0.385 0.385 0.385 0.39388985 0.42 0.42 0.42 0.365 0.365 0.365 0.365 0.365 0.61979966 0.62 -0.014813822 -0.015 -0.015 -0.015 -0.015 -0.24163567 -0.375 -0.375 -0.375 -0.375 -0.37501775 -0.4 -0.4 -0.4 -0.4 -0.4 -1.38 -1.38 -1.38 -1.38 -1.38 -1.425 -1.425 -1.425 -1.425 -1.425 -1.1781321 -1.1799996 -1.18 -1.1798703 -1.1641931 0.235 0.235 0.235 0.61499787 0.615 
0.10000013 0.16863528 0.38499997 0.385 0.385 0.385 0.385 0.4199851 0.42 0.42 0.365 0.365 0.365 0.365 -0.079893832 -0.09 -0.09 -0.01500193 -0.015 -0.015 -0.015 -0.015 -0.015000039 -0.375 -0.375 -0.375 -0.375 -0.5049999 -0.50499995 -0.48265345 -0.4 -0.4 -0.4 -1.38 -1.38 -1.38 -1.38 -1.379597 -1.425 -1.425 -1.425 -1.425 -1.4249264 -0.415 -0.415 -0.415 -0.415 -0.41494758 0.235 0.235 0.235 0.23500016 0.50169365 
0.17 0.17 0.20084317 0.385 0.385 0.385 0.385 0.385 0.41998395 -0.044999993 -0.045 -0.045 -0.044026986 -0.089999345 -0.09 -0.09 -0.09 -0.09 -0.015000719 -0.02115435 -0.075 -0.075 -0.075 -0.15184243 -0.38460436 -0.4359955 -0.47936524 -0.505 -0.505 -0.505 -0.505 -0.505 -0.50389746 -0.78443887 -0.785 -0.785 -0.785 -0.785 -1.2446603 -0.46500172 -0.465 -0.465 -0.465 0.039998666 -0.41499988 -0.415 -0.415 0.49 0.23500408 0.235 0.235 0.5 0.5 
0.17 0.17 0.11 0.11 0.11 0.3849084 0.385 0.385 -0.045 -0.045 -0.045 -0.045 -0.045 -0.089999998 -0.09 -0.09 -0.09 -0.09 -0.075 -0.075 -0.075 -0.075 -0.075 -0.49499998 -0.495 -0.495 -0.495 -0.505 -0.505 -0.505 -0.505 -0.505 -0.735 -0.735 -0.785 -0.785 -0.785 0.16483822 0.165 -0.465 -0.465 -0.465 -0.4649999 0.04 0.04 0.04 0.49 0.49 0.49 0.62 0.62 0.5 0.5 
0.17 0.17 0.11 0.11 0.11 0.11 0.10999918 -0.04 -0.044995292 -0.045 -0.045 -0.045 -0.045 -0.089438666 -0.09 -0.09 -0.09 -0.09 -0.075 -0.075 -0.075 -0.075 -0.075 -0.495 -0.495 -0.495 -0.495 -0.49500006 -0.505 -0.505 -0.505 -0.73498794 -0.735 -0.735 -0.735 -0.785 0.16499999 0.165 0.165 0.14842352 0.099815676 0.205 0.205 0.04 0.04 0.04 0.49 0.49 0.49 0.62 0.62 0.62 0.40489978 
-0.05 -0.049998273 0.11 0.11 0.11 0.11 -0.04 -0.04 -0.04 -0.045 -0.045 -0.045 -0.045 -0.045013989 -0.09 -0.09 -0.09 -0.09 -0.075000477 -0.075000001 -0.075 -0.075000008 -0.42102195 -0.495 -0.495 -0.495 -0.495 -0.77999977 -0.78 -0.78 -0.50796008 -0.735 -0.735 -0.735 -0.73499991 -0.645 0.165 0.165 0.165 0.165 0.205 0.205 0.205 0.735 0.735 0.735 1.0049498 0.49 0.49 0.62 0.62 0.62 0.39500132 
-0.05 -0.05 0.11 0.11 0.11 -0.04 -0.04 -0.04 -0.04 -0.044456109 -0.045 -0.045 -0.045 -0.045005424 -1.6598193 -1.66 -1.66 -1.66 -0.55807777 -0.625 -0.625 -0.625 -0.625 -0.495 -0.495 -0.495 -0.4950188 -0.78 -0.78 -0.78 -0.78 -0.73495451 -0.6843776 -0.645 -0.645 -0.645 0.16523993 0.22999865 0.23 0.23 0.2053329 0.62999999 0.63 0.735 0.735 0.73500114 1.005 1.005 0.955 0.955 0.955 0.925 0.87 
-0.05 -0.05 0.02 0.02 0.02 -0.04 -0.04 -0.04 -0.04 -0.185 -0.185 -0.185 -0.185 -0.2889467 -1.66 -1.66 -1.66 -1.66 -0.555 -0.625 -0.625 -0.625 -0.625 -1.185 -1.1849997 -0.49500102 -0.78 -0.78 -0.78 -0.78 -0.58255266 -0.39 -0.6146585 -0.645 -0.645 -0.645 0.23 0.23 0.23 0.23 0.63 0.63 0.63 0.67498581 0.675 1.0035167 1.005 1.005 0.95499933 0.955 0.925 0.925 0.87 
-0.05 0.02 0.02 0.02 0.02 0.02 -0.041940723 -0.29 -0.29 -0.185 -0.185 -0.185 -0.185 -0.18534932 -1.66 -1.66 -1.66 -1.6100726 -0.555 -0.555 -0.625 -0.625 -1.185 -1.185 -1.185 -1.185 -0.78 -0.78 -0.78 -0.78 -0.39 -0.39 -0.39 -0.64474196 -0.645 -0.645 0.23 0.23 0.23 0.23 0.63 0.63 0.63 0.675 0.675 0.67500142 0.7 0.7 0.805 0.805 0.925 0.925 0.87 
0.019342613 0.02 0.02 0.02 0.02 0.02 -0.29 -0.29 -0.29 -0.23379961 -0.185 -0.185 -0.185 -0.18501832 -1.66 -1.66 -1.66 -0.555 -0.555 -0.555 -0.6249965 -0.62500342 -1.185 -1.185 -1.185 -1.185 -0.78002879 -0.78 -0.78 -0.39008969 -0.39 -0.39 -0.39 -0.39 -0.64345378 -1.0007729e-12 4.7587618e-15 0.0039805497 0.23 0.23 0.62999965 0.63 0.67369162 0.675 0.675 0.69999999 0.7 0.7 0.805 0.805 0.225 0.225 -0.005 
0.02 0.02 0.02 0.02 0.02 0.02 -0.29 -0.29 -0.29 -0.29 -0.78498271 -0.785 -0.785 -0.785 -1.6599963 -1.0254002 -0.67 -0.67 -0.555212 -0.555 -0.55500001 -1.1849992 -1.185 -1.185 -1.185 -1.185 -1.1847055 -0.78 -0.77998667 -0.39 -0.39 -0.39 -0.39 -0.39 -5.5623601e-12 -7.194244e-41 2.8751695e-58 2.4152349e-44 3.4164606e-20 1.8976378e-06 0.46 0.46 0.46000009 0.725 0.725 0.725 0.49 0.49 0.145 0.145 0.225 0.2249995 -0.005 
0.02 0.02 0.02 0.02 0.02 0.02 -0.29 -0.29 -0.29 -0.785 -0.785 -0.785 -0.785 -0.785 -0.75468628 -0.67 -0.67 -0.67 -0.67 -0.67 -0.66450913 -1.185 -1.185 -1.185 -1.185 -1.1722826 -0.78063463 -0.78000018 -0.39192328 -0.39 -0.39 -0.39 -0.39 -0.38999915 -6.5716868e-21 -1.8765447e-54 4.3983102e-113 7.4073282e-75 1.3647386e-33 0.21399093 0.46 0.46 0.46 0.725 0.725 0.725 0.49 0.49 0.145 0.145 -0.13999999 -0.012447077 -0.005 
0.02 0.02 0.02 0.02 0.02 0.019999907 -0.28999993 -0.29 -0.31054526 -0.785 -0.785 -0.785 -0.785 -0.785 -0.77948389 -0.67 -0.67 -0.67 -0.67 -0.67 -0.67 -0.84157254 -0.78000057 -0.78 -0.78 -0.78 -0.78 -0.78 -0.53820639 -0.53499828 -0.535 -0.535 -0.535 -0.53499961 -1.0761607e-16 -4.0499834e-42 4.0717343e-64 4.3768341e-53 5.6309902e-24 0.45999995 0.46 0.46 0.46 0.46000012 0.724503 0.415 0.48999999 -0.14875506 0.14473276 -0.14 -0.14 -0.13948033 -0.115 
0.02 0.02 0.02 0.02 0.02 0.019980197 -0.28998328 -0.29002995 -0.78499938 -0.785 -0.785 -0.785 -0.785 -0.785 -0.78281179 -0.67 -0.67 -0.67 -0.67 -0.67 -0.67 -0.78 -0.78 -0.78 -0.78 -0.78 -0.78 -0.78 -0.53506763 -0.535 -0.535 -0.535 -0.535 -0.535 -0.38841005 -2.2398373e-21 1.0926469e-28 7.7204136e-27 4.0030711e-13 0.46 0.46 0.46 0.46 0.45998847 0.415 0.415 0.41139618 -0.16 -0.16 -0.14 -0.14 -0.115 -0.115 
0.02 0.02 0.02 0.02 0.019999998 0.019586573 -0.28964595 -0.72914248 -0.785 -0.785 -0.785 -0.785 -0.785 -0.785 -0.78298673 -0.67 -0.67 -0.67 -0.67 -0.67 -0.685662 -0.78 -0.78 -0.78 -0.78 -0.78 -0.78 -0.78 -0.53500098 -0.535 -0.535 -0.535 -0.535 -0.535 -0.535 0.16379029 0.41844306 0.55767493 0.57885718 0.44971541 0.46 0.46 0.46 0.41500359 0.415 0.41371662 0.19999828 -0.16 -0.16 -0.40495093 -0.405 -0.405 -0.11500013 
0.02 0.02 0.02 0.02 0.019999685 0.017414502 -0.33062441 -0.78486389 -0.785 -0.785 -0.785 -0.785 -0.785 -0.785 -0.78231457 -0.67 -0.67 -0.67 -0.67 -0.67 -0.77999953 -0.78 -0.78 -0.78 -0.78 -0.78 -0.78 -0.78 -0.53500007 -0.535 -0.535 -0.535 -0.535 -0.535 -0.53499977 0.59 0.59 0.59 0.59 0.3 0.3 0.3 0.3 0.20000062 0.2 0.2 0.2 0.19999576 -0.18 -0.18 -0.405 -0.405 -0.53777445 
0.02 0.02 0.02 0.019999976 0.019991341 0.011359178 -0.75050734 -0.78499354 -0.785 -0.785 -0.785 -0.785 -0.785 -0.785 -0.78109619 -0.67000005 -0.67 -0.67 -0.67 -0.67066204 -0.78 -0.78 -0.78 -0.78 -0.78 -0.78 -0.78 -0.78 -0.53500005 -0.535 -0.535 -0.535 -0.535 -0.535 0.58999897 0.59 0.59 0.59 0.59 0.3 0.3 0.3 0.3 0.27301043 0.2 0.2 0.2 -0.17999575 -0.18 -0.18 -0.6 -0.6 -0.6 
0.02 0.019999999 0.019999986 0.019999297 0.019913933 -0.03474246 -0.78309513 -0.78499838 -0.785 -0.785 -0.785 -0.785 -0.785 -0.78499999 -0.77944575 -0.6700027 -0.67 -0.67 -0.67000013 -0.77777123 -0.78 -0.78 -0.78 -0.78 -0.78 -0.78 -0.78 -0.78 -0.53500023 -0.535 -0.535 -0.535 -0.535 0.37639217 0.59000004 0.59 0.59 0.59 0.59 0.3 0.3 0.3 0.3 0.3 0.2 0.2 0.2 -0.18 -0.18 -0.18 -0.6 -0.6 -0.6 
0.019999997 0.019999979 0.019999706 0.019991593 0.019356513 -0.42622247 -0.78465923 -0.78499901 -0.785 -0.785 -0.785 -0.785 -0.785 -0.78499978 -0.77748351 -0.670042 -0.67 -0.67 -0.67056952 -0.77999065 -0.78 -0.78 -0.78 -0.78 -0.78 -0.78 -0.78 -0.77999986 -0.53500153 -0.535 -0.53499912 0.60054934 0.71 0.71 0.71 0.59 0.59 0.59 0.59 0.3 0.3 0.3 0.3 0.3 0.20000177 0.2 0.19999981 -0.17999997 -0.18 -0.18000023 -0.6 -0.6 -0.6 
