interpolatedSpi/04-03|19_1.tif
NCOLS 53
NROWS 52
XLLCORNER -116.03883
YLLCORNER 28.596182
DX 0.49850594
DY 0.49788537
NODATA_VALUE -9999
-1.66 -1.66 -1.5958974 -1.96 -1.94 -2.19 -1.88 -2.38 -2.1537305 -1.67 -0.71 -2.49 -2.8099597 -2.32 -2.42 -2.42 -2.42 -1.42 -2.59 -2.59 -2.59 -2.5900057 -3.18 -2.06 -2.06 -2.06 -2.1599938 -2.16 -2.16 -2.96 -2.96 -2.96 -2.96 -1.5900003 -1.59 -1.59 -1.59 -1.59 -1.59 -1.5899999 0.68549083 0.70951353 -1.2 -1.2 -1.2 -1.2 -1.19951 -0.9 -0.9 -0.9 -1.3199991 -1.32 -1.32 
-1.659996 -1.57 -1.5999993 -1.2728183 -1.4499835 -1.42 -1.26 -2.0600383 -3.12 -2.72 -3.38 -2.81 -2.81 -1.3632011 -2.3199893 -2.42 -1.42 -1.42 -2.5884745 -2.59 -2.59 -2.59 -2.0489462 -2.06 -2.06 -2.06 -1.1000001 -1.1 -2.96 -2.96 -2.96 -2.96 -2.96 -1.5900002 -1.59 -1.59 -1.59 -1.59 -1.5899999 -1.2591915 0.36991806 -1.009493 -1.2 -1.2 -1.2 -1.2 -1.2 -0.9 -0.9 -0.9 -0.9348268 -1.32 -1.32 
-1.1000379 -1.1 -1 0.27 -0.68 -1.61 -1.09 -1.61 -2.07 -1.93 -2.83 -2.88 -2.04 -2.04 -1.36 -1.93 -1.42 -1.42 -1.42 -2.270093 -2.27 -2.27 -1.85 -2.06 -2.06 -2.06 -1.1 -1.1 -1.1 -2.96 -2.96 -2.96 -2.993698 -1.5872639 -1.5715704 0.37185633 0.39 0.39 0.38748453 0.37 0.37 0.36799237 -1.2 -1.2 -1.2 -1.2 -1.2 -0.9 -0.9 -0.9 -0.9 -1.32 -1.32 
-0.59 -1.1 -1.2700107 0.29 -0.39 -1.1 -1.43 -2.59 -2.09 -1.8303232 -2.22 -2.06 -2.04 -2.04 -1.6 -1.93 -1.7513772 -1.7497688 -1.57 -2.27 -2.27 -1.68 -1.85 -1.85 -2.06 -2.0599952 -1.1 -1.1 -1.1 -1.14 -2.1770009 -3.03 -3.03 -3.0299973 0.39 0.39 0.39 0.39 0.37 0.37 0.37 0.36999994 -1.2 -1.2 -1.2 -1.2 -1.2 -0.90000378 -0.9 -0.9 -0.9 -1.3199412 -1.32 
-0.59 -1.6399993 -1.27 -1.2377501 -0.39 -1.6 -2.1099431 -1.79 -2.2 -1.82 -2.0723479 -2.1899885 -2.11 -1.6 -1.6 -1.8179744 -1.75 -1.75 -1.57 -1.57 -2.2699989 -1.68 -1.82 -2.13 -1.93 -1.9300536 -1.1 -1.1 -1.14 -1.14 -3.03 -3.03 -3.03 -2.8338838 0.39 0.39 0.39 0.37 0.37 0.37 0.37 0.36983204 -1.2 -1.2 -1.2 -1.2 -1.2 -1.1973296 -0.9 -0.89993812 0.48 0.48 0.48 
-2.48 -1.74 1.12 -0.84 -0.3 -1.92 -0.92 -1.0313849 -1.81 -1.59 -3.02 -1.6 -1.6000003 -3.36 -3.36 -1.6500459 -1.65 -1.53 -1.53 -1.5700003 -2.75 -2.75 -2.13 -1.93 -1.93 -2.16 -2.13 -2.13 -1.6899506 -1.14 -3.03 -3.03 -1.99 -1.9899676 -1.6800223 -2.21 -2.21 -0.4281819 0.37 0.37 -1.3678298 -1.37 -1.3699978 -0.42394566 -0.41008731 -0.41000021 -0.41000003 -0.4100003 -0.56340371 0.48 0.48 0.48 0.48 
-1.6600176 -0.36 -1.1156058 -1.73 -1.24 -1.18 -1.42 -1.9 -1.94 -1.94 -3.02 -3.24 -3.5299997 -3.36 -1.8400046 -1.84 -1.65 -2.05 -1.88 -1.88 -2.6840229 -2.61 -2.61 -1.99 -2.16 -2.16 -2.13 -2.13 -1.6900245 -1.6904506 -2.5386705 -1.99 -1.99 -1.68 -1.68 -1.8777696 -2.21 -2.21 -2.7499813 -1.3700019 -1.37 -1.37 -1.3699852 -0.40999682 -0.41 -0.41 -0.41 -0.41000019 -0.73 0.47976021 0.48 0.48 0.48 
-1.66 -2.94 -1.22 -2.4 -2.0100224 -1.88 -1.82 -2.08 -3.21 -2.21 -2.21 -2.21 -3.53 -3.53 -1.851595 -2.4775299 -2.54 -1.38 -1.6100003 -1.88 -1.0117755 -0.78 -2.48 -2.03 -2.0300021 -2.19 -3.1 -3.0999997 -2.1085283 -2.11 -2.54 -1.2189698 -1.43 -1.68 -1.7142254 -1.6 -1.6 -2.75 -2.75 -1.37 -1.37 -1.37 0.15764866 0.15999997 -0.41 -0.41 -0.41 -0.72998782 -0.73 -0.73 0.48 0.48 0.48 
-2.8474535 -2.94 -1.76 -0.33 -1.47 -2.07 -1.39 -0.49 -0.32 -0.39176939 -0.32 -1.51 -1.51 -1.37 -1.369994 -2.9987179 -3 -3 -1.4151099 -2.4100002 -3.51 -3.51 -2.05 -2.3105441 -2.1738762 -2.19 -2.21 -3.1 -3.2193027 -3.22 -1.16 -2.21 -2.6280282 -2.98 -2.88 -2.77 -2.89 -3.89 -2.0008727 -1.3660719 -0.49 -0.010000001 0.15993814 0.16 0.15679173 -0.41 -0.47 -0.73 -0.73 -0.73 -0.73 0.41525613 -0.32 
-2.33 -2.33 -1.81 -0.81 -1.83 -2.75 -1.36 -1.74 -0.21 -0.4100247 0.01 -0.98 -1.37 -1.37 -0.73 -0.76113408 -3 -2.9994423 -0.52 -2.41 -2.41 -2.5517169 -2.05 -2.949983 -2.95 -2.95 -2.21 -1.74 -1.74 -3.22 -3.22 -2.2115742 -3.04 -2.98 -3.1 -2.77 -2.89 -3.57 -2 0.62672736 -0.010000021 -0.087141272 -0.22 0.16 0.16 -0.47 -0.47 -0.47 -0.73 -0.73 -0.04 -0.04 -0.040000105 
-2.33 -2.33 -1.55 -2.53 -1.46 -1.65 -2.35 -2.1604985 -2.11 -2.08 0.33 -0.42 -0.97925505 -0.73 -0.73 -0.73001038 -0.82 -0.80425459 -0.52 -2.3 -2.3 -1.91 -1.91 -2.95 -2.95 -2.95 -1.74 -1.74 -1.74 -2.21 -2.21 -2.2100014 -2.66 -2.66 -2.16 -1.93 -1.96 -1.2499957 -2.08 0.67 0.67 0.099998948 -0.22 0.16 -0.3599997 -0.09 -0.82844956 -0.83 -0.73 -0.73 -0.04 -0.04 -0.04 
-2.33 -1.9934576 -1.968201 -2.3800076 -2.21 -1.55 -2.35 -2.16 -2.1100004 -2.0803324 -0.42000216 -0.42 -1.19 -0.73 -0.73 -0.82 -0.82 -0.81998293 -0.52 -2.3 -2.2234119 -1.91 -1.91 -2.9499577 -2.95 -2.6508652 -2.04 -2.04 -2.04 -2.21 -2.21 -1.68 -1.68 -2.6599986 -2.16 -0.25000151 -1.764367 -1.25 -1.25 0.66999998 0.1 0.1 0.099996623 -0.36 -0.36 -0.09 -0.83 -0.83 -0.73 -0.73 -0.04 -0.04 -0.04 
-1.92 -2.2622044 -2.310007 -2.3105055 -2.2099965 -1.5500156 -2.35 -2.1623388 -2.1134455 -2.1092166 -1.19 -1.19 -1.19 -1.19 -0.73006516 -0.82 -0.82 -0.81612652 -0.52 -2.2997573 -1.5 -1.5 -1.5 -1.5 -2.9247063 -2.04 -2.04 -2.04 -2.04 -2.0399498 -1.68 -1.68 -1.68 -1.68 -0.25 -0.25 -0.25 -1.2011882 -1.2358802 0.63 0.63 0.10002851 0.46997159 -0.35992006 -0.36 -0.09 -0.83 -0.83 -0.73 -0.73 -0.042503246 -0.04 -0.21834941 
-1.92 -2.31 -2.31 -2.31 -2.31 -2.3099997 -2.3479522 -2.2600926 -2.1226378 -1.19099 -1.19 -1.19 -1.19 -1.19 -1.1899998 -0.82 -0.81999995 -0.79942205 -0.52000736 -1.5 -1.5 -1.5 -1.5 -1.5 -1.4801147 -1.5836004 -1.5000001 -1.5 -1.5 -1.5 -1.68 -1.68 -1.6799984 -0.34 -0.34 -0.25 0.3722027 0.39 0.62999986 0.63 0.63 0.63 0.47 0.47 0.47 0.46610291 0.014623292 0.02 0.02 0.02 0.019999986 0.26999994 0.27 
-1.36 -2.31 -2.31 -2.31 -2.31 -2.31 -2.31 -1.9492379 -0.96625023 -0.96 -0.96 -0.96 -0.96 -0.96 -0.96 -1.1657284 -0.82552765 -0.77892011 -1.4998769 -1.5 -1.5 -1.5 -1.5 -1.4999983 -0.58 -0.58 -0.58000129 -1.5 -1.5 -1.4964757 0.26 0.26 -0.34 -0.34 -0.34 0.27306223 0.39 0.39 0.39 0.63 0.63 0.63 0.47 0.47 0.47 0.47 0.020000003 0.02 0.02 0.02 0.02 0.27 0.27 
-1.36 -1.7136742 -2.31 -2.31 -2.31 -2.31 -1.0602453 -1.06 -1.06 -0.96 -0.96 -0.96 -0.96 -0.96 -1.0063275 -1.17 -1.17 -1.17 -0.0045691628 -1.5306598e-06 -9.0283015e-14 -1.5030079e-24 -2.2801802e-26 -3.3366585e-18 -0.58 -0.58 -0.58 -0.58 -1.5 0.26 0.26 0.26 -0.33999995 -0.34 -0.34 1.04 0.39086062 0.39 0.39 0.63007778 0.78556877 1.1484458 0.47 0.47 0.18089496 0.18 0.18 0.019032399 -0.56793822 -0.56999995 -0.56999989 -0.40989711 0.26999862 
-1.36 -1.3502681 -1.8241958 -2.31 -2.31 -1.0607386 -1.06 -1.06 -1.06 -1.0592794 -0.96 -0.96 -0.96 -0.96000003 -1.17 -1.17 -1.17 -1.17 -0.001045137 -1.3695506e-21 -6.3896003e-39 -6.6046821e-79 -7.4608065e-74 -6.1838951e-30 -0.57999999 -0.58 -0.58 -0.58 -0.57694463 0.26 0.26 0.26 0.70999999 -0.33983428 1.04 1.04 1.04 1.0390722 1.1018816 1.15 1.15 1.15 0.83 0.83 0.18 0.18 0.18 -0.56999999 -0.57 -0.57 -0.57 -0.41 -0.41 
-1.349624 -1.35 -1.35 -1.35 -0.44 -1.059984 -1.06 -1.06 -1.06 -1.06 -0.96075712 -0.96000013 -0.96 -1.17 -1.17 -1.17 -1.17 -1.17 -1.0416637 -4.0592069e-13 -6.4482233e-35 3.5436822e-60 6.4388722e-52 3.430384e-23 -0.050812405 0.30999518 0.31 0.31 0.31 0.26000002 0.70999999 0.71 0.71 0.71 1.04 1.0399979 0.96 0.96 1.1476276 1.15 1.15 1.15 0.83 0.83 0.28064238 0.18 0.18 -0.57 -0.57 -0.57 -0.56828438 -0.41 -0.41 
-1.35 -1.35 -1.35 -0.92146742 -0.44 -0.44 -1.06 -1.06 -1.06 -1.06 -0.97 -0.97 -0.97 -1.17 -1.17 -1.17 -1.17 -1.1699207 -0.59 -0.59 -2.3955725e-07 1.6185354e-13 0.0063299055 0.26 0.26045013 0.31 0.31 0.31 0.31 0.70995927 0.71 0.71 0.71 0.71 0.96000028 0.96 0.96 0.96 0.96069757 1.15 1.15 1.15 0.83 0.83 0.83 0.18 0.18 -0.56999999 -0.57 -0.57 -0.41 -0.41 -0.41 
-1.35 -1.35 -1.35 -0.44 -0.44 -0.44 -0.44000095 -1.06 -1.06 -0.97009291 -0.97 -0.97 -0.97 -0.9701246 -0.78147724 -0.69 -0.69 -0.69 -0.59 -0.59 -0.59 0.26 0.26 0.26 0.2600028 0.28901903 0.31 0.31 0.31 0.6032434 0.5900118 0.59 0.59 0.59 1.1712796 1.4699988 1.47 1.47 1.47 1.2799822 1.28 1.28 0.83 0.83 0.70000054 0.69999967 -0.23 -0.23 -0.19 -0.19 -0.19 -0.41 -0.25014306 
-1.3499963 -1.35 -1.35 -0.44 -0.44 -0.44 -0.44 -0.34000021 -1.0571212 -0.96990932 -0.97 -0.97 -0.97 -0.96945056 -0.69 -0.69 -0.69 -0.68999997 -0.59 -0.59 -0.59 0.26 0.26 0.26 0.27 0.27 0.88999999 0.89 0.89 0.88836341 0.59 0.59 0.59 0.59 1.0297584 1.47 1.47 1.47 1.47 1.28 1.28 1.28 1.261751 0.7 0.7 0.7 -0.23 -0.23 -0.19 -0.19 -0.19 -0.25 -0.25 
-0.16 -0.70579917 -0.38 -0.38001741 -0.44 -0.3405786 -0.34 -0.34 -0.34728757 -0.86999999 -0.87 -0.87 -0.87 -0.11002474 -0.11 -0.68999955 -0.69 -0.68736515 -0.59 -0.59 -0.59 0.72 0.72 0.72 0.27 0.27 0.89 0.89 0.89 0.89000011 1.0399971 1.0399987 0.60131007 0.59048243 1.4789866 1.48 1.48 1.48 1.48 1.28 1.28 1.28 0.73193631 0.7 0.7 0.69999985 -0.23 -0.23 -0.22999856 -0.19 -0.19002594 -0.77 -0.25 
-0.49993543 -0.49999998 -0.38 -0.38 -0.38 -0.34 -0.34 -0.34 -0.36 -0.36 -0.87 -0.87 -0.87 -0.11 -0.11 -0.11 -0.11 -0.11005547 -0.59 -0.59 -0.58999995 0.72 0.72 0.72 0.27 0.27 0.89 0.89 0.89 1.0383087 1.04 1.04 1.04 1.04 1.4797829 1.48 1.48 1.48 1.48 0.83000012 0.83 0.83 0.83 0.69999371 -0.12 -0.12 -0.12 -0.6 -0.6 -0.6 -0.77 -0.77 -0.77 
-0.5 -0.5 -0.38 -0.38 -0.38 -0.34021025 -0.34 -0.36 -0.36 -0.36 -0.86993722 -0.87 0.50276954 -0.10999979 -0.11 -0.11 -0.11 1.09 1.09 1.09 1.27 1.2699996 0.72000268 0.72 0.7205495 1.86 1.86 1.8599977 0.89015676 1.5199043 1.5199974 1.5199162 1.0408204 1.0404142 1.4019456 1.4799998 1.478693 1.09 1.09 0.83 0.83 0.83 0.83 -0.12 -0.12 -0.12 -0.12 -0.6 -0.6 -0.6 -0.77 -0.77 -0.77 
-0.5 -0.5 -0.38 -0.38 -0.38 -0.38 -0.34748542 -0.36 -0.36 -0.36 -0.35935371 0.81 0.81 0.81 -0.10457823 -0.11 1.0820035 1.09 1.09 1.09 1.27 1.27 1.27 1.27 1.86 1.86 1.86 1.86 1.86 1.52 1.52 1.52 1.52 1.52 1.51 1.09 1.09 1.09 1.09 1.0899977 0.41 0.41 0.41 0.16268677 -0.35 -0.35 -0.35 -0.59999999 -0.59999967 -0.26 -0.26 0.059798081 0.06 
-0.5 -0.5 -0.42331157 -0.38 -0.38 -0.37999995 1.7063267 -0.3534765 -0.36 -0.36 0.81000015 0.81 0.81 0.81 0.81 0.73463221 1.09 1.09 1.09 1.09 1.2699986 1.27 1.27 1.27 1.86 1.86 1.86 1.86 1.86 1.2613653 1.52 1.52 1.52 1.51 1.51 1.5096739 1.09 1.09 1.011211 0.95000001 0.41 0.41 0.41 0.16908933 -0.35 -0.35 -0.35 0.4 -0.25177646 -0.26 -0.26 0.06 0.06 
1.52 1.52 1.52 0.096382229 -0.37681196 1.71 1.71 1.71 1.71 1.54 1.54 0.81000005 0.81 0.81 0.81 0.81001776 1.09 1.09 1.09 1.09 1.1914538 1.27 1.27 1.2768043 1.5446945 1.86 1.86 1.86 1.17 1.17 1.17 1.1700015 1.51 1.51 1.51 1.51 0.95 0.95 0.95 0.95 0.74 0.74 0.74 0.57000342 0.57 0.57 0.56999971 0.4 0.4 -0.25919583 -0.26 0.060005143 0.06 
1.52 1.52 1.52 1.5200145 1.79 1.7783667 1.71 1.71 1.71 1.54 1.54 1.54 1.15 1.15 1.15 1.15 1.0918685 1.09 1.09 1.09 1.0927436 1.5299993 1.53 1.53 1.53 1.53 0.76000001 0.76 1.17 1.17 1.17 1.17 1.5099997 1.51 1.51 1.5099707 0.95 0.95 0.95 0.94982453 0.74 0.74 0.74 0.57000788 0.57 0.57 0.57 0.4 0.4 0.40000009 1.08 1.08 1.1 
1.52 1.52 1.52 1.7899994 1.79 1.79 1.71 1.71 1.71 1.54 1.54 1.54 1.15 1.15 1.15 1.2231132 2.11 2.11 2.1099974 1.0957612 1.53 1.53 1.53 1.53 1.53 1.5294205 0.76 0.76 0.76 1.17 1.17 1.1696653 1.15 1.15 1.15 0.4 0.4 0.91 0.91 0.91 0.78 0.74001255 0.7400003 0.78 0.78 0.77204124 0.57000027 0.4 0.4 1.08 1.08 1.08 1.1 
1.52 1.52 1.52 1.79 1.79 1.79 1.79 1.71 1.71 1.54 1.54 1.1655944 1.15 1.15 1.15 2.11 2.11 2.11 2.11 2.11 1.53 1.53 1.53 1.53 1.53 0.76000263 0.76 0.76 0.76 0.65 0.65 0.65 1.15 1.15 1.15 0.4 0.4 0.91 0.91 0.78 0.78 0.78 0.78 0.78 0.78 0.78 0.81532335 1.21 1.21 1.21 1.08 1.39 1.39 
1.52 1.52 1.520376 1.79 1.79 1.79 1.79 1.6376781 1.63 1.6298455 1.54 1.1500553 1.15 1.15 1.1500033 2.11 2.11 2.11 2.11 2.11 2.124611 1.53 1.53 1.53 1.5299135 0.76001969 0.76 0.76 0.76 0.65 0.65 0.65 0.65007226 1.15 0.4 0.4 0.4 0.40002069 0.90999113 0.78 0.78 0.78 0.78 0.78 0.78 0.78 1.2099957 1.21 1.21 1.21 1.39 1.39 1.39 
1.53 1.53 1.7898488 1.79 1.79 1.79 1.630034 1.63 1.63 1.63 1.81 1.81 1.81 1.81 2.1086153 2.11 2.11 2.11 2.11 2.15 2.15 2.15 1.1100001 1.11 1.11 1.11 1.0797905 0.76 0.6600041 0.66 0.66 0.66 0.66 3.3375244e-09 1.0680576e-20 6.1970822e-67 6.5160476e-38 2.9244057e-14 0.23 0.23 0.23 0.23 0.23 0.78998493 0.79 0.79 0.79 1.21 1.21 1.21 1.3899716 1.39 1.39 
1.53 1.53 1.5290791 1.4200007 1.4200001 1.420205 1.63 1.63 1.63 1.63 1.81 1.81 1.81 1.81 1.81 2.11 2.11 2.11 2.15 2.15 2.15 2.15 1.11 1.11 1.11 1.11 1.11 1.1099255 0.66001545 0.66 0.66 0.66 0.66000621 0.12471836 0.00012914063 3.3584072e-17 1.3846876e-16 3.1273685e-09 0.23 0.23 0.23 0.23 0.23 0.79 0.79 0.79 0.79 0.98640021 1.21 0.36948339 0.36 0.44 0.44 
1.53 1.53 1.4200139 1.42 1.42 1.42 1.4733391 1.63 1.63 1.63 1.81 1.81 1.81 1.81 1.81 2.1097624 2.11 2.1499883 2.15 2.15 2.15 2.15 1.4952747 1.11 1.11 1.11 1.11 1.1097096 0.7 0.7 0.7 0.7 0.7 0.22 0.22 0.22 0.22 0.22 0.29 0.29 0.29 0.29 0.29 0.78877917 0.78999974 0.79 0.78991525 0.77973994 0.36 0.36 0.36 0.43999955 0.44 
1.5299991 1.039748 1.4199999 1.42 1.42 1.42 1.42 1.6299106 1.63 1.63 1.81 1.81 1.81 1.81 1.0864364 1.07 1.07 2.1499722 2.15 2.15 2.15 2.15 2.1499998 1.11 1.11 1.11 1.11 0.72999998 0.72999999 0.72361527 0.7 0.7 0.7 0.22 0.22 0.22 0.22 0.22004741 0.29 0.29 0.29 0.29 0.28997931 0.29 0.29 0.29 0.29 0.29000564 0.36 0.36 0.36 0.35999977 -0.0033726567 
1.03 1.03 1.0146623 1.42 1.42 1.42 1.42 1.42 1.6299078 0.52000002 0.52 0.52 0.52306143 1.0700011 1.07 1.07 1.07 1.07 2.1499928 2.0884565 1.55 1.55 1.55 1.4370643 1.0915916 0.99309196 0.90989187 0.73 0.73 0.73 0.73 0.73 0.72821843 0.29426489 0.29 0.29 0.29 0.29 0.23927962 0.020000485 0.02 0.02 0.02 -0.16999865 0.28999988 0.29 0.29 -0.48 0.35998654 0.36 0.36 -0.01 -0.01 
1.03 1.03 0.44 0.44 0.44 1.4196736 1.42 1.42 0.52 0.52 0.52 0.52 0.52 1.07 1.07 1.07 1.07 1.07 1.55 1.55 1.55 1.55 1.55 0.88000003 0.88 0.88 0.88 0.73 0.73 0.73 0.73 0.73 0.67 0.67 0.29 0.29 0.29 0.26000511 0.26 0.02 0.02 0.02 0.019999957 -0.17 -0.17 -0.17 -0.48 -0.48 -0.48 -0.37 -0.37 -0.01 -0.01 
1.03 1.03 0.44 0.44 0.44 0.44 0.43999802 0.08 0.51958573 0.52 0.52 0.52 0.52 1.0631393 1.07 1.07 1.07 1.07 1.55 1.55 1.55 1.55 1.55 0.88 0.88 0.88 0.88 0.87999939 0.73 0.73 0.73 0.67000315 0.67 0.67 0.67 0.29 0.26 0.26 0.26 0.25368515 -0.21604237 -0.26 -0.26 -0.17 -0.17 -0.17 -0.48 -0.48 -0.48 -0.37 -0.37 -0.37 -0.28171491 
0.89 0.8900011 0.44 0.44 0.44 0.44 0.08 0.08 0.08 0.52 0.52 0.52 0.52 0.52017098 1.07 1.07 1.07 1.07 1.549991 1.55 1.55 1.55 0.99800292 0.88 0.88 0.88 0.88 0.80000007 0.8 0.8 0.73074905 0.67 0.67 0.67 0.66999981 0.47 0.26 0.26 0.26 0.26 -0.26 -0.26 -0.26 -0.63 -0.63 -0.63 -0.39000876 -0.48 -0.48 -0.37 -0.37 -0.37 -0.31000072 
0.89 0.89 0.44 0.44 0.44 0.08 0.08 0.08 0.08 0.47175818 0.52 0.52 0.52 0.52000081 0.56005869 0.56 0.56 0.56 0.21225956 0.27 0.27 0.27 0.27 0.88 0.88 0.88 0.87999472 0.8 0.8 0.8 0.8 0.66994814 0.55750579 0.47 0.47 0.47 0.25854483 -0.12999188 -0.13 -0.13 -0.26026632 -0.59999999 -0.6 -0.63 -0.63 -0.62999898 -0.39 -0.39 -0.15 -0.15 -0.15 -0.31 -0.57 
0.89 0.89 0.41 0.41 0.41 0.08 0.08 0.08 0.08 0.17 0.17 0.17 0.17 0.19748421 0.56 0.56 0.56 0.56 0.21 0.27 0.27 0.27 0.27 0.49 0.49000015 0.87999942 0.8 0.8 0.8 0.8 0.54686238 0.3 0.44977233 0.47 0.47 0.47 -0.13 -0.13 -0.13 -0.13 -0.6 -0.6 -0.6 -0.44005045 -0.44 -0.39022475 -0.39 -0.39 -0.14999982 -0.15 -0.31 -0.31 -0.57 
0.89 0.41 0.41 0.41 0.41 0.41 0.078990824 -0.05 -0.05 0.17 0.17 0.17 0.17 0.17009236 0.56 0.56 0.56 0.54418589 0.21 0.21 0.27 0.27 0.49 0.49 0.49 0.49 0.8 0.8 0.8 0.8 0.3 0.3 0.3 0.46982797 0.47 0.47 -0.13 -0.13 -0.13 -0.13 -0.6 -0.6 -0.6 -0.44 -0.44 -0.43998187 -0.12 -0.12 -0.09 -0.09 -0.31 -0.31 -0.57 
0.4145078 0.41 0.41 0.41 0.41 0.41 -0.05 -0.05 -0.05 0.067753194 0.17 0.17 0.17 0.17001038 0.56 0.56 0.56 0.21 0.21 0.21 0.269997 0.27000134 0.49 0.49 0.49 0.49 0.79997796 0.8 0.8 0.30011499 0.3 0.3 0.3 0.3 0.46820308 -0.49 -0.49 -0.48376957 -0.13 -0.13 -0.59999958 -0.6 -0.44465203 -0.44 -0.44 -0.12000012 -0.12 -0.12 -0.09 -0.09 -0.72 -0.72 -1.01 
0.41 0.41 0.41 0.41 0.41 0.41 -0.05 -0.05 -0.05 -0.049999998 0.61998704 0.62 0.62 0.62 0.55999967 0.47025861 0.42 0.42 0.21038713 0.21 0.21000001 0.48999968 0.49 0.49 0.49 0.49 0.49022539 0.8 0.79998291 0.3 0.3 0.3 0.3 0.3 -0.49 -0.49 -0.49 -0.49 -0.49 -0.48999989 -1 -1 -0.9999999 -0.72 -0.72 -0.72 -0.67 -0.67 -1.07 -1.07 -0.72 -0.72000063 -1.01 
0.41 0.41 0.41 0.41 0.41 0.41 -0.05 -0.05 -0.05 0.62 0.62 0.62 0.62 0.62 0.56728048 0.42 0.42 0.42 0.42 0.42 0.40997319 0.49 0.49 0.49 0.49 0.49219807 0.55989031 0.76731855 0.30246574 0.3 0.3 0.3 0.3 0.29999827 -0.49 -0.49 -0.49 -0.49 -0.49 -0.72725081 -1 -1 -1 -0.72 -0.72 -0.72 -0.67 -0.67 -1.07 -1.07 -1.38 -1.0304106 -1.01 
0.41 0.41 0.41 0.41 0.41 0.40999986 -0.049999894 -0.05 -0.022191266 0.62 0.62 0.62 0.62 0.62 0.61040677 0.42 0.42 0.42 0.42 0.42 0.42 0.5488582 0.5599999 0.56 0.56 0.56 0.56 0.56 -0.37628169 -0.38999183 -0.38999998 -0.39 -0.39 -0.39000007 -0.49 -0.49 -0.49 -0.49 -0.49 -0.99999994 -1 -1 -1 -0.99999988 -0.72105813 -1.38 -0.67000007 -1.9278561 -1.0707711 -1.38 -1.38 -1.3777135 -1.27 
0.41 0.41 0.41 0.41 0.41 0.40997061 -0.04997519 -0.049959461 0.61999916 0.62 0.62 0.62 0.62 0.62 0.61619443 0.42 0.42 0.42 0.42 0.42 0.42 0.56 0.56 0.56 0.56 0.56 0.56 0.56 -0.38973776 -0.39 -0.39 -0.39 -0.39 -0.39 -0.41739999 -0.49 -0.49 -0.49 -0.49 -1 -1 -1 -1 -1.0000973 -1.38 -1.38 -1.3835725 -1.95 -1.95 -1.38 -1.38 -1.27 -1.27 
0.41 0.41 0.41 0.41 0.41 0.40938653 -0.049435104 0.54439488 0.62 0.62 0.62 0.62 0.62 0.62 0.61649866 0.42 0.42 0.42 0.42 0.42 0.43993346 0.56 0.56 0.56 0.56 0.56 0.56 0.56 -0.38999619 -0.39 -0.39 -0.39 -0.39 -0.39 -0.39 -0.71765823 -1.0715649 -1.2650736 -1.294524 -1.017998 -1 -1 -1 -1.3799697 -1.38 -1.3821489 -1.740001 -1.95 -1.95 -1.3699346 -1.37 -1.37 -1.27 
0.41 0.41 0.41 0.41 0.40999953 0.40616408 0.011148992 0.61981577 0.62 0.62 0.62 0.62 0.62 0.62 0.61532969 0.42 0.42 0.42 0.42 0.42 0.5599994 0.56 0.56 0.56 0.56 0.56 0.56 0.56 -0.38999974 -0.39 -0.39 -0.39 -0.39 -0.39 -0.39000018 -1.31 -1.31 -1.31 -1.31 -1.28 -1.28 -1.28 -1.28 -1.739999 -1.74 -1.74 -1.74 -1.7399928 -1.07 -1.07 -1.37 -1.37 -1.2045538 
0.41 0.41 0.41 0.40999996 0.40998716 0.39781594 0.57482755 0.61999125 0.62 0.62 0.62 0.62 0.62 0.62 0.61321077 0.42000008 0.42 0.42 0.42 0.4208426 0.56 0.56 0.56 0.56 0.56 0.56 0.56 0.56 -0.38999979 -0.39 -0.39 -0.39 -0.39 -0.39 -1.3099992 -1.31 -1.31 -1.31 -1.31 -1.28 -1.28 -1.28 -1.28 -1.404152 -1.74 -1.74 -1.74 -1.0700075 -1.07 -1.07 -1.13 -1.13 -1.13 
0.41 0.41 0.40999998 0.40999896 0.40987573 0.39463209 0.61760129 0.61999781 0.62 0.62 0.62 0.62 0.62 0.61999999 0.61034044 0.4200047 0.42 0.42 0.42000016 0.55716338 0.56 0.56 0.56 0.56 0.56 0.56 0.56 0.56 -0.38999911 -0.39 -0.39 -0.39 -0.39 -0.2875147 -1.3099997 -1.31 -1.31 -1.31 -1.31 -1.28 -1.28 -1.28 -1.28 -1.28 -1.74 -1.74 -1.74 -1.07 -1.07 -1.07 -1.13 -1.13 -1.13 
0.41 0.40999997 0.40999956 0.40998781 0.40942766 0.50217158 0.61959217 0.61999866 0.62 0.62 0.62 0.62 0.62 0.61999962 0.60692785 0.42007304 0.42 0.42 0.42072485 0.5599881 0.56 0.56 0.56 0.56 0.56 0.56 0.56 0.55999945 -0.38999405 -0.39 -0.3899999 -0.2623077 -0.25 -0.25 -0.25 -1.31 -1.31 -1.31 -1.31 -1.28 -1.28 -1.28 -1.28 -1.28 -1.7399918 -1.74 -1.7399997 -1.07 -1.07 -1.07 -1.13 -1.13 -1.13 
