interpolatedSpi/04-09|23_3.tif
NCOLS 53
NROWS 52
XLLCORNER -116.03883
YLLCORNER 28.596182
DX 0.49850594
DY 0.49788537
NODATA_VALUE -9999
[rows 0 to 29 of 52, columns 0 to 52 of 53]
0.47 0.47 0.26940598 0.375 0.33833333 0.53666667 0.275 0.47666667 -0.73918905 -0.61666667 -0.44333333 -0.445 -0.92332579 -0.83166667 -0.745 -0.745 -0.745 -0.95 -0.635 -0.635 -0.635 -0.63499525 -0.14166668 -1.0483333 -1.0483333 -1.0483333 -0.91500059 -0.915 -0.915 -1.3483333 -1.3483333 -1.3483333 -1.3483333 -1.8233332 -1.8233333 -1.8233333 -1.8233333 -1.8233333 -1.8233333 -1.8233333 0.27737306 0.29973063 -0.75666667 -0.75666667 -0.75666667 -0.75666667 -0.75668028 -0.765 -0.765 -0.765 -0.12500133 -0.125 -0.125
0.46996919 -0.22333333 0.25999982 0.22418109 0.25824517 -0.046666667 0.046666667 -0.18130304 -0.62666667 -0.78166667 -0.45666667 -0.92333333 -0.92333333 -0.86987218 -0.83166636 -0.745 -0.95 -0.95 -0.63541072 -0.635 -0.635 -0.635 -1.0693882 -1.0483333 -1.0483333 -1.0483333 -0.6016667 -0.60166667 -1.3483333 -1.3483333 -1.3483333 -1.3483333 -1.3483333 -1.8233333 -1.8233333 -1.8233333 -1.8233333 -1.8233333 -1.8233333 -1.590228 -0.34679041 -0.70691714 -0.75666667 -0.75666667 -0.75666667 -0.75666667 -0.75666667 -0.765 -0.765 -0.765 -0.71193059 -0.125 -0.125
0.68665145 0.68666667 0.10666667 -0.088333333 -0.051666667 0.755 -0.025 0.685 -0.70833333 -1.0233333 -0.88833333 -0.53 -1.0666667 -1.4233333 -0.87 -1.5233333 -0.95 -0.95 -0.95 -0.3917374 -0.39166667 -0.39166667 -1.4483333 -1.0483333 -1.0483333 -1.0483333 -0.60166667 -0.60166667 -0.60166667 -1.3483333 -1.3483333 -1.3483333 -1.3218563 -1.8218906 -1.8187259 -1.3328693 -1.3283333 -1.3283333 -1.2048655 -0.34666667 -0.34666667 -0.34719096 -0.75666667 -0.75666667 -0.75666667 -0.75666667 -0.75666667 -0.765 -0.765 -0.765 -0.765 -0.125 -0.125
0.77166667 0.68666649 -0.20186351 -0.15666667 -0.965 -0.47833333 -0.28 -0.595 -0.12666667 -0.81177141 -0.915 -1.175 -1.0566667 -1.4233333 -1.235 -1.5233333 -1.061891 -1.0582574 -0.825 -0.39166667 -0.39166667 -1.105 -1.4483333 -1.4483333 -1.0483333 -1.0483311 -0.60166667 -0.60166667 -0.60166667 -1.2483333 -1.2730238 -1.2933333 -1.2933333 -1.2933334 -1.3283333 -1.3283333 -1.3283333 -1.3283333 -0.34666667 -0.34666667 -0.34666667 -0.34666668 -0.75666667 -0.75666667 -0.75666667 -0.75666667 -0.75666667 -0.76499989 -0.765 -0.765 -0.765 -0.12505928 -0.125
0.77166667 -0.063333587 -0.20166667 -0.90877306 -0.965 -1.2433333 -1.1767114 -1.635 -1.875 -1.0000004 -1.1712332 -1.2415537 -0.45333333 -1.235 -1.235 -1.4206175 -1.0583333 -1.0583333 -0.825 -0.825 -0.39166806 -1.105 -0.785 -0.0016666668 -0.55 -0.54999144 -0.60166667 -0.60166667 -1.2483333 -1.2483333 -1.2933333 -1.2933333 -1.2933333 -1.2631616 -1.3283333 -1.3283333 -1.3283333 -0.34666667 -0.34666667 -0.34666667 -0.34666667 -0.34675354 -0.75666667 -0.75666667 -0.75666667 -0.75666667 -0.75666667 -0.75674084 -0.765 -0.76505269 -1.94 -1.94 -1.94
-1.0466667 -0.705 -0.81333331 -0.60166667 -0.72666667 -1.5166667 -1.74 -1.726557 -1.3216667 -1.8633333 -2.1383333 -1.495 -1.4949993 -1.805 -1.805 -0.83991389 -0.84 -1.355 -1.355 -0.82499989 -0.84333333 -0.84333333 -0.0016666667 -0.55 -0.55 -0.51333333 -1.2616667 -1.2616667 -1.0266878 -1.2483333 -1.2933333 -1.2933333 -1.1333333 -1.1333102 -0.91168253 -0.79 -0.79 -0.48382195 -0.34666667 -0.34666667 -1.2455442 -1.2466667 -1.2466651 -1.179076 -1.1866191 -1.1866666 -1.1866667 -1.1866665 -1.8987797 -1.94 -1.94 -1.94 -1.94
0.10000109 -0.51 -0.33524437 -1.0016667 -1.2416667 -1.7983333 -1.385 -1.6433333 -2.1316667 -2.1316667 -2.1383333 -2.0166667 -1.8066665 -1.805 -0.48333729 -0.48333333 -0.84 -0.29333333 -0.70333333 -0.70333333 -0.56214528 -0.24666667 -0.24666667 -0.54833333 -0.51333333 -0.51333333 -1.2616667 -1.2616667 -1.0267104 -1.0274714 -0.82627272 -1.1333333 -1.1333333 -0.91166667 -0.91166667 -1.1077067 -0.79 -0.79 -1.2049856 -1.2466666 -1.2466667 -1.2466667 -1.2466583 -1.1866675 -1.1866667 -1.1866667 -1.1866667 -1.1866671 -1.9316667 -1.9399983 -1.94 -1.94 -1.94
0.1 -0.875 -0.41 -1.6483333 -1.0283689 -1.7516667 -2.3066667 -2.3 -1.915 -2.0666667 -2.0666667 -1.25 -1.8066667 -1.8066667 -0.49241263 -0.73986321 -0.765 -0.37666667 -0.81333322 -0.70333333 -0.62892626 -0.56666667 -0.81333333 -0.070000003 -0.070013478 -1.115 -0.925 -0.92500012 -1.7740386 -1.7766666 -0.82333333 -1.1907483 -1.0383333 -0.91166667 -0.92326529 -1.3733333 -1.3733333 -1.205 -1.205 -1.2466667 -1.2466667 -1.2466667 -1.3285625 -1.3316667 -1.1866667 -1.1866667 -1.1866667 -1.9316383 -1.9316667 -1.9316667 -1.94 -1.94 -1.94
-0.93492764 -0.87499999 -0.035 -1.4233333 -1.11 -2.0616667 -1.4916667 -1.1516667 -2.0116667 -1.3511225 -0.57 -1.4 -1.4 -0.85333333 -0.85333418 -0.63868636 -0.63833333 -0.63833333 -0.44332451 -1.0766667 -1.3 -1.3 -1.0816667 -0.91907908 -1.0096916 -1.115 -0.98833333 -0.925 -1.0393317 -1.04 -1.2333333 -1.135 -0.90751676 -1.5733333 -1.3183333 -1.6683333 -1.4316667 -1.035 -0.82176518 -1.2437355 -0.59 -0.84666667 -1.3315549 -1.3316667 -1.3308505 -1.1866667 -1.465 -1.9316667 -1.9316667 -1.9316667 -1.9316667 -1.8090597 -0.03
-1.27 -1.27 0.043333333 -0.38666667 -1.5316667 -0.875 -1.2716667 -2.005 -1.42 -1.1833745 -1.6133333 -0.66333333 -0.85333333 -0.85333333 -0.94333333 -0.93915012 -0.63833333 -0.6382705 -0.34 -1.0766667 -1.0766667 -1.1054395 -1.0816667 -1.0833333 -1.0833333 -1.0833333 -0.98833333 -0.87166667 -0.87166667 -1.04 -1.04 -1.1341434 -0.68333333 -1.5733333 -1.145 -1.6683333 -1.4316667 -1.7183333 -0.82166667 -0.43306842 -0.84666666 -0.77258656 -0.645 -1.3316667 -1.3316667 -1.465 -1.465 -1.465 -1.9316667 -1.9316667 -0.88833333 -0.88833333 -0.88833301
-1.27 -1.27 -0.69333333 -1.13 -1.23 -0.39 -1.605 -0.81965414 -0.57666667 -0.72333333 -0.7 -0.40166667 -0.66298526 -0.94333333 -0.94333333 -0.9432895 -0.56333333 -0.55161175 -0.34 -0.175 -0.175 -0.185 -0.185 -1.0833333 -1.0833333 -1.0833333 -0.87166667 -0.87166667 -0.87166667 -1.0166667 -1.0166667 -1.0166661 -1.1333333 -1.1333333 -1.9766667 -1.4566667 -1.0483333 -1.0083405 -0.84 -0.42666667 -0.42666667 -0.87666591 -0.645 -1.3316667 -0.61166684 -0.655 -0.65682899 -0.65333334 -0.96166667 -0.96166667 -0.88833333 -0.88833333 -0.88833333
-1.27 -1.0210993 -0.87967457 -1.1516525 -0.755 -0.93 -1.605 -0.81833333 -0.57666868 -0.72170844 -0.40166709 -0.40166667 -0.18333333 -0.94333333 -0.94333333 -0.56333335 -0.56333333 -0.56332062 -0.34 -0.175 -0.1769638 -0.185 -0.185 -1.0832969 -1.0833333 -0.90418117 -0.53833333 -0.53833333 -0.53833338 -1.0166667 -1.0166667 -0.52166667 -0.52166667 -1.1333356 -1.9766667 -0.86333387 -1.1776853 -1.0083333 -1.0083333 -0.42666668 -0.87666667 -0.87666667 -0.87666471 -0.61166667 -0.61166667 -0.655 -0.65333333 -0.65333333 -0.96166667 -0.96166667 -0.88833333 -0.88833333 -0.88833333
-0.43 -0.54059511 -0.52168882 -0.52622546 -0.75500105 -0.92999587 -1.605 -0.82801674 -0.59331997 -0.58049652 -0.18333333 -0.18333333 -0.18333333 -0.18333333 -0.94322567 -0.56333333 -0.56333333 -0.56044974 -0.34 -0.17491715 0.115 0.115 0.115 0.115 -1.0626049 -0.53833333 -0.53833333 -0.53833333 -0.53833333 -0.53851785 -0.52166667 -0.52166667 -0.52166667 -0.52166667 -0.86333333 -0.86333333 -0.86333333 -1.0023296 -1.0076449 -0.91666667 -0.91666667 -0.87666882 -0.9299891 -0.61169733 -0.61166667 -0.655 -0.65333333 -0.65333333 -0.96166666 -0.96166667 -0.88859938 -0.88833333 -0.98749119
-0.43 -0.52166667 -0.52166667 -0.52166667 -0.52166667 -0.52166684 -1.603272 -1.2327472 -0.63774948 -0.18376049 -0.18333333 -0.18333333 -0.18333333 -0.18333333 -0.1833328 -0.56333334 -0.5633333 -0.54801419 -0.34000164 0.115 0.115 0.115 0.115 0.115 0.12148245 -0.24673943 -0.19666674 -0.19666667 -0.19666667 -0.19666667 -0.52166665 -0.52166667 -0.52166579 0.205 0.205 -0.86333333 -0.15687401 -0.13666667 -0.91666622 -0.91666667 -0.91666667 -0.91666667 -0.93 -0.93 -0.93 -0.92808625 -0.52417951 -0.52333333 -0.52333333 -0.52333333 -0.52333334 -0.73833336 -0.73833333
-0.75333333 -0.52166667 -0.52166667 -0.52166667 -0.52166667 -0.52166667 -0.52166673 -0.85620009 0.55514725 0.56166667 0.56166667 0.56166667 0.56166667 0.56166667 0.56166666 0.7460484 -0.54247151 -0.53275123 0.11494272 0.115 0.115 0.115 0.115 0.11500042 0.415 0.415 0.41499914 -0.19666667 -0.19666667 -0.19498795 0.64166667 0.64166667 0.205 0.205 0.205 -0.081935163 -0.13666667 -0.13666667 -0.13666667 -0.91666667 -0.91666667 -0.91666667 -0.93 -0.93 -0.93 -0.93 -0.52333334 -0.52333333 -0.52333333 -0.52333333 -0.52333333 -0.73833333 -0.73833333
-0.75333333 -0.66708647 -0.52166667 -0.52166667 -0.52166667 -0.52166667 0.54978967 0.55 0.55 0.56166667 0.56166667 0.56166667 0.56166667 0.56166667 0.60321432 0.75 0.75 0.75 0.47722746 0.47833296 0.47833333 0.47833333 0.47833333 0.47833333 0.415 0.415 0.415 0.415 -0.19666667 0.64166667 0.64166667 0.64166667 0.20500004 0.205 0.205 0.36333333 -0.13600465 -0.13666667 -0.13666667 -0.91666035 -0.90469984 -0.87678622 -0.93 -0.93 -1.0147377 -1.015 -1.015 -0.52371612 -0.75419043 -0.75499998 -0.75499996 -0.46504144 -0.73833278
-0.75333333 0.23602858 -0.12442053 -0.52166667 -0.52166667 0.54936681 0.55 0.55 0.55 0.55008407 0.56166667 0.56166667 0.56166667 0.56166669 0.75 0.75 0.75 0.75 0.47857601 0.47833333 0.47833333 0.47833333 0.47833333 0.47833333 0.415 0.415 0.415 0.415 0.41582447 0.64166667 0.64166667 0.64166667 0.82666666 0.20503111 0.36333333 0.36333333 0.36333333 0.3607495 -0.82978835 -0.87666667 -0.87666667 -0.87666667 -1.1933333 -1.1933333 -1.015 -1.015 -1.015 -0.755 -0.755 -0.755 -0.755 -0.465 -0.465
0.26279177 0.26333333 0.26333333 0.26333334 0.85333333 0.55000782 0.55 0.55 0.55 0.55 0.54702975 0.56166415 0.56166666 0.75 0.75 0.75 0.75 0.75 0.73154357 0.47833333 0.47833333 0.47833333 0.47833333 0.47833333 0.58482776 0.80499789 0.805 0.805 0.805 0.64166668 0.82666666 0.82666667 0.82666667 0.82666667 0.36333333 0.36332723 0.13166667 0.13166667 -0.86407612 -0.87666667 -0.87666667 -0.87666667 -1.1933333 -1.1933333 -1.0426121 -1.015 -1.015 -0.755 -0.755 -0.755 -0.75189045 -0.465 -0.465
0.26333333 0.26333333 0.26333333 0.54117313 0.85333333 0.85333333 0.55 0.55 0.55 0.55 0.36833333 0.36833333 0.36833333 0.75 0.75 0.75 0.75 0.7500303 0.795 0.795 0.47833346 0.47833333 0.48174174 0.61833333 0.62001381 0.805 0.805 0.805 0.805 0.82666446 0.82666667 0.82666667 0.82666667 0.82666667 0.13166748 0.13166667 0.13166667 0.13166667 0.12808815 -0.87666667 -0.87666667 -0.87666667 -1.1933333 -1.1933333 -1.1933333 -1.015 -1.015 -0.755 -0.755 -0.755 -0.465 -0.465 -0.465
0.26333333 0.26333333 0.26333333 0.85333333 0.85333333 0.85333333 0.85333287 0.55 0.55 0.36852087 0.36833333 0.36833333 0.36833333 0.36857113 0.89839411 0.93333333 0.93333333 0.93333333 0.795 0.795 0.795 0.61833333 0.61833333 0.61833333 0.61832166 0.68523362 0.805 0.805 0.805 0.35180947 0.24339071 0.24333333 0.24333333 0.24333333 -0.1000226 -0.4266654 -0.42666667 -0.42666667 -0.42666667 -0.83000639 -0.83 -0.83 -1.1933333 -1.1933333 -0.82333488 -0.82333331 -0.75666667 -0.75666667 -0.52333333 -0.52333333 -0.52333333 -0.465 -0.57157129
0.2633341 0.26333333 0.26333335 0.85333333 0.85333333 0.85333333 0.85333333 0.29833341 0.54899374 0.3684754 0.36833333 0.36833333 0.36833333 0.36944202 0.93333333 0.93333333 0.93333333 0.93333329 0.795 0.795 0.795 0.61833333 0.61833333 0.61833333 0.57666667 0.57666667 0.74833333 0.74833333 0.74833333 0.7455784 0.24333333 0.24333333 0.24333333 0.24333333 -0.091482751 -0.42666667 -0.42666667 -0.42666667 -0.42666667 -0.83 -0.83 -0.83 -0.82979024 -0.82333333 -0.82333333 -0.82333333 -0.75666667 -0.75666667 -0.52333333 -0.52333333 -0.52333333 -0.57166667 -0.57166667
0.51166667 0.39493104 0.28333333 0.2834987 0.85333333 0.30154454 0.29833333 0.29833333 0.4131126 0.525 0.525 0.525 0.525 1.1249805 1.125 0.93333348 0.93333333 0.92968845 0.795 0.795 0.795 0.465 0.465 0.465 0.57666667 0.57666667 0.74833333 0.74833333 0.74833333 0.74833307 0.3849991 0.3849996 0.24689391 0.24348521 -0.66063222 -0.66166667 -0.66166667 -0.66166667 -0.66166667 -0.83 -0.83 -0.83 -0.82370029 -0.82333333 -0.82333333 -0.82333337 -0.75666667 -0.75666667 -0.75665827 -0.52333333 -0.52335472 -1.0016667 -0.57166667
0.50000222 0.49999996 0.28333333 0.28333333 0.28333333 0.29833333 0.29833333 0.29833333 0.61333333 0.61333333 0.525 0.525 0.525 1.125 1.125 1.125 1.125 1.1249626 0.795 0.795 0.79499999 0.465 0.465 0.465 0.57666667 0.57666667 0.74833333 0.74833333 0.74833333 0.38909661 0.385 0.385 0.385 0.385 -0.6611502 -0.66166667 -0.66166667 -0.66166667 -0.66166667 -0.64000005 -0.64 -0.64 -0.64 -0.82333512 -1.0566667 -1.0566667 -1.0566667 -1.3183333 -1.3183333 -1.3183333 -1.0016667 -1.0016667 -1.0016667
0.5 0.5 0.28333333 0.28333333 0.28333333 0.29825449 0.29833333 0.61333333 0.61333333 0.61333333 0.52501087 0.525 0.67208245 1.1249999 1.125 1.125 1.125 0.635 0.635 0.635 0.62166666 0.62166655 0.46500076 0.465 0.46514992 0.665 0.665 0.6650002 0.74831987 0.20836854 0.20833427 0.20836418 0.38469806 0.38484754 -0.47536723 -0.66166667 -0.66172252 -0.67833333 -0.67833333 -0.64 -0.64 -0.64 -0.64 -1.0566667 -1.0566667 -1.0566667 -1.0566667 -1.3183333 -1.3183333 -1.3183333 -1.0016667 -1.0016667 -1.0016667
0.5 0.5 0.28333333 0.28333333 0.28333333 0.28333333 0.41622863 0.61333333 0.61333333 0.61333333 0.61338397 0.705 0.705 0.705 1.1225248 1.125 0.63826524 0.635 0.635 0.635 0.62166667 0.62166667 0.62166667 0.62166667 0.665 0.665 0.665 0.665 0.665 0.20833333 0.20833333 0.20833333 0.20833333 0.20833199 -0.43 -0.67833333 -0.67833333 -0.67833333 -0.67833333 -0.6783343 -0.99 -0.99 -0.99 -0.99813562 -1.015 -1.015 -1.015 -1.3183333 -1.3183335 -1.4766667 -1.4766667 -0.70673843 -0.70666667
0.5 0.5 0.36153479 0.28333333 0.28333333 0.28333334 0.49354627 0.61295516 0.61333333 0.61333333 0.70499995 0.705 0.705 0.705 0.705 0.73941563 0.635 0.635 0.635 0.635 0.62166677 0.62166667 0.62166667 0.62166667 0.665 0.665 0.665 0.665 0.665 0.10487943 0.20833333 0.20833333 0.20833333 -0.43 -0.43 -0.43019284 -0.67833333 -0.67833333 -0.85842246 -0.99833331 -0.99 -0.99 -0.99 -0.99827236 -1.015 -1.015 -1.015 -1.035 -1.4711635 -1.4766667 -1.4766667 -0.70666667 -0.70666667
0.51833333 0.51833333 0.51833333 0.34225429 0.28342731 0.49333333 0.49333333 0.49333333 0.49333333 0.49 0.49 0.70499998 0.705 0.705 0.705 0.70499552 0.635 0.635 0.635 0.635 0.6274849 0.62166667 0.62166667 0.63562422 1.1331808 0.665 0.665 0.665 0.068333333 0.068333333 0.068333333 0.068333921 -0.43 -0.43 -0.43 -0.43 -0.99833333 -0.99833333 -0.99833333 -0.99833333 -0.775 -0.775 -0.775 -1.0833271 -1.0833333 -1.0833333 -1.0833333 -1.035 -1.035 -1.4761285 -1.4766667 -0.70666694 -0.70666667
0.51833333 0.51833333 0.51833333 0.518324 0.345 0.3665701 0.49333333 0.49333333 0.49333333 0.49 0.49 0.49 -0.29833329 -0.29833333 -0.29833333 -0.29833332 0.63326893 0.635 0.635 0.635 0.63482694 1.1549985 1.155 1.155 1.155 1.155 0.45333333 0.45333333 0.068333333 0.068333333 0.068333333 0.068333333 -0.42999994 -0.43 -0.43 -0.42999376 -0.99833333 -0.99833333 -0.99833333 -0.99777036 -0.775 -0.775 -0.775 -1.083319 -1.0833333 -1.0833333 -1.0833333 -1.035 -1.035 -1.035 -0.76 -0.76 -0.68166667
0.51833333 0.51833333 0.51833333 0.3450004 0.345 0.345 0.49333328 0.49333333 0.49333333 0.49 0.49 0.49 -0.29833333 -0.29833333 -0.29833333 -0.29922186 -0.31 -0.31 -0.30999756 0.6296624 1.155 1.155 1.155 1.155 1.155 1.154472 0.45333333 0.45333333 0.45333333 0.068333333 0.068333333 0.068422373 -0.35333333 -0.35333333 -0.35333333 -0.765 -0.765 -0.87 -0.87 -0.87 -0.61166667 -0.77494877 -0.77500058 -0.85333333 -0.85333333 -0.86205007 -1.0833326 -1.035 -1.035 -0.76 -0.76 -0.76 -0.68166667
0.51833333 0.51833333 0.51833333 0.345 0.345 0.345 0.345 0.49333333 0.49333333 0.49 0.49 -0.26681137 -0.29833333 -0.29833333 -0.29833333 -0.31 -0.31 -0.31 -0.31 -0.31 1.155 1.155 1.155 1.155 1.155 0.45333573 0.45333333 0.45333333 0.45333333 0.20666667 0.20666667 0.20666667 -0.35333333 -0.35333333 -0.35333333 -0.765 -0.765 -0.87 -0.87 -0.61166667 -0.61166667 -0.61166667 -0.85333333 -0.85333333 -0.85333333 -0.85333333 -0.85155347 -0.83166667 -0.83166667 -0.83166667 -0.76 -0.62666667 -0.62666667
