interpolatedSpi/04-06|20_3.tif
NCOLS 53
NROWS 52
XLLCORNER -116.03883
YLLCORNER 28.596182
DX 0.49850594
DY 0.49788537
NODATA_VALUE -9999
[rows 0 to 30 of 52, columns 0 to 52 of 53]
0.94666667 0.94666667 0.16343021 -0.22333333 0.18 0.22 0.81 0.32333333 -0.12160324 -0.32 -0.18333333 -0.033333333 -0.33327706 0.35 -0.55 -0.55 -0.55 0.42333333 0.50333333 0.50333333 0.50333333 0.50333128 0.29 -0.2 -0.2 -0.2 0.67000323 0.67 0.67 0.59 0.59 0.59 0.59 1.0099999 1.01 1.01 1.01 1.01 1.01 1.01 1.6134985 1.6195383 -0.19333333 -0.19333333 -0.19333333 -0.19333333 -0.19311555 -0.06 -0.06 -0.06 0.89666468 0.89666667 0.89666667
0.94662757 0.066666667 0.44666754 0.48943552 0.72634708 0.87333333 0.63333333 0.37394576 -0.046666667 -0.023333333 -0.18666667 -0.33333333 -0.33333333 0.29684451 0.34999141 -0.55 0.42333333 0.42333333 0.50322902 0.50333333 0.50333333 0.50333333 -0.21315927 -0.2 -0.2 -0.2 -0.18333333 -0.18333333 0.59 0.59 0.59 0.59 0.59 1.0099999 1.01 1.01 1.01 1.01 1.0099999 0.84635858 0.04337187 -0.16461564 -0.19333333 -0.19333333 -0.19333333 -0.19333333 -0.19333333 -0.06 -0.06 -0.06 0.019327716 0.89666667 0.89666667
1.8632756 1.8633333 1.2033333 1.61 0.63666667 0.58333333 0.53333333 -0.086666667 -0.26 -0.27 0.15666667 -1.1933333 -0.58 -0.51 0.29666667 0.16666667 0.42333333 0.42333333 0.42333333 0.5999719 0.6 0.6 -0.45 -0.2 -0.2 -0.2 -0.18333333 -0.18333333 -0.18333333 0.59 0.59 0.58999993 -0.12568143 1.006361 1.0006301 0.012557894 0.0033333333 0.0033333333 0.0083642791 0.043333333 0.043333333 0.043030696 -0.19333333 -0.19333333 -0.19333333 -0.19333333 -0.19333333 -0.06 -0.06 -0.06 -0.059999998 0.89666667 0.89666667
1.2966667 1.8633331 0.91998162 0.87333333 0.15333333 0.45666667 1.0266667 -0.56333333 0.096666667 -0.1500754 -0.42 -0.54666667 -0.62666667 -0.51 0.15666667 0.16666667 -0.17073201 -0.17291527 -0.22333333 0.6 0.6 -1.0533333 -0.45 -0.45 -0.2 -0.19999992 -0.18333333 -0.18333333 -0.18333333 -1.17 -1.0200281 -0.89666667 -0.89666667 -0.89666596 0.0033333333 0.0033333333 0.0033333333 0.0033333333 0.043333333 0.043333333 0.043333333 0.043333324 -0.19333333 -0.19333333 -0.19333333 -0.19333333 -0.19333333 -0.060001682 -0.06 -0.06 -0.06 0.89658588 0.89666667
1.2966667 0.43666755 0.92 0.8270086 0.15333333 0.38666667 -0.016632969 0.09 0.03 -0.13666648 -0.32644468 -0.41659982 0.05 0.15666667 0.15666667 0.1580158 -0.17333333 -0.17333333 -0.22333333 -0.22333333 0.59999664 -1.0533333 -1.1666667 -0.34333333 -0.26666667 -0.26682879 -0.18333333 -0.18333333 -1.17 -1.17 -0.89666667 -0.89666667 -0.89666667 -0.86523764 0.0033333327 0.0033333333 0.0033333333 0.043333333 0.043333333 0.043333333 0.043333333 0.043314993 -0.19333333 -0.19333333 -0.19333333 -0.19333333 -0.19333333 -0.1921465 -0.06 -0.060068007 -1.5766667 -1.5766667 -1.5766667
-0.93666667 0.60333333 0.97 0.52666667 0.48333333 0.68666667 0.45 0.40390969 0.61333333 -0.083333333 0.14666667 -0.063333333 -0.063333259 -0.34666667 -0.34666667 -0.22333977 -0.22333333 -0.50333333 -0.50333333 -0.2233341 -1.6433333 -1.6433333 -0.34333333 -0.26666667 -0.26666667 -0.96 -1.7033333 -1.7033333 -0.55672258 -1.17 -0.89666667 -0.89666667 -0.73 -0.7299293 -0.053382157 -1.3166667 -1.3166667 -0.37741371 0.043333333 0.043333333 -0.1464297 -0.14666667 -0.14666618 -1.2280724 -1.2465503 -1.2466664 -1.2466666 -1.2466663 -2.7570121 -1.5766667 -1.5766667 -1.5766667 -1.5766667
-0.35000511 0.39 -0.1718872 0.69 1.3866667 0.28 0.15666667 0.30666667 0.19333333 0.19333333 0.14666667 0.21333333 -1.0433332 -0.34666667 -0.25000029 -0.25 -0.22333333 -0.87 -1.0966667 -1.0966667 -1.4893868 -1.3166667 -1.3166667 -1.4066667 -0.96 -0.96 -1.7033333 -1.7033333 -0.55667599 -0.55683833 0.48959873 -0.73 -0.73 -0.053333333 -0.053333334 -1.3511605 -1.3166667 -1.3166667 -1.5499919 -0.14666862 -0.14666667 -0.14666667 -0.1466648 -1.2466632 -1.2466667 -1.2466667 -1.2466667 -1.2466677 -3.0533333 -1.5769593 -1.5766667 -1.5766667 -1.5766667
-0.35 -0.68666667 0.22666667 -0.43666667 -0.72665004 -0.15333333 -0.15666667 -0.24333332 -0.063333333 -0.05 -0.05 -0.73333333 -1.0433333 -1.0433333 -0.255443 -0.71448605 -0.76 -0.42333333 -0.90333353 -1.0966667 -1.9989307 -1.9966667 -2.09 -0.92000001 -0.92000052 -0.96 -1.7966667 -1.7966666 -0.716106 -0.71666664 0.49333333 0.27815312 0.2 -0.053333333 -0.069685491 -1.38 -1.38 -1.55 -1.55 -0.14666667 -0.14666667 -0.14666666 -0.62075032 -0.62333337 -1.2466667 -1.2466667 -1.2466667 -3.0532646 -3.0533333 -3.0533333 -1.5766667 -1.5766667 -1.5766667
-0.66896652 -0.68666666 -0.16666667 0.12666667 0.0033333333 -0.38666667 0.05 1.1833333 0.42 0.47050438 -0.38 -0.54 -0.54 -0.81333333 -0.81333073 -1.0325715 -1.0333333 -1.0333333 -0.49660608 -2.0666667 -2.0233333 -2.0233333 -2.0466667 -2.072923 -0.95596906 -0.96 -1.4633333 -1.7966667 -0.88532675 -0.88 0.3 0.65333333 0.23530033 -0.94666667 -0.62666667 -0.77333333 -0.97333333 -0.72 -0.65669591 -0.14566976 0.076666667 -0.27333333 -0.62327364 -0.62333333 -0.62684179 -1.2466667 -1.96 -3.0533333 -3.0533333 -3.0533333 -3.0533333 -1.6223194 -1.68
-0.57 -0.57 -0.046666667 -0.19333333 0.023333333 0.22333333 0.033333333 0.43333333 0.84 0.48335474 -0.053333333 -0.21 -0.81333333 -0.81333333 -0.53666667 -0.54347867 -1.0333333 -1.033321 -1.0033333 -2.0666667 -2.0666667 -2.0610839 -2.0466667 -2.0366669 -2.0366667 -2.0366667 -1.4633333 -0.74 -0.74 -0.88 -0.88 0.65175914 -0.17666667 -0.94666667 -0.35333333 -0.77333333 -0.97333333 -1.44 -0.65666667 0.5271642 -0.27333332 -0.26721101 -0.25666667 -0.62333333 -0.62333333 -1.96 -1.96 -1.96 -3.0533333 -3.0533333 -1.9433333 -1.9433333 -1.9433332
-0.57 -0.57 -0.99666667 -1.0033333 -0.49 0.03 -0.33999999 0.32336449 0.086666667 0.21333333 -0.16666667 -0.61666667 -0.21054229 -0.53666667 -0.53666667 -0.53669282 -0.76333333 -0.77592966 -1.0033333 -0.67666667 -0.67666667 -1.28 -1.28 -2.0366667 -2.0366667 -2.0366667 -0.74 -0.74 -0.74 -1.2766667 -1.2766667 -1.2766649 -0.31333333 -0.31333333 -0.68333333 -0.92666667 -0.46 -1.3866674 -1.5133333 0.54666667 0.54666667 -0.26333331 -0.25666667 -0.62333333 -1.4599998 -1.3933333 -0.9742637 -0.97 -1.5766667 -1.5766667 -1.9433333 -1.9433333 -1.9433333
-0.57 -0.75425824 -0.99951157 -1.2066491 -0.66333333 -0.84 -0.34 0.32333333 0.086668643 0.21193002 -0.61666559 -0.61666667 -0.21333333 -0.53666667 -0.53666667 -0.76333333 -0.76333333 -0.76334699 -1.0033333 -0.67666667 -0.79514906 -1.28 -1.28 -2.0366356 -2.0366667 -1.8284776 -1.4033333 -1.4033333 -1.4033333 -1.2766667 -1.2766667 -1.38 -1.38 -0.31333435 -0.68333333 -0.95333318 -0.62249229 -1.3866667 -1.3866667 0.54666664 -0.26333333 -0.26333333 -0.26334199 -1.46 -1.46 -1.3933333 -0.97 -0.97 -1.5766667 -1.5766667 -1.9433333 -1.9433333 -1.9433333
-0.57333333 0.12367897 0.21995437 0.20967005 -0.66333412 -0.83999583 -0.34000001 0.31516808 0.10297542 0.089974271 -0.21333333 -0.21333333 -0.21333333 -0.21333333 -0.53662086 -0.76333333 -0.76333333 -0.76643212 -1.0033333 -0.6766649 -0.66333333 -0.66333333 -0.66333333 -0.66333333 -2.0129037 -1.4033333 -1.4033333 -1.4033333 -1.4033333 -1.4032972 -1.38 -1.38 -1.38 -1.38 -0.95333333 -0.95333333 -0.95333333 -1.3658738 -1.3841131 -1.0466667 -1.0466667 -0.26337547 -1.5699962 -1.4600106 -1.46 -1.3933333 -0.97 -0.97 -1.5766667 -1.5766667 -1.9420031 -1.9433333 -1.6705247
-0.57333333 0.22 0.22 0.22 0.22 0.21999955 -0.34127983 -0.026166068 0.14648567 -0.21300704 -0.21333333 -0.21333333 -0.21333333 -0.21333333 -0.21333316 -0.76333333 -0.76333337 -0.7797957 -1.0033289 -0.66333333 -0.66333333 -0.66333333 -0.66333333 -0.66333333 -0.6815664 -1.4934333 -1.54 -1.54 -1.54 -1.54 -1.38 -1.38 -1.3800003 -1.6333333 -1.6333333 -0.95333333 -0.98249909 -0.98333333 -1.0466666 -1.0466667 -1.0466667 -1.0466667 -1.57 -1.57 -1.57 -1.5687706 -1.8013109 -1.8066667 -1.8066667 -1.8066667 -1.8066667 0.14666624 0.14666667
0.036666666 0.22 0.22 0.22 0.22 0.22 0.21999996 -0.30032495 0.030494575 0.03 0.03 0.03 0.03 0.03 0.029999998 -0.59386291 -0.76086845 -0.79619731 -0.663376 -0.66333333 -0.66333333 -0.66333333 -0.66333333 -0.66333349 -1.5066667 -1.5066667 -1.5066667 -1.54 -1.54 -1.5403604 -1.72 -1.72 -1.6333333 -1.6333333 -1.6333333 -1.0874562 -0.98333333 -0.98333333 -0.98333333 -1.0466667 -1.0466667 -1.0466667 -1.57 -1.57 -1.57 -1.57 -1.8066667 -1.8066667 -1.8066667 -1.8066667 -1.8066667 0.14666667 0.14666667
0.036666667 0.10491958 0.22 0.22 0.22 0.22 -0.58984102 -0.59 -0.58999998 0.03 0.03 0.03 0.03 0.03 -0.11045312 -0.60666667 -0.60666667 -0.60666667 -0.79626038 -0.79666653 -0.79666667 -0.79666667 -0.79666667 -0.79666667 -1.5066667 -1.5066667 -1.5066667 -1.5066667 -1.54 -1.72 -1.72 -1.72 -1.6333333 -1.6333333 -1.6333333 -0.81 -0.98310383 -0.98333333 -0.98333333 -1.046735 -1.183288 -1.5019685 -1.57 -1.57 -1.0748661 -1.0733333 -1.0733333 -1.8041789 -0.29862175 -0.29333347 -0.29333362 0.013353439 0.1466664
0.036666668 -0.15147394 0.029389326 0.22 0.22 -0.58952141 -0.59 -0.59 -0.59 -0.5855321 0.03 0.03 0.03 0.029999923 -0.60666667 -0.60666667 -0.60666667 -0.60666667 -0.79649694 -0.79666667 -0.79666667 -0.79666667 -0.79666667 -0.79666667 -1.5066667 -1.5066667 -1.5066667 -1.5066667 -1.5074426 -1.72 -1.72 -1.72 -1.06 -1.6332357 -0.81 -0.81 -0.81 -0.81030604 -1.4703931 -1.5033333 -1.5033333 -1.5033333 -1.24 -1.24 -1.0733333 -1.0733333 -1.0733333 -0.29333334 -0.29333333 -0.29333333 -0.29333333 0.013333333 0.013333333
-0.15628591 -0.15666667 -0.15666667 -0.15666667 -0.30333333 -0.58999261 -0.59 -0.59 -0.59 -0.59 0.059525955 0.030005082 0.030000011 -0.60666667 -0.60666667 -0.60666667 -0.60666667 -0.60666667 -0.67395826 -0.79666667 -0.79666667 -0.79666667 -0.79666667 -0.79666667 -1.039786 -0.89000334 -0.89 -0.89 -0.89 -1.72 -1.06 -1.06 -1.06 -1.06 -0.81 -0.8100007 -0.83666667 -0.83666667 -1.495009 -1.5033333 -1.5033333 -1.5033333 -1.24 -1.24 -1.0991391 -1.0733333 -1.0733333 -0.29333333 -0.29333333 -0.29333333 -0.29004507 0.013333333 0.013333333
-0.15666667 -0.15666667 -0.15666667 -0.22573419 -0.30333333 -0.30333333 -0.59 -0.59 -0.59 -0.59 0.42 0.42 0.42 -0.60666667 -0.60666667 -0.60666667 -0.60666667 -0.60669696 -1.4366667 -1.4366667 -0.79666693 -0.79666667 -0.80364579 -1.0833333 -1.0815928 -0.89 -0.89 -0.89 -0.89 -1.0599827 -1.06 -1.06 -1.06 -1.06 -0.83666657 -0.83666667 -0.83666667 -0.83666667 -0.83901811 -1.5033333 -1.5033333 -1.5033333 -1.24 -1.24 -1.24 -1.0733333 -1.0733333 -0.29333334 -0.29333333 -0.29333333 0.013333333 0.013333333 0.013333333
-0.15666667 -0.15666667 -0.15666667 -0.30333333 -0.30333333 -0.30333333 -0.30333377 -0.59 -0.59 0.41895739 0.42 0.42 0.42 0.41936034 -0.75506078 -0.79 -0.79 -0.79 -1.4366667 -1.4366667 -1.4366667 -1.0833333 -1.0833333 -1.0833333 -1.0832521 -0.83929598 -0.89 -0.89 -0.89 -0.83651527 -0.79002656 -0.79 -0.79 -0.79 -0.88504862 -0.95333307 -0.95333333 -0.95333333 -0.95333333 -0.58679209 -0.58666667 -0.58666667 -1.24 -1.24 -0.086671482 -0.086666602 0.096666667 0.096666667 0.2 0.2 0.2 0.013333333 0.47625239
-0.15666586 -0.15666667 -0.15666667 -0.30333333 -0.30333333 -0.30333333 -0.30333333 -0.15000013 -0.58824071 0.4200665 0.42 0.42 0.42 0.41762565 -0.79 -0.79 -0.79 -0.79000019 -1.4366667 -1.4366667 -1.4366667 -1.0833333 -1.0833333 -1.0833333 -0.79333333 -0.79333333 -0.87 -0.87 -0.87 -0.86956357 -0.79 -0.79 -0.79 -0.79 -0.87162181 -0.95333333 -0.95333333 -0.95333333 -0.95333333 -0.58666667 -0.58666667 -0.58666667 -0.57093475 -0.086666667 -0.086666667 -0.086666667 0.096666667 0.096666667 0.2 0.2 0.2 0.47666666 0.47666667
0.10333333 -0.036843331 -0.58333333 -0.5832521 -0.30333333 -0.15088718 -0.15 -0.15 -0.092914015 0.49333332 0.49333333 0.49333333 0.49333333 -0.63662988 -0.63666667 -0.78999988 -0.79 -0.80703872 -1.4366667 -1.4366667 -1.4366667 -1.3 -1.3 -1.3 -0.79333333 -0.79333333 -0.87 -0.87 -0.87 -0.86999995 -0.80666656 -0.80666662 -0.79041889 -0.79001787 -0.90653401 -0.90666667 -0.90666667 -0.90666667 -0.90666667 -0.58666667 -0.58666667 -0.58666667 -0.11419821 -0.086666667 -0.086666667 -0.086666695 0.096666667 0.096666667 0.096670386 0.2 0.19999091 -0.0033333333 0.47666667
-0.50655083 -0.50666668 -0.58333333 -0.58333333 -0.58333333 -0.15 -0.15 -0.15 0.0066666667 0.0066666667 0.49333333 0.49333333 0.49333333 -0.63666667 -0.63666667 -0.63666667 -0.63666667 -0.63675603 -1.4366667 -1.4366667 -1.4366667 -1.3 -1.3 -1.3 -0.79333333 -0.79333333 -0.87 -0.87 -0.87 -0.80738075 -0.80666667 -0.80666667 -0.80666667 -0.80666667 -0.90661732 -0.90666667 -0.90666667 -0.90666667 -0.90666667 -0.56333334 -0.56333333 -0.56333333 -0.56333333 -0.086667869 -0.24333333 -0.24333333 -0.24333333 0.11333333 0.11333333 0.11333333 -0.0033333333 -0.0033333333 -0.0033333333
-0.50666667 -0.50666667 -0.58333333 -0.58333333 -0.58333333 -0.15227768 -0.15 0.0066666667 0.0066666667 0.0066666667 0.49327342 0.49333333 -0.32651514 -0.63666664 -0.63666667 -0.63666667 -0.63666667 -0.78666667 -0.78666667 -0.78666667 -1.0833333 -1.0833335 -1.2999989 -1.3 -1.2995633 -0.80333333 -0.80333333 -0.80333349 -0.86998923 -0.31343165 -0.31333596 -0.31341946 -0.80582351 -0.80624092 -0.88853562 -0.90666666 -0.90658847 -0.88333333 -0.88333333 -0.56333333 -0.56333333 -0.56333333 -0.56333333 -0.24333333 -0.24333333 -0.24333333 -0.24333333 0.11333333 0.11333333 0.11333333 -0.0033333333 -0.0033333333 -0.0033333333
-0.50666667 -0.50666667 -0.58333333 -0.58333333 -0.58333333 -0.58333333 -0.091364243 0.0066666667 0.0066666667 0.0066666667 0.0063812703 -0.51 -0.51 -0.51 -0.63592019 -0.63666667 -0.7856671 -0.78666667 -0.78666667 -0.78666667 -1.0833333 -1.0833333 -1.0833333 -1.0833333 -0.80333333 -0.80333333 -0.80333333 -0.80333333 -0.80333333 -0.31333333 -0.31333333 -0.31333333 -0.31333333 -0.31333324 -0.27 -0.88333333 -0.88333333 -0.88333333 -0.88333333 -0.88333369 -1.0466667 -1.0466667 -1.0466667 -0.80369047 -0.3 -0.3 -0.3 0.11333332 0.11333304 -0.19 -0.19 0.32991891 0.33
-0.50666667 -0.50666667 -0.55566205 -0.58333333 -0.58333333 -0.58333335 -1.4241232 0.0021495915 0.006666666 0.0066666654 -0.51000011 -0.51 -0.51 -0.51 -0.51 -0.52042361 -0.78666667 -0.78666667 -0.78666667 -0.78666667 -1.083331 -1.0833333 -1.0833333 -1.0833333 -0.80333333 -0.80333333 -0.80333333 -0.80333333 -0.80333333 -0.66556923 -0.31333333 -0.31333333 -0.31333333 -0.27 -0.27 -0.27047627 -0.88333333 -0.88333333 -0.87207776 -0.86333334 -1.0466667 -1.0466667 -1.0466667 -0.80671216 -0.3 -0.3 -0.3 -0.24 -0.190623 -0.19 -0.19 0.33 0.33
-0.98 -0.98 -0.98 -0.68278857 -0.58386373 -1.4266667 -1.4266667 -1.4266667 -1.4266667 -1.0533333 -1.0533333 -0.51000004 -0.51 -0.51 -0.51 -0.51001753 -0.78666667 -0.78666667 -0.78666667 -0.78666667 -0.95387762 -1.0833333 -1.0833333 -1.0692013 -0.55491085 -0.80333333 -0.80333333 -0.80333333 -0.79 -0.79 -0.79 -0.789998 -0.27 -0.27 -0.27 -0.27 -0.86333333 -0.86333333 -0.86333333 -0.86333333 -0.77333333 -0.77333333 -0.77333333 -0.28000992 -0.28 -0.28 -0.28000001 -0.24 -0.24 -0.19006092 -0.19 0.32999845 0.33
-0.98 -0.98 -0.98 -0.97999767 -0.93666667 -1.0079207 -1.4266667 -1.4266667 -1.4266667 -1.0533333 -1.0533333 -1.0533333 -0.49 -0.49 -0.49 -0.49000001 -0.78722843 -0.78666667 -0.78666667 -0.78666667 -0.79113571 -0.54333482 -0.54333333 -0.54333333 -0.54333333 -0.54333336 -1.26 -1.26 -0.79 -0.79 -0.79 -0.79 -0.27000032 -0.27 -0.27 -0.27003557 -0.86333334 -0.86333333 -0.86333333 -0.86365503 -0.77333333 -0.77333333 -0.77333333 -0.28002288 -0.28 -0.28 -0.28 -0.24 -0.24 -0.23999996 0.023333333 0.023333333 0.73
-0.98 -0.98 -0.98 -0.93666677 -0.93666667 -0.93666667 -1.4266665 -1.4266667 -1.4266667 -1.0533333 -1.0533333 -1.0533333 -0.49 -0.49 -0.49 -0.5359496 -1.0933333 -1.0933333 -1.0933325 -0.7883988 -0.54333333 -0.54333333 -0.54333333 -0.54333333 -0.54333333 -0.54387266 -1.26 -1.26 -1.26 -0.79 -0.79 -0.79010942 -0.70666667 -0.70666667 -0.70666667 -1.08 -1.08 -0.93666667 -0.93666667 -0.93666667 -0.036666667 -0.77310226 -0.77332726 0.04 0.04 0.027872364 -0.27999909 -0.24 -0.24 0.023333333 0.023333333 0.023333333 0.73
-0.98 -0.98 -0.98 -0.93666667 -0.93666667 -0.93666667 -0.93666667 -1.4266667 -1.4266667 -1.0533333 -1.0533333 -0.51252521 -0.49 -0.49 -0.49 -1.0933333 -1.0933333 -1.0933333 -1.0933333 -1.0933333 -0.54333333 -0.54333333 -0.54333333 -0.54333333 -0.54333333 -1.2599976 -1.26 -1.26 -1.26 -0.96 -0.96 -0.96 -0.70666667 -0.70666667 -0.70666667 -1.08 -1.08 -0.93666667 -0.93666667 -0.036666667 -0.036666667 -0.036666667 0.04 0.04 0.04 0.04 0.061358307 0.3 0.3 0.3 0.023333345 0.62666667 0.62666667
-0.98 -0.98 -0.97993966 -0.93666667 -0.93666667 -0.93666667 -0.93666667 -0.73039745 -0.72 -0.72057229 -1.0533333 -0.49002317 -0.49 -0.49 -0.49000209 -1.0933333 -1.0933333 -1.0933333 -1.0933333 -1.0933333 -1.5630923 -0.54333333 -0.54333333 -0.54333333 -0.54352008 -1.2600107 -1.26 -1.26 -1.26 -0.96 -0.96 -0.96 -0.95996518 -0.70666667 -1.08 -1.08 -1.08 -1.0799938 -0.93660529 -0.036666667 -0.036666667 -0.036666667 0.039995346 0.04 0.04 0.04 0.30000275 0.3 0.3 0.3 0.62666667 0.62666667 0.62666667
