interpolatedSpi/04-04|21_3.tif
NCOLS 53
NROWS 52
XLLCORNER -116.03883
YLLCORNER 28.596182
DX 0.49850594
DY 0.49788537
NODATA_VALUE -9999
-1.15 -1.15 -0.67167094 -1.385 -1.565 -1.475 -1.55 -1.42 -1.7282813 -2.185 -2.025 -1.92 -2.659874 -1.13 -1.495 -1.495 -1.495 -1.37 -0.685 -0.685 -0.685 -0.68500568 -1.275 -0.57 -0.57 -0.57 -0.57000466 -0.57 -0.57 -0.555 -0.555 -0.555 -0.555 -1.5749998 -1.575 -1.575 -1.575 -1.575 -1.575 -1.5749999 1.0121337 1.0394994 -0.925 -0.925 -0.925 -0.925 -0.92388116 -0.24 -0.24 -0.24 1.6449961 1.645 1.645 
-1.1500418 -2.09 -1.2650004 -1.5456706 -1.5902562 -1.53 -1.27 -2.349756 -2.355 -2.395 -2.225 -2.66 -2.66 -1.7180327 -1.1300104 -1.495 -1.37 -1.37 -0.68589315 -0.685 -0.685 -0.685 -0.60895145 -0.57 -0.57 -0.57 -1.3249999 -1.325 -0.555 -0.555 -0.555 -0.555 -0.555 -1.5749999 -1.575 -1.575 -1.575 -1.575 -1.5749999 -1.2834798 0.13993624 -0.79577069 -0.925 -0.925 -0.925 -0.925 -0.925 -0.24 -0.24 -0.24 -0.083693996 1.645 1.645 
-1.6199864 -1.62 -1.575 -1.08 -1.955 -2.205 -1.8 -2.755 -2.59 -2.795 -2.16 -2.835 -1.695 -2.36 -1.72 -2.525 -1.37 -1.37 -1.37 -1.6647151 -1.665 -1.665 -1.31 -0.57 -0.57 -0.57 -1.325 -1.325 -1.325 -0.555 -0.555 -0.55500005 -1.0797261 -1.5713347 -1.5576874 0.26795594 0.285 0.285 0.26676282 0.14 0.14 0.13863813 -0.925 -0.925 -0.925 -0.925 -0.925 -0.24 -0.24 -0.24 -0.24 1.645 1.645 
-1.075 -1.6200001 -1.9200728 -0.965 -1.915 -1.995 -2.115 -2.57 -2.74 -2.1115996 -2.04 -3.36 -2.99 -2.36 -2.19 -2.525 -2.4753825 -2.4742258 -2.54 -1.665 -1.665 -2.54 -1.31 -1.31 -0.57 -0.57000377 -1.325 -1.325 -1.325 -1.21 -1.4486748 -1.645 -1.645 -1.6449985 0.285 0.285 0.285 0.285 0.14 0.14 0.14 0.13999996 -0.925 -0.925 -0.925 -0.925 -0.925 -0.24000864 -0.24 -0.24 -0.24 1.6449325 1.645 
-1.075 -0.89500188 -1.92 -2.2291558 -1.915 -1.93 -2.299975 -2.06 -1.86 -2.4199997 -2.9615319 -3.2246698 -0.92 -2.19 -2.19 -2.4133623 -2.475 -2.475 -2.54 -2.54 -1.6650017 -2.54 -2.425 -1.19 -0.45 -0.45006453 -1.325 -1.325 -1.21 -1.21 -1.645 -1.645 -1.645 -1.3734548 0.285 0.285 0.285 0.14 0.14 0.14 0.14 0.13995608 -0.92499999 -0.925 -0.925 -0.925 -0.925 -0.91890265 -0.24 -0.24000807 -0.42 -0.42 -0.42 
-1.51 -1.395 -0.94500002 -1.665 -2.255 -1.96 -2.41 -2.36519 -1.98 -1.685 -1.385 -0.535 -0.53500025 -1.035 -1.035 -1.8101183 -1.81 -1.46 -1.46 -2.5399991 -1.995 -1.995 -1.19 -0.45 -0.45 -0.725 -1.35 -1.35 -0.41007307 -1.21 -1.645 -1.645 -0.205 -0.20509195 -1.0849369 -0.71 -0.71 -0.1229669 0.14 0.14 -0.31443252 -0.315 -0.31500087 -1.5438788 -1.5549304 -1.5549998 -1.555 -1.5549998 -1.5762595 -0.42 -0.42 -0.42 -0.42 
-0.055010328 -0.63 -0.082111353 -0.32 -0.57 -2.11 -1.265 -1.605 -1.84 -1.84 -1.385 -1.485 -0.11500033 -1.035 -2.2999962 -2.3 -1.81 -2.155 -1.545 -1.545 -1.893678 -1.78 -1.78 -0.585 -0.725 -0.725 -1.35 -1.35 -0.41001865 -0.41034333 -1.2633469 -0.205 -0.205 -1.085 -1.085 -0.84616001 -0.71 -0.71 -0.64500225 -0.31500046 -0.315 -0.315 -0.31500725 -1.555001 -1.555 -1.555 -1.555 -1.5550002 -1.82 -0.42027744 -0.42 -0.42 -0.42 
-0.055 0.53 0.105 -1.51 -1.8549802 -1.7 -1.745 -1.685 -2.305 -2.425 -2.425 -1.33 -0.115 -0.115 -2.2850089 -2.532243 -2.555 -1.4 -1.2050003 -1.545 -1.2254245 -1.225 -1.685 -0.585 -0.5850049 -0.965 -0.87 -0.87000017 -0.72887868 -0.73000001 -1.265 -0.9752325 -0.135 -1.085 -1.1126656 -0.96 -0.96 -0.645 -0.645 -0.315 -0.315 -0.31500001 -1.7245641 -1.73 -1.555 -1.555 -1.555 -1.8199899 -1.82 -1.82 -0.42 -0.42 -0.42 
0.057406094 0.53 0.185 -0.385 -1.82 -1.565 -2.075 -1.845 -2.35 -1.8675502 -1.77 -1.69 -1.69 -1.345 -1.3450028 -1.7971182 -1.795 -1.795 -1.370233 -1.035 -1.23 -1.23 -1.545 -1.6298283 -0.92670603 -0.965 -0.39 -0.87 -1.1135763 -1.115 -1.21 -1.075 -1.3419319 -1.935 -2.055 -2.505 -2.245 -1.36 -1.4349654 -0.31647305 -0.645 -1.045 -1.7299194 -1.73 -1.729015 -1.555 -1.96 -1.82 -1.82 -1.82 -1.82 -0.35525613 -0.58 
-2.585 -2.585 -0.17 -1.04 -1.815 -1.805 -1.08 -1.6 -2.11 -1.7449469 -1.97 -0.35 -1.345 -1.345 -1.64 -1.6421259 -1.795 -1.7949782 -1.62 -1.035 -1.035 -1.0601226 -1.545 -1.4200024 -1.42 -1.42 -0.39 -0.965 -0.965 -1.115 -1.115 -1.0760052 -1.605 -1.935 -1.635 -2.505 -2.245 -1.525 -1.435 -1.2333224 -1.045 -1.1147945 -1.235 -1.73 -1.73 -1.96 -1.96 -1.96 -1.82 -1.82 0.1 0.1 0.099999745 
-2.585 -2.585 -0.975 -1.88 -1.245 -1.375 -1.43 -1.1153635 -1.545 -1.4 -2.015 -1.085 -0.35097998 -1.64 -1.64 -1.6400894 -2.415 -2.3732747 -1.62 -1.58 -1.58 -1.655 -1.655 -1.42 -1.42 -1.42 -0.965 -0.965 -0.965 -2.805 -2.805 -2.804998 -1.66 -1.66 -2.14 -2.435 -1.72 -2.6650023 -1.615 -1.23 -1.23 -0.45500256 -1.235 -1.73 -1.1550002 -1.21 -1.0489407 -1.045 -0.555 -0.555 0.1 0.1 0.1 
-2.585 -1.8899962 -1.3611958 -1.1450104 -0.515 -1.82 -1.43 -1.115 -1.5449964 -1.4016064 -1.0850004 -1.085 -1.27 -1.64 -1.64 -2.415 -2.415 -2.4149548 -1.62 -1.58 -1.5947285 -1.655 -1.655 -1.4200097 -1.42 -1.4676643 -1.565 -1.565 -1.5649999 -2.805 -2.805 -1.99 -1.99 -1.6600013 -2.14 -1.8950002 -1.9140283 -2.665 -2.665 -1.23 -0.455 -0.455 -0.45500518 -1.155 -1.155 -1.21 -1.045 -1.045 -0.555 -0.555 0.1 0.1 0.1 
-1.735 -0.8904608 -0.87003633 -0.87198637 -0.51500663 -1.8199692 -1.43 -1.1188775 -1.5153686 -1.5412137 -1.27 -1.27 -1.27 -1.27 -1.6399476 -2.415 -2.415 -2.4047353 -1.62 -1.5801087 -1.955 -1.955 -1.955 -1.955 -1.4291711 -1.565 -1.565 -1.565 -1.565 -1.56591 -1.99 -1.99 -1.99 -1.99 -1.895 -1.895 -1.895 -2.6281822 -2.6547857 -1.305 -1.305 -0.45504572 -0.44502431 -1.1549316 -1.155 -1.21 -1.045 -1.045 -0.555 -0.555 0.097623731 0.1 -0.03939366 
-1.735 -0.87 -0.87 -0.87 -0.87 -0.87000039 -1.4309982 -1.2810095 -1.4363148 -1.2702925 -1.27 -1.27 -1.27 -1.27 -1.2699999 -2.415 -2.4149999 -2.3604684 -1.6200122 -1.955 -1.955 -1.955 -1.955 -1.955 -1.9628887 -2.0333584 -2.2399999 -2.24 -2.24 -2.24 -1.99 -1.99 -1.9899999 -1.94 -1.94 -1.895 -1.4429308 -1.43 -1.3050001 -1.305 -1.305 -1.305 -0.445 -0.445 -0.445 -0.4503237 0.097483425 0.105 0.105 0.105 0.10499999 0.13999999 0.14 
-0.045000002 -0.87 -0.87 -0.87 -0.87 -0.87 -0.87000004 -1.1618497 -1.0814906 -1.08 -1.08 -1.08 -1.08 -1.08 -1.08 -0.15430745 -2.3787468 -2.3061375 -1.9549581 -1.955 -1.955 -1.955 -1.955 -1.9549989 -2.32 -2.32 -2.3199999 -2.24 -2.24 -2.2398298 -2.155 -2.155 -1.94 -1.94 -1.94 -1.5116964 -1.43 -1.43 -1.43 -1.305 -1.305 -1.305 -0.445 -0.445 -0.445 -0.445 0.10500001 0.105 0.105 0.105 0.105 0.14 0.14 
-0.045 -0.35213813 -0.87 -0.87 -0.87 -0.87 -0.67503827 -0.675 -0.67500001 -1.08 -1.08 -1.08 -1.08 -1.08 -0.87152639 -0.135 -0.135 -0.135 -1.0228456 -1.020001 -1.02 -1.02 -1.02 -1.02 -2.32 -2.32 -2.32 -2.32 -2.24 -2.155 -2.155 -2.155 -1.94 -1.94 -1.94 -1.275 -1.4297948 -1.43 -1.43 -1.3047941 -0.89364028 0.065890428 -0.445 -0.445 0.43726884 0.44 0.44 0.10565008 0.49861965 0.49999997 0.49999993 0.21998796 0.14000016 
-0.045 -0.65807982 -0.77132102 -0.87 -0.87 -0.67511522 -0.675 -0.675 -0.675 -0.67791855 -1.08 -1.08 -1.08 -1.0799999 -0.135 -0.135 -0.135 -0.135 -1.0192094 -1.02 -1.02 -1.02 -1.02 -1.02 -2.32 -2.32 -2.32 -2.32 -2.3193998 -2.155 -2.155 -2.155 -2.095 -1.9399361 -1.275 -1.275 -1.275 -1.266932 -0.024978005 0.07 0.07 0.07 0.03 0.03 0.44 0.44 0.44 0.5 0.5 0.5 0.5 0.22 0.22 
-0.6745211 -0.675 -0.675 -0.675 -0.91 -0.67500606 -0.675 -0.675 -0.675 -0.675 -1.0198118 -1.0799896 -1.08 -0.135 -0.135 -0.135 -0.135 -0.135 -0.18102174 -1.02 -1.02 -1.02 -1.02 -1.02 -1.7383938 -1.9050022 -1.905 -1.905 -1.905 -2.155 -2.095 -2.095 -2.095 -2.095 -1.275 -1.2749806 -0.54 -0.54 0.062383241 0.07 0.07 0.07 0.03 0.03 0.37651788 0.44 0.44 0.5 0.5 0.5 0.49699767 0.22 0.22 
-0.675 -0.675 -0.675 -0.78566501 -0.91 -0.91 -0.675 -0.675 -0.675 -0.675 -0.285 -0.285 -0.285 -0.135 -0.135 -0.135 -0.135 -0.13490333 0.235 0.235 -1.0199995 -1.02 -1.0304687 -1.45 -1.4540962 -1.905 -1.905 -1.905 -1.905 -2.0949807 -2.095 -2.095 -2.095 -2.095 -0.54000258 -0.54 -0.54 -0.54 -0.53780368 0.07 0.07 0.07 0.03 0.03 0.03 0.44 0.44 0.49999998 0.5 0.5 0.22 0.22 0.22 
-0.675 -0.675 -0.675 -0.91 -0.91 -0.91 -0.90999964 -0.675 -0.675 -0.28540259 -0.285 -0.285 -0.285 -0.28490653 0.33851211 0.45 0.45 0.45 0.235 0.235 0.235 -1.45 -1.45 -1.45 -1.4495364 -0.7982537 -1.905 -1.905 -1.905 -0.7649098 -0.46516032 -0.465 -0.465 -0.465 -0.17242331 0.34499799 0.345 0.345 0.345 0.24997537 0.25 0.25 0.03 0.03 -0.38499827 -0.38500016 -0.825 -0.825 -0.665 -0.665 -0.665 0.22 -0.66920423 
-0.67499913 -0.675 -0.67500001 -0.91 -0.91 -0.91 -0.91 -0.69499999 -0.67507997 -0.28534004 -0.285 -0.285 -0.285 -0.28355773 0.45 0.45 0.45 0.44999994 0.235 0.235 0.235 -1.45 -1.45 -1.45 0.205 0.205 0.265 0.265 0.265 0.26101762 -0.465 -0.465 -0.465 -0.465 -0.060222358 0.345 0.345 0.345 0.345 0.25 0.25 0.25 0.23002047 -0.385 -0.385 -0.385 -0.825 -0.825 -0.665 -0.665 -0.665 -0.67 -0.67 
-0.395 -0.53732197 -1.075 -1.0749521 -0.91 -0.69624398 -0.695 -0.695 -0.66038403 -0.66 -0.66 -0.66 -0.66 0.69495589 0.695 0.45000019 0.45 0.44433507 0.235 0.235 0.235 0.385 0.385 0.385 0.205 0.205 0.265 0.265 0.265 0.2650002 0.54499358 0.54499716 -0.43961517 -0.46391721 0.55383908 0.555 0.555 0.555 0.555 0.25 0.25 0.25 -0.35003494 -0.385 -0.385 -0.385 -0.825 -0.825 -0.82499424 -0.665 -0.66501252 -0.945 -0.67 
-0.54997057 -0.55000009 -1.075 -1.075 -1.075 -0.695 -0.695 -0.695 -0.6 -0.6 -0.66 -0.66 -0.66 0.695 0.695 0.695 0.695 0.69494802 0.235 0.235 0.23500001 0.385 0.385 0.385 0.205 0.205 0.265 0.265 0.265 0.54184298 0.545 0.545 0.545 0.545 0.55499507 0.555 0.555 0.555 0.555 0.21500001 0.215 0.215 0.215 -0.38500015 -0.405 -0.405 -0.405 -0.75 -0.75 -0.75 -0.945 -0.945 -0.945 
-0.55 -0.55 -1.075 -1.075 -1.075 -0.69699735 -0.695 -0.6 -0.6 -0.6 -0.65999261 -0.66 -0.34132136 0.69499978 0.695 0.695 0.695 0.35 0.35 0.35 1.235 1.2349994 0.38500414 0.385 0.38550378 1.32 1.32 1.3199975 0.2651705 1.1798735 1.1799966 1.1798891 0.54608528 0.545548 0.55363407 0.55500033 0.55788205 1.415 1.415 0.215 0.215 0.215 0.215 -0.405 -0.405 -0.405 -0.405 -0.75 -0.75 -0.75 -0.945 -0.945 -0.945 
-0.55 -0.55 -1.075 -1.075 -1.075 -1.075 -0.65944428 -0.6 -0.6 -0.6 -0.59981771 -0.27 -0.27 -0.27 0.68931303 0.695 0.35229899 0.35 0.35 0.35 1.235 1.235 1.235 1.235 1.32 1.32 1.32 1.32 1.32 1.18 1.18 1.18 1.18 1.1800016 1.935 1.415 1.415 1.415 1.415 1.4149963 0.42 0.42 0.42 0.12061966 -0.5 -0.5 -0.5 -0.74999999 -0.74999969 -0.43 -0.43 -0.45511921 -0.455 
-0.55 -0.55 -0.88551187 -1.075 -1.075 -1.075 -0.60998226 -0.60003151 -0.6 -0.6 -0.27000004 -0.27 -0.27 -0.27 -0.27 -0.19080983 0.35 0.35 0.35 0.35 1.2349932 1.235 1.235 1.235 1.32 1.32 1.32 1.32 1.32 1.2945382 1.18 1.18 1.18 1.935 1.935 1.9345962 1.415 1.415 1.8370839 2.1649999 0.42 0.42 0.42 0.12646553 -0.5 -0.5 -0.5 0.21 -0.42202566 -0.43 -0.43 -0.455 -0.455 
-0.07 -0.07 -0.07 -0.82301887 -1.073875 -0.61 -0.61 -0.61 -0.61 -0.46 -0.46 -0.27000001 -0.27 -0.27 -0.27 -0.2699607 0.35 0.35 0.35 0.35 0.84881471 1.235 1.235 1.2453373 1.616196 1.32 1.32 1.32 1.335 1.335 1.335 1.3349993 1.935 1.935 1.935 1.935 2.165 2.165 2.165 2.165 0.69 0.69 0.69 0.075012365 0.075 0.075 0.074999818 0.21 0.21 -0.4292202 -0.43 -0.45499486 -0.455 
-0.07 -0.07 -0.07 -0.070012655 -0.305 -0.34935201 -0.61 -0.61 -0.61 -0.46 -0.46 -0.46 -0.055000011 -0.055 -0.055 -0.055000015 0.34826893 0.35 0.35 0.35 0.36344131 1.6299989 1.63 1.63 1.63 1.63 1.785 1.785 1.335 1.335 1.335 1.335 1.9350001 1.935 1.935 1.935011 2.165 2.165 2.165 2.161666 0.69 0.69 0.69 0.075028519 0.075 0.075 0.075 0.21 0.21 0.21000005 0.565 0.565 0.37 
-0.07 -0.07 -0.07 -0.30499946 -0.305 -0.305 -0.60999989 -0.61 -0.61 -0.46 -0.46 -0.46 -0.055 -0.055 -0.055 -0.096126157 -0.595 -0.595 -0.59499756 0.3446624 1.63 1.63 1.63 1.63 1.63 1.6301166 1.785 1.785 1.785 1.335 1.335 1.3349195 2.07 2.07 2.07 0.915 0.915 1.405 1.405 1.405 0.355 0.68989492 0.68999795 0.415 0.415 0.40211439 0.075001127 0.21 0.21 0.565 0.565 0.565 0.37 
-0.07 -0.07 -0.07 -0.305 -0.305 -0.305 -0.305 -0.61 -0.61 -0.46 -0.46 -0.071194159 -0.055 -0.055 -0.055 -0.595 -0.595 -0.595 -0.595 -0.595 1.63 1.63 1.63 1.63 1.63 1.7849995 1.785 1.785 1.785 1.21 1.21 1.21 2.07 2.07 2.07 0.915 0.915 1.405 1.405 0.355 0.355 0.355 0.415 0.415 0.415 0.415 0.43594757 0.67 0.67 0.67 0.565 0.665 0.665 
-0.07 -0.07 -0.070327248 -0.305 -0.305 -0.305 -0.305 -0.64772424 -0.665 -0.66464804 -0.46 -0.055031827 -0.055 -0.055 -0.055001868 -0.595 -0.595 -0.595 -0.595 -0.595 -0.2114055 1.63 1.63 1.63 1.6297786 1.7849308 1.785 1.785 1.785 1.21 1.21 1.21 1.2101223 2.07 0.915 0.915 0.915 0.91502001 1.4049284 0.355 0.355 0.355 0.41499636 0.415 0.415 0.415 0.67000529 0.67 0.67 0.67 0.665 0.665 0.665 
-0.66 -0.65999897 -0.30488894 -0.305 -0.305 -0.305 -0.6649234 -0.665 -0.665 -0.665 -0.43500001 -0.435 -0.435 -0.435 -0.59426148 -0.595 -0.595 -0.595 -0.595 -0.29000018 -0.29 -0.29 0.55500018 0.555 0.555 0.555 0.66116482 1.785 0.98503276 0.985 0.985 0.985 0.985 0.705 0.705 0.705 0.705 0.705 0.785 0.785 0.785 0.785 0.785 1.1988167 1.2 1.2 1.2 0.67 0.67 0.67 0.66500079 0.665 0.665 
-0.66 -0.66 -0.65719512 -0.32499996 -0.325 -0.32533142 -0.665 -0.665 -0.665 -0.665 -0.435 -0.435 -0.435 -0.435 -0.435 -0.595 -0.595 -0.595 -0.29000008 -0.29 -0.29 -0.29 0.555 0.555 0.555 0.555 0.555 0.55526069 0.98484747 0.985 0.985 0.985 0.98493872 0.69366197 0.70498826 0.705 0.705 0.705 0.785 0.785 0.785 0.785 0.785 1.2 1.2 1.2 1.2 0.95216164 0.67 0.59089255 0.59 0.48 0.48 
-0.66 -0.66 -0.32504243 -0.325 -0.325 -0.325 -0.41135857 -0.665 -0.665 -0.665 -0.435 -0.435 -0.435 -0.435 -0.435 -0.5948783 -0.595 -0.29008942 -0.29 -0.29 -0.29 -0.29 0.24196427 0.555 0.555 0.555 0.555 0.55502476 0.59 0.59 0.59 0.59 0.59 0.685 0.685 0.685 0.685 0.685 0.895 0.895 0.895 0.895 0.895 1.1990844 1.1999998 1.2 1.1999364 1.1922635 0.59 0.59 0.59 0.48000062 0.48 
-0.66000015 -0.73844032 -0.32500006 -0.325 -0.325 -0.325 -0.325 -0.66485523 -0.665 -0.665 -0.435 -0.435 -0.435 -0.435 -0.58655724 -0.59 -0.59 -0.29000772 -0.29 -0.29 -0.29 -0.29 -0.28999996 0.555 0.555 0.555 0.555 0.52000007 0.52000003 0.5348977 0.59 0.59 0.59 0.685 0.685 0.685 0.685 0.68488148 0.895 0.895 0.895 0.895 0.89497012 0.825 0.825 0.825 0.825 0.82498105 0.59 0.59 0.59 0.58999985 0.35191457 
-0.74 -0.74 -0.64552893 -0.325 -0.325 -0.325 -0.325 -0.325 -0.66485455 -0.47 -0.47 -0.47 -0.46991694 -0.58999978 -0.59 -0.59 -0.59 -0.59 -0.29000072 -0.29615435 -0.35 -0.35 -0.35 -0.12250173 0.5041769 0.23223214 0.0031069836 0.52 0.52 0.52 0.52 0.52 0.5201323 0.50781145 0.51 0.51 0.51 0.51 0.82173694 0.5050007 0.505 0.505 0.505 0.33000145 0.82499987 0.825 0.825 0.13 0.58999263 0.59 0.59 0.35 0.35 
-0.74 -0.74 -0.62 -0.62 -0.62 -0.32509827 -0.325 -0.325 -0.47 -0.47 -0.47 -0.47 -0.47 -0.58999999 -0.59 -0.59 -0.59 -0.59 -0.35 -0.35 -0.35 -0.35 -0.35 -0.080000014 -0.08 -0.08 -0.08 0.52 0.52 0.52 0.52 0.52 0.315 0.315 0.51 0.51 0.51 0.12006642 0.12 0.505 0.505 0.505 0.5049999 0.33 0.33 0.33 0.13 0.13 0.13 0.33 0.33 0.35 0.35 
-0.74 -0.74 -0.62 -0.62 -0.62 -0.62 -0.62000022 -0.66 -0.47017889 -0.47 -0.47 -0.47 -0.47 -0.58850311 -0.59 -0.59 -0.59 -0.59 -0.35 -0.35 -0.35 -0.35 -0.35 -0.08 -0.08 -0.08 -0.08 -0.07999757 0.52 0.52 0.52 0.31501075 0.315 0.315 0.315 0.51 0.12 0.12 0.12 0.13013007 -0.059815676 -0.165 -0.165 0.33 0.33 0.33 0.13 0.13 0.13 0.33 0.33 0.33 0.85720116 
-1.035 -1.0349977 -0.62 -0.62 -0.62 -0.62 -0.66 -0.66 -0.66 -0.47 -0.47 -0.47 -0.47 -0.4700373 -0.59 -0.59 -0.59 -0.59 -0.3500043 -0.35 -0.35 -0.35 -0.1275699 -0.08 -0.08 -0.08 -0.08 -0.030000041 -0.03 -0.029999994 0.51408936 0.315 0.315 0.315 0.31499947 -0.24499999 0.12 0.12 0.12 0.12 -0.165 -0.165 -0.165 0.065 0.065 0.065 0.17499562 0.13 0.13 0.33 0.33 0.33 0.90999909 
-1.035 -1.035 -0.62 -0.62 -0.62 -0.66 -0.66 -0.66 -0.66 -0.49083361 -0.47 -0.47 -0.47 -0.47000069 -0.57500173 -0.575 -0.575 -0.575 -0.73725087 -0.52 -0.52 -0.52 -0.52 -0.08 -0.08 -0.08 -0.079996702 -0.03 -0.03 -0.03 -0.03 0.31493994 1.6199134e-05 -0.245 -0.245 -0.245 0.11912152 -0.11499511 -0.115 -0.115 -0.16467494 0.24999999 0.25 0.065 0.065 0.065000466 0.175 0.175 0.595 0.595 0.595 0.685 0.585 
-1.035 -1.035 -0.71 -0.71 -0.71 -0.66 -0.66 -0.66 -0.66 -0.685 -0.685 -0.685 -0.685 -0.67724804 -0.575 -0.575 -0.575 -0.575 -0.745 -0.52 -0.52 -0.52 -0.52 -0.2 -0.19999995 -0.080000177 -0.03 -0.03 -0.03 -0.03 -0.032531376 -0.035 -0.22001288 -0.245 -0.245 -0.245 -0.115 -0.115 -0.115 -0.115 0.25 0.25 0.25 0.6348786 0.635 0.17706767 0.175 0.175 0.59499885 0.595 0.685 0.685 0.585 
-1.035 -0.71 -0.71 -0.71 -0.71 -0.71 -0.66419196 -1.2 -1.2 -0.685 -0.685 -0.685 -0.685 -0.68497395 -0.575 -0.575 -0.575 -0.58268114 -0.745 -0.745 -0.52 -0.52 -0.2 -0.2 -0.2 -0.2 -0.03 -0.03 -0.03 -0.03 -0.035 -0.035 -0.035 -0.2447875 -0.245 -0.245 -0.115 -0.115 -0.115 -0.115 0.25 0.25 0.25 0.635 0.635 0.6350017 0.665 0.665 0.385 0.385 0.685 0.685 0.585 
-0.71305215 -0.71 -0.71 -0.71 -0.71 -0.71 -1.2 -1.2 -1.2 -0.92435048 -0.685 -0.685 -0.685 -0.68500224 -0.575 -0.575 -0.575 -0.745 -0.745 -0.745 -0.52001124 -0.51999805 -0.2 -0.2 -0.2 -0.2 -0.030012084 -0.03 -0.03 -0.03499885 -0.035 -0.035 -0.035 -0.035 -0.24447277 -0.23 -0.23 -0.22800973 -0.115 -0.115 0.24999968 0.25 0.62380605 0.635 0.635 0.66499999 0.665 0.665 0.385 0.385 0.05 0.05 -0.15 
-0.71 -0.71 -0.71 -0.71 -0.71 -0.71 -1.2 -1.2 -1.2 -1.2 -0.82999582 -0.83 -0.83 -0.83 -0.57500047 -0.62307574 -0.65 -0.65 -0.74482487 -0.745 -0.74499996 -0.20000046 -0.2 -0.2 -0.2 -0.2 -0.1998764 -0.03 -0.030000171 -0.035 -0.035 -0.035 -0.035 -0.035 -0.23 -0.23 -0.23 -0.23 -0.23 -0.22999923 -0.075 -0.075 -0.074999981 -0.02 -0.02 -0.02 -0.585 -0.585 -0.855 -0.855 0.05 0.049999565 -0.15 
-0.71 -0.71 -0.71 -0.71 -0.71 -0.71 -1.2 -1.2 -1.2 -0.83 -0.83 -0.83 -0.83 -0.83 -0.78255243 -0.65 -0.65 -0.65 -0.65 -0.65 -0.65453594 -0.2 -0.2 -0.2 -0.2 -0.20863528 -0.47456908 -0.090593565 -0.034975343 -0.035 -0.035 -0.035 -0.035 -0.035000427 -0.23 -0.23 -0.23 -0.23 -0.23 -0.15789436 -0.075 -0.075 -0.075 -0.02 -0.02 -0.02 -0.585 -0.585 -0.855 -0.855 0.31499998 -0.12434855 -0.15 
-0.71 -0.71 -0.71 -0.71 -0.71 -0.71000015 -1.1999999 -1.2 -1.1846429 -0.83 -0.83 -0.83 -0.83 -0.83 -0.82136609 -0.65 -0.65 -0.65 -0.65 -0.65 -0.65 -0.43350662 -0.47499961 -0.475 -0.475 -0.475 -0.475 -0.475 -0.27256622 -0.26999722 -0.26999999 -0.27 -0.27 -0.26999997 -0.23 -0.23 -0.23 -0.23 -0.23 -0.075000018 -0.075 -0.075 -0.075 -0.074999976 -0.020505015 -0.335 -0.58499997 0.26994908 -0.85400113 0.315 0.315 0.32695232 0.89 
-0.71 -0.71 -0.71 -0.71 -0.71 -0.7100313 -1.1999736 -1.1999776 -0.83000047 -0.83 -0.83 -0.83 -0.83 -0.83 -0.82657498 -0.65 -0.65 -0.65 -0.65 -0.65 -0.65 -0.475 -0.475 -0.475 -0.475 -0.475 -0.475 -0.475 -0.27005659 -0.27 -0.27 -0.27 -0.27 -0.27 -0.25904 -0.23 -0.23 -0.23 -0.23 -0.075 -0.075 -0.075 -0.075 -0.075066605 -0.335 -0.335 -0.33111414 0.285 0.285 0.315 0.315 0.89 0.89 
-0.71 -0.71 -0.71 -0.71 -0.71 -0.71065348 -1.1994079 -0.87175208 -0.83 -0.83 -0.83 -0.83 -0.83 -0.83 -0.82684879 -0.65 -0.65 -0.65 -0.65 -0.65 -0.62508318 -0.475 -0.475 -0.475 -0.475 -0.475 -0.475 -0.475 -0.27000082 -0.27 -0.27 -0.27 -0.27 -0.27 -0.27 -0.40768768 -0.68390434 -0.83493552 -0.85791884 -0.11967367 -0.075000016 -0.075 -0.075 -0.33497924 -0.335 -0.33419416 -0.19999768 0.285 0.285 1.0248931 1.025 1.025 0.89000006 
-0.71 -0.71 -0.71 -0.71 -0.7100005 -0.71408625 -1.164578 -0.83010174 -0.83 -0.83 -0.83 -0.83 -0.83 -0.83 -0.82579672 -0.65 -0.65 -0.65 -0.65 -0.65 -0.47500076 -0.475 -0.475 -0.475 -0.475 -0.475 -0.475 -0.475 -0.27000006 -0.27 -0.27 -0.27 -0.27 -0.27 -0.27000012 -0.87 -0.87 -0.87 -0.87 -0.77 -0.77 -0.77 -0.77 -0.20000039 -0.2 -0.2 -0.2 -0.19999185 0.535 0.535 1.025 1.025 1.286077 
-0.71 -0.71 -0.71 -0.71000004 -0.71001368 -0.72313475 -0.85453966 -0.83000483 -0.83 -0.83 -0.83 -0.83 -0.83 -0.83 -0.82388969 -0.65000007 -0.65 -0.65 -0.65 -0.64894675 -0.475 -0.475 -0.475 -0.475 -0.475 -0.475 -0.475 -0.475 -0.27000005 -0.27 -0.27 -0.27 -0.27 -0.27 -0.86999945 -0.87 -0.87 -0.87 -0.87 -0.77 -0.77 -0.77 -0.77 -0.61615945 -0.2 -0.2 -0.2 0.53499178 0.535 0.535 1.405 1.405 1.405 
-0.71 -0.71 -0.71000002 -0.71000111 -0.71013322 -0.7424873 -0.83127648 -0.83000121 -0.83 -0.83 -0.83 -0.83 -0.83 -0.82999999 -0.82130639 -0.65000423 -0.65 -0.65 -0.6499998 -0.47854578 -0.475 -0.475 -0.475 -0.475 -0.475 -0.475 -0.475 -0.475 -0.27000019 -0.27 -0.27 -0.27 -0.27 -0.84831304 -0.87000006 -0.87 -0.87 -0.87 -0.87 -0.77 -0.77 -0.77 -0.77 -0.77 -0.2 -0.2 -0.2 0.53499999 0.535 0.535 1.405 1.405 1.405 
-0.71000001 -0.71000003 -0.71000046 -0.71001305 -0.71070327 -0.7964021 -0.83021089 -0.83000074 -0.83 -0.83 -0.83 -0.83 -0.83 -0.82999966 -0.81823506 -0.65006574 -0.65 -0.64999999 -0.64909394 -0.47501488 -0.475 -0.475 -0.475 -0.475 -0.475 -0.475 -0.475 -0.47499988 -0.27000128 -0.27 -0.27000056 -0.99054938 -1.06 -1.06 -1.06 -0.87 -0.87 -0.87 -0.87 -0.77 -0.77 -0.77 -0.77 -0.77 -0.2000101 -0.2 -0.19999964 0.53499995 0.535 0.53500047 1.405 1.405 1.405 
