interpolatedSpi/04-04|21_2.tif
NCOLS 53
NROWS 52
XLLCORNER -116.03883
YLLCORNER 28.596182
DX 0.49850594
DY 0.49788537
NODATA_VALUE -9999
-1.49 -1.49 -0.78570085 -1.76 -1.72 -1.7 -1.63 -1.54 -1.9915284 -2.26 -2.23 -2.14 -2.8899209 -1.93 -1.63 -1.63 -1.63 -1.7 -0.66 -0.66 -0.66 -0.66000462 -1.14 -0.21 -0.21 -0.21 -0.28001768 -0.28 -0.28 -0.56 -0.56 -0.56 -0.56 -1.8499997 -1.85 -1.85 -1.85 -1.85 -1.85 -1.8499999 0.2375156 0.25978583 -0.58 -0.58 -0.58 -0.58 -0.57972233 -0.41 -0.41 -0.41 1.1899967 1.19 1.19 
-1.4900427 -2.45 -1.3399996 -1.5196292 -1.67027 -2.03 -1.32 -1.9901627 -1.69 -2.37 -2.62 -2.89 -2.89 -1.9399667 -1.9299975 -1.63 -1.7 -1.7 -0.66135602 -0.66 -0.66 -0.66 -0.28106007 -0.21 -0.21 -0.21 -0.57999997 -0.58 -0.56 -0.56 -0.56 -0.56 -0.56 -1.8499998 -1.85 -1.85 -1.85 -1.85 -1.8499998 -1.5247783 0.049938029 -0.50355443 -0.58 -0.58 -0.58 -0.58 -0.58 -0.41 -0.41 -0.41 -0.27732647 1.19 1.19 
-1.4799894 -1.48 -1.02 -0.65 -1.55 -1.77 -1.26 -2.51 -2.31 -2.28 -2.17 -2.92 -1.6 -2.16 -1.94 -2.42 -1.7 -1.7 -1.7 -1.4997558 -1.5 -1.5 -1.56 -0.21 -0.21 -0.21 -0.58 -0.58 -0.58 -0.56 -0.56 -0.56 -0.56 -1.8444959 -1.8295227 0.32984036 0.35 0.35 0.31226791 0.050000002 0.05 0.04919439 -0.58 -0.58 -0.58 -0.58 -0.58 -0.41 -0.41 -0.41 -0.41 1.19 1.19 
-0.16 -1.48 -1.4401164 -0.66 -1.73 -1.58 -1.71 -1.78 -2.42 -2.3197415 -2.07 -3.32 -2.82 -2.16 -1.91 -2.42 -2.1222953 -2.1197057 -2.36 -1.5 -1.5 -2.44 -1.56 -1.56 -0.21 -0.21000185 -0.58 -0.58 -0.58 -1.24 -0.86689915 -0.56 -0.56 -0.55999928 0.35 0.35 0.35 0.35 0.05 0.05 0.05 0.049999976 -0.58 -0.58 -0.58 -0.58 -0.58 -0.41000214 -0.41 -0.41 -0.41 1.1899546 1.19 
-0.16 -0.31000207 -1.44 -2.0363318 -1.73 -1.43 -1.7999988 -1.45 -1.19 -2.5999994 -2.4967703 -2.4596748 -0.19 -1.91 -1.91 -2.2465267 -2.12 -2.12 -2.36 -2.36 -1.5000018 -2.44 -1.87 -0.95 0.12 0.11996708 -0.58 -0.58 -1.24 -1.24 -0.56 -0.56 -0.56 -0.41291304 0.35 0.35 0.35 0.05 0.05 0.05 0.05 0.050066605 -0.57999998 -0.58 -0.58 -0.58 -0.58 -0.57848679 -0.41 -0.40999058 -0.2 -0.2 -0.2 
-1.72 -1.23 -1.55 -1.46 -1.92 -2.2 -2.36 -2.2434939 -1.67 -0.84 -0.85 0.36 0.35999964 -0.66 -0.66 -1.8800507 -1.88 -1.4 -1.4 -2.3599989 -1.73 -1.73 -0.95 0.12 0.12 -0.02 -0.97 -0.97 -0.6300553 -1.24 -0.56 -0.56 0.22 0.21993104 -0.43995272 -0.37 -0.37 -0.079936588 0.05 0.05 0.73913942 0.74 0.73999844 0.038878774 0.049930372 0.049999832 0.049999979 0.049999758 -0.39652702 -0.2 -0.2 -0.2 -0.2 
0.019999795 -0.21 0.62431226 -0.8 -1.67 -2 -1.24 -1.45 -1.15 -1.15 -0.85 -1.19 -0.14000039 -0.66 -2.0899957 -2.09 -1.88 -1.35 -1.07 -1.07 -1.4236778 -1.08 -1.08 -0.28999999 -0.02 -0.02 -0.97 -0.97 -0.62999592 -0.6299249 -0.78929031 0.22 0.22 -0.44 -0.44 -0.45714241 -0.37 -0.37 -0.32000173 0.73999852 0.74 0.74 0.73998931 0.0499971 0.05 0.05 0.05 0.049999713 -0.43 -0.20004558 -0.2 -0.2 -0.2 
0.02 0.23 0.18 -1.66 -2.1099742 -2.01 -1.93 -1.35 -2.42 -2.2 -2.2 -1.63 -0.14 -0.14 -2.0766212 -2.3267968 -2.35 -1.39 -0.7800003 -1.07 -0.7961309 -0.78 -1.37 0.18999999 0.18999639 -0.09 -0.3 -0.30000024 -0.56024529 -0.56 -0.79 -1.0282687 -0.7 -0.44 -0.46738035 -0.53 -0.53 -0.32 -0.32 0.74 0.74 0.73999999 -0.46773279 -0.46999997 0.05 0.05 0.05 -0.42998173 -0.43 -0.43 -0.2 -0.2 -0.2 
-0.11135996 0.23 0.43 0.14 -0.84 -1.8 -2.29 -2.22 -2.37 -1.5406649 -1.45 -1.42 -1.42 -1.39 -1.3899995 -1.9311706 -1.93 -1.93 -1.2968826 -1.15 -0.97 -0.97 -1.12 -1.2714791 -0.061783393 -0.09 0.09 -0.3 -0.6976756 -0.7 -1.12 -1.13 -1.3314592 -1.96 -1.4 -1.95 -0.87 -0.63 -0.51005541 0.73723246 0.12 -0.27 -0.46994139 -0.47 -0.46707316 0.05 -0.059999994 -0.43 -0.43 -0.43 -0.42999999 0.026603539 0.97 
-2.02 -2.02 1.02 -0.09 -1.27 -1.28 -1.45 -2.07 -2.05 -1.3300222 -1.59 -0.45 -1.39 -1.39 -1.34 -1.3480921 -1.93 -1.9298657 -1.29 -1.15 -1.15 -1.12681 -1.12 -0.88000454 -0.88 -0.88 0.09 0.09 0.09 -0.7 -0.7 -1.1307586 -1.53 -1.96 -2.03 -1.95 -0.87 -0.77 -0.51 -0.086968975 -0.26999998 -0.2112257 -0.11 -0.47 -0.47 -0.06 -0.06 -0.06 -0.43 -0.43 1.62 1.62 1.6199998 
-2.02 -2.02 0.15 -0.77 -0.65 -0.68 -1.11 -1.1505816 -2.1 -1.49 -2 -1.34 -0.45118624 -1.34 -1.34 -1.3400519 -1.79 -1.7637577 -1.29 -1.49 -1.49 -1.87 -1.87 -0.88 -0.88 -0.88 0.09 0.09 0.09 -2.85 -2.85 -2.8499978 -1.35 -1.35 -2.12 -2.26 -1.3 -1.4900092 -0.29 -0.08 -0.08 -0.35999918 -0.11 -0.47 0.22000026 0.74 0.57724367 0.58 0.8 0.8 1.62 1.62 1.62 
-2.02 -1.0831633 -0.24259681 -0.86998921 0.55 -1.2 -1.11 -1.15 -2.0999921 -1.4967581 -1.3400002 -1.34 -1.74 -1.34 -1.34 -1.79 -1.79 -1.7899715 -1.29 -1.49 -1.5646243 -1.87 -1.87 -0.88003978 -0.88 -1.064083 -1.44 -1.44 -1.4399998 -2.85 -2.85 -2.1 -2.1 -1.3500021 -2.12 -1.6000001 -1.5036496 -1.49 -1.49 -0.080000009 -0.36 -0.36 -0.35999577 0.22 0.22 0.74 0.58 0.58 0.8 0.8 1.62 1.62 1.62 
-3.72 -2.0006635 -2.1699468 -2.1605562 0.549991 -1.1999587 -1.11 -1.1495076 -2.0345353 -2.0840713 -1.74 -1.74 -1.74 -1.74 -1.3400567 -1.79 -1.79 -1.7835442 -1.29 -1.4900855 -1.79 -1.79 -1.79 -1.79 -0.89586457 -1.44 -1.44 -1.44 -1.44 -1.4409663 -2.1 -2.1 -2.1 -2.1 -1.6 -1.6 -1.6 -1.4965638 -1.4826397 -0.51 -0.51 -0.36000807 0.89997672 0.2200655 0.22 0.74 0.58 0.58 0.8 0.8 1.6170251 1.62 0.46053897 
-3.72 -2.17 -2.17 -2.17 -2.17 -2.1699996 -1.1102302 -1.1290498 -1.8598814 -1.7403724 -1.74 -1.74 -1.74 -1.74 -1.7399999 -1.79 -1.7899999 -1.7557034 -1.2900086 -1.79 -1.79 -1.79 -1.79 -1.79 -1.7921604 -1.7882442 -1.9599999 -1.96 -1.96 -1.96 -2.1 -2.1 -2.0999998 -1.95 -1.95 -1.6 -1.0458507 -1.03 -0.5100003 -0.51 -0.51 -0.51 0.9 0.9 0.9 0.89888655 1.1463246 1.15 1.15 1.15 1.15 0.62000021 0.62 
-2.5 -2.17 -2.17 -2.17 -2.17 -2.17 -2.1699999 -1.3643769 -1.6606628 -1.66 -1.66 -1.66 -1.66 -1.66 -1.66 -0.89581918 -1.7755143 -1.7215331 -1.7899373 -1.79 -1.79 -1.79 -1.79 -1.7899992 -1.89 -1.89 -1.8900001 -1.96 -1.96 -1.9593192 -1.62 -1.62 -1.95 -1.95 -1.95 -1.1773739 -1.03 -1.03 -1.03 -0.51 -0.51 -0.51 0.9 0.9 0.9 0.9 1.15 1.15 1.15 1.15 1.15 0.62 0.62 
-2.5 -2.3771447 -2.17 -2.17 -2.17 -2.17 -1.9700393 -1.97 -1.97 -1.66 -1.66 -1.66 -1.66 -1.66 -1.4879265 -0.88 -0.88 -0.88 -1.1021006 -1.1000007 -1.1 -1.1 -1.1 -1.1 -1.89 -1.89 -1.89 -1.89 -1.96 -1.62 -1.62 -1.62 -1.95 -1.95 -1.95 -0.74 -1.029616 -1.03 -1.03 -0.50978154 -0.073210771 0.94563638 0.9 0.9 0.92990742 0.93 0.93 1.1496378 0.9307688 0.93000002 0.93000004 0.56000917 0.61999988 
-2.5 -2.1204743 -2.1396372 -2.17 -2.17 -1.9701182 -1.97 -1.97 -1.97 -1.9677661 -1.66 -1.66 -1.66 -1.6599999 -0.88 -0.88 -0.88 -0.88 -1.0998035 -1.1 -1.1 -1.1 -1.1 -1.1 -1.89 -1.89 -1.89 -1.89 -1.8890179 -1.62 -1.62 -1.62 -1.28 -1.9498607 -0.74 -0.74 -0.74 -0.72990842 0.82463015 0.95 0.95 0.95 0.44 0.44 0.93 0.93 0.93 0.93 0.93 0.93 0.93 0.56 0.56 
-2.1102128 -2.11 -2.11 -2.11 -1.49 -1.9699876 -1.97 -1.97 -1.97 -1.97 -1.6425872 -1.659997 -1.66 -0.88 -0.88 -0.88 -0.88 -0.88 -0.84926919 -1.1 -1.1 -1.1 -1.1 -1.1 -1.5106165 -1.5700017 -1.57 -1.57 -1.57 -1.62 -1.28 -1.28 -1.28 -1.28 -0.74 -0.73997577 0.18 0.18 0.9403854 0.95 0.95 0.95 0.44 0.44 0.85413113 0.93 0.93 0.93 0.93 0.93 0.92603264 0.56 0.56 
-2.11 -2.11 -2.11 -1.8180328 -1.49 -1.49 -1.97 -1.97 -1.97 -1.97 -1.43 -1.43 -1.43 -0.88 -0.88 -0.88 -0.88 -0.87986614 -0.12 -0.12 -1.0999996 -1.1 -1.1046257 -1.29 -1.2925207 -1.57 -1.57 -1.57 -1.57 -1.2800295 -1.28 -1.28 -1.28 -1.28 0.17999677 0.18 0.18 0.18 0.18271737 0.95 0.95 0.95 0.44 0.44 0.44 0.93 0.93 0.92999997 0.93 0.92999999 0.56 0.56 0.56 
-2.11 -2.11 -2.11 -1.49 -1.49 -1.49 -1.4900007 -1.97 -1.97 -1.4305574 -1.43 -1.43 -1.43 -1.4296573 -0.22436785 -0.07 -0.07 -0.07 -0.12 -0.12 -0.12 -1.29 -1.29 -1.29 -1.2895154 -0.51570614 -1.57 -1.57 -1.57 -0.6603968 -0.51007573 -0.51 -0.51 -0.51 0.24552789 0.33999964 0.34 0.34 0.34 0.090117673 0.09 0.09 0.44 0.44 -0.74999503 -0.75000023 -1.39 -1.39 -1.04 -1.04 -1.04 0.56 -1.0785336 
-2.1099988 -2.11 -2.11 -1.49 -1.49 -1.49 -1.49 -0.83000033 -1.9654418 -1.4306257 -1.43 -1.43 -1.43 -1.4273313 -0.07 -0.07 -0.07 -0.070000014 -0.12 -0.12 -0.12 -1.29 -1.29 -1.29 0.44 0.44 -0.089999992 -0.09 -0.09 -0.092291232 -0.51 -0.51 -0.51 -0.51 -0.085233386 0.34 0.34 0.34 0.34 0.09 0.09 0.09 0.063570386 -0.75 -0.75 -0.75 -1.39 -1.39 -1.04 -1.04 -1.04 -1.08 -1.08 
-1.73 -1.8902436 -1.4 -1.4000261 -1.49 -0.83381874 -0.83 -0.83 -1.0231207 -2.12 -2.12 -2.12 -2.12 0.57991211 0.58 -0.069999501 -0.07 -0.071317426 -0.12 -0.12 -0.12 0.1 0.1 0.1 0.44 0.44 -0.09 -0.09 -0.09 -0.089999811 0.16999568 0.16999809 -0.49290922 -0.50927099 0.26911356 0.27 0.27 0.27 0.27 0.09 0.09 0.09 -0.70374704 -0.75 -0.75 -0.75000007 -1.39 -1.39 -1.3899874 -1.04 -1.0400264 -1.63 -1.08 
-1.4400551 -1.44 -1.4 -1.4 -1.4 -0.83 -0.83 -0.83 -1.36 -1.36 -2.12 -2.12 -2.12 0.58 0.58 0.58 0.58 0.57991984 -0.12 -0.12 -0.11999999 0.1 0.1 0.1 0.44 0.44 -0.09 -0.09 -0.09 0.16706848 0.17 0.17 0.17 0.17 0.26995066 0.27 0.27 0.27 0.27 -0.009999974 -0.01 -0.01 -0.01 -0.75000307 -1.15 -1.15 -1.15 -1.5 -1.5 -1.5 -1.63 -1.63 -1.63 
-1.44 -1.44 -1.4 -1.4 -1.4 -0.83299602 -0.83 -1.36 -1.36 -1.36 -2.1199064 -2.12 -1.2456765 0.57999963 0.58 0.58 0.58 -0.3 -0.3 -0.3 0.68999999 0.68999956 0.10000287 0.1 0.10053418 0.84 0.84 0.83999778 -0.089849706 0.59991431 0.59999771 0.59992493 0.17073491 0.17037109 0.25247199 0.27000028 0.27244639 1 1 -0.01 -0.01 -0.01 -0.01 -1.15 -1.15 -1.15 -1.15 -1.5 -1.5 -1.5 -1.63 -1.63 -1.63 
-1.44 -1.44 -1.4 -1.4 -1.4 -1.4 -1.0283635 -1.36 -1.36 -1.36 -1.3598288 -1.05 -1.05 -1.05 0.57039403 0.58 -0.2941359 -0.3 -0.3 -0.3 0.69 0.69 0.69 0.69 0.84 0.84 0.84 0.84 0.84 0.6 0.6 0.6 0.6 0.60000204 1.57 1 1 1 1 0.99999535 -0.31 -0.31 -0.31 -0.58334781 -1.15 -1.15 -1.15 -1.5 -1.4999992 -0.64 -0.64 -0.46028463 -0.46 
-1.44 -1.44 -1.4144372 -1.4 -1.4 -1.4 -1.0206033 -1.3589285 -1.36 -1.36 -1.05 -1.05 -1.05 -1.05 -1.05 -0.91628258 -0.3 -0.3 -0.3 -0.3 0.68999234 0.69 0.69 0.69 0.84 0.84 0.84 0.84 0.84 0.88080344 0.6 0.6 0.6 1.57 1.57 1.5695574 1 1 1.4220839 1.7499999 -0.31 -0.31 -0.31 -0.57731892 -1.15 -1.15 -1.15 0.06 -0.63127807 -0.64 -0.64 -0.46 -0.46 
-0.52 -0.52 -0.52 -1.1793598 -1.3983558 -1.02 -1.02 -1.02 -1.02 -0.95 -0.95 -1.05 -1.05 -1.05 -1.05 -1.0499524 -0.3 -0.3 -0.3 -0.3 0.25799611 0.69 0.69 0.70596396 1.2795167 0.84 0.84 0.84 0.98 0.98 0.98 0.9799984 1.57 1.57 1.57 1.57 1.75 1.75 1.75 1.75 0.17 0.17 0.17 -0.42998794 -0.43 -0.43 -0.43000023 0.06 0.06 -0.63914709 -0.64 -0.45999304 -0.46 
-0.52 -0.52 -0.52 -0.51998654 -0.27 -0.37906232 -1.02 -1.02 -1.02 -0.95 -0.95 -0.95 0.24999994 0.25 0.25 0.24999995 -0.30148378 -0.3 -0.3 -0.3 -0.28495478 1.2999983 1.3 1.3 1.3 1.3 1.75 1.75 0.98 0.98 0.98 0.98 1.5700002 1.57 1.57 1.5700212 1.75 1.75 1.75 1.7478505 0.17 0.17 0.17 -0.42997218 -0.43 -0.43 -0.43 0.06 0.06 0.060000115 0.92 0.92 0.18 
-0.52 -0.52 -0.52 -0.27000058 -0.27 -0.27 -1.0199997 -1.02 -1.02 -0.95 -0.95 -0.95 0.25 0.25 0.25 0.14642301 -1.11 -1.11 -1.1099979 -0.30457508 1.3 1.3 1.3 1.3 1.3 1.3003386 1.75 1.75 1.75 0.98 0.98 0.98005149 1.83 1.83 1.83 0.97 0.97 1.26 1.26 1.26 0.43 0.17008155 0.17000127 0.34 0.34 0.31081788 -0.42999714 0.060000001 0.060000001 0.92 0.92 0.92 0.18 
-0.52 -0.52 -0.52 -0.27 -0.27 -0.27 -0.27 -1.02 -1.02 -0.95 -0.95 0.20201731 0.25 0.25 0.25 -1.11 -1.11 -1.11 -1.11 -1.11 1.3 1.3 1.3 1.3 1.3 1.7499985 1.75 1.75 1.75 1.06 1.06 1.06 1.83 1.83 1.83 0.97 0.97 1.26 1.26 0.43 0.43 0.43 0.34 0.34 0.34 0.34 0.39914608 1.06 1.06 1.06 0.91999999 0.65 0.65 
-0.52 -0.52 -0.51965186 -0.27 -0.27 -0.27 -0.27 -0.70792541 -0.73 -0.73037771 -0.94999998 0.24994639 0.25 0.25 0.2499953 -1.11 -1.11 -1.11 -1.11 -1.11 -0.39757051 1.3 1.3 1.3 1.2997425 1.7499044 1.75 1.75 1.75 1.06 1.06 1.06 1.0601098 1.83 0.97 0.97 0.97 0.97001181 1.2599434 0.43 0.43 0.43 0.34000546 0.34 0.34 0.34 1.0600021 1.06 1.06 1.06 0.65 0.65 0.65 
-0.37 -0.37000026 -0.27013501 -0.27 -0.27 -0.27 -0.72990212 -0.73 -0.73 -0.73 -0.39000001 -0.39 -0.39 -0.39 -1.1066768 -1.11 -1.11 -1.11 -1.11 -0.47000038 -0.47 -0.47 0.050000208 0.05 0.05 0.05 0.19673187 1.75 0.89003522 0.89 0.89 0.89 0.89 0.8 0.8 0.8 0.8 0.8 0.87 0.87 0.87 0.87 0.87 1.278583 1.28 1.28 1.28 1.06 1.06 1.06 0.65006459 0.65 0.65 
-0.37 -0.37 -0.36531138 0.18999908 0.1899999 0.18910284 -0.73 -0.73 -0.73 -0.73 -0.39 -0.39 -0.39 -0.39 -0.39 -1.11 -1.11 -1.11 -0.47000016 -0.47 -0.47 -0.47 0.049999998 0.05 0.05 0.05 0.05 0.050360548 0.88984554 0.89 0.89 0.89 0.88993795 0.65827459 0.79985325 0.8 0.8 0.8 0.87 0.87 0.87 0.87 0.87 1.28 1.28 1.28 1.28 1.1771237 1.06 0.72379336 0.72 0.52 0.52 
-0.37 -0.37 0.18992907 0.19 0.19 0.19 -0.043676119 -0.73 -0.73 -0.73 -0.39 -0.39 -0.39 -0.39 -0.39 -1.109449 -1.11 -0.47018764 -0.47 -0.47 -0.47 -0.47 -0.14263737 0.05 0.05 0.05 0.05 0.050311567 0.49 0.49 0.49 0.49 0.49 0.55 0.55 0.55 0.55 0.55 0.7 0.7 0.7 0.7 0.7 1.2792675 1.2799998 1.28 1.2799491 1.2738005 0.72 0.72 0.72 0.52000112 0.52 
-0.36999996 -0.35038992 0.18999992 0.19 0.19 0.19 0.19 -0.72960827 -0.73 -0.73 -0.39 -0.39 -0.39 -0.39 -0.71267025 -0.72 -0.72 -0.47000643 -0.47 -0.47 -0.47 -0.47 -0.46999999 0.05 0.05 0.05 0.05 0.35000012 0.35000006 0.3797954 0.49 0.49 0.49 0.55 0.55 0.55 0.55 0.54988486 0.7 0.7 0.7 0.7 0.69998774 0.98 0.98 0.98 0.98 0.97997903 0.72 0.72 0.72 0.71999993 0.59882181 
-0.35 -0.35 -0.22353953 0.19 0.19 0.19 0.19 0.19 -0.72960697 -0.42 -0.42 -0.42 -0.4199288 -0.71999952 -0.72 -0.72 -0.72 -0.72 -0.47000144 -0.4823087 -0.59 -0.59 -0.59 -0.42817031 0.031591634 -0.066908044 -0.14971961 0.35 0.35 0.35 0.35 0.35 0.3524811 0.37719416 0.38 0.38 0.38 0.38 0.66994332 0.54000029 0.54 0.54 0.54 0.96000006 0.97999999 0.98 0.98 0.82 0.7200016 0.72 0.72 0.6 0.6 
-0.35 -0.35 -0.17 -0.17 -0.17 0.18988008 0.19 0.19 -0.42 -0.42 -0.42 -0.42 -0.42 -0.71999999 -0.72 -0.72 -0.72 -0.72 -0.59 -0.59 -0.59 -0.59 -0.59 -0.18000002 -0.18 -0.18 -0.18 0.35 0.35 0.35 0.35 0.35 0.13 0.13 0.38 0.38 0.38 0.34000681 0.34 0.54 0.54 0.54 0.54000001 0.96 0.96 0.96 0.82 0.82 0.82 0.68 0.68 0.6 0.6 
-0.35 -0.35 -0.17 -0.17 -0.17 -0.17 -0.17000181 -0.5 -0.42007532 -0.42 -0.42 -0.42 -0.42 -0.71625777 -0.72 -0.72 -0.72 -0.72 -0.59 -0.59 -0.59 -0.59 -0.59 -0.18 -0.18 -0.18 -0.18 -0.17999785 0.35 0.35 0.35 0.13001153 0.13 0.13 0.13 0.38 0.34 0.34 0.34 0.34526237 0.56529025 0.57 0.57 0.96 0.96 0.96 0.82 0.82 0.82 0.68 0.68 0.68 0.96228654 
-1 -0.9999949 -0.17 -0.17 -0.17 -0.17 -0.5 -0.5 -0.5 -0.42 -0.42 -0.42 -0.42 -0.42009326 -0.72 -0.72 -0.72 -0.72 -0.59000218 -0.59 -0.59 -0.59 -0.25222284 -0.18 -0.18 -0.18 -0.18 -0.07000009 -0.07 -0.069999995 0.34548405 0.13 0.13 0.13 0.12999973 -0.15 0.34 0.34 0.34 0.34 0.57 0.57 0.57 0.48 0.48 0.48 0.010078883 0.82 0.82 0.68 0.68 0.68 0.99999897 
-1 -1 -0.17 -0.17 -0.17 -0.5 -0.5 -0.5 -0.5 -0.42877383 -0.42 -0.42 -0.42 -0.42000133 -0.64000921 -0.64 -0.64 -0.64 -0.41640368 -0.31 -0.31 -0.31 -0.31 -0.18 -0.18 -0.18 -0.17999274 -0.07 -0.07 -0.07 -0.07 0.13001031 -0.0274919 -0.15 -0.15 -0.15 0.34037166 0.43999792 0.44 0.44 0.56987467 0.41 0.41 0.48 0.48 0.47999801 0.01 0.01 0.75 0.75 0.75 0.58 0.63 
-1 -1 -1.33 -1.33 -1.33 -0.5 -0.5 -0.5 -0.5 -0.57 -0.57 -0.57 -0.57 -0.57493306 -0.64 -0.64 -0.64 -0.64 -0.42 -0.31 -0.31 -0.31 -0.31 0.32 0.3199998 -0.17999926 -0.07 -0.07 -0.07 -0.07 0.10719633 0.28 -0.098835897 -0.15 -0.15 -0.15 0.44 0.44 0.44 0.44 0.41 0.41 0.41 0.29003784 0.29 0.01125858 0.01 0.01 0.74999752 0.75 0.58 0.58 0.63 
-1 -1.33 -1.33 -1.33 -1.33 -1.33 -0.50442485 -1.07 -1.07 -0.57 -0.57 -0.57 -0.57 -0.57001658 -0.64 -0.64 -0.64 -0.6300597 -0.42 -0.42 -0.31 -0.31 0.32 0.32 0.32 0.32 -0.07 -0.07 -0.07 -0.07 0.28 0.28 0.28 -0.14956488 -0.15 -0.15 0.44 0.44 0.44 0.44 0.41 0.41 0.41 0.29 0.29 0.29000793 0.43 0.43 0.28 0.28 0.58 0.58 0.63 
-1.3269009 -1.33 -1.33 -1.33 -1.33 -1.33 -1.07 -1.07 -1.07 -0.8023791 -0.57 -0.57 -0.57 -0.57000109 -0.64 -0.64 -0.64 -0.42 -0.42 -0.42 -0.3100055 -0.30999615 0.32 0.32 0.32 0.32 -0.069972278 -0.07 -0.07 0.27991951 0.28 0.28 0.28 0.28 -0.14847336 0.19 0.19 0.19432668 0.44 0.44 0.41000003 0.41 0.29348902 0.29 0.29 0.42999995 0.43 0.43 0.28 0.28 0.2 0.2 0.39 
-1.33 -1.33 -1.33 -1.33 -1.33 -1.33 -1.07 -1.07 -1.07 -1.07 -0.60999885 -0.61 -0.61 -0.61 -0.63999893 -0.40282634 -0.27 -0.27 -0.41972348 -0.42 -0.41999998 0.31999909 0.32 0.32 0.32 0.32 0.31971645 -0.07 -0.069988038 0.28 0.28 0.28 0.28 0.28 0.19 0.19 0.19 0.19 0.19 0.19000102 0.24 0.24 0.24000006 0.43 0.43 0.43 0.14 0.14 0.05 0.05 0.2 0.20000041 0.39 
-1.33 -1.33 -1.33 -1.33 -1.33 -1.33 -1.07 -1.07 -1.07 -0.61 -0.61 -0.61 -0.61 -0.61 -0.52037682 -0.27 -0.27 -0.27 -0.27 -0.27 -0.27716201 0.31999999 0.32 0.32 0.32 0.29676325 -0.41884043 -0.11765559 0.27827398 0.28 0.28 0.28 0.28 0.2799998 0.19 0.19 0.19 0.19 0.19 0.21325988 0.24 0.24 0.24 0.43 0.43 0.43 0.14 0.14 0.05 0.05 1.18 0.43357964 0.39 
-1.33 -1.33 -1.33 -1.33 -1.33 -1.3299999 -1.0700001 -1.07 -1.0509074 -0.61 -0.61 -0.61 -0.61 -0.61 -0.59369151 -0.27 -0.27 -0.27 -0.27 -0.27 -0.27 -0.3063944 -0.41999896 -0.42 -0.42 -0.42 -0.42 -0.42 -0.37987033 -0.37999219 -0.37999999 -0.38 -0.38 -0.37999959 0.19 0.19 0.19 0.19 0.19 0.23999999 0.24 0.24 0.24 0.24000008 0.43036874 0.66 0.14000005 1.0637381 0.050902489 1.18 1.18 1.1829101 1.32 
-1.33 -1.33 -1.33 -1.33 -1.33 -1.3299834 -1.070014 -1.0699722 -0.61000058 -0.61 -0.61 -0.61 -0.61 -0.61 -0.60353052 -0.27 -0.27 -0.27 -0.27 -0.27 -0.27 -0.42 -0.42 -0.42 -0.42 -0.42 -0.42 -0.42 -0.38001104 -0.38 -0.38 -0.38 -0.38 -0.38 -0.22382006 0.19 0.19 0.19 0.19 0.24 0.24 0.24 0.24 0.24010759 0.66 0.66 0.66263236 1.08 1.08 1.18 1.18 1.32 1.32 
-1.33 -1.33 -1.33 -1.33 -1.33 -1.3296533 -1.0702957 -0.66190799 -0.61 -0.61 -0.61 -0.61 -0.61 -0.61 -0.60404772 -0.27 -0.27 -0.27 -0.27 -0.27 -0.29135727 -0.42 -0.42 -0.42 -0.42 -0.42 -0.42 -0.42 -0.38000016 -0.38 -0.38 -0.38 -0.38 -0.38 -0.38 -0.026571029 -0.36319592 -0.54726516 -0.57526846 0.21171739 0.23999999 0.24 0.24 0.65996646 0.66 0.65874647 0.45000301 1.08 1.08 1.7898844 1.79 1.79 1.3200002 
-1.33 -1.33 -1.33 -1.33 -1.3299997 -1.3278315 -1.0320513 -0.61012649 -0.61 -0.61 -0.61 -0.61 -0.61 -0.61 -0.60206048 -0.27 -0.27 -0.27 -0.27 -0.27 -0.41999935 -0.42 -0.42 -0.42 -0.42 -0.42 -0.42 -0.42 -0.38000001 -0.38 -0.38 -0.38 -0.38 -0.38 -0.38000004 -0.59 -0.59 -0.59 -0.59 -0.2 -0.2 -0.2 -0.2 0.45000061 0.45 0.45 0.45 0.45000901 1.26 1.26 1.79 1.79 1.9348376 
-1.33 -1.33 -1.33 -1.33 -1.3299927 -1.3227325 -0.64200544 -0.61000601 -0.61 -0.61 -0.61 -0.61 -0.61 -0.61 -0.5984583 -0.27000014 -0.27 -0.27 -0.27 -0.27090278 -0.42 -0.42 -0.42 -0.42 -0.42 -0.42 -0.42 -0.42 -0.38000001 -0.38 -0.38 -0.38 -0.38 -0.38 -0.58999981 -0.59 -0.59 -0.59 -0.59 -0.2 -0.2 -0.2 -0.2 -0.024567795 0.45 0.45 0.45 1.2599909 1.26 1.26 2 2 2 
-1.33 -1.33 -1.33 -1.3299994 -1.3299277 -1.2819843 -0.61176445 -0.61000151 -0.61 -0.61 -0.61 -0.61 -0.61 -0.60999998 -0.59357874 -0.270008 -0.27 -0.27 -0.27000017 -0.41696076 -0.42 -0.42 -0.42 -0.42 -0.42 -0.42 -0.42 -0.42 -0.38000004 -0.38 -0.38 -0.38 -0.38 -0.85582703 -0.59000013 -0.59 -0.59 -0.59 -0.59 -0.2 -0.2 -0.2 -0.2 -0.2 0.45 0.45 0.45 1.26 1.26 1.26 2 2 2 
-1.33 -1.33 -1.3299998 -1.3299929 -1.3294481 -0.93166786 -0.61031497 -0.61000092 -0.61 -0.61 -0.61 -0.61 -0.61 -0.60999936 -0.58777734 -0.27012417 -0.27000001 -0.27000001 -0.27077662 -0.41998725 -0.42 -0.42 -0.42 -0.42 -0.42 -0.42 -0.42 -0.41999998 -0.38000025 -0.38 -0.38000046 -0.97285708 -1.03 -1.03 -1.03 -0.59 -0.59 -0.59 -0.59 -0.2 -0.2 -0.2 -0.2 -0.2 0.44998848 0.45 0.4500004 1.2599999 1.26 1.2600004 2 2 2 
