interpolatedSpi/04-04|21_3.tif
NCOLS 53
NROWS 52
XLLCORNER -116.03883
YLLCORNER 28.596182
DX 0.49850594
DY 0.49788537
NODATA_VALUE -9999
-1.44 -1.44 -0.87275213 -1.73 -1.76 -1.77 -1.84 -1.61 -2.0093263 -2.59 -2.67 -2.71 -3.4099053 -2.26 -1.93 -1.93 -1.93 -1.72 -1.12 -1.12 -1.12 -1.1200033 -1.46 -0.62 -0.62 -0.62 -1.0400117 -1.04 -1.04 -1.18 -1.18 -1.18 -1.18 -1.6199999 -1.62 -1.62 -1.62 -1.62 -1.62 -1.6199999 0.24985991 0.26975534 -0.69 -0.69 -0.69 -0.69 -0.68866066 0.13 0.13 0.13 1.4999972 1.5 1.5 
-1.4400502 -2.57 -1.4899997 -1.6760445 -1.829989 -1.91 -1.4 -2.3998086 -2.25 -2.75 -2.75 -3.41 -3.41 -2.4294331 -2.2599991 -1.93 -1.72 -1.72 -1.1207823 -1.12 -1.12 -1.12 -0.6689525 -0.62 -0.62 -0.62 -1.17 -1.17 -1.18 -1.18 -1.18 -1.18 -1.18 -1.6199999 -1.62 -1.62 -1.62 -1.62 -1.6199999 -1.3367272 0.059928702 -0.59899355 -0.69 -0.69 -0.69 -0.69 -0.69 0.13 0.13 0.13 0.24360171 1.5 1.5 
-1.4799918 -1.48 -1.26 -0.71 -1.76 -2.09 -1.67 -2.9 -2.67 -2.86 -2.58 -3.45 -2.17 -3 -2.43 -2.91 -1.72 -1.72 -1.72 -1.97975 -1.98 -1.98 -1.55 -0.62 -0.62 -0.62 -1.17 -1.17 -1.17 -1.18 -1.18 -1.18 -1.194442 -1.6162872 -1.6043628 0.044605369 0.06 0.06 0.06 0.06 0.06 0.059040939 -0.69 -0.69 -0.69 -0.69 -0.69 0.13 0.13 0.13 0.13 1.5 1.5 
-0.43 -1.48 -1.510121 -0.76 -1.8 -1.82 -1.89 -2.2 -2.92 -2.5207109 -2.63 -3.73 -3.3 -3 -2.58 -2.91 -2.7016067 -2.6993134 -2.9 -1.98 -1.98 -2.85 -1.55 -1.55 -0.62 -0.62000275 -1.17 -1.17 -1.17 -1.38 -1.2867248 -1.21 -1.21 -1.209999 0.06 0.06 0.06 0.06 0.06 0.06 0.06 0.059999972 -0.69 -0.69 -0.69 -0.69 -0.69 0.12998966 0.13 0.13 0.13 1.4999432 1.5 
-0.43 -0.43000198 -1.51 -2.1557451 -1.8 -1.7 -1.9499895 -1.72 -1.44 -2.8799994 -2.9926452 -3.059682 -0.84 -2.58 -2.58 -2.797503 -2.7 -2.7 -2.9 -2.9 -1.9800017 -2.85 -2.32 -1.48 -0.29 -0.2900353 -1.17 -1.17 -1.38 -1.38 -1.21 -1.21 -1.21 -1.0289699 0.059999999 0.06 0.06 0.06 0.06 0.06 0.06 0.060030889 -0.68999998 -0.69 -0.69 -0.69 -0.69 -0.68270098 0.13 0.12998341 -0.24 -0.24 -0.24 
-1.43 -1.25 -1.32 -1.62 -1.84 -1.92 -2.38 -2.2955011 -1.72 -1.12 -1.04 -0.05 -0.050000521 -1.28 -1.28 -2.0501956 -2.05 -1.73 -1.73 -2.8999989 -2.21 -2.21 -1.48 -0.29 -0.29 -0.44 -1.38 -1.38 -0.70006195 -1.38 -1.21 -1.21 -0.25 -0.25007523 -0.96994834 -0.63 -0.63 -0.15346725 0.06 0.06 0.37960089 0.38 0.37999852 -0.69982347 -0.69999889 -0.7 -0.7 -0.7 -0.82658549 -0.24 -0.24 -0.24 -0.24 
0.29999182 -0.21 0.49519315 -0.38 -0.67 -1.83 -0.94999999 -1.31 -1.34 -1.34 -1.04 -1.27 -0.40000029 -1.28 -2.8599953 -2.86 -2.05 -2.13 -1.64 -1.64 -1.8989652 -1.55 -1.55 -0.65999999 -0.44 -0.44 -1.38 -1.38 -0.70000874 -0.70016094 -1.3484557 -0.25 -0.25 -0.97 -0.97 -0.72803521 -0.63 -0.63 -0.59000139 0.37999865 0.38 0.38 0.37998944 -0.70000184 -0.7 -0.7 -0.7 -0.70000016 -0.96 -0.24014268 -0.24 -0.24 -0.24 
0.3 0.54 0.36 -1.41 -1.9099713 -1.7 -1.5 -1.43 -2.51 -2.2 -2.2 -1.5 -0.4 -0.4 -2.8431221 -3.0239363 -3.04 -1.95 -1.2300004 -1.64 -1.117641 -1.11 -1.87 -0.20000001 -0.20000503 -0.59 -0.62 -0.62000027 -0.84947438 -0.85000001 -1.35 -1.1256323 -0.43 -0.97 -0.99224653 -0.81 -0.81 -0.59 -0.59 0.38 0.38 0.37999999 -1.0263889 -1.03 -0.7 -0.7 -0.7 -0.9599901 -0.96 -0.96 -0.24 -0.24 -0.24 
0.036304409 0.54 0.8 -0.03 -1.28 -1.54 -1.97 -1.64 -2.15 -1.5758449 -1.48 -1.54 -1.54 -1.48 -1.4800011 -2.1026199 -2.1 -2.1 -1.8400909 -1.12 -1.2 -1.2 -1.69 -1.7990649 -0.5506983 -0.59 -0.27 -0.62 -0.94808237 -0.95 -1.32 -1.19 -1.4015309 -1.98 -1.75 -2.25 -1.41 -1.09 -0.66019856 0.37741101 -0.2 -0.64 -1.0299267 -1.03 -1.0281426 -0.7 -0.7 -0.96 -0.96 -0.96 -0.95999999 -0.063199437 0.47 
-2.78 -2.78 0.68 -0.46 -1.25 -1.36 -1.12 -1.41 -1.81 -1.4299728 -1.74 -0.57 -1.48 -1.48 -1.6 -1.6068577 -2.1 -2.099908 -1.65 -1.12 -1.12 -1.1303067 -1.69 -1.2900076 -1.29 -1.29 -0.27 -0.31 -0.31 -0.95 -0.95 -1.1907966 -1.61 -1.98 -1.63 -2.25 -1.41 -1.15 -0.66 -0.62064828 -0.63999998 -0.61795964 -0.58 -1.03 -1.03 -0.7 -0.7 -0.7 -0.96 -0.96 1.18 1.18 1.1799997 
-2.78 -2.78 -0.4 -1.37 -0.92 -0.79 -1.05 -0.97037391 -1.51 -1.22 -1.96 -1.04 -0.57062706 -1.6 -1.6 -1.6000588 -2.11 -2.085857 -1.65 -1.53 -1.53 -1.86 -1.86 -1.29 -1.29 -1.29 -0.31 -0.31 -0.31 -3.03 -3.03 -3.0299977 -1.37 -1.37 -2.33 -2.51 -1.41 -2.0100084 -0.75 -0.62 -0.62 -0.40000059 -0.58 -1.03 -0.28999981 0.16 -0.072713263 -0.070000002 0.22 0.22 1.18 1.18 1.18 
-2.78 -1.7524896 -0.8139336 -0.81000259 0.22 -1.45 -1.05 -0.97 -1.5099955 -1.2232128 -1.0400002 -1.04 -1.09 -1.6 -1.6 -2.11 -2.11 -2.1099738 -1.65 -1.53 -1.5948053 -1.86 -1.86 -1.290023 -1.29 -1.3360207 -1.43 -1.43 -1.4299999 -3.03 -3.03 -2.22 -2.22 -1.3700026 -2.33 -1.8500002 -1.664963 -2.01 -2.01 -0.61999999 -0.4 -0.4 -0.39999923 -0.29 -0.29 0.16 -0.07 -0.07 0.22 0.22 1.18 1.18 1.18 
-2.55 -0.83766267 -0.86001768 -0.85962406 0.21999142 -1.4499606 -1.05 -0.97098477 -1.4727885 -1.5024273 -1.09 -1.09 -1.09 -1.09 -1.5999278 -2.11 -2.11 -2.1040607 -1.65 -1.5301078 -1.9 -1.9 -1.9 -1.9 -1.3004354 -1.43 -1.43 -1.43 -1.43 -1.4312016 -2.22 -2.22 -2.22 -2.22 -1.85 -1.85 -1.85 -2.0034403 -2.0015131 -0.88 -0.88 -0.40002582 0.37997706 -0.28993547 -0.29 0.16 -0.07 -0.07 0.22 0.22 1.1765172 1.18 0.36060634 
-2.55 -0.86 -0.86 -0.86 -0.86 -0.86000024 -1.0510237 -1.0122171 -1.3735116 -1.090445 -1.09 -1.09 -1.09 -1.09 -1.09 -2.11 -2.1099999 -2.0784471 -1.6500072 -1.9 -1.9 -1.9 -1.9 -1.9 -1.9038893 -2.0615272 -2.3999998 -2.4 -2.4 -2.4 -2.22 -2.22 -2.22 -2.25 -2.25 -1.85 -1.3152946 -1.3 -0.88000024 -0.88 -0.88 -0.88 0.38 0.38 0.38 0.378469 0.675168 0.68 0.68 0.68 0.67999999 0.54000013 0.54 
-0.16 -0.86 -0.86 -0.86 -0.86 -0.86 -0.86000001 -1.0002407 -1.0215389 -1.02 -1.02 -1.02 -1.02 -1.02 -1.02 -0.17755572 -2.0790135 -2.0470102 -1.8999687 -1.9 -1.9 -1.9 -1.9 -1.8999991 -2.08 -2.08 -2.0800004 -2.4 -2.4 -2.3990388 -1.92 -1.92 -2.25 -2.25 -2.25 -1.4521796 -1.3 -1.3 -1.3 -0.88 -0.88 -0.88 0.38 0.38 0.38 0.38 0.68 0.68 0.68 0.68 0.68 0.54 0.54 
-0.16 -0.42060205 -0.86 -0.86 -0.86 -0.86 -0.91998822 -0.92 -0.92 -1.02 -1.02 -1.02 -1.02 -1.02 -0.83027798 -0.16 -0.16 -0.16 -1.1423126 -1.1400008 -1.14 -1.14 -1.14 -1.14 -2.08 -2.08 -2.08 -2.08 -2.4 -1.92 -1.92 -1.92 -2.25 -2.25 -2.25 -1.07 -1.2996955 -1.3 -1.3 -0.87977851 -0.43722736 0.59557661 0.38 0.38 0.61925935 0.62 0.62 0.68003252 0.69993011 0.7 0.7 0.54000004 0.54 
-0.16 -0.8703942 -0.87518138 -0.86 -0.86 -0.91996455 -0.92 -0.92 -0.92 -0.92072063 -1.02 -1.02 -1.02 -1.0199999 -0.16 -0.16 -0.16 -0.16 -1.1391246 -1.14 -1.14 -1.14 -1.14 -1.14 -2.08 -2.08 -2.08 -2.08 -2.079418 -1.92 -1.92 -1.92 -1.64 -2.2498652 -1.07 -1.07 -1.07 -1.0600139 0.47969493 0.6 0.6 0.6 0.19 0.19 0.62 0.62 0.62 0.7 0.7 0.7 0.7 0.54 0.54 
-0.88953884 -0.89 -0.89 -0.89 -1.12 -0.92000516 -0.92 -0.92 -0.92 -0.92 -0.9685184 -1.0199911 -1.02 -0.16 -0.16 -0.16 -0.16 -0.16 -0.22167592 -1.14 -1.14 -1.14 -1.14 -1.14 -1.6250459 -1.6900021 -1.69 -1.69 -1.69 -1.92 -1.64 -1.64 -1.64 -1.64 -1.07 -1.069976 -0.16 -0.16 0.59051027 0.6 0.6 0.6 0.19 0.19 0.55342119 0.62 0.62 0.7 0.7 0.7 0.69828438 0.54 0.54 
-0.89 -0.89 -0.89 -0.99831043 -1.12 -1.12 -0.92 -0.92 -0.92 -0.92 -0.34 -0.34 -0.34 -0.16 -0.16 -0.16 -0.16 -0.1598678 0.08 0.08 -1.1399995 -1.14 -1.1434084 -1.28 -1.283691 -1.69 -1.69 -1.69 -1.69 -1.6400051 -1.64 -1.64 -1.64 -1.64 -0.1600032 -0.16 -0.16 -0.16 -0.15730745 0.6 0.6 0.6 0.19 0.19 0.19 0.62 0.62 0.69999997 0.7 0.7 0.54 0.54 0.54 
-0.89 -0.89 -0.89 -1.12 -1.12 -1.12 -1.1199997 -0.92 -0.92 -0.34059873 -0.34 -0.34 -0.34 -0.33988784 0.48753793 0.64 0.64 0.64 0.08 0.08 0.08 -1.28 -1.28 -1.28 -1.2795294 -0.59374419 -1.69 -1.69 -1.69 -0.82780009 -0.64009835 -0.64 -0.64 -0.64 -0.01945425 0.17999923 0.18 0.18 0.18 -0.03991243 -0.04 -0.04 0.19 0.19 -0.89999545 -0.90000016 -1.35 -1.35 -1.01 -1.01 -1.01 0.54 -0.92868564 
-0.88999926 -0.89 -0.89000001 -1.12 -1.12 -1.12 -1.12 -0.82000003 -0.91960016 -0.34033551 -0.34 -0.34 -0.34 -0.33807697 0.64 0.64 0.64 0.63999984 0.08 0.08 0.08 -1.28 -1.28 -1.28 0.4 0.4 0.020000006 0.02 0.02 0.016399493 -0.64 -0.64 -0.64 -0.64 -0.23022515 0.18 0.18 0.18 0.18 -0.04 -0.04 -0.04 -0.06705889 -0.9 -0.9 -0.9 -1.35 -1.35 -1.01 -1.01 -1.01 -0.93 -0.93 
-0.65 -0.7691709 -1.22 -1.219971 -1.12 -0.82173579 -0.82 -0.82 -0.72526156 -0.71 -0.71 -0.71 -0.71 0.78995117 0.79 0.64000012 0.64 0.62524482 0.08 0.08 0.08 0.11 0.11 0.11 0.4 0.4 0.02 0.02 0.02 0.020000138 0.2099946 0.20999761 -0.61863653 -0.63908874 0.099159916 0.1 0.1 0.1 0.1 -0.04 -0.04 -0.04 -0.8526458 -0.9 -0.9 -0.90000004 -1.35 -1.35 -1.3499878 -1.01 -1.0100228 -1.52 -0.93 
-0.6100076 -0.61000011 -1.22 -1.22 -1.22 -0.82 -0.82 -0.82 -0.56 -0.56 -0.71 -0.71 -0.71 0.79 0.79 0.79 0.79 0.78992064 0.08 0.08 0.080000001 0.11 0.11 0.11 0.4 0.4 0.02 0.02 0.02 0.20785774 0.21 0.21 0.21 0.21 0.10005428 0.1 0.1 0.1 0.1 -0.16999997 -0.17 -0.17 -0.17 -0.90000176 -1.13 -1.13 -1.13 -1.48 -1.48 -1.48 -1.52 -1.52 -1.52 
-0.61 -0.61 -1.22 -1.22 -1.22 -0.82210247 -0.82 -0.56 -0.56 -0.56 -0.70998153 -0.71 -0.40766385 0.78999974 0.79 0.79 0.79 -0.069999998 -0.07 -0.07 0.74999999 0.74999952 0.11000312 0.11 0.11053792 0.88 0.88 0.87999795 0.020138982 0.57992626 0.57999803 0.5799354 0.21063237 0.21031931 0.11983483 0.10000029 0.10247991 0.84 0.84 -0.17 -0.17 -0.17 -0.17 -1.13 -1.13 -1.13 -1.13 -1.48 -1.48 -1.48 -1.52 -1.52 -1.52 
-0.61 -0.61 -1.22 -1.22 -1.22 -1.22 -0.72268959 -0.56 -0.56 -0.56 -0.55987848 -0.34 -0.34 -0.34 0.78334065 0.79 -0.064269172 -0.07 -0.07 -0.07 0.75 0.75 0.75 0.75 0.88 0.88 0.88 0.88 0.88 0.58 0.58 0.58 0.58 0.58000196 1.51 0.84 0.84 0.84 0.84 0.8399958 -0.33 -0.33 -0.33 -0.61961795 -1.22 -1.22 -1.22 -1.48 -1.4799993 -0.78 -0.78 -0.65021165 -0.65 
-0.61 -0.61 -0.99983283 -1.22 -1.22 -1.22 -0.69975157 -0.5604412 -0.56 -0.56 -0.34000004 -0.34 -0.34 -0.34 -0.34 -0.24733737 -0.07 -0.07 -0.07 -0.07 0.74999366 0.75 0.75 0.75 0.88 0.88 0.88 0.88 0.88 0.84602431 0.58 0.58 0.58 1.51 1.51 1.5094797 0.84 0.84 1.3183617 1.6899999 -0.33 -0.33 -0.33 -0.61366565 -1.22 -1.22 -1.22 -0.11 -0.77165187 -0.78 -0.78 -0.65 -0.65 
-0.17 -0.17 -0.17 -0.95673614 -1.2188303 -0.7 -0.7 -0.7 -0.7 -0.55 -0.55 -0.34000001 -0.34 -0.34 -0.34 -0.33998288 -0.07 -0.07 -0.07 -0.07 0.3921786 0.75 0.75 0.77172145 1.5488298 0.88 0.88 0.88 0.94 0.94 0.94 0.93999849 1.51 1.51 1.51 1.51 1.69 1.69 1.69 1.69 0.1 0.1 0.1 -0.57998633 -0.58 -0.58 -0.5800002 -0.11 -0.11 -0.77918364 -0.78 -0.64999365 -0.65 
-0.17 -0.17 -0.17 -0.17001346 -0.42 -0.4607166 -0.7 -0.7 -0.7 -0.55 -0.55 -0.55 -0.060000014 -0.06 -0.06 -0.060000022 -0.071465458 -0.07 -0.07 -0.07 -0.057520572 1.5799977 1.58 1.58 1.58 1.58 1.69 1.69 0.94 0.94 0.94 0.94 1.5100002 1.51 1.51 1.5100244 1.69 1.69 1.69 1.6872363 0.1 0.1 0.1 -0.57996847 -0.58 -0.58 -0.58 -0.11 -0.11 -0.1099999 0.61 0.61 0.03 
-0.17 -0.17 -0.17 -0.41999942 -0.42 -0.42 -0.69999989 -0.7 -0.7 -0.55 -0.55 -0.55 -0.06 -0.06 -0.06 -0.12168924 -0.87 -0.87 -0.86999793 -0.074518595 1.58 1.58 1.58 1.58 1.58 1.5800828 1.69 1.69 1.69 0.94 0.94 0.93996138 1.81 1.81 1.81 0.69 0.69 1.06 1.06 1.06 -0.02 0.099962359 0.099999328 0.01 0.01 -0.012360329 -0.57999764 -0.11 -0.11 0.61 0.61 0.61 0.03 
-0.17 -0.17 -0.17 -0.42 -0.42 -0.42 -0.42 -0.7 -0.7 -0.55 -0.55 -0.079592933 -0.06 -0.06 -0.06 -0.87 -0.87 -0.87 -0.87 -0.87 1.58 1.58 1.58 1.58 1.58 1.6899996 1.69 1.69 1.69 0.88 0.88 0.88 1.81 1.81 1.81 0.69 0.69 1.06 1.06 -0.02 -0.02 -0.02 0.01 0.01 0.01 0.01 0.063395767 0.66 0.66 0.66 0.61 0.38 0.38 
-0.17 -0.17 -0.17034814 -0.42 -0.42 -0.42 -0.42 -0.85792541 -0.88 -0.87943343 -0.55 -0.060040203 -0.06 -0.06 -0.060002802 -0.87 -0.87 -0.87 -0.87 -0.87 -0.53952678 1.58 1.58 1.58 1.5796725 1.6899044 1.69 1.69 1.69 0.88 0.88 0.88 0.88013252 1.81 0.69 0.69 0.69 0.69001502 1.0599263 -0.02 -0.02 -0.02 0.0099981788 0.01 0.01 0.01 0.66000224 0.66 0.66 0.66 0.38 0.38 0.38 
-0.85 -0.84999881 -0.4198837 -0.42 -0.42 -0.42 -0.87990212 -0.88 -0.88 -0.88 -0.54000001 -0.54 -0.54 -0.54 -0.86847685 -0.87 -0.87 -0.87 -0.87 -0.63000014 -0.63 -0.63 -0.0099997352 -0.01 -0.01 -0.01 0.13673187 1.69 0.67004178 0.67 0.67 0.67 0.67 0.41 0.41 0.41 0.41 0.41 0.4 0.4 0.4 0.4 0.4 0.88867346 0.89 0.89 0.89 0.66 0.66 0.66 0.38004411 0.38 0.38 
-0.85 -0.85 -0.84665088 -0.44999994 -0.44999999 -0.45041915 -0.88 -0.88 -0.88 -0.88 -0.54 -0.54 -0.54 -0.54 -0.54 -0.87 -0.87 -0.87 -0.63000006 -0.63 -0.63 -0.63 -0.010000002 -0.01 -0.01 -0.01 -0.01 -0.0096396132 0.66982623 0.67 0.67 0.67 0.66993019 0.27961263 0.40986499 0.41 0.41 0.41 0.4 0.4 0.4 0.4 0.4 0.89 0.89 0.89 0.89 0.78244751 0.66 0.44245452 0.44 0.26 0.26 
-0.85 -0.85 -0.45005067 -0.45 -0.45 -0.45 -0.55921819 -0.88 -0.88 -0.88 -0.54 -0.54 -0.54 -0.54 -0.54 -0.8697489 -0.87 -0.63007037 -0.63 -0.63 -0.63 -0.63 -0.23968302 -0.01 -0.01 -0.01 -0.01 -0.0098371608 0.22 0.22 0.22 0.22 0.22 0.18 0.18 0.18 0.18 0.18 0.29 0.29 0.29 0.29 0.29 0.88919425 0.88999983 0.89 0.88994406 0.88320442 0.44 0.44 0.44 0.26000101 0.26 
-0.85000009 -0.8990252 -0.45000006 -0.45 -0.45 -0.45 -0.45 -0.87981691 -0.88 -0.88 -0.54 -0.54 -0.54 -0.54 -0.84311448 -0.85 -0.85 -0.63000566 -0.63 -0.63 -0.63 -0.63 -0.62999996 -0.01 -0.01 -0.01 -0.01 0.080000129 0.080000065 0.1097954 0.22 0.22 0.22 0.18 0.18 0.18 0.18 0.17989841 0.29 0.29 0.29 0.29 0.28998927 0.56 0.56 0.56 0.56 0.55999032 0.44 0.44 0.44 0.43999994 0.34867453 
-0.9 -0.9 -0.80202394 -0.45 -0.45 -0.45 -0.45 -0.45 -0.87981629 -0.73 -0.73 -0.73 -0.72954909 -0.84999955 -0.85 -0.85 -0.85 -0.85 -0.63000024 -0.63205145 -0.65 -0.65 -0.65 -0.48881871 -0.040413822 -0.20315242 -0.3402033 0.08 0.08 0.08 0.08 0.08 0.082247781 0.027867561 0.03 0.03 0.03 0.03 0.26370044 0.15000025 0.15 0.15 0.15 0.55000003 0.56 0.56 0.56 0.43 0.43999984 0.44 0.44 0.35 0.35 
-0.9 -0.9 -0.8 -0.8 -0.8 -0.45011659 -0.45 -0.45 -0.73 -0.73 -0.73 -0.73 -0.73 -0.84999999 -0.85 -0.85 -0.85 -0.85 -0.65 -0.65 -0.65 -0.65 -0.65 -0.39000001 -0.39 -0.39 -0.39 0.079999998 0.08 0.08 0.08 0.08 -0.16 -0.16 0.029999999 0.03 0.03 0.069993188 0.07 0.15 0.15 0.15 0.15 0.55 0.55 0.55 0.43 0.43 0.43 0.39 0.39 0.35 0.35 
-0.9 -0.9 -0.8 -0.8 -0.8 -0.8 -0.80000148 -1.07 -0.73032012 -0.73 -0.73 -0.73 -0.73 -0.84850311 -0.85 -0.85 -0.85 -0.85 -0.65 -0.65 -0.65 -0.65 -0.65 -0.39 -0.39 -0.39 -0.39 -0.38999809 0.08 0.08 0.08 -0.15998742 -0.16 -0.16 -0.16 0.03 0.07 0.07 0.07 0.07210495 0.15 0.15 0.15 0.55 0.55 0.55 0.43 0.43 0.43 0.39 0.39 0.39 0.73945803 
-1.38 -1.3799962 -0.8 -0.8 -0.8 -0.8 -1.07 -1.07 -1.07 -0.73 -0.73 -0.73 -0.73 -0.7300373 -0.85 -0.85 -0.85 -0.85 -0.65000342 -0.65 -0.65 -0.65 -0.43579739 -0.39 -0.39 -0.39 -0.39 -0.31000007 -0.31 -0.31 0.075805284 -0.16 -0.16 -0.16 -0.1600002 -0.37 0.07 0.07 0.07 0.070000001 0.15 0.15 0.15 0.11 0.11 0.11 0.060036033 0.43 0.43 0.39 0.39 0.39 0.77999916 
-1.38 -1.38 -0.8 -0.8 -0.8 -1.07 -1.07 -1.07 -1.07 -0.76727836 -0.73 -0.73 -0.73 -0.73000002 -0.61002762 -0.61 -0.61 -0.61 -0.52461685 -0.37 -0.37 -0.37 -0.37 -0.39 -0.39 -0.39 -0.38999472 -0.31 -0.31 -0.31 -0.31 -0.15999258 -0.27811893 -0.37 -0.37 -0.37 0.070110515 0.099999375 0.1 0.1 0.1500235 0.18 0.18 0.11 0.11 0.10999979 0.06 0.06 0.51 0.51 0.51 0.59 0.48 
-1.38 -1.38 -1.52 -1.52 -1.52 -1.07 -1.07 -1.07 -1.07 -1.02 -1.02 -1.02 -1.02 -0.99110634 -0.61 -0.61 -0.61 -0.61 -0.53 -0.37 -0.37 -0.37 -0.37 0.06 0.059999822 -0.38999934 -0.31 -0.31 -0.31 -0.31 -0.17836844 -0.05 -0.33192439 -0.37 -0.37 -0.37 0.1 0.1 0.1 0.1 0.18 0.18 0.18 0.30995901 0.31 0.061123732 0.06 0.06 0.50999944 0.51 0.59 0.59 0.48 
-1.38 -1.52 -1.52 -1.52 -1.52 -1.52 -1.0745801 -1.66 -1.66 -1.02 -1.02 -1.02 -1.02 -1.0199029 -0.61 -0.61 -0.61 -0.60638535 -0.53 -0.53 -0.37 -0.37 0.06 0.06 0.06 0.06 -0.31 -0.31 -0.31 -0.31 -0.05 -0.05 -0.05 -0.36967619 -0.37 -0.37 0.1 0.1 0.1 0.1 0.18 0.18 0.18 0.31 0.31 0.31001133 0.51 0.51 0.43 0.43 0.59 0.59 0.48 
-1.5186852 -1.52 -1.52 -1.52 -1.52 -1.52 -1.66 -1.66 -1.66 -1.3174453 -1.02 -1.02 -1.02 -1.0200005 -0.61 -0.61 -0.61 -0.53 -0.53 -0.53 -0.37000799 -0.36999737 0.06 0.06 0.06 0.06 -0.3099737 -0.31 -0.31 -0.050059793 -0.05 -0.05 -0.05 -0.05 -0.36889718 -0.14 -0.14 -0.13584638 0.1 0.1 0.17999993 0.18 0.30622022 0.31 0.31 0.50999993 0.51 0.51 0.43 0.43 0.16 0.16 0.07 
-1.52 -1.52 -1.52 -1.52 -1.52 -1.52 -1.66 -1.66 -1.66 -1.66 -1.1499963 -1.15 -1.15 -1.15 -0.61000041 -0.57794951 -0.56 -0.56 -0.5300553 -0.53 -0.52999997 0.059999376 0.06 0.06 0.06 0.06 0.059730989 -0.31 -0.30999111 -0.05 -0.05 -0.05 -0.05 -0.05 -0.14 -0.14 -0.14 -0.14 -0.14 -0.13999893 -0.05 -0.05 -0.049999956 0.08 0.08 0.08 -0.29 -0.29 -0.49 -0.49 0.16 0.1599998 0.07 
-1.52 -1.52 -1.52 -1.52 -1.52 -1.52 -1.66 -1.66 -1.66 -1.15 -1.15 -1.15 -1.15 -1.15 -0.99447741 -0.56 -0.56 -0.56 -0.56 -0.56 -0.5585676 0.059999996 0.06 0.06 0.059999998 0.040845384 -0.54904414 -0.34267779 -0.051282185 -0.05 -0.05 -0.05 -0.05 -0.050000197 -0.14 -0.14 -0.14 -0.14 -0.14 -0.098132209 -0.05 -0.05 -0.05 0.08 0.08 0.08 -0.29 -0.29 -0.49 -0.49 0.85999997 0.11357977 0.07 
-1.52 -1.52 -1.52 -1.52 -1.52 -1.52 -1.66 -1.66 -1.6388322 -1.15 -1.15 -1.15 -1.15 -1.15 -1.1217 -0.56 -0.56 -0.56 -0.56 -0.56 -0.56 -0.45677196 -0.54999915 -0.55 -0.55 -0.55 -0.55 -0.55 -0.50022284 -0.49999467 -0.49999999 -0.5 -0.5 -0.49999974 -0.14 -0.14 -0.14 -0.14 -0.14 -0.050000011 -0.05 -0.05 -0.05 -0.049999942 0.080272548 0.25 -0.28999994 0.94820212 -0.48872074 0.86 0.86 0.87018546 1.35 
-1.52 -1.52 -1.52 -1.52 -1.52 -1.5200089 -1.6599924 -1.6599691 -1.1500006 -1.15 -1.15 -1.15 -1.15 -1.15 -1.1387736 -0.56 -0.56 -0.56 -0.56 -0.56 -0.56 -0.55 -0.55 -0.55 -0.55 -0.55 -0.55 -0.55 -0.5000138 -0.5 -0.5 -0.5 -0.5 -0.5 -0.40136004 -0.14 -0.14 -0.14 -0.14 -0.05 -0.05 -0.05 -0.05 -0.049923148 0.25 0.25 0.25451261 0.97 0.97 0.86 0.86 1.35 1.35 
-1.52 -1.52 -1.52 -1.52 -1.52 -1.5201867 -1.6598195 -1.2075502 -1.15 -1.15 -1.15 -1.15 -1.15 -1.15 -1.139671 -0.56 -0.56 -0.56 -0.56 -0.56 -0.55857618 -0.55 -0.55 -0.55 -0.55 -0.55 -0.55 -0.55 -0.5000002 -0.5 -0.5 -0.5 -0.5 -0.5 -0.5 -0.34545991 -0.66482689 -0.83945669 -0.86602534 -0.082782119 -0.050000011 -0.05 -0.05 0.24997604 0.25 0.24976123 0.21000363 0.97 0.97 1.7398604 1.74 1.74 1.3500002 
-1.52 -1.52 -1.52 -1.52 -1.5200001 -1.5211673 -1.614926 -1.1501402 -1.15 -1.15 -1.15 -1.15 -1.15 -1.15 -1.1362226 -0.56 -0.56 -0.56 -0.56 -0.56 -0.55000004 -0.55 -0.55 -0.55 -0.55 -0.55 -0.55 -0.55 -0.50000001 -0.5 -0.5 -0.5 -0.5 -0.5 -0.50000008 -0.88 -0.88 -0.88 -0.88 -0.56 -0.56 -0.56 -0.56 0.21000012 0.21 0.21 0.21 0.21000992 1.1 1.1 1.74 1.74 1.864019 
-1.52 -1.52 -1.52 -1.52 -1.5200039 -1.5235692 -1.1847469 -1.1500067 -1.15 -1.15 -1.15 -1.15 -1.15 -1.15 -1.1299718 -0.56000024 -0.56 -0.56 -0.56 -0.55993981 -0.55 -0.55 -0.55 -0.55 -0.55 -0.55 -0.55 -0.55 -0.50000001 -0.5 -0.5 -0.5 -0.5 -0.5 -0.87999965 -0.88 -0.88 -0.88 -0.88 -0.56 -0.56 -0.56 -0.56 -0.35218031 0.21 0.21 0.21 1.09999 1.1 1.1 1.92 1.92 1.92 
-1.52 -1.52 -1.52 -1.5200003 -1.5200371 -1.5103237 -1.1518688 -1.1500017 -1.15 -1.15 -1.15 -1.15 -1.15 -1.15 -1.1215043 -0.56001387 -0.56 -0.56 -0.55999999 -0.55020262 -0.55 -0.55 -0.55 -0.55 -0.55 -0.55 -0.55 -0.55 -0.50000005 -0.5 -0.5 -0.5 -0.5 -1.0417109 -0.88000011 -0.88 -0.88 -0.88 -0.88 -0.56 -0.56 -0.56 -0.56 -0.56 0.21 0.21 0.21 1.1 1.1 1.1 1.92 1.92 1.92 
-1.52 -1.52 -1.5200001 -1.5200036 -1.5200908 -1.327561 -1.1503232 -1.150001 -1.15 -1.15 -1.15 -1.15 -1.15 -1.1499989 -1.1114372 -0.56021547 -0.56000001 -0.56 -0.55994823 -0.55000085 -0.55 -0.55 -0.55 -0.55 -0.55 -0.55 -0.55 -0.54999997 -0.50000031 -0.5 -0.50000052 -1.174945 -1.24 -1.24 -1.24 -0.88 -0.88 -0.88 -0.88 -0.56 -0.56 -0.56 -0.56 -0.56 0.20998635 0.21 0.21000044 1.0999999 1.1 1.1000004 1.92 1.92 1.92 
