interpolatedSpi/04-05|23_3.tif
NCOLS 53
NROWS 52
XLLCORNER -116.03883
YLLCORNER 28.596182
DX 0.49850594
DY 0.49788537
NODATA_VALUE -9999
-0.37 -0.37 -1.3589188 -1.765 -1.285 -0.96 -1.375 -0.545 -1.573169 -1.04 -1.25 -1.225 -1.5500181 -1.77 -1.42 -1.42 -1.42 -0.79 -1.11 -1.11 -1.11 -1.109989 0.034999983 -1.63 -1.63 -1.63 -0.81499009 -0.815 -0.815 -1.295 -1.295 -1.295 -1.295 -2.7399997 -2.74 -2.74 -2.74 -2.74 -2.74 -2.7399999 0.11425554 0.1445157 -1.755 -1.755 -1.755 -1.755 -1.75451 -1.455 -1.455 -1.455 -0.74000148 -0.74 -0.74 
-0.3700411 -1.295 -1.5099991 -1.3688628 -1.7299146 -1.23 -1.065 -0.65977991 -0.715 -1.505 -1.4 -1.55 -1.55 -1.1022341 -1.7699888 -1.42 -0.79 -0.79 -1.1095828 -1.11 -1.11 -1.11 -1.6013128 -1.63 -1.63 -1.63 -1.61 -1.61 -1.295 -1.295 -1.295 -1.295 -1.295 -2.7399998 -2.74 -2.74 -2.74 -2.74 -2.74 -2.605768 -1.9300434 -1.776235 -1.755 -1.755 -1.755 -1.755 -1.755 -1.455 -1.455 -1.455 -1.3957115 -0.74 -0.74 
-0.22003046 -0.22 -0.69 -1.11 -1.43 -0.63 -1.36 0.065 -1.44 -1.495 -1.48 -1.575 -2.39 -1.145 -1.1 -1.78 -0.79 -0.79 -0.79 -0.67512646 -0.675 -0.675 -1.085 -1.63 -1.63 -1.63 -1.61 -1.61 -1.61 -1.295 -1.295 -1.295 -1.285372 -2.7374197 -2.7338103 -2.0810937 -2.075 -2.075 -2.0567628 -1.93 -1.93 -1.9297762 -1.755 -1.755 -1.755 -1.755 -1.755 -1.455 -1.455 -1.455 -1.455 -0.74 -0.74 
-0.175 -0.22000016 -1.0351563 -0.97 -1.53 -1.05 -0.9 -0.82 -1.135 -1.3207109 -1.555 -1.13 -1.38 -1.145 -2.025 -1.78 -1.0754322 -1.0698038 -1.06 -0.675 -0.675 -1.485 -1.085 -1.085 -1.63 -1.6299999 -1.61 -1.61 -1.61 -0.955 -1.1305769 -1.275 -1.275 -1.2750006 -2.075 -2.075 -2.075 -2.075 -1.93 -1.93 -1.93 -1.93 -1.755 -1.755 -1.755 -1.755 -1.755 -1.4550038 -1.455 -1.455 -1.455 -0.73999771 -0.74 
-0.175 -0.23000148 -1.035 -1.8065766 -1.53 -1.905 -1.8101069 -2.74 -2.68 -2.0050003 -1.8277826 -1.7399012 -1.05 -2.025 -2.025 -1.8499159 -1.07 -1.07 -1.06 -1.06 -0.67500156 -1.485 -1.04 0.15 -0.76 -0.76002243 -1.61 -1.61 -0.955 -0.955 -1.275 -1.275 -1.275 -1.3174289 -2.075 -2.075 -2.075 -1.93 -1.93 -1.93 -1.93 -1.9298287 -1.755 -1.755 -1.755 -1.755 -1.755 -1.7523296 -1.455 -1.4549648 -0.67 -0.67 -0.67 
-1.215 -1.33 -1.38 -1.49 -1.37 -1.52 -1.925 -2.0293433 -2.25 -2.77 -2.245 -2.055 -2.0549993 -1.58 -1.58 -0.55995654 -0.56 -0.745 -0.745 -1.0599991 -0.925 -0.925 0.15 -0.76 -0.76 -0.855 -1.6 -1.6 -0.86500972 -0.955 -1.275 -1.275 -1.5 -1.4999775 -1.2850155 -1.51 -1.51 -1.8000634 -1.93 -1.93 -0.15721381 -0.155 -0.15500007 -1.3718846 -1.3650431 -1.3650001 -1.365 -1.3650001 -1.2360629 -0.67 -0.67 -0.67 -0.67 
0.18998446 -0.315 -0.86427366 -1.585 -1.5 -1.68 -1.655 -2.05 -2.42 -2.42 -2.245 -1.53 -1.45 -1.58 -0.3800036 -0.38 -0.56 0.055 -0.085000001 -0.085 -0.76712626 -0.59 -0.59 -0.825 -0.855 -0.855 -1.6 -1.6 -0.86506731 -0.86623922 -0.8236989 -1.5 -1.5 -1.285 -1.285 -1.4174112 -1.51 -1.51 -1.4900007 -0.15500186 -0.155 -0.155 -0.15500156 -1.3649975 -1.365 -1.365 -1.365 -1.365 -1.325 -0.6701298 -0.67 -0.67 -0.67 
0.19 -0.975 -0.24 -2.065 -1.7250195 -1.805 -2.045 -2.23 -1.115 -1.53 -1.53 -1.47 -1.45 -1.45 -0.38734119 -0.29803187 -0.29 0.195 -0.29499978 -0.085 -0.20947825 -0.17 -0.83 0.69999999 0.69998394 -0.545 -0.425 -0.42500041 -2.0159527 -2.02 -0.82 -1.3678762 -1.235 -1.285 -1.2791532 -1.34 -1.34 -1.49 -1.49 -0.155 -0.155 -0.155 -0.92146219 -0.92500002 -1.365 -1.365 -1.365 -1.3250015 -1.325 -1.325 -0.67 -0.67 -0.67 
-1.0728565 -0.97499998 0.525 -1.635 -1.835 -2.455 -2.04 -1.12 -1.635 -1.0050243 -1.205 -1.49 -1.49 -0.805 -0.80499746 -1.2223941 -1.225 -1.225 0.12020074 -0.55500002 -0.635 -0.63499999 -0.87 -0.84576333 -0.41953687 -0.545 -0.83 -0.425 -0.40014528 -0.4 -1.405 -1.295 -1.1967876 -1.46 -1.08 -1.25 -1.385 -2.23 -1.2304618 -0.15497768 -0.15 -0.465 -0.92483151 -0.925 -0.92747656 -1.365 -1.845 -1.325 -1.325 -1.325 -1.325 -0.45148944 1.025 
-1.62 -1.62 0.255 -0.57 -1.985 -2.155 -1.395 -1.475 -0.715 -0.84497407 -1.08 -0.625 -0.805 -0.805 -0.535 -0.54446366 -1.225 -1.2247981 -0.335 -0.555 -0.555 -0.56530667 -0.87 -0.63000454 -0.63 -0.63 -0.83 -0.525 -0.525 -0.4 -0.4 -1.2946302 -1.1 -1.46 -0.59 -1.25 -1.385 -1.95 -1.23 0.044012049 -0.46499999 -0.25377985 0.11 -0.925 -0.925 -1.845 -1.845 -1.845 -1.325 -1.325 1.085 1.085 1.085 
-1.62 -1.62 -0.75 -1.315 -1.78 -0.92 -1.86 -1.1456492 -1.435 -2.03 -0.875 -0.6 -0.62496698 -0.535 -0.535 -0.53498039 -0.365 -0.36342546 -0.335 0.395 0.395 -0.215 -0.215 -0.63 -0.63 -0.63 -0.525 -0.525 -0.525 -0.775 -0.775 -0.77500054 -0.385 -0.385 -1 -1.025 0.1 -0.99000383 -0.32 0.065 0.065 -0.60499765 0.11 -0.925 0.099999452 -0.375 0.27582659 0.28499999 0.945 0.945 1.085 1.085 1.085 
-1.62 -1.2444623 -0.99110565 -2.239972 -0.99 -1.635 -1.86 -1.145 -1.4349976 -2.0234081 -0.60000186 -0.6 0.19 -0.535 -0.535 -0.36500001 -0.365 -0.36499829 -0.335 0.395 0.27520841 -0.215 -0.215 -0.62998303 -0.63 -0.42290668 -2.3699529e-19 -2.0538223e-36 -6.5844594e-08 -0.775 -0.775 -0.1 -0.1 -0.38500169 -1 -0.26000023 -0.14694522 -0.99 -0.99 0.064999978 -0.605 -0.605 -0.60499479 0.1 0.1 -0.375 0.285 0.285 0.945 0.945 1.085 1.085 1.085 
-0.595 -1.0423909 -1.0600091 -1.0685311 -0.99000347 -1.6349848 -1.86 -1.1538012 -1.415016 -1.450537 0.19 0.19 0.19 0.19 -0.5348973 -0.365 -0.365 -0.36461265 -0.335 0.3948999 0.065 0.065 0.065 0.065 -0.6177125 -7.5593945e-15 -4.5934903e-27 -5.0623041e-53 -7.5395292e-20 -0.00052536802 -0.1 -0.1 -0.1 -0.1 -0.26 -0.26 -0.26 -0.95532673 -0.98173841 0.11 0.11 -0.60496154 -0.044995037 0.099986034 0.1 -0.375 0.285 0.285 0.945 0.945 1.0844921 1.085 0.27681902 
-0.595 -1.06 -1.06 -1.06 -1.06 -1.0600002 -1.8594239 -1.5217262 -1.3617008 0.18823515 0.19 0.19 0.19 0.19 0.19000008 -0.365 -0.365 -0.3629422 -0.33499912 0.065 0.065 0.065 0.065 0.065 0.051489256 -0.20903633 -0.26499995 -0.265 -0.265 -0.265 -0.099999998 -0.1 -0.099999326 0.46 0.46 -0.26 0.55664105 0.58 0.11000027 0.11 0.11 0.11 -0.045 -0.045 -0.045 -0.047296499 0.70213026 0.705 0.705 0.705 0.705 0.81500006 0.815 
-1.035 -1.06 -1.06 -1.06 -1.06 -1.06 -1.0600001 -1.1642087 0.30121044 0.31 0.31 0.31 0.31 0.31 0.31 -0.3318105 -0.36467994 -0.36089196 0.064949697 0.065 0.065 0.065 0.065 0.06499936 -0.56 -0.56 -0.55999959 -0.265 -0.265 -0.26435922 0.055 0.055 0.46 0.46 0.46 0.56077737 0.58 0.58 0.58 0.11 0.11 0.11 -0.045 -0.045 -0.045 -0.045 0.705 0.705 0.705 0.705 0.705 0.815 0.815 
-1.035 -1.0443072 -1.06 -1.06 -1.06 -1.06 0.15476154 0.155 0.155 0.31 0.31 0.31 0.31 0.31 0.16550242 -0.345 -0.345 -0.345 -0.4833251 -0.48499944 -0.485 -0.485 -0.485 -0.485 -0.56 -0.56 -0.56 -0.56 -0.265 0.055 0.055 0.055 0.45999996 0.46 0.46 0.72 0.58018536 0.58 0.58 0.10993504 -0.020139257 -0.32369988 -0.045 -0.045 0.70268546 0.705 0.705 0.70524621 0.85447582 0.85499999 0.85499997 1.2799295 0.81500095 
-1.035 0.069517214 -0.4729866 -1.06 -1.06 0.15428212 0.155 0.155 0.155 0.15611697 0.31 0.31 0.31 0.30999992 -0.345 -0.345 -0.345 -0.345 -0.48487494 -0.485 -0.485 -0.485 -0.485 -0.485 -0.56 -0.56 -0.56 -0.56 -0.55776303 0.055 0.055 0.055 0.045 0.46001643 0.72 0.72 0.72 0.71663684 -0.26768477 -0.325 -0.325 -0.325 0.325 0.325 0.705 0.705 0.705 0.855 0.855 0.855 0.855 1.28 1.28 
0.099446609 0.1 0.1 0.10000001 0.725 0.1550147 0.155 0.155 0.155 0.155 0.28009521 0.30999485 0.30999999 -0.345 -0.345 -0.345 -0.345 -0.345 -0.36670709 -0.485 -0.485 -0.485 -0.485 -0.485 -0.40933613 -0.23000179 -0.23 -0.23 -0.23 0.054999999 0.045 0.045 0.045 0.045 0.72 0.71999197 0.415 0.415 -0.31576 -0.325 -0.325 -0.325 0.325 0.325 0.64616292 0.705 0.705 0.855 0.855 0.855 0.85955711 1.28 1.28 
0.1 0.1 0.1 0.39432182 0.725 0.725 0.155 0.155 0.155 0.155 -0.085 -0.085 -0.085 -0.345 -0.345 -0.345 -0.345 -0.34502479 -0.515 -0.515 -0.48500001 -0.485 -0.48353925 -0.425 -0.4232445 -0.23 -0.23 -0.23 -0.23 0.044971998 0.045 0.045 0.045 0.045 0.41500107 0.415 0.415 0.415 0.41232921 -0.325 -0.325 -0.325 0.325 0.325 0.325 0.705 0.705 0.85499999 0.855 0.855 1.28 1.28 1.28 
0.1 0.1 0.1 0.725 0.725 0.725 0.72499913 0.155 0.155 -0.084752251 -0.085 -0.085 -0.085 -0.085161994 -0.46641336 -0.495 -0.495 -0.495 -0.515 -0.515 -0.515 -0.425 -0.425 -0.425 -0.42483893 -0.030680762 -0.23 -0.23 -0.23 -0.37603012 -0.46494984 -0.465 -0.465 -0.465 -0.078205727 -0.76999731 -0.77 -0.77 -0.77 0.074945269 0.075 0.075 0.325 0.325 0.56999898 0.57000002 0.635 0.635 0.82 0.82 0.82 1.28 0.7354873 
0.10000152 0.1 0.10000002 0.725 0.725 0.725 0.725 0.26499997 0.15543982 -0.084714365 -0.085 -0.085 -0.085 -0.085804533 -0.495 -0.495 -0.495 -0.49500001 -0.515 -0.515 -0.515 -0.425 -0.425 -0.425 0.15 0.15 0.135 0.135 0.135 0.13172681 -0.465 -0.465 -0.465 -0.465 -0.61741635 -0.77 -0.77 -0.77 -0.77 0.075 0.075 0.075 0.090574594 0.57 0.57 0.57 0.635 0.635 0.82 0.82 0.82 0.735 0.735 
0.59 0.35301977 -0.12 -0.11975485 0.725 0.26766154 0.265 0.265 0.45994257 0.23000001 0.23 0.23 0.23 -0.0249917 -0.025000002 -0.49499964 -0.495 -0.49552697 -0.515 -0.515 -0.515 -0.435 -0.435 -0.435 0.15 0.15 0.135 0.135 0.135 0.13499932 -0.80499784 -0.80499905 -0.47354539 -0.4653645 -1.353982 -1.355 -1.355 -1.355 -1.355 0.075 0.075 0.075 0.54274334 0.57 0.57 0.56999984 0.635 0.635 0.63500666 0.82 0.81996043 -0.065 0.735 
0.47502184 0.4749999 -0.12 -0.12 -0.12 0.265 0.265 0.265 0.8 0.8 0.23 0.23 0.23 -0.025 -0.025 -0.025 -0.025 -0.025056166 -0.515 -0.515 -0.515 -0.435 -0.435 -0.435 0.15 0.15 0.135 0.135 0.135 -0.79440143 -0.805 -0.805 -0.805 -0.805 -1.3547286 -1.355 -1.355 -1.355 -1.355 -0.53499984 -0.535 -0.535 -0.535 0.5699929 -0.355 -0.355 -0.355 -0.745 -0.745 -0.745 -0.065 -0.065 -0.065 
0.475 0.475 -0.12 -0.12 -0.12 0.26297637 0.265 0.8 0.8 0.8 0.23007017 0.23 0.31171247 -0.024999919 -0.025 -0.025 -0.025 -0.035 -0.035 -0.035 -0.73499999 -0.73499978 -0.43500146 -0.435 -0.43482685 -0.42 -0.42 -0.41999868 0.13491031 -1.1749263 -1.174998 -1.1749354 -0.80563237 -0.80531931 -1.2572835 -1.355 -1.3552011 -1.415 -1.415 -0.535 -0.535 -0.535 -0.535 -0.355 -0.355 -0.355 -0.355 -0.745 -0.745 -0.745 -0.065 -0.065 -0.065 
0.475 0.475 -0.12 -0.12 -0.12 -0.12 0.46523487 0.8 0.8 0.8 0.79974038 0.33 0.33 0.33 -0.022907903 -0.025 -0.034933362 -0.035 -0.035 -0.035 -0.735 -0.735 -0.735 -0.735 -0.42 -0.42 -0.42 -0.42 -0.42 -1.175 -1.175 -1.175 -1.175 -1.1750004 -1.38 -1.415 -1.415 -1.415 -1.415 -1.4149976 -0.8 -0.8 -0.8 -0.77233752 -0.715 -0.715 -0.715 -0.745 -0.7450003 -1.05 -1.05 -0.24495621 -0.245 
0.475 0.475 0.094753219 -0.12 -0.12 -0.11999998 0.78003549 0.79993697 0.8 0.8 0.33000016 0.33 0.33 0.33 0.33 0.3008475 -0.035 -0.035 -0.035 -0.035 -0.73499459 -0.735 -0.735 -0.735 -0.42 -0.42 -0.42 -0.42 -0.42 -0.61708791 -1.175 -1.175 -1.175 -1.38 -1.38 -1.3800272 -1.415 -1.415 -1.4459528 -1.47 -0.8 -0.8 -0.8 -0.77375177 -0.715 -0.715 -0.715 -0.795 -1.0468227 -1.05 -1.05 -0.245 -0.245 
0.38 0.38 0.38 0.0053637447 -0.11900995 0.78 0.78 0.78 0.78 1.1 1.1 0.33000005 0.33 0.33 0.33 0.32997685 -0.035 -0.035 -0.035 -0.035 -0.42954271 -0.735 -0.735 -0.71798923 -0.09991718 -0.42 -0.42 -0.42 -0.42 -0.42 -0.42 -0.42000317 -1.38 -1.38 -1.38 -1.38 -1.47 -1.47 -1.47 -1.47 -0.57 -0.57 -0.57 -1.0149911 -1.015 -1.015 -1.0149999 -0.795 -0.795 -1.0496893 -1.05 -0.24500141 -0.245 
0.38 0.38 0.38 0.38000915 0.55 0.58344578 0.78 0.78 0.78 1.1 1.1 1.1 -0.014999981 -0.015 -0.015 -0.014999977 -0.033507064 -0.035 -0.035 -0.035 -0.045579004 -0.085001784 -0.085 -0.085 -0.085 -0.085000012 -0.405 -0.405 -0.42 -0.42 -0.42 -0.42 -1.3799998 -1.38 -1.38 -1.3799809 -1.47 -1.47 -1.47 -1.46932 -0.57 -0.57 -0.57 -1.0149794 -1.015 -1.015 -1.015 -0.795 -0.795 -0.79499996 -0.525 -0.525 -0.59 
0.38 0.38 0.38 0.54999961 0.55 0.55 0.77999991 0.78 0.78 1.1 1.1 1.1 -0.015 -0.015 -0.015 0.045546842 0.78 0.78 0.77999789 -0.030396668 -0.085 -0.085 -0.085 -0.085 -0.085 -0.085240817 -0.405 -0.405 -0.405 -0.42 -0.42 -0.42013517 -1.145 -1.145 -1.145 -1.555 -1.555 -1.315 -1.315 -1.315 -0.535 -0.56998902 -0.57000369 -1.065 -1.065 -1.0631051 -1.0149998 -0.795 -0.795 -0.525 -0.525 -0.525 -0.59 
0.38 0.38 0.38 0.55 0.55 0.55 0.55 0.78 0.78 1.1 1.1 0.029583918 -0.015 -0.015 -0.015 0.78 0.78 0.78 0.78 0.78 -0.085 -0.085 -0.085 -0.085 -0.085 -0.40499891 -0.405 -0.405 -0.405 -0.63 -0.63 -0.63 -1.145 -1.145 -1.145 -1.555 -1.555 -1.315 -1.315 -0.535 -0.535 -0.535 -1.065 -1.065 -1.065 -1.065 -1.065 -1.065 -1.065 -1.065 -0.525 -0.445 -0.445 
0.38 0.38 0.38023673 0.55 0.55 0.55 0.55 0.82608341 0.84 0.84044638 1.1 -0.014925037 -0.015 -0.015 -0.01499725 0.78 0.78 0.78 0.78 0.78 0.31303868 -0.085 -0.085 -0.085 -0.084953658 -0.40496934 -0.405 -0.405 -0.405 -0.63 -0.63 -0.63 -0.63007671 -1.145 -1.555 -1.555 -1.555 -1.5549902 -1.3149468 -0.535 -0.535 -0.535 -1.0649678 -1.065 -1.065 -1.065 -1.0650046 -1.065 -1.065 -1.065 -0.445 -0.445 -0.445 
0.71 0.70999942 0.54991624 0.55 0.55 0.55 0.83993829 0.84 0.84 0.84 0.88 0.88 0.88 0.88 0.7804614 0.78 0.78 0.78 0.78 0.33000027 0.33 0.33 0.13999996 0.14 0.14 0.14 0.09295949 -0.405 -0.91997891 -0.92 -0.92 -0.92 -0.92 -1.68 -1.68 -1.68 -1.68 -1.68 -0.945 -0.945 -0.945 -0.945 -0.945 -1.5243066 -1.525 -1.525 -1.525 -1.065 -1.065 -1.065 -0.44509768 -0.445 -0.445 
0.71 0.71 0.71376757 1.1599988 1.1599999 1.1596876 0.84 0.84 0.84 0.84 0.88 0.88 0.88 0.88 0.88 0.78 0.78 0.78 0.33000011 0.33 0.33 0.33 0.14 0.14 0.14 0.14 0.14 0.13988363 -0.9197239 -0.92 -0.92 -0.92 -0.91988908 -1.5949648 -1.6799119 -1.68 -1.68 -1.68 -0.945 -0.945 -0.945 -0.945 -0.945 -1.525 -1.525 -1.525 -1.525 -1.309895 -1.065 0.40343196 0.42 0.345 0.345 
0.71 0.71 1.159943 1.16 1.16 1.16 1.0787213 0.84 0.84 0.84 0.88 0.88 0.88 0.88 0.88 0.78007427 0.78 0.33013194 0.33 0.33 0.33 0.33 0.21038673 0.14 0.14 0.14 0.14 0.13975564 -0.205 -0.205 -0.205 -0.205 -0.205 -1.53 -1.53 -1.53 -1.53 -1.53 -1.535 -1.535 -1.535 -1.535 -1.535 -1.5205806 -1.5249991 -1.525 -1.5246932 -1.4878026 0.42 0.42 0.42 0.34500042 0.345 
0.70999952 0.45506895 1.1599999 1.16 1.16 1.16 1.16 0.84013625 0.84 0.84 0.88 0.88 0.88 0.88 0.59155235 0.585 0.585 0.33000656 0.33 0.33 0.33 0.33 0.32999998 0.14 0.14 0.14 0.14 -0.25499994 -0.25499998 -0.24435878 -0.205 -0.205 -0.205 -1.53 -1.53 -1.53 -1.53 -1.5294853 -1.535 -1.535 -1.535 -1.535 -1.5349215 0.285 0.285 0.285 0.285 0.28501089 0.42 0.42 0.42 0.41999995 0.34007364 
0.45 0.45 0.61232134 1.16 1.16 1.16 1.16 1.16 0.8401368 0.985 0.985 0.985 0.98475081 0.58500043 0.585 0.585 0.585 0.585 0.32999958 0.32640996 0.295 0.295 0.295 0.25400991 0.11118691 -0.042986503 -0.17309858 -0.255 -0.255 -0.255 -0.255 -0.255 -0.25943851 -0.77022452 -0.77 -0.77 -0.77 -0.77 -1.3424498 -0.51000184 -0.51 -0.51 -0.51 0.4549995 0.28500004 0.285 0.285 0.73 0.42000497 0.42 0.42 0.34 0.34 
0.45 0.45 0.66 0.66 0.66 1.1598334 1.16 1.16 0.985 0.985 0.985 0.985 0.985 0.58500002 0.585 0.585 0.585 0.585 0.295 0.295 0.295 0.295 0.295 -0.21999997 -0.22 -0.22 -0.22 -0.255 -0.255 -0.255 -0.255 -0.255 -0.79 -0.79 -0.77 -0.77 -0.77 0.24482715 0.245 -0.51 -0.51 -0.51 -0.50999986 0.455 0.455 0.455 0.73 0.73 0.73 0.525 0.525 0.34 0.34 
0.45 0.45 0.66 0.66 0.66 0.66 0.66000176 0.98 0.98499529 0.985 0.985 0.985 0.985 0.58998964 0.585 0.585 0.585 0.585 0.29500001 0.295 0.295 0.295 0.295 -0.22 -0.22 -0.22 -0.22 -0.22000014 -0.255 -0.255 -0.255 -0.78997195 -0.79 -0.79 -0.79 -0.77 0.24499999 0.245 0.245 0.22513454 0.27821292 0.425 0.425 0.455 0.455 0.455 0.73 0.73 0.73 0.525 0.525 0.525 0.23131404 
0.695 0.69499808 0.66 0.66 0.66 0.66 0.98 0.98 0.98 0.985 0.985 0.985 0.985 0.98487565 0.585 0.585 0.585 0.585 0.29500483 0.295 0.295 0.29499999 -0.12929016 -0.22 -0.22 -0.22 -0.22 -0.225 -0.225 -0.225 -0.25469801 -0.79 -0.79 -0.79 -0.78999994 -0.725 0.245 0.245 0.245 0.245 0.425 0.425 0.425 1.005 1.005 1.005 1.0699669 0.73 0.73 0.525 0.525 0.525 0.22000118 
0.695 0.695 0.66 0.66 0.66 0.98 0.98 0.98 0.98 0.98444907 0.985 0.985 0.985 0.98499612 0.020065022 0.02 0.02 0.02 -0.20784153 -0.435 -0.435 -0.435 -0.435 -0.22 -0.22 -0.22 -0.22000033 -0.225 -0.225 -0.225 -0.225 -0.78991739 -0.75343938 -0.725 -0.725 -0.725 0.2451834 0.29499896 0.295 0.295 0.42534856 0.86999999 0.87 1.005 1.005 1.0050003 1.07 1.07 0.73 0.73 0.73 0.635 0.645 
0.695 0.695 0.29 0.29 0.29 0.98 0.98 0.98 0.98 0.89 0.89 0.89 0.89 0.82868906 0.02 0.02 0.02 0.02 -0.2 -0.435 -0.435 -0.435 -0.435 -0.985 -0.9849997 -0.22000113 -0.225 -0.225 -0.225 -0.225 -0.1819666 -0.14 -0.65539302 -0.725 -0.725 -0.725 0.295 0.295 0.295 0.295 0.87 0.87 0.87 0.87499842 0.875 1.0691235 1.07 1.07 0.72999908 0.73 0.635 0.635 0.645 
0.695 0.29 0.29 0.29 0.29 0.29 0.97456598 0.28 0.28 0.89 0.89 0.89 0.89 0.88979396 0.02 0.02 0.02 0.010059702 -0.2 -0.2 -0.435 -0.435 -0.985 -0.985 -0.985 -0.985 -0.225 -0.225 -0.225 -0.225 -0.14 -0.14 -0.14 -0.72440803 -0.725 -0.725 0.295 0.295 0.295 0.295 0.87 0.87 0.87 0.875 0.875 0.87499405 0.77 0.77 0.5 0.5 0.635 0.635 0.645 
0.29380345 0.29 0.29 0.29 0.29 0.29 0.28 0.28 0.28 0.60649749 0.89 0.89 0.89 0.88997663 0.02 0.02 0.02 -0.2 -0.2 -0.2 -0.43498826 -0.43500336 -0.985 -0.985 -0.985 -0.985 -0.22505402 -0.225 -0.225 -0.14001955 -0.14 -0.14 -0.14 -0.14 -0.72248589 0.04 0.04 0.044413218 0.295 0.295 0.86999949 0.87 0.87485462 0.875 0.875 0.77000004 0.77 0.77 0.5 0.5 -0.15 -0.15 -0.21 
0.29 0.29 0.29 0.29 0.29 0.29 0.28 0.28 0.28 0.28 -0.12497076 -0.125 -0.125 -0.125 0.019998941 -0.18832822 -0.305 -0.305 -0.20019357 -0.2 -0.20000005 -0.9849992 -0.985 -0.985 -0.985 -0.985 -0.98444744 -0.225 -0.22499709 -0.14 -0.14 -0.14 -0.14 -0.14 0.04 0.04 0.04 0.04 0.04 0.040001929 0.475 0.475 0.4750001 0.76 0.76 0.76 0.2 0.2 -0.22 -0.22 -0.15 -0.15000013 -0.21 
0.29 0.29 0.29 0.29 0.29 0.29 0.28 0.28 0.28 -0.125 -0.125 -0.125 -0.125 -0.125 -0.17244757 -0.305 -0.305 -0.305 -0.305 -0.305 -0.2999866 -0.98499999 -0.985 -0.985 -0.985 -0.96537437 -0.36097937 -0.24338405 -0.14041918 -0.14 -0.14 -0.14 -0.14 -0.13999961 0.04 0.04 0.04 0.04 0.04 0.24236099 0.475 0.475 0.475 0.76 0.76 0.76 0.2 0.2 -0.22 -0.22 -0.47999999 -0.22489429 -0.21 
0.29 0.29 0.29 0.29 0.29 0.29 0.28 0.28 0.26319024 -0.125 -0.125 -0.125 -0.125 -0.125 -0.13363391 -0.305 -0.305 -0.305 -0.305 -0.305 -0.305 -0.45537989 -0.36000088 -0.36 -0.36 -0.36 -0.36 -0.36 -0.41396451 -0.41499674 -0.41499999 -0.415 -0.415 -0.41499967 0.04 0.04 0.04 0.04 0.04 0.47499995 0.475 0.475 0.475 0.47500013 0.75907815 0.185 0.2 -0.46823607 -0.22022781 -0.48 -0.48 -0.47147748 -0.07 
0.29 0.29 0.29 0.29 0.29 0.28999936 0.28000054 0.2799755 -0.12499949 -0.125 -0.125 -0.125 -0.125 -0.125 -0.12842502 -0.305 -0.305 -0.305 -0.305 -0.305 -0.305 -0.36 -0.36 -0.36 -0.36 -0.36 -0.36 -0.36 -0.41498482 -0.415 -0.415 -0.415 -0.415 -0.415 -0.29033004 0.04 0.04 0.04 0.04 0.475 0.475 0.475 0.475 0.47492571 0.185 0.185 0.1808321 -0.48 -0.48 -0.48 -0.48 -0.07 -0.07 
0.29 0.29 0.29 0.29 0.29 0.28998666 0.28000047 -0.079298396 -0.125 -0.125 -0.125 -0.125 -0.125 -0.125 -0.12815121 -0.305 -0.305 -0.305 -0.305 -0.305 -0.312831 -0.36 -0.36 -0.36 -0.36 -0.36 -0.36 -0.36 -0.41499978 -0.415 -0.415 -0.415 -0.415 -0.415 -0.415 0.27181311 0.63220332 0.82925181 0.85922675 0.46696517 0.475 0.475 0.475 0.18502316 0.185 0.18494031 0.17499687 -0.48 -0.48 -0.62991822 -0.63 -0.63 -0.070000246 
0.29 0.29 0.29 0.29 0.28999999 0.28991642 0.24505494 -0.12488863 -0.125 -0.125 -0.125 -0.125 -0.125 -0.125 -0.12920328 -0.305 -0.305 -0.305 -0.305 -0.305 -0.35999976 -0.36 -0.36 -0.36 -0.36 -0.36 -0.36 -0.36 -0.41499998 -0.415 -0.415 -0.415 -0.415 -0.415 -0.41499974 0.875 0.875 0.875 0.875 0.35 0.35 0.35 0.35 0.17500003 0.175 0.175 0.175 0.17499513 -0.255 -0.255 -0.63 -0.63 -0.87606914 
0.29 0.29 0.29 0.29 0.28999972 0.2895446 -0.097198251 -0.12499471 -0.125 -0.125 -0.125 -0.125 -0.125 -0.125 -0.13111031 -0.30499993 -0.305 -0.305 -0.305 -0.30533102 -0.36 -0.36 -0.36 -0.36 -0.36 -0.36 -0.36 -0.36 -0.41499999 -0.415 -0.415 -0.415 -0.415 -0.415 0.87499882 0.875 0.875 0.875 0.875 0.35 0.35 0.35 0.35 0.30276825 0.175 0.175 0.175 -0.25499519 -0.255 -0.255 -0.99 -0.99 -0.99 
0.29 0.29 0.29 0.28999998 0.28999627 0.26999099 -0.12349122 -0.12499867 -0.125 -0.125 -0.125 -0.125 -0.125 -0.12500001 -0.13369361 -0.30499577 -0.305 -0.305 -0.30500006 -0.35888561 -0.36 -0.36 -0.36 -0.36 -0.36 -0.36 -0.36 -0.36 -0.41499995 -0.415 -0.415 -0.415 -0.415 0.42684833 0.87499996 0.875 0.875 0.875 0.875 0.35 0.35 0.35 0.35 0.35 0.175 0.175 0.175 -0.255 -0.255 -0.255 -0.99 -0.99 -0.99 
0.29 0.29 0.28999999 0.28999965 0.28987329 0.066672421 -0.12473598 -0.12499919 -0.125 -0.125 -0.125 -0.125 -0.125 -0.12500034 -0.13676494 -0.30493426 -0.305 -0.305 -0.30528476 -0.35999532 -0.36 -0.36 -0.36 -0.36 -0.36 -0.36 -0.36 -0.36000003 -0.41499966 -0.415 -0.41499918 0.633901 0.735 0.735 0.735 0.875 0.875 0.875 0.875 0.35 0.35 0.35 0.35 0.35 0.1750031 0.175 0.17499979 -0.25499997 -0.255 -0.2550004 -0.99 -0.99 -0.99 
