interpolatedSpi/04-08|20_3.tif
NCOLS 53
NROWS 52
XLLCORNER -116.03883
YLLCORNER 28.596182
DX 0.49850594
DY 0.49788537
NODATA_VALUE -9999
[rows 0 to 38 of 52, columns 0 to 52 of 53]
0.876 0.876 0.30377779 -0.16 0.45 0.518 1.122 1 0.30217468 0.082 0.154 0.416 0.14406225 0.9 0.364 0.364 0.364 0.518 0.578 0.578 0.578 0.57800079 0.66 0.198 0.198 0.198 1.1560017 1.156 1.156 0.674 0.674 0.674 0.674 1.0859999 1.086 1.086 1.086 1.086 1.086 1.086 1.7231362 1.7297773 0.856 0.856 0.856 0.856 0.85641487 1.11 1.11 1.11 1.4759992 1.476 1.476
0.87597263 0.26 0.60000078 0.67890853 0.87581045 1.144 0.94 0.86244018 0.45 0.4 0.202 0.144 0.144 0.84418673 0.89999459 0.364 0.518 0.518 0.57792177 0.578 0.578 0.578 0.1759977 0.198 0.198 0.198 0.268 0.268 0.674 0.674 0.674 0.674 0.674 1.0859999 1.086 1.086 1.086 1.086 1.0859999 0.92864326 0.15204014 0.77057524 0.856 0.856 0.856 0.856 0.856 1.11 1.11 1.11 1.1403491 1.476 1.476
1.6999552 1.7 1.278 1.67 1.024 0.812 0.852 0.45 0.594 0.316 0.606 -0.316 -0.42 0.138 0.844 0.948 0.518 0.518 0.518 0.50402151 0.504 0.504 -0.22 0.198 0.198 0.198 0.268 0.268 0.268 0.674 0.674 0.67399994 0.10787352 1.0827938 1.0773809 0.16848537 0.16 0.16 0.15899381 0.152 0.152 0.15290024 0.856 0.856 0.856 0.856 0.856 1.11 1.11 1.11 1.11 1.476 1.476
0.862 1.6999998 0.841981 1.01 0.344 0.898 1.468 -0.08 0.658 0.44805171 0.484 0.406 0.18 0.138 0.636 0.948 -0.10587469 -0.11355718 0.11 0.504 0.504 -0.74 -0.22 -0.22 0.198 0.19800035 0.268 0.268 0.268 -0.634 -0.56157454 -0.502 -0.502 -0.50199948 0.16 0.16 0.16 0.16 0.152 0.152 0.152 0.15200003 0.856 0.856 0.856 0.856 0.856 1.1099968 1.11 1.11 1.11 1.4759153 1.476
0.862 0.31000098 0.842 0.87076743 0.344 1.004 0.64803997 0.526 0.246 0.44600007 0.30731874 0.24208938 0.866 0.636 0.636 0.82807321 -0.114 -0.114 0.11 0.11 0.50399747 -0.74 -0.61 -0.112 -0.266 -0.26609014 0.268 0.268 -0.634 -0.634 -0.502 -0.502 -0.502 -0.42393062 0.16 0.16 0.16 0.152 0.152 0.152 0.152 0.1520168 0.85599999 0.856 0.856 0.856 0.856 0.85826091 1.11 1.1099001 -1.118 -1.118 -1.118
-0.774 0.462 0.84399999 0.624 1.07 1.21 0.742 0.71434581 0.88 0.434 0.684 0.062 0.06200053 0.096 0.096 -0.10799227 -0.108 -0.306 -0.306 0.10999937 -1.198 -1.198 -0.112 -0.266 -0.266 -0.652 -1.278 -1.278 -0.090049361 -0.634 -0.502 -0.502 -0.088 -0.087970117 0.19797931 -0.426 -0.426 -0.026817495 0.152 0.152 0.32578298 0.326 0.32600026 -0.63913253 -0.66583179 -0.66599959 -0.66599995 -0.66599944 -1.7085611 -1.118 -1.118 -1.118 -1.118
-0.55800233 0.124 -0.26040968 0.668 1.53 0.592 0.606 0.774 0.686 0.686 0.684 0.258 -0.50800004 0.096 -0.075999485 -0.076 -0.108 -0.372 -0.606 -0.606 -1.1131723 -1.018 -1.018 -1.324 -0.652 -0.652 -1.278 -1.278 -0.089998368 -0.089969958 0.66175864 -0.088 -0.088 0.198 0.198 -0.85735491 -0.426 -0.426 -1.4139658 0.32599758 0.326 0.326 0.32600063 -0.66599661 -0.666 -0.666 -0.666 -0.66600074 -1.908 -1.1181566 -1.118 -1.118 -1.118
-0.558 -0.808 -0.03 -0.486 -0.92997455 -0.05 0.208 0.10600002 0.158 -0.006 -0.006 -0.714 -0.508 -0.508 -0.078963921 -0.30551076 -0.328 -0.174 -0.53800007 -0.606 -1.272394 -1.242 -1.508 -1.08 -1.0800008 -1.14 -1.622 -1.6219999 -0.062098116 -0.061999986 0.664 0.44284693 0.36 0.198 0.17546825 -1.218 -1.218 -1.414 -1.414 0.326 0.326 0.326 -0.058240657 -0.058000031 -0.666 -0.666 -0.666 -1.9079527 -1.908 -1.908 -1.118 -1.118 -1.118
-0.79859364 -0.80799999 -0.442 -0.298 0.198 -0.23 0.042 1.058 0.73 0.57848685 -0.17 -0.308 -0.308 -0.892 -0.89199511 -0.6909855 -0.692 -0.692 -0.22956517 -1.562 -1.6 -1.6 -1.216 -1.3929276 -1.1339536 -1.14 -1.314 -1.622 -0.77892773 -0.774 0.466 1.458 0.94729249 -0.604 -0.592 -0.828 -0.846 -0.736 -0.89192797 0.32656244 0.452 -0.152 -0.057990236 -0.058 -0.061422153 -0.666 -1.344 -1.908 -1.908 -1.908 -1.908 -1.2039101 -1.076
-0.746 -0.746 -0.348 -0.404 0.22 0.526 0.206 0.48 0.99 0.5400084 0.018 -0.192 -0.892 -0.892 -0.372 -0.37638894 -0.692 -0.69204002 -0.904 -1.562 -1.562 -1.5668956 -1.216 -1.3919967 -1.392 -1.392 -1.314 -0.39 -0.39 -0.774 -0.774 1.4560768 0.444 -0.604 -0.166 -0.828 -0.846 -1.252 -0.892 0.85128121 -0.15199997 -0.095429734 0.002 -0.058 -0.058 -1.344 -1.344 -1.344 -1.908 -1.908 -1.808 -1.808 -1.8079997
-0.746 -0.746 -0.934 -0.906 -0.372 -0.016 -0.26199999 0.26008517 0.144 0.106 -0.026 -0.362 -0.19222736 -0.372 -0.372 -0.37201961 -0.542 -0.56099946 -0.904 -0.242 -0.242 -0.696 -0.696 -1.392 -1.392 -1.392 -0.39 -0.39 -0.39 -0.974 -0.974 -0.97399766 -0.266 -0.266 -0.358 -0.87 -0.486 -0.49400168 -1.246 0.88 0.88 0.30999899 0.002 -0.058 -1.0819999 -1.236 -1.0253782 -1.024 -1.536 -1.536 -1.808 -1.808 -1.808
-0.746 -0.82717929 -0.9220514 -1.0059897 -0.602 -0.648 -0.262 0.26 0.14400097 0.10642099 -0.36199939 -0.362 -0.202 -0.372 -0.372 -0.54199999 -0.542 -0.5420206 -0.904 -0.242 -0.33115636 -0.696 -0.696 -1.3919717 -1.392 -1.2822077 -1.058 -1.058 -1.0579999 -0.974 -0.974 -0.984 -0.984 -0.26600025 -0.358 -0.18600022 -0.51903267 -0.494 -0.494 0.87999998 0.31 0.31 0.30998988 -1.082 -1.082 -1.236 -1.024 -1.024 -1.536 -1.536 -1.808 -1.808 -1.808
-0.27 0.20657344 0.30395486 0.29451257 -0.60200013 -0.64799891 -0.26200001 0.25357448 0.15199359 0.14300772 -0.202 -0.202 -0.202 -0.202 -0.37197592 -0.542 -0.542 -0.546674 -0.904 -0.24206264 -0.444 -0.444 -0.444 -0.444 -1.3756839 -1.058 -1.058 -1.058 -1.058 -1.0579687 -0.984 -0.984 -0.984 -0.984 -0.186 -0.186 -0.186 -0.47938022 -0.49090566 -0.082 -0.082 0.30997892 -0.75801109 -1.0819688 -1.082 -1.236 -1.024 -1.024 -1.536 -1.536 -1.8070132 -1.808 -1.3588528
-0.27 0.304 0.304 0.304 0.304 0.3039996 -0.26298804 -0.015024082 0.17331972 -0.20162828 -0.202 -0.202 -0.202 -0.202 -0.20199981 -0.542 -0.54200006 -0.56683073 -0.90399346 -0.444 -0.444 -0.444 -0.444 -0.444 -0.45956649 -1.1056925 -1.122 -1.122 -1.122 -1.122 -0.984 -0.984 -0.98400018 -1.13 -1.13 -0.186 -0.17238932 -0.172 -0.082000052 -0.082 -0.082 -0.082 -0.758 -0.758 -0.758 -0.76132644 -1.3181182 -1.32 -1.32 -1.32 -1.32 0.16399959 0.164
0.15 0.304 0.304 0.304 0.304 0.304 0.30399996 -0.19268828 0.058518076 0.058 0.058 0.058 0.058 0.058 0.057999997 -0.3907929 -0.53977872 -0.59156985 -0.44405772 -0.444 -0.444 -0.444 -0.444 -0.44400031 -1.164 -1.164 -1.1639999 -1.122 -1.122 -1.1223885 -1.316 -1.316 -1.13 -1.13 -1.13 -0.32546117 -0.172 -0.172 -0.172 -0.082 -0.082 -0.082 -0.758 -0.758 -0.758 -0.758 -1.32 -1.32 -1.32 -1.32 -1.32 0.164 0.164
0.15 0.20733245 0.304 0.304 0.304 0.304 -0.32587635 -0.326 -0.32599999 0.058 0.058 0.058 0.058 0.058 -0.043038004 -0.4 -0.4 -0.4 -0.71118348 -0.71199973 -0.712 -0.712 -0.712 -0.712 -1.164 -1.164 -1.164 -1.164 -1.122 -1.316 -1.316 -1.316 -1.13 -1.13 -1.13 -0.156 -0.17197882 -0.172 -0.172 -0.0820914 -0.26449413 -0.69017684 -0.758 -0.758 -0.68422837 -0.684 -0.684 -1.3177973 0.015317307 0.019999883 0.019999746 0.30397874 0.16400028
0.15 0.17140944 0.23720192 0.304 0.304 -0.32562777 -0.326 -0.326 -0.326 -0.32323279 0.058 0.058 0.058 0.057999945 -0.4 -0.4 -0.4 -0.4 -0.7117213 -0.712 -0.712 -0.712 -0.712 -0.712 -1.164 -1.164 -1.164 -1.164 -1.1645529 -1.316 -1.316 -1.316 -0.66600002 -1.1298897 -0.156 -0.156 -0.156 -0.15993653 -0.65907536 -0.692 -0.692 -0.692 -0.7 -0.7 -0.684 -0.684 -0.684 0.019999991 0.02 0.02 0.02 0.304 0.304
0.17222278 0.172 0.172 0.172 -0.116 -0.32599458 -0.326 -0.326 -0.326 -0.326 0.05603144 0.057999661 0.057999999 -0.4 -0.4 -0.4 -0.4 -0.4 -0.4878401 -0.712 -0.712 -0.712 -0.712 -0.712 -0.79582645 -0.58600313 -0.586 -0.586 -0.586 -1.316 -0.66600001 -0.666 -0.666 -0.666 -0.156 -0.15600943 -0.514 -0.514 -0.6897774 -0.692 -0.692 -0.692 -0.7 -0.7 -0.68647735 -0.684 -0.684 0.02 0.02 0.02 0.023045218 0.304 0.304
0.172 0.172 0.172 0.036376504 -0.116 -0.116 -0.326 -0.326 -0.326 -0.326 0.032 0.032 0.032 -0.4 -0.4 -0.4 -0.4 -0.40005685 -1.404 -1.404 -0.71200028 -0.712 -0.71745346 -0.936 -0.9328491 -0.586 -0.586 -0.586 -0.586 -0.66599185 -0.666 -0.666 -0.666 -0.666 -0.51399874 -0.514 -0.514 -0.514 -0.51461478 -0.692 -0.692 -0.692 -0.7 -0.7 -0.7 -0.684 -0.684 0.019999993 0.02 0.020000001 0.304 0.304 0.304
0.172 0.172 0.172 -0.116 -0.116 -0.116 -0.11600032 -0.326 -0.326 0.031630441 0.032 0.032 0.032 0.031730839 -0.67844131 -0.744 -0.744 -0.744 -1.404 -1.404 -1.404 -0.936 -0.936 -0.936 -0.93594397 -0.66467865 -0.586 -0.586 -0.586 -0.26245704 -0.17204859 -0.172 -0.172 -0.172 -0.43216462 -0.31800045 -0.318 -0.318 -0.318 -0.32605008 -0.326 -0.326 -0.7 -0.7 0.17199636 0.172 0.16 0.16 0.32 0.32 0.32 0.304 0.56776395
0.17200145 0.172 0.17199999 -0.116 -0.116 -0.116 -0.116 -0.14800005 -0.32528829 0.032210372 0.032 0.032 0.032 0.030477274 -0.744 -0.744 -0.744 -0.74400019 -1.404 -1.404 -1.404 -0.936 -0.936 -0.936 -0.736 -0.736 -0.698 -0.698 -0.698 -0.6951305 -0.172 -0.172 -0.172 -0.172 -0.24495996 -0.318 -0.318 -0.318 -0.318 -0.326 -0.326 -0.326 -0.31033101 0.172 0.172 0.172 0.16 0.16 0.32 0.32 0.32 0.56799999 0.568
0.638 0.39811198 -0.398 -0.39791819 -0.116 -0.14781485 -0.148 -0.148 -0.043058955 0.264 0.264 0.264 0.264 -0.86196335 -0.862 -0.74400009 -0.744 -0.76139003 -1.404 -1.404 -1.404 -1.306 -1.306 -1.306 -0.736 -0.736 -0.698 -0.698 -0.698 -0.69799966 -0.22999963 -0.22999984 -0.17345774 -0.17206218 -0.56754675 -0.568 -0.568 -0.568 -0.568 -0.326 -0.326 -0.326 0.14457822 0.172 0.172 0.17199991 0.16 0.16 0.16000576 0.32 0.3199941 0.188 0.568
0.044112802 0.043999923 -0.398 -0.398 -0.398 -0.148 -0.148 -0.148 0.14 0.14 0.264 0.264 0.264 -0.862 -0.862 -0.862 -0.862 -0.8620597 -1.404 -1.404 -1.404 -1.306 -1.306 -1.306 -0.736 -0.736 -0.698 -0.698 -0.698 -0.23527673 -0.23 -0.23 -0.23 -0.23 -0.56783322 -0.568 -0.568 -0.568 -0.568 -0.83999987 -0.84 -0.84 -0.84 0.17199627 -0.314 -0.314 -0.314 0.244 0.244 0.244 0.188 0.188 0.188
0.044 0.044 -0.398 -0.398 -0.398 -0.14931404 -0.148 0.14 0.14 0.14 0.26398474 0.264 -0.34394079 -0.86199991 -0.862 -0.862 -0.862 -1.144 -1.144 -1.144 -1.282 -1.282 -1.3059999 -1.306 -1.3056775 -1.032 -1.032 -1.0319992 -0.69805398 -0.012043444 -0.01200116 -0.01203806 -0.22962742 -0.22981187 -0.50765993 -0.56800013 -0.56916623 -0.916 -0.916 -0.84 -0.84 -0.84 -0.84 -0.314 -0.314 -0.314 -0.314 0.244 0.244 0.244 0.188 0.188 0.188
0.044 0.044 -0.398 -0.398 -0.398 -0.398 -0.040210013 0.14 0.14 0.14 0.13965752 -0.48 -0.48 -0.48 -0.85974879 -0.862 -1.1421208 -1.144 -1.144 -1.144 -1.282 -1.282 -1.282 -1.282 -1.032 -1.032 -1.032 -1.032 -1.032 -0.012 -0.012 -0.012 -0.012 -0.012000455 -0.228 -0.916 -0.916 -0.916 -0.916 -0.91600133 -1.348 -1.348 -1.348 -1.0740001 -0.506 -0.506 -0.506 0.24399998 0.24399961 -0.154 -0.154 0.07802676 0.078
0.044 0.044 -0.23846904 -0.398 -0.398 -0.39800001 -0.99997349 0.13640105 0.14 0.14 -0.48000008 -0.48 -0.48 -0.48 -0.48 -0.51141008 -1.144 -1.144 -1.144 -1.144 -1.2819989 -1.282 -1.282 -1.282 -1.032 -1.032 -1.032 -1.032 -1.032 -0.51744619 -0.012 -0.012 -0.012 -0.228 -0.228 -0.22853425 -0.916 -0.916 -0.81695098 -0.74000002 -1.348 -1.348 -1.348 -1.077021 -0.506 -0.506 -0.506 -0.166 -0.15414952 -0.154 -0.154 0.078 0.078
-0.91 -0.91 -0.91 -0.52637247 -0.39912236 -1.002 -1.002 -1.002 -1.002 -0.858 -0.858 -0.48000003 -0.48 -0.48 -0.48 -0.48004208 -1.144 -1.144 -1.144 -1.144 -1.2217813 -1.282 -1.282 -1.2723169 -0.91734347 -1.032 -1.032 -1.032 -0.696 -0.696 -0.696 -0.69599713 -0.228 -0.228 -0.228 -0.228 -0.74 -0.74 -0.74 -0.74 -0.958 -0.958 -0.958 -0.37401174 -0.374 -0.374 -0.37400004 -0.166 -0.166 -0.15401462 -0.154 0.077999617 0.078
-0.91 -0.91 -0.91 -0.91001368 -1.164 -1.1404425 -1.002 -1.002 -1.002 -0.858 -0.858 -0.858 -0.524 -0.524 -0.524 -0.52400001 -1.1440586 -1.144 -1.144 -1.144 -1.1460724 -0.91200102 -0.912 -0.912 -0.912 -0.91200001 -1.112 -1.112 -0.696 -0.696 -0.696 -0.696 -0.2280002 -0.228 -0.228 -0.22802232 -0.73999999 -0.74 -0.74 -0.73799961 -0.958 -0.958 -0.958 -0.37402708 -0.374 -0.374 -0.374 -0.166 -0.166 -0.16599998 0.002 0.002 0.3
-0.91 -0.91 -0.91 -1.1639994 -1.164 -1.164 -1.0020001 -1.002 -1.002 -0.858 -0.858 -0.858 -0.524 -0.524 -0.524 -0.57365603 -1.176 -1.176 -1.1759999 -1.1441807 -0.912 -0.912 -0.912 -0.912 -0.912 -0.91215051 -1.112 -1.112 -1.112 -0.696 -0.696 -0.69598069 -0.502 -0.502 -0.502 -0.256 -0.256 -0.284 -0.284 -0.284 0.256 -0.9576192 -0.95799127 0.212 0.212 0.18979127 -0.3739981 -0.166 -0.166 0.002 0.002 0.002 0.3
-0.91 -0.91 -0.91 -1.164 -1.164 -1.164 -1.164 -1.002 -1.002 -0.858 -0.858 -0.53735518 -0.524 -0.524 -0.524 -1.176 -1.176 -1.176 -1.176 -1.176 -0.912 -0.912 -0.912 -0.912 -0.912 -1.1119993 -1.112 -1.112 -1.112 -0.666 -0.666 -0.666 -0.502 -0.502 -0.502 -0.256 -0.256 -0.284 -0.284 0.256 0.256 0.256 0.212 0.212 0.212 0.212 0.22530787 0.374 0.374 0.374 0.0020000089 0.464 0.464
-0.91 -0.91 -0.91035371 -1.164 -1.164 -1.164 -1.164 -1.1221115 -1.12 -1.1195502 -0.858 -0.52402831 -0.524 -0.524 -0.52400226 -1.176 -1.176 -1.176 -1.176 -1.176 -1.1690263 -0.912 -0.912 -0.912 -0.91206097 -1.1120054 -1.112 -1.112 -1.112 -0.666 -0.666 -0.666 -0.66597592 -0.502 -0.256 -0.256 -0.256 -0.25600103 -0.28396317 0.256 0.256 0.256 0.21200267 0.212 0.212 0.212 0.37400061 0.374 0.374 0.374 0.464 0.464 0.464
-0.894 -0.89400003 -1.1638569 -1.164 -1.164 -1.164 -1.1200094 -1.12 -1.12 -1.12 -0.86200001 -0.862 -0.862 -0.862 -1.1745507 -1.176 -1.176 -1.176 -1.176 -1.18 -1.18 -1.18 -1.208 -1.208 -1.208 -1.208 -1.199714 -1.112 -0.61602031 -0.616 -0.616 -0.616 -0.616 -0.082000001 -0.082 -0.082 -0.082 -0.082 0.066 0.066 0.066 0.066 0.066 0.43566234 0.436 0.436 0.436 0.374 0.374 0.374 0.46398582 0.464 0.464
-0.894 -0.894 -0.89093575 -0.52800128 -0.52800014 -0.52857755 -1.12 -1.12 -1.12 -1.12 -0.862 -0.862 -0.862 -0.862 -0.862 -1.176 -1.176 -1.176 -1.18 -1.18 -1.18 -1.18 -1.208 -1.208 -1.208 -1.208 -1.208 -1.2079791 -0.61596679 -0.616 -0.616 -0.616 -0.61598666 -0.058190132 -0.081975346 -0.082 -0.082 -0.081999999 0.066 0.066 0.066 0.066 0.066000001 0.436 0.436 0.436 0.436 0.40700759 0.374 0.74580499 0.75 0.354 0.354
-0.894 -0.894 -0.52804636 -0.528 -0.528 -0.528 -0.6783655 -1.12 -1.12 -1.12 -0.862 -0.862 -0.862 -0.862 -0.862 -1.175761 -1.176 -1.1799988 -1.18 -1.18 -1.18 -1.18 -1.1976272 -1.208 -1.208 -1.208 -1.208 -1.2075199 -0.53 -0.53 -0.53 -0.53 -0.53 -0.04 -0.04 -0.04 -0.04 -0.04 0.168 0.168 0.168 0.168 0.168 0.43651763 0.43600011 0.436 0.43603594 0.44036923 0.75 0.75 0.75 0.35400222 0.354
-0.89399951 -0.63122492 -0.52800001 -0.528 -0.528 -0.528 -0.528 -1.1197479 -1.12 -1.12 -0.862 -0.862 -0.862 -0.862 -1.1416476 -1.148 -1.148 -1.1799992 -1.18 -1.18 -1.18 -1.18 -1.1800001 -1.208 -1.208 -1.208 -1.208 -0.83599972 -0.83599986 -0.77087576 -0.53 -0.53 -0.53 -0.040000001 -0.04 -0.04 -0.04 -0.040131393 0.168 0.168 0.168 0.168 0.1680164 0.648 0.648 0.648 0.648 0.64800823 0.75 0.75 0.75 0.74999989 0.56484833
-0.626 -0.626 -0.55959151 -0.528 -0.528 -0.528 -0.528 -0.528 -1.1197467 -0.77200001 -0.772 -0.772 -0.77221359 -1.1479996 -1.148 -1.148 -1.148 -1.148 -1.1800024 -1.2001042 -1.376 -1.376 -1.376 -1.3327314 -1.1982356 -1.1459879 -1.1017583 -0.836 -0.836 -0.836 -0.836 -0.836 -0.82244762 -0.23833223 -0.234 -0.234 -0.234 -0.234 0.20820047 0.38199962 0.382 0.382 0.382 0.46600053 0.64799995 0.648 0.648 0.808 0.75000093 0.75 0.75 0.568 0.568
-0.626 -0.626 -0.3 -0.3 -0.3 -0.52792405 -0.528 -0.528 -0.772 -0.772 -0.772 -0.772 -0.772 -1.148 -1.148 -1.148 -1.148 -1.148 -1.376 -1.376 -1.376 -1.376 -1.376 -1.086 -1.086 -1.086 -1.086 -0.836 -0.836 -0.836 -0.836 -0.836 -0.62 -0.62 -0.234 -0.234 -0.234 -0.010038147 -0.01 0.382 0.382 0.382 0.38200004 0.466 0.466 0.466 0.808 0.808 0.808 0.568 0.568 0.568 0.568
-0.626 -0.626 -0.3 -0.3 -0.3 -0.3 -0.30000117 -0.514 -0.77175709 -0.772 -0.772 -0.772 -0.772 -1.1433097 -1.148 -1.148 -1.148 -1.148 -1.376 -1.376 -1.376 -1.376 -1.376 -1.086 -1.086 -1.086 -1.086 -1.085999 -0.836 -0.836 -0.836 -0.62001132 -0.62 -0.62 -0.62 -0.234 -0.010000003 -0.01 -0.01 0.00031425484 0.60624025 0.648 0.648 0.466 0.466 0.466 0.808 0.808 0.808 0.568 0.568 0.568 0.51546845
-0.352 -0.35200215 -0.3 -0.3 -0.3 -0.3 -0.514 -0.514 -0.514 -0.772 -0.772 -0.772 -0.772 -0.77211689 -1.148 -1.148 -1.148 -1.148 -1.3759957 -1.376 -1.376 -1.376 -1.1370725 -1.086 -1.086 -1.086 -1.086 -0.97800009 -0.978 -0.978 -0.83751597 -0.62 -0.62 -0.62 -0.61999923 0.18999999 -0.01 -0.01 -0.01 -0.0099999942 0.648 0.648 0.648 1.144 1.144 1.144 1.2479571 0.808 0.808 0.568 0.568 0.568 0.51000055
