interpolatedSpi/04-04|22_2.tif
NCOLS 53
NROWS 52
XLLCORNER -116.03883
YLLCORNER 28.596182
DX 0.49850594
DY 0.49788537
NODATA_VALUE -9999
0.855 0.855 0.71684189 0.425 1.545 0.655 0.73 1.275 0.82261698 0.43 0.165 -0.15 0.045056818 0.735 0.955 0.955 0.955 0.515 0.5 0.5 0.5 0.49999345 -0.18 -0.05 -0.05 -0.05 0.24499062 0.245 0.245 0.14 0.14 0.14 0.14 0.56999991 0.57 0.57 0.57 0.57 0.57 0.56999997 -0.48859643 -0.50013944 -1.05 -1.05 -1.05 -1.05 -1.0507595 -1.515 -1.515 -1.515 1.2599942 1.26 1.26 
0.85494513 -0.38 0.2949999 0.3703801 0.43023969 1.28 1.21 0.7801244 0.175 -0.31 -0.245 0.045 0.045 0.10710072 0.73499433 0.955 0.515 0.515 0.50001956 0.5 0.5 0.5 -0.039998953 -0.05 -0.05 -0.05 0.41499997 0.415 0.14 0.14 0.14 0.14 0.14 0.56999994 0.57 0.57 0.57 0.57 0.57000005 0.70403607 1.3749593 -0.7557455 -1.05 -1.05 -1.05 -1.05 -1.05 -1.515 -1.515 -1.515 -1.2848943 1.26 1.26 
0.64499605 0.645 0.21 0.89 -0.11 -0.09 0.325 0.3 -0.55 -0.165 -0.285 -0.685 0.075 0.085 0.105 -0.53 0.515 0.515 0.515 0.005143898 0.005 0.005 0.14 -0.05 -0.05 -0.05 0.415 0.415 0.415 0.14 0.14 0.13999998 -0.093479033 0.57062184 0.5765155 1.2635856 1.27 1.27 1.2832062 1.375 1.375 1.371899 -1.05 -1.05 -1.05 -1.05 -1.05 -1.515 -1.515 -1.515 -1.515 1.26 1.26 
-0.255 0.64499987 0.024976256 1.37 -0.245 -0.12 -0.105 -0.425 0.185 0.17798027 -0.135 -0.325 -0.585 0.085 -0.21 -0.53 -0.40099462 -0.3993589 0.04 0.005 0.005 -0.495 0.14 0.14 -0.05 -0.049997678 0.415 0.415 0.415 -0.395 -0.36756611 -0.345 -0.345 -0.34499873 1.27 1.27 1.27 1.27 1.375 1.375 1.375 1.3749999 -1.05 -1.05 -1.05 -1.05 -1.05 -1.5149941 -1.515 -1.515 -1.515 1.2599843 1.26 
-0.255 0.41499928 0.025 -0.090806281 -0.245 -0.285 0.32995003 -0.15 -0.245 -0.18500008 -0.13995682 -0.11498496 -0.01 -0.21 -0.21 -0.42206895 -0.4 -0.4 0.04 0.04 0.004998989 -0.495 -0.295 0.11 -0.15 -0.15010978 0.415 0.415 -0.395 -0.395 -0.345 -0.345 -0.345 -0.29219942 1.27 1.27 1.27 1.375 1.375 1.375 1.375 1.3750536 -1.05 -1.05 -1.05 -1.05 -1.05 -1.0541391 -1.515 -1.5148971 0.78 0.78 0.78 
-2.035 -0.405 0.14000002 0.38 -0.59 -0.01 -0.47 -0.42903084 -0.055 -0.225 -0.415 -0.095 -0.094999944 -0.105 -0.105 -0.23488773 -0.235 -0.135 -0.135 0.040000313 -0.62 -0.62 0.11 -0.15 -0.15 -0.62 -0.475 -0.475 -0.21001765 -0.395 -0.345 -0.345 -0.065 -0.064963952 0.27997552 1.035 1.035 1.2698132 1.375 1.375 1.9293078 1.93 1.9300012 0.69857812 0.72980327 0.72999953 0.72999994 0.72999933 0.87566487 0.78 0.78 0.78 0.78 
-0.42000685 -1.63 -1.4995236 -0.85 -0.09 -1.04 -0.63499999 -1.2 -0.725 -0.725 -0.415 0.33 -0.65499978 -0.105 0.229999 0.23 -0.235 0.54 0.395 0.395 -0.75195417 -0.9 -0.9 -0.67499999 -0.62 -0.62 -0.475 -0.475 -0.2100373 -0.21068667 0.32636034 -0.065 -0.065 0.28 0.28 1.225624 1.035 1.035 1.6999769 1.9299997 1.93 1.93 1.9300059 0.7300041 0.73 0.73 0.73 0.73000015 0.975 0.78003864 0.78 0.78 0.78 
-0.42 -0.015 -0.99 -1.78 -1.3600241 -0.885 -1.25 -1.13 -0.505 -0.905 -0.905 0.135 -0.655 -0.655 0.22392808 0.16169323 0.155 0.35 -0.34999924 0.395 -0.18918976 -0.075 -1.055 -0.29 -0.2900049 -0.67 -0.215 -0.21500009 -0.84775735 -0.84999997 0.33 -0.58982642 -0.285 0.28 0.3013909 1.385 1.385 1.7 1.7 1.93 1.93 1.93 1.4694487 1.465 0.73 0.73 0.73 0.97499067 0.975 0.975 0.78 0.78 0.78 
-0.15306114 -0.015 0.45 -0.795 -1.55 -1.505 -0.855 -0.2 -0.435 -0.092101827 -0.16 -0.3 -0.3 -0.005 -0.0050074286 -0.099289294 -0.1 -0.1 0.24314393 -0.87500011 -1.42 -1.42 0.265 -0.5348097 -0.63170603 -0.67 -0.025 -0.215 0.80404372 0.81 -0.675 0.5 0.32623696 0.295 1.03 1.095 1.845 0.85 1.9245036 1.9323435 2.455 2.12 1.4650423 1.465 1.460863 0.73 0.39000002 0.97499999 0.975 0.975 0.975 0.87960595 0.675 
-0.925 -0.925 0.175 -0.43 -1.22 -1.52 -0.97 -1.425 -0.52 -0.0051864843 -0.44 0.925 -0.005 -0.005 -0.795 -0.78546776 -0.1 -0.10005771 -0.375 -0.875 -0.875 -0.94521429 0.265 0.29499943 0.295 0.295 -0.025 -0.25 -0.25 0.81 0.81 0.49934567 0.155 0.295 1.135 1.095 1.845 1.19 1.925 1.787269 2.12 1.9749009 1.725 1.465 1.465 0.39 0.39 0.39 0.975 0.975 1.58 1.58 1.5799997 
-0.925 -0.925 -0.02 -0.615 -1.465 -1.185 -1.8 -0.31078418 -0.79 -0.385 -0.56 -0.72 0.92280864 -0.795 -0.795 -0.79492675 -0.16 -0.17128421 -0.375 -0.495 -0.495 -0.95 -0.95 0.295 0.295 0.295 -0.25 -0.25 -0.25 0.18 0.18 0.17999996 0.945 0.945 0.79 0.895 1.895 1.5450003 1.81 1.785 1.785 1.3750012 1.725 1.465 1.0650003 1.34 1.6346165 1.64 1.975 1.975 1.58 1.58 1.58 
-0.925 -0.53435822 -0.27390772 -0.94998879 -0.56 -1.775 -1.8 -0.31 -0.78999599 -0.38948691 -0.71999956 -0.72 -0.47 -0.795 -0.795 -0.16000002 -0.16 -0.16001224 -0.375 -0.495 -0.58435274 -0.95 -0.95 0.29495001 0.295 0.087906676 -0.335 -0.335 -0.33499999 0.18 0.18 -0.265 -0.265 0.94499958 0.79 1.1250001 1.8436862 1.545 1.545 1.785 1.375 1.375 1.3749978 1.065 1.065 1.34 1.64 1.64 1.975 1.975 1.58 1.58 1.58 
-0.29 -0.11980717 -0.12001786 -0.12600936 -0.56000627 -1.7749713 -1.8 -0.32834105 -0.75692309 -0.77942437 -0.47 -0.47 -0.47 -0.47 -0.79495396 -0.16 -0.16 -0.16277599 -0.375 -0.49509039 -0.81 -0.81 -0.81 -0.81 0.27577819 -0.335 -0.335 -0.335 -0.335 -0.3346097 -0.265 -0.265 -0.265 -0.265 1.125 1.125 1.125 1.524784 1.5403435 0.925 0.925 1.3749758 1.1449973 1.0650077 1.065 1.34 1.64 1.64 1.975 1.975 1.581433 1.58 2.2777262 
-0.29 -0.12 -0.12 -0.12 -0.12 -0.12000069 -1.7999358 -1.0950497 -0.66867694 -0.4703345 -0.47 -0.47 -0.47 -0.47 -0.47000006 -0.16000001 -0.16000003 -0.17474753 -0.37499841 -0.81 -0.81 -0.81 -0.81 -0.81 -0.79216426 -0.11078457 -0.010000067 -0.01 -0.01 -0.01 -0.265 -0.265 -0.26499995 -0.225 -0.225 1.125 0.5611288 0.545 0.92499978 0.925 0.925 0.925 1.145 1.145 1.145 1.146357 1.3617595 1.36 1.36 1.36 1.36 1.605 1.605 
-0.425 -0.12 -0.12 -0.12 -0.12 -0.12 -0.12000011 -1.3185787 -0.54557337 -0.545 -0.545 -0.545 -0.545 -0.545 -0.545 -0.29022141 -0.16200281 -0.18944076 -0.80994523 -0.81 -0.81 -0.81 -0.81 -0.80999894 0.015 0.015 0.014999965 -0.01 -0.01 -0.010110134 -0.065 -0.065 -0.225 -0.225 -0.225 0.42165439 0.545 0.545 0.545 0.925 0.925 0.925 1.145 1.145 1.145 1.145 1.36 1.36 1.36 1.36 1.36 1.605 1.605 
-0.425 -0.31145196 -0.12 -0.12 -0.12 -0.12 -0.98982925 -0.99 -0.98999999 -0.545 -0.545 -0.545 -0.545 -0.545 -0.48764218 -0.285 -0.285 -0.285 0.097228556 0.099999071 0.1 0.1 0.1 0.1 0.015 0.015 0.015 0.015 -0.01 -0.065 -0.065 -0.065 -0.22499999 -0.225 -0.225 0.565 0.54502648 0.545 0.545 0.92482461 0.57497028 -0.24150313 1.145 1.145 0.33251514 0.33 0.33 1.3588457 0.66244618 0.66000006 0.66000013 1.2400551 1.6049993 
-0.425 -1.0770055 -0.61339489 -0.12 -0.12 -0.98948596 -0.99 -0.99 -0.99 -0.9867932 -0.545 -0.545 -0.545 -0.54499997 -0.285 -0.285 -0.285 -0.285 0.099656087 0.1 0.1 0.1 0.1 0.1 0.015000002 0.015 0.015 0.015 0.014709008 -0.065 -0.065 -0.065 -0.31499999 -0.22492181 0.565 0.565 0.565 0.5608763 -0.19497463 -0.245 -0.245 -0.245 0.205 0.205 0.33 0.33 0.33 0.66 0.66 0.66 0.66 1.24 1.24 
-1.0944324 -1.095 -1.095 -1.095 -1.205 -0.99000555 -0.99 -0.99 -0.99 -0.99 -0.57225512 -0.54500469 -0.54500001 -0.285 -0.285 -0.285 -0.285 -0.285 -0.25923703 0.1 0.1 0.1 0.1 0.1 -0.21563612 -0.65999634 -0.66 -0.66 -0.66 -0.065000013 -0.315 -0.315 -0.315 -0.315 0.565 0.56499012 0.19 0.19 -0.23956838 -0.245 -0.245 -0.245 0.205 0.205 0.3106457 0.33 0.33 0.66 0.66 0.66 0.66621911 1.24 1.24 
-1.095 -1.095 -1.095 -1.1468006 -1.205 -1.205 -0.99 -0.99 -0.99 -0.99 -0.905 -0.905 -0.905 -0.285 -0.285 -0.285 -0.285 -0.28496364 -0.355 -0.355 0.099999815 0.1 0.085879442 -0.48 -0.48162046 -0.66 -0.66 -0.66 -0.66 -0.31503513 -0.315 -0.315 -0.315 -0.315 0.19000132 0.19 0.19 0.19 0.18840222 -0.245 -0.245 -0.245 0.205 0.205 0.205 0.33 0.33 0.65999999 0.66 0.66 1.24 1.24 1.24 
-1.095 -1.095 -1.095 -1.205 -1.205 -1.205 -1.2049997 -0.99 -0.99 -0.90508774 -0.905 -0.905 -0.905 -0.90461371 -0.10692707 -0.065 -0.065 -0.065000001 -0.355 -0.355 -0.355 -0.48 -0.48 -0.48 -0.48002101 -0.60492495 -0.66 -0.66 -0.66 -0.88814426 -1.0099316 -1.01 -1.01 -1.01 -0.30155105 -0.98999732 -0.99 -0.99 -0.99 -0.47996785 -0.48 -0.48 0.205 0.205 0.24499983 0.24499997 0.165 0.165 0.205 0.205 0.205 1.24 0.82037553 
-1.0950006 -1.095 -1.095 -1.205 -1.205 -1.205 -1.205 -1.4549999 -0.99185925 -0.90543072 -0.905 -0.905 -0.905 -0.90335169 -0.065 -0.065 -0.065 -0.065000083 -0.355 -0.355 -0.355 -0.48 -0.48 -0.48 -0.555 -0.555 -0.865 -0.865 -0.865 -0.86579102 -1.01 -1.01 -1.01 -1.01 -1.0000055 -0.99 -0.99 -0.99 -0.99 -0.48 -0.48 -0.48 -0.45718873 0.245 0.245 0.245 0.165 0.165 0.205 0.205 0.205 0.81999998 0.82 
-1.28 -1.2058543 -1.875 -1.8748056 -1.205 -1.4535535 -1.455 -1.455 -1.4313154 -1.38 -1.38 -1.38 -1.38 -0.15004004 -0.15 -0.065000065 -0.065 -0.072641074 -0.355 -0.355 -0.355 -1.035 -1.035 -1.035 -0.555 -0.555 -0.865 -0.865 -0.865 -0.86500081 -1.9799938 -1.9799973 -1.0343795 -1.0110399 -1.0949061 -1.095 -1.095 -1.095 -1.095 -0.48 -0.48 -0.48 0.20507914 0.245 0.245 0.24499993 0.165 0.165 0.16500144 0.205 0.20502213 0.7 0.82 
-1.085037 -1.0850001 -1.875 -1.875 -1.875 -1.455 -1.455 -1.455 -1.39 -1.39 -1.38 -1.38 -1.38 -0.15 -0.15 -0.15 -0.15 -0.15002243 -0.355 -0.355 -0.35500003 -1.035 -1.035 -1.035 -0.555 -0.555 -0.865 -0.865 -0.865 -1.9674283 -1.98 -1.98 -1.98 -1.98 -1.0954367 -1.095 -1.095 -1.095 -1.095 -0.61499996 -0.615 -0.615 -0.615 0.24499701 -0.145 -0.145 -0.145 0.61 0.61 0.61 0.7 0.7 0.7 
-1.085 -1.085 -1.875 -1.875 -1.875 -1.4572076 -1.455 -1.39 -1.39 -1.39 -1.3800012 -1.38 -1.0531501 -0.15000019 -0.15 -0.15 -0.15 -0.465 -0.465 -0.465 -0.43500001 -0.43500045 -1.0349971 -1.035 -1.0347644 -0.865 -0.865 -0.865 -0.865 -1.0801794 -1.0800048 -1.0801571 -1.9784618 -1.9792233 -1.2520383 -1.0950001 -1.0958881 -1.36 -1.36 -0.615 -0.615 -0.615 -0.615 -0.145 -0.145 -0.145 -0.145 0.61 0.61 0.61 0.7 0.7 0.7 
-1.085 -1.085 -1.875 -1.875 -1.875 -1.875 -1.4306724 -1.39 -1.39 -1.39 -1.3897735 -0.98 -0.98 -0.98 -0.15489138 -0.15 -0.46290092 -0.465 -0.465 -0.465 -0.435 -0.435 -0.435 -0.435 -0.865 -0.865 -0.865 -0.865 -0.865 -1.08 -1.08 -1.08 -1.08 -1.0800003 -1.245 -1.36 -1.36 -1.36 -1.36 -1.3599965 -0.365 -0.365 -0.365 -0.11443466 0.405 0.405 0.405 0.60999999 0.60999965 0.245 0.245 0.59002676 0.59 
-1.085 -1.085 -1.5898655 -1.875 -1.875 -1.875 -1.2851863 -1.3896691 -1.39 -1.39 -0.98000001 -0.98 -0.98 -0.98 -0.98 -0.91189096 -0.465 -0.465 -0.465 -0.465 -0.43500023 -0.435 -0.435 -0.435 -0.865 -0.865 -0.865 -0.865 -0.865 -1.08 -1.08 -1.08 -1.08 -1.245 -1.245 -1.2450893 -1.36 -1.36 -0.91259108 -0.56500007 -0.365 -0.365 -0.365 -0.11846696 0.405 0.405 0.405 0.31 0.24580989 0.245 0.245 0.59 0.59 
-0.855 -0.855 -0.855 -1.619258 -1.8737347 -1.285 -1.285 -1.285 -1.285 -1.05 -1.05 -0.98 -0.98 -0.98 -0.98 -0.97996735 -0.465 -0.465 -0.465 -0.465 -0.44809103 -0.435 -0.435 -0.43251381 -0.36337765 -0.865 -0.865 -0.865 -1.08 -1.08 -1.08 -1.08 -1.245 -1.245 -1.245 -1.245 -0.565 -0.565 -0.565 -0.565 0.25 0.25 0.25 0.16500171 0.165 0.165 0.16500008 0.31 0.31 0.2450792 0.245 0.59000023 0.59 
-0.855 -0.855 -0.855 -0.85500835 -1.01 -1.0499895 -1.285 -1.285 -1.285 -1.05 -1.05 -1.05 -0.68000001 -0.68 -0.68 -0.68 -0.46541216 -0.465 -0.465 -0.465 -0.46453991 -0.34000026 -0.34 -0.34 -0.34 -0.34 -0.13000001 -0.13 -1.08 -1.08 -1.08 -1.08 -1.2449998 -1.245 -1.245 -1.244976 -0.56499999 -0.565 -0.565 -0.56381556 0.25 0.25 0.25 0.16500394 0.165 0.165 0.165 0.31 0.31 0.31000004 0.635 0.635 0.755 
-0.855 -0.855 -0.855 -1.0099996 -1.01 -1.01 -1.2849999 -1.285 -1.285 -1.05 -1.05 -1.05 -0.68 -0.68 -0.68 -0.6807616 -0.69 -0.69 -0.68999942 -0.46627086 -0.34 -0.34 -0.34 -0.34 -0.34 -0.33984196 -0.13 -0.13 -0.13 -1.08 -1.08 -1.0799775 -0.95 -0.95 -0.95 -0.39 -0.39 -0.295 -0.295 -0.295 0.145 0.24996706 0.25000153 0.455 0.455 0.44400933 0.16500101 0.31 0.31 0.635 0.635 0.635 0.755 
-0.855 -0.855 -0.855 -1.01 -1.01 -1.01 -1.01 -1.285 -1.285 -1.05 -1.05 -0.69479466 -0.68 -0.68 -0.68 -0.69 -0.69 -0.69 -0.69 -0.69 -0.34 -0.34 -0.34 -0.34 -0.34 -0.13000072 -0.13 -0.13 -0.13 -1.045 -1.045 -1.045 -0.95 -0.95 -0.95 -0.39 -0.39 -0.295 -0.295 0.145 0.145 0.145 0.455 0.455 0.455 0.455 0.48868041 0.865 0.865 0.865 0.63500001 1.105 1.105 
-0.855 -0.855 -0.85521584 -1.01 -1.01 -1.01 -1.01 -1.1290015 -1.135 -1.1348541 -1.05 -0.67999916 -0.68 -0.68 -0.68000003 -0.69 -0.69 -0.69 -0.69 -0.69 -0.19138148 -0.34 -0.34 -0.34 -0.339931 -0.12999297 -0.13 -0.13 -0.13 -1.045 -1.045 -1.045 -1.0449835 -0.95 -0.39 -0.39 -0.39 -0.3899961 -0.29496999 0.145 0.145 0.145 0.45498118 0.455 0.455 0.455 0.86499836 0.865 0.865 0.865 1.105 1.105 1.105 
-1.08 -1.0799996 -1.009921 -1.01 -1.01 -1.01 -1.1349734 -1.135 -1.135 -1.135 -0.67000001 -0.67 -0.67 -0.67 -0.68990769 -0.69 -0.69 -0.69 -0.69 -0.1850003 -0.185 -0.185 -0.0050000558 -0.005 -0.005 -0.005 -0.015789108 -0.13 -0.70497645 -0.705 -0.705 -0.705 -0.705 -0.405 -0.405 -0.405 -0.405 -0.405 0.315 0.315 0.315 0.315 0.315 0.70462314 0.705 0.705 0.705 0.865 0.865 0.865 1.1049622 1.105 1.105 
-1.08 -1.08 -1.0788278 -0.94000014 -0.94000002 -0.94019014 -1.135 -1.135 -1.135 -1.135 -0.67 -0.67 -0.67 -0.67 -0.67 -0.69 -0.69 -0.69 -0.18500013 -0.185 -0.185 -0.185 -0.0050000006 -0.005 -0.005 -0.005 -0.005 -0.0050271538 -0.70502703 -0.705 -0.705 -0.705 -0.70501086 -0.2661091 -0.40485618 -0.405 -0.405 -0.405 0.315 0.315 0.315 0.315 0.315 0.705 0.705 0.705 0.705 0.77981913 0.865 1.0331033 1.035 0.925 0.925 
-1.08 -1.08 -0.94001773 -0.94 -0.94 -0.94 -0.98952918 -1.135 -1.135 -1.135 -0.67 -0.67 -0.67 -0.67 -0.67 -0.68998516 -0.69 -0.18514806 -0.185 -0.185 -0.185 -0.185 -0.071682166 -0.005 -0.005 -0.005 -0.005 -0.0055452515 -0.775 -0.775 -0.775 -0.775 -0.775 -0.16 -0.16 -0.16 -0.16 -0.16 0.075 0.075 0.075 0.075 0.075000003 0.70480467 0.70499996 0.705 0.70498644 0.70341582 1.035 1.035 1.035 0.92500062 0.925 
-1.0800001 -1.1437328 -0.94000003 -0.94 -0.94 -0.94 -0.94 -1.134917 -1.135 -1.135 -0.67 -0.67 -0.67 -0.67 -0.72866732 -0.73 -0.73 -0.18501403 -0.185 -0.185 -0.185 -0.185 -0.18500005 -0.005 -0.005 -0.005 -0.005 -0.55500019 -0.5550001 -0.60182135 -0.775 -0.775 -0.775 -0.16 -0.16 -0.16 -0.16 -0.15999661 0.075 0.075 0.075 0.075 0.075001532 0.625 0.625 0.625 0.625 0.62503307 1.035 1.035 1.035 1.0349998 0.64419732 
-1.145 -1.145 -1.0967449 -0.94 -0.94 -0.94 -0.94 -0.94 -1.1349158 -0.68000001 -0.68 -0.68 -0.67997627 -0.72999991 -0.73 -0.73 -0.73 -0.73 -0.18500324 -0.21269457 -0.455 -0.455 -0.455 -0.34425357 -0.074231464 -0.4446759 -0.75707828 -0.555 -0.555 -0.555 -0.555 -0.555 -0.56748157 -0.1638665 -0.155 -0.155 -0.155 -0.155 0.078756974 0.094999964 0.095 0.095 0.095 0.5900001 0.62499999 0.625 0.625 0.555 1.0349923 1.035 1.035 0.64 0.64 
-1.145 -1.145 -1.075 -1.075 -1.075 -0.94004497 -0.94 -0.94 -0.68 -0.68 -0.68 -0.68 -0.68 -0.73 -0.73 -0.73 -0.73 -0.73 -0.455 -0.455 -0.455 -0.455 -0.455 -0.86999998 -0.87 -0.87 -0.87 -0.555 -0.555 -0.555 -0.555 -0.555 -0.945 -0.945 -0.15500001 -0.155 -0.155 -0.10500851 -0.105 0.095 0.095 0.095 0.095000059 0.59 0.59 0.59 0.555 0.555 0.555 0.445 0.445 0.64 0.64 
-1.145 -1.145 -1.075 -1.075 -1.075 -1.075 -1.0749989 -0.875 -0.6801836 -0.68 -0.68 -0.68 -0.68 -0.7293763 -0.73 -0.73 -0.73 -0.73 -0.45500001 -0.455 -0.455 -0.455 -0.455 -0.87 -0.87 -0.87 -0.87 -0.86999875 -0.555 -0.555 -0.555 -0.94497955 -0.945 -0.945 -0.945 -0.155 -0.105 -0.105 -0.105 -0.099737625 0.41955826 0.48 0.48 0.59 0.59 0.59 0.555 0.555 0.555 0.445 0.445 0.445 0.55395695 
-1.045 -1.0450008 -1.075 -1.075 -1.075 -1.075 -0.875 -0.875 -0.875 -0.68 -0.68 -0.68 -0.68 -0.68001554 -0.73 -0.73 -0.73 -0.73 -0.45500479 -0.455 -0.455 -0.455 -0.79688585 -0.87 -0.87 -0.87 -0.87 -1.1699998 -1.17 -1.17 -0.56161518 -0.945 -0.945 -0.945 -0.94499972 -0.655 -0.105 -0.105 -0.105 -0.10499999 0.48 0.48 0.48 0.555 0.555 0.555 0.57999757 0.555 0.555 0.445 0.445 0.445 0.54499964 
-1.045 -1.045 -1.075 -1.075 -1.075 -0.875 -0.875 -0.875 -0.875 -0.7013769 -0.68 -0.68 -0.68 -0.68000214 -1.2999344 -1.3 -1.3 -1.3 -0.2137475 -0.3 -0.3 -0.3 -0.3 -0.87 -0.87 -0.87 -0.87001979 -1.17 -1.17 -1.17 -1.17 -0.94502118 -0.78188339 -0.655 -0.655 -0.655 -0.10496451 -0.095000208 -0.095 -0.095 0.48001567 0.5 0.5 0.555 0.555 0.55500011 0.58 0.58 0.655 0.655 0.655 0.48 0.415 
-1.045 -1.045 -0.955 -0.955 -0.955 -0.875 -0.875 -0.875 -0.875 -0.735 -0.735 -0.735 -0.735 -0.77481687 -1.3 -1.3 -1.3 -1.3 -0.21 -0.3 -0.3 -0.3 -0.3 -1.285 -1.2849998 -0.87000061 -1.17 -1.17 -1.17 -1.17 -1.1775941 -1.185 -0.71806273 -0.655 -0.655 -0.655 -0.095 -0.095 -0.095 -0.095 0.5 0.5 0.5 0.66494797 0.665 0.58038207 0.58 0.58 0.65499918 0.655 0.48 0.48 0.415 
-1.045 -0.955 -0.955 -0.955 -0.955 -0.955 -0.87558222 -0.95 -0.95 -0.735 -0.735 -0.735 -0.735 -0.73513381 -1.3 -1.3 -1.3 -1.2507503 -0.21 -0.21 -0.3 -0.3 -1.285 -1.285 -1.285 -1.285 -1.17 -1.17 -1.17 -1.17 -1.185 -1.185 -1.185 -0.65553632 -0.655 -0.655 -0.095 -0.095 -0.095 -0.095 0.5 0.5 0.5 0.665 0.665 0.66500028 0.67 0.67 0.485 0.485 0.48 0.48 0.415 
-0.95584521 -0.955 -0.955 -0.955 -0.955 -0.955 -0.95 -0.95 -0.95 -0.83492301 -0.735 -0.735 -0.735 -0.73500854 -1.3 -1.3 -1.3 -0.21 -0.21 -0.21 -0.2999955 -0.30000602 -1.285 -1.285 -1.285 -1.285 -1.1700082 -1.17 -1.17 -1.1849966 -1.185 -1.185 -1.185 -1.185 -0.6561675 -0.58 -0.58 -0.57160623 -0.095 -0.095 0.49999947 0.5 0.66020259 0.665 0.665 0.67 0.67 0.67 0.485 0.485 0.63 0.63 0.64 
-0.955 -0.955 -0.955 -0.955 -0.955 -0.955 -0.95 -0.95 -0.95 -0.95 -1.0449911 -1.045 -1.045 -1.045 -1.2999977 -0.83526782 -0.575 -0.575 -0.21067288 -0.21 -0.21000002 -1.2849986 -1.285 -1.285 -1.285 -1.285 -1.2849164 -1.17 -1.1700005 -1.185 -1.185 -1.185 -1.185 -1.185 -0.58 -0.58 -0.58 -0.58 -0.58 -0.57999629 0.265 0.265 0.26500011 0.58 0.58 0.58 0.475 0.475 0.24 0.24 0.63 0.63000002 0.64 
-0.955 -0.955 -0.955 -0.955 -0.955 -0.955 -0.95 -0.95 -0.95 -1.045 -1.045 -1.045 -1.045 -1.045 -0.92110913 -0.575 -0.575 -0.575 -0.575 -0.575 -0.55757245 -1.285 -1.285 -1.285 -1.285 -1.3203261 -2.4082371 -1.338844 -1.184926 -1.185 -1.185 -1.185 -1.185 -1.1849987 -0.58 -0.58 -0.58 -0.58 -0.58 -0.18690796 0.265 0.265 0.265 0.58 0.58 0.58 0.475 0.475 0.24 0.24 0.33 0.6228991 0.64 
-0.955 -0.955 -0.955 -0.955 -0.955 -0.955 -0.95 -0.95 -0.95394303 -1.045 -1.045 -1.045 -1.045 -1.045 -1.0224559 -0.575 -0.575 -0.575 -0.575 -0.575 -0.575 -2.2322401 -2.4099984 -2.41 -2.41 -2.41 -2.41 -2.41 -1.5663293 -1.5549956 -1.555 -1.555 -1.555 -1.5549993 -0.58 -0.58 -0.58 -0.58 -0.58 0.2649999 0.265 0.265 0.265 0.26500014 0.57948697 0.26 0.47499998 0.425865 0.2401621 0.33 0.33 0.3324944 0.45 
-0.955 -0.955 -0.955 -0.955 -0.955 -0.95499968 -0.95000027 -0.95000575 -1.0449999 -1.045 -1.045 -1.045 -1.045 -1.045 -1.0360569 -0.575 -0.575 -0.575 -0.575 -0.575 -0.575 -2.41 -2.41 -2.41 -2.41 -2.41 -2.41 -2.41 -1.555236 -1.555 -1.555 -1.555 -1.555 -1.555 -1.2878501 -0.58 -0.58 -0.58 -0.58 0.265 0.265 0.265 0.265 0.26499872 0.26 0.26 0.26103414 0.425 0.425 0.33 0.33 0.45 0.45 
-0.955 -0.955 -0.955 -0.955 -0.955 -0.95499333 -0.95000861 -1.0342799 -1.045 -1.045 -1.045 -1.045 -1.045 -1.045 -1.0367718 -0.575 -0.575 -0.575 -0.575 -0.575 -0.83627066 -2.41 -2.41 -2.41 -2.41 -2.41 -2.41 -2.41 -1.5550034 -1.555 -1.555 -1.555 -1.555 -1.555 -1.555 -0.6508235 -0.76085251 -0.821029 -0.83017591 0.22000493 0.26499998 0.265 0.265 0.2600004 0.26 0.25471726 -0.62499498 0.425 0.425 -0.29510141 -0.295 -0.295 0.44999967 
-0.955 -0.955 -0.955 -0.955 -0.95499999 -0.95495834 -0.95824845 -1.0449739 -1.045 -1.045 -1.045 -1.045 -1.045 -1.045 -1.0340248 -0.575 -0.575 -0.575 -0.575 -0.57500001 -2.4099921 -2.41 -2.41 -2.41 -2.41 -2.41 -2.41 -2.41 -1.5550002 -1.555 -1.555 -1.555 -1.555 -1.555 -1.5549999 -0.835 -0.835 -0.835 -0.835 -0.435 -0.435 -0.435 -0.435 -0.62499744 -0.625 -0.625 -0.625 -0.62500118 -0.76 -0.76 -0.295 -0.295 -0.38734484 
-0.955 -0.955 -0.955 -0.955 -0.95499986 -0.9549074 -1.0384913 -1.0449988 -1.045 -1.045 -1.045 -1.045 -1.045 -1.045 -1.0290453 -0.57500019 -0.575 -0.575 -0.575 -0.58604406 -2.41 -2.41 -2.41 -2.41 -2.41 -2.41 -2.41 -2.41 -1.5550002 -1.555 -1.555 -1.555 -1.555 -1.555 -0.83500066 -0.835 -0.835 -0.835 -0.835 -0.435 -0.435 -0.435 -0.435 -0.48628018 -0.625 -0.625 -0.625 -0.75999849 -0.76 -0.76 -0.43 -0.43 -0.43 
-0.955 -0.955 -0.955 -0.95499999 -0.95499886 -0.95894634 -1.0446476 -1.0449997 -1.045 -1.045 -1.045 -1.045 -1.045 -1.045 -1.0223 -0.57501105 -0.575 -0.575 -0.5750021 -2.37282 -2.41 -2.41 -2.41 -2.41 -2.41 -2.41 -2.41 -2.41 -1.5550008 -1.555 -1.555 -1.555 -1.555 -1.1121146 -0.83500003 -0.835 -0.835 -0.835 -0.835 -0.435 -0.435 -0.435 -0.435 -0.435 -0.625 -0.625 -0.625 -0.76 -0.76 -0.76 -0.43 -0.43 -0.43 
-0.955 -0.955 -0.955 -0.95499989 -0.95501767 -1.0031113 -1.0449385 -1.0449998 -1.045 -1.045 -1.045 -1.045 -1.045 -1.0449991 -1.0142804 -0.57517165 -0.57500001 -0.57500006 -0.58450069 -2.409844 -2.41 -2.41 -2.41 -2.41 -2.41 -2.41 -2.41 -2.4099995 -1.5550054 -1.555 -1.5549996 -1.0031869 -0.95 -0.95 -0.95 -0.835 -0.835 -0.835 -0.835 -0.435 -0.435 -0.435 -0.435 -0.435 -0.62499663 -0.625 -0.62500007 -0.75999999 -0.76 -0.75999982 -0.43 -0.43 -0.43 
