interpolatedSpi/04-08|20_1.tif
NCOLS 53
NROWS 52
XLLCORNER -116.03883
YLLCORNER 28.596182
DX 0.49850594
DY 0.49788537
NODATA_VALUE -9999
[rows 0 to 38 of 52, columns 0 to 52 of 53]
0.144 0.144 0.014411971 -0.318 0.122 0.41 0.572 0.64 0.16737493 -0.09 -0.09 0.23 0.21202141 0.472 0.256 0.256 0.256 0.064 0.218 0.218 0.218 0.21800281 0.51 0.236 0.236 0.236 0.85800026 0.858 0.858 0.35 0.35 0.35 0.35 0.74599992 0.746 0.746 0.746 0.746 0.746 0.74600001 1.2525432 1.257844 0.646 0.646 0.646 0.646 0.64604247 0.672 0.672 0.672 0.90599951 0.906 0.906
0.14399342 -0.004 0.21200046 0.27166255 0.43584792 0.478 0.51 0.47015693 0.078 0.26 0.23 0.212 0.212 0.69126642 0.47200075 0.256 0.064 0.064 0.2177992 0.218 0.218 0.218 0.21115529 0.236 0.236 0.236 0.18 0.18 0.35 0.35 0.35 0.35 0.35 0.74599994 0.746 0.746 0.746 0.746 0.74599996 0.6567995 0.22601622 0.5950363 0.646 0.646 0.646 0.646 0.646 0.672 0.672 0.672 0.6914035 0.906 0.906
0.68597416 0.686 0.608 0.9 0.58 0.442 0.538 0.288 0.438 0.372 0.43 -0.02 -0.342 0.102 0.692 0.726 0.064 0.064 0.064 0.17601221 0.176 0.176 -0.236 0.236 0.236 0.236 0.18 0.18 0.18 0.35 0.35 0.34999997 0.095820764 0.7439837 0.74028497 0.13762637 0.132 0.132 0.14382272 0.226 0.226 0.22653707 0.646 0.646 0.646 0.646 0.646 0.672 0.672 0.672 0.672 0.906 0.906
0.304 0.68599992 0.30800306 0.538 0.144 0.556 0.896 0.114 0.434 0.42992891 0.608 0.578 0.258 0.102 0.426 0.726 -0.24054797 -0.24778139 0.004 0.176 0.176 -0.452 -0.236 -0.236 0.236 0.23599972 0.18 0.18 0.18 -0.31 -0.23757454 -0.178 -0.178 -0.17799975 0.132 0.132 0.132 0.132 0.226 0.226 0.226 0.22600002 0.646 0.646 0.646 0.646 0.646 0.67199967 0.672 0.672 0.672 0.90594702 0.906
0.304 -0.081999285 0.308 0.47933981 0.144 0.484 0.62397769 0.332 0.1 0.27600006 0.29396372 0.30203438 0.542 0.426 0.426 0.61142663 -0.248 -0.248 0.004 0.004 0.1759987 -0.452 -0.508 -0.136 -0.248 -0.24800738 0.18 0.18 -0.31 -0.31 -0.178 -0.178 -0.178 -0.083336263 0.132 0.132 0.132 0.226 0.226 0.226 0.226 0.22602761 0.646 0.646 0.646 0.646 0.646 0.64623143 0.672 0.67193776 -0.716 -0.716 -0.716
-0.558 -0.016 0.38199999 0.442 0.594 0.508 0.352 0.34943943 0.498 0.246 0.264 -0.266 -0.26599947 0.01 0.01 0.025981168 0.026 -0.168 -0.168 0.0039997991 -0.9 -0.9 -0.136 -0.248 -0.248 -0.28 -0.506 -0.506 -0.034024908 -0.31 -0.178 -0.178 0.324 0.32399039 0.23200648 -0.086 -0.086 0.12947568 0.226 0.226 0.5116433 0.512 0.51200035 -0.11433678 -0.12791446 -0.12799979 -0.12799997 -0.12799971 -0.52314824 -0.716 -0.716 -0.716 -0.716
-0.82199812 -0.294 -0.5306517 0.158 0.548 0.116 0.158 0.402 -0.038 -0.038 0.264 -0.178 -0.35400003 0.01 -0.051999814 -0.052 0.026 -0.318 -0.224 -0.224 -0.88680458 -0.872 -0.872 -0.62199999 -0.28 -0.28 -0.506 -0.506 -0.03399324 -0.033875541 0.41297452 0.324 0.324 0.232 0.232 -0.4084269 -0.086 -0.086 -0.68397927 0.51199833 0.512 0.512 0.512001 -0.12799893 -0.128 -0.128 -0.128 -0.12800024 -0.532 -0.71596354 -0.716 -0.716 -0.716
-0.822 -0.972 -0.48 -0.798 -0.90199404 -0.244 -0.04 -0.33199999 -0.352 -0.258 -0.258 -0.504 -0.354 -0.354 -0.054072 -0.048356972 -0.048 -0.184 -0.25599997 -0.224 -0.67237455 -0.634 -0.75 -0.608 -0.60799936 -0.558 -0.746 -0.74599992 0.08159352 0.082000006 0.414 0.42273593 0.318 0.232 0.22281617 -0.678 -0.678 -0.684 -0.684 0.512 0.512 0.512 0.064884279 0.06399999 -0.128 -0.128 -0.128 -0.53198462 -0.532 -0.532 -0.716 -0.716 -0.716
-0.93467798 -0.972 -0.874 -0.634 -0.174 -0.318 -0.158 0.302 0.2 -0.040826159 -0.234 -0.33 -0.33 -0.646 -0.64599654 -0.38505797 -0.386 -0.386 -0.19499091 -1.028 -1.086 -1.086 -0.666 -0.71689698 -0.56303868 -0.558 -0.504 -0.746 -0.45370843 -0.452 0.452 0.626 0.4104357 -0.162 -0.09 -0.23 -0.232 -0.29 -0.50789934 0.5127142 0.672 0.144 0.064012374 0.064 0.06291932 -0.128 -0.34399999 -0.532 -0.532 -0.532 -0.532 -0.74911898 -0.452
-0.726 -0.726 -0.74 -0.75 -0.188 0.006 -0.054 -0.092 0.136 -0.10199259 -0.288 -0.336 -0.646 -0.646 -0.278 -0.27948127 -0.386 -0.38602991 -0.53 -1.028 -1.028 -1.0354723 -0.666 -0.75199837 -0.752 -0.752 -0.504 -0.228 -0.228 -0.452 -0.452 0.62518825 0.198 -0.162 0.096 -0.23 -0.232 -0.464 -0.508 0.3813489 0.14400002 0.14253064 0.14 0.064 0.064 -0.344 -0.344 -0.344 -0.532 -0.532 -0.982 -0.982 -0.9819998
-0.726 -0.726 -0.894 -0.83 -0.676 -0.304 -0.50799999 0.055881595 -0.012 -0.17 -0.154 -0.578 -0.33632263 -0.278 -0.278 -0.27801454 -0.404 -0.41061307 -0.53 -0.596 -0.596 -0.586 -0.586 -0.752 -0.752 -0.752 -0.228 -0.228 -0.228 -0.594 -0.594 -0.59399869 -0.024 -0.024 3.0644971e-60 -0.336 -0.232 -0.059999779 -0.52 0.396 0.396 0.25599962 0.14 0.064 -0.31200011 -0.554 -0.5650439 -0.566 -0.776 -0.776 -0.982 -0.982 -0.982
-0.726 -0.79853154 -0.86668892 -0.96399473 -0.718 -0.842 -0.508 0.056 -0.011999432 -0.16824955 -0.57799947 -0.578 -0.372 -0.278 -0.278 -0.404 -0.404 -0.40400717 -0.53 -0.596 -0.5940362 -0.586 -0.586 -0.75199314 -0.752 -0.68033914 -0.534 -0.534 -0.53399996 -0.594 -0.594 -0.294 -0.294 -0.023999934 -1.1693025e-24 0.13999978 -0.20024965 -0.06 -0.06 0.396 0.256 0.256 0.25599587 -0.312 -0.312 -0.554 -0.566 -0.566 -0.776 -0.776 -0.982 -0.982 -0.982
-0.104 0.0022540952 0.077966054 0.070451833 -0.71800059 -0.84199707 -0.50800001 0.049057485 -0.0073141046 -0.016125801 -0.372 -0.372 -0.372 -0.372 -0.27801332 -0.404 -0.404 -0.40562686 -0.53 -0.59594404 -0.404 -0.404 -0.404 -0.404 -0.74592986 -0.534 -0.534 -0.534 -0.534 -0.5340007 -0.294 -0.294 -0.294 -0.294 0.14 0.14 0.14 -0.050326311 -0.056424983 0.416 0.416 0.25600861 -0.0060104749 -0.31197053 -0.312 -0.554 -0.566 -0.566 -0.776 -0.776 -0.98125265 -0.982 -0.66422814
-0.104 0.078 0.078 0.078 0.078 0.077999613 -0.50885493 -0.24114501 0.0051873932 -0.37161621 -0.372 -0.372 -0.372 -0.372 -0.37199989 -0.404 -0.40400002 -0.41264274 -0.52999784 -0.404 -0.404 -0.404 -0.404 -0.404 -0.4040005 -0.44879097 -0.41000003 -0.41 -0.41 -0.41 -0.294 -0.294 -0.29400008 -0.362 -0.362 0.14 0.36554848 0.372 0.41599997 0.416 0.416 0.416 -0.006 -0.006 -0.006 -0.0098135807 -0.5044009 -0.504 -0.504 -0.504 -0.504 -0.14000017 -0.14
-0.14 0.078 0.078 0.078 0.078 0.078 0.077999961 -0.42926422 -0.21691896 -0.218 -0.218 -0.218 -0.218 -0.218 -0.218 -0.38261864 -0.40372555 -0.4212536 -0.4040158 -0.404 -0.404 -0.404 -0.404 -0.40399994 -0.404 -0.404 -0.40400001 -0.41 -0.41 -0.41021626 -0.518 -0.518 -0.362 -0.362 -0.362 0.25442117 0.372 0.372 0.372 0.416 0.416 0.416 -0.006 -0.006 -0.006 -0.0060000001 -0.50399999 -0.504 -0.504 -0.504 -0.504 -0.14 -0.14
-0.14 -0.058841077 0.078 0.078 0.078 0.078 -0.563874 -0.564 -0.56399999 -0.218 -0.218 -0.218 -0.218 -0.218 -0.25506198 -0.386 -0.386 -0.386 -0.35415229 -0.35400005 -0.354 -0.354 -0.354 -0.354 -0.404 -0.404 -0.404 -0.404 -0.41 -0.518 -0.518 -0.518 -0.36200001 -0.362 -0.362 0.32 0.37193115 0.372 0.372 0.41594157 0.29932343 0.027165624 -0.006 -0.006 -0.18743834 -0.188 -0.188 -0.50295445 0.12977747 0.13199994 0.13199988 0.10996216 -0.13999949
-0.14 -0.081611352 -0.0019552737 0.078 0.078 -0.56362068 -0.564 -0.564 -0.564 -0.56150662 -0.218 -0.218 -0.218 -0.21800002 -0.386 -0.386 -0.386 -0.386 -0.35402858 -0.354 -0.354 -0.354 -0.354 -0.354 -0.404 -0.404 -0.404 -0.404 -0.40441466 -0.518 -0.518 -0.518 -0.09000001 -0.36192406 0.32 0.32 0.32 0.31620044 0.047902131 0.026 0.026 0.026 -0.108 -0.108 -0.188 -0.188 -0.188 0.132 0.132 0.132 0.132 0.11 0.11
-0.079971621 -0.08 -0.08 -0.080000002 -0.316 -0.5639936 -0.564 -0.564 -0.564 -0.564 -0.23223327 -0.21800245 -0.21800001 -0.386 -0.386 -0.386 -0.386 -0.386 -0.41543437 -0.354 -0.354 -0.354 -0.354 -0.354 -0.30202687 -0.18000121 -0.18 -0.18 -0.18 -0.51799998 -0.090000007 -0.09 -0.09 -0.09 0.32 0.31999089 -0.026 -0.026 0.025350703 0.026 0.026 0.026 -0.108 -0.108 -0.17561325 -0.188 -0.188 0.132 0.132 0.132 0.1317641 0.11 0.11
-0.08 -0.08 -0.08 -0.19113592 -0.316 -0.316 -0.564 -0.564 -0.564 -0.564 -0.406 -0.406 -0.406 -0.386 -0.386 -0.386 -0.386 -0.3860585 -0.892 -0.892 -0.35400022 -0.354 -0.35882047 -0.552 -0.54865105 -0.18 -0.18 -0.18 -0.18 -0.090009165 -0.09 -0.09 -0.09 -0.09 -0.025998784 -0.026 -0.026 -0.026 -0.025816881 0.026 0.026 0.026 -0.108 -0.108 -0.108 -0.188 -0.188 0.13199999 0.132 0.132 0.11 0.11 0.11
-0.08 -0.08 -0.08 -0.316 -0.316 -0.316 -0.31600038 -0.564 -0.564 -0.4061631 -0.406 -0.406 -0.406 -0.40598754 -0.67253553 -0.74 -0.74 -0.74 -0.892 -0.892 -0.892 -0.552 -0.552 -0.552 -0.55197815 -0.33421015 -0.18 -0.18 -0.18 0.11444534 0.16397502 0.164 0.164 0.164 -0.024088837 -0.022000009 -0.022 -0.022 -0.022 -0.23596415 -0.236 -0.236 -0.108 -0.108 0.069999257 0.069999967 -0.024 -0.024 0.048 0.048 0.048 0.11 0.12798391
-0.079999323 -0.08 -0.080000009 -0.316 -0.316 -0.316 -0.316 -0.34600006 -0.56312835 -0.40594015 -0.406 -0.406 -0.406 -0.4066554 -0.74 -0.74 -0.74 -0.74000004 -0.892 -0.892 -0.892 -0.552 -0.552 -0.552 -0.474 -0.474 -0.388 -0.388 -0.388 -0.38498867 0.164 0.164 0.164 0.164 0.071051008 -0.022 -0.022 -0.022 -0.022 -0.236 -0.236 -0.236 -0.22637207 0.07 0.07 0.07 -0.024 -0.024 0.048 0.048 0.048 0.128 0.128
0.138 0.029130736 -0.24 -0.24002205 -0.316 -0.34582642 -0.346 -0.346 -0.31612095 -0.34 -0.34 -0.34 -0.34 -0.93798053 -0.938 -0.74000015 -0.74 -0.74400498 -0.892 -0.892 -0.892 -0.836 -0.836 -0.836 -0.474 -0.474 -0.388 -0.388 -0.388 -0.38799969 0.032000839 0.032000371 0.16068238 0.16385849 -0.38936598 -0.39 -0.39 -0.39 -0.39 -0.236 -0.236 -0.236 0.053150341 0.07 0.07 0.069999906 -0.024 -0.024 -0.023997408 0.048 0.047991057 -0.152 0.128
-0.059962399 -0.060000031 -0.24 -0.24 -0.24 -0.346 -0.346 -0.346 -0.264 -0.264 -0.34 -0.34 -0.34 -0.938 -0.938 -0.938 -0.938 -0.93799414 -0.892 -0.892 -0.892 -0.836 -0.836 -0.836 -0.474 -0.474 -0.388 -0.388 -0.388 0.027264469 0.032 0.032 0.032 0.032 -0.38979177 -0.39 -0.39 -0.39 -0.39 -0.74799987 -0.748 -0.748 -0.748 0.069995949 -0.458 -0.458 -0.458 -0.346 -0.346 -0.346 -0.152 -0.152 -0.152
-0.06 -0.06 -0.24 -0.24 -0.24 -0.34544285 -0.346 -0.264 -0.264 -0.264 -0.33999064 -0.34 -0.7763446 -0.93799999 -0.938 -0.938 -0.938 -1.142 -1.142 -1.142 -1.018 -1.0179999 -0.83600089 -0.836 -0.83597306 -0.962 -0.962 -0.96199863 -0.38809276 -0.21395098 -0.21399869 -0.21395705 0.03157956 0.031787704 -0.31500098 -0.39000015 -0.39130028 -0.778 -0.778 -0.748 -0.748 -0.748 -0.748 -0.458 -0.458 -0.458 -0.458 -0.346 -0.346 -0.346 -0.152 -0.152 -0.152
-0.06 -0.06 -0.24 -0.24 -0.24 -0.24 -0.3153098 -0.264 -0.264 -0.264 -0.26433695 -0.874 -0.874 -0.874 -0.93762283 -0.938 -1.1406406 -1.142 -1.142 -1.142 -1.018 -1.018 -1.018 -1.018 -0.962 -0.962 -0.962 -0.962 -0.962 -0.214 -0.214 -0.214 -0.214 -0.21400075 -0.572 -0.778 -0.778 -0.778 -0.778 -0.77800101 -1.102 -1.102 -1.102 -0.9666263 -0.686 -0.686 -0.686 -0.34600001 -0.34600001 -0.36 -0.36 -0.31995913 -0.32
-0.06 -0.06 -0.17503264 -0.24 -0.24 -0.24000002 -1.0845413 -0.26659049 -0.264 -0.264 -0.87400005 -0.874 -0.874 -0.874 -0.874 -0.87928574 -1.142 -1.142 -1.142 -1.142 -1.018001 -1.018 -1.018 -1.018 -0.962 -0.962 -0.962 -0.962 -0.962 -0.64407263 -0.214 -0.214 -0.214 -0.572 -0.572 -0.57215996 -0.778 -0.778 -0.67107208 -0.58800002 -1.102 -1.102 -1.102 -0.96747967 -0.686 -0.686 -0.686 -0.458 -0.36122107 -0.36 -0.36 -0.32 -0.32
-0.768 -0.768 -0.768 -0.37238411 -0.24125228 -1.086 -1.086 -1.086 -1.086 -1.102 -1.102 -0.87400002 -0.874 -0.874 -0.874 -0.874017 -1.142 -1.142 -1.142 -1.142 -1.0721096 -1.018 -1.018 -1.0150689 -0.90849362 -0.962 -0.962 -0.962 -0.796 -0.796 -0.796 -0.79599756 -0.572 -0.572 -0.572 -0.572 -0.588 -0.588 -0.588 -0.588 -0.792 -0.792 -0.792 -0.44000708 -0.44 -0.44 -0.44000008 -0.458 -0.458 -0.36011941 -0.36 -0.31999963 -0.32
-0.768 -0.768 -0.768 -0.76801745 -1.092 -1.0911275 -1.086 -1.086 -1.086 -1.102 -1.102 -1.102 -1.136 -1.136 -1.136 -1.136 -1.1417875 -1.142 -1.142 -1.142 -1.1401136 -0.90600031 -0.906 -0.906 -0.906 -0.906 -0.796 -0.796 -0.796 -0.796 -0.796 -0.796 -0.57200006 -0.572 -0.572 -0.57200733 -0.58799999 -0.588 -0.588 -0.58664886 -0.792 -0.792 -0.792 -0.44001632 -0.44 -0.44 -0.44 -0.458 -0.458 -0.45799997 -0.246 -0.246 -0.024
-0.768 -0.768 -0.768 -1.0919993 -1.092 -1.092 -1.086 -1.086 -1.086 -1.102 -1.102 -1.102 -1.136 -1.136 -1.136 -1.1276224 -1.026 -1.026 -1.0260003 -1.1413448 -0.906 -0.906 -0.906 -0.906 -0.906 -0.90591722 -0.796 -0.796 -0.796 -0.796 -0.796 -0.79587513 -0.662 -0.662 -0.662 -0.262 -0.262 -0.28 -0.28 -0.28 -0.052 -0.79176788 -0.79199424 -0.02 -0.02 -0.035917522 -0.43999892 -0.458 -0.458 -0.246 -0.246 -0.246 -0.024
-0.768 -0.768 -0.768 -1.092 -1.092 -1.092 -1.092 -1.086 -1.086 -1.102 -1.102 -1.1346405 -1.136 -1.136 -1.136 -1.026 -1.026 -1.026 -1.026 -1.026 -0.906 -0.906 -0.906 -0.906 -0.906 -0.79600038 -0.796 -0.796 -0.796 -0.602 -0.602 -0.602 -0.662 -0.662 -0.662 -0.262 -0.262 -0.28 -0.28 -0.052 -0.052 -0.052 -0.02 -0.02 -0.02 -0.02 -0.0071850159 0.136 0.136 0.136 -0.24599999 0.21 0.21
-0.768 -0.768 -0.76845118 -1.092 -1.092 -1.092 -1.092 -0.98918273 -0.984 -0.98420259 -1.102 -1.1359824 -1.136 -1.136 -1.1359996 -1.026 -1.026 -1.026 -1.026 -1.026 -0.85805903 -0.906 -0.906 -0.906 -0.90598599 -0.79600236 -0.796 -0.796 -0.796 -0.602 -0.602 -0.602 -0.60200683 -0.662 -0.262 -0.262 -0.262 -0.26200064 -0.27998445 -0.052 -0.052 -0.052 -0.020001943 -0.02 -0.02 -0.02 0.13600023 0.136 0.136 0.136 0.21 0.21 0.21
-0.616 -0.61600027 -1.0918128 -1.092 -1.092 -1.092 -0.98402298 -0.984 -0.984 -0.984 -0.926 -0.926 -0.926 -0.926 -1.0255385 -1.026 -1.026 -1.026 -1.026 -0.8560001 -0.856 -0.856 -0.83800001 -0.838 -0.838 -0.838 -0.83437486 -0.796 -0.37801712 -0.378 -0.378 -0.378 -0.378 -0.122 -0.122 -0.122 -0.122 -0.122 -0.144 -0.144 -0.144 -0.144 -0.144 0.15972866 0.16 0.16 0.16 0.136 0.136 0.136 0.20998834 0.21 0.21
-0.616 -0.616 -0.61774161 -0.82400054 -0.82400006 -0.82415616 -0.984 -0.984 -0.984 -0.984 -0.926 -0.926 -0.926 -0.926 -0.926 -1.026 -1.026 -1.026 -0.85600004 -0.856 -0.856 -0.856 -0.838 -0.838 -0.838 -0.838 -0.838 -0.83799065 -0.37794285 -0.378 -0.378 -0.378 -0.37797704 -0.048302789 -0.12192369 -0.122 -0.122 -0.122 -0.144 -0.144 -0.144 -0.144 -0.144 0.16 0.16 0.16 0.16 0.14877713 0.136 0.45836284 0.462 0.358 0.358
-0.616 -0.616 -0.82397365 -0.824 -0.824 -0.824 -0.86463933 -0.984 -0.984 -0.984 -0.926 -0.926 -0.926 -0.926 -0.926 -1.0259239 -1.026 -0.85604984 -0.856 -0.856 -0.856 -0.856 -0.84466822 -0.838 -0.838 -0.838 -0.838 -0.83756947 -0.23 -0.23 -0.23 -0.23 -0.23 0.008 0.008 0.008 0.008 0.008 -0.304 -0.304 -0.304 -0.304 -0.304 0.15991698 0.15999998 0.16 0.15999424 0.15935002 0.462 0.462 0.462 0.35800058 0.358
-0.61600011 -0.67679125 -0.82399998 -0.824 -0.824 -0.824 -0.824 -0.98393187 -0.984 -0.984 -0.926 -0.926 -0.926 -0.926 -1.0120454 -1.014 -1.014 -0.85600407 -0.856 -0.856 -0.856 -0.856 -0.85600005 -0.838 -0.838 -0.838 -0.838 -0.42799983 -0.42799991 -0.38586079 -0.23 -0.23 -0.23 0.008 0.008 0.008 0.008 0.0080027091 -0.304 -0.304 -0.304 -0.304 -0.30398131 0.126 0.126 0.126 0.126 0.1260271 0.462 0.462 0.462 0.46199995 0.379676
-0.678 -0.678 -0.72098158 -0.824 -0.824 -0.824 -0.824 -0.824 -0.98393166 -0.936 -0.936 -0.936 -0.93597627 -1.0139999 -1.014 -1.014 -1.014 -1.014 -0.85600242 -0.87671964 -1.058 -1.058 -1.058 -1.0025048 -0.846804 -0.89391254 -0.9333658 -0.428 -0.428 -0.428 -0.428 -0.428 -0.42041798 0.0074881845 0.012 0.012 0.012 0.012 -0.25816371 -0.060000438 -0.06 -0.06 -0.06 0.14399995 0.126 0.126 0.126 0.424 0.46199939 0.462 0.462 0.38 0.38
-0.678 -0.678 -0.786 -0.786 -0.786 -0.82398734 -0.824 -0.824 -0.936 -0.936 -0.936 -0.936 -0.936 -1.014 -1.014 -1.014 -1.014 -1.014 -1.058 -1.058 -1.058 -1.058 -1.058 -0.94800001 -0.948 -0.948 -0.948 -0.428 -0.428 -0.428 -0.428 -0.428 -0.39 -0.39 0.011999997 0.012 0.012 -0.12397684 -0.124 -0.06 -0.06 -0.06 -0.059999952 0.144 0.144 0.144 0.424 0.424 0.424 0.372 0.372 0.38 0.38
-0.678 -0.678 -0.786 -0.786 -0.786 -0.786 -0.78600022 -0.826 -0.93589643 -0.936 -0.936 -0.936 -0.936 -1.013027 -1.014 -1.014 -1.014 -1.014 -1.058 -1.058 -1.058 -1.058 -1.058 -0.948 -0.948 -0.948 -0.948 -0.94799791 -0.428 -0.428 -0.428 -0.39000199 -0.39 -0.39 -0.39 0.012 -0.124 -0.124 -0.124 -0.12231604 0.20470466 0.254 0.254 0.144 0.144 0.144 0.424 0.424 0.424 0.372 0.372 0.372 0.3691314
-0.402 -0.40200217 -0.786 -0.786 -0.786 -0.786 -0.826 -0.826 -0.826 -0.936 -0.936 -0.936 -0.936 -0.93602425 -1.014 -1.014 -1.014 -1.014 -1.0579992 -1.058 -1.058 -1.058 -0.96737448 -0.948 -0.948 -0.948 -0.948 -1.0479999 -1.048 -1.048 -0.43465285 -0.39 -0.39 -0.39 -0.38999967 -0.044000005 -0.124 -0.124 -0.124 -0.124 0.254 0.254 0.254 0.82 0.82 0.82 0.82196124 0.424 0.424 0.372 0.372 0.372 0.36799958
