interpolatedSpi/04-06|22_1.tif
NCOLS 53
NROWS 52
XLLCORNER -116.03883
YLLCORNER 28.596182
DX 0.49850594
DY 0.49788537
NODATA_VALUE -9999
[rows 0 to 35 of 52, columns 0 to 52 of 53]
0.42 0.42 0.23366026 0.16 0.5525 0.405 0.52 0.4975 0.19943232 0.005 0.1125 0.4775 0.42501935 0.66 0.38 0.38 0.38 0.605 0.365 0.365 0.365 0.36499427 -0.23 0.0675 0.0675 0.0675 -0.13249895 -0.1325 -0.1325 0.125 0.125 0.125 0.125 1.0874998 1.0875 1.0875 1.0875 1.0875 1.0875 1.0875 0.39496027 0.38760528 0.8 0.8 0.8 0.8 0.79977542 0.6625 0.6625 0.6625 1.3674985 1.3675 1.3675
0.41996223 -0.43 0.14250016 0.23632417 0.28519561 0.685 0.5875 0.7496603 0.315 0.2175 0.3525 0.425 0.425 0.65501667 0.65999747 0.38 0.605 0.605 0.36531293 0.365 0.365 0.365 0.088028466 0.0675 0.0675 0.0675 0.36249998 0.3625 0.125 0.125 0.125 0.125 0.125 1.0874999 1.0875 1.0875 1.0875 1.0875 1.0875 1.172251 1.6524356 0.90344369 0.8 0.8 0.8 0.8 0.8 0.6625 0.6625 0.6625 0.72095927 1.3675 1.3675
0.40498447 0.405 0.28 0.6025 0.22 0.03 0.33 0.3825 -0.0325 0.2325 0.17 0.205 0.45 0.46 0.655 0.055 0.605 0.605 0.605 0.1875516 0.1875 0.1875 0.4575 0.0675 0.0675 0.0675 0.3625 0.3625 0.3625 0.125 0.125 0.12500003 0.42226454 1.0870349 1.0867088 1.0032789 1.0025 1.0025 1.0842529 1.6525 1.6525 1.6514099 0.8 0.8 0.8 0.8 0.8 0.6625 0.6625 0.6625 0.6625 1.3675 1.3675
0.0325 0.4049999 -0.10494256 1.0675 -0.0025 0.27 0.63 0.24 0.2025 0.6577783 0.45 -0.0024999996 -0.0725 0.46 -0.4675 0.055 -0.42380842 -0.42677657 -0.245 0.1875 0.1875 -0.1 0.4575 0.4575 0.0675 0.067501473 0.3625 0.3625 0.3625 0.19 0.49314444 0.7425 0.7425 0.7425002 1.0025 1.0025 1.0025 1.0025 1.6525 1.6525 1.6525 1.6525 0.8 0.8 0.8 0.8 0.8 0.66250173 0.6625 0.6625 0.6625 1.3674753 1.3675
0.0325 0.78499837 -0.105 0.20564795 -0.0025 0.2 0.53000639 0.6725 0.315 0.43749988 0.15662175 0.0224624 -0.24 -0.4675 -0.4675 -0.1254769 -0.4275 -0.4275 -0.245 -0.245 0.1874994 -0.1 0.0125 0.3375 0.5125 0.51252159 0.3625 0.3625 0.19 0.19 0.7425 0.7425 0.7425 0.69205684 1.0025 1.0025 1.0025 1.6525 1.6525 1.6525 1.6525 1.652452 0.80000001 0.8 0.8 0.8 0.8 0.79877608 0.6625 0.66249765 0.61 0.61 0.61
-1.51 0.0925 -0.1 0.23 -0.315 0.3925 0.27 0.32153153 0.335 -0.1675 -0.4875 -0.5375 -0.5374998 -0.0775 -0.0775 -0.44742395 -0.4475 -0.13 -0.13 -0.24499993 -0.365 -0.365 0.3375 0.5125 0.5125 0.605 0.3225 0.3225 0.67245561 0.19 0.7425 0.7425 0.475 0.47508124 1.2524443 1.19 1.19 1.5094151 1.6525 1.6525 1.1556205 1.155 1.1550008 0.7459709 0.74500608 0.74500001 0.745 0.74500002 0.79813339 0.61 0.61 0.61 0.61
-0.4750047 -0.785 -0.38135615 -0.525 -0.2825 -0.1675 0.075000003 -0.17 -0.1775 -0.1775 -0.4875 -0.1975 -0.37499995 -0.0775 -0.13249984 -0.1325 -0.4475 0.0325 -0.1625 -0.1625 -0.30727005 -0.2425 -0.2425 0.36 0.605 0.605 0.3225 0.3225 0.6724748 0.67203596 0.79079648 0.475 0.475 1.2525 1.2525 1.264888 1.19 1.19 1.4724902 1.1550004 1.155 1.155 1.155003 0.7449994 0.745 0.745 0.745 0.74500005 0.835 0.61004459 0.61 0.61 0.61
-0.475 0.33 0.1125 -1.12 -1.0525039 -0.4875 -0.6725 -0.5725 -0.66 -0.4275 -0.4275 -0.18 -0.375 -0.375 -0.13416377 -0.53778685 -0.5775 -0.1 -0.49999965 -0.1625 -0.29381718 -0.245 -0.8625 -0.0050000037 -0.0050016767 -0.135 0.4225 0.42249996 0.24151554 0.24000001 0.7925 0.31683772 0.565 1.2525 1.2459401 1.3275 1.3275 1.4725 1.4725 1.155 1.155 1.155 0.63973862 0.63750001 0.745 0.745 0.745 0.83499657 0.835 0.835 0.61 0.61 0.61
0.1972489 0.33 0.545 -0.5925 -0.6925 -0.89 -0.7325 -0.31 -0.185 -0.095288269 0.1 -0.145 -0.145 0.275 0.2749945 -0.41794593 -0.4175 -0.4175 -0.16106061 -0.48500007 -0.82 -0.81999999 -0.455 -0.70191094 -0.12189943 -0.135 0.5 0.4225 0.90965261 0.9125 0.2475 1.085 0.79665715 0.6975 1.0225 0.9925 1.14 0.6475 1.3396802 1.1564507 1.48 0.9275 0.63751466 0.6375 0.63810507 0.745 0.60000001 0.835 0.835 0.835 0.835 0.61653664 0.425
-0.545 -0.545 0.5925 -0.3475 -0.9125 -0.895 -0.985 -0.885 -0.3625 -0.072575335 0.155 0.4875 0.275 0.275 -0.31 -0.31147441 -0.4175 -0.41745777 -0.24 -0.485 -0.485 -0.52815924 -0.455 0.48248225 0.4825 0.4825 0.5 0.615 0.615 0.9125 0.9125 1.0839142 0.5125 0.6975 0.84 0.9925 1.14 1.245 1.34 0.46442419 0.92750002 0.85403212 0.7275 0.6375 0.6375 0.6 0.6 0.6 0.835 0.835 0.6625 0.6625 0.66249991
-0.545 -0.545 0.07 -0.1975 -0.67 -0.7475 -0.93749999 -0.20015839 -0.37 -0.315 -0.0625 -0.42 0.48629154 -0.31 -0.31 -0.3099827 -0.16 -0.16419878 -0.24 -0.25 -0.25 -0.455 -0.455 0.4825 0.4825 0.4825 0.615 0.615 0.615 0.1525 0.1525 0.15250059 0.675 0.675 0.2875 0.47 0.94 0.63750177 0.945 0.45 0.45 0.48750079 0.7275 0.6375 0.62750025 0.9625 0.83896638 0.84 1.115 1.115 0.6625 0.6625 0.6625
-0.545 -0.27949388 -0.044151791 -0.31999089 0.305 -0.9475 -0.9375 -0.2 -0.36999858 -0.31560933 -0.41999986 -0.42 -0.4125 -0.31 -0.31 -0.16 -0.16 -0.16000455 -0.24 -0.25 -0.29025783 -0.455 -0.455 0.48246242 0.4825 0.37648794 0.16 0.16 0.16000006 0.1525 0.1525 -0.0025 -0.0025 0.67499894 0.2875 0.70750005 0.92476621 0.6375 0.6375 0.45 0.4875 0.4875 0.48750105 0.6275 0.6275 0.9625 0.84 0.84 1.115 1.115 0.6625 0.6625 0.6625
0.62 0.33169663 0.3574796 0.352599 0.30499352 -0.94747043 -0.9375 -0.2090782 -0.35828526 -0.3685638 -0.4125 -0.4125 -0.4125 -0.4125 -0.31001452 -0.16 -0.16 -0.16103293 -0.24 -0.25001079 -0.2875 -0.2875 -0.2875 -0.2875 0.46920418 0.16 0.16 0.16 0.16 0.1599735 -0.0025 -0.0025 -0.0025 -0.0025 0.7075 0.7075 0.7075 0.64111725 0.63562236 0.3875 0.3875 0.48749462 0.70249743 0.62750722 0.6275 0.9625 0.84 0.84 1.115 1.115 0.66414162 0.6625 1.0098147
0.62 0.3575 0.3575 0.3575 0.3575 0.35749946 -0.93752543 -0.58856449 -0.32703143 -0.41245285 -0.4125 -0.4125 -0.4125 -0.4125 -0.41250003 -0.16 -0.16000001 -0.16548745 -0.23999904 -0.2875 -0.2875 -0.2875 -0.2875 -0.2875 -0.2775005 0.11446456 0.080000017 0.08 0.08 0.08 -0.0025000009 -0.0025 -0.0024996541 0.285 0.285 0.7075 0.57625412 0.5725 0.38750011 0.3875 0.3875 0.3875 0.7025 0.7025 0.7025 0.70430936 0.87231399 0.8725 0.8725 0.8725 0.8725 0.95499994 0.955
0.8825 0.3575 0.3575 0.3575 0.3575 0.3575 0.35749992 -0.52844587 -0.46147127 -0.4625 -0.4625 -0.4625 -0.4625 -0.4625 -0.4625 0.2258032 -0.15365931 -0.17095461 -0.287494 -0.2875 -0.2875 -0.2875 -0.2875 -0.28749948 0.175 0.175 0.17499987 0.08 0.08 0.079709646 -0.065 -0.065 0.285 0.285 0.285 0.52644557 0.5725 0.5725 0.5725 0.3875 0.3875 0.3875 0.7025 0.7025 0.7025 0.7025 0.87249999 0.8725 0.8725 0.8725 0.8725 0.955 0.955
0.8825 0.68704846 0.3575 0.3575 0.3575 0.3575 0.060058389 0.06 0.059999987 -0.4625 -0.4625 -0.4625 -0.4625 -0.4625 -0.30752359 0.24 0.24 0.24 0.15614516 0.15749955 0.1575 0.1575 0.1575 0.1575 0.175 0.175 0.175 0.175 0.08 -0.065 -0.065 -0.065 0.28499997 0.285 0.285 0.445 0.57233119 0.5725 0.5725 0.3874675 0.32243037 0.17065006 0.7025 0.7025 0.33114956 0.33 0.33 0.87109792 0.022979102 0.020000074 0.020000162 0.35259111 0.95499877
0.8825 0.51027293 0.42961156 0.3575 0.3575 0.060175777 0.06 0.06 0.06 0.056234715 -0.4625 -0.4625 -0.4625 -0.46249992 0.24 0.24 0.24 0.24 0.1575737 0.1575 0.1575 0.1575 0.1575 0.1575 0.175 0.175 0.175 0.175 0.17412704 -0.065 -0.065 -0.065 0.069999997 0.28501108 0.445 0.445 0.445 0.44182164 0.19548008 0.17 0.17 0.17 0.1825 0.1825 0.33 0.33 0.33 0.020000004 0.02 0.02 0.02 0.3525 0.3525
0.50026073 0.5 0.5 0.49999999 -0.0825 0.059996324 0.06 0.06 0.06 0.06 -0.37392122 -0.46248475 -0.46249997 0.24 0.24 0.24 0.24 0.24 0.21727686 0.1575 0.1575 0.1575 0.1575 0.1575 0.016252643 -0.22499783 -0.225 -0.225 -0.225 -0.064999993 0.069999998 0.07 0.07 0.07 0.445 0.44499236 0.155 0.155 0.1698127 0.17 0.17 0.17 0.1825 0.1825 0.30716192 0.33 0.33 0.02 0.02 0.02 0.023565265 0.3525 0.3525
0.5 0.5 0.5 0.22569206 -0.0825 -0.0825 0.06 0.06 0.06 0.06 0.7075 0.7075 0.7075 0.24 0.24 0.24 0.24 0.2399624 -0.0175 -0.0175 0.15749993 0.1575 0.15500456 0.055 0.052479281 -0.225 -0.225 -0.225 -0.225 0.069969962 0.07 0.07 0.07 0.07 0.15500102 0.155 0.155 0.155 0.15503393 0.17 0.17 0.17 0.1825 0.1825 0.1825 0.33 0.33 0.020000006 0.02 0.020000001 0.3525 0.3525 0.3525
0.5 0.5 0.5 -0.0825 -0.0825 -0.0825 -0.082499782 0.06 0.06 0.70683159 0.7075 0.7075 0.7075 0.70720872 0.055856401 0.0125 0.0125 0.0125 -0.0175 -0.0175 -0.0175 0.055 0.055 0.055 0.054919463 -0.22893393 -0.225 -0.225 -0.225 -0.071004791 -0.094983772 -0.095 -0.095 -0.095 0.018683141 -0.17249926 -0.1725 -0.1725 -0.1725 -0.26244082 -0.2625 -0.2625 0.1825 0.1825 -0.074998925 -0.074999913 0.17 0.17 0.215 0.215 0.215 0.3525 0.29005588
0.49999908 0.5 0.49999998 -0.0825 -0.0825 -0.0825 -0.082500003 -0.39499987 0.058180732 0.70688566 0.7075 0.7075 0.7075 0.70613622 0.0125 0.0125 0.0125 0.012499991 -0.0175 -0.0175 -0.0175 0.055 0.055 0.055 -0.2325 -0.2325 -0.4 -0.4 -0.4 -0.39833613 -0.095 -0.095 -0.095 -0.095 -0.13372876 -0.1725 -0.1725 -0.1725 -0.1725 -0.2625 -0.2625 -0.2625 -0.25660053 -0.075 -0.075 -0.075 0.17 0.17 0.215 0.215 0.215 0.29 0.29
0.205 0.32518398 -0.1875 -0.18746954 -0.0825 -0.39319189 -0.395 -0.395 -0.34489794 0.029999993 0.03 0.03 0.03 -0.017498454 -0.0175 0.012499977 0.0125 0.011709544 -0.0175 -0.0175 -0.0175 -0.485 -0.485 -0.485 -0.2325 -0.2325 -0.4 -0.4 -0.4 -0.39999998 -0.37499822 -0.37499921 -0.10203738 -0.095300179 -0.42212575 -0.4225 -0.4225 -0.4225 -0.4225 -0.2625 -0.2625 -0.2625 -0.085324458 -0.075 -0.075 -0.075 0.17 0.17 0.17000162 0.215 0.21499575 0.12 0.29
-0.11743876 -0.11750001 -0.1875 -0.1875 -0.1875 -0.395 -0.395 -0.395 -0.2575 -0.2575 0.03 0.03 0.03 -0.0175 -0.0175 -0.0175 -0.0175 -0.017499886 -0.0175 -0.0175 -0.017500018 -0.485 -0.485 -0.485 -0.2325 -0.2325 -0.4 -0.4 -0.4 -0.37528188 -0.375 -0.375 -0.375 -0.375 -0.42247656 -0.4225 -0.4225 -0.4225 -0.4225 -0.44499995 -0.445 -0.445 -0.445 -0.074999981 -0.0725 -0.0725 -0.0725 0.2225 0.2225 0.2225 0.12 0.12 0.12
-0.1175 -0.1175 -0.1875 -0.1875 -0.1875 -0.39390934 -0.395 -0.2575 -0.2575 -0.2575 0.029964609 0.03 -0.063969343 -0.017500015 -0.0175 -0.0175 -0.0175 -0.145 -0.145 -0.145 -0.67 -0.66999986 -0.4850009 -0.485 -0.48503285 -0.66 -0.66 -0.65999938 -0.40004202 -0.68493822 -0.68499835 -0.68494588 -0.37552982 -0.37526753 -0.41424144 -0.42250016 -0.42392427 -0.8475 -0.8475 -0.445 -0.445 -0.445 -0.445 -0.0725 -0.0725 -0.0725 -0.0725 0.2225 0.2225 0.2225 0.12 0.12 0.12
-0.1175 -0.1175 -0.1875 -0.1875 -0.1875 -0.1875 -0.34353777 -0.2575 -0.2575 -0.2575 -0.25740471 -0.085 -0.085 -0.085 -0.017897793 -0.0175 -0.14415037 -0.145 -0.145 -0.145 -0.67 -0.67 -0.67 -0.67 -0.66 -0.66 -0.66 -0.66 -0.66 -0.685 -0.685 -0.685 -0.685 -0.68499978 -0.58 -0.8475 -0.8475 -0.8475 -0.8475 -0.84749765 -0.1675 -0.1675 -0.1675 -0.064182446 0.15 0.15 0.15 0.2225 0.22249988 0.0975 0.0975 0.14499392 0.145
-0.1175 -0.1175 -0.16223492 -0.1875 -0.1875 -0.18750001 -0.51454306 -0.2583115 -0.2575 -0.2575 -0.085000016 -0.085 -0.085 -0.085 -0.085 -0.079476168 -0.145 -0.145 -0.145 -0.145 -0.66999594 -0.67 -0.67 -0.67 -0.66 -0.66 -0.66 -0.66 -0.66 -0.78106433 -0.685 -0.685 -0.685 -0.58 -0.58 -0.58020772 -0.8475 -0.8475 -0.47888007 -0.19250006 -0.1675 -0.1675 -0.1675 -0.06629135 0.15 0.15 0.15 -0.1775 0.094073527 0.0975 0.0975 0.145 0.145
-0.605 -0.605 -0.605 -0.29217873 -0.18811893 -0.515 -0.515 -0.515 -0.515 -0.16 -0.16 -0.085000005 -0.085 -0.085 -0.085 -0.085003816 -0.145 -0.145 -0.145 -0.145 -0.44090703 -0.67 -0.67 -0.66784094 -0.59072834 -0.66 -0.66 -0.66 -0.815 -0.815 -0.815 -0.81499945 -0.58 -0.58 -0.58 -0.58 -0.1925 -0.1925 -0.1925 -0.1925 -0.005 -0.005 -0.005 -0.074998593 -0.075 -0.075 -0.074999929 -0.1775 -0.1775 0.097164928 0.0975 0.14499997 0.145
-0.605 -0.605 -0.605 -0.60500027 -0.61 -0.59618544 -0.515 -0.515 -0.515 -0.16 -0.16 -0.16 -0.40749999 -0.4075 -0.4075 -0.40749999 -0.14517402 -0.145 -0.145 -0.145 -0.15295636 -0.58750023 -0.5875 -0.5875 -0.5875 -0.5875 -0.66 -0.66 -0.815 -0.815 -0.815 -0.815 -0.57999999 -0.58 -0.58 -0.57999857 -0.19249999 -0.1925 -0.1925 -0.1916007 -0.005 -0.005 -0.005 -0.074996754 -0.075 -0.075 -0.075 -0.1775 -0.1775 -0.17749996 0.14 0.14 -0.0675
-0.605 -0.605 -0.605 -0.60999999 -0.61 -0.61 -0.51500004 -0.515 -0.515 -0.16 -0.16 -0.16 -0.4075 -0.4075 -0.4075 -0.39474328 -0.24 -0.24 -0.23999975 -0.14553659 -0.5875 -0.5875 -0.5875 -0.5875 -0.5875 -0.58755456 -0.66 -0.66 -0.66 -0.815 -0.815 -0.81498552 -0.5625 -0.5625 -0.5625 -0.25 -0.25 0.0125 0.0125 0.0125 0.2325 -0.0049255032 -0.0049988619 0.1475 0.1475 0.1390675 -0.074999586 -0.1775 -0.1775 0.14 0.14 0.14 -0.0675
-0.605 -0.605 -0.605 -0.61 -0.61 -0.61 -0.61 -0.515 -0.515 -0.16 -0.16 -0.39760357 -0.4075 -0.4075 -0.4075 -0.24 -0.24 -0.24 -0.24 -0.24 -0.5875 -0.5875 -0.5875 -0.5875 -0.5875 -0.65999975 -0.66 -0.66 -0.66 -0.7925 -0.7925 -0.7925 -0.5625 -0.5625 -0.5625 -0.25 -0.25 0.0125 0.0125 0.2325 0.2325 0.2325 0.1475 0.1475 0.1475 0.1475 0.15817915 0.2775 0.2775 0.2775 0.14 0.315 0.315
-0.605 -0.605 -0.60500696 -0.61 -0.61 -0.61 -0.61 -0.89798356 -0.9125 -0.91120806 -0.16000002 -0.40751486 -0.4075 -0.4075 -0.40749942 -0.24 -0.24 -0.24 -0.24 -0.24 0.02147966 -0.5875 -0.5875 -0.5875 -0.58745108 -0.65998256 -0.66 -0.66 -0.66 -0.7925 -0.7925 -0.7925 -0.79246707 -0.5625 -0.25 -0.25 -0.25 -0.24998908 0.012515004 0.2325 0.2325 0.2325 0.14750516 0.1475 0.1475 0.1475 0.27750104 0.2775 0.2775 0.2775 0.315 0.315 0.315
-1.565 -1.5649983 -0.61003108 -0.61 -0.61 -0.61 -0.91243563 -0.9125 -0.9125 -0.9125 -0.58500001 -0.585 -0.585 -0.585 -0.24159228 -0.24 -0.24 -0.24 -0.24 0.047499829 0.0475 0.0475 -0.35000004 -0.35 -0.35 -0.35 -0.37675699 -0.66 -0.82499324 -0.825 -0.825 -0.825 -0.825 -0.087500001 -0.0875 -0.0875 -0.0875 -0.0875 0.345 0.345 0.345 0.345 0.345 0.38214575 0.3825 0.3825 0.3825 0.2775 0.2775 0.2775 0.31499409 0.315 0.315
-1.565 -1.565 -1.558846 -0.82999956 -0.82999995 -0.83008026 -0.9125 -0.9125 -0.9125 -0.9125 -0.585 -0.585 -0.585 -0.585 -0.585 -0.24 -0.24 -0.24 0.047499928 0.0475 0.0475 0.0475 -0.35 -0.35 -0.35 -0.35 -0.35 -0.35006607 -0.82490346 -0.825 -0.825 -0.825 -0.82496122 -0.056320411 -0.087467715 -0.0875 -0.0875 -0.087499999 0.345 0.345 0.345 0.345 0.345 0.3825 0.3825 0.3825 0.3825 0.33339995 0.2775 0.017928694 0.015 -0.05 -0.05
-1.565 -1.565 -0.8300931 -0.83 -0.83 -0.83 -0.85095465 -0.9125 -0.9125 -0.9125 -0.585 -0.585 -0.585 -0.585 -0.585 -0.24026271 -0.24 0.047415707 0.0475 0.0475 0.0475 0.0475 -0.20274355 -0.35 -0.35 -0.35 -0.35 -0.35015923 -0.575 -0.575 -0.575 -0.575 -0.575 -0.0325 -0.0325 -0.0325 -0.0325 -0.0325 0.35 0.35 0.35 0.35 0.35 0.38229246 0.38249996 0.3825 0.38248559 0.38071339 0.015 0.015 0.015 -0.049999636 -0.05
-1.5649982 -0.63106992 -0.82999997 -0.83 -0.83 -0.83 -0.83 -0.91246487 -0.9125 -0.9125 -0.585 -0.585 -0.585 -0.585 -0.28921894 -0.2825 -0.2825 0.047491507 0.0475 0.0475 0.0475 0.0475 0.047499908 -0.35 -0.35 -0.35 -0.35 -0.25250031 -0.25250015 -0.32113584 -0.575 -0.575 -0.575 -0.032500001 -0.0325 -0.0325 -0.0325 -0.032557569 0.35 0.35 0.35 0.35 0.34998908 0.2975 0.2975 0.2975 0.2975 0.29747722 0.015 0.015 0.015 0.014999936 -0.089410903
-0.6125 -0.6125 -0.64417555 -0.83 -0.83 -0.83 -0.83 -0.83 -0.91246422 -0.665 -0.665 -0.665 -0.66481014 -0.28250044 -0.2825 -0.2825 -0.2825 -0.2825 0.047496852 0.020574719 -0.215 -0.215 -0.215 -0.25331174 -0.42343337 -0.81636143 -1.1473356 -0.2525 -0.2525 -0.2525 -0.2525 -0.2525 -0.26497322 -0.11982885 -0.1175 -0.1175 -0.1175 -0.1175 0.32323078 0.20750026 0.2075 0.2075 0.2075 0.31499995 0.2975 0.2975 0.2975 0.12 0.015001682 0.015 0.015 -0.09 -0.09
