interpolatedSpi/04-07|22_3.tif
NCOLS 53
NROWS 52
XLLCORNER -116.03883
YLLCORNER 28.596182
DX 0.49850594
DY 0.49788537
NODATA_VALUE -9999
[rows 0 to 37 of 52, columns 0 to 52 of 53]
0.4475 0.4475 -0.028207259 -0.175 0.375 0.2475 0.44 0.3275 -0.15512944 -0.1725 0.025 0.775 0.43251688 0.6375 0.52 0.52 0.52 0.6575 0.39 0.39 0.39 0.38999143 -0.49999999 0.1675 0.1675 0.1675 0.51249399 0.5125 0.5125 0.2125 0.2125 0.2125 0.2125 1.5249997 1.525 1.525 1.525 1.525 1.525 1.525 0.86461414 0.85757414 1.1475 1.1475 1.1475 1.1475 1.1471856 0.955 0.955 0.955 1.7374984 1.7375 1.7375
0.44744235 -0.85 -0.052499602 0.10387361 0.085217648 0.5525 0.305 0.70190432 0.135 0.2275 0.4775 0.4325 0.4325 0.77703317 0.63750065 0.52 0.6575 0.6575 0.39034878 0.39 0.39 0.39 0.18750209 0.1675 0.1675 0.1675 0.54749997 0.5475 0.2125 0.2125 0.2125 0.2125 0.2125 1.5249998 1.525 1.525 1.525 1.525 1.525 1.6511557 2.3723996 1.2961434 1.1475 1.1475 1.1475 1.1475 1.1475 0.955 0.955 0.955 1.0198856 1.7375 1.7375
0.45497382 0.455 0.2925 0.7875 0.19 -0.1525 0.2325 0.4125 -0.1975 0.4 0.255 0.4325 0.2775 0.705 0.7775 0.065 0.6575 0.6575 0.6575 0.032603926 0.0325 0.0325 0.5475 0.1675 0.1675 0.1675 0.5475 0.5475 0.5475 0.2125 0.2125 0.21250005 0.74565057 1.5244484 1.5232548 1.3392182 1.3375 1.3375 1.4676757 2.3725 2.3725 2.3709335 1.1475 1.1475 1.1475 1.1475 1.1475 0.955 0.955 0.955 0.955 1.7375 1.7375
0.025 0.45500001 0.5199977 1.61 0.0625 0.4325 0.8075 0.2125 0.24 0.78447041 0.635 0.2775 0.245 0.705 -0.7275 0.065 -0.93231079 -0.9388807 -0.7675 0.0325 0.0325 -0.2675 0.5475 0.5475 0.1675 0.1675019 0.5475 0.5475 0.5475 0.475 0.93863268 1.32 1.32 1.32 1.3375 1.3375 1.3375 1.3375 2.3725 2.3725 2.3725 2.3725 1.1475 1.1475 1.1475 1.1475 1.1475 0.95500243 0.955 0.955 0.955 1.737482 1.7375
0.025 1.1199989 0.52 0.54155867 0.0625 0.33 0.67000959 1.1725 0.4125 1.0849996 0.58529725 0.34740403 -0.3225 -0.7275 -0.7275 -0.21302955 -0.94 -0.94 -0.7675 -0.7675 0.032499384 -0.2675 0.015 0.31 0.8875 0.88754903 0.5475 0.5475 0.475 0.475 1.32 1.32 1.32 1.2624854 1.3375 1.3375 1.3375 2.3725 2.3725 2.3725 2.3725 2.3724616 1.1475 1.1475 1.1475 1.1475 1.1475 1.1457865 0.955 0.95501031 1.185 1.185 1.185
-2.13 0.22 0.22 0.5375 -0.2725 0.515 0.4175 0.51416162 0.6075 -0.12 -0.69 -0.2625 -0.26250004 -0.075 -0.075 -0.57494568 -0.575 -0.35 -0.35 -0.76749953 -0.435 -0.435 0.31 0.8875 0.8875 1.0975 0.8175 0.8175 1.2549287 0.475 1.32 1.32 1.015 1.0151215 2.1774167 2.14 2.14 2.3005708 2.3725 2.3725 1.9754958 1.975 1.9750018 1.650953 1.6599434 1.6599999 1.66 1.6599998 1.5206993 1.185 1.185 1.185 1.185
-0.98751079 -1.18 -0.65036255 -0.455 -0.1625 -0.295 0.1225 -0.1 -0.1025 -0.1025 -0.69 -0.1525 -0.68249984 -0.075 -0.34999918 -0.35 -0.575 -0.1625 -0.2325 -0.2325 -0.46209773 -0.4925 -0.4925 0.895 1.0975 1.0975 0.8175 0.8175 1.2549786 1.2546057 1.7224163 1.015 1.015 2.1775 2.1775 2.1890176 2.14 2.14 2.6424826 1.9750009 1.975 1.975 1.9750101 1.6600028 1.66 1.66 1.66 1.66 1.5975 1.1850817 1.185 1.185 1.185
-0.9875 0.275 -0.0075 -1.42 -1.2825079 -0.6625 -0.6775 -0.505 -0.7325 -0.285 -0.285 -0.065 -0.6825 -0.6825 -0.35228126 -0.8623008 -0.9125 -0.095 -0.62999959 -0.2325 0.11797806 0.205 -0.6975 0.26 0.25999906 0.1875 0.885 0.88499998 0.88878777 0.88750002 1.725 0.75243968 1.2175 2.1775 2.1740062 2.23 2.23 2.6425 2.6425 1.975 1.975 1.975 2.1598932 2.16 1.66 1.66 1.66 1.5975024 1.5975 1.5975 1.185 1.185 1.185
0.05766749 0.275 0.4875 -0.94 -0.8225 -1.05 -0.5825 -0.2725 0.025 -0.082654078 0.025 0.044999996 0.045 0.57 0.56999067 -0.65821071 -0.6575 -0.6575 -0.17666857 -0.43500008 -0.82 -0.81999999 0.45 -0.24528911 0.19480609 0.1875 0.945 0.885 1.6604674 1.665 0.6225 1.915 1.5246669 1.4225 2.055 2.01 2.505 1.6925 2.7245232 1.9783813 2.7325 2.165 2.1599984 2.16 2.1571857 1.66 1.715 1.5975 1.5975 1.5975 1.5975 1.2214184 0.83
-1.1575 -1.1575 0.5525 -0.595 -1.215 -1.1325 -1.055 -1.0375 -0.4075 -0.11009386 0.165 0.7475 0.57 0.57 -0.4225 -0.42572313 -0.6575 -0.65748384 -0.5925 -0.435 -0.435 -0.48460092 0.45 0.9674902 0.9675 0.9675 0.945 1.3475 1.3475 1.665 1.665 1.9135301 1.14 1.4225 1.97 2.01 2.505 2.4075 2.725 1.3353923 2.165 2.1594899 2.15 2.16 2.16 1.715 1.715 1.715 1.5975 1.5975 1.4775 1.4775 1.4774998
-1.1575 -1.1575 -0.0475 -0.48 -0.9875 -1.0325 -1.245 -0.19271552 -0.405 -0.49 -0.2 -0.695 0.74557934 -0.4225 -0.4225 -0.42251269 -0.5325 -0.53564908 -0.5925 -0.2575 -0.2575 -0.4325 -0.4325 0.9675 0.9675 0.9675 1.3475 1.3475 1.3475 0.505 0.505 0.50500105 1.765 1.765 1.4175 1.3675 2.4275 1.6425022 2.26 1.3125 1.3125 1.4150024 2.15 2.16 1.8825002 2.02 1.9589448 1.96 2.115 2.115 1.4775 1.4775 1.4775
-1.1575 -0.67827825 -0.23206318 -0.63248716 0.2375 -1.43 -1.245 -0.1925 -0.40499823 -0.4890583 -0.69499973 -0.695 -0.775 -0.4225 -0.4225 -0.5325 -0.5325 -0.53250341 -0.5925 -0.2575 -0.29186644 -0.4325 -0.4325 0.96744411 0.9675 1.0398183 1.1875 1.1875 1.1875 0.505 0.505 0.6275 0.6275 1.764999 1.4175 2.0624999 2.3433139 1.6425 1.6425 1.3125 1.415 1.415 1.4150035 1.8825 1.8825 2.02 1.96 1.96 2.115 2.115 1.4775 1.4775 1.4775
0.63 0.26740726 0.2999714 0.29325463 0.2374914 -1.4299606 -1.245 -0.20545567 -0.39035658 -0.40721958 -0.775 -0.775 -0.775 -0.775 -0.42254993 -0.5325 -0.5325 -0.5332747 -0.5925 -0.25741027 0.06 0.06 0.06 0.06 0.95233761 1.1875 1.1875 1.1875 1.1875 1.1870991 0.6275 0.6275 0.6275 0.6275 2.0625 2.0625 2.0625 1.6630544 1.6406599 1.3975 1.3975 1.4149991 1.4975132 1.8824629 1.8825 2.02 1.96 1.96 2.115 2.115 1.4798128 1.4775 1.527719
0.63 0.3 0.3 0.3 0.3 0.29999928 -1.2454733 -0.74702373 -0.35128932 -0.77460359 -0.775 -0.775 -0.775 -0.775 -0.77499978 -0.5325 -0.53250001 -0.53661559 -0.59249705 0.06 0.06 0.06 0.06 0.06 0.078216582 1.1544233 1.1775 1.1775 1.1775 1.1775 0.6275 0.6275 0.62750052 1.06 1.06 2.0625 1.7416767 1.7325 1.3975002 1.3975 1.3975 1.3975 1.4975 1.4975 1.4975 1.5011361 1.75883 1.7575 1.7575 1.7575 1.7575 1.5925 1.5925
1.1425 0.3 0.3 0.3 0.3 0.3 0.2999999 -0.67229778 -0.47397465 -0.475 -0.475 -0.475 -0.475 -0.475 -0.475 0.546371 -0.51504887 -0.54071574 0.05991798 0.06 0.06 0.06 0.06 0.060000736 0.9025 0.9025 0.90250039 1.1775 1.1775 1.1762935 0.575 0.575 1.06 1.06 1.06 1.6247726 1.7325 1.7325 1.7325 1.3975 1.3975 1.3975 1.4975 1.4975 1.4975 1.4975 1.7575 1.7575 1.7575 1.7575 1.7575 1.5925 1.5925
1.1425 0.82884682 0.3 0.3 0.3 0.3 0.1400314 0.14 0.13999998 -0.475 -0.475 -0.475 -0.475 -0.475 -0.24501721 0.5675 0.5675 0.5675 0.69057392 0.69249935 0.6925 0.6925 0.6925 0.6925 0.9025 0.9025 0.9025 0.9025 1.1775 0.575 0.575 0.575 1.06 1.06 1.06 1.3075 1.7319373 1.7325 1.7325 1.3973968 1.1910722 0.70956226 1.4975 1.4975 0.50058606 0.4975 0.4975 1.7546006 0.0011591395 -0.0049998464 -0.0049996659 0.40767926 1.5924976
1.1425 0.53671882 0.41133013 0.3 0.3 0.14009454 0.14 0.14 0.14 0.13556813 -0.475 -0.475 -0.475 -0.47499987 0.5675 0.5675 0.5675 0.5675 0.69238834 0.6925 0.6925 0.6925 0.6925 0.6925 0.9025 0.9025 0.9025 0.9025 0.90130876 0.575 0.575 0.575 0.6575 1.0600155 1.3075 1.3075 1.3075 1.3023102 0.77239236 0.7075 0.7075 0.7075 0.3 0.3 0.4975 0.4975 0.4975 -0.0049999939 -0.005 -0.005 -0.005 0.4075 0.4075
0.52052856 0.52 0.52 0.51999999 -0.145 0.13999265 0.14 0.14 0.14 0.14 -0.35803062 -0.47497987 -0.47499996 0.5675 0.5675 0.5675 0.5675 0.5675 0.56293761 0.6925 0.6925 0.6925 0.6925 0.6925 0.4496474 -0.10249455 -0.1025 -0.1025 -0.1025 0.575 0.6575 0.6575 0.6575 0.6575 1.3075 1.3074875 0.8325 0.8325 0.70906081 0.7075 0.7075 0.7075 0.3 0.3 0.4669202 0.4975 0.4975 -0.005 -0.005 -0.005 -0.00057692742 0.4075 0.4075
0.52 0.52 0.52 0.20684158 -0.145 -0.145 0.14 0.14 0.14 0.14 1.07 1.07 1.07 0.5675 0.5675 0.5675 0.5675 0.56746612 0.34 0.34 0.69249986 0.6925 0.68197045 0.26 0.25673657 -0.1025 -0.1025 -0.1025 -0.1025 0.65742261 0.6575 0.6575 0.6575 0.6575 0.83250167 0.8325 0.8325 0.8325 0.83203277 0.7075 0.7075 0.7075 0.3 0.3 0.3 0.4975 0.4975 -0.0049999899 -0.005 -0.0049999997 0.4075 0.4075 0.4075
0.52 0.52 0.52 -0.145 -0.145 -0.145 -0.14499956 0.14 0.14 1.06904 1.07 1.07 1.07 1.0696869 0.40156841 0.3625 0.3625 0.3625 0.34 0.34 0.34 0.26 0.26 0.26 0.25985783 -0.17855603 -0.1025 -0.1025 -0.1025 0.12963945 0.030061717 0.03 0.03 0.03 0.63213299 0.35250109 0.3525 0.3525 0.3525 -0.28986351 -0.29 -0.29 0.3 0.3 -0.12499823 -0.12499987 0.2375 0.2375 0.1225 0.1225 0.1225 0.4075 0.19519
0.51999889 0.52 0.51999998 -0.145 -0.145 -0.145 -0.14500001 -0.72999975 0.1365214 1.0688076 1.07 1.07 1.07 1.0686117 0.3625 0.3625 0.3625 0.36249999 0.34 0.34 0.34 0.26 0.26 0.26 -0.2475 -0.2475 -0.51 -0.51 -0.51 -0.50705413 0.03 0.03 0.03 0.03 0.1911613 0.3525 0.3525 0.3525 0.3525 -0.29 -0.29 -0.29 -0.28480847 -0.125 -0.125 -0.125 0.2375 0.2375 0.1225 0.1225 0.1225 0.195 0.195
0.1625 0.3058223 -0.4025 -0.40242529 -0.145 -0.72661521 -0.73 -0.73 -0.70358255 -0.24500001 -0.245 -0.245 -0.245 0.18248608 0.1825 0.36249986 0.3625 0.36190716 0.34 0.34 0.34 -0.545 -0.545 -0.545 -0.2475 -0.2475 -0.51 -0.51 -0.51 -0.50999992 -0.3949973 -0.39499881 0.019318263 0.029544371 -0.62424748 -0.625 -0.625 -0.625 -0.625 -0.29 -0.29 -0.29 -0.13408579 -0.125 -0.125 -0.12500003 0.2375 0.2375 0.23749586 0.1225 0.12249229 -0.05 0.195
-0.26241929 -0.26250002 -0.4025 -0.4025 -0.4025 -0.73 -0.73 -0.73 -0.6575 -0.6575 -0.245 -0.245 -0.245 0.1825 0.1825 0.1825 0.1825 0.18251816 0.34 0.34 0.33999997 -0.545 -0.545 -0.545 -0.2475 -0.2475 -0.51 -0.51 -0.51 -0.39629663 -0.395 -0.395 -0.395 -0.395 -0.62488651 -0.625 -0.625 -0.625 -0.625 -0.84749986 -0.8475 -0.8475 -0.8475 -0.12500138 -0.305 -0.305 -0.305 0.09 0.09 0.09 -0.05 -0.05 -0.05
-0.2625 -0.2625 -0.4025 -0.4025 -0.4025 -0.7282786 -0.73 -0.6575 -0.6575 -0.6575 -0.24505078 -0.245 -0.38186839 0.18249986 0.1825 0.1825 0.1825 -0.35 -0.35 -0.35 -1.02 -1.0199996 -0.54500231 -0.545 -0.54512693 -0.9 -0.9 -0.89999907 -0.51006303 -0.76992527 -0.769998 -0.76993453 -0.39564091 -0.39532362 -0.58428015 -0.62500023 -0.62700236 -1.2225 -1.2225 -0.8475 -0.8475 -0.8475 -0.8475 -0.305 -0.305 -0.305 -0.305 0.09 0.09 0.09 -0.05 -0.05 -0.05
-0.2625 -0.2625 -0.4025 -0.4025 -0.4025 -0.4025 -0.70286537 -0.6575 -0.6575 -0.6575 -0.65736467 -0.4125 -0.4125 -0.4125 0.17899353 0.1825 -0.34645155 -0.35 -0.35 -0.35 -1.02 -1.02 -1.02 -1.02 -0.9 -0.9 -0.9 -0.9 -0.9 -0.77 -0.77 -0.77 -0.77 -0.77000011 -0.82 -1.2225 -1.2225 -1.2225 -1.2225 -1.2224976 -0.5175 -0.5175 -0.5175 -0.38326797 -0.105 -0.105 -0.105 0.089999994 0.08999977 -0.1475 -0.1475 0.092465333 0.0925
-0.2625 -0.2625 -0.35196983 -0.4025 -0.4025 -0.40250001 -1.0368257 -0.65869755 -0.6575 -0.6575 -0.41250004 -0.4125 -0.4125 -0.4125 -0.4125 -0.36372047 -0.35 -0.35 -0.35 -0.35 -1.0199948 -1.02 -1.02 -1.02 -0.9 -0.9 -0.9 -0.9 -0.9 -1.1450204 -0.77 -0.77 -0.77 -0.82 -0.82 -0.82031255 -1.2225 -1.2225 -0.84121756 -0.54500006 -0.5175 -0.5175 -0.5175 -0.38646899 -0.105 -0.105 -0.105 -0.62 -0.1533873 -0.1475 -0.1475 0.0925 0.0925
-1.0475 -1.0475 -1.0475 -0.56421923 -0.40339363 -1.0375 -1.0375 -1.0375 -1.0375 -0.6225 -0.6225 -0.41250001 -0.4125 -0.4125 -0.4125 -0.41249606 -0.35 -0.35 -0.35 -0.35 -0.72763373 -1.02 -1.02 -1.0162053 -0.87611322 -0.9 -0.9 -0.9 -1.2775 -1.2775 -1.2775 -1.2774979 -0.82 -0.82 -0.82 -0.82 -0.545 -0.545 -0.545 -0.545 -0.3375 -0.3375 -0.3375 -0.52749618 -0.5275 -0.5275 -0.52749987 -0.62 -0.62 -0.14807572 -0.1475 0.092499798 0.0925
-1.0475 -1.0475 -1.0475 -1.047498 -1.01 -1.013999 -1.0375 -1.0375 -1.0375 -0.6225 -0.6225 -0.6225 -0.84749998 -0.8475 -0.8475 -0.84749999 -0.35025188 -0.35 -0.35 -0.35 -0.36015167 -0.8750004 -0.875 -0.875 -0.875 -0.875 -1.02 -1.02 -1.2775 -1.2775 -1.2775 -1.2775 -0.82000005 -0.82 -0.82 -0.82000591 -0.54499999 -0.545 -0.545 -0.54302593 -0.3375 -0.3375 -0.3375 -0.52749119 -0.5275 -0.5275 -0.5275 -0.62 -0.62 -0.61999991 0.0525 0.0525 -0.2425
-1.0475 -1.0475 -1.0475 -1.0100001 -1.01 -1.01 -1.0375 -1.0375 -1.0375 -0.6225 -0.6225 -0.6225 -0.8475 -0.8475 -0.8475 -0.82008256 -0.4875 -0.4875 -0.48749964 -0.35077664 -0.875 -0.875 -0.875 -0.875 -0.875 -0.87510912 -1.02 -1.02 -1.02 -1.2775 -1.2775 -1.2775 -0.8925 -0.8925 -0.8925 -0.2825 -0.2825 -0.095 -0.095 -0.095 0.285 -0.33730474 -0.33749791 -0.0575 -0.0575 -0.075312466 -0.52749891 -0.62 -0.62 0.0525 0.0525 0.0525 -0.2425
-1.0475 -1.0475 -1.0475 -1.01 -1.01 -1.01 -1.01 -1.0375 -1.0375 -0.6225 -0.6225 -0.83850325 -0.8475 -0.8475 -0.8475 -0.4875 -0.4875 -0.4875 -0.4875 -0.4875 -0.875 -0.875 -0.875 -0.875 -0.875 -1.0199995 -1.02 -1.02 -1.02 -1.2775 -1.2775 -1.2775 -0.8925 -0.8925 -0.8925 -0.2825 -0.2825 -0.095 -0.095 0.285 0.285 0.285 -0.0575 -0.0575 -0.0575 -0.0575 -0.017247806 0.4325 0.4325 0.4325 0.052500009 0.505 0.505
-1.0475 -1.0475 -1.0474478 -1.01 -1.01 -1.01 -1.01 -1.3884247 -1.4075 -1.4061523 -0.62250001 -0.84750942 -0.8475 -0.8475 -0.84749875 -0.4875 -0.4875 -0.4875 -0.4875 -0.4875 0.048050096 -0.875 -0.875 -0.875 -0.87488157 -1.0199595 -1.02 -1.02 -1.02 -1.2775 -1.2775 -1.2775 -1.2774453 -0.8925 -0.2825 -0.2825 -0.2825 -0.28249212 -0.094974085 0.285 0.285 0.285 -0.057479207 -0.0575 -0.0575 -0.0575 0.43250025 0.4325 0.4325 0.4325 0.505 0.505 0.505
-1.5525 -1.5524991 -1.0100389 -1.01 -1.01 -1.01 -1.4074154 -1.4075 -1.4075 -1.4075 -0.96000001 -0.96 -0.96 -0.96 -0.48968075 -0.4875 -0.4875 -0.4875 -0.4875 0.087499658 0.0875 0.0875 -0.3000001 -0.3 -0.3 -0.3 -0.36214526 -1.02 -1.3824852 -1.3825 -1.3825 -1.3825 -1.3825 -0.050000002 -0.05 -0.05 -0.05 -0.05 0.5225 0.5225 0.5225 0.5225 0.5225 0.46171614 0.4625 0.4625 0.4625 0.4325 0.4325 0.4325 0.50498858 0.505 0.505
-1.5525 -1.5525 -1.548795 -1.1099998 -1.11 -1.1102899 -1.4075 -1.4075 -1.4075 -1.4075 -0.96 -0.96 -0.96 -0.96 -0.96 -0.4875 -0.4875 -0.4875 0.087499856 0.0875 0.0875 0.0875 -0.3 -0.3 -0.3 -0.3 -0.3 -0.30015343 -1.3823668 -1.3825 -1.3825 -1.3825 -1.3824465 -0.071258811 -0.050022013 -0.05 -0.05 -0.050000001 0.5225 0.5225 0.5225 0.5225 0.5225 0.4625 0.4625 0.4625 0.4625 0.44847141 0.4325 0.45474897 0.455 0.24 0.24
-1.5525 -1.5525 -1.1100561 -1.11 -1.11 -1.11 -1.1855637 -1.4075 -1.4075 -1.4075 -0.96 -0.96 -0.96 -0.96 -0.96 -0.48785678 -0.4875 0.087331414 0.0875 0.0875 0.0875 0.0875 -0.15644811 -0.3 -0.3 -0.3 -0.3 -0.30052215 -1.0375 -1.0375 -1.0375 -1.0375 -1.0375 -0.0875 -0.0875 -0.0875 -0.0875 -0.0875 0.355 0.355 0.355 0.355 0.355 0.46316535 0.46250014 0.4625 0.46254619 0.46805691 0.455 0.455 0.455 0.2400012 0.24
-1.5524991 -1.072053 -1.11 -1.11 -1.11 -1.11 -1.11 -1.4073733 -1.4075 -1.4075 -0.96 -0.96 -0.96 -0.96 -0.22910299 -0.2125 -0.2125 0.087492279 0.0875 0.0875 0.0875 0.0875 0.087499892 -0.3 -0.3 -0.3 -0.3 -0.58500042 -0.58500021 -0.681303 -1.0375 -1.0375 -1.0375 -0.087499999 -0.0875 -0.0875 -0.0875 -0.087413646 0.355 0.355 0.355 0.355 0.35500651 0.735 0.735 0.735 0.735 0.73497742 0.455 0.455 0.455 0.45499984 0.19319955
-1.0625 -1.0625 -1.0297952 -1.11 -1.11 -1.11 -1.11 -1.11 -1.4073711 -0.56000001 -0.56 -0.56 -0.56094928 -0.21250108 -0.2125 -0.2125 -0.2125 -0.2125 0.087496073 0.053907507 -0.24 -0.24 -0.24 -0.25884177 -0.3662301 -0.72061481 -1.0193359 -0.585 -0.585 -0.585 -0.585 -0.585 -0.60011874 0.034135753 0.04 0.04 0.04 0.04 0.37096746 0.43999985 0.44 0.44 0.44 0.55500053 0.73499995 0.735 0.735 0.62 0.45500264 0.455 0.455 0.1925 0.1925
-1.0625 -1.0625 -0.7825 -0.7825 -0.7825 -1.1098909 -1.11 -1.11 -0.56 -0.56 -0.56 -0.56 -0.56 -0.21250002 -0.2125 -0.2125 -0.2125 -0.2125 -0.24 -0.24 -0.24 -0.24 -0.24 -1.1275 -1.1275 -1.1275 -1.1275 -0.585 -0.585 -0.585 -0.585 -0.585 -0.4825 -0.4825 0.039999997 0.04 0.04 0.28745785 0.2875 0.44 0.44 0.44 0.44000005 0.555 0.555 0.555 0.62 0.62 0.62 0.5375 0.5375 0.1925 0.1925
-1.0625 -1.0625 -0.7825 -0.7825 -0.7825 -0.7825 -0.7825 -0.7825 -0.56020949 -0.56 -0.56 -0.56 -0.56 -0.21683475 -0.2125 -0.2125 -0.2125 -0.2125 -0.24 -0.24 -0.24 -0.24 -0.24 -1.1275 -1.1275 -1.1275 -1.1275 -1.1274978 -0.585 -0.585 -0.585 -0.48250537 -0.4825 -0.4825 -0.4825 0.039999999 0.2875 0.2875 0.2875 0.29151256 0.71608527 0.7675 0.7675 0.555 0.555 0.555 0.62 0.62 0.62 0.5375 0.5375 0.5375 -0.06336487
