interpolatedSpi/04-03|21_3.tif
NCOLS 53
NROWS 52
XLLCORNER -116.03883
YLLCORNER 28.596182
DX 0.49850594
DY 0.49788537
NODATA_VALUE -9999
-0.86 -0.86 -0.47058974 -1.04 -1.37 -1.18 -1.26 -1.23 -1.4472364 -1.78 -1.38 -1.13 -1.9098427 -4.868689e-46 -1.06 -1.06 -1.06 -1.02 -0.25 -0.25 -0.25 -0.25000809 -1.09 -0.52 -0.52 -0.52 -0.099997579 -0.1 -0.1 0.07 0.07 0.07 0.07 -1.5299997 -1.53 -1.53 -1.53 -1.53 -1.53 -1.5299999 1.7744075 1.8092434 -1.16 -1.16 -1.16 -1.16 -1.1591017 -0.61 -0.61 -0.61 1.789995 1.79 1.79 
-0.86003332 -1.61 -1.040001 -1.4152967 -1.3505235 -1.15 -1.14 -2.2997034 -2.46 -2.04 -1.7 -1.91 -1.91 -1.0066322 -2.1563465e-05 -1.06 -1.02 -1.02 -0.25100398 -0.25 -0.25 -0.25 -0.5489504 -0.52 -0.52 -0.52 -1.4799999 -1.48 0.07 0.07 0.07 0.07 0.07 -1.5299998 -1.53 -1.53 -1.53 -1.53 -1.5299999 -1.2302323 0.21994377 -0.99254783 -1.16 -1.16 -1.16 -1.16 -1.16 -0.61 -0.61 -0.61 -0.4109897 1.79 1.79 
-1.759981 -1.76 -1.89 -1.45 -2.15 -2.32 -1.93 -2.61 -2.51 -2.73 -1.74 -2.22 -1.22 -1.72 -1.01 -2.14 -1.02 -1.02 -1.02 -1.3496802 -1.35 -1.35 -1.07 -0.52 -0.52 -0.52 -1.48 -1.48 -1.48 0.07 0.07 0.069999896 -0.96501014 -1.5263822 -1.511012 0.49130652 0.51 0.51 0.47352564 0.22 0.22 0.21823533 -1.16 -1.16 -1.16 -1.16 -1.16 -0.61 -0.61 -0.61 -0.61 1.79 1.79 
-1.72 -1.7600001 -2.3300245 -1.17 -2.03 -2.17 -2.34 -2.94 -2.56 -1.7024883 -1.45 -2.99 -2.68 -1.72 -1.8 -2.14 -2.2491584 -2.2491382 -2.18 -1.35 -1.35 -2.23 -1.07 -1.07 -0.52 -0.52000479 -1.48 -1.48 -1.48 -1.04 -1.6106248 -2.08 -2.08 -2.0799979 0.51 0.51 0.51 0.51 0.22 0.22 0.22 0.21999995 -1.16 -1.16 -1.16 -1.16 -1.16 -0.61000694 -0.61 -0.61 -0.61 1.7899219 1.79 
-1.72 -1.3600018 -2.33 -2.3025665 -2.03 -2.16 -2.6499605 -2.4 -2.28 -1.9600001 -2.9304185 -3.3896577 -1 -1.8 -1.8 -2.0292216 -2.25 -2.25 -2.18 -2.18 -1.3500017 -2.23 -2.53 -0.9 -0.61 -0.61009377 -1.48 -1.48 -1.04 -1.04 -2.08 -2.08 -2.08 -1.7179396 0.51 0.51 0.51 0.22 0.22 0.22 0.22 0.21988127 -1.16 -1.16 -1.16 -1.16 -1.16 -1.1551043 -0.61 -0.60999955 -0.6 -0.6 -0.6 
-1.59 -1.54 -0.57000005 -1.71 -2.67 -2 -2.44 -2.4348789 -2.24 -2.25 -1.73 -1.02 -1.02 -0.79 -0.79 -1.570041 -1.57 -1.19 -1.19 -2.1799994 -1.78 -1.78 -0.9 -0.61 -0.61 -1.01 -1.32 -1.32 -0.1200842 -1.04 -2.08 -2.08 -0.16 -0.16010867 -1.1999254 -0.79 -0.79 -0.092466556 0.22 0.22 -1.0084659 -1.01 -1.0100003 -2.3879341 -2.4098618 -2.4099997 -2.41 -2.4099995 -2.3259336 -0.6 -0.6 -0.6 -0.6 
-0.41001248 -1.05 -0.65941586 -0.26 -0.47 -2.39 -1.58 -1.9 -2.34 -2.34 -1.73 -1.7 0.16999963 -0.79 -1.7399972 -1.74 -1.57 -2.18 -1.45 -1.45 -1.8883909 -2.01 -2.01 -0.51 -1.01 -1.01 -1.32 -1.32 -0.12002856 -0.12052573 -1.178238 -0.16 -0.16 -1.2 -1.2 -0.96428481 -0.79 -0.79 -0.70000312 -1.0099996 -1.01 -1.01 -1.0100039 -2.4100001 -2.41 -2.41 -2.41 -2.4100002 -2.68 -0.6004122 -0.6 -0.6 -0.6 
-0.41 0.52 -0.15 -1.61 -1.7999891 -1.7 -1.99 -1.94 -2.1 -2.65 -2.65 -1.16 0.17 0.17 -1.7268956 -2.0405498 -2.07 -0.85 -1.1800003 -1.45 -1.333208 -1.34 -1.5 -0.97 -0.97000477 -1.34 -1.12 -1.1200001 -0.60828297 -0.61000001 -1.18 -0.8248327 0.16 -1.2 -1.2330846 -1.11 -1.11 -0.7 -0.7 -1.01 -1.01 -1.01 -2.4227393 -2.43 -2.41 -2.41 -2.41 -2.6799897 -2.68 -2.68 -0.6 -0.6 -0.6 
0.07850778 0.51999999 -0.43 -0.74 -2.36 -1.59 -2.18 -2.05 -2.55 -2.1592556 -2.06 -1.84 -1.84 -1.21 -1.2100044 -1.4916165 -1.49 -1.49 -0.90037502 -0.95000006 -1.26 -1.26 -1.4 -1.4605916 -1.3027138 -1.34 -0.51 -1.12 -1.2790702 -1.28 -1.1 -0.96 -1.282333 -1.89 -2.36 -2.76 -3.08 -1.63 -2.2097322 -1.0103571 -1.09 -1.45 -2.4299121 -2.43 -2.4298874 -2.41 -3.22 -2.68 -2.68 -2.68 -2.68 -0.64731283 -1.63 
-2.39 -2.39 -1.02 -1.62 -2.38 -2.25 -1.04 -1.79 -2.41 -2.059921 -2.2 -0.13 -1.21 -1.21 -1.68 -1.6773941 -1.49 -1.4900485 -1.59 -0.95 -0.95 -0.98993842 -1.4 -1.5499972 -1.55 -1.55 -0.51 -1.62 -1.62 -1.28 -1.28 -0.96121383 -1.6 -1.89 -1.64 -2.76 -3.08 -1.9 -2.21 -1.8459966 -1.45 -1.6116293 -1.89 -2.43 -2.43 -3.22 -3.22 -3.22 -2.68 -2.68 -0.98 -0.98 -0.98000024 
-2.39 -2.39 -1.55 -2.39 -1.57 -1.96 -1.81 -1.2603531 -1.58 -1.58 -2.07 -1.13 -0.13133289 -1.68 -1.68 -1.68012 -2.72 -2.6606923 -1.59 -1.63 -1.63 -1.45 -1.45 -1.55 -1.55 -1.55 -1.62 -1.62 -1.62 -2.58 -2.58 -2.5799984 -1.95 -1.95 -1.95 -2.36 -2.03 -3.3199961 -2.48 -1.84 -1.84 -0.51000454 -1.89 -2.43 -2.0200005 -2.58 -2.0251681 -2.02 -1.33 -1.33 -0.98 -0.98 -0.98 
-2.39 -2.0275029 -1.908458 -1.4800182 -1.25 -2.19 -1.81 -1.26 -1.5799973 -1.58 -1.1300006 -1.13 -1.45 -1.68 -1.68 -2.72 -2.72 -2.7199357 -1.59 -1.63 -1.5946517 -1.45 -1.45 -1.5499965 -1.55 -1.5993079 -1.7 -1.7 -1.7 -2.58 -2.58 -1.76 -1.76 -1.95 -1.95 -1.9400003 -2.1630936 -3.32 -3.32 -1.84 -0.51 -0.51 -0.51001114 -2.02 -2.02 -2.58 -2.02 -2.02 -1.33 -1.33 -0.98 -0.98 -0.98 
-0.92 -0.94325893 -0.88005498 -0.88434868 -1.2500047 -2.1899778 -1.81 -1.2667702 -1.5579487 -1.58 -1.45 -1.45 -1.45 -1.45 -1.6799674 -2.72 -2.72 -2.7054099 -1.59 -1.6301097 -2.01 -2.01 -2.01 -2.01 -1.5579069 -1.7 -1.7 -1.7 -1.7 -1.7006184 -1.76 -1.76 -1.76 -1.76 -1.94 -1.94 -1.94 -3.2529242 -3.3080582 -1.73 -1.73 -0.51006562 -1.2700257 -2.0199278 -2.02 -2.58 -2.02 -2.02 -1.33 -1.33 -0.98126976 -0.98 -0.43939366 
-0.92 -0.88 -0.88 -0.88 -0.88 -0.88000055 -1.8109726 -1.549802 -1.499118 -1.4501399 -1.45 -1.45 -1.45 -1.45 -1.4499998 -2.72 -2.7199998 -2.6424897 -1.5900171 -2.01 -2.01 -2.01 -2.01 -2.01 -2.021888 -2.0051896 -2.0799999 -2.08 -2.08 -2.08 -1.76 -1.76 -1.7599998 -1.63 -1.63 -1.94 -1.5705671 -1.56 -1.7299999 -1.73 -1.73 -1.73 -1.27 -1.27 -1.27 -1.2791164 -0.48020115 -0.47 -0.47 -0.47 -0.47000002 -0.26000015 -0.26 
0.069999999 -0.88 -0.88 -0.88 -0.88 -0.88 -0.88000006 -1.3234587 -1.1414424 -1.14 -1.14 -1.14 -1.14 -1.14 -1.14 -0.13105919 -2.6784801 -2.5652647 -2.0099476 -2.01 -2.01 -2.01 -2.01 -2.0099987 -2.56 -2.56 -2.5599993 -2.08 -2.08 -2.0806208 -2.39 -2.39 -1.63 -1.63 -1.63 -1.5712132 -1.56 -1.56 -1.56 -1.73 -1.73 -1.73 -1.27 -1.27 -1.27 -1.27 -0.46999999 -0.47 -0.47 -0.47 -0.47 -0.26 -0.26 
0.07 -0.28367421 -0.88 -0.88 -0.88 -0.88 -0.43008832 -0.43 -0.43000002 -1.14 -1.14 -1.14 -1.14 -1.14 -0.91277479 -0.11 -0.11 -0.11 -0.90337856 -0.90000113 -0.9 -0.9 -0.9 -0.9 -2.56 -2.56 -2.56 -2.56 -2.08 -2.39 -2.39 -2.39 -1.6300001 -1.63 -1.63 -1.48 -1.5598941 -1.56 -1.56 -1.7298097 -1.3500532 -0.46379575 -1.27 -1.27 0.25527833 0.26 0.26 -0.46873237 0.2973092 0.29999993 0.29999985 -0.10002412 -0.25999967 
0.070000001 -0.44576545 -0.66746066 -0.88 -0.88 -0.43026588 -0.43 -0.43 -0.43 -0.43511646 -1.14 -1.14 -1.14 -1.1399999 -0.11 -0.11 -0.11 -0.11 -0.89929431 -0.9 -0.9 -0.9 -0.9 -0.9 -2.56 -2.56 -2.56 -2.56 -2.5593816 -2.39 -2.39 -2.39 -2.55 -1.630007 -1.48 -1.48 -1.48 -1.4738501 -0.52965094 -0.46 -0.46 -0.46 -0.13 -0.13 0.26 0.26 0.26 0.3 0.3 0.3 0.3 -0.1 -0.1 
-0.45950337 -0.46 -0.46 -0.46 -0.7 -0.43000696 -0.43 -0.43 -0.43 -0.43 -1.0711053 -1.1399881 -1.14 -0.11 -0.11 -0.11 -0.11 -0.11 -0.14036756 -0.9 -0.9 -0.9 -0.9 -0.9 -1.8517417 -2.1200024 -2.12 -2.12 -2.12 -2.39 -2.55 -2.55 -2.55 -2.55 -1.48 -1.4799853 -0.92 -0.92 -0.46574379 -0.46 -0.46 -0.46 -0.13 -0.13 0.19961457 0.26 0.26 0.3 0.3 0.3 0.29571096 -0.1 -0.1 
-0.46 -0.46 -0.46 -0.57301958 -0.7 -0.7 -0.43 -0.43 -0.43 -0.43 -0.23 -0.23 -0.23 -0.11 -0.11 -0.11 -0.11 -0.10993886 0.39 0.39 -0.89999948 -0.9 -0.91752897 -1.62 -1.6245013 -2.12 -2.12 -2.12 -2.12 -2.5499562 -2.55 -2.55 -2.55 -2.55 -0.92000197 -0.92 -0.92 -0.92 -0.91829992 -0.46 -0.46 -0.46 -0.13 -0.13 -0.13 0.26 0.26 0.29999999 0.3 0.3 -0.1 -0.1 -0.1 
-0.46 -0.46 -0.46 -0.7 -0.7 -0.7 -0.69999959 -0.43 -0.43 -0.23020646 -0.23 -0.23 -0.23 -0.22992523 0.18948629 0.26 0.26 0.26 0.39 0.39 0.39 -1.62 -1.62 -1.62 -1.6195434 -1.0027632 -2.12 -2.12 -2.12 -0.70201952 -0.29022228 -0.29 -0.29 -0.29 -0.32539238 0.50999675 0.51 0.51 0.51 0.53986317 0.54 0.54 -0.13 -0.13 0.12999891 0.12999985 -0.3 -0.3 -0.32 -0.32 -0.32 -0.1 -0.40972282 
-0.45999901 -0.46 -0.46000001 -0.7 -0.7 -0.7 -0.7 -0.56999996 -0.43055977 -0.23034458 -0.23 -0.23 -0.23 -0.22903849 0.26 0.26 0.26 0.26000004 0.39 0.39 0.39 -1.62 -1.62 -1.62 0.01 0.01 0.50999999 0.51 0.51 0.50563575 -0.29 -0.29 -0.29 -0.29 0.10978043 0.51 0.51 0.51 0.51 0.54 0.54 0.54 0.52709983 0.13 0.13 0.13 -0.3 -0.3 -0.32 -0.32 -0.32 -0.41 -0.41 
-0.14 -0.30547303 -0.93 -0.92993327 -0.7 -0.57075218 -0.57 -0.57 -0.5955065 -0.61 -0.61 -0.61 -0.61 0.59996061 0.6 0.26000026 0.26 0.26342531 0.39 0.39 0.39 0.66 0.66 0.66 0.01 0.01 0.51 0.51 0.51 0.51000027 0.87999256 0.87999671 -0.26059381 -0.28874568 1.0085182 1.01 1.01 1.01 1.01 0.54 0.54 0.54 0.15257592 0.13 0.13 0.13000003 -0.3 -0.3 -0.30000072 -0.32 -0.32000224 -0.37 -0.41 
-0.48993353 -0.49000008 -0.93 -0.93 -0.93 -0.57 -0.57 -0.57 -0.64 -0.64 -0.61 -0.61 -0.61 0.6 0.6 0.6 0.6 0.5999754 0.39 0.39 0.39000001 0.66 0.66 0.66 0.01 0.01 0.51 0.51 0.51 0.87582822 0.88 0.88 0.88 0.88 1.0099359 1.01 1.01 1.01 1.01 0.59999998 0.6 0.6 0.6 0.13000146 0.32 0.32 0.32 -0.02 -0.02 -0.02 -0.37 -0.37 -0.37 
-0.49 -0.49 -0.93 -0.93 -0.93 -0.57189222 -0.57 -0.64 -0.64 -0.64 -0.61000369 -0.61 -0.27497886 0.59999982 0.6 0.6 0.6 0.77 0.77 0.77 1.72 1.7199992 0.66000516 0.66 0.66046963 1.76 1.76 1.759997 0.51020201 1.7798206 1.7799952 1.7798429 0.88153819 0.88077669 0.98743332 1.0100004 1.0132842 1.99 1.99 0.6 0.6 0.6 0.6 0.32 0.32 0.32 0.32 -0.02 -0.02 -0.02 -0.37 -0.37 -0.37 
-0.49 -0.49 -0.93 -0.93 -0.93 -0.93 -0.59619896 -0.64 -0.64 -0.64 -0.63975695 -0.2 -0.2 -0.2 0.59528542 0.6 0.76886716 0.77 0.77 0.77 1.72 1.72 1.72 1.72 1.76 1.76 1.76 1.76 1.76 1.78 1.78 1.78 1.78 1.7800012 2.36 1.99 1.99 1.99 1.99 1.9899967 1.17 1.17 1.17 0.86085727 0.22 0.22 0.22 -0.019999993 -0.020000058 -0.08 -0.08 -0.26002676 -0.26 
-0.49 -0.49 -0.7711909 -0.93 -0.93 -0.92999999 -0.52021294 -0.63962183 -0.64 -0.64 -0.20000004 -0.2 -0.2 -0.2 -0.2 -0.13428228 0.77 0.77 0.77 0.77 1.7199927 1.72 1.72 1.72 1.76 1.76 1.76 1.76 1.76 1.7430522 1.78 1.78 1.78 2.36 2.36 2.3597127 1.99 1.99 2.355806 2.6399999 1.17 1.17 1.17 0.86659671 0.22 0.22 0.22 0.53 -0.072399459 -0.08 -0.08 -0.26 -0.26 
0.03 0.03 0.03 -0.68930161 -0.92891963 -0.52 -0.52 -0.52 -0.52 -0.37 -0.37 -0.20000001 -0.2 -0.2 -0.2 -0.19993852 0.77 0.77 0.77 0.77 1.3054508 1.72 1.72 1.7189532 1.6835623 1.76 1.76 1.76 1.73 1.73 1.73 1.7300002 2.36 2.36 2.36 2.36 2.64 2.64 2.64 2.64 1.28 1.28 1.28 0.73001106 0.73 0.73 0.72999984 0.53 0.53 -0.079256748 -0.08 -0.25999607 -0.26 
0.03 0.03 0.03 0.029988153 -0.19 -0.23798742 -0.52 -0.52 -0.52 -0.37 -0.37 -0.37 -0.050000008 -0.05 -0.05 -0.050000008 0.76800331 0.77 0.77 0.77 0.78440319 1.6800001 1.68 1.68 1.68 1.68 1.88 1.88 1.73 1.73 1.73 1.73 2.36 2.36 2.36 2.3599976 2.64 2.64 2.64 2.6360957 1.28 1.28 1.28 0.7300255 0.73 0.73 0.73 0.53 0.53 0.53 0.52 0.52 0.71 
0.03 0.03 0.03 -0.18999949 -0.19 -0.19 -0.51999988 -0.52 -0.52 -0.37 -0.37 -0.37 -0.05 -0.05 -0.05 -0.070563079 -0.32 -0.32 -0.31999718 0.7638434 1.68 1.68 1.68 1.68 1.68 1.6801505 1.88 1.88 1.88 1.73 1.73 1.7298777 2.33 2.33 2.33 1.14 1.14 1.75 1.75 1.75 0.73 1.2798275 1.2799966 0.82 0.82 0.8165891 0.7299999 0.53 0.53 0.52 0.52 0.52 0.71 
0.03 0.03 0.03 -0.19 -0.19 -0.19 -0.19 -0.52 -0.52 -0.37 -0.37 -0.062795385 -0.05 -0.05 -0.05 -0.32 -0.32 -0.32 -0.32 -0.32 1.68 1.68 1.68 1.68 1.68 1.8799993 1.88 1.88 1.88 1.54 1.54 1.54 2.33 2.33 2.33 1.14 1.14 1.75 1.75 0.73 0.73 0.73 0.82 0.82 0.82 0.82 0.80849937 0.68 0.68 0.68 0.52000001 0.95 0.95 
0.03 0.03 0.02969364 -0.19 -0.19 -0.19 -0.19 -0.43752306 -0.45 -0.44986265 -0.37 -0.050023452 -0.05 -0.05 -0.050000934 -0.32 -0.32 -0.32 -0.32 -0.32 0.11671577 1.68 1.68 1.68 1.6798847 1.8799572 1.88 1.88 1.88 1.54 1.54 1.54 1.5401121 2.33 1.14 1.14 1.14 1.140025 1.7499304 0.73 0.73 0.73 0.81999454 0.82 0.82 0.82 0.68000833 0.68 0.68 0.68 0.95 0.95 0.95 
-0.47 -0.46999913 -0.18989418 -0.19 -0.19 -0.19 -0.44994467 -0.45 -0.45 -0.45 -0.33 -0.33 -0.33 -0.33 -0.32004611 -0.32 -0.32 -0.32 -0.32 0.04999978 0.05 0.050000001 1.1200001 1.12 1.12 1.12 1.1855978 1.88 1.3000238 1.3 1.3 1.3 1.3 1 1 1 1 1 1.17 1.17 1.17 1.17 1.17 1.5089599 1.51 1.51 1.51 0.68 0.68 0.68 0.94995746 0.95 0.95 
-0.47 -0.47 -0.46773935 -0.19999998 -0.2 -0.2002437 -0.45 -0.45 -0.45 -0.45 -0.33 -0.33 -0.33 -0.33 -0.33 -0.32 -0.32 -0.32 0.049999907 0.05 0.05 0.05 1.12 1.12 1.12 1.12 1.12 1.120161 1.2998687 1.3 1.3 1.3 1.2999473 1.1077113 1.0001115 1 1 1 1.17 1.17 1.17 1.17 1.17 1.51 1.51 1.51 1.51 1.1218758 0.68 0.73933058 0.74 0.7 0.7 
-0.47 -0.47 -0.2000342 -0.2 -0.2 -0.2 -0.26349895 -0.45 -0.45 -0.45 -0.33 -0.33 -0.33 -0.33 -0.33 -0.32000769 -0.32 0.049891518 0.05 0.05 0.05 0.05 0.72361157 1.12 1.12 1.12 1.12 1.1198867 0.96 0.96 0.96 0.96 0.96 1.19 1.19 1.19 1.19 1.19 1.5 1.5 1.5 1.5 1.5 1.5089745 1.5099998 1.51 1.5099288 1.5013227 0.74 0.74 0.74 0.70000022 0.7 
-0.4700002 -0.57785544 -0.20000005 -0.2 -0.2 -0.2 -0.2 -0.44989355 -0.45 -0.45 -0.33 -0.33 -0.33 -0.33 -0.33 -0.33 -0.33 0.04999022 0.05 0.05 0.05 0.05 0.050000048 1.12 1.12 1.12 1.12 0.96000001 0.96 0.96 0.96 0.96 0.96 1.19 1.19 1.19 1.19 1.1898645 1.5 1.5 1.5 1.5 1.499951 1.09 1.09 1.09 1.09 1.0899718 0.74 0.74 0.74 0.73999976 0.3551546 
-0.58 -0.58 -0.48903393 -0.2 -0.2 -0.2 -0.2 -0.2 -0.44989282 -0.21 -0.21 -0.21 -0.21028478 -0.33 -0.33 -0.33 -0.33 -0.33 0.049998801 0.03974275 -0.05 -0.05 -0.05 0.24381526 1.0487676 0.6676167 0.34641727 0.96 0.96 0.96 0.96 0.96 0.95801681 0.98775533 0.99 0.99 0.99 0.99 1.3797734 0.86000115 0.86 0.86 0.86 0.11000287 1.0899997 1.09 1.09 -0.17 0.73998542 0.74 0.74 0.35 0.35 
-0.58 -0.58 -0.44 -0.44 -0.44 -0.20007995 -0.2 -0.2 -0.21 -0.21 -0.21 -0.21 -0.21 -0.32999999 -0.33 -0.33 -0.33 -0.33 -0.05 -0.05 -0.05 -0.05 -0.05 0.22999999 0.23 0.23 0.23 0.96 0.96 0.96 0.96 0.96 0.79 0.79 0.99 0.99 0.99 0.17013965 0.17 0.86 0.86 0.86 0.8599998 0.11 0.11 0.11 -0.17 -0.17 -0.17 0.27 0.27 0.35 0.35 
-0.58 -0.58 -0.44 -0.44 -0.44 -0.44 -0.43999896 -0.25 -0.21003766 -0.21 -0.21 -0.21 -0.21 -0.32850311 -0.33 -0.33 -0.33 -0.33 -0.050000006 -0.05 -0.05 -0.05 -0.05 0.23 0.23 0.23 0.23 0.23000295 0.96 0.96 0.96 0.79000891 0.79 0.79 0.79 0.99 0.17000001 0.17 0.17 0.18815519 -0.26963135 -0.48 -0.48 0.11 0.11 0.11 -0.17 -0.17 -0.17 0.27 0.27 0.27 0.97494428 
-0.69 -0.68999914 -0.44 -0.44 -0.44 -0.44 -0.25 -0.25 -0.25 -0.21 -0.21 -0.21 -0.21 -0.2100373 -0.33 -0.33 -0.33 -0.33 -0.050005175 -0.050000001 -0.05 -0.050000009 0.18065758 0.23 0.23 0.23 0.23 0.24999998 0.25 0.25000001 0.95237344 0.79 0.79 0.79 0.78999913 -0.11999999 0.17 0.17 0.17 0.16999999 -0.48 -0.48 -0.48 0.02 0.02 0.02 0.2899552 -0.17 -0.17 0.27 0.27 0.27 1.039999 
-0.69 -0.69 -0.44 -0.44 -0.44 -0.25 -0.25 -0.25 -0.25 -0.21438886 -0.21 -0.21 -0.21 -0.21000137 -0.53997583 -0.54 -0.54 -0.54 -0.94988489 -0.67 -0.67 -0.67 -0.67 0.23 0.23 0.23 0.23000132 0.25 0.25 0.25 0.25 0.78987245 0.27815132 -0.12 -0.12 -0.12 0.16813252 -0.32998959 -0.33 -0.33 -0.47937337 0.31999998 0.32 0.02 0.02 0.020001143 0.29 0.29 0.68 0.68 0.68 0.78 0.69 
-0.69 -0.69 0.1 0.1 0.1 -0.25 -0.25 -0.25 -0.25 -0.35 -0.35 -0.35 -0.35 -0.36338974 -0.54 -0.54 -0.54 -0.54 -0.96 -0.67 -0.67 -0.67 -0.67 -0.46 -0.45999973 0.22999898 0.25 0.25 0.25 0.25 0.11330568 -0.02 -0.10810137 -0.12 -0.12 -0.12 -0.33 -0.33 -0.33 -0.33 0.32 0.32 0.32 0.95979819 0.96 0.2930116 0.29 0.29 0.67999826 0.68 0.78 0.78 0.69 
-0.69 0.099999996 0.1 0.1 0.1 0.1 -0.25380382 -0.74 -0.74 -0.35 -0.35 -0.35 -0.35 -0.350045 -0.54 -0.54 -0.54 -0.55897693 -0.96 -0.96 -0.67 -0.67 -0.46 -0.46 -0.46 -0.46 0.25 0.25 0.25 0.25 -0.02 -0.02 -0.02 -0.11989881 -0.12 -0.12 -0.33 -0.33 -0.33 -0.33 0.32 0.32 0.32 0.96 0.96 0.95999207 0.82 0.82 0.34 0.34 0.78 0.78 0.69 
0.092580918 0.1 0.1 0.1 0.1 0.1 -0.74 -0.74 -0.74 -0.5312557 -0.35 -0.35 -0.35 -0.35000393 -0.54 -0.54 -0.54 -0.96 -0.96 -0.96 -0.67001449 -0.66999872 -0.46 -0.46 -0.46 -0.46 0.24994953 0.25 0.25 -0.019937907 -0.02 -0.02 -0.02 -0.02 -0.12004836 -0.32 -0.32 -0.32017307 -0.33 -0.33 0.31999943 0.32 0.94139187 0.96 0.96 0.82000005 0.82 0.82 0.34 0.34 -0.06 -0.06 -0.37 
0.1 0.1 0.1 0.1 0.1 0.1 -0.74 -0.74 -0.74 -0.74 -0.50999539 -0.51 -0.51 -0.51 -0.54000053 -0.66820198 -0.74 -0.74 -0.95959443 -0.96 -0.95999994 -0.4600003 -0.46 -0.46 -0.46 -0.46 -0.45948379 0.25 0.24999077 -0.02 -0.02 -0.02 -0.02 -0.02 -0.32 -0.32 -0.32 -0.32 -0.32 -0.31999952 -0.1 -0.1 -0.10000001 -0.12 -0.12 -0.12 -0.88 -0.88 -1.22 -1.22 -0.06 -0.060000675 -0.37 
0.1 0.1 0.1 0.1 0.1 0.1 -0.74 -0.74 -0.74 -0.51 -0.51 -0.51 -0.51 -0.51 -0.57062745 -0.74 -0.74 -0.74 -0.74 -0.74 -0.75050428 -0.46 -0.46 -0.46 -0.46 -0.45811594 -0.40009402 0.16149066 -0.018668501 -0.02 -0.02 -0.02 -0.02 -0.020000657 -0.32 -0.32 -0.32 -0.32 -0.32 -0.21765651 -0.1 -0.1 -0.1 -0.12 -0.12 -0.12 -0.88 -0.88 -1.22 -1.22 -0.23000002 -0.36227687 -0.37 
0.1 0.1 0.1 0.1 0.1 0.099999748 -0.73999981 -0.74 -0.73045372 -0.51 -0.51 -0.51 -0.51 -0.51 -0.52103222 -0.74 -0.74 -0.74 -0.74 -0.74 -0.74 -0.41024129 -0.40000008 -0.4 -0.4 -0.4 -0.4 -0.4 -0.044909595 -0.039999763 -0.04 -0.04 -0.04 -0.040000202 -0.32 -0.32 -0.32 -0.32 -0.32 -0.10000003 -0.1 -0.1 -0.1 -0.10000001 -0.12128258 -0.92 -0.88 -0.40830395 -1.2192815 -0.23 -0.23 -0.21628081 0.43 
0.1 0.1 0.1 0.1 0.1 0.099946339 -0.73995469 -0.73998608 -0.51000029 -0.51 -0.51 -0.51 -0.51 -0.51 -0.51437641 -0.74 -0.74 -0.74 -0.74 -0.74 -0.74 -0.4 -0.4 -0.4 -0.4 -0.4 -0.4 -0.4 -0.040099376 -0.04 -0.04 -0.04 -0.04 -0.04 -0.11671997 -0.32 -0.32 -0.32 -0.32 -0.1 -0.1 -0.1 -0.1 -0.10021006 -0.92 -0.92 -0.91674089 -0.4 -0.4 -0.23 -0.23 0.43 0.43 
0.1 0.1 0.1 0.1 0.099999995 0.098879745 -0.73899641 -0.535954 -0.51 -0.51 -0.51 -0.51 -0.51 -0.51 -0.51402655 -0.74 -0.74 -0.74 -0.74 -0.74 -0.69159018 -0.4 -0.4 -0.4 -0.4 -0.4 -0.4 -0.4 -0.040001444 -0.04 -0.04 -0.04 -0.04 -0.04 -0.04 -0.46991545 -0.70298179 -0.83041434 -0.84981234 -0.15656522 -0.10000002 -0.1 -0.1 -0.91993452 -0.92 -0.91814955 -0.609999 -0.4 -0.4 0.30992585 0.31 0.31 0.42999994 
0.1 0.1 0.1 0.099999999 0.099999148 0.092994828 -0.71422986 -0.51006324 -0.51 -0.51 -0.51 -0.51 -0.51 -0.51 -0.51537085 -0.74 -0.74 -0.74 -0.74 -0.74 -0.40000147 -0.4 -0.4 -0.4 -0.4 -0.4 -0.4 -0.4 -0.040000098 -0.04 -0.04 -0.04 -0.04 -0.04 -0.040000164 -0.86 -0.86 -0.86 -0.86 -0.98 -0.98 -0.98 -0.98 -0.6100009 -0.61 -0.61 -0.61 -0.60999362 -0.03 -0.03 0.31 0.31 0.70813504 
0.1 0.1 0.099999999 0.099999935 0.099976543 0.077299701 -0.52433246 -0.510003 -0.51 -0.51 -0.51 -0.51 -0.51 -0.51 -0.51780762 -0.73999991 -0.74 -0.74 -0.74 -0.73795369 -0.4 -0.4 -0.4 -0.4 -0.4 -0.4 -0.4 -0.4 -0.040000081 -0.04 -0.04 -0.04 -0.04 -0.04 -0.85999925 -0.86 -0.86 -0.86 -0.86 -0.98 -0.98 -0.98 -0.98 -0.88013859 -0.61 -0.61 -0.61 -0.030006488 -0.03 -0.03 0.89 0.89 0.89 
0.1 0.099999998 0.099999961 0.099998095 0.099770638 0.02534907 -0.51068417 -0.51000075 -0.51 -0.51 -0.51 -0.51 -0.51 -0.51000001 -0.5211085 -0.73999459 -0.74 -0.74 -0.73999961 -0.40688894 -0.4 -0.4 -0.4 -0.4 -0.4 -0.4 -0.4 -0.4 -0.040000337 -0.04 -0.04 -0.04 -0.04 -0.65491523 -0.86000001 -0.86 -0.86 -0.86 -0.86 -0.98 -0.98 -0.98 -0.98 -0.98 -0.61 -0.61 -0.61 -0.030000006 -0.03 -0.03 0.89 0.89 0.89 
0.099999991 0.099999943 0.099999205 0.099977541 0.098684287 -0.2652432 -0.51009858 -0.51000046 -0.51 -0.51 -0.51 -0.51 -0.51 -0.51000043 -0.52503297 -0.739916 -0.74 -0.73999999 -0.73823966 -0.40002891 -0.4 -0.4 -0.4 -0.4 -0.4 -0.4 -0.4 -0.39999979 -0.040002256 -0.04 -0.040000596 -0.80615377 -0.88 -0.88 -0.88 -0.86 -0.86 -0.86 -0.86 -0.98 -0.98 -0.98 -0.98 -0.98 -0.61000656 -0.61 -0.60999972 -0.030000041 -0.03 -0.0299995 0.89 0.89 0.89 
