interpolatedSpi/04-07|23_1.tif
NCOLS 53
NROWS 52
XLLCORNER -116.03883
YLLCORNER 28.596182
DX 0.49850594
DY 0.49788537
NODATA_VALUE -9999
[rows 0 to 38 of 52, columns 0 to 52 of 53]
-0.106 -0.106 -0.021611965 -0.288 0.06 0.18 0.016 0.136 -0.61724393 -0.566 -0.64 -0.474 -0.83399259 -0.744 -0.694 -0.694 -0.694 -0.622 -0.492 -0.492 -0.492 -0.49199632 -0.11000001 -0.708 -0.708 -0.708 -0.42199739 -0.422 -0.422 -1.07 -1.07 -1.07 -1.07 -1.4939999 -1.494 -1.494 -1.494 -1.494 -1.494 -1.494 -0.073302487 -0.05819219 -0.812 -0.812 -0.812 -0.812 -0.81202613 -0.828 -0.828 -0.828 -0.3940009 -0.394 -0.394
-0.10601919 -0.538 -0.046000145 -0.056906057 -0.1479989 -0.252 -0.238 -0.3178067 -0.43 -0.754 -0.654 -0.834 -0.834 -0.54267356 -0.74399712 -0.694 -0.622 -0.622 -0.4921695 -0.492 -0.492 -0.492 -0.7271599 -0.708 -0.708 -0.708 -0.51600001 -0.516 -1.07 -1.07 -1.07 -1.07 -1.07 -1.4939999 -1.494 -1.494 -1.494 -1.494 -1.494 -1.3364022 -0.48209309 -0.7719577 -0.812 -0.812 -0.812 -0.812 -0.812 -0.828 -0.828 -0.828 -0.7920123 -0.394 -0.394
0.18598558 0.186 -0.172 -0.47 -0.286 0.186 -0.194 0.084 -0.72 -1.046 -0.772 -0.858 -0.98 -1.044 -0.542 -1.084 -0.622 -0.622 -0.622 -0.35603954 -0.356 -0.356 -1.072 -0.708 -0.708 -0.708 -0.516 -0.516 -0.516 -1.07 -1.07 -1.07 -1.041116 -1.493175 -1.4920826 -1.2898877 -1.288 -1.288 -1.1866264 -0.48200001 -0.482 -0.48242199 -0.812 -0.812 -0.812 -0.812 -0.812 -0.828 -0.828 -0.828 -0.828 -0.394 -0.394
0.206 0.18599989 -0.35211612 -0.458 -0.772 -0.446 -0.328 -0.614 -0.248 -0.63347002 -0.722 -0.8 -1.014 -1.044 -0.904 -1.084 -0.83789744 -0.83585006 -0.882 -0.356 -0.356 -1.018 -1.072 -1.072 -0.708 -0.70799904 -0.516 -0.516 -0.516 -0.858 -0.94139901 -1.01 -1.01 -1.0100002 -1.288 -1.288 -1.288 -1.288 -0.482 -0.482 -0.482 -0.48200001 -0.812 -0.812 -0.812 -0.812 -0.812 -0.8279998 -0.828 -0.828 -0.828 -0.3940311 -0.394
0.206 0.029999299 -0.352 -0.80058675 -0.772 -0.94 -0.77804601 -1.064 -1.302 -0.71800023 -0.7227892 -0.71994185 -0.314 -0.904 -0.904 -1.0205413 -0.836 -0.836 -0.882 -0.882 -0.35600132 -1.018 -0.724 -0.358 -0.71 -0.70998545 -0.516 -0.516 -0.858 -0.858 -1.01 -1.01 -1.01 -1.0518632 -1.288 -1.288 -1.288 -0.482 -0.482 -0.482 -0.482 -0.4820361 -0.812 -0.812 -0.812 -0.812 -0.812 -0.81214242 -0.828 -0.82802323 -1.346 -1.346 -1.346
-0.654 -0.436 -0.64999999 -0.76 -0.516 -0.986 -1.058 -1.0587682 -0.79 -1.33 -1.474 -0.982 -0.98199956 -1.084 -1.084 -0.60596716 -0.606 -0.988 -0.988 -0.88199975 -1.024 -1.024 -0.358 -0.71 -0.71 -0.648 -1.158 -1.158 -0.86000052 -0.858 -1.01 -1.01 -1.232 -1.2319638 -0.88602476 -0.806 -0.806 -0.5822368 -0.482 -0.482 -0.85553354 -0.856 -0.85599951 -0.75502386 -0.75400641 -0.75400002 -0.754 -0.75400003 -1.1831223 -1.346 -1.346 -1.346 -1.346
0.038001595 -0.188 -0.23724616 -0.808 -0.886 -1.114 -0.736 -1.012 -1.314 -1.314 -1.474 -1.266 -1.0799999 -1.084 -0.47000184 -0.47 -0.606 -0.288 -0.598 -0.598 -0.86942512 -0.696 -0.696 -0.644 -0.648 -0.648 -1.158 -1.158 -0.86003077 -0.8605665 -0.79383734 -1.232 -1.232 -0.886 -0.886 -0.86699968 -0.806 -0.806 -1.2839834 -0.8560006 -0.856 -0.856 -0.85599694 -0.75399958 -0.754 -0.754 -0.754 -0.75400025 -1.168 -1.3459647 -1.346 -1.346 -1.346
0.038 -0.662 -0.118 -1.22 -0.84802133 -1.07 -1.564 -1.486 -0.986 -1.118 -1.118 -0.706 -1.08 -1.08 -0.47418517 -0.59204143 -0.604 -0.296 -0.68199991 -0.598 -0.47033828 -0.452 -0.642 -0.114 -0.11400717 -0.67 -0.846 -0.84600011 -1.3861498 -1.388 -0.792 -0.83802692 -0.788 -0.886 -0.8826345 -0.918 -0.918 -1.284 -1.284 -0.856 -0.856 -0.856 -0.67667224 -0.678 -0.754 -0.754 -0.754 -1.1679842 -1.168 -1.168 -1.346 -1.346 -1.346
-0.75363619 -0.66199999 0.022 -0.88 -0.782 -1.422 -1.04 -0.708 -1.18 -0.74778881 -0.326 -0.922 -0.922 -0.502 -0.50200096 -0.55214493 -0.552 -0.552 -0.3549235 -0.77999998 -0.668 -0.668 -1.052 -0.80357425 -0.61396988 -0.67 -0.782 -0.846 -0.69090652 -0.69 -0.852 -0.806 -0.63375091 -1.138 -0.768 -0.968 -0.874 -0.654 -0.51406465 -0.85511617 -0.658 -0.442 -0.67791632 -0.678 -0.67842777 -0.754 -0.802 -1.168 -1.168 -1.168 -1.168 -1.2354374 -0.088
-1.266 -1.266 0.02 -0.232 -1.306 -0.94 -0.774 -1.246 -0.796 -0.63800296 -0.894 -0.466 -0.502 -0.502 -0.604 -0.6032868 -0.552 -0.55186355 0.066 -0.78 -0.78 -0.76557061 -1.052 -0.39801238 -0.398 -0.398 -0.782 -0.586 -0.586 -0.69 -0.69 -0.80535136 -0.464 -1.138 -0.804 -0.968 -0.874 -1.216 -0.514 -0.18147795 -0.44200001 -0.33987965 -0.164 -0.678 -0.678 -0.802 -0.802 -0.802 -1.168 -1.168 -0.458 -0.458 -0.45799986
-1.266 -1.266 -0.71 -0.932 -0.992 -0.422 -1.186 -0.40704072 -0.394 -0.59 -0.588 -0.25 -0.46571249 -0.604 -0.604 -0.60394417 -0.12 -0.11023785 0.066 0.254 0.254 0.176 0.176 -0.398 -0.398 -0.398 -0.586 -0.586 -0.586 -0.808 -0.808 -0.80799943 -0.692 -0.692 -1.394 -0.944 -0.668 -0.61600504 -0.344 -0.176 -0.176 -0.20599986 -0.164 -0.678 -0.22600011 -0.252 -0.21653238 -0.214 -0.368 -0.368 -0.458 -0.458 -0.458
-1.266 -1.0259578 -0.80473532 -1.0459884 -0.754 -0.694 -1.186 -0.406 -0.3940001 -0.58782856 -0.25000044 -0.25 -0.06 -0.604 -0.604 -0.12000002 -0.12 -0.11998941 0.066 0.254 0.23868239 0.176 0.176 -0.39797686 -0.398 -0.36249829 -0.29 -0.29 -0.29000004 -0.808 -0.808 -0.282 -0.282 -0.69200192 -1.394 -0.40600044 -0.75459088 -0.616 -0.616 -0.176 -0.206 -0.206 -0.20600014 -0.226 -0.226 -0.252 -0.214 -0.214 -0.368 -0.368 -0.458 -0.458 -0.458
-0.424 -0.60950485 -0.59801222 -0.60124133 -0.75399981 -0.69400142 -1.186 -0.41560135 -0.39482692 -0.39911808 -0.06 -0.06 -0.06 -0.06 -0.60392294 -0.12 -0.12 -0.11759844 0.066 0.25398492 0.206 0.206 0.206 0.206 -0.3876932 -0.29 -0.29 -0.29 -0.29 -0.29024961 -0.282 -0.282 -0.282 -0.282 -0.406 -0.406 -0.406 -0.60656512 -0.61338633 -0.268 -0.268 -0.20600333 -0.4159935 -0.2260183 -0.226 -0.252 -0.214 -0.214 -0.368 -0.368 -0.45767349 -0.458 -0.76210779
-0.424 -0.598 -0.598 -0.598 -0.598 -0.59800004 -1.1847405 -0.81693144 -0.39703312 -0.060364532 -0.06 -0.06 -0.06 -0.06 -0.059999733 -0.12000001 -0.11999997 -0.10724167 0.065997864 0.206 0.206 0.206 0.206 0.206 0.20439841 -0.13816888 -0.10000004 -0.1 -0.1 -0.1 -0.28199999 -0.282 -0.28199938 0.232 0.232 -0.406 0.16370435 0.18 -0.26799974 -0.268 -0.268 -0.268 -0.416 -0.416 -0.416 -0.41485871 -0.2597086 -0.26 -0.26 -0.26 -0.26 -0.79399993 -0.794
-0.64 -0.598 -0.598 -0.598 -0.598 -0.598 -0.59800004 -0.68666289 0.31608988 0.32 0.32 0.32 0.32 0.32 0.32 0.38069068 -0.11201696 -0.094530264 0.20598234 0.206 0.206 0.206 0.206 0.20599988 0.132 0.132 0.13199967 -0.1 -0.1 -0.098946716 0.426 0.426 0.232 0.232 0.232 0.18832988 0.18 0.18 0.18 -0.268 -0.268 -0.268 -0.416 -0.416 -0.416 -0.416 -0.26000001 -0.26 -0.26 -0.26 -0.26 -0.794 -0.794
-0.64 -0.62436388 -0.598 -0.598 -0.598 -0.598 0.10186261 0.102 0.10200001 0.32 0.32 0.32 0.32 0.32 0.33367763 0.382 0.382 0.382 0.10431102 0.1040001 0.104 0.104 0.104 0.104 0.132 0.132 0.132 0.132 -0.1 0.426 0.426 0.426 0.23200002 0.232 0.232 0.288 0.180143 0.18 0.18 -0.26805224 -0.37270975 -0.61695393 -0.416 -0.416 -0.70510504 -0.706 -0.706 -0.26041593 -0.51111937 -0.51199998 -0.51199995 -0.16409544 -0.79399872
-0.64 -0.17094511 -0.37533974 -0.598 -0.598 0.10158641 0.102 0.102 0.102 0.10357097 0.32 0.32 0.32 0.32000001 0.382 0.382 0.382 0.382 0.10424833 0.104 0.104 0.104 0.104 0.104 0.132 0.132 0.132 0.132 0.13306938 0.426 0.426 0.426 0.392 0.23200956 0.288 0.288 0.288 0.28350699 -0.56746618 -0.618 -0.618 -0.618 -0.746 -0.746 -0.706 -0.706 -0.706 -0.512 -0.512 -0.512 -0.512 -0.164 -0.164
-0.15823413 -0.158 -0.158 -0.158 0.278 0.10200454 0.102 0.102 0.102 0.102 0.2939563 0.31999552 0.31999999 0.382 0.382 0.382 0.382 0.382 0.3557873 0.104 0.104 0.104 0.104 0.104 0.15886139 0.22599949 0.226 0.226 0.226 0.426 0.392 0.392 0.392 0.392 0.288 0.28798926 -0.12 -0.12 -0.61178173 -0.618 -0.618 -0.618 -0.746 -0.746 -0.71219338 -0.706 -0.706 -0.512 -0.512 -0.512 -0.50826854 -0.164 -0.164
-0.158 -0.158 -0.158 0.047318904 0.278 0.278 0.102 0.102 0.102 0.102 -0.024 -0.024 -0.024 0.382 0.382 0.382 0.382 0.38201983 0.312 0.312 0.10400008 0.104 0.10492514 0.142 0.14275622 0.226 0.226 0.226 0.226 0.3919831 0.392 0.392 0.392 0.392 -0.11999857 -0.12 -0.12 -0.12 -0.12176716 -0.618 -0.618 -0.618 -0.746 -0.746 -0.746 -0.706 -0.706 -0.512 -0.512 -0.512 -0.164 -0.164 -0.164
-0.158 -0.158 -0.158 0.278 0.278 0.278 0.27799973 0.102 0.102 -0.023869932 -0.024 -0.024 -0.024 -0.023747042 0.47913069 0.502 0.502 0.502 0.312 0.312 0.312 0.142 0.142 0.142 0.14207732 0.32670867 0.226 0.226 0.226 0.15399732 0.10402833 0.104 0.104 0.104 -0.23264734 -0.39199938 -0.392 -0.392 -0.392 -0.32404023 -0.324 -0.324 -0.746 -0.746 -0.50400101 -0.50399998 -0.436 -0.436 -0.302 -0.302 -0.302 -0.164 -0.21595351
-0.15799925 -0.158 -0.15799998 0.278 0.278 0.278 0.278 -0.041999958 0.10142423 -0.023873051 -0.024 -0.024 -0.024 -0.022967843 0.502 0.502 0.502 0.50199995 0.312 0.312 0.312 0.142 0.142 0.142 0.418 0.418 0.458 0.458 0.458 0.45606882 0.104 0.104 0.104 0.104 -0.14386384 -0.392 -0.392 -0.392 -0.392 -0.324 -0.324 -0.324 -0.32966349 -0.504 -0.504 -0.504 -0.436 -0.436 -0.302 -0.302 -0.302 -0.216 -0.216
0.084 -0.031541878 -0.262 -0.26184334 0.278 -0.040148491 -0.042 -0.042 0.065856074 0.116 0.116 0.116 0.116 0.4999875 0.5 0.502 0.502 0.49699378 0.312 0.312 0.312 0.198 0.198 0.198 0.418 0.418 0.458 0.458 0.458 0.45799976 0.12999983 0.12999993 0.10465347 0.10402787 -0.52328268 -0.524 -0.524 -0.524 -0.524 -0.324 -0.324 -0.324 -0.49408871 -0.504 -0.504 -0.50400002 -0.436 -0.436 -0.43599518 -0.302 -0.30201458 -0.628 -0.216
0.12199278 0.12199993 -0.262 -0.262 -0.262 -0.042 -0.042 -0.042 0.254 0.254 0.116 0.116 0.116 0.5 0.5 0.5 0.5 0.49997914 0.312 0.312 0.312 0.198 0.198 0.198 0.418 0.418 0.458 0.458 0.458 0.13369822 0.13 0.13 0.13 0.13 -0.52367729 -0.524 -0.524 -0.524 -0.524 -0.42999997 -0.43 -0.43 -0.43 -0.50400084 -0.614 -0.614 -0.614 -0.768 -0.768 -0.768 -0.628 -0.628 -0.628
0.122 0.122 -0.262 -0.262 -0.262 -0.043156359 -0.042 0.254 0.254 0.254 0.11601699 0.116 0.36277167 0.49999998 0.5 0.5 0.5 0.262 0.262 0.262 0.186 0.18600001 0.19799994 0.198 0.19807007 0.212 0.212 0.21200059 0.45796024 0.028020327 0.028000543 0.028017808 0.12982567 0.12991198 -0.4075876 -0.52399997 -0.5237386 -0.446 -0.446 -0.43 -0.43 -0.43 -0.43 -0.614 -0.614 -0.614 -0.614 -0.768 -0.768 -0.768 -0.628 -0.628 -0.628
0.122 0.122 -0.262 -0.262 -0.262 -0.262 0.068784154 0.254 0.254 0.254 0.25409059 0.418 0.418 0.418 0.49951676 0.5 0.26358597 0.262 0.262 0.262 0.186 0.186 0.186 0.186 0.212 0.212 0.212 0.212 0.212 0.028 0.028 0.028 0.028 0.027998686 -0.596 -0.446 -0.446 -0.446 -0.446 -0.44600071 -0.674 -0.674 -0.674 -0.66684065 -0.652 -0.652 -0.652 -0.768 -0.76800018 -0.954 -0.954 -0.50203065 -0.502
0.122 0.122 -0.12340296 -0.262 -0.262 -0.26199999 0.17813486 0.25376049 0.254 0.254 0.41799998 0.418 0.418 0.418 0.418 0.42469807 0.262 0.262 0.262 0.262 0.18600059 0.186 0.186 0.186 0.212 0.212 0.212 0.212 0.212 -0.18186362 0.028 0.028 0.028 -0.596 -0.596 -0.59588352 -0.446 -0.446 -0.54504902 -0.62199999 -0.674 -0.674 -0.674 -0.66743381 -0.652 -0.652 -0.652 -0.762 -0.9516077 -0.954 -0.954 -0.502 -0.502
0.09 0.09 0.09 -0.17374392 -0.26150375 0.178 0.178 0.178 0.178 0.306 0.306 0.41799999 0.418 0.418 0.418 0.41799009 0.262 0.262 0.262 0.262 0.21916393 0.186 0.186 0.19892819 0.65916048 0.212 0.212 0.212 -0.256 -0.256 -0.256 -0.25599881 -0.596 -0.596 -0.596 -0.596 -0.622 -0.622 -0.622 -0.622 -0.59 -0.59 -0.59 -0.7939959 -0.794 -0.794 -0.79399996 -0.762 -0.762 -0.95376606 -0.954 -0.50200072 -0.502
0.09 0.09 0.09 0.089999138 0.074 0.089123309 0.178 0.178 0.178 0.306 0.306 0.306 -0.16999997 -0.17 -0.17 -0.16999999 0.26135886 0.262 0.262 0.262 0.26087454 0.67999864 0.68 0.68 0.68 0.67999998 0.282 0.282 -0.256 -0.256 -0.256 -0.256 -0.59599989 -0.596 -0.596 -0.59598746 -0.622 -0.622 -0.622 -0.62192104 -0.59 -0.59 -0.59 -0.79399054 -0.794 -0.794 -0.794 -0.762 -0.762 -0.76199998 -0.644 -0.644 -0.556
0.09 0.09 0.09 0.074000037 0.074 0.074 0.17799996 0.178 0.178 0.306 0.306 0.306 -0.17 -0.17 -0.17 -0.16375492 -0.088 -0.088 -0.087999096 0.26002311 0.68 0.68 0.68 0.68 0.68 0.67970048 0.282 0.282 0.282 -0.256 -0.256 -0.25582879 -0.442 -0.442 -0.442 -0.616 -0.616 -0.604 -0.604 -0.604 -0.384 -0.58993538 -0.59000191 -0.846 -0.846 -0.84402926 -0.79400008 -0.762 -0.762 -0.644 -0.644 -0.644 -0.556
0.09 0.09 0.09 0.074 0.074 0.074 0.074 0.178 0.178 0.306 0.306 -0.15096687 -0.17 -0.17 -0.17 -0.088 -0.088 -0.088 -0.088 -0.088 0.68 0.68 0.68 0.68 0.68 0.28200136 0.282 0.282 0.282 0.01 0.01 0.01 -0.442 -0.442 -0.442 -0.616 -0.616 -0.604 -0.604 -0.384 -0.384 -0.384 -0.846 -0.846 -0.846 -0.846 -0.84402846 -0.822 -0.822 -0.822 -0.64399999 -0.374 -0.374
0.09 0.09 0.089977719 0.074 0.074 0.074 0.074 0.064479882 0.064 0.064415481 0.30599998 -0.16999933 -0.17 -0.17 -0.16999972 -0.088 -0.088 -0.088 -0.088 -0.088 -0.22533517 0.68 0.68 0.68 0.67994851 0.28200833 0.282 0.282 0.282 0.01 0.01 0.01 0.0099342144 -0.442 -0.616 -0.616 -0.616 -0.61599943 -0.603985 -0.384 -0.384 -0.384 -0.84597195 -0.846 -0.846 -0.846 -0.82200141 -0.822 -0.822 -0.822 -0.374 -0.374 -0.374
0.008 0.0080001433 0.074006085 0.074 0.074 0.074 0.064002128 0.064 0.064 0.064 -0.16199999 -0.162 -0.162 -0.162 -0.08834154 -0.088 -0.088 -0.088 -0.088 -0.2639999 -0.264 -0.264 0.43000004 0.43 0.43 0.43 0.4172257 0.282 -0.055986157 -0.056 -0.056 -0.056 -0.056 -0.514 -0.514 -0.514 -0.514 -0.514 -0.6 -0.6 -0.6 -0.6 -0.6 -0.96182514 -0.962 -0.962 -0.962 -0.822 -0.822 -0.822 -0.37407058 -0.374 -0.374
0.008 0.008 0.0078493142 -0.0099998312 -0.0099999813 -0.0099278035 0.064 0.064 0.064 0.064 -0.162 -0.162 -0.162 -0.162 -0.162 -0.088 -0.088 -0.088 -0.26399996 -0.264 -0.264 -0.264 0.43 0.43 0.43 0.43 0.43 0.42996821 -0.055748224 -0.055999997 -0.056 -0.056 -0.055898856 -0.33712669 -0.51381686 -0.514 -0.514 -0.514 -0.6 -0.6 -0.6 -0.6 -0.6 -0.962 -0.962 -0.962 -0.962 -0.89653326 -0.822 -0.34142227 -0.336 -0.102 -0.102
0.008 0.008 -0.00999772 -0.01 -0.01 -0.01 0.0087956879 0.064 0.064 0.064 -0.162 -0.162 -0.162 -0.162 -0.162 -0.088059046 -0.088 -0.2639484 -0.264 -0.264 -0.264 -0.264 0.1729032 0.43 0.43 0.43 0.43 0.43011765 0.596 0.596 0.596 0.596 0.596 -0.202 -0.202 -0.202 -0.202 -0.202 -0.778 -0.778 -0.778 -0.778 -0.778 -0.96045687 -0.96199968 -0.962 -0.96189287 -0.9490194 -0.336 -0.336 -0.336 -0.10200131 -0.102
0.0079998895 -0.050830241 -0.010000006 -0.01 -0.01 -0.01 -0.01 0.063968492 0.064 0.064 -0.162 -0.162 -0.162 -0.162 -0.38884696 -0.394 -0.394 -0.26400335 -0.264 -0.264 -0.264 -0.264 -0.26399992 0.43 0.43 0.43 0.43 0.80599979 0.8059999 0.7613069 0.596 0.596 0.596 -0.202 -0.202 -0.202 -0.202 -0.20176566 -0.778 -0.778 -0.778 -0.778 -0.77795556 -0.33 -0.33 -0.33 -0.33 -0.33000048 -0.336 -0.336 -0.336 -0.33600007 -0.43896322
-0.052 -0.052 -0.057275809 -0.01 -0.01 -0.01 -0.01 -0.01 0.063967342 -0.39199999 -0.392 -0.392 -0.39145416 -0.39399967 -0.394 -0.394 -0.394 -0.394 -0.26399818 -0.24840898 -0.112 -0.112 -0.112 0.02470708 0.40807003 0.29072694 0.19208379 0.806 0.806 0.806 0.806 0.806 0.79555885 0.14866892 0.144 0.144 0.144 0.144 -0.66904461 -0.19800104 -0.198 -0.198 -0.198 -0.090000704 -0.32999994 -0.33 -0.33 0.198 -0.33599145 -0.336 -0.336 -0.444 -0.444
-0.052 -0.052 -0.14 -0.14 -0.14 -0.010043304 -0.01 -0.01 -0.392 -0.392 -0.392 -0.392 -0.392 -0.394 -0.394 -0.394 -0.394 -0.394 -0.112 -0.112 -0.112 -0.112 -0.112 0.15599999 0.156 0.156 0.156 0.806 0.806 0.806 0.806 0.806 0.56 0.56 0.144 0.144 0.144 0.44994789 0.45 -0.198 -0.198 -0.198 -0.19799997 -0.09 -0.09 -0.09 0.198 0.198 0.198 0.276 0.276 -0.444 -0.444
-0.052 -0.052 -0.14 -0.14 -0.14 -0.14 -0.1400001 -0.158 -0.39177968 -0.392 -0.392 -0.392 -0.392 -0.39397505 -0.394 -0.394 -0.394 -0.394 -0.11200001 -0.112 -0.112 -0.112 -0.112 0.156 0.156 0.156 0.156 0.15600263 0.806 0.806 0.806 0.5600129 0.56 0.56 0.56 0.144 0.45 0.45 0.45 0.43294991 -0.029398306 0.002 0.002 -0.09 -0.09 -0.09 0.198 0.198 0.198 0.276 0.276 0.276 0.15558423
0.002 0.0019995761 -0.14 -0.14 -0.14 -0.14 -0.158 -0.158 -0.158 -0.392 -0.392 -0.392 -0.392 -0.39200062 -0.394 -0.394 -0.394 -0.394 -0.11200516 -0.112 -0.112 -0.11200001 0.10877455 0.156 0.156 0.156 0.156 0.12400003 0.124 0.12400001 0.79867112 0.56 0.56 0.56 0.5599996 0.13600001 0.45 0.45 0.45 0.45 0.002 0.002 0.002 0.182 0.182 0.182 0.45197526 0.198 0.198 0.276 0.276 0.276 0.21800007
