interpolatedSpi/04-10|19_2.tif
NCOLS 53
NROWS 52
XLLCORNER -116.03883
YLLCORNER 28.596182
DX 0.49850594
DY 0.49788537
NODATA_VALUE -9999
[rows 0 to 26 of 52, columns 0 to 52 of 53]
0.33571429 0.33571429 0.18460561 -0.30285714 -0.072857143 -0.13142857 -0.14428571 -0.25285714 -0.62092417 -0.64571429 -0.51 0.025714286 -0.17716474 -0.44285714 -0.26428571 -0.26428571 -0.26428571 -0.0085714286 0.14285714 0.14285714 0.14285714 0.14285263 -0.32571428 0.045714286 0.045714286 0.045714286 -0.47285295 -0.47285714 -0.47285714 -0.34 -0.34 -0.34 -0.34 -0.35 -0.35 -0.35 -0.35 -0.35 -0.35 -0.34999999 0.085311511 0.089937425 -0.15571429 -0.15571429 -0.15571429 -0.15571429 -0.15657296 -0.68142857 -0.68142857 -0.68142857 0.55428315 0.55428571 0.55428571
0.33571816 0.42285714 0.17857193 0.17398905 0.05277764 0.15 0.57285714 -0.16273548 -0.65857143 -0.40857143 0.19142857 -0.17714286 -0.17714286 0.042661351 -0.44284968 -0.26428571 -0.0085714286 -0.0085714286 0.1426597 0.14285714 0.14285714 0.14285714 0.017816627 0.045714286 0.045714286 0.045714286 0.0071428598 0.0071428569 -0.34 -0.34 -0.34 -0.34 -0.34 -0.35 -0.35 -0.35 -0.35 -0.35 -0.34999996 -0.2436716 0.29139433 -0.10145715 -0.15571429 -0.15571429 -0.15571429 -0.15571429 -0.15571429 -0.68142857 -0.68142857 -0.68142857 -0.57896196 0.55428571 0.55428571
0.071437856 0.071428571 0.61285714 0.46571429 -0.025714286 -0.03 0.20142857 0.40142857 -0.1 -0.23571429 -0.028571429 -0.14571429 0.12428571 -0.36 0.044285714 -0.50714286 -0.0085714286 -0.0085714286 -0.0085714286 -0.14134593 -0.14142857 -0.14142857 -0.48428571 0.045714286 0.045714286 0.045714286 0.0071428571 0.0071428571 0.0071428571 -0.34 -0.34 -0.34000001 -0.44109401 -0.34911209 -0.34508013 0.17372788 0.17857143 0.17857143 0.19276588 0.29142857 0.29142857 0.29085679 -0.15571429 -0.15571429 -0.15571429 -0.15571429 -0.15571429 -0.68142857 -0.68142857 -0.68142857 -0.68142857 0.55428571 0.55428571
0.32571429 0.071428444 -0.56142332 0.28571429 -0.27857143 0.21428571 0.10714286 -0.22142857 -0.13571429 0.034234933 -0.24285714 -0.48 -0.11571429 -0.36 -0.2 -0.50714286 -0.33419059 -0.33262993 -0.53428571 -0.14142857 -0.14142857 -0.26 -0.48428571 -0.48428571 0.045714286 0.045714093 0.0071428571 0.0071428571 0.0071428571 -0.89428571 -0.70538381 -0.55 -0.55 -0.54999943 0.17857143 0.17857143 0.17857143 0.17857143 0.29142857 0.29142857 0.29142857 0.29142855 -0.15571429 -0.15571429 -0.15571429 -0.15571429 -0.15571429 -0.68142194 -0.68142857 -0.68142857 -0.68142857 0.55425146 0.55428571
0.32571429 0.22428427 -0.56142857 -0.5025671 -0.27857143 -0.12428571 -0.20142542 -0.22428571 -0.26285714 -0.33428593 -0.33345962 -0.33145763 -0.53428571 -0.2 -0.2 -0.40277048 -0.33285714 -0.33285714 -0.53428571 -0.53428571 -0.14142882 -0.26 -0.21285714 -0.23714286 -0.081428571 -0.081303596 0.0071428571 0.0071428571 -0.89428571 -0.89428571 -0.55 -0.55 -0.55 -0.52467741 0.17857143 0.17857143 0.17857143 0.29142857 0.29142857 0.29142857 0.29142857 0.29139947 -0.15571428 -0.15571429 -0.15571429 -0.15571429 -0.15571429 -0.16039379 -0.68142857 -0.68142018 -0.49428571 -0.49428571 -0.49428571
-1.2757143 0.24428571 0.061428604 -0.38428571 0.12285714 0.16714286 -0.39857143 -0.37625787 -0.60714286 -0.42142857 -0.56 -0.68285714 -0.68285704 -0.90714286 -0.90714286 -0.24133372 -0.24142857 -0.18714286 -0.18714286 -0.53428522 -0.4 -0.4 -0.23714286 -0.081428571 -0.081428571 0.45285714 -0.68 -0.68 -0.42147148 -0.89428571 -0.55 -0.55 -0.41571429 -0.41576086 -0.86139658 -0.72285714 -0.72285714 -0.022363868 0.29142857 0.29142857 -0.0096240538 -0.009999999 -0.0099991255 0.22038438 0.22710054 0.22714276 0.22714284 0.22714272 0.43645321 -0.49428571 -0.49428571 -0.49428571 -0.49428571
-0.14000839 0.25571429 0.26406085 0.24285714 0.34571429 -0.47571429 -0.40285714 -0.40714286 -0.79428571 -0.79428571 -0.56 -0.32571429 -0.32999994 -0.90714286 0.1514254 0.15142857 -0.24142857 0.0014285714 0.03 0.03 -0.28622319 -0.15857143 -0.15857143 0.45714285 0.45285714 0.45285714 -0.68 -0.68 -0.42142732 -0.42140558 -0.053928908 -0.41571429 -0.41571429 -0.86142857 -0.86142857 -0.31437711 -0.72285714 -0.72285714 -0.30858579 -0.010000416 -0.01 -0.01 -0.0099941543 0.22714463 0.22714286 0.22714286 0.22714286 0.2271431 0.63428571 -0.49406206 -0.49428571 -0.49428571 -0.49428571
-0.14 -0.28142857 0.61142857 -0.54285714 -3.1120856e-05 -0.76857143 -0.84857143 -0.55571429 -0.78857143 -0.42285714 -0.42285714 -0.091428571 -0.33 -0.33 0.14812553 0.15533182 0.15571429 0.028571429 -0.17142836 0.03 0.14013424 0.13285714 0.20857143 0.017142858 0.017144995 0.18285714 0.28428571 0.28428537 -0.40007509 -0.39999999 -0.052857143 -0.17462805 -0.59 -0.86142857 -0.82968855 0.027142857 0.027142857 -0.30857143 -0.30857143 -0.01 -0.01 -0.0099999924 0.54512957 0.54571427 0.22714286 0.22714286 0.22714286 0.63427022 0.63428571 0.63428571 -0.49428571 -0.49428571 -0.49428571
-0.25086873 -0.28142856 0.64571429 0.53428571 0.24428571 -0.38 -0.35428571 -0.21428571 -0.75142857 -0.52245006 -0.53428571 -0.12142858 -0.12142857 0.048571429 0.048573323 0.010406118 0.01 0.01 -0.0019588765 0.42714281 0.21857143 0.21857143 0.49285714 0.32060375 0.16615752 0.18285714 0.18285714 0.28428571 0.17350465 0.17285714 -0.058571429 0.4 0.38272806 0.45 0.25142857 0.15285714 0.042857143 -0.37285714 0.22543789 -0.0084121719 0.34571429 0.52714286 0.54570219 0.54571429 0.54392119 0.22714286 0.44142856 0.63428571 0.63428571 0.63428571 0.63428571 -0.40730837 0.26142857
-0.08 -0.08 0.29285714 0.42285714 -0.17285714 -0.66857143 -0.49285714 -0.41857143 -0.33 -0.46430089 -0.39142857 -0.42857143 0.048571429 0.048571429 0.25 0.24670829 0.01 0.01001326 0.02 0.42714286 0.42714286 0.40027188 0.49285714 0.1342925 0.13428571 0.13428571 0.18285714 0.53 0.53 0.17285714 0.17285714 0.39993497 0.36571429 0.45 0.36285714 0.15285714 0.042857143 -0.1 0.22571429 0.70215122 0.52714285 0.50667681 0.47142857 0.54571429 0.54571429 0.44142857 0.44142857 0.44142857 0.63428571 0.63428571 0.20428571 0.20428571 0.20428574
-0.08 -0.08 0.03 -0.55714286 -0.38142857 -0.12428571 -0.51285714 -0.51440738 -0.70857143 -0.62142857 -0.22142857 -0.63571429 -0.42884649 0.25 0.25 0.25002917 0.50285714 0.47751453 0.02 0.64142857 0.64142857 1.1042857 1.1042857 0.13428571 0.13428571 0.13428571 0.53 0.53 0.53 0.39857143 0.39857143 0.39857137 0.52428571 0.52428571 -0.037142857 0.27571429 0.35142857 -0.11714325 0.58714286 0.71 0.71 0.47999997 0.47142857 0.54571429 0.45714292 0.51285714 0.51966161 0.52 0.95428571 0.95428571 0.20428571 0.20428571 0.20428571
-0.08 -0.0326774 -0.2205548 -0.54855602 -0.035714286 0.02 -0.51285714 -0.51428571 -0.70856981 -0.62239401 -0.63571427 -0.63571429 0.37428571 0.25 0.25 0.50285713 0.50285714 0.50282966 0.02 0.64142857 0.7323243 1.1042857 1.1042857 0.13432467 0.13428571 0.28033112 0.57857143 0.57857143 0.57857142 0.39857143 0.39857143 0.36714286 0.36714286 0.52428418 -0.037142857 0.38857128 0.2689609 -0.11714286 -0.11714286 0.70999999 0.48 0.48 0.47999983 0.45714286 0.45714286 0.51285714 0.52 0.52 0.95428571 0.95428571 0.20428571 0.20428571 0.20428571
-0.36142857 0.094707695 0.10854732 0.10381789 -0.035714169 0.019998684 -0.51285713 -0.51426813 -0.69518316 -0.7062959 0.37428571 0.37428571 0.37428571 0.37428571 0.25001761 0.50285714 0.50285714 0.49662269 0.02 0.64152922 1.0028571 1.0028571 1.0028571 1.0028571 0.1493517 0.57857143 0.57857143 0.57857143 0.57857143 0.57848184 0.36714286 0.36714286 0.36714286 0.36714286 0.38857143 0.38857143 0.38857143 -0.092812273 -0.11159579 0.62142857 0.62142857 0.48000761 0.34428958 0.45713199 0.45714286 0.51285714 0.52 0.52 0.95428571 0.95428571 0.20700663 0.20428571 -0.23098453
-0.36142857 0.10857143 0.10857143 0.10857143 0.10857143 0.10857139 -0.51149312 -0.51355828 -0.65946448 0.37312177 0.37428571 0.37428571 0.37428571 0.37428571 0.37428596 0.50285714 0.50285707 0.46973644 0.020009911 1.0028571 1.0028571 1.0028571 1.0028571 1.0028571 1.0022996 0.64932806 0.6342857 0.63428571 0.63428571 0.63428571 0.36714286 0.36714286 0.3671434 0.81714286 0.81714286 0.38857143 0.92883226 0.94428571 0.62142876 0.62142857 0.62142857 0.62142857 0.34428571 0.34428571 0.34428571 0.34545882 0.038863736 0.035714286 0.035714286 0.035714286 0.035714302 0.74571417 0.74571429
0.39571428 0.10857143 0.10857143 0.10857143 0.10857143 0.10857143 0.10857139 -0.31965152 0.70970452 0.71714286 0.71714286 0.71714286 0.71714286 0.71714286 0.71714285 0.9928435 0.51068094 0.43673802 1.0027337 1.0028571 1.0028571 1.0028571 1.0028571 1.0028576 0.97714286 0.97714286 0.97714238 0.63428571 0.63428571 0.63481779 0.9 0.9 0.81714286 0.81714286 0.81714286 0.9239188 0.94428571 0.94428571 0.94428571 0.62142857 0.62142857 0.62142857 0.34428571 0.34428571 0.34428571 0.34428571 0.035714298 0.035714286 0.035714286 0.035714286 0.035714286 0.74571429 0.74571429
0.39571429 0.28881426 0.10857143 0.10857143 0.10857143 0.10857143 0.16427478 0.16428571 0.16428573 0.71714286 0.71714286 0.71714286 0.71714286 0.71714286 0.77922797 0.99857143 0.99857143 0.99857143 1.3517909 1.3528568 1.3528571 1.3528571 1.3528571 1.3528571 0.97714286 0.97714286 0.97714286 0.97714286 0.63428571 0.9 0.9 0.9 0.81714286 0.81714286 0.81714286 0.91857143 0.94425167 0.94428571 0.94428571 0.62147043 0.70476898 0.89916741 0.34428571 0.34428571 0.76441373 0.76571429 0.76571429 0.036677088 0.61795819 0.61999995 0.61999989 0.76999629 0.74571434
0.39571429 0.082918404 0.091221279 0.10857143 0.10857143 0.1642528 0.16428571 0.16428571 0.16428571 0.16826976 0.71714286 0.71714286 0.71714286 0.71714289 0.99857143 0.99857143 0.99857143 0.99857143 1.3525407 1.3528571 1.3528571 1.3528571 1.3528571 1.3528571 0.97714287 0.97714286 0.97714286 0.97714286 0.97686226 0.9 0.9 0.9 1.3528571 0.81716611 0.91857143 0.91857143 0.91857143 0.92185541 0.90281363 0.9 0.9 0.9 0.92714286 0.92714286 0.76571429 0.76571429 0.76571429 0.62 0.62 0.62 0.62 0.77 0.77
0.074487408 0.074285714 0.074285714 0.074285714 -0.0028571428 0.1642814 0.16428571 0.16428571 0.16428571 0.16428571 0.69875637 0.71713969 0.71714285 0.99857143 0.99857143 0.99857143 0.99857143 0.99857143 1.0248124 1.3528571 1.3528571 1.3528571 1.3528571 1.3528571 1.2994055 1.4999972 1.5 1.5 1.5 0.90000002 1.3528571 1.3528571 1.3528571 1.3528571 0.91857143 0.91857929 1.2171429 1.2171429 0.90396 0.9 0.9 0.9 0.92714286 0.92714286 0.79070899 0.76571429 0.76571429 0.62 0.62 0.62 0.62160839 0.77 0.77
0.074285714 0.074285714 0.074285714 0.037957992 -0.0028571429 -0.0028571429 0.16428571 0.16428571 0.16428571 0.16428571 0.47428571 0.47428571 0.47428571 0.99857143 0.99857143 0.99857143 0.99857143 0.99856104 0.97428571 0.97428571 1.352857 1.3528571 1.3503182 1.2485714 1.2508349 1.5 1.5 1.5 1.5 1.3528721 1.3528571 1.3528571 1.3528571 1.3528571 1.2171418 1.2171429 1.2171429 1.2171429 1.2160541 0.9 0.9 0.9 0.92714286 0.92714286 0.92714286 0.76571429 0.76571429 0.62000001 0.62 0.62 0.77 0.77 0.77
0.074285714 0.074285714 0.074285714 -0.0028571429 -0.0028571429 -0.0028571429 -0.0028568875 0.16428571 0.16428571 0.47396571 0.47428571 0.47428571 0.47428571 0.47461237 0.94769345 0.93571429 0.93571429 0.93571429 0.97428571 0.97428571 0.97428571 1.2485714 1.2485714 1.2485714 1.2485702 1.3658716 1.5 1.5 1.5 1.6071689 1.6613982 1.6614286 1.6614286 1.6614286 1.410513 1.6814275 1.6814286 1.6814286 1.6814286 1.2556656 1.2557143 1.2557143 0.92714286 0.92714286 1.0814279 1.0814286 1.0428571 1.0428571 0.93142857 0.93142857 0.93142857 0.77 0.96268471
0.074286508 0.074285714 0.074285712 -0.0028571429 -0.0028571429 -0.0028571429 -0.002857141 0.17 0.16430856 0.47417949 0.47428571 0.47428571 0.47428571 0.47519116 0.93571429 0.93571429 0.93571429 0.9357143 0.97428571 0.97428571 0.97428571 1.2485714 1.2485714 1.2485714 1.2442857 1.2442857 1.4228571 1.4228571 1.4228571 1.4241586 1.6614286 1.6614286 1.6614286 1.6614286 1.6714231 1.6814286 1.6814286 1.6814286 1.6814286 1.2557143 1.2557143 1.2557143 1.2502306 1.0814286 1.0814286 1.0814286 1.0428571 1.0428571 0.93142857 0.93142857 0.93142857 0.96285714 0.96285714
0.33 0.21900205 0.32142857 0.32133449 -0.0028571429 0.16899985 0.17 0.17 0.28503954 0.35714286 0.35714286 0.35714286 0.35714286 0.50713797 0.50714286 0.93571396 0.93571429 0.93673059 0.97428571 0.97428571 0.97428571 0.9 0.9 0.9 1.2442857 1.2442857 1.4228571 1.4228571 1.4228571 1.4228573 1.5885719 1.5885716 1.6595974 1.6613505 1.5258699 1.5257143 1.5257143 1.5257143 1.5257143 1.2557143 1.2557143 1.2557143 1.091025 1.0814286 1.0814286 1.0814285 1.0428571 1.0428571 1.0428531 0.93142857 0.93143023 0.96857143 0.96285714
0.62851473 0.62857138 0.32142857 0.32142857 0.32142857 0.17 0.17 0.17 0.48571429 0.48571429 0.35714286 0.35714286 0.35714286 0.50714286 0.50714286 0.50714286 0.50714286 0.50719633 0.97428571 0.97428571 0.97428571 0.9 0.9 0.9 1.2442857 1.2442857 1.4228571 1.4228571 1.4228571 1.586703 1.5885714 1.5885714 1.5885714 1.5885714 1.5257453 1.5257143 1.5257143 1.5257143 1.5257143 0.81285726 0.81285714 0.81285714 0.81285714 1.0814234 0.40571429 0.40571429 0.40571429 0.68857143 0.68857143 0.68857143 0.96857143 0.96857143 0.96857143
0.62857143 0.62857143 0.32142857 0.32142857 0.32142857 0.17079594 0.17 0.48571429 0.48571429 0.48571429 0.35715868 0.35714286 0.14702507 0.50714276 0.50714286 0.50714286 0.50714286 0.088571429 0.088571429 0.088571429 0.33428573 0.33428613 0.89999724 0.9 0.90019491 1.0657143 1.0657143 1.0657151 1.4227994 1.4885914 1.488572 1.4885889 1.5884005 1.5884851 1.5368429 1.5257139 1.5221285 0.45571429 0.45571429 0.81285714 0.81285714 0.81285714 0.81285714 0.40571429 0.40571429 0.40571429 0.40571429 0.68857143 0.68857143 0.68857143 0.96857143 0.96857143 0.96857143
0.62857143 0.62857143 0.32142857 0.32142857 0.32142857 0.32142857 0.28816263 0.48571429 0.48571429 0.48571429 0.48550122 0.1 0.1 0.1 0.50474347 0.50714286 0.091360685 0.088571429 0.088571429 0.088571429 0.33428571 0.33428571 0.33428571 0.33428571 1.0657143 1.0657143 1.0657143 1.0657143 1.0657143 1.4885714 1.4885714 1.4885714 1.4885714 1.4885708 1.1942857 0.45571429 0.45571429 0.45571429 0.45571429 0.45571415 0.35714286 0.35714286 0.35714286 0.38131631 0.43142857 0.43142857 0.43142857 0.68857142 0.68857139 0.65 0.65 1.0471237 1.0471429
0.62857143 0.62857143 0.43228558 0.32142857 0.32142857 0.32142857 0.37305741 0.48535862 0.48571429 0.48571429 0.10000004 0.1 0.1 0.1 0.1 0.13337049 0.088571429 0.088571429 0.088571429 0.088571429 0.33428381 0.33428571 0.33428571 0.33428571 1.0657143 1.0657143 1.0657143 1.0657143 1.0657143 0.90374021 1.4885714 1.4885714 1.4885714 1.1942857 1.1942857 1.1937122 0.45571429 0.45571429 0.58756525 0.68999998 0.35714286 0.35714286 0.35714286 0.38187317 0.43142857 0.43142857 0.43142857 0.64714286 0.6499644 0.65 0.65 1.0471429 1.0471429
0.6 0.6 0.6 0.39127409 0.32172957 0.37285714 0.37285714 0.37285714 0.37285714 0.30285714 0.30285714 0.10000001 0.1 0.1 0.1 0.099999262 0.088571429 0.088571429 0.088571429 0.088571429 0.22706397 0.33428571 0.33428571 0.32774311 0.12798762 1.0657143 1.0657143 1.0657143 0.69714286 0.69714286 0.69714286 0.69714618 1.1942857 1.1942857 1.1942857 1.1942857 0.69 0.69 0.69 0.69 0.46 0.46 0.46 0.67570995 0.67571429 0.67571429 0.67571421 0.64714286 0.64714286 0.64999652 0.65 1.0471416 1.0471429
