interpolatedSpi/04-11|22_3.tif
NCOLS 53
NROWS 52
XLLCORNER -116.03883
YLLCORNER 28.596182
DX 0.49850594
DY 0.49788537
NODATA_VALUE -9999
[rows 0 to 33 of 52, columns 0 to 52 of 53]
-0.3025 -0.3025 -0.68408867 -0.8925 -0.47375 -0.37 -0.53875 -0.60625 -0.79601996 -0.6125 -0.81875 -0.30875 -0.58123219 -0.365 -0.45 -0.45 -0.45 0.1475 0.025 0.025 0.025 0.024993474 -0.65249999 0.03125 0.03125 0.03125 -0.22125152 -0.22125 -0.22125 -0.4325 -0.4325 -0.4325 -0.4325 0.31874985 0.31875 0.31875 0.31875 0.31875 0.31875 0.31875001 0.78992538 0.79477289 -0.0975 -0.0975 -0.0975 -0.0975 -0.097246832 0.0575 0.0575 0.0575 0.46499915 0.465 0.465
-0.30253521 -1.095 -0.71749992 -0.64131798 -0.49765841 -0.51 -0.6625 -0.2917452 -0.615 -0.74125 -0.53125 -0.58125 -0.58125 -0.014921232 -0.36499651 -0.45 0.1475 0.1475 0.025159724 0.025 0.025 0.025 0.023222843 0.03125 0.03125 0.03125 -0.28499998 -0.285 -0.4325 -0.4325 -0.4325 -0.4325 -0.4325 0.31874989 0.31875 0.31875 0.31875 0.31875 0.31875003 0.45895741 1.2011795 0.060092665 -0.0975 -0.0975 -0.0975 -0.0975 -0.0975 0.0575 0.0575 0.0575 0.09129029 0.465 0.465
-0.40498729 -0.405 -0.64625 -0.1825 -0.5775 -0.7075 -0.495 -0.40875 -1.1075 -0.41625 -0.6625 -0.615 -0.72 0.25 -0.01375 -0.46625 0.1475 0.1475 0.1475 -0.037481831 -0.0375 -0.0375 -0.12125 0.03125 0.03125 0.03125 -0.285 -0.285 -0.285 -0.4325 -0.4325 -0.43249998 -0.25739073 0.31912231 0.32201939 0.66678133 0.67 0.67 0.73681725 1.20125 1.20125 1.1995892 -0.0975 -0.0975 -0.0975 -0.0975 -0.0975 0.0575 0.0575 0.0575 0.057500001 0.465 0.465
-0.48 -0.40499996 -0.20004864 0.47375 -0.76125 -0.30125 -0.385 -0.78 -0.51375 -0.13778722 -0.27 -0.19 -0.275 0.25 -0.645 -0.46625 -0.95994365 -0.96297139 -1.22 -0.0375 -0.0375 -0.6675 -0.12125 -0.12125 0.03125 0.03124842 -0.285 -0.285 -0.285 -0.62375 -0.31923386 -0.06875 -0.06875 -0.068749419 0.67 0.67 0.67 0.67 1.20125 1.20125 1.20125 1.20125 -0.0975 -0.0975 -0.0975 -0.0975 -0.0975 0.057498045 0.0575 0.0575 0.0575 0.4649929 0.465
-0.48 0.30124908 -0.2 -0.13119512 -0.76125 -0.6675 -0.31500363 0.38 -0.4075 0.45874963 0.068374986 -0.11628491 -0.36 -0.645 -0.645 -0.53321508 -0.96375 -0.96375 -1.22 -1.22 -0.037501302 -0.6675 0.45375 0.00375 -0.0725 -0.072339561 -0.285 -0.285 -0.62375 -0.62375 -0.06875 -0.06875 -0.06875 -0.024199367 0.67 0.67 0.67 1.20125 1.20125 1.20125 1.20125 1.2012032 -0.097499988 -0.0975 -0.0975 -0.0975 -0.0975 -0.096120308 0.0575 0.05750852 0.2475 0.2475 0.2475
-2.1925 -0.4125 -0.31125001 -0.23875 -0.62875 -0.36875 -0.5225 -0.40695415 -0.01875 -0.67 -1.015 -0.36 -0.36 -0.38125 -0.38125 -0.75619266 -0.75625 -0.75625 -0.75625 -1.2199992 -1.0925 -1.0925 0.00375 -0.0725 -0.0725 0.61375 0.1575 0.1575 0.25491959 -0.62375 -0.06875 -0.06875 0.1675 0.16759678 1.0936837 1.21875 1.21875 1.206664 1.20125 1.20125 0.7168549 0.71625 0.71625277 0.2843875 0.29120704 0.2912499 0.29124999 0.29124986 0.38507533 0.2475 0.2475 0.2475 0.2475
-1.5925045 -0.835 -0.42778952 -0.33375 -0.4175 -0.82375 -0.2975 -0.23 -0.23375 -0.23375 -1.015 -0.36875 -0.99999985 -0.38125 -0.51874959 -0.51875 -0.75625 -0.3725 -0.32125 -0.32125 -0.95288778 -0.79625 -0.79625 0.36999999 0.61375 0.61375 0.1575 0.1575 0.25497319 0.25450646 0.64736277 0.1675 0.1675 1.09375 1.09375 1.2643636 1.21875 1.21875 1.1975007 0.71625067 0.71625 0.71625 0.71626512 0.29125291 0.29125 0.29125 0.29125 0.29125008 0.42 0.24753418 0.2475 0.2475 0.2475
-1.5925 -0.14125 -0.01125 -1.11375 -0.79376834 -0.66375 -0.59625 -0.13375 -0.5575 -0.28375 -0.28375 -0.435 -1 -1 -0.52205182 -0.9251753 -0.965 -0.2275 -0.77749953 -0.32125 -0.063579799 0.00625 -0.7225 0.1075 0.10749711 -0.11625 0.0875 0.087500025 -0.2033881 -0.20499998 0.65 0.10127439 0.54875 1.09375 1.0942135 1.3025 1.3025 1.1975 1.1975 0.71625 0.71625 0.71625002 0.81579139 0.81374997 0.29125 0.29125 0.29125 0.4199951 0.42 0.42 0.2475 0.2475 0.2475
-0.32084327 -0.14125 0.20375 -0.365 -0.4425 -0.5525 -0.2975 0.2275 -0.0775 -0.15923736 -0.3 -0.49 -0.49 0.20125 0.2012425 -1.1382657 -1.13875 -1.13875 -0.31145835 -0.49250007 -0.81625 -0.81624999 0.1475 -0.3796473 -0.093701908 -0.11625 0.165 0.0875 0.42303879 0.425 -0.02375 1.20625 0.69378143 0.48375 1.11 1.16875 1.52375 0.73375 1.7257917 0.7214224 1.875 1.15125 0.81381349 0.81375 0.81080909 0.29125 0.67124998 0.42 0.42 0.42 0.42 0.24345351 0.02
-1.325 -1.325 0.29375 -0.08125 -0.50625 -0.11875 -0.295 -0.29875 -0.25375 -0.18003458 0.0075 0.4675 0.20125 0.20125 -0.59625 -0.60369063 -1.13875 -1.1385894 -0.42375 -0.4925 -0.4925 -0.53420987 0.1475 0.12500043 0.125 0.125 0.165 0.71625 0.71625 0.425 0.425 1.2043202 0.18875 0.48375 0.84375 1.16875 1.52375 1.55 1.72625 0.76213281 1.15125 1.1705353 1.20375 0.81375 0.81375 0.67125 0.67125 0.67125 0.42 0.42 0.215 0.215 0.21499993
-1.325 -1.325 -0.3075 -0.6375 -0.6275 -0.39625 -0.51375 0.029953261 0.13 -0.00875 -0.215 -0.40875 0.46633306 -0.59625 -0.59625 -0.5962412 -0.52 -0.51494835 -0.42375 -0.4475 -0.4475 -0.5675 -0.5675 0.125 0.125 0.125 0.71625 0.71625 0.71625 -0.37125 -0.37125 -0.37124908 0.5425 0.5425 0.43 0.11625 1.41125 0.9825018 1.23625 0.74625 0.74625 0.55125214 1.20375 0.81375 0.74749983 0.50625 0.93884256 0.94 1.05625 1.05625 0.215 0.215 0.215
-1.325 -0.8856924 -0.44832277 -0.69624032 0.185 -0.4475 -0.51375 0.03 0.12999916 -0.0072128183 -0.40874948 -0.40875 -0.3975 -0.59625 -0.59625 -0.52 -0.52 -0.51999452 -0.42375 -0.4475 -0.47106556 -0.5675 -0.5675 0.12497253 0.125 0.18047143 0.29375 0.29375 0.29375005 -0.37125 -0.37125 -0.1725 -0.1725 0.54249969 0.43 0.66125003 1.3763725 0.9825 0.9825 0.74624999 0.55125 0.55125 0.55125152 0.7475 0.7475 0.50625 0.94 0.94 1.05625 1.05625 0.215 0.215 0.215
0.06 -0.044495796 -0.017522729 -0.022406123 0.18499658 -0.44748507 -0.51375 0.023306754 0.12310898 0.12637687 -0.3975 -0.3975 -0.3975 -0.3975 -0.59622185 -0.52 -0.52 -0.51875726 -0.42375 -0.44741017 -0.1375 -0.1375 -0.1375 -0.1375 0.12070311 0.29375 0.29375 0.29375 0.29375 0.29333167 -0.1725 -0.1725 -0.1725 -0.1725 0.66125 0.66125 0.66125 0.96725681 0.97703608 0.255 0.255 0.55123407 0.39001224 0.74746557 0.7475 0.50625 0.94 0.94 1.05625 1.05625 0.21805196 0.215 0.5639569
0.06 -0.0175 -0.0175 -0.0175 -0.0175 -0.017500177 -0.51358033 -0.25645475 0.10472434 -0.3969353 -0.3975 -0.3975 -0.3975 -0.3975 -0.39749966 -0.52 -0.51999998 -0.51339791 -0.42375041 -0.1375 -0.1375 -0.1375 -0.1375 -0.1375 -0.13125647 0.21556701 0.18375002 0.18375 0.18375 0.18375 -0.1725 -0.1725 -0.17250007 -0.23125 -0.23125 0.66125 0.22254848 0.21 0.25499997 0.255 0.255 0.255 0.39 0.39 0.39 0.39080899 0.84428615 0.84375 0.84375 0.84375 0.84375 0.99499984 0.995
0.59625 -0.0175 -0.0175 -0.0175 -0.0175 -0.0175 -0.017500032 -0.30923847 0.072534162 0.072499999 0.0725 0.0725 0.0725 0.0725 0.072499995 0.26837627 -0.50741485 -0.50681998 -0.13753602 -0.1375 -0.1375 -0.1375 -0.1375 -0.13749946 0.15125 0.15125 0.15125005 0.18375 0.18375 0.18313926 -0.12125 -0.12125 -0.23125 -0.23125 -0.23125 0.13931649 0.21 0.21 0.21 0.255 0.255 0.255 0.39 0.39 0.39 0.39 0.84374998 0.84375 0.84375 0.84375 0.84375 0.995 0.995
0.59625 0.36775785 -0.0175 -0.0175 -0.0175 -0.0175 -0.11873013 -0.11875 -0.11875 0.0725 0.0725 0.0725 0.0725 0.0725 0.1166214 0.2725 0.2725 0.2725 0.32234547 0.32374953 0.32375 0.32375 0.32375 0.32375 0.15125 0.15125 0.15125 0.15125 0.18375 -0.12125 -0.12125 -0.12125 -0.23124999 -0.23125 -0.23125 0.05875 0.20979974 0.21 0.21 0.25490974 0.07474965 -0.34569926 0.39 0.39 -0.17948709 -0.18125 -0.18125 0.84164374 -0.43177698 -0.43624989 -0.43624976 -0.14857695 0.99499767
0.59625 -0.044807649 -0.040272072 -0.0175 -0.0175 -0.11869018 -0.11875 -0.11875 -0.11875 -0.1173718 0.0725 0.0725 0.0725 0.072500024 0.2725 0.2725 0.2725 0.2725 0.32370422 0.32375 0.32375 0.32375 0.32375 0.32375 0.15125 0.15125 0.15125 0.15125 0.15025882 -0.12125 -0.12125 -0.12125 -0.017500003 -0.23121534 0.05875 0.05875 0.05875 0.05649404 -0.31220069 -0.3475 -0.3475 -0.3475 -0.51125 -0.51125 -0.18125 -0.18125 -0.18125 -0.43625 -0.43625 -0.43625 -0.43625 -0.14875 -0.14875
-0.061980309 -0.0625 -0.0625 -0.062500004 -0.42375 -0.11875787 -0.11875 -0.11875 -0.11875 -0.11875 0.1210478 0.072508356 0.072500018 0.2725 0.2725 0.2725 0.2725 0.2725 0.26988924 0.32375 0.32375 0.32375 0.32375 0.32375 -0.024142944 -0.45374672 -0.45375 -0.45375 -0.45375 -0.12124999 -0.017500002 -0.0175 -0.0175 -0.0175 0.05875 0.058744569 -0.1475 -0.1475 -0.3450027 -0.3475 -0.3475 -0.3475 -0.51125 -0.51125 -0.23234536 -0.18125 -0.18125 -0.43625 -0.43625 -0.43625 -0.43316725 -0.14875 -0.14875
-0.0625 -0.0625 -0.0625 -0.23261801 -0.42375 -0.42375 -0.11875 -0.11875 -0.11875 -0.11875 0.71375 0.71375 0.71375 0.2725 0.2725 0.2725 0.2725 0.27249773 0.1675 0.1675 0.32374994 0.32375 0.31489422 -0.04 -0.043724812 -0.45375 -0.45375 -0.45375 -0.45375 -0.017544421 -0.0175 -0.0175 -0.0175 -0.0175 -0.14749927 -0.1475 -0.1475 -0.1475 -0.14821434 -0.3475 -0.3475 -0.3475 -0.51125 -0.51125 -0.51125 -0.18125 -0.18125 -0.43624999 -0.43625 -0.43625 -0.14875 -0.14875 -0.14875
-0.0625 -0.0625 -0.0625 -0.42375 -0.42375 -0.42375 -0.42374953 -0.11875 -0.11875 0.71289062 0.71375 0.71375 0.71375 0.71347508 0.26137044 0.25875 0.25875 0.25875 0.1675 0.1675 0.1675 -0.04 -0.04 -0.04 -0.040103298 -0.43014641 -0.45375 -0.45375 -0.45375 -0.26137568 -0.30497172 -0.305 -0.305 -0.305 -0.226601 -0.33749957 -0.3375 -0.3375 -0.3375 -0.85368073 -0.85375 -0.85375 -0.51125 -0.51125 -0.54749985 -0.54749986 -0.14875 -0.14875 -0.2475 -0.2475 -0.2475 -0.14875 0.19344376
-0.062500531 -0.0625 -0.062500013 -0.42375 -0.42375 -0.42375 -0.42375 -0.36374993 -0.11972961 0.71310279 0.71375 0.71375 0.71375 0.71285716 0.25875 0.25875 0.25875 0.25874997 0.1675 0.1675 0.1675 -0.04 -0.04 -0.04 -0.40875 -0.40875 -0.58375 -0.58375 -0.58375 -0.58222933 -0.305 -0.305 -0.305 -0.305 -0.32124118 -0.3375 -0.3375 -0.3375 -0.3375 -0.85375 -0.85375 -0.85375 -0.8441142 -0.5475 -0.5475 -0.5475 -0.14875 -0.14875 -0.2475 -0.2475 -0.2475 0.19374999 0.19375
-0.23375 -0.16342269 -0.5075 -0.5074757 -0.42375 -0.36409716 -0.36375 -0.36375 -0.32184646 -5.6586163e-09 1.3877788e-17 1.3877788e-17 1.4058581e-17 0.26999121 0.27 0.25875001 0.25875 0.2563457 0.1675 0.1675 0.1675 -0.605 -0.605 -0.605 -0.40875 -0.40875 -0.58375 -0.58375 -0.58375 -0.58375008 -0.69249754 -0.69249891 -0.31473923 -0.30541543 -0.97173558 -0.9725 -0.9725 -0.9725 -0.9725 -0.85375 -0.85375 -0.85375 -0.56436319 -0.5475 -0.5475 -0.54749999 -0.14875 -0.14875 -0.14875355 -0.2475 -0.24749022 -0.02875 0.19375
-0.31998362 -0.32000003 -0.5075 -0.5075 -0.5075 -0.36375 -0.36375 -0.36375 -0.24875 -0.24875 1.3877788e-17 1.3877788e-17 1.3877788e-17 0.27 0.27 0.27 0.27 0.26998858 0.1675 0.1675 0.16749997 -0.605 -0.605 -0.605 -0.40875 -0.40875 -0.58375 -0.58375 -0.58375 -0.69127384 -0.6925 -0.6925 -0.6925 -0.6925 -0.97236184 -0.9725 -0.9725 -0.9725 -0.9725 -1.02 -1.02 -1.02 -1.02 -0.54749965 -0.5025 -0.5025 -0.5025 -0.07375 -0.07375 -0.07375 -0.02875 -0.02875 -0.02875
-0.32 -0.32 -0.5075 -0.5075 -0.5075 -0.36450558 -0.36375 -0.24875 -0.24875 -0.24875 -3.0621323e-05 -1.9432764e-16 -0.11746168 0.26999991 0.27 0.27 0.27 -0.1675 -0.1675 -0.1675 -0.87499999 -0.8749998 -0.60500132 -0.605 -0.60518574 -1.01125 -1.01125 -1.011249 -0.58381909 -1.0549278 -1.0549981 -1.0549367 -0.69311955 -0.69281283 -0.92286643 -0.97250014 -0.9737232 -1.3375 -1.3375 -1.02 -1.02 -1.02 -1.02 -0.5025 -0.5025 -0.5025 -0.5025 -0.07375 -0.07375 -0.07375 -0.02875 -0.02875 -0.02875
-0.32 -0.32 -0.5075 -0.5075 -0.5075 -0.5075 -0.32070886 -0.24875 -0.24875 -0.24875 -0.248692 -0.14375 -0.14375 -0.14375 0.26756168 0.27 -0.16458461 -0.1675 -0.1675 -0.1675 -0.875 -0.875 -0.875 -0.875 -1.01125 -1.01125 -1.01125 -1.01125 -1.01125 -1.055 -1.055 -1.055 -1.055 -1.0549999 -1.02375 -1.3375 -1.3375 -1.3375 -1.3375 -1.3374984 -0.875 -0.875 -0.875 -0.74239399 -0.4675 -0.4675 -0.4675 -0.073750011 -0.07375024 -0.32125 -0.32125 0.15620499 0.15625
-0.32 -0.32 -0.43982567 -0.5075 -0.5075 -0.5075 -0.37851931 -0.24915969 -0.24875 -0.24875 -0.14375 -0.14375 -0.14375 -0.14375 -0.14375 -0.10983978 -0.1675 -0.1675 -0.1675 -0.1675 -0.87499453 -0.875 -0.875 -0.875 -1.01125 -1.01125 -1.01125 -1.01125 -1.01125 -1.2850002 -1.055 -1.055 -1.055 -1.02375 -1.02375 -1.0239936 -1.3375 -1.3375 -1.1764046 -1.05125 -0.875 -0.875 -0.875 -0.74495693 -0.4675 -0.4675 -0.4675 -0.78125 -0.32698156 -0.32125 -0.32125 0.15625 0.15625
-0.23 -0.23 -0.23 -0.43792312 -0.50724018 -0.37875 -0.37875 -0.37875 -0.37875 -0.16 -0.16 -0.14375 -0.14375 -0.14375 -0.14375 -0.14375151 -0.1675 -0.1675 -0.1675 -0.1675 -0.56626995 -0.875 -0.875 -0.86983134 -0.69236151 -1.01125 -1.01125 -1.01125 -1.36625 -1.36625 -1.36625 -1.3662487 -1.02375 -1.02375 -1.02375 -1.02375 -1.05125 -1.05125 -1.05125 -1.05125 -0.79125 -0.79125 -0.79125 -0.71500153 -0.715 -0.715 -0.71499992 -0.78125 -0.78125 -0.32181048 -0.32125 0.15624813 0.15625
-0.23 -0.23 -0.23 -0.23000539 -0.33 -0.33708905 -0.37875 -0.37875 -0.37875 -0.16 -0.16 -0.16 -0.36499999 -0.365 -0.365 -0.36499999 -0.1672092 -0.1675 -0.1675 -0.1675 -0.17821743 -0.67750054 -0.6775 -0.6775 -0.6775 -0.67750001 -0.95875 -0.95875 -1.36625 -1.36625 -1.36625 -1.36625 -1.0237499 -1.02375 -1.02375 -1.0237407 -1.05125 -1.05125 -1.05125 -1.0501588 -0.79125 -0.79125 -0.79125 -0.71500354 -0.715 -0.715 -0.715 -0.78125 -0.78125 -0.78124992 -0.215 -0.215 -0.23875
-0.23 -0.23 -0.23 -0.32999977 -0.33 -0.33 -0.37874998 -0.37875 -0.37875 -0.16 -0.16 -0.16 -0.365 -0.365 -0.365 -0.33786816 -0.00875 -0.00875 -0.0087504101 -0.16660334 -0.6775 -0.6775 -0.6775 -0.6775 -0.6775 -0.67771166 -0.95875 -0.95875 -0.95875 -1.36625 -1.36625 -1.3661631 -0.91 -0.91 -0.91 -0.6325 -0.6325 -0.8025 -0.8025 -0.8025 -0.315 -0.79110061 -0.79124784 -0.50125 -0.50125 -0.50935088 -0.71499955 -0.78125 -0.78125 -0.215 -0.215 -0.215 -0.23875
-0.23 -0.23 -0.23 -0.33 -0.33 -0.33 -0.33 -0.37875 -0.37875 -0.16 -0.16 -0.35680296 -0.365 -0.365 -0.365 -0.00875 -0.00875 -0.00875 -0.00875 -0.00875 -0.6775 -0.6775 -0.6775 -0.6775 -0.6775 -0.95874904 -0.95875 -0.95875 -0.95875 -1.23125 -1.23125 -1.23125 -0.91 -0.91 -0.91 -0.6325 -0.6325 -0.8025 -0.8025 -0.315 -0.315 -0.315 -0.50125 -0.50125 -0.50125 -0.50125 -0.45925218 0.01 0.01 0.01 -0.21499999 0.36 0.36
-0.23 -0.23 -0.23013925 -0.33 -0.33 -0.33 -0.33 -0.47399178 -0.48125 -0.48069846 -0.16000001 -0.36499351 -0.365 -0.365 -0.36499877 -0.00875 -0.00875 -0.00875 -0.00875 -0.0087499999 0.4073983 -0.6775 -0.6775 -0.6775 -0.67742251 -0.95871301 -0.95875 -0.95875 -0.95875 -1.23125 -1.23125 -1.23125 -1.2312056 -0.91 -0.6325 -0.6325 -0.6325 -0.63250698 -0.80246675 -0.315 -0.315 -0.315 -0.50123869 -0.50125 -0.50125 -0.50125 0.0099997511 0.01 0.01 0.01 0.36 0.36 0.36
-0.25625 -0.25624995 -0.3299448 -0.33 -0.33 -0.33 -0.48121782 -0.48125 -0.48125 -0.48125 -0.2875 -0.2875 -0.2875 -0.2875 -0.010036551 -0.00875 -0.00875 -0.00875 -0.00875 0.45374972 0.45375 0.45375 -0.30125006 -0.30125 -0.30125 -0.30125 -0.35800071 -0.95875 -1.4737289 -1.47375 -1.47375 -1.47375 -1.47375 -0.61125 -0.61125 -0.61125 -0.61125 -0.61125 -0.205 -0.205 -0.205 -0.205 -0.205 -0.010740524 -0.01 -0.01 -0.01 0.01 0.01 0.01 0.35994486 0.36 0.36
-0.25625 -0.25625 -0.25553836 -0.17125032 -0.17125004 -0.17155231 -0.48125 -0.48125 -0.48125 -0.48125 -0.2875 -0.2875 -0.2875 -0.2875 -0.2875 -0.00875 -0.00875 -0.00875 0.45374988 0.45375 0.45375 0.45375 -0.30125 -0.30125 -0.30125 -0.30125 -0.30125 -0.3013903 -1.473653 -1.47375 -1.47375 -1.47375 -1.473711 -0.75722717 -0.61140115 -0.61125 -0.61125 -0.61125 -0.205 -0.205 -0.205 -0.205 -0.205 -0.01 -0.01 -0.01 -0.01 -0.00064760919 0.01 0.064386369 0.065 -0.255 -0.255
-0.25625 -0.25625 -0.17126077 -0.17125 -0.17125 -0.17125 -0.24998869 -0.48125 -0.48125 -0.48125 -0.2875 -0.2875 -0.2875 -0.2875 -0.2875 -0.0089572869 -0.0087499999 0.4536144 0.45375 0.45375 0.45375 0.45375 -0.021555358 -0.30125 -0.30125 -0.30125 -0.30125 -0.30190237 -1.2225 -1.2225 -1.2225 -1.2225 -1.2225 -0.86875 -0.86875 -0.86875 -0.86875 -0.86875 -0.61125 -0.61125 -0.61125 -0.61125 -0.61125 -0.0096978438 -0.0099999368 -0.0099999995 -0.0099790233 -0.0074651598 0.065 0.065 0.065 -0.25499821 -0.255
