interpolatedSpi/04-11|20_3.tif
NCOLS 53
NROWS 52
XLLCORNER -116.03883
YLLCORNER 28.596182
DX 0.49850594
DY 0.49788537
NODATA_VALUE -9999
[rows 0 to 34 of 52, columns 0 to 52 of 53]
0.0725 0.0725 -0.15804166 -0.6475 0.01375 0.2025 0.5975 0.7125 0.026552571 -0.22 -0.24875 0.35 0.078777688 0.415 -0.03375 -0.03375 -0.03375 0.11125 0.3675 0.3675 0.3675 0.36749748 0.10625 0.075 0.075 0.075 0.75500053 0.755 0.755 0.285 0.285 0.285 0.285 0.59499994 0.595 0.595 0.595 0.595 0.595 0.59500003 1.7277977 1.7397766 0.86375 0.86375 0.86375 0.86375 0.86422775 1.15625 1.15625 1.15625 1.4374994 1.4375 1.4375
0.072479839 -0.38125 -0.0012493829 0.10259812 0.38228924 0.58125 0.4775 0.37031578 -0.11 0.20375 0.1925 0.07875 0.07875 0.60436645 0.41499833 -0.03375 0.11125 0.11125 0.36716588 0.3675 0.3675 0.3675 0.041838632 0.075 0.075 0.075 -0.0024999947 -0.0024999997 0.285 0.285 0.285 0.285 0.285 0.59499995 0.595 0.595 0.595 0.595 0.59500002 0.5740951 0.4300336 0.81111815 0.86375 0.86375 0.86375 0.86375 0.86375 1.15625 1.15625 1.15625 1.1795715 1.4375 1.4375
0.68497014 0.685 0.53375 0.9575 0.5625 0.32375 0.57875 0.0375 0.33 0.265 0.535 -0.1675 -0.6475 0.1125 0.605 0.8675 0.11125 0.11125 0.11125 0.17505596 0.175 0.175 -0.555 0.075 0.075 0.075 -0.0025 -0.0025 -0.0025 0.285 0.285 0.28499994 -0.28786608 0.59424815 0.59744331 0.85509459 0.8575 0.8575 0.80373177 0.43 0.43 0.43055466 0.86375 0.86375 0.86375 0.86375 0.86375 1.15625 1.15625 1.15625 1.15625 1.4375 1.4375
0.44875 0.68499994 0.3637207 0.585 0.07625 0.44375 1.025 -0.21625 0.41 0.36249596 0.61625 0.4875 0.13875 0.1125 0.46 0.8675 -0.36177239 -0.37091193 -0.24125 0.175 0.175 -0.7025 -0.555 -0.555 0.075 0.074999613 -0.0025 -0.0025 -0.0025 -0.85375 -0.88186973 -0.905 -0.905 -0.90499861 0.8575 0.8575 0.8575 0.8575 0.43 0.43 0.43 0.43000002 0.86375 0.86375 0.86375 0.86375 0.86375 1.1562463 1.15625 1.15625 1.15625 1.4374136 1.4375
0.44875 0.15000039 0.36375 0.45000898 0.07625 0.55 0.37501685 0.0225 -0.15375 0.17499997 0.32550931 0.39503563 0.64375 0.46 0.46 0.71319511 -0.37125 -0.37125 -0.24125 -0.24125 0.1749982 -0.7025 -0.93625 -0.45875 -0.5225 -0.5225329 -0.0025 -0.0025 -0.85375 -0.85375 -0.905 -0.905 -0.905 -0.79303466 0.8575 0.8575 0.8575 0.43 0.43 0.43 0.43 0.42998057 0.86374999 0.86375 0.86375 0.86375 0.86375 0.86635361 1.15625 1.156144 -1.2075 -1.2075 -1.2075
-1.13125 0.07375 0.41375 0.29375 0.51625 0.60375 0.29875 0.26338209 0.31625 -0.0375 0.44625 -0.3975 -0.39749931 0.11875 0.11875 -0.37871771 -0.37875 -0.5375 -0.5375 -0.2412504 -1.15 -1.15 -0.45875 -0.5225 -0.5225 -0.66375 -1.03625 -1.03625 -0.33879677 -0.85375 -0.905 -0.905 -0.31125 -0.31125418 -0.35124725 -0.71 -0.71 0.077314976 0.43 0.43 0.229001 0.22875 0.22875118 -0.68713074 -0.71482552 -0.71499958 -0.71499995 -0.71499941 -1.1298865 -1.2075 -1.2075 -1.2075 -1.2075
-0.49500317 -0.27625 -0.64277273 0.11375 0.65 -0.045 0.080000004 0.3625 0.0775 0.0775 0.44625 -0.15875 -0.091250144 0.11875 -0.24499891 -0.245 -0.37875 -0.47 -0.695 -0.695 -1.1747414 -1.2025 -1.2025 -1.06375 -0.66375 -0.66375 -1.03625 -1.03625 -0.33875 -0.33875 0.040076905 -0.31125 -0.31125 -0.35125 -0.35125 -0.97210802 -0.71 -0.71 -1.4549742 0.22874766 0.22875 0.22875 0.22875494 -0.71499824 -0.715 -0.715 -0.715 -0.71500029 -1.19625 -1.2074978 -1.2075 -1.2075 -1.2075
-0.495 -0.7875 -0.34625 -1.0075 -1.2474862 -0.52125 -0.06875 -0.44249998 -0.25625 -0.2225 -0.2225 -0.66 -0.09125 -0.09125 -0.24394513 -0.38958267 -0.40375 -0.37125 -0.73874996 -0.695 -1.1987824 -1.1575 -1.43875 -1.105 -1.105002 -1.26125 -1.30875 -1.3087499 -0.33875 -0.33874999 0.04125 -0.25316041 -0.345 -0.35125 -0.36062635 -1.19125 -1.19125 -1.455 -1.455 0.22875 0.22875 0.22875001 -0.39773867 -0.39875002 -0.715 -0.715 -0.715 -1.1962317 -1.19625 -1.19625 -1.2075 -1.2075 -1.2075
-0.83661791 -0.78749999 -0.42875 -0.66625 -0.26625 -0.55625 -0.24375 0.43375 0.37 0.4038911 -0.01375 -0.34625 -0.34625 -0.60625 -0.60624579 -0.67798355 -0.67875 -0.67875 -0.42734944 -1.525 -1.64375 -1.64375 -1.1425 -1.3220027 -1.2455041 -1.26125 -1.16 -1.30875 -1.0129788 -1.01125 -0.2275 0.38875 0.099147182 -0.74875 -0.68 -0.825 -0.91875 -0.8825 -1.0336802 0.23100421 0.73375 -0.325 -0.39873331 -0.39875 -0.40053003 -0.715 -1.1025 -1.19625 -1.19625 -1.19625 -1.19625 -1.2345804 -0.725
-1.11125 -1.11125 -0.61125 -0.5525 -0.30875 0.065 -0.0675 0.1875 0.55625 0.41250062 -0.02125 0.1025 -0.60625 -0.60625 -0.15875 -0.16588203 -0.67875 -0.67874206 -0.65375 -1.525 -1.525 -1.540299 -1.1425 -1.3499961 -1.35 -1.35 -1.16 -0.74 -0.74 -1.01125 -1.01125 0.38765945 -0.18625 -0.74875 -0.52125 -0.825 -0.91875 -1.32 -1.03375 0.26608653 -0.32499995 -0.31443899 -0.29625 -0.39875 -0.39875 -1.1025 -1.1025 -1.1025 -1.19625 -1.19625 -1.425 -1.425 -1.4249997
-1.11125 -1.11125 -0.99 -0.8025 -0.9325 -0.33625 -0.50874999 0.16866042 0.07125 0.1725 0.135 -0.0675 0.10227263 -0.15875 -0.15875 -0.15879571 -0.555 -0.56018286 -0.65375 -0.53125 -0.53125 -0.80875 -0.80875 -1.35 -1.35 -1.35 -0.74 -0.74 -0.74 -1.10875 -1.10875 -1.1087485 -0.725 -0.725 -0.6925 -1.0375 -0.825 -0.6749986 -1.16375 0.2875 0.2875 -0.11625059 -0.29625 -0.39875 -0.78250006 -0.955 -0.94069985 -0.94 -1.19 -1.19 -1.425 -1.425 -1.425
-1.11125 -1.0588296 -0.90998706 -0.98249126 -0.58625 -0.92625 -0.50875 0.16875 0.071250814 0.17137827 -0.067499688 -0.0675 -0.16375 -0.15875 -0.15875 -0.55499999 -0.555 -0.55500562 -0.65375 -0.53125 -0.58574535 -0.80875 -0.80875 -1.349978 -1.35 -1.3315095 -1.29375 -1.29375 -1.2937499 -1.10875 -1.10875 -1.0475 -1.0475 -0.72499991 -0.6925 -0.45875032 -0.77448825 -0.675 -0.675 0.28749999 -0.11625 -0.11625 -0.11625485 -0.7825 -0.7825 -0.955 -0.94 -0.94 -1.19 -1.19 -1.425 -1.425 -1.425
-0.33125 0.078389813 0.16746359 0.15917141 -0.5862518 -0.92624197 -0.50875001 0.16041036 0.077968747 0.073893907 -0.16375 -0.16375 -0.16375 -0.16375 -0.15875071 -0.555 -0.555 -0.55627502 -0.65375 -0.53126019 -0.56375 -0.56375 -0.56375 -0.56375 -1.3366546 -1.29375 -1.29375 -1.29375 -1.29375 -1.2936016 -1.0475 -1.0475 -1.0475 -1.0475 -0.45875 -0.45875 -0.45875 -0.66438063 -0.6715076 -0.21 -0.21 -0.11625504 -0.43126202 -0.78246617 -0.7825 -0.955 -0.94 -0.94 -1.19 -1.19 -1.4241474 -1.425 -0.66686246
-0.33125 0.1675 0.1675 0.1675 0.1675 0.16749954 -0.50981865 -0.18819487 0.095893744 -0.16349441 -0.16375 -0.16375 -0.16375 -0.16375 -0.1637501 -0.55499999 -0.55500002 -0.56177358 -0.65374833 -0.56375 -0.56375 -0.56375 -0.56375 -0.56375 -0.5688058 -1.1605163 -1.1475 -1.1475 -1.1475 -1.1475 -1.0475 -1.0475 -1.0475001 -1.135 -1.135 -0.45875 -0.30441456 -0.3 -0.21000005 -0.21 -0.21 -0.21 -0.43125 -0.43125 -0.43125 -0.43489482 -0.94497058 -0.945 -0.945 -0.945 -0.945 0.63124958 0.63125
-0.09125 0.1675 0.1675 0.1675 0.1675 0.1675 0.16749995 -0.42498838 -0.2954838 -0.2975 -0.2975 -0.2975 -0.2975 -0.2975 -0.2975 -0.37101142 -0.5521126 -0.56852214 -0.56376128 -0.56375 -0.56375 -0.56375 -0.56375 -0.56375009 -0.7975 -0.7975 -0.79750049 -1.1475 -1.1475 -1.1473048 -1.05 -1.05 -1.135 -1.135 -1.135 -0.43375786 -0.3 -0.3 -0.3 -0.21 -0.21 -0.21 -0.43125 -0.43125 -0.43125 -0.43125 -0.94499999 -0.945 -0.945 -0.945 -0.945 0.63125 0.63125
-0.09125 0.0050796856 0.1675 0.1675 0.1675 0.1675 -0.61359667 -0.61375 -0.61374999 -0.2975 -0.2975 -0.2975 -0.2975 -0.2975 -0.31404552 -0.3725 -0.3725 -0.3725 -0.64350598 -0.64374992 -0.64375 -0.64375 -0.64375 -0.64375 -0.7975 -0.7975 -0.7975 -0.7975 -1.1475 -1.05 -1.05 -1.05 -1.135 -1.135 -1.135 -0.19125 -0.29985601 -0.3 -0.3 -0.21004235 -0.29451572 -0.49165567 -0.43125 -0.43125 -0.52471068 -0.525 -0.525 -0.94379141 -0.21256849 -0.21000006 -0.21000014 0.1075792 0.63124894
-0.091249999 -0.13747412 0.012523401 0.1675 0.1675 -0.6132884 -0.61375 -0.61375 -0.61375 -0.61147101 -0.2975 -0.2975 -0.2975 -0.29750001 -0.3725 -0.3725 -0.3725 -0.3725 -0.6435077 -0.64375 -0.64375 -0.64375 -0.64375 -0.64375 -0.7975 -0.7975 -0.7975 -0.7975 -0.79841843 -1.05 -1.05 -1.05 -0.45875001 -1.1348877 -0.19125 -0.19125 -0.19125 -0.19511924 -0.48031524 -0.4925 -0.4925 -0.4925 -0.5175 -0.5175 -0.525 -0.525 -0.525 -0.21 -0.21 -0.21 -0.21 0.1075 0.1075
-0.13859037 -0.13875 -0.13875 -0.13875 -0.54875 -0.61374832 -0.61375 -0.61375 -0.61375 -0.61375 -0.28444046 -0.29749775 -0.2975 -0.3725 -0.3725 -0.3725 -0.3725 -0.3725 -0.44521424 -0.64375 -0.64375 -0.64375 -0.64375 -0.64375 -0.60017839 -0.41250209 -0.4125 -0.4125 -0.4125 -1.05 -0.45875001 -0.45875 -0.45875 -0.45875 -0.19125 -0.19125925 -0.5425 -0.5425 -0.49312432 -0.4925 -0.4925 -0.4925 -0.5175 -0.5175 -0.52383874 -0.525 -0.525 -0.21 -0.21 -0.21 -0.20659557 0.1075 0.1075
-0.13875 -0.13875 -0.13875 -0.33182512 -0.54875 -0.54875 -0.61375 -0.61375 -0.61375 -0.61375 -0.125 -0.125 -0.125 -0.3725 -0.3725 -0.3725 -0.3725 -0.37257271 -1.1875 -1.1875 -0.64375022 -0.64375 -0.64682366 -0.77 -0.76678158 -0.4125 -0.4125 -0.4125 -0.4125 -0.45874529 -0.45875 -0.45875 -0.45875 -0.45875 -0.54249877 -0.5425 -0.5425 -0.5425 -0.54231796 -0.4925 -0.4925 -0.4925 -0.5175 -0.5175 -0.5175 -0.525 -0.525 -0.21 -0.21 -0.21 0.1075 0.1075 0.1075
-0.13875 -0.13875 -0.13875 -0.54875 -0.54875 -0.54875 -0.5487501 -0.61375 -0.61375 -0.12550453 -0.125 -0.125 -0.125 -0.12515421 -0.72864586 -0.8125 -0.8125 -0.8125 -1.1875 -1.1875 -1.1875 -0.77 -0.77 -0.77 -0.76995938 -0.52396142 -0.4125 -0.4125 -0.4125 -0.2544109 -0.20877459 -0.20875 -0.20875 -0.20875 -0.49742328 -0.43500024 -0.435 -0.435 -0.435 -0.5012488 -0.50125 -0.50125 -0.5175 -0.5175 0.02624773 0.026249966 -0.07 -0.07 -0.01625 -0.01625 -0.01625 0.1075 0.42221835
-0.13874945 -0.13875 -0.13875001 -0.54875 -0.54875 -0.54875 -0.54875 -0.625 -0.61379498 -0.12503627 -0.125 -0.125 -0.125 -0.12634906 -0.8125 -0.8125 -0.8125 -0.81250011 -1.1875 -1.1875 -1.1875 -0.77 -0.77 -0.77 -0.625 -0.625 -0.62125 -0.62125 -0.62125 -0.61899968 -0.20875 -0.20875 -0.20875 -0.20875 -0.32181295 -0.435 -0.435 -0.435 -0.435 -0.50125 -0.50125 -0.50125 -0.48465283 0.02625 0.02625 0.02625 -0.07 -0.07 -0.01625 -0.01625 -0.01625 0.42249999 0.4225
0.03875 -0.062159515 -0.60625 -0.60623332 -0.54875 -0.62455882 -0.625 -0.625 -0.55622353 -0.16500001 -0.165 -0.165 -0.165 -0.93872481 -0.93875 -0.8125001 -0.8125 -0.8223807 -1.1875 -1.1875 -1.1875 -1.16375 -1.16375 -1.16375 -0.625 -0.625 -0.62125 -0.62125 -0.62125 -0.62124982 -0.37749893 -0.37749953 -0.21299128 -0.20893091 -0.85800622 -0.85875 -0.85875 -0.85875 -0.85875 -0.50125 -0.50125 -0.50125 -0.0027961476 0.02625 0.02625 0.026249923 -0.07 -0.07 -0.069998065 -0.01625 -0.016232952 0.365 0.4225
-0.48740006 -0.48750002 -0.60625 -0.60625 -0.60625 -0.625 -0.625 -0.625 -0.43625 -0.43625 -0.165 -0.165 -0.165 -0.93875 -0.93875 -0.93875 -0.93875 -0.93877712 -1.1875 -1.1875 -1.1875 -1.16375 -1.16375 -1.16375 -0.625 -0.625 -0.62125 -0.62125 -0.62125 -0.3802483 -0.3775 -0.3775 -0.3775 -0.3775 -0.85851253 -0.85875 -0.85875 -0.85875 -0.85875 -1.0212499 -1.02125 -1.02125 -1.02125 0.026246682 -0.40625 -0.40625 -0.40625 0.25875 0.25875 0.25875 0.365 0.365 0.365
-0.4875 -0.4875 -0.60625 -0.60625 -0.60625 -0.62490145 -0.625 -0.43625 -0.43625 -0.43625 -0.16503339 -0.165 -0.95046114 -0.93875004 -0.93875 -0.93875 -0.93875 -1.48 -1.48 -1.48 -1.365 -1.3649999 -1.163751 -1.16375 -1.1636491 -1.24875 -1.24875 -1.2487485 -0.62135141 -0.36875174 -0.36875005 -0.36875153 -0.37748505 -0.37749245 -0.77303244 -0.85875006 -0.85922755 -1.00125 -1.00125 -1.02125 -1.02125 -1.02125 -1.02125 -0.40625 -0.40625 -0.40625 -0.40625 0.25875 0.25875 0.25875 0.365 0.365 0.365
-0.4875 -0.4875 -0.60625 -0.60625 -0.60625 -0.60625 -0.55435639 -0.43625 -0.43625 -0.43625 -0.43663114 -1.12625 -1.12625 -1.12625 -0.93985498 -0.93875 -1.4763932 -1.48 -1.48 -1.48 -1.365 -1.365 -1.365 -1.365 -1.24875 -1.24875 -1.24875 -1.24875 -1.24875 -0.36875 -0.36875 -0.36875 -0.36875 -0.3687506 -0.65125 -1.00125 -1.00125 -1.00125 -1.00125 -1.0012506 -1.18 -1.18 -1.18 -0.95342997 -0.48375 -0.48375 -0.48375 0.25874998 0.25874985 0.10625 0.10625 0.21628619 0.21625
-0.4875 -0.4875 -0.56338959 -0.60625 -0.60625 -0.60625002 -1.5979349 -0.4399175 -0.43625 -0.43625 -1.1262501 -1.12625 -1.12625 -1.12625 -1.12625 -1.1109339 -1.48 -1.48 -1.48 -1.48 -1.3650009 -1.365 -1.365 -1.365 -1.24875 -1.24875 -1.24875 -1.24875 -1.24875 -0.80935276 -0.36875 -0.36875 -0.36875 -0.65125 -0.65125 -0.65152178 -1.00125 -1.00125 -0.92738532 -0.87000001 -1.18 -1.18 -1.18 -0.95604891 -0.48375 -0.48375 -0.48375 -0.21625 0.10223168 0.10625 0.10625 0.21625 0.21625
-1.3975 -1.3975 -1.3975 -0.80463813 -0.6081179 -1.6 -1.6 -1.6 -1.6 -1.405 -1.405 -1.12625 -1.12625 -1.12625 -1.12625 -1.1262724 -1.48 -1.48 -1.48 -1.48 -1.4151823 -1.365 -1.365 -1.3597986 -1.1699236 -1.24875 -1.24875 -1.24875 -0.965 -0.965 -0.965 -0.9649975 -0.65125 -0.65125 -0.65125 -0.65125 -0.87 -0.87 -0.87 -0.87 -1.0075 -1.0075 -1.0075 -0.40876204 -0.40875 -0.40875 -0.40875002 -0.21625 -0.21625 0.10585705 0.10625 0.21624795 0.21625
-1.3975 -1.3975 -1.3975 -1.3975261 -1.88125 -1.8403516 -1.6 -1.6 -1.6 -1.405 -1.405 -1.405 -1.23875 -1.23875 -1.23875 -1.23875 -1.4798947 -1.48 -1.48 -1.48 -1.4782453 -1.1662505 -1.16625 -1.16625 -1.16625 -1.16625 -1.15125 -1.15125 -0.965 -0.965 -0.965 -0.965 -0.65125022 -0.65125 -0.65125 -0.65127454 -0.86999999 -0.87 -0.87 -0.86874427 -1.0075 -1.0075 -1.0075 -0.40877777 -0.40875 -0.40875 -0.40875 -0.21625 -0.21625 -0.21625 -0.19125 -0.19125 0.03125
-1.3975 -1.3975 -1.3975 -1.8812489 -1.88125 -1.88125 -1.6000001 -1.6 -1.6 -1.405 -1.405 -1.405 -1.23875 -1.23875 -1.23875 -1.2527443 -1.4225 -1.4225 -1.4225001 -1.4796752 -1.16625 -1.16625 -1.16625 -1.16625 -1.16625 -1.1662387 -1.15125 -1.15125 -1.15125 -0.965 -0.965 -0.9650008 -0.9525 -0.9525 -0.9525 -0.5875 -0.5875 -0.58375 -0.58375 -0.58375 -0.20875 -1.0072495 -1.007493 -0.0725 -0.0725 -0.085243493 -0.40874879 -0.21625 -0.21625 -0.19125 -0.19125 -0.19125 0.03125
-1.3975 -1.3975 -1.3975 -1.88125 -1.88125 -1.88125 -1.88125 -1.6 -1.6 -1.405 -1.405 -1.2453976 -1.23875 -1.23875 -1.23875 -1.4225 -1.4225 -1.4225 -1.4225 -1.4225 -1.16625 -1.16625 -1.16625 -1.16625 -1.16625 -1.1512501 -1.15125 -1.15125 -1.15125 -0.96625 -0.96625 -0.96625 -0.9525 -0.9525 -0.9525 -0.5875 -0.5875 -0.58375 -0.58375 -0.20875 -0.20875 -0.20875 -0.0725 -0.0725 -0.0725 -0.0725 -0.048985326 0.21375 0.21375 0.21375 -0.19124999 0.12125 0.12125
-1.3975 -1.3975 -1.3981736 -1.88125 -1.88125 -1.88125 -1.88125 -1.638487 -1.62625 -1.6258701 -1.405 -1.2387494 -1.23875 -1.23875 -1.2387506 -1.4225 -1.4225 -1.4225 -1.4225 -1.4225 -0.9756694 -1.16625 -1.16625 -1.16625 -1.1662454 -1.1512496 -1.15125 -1.15125 -1.15125 -0.96625 -0.96625 -0.96625 -0.96624555 -0.9525 -0.5875 -0.5875 -0.5875 -0.58749969 -0.58372443 -0.20875 -0.20875 -0.20875 -0.072508271 -0.0725 -0.0725 -0.0725 0.21374976 0.21375 0.21375 0.21375 0.12125 0.12125 0.12125
-1.51 -1.5099998 -1.8809825 -1.88125 -1.88125 -1.88125 -1.6263043 -1.62625 -1.62625 -1.62625 -1.23125 -1.23125 -1.23125 -1.23125 -1.4216173 -1.4225 -1.4225 -1.4225 -1.4225 -0.96750027 -0.9675 -0.9675 -1.14375 -1.14375 -1.14375 -1.14375 -1.1443973 -1.15125 -0.66501991 -0.665 -0.665 -0.665 -0.665 -0.3675 -0.3675 -0.3675 -0.3675 -0.3675 -0.33625 -0.33625 -0.33625 -0.33625 -0.33625 0.19210053 0.1925 0.1925 0.1925 0.21375 0.21375 0.21375 0.12126457 0.12125 0.12125
-1.51 -1.51 -1.5064313 -1.0837516 -1.0837502 -1.0842794 -1.62625 -1.62625 -1.62625 -1.62625 -1.23125 -1.23125 -1.23125 -1.23125 -1.23125 -1.4225 -1.4225 -1.4225 -0.96750011 -0.9675 -0.9675 -0.9675 -1.14375 -1.14375 -1.14375 -1.14375 -1.14375 -1.1437511 -0.66491456 -0.665 -0.665 -0.665 -0.66496568 -0.23002636 -0.36735765 -0.3675 -0.3675 -0.3675 -0.33625 -0.33625 -0.33625 -0.33625 -0.33625 0.1925 0.1925 0.1925 0.1925 0.20243692 0.21375 0.63277225 0.6375 0.3675 0.3675
-1.51 -1.51 -1.083804 -1.08375 -1.08375 -1.08375 -1.2215427 -1.62625 -1.62625 -1.62625 -1.23125 -1.23125 -1.23125 -1.23125 -1.23125 -1.4223534 -1.4225 -0.9676334 -0.9675 -0.9675 -0.9675 -0.9675 -1.078457 -1.14375 -1.14375 -1.14375 -1.14375 -1.1432543 -0.44375 -0.44375 -0.44375 -0.44375 -0.44375 -0.125 -0.125 -0.125 -0.125 -0.125 -0.0575 -0.0575 -0.0575 -0.0575 -0.057500003 0.19275332 0.19250005 0.1925 0.19251759 0.1946802 0.6375 0.6375 0.6375 0.36750151 0.3675
-1.5099994 -1.1692749 -1.08375 -1.08375 -1.08375 -1.08375 -1.08375 -1.626019 -1.62625 -1.62625 -1.23125 -1.23125 -1.23125 -1.23125 -1.293584 -1.295 -1.295 -0.96750843 -0.9675 -0.9675 -0.9675 -0.9675 -0.96750011 -1.14375 -1.14375 -1.14375 -1.14375 -0.5674999 -0.56749994 -0.54116299 -0.44375 -0.44375 -0.44375 -0.125 -0.125 -0.125 -0.125 -0.12495259 -0.0575 -0.0575 -0.0575 -0.0575 -0.05747261 0.29625 0.29625 0.29625 0.29625 0.29627752 0.6375 0.6375 0.6375 0.6375 0.63844996
