interpolatedSpi/04-10|21_1.tif
NCOLS 53
NROWS 52
XLLCORNER -116.03883
YLLCORNER 28.596182
DX 0.49850594
DY 0.49788537
NODATA_VALUE -9999
[rows 0 to 27 of 52, columns 0 to 52 of 53]
-0.53428571 -0.53428571 -0.59585836 -0.64714286 -0.53857143 -0.70142857 -0.65571429 -0.65857143 -0.76389092 -0.83 -1.0614286 -0.76714286 -0.92855814 -0.76714286 -0.61 -0.61 -0.61 -0.57 -0.94142857 -0.94142857 -0.94142857 -0.94142155 -0.21285715 -1.0371429 -1.0371429 -1.0371429 -0.80714176 -0.80714286 -0.80714286 -0.49857143 -0.49857143 -0.49857143 -0.49857143 -0.8071428 -0.80714286 -0.80714286 -0.80714286 -0.80714286 -0.80714286 -0.80714285 -0.64460787 -0.64272816 -0.13571429 -0.13571429 -0.13571429 -0.13571429 -0.13556262 -0.042857143 -0.042857143 -0.042857143 0.1999995 0.2 0.2
-0.53430107 -0.88 -0.53428529 -0.54574166 -0.79565367 -0.36571429 -0.59714286 -0.70990704 -1.0971429 -0.96714286 -0.92 -0.92857143 -0.92857143 -1.0789568 -0.76714525 -0.61 -0.57 -0.57 -0.94094428 -0.94142857 -0.94142857 -0.94142857 -1.0482718 -1.0371429 -1.0371429 -1.0371429 -0.93428572 -0.93428571 -0.49857143 -0.49857143 -0.49857143 -0.49857143 -0.49857143 -0.80714281 -0.80714286 -0.80714286 -0.80714286 -0.80714286 -0.80714287 -0.79808522 -0.72288054 -0.20695965 -0.13571429 -0.13571429 -0.13571429 -0.13571429 -0.13571429 -0.042857143 -0.042857143 -0.042857143 -0.022719196 0.2 0.2
-0.74142208 -0.74142857 -0.17 -0.33571429 -0.33285714 -0.48428571 -0.19714286 -0.61571429 -0.88142857 -0.79571429 -1.0614286 -0.98 -0.77142857 -0.70285714 -1.08 -0.91714286 -0.57 -0.57 -0.57 -0.84717027 -0.84714286 -0.84714286 -1.2485714 -1.0371429 -1.0371429 -1.0371429 -0.93428571 -0.93428571 -0.93428571 -0.49857143 -0.49857143 -0.49857143 -0.53845886 -0.80741932 -0.80932356 -1.0392817 -1.0414286 -1.0414286 -1.0013607 -0.72285715 -0.72285714 -0.72210634 -0.13571429 -0.13571429 -0.13571429 -0.13571429 -0.13571429 -0.042857143 -0.042857143 -0.042857143 -0.042857142 0.2 0.2
-0.21571429 -0.74142851 -0.41997571 -0.02 -0.28571429 -0.34 -0.18714286 -0.37857143 -0.35857143 -0.94627033 -0.73571429 -0.94571428 -0.95857143 -0.70285714 -0.65571429 -0.91714286 -1.1609772 -1.1624418 -1.0557143 -0.84714286 -0.84714286 -1.2242857 -1.2485714 -1.2485714 -1.0371429 -1.0371423 -0.93428571 -0.93428571 -0.93428571 -0.66 -0.61688961 -0.58142857 -0.58142857 -0.58142893 -1.0414286 -1.0414286 -1.0414286 -1.0414286 -0.72285714 -0.72285714 -0.72285714 -0.72285712 -0.13571429 -0.13571429 -0.13571429 -0.13571429 -0.13571429 -0.042858314 -0.042857143 -0.042857143 -0.042857143 0.1999735 0.2
-0.21571429 0.01142778 -0.42 -0.55490744 -0.28571429 -0.30428571 -0.51572225 -0.62714286 -0.56285714 -0.46142864 -0.55584793 -0.6014431 -0.70285714 -0.65571429 -0.65571429 -0.83449617 -1.1628571 -1.1628571 -1.0557143 -1.0557143 -0.84714355 -1.2242857 -0.84714286 -0.64428571 -0.51 -0.50990121 -0.93428571 -0.93428571 -0.66 -0.66 -0.58142857 -0.58142857 -0.58142857 -0.60028581 -1.0414286 -1.0414286 -1.0414286 -0.72285714 -0.72285714 -0.72285714 -0.72285714 -0.72282846 -0.13571429 -0.13571429 -0.13571429 -0.13571429 -0.13571429 -0.13488774 -0.042857143 -0.042882638 -0.61142857 -0.61142857 -0.61142857
-1.1414286 -0.43142857 -0.37142857 -0.55142857 -0.53857143 -0.56571429 -0.70142857 -0.69191787 -0.31285714 -0.082857143 -0.33857143 0.0085714286 0.0085709595 -1.1228571 -1.1228571 -1.2570404 -1.2571429 -0.98857143 -0.98857143 -1.0557139 -0.67428571 -0.67428571 -0.64428571 -0.51 -0.51 -0.087142857 -0.29142857 -0.29142857 -0.49572913 -0.66 -0.58142857 -0.58142857 -0.68142857 -0.68139036 -0.31574058 -0.70571429 -0.70571429 -0.71755361 -0.72285714 -0.72285714 -0.42608489 -0.42571429 -0.42571385 -0.48234253 -0.48853243 -0.48857133 -0.48857142 -0.48857129 -0.21128671 -0.61142857 -0.61142857 -0.61142857 -0.61142857
-0.02999962 -0.29285714 -0.17587102 -0.16 -0.38 -0.62285714 -0.34571428 -0.42142857 -0.46571429 -0.46571429 -0.33857143 -0.67142857 -1.1657142 -1.1228571 -0.83285801 -0.83285714 -1.2571429 -0.68428571 -0.58571429 -0.58571429 -0.62917893 -0.57857143 -0.57857143 -0.11857143 -0.087142857 -0.087142857 -0.29142857 -0.29142857 -0.49571087 -0.49565144 -0.40865992 -0.68142857 -0.68142857 -0.31571429 -0.31571429 -0.62946468 -0.70571429 -0.70571429 -0.6742868 -0.42571463 -0.42571429 -0.42571429 -0.42571083 -0.48856806 -0.48857143 -0.48857143 -0.48857143 -0.48857123 -0.14857143 -0.61133685 -0.61142857 -0.61142857 -0.61142857
-0.03 0.13428571 -0.077142857 -0.60857143 -0.65999705 -0.45714286 -0.17 -0.72142857 -0.68857143 -0.61571429 -0.61571429 -0.81571429 -1.1657143 -1.1657143 -0.83514085 -0.91222311 -0.92 -0.59428571 -0.52000007 -0.58571429 -0.40095733 -0.40714286 -0.22428571 0.05142857 0.051429824 0.14857143 -0.31857143 -0.31857142 -0.4373481 -0.43714286 -0.40857143 -0.57806179 -0.71428571 -0.31571429 -0.31693662 -0.56571429 -0.56571429 -0.67428571 -0.67428571 -0.42571429 -0.42571429 -0.42571428 0.11410386 0.11571425 -0.48857143 -0.48857143 -0.48857143 -0.14858437 -0.14857143 -0.14857143 -0.61142857 -0.61142857 -0.61142857
0.10719365 0.13428572 0.37571429 -0.29714286 -0.12857143 -0.32571429 -0.35142857 -0.40142857 -0.58714286 -0.48689356 -0.53857143 -0.7 -0.7 -0.69714286 -0.6971403 -0.61513777 -0.61428571 -0.61428571 -0.58294589 -0.25857144 -0.33428571 -0.33428572 -0.23285714 -0.22766357 0.13878199 0.14857143 -0.31285714 -0.31857143 -0.29584711 -0.29571429 -0.54 -0.38428571 -0.26413 -0.57571429 -0.35857143 -0.41285714 -0.44142857 -0.57285714 -0.494322 -0.42492356 -0.24857143 -0.071428572 0.1157087 0.11571429 0.11231304 -0.48857143 -0.47571429 -0.14857143 -0.14857143 -0.14857143 -0.14857143 -0.61231791 -0.15285714
-0.044285714 -0.044285714 0.61 0.032857143 -0.041428571 -0.29142857 -0.58571429 -0.29 -0.35857143 -0.46144551 -0.70857143 -0.32714286 -0.69714286 -0.69714286 -0.42571429 -0.42830063 -0.61428571 -0.6142251 -0.34714286 -0.25857143 -0.25857143 -0.26832597 -0.23285714 -0.21142898 -0.21142857 -0.21142857 -0.31285714 0.12571429 0.12571429 -0.29571429 -0.29571429 -0.38383324 -0.14571429 -0.57571429 -0.18571429 -0.41285714 -0.44142857 -0.49714286 -0.49428571 -0.28768919 -0.071428579 -0.015278122 0.081428571 0.11571429 0.11571429 -0.47571429 -0.47571429 -0.47571429 -0.14857143 -0.14857143 -0.61857143 -0.61857143 -0.61857125
-0.044285714 -0.044285714 0.065714286 -0.21428571 -0.77857143 0.042857143 -0.39428571 -0.68134993 -0.76 -0.58 -0.69571429 -0.73571429 -0.32768733 -0.42571429 -0.42571429 -0.42570621 -0.35571429 -0.35526442 -0.34714286 -0.57714286 -0.57714286 -0.26571429 -0.26571429 -0.21142857 -0.21142857 -0.21142857 0.12571429 0.12571429 0.12571429 -0.21 -0.21 -0.20999989 -0.16142857 -0.16142857 -0.33 -0.40857143 -0.13428571 -0.57570884 -0.64714286 -0.28428571 -0.28428571 -0.26571314 0.081428571 0.11571429 -0.22142855 -0.28428571 -0.24812726 -0.24714286 -0.26857143 -0.26857143 -0.61857143 -0.61857143 -0.61857143
-0.044285714 0.0031317291 -0.053771701 -0.51284968 -0.14714286 -0.5 -0.39428571 -0.68142857 -0.75999934 -0.58199418 -0.73571408 -0.73571429 -0.63285714 -0.42571429 -0.42571429 -0.35571429 -0.35571429 -0.3557138 -0.34714286 -0.57714286 -0.51598462 -0.26571429 -0.26571429 -0.21143145 -0.21142857 -0.18278301 -0.12428571 -0.12428571 -0.12428568 -0.21 -0.21 -0.17428571 -0.17428571 -0.16142903 -0.33 -0.35428576 -0.10244419 -0.57571429 -0.57571429 -0.28428571 -0.26571429 -0.26571429 -0.26571391 -0.22142857 -0.22142857 -0.28428571 -0.24714286 -0.24714286 -0.26857143 -0.26857143 -0.61857143 -0.61857143 -0.61857143
-0.61714286 -0.34864536 -0.3799936 -0.38095706 -0.14714484 -0.49999167 -0.39428572 -0.67789401 -0.75458563 -0.75529972 -0.63285714 -0.63285714 -0.63285714 -0.63285714 -0.42574363 -0.35571429 -0.35571429 -0.35560361 -0.34714286 -0.57726042 -0.98857143 -0.98857143 -0.98857143 -0.98857143 -0.22449864 -0.12428571 -0.12428571 -0.12428571 -0.12428571 -0.12436495 -0.17428571 -0.17428571 -0.17428571 -0.17428571 -0.35428571 -0.35428571 -0.35428571 -0.56429107 -0.57494177 -0.47285714 -0.47285714 -0.26572543 -0.54713171 -0.22145994 -0.22142857 -0.28428571 -0.24714286 -0.24714286 -0.26857143 -0.26857143 -0.61730167 -0.61857143 -0.44084148
-0.61714286 -0.38 -0.38 -0.38 -0.38 -0.38000005 -0.39455625 -0.53016123 -0.74014054 -0.6329896 -0.63285714 -0.63285714 -0.63285714 -0.63285714 -0.63285725 -0.35571429 -0.35571428 -0.35512634 -0.34714505 -0.98857143 -0.98857143 -0.98857143 -0.98857143 -0.98857143 -0.97254075 -0.19807751 -0.22999998 -0.23 -0.23 -0.23 -0.17428571 -0.17428571 -0.17428574 -0.19428571 -0.19428571 -0.35428571 -0.19040197 -0.18571429 -0.47285698 -0.47285714 -0.47285714 -0.47285714 -0.54714286 -0.54714286 -0.54714286 -0.54531361 -0.72970463 -0.73285714 -0.73285714 -0.73285714 -0.73285713 -0.26714293 -0.26714286
-1.0285714 -0.38 -0.38 -0.38 -0.38 -0.38 -0.38 -0.46181711 -0.79097592 -0.79142857 -0.79142857 -0.79142857 -0.79142857 -0.79142857 -0.79142857 -0.77318086 -0.36233338 -0.35454071 -0.98849078 -0.98857143 -0.98857143 -0.98857143 -0.98857143 -0.9885707 -0.24714286 -0.24714286 -0.24714283 -0.23 -0.23 -0.22954802 -0.0042857143 -0.0042857143 -0.19428571 -0.19428571 -0.19428571 -0.18708724 -0.18571429 -0.18571429 -0.18571429 -0.47285714 -0.47285714 -0.47285714 -0.54714286 -0.54714286 -0.54714286 -0.54714286 -0.73285714 -0.73285714 -0.73285714 -0.73285714 -0.73285714 -0.26714286 -0.26714286
-1.0285714 -0.78711565 -0.38 -0.38 -0.38 -0.38 -0.46141259 -0.46142857 -0.46142858 -0.79142857 -0.79142857 -0.79142857 -0.79142857 -0.79142857 -0.78733158 -0.77285714 -0.77285714 -0.77285714 -0.36761145 -0.36571492 -0.36571429 -0.36571429 -0.36571429 -0.36571429 -0.24714286 -0.24714286 -0.24714286 -0.24714286 -0.23 -0.0042857143 -0.0042857143 -0.0042857143 -0.1942857 -0.19428571 -0.19428571 0.032857143 -0.18542489 -0.18571429 -0.18571429 -0.47277957 -0.31814315 0.042740088 -0.54714286 -0.54714286 -0.60980602 -0.61 -0.61 -0.7322703 -0.37696234 -0.37571432 -0.37571435 -0.012895722 -0.26714234
-1.0285714 -0.61846127 -0.49494474 -0.38 -0.38 -0.46138046 -0.46142857 -0.46142857 -0.46142857 -0.46380665 -0.79142857 -0.79142857 -0.79142857 -0.79142857 -0.77285714 -0.77285714 -0.77285714 -0.77285714 -0.36607798 -0.36571429 -0.36571429 -0.36571429 -0.36571429 -0.36571429 -0.24714286 -0.24714286 -0.24714286 -0.24714286 -0.2462595 -0.0042857143 -0.0042857143 -0.0042857143 0.012857142 -0.19425761 0.032857143 0.032857143 0.032857143 0.0363742 0.029735253 0.044285714 0.044285714 0.044285714 -0.49714286 -0.49714286 -0.61 -0.61 -0.61 -0.37571429 -0.37571429 -0.37571429 -0.37571429 -0.012857143 -0.012857143
-0.6074084 -0.60714286 -0.60714286 -0.60714285 -0.37142857 -0.46142625 -0.46142857 -0.46142857 -0.46142857 -0.46142857 -0.77390741 -0.79142556 -0.79142856 -0.77285714 -0.77285714 -0.77285714 -0.77285714 -0.77285714 -0.71893452 -0.36571429 -0.36571429 -0.36571429 -0.36571429 -0.36571429 -0.27750752 -0.2257144 -0.22571429 -0.22571429 -0.22571429 -0.0042857134 0.012857143 0.012857143 0.012857143 0.012857143 0.032857143 0.032865608 0.35428571 0.35428571 0.048156526 0.044285714 0.044285714 0.044285714 -0.49714286 -0.49714286 -0.59252583 -0.61 -0.61 -0.37571429 -0.37571429 -0.37571429 -0.37182351 -0.012857143 -0.012857143
-0.60714286 -0.60714286 -0.60714286 -0.49614148 -0.37142857 -0.37142857 -0.46142857 -0.46142857 -0.46142857 -0.46142857 -0.56 -0.56 -0.56 -0.77285714 -0.77285714 -0.77285714 -0.77285714 -0.77275209 -0.42428571 -0.42428571 -0.36571431 -0.36571429 -0.36481001 -0.32857143 -0.32764545 -0.22571429 -0.22571429 -0.22571429 -0.22571429 0.01283285 0.012857143 0.012857143 0.012857143 0.012857143 0.35428458 0.35428571 0.35428571 0.35428571 0.35317398 0.044285714 0.044285714 0.044285714 -0.49714286 -0.49714286 -0.49714286 -0.61 -0.61 -0.37571429 -0.37571429 -0.37571429 -0.012857143 -0.012857143 -0.012857143
-0.60714286 -0.60714286 -0.60714286 -0.37142857 -0.37142857 -0.37142857 -0.37142871 -0.46142857 -0.46142857 -0.55989825 -0.56 -0.56 -0.56 -0.56013261 -0.25829575 -0.13714286 -0.13714286 -0.13714286 -0.42428571 -0.42428571 -0.42428571 -0.32857143 -0.32857143 -0.32857143 -0.32846778 -0.085591363 -0.22571429 -0.22571429 -0.22571429 -0.046078363 -0.05285068 -0.052857143 -0.052857143 -0.052857143 0.19892827 -0.018570582 -0.018571429 -0.018571429 -0.018571429 -0.1628288 -0.16285714 -0.16285714 -0.49714286 -0.49714286 -0.39000045 -0.38999998 -0.33857143 -0.33857143 -0.15142857 -0.15142857 -0.15142857 -0.012857143 0.077062386
-0.60714037 -0.60714286 -0.60714285 -0.37142857 -0.37142857 -0.37142857 -0.37142857 -0.1200001 -0.46006341 -0.55969299 -0.56 -0.56 -0.56 -0.55917024 -0.13714286 -0.13714286 -0.13714286 -0.13714294 -0.42428571 -0.42428571 -0.42428571 -0.32857143 -0.32857143 -0.32857143 0.041428571 0.041428571 -0.12142857 -0.12142857 -0.12142857 -0.12105449 -0.052857143 -0.052857143 -0.052857143 -0.052857143 -0.035723759 -0.018571429 -0.018571429 -0.018571429 -0.018571429 -0.16285714 -0.16285714 -0.16285714 -0.17000393 -0.39 -0.39 -0.39 -0.33857143 -0.33857143 -0.15142857 -0.15142857 -0.15142857 0.077142849 0.077142857
0.19428571 -0.18257791 -0.41857143 -0.41855775 -0.37142857 -0.12145476 -0.12 -0.12 -0.1173973 -0.22142857 -0.22142857 -0.22142857 -0.22142857 0.31998237 0.32 -0.13714251 -0.13714286 -0.14470865 -0.42428571 -0.42428571 -0.42428571 0.20142857 0.20142857 0.20142857 0.041428571 0.041428571 -0.12142857 -0.12142857 -0.12142857 -0.12142854 -0.078571265 -0.078571356 -0.053503433 -0.05288471 -0.38961287 -0.39 -0.39 -0.39 -0.39 -0.16285714 -0.16285714 -0.16285714 -0.37749278 -0.39 -0.39 -0.38999999 -0.33857143 -0.33857143 -0.33856469 -0.15142857 -0.15143975 -0.40142857 0.077142857
-0.022815907 -0.022857212 -0.41857143 -0.41857143 -0.41857143 -0.12 -0.12 -0.12 -0.11285714 -0.11285714 -0.22142857 -0.22142857 -0.22142857 0.32 0.32 0.32 0.32 0.31991566 -0.42428571 -0.42428571 -0.42428569 0.20142857 0.20142857 0.20142857 0.041428571 0.041428571 -0.12142857 -0.12142857 -0.12142857 -0.079054646 -0.078571429 -0.078571429 -0.078571429 -0.078571429 -0.38984633 -0.39 -0.39 -0.39 -0.39 -0.13285715 -0.13285714 -0.13285714 -0.13285714 -0.38999957 -0.33428571 -0.33428571 -0.33428571 -0.46 -0.46 -0.46 -0.40142857 -0.40142857 -0.40142857
-0.022857143 -0.022857143 -0.41857143 -0.41857143 -0.41857143 -0.12156934 -0.12 -0.11285714 -0.11285714 -0.11285714 -0.22141521 -0.22142857 0.024876167 0.31999995 0.32 0.32 0.32 0.095714286 0.095714286 0.095714286 -0.21714285 -0.21714255 0.20142653 0.20142857 0.20106435 -0.33714286 -0.33714286 -0.33714234 -0.12146343 -0.14570091 -0.14571393 -0.14570256 -0.078686183 -0.078629372 -0.33457697 -0.38999991 -0.38922922 -0.16 -0.16 -0.13285714 -0.13285714 -0.13285714 -0.13285714 -0.33428571 -0.33428571 -0.33428571 -0.33428571 -0.46 -0.46 -0.46 -0.40142857 -0.40142857 -0.40142857
-0.022857143 -0.022857143 -0.41857143 -0.41857143 -0.41857143 -0.41857143 -0.11732664 -0.11285714 -0.11285714 -0.11285714 -0.11275061 0.08 0.08 0.08 0.31858562 0.32 0.09720887 0.095714286 0.095714286 0.095714286 -0.21714286 -0.21714286 -0.21714286 -0.21714286 -0.33714286 -0.33714286 -0.33714286 -0.33714286 -0.33714286 -0.14571429 -0.14571429 -0.14571429 -0.14571429 -0.14571453 -0.26285714 -0.16 -0.16 -0.16 -0.16 -0.15999999 -0.16 -0.16 -0.16 -0.25715855 -0.45857143 -0.45857143 -0.45857143 -0.46 -0.45999981 -0.26 -0.26 -0.12720958 -0.12714286
-0.022857143 -0.022857143 -0.27574636 -0.41857143 -0.41857143 -0.41857142 -0.052963615 -0.11266806 -0.11285714 -0.11285714 0.08000003 0.08 0.08 0.08 0.08 0.099674365 0.095714286 0.095714286 0.095714286 0.095714286 -0.21714044 -0.21714286 -0.21714286 -0.21714286 -0.33714286 -0.33714286 -0.33714286 -0.33714286 -0.33714286 -0.24811253 -0.14571429 -0.14571429 -0.14571429 -0.26285714 -0.26285714 -0.26277727 -0.16 -0.16 -0.082818946 -0.022857155 -0.16 -0.16 -0.16 -0.25425454 -0.45857143 -0.45857143 -0.45857143 0.27714286 -0.25330725 -0.26 -0.26 -0.12714286 -0.12714286
-0.012857143 -0.012857143 -0.012857143 -0.3168477 -0.41804418 -0.052857143 -0.052857143 -0.052857143 -0.052857143 0.22285714 0.22285714 0.08000001 0.08 0.08 0.08 0.080001005 0.095714286 0.095714286 0.095714286 0.095714286 -0.080622149 -0.21714286 -0.21714286 -0.21942342 -0.3057488 -0.33714286 -0.33714286 -0.33714286 -0.28428571 -0.28428571 -0.28428571 -0.28428513 -0.26285714 -0.26285714 -0.26285714 -0.26285714 -0.022857143 -0.022857143 -0.022857143 -0.022857143 -0.047142857 -0.047142857 -0.047142857 0.012855937 0.012857143 0.012857143 0.012856994 0.27714286 0.27714286 -0.25934552 -0.26 -0.12713957 -0.12714286
-0.012857143 -0.012857143 -0.012857143 -0.012859682 -0.06 -0.058961311 -0.052857143 -0.052857143 -0.052857143 0.22285714 0.22285714 0.22285714 0.29571428 0.29571429 0.29571429 0.29571427 0.095209226 0.095714286 0.095714286 0.095714286 0.090965501 -0.30428548 -0.30428571 -0.30428571 -0.30428571 -0.30428572 -0.34142857 -0.34142857 -0.28428571 -0.28428571 -0.28428571 -0.28428571 -0.26285691 -0.26285714 -0.26285714 -0.26283085 -0.022857149 -0.022857143 -0.022857143 -0.023715708 -0.047142857 -0.047142857 -0.047142857 0.01285436 0.012857143 0.012857143 0.012857143 0.27714286 0.27714286 0.27714289 0.52571429 0.52571429 0.50428571
