interpolatedSpi/04-12|19_1.tif
NCOLS 53
NROWS 52
XLLCORNER -116.03883
YLLCORNER 28.596182
DX 0.49850594
DY 0.49788537
NODATA_VALUE -9999
0.227 0.227 0.068943589 -0.177 -0.088 -0.206 -0.114 -0.304 -0.43304929 -0.422 -0.397 -0.241 -0.50300025 -0.506 -0.556 -0.556 -0.556 -0.145 -0.248 -0.248 -0.248 -0.24800286 -0.545 -0.383 -0.383 -0.383 -0.45499789 -0.455 -0.455 -0.487 -0.487 -0.487 -0.487 -0.53499999 -0.535 -0.535 -0.535 -0.535 -0.535 -0.53499999 0.011117954 0.016886682 -0.428 -0.428 -0.428 -0.428 -0.42862394 -0.81 -0.81 -0.81 0.13299804 0.133 0.133 
0.22700493 0.338 0.038000579 0.072322003 0.10481651 0.061 0.251 -0.23492536 -0.59 -0.492 -0.338 -0.503 -0.503 -0.10932712 -0.50599563 -0.556 -0.145 -0.145 -0.2478657 -0.248 -0.248 -0.248 -0.39721201 -0.383 -0.383 -0.383 -0.397 -0.397 -0.487 -0.487 -0.487 -0.487 -0.487 -0.53499999 -0.535 -0.535 -0.535 -0.535 -0.53499994 -0.42471507 0.10398265 -0.36344595 -0.428 -0.428 -0.428 -0.428 -0.428 -0.81 -0.81 -0.81 -0.73180554 0.133 0.133 
0.4619897 0.462 0.54 0.567 0.113 -0.074 0.034 0.086 -0.212 -0.286 -0.262 -0.387 -0.213 -0.429 -0.108 -0.702 -0.145 -0.145 -0.145 -0.38496017 -0.385 -0.385 -0.653 -0.383 -0.383 -0.383 -0.397 -0.397 -0.397 -0.487 -0.487 -0.48700001 -0.58809401 -0.53354432 -0.52759094 0.25370588 0.261 0.261 0.24125354 0.104 0.104 0.10331971 -0.428 -0.428 -0.428 -0.428 -0.428 -0.81 -0.81 -0.81 -0.81 0.133 0.133 
0.38 0.46199988 -0.1090098 0.394 -0.043 0.105 -0.03 -0.386 -0.28 -0.1922456 -0.366 -0.563 -0.307 -0.429 -0.427 -0.702 -0.45589744 -0.4537835 -0.52 -0.385 -0.385 -0.555 -0.653 -0.653 -0.383 -0.38300007 -0.397 -0.397 -0.397 -0.753 -0.72227405 -0.697 -0.697 -0.69699925 0.261 0.261 0.261 0.261 0.104 0.104 0.104 0.10399998 -0.428 -0.428 -0.428 -0.428 -0.428 -0.80999518 -0.81 -0.81 -0.81 0.13298138 0.133 
0.38 0.18999945 -0.109 -0.25751331 -0.043 -0.159 -0.28498919 -0.328 -0.342 -0.32500013 -0.44117108 -0.49599628 -0.47 -0.427 -0.427 -0.6071056 -0.454 -0.454 -0.52 -0.52 -0.38500035 -0.555 -0.583 -0.529 -0.462 -0.46195204 -0.397 -0.397 -0.753 -0.753 -0.697 -0.697 -0.697 -0.65702252 0.261 0.261 0.261 0.104 0.104 0.104 0.104 0.10397876 -0.428 -0.428 -0.428 -0.428 -0.428 -0.43140027 -0.81 -0.80998327 -0.437 -0.437 -0.437 
-0.976 0.166 0.44000001 -0.139 0.104 0.019 -0.266 -0.27393778 -0.436 -0.392 -0.553 -0.549 -0.54899995 -0.782 -0.782 -0.32496065 -0.325 -0.346 -0.346 -0.51999984 -0.633 -0.633 -0.529 -0.462 -0.462 -0.257 -0.902 -0.902 -0.49302366 -0.753 -0.697 -0.697 -0.485 -0.48501797 -0.65698767 -0.688 -0.688 -0.14102328 0.104 0.104 -0.11572561 -0.116 -0.11599926 -0.1951837 -0.19102619 -0.19100006 -0.19100001 -0.19100009 -0.023918176 -0.437 -0.437 -0.437 -0.437 
-0.3810029 0.381 -0.016006188 0.191 0.347 -0.318 -0.295 -0.381 -0.59 -0.59 -0.553 -0.412 -0.48899995 -0.782 -0.16200186 -0.162 -0.325 -0.291 -0.335 -0.335 -0.5524137 -0.462 -0.462 -0.233 -0.257 -0.257 -0.902 -0.902 -0.49300216 -0.4930397 -0.39142893 -0.485 -0.485 -0.657 -0.657 -0.3900819 -0.688 -0.688 -0.69599972 -0.11600081 -0.116 -0.116 -0.11599539 -0.19099801 -0.191 -0.191 -0.191 -0.19099984 0.074 -0.43689873 -0.437 -0.437 -0.437 
-0.381 -0.617 0.24 -0.302 -0.042014905 -0.381 -0.462 -0.474 -0.675 -0.444 -0.444 -0.281 -0.489 -0.489 -0.16424352 -0.3186502 -0.334 -0.134 -0.40099993 -0.335 -0.23673426 -0.215 -0.329 -0.354 -0.35399974 -0.334 -0.384 -0.38400018 -0.52987035 -0.53 -0.391 -0.25729824 -0.491 -0.657 -0.64296757 -0.141 -0.141 -0.696 -0.696 -0.116 -0.116 -0.11599999 0.16600666 0.16599998 -0.191 -0.191 -0.191 0.073989913 0.074 0.074 -0.437 -0.437 -0.437 
-0.58058827 -0.61699999 0.035 0.448 0.248 -0.279 -0.234 -0.047 -0.393 -0.15376872 -0.318 -0.242 -0.242 -0.184 -0.18399684 -0.51648996 -0.517 -0.517 -0.17475796 -0.16700006 -0.471 -0.471 -0.191 -0.27461647 -0.33601547 -0.334 -0.276 -0.384 -0.37306392 -0.373 -0.192 -0.029 -0.076848753 -0.068 -0.165 -0.2 -0.274 -0.49 -0.074192092 -0.11462516 0.192 0.204 0.16602133 0.166 0.16399061 -0.191 -0.115 0.073999998 0.074 0.074 0.074 -0.36154849 -0.101 
-0.377 -0.377 -0.27 0.118 -0.23 -0.546 -0.268 -0.23 -0.027 -0.093002223 -0.092 -0.186 -0.184 -0.184 0.152 0.14282436 -0.517 -0.51688917 -0.062 -0.167 -0.167 -0.20616539 -0.191 -0.41099583 -0.411 -0.411 -0.276 0.145 0.145 -0.373 -0.373 -0.029180178 -0.124 -0.068 -0.104 -0.2 -0.274 -0.458 -0.074 0.57038443 0.204 0.23816256 0.297 0.166 0.166 -0.115 -0.115 -0.115 0.074 0.074 0.169 0.169 0.1689999 
-0.377 -0.377 -0.419 -0.739 -0.468 -0.125 -0.386 -0.13526485 -0.297 -0.222 0.149 -0.172 -0.18598136 0.152 0.152 0.15201211 0.257 0.24025738 -0.062 0.091 0.091 0.168 0.168 -0.411 -0.411 -0.411 0.145 0.145 0.145 6.6613381e-17 6.6613381e-17 -2.0443262e-07 0.027 0.027 -0.23 -0.195 0.095 -0.34799921 -0.037 0.581 0.581 0.27500007 0.297 0.166 0.36599996 0.367 0.35496721 0.357 0.605 0.605 0.169 0.169 0.169 
-0.377 -0.39523651 -0.55555541 -0.76099419 -0.461 -0.315 -0.386 -0.135 -0.29699865 -0.22283091 -0.17200006 -0.172 0.224 0.152 0.152 0.257 0.257 0.25698184 -0.062 0.091 0.10612123 0.168 0.168 -0.41097651 -0.411 -0.22034265 0.169 0.169 0.169 6.6632962e-17 6.6771382e-17 0.076 0.076 0.026999295 -0.23 0.36199971 0.038876353 -0.348 -0.348 0.58099999 0.275 0.275 0.27500066 0.366 0.366 0.367 0.357 0.357 0.605 0.605 0.169 0.169 0.169 
-0.395 -0.22502075 -0.20401956 -0.20803198 -0.4609993 -0.31500345 -0.386 -0.13808967 -0.28583654 -0.29504155 0.224 0.224 0.224 0.224 0.1520102 0.257 0.257 0.2528812 -0.062 0.091076278 0.358 0.358 0.358 0.358 -0.39750324 0.169 0.169 0.169 0.169 0.16893157 0.076 0.076 0.076 0.076 0.362 0.362 0.362 -0.31365759 -0.3405195 0.648 0.648 0.27502006 0.44799719 0.3660079 0.366 0.367 0.357 0.357 0.605 0.605 0.17058176 0.169 -0.17228157 
-0.395 -0.204 -0.204 -0.204 -0.204 -0.20400005 -0.38581825 -0.26725716 -0.25605347 0.22344079 0.224 0.224 0.224 0.224 0.22400002 0.257 0.25699995 0.23511878 -0.061994196 0.358 0.358 0.358 0.358 0.358 0.36178218 0.26774007 0.27799998 0.278 0.278 0.278 0.076000009 0.076 0.076000721 0.675 0.675 0.362 0.75865422 0.77 0.64800007 0.648 0.648 0.648 0.448 0.448 0.448 0.44743631 0.3063339 0.306 0.306 0.306 0.30600001 0.6319999 0.632 
-0.054 -0.204 -0.204 -0.204 -0.204 -0.204 -0.20400001 -0.26431187 0.25123048 0.254 0.254 0.254 0.254 0.254 0.254 0.30690626 0.25778098 0.21331827 0.3579473 0.358 0.358 0.358 0.358 0.35800032 0.533 0.533 0.53299964 0.278 0.278 0.27887106 0.713 0.713 0.675 0.675 0.675 0.75478206 0.77 0.77 0.77 0.648 0.648 0.648 0.448 0.448 0.448 0.448 0.30600001 0.306 0.306 0.306 0.306 0.632 0.632 
-0.054 -0.1098433 -0.204 -0.204 -0.204 -0.204 -0.10701904 -0.107 -0.10699999 0.254 0.254 0.254 0.254 0.254 0.26591278 0.308 0.308 0.308 0.6331591 0.63399972 0.634 0.634 0.634 0.634 0.533 0.533 0.533 0.533 0.278 0.713 0.713 0.713 0.675 0.675 0.675 0.833 0.77008341 0.77 0.77 0.64800245 0.65278673 0.66395218 0.448 0.448 0.66831798 0.669 0.669 0.30642207 0.5611054 0.56199998 0.56199995 0.63699922 0.63200001 
-0.054 -0.25057477 -0.23031439 -0.204 -0.204 -0.10705731 -0.107 -0.107 -0.107 -0.10439853 0.254 0.254 0.254 0.25400001 0.308 0.308 0.308 0.308 0.63370879 0.634 0.634 0.634 0.634 0.634 0.533 0.533 0.533 0.533 0.53365472 0.713 0.713 0.713 0.98299999 0.67502351 0.833 0.833 0.833 0.8335999 0.67071753 0.664 0.664 0.664 0.715 0.715 0.669 0.669 0.669 0.562 0.562 0.562 0.562 0.637 0.637 
-0.25581908 -0.256 -0.256 -0.256 -0.131 -0.10700062 -0.107 -0.107 -0.107 -0.107 0.23893393 0.25399741 0.25399999 0.308 0.308 0.308 0.308 0.308 0.3451723 0.634 0.634 0.634 0.634 0.634 0.71125204 0.91299794 0.913 0.913 0.913 0.71300001 0.983 0.983 0.983 0.983 0.833 0.83300145 0.888 0.888 0.66679697 0.664 0.664 0.664 0.715 0.715 0.67612238 0.669 0.669 0.562 0.562 0.562 0.5628042 0.637 0.637 
-0.256 -0.256 -0.256 -0.19713564 -0.131 -0.131 -0.107 -0.107 -0.107 -0.107 0.055 0.055 0.055 0.308 0.308 0.308 0.308 0.30800644 0.492 0.492 0.63399994 0.634 0.63550944 0.696 0.69795356 0.913 0.913 0.913 0.913 0.98299287 0.983 0.983 0.983 0.983 0.88799981 0.888 0.888 0.888 0.88722689 0.664 0.664 0.664 0.715 0.715 0.715 0.669 0.669 0.562 0.562 0.562 0.637 0.637 0.637 
-0.256 -0.256 -0.256 -0.131 -0.131 -0.131 -0.13099996 -0.107 -0.107 0.054832769 0.055 0.055 0.055 0.055157631 0.33956747 0.347 0.347 0.347 0.492 0.492 0.492 0.696 0.696 0.696 0.69601709 0.83117421 0.913 0.913 0.913 1.0041616 1.0109972 1.011 1.011 1.011 0.9944607 1.1439994 1.144 1.144 1.144 0.87597099 0.876 0.876 0.715 0.715 0.8109996 0.81099997 0.734 0.734 0.754 0.754 0.754 0.637 0.72292311 
-0.25599935 -0.256 -0.256 -0.131 -0.131 -0.131 -0.131 -0.066000012 -0.10683607 0.054904788 0.055 0.055 0.055 0.055572984 0.347 0.347 0.347 0.34700004 0.492 0.492 0.492 0.696 0.696 0.696 0.757 0.757 1.001 1.001 1.001 1.0010546 1.011 1.011 1.011 1.011 1.0774635 1.144 1.144 1.144 1.144 0.876 0.876 0.876 0.87395485 0.811 0.811 0.811 0.734 0.734 0.754 0.754 0.754 0.723 0.723 
-0.046 -0.13616999 0.034 0.033952131 -0.131 -0.066376088 -0.066 -0.066 -0.022638943 -0.049999998 -0.05 -0.05 -0.05 0.17999251 0.18 0.34699987 0.347 0.35082054 0.492 0.492 0.492 0.576 0.576 0.576 0.757 0.757 1.001 1.001 1.001 1.0010001 1.1269993 1.1269997 1.0139155 1.0111244 1.0689349 1.069 1.069 1.069 1.069 0.876 0.876 0.876 0.81457903 0.811 0.811 0.81099993 0.734 0.734 0.73400072 0.754 0.75399544 0.652 0.723 
0.14596354 0.14599998 0.034 0.034 0.034 -0.066 -0.066 -0.066 0.053 0.053 -0.05 -0.05 -0.05 0.18 0.18 0.18 0.18 0.18003526 0.492 0.492 0.492 0.576 0.576 0.576 0.757 0.757 1.001 1.001 1.001 1.1255793 1.127 1.127 1.127 1.127 1.0690286 1.069 1.069 1.069 1.069 0.76800003 0.768 0.768 0.768 0.81099716 0.441 0.441 0.441 0.484 0.484 0.484 0.652 0.652 0.652 
0.146 0.146 0.034 0.034 0.034 -0.065474382 -0.066 0.053 0.053 0.053 -0.049987321 -0.05 0.045603593 0.17999997 0.18 0.18 0.18 0.166 0.166 0.166 0.393 0.39300014 0.57599911 0.576 0.57612552 0.702 0.702 0.70200071 1.0009517 1.0290195 1.0290005 1.0290171 1.1268325 1.1269154 1.0792656 1.0689998 1.0672607 0.55 0.55 0.768 0.768 0.768 0.768 0.441 0.441 0.441 0.441 0.484 0.484 0.484 0.652 0.652 0.652 
0.146 0.146 0.034 0.034 0.034 0.034 -0.021461776 0.053 0.053 0.053 0.053007733 0.067 0.067 0.067 0.17933406 0.18 0.16609329 0.166 0.166 0.166 0.393 0.393 0.393 0.393 0.702 0.702 0.702 0.702 0.702 1.029 1.029 1.029 1.029 1.0289997 0.877 0.55 0.55 0.55 0.55 0.54999952 0.365 0.365 0.365 0.35068254 0.321 0.321 0.321 0.484 0.48399982 0.298 0.298 0.48604038 0.486 
0.146 0.146 0.074424135 0.034 0.034 0.034000005 0.26362557 0.053664955 0.053 0.053 0.067000036 0.067 0.067 0.067 0.067 0.076276973 0.166 0.166 0.166 0.166 0.39299824 0.393 0.393 0.393 0.702 0.702 0.702 0.702 0.702 0.64030892 1.029 1.029 1.029 0.877 0.877 0.87674608 0.55 0.55 0.57532503 0.595 0.365 0.365 0.365 0.35089176 0.321 0.321 0.321 0.217 0.29699075 0.298 0.298 0.486 0.486 
0.307 0.307 0.307 0.1024486 0.034679705 0.264 0.264 0.264 0.264 0.237 0.237 0.067000012 0.067 0.067 0.067 0.067006273 0.166 0.166 0.166 0.166 0.29394456 0.393 0.393 0.38891741 0.25770592 0.702 0.702 0.702 0.503 0.503 0.503 0.50300221 0.877 0.877 0.877 0.877 0.595 0.595 0.595 0.595 0.245 0.245 0.245 0.32899831 0.329 0.329 0.329 0.217 0.217 0.29790131 0.298 0.48599931 0.486 
0.307 0.307 0.307 0.30701039 0.5 0.46568172 0.264 0.264 0.264 0.237 0.237 0.237 0.032000002 0.032 0.032 0.032000001 0.16581865 0.166 0.166 0.166 0.16943361 0.23700043 0.237 0.237 0.237 0.237 0.020000005 0.02 0.503 0.503 0.503 0.503 0.87699982 0.877 0.877 0.87697956 0.595 0.595 0.595 0.59468854 0.245 0.245 0.245 0.3289961 0.329 0.329 0.329 0.217 0.217 0.21700002 0.349 0.349 0.417 
0.307 0.307 0.307 0.49999956 0.5 0.5 0.26400009 0.264 0.264 0.237 0.237 0.237 0.032 0.032 0.032 0.034665584 0.067 0.067 0.067000256 0.16544082 0.237 0.237 0.237 0.237 0.237 0.2368367 0.02 0.02 0.020000001 0.503 0.503 0.50286226 0.626 0.626 0.626 0.456 0.456 0.524 0.524 0.524 0.536 0.24509128 0.24500143 0.436 0.436 0.43194482 0.32900009 0.217 0.217 0.349 0.349 0.349 0.417 
0.307 0.307 0.307 0.5 0.5 0.5 0.5 0.264 0.264 0.237 0.237 0.040197043 0.032 0.032 0.032 0.067 0.067 0.067 0.067 0.067 0.237 0.237 0.237 0.237 0.237 0.02000074 0.02 0.02 0.02 0.289 0.289 0.289 0.626 0.626 0.626 0.456 0.456 0.524 0.524 0.536 0.536 0.536 0.436 0.436 0.436 0.436 0.4436397 0.529 0.529 0.529 0.349 0.546 0.546 
0.307 0.307 0.30726876 0.5 0.5 0.5 0.5 0.27722925 0.266 0.26595021 0.23699999 0.031998661 0.032 0.032 0.032000121 0.067 0.067 0.067 0.067 0.067 0.16314638 0.237 0.237 0.237 0.23695386 0.019999606 0.02 0.02 0.02 0.289 0.289 0.289 0.28904779 0.626 0.456 0.456 0.456 0.45600271 0.52400082 0.536 0.536 0.536 0.43600607 0.436 0.436 0.436 0.52900027 0.529 0.529 0.529 0.546 0.546 0.546 
0.168 0.16800024 0.49988677 0.5 0.5 0.5 0.26604979 0.266 0.266 0.266 0.016000006 0.016 0.016 0.016 0.066764618 0.067 0.067 0.067 0.067 0.15999994 0.16 0.16 0.013000037 0.013 0.013 0.013 0.01360419 0.02 0.18399328 0.184 0.184 0.184 0.184 0.336 0.336 0.336 0.336 0.336 0.523 0.523 0.523 0.523 0.523 0.5568176 0.557 0.557 0.557 0.529 0.529 0.529 0.54599732 0.546 0.546 
0.168 0.168 0.16854431 0.23300054 0.23300006 0.23303236 0.266 0.266 0.266 0.266 0.016 0.016 0.016 0.016 0.016 0.067 0.067 0.067 0.15999998 0.16 0.16 0.16 0.013000001 0.013 0.013 0.013 0.013 0.013001648 0.18390192 0.184 0.184 0.184 0.1839606 0.3342993 0.33599824 0.336 0.336 0.336 0.523 0.523 0.523 0.523 0.523 0.557 0.557 0.557 0.557 0.54390665 0.529 0.50230124 0.502 0.354 0.354 
0.168 0.168 0.23299177 0.233 0.233 0.233 0.24138186 0.266 0.266 0.266 0.016 0.016 0.016 0.016 0.016 0.066960177 0.067 0.15997273 0.16 0.16 0.16 0.16 0.067457103 0.013 0.013 0.013 0.013 0.012941354 -0.07 -0.07 -0.07 -0.07 -0.07 0.333 0.333 0.333 0.333 0.333 0.638 0.638 0.638 0.638 0.638 0.55703418 0.55700001 0.557 0.55700237 0.55727763 0.502 0.502 0.502 0.35400083 0.354 
0.1680002 0.27487494 0.23300001 0.233 0.233 0.233 0.233 0.26598595 0.266 0.266 0.016000001 0.016 0.016 0.016 -0.046578473 -0.048 -0.048 0.15999465 0.16 0.16 0.16 0.16 0.15999998 0.013 0.013 0.013 0.013 0.28899965 0.28899983 0.21259608 -0.07 -0.07 -0.07 0.333 0.333 0.333 0.333 0.33307247 0.638 0.638 0.638 0.638 0.63800927 0.571 0.571 0.571 0.571 0.57099444 0.502 0.502 0.502 0.50200002 0.53529015 
0.277 0.277 0.24368269 0.233 0.233 0.233 0.233 0.233 0.26598495 -0.13899999 -0.139 -0.139 -0.13863215 -0.047999908 -0.048 -0.048 -0.048 -0.048 0.15999974 0.15774341 0.138 0.138 0.138 0.10722726 0.032048657 0.13397441 0.22000144 0.289 0.289 0.289 0.289 0.289 0.27800476 0.44017957 0.44 0.44 0.44 0.44 0.66073016 0.75899978 0.759 0.759 0.759 0.65199976 0.57100002 0.571 0.571 0.496 0.5019999 0.502 0.502 0.538 0.538 
0.277 0.277 0.107 0.107 0.107 0.23295803 0.233 0.233 -0.139 -0.139 -0.139 -0.139 -0.139 -0.048000004 -0.048 -0.048 -0.048 -0.048 0.138 0.138 0.138 0.138 0.138 0.25099999 0.251 0.251 0.251 0.289 0.289 0.289 0.289 0.289 0.456 0.456 0.44 0.44 0.44 0.47299438 0.473 0.759 0.759 0.759 0.75899997 0.652 0.652 0.652 0.496 0.496 0.496 0.533 0.533 0.538 0.538 
0.277 0.277 0.107 0.107 0.107 0.107 0.1069993 -0.02 -0.13888796 -0.139 -0.139 -0.139 -0.139 -0.049135142 -0.048 -0.048 -0.048 -0.048 0.138 0.138 0.138 0.138 0.138 0.251 0.251 0.251 0.251 0.25100017 0.289 0.289 0.289 0.45599124 0.456 0.456 0.456 0.44 0.473 0.473 0.473 0.4805252 0.56848009 0.533 0.533 0.652 0.652 0.652 0.496 0.496 0.496 0.533 0.533 0.533 0.41210543 
0.267 0.26700008 0.107 0.107 0.107 0.107 -0.02 -0.02 -0.02 -0.139 -0.139 -0.139 -0.139 -0.13897171 -0.048 -0.048 -0.048 -0.048 0.13799673 0.138 0.138 0.138 0.2310935 0.251 0.251 0.251 0.251 0.42499986 0.425 0.425 0.29046589 0.456 0.456 0.456 0.45599975 0.19 0.473 0.473 0.473 0.473 0.533 0.533 0.533 0.499 0.499 0.499 0.33601558 0.496 0.496 0.533 0.533 0.533 0.39899984 
0.267 0.267 0.107 0.107 0.107 -0.02 -0.02 -0.02 -0.02 -0.12595523 -0.139 -0.139 -0.139 -0.13899904 0.10698216 0.107 0.107 0.107 0.10610752 0.166 0.166 0.166 0.166 0.251 0.251 0.251 0.25101148 0.425 0.425 0.425 0.425 0.45595375 0.30638269 0.19 0.19 0.19 0.47226365 0.2760041 0.276 0.276 0.53287781 0.377 0.377 0.499 0.499 0.49899931 0.336 0.336 0.434 0.434 0.434 0.446 0.342 
0.267 0.267 0.114 0.114 0.114 -0.02 -0.02 -0.02 -0.02 -0.126 -0.126 -0.126 -0.126 -0.10957994 0.107 0.107 0.107 0.107 0.104 0.166 0.166 0.166 0.166 0.139 0.13900004 0.25099983 0.425 0.425 0.425 0.425 0.28425548 0.147 0.18488359 0.19 0.19 0.19 0.276 0.276 0.276 0.276 0.377 0.377 0.377 0.30102397 0.301 0.33584268 0.336 0.336 0.43399974 0.434 0.446 0.446 0.342 
0.267 0.114 0.114 0.114 0.114 0.114 -0.019573041 0.035 0.035 -0.126 -0.126 -0.126 -0.126 -0.12594482 0.107 0.107 0.107 0.10686445 0.104 0.104 0.166 0.166 0.139 0.139 0.139 0.139 0.425 0.425 0.425 0.425 0.147 0.147 0.147 0.18995649 0.19 0.19 0.276 0.276 0.276 0.276 0.377 0.377 0.377 0.301 0.301 0.30099133 0.148 0.148 0.387 0.387 0.446 0.446 0.342 
0.11543686 0.114 0.114 0.114 0.114 0.114 0.035 0.035 0.035 -0.051173929 -0.126 -0.126 -0.126 -0.12599359 0.107 0.107 0.107 0.104 0.104 0.104 0.1659969 0.16599984 0.139 0.139 0.139 0.139 0.42497967 0.425 0.425 0.14706393 0.147 0.147 0.147 0.147 0.18970423 0.057 0.057 0.060790176 0.276 0.276 0.37699991 0.377 0.30320972 0.301 0.301 0.14800006 0.148 0.148 0.387 0.387 0.259 0.259 0.358 
0.114 0.114 0.114 0.114 0.114 0.114 0.035 0.035 0.035 0.034999999 0.15399193 0.154 0.154 0.154 0.10700053 0.21661269 0.278 0.278 0.10432077 0.104 0.10400001 0.13900004 0.139 0.139 0.139 0.139 0.13920794 0.425 0.4249905 0.147 0.147 0.147 0.147 0.147 0.057 0.057 0.057 0.057 0.057 0.057000587 -0.029 -0.029 -0.029000045 -0.161 -0.161 -0.161 0.069 0.069 0.076 0.076 0.259 0.25900022 0.358 
0.114 0.114 0.114 0.114 0.114 0.114 0.035 0.035 0.035 0.154 0.154 0.154 0.154 0.154 0.1866861 0.278 0.278 0.278 0.278 0.278 0.26969207 0.139 0.139 0.139 0.139 0.14606523 0.36364743 0.41669254 0.14837095 0.147 0.147 0.147 0.147 0.1469998 0.057 0.057 0.057 0.057 0.057 0.016993 -0.029 -0.029 -0.029 -0.161 -0.161 -0.161 0.069 0.069 0.076 0.076 0.149 0.34647064 0.358 
0.114 0.114 0.114 0.114 0.114 0.11399998 0.035000018 0.035 0.039939163 0.154 0.154 0.154 0.154 0.154 0.1599478 0.278 0.278 0.278 0.278 0.278 0.278 0.32933078 0.36399968 0.364 0.364 0.364 0.364 0.364 -0.062848437 -0.068997442 -0.068999995 -0.069 -0.069 -0.068999909 0.057 0.057 0.057 0.057 0.057 -0.02899999 -0.029 -0.029 -0.029 -0.029000059 -0.16077074 -0.018 0.068999991 0.011020694 0.075942171 0.149 0.149 0.14694212 0.05 
0.114 0.114 0.114 0.114 0.114 0.11399495 0.035004261 0.0350072 0.15399985 0.154 0.154 0.154 0.154 0.154 0.15635946 0.278 0.278 0.278 0.278 0.278 0.278 0.364 0.364 0.364 0.364 0.364 0.364 0.364 -0.068880472 -0.069 -0.069 -0.069 -0.069 -0.069 -0.034476012 0.057 0.057 0.057 0.057 -0.029 -0.029 -0.029 -0.029 -0.028997182 -0.018 -0.018 -0.01782451 0.01 0.01 0.149 0.149 0.05 0.05 
0.114 0.114 0.114 0.114 0.114 0.11389464 0.035097125 0.14057163 0.154 0.154 0.154 0.154 0.154 0.154 0.15617083 0.278 0.278 0.278 0.278 0.278 0.29024484 0.364 0.364 0.364 0.364 0.364 0.364 0.364 -0.068998263 -0.069 -0.069 -0.069 -0.069 -0.069 -0.069 -0.064330052 -0.25293156 -0.35605753 -0.37174157 -0.026236017 -0.028999999 -0.029 -0.029 -0.018000878 -0.018 -0.018131322 -0.039999761 0.01 0.01 0.0080017449 0.008 0.008 0.04999998 
0.114 0.114 0.114 0.114 0.11399992 0.11334122 0.045841865 0.15396728 0.154 0.154 0.154 0.154 0.154 0.154 0.15689559 0.278 0.278 0.278 0.278 0.278 0.36399963 0.364 0.364 0.364 0.364 0.364 0.364 0.364 -0.068999882 -0.069 -0.069 -0.069 -0.069 -0.069 -0.069000062 -0.38 -0.38 -0.38 -0.38 0.014 0.014 0.014 0.014 -0.039999936 -0.04 -0.04 -0.04 -0.039999375 0.016 0.016 0.008 0.008 -0.16832276 
0.114 0.114 0.114 0.11399999 0.11399779 0.11190931 0.14597218 0.15399845 0.154 0.154 0.154 0.154 0.154 0.154 0.15820933 0.27799995 0.278 0.278 0.278 0.2785176 0.364 0.364 0.364 0.364 0.364 0.364 0.364 0.364 -0.068999903 -0.069 -0.069 -0.069 -0.069 -0.069 -0.37999971 -0.38 -0.38 -0.38 -0.38 0.014 0.014 0.014 0.014 -0.00057436784 -0.04 -0.04 -0.04 0.015999374 0.016 0.016 -0.247 -0.247 -0.247 
0.114 0.114 0.114 0.11399982 0.11397867 0.11154524 0.15357341 0.15399961 0.154 0.154 0.154 0.154 0.154 0.15400001 0.15998893 0.27799708 0.278 0.278 0.2780001 0.3622575 0.364 0.364 0.364 0.364 0.364 0.364 0.364 0.364 -0.068999594 -0.069 -0.069 -0.069 -0.069 -0.17368209 -0.37999995 -0.38 -0.38 -0.38 -0.38 0.014 0.014 0.014 0.014 0.014 -0.04 -0.04 -0.04 0.015999999 0.016 0.016 -0.247 -0.247 -0.247 
0.114 0.11399999 0.11399993 0.11399791 0.11390278 0.13194268 0.1539274 0.15399976 0.154 0.154 0.154 0.154 0.154 0.15400023 0.16210473 0.27795471 0.278 0.278 0.27844526 0.36399269 0.364 0.364 0.364 0.364 0.364 0.364 0.364 0.36399975 -0.068997287 -0.069 -0.069000101 -0.19942856 -0.212 -0.212 -0.212 -0.38 -0.38 -0.38 -0.38 0.014 0.014 0.014 0.014 0.014 -0.039999043 -0.04 -0.039999973 0.015999996 0.016 0.015999857 -0.247 -0.247 -0.247 
