interpolatedSpi/04-11|22_1.tif
NCOLS 53
NROWS 52
XLLCORNER -116.03883
YLLCORNER 28.596182
DX 0.49850594
DY 0.49788537
NODATA_VALUE -9999
[rows 0 to 34 of 52, columns 0 to 52 of 53]
-0.20875 -0.20875 -0.43118589 -0.535 -0.345 -0.22375 -0.36625 -0.42375 -0.5615198 -0.57625 -0.54 -0.325 -0.46624702 -0.43 -0.63625 -0.63625 -0.63625 0.06375 -0.1775 -0.1775 -0.1775 -0.17750608 -0.80874999 -0.07 -0.07 -0.07 -0.39999875 -0.4 -0.4 -0.27875 -0.27875 -0.27875 -0.27875 0.13374992 0.13375 0.13375 0.13375 0.13375 0.13375 0.13375001 0.62347538 0.6285766 -0.0525 -0.0525 -0.0525 -0.0525 -0.05211004 0.18625 0.18625 0.18625 0.27999981 0.28 0.28
-0.20876661 -0.5825 -0.38250004 -0.36606072 -0.33519492 -0.35375 -0.36625 -0.25154066 -0.50375 -0.495 -0.46 -0.46625 -0.46625 0.0047953377 -0.42999655 -0.63625 0.06375 0.06375 -0.17718544 -0.1775 -0.1775 -0.1775 -0.071184335 -0.07 -0.07 -0.07 -0.24749999 -0.2475 -0.27875 -0.27875 -0.27875 -0.27875 -0.27875 0.13374994 0.13375 0.13375 0.13375 0.13375 0.13375002 0.23882071 0.79869464 0.050792146 -0.0525 -0.0525 -0.0525 -0.0525 -0.0525 0.18625 0.18625 0.18625 0.19402384 0.28 0.28
-0.21374943 -0.21375 -0.42125 -0.06375 -0.3125 -0.425 -0.31375 -0.26 -0.69625 -0.32625 -0.45125 -0.46125 -0.45875 0.21 0.00625 -0.45125 0.06375 0.06375 0.06375 0.11866388 0.11875 0.11875 -0.0925 -0.07 -0.07 -0.07 -0.2475 -0.2475 -0.2475 -0.27875 -0.27875 -0.27874998 -0.10123373 0.13417015 0.13587917 0.36040386 0.3625 0.3625 0.41736875 0.79875 0.79875 0.79766147 -0.0525 -0.0525 -0.0525 -0.0525 -0.0525 0.18625 0.18625 0.18625 0.18625 0.28 0.28
-0.16375 -0.21375001 -0.24376589 0.135 -0.5875 -0.2125 -0.2725 -0.50875 -0.34 -0.10615124 -0.18625 -0.17 -0.19625 0.21 -0.41125 -0.45125 -0.43512433 -0.43465055 -0.68375 0.11875 0.11875 -0.2475 -0.0925 -0.0925 -0.07 -0.070000887 -0.2475 -0.2475 -0.2475 -0.41875 -0.13961021 0.09 0.09 0.090000214 0.3625 0.3625 0.3625 0.3625 0.79875 0.79875 0.79875 0.79874997 -0.0525 -0.0525 -0.0525 -0.0525 -0.0525 0.18624699 0.18625 0.18625 0.18625 0.27999432 0.28
-0.16375 0.058749445 -0.24375 -0.10604211 -0.5875 -0.52875 -0.13250915 0.25 -0.20125 0.36124973 0.089208731 -0.040002149 -0.055 -0.41125 -0.41125 -0.43775862 -0.435 -0.435 -0.68375 -0.68375 0.11874923 -0.2475 0.24625 0.13125 -0.03 -0.029869673 -0.2475 -0.2475 -0.41875 -0.41875 0.09 0.09 0.09 0.10626453 0.3625 0.3625 0.3625 0.79875 0.79875 0.79875 0.79875 0.79870548 -0.052499994 -0.0525 -0.0525 -0.0525 -0.0525 -0.050374829 0.18625 0.18624641 0.10625 0.10625 0.10625
-1.55875 -0.3125 -0.17750001 -0.05125 -0.31375 -0.27625 -0.3825 -0.30152189 0.18125 -0.30625 -0.32125 -0.1075 -0.10749997 -0.1325 -0.1325 -0.48491701 -0.485 -0.285 -0.285 -0.6837494 -0.6425 -0.6425 0.13125 -0.03 -0.03 0.5275 -0.005 -0.005 0.23119066 -0.41875 0.09 0.09 0.17625 0.17629219 0.57997113 0.755 0.755 0.78521494 0.79875 0.79875 0.33807528 0.3375 0.3375018 0.18326334 0.18747348 0.18749994 0.18749999 0.18749991 0.12415168 0.10625 0.10625 0.10625 0.10625
-1.0450036 -0.36625 -0.37156556 -0.085000001 -0.1425 -0.4825 -0.1725 -0.14 -0.085 -0.085 -0.32125 -0.02125 -0.32249995 -0.1325 -0.14124997 -0.14125 -0.485 -0.00625 0.0012499998 0.00125 -0.47932453 -0.29625 -0.29625 0.2875 0.5275 0.5275 -0.005 -0.005 0.23123616 0.23099518 0.46230022 0.17625 0.17625 0.58 0.58 0.73798 0.755 0.755 0.56250667 0.33750031 0.3375 0.3375 0.33750958 0.18750056 0.1875 0.1875 0.1875 0.18749996 0.125 0.10625372 0.10625 0.10625 0.10625
-1.045 -0.30625 0.10875 -0.565 -0.42750788 -0.2975 -0.30625 -0.17 -0.28 -0.01625 -0.01625 -0.125 -0.3225 -0.3225 -0.14249354 -0.48050697 -0.51375 -6.9388939e-18 -0.30124969 0.00125 0.11279817 0.15875 -0.44375 0.125 0.12499821 -0.01375 0.18375 0.18374993 -0.0054177669 -0.0062499899 0.46375 0.1567639 0.47625 0.58 0.58160432 0.72375 0.72375 0.5625 0.5625 0.3375 0.3375 0.33750002 0.2907246 0.28874999 0.1875 0.1875 0.1875 0.12500238 0.125 0.125 0.10625 0.10625 0.10625
-0.38703852 -0.30625 0.0775 -0.0525 -0.21375 -0.3025 -0.1275 0.2275 -0.09625 -0.048403743 -0.0425 -0.091249999 -0.09125 0.30625 0.30624532 -0.60599219 -0.60625 -0.60625 -0.045986277 -0.26750002 -0.3825 -0.38249999 -0.105 -0.31025419 0.00023233653 -0.01375 0.225 0.18375 0.27571248 0.27625 0.0675 0.81 0.45744223 0.30125 0.63625 0.65 0.78 0.29875 0.95719582 0.34085341 1.08875 0.5975 0.28880027 0.28875 0.28818011 0.1875 0.096250005 0.125 0.125 0.125 0.125 0.091153472 -0.06125
-0.83875 -0.83875 0.16125 0.09875 -0.2075 0.045 -0.1 -0.03125 -0.145 -0.03628211 0.11125 0.1775 0.30625 0.30625 -0.19125 -0.19694191 -0.60625 -0.60612884 -0.0675 -0.2675 -0.2675 -0.28231585 -0.105 -0.082500426 -0.0825 -0.0825 0.225 0.4925 0.4925 0.27625 0.27625 0.80867237 0.11 0.30125 0.475 0.65 0.78 0.8225 0.9575 0.48773881 0.59750002 0.5975 0.5975 0.28875 0.28875 0.09625 0.09625 0.09625 0.125 0.125 -0.015 -0.015 -0.015000017
-0.83875 -0.83875 -0.20875 -0.4025 -0.2 -0.05625 -0.1175 0.13869677 0.17375 0.19 -0.13125 -0.1975 0.17700096 -0.19125 -0.19125 -0.19124322 -0.1325 -0.1290885 -0.0675 -0.125 -0.125 -0.0925 -0.0925 -0.0825 -0.0825 -0.0825 0.4925 0.4925 0.4925 -0.2575 -0.2575 -0.25749939 0.3225 0.3225 0.08375 -0.07 0.775 0.45375129 0.62875 0.48 0.48 0.33625086 0.5975 0.28875 0.39624984 0.20875 0.51817501 0.52 0.535 0.535 -0.015 -0.015 -0.015
-0.83875 -0.56674282 -0.29143004 -0.37499498 0.25875 -0.05375 -0.1175 0.13875 0.17374971 0.18981997 -0.1974995 -0.1975 -0.0825 -0.19125 -0.19125 -0.1325 -0.1325 -0.1324963 -0.0675 -0.125 -0.11861766 -0.0925 -0.0925 -0.082500195 -0.0825 0.017348567 0.22125 0.22125 0.22125003 -0.2575 -0.2575 -0.01875 -0.01875 0.32249935 0.08375 0.305 0.74773948 0.45375 0.45375 0.48 0.33625 0.33625 0.33625047 0.39625 0.39625 0.20875 0.52 0.52 0.535 0.535 -0.015 -0.015 -0.015
0.06125 -0.0073607156 0.012484777 0.009700899 0.25874828 -0.053742622 -0.1175 0.13559571 0.17133814 0.17417433 -0.0825 -0.0825 -0.0825 -0.0825 -0.19123459 -0.1325 -0.1325 -0.13166075 -0.0675 -0.12492731 0.125 0.125 0.125 0.125 -0.078733584 0.22125 0.22125 0.22125 0.22125 0.22096624 -0.01875 -0.01875 -0.01875 -0.01875 0.305 0.305 0.305 0.44675421 0.45115886 0.10875 0.10875 0.33623776 0.21750612 0.39623278 0.39625 0.20875 0.52 0.52 0.535 0.535 -0.013004659 -0.015 0.23931902
0.06125 0.0125 0.0125 0.0125 0.0125 0.012499974 -0.11733677 0.0037525112 0.16490353 -0.082223571 -0.0825 -0.0825 -0.0825 -0.0825 -0.082499737 -0.1325 -0.13249999 -0.12804144 -0.067500282 0.125 0.125 0.125 0.125 0.125 0.1267027 0.21003923 0.205 0.205 0.205 0.205 -0.018749999 -0.01875 -0.018750087 -0.09125 -0.09125 0.305 0.044938714 0.0375 0.10874996 0.10875 0.10875 0.10875 0.2175 0.2175 0.2175 0.21743911 0.53732149 0.5375 0.5375 0.5375 0.5375 0.77749984 0.7775
0.4425 0.0125 0.0125 0.0125 0.0125 0.0125 0.012499992 -0.0025608682 0.28179208 0.2825 0.2825 0.2825 0.2825 0.2825 0.2825 0.35960433 -0.12465865 -0.12359921 0.12497577 0.125 0.125 0.125 0.125 0.12500024 0.20375 0.20375 0.20375 0.205 0.205 0.20468962 0.05 0.05 -0.09125 -0.09125 -0.09125 0.01687561 0.0375 0.0375 0.0375 0.10875 0.10875 0.10875 0.2175 0.2175 0.2175 0.2175 0.53749999 0.5375 0.5375 0.5375 0.5375 0.7775 0.7775
0.4425 0.28241589 0.0125 0.0125 0.0125 0.0125 0.1337262 0.13375 0.13375 0.2825 0.2825 0.2825 0.2825 0.2825 0.2998728 0.36125 0.36125 0.36125 0.33436062 0.33499979 0.335 0.335 0.335 0.335 0.20375 0.20375 0.20375 0.20375 0.205 0.05 0.05 0.05 -0.091249987 -0.09125 -0.09125 -0.055 0.037377527 0.0375 0.0375 0.10871402 0.036949031 -0.13053269 0.2175 0.2175 -0.079081897 -0.08 -0.08 0.53619601 -0.25223057 -0.25499993 -0.25499985 -0.054874041 0.77749831
0.4425 0.088519415 0.04602555 0.0125 0.0125 0.13367836 0.13375 0.13375 0.13375 0.13482194 0.2825 0.2825 0.2825 0.28250001 0.36125 0.36125 0.36125 0.36125 0.33502345 0.335 0.335 0.335 0.335 0.335 0.20375 0.20375 0.20375 0.20375 0.20319076 0.05 0.05 0.05 0.04625 -0.091242993 -0.055 -0.055 -0.055 -0.055240447 -0.12056545 -0.13125 -0.13125 -0.13125 -0.30875 -0.30875 -0.08 -0.08 -0.08 -0.255 -0.255 -0.255 -0.255 -0.055 -0.055
0.07904798 0.07875 0.07875 0.078749999 -0.00875 0.13374632 0.13375 0.13375 0.13375 0.13375 0.30644266 0.28250412 0.28250001 0.36125 0.36125 0.36125 0.36125 0.36125 0.34956505 0.335 0.335 0.335 0.335 0.335 0.1282978 -0.10499833 -0.105 -0.105 -0.105 0.05 0.04625 0.04625 0.04625 0.04625 -0.055 -0.055000593 -0.0775 -0.0775 -0.13057885 -0.13125 -0.13125 -0.13125 -0.30875 -0.30875 -0.11541838 -0.08 -0.08 -0.255 -0.255 -0.255 -0.25285548 -0.055 -0.055
0.07875 0.07875 0.07875 0.037544945 -0.00875 -0.00875 0.13375 0.13375 0.13375 0.13375 0.59875 0.59875 0.59875 0.36125 0.36125 0.36125 0.36125 0.36123451 0.20875 0.20875 0.33499995 0.335 0.32696589 0.0050000003 0.0040097169 -0.105 -0.105 -0.105 -0.105 0.046234599 0.04625 0.04625 0.04625 0.04625 -0.077499921 -0.0775 -0.0775 -0.0775 -0.077694722 -0.13125 -0.13125 -0.13125 -0.30875 -0.30875 -0.30875 -0.08 -0.08 -0.255 -0.255 -0.255 -0.055 -0.055 -0.055
0.07875 0.07875 0.07875 -0.00875 -0.00875 -0.00875 -0.0087497823 0.13375 0.13375 0.59826999 0.59875 0.59875 0.59875 0.59860203 0.28536665 0.2675 0.2675 0.2675 0.20875 0.20875 0.20875 0.005 0.005 0.005 0.0049397723 -0.16007505 -0.105 -0.105 -0.105 -0.089406642 -0.11623402 -0.11625 -0.11625 -0.11625 -0.11855493 -0.17624978 -0.17625 -0.17625 -0.17625 -0.49869972 -0.49875 -0.49875 -0.30875 -0.30875 -0.38874967 -0.3887499 -0.10625 -0.10625 -0.115 -0.115 -0.115 -0.055 0.096114764
0.078749771 0.07875 0.078749997 -0.00875 -0.00875 -0.00875 -0.0087499998 0.0075000367 0.1332452 0.59829208 0.59875 0.59875 0.59875 0.5981 0.2675 0.2675 0.2675 0.26749998 0.20875 0.20875 0.20875 0.005 0.005 0.005 -0.21 -0.21 -0.3225 -0.3225 -0.3225 -0.32137484 -0.11625 -0.11625 -0.11625 -0.11625 -0.14623358 -0.17625 -0.17625 -0.17625 -0.17625 -0.49875 -0.49875 -0.49875 -0.49528898 -0.38875 -0.38875 -0.38875 -0.10625 -0.10625 -0.115 -0.115 -0.115 0.096249993 0.09625
0.005 0.036737737 -0.045 -0.044989483 -0.00875 0.007405978 0.0075 0.0075 -0.041691115 0.093749995 0.09375 0.09375 0.09375 0.26124455 0.26125 0.2675 0.2675 0.26595202 0.20875 0.20875 0.20875 -0.3325 -0.3325 -0.3325 -0.21 -0.21 -0.3225 -0.3225 -0.3225 -0.32250004 -0.37499836 -0.37499927 -0.12275329 -0.1165274 -0.5058038 -0.50625 -0.50625 -0.50625 -0.50625 -0.49875 -0.49875 -0.49875 -0.39480699 -0.38875 -0.38875 -0.38874999 -0.10625 -0.10625 -0.10625031 -0.115 -0.1149953 -0.01 0.09625
-0.027493828 -0.027500003 -0.045 -0.045 -0.045 0.0075 0.0075 0.0075 -0.1275 -0.1275 0.09375 0.09375 0.09375 0.26125 0.26125 0.26125 0.26125 0.2612442 0.20875 0.20875 0.20874998 -0.3325 -0.3325 -0.3325 -0.21 -0.21 -0.3225 -0.3225 -0.3225 -0.37440806 -0.375 -0.375 -0.375 -0.375 -0.50618524 -0.50625 -0.50625 -0.50625 -0.50625 -0.56749998 -0.5675 -0.5675 -0.5675 -0.38874973 -0.35375 -0.35375 -0.35375 -0.07625 -0.07625 -0.07625 -0.01 -0.01 -0.01
-0.0275 -0.0275 -0.045 -0.045 -0.045 0.0072240506 0.0075 -0.1275 -0.1275 -0.1275 0.093722764 0.09375 0.074343288 0.26124996 0.26125 0.26125 0.26125 0.02875 0.02875 0.02875 -0.51 -0.50999987 -0.33250086 -0.3325 -0.33264642 -0.6375 -0.6375 -0.63749925 -0.32255091 -0.68118897 -0.68124837 -0.68119653 -0.37552341 -0.37526429 -0.48307268 -0.50625008 -0.50697051 -0.72125 -0.72125 -0.5675 -0.5675 -0.5675 -0.5675 -0.35375 -0.35375 -0.35375 -0.35375 -0.07625 -0.07625 -0.07625 -0.01 -0.01 -0.01
-0.0275 -0.0275 -0.045 -0.045 -0.045 -0.045 -0.043026557 -0.1275 -0.1275 -0.1275 -0.1273909 0.07 0.07 0.07 0.26012292 0.26125 0.030299323 0.02875 0.02875 0.02875 -0.51 -0.51 -0.51 -0.51 -0.6375 -0.6375 -0.6375 -0.6375 -0.6375 -0.68125 -0.68125 -0.68125 -0.68125 -0.68124983 -0.6 -0.72125 -0.72125 -0.72125 -0.72125 -0.72124934 -0.53625 -0.53625 -0.53625 -0.44432116 -0.25375 -0.25375 -0.25375 -0.076250005 -0.076250047 -0.125 -0.125 0.068730842 0.06875
-0.0275 -0.0275 -0.038683729 -0.045 -0.045 -0.045 -0.066358689 -0.12730697 -0.1275 -0.1275 0.070000001 0.07 0.07 0.07 0.07 0.085670011 0.02875 0.02875 0.02875 0.02875 -0.50999583 -0.51 -0.51 -0.51 -0.6375 -0.6375 -0.6375 -0.6375 -0.6375 -0.87060758 -0.68125 -0.68125 -0.68125 -0.6 -0.6 -0.60009415 -0.72125 -0.72125 -0.66426868 -0.62000001 -0.53625 -0.53625 -0.53625 -0.44559656 -0.25375 -0.25375 -0.25375 -0.41 -0.12855107 -0.125 -0.125 0.06875 0.06875
-0.02 -0.02 -0.02 -0.038731813 -0.044919055 -0.06625 -0.06625 -0.06625 -0.06625 0.072499999 0.0725 0.07 0.07 0.07 0.07 0.069997379 0.02875 0.02875 0.02875 0.02875 -0.27490698 -0.51 -0.51 -0.5074811 -0.42371333 -0.6375 -0.6375 -0.6375 -0.9375 -0.9375 -0.9375 -0.93749892 -0.6 -0.6 -0.6 -0.6 -0.62 -0.62 -0.62 -0.62 -0.445 -0.445 -0.445 -0.28375324 -0.28375 -0.28375 -0.28374999 -0.41 -0.41 -0.12534726 -0.125 0.068748689 0.06875
-0.02 -0.02 -0.02 -0.019998317 0.01125 -1.977339e-05 -0.06625 -0.06625 -0.06625 0.0725 0.0725 0.0725 -0.098749992 -0.09875 -0.09875 -0.098749993 0.028873648 0.02875 0.02875 0.02875 0.020585889 -0.41375026 -0.41375 -0.41375 -0.41375 -0.41375001 -0.7925 -0.7925 -0.9375 -0.9375 -0.9375 -0.9375 -0.59999997 -0.6 -0.6 -0.59999644 -0.62 -0.62 -0.62 -0.6194681 -0.445 -0.445 -0.445 -0.28375748 -0.28375 -0.28375 -0.28375 -0.41 -0.41 -0.40999997 -0.19125 -0.19125 -0.1775
-0.02 -0.02 -0.02 0.011249928 0.01125 0.01125 -0.066249971 -0.06625 -0.06625 0.0725 0.0725 0.0725 -0.09875 -0.09875 -0.09875 -0.083898888 0.09625 0.09625 0.096249826 0.029131254 -0.41375 -0.41375 -0.41375 -0.41375 -0.41375 -0.41403503 -0.7925 -0.7925 -0.7925 -0.9375 -0.9375 -0.93748149 -0.55625 -0.55625 -0.55625 -0.5125 -0.5125 -0.49875 -0.49875 -0.49875 -0.18 -0.44491688 -0.44499841 -0.2325 -0.2325 -0.23444232 -0.28375008 -0.41 -0.41 -0.19125 -0.19125 -0.19125 -0.1775
-0.02 -0.02 -0.02 0.01125 0.01125 0.01125 0.01125 -0.06625 -0.06625 0.0725 0.0725 -0.09190247 -0.09875 -0.09875 -0.09875 0.09625 0.09625 0.09625 0.09625 0.09625 -0.41375 -0.41375 -0.41375 -0.41375 -0.41375 -0.79249871 -0.7925 -0.7925 -0.7925 -0.90875 -0.90875 -0.90875 -0.55625 -0.55625 -0.55625 -0.5125 -0.5125 -0.49875 -0.49875 -0.18 -0.18 -0.18 -0.2325 -0.2325 -0.2325 -0.2325 -0.21586516 -0.03 -0.03 -0.03 -0.19124999 0.12625 0.12625
-0.02 -0.02 -0.019956483 0.01125 0.01125 0.01125 0.01125 -0.11727159 -0.12375 -0.12341307 0.072499994 -0.098748429 -0.09875 -0.09875 -0.098749325 0.09625 0.09625 0.09625 0.09625 0.09625 0.26117113 -0.41375 -0.41375 -0.41375 -0.41374305 -0.79247679 -0.7925 -0.7925 -0.7925 -0.90875 -0.90875 -0.90875 -0.90869993 -0.55625 -0.5125 -0.5125 -0.5125 -0.51249937 -0.49872826 -0.18 -0.18 -0.18 -0.23249681 -0.2325 -0.2325 -0.2325 -0.029999718 -0.03 -0.03 -0.03 0.12625 0.12625 0.12625
-0.3625 -0.3624994 0.01122037 0.01125 0.01125 0.01125 -0.12372127 -0.12375 -0.12375 -0.12375 -0.080000001 -0.08 -0.08 -0.08 0.095436535 0.09625 0.09625 0.09625 0.09625 0.28999988 0.29 0.29 -0.38000001 -0.38 -0.38 -0.38 -0.41560406 -0.7925 -1.0074912 -1.0075 -1.0075 -1.0075 -1.0075 -0.42875 -0.42875 -0.42875 -0.42875 -0.42875 -0.1675 -0.1675 -0.1675 -0.1675 -0.1675 -0.00035047719 1.3877634e-17 1.3877788e-17 4.5220002e-18 -0.03 -0.03 -0.03 0.12622538 0.12625 0.12625
-0.3625 -0.3625 -0.35906717 0.047499927 0.047499992 0.047333038 -0.12375 -0.12375 -0.12375 -0.12375 -0.08 -0.08 -0.08 -0.08 -0.08 0.09625 0.09625 0.09625 0.28999995 0.29 0.29 0.29 -0.38 -0.38 -0.38 -0.38 -0.38 -0.38008791 -1.0074015 -1.0075 -1.0075 -1.0075 -1.0074604 -0.54000444 -0.4288652 -0.42875 -0.42875 -0.42875 -0.1675 -0.1675 -0.1675 -0.1675 -0.1675 1.3877849e-17 1.3877788e-17 1.3877788e-17 1.3877788e-17 -0.014028586 -0.03 -0.093038746 -0.09375 -0.28625 -0.28625
-0.3625 -0.3625 0.047448066 0.0475 0.0475 0.0475 0.0040032224 -0.12375 -0.12375 -0.12375 -0.08 -0.08 -0.08 -0.08 -0.08 0.096117416 0.09625 0.28994319 0.29 0.29 0.29 0.29 -0.13179416 -0.38 -0.38 -0.38 -0.38 -0.38026373 -0.7525 -0.7525 -0.7525 -0.7525 -0.7525 -0.625 -0.625 -0.625 -0.625 -0.625 -0.42375 -0.42375 -0.42375 -0.42375 -0.42375 0.00021059374 4.4083032e-08 3.6284926e-10 1.4620112e-05 0.0017456777 -0.09375 -0.09375 -0.09375 -0.28624892 -0.28625
-0.36249905 0.14123394 0.047500014 0.0475 0.0475 0.0475 0.0475 -0.12367708 -0.12375 -0.12375 -0.08 -0.08 -0.08 -0.08 0.24633696 0.25375 0.25375 0.28999907 0.29 0.29 0.29 0.29 0.2899999 -0.38 -0.38 -0.38 -0.38 -0.5375002 -0.5375001 -0.58325722 -0.7525 -0.7525 -0.7525 -0.625 -0.625 -0.625 -0.625 -0.62495005 -0.42375 -0.42375 -0.42375 -0.42375 -0.42374665 0.08625 0.08625 0.08625 0.08625 0.086235483 -0.09375 -0.09375 -0.09375 -0.093750128 -0.30226068
