interpolatedSpi/04-11|19_3.tif
NCOLS 53
NROWS 52
XLLCORNER -116.03883
YLLCORNER 28.596182
DX 0.49850594
DY 0.49788537
NODATA_VALUE -9999
[rows 0 to 34 of 52, columns 0 to 52 of 53]
0.4225 0.4225 0.25616453 -0.22125 0.015 -0.00125 0.01625 -0.03 -0.55315971 -0.66125 -0.5475 0.07 -0.25752326 -0.54 -0.35625 -0.35625 -0.35625 -0.05375 0.06875 0.06875 0.06875 0.068743896 -0.56499999 -0.0325 -0.0325 -0.0325 -0.71624577 -0.71625 -0.71625 -0.5025 -0.5025 -0.5025 -0.5025 -0.48375 -0.48375 -0.48375 -0.48375 -0.48375 -0.48375 -0.48374998 0.076466247 0.0824395 -0.155 -0.155 -0.155 -0.155 -0.1560433 -0.79375 -0.79375 -0.79375 0.5549972 0.555 0.555
0.42250067 0.4375 0.29000056 0.26113103 0.17488291 0.295 0.70875 -0.20471053 -0.53875 -0.37375 0.2425 -0.2575 -0.2575 0.069211806 -0.53999099 -0.35625 -0.05375 -0.05375 0.068590276 0.06875 0.06875 0.06875 -0.060463455 -0.0325 -0.0325 -0.0325 -0.092499996 -0.0925 -0.5025 -0.5025 -0.5025 -0.5025 -0.5025 -0.48375 -0.48375 -0.48375 -0.48375 -0.48375 -0.48374994 -0.34402855 0.35121044 -0.093570665 -0.155 -0.155 -0.155 -0.155 -0.155 -0.79375 -0.79375 -0.79375 -0.68191036 0.555 0.555
0.208756 0.20875 0.77125 0.6325 0.04125 0.03875 0.30375 0.495 -0.13125 -0.2875 -0.0425 -0.2 0.115 -0.395 0.07125 -0.6675 -0.05375 -0.05375 -0.05375 -0.16368241 -0.16375 -0.16375 -0.56375 -0.0325 -0.0325 -0.0325 -0.0925 -0.0925 -0.0925 -0.5025 -0.5025 -0.50250001 -0.62164652 -0.48243771 -0.47659458 0.27795558 0.285 0.285 0.2933325 0.35125 0.35125 0.35060263 -0.155 -0.155 -0.155 -0.155 -0.155 -0.79375 -0.79375 -0.79375 -0.79375 0.555 0.555
0.5125 0.20874984 -0.57875843 0.39875 -0.31375 0.26 0.14125 -0.21125 -0.20375 -0.016165171 -0.32375 -0.5975 -0.11875 -0.395 -0.1375 -0.6675 -0.37227616 -0.36977842 -0.5025 -0.16375 -0.16375 -0.365 -0.56375 -0.56375 -0.0325 -0.0325003 -0.0925 -0.0925 -0.0925 -1.1075 -0.91134771 -0.75 -0.75 -0.74999919 0.285 0.285 0.285 0.285 0.35125 0.35125 0.35125 0.35124998 -0.155 -0.155 -0.155 -0.155 -0.155 -0.79374194 -0.79375 -0.79375 -0.79375 0.55496403 0.555
0.5125 0.37874824 -0.57875 -0.58250898 -0.31375 -0.14 -0.19749506 -0.2475 -0.23625 -0.38000021 -0.40535118 -0.41626289 -0.50625 -0.1375 -0.1375 -0.48744793 -0.37 -0.37 -0.5025 -0.5025 -0.16375041 -0.365 -0.28 -0.275 -0.06875 -0.068628102 -0.0925 -0.0925 -1.1075 -1.1075 -0.75 -0.75 -0.75 -0.69767104 0.285 0.285 0.285 0.35125 0.35125 0.35125 0.35125 0.35121923 -0.155 -0.155 -0.155 -0.155 -0.155 -0.16068567 -0.79375 -0.7937389 -0.54625 -0.54625 -0.54625
-1.4625 0.34125 0.18250004 -0.42625 0.16 0.235 -0.51125 -0.47748245 -0.67625 -0.47 -0.59875 -0.6825 -0.68249988 -0.95875 -0.95875 -0.23614709 -0.23625 -0.20875 -0.20875 -0.50249948 -0.44125 -0.44125 -0.275 -0.06875 -0.06875 0.4525 -0.835 -0.835 -0.5000551 -1.1075 -0.75 -0.75 -0.4725 -0.47254885 -0.93996645 -0.81 -0.81 -0.0080091965 0.35125 0.35125 0.03289755 0.032500001 0.032501272 0.31652669 0.32494695 0.32499987 0.32499998 0.32499982 0.44311367 -0.54625 -0.54625 -0.54625 -0.54625
-0.26875862 0.33625 0.39596561 0.3675 0.58 -0.5475 -0.38 -0.425 -0.87375 -0.87375 -0.59875 -0.3625 -0.42499993 -0.95875 0.18999656 0.19 -0.23625 0.09 0.08625 0.08625 -0.33698264 -0.22 -0.22 0.47124999 0.4525 0.4525 -0.835 -0.835 -0.49999723 -0.49994904 -0.072427184 -0.4725 -0.4725 -0.94 -0.94 -0.38381917 -0.81 -0.81 -0.37876495 0.032499427 0.0325 0.0325 0.032508192 0.32500202 0.325 0.325 0.325 0.3250002 0.655 -0.54601195 -0.54625 -0.54625 -0.54625
-0.26875 -0.45375 0.785 -0.46875 0.056219903 -0.795 -0.89 -0.5975 -0.84625 -0.40875 -0.40875 -0.15 -0.425 -0.425 0.18578053 0.26741434 0.275 0.135 -0.12749978 0.08625 0.18753483 0.18 0.1725 -0.018749999 -0.018747678 0.16125 0.3025 0.3024996 -0.45266645 -0.45249999 -0.07125 -0.17249791 -0.5975 -0.94 -0.90541805 -0.0275 -0.0275 -0.37875 -0.37875 0.0325 0.0325 0.032500011 0.68728604 0.68749998 0.325 0.325 0.325 0.65498744 0.655 0.655 -0.54625 -0.54625 -0.54625
-0.40652854 -0.45374999 0.62 0.71 0.385 -0.34125 -0.33375 -0.13375 -0.8025 -0.42770432 -0.47625 -0.1525 -0.1525 0.01375 0.013752797 0.11793897 0.1175 0.1175 0.094928974 0.48499995 0.26875 0.26875 0.52375 0.31092185 0.14311075 0.16125 0.195 0.3025 0.22420762 0.22375 -0.05375 0.52375 0.52311606 0.4875 0.2725 0.12875 0.0325 -0.3675 0.26095967 0.034815583 0.55125 0.7425 0.68748678 0.6875 0.68545965 0.325 0.50499999 0.655 0.655 0.655 0.655 -0.44695532 0.22875
-0.1425 -0.1425 0.2425 0.48375 -0.01875 -0.5925 -0.43375 -0.3025 -0.19125 -0.33251142 -0.28875 -0.39 0.01375 0.01375 0.31125 0.30859263 0.1175 0.11749 0.01625 0.485 0.485 0.45713977 0.52375 0.12000765 0.12 0.12 0.195 0.64125 0.64125 0.22375 0.22375 0.52374763 0.5225 0.4875 0.475 0.12875 0.0325 -0.135 0.26125 0.97081075 0.74249999 0.69245001 0.60625 0.6875 0.6875 0.505 0.505 0.505 0.655 0.655 0.25125 0.25125 0.25124999
-0.1425 -0.1425 -0.15 -0.74625 -0.4975 -0.00625 -0.47499999 -0.37389541 -0.6025 -0.42125 -0.13375 -0.54875 -0.39021074 0.31125 0.31125 0.31128216 0.59 0.55988691 0.01625 0.80125 0.80125 1.41 1.41 0.12 0.12 0.12 0.64125 0.64125 0.64125 0.41375 0.41375 0.41375018 0.6125 0.6125 -0.07375 0.27375 0.53375 0.032499596 0.695 0.9825 0.9825 0.68749973 0.60625 0.6875 0.63875 0.62875 0.71285096 0.71375 1.1 1.1 0.25125 0.25125 0.25125
-0.1425 -0.14592274 -0.40444114 -0.76248107 0.08 -0.04 -0.475 -0.37375 -0.60249809 -0.42325803 -0.54874983 -0.54875 0.55625 0.31125 0.31125 0.58999999 0.59 0.58996735 0.01625 0.80125 0.92079612 1.41 1.41 0.12005175 0.12 0.3427075 0.7975 0.7975 0.79749998 0.41375 0.41375 0.5 0.5 0.61249812 -0.07375 0.58874981 0.44575586 0.0325 0.0325 0.98249999 0.6875 0.6875 0.68749963 0.63875 0.63875 0.62875 0.71375 0.71375 1.1 1.1 0.25125 0.25125 0.25125
-0.5375 -0.020779133 -0.0012770551 -0.0067529998 0.079999164 -0.039997167 -0.47499999 -0.37499633 -0.58673679 -0.59776708 0.55625 0.55625 0.55625 0.55625 0.31128471 0.59 0.59 0.58259197 0.01625 0.80136548 1.2175 1.2175 1.2175 1.2175 0.13913515 0.7975 0.7975 0.7975 0.7975 0.79727442 0.5 0.5 0.5 0.5 0.58875 0.58875 0.58875 0.05926517 0.039015394 0.9 0.9 0.68751143 0.59750141 0.63874603 0.63875 0.62875 0.71375 0.71375 1.1 1.1 0.25432917 0.25125 -0.23322193
-0.5375 -0.00125 -0.00125 -0.00125 -0.00125 -0.0012500155 -0.47388644 -0.42712194 -0.54468197 0.55500667 0.55625 0.55625 0.55625 0.55625 0.55625024 0.59 0.58999991 0.55064467 0.016261885 1.2175 1.2175 1.2175 1.2175 1.2175 1.2147692 0.82187176 0.79125 0.79125 0.79125 0.79125 0.50000001 0.5 0.50000056 0.9675 0.9675 0.58875 1.116164 1.13125 0.90000013 0.9 0.9 0.9 0.5975 0.5975 0.5975 0.59771747 0.1387479 0.135 0.135 0.135 0.13500002 1.0324998 1.0325
0.3375 -0.00125 -0.00125 -0.00125 -0.00125 -0.00125 -0.0012500283 -0.25455057 0.88595979 0.89375 0.89375 0.89375 0.89375 0.89375 0.89375 1.1900844 0.59956987 0.51143464 1.2173492 1.2175 1.2175 1.2175 1.2175 1.2175003 1.09125 1.09125 1.0912496 0.79125 0.79125 0.79181319 1.0725 1.0725 0.9675 0.9675 0.9675 1.105019 1.13125 1.13125 1.13125 0.9 0.9 0.9 0.5975 0.5975 0.5975 0.5975 0.13500001 0.135 0.135 0.135 0.135 1.0325 1.0325
0.3375 0.21138722 -0.00125 -0.00125 -0.00125 -0.00125 0.23745314 0.2375 0.23750002 0.89375 0.89375 0.89375 0.89375 0.89375 0.96048362 1.19625 1.19625 1.19625 1.4679845 1.4687497 1.46875 1.46875 1.46875 1.46875 1.09125 1.09125 1.09125 1.09125 0.79125 1.0725 1.0725 1.0725 0.96750001 0.9675 0.9675 1.165 1.1312947 1.13125 1.13125 0.90002743 0.95459865 1.0819545 0.5975 0.5975 0.96511202 0.96625 0.96625 0.13614095 0.82508003 0.82749994 0.82749987 1.012503 1.0325
0.3375 -0.0018834691 -0.0063104604 -0.00125 -0.00125 0.23735894 0.2375 0.2375 0.2375 0.24222913 0.89375 0.89375 0.89375 0.89375004 1.19625 1.19625 1.19625 1.19625 1.4685066 1.46875 1.46875 1.46875 1.46875 1.46875 1.09125 1.09125 1.09125 1.09125 1.0911818 1.0725 1.0725 1.0725 1.585 0.967535 1.165 1.165 1.165 1.1678143 1.0855969 1.0825 1.0825 1.0825 1.11875 1.11875 0.96625 0.96625 0.96625 0.8275 0.8275 0.8275 0.8275 1.0125 1.0125
-0.010981286 -0.01125 -0.01125 -0.01125 0.0375 0.23749484 0.2375 0.2375 0.2375 0.2375 0.87217292 0.89374629 0.89374999 1.19625 1.19625 1.19625 1.19625 1.19625 1.2081433 1.46875 1.46875 1.46875 1.46875 1.46875 1.4235227 1.638747 1.63875 1.63875 1.63875 1.0725 1.585 1.585 1.585 1.585 1.165 1.1650067 1.42125 1.42125 1.0867298 1.0825 1.0825 1.0825 1.11875 1.11875 0.98986225 0.96625 0.96625 0.8275 0.8275 0.8275 0.82948368 1.0125 1.0125
-0.01125 -0.01125 -0.01125 0.011707102 0.0375 0.0375 0.2375 0.2375 0.2375 0.2375 0.60875 0.60875 0.60875 1.19625 1.19625 1.19625 1.19625 1.1962403 1.04625 1.04625 1.4687498 1.46875 1.4635461 1.255 1.2584547 1.63875 1.63875 1.63875 1.63875 1.5850055 1.585 1.585 1.585 1.585 1.4212491 1.42125 1.42125 1.42125 1.420084 1.0825 1.0825 1.0825 1.11875 1.11875 1.11875 0.96625 0.96625 0.82750001 0.8275 0.8275 1.0125 1.0125 1.0125
-0.01125 -0.01125 -0.01125 0.0375 0.0375 0.0375 0.037500306 0.2375 0.2375 0.60836676 0.60875 0.60875 0.60875 0.60911604 1.1486964 1.1375 1.1375 1.1375 1.04625 1.04625 1.04625 1.255 1.255 1.255 1.2550217 1.4781144 1.63875 1.63875 1.63875 1.8677925 1.9312159 1.93125 1.93125 1.93125 1.6051416 1.862499 1.8625 1.8625 1.8625 1.498693 1.49875 1.49875 1.11875 1.11875 1.367499 1.3675 1.315 1.315 1.2475 1.2475 1.2475 1.0125 1.1798502
-0.011248805 -0.01125 -0.011249998 0.0375 0.0375 0.0375 0.037500003 0.30624998 0.23777489 0.60858791 0.60875 0.60875 0.60875 0.60978755 1.1375 1.1375 1.1375 1.1375 1.04625 1.04625 1.04625 1.255 1.255 1.255 1.3325 1.3325 1.54625 1.54625 1.54625 1.5483503 1.93125 1.93125 1.93125 1.93125 1.8968939 1.8625 1.8625 1.8625 1.8625 1.49875 1.49875 1.49875 1.4946204 1.3675 1.3675 1.3675 1.315 1.315 1.2475 1.2475 1.2475 1.18 1.18
0.37375 0.20338317 0.30625 0.30617203 0.0375 0.30469502 0.30625 0.30625 0.42285116 0.43 0.43 0.43 0.43 0.70749097 0.7075 1.1374997 1.1375 1.1350957 1.04625 1.04625 1.04625 0.94 0.94 0.94 1.3325 1.3325 1.54625 1.54625 1.54625 1.5462502 1.8425006 1.8425002 1.9290194 1.9311549 1.7414672 1.74125 1.74125 1.74125 1.74125 1.49875 1.49875 1.49875 1.3747267 1.3675 1.3675 1.3674999 1.315 1.315 1.3149976 1.2475 1.2474949 1.13375 1.18
0.67869208 0.67874994 0.30625 0.30625 0.30625 0.30625 0.30625 0.30625 0.62625 0.62625 0.43 0.43 0.43 0.7075 0.7075 0.7075 0.7075 0.70753923 1.04625 1.04625 1.04625 0.94 0.94 0.94 1.3325 1.3325 1.54625 1.54625 1.54625 1.8391598 1.8425 1.8425 1.8425 1.8425 1.7413 1.74125 1.74125 1.74125 1.74125 1.0512501 1.05125 1.05125 1.05125 1.3674941 0.6 0.6 0.6 0.88625 0.88625 0.88625 1.13375 1.13375 1.13375
0.67875 0.67875 0.30625 0.30625 0.30625 0.30625 0.30625 0.62625 0.62625 0.62625 0.43002416 0.43 0.3431805 0.70749991 0.7075 0.7075 0.7075 0.19125 0.19125 0.19125 0.40625001 0.4062504 0.9399974 0.94 0.94021395 1.115 1.115 1.115001 1.5461803 1.6450394 1.6450011 1.6450345 1.8421625 1.8423296 1.759153 1.7412495 1.7372453 0.54625 0.54625 1.05125 1.05125 1.05125 1.05125 0.6 0.6 0.6 0.6 0.88625 0.88625 0.88625 1.13375 1.13375 1.13375
0.67875 0.67875 0.30625 0.30625 0.30625 0.30625 0.42601665 0.62625 0.62625 0.62625 0.6260829 0.32375 0.32375 0.32375 0.70523847 0.7075 0.19469016 0.19125 0.19125 0.19125 0.40625 0.40625 0.40625 0.40625 1.115 1.115 1.115 1.115 1.115 1.645 1.645 1.645 1.645 1.6449993 1.315 0.54625 0.54625 0.54625 0.54625 0.54625007 0.49 0.49 0.49 0.51440628 0.565 0.565 0.565 0.88624999 0.88624996 0.845 0.845 1.3561959 1.35625
0.67875 0.67875 0.44069634 0.30625 0.30625 0.30625 0.4952329 0.62583637 0.62625 0.62625 0.32375003 0.32375 0.32375 0.32375 0.32375 0.35518504 0.19125 0.19125 0.19125 0.19125 0.40624834 0.40625 0.40625 0.40625 1.115 1.115 1.115 1.115 1.115 0.9429914 1.645 1.645 1.645 1.315 1.315 1.314403 0.54625 0.54625 0.69749673 0.81499998 0.49 0.49 0.49 0.51483866 0.565 0.565 0.565 0.8325 0.84484425 0.845 0.845 1.35625 1.35625
0.7775 0.7775 0.7775 0.42440533 0.30680972 0.495 0.495 0.495 0.495 0.45625 0.45625 0.32375001 0.32375 0.32375 0.32375 0.32374159 0.19125 0.19125 0.19125 0.19125 0.31243097 0.40625 0.40625 0.40055793 0.22999486 1.115 1.115 1.115 0.695 0.695 0.695 0.69500399 1.315 1.315 1.315 1.315 0.815 0.815 0.815 0.815 0.6175 0.6175 0.6175 0.77499683 0.775 0.775 0.77499993 0.8325 0.8325 0.84498477 0.845 1.3562482 1.35625
0.7775 0.7775 0.7775 0.77749529 0.69 0.6616438 0.495 0.495 0.495 0.45625 0.45625 0.45625 -0.018749984 -0.01875 -0.01875 -0.018749994 0.19093859 0.19125 0.19125 0.19125 0.19449829 0.1887506 0.18875 0.18875 0.18875 0.18875 -0.012499991 -0.0125 0.695 0.695 0.695 0.695 1.3149997 1.315 1.315 1.3149651 0.81500001 0.815 0.815 0.81602542 0.6175 0.6175 0.6175 0.7749927 0.775 0.775 0.775 0.8325 0.8325 0.83250002 0.99 0.99 1.0175
0.7775 0.7775 0.7775 0.6900002 0.69 0.69 0.49500007 0.495 0.495 0.45625 0.45625 0.45625 -0.01875 -0.01875 -0.01875 -0.015703618 0.02125 0.02125 0.021250439 0.1902898 0.18875 0.18875 0.18875 0.18875 0.18875 0.18859855 -0.0125 -0.0125 -0.012499999 0.695 0.695 0.69492437 0.88625 0.88625 0.88625 0.80375 0.80375 1.04875 1.04875 1.04875 1.1175 0.61765684 0.61750373 1.1175 1.1175 1.1045196 0.775001 0.8325 0.8325 0.99 0.99 0.99 1.0175
0.7775 0.7775 0.7775 0.69 0.69 0.69 0.69 0.495 0.495 0.45625 0.45625 0.00024314912 -0.01875 -0.01875 -0.01875 0.02125 0.02125 0.02125 0.02125 0.02125 0.18875 0.18875 0.18875 0.18875 0.18875 -0.012499313 -0.0125 -0.0125 -0.0125 0.5775 0.5775 0.5775 0.88625 0.88625 0.88625 0.80375 0.80375 1.04875 1.04875 1.1175 1.1175 1.1175 1.1175 1.1175 1.1175 1.1175 1.1036376 0.94875 0.94875 0.94875 0.99 0.8925 0.8925
0.7775 0.7775 0.77737815 0.69 0.69 0.69 0.69 0.38059617 0.365 0.36515666 0.45624998 -0.018753348 -0.01875 -0.01875 -0.018749862 0.02125 0.02125 0.02125 0.02125 0.02125 0.032903317 0.18875 0.18875 0.18875 0.1886604 -0.012513152 -0.0125 -0.0125 -0.0125 0.5775 0.5775 0.5775 0.57754173 0.88625 0.80375 0.80375 0.80375 0.80376 1.0487547 1.1175 1.1175 1.1175 1.1175 1.1175 1.1175 1.1175 0.94875054 0.94875 0.94875 0.94875 0.8925 0.8925 0.8925
0.1525 0.15250109 0.69002704 0.69 0.69 0.69 0.36506916 0.365 0.365 0.365 -0.058749989 -0.05875 -0.05875 -0.05875 0.020880775 0.02125 0.02125 0.02125 0.02125 0.026249997 0.02625 0.02625 -0.24624993 -0.24625 -0.24625 -0.24625 -0.22607437 -0.0125 0.23124002 0.23125 0.23125 0.23125 0.23125 0.69875 0.69875 0.69875 0.69875 0.69875 1.15 1.15 1.15 1.15 1.15 1.0014252 1.00125 1.00125 1.00125 0.94875 0.94875 0.94875 0.89250886 0.8925 0.8925
0.1525 0.1525 0.15049076 -0.087498437 -0.087499827 -0.087058338 0.365 0.365 0.365 0.365 -0.05875 -0.05875 -0.05875 -0.05875 -0.05875 0.02125 0.02125 0.02125 0.026249999 0.02625 0.02625 0.02625 -0.24625 -0.24625 -0.24625 -0.24625 -0.24625 -0.24620006 0.23115443 0.23125 0.23125 0.23125 0.23121161 0.74622801 0.69879916 0.69875 0.69875 0.69875 1.15 1.15 1.15 1.15 1.15 1.00125 1.00125 1.00125 1.00125 0.97669997 0.94875 0.97841529 0.97875 0.72625 0.72625
0.1525 0.1525 -0.087469599 -0.0875 -0.0875 -0.0875 0.027433091 0.365 0.365 0.365 -0.05875 -0.05875 -0.05875 -0.05875 -0.05875 0.021186378 0.02125 0.026248534 0.02625 0.02625 0.02625 0.02625 -0.14530061 -0.24625 -0.24625 -0.24625 -0.24625 -0.24608695 -0.01625 -0.01625 -0.01625 -0.01625 -0.01625 0.7825 0.7825 0.7825 0.7825 0.7825 1.54875 1.54875 1.54875 1.54875 1.54875 1.001717 1.0012501 1.00125 1.0012824 1.0051475 0.97875 0.97875 0.97875 0.72625141 0.72625
0.15249967 -0.022765094 -0.087499991 -0.0875 -0.0875 -0.0875 -0.0875 0.36480733 0.365 0.365 -0.058749999 -0.05875 -0.05875 -0.05875 -0.28119692 -0.28625 -0.28625 0.026241957 0.02625 0.02625 0.02625 0.02625 0.026249936 -0.24625 -0.24625 -0.24625 -0.24625 0.39999959 0.39999981 0.31141188 -0.01625 -0.01625 -0.01625 0.7825 0.7825 0.7825 0.7825 0.78265916 1.54875 1.54875 1.54875 1.54875 1.5487581 1.1925 1.1925 1.1925 1.1925 1.1924828 0.97875 0.97875 0.97875 0.97875013 1.1819386
