interpolatedSpi/04-12|22_3.tif
NCOLS 53
NROWS 52
XLLCORNER -116.03883
YLLCORNER 28.596182
DX 0.49850594
DY 0.49788537
NODATA_VALUE -9999
[rows 0 to 25 of 52, columns 0 to 52 of 53]
-0.30111111 -0.30111111 -0.63992972 -0.82888889 -0.38666667 -0.32111111 -0.47 -0.52 -0.6805247 -0.54 -0.66111111 -0.23 -0.47442669 -0.25888889 -0.5 -0.5 -0.5 0.16555556 0.05 0.05 0.05 0.049992326 -0.74666666 0.024444444 0.024444444 0.024444444 -0.25555719 -0.25555556 -0.25555556 -0.38777778 -0.38777778 -0.38777778 -0.38777778 0.31999986 0.32 0.32 0.32 0.32 0.32 0.32000002 0.92679784 0.93302879 -0.26333333 -0.26333333 -0.26333333 -0.26333333 -0.26291774 -0.0088888889 -0.0088888889 -0.0088888889 0.40555469 0.40555556 0.40555556
-0.30114241 -1.0055556 -0.67555548 -0.60783821 -0.47353721 -0.45111111 -0.56555556 -0.24157255 -0.58111111 -0.58222222 -0.40333333 -0.47444444 -0.47444444 0.095481078 -0.25888672 -0.5 0.16555556 0.16555556 0.050150669 0.05 0.05 0.05 0.016139481 0.024444444 0.024444444 0.024444444 -0.25888887 -0.25888889 -0.38777778 -0.38777778 -0.38777778 -0.38777778 -0.38777778 0.3199999 0.32 0.32 0.32 0.32 0.32000003 0.46202592 1.2143727 -0.084017066 -0.26333333 -0.26333333 -0.26333333 -0.26333333 -0.26333333 -0.0088888889 -0.0088888889 -0.0088888889 0.025477241 0.40555556 0.40555556
-0.36110481 -0.36111111 -0.61 -0.11888889 -0.58444444 -0.70111111 -0.48222222 -0.33444444 -0.98111111 -0.36 -0.52666667 -0.64 -0.61333333 0.30222222 0.096666667 -0.58777778 0.16555556 0.16555556 0.16555556 0.077769703 0.077777778 0.077777778 -0.13333333 0.024444444 0.024444444 0.024444444 -0.25888889 -0.25888889 -0.25888889 -0.38777778 -0.38777778 -0.38777776 -0.20110153 0.32042955 0.32326809 0.66789371 0.67111111 0.67111111 0.73944812 1.2144444 1.2144444 1.2125547 -0.26333333 -0.26333333 -0.26333333 -0.26333333 -0.26333333 -0.0088888889 -0.0088888889 -0.0088888889 -0.0088888882 0.40555556 0.40555556
-0.33111111 -0.36111107 -0.17561019 0.43444444 -0.72888889 -0.29333333 -0.37444444 -0.76222222 -0.38111111 -0.040388163 -0.19777778 -0.18333333 -0.27222222 0.30222222 -0.47888889 -0.58777778 -0.78955542 -0.79044082 -1.2088889 0.077777778 0.077777778 -0.63222222 -0.13333333 -0.13333333 0.024444444 0.024443029 -0.25888889 -0.25888889 -0.25888889 -0.57777778 -0.26076398 -2.2281364e-15 -8.9016778e-16 5.2575936e-07 0.67111111 0.67111111 0.67111111 0.67111111 1.2144444 1.2144444 1.2144444 1.2144444 -0.26333333 -0.26333333 -0.26333333 -0.26333333 -0.26333333 -0.0088920986 -0.0088888889 -0.0088888889 -0.0088888889 0.40554695 0.40555556
-0.33111111 0.27111029 -0.17555556 -0.1375958 -0.72888889 -0.64 -0.23333953 0.35777778 -0.35 0.57111072 0.17933304 -0.0055805427 -0.18 -0.47888889 -0.47888889 -0.55494089 -0.79111111 -0.79111111 -1.2088889 -1.2088889 0.077776311 -0.63222222 0.38444444 0.098888889 0.015555556 0.015698146 -0.25888889 -0.25888889 -0.57777778 -0.57777778 -1.208482e-18 2.4671623e-17 7.8417761e-16 0.015505093 0.67111111 0.67111111 0.67111111 1.2144444 1.2144444 1.2144444 1.2144444 1.2143907 -0.26333332 -0.26333333 -0.26333333 -0.26333333 -0.26333333 -0.26106846 -0.0088888889 -0.0088821131 0.14222222 0.14222222 0.14222222
-2.0811111 -0.37666667 -0.17111112 -0.16555556 -0.53111111 -0.29222222 -0.47555556 -0.36886502 0.16888889 -0.51555556 -0.77444444 -0.20222222 -0.20222221 -0.12111111 -0.12111111 -0.64214577 -0.64222222 -0.59111111 -0.59111111 -1.2088879 -1.1133333 -1.1133333 0.098888889 0.015555556 0.015555556 0.62555556 -0.025555556 -0.025555556 0.24992423 -0.57777778 2.4669849e-17 2.4671628e-17 0.082222222 0.082307205 0.89549738 1.15 1.15 1.1945071 1.2144444 1.2144444 0.65847206 0.65777778 0.65778048 0.27259167 0.28216193 0.28222208 0.2822222 0.28222202 0.30101904 0.14222222 0.14222222 0.14222222 0.14222222
-1.6488909 -0.7 -0.41953485 -0.20222222 -0.28666667 -0.69555556 -0.23333333 -0.26666667 -0.21555556 -0.21555556 -0.77444444 -0.18111111 -0.73666654 -0.12111111 -0.32555494 -0.32555556 -0.64222222 -0.17444444 -0.062222223 -0.062222222 -0.90807129 -0.67777778 -0.67777778 0.36555555 0.62555556 0.62555556 -0.025555556 -0.025555556 0.24997352 0.24951242 0.56096534 0.082222222 0.082222222 0.89555556 0.89555556 1.2050692 1.15 1.15 1.0666696 0.65777835 0.65777778 0.65777778 0.65779228 0.28222417 0.28222222 0.28222222 0.28222222 0.28222226 0.33888889 0.1422612 0.14222222 0.14222222 0.14222222
-1.6488889 -0.21222222 0.032222222 -0.94333333 -0.61779644 -0.49555556 -0.41888889 -0.13888889 -0.42555556 -0.12888889 -0.12888889 -0.25222222 -0.73666667 -0.73666667 -0.32837616 -0.74045595 -0.78111111 -0.091111111 -0.5055551 -0.062222222 0.053411903 0.12444444 -0.66222222 0.18111111 0.18110693 -0.14333333 0.065555556 0.065555523 -0.20285201 -0.20444443 0.56333333 0.062166771 0.47555556 0.89555556 0.89980205 1.2511111 1.2511111 1.0666667 1.0666667 0.65777778 0.65777778 0.6577778 0.63466671 0.6322222 0.28222222 0.28222222 0.28222222 0.33888673 0.33888889 0.33888889 0.14222222 0.14222222 0.14222222
-0.36562349 -0.21222223 0.047777778 -0.27666667 -0.25222222 -0.47444444 -0.12333333 0.40444444 0.027777778 0.035752154 -0.085555556 -0.31666666 -0.31666667 0.33666667 0.33665975 -0.96504149 -0.96555556 -0.96555556 -0.15437669 -0.34555563 -0.71222222 -0.71222221 0.065555556 -0.37541696 -0.1106379 -0.14333333 0.20555556 0.065555556 0.36160295 0.36333333 -0.053333333 1.1922222 0.65946743 0.42888889 1.0444444 1.0733333 1.4033333 0.58777778 1.5695464 0.6628268 1.7888889 1.0177778 0.63229603 0.63222222 0.63025223 0.28222222 0.32888889 0.33888889 0.33888889 0.33888889 0.33888889 0.14692583 -0.094444444
-1.2233333 -1.2233333 0.24333333 -0.0088888889 -0.44 -0.0022222222 -0.085555556 -0.091111111 -0.024444444 0.037752803 0.22555556 0.55333333 0.33666667 0.33666667 -0.39888889 -0.40666098 -0.96555556 -0.9654022 -0.28555556 -0.34555556 -0.34555556 -0.39279453 0.065555556 -0.029998191 -0.03 -0.03 0.20555556 0.66333333 0.66333333 0.36333333 0.36333333 1.190216 0.13444444 0.42888889 0.77444444 1.0733333 1.4033333 1.3933333 1.57 0.75235866 1.0177778 1.0426752 1.0855556 0.63222222 0.63222222 0.32888889 0.32888889 0.32888889 0.33888889 0.33888889 0.18 0.18 0.1799999
-1.2233333 -1.2233333 -0.41555556 -0.74444444 -0.55555556 -0.29333333 -0.40888888 0.1987931 0.25444444 0.21888889 -0.072222222 -0.22666667 0.5522946 -0.39888889 -0.39888889 -0.39888312 -0.34888889 -0.34556486 -0.28555556 -0.32444444 -0.32444444 -0.45555556 -0.45555556 -0.03 -0.03 -0.03 0.66333333 0.66333333 0.66333333 -0.35888889 -0.35888889 -0.35888808 0.51888889 0.51888889 0.30222222 -0.011111111 1.3233333 0.79777931 1.1133333 0.73888889 0.73888889 0.47444645 1.0855556 0.63222222 0.62555536 0.36444444 0.85771263 0.86 0.93 0.93 0.18 0.18 0.18
-1.2233333 -0.87459429 -0.55590417 -0.74332459 0.18777778 -0.41777778 -0.40888889 0.19888889 0.25444398 0.2192828 -0.22666609 -0.22666667 -0.18666667 -0.39888889 -0.39888889 -0.34888889 -0.34888889 -0.34888528 -0.28555556 -0.32444444 -0.350192 -0.45555556 -0.45555556 -0.030016672 -0.03 0.093452458 0.34555556 0.34555556 0.3455556 -0.35888889 -0.35888889 -0.092222222 -0.092222222 0.51888829 0.30222222 0.59555556 1.2679216 0.79777778 0.79777778 0.73888888 0.47444444 0.47444444 0.47444563 0.62555556 0.62555556 0.36444444 0.86 0.86 0.93 0.93 0.18 0.18 0.18
0.048888889 -0.051161024 -0.015582322 -0.020816405 0.18777452 -0.41776348 -0.40888889 0.1914075 0.2506161 0.25351599 -0.18666667 -0.18666667 -0.18666667 -0.18666667 -0.39885883 -0.34888889 -0.34888889 -0.34807115 -0.28555556 -0.32434231 0.027777778 0.027777778 0.027777778 0.027777778 -0.028705082 0.34555556 0.34555556 0.34555556 0.34555556 0.34512866 -0.092222222 -0.092222222 -0.092222222 -0.092222222 0.59555556 0.59555556 0.59555556 0.78823727 0.79324642 0.19444444 0.19444444 0.47442938 0.32778797 0.62552687 0.62555556 0.36444444 0.86 0.86 0.93 0.93 0.18272092 0.18 0.54877389
0.048888889 -0.015555556 -0.015555556 -0.015555556 -0.015555556 -0.015555721 -0.40891156 -0.12130384 0.24040241 -0.18619244 -0.18666667 -0.18666667 -0.18666667 -0.18666667 -0.18666639 -0.34888889 -0.34888888 -0.34454465 -0.28555542 0.027777778 0.027777778 0.027777778 0.027777778 0.027777778 0.031646027 0.29837651 0.28777779 0.28777778 0.28777778 0.28777778 -0.092222221 -0.092222222 -0.092222312 -0.16666667 -0.16666667 0.59555556 0.22072164 0.21 0.19444445 0.19444444 0.19444444 0.19444444 0.32777778 0.32777778 0.32777778 0.32803294 0.8521699 0.85222222 0.85222222 0.85222222 0.85222222 1.172222 1.1722222
0.56555555 -0.015555556 -0.015555556 -0.015555556 -0.015555556 -0.015555556 -0.015555581 -0.20341839 0.19455595 0.19444444 0.19444444 0.19444444 0.19444444 0.19444444 0.19444444 0.28908696 -0.33872677 -0.34021628 0.02773836 0.027777778 0.027777778 0.027777778 0.027777778 0.027778154 0.20666667 0.20666667 0.20666678 0.28777778 0.28777778 0.28712365 -0.038888889 -0.038888889 -0.16666667 -0.16666667 -0.16666667 0.14966205 0.21 0.21 0.21 0.19444444 0.19444444 0.19444444 0.32777778 0.32777778 0.32777778 0.32777778 0.85222221 0.85222222 0.85222222 0.85222222 0.85222222 1.1722222 1.1722222
0.56555556 0.34921449 -0.015555556 -0.015555556 -0.015555556 -0.015555556 -0.047771454 -0.047777778 -0.047777772 0.19444444 0.19444444 0.19444444 0.19444444 0.19444444 0.21576979 0.29111111 0.29111111 0.29111111 0.35012651 0.35111078 0.35111111 0.35111111 0.35111111 0.35111111 0.20666667 0.20666667 0.20666667 0.20666667 0.28777778 -0.038888889 -0.038888889 -0.038888889 -0.16666666 -0.16666667 -0.16666667 0.10555556 0.20986171 0.21 0.21 0.19436973 0.045191504 -0.30295338 0.32777778 0.32777778 -0.11972581 -0.12111111 -0.12111111 0.85022747 -0.35576383 -0.35999989 -0.35999977 -0.073144874 1.1722197
0.56555556 -0.036711529 -0.03467285 -0.015555556 -0.015555556 -0.047758739 -0.047777778 -0.047777778 -0.047777778 -0.046032255 0.19444444 0.19444444 0.19444444 0.19444446 0.29111111 0.29111111 0.29111111 0.29111111 0.35105751 0.35111111 0.35111111 0.35111111 0.35111111 0.35111111 0.20666667 0.20666667 0.20666667 0.20666667 0.20577349 -0.038888889 -0.038888889 -0.038888889 -0.0044444453 -0.16663506 0.10555556 0.10555556 0.10555556 0.10331596 -0.27187062 -0.30444444 -0.30444444 -0.30444444 -0.44888889 -0.44888889 -0.12111111 -0.12111111 -0.12111111 -0.36 -0.36 -0.36 -0.36 -0.073333333 -0.073333333
-0.052828029 -0.053333333 -0.053333333 -0.053333336 -0.30222222 -0.047784341 -0.047777778 -0.047777778 -0.047777778 -0.047777778 0.23322377 0.19445112 0.19444446 0.29111111 0.29111111 0.29111111 0.29111111 0.29111111 0.28816924 0.35111111 0.35111111 0.35111111 0.35111111 0.35111111 0.024062152 -0.39333008 -0.39333333 -0.39333333 -0.39333333 -0.038888887 -0.004444445 -0.0044444444 -0.0044444444 -0.0044444444 0.10555556 0.10555017 -0.098888889 -0.098888889 -0.30187778 -0.30444444 -0.30444444 -0.30444444 -0.44888889 -0.44888889 -0.1718624 -0.12111111 -0.12111111 -0.36 -0.36 -0.36 -0.35692619 -0.073333333 -0.073333333
-0.053333333 -0.053333333 -0.053333333 -0.17053882 -0.30222222 -0.30222222 -0.047777778 -0.047777778 -0.047777778 -0.047777778 0.70666667 0.70666667 0.70666667 0.29111111 0.29111111 0.29111111 0.29111111 0.29110524 0.17 0.17 0.35111104 0.35111111 0.34085883 -0.07 -0.07291083 -0.39333333 -0.39333333 -0.39333333 -0.39333333 -0.0044840429 -0.0044444444 -0.0044444444 -0.0044444444 -0.0044444444 -0.09888817 -0.098888889 -0.098888889 -0.098888889 -0.099622198 -0.30444444 -0.30444444 -0.30444444 -0.44888889 -0.44888889 -0.44888889 -0.12111111 -0.12111111 -0.35999999 -0.36 -0.36 -0.073333334 -0.073333333 -0.073333333
-0.053333333 -0.053333333 -0.053333333 -0.30222222 -0.30222222 -0.30222222 -0.30222183 -0.047777778 -0.047777778 0.70588786 0.70666667 0.70666667 0.70666667 0.70640776 0.26233165 0.25555556 0.25555556 0.25555556 0.17 0.17 0.17 -0.07 -0.07 -0.07 -0.070107072 -0.42422199 -0.39333333 -0.39333333 -0.39333333 -0.20137471 -0.23553282 -0.23555556 -0.23555556 -0.23555556 -0.17381016 -0.27888848 -0.27888889 -0.27888889 -0.27888889 -0.75327191 -0.75333333 -0.75333333 -0.44888889 -0.44888889 -0.54222183 -0.54222209 -0.17222222 -0.17222222 -0.19777778 -0.19777778 -0.19777778 -0.073333333 0.18865443
-0.053333657 -0.053333333 -0.053333342 -0.30222222 -0.30222222 -0.30222222 -0.30222222 -0.23777772 -0.048537472 0.70604804 0.70666667 0.70666667 0.70666667 0.70578146 0.25555556 0.25555556 0.25555556 0.25555553 0.17 0.17 0.17 -0.07 -0.07 -0.07 -0.45222222 -0.45222222 -0.54444444 -0.54444444 -0.54444444 -0.54275936 -0.23555556 -0.23555556 -0.23555556 -0.23555556 -0.25721042 -0.27888889 -0.27888889 -0.27888889 -0.27888889 -0.75333333 -0.75333333 -0.75333333 -0.74669097 -0.54222222 -0.54222222 -0.54222222 -0.17222222 -0.17222222 -0.19777778 -0.19777778 -0.19777778 0.18888888 0.18888889
-0.15777778 -0.1180258 -0.44777778 -0.44773555 -0.30222222 -0.23815065 -0.23777778 -0.23777778 -0.20457884 0.024444441 0.024444444 0.024444444 0.024444444 0.31221285 0.31222222 0.2555556 0.25555556 0.25330129 0.17 0.17 0.17 -0.68555556 -0.68555556 -0.68555556 -0.45222222 -0.45222222 -0.54444444 -0.54444444 -0.54444444 -0.54444448 -0.59555327 -0.59555454 -0.24460361 -0.2359415 -0.872603 -0.87333333 -0.87333333 -0.87333333 -0.87333333 -0.75333333 -0.75333333 -0.75333333 -0.55384677 -0.54222222 -0.54222222 -0.54222222 -0.17222222 -0.17222222 -0.17222314 -0.19777778 -0.19776715 0.04 0.18888889
-0.25331519 -0.25333337 -0.44777778 -0.44777778 -0.44777778 -0.23777778 -0.23777778 -0.23777778 -0.14666667 -0.14666667 0.024444444 0.024444444 0.024444444 0.31222222 0.31222222 0.31222222 0.31222222 0.31220622 0.17 0.17 0.16999997 -0.68555556 -0.68555556 -0.68555556 -0.45222222 -0.45222222 -0.54444444 -0.54444444 -0.54444444 -0.59497927 -0.59555556 -0.59555556 -0.59555556 -0.59555556 -0.87319627 -0.87333333 -0.87333333 -0.87333333 -0.87333333 -0.9244444 -0.92444444 -0.92444444 -0.92444444 -0.54222215 -0.53222222 -0.53222222 -0.53222222 -0.057777778 -0.057777778 -0.057777778 0.04 0.04 0.04
-0.25333333 -0.25333333 -0.44777778 -0.44777778 -0.44777778 -0.23888158 -0.23777778 -0.14666667 -0.14666667 -0.14666667 0.024423381 0.024444444 -0.056360112 0.31222213 0.31222222 0.31222222 0.31222222 -0.14 -0.14 -0.14 -0.91777777 -0.91777761 -0.68555669 -0.68555556 -0.68564484 -0.94666667 -0.94666667 -0.94666571 -0.54450945 -0.99325406 -0.99333122 -0.99326389 -0.5962354 -0.59589883 -0.82411857 -0.87333348 -0.87456212 -1.24 -1.24 -0.92444444 -0.92444444 -0.92444444 -0.92444444 -0.53222222 -0.53222222 -0.53222222 -0.53222222 -0.057777778 -0.057777778 -0.057777778 0.04 0.04 0.04
-0.25333333 -0.25333333 -0.44777778 -0.44777778 -0.44777778 -0.44777778 -0.20367755 -0.14666667 -0.14666667 -0.14666667 -0.14662677 -0.074444444 -0.074444444 -0.074444444 0.30994351 0.31222222 -0.1369865 -0.14 -0.14 -0.14 -0.91777778 -0.91777778 -0.91777778 -0.91777778 -0.94666667 -0.94666667 -0.94666667 -0.94666667 -0.94666667 -0.99333333 -0.99333333 -0.99333333 -0.99333333 -0.99333335 -0.99888889 -1.24 -1.24 -1.24 -1.24 -1.2399987 -0.86555556 -0.86555556 -0.86555556 -0.72707438 -0.44 -0.44 -0.44 -0.057777789 -0.05777802 -0.30777778 -0.30777778 0.083322791 0.083333333
-0.25333333 -0.25333333 -0.37759699 -0.44777778 -0.44777778 -0.44777777 -0.27754512 -0.14707986 -0.14666667 -0.14666667 -0.074444448 -0.074444444 -0.074444444 -0.074444444 -0.074444444 -0.042760375 -0.14 -0.14 -0.14 -0.14 -0.91777176 -0.91777778 -0.91777778 -0.91777778 -0.94666667 -0.94666667 -0.94666667 -0.94666667 -0.94666667 -1.198599 -0.99333333 -0.99333333 -0.99333333 -0.99888889 -0.99888889 -0.99907612 -1.24 -1.24 -1.153082 -1.0855556 -0.86555556 -0.86555556 -0.86555556 -0.72937887 -0.44 -0.44 -0.44 -0.72333333 -0.31295556 -0.30777778 -0.30777778 0.083333333 0.083333333
