interpolatedSpi/04-12|23_3.tif
NCOLS 53
NROWS 52
XLLCORNER -116.03883
YLLCORNER 28.596182
DX 0.49850594
DY 0.49788537
NODATA_VALUE -9999
[rows 0 to 24 of 52, columns 0 to 52 of 53]
-0.22 -0.22 -0.43761158 -0.41777778 -0.29666667 -0.38444444 -0.54444444 -0.36444444 -1.1199418 -1.1655556 -0.78888889 -0.94555556 -1.3466292 -0.89111111 -0.50777778 -0.50777778 -0.50777778 -0.91555556 -0.53555556 -0.53555556 -0.53555556 -0.5355547 -0.44666667 -0.89222222 -0.89222222 -0.89222222 -1.4299999 -1.43 -1.43 -1.7777778 -1.7777778 -1.7777778 -1.7777778 -1.7077778 -1.7077778 -1.7077778 -1.7077778 -1.7077778 -1.7077778 -1.7077777 -0.16110333 -0.14458468 -0.69444444 -0.69444444 -0.69444444 -0.69444444 -0.69395807 -0.39666667 -0.39666667 -0.39666667 -0.29666687 -0.29666667 -0.29666667
-0.22002493 -0.78111111 -0.42333349 -0.44044087 -0.48677013 -0.71777778 -0.7 -0.63885061 -1.0477778 -0.89111111 -1.0555556 -1.3466667 -1.3466667 -1.1059479 -0.89111033 -0.50777778 -0.91555556 -0.91555556 -0.53605102 -0.53555556 -0.53555556 -0.53555556 -0.91093763 -0.89222222 -0.89222222 -0.89222222 -0.7088889 -0.70888889 -1.7777778 -1.7777778 -1.7777778 -1.7777778 -1.7777778 -1.7077778 -1.7077778 -1.7077778 -1.7077778 -1.7077778 -1.7077777 -1.4370423 -0.029007628 -0.61368515 -0.69444444 -0.69444444 -0.69444444 -0.69444444 -0.69444444 -0.39666667 -0.39666667 -0.39666667 -0.38837457 -0.29666667 -0.29666667
0.46996938 0.47 -0.55666667 -0.38222222 -0.67555556 0.071111111 -0.36333333 0.073333333 -0.95111111 -1.0588889 -1.1177778 -0.92555556 -1.3466667 -1.5922222 -1.1066667 -1.4988889 -0.91555556 -0.91555556 -0.91555556 -0.5311124 -0.53111111 -0.53111111 -1.2477778 -0.89222222 -0.89222222 -0.89222222 -0.70888889 -0.70888889 -0.70888889 -1.7777778 -1.7777778 -1.7777777 -1.4712864 -1.7054626 -1.6992559 -0.80061189 -0.79222222 -0.79222222 -0.69621501 -0.028888894 -0.028888889 -0.029739968 -0.69444444 -0.69444444 -0.69444444 -0.69444444 -0.69444444 -0.39666667 -0.39666667 -0.39666667 -0.39666667 -0.29666667 -0.29666667
0.39222222 0.46999984 -0.33349009 -0.26555556 -1.0044444 -0.74888889 -0.67666667 -0.96555556 -0.57222222 -1.0576753 -1.2622222 -1.3833333 -1.3611111 -1.5922222 -1.5266667 -1.4988889 -1.0721788 -1.0687815 -0.79555556 -0.53111111 -0.53111111 -1.0488889 -1.2477778 -1.2477778 -0.89222222 -0.89222131 -0.70888889 -0.70888889 -0.70888889 -1.1233333 -1.1330876 -1.1411111 -1.1411111 -1.1411108 -0.79222222 -0.79222222 -0.79222222 -0.79222222 -0.028888889 -0.028888889 -0.028888889 -0.028888914 -0.69444444 -0.69444444 -0.69444444 -0.69444444 -0.69444444 -0.39667042 -0.39666667 -0.39666667 -0.39666667 -0.2967047 -0.29666667
0.39222222 -0.28666675 -0.33333333 -0.80412601 -1.0044444 -1.1288889 -1.2011181 -1.6944444 -1.7244444 -1.2133336 -1.444552 -1.5465277 -0.57666667 -1.5266667 -1.5266667 -1.5013247 -1.0688889 -1.0688889 -0.79555556 -0.79555556 -0.53111213 -1.0488889 -0.80333333 -0.19777778 -0.56555556 -0.56555533 -0.70888889 -0.70888889 -1.1233333 -1.1233333 -1.1411111 -1.1411111 -1.1411111 -1.0422149 -0.79222222 -0.79222222 -0.79222222 -0.028888889 -0.028888889 -0.028888889 -0.028888889 -0.028944232 -0.69444444 -0.69444444 -0.69444444 -0.69444444 -0.69444444 -0.69179385 -0.39666667 -0.3967144 -1.4611111 -1.4611111 -1.4611111
-1.4044444 -0.80333333 -0.68999997 -0.31888889 -0.71333333 -1.1466667 -1.4866667 -1.5132682 -1.62 -1.8777778 -1.8922222 -1.4455556 -1.445555 -1.6188889 -1.6188889 -0.75991174 -0.76 -1.09 -1.09 -0.79555533 -0.89222222 -0.89222222 -0.19777778 -0.56555556 -0.56555556 -0.56444444 -1.0922222 -1.0922222 -0.76558866 -1.1233333 -1.1411111 -1.1411111 -0.61666667 -0.61666551 -0.6055563 -0.34333333 -0.34333333 -0.12616946 -0.028888889 -0.028888889 -0.60150715 -0.60222222 -0.60222126 -0.64641858 -0.64556096 -0.64555557 -0.64555556 -0.64555558 -1.432695 -1.4611111 -1.4611111 -1.4611111 -1.4611111
-0.21666678 -0.68333333 -0.38754305 -0.70333333 -0.82888889 -1.4822222 -1.11 -1.4444444 -2.0477778 -2.0477778 -1.8922222 -1.7888889 -1.5288888 -1.6188889 -0.39444811 -0.39444444 -0.76 -0.26222222 -0.53555556 -0.53555556 -0.68800744 -0.45888889 -0.45888889 -0.60888889 -0.56444444 -0.56444444 -1.0922222 -1.0922222 -0.76558243 -0.76605029 -0.39147295 -0.61666667 -0.61666667 -0.60555556 -0.60555556 -0.65498847 -0.34333333 -0.34333333 -0.67887726 -0.60222233 -0.60222222 -0.60222222 -0.60221754 -0.64555674 -0.64555556 -0.64555556 -0.64555556 -0.64555604 -1.4644444 -1.4611118 -1.4611111 -1.4611111 -1.4611111
-0.21666667 -0.82444444 -0.37777778 -1.1444444 -0.77890985 -1.2888889 -1.6911111 -1.7966667 -1.7144444 -1.9911111 -1.9911111 -1.2966667 -1.5288889 -1.5288889 -0.40222779 -0.62415759 -0.64666667 -0.24333333 -0.75444422 -0.53555556 -0.31550867 -0.24777778 -0.73888889 -0.0055555587 -0.0055681239 -0.98 -0.43111111 -0.43111134 -1.2250509 -1.2266666 -0.38888889 -0.79504506 -0.62222222 -0.60555556 -0.61065768 -0.91555556 -0.91555556 -0.67888889 -0.67888889 -0.60222222 -0.60222222 -0.60222221 -0.85518612 -0.85777777 -0.64555556 -0.64555556 -0.64555556 -1.4644133 -1.4644444 -1.4644444 -1.4611111 -1.4611111 -1.4611111
-0.89018784 -0.82444444 -0.22222222 -1.2333333 -0.81777778 -1.4233333 -0.94666667 -0.70444444 -1.5944444 -0.77396975 -0.69333333 -1.3455556 -1.3455556 -0.66444444 -0.66444441 -0.4793565 -0.47888889 -0.47888889 -0.32135523 -1.0177778 -1.0455556 -1.0455555 -0.89444444 -0.80019077 -0.88180173 -0.98 -0.52777778 -0.43111111 -0.67744905 -0.67888889 -0.84333333 -0.9 -0.70805151 -1.2311111 -0.78444444 -0.99666667 -0.90444444 -0.48666667 -0.37338567 -0.60042679 -0.2 -0.47555555 -0.85773237 -0.85777778 -0.85658328 -0.64555556 -1.1177778 -1.4644444 -1.4644444 -1.4644444 -1.4644444 -1.3998258 -0.22555556
-1.2577778 -1.2577778 -0.073333333 -0.27111111 -1.1533333 -0.73222222 -0.83888889 -1.3822222 -0.85 -0.56561456 -1.3611111 -0.27222222 -0.66444444 -0.66444444 -0.66111111 -0.65861185 -0.47888889 -0.4788686 -0.37444444 -1.0177778 -1.0177778 -1.0213565 -0.89444444 -0.86111174 -0.86111111 -0.86111111 -0.52777778 -0.28777778 -0.28777778 -0.67888889 -0.67888889 -0.89927718 -0.51888889 -1.2311111 -0.92666667 -0.99666667 -0.90444444 -0.93666667 -0.37333333 -0.085847168 -0.47555554 -0.51351396 -0.57888889 -0.85777778 -0.85777778 -1.1177778 -1.1177778 -1.1177778 -1.4644444 -1.4644444 -0.96888889 -0.96888889 -0.96888861
-1.2577778 -1.2577778 -0.7 -1.0877778 -1.0722222 -0.37222222 -1.17 -0.42562965 -0.62 -0.34 -0.12888889 -0.05 -0.27192696 -0.66111111 -0.66111111 -0.66109573 -0.52777778 -0.51973013 -0.37444444 -0.22444444 -0.22444444 -0.35111111 -0.35111111 -0.86111111 -0.86111111 -0.86111111 -0.28777778 -0.28777778 -0.28777778 -0.55666667 -0.55666667 -0.5566666 -0.84666667 -0.84666667 -1.3622222 -1.0555556 -0.60333333 -0.57000593 -0.57555556 -0.081111111 -0.081111111 -0.71555511 -0.57888889 -0.85777778 -0.35000012 -0.38777778 -0.55687059 -0.55444445 -0.81222222 -0.81222222 -0.96888889 -0.96888889 -0.96888889
-1.2577778 -1.0170192 -0.86547861 -1.1266576 -0.58222222 -0.74666667 -1.17 -0.42444444 -0.61999837 -0.34310206 -0.050000377 -0.05 -0.027777778 -0.66111111 -0.66111111 -0.52777778 -0.52777778 -0.52776905 -0.37444444 -0.22444444 -0.2493192 -0.35111111 -0.35111111 -0.86109001 -0.86111111 -0.6624184 -0.25666667 -0.25666667 -0.25666667 -0.55666667 -0.55666667 -0.37333333 -0.37333333 -0.84666808 -1.3622222 -0.57666702 -0.70970137 -0.57 -0.57 -0.081111132 -0.71555556 -0.71555556 -0.71555289 -0.35 -0.35 -0.38777778 -0.55444444 -0.55444444 -0.81222222 -0.81222222 -0.96888889 -0.96888889 -0.96888889
-0.47111111 -0.54105571 -0.52224285 -0.52659445 -0.58222323 -0.74666278 -1.17 -0.43362181 -0.60652422 -0.61268845 -0.027777778 -0.027777778 -0.027777778 -0.027777778 -0.6610214 -0.52777778 -0.52777778 -0.525798 -0.37444444 -0.22430846 0.24888889 0.24888889 0.24888889 0.24888889 -0.84182635 -0.25666667 -0.25666667 -0.25666667 -0.25666667 -0.25674086 -0.37333333 -0.37333333 -0.37333333 -0.37333333 -0.57666667 -0.57666667 -0.57666667 -0.57113419 -0.57062588 -0.65333333 -0.65333333 -0.71555221 -0.6266572 -0.35002665 -0.35 -0.38777778 -0.55444444 -0.55444444 -0.81222222 -0.81222222 -0.96832052 -0.96888889 -1.0795092
-0.47111111 -0.52222222 -0.52222222 -0.52222222 -0.52222222 -0.52222232 -1.1689163 -0.81725621 -0.57057207 -0.02840849 -0.027777778 -0.027777778 -0.027777778 -0.027777778 -0.027777425 -0.52777778 -0.52777775 -0.51726016 -0.37444456 0.24888889 0.24888889 0.24888889 0.24888889 0.24888889 0.25522783 0.033556765 0.1077777 0.10777778 0.10777778 0.10777778 -0.37333332 -0.37333333 -0.37333258 0.25444444 0.25444444 -0.57666667 -0.099212509 -0.085555556 -0.65333301 -0.65333333 -0.65333333 -0.65333333 -0.62666667 -0.62666667 -0.62666667 -0.62500422 -0.25636173 -0.25444444 -0.25444444 -0.25444444 -0.25444445 -0.60555563 -0.60555556
-0.66 -0.52222222 -0.52222222 -0.52222222 -0.52222222 -0.52222222 -0.52222226 -0.58917237 0.46676481 0.47222222 0.47222222 0.47222222 0.47222222 0.47222222 0.47222222 0.73009953 -0.50771566 -0.50678101 0.24881046 0.24888889 0.24888889 0.24888889 0.24888889 0.24888928 0.54222222 0.54222222 0.54222161 0.10777778 0.10777778 0.10895254 0.69444444 0.69444444 0.25444444 0.25444444 0.25444444 -0.031091034 -0.085555556 -0.085555556 -0.085555556 -0.65333333 -0.65333333 -0.65333333 -0.62666667 -0.62666667 -0.62666667 -0.62666667 -0.25444445 -0.25444444 -0.25444444 -0.25444444 -0.25444444 -0.60555556 -0.60555556
-0.66 -0.6087069 -0.52222222 -0.52222222 -0.52222222 -0.52222222 0.42425865 0.42444444 0.42444445 0.47222222 0.47222222 0.47222222 0.47222222 0.47222222 0.5303154 0.73555556 0.73555556 0.73555556 0.58563841 0.58666632 0.58666667 0.58666667 0.58666667 0.58666667 0.54222222 0.54222222 0.54222222 0.54222222 0.10777778 0.69444444 0.69444444 0.69444444 0.25444448 0.25444444 0.25444444 0.41333333 -0.084895011 -0.085555556 -0.085555556 -0.65328717 -0.56158765 -0.34758323 -0.62666667 -0.62666667 -0.54248282 -0.54222222 -0.54222222 -0.25472132 -0.42163591 -0.42222221 -0.42222219 -0.30337911 -0.60555494
-0.66 -0.030700856 -0.26470102 -0.52222222 -0.52222222 0.42388511 0.42444444 0.42444444 0.42444444 0.42478874 0.47222222 0.47222222 0.47222222 0.47222225 0.73555556 0.73555556 0.73555556 0.73555556 0.58679967 0.58666667 0.58666667 0.58666667 0.58666667 0.58666667 0.54222222 0.54222222 0.54222222 0.54222222 0.54277591 0.69444444 0.69444444 0.69444444 0.73 0.25447209 0.41333333 0.41333333 0.41333333 0.41299085 -0.33011355 -0.34666667 -0.34666667 -0.34666667 -0.80555556 -0.80555556 -0.54222222 -0.54222222 -0.54222222 -0.42222222 -0.42222222 -0.42222222 -0.42222222 -0.30333333 -0.30333333
-0.013603723 -0.013333333 -0.013333333 -0.013333327 0.67111111 0.42445081 0.42444444 0.42444444 0.42444444 0.42444444 0.47516641 0.47222273 0.47222222 0.73555556 0.73555556 0.73555556 0.73555556 0.73555556 0.73777173 0.58666667 0.58666667 0.58666667 0.58666667 0.58666667 0.61577379 0.69666583 0.69666667 0.69666667 0.69666667 0.69444445 0.73 0.73 0.73 0.73 0.41333333 0.4133326 0.38555556 0.38555556 -0.33752378 -0.34666667 -0.34666667 -0.34666667 -0.80555556 -0.80555556 -0.58299529 -0.54222222 -0.54222222 -0.42222222 -0.42222222 -0.42222222 -0.42094742 -0.30333333 -0.30333333
-0.013333333 -0.013333333 -0.013333333 0.30898177 0.67111111 0.67111111 0.42444444 0.42444444 0.42444444 0.42444444 0.51111111 0.51111111 0.51111111 0.73555556 0.73555556 0.73555556 0.73555556 0.73562037 0.95555556 0.95555556 0.58666682 0.58666667 0.58536822 0.53333333 0.53480375 0.69666667 0.69666667 0.69666667 0.69666667 0.72999661 0.73 0.73 0.73 0.73 0.38555565 0.38555556 0.38555556 0.38555556 0.38296186 -0.34666667 -0.34666667 -0.34666667 -0.80555556 -0.80555556 -0.80555556 -0.54222222 -0.54222222 -0.42222222 -0.42222222 -0.42222222 -0.30333333 -0.30333333 -0.30333333
-0.013333333 -0.013333333 -0.013333333 0.67111111 0.67111111 0.67111111 0.67111073 0.42444444 0.42444444 0.51102165 0.51111111 0.51111111 0.51111111 0.51125096 1.053029 1.1277778 1.1277778 1.1277778 0.95555556 0.95555556 0.95555556 0.53333333 0.53333333 0.53333333 0.53337722 0.69316984 0.69666667 0.69666667 0.69666667 0.61179754 0.58556976 0.58555556 0.58555556 0.58555556 0.2529456 0.065556282 0.065555556 0.065555556 0.065555556 -0.39777078 -0.39777778 -0.39777778 -0.80555556 -0.80555556 -0.43111267 -0.43111111 -0.43222222 -0.43222222 -0.20333333 -0.20333333 -0.20333333 -0.30333333 -0.26447922
-0.01333222 -0.013333333 -0.013333309 0.67111111 0.67111111 0.67111111 0.67111111 0.42333333 0.42444 0.51107786 0.51111111 0.51111111 0.51111111 0.51232118 1.1277778 1.1277778 1.1277778 1.1277777 0.95555556 0.95555556 0.95555556 0.53333333 0.53333333 0.53333333 0.69 0.69 0.93777777 0.93777778 0.93777778 0.93585629 0.58555556 0.58555556 0.58555556 0.58555556 0.3256983 0.065555556 0.065555556 0.065555556 0.065555556 -0.39777778 -0.39777778 -0.39777778 -0.39882657 -0.43111111 -0.43111111 -0.43111111 -0.43222222 -0.43222222 -0.20333333 -0.20333333 -0.20333333 -0.26444444 -0.26444444
0.34555556 0.18810289 0.41555556 0.4156297 0.67111111 0.42476697 0.42333333 0.42333333 0.50835501 0.47444445 0.47444444 0.47444444 0.47444444 1.1844213 1.1844444 1.1277778 1.1277778 1.12324 0.95555556 0.95555556 0.95555556 0.73111111 0.73111111 0.73111111 0.69 0.69 0.93777778 0.93777778 0.93777778 0.93777772 0.85444274 0.85444369 0.59231367 0.58584382 -0.10143552 -0.10222222 -0.10222222 -0.10222222 -0.10222222 -0.39777778 -0.39777778 -0.39777778 -0.42927551 -0.43111111 -0.43111111 -0.43111118 -0.43222222 -0.43222222 -0.43221398 -0.20333333 -0.20335907 -0.77888889 -0.26444444
0.53885217 0.53888887 0.41555556 0.41555556 0.41555556 0.42333333 0.42333333 0.42333333 0.65666667 0.65666667 0.47444444 0.47444444 0.47444444 1.1844444 1.1844444 1.1844444 1.1844444 1.1844188 0.95555556 0.95555556 0.95555555 0.73111111 0.73111111 0.73111111 0.69 0.69 0.93777778 0.93777778 0.93777778 0.85538403 0.85444444 0.85444444 0.85444444 0.85444444 -0.10175016 -0.10222222 -0.10222222 -0.10222222 -0.10222222 -0.15888895 -0.15888889 -0.15888889 -0.15888889 -0.43111391 -0.79555556 -0.79555556 -0.79555556 -1.0222222 -1.0222222 -1.0222222 -0.77888889 -0.77888889 -0.77888889
0.53888889 0.53888889 0.41555556 0.41555556 0.41555556 0.42329245 0.42333333 0.65666667 0.65666667 0.65666667 0.47446688 0.47444444 0.46718111 1.1844443 1.1844444 1.1844444 1.1844444 0.33111111 0.33111111 0.33111111 0.56111111 0.56111124 0.73111028 0.73111111 0.73114963 0.81555556 0.81555556 0.81555585 0.93775803 0.69447633 0.6944453 0.69447238 0.85417099 0.85430637 0.06805855 -0.10222222 -0.10221105 -0.098888889 -0.098888889 -0.15888889 -0.15888889 -0.15888889 -0.15888889 -0.79555556 -0.79555556 -0.79555556 -0.79555556 -1.0222222 -1.0222222 -1.0222222 -0.77888889 -0.77888889 -0.77888889
0.53888889 0.53888889 0.41555556 0.41555556 0.41555556 0.41555556 0.51066318 0.65666667 0.65666667 0.65666667 0.6565611 0.46555556 0.46555556 0.46555556 1.1802079 1.1844444 0.33679751 0.33111111 0.33111111 0.33111111 0.56111111 0.56111111 0.56111111 0.56111111 0.81555556 0.81555556 0.81555556 0.81555556 0.81555556 0.69444444 0.69444444 0.69444444 0.69444444 0.69444301 0.013333333 -0.098888889 -0.098888889 -0.098888889 -0.098888889 -0.098890735 -0.67333333 -0.67333333 -0.67333333 -0.74456224 -0.89222222 -0.89222222 -0.89222222 -1.0222222 -1.0222223 -1.1355556 -1.1355556 -0.4389716 -0.43888889
