interpolatedSpi/04-10|20_2.tif
NCOLS 53
NROWS 52
XLLCORNER -116.03883
YLLCORNER 28.596182
DX 0.49850594
DY 0.49788537
NODATA_VALUE -9999
[rows 0 to 28 of 52, columns 0 to 52 of 53]
-0.10857143 -0.10857143 -0.24856532 -0.67857143 -0.14714286 0.067142857 0.42 0.53428571 -0.053930119 -0.24 -0.24428571 0.24142857 0.070015645 0.26 -0.047142857 -0.047142857 -0.047142857 0.071428571 0.32714286 0.32714286 0.32714286 0.32714189 0.22714286 0.044285714 0.044285714 0.044285714 0.68714418 0.68714286 0.68714286 0.20428571 0.20428571 0.20428571 0.20428571 0.72428561 0.72428571 0.72428571 0.72428571 0.72428571 0.72428571 0.72428574 1.5086932 1.516955 0.78 0.78 0.78 0.78 0.78040134 1.0257143 1.0257143 1.0257143 1.2571424 1.2571429 1.2571429
-0.10858508 -0.41571429 -0.12285651 -0.025252515 0.16843919 0.29 0.15285714 0.23734928 -0.17285714 0.082857143 0.14 0.07 0.07 0.38244748 0.25999877 -0.047142857 0.071428571 0.071428571 0.32680944 0.32714286 0.32714286 0.32714286 0.014207376 0.044285714 0.044285714 0.044285714 -0.051428565 -0.051428571 0.20428571 0.20428571 0.20428571 0.20428571 0.20428571 0.72428564 0.72428571 0.72428571 0.72428571 0.72428571 0.72428571 0.6699686 0.37860139 0.73129 0.78 0.78 0.78 0.78 0.78 1.0257143 1.0257143 1.0257143 1.0449046 1.2571429 1.2571429
0.56854412 0.56857143 0.43 0.72142857 0.42857143 0.19 0.40571429 -0.05 0.22 0.21 0.39142857 -0.15857143 -0.63 -0.06 0.38285714 0.82428571 0.071428571 0.071428571 0.071428571 0.11577575 0.11571429 0.11571429 -0.52714286 0.044285714 0.044285714 0.044285714 -0.051428571 -0.051428571 -0.051428571 0.20428571 0.20428571 0.20428567 -0.23034977 0.72287356 0.72335493 0.62520206 0.62428571 0.62428571 0.59338133 0.37857143 0.37857143 0.37908475 0.78 0.78 0.78 0.78 0.78 1.0257143 1.0257143 1.0257143 1.0257143 1.2571429 1.2571429
0.36428571 0.56857137 0.30284117 0.36714286 0.012857143 0.32142857 0.86571429 -0.18428571 0.23285714 0.25294486 0.49571429 0.43857143 0.044285714 -0.06 0.41 0.82428571 -0.38638013 -0.39538698 -0.17285714 0.11571429 0.11571429 -0.57 -0.52714286 -0.52714286 0.044285714 0.044285236 -0.051428571 -0.051428571 -0.051428571 -0.72285714 -0.70953211 -0.69857143 -0.69857143 -0.69857039 0.62428571 0.62428571 0.62428571 0.62428571 0.37857143 0.37857143 0.37857143 0.37857144 0.78 0.78 0.78 0.78 0.78 1.0257112 1.0257143 1.0257143 1.0257143 1.2570738 1.2571429
0.36428571 0.085714684 0.30285714 0.37980765 0.012857143 0.39142857 0.28857807 -0.05 -0.12428571 0.11285714 0.2345355 0.29002722 0.48 0.41 0.41 0.66803001 -0.39571429 -0.39571429 -0.17285714 -0.17285714 0.11571287 -0.57 -0.74285714 -0.41857143 -0.49857143 -0.49857633 -0.051428571 -0.051428571 -0.72285714 -0.72285714 -0.69857143 -0.69857143 -0.69857143 -0.59701128 0.62428571 0.62428571 0.62428571 0.37857143 0.37857143 0.37857143 0.37857143 0.37856798 0.77999999 0.78 0.78 0.78 0.78 0.78218716 1.0257143 1.0256298 -0.85857143 -0.85857143 -0.85857143
-1.02 0.02 0.28857142 0.17571429 0.39714286 0.44285714 0.23285714 0.19664333 0.26857143 -0.01 0.39857143 -0.38142857 -0.381428 -0.021428571 -0.021428571 -0.34997448 -0.35 -0.47 -0.47 -0.17285751 -1.0314286 -1.0314286 -0.41857143 -0.49857143 -0.49857143 -0.52 -0.82714286 -0.82714286 -0.25147132 -0.72285714 -0.69857143 -0.69857143 -0.16 -0.16000284 -0.18714101 -0.48857143 -0.48857143 0.11030099 0.37857143 0.37857143 0.34290169 0.34285714 0.3428581 -0.37074965 -0.3912991 -0.39142826 -0.39142853 -0.39142814 -0.79460752 -0.85857143 -0.85857143 -0.85857143 -0.85857143
-0.49571621 -0.33714286 -0.60705491 0.045714286 0.46857143 -0.14857143 -0.039999997 0.22571429 -0.045714286 -0.045714286 0.39857143 -0.2 -0.1014287 -0.021428571 -0.24428505 -0.24428571 -0.35 -0.52 -0.59 -0.59 -1.0644171 -1.1014286 -1.1014286 -0.86999999 -0.52 -0.52 -0.82714286 -0.82714286 -0.25142616 -0.25138412 0.12040522 -0.16 -0.16 -0.18714286 -0.18714286 -0.74377419 -0.48857143 -0.48857143 -1.144263 0.34285507 0.34285714 0.34285714 0.34286105 -0.39142761 -0.39142857 -0.39142857 -0.39142857 -0.39142884 -0.84714286 -0.85856916 -0.85857143 -0.85857143 -0.85857143
-0.49571429 -0.87571429 -0.39857143 -0.92285714 -1.0885619 -0.45857143 -0.15571429 -0.42999999 -0.34428571 -0.26 -0.26 -0.59285714 -0.10142857 -0.10142857 -0.24330558 -0.35487763 -0.36571429 -0.34142857 -0.60285713 -0.59 -1.0131506 -0.97142857 -1.2314286 -0.96 -0.96000081 -1.0228571 -1.1 -1.0999999 -0.21014517 -0.20999999 0.12142857 -0.081083648 -0.15142857 -0.18714286 -0.1946806 -0.95714286 -0.95714286 -1.1442857 -1.1442857 0.34285714 0.34285714 0.34285715 -0.21767913 -0.21857144 -0.39142857 -0.39142857 -0.39142857 -0.84712551 -0.84714286 -0.84714286 -0.85857143 -0.85857143 -0.85857143
-0.8859009 -0.87571428 -0.57 -0.65 -0.23714286 -0.51142857 -0.24857143 0.30285714 0.20142857 0.1911758 -0.16285714 -0.46142857 -0.46142857 -0.68428571 -0.68428096 -0.55091097 -0.55142857 -0.55142857 -0.38133605 -1.4228572 -1.4628571 -1.4628571 -0.97571429 -1.1306558 -1.0165228 -1.0228571 -0.89142857 -1.1 -0.81452573 -0.81285714 -0.061428571 0.39285714 0.16477257 -0.52142857 -0.45142857 -0.57571429 -0.64142857 -0.62142857 -0.8070571 0.34469367 0.75428571 -0.15428571 -0.21855957 -0.21857143 -0.21954436 -0.39142857 -0.76142855 -0.84714286 -0.84714286 -0.84714286 -0.84714286 -0.91015308 -0.52428571
-0.94285714 -0.94285714 -0.65571429 -0.62285714 -0.26285714 0.031428571 -0.11857143 0.018571429 0.30857143 0.18856649 -0.18857143 -0.13571429 -0.68428571 -0.68428571 -0.17857143 -0.18368533 -0.55142857 -0.55145465 -0.68285714 -1.4228571 -1.4228571 -1.4280105 -0.97571429 -1.1442825 -1.1442857 -1.1442857 -0.89142857 -0.59857143 -0.59857143 -0.81285714 -0.81285714 0.39199825 -0.06 -0.52142857 -0.33 -0.57571429 -0.64142857 -1.0057143 -0.80714286 0.3523275 -0.15428567 -0.15113709 -0.14571429 -0.21857143 -0.21857143 -0.76142857 -0.76142857 -0.76142857 -0.84714286 -0.84714286 -1.2728571 -1.2728571 -1.2728569
-0.94285714 -0.94285714 -0.95428571 -0.78 -0.93571429 -0.36 -0.54142856 0.11987833 0.054285714 0.10857143 0.098571429 -0.028571429 -0.13557246 -0.17857143 -0.17857143 -0.17861016 -0.51428571 -0.52313313 -0.68285714 -0.72285714 -0.72285714 -0.89 -0.89 -1.1442857 -1.1442857 -1.1442857 -0.59857143 -0.59857143 -0.59857143 -0.89571429 -0.89571429 -0.89571291 -0.55428571 -0.55428571 -0.51142857 -0.8 -0.65571429 -0.5014272 -0.91 0.37142857 0.37142857 -0.034286081 -0.14571429 -0.21857143 -0.57285719 -0.72285714 -0.74720438 -0.74714286 -1.0414286 -1.0414286 -1.2728571 -1.2728571 -1.2728571
-0.94285714 -0.94773856 -0.87991178 -0.95999269 -0.67571429 -0.92857143 -0.54142857 0.12 0.054286263 0.10797001 -0.02857125 -0.028571429 -0.23285714 -0.17857143 -0.17857143 -0.5142857 -0.51428571 -0.51429531 -0.68285714 -0.72285714 -0.7556806 -0.89 -0.89 -1.1442751 -1.1442857 -1.1198665 -1.07 -1.07 -1.0699999 -0.89571429 -0.89571429 -0.79142857 -0.79142857 -0.5542856 -0.51142857 -0.2800003 -0.60508799 -0.50142857 -0.50142857 0.37142856 -0.034285714 -0.034285714 -0.034289627 -0.57285714 -0.57285714 -0.72285714 -0.74714286 -0.74714286 -1.0414286 -1.0414286 -1.2728571 -1.2728571 -1.2728571
-0.20571429 -0.019114031 0.058539927 0.051193688 -0.67571562 -0.92856546 -0.54142858 0.1118582 0.058814101 0.055703259 -0.23285714 -0.23285714 -0.23285714 -0.23285714 -0.17857912 -0.51428571 -0.51428571 -0.51646224 -0.68285714 -0.72280358 -0.53857143 -0.53857143 -0.53857143 -0.53857143 -1.1339784 -1.07 -1.07 -1.07 -1.07 -1.0698533 -0.79142857 -0.79142857 -0.79142857 -0.79142857 -0.28 -0.28 -0.28 -0.49056367 -0.49773768 -0.01 -0.01 -0.034284408 -0.28715264 -0.57282962 -0.57285714 -0.72285714 -0.74714286 -0.74714286 -1.0414286 -1.0414286 -1.2720175 -1.2728571 -0.55115296
-0.20571429 0.058571429 0.058571429 0.058571429 0.058571429 0.058571014 -0.54241952 -0.22847372 0.070895411 -0.23254656 -0.23285714 -0.23285714 -0.23285714 -0.23285714 -0.2328572 -0.51428571 -0.51428574 -0.52584856 -0.68285433 -0.53857143 -0.53857143 -0.53857143 -0.53857143 -0.53857143 -0.54119841 -0.93524974 -0.90714289 -0.90714286 -0.90714286 -0.90714286 -0.79142857 -0.79142857 -0.79142867 -0.87285714 -0.87285714 -0.28 -0.10778318 -0.10285714 -0.010000054 -0.01 -0.01 -0.01 -0.28714286 -0.28714286 -0.28714286 -0.29017503 -0.79255467 -0.79285714 -0.79285714 -0.79285714 -0.79285715 0.37571395 0.37571429
-0.22142857 0.058571429 0.058571429 0.058571429 0.058571429 0.058571429 0.058571388 -0.47074766 -0.31519336 -0.31714286 -0.31714286 -0.31714286 -0.31714286 -0.31714286 -0.31714286 -0.4515308 -0.51334854 -0.53736876 -0.53858951 -0.53857143 -0.53857143 -0.53857143 -0.53857143 -0.53857144 -0.66 -0.66 -0.66000035 -0.90714286 -0.90714286 -0.90700841 -0.84 -0.84 -0.87285714 -0.87285714 -0.87285714 -0.22620272 -0.10285714 -0.10285714 -0.10285714 -0.01 -0.01 -0.01 -0.28714286 -0.28714286 -0.28714286 -0.28714286 -0.79285714 -0.79285714 -0.79285714 -0.79285714 -0.79285714 0.37571429 0.37571429
-0.22142857 -0.11718775 0.058571429 0.058571429 0.058571429 0.058571429 -0.68271163 -0.68285714 -0.68285713 -0.31714286 -0.31714286 -0.31714286 -0.31714286 -0.31714286 -0.34739753 -0.45428571 -0.45428571 -0.45428571 -0.54711661 -0.54714285 -0.54714286 -0.54714286 -0.54714286 -0.54714286 -0.66 -0.66 -0.66 -0.66 -0.90714286 -0.84 -0.84 -0.84 -0.87285714 -0.87285714 -0.87285714 -0.012857143 -0.10273798 -0.10285714 -0.10285714 -0.010046469 -0.10274292 -0.31907348 -0.28714286 -0.28714286 -0.46801153 -0.46857143 -0.46857143 -0.79173229 -0.1109627 -0.10857149 -0.10857156 0.12432371 0.37571377
-0.22142857 -0.16999093 -0.056373314 0.058571429 0.058571429 -0.68241907 -0.68285714 -0.68285714 -0.68285714 -0.6802217 -0.31714286 -0.31714286 -0.31714286 -0.31714287 -0.45428571 -0.45428571 -0.45428571 -0.45428571 -0.54705991 -0.54714286 -0.54714286 -0.54714286 -0.54714286 -0.54714286 -0.66 -0.66 -0.66 -0.66 -0.66065472 -0.84 -0.84 -0.84 -0.3157143 -0.87275621 -0.012857143 -0.012857143 -0.012857143 -0.016664133 -0.30625484 -0.32 -0.32 -0.32 -0.41714286 -0.41714286 -0.46857143 -0.46857143 -0.46857143 -0.10857143 -0.10857143 -0.10857143 -0.10857143 0.12428571 0.12428571
-0.1685319 -0.16857143 -0.16857143 -0.16857143 -0.51428571 -0.68285279 -0.68285714 -0.68285714 -0.68285714 -0.68285714 -0.31335759 -0.31714221 -0.31714286 -0.45428571 -0.45428571 -0.45428571 -0.45428571 -0.45428571 -0.50133615 -0.54714286 -0.54714286 -0.54714286 -0.54714286 -0.54714286 -0.50467629 -0.35000168 -0.35 -0.35 -0.35 -0.83999997 -0.31571429 -0.31571429 -0.31571429 -0.31571429 -0.012857143 -0.012866247 -0.35857143 -0.35857143 -0.32048162 -0.32 -0.32 -0.32 -0.41714286 -0.41714286 -0.46060851 -0.46857143 -0.46857143 -0.10857143 -0.10857143 -0.10857143 -0.10607459 0.12428571 0.12428571
-0.16857143 -0.16857143 -0.16857143 -0.33137344 -0.51428571 -0.51428571 -0.68285714 -0.68285714 -0.68285714 -0.68285714 -0.26714286 -0.26714286 -0.26714286 -0.45428571 -0.45428571 -0.45428571 -0.45428571 -0.45434993 -1.0842857 -1.0842857 -0.54714308 -0.54714286 -0.55124686 -0.71571429 -0.71242192 -0.35 -0.35 -0.35 -0.35 -0.31571778 -0.31571429 -0.31571429 -0.31571429 -0.31571429 -0.35857021 -0.35857143 -0.35857143 -0.35857143 -0.35843396 -0.32 -0.32 -0.32 -0.41714286 -0.41714286 -0.41714286 -0.46857143 -0.46857143 -0.10857143 -0.10857143 -0.10857143 0.12428571 0.12428571 0.12428571
-0.16857143 -0.16857143 -0.16857143 -0.51428571 -0.51428571 -0.51428571 -0.51428597 -0.68285714 -0.68285714 -0.26757199 -0.26714286 -0.26714286 -0.26714286 -0.26725946 -0.76880414 -0.84285714 -0.84285714 -0.84285714 -1.0842857 -1.0842857 -1.0842857 -0.71571429 -0.71571429 -0.71571429 -0.71567707 -0.47213923 -0.35 -0.35 -0.35 -0.13995115 -0.098592785 -0.098571429 -0.098571429 -0.098571429 -0.34517892 -0.32714293 -0.32714286 -0.32714286 -0.32714286 -0.46140922 -0.46142857 -0.46142857 -0.41714286 -0.41714286 0.027141002 0.027142825 -0.064285714 -0.064285714 -0.028571429 -0.028571429 -0.028571429 0.12428571 0.30127018
-0.16857099 -0.16857143 -0.16857144 -0.51428571 -0.51428571 -0.51428571 -0.51428571 -0.54142861 -0.68229166 -0.26717006 -0.26714286 -0.26714286 -0.26714286 -0.26827257 -0.84285714 -0.84285714 -0.84285714 -0.84285721 -1.0842857 -1.0842857 -1.0842857 -0.71571429 -0.71571429 -0.71571429 -0.58285714 -0.58285714 -0.53571429 -0.53571429 -0.53571429 -0.53332953 -0.098571429 -0.098571429 -0.098571429 -0.098571429 -0.21279445 -0.32714286 -0.32714286 -0.32714286 -0.32714286 -0.46142857 -0.46142857 -0.46142857 -0.44605625 0.027142857 0.027142857 0.027142857 -0.064285714 -0.064285714 -0.028571429 -0.028571429 -0.028571429 0.30142856 0.30142857
-0.027142857 -0.10546982 -0.47285714 -0.47286916 -0.51428571 -0.54127152 -0.54142857 -0.54142857 -0.50811395 -0.29714286 -0.29714286 -0.29714286 -0.29714286 -0.91140857 -0.91142857 -0.8428572 -0.84285714 -0.84921843 -1.0842857 -1.0842857 -1.0842857 -0.98285714 -0.98285714 -0.98285714 -0.58285714 -0.58285714 -0.53571429 -0.53571429 -0.53571429 -0.5357141 -0.2742846 -0.27428522 -0.10298774 -0.098759806 -0.73926611 -0.74 -0.74 -0.74 -0.74 -0.46142857 -0.46142857 -0.46142857 0.00024028811 0.027142857 0.027142857 0.027142779 -0.064285714 -0.064285714 -0.064284429 -0.028571429 -0.02855763 0.28 0.30142857
-0.39992919 -0.40000001 -0.47285714 -0.47285714 -0.47285714 -0.54142857 -0.54142857 -0.54142857 -0.45 -0.45 -0.29714286 -0.29714286 -0.29714286 -0.91142857 -0.91142857 -0.91142857 -0.91142857 -0.91144749 -1.0842857 -1.0842857 -1.0842857 -0.98285714 -0.98285714 -0.98285714 -0.58285714 -0.58285714 -0.53571429 -0.53571429 -0.53571429 -0.27723334 -0.27428571 -0.27428571 -0.27428571 -0.27428571 -0.7397702 -0.74 -0.74 -0.74 -0.74 -0.90714274 -0.90714286 -0.90714286 -0.90714286 0.027139481 -0.41285714 -0.41285714 -0.41285714 0.14428571 0.14428571 0.14428571 0.28 0.28 0.28
-0.4 -0.4 -0.47285714 -0.47285714 -0.47285714 -0.54106815 -0.54142857 -0.45 -0.45 -0.45 -0.29716167 -0.29714286 -0.95200996 -0.91142861 -0.91142857 -0.91142857 -0.91142857 -1.2171429 -1.2171429 -1.2171429 -1.1328571 -1.132857 -0.98285787 -0.98285714 -0.98281513 -1.1014286 -1.1014286 -1.1014272 -0.53580571 -0.33427376 -0.33428539 -0.33427524 -0.27438826 -0.27433749 -0.65709391 -0.74000006 -0.74050268 -0.89 -0.89 -0.90714286 -0.90714286 -0.90714286 -0.90714286 -0.41285714 -0.41285714 -0.41285714 -0.41285714 0.14428571 0.14428571 0.14428571 0.28 0.28 0.28
-0.4 -0.4 -0.47285714 -0.47285714 -0.47285714 -0.47285714 -0.50720953 -0.45 -0.45 -0.45 -0.45035826 -1.0985714 -1.0985714 -1.0985714 -0.91253145 -0.91142857 -1.2151057 -1.2171429 -1.2171429 -1.2171429 -1.1328571 -1.1328571 -1.1328571 -1.1328571 -1.1014286 -1.1014286 -1.1014286 -1.1014286 -1.1014286 -0.33428571 -0.33428571 -0.33428571 -0.33428571 -0.33428617 -0.55142857 -0.89 -0.89 -0.89 -0.89 -0.89000046 -1.0342857 -1.0342857 -1.0342857 -0.85995621 -0.49857143 -0.49857143 -0.49857143 0.1442857 0.14428565 0.082857143 0.082857143 0.19859124 0.19857143
-0.4 -0.4 -0.44656083 -0.47285714 -0.47285714 -0.47285717 -1.5009888 -0.45331802 -0.45 -0.45 -1.0985715 -1.0985714 -1.0985714 -1.0985714 -1.0985714 -1.0832496 -1.2171429 -1.2171429 -1.2171429 -1.2171429 -1.1328578 -1.1328571 -1.1328571 -1.1328571 -1.1014286 -1.1014286 -1.1014286 -1.1014286 -1.1014286 -0.72487696 -0.33428571 -0.33428571 -0.33428571 -0.55142857 -0.55142857 -0.55169148 -0.89 -0.89 -0.79513162 -0.72142859 -1.0342857 -1.0342857 -1.0342857 -0.86163459 -0.49857143 -0.49857143 -0.49857143 -0.19142857 0.07943957 0.082857143 0.082857143 0.19857143 0.19857143
-1.2414286 -1.2414286 -1.2414286 -0.66555913 -0.47489852 -1.5028571 -1.5028571 -1.5028571 -1.5028571 -1.3714286 -1.3714286 -1.0985714 -1.0985714 -1.0985714 -1.0985714 -1.098579 -1.2171429 -1.2171429 -1.2171429 -1.2171429 -1.1696367 -1.1328571 -1.1328571 -1.1311748 -1.0700345 -1.1014286 -1.1014286 -1.1014286 -0.86285714 -0.86285714 -0.86285714 -0.86285492 -0.55142857 -0.55142857 -0.55142857 -0.55142857 -0.72142857 -0.72142857 -0.72142857 -0.72142857 -0.83 -0.83 -0.83 -0.34572402 -0.34571429 -0.34571429 -0.34571433 -0.19142857 -0.19142857 0.082522941 0.082857143 0.19856996 0.19857143
-1.2414286 -1.2414286 -1.2414286 -1.2414623 -1.8671429 -1.8141697 -1.5028571 -1.5028571 -1.5028571 -1.3714286 -1.3714286 -1.3714286 -1.3171428 -1.3171429 -1.3171429 -1.3171429 -1.2171638 -1.2171429 -1.2171429 -1.2171429 -1.2158613 -1.0685716 -1.0685714 -1.0685714 -1.0685714 -1.0685714 -0.96 -0.96 -0.86285714 -0.86285714 -0.86285714 -0.86285714 -0.55142873 -0.55142857 -0.55142857 -0.55144672 -0.72142856 -0.72142857 -0.72142857 -0.72027546 -0.83 -0.83 -0.83 -0.34573674 -0.34571429 -0.34571429 -0.34571429 -0.19142857 -0.19142857 -0.19142856 -0.092857143 -0.092857143 0.11
-1.2414286 -1.2414286 -1.2414286 -1.8671414 -1.8671429 -1.8671429 -1.5028573 -1.5028571 -1.5028571 -1.3714286 -1.3714286 -1.3714286 -1.3171429 -1.3171429 -1.3171429 -1.3103973 -1.2285714 -1.2285714 -1.2285714 -1.2172074 -1.0685714 -1.0685714 -1.0685714 -1.0685714 -1.0685714 -1.0684897 -0.96 -0.96 -0.96 -0.86285714 -0.86285714 -0.86281944 -0.77428571 -0.77428571 -0.77428571 -0.52428572 -0.52428571 -0.45857143 -0.45857143 -0.45857143 -0.17142857 -0.82979343 -0.82999377 0.0042857143 0.0042857143 -0.0089788878 -0.3457131 -0.19142857 -0.19142857 -0.092857143 -0.092857143 -0.092857143 0.11
