interpolatedSpi/04-11|20_1.tif
NCOLS 53
NROWS 52
XLLCORNER -116.03883
YLLCORNER 28.596182
DX 0.49850594
DY 0.49788537
NODATA_VALUE -9999
[rows 0 to 26 of 52, columns 0 to 52 of 53]
-0.082222222 -0.082222222 -0.10825071 -0.46444444 -0.045555556 0.078888889 0.31777778 0.33 -0.034449981 -0.12444444 -0.088888889 0.23222222 0.12667765 0.26 -0.033333333 -0.033333333 -0.033333333 0.17555556 0.36222222 0.36222222 0.36222222 0.36221849 -0.025555553 0.25888889 0.25888889 0.25888889 0.55555465 0.55555556 0.55555556 0.33777778 0.33777778 0.33777778 0.33777778 0.16555559 0.16555556 0.16555556 0.16555556 0.16555556 0.16555556 0.16555558 1.2494362 1.2609174 0.50111111 0.50111111 0.50111111 0.50111111 0.50102218 0.44666667 0.44666667 0.44666667 0.86999912 0.87 0.87
-0.082232392 -0.31111111 -0.10666617 -0.04251339 0.085393314 0.21444444 0.25666667 0.14906964 -0.13555556 0.064444444 0.16333333 0.12666667 0.12666667 0.34859249 0.25999848 -0.033333333 0.17555556 0.17555556 0.36197883 0.36222222 0.36222222 0.36222222 0.23748314 0.25888889 0.25888889 0.25888889 0.080000012 0.08 0.33777778 0.33777778 0.33777778 0.33777778 0.33777778 0.16555558 0.16555556 0.16555556 0.16555556 0.16555556 0.1655556 0.2233517 0.48444639 0.49908888 0.50111111 0.50111111 0.50111111 0.50111111 0.50111111 0.44666667 0.44666667 0.44666667 0.48176987 0.87 0.87
0.45886443 0.45888889 0.32555556 0.63555556 0.21666667 0.046666667 0.23 -0.047777778 0.076666667 0.12888889 0.31888889 -0.10333333 -0.17222222 0.20111111 0.34888889 0.44 0.17555556 0.17555556 0.17555556 0.30112888 0.30111111 0.30111111 -0.14777778 0.25888889 0.25888889 0.25888889 0.08 0.08 0.08 0.33777778 0.33777778 0.33777774 -0.046807387 0.16615894 0.17084035 0.72813052 0.73333333 0.73333333 0.70202967 0.48444445 0.48444444 0.48446576 0.50111111 0.50111111 0.50111111 0.50111111 0.50111111 0.44666667 0.44666667 0.44666667 0.44666667 0.87 0.87
0.38666667 0.45888884 0.22554279 0.45666667 0.077777778 0.17666667 0.48 -0.22222222 0.18333333 0.26536166 0.33111111 0.18888889 0.072222222 0.20111111 0.26777778 0.44 -0.098073707 -0.1020276 -0.098888889 0.30111111 0.30111111 -0.34 -0.14777778 -0.14777778 0.25888889 0.258888 0.08 0.08 0.08 -0.49666667 -0.47715813 -0.46111111 -0.46111111 -0.46111017 0.73333333 0.73333333 0.73333333 0.73333333 0.48444444 0.48444444 0.48444444 0.48444445 0.50111111 0.50111111 0.50111111 0.50111111 0.50111111 0.44666735 0.44666667 0.44666667 0.44666667 0.86994364 0.87
0.38666667 0.18444452 0.22555556 0.30471882 0.077777778 0.23666667 0.082239523 0.04 -0.0088888889 0.17444443 0.16769326 0.163365 0.38444444 0.26777778 0.26777778 0.37449233 -0.10222222 -0.10222222 -0.098888889 -0.098888889 0.3011098 -0.34 -0.71444444 -0.12111111 -0.056666667 -0.056718343 0.08 0.08 -0.49666667 -0.49666667 -0.46111111 -0.46111111 -0.46111111 -0.42800604 0.73333333 0.73333333 0.73333333 0.48444444 0.48444444 0.48444444 0.48444444 0.48439339 0.5011111 0.50111111 0.50111111 0.50111111 0.50111111 0.50062649 0.44666667 0.44660828 -0.85555556 -0.85555556 -0.85555556
-0.76222222 0.075555556 0.41444444 0.30111111 0.27555556 0.30555556 0.16111111 0.14560542 0.27333333 -0.047777778 0.27777778 -0.13333333 -0.13333299 0.23555556 0.23555556 -0.15885509 -0.15888889 -0.15111111 -0.15111111 -0.098889056 -0.59555556 -0.59555556 -0.12111111 -0.056666667 -0.056666667 -0.27777778 -0.53777778 -0.53777778 -0.21891416 -0.49666667 -0.46111111 -0.46111111 -0.28555556 -0.28555695 -0.29888802 -0.57333333 -0.57333333 0.15719674 0.48444444 0.48444444 -0.043784806 -0.044444444 -0.044443883 -0.48887663 -0.50655529 -0.5066664 -0.50666663 -0.50666629 -1.0011825 -0.85555556 -0.85555556 -0.85555556 -0.85555556
-0.26444363 0.0055555556 -0.38835413 0.096666667 0.40555556 -0.14333333 0.018888892 0.13555556 -0.077777778 -0.077777778 0.27777778 -2.4944788e-13 0.02333329 0.23555556 -0.018888127 -0.018888889 -0.15888889 -0.16222222 -0.28888889 -0.28888889 -0.60498085 -0.61555556 -0.61555556 -0.46777777 -0.27777778 -0.27777778 -0.53777778 -0.53777778 -0.21889103 -0.21892823 -0.00078874531 -0.28555556 -0.28555556 -0.29888889 -0.29888889 -0.6883129 -0.57333333 -0.57333333 -0.86887864 -0.044445592 -0.044444444 -0.044444444 -0.044442235 -0.5066662 -0.50666667 -0.50666667 -0.50666667 -0.50666701 -1.0766667 -0.85559937 -0.85555556 -0.85555556 -0.85555556
-0.26444444 -0.40777778 -0.17111111 -0.6 -0.72777045 -0.34888889 0.0077777778 -0.35444444 -0.25222222 -0.027777778 -0.027777778 -0.14777778 0.023333333 0.023333333 -0.018599205 -0.16461 -0.17888889 -0.083333333 -0.4122221 -0.28888889 -0.80486281 -0.79222222 -0.77555556 -0.49 -0.49000136 -0.59555556 -0.74555556 -0.74555548 -0.25542707 -0.25555555 -2.4671623e-17 -0.22523663 -0.24 -0.29888889 -0.30510017 -0.78444444 -0.78444444 -0.86888889 -0.86888889 -0.044444444 -0.044444444 -0.044444439 -0.42102615 -0.42222223 -0.50666667 -0.50666667 -0.50666667 -1.076645 -1.0766667 -1.0766667 -0.85555556 -0.85555556 -0.85555556
-0.4411552 -0.40777777 -0.22111111 -0.31888889 -0.13111111 -0.33777778 -0.14222222 0.20444444 0.18222222 0.27968682 0.19 -0.073333334 -0.073333333 -0.13111111 -0.13111042 -0.3340109 -0.33444444 -0.33444444 -0.13353873 -0.81222225 -0.94111111 -0.94111111 -0.64777778 -0.72520043 -0.58491834 -0.59555556 -0.65222222 -0.74555556 -0.54340379 -0.54222222 -0.22111111 -0.022222222 -0.18003406 -0.63 -0.51666667 -0.61111111 -0.62333333 -0.69111111 -0.58005131 -0.043373139 0.19555556 -0.28333333 -0.42218333 -0.42222222 -0.42269752 -0.50666667 -0.80222221 -1.0766667 -1.0766667 -1.0766667 -1.0766667 -0.83425095 -0.38666667
-0.62777778 -0.62777778 -0.39 -0.23333333 -0.19666667 -0.10222222 0.037777778 0.054444444 0.30222222 0.30445432 0.038888889 0.18333333 -0.13111111 -0.13111111 -0.057777778 -0.061572386 -0.33444444 -0.33439269 -0.093333333 -0.81222222 -0.81222222 -0.82882743 -0.64777778 -0.712221 -0.71222222 -0.71222222 -0.65222222 -0.36222222 -0.36222222 -0.54222222 -0.54222222 -0.022816495 -0.33555556 -0.63 -0.37 -0.61111111 -0.62333333 -0.85333333 -0.58 0.10318959 -0.28333331 -0.24659939 -0.18333333 -0.42222222 -0.42222222 -0.80222222 -0.80222222 -0.80222222 -1.0766667 -1.0766667 -0.68444444 -0.68444444 -0.68444433
-0.62777778 -0.62777778 -0.57333333 -0.46777778 -0.56222222 -0.064444444 -0.25999999 0.24982689 0.10666667 0.0077777778 0.12444444 -0.13444444 0.18290981 -0.057777778 -0.057777778 -0.057797774 -0.23111111 -0.22387989 -0.093333333 -0.32666667 -0.32666667 -0.48888889 -0.48888889 -0.71222222 -0.71222222 -0.71222222 -0.36222222 -0.36222222 -0.36222222 -0.71666667 -0.71666667 -0.71666604 -0.51888889 -0.51888889 -0.56666667 -0.72777778 -0.50777778 -0.51444307 -0.70888889 0.11444444 0.11444444 -0.067778158 -0.18333333 -0.42222222 -0.42888896 -0.52444444 -0.48581304 -0.48444445 -0.62 -0.62 -0.68444444 -0.68444444 -0.68444444
-0.62777778 -0.60423294 -0.52828901 -0.60332746 -0.25222222 -0.56777778 -0.26 0.25 0.10666786 0.0088733467 -0.13444426 -0.13444444 0.072222222 -0.057777778 -0.057777778 -0.23111111 -0.23111111 -0.23110327 -0.093333333 -0.32666667 -0.35852381 -0.48888889 -0.48888889 -0.712213 -0.71222222 -0.71770088 -0.72888889 -0.72888889 -0.72888884 -0.71666667 -0.71666667 -0.64888889 -0.64888889 -0.51888902 -0.56666667 -0.49666681 -0.48301201 -0.51444444 -0.51444444 0.11444444 -0.067777778 -0.067777778 -0.067780408 -0.42888889 -0.42888889 -0.52444444 -0.48444444 -0.48444444 -0.62 -0.62 -0.68444444 -0.68444444 -0.68444444
-0.16666667 -0.005045337 0.042203056 0.037548861 -0.25222389 -0.56777033 -0.26000001 0.24372219 0.1165438 0.10408441 0.072222222 0.072222222 0.072222222 0.072222222 -0.057759362 -0.23111111 -0.23111111 -0.22933218 -0.093333333 -0.32664334 -0.25111111 -0.25111111 -0.25111111 -0.25111111 -0.70443757 -0.72888889 -0.72888889 -0.72888889 -0.72888889 -0.72885687 -0.64888889 -0.64888889 -0.64888889 -0.64888889 -0.49666667 -0.49666667 -0.49666667 -0.5133993 -0.51251674 -0.25777778 -0.25777778 -0.067787997 -0.33111446 -0.42887947 -0.42888889 -0.52444444 -0.48444444 -0.48444444 -0.62 -0.62 -0.68421065 -0.68444444 -0.39274468
-0.16666667 0.042222222 0.042222222 0.042222222 0.042222222 0.042221967 -0.26078779 -0.01870558 0.14289504 0.072256821 0.072222222 0.072222222 0.072222222 0.072222222 0.072222055 -0.23111111 -0.23111109 -0.2216605 -0.093335764 -0.25111111 -0.25111111 -0.25111111 -0.25111111 -0.25111111 -0.25565251 -0.65048884 -0.63888891 -0.63888889 -0.63888889 -0.63888889 -0.64888889 -0.64888889 -0.64888912 -0.83888889 -0.83888889 -0.49666667 -0.32707322 -0.32222222 -0.25777782 -0.25777778 -0.25777778 -0.25777778 -0.33111111 -0.33111111 -0.33111111 -0.33245653 -0.34646752 -0.34555556 -0.34555556 -0.34555556 -0.34555556 0.43888866 0.43888889
-0.17111111 0.042222222 0.042222222 0.042222222 0.042222222 0.042222222 0.042222201 -0.21803726 -0.15399353 -0.15555556 -0.15555556 -0.15555556 -0.15555556 -0.15555556 -0.15555555 -0.18060236 -0.23030538 -0.21224473 -0.25109132 -0.25111111 -0.25111111 -0.25111111 -0.25111111 -0.25111126 -0.46111111 -0.46111111 -0.46111136 -0.63888889 -0.63888889 -0.63883327 -0.61111111 -0.61111111 -0.83888889 -0.83888889 -0.83888889 -0.40498657 -0.32222222 -0.32222222 -0.32222222 -0.25777778 -0.25777778 -0.25777778 -0.33111111 -0.33111111 -0.33111111 -0.33111111 -0.34555555 -0.34555556 -0.34555556 -0.34555556 -0.34555556 0.43888889 0.43888889
-0.17111111 -0.091689535 0.042222222 0.042222222 0.042222222 0.042222222 -0.41213303 -0.41222222 -0.41222222 -0.15555556 -0.15555556 -0.15555556 -0.15555556 -0.15555556 -0.16119329 -0.18111111 -0.18111111 -0.18111111 -0.37849951 -0.37888876 -0.37888889 -0.37888889 -0.37888889 -0.37888889 -0.46111111 -0.46111111 -0.46111111 -0.46111111 -0.63888889 -0.61111111 -0.61111111 -0.61111111 -0.83888887 -0.83888889 -0.83888889 -0.24888889 -0.32212513 -0.32222222 -0.32222222 -0.25777281 -0.24780542 -0.22454407 -0.33111111 -0.33111111 -0.16828183 -0.16777778 -0.16777778 -0.34504398 -0.035531637 -0.034444472 -0.034444503 0.14226708 0.43888829
-0.17111111 -0.10839739 -0.03312241 0.042222222 0.042222222 -0.41195371 -0.41222222 -0.41222222 -0.41222222 -0.41037261 -0.15555556 -0.15555556 -0.15555556 -0.15555556 -0.18111111 -0.18111111 -0.18111111 -0.18111111 -0.37871222 -0.37888889 -0.37888889 -0.37888889 -0.37888889 -0.37888889 -0.46111111 -0.46111111 -0.46111111 -0.46111111 -0.46165671 -0.61111111 -0.61111111 -0.61111111 -0.36222223 -0.83881737 -0.24888889 -0.24888889 -0.24888889 -0.2496394 -0.23063727 -0.22444444 -0.22444444 -0.22444444 -0.17444444 -0.17444444 -0.16777778 -0.16777778 -0.16777778 -0.034444446 -0.034444444 -0.034444444 -0.034444444 0.14222222 0.14222222
-0.10664854 -0.10666667 -0.10666667 -0.10666667 -0.29111111 -0.4122191 -0.41222222 -0.41222222 -0.41222222 -0.41222222 -0.14537711 -0.1555538 -0.15555555 -0.18111111 -0.18111111 -0.18111111 -0.18111111 -0.18111111 -0.23792991 -0.37888889 -0.37888889 -0.37888889 -0.37888889 -0.37888889 -0.38462613 -0.33111182 -0.33111111 -0.33111111 -0.33111111 -0.6111111 -0.36222223 -0.36222222 -0.36222222 -0.36222222 -0.24888889 -0.24889067 -0.31666667 -0.31666667 -0.22559598 -0.22444444 -0.22444444 -0.22444444 -0.17444444 -0.17444444 -0.16881001 -0.16777778 -0.16777778 -0.034444444 -0.034444444 -0.034444444 -0.032550118 0.14222222 0.14222222
-0.10666667 -0.10666667 -0.10666667 -0.19352431 -0.29111111 -0.29111111 -0.41222222 -0.41222222 -0.41222222 -0.41222222 -0.021111111 -0.021111111 -0.021111111 -0.18111111 -0.18111111 -0.18111111 -0.18111111 -0.18118897 -0.83555556 -0.83555556 -0.37888907 -0.37888889 -0.38619263 -0.67888889 -0.675758 -0.33111111 -0.33111111 -0.33111111 -0.33111111 -0.36221905 -0.36222222 -0.36222222 -0.36222222 -0.36222222 -0.31666643 -0.31666667 -0.31666667 -0.31666667 -0.31633541 -0.22444444 -0.22444444 -0.22444444 -0.17444444 -0.17444444 -0.17444444 -0.16777778 -0.16777778 -0.034444444 -0.034444444 -0.034444444 0.14222222 0.14222222 0.14222222
-0.10666667 -0.10666667 -0.10666667 -0.29111111 -0.29111111 -0.29111111 -0.2911113 -0.41222222 -0.41222222 -0.02151485 -0.021111111 -0.021111111 -0.021111111 -0.021210806 -0.562439 -0.65222222 -0.65222222 -0.65222222 -0.83555556 -0.83555556 -0.83555556 -0.67888889 -0.67888889 -0.67888889 -0.67882819 -0.39988208 -0.33111111 -0.33111111 -0.33111111 -0.18984539 -0.15113187 -0.15111111 -0.15111111 -0.15111111 -0.2666211 -0.19666694 -0.19666667 -0.19666667 -0.19666667 -0.16556361 -0.16555556 -0.16555556 -0.17444444 -0.17444444 0.10999881 0.10999999 0.093333333 0.093333333 0.13555556 0.13555556 0.13555556 0.14222222 0.39421893
-0.10666635 -0.10666667 -0.10666667 -0.29111111 -0.29111111 -0.29111111 -0.29111111 -0.31888892 -0.41184904 -0.021241083 -0.021111111 -0.021111111 -0.021111111 -0.022349525 -0.65222222 -0.65222222 -0.65222222 -0.65222227 -0.83555556 -0.83555556 -0.83555556 -0.67888889 -0.67888889 -0.67888889 -0.46222222 -0.46222222 -0.43888889 -0.43888889 -0.43888889 -0.43731897 -0.15111111 -0.15111111 -0.15111111 -0.15111111 -0.17387641 -0.19666667 -0.19666667 -0.19666667 -0.19666667 -0.16555556 -0.16555556 -0.16555556 -0.15688552 0.11 0.11 0.11 0.093333333 0.093333333 0.13555556 0.13555556 0.13555556 0.39444444 0.39444444
-0.0055555556 -0.060101507 -0.21 -0.21002353 -0.29111111 -0.31872817 -0.31888889 -0.31888889 -0.3071478 -0.16444445 -0.16444444 -0.16444444 -0.16444444 -0.72553729 -0.72555556 -0.65222228 -0.65222222 -0.65705279 -0.83555556 -0.83555556 -0.83555556 -0.76333333 -0.76333333 -0.76333333 -0.46222222 -0.46222222 -0.43888889 -0.43888889 -0.43888889 -0.43888868 -0.14555559 -0.14555557 -0.15097148 -0.15110516 -0.36198021 -0.36222222 -0.36222222 -0.36222222 -0.36222222 -0.16555556 -0.16555556 -0.16555556 0.094826895 0.11 0.11 0.10999996 0.093333333 0.093333333 0.093334853 0.13555556 0.13556311 0.30444444 0.39444444
-0.33104929 -0.33111109 -0.21 -0.21 -0.21 -0.31888889 -0.31888889 -0.31888889 -0.28666667 -0.28666667 -0.16444444 -0.16444444 -0.16444444 -0.72555556 -0.72555556 -0.72555556 -0.72555556 -0.72556748 -0.83555556 -0.83555556 -0.83555555 -0.76333333 -0.76333333 -0.76333333 -0.46222222 -0.46222222 -0.43888889 -0.43888889 -0.43888889 -0.14886291 -0.14555556 -0.14555556 -0.14555556 -0.14555556 -0.36211531 -0.36222222 -0.36222222 -0.36222222 -0.36222222 -0.3955555 -0.39555556 -0.39555556 -0.39555556 0.10999838 -0.10111111 -0.10111111 -0.10111111 0.088888889 0.088888889 0.088888889 0.30444444 0.30444444 0.30444444
-0.33111111 -0.33111111 -0.21 -0.21 -0.21 -0.31831655 -0.31888889 -0.28666667 -0.28666667 -0.28666667 -0.16445949 -0.16444444 -0.60750763 -0.72555555 -0.72555556 -0.72555556 -0.72555556 -0.93444444 -0.93444444 -0.93444444 -0.85111111 -0.85111105 -0.76333376 -0.76333333 -0.76321849 -0.71222222 -0.71222222 -0.71222157 -0.43893306 -0.17666047 -0.1766665 -0.17666124 -0.14560873 -0.1455824 -0.32365376 -0.36222224 -0.36235999 -0.40333333 -0.40333333 -0.39555556 -0.39555556 -0.39555556 -0.39555556 -0.10111111 -0.10111111 -0.10111111 -0.10111111 0.088888889 0.088888889 0.088888889 0.30444444 0.30444444 0.30444444
-0.33111111 -0.33111111 -0.21 -0.21 -0.21 -0.21 -0.30682905 -0.28666667 -0.28666667 -0.28666667 -0.28689867 -0.70666667 -0.70666667 -0.70666667 -0.72544424 -0.72555556 -0.93305246 -0.93444444 -0.93444444 -0.93444444 -0.85111111 -0.85111111 -0.85111111 -0.85111111 -0.71222222 -0.71222222 -0.71222222 -0.71222222 -0.71222222 -0.17666667 -0.17666667 -0.17666667 -0.17666667 -0.17666713 -0.39555556 -0.40333333 -0.40333333 -0.40333333 -0.40333333 -0.40333362 -0.49555556 -0.49555556 -0.49555556 -0.40407733 -0.21444444 -0.21444444 -0.21444444 0.08888888 0.088888881 0.081111111 0.081111111 0.090052169 0.09
-0.33111111 -0.33111111 -0.25371261 -0.21 -0.21 -0.21000002 -0.99540675 -0.28890419 -0.28666667 -0.28666667 -0.7066667 -0.70666667 -0.70666667 -0.70666667 -0.70666667 -0.70824881 -0.93444444 -0.93444444 -0.93444444 -0.93444444 -0.85111176 -0.85111111 -0.85111111 -0.85111111 -0.71222222 -0.71222222 -0.71222222 -0.71222222 -0.71222222 -0.51822874 -0.17666667 -0.17666667 -0.17666667 -0.39555556 -0.39555556 -0.3955616 -0.40333333 -0.40333333 -0.36518946 -0.33555556 -0.49555556 -0.49555556 -0.49555556 -0.40488109 -0.21444444 -0.21444444 -0.21444444 -0.09 0.078979083 0.081111111 0.081111111 0.09 0.09
-0.77777778 -0.77777778 -0.77777778 -0.3523575 -0.21107435 -0.99666667 -0.99666667 -0.99666667 -0.99666667 -0.87444445 -0.87444444 -0.70666668 -0.70666667 -0.70666667 -0.70666667 -0.70668111 -0.93444444 -0.93444444 -0.93444444 -0.93444444 -0.88747507 -0.85111111 -0.85111111 -0.8447139 -0.61136694 -0.71222222 -0.71222222 -0.71222222 -0.63888889 -0.63888889 -0.63888889 -0.63888695 -0.39555556 -0.39555556 -0.39555556 -0.39555556 -0.33555556 -0.33555556 -0.33555556 -0.33555556 -0.48 -0.48 -0.48 -0.11222962 -0.11222222 -0.11222222 -0.11222225 -0.09 -0.09 0.080902622 0.081111111 0.089998818 0.09
