interpolatedSpi/04-11|21_2.tif
NCOLS 53
NROWS 52
XLLCORNER -116.03883
YLLCORNER 28.596182
DX 0.49850594
DY 0.49788537
NODATA_VALUE -9999
[rows 0 to 34 of 52, columns 0 to 52 of 53]
-0.74625 -0.74625 -0.76341239 -0.8525 -0.76125 -1.065 -1.02875 -1.0125 -1.0877472 -1.165 -1.2975 -0.81625 -1.1724635 -0.72875 -0.7025 -0.7025 -0.7025 -0.5275 -0.77125 -0.77125 -0.77125 -0.77124404 -0.15250001 -1.05875 -1.05875 -1.05875 -0.8174999 -0.8175 -0.8175 -0.56625 -0.56625 -0.56625 -0.56625 -0.93874993 -0.93875 -0.93875 -0.93875 -0.93875 -0.93875 -0.93875 -0.7693248 -0.76735945 -0.215 -0.215 -0.215 -0.215 -0.21476929 -0.07375 -0.07375 -0.07375 0.24624934 0.24625 0.24625
-0.74627299 -1.26375 -0.83374945 -0.82933946 -1.0262548 -0.62375 -0.86625 -1.0212225 -1.33 -1.28125 -1.09125 -1.1725 -1.1725 -1.0464371 -0.72875362 -0.7025 -0.5275 -0.5275 -0.77093218 -0.77125 -0.77125 -0.77125 -1.0580262 -1.05875 -1.05875 -1.05875 -0.98625 -0.98625 -0.56625 -0.56625 -0.56625 -0.56625 -0.56625 -0.93874995 -0.93875 -0.93875 -0.93875 -0.93875 -0.93874999 -0.90175462 -0.70377008 -0.27430608 -0.215 -0.215 -0.215 -0.215 -0.215 -0.07375 -0.07375 -0.07375 -0.047215294 0.24625 0.24625
-1.056241 -1.05625 -0.35625 -0.53625 -0.57375 -0.87625 -0.40875 -0.925 -1.27625 -1.16375 -1.10125 -1.28875 -0.8275 -0.78 -1.0475 -1.33875 -0.5275 -0.5275 -0.5275 -0.83248219 -0.8325 -0.8325 -1.045 -1.05875 -1.05875 -1.05875 -0.98625 -0.98625 -0.98625 -0.56625 -0.56625 -0.56624999 -0.48681899 -0.9381468 -0.93807518 -0.86691435 -0.86625 -0.86625 -0.84581178 -0.70375 -0.70375 -0.70312501 -0.215 -0.215 -0.215 -0.215 -0.215 -0.07375 -0.07375 -0.07375 -0.073749999 0.24625 0.24625
-0.2075 -1.0562499 -0.66498411 -0.13 -0.62 -0.64375 -0.5225 -0.7825 -0.74 -0.93936804 -1.02875 -1.35375 -1.3325 -0.78 -0.88375 -1.33875 -1.4578319 -1.4580975 -1.40375 -0.8325 -0.8325 -1.1575 -1.045 -1.045 -1.05875 -1.0587496 -0.98625 -0.98625 -0.98625 -0.795 -0.57895814 -0.40125 -0.40125 -0.40125036 -0.86625 -0.86625 -0.86625 -0.86625 -0.70375 -0.70375 -0.70375 -0.70374998 -0.215 -0.215 -0.215 -0.215 -0.215 -0.073751782 -0.07375 -0.07375 -0.07375 0.24621399 0.24625
-0.2075 0.01124876 -0.665 -0.85524431 -0.62 -0.56375 -0.94374216 -0.92875 -1.0175 -0.85750005 -0.93006354 -0.96623854 -0.88625 -0.88375 -0.88375 -1.190075 -1.45875 -1.45875 -1.40375 -1.40375 -0.8325006 -1.1575 -0.9375 -0.72125 -0.48375 -0.4836671 -0.98625 -0.98625 -0.795 -0.795 -0.40125 -0.40125 -0.40125 -0.38734267 -0.86625 -0.86625 -0.86625 -0.70375 -0.70375 -0.70375 -0.70375 -0.70371971 -0.215 -0.215 -0.215 -0.215 -0.215 -0.2137427 -0.07375 -0.073785087 -0.85625 -0.85625 -0.85625
-1.37625 -0.595 -0.5025 -0.7 -0.76375 -0.81 -1.0075 -0.99741774 -0.6125 -0.3525 -0.52125 -0.00625 -0.0062505803 -1.20875 -1.20875 -1.656078 -1.65625 -1.31375 -1.31375 -1.4037493 -0.7175 -0.7175 -0.72125 -0.48375 -0.48375 -0.12875 -0.2375 -0.2375 -0.39128649 -0.795 -0.40125 -0.40125 -0.3275 -0.32747309 -0.070018595 -0.61125 -0.61125 -0.67513301 -0.70375 -0.70375 -0.39039131 -0.39 -0.38999907 -0.68529875 -0.69369709 -0.69374987 -0.69374998 -0.69374982 -0.34452878 -0.85625 -0.85625 -0.85625 -0.85625
0.16999363 -0.40625 -0.25400634 -0.31 -0.6825 -1.0425 -0.645 -0.7075 -0.775 -0.775 -0.52125 -0.98125 -1.28875 -1.20875 -0.94375079 -0.94375 -1.65625 -0.90875 -0.635 -0.635 -0.69216951 -0.66375 -0.66375 -0.10625001 -0.12875 -0.12875 -0.2375 -0.2375 -0.39124235 -0.39110918 -0.11794055 -0.3275 -0.3275 -0.07 -0.07 -0.5928684 -0.61125 -0.61125 -0.62249961 -0.39000032 -0.39 -0.39 -0.3899942 -0.69374613 -0.69375 -0.69375 -0.69375 -0.69374974 -0.26625 -0.85613308 -0.85625 -0.85625 -0.85625
0.17 0.165 0.01625 -0.87125 -0.8137533 -0.79125 -0.53 -1.0875 -1.05 -0.92125 -0.92125 -1.18125 -1.28875 -1.28875 -0.94611702 -1.2750378 -1.3075 -0.73375 -0.71999991 -0.635 -0.090141773 -0.09375 0.16125 0.24 0.24000066 0.29125 -0.35375 -0.35374996 -0.26045992 -0.26 -0.1175 -0.61350212 -0.72 -0.07 -0.081586738 -0.5775 -0.5775 -0.6225 -0.6225 -0.39 -0.39 -0.38999999 -0.0008983354 -3.5272961e-08 -0.69375 -0.69375 -0.69375 -0.26626627 -0.26625 -0.26625 -0.85625 -0.85625 -0.85625
0.11057205 0.165 0.56875 -0.24625 -0.2375 -0.59 -0.68 -0.7225 -0.91875 -0.77222084 -0.86125 -0.89125 -0.89125 -0.89625 -0.89624717 -0.88867058 -0.8875 -0.8875 -0.73165104 -0.29124995 -0.05125 -0.05125 0.105 0.1390828 0.28608535 0.29125 -0.36 -0.35375 -0.31895339 -0.31875 -0.58375 -0.26 -0.20711833 -0.5975 -0.47625 -0.54625 -0.52125 -0.68625 -0.55131234 -0.38827587 -0.00375 -0.09375 3.0493498e-06 -1.110223e-16 -0.0039048005 -0.69375 -0.7075 -0.26625 -0.26625 -0.26625 -0.26625 -0.82699075 -0.14
-0.19375 -0.19375 0.89625 0.39375 -0.24 -0.50375 -0.82125 -0.565 -0.62625 -0.73502069 -0.99375 -0.28125 -0.89625 -0.89625 -0.595 -0.59901177 -0.8875 -0.88741116 -0.4925 -0.29125 -0.29125 -0.26032995 0.105 -0.1537451 -0.15375 -0.15375 -0.36 0.0725 0.0725 -0.31875 -0.31875 -0.25980086 -0.155 -0.5975 -0.1475 -0.54625 -0.52125 -0.40375 -0.55125 -0.45041122 -0.093749996 -0.052424318 0.01875 -1.110223e-16 -1.110223e-16 -0.7075 -0.7075 -0.7075 -0.26625 -0.26625 -0.62125 -0.62125 -0.62124982
-0.19375 -0.19375 0.2175 -0.23625 -0.8275 -0.13875 -0.64625 -0.96995066 -1.0325 -0.87375 -0.93 -1.0025 -0.28221111 -0.595 -0.595 -0.59499366 -0.54 -0.53750698 -0.4925 -0.85375 -0.85375 -0.41875 -0.41875 -0.15375 -0.15375 -0.15375 0.0725 0.0725 0.0725 -0.27125 -0.27125 -0.27124981 -0.2325 -0.2325 -0.485 -0.58 -0.18375 -0.74749165 -0.66875 -0.44875 -0.44875 -0.33374884 0.01875 -3.1720978e-15 -0.27875008 -0.45875 -0.46231054 -0.46125 -0.39625 -0.39625 -0.62125 -0.62125 -0.62125
-0.19375 -0.016290291 0.023868691 -0.52498976 -0.07125 -0.7525 -0.64625 -0.97 -1.0324995 -0.87550876 -1.0024998 -1.0025 -0.8675 -0.595 -0.595 -0.54 -0.54 -0.5399973 -0.4925 -0.85375 -0.76832485 -0.41875 -0.41875 -0.1537611 -0.15375 -0.21456312 -0.33875 -0.33875 -0.33874995 -0.27125 -0.27125 -0.32875 -0.32875 -0.23250069 -0.485 -0.38000008 -0.11680241 -0.7475 -0.7475 -0.44875 -0.33375 -0.33375 -0.33374955 -0.27875 -0.27875 -0.45875 -0.46125 -0.46125 -0.39625 -0.39625 -0.62125 -0.62125 -0.62125
-1.21 -0.5108619 -0.56623727 -0.5659435 -0.071253623 -0.75248392 -0.64625 -0.96601483 -1.0281931 -1.0283546 -0.8675 -0.8675 -0.8675 -0.8675 -0.5950386 -0.54 -0.54 -0.5393867 -0.4925 -0.85375349 -0.87375 -0.87375 -0.87375 -0.87375 -0.16608385 -0.33875 -0.33875 -0.33875 -0.33875 -0.33872618 -0.32875 -0.32875 -0.32875 -0.32875 -0.38 -0.38 -0.38 -0.72863558 -0.746702 -0.64125 -0.64125 -0.33376654 -0.58498952 -0.2787795 -0.27875 -0.45875 -0.46125 -0.46125 -0.39625 -0.39625 -0.62043372 -0.62125 -0.38334156
-1.21 -0.56625 -0.56625 -0.56625 -0.56625 -0.56625007 -0.64652187 -0.79944457 -1.0167027 -0.86767377 -0.8675 -0.8675 -0.8675 -0.8675 -0.86750019 -0.54 -0.53999999 -0.53674182 -0.4925019 -0.87375 -0.87375 -0.87375 -0.87375 -0.87375 -0.86242612 -0.37284782 -0.39499999 -0.395 -0.395 -0.395 -0.32875 -0.32875 -0.32874999 -0.3175 -0.3175 -0.38 -0.32652946 -0.325 -0.64124982 -0.64125 -0.64125 -0.64125 -0.585 -0.585 -0.585 -0.58412141 -0.71583223 -0.7175 -0.7175 -0.7175 -0.71749999 -0.26250007 -0.2625
-1.425 -0.56625 -0.56625 -0.56625 -0.56625 -0.56625 -0.56625001 -0.7503554 -1.1329627 -1.13375 -1.13375 -1.13375 -1.13375 -1.13375 -1.13375 -0.95365131 -0.54650228 -0.53349577 -0.87370208 -0.87375 -0.87375 -0.87375 -0.87375 -0.87374974 -0.35 -0.35 -0.35000006 -0.395 -0.395 -0.39443181 -0.11125 -0.11125 -0.3175 -0.3175 -0.3175 -0.32379846 -0.325 -0.325 -0.325 -0.64125 -0.64125 -0.64125 -0.585 -0.585 -0.585 -0.585 -0.7175 -0.7175 -0.7175 -0.7175 -0.7175 -0.2625 -0.2625
-1.425 -1.1052971 -0.56625 -0.56625 -0.56625 -0.56625 -0.8199502 -0.82 -0.82000001 -1.13375 -1.13375 -1.13375 -1.13375 -1.13375 -1.0932135 -0.95 -0.95 -0.95 -0.65068177 -0.65000023 -0.65 -0.65 -0.65 -0.65 -0.35 -0.35 -0.35 -0.35 -0.395 -0.11125 -0.11125 -0.11125 -0.31749998 -0.3175 -0.3175 -0.045 -0.32462927 -0.325 -0.325 -0.64114297 -0.42771691 0.070366758 -0.585 -0.585 -0.63858412 -0.63875 -0.63875 -0.71700923 -0.419794 -0.41875003 -0.41875006 -0.056281308 -0.26249958
-1.425 -0.99560068 -0.77752422 -0.56625 -0.56625 -0.81985007 -0.82 -0.82 -0.82 -0.82226097 -1.13375 -1.13375 -1.13375 -1.13375 -0.95 -0.95 -0.95 -0.95 -0.65026798 -0.65 -0.65 -0.65 -0.65 -0.65 -0.35000001 -0.35 -0.35 -0.35 -0.34913158 -0.11125 -0.11125 -0.11125 -0.080000001 -0.31746655 -0.045 -0.045 -0.045 -0.040857405 0.047344278 0.0725 0.0725 0.0725 -0.47375 -0.47375 -0.63875 -0.63875 -0.63875 -0.41875 -0.41875 -0.41875 -0.41875 -0.05625 -0.05625
-0.98396107 -0.98375 -0.98375 -0.98375 -0.5675 -0.81999349 -0.82 -0.82 -0.82 -0.82 -1.103372 -1.1337448 -1.13375 -0.95 -0.95 -0.95 -0.95 -0.95 -0.90186148 -0.65 -0.65 -0.65 -0.65 -0.65 -0.41456913 -0.26375047 -0.26375 -0.26375 -0.26375 -0.11125 -0.080000001 -0.08 -0.08 -0.08 -0.045 -0.044990026 0.33375 0.33375 0.075762095 0.0725 0.0725 0.0725 -0.47375 -0.47375 -0.61320232 -0.63875 -0.63875 -0.41875 -0.41875 -0.41875 -0.41486306 -0.05625 -0.05625
-0.98375 -0.98375 -0.98375 -0.78773167 -0.5675 -0.5675 -0.82 -0.82 -0.82 -0.82 -0.7325 -0.7325 -0.7325 -0.95 -0.95 -0.95 -0.95 -0.94989134 -0.56 -0.56 -0.64999996 -0.65 -0.64762629 -0.5525 -0.54990051 -0.26375 -0.26375 -0.26375 -0.26375 -0.08001871 -0.08 -0.08 -0.08 -0.08 0.33374867 0.33375 0.33375 0.33375 0.33281484 0.0725 0.0725 0.0725 -0.47375 -0.47375 -0.47375 -0.63875 -0.63875 -0.41875 -0.41875 -0.41875 -0.05625 -0.05625 -0.05625
-0.98375 -0.98375 -0.98375 -0.5675 -0.5675 -0.5675 -0.56750039 -0.82 -0.82 -0.73259033 -0.7325 -0.7325 -0.7325 -0.7326355 -0.41780476 -0.2925 -0.2925 -0.2925 -0.56 -0.56 -0.56 -0.5525 -0.5525 -0.5525 -0.55233963 -0.11491623 -0.26375 -0.26375 -0.26375 -0.10354252 -0.10374766 -0.10375 -0.10375 -0.10375 0.21535247 0.050000644 0.05 0.05 0.05 -0.11247469 -0.1125 -0.1125 -0.47375 -0.47375 -0.50499987 -0.50499997 -0.42875 -0.42875 -0.22625 -0.22625 -0.22625 -0.05625 -0.058747765
-0.98374715 -0.98375 -0.98374998 -0.5675 -0.5675 -0.5675 -0.5675 -0.1300002 -0.81724111 -0.73221437 -0.7325 -0.7325 -0.7325 -0.7316366 -0.2925 -0.2925 -0.2925 -0.29250008 -0.56 -0.56 -0.56 -0.5525 -0.5525 -0.5525 0.02 0.02 -0.13375 -0.13375 -0.13375 -0.13358634 -0.10375 -0.10375 -0.10375 -0.10375 -0.026917278 0.05 0.05 0.05 0.05 -0.1125 -0.1125 -0.1125 -0.12484955 -0.505 -0.505 -0.505 -0.42875 -0.42875 -0.22625 -0.22625 -0.22625 -0.058750006 -0.05875
-0.06625 -0.48515063 -0.23875 -0.23884538 -0.5675 -0.13253136 -0.13 -0.13 -0.15231819 -0.41749999 -0.4175 -0.4175 -0.4175 0.31372619 0.31375 -0.29249953 -0.2925 -0.29954823 -0.56 -0.56 -0.56 0.2525 0.2525 0.2525 0.02 0.02 -0.13375 -0.13375 -0.13375 -0.13374998 -0.10499999 -0.105 -0.10378142 -0.10375134 -0.34971623 -0.35 -0.35 -0.35 -0.35 -0.1125 -0.1125 -0.1125 -0.48338766 -0.505 -0.505 -0.50499997 -0.42875 -0.42875 -0.42874271 -0.22625 -0.22626593 -0.5825 -0.05875
-0.19497555 -0.19500001 -0.23875 -0.23875 -0.23875 -0.13 -0.13 -0.13 -0.19125 -0.19125 -0.4175 -0.4175 -0.4175 0.31375 0.31375 0.31375 0.31375 0.31365073 -0.56 -0.56 -0.55999997 0.2525 0.2525 0.2525 0.02 0.02 -0.13375 -0.13375 -0.13375 -0.10532416 -0.105 -0.105 -0.105 -0.105 -0.34987911 -0.35 -0.35 -0.35 -0.35 -0.023750023 -0.02375 -0.02375 -0.02375 -0.50499884 -0.35375 -0.35375 -0.35375 -0.43875 -0.43875 -0.43875 -0.5825 -0.5825 -0.5825
-0.195 -0.195 -0.23875 -0.23875 -0.23875 -0.13057161 -0.13 -0.19125 -0.19125 -0.19125 -0.41747215 -0.4175 -0.098821358 0.31374992 0.31375 0.31375 0.31375 0.027500001 0.0275 0.0275 -0.22749999 -0.22749964 0.25249766 0.2525 0.2521168 -0.28375 -0.28375 -0.28374964 -0.13377424 -0.09125274 -0.091250073 -0.091252401 -0.1049765 -0.10498813 -0.30635542 -0.34999991 -0.34924179 -0.12375 -0.12375 -0.02375 -0.02375 -0.02375 -0.02375 -0.35375 -0.35375 -0.35375 -0.35375 -0.43875 -0.43875 -0.43875 -0.5825 -0.5825 -0.5825
-0.195 -0.195 -0.23875 -0.23875 -0.23875 -0.23875 -0.15292409 -0.19125 -0.19125 -0.19125 -0.19115955 -0.0275 -0.0275 -0.0275 0.31173894 0.31375 0.029407499 0.0275 0.0275 0.0275 -0.2275 -0.2275 -0.2275 -0.2275 -0.28375 -0.28375 -0.28375 -0.28375 -0.28375 -0.09125 -0.09125 -0.09125 -0.09125 -0.091250068 -0.12375 -0.12375 -0.12375 -0.12375 -0.12375 -0.12375003 -0.1475 -0.1475 -0.1475 -0.24431011 -0.445 -0.445 -0.445 -0.43875 -0.43874994 -0.37625 -0.37625 -0.2775742 -0.2775
-0.195 -0.195 -0.22295932 -0.23875 -0.23875 -0.23875 -0.097666362 -0.19095455 -0.19125 -0.19125 -0.027499972 -0.0275 -0.0275 -0.0275 -0.0275 0.00047934535 0.0275 0.0275 0.0275 0.0275 -0.22749803 -0.2275 -0.2275 -0.2275 -0.28375 -0.28375 -0.28375 -0.28375 -0.28375 -0.18269586 -0.09125 -0.09125 -0.09125 -0.12375 -0.12375 -0.12375 -0.12375 -0.12375 0.054228706 0.19249997 -0.1475 -0.1475 -0.1475 -0.24103043 -0.445 -0.445 -0.445 0.24125 -0.36855601 -0.37625 -0.37625 -0.2775 -0.2775
-0.085 -0.085 -0.085 -0.20020065 -0.23840666 -0.0975 -0.0975 -0.0975 -0.0975 0.105 0.105 -0.027499991 -0.0275 -0.0275 -0.0275 -0.027496502 0.0275 0.0275 0.0275 0.0275 -0.11622627 -0.2275 -0.2275 -0.23139285 -0.37213108 -0.28375 -0.28375 -0.28375 -0.215 -0.215 -0.215 -0.21499948 -0.12375 -0.12375 -0.12375 -0.12375 0.1925 0.1925 0.1925 0.1925 0.0325 0.0325 0.0325 0.13374796 0.13375 0.13375 0.13374982 0.24125 0.24125 -0.37549761 -0.37625 -0.27749561 -0.2775
-0.085 -0.085 -0.085 -0.084995625 -0.00375 -0.01738279 -0.0975 -0.0975 -0.0975 0.105 0.105 0.105 0.26624999 0.26625 0.26625 0.26624998 0.026945874 0.0275 0.0275 0.0275 0.023625172 -0.37624959 -0.37625 -0.37625 -0.37625 -0.37625 -0.39125 -0.39125 -0.215 -0.215 -0.215 -0.215 -0.12374968 -0.12375 -0.12375 -0.12371437 0.19249999 0.1925 0.1925 0.1911346 0.0325 0.0325 0.0325 0.1337453 0.13375 0.13375 0.13375 0.24125 0.24125 0.24125005 0.59375 0.59375 0.61125
-0.085 -0.085 -0.085 -0.0037501872 -0.00375 -0.00375 -0.097499965 -0.0975 -0.0975 0.105 0.105 0.105 0.26625 0.26625 0.26625 0.22502864 -0.275 -0.275 -0.27499922 0.025791398 -0.37625 -0.37625 -0.37625 -0.37625 -0.37625 -0.37626129 -0.39125 -0.39125 -0.39125 -0.215 -0.215 -0.21515367 0.31375 0.31375 0.31375 -0.2225 -0.2225 -0.11875 -0.11875 -0.11875 -0.0375 0.032478043 0.032501017 0.16875 0.16875 0.16742354 0.13375027 0.24125 0.24125 0.59375 0.59375 0.59375 0.61125
-0.085 -0.085 -0.085 -0.00375 -0.00375 -0.00375 -0.00375 -0.0975 -0.0975 0.105 0.105 0.25980233 0.26625 0.26625 0.26625 -0.275 -0.275 -0.275 -0.275 -0.275 -0.37625 -0.37625 -0.37625 -0.37625 -0.37625 -0.39124995 -0.39125 -0.39125 -0.39125 -0.45375 -0.45375 -0.45375 0.31375 0.31375 0.31375 -0.2225 -0.2225 -0.11875 -0.11875 -0.0375 -0.0375 -0.0375 0.16875 0.16875 0.16875 0.16875 0.19000562 0.4275 0.4275 0.4275 0.59375 0.5925 0.5925
-0.085 -0.085 -0.084886856 -0.00375 -0.00375 -0.00375 -0.00375 0.068840897 0.0725 0.072555798 0.105 0.26623136 0.26625 0.26625 0.26624813 -0.275 -0.275 -0.275 -0.275 -0.275 -0.22160663 -0.37625 -0.37625 -0.37625 -0.37619181 -0.39123326 -0.39125 -0.39125 -0.39125 -0.45375 -0.45375 -0.45375 -0.45363497 0.31375 -0.2225 -0.2225 -0.2225 -0.22249551 -0.11874446 -0.0375 -0.0375 -0.0375 0.16873748 0.16875 0.16875 0.16875 0.42749942 0.4275 0.4275 0.4275 0.5925 0.5925 0.5925
-0.28875 -0.28874964 -0.0038027934 -0.00375 -0.00375 -0.00375 0.072483775 0.0725 0.0725 0.0725 0.043750001 0.04375 0.04375 0.04375 -0.27352881 -0.275 -0.275 -0.275 -0.275 -0.21500004 -0.215 -0.215 -0.093750047 -0.09375 -0.09375 -0.09375 -0.11942808 -0.39125 0.064981314 0.065 0.065 0.065 0.065 0.082499999 0.0825 0.0825 0.0825 0.0825 0.4675 0.4675 0.4675 0.4675 0.4675 0.37219286 0.3725 0.3725 0.3725 0.4275 0.4275 0.4275 0.59247401 0.5925 0.5925
-0.28875 -0.28875 -0.28473113 0.19124961 0.19124996 0.1911341 0.0725 0.0725 0.0725 0.0725 0.04375 0.04375 0.04375 0.04375 0.04375 -0.275 -0.275 -0.275 -0.21500002 -0.215 -0.215 -0.215 -0.09375 -0.09375 -0.09375 -0.09375 -0.09375 -0.093812792 0.064968624 0.065 0.065 0.065 0.064987396 0.004551027 0.082419287 0.0825 0.0825 0.082499998 0.4675 0.4675 0.4675 0.4675 0.4675 0.3725 0.3725 0.3725 0.3725 0.39821907 0.4275 0.059155957 0.055 0.1525 0.1525
-0.28875 -0.28875 0.1911892 0.19125 0.19125 0.19125 0.161088 0.0725 0.0725 0.0725 0.04375 0.04375 0.04375 0.04375 0.04375 -0.27475808 -0.275 -0.21501759 -0.215 -0.215 -0.215 -0.215 -0.13866785 -0.09375 -0.09375 -0.09375 -0.09375 -0.09369523 -0.01625 -0.01625 -0.01625 -0.01625 -0.01625 -0.055 -0.055 -0.055 -0.055 -0.055 0.24125 0.24125 0.24125 0.24125 0.24125 0.37262819 0.37250003 0.3725 0.3725089 0.37352508 0.055 0.055 0.055 0.15249945 0.1525
-0.28875002 -0.29978067 0.19124993 0.19125 0.19125 0.19125 0.19125 0.072550563 0.0725 0.0725 0.04375 0.04375 0.04375 0.04375 -0.31558733 -0.32375 -0.32375 -0.2150028 -0.215 -0.215 -0.215 -0.215 -0.215 -0.09375 -0.09375 -0.09375 -0.09375 -0.3237497 -0.32374986 -0.25830653 -0.01625 -0.01625 -0.01625 -0.055000001 -0.055 -0.055 -0.055 -0.055135457 0.24125 0.24125 0.24125 0.24125 0.24123994 0.425 0.425 0.425 0.425 0.42497016 0.055 0.055 0.055 0.055000216 0.40374451
