interpolatedSpi/04-10|20_1.tif
NCOLS 53
NROWS 52
XLLCORNER -116.03883
YLLCORNER 28.596182
DX 0.49850594
DY 0.49788537
NODATA_VALUE -9999
[rows 0 to 34 of 52, columns 0 to 52 of 53]
-0.18 -0.18 -0.20214743 -0.57125 -0.13875 0.0025 0.29125 0.3425 -0.069427625 -0.13125 -0.14875 0.19 0.1237534 0.165 -0.07125 -0.07125 -0.07125 0.0275 0.3025 0.3025 0.3025 0.30249747 0.040000001 0.1 0.1 0.1 0.46375145 0.46375 0.46375 0.1825 0.1825 0.1825 0.1825 0.46874994 0.46875 0.46875 0.46875 0.46875 0.46875 0.46875002 1.0635926 1.0698608 0.52375 0.52375 0.52375 0.52375 0.52388883 0.60875 0.60875 0.60875 0.92249935 0.9225 0.9225
-0.18000911 -0.385 -0.18749944 -0.11853523 0.027346406 0.0975 0.06375 0.09014234 -0.20625 -0.04125 0.1675 0.12375 0.12375 0.22479993 0.16499864 -0.07125 0.0275 0.0275 0.30214144 0.3025 0.3025 0.3025 0.075063178 0.1 0.1 0.1 0.0012500068 0.0012500002 0.1825 0.1825 0.1825 0.1825 0.1825 0.46874996 0.46875 0.46875 0.46875 0.46875 0.46875002 0.47483861 0.48376305 0.51889646 0.52375 0.52375 0.52375 0.52375 0.52375 0.60875 0.60875 0.60875 0.63476645 0.9225 0.9225
0.48247455 0.4825 0.30125 0.56 0.1575 0.0025 0.17125 -0.13375 0.03125 0.08875 0.27 -0.0975 -0.315 0.0425 0.225 0.37 0.0275 0.0275 0.0275 0.10380778 0.10375 0.10375 -0.37375 0.1 0.1 0.1 0.00125 0.00125 0.00125 0.1825 0.1825 0.18249997 -0.13582579 0.46841347 0.47093735 0.70159658 0.70375 0.70375 0.6760798 0.48375 0.48375 0.48380115 0.52375 0.52375 0.52375 0.52375 0.52375 0.60875 0.60875 0.60875 0.60875 0.9225 0.9225
0.38125 0.48249996 0.27498909 0.3 0.06625 0.13 0.45 -0.25625 0.05375 0.21479399 0.27875 0.2075 0.005 0.0425 0.13625 0.37 -0.33332739 -0.33849338 -0.2125 0.10375 0.10375 -0.48 -0.37375 -0.37375 0.1 0.099999507 0.00125 0.00125 0.00125 -0.5325 -0.50300857 -0.47875 -0.47875 -0.47874907 0.70375 0.70375 0.70375 0.70375 0.48375 0.48375 0.48375 0.48375 0.52375 0.52375 0.52375 0.52375 0.52375 0.60874893 0.60875 0.60875 0.60875 0.92244549 0.9225
0.38125 0.24875005 0.275 0.35074558 0.06625 0.21 0.042518156 -0.09375 -0.0675 0.072499989 0.045452974 0.031280438 0.24375 0.13625 0.13625 0.2815163 -0.33875 -0.33875 -0.2125 -0.2125 0.1037488 -0.48 -0.62125 -0.29875 -0.24875 -0.24878034 0.00125 0.00125 -0.5325 -0.5325 -0.47875 -0.47875 -0.47875 -0.43396386 0.70375 0.70375 0.70375 0.48375 0.48375 0.48375 0.48375 0.48370837 0.52374999 0.52375 0.52375 0.52375 0.52375 0.52450661 0.60875 0.60868924 -0.74625 -0.74625 -0.74625
-0.7625 0.15375 0.3475 0.23 0.28625 0.3225 0.1425 0.11225323 0.18875 -0.11125 0.18 -0.3 -0.29999964 -0.07375 -0.07375 -0.32872706 -0.32875 -0.3075 -0.3075 -0.21250024 -0.7925 -0.7925 -0.29875 -0.24875 -0.24875 -0.37875 -0.615 -0.615 -0.1625336 -0.5325 -0.47875 -0.47875 -0.24125 -0.24124856 -0.22750106 -0.48 -0.48 0.18559194 0.48375 0.48375 0.053037861 0.052500001 0.052500694 -0.31370104 -0.32865578 -0.32874977 -0.32874997 -0.32874969 -0.87591816 -0.74625 -0.74625 -0.74625 -0.74625
-0.33874985 -0.02 -0.29941995 0.1225 0.38625 -0.17875 -0.063749997 0.1 -0.14 -0.14 0.18 -0.145 -0.23750003 -0.07375 -0.23374952 -0.23375 -0.32875 -0.45875 -0.48625 -0.48625 -0.79603449 -0.8 -0.8 -0.5625 -0.37875 -0.37875 -0.615 -0.615 -0.16249993 -0.16249866 0.12411631 -0.24125 -0.24125 -0.2275 -0.2275 -0.60799041 -0.48 -0.48 -0.86123679 0.052498728 0.0525 0.0525 0.05250299 -0.32874975 -0.32875 -0.32875 -0.32875 -0.32875037 -0.95 -0.74629038 -0.74625 -0.74625 -0.74625
-0.33875 -0.5575 -0.17625 -0.55625 -0.62499606 -0.29375 -0.07125 -0.37749999 -0.3325 -0.1975 -0.1975 -0.35 -0.2375 -0.2375 -0.23377573 -0.34987151 -0.36125 -0.27 -0.52874996 -0.48625 -0.79138931 -0.76125 -0.91125 -0.625 -0.6250004 -0.65625 -0.7575 -0.75749995 -0.16125438 -0.16124999 0.125 -0.10113631 -0.09625 -0.2275 -0.23142167 -0.715 -0.715 -0.86125 -0.86125 0.0525 0.0525 0.052500006 -0.28262175 -0.28375 -0.32875 -0.32875 -0.32875 -0.94997635 -0.95 -0.95 -0.74625 -0.74625 -0.74625
-0.56698222 -0.55749999 -0.30375 -0.27875 -0.07875 -0.3775 -0.16625 0.14625 0.07 0.11983985 -0.03375 -0.36625 -0.36625 -0.4125 -0.41249746 -0.4921342 -0.4925 -0.4925 -0.30949859 -0.97000003 -1.11625 -1.11625 -0.75625 -0.85016705 -0.65310083 -0.65625 -0.62125 -0.7575 -0.50646728 -0.505 -0.1025 0.14125 -0.048879592 -0.495 -0.365 -0.47875 -0.5025 -0.46 -0.53996306 0.053811234 0.34625 -0.15 -0.28371805 -0.28375 -0.28400328 -0.32875 -0.60874999 -0.95 -0.95 -0.95 -0.95 -0.75247537 -0.43875
-0.62 -0.62 -0.42125 -0.28375 -0.13625 -0.1 -0.08125 -0.0875 0.19125 0.13248981 -0.0975 -0.0475 -0.4125 -0.4125 -0.1425 -0.14730041 -0.4925 -0.49245695 -0.30125 -0.97 -0.97 -0.9888419 -0.75625 -0.78499946 -0.785 -0.785 -0.62125 -0.32 -0.32 -0.505 -0.505 0.14053403 -0.23625 -0.495 -0.30875 -0.47875 -0.5025 -0.7975 -0.54 0.25810209 -0.14999998 -0.12704129 -0.0875 -0.28375 -0.28375 -0.60875 -0.60875 -0.60875 -0.95 -0.95 -0.79625 -0.79625 -0.79624987
-0.62 -0.62 -0.66875 -0.51625 -0.65 -0.18375 -0.38499999 0.18605785 0.06625 0.01625 0.03625 -0.135 -0.047617029 -0.1425 -0.1425 -0.14252076 -0.3225 -0.3213847 -0.30125 -0.4625 -0.4625 -0.59625 -0.59625 -0.785 -0.785 -0.785 -0.32 -0.32 -0.32 -0.55875 -0.55875 -0.55874947 -0.4275 -0.4275 -0.46625 -0.64125 -0.44 -0.417499 -0.63 0.27125 0.27125 -0.070000058 -0.0875 -0.28375 -0.29375009 -0.41875 -0.41085597 -0.41 -0.59 -0.59 -0.79625 -0.79625 -0.79625
-0.62 -0.64100545 -0.60367281 -0.70124304 -0.44125 -0.655 -0.385 0.18625 0.066251002 0.016803939 -0.1349998 -0.135 -0.05875 -0.1425 -0.1425 -0.32249999 -0.3225 -0.32249879 -0.30125 -0.4625 -0.48876578 -0.59625 -0.59625 -0.78499214 -0.785 -0.75377164 -0.69 -0.69 -0.68999995 -0.55875 -0.55875 -0.56125 -0.56125 -0.42750011 -0.46625 -0.36750016 -0.4175504 -0.4175 -0.4175 0.27124999 -0.07 -0.07 -0.070001621 -0.29375 -0.29375 -0.41875 -0.41 -0.41 -0.59 -0.59 -0.79625 -0.79625 -0.79625
-0.13875 -0.033531739 0.018729831 0.013535991 -0.44125113 -0.65499495 -0.38500001 0.17921824 0.074519227 0.064944367 -0.05875 -0.05875 -0.05875 -0.05875 -0.14248814 -0.3225 -0.3225 -0.32222563 -0.30125 -0.46245849 -0.3225 -0.3225 -0.3225 -0.3225 -0.77709738 -0.69 -0.69 -0.69 -0.69 -0.68988852 -0.56125 -0.56125 -0.56125 -0.56125 -0.3675 -0.3675 -0.3675 -0.41495208 -0.41540644 -0.13875 -0.13875 -0.070003698 -0.26375103 -0.29374711 -0.29375 -0.41875 -0.41 -0.41 -0.59 -0.59 -0.79550175 -0.79625 -0.37369832
-0.13875 0.01875 0.01875 0.01875 0.01875 0.018749717 -0.38569109 -0.11472133 0.096580738 -0.058616635 -0.05875 -0.05875 -0.05875 -0.05875 -0.05875006 -0.3225 -0.3225 -0.3210424 -0.30125037 -0.3225 -0.3225 -0.3225 -0.3225 -0.3225 -0.32401462 -0.58748062 -0.56375003 -0.56375 -0.56375 -0.56375 -0.56125 -0.56125 -0.56125028 -0.79125 -0.79125 -0.3675 -0.20951884 -0.205 -0.13875004 -0.13875 -0.13875 -0.13875 -0.26375 -0.26375 -0.26375 -0.26482866 -0.42366235 -0.42375 -0.42375 -0.42375 -0.42375 0.38124976 0.38125
-0.16 0.01875 0.01875 0.01875 0.01875 0.01875 0.018749973 -0.29560486 -0.13878519 -0.14 -0.14 -0.14 -0.14 -0.14 -0.14 -0.11920251 -0.3192647 -0.31959013 -0.32249734 -0.3225 -0.3225 -0.3225 -0.3225 -0.32249996 -0.3925 -0.3925 -0.39250024 -0.56375 -0.56375 -0.56373999 -0.55875 -0.55875 -0.79125 -0.79125 -0.79125 -0.29891084 -0.205 -0.205 -0.205 -0.13875 -0.13875 -0.13875 -0.26375 -0.26375 -0.26375 -0.26375 -0.42375 -0.42375 -0.42375 -0.42375 -0.42375 0.38125 0.38125
-0.16 -0.093453406 0.01875 0.01875 0.01875 0.01875 -0.40741634 -0.4075 -0.40749999 -0.14 -0.14 -0.14 -0.14 -0.14 -0.1353121 -0.11875 -0.11875 -0.11875 -0.29009869 -0.29000003 -0.29 -0.29 -0.29 -0.29 -0.3925 -0.3925 -0.3925 -0.3925 -0.56375 -0.55875 -0.55875 -0.55875 -0.79124998 -0.79125 -0.79125 -0.13125 -0.20490235 -0.205 -0.205 -0.13877193 -0.18250372 -0.28456289 -0.26375 -0.26375 -0.22885801 -0.22875 -0.22875 -0.42309039 -0.023902187 -0.022500035 -0.022500076 0.13878667 0.38124951
-0.16 -0.11499208 -0.0483011 0.01875 0.01875 -0.40724815 -0.4075 -0.4075 -0.4075 -0.40557232 -0.14 -0.14 -0.14 -0.14 -0.11875 -0.11875 -0.11875 -0.11875 -0.28984703 -0.29 -0.29 -0.29 -0.29 -0.29 -0.3925 -0.3925 -0.3925 -0.3925 -0.39310471 -0.55875 -0.55875 -0.55875 -0.21000001 -0.79116883 -0.13125 -0.13125 -0.13125 -0.13334408 -0.27993669 -0.285 -0.285 -0.285 -0.2125 -0.2125 -0.22875 -0.22875 -0.22875 -0.022500003 -0.0225 -0.0225 -0.0225 0.13875 0.13875
-0.11372694 -0.11375 -0.11375 -0.11375 -0.30125 -0.40749726 -0.4075 -0.4075 -0.4075 -0.4075 -0.13309173 -0.13999881 -0.14 -0.11875 -0.11875 -0.11875 -0.11875 -0.11875 -0.16902633 -0.29 -0.29 -0.29 -0.29 -0.29 -0.27211257 -0.16500123 -0.165 -0.165 -0.165 -0.55874998 -0.21000001 -0.21 -0.21 -0.21 -0.13125 -0.131255 -0.32125 -0.32125 -0.28545264 -0.285 -0.285 -0.285 -0.2125 -0.2125 -0.22623394 -0.22875 -0.22875 -0.0225 -0.0225 -0.0225 -0.020770981 0.13875 0.13875
-0.11375 -0.11375 -0.11375 -0.20204655 -0.30125 -0.30125 -0.4075 -0.4075 -0.4075 -0.4075 -0.04875 -0.04875 -0.04875 -0.11875 -0.11875 -0.11875 -0.11875 -0.11882643 -0.7025 -0.7025 -0.29000017 -0.29 -0.29413878 -0.46 -0.45734424 -0.165 -0.165 -0.165 -0.165 -0.20999542 -0.21 -0.21 -0.21 -0.21 -0.32124933 -0.32125 -0.32125 -0.32125 -0.32111783 -0.285 -0.285 -0.285 -0.2125 -0.2125 -0.2125 -0.22875 -0.22875 -0.022500002 -0.0225 -0.0225 0.13875 0.13875 0.13875
-0.11375 -0.11375 -0.11375 -0.30125 -0.30125 -0.30125 -0.30125016 -0.4075 -0.4075 -0.049120333 -0.04875 -0.04875 -0.04875 -0.04879362 -0.49310787 -0.58125 -0.58125 -0.58125 -0.7025 -0.7025 -0.7025 -0.46 -0.46 -0.46 -0.45995308 -0.23187685 -0.165 -0.165 -0.165 -0.057519569 -0.023768318 -0.02375 -0.02375 -0.02375 -0.28712079 -0.24000018 -0.24 -0.24 -0.24 -0.21500958 -0.215 -0.215 -0.2125 -0.2125 0.13499855 0.13499997 0.04625 0.04625 0.105 0.105 0.105 0.13875 0.37478876
-0.11374986 -0.11375 -0.11375001 -0.30125 -0.30125 -0.30125 -0.30125 -0.34625002 -0.4072551 -0.048904152 -0.04875 -0.04875 -0.04875 -0.049794912 -0.58125 -0.58125 -0.58125 -0.58125003 -0.7025 -0.7025 -0.7025 -0.46 -0.46 -0.46 -0.2925 -0.2925 -0.28 -0.28 -0.28 -0.27860208 -0.02375 -0.02375 -0.02375 -0.02375 -0.13181566 -0.24 -0.24 -0.24 -0.24 -0.215 -0.215 -0.215 -0.20398766 0.135 0.135 0.135 0.04625 0.04625 0.105 0.105 0.105 0.37499999 0.375
-0.07 -0.098555338 -0.2925 -0.29250254 -0.30125 -0.34598963 -0.34625 -0.34625 -0.33714053 -0.21875 -0.21875 -0.21875 -0.21875 -0.72623348 -0.72625 -0.58125011 -0.58125 -0.58444476 -0.7025 -0.7025 -0.7025 -0.6125 -0.6125 -0.6125 -0.2925 -0.2925 -0.28 -0.28 -0.28 -0.27999989 -0.12374936 -0.12374972 -0.02626335 -0.023857207 -0.45575553 -0.45625 -0.45625 -0.45625 -0.45625 -0.215 -0.215 -0.215 0.11572771 0.135 0.135 0.13499994 0.04625 0.04625 0.046252115 0.105 0.10500872 0.3 0.375
-0.36119469 -0.36124999 -0.2925 -0.2925 -0.2925 -0.34625 -0.34625 -0.34625 -0.32125 -0.32125 -0.21875 -0.21875 -0.21875 -0.72625 -0.72625 -0.72625 -0.72625 -0.72624681 -0.7025 -0.7025 -0.7025 -0.6125 -0.6125 -0.6125 -0.2925 -0.2925 -0.28 -0.28 -0.28 -0.12551173 -0.12375 -0.12375 -0.12375 -0.12375 -0.45608593 -0.45625 -0.45625 -0.45625 -0.45625 -0.49999993 -0.5 -0.5 -0.5 0.13499752 -0.18875 -0.18875 -0.18875 0.09375 0.09375 0.09375 0.3 0.3 0.3
-0.36125 -0.36125 -0.2925 -0.2925 -0.2925 -0.34596748 -0.34625 -0.32125 -0.32125 -0.32125 -0.21876262 -0.21875 -0.65795454 -0.72625001 -0.72625 -0.72625 -0.72625 -0.92375 -0.92375 -0.92375 -0.75 -0.7499999 -0.61250067 -0.6125 -0.6124561 -0.69 -0.69 -0.68999902 -0.28006626 -0.19873505 -0.1987496 -0.19873691 -0.12387818 -0.12381472 -0.3970798 -0.45625003 -0.45652229 -0.5375 -0.5375 -0.5 -0.5 -0.5 -0.5 -0.18875 -0.18875 -0.18875 -0.18875 0.09375 0.09375 0.09375 0.3 0.3 0.3
-0.36125 -0.36125 -0.2925 -0.2925 -0.2925 -0.2925 -0.33689323 -0.32125 -0.32125 -0.32125 -0.32149029 -0.75625 -0.75625 -0.75625 -0.7264268 -0.72625 -0.92243391 -0.92375 -0.92375 -0.92375 -0.75 -0.75 -0.75 -0.75 -0.69 -0.69 -0.69 -0.69 -0.69 -0.19875 -0.19875 -0.19875 -0.19875 -0.19875058 -0.4725 -0.5375 -0.5375 -0.5375 -0.5375 -0.53750031 -0.6425 -0.6425 -0.6425 -0.52494358 -0.28125 -0.28125 -0.28125 0.093749989 0.093749975 0.0675 0.0675 0.091300784 0.09125
-0.36125 -0.36125 -0.31731392 -0.2925 -0.2925 -0.29250002 -1.0299901 -0.32348753 -0.32125 -0.32125 -0.75625004 -0.75625 -0.75625 -0.75625 -0.75625 -0.75381591 -0.92375 -0.92375 -0.92375 -0.92375 -0.75000134 -0.75 -0.75 -0.75 -0.69 -0.69 -0.69 -0.69 -0.69 -0.52389082 -0.19875 -0.19875 -0.19875 -0.4725 -0.4725 -0.47255047 -0.5375 -0.5375 -0.4903673 -0.45375001 -0.6425 -0.6425 -0.6425 -0.52621506 -0.28125 -0.28125 -0.28125 -0.18625 0.0643383 0.0675 0.0675 0.09125 0.09125
-0.85125 -0.85125 -0.85125 -0.43259398 -0.29356061 -1.03125 -1.03125 -1.03125 -1.03125 -0.96125 -0.96125 -0.75625001 -0.75625 -0.75625 -0.75625 -0.75626062 -0.92375 -0.92375 -0.92375 -0.92375 -0.82581886 -0.75 -0.75 -0.74715397 -0.64342078 -0.69 -0.69 -0.69 -0.63875 -0.63875 -0.63875 -0.63874815 -0.4725 -0.4725 -0.4725 -0.4725 -0.45375 -0.45375 -0.45375 -0.45375 -0.58 -0.58 -0.58 -0.21750729 -0.2175 -0.2175 -0.21750002 -0.18625 -0.18625 0.06719082 0.0675 0.091248607 0.09125
-0.85125 -0.85125 -0.85125 -0.85125875 -1.01375 -1.0162948 -1.03125 -1.03125 -1.03125 -0.96125 -0.96125 -0.96125 -0.88999999 -0.89 -0.89 -0.89 -0.92361948 -0.92375 -0.92375 -0.92375 -0.9211094 -0.6412503 -0.64125 -0.64125 -0.64125 -0.64125 -0.62375 -0.62375 -0.63875 -0.63875 -0.63875 -0.63875 -0.47250013 -0.4725 -0.4725 -0.47251486 -0.45375 -0.45375 -0.45375 -0.45362936 -0.58 -0.58 -0.58 -0.21751681 -0.2175 -0.2175 -0.2175 -0.18625 -0.18625 -0.18625 -0.185 -0.185 -0.02875
-0.85125 -0.85125 -0.85125 -1.0137496 -1.01375 -1.01375 -1.03125 -1.03125 -1.03125 -0.96125 -0.96125 -0.96125 -0.89 -0.89 -0.89 -0.88714402 -0.8525 -0.8525 -0.85250018 -0.92334756 -0.64125 -0.64125 -0.64125 -0.64125 -0.64125 -0.64123683 -0.62375 -0.62375 -0.62375 -0.63875 -0.63875 -0.63870736 -0.655 -0.655 -0.655 -0.54375 -0.54375 -0.42625 -0.42625 -0.42625 -0.22 -0.57988708 -0.57999607 -0.05375 -0.05375 -0.059955939 -0.21749951 -0.18625 -0.18625 -0.185 -0.185 -0.185 -0.02875
-0.85125 -0.85125 -0.85125 -1.01375 -1.01375 -1.01375 -1.01375 -1.03125 -1.03125 -0.96125 -0.96125 -0.89284897 -0.89 -0.89 -0.89 -0.8525 -0.8525 -0.8525 -0.8525 -0.8525 -0.64125 -0.64125 -0.64125 -0.64125 -0.64125 -0.62375006 -0.62375 -0.62375 -0.62375 -0.5725 -0.5725 -0.5725 -0.655 -0.655 -0.655 -0.54375 -0.54375 -0.42625 -0.42625 -0.22 -0.22 -0.22 -0.05375 -0.05375 -0.05375 -0.05375 -0.033213166 0.19625 0.19625 0.19625 -0.18499999 0.105 0.105
-0.85125 -0.85125 -0.85147629 -1.01375 -1.01375 -1.01375 -1.01375 -0.96257937 -0.96 -0.96000215 -0.96124999 -0.88998838 -0.89 -0.89 -0.88999987 -0.8525 -0.8525 -0.8525 -0.8525 -0.8525 -0.57893056 -0.64125 -0.64125 -0.64125 -0.64126596 -0.62375535 -0.62375 -0.62375 -0.62375 -0.5725 -0.5725 -0.5725 -0.5725112 -0.655 -0.54375 -0.54375 -0.54375 -0.54374504 -0.42623593 -0.22 -0.22 -0.22 -0.053760093 -0.05375 -0.05375 -0.05375 0.19625035 0.19625 0.19625 0.19625 0.105 0.105 0.105
-0.645 -0.64500036 -1.0136515 -1.01375 -1.01375 -1.01375 -0.96001144 -0.96 -0.96 -0.96 -0.75125001 -0.75125 -0.75125 -0.75125 -0.85203271 -0.8525 -0.8525 -0.8525 -0.8525 -0.57625016 -0.57625 -0.57625 -0.71874999 -0.71875 -0.71875 -0.71875 -0.71055028 -0.62375 -0.48625563 -0.48625 -0.48625 -0.48625 -0.48625 -0.37375 -0.37375 -0.37375 -0.37375 -0.37375 -0.1975 -0.1975 -0.1975 -0.1975 -0.1975 0.23331661 0.23375 0.23375 0.23375 0.19625 0.19625 0.19625 0.10501438 0.105 0.105
-0.645 -0.645 -0.64490592 -0.63375076 -0.63375008 -0.63406831 -0.96 -0.96 -0.96 -0.96 -0.75125 -0.75125 -0.75125 -0.75125 -0.75125 -0.8525 -0.8525 -0.8525 -0.57625007 -0.57625 -0.57625 -0.57625 -0.71875 -0.71875 -0.71875 -0.71875 -0.71875 -0.71872966 -0.48615443 -0.48625 -0.48625 -0.48625 -0.48621161 -0.16470503 -0.37353354 -0.37375 -0.37375 -0.37374999 -0.1975 -0.1975 -0.1975 -0.1975 -0.1975 0.23375 0.23375 0.23375 0.23375 0.21621427 0.19625 0.53740086 0.54125 0.3025 0.3025
-0.645 -0.645 -0.63375143 -0.63375 -0.63375 -0.63375 -0.71661612 -0.96 -0.96 -0.96 -0.75125 -0.75125 -0.75125 -0.75125 -0.75125 -0.85242225 -0.8525 -0.57633099 -0.57625 -0.57625 -0.57625 -0.57625 -0.66595995 -0.71875 -0.71875 -0.71875 -0.71875 -0.71841004 -0.23875 -0.23875 -0.23875 -0.23875 -0.23875 -0.005 -0.005 -0.005 -0.005 -0.005 -0.03625 -0.03625 -0.03625 -0.03625 -0.036250002 0.234043 0.23375006 0.23375 0.23377034 0.23624184 0.54125 0.54125 0.54125 0.30250134 0.3025
-0.64499963 -0.45012483 -0.63374997 -0.63375 -0.63375 -0.63375 -0.63375 -0.95986109 -0.96 -0.96 -0.75125 -0.75125 -0.75125 -0.75125 -0.7683613 -0.76875 -0.76875 -0.57625495 -0.57625 -0.57625 -0.57625 -0.57625 -0.57625005 -0.71875 -0.71875 -0.71875 -0.71875 -0.21000004 -0.21000001 -0.2161187 -0.23875 -0.23875 -0.23875 -0.0049999989 -0.005 -0.005 -0.005 -0.0048933278 -0.03625 -0.03625 -0.03625 -0.03625 -0.036229314 0.35375 0.35375 0.35375 0.35375 0.35376512 0.54125 0.54125 0.54125 0.54125 0.54019701
