interpolatedSpi/04-10|20_3.tif
NCOLS 53
NROWS 52
XLLCORNER -116.03883
YLLCORNER 28.596182
DX 0.49850594
DY 0.49788537
NODATA_VALUE -9999
[rows 0 to 27 of 52, columns 0 to 52 of 53]
0.21571429 0.21571429 -0.066245413 -0.53428571 0.12571429 0.32857143 0.72714286 0.86428571 0.16209876 -0.14714286 -0.14428571 0.45 0.20288867 0.58571429 0.15714286 0.15714286 0.15714286 0.11714286 0.34142857 0.34142857 0.34142857 0.34142875 0.36 0.1 0.1 0.1 0.85143012 0.85142857 0.85142857 0.32571429 0.32571429 0.32571429 0.32571429 0.83714275 0.83714286 0.83714286 0.83714286 0.83714286 0.83714286 0.83714288 1.5833898 1.5912432 0.86428571 0.86428571 0.86428571 0.86428571 0.86506038 1.3385714 1.3385714 1.3385714 1.5557138 1.5557143 1.5557143
0.21569531 -0.21142857 0.16285778 0.27008476 0.58265957 0.74 0.58142857 0.57314695 0.075714286 0.38 0.30571429 0.20285714 0.20285714 0.77792835 0.58571283 0.15714286 0.11714286 0.11714286 0.34113613 0.34142857 0.34142857 0.34142857 0.064206777 0.1 0.1 0.1 0.12571428 0.12571429 0.32571429 0.32571429 0.32571429 0.32571429 0.32571429 0.83714278 0.83714286 0.83714286 0.83714286 0.83714286 0.83714283 0.74862104 0.28861 0.79442753 0.86428571 0.86428571 0.86428571 0.86428571 0.86428571 1.3385714 1.3385714 1.3385714 1.3565771 1.5557143 1.5557143
0.90853862 0.90857143 0.71285714 1.1585714 0.79142857 0.54428571 0.76571429 0.23857143 0.56714286 0.43714286 0.70571429 -0.061428571 -0.65714286 0.095714286 0.77857143 0.89857143 0.11714286 0.11714286 0.11714286 0.13148962 0.13142857 0.13142857 -0.58 0.1 0.1 0.1 0.12571429 0.12571429 0.12571429 0.32571429 0.32571429 0.32571423 -0.18456979 0.83519814 0.8343239 0.53706094 0.53428571 0.53428571 0.50338133 0.28857143 0.28857143 0.28930762 0.86428571 0.86428571 0.86428571 0.86428571 0.86428571 1.3385714 1.3385714 1.3385714 1.3385714 1.5557143 1.5557143
0.43714286 0.90857132 0.38997943 0.63714286 0.14571429 0.65714286 1.2685714 -0.035714286 0.57571429 0.50566812 0.75 0.65714286 0.29285714 0.095714286 0.47571429 0.89857143 -0.43968215 -0.44960263 -0.21857143 0.13142857 0.13142857 -0.80571429 -0.58 -0.58 0.1 0.10000013 0.12571429 0.12571429 0.12571429 -0.74857143 -0.74073318 -0.73428571 -0.73428571 -0.73428471 0.53428571 0.53428571 0.53428571 0.53428571 0.28857143 0.28857143 0.28857143 0.28857145 0.86428571 0.86428571 0.86428571 0.86428571 0.86428571 1.3385654 1.3385714 1.3385714 1.3385714 1.555625 1.5557143
0.43714286 0.080000569 0.39 0.52632878 0.14571429 0.70285714 0.63429186 0.15857143 -0.0071428571 0.25857143 0.39806933 0.46289541 0.73 0.47571429 0.47571429 0.7374594 -0.45 -0.45 -0.21857143 -0.21857143 0.13142665 -0.80571429 -0.84285714 -0.45857143 -0.55285714 -0.55288871 0.12571429 0.12571429 -0.74857143 -0.74857143 -0.73428571 -0.73428571 -0.73428571 -0.6044396 0.53428571 0.53428571 0.53428571 0.28857143 0.28857143 0.28857143 0.28857143 0.2885866 0.86428571 0.86428571 0.86428571 0.86428571 0.86428571 0.86850744 1.3385714 1.3384586 -1.1785714 -1.1785714 -1.1785714
-1.0457143 0.095714286 0.45714285 0.32571429 0.67857143 0.74571429 0.4 0.36909023 0.45571429 0.10142857 0.47428571 -0.41285714 -0.41285639 -0.042857143 -0.042857143 -0.37284783 -0.37285714 -0.57571429 -0.57571428 -0.21857189 -1.2485714 -1.2485714 -0.45857143 -0.55285714 -0.55285714 -0.68857143 -1.05 -1.05 -0.19433605 -0.74857143 -0.73428571 -0.73428571 -0.045714286 -0.0457216 -0.11570942 -0.54714286 -0.54714286 0.030024137 0.28857143 0.28857143 0.44551829 0.44571429 0.44571536 -0.63730224 -0.66411678 -0.66428531 -0.66428566 -0.66428514 -1.1105974 -1.1785714 -1.1785714 -1.1785714 -1.1785714
-0.68286044 -0.30714286 -0.64700022 0.18142857 0.78285714 0.10857143 0.18714286 0.47428571 0.12285714 0.12285714 0.47428571 -0.16428571 -0.3257144 -0.042857143 -0.33428484 -0.33428571 -0.37285714 -0.62 -0.73714286 -0.73714286 -1.25867 -1.27 -1.27 -1.1371428 -0.68857143 -0.68857143 -1.05 -1.05 -0.19428571 -0.19428571 0.30844322 -0.045714286 -0.045714286 -0.11571429 -0.11571429 -0.89026608 -0.54714286 -0.54714286 -1.4613969 0.44571163 0.44571429 0.44571429 0.44571863 -0.6642833 -0.66428571 -0.66428571 -0.66428571 -0.66428602 -1.1842857 -1.1785726 -1.1785714 -1.1785714 -1.1785714
-0.68285714 -1.0128571 -0.42 -0.99 -1.26427 -0.44142857 -0.074285714 -0.38571427 -0.27285714 -0.30285714 -0.30285714 -0.80428571 -0.32571429 -0.32571429 -0.33422691 -0.41365168 -0.42142857 -0.42714286 -0.70714289 -0.73714286 -1.1496055 -1.1 -1.4385714 -1.1285714 -1.1285728 -1.2342857 -1.2842857 -1.2842856 -0.19428571 -0.1942857 0.31 0.031889063 -0.094285714 -0.11571429 -0.12911925 -1.1771429 -1.1771429 -1.4614286 -1.4614286 0.44571429 0.44571429 0.4457143 -0.23057791 -0.23142859 -0.66428571 -0.66428571 -0.66428571 -1.1842659 -1.1842857 -1.1842857 -1.1785714 -1.1785714 -1.1785714
-1.0267283 -1.0128571 -0.61571429 -0.70285714 -0.21142857 -0.54571429 -0.23142857 0.47142857 0.35857143 0.29933321 -0.19142857 -0.50285714 -0.50285714 -0.83714286 -0.83713775 -0.75763178 -0.75857143 -0.75857143 -0.46988529 -1.6242857 -1.6842857 -1.6842857 -1.1271429 -1.3158425 -1.2236325 -1.2342857 -1.0885714 -1.2842857 -0.93489929 -0.93285714 0.067142857 0.72428571 0.38755512 -0.60571429 -0.58571429 -0.73285714 -0.81142857 -0.73571429 -0.95846852 0.44780588 0.91428571 -0.19 -0.23142415 -0.23142857 -0.23386493 -0.66428571 -1.0457143 -1.1842857 -1.1842857 -1.1842857 -1.1842857 -1.2219712 -0.82
-1.1042857 -1.1042857 -0.67428571 -0.66142857 -0.21714286 0.092857143 -0.11428571 0.11142857 0.50571429 0.28427866 -0.14857143 -0.12428571 -0.83714286 -0.83714286 -0.29428571 -0.3006536 -0.75857143 -0.75859439 -0.88285714 -1.6242857 -1.6242857 -1.6320157 -1.1271429 -1.3357103 -1.3357143 -1.3357143 -1.0885714 -0.65142857 -0.65142857 -0.93285714 -0.93285714 0.72301769 0.055714286 -0.60571429 -0.38 -0.73285714 -0.81142857 -1.2528571 -0.95857143 0.43982008 -0.18999995 -0.19524771 -0.20428571 -0.23142857 -0.23142857 -1.0457143 -1.0457143 -1.0457143 -1.1842857 -1.1842857 -1.5271429 -1.5271429 -1.5271426
-1.1042857 -1.1042857 -1.12 -0.93428571 -0.92714286 -0.4 -0.57714285 0.069940649 -0.024285714 0.051428571 0.0085714286 -0.19 -0.12437426 -0.29428571 -0.29428571 -0.29432658 -0.64857143 -0.66086784 -0.88285714 -0.58285714 -0.58285714 -0.83571429 -0.83571429 -1.3357143 -1.3357143 -1.3357143 -0.65142857 -0.65142857 -0.65142857 -1.01 -1.01 -1.0099982 -0.58714286 -0.58714286 -0.53428571 -0.98 -0.75142857 -0.5257134 -1.1085714 0.46285714 0.46285714 -0.020000606 -0.20428571 -0.23142857 -0.77571434 -0.99142857 -0.96321399 -0.96285714 -1.2485714 -1.2485714 -1.5271429 -1.5271429 -1.5271429
-1.1042857 -1.1110143 -1.0407491 -1.122848 -0.79571429 -0.98714286 -0.57714286 0.07 -0.024284927 0.050589749 -0.18999969 -0.19 -0.32142857 -0.29428571 -0.29428571 -0.64857142 -0.64857143 -0.64858476 -0.88285714 -0.58285714 -0.63251314 -0.83571429 -0.83571429 -1.3356939 -1.3357143 -1.2995551 -1.2257143 -1.2257143 -1.2257142 -1.01 -1.01 -0.95857143 -0.95857143 -0.58714271 -0.53428571 -0.27000035 -0.69851143 -0.52571429 -0.52571429 0.46285713 -0.02 -0.02 -0.020005494 -0.77571429 -0.77571429 -0.99142857 -0.96285714 -0.96285714 -1.2485714 -1.2485714 -1.5271429 -1.5271429 -1.5271429
-0.34857143 -0.0058168764 0.087104528 0.078378634 -0.79571527 -0.98713834 -0.57714287 0.062034044 -0.017788464 -0.022308612 -0.32142857 -0.32142857 -0.32142857 -0.32142857 -0.29428956 -0.64857143 -0.64857143 -0.65159643 -0.88285714 -0.58286773 -0.61285714 -0.61285714 -0.61285714 -0.61285714 -1.3233956 -1.2257143 -1.2257143 -1.2257143 -1.2257143 -1.2255359 -0.95857143 -0.95857143 -0.95857143 -0.95857143 -0.27 -0.27 -0.27 -0.5132629 -0.5219161 -0.02 -0.02 -0.02 -0.36715684 -0.77567493 -0.77571429 -0.99142857 -0.96285714 -0.96285714 -1.2485714 -1.2485714 -1.5261322 -1.5271429 -0.81996434
-0.34857143 0.087142857 0.087142857 0.087142857 0.087142857 0.087142406 -0.57819232 -0.27095118 -0.00045440492 -0.32110667 -0.32142857 -0.32142857 -0.32142857 -0.32142857 -0.32142858 -0.64857142 -0.64857147 -0.66464183 -0.882853 -0.61285714 -0.61285714 -0.61285714 -0.61285714 -0.61285714 -0.6178314 -1.0776197 -1.0357143 -1.0357143 -1.0357143 -1.0357143 -0.95857143 -0.95857143 -0.95857145 -0.97428571 -0.97428571 -0.27 -0.092227799 -0.087142857 -0.020000039 -0.02 -0.02 -0.02 -0.36714286 -0.36714286 -0.36714286 -0.37148732 -1.0068607 -1.0071429 -1.0071429 -1.0071429 -1.0071429 0.45857102 0.45857143
-0.088571429 0.087142857 0.087142857 0.087142857 0.087142857 0.087142857 0.087142812 -0.47499668 -0.33398834 -0.33571429 -0.33571429 -0.33571429 -0.33571429 -0.33571429 -0.33571429 -0.4547203 -0.64555439 -0.68065293 -0.61289101 -0.61285714 -0.61285714 -0.61285714 -0.61285714 -0.61285724 -0.84285714 -0.84285714 -0.84285741 -1.0357143 -1.0357143 -1.0357686 -1.0628571 -1.0628571 -0.97428571 -0.97428571 -0.97428571 -0.22925347 -0.087142857 -0.087142857 -0.087142857 -0.02 -0.02 -0.02 -0.36714286 -0.36714286 -0.36714286 -0.36714286 -1.0071428 -1.0071429 -1.0071429 -1.0071429 -1.0071429 0.45857143 0.45857143
-0.088571429 -0.023154996 0.087142857 0.087142857 0.087142857 0.087142857 -0.59986514 -0.6 -0.59999999 -0.33571429 -0.33571429 -0.33571429 -0.33571429 -0.33571429 -0.36250228 -0.45714286 -0.45714286 -0.45714286 -0.69546162 -0.6957142 -0.69571429 -0.69571429 -0.69571429 -0.69571429 -0.84285714 -0.84285714 -0.84285714 -0.84285714 -1.0357143 -1.0628571 -1.0628571 -1.0628571 -0.97428572 -0.97428571 -0.97428571 -0.042857143 -0.087084221 -0.087142857 -0.087142857 -0.020062506 -0.14479692 -0.43589611 -0.36714286 -0.36714286 -0.50671081 -0.50714286 -0.50714286 -1.0056466 -0.1003229 -0.097142936 -0.09714303 0.17718539 0.45857086
-0.088571428 -0.11915573 -0.017680965 0.087142857 0.087142857 -0.599594 -0.6 -0.6 -0.6 -0.59809548 -0.33571429 -0.33571429 -0.33571429 -0.3357143 -0.45714286 -0.45714286 -0.45714286 -0.45714286 -0.69550117 -0.69571429 -0.69571429 -0.69571429 -0.69571429 -0.69571429 -0.84285714 -0.84285714 -0.84285714 -0.84285714 -0.84365736 -1.0628571 -1.0628571 -1.0628571 -0.45000001 -0.97417831 -0.042857143 -0.042857143 -0.042857143 -0.047995542 -0.41498817 -0.43714286 -0.43714286 -0.43714286 -0.47142857 -0.47142857 -0.50714286 -0.50714286 -0.50714286 -0.097142862 -0.097142857 -0.097142857 -0.097142857 0.17714286 0.17714286
-0.11983479 -0.12 -0.12 -0.12 -0.45571429 -0.59999628 -0.6 -0.6 -0.6 -0.6 -0.32457447 -0.33571237 -0.33571428 -0.45714286 -0.45714286 -0.45714286 -0.45714286 -0.45714286 -0.52815202 -0.69571429 -0.69571429 -0.69571429 -0.69571429 -0.69571429 -0.63757183 -0.4314308 -0.43142857 -0.43142857 -0.43142857 -1.0628571 -0.45000001 -0.45 -0.45 -0.45 -0.042857143 -0.042869445 -0.51 -0.51 -0.43805259 -0.43714286 -0.43714286 -0.43714286 -0.47142857 -0.47142857 -0.50161306 -0.50714286 -0.50714286 -0.097142857 -0.097142857 -0.097142857 -0.094201801 0.17714286 0.17714286
-0.12 -0.12 -0.12 -0.27809287 -0.45571429 -0.45571429 -0.6 -0.6 -0.6 -0.6 -0.18857143 -0.18857143 -0.18857143 -0.45714286 -0.45714286 -0.45714286 -0.45714286 -0.45720707 -1.2857143 -1.2857143 -0.69571453 -0.69571429 -0.69964439 -0.85714286 -0.85331034 -0.43142857 -0.43142857 -0.43142857 -0.43142857 -0.44999811 -0.45 -0.45 -0.45 -0.45 -0.50999836 -0.51 -0.51 -0.51 -0.50973513 -0.43714286 -0.43714286 -0.43714286 -0.47142857 -0.47142857 -0.47142857 -0.50714286 -0.50714286 -0.097142862 -0.097142857 -0.097142857 0.17714286 0.17714286 0.17714286
-0.12 -0.12 -0.12 -0.45571429 -0.45571429 -0.45571429 -0.45571451 -0.6 -0.6 -0.18899614 -0.18857143 -0.18857143 -0.18857143 -0.18873877 -0.77166128 -0.84571429 -0.84571429 -0.84571429 -1.2857143 -1.2857143 -1.2857143 -0.85714286 -0.85714286 -0.85714286 -0.85708603 -0.54832256 -0.43142857 -0.43142857 -0.43142857 -0.16962753 -0.10574815 -0.10571429 -0.10571429 -0.10571429 -0.44718313 -0.36000034 -0.36 -0.36 -0.36 -0.45714012 -0.45714286 -0.45714286 -0.47142857 -0.47142857 0.091426222 0.091428519 -0.057142857 -0.057142857 0.024285714 0.024285714 0.024285714 0.17714286 0.41550097
-0.1199993 -0.12 -0.12000001 -0.45571429 -0.45571429 -0.45571429 -0.45571429 -0.53000002 -0.59972011 -0.18854034 -0.18857143 -0.18857143 -0.18857143 -0.18986092 -0.84571429 -0.84571429 -0.84571429 -0.84571441 -1.2857143 -1.2857143 -1.2857143 -0.85714286 -0.85714286 -0.85714286 -0.65428571 -0.65428571 -0.62142857 -0.62142857 -0.62142857 -0.61861519 -0.10571429 -0.10571429 -0.10571429 -0.10571429 -0.2327874 -0.36 -0.36 -0.36 -0.36 -0.45714286 -0.45714286 -0.45714286 -0.4398827 0.091428571 0.091428571 0.091428571 -0.057142857 -0.057142857 0.024285714 0.024285714 0.024285714 0.41571427 0.41571429
0.10428571 -0.018238923 -0.60142857 -0.6013863 -0.45571429 -0.52957019 -0.53 -0.53 -0.46285022 -0.15428572 -0.15428571 -0.15428571 -0.15428571 -0.97425902 -0.97428571 -0.84571438 -0.84571429 -0.85730764 -1.2857143 -1.2857143 -1.2857143 -1.2414286 -1.2414286 -1.2414286 -0.65428571 -0.65428571 -0.62142857 -0.62142857 -0.62142857 -0.62142831 -0.25857046 -0.258571 -0.10955612 -0.10587816 -0.7977786 -0.79857143 -0.79857143 -0.79857143 -0.79857143 -0.45714286 -0.45714286 -0.45714286 0.061222107 0.091428571 0.091428571 0.091428473 -0.057142857 -0.057142857 -0.057139926 0.024285714 0.02429651 0.26571429 0.41571429
-0.37419483 -0.37428575 -0.60142857 -0.60142857 -0.60142857 -0.53 -0.53 -0.53 -0.34571429 -0.34571429 -0.15428571 -0.15428571 -0.15428571 -0.97428571 -0.97428571 -0.97428571 -0.97428571 -0.97431978 -1.2857143 -1.2857143 -1.2857143 -1.2414286 -1.2414286 -1.2414286 -0.65428571 -0.65428571 -0.62142857 -0.62142857 -0.62142857 -0.26266267 -0.25857143 -0.25857143 -0.25857143 -0.25857143 -0.79830497 -0.79857143 -0.79857143 -0.79857143 -0.79857143 -1.0642856 -1.0642857 -1.0642857 -1.0642857 0.091424308 -0.46428571 -0.46428571 -0.46428571 0.16428571 0.16428571 0.16428571 0.26571429 0.26571429 0.26571429
-0.37428571 -0.37428571 -0.60142857 -0.60142857 -0.60142857 -0.53037544 -0.53 -0.34571429 -0.34571429 -0.34571429 -0.15430928 -0.15428571 -0.91421171 -0.97428574 -0.97428571 -0.97428571 -0.97428571 -1.4885714 -1.4885714 -1.4885714 -1.3957143 -1.3957142 -1.2414293 -1.2414286 -1.2412637 -1.2414286 -1.2414286 -1.2414271 -0.62152877 -0.25999972 -0.25999999 -0.25999975 -0.25857387 -0.25857266 -0.70239696 -0.79857152 -0.79935657 -1.0328571 -1.0328571 -1.0642857 -1.0642857 -1.0642857 -1.0642857 -0.46428571 -0.46428571 -0.46428571 -0.46428571 0.16428571 0.16428571 0.16428571 0.26571429 0.26571429 0.26571429
-0.37428571 -0.37428571 -0.60142857 -0.60142857 -0.60142857 -0.60142857 -0.46102724 -0.34571429 -0.34571429 -0.34571429 -0.34612226 -1.0842857 -1.0842857 -1.0842857 -0.97493397 -0.97428571 -1.4851444 -1.4885714 -1.4885714 -1.4885714 -1.3957143 -1.3957143 -1.3957143 -1.3957143 -1.2414286 -1.2414286 -1.2414286 -1.2414286 -1.2414286 -0.26 -0.26 -0.26 -0.26 -0.26000063 -0.56 -1.0328571 -1.0328571 -1.0328571 -1.0328571 -1.0328581 -1.3228571 -1.3228571 -1.3228571 -1.0853041 -0.59285714 -0.59285714 -0.59285714 0.16428569 0.16428552 -0.04 -0.04 0.11146611 0.11142857
-0.37428571 -0.37428571 -0.51944595 -0.60142857 -0.60142857 -0.60142859 -1.5450109 -0.34950053 -0.34571429 -0.34571429 -1.0842858 -1.0842857 -1.0842857 -1.0842857 -1.0842857 -1.0753295 -1.4885714 -1.4885714 -1.4885714 -1.4885714 -1.395715 -1.3957143 -1.3957143 -1.3957143 -1.2414286 -1.2414286 -1.2414286 -1.2414286 -1.2414286 -0.71498602 -0.26 -0.26 -0.26 -0.56 -0.56 -0.56036719 -1.0328571 -1.0328571 -0.95165624 -0.88857144 -1.3228571 -1.3228571 -1.3228571 -1.0879895 -0.59285714 -0.59285714 -0.59285714 -0.31285714 -0.043399773 -0.04 -0.04 0.11142857 0.11142857
-1.3571429 -1.3571429 -1.3571429 -0.79090692 -0.60330676 -1.5471429 -1.5471429 -1.5471429 -1.5471429 -1.3785714 -1.3785714 -1.0842857 -1.0842857 -1.0842857 -1.0842857 -1.0843113 -1.4885714 -1.4885714 -1.4885714 -1.4885714 -1.4362341 -1.3957143 -1.3957143 -1.3897325 -1.1704507 -1.2414286 -1.2414286 -1.2414286 -0.87571429 -0.87571429 -0.87571429 -0.8757117 -0.56 -0.56 -0.56 -0.56 -0.88857143 -0.88857143 -0.88857143 -0.88857143 -1.0628571 -1.0628571 -1.0628571 -0.49715423 -0.49714286 -0.49714286 -0.49714289 -0.31285714 -0.31285714 -0.040332461 -0.04 0.11142704 0.11142857
-1.3571429 -1.3571429 -1.3571429 -1.3571712 -1.8842857 -1.8352596 -1.5471429 -1.5471429 -1.5471429 -1.3785714 -1.3785714 -1.3785714 -1.1842857 -1.1842857 -1.1842857 -1.1842857 -1.4884694 -1.4885714 -1.4885714 -1.4885714 -1.4871509 -1.1671435 -1.1671429 -1.1671429 -1.1671429 -1.1671429 -1.1214286 -1.1214286 -0.87571429 -0.87571429 -0.87571429 -0.87571429 -0.56000021 -0.56 -0.56 -0.56002316 -0.88857142 -0.88857143 -0.88857143 -0.8868543 -1.0628571 -1.0628571 -1.0628571 -0.49716909 -0.49714286 -0.49714286 -0.49714286 -0.31285714 -0.31285714 -0.31285713 -0.19142857 -0.19142857 0.09
