interpolatedSpi/04-10|21_1.tif
NCOLS 53
NROWS 52
XLLCORNER -116.03883
YLLCORNER 28.596182
DX 0.49850594
DY 0.49788537
NODATA_VALUE -9999
[rows 0 to 35 of 52, columns 0 to 52 of 53]
-0.59125 -0.59125 -0.58693803 -0.6675 -0.61125 -0.7225 -0.72875 -0.77 -0.8663849 -0.9325 -1.12875 -0.77875 -0.99872736 -0.72375 -0.63875 -0.63875 -0.63875 -0.685 -0.78 -0.78 -0.78 -0.77999474 -0.23375001 -0.9125 -0.9125 -0.9125 -0.62000075 -0.62 -0.62 -0.39125 -0.39125 -0.39125 -0.39125 -0.81624991 -0.81625 -0.81625 -0.81625 -0.81625 -0.81625 -0.81624999 -0.59488428 -0.59240654 -0.225 -0.225 -0.225 -0.225 -0.22481421 -0.11125 -0.11125 -0.11125 0.38124898 0.38125 0.38125
-0.59126811 -0.99875 -0.55749976 -0.62325711 -0.78384367 -0.5225 -0.675 -0.83738637 -1.095 -1.0025 -0.95875 -0.99875 -0.99875 -0.99658719 -0.72375256 -0.63875 -0.685 -0.685 -0.77987613 -0.78 -0.78 -0.78 -0.92980444 -0.9125 -0.9125 -0.9125 -0.90125 -0.90125 -0.39125 -0.39125 -0.39125 -0.39125 -0.39125 -0.81624994 -0.81625 -0.81625 -0.81625 -0.81625 -0.81624999 -0.77736308 -0.57376799 -0.26731816 -0.225 -0.225 -0.225 -0.225 -0.225 -0.11125 -0.11125 -0.11125 -0.070411429 0.38125 0.38125
-0.88124087 -0.88125 -0.34625 -0.4675 -0.53375 -0.7 -0.35375 -0.8 -0.98 -0.89875 -1.02125 -1.0325 -0.675 -0.6825 -0.9975 -1.05375 -0.685 -0.685 -0.685 -0.85372856 -0.85375 -0.85375 -1.24125 -0.9125 -0.9125 -0.9125 -0.90125 -0.90125 -0.90125 -0.39125 -0.39125 -0.39125001 -0.50498077 -0.81585103 -0.81514469 -0.69858816 -0.6975 -0.6975 -0.68193551 -0.57375 -0.57375 -0.57330404 -0.225 -0.225 -0.225 -0.225 -0.225 -0.11125 -0.11125 -0.11125 -0.11125 0.38125 0.38125
-0.2925 -0.88124994 -0.60248889 -0.1475 -0.52875 -0.54 -0.44875 -0.64875 -0.575 -0.93345512 -0.77375 -1.1125 -1.01875 -0.6825 -0.6575 -1.05375 -1.1579467 -1.1584181 -1.19125 -0.85375 -0.85375 -1.2925 -1.24125 -1.24125 -0.9125 -0.91249994 -0.90125 -0.90125 -0.90125 -0.63625 -0.63144907 -0.6275 -0.6275 -0.62750005 -0.6975 -0.6975 -0.6975 -0.6975 -0.57375 -0.57375 -0.57375 -0.57374999 -0.225 -0.225 -0.225 -0.225 -0.225 -0.11125143 -0.11125 -0.11125 -0.11125 0.38122007 0.38125
-0.2925 -0.026251057 -0.6025 -0.6942175 -0.52875 -0.43625 -0.73500015 -0.75875 -0.745 -0.66250003 -0.75183372 -0.79495971 -0.51375 -0.6575 -0.6575 -0.92427985 -1.15875 -1.15875 -1.19125 -1.19125 -0.85375081 -1.2925 -0.9825 -0.67375 -0.46875 -0.46866065 -0.90125 -0.90125 -0.63625 -0.63625 -0.6275 -0.6275 -0.6275 -0.60746404 -0.6975 -0.6975 -0.6975 -0.57375 -0.57375 -0.57375 -0.57375 -0.57374047 -0.225 -0.225 -0.225 -0.225 -0.225 -0.22398748 -0.11125 -0.111269 -0.535 -0.535 -0.535
-1.22375 -0.455 -0.40625 -0.61 -0.7275 -0.75375 -0.84875 -0.83722742 -0.50625 -0.26375 -0.39875 0.04125 0.041249634 -0.92625 -0.92625 -1.2611498 -1.26125 -0.94125 -0.94125 -1.1912494 -0.69625 -0.69625 -0.67375 -0.46875 -0.46875 -0.08625 -0.35 -0.35 -0.43001866 -0.63625 -0.6275 -0.6275 -0.52125 -0.52122427 -0.27501773 -0.63 -0.63 -0.59115222 -0.57375 -0.57375 -0.47512316 -0.475 -0.47499976 -0.63758585 -0.64495358 -0.64499989 -0.64499999 -0.64499984 -0.39129595 -0.535 -0.535 -0.535 -0.535
-0.047500997 -0.29875 -0.10892228 -0.1825 -0.485 -0.8175 -0.4775 -0.56125 -0.62 -0.62 -0.39875 -0.765 -0.86875 -0.92625 -0.84625024 -0.84625 -1.26125 -0.745 -0.53625 -0.53625 -0.65147984 -0.60125 -0.60125 -0.11625 -0.08625 -0.08625 -0.35 -0.35 -0.42999716 -0.4299477 -0.38249638 -0.52125 -0.52125 -0.275 -0.275 -0.5782592 -0.63 -0.63 -0.62875004 -0.47500021 -0.475 -0.475 -0.4749981 -0.6449976 -0.645 -0.645 -0.645 -0.64499984 -0.37625 -0.53496854 -0.535 -0.535 -0.535
-0.0475 0.13125 0.0175 -0.69875 -0.75499678 -0.635 -0.41375 -0.80125 -0.80875 -0.7925 -0.7925 -0.8925 -0.86875 -0.86875 -0.84640437 -0.9225259 -0.93 -0.57 -0.49250004 -0.53625 -0.50270174 -0.52 -0.24 0.057499999 0.057500742 0.115 -0.32375 -0.32375001 -0.38142083 -0.38125 -0.3825 -0.56515678 -0.64625 -0.275 -0.28259377 -0.535 -0.535 -0.62875 -0.62875 -0.475 -0.475 -0.475 -0.21532916 -0.21500002 -0.645 -0.645 -0.645 -0.37626023 -0.37625 -0.37625 -0.535 -0.535 -0.535
0.043254987 0.13125 0.2525 -0.2225 -0.2825 -0.46875 -0.57625 -0.77375 -0.8425 -0.58831676 -0.62375 -0.76375 -0.76375 -0.69625 -0.69624814 -0.64579432 -0.645 -0.645 -0.55816951 -0.31625 -0.31625 -0.31625 -0.23625 -0.23852218 0.10920552 0.115 -0.34 -0.32375 -0.37843039 -0.37875 -0.5425 -0.41625 -0.35077613 -0.7225 -0.54125 -0.66 -0.63875 -0.55625 -0.6986842 -0.47454804 -0.37375 -0.23375 -0.21497986 -0.215 -0.21742027 -0.645 -0.74874999 -0.37625 -0.37625 -0.37625 -0.37625 -0.53717888 -0.16
-0.44875 -0.44875 0.4875 0.01375 -0.275 -0.4925 -0.66 -0.6675 -0.67125 -0.52376544 -0.7625 -0.26875 -0.69625 -0.69625 -0.49875 -0.50075588 -0.645 -0.64493845 -0.3575 -0.31625 -0.31625 -0.31625 -0.23625 -0.23375005 -0.23375 -0.23375 -0.34 0.02875 0.02875 -0.37875 -0.37875 -0.41600344 -0.28625 -0.7225 -0.36375 -0.66 -0.63875 -0.53375 -0.69875 -0.42574744 -0.23375001 -0.18140414 -0.09125 -0.215 -0.215 -0.74875 -0.74875 -0.74875 -0.37625 -0.37625 -0.5525 -0.5525 -0.55249985
-0.44875 -0.44875 -0.0125 -0.3725 -0.79125 -0.14 -0.5175 -0.75249351 -0.925 -0.7125 -0.7675 -0.8125 -0.26947452 -0.49875 -0.49875 -0.49875346 -0.52875 -0.519762 -0.3575 -0.6175 -0.6175 -0.3725 -0.3725 -0.23375 -0.23375 -0.23375 0.02875 0.02875 0.02875 -0.4525 -0.4525 -0.45249973 -0.38375 -0.38375 -0.56 -0.57 -0.41 -0.79624509 -0.76125 -0.42125 -0.42125 -0.43999885 -0.09125 -0.215 -0.44374997 -0.4625 -0.36291887 -0.36125 -0.2125 -0.2125 -0.5525 -0.5525 -0.5525
-0.44875 -0.26046532 -0.16612484 -0.58124268 -0.1325 -0.6 -0.5175 -0.7525 -0.92499856 -0.71485424 -0.81249987 -0.8125 -0.74 -0.49875 -0.49875 -0.52875 -0.52875 -0.52874025 -0.3575 -0.6175 -0.56938698 -0.3725 -0.3725 -0.23375619 -0.23375 -0.25717127 -0.305 -0.305 -0.30499996 -0.4525 -0.4525 -0.3725 -0.3725 -0.38375048 -0.56 -0.60625005 -0.37933247 -0.79625 -0.79625 -0.42125 -0.44 -0.44 -0.43999997 -0.44375 -0.44375 -0.4625 -0.36125 -0.36125 -0.2125 -0.2125 -0.5525 -0.5525 -0.5525
-0.79125 -0.56426008 -0.60624094 -0.60606173 -0.13250255 -0.59998896 -0.5175 -0.74960729 -0.91311299 -0.91945106 -0.74 -0.74 -0.74 -0.74 -0.49878417 -0.52875 -0.52875 -0.52653889 -0.3575 -0.6176119 -1.01 -1.01 -1.01 -1.01 -0.24693897 -0.305 -0.305 -0.305 -0.305 -0.3051054 -0.3725 -0.3725 -0.3725 -0.3725 -0.60625 -0.60625 -0.60625 -0.78641508 -0.79463523 -0.58125 -0.58125 -0.4400076 -0.53499688 -0.44375879 -0.44375 -0.4625 -0.36125 -0.36125 -0.2125 -0.2125 -0.55126652 -0.5525 -0.31057629
-0.79125 -0.60625 -0.60625 -0.60625 -0.60625 -0.60624999 -0.51771111 -0.62871564 -0.8813995 -0.74019395 -0.74 -0.74 -0.74 -0.74 -0.74000011 -0.52875 -0.52874997 -0.51700342 -0.3575045 -1.01 -1.01 -1.01 -1.01 -1.01 -1.0012424 -0.37473412 -0.37499999 -0.375 -0.375 -0.375 -0.3725 -0.3725 -0.37250003 -0.39875 -0.39875 -0.60625 -0.33768204 -0.33 -0.58124985 -0.58125 -0.58125 -0.58125 -0.535 -0.535 -0.535 -0.53449547 -0.55127669 -0.5525 -0.5525 -0.5525 -0.55249999 -0.11125009 -0.11125
-1.0675 -0.60625 -0.60625 -0.60625 -0.60625 -0.60625 -0.60624999 -0.57048435 -0.89842358 -0.89875 -0.89875 -0.89875 -0.89875 -0.89875 -0.89875 -0.76521591 -0.53244427 -0.50530024 -1.009918 -1.01 -1.01 -1.01 -1.01 -1.0099993 -0.605 -0.605 -0.60499968 -0.375 -0.375 -0.37469212 -0.22125 -0.22125 -0.39875 -0.39875 -0.39875 -0.3410129 -0.33 -0.33 -0.33 -0.58125 -0.58125 -0.58125 -0.535 -0.535 -0.535 -0.535 -0.5525 -0.5525 -0.5525 -0.5525 -0.5525 -0.11125 -0.11125
-1.0675 -0.89578187 -0.60625 -0.60625 -0.60625 -0.60625 -0.56375834 -0.56375 -0.56375001 -0.89875 -0.89875 -0.89875 -0.89875 -0.89875 -0.8686923 -0.7625 -0.7625 -0.7625 -0.43799751 -0.43625059 -0.43625 -0.43625 -0.43625 -0.43625 -0.605 -0.605 -0.605 -0.605 -0.375 -0.22125 -0.22125 -0.22125 -0.39874998 -0.39875 -0.39875 -0.1025 -0.32969878 -0.33 -0.33 -0.58115273 -0.38716301 0.065561029 -0.535 -0.535 -0.39792433 -0.3975 -0.3975 -0.55191035 -0.19500367 -0.19375003 -0.19375007 0.029978565 -0.11124971
-1.0675 -0.73419861 -0.66634297 -0.60625 -0.60625 -0.56377511 -0.56375 -0.56375 -0.56375 -0.56616411 -0.89875 -0.89875 -0.89875 -0.89874998 -0.7625 -0.7625 -0.7625 -0.7625 -0.43654143 -0.43625 -0.43625 -0.43625 -0.43625 -0.43625 -0.605 -0.605 -0.605 -0.605 -0.60360417 -0.22125 -0.22125 -0.22125 -0.12875 -0.39871335 -0.1025 -0.1025 -0.1025 -0.098394719 0.042342489 0.0675 0.0675 0.0675 -0.35375 -0.35375 -0.3975 -0.3975 -0.3975 -0.19375 -0.19375 -0.19375 -0.19375 0.03 0.03
-0.72521462 -0.725 -0.725 -0.725 -0.43875 -0.56374678 -0.56375 -0.56375 -0.56375 -0.56375 -0.87480716 -0.89874588 -0.89874999 -0.7625 -0.7625 -0.7625 -0.7625 -0.7625 -0.70812136 -0.43625 -0.43625 -0.43625 -0.43625 -0.43625 -0.49224171 -0.45375082 -0.45375 -0.45375 -0.45375 -0.22125 -0.12875 -0.12875 -0.12875 -0.12875 -0.1025 -0.10249012 0.2725 0.2725 0.07005973 0.0675 0.0675 0.0675 -0.35375 -0.35375 -0.39072599 -0.3975 -0.3975 -0.19375 -0.19375 -0.19375 -0.19135082 0.03 0.03
-0.725 -0.725 -0.725 -0.5902006 -0.43875 -0.43875 -0.56375 -0.56375 -0.56375 -0.56375 -0.5825 -0.5825 -0.5825 -0.7625 -0.7625 -0.7625 -0.7625 -0.76239837 -0.30625 -0.30625 -0.43624995 -0.43625 -0.43707167 -0.47 -0.4698537 -0.45375 -0.45375 -0.45375 -0.45375 -0.12878309 -0.12875 -0.12875 -0.12875 -0.12875 0.27249868 0.2725 0.2725 0.2725 0.2717685 0.0675 0.0675 0.0675 -0.35375 -0.35375 -0.35375 -0.3975 -0.3975 -0.19375 -0.19375 -0.19375 0.03 0.03 0.03
-0.725 -0.725 -0.725 -0.43875 -0.43875 -0.43875 -0.43875019 -0.56375 -0.56375 -0.58248064 -0.5825 -0.5825 -0.5825 -0.58261214 -0.26470522 -0.1475 -0.1475 -0.1475 -0.30625 -0.30625 -0.30625 -0.47 -0.47 -0.47 -0.46984733 -0.17640777 -0.45375 -0.45375 -0.45375 -0.037611241 -0.0075119254 -0.0075 -0.0075 -0.0075 0.19635187 0.090000414 0.09 0.09 0.09 -0.049983923 -0.05 -0.05 -0.35375 -0.35375 -0.26750036 -0.26750001 -0.2975 -0.2975 -0.1425 -0.1425 -0.1425 0.03 0.052479882
-0.72499765 -0.725 -0.72499999 -0.43875 -0.43875 -0.43875 -0.43875 -0.13500012 -0.56203569 -0.58234698 -0.5825 -0.5825 -0.5825 -0.58164641 -0.1475 -0.1475 -0.1475 -0.14750005 -0.30625 -0.30625 -0.30625 -0.47 -0.47 -0.47 0.075 0.075 -0.011249999 -0.01125 -0.01125 -0.011229543 -0.0075 -0.0075 -0.0075 -0.0075 0.041223186 0.09 0.09 0.09 0.09 -0.05 -0.05 -0.05 -0.056843382 -0.2675 -0.2675 -0.2675 -0.2975 -0.2975 -0.1425 -0.1425 -0.1425 0.052499993 0.0525
0.03375 -0.32014045 -0.45875 -0.4587442 -0.43875 -0.13675749 -0.135 -0.135 -0.17098239 -0.41375 -0.41375 -0.41375 -0.41375 0.39747359 0.3975 -0.14749958 -0.1475 -0.15168283 -0.30625 -0.30625 -0.30625 0.30125 0.30125 0.30125 0.075 0.075 -0.01125 -0.01125 -0.01125 -0.011249954 0.052499619 0.052499831 -0.0059919901 -0.0074356759 -0.18729245 -0.1875 -0.1875 -0.1875 -0.1875 -0.05 -0.05 -0.05 -0.25552375 -0.2675 -0.2675 -0.26749999 -0.2975 -0.2975 -0.29749442 -0.1425 -0.14250933 -0.35125 0.0525
-0.096225313 -0.096250063 -0.45875 -0.45875 -0.45875 -0.135 -0.135 -0.135 -0.23375 -0.23375 -0.41375 -0.41375 -0.41375 0.3975 0.3975 0.3975 0.3975 0.39741983 -0.30625 -0.30625 -0.30624998 0.30125 0.30125 0.30125 0.075 0.075 -0.01125 -0.01125 -0.01125 0.051781214 0.0525 0.0525 0.0525 0.0525 -0.18738157 -0.1875 -0.1875 -0.1875 -0.1875 -0.025000007 -0.025 -0.025 -0.025 -0.26749958 -0.2125 -0.2125 -0.2125 -0.35625 -0.35625 -0.35625 -0.35125 -0.35125 -0.35125
-0.09625 -0.09625 -0.45875 -0.45875 -0.45875 -0.13670169 -0.135 -0.23375 -0.23375 -0.23375 -0.41372784 -0.41375 -0.063407775 0.39749991 0.3975 0.3975 0.3975 0.185 0.185 0.185 0.028750006 0.028750203 0.30124867 0.30125 0.30097453 -0.05625 -0.05625 -0.056249893 -0.011257272 0.096241281 0.096249767 0.096242362 0.052574773 0.052537756 -0.14472647 -0.18749989 -0.18657841 0.0875 0.0875 -0.025 -0.025 -0.025 -0.025 -0.2125 -0.2125 -0.2125 -0.2125 -0.35625 -0.35625 -0.35625 -0.35125 -0.35125 -0.35125
-0.09625 -0.09625 -0.45875 -0.45875 -0.45875 -0.45875 -0.17195924 -0.23375 -0.23375 -0.23375 -0.2336126 0.015 0.015 0.015 0.39524584 0.3975 0.18641605 0.185 0.185 0.185 0.02875 0.02875 0.02875 0.02875 -0.05625 -0.05625 -0.05625 -0.05625 -0.05625 0.09625 0.09625 0.09625 0.09625 0.096249892 0.045 0.0875 0.0875 0.0875 0.0875 0.087499635 -0.01 -0.01 -0.01 -0.12023315 -0.34875 -0.34875 -0.34875 -0.35625 -0.35624987 -0.21875 -0.21875 -0.13255322 -0.1325
-0.09625 -0.09625 -0.32791295 -0.45875 -0.45875 -0.45874999 -0.11645851 -0.2333797 -0.23375 -0.23375 0.015000028 0.015 0.015 0.015 0.015 0.046377582 0.185 0.185 0.185 0.185 0.028751209 0.02875 0.02875 0.02875 -0.05625 -0.05625 -0.05625 -0.05625 -0.05625 0.011270012 0.09625 0.09625 0.09625 0.045 0.045 0.045033002 0.0875 0.0875 0.18809666 0.26624998 -0.01 -0.01 -0.01 -0.1172119 -0.34875 -0.34875 -0.34875 0.3 -0.21228643 -0.21875 -0.21875 -0.1325 -0.1325
-0.01 -0.01 -0.01 -0.34623604 -0.4581054 -0.11625 -0.11625 -0.11625 -0.11625 0.1475 0.1475 0.015000009 0.015 0.015 0.015 0.015010787 0.185 0.185 0.185 0.185 0.096932431 0.02875 0.02875 0.026329236 -0.063416032 -0.05625 -0.05625 -0.05625 -0.01875 -0.01875 -0.01875 -0.018749517 0.045 0.045 0.045 0.045 0.26625 0.26625 0.26625 0.26625 0.12375 0.12375 0.12375 0.1087503 0.10875 0.10875 0.10874986 0.3 0.3 -0.21811793 -0.21875 -0.13249649 -0.1325
-0.01 -0.01 -0.01 -0.010000471 -0.01875 -0.032928102 -0.11625 -0.11625 -0.11625 0.1475 0.1475 0.1475 0.32249999 0.3225 0.3225 0.32249998 0.18438405 0.185 0.185 0.185 0.18262564 -0.063749746 -0.06375 -0.06375 -0.06375 -0.063749999 -0.03875 -0.03875 -0.01875 -0.01875 -0.01875 -0.01875 0.045000212 0.045 0.045 0.045023926 0.26624999 0.26625 0.26625 0.26525748 0.12375 0.12375 0.12375 0.1087507 0.10875 0.10875 0.10875 0.3 0.3 0.30000004 0.56375 0.56375 0.53375
-0.01 -0.01 -0.01 -0.01874998 -0.01875 -0.01875 -0.11624996 -0.11625 -0.11625 0.1475 0.1475 0.1475 0.3225 0.3225 0.3225 0.28641941 -0.15125 -0.15125 -0.15124913 0.18310077 -0.06375 -0.06375 -0.06375 -0.06375 -0.06375 -0.063731186 -0.03875 -0.03875 -0.03875 -0.01875 -0.01875 -0.018838503 0.33875 0.33875 0.33875 -0.19625 -0.19625 0.04 0.04 0.04 0.09125 0.12373981 0.12375094 0.25 0.25 0.24464679 0.1087507 0.3 0.3 0.56375 0.56375 0.56375 0.53375
-0.01 -0.01 -0.01 -0.01875 -0.01875 -0.01875 -0.01875 -0.11625 -0.11625 0.1475 0.1475 0.31550252 0.3225 0.3225 0.3225 -0.15125 -0.15125 -0.15125 -0.15125 -0.15125 -0.06375 -0.06375 -0.06375 -0.06375 -0.06375 -0.038750085 -0.03875 -0.03875 -0.03875 -0.15625 -0.15625 -0.15625 0.33875 0.33875 0.33875 -0.19625 -0.19625 0.04 0.04 0.09125 0.09125 0.09125 0.25 0.25 0.25 0.25 0.26848315 0.475 0.475 0.475 0.56375 0.63125 0.63125
-0.01 -0.01 -0.010012185 -0.01875 -0.01875 -0.01875 -0.01875 0.087161309 0.0925 0.092594428 0.1475 0.32248587 0.3225 0.3225 0.32249836 -0.15125 -0.15125 -0.15125 -0.15125 -0.15125 -0.017005518 -0.06375 -0.06375 -0.06375 -0.063727859 -0.038745358 -0.03875 -0.03875 -0.03875 -0.15625 -0.15625 -0.15625 -0.15617661 0.33875 -0.19625 -0.19625 -0.19625 -0.19624002 0.040003495 0.09125 0.09125 0.09125 0.24999036 0.25 0.25 0.25 0.47500045 0.475 0.475 0.475 0.63125 0.63125 0.63125
-0.15 -0.14999976 -0.018750032 -0.01875 -0.01875 -0.01875 0.092476327 0.0925 0.0925 0.0925 0.15375 0.15375 0.15375 0.15375 -0.14984228 -0.15125 -0.15125 -0.15125 -0.15125 -0.015000081 -0.015 -0.015 0.043749982 0.04375 0.04375 0.04375 0.036629189 -0.03875 0.079995136 0.08 0.08 0.08 0.08 0.15875 0.15875 0.15875 0.15875 0.15875 0.5 0.5 0.5 0.5 0.5 0.52208923 0.5225 0.5225 0.5225 0.475 0.475 0.475 0.63122538 0.63125 0.63125
-0.15 -0.15 -0.14715332 0.18999958 0.18999995 0.18990481 0.0925 0.0925 0.0925 0.0925 0.15375 0.15375 0.15375 0.15375 0.15375 -0.15125 -0.15125 -0.15125 -0.015000034 -0.015 -0.015 -0.015 0.04375 0.04375 0.04375 0.04375 0.04375 0.043732578 0.079956557 0.08 0.08 0.08 0.079982548 0.078675146 0.15866709 0.15875 0.15875 0.15875 0.5 0.5 0.5 0.5 0.5 0.5225 0.5225 0.5225 0.5225 0.50028807 0.475 0.22778923 0.225 0.285 0.285
-0.15 -0.15 0.18995693 0.19 0.19 0.19 0.16523541 0.0925 0.0925 0.0925 0.15375 0.15375 0.15375 0.15375 0.15375 -0.15101779 -0.15125 -0.015039948 -0.015 -0.015 -0.015 -0.015 0.021985682 0.04375 0.04375 0.04375 0.04375 0.04369584 -0.0325 -0.0325 -0.0325 -0.0325 -0.0325 0.0175 0.0175 0.0175 0.0175 0.0175 0.37 0.37 0.37 0.37 0.37 0.52246338 0.52249999 0.5225 0.52249746 0.52215121 0.225 0.225 0.225 0.28499966 0.285
-0.14999985 -0.070334048 0.18999996 0.19 0.19 0.19 0.19 0.092541515 0.0925 0.0925 0.15375 0.15375 0.15375 0.15375 -0.1126974 -0.11875 -0.11875 -0.01500267 -0.015 -0.015 -0.015 -0.015 -0.01500001 0.04375 0.04375 0.04375 0.04375 -0.4462496 -0.44624981 -0.35819395 -0.0325 -0.0325 -0.0325 0.017499999 0.0175 0.0175 0.0175 0.017448357 0.37 0.37 0.37 0.37 0.36998487 0.5075 0.5075 0.5075 0.5075 0.50747722 0.225 0.225 0.225 0.22500012 0.42540134
-0.06875 -0.06875 -0.0096358918 0.19 0.19 0.19 0.19 0.19 0.092541503 0.06375 0.06375 0.06375 0.063963588 -0.11874961 -0.11875 -0.11875 -0.11875 -0.11875 -0.015000675 -0.020769703 -0.07125 -0.07125 -0.07125 -0.042343798 0.037247045 0.0024509629 -0.027143636 -0.44625 -0.44625 -0.44625 -0.44625 -0.44625 -0.42519348 -0.057192745 -0.05875 -0.05875 -0.05875 -0.05875 0.33289887 0.17250035 0.1725 0.1725 0.1725 0.32500054 0.50749995 0.5075 0.5075 0.27375 0.22500078 0.225 0.225 0.4275 0.4275
