interpolatedSpi/04-11|20_2.tif
NCOLS 53
NROWS 52
XLLCORNER -116.03883
YLLCORNER 28.596182
DX 0.49850594
DY 0.49788537
NODATA_VALUE -9999
[rows 0 to 34 of 52, columns 0 to 52 of 53]
-0.0575 -0.0575 -0.17325961 -0.64625 -0.11875 0.085 0.4475 0.56125 -0.026540069 -0.1725 -0.20125 0.335 0.087517292 0.2975 -0.08625 -0.08625 -0.08625 0.1375 0.38625 0.38625 0.38625 0.38624663 0.036250001 0.1175 0.1175 0.1175 0.71875006 0.71875 0.71875 0.30375 0.30375 0.30375 0.30375 0.36874999 0.36875 0.36875 0.36875 0.36875 0.36875 0.36875003 1.632636 1.6460419 0.83 0.83 0.83 0.83 0.82999387 0.82625 0.82625 0.82625 1.1862493 1.18625 1.18625
-0.057515995 -0.4175 -0.12499939 -0.040798825 0.13985192 0.3375 0.28375 0.25024282 -0.19125 0.1275 0.17 0.0875 0.0875 0.40464154 0.29749791 -0.08625 0.1375 0.1375 0.38592566 0.38625 0.38625 0.38625 0.088549599 0.1175 0.1175 0.1175 -0.067499987 -0.0675 0.30375 0.30375 0.30375 0.30375 0.30375 0.36874999 0.36875 0.36875 0.36875 0.36875 0.36875005 0.40852618 0.56376824 0.79769292 0.83 0.83 0.83 0.83 0.83 0.82625 0.82625 0.82625 0.85610154 1.18625 1.18625
0.53997334 0.54 0.4075 0.73 0.37625 0.1425 0.3675 -0.04875 0.1725 0.20875 0.39 -0.18875 -0.4725 0.11375 0.405 0.73875 0.1375 0.1375 0.1375 0.21629942 0.21625 0.21625 -0.4325 0.1175 0.1175 0.1175 -0.0675 -0.0675 -0.0675 0.30375 0.30375 0.30374995 -0.21616207 0.36901887 0.37453251 0.98430719 0.99 0.99 0.93638898 0.56375 0.56375 0.56409047 0.83 0.83 0.83 0.83 0.83 0.82625 0.82625 0.82625 0.82625 1.18625 1.18625
0.45875 0.53999997 0.37997415 0.4975 0.07625 0.29 0.7975 -0.23 0.2825 0.2563631 0.435 0.31875 0.0375 0.11375 0.4075 0.73875 -0.25732036 -0.26471799 -0.19125 0.21625 0.21625 -0.53375 -0.4325 -0.4325 0.1175 0.11749908 -0.0675 -0.0675 -0.0675 -0.78125 -0.77850661 -0.77625 -0.77625 -0.77624861 0.99 0.99 0.99 0.99 0.56375 0.56375 0.56375 0.56375001 0.83 0.83 0.83 0.83 0.83 0.82625005 0.82625 0.82625 0.82625 1.1861774 1.18625
0.45875 0.23125027 0.38 0.44978895 0.07625 0.41375 0.21751801 0.01875 -0.12875 0.14999998 0.23699815 0.27628151 0.49625 0.4075 0.4075 0.61336854 -0.265 -0.265 -0.19125 -0.19125 0.21624846 -0.53375 -0.86875 -0.35125 -0.395 -0.39502769 -0.0675 -0.0675 -0.78125 -0.78125 -0.77625 -0.77625 -0.77625 -0.69587067 0.99 0.99 0.99 0.56375 0.56375 0.56375 0.56375 0.56370982 0.82999999 0.83 0.83 0.83 0.83 0.82996662 0.82625 0.82616649 -1.03625 -1.03625 -1.03625
-1 0.10125 0.41375 0.30875 0.375 0.4425 0.2475 0.21821345 0.27875 -0.055 0.385 -0.30125 -0.30124947 0.25 0.25 -0.27745865 -0.2775 -0.39375 -0.39375 -0.19125027 -0.9675 -0.9675 -0.35125 -0.395 -0.395 -0.51375 -0.85 -0.85 -0.34628942 -0.78125 -0.77625 -0.77625 -0.35 -0.35000287 -0.37749813 -0.6775 -0.6775 0.17974098 0.56375 0.56375 0.14801915 0.1475 0.14750103 -0.51213194 -0.536099 -0.53624964 -0.53624995 -0.53624949 -0.95023875 -1.03625 -1.03625 -1.03625 -1.03625
-0.2800012 -0.16625 -0.52777354 0.0875 0.495 -0.16 -0.0099999961 0.22 -0.00625 -0.00625 0.385 -0.1075 0.078749881 0.25 -0.10624893 -0.10625 -0.2775 -0.2925 -0.49625 -0.49625 -0.98222703 -0.99875 -0.99875 -0.85999999 -0.51375 -0.51375 -0.85 -0.85 -0.34624628 -0.3461816 -0.076887022 -0.35 -0.35 -0.3775 -0.3775 -0.88174001 -0.6775 -0.6775 -1.1737328 0.14749816 0.1475 0.1475 0.14750431 -0.53624925 -0.53625 -0.53625 -0.53625 -0.53625028 -0.9975 -1.0362423 -1.03625 -1.03625 -1.03625
-0.28 -0.61625 -0.27375 -0.82875 -1.0174892 -0.47375 -0.04 -0.42749999 -0.28625 -0.10625 -0.10625 -0.3825 0.07875 0.07875 -0.10498073 -0.27929382 -0.29625 -0.2475 -0.59874989 -0.49625 -1.1210596 -1.0975 -1.2125 -0.92125 -0.92125156 -1.0425 -1.13875 -1.1387499 -0.28272339 -0.2825 -0.07625 -0.28166694 -0.31 -0.3775 -0.38259817 -1.0525 -1.0525 -1.17375 -1.17375 0.1475 0.1475 0.14750001 -0.39985028 -0.40125001 -0.53625 -0.53625 -0.53625 -0.99748244 -0.9975 -0.9975 -1.03625 -1.03625 -1.03625
-0.65588568 -0.61624999 -0.3375 -0.5475 -0.215 -0.46 -0.2125 0.32625 0.2775 0.35126298 0.10625 -0.21375 -0.21375 -0.4375 -0.43749653 -0.46452968 -0.465 -0.465 -0.30111885 -1.21875 -1.375 -1.375 -0.98125 -1.1213682 -1.0302812 -1.0425 -0.99875 -1.13875 -0.87777539 -0.87625 -0.27375 0.1375 -0.041927805 -0.64125 -0.55625 -0.68625 -0.7675 -0.7925 -0.86246768 0.1494529 0.585 -0.25375 -0.40121663 -0.40125 -0.40200985 -0.53625 -0.89749998 -0.9975 -0.9975 -0.9975 -0.9975 -1.046055 -0.49
-0.8775 -0.8775 -0.55125 -0.4625 -0.29625 0.0325 -0.0075 0.14375 0.4175 0.37000401 0.03 0.12625 -0.4375 -0.4375 -0.06875 -0.074184748 -0.465 -0.46497798 -0.36875 -1.21875 -1.21875 -1.2388802 -0.98125 -1.0712483 -1.07125 -1.07125 -0.99875 -0.61125 -0.61125 -0.87625 -0.87625 0.13682433 -0.21875 -0.64125 -0.41375 -0.68625 -0.7675 -1.085 -0.8625 0.24180767 -0.25374996 -0.23262798 -0.19625 -0.40125 -0.40125 -0.8975 -0.8975 -0.8975 -0.9975 -0.9975 -1.115 -1.115 -1.1149998
-0.8775 -0.8775 -0.795 -0.64 -0.84375 -0.21875 -0.40999999 0.23862277 0.1825 0.1575 0.185 0.05625 0.12615597 -0.06875 -0.06875 -0.068784031 -0.36375 -0.36401242 -0.36875 -0.51 -0.51 -0.70125 -0.70125 -1.07125 -1.07125 -1.07125 -0.61125 -0.61125 -0.61125 -0.94 -0.94 -0.93999881 -0.5725 -0.5725 -0.55125 -0.79875 -0.65375 -0.56624813 -0.94375 0.26 0.26 -0.03500053 -0.19625 -0.40125 -0.54750005 -0.64875 -0.69587212 -0.695 -0.93625 -0.93625 -1.115 -1.115 -1.115
-0.8775 -0.84182408 -0.72885597 -0.80749268 -0.41375 -0.8025 -0.41 0.23875 0.18250047 0.15777697 0.056250132 0.05625 -0.0225 -0.06875 -0.06875 -0.36374999 -0.36375 -0.36375028 -0.36875 -0.51 -0.54755761 -0.70125 -0.70125 -1.0712349 -1.07125 -1.0691955 -1.065 -1.065 -1.0649999 -0.94 -0.94 -0.845 -0.845 -0.57249994 -0.55125 -0.39875025 -0.60444099 -0.56625 -0.56625 0.25999999 -0.035 -0.035 -0.035003732 -0.5475 -0.5475 -0.64875 -0.695 -0.695 -0.93625 -0.93625 -1.115 -1.115 -1.115
-0.1875 0.1107036 0.18621898 0.17905361 -0.41375207 -0.80249082 -0.41000001 0.23076426 0.1863762 0.18184718 -0.0225 -0.0225 -0.0225 -0.0225 -0.068743448 -0.36375 -0.36375 -0.36381456 -0.36875 -0.50998827 -0.4725 -0.4725 -0.4725 -0.4725 -1.0611181 -1.065 -1.065 -1.065 -1.065 -1.0648918 -0.845 -0.845 -0.845 -0.845 -0.39875 -0.39875 -0.39875 -0.55791703 -0.56309557 -0.14625 -0.14625 -0.035005984 -0.29500864 -0.54747568 -0.5475 -0.64875 -0.695 -0.695 -0.93625 -0.93625 -1.1143515 -1.115 -0.48395459
-0.1875 0.18625 0.18625 0.18625 0.18625 0.18624959 -0.41100465 -0.10304294 0.19671753 -0.02227987 -0.0225 -0.0225 -0.0225 -0.0225 -0.022500114 -0.36375 -0.36375 -0.36409297 -0.36875027 -0.4725 -0.4725 -0.4725 -0.4725 -0.4725 -0.475934 -0.94874047 -0.93750003 -0.9375 -0.9375 -0.9375 -0.845 -0.845 -0.84500009 -0.91875 -0.91875 -0.39875 -0.27114984 -0.2675 -0.14625007 -0.14625 -0.14625 -0.14625 -0.295 -0.295 -0.295 -0.29746178 -0.65773438 -0.6575 -0.6575 -0.6575 -0.65750001 0.56499965 0.565
-0.19125 0.18625 0.18625 0.18625 0.18625 0.18625 0.18624996 -0.3646073 -0.17690821 -0.17875 -0.17875 -0.17875 -0.17875 -0.17875 -0.17875 -0.2461293 -0.36190561 -0.36443465 -0.47248695 -0.4725 -0.4725 -0.4725 -0.4725 -0.47249999 -0.63125 -0.63125 -0.63125043 -0.9375 -0.9375 -0.93726972 -0.8225 -0.8225 -0.91875 -0.91875 -0.91875 -0.3718231 -0.2675 -0.2675 -0.2675 -0.14625 -0.14625 -0.14625 -0.295 -0.295 -0.295 -0.295 -0.6575 -0.6575 -0.6575 -0.6575 -0.6575 0.565 0.565
-0.19125 -0.050711039 0.18625 0.18625 0.18625 0.18625 -0.63233931 -0.6325 -0.63249999 -0.17875 -0.17875 -0.17875 -0.17875 -0.17875 -0.19391673 -0.2475 -0.2475 -0.2475 -0.46502249 -0.46500001 -0.465 -0.465 -0.465 -0.465 -0.63125 -0.63125 -0.63125 -0.63125 -0.9375 -0.8225 -0.8225 -0.8225 -0.91874999 -0.91875 -0.91875 -0.12625 -0.26731298 -0.2675 -0.2675 -0.14627458 -0.1952392 -0.30951059 -0.295 -0.295 -0.3859684 -0.38625 -0.38625 -0.65665739 -0.14679096 -0.14500004 -0.1450001 0.090071839 0.56499903
-0.19125 -0.15840635 0.012296675 0.18625 0.18625 -0.63201624 -0.6325 -0.6325 -0.6325 -0.62923015 -0.17875 -0.17875 -0.17875 -0.17875001 -0.2475 -0.2475 -0.2475 -0.2475 -0.46480571 -0.465 -0.465 -0.465 -0.465 -0.465 -0.63125 -0.63125 -0.63125 -0.63125 -0.63194564 -0.8225 -0.8225 -0.8225 -0.31125001 -0.91865472 -0.12625 -0.12625 -0.12625 -0.12889873 -0.30731129 -0.31 -0.31 -0.31 -0.38125 -0.38125 -0.38625 -0.38625 -0.38625 -0.145 -0.145 -0.145 -0.145 0.09 0.09
-0.15745211 -0.1575 -0.1575 -0.1575 -0.5625 -0.63249819 -0.6325 -0.6325 -0.6325 -0.6325 -0.17363987 -0.17874912 -0.17875 -0.2475 -0.2475 -0.2475 -0.2475 -0.2475 -0.31063462 -0.465 -0.465 -0.465 -0.465 -0.465 -0.45138636 -0.30250178 -0.3025 -0.3025 -0.3025 -0.82249997 -0.31125001 -0.31125 -0.31125 -0.31125 -0.12625 -0.12625632 -0.36625 -0.36625 -0.31070237 -0.31 -0.31 -0.31 -0.38125 -0.38125 -0.38547583 -0.38625 -0.38625 -0.145 -0.145 -0.145 -0.14248019 0.09 0.09
-0.1575 -0.1575 -0.1575 -0.34822054 -0.5625 -0.5625 -0.6325 -0.6325 -0.6325 -0.6325 -0.11125 -0.11125 -0.11125 -0.2475 -0.2475 -0.2475 -0.2475 -0.24758944 -0.9775 -0.9775 -0.46500021 -0.465 -0.46828668 -0.6 -0.59732174 -0.3025 -0.3025 -0.3025 -0.3025 -0.31124911 -0.31125 -0.31125 -0.31125 -0.31125 -0.36624916 -0.36625 -0.36625 -0.36625 -0.36605029 -0.31 -0.31 -0.31 -0.38125 -0.38125 -0.38125 -0.38625 -0.38625 -0.145 -0.145 -0.145 0.09 0.09 0.09
-0.1575 -0.1575 -0.1575 -0.5625 -0.5625 -0.5625 -0.56250011 -0.6325 -0.6325 -0.11178808 -0.11125 -0.11125 -0.11125 -0.1113349 -0.68559988 -0.78875 -0.78875 -0.78875 -0.9775 -0.9775 -0.9775 -0.6 -0.6 -0.6 -0.59998039 -0.42182928 -0.3025 -0.3025 -0.3025 -0.15859982 -0.12376844 -0.12375 -0.12375 -0.12375 -0.35243566 -0.33375007 -0.33375 -0.33375 -0.33375 -0.42748392 -0.4275 -0.4275 -0.38125 -0.38125 0.0024983979 0.0024999796 -0.055 -0.055 -0.00125 -0.00125 -0.00125 0.09 0.39597618
-0.15749959 -0.1575 -0.15750001 -0.5625 -0.5625 -0.5625 -0.5625 -0.60750001 -0.63240004 -0.11137922 -0.11125 -0.11125 -0.11125 -0.11257944 -0.78875 -0.78875 -0.78875 -0.78875005 -0.9775 -0.9775 -0.9775 -0.6 -0.6 -0.6 -0.53 -0.53 -0.5075 -0.5075 -0.5075 -0.50540652 -0.12375 -0.12375 -0.12375 -0.12375 -0.2286924 -0.33375 -0.33375 -0.33375 -0.33375 -0.4275 -0.4275 -0.4275 -0.41397055 0.0025 0.0025 0.0025 -0.055 -0.055 -0.0012500001 -0.00125 -0.00125 0.39624999 0.39625
-0.025 -0.099595169 -0.44625 -0.44628373 -0.5625 -0.60723963 -0.6075 -0.6075 -0.56878477 -0.25375001 -0.25375 -0.25375 -0.25375 -0.91872835 -0.91875 -0.7887501 -0.78875 -0.79372329 -0.9775 -0.9775 -0.9775 -0.96375 -0.96375 -0.96375 -0.53 -0.53 -0.5075 -0.5075 -0.5075 -0.50749986 -0.31624878 -0.31624946 -0.1285882 -0.12395637 -0.69934085 -0.7 -0.7 -0.7 -0.7 -0.4275 -0.4275 -0.4275 -0.021177397 0.0025 0.0025 0.0024999329 -0.055 -0.055 -0.054998065 -0.00125 -0.0012342934 0.35 0.39625
-0.45116905 -0.45125 -0.44625 -0.44625 -0.44625 -0.6075 -0.6075 -0.6075 -0.50125 -0.50125 -0.25375 -0.25375 -0.25375 -0.91875 -0.91875 -0.91875 -0.91875 -0.91875602 -0.9775 -0.9775 -0.9775 -0.96375 -0.96375 -0.96375 -0.53 -0.53 -0.5075 -0.5075 -0.5075 -0.31840636 -0.31625 -0.31625 -0.31625 -0.31625 -0.69981064 -0.7 -0.7 -0.7 -0.7 -0.8049999 -0.805 -0.805 -0.805 0.0024971038 -0.375 -0.375 -0.375 0.1475 0.1475 0.1475 0.35 0.35 0.35
-0.45125 -0.45125 -0.44625 -0.44625 -0.44625 -0.60665244 -0.6075 -0.50125 -0.50125 -0.50125 -0.25378047 -0.25375 -0.95443445 -0.91875004 -0.91875 -0.91875 -0.91875 -1.24375 -1.24375 -1.24375 -1.17875 -1.1787498 -0.96375105 -0.96375 -0.96371047 -1.1025 -1.1025 -1.1024986 -0.50759616 -0.35749178 -0.35749978 -0.3574928 -0.3163205 -0.3162856 -0.6316799 -0.70000004 -0.70032674 -0.7975 -0.7975 -0.805 -0.805 -0.805 -0.805 -0.375 -0.375 -0.375 -0.375 0.1475 0.1475 0.1475 0.35 0.35 0.35
-0.45125 -0.45125 -0.44625 -0.44625 -0.44625 -0.44625 -0.56773373 -0.50125 -0.50125 -0.50125 -0.50158695 -1.11125 -1.11125 -1.11125 -0.91988445 -0.91875 -1.2415843 -1.24375 -1.24375 -1.24375 -1.17875 -1.17875 -1.17875 -1.17875 -1.1025 -1.1025 -1.1025 -1.1025 -1.1025 -0.3575 -0.3575 -0.3575 -0.3575 -0.35750046 -0.5775 -0.7975 -0.7975 -0.7975 -0.7975 -0.79750034 -0.905 -0.905 -0.905 -0.75774964 -0.4525 -0.4525 -0.4525 0.14749998 0.14749994 0.08375 0.08375 0.15379774 0.15375
-0.45125 -0.45125 -0.44805465 -0.44625 -0.44625 -0.44625002 -1.5044666 -0.50441721 -0.50125 -0.50125 -1.11125 -1.11125 -1.11125 -1.11125 -1.11125 -1.0954911 -1.24375 -1.24375 -1.24375 -1.24375 -1.1787505 -1.17875 -1.17875 -1.17875 -1.1025 -1.1025 -1.1025 -1.1025 -1.1025 -0.77593407 -0.3575 -0.3575 -0.3575 -0.5775 -0.5775 -0.57767084 -0.7975 -0.7975 -0.73489089 -0.68625001 -0.905 -0.905 -0.905 -0.75907614 -0.4525 -0.4525 -0.4525 -0.1675 0.080619449 0.08375 0.08375 0.15375 0.15375
-1.22625 -1.22625 -1.22625 -0.64181744 -0.44824061 -1.50625 -1.50625 -1.50625 -1.50625 -1.34125 -1.34125 -1.11125 -1.11125 -1.11125 -1.11125 -1.1112584 -1.24375 -1.24375 -1.24375 -1.24375 -1.2071139 -1.17875 -1.17875 -1.1754133 -1.0535321 -1.1025 -1.1025 -1.1025 -0.92375 -0.92375 -0.92375 -0.92374762 -0.5775 -0.5775 -0.5775 -0.5775 -0.68625 -0.68625 -0.68625 -0.68625 -0.79875 -0.79875 -0.79875 -0.29751008 -0.2975 -0.2975 -0.29750005 -0.1675 -0.1675 0.083443866 0.08375 0.15374837 0.15375
-1.22625 -1.22625 -1.22625 -1.2262812 -1.805 -1.7615568 -1.50625 -1.50625 -1.50625 -1.34125 -1.34125 -1.34125 -1.29625 -1.29625 -1.29625 -1.29625 -1.2437225 -1.24375 -1.24375 -1.24375 -1.2427574 -1.0512504 -1.05125 -1.05125 -1.05125 -1.05125 -1.00625 -1.00625 -0.92375 -0.92375 -0.92375 -0.92375 -0.57750018 -0.5775 -0.5775 -0.57752077 -0.68624999 -0.68625 -0.68625 -0.68545489 -0.79875 -0.79875 -0.79875 -0.29752324 -0.2975 -0.2975 -0.2975 -0.1675 -0.1675 -0.1675 -0.16875 -0.16875 -0.015
-1.22625 -1.22625 -1.22625 -1.8049987 -1.805 -1.805 -1.5062501 -1.50625 -1.50625 -1.34125 -1.34125 -1.34125 -1.29625 -1.29625 -1.29625 -1.2911092 -1.22875 -1.22875 -1.22875 -1.2436653 -1.05125 -1.05125 -1.05125 -1.05125 -1.05125 -1.0512161 -1.00625 -1.00625 -1.00625 -0.92375 -0.92375 -0.92372828 -0.8325 -0.8325 -0.8325 -0.53875 -0.53875 -0.505 -0.505 -0.505 -0.23375 -0.79857278 -0.79874493 -0.12 -0.12 -0.12672705 -0.29749931 -0.1675 -0.1675 -0.16875 -0.16875 -0.16875 -0.015
-1.22625 -1.22625 -1.22625 -1.805 -1.805 -1.805 -1.805 -1.50625 -1.50625 -1.34125 -1.34125 -1.2980494 -1.29625 -1.29625 -1.29625 -1.22875 -1.22875 -1.22875 -1.22875 -1.22875 -1.05125 -1.05125 -1.05125 -1.05125 -1.05125 -1.0062502 -1.00625 -1.00625 -1.00625 -0.89 -0.89 -0.89 -0.8325 -0.8325 -0.8325 -0.53875 -0.53875 -0.505 -0.505 -0.23375 -0.23375 -0.23375 -0.12 -0.12 -0.12 -0.12 -0.096382641 0.1675 0.1675 0.1675 -0.16875 0.08125 0.08125
-1.22625 -1.22625 -1.2270559 -1.805 -1.805 -1.805 -1.805 -1.5693771 -1.5575 -1.5571287 -1.34125 -1.2962367 -1.29625 -1.29625 -1.2962498 -1.22875 -1.22875 -1.22875 -1.22875 -1.22875 -0.75277811 -1.05125 -1.05125 -1.05125 -1.0512469 -1.0062517 -1.00625 -1.00625 -1.00625 -0.89 -0.89 -0.89 -0.88999019 -0.8325 -0.53875 -0.53875 -0.53875 -0.5387485 -0.5049815 -0.23375 -0.23375 -0.23375 -0.12000691 -0.12 -0.12 -0.12 0.16749968 0.1675 0.1675 0.1675 0.08125 0.08125 0.08125
-1.3325 -1.3324998 -1.8046789 -1.805 -1.805 -1.805 -1.5575527 -1.5575 -1.5575 -1.5575 -1.1375 -1.1375 -1.1375 -1.1375 -1.2283289 -1.22875 -1.22875 -1.22875 -1.22875 -0.74000029 -0.74 -0.74 -1.03625 -1.03625 -1.03625 -1.03625 -1.0336606 -1.00625 -0.70501234 -0.705 -0.705 -0.705 -0.705 -0.38625 -0.38625 -0.38625 -0.38625 -0.38625 -0.345 -0.345 -0.345 -0.345 -0.345 0.13835995 0.13875 0.13875 0.13875 0.1675 0.1675 0.1675 0.081263588 0.08125 0.08125
-1.3325 -1.3325 -1.3312024 -1.1775013 -1.1775001 -1.1778709 -1.5575 -1.5575 -1.5575 -1.5575 -1.1375 -1.1375 -1.1375 -1.1375 -1.1375 -1.22875 -1.22875 -1.22875 -0.74000012 -0.74 -0.74 -0.74 -1.03625 -1.03625 -1.03625 -1.03625 -1.03625 -1.0362433 -0.70487546 -0.705 -0.705 -0.705 -0.70494997 -0.21192775 -0.3860695 -0.38625 -0.38625 -0.38625 -0.345 -0.345 -0.345 -0.345 -0.345 0.13875 0.13875 0.13875 0.13875 0.15219406 0.1675 0.56180117 0.56625 0.37375 0.37375
-1.3325 -1.3325 -1.1775196 -1.1775 -1.1775 -1.1775 -1.2740184 -1.5575 -1.5575 -1.5575 -1.1375 -1.1375 -1.1375 -1.1375 -1.1375 -1.2286793 -1.22875 -0.7401433 -0.74 -0.74 -0.74 -0.74 -0.92650227 -1.03625 -1.03625 -1.03625 -1.03625 -1.035787 -0.3825 -0.3825 -0.3825 -0.3825 -0.3825 -0.07875 -0.07875 -0.07875 -0.07875 -0.07875 -0.09875 -0.09875 -0.09875 -0.09875 -0.098750003 0.13903995 0.13875006 0.13875 0.13877013 0.14123362 0.56625 0.56625 0.56625 0.37375108 0.37375
-1.3324999 -1.2650903 -1.1775 -1.1775 -1.1775 -1.1775 -1.1775 -1.5573382 -1.5575 -1.5575 -1.1375 -1.1375 -1.1375 -1.1375 -1.0837216 -1.0825 -1.0825 -0.74000881 -0.74 -0.74 -0.74 -0.74 -0.74000011 -1.03625 -1.03625 -1.03625 -1.03625 -0.40625 -0.40624999 -0.40119542 -0.3825 -0.3825 -0.3825 -0.078749999 -0.07875 -0.07875 -0.07875 -0.078649254 -0.09875 -0.09875 -0.09875 -0.09875 -0.098724047 0.2575 0.2575 0.2575 0.2575 0.2575249 0.56625 0.56625 0.56625 0.56624999 0.54370952
