interpolatedSpi/04-12|21_1.tif
NCOLS 53
NROWS 52
XLLCORNER -116.03883
YLLCORNER 28.596182
DX 0.49850594
DY 0.49788537
NODATA_VALUE -9999
[rows 0 to 38 of 52, columns 0 to 52 of 53]
-0.348 -0.348 -0.29083077 -0.407 -0.384 -0.514 -0.527 -0.586 -0.61986962 -0.788 -0.827 -0.508 -0.65097612 -0.361 -0.211 -0.211 -0.211 -0.293 -0.443 -0.443 -0.443 -0.44299654 -0.084000006 -0.66 -0.66 -0.66 -0.30699892 -0.307 -0.307 -0.237 -0.237 -0.237 -0.237 -1.0409998 -1.041 -1.041 -1.041 -1.041 -1.041 -1.041 -0.30789619 -0.30004723 -0.485 -0.485 -0.485 -0.485 -0.48505717 -0.52 -0.52 -0.52 0.23399843 0.234 0.234
-0.34801835 -0.761 -0.35899978 -0.3952466 -0.53113555 -0.29 -0.356 -0.59690909 -0.825 -0.788 -0.651 -0.651 -0.651 -0.7078396 -0.36100288 -0.211 -0.293 -0.293 -0.44280442 -0.443 -0.443 -0.443 -0.67000105 -0.66 -0.66 -0.66 -0.613 -0.613 -0.237 -0.237 -0.237 -0.237 -0.237 -1.0409999 -1.041 -1.041 -1.041 -1.041 -1.041 -0.92985788 -0.35704514 -0.46946843 -0.485 -0.485 -0.485 -0.485 -0.485 -0.52 -0.52 -0.52 -0.4574776 0.234 0.234
-0.61199285 -0.612 -0.17 -0.266 -0.417 -0.589 -0.312 -0.708 -0.839 -0.708 -0.689 -0.795 -0.536 -0.409 -0.709 -0.894 -0.293 -0.293 -0.293 -0.47998924 -0.48 -0.48 -0.85 -0.66 -0.66 -0.66 -0.613 -0.613 -0.613 -0.237 -0.237 -0.23700001 -0.33809401 -1.0396425 -1.0370442 -0.61989448 -0.616 -0.616 -0.58342463 -0.357 -0.357 -0.35716368 -0.485 -0.485 -0.485 -0.485 -0.485 -0.52 -0.52 -0.52 -0.52 0.234 0.234
-0.134 -0.61199999 -0.57099663 0.027 -0.542 -0.43 -0.496 -0.669 -0.598 -0.68542657 -0.609 -1.01 -0.915 -0.409 -0.612 -0.894 -0.90590819 -0.9055705 -1.006 -0.48 -0.48 -1.005 -0.85 -0.85 -0.66 -0.65999977 -0.613 -0.613 -0.613 -0.53 -0.48445975 -0.447 -0.447 -0.44700013 -0.616 -0.616 -0.616 -0.616 -0.357 -0.357 -0.357 -0.357 -0.485 -0.485 -0.485 -0.485 -0.485 -0.51999956 -0.52 -0.52 -0.52 0.23397403 0.234
-0.134 -0.059000939 -0.571 -0.64037147 -0.542 -0.499 -0.76798571 -0.79 -0.814 -0.61600001 -0.63172005 -0.63996577 -0.401 -0.612 -0.612 -0.80087423 -0.906 -0.906 -1.006 -1.006 -0.480001 -1.005 -0.632 -0.325 -0.267 -0.2669201 -0.613 -0.613 -0.53 -0.53 -0.447 -0.447 -0.447 -0.45416574 -0.616 -0.616 -0.616 -0.357 -0.357 -0.357 -0.357 -0.35698919 -0.485 -0.485 -0.485 -0.485 -0.485 -0.48531154 -0.52 -0.52000184 -0.561 -0.561 -0.561
-1.004 -0.392 -0.283 -0.504 -0.632 -0.627 -0.676 -0.69059526 -0.387 -0.257 -0.366 0.031 0.030999715 -0.864 -0.864 -1.0898897 -1.09 -0.795 -0.795 -1.0059994 -0.513 -0.513 -0.325 -0.267 -0.267 0.075 -0.267 -0.267 -0.38301333 -0.53 -0.447 -0.447 -0.485 -0.48498015 -0.29501366 -0.498 -0.498 -0.40062157 -0.357 -0.357 -0.24513969 -0.245 -0.24499955 -0.63235209 -0.63498342 -0.63499996 -0.63499999 -0.63499994 -0.34101654 -0.561 -0.561 -0.561 -0.561
0.099992208 -0.023 -0.069346155 -0.21 -0.422 -0.766 -0.468 -0.524 -0.562 -0.562 -0.366 -0.675 -0.65700002 -0.864 -0.63300069 -0.633 -1.09 -0.602 -0.33 -0.33 -0.47247122 -0.427 -0.427 0.040999996 0.075 0.075 -0.267 -0.267 -0.38299918 -0.38298498 -0.20750018 -0.485 -0.485 -0.295 -0.295 -0.41521471 -0.498 -0.498 -0.42500253 -0.24500025 -0.245 -0.245 -0.2449973 -0.63499752 -0.635 -0.635 -0.635 -0.6349998 -0.297 -0.56094768 -0.561 -0.561 -0.561
0.1 -0.032 0.025 -0.673 -0.68599925 -0.668 -0.535 -0.735 -0.782 -0.74 -0.74 -0.717 -0.657 -0.657 -0.63316466 -0.87890438 -0.903 -0.407 -0.45999987 -0.33 -0.40864227 -0.419 -0.24 0.136 0.13599923 0.076 -0.241 -0.24100001 -0.36904906 -0.369 -0.207 -0.48032135 -0.528 -0.295 -0.29768099 -0.346 -0.346 -0.425 -0.425 -0.245 -0.245 -0.245 -0.18905121 -0.19000002 -0.635 -0.635 -0.635 -0.29701287 -0.297 -0.297 -0.561 -0.561 -0.561
-0.084190146 -0.031999994 0.371 -0.133 -0.273 -0.478 -0.657 -0.804 -0.768 -0.49846609 -0.517 -0.57 -0.57 -0.484 -0.48399851 -0.55098384 -0.55 -0.55 -0.41509053 -0.34499999 -0.297 -0.297 -0.213 -0.22935974 0.082046416 0.076 -0.259 -0.241 -0.18731379 -0.187 -0.467 -0.217 -0.21347565 -0.499 -0.389 -0.495 -0.441 -0.582 -0.55501247 -0.2441251 -0.049 -0.03 -0.18997395 -0.19 -0.1925047 -0.635 -0.77799999 -0.297 -0.297 -0.297 -0.297 -0.52937511 0.029
-0.376 -0.376 0.663 0.286 -0.349 -0.532 -0.503 -0.506 -0.533 -0.42999951 -0.555 -0.163 -0.484 -0.484 -0.326 -0.32907226 -0.55 -0.54993572 -0.269 -0.345 -0.345 -0.33881599 -0.213 -0.20300019 -0.203 -0.203 -0.259 0.172 0.172 -0.187 -0.187 -0.21698672 -0.21 -0.499 -0.213 -0.495 -0.441 -0.317 -0.555 -0.28248932 -0.030000001 -0.03 -0.03 -0.19 -0.19 -0.778 -0.778 -0.778 -0.297 -0.297 -0.307 -0.307 -0.30699987
-0.376 -0.376 0.1 -0.353 -0.72 -0.189 -0.648 -0.79097196 -0.804 -0.591 -0.687 -0.713 -0.16373269 -0.326 -0.326 -0.32599181 -0.255 -0.25573479 -0.269 -0.52 -0.52 -0.406 -0.406 -0.203 -0.203 -0.203 0.172 0.172 0.172 -0.251 -0.251 -0.25099993 -0.224 -0.224 -0.413 -0.47 -0.041 -0.5739954 -0.509 -0.278 -0.278 -0.2719992 -0.03 -0.19 -0.20300007 -0.3 -0.1009286 -0.098000002 0.059 0.059 -0.307 -0.307 -0.307
-0.376 -0.17057778 -0.093311257 -0.4499936 -0.126 -0.651 -0.648 -0.791 -0.80399989 -0.59335978 -0.71299984 -0.713 -0.539 -0.326 -0.326 -0.255 -0.255 -0.2550008 -0.269 -0.52 -0.49761272 -0.406 -0.406 -0.20300854 -0.203 -0.20891695 -0.221 -0.221 -0.22099995 -0.251 -0.251 -0.243 -0.243 -0.22400052 -0.413 -0.29200007 -0.039717361 -0.574 -0.574 -0.278 -0.272 -0.272 -0.27199946 -0.203 -0.203 -0.3 -0.098 -0.098 0.059 0.059 -0.307 -0.307 -0.307
-0.595 -0.3334082 -0.36399909 -0.36461816 -0.1260028 -0.6509876 -0.648 -0.78923975 -0.80310417 -0.798438 -0.539 -0.539 -0.539 -0.539 -0.32603017 -0.255 -0.255 -0.25518076 -0.269 -0.52007826 -0.796 -0.796 -0.796 -0.796 -0.21304462 -0.221 -0.221 -0.221 -0.221 -0.22103741 -0.243 -0.243 -0.243 -0.243 -0.292 -0.292 -0.292 -0.55977172 -0.57127367 -0.211 -0.211 -0.27199672 -0.16900116 -0.20299673 -0.203 -0.3 -0.098 -0.098 0.058999999 0.059 -0.30567219 -0.307 -0.013074108
-0.595 -0.364 -0.364 -0.364 -0.364 -0.36400012 -0.64800759 -0.71566397 -0.80071413 -0.53928011 -0.539 -0.539 -0.539 -0.539 -0.53900014 -0.255 -0.255 -0.2559603 -0.26900151 -0.796 -0.796 -0.796 -0.796 -0.796 -0.79033414 -0.29314927 -0.29299999 -0.293 -0.293 -0.293 -0.243 -0.243 -0.24299993 -0.182 -0.182 -0.292 -0.072284671 -0.066 -0.21099992 -0.211 -0.211 -0.211 -0.169 -0.169 -0.169 -0.16991164 -0.13579471 -0.136 -0.136 -0.136 -0.136 -0.035000056 -0.035
-0.684 -0.364 -0.364 -0.364 -0.364 -0.364 -0.36400002 -0.62392805 -0.74319034 -0.743 -0.743 -0.743 -0.743 -0.743 -0.743 -0.6694607 -0.26155535 -0.25691719 -0.79593373 -0.796 -0.796 -0.796 -0.796 -0.79599964 -0.534 -0.534 -0.53399966 -0.293 -0.293 -0.29270364 -0.145 -0.145 -0.182 -0.182 -0.182 -0.084581875 -0.066 -0.066 -0.066 -0.211 -0.211 -0.211 -0.169 -0.169 -0.169 -0.169 -0.136 -0.136 -0.136 -0.136 -0.136 -0.035 -0.035
-0.684 -0.56486764 -0.364 -0.364 -0.364 -0.364 -0.47997723 -0.48 -0.48000001 -0.743 -0.743 -0.743 -0.743 -0.743 -0.72645448 -0.668 -0.668 -0.668 -0.48395334 -0.48300032 -0.483 -0.483 -0.483 -0.483 -0.534 -0.534 -0.534 -0.534 -0.293 -0.145 -0.145 -0.145 -0.182 -0.182 -0.182 0.074 -0.065814636 -0.066 -0.066 -0.21093778 -0.086844158 0.20275966 -0.169 -0.169 -0.14407715 -0.144 -0.144 -0.13585888 -0.050300531 -0.050000007 -0.050000016 0.11697695 -0.034999691
-0.684 -0.52440454 -0.44294318 -0.364 -0.364 -0.47993146 -0.48 -0.48 -0.48 -0.48189525 -0.743 -0.743 -0.743 -0.74299999 -0.668 -0.668 -0.668 -0.668 -0.48316526 -0.483 -0.483 -0.483 -0.483 -0.483 -0.534 -0.534 -0.534 -0.534 -0.53258507 -0.145 -0.145 -0.145 -0.109 -0.1819722 0.074 0.074 0.074 0.07642993 0.18691038 0.204 0.204 0.204 -0.167 -0.167 -0.144 -0.144 -0.144 -0.050000001 -0.05 -0.05 -0.05 0.117 0.117
-0.52006385 -0.52 -0.52 -0.52 -0.381 -0.47999745 -0.48 -0.48 -0.48 -0.48 -0.71884899 -0.74299584 -0.74299999 -0.668 -0.668 -0.668 -0.668 -0.668 -0.63563162 -0.483 -0.483 -0.483 -0.483 -0.483 -0.51779544 -0.53499999 -0.535 -0.535 -0.535 -0.145 -0.109 -0.109 -0.109 -0.109 0.074 0.074005846 0.296 0.296 0.20514876 0.204 0.204 0.204 -0.167 -0.167 -0.14756119 -0.144 -0.144 -0.05 -0.05 -0.05 -0.048209326 0.117 0.117
-0.52 -0.52 -0.52 -0.45454283 -0.381 -0.381 -0.48 -0.48 -0.48 -0.48 -0.424 -0.424 -0.424 -0.668 -0.668 -0.668 -0.668 -0.66792563 -0.385 -0.385 -0.48299996 -0.483 -0.48455813 -0.547 -0.54689197 -0.535 -0.535 -0.535 -0.535 -0.10904338 -0.109 -0.109 -0.109 -0.109 0.29599922 0.296 0.296 0.296 0.29566338 0.204 0.204 0.204 -0.167 -0.167 -0.167 -0.144 -0.144 -0.050000003 -0.05 -0.05 0.117 0.117 0.117
-0.52 -0.52 -0.52 -0.381 -0.381 -0.381 -0.38100015 -0.48 -0.48 -0.42405781 -0.424 -0.424 -0.424 -0.42415202 -0.30375991 -0.218 -0.218 -0.218 -0.385 -0.385 -0.385 -0.547 -0.547 -0.547 -0.54686274 -0.28427738 -0.535 -0.535 -0.535 -0.10821728 -0.096001279 -0.096 -0.096 -0.096 0.20122666 0.069000516 0.069 0.069 0.069 -0.035967161 -0.036 -0.036 -0.167 -0.167 -0.2159998 -0.21599998 -0.173 -0.173 -0.024 -0.024 -0.024 0.117 0.0001046122
-0.51999848 -0.52 -0.51999999 -0.381 -0.381 -0.381 -0.381 -0.11700011 -0.47854858 -0.42391204 -0.424 -0.424 -0.424 -0.42359577 -0.218 -0.218 -0.218 -0.21800005 -0.385 -0.385 -0.385 -0.547 -0.547 -0.547 -0.057 -0.057 -0.07 -0.07 -0.07 -0.070141838 -0.096 -0.096 -0.096 -0.096 -0.013545344 0.069 0.069 0.069 0.069 -0.036 -0.036 -0.036 -0.041663489 -0.216 -0.216 -0.216 -0.173 -0.173 -0.024 -0.024 -0.024 -8.1020362e-10 1.4539892e-52
-0.029 -0.2586198 -0.388 -0.38799797 -0.381 -0.1185275 -0.117 -0.117 -0.14177775 -0.327 -0.327 -0.327 -0.327 0.20698262 0.207 -0.21799967 -0.218 -0.2224002 -0.385 -0.385 -0.385 0.168 0.168 0.168 -0.057 -0.057 -0.07 -0.07 -0.07 -0.06999994 0.011999314 0.011999697 -0.093285582 -0.095884217 -0.18789277 -0.188 -0.188 -0.188 -0.188 -0.036 -0.036 -0.036 -0.20608867 -0.216 -0.216 -0.216 -0.173 -0.173 -0.17299464 -0.024 -0.024015382 -0.368 -4.0434592e-20
-0.098986707 -0.09900005 -0.388 -0.388 -0.388 -0.117 -0.117 -0.117 -0.185 -0.185 -0.327 -0.327 -0.327 0.207 0.207 0.207 0.207 0.20693269 -0.385 -0.385 -0.38499998 0.168 0.168 0.168 -0.057 -0.057 -0.07 -0.07 -0.07 0.011075444 0.012 0.012 0.012 0.012 -0.18790131 -0.188 -0.188 -0.188 -0.188 -0.088999986 -0.089 -0.089 -0.089 -0.21599985 -0.196 -0.196 -0.196 -0.319 -0.319 -0.319 -0.368 -0.368 -0.368
-0.099 -0.099 -0.388 -0.388 -0.388 -0.11842442 -0.117 -0.185 -0.185 -0.185 -0.32698252 -0.327 -0.068788587 0.20699995 0.207 0.207 0.207 0.118 0.118 0.118 -0.057999995 -0.057999832 0.1679989 0.168 0.16771154 -0.212 -0.212 -0.21199966 -0.070022948 -0.00199721 -0.0019999255 -0.0019975558 0.011976073 0.011987918 -0.15238827 -0.18799994 -0.18752077 -0.045 -0.045 -0.089 -0.089 -0.089 -0.089 -0.196 -0.196 -0.196 -0.196 -0.319 -0.319 -0.319 -0.368 -0.368 -0.368
-0.099 -0.099 -0.388 -0.388 -0.388 -0.388 -0.14245041 -0.185 -0.185 -0.185 -0.18490389 -0.011 -0.011 -0.011 0.20571528 0.207 0.11859307 0.118 0.118 0.118 -0.058 -0.058 -0.058 -0.058 -0.212 -0.212 -0.212 -0.212 -0.212 -0.002 -0.002 -0.002 -0.002 -0.0020001179 -0.058 -0.045 -0.045 -0.045 -0.045 -0.045000326 -0.141 -0.141 -0.141 -0.20608189 -0.341 -0.341 -0.341 -0.319 -0.31899999 -0.311 -0.311 -0.30601508 -0.306
-0.099 -0.099 -0.28369129 -0.388 -0.388 -0.38799999 -0.14606921 -0.18487709 -0.185 -0.185 -0.010999976 -0.011 -0.011 -0.011 -0.011 0.0068879477 0.118 0.118 0.118 0.118 -0.057998639 -0.058 -0.058 -0.058 -0.212 -0.212 -0.212 -0.212 -0.212 -0.10102016 -0.002 -0.002 -0.002 -0.058 -0.058 -0.057989905 -0.045 -0.045 0.009589516 0.051999991 -0.141 -0.141 -0.141 -0.20407239 -0.341 -0.341 -0.341 0.058 -0.3064023 -0.311 -0.311 -0.306 -0.306
-0.044 -0.044 -0.044 -0.30174974 -0.38744596 -0.146 -0.146 -0.146 -0.146 0.105 0.105 -0.010999992 -0.011 -0.011 -0.011 -0.010991816 0.118 0.118 0.118 0.118 0.018800691 -0.058 -0.058 -0.061375984 -0.18811322 -0.212 -0.212 -0.212 -0.136 -0.136 -0.136 -0.13599944 -0.058 -0.058 -0.058 -0.058 0.052 0.052 0.052 0.052 -0.022 -0.022 -0.022 -0.0070003016 -0.007 -0.007 -0.0070001057 0.058 0.058 -0.31055039 -0.311 -0.3059975 -0.306
-0.044 -0.044 -0.044 -0.043998115 -0.009 -0.028922051 -0.146 -0.146 -0.146 0.105 0.105 0.105 0.19299999 0.193 0.193 0.19299999 0.11752373 0.118 0.118 0.118 0.11532417 -0.18699965 -0.187 -0.187 -0.187 -0.18700001 -0.421 -0.421 -0.136 -0.136 -0.136 -0.136 -0.057999866 -0.058 -0.058 -0.05798485 0.051999995 0.052 0.052 0.051205984 -0.022 -0.022 -0.022 -0.0070006956 -0.007 -0.007 -0.007 0.058 0.058 0.058000018 0.189 0.189 0.243
-0.044 -0.044 -0.044 -0.0090000807 -0.009 -0.009 -0.14599995 -0.146 -0.146 0.105 0.105 0.105 0.193 0.193 0.193 0.16748655 -0.142 -0.142 -0.14199933 0.11653145 -0.187 -0.187 -0.187 -0.187 -0.187 -0.1871761 -0.421 -0.421 -0.421 -0.136 -0.136 -0.13616027 0.128 0.128 0.128 -0.398 -0.398 -0.129 -0.129 -0.129 -0.08 -0.022018193 -0.021999463 0.05 0.05 0.047839765 -0.0069997393 0.058 0.058 0.189 0.189 0.189 0.243
-0.044 -0.044 -0.044 -0.009 -0.009 -0.009 -0.009 -0.146 -0.146 0.105 0.105 0.18948127 0.193 0.193 0.193 -0.142 -0.142 -0.142 -0.142 -0.142 -0.187 -0.187 -0.187 -0.187 -0.187 -0.4209992 -0.421 -0.421 -0.421 -0.385 -0.385 -0.385 0.128 0.128 0.128 -0.398 -0.398 -0.129 -0.129 -0.08 -0.08 -0.08 0.05 0.05 0.05 0.05 0.061500627 0.19 0.19 0.19 0.189 0.341 0.341
-0.044 -0.044 -0.043951261 -0.009 -0.009 -0.009 -0.009 -0.1222894 -0.128 -0.12759997 0.105 0.19298543 0.193 0.193 0.19299884 -0.142 -0.142 -0.142 -0.142 -0.142 -0.13041676 -0.187 -0.187 -0.187 -0.18701071 -0.42098976 -0.421 -0.421 -0.421 -0.385 -0.385 -0.385 -0.38492426 0.128 -0.398 -0.398 -0.398 -0.39798877 -0.12899666 -0.08 -0.08 -0.08 0.049992108 0.05 0.05 0.05 0.19000073 0.19 0.19 0.19 0.341 0.341 0.341
-0.128 -0.12799985 -0.0090226087 -0.009 -0.009 -0.009 -0.12797468 -0.128 -0.128 -0.128 0.018999996 0.019 0.019 0.019 -0.1412569 -0.142 -0.142 -0.142 -0.142 -0.12800001 -0.128 -0.128 -0.23899999 -0.239 -0.239 -0.239 -0.25470894 -0.421 -0.17800995 -0.178 -0.178 -0.178 -0.178 -0.178 -0.178 -0.178 -0.178 -0.178 0.218 0.218 0.218 0.218 0.218 0.26367741 0.264 0.264 0.264 0.19 0.19 0.19 0.34097621 0.341 0.341
-0.128 -0.128 -0.12619988 0.086999807 0.086999979 0.086790347 -0.128 -0.128 -0.128 -0.128 0.019 0.019 0.019 0.019 0.019 -0.142 -0.142 -0.142 -0.128 -0.128 -0.128 -0.128 -0.239 -0.239 -0.239 -0.239 -0.239 -0.23903845 -0.17804325 -0.178 -0.178 -0.178 -0.17801737 -0.22958805 -0.17805342 -0.178 -0.178 -0.178 0.218 0.218 0.218 0.218 0.218 0.264 0.264 0.264 0.264 0.22939615 0.19 0.086171478 0.085 0.137 0.137
-0.128 -0.128 0.086972766 0.087 0.087 0.087 0.032390907 -0.128 -0.128 -0.128 0.019 0.019 0.019 0.019 0.019 -0.14187757 -0.142 -0.1280041 -0.128 -0.128 -0.128 -0.128 -0.19787933 -0.239 -0.239 -0.239 -0.239 -0.23903625 -0.29 -0.29 -0.29 -0.29 -0.29 -0.269 -0.269 -0.269 -0.269 -0.269 0.147 0.147 0.147 0.147 0.147 0.26414162 0.26400003 0.264 0.26400983 0.26515721 0.085 0.085 0.085 0.13699971 0.137
-0.12799993 -0.090740847 0.086999975 0.087 0.087 0.087 0.087 -0.12790846 -0.128 -0.128 0.019 0.019 0.019 0.019 -0.13744618 -0.141 -0.141 -0.12800033 -0.128 -0.128 -0.128 -0.128 -0.12800002 -0.239 -0.239 -0.239 -0.239 -0.62999967 -0.62999984 -0.55763974 -0.29 -0.29 -0.29 -0.269 -0.269 -0.269 -0.269 -0.26899458 0.147 0.147 0.147 0.147 0.14699341 0.322 0.322 0.322 0.322 0.32198089 0.085 0.085 0.085 0.085000106 0.25621798
-0.09 -0.09 -0.050030601 0.087 0.087 0.087 0.087 0.087 -0.12790804 -0.011000002 -0.011 -0.011 -0.010928804 -0.14099977 -0.141 -0.141 -0.141 -0.141 -0.12800066 -0.13364149 -0.183 -0.183 -0.183 -0.19787821 -0.25068531 -0.31321119 -0.36611074 -0.63 -0.63 -0.63 -0.63 -0.63 -0.61480182 -0.26231314 -0.261 -0.261 -0.261 -0.261 0.13084451 0.061000154 0.061 0.061 0.061 0.21400032 0.32199997 0.322 0.322 0.149 0.085001025 0.085 0.085 0.258 0.258
-0.09 -0.09 -0.041 -0.041 -0.041 0.086957362 0.087 0.087 -0.011 -0.011 -0.011 -0.011 -0.011 -0.14099999 -0.141 -0.141 -0.141 -0.141 -0.183 -0.183 -0.183 -0.183 -0.183 -0.38499999 -0.385 -0.385 -0.385 -0.63 -0.63 -0.63 -0.63 -0.63 -0.378 -0.378 -0.261 -0.261 -0.261 -0.023040531 -0.023 0.061 0.061 0.061 0.061000019 0.214 0.214 0.214 0.149 0.149 0.149 0.07 0.07 0.258 0.258
-0.09 -0.09 -0.041 -0.041 -0.041 -0.041 -0.040999698 0.014 -0.010976462 -0.011 -0.011 -0.011 -0.011 -0.13937837 -0.141 -0.141 -0.141 -0.141 -0.183 -0.183 -0.183 -0.183 -0.183 -0.385 -0.385 -0.385 -0.385 -0.38500099 -0.63 -0.63 -0.63 -0.37801321 -0.378 -0.378 -0.378 -0.261 -0.023000003 -0.023 -0.023 -0.020789802 0.16721907 0.187 0.187 0.214 0.214 0.214 0.149 0.149 0.149 0.07 0.07 0.07 0.17105123
-0.148 -0.14799954 -0.041 -0.041 -0.041 -0.041 0.014 0.014 0.014 -0.011 -0.011 -0.011 -0.011 -0.011040413 -0.141 -0.141 -0.141 -0.141 -0.18299927 -0.183 -0.183 -0.183 -0.34941464 -0.385 -0.385 -0.385 -0.385 -0.42299997 -0.423 -0.423 -0.62776892 -0.378 -0.378 -0.378 -0.37799975 -0.114 -0.023 -0.023 -0.023 -0.022999998 0.187 0.187 0.187 0.08 0.08 0.08 -0.089976725 0.149 0.149 0.07 0.07 0.07 0.16200064
