interpolatedSpi/04-10|23_1.tif
NCOLS 53
NROWS 52
XLLCORNER -116.03883
YLLCORNER 28.596182
DX 0.49850594
DY 0.49788537
NODATA_VALUE -9999
[rows 0 to 33 of 52, columns 0 to 52 of 53]
-0.25 -0.25 -0.32201175 -0.4075 -0.19125 -0.27875 -0.285 -0.13625 -0.68257253 -0.6925 -0.44875 -0.455 -0.75247118 -0.4025 -0.215 -0.215 -0.215 -0.43875 -0.25375 -0.25375 -0.25375 -0.25374929 -0.18 -0.50625 -0.50625 -0.50625 -0.78874981 -0.78875 -0.78875 -1.1675 -1.1675 -1.1675 -1.1675 -1.09375 -1.09375 -1.09375 -1.09375 -1.09375 -1.09375 -1.09375 -0.16500346 -0.15513091 -0.66875 -0.66875 -0.66875 -0.66875 -0.66845192 -0.48625 -0.48625 -0.48625 -0.37250024 -0.3725 -0.3725
-0.2500145 -0.57625 -0.21500014 -0.21099042 -0.3462748 -0.435 -0.46625 -0.44747847 -0.55875 -0.5775 -0.635 -0.7525 -0.7525 -0.5196082 -0.40249976 -0.215 -0.43875 -0.43875 -0.25399122 -0.25375 -0.25375 -0.25375 -0.52190953 -0.50625 -0.50625 -0.50625 -0.43375 -0.43375 -1.1675 -1.1675 -1.1675 -1.1675 -1.1675 -1.09375 -1.09375 -1.09375 -1.09375 -1.09375 -1.09375 -0.95695217 -0.23381807 -0.61596657 -0.66875 -0.66875 -0.66875 -0.66875 -0.66875 -0.48625 -0.48625 -0.48625 -0.47681774 -0.3725 -0.3725
0.3174762 0.3175 -0.33375 -0.27625 -0.44125 -0.02 -0.23125 -0.0475 -0.57 -0.675 -0.64 -0.6775 -0.8675 -0.89375 -0.52 -0.85625 -0.43875 -0.43875 -0.43875 -0.27249455 -0.2725 -0.2725 -0.80375 -0.50625 -0.50625 -0.50625 -0.43375 -0.43375 -0.43375 -1.1675 -1.1675 -1.1675 -0.97915222 -1.0927741 -1.090469 -0.74448012 -0.74125 -0.74125 -0.67741988 -0.23375 -0.23375 -0.23430626 -0.66875 -0.66875 -0.66875 -0.66875 -0.66875 -0.48625 -0.48625 -0.48625 -0.48625 -0.3725 -0.3725
0.1825 0.31749988 -0.25634919 -0.2025 -0.66875 -0.44375 -0.36125 -0.62625 -0.39125 -0.65816024 -0.7725 -0.78 -0.89125 -0.89375 -0.94125 -0.85625 -0.58831576 -0.58614665 -0.53625 -0.2725 -0.2725 -0.70625 -0.80375 -0.80375 -0.50625 -0.50624964 -0.43375 -0.43375 -0.43375 -0.69375 -0.73901591 -0.77625 -0.77625 -0.77624997 -0.74125 -0.74125 -0.74125 -0.74125 -0.23375 -0.23375 -0.23375 -0.23375002 -0.66875 -0.66875 -0.66875 -0.66875 -0.66875 -0.4862523 -0.48625 -0.48625 -0.48625 -0.37252262 -0.3725
0.1825 -0.13500022 -0.25625 -0.60456576 -0.66875 -0.71875 -0.73501888 -1.10375 -1.07125 -0.77625009 -0.82387541 -0.84242928 -0.34875 -0.94125 -0.94125 -0.88013459 -0.58625 -0.58625 -0.53625 -0.53625 -0.27250087 -0.70625 -0.51375 -0.25 -0.53375 -0.53373127 -0.43375 -0.43375 -0.69375 -0.69375 -0.77625 -0.77625 -0.77625 -0.75479977 -0.74125 -0.74125 -0.74125 -0.23375 -0.23375 -0.23375 -0.23375 -0.23378342 -0.66875 -0.66875 -0.66875 -0.66875 -0.66875 -0.66712552 -0.48625 -0.48627595 -1.065 -1.065 -1.065
-0.935 -0.4975 -0.45374999 -0.3925 -0.3575 -0.6575 -0.94125 -0.96205465 -0.9975 -1.20375 -1.14 -0.8875 -0.88749964 -0.8425 -0.8425 -0.36744387 -0.3675 -0.58375 -0.58375 -0.53624977 -0.7275 -0.7275 -0.25 -0.53375 -0.53375 -0.45375 -0.77125 -0.77125 -0.58875988 -0.69375 -0.77625 -0.77625 -0.6625 -0.6624902 -0.56875667 -0.40375 -0.40375 -0.28634338 -0.23375 -0.23375 -0.57956815 -0.58 -0.57999944 -0.49806716 -0.4950192 -0.49500005 -0.49500001 -0.49500007 -0.9391485 -1.065 -1.065 -1.065 -1.065
-0.046250435 -0.39625 -0.12659793 -0.555 -0.49125 -0.8625 -0.58 -0.84375 -1.175 -1.175 -1.14 -0.99875 -0.80124996 -0.8425 -0.13500212 -0.135 -0.3675 -0.01625 -0.275 -0.275 -0.61321826 -0.485 -0.485 -0.43 -0.45375 -0.45375 -0.77125 -0.77125 -0.58876522 -0.5890303 -0.42880303 -0.6625 -0.6625 -0.56875 -0.56875 -0.51267801 -0.40375 -0.40375 -0.749988 -0.58000024 -0.58 -0.58 -0.5799969 -0.49500041 -0.495 -0.495 -0.495 -0.49500026 -0.93375 -1.064974 -1.065 -1.065 -1.065
-0.04625 -0.5 -0.0825 -0.66875 -0.40251526 -0.7775 -1.10375 -0.97249999 -0.86625 -1.02375 -1.02375 -0.6175 -0.80125 -0.80125 -0.13957109 -0.26592131 -0.27875 -0.01625 -0.40374987 -0.275 -0.25613007 -0.22875 -0.5675 0.0062499975 0.0062427288 -0.5575 -0.30875 -0.30875016 -0.84908454 -0.84999999 -0.4275 -0.60537551 -0.4725 -0.56875 -0.56657526 -0.60375 -0.60375 -0.75 -0.75 -0.58 -0.58 -0.58 -0.56682367 -0.56875 -0.495 -0.495 -0.495 -0.9337333 -0.93375 -0.93375 -1.065 -1.065 -1.065
-0.57680599 -0.49999999 -0.00125 -0.64375 -0.41125 -0.865 -0.58875 -0.3225 -0.88375 -0.40827782 -0.30875 -0.7275 -0.7275 -0.3225 -0.32250026 -0.30368032 -0.30375 -0.30375 -0.075402473 -0.71999996 -0.55125 -0.55125 -0.88 -0.69065111 -0.50068888 -0.5575 -0.38875 -0.30875 -0.37834323 -0.37875 -0.6425 -0.64375 -0.49328327 -0.815 -0.4925 -0.61 -0.545 -0.365 -0.30877597 -0.57897333 -0.35 -0.2575 -0.56869037 -0.56875 -0.5683349 -0.495 -0.60874999 -0.93375 -0.93375 -0.93375 -0.93375 -1.0113062 -0.12625
-1.00625 -1.00625 0.12 0.005 -0.695 -0.4575 -0.4075 -0.79125 -0.41875 -0.28751235 -0.67125 -0.13625 -0.3225 -0.3225 -0.35 -0.34936566 -0.30375 -0.30369943 -0.06625 -0.72 -0.72 -0.69825931 -0.88 -0.50625708 -0.50625 -0.50625 -0.38875 -0.0875 -0.0875 -0.37875 -0.37875 -0.64318339 -0.345 -0.815 -0.56125 -0.61 -0.545 -0.81625 -0.30875 -0.07509916 -0.2575 -0.23729633 -0.2025 -0.56875 -0.56875 -0.60875 -0.60875 -0.60875 -0.93375 -0.93375 -0.63375 -0.63375 -0.63374981
-1.00625 -1.00625 -0.3475 -0.595 -0.56375 -0.175 -0.735 -0.19209779 -0.2975 -0.265 -0.01 -0.01125 -0.13608386 -0.35 -0.35 -0.349985 -0.22 -0.21193048 -0.06625 -0.035 -0.035 -0.10375 -0.10375 -0.50625 -0.50625 -0.50625 -0.0875 -0.0875 -0.0875 -0.3775 -0.3775 -0.37749995 -0.45625 -0.45625 -0.86375 -0.56625 -0.3275 -0.38375349 -0.31125 -0.07125 -0.07125 -0.36374947 -0.2025 -0.56875 -0.075000161 -0.165 -0.21296194 -0.21125 -0.47125 -0.47125 -0.63375 -0.63375 -0.63375
-1.00625 -0.72184313 -0.45311708 -0.70374123 -0.2575 -0.36 -0.735 -0.19125 -0.29749911 -0.26536006 -0.01125033 -0.01125 0.09 -0.35 -0.35 -0.22 -0.22 -0.21999125 -0.06625 -0.035 -0.048501101 -0.10375 -0.10375 -0.50623339 -0.50625 -0.3575044 -0.05375 -0.05375 -0.053750004 -0.3775 -0.3775 -0.09875 -0.09875 -0.45625112 -0.86375 -0.29000026 -0.40226496 -0.38375 -0.38375 -0.071250009 -0.36375 -0.36375 -0.36374789 -0.075 -0.075 -0.165 -0.21125 -0.21125 -0.47125 -0.47125 -0.63375 -0.63375 -0.63375
-0.28125 -0.31725283 -0.31126032 -0.31408734 -0.25750063 -0.35999758 -0.73499999 -0.19794325 -0.29017829 -0.29665134 0.09 0.09 0.09 0.09 -0.34993767 -0.22 -0.22 -0.21801484 -0.06625 -0.034896054 0.325 0.325 0.325 0.325 -0.49180828 -0.05375 -0.05375 -0.05375 -0.05375 -0.053855872 -0.09875 -0.09875 -0.09875 -0.09875 -0.29 -0.29 -0.29 -0.37970799 -0.38284874 -0.26375 -0.26375 -0.36374462 -0.29749238 -0.075021431 -0.075 -0.165 -0.21125 -0.21125 -0.47125 -0.47125 -0.63316047 -0.63375 -0.91641364
-0.28125 -0.31125 -0.31125 -0.31125 -0.31125 -0.31125002 -0.73404002 -0.4777315 -0.27064465 0.089583555 0.09 0.09 0.09 0.09 0.090000242 -0.22 -0.21999998 -0.2094538 -0.066250874 0.325 0.325 0.325 0.325 0.325 0.32824104 0.17285144 0.24624994 0.24625 0.24625 0.24625 -0.098749989 -0.09875 -0.098749498 0.31875 0.31875 -0.29 0.078217615 0.08875 -0.2637498 -0.26375 -0.26375 -0.26375 -0.2975 -0.2975 -0.2975 -0.29657792 -0.15659824 -0.15625 -0.15625 -0.15625 -0.15625001 -0.59500001 -0.595
-0.35875 -0.31125 -0.31125 -0.31125 -0.31125 -0.31125 -0.31125003 -0.31573365 0.43005368 0.43375 0.43375 0.43375 0.43375 0.43375 0.43375 0.58798002 -0.20711218 -0.19894629 0.32495076 0.325 0.325 0.325 0.325 0.32500014 0.475 0.475 0.47499968 0.24625 0.24625 0.24703095 0.63625 0.63625 0.31875 0.31875 0.31875 0.12559365 0.08875 0.08875 0.08875 -0.26375 -0.26375 -0.26375 -0.2975 -0.2975 -0.2975 -0.2975 -0.15625 -0.15625 -0.15625 -0.15625 -0.15625 -0.595 -0.595
-0.35875 -0.34106629 -0.31125 -0.31125 -0.31125 -0.31125 0.41235795 0.4125 0.4125 0.43375 0.43375 0.43375 0.43375 0.43375 0.4684956 0.59125 0.59125 0.59125 0.44089627 0.44124988 0.44125 0.44125 0.44125 0.44125 0.475 0.475 0.475 0.475 0.24625 0.63625 0.63625 0.63625 0.31875003 0.31875 0.31875 0.42875 0.089200171 0.08875 0.08875 -0.26373918 -0.24243409 -0.19271295 -0.2975 -0.2975 -0.38099154 -0.38125 -0.38125 -0.15646249 -0.28455008 -0.28499999 -0.28499998 -0.11757232 -0.59499903
-0.35875 0.020775786 -0.13792923 -0.31125 -0.31125 0.41207237 0.4125 0.4125 0.4125 0.41265313 0.43375 0.43375 0.43375 0.43375002 0.59125 0.59125 0.59125 0.59125 0.44138399 0.44125 0.44125 0.44125 0.44125 0.44125 0.475 0.475 0.475 0.475 0.47558652 0.63625 0.63625 0.63625 0.605 0.3187681 0.42875 0.42875 0.42875 0.42807888 -0.17467737 -0.1925 -0.1925 -0.1925 -0.55 -0.55 -0.38125 -0.38125 -0.38125 -0.285 -0.285 -0.285 -0.285 -0.1175 -0.1175
0.031097463 0.03125 0.03125 0.031250005 0.53 0.41250303 0.4125 0.4125 0.4125 0.4125 0.43488561 0.4337502 0.43375 0.59125 0.59125 0.59125 0.59125 0.59125 0.58643493 0.44125 0.44125 0.44125 0.44125 0.44125 0.48889472 0.53999965 0.54 0.54 0.54 0.63625 0.605 0.605 0.605 0.605 0.42875 0.42874845 0.37 0.37 -0.18547635 -0.1925 -0.1925 -0.1925 -0.55 -0.55 -0.40737831 -0.38125 -0.38125 -0.285 -0.285 -0.285 -0.28320396 -0.1175 -0.1175
0.03125 0.03125 0.03125 0.26611882 0.53 0.53 0.4125 0.4125 0.4125 0.4125 0.44875 0.44875 0.44875 0.59125 0.59125 0.59125 0.59125 0.59128181 0.70125 0.70125 0.44125011 0.44125 0.44051963 0.41125 0.41240908 0.54 0.54 0.54 0.54 0.60499338 0.605 0.605 0.605 0.605 0.37000021 0.37 0.37 0.37 0.36800532 -0.1925 -0.1925 -0.1925 -0.55 -0.55 -0.55 -0.38125 -0.38125 -0.285 -0.285 -0.285 -0.1175 -0.1175 -0.1175
0.03125 0.03125 0.03125 0.53 0.53 0.53 0.52999982 0.4125 0.4125 0.44871258 0.44875 0.44875 0.44875 0.44883879 0.74706381 0.78375 0.78375 0.78375 0.70125 0.70125 0.70125 0.41125 0.41125 0.41125 0.41128992 0.54721221 0.54 0.54 0.54 0.50491512 0.48376193 0.48375 0.48375 0.48375 0.25232851 0.086250644 0.08625 0.08625 0.08625 -0.24249316 -0.2425 -0.2425 -0.55 -0.55 -0.2637512 -0.26375 -0.2725 -0.2725 -0.12 -0.12 -0.12 -0.1175 -0.028829353
0.031250931 0.03125 0.031250018 0.53 0.53 0.53 0.53 0.35500002 0.41227009 0.44877154 0.44875 0.44875 0.44875 0.44940736 0.78375 0.78375 0.78375 0.78374998 0.70125 0.70125 0.70125 0.41125 0.41125 0.41125 0.55375 0.55375 0.66625 0.66625 0.66625 0.66525441 0.48375 0.48375 0.48375 0.48375 0.28510911 0.08625 0.08625 0.08625 0.08625 -0.2425 -0.2425 -0.2425 -0.24316861 -0.26375 -0.26375 -0.26375 -0.2725 -0.2725 -0.12 -0.12 -0.12 -0.028750003 -0.02875
0.33125 0.19512923 0.20875 0.2088432 0.53 0.35601254 0.355 0.355 0.43288593 0.4725 0.4725 0.4725 0.4725 0.78373987 0.78375 0.78375 0.78375 0.78157625 0.70125 0.70125 0.70125 0.515 0.515 0.515 0.55375 0.55375 0.66625 0.66625 0.66625 0.66624989 0.51249982 0.51249992 0.48447259 0.48378082 -0.066870051 -0.0675 -0.0675 -0.0675 -0.0675 -0.2425 -0.2425 -0.2425 -0.26257979 -0.26375 -0.26375 -0.26375003 -0.2725 -0.2725 -0.27249451 -0.12 -0.12001587 -0.475 -0.02875
0.43747982 0.43749996 0.20875 0.20875 0.20875 0.355 0.355 0.355 0.56875 0.56875 0.4725 0.4725 0.4725 0.78375 0.78375 0.78375 0.78375 0.78374084 0.70125 0.70125 0.70124999 0.515 0.515 0.515 0.55375 0.55375 0.66625 0.66625 0.66625 0.51423354 0.5125 0.5125 0.5125 0.5125 -0.067213805 -0.0675 -0.0675 -0.0675 -0.0675 -0.071250045 -0.07125 -0.07125 -0.07125 -0.26375133 -0.4375 -0.4375 -0.4375 -0.63875 -0.63875 -0.63875 -0.475 -0.475 -0.475
0.4375 0.4375 0.20875 0.20875 0.20875 0.35423128 0.355 0.56875 0.56875 0.56875 0.47251185 0.4725 0.46432875 0.78374993 0.78375 0.78375 0.78375 0.31625 0.31625 0.31625 0.455 0.45500004 0.51499971 0.515 0.5150131 0.51875 0.51875 0.51875035 0.66622616 0.36627915 0.36625078 0.36627553 0.51225004 0.51237379 0.035703946 -0.067500002 -0.067520945 -0.07375 -0.07375 -0.07125 -0.07125 -0.07125 -0.07125 -0.4375 -0.4375 -0.4375 -0.4375 -0.63875 -0.63875 -0.63875 -0.475 -0.475 -0.475
0.4375 0.4375 0.20875 0.20875 0.20875 0.20875 0.43500038 0.56875 0.56875 0.56875 0.56869131 0.4625 0.4625 0.4625 0.7818568 0.78375 0.3193653 0.31625 0.31625 0.31625 0.455 0.455 0.455 0.455 0.51875 0.51875 0.51875 0.51875 0.51875 0.36625 0.36625 0.36625 0.36625 0.36624875 -0.22875 -0.07375 -0.07375 -0.07375 -0.07375 -0.073751003 -0.39125 -0.39125 -0.39125 -0.4335533 -0.52125 -0.52125 -0.52125 -0.63875 -0.63875008 -0.7225 -0.7225 -0.28629592 -0.28625
0.4375 0.4375 0.29131269 0.20875 0.20875 0.20875 0.3765916 0.56814335 0.56875 0.56875 0.46249999 0.4625 0.4625 0.4625 0.4625 0.48881007 0.31625 0.31625 0.31625 0.31625 0.45499893 0.455 0.455 0.455 0.51875 0.51875 0.51875 0.51875 0.51875 0.042032872 0.36625 0.36625 0.36625 -0.22875 -0.22875 -0.22862964 -0.07375 -0.07375 -0.33192464 -0.53249996 -0.39125 -0.39125 -0.39125 -0.43328095 -0.52125 -0.52125 -0.52125 -0.6125 -0.72112941 -0.7225 -0.7225 -0.28625 -0.28625
0.38125 0.38125 0.38125 0.25200049 0.20885509 0.37625 0.37625 0.37625 0.37625 0.41 0.41 0.4625 0.4625 0.4625 0.4625 0.46249071 0.31625 0.31625 0.31625 0.31625 0.394454 0.455 0.455 0.45771518 0.55696884 0.51875 0.51875 0.51875 -0.0725 -0.0725 -0.0725 -0.072498158 -0.22875 -0.22875 -0.22875 -0.22875 -0.5325 -0.5325 -0.5325 -0.5325 -0.48375 -0.48375 -0.48375 -0.59624774 -0.59625 -0.59625 -0.59624998 -0.6125 -0.6125 -0.72236597 -0.7225 -0.28625085 -0.28625
0.38125 0.38125 0.38125 0.38124448 0.27875 0.2929281 0.37625 0.37625 0.37625 0.41 0.41 0.41 -0.17124997 -0.17125 -0.17125 -0.17124999 0.31537072 0.31625 0.31625 0.31625 0.31835961 0.55874972 0.55875 0.55875 0.55875 0.55874999 0.037500004 0.0375 -0.0725 -0.0725 -0.0725 -0.0725 -0.22874994 -0.22875 -0.22875 -0.22874297 -0.5325 -0.5325 -0.5325 -0.53234646 -0.48375 -0.48375 -0.48375 -0.59624478 -0.59625 -0.59625 -0.59625 -0.6125 -0.6125 -0.61249998 -0.455 -0.455 -0.185
0.38125 0.38125 0.38125 0.27875024 0.27875 0.27875 0.37624996 0.37625 0.37625 0.41 0.41 0.41 -0.17125 -0.17125 -0.17125 -0.1706788 -0.16375 -0.16375 -0.16374876 0.31353884 0.55875 0.55875 0.55875 0.55875 0.55875 0.55835773 0.0375 0.0375 0.0375 -0.0725 -0.0725 -0.072520114 -0.1425 -0.1425 -0.1425 -0.45 -0.45 -0.4975 -0.4975 -0.4975 -0.495 -0.48375353 -0.48375059 -0.5625 -0.5625 -0.56377909 -0.59624994 -0.6125 -0.6125 -0.455 -0.455 -0.455 -0.185
0.38125 0.38125 0.38125 0.27875 0.27875 0.27875 0.27875 0.37625 0.37625 0.41 0.41 -0.14800838 -0.17125 -0.17125 -0.17125 -0.16375 -0.16375 -0.16375 -0.16375 -0.16375 0.55875 0.55875 0.55875 0.55875 0.55875 0.037501778 0.0375 0.0375 0.0375 -0.10375 -0.10375 -0.10375 -0.1425 -0.1425 -0.1425 -0.45 -0.45 -0.4975 -0.4975 -0.495 -0.495 -0.495 -0.5625 -0.5625 -0.5625 -0.5625 -0.58159926 -0.795 -0.795 -0.795 -0.455 -0.23875 -0.23875
0.38125 0.38125 0.38110726 0.27875 0.27875 0.27875 0.27875 0.20734912 0.20375 0.2041041 0.40999998 -0.17125052 -0.17125 -0.17125 -0.17124997 -0.16375 -0.16375 -0.16375 -0.16375 -0.16375 -0.29120063 0.55875 0.55875 0.55875 0.55869439 0.037514136 0.0375 0.0375 0.0375 -0.10375 -0.10375 -0.10375 -0.10375541 -0.1425 -0.45 -0.45 -0.45 -0.45000195 -0.49749983 -0.495 -0.495 -0.495 -0.5624959 -0.5625 -0.5625 -0.5625 -0.79499792 -0.795 -0.795 -0.795 -0.23875 -0.23875 -0.23875
0.41625 0.41624994 0.27880876 0.27875 0.27875 0.27875 0.20376596 0.20375 0.20375 0.20375 -0.17749999 -0.1775 -0.1775 -0.1775 -0.16381346 -0.16375 -0.16375 -0.16375 -0.16375 -0.3274999 -0.3275 -0.3275 0.28875004 0.28875 0.28875 0.28875 0.26706389 0.0375 -0.081245136 -0.08125 -0.08125 -0.08125 -0.08125 -0.4475 -0.4475 -0.4475 -0.4475 -0.4475 -0.45875 -0.45875 -0.45875 -0.45875 -0.45875 -0.58995855 -0.59 -0.59 -0.59 -0.795 -0.795 -0.795 -0.23883763 -0.23875 -0.23875
0.41625 0.41625 0.41541271 0.31624992 0.31624999 0.31614031 0.20375 0.20375 0.20375 0.20375 -0.1775 -0.1775 -0.1775 -0.1775 -0.1775 -0.16375 -0.16375 -0.16375 -0.32749996 -0.3275 -0.3275 -0.3275 0.28875 0.28875 0.28875 0.28875 0.28875 0.28869647 -0.08109264 -0.081249998 -0.08125 -0.08125 -0.081186785 -0.28805892 -0.44733491 -0.4475 -0.4475 -0.4475 -0.45875 -0.45875 -0.45875 -0.45875 -0.45875 -0.59 -0.59 -0.59 -0.59 -0.68586201 -0.795 -0.16461254 -0.1575 -0.06125 -0.06125
0.41625 0.41625 0.31626267 0.31625 0.31625 0.31625 0.28767547 0.20375 0.20375 0.20375 -0.1775 -0.1775 -0.1775 -0.1775 -0.1775 -0.16376394 -0.16375 -0.32745199 -0.3275 -0.3275 -0.3275 -0.3275 0.060456194 0.28875 0.28875 0.28875 0.28875 0.28877664 0.32625 0.32625 0.32625 0.32625 0.32625 -0.16625 -0.16625 -0.16625 -0.16625 -0.16625 -0.5675 -0.5675 -0.5675 -0.5675 -0.5675 -0.58877001 -0.58999974 -0.59 -0.58991461 -0.57966309 -0.1575 -0.1575 -0.1575 -0.061250539 -0.06125
