interpolatedSpi/04-11|19_1.tif
NCOLS 53
NROWS 52
XLLCORNER -116.03883
YLLCORNER 28.596182
DX 0.49850594
DY 0.49788537
NODATA_VALUE -9999
[rows 0 to 26 of 52, columns 0 to 52 of 53]
0.15 0.15 0.080982905 -0.16777778 -0.07 -0.17888889 -0.098888889 -0.25444444 -0.40779511 -0.37111111 -0.29888889 -0.10888889 -0.42333352 -0.42555556 -0.48444444 -0.48444444 -0.48444444 -0.11888889 -0.14888889 -0.14888889 -0.14888889 -0.14889271 -0.54555555 -0.20666667 -0.20666667 -0.20666667 -0.46999784 -0.47 -0.47 -0.44777778 -0.44777778 -0.44777778 -0.44777778 -0.23000004 -0.23 -0.23 -0.23 -0.23 -0.23 -0.22999999 0.066803374 0.069923077 -0.23222222 -0.23222222 -0.23222222 -0.23222222 -0.23300986 -0.71444444 -0.71444444 -0.71444444 0.25110911 0.25111111 0.25111111
0.15000499 0.26222222 0.067778291 0.10270567 0.1431815 0.10777778 0.34777778 -0.22880277 -0.58333333 -0.43777778 -0.25 -0.42333333 -0.42333333 0.026266152 -0.4255506 -0.48444444 -0.11888889 -0.11888889 -0.14884977 -0.14888889 -0.14888889 -0.14888889 -0.21859774 -0.20666667 -0.20666667 -0.20666667 -0.18111111 -0.18111111 -0.44777778 -0.44777778 -0.44777778 -0.44777778 -0.44777778 -0.23000003 -0.23 -0.23 -0.23 -0.23 -0.22999995 -0.14294023 0.27554108 -0.17060736 -0.23222222 -0.23222222 -0.23222222 -0.23222222 -0.23222222 -0.71444444 -0.71444444 -0.71444444 -0.63437965 0.25111111 0.25111111
0.27888275 0.27888889 0.51222222 0.52555556 0.086666667 -0.035555556 0.075555556 0.13111111 -0.19 -0.25555556 -0.20444444 -0.30444444 -0.087777778 -0.38888889 0.027777778 -0.59333333 -0.11888889 -0.11888889 -0.11888889 -0.20109593 -0.20111111 -0.20111111 -0.43333333 -0.20666667 -0.20666667 -0.20666667 -0.18111111 -0.18111111 -0.18111111 -0.44777778 -0.44777778 -0.44777779 -0.52854601 -0.22909177 -0.22424981 0.38211679 0.38777778 0.38777778 0.37366318 0.27555556 0.27555556 0.27490624 -0.23222222 -0.23222222 -0.23222222 -0.23222222 -0.23222222 -0.71444444 -0.71444444 -0.71444444 -0.71444444 0.25111111 0.25111111
0.41666667 0.2788888 -0.1677868 0.36444444 -0.061111111 0.12222222 0.01 -0.35666667 -0.23222222 -0.15242689 -0.30222222 -0.54888889 -0.22444444 -0.38888889 -0.30222222 -0.59333333 -0.30996255 -0.30764543 -0.43333333 -0.20111111 -0.20111111 -0.42666667 -0.43333333 -0.43333333 -0.20666667 -0.20666654 -0.18111111 -0.18111111 -0.18111111 -0.61777778 -0.61655849 -0.61555556 -0.61555556 -0.61555477 0.38777778 0.38777778 0.38777778 0.38777778 0.27555556 0.27555556 0.27555556 0.27555554 -0.23222222 -0.23222222 -0.23222222 -0.23222222 -0.23222222 -0.71443836 -0.71444444 -0.71444444 -0.71444444 0.25108934 0.25111111
0.41666667 0.21888818 -0.16777778 -0.29514517 -0.061111111 -0.19 -0.25666215 -0.30555556 -0.30333333 -0.27777793 -0.3621671 -0.40221824 -0.37444444 -0.30222222 -0.30222222 -0.49251769 -0.30777778 -0.30777778 -0.43333333 -0.43333333 -0.20111157 -0.42666667 -0.38555556 -0.32444444 -0.20333333 -0.20329305 -0.18111111 -0.18111111 -0.61777778 -0.61777778 -0.61555556 -0.61555556 -0.61555556 -0.55605029 0.38777778 0.38777778 0.38777778 0.27555556 0.27555556 0.27555556 0.27555556 0.27552027 -0.23222222 -0.23222222 -0.23222222 -0.23222222 -0.23222222 -0.2365146 -0.71444444 -0.71443104 -0.41555556 -0.41555556 -0.41555556
-1.0777778 0.15333333 0.44777779 -0.15444444 0.11666667 0.0044444444 -0.27444444 -0.27842756 -0.43444444 -0.35333333 -0.48888889 -0.47777778 -0.47777771 -0.78 -0.78 -0.27771742 -0.27777778 -0.17888889 -0.17888889 -0.43333307 -0.47888889 -0.47888889 -0.32444444 -0.20333333 -0.20333333 -0.031111111 -0.66666667 -0.66666667 -0.38890962 -0.61777778 -0.61555556 -0.61555556 -0.3 -0.30002775 -0.56553652 -0.57 -0.57 0.013963642 0.27555556 0.27555556 -0.089544074 -0.089999999 -0.089999322 -0.06413169 -0.061130022 -0.061111157 -0.061111117 -0.061111173 0.056936066 -0.41555556 -0.41555556 -0.41555556 -0.41555556
-0.39000525 0.28444444 0.025360945 0.16333333 0.33111111 -0.30777778 -0.27555555 -0.33777778 -0.59555556 -0.59555556 -0.48888889 -0.38777778 -0.47111105 -0.78 -0.027780031 -0.027777778 -0.27777778 -0.091111111 -0.13888889 -0.13888889 -0.39982111 -0.31111111 -0.31111111 0.035555552 -0.031111111 -0.031111111 -0.66666667 -0.66666667 -0.38888649 -0.38884478 -0.21042553 -0.3 -0.3 -0.56555556 -0.56555556 -0.28255109 -0.57 -0.57 -0.55222284 -0.090000644 -0.09 -0.09 -0.08999544 -0.061108837 -0.061111111 -0.061111111 -0.061111111 -0.061110976 0.16444444 -0.41544062 -0.41555556 -0.41555556 -0.41555556
-0.39 -0.51222222 0.3 -0.28 0.022204896 -0.38111111 -0.50777778 -0.42777778 -0.70555556 -0.41888889 -0.41888889 -0.23555556 -0.47111111 -0.47111111 -0.030819456 -0.18867818 -0.20444444 -0.071111111 -0.30999982 -0.13888889 -0.12201121 -0.10333333 -0.13444444 -0.18666667 -0.1866668 -0.19666667 -0.22555556 -0.22555571 -0.34792184 -0.34777778 -0.21 -0.10832595 -0.34888889 -0.56555556 -0.54831608 -0.042222222 -0.042222222 -0.55222222 -0.55222222 -0.09 -0.09 -0.089999994 0.34589674 0.34666665 -0.061111111 -0.061111111 -0.061111111 0.16443586 0.16444444 0.16444444 -0.41555556 -0.41555556 -0.41555556
-0.49047633 -0.51222222 0.24 0.57222222 0.35666667 -0.27555556 -0.21111111 -0.053333333 -0.38555556 -0.17201948 -0.35111111 -0.26111111 -0.26111111 -0.15444444 -0.1544414 -0.42715533 -0.42777778 -0.42777778 -0.10757787 -0.081111162 -0.32333333 -0.32333333 4.317534e-17 -0.0814621 -0.19565893 -0.19666667 -0.11444444 -0.22555556 -0.19131127 -0.19111111 -0.041111111 0.12777778 0.10986829 0.072222222 0.038888889 -0.027777778 -0.16111111 -0.48333333 -0.0068867726 -0.088755103 0.18888889 0.28111111 0.34666486 0.34666667 0.34437147 -0.061111111 -3.2351974e-09 0.16444444 0.16444444 0.16444444 0.16444444 -0.34859822 -0.083333333
-0.36888889 -0.36888889 -0.061111111 0.26333333 -0.13777778 -0.47777778 -0.19111111 -0.20444444 -0.073333333 -0.11778107 -0.096666667 -0.16555556 -0.15444444 -0.15444444 0.16888889 0.16070534 -0.42777778 -0.42767669 -0.012222222 -0.081111111 -0.081111111 -0.11231745 4.2902099e-17 -0.28777233 -0.28777778 -0.28777778 -0.11444444 0.20666667 0.20666667 -0.19111111 -0.19111111 0.12771034 0.092222222 0.072222222 0.067777778 -0.027777778 -0.16111111 -0.33 -0.0066666667 0.57267813 0.28111111 0.3011107 0.33555556 0.34666667 0.34666667 -3.9856388e-17 -2.9042597e-84 2.711797e-18 0.16444444 0.16444444 0.12222222 0.12222222 0.12222215
-0.36888889 -0.36888889 -0.28 -0.65444444 -0.41777778 0.015555556 -0.23111111 -0.11470526 -0.30333333 -0.28 0.10555556 -0.22555556 -0.16563542 0.16888889 0.16888889 0.16890094 0.27333333 0.25834604 -0.012222222 0.11444444 0.11444444 0.21888889 0.21888889 -0.28777778 -0.28777778 -0.28777778 0.20666667 0.20666667 0.20666667 0.15555556 0.15555556 0.15555545 0.19111111 0.19111111 -0.09 0.036666667 0.21333333 -0.18555497 0.16444444 0.58222222 0.58222222 0.34888885 0.33555556 0.34666667 0.38555555 0.38777778 0.37061915 0.37222222 0.52888889 0.52888889 0.12222222 0.12222222 0.12222222
-0.36888889 -0.33061745 -0.4397888 -0.63332634 -0.23555556 -0.08 -0.23111111 -0.11444444 -0.30333176 -0.28025851 -0.22555563 -0.22555556 0.29666667 0.16888889 0.16888889 0.27333333 0.27333333 0.27331708 -0.012222222 0.11444444 0.13495521 0.21888889 0.21888889 -0.28775717 -0.28777778 -0.11501739 0.23777778 0.23777778 0.23777777 0.15555556 0.15555556 0.18777778 0.18777778 0.19111034 -0.09 0.37888863 0.16041669 -0.18555556 -0.18555556 0.58222221 0.34888889 0.34888889 0.34888915 0.38555556 0.38555556 0.38777778 0.37222222 0.37222222 0.52888889 0.52888889 0.12222222 0.12222222 0.12222222
-0.44111111 -0.1548899 -0.13890765 -0.14246601 -0.23555489 -0.080003673 -0.23111111 -0.11588055 -0.29031696 -0.30272404 0.29666667 0.29666667 0.29666667 0.29666667 0.16890699 0.27333333 0.27333333 0.26964636 -0.012222222 0.11453815 0.44111111 0.44111111 0.44111111 0.44111111 -0.27500548 0.23777778 0.23777778 0.23777778 0.23777778 0.23773965 0.18777778 0.18777778 0.18777778 0.18777778 0.37888889 0.37888889 0.37888889 -0.15825949 -0.18049011 0.48888889 0.48888889 0.34889642 0.32111332 0.38554935 0.38555556 0.38777778 0.37222222 0.37222222 0.52888889 0.52888889 0.12369757 0.12222222 -0.12620527
-0.44111111 -0.13888889 -0.13888889 -0.13888889 -0.13888889 -0.13888887 -0.2307243 -0.17593329 -0.25559048 0.29602111 0.29666667 0.29666667 0.29666667 0.29666667 0.29666676 0.27333333 0.27333329 0.25374617 -0.012216777 0.44111111 0.44111111 0.44111111 0.44111111 0.44111111 0.44480916 0.29439625 0.27333333 0.27333333 0.27333333 0.27333333 0.18777779 0.18777778 0.18777827 0.59555556 0.59555556 0.37888889 0.63597959 0.64333333 0.48888898 0.48888889 0.48888889 0.48888889 0.32111111 0.32111111 0.32111111 0.32157505 0.14592968 0.14444444 0.14444444 0.14444444 0.14444445 0.66777767 0.66777778
0.0099999994 -0.13888889 -0.13888889 -0.13888889 -0.13888889 -0.13888889 -0.13888889 -0.16129444 0.42847058 0.43222222 0.43222222 0.43222222 0.43222222 0.43222222 0.43222222 0.4681268 0.27641131 0.2342313 0.44105421 0.44111111 0.44111111 0.44111111 0.44111111 0.44111152 0.61222222 0.61222222 0.61222175 0.27333333 0.27333333 0.27420773 0.71 0.71 0.59555556 0.59555556 0.59555556 0.63567988 0.64333333 0.64333333 0.64333333 0.48888889 0.48888889 0.48888889 0.32111111 0.32111111 0.32111111 0.32111111 0.14444445 0.14444444 0.14444444 0.14444444 0.14444444 0.66777778 0.66777778
0.01 -0.045429642 -0.13888889 -0.13888889 -0.13888889 -0.13888889 -0.054461018 -0.054444444 -0.054444432 0.43222222 0.43222222 0.43222222 0.43222222 0.43222222 0.44031115 0.46888889 0.46888889 0.46888889 0.78782944 0.78888853 0.78888889 0.78888889 0.78888889 0.78888889 0.61222222 0.61222222 0.61222222 0.61222222 0.27333333 0.71 0.71 0.71 0.59555557 0.59555556 0.59555556 0.70777778 0.64341866 0.64333333 0.64333333 0.48890293 0.51681149 0.58194327 0.32111111 0.32111111 0.51717085 0.51777778 0.51777778 0.14486766 0.40021418 0.40111109 0.40111106 0.47336275 0.66777738
0.01 -0.19544118 -0.1703762 -0.13888889 -0.13888889 -0.054494338 -0.054444444 -0.054444444 -0.054444444 -0.050937385 0.43222222 0.43222222 0.43222222 0.43222223 0.46888889 0.46888889 0.46888889 0.46888889 0.78860304 0.78888889 0.78888889 0.78888889 0.78888889 0.78888889 0.61222223 0.61222222 0.61222222 0.61222222 0.61257788 0.71 0.71 0.71 0.96777777 0.59557596 0.70777778 0.70777778 0.70777778 0.70925087 0.58609917 0.58222222 0.58222222 0.58222222 0.62888889 0.62888889 0.51777778 0.51777778 0.51777778 0.40111111 0.40111111 0.40111111 0.40111111 0.47333333 0.47333333
-0.2009298 -0.20111111 -0.20111111 -0.20111111 -0.11666667 -0.05444605 -0.054444444 -0.054444444 -0.054444444 -0.054444444 0.41077138 0.43221853 0.43222221 0.46888889 0.46888889 0.46888889 0.46888889 0.46888889 0.50477716 0.78888889 0.78888889 0.78888889 0.78888889 0.78888889 0.81338341 0.98777574 0.98777778 0.98777778 0.98777778 0.71000001 0.96777777 0.96777778 0.96777778 0.96777778 0.70777778 0.70778132 0.84222222 0.84222222 0.58546871 0.58222222 0.58222222 0.58222222 0.62888889 0.62888889 0.5349816 0.51777778 0.51777778 0.40111111 0.40111111 0.40111111 0.40188552 0.47333333 0.47333333
-0.20111111 -0.20111111 -0.20111111 -0.16134496 -0.11666667 -0.11666667 -0.054444444 -0.054444444 -0.054444444 -0.054444444 0.14888889 0.14888889 0.14888889 0.46888889 0.46888889 0.46888889 0.46888889 0.46888926 0.64 0.64 0.78888883 0.78888889 0.79121526 0.88444444 0.88537471 0.98777778 0.98777778 0.98777778 0.98777778 0.96777981 0.96777778 0.96777778 0.96777778 0.96777778 0.84222175 0.84222222 0.84222222 0.84222222 0.84132362 0.58222222 0.58222222 0.58222222 0.62888889 0.62888889 0.62888889 0.51777778 0.51777778 0.40111112 0.40111111 0.40111111 0.47333333 0.47333333 0.47333333
-0.20111111 -0.20111111 -0.20111111 -0.11666667 -0.11666667 -0.11666667 -0.11666657 -0.054444444 -0.054444444 0.14867899 0.14888889 0.14888889 0.14888889 0.14908826 0.47068761 0.47111111 0.47111111 0.47111111 0.64 0.64 0.64 0.88444444 0.88444444 0.88444444 0.88445098 0.94581583 0.98777778 0.98777778 0.98777778 1.0125125 1.0222169 1.0222222 1.0222222 1.0222222 0.95687803 1.1177772 1.1177778 1.1177778 1.1177778 0.88107021 0.88111111 0.88111111 0.62888889 0.62888889 0.8366658 0.83666664 0.75333333 0.75333333 0.71 0.71 0.71 0.47333333 0.65428251
-0.20111055 -0.20111111 -0.20111111 -0.11666667 -0.11666667 -0.11666667 -0.11666667 -0.075555549 -0.054528855 0.14876093 0.14888889 0.14888889 0.14888889 0.14952118 0.47111111 0.47111111 0.47111111 0.47111116 0.64 0.64 0.64 0.88444444 0.88444444 0.88444444 0.90777778 0.90777778 0.98888889 0.98888889 0.98888889 0.98907073 1.0222222 1.0222222 1.0222222 1.0222222 1.0699737 1.1177778 1.1177778 1.1177778 1.1177778 0.88111111 0.88111111 0.88111111 0.87971272 0.83666667 0.83666667 0.83666667 0.75333333 0.75333333 0.71 0.71 0.71 0.65444445 0.65444444
-0.018888889 -0.097780748 0.035555556 0.035511393 -0.11666667 -0.075793423 -0.075555556 -0.075555556 -0.01604038 0.0077777796 0.0077777778 0.0077777778 0.0077777778 0.27776899 0.27777778 0.47111096 0.47111111 0.47556109 0.64 0.64 0.64 0.69111111 0.69111111 0.69111111 0.90777778 0.90777778 0.98888889 0.98888889 0.98888889 0.98888894 1.0533331 1.0533332 1.0230042 1.0222556 1.0255525 1.0255556 1.0255556 1.0255556 1.0255556 0.88111111 0.88111111 0.88111111 0.83911382 0.83666667 0.83666667 0.8366666 0.75333333 0.75333333 0.75333177 0.71 0.70999871 0.68111111 0.65444444
0.12441723 0.12444443 0.035555556 0.035555556 0.035555556 -0.075555556 -0.075555556 -0.075555556 0.087777778 0.087777778 0.0077777778 0.0077777778 0.0077777778 0.27777778 0.27777778 0.27777778 0.27777778 0.27781871 0.64 0.64 0.64 0.69111111 0.69111111 0.69111111 0.90777778 0.90777778 0.98888889 0.98888889 0.98888889 1.0526067 1.0533333 1.0533333 1.0533333 1.0533333 1.0255693 1.0255556 1.0255556 1.0255556 1.0255556 0.73777782 0.73777778 0.73777778 0.73777778 0.83666362 0.44 0.44 0.44 0.52111111 0.52111111 0.52111111 0.68111111 0.68111111 0.68111111
0.12444444 0.12444444 0.035555556 0.035555556 0.035555556 -0.074971536 -0.075555556 0.087777778 0.087777778 0.087777778 0.0077876258 0.0077777778 0.060436927 0.27777773 0.27777778 0.27777778 0.27777778 0.16222222 0.16222222 0.16222222 0.38000001 0.38000023 0.6911096 0.69111111 0.69120159 0.74111111 0.74111111 0.7411117 0.98884885 0.98334728 0.98333371 0.98334555 1.0532137 1.0532729 1.0304566 1.0255553 1.0237422 0.48444444 0.48444444 0.73777778 0.73777778 0.73777778 0.73777778 0.44 0.44 0.44 0.44 0.52111111 0.52111111 0.52111111 0.68111111 0.68111111 0.68111111
0.12444444 0.12444444 0.035555556 0.035555556 0.035555556 0.035555555 -0.01442466 0.087777778 0.087777778 0.087777778 0.087769185 0.072222222 0.072222222 0.072222222 0.27656639 0.27777778 0.16299226 0.16222222 0.16222222 0.16222222 0.38 0.38 0.38 0.38 0.74111111 0.74111111 0.74111111 0.74111111 0.74111111 0.98333333 0.98333333 0.98333333 0.98333333 0.98333298 0.81444444 0.48444444 0.48444444 0.48444444 0.48444444 0.48444409 0.33222222 0.33222222 0.33222222 0.33149978 0.33 0.33 0.33 0.52111111 0.52111096 0.36444444 0.36444444 0.55669694 0.55666667
0.12444444 0.12444444 0.067638203 0.035555556 0.035555556 0.035555561 0.2741132 0.088366048 0.087777778 0.087777778 0.072222254 0.072222222 0.072222222 0.072222222 0.072222222 0.089084337 0.16222222 0.16222222 0.16222222 0.16222222 0.37999832 0.38 0.38 0.38 0.74111111 0.74111111 0.74111111 0.74111111 0.74111111 0.61549725 0.98333333 0.98333333 0.98333333 0.81444444 0.81444444 0.81418819 0.48444444 0.48444444 0.50195311 0.51555555 0.33222222 0.33222222 0.33222222 0.33164156 0.33 0.33 0.33 0.25666667 0.36310154 0.36444444 0.36444444 0.55666667 0.55666667
0.28777778 0.28777778 0.28777778 0.0987946 0.036249292 0.27444444 0.27444444 0.27444444 0.27444444 0.22333333 0.22333333 0.072222233 0.072222222 0.072222222 0.072222222 0.072227921 0.16222222 0.16222222 0.16222222 0.16222222 0.28496884 0.38 0.38 0.37715033 0.29203968 0.74111111 0.74111111 0.74111111 0.48555556 0.48555556 0.48555556 0.48555765 0.81444444 0.81444444 0.81444444 0.81444444 0.51555556 0.51555556 0.51555556 0.51555556 0.26666667 0.26666667 0.26666667 0.36777574 0.36777778 0.36777778 0.36777777 0.25666667 0.25666667 0.36431312 0.36444444 0.55666605 0.55666667
