interpolatedSpi/04-11|20_1.tif
NCOLS 53
NROWS 52
XLLCORNER -116.03883
YLLCORNER 28.596182
DX 0.49850594
DY 0.49788537
NODATA_VALUE -9999
[rows 0 to 34 of 52, columns 0 to 52 of 53]
-0.10625 -0.10625 -0.13014209 -0.5375 -0.05875 0.14625 0.36375 0.37375 -0.030337639 -0.15 -0.18375 0.165 0.056260293 0.18125 -0.05 -0.05 -0.05 0.105 0.33125 0.33125 0.33125 0.33124706 0.026250002 0.21875 0.21875 0.21875 0.64749826 0.6475 0.6475 0.30375 0.30375 0.30375 0.30375 0.10750004 0.1075 0.1075 0.1075 0.1075 0.1075 0.10750004 1.4542437 1.468532 0.61375 0.61375 0.61375 0.61375 0.61336821 0.38 0.38 0.38 0.75499922 0.755 0.755
-0.10626022 -0.33625 -0.11249952 -0.052757262 0.073590896 0.19625 0.27875 0.15643421 -0.205 -0.0075 0.12125 0.05625 0.05625 0.3257665 0.18124971 -0.05 0.105 0.105 0.330955 0.33125 0.33125 0.33125 0.19815574 0.21875 0.21875 0.21875 -0.028749983 -0.02875 0.30375 0.30375 0.30375 0.30375 0.30375 0.10750003 0.1075 0.1075 0.1075 0.1075 0.10750005 0.17748652 0.4974997 0.59964412 0.61375 0.61375 0.61375 0.61375 0.61375 0.38 0.38 0.38 0.41109536 0.755 0.755
0.32872987 0.32875 0.3075 0.5625 0.2075 0.07875 0.21625 -0.0425 0.06125 0.12625 0.24625 -0.135 -0.2575 0.145 0.32625 0.56125 0.105 0.105 0.105 0.28876235 0.28875 0.28875 -0.1725 0.21875 0.21875 0.21875 -0.02875 -0.02875 -0.02875 0.30375 0.30375 0.30374996 -0.084980554 0.10828365 0.11356175 0.75278229 0.75875 0.75875 0.72589164 0.4975 0.4975 0.49764866 0.61375 0.61375 0.61375 0.61375 0.61375 0.38 0.38 0.38 0.38 0.755 0.755
0.3875 0.32874999 0.28623487 0.4675 0.1 0.1925 0.5 -0.1925 0.195 0.22010503 0.35625 0.24625 0.02125 0.145 0.3 0.56125 -0.16068393 -0.16605995 -0.0825 0.28875 0.28875 -0.25 -0.1725 -0.1725 0.21875 0.21874876 -0.02875 -0.02875 -0.02875 -0.5175 -0.50995568 -0.50375 -0.50375 -0.50374901 0.75875 0.75875 0.75875 0.75875 0.4975 0.4975 0.4975 0.4975 0.61375 0.61375 0.61375 0.61375 0.61375 0.38000295 0.38 0.38 0.38 0.7549488 0.755
0.3875 0.13625028 0.28625 0.37161988 0.1 0.30625 0.12501452 0.09125 -0.11625 0.17124998 0.14501006 0.13128187 0.35375 0.3 0.3 0.46337192 -0.16625 -0.16625 -0.0825 -0.0825 0.28874889 -0.25 -0.6675 -0.1325 -0.13375 -0.13377424 -0.02875 -0.02875 -0.5175 -0.5175 -0.50375 -0.50375 -0.50375 -0.44859235 0.75875 0.75875 0.75875 0.4975 0.4975 0.4975 0.4975 0.49745572 0.61374999 0.61375 0.61375 0.61375 0.61375 0.61166934 0.38 0.37994653 -0.8125 -0.8125 -0.8125
-0.7525 0.02375 0.40749999 0.4325 0.34375 0.33375 0.2275 0.2100561 0.23625 -0.0325 0.23375 -0.2175 -0.21749962 0.28 0.28 -0.082474649 -0.0825 -0.12375 -0.12375 -0.082500104 -0.61875 -0.61875 -0.1325 -0.13375 -0.13375 -0.2375 -0.51125 -0.51125 -0.27752171 -0.5175 -0.50375 -0.50375 -0.21125 -0.21125731 -0.28124506 -0.50875 -0.50875 0.18619359 0.4975 0.4975 0.03932216 0.038750001 0.038750567 -0.36122966 -0.37864031 -0.37874974 -0.37874997 -0.37874963 -0.69812361 -0.8125 -0.8125 -0.8125 -0.8125
-0.3337499 -0.11125 -0.44161551 0.07625 0.4025 -0.08625 0.040000003 0.24625 0.00375 0.00375 0.23375 -0.0625 0.14374993 0.28 0.022500771 0.0225 -0.0825 -0.10625 -0.2 -0.2 -0.64113508 -0.66625 -0.66625 -0.48875 -0.2375 -0.2375 -0.51125 -0.51125 -0.27749658 -0.27743697 -0.10784372 -0.21125 -0.21125 -0.28125 -0.28125 -0.66465321 -0.50875 -0.50875 -0.73624211 0.038748921 0.03875 0.03875 0.03875218 -0.37874988 -0.37875 -0.37875 -0.37875 -0.3787502 -0.71625 -0.81248093 -0.8125 -0.8125 -0.8125
-0.33375 -0.4275 -0.21875 -0.695 -0.81249326 -0.345 0.0825 -0.34249999 -0.17125 0.0375 0.0375 -0.13125 0.14375 0.14375 0.023331887 -0.10955976 -0.1225 -0.09375 -0.35499984 -0.2 -0.78807678 -0.77375 -0.745 -0.5975 -0.59750061 -0.645 -0.79 -0.7899999 -0.21895587 -0.21875 -0.1075 -0.20472708 -0.20375 -0.28125 -0.28567079 -0.795 -0.795 -0.73625 -0.73625 0.03875 0.03875 0.038750005 -0.35630443 -0.3575 -0.37875 -0.37875 -0.37875 -0.71623715 -0.71625 -0.71625 -0.8125 -0.8125 -0.8125
-0.4667564 -0.4275 -0.305 -0.445 -0.19625 -0.27375 -0.095 0.315 0.325 0.34991993 0.28375 0.078749999 0.07875 -0.0625 -0.062498731 -0.20227703 -0.2025 -0.2025 -0.13363021 -0.74750004 -0.9425 -0.9425 -0.6325 -0.7006656 -0.64021325 -0.645 -0.69125 -0.79 -0.62844429 -0.6275 -0.205 -0.0375 -0.16530237 -0.565 -0.43625 -0.52625 -0.5675 -0.755 -0.65379675 0.039826885 0.28 -0.22125 -0.35746174 -0.3575 -0.35761961 -0.37875 -0.67124998 -0.71625 -0.71625 -0.71625 -0.71625 -0.80238377 -0.275
-0.68625 -0.68625 -0.47875 -0.36375 -0.2825 0.0225 0.12375 0.2025 0.395 0.35626822 0.15125 0.30375 -0.0625 -0.0625 0.0725 0.068728251 -0.2025 -0.20246463 -0.03625 -0.7475 -0.7475 -0.77262254 -0.6325 -0.72624822 -0.72625 -0.72625 -0.69125 -0.4175 -0.4175 -0.6275 -0.6275 -0.037981266 -0.29125 -0.565 -0.27 -0.52625 -0.5675 -0.7125 -0.65375 -0.0044466012 -0.22124998 -0.18497524 -0.1225 -0.3575 -0.3575 -0.67125 -0.67125 -0.67125 -0.71625 -0.71625 -0.73125 -0.73125 -0.73124983
-0.68625 -0.68625 -0.58125 -0.4625 -0.6175 -0.08 -0.23249999 0.31736238 0.23625 0.12125 0.19 -0.155 0.30313873 0.0725 0.0725 0.072474909 -0.145 -0.13929229 -0.03625 -0.36375 -0.36375 -0.49 -0.49 -0.72625 -0.72625 -0.72625 -0.4175 -0.4175 -0.4175 -0.86875 -0.86875 -0.86874905 -0.5175 -0.5175 -0.46625 -0.5775 -0.47 -0.43124845 -0.70375 0.00625 0.00625 0.039999466 -0.1225 -0.3575 -0.43250008 -0.55625 -0.54803296 -0.5475 -0.68 -0.68 -0.73125 -0.73125 -0.73125
-0.68625 -0.64086871 -0.53057514 -0.57874551 -0.2225 -0.5725 -0.2325 0.3175 0.23625068 0.12252406 -0.15499964 -0.155 0.07625 0.0725 0.0725 -0.14499999 -0.145 -0.14499381 -0.03625 -0.36375 -0.38854293 -0.49 -0.49 -0.72624024 -0.72625 -0.73775518 -0.76125 -0.76125 -0.76124996 -0.86875 -0.86875 -0.62125 -0.62125 -0.51749986 -0.46625 -0.40125014 -0.43452166 -0.43125 -0.43125 0.0062500011 0.04 0.04 0.039996557 -0.4325 -0.4325 -0.55625 -0.5475 -0.5475 -0.68 -0.68 -0.73125 -0.73125 -0.73125
-0.085 0.14094835 0.2012251 0.19560195 -0.22250187 -0.57249174 -0.23250001 0.31072982 0.24184896 0.23324704 0.07625 0.07625 0.07625 0.07625 0.072500531 -0.145 -0.145 -0.14359586 -0.03625 -0.3637078 -0.225 -0.225 -0.225 -0.225 -0.71780199 -0.76125 -0.76125 -0.76125 -0.76125 -0.76128297 -0.62125 -0.62125 -0.62125 -0.62125 -0.40125 -0.40125 -0.40125 -0.42959059 -0.42893112 -0.1225 -0.1225 0.039991259 -0.22375715 -0.43247989 -0.4325 -0.55625 -0.5475 -0.5475 -0.68 -0.68 -0.73106407 -0.73125 -0.32905202
-0.085 0.20125 0.20125 0.20125 0.20125 0.20124968 -0.23337027 0.027728987 0.25678642 0.076419415 0.07625 0.07625 0.07625 0.07625 0.076249863 -0.145 -0.14499998 -0.13754049 -0.036252128 -0.225 -0.225 -0.225 -0.225 -0.225 -0.2283257 -0.66162458 -0.65375002 -0.65375 -0.65375 -0.65375 -0.62125 -0.62125 -0.62125017 -0.765 -0.765 -0.40125 -0.20073546 -0.195 -0.12250004 -0.1225 -0.1225 -0.1225 -0.22375 -0.22375 -0.22375 -0.2260639 -0.3935103 -0.3925 -0.3925 -0.3925 -0.39250001 0.32124978 0.32125
-0.07625 0.20125 0.20125 0.20125 0.20125 0.20125 0.20124997 -0.20448729 -0.11063238 -0.1125 -0.1125 -0.1125 -0.1125 -0.1125 -0.1125 -0.21415179 -0.14612103 -0.13010851 -0.2249763 -0.225 -0.225 -0.225 -0.225 -0.22500011 -0.37875 -0.37875 -0.37875039 -0.65375 -0.65375 -0.65350971 -0.53375 -0.53375 -0.765 -0.765 -0.765 -0.28630775 -0.195 -0.195 -0.195 -0.1225 -0.1225 -0.1225 -0.22375 -0.22375 -0.22375 -0.22375 -0.3925 -0.3925 -0.3925 -0.3925 -0.3925 0.32125 0.32125
-0.07625 0.027060097 0.20125 0.20125 0.20125 0.20125 -0.45737071 -0.4575 -0.45749999 -0.1125 -0.1125 -0.1125 -0.1125 -0.1125 -0.13538798 -0.21625 -0.21625 -0.21625 -0.32344915 -0.3237499 -0.32375 -0.32375 -0.32375 -0.32375 -0.37875 -0.37875 -0.37875 -0.37875 -0.65375 -0.53375 -0.53375 -0.53375 -0.76499998 -0.765 -0.765 -0.09125 -0.19486263 -0.195 -0.195 -0.12249834 -0.11913433 -0.11128362 -0.22375 -0.22375 -0.21751929 -0.2175 -0.2175 -0.39201694 -0.099776523 -0.098750026 -0.098750056 0.030044052 0.32124941
-0.07625 -0.062869234 0.067780358 0.20125 0.20125 -0.45711078 -0.4575 -0.4575 -0.4575 -0.45501383 -0.1125 -0.1125 -0.1125 -0.11250001 -0.21625 -0.21625 -0.21625 -0.21625 -0.32365397 -0.32375 -0.32375 -0.32375 -0.32375 -0.32375 -0.37875 -0.37875 -0.37875 -0.37875 -0.37931379 -0.53375 -0.53375 -0.53375 -0.26125001 -0.76491931 -0.09125 -0.09125 -0.09125 -0.091834833 -0.11655289 -0.11125 -0.11125 -0.11125 -0.2075 -0.2075 -0.2175 -0.2175 -0.2175 -0.098750001 -0.09875 -0.09875 -0.09875 0.03 0.03
-0.0624663 -0.0625 -0.0625 -0.062500003 -0.38875 -0.45749823 -0.4575 -0.4575 -0.4575 -0.4575 -0.11467674 -0.11250037 -0.1125 -0.21625 -0.21625 -0.21625 -0.21625 -0.21625 -0.26010828 -0.32375 -0.32375 -0.32375 -0.32375 -0.32375 -0.32929411 -0.29625045 -0.29625 -0.29625 -0.29625 -0.53374999 -0.26125 -0.26125 -0.26125 -0.26125 -0.09125 -0.091251383 -0.14375 -0.14375 -0.11165581 -0.11125 -0.11125 -0.11125 -0.2075 -0.2075 -0.21595166 -0.2175 -0.2175 -0.09875 -0.09875 -0.09875 -0.097369465 0.03 0.03
-0.0625 -0.0625 -0.0625 -0.21613599 -0.38875 -0.38875 -0.4575 -0.4575 -0.4575 -0.4575 -0.14125 -0.14125 -0.14125 -0.21625 -0.21625 -0.21625 -0.21625 -0.21631652 -0.7775 -0.7775 -0.32375018 -0.32375 -0.33041466 -0.5975 -0.59478798 -0.29625 -0.29625 -0.29625 -0.29625 -0.26125356 -0.26125 -0.26125 -0.26125 -0.26125 -0.14374982 -0.14375 -0.14375 -0.14375 -0.1436367 -0.11125 -0.11125 -0.11125 -0.2075 -0.2075 -0.2075 -0.2175 -0.2175 -0.09875 -0.09875 -0.09875 0.03 0.03 0.03
-0.0625 -0.0625 -0.0625 -0.38875 -0.38875 -0.38875 -0.38875011 -0.4575 -0.4575 -0.14157646 -0.14125 -0.14125 -0.14125 -0.14129673 -0.54204252 -0.61875 -0.61875 -0.61875 -0.7775 -0.7775 -0.7775 -0.5975 -0.5975 -0.5975 -0.59747829 -0.41361231 -0.29625 -0.29625 -0.29625 -0.16653081 -0.14376156 -0.14375 -0.14375 -0.14375 -0.15101651 -0.16124996 -0.16125 -0.16125 -0.16125 -0.25498033 -0.255 -0.255 -0.2075 -0.2075 0.0024991233 0.0025000004 0.00375 0.00375 0.02625 0.02625 0.02625 0.03 0.24980329
-0.062499763 -0.0625 -0.062500012 -0.38875 -0.38875 -0.38875 -0.38875 -0.4425 -0.45744002 -0.14134635 -0.14125 -0.14125 -0.14125 -0.14218699 -0.61875 -0.61875 -0.61875 -0.61875005 -0.7775 -0.7775 -0.7775 -0.5975 -0.5975 -0.5975 -0.52 -0.52 -0.4875 -0.4875 -0.4875 -0.48562474 -0.14375 -0.14375 -0.14375 -0.14375 -0.15249525 -0.16125 -0.16125 -0.16125 -0.16125 -0.255 -0.255 -0.255 -0.24689806 0.0025 0.0025 0.0025 0.00375 0.00375 0.02625 0.02625 0.02625 0.24999999 0.25
0.01375 -0.031117333 -0.27875 -0.27878191 -0.38875 -0.442189 -0.4425 -0.4425 -0.41744897 -0.2475 -0.2475 -0.2475 -0.2475 -0.72748437 -0.7275 -0.61875008 -0.61875 -0.62293283 -0.7775 -0.7775 -0.7775 -0.76625 -0.76625 -0.76625 -0.52 -0.52 -0.4875 -0.4875 -0.4875 -0.4874998 -0.20749959 -0.20749982 -0.14535226 -0.14381834 -0.47961442 -0.48 -0.48 -0.48 -0.48 -0.255 -0.255 -0.255 -0.011678955 0.0025 0.0025 0.0024999571 0.00375 0.00375 0.0037508099 0.02625 0.026256707 0.17625 0.25
-0.2936916 -0.29375 -0.27875 -0.27875 -0.27875 -0.4425 -0.4425 -0.4425 -0.37375 -0.37375 -0.2475 -0.2475 -0.2475 -0.7275 -0.7275 -0.7275 -0.7275 -0.72750513 -0.7775 -0.7775 -0.7775 -0.76625 -0.76625 -0.76625 -0.52 -0.52 -0.4875 -0.4875 -0.4875 -0.21065702 -0.2075 -0.2075 -0.2075 -0.2075 -0.47986554 -0.48 -0.48 -0.48 -0.48 -0.55374992 -0.55375 -0.55375 -0.55375 0.0024981491 -0.23875 -0.23875 -0.23875 -0.0375 -0.0375 -0.0375 0.17625 0.17625 0.17625
-0.29375 -0.29375 -0.27875 -0.27875 -0.27875 -0.4416393 -0.4425 -0.37375 -0.37375 -0.37375 -0.24751554 -0.2475 -0.71734672 -0.72750002 -0.7275 -0.7275 -0.7275 -1 -1 -1 -0.91125 -0.91124989 -0.76625071 -0.76625 -0.76624088 -0.8675 -0.8675 -0.86749909 -0.48756141 -0.33247509 -0.33249933 -0.33247818 -0.20771364 -0.20760787 -0.43154842 -0.48000004 -0.48033093 -0.57875 -0.57875 -0.55375 -0.55375 -0.55375 -0.55375 -0.23875 -0.23875 -0.23875 -0.23875 -0.0375 -0.0375 -0.0375 0.17625 0.17625 0.17625
-0.29375 -0.29375 -0.27875 -0.27875 -0.27875 -0.27875 -0.41676888 -0.37375 -0.37375 -0.37375 -0.37399788 -0.8225 -0.8225 -0.8225 -0.72805986 -0.7275 -0.99818413 -1 -1 -1 -0.91125 -0.91125 -0.91125 -0.91125 -0.8675 -0.8675 -0.8675 -0.8675 -0.8675 -0.3325 -0.3325 -0.3325 -0.3325 -0.33250047 -0.555 -0.57875 -0.57875 -0.57875 -0.57875 -0.57875022 -0.65375 -0.65375 -0.65375 -0.55124394 -0.33875 -0.33875 -0.33875 -0.037500009 -0.037499975 -0.01125 -0.01125 -0.037448 -0.0375
-0.29375 -0.29375 -0.28416395 -0.27875 -0.27875 -0.27875002 -1.0799945 -0.37597965 -0.37375 -0.37375 -0.82250004 -0.8225 -0.8225 -0.8225 -0.8225 -0.81473956 -1 -1 -1 -1 -0.91125069 -0.91125 -0.91125 -0.91125 -0.8675 -0.8675 -0.8675 -0.8675 -0.8675 -0.6835043 -0.3325 -0.3325 -0.3325 -0.555 -0.555 -0.55501844 -0.57875 -0.57875 -0.50699574 -0.45125001 -0.65375 -0.65375 -0.65375 -0.55203197 -0.33875 -0.33875 -0.33875 -0.17125 -0.013243584 -0.01125 -0.01125 -0.0375 -0.0375
-0.84625 -0.84625 -0.84625 -0.42103785 -0.27994413 -1.08125 -1.08125 -1.08125 -1.08125 -1.02375 -1.02375 -0.82250001 -0.8225 -0.8225 -0.8225 -0.82251126 -1 -1 -1 -1 -0.94997762 -0.91125 -0.91125 -0.90696459 -0.75284347 -0.8675 -0.8675 -0.8675 -0.8075 -0.8075 -0.8075 -0.80749801 -0.555 -0.555 -0.555 -0.555 -0.45125 -0.45125 -0.45125 -0.45125 -0.57 -0.57 -0.57 -0.19250759 -0.1925 -0.1925 -0.19250005 -0.17125 -0.17125 -0.011444951 -0.01125 -0.037500718 -0.0375
-0.84625 -0.84625 -0.84625 -0.84626319 -1.09125 -1.0897958 -1.08125 -1.08125 -1.08125 -1.02375 -1.02375 -1.02375 -1.0075 -1.0075 -1.0075 -1.0075 -0.9998649 -1 -1 -1 -0.99864529 -0.74750045 -0.7475 -0.7475 -0.7475 -0.7475 -0.76875 -0.76875 -0.8075 -0.8075 -0.8075 -0.8075 -0.5550001 -0.555 -0.555 -0.55501171 -0.45125 -0.45125 -0.45125 -0.45078938 -0.57 -0.57 -0.57 -0.19251751 -0.1925 -0.1925 -0.1925 -0.17125 -0.17125 -0.17125 -0.18 -0.18 -0.06125
-0.84625 -0.84625 -0.84625 -1.0912494 -1.09125 -1.09125 -1.08125 -1.08125 -1.08125 -1.02375 -1.02375 -1.02375 -1.0075 -1.0075 -1.0075 -1.001312 -0.92625 -0.92625 -0.92625019 -0.99958344 -0.7475 -0.7475 -0.7475 -0.7475 -0.7475 -0.74751599 -0.76875 -0.76875 -0.76875 -0.8075 -0.8075 -0.80745012 -0.69875 -0.69875 -0.69875 -0.39875 -0.39875 -0.34625 -0.34625 -0.34625 -0.17375 -0.56987571 -0.56999658 -0.11125 -0.11125 -0.11432928 -0.19249975 -0.17125 -0.17125 -0.18 -0.18 -0.18 -0.06125
-0.84625 -0.84625 -0.84625 -1.09125 -1.09125 -1.09125 -1.09125 -1.08125 -1.08125 -1.02375 -1.02375 -1.0081498 -1.0075 -1.0075 -1.0075 -0.92625 -0.92625 -0.92625 -0.92625 -0.92625 -0.7475 -0.7475 -0.7475 -0.7475 -0.7475 -0.76874993 -0.76875 -0.76875 -0.76875 -0.73 -0.73 -0.73 -0.69875 -0.69875 -0.69875 -0.39875 -0.39875 -0.34625 -0.34625 -0.17375 -0.17375 -0.17375 -0.11125 -0.11125 -0.11125 -0.11125 -0.093485639 0.105 0.105 0.105 -0.18 0.06375 0.06375
-0.84625 -0.84625 -0.84659117 -1.09125 -1.09125 -1.09125 -1.09125 -1.0864899 -1.08625 -1.0861427 -1.02375 -1.0074929 -1.0075 -1.0075 -1.0074997 -0.92625 -0.92625 -0.92625 -0.92625 -0.92625 -0.49697746 -0.7475 -0.7475 -0.7475 -0.74748944 -0.76874592 -0.76875 -0.76875 -0.76875 -0.73 -0.73 -0.73 -0.72999358 -0.69875 -0.39875 -0.39875 -0.39875 -0.39874773 -0.34623824 -0.17375 -0.17375 -0.17375 -0.11125379 -0.11125 -0.11125 -0.11125 0.10500004 0.105 0.105 0.105 0.06375 0.06375 0.06375
-0.79 -0.7900001 -1.0911105 -1.09125 -1.09125 -1.09125 -1.0862511 -1.08625 -1.08625 -1.08625 -0.9225 -0.9225 -0.9225 -0.9225 -0.92623271 -0.92625 -0.92625 -0.92625 -0.92625 -0.48625026 -0.48625 -0.48625 -0.69625001 -0.69625 -0.69625 -0.69625 -0.70250768 -0.76875 -0.49626116 -0.49625 -0.49625 -0.49625 -0.49625 -0.24625 -0.24625 -0.24625 -0.24625 -0.24625 -0.295 -0.295 -0.295 -0.295 -0.295 0.1109146 0.11125 0.11125 0.11125 0.105 0.105 0.105 0.063756499 0.06375 0.06375
-0.79 -0.79 -0.79062802 -0.86500045 -0.86500005 -0.86521584 -1.08625 -1.08625 -1.08625 -1.08625 -0.9225 -0.9225 -0.9225 -0.9225 -0.9225 -0.92625 -0.92625 -0.92625 -0.48625011 -0.48625 -0.48625 -0.48625 -0.69625 -0.69625 -0.69625 -0.69625 -0.69625 -0.69626513 -0.49612932 -0.49625 -0.49625 -0.49625 -0.49620152 -0.10027283 -0.24609885 -0.24625 -0.24625 -0.24625 -0.295 -0.295 -0.295 -0.295 -0.295 0.11125 0.11125 0.11125 0.11125 0.10832738 0.105 0.39670871 0.4 0.2825 0.2825
-0.79 -0.79 -0.8649905 -0.865 -0.865 -0.865 -0.92119657 -1.08625 -1.08625 -1.08625 -0.9225 -0.9225 -0.9225 -0.9225 -0.9225 -0.9262462 -0.92625 -0.48637901 -0.48625 -0.48625 -0.48625 -0.48625 -0.61845414 -0.69625 -0.69625 -0.69625 -0.69625 -0.69588707 -0.18375 -0.18375 -0.18375 -0.18375 -0.18375 0.01125 0.01125 0.01125 0.01125 0.01125 -0.225 -0.225 -0.225 -0.225 -0.225 0.11134461 0.11125002 0.11125 0.11125657 0.11208194 0.4 0.4 0.4 0.28250066 0.2825
-0.78999996 -0.76793866 -0.86499999 -0.865 -0.865 -0.865 -0.865 -1.0861558 -1.08625 -1.08625 -0.9225 -0.9225 -0.9225 -0.9225 -0.8234989 -0.82125 -0.82125 -0.48625862 -0.48625 -0.48625 -0.48625 -0.48625 -0.48625009 -0.69625 -0.69625 -0.69625 -0.69625 -0.27624993 -0.27624996 -0.25656375 -0.18375 -0.18375 -0.18375 0.01125 0.01125 0.01125 0.01125 0.011265239 -0.225 -0.225 -0.225 -0.225 -0.22498161 0.15 0.15 0.15 0.15 0.15002016 0.4 0.4 0.4 0.39999996 0.32683727
