interpolatedSpi/04-10|21_2.tif
NCOLS 53
NROWS 52
XLLCORNER -116.03883
YLLCORNER 28.596182
DX 0.49850594
DY 0.49788537
NODATA_VALUE -9999
[rows 0 to 27 of 52, columns 0 to 52 of 53]
-0.91714286 -0.91714286 -1.0190488 -1.0557143 -0.98 -1.2428571 -1.11 -1.0542857 -1.1724401 -1.1671429 -1.4442857 -1.03 -1.4185494 -1.1514286 -1.11 -1.11 -1.11 -0.71714286 -0.90714286 -0.90714286 -0.90714286 -0.90713631 -0.22714287 -1.1514286 -1.1514286 -1.1514286 -0.9171429 -0.91714286 -0.91714286 -0.62857143 -0.62857143 -0.62857143 -0.62857143 -0.90142852 -0.90142857 -0.90142857 -0.90142857 -0.90142857 -0.90142857 -0.90142857 -0.92262873 -0.92269684 -0.29285714 -0.29285714 -0.29285714 -0.29285714 -0.29249314 -0.07 -0.07 -0.07 0.30428494 0.30428571 0.30428571
-0.91716742 -1.47 -0.98857081 -0.99773618 -1.2099992 -0.75142857 -0.96142857 -1.0770964 -1.3857143 -1.32 -1.27 -1.4185714 -1.4185714 -1.0830858 -1.1514274 -1.11 -0.71714286 -0.71714286 -0.90689512 -0.90714286 -0.90714286 -0.90714286 -1.1539852 -1.1514286 -1.1514286 -1.1514286 -1.1 -1.1 -0.62857143 -0.62857143 -0.62857143 -0.62857143 -0.62857143 -0.90142853 -0.90142857 -0.90142857 -0.90142857 -0.90142857 -0.90142858 -0.8929137 -0.83572694 -0.35872869 -0.29285714 -0.29285714 -0.29285714 -0.29285714 -0.29285714 -0.07 -0.07 -0.07 -0.03896387 0.30428571 0.30428571
-1.2257008 -1.2257143 -0.45571429 -0.61714286 -0.62571429 -0.92285714 -0.43857143 -0.87857143 -1.2242857 -1.1114286 -1.1314286 -1.4057143 -0.95428571 -1.0314286 -1.0828571 -1.4371429 -0.71714286 -0.71714286 -0.71714286 -0.97283804 -0.97285714 -0.97285714 -1.2 -1.1514286 -1.1514286 -1.1514286 -1.1 -1.1 -1.1 -0.62857143 -0.62857143 -0.62857142 -0.57836828 -0.90129304 -0.90229287 -0.99343482 -0.99428571 -0.99428571 -0.97434161 -0.83571429 -0.83571429 -0.83502011 -0.29285714 -0.29285714 -0.29285714 -0.29285714 -0.29285714 -0.07 -0.07 -0.07 -0.069999999 0.30428571 0.30428571
-0.2 -1.2257142 -0.72712185 -0.18857143 -0.64142857 -0.67 -0.50142857 -0.72428571 -0.61285714 -0.96293562 -1.0428571 -1.3157143 -1.2328571 -1.0314286 -0.97285714 -1.4371429 -1.618601 -1.6193674 -1.47 -0.97285714 -0.97285714 -1.3271429 -1.2 -1.2 -1.1514286 -1.1514283 -1.1 -1.1 -1.1 -0.85857143 -0.6751563 -0.52428571 -0.52428571 -0.52428608 -0.99428571 -0.99428571 -0.99428571 -0.99428571 -0.83571429 -0.83571429 -0.83571429 -0.83571427 -0.29285714 -0.29285714 -0.29285714 -0.29285714 -0.29285714 -0.070002811 -0.07 -0.07 -0.07 0.3042537 0.30428571
-0.2 0.052855712 -0.72714286 -0.94367426 -0.64142857 -0.48142857 -0.94712908 -0.84 -0.89857143 -0.78142871 -1.0166345 -1.1299707 -0.92571429 -0.97285714 -0.97285714 -1.2863828 -1.62 -1.62 -1.47 -1.47 -0.9728578 -1.3271429 -1.1142857 -0.85714286 -0.65571429 -0.65561918 -1.1 -1.1 -0.85857143 -0.85857143 -0.52428571 -0.52428571 -0.52428571 -0.51620394 -0.99428571 -0.99428571 -0.99428571 -0.83571429 -0.83571429 -0.83571429 -0.83571429 -0.8356947 -0.29285715 -0.29285714 -0.29285714 -0.29285714 -0.29285714 -0.29087344 -0.07 -0.07002716 -0.67571429 -0.67571429 -0.67571429
-1.4528571 -0.60285714 -0.68285714 -0.76857143 -0.91428571 -0.84714286 -1.06 -1.0318337 -0.77428571 -0.44 -0.46428571 -0.10428571 -0.10428626 -1.1514286 -1.1514286 -1.6355722 -1.6357143 -1.3985714 -1.3985714 -1.4699993 -0.85571429 -0.85571429 -0.85714286 -0.65571429 -0.65571429 -0.24857143 -0.38142857 -0.38142857 -0.42861035 -0.85857143 -0.52428571 -0.52428571 -0.48142857 -0.48140066 -0.21430501 -0.76857143 -0.76857143 -0.81494211 -0.83571429 -0.83571429 -0.63311015 -0.63285714 -0.63285643 -0.95664322 -0.96849675 -0.96857125 -0.96857141 -0.96857117 -0.33638852 -0.67571429 -0.67571429 -0.67571429 -0.67571429
-0.062858224 -0.51714286 -0.23066945 -0.48714286 -0.83857143 -1.1285714 -0.65285714 -0.64428571 -0.70571429 -0.70571429 -0.46428571 -0.88571429 -1.2114285 -1.1514286 -1.0471432 -1.0471429 -1.6357143 -0.87857143 -0.72285714 -0.72285714 -0.83753693 -0.81714286 -0.81714286 -0.21000001 -0.24857143 -0.24857143 -0.38142857 -0.38142857 -0.42856602 -0.4284718 -0.22890264 -0.48142857 -0.48142857 -0.21428571 -0.21428571 -0.77246171 -0.76857143 -0.76857143 -0.87999614 -0.63285749 -0.63285714 -0.63285714 -0.63285258 -0.96856772 -0.96857143 -0.96857143 -0.96857143 -0.96857102 -0.28714286 -0.67563728 -0.67571429 -0.67571429 -0.67571429
-0.062857143 0.09 0.022857143 -0.99 -1.0014279 -0.91428571 -0.57428571 -1.0914286 -1.0885714 -0.87571429 -0.87571429 -1.1271429 -1.2114286 -1.2114286 -1.04827 -1.2149824 -1.2314286 -0.77428571 -0.71000001 -0.72285714 -0.14522915 -0.14571429 0.032857143 0.19285714 0.19285786 0.24857143 -0.47285714 -0.47285711 -0.33603967 -0.33571428 -0.22857143 -0.72195064 -0.84142857 -0.21428571 -0.22732398 -0.77571429 -0.77571429 -0.88 -0.88 -0.63285714 -0.63285714 -0.63285714 -0.30319319 -0.30285718 -0.96857143 -0.96857143 -0.96857143 -0.28716879 -0.28714286 -0.28714286 -0.67571429 -0.67571429 -0.67571429
0.039283662 0.090000003 0.43428571 -0.25428571 -0.33714286 -0.75 -0.83285714 -0.90142857 -1.0585714 -0.87402158 -0.91 -0.97142857 -0.97142857 -1.0114286 -1.0114259 -0.89380077 -0.89285714 -0.89285714 -0.7644724 -0.32999996 -0.14 -0.14 -0.10571429 -0.021751577 0.2429569 0.24857143 -0.44142857 -0.47285714 -0.3848004 -0.38428571 -0.68857143 -0.30571429 -0.23736359 -0.74428571 -0.67142857 -0.75428571 -0.72428571 -0.78142857 -0.71860045 -0.63153076 -0.33571429 -0.31428571 -0.30282854 -0.30285714 -0.30660414 -0.96857143 -0.81571429 -0.28714286 -0.28714286 -0.28714286 -0.28714286 -0.6629078 -0.06
-0.24428571 -0.24428571 0.70142857 0.092857143 -0.30571429 -0.69 -1.0457143 -0.79285714 -0.80285714 -0.8271725 -1.0942857 -0.36571429 -1.0114286 -1.0114286 -0.72714286 -0.7294157 -0.89285714 -0.8927814 -0.54714286 -0.33 -0.33 -0.30552163 -0.10571429 -0.23571182 -0.23571429 -0.23571429 -0.44142857 0.034285714 0.034285714 -0.38428571 -0.38428571 -0.30545689 -0.17 -0.74428571 -0.33142857 -0.75428571 -0.72428571 -0.60142857 -0.71857143 -0.67078721 -0.31428572 -0.24554077 -0.12714286 -0.30285714 -0.30285714 -0.81571429 -0.81571429 -0.81571429 -0.28714286 -0.28714286 -0.57285714 -0.57285714 -0.57285695
-0.24428571 -0.24428571 0.047142857 -0.34285714 -0.86 -0.15142857 -0.65285714 -0.98429758 -1.0828571 -0.88714286 -0.96571429 -1.0057143 -0.36656727 -0.72714286 -0.72714286 -0.72713709 -0.67714286 -0.67031985 -0.54714286 -0.91285714 -0.91285714 -0.43428571 -0.43428571 -0.23571429 -0.23571429 -0.23571429 0.034285714 0.034285714 0.034285714 -0.39714286 -0.39714286 -0.39714248 -0.41 -0.41 -0.73142857 -0.87428571 -0.48857143 -1.1185623 -0.91285714 -0.67 -0.67 -0.54571291 -0.12714286 -0.30285714 -0.50285722 -0.65714286 -0.4857131 -0.48428572 -0.4 -0.4 -0.57285714 -0.57285714 -0.57285714
-0.24428571 -0.1185516 -0.11928405 -0.71141789 -0.12857143 -0.71142857 -0.65285714 -0.98428571 -1.0828563 -0.88931113 -1.0057141 -1.0057143 -0.88571429 -0.72714286 -0.72714286 -0.67714286 -0.67714286 -0.67713546 -0.54714286 -0.91285714 -0.81887545 -0.43428571 -0.43428571 -0.23572282 -0.23571429 -0.30944139 -0.46 -0.46 -0.45999994 -0.39714286 -0.39714286 -0.55428571 -0.55428571 -0.41000088 -0.73142857 -0.66857152 -0.41824494 -1.1185714 -1.1185714 -0.67 -0.54571429 -0.54571429 -0.54571391 -0.50285714 -0.50285714 -0.65714286 -0.48428571 -0.48428571 -0.4 -0.4 -0.57285714 -0.57285714 -0.57285714
-1.4342857 -0.63097407 -0.68284414 -0.68305477 -0.12857457 -0.71141481 -0.65285714 -0.98020602 -1.0760646 -1.0777465 -0.88571429 -0.88571429 -0.88571429 -0.88571429 -0.72716532 -0.67714286 -0.67714286 -0.67546435 -0.54714286 -0.9128792 -0.99714286 -0.99714286 -0.99714286 -0.99714286 -0.24878205 -0.46 -0.46 -0.46 -0.46 -0.46000798 -0.55428571 -0.55428571 -0.55428571 -0.55428571 -0.66857143 -0.66857143 -0.66857143 -1.0956273 -1.117123 -0.92571429 -0.92571429 -0.54573473 -0.82141767 -0.50288783 -0.50285714 -0.65714286 -0.48428571 -0.48428571 -0.4 -0.4 -0.57223004 -0.57285714 -0.38116871
-1.4342857 -0.68285714 -0.68285714 -0.68285714 -0.68285714 -0.68285715 -0.65300698 -0.80968961 -1.0579426 -0.88592174 -0.88571429 -0.88571429 -0.88571429 -0.88571429 -0.88571443 -0.67714286 -0.67714284 -0.66822574 -0.54714613 -0.99714286 -0.99714286 -0.99714286 -0.99714286 -0.99714286 -0.98830877 -0.56704666 -0.62142854 -0.62142857 -0.62142857 -0.62142857 -0.55428571 -0.55428571 -0.55428575 -0.58285714 -0.58285714 -0.66857143 -0.60051801 -0.59857143 -0.9257141 -0.92571429 -0.92571429 -0.92571429 -0.82142857 -0.82142857 -0.82142857 -0.82028529 -0.85617209 -0.85857143 -0.85857143 -0.85857143 -0.85857142 -0.30428577 -0.30428571
-1.6685714 -0.68285714 -0.68285714 -0.68285714 -0.68285714 -0.68285714 -0.68285714 -0.80545184 -1.089733 -1.09 -1.09 -1.09 -1.09 -1.09 -1.09 -1.0255673 -0.68264028 -0.65934161 -0.99708632 -0.99714286 -0.99714286 -0.99714286 -0.99714286 -0.99714271 -0.58857143 -0.58857143 -0.58857147 -0.62142857 -0.62142857 -0.62088219 -0.34857143 -0.34857143 -0.58285714 -0.58285714 -0.58285714 -0.59605404 -0.59857143 -0.59857143 -0.59857143 -0.92571429 -0.92571429 -0.92571429 -0.82142857 -0.82142857 -0.82142857 -0.82142857 -0.85857143 -0.85857143 -0.85857143 -0.85857143 -0.85857143 -0.30428571 -0.30428571
-1.6685714 -1.3016012 -0.68285714 -0.68285714 -0.68285714 -0.68285714 -0.99136801 -0.99142857 -0.99142857 -1.09 -1.09 -1.09 -1.09 -1.09 -1.075503 -1.0242857 -1.0242857 -1.0242857 -0.87323582 -0.87285727 -0.87285714 -0.87285714 -0.87285714 -0.87285714 -0.58857143 -0.58857143 -0.58857143 -0.58857143 -0.62142857 -0.34857143 -0.34857143 -0.34857143 -0.58285712 -0.58285714 -0.58285714 -0.29428571 -0.59816854 -0.59857143 -0.59857143 -0.92558962 -0.67697521 -0.096770671 -0.82142857 -0.82142857 -0.71888885 -0.71857143 -0.71857143 -0.85783442 -0.41156755 -0.41000004 -0.41000009 0.062801454 -0.30428497
-1.6685714 -1.1597567 -0.91708417 -0.68285714 -0.68285714 -0.99124625 -0.99142857 -0.99142857 -0.99142857 -0.99213891 -1.09 -1.09 -1.09 -1.09 -1.0242857 -1.0242857 -1.0242857 -1.0242857 -0.87299241 -0.87285714 -0.87285714 -0.87285714 -0.87285714 -0.87285714 -0.58857144 -0.58857143 -0.58857143 -0.58857143 -0.58769847 -0.34857143 -0.34857143 -0.34857143 -0.3 -0.58282096 -0.29428571 -0.29428571 -0.29428571 -0.28944022 -0.12620217 -0.094285714 -0.094285714 -0.094285714 -0.60142857 -0.60142857 -0.71857143 -0.71857143 -0.71857143 -0.41 -0.41 -0.41 -0.41 0.062857143 0.062857143
-1.1459849 -1.1457143 -1.1457143 -1.1457143 -0.75428571 -0.99142245 -0.99142857 -0.99142857 -0.99142857 -0.99142857 -1.0677201 -1.0899962 -1.09 -1.0242857 -1.0242857 -1.0242857 -1.0242857 -1.0242857 -0.99527963 -0.87285714 -0.87285714 -0.87285714 -0.87285714 -0.87285714 -0.64878127 -0.50428617 -0.50428571 -0.50428571 -0.50428571 -0.34857143 -0.3 -0.3 -0.3 -0.3 -0.29428571 -0.29427405 0.14857143 0.14857143 -0.091253281 -0.094285714 -0.094285714 -0.094285714 -0.60142857 -0.60142857 -0.70043368 -0.71857143 -0.71857143 -0.41 -0.41 -0.41 -0.40492974 0.062857143 0.062857143
-1.1457143 -1.1457143 -1.1457143 -0.96138473 -0.75428571 -0.75428571 -0.99142857 -0.99142857 -0.99142857 -0.99142857 -0.79571429 -0.79571429 -0.79571429 -1.0242857 -1.0242857 -1.0242857 -1.0242857 -1.0241814 -0.75285714 -0.75285714 -0.87285709 -0.87285714 -0.87024867 -0.76571429 -0.76336075 -0.50428571 -0.50428571 -0.50428571 -0.50428571 -0.3000208 -0.3 -0.3 -0.3 -0.3 0.14856987 0.14857143 0.14857143 0.14857143 0.14769838 -0.094285714 -0.094285714 -0.094285715 -0.60142857 -0.60142857 -0.60142857 -0.71857143 -0.71857143 -0.41 -0.41 -0.41 0.062857142 0.062857143 0.062857143
-1.1457143 -1.1457143 -1.1457143 -0.75428571 -0.75428571 -0.75428571 -0.75428608 -0.99142857 -0.99142857 -0.79591632 -0.79571429 -0.79571429 -0.79571429 -0.79585669 -0.51319328 -0.39285714 -0.39285714 -0.39285714 -0.75285714 -0.75285714 -0.75285714 -0.76571429 -0.76571429 -0.76571429 -0.7655266 -0.28998007 -0.50428571 -0.50428571 -0.50428571 -0.26287509 -0.24857649 -0.24857143 -0.24857143 -0.24857143 0.011615881 -0.17999925 -0.18 -0.18 -0.18 -0.22712468 -0.22714286 -0.22714286 -0.60142857 -0.60142857 -0.6042857 -0.60428565 -0.42714286 -0.42714286 -0.14428571 -0.14428571 -0.14428571 0.062857143 0.14421291
-1.1457112 -1.1457143 -1.1457143 -0.75428571 -0.75428571 -0.75428571 -0.75428571 -0.31142877 -0.98870967 -0.79539691 -0.79571429 -0.79571429 -0.79571429 -0.79492377 -0.39285714 -0.39285714 -0.39285714 -0.39285725 -0.75285714 -0.75285714 -0.75285714 -0.76571429 -0.76571429 -0.76571429 -0.095714286 -0.095714286 -0.29428571 -0.29428571 -0.29428571 -0.29403633 -0.24857143 -0.24857143 -0.24857143 -0.24857143 -0.21430459 -0.18 -0.18 -0.18 -0.18 -0.22714286 -0.22714286 -0.22714286 -0.23900921 -0.60428571 -0.60428571 -0.60428571 -0.42714286 -0.42714286 -0.14428571 -0.14428571 -0.14428571 0.1442857 0.14428571
-0.15 -0.60775105 -0.44142857 -0.44151934 -0.75428571 -0.31399093 -0.31142857 -0.31142857 -0.33016804 -0.44571428 -0.44571429 -0.44571429 -0.44571429 0.22140685 0.22142857 -0.39285667 -0.39285714 -0.40234261 -0.75285714 -0.75285714 -0.75285714 0.14285714 0.14285714 0.14285714 -0.095714286 -0.095714286 -0.29428571 -0.29428571 -0.29428571 -0.29428562 -0.16428625 -0.16428595 -0.24645303 -0.24848107 -0.46546421 -0.46571429 -0.46571429 -0.46571429 -0.46571429 -0.22714286 -0.22714286 -0.22714286 -0.58351899 -0.60428571 -0.60428571 -0.60428569 -0.42714286 -0.42714286 -0.42713268 -0.14428571 -0.14430539 -0.58428571 0.14428571
-0.35853182 -0.35857144 -0.44142857 -0.44142857 -0.44142857 -0.31142857 -0.31142857 -0.31142857 -0.36285714 -0.36285714 -0.44571429 -0.44571429 -0.44571429 0.22142857 0.22142857 0.22142857 0.22142857 0.22131811 -0.75285714 -0.75285714 -0.75285711 0.14285714 0.14285714 0.14285714 -0.095714286 -0.095714286 -0.29428571 -0.29428571 -0.29428571 -0.16575147 -0.16428571 -0.16428571 -0.16428571 -0.16428571 -0.46556555 -0.46571429 -0.46571429 -0.46571429 -0.46571429 -0.14142859 -0.14142857 -0.14142857 -0.14142857 -0.6042848 -0.48571429 -0.48571429 -0.48571429 -0.58714286 -0.58714286 -0.58714286 -0.58428571 -0.58428571 -0.58428571
-0.35857143 -0.35857143 -0.44142857 -0.44142857 -0.44142857 -0.31211187 -0.31142857 -0.36285714 -0.36285714 -0.36285714 -0.44570409 -0.44571429 -0.20758079 0.22142849 0.22142857 0.22142857 0.22142857 -0.021428571 -0.021428571 -0.021428571 -0.3242857 -0.32428537 0.14285487 0.14285714 0.14247002 -0.39714286 -0.39714286 -0.39714261 -0.29430234 -0.051451062 -0.051429172 -0.051448275 -0.16409283 -0.16418832 -0.41195508 -0.46571417 -0.46473764 -0.17428571 -0.17428571 -0.14142857 -0.14142857 -0.14142857 -0.14142857 -0.48571429 -0.48571429 -0.48571429 -0.48571429 -0.58714286 -0.58714286 -0.58714286 -0.58428571 -0.58428571 -0.58428571
-0.35857143 -0.35857143 -0.44142857 -0.44142857 -0.44142857 -0.44142857 -0.33067678 -0.36285714 -0.36285714 -0.36285714 -0.36274193 -0.15428571 -0.15428571 -0.15428571 0.2192144 0.22142857 -0.019810231 -0.021428571 -0.021428571 -0.021428571 -0.32428571 -0.32428571 -0.32428571 -0.32428571 -0.39714286 -0.39714286 -0.39714286 -0.39714286 -0.39714286 -0.051428571 -0.051428571 -0.051428571 -0.051428571 -0.051428623 -0.075714286 -0.17428571 -0.17428571 -0.17428571 -0.17428571 -0.17428608 -0.29428571 -0.29428571 -0.29428571 -0.43095817 -0.71428571 -0.71428571 -0.71428571 -0.58714286 -0.58714279 -0.52285714 -0.52285714 -0.39861661 -0.39857143
-0.35857143 -0.35857143 -0.41152296 -0.44142857 -0.44142857 -0.44142857 -0.22310558 -0.36241594 -0.36285714 -0.36285714 -0.15428567 -0.15428571 -0.15428571 -0.15428571 -0.15428571 -0.12346986 -0.021428571 -0.021428571 -0.021428571 -0.021428571 -0.32428337 -0.32428571 -0.32428571 -0.32428571 -0.39714286 -0.39714286 -0.39714286 -0.39714286 -0.39714286 -0.10948943 -0.051428571 -0.051428571 -0.051428571 -0.075714286 -0.075714286 -0.075790829 -0.17428571 -0.17428571 -0.0022362824 0.13142854 -0.29428571 -0.29428571 -0.29428571 -0.42707671 -0.71428571 -0.71428571 -0.71428571 0.19 -0.51397501 -0.52285714 -0.52285714 -0.39857143 -0.39857143
-0.19571429 -0.19571429 -0.19571429 -0.37982125 -0.4409191 -0.22285714 -0.22285714 -0.22285714 -0.22285714 0.047142855 0.047142857 -0.1542857 -0.15428571 -0.15428571 -0.15428571 -0.15427728 -0.021428571 -0.021428571 -0.021428571 -0.021428571 -0.19212868 -0.32428571 -0.32428571 -0.32148174 -0.22515805 -0.39714286 -0.39714286 -0.39714286 -0.13 -0.13 -0.13 -0.12999967 -0.075714286 -0.075714286 -0.075714286 -0.075714286 0.13142857 0.13142857 0.13142857 0.13142857 -0.15857143 -0.15857143 -0.15857143 -0.10857243 -0.10857143 -0.10857143 -0.10857162 0.19 0.19 -0.52198857 -0.52285714 -0.39856661 -0.39857143
-0.19571429 -0.19571429 -0.19571429 -0.19570875 -0.092857143 -0.11176128 -0.22285714 -0.22285714 -0.22285714 0.047142857 0.047142857 0.047142857 0.23571427 0.23571429 0.23571429 0.23571427 -0.021810637 -0.021428571 -0.021428571 -0.021428571 -0.026015113 -0.21714315 -0.21714286 -0.21714286 -0.21714286 -0.21714286 -0.27142857 -0.27142857 -0.13 -0.13 -0.13 -0.13 -0.075713929 -0.075714286 -0.075714286 -0.075674026 0.13142856 0.13142857 0.13142857 0.13005612 -0.15857143 -0.15857143 -0.15857143 -0.10857375 -0.10857143 -0.10857143 -0.10857143 0.19 0.19 0.19000005 0.55714286 0.55714286 0.53
