interpolatedSpi/04-11|23_3.tif
NCOLS 53
NROWS 52
XLLCORNER -116.03883
YLLCORNER 28.596182
DX 0.49850594
DY 0.49788537
NODATA_VALUE -9999
[rows 0 to 33 of 52, columns 0 to 52 of 53]
0.03375 0.03375 -0.20164637 -0.0575 -0.0725 -0.09 -0.22875 -0.02375 -0.97716159 -0.90875 -0.53625 -0.67 -1.0774681 -0.69 -0.44 -0.44 -0.44 -0.88125 -0.5325 -0.5325 -0.5325 -0.53249798 -0.32250001 -0.92875 -0.92875 -0.92875 -1.2987511 -1.29875 -1.29875 -1.66 -1.66 -1.66 -1.66 -1.64375 -1.64375 -1.64375 -1.64375 -1.64375 -1.64375 -1.64375 0.03689782 0.054790679 -0.76625 -0.76625 -0.76625 -0.76625 -0.76592537 -0.5675 -0.5675 -0.5675 -0.28250059 -0.2825 -0.2825
0.033724563 -0.53875 -0.11000021 -0.11721724 -0.18253857 -0.4525 -0.43375 -0.52980024 -0.87625 -0.82 -0.7025 -1.0775 -1.0775 -0.97654134 -0.69000126 -0.44 -0.88125 -0.88125 -0.53295472 -0.5325 -0.5325 -0.5325 -0.94973904 -0.92875 -0.92875 -0.92875 -0.65250002 -0.6525 -1.66 -1.66 -1.66 -1.66 -1.66 -1.64375 -1.64375 -1.64375 -1.64375 -1.64375 -1.6437499 -1.4064387 -0.1613616 -0.69283864 -0.76625 -0.76625 -0.76625 -0.76625 -0.76625 -0.5675 -0.5675 -0.5675 -0.54386753 -0.2825 -0.2825
0.62122143 0.62125 -0.29125 -0.18625 -0.38125 0.37625 -0.19625 0.35625 -0.76875 -0.8775 -0.91125 -0.59625 -1.1725 -1.39375 -0.9775 -1.45875 -0.88125 -0.88125 -0.88125 -0.4437758 -0.44375 -0.44375 -1.3275 -0.92875 -0.92875 -0.92875 -0.6525 -0.6525 -0.6525 -1.66 -1.66 -1.66 -1.4415647 -1.6419762 -1.6372345 -0.95016443 -0.94375 -0.94375 -0.84533212 -0.16125001 -0.16125 -0.16202364 -0.76625 -0.76625 -0.76625 -0.76625 -0.76625 -0.5675 -0.5675 -0.5675 -0.5675 -0.2825 -0.2825
0.485 0.62124981 -0.32767482 -0.15125 -0.99375 -0.5475 -0.46375 -0.78875 -0.48 -0.93486851 -1.0475 -1.20125 -1.1375 -1.39375 -1.41875 -1.45875 -0.97001809 -0.96619044 -0.695 -0.44375 -0.44375 -1.01125 -1.3275 -1.3275 -0.92875 -0.92874862 -0.6525 -0.6525 -0.6525 -1.18875 -1.1983519 -1.20625 -1.20625 -1.2062498 -0.94375 -0.94375 -0.94375 -0.94375 -0.16125 -0.16125 -0.16125 -0.16125002 -0.76625 -0.76625 -0.76625 -0.76625 -0.76625 -0.56750251 -0.5675 -0.5675 -0.5675 -0.28254544 -0.2825
0.485 -0.31375003 -0.3275 -0.91108751 -0.99375 -1.1325 -1.1762698 -1.60875 -1.73875 -1.1050003 -1.3315792 -1.4298714 -0.5325 -1.41875 -1.41875 -1.4377761 -0.96625 -0.96625 -0.695 -0.695 -0.44375111 -1.01125 -0.75 -0.11125 -0.5475 -0.54749096 -0.6525 -0.6525 -1.18875 -1.18875 -1.20625 -1.20625 -1.20625 -1.1317636 -0.94375 -0.94375 -0.94375 -0.16125 -0.16125 -0.16125 -0.16125 -0.16131685 -0.76625 -0.76625 -0.76625 -0.76625 -0.76625 -0.76448088 -0.5675 -0.5675496 -1.67375 -1.67375 -1.67375
-1.3975 -0.86375 -0.79749998 -0.49 -0.7475 -1.2825 -1.56375 -1.5695113 -1.55875 -1.805 -1.85375 -1.44875 -1.4487494 -1.59625 -1.59625 -0.6998983 -0.7 -1.09125 -1.09125 -0.69499986 -0.8275 -0.8275 -0.11125 -0.5475 -0.5475 -0.50875 -1.09625 -1.09625 -0.87377929 -1.18875 -1.20625 -1.20625 -0.81125 -0.81124216 -0.73625532 -0.49125 -0.49125 -0.26334303 -0.16125 -0.16125 -0.8528863 -0.85375 -0.85374878 -0.86325679 -0.86498909 -0.86499997 -0.865 -0.86499997 -1.6092498 -1.67375 -1.67375 -1.67375 -1.67375
-0.10875049 -0.7375 -0.31887727 -0.86 -1.00625 -1.63625 -1.21625 -1.4075 -1.96125 -1.96125 -1.85375 -1.8125 -1.5599999 -1.59625 -0.27875395 -0.27875 -0.7 -0.145 -0.53375 -0.53375 -0.58833307 -0.32 -0.32 -0.53875 -0.50875 -0.50875 -1.09625 -1.09625 -0.87377972 -0.87429719 -0.5712635 -0.81125 -0.81125 -0.73625 -0.73625 -0.79965242 -0.49125 -0.49125 -0.85373744 -0.85375 -0.85375 -0.85375 -0.8537439 -0.86500117 -0.865 -0.865 -0.865 -0.86500046 -1.635 -1.6737423 -1.67375 -1.67375 -1.67375
-0.10875 -0.85 -0.37875 -1.28 -0.80002752 -1.44875 -1.8975 -1.895 -1.78 -1.96875 -1.96875 -1.225 -1.56 -1.56 -0.28754056 -0.51896215 -0.5425 -0.2025 -0.65749987 -0.53375 -0.44849799 -0.38875 -0.78875 -0.020000003 -0.02001314 -1.03875 -0.5375 -0.5375002 -1.3819629 -1.38375 -0.56875 -0.97852065 -0.79875 -0.73625 -0.74280988 -1.0575 -1.0575 -0.85375 -0.85375 -0.85375 -0.85375 -0.85374999 -1.0718867 -1.075 -0.865 -0.865 -0.865 -1.6349707 -1.635 -1.635 -1.67375 -1.67375 -1.67375
-0.90689333 -0.84999999 -0.1275 -1.25 -0.85625 -1.605 -1.1325 -0.82875 -1.72375 -0.96917466 -0.6425 -1.295 -1.295 -0.69125 -0.69125004 -0.45150432 -0.45125 -0.45125 -0.27195645 -1.04625 -1.0925 -1.0925 -0.99 -0.86805931 -0.9360869 -1.03875 -0.685 -0.5375 -0.78604725 -0.7875 -1.02875 -1.00875 -0.799104 -1.33 -0.96625 -1.21625 -1.0675 -0.66125 -0.53630772 -0.85150137 -0.35 -0.605 -1.0749247 -1.075 -1.073818 -0.865 -1.2475 -1.635 -1.635 -1.635 -1.635 -1.598423 -0.1675
-1.225 -1.225 0.01 -0.23625 -1.14 -0.66625 -0.95 -1.5725 -1.04375 -0.77755434 -1.4125 -0.37625 -0.69125 -0.69125 -0.695 -0.69165686 -0.45125 -0.45123193 -0.35125 -1.04625 -1.04625 -1.0522085 -0.99 -1.0174995 -1.0175 -1.0175 -0.685 -0.46375 -0.46375 -0.7875 -0.7875 -1.0079605 -0.5925 -1.33 -0.98 -1.21625 -1.0675 -1.2225 -0.53625 -0.19684142 -0.60499999 -0.60775505 -0.6125 -1.075 -1.075 -1.2475 -1.2475 -1.2475 -1.635 -1.635 -1.06875 -1.06875 -1.0687497
-1.225 -1.225 -0.59875 -1.03625 -1.03375 -0.28875 -1.22625 -0.60242886 -0.58375 -0.49625 -0.29375 -0.16625 -0.37597089 -0.695 -0.695 -0.69498414 -0.5575 -0.54667503 -0.35125 -0.26875 -0.26875 -0.36125 -0.36125 -1.0175 -1.0175 -1.0175 -0.46375 -0.46375 -0.46375 -0.6575 -0.6575 -0.65749989 -0.9225 -0.9225 -1.5 -1.1175 -0.70375 -0.69500584 -0.6975 -0.19125 -0.19125 -0.84499924 -0.6125 -1.075 -0.41750018 -0.485 -0.60278863 -0.6 -0.94625 -0.94625 -1.06875 -1.06875 -1.06875
-1.225 -0.95468697 -0.78544685 -1.0699885 -0.49375 -0.695 -1.22625 -0.60125 -0.58375015 -0.49721939 -0.16625043 -0.16625 -0.0275 -0.695 -0.695 -0.5575 -0.5575 -0.55748826 -0.35125 -0.26875 -0.28691512 -0.36125 -0.36125 -1.017473 -1.0175 -0.79725789 -0.3475 -0.3475 -0.34750001 -0.6575 -0.6575 -0.34625 -0.34625 -0.92250158 -1.5 -0.63875041 -0.81238969 -0.695 -0.695 -0.19125002 -0.845 -0.845 -0.84499687 -0.4175 -0.4175 -0.485 -0.6 -0.6 -0.94625 -0.94625 -1.06875 -1.06875 -1.06875
-0.47 -0.47529318 -0.45877101 -0.46317077 -0.49375121 -0.69499525 -1.22625 -0.60894339 -0.58495593 -0.58146514 -0.0275 -0.0275 -0.0275 -0.0275 -0.69490544 -0.5575 -0.5575 -0.55483698 -0.35125 -0.26860877 0.22125 0.22125 0.22125 0.22125 -0.99598224 -0.3475 -0.3475 -0.3475 -0.3475 -0.34756916 -0.34625 -0.34625 -0.34625 -0.34625 -0.63875 -0.63875 -0.63875 -0.6930884 -0.69561962 -0.7775 -0.7775 -0.84499637 -0.73998896 -0.41753106 -0.4175 -0.485 -0.6 -0.6 -0.94625 -0.94625 -1.0683056 -1.06875 -1.0762621
-0.47 -0.45875 -0.45875 -0.45875 -0.45875 -0.4587501 -1.22489 -0.93052096 -0.58817323 -0.028096765 -0.0275 -0.0275 -0.0275 -0.0275 -0.027499532 -0.5575 -0.55749997 -0.54335266 -0.35125102 0.22125 0.22125 0.22125 0.22125 0.22125 0.22892172 -0.022281487 0.056249917 0.05625 0.05625 0.05625 -0.34624998 -0.34625 -0.34624922 0.30125 0.30125 -0.63875 -0.17209797 -0.15875 -0.77749964 -0.7775 -0.7775 -0.7775 -0.74 -0.74 -0.74 -0.73822543 -0.31807229 -0.31625 -0.31625 -0.31625 -0.31625001 -0.71000007 -0.71
-0.65 -0.45875 -0.45875 -0.45875 -0.45875 -0.45875 -0.45875005 -0.59723621 0.62598665 0.6325 0.6325 0.6325 0.6325 0.6325 0.63249999 0.84422498 -0.53516516 -0.52925715 0.22117795 0.22125 0.22125 0.22125 0.22125 0.2212505 0.57625 0.57625 0.57624927 0.05625 0.05625 0.057656715 0.75875 0.75875 0.30125 0.30125 0.30125 -0.085062755 -0.15875 -0.15875 -0.15875 -0.7775 -0.7775 -0.7775 -0.74 -0.74 -0.74 -0.74 -0.31625001 -0.31625 -0.31625 -0.31625 -0.31625 -0.71 -0.71
-0.65 -0.5787998 -0.45875 -0.45875 -0.45875 -0.45875 0.60604098 0.60625 0.60625 0.6325 0.6325 0.6325 0.6325 0.6325 0.68020626 0.84875 0.84875 0.84875 0.64994102 0.65124956 0.65125 0.65125 0.65125 0.65125 0.57625 0.57625 0.57625 0.57625 0.05625 0.75875 0.75875 0.75875 0.30125004 0.30125 0.30125 0.40625 -0.15800192 -0.15875 -0.15875 -0.77746286 -0.70382921 -0.53198599 -0.74 -0.74 -0.68018516 -0.68 -0.68 -0.31654117 -0.49188409 -0.49249998 -0.49249997 -0.35005453 -0.70999927
-0.65 0.095670796 -0.16777353 -0.45875 -0.45875 0.60562075 0.60625 0.60625 0.60625 0.60643917 0.6325 0.6325 0.6325 0.63250003 0.84875 0.84875 0.84875 0.84875 0.65142642 0.65125 0.65125 0.65125 0.65125 0.65125 0.57625 0.57625 0.57625 0.57625 0.57691382 0.75875 0.75875 0.75875 0.82 0.3012732 0.40625 0.40625 0.40625 0.40534228 -0.5076413 -0.53125 -0.53125 -0.53125 -0.98875 -0.98875 -0.68 -0.68 -0.68 -0.4925 -0.4925 -0.4925 -0.4925 -0.35 -0.35
0.11590324 0.11625 0.11625 0.11625001 0.85375 0.60625638 0.60625 0.60625 0.60625 0.60625 0.63060729 0.63249967 0.6325 0.84875 0.84875 0.84875 0.84875 0.84875 0.84423563 0.65125 0.65125 0.65125 0.65125 0.65125 0.69008485 0.80999873 0.81 0.81 0.81 0.75875 0.82 0.82 0.82 0.82 0.40625 0.40624793 0.3275 0.3275 -0.52052723 -0.53125 -0.53125 -0.53125 -0.98875 -0.98875 -0.72780513 -0.68 -0.68 -0.4925 -0.4925 -0.4925 -0.49097203 -0.35 -0.35
0.11625 0.11625 0.11625 0.46354975 0.85375 0.85375 0.60625 0.60625 0.60625 0.60625 0.6075 0.6075 0.6075 0.84875 0.84875 0.84875 0.84875 0.84879896 1.0225 1.0225 0.65125015 0.65125 0.65158475 0.665 0.66630537 0.81 0.81 0.81 0.81 0.81999898 0.82 0.82 0.82 0.82 0.32750028 0.3275 0.3275 0.3275 0.3244559 -0.53125 -0.53125 -0.53125 -0.98875 -0.98875 -0.98875 -0.68 -0.68 -0.4925 -0.4925 -0.4925 -0.35 -0.35 -0.35
0.11625 0.11625 0.11625 0.85375 0.85375 0.85375 0.85374962 0.60625 0.60625 0.60749871 0.6075 0.6075 0.6075 0.60765031 1.0885414 1.145 1.145 1.145 1.0225 1.0225 1.0225 0.665 0.665 0.665 0.66500455 0.7424675 0.81 0.81 0.81 0.56769413 0.51003049 0.51 0.51 0.51 0.15593926 -0.08624906 -0.08625 -0.08625 -0.08625 -0.61373871 -0.61375 -0.61375 -0.98875 -0.98875 -0.5825017 -0.58249998 -0.535 -0.535 -0.3125 -0.3125 -0.3125 -0.35 -0.35499553
0.11625102 0.11625 0.11625003 0.85375 0.85375 0.85375 0.85375 0.51625003 0.60589014 0.6074966 0.6075 0.6075 0.6075 0.60855472 1.145 1.145 1.145 1.145 1.0225 1.0225 1.0225 0.665 0.665 0.665 0.68125 0.68125 0.89125 0.89125 0.89125 0.88917016 0.51 0.51 0.51 0.51 0.21203867 -0.08625 -0.08625 -0.08625 -0.08625 -0.61375 -0.61375 -0.61375 -0.61276676 -0.5825 -0.5825 -0.5825 -0.535 -0.535 -0.3125 -0.3125 -0.3125 -0.355 -0.355
0.44375 0.29925126 0.47125 0.47136097 0.85375 0.51820276 0.51625 0.51625 0.60051256 0.60375 0.60375 0.60375 0.60375 1.2024805 1.2025 1.145 1.145 1.1417723 1.0225 1.0225 1.0225 0.7025 0.7025 0.7025 0.68125 0.68125 0.89125 0.89125 0.89125 0.89124987 0.71624869 0.71624942 0.51518378 0.51022111 -0.28533959 -0.28625 -0.28625 -0.28625 -0.28625 -0.61375 -0.61375 -0.61375 -0.58422055 -0.5825 -0.5825 -0.58250006 -0.535 -0.535 -0.53499199 -0.3125 -0.31252281 -0.8225 -0.355
0.61496748 0.61499998 0.47125 0.47125 0.47125 0.51625 0.51625 0.51625 0.7475 0.7475 0.60375 0.60375 0.60375 1.2025 1.2025 1.2025 1.2025 1.2024798 1.0225 1.0225 1.0225 0.7025 0.7025 0.7025 0.68125 0.68125 0.89125 0.89125 0.89125 0.71822314 0.71625 0.71625 0.71625 0.71625 -0.28575533 -0.28625 -0.28625 -0.28625 -0.28625 -0.34875007 -0.34875 -0.34875 -0.34875 -0.58250251 -0.91 -0.91 -0.91 -1.0925 -1.0925 -1.0925 -0.8225 -0.8225 -0.8225
0.615 0.615 0.47125 0.47125 0.47125 0.51601347 0.51625 0.7475 0.7475 0.7475 0.6037677 0.60375 0.60783562 1.2024999 1.2025 1.2025 1.2025 0.44875 0.44875 0.44875 0.65 0.65000004 0.70249974 0.7025 0.70254665 0.79125 0.79125 0.79125024 0.89123384 0.53253662 0.53250098 0.53253208 0.71593595 0.71609143 -0.10782149 -0.28624999 -0.28619135 -0.26875 -0.26875 -0.34875 -0.34875 -0.34875 -0.34875 -0.91 -0.91 -0.91 -0.91 -1.0925 -1.0925 -1.0925 -0.8225 -0.8225 -0.8225
0.615 0.615 0.47125 0.47125 0.47125 0.47125 0.60280012 0.7475 0.7475 0.7475 0.74742336 0.60875 0.60875 0.60875 1.1990009 1.2025 0.4537728 0.44875 0.44875 0.44875 0.65 0.65 0.65 0.65 0.79125 0.79125 0.79125 0.79125 0.79125 0.5325 0.5325 0.5325 0.5325 0.5324986 -0.13375 -0.26875 -0.26875 -0.26875 -0.26875 -0.26875174 -0.805 -0.805 -0.805 -0.85462534 -0.9575 -0.9575 -0.9575 -1.0925 -1.0925002 -1.2775 -1.2775 -0.52632207 -0.52625
0.615 0.615 0.52313366 0.47125 0.47125 0.47125 0.50543032 0.74673577 0.7475 0.7475 0.60874996 0.60875 0.60875 0.60875 0.60875 0.65739397 0.44875 0.44875 0.44875 0.44875 0.64999844 0.65 0.65 0.65 0.79125 0.79125 0.79125 0.79125 0.79125 0.16579288 0.5325 0.5325 0.5325 -0.13375 -0.13375 -0.13385483 -0.26875 -0.26875 -0.6591776 -0.96249994 -0.805 -0.805 -0.805 -0.85436085 -0.9575 -0.9575 -0.9575 -1.0475 -1.2746342 -1.2775 -1.2775 -0.52625 -0.52625
0.61625 0.61625 0.61625 0.50760549 0.47110239 0.505 0.505 0.505 0.505 0.4325 0.4325 0.60874999 0.60875 0.60875 0.60875 0.60873982 0.44875 0.44875 0.44875 0.44875 0.56218103 0.65 0.65 0.65461254 0.82469149 0.79125 0.79125 0.79125 0.03625 0.03625 0.03625 0.036252083 -0.13375 -0.13375 -0.13375 -0.13375 -0.9625 -0.9625 -0.9625 -0.9625 -0.8225 -0.8225 -0.8225 -1.0612452 -1.06125 -1.06125 -1.06125 -1.0475 -1.0475 -1.2772198 -1.2775 -0.52625129 -0.52625
0.61625 0.61625 0.61625 0.61623667 0.36875 0.38856299 0.505 0.505 0.505 0.4325 0.4325 0.4325 -0.40874995 -0.40875 -0.40875 -0.40874998 0.44716547 0.44875 0.44875 0.44875 0.45181129 0.82624952 0.82625 0.82625 0.82625 0.82624998 0.070000006 0.07 0.03625 0.03625 0.03625 0.03625 -0.13375004 -0.13375 -0.13375 -0.13375489 -0.9625 -0.9625 -0.9625 -0.96197906 -0.8225 -0.8225 -0.8225 -1.0612389 -1.06125 -1.06125 -1.06125 -1.0475 -1.0475 -1.0475 -0.7825 -0.7825 -0.495
0.61625 0.61625 0.61625 0.36875057 0.36875 0.36875 0.50499995 0.505 0.505 0.4325 0.4325 0.4325 -0.40875 -0.40875 -0.40875 -0.4093212 -0.41625 -0.41625 -0.41624777 0.44386426 0.82625 0.82625 0.82625 0.82625 0.82625 0.82568088 0.07 0.07 0.07 0.03625 0.03625 0.036157474 -0.19375 -0.19375 -0.19375 -0.74125 -0.74125 -0.84375 -0.84375 -0.84375 -0.77 -0.82248353 -0.82250001 -0.82375 -0.82375 -0.83275098 -1.0612493 -1.0475 -1.0475 -0.7825 -0.7825 -0.7825 -0.495
0.61625 0.61625 0.61625 0.36875 0.36875 0.36875 0.36875 0.505 0.505 0.4325 0.4325 -0.37511213 -0.40875 -0.40875 -0.40875 -0.41625 -0.41625 -0.41625 -0.41625 -0.41625 0.82625 0.82625 0.82625 0.82625 0.82625 0.07000258 0.07 0.07 0.07 -0.1075 -0.1075 -0.1075 -0.19375 -0.19375 -0.19375 -0.74125 -0.74125 -0.84375 -0.84375 -0.77 -0.77 -0.77 -0.82375 -0.82375 -0.82375 -0.82375 -0.82878152 -0.885 -0.885 -0.885 -0.7825 -0.665 -0.665
0.61625 0.61625 0.61590535 0.36875 0.36875 0.36875 0.36875 0.25926865 0.25375 0.25405689 0.43249997 -0.40874089 -0.40875 -0.40875 -0.40875003 -0.41625 -0.41625 -0.41625 -0.41625 -0.41625 -0.60751885 0.82625 0.82625 0.82625 0.82618847 0.070025741 0.07 0.07 0.07 -0.1075 -0.1075 -0.1075 -0.10751232 -0.19375 -0.74125 -0.74125 -0.74125 -0.74125418 -0.84374497 -0.77 -0.77 -0.77 -0.82374674 -0.82375 -0.82375 -0.82375 -0.88500092 -0.885 -0.885 -0.885 -0.665 -0.665 -0.665
0.82 0.81999964 0.3688961 0.36875 0.36875 0.36875 0.25377447 0.25375 0.25375 0.25375 -0.29999999 -0.3 -0.3 -0.3 -0.41571348 -0.41625 -0.41625 -0.41625 -0.41625 -0.66874985 -0.66875 -0.66875 0.52750005 0.5275 0.5275 0.5275 0.48801187 0.07 -0.091243396 -0.09125 -0.09125 -0.09125 -0.09125 -0.69 -0.69 -0.69 -0.69 -0.69 -0.86125 -0.86125 -0.86125 -0.86125 -0.86125 -0.97726823 -0.9775 -0.9775 -0.9775 -0.885 -0.885 -0.885 -0.66503466 -0.665 -0.665
0.82 0.82 0.81833584 0.62124949 0.62124994 0.62089158 0.25375 0.25375 0.25375 0.25375 -0.3 -0.3 -0.3 -0.3 -0.3 -0.41625 -0.41625 -0.41625 -0.66874994 -0.66875 -0.66875 -0.66875 0.5275 0.5275 0.5275 0.5275 0.5275 0.52740259 -0.090983549 -0.091249997 -0.09125 -0.09125 -0.091142961 -0.41009232 -0.68971017 -0.69 -0.69 -0.68999999 -0.86125 -0.86125 -0.86125 -0.86125 -0.86125 -0.9775 -0.9775 -0.9775 -0.9775 -0.93424519 -0.885 -0.37821793 -0.3725 -0.32125 -0.32125
0.82 0.82 0.62127518 0.62125 0.62125 0.62125 0.52790655 0.25375 0.25375 0.25375 -0.3 -0.3 -0.3 -0.3 -0.3 -0.41616516 -0.41625 -0.66867597 -0.66875 -0.66875 -0.66875 -0.66875 0.084341436 0.5275 0.5275 0.5275 0.5275 0.52755061 0.59875 0.59875 0.59875 0.59875 0.59875 -0.19625 -0.19625 -0.19625 -0.19625 -0.19625 -0.96625 -0.96625 -0.96625 -0.96625 -0.96625 -0.97562907 -0.97749961 -0.9775 -0.97737011 -0.96178423 -0.3725 -0.3725 -0.3725 -0.32125029 -0.32125
