interpolatedSpi/04-10|19_3.tif
NCOLS 53
NROWS 52
XLLCORNER -116.03883
YLLCORNER 28.596182
DX 0.49850594
DY 0.49788537
NODATA_VALUE -9999
[rows 0 to 26 of 52, columns 0 to 52 of 53]
0.35571429 0.35571429 0.17264346 -0.32857143 -0.088571429 -0.077142857 0.018571429 -0.071428571 -0.67838161 -0.79 -0.65714286 -0.037142857 -0.39715709 -0.57 -0.32857143 -0.32857143 -0.32857143 -0.077142857 0.048571429 0.048571429 0.048571429 0.048567067 -0.40428571 0.05 0.05 0.05 -0.66142207 -0.66142857 -0.66142857 -0.65285714 -0.65285714 -0.65285714 -0.65285714 -0.80285711 -0.80285714 -0.80285714 -0.80285714 -0.80285714 -0.80285714 -0.80285712 0.088965934 0.098451334 -0.37285714 -0.37285714 -0.37285714 -0.37285714 -0.37380215 -0.95142857 -0.95142857 -0.95142857 0.55142545 0.55142857 0.55142857
0.35571473 0.36571429 0.32571483 0.28951351 0.055691458 0.31428571 0.71428571 -0.21836774 -0.67571429 -0.48714286 0.08 -0.39714286 -0.39714286 -0.0033244555 -0.569991 -0.32857143 -0.077142857 -0.077142857 0.048407514 0.048571429 0.048571429 0.048571429 0.015560303 0.05 0.05 0.05 -0.1442857 -0.14428571 -0.65285714 -0.65285714 -0.65285714 -0.65285714 -0.65285714 -0.80285712 -0.80285714 -0.80285714 -0.80285714 -0.80285714 -0.80285708 -0.62010211 0.30136846 -0.29103811 -0.37285714 -0.37285714 -0.37285714 -0.37285714 -0.37285714 -0.95142857 -0.95142857 -0.95142857 -0.82681022 0.55142857 0.55142857
0.14286406 0.14285714 0.79428571 0.60571429 0.012857143 0.0071428571 0.24285714 0.53285714 -0.27428571 -0.38428571 -0.15142857 -0.3 0.098571429 -0.43857143 -0.0014285714 -0.76857143 -0.077142857 -0.077142857 -0.077142857 -0.22420639 -0.22428571 -0.22428571 -0.60428571 0.05 0.05 0.05 -0.14428571 -0.14428571 -0.14428571 -0.65285714 -0.65285714 -0.65285715 -0.7608283 -0.80113562 -0.79455985 0.080402849 0.088571429 0.088571429 0.11534325 0.30142857 0.30142857 0.30056633 -0.37285714 -0.37285714 -0.37285714 -0.37285714 -0.37285714 -0.95142857 -0.95142857 -0.95142857 -0.95142857 0.55142857 0.55142857
0.36428571 0.14285697 -0.6985885 0.32285714 -0.37571429 0.20142857 0.15 -0.22285714 -0.25285714 -0.057073609 -0.43285714 -0.69857143 -0.18 -0.43857143 -0.2 -0.76857143 -0.43542568 -0.43260791 -0.60285714 -0.22428571 -0.22428571 -0.25142857 -0.60428571 -0.60428571 0.05 0.04999903 -0.14428571 -0.14428571 -0.14428571 -1.2057143 -1.0254345 -0.87714286 -0.87714286 -0.8771421 0.088571429 0.088571429 0.088571429 0.088571429 0.30142857 0.30142857 0.30142857 0.30142855 -0.37285714 -0.37285714 -0.37285714 -0.37285714 -0.37285714 -0.95142127 -0.95142857 -0.95142857 -0.95142857 0.55138854 0.55142857
0.36428571 0.23142687 -0.69857143 -0.69883316 -0.37571429 -0.14428571 -0.21713406 -0.30571429 -0.29142857 -0.53000021 -0.5513309 -0.56001637 -0.67428571 -0.2 -0.2 -0.57515561 -0.43285714 -0.43285714 -0.60285714 -0.60285714 -0.2242858 -0.25142857 -0.27714286 -0.35571429 -0.11142857 -0.11132534 -0.14428571 -0.14428571 -1.2057143 -1.2057143 -0.87714286 -0.87714286 -0.87714286 -0.84616309 0.088571428 0.088571429 0.088571429 0.30142857 0.30142857 0.30142857 0.30142857 0.301381 -0.37285714 -0.37285714 -0.37285714 -0.37285714 -0.37285714 -0.37800715 -0.95142857 -0.95141614 -0.67428571 -0.67428571 -0.67428571
-1.47 0.24714286 0.054285754 -0.50285714 0.17 0.26571429 -0.61857143 -0.57851675 -0.86142857 -0.71714286 -0.85714286 -0.9 -0.89999985 -1.22 -1.22 -0.29991308 -0.3 -0.28714286 -0.28714286 -0.60285666 -0.51857143 -0.51857143 -0.35571429 -0.11142857 -0.11142857 0.33 -0.91571429 -0.91571429 -0.65290728 -1.2057143 -0.87714286 -0.87714286 -0.71285714 -0.71291088 -1.227106 -1.0728571 -1.0728571 -0.12373809 0.30142857 0.30142857 -0.19081387 -0.19142857 -0.19142738 0.13235002 0.14137173 0.14142843 0.14142855 0.14142838 0.37354899 -0.67428571 -0.67428571 -0.67428571 -0.67428571
-0.084295561 0.31285714 0.4359338 0.22714286 0.47428571 -0.66285714 -0.49714286 -0.59 -1.02 -1.02 -0.85714286 -0.58714286 -0.53999994 -1.22 0.059996165 0.06 -0.3 -0.038571429 -0.05 -0.05 -0.43912963 -0.35 -0.35 0.32999999 0.33 0.33 -0.91571429 -0.91571429 -0.6528544 -0.65280656 -0.29667151 -0.71285714 -0.71285714 -1.2271429 -1.2271429 -0.67526991 -1.0728571 -1.0728571 -0.62715831 -0.19142918 -0.19142857 -0.19142857 -0.19142064 0.14143095 0.14142857 0.14142857 0.14142857 0.14142884 0.59857143 -0.67403347 -0.67428571 -0.67428571 -0.67428571
-0.084285714 -0.34285714 0.77285714 -0.7 -0.10431987 -0.97285714 -1.1671429 -0.73285714 -0.99142857 -0.59142857 -0.59142857 -0.28428571 -0.54 -0.54 0.055883444 0.13155948 0.13857143 -0.074285714 -0.2828569 -0.05 0.06632071 0.065714286 0.045714286 -0.25571428 -0.2557113 -0.024285714 0.19428571 0.19428532 -0.60587948 -0.60571428 -0.29571429 -0.39600683 -0.91857143 -1.2271429 -1.1922655 -0.34285714 -0.34285714 -0.62714286 -0.62714286 -0.19142857 -0.19142857 -0.19142856 0.5661788 0.56714284 0.14142857 0.14142857 0.14142857 0.59855403 0.59857143 0.59857143 -0.67428571 -0.67428571 -0.67428571
-0.31359772 -0.34285713 0.64857143 0.5 0.19428571 -0.45571429 -0.43285714 -0.30428571 -0.97571429 -0.59408343 -0.65428571 -0.29857143 -0.29857143 -0.04 -0.039997609 -0.11643016 -0.11714286 -0.11714286 -0.10612446 0.36999994 0.072857143 0.072857143 0.36142857 0.17013209 -0.047607604 -0.024285714 0.034285714 0.19428571 0.050838444 0.05 -0.25 0.26571429 0.24124656 0.20857143 -0.0042857143 -0.15142857 -0.22428571 -0.67285714 0.046810389 -0.18927321 0.29142857 0.51571429 0.56710797 0.56714286 0.56474671 0.14142857 0.37142856 0.59857143 0.59857143 0.59857143 0.59857143 -0.5700552 0.29428571
-0.15 -0.15 0.24142857 0.41 -0.12857143 -0.8 -0.63142857 -0.46857143 -0.36857143 -0.49716156 -0.49285714 -0.55142857 -0.04 -0.04 0.21428571 0.20974002 -0.11714286 -0.11712397 -0.091428571 0.37 0.37 0.33171806 0.36142857 -0.048563665 -0.048571429 -0.048571429 0.034285714 0.42857143 0.42857143 0.05 0.05 0.26562216 0.21714286 0.20857143 0.17571429 -0.15142857 -0.22428571 -0.40285714 0.047142857 0.76531179 0.51571428 0.45589044 0.35285714 0.56714286 0.56714286 0.37142857 0.37142857 0.37142857 0.59857143 0.59857143 0.16285714 0.16285714 0.16285719
-0.15 -0.15 -0.094285714 -0.72571429 -0.48 -0.22142857 -0.69571428 -0.63728085 -0.83857143 -0.70571429 -0.29714286 -0.81285714 -0.55177585 0.21428571 0.21428571 0.21431653 0.48142857 0.45136234 -0.091428571 0.56285714 0.56285714 1.2014286 1.2014286 -0.048571429 -0.048571429 -0.048571429 0.42857143 0.42857143 0.42857143 0.21 0.21 0.21000001 0.36 0.36 -0.35714286 0.015714286 0.25142857 -0.32428585 0.42857143 0.77714286 0.77714286 0.38571418 0.35285714 0.56714286 0.47714286 0.45428571 0.52362739 0.52428571 1.0757143 1.0757143 0.16285714 0.16285714 0.16285714
-0.15 -0.12613444 -0.36373881 -0.75855275 -0.012857143 -0.078571429 -0.69571429 -0.63714286 -0.83856975 -0.70718618 -0.812857 -0.81285714 0.38142857 0.21428571 0.21428571 0.48142856 0.48142857 0.48139597 -0.091428571 0.56285714 0.68825958 1.2014286 1.2014286 -0.048521236 -0.048571429 0.1542955 0.56857143 0.56857143 0.56857141 0.21 0.21 0.26142857 0.26142857 0.35999803 -0.35714286 0.31714266 0.15659077 -0.32428571 -0.32428571 0.77714284 0.38571429 0.38571429 0.38571494 0.47714286 0.47714286 0.45428571 0.52428571 0.52428571 1.0757143 1.0757143 0.16285714 0.16285714 0.16285714
-0.48285714 -0.016964681 -0.0014548198 -0.0069031461 -0.012857668 -0.078569877 -0.69571427 -0.63786384 -0.82469094 -0.83510217 0.38142857 0.38142857 0.38142857 0.38142857 0.21430939 0.48142857 0.48142857 0.47403207 -0.091428571 0.56299768 1.0628571 1.0628571 1.0628571 1.0628571 -0.029251765 0.56857143 0.56857143 0.56857143 0.56857143 0.56836859 0.26142857 0.26142857 0.26142857 0.26142857 0.31714286 0.31714286 0.31714286 -0.29337643 -0.31620652 0.75142857 0.75142857 0.38573396 0.41714491 0.47713708 0.47714286 0.45428571 0.52428571 0.52428571 1.0757143 1.0757143 0.16616889 0.16285714 -0.28324496
-0.48285714 -0.0014285714 -0.0014285714 -0.0014285714 -0.0014285714 -0.0014286035 -0.69413448 -0.66802658 -0.78765907 0.38011807 0.38142857 0.38142857 0.38142857 0.38142857 0.38142882 0.48142857 0.48142848 0.44213448 -0.091416852 1.0628571 1.0628571 1.0628571 1.0628571 1.0628571 1.060817 0.62017427 0.59142857 0.59142857 0.59142857 0.59142857 0.26142858 0.26142857 0.26142918 0.76857143 0.76857143 0.31714286 1.0046213 1.0242857 0.75142873 0.75142857 0.75142857 0.75142857 0.41714286 0.41714286 0.41714286 0.41740134 -0.020731054 -0.024285714 -0.024285714 -0.024285714 -0.024285694 0.86999985 0.87
0.47714286 -0.0014285714 -0.0014285714 -0.0014285714 -0.0014285714 -0.0014285714 -0.001428613 -0.42586142 0.72325143 0.73142857 0.73142857 0.73142857 0.73142857 0.73142857 0.73142857 1.1190951 0.4916248 0.40298548 1.0627122 1.0628571 1.0628571 1.0628571 1.0628571 1.0628576 0.96857143 0.96857143 0.9685709 0.59142857 0.59142857 0.59205219 0.90285714 0.90285714 0.76857143 0.76857143 0.76857143 0.98332308 1.0242857 1.0242857 1.0242857 0.75142857 0.75142857 0.75142857 0.41714286 0.41714286 0.41714286 0.41714286 -0.024285701 -0.024285714 -0.024285714 -0.024285714 -0.024285714 0.87 0.87
0.47714286 0.29897615 -0.0014285714 -0.0014285714 -0.0014285714 -0.0014285714 0.21424338 0.21428571 0.21428573 0.73142857 0.73142857 0.73142857 0.73142857 0.73142857 0.81872591 1.1271429 1.1271429 1.1271429 1.4160636 1.4171425 1.4171429 1.4171429 1.4171429 1.4171429 0.96857143 0.96857143 0.96857143 0.96857143 0.59142857 0.90285714 0.90285714 0.90285714 0.76857144 0.76857143 0.76857143 1.0571429 1.0243292 1.0242857 1.0242857 0.75146656 0.82707602 1.00353 0.41714286 0.41714286 0.80736346 0.80857143 0.80857143 -0.02304569 0.72594053 0.72857136 0.72857129 0.97141316 0.87000021
0.47714286 0.1226409 0.056405261 -0.0014285714 -0.0014285714 0.21415826 0.21428571 0.21428571 0.21428571 0.21801239 0.73142857 0.73142857 0.73142857 0.73142862 1.1271429 1.1271429 1.1271429 1.1271429 1.4168838 1.4171429 1.4171429 1.4171429 1.4171429 1.4171429 0.96857144 0.96857143 0.96857143 0.96857143 0.96833241 0.90285714 0.90285714 0.90285714 1.5428571 0.76861947 1.0571429 1.0571429 1.0571429 1.060658 1.0055637 1.0042857 1.0042857 1.0042857 1.0328571 1.0328571 0.80857143 0.80857143 0.80857143 0.72857143 0.72857143 0.72857143 0.72857143 0.97142857 0.97142857
0.11311661 0.11285714 0.11285714 0.11285714 0.038571429 0.21428118 0.21428571 0.21428571 0.21428571 0.21428571 0.72061292 0.73142671 0.73142857 1.1271429 1.1271429 1.1271429 1.1271429 1.1271429 1.1442859 1.4171429 1.4171429 1.4171429 1.4171429 1.4171429 1.3746591 1.6485677 1.6485714 1.6485714 1.6485714 0.90285718 1.5428571 1.5428571 1.5428571 1.5428571 1.0571429 1.0571513 1.3771429 1.3771429 1.0089414 1.0042857 1.0042857 1.0042857 1.0328571 1.0328571 0.84329858 0.80857143 0.80857143 0.72857143 0.72857143 0.72857143 0.73117549 0.97142857 0.97142857
0.11285714 0.11285714 0.11285714 0.077874892 0.038571429 0.038571429 0.21428571 0.21428571 0.21428571 0.21428571 0.58857143 0.58857143 0.58857143 1.1271429 1.1271429 1.1271429 1.1271429 1.1271329 1.0385714 1.0385714 1.4171427 1.4171429 1.4145344 1.31 1.313048 1.6485714 1.6485714 1.6485714 1.6485714 1.5428679 1.5428571 1.5428571 1.5428571 1.5428571 1.3771417 1.3771429 1.3771429 1.3771429 1.3758615 1.0042857 1.0042857 1.0042857 1.0328571 1.0328571 1.0328571 0.80857143 0.80857143 0.72857144 0.72857143 0.72857143 0.97142857 0.97142857 0.97142857
0.11285714 0.11285714 0.11285714 0.038571429 0.038571429 0.038571429 0.038571697 0.21428571 0.21428571 0.58818506 0.58857143 0.58857143 0.58857143 0.58890698 1.0785775 1.0671429 1.0671429 1.0671429 1.0385714 1.0385714 1.0385714 1.31 1.31 1.31 1.3100144 1.497958 1.6485714 1.6485714 1.6485714 1.9286491 2.0142393 2.0142857 2.0142857 2.0142857 1.5950876 1.8999988 1.9 1.9 1.9 1.449939 1.45 1.45 1.0328571 1.0328571 1.2985703 1.2985714 1.2028571 1.2028571 1.1642857 1.1642857 1.1642857 0.97142857 1.1227217
0.11285858 0.11285714 0.11285714 0.038571429 0.038571429 0.038571429 0.038571432 0.31428569 0.21468555 0.58846002 0.58857143 0.58857143 0.58857143 0.58951052 1.0671429 1.0671429 1.0671429 1.0671428 1.0385714 1.0385714 1.0385714 1.31 1.31 1.31 1.3614286 1.3614286 1.6271429 1.6271429 1.6271429 1.6292548 2.0142857 2.0142857 2.0142857 2.0142857 1.9571742 1.9 1.9 1.9 1.9 1.45 1.45 1.45 1.4452355 1.2985714 1.2985714 1.2985714 1.2028571 1.2028571 1.1642857 1.1642857 1.1642857 1.1228571 1.1228571
0.57714286 0.37047593 0.49571429 0.49558166 0.038571429 0.31269044 0.31428571 0.31428571 0.43817445 0.46571429 0.46571429 0.46571429 0.46571429 0.64856548 0.64857143 1.0671425 1.0671429 1.06639 1.0385714 1.0385714 1.0385714 0.99142857 0.99142857 0.99142857 1.3614286 1.3614286 1.6271429 1.6271429 1.6271429 1.6271431 1.8928579 1.8928575 2.0112338 2.0141555 1.7317519 1.7314286 1.7314286 1.7314286 1.7314286 1.45 1.45 1.45 1.3069092 1.2985714 1.2985714 1.2985713 1.2028571 1.2028571 1.2028558 1.1642857 1.1642774 0.97857143 1.1228571
0.86280288 0.86285708 0.49571429 0.49571429 0.49571429 0.31428571 0.31428571 0.31428571 0.65428571 0.65428571 0.46571429 0.46571429 0.46571429 0.64857143 0.64857143 0.64857143 0.64857143 0.6486163 1.0385714 1.0385714 1.0385714 0.99142857 0.99142857 0.99142857 1.3614286 1.3614286 1.6271429 1.6271429 1.6271429 1.8898612 1.8928571 1.8928571 1.8928571 1.8928571 1.7315082 1.7314286 1.7314286 1.7314286 1.7314286 0.97285727 0.97285714 0.97285714 0.97285714 1.2985649 0.44285714 0.44285714 0.44285714 0.72714286 0.72714286 0.72714286 0.97857143 0.97857143 0.97857143
0.86285714 0.86285714 0.49571429 0.49571429 0.49571429 0.31523934 0.31428571 0.65428571 0.65428571 0.65428571 0.4657375 0.46571429 0.33380701 0.64857135 0.64857143 0.64857143 0.64857143 0.18714286 0.18714286 0.18714286 0.45428573 0.45428611 0.99142595 0.99142857 0.99169338 1.2628571 1.2628571 1.262858 1.627084 1.752885 1.7528579 1.7528816 1.8926179 1.8927363 1.7600874 1.7314281 1.7273066 0.50142857 0.50142857 0.97285714 0.97285714 0.97285714 0.97285714 0.44285714 0.44285714 0.44285714 0.44285714 0.72714286 0.72714286 0.72714286 0.97857143 0.97857143 0.97857143
0.86285714 0.86285714 0.49571429 0.49571429 0.49571429 0.49571429 0.44153778 0.65428571 0.65428571 0.65428571 0.65409238 0.30428571 0.30428571 0.30428571 0.64654247 0.64857143 0.1902177 0.18714286 0.18714286 0.18714286 0.45428571 0.45428571 0.45428571 0.45428571 1.2628571 1.2628571 1.2628571 1.2628571 1.2628571 1.7528571 1.7528571 1.7528571 1.7528571 1.7528568 1.5842857 0.50142857 0.50142857 0.50142857 0.50142857 0.50142824 0.32285714 0.32285714 0.32285714 0.35586354 0.42428571 0.42428571 0.42428571 0.72714285 0.72714289 0.76285714 0.76285714 1.2670727 1.2671429
0.86285714 0.86285714 0.62822708 0.49571429 0.49571429 0.49571429 0.56872353 0.65401559 0.65428571 0.65428571 0.30428576 0.30428571 0.30428571 0.30428571 0.30428571 0.33248828 0.18714286 0.18714286 0.18714286 0.18714286 0.45428365 0.45428571 0.45428571 0.45428571 1.2628571 1.2628571 1.2628571 1.2628571 1.2628571 1.1015198 1.7528571 1.7528571 1.7528571 1.5842857 1.5842857 1.5834448 0.50142857 0.50142857 0.66865419 0.7985714 0.32285714 0.32285714 0.32285714 0.35662123 0.42428571 0.42428571 0.42428571 0.83 0.76369374 0.76285714 0.76285714 1.2671429 1.2671429
0.91714286 0.91714286 0.91714286 0.60137801 0.49608814 0.56857143 0.56857143 0.56857143 0.56857143 0.52714286 0.52714286 0.30428573 0.30428571 0.30428571 0.30428571 0.30427828 0.18714286 0.18714286 0.18714286 0.18714286 0.33771324 0.45428571 0.45428571 0.44736925 0.23777311 1.2628571 1.2628571 1.2628571 0.87142857 0.87142857 0.87142857 0.87143227 1.5842857 1.5842857 1.5842857 1.5842857 0.79857143 0.79857143 0.79857143 0.79857143 0.48857143 0.48857143 0.48857143 0.75713746 0.75714286 0.75714286 0.75714275 0.83 0.83 0.76293895 0.76285714 1.2671413 1.2671429
