interpolatedSpi/04-10|21_3.tif
NCOLS 53
NROWS 52
XLLCORNER -116.03883
YLLCORNER 28.596182
DX 0.49850594
DY 0.49788537
NODATA_VALUE -9999
[rows 0 to 27 of 52, columns 0 to 52 of 53]
-1.0857143 -1.0857143 -1.2386801 -1.2914286 -1.1885714 -1.5728571 -1.3442857 -1.2228571 -1.3054131 -1.39 -1.6871429 -1.23 -1.7571171 -1.4442857 -1.5285714 -1.5285714 -1.5285714 -0.68142857 -0.98428571 -0.98428571 -0.98428571 -0.98427804 -0.18714287 -1.3085714 -1.3085714 -1.3085714 -0.94428647 -0.94428571 -0.94428571 -0.62857143 -0.62857143 -0.62857143 -0.62857143 -0.87714281 -0.87714286 -0.87714286 -0.87714286 -0.87714286 -0.87714286 -0.87714286 -1.1131719 -1.1155256 -0.37428571 -0.37428571 -0.37428571 -0.37428571 -0.37352504 0.091428571 0.091428571 0.091428571 0.57714185 0.57714286 0.57714286
-1.0857459 -1.7971429 -1.337142 -1.3261452 -1.5370822 -0.92428571 -1.1628571 -1.3027669 -1.5871429 -1.5728571 -1.4942857 -1.7571429 -1.7571429 -1.2136288 -1.4442837 -1.5285714 -0.68142857 -0.68142857 -0.98389083 -0.98428571 -0.98428571 -0.98428571 -1.3078947 -1.3085714 -1.3085714 -1.3085714 -1.24 -1.24 -0.62857143 -0.62857143 -0.62857143 -0.62857143 -0.62857143 -0.87714282 -0.87714286 -0.87714286 -0.87714286 -0.87714286 -0.87714286 -0.88176325 -0.89714681 -0.43773036 -0.37428571 -0.37428571 -0.37428571 -0.37428571 -0.37428571 0.091428571 0.091428571 0.091428571 0.13170446 0.57714286 0.57714286
-1.4699804 -1.47 -0.60571429 -0.71142857 -0.77 -1.1685714 -0.51857143 -0.96428571 -1.47 -1.3814286 -1.3128571 -1.6871429 -1.1514286 -1.4314286 -1.2128571 -1.7842857 -0.68142857 -0.68142857 -0.68142857 -1.1271013 -1.1271429 -1.1271429 -1.2957143 -1.3085714 -1.3085714 -1.3085714 -1.24 -1.24 -1.24 -0.62857143 -0.62857143 -0.62857142 -0.58937171 -0.87705607 -0.87804705 -0.97339555 -0.97428571 -0.97428571 -0.96458318 -0.89714286 -0.89714286 -0.89647425 -0.37428571 -0.37428571 -0.37428571 -0.37428571 -0.37428571 0.091428571 0.091428571 0.091428571 0.091428572 0.57714286 0.57714286
0.02 -1.4699999 -0.80283044 -0.19285714 -0.73428571 -0.80428571 -0.60285714 -0.89142857 -0.79857143 -1.1731341 -1.3371429 -1.5671429 -1.5171429 -1.4314286 -1.2942857 -1.7842857 -1.9260499 -1.92627 -1.7257143 -1.1271429 -1.1271429 -1.4628571 -1.2957143 -1.2957143 -1.3085714 -1.3085711 -1.24 -1.24 -1.24 -0.88285714 -0.69865819 -0.54714286 -0.54714286 -0.54714319 -0.97428571 -0.97428571 -0.97428571 -0.97428571 -0.89714286 -0.89714286 -0.89714286 -0.89714284 -0.37428571 -0.37428571 -0.37428571 -0.37428571 -0.37428571 0.091422697 0.091428571 0.091428571 0.091428571 0.57710007 0.57714286
0.02 0.25999805 -0.80285714 -1.126175 -0.73428571 -0.53714286 -1.2242597 -1.0457143 -1.1685714 -1.0314287 -1.3455386 -1.497104 -1.2257143 -1.2942857 -1.2942857 -1.6243883 -1.9271429 -1.9271429 -1.7257143 -1.7257143 -1.1271435 -1.4628571 -1.3328571 -0.96285714 -0.78571429 -0.78560348 -1.24 -1.24 -0.88285714 -0.88285714 -0.54714286 -0.54714286 -0.54714286 -0.54848975 -0.97428571 -0.97428571 -0.97428571 -0.89714286 -0.89714286 -0.89714286 -0.89714286 -0.89713196 -0.37428572 -0.37428571 -0.37428571 -0.37428571 -0.37428571 -0.37014028 0.091428571 0.091391611 -0.73285714 -0.73285714 -0.73285714
-1.5757143 -0.56857143 -0.73142857 -0.85714286 -1.0685714 -0.94714286 -1.3257143 -1.2898663 -1.0228571 -0.6 -0.52571429 -0.21571429 -0.21571495 -1.2228571 -1.2228571 -1.6456308 -1.6457143 -1.5671429 -1.5671429 -1.7257135 -0.97142857 -0.97142857 -0.96285714 -0.78571429 -0.78571429 -0.31142857 -0.47428571 -0.47428571 -0.40147216 -0.88285714 -0.54714286 -0.54714286 -0.55428571 -0.55425765 -0.28573369 -0.86142857 -0.86142857 -0.88609383 -0.89714286 -0.89714286 -0.78442647 -0.78428571 -0.78428488 -1.2990955 -1.3156102 -1.315714 -1.3157143 -1.3157139 -0.55207676 -0.73285714 -0.73285714 -0.73285714 -0.73285714
-0.19142895 -0.56571429 -0.11764725 -0.56428572 -0.90857143 -1.3814286 -0.76 -0.71 -0.73714286 -0.73714286 -0.52571429 -0.94714286 -1.1342857 -1.2228571 -1.2999998 -1.3 -1.6457143 -1.0171429 -0.85285714 -0.85285714 -0.97344828 -0.97571429 -0.97571429 -0.21285715 -0.31142857 -0.31142857 -0.47428571 -0.47428571 -0.40142308 -0.40132741 -0.19890706 -0.55428571 -0.55428571 -0.28571429 -0.28571429 -0.92911955 -0.86142857 -0.86142857 -1.051422 -0.78428609 -0.78428571 -0.78428571 -0.78428071 -1.3157103 -1.3157143 -1.3157143 -1.3157143 -1.3157138 -0.54285714 -0.73281949 -0.73285714 -0.73285714 -0.73285714
-0.19142857 0.13285714 0.25714286 -1.0614286 -1.1285676 -1.0771429 -0.66714286 -1.3428571 -1.3028571 -0.89571429 -0.89571429 -1.1885714 -1.1342857 -1.1342857 -1.298863 -1.4183984 -1.43 -0.89142857 -0.91428565 -0.85285714 -0.10336913 -0.10142857 -0.0042857143 0.31857143 0.31857112 0.29428571 -0.56571429 -0.56571425 -0.30747325 -0.30714286 -0.19857143 -0.7603102 -0.76142857 -0.28571429 -0.30404934 -0.98571429 -0.98571429 -1.0514286 -1.0514286 -0.78428571 -0.78428571 -0.78428571 -0.5991564 -0.60000004 -1.3157143 -1.3157143 -1.3157143 -0.54288656 -0.54285714 -0.54285714 -0.73285714 -0.73285714 -0.73285714
0.038793508 0.13285715 0.56714286 -0.10714286 -0.40285714 -0.90857143 -1.0085714 -1.0614286 -1.22 -1.0627909 -1.05 -1.1042857 -1.1042857 -1.15 -1.1499979 -1.0140198 -1.0128571 -1.0128571 -0.89491775 -0.30571425 -0.12428571 -0.12428571 -0.18571429 -0.075783729 0.29673307 0.29428571 -0.53142857 -0.56571429 -0.42084675 -0.42 -0.76 -0.24142857 -0.216248 -0.88714286 -0.92857143 -1.0214286 -1.0028571 -0.99857143 -0.84150113 -0.78271064 -0.43142857 -0.44142857 -0.59994163 -0.6 -0.60402843 -1.3157143 -1.1685714 -0.54285715 -0.54285714 -0.54285714 -0.54285714 -0.72129573 -0.11571429
-0.48714286 -0.48714286 0.76571429 0.15285714 -0.37 -0.89714286 -1.2557143 -0.97571429 -0.97571429 -1.0228878 -1.2814286 -0.38714286 -1.15 -1.15 -0.92428571 -0.92550051 -1.0128571 -1.0127925 -0.71714286 -0.30571429 -0.30571429 -0.2823402 -0.18571429 -0.27285549 -0.27285714 -0.27285714 -0.53142857 0.018571428 0.018571428 -0.42 -0.42 -0.24133374 -0.19142857 -0.88714286 -0.39142857 -1.0214286 -1.0028571 -0.74285714 -0.84142857 -0.92856454 -0.44142857 -0.36796069 -0.24142857 -0.6 -0.6 -1.1685714 -1.1685714 -1.1685714 -0.54285714 -0.54285714 -0.64 -0.64 -0.6399998
-0.48714286 -0.48714286 -0.048571429 -0.58571429 -0.91 -0.17 -0.69142858 -1.0928824 -1.1114286 -0.95857143 -1.0728571 -0.98428571 -0.38793896 -0.92428571 -0.92428571 -0.92427517 -0.83285714 -0.82678391 -0.71714286 -1.0457143 -1.0457143 -0.45857143 -0.45857143 -0.27285714 -0.27285714 -0.27285714 0.018571429 0.018571429 0.018571429 -0.51 -0.51 -0.50999947 -0.62285714 -0.62285714 -1.0585714 -1.2642857 -0.72142857 -1.499989 -1.1471429 -0.93 -0.93 -0.72571269 -0.24142857 -0.6 -0.85428578 -1.0057143 -0.72762157 -0.72571429 -0.60428571 -0.60428571 -0.64 -0.64 -0.64
-0.48714286 -0.29790997 -0.27778944 -0.87855967 -0.15 -0.86142857 -0.69142857 -1.0928571 -1.1114284 -0.9602649 -0.98428568 -0.98428571 -0.82571429 -0.92428571 -0.92428571 -0.83285715 -0.83285714 -0.83285056 -0.71714286 -1.0457143 -0.93041137 -0.45857143 -0.45857143 -0.27286532 -0.27285714 -0.36818582 -0.56285714 -0.56285714 -0.56285707 -0.51 -0.51 -0.82142857 -0.82142857 -0.62285834 -1.0585714 -0.95857154 -0.6385029 -1.5 -1.5 -0.92999999 -0.72571429 -0.72571429 -0.72571514 -0.85428571 -0.85428571 -1.0057143 -0.72571429 -0.72571429 -0.60428571 -0.60428571 -0.64 -0.64 -0.64
-1.62 -0.73913211 -0.78999186 -0.79063026 -0.15000377 -0.86141177 -0.69142858 -1.0879158 -1.1101488 -1.1074371 -0.82571429 -0.82571429 -0.82571429 -0.82571429 -0.92427175 -0.83285714 -0.83285714 -0.83136309 -0.71714286 -1.0457556 -1.1957143 -1.1957143 -1.1957143 -1.1957143 -0.28871074 -0.56285714 -0.56285714 -0.56285714 -0.56285714 -0.5629081 -0.82142857 -0.82142857 -0.82142857 -0.82142857 -0.95857143 -0.95857143 -0.95857143 -1.4723824 -1.4980258 -1.2371429 -1.2371429 -0.72574179 -1.095706 -0.85430897 -0.85428571 -1.0057143 -0.72571429 -0.72571429 -0.60428572 -0.60428571 -0.63987043 -0.64 -0.38707067
-1.62 -0.79 -0.79 -0.79 -0.79 -0.79000003 -0.69186362 -0.88137205 -1.1067345 -0.82601822 -0.82571429 -0.82571429 -0.82571429 -0.82571429 -0.8257145 -0.83285714 -0.83285712 -0.82491993 -0.71714602 -1.1957143 -1.1957143 -1.1957143 -1.1957143 -1.1957143 -1.1870651 -0.75869684 -0.85857137 -0.85857143 -0.85857143 -0.85857143 -0.82142857 -0.82142857 -0.82142868 -0.90857143 -0.90857143 -0.95857143 -0.89885108 -0.89714286 -1.2371427 -1.2371429 -1.2371429 -1.2371429 -1.0957143 -1.0957143 -1.0957143 -1.095088 -1.1274277 -1.13 -1.13 -1.13 -1.13 -0.36571434 -0.36571429
-1.53 -0.79 -0.79 -0.79 -0.79 -0.79 -0.78999999 -0.88343995 -1.1213404 -1.1214286 -1.1214286 -1.1214286 -1.1214286 -1.1214286 -1.1214286 -1.0668082 -0.83654218 -0.81701207 -1.1956542 -1.1957143 -1.1957143 -1.1957143 -1.1957143 -1.1957141 -0.79571429 -0.79571429 -0.79571437 -0.85857143 -0.85857143 -0.85803935 -0.59285714 -0.59285714 -0.90857143 -0.90857143 -0.90857143 -0.89897344 -0.89714286 -0.89714286 -0.89714286 -1.2371429 -1.2371429 -1.2371429 -1.0957143 -1.0957143 -1.0957143 -1.0957143 -1.13 -1.13 -1.13 -1.13 -1.13 -0.36571429 -0.36571429
-1.53 -1.2545064 -0.79 -0.79 -0.79 -0.79 -1.1270767 -1.1271429 -1.1271429 -1.1214286 -1.1214286 -1.1214286 -1.1214286 -1.1214286 -1.1091376 -1.0657143 -1.0657143 -1.0657143 -0.99489915 -0.99428592 -0.99428571 -0.99428571 -0.99428571 -0.99428571 -0.79571429 -0.79571429 -0.79571429 -0.79571429 -0.85857143 -0.59285714 -0.59285714 -0.59285714 -0.9085714 -0.90857143 -0.90857143 -0.55142857 -0.89668512 -0.89714286 -0.89714286 -1.2369968 -0.94566511 -0.26576907 -1.0957143 -1.0957143 -0.9191181 -0.91857143 -0.91857143 -1.1289226 -0.47657714 -0.47428577 -0.47428584 0.16991875 -0.3657132
-1.53 -1.2338865 -1.0104915 -0.79 -0.79 -1.1269437 -1.1271429 -1.1271429 -1.1271429 -1.1271017 -1.1214286 -1.1214286 -1.1214286 -1.1214286 -1.0657143 -1.0657143 -1.0657143 -1.0657143 -0.99434952 -0.99428571 -0.99428571 -0.99428571 -0.99428571 -0.99428571 -0.79571429 -0.79571429 -0.79571429 -0.79571429 -0.79497642 -0.59285714 -0.59285714 -0.59285714 -0.56571429 -0.90852682 -0.55142857 -0.55142857 -0.55142857 -0.54575387 -0.30300375 -0.26285714 -0.26285714 -0.26285714 -0.79285714 -0.79285714 -0.91857143 -0.91857143 -0.91857143 -0.47428572 -0.47428571 -0.47428571 -0.47428571 0.17 0.17
-1.2258876 -1.2257143 -1.2257143 -1.2257143 -0.96571429 -1.1271387 -1.1271429 -1.1271429 -1.1271429 -1.1271429 -1.1047728 -1.1214257 -1.1214286 -1.0657143 -1.0657143 -1.0657143 -1.0657143 -1.0657143 -1.0497435 -0.99428571 -0.99428571 -0.99428571 -0.99428571 -0.99428571 -0.81383417 -0.67428637 -0.67428571 -0.67428571 -0.67428571 -0.59285714 -0.56571429 -0.56571429 -0.56571429 -0.56571429 -0.55142857 -0.55141492 -0.032857143 -0.032857143 -0.25998525 -0.26285714 -0.26285714 -0.26285714 -0.79285714 -0.79285714 -0.89910653 -0.91857143 -0.91857143 -0.47428571 -0.47428571 -0.47428571 -0.4673773 0.17 0.17
-1.2257143 -1.2257143 -1.2257143 -1.1032764 -0.96571429 -0.96571429 -1.1271429 -1.1271429 -1.1271429 -1.1271429 -0.90142857 -0.90142857 -0.90142857 -1.0657143 -1.0657143 -1.0657143 -1.0657143 -1.0656024 -0.90142857 -0.90142857 -0.99428568 -0.99428571 -0.9956769 -1.0514286 -1.0480333 -0.67428571 -0.67428571 -0.67428571 -0.67428571 -0.56572534 -0.56571429 -0.56571429 -0.56571429 -0.56571429 -0.032858966 -0.032857143 -0.032857143 -0.032857143 -0.033685132 -0.26285714 -0.26285714 -0.26285714 -0.79285714 -0.79285714 -0.79285714 -0.91857143 -0.91857143 -0.47428572 -0.47428571 -0.47428571 0.17 0.17 0.17
-1.2257143 -1.2257143 -1.2257143 -0.96571429 -0.96571429 -0.96571429 -0.96571453 -1.1271429 -1.1271429 -0.90166157 -0.90142857 -0.90142857 -0.90142857 -0.90153092 -0.51761968 -0.38857143 -0.38857143 -0.38857143 -0.90142857 -0.90142857 -0.90142857 -1.0514286 -1.0514286 -1.0514286 -1.0511793 -0.40527968 -0.67428571 -0.67428571 -0.67428571 -0.50546395 -0.48857902 -0.48857143 -0.48857143 -0.48857143 -0.1710762 -0.36428496 -0.36428571 -0.36428571 -0.36428571 -0.3785556 -0.37857143 -0.37857143 -0.79285714 -0.79285714 -0.75428588 -0.7542856 -0.43571429 -0.43571429 -0.09 -0.09 -0.09 0.17 0.37981223
-1.2257113 -1.2257143 -1.2257143 -0.96571429 -0.96571429 -0.96571429 -0.96571428 -0.46142877 -1.1244811 -0.9010555 -0.90142857 -0.90142857 -0.90142857 -0.9004222 -0.38857143 -0.38857143 -0.38857143 -0.38857158 -0.90142857 -0.90142857 -0.90142857 -1.0514286 -1.0514286 -1.0514286 -0.16142857 -0.16142857 -0.41857142 -0.41857143 -0.41857143 -0.4189533 -0.48857143 -0.48857143 -0.48857143 -0.48857143 -0.42646274 -0.36428571 -0.36428571 -0.36428571 -0.36428571 -0.37857143 -0.37857143 -0.37857143 -0.39039284 -0.75428571 -0.75428571 -0.75428571 -0.43571429 -0.43571429 -0.09 -0.09 -0.09 0.37999998 0.38
-0.25857143 -0.70723688 -0.68428571 -0.68436736 -0.96571429 -0.46434635 -0.46142857 -0.46142857 -0.45101775 -0.49 -0.49 -0.49 -0.49 0.22569099 0.22571428 -0.38857096 -0.38857143 -0.40208446 -0.90142857 -0.90142857 -0.90142857 0.061428571 0.061428571 0.061428571 -0.16142857 -0.16142857 -0.41857143 -0.41857143 -0.41857143 -0.41857136 -0.32714388 -0.32714331 -0.48451416 -0.48839837 -0.62983613 -0.63 -0.63 -0.63 -0.63 -0.37857143 -0.37857143 -0.37857143 -0.73359764 -0.75428571 -0.75428571 -0.75428567 -0.43571429 -0.43571429 -0.43570184 -0.09 -0.090025936 -0.67 0.38
-0.53851826 -0.53857145 -0.68428571 -0.68428571 -0.68428571 -0.46142857 -0.46142857 -0.46142857 -0.43285714 -0.43285714 -0.49 -0.49 -0.49 0.22571429 0.22571429 0.22571429 0.22571429 0.22558687 -0.90142857 -0.90142857 -0.90142853 0.061428571 0.061428571 0.061428571 -0.16142857 -0.16142857 -0.41857143 -0.41857143 -0.41857143 -0.32817372 -0.32714286 -0.32714286 -0.32714286 -0.32714286 -0.62985056 -0.63 -0.63 -0.63 -0.63 -0.27428574 -0.27428571 -0.27428571 -0.27428571 -0.754284 -0.53142857 -0.53142857 -0.53142857 -0.66142857 -0.66142857 -0.66142857 -0.67 -0.67 -0.67
-0.53857143 -0.53857143 -0.68428571 -0.68428571 -0.68428571 -0.46259995 -0.46142857 -0.43285714 -0.43285714 -0.43285714 -0.48999297 -0.49 -0.23318937 0.22571419 0.22571429 0.22571429 0.22571429 -0.069999999 -0.07 -0.07 -0.33999999 -0.3399997 0.061426616 0.061428571 0.061060256 -0.45428571 -0.45428571 -0.45428563 -0.4185772 -0.10861499 -0.10857259 -0.10860959 -0.3267693 -0.32695423 -0.57591738 -0.62999982 -0.62842492 -0.16 -0.16 -0.27428571 -0.27428571 -0.27428571 -0.27428571 -0.53142857 -0.53142857 -0.53142857 -0.53142857 -0.66142857 -0.66142857 -0.66142857 -0.67 -0.67 -0.67
-0.53857143 -0.53857143 -0.68428571 -0.68428571 -0.68428571 -0.68428571 -0.45073512 -0.43285714 -0.43285714 -0.43285714 -0.4327151 -0.17571429 -0.17571429 -0.17571429 0.22334857 0.22571429 -0.068029433 -0.07 -0.07 -0.07 -0.34 -0.34 -0.34 -0.34 -0.45428571 -0.45428571 -0.45428571 -0.45428571 -0.45428571 -0.10857143 -0.10857143 -0.10857143 -0.10857143 -0.10857133 -0.062857143 -0.16 -0.16 -0.16 -0.16 -0.1600007 -0.36285714 -0.36285714 -0.36285714 -0.52463234 -0.86 -0.86 -0.86 -0.66142858 -0.66142855 -0.64142857 -0.64142857 -0.50004136 -0.5
-0.53857143 -0.53857143 -0.63169309 -0.68428571 -0.68428571 -0.68428571 -0.32875649 -0.43252849 -0.43285714 -0.43285714 -0.17571424 -0.17571429 -0.17571429 -0.17571429 -0.17571429 -0.14279475 -0.07 -0.07 -0.07 -0.07 -0.33999791 -0.34 -0.34 -0.34 -0.45428571 -0.45428571 -0.45428571 -0.45428571 -0.45428571 -0.10434882 -0.10857143 -0.10857143 -0.10857143 -0.062857143 -0.062857143 -0.062932577 -0.16 -0.16 0.065915376 0.24142853 -0.36285714 -0.36285714 -0.36285714 -0.519785 -0.86 -0.86 -0.86 0.23142857 -0.63055286 -0.64142857 -0.64142857 -0.5 -0.5
-0.28 -0.28 -0.28 -0.58292017 -0.68347539 -0.32857143 -0.32857143 -0.32857143 -0.32857143 0.019999997 0.02 -0.17571427 -0.17571429 -0.17571429 -0.17571429 -0.17570757 -0.07 -0.07 -0.07 -0.07 -0.22218076 -0.34 -0.34 -0.33244797 -0.069367347 -0.45428571 -0.45428571 -0.45428571 -0.10285714 -0.10285714 -0.10285714 -0.10285717 -0.062857143 -0.062857143 -0.062857143 -0.062857143 0.24142857 0.24142857 0.24142857 0.24142857 -0.18428571 -0.18428571 -0.18428571 -0.07143084 -0.071428571 -0.071428571 -0.071428821 0.23142857 0.23142857 -0.64036504 -0.64142857 -0.49999413 -0.5
-0.28 -0.28 -0.28 -0.27999192 -0.13 -0.15887555 -0.32857143 -0.32857143 -0.32857143 0.02 0.02 0.02 0.16857141 0.16857143 0.16857143 0.16857141 -0.07042917 -0.07 -0.07 -0.07 -0.074078406 -0.051429364 -0.051428571 -0.051428571 -0.051428571 -0.051428578 -0.14142857 -0.14142857 -0.10285714 -0.10285714 -0.10285714 -0.10285714 -0.062856681 -0.062857143 -0.062857143 -0.062805014 0.24142856 0.24142857 0.24142857 0.23971771 -0.18428571 -0.18428571 -0.18428571 -0.071433805 -0.071428571 -0.071428571 -0.071428571 0.23142857 0.23142857 0.23142863 0.66428571 0.66428571 0.57142857
