interpolatedSpi/04-12|21_3.tif
NCOLS 53
NROWS 52
XLLCORNER -116.03883
YLLCORNER 28.596182
DX 0.49850594
DY 0.49788537
NODATA_VALUE -9999
[rows 0 to 27 of 52, columns 0 to 52 of 53]
-0.81888889 -0.81888889 -0.83989648 -0.96 -0.85333333 -1.2488889 -1.1877778 -1.1477778 -1.1951986 -1.37 -1.4966667 -0.98222222 -1.356619 -0.77777778 -0.82777778 -0.82777778 -0.82777778 -0.49555556 -0.81 -0.81 -0.81 -0.80999395 -0.18222223 -1.2466667 -1.2466667 -1.2466667 -0.87777658 -0.87777778 -0.87777778 -0.66111111 -0.66111111 -0.66111111 -0.66111111 -1.1799999 -1.18 -1.18 -1.18 -1.18 -1.18 -1.18 -0.81614119 -0.81211118 -0.37555556 -0.37555556 -0.37555556 -0.37555556 -0.37518715 -0.15 -0.15 -0.15 0.31777681 0.31777778 0.31777778
-0.81891732 -1.4588889 -1.0022215 -0.97869935 -1.1644549 -0.66666667 -0.91666667 -1.1555013 -1.5122222 -1.4766667 -1.2211111 -1.3566667 -1.3566667 -1.1786588 -0.77778308 -0.82777778 -0.49555556 -0.49555556 -0.80959001 -0.81 -0.81 -0.81 -1.2402332 -1.2466667 -1.2466667 -1.2466667 -1.1277778 -1.1277778 -0.66111111 -0.66111111 -0.66111111 -0.66111111 -0.66111111 -1.1799999 -1.18 -1.18 -1.18 -1.18 -1.18 -1.1024673 -0.70336448 -0.41532896 -0.37555556 -0.37555556 -0.37555556 -0.37555556 -0.37555556 -0.15 -0.15 -0.15 -0.11121142 0.31777778 0.31777778
-1.1955438 -1.1955556 -0.41 -0.54888889 -0.68444444 -1.0611111 -0.51555556 -1.0511111 -1.4666667 -1.3433333 -1.1744444 -1.49 -1.0144444 -0.96888889 -1.18 -1.6255556 -0.49555556 -0.49555556 -0.49555556 -0.92441118 -0.92444444 -0.92444444 -1.1244444 -1.2466667 -1.2466667 -1.2466667 -1.1277778 -1.1277778 -1.1277778 -0.66111111 -0.66111111 -0.6611111 -0.59424999 -1.1788366 -1.1771973 -0.88164811 -0.87888889 -0.87888889 -0.85680863 -0.70333333 -0.70333333 -0.70291419 -0.37555556 -0.37555556 -0.37555556 -0.37555556 -0.37555556 -0.15 -0.15 -0.15 -0.15 0.31777778 0.31777778
-0.18555556 -1.1955555 -0.84664573 -0.14555556 -0.77777778 -0.77 -0.66222222 -0.99555556 -0.90888889 -1.0808474 -1.2411111 -1.5911111 -1.5466667 -0.96888889 -1.1677778 -1.6255556 -1.6795834 -1.6791701 -1.6588889 -0.92444444 -0.92444444 -1.3066667 -1.1244444 -1.1244444 -1.2466667 -1.2466661 -1.1277778 -1.1277778 -1.1277778 -0.91555556 -0.69974232 -0.52222222 -0.52222222 -0.5222225 -0.87888889 -0.87888889 -0.87888889 -0.87888889 -0.70333333 -0.70333333 -0.70333333 -0.70333332 -0.37555556 -0.37555556 -0.37555556 -0.37555556 -0.37555556 -0.15000285 -0.15 -0.15 -0.15 0.31773786 0.31777778
-0.18555556 0.014442865 -0.84666667 -1.0590109 -0.77777778 -0.69666667 -1.1777616 -1.1488889 -1.2566667 -0.97666677 -1.1223912 -1.1933176 -1.0833333 -1.1677778 -1.1677778 -1.4749315 -1.68 -1.68 -1.6588889 -1.6588889 -0.92444516 -1.3066667 -1.0755556 -0.78888889 -0.58555556 -0.58545851 -1.1277778 -1.1277778 -0.91555556 -0.91555556 -0.52222222 -0.52222222 -0.52222222 -0.51258397 -0.87888889 -0.87888889 -0.87888889 -0.70333333 -0.70333333 -0.70333333 -0.70333333 -0.70330974 -0.37555556 -0.37555556 -0.37555556 -0.37555556 -0.37555556 -0.37354783 -0.15 -0.15003383 -0.90444444 -0.90444444 -0.90444444
-1.4533333 -0.68666667 -0.6 -0.82 -0.92666667 -0.91888889 -1.1411111 -1.1421069 -0.78 -0.5 -0.59 -0.11111111 -0.11111175 -1.3911111 -1.3911111 -1.735412 -1.7355556 -1.4788889 -1.4788889 -1.6588881 -0.83111111 -0.83111111 -0.78888889 -0.58555556 -0.58555556 -0.17 -0.38111111 -0.38111111 -0.48003942 -0.91555556 -0.52222222 -0.52222222 -0.47111111 -0.47108116 -0.18446511 -0.67 -0.67 -0.69302091 -0.70333333 -0.70333333 -0.45919376 -0.45888889 -0.45888769 -0.92130403 -0.93104971 -0.93111096 -0.93111109 -0.9311109 -0.41485182 -0.90444444 -0.90444444 -0.90444444 -0.90444444
0.21887732 -0.38888889 -0.28559021 -0.36 -0.73777778 -1.2577778 -0.76222222 -0.78444444 -0.85444444 -0.85444444 -0.59 -1.03 -1.2644444 -1.3911111 -1.1411119 -1.1411111 -1.7355556 -1.0744444 -0.75111111 -0.75111111 -0.80859512 -0.78333333 -0.78333333 -0.12333334 -0.17 -0.17 -0.38111111 -0.38111111 -0.47999424 -0.4798939 -0.17729829 -0.47111111 -0.47111111 -0.18444444 -0.18444444 -0.66515876 -0.67 -0.67 -0.70111003 -0.45888923 -0.45888889 -0.45888889 -0.45888168 -0.93110649 -0.93111111 -0.93111111 -0.93111111 -0.93111076 -0.34 -0.90433259 -0.90444444 -0.90444444 -0.90444444
0.21888889 0.098888889 0.075555556 -1.0188889 -0.95555919 -0.95555556 -0.65333333 -1.2544444 -1.2411111 -1.0255556 -1.0255556 -1.2344444 -1.2644444 -1.2644444 -1.1419573 -1.4983302 -1.5333333 -0.86 -0.86777766 -0.75111111 -0.14931879 -0.15111111 0.046666667 0.24444444 0.24444413 0.22 -0.48 -0.47999997 -0.38145763 -0.38111111 -0.17666667 -0.71251344 -0.75333333 -0.18444444 -0.19648673 -0.66111111 -0.66111111 -0.70111111 -0.70111111 -0.45888889 -0.45888889 -0.45888888 -0.10382568 -0.10333338 -0.93111111 -0.93111111 -0.93111111 -0.3400225 -0.34 -0.34 -0.90444444 -0.90444444 -0.90444444
0.024379702 0.098888896 0.67555556 -0.24777778 -0.38111111 -0.71888889 -0.85666667 -0.85777778 -1.0355556 -0.8902447 -1.0022222 -1.0211111 -1.0211111 -1.0288889 -1.0288861 -1.0402669 -1.0388889 -1.0388889 -0.86118729 -0.38222217 -0.13 -0.13 -0.0011111111 0.027838231 0.22246335 0.22 -0.48333333 -0.48 -0.38610437 -0.38555556 -0.70111111 -0.27666667 -0.25092631 -0.69333333 -0.60666667 -0.68777778 -0.68555556 -0.89333333 -0.65455475 -0.45665204 0.042222222 -0.13666667 -0.10332321 -0.10333333 -0.10799251 -0.93111111 -0.93 -0.34000001 -0.34 -0.34 -0.34 -0.85879171 -0.094444444
-0.39222222 -0.39222222 1.0266667 0.53444444 -0.35888889 -0.70111111 -0.92666667 -0.61888889 -0.72 -0.85335172 -1.0855556 -0.31111111 -1.0288889 -1.0288889 -0.73111111 -0.73533242 -1.0388889 -1.0387982 -0.64111111 -0.38222222 -0.38222222 -0.34972754 -0.0011111111 -0.26999491 -0.27 -0.27 -0.48333333 0.034444444 0.034444444 -0.38555556 -0.38555556 -0.27656973 -0.22555556 -0.69333333 -0.13888889 -0.68777778 -0.68555556 -0.48222222 -0.65444444 -0.58995135 -0.13666666 -0.10156535 -0.041111111 -0.10333333 -0.10333333 -0.93 -0.93 -0.93 -0.34 -0.34 -0.53777778 -0.53777778 -0.53777761
-0.39222222 -0.39222222 0.18111111 -0.43333333 -0.97 -0.2 -0.80111111 -1.1321345 -1.0722222 -0.90888889 -1.0622222 -1.0488889 -0.31209437 -0.73111111 -0.73111111 -0.73109983 -0.63333333 -0.63374155 -0.64111111 -0.94555556 -0.94555556 -0.52 -0.52 -0.27 -0.27 -0.27 0.034444444 0.034444444 0.034444444 -0.34555556 -0.34555556 -0.34555536 -0.32777778 -0.32777778 -0.62333333 -0.73111111 -0.17555556 -0.88999056 -0.78222222 -0.58888889 -0.58888889 -0.39999882 -0.041111111 -0.10333333 -0.33444457 -0.56111111 -0.53393536 -0.53222222 -0.36777778 -0.36777778 -0.53777778 -0.53777778 -0.53777778
-0.39222222 -0.14481585 -0.081094249 -0.62443375 -0.13777778 -0.92888889 -0.80111111 -1.1322222 -1.0722227 -0.91069842 -1.0488887 -1.0488889 -0.83555556 -0.73111111 -0.73111111 -0.63333334 -0.63333333 -0.63333378 -0.64111111 -0.94555556 -0.8619851 -0.52 -0.52 -0.27001053 -0.27 -0.31492501 -0.40666667 -0.40666667 -0.40666661 -0.34555556 -0.34555556 -0.42666667 -0.42666667 -0.32777859 -0.62333333 -0.44111121 -0.11230507 -0.89 -0.89 -0.58888888 -0.4 -0.4 -0.39999947 -0.33444444 -0.33444444 -0.56111111 -0.53222222 -0.53222222 -0.36777778 -0.36777778 -0.53777778 -0.53777778 -0.53777778
-1.1544444 -0.49459934 -0.54332858 -0.54391324 -0.13778197 -0.92887021 -0.80111111 -1.1281464 -1.0763568 -1.0679572 -0.83555556 -0.83555556 -0.83555556 -0.83555556 -0.73112591 -0.63333333 -0.63333333 -0.63343376 -0.64111111 -0.94557258 -1.0111111 -1.0111111 -1.0111111 -1.0111111 -0.28265001 -0.40666667 -0.40666667 -0.40666667 -0.40666667 -0.40665438 -0.42666667 -0.42666667 -0.42666667 -0.42666667 -0.44111111 -0.44111111 -0.44111111 -0.86706236 -0.88847286 -0.68666667 -0.68666667 -0.40001542 -0.60332413 -0.33447034 -0.33444444 -0.56111111 -0.53222222 -0.53222222 -0.36777778 -0.36777778 -0.53716104 -0.53777778 -0.28638595
-1.1544444 -0.54333333 -0.54333333 -0.54333333 -0.54333333 -0.54333349 -0.80143806 -0.95777279 -1.0873876 -0.83580642 -0.83555556 -0.83555556 -0.83555556 -0.83555556 -0.8355558 -0.63333333 -0.63333333 -0.63386684 -0.6411122 -1.0111111 -1.0111111 -1.0111111 -1.0111111 -1.0111111 -0.99818673 -0.45687969 -0.49111109 -0.49111111 -0.49111111 -0.49111111 -0.42666666 -0.42666667 -0.42666661 -0.37555556 -0.37555556 -0.44111111 -0.35361386 -0.35111111 -0.68666647 -0.68666667 -0.68666667 -0.68666667 -0.60333333 -0.60333333 -0.60333333 -0.60303951 -0.73203083 -0.73333333 -0.73333333 -0.73333333 -0.73333333 -0.2033334 -0.20333333
-1.0855556 -0.54333333 -0.54333333 -0.54333333 -0.54333333 -0.54333333 -0.54333335 -0.88544186 -1.1761106 -1.1766667 -1.1766667 -1.1766667 -1.1766667 -1.1766667 -1.1766667 -0.97303307 -0.63865913 -0.63439847 -1.0110646 -1.0111111 -1.0111111 -1.0111111 -1.0111111 -1.0111107 -0.41333333 -0.41333333 -0.41333344 -0.49111111 -0.49111111 -0.490477 -0.17444444 -0.17444444 -0.37555556 -0.37555556 -0.37555556 -0.35502672 -0.35111111 -0.35111111 -0.35111111 -0.68666667 -0.68666667 -0.68666667 -0.60333333 -0.60333333 -0.60333333 -0.60333333 -0.73333333 -0.73333333 -0.73333333 -0.73333333 -0.73333333 -0.20333333 -0.20333333
-1.0855556 -0.88369238 -0.54333333 -0.54333333 -0.54333333 -0.54333333 -0.90215178 -0.90222222 -0.90222223 -1.1766667 -1.1766667 -1.1766667 -1.1766667 -1.1766667 -1.1308294 -0.96888889 -0.96888889 -0.96888889 -0.67325457 -0.67222257 -0.67222222 -0.67222222 -0.67222222 -0.67222222 -0.41333333 -0.41333333 -0.41333333 -0.41333333 -0.49111111 -0.17444444 -0.17444444 -0.17444444 -0.37555554 -0.37555556 -0.37555556 -0.06 -0.35072567 -0.35111111 -0.35111111 -0.68654637 -0.44666528 0.11315789 -0.60333333 -0.60333333 -0.66647122 -0.66666667 -0.66666667 -0.73283328 -0.42995278 -0.42888892 -0.42888895 -0.024471622 -0.20333297
-1.0855556 -0.89957709 -0.72101172 -0.54333333 -0.54333333 -0.90201017 -0.90222222 -0.90222222 -0.90222222 -0.90419995 -1.1766667 -1.1766667 -1.1766667 -1.1766666 -0.96888889 -0.96888889 -0.96888889 -0.96888889 -0.67248723 -0.67222222 -0.67222222 -0.67222222 -0.67222222 -0.67222222 -0.41333334 -0.41333333 -0.41333333 -0.41333333 -0.41246441 -0.17444444 -0.17444444 -0.17444444 -0.15333333 -0.37551809 -0.06 -0.06 -0.06 -0.055612426 0.086020052 0.11555556 0.11555556 0.11555556 -0.49444444 -0.49444444 -0.66666667 -0.66666667 -0.66666667 -0.42888889 -0.42888889 -0.42888889 -0.42888889 -0.024444444 -0.024444444
-0.8945083 -0.89444444 -0.89444444 -0.89444444 -0.66555556 -0.90221612 -0.90222222 -0.90222222 -0.90222222 -0.90222222 -1.1450374 -1.1766612 -1.1766667 -0.96888889 -0.96888889 -0.96888889 -0.96888889 -0.96888889 -0.92346668 -0.67222222 -0.67222222 -0.67222222 -0.67222222 -0.67222222 -0.44821621 -0.28444514 -0.28444444 -0.28444444 -0.28444444 -0.17444444 -0.15333333 -0.15333333 -0.15333333 -0.15333333 -0.06 -0.059989437 0.34111111 0.34111111 0.11837195 0.11555556 0.11555556 0.11555556 -0.49444444 -0.49444444 -0.64000074 -0.66666667 -0.66666667 -0.42888889 -0.42888889 -0.42888889 -0.42455219 -0.024444444 -0.024444444
-0.89444444 -0.89444444 -0.89444444 -0.78665725 -0.66555556 -0.66555556 -0.90222222 -0.90222222 -0.90222222 -0.90222222 -0.75888889 -0.75888889 -0.75888889 -0.96888889 -0.96888889 -0.96888889 -0.96888889 -0.96878147 -0.61777778 -0.61777778 -0.6722222 -0.67222222 -0.67219517 -0.67111111 -0.66763012 -0.28444444 -0.28444444 -0.28444444 -0.28444444 -0.15334668 -0.15333333 -0.15333333 -0.15333333 -0.15333333 0.3411097 0.34111111 0.34111111 0.34111111 0.34030305 0.11555556 0.11555556 0.11555556 -0.49444444 -0.49444444 -0.49444444 -0.66666667 -0.66666667 -0.42888889 -0.42888889 -0.42888889 -0.024444445 -0.024444444 -0.024444444
-0.89444444 -0.89444444 -0.89444444 -0.66555556 -0.66555556 -0.66555556 -0.66555592 -0.90222222 -0.90222222 -0.75903685 -0.75888889 -0.75888889 -0.75888889 -0.75901972 -0.44276432 -0.31888889 -0.31888889 -0.31888889 -0.61777778 -0.61777778 -0.61777778 -0.67111111 -0.67111111 -0.67111111 -0.67091502 -0.12009349 -0.28444444 -0.28444444 -0.28444444 -0.15995663 -0.15777734 -0.15777778 -0.15777778 -0.15777778 0.23387852 0.084445027 0.084444444 0.084444444 0.084444444 -0.13329928 -0.13333333 -0.13333333 -0.49444444 -0.49444444 -0.57666632 -0.57666662 -0.45111111 -0.45111111 -0.22 -0.22 -0.22 -0.024444444 -0.020003974
-0.89444201 -0.89444444 -0.89444444 -0.66555556 -0.66555556 -0.66555556 -0.66555555 -0.19888909 -0.89941002 -0.7585554 -0.75888889 -0.75888889 -0.75888889 -0.75802549 -0.31888889 -0.31888889 -0.31888889 -0.31888897 -0.61777778 -0.61777778 -0.61777778 -0.67111111 -0.67111111 -0.67111111 0.028888889 0.028888889 -0.10888889 -0.10888889 -0.10888889 -0.10915559 -0.15777778 -0.15777778 -0.15777778 -0.15777778 -0.036733254 0.084444444 0.084444444 0.084444444 0.084444444 -0.13333333 -0.13333333 -0.13333333 -0.1472823 -0.57666667 -0.57666667 -0.57666667 -0.45111111 -0.45111111 -0.22 -0.22 -0.22 -0.020000007 -0.02
-0.11111111 -0.47043658 -0.33444444 -0.33454051 -0.66555556 -0.20158901 -0.19888889 -0.19888889 -0.19038672 -0.39111111 -0.39111111 -0.39111111 -0.39111111 0.3133104 0.31333333 -0.3188884 -0.31888889 -0.32676417 -0.61777778 -0.61777778 -0.61777778 0.27111111 0.27111111 0.27111111 0.028888889 0.028888889 -0.10888889 -0.10888889 -0.10888889 -0.10888888 -0.091111535 -0.091111298 -0.15610221 -0.15770631 -0.42857567 -0.42888889 -0.42888889 -0.42888889 -0.42888889 -0.13333333 -0.13333333 -0.13333333 -0.55225531 -0.57666667 -0.57666667 -0.57666663 -0.45111111 -0.45111111 -0.45110279 -0.22 -0.22001987 -0.66444444 -0.02
-0.22997742 -0.23000002 -0.33444444 -0.33444444 -0.33444444 -0.19888889 -0.19888889 -0.19888889 -0.17555556 -0.17555556 -0.39111111 -0.39111111 -0.39111111 0.31333333 0.31333333 0.31333333 0.31333333 0.3132276 -0.61777778 -0.61777778 -0.61777774 0.27111111 0.27111111 0.27111111 0.028888889 0.028888889 -0.10888889 -0.10888889 -0.10888889 -0.091311557 -0.091111111 -0.091111111 -0.091111111 -0.091111111 -0.42872222 -0.42888889 -0.42888889 -0.42888889 -0.42888889 -0.081111125 -0.081111111 -0.081111111 -0.081111111 -0.57666512 -0.37555556 -0.37555556 -0.37555556 -0.47111111 -0.47111111 -0.47111111 -0.66444444 -0.66444444 -0.66444444
-0.23 -0.23 -0.33444444 -0.33444444 -0.33444444 -0.19960139 -0.19888889 -0.17555556 -0.17555556 -0.17555556 -0.39108458 -0.39111111 -0.048826644 0.31333327 0.31333333 0.31333333 0.31333333 0.061111112 0.061111111 0.061111111 -0.20777777 -0.20777742 0.27110878 0.27111111 0.27071242 -0.28666667 -0.28666667 -0.28666624 -0.10891762 -0.09444378 -0.094444427 -0.094443862 -0.091116808 -0.091113988 -0.36873126 -0.42888878 -0.42793565 -0.14444444 -0.14444444 -0.081111111 -0.081111111 -0.081111111 -0.081111111 -0.37555556 -0.37555556 -0.37555556 -0.37555556 -0.47111111 -0.47111111 -0.47111111 -0.66444444 -0.66444444 -0.66444444
-0.23 -0.23 -0.33444444 -0.33444444 -0.33444444 -0.33444444 -0.1901559 -0.17555556 -0.17555556 -0.17555556 -0.17544324 0.027777778 0.027777778 0.027777778 0.31165049 0.31333333 0.062791858 0.061111111 0.061111111 0.061111111 -0.20777778 -0.20777778 -0.20777778 -0.20777778 -0.28666667 -0.28666667 -0.28666667 -0.28666667 -0.28666667 -0.094444444 -0.094444444 -0.094444444 -0.094444444 -0.094444526 -0.13333333 -0.14444444 -0.14444444 -0.14444444 -0.14444444 -0.14444458 -0.19888889 -0.19888889 -0.19888889 -0.30374361 -0.52111111 -0.52111111 -0.52111111 -0.47111111 -0.47111112 -0.47888889 -0.47888889 -0.38118004 -0.38111111
-0.23 -0.23 -0.29674733 -0.33444444 -0.33444444 -0.33444444 -0.11788031 -0.17537347 -0.17555556 -0.17555556 0.027777802 0.027777778 0.027777778 0.027777778 0.027777778 0.051188806 0.061111111 0.061111111 0.061111111 0.061111111 -0.2077757 -0.20777778 -0.20777778 -0.20777778 -0.28666667 -0.28666667 -0.28666667 -0.28666667 -0.28666667 -0.1855824 -0.094444444 -0.094444444 -0.094444444 -0.13333333 -0.13333333 -0.13334196 -0.14444444 -0.14444444 0.055029274 0.20999997 -0.19888889 -0.19888889 -0.19888889 -0.30010981 -0.52111111 -0.52111111 -0.52111111 0.19666667 -0.47047153 -0.47888889 -0.47888889 -0.38111111 -0.38111111
-0.065555556 -0.065555556 -0.065555556 -0.26702661 -0.33388309 -0.11777778 -0.11777778 -0.11777778 -0.11777778 0.14333333 0.14333333 0.027777786 0.027777778 0.027777778 0.027777778 0.0277799 0.061111111 0.061111111 0.061111111 0.061111111 -0.090443389 -0.20777778 -0.20777778 -0.21141256 -0.34399493 -0.28666667 -0.28666667 -0.28666667 -0.21777778 -0.21777778 -0.21777778 -0.21777726 -0.13333333 -0.13333333 -0.13333333 -0.13333333 0.21 0.21 0.21 0.21 -0.0077777778 -0.0077777778 -0.0077777778 0.12888614 0.12888889 0.12888889 0.12888868 0.19666667 0.19666667 -0.47806576 -0.47888889 -0.38110624 -0.38111111
-0.065555556 -0.065555556 -0.065555556 -0.065549333 0.05 0.025602354 -0.11777778 -0.11777778 -0.11777778 0.14333333 0.14333333 0.14333333 0.27555554 0.27555556 0.27555556 0.27555554 0.060634837 0.061111111 0.061111111 0.061111111 0.057026217 -0.34666629 -0.34666667 -0.34666667 -0.34666667 -0.34666667 -0.41777778 -0.41777778 -0.21777778 -0.21777778 -0.21777778 -0.21777778 -0.13333297 -0.13333333 -0.13333333 -0.13329188 0.20999999 0.21 0.21 0.20834763 -0.0077777778 -0.0077777778 -0.0077777778 0.12888255 0.12888889 0.12888889 0.12888889 0.19666667 0.19666667 0.19666672 0.58555556 0.58555556 0.59777778
