interpolatedSpi/04-10|23_2.tif
NCOLS 53
NROWS 52
XLLCORNER -116.03883
YLLCORNER 28.596182
DX 0.49850594
DY 0.49788537
NODATA_VALUE -9999
[rows 0 to 26 of 52, columns 0 to 52 of 53]
0.12142857 0.12142857 -0.13689377 -0.077142857 -0.067142857 -0.092857143 -0.13 0.097142857 -0.78011765 -0.69571429 -0.37428571 -0.41571429 -0.73854802 -0.45428571 -0.29285714 -0.29285714 -0.29285714 -0.68714286 -0.39428571 -0.39428571 -0.39428571 -0.39428428 -0.24571429 -0.75285714 -0.75285714 -0.75285714 -1.1428587 -1.1428571 -1.1428571 -1.3571429 -1.3571429 -1.3571429 -1.3571429 -1.29 -1.29 -1.29 -1.29 -1.29 -1.29 -1.29 -0.047666766 -0.034423368 -0.57428571 -0.57428571 -0.57428571 -0.57428571 -0.57423671 -0.54428571 -0.54428571 -0.54428571 -0.3228576 -0.32285714 -0.32285714
0.12140788 -0.34428571 -0.0028573095 0.0012669963 -0.15997639 -0.31142857 -0.21571429 -0.2612946 -0.58 -0.58 -0.41857143 -0.73857143 -0.73857143 -0.67639975 -0.45428698 -0.29285714 -0.68714286 -0.68714286 -0.39466756 -0.39428571 -0.39428571 -0.39428571 -0.77128013 -0.75285714 -0.75285714 -0.75285714 -0.43142859 -0.43142857 -1.3571429 -1.3571429 -1.3571429 -1.3571429 -1.3571429 -1.29 -1.29 -1.29 -1.29 -1.29 -1.29 -1.1031457 -0.11009665 -0.51794888 -0.57428571 -0.57428571 -0.57428571 -0.57428571 -0.57428571 -0.54428571 -0.54428571 -0.54428571 -0.52592465 -0.32285714 -0.32285714
0.56711926 0.56714286 -0.14714286 -0.08 -0.22428571 0.49285714 -0.0014285714 0.51 -0.47428571 -0.57142857 -0.59714286 -0.31857143 -0.84857143 -1.05 -0.67714286 -1.0942857 -0.68714286 -0.68714286 -0.68714286 -0.26432351 -0.26428571 -0.26428571 -1.1028571 -0.75285714 -0.75285714 -0.75285714 -0.43142857 -0.43142857 -0.43142857 -1.3571429 -1.3571429 -1.3571428 -1.1405128 -1.2888105 -1.2859843 -0.86252481 -0.85857143 -0.85857143 -0.76442087 -0.11000001 -0.11 -0.11059371 -0.57428571 -0.57428571 -0.57428571 -0.57428571 -0.57428571 -0.54428571 -0.54428571 -0.54428571 -0.54428571 -0.32285714 -0.32285714
0.38285714 0.56714268 -0.29300311 -0.085714286 -0.77857143 -0.30285714 -0.21 -0.44285714 -0.25 -0.67435703 -0.71285714 -0.86428571 -0.77714286 -1.05 -1.1114286 -1.0942857 -0.75263411 -0.74995596 -0.54571429 -0.26428571 -0.26428571 -0.76714286 -1.1028571 -1.1028571 -0.75285714 -0.75285554 -0.43142857 -0.43142857 -0.43142857 -0.93571429 -0.92003778 -0.90714286 -0.90714286 -0.90714282 -0.85857143 -0.85857143 -0.85857143 -0.85857143 -0.11 -0.11 -0.11 -0.11000002 -0.57428571 -0.57428571 -0.57428571 -0.57428571 -0.57428571 -0.54428609 -0.54428571 -0.54428571 -0.54428571 -0.32289611 -0.32285714
0.38285714 -0.3314285 -0.29285714 -0.79511309 -0.77857143 -0.89142857 -0.89574085 -1.2328571 -1.3314286 -0.80000026 -0.99771018 -1.0827536 -0.36 -1.1114286 -1.1114286 -1.0945491 -0.75 -0.75 -0.54571429 -0.54571429 -0.2642867 -0.76714286 -0.57857143 0.011428571 -0.42285714 -0.42284412 -0.43142857 -0.43142857 -0.93571428 -0.93571429 -0.90714286 -0.90714286 -0.90714286 -0.86430978 -0.85857143 -0.85857143 -0.85857143 -0.11 -0.11 -0.11 -0.11 -0.11006647 -0.57428572 -0.57428571 -0.57428571 -0.57428571 -0.57428571 -0.57401868 -0.54428571 -0.54432927 -1.5157143 -1.5157143 -1.5157143
-1.1571429 -0.79142857 -0.75714285 -0.44142857 -0.61857143 -1.1014286 -1.2642857 -1.260262 -1.2328571 -1.4857143 -1.5657143 -1.2285714 -1.2285709 -1.3328571 -1.3328571 -0.55990239 -0.56 -0.87571429 -0.87571428 -0.5457142 -0.62857143 -0.62857143 0.011428571 -0.42285714 -0.42285714 -0.36714286 -0.93 -0.93 -0.72287707 -0.93571429 -0.90714286 -0.90714286 -0.68 -0.67999418 -0.62428965 -0.34857143 -0.34857143 -0.18380752 -0.11 -0.11 -0.79771263 -0.79857143 -0.79857022 -0.73707469 -0.73998169 -0.73999996 -0.73999999 -0.73999995 -1.4446019 -1.5157143 -1.5157143 -1.5157143 -1.5157143
-0.007140958 -0.69142857 -0.28250643 -0.92571429 -0.94142857 -1.4371429 -0.99571429 -1.1214286 -1.6328571 -1.6328571 -1.5657143 -1.5057143 -1.3014285 -1.3328571 -0.15571781 -0.15571429 -0.56 -0.062857143 -0.44285714 -0.44285714 -0.42592753 -0.19857143 -0.19857143 -0.37 -0.36714286 -0.36714286 -0.93 -0.93 -0.7228832 -0.72333689 -0.50918699 -0.68 -0.68 -0.62428571 -0.62428571 -0.64812345 -0.34857143 -0.34857143 -0.68855964 -0.79857128 -0.79857143 -0.79857143 -0.79856519 -0.74000111 -0.74 -0.74 -0.74 -0.74000043 -1.4642857 -1.5157041 -1.5157143 -1.5157143 -1.5157143
-0.0071428571 -0.64571429 -0.28714286 -1.1628571 -0.72431086 -1.3028571 -1.7071429 -1.6342857 -1.5442857 -1.6528571 -1.6528571 -0.95428571 -1.3014286 -1.3014286 -0.16357495 -0.40552191 -0.43 -0.13285714 -0.54142847 -0.44285714 -0.40130353 -0.35 -0.63428571 0.0042857115 0.0042746036 -0.85714286 -0.47857143 -0.47857159 -1.1684331 -1.17 -0.50714286 -0.91619129 -0.65714286 -0.62428571 -0.63064187 -0.89857143 -0.89857143 -0.68857143 -0.68857143 -0.79857143 -0.79857143 -0.79857142 -0.93564053 -0.93857142 -0.74 -0.74 -0.74 -1.4642581 -1.4642857 -1.4642857 -1.5157143 -1.5157143 -1.5157143
-0.68711095 -0.64571428 -0.088571429 -1.0628571 -0.72714286 -1.4171429 -0.98714286 -0.73714286 -1.5442857 -0.92570197 -0.54428571 -1.0371429 -1.0371429 -0.58285714 -0.58285729 -0.30748527 -0.30714286 -0.30714286 -0.1952262 -0.8957143 -0.95428571 -0.95428571 -0.86571429 -0.7254879 -0.7703336 -0.85714286 -0.57571429 -0.47857143 -0.69161193 -0.69285714 -0.98857143 -0.89142857 -0.69500334 -1.1314286 -0.84714286 -1.0671429 -0.91285714 -0.62142857 -0.49434442 -0.79633954 -0.29857143 -0.48714286 -0.93849142 -0.93857143 -0.93745376 -0.74 -0.99857141 -1.4642857 -1.4642857 -1.4642857 -1.4642857 -1.4543499 -0.14857143
-0.91857143 -0.91857143 0.12285714 -0.12571429 -1.0357143 -0.52142857 -0.79571429 -1.4057143 -0.94142857 -0.76860742 -1.2542857 -0.33285714 -0.58285714 -0.58285714 -0.59857143 -0.59457435 -0.30714286 -0.30713391 -0.24714286 -0.89571429 -0.89571429 -0.90326023 -0.86571429 -0.95142695 -0.95142857 -0.95142857 -0.57571429 -0.40714286 -0.40714286 -0.69285714 -0.69285714 -0.89068889 -0.50142857 -1.1314286 -0.79142857 -1.0671429 -0.91285714 -1.1385714 -0.49428571 -0.152769 -0.48714285 -0.47244928 -0.44714286 -0.93857143 -0.93857143 -0.99857143 -0.99857143 -0.99857143 -1.4642857 -1.4642857 -1.0228571 -1.0228571 -1.0228568
-0.91857143 -0.91857143 -0.48 -0.85857143 -0.82714286 -0.20714286 -1.0685714 -0.52535848 -0.50428571 -0.5 -0.22714286 -0.24571429 -0.3327415 -0.59857143 -0.59857143 -0.59855478 -0.45428571 -0.44341389 -0.24714286 -0.24285714 -0.24285714 -0.30571429 -0.30571429 -0.95142857 -0.95142857 -0.95142857 -0.40714286 -0.40714286 -0.40714286 -0.6 -0.6 -0.59999984 -0.76571429 -0.76571429 -1.3328571 -0.93285714 -0.66428571 -0.60571951 -0.61 -0.14714286 -0.14714286 -0.70428487 -0.44714286 -0.93857143 -0.33142872 -0.37285714 -0.49645756 -0.49428572 -0.93857143 -0.93857143 -1.0228571 -1.0228571 -1.0228571
-0.91857143 -0.7292897 -0.64154993 -0.87284708 -0.37428571 -0.53714286 -1.0685714 -0.52428571 -0.50428588 -0.50004748 -0.24571462 -0.24571429 -0.058571429 -0.59857143 -0.59857143 -0.45428572 -0.45428571 -0.45427393 -0.24714286 -0.24285714 -0.25520101 -0.30571429 -0.30571429 -0.9514021 -0.95142857 -0.73212566 -0.28428571 -0.28428571 -0.28428573 -0.6 -0.6 -0.29285714 -0.29285714 -0.76571584 -1.3328571 -0.76142888 -0.75339672 -0.60571429 -0.60571429 -0.14714288 -0.70428571 -0.70428571 -0.70428298 -0.33142857 -0.33142857 -0.37285714 -0.49428571 -0.49428571 -0.93857143 -0.93857143 -1.0228571 -1.0228571 -1.0228571
-0.26428571 -0.3215171 -0.3028774 -0.30698019 -0.3742867 -0.53713901 -1.0685714 -0.53098556 -0.50566392 -0.5041738 -0.058571429 -0.058571429 -0.058571429 -0.058571429 -0.59849493 -0.45428571 -0.45428571 -0.45161117 -0.24714286 -0.24273154 0.19142857 0.19142857 0.19142857 0.19142857 -0.93153506 -0.28428571 -0.28428571 -0.28428571 -0.28428571 -0.28437228 -0.29285714 -0.29285714 -0.29285714 -0.29285714 -0.76142857 -0.76142857 -0.76142857 -0.61393897 -0.60617565 -0.66714286 -0.66714286 -0.70428372 -0.65713171 -0.33145994 -0.33142857 -0.37285714 -0.49428571 -0.49428571 -0.93857142 -0.93857143 -1.0225514 -1.0228571 -1.0675368
-0.26428571 -0.30285714 -0.30285714 -0.30285714 -0.30285714 -0.30285724 -1.067211 -0.81103306 -0.50934085 -0.059051235 -0.058571429 -0.058571429 -0.058571429 -0.058571429 -0.058570986 -0.45428572 -0.45428568 -0.44007713 -0.24714432 0.19142857 0.19142857 0.19142857 0.19142857 0.19142857 0.19877641 0.00074104523 0.068571356 0.068571429 0.068571429 0.068571429 -0.29285713 -0.29285714 -0.29285644 0.29 0.29 -0.76142857 -0.13228164 -0.11428571 -0.66714254 -0.66714286 -0.66714286 -0.66714286 -0.65714286 -0.65714286 -0.65714286 -0.65516449 -0.31401236 -0.31285714 -0.31285714 -0.31285714 -0.31285715 -0.76142863 -0.76142857
-0.45 -0.30285714 -0.30285714 -0.30285714 -0.30285714 -0.30285714 -0.30285719 -0.50608856 0.55714908 0.56285714 0.56285714 0.56285714 0.56285714 0.56285714 0.56285714 0.67470456 -0.43631207 -0.42592067 0.19137336 0.19142857 0.19142857 0.19142857 0.19142857 0.191429 0.53142857 0.53142857 0.53142792 0.068571429 0.068571429 0.06984727 0.70571429 0.70571429 0.29 0.29 0.29 -0.049523313 -0.11428571 -0.11428571 -0.11428571 -0.66714286 -0.66714286 -0.66714286 -0.65714286 -0.65714286 -0.65714286 -0.65714286 -0.31285715 -0.31285714 -0.31285714 -0.31285714 -0.31285714 -0.76142857 -0.76142857
-0.45 -0.39522039 -0.30285714 -0.30285714 -0.30285714 -0.30285714 0.57839843 0.57857143 0.57857143 0.56285714 0.56285714 0.56285714 0.56285714 0.56285714 0.58806937 0.67714286 0.67714286 0.67714286 0.55460527 0.55571391 0.55571429 0.55571429 0.55571429 0.55571429 0.53142857 0.53142857 0.53142857 0.53142857 0.068571429 0.70571429 0.70571429 0.70571429 0.29000004 0.29 0.29 0.40285714 -0.113601 -0.11428571 -0.11428571 -0.66711653 -0.61500168 -0.49337804 -0.65714286 -0.65714286 -0.68847444 -0.68857143 -0.68857143 -0.31326005 -0.55628919 -0.55714284 -0.55714281 -0.41148158 -0.76142786
-0.45 0.23120006 -0.023085977 -0.30285714 -0.30285714 0.57805064 0.57857143 0.57857143 0.57857143 0.57845819 0.56285714 0.56285714 0.56285714 0.56285716 0.67714286 0.67714286 0.67714286 0.67714286 0.55582276 0.55571429 0.55571429 0.55571429 0.55571429 0.55571429 0.53142857 0.53142857 0.53142857 0.53142857 0.53206251 0.70571429 0.70571429 0.70571429 0.83285714 0.29002458 0.40285714 0.40285714 0.40285714 0.40173509 -0.46886605 -0.49285714 -0.49285714 -0.49285714 -0.94857143 -0.94857143 -0.68857143 -0.68857143 -0.68857143 -0.55714286 -0.55714286 -0.55714286 -0.55714286 -0.41142857 -0.41142857
0.2496706 0.25 0.25 0.25000001 0.80142857 0.57857718 0.57857143 0.57857143 0.57857143 0.57857143 0.55799019 0.56285631 0.56285714 0.67714286 0.67714286 0.67714286 0.67714286 0.67714286 0.68060993 0.55571429 0.55571429 0.55571429 0.55571429 0.55571429 0.64045331 0.79571285 0.79571429 0.79571429 0.79571429 0.70571429 0.83285714 0.83285714 0.83285714 0.83285714 0.40285714 0.40285455 0.30428571 0.30428571 -0.48290363 -0.49285714 -0.49285714 -0.49285714 -0.94857143 -0.94857143 -0.72882838 -0.68857143 -0.68857143 -0.55714286 -0.55714286 -0.55714286 -0.55558042 -0.41142857 -0.41142857
0.25 0.25 0.25 0.50967594 0.80142857 0.80142857 0.57857143 0.57857143 0.57857143 0.57857143 0.49857143 0.49857143 0.49857143 0.67714286 0.67714286 0.67714286 0.67714286 0.67718346 0.88285714 0.88285714 0.55571442 0.55571429 0.55682724 0.60142857 0.60317764 0.79571429 0.79571429 0.79571429 0.79571429 0.83285336 0.83285714 0.83285714 0.83285714 0.83285714 0.30428606 0.30428571 0.30428571 0.30428571 0.30145892 -0.49285714 -0.49285714 -0.49285714 -0.94857143 -0.94857143 -0.94857143 -0.68857143 -0.68857143 -0.55714286 -0.55714286 -0.55714286 -0.41142857 -0.41142857 -0.41142857
0.25 0.25 0.25 0.80142857 0.80142857 0.80142857 0.80142823 0.57857143 0.57857143 0.49865401 0.49857143 0.49857143 0.49857143 0.49868269 0.87602951 0.92285714 0.92285714 0.92285714 0.88285714 0.88285714 0.88285714 0.60142857 0.60142857 0.60142857 0.60142217 0.68181758 0.79571429 0.79571429 0.79571429 0.54041762 0.47432098 0.47428571 0.47428571 0.47428571 0.13723154 -0.098570514 -0.098571429 -0.098571429 -0.098571429 -0.60427047 -0.60428571 -0.60428571 -0.94857143 -0.94857143 -0.60714428 -0.60714285 -0.59714286 -0.59714286 -0.40857143 -0.40857143 -0.40857143 -0.41142857 -0.36575516
0.25000086 0.25 0.25000002 0.80142857 0.80142857 0.80142857 0.80142857 0.48714288 0.57820586 0.4986634 0.49857143 0.49857143 0.49857143 0.49940399 0.92285714 0.92285714 0.92285714 0.92285713 0.88285714 0.88285714 0.88285714 0.60142857 0.60142857 0.60142857 0.57857143 0.57857143 0.78428571 0.78428571 0.78428571 0.78259457 0.47428571 0.47428571 0.47428571 0.47428571 0.1880144 -0.098571429 -0.098571429 -0.098571429 -0.098571429 -0.60428571 -0.60428571 -0.60428571 -0.60437561 -0.60714286 -0.60714286 -0.60714286 -0.59714286 -0.59714286 -0.40857143 -0.40857143 -0.40857143 -0.36571429 -0.36571429
0.52571429 0.40218333 0.48857143 0.48866219 0.80142857 0.4889613 0.48714286 0.48714286 0.56105966 0.6 0.6 0.6 0.6 1.0728417 1.0728571 0.92285726 0.92285714 0.9218032 0.88285714 0.88285714 0.88285714 0.59857143 0.59857143 0.59857143 0.57857143 0.57857143 0.78428571 0.78428571 0.78428571 0.78428558 0.59285639 0.59285681 0.47726583 0.47441283 -0.28341873 -0.28428571 -0.28428571 -0.28428571 -0.28428571 -0.60428571 -0.60428571 -0.60428571 -0.60698536 -0.60714286 -0.60714286 -0.6071429 -0.59714286 -0.59714286 -0.59713607 -0.40857143 -0.4085888 -0.79714286 -0.36571429
0.6256953 0.62571426 0.48857143 0.48857143 0.48857143 0.48714286 0.48714286 0.48714286 0.69 0.69 0.6 0.6 0.6 1.0728571 1.0728571 1.0728571 1.0728571 1.0728355 0.88285714 0.88285714 0.88285713 0.59857143 0.59857143 0.59857143 0.57857143 0.57857143 0.78428571 0.78428571 0.78428571 0.59501551 0.59285714 0.59285714 0.59285714 0.59285714 -0.2838529 -0.28428571 -0.28428571 -0.28428571 -0.28428571 -0.35142864 -0.35142857 -0.35142857 -0.35142857 -0.60714488 -0.87142857 -0.87142857 -0.87142857 -1.0257143 -1.0257143 -1.0257143 -0.79714286 -0.79714286 -0.79714286
0.62571429 0.62571429 0.48857143 0.48857143 0.48857143 0.48715037 0.48714286 0.69 0.69 0.69 0.60001108 0.6 0.60466928 1.072857 1.0728571 1.0728571 1.0728571 0.44571429 0.44571429 0.44571429 0.65 0.64999996 0.59857168 0.59857143 0.59863441 0.71428571 0.71428571 0.71428588 0.7842744 0.45431333 0.45428645 0.45430991 0.59262031 0.59273756 -0.12815437 -0.28428571 -0.28427135 -0.28 -0.28 -0.35142857 -0.35142857 -0.35142857 -0.35142857 -0.87142857 -0.87142857 -0.87142857 -0.87142857 -1.0257143 -1.0257143 -1.0257143 -0.79714286 -0.79714286 -0.79714286
0.62571429 0.62571429 0.48857143 0.48857143 0.48857143 0.48857143 0.56306636 0.69 0.69 0.69 0.68995344 0.60571429 0.60571429 0.60571429 1.0701042 1.0728571 0.44989341 0.44571429 0.44571429 0.44571429 0.65 0.65 0.65 0.65 0.71428571 0.71428571 0.71428571 0.71428571 0.71428571 0.45428571 0.45428571 0.45428571 0.45428571 0.45428443 -0.15571429 -0.28 -0.28 -0.28 -0.28 -0.28000147 -0.73285714 -0.73285714 -0.73285714 -0.77423129 -0.86 -0.86 -0.86 -1.0257143 -1.0257145 -1.2142857 -1.2142857 -0.56148592 -0.56142857
0.62571429 0.62571429 0.53807037 0.48857143 0.48857143 0.48857143 0.43759156 0.68920313 0.69 0.69 0.60571424 0.60571429 0.60571429 0.60571429 0.60571429 0.64398068 0.44571429 0.44571429 0.44571429 0.44571429 0.64999842 0.65 0.65 0.65 0.71428571 0.71428571 0.71428571 0.71428571 0.71428571 0.1576475 0.45428571 0.45428571 0.45428571 -0.15571429 -0.15571429 -0.1558108 -0.28 -0.28 -0.61605917 -0.87714281 -0.73285714 -0.73285714 -0.73285714 -0.77394188 -0.86 -0.86 -0.86 -0.99142857 -1.2115089 -1.2142857 -1.2142857 -0.56142857 -0.56142857
0.58142857 0.58142857 0.58142857 0.51185327 0.48834901 0.43714286 0.43714286 0.43714286 0.43714286 0.39857143 0.39857143 0.60571427 0.60571429 0.60571429 0.60571429 0.60570411 0.44571429 0.44571429 0.44571429 0.44571429 0.56085634 0.65 0.65 0.65568272 0.8603363 0.71428571 0.71428571 0.71428571 0.052857143 0.052857143 0.052857143 0.052858828 -0.15571429 -0.15571429 -0.15571429 -0.15571429 -0.87714286 -0.87714286 -0.87714286 -0.87714286 -0.72571429 -0.72571429 -0.72571429 -0.92713881 -0.92714286 -0.92714286 -0.92714284 -0.99142857 -0.99142857 -1.2140142 -1.2142857 -0.56142939 -0.56142857
