interpolatedSpi/04-11|23_2.tif
NCOLS 53
NROWS 52
XLLCORNER -116.03883
YLLCORNER 28.596182
DX 0.49850594
DY 0.49788537
NODATA_VALUE -9999
[rows 0 to 32 of 52, columns 0 to 52 of 53]
-0.095 -0.095 -0.32767842 -0.37125 -0.235 -0.32125 -0.3975 -0.2 -0.89382799 -0.8975 -0.53625 -0.59625 -0.92372211 -0.585 -0.28625 -0.28625 -0.28625 -0.70125 -0.3 -0.3 -0.3 -0.29999978 -0.2775 -0.7 -0.7 -0.7 -1.1762506 -1.17625 -1.17625 -1.4075 -1.4075 -1.4075 -1.4075 -1.33125 -1.33125 -1.33125 -1.33125 -1.33125 -1.33125 -1.33125 -0.22194789 -0.21006761 -0.475 -0.475 -0.475 -0.475 -0.47484279 -0.37875 -0.37875 -0.37875 -0.34625007 -0.34625 -0.34625
-0.095020383 -0.55375 -0.26875011 -0.27877395 -0.40004821 -0.59625 -0.47625 -0.45248445 -0.80375 -0.64 -0.69375 -0.92375 -0.92375 -0.80675808 -0.58500005 -0.28625 -0.70125 -0.70125 -0.30052318 -0.3 -0.3 -0.3 -0.71796241 -0.7 -0.7 -0.7 -0.49750001 -0.4975 -1.4075 -1.4075 -1.4075 -1.4075 -1.4075 -1.33125 -1.33125 -1.33125 -1.33125 -1.33125 -1.3312499 -1.1067574 0.068646104 -0.4090208 -0.475 -0.475 -0.475 -0.475 -0.475 -0.37875 -0.37875 -0.37875 -0.37605507 -0.34625 -0.34625
0.43872547 0.43875 -0.365 -0.2475 -0.50625 0.13875 -0.2475 0.1325 -0.68875 -0.80125 -0.82625 -0.635 -1.05875 -1.27375 -0.8075 -1.16 -0.70125 -0.70125 -0.70125 -0.31124673 -0.31125 -0.31125 -1.04125 -0.7 -0.7 -0.7 -0.4975 -0.4975 -0.4975 -1.4075 -1.4075 -1.4075 -1.11866 -1.3294329 -1.3248741 -0.65252698 -0.64625 -0.64625 -0.55632184 0.068749995 0.06875 0.068054679 -0.475 -0.475 -0.475 -0.475 -0.475 -0.37875 -0.37875 -0.37875 -0.37875 -0.34625 -0.34625
0.345 0.43874985 -0.28638768 -0.1925 -0.83375 -0.54375 -0.5025 -0.76625 -0.405 -0.80152245 -0.965 -1.05 -1.04875 -1.27375 -1.23625 -1.16 -0.82384176 -0.82116592 -0.5975 -0.31125 -0.31125 -0.7925 -1.04125 -1.04125 -0.7 -0.69999899 -0.4975 -0.4975 -0.4975 -0.84875 -0.82611704 -0.8075 -0.8075 -0.80749987 -0.64625 -0.64625 -0.64625 -0.64625 0.06875 0.06875 0.06875 0.06874998 -0.475 -0.475 -0.475 -0.475 -0.475 -0.37875121 -0.37875 -0.37875 -0.37875 -0.34628042 -0.34625
0.345 -0.27875001 -0.28625 -0.66488342 -0.83375 -0.9575 -1.0275046 -1.38125 -1.4475 -0.9787502 -1.1415267 -1.2123895 -0.44125 -1.23625 -1.23625 -1.179909 -0.82125 -0.82125 -0.5975 -0.5975 -0.31125095 -0.7925 -0.5675 -0.01875 -0.375 -0.37499272 -0.4975 -0.4975 -0.84875 -0.84875 -0.8075 -0.8075 -0.8075 -0.75304947 -0.64625 -0.64625 -0.64625 0.06875 0.06875 0.06875 0.06875 0.068695702 -0.475 -0.475 -0.475 -0.475 -0.475 -0.47414326 -0.37875 -0.3787903 -1.2775 -1.2775 -1.2775
-1.25375 -0.7175 -0.63999999 -0.2925 -0.5725 -0.9325 -1.24875 -1.2657138 -1.3 -1.535 -1.5375 -1.21625 -1.2162495 -1.3 -1.3 -0.56491399 -0.565 -0.82125 -0.82125 -0.59749982 -0.65875 -0.65875 -0.01875 -0.375 -0.375 -0.34375 -0.83875 -0.83875 -0.56877593 -0.84875 -0.8075 -0.8075 -0.51875 -0.51874634 -0.48375244 -0.175 -0.175 -0.0066596268 0.06875 0.06875 -0.49304844 -0.49375 -0.49374905 -0.44798545 -0.44750304 -0.44750001 -0.4475 -0.44750002 -1.2054764 -1.2775 -1.2775 -1.2775 -1.2775
-0.10124888 -0.7 -0.34783321 -0.72125 -0.75875 -1.26125 -0.85 -1.145 -1.69 -1.69 -1.5375 -1.42 -1.1824999 -1.3 -0.20875327 -0.20875 -0.565 -0.11625 -0.39875 -0.39875 -0.46317507 -0.24375 -0.24375 -0.365 -0.34375 -0.34375 -0.83875 -0.83875 -0.56877178 -0.569151 -0.30945849 -0.51875 -0.51875 -0.48375 -0.48375 -0.46297842 -0.175 -0.175 -0.47748951 -0.49374998 -0.49375 -0.49375 -0.49374527 -0.44750134 -0.4475 -0.4475 -0.4475 -0.44750046 -1.2225 -1.2774891 -1.2775 -1.2775 -1.2775
-0.10125 -0.655 -0.275 -1.04 -0.72626799 -1.12625 -1.4675 -1.47375 -1.4225 -1.55875 -1.55875 -0.915 -1.1825 -1.1825 -0.21543083 -0.42391633 -0.445 -0.11375 -0.56374983 -0.39875 -0.22385201 -0.1675 -0.52625 0.089999997 0.089989182 -0.74875 -0.3075 -0.30750019 -0.94119033 -0.94249999 -0.3075 -0.69740015 -0.49125 -0.48375 -0.48731515 -0.70375 -0.70375 -0.4775 -0.4775 -0.49375 -0.49375 -0.49374999 -0.68508955 -0.68749999 -0.4475 -0.4475 -0.4475 -1.2224705 -1.2225 -1.2225 -1.2775 -1.2775 -1.2775
-0.70791079 -0.65499999 -0.165 -1.07625 -0.7 -1.2325 -0.7625 -0.5675 -1.34125 -0.65645045 -0.52 -0.995 -0.995 -0.48875 -0.48875008 -0.24555742 -0.245 -0.245 -0.18244319 -0.78000001 -0.83125 -0.83124999 -0.68875 -0.59028857 -0.66422615 -0.74875 -0.3975 -0.3075 -0.54361989 -0.545 -0.755 -0.7425 -0.57440513 -1 -0.60875 -0.79875 -0.70125 -0.38875 -0.26380772 -0.49198681 -0.09875 -0.32625 -0.68745197 -0.6875 -0.68614915 -0.4475 -0.84749998 -1.2225 -1.2225 -1.2225 -1.2225 -1.23579 -0.1875
-1.00375 -1.00375 0.01625 -0.14625 -1.0125 -0.54 -0.63875 -1.16875 -0.69 -0.48254415 -1.115 -0.15625 -0.48875 -0.48875 -0.4975 -0.49403685 -0.245 -0.24499488 -0.2075 -0.78 -0.78 -0.7866027 -0.68875 -0.71624948 -0.71625 -0.71625 -0.3975 -0.20875 -0.20875 -0.545 -0.545 -0.741867 -0.40875 -1 -0.69375 -0.79875 -0.70125 -0.78625 -0.26375 0.015401254 -0.32624999 -0.35058623 -0.3925 -0.6875 -0.6875 -0.8475 -0.8475 -0.8475 -1.2225 -1.2225 -0.9425 -0.9425 -0.94249972
-1.00375 -1.00375 -0.555 -0.8925 -0.88875 -0.22875 -0.93 -0.32480033 -0.47875 -0.27625 0.0175 -0.045 -0.15610239 -0.4975 -0.4975 -0.49748385 -0.3575 -0.3496273 -0.2075 -0.11125 -0.11125 -0.20625 -0.20625 -0.71625 -0.71625 -0.71625 -0.20875 -0.20875 -0.20875 -0.445 -0.445 -0.44499994 -0.65 -0.65 -1.1375 -0.82125 -0.515 -0.45875512 -0.45125 0.02 0.02 -0.56249944 -0.3925 -0.6875 -0.2450001 -0.27125 -0.42433038 -0.4225 -0.80625 -0.80625 -0.9425 -0.9425 -0.9425
-1.00375 -0.8100599 -0.69902329 -0.90124171 -0.39375 -0.555 -0.93 -0.32375 -0.47874871 -0.27849345 -0.045000301 -0.045 0.02875 -0.4975 -0.4975 -0.3575 -0.3575 -0.35749146 -0.2075 -0.11125 -0.12990607 -0.20625 -0.20625 -0.716229 -0.71625 -0.53750874 -0.1725 -0.1725 -0.1725 -0.445 -0.445 -0.28375 -0.28375 -0.65000134 -1.1375 -0.66500024 -0.60239297 -0.45875 -0.45875 0.019999981 -0.5625 -0.5625 -0.56249768 -0.245 -0.245 -0.27125 -0.4225 -0.4225 -0.80625 -0.80625 -0.9425 -0.9425 -0.9425
-0.33625 -0.36806187 -0.34751991 -0.35150545 -0.393751 -0.55499619 -0.92999999 -0.33121259 -0.46806891 -0.47346219 0.02875 0.02875 0.02875 0.02875 -0.49742545 -0.3575 -0.3575 -0.35556326 -0.2075 -0.11113598 0.285 0.285 0.285 0.285 -0.69885587 -0.1725 -0.1725 -0.1725 -0.1725 -0.17257287 -0.28375 -0.28375 -0.28375 -0.28375 -0.665 -0.665 -0.665 -0.46939615 -0.45965126 -0.57875 -0.57875 -0.56250087 -0.59623798 -0.24503383 -0.245 -0.27125 -0.4225 -0.4225 -0.80625 -0.80625 -0.9420057 -0.9425 -1.0610305
-0.33625 -0.3475 -0.3475 -0.3475 -0.3475 -0.34750009 -0.92904 -0.64316515 -0.43957275 0.028208584 0.02875 0.02875 0.02875 0.02875 0.028750319 -0.3575 -0.35749998 -0.34721102 -0.20750049 0.285 0.285 0.285 0.285 0.285 0.29018623 0.076814935 0.13874994 0.13875 0.13875 0.13875 -0.28374999 -0.28375 -0.28374938 0.23 0.23 -0.665 -0.14123171 -0.12625 -0.57874974 -0.57875 -0.57875 -0.57875 -0.59625 -0.59625 -0.59625 -0.5939883 -0.31939362 -0.31875 -0.31875 -0.31875 -0.31875001 -0.62625007 -0.62625
-0.485 -0.3475 -0.3475 -0.3475 -0.3475 -0.3475 -0.34750004 -0.4420325 0.47517091 0.48 0.48 0.48 0.48 0.48 0.48 0.65625198 -0.34133943 -0.33695974 0.28493803 0.285 0.285 0.285 0.285 0.2850003 0.525 0.525 0.52499946 0.13875 0.13875 0.1397337 0.63 0.63 0.23 0.23 0.23 -0.069182434 -0.12625 -0.12625 -0.12625 -0.57875 -0.57875 -0.57875 -0.59625 -0.59625 -0.59625 -0.59625 -0.31875001 -0.31875 -0.31875 -0.31875 -0.31875 -0.62625 -0.62625
-0.485 -0.43381031 -0.3475 -0.3475 -0.3475 -0.3475 0.42109912 0.42125 0.42125 0.48 0.48 0.48 0.48 0.48 0.51970926 0.66 0.66 0.66 0.53797756 0.53874974 0.53875 0.53875 0.53875 0.53875 0.525 0.525 0.525 0.525 0.13875 0.63 0.63 0.63 0.23000004 0.23 0.23 0.3075 -0.1256757 -0.12625 -0.12625 -0.57872192 -0.52302946 -0.39305666 -0.59625 -0.59625 -0.63114199 -0.63125 -0.63125 -0.31908399 -0.52054235 -0.52124998 -0.52124996 -0.3200464 -0.62624938
-0.485 0.090370789 -0.11788161 -0.3475 -0.3475 0.42079579 0.42125 0.42125 0.42125 0.42167337 0.48 0.48 0.48 0.48000002 0.66 0.66 0.66 0.66 0.53885831 0.53875 0.53875 0.53875 0.53875 0.53875 0.525 0.525 0.525 0.525 0.52538192 0.63 0.63 0.63 0.665 0.23001838 0.3075 0.3075 0.3075 0.30713793 -0.37562354 -0.3925 -0.3925 -0.3925 -0.82875 -0.82875 -0.63125 -0.63125 -0.63125 -0.52125 -0.52125 -0.52125 -0.52125 -0.32 -0.32
0.10599193 0.10625 0.10625 0.10625001 0.62 0.42125513 0.42125 0.42125 0.42125 0.42125 0.48075706 0.48000013 0.48 0.66 0.66 0.66 0.66 0.66 0.66517202 0.53875 0.53875 0.53875 0.53875 0.53875 0.58638962 0.67374919 0.67375 0.67375 0.67375 0.63 0.665 0.665 0.665 0.665 0.3075 0.30749921 0.2775 0.2775 -0.38413405 -0.3925 -0.3925 -0.3925 -0.82875 -0.82875 -0.6618298 -0.63125 -0.63125 -0.52125 -0.52125 -0.52125 -0.51909208 -0.32 -0.32
0.10625 0.10625 0.10625 0.34818254 0.62 0.62 0.42125 0.42125 0.42125 0.42125 0.49 0.49 0.49 0.66 0.66 0.66 0.66 0.66005557 0.8925 0.8925 0.53875014 0.53875 0.53798919 0.5075 0.50899668 0.67375 0.67375 0.67375 0.67375 0.66500089 0.665 0.665 0.665 0.665 0.27750011 0.2775 0.2775 0.2775 0.2751283 -0.3925 -0.3925 -0.3925 -0.82875 -0.82875 -0.82875 -0.63125 -0.63125 -0.52125 -0.52125 -0.52125 -0.32 -0.32 -0.32
0.10625 0.10625 0.10625 0.62 0.62 0.62 0.6199997 0.42125 0.42125 0.48992903 0.49 0.49 0.49 0.49010592 0.93216829 0.99625 0.99625 0.99625 0.8925 0.8925 0.8925 0.5075 0.5075 0.5075 0.50752766 0.63834461 0.67375 0.67375 0.67375 0.54527649 0.51751451 0.5175 0.5175 0.5175 0.16778034 0.012500602 0.0125 0.0125 0.0125 -0.40749795 -0.4075 -0.4075 -0.82875 -0.82875 -0.44875159 -0.44875001 -0.4775 -0.4775 -0.27125 -0.27125 -0.27125 -0.32 -0.24132041
0.10625094 0.10625 0.10625002 0.62 0.62 0.62 0.62 0.44499999 0.42134496 0.49000113 0.49 0.49 0.49 0.4909934 0.99625 0.99625 0.99625 0.99624997 0.8925 0.8925 0.8925 0.5075 0.5075 0.5075 0.60625 0.60625 0.8375 0.8375 0.8375 0.8357543 0.5175 0.5175 0.5175 0.5175 0.26513863 0.0125 0.0125 0.0125 0.0125 -0.4075 -0.4075 -0.4075 -0.40879788 -0.44875 -0.44875 -0.44875 -0.4775 -0.4775 -0.27125 -0.27125 -0.27125 -0.24125 -0.24125
0.41 0.27642012 0.48625 0.4862888 0.62 0.44601254 0.445 0.445 0.50739984 0.49125 0.49125 0.49125 0.49125 1.1224795 1.1225 0.9962501 0.99625 0.99351634 0.8925 0.8925 0.8925 0.68375 0.68375 0.68375 0.60625 0.60625 0.8375 0.8375 0.8375 0.83749993 0.73624861 0.73624939 0.52299795 0.51773452 -0.12925961 -0.13 -0.13 -0.13 -0.13 -0.4075 -0.4075 -0.4075 -0.44647849 -0.44875 -0.44875 -0.44875006 -0.4775 -0.4775 -0.47749258 -0.27125 -0.27127225 -0.76875 -0.24125
0.52872745 0.52874999 0.48625 0.48625 0.48625 0.445 0.445 0.445 0.61625 0.61625 0.49125 0.49125 0.49125 1.1225 1.1225 1.1225 1.1225 1.122474 0.8925 0.8925 0.89249999 0.68375 0.68375 0.68375 0.60625 0.60625 0.8375 0.8375 0.8375 0.7373916 0.73625 0.73625 0.73625 0.73625 -0.12957256 -0.13 -0.13 -0.13 -0.13 -0.16875006 -0.16875 -0.16875 -0.16875 -0.44875249 -0.77375 -0.77375 -0.77375 -0.9675 -0.9675 -0.9675 -0.76875 -0.76875 -0.76875
0.52875 0.52875 0.48625 0.48625 0.48625 0.44521682 0.445 0.61625 0.61625 0.61625 0.49126539 0.49125 0.48512156 1.1224999 1.1225 1.1225 1.1225 0.36375 0.36375 0.36375 0.61625 0.61625005 0.68374967 0.68375 0.68375788 0.73375 0.73375 0.73375025 0.83748323 0.60877541 0.60875068 0.60877226 0.73603209 0.73613997 0.024198483 -0.12999999 -0.12992879 -0.10875 -0.10875 -0.16875 -0.16875 -0.16875 -0.16875 -0.77375 -0.77375 -0.77375 -0.77375 -0.9675 -0.9675 -0.9675 -0.76875 -0.76875 -0.76875
0.52875 0.52875 0.48625 0.48625 0.48625 0.48625 0.50909387 0.61625 0.61625 0.61625 0.61617681 0.48375 0.48375 0.48375 1.1187357 1.1225 0.36880612 0.36375 0.36375 0.36375 0.61625 0.61625 0.61625 0.61625 0.73375 0.73375 0.73375 0.73375 0.73375 0.60875 0.60875 0.60875 0.60875 0.60874872 -0.00125 -0.10875 -0.10875 -0.10875 -0.10875 -0.10875175 -0.65125 -0.65125 -0.65125 -0.71063769 -0.83375 -0.83375 -0.83375 -0.9675 -0.96750012 -1.0875 -1.0875 -0.49756599 -0.4975
0.52875 0.52875 0.50158952 0.48625 0.48625 0.48625 0.36794141 0.61546608 0.61625 0.61625 0.48374996 0.48375 0.48375 0.48375 0.48375 0.53608843 0.36375 0.36375 0.36375 0.36375 0.61624805 0.61625 0.61625 0.61625 0.73375 0.73375 0.73375 0.73375 0.73375 0.16260506 0.60875 0.60875 0.60875 -0.00125 -0.00125 -0.0013334764 -0.10875 -0.10875 -0.51254358 -0.82624994 -0.65125 -0.65125 -0.65125 -0.71033348 -0.83375 -0.83375 -0.83375 -0.98375 -1.0862073 -1.0875 -1.0875 -0.4975 -0.4975
0.4575 0.4575 0.4575 0.47904158 0.48588365 0.3675 0.3675 0.3675 0.3675 0.29875 0.29875 0.48374999 0.48375 0.48375 0.48375 0.48374236 0.36375 0.36375 0.36375 0.36375 0.50606719 0.61625 0.61625 0.61710054 0.65253495 0.73375 0.73375 0.73375 0.005 0.005 0.005 0.0050025344 -0.00125 -0.00125 -0.00125 -0.00125 -0.82625 -0.82625 -0.82625 -0.82625 -0.76875 -0.76875 -0.76875 -0.96124613 -0.96125 -0.96125 -0.96124996 -0.98375 -0.98375 -1.0873736 -1.0875 -0.49750124 -0.4975
0.4575 0.4575 0.4575 0.45748802 0.235 0.25426768 0.3675 0.3675 0.3675 0.29875 0.29875 0.29875 -0.39124996 -0.39125 -0.39125 -0.39124999 0.36226851 0.36375 0.36375 0.36375 0.36758057 0.64874991 0.64875 0.64875 0.64875 0.64874998 -0.017499994 -0.0175 0.005 0.005 0.005 0.005 -0.0012501516 -0.00125 -0.00125 -0.0012671048 -0.82625 -0.82625 -0.82625 -0.82585519 -0.76875 -0.76875 -0.76875 -0.96124107 -0.96125 -0.96125 -0.96125 -0.98375 -0.98375 -0.98374997 -0.7425 -0.7425 -0.4425
0.4575 0.4575 0.4575 0.23500051 0.235 0.235 0.36749995 0.3675 0.3675 0.29875 0.29875 0.29875 -0.39125 -0.39125 -0.39125 -0.39534358 -0.445 -0.445 -0.44499791 0.35918197 0.64875 0.64875 0.64875 0.64875 0.64875 0.64824861 -0.0175 -0.0175 -0.0175 0.005 0.005 0.0049002328 -0.21125 -0.21125 -0.21125 -0.6025 -0.6025 -0.73625 -0.73625 -0.73625 -0.6825 -0.76872295 -0.76874984 -0.7475 -0.7475 -0.75560088 -0.96124947 -0.98375 -0.98375 -0.7425 -0.7425 -0.7425 -0.4425
0.4575 0.4575 0.4575 0.235 0.235 0.235 0.235 0.3675 0.3675 0.29875 0.29875 -0.36365995 -0.39125 -0.39125 -0.39125 -0.445 -0.445 -0.445 -0.445 -0.445 0.64875 0.64875 0.64875 0.64875 0.64875 -0.017497727 -0.0175 -0.0175 -0.0175 -0.15 -0.15 -0.15 -0.21125 -0.21125 -0.21125 -0.6025 -0.6025 -0.73625 -0.73625 -0.6825 -0.6825 -0.6825 -0.7475 -0.7475 -0.7475 -0.7475 -0.75602279 -0.85125 -0.85125 -0.85125 -0.7425 -0.5675 -0.5675
0.4575 0.4575 0.45719016 0.235 0.235 0.235 0.235 0.094578264 0.0875 0.087862688 0.29874997 -0.39124968 -0.39125 -0.39125 -0.39125019 -0.445 -0.445 -0.445 -0.445 -0.445 -0.63157093 0.64875 0.64875 0.64875 0.64870108 -0.017475877 -0.0175 -0.0175 -0.0175 -0.15 -0.15 -0.15 -0.15000858 -0.21125 -0.6025 -0.6025 -0.6025 -0.60250547 -0.73624633 -0.6825 -0.6825 -0.6825 -0.74749605 -0.7475 -0.7475 -0.7475 -0.8512502 -0.85125 -0.85125 -0.85125 -0.5675 -0.5675 -0.5675
0.52 0.51999989 0.23512708 0.235 0.235 0.235 0.087531386 0.0875 0.0875 0.0875 -0.38749999 -0.3875 -0.3875 -0.3875 -0.44473462 -0.445 -0.445 -0.445 -0.445 -0.68624986 -0.68625 -0.68625 0.41125004 0.41125 0.41125 0.41125 0.37424336 -0.0175 -0.1174959 -0.1175 -0.1175 -0.1175 -0.1175 -0.55 -0.55 -0.55 -0.55 -0.55 -0.6775 -0.6775 -0.6775 -0.6775 -0.6775 -0.87231157 -0.8725 -0.8725 -0.8725 -0.85125 -0.85125 -0.85125 -0.5675447 -0.5675 -0.5675
0.52 0.52 0.51835682 0.32374982 0.32374998 0.32351964 0.0875 0.0875 0.0875 0.0875 -0.3875 -0.3875 -0.3875 -0.3875 -0.3875 -0.445 -0.445 -0.445 -0.68624994 -0.68625 -0.68625 -0.68625 0.41125 0.41125 0.41125 0.41125 0.41125 0.41115876 -0.11726492 -0.1175 -0.1175 -0.1175 -0.11740556 -0.30694093 -0.54974832 -0.55 -0.55 -0.54999999 -0.6775 -0.6775 -0.6775 -0.6775 -0.6775 -0.8725 -0.8725 -0.8725 -0.8725 -0.86256308 -0.85125 -0.43469986 -0.43 -0.435 -0.435
