interpolatedSpi/04-11|22_2.tif
NCOLS 53
NROWS 52
XLLCORNER -116.03883
YLLCORNER 28.596182
DX 0.49850594
DY 0.49788537
NODATA_VALUE -9999
[rows 0 to 34 of 52, columns 0 to 52 of 53]
-0.30375 -0.30375 -0.58133974 -0.74875 -0.48125 -0.35125 -0.515 -0.55625 -0.70817997 -0.66 -0.7525 -0.40625 -0.6012358 -0.42875 -0.575 -0.575 -0.575 0.08 -0.07625 -0.07625 -0.07625 -0.076257308 -0.83499999 -0.0375 -0.0375 -0.0375 -0.27625098 -0.27625 -0.27625 -0.35875 -0.35875 -0.35875 -0.35875 0.31249987 0.3125 0.3125 0.3125 0.3125 0.3125 0.31250001 0.85169261 0.85726013 -0.085 -0.085 -0.085 -0.085 -0.084685582 0.1075 0.1075 0.1075 0.39124941 0.39125 0.39125
-0.30377594 -0.8875 -0.59374997 -0.55325324 -0.46018734 -0.49125 -0.555 -0.30541147 -0.61 -0.72125 -0.5925 -0.60125 -0.60125 -0.0774254 -0.42874703 -0.575 0.08 0.08 -0.076046271 -0.07625 -0.07625 -0.07625 -0.043948044 -0.0375 -0.0375 -0.0375 -0.33124998 -0.33125 -0.35875 -0.35875 -0.35875 -0.35875 -0.35875 0.3124999 0.3125 0.3125 0.3125 0.3125 0.31250002 0.43273655 1.0749356 0.055756467 -0.085 -0.085 -0.085 -0.085 -0.085 0.1075 0.1075 0.1075 0.13102882 0.39125 0.39125
-0.37249127 -0.3725 -0.57125 -0.15 -0.50375 -0.585 -0.435 -0.3925 -0.9925 -0.47 -0.68375 -0.6625 -0.6525 0.2 -0.07625 -0.56125 0.08 0.08 0.08 0.017472747 0.0175 0.0175 -0.16 -0.0375 -0.0375 -0.0375 -0.33125 -0.33125 -0.33125 -0.35875 -0.35875 -0.35874999 -0.23478948 0.31264237 0.3148037 0.55773204 0.56 0.56 0.62477343 1.075 1.075 1.0735167 -0.085 -0.085 -0.085 -0.085 -0.085 0.1075 0.1075 0.1075 0.1075 0.39125 0.39125
-0.325 -0.37249997 -0.20754596 0.22125 -0.755 -0.29 -0.39625 -0.70375 -0.49125 -0.15833436 -0.27 -0.26625 -0.3275 0.2 -0.61625 -0.56125 -0.74731545 -0.74816933 -1.0325 0.0175 0.0175 -0.56125 -0.16 -0.16 -0.0375 -0.037501467 -0.33125 -0.33125 -0.33125 -0.59625 -0.32465452 -0.10125 -0.10125 -0.10124948 0.56 0.56 0.56 0.56 1.075 1.075 1.075 1.075 -0.085 -0.085 -0.085 -0.085 -0.085 0.10749757 0.1075 0.1075 0.1075 0.39124302 0.39125
-0.325 0.19499926 -0.2075 -0.20135394 -0.755 -0.63875 -0.26125726 0.2975 -0.3725 0.33624969 0.010715796 -0.14376773 -0.2675 -0.61625 -0.61625 -0.58239547 -0.74875 -0.74875 -1.0325 -1.0325 0.017498799 -0.56125 0.32875 0.025 -0.075 -0.074859451 -0.33125 -0.33125 -0.59625 -0.59625 -0.10125 -0.10125 -0.10125 -0.06259233 0.56 0.56 0.56 1.075 1.075 1.075 1.075 1.0749472 -0.084999991 -0.085 -0.085 -0.085 -0.085 -0.083286511 0.1075 0.10750314 0.1775 0.1775 0.1775
-1.97 -0.38875 -0.27375001 -0.22875 -0.53125 -0.35375 -0.51875 -0.41424662 0.0675 -0.51375 -0.7 -0.245 -0.24500001 -0.31 -0.31 -0.73115946 -0.73125 -0.625 -0.625 -1.0324993 -0.9975 -0.9975 0.025 -0.075 -0.075 0.52625 -0.01375 -0.01375 0.15493127 -0.59625 -0.10125 -0.10125 0.10375 0.10382353 0.80744966 1.01625 1.01625 1.0568243 1.075 1.075 0.52818285 0.5275 0.5275024 0.22075559 0.2262156 0.22624992 0.22624999 0.22624988 0.20661131 0.1775 0.1775 0.1775 0.1775
-1.2725051 -0.64375 -0.37399035 -0.17875 -0.26125 -0.705 -0.2625 -0.24125 -0.23 -0.23 -0.7 -0.2375 -0.73499989 -0.31 -0.35624986 -0.35625 -0.73125 -0.23 -0.19125 -0.19125 -0.81606302 -0.6125 -0.6125 0.28749999 0.52625 0.52625 -0.01375 -0.01375 0.15497764 0.15458827 0.49401372 0.10375 0.10375 0.8075 0.8075 1.077522 1.01625 1.01625 0.91000368 0.52750053 0.5275 0.5275 0.52751287 0.22625165 0.22625 0.22625 0.22625 0.22624999 0.215 0.17750743 0.1775 0.1775 0.1775
-1.2725 -0.09375 0.05875 -0.91 -0.63376584 -0.5 -0.54125 -0.1625 -0.50375 -0.24375 -0.24375 -0.31375 -0.735 -0.735 -0.35884858 -0.74218327 -0.78 -0.15125 -0.60499958 -0.19125 -0.014760147 0.04 -0.5775 0.105 0.10499757 -0.08375 0.095 0.094999962 -0.22740529 -0.22874998 0.49625 0.075685842 0.445 0.8075 0.80967474 1.12875 1.12875 0.91 0.91 0.5275 0.5275 0.52750002 0.52457064 0.52249998 0.22625 0.22625 0.22625 0.21500043 0.215 0.215 0.1775 0.1775 0.1775
-0.24300016 -0.093750003 0.175 -0.2325 -0.28625 -0.43375 -0.29 0.285 -0.1425 -0.12555445 -0.195 -0.3475 -0.3475 0.24625 0.24624384 -0.9108842 -0.91125 -0.91125 -0.22051564 -0.27750007 -0.605 -0.60499999 -0.1075 -0.39228072 -0.064728984 -0.08375 0.14625 0.095 0.28389591 0.285 -0.0275 1.02 0.55097174 0.36875 0.88375 0.9025 1.16625 0.46 1.3683304 0.53196935 1.52875 0.85125 0.52256187 0.5225 0.52083254 0.22625 0.35249999 0.215 0.215 0.215 0.215 0.1666056 -0.12
-1.0775 -1.0775 0.31 0.0475 -0.3875 0.03125 -0.17125 -0.15625 -0.1725 -0.12127161 0.08875 0.37 0.24625 0.24625 -0.40875 -0.41564201 -0.91125 -0.91109481 -0.2225 -0.2775 -0.2775 -0.31969299 -0.1075 -0.055000994 -0.055 -0.055 0.14625 0.63625 0.63625 0.285 0.285 1.0182338 0.08875 0.36875 0.63875 0.9025 1.16625 1.25375 1.36875 0.57925607 0.85125003 0.87007614 0.9025 0.5225 0.5225 0.3525 0.3525 0.3525 0.215 0.215 0.09 0.09 0.089999921
-1.0775 -1.0775 -0.2525 -0.5125 -0.43625 -0.285 -0.34625 0.10622274 0.20625 0.17 -0.1475 -0.22625 0.36920603 -0.40875 -0.40875 -0.40873659 -0.2925 -0.28882607 -0.2225 -0.2475 -0.2475 -0.33875 -0.33875 -0.055 -0.055 -0.055 0.63625 0.63625 0.63625 -0.3525 -0.3525 -0.35249927 0.3925 0.3925 0.275 -0.02125 1.08875 0.72000141 0.96 0.56625 0.56625 0.4162516 0.9025 0.5225 0.50374984 0.28625 0.65743105 0.65875 0.73125 0.73125 0.09 0.09 0.09
-1.0775 -0.72130219 -0.36345127 -0.52999189 0.2925 -0.3 -0.34625 0.10625 0.20624916 0.17040161 -0.22624948 -0.22625 -0.23375 -0.40875 -0.40875 -0.2925 -0.2925 -0.29249602 -0.2225 -0.2475 -0.26541964 -0.33875 -0.33875 -0.055011114 -0.055 0.054299254 0.2775 0.2775 0.27750004 -0.3525 -0.3525 -0.11375 -0.11375 0.39249968 0.275 0.42250004 1.0562778 0.72 0.72 0.56625 0.41625 0.41625 0.41625071 0.50375 0.50375 0.28625 0.65875 0.65875 0.73125 0.73125 0.09 0.09 0.09
0.04625 -0.026625623 -0.0037686522 -0.0075518024 0.29249681 -0.29998601 -0.34625 0.10067999 0.19935898 0.20530342 -0.23375 -0.23375 -0.23375 -0.23375 -0.40872521 -0.2925 -0.2925 -0.29159619 -0.2225 -0.24743222 -0.01375 -0.01375 -0.01375 -0.01375 -0.054021042 0.2775 0.2775 0.2775 0.2775 0.27709759 -0.11375 -0.11375 -0.11375 -0.11375 0.4225 0.4225 0.4225 0.70584946 0.71525897 0.08875 0.08875 0.41623238 0.22875941 0.50372351 0.50375 0.28625 0.65875 0.65875 0.73125 0.73125 0.092326386 0.09 0.37654111
0.04625 -0.00375 -0.00375 -0.00375 -0.00375 -0.0037501208 -0.34613154 -0.13213086 0.18097436 -0.23327698 -0.23375 -0.23375 -0.23375 -0.23375 -0.23374966 -0.2925 -0.29249999 -0.28769848 -0.2225003 -0.01375 -0.01375 -0.01375 -0.01375 -0.01375 -0.010371248 0.19049271 0.15125003 0.15125 0.15125 0.15125 -0.11375 -0.11375 -0.11375014 -0.22625 -0.22625 0.4225 0.066434781 0.05625 0.088749981 0.08875 0.08875 0.08875 0.22875 0.22875 0.22875 0.22915015 0.62141662 0.62125 0.62125 0.62125 0.62125 0.83249985 0.8325
0.5 -0.00375 -0.00375 -0.00375 -0.00375 -0.00375 -0.0037500218 -0.16210732 0.23954197 0.24 0.24 0.24 0.24 0.24 0.24 0.28769796 -0.28326962 -0.28291453 -0.01377627 -0.01375 -0.01375 -0.01375 -0.01375 -0.013749612 0.1425 0.1425 0.14250001 0.15125 0.15125 0.15072436 -0.11125 -0.11125 -0.22625 -0.22625 -0.22625 0.010996528 0.05625 0.05625 0.05625 0.08875 0.08875 0.08875 0.22875 0.22875 0.22875 0.22875 0.62124999 0.62125 0.62125 0.62125 0.62125 0.8325 0.8325
0.5 0.3124596 -0.00375 -0.00375 -0.00375 -0.00375 0.031243131 0.03125 0.031250005 0.24 0.24 0.24 0.24 0.24 0.25075459 0.28875 0.28875 0.28875 0.31898372 0.31999966 0.32 0.32 0.32 0.32 0.1425 0.1425 0.1425 0.1425 0.15125 -0.11125 -0.11125 -0.11125 -0.22624999 -0.22625 -0.22625 -0.04875 0.056110977 0.05625 0.05625 0.088688953 -0.033162062 -0.31753207 0.22875 0.22875 -0.18746157 -0.18875 -0.18875 0.6195675 -0.39767683 -0.40124991 -0.40124981 -0.13110419 0.83249804
0.5 0.026809441 0.0051058056 -0.00375 -0.00375 0.03122932 0.03125 0.03125 0.03125 0.032754312 0.24 0.24 0.24 0.24000001 0.28875 0.28875 0.28875 0.28875 0.31997209 0.32 0.32 0.32 0.32 0.32 0.1425 0.1425 0.1425 0.1425 0.14157702 -0.11125 -0.11125 -0.11125 -0.058750001 -0.2262279 -0.04875 -0.04875 -0.04875 -0.05039107 -0.29500653 -0.31875 -0.31875 -0.31875 -0.45625 -0.45625 -0.18875 -0.18875 -0.18875 -0.40125 -0.40125 -0.40125 -0.40125 -0.13125 -0.13125
0.014134891 0.01375 0.01375 0.013749997 -0.24875 0.031242777 0.03125 0.03125 0.03125 0.03125 0.27624521 0.24000624 0.24000001 0.28875 0.28875 0.28875 0.28875 0.28875 0.28267749 0.32 0.32 0.32 0.32 0.32 0.016563148 -0.3374974 -0.3375 -0.3375 -0.3375 -0.11125 -0.058750001 -0.05875 -0.05875 -0.05875 -0.04875 -0.04875395 -0.19875 -0.19875 -0.31725162 -0.31875 -0.31875 -0.31875 -0.45625 -0.45625 -0.23016821 -0.18875 -0.18875 -0.40125 -0.40125 -0.40125 -0.3983549 -0.13125 -0.13125
0.01375 0.01375 0.01375 -0.10986517 -0.24875 -0.24875 0.03125 0.03125 0.03125 0.03125 0.71875 0.71875 0.71875 0.28875 0.28875 0.28875 0.28875 0.28873864 0.15375 0.15375 0.31999993 0.32 0.30968347 -0.10375 -0.10585435 -0.3375 -0.3375 -0.3375 -0.3375 -0.058778384 -0.05875 -0.05875 -0.05875 -0.05875 -0.19874947 -0.19875 -0.19875 -0.19875 -0.19917953 -0.31875 -0.31875 -0.31875 -0.45625 -0.45625 -0.45625 -0.18875 -0.18875 -0.40124999 -0.40125 -0.40125 -0.13125 -0.13125 -0.13125
0.01375 0.01375 0.01375 -0.24875 -0.24875 -0.24875 -0.24874957 0.03125 0.03125 0.7180403 0.71875 0.71875 0.71875 0.71848209 0.23310221 0.22 0.22 0.22 0.15375 0.15375 0.15375 -0.10375 -0.10375 -0.10375 -0.10382038 -0.34667918 -0.3375 -0.3375 -0.3375 -0.21157418 -0.2387323 -0.23875 -0.23875 -0.23875 -0.25278249 -0.3287497 -0.32875 -0.32875 -0.32875 -0.70744681 -0.7075 -0.7075 -0.45625 -0.45625 -0.5287497 -0.52874987 -0.175 -0.175 -0.23625 -0.23625 -0.23625 -0.13125 0.13351306
0.013749682 0.01375 0.013749991 -0.24875 -0.24875 -0.24875 -0.24875 -0.18999994 0.030365356 0.71824674 0.71875 0.71875 0.71875 0.71777131 0.22 0.22 0.22 0.21999998 0.15375 0.15375 0.15375 -0.10375 -0.10375 -0.10375 -0.355 -0.355 -0.485 -0.485 -0.485 -0.48365663 -0.23875 -0.23875 -0.23875 -0.23875 -0.28372536 -0.32875 -0.32875 -0.32875 -0.32875 -0.7075 -0.7075 -0.7075 -0.70187584 -0.52875 -0.52875 -0.52875 -0.175 -0.175 -0.23625 -0.23625 -0.23625 0.13374999 0.13375
-0.08875 -0.047918409 -0.29125 -0.29123767 -0.24875 -0.19033993 -0.19 -0.19 -0.13261037 0.16375 0.16375 0.16375 0.16375 0.24124748 0.24125 0.22000002 0.22 0.21825441 0.15375 0.15375 0.15375 -0.5475 -0.5475 -0.5475 -0.355 -0.355 -0.485 -0.485 -0.485 -0.48500007 -0.57874784 -0.57874905 -0.24729539 -0.2391145 -0.78312642 -0.78375 -0.78375 -0.78375 -0.78375 -0.7075 -0.7075 -0.7075 -0.53859262 -0.52875 -0.52875 -0.52874999 -0.175 -0.175 -0.1750022 -0.23625 -0.23624128 -0.04125 0.13375
-0.1724841 -0.17250002 -0.29125 -0.29125 -0.29125 -0.19 -0.19 -0.19 -0.0325 -0.0325 0.16375 0.16375 0.16375 0.24125 0.24125 0.24125 0.24125 0.24124021 0.15375 0.15375 0.15374997 -0.5475 -0.5475 -0.5475 -0.355 -0.355 -0.485 -0.485 -0.485 -0.57769296 -0.57875 -0.57875 -0.57875 -0.57875 -0.78364884 -0.78375 -0.78375 -0.78375 -0.78375 -0.84249996 -0.8425 -0.8425 -0.8425 -0.52874971 -0.49125 -0.49125 -0.49125 -0.09875 -0.09875 -0.09875 -0.04125 -0.04125 -0.04125
-0.1725 -0.1725 -0.29125 -0.29125 -0.29125 -0.19053219 -0.19 -0.0325 -0.0325 -0.0325 0.16372584 0.16375 -0.012953221 0.24124993 0.24125 0.24125 0.24125 -0.11375 -0.11375 -0.11375 -0.76124999 -0.76124984 -0.54750104 -0.5475 -0.54763492 -0.86625 -0.86625 -0.86624909 -0.48506161 -0.91743249 -0.9174982 -0.91744086 -0.57932896 -0.57904234 -0.74745863 -0.78375011 -0.78471348 -1.07125 -1.07125 -0.8425 -0.8425 -0.8425 -0.8425 -0.49125 -0.49125 -0.49125 -0.49125 -0.09875 -0.09875 -0.09875 -0.04125 -0.04125 -0.04125
-0.1725 -0.1725 -0.29125 -0.29125 -0.29125 -0.29125 -0.13105235 -0.0325 -0.0325 -0.0325 -0.032511047 -0.0525 -0.0525 -0.0525 0.23951886 0.24125 -0.11138437 -0.11375 -0.11375 -0.11375 -0.76125 -0.76125 -0.76125 -0.76125 -0.86625 -0.86625 -0.86625 -0.86625 -0.86625 -0.9175 -0.9175 -0.9175 -0.9175 -0.91749981 -0.82875 -1.07125 -1.07125 -1.07125 -1.07125 -1.0712489 -0.7725 -0.7725 -0.7725 -0.65697848 -0.4175 -0.4175 -0.4175 -0.098750009 -0.098750158 -0.26125 -0.26125 0.06872324 0.06875
-0.1725 -0.1725 -0.24838959 -0.29125 -0.29125 -0.29125 -0.22216284 -0.033098775 -0.0325 -0.0325 -0.052499996 -0.0525 -0.0525 -0.0525 -0.0525 -0.02843137 -0.11375 -0.11375 -0.11375 -0.11375 -0.76124499 -0.76125 -0.76125 -0.76125 -0.86625 -0.86625 -0.86625 -0.86625 -0.86625 -1.1068576 -0.9175 -0.9175 -0.9175 -0.82875 -0.82875 -0.82893831 -1.07125 -1.07125 -0.97487418 -0.90000001 -0.7725 -0.7725 -0.7725 -0.65896126 -0.4175 -0.4175 -0.4175 -0.63375 -0.26589131 -0.26125 -0.26125 0.06875 0.06875
-0.17875 -0.17875 -0.17875 -0.26304316 -0.29113085 -0.2225 -0.2225 -0.2225 -0.2225 -0.031250002 -0.03125 -0.052499998 -0.0525 -0.0525 -0.0525 -0.05250389 -0.11375 -0.11375 -0.11375 -0.11375 -0.478702 -0.76125 -0.76125 -0.75686645 -0.60588412 -0.86625 -0.86625 -0.86625 -1.17375 -1.17375 -1.17375 -1.1737489 -0.82875 -0.82875 -0.82875 -0.82875 -0.9 -0.9 -0.9 -0.9 -0.71 -0.71 -0.71 -0.56250297 -0.5625 -0.5625 -0.56249995 -0.63375 -0.63375 -0.26170387 -0.26125 0.068748519 0.06875
-0.17875 -0.17875 -0.17875 -0.17875168 -0.21 -0.21181771 -0.2225 -0.2225 -0.2225 -0.03125 -0.03125 -0.03125 -0.24874999 -0.24875 -0.24875 -0.24874999 -0.1134134 -0.11375 -0.11375 -0.11375 -0.12355926 -0.59375046 -0.59375 -0.59375 -0.59375 -0.59375001 -0.87125 -0.87125 -1.17375 -1.17375 -1.17375 -1.17375 -0.82874994 -0.82875 -0.82875 -0.82874277 -0.89999999 -0.9 -0.9 -0.89894168 -0.71 -0.71 -0.71 -0.56250684 -0.5625 -0.5625 -0.5625 -0.63375 -0.63375 -0.63374995 -0.225 -0.225 -0.225
-0.17875 -0.17875 -0.17875 -0.20999993 -0.21 -0.21 -0.2225 -0.2225 -0.2225 -0.03125 -0.03125 -0.03125 -0.24875 -0.24875 -0.24875 -0.22447414 0.07 0.07 0.069999525 -0.11271214 -0.59375 -0.59375 -0.59375 -0.59375 -0.59375 -0.59395883 -0.87125 -0.87125 -0.87125 -1.17375 -1.17375 -1.1736583 -0.74 -0.74 -0.74 -0.5175 -0.5175 -0.65875 -0.65875 -0.65875 -0.25 -0.70985571 -0.70999794 -0.43375 -0.43375 -0.43862948 -0.56249978 -0.63375 -0.63375 -0.225 -0.225 -0.225 -0.225
-0.17875 -0.17875 -0.17875 -0.21 -0.21 -0.21 -0.21 -0.2225 -0.2225 -0.03125 -0.03125 -0.24005314 -0.24875 -0.24875 -0.24875 0.07 0.07 0.07 0.07 0.07 -0.59375 -0.59375 -0.59375 -0.59375 -0.59375 -0.87124905 -0.87125 -0.87125 -0.87125 -1.03125 -1.03125 -1.03125 -0.74 -0.74 -0.74 -0.5175 -0.5175 -0.65875 -0.65875 -0.25 -0.25 -0.25 -0.43375 -0.43375 -0.43375 -0.43375 -0.3993508 -0.015 -0.015 -0.015 -0.22499999 0.2675 0.2675
-0.17875 -0.17875 -0.17879352 -0.21 -0.21 -0.21 -0.21 -0.33257152 -0.33875 -0.33822206 -0.031250006 -0.24874476 -0.24875 -0.24875 -0.2487489 0.07 0.07 0.07 0.07 0.07 0.3449027 -0.59375 -0.59375 -0.59375 -0.5936931 -0.87121884 -0.87125 -0.87125 -0.87125 -1.03125 -1.03125 -1.03125 -1.0312097 -0.74 -0.5175 -0.5175 -0.5175 -0.5175058 -0.65872212 -0.25 -0.25 -0.25 -0.43373884 -0.43375 -0.43375 -0.43375 -0.014999839 -0.015 -0.015 -0.015 0.2675 0.2675 0.2675
-0.235 -0.2349999 -0.20998445 -0.21 -0.21 -0.21 -0.3387226 -0.33875 -0.33875 -0.33875 -0.18625 -0.18625 -0.18625 -0.18625 0.068817297 0.07 0.07 0.07 0.07 0.38499981 0.385 0.385 -0.31750005 -0.3175 -0.3175 -0.3175 -0.36529575 -0.87125 -1.2449847 -1.245 -1.245 -1.245 -1.245 -0.5 -0.5 -0.5 -0.5 -0.5 -0.18125 -0.18125 -0.18125 -0.18125 -0.18125 0.0043386156 0.005 0.005 0.005 -0.015 -0.015 -0.015 0.26745549 0.2675 0.2675
-0.235 -0.235 -0.23380691 -0.092500236 -0.092500026 -0.092740132 -0.33875 -0.33875 -0.33875 -0.33875 -0.18625 -0.18625 -0.18625 -0.18625 -0.18625 0.07 0.07 0.07 0.38499992 0.385 0.385 0.385 -0.3175 -0.3175 -0.3175 -0.3175 -0.3175 -0.3176181 -1.244929 -1.245 -1.245 -1.245 -1.2449715 -0.63959952 -0.50014455 -0.5 -0.5 -0.5 -0.18125 -0.18125 -0.18125 -0.18125 -0.18125 0.005 0.005 0.005 0.005 -0.0043523908 -0.015 -0.075566638 -0.07625 -0.3475 -0.3475
-0.235 -0.235 -0.09251805 -0.0925 -0.0925 -0.0925 -0.15504646 -0.33875 -0.33875 -0.33875 -0.18625 -0.18625 -0.18625 -0.18625 -0.18625 0.069808686 0.07 0.38490764 0.385 0.385 0.385 0.385 -0.057254323 -0.3175 -0.3175 -0.3175 -0.3175 -0.31802666 -1.06125 -1.06125 -1.06125 -1.06125 -1.06125 -0.74625 -0.74625 -0.74625 -0.74625 -0.74625 -0.55 -0.55 -0.55 -0.55 -0.55 0.0051373437 0.0050000287 0.0050000002 0.0050095349 0.0061355895 -0.07625 -0.07625 -0.07625 -0.34749848 -0.3475
-0.2349996 -0.024191636 -0.09249999 -0.0925 -0.0925 -0.0925 -0.0925 -0.33864515 -0.33875 -0.33875 -0.18625 -0.18625 -0.18625 -0.18625 0.44442367 0.45875 0.45875 0.3850019 0.385 0.385 0.385 0.385 0.38499993 -0.3175 -0.3175 -0.3175 -0.3175 -0.8312502 -0.83125011 -0.88019959 -1.06125 -1.06125 -1.06125 -0.74625 -0.74625 -0.74625 -0.74625 -0.74616111 -0.55 -0.55 -0.55 -0.55 -0.54999559 0.06125 0.06125 0.06125 0.06125 0.061238911 -0.07625 -0.07625 -0.07625 -0.076250206 -0.41154272
