interpolatedSpi/04-12|21_2.tif
NCOLS 53
NROWS 52
XLLCORNER -116.03883
YLLCORNER 28.596182
DX 0.49850594
DY 0.49788537
NODATA_VALUE -9999
[rows 0 to 26 of 52, columns 0 to 52 of 53]
-0.58444444 -0.58444444 -0.556981 -0.67888889 -0.60777778 -0.90666667 -0.88 -0.88222222 -0.92500867 -1.0788889 -1.1055556 -0.65222222 -0.93996203 -0.47888889 -0.40444444 -0.40444444 -0.40444444 -0.30666667 -0.54777778 -0.54777778 -0.54777778 -0.54777312 -0.064444453 -0.90222222 -0.90222222 -0.90222222 -0.59222115 -0.59222222 -0.59222222 -0.44666667 -0.44666667 -0.44666667 -0.44666667 -1.0877776 -1.0877778 -1.0877778 -1.0877778 -1.0877778 -1.0877778 -1.0877778 -0.5854109 -0.57995232 -0.39222222 -0.39222222 -0.39222222 -0.39222222 -0.39206433 -0.29555556 -0.29555556 -0.29555556 0.17444347 0.17444444 0.17444444
-0.58446755 -1.1044444 -0.6911106 -0.67649842 -0.8556027 -0.47333333 -0.63777778 -0.84776396 -1.1511111 -1.1377778 -0.89666667 -0.94 -0.94 -0.87866251 -0.47889308 -0.40444444 -0.30666667 -0.30666667 -0.5474634 -0.54777778 -0.54777778 -0.54777778 -0.89836217 -0.90222222 -0.90222222 -0.90222222 -0.81777778 -0.81777778 -0.44666667 -0.44666667 -0.44666667 -0.44666667 -0.44666667 -1.0877777 -1.0877778 -1.0877778 -1.0877778 -1.0877778 -1.0877778 -1.0029005 -0.5622589 -0.41285057 -0.39222222 -0.39222222 -0.39222222 -0.39222222 -0.39222222 -0.29555556 -0.29555556 -0.29555556 -0.25658271 0.17444444 0.17444444
-0.87554778 -0.87555556 -0.24777778 -0.39444444 -0.49888889 -0.79555556 -0.39222222 -0.87222222 -1.1777778 -1.0266667 -0.88666667 -1.1344444 -0.74666667 -0.60444444 -0.88 -1.25 -0.30666667 -0.30666667 -0.30666667 -0.58998773 -0.59 -0.59 -0.82888889 -0.90222222 -0.90222222 -0.90222222 -0.81777778 -0.81777778 -0.81777778 -0.44666667 -0.44666667 -0.44666666 -0.36161932 -1.0864913 -1.0850371 -0.79603147 -0.79333333 -0.79333333 -0.76426565 -0.56222222 -0.56222222 -0.56200484 -0.39222222 -0.39222222 -0.39222222 -0.39222222 -0.39222222 -0.29555556 -0.29555556 -0.29555556 -0.29555555 0.17444444 0.17444444
-0.12222222 -0.87555551 -0.67332227 -0.021111111 -0.62222222 -0.56777778 -0.54888889 -0.80888889 -0.74555556 -0.80317015 -0.92 -1.3055556 -1.2655556 -0.60444444 -0.87666667 -1.25 -1.2885914 -1.2882007 -1.3077778 -0.59 -0.59 -1.0144444 -0.82888889 -0.82888889 -0.90222222 -0.9022218 -0.81777778 -0.81777778 -0.81777778 -0.72666667 -0.47610384 -0.27 -0.27 -0.27000041 -0.79333333 -0.79333333 -0.79333333 -0.79333333 -0.56222222 -0.56222222 -0.56222222 -0.56222222 -0.39222222 -0.39222222 -0.39222222 -0.39222222 -0.39222222 -0.29555677 -0.29555556 -0.29555556 -0.29555556 0.17440997 0.17444444
-0.12222222 -0.032223398 -0.67333333 -0.83682943 -0.62222222 -0.62888889 -0.97887185 -0.96444444 -1.0622222 -0.79555561 -0.84357907 -0.86776759 -0.79666667 -0.87666667 -0.87666667 -1.1270743 -1.2888889 -1.2888889 -1.3077778 -1.3077778 -0.59000081 -1.0144444 -0.72666667 -0.49777778 -0.36333333 -0.36325315 -0.81777778 -0.81777778 -0.72666667 -0.72666667 -0.27 -0.27 -0.27 -0.27880003 -0.79333333 -0.79333333 -0.79333333 -0.56222222 -0.56222222 -0.56222222 -0.56222222 -0.5621894 -0.39222222 -0.39222222 -0.39222222 -0.39222222 -0.39222222 -0.39136177 -0.29555556 -0.29558181 -0.88111111 -0.88111111 -0.88111111
-1.2488889 -0.56111111 -0.42888889 -0.64111111 -0.73666667 -0.75333333 -0.90222222 -0.91018845 -0.54555556 -0.36111111 -0.49555556 -0.018888889 -0.018889402 -1.1811111 -1.1811111 -1.5442701 -1.5444444 -1.2088889 -1.2088889 -1.3077771 -0.61444444 -0.61444444 -0.49777778 -0.36333333 -0.36333333 -0.02 -0.21666667 -0.21666667 -0.38225336 -0.72666667 -0.27 -0.27 -0.31666667 -0.31664008 -0.062240564 -0.48111111 -0.48111111 -0.53712865 -0.56222222 -0.56222222 -0.22264628 -0.22222222 -0.22222111 -0.65418149 -0.65885942 -0.65888882 -0.65888888 -0.65888878 -0.32710844 -0.88111111 -0.88111111 -0.88111111 -0.88111111
0.32887666 -0.20222222 -0.22494765 -0.28555556 -0.63888889 -1.0244444 -0.64555555 -0.69333333 -0.72555556 -0.72555556 -0.49555556 -0.90666667 -1.1233333 -1.1811111 -0.8222233 -0.82222222 -1.5444444 -0.82666667 -0.50666667 -0.50666667 -0.59035757 -0.56333333 -0.56333333 -0.010000005 -0.02 -0.02 -0.21666667 -0.21666667 -0.38221633 -0.38211374 -0.029668012 -0.31666667 -0.31666667 -0.062222222 -0.062222222 -0.46235129 -0.48111111 -0.48111111 -0.45444537 -0.22222255 -0.22222222 -0.22222222 -0.22221575 -0.6588853 -0.65888889 -0.65888889 -0.65888889 -0.65888863 -0.23333333 -0.88098274 -0.88111111 -0.88111111 -0.88111111
0.32888889 0.07 0.01 -0.86666667 -0.78667125 -0.81444444 -0.62444444 -1.04 -1.0577778 -0.90444444 -0.90444444 -1.0455556 -1.1233333 -1.1233333 -0.82428812 -1.2148597 -1.2533333 -0.62555556 -0.6999998 -0.50666667 -0.082976884 -0.082222222 0.093333333 0.26333333 0.26333309 0.24444444 -0.31777778 -0.31777774 -0.28146542 -0.28111111 -0.028888889 -0.56914161 -0.61777778 -0.062222222 -0.07185605 -0.44666667 -0.44666667 -0.45444444 -0.45444444 -0.22222222 -0.22222222 -0.22222221 -0.014245095 -0.014444477 -0.65888889 -0.65888889 -0.65888889 -0.23334953 -0.23333333 -0.23333333 -0.88111111 -0.88111111 -0.88111111
0.029879668 0.070000006 0.63555556 -0.19777778 -0.26888889 -0.61222222 -0.77111111 -0.79666667 -0.89555556 -0.72100532 -0.80444444 -0.77555556 -0.77555556 -0.75111111 -0.75110866 -0.83117987 -0.83 -0.83 -0.63691961 -0.33444439 -0.091111111 -0.091111111 0.071111111 0.084575922 0.24634795 0.24444444 -0.32222222 -0.31777778 -0.21725422 -0.21666667 -0.55555556 -0.15888889 -0.14937725 -0.49 -0.4 -0.46555556 -0.41777778 -0.71888889 -0.49343749 -0.22013417 0.24555556 0.044444445 -0.01443558 -0.014444444 -0.018071727 -0.65888889 -0.74444444 -0.23333334 -0.23333333 -0.23333333 -0.23333333 -0.82909467 -0.027777778
-0.19444444 -0.19444444 1.0122222 0.61777778 -0.30444444 -0.56888889 -0.72666667 -0.49666667 -0.57 -0.67667545 -0.85111111 -0.21444444 -0.75111111 -0.75111111 -0.49 -0.49466325 -0.83 -0.82990963 -0.44111111 -0.33444444 -0.33444444 -0.30309495 0.071111111 -0.1622178 -0.16222222 -0.16222222 -0.32222222 0.15777778 0.15777778 -0.21666667 -0.21666667 -0.15885306 -0.14 -0.49 -0.081111111 -0.46555556 -0.41777778 -0.27555556 -0.49333333 -0.35888161 0.044444453 0.042811825 0.04 -0.014444444 -0.014444444 -0.74444444 -0.74444444 -0.74444444 -0.23333333 -0.23333333 -0.46333333 -0.46333333 -0.46333317
-0.19444444 -0.19444444 0.27444444 -0.26888889 -0.80333333 -0.15888889 -0.76333333 -0.9955117 -0.96888889 -0.80111111 -0.90111111 -0.94888889 -0.215423 -0.49 -0.49 -0.489985 -0.36 -0.36425709 -0.44111111 -0.77888889 -0.77888889 -0.43777778 -0.43777778 -0.16222222 -0.16222222 -0.16222222 0.15777778 0.15777778 0.15777778 -0.17666667 -0.17666667 -0.17666661 -0.15777778 -0.15777778 -0.41444444 -0.53555556 0.02 -0.62665878 -0.51888889 -0.35666667 -0.35666667 -0.23555465 0.04 -0.014444444 -0.15333347 -0.36555556 -0.29085086 -0.28888889 -0.18666667 -0.18666667 -0.46333333 -0.46333333 -0.46333333
-0.19444444 0.0078791953 0.042584732 -0.45554589 -0.088888889 -0.78555556 -0.76333333 -0.99555556 -0.96888911 -0.80296989 -0.9488887 -0.94888889 -0.73555556 -0.49 -0.49 -0.36 -0.36 -0.36000462 -0.44111111 -0.77888889 -0.71190161 -0.43777778 -0.43777778 -0.16223364 -0.16222222 -0.20568625 -0.29444444 -0.29444444 -0.29444439 -0.17666667 -0.17666667 -0.26888889 -0.26888889 -0.15777848 -0.41444444 -0.22333342 0.064898895 -0.62666667 -0.62666667 -0.35666666 -0.23555556 -0.23555556 -0.23555492 -0.15333333 -0.15333333 -0.36555556 -0.28888889 -0.28888889 -0.18666667 -0.18666667 -0.46333333 -0.46333333 -0.46333333
-1.05 -0.37478704 -0.42221594 -0.42245763 -0.088892568 -0.78553911 -0.76333333 -0.99269703 -0.97072649 -0.96450776 -0.73555556 -0.73555556 -0.73555556 -0.73555556 -0.49003478 -0.36 -0.36 -0.36104727 -0.44111111 -0.77888513 -0.77333333 -0.77333333 -0.77333333 -0.77333333 -0.17266979 -0.29444444 -0.29444444 -0.29444444 -0.29444444 -0.29439326 -0.26888889 -0.26888889 -0.26888889 -0.26888889 -0.22333333 -0.22333333 -0.22333333 -0.60613816 -0.62512283 -0.42111111 -0.42111111 -0.23556554 -0.3733258 -0.15335452 -0.15333333 -0.36555556 -0.28888889 -0.28888889 -0.18666667 -0.18666667 -0.46232962 -0.46333333 -0.20885895
-1.05 -0.42222222 -0.42222222 -0.42222222 -0.42222222 -0.42222237 -0.76339009 -0.87320879 -0.97562903 -0.7358027 -0.73555556 -0.73555556 -0.73555556 -0.73555556 -0.73555574 -0.36 -0.36000001 -0.36556367 -0.44111106 -0.77333333 -0.77333333 -0.77333333 -0.77333333 -0.77333333 -0.7644926 -0.33830905 -0.35777776 -0.35777778 -0.35777778 -0.35777778 -0.26888889 -0.26888889 -0.2688888 -0.19444444 -0.19444444 -0.22333333 -0.16068098 -0.15888889 -0.42111096 -0.42111111 -0.42111111 -0.42111111 -0.37333333 -0.37333333 -0.37333333 -0.37327921 -0.42689004 -0.42777778 -0.42777778 -0.42777778 -0.42777777 -0.20000005 -0.2
-1.1555556 -0.42222222 -0.42222222 -0.42222222 -0.42222222 -0.42222222 -0.42222224 -0.7967843 -0.99535971 -0.99555556 -0.99555556 -0.99555556 -0.99555556 -0.99555556 -0.99555555 -0.8768216 -0.3681712 -0.37110695 -0.77329154 -0.77333333 -0.77333333 -0.77333333 -0.77333333 -0.77333321 -0.36444444 -0.36444444 -0.36444444 -0.35777778 -0.35777778 -0.35725492 -0.096666667 -0.096666667 -0.19444444 -0.19444444 -0.19444444 -0.1645844 -0.15888889 -0.15888889 -0.15888889 -0.42111111 -0.42111111 -0.42111111 -0.37333333 -0.37333333 -0.37333333 -0.37333333 -0.42777778 -0.42777778 -0.42777778 -0.42777778 -0.42777778 -0.2 -0.2
-1.1555556 -0.88254389 -0.42222222 -0.42222222 -0.42222222 -0.42222222 -0.7443812 -0.74444444 -0.74444445 -0.99555556 -0.99555556 -0.99555556 -0.99555556 -0.99555556 -0.9688376 -0.87444444 -0.87444444 -0.87444444 -0.67142269 -0.67111122 -0.67111111 -0.67111111 -0.67111111 -0.67111111 -0.36444444 -0.36444444 -0.36444444 -0.36444444 -0.35777778 -0.096666667 -0.096666667 -0.096666667 -0.19444444 -0.19444444 -0.19444444 0.065555556 -0.15859172 -0.15888889 -0.15888889 -0.42102497 -0.24925416 0.15161645 -0.37333333 -0.37333333 -0.46637863 -0.46666667 -0.46666667 -0.4276029 -0.32148386 -0.32111112 -0.32111113 -0.0011412947 -0.1999996
-1.1555556 -0.83441834 -0.62632746 -0.42222222 -0.42222222 -0.74425406 -0.74444444 -0.74444444 -0.74444444 -0.74625402 -0.99555556 -0.99555556 -0.99555556 -0.99555554 -0.87444444 -0.87444444 -0.87444444 -0.87444444 -0.67129274 -0.67111111 -0.67111111 -0.67111111 -0.67111111 -0.67111111 -0.36444445 -0.36444444 -0.36444444 -0.36444444 -0.36347044 -0.096666667 -0.096666667 -0.096666667 -0.093333333 -0.19441556 0.065555556 0.065555556 0.065555556 0.068519057 0.13357371 0.15333333 0.15333333 0.15333333 -0.36555556 -0.36555556 -0.46666667 -0.46666667 -0.46666667 -0.32111111 -0.32111111 -0.32111111 -0.32111111 -0.0011111111 -0.0011111111
-0.82567853 -0.82555556 -0.82555556 -0.82555555 -0.49888889 -0.74443811 -0.74444444 -0.74444444 -0.74444444 -0.74444444 -0.96678635 -0.9955506 -0.99555554 -0.87444444 -0.87444444 -0.87444444 -0.87444444 -0.87444444 -0.84244149 -0.67111111 -0.67111111 -0.67111111 -0.67111111 -0.67111111 -0.46035807 -0.3544445 -0.35444444 -0.35444444 -0.35444444 -0.096666666 -0.093333333 -0.093333333 -0.093333333 -0.093333333 0.065555556 0.065562695 0.33666667 0.33666667 0.15562252 0.15333333 0.15333333 0.15333333 -0.36555556 -0.36555556 -0.45101119 -0.46666667 -0.46666667 -0.32111111 -0.32111111 -0.32111111 -0.31767988 -0.0011111111 -0.0011111111
-0.82555556 -0.82555556 -0.82555556 -0.67172335 -0.49888889 -0.49888889 -0.74444444 -0.74444444 -0.74444444 -0.74444444 -0.61555556 -0.61555556 -0.61555556 -0.87444444 -0.87444444 -0.87444444 -0.87444444 -0.87435539 -0.62 -0.62 -0.67111109 -0.67111111 -0.66948806 -0.60444444 -0.6021938 -0.35444444 -0.35444444 -0.35444444 -0.35444444 -0.093359921 -0.093333333 -0.093333333 -0.093333333 -0.093333333 0.33666571 0.33666667 0.33666667 0.33666667 0.33600353 0.15333333 0.15333333 0.15333333 -0.36555556 -0.36555556 -0.36555556 -0.46666667 -0.46666667 -0.32111111 -0.32111111 -0.32111111 -0.0011111114 -0.0011111111 -0.0011111111
-0.82555556 -0.82555556 -0.82555556 -0.49888889 -0.49888889 -0.49888889 -0.49888926 -0.74444444 -0.74444444 -0.61568861 -0.61555556 -0.61555556 -0.61555556 -0.61571685 -0.4382557 -0.33555556 -0.33555556 -0.33555556 -0.62 -0.62 -0.62 -0.60444444 -0.60444444 -0.60444444 -0.60429224 -0.20058398 -0.35444444 -0.35444444 -0.35444444 -0.16891381 -0.17888047 -0.17888889 -0.17888889 -0.17888889 0.20357563 0.017778502 0.017777778 0.017777778 0.017777778 -0.12440644 -0.12444444 -0.12444444 -0.36555556 -0.36555556 -0.46999956 -0.46999996 -0.35 -0.35 -0.15444444 -0.15444444 -0.15444444 -0.0011111111 -0.097691346
-0.82555329 -0.82555556 -0.82555554 -0.49888889 -0.49888889 -0.49888889 -0.49888888 -0.10777796 -0.7418988 -0.61531778 -0.61555556 -0.61555556 -0.61555556 -0.61500612 -0.33555556 -0.33555556 -0.33555556 -0.33555564 -0.62 -0.62 -0.62 -0.60444444 -0.60444444 -0.60444444 -0.061111111 -0.061111111 -0.15666667 -0.15666667 -0.15666667 -0.1567879 -0.17888889 -0.17888889 -0.17888889 -0.17888889 -0.080609614 0.017777778 0.017777778 0.017777778 0.017777778 -0.12444444 -0.12444444 -0.12444444 -0.13531694 -0.47 -0.47 -0.47 -0.35 -0.35 -0.15444444 -0.15444444 -0.15444444 -0.09777778 -0.097777778
-0.095555556 -0.42809473 -0.21444444 -0.21452697 -0.49888889 -0.11004073 -0.10777778 -0.10777778 -0.12275779 -0.35333333 -0.35333333 -0.35333333 -0.35333333 0.19775984 0.19777778 -0.33555515 -0.33555556 -0.34305025 -0.62 -0.62 -0.62 0.17222222 0.17222222 0.17222222 -0.061111111 -0.061111111 -0.15666667 -0.15666667 -0.15666667 -0.15666663 -0.11111154 -0.1111113 -0.1771854 -0.17881623 -0.36311992 -0.36333333 -0.36333333 -0.36333333 -0.36333333 -0.12444444 -0.12444444 -0.12444444 -0.45097261 -0.47 -0.47 -0.46999998 -0.35 -0.35 -0.34999296 -0.15444444 -0.15446417 -0.59555556 -0.097777778
-0.17220766 -0.17222223 -0.21444444 -0.21444444 -0.21444444 -0.10777778 -0.10777778 -0.10777778 -0.14888889 -0.14888889 -0.35333333 -0.35333333 -0.35333333 0.19777778 0.19777778 0.19777778 0.19777778 0.197685 -0.62 -0.62 -0.61999997 0.17222222 0.17222222 0.17222222 -0.061111111 -0.061111111 -0.15666667 -0.15666667 -0.15666667 -0.11162475 -0.11111111 -0.11111111 -0.11111111 -0.11111111 -0.36320888 -0.36333333 -0.36333333 -0.36333333 -0.36333333 -0.094444452 -0.094444444 -0.094444444 -0.094444444 -0.46999904 -0.34444444 -0.34444444 -0.34444444 -0.42777778 -0.42777778 -0.42777778 -0.59555556 -0.59555556 -0.59555556
-0.17222222 -0.17222222 -0.21444444 -0.21444444 -0.21444444 -0.10833844 -0.10777778 -0.14888889 -0.14888889 -0.14888889 -0.35330817 -0.35333333 -0.081866342 0.19777773 0.19777778 0.19777778 0.19777778 0.014444445 0.014444444 0.014444444 -0.2711111 -0.27111078 0.17222006 0.17222222 0.17181812 -0.39888889 -0.39888889 -0.39888831 -0.15670581 -0.16887737 -0.16888858 -0.1688788 -0.11120986 -0.11116097 -0.31844895 -0.36333328 -0.36286416 -0.22333333 -0.22333333 -0.094444444 -0.094444444 -0.094444444 -0.094444444 -0.34444444 -0.34444444 -0.34444444 -0.34444444 -0.42777778 -0.42777778 -0.42777778 -0.59555556 -0.59555556 -0.59555556
-0.17222222 -0.17222222 -0.21444444 -0.21444444 -0.21444444 -0.21444444 -0.12316447 -0.14888889 -0.14888889 -0.14888889 -0.14881831 -0.021111111 -0.021111111 -0.021111111 0.19648782 0.19777778 0.015666133 0.014444444 0.014444444 0.014444444 -0.27111111 -0.27111111 -0.27111111 -0.27111111 -0.39888889 -0.39888889 -0.39888889 -0.39888889 -0.39888889 -0.16888889 -0.16888889 -0.16888889 -0.16888889 -0.16888894 -0.19333333 -0.22333333 -0.22333333 -0.22333333 -0.22333333 -0.22333331 -0.23777778 -0.23777778 -0.23777778 -0.30502938 -0.44444444 -0.44444444 -0.44444444 -0.42777778 -0.42777779 -0.43777778 -0.43777778 -0.3789416 -0.37888889
-0.17222222 -0.17222222 -0.19920519 -0.21444444 -0.21444444 -0.21444444 -0.080122245 -0.14867179 -0.14888889 -0.14888889 -0.021111078 -0.021111111 -0.021111111 -0.021111111 -0.021111111 -0.0031642045 0.014444444 0.014444444 0.014444444 0.014444444 -0.2711089 -0.27111111 -0.27111111 -0.27111111 -0.39888889 -0.39888889 -0.39888889 -0.39888889 -0.39888889 -0.26495322 -0.16888889 -0.16888889 -0.16888889 -0.19333333 -0.19333333 -0.19335663 -0.22333333 -0.22333333 -0.075134991 0.039999976 -0.23777778 -0.23777778 -0.23777778 -0.30237707 -0.44444444 -0.44444444 -0.44444444 0.083333333 -0.43128478 -0.43777778 -0.43777778 -0.37888889 -0.37888889
-0.05 -0.05 -0.05 -0.1732137 -0.21405703 -0.08 -0.08 -0.08 -0.08 0.13777778 0.13777778 -0.0211111 -0.021111111 -0.021111111 -0.021111111 -0.021108846 0.014444444 0.014444444 0.014444444 0.014444444 -0.14650393 -0.27111111 -0.27111111 -0.27538561 -0.43286119 -0.39888889 -0.39888889 -0.39888889 -0.29888889 -0.29888889 -0.29888889 -0.29888834 -0.19333333 -0.19333333 -0.19333333 -0.19333333 0.04 0.04 0.04 0.04 -0.055555556 -0.055555556 -0.055555556 0.063330943 0.063333333 0.063333333 0.063333173 0.083333333 0.083333333 -0.43714283 -0.43777778 -0.37888531 -0.37888889
