interpolatedSpi/04-11|21_1.tif
NCOLS 53
NROWS 52
XLLCORNER -116.03883
YLLCORNER 28.596182
DX 0.49850594
DY 0.49788537
NODATA_VALUE -9999
[rows 0 to 25 of 52, columns 0 to 52 of 53]
-0.48111111 -0.48111111 -0.42379772 -0.53 -0.52111111 -0.65777778 -0.67333333 -0.72666667 -0.75864421 -0.87444444 -0.92444444 -0.56555556 -0.76330872 -0.46444444 -0.34555556 -0.34555556 -0.34555556 -0.42555556 -0.54333333 -0.54333333 -0.54333333 -0.54332932 -0.12666667 -0.78555556 -0.78555556 -0.78555556 -0.42777834 -0.42777778 -0.42777778 -0.26222222 -0.26222222 -0.26222222 -0.26222222 -0.88111099 -0.88111111 -0.88111111 -0.88111111 -0.88111111 -0.88111111 -0.8811111 -0.53044358 -0.52663195 -0.39 -0.39 -0.39 -0.39 -0.38974411 -0.23333333 -0.23333333 -0.23333333 0.31777663 0.31777778 0.31777778
-0.48113022 -0.91111111 -0.45444425 -0.50647988 -0.66898195 -0.45111111 -0.55666667 -0.77877831 -1.0055556 -0.91777778 -0.76777778 -0.76333333 -0.76333333 -0.84982178 -0.46444806 -0.34555556 -0.42555556 -0.42555556 -0.54317977 -0.54333333 -0.54333333 -0.54333333 -0.79742814 -0.78555556 -0.78555556 -0.78555556 -0.78444444 -0.78444444 -0.26222222 -0.26222222 -0.26222222 -0.26222222 -0.26222222 -0.88111102 -0.88111111 -0.88111111 -0.88111111 -0.88111111 -0.88111109 -0.81108474 -0.45335958 -0.39768512 -0.39 -0.39 -0.39 -0.39 -0.39 -0.23333333 -0.23333333 -0.23333333 -0.18763467 0.31777778 0.31777778
-0.78110295 -0.78111111 -0.28444444 -0.45777778 -0.56888889 -0.73888889 -0.38888889 -0.82111111 -0.97111111 -0.87777778 -0.89 -0.91666667 -0.59 -0.56 -0.85111111 -0.96 -0.42555556 -0.42555556 -0.42555556 -0.64330426 -0.64333333 -0.64333333 -1.0111111 -0.78555556 -0.78555556 -0.78555556 -0.78444444 -0.78444444 -0.78444444 -0.26222222 -0.26222222 -0.26222223 -0.3360369 -0.88011785 -0.87833944 -0.58606201 -0.58333333 -0.58333333 -0.56698276 -0.45333333 -0.45333333 -0.45325235 -0.39 -0.39 -0.39 -0.39 -0.39 -0.23333333 -0.23333333 -0.23333333 -0.23333333 0.31777778 0.31777778
-0.20222222 -0.78111107 -0.58222597 -0.11777778 -0.64 -0.57555556 -0.58777778 -0.73444444 -0.68555556 -0.8081907 -0.72888889 -1.1 -1.0477778 -0.56 -0.67777778 -0.96 -0.99748874 -0.99737685 -1.08 -0.64333333 -0.64333333 -1.0811111 -1.0111111 -1.0111111 -0.78555556 -0.78555555 -0.78444444 -0.78444444 -0.78444444 -0.55444444 -0.4782392 -0.41555556 -0.41555556 -0.41555569 -0.58333333 -0.58333333 -0.58333333 -0.58333333 -0.45333333 -0.45333333 -0.45333333 -0.45333333 -0.39 -0.39 -0.39 -0.39 -0.39 -0.23333531 -0.23333333 -0.23333333 -0.23333333 0.31774711 0.31777778
-0.20222222 -0.0077788313 -0.58222222 -0.65629708 -0.64 -0.49777778 -0.80554342 -0.79111111 -0.86555556 -0.77333329 -0.77536394 -0.77774197 -0.52777778 -0.67777778 -0.67777778 -0.8672057 -0.99777778 -0.99777778 -1.08 -1.08 -0.64333416 -1.0811111 -0.78444444 -0.52111111 -0.37777778 -0.37769395 -0.78444444 -0.78444444 -0.55444444 -0.55444444 -0.41555556 -0.41555556 -0.41555556 -0.41304119 -0.58333333 -0.58333333 -0.58333333 -0.45333333 -0.45333333 -0.45333333 -0.45333333 -0.45331349 -0.39 -0.39 -0.39 -0.39 -0.39 -0.38860547 -0.23333333 -0.23335072 -0.62111111 -0.62111111 -0.62111111
-1.0744444 -0.38666667 -0.32666666 -0.55888889 -0.66666667 -0.66888889 -0.80777778 -0.80564397 -0.45333333 -0.30111111 -0.46666667 -0.038888889 -0.038889211 -0.88333333 -0.88333333 -1.217663 -1.2177778 -0.91555556 -0.91555556 -1.0799995 -0.62777778 -0.62777778 -0.52111111 -0.37777778 -0.37777778 -0.018888889 -0.29 -0.29 -0.49000565 -0.55444444 -0.41555556 -0.41555556 -0.40222222 -0.40219749 -0.16557258 -0.42444444 -0.42444444 -0.4443959 -0.45333333 -0.45333333 -0.24803415 -0.24777778 -0.24777729 -0.52316263 -0.52554057 -0.52555552 -0.52555555 -0.5255555 -0.3519837 -0.62111111 -0.62111111 -0.62111111 -0.62111111
0.21332658 -0.16888889 -0.10360333 -0.31777778 -0.50444444 -0.78444444 -0.49666666 -0.58333333 -0.68222222 -0.68222222 -0.46666667 -0.82 -0.82000001 -0.88333333 -0.74222264 -0.74222222 -1.2177778 -0.74777778 -0.46555556 -0.46555556 -0.57855678 -0.52333333 -0.52333333 -0.056666671 -0.018888889 -0.018888889 -0.29 -0.29 -0.48999106 -0.48983549 -0.24251452 -0.40222222 -0.40222222 -0.16555556 -0.16555556 -0.38874026 -0.42444444 -0.42444444 -0.41222265 -0.24777801 -0.24777778 -0.24777778 -0.24777491 -0.52555367 -0.52555556 -0.52555556 -0.52555556 -0.52555543 -0.31 -0.62104946 -0.62111111 -0.62111111 -0.62111111
0.21333333 0.20666667 -0.011111111 -0.76444444 -0.80777529 -0.74888889 -0.56333333 -0.83111111 -0.82555556 -0.80888889 -0.80888889 -0.87444444 -0.82 -0.82 -0.74275585 -0.99925808 -1.0244444 -0.53777778 -0.53666659 -0.46555556 -0.5677166 -0.59111111 -0.23555556 0.095555554 0.095554954 0.048888889 -0.29222222 -0.29222222 -0.33720397 -0.33666667 -0.24222222 -0.49979491 -0.49111111 -0.16555556 -0.17328797 -0.35888889 -0.35888889 -0.41222222 -0.41222222 -0.24777778 -0.24777778 -0.24777777 -0.18695665 -0.18777779 -0.52555556 -0.52555556 -0.52555556 -0.3100082 -0.31 -0.31 -0.62111111 -0.62111111 -0.62111111
0.11192874 0.20666667 0.38222222 -0.20777778 -0.32444444 -0.52777778 -0.66888889 -0.84666667 -0.87111111 -0.59023586 -0.59888889 -0.66888889 -0.66888889 -0.53 -0.52999881 -0.63553141 -0.63444444 -0.63444444 -0.53760816 -0.38666665 -0.31555556 -0.31555556 -0.17111111 -0.21015906 0.053591657 0.048888889 -0.34333333 -0.29222222 -0.31541997 -0.31555556 -0.50222222 -0.37777778 -0.31733997 -0.59777778 -0.43666667 -0.53333333 -0.50222222 -0.63777778 -0.59668565 -0.24684535 -0.038888889 -0.047777778 -0.1877548 -0.18777778 -0.18967897 -0.52555556 -0.71555555 -0.31 -0.31 -0.31 -0.31 -0.61059715 -0.14
-0.41777778 -0.41777778 0.66444444 0.30111111 -0.42333333 -0.54333333 -0.58333333 -0.58222222 -0.59888889 -0.51888697 -0.70888889 -0.15222222 -0.53 -0.53 -0.40333333 -0.40650313 -0.63444444 -0.63437183 -0.31222222 -0.38666667 -0.38666667 -0.37750517 -0.17111111 -0.21888798 -0.21888889 -0.21888889 -0.34333333 0.061111111 0.061111111 -0.31555556 -0.31555556 -0.37755018 -0.25777778 -0.59777778 -0.25 -0.53333333 -0.50222222 -0.36888889 -0.59666667 -0.30152875 -0.047777777 -0.047369623 -0.046666667 -0.18777778 -0.18777778 -0.71555556 -0.71555556 -0.71555556 -0.31 -0.31 -0.53666667 -0.53666667 -0.53666652
-0.41777778 -0.41777778 0.13777778 -0.35555556 -0.74 -0.30111111 -0.68777778 -0.89215529 -0.95888889 -0.74111111 -0.69777778 -0.79222222 -0.15307481 -0.40333333 -0.40333333 -0.40332654 -0.34444444 -0.34275327 -0.31222222 -0.61777778 -0.61777778 -0.46333333 -0.46333333 -0.21888889 -0.21888889 -0.21888889 0.061111111 0.061111111 0.061111111 -0.35333333 -0.35333333 -0.35333318 -0.27888889 -0.27888889 -0.45333333 -0.50111111 -0.24666667 -0.65110641 -0.56888889 -0.29666667 -0.29666667 -0.31333246 -0.046666667 -0.18777778 -0.32444445 -0.36777778 -0.36263762 -0.36111111 -0.21333333 -0.21333333 -0.53666667 -0.53666667 -0.53666667
-0.41777778 -0.17801176 -0.072745151 -0.44110407 -0.16333333 -0.73777778 -0.68777778 -0.89222222 -0.95888833 -0.74352382 -0.79222216 -0.79222222 -0.69666667 -0.40333333 -0.40333333 -0.34444445 -0.34444444 -0.34444261 -0.31222222 -0.61777778 -0.58744803 -0.46333333 -0.46333333 -0.21889921 -0.21888889 -0.2572395 -0.33555556 -0.33555556 -0.33555551 -0.35333333 -0.35333333 -0.35333333 -0.35333333 -0.27888937 -0.45333333 -0.45333339 -0.22297009 -0.65111111 -0.65111111 -0.29666667 -0.31333333 -0.31333333 -0.31333337 -0.32444444 -0.32444444 -0.36777778 -0.36111111 -0.36111111 -0.21333333 -0.21333333 -0.53666667 -0.53666667 -0.53666667
-0.67555556 -0.46235045 -0.50666049 -0.50618688 -0.16333636 -0.73776421 -0.68777778 -0.88970563 -0.95429487 -0.95320213 -0.69666667 -0.69666667 -0.69666667 -0.69666667 -0.40337489 -0.34444444 -0.34444444 -0.3440284 -0.31222222 -0.61787645 -0.96555556 -0.96555556 -0.96555556 -0.96555556 -0.23161594 -0.33555556 -0.33555556 -0.33555556 -0.33555556 -0.33558775 -0.35333333 -0.35333333 -0.35333333 -0.35333333 -0.45333333 -0.45333333 -0.45333333 -0.64093067 -0.64951721 -0.43888889 -0.43888889 -0.31334009 -0.42444102 -0.32445408 -0.32444444 -0.36777778 -0.36111111 -0.36111111 -0.21333333 -0.21333333 -0.53549365 -0.53666667 -0.25062454
-0.67555556 -0.50666667 -0.50666667 -0.50666667 -0.50666667 -0.50666676 -0.68790568 -0.78452194 -0.94203843 -0.69694366 -0.69666667 -0.69666667 -0.69666667 -0.69666667 -0.69666682 -0.34444445 -0.34444444 -0.34223422 -0.31222479 -0.96555556 -0.96555556 -0.96555556 -0.96555556 -0.96555556 -0.95832346 -0.41008401 -0.41444443 -0.41444444 -0.41444444 -0.41444444 -0.35333333 -0.35333333 -0.35333332 -0.34111111 -0.34111111 -0.45333333 -0.26429605 -0.25888889 -0.43888878 -0.43888889 -0.43888889 -0.43888889 -0.42444444 -0.42444444 -0.42444444 -0.4240501 -0.4096833 -0.41 -0.41 -0.41 -0.41 -0.10666676 -0.10666667
-0.88222222 -0.50666667 -0.50666667 -0.50666667 -0.50666667 -0.50666667 -0.50666668 -0.6948483 -0.91773475 -0.91777778 -0.91777778 -0.91777778 -0.91777778 -0.91777778 -0.91777778 -0.81429171 -0.35186498 -0.34003229 -0.96547342 -0.96555556 -0.96555556 -0.96555556 -0.96555556 -0.96555509 -0.63111111 -0.63111111 -0.63111081 -0.41444444 -0.41444444 -0.41410625 -0.24555556 -0.24555556 -0.34111111 -0.34111111 -0.34111111 -0.27205992 -0.25888889 -0.25888889 -0.25888889 -0.43888889 -0.43888889 -0.43888889 -0.42444444 -0.42444444 -0.42444444 -0.42444444 -0.41 -0.41 -0.41 -0.41 -0.41 -0.10666667 -0.10666667
-0.88222222 -0.74240716 -0.50666667 -0.50666667 -0.50666667 -0.50666667 -0.59220543 -0.59222222 -0.59222223 -0.91777778 -0.91777778 -0.91777778 -0.91777778 -0.91777778 -0.89449148 -0.81222222 -0.81222222 -0.81222222 -0.56234299 -0.56111152 -0.56111111 -0.56111111 -0.56111111 -0.56111111 -0.63111111 -0.63111111 -0.63111111 -0.63111111 -0.41444444 -0.24555556 -0.24555556 -0.24555556 -0.3411111 -0.34111111 -0.34111111 -0.085555556 -0.25865939 -0.25888889 -0.25888889 -0.43881792 -0.29728142 0.033029755 -0.42444444 -0.42444444 -0.3590912 -0.35888889 -0.35888889 -0.40958939 -0.16087364 -0.16000002 -0.16000005 0.015537012 -0.10666642
-0.88222222 -0.67137462 -0.58707176 -0.50666667 -0.50666667 -0.59217167 -0.59222222 -0.59222222 -0.59222222 -0.59456827 -0.91777778 -0.91777778 -0.91777778 -0.91777777 -0.81222222 -0.81222222 -0.81222222 -0.81222222 -0.56133542 -0.56111111 -0.56111111 -0.56111111 -0.56111111 -0.56111111 -0.63111111 -0.63111111 -0.63111111 -0.63111111 -0.62970871 -0.24555556 -0.24555556 -0.24555556 -0.15 -0.3410805 -0.085555556 -0.085555556 -0.085555556 -0.0822829 0.015880451 0.034444444 0.034444444 0.034444444 -0.35666667 -0.35666667 -0.35888889 -0.35888889 -0.35888889 -0.16 -0.16 -0.16 -0.16 0.015555556 0.015555556
-0.66568168 -0.66555556 -0.66555556 -0.66555555 -0.51 -0.5922201 -0.59222222 -0.59222222 -0.59222222 -0.59222222 -0.89043859 -0.91777307 -0.91777777 -0.81222222 -0.81222222 -0.81222222 -0.81222222 -0.81222222 -0.76952962 -0.56111111 -0.56111111 -0.56111111 -0.56111111 -0.56111111 -0.58283509 -0.56444481 -0.56444444 -0.56444444 -0.56444444 -0.24555555 -0.15 -0.15 -0.15 -0.15 -0.085555556 -0.085547684 0.21333333 0.21333333 0.036678139 0.034444444 0.034444444 0.034444444 -0.35666667 -0.35666667 -0.35854481 -0.35888889 -0.35888889 -0.16 -0.16 -0.16 -0.15811759 0.015555556 0.015555556
-0.66555556 -0.66555556 -0.66555556 -0.59230212 -0.51 -0.51 -0.59222222 -0.59222222 -0.59222222 -0.59222222 -0.55666667 -0.55666667 -0.55666667 -0.81222222 -0.81222222 -0.81222222 -0.81222222 -0.81213555 -0.44777778 -0.44777778 -0.56111107 -0.56111111 -0.56273416 -0.62777778 -0.62720761 -0.56444444 -0.56444444 -0.56444444 -0.56444444 -0.1500422 -0.15 -0.15 -0.15 -0.15 0.21333228 0.21333333 0.21333333 0.21333333 0.21269401 0.034444444 0.034444444 0.034444444 -0.35666667 -0.35666667 -0.35666667 -0.35888889 -0.35888889 -0.16 -0.16 -0.16 0.015555555 0.015555556 0.015555556
-0.66555556 -0.66555556 -0.66555556 -0.51 -0.51 -0.51 -0.51000013 -0.59222222 -0.59222222 -0.55670337 -0.55666667 -0.55666667 -0.55666667 -0.55682588 -0.38772514 -0.28777778 -0.28777778 -0.28777778 -0.44777778 -0.44777778 -0.44777778 -0.62777778 -0.62777778 -0.62777778 -0.62763087 -0.32258046 -0.56444444 -0.56444444 -0.56444444 -0.09989543 -0.076673879 -0.076666667 -0.076666667 -0.076666667 0.13959421 0.036667068 0.036666667 0.036666667 0.036666667 -0.12331174 -0.12333333 -0.12333333 -0.35666667 -0.35666667 -0.30444466 -0.30444443 -0.25 -0.25 -0.12888889 -0.12888889 -0.12888889 0.015555556 -0.058822327
-0.66555361 -0.66555556 -0.66555555 -0.51 -0.51 -0.51 -0.51 -0.19777789 -0.59064508 -0.55656491 -0.55666667 -0.55666667 -0.55666667 -0.55613903 -0.28777778 -0.28777778 -0.28777778 -0.28777782 -0.44777778 -0.44777778 -0.44777778 -0.62777778 -0.62777778 -0.62777778 -0.10333333 -0.10333333 -0.16 -0.16 -0.16 -0.15954539 -0.076666667 -0.076666667 -0.076666667 -0.076666667 -0.020031167 0.036666667 0.036666667 0.036666667 0.036666667 -0.12333333 -0.12333333 -0.12333333 -0.12903178 -0.30444444 -0.30444444 -0.30444444 -0.25 -0.25 -0.12888889 -0.12888889 -0.12888889 -0.058888891 -0.058888889
-0.038888889 -0.33232312 -0.48 -0.4800087 -0.51 -0.19958429 -0.19777778 -0.19777778 -0.23219131 -0.44444444 -0.44444444 -0.44444444 -0.44444444 0.1788686 0.17888889 -0.28777742 -0.28777778 -0.29199354 -0.44777778 -0.44777778 -0.44777778 0.12111111 0.12111111 0.12111111 -0.10333333 -0.10333333 -0.16 -0.16 -0.16 -0.15999995 -0.093333227 -0.093333287 -0.077085558 -0.076684534 -0.2753265 -0.27555556 -0.27555556 -0.27555556 -0.27555556 -0.12333333 -0.12333333 -0.12333333 -0.2944719 -0.30444444 -0.30444444 -0.30444443 -0.25 -0.25 -0.24999564 -0.12888889 -0.12890215 -0.42555556 -0.058888889
-0.1766405 -0.17666672 -0.48 -0.48 -0.48 -0.19777778 -0.19777778 -0.19777778 -0.29222222 -0.29222222 -0.44444444 -0.44444444 -0.44444444 0.17888889 0.17888889 0.17888889 0.17888889 0.17881757 -0.44777778 -0.44777778 -0.44777776 0.12111111 0.12111111 0.12111111 -0.10333333 -0.10333333 -0.16 -0.16 -0.16 -0.094085005 -0.093333333 -0.093333333 -0.093333333 -0.093333333 -0.27546564 -0.27555556 -0.27555556 -0.27555556 -0.27555556 -0.11888889 -0.11888889 -0.11888889 -0.11888889 -0.30444374 -0.21222222 -0.21222222 -0.21222222 -0.36111111 -0.36111111 -0.36111111 -0.42555556 -0.42555556 -0.42555556
-0.17666667 -0.17666667 -0.48 -0.48 -0.48 -0.19926119 -0.19777778 -0.29222222 -0.29222222 -0.29222222 -0.44442571 -0.44444444 -0.16571412 0.17888882 0.17888889 0.17888889 0.17888889 0.028888889 0.028888889 0.028888889 -0.079999995 -0.079999851 0.12111013 0.12111111 0.12088802 -0.14888889 -0.14888889 -0.14888892 -0.1599982 -0.018903725 -0.018889285 -0.018901886 -0.0932061 -0.093269089 -0.24305241 -0.27555547 -0.27478105 -0.044444444 -0.044444444 -0.11888889 -0.11888889 -0.11888889 -0.11888889 -0.21222222 -0.21222222 -0.21222222 -0.21222222 -0.36111111 -0.36111111 -0.36111111 -0.42555556 -0.42555556 -0.42555556
-0.17666667 -0.17666667 -0.48 -0.48 -0.48 -0.48 -0.23312557 -0.29222222 -0.29222222 -0.29222222 -0.29211788 -0.10333333 -0.10333333 -0.10333333 0.17722569 0.17888889 0.029888452 0.028888889 0.028888889 0.028888889 -0.08 -0.08 -0.08 -0.08 -0.14888889 -0.14888889 -0.14888889 -0.14888889 -0.14888889 -0.018888889 -0.018888889 -0.018888889 -0.018888889 -0.018888849 -7.5063757e-13 -0.044444444 -0.044444444 -0.044444444 -0.044444444 -0.044444647 -0.096666667 -0.096666667 -0.096666667 -0.17657307 -0.34222222 -0.34222222 -0.34222222 -0.36111111 -0.36111107 -0.32333333 -0.32333333 -0.33557745 -0.33555556
-0.17666667 -0.17666667 -0.37051797 -0.48 -0.48 -0.48 -0.26893029 -0.29214869 -0.29222222 -0.29222222 -0.10333332 -0.10333333 -0.10333333 -0.10333333 -0.10333333 -0.080180818 0.028888889 0.028888889 0.028888889 0.028888889 -0.079999158 -0.08 -0.08 -0.08 -0.14888889 -0.14888889 -0.14888889 -0.14888889 -0.14888889 -0.044341832 -0.018888889 -0.018888889 -0.018888889 -1.2335811e-17 -1.2335811e-17 -3.4512218e-05 -0.044444444 -0.044444444 0.061858164 0.14444443 -0.096666667 -0.096666667 -0.096666667 -0.17404675 -0.34222222 -0.34222222 -0.34222222 0.14444444 -0.31750487 -0.32333333 -0.32333333 -0.33555556 -0.33555556
