interpolatedSpi/04-11|19_2.tif
NCOLS 53
NROWS 52
XLLCORNER -116.03883
YLLCORNER 28.596182
DX 0.49850594
DY 0.49788537
NODATA_VALUE -9999
[rows 0 to 35 of 52, columns 0 to 52 of 53]
0.355 0.355 0.23246047 -0.1775 0.095 0.03625 -0.03 -0.1025 -0.42669916 -0.44625 -0.36 0.18875 -0.10752007 -0.35125 -0.28875 -0.28875 -0.28875 -0.06625 0.055 0.055 0.055 0.054994811 -0.48375 -0.1125 -0.1125 -0.1125 -0.50374728 -0.50375 -0.50375 -0.28375 -0.28375 -0.28375 -0.28375 -0.096250038 -0.09625 -0.09625 -0.09625 -0.09625 -0.09625 -0.096249992 0.18323983 0.18621467 0.0475 0.0475 0.0475 0.0475 0.046568995 -0.5225 -0.5225 -0.5225 0.60999765 0.61 0.61
0.35500472 0.46125 0.2025006 0.20290096 0.19985329 0.205 0.61375 -0.10485766 -0.49625 -0.26625 0.275 -0.1075 -0.1075 0.10347865 -0.35124394 -0.28875 -0.06625 -0.06625 0.054841906 0.055 0.055 0.055 -0.13493656 -0.1125 -0.1125 -0.1125 -0.15625 -0.15625 -0.28375 -0.28375 -0.28375 -0.28375 -0.28375 -0.096250027 -0.09625 -0.09625 -0.09625 -0.09625 -0.096249964 -0.017901651 0.36623177 0.086177776 0.0475 0.0475 0.0475 0.0475 0.0475 -0.5225 -0.5225 -0.5225 -0.42859202 0.61 0.61
0.30250097 0.3025 0.725 0.61625 0.0775 0.03375 0.2 0.3625 -0.065 -0.17 0.01125 -0.08875 0.14375 -0.3375 0.105 -0.5875 -0.06625 -0.06625 -0.06625 -0.17743241 -0.1775 -0.1775 -0.53875 -0.1125 -0.1125 -0.1125 -0.15625 -0.15625 -0.15625 -0.28375 -0.28375 -0.28375002 -0.44441727 -0.095723057 -0.091735686 0.38430572 0.38875 0.38875 0.38592009 0.36625 0.36625 0.3658424 0.0475 0.0475 0.0475 0.0475 0.0475 -0.5225 -0.5225 -0.5225 -0.5225 0.61 0.61
0.52 0.30249987 -0.35750172 0.3825 -0.19375 0.23375 0.1 -0.245 -0.165 0.014781869 -0.2125 -0.53625 -0.10125 -0.3375 -0.22 -0.5875 -0.34065317 -0.33855907 -0.5075 -0.1775 -0.1775 -0.39375 -0.53875 -0.53875 -0.1125 -0.11250022 -0.15625 -0.15625 -0.15625 -0.92875 -0.75797406 -0.6175 -0.6175 -0.61749921 0.38875 0.38875 0.38875 0.38875 0.36625 0.36625 0.36625 0.36624999 0.0475 0.0475 0.0475 0.0475 0.0475 -0.52249281 -0.5225 -0.5225 -0.5225 0.60996321 0.61
0.52 0.34749871 -0.3575 -0.41900961 -0.19375 -0.1025 -0.18999753 -0.2375 -0.25125 -0.28875022 -0.34927115 -0.37751003 -0.4475 -0.22 -0.22 -0.4619854 -0.33875 -0.33875 -0.5075 -0.5075 -0.17750044 -0.39375 -0.31625 -0.285 -0.1525 -0.15240178 -0.15625 -0.15625 -0.92875 -0.92875 -0.6175 -0.6175 -0.6175 -0.55786382 0.38875 0.38875 0.38875 0.36625 0.36625 0.36625 0.36625 0.36622526 0.047500001 0.0475 0.0475 0.0475 0.0475 0.042426294 -0.5225 -0.52249972 -0.51625 -0.51625 -0.51625
-1.27125 0.28875 0.29000003 -0.28 0.1475 0.1775 -0.34 -0.32687706 -0.49375 -0.36 -0.37125 -0.57125 -0.57124992 -0.75 -0.75 -0.24990825 -0.25 -0.20875 -0.20875 -0.50749957 -0.4625 -0.4625 -0.285 -0.1525 -0.1525 0.2675 -0.76875 -0.76875 -0.42129597 -0.92875 -0.6175 -0.6175 -0.30125 -0.3012948 -0.72996922 -0.565 -0.565 0.078146554 0.36625 0.36625 0.1103196 0.11 0.11000074 0.24028565 0.24372831 0.24374995 0.24374999 0.24374993 0.35043391 -0.51625 -0.51625 -0.51625 -0.51625
-0.36750642 0.315 0.13846504 0.3175 0.4625 -0.3825 -0.30375 -0.29375 -0.68875 -0.68875 -0.37125 -0.21875 -0.29999994 -0.75 0.12999736 0.13 -0.25 0.03125 -0.015 -0.015 -0.34880735 -0.22125 -0.22125 0.30124999 0.2675 0.2675 -0.76875 -0.76875 -0.42124519 -0.42116148 -0.0010461524 -0.30125 -0.30125 -0.73 -0.73 -0.20757997 -0.565 -0.565 -0.29625932 0.10999943 0.11 0.11 0.11000501 0.24375197 0.24375 0.24375 0.24375 0.24375017 0.52875 -0.51604291 -0.51625 -0.51625 -0.51625
-0.3675 -0.47375 0.52875 -0.35 0.11372341 -0.59125 -0.67625 -0.47625 -0.71625 -0.30375 -0.30375 -0.0575 -0.3 -0.3 0.1270498 0.10267729 0.1 0.0825 -0.19124982 -0.015 0.078549086 0.0725 0.09875 -0.073749999 -0.07374863 0.0325 0.185 0.18499966 -0.33903909 -0.33874999 4.2078283e-143 -0.078633288 -0.41375 -0.73 -0.69919711 0.09125 0.09125 -0.29625 -0.29625 0.11 0.11 0.11000001 0.59561836 0.59624998 0.24375 0.24375 0.24375 0.52873915 0.52875 0.52875 -0.51625 -0.51625 -0.51625
-0.43809685 -0.47374999 0.515 0.68875 0.44625 -0.30875 -0.3075 -0.15625 -0.66125 -0.39012121 -0.45125 -0.11125 -0.11125 0.04 0.040002574 -0.049581937 -0.05 -0.05 0.040711642 0.34124996 0.14375 0.14375 0.35125 0.1982561 0.021792805 0.0325 0.13875 0.185 0.13653329 0.13625 0.015 0.41375 0.42633807 0.45 0.35 0.255 0.07375 -0.27 0.26975065 0.11135587 0.41375 0.56 0.59624898 0.59625 0.59426594 0.24375 0.39249999 0.52875 0.52875 0.52875 0.52875 -0.43111804 0.1125
-0.23875 -0.23875 0.1675 0.41 -0.09375 -0.51 -0.3325 -0.30125 -0.21625 -0.32126081 -0.275 -0.30125 0.04 0.04 0.31375 0.308761 -0.05 -0.049974996 0.01125 0.34125 0.34125 0.31580539 0.35125 0.016256344 0.01625 0.01625 0.13875 0.46625 0.46625 0.13625 0.13625 0.41379742 0.43875 0.45 0.48 0.255 0.07375 -0.035 0.27 0.79509955 0.55999999 0.57102018 0.59 0.59625 0.59625 0.3925 0.3925 0.3925 0.52875 0.52875 0.1675 0.1675 0.16749998
-0.23875 -0.23875 -0.15375 -0.69625 -0.48375 0.03875 -0.3075 -0.26893696 -0.47875 -0.385 -0.07125 -0.435 -0.30142756 0.31375 0.31375 0.3137712 0.4975 0.47197932 0.01125 0.5875 0.5875 0.8725 0.8725 0.01625 0.01625 0.01625 0.46625 0.46625 0.46625 0.4025 0.4025 0.40250006 0.6025 0.6025 0.055 0.2975 0.46625 -0.027500308 0.625 0.80375 0.80375 0.63749984 0.59 0.59625 0.56750001 0.57875 0.63022176 0.63125 0.875 0.875 0.1675 0.1675 0.1675
-0.23875 -0.20220983 -0.3852541 -0.68748598 -0.125 -0.0275 -0.3075 -0.26875 -0.47874825 -0.38603864 -0.43499993 -0.435 0.4375 0.31375 0.31375 0.49749999 0.4975 0.49747233 0.01125 0.5875 0.6434682 0.8725 0.8725 0.01628447 0.01625 0.19047137 0.54625 0.54625 0.54624999 0.4025 0.4025 0.395 0.395 0.6024985 0.055 0.51999984 0.38126249 -0.0275 -0.0275 0.80374999 0.6375 0.6375 0.63749949 0.5675 0.5675 0.57875 0.63125 0.63125 0.875 0.875 0.1675 0.1675 0.1675
-0.47625 -0.015769592 0.0037245642 -0.0012502612 -0.12499969 -0.027502302 -0.30749999 -0.26922699 -0.46427885 -0.47630194 0.4375 0.4375 0.4375 0.4375 0.31376753 0.4975 0.4975 0.49122174 0.01125 0.5875781 0.87 0.87 0.87 0.87 0.031137831 0.54625 0.54625 0.54625 0.54625 0.54617998 0.395 0.395 0.395 0.395 0.52 0.52 0.52 -0.0011436019 -0.022158128 0.68375 0.68375 0.63750249 0.45250394 0.56748892 0.5675 0.57875 0.63125 0.63125 0.875 0.875 0.17006673 0.1675 -0.1901288
-0.47625 0.00375 0.00375 0.00375 0.00375 0.0037499861 -0.30678324 -0.28919218 -0.42567116 0.43651564 0.4375 0.4375 0.4375 0.4375 0.4375002 0.4975 0.49749992 0.46414657 0.011259556 0.87 0.87 0.87 0.87 0.87 0.87237655 0.61700993 0.59624999 0.59625 0.59625 0.59625 0.39500001 0.395 0.39500055 0.855 0.855 0.52 0.95019484 0.9625 0.68375016 0.68375 0.68375 0.68375 0.4525 0.4525 0.4525 0.45337858 0.12828294 0.125 0.125 0.125 0.12500001 0.88124985 0.88125
0.22125 0.00375 0.00375 0.00375 0.00375 0.00375 0.0037499814 -0.18760772 0.70382398 0.71 0.71 0.71 0.71 0.71 0.71 0.88142865 0.50360619 0.43091625 0.86989219 0.87 0.87 0.87 0.87 0.87000042 0.98 0.98 0.97999946 0.59625 0.59625 0.59700092 0.97125 0.97125 0.855 0.855 0.855 0.94527967 0.9625 0.9625 0.9625 0.68375 0.68375 0.68375 0.4525 0.4525 0.4525 0.4525 0.12500001 0.125 0.125 0.125 0.125 0.88125 0.88125
0.22125 0.14027722 0.00375 0.00375 0.00375 0.00375 0.089983072 0.09 0.090000015 0.71 0.71 0.71 0.71 0.71 0.74860622 0.885 0.885 0.885 1.2301495 1.2312496 1.23125 1.23125 1.23125 1.23125 0.98 0.98 0.98 0.98 0.59625 0.97125 0.97125 0.97125 0.85500001 0.855 0.855 0.95375 0.96248841 0.9625 0.9625 0.68377633 0.73610487 0.85822696 0.4525 0.4525 0.80640445 0.8075 0.8075 0.12588987 0.66311294 0.66499995 0.6649999 0.7562689 0.88124975
0.22125 -0.084073518 -0.044956931 0.00375 0.00375 0.089949039 0.09 0.09 0.09 0.094467898 0.71 0.71 0.71 0.71000002 0.885 0.885 0.885 0.885 1.2309407 1.23125 1.23125 1.23125 1.23125 1.23125 0.98000001 0.98 0.98 0.98 0.97996818 0.97125 0.97125 0.97125 1.34375 0.85502184 0.95375 0.95375 0.95375 0.95622398 0.86532815 0.85875 0.85875 0.85875 0.9025 0.9025 0.8075 0.8075 0.8075 0.665 0.665 0.665 0.665 0.75625 0.75625
-0.092288931 -0.0925 -0.0925 -0.0925 -0.10125 0.089995067 0.09 0.09 0.09 0.09 0.68425898 0.70999557 0.70999999 0.885 0.885 0.885 0.885 0.885 0.91711552 1.23125 1.23125 1.23125 1.23125 1.23125 1.24347 1.4549974 1.455 1.455 1.455 0.97125002 1.34375 1.34375 1.34375 1.34375 0.95375 0.95375593 1.17875 1.17875 0.86274568 0.85875 0.85875 0.85875 0.9025 0.9025 0.82220927 0.8075 0.8075 0.665 0.665 0.665 0.66597844 0.75625 0.75625
-0.0925 -0.0925 -0.0925 -0.096620506 -0.10125 -0.10125 0.09 0.09 0.09 0.09 0.37 0.37 0.37 0.885 0.885 0.885 0.885 0.88499959 0.96375 0.96375 1.2312499 1.23125 1.2307935 1.2125 1.2146831 1.455 1.455 1.455 1.455 1.3437613 1.34375 1.34375 1.34375 1.34375 1.1787492 1.17875 1.17875 1.17875 1.1776457 0.85875 0.85875 0.85875 0.9025 0.9025 0.9025 0.8075 0.8075 0.66500001 0.665 0.665 0.75625 0.75625 0.75625
-0.0925 -0.0925 -0.0925 -0.10125 -0.10125 -0.10125 -0.10124971 0.09 0.09 0.36971096 0.37 0.37 0.37 0.37032087 0.88297644 0.8825 0.8825 0.8825 0.96375 0.96375 0.96375 1.2125 1.2125 1.2125 1.2124986 1.3251802 1.455 1.455 1.455 1.5028421 1.5362311 1.53625 1.53625 1.53625 1.3323367 1.5474992 1.5475 1.5475 1.5475 1.2474468 1.2475 1.2475 0.9025 0.9025 1.152499 1.1525 1.14875 1.14875 1.03375 1.03375 1.03375 0.75625 1.0072754
-0.092499445 -0.0925 -0.0925 -0.10125 -0.10125 -0.10125 -0.10125 -0.016249969 0.089575171 0.36983225 0.37 0.37 0.37 0.37100567 0.8825 0.8825 0.8825 0.88250002 0.96375 0.96375 0.96375 1.2125 1.2125 1.2125 1.2075 1.2075 1.33375 1.33375 1.33375 1.3348547 1.53625 1.53625 1.53625 1.53625 1.5418719 1.5475 1.5475 1.5475 1.5475 1.2475 1.2475 1.2475 1.2445109 1.1525 1.1525 1.1525 1.14875 1.14875 1.03375 1.03375 1.03375 1.0075 1.0075
0.08625 0.0095501547 0.09125 0.091194152 -0.10125 -0.016741807 -0.01625 -0.01625 0.086686962 0.185 0.185 0.185 0.185 0.46999072 0.47 0.88249968 0.8825 0.88464082 0.96375 0.96375 0.96375 0.85125 0.85125 0.85125 1.2075 1.2075 1.33375 1.33375 1.33375 1.3337501 1.4787504 1.4787502 1.5348048 1.5361884 1.4101448 1.41 1.41 1.41 1.41 1.2475 1.2475 1.2475 1.1577308 1.1525 1.1525 1.1524999 1.14875 1.14875 1.1487459 1.03375 1.033751 1.055 1.0075
0.33995181 0.33999996 0.09125 0.09125 0.09125 -0.01625 -0.01625 -0.01625 0.26625 0.26625 0.185 0.185 0.185 0.47 0.47 0.47 0.47 0.47005636 0.96375 0.96375 0.96375 0.85125 0.85125 0.85125 1.2075 1.2075 1.33375 1.33375 1.33375 1.4771151 1.47875 1.47875 1.47875 1.47875 1.4100339 1.41 1.41 1.41 1.41 0.91000009 0.91 0.91 0.91 1.1524956 0.58125 0.58125 0.58125 0.835 0.835 0.835 1.055 1.055 1.055
0.34 0.34 0.09125 0.09125 0.09125 -0.015684961 -0.01625 0.26625 0.26625 0.26625 0.18501 0.185 0.05528145 0.4699999 0.47 0.47 0.47 0.11875 0.11875 0.11875 0.33500001 0.33500038 0.85124749 0.85125 0.85137967 0.90125 0.90125 0.90125103 1.3336801 1.3262804 1.3262508 1.3262766 1.4784894 1.4786184 1.4221442 1.4099996 1.4068959 0.48375 0.48375 0.91 0.91 0.91 0.91 0.58125 0.58125 0.58125 0.58125 0.835 0.835 0.835 1.055 1.055 1.055
0.34 0.34 0.09125 0.09125 0.09125 0.09125 0.089481498 0.26625 0.26625 0.26625 0.26611743 0.02625 0.02625 0.02625 0.46738488 0.47 0.12109064 0.11875 0.11875 0.11875 0.335 0.335 0.335 0.335 0.90125 0.90125 0.90125 0.90125 0.90125 1.32625 1.32625 1.32625 1.32625 1.3262494 1.06 0.48375 0.48375 0.48375 0.48375 0.48375014 0.46125 0.46125 0.46125 0.49785913 0.57375 0.57375 0.57375 0.83499999 0.8349998 0.63375 0.63375 0.9625225 0.9625
0.34 0.34 0.18103128 0.09125 0.09125 0.091250003 0.24129436 0.26617121 0.26625 0.26625 0.026250038 0.02625 0.02625 0.02625 0.02625 0.062636519 0.11875 0.11875 0.11875 0.11875 0.33499833 0.335 0.335 0.335 0.90125 0.90125 0.90125 0.90125 0.90125 0.75632986 1.32625 1.32625 1.32625 1.06 1.06 1.0595525 0.48375 0.48375 0.60896822 0.70624998 0.46125 0.46125 0.46125 0.49750371 0.57375 0.57375 0.57375 0.50125 0.63209906 0.63375 0.63375 0.9625 0.9625
0.3775 0.3775 0.3775 0.16302074 0.091781709 0.24125 0.24125 0.24125 0.24125 0.20875 0.20875 0.026250013 0.02625 0.02625 0.02625 0.02625585 0.11875 0.11875 0.11875 0.11875 0.24063551 0.335 0.335 0.33009305 0.18106363 0.90125 0.90125 0.90125 0.555 0.555 0.555 0.55500324 1.06 1.06 1.06 1.06 0.70625 0.70625 0.70625 0.70625 0.5 0.5 0.5 0.60499789 0.605 0.605 0.60499999 0.50125 0.50125 0.63358856 0.63375 0.96249882 0.9625
0.3775 0.3775 0.3775 0.37750424 0.45625 0.42498547 0.24125 0.24125 0.24125 0.20875 0.20875 0.20875 -0.28749998 -0.2875 -0.2875 -0.28749999 0.11823709 0.11875 0.11875 0.11875 0.12201888 0.14750051 0.1475 0.1475 0.1475 0.1475 -0.044999993 -0.045 0.555 0.555 0.555 0.555 1.0599997 1.06 1.06 1.0599701 0.70625 0.70625 0.70625 0.70687512 0.5 0.5 0.5 0.60499513 0.605 0.605 0.605 0.50125 0.50125 0.50125003 0.72875 0.72875 0.73125
0.3775 0.3775 0.3775 0.45624982 0.45625 0.45625 0.24125008 0.24125 0.24125 0.20875 0.20875 0.20875 -0.2875 -0.2875 -0.2875 -0.27788486 -0.16125 -0.16125 -0.16124928 0.11716849 0.1475 0.1475 0.1475 0.1475 0.1475 0.14735513 -0.045 -0.045 -0.044999999 0.555 0.555 0.55490184 0.6925 0.6925 0.6925 0.67 0.67 0.84875 0.84875 0.84875 0.885 0.50012076 0.50000239 0.82 0.82 0.81185174 0.60500039 0.50125 0.50125 0.72875 0.72875 0.72875 0.73125
0.3775 0.3775 0.3775 0.45625 0.45625 0.45625 0.45625 0.24125 0.24125 0.20875 0.20875 -0.26765716 -0.2875 -0.2875 -0.2875 -0.16125 -0.16125 -0.16125 -0.16125 -0.16125 0.1475 0.1475 0.1475 0.1475 0.1475 -0.044999343 -0.045 -0.045 -0.045 0.4025 0.4025 0.4025 0.6925 0.6925 0.6925 0.67 0.67 0.84875 0.84875 0.885 0.885 0.885 0.82 0.82 0.82 0.82 0.81928121 0.81125 0.81125 0.81125 0.72875 0.77375 0.77375
0.3775 0.3775 0.37760966 0.45625 0.45625 0.45625 0.45625 0.12066585 0.10375 0.10393027 0.20874998 -0.2875045 -0.2875 -0.2875 -0.28749956 -0.16125 -0.16125 -0.16125 -0.16125 -0.16125 -0.13062707 0.1475 0.1475 0.1475 0.14742379 -0.045009987 -0.045 -0.045 -0.045 0.4025 0.4025 0.4025 0.40253968 0.6925 0.67 0.67 0.67 0.67000727 0.84875247 0.885 0.885 0.885 0.82000395 0.82 0.82 0.82 0.8112507 0.81125 0.81125 0.81125 0.77375 0.77375 0.77375
-0.04 -0.03999927 0.45619106 0.45625 0.45625 0.45625 0.10382501 0.10375 0.10375 0.10375 -0.34124999 -0.34125 -0.34125 -0.34125 -0.16208076 -0.16125 -0.16125 -0.16125 -0.16125 -0.14250001 -0.1425 -0.1425 -0.22249994 -0.2225 -0.2225 -0.2225 -0.20717947 -0.045 0.13624258 0.13625 0.13625 0.13625 0.13625 0.555 0.555 0.555 0.555 0.555 0.89625 0.89625 0.89625 0.89625 0.89625 0.88115767 0.88125 0.88125 0.88125 0.81125 0.81125 0.81125 0.77375591 0.77375 0.77375
-0.04 -0.04 -0.042061582 -0.28624851 -0.28624983 -0.28586929 0.10375 0.10375 0.10375 0.10375 -0.34125 -0.34125 -0.34125 -0.34125 -0.34125 -0.16125 -0.16125 -0.16125 -0.1425 -0.1425 -0.1425 -0.1425 -0.2225 -0.2225 -0.2225 -0.2225 -0.2225 -0.22246209 0.13615684 0.13625 0.13625 0.13625 0.13621258 0.5627949 0.55500807 0.555 0.555 0.555 0.89625 0.89625 0.89625 0.89625 0.89625 0.88125 0.88125 0.88125 0.88125 0.84851663 0.81125 0.85698399 0.8575 0.62125 0.62125
-0.04 -0.04 -0.28621881 -0.28625 -0.28625 -0.28625 -0.18719165 0.10375 0.10375 0.10375 -0.34125 -0.34125 -0.34125 -0.34125 -0.34125 -0.16138878 -0.16125 -0.1425055 -0.1425 -0.1425 -0.1425 -0.1425 -0.19286348 -0.2225 -0.2225 -0.2225 -0.2225 -0.22241661 -0.105 -0.105 -0.105 -0.105 -0.105 0.56875 0.56875 0.56875 0.56875 0.56875 1.21875 1.21875 1.21875 1.21875 1.21875 0.88168645 0.88125009 0.88125 0.8812803 0.88489241 0.8575 0.8575 0.8575 0.62125132 0.62125
-0.040000078 -0.081671421 -0.28624997 -0.28625 -0.28625 -0.28625 -0.28625 0.10358394 0.10375 0.10375 -0.34125 -0.34125 -0.34125 -0.34125 -0.3718059 -0.3725 -0.3725 -0.14250592 -0.1425 -0.1425 -0.1425 -0.1425 -0.14250002 -0.2225 -0.2225 -0.2225 -0.2225 0.33749957 0.3374998 0.24332525 -0.105 -0.105 -0.105 0.56875 0.56875 0.56875 0.56875 0.56890662 1.21875 1.21875 1.21875 1.21875 1.218767 1.06 1.06 1.06 1.06 1.0599837 0.8575 0.8575 0.8575 0.85750007 0.97102176
-0.0825 -0.0825 -0.13904287 -0.28625 -0.28625 -0.28625 -0.28625 -0.28625 0.10358245 -0.41374999 -0.41375 -0.41375 -0.41357794 -0.37249996 -0.3725 -0.3725 -0.3725 -0.3725 -0.14250061 -0.14775684 -0.19375 -0.19375 -0.19375 -0.19945415 -0.19268645 -0.033159799 0.10155649 0.3375 0.3375 0.3375 0.3375 0.3375 0.32415628 0.79732039 0.8 0.8 0.8 0.8 1.2603124 1.4399996 1.44 1.44 1.44 1.2537494 1.0600001 1.06 1.06 1.0275 0.85750272 0.8575 0.8575 0.97625 0.97625
