interpolatedSpi/04-11|21_3.tif
NCOLS 53
NROWS 52
XLLCORNER -116.03883
YLLCORNER 28.596182
DX 0.49850594
DY 0.49788537
NODATA_VALUE -9999
[rows 0 to 34 of 52, columns 0 to 52 of 53]
-1.00625 -1.00625 -1.0956635 -1.1675 -1.08125 -1.4625 -1.33875 -1.2675 -1.3285059 -1.41625 -1.64875 -1.15875 -1.593713 -1.145 -1.20875 -1.20875 -1.20875 -0.67375 -0.9475 -0.9475 -0.9475 -0.94749329 -0.25125001 -1.37375 -1.37375 -1.37375 -1.0124999 -1.0125 -1.0125 -0.71875 -0.71875 -0.71875 -0.71875 -1.0749999 -1.075 -1.075 -1.075 -1.075 -1.075 -1.075 -1.0230593 -1.0223426 -0.40375 -0.40375 -0.40375 -0.40375 -0.40320487 -0.07 -0.07 -0.07 0.39624903 0.39625 0.39625
-1.0062802 -1.685 -1.1699993 -1.1595751 -1.3674773 -0.84 -1.11625 -1.3124151 -1.66 -1.58625 -1.40375 -1.59375 -1.59375 -1.2670915 -1.145002 -1.20875 -0.67375 -0.67375 -0.94714307 -0.9475 -0.9475 -0.9475 -1.3694074 -1.37375 -1.37375 -1.37375 -1.2875 -1.2875 -0.71875 -0.71875 -0.71875 -0.71875 -0.71875 -1.0749999 -1.075 -1.075 -1.075 -1.075 -1.075 -1.0356511 -0.83001794 -0.45547218 -0.40375 -0.40375 -0.40375 -0.40375 -0.40375 -0.07 -0.07 -0.07 -0.031338104 0.39625 0.39625
-1.4037349 -1.40375 -0.53875 -0.70875 -0.7975 -1.17875 -0.57125 -1.07375 -1.5175 -1.425 -1.315 -1.63875 -1.12625 -1.24875 -1.2675 -1.72375 -0.67375 -0.67375 -0.67375 -1.1012053 -1.10125 -1.10125 -1.29125 -1.37375 -1.37375 -1.37375 -1.2875 -1.2875 -1.2875 -0.71875 -0.71875 -0.71874999 -0.66459249 -1.0743527 -1.0738482 -0.95238398 -0.95125 -0.95125 -0.93599995 -0.83 -0.83 -0.82945493 -0.40375 -0.40375 -0.40375 -0.40375 -0.40375 -0.07 -0.07 -0.07 -0.069999999 0.39625 0.39625
-0.20375 -1.4037499 -0.89247817 -0.26375 -0.84 -0.87 -0.69125 -0.9875 -0.8725 -1.1530817 -1.32625 -1.60625 -1.56375 -1.24875 -1.25875 -1.72375 -1.8391106 -1.8391829 -1.72875 -1.10125 -1.10125 -1.44625 -1.29125 -1.29125 -1.37375 -1.3737496 -1.2875 -1.2875 -1.2875 -0.96875 -0.76985432 -0.60625 -0.60625 -0.60625027 -0.95125 -0.95125 -0.95125 -0.95125 -0.83 -0.83 -0.83 -0.82999998 -0.40375 -0.40375 -0.40375 -0.40375 -0.40375 -0.07000421 -0.07 -0.07 -0.07 0.39621129 0.39625
-0.20375 0.078748219 -0.8925 -1.1293885 -0.84 -0.62875 -1.1949808 -1.07875 -1.20125 -1.0262501 -1.2730193 -1.3924708 -1.18875 -1.25875 -1.25875 -1.5717071 -1.84 -1.84 -1.72875 -1.72875 -1.1012506 -1.44625 -1.27125 -0.97625 -0.76625 -0.76614548 -1.2875 -1.2875 -0.96875 -0.96875 -0.60625 -0.60625 -0.60625 -0.59964987 -0.95125 -0.95125 -0.95125 -0.83 -0.83 -0.83 -0.83 -0.82998287 -0.40375 -0.40375 -0.40375 -0.40375 -0.40375 -0.40077921 -0.07 -0.070032229 -0.78875 -0.78875 -0.78875
-1.53 -0.67875 -0.745 -0.895 -1.0375 -0.9525 -1.24875 -1.2269851 -0.93125 -0.58625 -0.6 -0.22125 -0.22125064 -1.34125 -1.34125 -1.7773778 -1.7775 -1.59375 -1.59375 -1.7287493 -0.97875 -0.97875 -0.97625 -0.76625 -0.76625 -0.31875 -0.5 -0.5 -0.5462882 -0.96875 -0.60625 -0.60625 -0.57125 -0.57121957 -0.280021 -0.76875 -0.76875 -0.81105091 -0.83 -0.83 -0.65272138 -0.6525 -0.65249897 -1.1134959 -1.1261701 -1.1262498 -1.12625 -1.1262497 -0.40979071 -0.78875 -0.78875 -0.78875 -0.78875
0.073743839 -0.5575 -0.28708017 -0.5175 -0.8775 -1.32125 -0.77375 -0.7625 -0.87375 -0.87375 -0.6 -1.04875 -1.3175 -1.34125 -1.2712502 -1.27125 -1.7775 -1.1325 -0.88125 -0.88125 -0.96048849 -0.94 -0.94 -0.24875001 -0.31875 -0.31875 -0.5 -0.5 -0.54624293 -0.54611991 -0.27047909 -0.57125 -0.57125 -0.28 -0.28 -0.795982 -0.76875 -0.76875 -0.9099951 -0.65250036 -0.6525 -0.6525 -0.65249378 -1.1262458 -1.12625 -1.12625 -1.12625 -1.1262495 -0.35625 -0.78866429 -0.78875 -0.78875 -0.78875
0.07375 0.16625 0.0775 -1.13875 -1.1412499 -1.07125 -0.6825 -1.3 -1.26375 -0.98875 -0.98875 -1.30375 -1.3175 -1.3175 -1.2715673 -1.5228466 -1.5475 -0.965 -0.89374999 -0.88125 -0.23035402 -0.23375 -0.0425 0.2 0.19999976 0.18125 -0.595 -0.59499997 -0.42542488 -0.425 -0.27 -0.7968225 -0.82125 -0.28 -0.29429625 -0.81875 -0.81875 -0.91 -0.91 -0.6525 -0.6525 -0.65249999 -0.36621224 -0.36625004 -1.12625 -1.12625 -1.12625 -0.35627931 -0.35625 -0.35625 -0.78875 -0.78875 -0.78875
0.073134588 0.16625 0.59 -0.285 -0.47875 -0.85125 -0.9675 -0.99125 -1.165 -0.9995317 -1.06125 -1.1175 -1.1175 -1.12625 -1.1262475 -1.0763169 -1.075 -1.075 -0.95412358 -0.41749995 -0.19375 -0.19375 -0.15375 -0.086341794 0.1831395 0.18125 -0.58 -0.595 -0.48563921 -0.485 -0.79 -0.36625 -0.30644309 -0.83375 -0.78125 -0.87 -0.87125 -0.98875 -0.7913412 -0.65056384 -0.21875 -0.32375 -0.36621744 -0.36625 -0.37052769 -1.12625 -1.00625 -0.35625001 -0.35625 -0.35625 -0.35625 -0.76447105 -0.1175
-0.4475 -0.4475 0.87375 0.3025 -0.435 -0.83875 -1.12375 -0.8125 -0.87125 -0.9575247 -1.22875 -0.35875 -1.12625 -1.12625 -0.865 -0.86788024 -1.075 -1.0749165 -0.70125 -0.4175 -0.4175 -0.3886735 -0.15375 -0.33624654 -0.33625 -0.33625 -0.58 -0.04375 -0.04375 -0.485 -0.485 -0.36602478 -0.2475 -0.83375 -0.285 -0.87 -0.87125 -0.65625 -0.79125 -0.77157415 -0.32375 -0.26589405 -0.16625 -0.36625 -0.36625 -1.00625 -1.00625 -1.00625 -0.35625 -0.35625 -0.59375 -0.59375 -0.59374982
-0.4475 -0.4475 0.08625 -0.50625 -0.99375 -0.2575 -0.80375 -1.1711799 -1.15875 -0.975 -1.065 -1.0575 -0.35968138 -0.865 -0.865 -0.86498933 -0.7725 -0.76876047 -0.70125 -1.03 -1.03 -0.55 -0.55 -0.33625 -0.33625 -0.33625 -0.04375 -0.04375 -0.04375 -0.47375 -0.47375 -0.47374963 -0.48875 -0.48875 -0.835 -0.98875 -0.4775 -1.2162399 -0.99375 -0.77125 -0.77125 -0.58749862 -0.16625 -0.36625 -0.55000011 -0.7425 -0.67642662 -0.675 -0.495 -0.495 -0.59375 -0.59375 -0.59375
-0.4475 -0.21718109 -0.16659088 -0.73998899 -0.1925 -0.94 -0.80375 -1.17125 -1.1587501 -0.97703573 -1.0574999 -1.0575 -0.91 -0.865 -0.865 -0.7725 -0.7725 -0.77249594 -0.70125 -1.03 -0.93573777 -0.55 -0.55 -0.33625919 -0.33625 -0.40199391 -0.53625 -0.53625 -0.53624994 -0.47375 -0.47375 -0.6425 -0.6425 -0.48875095 -0.835 -0.7225001 -0.40574183 -1.21625 -1.21625 -0.77124999 -0.5875 -0.5875 -0.58749966 -0.55 -0.55 -0.7425 -0.675 -0.675 -0.495 -0.495 -0.59375 -0.59375 -0.59375
-1.34125 -0.63809869 -0.69124249 -0.6915944 -0.19250396 -0.93998235 -0.80375 -1.1667263 -1.1596114 -1.1539518 -0.91 -0.91 -0.91 -0.91 -0.86500637 -0.7725 -0.7725 -0.77158005 -0.70125 -1.0300355 -1.16 -1.16 -1.16 -1.16 -0.35035126 -0.53625 -0.53625 -0.53625 -0.53625 -0.53625987 -0.6425 -0.6425 -0.6425 -0.6425 -0.7225 -0.7225 -0.7225 -1.1910591 -1.2144475 -0.97625 -0.97625 -0.58752091 -0.85998939 -0.55002986 -0.55 -0.7425 -0.675 -0.675 -0.495 -0.495 -0.59339175 -0.59375 -0.37088788
-1.34125 -0.69125 -0.69125 -0.69125 -0.69125 -0.6912501 -0.80409865 -0.97763571 -1.1619094 -0.91026336 -0.91 -0.91 -0.91 -0.91 -0.91000024 -0.7725 -0.77249999 -0.76761274 -0.70125248 -1.16 -1.16 -1.16 -1.16 -1.16 -1.1483786 -0.64282119 -0.70374997 -0.70375 -0.70375 -0.70375 -0.6425 -0.6425 -0.64249999 -0.6375 -0.6375 -0.7225 -0.62649607 -0.62375 -0.9762498 -0.97625 -0.97625 -0.97625 -0.86 -0.86 -0.86 -0.85918231 -0.96064344 -0.9625 -0.9625 -0.9625 -0.96249999 -0.26375007 -0.26375
-1.3175 -0.69125 -0.69125 -0.69125 -0.69125 -0.69125 -0.69125001 -0.94294173 -1.2382791 -1.23875 -1.23875 -1.23875 -1.23875 -1.23875 -1.23875 -1.0868341 -0.77743305 -0.76274359 -1.1599423 -1.16 -1.16 -1.16 -1.16 -1.1599996 -0.6225 -0.6225 -0.62250011 -0.70375 -0.70375 -0.70312424 -0.39125 -0.39125 -0.6375 -0.6375 -0.6375 -0.62595246 -0.62375 -0.62375 -0.62375 -0.97625 -0.97625 -0.97625 -0.86 -0.86 -0.86 -0.86 -0.9625 -0.9625 -0.9625 -0.9625 -0.9625 -0.26375 -0.26375
-1.3175 -1.0843542 -0.69125 -0.69125 -0.69125 -0.69125 -1.0749247 -1.075 -1.075 -1.23875 -1.23875 -1.23875 -1.23875 -1.23875 -1.2045559 -1.08375 -1.08375 -1.08375 -0.85966762 -0.85875031 -0.85875 -0.85875 -0.85875 -0.85875 -0.6225 -0.6225 -0.6225 -0.6225 -0.70375 -0.39125 -0.39125 -0.39125 -0.63749998 -0.6375 -0.6375 -0.3025 -0.62332466 -0.62375 -0.62375 -0.97611262 -0.70213484 -0.06273847 -0.86 -0.86 -0.81264659 -0.8125 -0.8125 -0.96169494 -0.47421233 -0.47250004 -0.47250009 0.0087086345 -0.26374945
-1.3175 -1.0888114 -0.88924051 -0.69125 -0.69125 -1.0747733 -1.075 -1.075 -1.075 -1.07618 -1.23875 -1.23875 -1.23875 -1.23875 -1.08375 -1.08375 -1.08375 -1.08375 -0.85895099 -0.85875 -0.85875 -0.85875 -0.85875 -0.85875 -0.62250001 -0.6225 -0.6225 -0.6225 -0.62165886 -0.39125 -0.39125 -0.39125 -0.3475 -0.63745892 -0.3025 -0.3025 -0.3025 -0.29732992 -0.095681295 -0.06 -0.06 -0.06 -0.65375 -0.65375 -0.8125 -0.8125 -0.8125 -0.4725 -0.4725 -0.4725 -0.4725 0.00875 0.00875
-1.0826144 -1.0825 -1.0825 -1.0825 -0.8625 -1.0749945 -1.075 -1.075 -1.075 -1.075 -1.2124413 -1.2387455 -1.23875 -1.08375 -1.08375 -1.08375 -1.08375 -1.08375 -1.0472516 -0.85875 -0.85875 -0.85875 -0.85875 -0.85875 -0.64528997 -0.48125077 -0.48125 -0.48125 -0.48125 -0.39125 -0.3475 -0.3475 -0.3475 -0.3475 -0.3025 -0.30248756 0.17 0.17 -0.057128107 -0.06 -0.06 -0.06 -0.65375 -0.65375 -0.78792003 -0.8125 -0.8125 -0.4725 -0.4725 -0.4725 -0.46733975 0.00875 0.00875
-1.0825 -1.0825 -1.0825 -0.97889872 -0.8625 -0.8625 -1.075 -1.075 -1.075 -1.075 -0.89125 -0.89125 -0.89125 -1.08375 -1.08375 -1.08375 -1.08375 -1.0836385 -0.785 -0.785 -0.85874997 -0.85875 -0.85899346 -0.86875 -0.8652615 -0.48125 -0.48125 -0.48125 -0.48125 -0.34751362 -0.3475 -0.3475 -0.3475 -0.3475 0.16999834 0.17 0.17 0.17 0.16917526 -0.06 -0.06 -0.06 -0.65375 -0.65375 -0.65375 -0.8125 -0.8125 -0.4725 -0.4725 -0.4725 0.0087499996 0.00875 0.00875
-1.0825 -1.0825 -1.0825 -0.8625 -0.8625 -0.8625 -0.86250032 -1.075 -1.075 -0.89143968 -0.89125 -0.89125 -0.89125 -0.89136993 -0.53738987 -0.40875 -0.40875 -0.40875 -0.785 -0.785 -0.785 -0.86875 -0.86875 -0.86875 -0.8685273 -0.26750634 -0.48125 -0.48125 -0.48125 -0.29262631 -0.27625701 -0.27625 -0.27625 -0.27625 0.055224199 -0.10499938 -0.105 -0.105 -0.105 -0.24622452 -0.24625 -0.24625 -0.65375 -0.65375 -0.68749986 -0.68749993 -0.4825 -0.4825 -0.2175 -0.2175 -0.2175 0.00875 0.10241618
-1.0824972 -1.0825 -1.0825 -0.8625 -0.8625 -0.8625 -0.86249999 -0.35000021 -1.0721012 -0.89088162 -0.89125 -0.89125 -0.89125 -0.8903032 -0.40875 -0.40875 -0.40875 -0.40875011 -0.785 -0.785 -0.785 -0.86875 -0.86875 -0.86875 -0.07375 -0.07375 -0.25625 -0.25625 -0.25625 -0.25635911 -0.27625 -0.27625 -0.27625 -0.27625 -0.19067209 -0.105 -0.105 -0.105 -0.105 -0.24625 -0.24625 -0.24625 -0.26013341 -0.6875 -0.6875 -0.6875 -0.4825 -0.4825 -0.2175 -0.2175 -0.2175 0.10249999 0.1025
-0.165 -0.587976 -0.485 -0.48510952 -0.8625 -0.35296531 -0.35 -0.35 -0.33997959 -0.485 -0.485 -0.485 -0.485 0.23497656 0.235 -0.40874951 -0.40875 -0.41866363 -0.785 -0.785 -0.785 0.1675 0.1675 0.1675 -0.07375 -0.07375 -0.25625 -0.25625 -0.25625 -0.25624994 -0.17125067 -0.17125029 -0.27361098 -0.27613743 -0.54968412 -0.55 -0.55 -0.55 -0.55 -0.24625 -0.24625 -0.24625 -0.66320335 -0.6875 -0.6875 -0.68749996 -0.4825 -0.4825 -0.48249046 -0.2175 -0.2175213 -0.69375 0.1025
-0.36621178 -0.36625002 -0.485 -0.485 -0.485 -0.35 -0.35 -0.35 -0.3225 -0.3225 -0.485 -0.485 -0.485 0.235 0.235 0.235 0.235 0.23488436 -0.785 -0.785 -0.78499996 0.1675 0.1675 0.1675 -0.07375 -0.07375 -0.25625 -0.25625 -0.25625 -0.17220838 -0.17125 -0.17125 -0.17125 -0.17125 -0.54981311 -0.55 -0.55 -0.55 -0.55 -0.18125002 -0.18125 -0.18125 -0.18125 -0.68749838 -0.47625 -0.47625 -0.47625 -0.58875 -0.58875 -0.58875 -0.69375 -0.69375 -0.69375
-0.36625 -0.36625 -0.485 -0.485 -0.485 -0.35070958 -0.35 -0.3225 -0.3225 -0.3225 -0.48498 -0.485 -0.16734276 0.23499992 0.235 0.235 0.235 -0.0175 -0.0175 -0.0175 -0.28624999 -0.28624966 0.16749779 0.1675 0.16712546 -0.35 -0.35 -0.34999978 -0.25626515 -0.056272918 -0.056250612 -0.056270077 -0.17105345 -0.17115076 -0.48246803 -0.54999986 -0.54876005 -0.18 -0.18 -0.18125 -0.18125 -0.18125 -0.18125 -0.47625 -0.47625 -0.47625 -0.47625 -0.58875 -0.58875 -0.58875 -0.69375 -0.69375 -0.69375
-0.36625 -0.36625 -0.485 -0.485 -0.485 -0.485 -0.33970755 -0.3225 -0.3225 -0.3225 -0.32237502 -0.09625 -0.09625 -0.09625 0.23304787 0.235 -0.015817402 -0.0175 -0.0175 -0.0175 -0.28625 -0.28625 -0.28625 -0.28625 -0.35 -0.35 -0.35 -0.35 -0.35 -0.05625 -0.05625 -0.05625 -0.05625 -0.056250026 -0.06875 -0.18 -0.18 -0.18 -0.18 -0.18000037 -0.2975 -0.2975 -0.2975 -0.43376562 -0.71625 -0.71625 -0.71625 -0.58875 -0.58875001 -0.595 -0.595 -0.480052 -0.48
-0.36625 -0.36625 -0.44213959 -0.485 -0.485 -0.485 -0.26260647 -0.32231091 -0.3225 -0.3225 -0.096249973 -0.09625 -0.09625 -0.09625 -0.09625 -0.069086789 -0.0175 -0.0175 -0.0175 -0.0175 -0.28624792 -0.28625 -0.28625 -0.28625 -0.35 -0.35 -0.35 -0.35 -0.35 -0.092274125 -0.05625 -0.05625 -0.05625 -0.06875 -0.06875 -0.068836388 -0.18 -0.18 0.034559309 0.20124997 -0.2975 -0.2975 -0.2975 -0.42953363 -0.71625 -0.71625 -0.71625 0.195 -0.58515668 -0.595 -0.595 -0.48 -0.48
-0.21625 -0.21625 -0.21625 -0.41761699 -0.48444857 -0.2625 -0.2625 -0.2625 -0.2625 0.029999998 0.03 -0.096249991 -0.09625 -0.09625 -0.09625 -0.096244997 -0.0175 -0.0175 -0.0175 -0.0175 -0.16897622 -0.28625 -0.28625 -0.28481063 -0.2365378 -0.35 -0.35 -0.35 -0.105 -0.105 -0.105 -0.1049998 -0.06875 -0.06875 -0.06875 -0.06875 0.20125 0.20125 0.20125 0.20125 -0.1175 -0.1175 -0.1175 -0.010002161 -0.01 -0.01 -0.010000224 0.195 0.195 -0.59403743 -0.595 -0.47999454 -0.48
-0.21625 -0.21625 -0.21625 -0.21624414 -0.1075 -0.13003955 -0.2625 -0.2625 -0.2625 0.03 0.03 0.03 0.20499999 0.205 0.205 0.20499998 -0.018031229 -0.0175 -0.0175 -0.0175 -0.021572203 -0.23125015 -0.23125 -0.23125 -0.23125 -0.23125 -0.2725 -0.2725 -0.105 -0.105 -0.105 -0.105 -0.068749589 -0.06875 -0.06875 -0.068703573 0.20124999 0.20125 0.20125 0.19957752 -0.1175 -0.1175 -0.1175 -0.010004985 -0.01 -0.01 -0.01 0.195 0.195 0.19500005 0.60375 0.60375 0.56375
-0.21625 -0.21625 -0.21625 -0.10750025 -0.1075 -0.1075 -0.26249994 -0.2625 -0.2625 0.03 0.03 0.03 0.205 0.205 0.205 0.16596823 -0.3075 -0.3075 -0.30749925 -0.019137998 -0.23125 -0.23125 -0.23125 -0.23125 -0.23125 -0.23128104 -0.2725 -0.2725 -0.2725 -0.105 -0.105 -0.1051931 0.50125 0.50125 0.50125 -0.26375 -0.26375 -0.18 -0.18 -0.18 -0.15625 -0.11751215 -0.11749821 0.1225 0.1225 0.1174784 -0.0099993026 0.195 0.195 0.60375 0.60375 0.60375 0.56375
-0.21625 -0.21625 -0.21625 -0.1075 -0.1075 -0.1075 -0.1075 -0.2625 -0.2625 0.03 0.03 0.19800252 0.205 0.205 0.205 -0.3075 -0.3075 -0.3075 -0.3075 -0.3075 -0.23125 -0.23125 -0.23125 -0.23125 -0.23125 -0.27249986 -0.2725 -0.2725 -0.2725 -0.405 -0.405 -0.405 0.50125 0.50125 0.50125 -0.26375 -0.26375 -0.18 -0.18 -0.15625 -0.15625 -0.15625 0.1225 0.1225 0.1225 0.1225 0.15063546 0.465 0.465 0.465 0.60375 0.6425 0.6425
-0.21625 -0.21625 -0.21609856 -0.1075 -0.1075 -0.1075 -0.1075 0.054342001 0.0625 0.062444202 0.03 0.20498471 0.205 0.205 0.20499823 -0.3075 -0.3075 -0.3075 -0.3075 -0.3075 -0.27081341 -0.23125 -0.23125 -0.23125 -0.23119259 -0.272482 -0.2725 -0.2725 -0.2725 -0.405 -0.405 -0.405 -0.40486463 0.50125 -0.26375 -0.26375 -0.26375 -0.2637463 -0.17999838 -0.15625 -0.15625 -0.15625 0.12248308 0.1225 0.1225 0.1225 0.46499968 0.465 0.465 0.465 0.6425 0.6425 0.6425
-0.50125 -0.5012495 -0.1075711 -0.1075 -0.1075 -0.1075 0.062463826 0.0625 0.0625 0.0625 0.022500001 0.0225 0.0225 0.0225 -0.30597689 -0.3075 -0.3075 -0.3075 -0.3075 -0.27250002 -0.2725 -0.2725 0.047499954 0.0475 0.0475 0.0475 0.019879884 -0.2725 0.15123264 0.15125 0.15125 0.15125 0.15125 0.092499999 0.0925 0.0925 0.0925 0.0925 0.45625 0.45625 0.45625 0.45625 0.45625 0.43577704 0.43625 0.43625 0.43625 0.465 0.465 0.465 0.64247204 0.6425 0.6425
-0.50125 -0.50125 -0.49557753 0.17624943 0.17624994 0.17613891 0.0625 0.0625 0.0625 0.0625 0.0225 0.0225 0.0225 0.0225 0.0225 -0.3075 -0.3075 -0.3075 -0.27250001 -0.2725 -0.2725 -0.2725 0.047499999 0.0475 0.0475 0.0475 0.0475 0.047432391 0.15118918 0.15125 0.15125 0.15125 0.15122557 -0.017337189 0.092386268 0.0925 0.0925 0.092499997 0.45625 0.45625 0.45625 0.45625 0.45625 0.43625 0.43625 0.43625 0.43625 0.44969406 0.465 0.015076403 0.01 0.13125 0.13125
-0.50125 -0.50125 0.17616418 0.17625 0.17625 0.17625 0.14735798 0.0625 0.0625 0.0625 0.0225 0.0225 0.0225 0.0225 0.0225 -0.30724987 -0.3075 -0.27251026 -0.2725 -0.2725 -0.2725 -0.2725 -0.071046074 0.0475 0.0475 0.0475 0.0475 0.047461788 -0.00625 -0.00625 -0.00625 -0.00625 -0.00625 -0.10125 -0.10125 -0.10125 -0.10125 -0.10125 0.21125 0.21125 0.21125 0.21125 0.21125 0.43621032 0.43624999 0.43625 0.43624725 0.43585718 0.01 0.01 0.01 0.13124932 0.13125
-0.50124984 -0.41423027 0.17624992 0.17625 0.17625 0.17625 0.17625 0.062548434 0.0625 0.0625 0.0225 0.0225 0.0225 0.0225 -0.38572676 -0.395 -0.395 -0.27250315 -0.2725 -0.2725 -0.2725 -0.2725 -0.27249998 0.0475 0.0475 0.0475 0.0475 -0.38499963 -0.38499982 -0.3043928 -0.00625 -0.00625 -0.00625 -0.10125 -0.10125 -0.10125 -0.10125 -0.10141847 0.21125 0.21125 0.21125 0.21125 0.21123994 0.42 0.42 0.42 0.42 0.41996693 0.01 0.01 0.01 0.01000024 0.39850518
