interpolatedSpi/04-12|22_1.tif
NCOLS 53
NROWS 52
XLLCORNER -116.03883
YLLCORNER 28.596182
DX 0.49850594
DY 0.49788537
NODATA_VALUE -9999
[rows 0 to 26 of 52, columns 0 to 52 of 53]
-0.21444444 -0.21444444 -0.36978727 -0.41444444 -0.20111111 -0.11 -0.22777778 -0.28888889 -0.41821238 -0.41444444 -0.35777778 -0.21 -0.31333342 -0.31444444 -0.58666667 -0.58666667 -0.58666667 0.057777778 -0.19777778 -0.19777778 -0.19777778 -0.19778298 -0.73777777 -0.041111111 -0.041111111 -0.041111111 -0.37666686 -0.37666667 -0.37666667 -0.23666667 -0.23666667 -0.23666667 -0.23666667 -0.017777822 -0.017777778 -0.017777778 -0.017777778 -0.017777778 -0.017777778 -0.017777765 0.45820683 0.46315603 -0.23333333 -0.23333333 -0.23333333 -0.23333333 -0.23286148 0.055555556 0.055555556 0.055555556 0.30555504 0.30555556 0.30555556
-0.21446039 -0.57333333 -0.33666676 -0.31599506 -0.24576555 -0.25777778 -0.30222222 -0.14360127 -0.42 -0.31777778 -0.27777778 -0.31333333 -0.31333333 0.1628476 -0.31444106 -0.58666667 0.057777778 0.057777778 -0.19744457 -0.19777778 -0.19777778 -0.19777778 -0.04233931 -0.041111111 -0.041111111 -0.041111111 -0.18222221 -0.18222222 -0.23666667 -0.23666667 -0.23666667 -0.23666667 -0.23666667 -0.01777781 -0.017777778 -0.017777778 -0.017777778 -0.017777778 -0.017777755 0.10762599 0.7721587 -0.11131746 -0.23333333 -0.23333333 -0.23333333 -0.23333333 -0.23333333 0.055555556 0.055555556 0.055555556 0.076285795 0.30555556 0.30555556
-0.22666869 -0.22666667 -0.42 -0.093333333 -0.33333333 -0.42 -0.32 -0.16444444 -0.55111111 -0.23222222 -0.29222222 -0.40666667 -0.33111111 0.26222222 0.16444444 -0.55777778 0.057777778 0.057777778 0.057777778 0.1876657 0.18777778 0.18777778 -0.064444444 -0.041111111 -0.041111111 -0.041111111 -0.18222222 -0.18222222 -0.18222222 -0.23666667 -0.23666667 -0.23666665 -0.070316199 -0.017054088 -0.014913024 0.28717969 0.29 0.29 0.35065085 0.77222222 0.77222222 0.77093637 -0.23333333 -0.23333333 -0.23333333 -0.23333333 -0.23333333 0.055555556 0.055555556 0.055555556 0.055555556 0.30555556 0.30555556
-0.18555556 -0.22666668 -0.28002911 0.10888889 -0.61333333 -0.23222222 -0.27777778 -0.47333333 -0.22666667 0.037585491 -0.12555556 -0.094444444 -0.19444444 0.26222222 -0.26888889 -0.55777778 -0.29535658 -0.29308732 -0.61333333 0.18777778 0.18777778 -0.25777778 -0.064444444 -0.064444444 -0.041111111 -0.041111816 -0.18222222 -0.18222222 -0.18222222 -0.29888889 -0.075150305 0.10888889 0.10888889 0.10888903 0.29 0.29 0.29 0.29 0.77222222 0.77222222 0.77222222 0.77222218 -0.23333333 -0.23333333 -0.23333333 -0.23333333 -0.23333333 0.055551911 0.055555556 0.055555556 0.055555556 0.3055492 0.30555556
-0.18555556 0.0088883591 -0.28 -0.19455842 -0.61333333 -0.54888889 -0.10335076 0.21555556 -0.16 0.42666638 0.1678761 0.045557784 0.061111111 -0.26888889 -0.26888889 -0.45802915 -0.29333333 -0.29333333 -0.61333333 -0.61333333 0.18777685 -0.25777778 0.15888889 0.19666667 0.038888889 0.039012004 -0.18222222 -0.18222222 -0.29888889 -0.29888889 0.10888889 0.10888889 0.10888889 0.1057461 0.29 0.29 0.29 0.77222222 0.77222222 0.77222222 0.77222222 0.7721879 -0.23333332 -0.23333333 -0.23333333 -0.23333333 -0.23333333 -0.23076186 0.055555556 0.055558047 0.11111111 0.11111111 0.11111111
-1.4744444 -0.28333333 -0.16555556 -0.094444444 -0.30555556 -0.3 -0.41555556 -0.33475526 0.23222222 -0.21111111 -0.24666667 0.016666667 0.016666696 0.092222222 0.092222222 -0.29660577 -0.29666667 -0.15777778 -0.15777778 -0.61333262 -0.61222222 -0.61222222 0.19666667 0.038888889 0.038888889 0.56555556 -0.075555556 -0.075555556 0.31549938 -0.29888889 0.10888889 0.10888889 0.092222222 0.092268893 0.53885696 0.75666667 0.75666667 0.76740976 0.77222222 0.77222222 0.41711012 0.41666667 0.41666843 0.28294473 0.29216414 0.29222208 0.2922222 0.29222202 0.2957118 0.11111111 0.11111111 0.11111111 0.11111111
-1.1222229 -0.35222222 -0.44377708 -0.086666667 -0.11666667 -0.44777778 -0.15777778 -0.20333333 -0.11666667 -0.11666667 -0.24666667 0.033333333 -0.23777772 0.092222222 -0.044444035 -0.044444444 -0.29666667 -0.011111111 0.20111111 0.20111111 -0.4263344 -0.21777778 -0.21777778 0.35333333 0.56555556 0.56555556 -0.075555556 -0.075555556 0.31553885 0.31524799 0.4653166 0.092222222 0.092222222 0.53888889 0.53888889 0.75122027 0.75666667 0.75666667 0.57000647 0.41666688 0.41666667 0.41666667 0.41667596 0.29222244 0.29222222 0.29222222 0.29222222 0.29222225 0.33555556 0.11115559 0.11111111 0.11111111 0.11111111
-1.1222222 -0.39111111 -0.0066666667 -0.59555556 -0.4277874 -0.25555556 -0.19666667 -0.14666667 -0.17333333 0.04 0.04 -0.034444444 -0.23777778 -0.23777778 -0.04577089 -0.41279504 -0.44888889 0.076666667 -0.035555313 0.20111111 0.22153459 0.27888889 -0.45555556 0.25555555 0.25555214 -0.0088888889 0.18555556 0.18555546 0.029893409 0.028888899 0.46666667 0.11925543 0.44666667 0.53888889 0.54380087 0.74666667 0.74666667 0.57 0.57 0.41666667 0.41666667 0.41666668 0.33298821 0.33111111 0.29222222 0.29222222 0.29222222 0.33555391 0.33555556 0.33555556 0.11111111 0.11111111 0.11111111
-0.44185153 -0.39111111 -0.11666667 -0.10666667 -0.27555556 -0.29666667 -0.0022222222 0.34222222 0.046666667 0.12552439 0.15111111 0.055555556 0.055555556 0.41333333 0.41332909 -0.45553697 -0.45555556 -0.45555556 0.059535771 -0.29000002 -0.39666667 -0.39666666 -0.22222222 -0.36360272 0.017760129 -0.0088888889 0.23111111 0.18555556 0.33136994 0.33222222 0.027777778 0.82 0.49710159 0.36333333 0.71111111 0.71444444 0.82777778 0.31666667 0.94415456 0.41995498 1.1533333 0.61888889 0.33116158 0.33111111 0.33089222 0.29222222 -0.0033333177 0.33555555 0.33555556 0.33555556 0.33555555 0.10848262 0.022222222
-0.72555556 -0.72555556 0.046666667 0.0055555556 -0.22 -0.036666667 0.024444444 0.10111111 0.07 0.14553223 0.23666667 0.2 0.41333333 0.41333333 -0.037777778 -0.043507789 -0.45555556 -0.45545358 -0.01 -0.29 -0.29 -0.30374224 -0.22222222 -0.25111056 -0.25111111 -0.25111111 0.23111111 0.53777778 0.53777778 0.33222222 0.33222222 0.81878406 0.17888889 0.36333333 0.51777778 0.71444444 0.82777778 0.74333333 0.94444444 0.57388239 0.61888891 0.62705199 0.64111111 0.33111111 0.33111111 -0.0033333333 -0.0033333333 -0.0033333333 0.33555556 0.33555556 0.09 0.09 0.089999975
-0.72555556 -0.72555556 -0.43 -0.53 -0.24666667 -0.042222222 -0.16666666 0.18989614 0.18444444 0.21888889 0.043333333 -0.13555556 0.19955359 -0.037777778 -0.037777778 -0.037771753 0.014444444 0.013161485 -0.01 -0.15888889 -0.15888889 -0.067777778 -0.067777778 -0.25111111 -0.25111111 -0.25111111 0.53777778 0.53777778 0.53777778 -0.15444444 -0.15444444 -0.15444389 0.39444444 0.39444444 0.055555556 -0.073333333 0.84888889 0.41666767 0.63777778 0.56777778 0.56777778 0.38222307 0.64111111 0.33111111 0.4933331 0.22111111 0.60403954 0.60666667 0.59333333 0.59333333 0.09 0.09 0.09
-0.72555556 -0.59794997 -0.47267357 -0.4733292 0.18777778 -0.081111111 -0.16666667 0.19 0.18444449 0.21850729 -0.13555509 -0.13555556 0.064444444 -0.037777778 -0.037777778 0.014444443 0.014444444 0.014443053 -0.01 -0.15888889 -0.14099652 -0.067777778 -0.067777778 -0.25110342 -0.25111111 -0.0341562 0.40888889 0.40888889 0.40888891 -0.15444444 -0.15444444 0.22222222 0.22222222 0.39444352 0.055555556 0.50222215 0.79846624 0.41666667 0.41666667 0.56777777 0.38222222 0.38222222 0.38222307 0.49333333 0.49333333 0.22111111 0.60666667 0.60666667 0.59333333 0.59333333 0.09 0.09 0.09
0.13333333 0.013089711 0.05220067 0.04842275 0.18777628 -0.081104762 -0.16666666 0.18560964 0.18482728 0.18534388 0.064444444 0.064444444 0.064444444 0.064444444 -0.037763297 0.014444444 0.014444444 0.014128828 -0.01 -0.15876805 0.25555556 0.25555556 0.25555556 0.25555556 -0.24198351 0.40888889 0.40888889 0.40888889 0.40888889 0.4085652 0.22222222 0.22222222 0.22222222 0.22222222 0.50222222 0.50222222 0.50222222 0.42092928 0.41581547 0.30333333 0.30333333 0.38221798 0.34333847 0.49331889 0.49333333 0.22111111 0.60666667 0.60666667 0.59333333 0.59333333 0.091826039 0.09 0.28316593
0.13333333 0.052222222 0.052222222 0.052222222 0.052222222 0.052222168 -0.16644762 0.0020940138 0.18584865 0.064574572 0.064444444 0.064444444 0.064444444 0.064444444 0.064444604 0.014444444 0.014444441 0.012767722 -0.0099988006 0.25555556 0.25555556 0.25555556 0.25555556 0.25555556 0.25867858 0.41847755 0.42666666 0.42666667 0.42666667 0.42666667 0.22222222 0.22222222 0.22222214 0.15 0.15 0.50222222 0.29698175 0.29111111 0.30333333 0.30333333 0.30333333 0.30333333 0.34333333 0.34333333 0.34333333 0.34248278 0.69489714 0.69555556 0.69555556 0.69555556 0.69555555 0.89111095 0.89111111
0.41444444 0.052222222 0.052222222 0.052222222 0.052222222 0.052222222 0.052222209 -0.0085847385 0.28608722 0.28666667 0.28666667 0.28666667 0.28666667 0.28666667 0.28666666 0.37154451 0.020137662 0.011097274 0.25552217 0.25555556 0.25555556 0.25555556 0.25555556 0.25555575 0.4 0.4 0.40000004 0.42666667 0.42666667 0.42635073 0.26888889 0.26888889 0.15 0.15 0.15 0.26850661 0.29111111 0.29111111 0.29111111 0.30333333 0.30333333 0.30333333 0.34333333 0.34333333 0.34333333 0.34333333 0.69555555 0.69555556 0.69555556 0.69555556 0.69555556 0.89111111 0.89111111
0.41444444 0.27959323 0.052222222 0.052222222 0.052222222 0.052222222 0.17664224 0.17666667 0.17666667 0.28666667 0.28666667 0.28666667 0.28666667 0.28666667 0.30578594 0.37333333 0.37333333 0.37333333 0.42282239 0.42333316 0.42333333 0.42333333 0.42333333 0.42333333 0.4 0.4 0.4 0.4 0.42666667 0.26888889 0.26888889 0.26888889 0.15000001 0.15 0.15 0.21 0.29100372 0.29111111 0.29111111 0.30329405 0.22488413 0.041894836 0.34333333 0.34333333 0.12290458 0.12222222 0.12222222 0.69426502 -0.086147611 -0.088888821 -0.08888874 0.054571049 0.89110941
0.41444444 0.12033918 0.082584984 0.052222222 0.052222222 0.17659314 0.17666667 0.17666667 0.17666667 0.17745936 0.28666667 0.28666667 0.28666667 0.28666668 0.37333333 0.37333333 0.37333333 0.37333333 0.42328867 0.42333333 0.42333333 0.42333333 0.42333333 0.42333333 0.4 0.4 0.4 0.4 0.3995231 0.26888889 0.26888889 0.26888889 0.23333333 0.15000811 0.21 0.21 0.21 0.20954191 0.056941573 0.041111111 0.041111111 0.041111111 -0.098888889 -0.098888889 0.12222222 0.12222222 0.12222222 -0.088888886 -0.088888889 -0.088888889 -0.088888889 0.054444444 0.054444444
0.11249025 0.11222222 0.11222222 0.11222222 0.088888889 0.1766644 0.17666667 0.17666667 0.17666667 0.17666667 0.30912672 0.28667053 0.28666668 0.37333333 0.37333333 0.37333333 0.37333333 0.37333333 0.37051936 0.42333333 0.42333333 0.42333333 0.42333333 0.42333333 0.27664128 0.057779632 0.057777778 0.057777778 0.057777778 0.26888889 0.23333333 0.23333333 0.23333333 0.23333333 0.21 0.20999889 0.16777778 0.16777778 0.042692733 0.041111111 0.041111111 0.041111111 -0.098888889 -0.098888889 0.087986609 0.12222222 0.12222222 -0.088888889 -0.088888889 -0.088888889 -0.087351983 0.054444444 0.054444444
0.11222222 0.11222222 0.11222222 0.10123421 0.088888889 0.088888889 0.17666667 0.17666667 0.17666667 0.17666667 0.58333333 0.58333333 0.58333333 0.37333333 0.37333333 0.37333333 0.37333333 0.37332066 0.26666667 0.26666667 0.42333327 0.42333333 0.41594844 0.12 0.11943984 0.057777778 0.057777778 0.057777778 0.057777778 0.23331546 0.23333333 0.23333333 0.23333333 0.23333333 0.16777793 0.16777778 0.16777778 0.16777778 0.1673271 0.041111111 0.041111111 0.041111111 -0.098888889 -0.098888889 -0.098888889 0.12222222 0.12222222 -0.088888885 -0.088888889 -0.088888889 0.054444444 0.054444444 0.054444444
0.11222222 0.11222222 0.11222222 0.088888889 0.088888889 0.088888889 0.088889023 0.17666667 0.17666667 0.58291354 0.58333333 0.58333333 0.58333333 0.58320249 0.31127762 0.29666667 0.29666667 0.29666667 0.26666667 0.26666667 0.26666667 0.12 0.12 0.12 0.11991814 -0.062862814 0.057777778 0.057777778 0.057777777 0.16239813 0.1511192 0.15111111 0.15111111 0.15111111 0.13038519 0.077777982 0.077777778 0.077777778 0.077777778 -0.23218482 -0.23222222 -0.23222222 -0.098888889 -0.098888889 -0.2377772 -0.23777769 0.011111111 0.011111111 0.043333333 0.043333333 0.043333333 0.054444444 0.17322703
0.11222216 0.11222222 0.11222222 0.088888889 0.088888889 0.088888889 0.088888889 0.12222224 0.17644898 0.58292327 0.58333333 0.58333333 0.58333333 0.58277081 0.29666667 0.29666667 0.29666667 0.29666666 0.26666667 0.26666667 0.26666667 0.12 0.12 0.12 -0.17222222 -0.17222222 -0.13111111 -0.13111111 -0.13111111 -0.1295715 0.15111111 0.15111111 0.15111111 0.15111111 0.11446453 0.077777778 0.077777778 0.077777778 0.077777778 -0.23222222 -0.23222222 -0.23222222 -0.23239702 -0.23777778 -0.23777778 -0.23777778 0.011111111 0.011111111 0.043333333 0.043333333 0.043333333 0.17333333 0.17333333
0.092222222 0.099128302 0.026666667 0.026684718 0.088888889 0.12202936 0.12222222 0.12222222 0.062302181 0.13111111 0.13111111 0.13111111 0.13111111 0.3488818 0.34888889 0.29666671 0.29666667 0.29587621 0.26666667 0.26666667 0.26666667 -0.31 -0.31 -0.31 -0.17222222 -0.17222222 -0.13111111 -0.13111111 -0.13111111 -0.13111107 -0.076665219 -0.076666027 0.14538626 0.15086692 -0.23511316 -0.23555556 -0.23555556 -0.23555556 -0.23555556 -0.23222222 -0.23222222 -0.23222222 -0.23747193 -0.23777778 -0.23777778 -0.23777778 0.011111111 0.011111111 0.011112271 0.043333333 0.043337507 0.13666667 0.17333333
0.040009917 0.039999998 0.026666667 0.026666667 0.026666667 0.12222222 0.12222222 0.12222222 -0.042222222 -0.042222222 0.13111111 0.13111111 0.13111111 0.34888889 0.34888889 0.34888889 0.34888889 0.34887957 0.26666667 0.26666667 0.26666664 -0.31 -0.31 -0.31 -0.17222222 -0.17222222 -0.13111111 -0.13111111 -0.13111111 -0.077280532 -0.076666667 -0.076666667 -0.076666667 -0.076666667 -0.23547715 -0.23555556 -0.23555556 -0.23555556 -0.23555556 -0.31888887 -0.31888889 -0.31888889 -0.31888889 -0.23777774 -0.23222222 -0.23222222 -0.23222222 0.0077777778 0.0077777778 0.0077777778 0.13666667 0.13666667 0.13666667
0.04 0.04 0.026666667 0.026666667 0.026666667 0.12171997 0.12222222 -0.042222222 -0.042222222 -0.042222222 0.13108977 0.13111111 0.18740193 0.34888885 0.34888889 0.34888889 0.34888889 0.13666667 0.13666667 0.13666667 -0.47333333 -0.47333321 -0.3100008 -0.31 -0.31003839 -0.44 -0.44 -0.43999926 -0.13116103 -0.42770781 -0.42777591 -0.42771648 -0.077266752 -0.076969672 -0.20748507 -0.23555567 -0.23654603 -0.53111111 -0.53111111 -0.31888889 -0.31888889 -0.31888889 -0.31888889 -0.23222222 -0.23222222 -0.23222222 -0.23222222 0.0077777778 0.0077777778 0.0077777778 0.13666667 0.13666667 0.13666667
0.04 0.04 0.026666667 0.026666667 0.026666667 0.026666667 0.06067547 -0.042222222 -0.042222222 -0.042222222 -0.042088423 0.2 0.2 0.2 0.34801145 0.34888889 0.13808086 0.13666667 0.13666667 0.13666667 -0.47333333 -0.47333333 -0.47333333 -0.47333333 -0.44 -0.44 -0.44 -0.44 -0.44 -0.42777778 -0.42777778 -0.42777778 -0.42777778 -0.4277778 -0.43888889 -0.53111111 -0.53111111 -0.53111111 -0.53111111 -0.53111047 -0.36222222 -0.36222222 -0.36222222 -0.28737762 -0.13222222 -0.13222222 -0.13222222 0.0077777738 0.0077776862 -0.086666667 -0.086666667 0.12444742 0.12444444
0.04 0.04 0.031479064 0.026666667 0.026666667 0.026666667 0.055382047 -0.041914081 -0.042222222 -0.042222222 0.19999999 0.2 0.2 0.2 0.2 0.21219452 0.13666667 0.13666667 0.13666667 0.13666667 -0.47332861 -0.47333333 -0.47333333 -0.47333333 -0.44 -0.44 -0.44 -0.44 -0.44 -0.5813165 -0.42777778 -0.42777778 -0.42777778 -0.43888889 -0.43888889 -0.4389605 -0.53111111 -0.53111111 -0.54174137 -0.55 -0.36222222 -0.36222222 -0.36222222 -0.28844384 -0.13222222 -0.13222222 -0.13222222 -0.38777778 -0.090418482 -0.086666667 -0.086666667 0.12444444 0.12444444
0.15222222 0.15222222 0.15222222 0.058146896 0.026762208 0.055555556 0.055555556 0.055555556 0.055555556 0.17111111 0.17111111 0.2 0.2 0.2 0.2 0.19999598 0.13666667 0.13666667 0.13666667 0.13666667 -0.20714912 -0.47333333 -0.47333333 -0.46644179 -0.22024164 -0.44 -0.44 -0.44 -0.63555556 -0.63555556 -0.63555556 -0.63555468 -0.43888889 -0.43888889 -0.43888889 -0.43888889 -0.55 -0.55 -0.55 -0.55 -0.36222222 -0.36222222 -0.36222222 -0.16444842 -0.16444444 -0.16444444 -0.16444443 -0.38777778 -0.38777778 -0.087033554 -0.086666667 0.12444292 0.12444444
