interpolatedSpi/04-12|20_3.tif
NCOLS 53
NROWS 52
XLLCORNER -116.03883
YLLCORNER 28.596182
DX 0.49850594
DY 0.49788537
NODATA_VALUE -9999
[rows 0 to 26 of 52, columns 0 to 52 of 53]
0.044444444 0.044444444 -0.16249097 -0.69 -0.063333333 0.11777778 0.52777778 0.63444444 -0.043843475 -0.24444444 -0.28666667 0.31555556 -0.0010809181 0.36555556 -0.12555556 -0.12555556 -0.12555556 0.12222222 0.34777778 0.34777778 0.34777778 0.3477738 -0.065555554 0.10444444 0.10444444 0.10444444 0.74222218 0.74222222 0.74222222 0.34222222 0.34222222 0.34222222 0.34222222 0.21666669 0.21666667 0.21666667 0.21666667 0.21666667 0.21666667 0.21666671 1.8666714 1.8841824 0.85666667 0.85666667 0.85666667 0.85666667 0.85674652 0.90555556 0.90555556 0.90555556 1.3455546 1.3455556 1.3455556
0.044423463 -0.42777778 -0.078888301 0.0095000695 0.26311354 0.53333333 0.48111111 0.26701434 -0.23444444 0.14333333 0.11555556 -0.001111111 -0.0011111111 0.53166648 0.36555323 -0.12555556 0.12222222 0.12222222 0.34748368 0.34777778 0.34777778 0.34777778 0.070990648 0.10444444 0.10444444 0.10444444 -0.10333332 -0.10333333 0.34222222 0.34222222 0.34222222 0.34222222 0.34222222 0.21666668 0.21666667 0.21666667 0.21666667 0.21666667 0.21666673 0.28220429 0.54780105 0.81918579 0.85666667 0.85666667 0.85666667 0.85666667 0.85666667 0.90555556 0.90555556 0.90555556 0.94204078 1.3455556 1.3455556
0.57330533 0.57333333 0.43111111 0.88444444 0.43222222 0.17777778 0.45666667 -0.07 0.17777778 0.15333333 0.42222222 -0.30777778 -0.57777778 0.16666667 0.53222222 0.70111111 0.12222222 0.12222222 0.12222222 0.19893217 0.19888889 0.19888889 -0.53111111 0.10444444 0.10444444 0.10444444 -0.10333333 -0.10333333 -0.10333333 0.34222222 0.34222222 0.34222216 -0.31248187 0.21747995 0.22533332 1.1392456 1.1477778 1.1477778 1.0723136 0.54777778 0.54777778 0.54817277 0.85666667 0.85666667 0.85666667 0.85666667 0.85666667 0.90555556 0.90555556 0.90555556 0.90555556 1.3455556 1.3455556
0.50111111 0.5733333 0.4077354 0.61666667 0.072222222 0.31555556 0.85111111 -0.35333333 0.34 0.27556992 0.42777778 0.25111111 -0.0011111111 0.16666667 0.35555556 0.70111111 -0.31770058 -0.32524182 -0.34444444 0.19888889 0.19888889 -0.73444444 -0.53111111 -0.53111111 0.10444444 0.10444341 -0.10333333 -0.10333333 -0.10333333 -0.94888889 -0.98668669 -1.0177778 -1.0177778 -1.0177761 1.1477778 1.1477778 1.1477778 1.1477778 0.54777778 0.54777778 0.54777778 0.54777779 0.85666667 0.85666667 0.85666667 0.85666667 0.85666667 0.90555494 0.90555556 0.90555556 0.90555556 1.3454679 1.3455556
0.50111111 0.24666696 0.40777778 0.4823362 0.072222222 0.49888889 0.22669688 0.018888889 -0.25222222 0.13666663 0.21324306 0.24782027 0.54444444 0.35555556 0.35555556 0.57063586 -0.32555556 -0.32555556 -0.34444444 -0.34444444 0.19888699 -0.73444444 -0.94222222 -0.44333333 -0.47 -0.47001914 -0.10333333 -0.10333333 -0.94888889 -0.94888889 -1.0177778 -1.0177778 -1.0177778 -0.9033767 1.1477778 1.1477778 1.1477778 0.54777778 0.54777778 0.54777778 0.54777778 0.54773777 0.85666666 0.85666667 0.85666667 0.85666667 0.85666667 0.85710184 0.90555556 0.90545496 -1.3377778 -1.3377778 -1.3377778
-1.1188889 0.13888889 0.56555555 0.38222222 0.48888889 0.60777778 0.30222222 0.26594744 0.25666667 -0.12777778 0.38444444 -0.36555556 -0.36555496 0.29 0.29 -0.35106551 -0.35111111 -0.50666667 -0.50666667 -0.34444466 -1.1244444 -1.1244444 -0.44333333 -0.47 -0.47 -0.55222222 -1.0566667 -1.0566667 -0.43782416 -0.94888889 -1.0177778 -1.0177778 -0.41111111 -0.41111738 -0.47110692 -0.81111111 -0.81111111 0.12737448 0.54777778 0.54777778 0.13385023 0.13333333 0.1333345 -0.81550667 -0.84536742 -0.8455551 -0.8455555 -0.84555492 -1.2729515 -1.3377778 -1.3377778 -1.3377778 -1.3377778
-0.31889234 -0.094444444 -0.54853511 0.20111111 0.72 -0.033333333 0.15 0.34 0.073333333 0.073333333 0.38444444 -0.12777778 0.032222086 0.29 -0.16222087 -0.16222222 -0.35111111 -0.25888889 -0.59444444 -0.59444444 -1.1296807 -1.1355556 -1.1355556 -0.9311111 -0.55222222 -0.55222222 -1.0566667 -1.0566667 -0.43777635 -0.43775155 -0.085459873 -0.41111111 -0.41111111 -0.47111111 -0.47111111 -1.0198898 -0.81111111 -0.81111111 -1.3922021 0.13333121 0.13333333 0.13333333 0.13333818 -0.84555385 -0.84555556 -0.84555556 -0.84555556 -0.84555585 -1.3377778 -1.3377778 -1.3377778 -1.3377778 -1.3377778
-0.31888889 -0.63888889 -0.20555556 -0.80222222 -1.1033161 -0.51888889 0.07 -0.40333332 -0.16 -0.081111111 -0.081111111 -0.49777778 0.032222222 0.032222222 -0.16088815 -0.36866047 -0.38888889 -0.23777778 -0.73222208 -0.59444444 -1.1645884 -1.1266667 -1.4266667 -1.0111111 -1.0111142 -1.2522222 -1.29 -1.2899999 -0.41341899 -0.41333333 -0.084444444 -0.38920769 -0.45 -0.47111111 -0.47887522 -1.1944444 -1.1944444 -1.3922222 -1.3922222 0.13333333 0.13333333 0.13333334 -0.53840188 -0.54000002 -0.84555556 -0.84555556 -0.84555556 -1.337759 -1.3377778 -1.3377778 -1.3377778 -1.3377778 -1.3377778
-0.70362085 -0.63888888 -0.17333333 -0.52222222 -0.22111111 -0.50555556 -0.19222222 0.42666667 0.39444444 0.49279508 0.18888889 -0.16555556 -0.16555556 -0.43333333 -0.43333038 -0.6525963 -0.65333333 -0.65333333 -0.31325549 -1.38 -1.5733333 -1.5733333 -1.1333333 -1.3110688 -1.2279246 -1.2522222 -1.1822222 -1.29 -1.0193597 -1.0177778 -0.37222222 0.18111111 -0.064002038 -0.81666667 -0.74333333 -0.88222222 -0.94888889 -0.99111111 -1.0244291 0.13557514 0.63555556 -0.37777777 -0.53996925 -0.54 -0.54171983 -0.84555556 -1.23 -1.3377778 -1.3377778 -1.3377778 -1.3377778 -1.3274022 -0.67777778
-1.0655556 -1.0655556 -0.48333333 -0.39666667 -0.34666667 0.032222222 -0.0033333333 0.25111111 0.60333333 0.51778848 0.12888889 0.27888889 -0.43333333 -0.43333333 -0.11888889 -0.12621904 -0.65333333 -0.65328222 -0.42444444 -1.38 -1.38 -1.4049078 -1.1333333 -1.2877749 -1.2877778 -1.2877778 -1.1822222 -0.73222222 -0.73222222 -1.0177778 -1.0177778 0.18018809 -0.30555556 -0.81666667 -0.54 -0.88222222 -0.94888889 -1.3311111 -1.0244444 0.21185546 -0.37777773 -0.36798206 -0.35111111 -0.54 -0.54 -1.23 -1.23 -1.23 -1.3377778 -1.3377778 -1.2544444 -1.2544444 -1.2544442
-1.0655556 -1.0655556 -0.84888889 -0.7 -0.87777778 -0.22444444 -0.42777777 0.22434981 0.12888889 0.15888889 0.14777778 -0.053333333 0.27844555 -0.11888889 -0.11888889 -0.11892914 -0.46777778 -0.46550344 -0.42444444 -0.43111111 -0.43111111 -0.71444444 -0.71444444 -1.2877778 -1.2877778 -1.2877778 -0.73222222 -0.73222222 -0.73222222 -1.1444444 -1.1444444 -1.1444431 -0.74111111 -0.74111111 -0.69333333 -1.0277778 -0.79666667 -0.70444263 -1.1144444 0.23222222 0.23222222 -0.065556494 -0.35111111 -0.54 -0.73555563 -0.88111111 -0.86823146 -0.86666667 -1.0588889 -1.0588889 -1.2544444 -1.2544444 -1.2544444
-1.0655556 -0.97194117 -0.78535269 -0.87554727 -0.39333333 -0.85111111 -0.42777778 0.22444444 0.12888969 0.15855653 -0.053333057 -0.053333333 -0.051111111 -0.11888889 -0.11888889 -0.46777777 -0.46777778 -0.46777531 -0.42444444 -0.43111111 -0.48675201 -0.71444444 -0.71444444 -1.2877545 -1.2877778 -1.2892388 -1.2922222 -1.2922222 -1.2922222 -1.1444444 -1.1444444 -1.1033333 -1.1033333 -0.74111098 -0.69333333 -0.5622225 -0.74766947 -0.70444444 -0.70444444 0.23222221 -0.065555556 -0.065555556 -0.065560446 -0.73555556 -0.73555556 -0.88111111 -0.86666667 -0.86666667 -1.0588889 -1.0588889 -1.2544444 -1.2544444 -1.2544444
-0.33666667 0.1127654 0.19329982 0.18559371 -0.39333576 -0.8511003 -0.42777779 0.21641596 0.13547364 0.12967227 -0.051111111 -0.051111111 -0.051111111 -0.051111111 -0.11887929 -0.46777778 -0.46777778 -0.46721828 -0.42444444 -0.43114805 -0.55888889 -0.55888889 -0.55888889 -0.55888889 -1.2754539 -1.2922222 -1.2922222 -1.2922222 -1.2922222 -1.2921062 -1.1033333 -1.1033333 -1.1033333 -1.1033333 -0.56222222 -0.56222222 -0.56222222 -0.69733807 -0.70152368 -0.31555556 -0.31555556 -0.065569003 -0.42667724 -0.7355258 -0.73555556 -0.88111111 -0.86666667 -0.86666667 -1.0588889 -1.0588889 -1.253735 -1.2544444 -0.55688544
-0.33666667 0.19333333 0.19333333 0.19333333 0.19333333 0.1933329 -0.42886134 -0.1191829 0.15304115 -0.05091654 -0.051111111 -0.051111111 -0.051111111 -0.051111111 -0.051111265 -0.46777777 -0.46777777 -0.46480541 -0.42444548 -0.55888889 -0.55888889 -0.55888889 -0.55888889 -0.55888889 -0.56419991 -1.182384 -1.1844445 -1.1844444 -1.1844444 -1.1844444 -1.1033333 -1.1033333 -1.1033334 -1.1588889 -1.1588889 -0.56222222 -0.44231858 -0.43888889 -0.31555563 -0.31555556 -0.31555556 -0.31555556 -0.42666667 -0.42666667 -0.42666667 -0.42982919 -0.82030663 -0.82 -0.82 -0.82 -0.82 0.69333293 0.69333333
-0.095555556 0.19333333 0.19333333 0.19333333 0.19333333 0.19333333 0.19333329 -0.37701615 -0.26011285 -0.26222222 -0.26222222 -0.26222222 -0.26222222 -0.26222222 -0.26222222 -0.2807531 -0.46481161 -0.46184397 -0.558872 -0.55888889 -0.55888889 -0.55888889 -0.55888889 -0.55888895 -0.80444444 -0.80444444 -0.80444498 -1.1844444 -1.1844444 -1.1841597 -1.0422222 -1.0422222 -1.1588889 -1.1588889 -1.1588889 -0.55422498 -0.43888889 -0.43888889 -0.43888889 -0.31555556 -0.31555556 -0.31555556 -0.42666667 -0.42666667 -0.42666667 -0.42666667 -0.81999999 -0.82 -0.82 -0.82 -0.82 0.69333333 0.69333333
-0.095555556 0.011994496 0.19333333 0.19333333 0.19333333 0.19333333 -0.63317109 -0.63333333 -0.63333332 -0.26222222 -0.26222222 -0.26222222 -0.26222222 -0.26222222 -0.26638924 -0.28111111 -0.28111111 -0.28111111 -0.6076284 -0.60777773 -0.60777778 -0.60777778 -0.60777778 -0.60777778 -0.80444444 -0.80444444 -0.80444444 -0.80444444 -1.1844444 -1.0422222 -1.0422222 -1.0422222 -1.1588889 -1.1588889 -1.1588889 -0.27333333 -0.43866969 -0.43888889 -0.43888889 -0.31557957 -0.36342287 -0.47507735 -0.42666667 -0.42666667 -0.46100481 -0.46111111 -0.46111111 -0.81904979 -0.24424129 -0.24222227 -0.24222233 0.032322221 0.69333199
-0.095555555 -0.16908174 0.0089076668 0.19333333 0.19333333 -0.6328449 -0.63333333 -0.63333333 -0.63333333 -0.630659 -0.26222222 -0.26222222 -0.26222222 -0.26222222 -0.28111111 -0.28111111 -0.28111111 -0.28111111 -0.60748597 -0.60777778 -0.60777778 -0.60777778 -0.60777778 -0.60777778 -0.80444444 -0.80444444 -0.80444444 -0.80444444 -0.80530932 -1.0422222 -1.0422222 -1.0422222 -0.46555557 -1.1587821 -0.27333333 -0.27333333 -0.27333333 -0.2762648 -0.47323636 -0.47555556 -0.47555556 -0.47555556 -0.49777778 -0.49777778 -0.46111111 -0.46111111 -0.46111111 -0.24222222 -0.24222222 -0.24222222 -0.24222222 0.032222222 0.032222222
-0.17094241 -0.17111111 -0.17111111 -0.17111112 -0.60888889 -0.6333327 -0.63333333 -0.63333333 -0.63333333 -0.63333333 -0.24985669 -0.26222009 -0.26222222 -0.28111111 -0.28111111 -0.28111111 -0.28111111 -0.28111111 -0.35953751 -0.60777778 -0.60777778 -0.60777778 -0.60777778 -0.60777778 -0.58359868 -0.39444667 -0.39444444 -0.39444444 -0.39444444 -1.0422222 -0.46555557 -0.46555556 -0.46555556 -0.46555556 -0.27333333 -0.27334033 -0.53888889 -0.53888889 -0.47634637 -0.47555556 -0.47555556 -0.47555556 -0.49777778 -0.49777778 -0.46678837 -0.46111111 -0.46111111 -0.24222222 -0.24222222 -0.24222222 -0.23927946 0.032222222 0.032222222
-0.17111111 -0.17111111 -0.17111111 -0.3772672 -0.60888889 -0.60888889 -0.63333333 -0.63333333 -0.63333333 -0.63333333 -0.098888889 -0.098888889 -0.098888889 -0.28111111 -0.28111111 -0.28111111 -0.28111111 -0.28119961 -1.1177778 -1.1177778 -0.60777798 -0.60777778 -0.610023 -0.7 -0.69724922 -0.39444444 -0.39444444 -0.39444444 -0.39444444 -0.46554832 -0.46555556 -0.46555556 -0.46555556 -0.46555556 -0.53888796 -0.53888889 -0.53888889 -0.53888889 -0.53866033 -0.47555556 -0.47555556 -0.47555556 -0.49777778 -0.49777778 -0.49777778 -0.46111111 -0.46111111 -0.24222222 -0.24222222 -0.24222222 0.032222222 0.032222222 0.032222222
-0.17111111 -0.17111111 -0.17111111 -0.60888889 -0.60888889 -0.60888889 -0.60888893 -0.63333333 -0.63333333 -0.099440589 -0.098888889 -0.098888889 -0.098888889 -0.09900243 -0.71460178 -0.81666667 -0.81666667 -0.81666667 -1.1177778 -1.1177778 -1.1177778 -0.7 -0.7 -0.7 -0.69997199 -0.50226333 -0.39444444 -0.39444444 -0.39444445 -0.27780932 -0.23668918 -0.23666667 -0.23666667 -0.23666667 -0.49650654 -0.43777801 -0.43777778 -0.43777778 -0.43777778 -0.47999939 -0.48 -0.48 -0.49777778 -0.49777778 -0.016668675 -0.016666699 -0.10666667 -0.10666667 -0.037777778 -0.037777778 -0.037777778 0.032222222 0.42409375
-0.17111068 -0.17111111 -0.17111113 -0.60888889 -0.60888889 -0.60888889 -0.60888889 -0.69666665 -0.63358656 -0.098967476 -0.098888889 -0.098888889 -0.098888889 -0.10029737 -0.81666667 -0.81666667 -0.81666667 -0.81666675 -1.1177778 -1.1177778 -1.1177778 -0.7 -0.7 -0.7 -0.6 -0.6 -0.60333333 -0.60333333 -0.60333333 -0.60133305 -0.23666667 -0.23666667 -0.23666667 -0.23666667 -0.33716707 -0.43777778 -0.43777778 -0.43777778 -0.43777778 -0.48 -0.48 -0.48 -0.46542176 -0.016666667 -0.016666667 -0.016666667 -0.10666667 -0.10666667 -0.037777778 -0.037777778 -0.037777778 0.42444443 0.42444444
-0.033333333 -0.11506361 -0.62333333 -0.62332914 -0.60888889 -0.69615879 -0.69666667 -0.69666667 -0.62460067 -0.18555556 -0.18555556 -0.18555556 -0.18555556 -0.96553016 -0.96555555 -0.81666678 -0.81666667 -0.8246005 -1.1177778 -1.1177778 -1.1177778 -1.1377778 -1.1377778 -1.1377778 -0.6 -0.6 -0.60333333 -0.60333333 -0.60333333 -0.60333318 -0.39666565 -0.39666622 -0.24068803 -0.2368382 -0.81378335 -0.81444444 -0.81444444 -0.81444444 -0.81444444 -0.48 -0.48 -0.48 -0.042179552 -0.016666667 -0.016666667 -0.016666736 -0.10666667 -0.10666667 -0.10666419 -0.037777778 -0.037759196 0.37777778 0.42444444
-0.54879098 -0.5488889 -0.62333333 -0.62333333 -0.62333333 -0.69666667 -0.69666667 -0.69666667 -0.49888889 -0.49888889 -0.18555556 -0.18555556 -0.18555556 -0.96555556 -0.96555556 -0.96555556 -0.96555556 -0.96557188 -1.1177778 -1.1177778 -1.1177778 -1.1377778 -1.1377778 -1.1377778 -0.6 -0.6 -0.60333333 -0.60333333 -0.60333333 -0.39899685 -0.39666667 -0.39666667 -0.39666667 -0.39666667 -0.8142383 -0.81444444 -0.81444444 -0.81444444 -0.81444444 -0.9322221 -0.93222222 -0.93222222 -0.93222222 -0.016669642 -0.40444444 -0.40444444 -0.40444444 0.21666667 0.21666667 0.21666667 0.37777778 0.37777778 0.37777778
-0.54888889 -0.54888889 -0.62333333 -0.62333333 -0.62333333 -0.69628121 -0.69666667 -0.49888889 -0.49888889 -0.49888889 -0.18559413 -0.18555556 -0.96182404 -0.96555559 -0.96555556 -0.96555556 -0.96555556 -1.4533333 -1.4533333 -1.4533333 -1.3677778 -1.3677776 -1.1377789 -1.1377778 -1.137692 -1.2477778 -1.2477778 -1.2477762 -0.60343748 -0.38000332 -0.38000009 -0.38000291 -0.39663818 -0.39665228 -0.74002632 -0.81444448 -0.81476095 -0.90888889 -0.90888889 -0.93222222 -0.93222222 -0.93222222 -0.93222222 -0.40444444 -0.40444444 -0.40444444 -0.40444444 0.21666667 0.21666667 0.21666667 0.37777778 0.37777778 0.37777778
-0.54888889 -0.54888889 -0.62333333 -0.62333333 -0.62333333 -0.62333333 -0.62264422 -0.49888889 -0.49888889 -0.49888889 -0.49924057 -1.1355556 -1.1355556 -1.1355556 -0.9665574 -0.96555556 -1.4500829 -1.4533333 -1.4533333 -1.4533333 -1.3677778 -1.3677778 -1.3677778 -1.3677778 -1.2477778 -1.2477778 -1.2477778 -1.2477778 -1.2477778 -0.38 -0.38 -0.38 -0.38 -0.38000054 -0.63777778 -0.90888889 -0.90888889 -0.90888889 -0.90888889 -0.90888937 -1.0566667 -1.0566667 -1.0566667 -0.85780226 -0.44555556 -0.44555556 -0.44555556 0.21666665 0.21666657 0.11555556 0.11555556 0.18115896 0.18111111
-0.54888889 -0.54888889 -0.59646412 -0.62333333 -0.62333333 -0.62333336 -1.6035917 -0.50237649 -0.49888889 -0.49888889 -1.1355556 -1.1355556 -1.1355556 -1.1355556 -1.1355556 -1.1216685 -1.4533333 -1.4533333 -1.4533333 -1.4533333 -1.3677784 -1.3677778 -1.3677778 -1.3677778 -1.2477778 -1.2477778 -1.2477778 -1.2477778 -1.2477778 -0.8266581 -0.38 -0.38 -0.38 -0.63777778 -0.63777778 -0.6379883 -0.90888889 -0.90888889 -0.85261104 -0.8088889 -1.0566667 -1.0566667 -1.0566667 -0.85995654 -0.44555556 -0.44555556 -0.44555556 -0.17222222 0.11196987 0.11555556 0.11555556 0.18111111 0.18111111
-1.37 -1.37 -1.37 -0.81054319 -0.62510849 -1.6055556 -1.6055556 -1.6055556 -1.6055556 -1.3988889 -1.3988889 -1.1355556 -1.1355556 -1.1355556 -1.1355556 -1.1355757 -1.4533333 -1.4533333 -1.4533333 -1.4533333 -1.4051114 -1.3677778 -1.3677778 -1.3618749 -1.1469225 -1.2477778 -1.2477778 -1.2477778 -0.98444444 -0.98444444 -0.98444444 -0.98444191 -0.63777778 -0.63777778 -0.63777778 -0.63777778 -0.80888889 -0.80888889 -0.80888889 -0.80888889 -0.94222222 -0.94222222 -0.94222222 -0.33890102 -0.33888889 -0.33888889 -0.33888892 -0.17222222 -0.17222222 0.11520491 0.11555556 0.18110895 0.18111111
