interpolatedSpi/04-12|19_2.tif
NCOLS 53
NROWS 52
XLLCORNER -116.03883
YLLCORNER 28.596182
DX 0.49850594
DY 0.49788537
NODATA_VALUE -9999
[rows 0 to 26 of 52, columns 0 to 52 of 53]
0.42111111 0.42111111 0.26449667 -0.10333333 0.18222222 0.10222222 -0.014444444 -0.10666667 -0.38134055 -0.43333333 -0.45666667 0.10555556 -0.19224253 -0.43888889 -0.42666667 -0.42666667 -0.42666667 -0.082222222 -0.10111111 -0.10111111 -0.10111111 -0.10111526 -0.53222222 -0.29222222 -0.29222222 -0.29222222 -0.5588861 -0.55888889 -0.55888889 -0.39 -0.39 -0.39 -0.39 -0.26111114 -0.26111111 -0.26111111 -0.26111111 -0.26111111 -0.26111111 -0.2611111 0.08406017 0.087706778 -0.19111111 -0.19111111 -0.19111111 -0.19111111 -0.19208386 -0.78666667 -0.78666667 -0.78666667 0.44666411 0.44666667 0.44666667
0.42111679 0.54888889 0.20222291 0.20721192 0.28866298 0.18777778 0.55222222 -0.11539713 -0.47555556 -0.29444444 0.15555556 -0.19222222 -0.19222222 0.020684661 -0.43888321 -0.42666667 -0.082222222 -0.082222222 -0.10108648 -0.10111111 -0.10111111 -0.10111111 -0.31035278 -0.29222222 -0.29222222 -0.29222222 -0.36444444 -0.36444444 -0.39 -0.39 -0.39 -0.39 -0.39 -0.26111113 -0.26111111 -0.26111111 -0.26111111 -0.26111111 -0.26111106 -0.16962123 0.26665388 -0.13556333 -0.19111111 -0.19111111 -0.19111111 -0.19111111 -0.19111111 -0.78666667 -0.78666667 -0.78666667 -0.68439749 0.44666667 0.44666667
0.5877702 0.58777778 0.79444444 0.71777778 0.15444444 0.04 0.16333333 0.29555556 -0.092222222 -0.21777778 -0.055555556 -0.17333333 0.021111111 -0.35888889 0.022222222 -0.68 -0.082222222 -0.082222222 -0.082222222 -0.27439406 -0.27444444 -0.27444444 -0.63666667 -0.29222222 -0.29222222 -0.29222222 -0.36444444 -0.36444444 -0.36444444 -0.39 -0.39 -0.39000002 -0.54939691 -0.26013713 -0.25476108 0.41485959 0.42111111 0.42111111 0.40168607 0.26666667 0.26666667 0.26608128 -0.19111111 -0.19111111 -0.19111111 -0.19111111 -0.19111111 -0.78666667 -0.78666667 -0.78666667 -0.78666666 0.44666667 0.44666667
0.61333333 0.58777762 -0.17000374 0.47777778 -0.086666667 0.24555556 0.082222222 -0.27222222 -0.20444444 -0.044692198 -0.26777778 -0.58666667 -0.18222222 -0.35888889 -0.29111111 -0.68 -0.40103966 -0.39866701 -0.53777778 -0.27444444 -0.27444444 -0.49333333 -0.63666667 -0.63666667 -0.29222222 -0.29222258 -0.36444444 -0.36444444 -0.36444444 -0.99444444 -0.84447253 -0.72111111 -0.72111111 -0.72111021 0.42111111 0.42111111 0.42111111 0.42111111 0.26666667 0.26666667 0.26666667 0.26666665 -0.19111111 -0.19111111 -0.19111111 -0.19111111 -0.19111111 -0.78665915 -0.78666667 -0.78666667 -0.78666667 0.44662961 0.44666667
0.61333333 0.43222112 -0.17 -0.31313213 -0.086666667 -0.012222222 -0.15777132 -0.20555556 -0.23111111 -0.2700002 -0.39796918 -0.45888602 -0.43888889 -0.29111111 -0.29111111 -0.54689934 -0.39888889 -0.39888889 -0.53777778 -0.53777778 -0.27444489 -0.49333333 -0.47 -0.37333333 -0.25444444 -0.25437197 -0.36444444 -0.36444444 -0.99444444 -0.99444444 -0.72111111 -0.72111111 -0.72111111 -0.6626535 0.42111111 0.42111111 0.42111111 0.26666667 0.26666667 0.26666667 0.26666667 0.26663921 -0.19111111 -0.19111111 -0.19111111 -0.19111111 -0.19111111 -0.19641229 -0.78666667 -0.78666223 -0.68777778 -0.68777778 -0.68777778
-1.21 0.33555556 0.45888891 -0.17333333 0.20888889 0.23333333 -0.25666667 -0.25012298 -0.37777778 -0.29555556 -0.29111111 -0.51777778 -0.51777773 -0.63333333 -0.63333333 -0.2288119 -0.22888889 -0.29111111 -0.29111111 -0.53777738 -0.56333333 -0.56333333 -0.37333333 -0.25444444 -0.25444444 0.055555556 -0.93444444 -0.93444444 -0.48893473 -0.99444444 -0.72111111 -0.72111111 -0.41111111 -0.41114989 -0.78219561 -0.73888889 -0.73888889 -0.044424899 0.26666667 0.26666667 -0.017423014 -0.017777777 -0.017777023 -0.065588961 -0.063347455 -0.063333367 -0.063333338 -0.063333378 0.0826521 -0.68777778 -0.68777778 -0.68777778 -0.68777778
-0.49555853 0.45 0.11498661 0.44222222 0.62 -0.28 -0.20444444 -0.19111111 -0.59111111 -0.59111111 -0.29111111 -0.15777778 -0.29222217 -0.63333333 0.089997833 0.09 -0.22888889 0.014444444 -0.084444445 -0.084444444 -0.46750947 -0.36 -0.36 0.09444444 0.055555556 0.055555556 -0.93444444 -0.93444444 -0.4888861 -0.48883763 -0.14092979 -0.41111111 -0.41111111 -0.78222222 -0.78222222 -0.35461508 -0.73888889 -0.73888889 -0.53334046 -0.017778496 -0.017777778 -0.017777778 -0.017772907 -0.063331022 -0.063333333 -0.063333333 -0.063333333 -0.06333315 0.24444444 -0.68759304 -0.68777778 -0.68777778 -0.68777778
-0.49555556 -0.66666667 0.52888889 -0.15777778 0.25108767 -0.43111111 -0.49888889 -0.41222222 -0.62222222 -0.23111111 -0.23111111 -0.085555556 -0.29222222 -0.29222222 0.087377601 0.063689243 0.061111111 0.13333333 -0.20999987 -0.084444444 0.038721105 0.037777778 -0.04 -0.17333333 -0.17333266 -0.12111111 -0.027777778 -0.027778098 -0.44127853 -0.44111111 -0.14 -0.19697156 -0.51222222 -0.78222222 -0.75509539 -0.033333333 -0.033333333 -0.53333333 -0.53333333 -0.017777778 -0.017777778 -0.017777771 0.3510267 0.35111109 -0.063333333 -0.063333333 -0.063333333 0.24443273 0.24444444 0.24444444 -0.68777778 -0.68777778 -0.68777778
-0.61693768 -0.66666666 0.35111111 0.79 0.54666667 -0.22555556 -0.22888889 -0.043333333 -0.56777778 -0.24260044 -0.32 -0.05777778 -0.057777778 0.061111111 0.061114037 -0.15384367 -0.15444444 -0.15444444 0.08092297 0.27666662 0.048888889 0.048888889 0.22888889 0.065964689 -0.12637373 -0.12111111 -0.021111111 -0.027777778 0.023036327 0.023333333 -0.10888889 0.29888889 0.3022434 0.34444444 0.16888889 0.12666667 -0.06 -0.35666667 0.13421767 -0.016384088 0.29444444 0.38666667 0.35112739 0.35111111 0.34877839 -0.063333333 0.078888881 0.24444444 0.24444444 0.24444444 0.24444444 -0.58014801 -0.10111111
-0.33888889 -0.33888889 -0.031111111 0.37444444 -0.056666667 -0.45777778 -0.23888889 -0.16555556 -0.041111111 -0.16000631 -0.15 -0.19666667 0.061111111 0.061111111 0.37222222 0.36499875 -0.15444444 -0.15439812 -0.0044444444 0.27666667 0.27666667 0.24732126 0.22888889 -0.07332761 -0.073333333 -0.073333333 -0.021111111 0.44555556 0.44555556 0.023333333 0.023333334 0.29890153 0.30555556 0.34444444 0.30666667 0.12666667 -0.06 -0.15666667 0.13444444 0.73783752 0.38666666 0.41033965 0.45111111 0.35111111 0.35111111 0.078888889 0.078888889 0.078888889 0.24444444 0.24444444 0.17666667 0.17666667 0.17666656
-0.33888889 -0.33888889 -0.33666667 -0.85111111 -0.54444444 0.056666667 -0.25111111 -0.066868625 -0.24111111 -0.12111111 0.13333333 -0.20888889 -0.19668256 0.37222222 0.37222222 0.37224055 0.53111111 0.50300264 -0.0044444444 0.59111111 0.59111111 0.75555556 0.75555556 -0.073333333 -0.073333333 -0.073333333 0.44555556 0.44555556 0.44555556 0.32111111 0.32111111 0.32111109 0.41777778 0.41777778 -0.076666667 0.084444444 0.38888889 -0.13555589 0.42444444 0.74777778 0.74777778 0.51888867 0.45111111 0.35111111 0.48666663 0.47111111 0.55018369 0.55222222 0.84777778 0.84777778 0.17666667 0.17666667 0.17666667
-0.33888889 -0.33808781 -0.55619846 -0.83554308 -0.25555556 -0.15777778 -0.25111111 -0.066666667 -0.24110965 -0.12244057 -0.20888877 -0.20888889 0.47666667 0.37222222 0.37222222 0.53111111 0.53111111 0.53108063 -0.0044444444 0.59111111 0.62340465 0.75555556 0.75555556 -0.073299921 -0.073333333 0.12316792 0.52444444 0.52444444 0.52444443 0.32111111 0.32111111 0.30111111 0.30111111 0.41777642 -0.076666667 0.4899998 0.29855629 -0.13555556 -0.13555556 0.74777777 0.51888889 0.51888889 0.51888865 0.48666667 0.48666667 0.47111111 0.55222222 0.55222222 0.84777778 0.84777778 0.17666667 0.17666667 0.17666667
-0.55777778 -0.1744594 -0.15335872 -0.15826809 -0.25555521 -0.15778009 -0.25111111 -0.068937075 -0.2290901 -0.23797759 0.47666667 0.47666667 0.47666667 0.47666667 0.37223702 0.53111111 0.53111111 0.52419624 -0.0044444444 0.59116746 0.79888889 0.79888889 0.79888889 0.79888889 -0.058075742 0.52444444 0.52444444 0.52444444 0.52444444 0.52433045 0.30111111 0.30111111 0.30111111 0.30111111 0.49 0.49 0.49 -0.10543865 -0.12913822 0.71888889 0.71888889 0.51889965 0.46111199 0.48666421 0.48666667 0.47111111 0.55222222 0.55222222 0.84777777 0.84777778 0.17910139 0.17666667 -0.2417416
-0.55777778 -0.15333333 -0.15333333 -0.15333333 -0.15333333 -0.15333334 -0.25087218 -0.16386149 -0.19701916 0.47589668 0.47666667 0.47666667 0.47666667 0.47666667 0.47666675 0.53111111 0.53111103 0.49437566 -0.004434381 0.79888889 0.79888889 0.79888889 0.79888889 0.79888889 0.8010975 0.57018554 0.54111111 0.54111111 0.54111111 0.54111111 0.30111112 0.30111111 0.30111179 0.86555556 0.86555556 0.49 0.95773224 0.97111111 0.71888903 0.71888889 0.71888889 0.71888889 0.46111111 0.46111111 0.46111111 0.4611807 0.22656024 0.22444444 0.22444444 0.22444444 0.22444446 0.88666652 0.88666667
0.04111111 -0.15333333 -0.15333333 -0.15333333 -0.15333333 -0.15333333 -0.15333334 -0.16099935 0.59559571 0.6 0.6 0.6 0.6 0.6 0.6 0.73171214 0.53429028 0.45777574 0.79878806 0.79888889 0.79888889 0.79888889 0.79888889 0.79888924 0.90111111 0.90111111 0.9011106 0.54111111 0.54111111 0.54189429 0.93222222 0.93222222 0.86555556 0.86555556 0.86555556 0.95420227 0.97111111 0.97111111 0.97111111 0.71888889 0.71888889 0.71888889 0.46111111 0.46111111 0.46111111 0.46111111 0.22444445 0.22444444 0.22444444 0.22444444 0.22444444 0.88666667 0.88666667
0.041111111 -0.031278346 -0.15333333 -0.15333333 -0.15333333 -0.15333333 -0.043354923 -0.043333333 -0.043333317 0.6 0.6 0.6 0.6 0.6 0.62965939 0.73444444 0.73444444 0.73444444 1.1001903 1.1011108 1.1011111 1.1011111 1.1011111 1.1011111 0.90111111 0.90111111 0.90111111 0.90111111 0.54111111 0.93222222 0.93222222 0.93222222 0.86555556 0.86555556 0.86555556 1.0011111 0.97115083 0.97111111 0.97111111 0.71890081 0.74249013 0.797542 0.46111111 0.46111111 0.83329232 0.83444444 0.83444444 0.22524822 0.71051766 0.71222218 0.71222213 0.81667724 0.88666652
0.041111111 -0.26596944 -0.21462113 -0.15333333 -0.15333333 -0.043398327 -0.043333333 -0.043333333 -0.043333333 -0.038697289 0.6 0.6 0.6 0.60000002 0.73444444 0.73444444 0.73444444 0.73444444 1.1007836 1.1011111 1.1011111 1.1011111 1.1011111 1.1011111 0.90111112 0.90111111 0.90111111 0.90111111 0.90122428 0.93222222 0.93222222 0.93222222 1.3211111 0.86558034 1.0011111 1.0011111 1.0011111 1.0027089 0.80876187 0.79777778 0.79777778 0.79777778 0.87222222 0.87222222 0.83444444 0.83444444 0.83444444 0.71222222 0.71222222 0.71222222 0.71222222 0.81666667 0.81666667
-0.27420795 -0.27444444 -0.27444444 -0.27444444 -0.18777778 -0.043337059 -0.043333333 -0.043333333 -0.043333333 -0.043333333 0.5702212 0.59999487 0.59999999 0.73444444 0.73444444 0.73444444 0.73444444 0.73444444 0.77139586 1.1011111 1.1011111 1.1011111 1.1011111 1.1011111 1.1498258 1.3811085 1.3811111 1.3811111 1.3811111 0.93222224 1.3211111 1.3211111 1.3211111 1.3211111 1.0011111 1.0011149 1.1466667 1.1466667 0.80213418 0.79777778 0.79777778 0.79777778 0.87222222 0.87222222 0.84029375 0.83444444 0.83444444 0.71222222 0.71222222 0.71222222 0.71334214 0.81666667 0.81666667
-0.27444444 -0.27444444 -0.27444444 -0.23363182 -0.18777778 -0.18777778 -0.043333333 -0.043333333 -0.043333333 -0.043333333 0.20666667 0.20666667 0.20666667 0.73444444 0.73444444 0.73444444 0.73444444 0.73444646 0.86444444 0.86444444 1.101111 1.1011111 1.1019767 1.1366667 1.1388673 1.3811111 1.3811111 1.3811111 1.3811111 1.3211172 1.3211111 1.3211111 1.3211111 1.3211111 1.1466662 1.1466667 1.1466667 1.1466667 1.1454588 0.79777778 0.79777778 0.79777778 0.87222222 0.87222222 0.87222222 0.83444444 0.83444444 0.71222223 0.71222222 0.71222222 0.81666667 0.81666667 0.81666667
-0.27444444 -0.27444444 -0.27444444 -0.18777778 -0.18777778 -0.18777778 -0.18777756 -0.043333333 -0.043333333 0.20640859 0.20666667 0.20666667 0.20666667 0.2069955 0.74433739 0.74666667 0.74666667 0.74666667 0.86444444 0.86444444 0.86444444 1.1366667 1.1366667 1.1366667 1.1366651 1.24998 1.3811111 1.3811111 1.3811111 1.4616369 1.4922054 1.4922222 1.4922222 1.4922222 1.2859929 1.4811104 1.4811111 1.4811111 1.4811111 1.17106 1.1711111 1.1711111 0.87222222 0.87222222 1.1144434 1.1144444 1.1022222 1.1022222 1.0211111 1.0211111 1.0211111 0.81666667 1.0009462
-0.27444376 -0.27444444 -0.27444444 -0.18777778 -0.18777778 -0.18777778 -0.18777778 -0.069999992 -0.043439957 0.20650748 0.20666667 0.20666667 0.20666667 0.2077263 0.74666667 0.74666667 0.74666667 0.7466667 0.86444444 0.86444444 0.86444444 1.1366667 1.1366667 1.1366667 1.1311111 1.1311111 1.3555556 1.3555556 1.3555556 1.3563011 1.4922222 1.4922222 1.4922222 1.4922222 1.4866697 1.4811111 1.4811111 1.4811111 1.4811111 1.1711111 1.1711111 1.1711111 1.1693282 1.1144444 1.1144444 1.1144444 1.1022222 1.1022222 1.0211111 1.0211111 1.0211111 1.0011111 1.0011111
-0.054444444 -0.14785619 0.01 0.0099426213 -0.18777778 -0.070681458 -0.07 -0.07 0.006924377 0.031111114 0.031111111 0.031111111 0.031111111 0.40887659 0.40888889 0.74666641 0.74666667 0.74976994 0.86444444 0.86444444 0.86444444 0.81111111 0.81111111 0.81111111 1.1311111 1.1311111 1.3555556 1.3555556 1.3555556 1.3555557 1.5299998 1.5299999 1.4931717 1.4922627 1.3668108 1.3666667 1.3666667 1.3666667 1.3666667 1.1711111 1.1711111 1.1711111 1.1175645 1.1144444 1.1144444 1.1144443 1.1022222 1.1022222 1.1022193 1.0211111 1.021109 0.97444444 1.0011111
0.24438768 0.2444444 0.01 0.01 0.01 -0.07 -0.07 -0.07 0.14111111 0.14111111 0.031111111 0.031111111 0.031111111 0.40888889 0.40888889 0.40888889 0.40888889 0.40894073 0.86444444 0.86444444 0.86444444 0.81111111 0.81111111 0.81111111 1.1311111 1.1311111 1.3555556 1.3555556 1.3555556 1.5280331 1.53 1.53 1.53 1.53 1.3667473 1.3666667 1.3666667 1.3666667 1.3666667 0.91666673 0.91666667 0.91666667 0.91666667 1.1144403 0.57444444 0.57444444 0.57444444 0.75666667 0.75666667 0.75666667 0.97444444 0.97444444 0.97444444
0.24444444 0.24444444 0.01 0.01 0.01 -0.069579506 -0.07 0.14111111 0.14111111 0.14111111 0.031124652 0.031111111 0.03383486 0.4088888 0.40888889 0.40888889 0.40888889 0.16333333 0.16333333 0.16333333 0.37666668 0.37666699 0.81110899 0.81111111 0.8112306 0.86111111 0.86111111 0.86111229 1.3554756 1.3222636 1.3222233 1.3222585 1.5296449 1.5298207 1.3956208 1.3666663 1.3639 0.54111111 0.54111111 0.91666667 0.91666667 0.91666667 0.91666667 0.57444444 0.57444444 0.57444444 0.57444444 0.75666667 0.75666667 0.75666667 0.97444444 0.97444444 0.97444444
0.24444444 0.24444444 0.01 0.01 0.01 0.0099999997 0.0090127221 0.14111111 0.14111111 0.14111111 0.14105219 0.034444444 0.034444444 0.034444444 0.4066822 0.40888889 0.16496965 0.16333333 0.16333333 0.16333333 0.37666667 0.37666667 0.37666667 0.37666667 0.86111111 0.86111111 0.86111111 0.86111111 0.86111111 1.3222222 1.3222222 1.3222222 1.3222222 1.3222217 1.0588889 0.54111111 0.54111111 0.54111111 0.54111111 0.54111097 0.43777778 0.43777778 0.43777778 0.45549529 0.49222222 0.49222222 0.49222222 0.75666666 0.75666644 0.52333333 0.52333333 0.82448094 0.82444444
0.24444444 0.24444444 0.094617982 0.01 0.01 0.010000005 0.23871538 0.14141925 0.14111111 0.14111111 0.034444485 0.034444444 0.034444444 0.034444444 0.034444444 0.065155623 0.16333333 0.16333333 0.16333333 0.16333333 0.37666502 0.37666667 0.37666667 0.37666667 0.86111111 0.86111111 0.86111111 0.86111111 0.86111111 0.75076259 1.3222222 1.3222222 1.3222222 1.0588889 1.0588889 1.0584868 0.54111111 0.54111111 0.64553779 0.72666665 0.43777778 0.43777778 0.43777778 0.45522566 0.49222222 0.49222222 0.49222222 0.39111111 0.52168586 0.52333333 0.52333333 0.82444444 0.82444444
0.34333333 0.34333333 0.34333333 0.09357583 0.010757845 0.23888889 0.23888889 0.23888889 0.23888889 0.22666667 0.22666667 0.034444458 0.034444444 0.034444444 0.034444444 0.034452606 0.16333333 0.16333333 0.16333333 0.16333333 0.28357492 0.37666667 0.37666667 0.37149074 0.20926747 0.86111111 0.86111111 0.86111111 0.54888889 0.54888889 0.54888889 0.54889214 1.0588889 1.0588889 1.0588889 1.0588889 0.72666667 0.72666667 0.72666667 0.72666667 0.37555556 0.37555556 0.37555556 0.4799979 0.48 0.48 0.48 0.39111111 0.39111111 0.52317223 0.52333333 0.82444326 0.82444444
