interpolatedSpi/04-10|23_3.tif
NCOLS 53
NROWS 52
XLLCORNER -116.03883
YLLCORNER 28.596182
DX 0.49850594
DY 0.49788537
NODATA_VALUE -9999
[rows 0 to 27 of 52, columns 0 to 52 of 53]
0.35285714 0.35285714 0.13167766 0.26 0.23857143 0.32857143 0.15714286 0.40285714 -0.74737548 -0.60142857 -0.28857143 -0.44571429 -0.88140822 -0.63428571 -0.50714286 -0.50714286 -0.50714286 -0.84714286 -0.51857143 -0.51857143 -0.51857143 -0.51856879 -0.24428572 -0.92714286 -0.92714286 -0.92714286 -1.1485729 -1.1485714 -1.1485714 -1.4742857 -1.4742857 -1.4742857 -1.4742857 -1.6557142 -1.6557143 -1.6557143 -1.6557143 -1.6557143 -1.6557143 -1.6557142 0.23958558 0.25974729 -0.73142857 -0.73142857 -0.73142857 -0.73142857 -0.73113457 -0.55142857 -0.55142857 -0.55142857 -0.05142961 -0.051428571 -0.051428571
0.35282833 -0.29571429 0.14999978 0.12662988 0.17846044 -0.15142857 -0.13142857 -0.28251812 -0.66285714 -0.66857143 -0.45428571 -0.88142857 -0.88142857 -0.85639975 -0.63428728 -0.50714286 -0.84714286 -0.84714286 -0.51899984 -0.51857143 -0.51857143 -0.51857143 -0.94842328 -0.92714286 -0.92714286 -0.92714286 -0.53000003 -0.53 -1.4742857 -1.4742857 -1.4742857 -1.4742857 -1.4742857 -1.6557143 -1.6557143 -1.6557143 -1.6557143 -1.6557143 -1.6557142 -1.432564 -0.25439576 -0.67353168 -0.73142857 -0.73142857 -0.73142857 -0.73142857 -0.73142857 -0.55142857 -0.55142857 -0.55142857 -0.50996809 -0.051428571 -0.051428571
0.68569391 0.68571429 -0.04 -0.047142857 -0.19285714 0.59428571 -0.082857143 0.60857143 -0.62142857 -0.79571429 -0.78142857 -0.46857143 -1.0228571 -1.3142857 -0.85714286 -1.4457143 -0.84714286 -0.84714286 -0.84714286 -0.37004319 -0.37 -0.37 -1.3314286 -0.92714286 -0.92714286 -0.92714286 -0.53 -0.53 -0.53 -1.4742857 -1.4742857 -1.4742857 -1.3608128 -1.6541807 -1.6502359 -1.0725362 -1.0671429 -1.0671429 -0.96490685 -0.25428572 -0.25428571 -0.25489586 -0.73142857 -0.73142857 -0.73142857 -0.73142857 -0.73142857 -0.55142857 -0.55142857 -0.55142857 -0.55142857 -0.051428571 -0.051428571
0.68714286 0.6857141 -0.22447151 -0.10571429 -0.98571429 -0.50857143 -0.30571429 -0.61571429 -0.25714286 -0.83137986 -0.96285714 -1.1557143 -0.99571429 -1.3142857 -1.2828571 -1.4457143 -0.9679691 -0.96420364 -0.70714286 -0.37 -0.37 -0.96 -1.3314286 -1.3314286 -0.92714286 -0.92714087 -0.53 -0.53 -0.53 -1.2071429 -1.224387 -1.2385714 -1.2385714 -1.2385713 -1.0671429 -1.0671429 -1.0671429 -1.0671429 -0.25428571 -0.25428571 -0.25428571 -0.25428573 -0.73142857 -0.73142857 -0.73142857 -0.73142857 -0.73142857 -0.55143084 -0.55142857 -0.55142857 -0.55142857 -0.051487226 -0.051428572
0.68714286 -0.20142861 -0.22428571 -0.86958394 -0.98571429 -1.1685714 -1.1843176 -1.6457143 -1.7771429 -1.0685718 -1.268427 -1.3527385 -0.52428571 -1.2828571 -1.2828571 -1.3842607 -0.96428571 -0.96428571 -0.70714286 -0.70714286 -0.37000115 -0.96 -0.71571429 0.015714286 -0.47 -0.46999367 -0.53 -0.53 -1.2071429 -1.2071429 -1.2385714 -1.2385714 -1.2385714 -1.183077 -1.0671429 -1.0671429 -1.0671429 -0.25428571 -0.25428571 -0.25428571 -0.25428571 -0.2543679 -0.73142858 -0.73142857 -0.73142857 -0.73142857 -0.73142857 -0.72982635 -0.55142857 -0.55148667 -1.8471429 -1.8471429 -1.8471429
-1.1842857 -0.76857143 -0.77142855 -0.52285714 -0.67142857 -1.3842857 -1.6885714 -1.6830845 -1.4942857 -1.87 -1.9971429 -1.5171429 -1.5171422 -1.6928571 -1.6928571 -0.7498948 -0.75 -1.1657143 -1.1657143 -0.70714272 -0.74 -0.74 0.015714286 -0.47 -0.47 -0.44285714 -1.1414286 -1.1414286 -0.95716634 -1.2071429 -1.2385714 -1.2385714 -0.94428571 -0.94427333 -0.82572275 -0.64571429 -0.64571429 -0.37538308 -0.25428571 -0.25428571 -1.1046524 -1.1057143 -1.1057128 -1.0513931 -1.0571069 -1.0571428 -1.0571428 -1.0571427 -1.7820964 -1.8471429 -1.8471429 -1.8471429 -1.8471429
0.0099999123 -0.62857143 -0.3023439 -0.94142857 -1.0857143 -1.7171429 -1.3385714 -1.5585714 -2.04 -2.04 -1.9971429 -1.9157143 -1.6714285 -1.6928571 -0.31428984 -0.31428571 -0.75 -0.14571429 -0.54857143 -0.54857143 -0.48282402 -0.19428571 -0.19428571 -0.47142857 -0.44285714 -0.44285714 -1.1414286 -1.1414286 -0.95717699 -0.95777128 -0.69405417 -0.94428571 -0.94428571 -0.82571429 -0.82571429 -0.96160551 -0.64571429 -0.64571429 -1.0257011 -1.1057142 -1.1057143 -1.1057143 -1.1057066 -1.0571439 -1.0571429 -1.0571429 -1.0571429 -1.0571433 -1.8142857 -1.8471363 -1.8471429 -1.8471429 -1.8471429
0.01 -0.83714286 -0.40857143 -1.3985714 -0.81289072 -1.6142857 -2.1114286 -2.0685714 -1.8657143 -2.0257143 -2.0257143 -1.2385714 -1.6714286 -1.6714286 -0.32359697 -0.57710415 -0.60285714 -0.22428571 -0.65285704 -0.54857143 -0.56255618 -0.50142857 -0.81857143 -0.040000003 -0.040013506 -1.0871429 -0.70428571 -0.70428587 -1.5408047 -1.5428571 -0.69142857 -1.1097381 -0.90428571 -0.82571429 -0.83504479 -1.2257143 -1.2257143 -1.0257143 -1.0257143 -1.1057143 -1.1057143 -1.1057143 -1.2367332 -1.24 -1.0571429 -1.0571429 -1.0571429 -1.8142569 -1.8142857 -1.8142857 -1.8471429 -1.8471429 -1.8471429
-0.8861253 -0.83714285 -0.065714286 -1.3171429 -0.93714286 -1.8057143 -1.2985714 -0.96857143 -1.8714286 -1.1674051 -0.62 -1.33 -1.33 -0.77714286 -0.77714326 -0.54017519 -0.54 -0.54 -0.2897078 -1.1042857 -1.2214286 -1.2214286 -1.08 -0.92159612 -0.98161851 -1.0871429 -0.80714286 -0.70428571 -0.90596405 -0.90714286 -1.1671429 -1.12 -0.89695323 -1.4671429 -1.1528571 -1.46 -1.2642857 -0.86428571 -0.72149454 -1.1030041 -0.49857143 -0.73428571 -1.2399056 -1.24 -1.2389708 -1.0571429 -1.3514286 -1.8142857 -1.8142857 -1.8142857 -1.8142857 -1.7409558 -0.068571429
-1.16 -1.16 0.077142857 -0.27 -1.2157143 -0.68428571 -1.0914286 -1.7714286 -1.2185714 -0.98861518 -1.5042857 -0.50428571 -0.77714286 -0.77714286 -0.82 -0.81615967 -0.54 -0.53997249 -0.39714286 -1.1042857 -1.1042857 -1.1193776 -1.08 -1.1357132 -1.1357143 -1.1357143 -0.80714286 -0.6 -0.6 -0.90714286 -0.90714286 -1.1191601 -0.67714286 -1.4671429 -1.0528571 -1.46 -1.2642857 -1.5242857 -0.72142857 -0.34196556 -0.7342857 -0.70699765 -0.66 -1.24 -1.24 -1.3514286 -1.3514286 -1.3514286 -1.8142857 -1.8142857 -0.99428571 -0.99428571 -0.99428537
-1.16 -1.16 -0.53857143 -1.0028571 -1.0357143 -0.28 -1.4028571 -0.71695472 -0.55142857 -0.60142857 -0.43142857 -0.30285714 -0.50401796 -0.82 -0.82 -0.8199766 -0.61714286 -0.60559623 -0.39714286 -0.32285714 -0.32285714 -0.34428571 -0.34428571 -1.1357143 -1.1357143 -1.1357143 -0.6 -0.6 -0.6 -0.83428571 -0.83428571 -0.83428546 -1.0371429 -1.0371429 -1.7285714 -1.2728571 -0.86857143 -0.87143501 -0.80714286 -0.33571429 -0.33571429 -0.93142768 -0.66 -1.24 -0.5100002 -0.58714286 -0.6387967 -0.63571429 -0.99428571 -0.99428571 -0.99428571 -0.99428571 -0.99428571
-1.16 -0.89177742 -0.7366987 -1.0114157 -0.53 -0.76571429 -1.4028571 -0.71571429 -0.55142994 -0.60087463 -0.30285753 -0.30285714 -0.10857143 -0.82 -0.82 -0.61714286 -0.61714286 -0.61713034 -0.39714286 -0.32285714 -0.32706528 -0.34428571 -0.34428571 -1.1356819 -1.1357143 -0.8990362 -0.41571429 -0.41571429 -0.41571431 -0.83428571 -0.83428571 -0.42428571 -0.42428571 -1.0371448 -1.7285714 -0.76000047 -0.99044028 -0.87142857 -0.87142857 -0.3357143 -0.93142857 -0.93142857 -0.93142548 -0.51 -0.51 -0.58714286 -0.63571429 -0.63571429 -0.99428571 -0.99428571 -0.99428571 -0.99428571 -0.99428571
-0.42142857 -0.44175693 -0.42716376 -0.43136931 -0.53000136 -0.76570872 -1.4028571 -0.72417261 -0.56274954 -0.55273421 -0.10857143 -0.10857143 -0.10857143 -0.10857143 -0.81989922 -0.61714286 -0.61714286 -0.61430231 -0.39714286 -0.32271421 0.17285714 0.17285714 0.17285714 0.17285714 -1.1129733 -0.41571429 -0.41571429 -0.41571429 -0.41571429 -0.41584623 -0.42428571 -0.42428571 -0.42428571 -0.42428571 -0.76 -0.76 -0.76 -0.86693915 -0.87141784 -0.87 -0.87 -0.93142527 -0.85284541 -0.51003302 -0.51 -0.58714286 -0.63571429 -0.63571429 -0.99428571 -0.99428571 -0.99428571 -0.99428571 -1.0431019
-0.42142857 -0.42714286 -0.42714286 -0.42714286 -0.42714286 -0.427143 -1.4012261 -1.0777054 -0.59295284 -0.10904951 -0.10857143 -0.10857143 -0.10857143 -0.10857143 -0.10857092 -0.61714286 -0.61714282 -0.60205236 -0.39714408 0.17285714 0.17285714 0.17285714 0.17285714 0.17285714 0.18113097 -0.084791207 -0.010000084 -0.01 -0.01 -0.01 -0.4242857 -0.42428571 -0.42428489 0.26285714 0.26285714 -0.76 -0.17390728 -0.15714286 -0.86999959 -0.87 -0.87 -0.87 -0.85285714 -0.85285714 -0.85285714 -0.85100801 -0.44410185 -0.44285714 -0.44285714 -0.44285714 -0.44285715 -0.69285721 -0.69285714
-0.65142857 -0.42714286 -0.42714286 -0.42714286 -0.42714286 -0.42714286 -0.42714292 -0.68011273 0.6049752 0.61142857 0.61142857 0.61142857 0.61142857 0.61142857 0.61142856 0.86181359 -0.5935684 -0.58701716 0.1727854 0.17285714 0.17285714 0.17285714 0.17285714 0.17285766 0.55571429 0.55571429 0.55571349 -0.01 -0.01 -0.0084924477 0.74285714 0.74285714 0.26285714 0.26285714 0.26285714 -0.089863167 -0.15714286 -0.15714286 -0.15714286 -0.87 -0.87 -0.87 -0.85285714 -0.85285714 -0.85285714 -0.85285714 -0.44285715 -0.44285714 -0.44285714 -0.44285714 -0.44285714 -0.69285714 -0.69285714
-0.65142857 -0.56792955 -0.42714286 -0.42714286 -0.42714286 -0.42714286 0.71977485 0.72 0.72 0.61142857 0.61142857 0.61142857 0.61142857 0.61142857 0.66784093 0.86714286 0.86714286 0.86714286 0.62006312 0.62142811 0.62142857 0.62142857 0.62142857 0.62142857 0.55571429 0.55571429 0.55571429 0.55571429 -0.0099999999 0.74285714 0.74285714 0.74285714 0.26285719 0.26285714 0.26285714 0.43 -0.15636546 -0.15714286 -0.15714286 -0.86996611 -0.80290028 -0.64638463 -0.85285714 -0.85285714 -0.83861552 -0.83857143 -0.83857143 -0.44315229 -0.62080455 -0.62142856 -0.62142854 -0.4057578 -0.69285656
-0.65142857 0.2383021 -0.077971092 -0.42714286 -0.42714286 0.71932221 0.72 0.72 0.72 0.7192176 0.61142857 0.61142857 0.61142857 0.6114286 0.86714286 0.86714286 0.86714286 0.86714286 0.62164806 0.62142857 0.62142857 0.62142857 0.62142857 0.62142857 0.55571429 0.55571429 0.55571429 0.55571429 0.55639499 0.74285714 0.74285714 0.74285714 0.89285714 0.26288935 0.43 0.43 0.43 0.42885704 -0.61475388 -0.64571429 -0.64571429 -0.64571429 -1.0914286 -1.0914286 -0.83857143 -0.83857143 -0.83857143 -0.62142857 -0.62142857 -0.62142857 -0.62142857 -0.40571429 -0.40571429
0.26241119 0.26285714 0.26285714 0.26285715 0.98285714 0.72000678 0.72 0.72 0.72 0.72 0.60958999 0.61142825 0.61142857 0.86714286 0.86714286 0.86714286 0.86714286 0.86714286 0.85437339 0.62142857 0.62142857 0.62142857 0.62142857 0.62142857 0.69679855 0.86856973 0.86857143 0.86857143 0.86857143 0.74285715 0.89285714 0.89285714 0.89285714 0.89285714 0.43 0.42999737 0.33 0.33 -0.63353104 -0.64571429 -0.64571429 -0.64571429 -1.0914286 -1.0914286 -0.87772242 -0.83857143 -0.83857143 -0.62142857 -0.62142857 -0.62142857 -0.61911555 -0.40571429 -0.40571429
0.26285714 0.26285714 0.26285714 0.60191588 0.98285714 0.98285714 0.72 0.72 0.72 0.72 0.58714286 0.58714286 0.58714286 0.86714286 0.86714286 0.86714286 0.86714286 0.86718181 0.97 0.97 0.62142871 0.62142857 0.62299366 0.68571429 0.68736047 0.86857143 0.86857143 0.86857143 0.86857143 0.89285467 0.89285714 0.89285714 0.89285714 0.89285714 0.33000035 0.33 0.33 0.33 0.32653883 -0.64571429 -0.64571429 -0.64571429 -1.0914286 -1.0914286 -1.0914286 -0.83857143 -0.83857143 -0.62142857 -0.62142857 -0.62142857 -0.40571429 -0.40571429 -0.40571429
0.26285714 0.26285714 0.26285714 0.98285714 0.98285714 0.98285714 0.98285674 0.72 0.72 0.58728 0.58714286 0.58714286 0.58714286 0.58731731 1.0579353 1.1028571 1.1028571 1.1028571 0.97 0.97 0.97 0.68571429 0.68571429 0.68571429 0.68570588 0.75692268 0.86857143 0.86857143 0.86857143 0.52520518 0.44147297 0.44142857 0.44142857 0.44142857 0.11719346 -0.18285598 -0.18285714 -0.18285714 -0.18285714 -0.70856283 -0.70857143 -0.70857143 -1.0914286 -1.0914286 -0.69000168 -0.68999999 -0.65285714 -0.65285714 -0.42 -0.42 -0.42 -0.40571429 -0.44710581
0.26285811 0.26285714 0.26285717 0.98285714 0.98285714 0.98285714 0.98285714 0.48000007 0.71904039 0.58722447 0.58714286 0.58714286 0.58714286 0.58815483 1.1028571 1.1028571 1.1028571 1.1028571 0.97 0.97 0.97 0.68571429 0.68571429 0.68571429 0.65571429 0.65571429 0.85285714 0.85285714 0.85285714 0.85061267 0.44142857 0.44142857 0.44142857 0.44142857 0.12945708 -0.18285714 -0.18285714 -0.18285714 -0.18285714 -0.70857143 -0.70857143 -0.70857143 -0.7079871 -0.69 -0.69 -0.69 -0.65285714 -0.65285714 -0.42 -0.42 -0.42 -0.44714286 -0.44714286
0.57571429 0.43297021 0.44714286 0.44729828 0.98285714 0.48290951 0.48 0.48 0.5830671 0.67714286 0.67714286 0.67714286 0.67714286 1.2185538 1.2185714 1.1028572 1.1028571 1.0993566 0.97 0.97 0.97 0.63142857 0.63142857 0.63142857 0.65571429 0.65571429 0.85285714 0.85285714 0.85285714 0.85285694 0.57999912 0.57999961 0.44491136 0.44157713 -0.41616138 -0.41714286 -0.41714286 -0.41714286 -0.41714286 -0.70857143 -0.70857143 -0.70857143 -0.69102242 -0.69 -0.69 -0.69000005 -0.65285714 -0.65285714 -0.65284876 -0.42 -0.42002172 -0.90571429 -0.44714286
0.63427459 0.63428568 0.44714286 0.44714286 0.44714286 0.48 0.48 0.48 0.76285714 0.76285714 0.67714286 0.67714286 0.67714286 1.2185714 1.2185714 1.2185714 1.2185714 1.2185434 0.97 0.97 0.96999999 0.63142857 0.63142857 0.63142857 0.65571429 0.65571429 0.85285714 0.85285714 0.85285714 0.58307648 0.58 0.58 0.58 0.58 -0.41665083 -0.41714286 -0.41714286 -0.41714286 -0.41714286 -0.44000007 -0.44 -0.44 -0.44 -0.69000222 -0.98 -0.98 -0.98 -1.2114286 -1.2114286 -1.2114286 -0.90571429 -0.90571429 -0.90571429
0.63428571 0.63428571 0.44714286 0.44714286 0.44714286 0.4798273 0.48 0.76285714 0.76285714 0.76285714 0.67715341 0.67714286 0.70632588 1.2185713 1.2185714 1.2185714 1.2185714 0.60428572 0.60428571 0.60428571 0.70285714 0.70285709 0.63142892 0.63142857 0.63152347 0.78 0.78 0.78000017 0.85284537 0.375755 0.37571537 0.37574995 0.57965085 0.5798237 -0.23968188 -0.41714287 -0.41726254 -0.45285714 -0.45285714 -0.44 -0.44 -0.44 -0.44 -0.98 -0.98 -0.98 -0.98 -1.2114286 -1.2114286 -1.2114286 -0.90571429 -0.90571429 -0.90571429
0.63428571 0.63428571 0.44714286 0.44714286 0.44714286 0.44714286 0.58586517 0.76285714 0.76285714 0.76285714 0.76282952 0.71285714 0.71285714 0.71285714 1.2155911 1.2185714 0.60837916 0.60428571 0.60428571 0.60428571 0.70285714 0.70285714 0.70285714 0.70285714 0.78 0.78 0.78 0.78 0.78 0.37571429 0.37571429 0.37571429 0.37571429 0.37571286 -0.3 -0.45285714 -0.45285714 -0.45285714 -0.45285714 -0.45285844 -0.86428571 -0.86428571 -0.86428571 -0.89403801 -0.95571429 -0.95571429 -0.95571429 -1.2114286 -1.2114287 -1.3642857 -1.3642857 -0.61150016 -0.61142857
0.63428571 0.63428571 0.51468829 0.44714286 0.44714286 0.44714286 0.56321205 0.76222685 0.76285714 0.76285714 0.7128571 0.71285714 0.71285714 0.71285714 0.71285714 0.75429276 0.60428571 0.60428571 0.60428571 0.60428571 0.70285638 0.70285714 0.70285714 0.70285714 0.78 0.78 0.78 0.78 0.78 0.15613866 0.37571429 0.37571429 0.37571429 -0.3 -0.3 -0.3001187 -0.45285714 -0.45285714 -0.74389403 -0.96999996 -0.86428571 -0.86428571 -0.86428571 -0.89386055 -0.95571429 -0.95571429 -0.95571429 -0.99142857 -1.35964 -1.3642857 -1.3642857 -0.61142857 -0.61142857
0.65 0.65 0.65 0.49800472 0.44711237 0.56285714 0.56285714 0.56285714 0.56285714 0.52142857 0.52142857 0.71285713 0.71285714 0.71285714 0.71285714 0.71285022 0.60428571 0.60428571 0.60428571 0.60428571 0.65984377 0.70285714 0.70285714 0.71201679 1.0407071 0.78 0.78 0.78 0.078571429 0.078571429 0.078571429 0.078572676 -0.3 -0.3 -0.3 -0.3 -0.97 -0.97 -0.97 -0.97 -0.74285714 -0.74285714 -0.74285714 -1.0128517 -1.0128571 -1.0128571 -1.0128571 -0.99142857 -0.99142857 -1.3638314 -1.3642857 -0.61142891 -0.61142857
0.65 0.65 0.65 0.64998785 0.42428571 0.44443628 0.56285714 0.56285714 0.56285714 0.52142857 0.52142857 0.52142857 -0.32857138 -0.32857143 -0.32857143 -0.32857141 0.60255333 0.60428571 0.60428571 0.60428571 0.60579952 1.0528562 1.0528571 1.0528571 1.0528571 1.0528571 0.28428572 0.28428571 0.078571429 0.078571429 0.078571429 0.078571429 -0.29999996 -0.3 -0.3 -0.29999511 -0.97 -0.97 -0.97 -0.96942345 -0.74285714 -0.74285714 -0.74285714 -1.0128446 -1.0128571 -1.0128571 -1.0128571 -0.99142857 -0.99142857 -0.99142853 -0.67857143 -0.67857143 -0.51285714
