interpolatedSpi/05-05|22_1.tif
NCOLS 53
NROWS 52
XLLCORNER -116.03883
YLLCORNER 28.596182
DX 0.49850594
DY 0.49788537
NODATA_VALUE -9999
-0.95 -0.95 -1.173906 -0.76 0.16 0.39 0.25 -0.45 -0.80384279 -1.24 -0.71 0.15 0.22997612 -0.06 -0.35 -0.35 -0.35 0.39 -0.52 -0.52 -0.52 -0.52000684 -1.23 1.1 1.1 1.1 2.2599915 2.26 2.26 1.76 1.76 1.76 1.76 2.5399998 2.54 2.54 2.54 2.54 2.54 2.54 2.2530902 2.2499772 2.16 2.16 2.16 2.16 2.1603103 2.35 2.35 2.35 1.2200023 1.22 1.22 
-0.95003377 -1.71 -1.0499998 -0.92810878 -0.69978511 -0.48 -0.61 -0.22015311 -0.21 0.03 0.54 0.23 0.23 0.54796597 -0.059995193 -0.35 0.39 0.39 -0.51881348 -0.52 -0.52 -0.52 1.1278977 1.1 1.1 1.1 1.9099999 1.91 1.76 1.76 1.76 1.76 1.76 2.5399999 2.54 2.54 2.54 2.54 2.54 2.4817002 2.2000107 2.1648537 2.16 2.16 2.16 2.16 2.16 2.35 2.35 2.35 2.2562993 1.22 1.22 
-1.1000167 -1.1 -0.9 -0.61 -0.81 -1.41 -0.38 -0.58 -0.45 0.050000001 0.29 0.91 0.59 0.62 0.55 -0.35 0.39 0.39 0.39 0.13980814 0.14 0.14 1.63 1.1 1.1 1.1 1.91 1.91 1.91 1.76 1.76 1.76 2.1788181 2.5392748 2.5362769 2.1436654 2.14 2.14 2.1475464 2.2 2.2 2.1999488 2.16 2.16 2.16 2.16 2.16 2.35 2.35 2.35 2.35 1.22 1.22 
-0.98 -1.1000003 -2.3698223 -0.17 -1.69 -0.85 0.1 -0.61 -0.92 0.63757633 0.25 -0.17 0.11 0.62 -1.44 -0.35 -0.73701613 -0.73920826 -0.23 0.14 0.14 0.75 1.63 1.63 1.1 1.100004 1.91 1.91 1.91 1.89 2.2960215 2.63 2.63 2.6299996 2.14 2.14 2.14 2.14 2.2 2.2 2.2 2.2 2.16 2.16 2.16 2.16 2.16 2.3499976 2.35 2.35 2.35 1.2199598 1.22 
-0.98 -0.61000323 -2.37 -1.43374 -1.69 -1.05 -0.41991634 -0.14 0.18 0.9699996 -0.24619181 -0.81999141 -0.76 -1.44 -1.44 -0.71681037 -0.74 -0.74 -0.23 -0.23 0.14000125 0.75 1.07 1.13 2.28 2.2800069 1.91 1.91 1.89 1.89 2.63 2.63 2.63 2.4810273 2.14 2.14 2.14 2.2 2.2 2.2 2.2 2.1999179 2.16 2.16 2.16 2.16 2.16 2.1616912 2.35 2.3498942 -0.01 -0.01 -0.01 
-2.71 -1.32 -2.03 -0.76 -2.06 -0.78 -0.36 -0.3318337 -0.06 -1.03 -0.85 -2.01 -2.0099992 -1.09 -1.09 -1.4496982 -1.45 0.07 0.069999999 -0.22999984 1.02 1.02 1.13 2.28 2.28 2.31 2.32 2.32 2.2899636 1.89 2.63 2.63 1.84 1.8400533 2.3499632 1.36 1.36 1.9401268 2.2 2.2 1.3510601 1.35 1.3500005 1.7965315 1.7900409 1.7900001 1.79 1.7900001 1.360668 -0.01 -0.01 -0.01 -0.01 
-0.86002966 -1.77 -1.0623939 -1.18 -2.11 -1.03 -0.94 -0.84 -0.68 -0.68 -0.85 -1.28 -0.38000024 -1.09 -0.20000267 -0.2 -1.45 -0.03 -0.05 -0.05 0.85505729 0.67 0.67 2.17 2.31 2.31 2.32 2.32 2.2899977 2.2899571 2.0306794 1.84 1.84 2.35 2.35 1.6268736 1.36 1.36 2.0999744 1.350001 1.35 1.35 1.3500033 1.7900001 1.79 1.79 1.79 1.7899999 1.56 -0.0096888689 -0.01 -0.01 -0.01 
-0.86 -0.09 0.24 -1.96 -1.8700052 -1.68 -1.84 -2.13 -1.92 -0.62 -0.62 -1.27 -0.38 -0.38 -0.20123497 -1.0287888 -1.11 0.05 -0.68999934 -0.05 0.7085872 0.74 0.56 0.98 0.98000361 1.26 1.73 1.7300002 2.2501402 2.25 2.03 1.6214945 1.77 2.35 2.3371655 1.85 1.85 2.1 2.1 1.35 1.35 1.35 1.8050938 1.81 1.79 1.79 1.79 1.5600088 1.56 1.56 -0.01 -0.01 -0.01 
-0.26447287 -0.090000003 0.2 -1.11 -1.04 -1.52 -1.98 -1.19 -1.49 -1.0912812 -0.47 -0.77 -0.77 -0.23 -0.23000508 0.13651615 0.14 0.14 -0.062962129 0.73999992 0.37 0.37 0.79 0.65063922 1.2317834 1.26 1.75 1.73 1.8095351 1.81 1.58 1.89 1.7036483 1.23 1.9 1.77 1.81 2 1.87006 1.3508928 1.55 1.08 1.809886 1.81 1.8098874 1.79 1.68 1.56 1.56 1.56 1.56 0.065949537 0.29 
-1.24 -1.24 0.4 -1.62 -2.13 -1.7 -2.54 -1.6 -1.02 -0.99006175 -0.93 -1.25 -0.23 -0.23 -0.77 -0.75751894 0.14 0.13988436 -0.4 0.74 0.74 0.69233157 0.79 1.3599892 1.36 1.36 1.75 1.55 1.55 1.81 1.81 1.8892983 1.52 1.23 1.32 1.77 1.81 2.09 1.87 0.38447252 1.08 1.0910202 1.11 1.81 1.81 1.68 1.68 1.68 1.56 1.56 0.6 0.6 0.59999988 
-1.24 -1.24 -0.14 -0.21 -0.93 -0.77 -1.63 -0.78006232 -1.16 -1.11 -1.03 -1.45 -1.2502647 -0.77 -0.77 -0.7699204 -0.08 -0.096795101 -0.4 0.28 0.28 0.44 0.44 1.36 1.36 1.36 1.55 1.55 1.55 0.84 0.84 0.84000112 1.66 1.66 1.47 0.94 1.21 1.2300005 1.58 0.36 0.36 1.1599998 1.11 1.81 1.4500001 1.44 1.0726271 1.07 1.33 1.33 0.6 0.6 0.6 
-1.24 -0.76498453 -0.1698715 2.7013651e-06 0.74 -1.33 -1.63 -0.78 -1.1599968 -1.1105539 -1.4499996 -1.45 -1.29 -0.77 -0.77 -0.080000023 -0.08 -0.080018212 -0.4 0.28 0.31142074 0.44 0.44 1.3599628 1.36 1.3895848 1.45 1.45 1.45 0.84 0.84 1.02 1.02 1.6599995 1.47 1.7399999 1.2228287 1.23 1.23 0.36000003 1.16 1.16 1.1600021 1.45 1.45 1.44 1.07 1.07 1.33 1.33 0.6 0.6 0.6 
0.93 0.24646872 0.2799819 0.27798021 0.73998926 -1.3299511 -1.63 -0.79046302 -1.1338141 -1.1586944 -1.29 -1.29 -1.29 -1.29 -0.77007366 -0.080000001 -0.08 -0.08413171 -0.4 0.2800015 0.3 0.3 0.3 0.3 1.3421484 1.45 1.45 1.45 1.45 1.4495003 1.02 1.02 1.02 1.02 1.74 1.74 1.74 1.2546606 1.2290987 1.11 1.11 1.1599973 1.2500068 1.4499807 1.45 1.44 1.07 1.07 1.33 1.33 0.60264836 0.6 0.14942735 
0.93 0.28 0.28 0.28 0.28 0.27999934 -1.6292318 -1.2278609 -1.0639526 -1.2898587 -1.29 -1.29 -1.29 -1.29 -1.2899998 -0.080000011 -0.080000051 -0.10194982 -0.39999327 0.3 0.3 0.3 0.3 0.3 0.30022068 1.0358891 0.93000011 0.93 0.93 0.93 1.02 1.02 1.0200003 1.25 1.25 1.74 1.5941712 1.59 1.1100003 1.11 1.11 1.11 1.25 1.25 1.25 1.2513222 2.0138958 2.02 2.02 2.02 2.02 -0.019999872 -0.02 
1.53 0.28 0.28 0.28 0.28 0.28 0.27999988 -0.66125273 -0.96937665 -0.97 -0.97 -0.97 -0.97 -0.97 -0.97 0.52910798 -0.069871971 -0.12381853 0.29991209 0.3 0.3 0.3 0.3 0.29999995 0.31 0.31 0.31000087 0.93 0.93 0.92865836 0.26 0.26 1.25 1.25 1.25 1.5355356 1.59 1.59 1.59 1.11 1.11 1.11 1.25 1.25 1.25 1.25 2.02 2.02 2.02 2.02 2.02 -0.02 -0.02 
1.53 1.0646392 0.28 0.28 0.28 0.28 1.2598077 1.26 1.2599999 -0.97 -0.97 -0.97 -0.97 -0.97 -0.6324713 0.56 0.56 0.56 0.26012227 0.26000004 0.26 0.26 0.26 0.26 0.31 0.31 0.31 0.31 0.93 0.26 0.26 0.26 1.2499999 1.25 1.25 1.44 1.5898014 1.59 1.59 1.1101065 1.3224112 1.817878 1.25 1.25 1.3496914 1.35 1.35 2.0171405 0.28608051 0.28000015 0.28000033 0.38993791 -0.019999166 
1.53 1.4910742 0.8923157 0.28 0.28 1.259421 1.26 1.26 1.26 1.24393 -0.97 -0.97 -0.97 -0.96999982 0.56 0.56 0.56 0.56 0.26026798 0.26 0.26 0.26 0.26 0.26 0.31 0.31 0.31 0.31 0.30981813 0.26 0.26 0.26 0.55999999 1.2500027 1.44 1.44 1.44 1.4403409 1.8054285 1.82 1.82 1.82 1.36 1.36 1.35 1.35 1.35 0.28000001 0.28 0.28 0.28 0.39 0.39 
1.4899858 1.49 1.49 1.49 1.11 1.2599961 1.26 1.26 1.26 1.26 -0.76558705 -0.96996482 -0.96999992 0.56 0.56 0.56 0.56 0.56 0.54090059 0.26 0.26 0.26 0.26 0.26 0.1253768 -0.12999762 -0.13 -0.13 -0.13 0.26000002 0.55999999 0.56 0.56 0.56 1.44 1.4400008 1.47 1.47 1.8156297 1.82 1.82 1.82 1.36 1.36 1.3515483 1.35 1.35 0.28 0.28 0.28 0.28117949 0.39 0.39 
1.49 1.49 1.49 1.3110523 1.11 1.11 1.26 1.26 1.26 1.26 1.73 1.73 1.73 0.56 0.56 0.56 0.56 0.56002644 0.63 0.63 0.26000015 0.26 0.26243458 0.36 0.35558874 -0.13 -0.13 -0.13 -0.13 0.55992974 0.56 0.56 0.56 0.56 1.4699999 1.47 1.47 1.47 1.471216 1.82 1.82 1.82 1.36 1.36 1.36 1.35 1.35 0.28000001 0.28 0.28 0.39 0.39 0.39 
1.49 1.49 1.49 1.11 1.11 1.11 1.1100002 1.26 1.26 1.7295148 1.73 1.73 1.73 1.729271 0.68950759 0.72 0.72 0.72 0.63 0.63 0.63 0.36 0.36 0.36 0.35989635 -0.067057083 -0.13 -0.13 -0.13 0.15372425 0.08004721 0.08 0.08 0.08 1.3602096 1.2100006 1.21 1.21 1.21 0.95011904 0.95 0.95 1.36 1.36 0.060005427 0.060000096 0.33 0.33 0.7 0.7 0.7 0.39 0.14022353 
1.4899989 1.49 1.49 1.11 1.11 1.11 1.11 0.21000031 1.2558017 1.7289391 1.73 1.73 1.73 1.7280181 0.72 0.72 0.72 0.71999997 0.63 0.63 0.63 0.36 0.36 0.36 -0.01 -0.01 -0.3 -0.3 -0.3 -0.29792698 0.08 0.08 0.08 0.08 0.64468962 1.21 1.21 1.21 1.21 0.95 0.95 0.95 0.92199719 0.06 0.06 0.06 0.33 0.33 0.7 0.7 0.7 0.14000002 0.14 
1.12 1.2721303 0.78 0.78009574 1.11 0.21520737 0.21 0.21 0.25372544 0.55999999 0.56 0.56 0.56 0.81999154 0.82 0.72000008 0.72 0.71762863 0.63 0.63 0.63 0.29 0.29 0.29 -0.01 -0.01 -0.3 -0.3 -0.3 -0.29999989 -0.14999854 -0.14999935 0.074219295 0.079753424 0.43959413 0.44 0.44 0.44 0.44 0.95 0.95 0.95 0.10900543 0.06 0.06 0.059999893 0.33 0.33 0.33001332 0.7 0.69994858 -0.45 0.14 
0.60009875 0.60000003 0.78 0.78 0.78 0.21 0.21 0.21 0.33 0.33 0.56 0.56 0.56 0.82 0.82 0.82 0.82 0.81997853 0.63 0.63 0.62999999 0.29 0.29 0.29 -0.01 -0.01 -0.3 -0.3 -0.3 -0.15169126 -0.15 -0.15 -0.15 -0.15 0.43970887 0.44 0.44 0.44 0.44 -0.17999971 -0.18 -0.18 -0.18 0.059995397 -0.54 -0.54 -0.54 -0.2 -0.2 -0.2 -0.45 -0.45 -0.45 
0.6 0.6 0.78 0.78 0.78 0.21299602 0.21 0.33 0.33 0.33 0.55997169 0.56 0.28217759 0.81999986 0.82 0.82 0.82 0.27 0.27 0.27 -0.049999992 -0.049999747 0.28999834 0.29 0.28985055 0.18 0.18 0.17999886 -0.29992243 -0.18999203 -0.18999979 -0.18999302 -0.15006836 -0.15003452 0.33489226 0.43999992 0.43929624 0.23 0.23 -0.18 -0.18 -0.18 -0.18 -0.54 -0.54 -0.54 -0.54 -0.2 -0.2 -0.2 -0.45 -0.45 -0.45 
0.6 0.6 0.78 0.78 0.78 0.78 0.25491249 0.33 0.33 0.33 0.32993924 0.22 0.22 0.22 0.81646406 0.82 0.27366506 0.27 0.27 0.27 -0.05 -0.05 -0.05 -0.05 0.18 0.18 0.18 0.18 0.18 -0.19 -0.19 -0.19 -0.19 -0.19000002 -0.2 0.23 0.23 0.23 0.23 0.22999961 0.17 0.17 0.17 0.010545713 -0.32 -0.32 -0.32 -0.2 -0.20000047 -0.68 -0.68 -0.26004622 -0.26 
0.6 0.6 0.71503264 0.78 0.78 0.77999998 0.050496867 0.32911759 0.33 0.33 0.21999996 0.22 0.22 0.22 0.22 0.26918751 0.27 0.27 0.27 0.27 -0.049997525 -0.05 -0.05 -0.05 0.18 0.18 0.18 0.18 0.18 -0.30084346 -0.19 -0.19 -0.19 -0.2 -0.2 -0.19966609 0.23 0.23 0.23562779 0.24 0.17 0.17 0.17 0.012471083 -0.32 -0.32 -0.32 -0.69 -0.6801246 -0.68 -0.68 -0.26 -0.26 
-0.22 -0.22 -0.22 0.52927251 0.77865189 0.05 0.05 0.05 0.05 0.02 0.02 0.21999999 0.22 0.22 0.22 0.22000314 0.27 0.27 0.27 0.27 0.08963762 -0.05 -0.05 -0.053925563 -0.18307903 0.18 0.18 0.18 -0.34 -0.34 -0.34 -0.33999937 -0.2 -0.2 -0.2 -0.2 0.24 0.24 0.24 0.24 0.17 0.17 0.17 -0.34998955 -0.35 -0.35 -0.34999999 -0.69 -0.69 -0.68001218 -0.68 -0.25999834 -0.26 
-0.22 -0.22 -0.22 -0.21999569 -0.14 -0.11237088 0.05 0.05 0.05 0.02 0.02 0.02 -0.58999996 -0.59 -0.59 -0.58999998 0.26888259 0.27 0.27 0.27 0.26513947 -0.19999959 -0.2 -0.2 -0.2 -0.20000001 -0.75999999 -0.76 -0.34 -0.34 -0.34 -0.34 -0.19999996 -0.2 -0.2 -0.19999511 0.24000001 0.24 0.24 0.241667 0.17 0.17 0.17 -0.34997589 -0.35 -0.35 -0.35 -0.69 -0.69 -0.6899999 0.07 0.07 -0.2 
-0.22 -0.22 -0.22 -0.14000018 -0.14 -0.14 0.049999929 0.05 0.05 0.02 0.02 0.02 -0.59 -0.59 -0.59 -0.57096011 -0.34 -0.34 -0.33999842 0.26655456 -0.2 -0.2 -0.2 -0.2 -0.2 -0.20042143 -0.76 -0.76 -0.76 -0.34 -0.34 -0.34001931 -0.14 -0.14 -0.14 0.66 0.66 0.62 0.62 0.62 1.14 0.17030426 0.1699991 0.05 0.05 0.034840455 -0.34999952 -0.69 -0.69 0.07 0.07 0.07 -0.2 
-0.22 -0.22 -0.22 -0.14 -0.14 -0.14 -0.14 0.05 0.05 0.02 0.02 -0.5656088 -0.59 -0.59 -0.59 -0.34 -0.34 -0.34 -0.34 -0.34 -0.2 -0.2 -0.2 -0.2 -0.2 -0.75999809 -0.76 -0.76 -0.76 -0.37 -0.37 -0.37 -0.14 -0.14 -0.14 0.66 0.66 0.62 0.62 1.14 1.14 1.14 0.05 0.05 0.05 0.05 0.075465674 0.36 0.36 0.36 0.070000003 0.23 0.23 
-0.22 -0.22 -0.2198886 -0.14 -0.14 -0.14 -0.14 -1.2919342 -1.35 -1.3476479 0.019999941 -0.59007286 -0.59 -0.59 -0.58999914 -0.34 -0.34 -0.34 -0.34 -0.34 -0.71786172 -0.2 -0.2 -0.2 -0.19996293 -0.75995836 -0.76 -0.76 -0.76 -0.37 -0.37 -0.37 -0.36997007 -0.14 0.66 0.66 0.66 0.65999864 0.62003546 1.14 1.14 1.14 0.050066172 0.05 0.05 0.05 0.36000488 0.36 0.36 0.36 0.23 0.23 0.23 
-3.32 -3.3199946 -0.14015434 -0.14 -0.14 -0.14 -1.3497425 -1.35 -1.35 -1.35 -1.46 -1.46 -1.46 -1.46 -0.3451691 -0.34 -0.34 -0.34 -0.34 -0.73999976 -0.74 -0.74 -0.02000003 -0.02 -0.02 -0.02 -0.083871518 -0.76 -0.76999959 -0.77 -0.77 -0.77 -0.77 1.06 1.06 1.06 1.06 1.06 1.53 1.53 1.53 1.53 1.53 0.84879406 0.85 0.85 0.85 0.36 0.36 0.36 0.23002048 0.23 0.23 
-3.32 -3.32 -3.3041751 -1.4299974 -1.4299997 -1.4299211 -1.35 -1.35 -1.35 -1.35 -1.46 -1.46 -1.46 -1.46 -1.46 -0.34 -0.34 -0.34 -0.7399999 -0.74 -0.74 -0.74 -0.020000003 -0.02 -0.02 -0.02 -0.02 -0.020157334 -0.77 -0.77 -0.77 -0.77 -0.77 0.95795771 1.0598943 1.06 1.06 1.06 1.53 1.53 1.53 1.53 1.53 0.85 0.85 0.85 0.85 0.62086643 0.36 0.75553723 0.76 0.24 0.24 
-3.32 -3.32 -1.4302394 -1.43 -1.43 -1.43 -1.4096803 -1.35 -1.35 -1.35 -1.46 -1.46 -1.46 -1.46 -1.46 -0.3408626 -0.34 -0.73988272 -0.74 -0.74 -0.74 -0.74 -0.28672867 -0.02 -0.02 -0.02 -0.02 -0.020530992 -0.77 -0.77 -0.77 -0.77 -0.77 0.88 0.88 0.88 0.88 0.88 1.26 1.26 1.26 1.26 1.26 0.851758 0.85000037 0.85 0.85012205 0.86467236 0.76 0.76 0.76 0.24000291 0.24 
-3.3199957 -1.0158156 -1.4299999 -1.43 -1.43 -1.43 -1.43 -1.3500341 -1.35 -1.35 -1.46 -1.46 -1.46 -1.46 -1.548001 -1.55 -1.55 -0.74002085 -0.74 -0.74 -0.74 -0.74 -0.74000015 -0.02 -0.02 -0.02 -0.02 -0.30000043 -0.30000022 -0.40002742 -0.77 -0.77 -0.77 0.88 0.88 0.88 0.88 0.88003386 1.26 1.26 1.26 1.26 1.2600115 1.57 1.57 1.57 1.57 1.5699347 0.76 0.76 0.76 0.75999955 0.023240034 
-0.97 -0.97 -1.0801948 -1.43 -1.43 -1.43 -1.43 -1.43 -1.3500355 -1.92 -1.92 -1.92 -1.9189083 -1.5499999 -1.55 -1.55 -1.55 -1.55 -0.74000959 -0.822058 -1.54 -1.54 -1.54 -1.1573565 -0.095234192 -0.49779809 -0.83710586 -0.3 -0.3 -0.3 -0.3 -0.3 -0.30819607 0.92461275 0.93 0.93 0.93 0.93 1.2881779 1.4099997 1.41 1.41 1.41 1.1300013 1.5699999 1.57 1.57 1.23 0.76000753 0.76 0.76 0.02 0.02 
-0.97 -0.97 -1.14 -1.14 -1.14 -1.4299034 -1.43 -1.43 -1.92 -1.92 -1.92 -1.92 -1.92 -1.55 -1.55 -1.55 -1.55 -1.55 -1.54 -1.54 -1.54 -1.54 -1.54 -0.96000003 -0.96 -0.96 -0.96 -0.3 -0.3 -0.3 -0.3 -0.3 0.45 0.45 0.93 0.93 0.93 1.1499625 1.15 1.41 1.41 1.41 1.4099999 1.13 1.13 1.13 1.23 1.23 1.23 0.56 0.56 0.02 0.02 
-0.97 -0.97 -1.14 -1.14 -1.14 -1.14 -1.1399993 -1.01 -1.9191432 -1.92 -1.92 -1.92 -1.92 -1.5546154 -1.55 -1.55 -1.55 -1.55 -1.54 -1.54 -1.54 -1.54 -1.54 -0.96 -0.96 -0.96 -0.96 -0.95999728 -0.3 -0.3 -0.3 0.44996068 0.45 0.45 0.45 0.93 1.15 1.15 1.15 1.1568411 1.0980869 1.04 1.04 1.13 1.13 1.13 1.23 1.23 1.23 0.56 0.56 0.56 0.047171491 
-1.41 -1.4099965 -1.14 -1.14 -1.14 -1.14 -1.01 -1.01 -1.01 -1.92 -1.92 -1.92 -1.92 -1.919885 -1.55 -1.55 -1.55 -1.55 -1.5400003 -1.54 -1.54 -1.54 -1.0621844 -0.96 -0.96 -0.96 -0.96 -0.38000047 -0.38 -0.38 -0.30083059 0.45 0.45 0.45 0.44999977 0.21 1.15 1.15 1.15 1.15 1.04 1.04 1.04 0.23 0.23 0.23 0.3500857 1.23 1.23 0.56 0.56 0.56 0.050000502 
-1.41 -1.41 -1.14 -1.14 -1.14 -1.01 -1.01 -1.01 -1.01 -1.820224 -1.92 -1.92 -1.92 -1.9199988 -1.9199574 -1.92 -1.92 -1.92 -1.6549258 -1.79 -1.79 -1.79 -1.79 -0.96 -0.96 -0.96 -0.95996174 -0.38 -0.38 -0.38 -0.38 0.44986876 0.31500694 0.21 0.21 0.21 1.1460025 0.080022277 0.08 0.08 1.0389661 -0.27999996 -0.28 0.23 0.23 0.23000051 0.35 0.35 0.4 0.4 0.4 -0.12 0.23 
-1.41 -1.41 -0.23 -0.23 -0.23 -1.01 -1.01 -1.01 -1.01 -1.09 -1.09 -1.09 -1.09 -1.148492 -1.92 -1.92 -1.92 -1.92 -1.65 -1.79 -1.79 -1.79 -1.79 -1.23 -1.2299999 -0.9600004 -0.38 -0.38 -0.38 -0.38 -0.46606679 -0.55 0.11957042 0.21 0.21 0.21 0.08 0.08 0.08 0.08 -0.28 -0.28 -0.28 0.18985179 0.19 0.34928081 0.35 0.35 0.39999952 0.4 -0.12 -0.12 0.23 
-1.41 -0.23000001 -0.23 -0.23 -0.23 -0.23 -1.007283 -0.66 -0.66 -1.09 -1.09 -1.09 -1.09 -1.0901966 -1.92 -1.92 -1.92 -1.9078005 -1.65 -1.65 -1.79 -1.79 -1.23 -1.23 -1.23 -1.23 -0.38 -0.38 -0.38 -0.38 -0.55 -0.55 -0.55 0.20923094 0.21 0.21 0.08 0.08 0.08 0.08 -0.28 -0.28 -0.28 0.19 0.19 0.19001473 0.45 0.45 0.3 0.3 -0.12 -0.12 0.23 
-0.24108167 -0.23 -0.23 -0.23 -0.23 -0.23 -0.66 -0.66 -0.66 -0.89015397 -1.09 -1.09 -1.09 -1.0900009 -1.92 -1.92 -1.92 -1.65 -1.65 -1.65 -1.789993 -1.7899966 -1.23 -1.23 -1.23 -1.23 -0.38006042 -0.38 -0.38 -0.5499609 -0.55 -0.55 -0.55 -0.55 0.20736092 -0.35 -0.35 -0.3425581 0.08 0.08 -0.27999968 -0.28 0.17633465 0.19 0.19 0.44999991 0.45 0.45 0.3 0.3 0.27 0.27 0.01 
-0.23 -0.23 -0.23 -0.23 -0.23 -0.23 -0.66 -0.66 -0.66 -0.66 -0.93000461 -0.93 -0.93 -0.93 -1.9199972 -1.5097537 -1.28 -1.28 -1.6493179 -1.65 -1.65 -1.2300008 -1.23 -1.23 -1.23 -1.23 -1.229382 -0.38 -0.38000581 -0.55 -0.55 -0.55 -0.55 -0.55 -0.35 -0.35 -0.35 -0.35 -0.35 -0.34999797 -0.14 -0.14 -0.13999999 -0.12 -0.12 -0.12 -0.17 -0.17 -0.22 -0.22 0.27 0.26999943 0.01 
-0.23 -0.23 -0.23 -0.23 -0.23 -0.23 -0.66 -0.66 -0.66 -0.93 -0.93 -0.93 -0.93 -0.93 -1.0222592 -1.28 -1.28 -1.28 -1.28 -1.28 -1.2976663 -1.23 -1.23 -1.23 -1.23 -1.2347102 -1.379765 -0.51616697 -0.54916165 -0.55 -0.55 -0.55 -0.55 -0.54999956 -0.35 -0.35 -0.35 -0.35 -0.35 -0.25230849 -0.14 -0.14 -0.14 -0.12 -0.12 -0.12 -0.17 -0.17 -0.22 -0.22 0.14999999 0.01772306 0.01 
-0.23 -0.23 -0.23 -0.23 -0.23 -0.23000013 -0.6599999 -0.66 -0.6712065 -0.93 -0.93 -0.93 -0.93 -0.93 -0.94678816 -1.28 -1.28 -1.28 -1.28 -1.28 -1.28 -1.3567533 -1.3799998 -1.38 -1.38 -1.38 -1.38 -1.38 -1.0638588 -1.059994 -1.06 -1.06 -1.06 -1.0599995 -0.35 -0.35 -0.35 -0.35 -0.35 -0.14000002 -0.14 -0.14 -0.14 -0.13999999 -0.11993587 -0.08 -0.16999999 -0.130692 -0.21992114 0.15 0.15 0.13815161 -0.42 
-0.23 -0.23 -0.23 -0.23 -0.23 -0.23002747 -0.65997681 -0.66001634 -0.92999966 -0.93 -0.93 -0.93 -0.93 -0.93 -0.93665976 -1.28 -1.28 -1.28 -1.28 -1.28 -1.28 -1.38 -1.38 -1.38 -1.38 -1.38 -1.38 -1.38 -1.0600883 -1.06 -1.06 -1.06 -1.06 -1.06 -0.86546007 -0.35 -0.35 -0.35 -0.35 -0.14 -0.14 -0.14 -0.14 -0.13998463 -0.08 -0.08 -0.080313376 -0.13 -0.13 0.15 0.15 -0.42 -0.42 
-0.23 -0.23 -0.23 -0.23 -0.23 -0.23057346 -0.65949717 -0.89953226 -0.93 -0.93 -0.93 -0.93 -0.93 -0.93 -0.93612735 -1.28 -1.28 -1.28 -1.28 -1.28 -1.2942382 -1.38 -1.38 -1.38 -1.38 -1.38 -1.38 -1.38 -1.0600013 -1.06 -1.06 -1.06 -1.06 -1.06 -1.06 -0.55824577 -0.88191915 -1.0589088 -1.0858337 -0.17471048 -0.14000001 -0.14 -0.14 -0.080004791 -0.08 -0.080716303 -0.19999967 -0.13 -0.13 0.21005234 0.21 0.21 -0.41999972 
-0.23 -0.23 -0.23 -0.23 -0.23000044 -0.23358615 -0.68033085 -0.92992576 -0.93 -0.93 -0.93 -0.93 -0.93 -0.93 -0.93817304 -1.28 -1.28 -1.28 -1.28 -1.28 -1.3799996 -1.38 -1.38 -1.38 -1.38 -1.38 -1.38 -1.38 -1.0600001 -1.06 -1.06 -1.06 -1.06 -1.06 -1.06 -1.1 -1.1 -1.1 -1.1 -0.68 -0.68 -0.68 -0.68 -0.19999965 -0.2 -0.2 -0.2 -0.19999289 0.45 0.45 0.21 0.21 0.6877251 
-0.23 -0.23 -0.23 -0.23000003 -0.23001201 -0.24179647 -0.91073656 -0.92999647 -0.93 -0.93 -0.93 -0.93 -0.93 -0.93 -0.94188116 -1.2799999 -1.28 -1.28 -1.28 -1.2806019 -1.38 -1.38 -1.38 -1.38 -1.38 -1.38 -1.38 -1.38 -1.0600001 -1.06 -1.06 -1.06 -1.06 -1.06 -1.1 -1.1 -1.1 -1.1 -1.1 -0.68 -0.68 -0.68 -0.68 -0.55045006 -0.2 -0.2 -0.2 0.44999273 0.45 0.45 0.9 0.9 0.9 
-0.23 -0.23 -0.23000002 -0.23000098 -0.23011836 -0.28639661 -0.92890771 -0.92999912 -0.93 -0.93 -0.93 -0.93 -0.93 -0.93000002 -0.94690424 -1.2799918 -1.28 -1.28 -1.2800001 -1.3779738 -1.38 -1.38 -1.38 -1.38 -1.38 -1.38 -1.38 -1.38 -1.0600003 -1.06 -1.06 -1.06 -1.06 -0.34259943 -1.0999997 -1.1 -1.1 -1.1 -1.1 -0.68 -0.68 -0.68 -0.68 -0.68 -0.2 -0.2 -0.2 0.44999999 0.45 0.45 0.9 0.9 0.9 
-0.23000001 -0.23000003 -0.23000041 -0.23001158 -0.23077912 -0.625208 -0.92979828 -0.92999946 -0.93 -0.93 -0.93 -0.93 -0.93 -0.93000066 -0.95287626 -1.2798722 -1.28 -1.28 -1.2805177 -1.3799915 -1.38 -1.38 -1.38 -1.38 -1.38 -1.38 -1.38 -1.3799998 -1.060002 -1.06 -1.0599993 -0.16615393 -0.08 -0.08 -0.08 -1.1 -1.1 -1.1 -1.1 -0.68 -0.68 -0.68 -0.68 -0.68 -0.20000851 -0.2 -0.19999968 0.44999995 0.45 0.45000024 0.9 0.9 0.9 
