interpolatedSpi/05-05|23_1.tif
NCOLS 53
NROWS 52
XLLCORNER -116.03883
YLLCORNER 28.596182
DX 0.49850594
DY 0.49788537
NODATA_VALUE -9999
-0.13 -0.13 0.63783761 0.8 0.17 0.99 -0.1 0.21 -0.7735933 -0.63 -0.81 -0.79 -1.0499844 -0.86 -0.49 -0.49 -0.49 -0.6 0.4 0.4 0.4 0.40000588 1.01 0.02 0.02 0.02 -1.2300009 -1.23 -1.23 0.33 0.33 0.33 0.33 -0.51999983 -0.52 -0.52 -0.52 -0.52 -0.52 -0.51999998 0.36051452 0.36980872 -0.38 -0.38 -0.38 -0.38 -0.38006533 -0.42 -0.42 -0.42 -1.9099969 -1.91 -1.91 
-0.13000222 -0.18 -0.2399995 -0.15018541 -0.060473867 0.1 -0.03 -0.55930146 0.05 -0.53 -1.01 -1.05 -1.05 0.48549847 -0.85998042 -0.49 -0.6 -0.6 0.39869613 0.4 0.4 0.4 0.016315404 0.02 0.02 0.02 0.20999999 0.21 0.33 0.33 0.33 0.33 0.33 -0.51999988 -0.52 -0.52 -0.52 -0.52 -0.52000004 -0.68214314 -1.5199327 -0.51832967 -0.38 -0.38 -0.38 -0.38 -0.38 -0.42 -0.42 -0.42 -0.54355223 -1.91 -1.91 
-0.22997083 -0.23 0.19 -0.41 -1.09 -0.21 -0.79 -0.36 -0.54 -0.63 -1.3 -1.36 -1.95 -1.46 0.49 0.17 -0.6 -0.6 -0.6 0.28003488 0.28 0.28 -0.05 0.02 0.02 0.02 0.21 0.21 0.21 0.33 0.33 0.32999996 -0.045492053 -0.52114044 -0.52558472 -1.1145019 -1.12 -1.12 -1.1703095 -1.52 -1.52 -1.5185422 -0.38 -0.38 -0.38 -0.38 -0.38 -0.42 -0.42 -0.42 -0.42 -1.91 -1.91 
1.12 -0.22999979 0.80974877 -0.37 -0.79 -0.61 -0.54 -1.26 -0.22 -0.99851348 -0.95 -0.22 -0.98 -1.46 -0.32 0.17 0.021147643 0.019565592 0.57 0.28 0.28 -0.66 -0.05 -0.05 0.02 0.020000949 0.21 0.21 0.21 -1.04 -0.71628014 -0.45 -0.45 -0.45000052 -1.12 -1.12 -1.12 -1.12 -1.52 -1.52 -1.52 -1.52 -0.38 -0.38 -0.38 -0.38 -0.38 -0.4199995 -0.42 -0.42 -0.42 -1.9099944 -1.91 
1.12 -0.029998459 0.81 -0.85941325 -0.79 -0.53 -1.3900023 -1.29 -2.28 -1.2600003 -0.94329405 -0.78986392 0.16 -0.32 -0.32 0.0055014229 0.02 0.02 0.57 0.57 0.27999818 -0.66 0.51 0.43 -0.03 -0.030063084 0.21 0.21 -1.04 -1.04 -0.45 -0.45 -0.45 -0.36702817 -1.12 -1.12 -1.12 -1.52 -1.52 -1.52 -1.52 -1.5198581 -0.38 -0.38 -0.38 -0.38 -0.38 -0.38035605 -0.42 -0.42005919 -1.74 -1.74 -1.74 
-0.18 -0.92 -0.70999995 -0.9 -0.58 -0.39 -0.16 -0.30467236 -1.26 -1.93 -1.92 -0.54 -0.53999954 -0.88 -0.88 0.77985272 0.78 -0.76 -0.76 0.5699994 -0.13 -0.13 0.43 -0.03 -0.03 -0.3 -0.34 -0.34 -0.2000786 -1.04 -0.45 -0.45 -0.01 -0.010179718 -1.7298766 -0.94 -0.94 -1.3405638 -1.52 -1.52 -0.051833406 -0.050000003 -0.050002338 -2.3054006 -2.3397834 -2.3399995 -2.3399999 -2.3399993 -1.404054 -1.74 -1.74 -1.74 -1.74 
-0.65996646 -1.32 -0.35153259 -1.55 -0.93 -0.54 -0.53000001 -1.68 -2 -2 -1.92 -0.22 -0.34999998 -0.88 0.16999685 0.17 0.78 0.22 -0.11 -0.11 0.15747158 0.48 0.48 -0.41999999 -0.3 -0.3 -0.34 -0.34 -0.2001014 -0.20186688 0.023926875 -0.01 -0.01 -1.73 -1.73 -1.3430336 -0.94 -0.94 -0.98999827 -0.050001309 -0.05 -0.05 -0.05001408 -2.3399929 -2.34 -2.34 -2.34 -2.3399994 -1.38 -1.7399287 -1.74 -1.74 -1.74 
-0.66 -1.22 -0.02 -2.1 -2.1199989 -2.06 -2.29 -1.8 -1.4 -1.16 -1.16 -0.27 -0.35 -0.35 0.16643232 0.0060637453 -0.01 0.29 -0.37999972 -0.11 -0.36282559 -0.3 0.29 0.35 0.34998259 -1 -0.23 -0.23000004 -1.9339028 -1.94 0.03 -0.91838188 -1.02 -1.73 -1.7088943 -1.68 -1.68 -0.99 -0.99 -0.05 -0.05 -0.05000002 -1.0587077 -1.0600001 -2.34 -2.34 -2.34 -1.3800365 -1.38 -1.38 -1.74 -1.74 -1.74 
-1.1259364 -1.22 -1.04 -2.37 -1.46 -2.38 -2.87 -1.44 -2.37 -1.373203 -1.33 0.21999999 0.22 0.14 0.14000536 0.12960981 0.13 0.13 0.18772347 0.4099997 -1.04 -1.04 0.09 0.21118329 -0.86395564 -1 -0.65 -0.23 -0.43877969 -0.44 -0.89 -1.09 -0.76766239 -1.66 -0.99 -0.89 -1.19 -0.57 -0.91983838 -0.054106672 -0.97 -0.99 -1.05993 -1.06 -1.0672045 -2.34 -0.71000009 -1.38 -1.38 -1.38 -1.38 -1.6989125 -0.9 
-0.6 -0.6 -0.71 -0.47 -3.05 -3.01 -1.28 -1.65 -1.33 -1.119963 -1.09 -0.19 0.14 0.14 0.71 0.70204504 0.13 0.12992033 -0.22 0.41 0.41 0.22319133 0.09 -0.21999413 -0.22 -0.22 -0.65 -0.38 -0.38 -0.44 -0.44 -1.0887862 -0.45 -1.66 -1.78 -0.89 -1.19 -1.26 -0.92 -0.8117827 -0.99 -0.85775782 -0.63 -1.06 -1.06 -0.71 -0.71 -0.71 -1.38 -1.38 -1.41 -1.41 -1.4099998 
-0.6 -0.6 -1.44 -1.57 -1.69 0.27 -1.1 -0.56096594 -1.31 -1.43 -0.29 0.02 -0.18971994 0.71 0.71 0.70989271 -0.22 -0.22 -0.22 -0.12 -0.12 0.24 0.24 -0.22 -0.22 -0.22 -0.38 -0.38 -0.38 -0.13 -0.13 -0.13000053 -1.03 -1.03 -1.32 -1.33 -1.33 -0.9800091 -0.16 -0.81 -0.81 -0.55000026 -0.63 -1.06 -0.12999986 0.29 0.036769925 0.039999998 -1.39 -1.39 -1.41 -1.41 -1.41 
-0.6 -0.9627957 -1.4954756 -1.8499882 -1.25 -0.78 -1.1 -0.56 -1.3099937 -1.4286705 0.019998113 0.02 0.2 0.71 0.71 -0.21999997 -0.22 -0.22 -0.22 -0.12 -0.049303324 0.24 0.24 -0.21998093 -0.22 0.12844274 0.84 0.84 0.83999985 -0.13 -0.13 0.29 0.29 -1.0300008 -1.32 -1.1200003 -1.4454546 -0.98 -0.98 -0.80999999 -0.55 -0.55 -0.54999698 -0.13 -0.13 0.29 0.04 0.04 -1.39 -1.39 -1.41 -1.41 -1.41 
0.51 0.28158218 0.42992555 0.41348434 -1.2499979 -0.7800111 -1.1 -0.56664711 -1.2583173 -1.3131335 0.2 0.2 0.2 0.2 0.70992775 -0.22 -0.22 -0.22 -0.22 -0.11972868 0.82 0.82 0.82 0.82 -0.20151374 0.84 0.84 0.84 0.84 0.83934014 0.29 0.29 0.29 0.29 -1.12 -1.12 -1.12 -0.98799864 -0.97631984 -0.49 -0.49 -0.54999677 -0.41999007 -0.13002793 -0.13 0.29 0.04 0.04 -1.39 -1.39 -1.4099274 -1.41 -1.8569683 
0.51 0.43 0.43 0.43 0.43 0.42999949 -1.0991808 -0.8445894 -1.1204328 0.19837087 0.2 0.2 0.2 0.2 0.20000002 -0.21999999 -0.22 -0.22 -0.21999663 0.82 0.82 0.82 0.82 0.82 0.81178567 0.60220524 0.50000007 0.5 0.5 0.5 0.29000001 0.29 0.29000073 0.9 0.9 -1.12 0.17301499 0.21 -0.4899996 -0.49 -0.49 -0.49 -0.42 -0.42 -0.42 -0.41505905 -1.3309693 -1.34 -1.34 -1.34 -1.34 -0.96000009 -0.96 
-0.57 0.43 0.43 0.43 0.43 0.43 0.4299999 -0.85001096 0.21297929 0.22 0.22 0.22 0.22 0.22 0.22 -0.073974759 -0.21777827 -0.21999988 0.81986924 0.82 0.82 0.82 0.82 0.81999981 0.44 0.44 0.44000008 0.5 0.5 0.50042051 0.71 0.71 0.9 0.9 0.9 0.32053035 0.21 0.21 0.21 -0.49 -0.49 -0.49 -0.42 -0.42 -0.42 -0.42 -1.34 -1.34 -1.34 -1.34 -1.34 -0.96 -0.96 
-0.57 -0.19771136 0.43 0.43 0.43 0.43 -0.53980962 -0.54 -0.53999998 0.22 0.22 0.22 0.22 0.22 0.1538179 -0.08 -0.08 -0.08 0.66048601 0.66000016 0.66 0.66 0.66 0.66 0.44 0.44 0.44 0.44 0.5 0.71 0.71 0.71 0.89999998 0.9 0.9 -0.11 0.20957631 0.21 0.21 -0.4900761 -0.64257706 -0.99847572 -0.42 -0.42 -1.8655252 -1.87 -1.87 -1.3412009 -2.067449 -2.0699999 -2.0699999 -1.6898896 -0.96000148 
-0.57 -0.11262279 0.1617956 0.43 0.43 -0.53942688 -0.54 -0.54 -0.54 -0.53452322 0.22 0.22 0.22 0.21999996 -0.08 -0.08 -0.08 -0.08 0.65933897 0.66 0.66 0.66 0.66 0.66 0.44000001 0.44 0.44 0.44 0.44098209 0.71 0.71 0.71 0.29000001 0.89988254 -0.11 -0.11 -0.11 -0.11767098 -0.92339402 -1 -1 -1 -1.53 -1.53 -1.87 -1.87 -1.87 -2.07 -2.07 -2.07 -2.07 -1.69 -1.69 
-0.10019865 -0.1 -0.1 -0.099999999 -1.0163444e-10 -0.53998607 -0.54 -0.54 -0.54 -0.54 0.083724975 0.21997654 0.21999995 -0.08 -0.08 -0.08 -0.08 -0.08 -0.0036807104 0.66 0.66 0.66 0.66 0.66 0.67991386 0.87999762 0.88 0.88 0.88 0.70999998 0.29000001 0.29 0.29 0.29 -0.11 -0.11001843 -0.81 -0.81 -0.99762757 -1 -1 -1 -1.53 -1.53 -1.8173563 -1.87 -1.87 -2.07 -2.07 -2.07 -2.0659254 -1.69 -1.69 
-0.1 -0.1 -0.1 -0.052908508 -3.4889437e-29 -9.0982384e-15 -0.54 -0.54 -0.54 -0.54 -1.58 -1.58 -1.58 -0.08 -0.08 -0.08 -0.08 -0.08005784 0.21 0.21 0.65999982 0.66 0.66267804 0.77 0.77099028 0.88 0.88 0.88 0.88 0.29006008 0.29 0.29 0.29 0.29 -0.80999754 -0.81 -0.81 -0.81 -0.81067975 -1 -1 -1 -1.53 -1.53 -1.53 -1.87 -1.87 -2.07 -2.07 -2.07 -1.69 -1.69 -1.69 
-0.1 -0.1 -0.1 -2.0091186e-16 -3.1460424e-62 -6.8940481e-57 -8.2511842e-07 -0.54 -0.54 -1.5789264 -1.58 -1.58 -1.58 -1.5790654 -0.36329784 -0.43 -0.43 -0.43 0.21 0.21 0.21 0.77 0.77 0.77 0.77003081 0.88 0.88 0.88 0.88 -0.094820825 -0.19995181 -0.2 -0.2 -0.2 -0.89224243 -1.0099995 -1.01 -1.01 -1.01 0.30982075 0.31 0.31 -1.53 -1.53 0.9599896 0.9599994 -0.73 -0.73 -1.43 -1.43 -1.43 -1.69 -1.3003487 
-0.099999628 -0.1 -0.099999996 -9.7194001e-26 7.5890546e-59 8.9283328e-56 2.6654775e-09 0.24999977 -0.53684127 -1.5794106 -1.58 -1.58 -1.58 -1.5777434 -0.43 -0.43 -0.43 -0.42999982 0.21 0.21 0.21 0.77 0.77 0.77 0.88 0.88 0.96 0.96 0.96 0.95367184 -0.2 -0.2 -0.2 -0.2 -0.60477763 -1.01 -1.01 -1.01 -1.01 0.31 0.31 0.31 0.33045149 0.96 0.96 0.96 -0.73 -0.73 -1.43 -1.43 -1.43 -1.3 -1.3 
0.02 -0.025477073 0.21 0.20993908 7.6540979e-15 0.24855351 0.25 0.25 0.096960976 -0.92999998 -0.93 -0.93 -0.93 -0.58001139 -0.58 -0.43000012 -0.43 -0.41313694 0.21 0.21 0.21 0.48 0.48 0.48 0.88 0.88 0.96 0.96 0.96 0.95999967 0.50999549 0.50999801 -0.18215522 -0.19923883 -1.1688897 -1.17 -1.17 -1.17 -1.17 0.31 0.31 0.31 0.92420865 0.96 0.96 0.95999977 -0.73 -0.73 -0.7300252 -1.43 -1.4300027 -1.49 -1.3 
0.33993923 0.33999998 0.21 0.21 0.21 0.25 0.25 0.25 -0.17 -0.17 -0.93 -0.93 -0.93 -0.58 -0.58 -0.58 -0.58 -0.57991176 0.21 0.21 0.21000001 0.48 0.48 0.48 0.88 0.88 0.96 0.96 0.96 0.51507378 0.51 0.51 0.51 0.51 -1.169171 -1.17 -1.17 -1.17 -1.17 -0.15999988 -0.16 -0.16 -0.16 0.95998995 -0.35 -0.35 -0.35 -1.18 -1.18 -1.18 -1.49 -1.49 -1.49 
0.34 0.34 0.21 0.21 0.21 0.24978975 0.25 -0.17 -0.17 -0.17 -0.92990644 -0.93 -0.59497886 -0.57999999 -0.58 -0.58 -0.58 -0.72 -0.72 -0.72 0.54 0.53999996 0.48000029 0.48 0.48068145 1.44 1.44 1.4399989 0.96007757 1.0498924 1.0499971 1.0499057 0.51092292 0.51046601 -0.87043475 -1.1699998 -1.1684249 -0.7 -0.7 -0.16 -0.16 -0.16 -0.16 -0.35 -0.35 -0.35 -0.35 -1.18 -1.18 -1.18 -1.49 -1.49 -1.49 
0.34 0.34 0.21 0.21 0.21 0.21 0.092806269 -0.17 -0.17 -0.17 -0.17019333 -0.52 -0.52 -0.52 -0.57964641 -0.58 -0.71906707 -0.72 -0.72 -0.72 0.54 0.54 0.54 0.54 1.44 1.44 1.44 1.44 1.44 1.05 1.05 1.05 1.05 1.049999 0.59 -0.7 -0.7 -0.7 -0.7 -0.70000055 -0.96 -0.96 -0.96 -0.88840643 -0.74 -0.74 -0.74 -1.18 -1.1799999 -1.06 -1.06 -0.99012164 -0.99 
0.34 0.34 0.25692087 0.21 0.21 0.20999998 -0.53934342 -0.17116604 -0.17 -0.17 -0.52000003 -0.52 -0.52 -0.52 -0.52 -0.52494776 -0.72 -0.72 -0.72 -0.72 0.53999025 0.54 0.54 0.54 1.44 1.44 1.44 1.44 1.44 1.9071894 1.05 1.05 1.05 0.59 0.59 0.58899828 -0.7 -0.7 -1.4203565 -1.9799999 -0.96 -0.96 -0.96 -0.89059668 -0.74 -0.74 -0.74 -1.23 -1.0621182 -1.06 -1.06 -0.99 -0.99 
0.27 0.27 0.27 0.22504365 0.20959232 -0.54 -0.54 -0.54 -0.54 -0.67 -0.67 -0.52000001 -0.52 -0.52 -0.52 -0.52001269 -0.72 -0.72 -0.72 -0.72 -0.0098231271 0.54 0.54 0.5648619 1.4877735 1.44 1.44 1.44 2.21 2.21 2.21 2.2099951 0.59 0.59 0.59 0.59 -1.98 -1.98 -1.98 -1.98 -1.58 -1.58 -1.58 -1.1000097 -1.1 -1.1 -1.0999999 -1.23 -1.23 -1.0602071 -1.06 -0.98999995 -0.99 
0.27 0.27 0.27 0.26998223 -0.06 -0.12979989 -0.54 -0.54 -0.54 -0.67 -0.67 -0.67 -0.87999998 -0.88 -0.88 -0.87999999 -0.7197985 -0.72 -0.72 -0.72 -0.70084206 1.4899974 1.49 1.49 1.49 1.49 1.35 1.35 2.21 2.21 2.21 2.21 0.5899996 0.59 0.59 0.58995439 -1.98 -1.98 -1.98 -1.9775434 -1.58 -1.58 -1.58 -1.1000223 -1.1 -1.1 -1.1 -1.23 -1.23 -1.23 -0.98 -0.98 -1.11 
0.27 0.27 0.27 -0.059999239 -0.06 -0.06 -0.53999982 -0.54 -0.54 -0.67 -0.67 -0.67 -0.88 -0.88 -0.88 -0.85943692 -0.61 -0.61 -0.61000028 -0.71937867 1.49 1.49 1.49 1.49 1.49 1.4898946 1.35 1.35 1.35 2.21 2.21 2.2093435 0.03 0.03 0.03 -0.57 -0.57 -1.42 -1.42 -1.42 -0.23 -1.5795765 -1.5799996 -1.53 -1.53 -1.5137035 -1.1000014 -1.23 -1.23 -0.98 -0.98 -0.98 -1.11 
0.27 0.27 0.27 -0.06 -0.06 -0.06 -0.06 -0.54 -0.54 -0.67 -0.67 -0.87160303 -0.88 -0.88 -0.88 -0.61 -0.61 -0.61 -0.61 -0.61 1.49 1.49 1.49 1.49 1.49 1.3500005 1.35 1.35 1.35 1.19 1.19 1.19 0.03 0.03 0.03 -0.57 -0.57 -1.42 -1.42 -0.23 -0.23 -0.23 -1.53 -1.53 -1.53 -1.53 -1.5341074 -1.58 -1.58 -1.58 -0.97999999 -0.56 -0.56 
0.27 0.27 0.26954046 -0.06 -0.06 -0.06 -0.06 -0.11712071 -0.12 -0.12094428 -0.66999999 -0.87996064 -0.88 -0.88 -0.87999907 -0.61 -0.61 -0.61 -0.61 -0.61 0.8089753 1.49 1.49 1.49 1.4899114 1.3499837 1.35 1.35 1.35 1.19 1.19 1.19 1.1898273 0.03 -0.57 -0.57 -0.57 -0.57003498 -1.4199188 -0.23 -0.23 -0.23 -1.5299211 -1.53 -1.53 -1.53 -1.5799956 -1.58 -1.58 -1.58 -0.56 -0.56 -0.56 
2.4399081e-18 4.7179503e-07 -0.059824324 -0.06 -0.06 -0.06 -0.11998723 -0.12 -0.12 -0.12 -0.40999999 -0.41 -0.41 -0.41 -0.609077 -0.61 -0.61 -0.61 -0.61 0.77999917 0.78 0.78 1.0600001 1.06 1.06 1.06 1.0850307 1.35 0.55003276 0.55 0.55 0.55 0.55 -0.58 -0.58 -0.58 -0.58 -0.58 -0.23 -0.23 -0.23 -0.23 -0.23 -1.1405879 -1.14 -1.14 -1.14 -1.58 -1.58 -1.58 -0.56016069 -0.56 -0.56 
-3.3269007e-40 -7.269821e-24 -0.00083726562 -0.09999992 -0.099999991 -0.10001947 -0.12 -0.12 -0.12 -0.12 -0.41 -0.41 -0.41 -0.41 -0.41 -0.61 -0.61 -0.61 0.77999965 0.78 0.78 0.78 1.06 1.06 1.06 1.06 1.06 1.0600608 0.54996911 0.55 0.55 0.55 0.54998759 -0.52330984 -0.5799413 -0.58 -0.58 -0.58 -0.23 -0.23 -0.23 -0.23 -0.23 -1.14 -1.14 -1.14 -1.14 -1.3457526 -1.58 -0.94714044 -0.94 -1.22 -1.22 
-5.3449601e-34 -6.2781249e-16 -0.099987333 -0.1 -0.1 -0.1 -0.10507992 -0.12 -0.12 -0.12 -0.41 -0.41 -0.41 -0.41 -0.41 -0.6098383 -0.61 0.77959246 0.78 0.78 0.78 0.78 0.95627219 1.06 1.06 1.06 1.06 1.0595823 0.47 0.47 0.47 0.47 0.47 -0.48 -0.48 -0.48 -0.48 -0.48 -0.42 -0.42 -0.42 -0.42 -0.42 -1.1379246 -1.1399996 -1.14 -1.1398559 -1.1226344 -0.94 -0.94 -0.94 -1.2199984 -1.22 
-7.1837586e-07 -0.38239657 -0.10000004 -0.1 -0.1 -0.1 -0.1 -0.11999148 -0.12 -0.12 -0.41 -0.41 -0.41 -0.41 0.43089823 0.45 0.45 0.77999151 0.78 0.78 0.78 0.78 0.78000003 1.06 1.06 1.06 1.06 0.83999966 0.83999983 0.76125501 0.47 0.47 0.47 -0.48 -0.48 -0.48 -0.48 -0.47975618 -0.42 -0.42 -0.42 -0.42 -0.42 -0.29 -0.29 -0.29 -0.29 -0.29005242 -0.94 -0.94 -0.94 -0.94000024 -1.3382327 
-0.39 -0.39 -0.29492463 -0.1 -0.1 -0.1 -0.1 -0.1 -0.11999024 0.38999999 0.39 0.39 0.38810144 0.44999876 0.45 0.45 0.45 0.45 0.78000048 0.7841029 0.82 0.82 0.82 0.88218287 1.0808095 1.1921569 1.2858381 0.84 0.84 0.84 0.84 0.84 0.81837725 -0.11719417 -0.12 -0.12 -0.12 -0.12 -0.41999975 -0.42 -0.42 -0.42 -0.42 -0.49999938 -0.29000005 -0.29 -0.29 -0.74 -0.9399968 -0.94 -0.94 -1.34 -1.34 
-0.39 -0.39 -0.11 -0.11 -0.11 -0.10000333 -0.1 -0.1 0.39 0.39 0.39 0.39 0.39 0.45 0.45 0.45 0.45 0.45 0.82 0.82 0.82 0.82 0.82 1.32 1.32 1.32 1.32 0.84 0.84 0.84 0.84 0.84 0.13 0.13 -0.12 -0.12 -0.12 0.2199421 0.22 -0.42 -0.42 -0.42 -0.42000003 -0.5 -0.5 -0.5 -0.74 -0.74 -0.74 -1.28 -1.28 -1.34 -1.34 
-0.39 -0.39 -0.11 -0.11 -0.11 -0.11 -0.10999199 1.35 0.39090387 0.39 0.39 0.39 0.39 0.44925155 0.45 0.45 0.45 0.45 0.81999999 0.82 0.82 0.82 0.82 1.32 1.32 1.32 1.32 1.3199981 0.84 0.84 0.84 0.13003722 0.13 0.13 0.13 -0.12 0.22 0.22 0.22 0.2031604 -0.60546186 -0.64 -0.64 -0.5 -0.5 -0.5 -0.74 -0.74 -0.74 -1.28 -1.28 -1.28 -0.29842619 
0.07 0.069996389 -0.11 -0.11 -0.11 -0.11 1.35 1.35 1.35 0.39 0.39 0.39 0.39 0.39001865 0.45 0.45 0.45 0.45 0.81999346 0.82 0.82 0.82 1.2319142 1.32 1.32 1.32 1.32 1.6099998 1.61 1.61 0.84823764 0.13 0.13 0.13 0.12999991 0.040000001 0.22 0.22 0.22 0.21999999 -0.64 -0.64 -0.64 -0.84 -0.84 -0.84 -0.46002727 -0.74 -0.74 -1.28 -1.28 -1.28 -0.19000237 
0.07 0.07 -0.11 -0.11 -0.11 1.35 1.35 1.35 1.35 0.49525268 0.39 0.39 0.39 0.39000302 1.1399206 1.14 1.14 1.14 1.0698495 0.78 0.78 0.78 0.78 1.32 1.32 1.32 1.3200191 1.61 1.61 1.61 1.61 0.13011152 0.079377603 0.04 0.04 0.04 0.21693833 -0.59998293 -0.6 -0.6 -0.64001567 -0.66 -0.66 -0.84 -0.84 -0.83999839 -0.46 -0.46 -1.04 -1.04 -1.04 -1.09 -1.04 
0.07 0.070000003 0.69 0.69 0.69 1.35 1.35 1.35 1.35 1.08 1.08 1.08 1.08 1.0842283 1.14 1.14 1.14 1.14 1.08 0.78 0.78 0.78 0.78 0.52 0.52000032 1.3199988 1.61 1.61 1.61 1.61 1.3264859 1.05 0.16017615 0.04 0.04 0.04 -0.6 -0.6 -0.6 -0.6 -0.66 -0.66 -0.66 -0.00020812004 -6.8270924e-18 -0.45793233 -0.46 -0.46 -1.0399978 -1.04 -1.09 -1.09 -1.04 
0.07 0.69 0.69 0.69 0.69 0.69 1.343091 0.46 0.46 1.08 1.08 1.08 1.08 1.0800142 1.14 1.14 1.14 1.137289 1.08 1.08 0.78 0.78 0.52 0.52 0.52 0.52 1.61 1.61 1.61 1.61 1.05 1.05 1.05 0.041022036 0.04 0.04 -0.6 -0.6 -0.6 -0.6 -0.66 -0.66 -0.66 -2.8201195e-32 1.439252e-132 2.3230664e-05 0.41 0.41 -0.61 -0.61 -1.09 -1.09 -1.04 
0.68417743 0.69 0.69 0.69 0.69 0.69 0.46 0.46 0.46 0.79184991 1.08 1.08 1.08 1.0800003 1.14 1.14 1.14 1.08 1.08 1.08 0.78001499 0.77999841 0.52 0.52 0.52 0.52 1.6099225 1.61 1.61 1.0501288 1.05 1.05 1.05 1.05 0.042576005 0.14 0.14 0.12719301 -0.6 -0.6 -0.65999995 -0.66 -0.019189637 -8.3590382e-25 -1.6601231e-30 0.40999985 0.41 0.41 -0.61 -0.61 -1.04 -1.04 -1.04 
0.69 0.69 0.69 0.69 0.69 0.69 0.46 0.46 0.46 0.46 1.08 1.08 1.08 1.08 1.1399996 1.0694889 1.03 1.03 1.0799078 1.08 1.0799999 0.52000038 0.52 0.52 0.52 0.52 0.52079249 1.61 1.6099809 1.05 1.05 1.05 1.05 1.05 0.14 0.14 0.14 0.14 0.14 0.13999653 -0.21 -0.21 -0.21000002 -0.27 -0.27 -0.27 -0.85 -0.85 -0.67 -0.67 -1.04 -1.04 -1.04 
0.69 0.69 0.69 0.69 0.69 0.69 0.46 0.46 0.46 1.08 1.08 1.08 1.08 1.08 1.0668201 1.03 1.03 1.03 1.03 1.03 1.0323873 0.52 0.52 0.52 0.52 0.5137198 0.3203134 1.4343438 1.0527616 1.05 1.05 1.05 1.05 1.049998 0.14 0.14 0.14 0.14 0.14 -0.022819187 -0.21 -0.21 -0.21 -0.27 -0.27 -0.27 -0.85 -0.85 -0.67 -0.67 -0.91 -1.0328286 -1.04 
0.69 0.69 0.69 0.69 0.69 0.68999993 0.46000005 0.46 0.48573346 1.08 1.08 1.08 1.08 1.08 1.0776017 1.03 1.03 1.03 1.03 1.03 1.03 0.35280743 0.32000028 0.32 0.32 0.32 0.32 0.32 1.03015 1.0400001 1.04 1.04 1.04 1.0399994 0.14 0.14 0.14 0.14 0.14 -0.20999996 -0.21 -0.21 -0.21 -0.21000003 -0.27117035 -1 -0.85000002 -0.830346 -0.67014019 -0.91 -0.91 -0.90126961 -0.49 
0.69 0.69 0.69 0.69 0.69 0.68998531 0.46001241 0.46003751 1.0799992 1.08 1.08 1.08 1.08 1.08 1.0790486 1.03 1.03 1.03 1.03 1.03 1.03 0.32 0.32 0.32 0.32 0.32 0.32 0.32 1.0398012 1.04 1.04 1.04 1.04 1.04 0.79340009 0.14 0.14 0.14 0.14 -0.21 -0.21 -0.21 -0.21 -0.21020238 -1 -1 -0.99893452 -0.83 -0.83 -0.91 -0.91 -0.49 -0.49 
0.69 0.69 0.69 0.69 0.69 0.68969326 0.46029047 1.0100371 1.08 1.08 1.08 1.08 1.08 1.08 1.0791247 1.03 1.03 1.03 1.03 1.03 0.9289089 0.32 0.32 0.32 0.32 0.32 0.32 0.32 1.0399971 1.04 1.04 1.04 1.04 1.04 1.04 0.27328941 0.48042826 0.59370164 0.61093521 -0.17014723 -0.20999999 -0.21 -0.21 -0.99993692 -1 -0.9962991 -0.38000215 -0.83 -0.83 -0.40996075 -0.41 -0.41 -0.48999996 
0.69 0.69 0.69 0.69 0.68999977 0.68808216 0.51521477 1.0798295 1.08 1.08 1.08 1.08 1.08 1.08 1.0788324 1.03 1.03 1.03 1.03 1.03 0.32000307 0.32 0.32 0.32 0.32 0.32 0.32 0.32 1.0399998 1.04 1.04 1.04 1.04 1.04 1.0399999 0.62 0.62 0.62 0.62 0.41 0.41 0.41 0.41 -0.3800018 -0.38 -0.38 -0.38 -0.37999849 -0.23 -0.23 -0.41 -0.41 -0.31810598 
0.69 0.69 0.69 0.68999998 0.68999358 0.68403739 1.0378617 1.0799919 1.08 1.08 1.08 1.08 1.08 1.08 1.0783027 1.03 1.03 1.03 1.03 1.0257268 0.32 0.32 0.32 0.32 0.32 0.32 0.32 0.32 1.0399998 1.04 1.04 1.04 1.04 1.04 0.62000039 0.62 0.62 0.62 0.62 0.41 0.41 0.41 0.41 0.1967824 -0.38 -0.38 -0.38 -0.23000168 -0.23 -0.23 -0.28 -0.28 -0.28 
0.69 0.69 0.68999999 0.68999948 0.68993856 0.69568072 1.0777403 1.079998 1.08 1.08 1.08 1.08 1.08 1.08 1.0775851 1.0300012 1.03 1.03 1.0299992 0.33438573 0.32 0.32 0.32 0.32 0.32 0.32 0.32 0.32 1.0399993 1.04 1.04 1.04 1.04 0.79110569 0.62000002 0.62 0.62 0.62 0.62 0.41 0.41 0.41 0.41 0.41 -0.38 -0.38 -0.38 -0.23 -0.23 -0.23 -0.28 -0.28 -0.28 
0.69 0.68999998 0.68999978 0.68999396 0.68979145 0.88914763 1.0796107 1.0799988 1.08 1.08 1.08 1.08 1.08 1.0799999 1.076732 1.0300183 1.03 1.03 1.026324 0.32006037 0.32 0.32 0.32 0.32 0.32 0.32 0.32 0.32000042 1.0399955 1.04 1.0399998 0.72989014 0.7 0.7 0.7 0.62 0.62 0.62 0.62 0.41 0.41 0.41 0.41 0.41 -0.379986 -0.38 -0.37999993 -0.23000001 -0.23 -0.23000003 -0.28 -0.28 -0.28 
