interpolatedSpi/05-09|19_1.tif
NCOLS 53
NROWS 52
XLLCORNER -116.03883
YLLCORNER 28.596182
DX 0.49850594
DY 0.49788537
NODATA_VALUE -9999
0.51 0.51 0.31981367 -0.056 -0.204 -0.344 0.144 -0.084 -0.37671866 -0.498 -0.424 -0.136 -0.37000659 -0.45 -0.234 -0.234 -0.234 0.156 0.392 0.392 0.392 0.3919973 0.112 0.382 0.382 0.382 -0.225998 -0.226 -0.226 0.008 0.008 0.008 0.008 -0.13799997 -0.138 -0.138 -0.138 -0.138 -0.138 -0.138 -0.32201751 -0.32397647 -0.232 -0.232 -0.232 -0.232 -0.23233647 -0.438 -0.438 -0.438 0.47999809 0.48 0.48 
0.51000338 0.586 0.36800021 0.35260321 0.25199118 0.404 0.484 -0.12378757 -0.304 -0.304 -0.068 -0.37 -0.37 0.19384593 -0.44999029 -0.234 0.156 0.156 0.39169229 0.392 0.392 0.392 0.35894495 0.382 0.382 0.382 0.26000001 0.26 0.0079999999 0.008 0.008 0.008 0.008 -0.13799998 -0.138 -0.138 -0.138 -0.138 -0.13799999 -0.078332149 0.24596417 -0.1739987 -0.232 -0.232 -0.232 -0.232 -0.232 -0.438 -0.438 -0.438 -0.36187856 0.48 0.48 
0.068014863 0.068 0.55 0.288 0.158 0.354 0.496 0.668 0.086 -0.076 0.122 0.032 0.186 -0.284 0.196 -0.34 0.156 0.156 0.156 0.27203488 0.272 0.272 -0.056 0.382 0.382 0.382 0.26 0.26 0.26 0.008 0.008 0.0079999972 -0.019921204 -0.13778476 -0.13734845 -0.068641443 -0.068 -0.068 -0.028507075 0.246 0.246 0.24538876 -0.232 -0.232 -0.232 -0.232 -0.232 -0.438 -0.438 -0.438 -0.438 0.48 0.48 
0.13 0.067999904 -0.40799418 0.298 -0.058 0.428 0.44 0.246 0.194 -0.034830174 -0.102 -0.178 0.14 -0.284 0.084 -0.34 0.033123243 0.036084079 -0.012 0.272 0.272 -0.086 -0.056 -0.056 0.382 0.38199939 0.26 0.26 0.26 -0.404 -0.20976808 -0.05 -0.05 -0.050000015 -0.068 -0.068 -0.068 -0.068 0.246 0.246 0.246 0.24599998 -0.232 -0.232 -0.232 -0.232 -0.232 -0.4379974 -0.438 -0.438 -0.438 0.47996923 0.48 
0.13 0.53999826 -0.408 -0.32983369 -0.058 0.144 0.25799117 0.166 0.246 0.047999899 0.051869641 0.053987968 -0.03 0.084 0.084 -0.19379018 0.036 0.036 -0.012 -0.012 0.2719993 -0.086 0.052 0.152 0.286 0.28609494 0.26 0.26 -0.404 -0.404 -0.05 -0.05 -0.05 -0.063954511 -0.068 -0.068 -0.068 0.246 0.246 0.246 0.246 0.24597876 -0.232 -0.232 -0.232 -0.232 -0.232 -0.23383366 -0.438 -0.43800108 -0.462 -0.462 -0.462 
-0.812 0.604 -0.049999959 -0.286 0.142 0.494 -0.302 -0.2420826 -0.188 -0.116 -0.5 -0.396 -0.39599976 -0.52 -0.52 0.22604925 0.226 0.18 0.18 -0.01199972 0.058 0.058 0.152 0.286 0.286 0.692 -0.368 -0.368 -0.19401905 -0.404 -0.05 -0.05 -0.124 -0.12404263 -0.53197072 -0.404 -0.404 0.044907662 0.246 0.246 0.026274387 0.026000001 0.026001035 0.10003337 0.10596264 0.10599991 0.10599999 0.10599988 0.52727914 -0.462 -0.462 -0.462 -0.462 
0.51399399 0.558 0.82259016 0.508 0.596 -0.308 -0.037999999 -0.114 -0.574 -0.574 -0.5 -0.244 -0.11600003 -0.52 0.42999715 0.43 0.226 0.336 0.306 0.306 0.13434491 0.22 0.22 0.70799999 0.692 0.692 -0.368 -0.368 -0.1939993 -0.19398712 -0.022493993 -0.124 -0.124 -0.532 -0.532 -0.087019497 -0.404 -0.404 -0.14600894 0.025999761 0.026 0.026 0.02600665 0.10600239 0.106 0.106 0.106 0.10600037 0.73 -0.46176378 -0.462 -0.462 -0.462 
0.514 0.534 1.2 0.066 0.30798613 -0.212 -0.63 -0.24 -0.436 -0.506 -0.506 -0.21 -0.116 -0.116 0.42625393 0.34985339 0.342 0.074 -0.043999641 0.306 0.07086713 0.06 0.35 0.208 0.20800129 0.308 0.358 0.35799974 -0.18204205 -0.182 -0.022 -0.024618452 -0.306 -0.532 -0.50290838 0.178 0.178 -0.146 -0.146 0.026 0.026 0.026000009 0.5337784 0.53399998 0.106 0.106 0.106 0.72997625 0.73 0.73 -0.462 -0.462 -0.462 
0.5027466 0.53400001 1.196 0.744 0.578 0.22 0.176 0.22 -0.544 -0.14847094 -0.444 -0.38 -0.38 -0.242 -0.24199707 0.036852848 0.036 0.036 0.055987124 0.23199999 0.188 0.188 0.448 0.38862019 0.29792264 0.308 0.266 0.358 0.39975594 0.4 0.054 0.564 0.59320842 0.656 0.488 0.312 0.302 0.016 0.28587532 0.027901568 0.452 0.568 0.53397949 0.534 0.53159098 0.106 0.54599998 0.73 0.73 0.73 0.73 -0.38256425 0.318 
0.328 0.328 0.832 0.868 0.408 -0.044 -0.004 0.224 -0.014 -0.048010868 -0.192 -0.12 -0.242 -0.242 0.07 0.069533675 0.036 0.035992983 -0.034 0.232 0.232 0.22633134 0.448 0.23200409 0.232 0.232 0.266 0.618 0.618 0.4 0.4 0.56411 0.622 0.656 0.544 0.312 0.302 0.096 0.286 0.54178622 0.56799999 0.5092257 0.408 0.534 0.534 0.546 0.546 0.546 0.73 0.73 0.176 0.176 0.17600005 
0.328 0.328 0.678 0.31 -1.110223e-17 0.192 -0.192 -0.016085169 -0.084 -0.064 0.054 -0.184 -0.12008538 0.07 0.07 0.070033224 0.358 0.337426 -0.034 0.464 0.464 0.794 0.794 0.232 0.232 0.232 0.618 0.618 0.618 0.608 0.608 0.60800002 0.66 0.66 0.254 0.43 0.438 -0.10399908 0.636 0.546 0.546 0.36000016 0.408 0.534 0.54199998 0.52 0.41058572 0.41 0.868 0.868 0.176 0.176 0.176 
0.328 0.47903458 0.52096127 0.23201518 0.586 0.328 -0.192 -0.016 -0.083999432 -0.064221576 -0.18399984 -0.184 0.4 0.070000001 0.07 0.35799999 0.358 0.35797769 -0.034 0.464 0.52880529 0.794 0.794 0.23202273 0.232 0.37597917 0.67 0.67 0.66999999 0.608 0.608 0.492 0.492 0.65999889 0.254 0.37199997 0.36840637 -0.104 -0.104 0.54599999 0.36 0.36 0.36000132 0.542 0.542 0.52 0.41 0.41 0.868 0.868 0.176 0.176 0.176 
-0.198 0.11847965 0.076009129 0.077137713 0.5859985 0.32800609 -0.19199999 -0.01816646 -0.079314105 -0.083477747 0.4 0.4 0.4 0.4 0.070046747 0.358 0.358 0.35293866 -0.034 0.46412416 0.904 0.904 0.904 0.904 0.24373607 0.67 0.67 0.67 0.67 0.66997269 0.492 0.492 0.492 0.492 0.372 0.372 0.372 -0.080922816 -0.09968895 0.47 0.47 0.36000592 0.23801041 0.54197072 0.542 0.52 0.41 0.41 0.86799999 0.868 0.1785105 0.176 -0.24375654 
-0.198 0.076 0.076 0.076 0.076 0.076000108 -0.19066885 -0.10873216 -0.066812572 0.39947928 0.4 0.4 0.4 0.4 0.4000001 0.358 0.35799994 0.33111148 -0.0339915 0.904 0.904 0.904 0.904 0.904 0.9036532 0.709597 0.70199999 0.702 0.702 0.702 0.49200001 0.492 0.49200042 0.84 0.84 0.372 0.83865203 0.852 0.47000022 0.47 0.47 0.47 0.238 0.238 0.238 0.23996246 0.0026904507 -4.4408921e-17 -4.4408921e-17 -4.4408921e-17 1.567396e-08 0.41999995 0.42 
0.058 0.076 0.076 0.076 0.076 0.076 0.075999985 -0.08871047 0.54655965 0.55 0.55 0.55 0.55 0.55 0.55 0.83606064 0.36564598 0.30432225 0.90388219 0.904 0.904 0.904 0.904 0.90400029 0.888 0.888 0.88799974 0.702 0.702 0.70232039 0.862 0.862 0.84 0.84 0.84 0.8500777 0.852 0.852 0.852 0.47 0.47 0.47 0.238 0.238 0.238 0.238 8.9918968e-09 -4.4408921e-17 -4.4408921e-17 -4.4408921e-17 2.0025977e-15 0.42 0.42 
0.058 0.064701195 0.076 0.076 0.076 0.076 0.066001963 0.066 0.066000012 0.55 0.55 0.55 0.55 0.55 0.61441724 0.842 0.842 0.842 1.1552322 1.1559997 1.156 1.156 1.156 1.156 0.888 0.888 0.888 0.888 0.702 0.862 0.862 0.862 0.84 0.84 0.84 0.794 0.85192321 0.852 0.852 0.47004509 0.55975121 0.76910337 0.238 0.238 0.54504949 0.546 0.546 0.00069219685 0.41853229 0.41999996 0.41999992 0.52998332 0.42000022 
0.058 -0.062669737 0.0041414628 0.076 0.076 0.066005908 0.066 0.066 0.066 0.069487843 0.55 0.55 0.55 0.55000004 0.842 0.842 0.842 0.842 1.1557195 1.156 1.156 1.156 1.156 1.156 0.88800001 0.888 0.888 0.888 0.88790543 0.862 0.862 0.862 1.128 0.84000227 0.794 0.794 0.794 0.79646665 0.77519896 0.77 0.77 0.77 0.662 0.662 0.546 0.546 0.546 0.42 0.42 0.42 0.42 0.53 0.53 
-0.065951756 -0.066 -0.066 -0.065999999 0.042 0.065999381 0.066 0.066 0.066 0.066 0.53122418 0.54999677 0.54999999 0.842 0.842 0.842 0.842 0.842 0.87368631 1.156 1.156 1.156 1.156 1.156 1.0922517 1.1939983 1.194 1.194 1.194 0.86200001 1.128 1.128 1.128 1.128 0.794 0.7940059 1.018 1.018 0.77309665 0.77 0.77 0.77 0.662 0.662 0.56396079 0.546 0.546 0.42 0.42 0.42 0.42117949 0.53 0.53 
-0.066 -0.066 -0.066 -0.015141189 0.042 0.042 0.066 0.066 0.066 0.066 0.302 0.302 0.302 0.842 0.842 0.842 0.842 0.84200033 0.954 0.954 1.1559999 1.156 1.1541984 1.082 1.0830083 1.194 1.194 1.194 1.194 1.1280067 1.128 1.128 1.128 1.128 1.0179992 1.018 1.018 1.018 1.0171429 0.77 0.77 0.77 0.662 0.662 0.662 0.546 0.546 0.42000001 0.42 0.42 0.53 0.53 0.53 
-0.066 -0.066 -0.066 0.042 0.042 0.042 0.042000037 0.066 0.066 0.30175638 0.302 0.302 0.302 0.30233644 0.84361884 0.844 0.844 0.844 0.954 0.954 0.954 1.082 1.082 1.082 1.0820224 1.1772152 1.194 1.194 1.194 1.2921615 1.3279803 1.328 1.328 1.328 1.1280288 1.2819994 1.282 1.282 1.282 0.63801806 0.638 0.638 0.662 0.662 0.65200004 0.65200006 0.822 0.822 0.744 0.744 0.744 0.53 0.76179256 
-0.065999348 -0.066 -0.065999996 0.042 0.042 0.042 0.042000001 0.14799998 0.066327868 0.30185673 0.302 0.302 0.302 0.30306355 0.844 0.844 0.844 0.84400003 0.954 0.954 0.954 1.082 1.082 1.082 1.162 1.162 1.22 1.22 1.22 1.2205892 1.328 1.328 1.328 1.328 1.3050126 1.282 1.282 1.282 1.282 0.638 0.638 0.638 0.63844049 0.652 0.652 0.652 0.822 0.822 0.744 0.744 0.744 0.762 0.762 
0.144 0.059935332 0.38 0.37990194 0.042 0.14738669 0.148 0.148 0.20702934 0.144 0.144 0.144 0.144 0.28199551 0.282 0.84399957 0.844 0.84689834 0.954 0.954 0.954 0.932 0.932 0.932 1.162 1.162 1.22 1.22 1.22 1.2200001 1.3379999 1.338 1.3282513 1.3280107 1.1102499 1.11 1.11 1.11 1.11 0.638 0.638 0.638 0.65122902 0.652 0.652 0.65199993 0.822 0.822 0.82199719 0.744 0.74400572 0.872 0.762 
0.53392594 0.53399997 0.38 0.38 0.38 0.148 0.148 0.148 0.31 0.31 0.144 0.144 0.144 0.282 0.282 0.282 0.282 0.28207671 0.954 0.954 0.954 0.932 0.932 0.932 1.162 1.162 1.22 1.22 1.22 1.3366695 1.338 1.338 1.338 1.338 1.1101125 1.11 1.11 1.11 1.11 0.50000004 0.5 0.5 0.5 0.65199707 0.27 0.27 0.27 0.574 0.574 0.574 0.872 0.872 0.872 
0.534 0.534 0.38 0.38 0.38 0.14921943 0.148 0.31 0.31 0.31 0.14402043 0.144 -0.12074841 0.28199989 0.282 0.282 0.282 -0.184 -0.184 -0.184 0.33800001 0.33800044 0.93199711 0.932 0.93207525 0.95 0.95 0.95000064 1.2199564 1.3060064 1.3060002 1.3060056 1.3379453 1.3379724 1.1505859 1.1099997 1.1074933 0.362 0.362 0.5 0.5 0.5 0.5 0.27 0.27 0.27 0.27 0.574 0.574 0.574 0.872 0.872 0.872 
0.534 0.534 0.38 0.38 0.38 0.38 0.20863187 0.31 0.31 0.31 0.30972933 -0.18 -0.18 -0.18 0.27927733 0.282 -0.18089469 -0.184 -0.184 -0.184 0.338 0.338 0.338 0.338 0.95 0.95 0.95 0.95 0.95 1.306 1.306 1.306 1.306 1.3059996 1.106 0.362 0.362 0.362 0.362 0.36200013 0.382 0.382 0.382 0.39892049 0.434 0.434 0.434 0.574 0.57399988 0.448 0.448 0.77202433 0.772 
0.534 0.534 0.43558319 0.38 0.38 0.37999999 0.054454278 0.30919323 0.31 0.31 -0.17999996 -0.18 -0.18 -0.18 -0.18 -0.14213194 -0.184 -0.184 -0.184 -0.184 0.33799596 0.338 0.338 0.338 0.95 0.95 0.95 0.95 0.95 0.96460214 1.306 1.306 1.306 1.106 1.106 1.1054223 0.362 0.362 0.55897248 0.71199997 0.382 0.382 0.382 0.39966176 0.434 0.434 0.434 0.544 0.44919615 0.448 0.448 0.772 0.772 
0.288 0.288 0.288 0.35693307 0.37973791 0.054 0.054 0.054 0.054 0.014 0.014 -0.17999999 -0.18 -0.18 -0.18 -0.18000026 -0.184 -0.184 -0.184 -0.184 0.11021613 0.338 0.338 0.32978249 0.065233731 0.95 0.95 0.95 0.844 0.844 0.844 0.84400194 1.106 1.106 1.106 1.106 0.712 0.712 0.712 0.712 0.538 0.538 0.538 0.70399666 0.704 0.704 0.70399991 0.544 0.544 0.44811697 0.448 0.77199887 0.772 
0.288 0.288 0.288 0.28799548 0.204 0.18218754 0.054 0.054 0.054 0.014 0.014 0.014 -0.33199999 -0.332 -0.332 -0.332 -0.18427111 -0.184 -0.184 -0.184 -0.17610177 0.024000862 0.024 0.024 0.024 0.024000015 0.22400001 0.224 0.844 0.844 0.844 0.844 1.1059998 1.106 1.106 1.1059829 0.71200001 0.712 0.712 0.71319322 0.538 0.538 0.538 0.7039923 0.704 0.704 0.704 0.544 0.544 0.544 0.548 0.548 0.536 
0.288 0.288 0.288 0.20400019 0.204 0.204 0.054000056 0.054 0.054 0.014 0.014 0.014 -0.332 -0.332 -0.332 -0.332 -0.332 -0.332 -0.33199962 -0.18483594 0.024 0.024 0.024 0.024 0.024 0.024150511 0.224 0.224 0.224 0.844 0.844 0.84385582 0.896 0.896 0.896 0.892 0.892 0.984 0.984 0.984 1.022 0.53815182 0.5380037 1.034 1.034 1.0214934 0.7040006 0.544 0.544 0.548 0.548 0.548 0.536 
0.288 0.288 0.288 0.204 0.204 0.204 0.204 0.054 0.054 0.014 0.014 -0.31816499 -0.332 -0.332 -0.332 -0.332 -0.332 -0.332 -0.332 -0.332 0.024 0.024 0.024 0.024 0.024 0.22399932 0.224 0.224 0.224 0.62 0.62 0.62 0.896 0.896 0.896 0.892 0.892 0.984 0.984 1.022 1.022 1.022 1.034 1.034 1.034 1.034 1.0208564 0.874 0.874 0.874 0.548 0.666 0.666 
0.288 0.288 0.28788303 0.204 0.204 0.204 0.204 -0.034002943 -0.046 -0.045896988 0.013999982 -0.33200871 -0.332 -0.332 -0.332 -0.332 -0.332 -0.332 -0.332 -0.332 -0.24070454 0.024 0.024 0.024 0.023952216 0.22397569 0.224 0.224 0.224 0.62 0.62 0.62 0.62003765 0.896 0.892 0.892 0.892 0.89200361 0.98400259 1.022 1.022 1.022 1.0339993 1.034 1.034 1.034 0.87400096 0.874 0.874 0.874 0.666 0.666 0.666 
-0.076 -0.075999364 0.20403429 0.204 0.204 0.204 -0.045946803 -0.046 -0.046 -0.046 -0.43599999 -0.436 -0.436 -0.436 -0.33247998 -0.332 -0.332 -0.332 -0.332 -0.25200005 -0.252 -0.252 -0.20799996 -0.208 -0.208 -0.208 -0.17071284 0.224 0.35199476 0.352 0.352 0.352 0.352 0.646 0.646 0.646 0.646 0.646 1.026 1.026 1.026 1.026 1.026 0.96809949 0.968 0.968 0.968 0.874 0.874 0.874 0.66603277 0.666 0.666 
-0.076 -0.076 -0.078695859 -0.39799879 -0.39799987 -0.39765643 -0.046 -0.046 -0.046 -0.046 -0.436 -0.436 -0.436 -0.436 -0.436 -0.332 -0.332 -0.332 -0.25200002 -0.252 -0.252 -0.252 -0.208 -0.208 -0.208 -0.208 -0.208 -0.20790803 0.35186948 0.352 0.352 0.352 0.35194757 0.62899295 0.64598239 0.646 0.646 0.646 1.026 1.026 1.026 1.026 1.026 0.968 0.968 0.968 0.968 0.92404376 0.874 0.67623139 0.674 0.222 0.222 
-0.076 -0.076 -0.39795921 -0.398 -0.398 -0.398 -0.30859348 -0.046 -0.046 -0.046 -0.436 -0.436 -0.436 -0.436 -0.436 -0.33207884 -0.332 -0.25202346 -0.252 -0.252 -0.252 -0.252 -0.22430009 -0.208 -0.208 -0.208 -0.208 -0.2078427 0.014 0.014 0.014 0.014 0.014 0.616 0.616 0.616 0.616 0.616 1.202 1.202 1.202 1.202 1.202 0.96774118 0.96799995 0.968 0.96798203 0.96579565 0.674 0.674 0.674 0.22200253 0.222 
-0.076000206 -0.18581645 -0.39799997 -0.398 -0.398 -0.398 -0.398 -0.046149878 -0.046 -0.046 -0.436 -0.436 -0.436 -0.436 -0.30888748 -0.306 -0.306 -0.25200139 -0.252 -0.252 -0.252 -0.252 -0.25200004 -0.208 -0.208 -0.208 -0.208 0.20599981 0.20599991 0.16513773 0.014 0.014 0.014 0.616 0.616 0.616 0.616 0.61599187 1.202 1.202 1.202 1.202 1.202009 0.862 0.862 0.862 0.862 0.86198484 0.674 0.674 0.674 0.674 0.66143157 
-0.188 -0.188 -0.25673529 -0.398 -0.398 -0.398 -0.398 -0.398 -0.046151083 -0.45599999 -0.456 -0.456 -0.45595254 -0.30600019 -0.306 -0.306 -0.306 -0.306 -0.25200194 -0.26861674 -0.414 -0.414 -0.414 -0.36152189 -0.20671942 -0.19986727 -0.193858 0.206 0.206 0.206 0.206 0.206 0.20204073 0.60238383 0.604 0.604 0.604 0.604 1.2241664 1.3199998 1.32 1.32 1.32 0.87799995 0.862 0.862 0.862 0.832 0.67400253 0.674 0.674 0.668 0.668 
-0.188 -0.188 -0.39 -0.39 -0.39 -0.39799734 -0.398 -0.398 -0.456 -0.456 -0.456 -0.456 -0.456 -0.30600001 -0.306 -0.306 -0.306 -0.306 -0.414 -0.414 -0.414 -0.414 -0.414 -0.19200001 -0.192 -0.192 -0.192 0.206 0.206 0.206 0.206 0.206 0.46 0.46 0.604 0.604 0.604 0.63999387 0.64 1.32 1.32 1.32 1.3199999 0.878 0.878 0.878 0.832 0.832 0.832 0.74 0.74 0.668 0.668 
-0.188 -0.188 -0.39 -0.39 -0.39 -0.39 -0.38999913 -0.232 -0.4557891 -0.456 -0.456 -0.456 -0.456 -0.30787111 -0.306 -0.306 -0.306 -0.306 -0.414 -0.414 -0.414 -0.414 -0.414 -0.192 -0.192 -0.192 -0.192 -0.19199837 0.206 0.206 0.206 0.45998668 0.46 0.46 0.46 0.604 0.64 0.64 0.64 0.65789207 0.83779915 0.748 0.748 0.878 0.878 0.878 0.832 0.832 0.832 0.74 0.74 0.74 0.20970753 
0.126 0.12599754 -0.39 -0.39 -0.39 -0.39 -0.232 -0.232 -0.232 -0.456 -0.456 -0.456 -0.456 -0.45595337 -0.306 -0.306 -0.306 -0.306 -0.41399806 -0.414 -0.414 -0.414 -0.23110731 -0.192 -0.192 -0.192 -0.192 0.051999801 0.052 0.052000002 0.20435666 0.46 0.46 0.46 0.4599997 0.142 0.64 0.64 0.64 0.64 0.748 0.748 0.748 0.802 0.802 0.802 0.53002941 0.832 0.832 0.74 0.74 0.74 0.16200008 
0.126 0.126 -0.39 -0.39 -0.39 -0.232 -0.232 -0.232 -0.232 -0.43144281 -0.456 -0.456 -0.456 -0.45599925 -0.3259977 -0.326 -0.326 -0.326 -0.42413164 -0.316 -0.316 -0.316 -0.316 -0.192 -0.192 -0.192 -0.19198391 0.052 0.052 0.052 0.052 0.45992974 0.2811342 0.142 0.142 0.142 0.63925173 0.44000416 0.44 0.44 0.74794987 0.684 0.684 0.802 0.802 0.80199885 0.53 0.53 0.45 0.45 0.45 0.28 0.192 
0.126 0.126 -0.254 -0.254 -0.254 -0.232 -0.232 -0.232 -0.232 -0.354 -0.354 -0.354 -0.354 -0.35202677 -0.326 -0.326 -0.326 -0.326 -0.428 -0.316 -0.316 -0.316 -0.316 -0.332 -0.33199994 -0.19200021 0.052 0.052 0.052 0.052 0.01048543 -0.03 0.12153436 0.142 0.142 0.142 0.44 0.44 0.44 0.44 0.684 0.684 0.684 0.56603721 0.566 0.53016182 0.53 0.53 0.44999959 0.45 0.28 0.28 0.192 
0.126 -0.254 -0.254 -0.254 -0.254 -0.254 -0.23164291 -0.186 -0.186 -0.354 -0.354 -0.354 -0.354 -0.35399337 -0.326 -0.326 -0.326 -0.33060868 -0.428 -0.428 -0.316 -0.316 -0.332 -0.332 -0.332 -0.332 0.052 0.052 0.052 0.052 -0.03 -0.03 -0.03 0.14182595 0.142 0.142 0.44 0.44 0.44 0.44 0.684 0.684 0.684 0.566 0.566 0.5659685 0.01 0.01 0.354 0.354 0.28 0.28 0.192 
-0.25043133 -0.254 -0.254 -0.254 -0.254 -0.254 -0.186 -0.186 -0.186 -0.27592062 -0.354 -0.354 -0.354 -0.35399671 -0.326 -0.326 -0.326 -0.428 -0.428 -0.428 -0.3160056 -0.3160001 -0.332 -0.332 -0.332 -0.332 0.051972705 0.052 0.052 -0.029981142 -0.03 -0.03 -0.03 -0.03 0.1414356 0.038 0.038 0.044957309 0.44 0.44 0.68399978 0.684 0.56943087 0.566 0.566 0.0100002 0.01 0.01 0.354 0.354 0.132 0.132 0.306 
-0.254 -0.254 -0.254 -0.254 -0.254 -0.254 -0.186 -0.186 -0.186 -0.186 -0.18800478 -0.188 -0.188 -0.188 -0.3259997 -0.28882143 -0.268 -0.268 -0.42770504 -0.428 -0.42799998 -0.33199998 -0.332 -0.332 -0.332 -0.332 -0.33172081 0.052 0.051997197 -0.03 -0.03 -0.03 -0.03 -0.03 0.038 0.038 0.038 0.038 0.038 0.038002353 0.428 0.428 0.42799985 -0.02 -0.02 -0.02 0.022 0.022 -0.08 -0.08 0.132 0.13200038 0.306 
-0.254 -0.254 -0.254 -0.254 -0.254 -0.254 -0.186 -0.186 -0.186 -0.188 -0.188 -0.188 -0.188 -0.188 -0.20908781 -0.268 -0.268 -0.268 -0.268 -0.268 -0.27563947 -0.332 -0.332 -0.332 -0.332 -0.32025602 0.041413946 0.050637114 -0.029595619 -0.03 -0.03 -0.03 -0.03 -0.029999851 0.038 0.038 0.038 0.038 0.038 0.21942709 0.428 0.428 0.428 -0.02 -0.02 -0.02 0.022 0.022 -0.08 -0.08 0.26999999 0.30401401 0.306 
-0.254 -0.254 -0.254 -0.254 -0.254 -0.25399998 -0.18600002 -0.186 -0.18608301 -0.188 -0.188 -0.188 -0.188 -0.188 -0.19183729 -0.268 -0.268 -0.268 -0.268 -0.268 -0.268 -0.016152702 0.041999476 0.042 0.042 0.042 0.042 0.042 -0.13936519 -0.14199867 -0.142 -0.142 -0.142 -0.14199987 0.038 0.038 0.038 0.038 0.038 0.42799995 0.428 0.428 0.428 0.4279998 -0.019676149 0.182 0.022000017 0.40918384 -0.079565403 0.27 0.27 0.26289097 -0.072 
-0.254 -0.254 -0.254 -0.254 -0.254 -0.25399566 -0.18600367 -0.18600012 -0.188 -0.188 -0.188 -0.188 -0.188 -0.188 -0.18952223 -0.268 -0.268 -0.268 -0.268 -0.268 -0.268 0.042 0.042 0.042 0.042 0.042 0.042 0.042 -0.14194921 -0.142 -0.142 -0.142 -0.142 -0.142 -0.092680018 0.038 0.038 0.038 0.038 0.428 0.428 0.428 0.428 0.42793698 0.182 0.182 0.1834666 0.416 0.416 0.27 0.27 -0.072 -0.072 
-0.254 -0.254 -0.254 -0.254 -0.254 -0.25390931 -0.18608078 -0.18777431 -0.188 -0.188 -0.188 -0.188 -0.188 -0.188 -0.18940054 -0.268 -0.268 -0.268 -0.268 -0.268 -0.22386163 0.042 0.042 0.042 0.042 0.042 0.042 0.042 -0.14199926 -0.142 -0.142 -0.142 -0.142 -0.142 -0.142 -0.090827673 -0.29108065 -0.40057825 -0.41721074 0.44599803 0.42800001 0.428 0.428 0.18201964 0.182 0.18611874 0.87199782 0.416 0.416 0.21202791 0.212 0.212 -0.071999876 
-0.254 -0.254 -0.254 -0.254 -0.25399993 -0.25343291 -0.18664932 -0.18799945 -0.188 -0.188 -0.188 -0.188 -0.188 -0.188 -0.18986812 -0.268 -0.268 -0.268 -0.268 -0.268 0.041998661 0.042 0.042 0.042 0.042 0.042 0.042 0.042 -0.14199995 -0.142 -0.142 -0.142 -0.142 -0.142 -0.14200006 -0.426 -0.426 -0.426 -0.426 0.708 0.708 0.708 0.708 0.871998 0.872 0.872 0.872 0.87199407 0.34 0.34 0.212 0.212 -0.12043597 
-0.254 -0.254 -0.254 -0.25399999 -0.2539981 -0.25215481 -0.18797988 -0.18799997 -0.188 -0.188 -0.188 -0.188 -0.188 -0.188 -0.19071569 -0.26799997 -0.268 -0.268 -0.268 -0.26613425 0.042 0.042 0.042 0.042 0.042 0.042 0.042 0.042 -0.14199996 -0.142 -0.142 -0.142 -0.142 -0.142 -0.42599974 -0.426 -0.426 -0.426 -0.426 0.708 0.708 0.708 0.708 0.75226289 0.872 0.872 0.872 0.34000595 0.34 0.34 -0.268 -0.268 -0.268 
-0.254 -0.254 -0.254 -0.25399985 -0.25398139 -0.2471775 -0.18800644 -0.18799999 -0.188 -0.188 -0.188 -0.188 -0.188 -0.18800001 -0.19186383 -0.26799812 -0.268 -0.268 -0.26799964 0.035718909 0.042 0.042 0.042 0.042 0.042 0.042 0.042 0.042 -0.14199983 -0.142 -0.142 -0.142 -0.142 -0.33672317 -0.42599999 -0.426 -0.426 -0.426 -0.426 0.708 0.708 0.708 0.708 0.708 0.872 0.872 0.872 0.34000001 0.34 0.34 -0.268 -0.268 -0.268 
-0.254 -0.254 -0.25399994 -0.25399818 -0.25388896 -0.21550728 -0.18800283 -0.188 -0.188 -0.188 -0.188 -0.188 -0.188 -0.18800015 -0.19322886 -0.26797078 -0.268 -0.26799999 -0.26639498 0.041973641 0.042 0.042 0.042 0.042 0.042 0.042 0.042 0.041999893 -0.14199885 -0.142 -0.14200019 -0.38461536 -0.408 -0.408 -0.408 -0.426 -0.426 -0.426 -0.426 0.708 0.708 0.708 0.708 0.708 0.87199709 0.872 0.87199974 0.34000004 0.34 0.33999967 -0.268 -0.268 -0.268 
