interpolatedSpi/05-05|20_3.tif
NCOLS 53
NROWS 52
XLLCORNER -116.03883
YLLCORNER 28.596182
DX 0.49850594
DY 0.49788537
NODATA_VALUE -9999
0.725 0.725 -0.095615377 -0.395 -0.26 -0.18 0.215 -0.19 -0.51203369 -0.86 -0.655 -0.365 -0.49995142 0.09 -1.015 -1.015 -1.015 0.37 0.305 0.305 0.305 0.30499576 -0.135 -0.435 -0.435 -0.435 0.015006067 0.015 0.015 0.34 0.34 0.34 0.34 0.64999994 0.65 0.65 0.65 0.65 0.65 0.65000002 1.2287652 1.2344425 -0.955 -0.955 -0.955 -0.955 -0.95479583 -0.83 -0.83 -0.83 0.33499758 0.335 0.335 
0.72496046 -0.165 0.10000085 0.11924598 0.43458123 0.505 0.29 -0.2392871 -0.575 -0.26 -0.34 -0.5 -0.5 0.055116706 0.089989816 -1.015 0.37 0.37 0.30508475 0.305 0.305 0.305 -0.45737076 -0.435 -0.435 -0.435 -0.34000001 -0.34 0.34 0.34 0.34 0.34 0.34 0.64999995 0.65 0.65 0.65 0.65 0.64999995 0.54622104 0.035025789 -0.83487125 -0.955 -0.955 -0.955 -0.955 -0.955 -0.83 -0.83 -0.83 -0.73339708 0.335 0.335 
1.7049356 1.705 0.835 1.485 0.225 0.18 0.265 -0.535 -0.755 -0.5 0.04 -1.34 -0.725 -0.45 0.055 -0.125 0.37 0.37 0.37 0.35998401 0.36 0.36 -0.86 -0.435 -0.435 -0.435 -0.34 -0.34 -0.34 0.34 0.34 0.33999992 -0.43264711 0.64712817 0.64422912 0.035681352 0.03 0.03 0.030628868 0.035 0.035 0.03373404 -0.955 -0.955 -0.955 -0.955 -0.955 -0.83 -0.83 -0.83 -0.83 0.335 0.335 
1.31 1.7049998 0.64997319 0.635 -0.06 -1.30373e-21 0.49 -0.83 -0.265 -0.29563016 -0.645 -0.725 -0.6 -0.45 -0.06 -0.125 -0.45743693 -0.45941845 -0.685 0.36 0.36 -1.61 -0.86 -0.86 -0.435 -0.43499953 -0.34 -0.34 -0.34 -1.21 -1.2401773 -1.265 -1.265 -1.264999 0.03 0.03 0.03 0.03 0.035 0.035 0.035 0.034999963 -0.955 -0.955 -0.955 -0.955 -0.955 -0.83000158 -0.83 -0.83 -0.83 0.33491181 0.335 
1.31 0.41500043 0.65 0.57128326 -0.06 -0.16 -0.4249785 -0.345 -0.055 -0.49999987 -0.62270989 -0.67996491 -0.435 -0.06 -0.06 -0.10875468 -0.46 -0.46 -0.685 -0.685 0.35999601 -1.61 -1.92 -0.685 -0.295 -0.29523622 -0.34 -0.34 -1.21 -1.21 -1.265 -1.265 -1.265 -1.2404853 0.029999999 0.03 0.03 0.035 0.035 0.035 0.035 0.034950287 -0.95499999 -0.955 -0.955 -0.955 -0.955 -0.95388735 -0.83 -0.83006883 -2.365 -2.365 -2.365 
-1.03 0.59 1.085 0.275 -0.09 0.025 -0.065 -0.10084802 0.215 -0.705 -0.205 -0.23 -0.23000014 -0.61 -0.61 -0.42003501 -0.42 -0.915 -0.915 -0.68500078 -2.165 -2.165 -0.685 -0.295 -0.295 -1.305 -1.705 -1.705 -0.87503075 -1.21 -1.265 -1.265 -1.135 -1.1349274 -0.44005012 -1.655 -1.655 -0.48784008 0.035 0.035 -0.47935768 -0.48 -0.47999892 -1.9177003 -1.9348917 -1.9349997 -1.935 -1.9349997 -3.5931053 -2.365 -2.365 -2.365 -2.365 
-0.35000481 0.46 -0.30997719 0.51 0.99 -0.115 -0.14 -0.14 -0.63 -0.63 -0.205 0.02 -1.4599998 -0.61 -0.56500013 -0.565 -0.42 -1.395 -1.57 -1.57 -1.9788504 -1.77 -1.77 -1.29 -1.305 -1.305 -1.705 -1.705 -0.87501457 -0.87526823 0.36040145 -1.135 -1.135 -0.44 -0.44 -1.5814736 -1.655 -1.655 -1.7249976 -0.48000173 -0.48 -0.48 -0.47999551 -1.9349966 -1.935 -1.935 -1.935 -1.9350012 -3.9 -2.3653042 -2.365 -2.365 -2.365 
-0.35 -0.785 0.13 -0.64 -0.81498997 -0.435 -0.585 -0.87499999 -0.595 -0.415 -0.415 -0.86 -1.46 -1.46 -0.57114053 -1.052255 -1.1 -0.82 -1.2700003 -1.57 -2.1944815 -2.2 -2.32 -0.56000001 -0.56000342 -0.825 -1.64 -1.64 -1.124124 -1.125 0.365 -0.082134018 -0.215 -0.44 -0.44627467 -1.52 -1.52 -1.725 -1.725 -0.48 -0.48 -0.47999999 -1.3238172 -1.33 -1.935 -1.935 -1.935 -3.8999252 -3.9 -3.9 -2.365 -2.365 -2.365 
-0.78272427 -0.78499999 -0.265 0.21 -0.425 -0.765 -0.195 0.87 -0.14 0.087269719 -0.565 -0.79 -0.79 -0.78 -0.78000009 -1.3941778 -1.395 -1.395 -0.8886932 -2.4599999 -2.135 -2.135 -2.285 -2.3062071 -0.798295 -0.825 -1.415 -1.64 -0.87447447 -0.87 -0.045 -0.295 -0.64251963 -1.125 -0.66 -0.74 -1.07 -0.77 -0.58508543 -0.47785739 -3.5433479e-44 -0.45 -1.329882 -1.33 -1.3334053 -1.935 -2.395 -3.9 -3.9 -3.9 -3.9 -2.2709969 -2.235 
-0.77 -0.77 -0.155 -0.245 -0.39 -0.45 -0.35 0.01 0.315 0.14500617 -0.35 -0.28 -0.78 -0.78 -0.79 -0.79829785 -1.395 -1.3949228 -1.055 -2.46 -2.46 -2.4181291 -2.285 -2.2450008 -2.245 -2.245 -1.415 -1.105 -1.105 -0.87 -0.87 -0.29630866 -0.985 -1.125 -0.425 -0.74 -1.07 -1.71 -0.585 0.27089985 -0.44999998 -0.50693761 -0.605 -1.33 -1.33 -2.395 -2.395 -2.395 -3.9 -3.9 -1.61 -1.61 -1.6100002 
-0.77 -0.77 -1.31 -1.28 -0.82 -0.21 -0.70999999 0.099906522 -0.33 -0.105 -0.38 -0.57 -0.28038682 -0.79 -0.79 -0.79003172 -1.065 -1.0644752 -1.055 -1.13 -1.13 -1.58 -1.58 -2.245 -2.245 -2.245 -1.105 -1.105 -1.105 -1.19 -1.19 -1.1899997 -0.305 -0.305 -0.76 -0.935 -0.465 -2.089998 -1.47 0.285 0.285 -0.70999965 -0.605 -1.33 -1.5749999 -1.54 -1.0060079 -1 -1.365 -1.365 -1.61 -1.61 -1.61 
-0.77 -1.0031897 -1.2971979 -1.5399785 -1.01 -1.25 -0.71 0.1 -0.32999641 -0.10749273 -0.56999939 -0.57 -0.445 -0.79 -0.79 -1.065 -1.065 -1.0649994 -1.055 -1.13 -1.2183708 -1.58 -1.58 -2.2449725 -2.245 -2.0214707 -1.565 -1.565 -1.5649999 -1.19 -1.19 -1.295 -1.295 -0.30500125 -0.76 -1.0599998 -0.68789232 -2.09 -2.09 0.28499997 -0.71 -0.71 -0.71000624 -1.575 -1.575 -1.54 -1 -1 -1.365 -1.365 -1.61 -1.61 -1.61 
-1.045 -0.41638148 -0.34003513 -0.34868659 -1.0100011 -1.2499943 -0.71000001 0.090029359 -0.3003686 -0.32412465 -0.445 -0.445 -0.445 -0.445 -0.78995113 -1.065 -1.065 -1.0648709 -1.055 -1.1299156 -0.84 -0.84 -0.84 -0.84 -2.220662 -1.565 -1.565 -1.565 -1.565 -1.5647757 -1.295 -1.295 -1.295 -1.295 -1.06 -1.06 -1.06 -2.0400626 -2.0849304 -1.415 -1.415 -0.71003792 -1.7449942 -1.5750164 -1.575 -1.54 -1 -1 -1.365 -1.365 -1.6091112 -1.61 -1.6073197 
-1.045 -0.34 -0.34 -0.34 -0.34 -0.34000038 -0.71138221 -0.32679395 -0.22131477 -0.44487049 -0.445 -0.445 -0.445 -0.445 -0.4449999 -1.065 -1.065 -1.0643141 -1.0549994 -0.84 -0.84 -0.84 -0.84 -0.84 -0.854378 -1.5475306 -1.545 -1.545 -1.545 -1.545 -1.295 -1.295 -1.2950002 -1.48 -1.48 -1.06 -1.1377753 -1.14 -1.4149998 -1.415 -1.415 -1.415 -1.745 -1.745 -1.745 -1.7435734 -1.4024771 -1.405 -1.405 -1.405 -1.405 0.66499953 0.665 
-0.245 -0.34 -0.34 -0.34 -0.34 -0.34 -0.34000003 -0.6117664 -0.29459432 -0.295 -0.295 -0.295 -0.295 -0.295 -0.295 -0.74087413 -1.0600002 -1.0636306 -0.84002704 -0.84 -0.84 -0.84 -0.84 -0.83999997 -1.505 -1.505 -1.5050001 -1.545 -1.545 -1.5454505 -1.77 -1.77 -1.48 -1.48 -1.48 -1.1944642 -1.14 -1.14 -1.14 -1.415 -1.415 -1.415 -1.745 -1.745 -1.745 -1.745 -1.405 -1.405 -1.405 -1.405 -1.405 0.665 0.665 
-0.245 -0.28036742 -0.34 -0.34 -0.34 -0.34 -0.83990187 -0.84 -0.83999999 -0.295 -0.295 -0.295 -0.295 -0.295 -0.39537618 -0.75 -0.75 -0.75 -0.81009125 -0.81000003 -0.81 -0.81 -0.81 -0.81 -1.505 -1.505 -1.505 -1.505 -1.545 -1.77 -1.77 -1.77 -1.48 -1.48 -1.48 -1.01 -1.1398279 -1.14 -1.14 -1.4150478 -1.5107346 -1.7340436 -1.745 -1.745 -0.96740713 -0.965 -0.965 -1.4030773 -0.23908862 -0.2350001 -0.23500022 0.11008392 0.66499887 
-0.245 -0.55153965 -0.45133013 -0.34 -0.34 -0.83970458 -0.84 -0.84 -0.84 -0.83607257 -0.295 -0.295 -0.295 -0.29500005 -0.75 -0.75 -0.75 -0.75 -0.8099464 -0.81 -0.81 -0.81 -0.81 -0.81 -1.505 -1.505 -1.505 -1.505 -1.5059639 -1.77 -1.77 -1.77 -1.1 -1.479943 -1.01 -1.01 -1.01 -1.0111089 -1.6973132 -1.735 -1.735 -1.735 -1.255 -1.255 -0.965 -0.965 -0.965 -0.23500001 -0.235 -0.235 -0.235 0.11 0.11 
-0.55954948 -0.56 -0.56 -0.56 -0.42 -0.83998917 -0.84 -0.84 -0.84 -0.84 -0.22799846 -0.29498847 -0.29499997 -0.75 -0.75 -0.75 -0.75 -0.75 -0.7982623 -0.81 -0.81 -0.81 -0.81 -0.81 -1.0551149 -0.92000317 -0.92 -0.92 -0.92 -1.77 -1.1 -1.1 -1.1 -1.1 -1.01 -1.0100026 -1.11 -1.11 -1.7271959 -1.735 -1.735 -1.735 -1.255 -1.255 -1.009902 -0.965 -0.965 -0.235 -0.235 -0.235 -0.2313007 0.11 0.11 
-0.56 -0.56 -0.56 -0.49407191 -0.42 -0.42 -0.84 -0.84 -0.84 -0.84 0.59 0.59 0.59 -0.75 -0.75 -0.75 -0.75 -0.75001239 -1.44 -1.44 -0.81000026 -0.81 -0.81779065 -1.13 -1.1281095 -0.92 -0.92 -0.92 -0.92 -1.0999817 -1.1 -1.1 -1.1 -1.1 -1.1099996 -1.11 -1.11 -1.11 -1.1122106 -1.735 -1.735 -1.735 -1.255 -1.255 -1.255 -0.965 -0.965 -0.23500001 -0.235 -0.235 0.11 0.11 0.11 
-0.56 -0.56 -0.56 -0.42 -0.42 -0.42 -0.42000064 -0.84 -0.84 0.58852383 0.59 0.59 0.59 0.58916512 -0.81070668 -0.825 -0.825 -0.825 -1.44 -1.44 -1.44 -1.13 -1.13 -1.13 -1.1298515 -0.75215222 -0.92 -0.92 -0.92 -1.010444 -0.99501033 -0.995 -0.995 -0.995 -1.1991228 -1.3249995 -1.325 -1.325 -1.325 -0.58515735 -0.585 -0.585 -1.255 -1.255 -0.11000478 -0.11 -0.11 -0.11 -4.3423442e-13 -1.8195709e-42 4.4896175e-21 0.11 0.52462894 
-0.55999961 -0.56 -0.55999999 -0.42 -0.42 -0.42 -0.42 -0.22000018 -0.837521 0.58989572 0.59 0.59 0.59 0.58722338 -0.825 -0.825 -0.825 -0.82500018 -1.44 -1.44 -1.44 -1.13 -1.13 -1.13 -0.6 -0.6 -0.77 -0.77 -0.77 -0.77122745 -0.995 -0.995 -0.995 -0.995 -1.1599093 -1.325 -1.325 -1.325 -1.325 -0.585 -0.585 -0.585 -0.57005468 -0.11 -0.11 -0.11 -0.11 -0.11 -1.4051068e-10 -9.9952244e-140 -6.4579129e-39 0.52499998 0.525 
-0.435 -0.50550348 -0.695 -0.69492022 -0.42 -0.22115719 -0.22 -0.22 -0.20906864 0.47499998 0.475 0.475 0.475 -0.52996728 -0.53 -0.82499977 -0.825 -0.84120435 -1.44 -1.44 -1.44 -1.305 -1.305 -1.305 -0.6 -0.6 -0.77 -0.77 -0.77 -0.77000012 -0.93000041 -0.93000018 -0.99336632 -0.99493032 -0.99000789 -0.99 -0.99 -0.99 -0.99 -0.585 -0.585 -0.585 -0.13615491 -0.11 -0.11 -0.11000004 -0.11 -0.11 -0.10999604 -6.8631871e-25 -2.906565e-06 -0.065 0.525 
-1.0348861 -1.0349999 -0.695 -0.695 -0.695 -0.22 -0.22 -0.22 -0.19 -0.19 0.475 0.475 0.475 -0.53 -0.53 -0.53 -0.53 -0.53010211 -1.44 -1.44 -1.44 -1.305 -1.305 -1.305 -0.6 -0.6 -0.77 -0.77 -0.77 -0.92819599 -0.93 -0.93 -0.93 -0.93 -0.98997039 -0.99 -0.99 -0.99 -0.99 -0.47500003 -0.475 -0.475 -0.475 -0.11000161 -0.32 -0.32 -0.32 -0.175 -0.175 -0.175 -0.065 -0.065 -0.065 
-1.035 -1.035 -0.695 -0.695 -0.695 -0.22249668 -0.22 -0.19 -0.19 -0.19 0.47491814 0.475 -0.4238372 -0.53000002 -0.53 -0.53 -0.53 -0.69 -0.69 -0.69 -1.015 -1.0150002 -1.3049986 -1.305 -1.3044226 -0.665 -0.665 -0.66500025 -0.76998303 -0.25513452 -0.25500359 -0.25511785 -0.92884635 -0.92941748 -0.97887456 -0.98999983 -0.98854222 -0.555 -0.555 -0.475 -0.475 -0.475 -0.475 -0.32 -0.32 -0.32 -0.32 -0.175 -0.175 -0.175 -0.065 -0.065 -0.065 
-1.035 -1.035 -0.695 -0.695 -0.695 -0.695 -0.20877188 -0.19 -0.19 -0.19 -0.19024028 -0.625 -0.625 -0.625 -0.53055986 -0.53 -0.6889338 -0.69 -0.69 -0.69 -1.015 -1.015 -1.015 -1.015 -0.665 -0.665 -0.665 -0.665 -0.665 -0.255 -0.255 -0.255 -0.255 -0.25499969 -0.11 -0.555 -0.555 -0.555 -0.555 -0.55500086 -0.84 -0.84 -0.84 -0.67729284 -0.34 -0.34 -0.34 -0.175 -0.17500008 -0.26 -0.26 0.44487593 0.445 
-1.035 -1.035 -0.81771613 -0.695 -0.695 -0.69500002 -1.7122938 -0.19480596 -0.19 -0.19 -0.62500012 -0.625 -0.625 -0.625 -0.625 -0.61722283 -0.69 -0.69 -0.69 -0.69 -1.0149975 -1.015 -1.015 -1.015 -0.665 -0.665 -0.665 -0.665 -0.665 -0.46560258 -0.255 -0.255 -0.255 -0.11 -0.11 -0.11034555 -0.555 -0.555 -0.66474181 -0.74999998 -0.84 -0.84 -0.84 -0.6791159 -0.34 -0.34 -0.34 -0.44 -0.26224278 -0.26 -0.26 0.445 0.445 
-1.115 -1.115 -1.115 -0.80030555 -0.69526899 -1.715 -1.715 -1.715 -1.715 -1.2 -1.2 -0.62500004 -0.625 -0.625 -0.625 -0.62500412 -0.69 -0.69 -0.69 -0.69 -0.87318054 -1.015 -1.015 -0.99628815 -0.31625305 -0.665 -0.665 -0.665 -0.54 -0.54 -0.54 -0.5399988 -0.11 -0.11 -0.11 -0.11 -0.75 -0.75 -0.75 -0.75 -0.64 -0.64 -0.64 -0.27000744 -0.27 -0.27 -0.27000002 -0.44 -0.44 -0.26021932 -0.26 0.44499768 0.445 
-1.115 -1.115 -1.115 -1.1149865 -0.865 -0.98860397 -1.715 -1.715 -1.715 -1.2 -1.2 -1.2 -0.52000001 -0.52 -0.52 -0.52000001 -0.69043048 -0.69 -0.69 -0.69 -0.69488912 -0.30000196 -0.3 -0.3 -0.3 -0.30000003 -1.13 -1.13 -0.54 -0.54 -0.54 -0.54 -0.11000038 -0.11 -0.11 -0.11004276 -0.75000001 -0.75 -0.75 -0.75182053 -0.64 -0.64 -0.64 -0.27001716 -0.27 -0.27 -0.27 -0.44 -0.44 -0.43999994 -0.015 -0.015 0.965 
-1.115 -1.115 -1.115 -0.86500058 -0.865 -0.865 -1.7149997 -1.715 -1.715 -1.2 -1.2 -1.2 -0.52 -0.52 -0.52 -0.55084462 -0.925 -0.925 -0.92499939 -0.69132734 -0.3 -0.3 -0.3 -0.3 -0.3 -0.30062462 -1.13 -1.13 -1.13 -0.54 -0.54 -0.54020919 -0.635 -0.635 -0.635 -1.27 -1.27 -1.165 -1.165 -1.165 0.03 -0.63978984 -0.63999392 0.175 0.175 0.15813501 -0.26999911 -0.44 -0.44 -0.015 -0.015 -0.015 0.965 
-1.115 -1.115 -1.115 -0.865 -0.865 -0.865 -0.865 -1.715 -1.715 -1.2 -1.2 -0.54719019 -0.52 -0.52 -0.52 -0.925 -0.925 -0.925 -0.925 -0.925 -0.3 -0.3 -0.3 -0.3 -0.3 -1.1299972 -1.13 -1.13 -1.13 -0.865 -0.865 -0.865 -0.635 -0.635 -0.635 -1.27 -1.27 -1.165 -1.165 0.03 0.03 0.03 0.175 0.175 0.175 0.175 0.19759052 0.45 0.45 0.45 -0.014999984 0.84 0.84 
-1.115 -1.115 -1.1146519 -0.865 -0.865 -0.865 -0.865 -0.49847547 -0.48 -0.48123614 -1.2 -0.52001005 -0.52 -0.52 -0.5200014 -0.925 -0.925 -0.925 -0.925 -0.925 -1.551519 -0.3 -0.3 -0.3 -0.30022759 -1.1300155 -1.13 -1.13 -1.13 -0.865 -0.865 -0.865 -0.86496868 -0.635 -1.27 -1.27 -1.27 -1.2699952 -1.1649185 0.03 0.03 0.03 0.1749912 0.175 0.175 0.175 0.45000454 0.45 0.45 0.45 0.84 0.84 0.84 
0.305 0.30499752 -0.86509018 -0.865 -0.865 -0.865 -0.48008192 -0.48 -0.48 -0.48 -0.64 -0.64 -0.64 -0.64 -0.9236846 -0.925 -0.925 -0.925 -0.925 -1.6049996 -1.605 -1.605 -1.4049998 -1.405 -1.405 -1.405 -1.381264 -1.13 -1.0950014 -1.095 -1.095 -1.095 -1.095 -0.6 -0.6 -0.6 -0.6 -0.6 0.325 0.325 0.325 0.325 0.325 0.90389958 0.905 0.905 0.905 0.45 0.45 0.45 0.83993856 0.84 0.84 
0.305 0.305 0.30993943 0.89499646 0.89499961 0.89365837 -0.48 -0.48 -0.48 -0.48 -0.64 -0.64 -0.64 -0.64 -0.64 -0.925 -0.925 -0.925 -1.6049998 -1.605 -1.605 -1.605 -1.405 -1.405 -1.405 -1.405 -1.405 -1.4049415 -1.0948899 -1.095 -1.095 -1.095 -1.0949558 -0.34489427 -0.59973585 -0.6 -0.6 -0.59999999 0.325 0.325 0.325 0.325 0.325 0.905 0.905 0.905 0.905 0.69223311 0.45 0.9988079 1.005 0.365 0.365 
0.305 0.305 0.89492527 0.895 0.895 0.895 0.5457558 -0.48 -0.48 -0.48 -0.64 -0.64 -0.64 -0.64 -0.64 -0.92478125 -0.925 -1.6048006 -1.605 -1.605 -1.605 -1.605 -1.4790913 -1.405 -1.405 -1.405 -1.405 -1.4045785 -0.81 -0.81 -0.81 -0.81 -0.81 -0.15 -0.15 -0.15 -0.15 -0.15 1.135 1.135 1.135 1.135 1.135 0.90651383 0.90500032 0.905 0.9051051 0.91766009 1.005 1.005 1.005 0.36500358 0.365 
0.30500202 1.3786519 0.89500007 0.895 0.895 0.895 0.895 -0.47941454 -0.48 -0.48 -0.64 -0.64 -0.64 -0.64 -0.69866732 -0.7 -0.7 -1.6049767 -1.605 -1.605 -1.605 -1.605 -1.6049998 -1.405 -1.405 -1.405 -1.405 -0.66500016 -0.66500007 -0.69585952 -0.81 -0.81 -0.81 -0.15 -0.15 -0.15 -0.15 -0.14996275 1.135 1.135 1.135 1.135 1.1350084 1.525 1.525 1.525 1.525 1.5249581 1.005 1.005 1.005 1.0049998 0.72462449 
1.4 1.4 1.3207497 0.895 0.895 0.895 0.895 0.895 -0.47941157 0.40499999 0.405 0.405 0.40252 -0.69999991 -0.7 -0.7 -0.7 -0.7 -1.604993 -1.545508 -1.025 -1.025 -1.025 -1.1182834 -1.3421714 -1.0059878 -0.72234048 -0.665 -0.665 -0.665 -0.665 -0.665 -0.66579484 -0.097132454 -0.095 -0.095 -0.095 -0.095 1.1556635 1.2449998 1.245 1.245 1.245 1.2100009 1.5249999 1.525 1.525 0.98 1.0049996 1.005 1.005 0.73 0.73 
1.4 1.4 1.495 1.495 1.495 0.89519986 0.895 0.895 0.405 0.405 0.405 0.405 0.405 -0.69999995 -0.7 -0.7 -0.7 -0.7 -1.025 -1.025 -1.025 -1.025 -1.025 -0.62000002 -0.62 -0.62 -0.62 -0.665 -0.665 -0.665 -0.665 -0.665 -0.285 -0.285 -0.095000001 -0.095 -0.095 0.54489101 0.545 1.245 1.245 1.245 1.245 1.21 1.21 1.21 0.98 0.98 0.98 0.76 0.76 0.73 0.73 
1.4 1.4 1.495 1.495 1.495 1.495 1.4949981 1.15 0.40570144 0.405 0.405 0.405 0.405 -0.68621613 -0.7 -0.7 -0.7 -0.7 -1.025 -1.025 -1.025 -1.025 -1.025 -0.62 -0.62 -0.62 -0.62 -0.62000014 -0.665 -0.665 -0.665 -0.28501992 -0.285 -0.285 -0.285 -0.095 0.54499999 0.545 0.545 0.56341831 1.3377309 1.355 1.355 1.21 1.21 1.21 0.98 0.98 0.98 0.76 0.76 0.76 0.90208611 
1.325 1.3250006 1.495 1.495 1.495 1.495 1.15 1.15 1.15 0.405 0.405 0.405 0.405 0.40465649 -0.7 -0.7 -0.7 -0.7 -1.0249937 -1.025 -1.025 -1.025 -0.69131375 -0.62 -0.62 -0.62 -0.62 -0.16500037 -0.165 -0.16500001 -0.65961946 -0.285 -0.285 -0.285 -0.28499913 0.62999999 0.545 0.545 0.545 0.54500001 1.355 1.355 1.355 1.3 1.3 1.3 1.0349946 0.98 0.98 0.76 0.76 0.76 0.92000042 
1.325 1.325 1.495 1.495 1.495 1.15 1.15 1.15 1.15 0.48666713 0.405 0.405 0.405 0.4049974 0.15990103 0.16 0.16 0.16 0.36225054 0.43 0.43 0.43 0.43 -0.62 -0.62 -0.62 -0.61996999 -0.165 -0.165 -0.165 -0.165 -0.2848723 0.22966103 0.63 0.63 0.63 0.54740808 1.1899866 1.19 1.19 1.3550117 1.37 1.37 1.3 1.3 1.2999989 1.035 1.035 0.865 0.865 0.865 1.125 1.07 
1.325 1.325 1.92 1.92 1.92 1.15 1.15 1.15 1.15 0.495 0.495 0.495 0.495 0.47139177 0.16 0.16 0.16 0.16 0.36 0.43 0.43 0.43 0.43 0.54 0.53999954 -0.61999829 -0.165 -0.165 -0.165 -0.165 0.18432992 0.525 0.61750644 0.63 0.63 0.63 1.19 1.19 1.19 1.19 1.37 1.37 1.37 1.5649385 1.565 1.0373823 1.035 1.035 0.86500058 0.865 1.125 1.125 1.07 
1.325 1.92 1.92 1.92 1.92 1.92 1.1480981 0.905 0.905 0.495 0.495 0.495 0.495 0.49492066 0.16 0.16 0.16 0.16903663 0.36 0.36 0.43 0.43 0.54 0.54 0.54 0.54 -0.165 -0.165 -0.165 -0.165 0.525 0.525 0.525 0.62989375 0.63 0.63 1.19 1.19 1.19 1.19 1.37 1.37 1.37 1.565 1.565 1.5649773 1.165 1.165 0.975 0.975 1.125 1.125 1.07 
1.9144122 1.92 1.92 1.92 1.92 1.92 0.905 0.905 0.905 0.68555087 0.495 0.495 0.495 0.49500365 0.16 0.16 0.16 0.36 0.36 0.36 0.4299965 0.43000067 0.54 0.54 0.54 0.54 -0.16494989 -0.165 -0.165 0.52484132 0.525 0.525 0.525 0.525 0.63053501 1.175 1.175 1.1752596 1.19 1.19 1.3699998 1.37 1.5593303 1.565 1.565 1.1650001 1.165 1.165 0.975 0.975 1.35 1.35 1.385 
1.92 1.92 1.92 1.92 1.92 1.92 0.905 0.905 0.905 0.905 0.76999208 0.77 0.77 0.77 0.16000365 0.85229069 1.24 1.24 0.36162227 0.36 0.36000001 0.53999984 0.54 0.54 0.54 0.54 0.53948743 -0.165 -0.16497642 0.525 0.525 0.525 0.525 0.525 1.175 1.175 1.175 1.175 1.175 1.1749995 0.955 0.955 0.95500014 1.36 1.36 1.36 1.22 1.22 1.14 1.14 1.35 1.3500001 1.385 
1.92 1.92 1.92 1.92 1.92 1.92 0.905 0.905 0.905 0.77 0.77 0.77 0.77 0.77 0.89389087 1.24 1.24 1.24 1.24 1.24 1.1979829 0.54 0.54 0.54 0.54 0.53921497 0.51503917 -0.072404755 0.52159728 0.525 0.525 0.525 0.525 0.52500142 1.175 1.175 1.175 1.175 1.175 1.0726565 0.955 0.955 0.955 1.36 1.36 1.36 1.22 1.22 1.14 1.14 0.54000001 1.3383862 1.385 
1.92 1.92 1.92 1.92 1.92 1.9199997 0.90500023 0.905 0.89939675 0.77 0.77 0.77 0.77 0.77 0.79254409 1.24 1.24 1.24 1.24 1.24 1.24 0.52109947 0.51500004 0.515 0.515 0.515 0.515 0.515 0.88448979 0.88999568 0.88999999 0.89 0.89 0.8900002 1.175 1.175 1.175 1.175 1.175 0.95500003 0.955 0.955 0.955 0.95500018 1.3597675 1.215 1.22 0.31591591 1.139264 0.54 0.54 0.53428367 0.265 
1.92 1.92 1.92 1.92 1.92 1.9199352 0.90505474 0.90499183 0.77000017 0.77 0.77 0.77 0.77 0.77 0.7789431 1.24 1.24 1.24 1.24 1.24 1.24 0.515 0.515 0.515 0.515 0.515 0.515 0.515 0.88989648 0.89 0.89 0.89 0.89 0.89 0.96808997 1.175 1.175 1.175 1.175 0.955 0.955 0.955 0.955 0.95506661 1.215 1.215 1.2092652 0.3 0.3 0.54 0.54 0.265 0.265 
1.92 1.92 1.92 1.92 1.92 1.9186464 0.90620105 0.78523387 0.77 0.77 0.77 0.77 0.77 0.77 0.77822816 1.24 1.24 1.24 1.24 1.24 1.1367732 0.515 0.515 0.515 0.515 0.515 0.515 0.515 0.8899985 0.89 0.89 0.89 0.89 0.89 0.89 0.93067319 0.55088153 0.34321366 0.31158868 0.87015216 0.95499997 0.955 0.955 1.2149792 1.215 1.20724 -0.08499816 0.3 0.3 -0.16503489 -0.165 -0.165 0.2649998 
1.92 1.92 1.92 1.92 1.919999 1.9115352 0.90043934 0.77003712 0.77 0.77 0.77 0.77 0.77 0.77 0.78097522 1.24 1.24 1.24 1.24 1.24 0.51500313 0.515 0.515 0.515 0.515 0.515 0.515 0.515 0.8899999 0.89 0.89 0.89 0.89 0.89 0.88999988 0.295 0.295 0.295 0.295 -0.365 -0.365 -0.365 -0.365 -0.084996236 -0.085 -0.085 -0.085 -0.08500251 -0.325 -0.325 -0.165 -0.165 -0.4454952 
1.92 1.92 1.92 1.9199999 1.9199717 1.892383 0.78100925 0.77000176 0.77 0.77 0.77 0.77 0.77 0.77 0.7859547 1.2399998 1.24 1.24 1.24 1.2356365 0.515 0.515 0.515 0.515 0.515 0.515 0.515 0.515 0.88999992 0.89 0.89 0.89 0.89 0.89 0.29500055 0.295 0.295 0.295 0.295 -0.365 -0.365 -0.365 -0.365 -0.2894292 -0.085 -0.085 -0.085 -0.32499732 -0.325 -0.325 -0.565 -0.565 -0.565 
1.92 1.92 1.92 1.9199977 1.9197218 1.8104336 0.77070949 0.77000044 0.77 0.77 0.77 0.77 0.77 0.77000003 0.79269997 1.2399889 1.24 1.24 1.2399992 0.52968965 0.515 0.515 0.515 0.515 0.515 0.515 0.515 0.515 0.88999965 0.89 0.89 0.89 0.89 0.39953193 0.29499998 0.295 0.295 0.295 0.295 -0.365 -0.365 -0.365 -0.365 -0.365 -0.085 -0.085 -0.085 -0.325 -0.325 -0.325 -0.565 -0.565 -0.565 
1.92 1.9199999 1.919999 1.9199728 1.9182977 1.2569038 0.77014944 0.77000027 0.77 0.77 0.77 0.77 0.77 0.77000088 0.80071956 1.2398284 1.24 1.24 1.2362463 0.51506165 0.515 0.515 0.515 0.515 0.515 0.515 0.515 0.51500022 0.88999765 0.89 0.88999952 0.27890116 0.22 0.22 0.22 0.295 0.295 0.295 0.295 -0.365 -0.365 -0.365 -0.365 -0.365 -0.085004964 -0.085 -0.085000118 -0.32499998 -0.325 -0.32500013 -0.565 -0.565 -0.565 
