interpolatedSpi/05-07|19_1.tif
NCOLS 53
NROWS 52
XLLCORNER -116.03883
YLLCORNER 28.596182
DX 0.49850594
DY 0.49788537
NODATA_VALUE -9999
[rows 0 to 38 of 52, columns 0 to 52 of 53]
0.5025 0.5025 0.42440385 0.0525 0.18 0.3125 0.275 0.1475 -0.2740783 -0.5875 -0.4225 0.1675 -0.28747736 -0.0125 0.1275 0.1275 0.1275 0.3 0.3475 0.3475 0.3475 0.34749521 -0.15 0.2825 0.2825 0.2825 0.13250412 0.1325 0.1325 -0.1275 -0.1275 -0.1275 -0.1275 -0.86999985 -0.87 -0.87 -0.87 -0.87 -0.87 -0.86999998 -0.20713963 -0.20015217 -0.7975 -0.7975 -0.7975 -0.7975 -0.79804717 -1.1325 -1.1325 -1.1325 0.18749726 0.1875 0.1875
0.50250255 0.56 0.59500032 0.51160074 0.24750138 0.5025 0.9375 -0.019933016 -0.39 -0.0875 0.0325 -0.2875 -0.2875 0.20178309 -0.012496166 0.1275 0.3 0.3 0.34743807 0.3475 0.3475 0.3475 0.2553919 0.2825 0.2825 0.2825 -0.31249996 -0.3125 -0.1275 -0.1275 -0.1275 -0.1275 -0.1275 -0.86999989 -0.87 -0.87 -0.87 -0.87 -0.86999996 -0.77396416 -0.30502102 -0.73773902 -0.7975 -0.7975 -0.7975 -0.7975 -0.7975 -1.1325 -1.1325 -1.1325 -1.0230443 0.1875 0.1875
0.41749829 0.4175 0.87 0.6175 0.15 -0.0125 0.2125 0.635 -0.14 -0.225 0.155 0.085 0.29 -0.055 0.2025 -0.2525 0.3 0.3 0.3 -0.059881539 -0.06 -0.06 -0.2325 0.2825 0.2825 0.2825 -0.3125 -0.3125 -0.3125 -0.1275 -0.1275 -0.12750001 -0.27192002 -0.86839615 -0.86429893 -0.26311263 -0.2575 -0.2575 -0.26347425 -0.305 -0.305 -0.30562978 -0.7975 -0.7975 -0.7975 -0.7975 -0.7975 -1.1325 -1.1325 -1.1325 -1.1325 0.1875 0.1875
0.0675 0.41749989 -0.10754979 0.27 -0.04 0.295 0.3675 -0.065 0.15 0.19747576 -0.1325 -0.255 -0.06 -0.055 -0.1 -0.2525 -0.20784429 -0.20714442 -0.645 -0.06 -0.06 0.02 -0.2325 -0.2325 0.2825 0.28249703 -0.3125 -0.3125 -0.3125 -0.8375 -0.61254213 -0.4275 -0.4275 -0.42749987 -0.2575 -0.2575 -0.2575 -0.2575 -0.305 -0.305 -0.305 -0.30500002 -0.7975 -0.7975 -0.7975 -0.7975 -0.7975 -1.1324958 -1.1325 -1.1325 -1.1325 0.18746742 0.1875
0.0675 0.23749937 -0.1075 -0.19885079 -0.04 0.21 0.1825029 -0.0675 -0.065 -0.31750019 -0.26551768 -0.24004046 -0.5225 -0.1 -0.1 -0.20133047 -0.2075 -0.2075 -0.645 -0.645 -0.059999884 0.02 -0.195 -0.155 0.13 0.1299841 -0.3125 -0.3125 -0.8375 -0.8375 -0.4275 -0.4275 -0.4275 -0.45955757 -0.2575 -0.2575 -0.2575 -0.305 -0.305 -0.305 -0.305 -0.30501617 -0.7975 -0.7975 -0.7975 -0.7975 -0.7975 -0.80048192 -1.1325 -1.1324855 -0.81 -0.81 -0.81
-0.93 0.2775 -0.024999974 -0.14 0.285 0.44 -0.345 -0.30947205 -0.5575 -0.5025 -0.655 -0.6625 -0.66249991 -1.205 -1.205 -0.49245111 -0.4925 -0.2725 -0.2725 -0.64499969 -0.4025 -0.4025 -0.155 0.13 0.13 0.0625 -0.5125 -0.5125 -0.40503934 -0.8375 -0.4275 -0.4275 -0.5975 -0.59755538 -1.1274619 -0.7875 -0.7875 -0.45427239 -0.305 -0.305 -0.47229109 -0.4725 -0.47250021 -0.12950386 -0.11757515 -0.11750018 -0.11750002 -0.11750025 -0.043644565 -0.81 -0.81 -0.81 -0.81
0.11499535 0.29 0.26179615 0.077500001 0.32 -0.325 -0.5525 -0.645 -0.835 -0.835 -0.655 -0.435 -0.475 -1.205 -0.29000274 -0.29 -0.4925 -0.3175 -0.2975 -0.2975 -0.36597697 -0.325 -0.325 -0.012499998 0.0625 0.0625 -0.5125 -0.5125 -0.40500306 -0.40505633 -0.45251518 -0.5975 -0.5975 -1.1275 -1.1275 -0.59687599 -0.7875 -0.7875 -0.60750624 -0.47250019 -0.4725 -0.4725 -0.4725004 -0.11749987 -0.1175 -0.1175 -0.1175 -0.11749986 0.125 -0.80981471 -0.81 -0.81 -0.81
0.115 0.1 0.4575 -0.5675 0.05746417 -0.79 -0.9175 -0.6025 -0.7525 -0.89 -0.89 -0.485 -0.475 -0.475 -0.29126927 -0.33553785 -0.34 -0.65 -0.6899996 -0.2975 -0.61474077 -0.6175 -0.27 -0.5475 -0.54749778 -0.375 -0.040000001 -0.040000167 -0.45731603 -0.4575 -0.4525 -0.51657598 -0.9875 -1.1275 -1.1007614 -0.4375 -0.4375 -0.6075 -0.6075 -0.4725 -0.4725 -0.4725 -0.096959114 -0.095000001 -0.1175 -0.1175 -0.1175 0.12499077 0.125 0.125 -0.81 -0.81 -0.81
0.098862133 0.10000001 0.5975 0.16 -0.045 -0.4825 -0.3775 -0.5625 -0.815 -0.83493594 -1.0175 -0.5975 -0.5975 -0.385 -0.38499795 -0.70148968 -0.7025 -0.7025 -0.65610606 -0.19750008 -0.585 -0.585 -0.25 -0.26211833 -0.39238345 -0.375 -0.335 -0.04 -0.37056784 -0.3725 -0.385 -0.285 -0.28626187 -0.4175 -0.19 -0.18 -0.395 -0.8325 -0.29025051 -0.4729129 -0.565 -0.36 -0.095017506 -0.095 -0.095126642 -0.1175 -0.195 0.125 0.125 0.125 0.125 -0.72004337 0.455
0.0925 0.0925 0.305 0.3525 -0.3125 -0.905 -0.5925 -0.62 -0.5475 -0.83998086 -0.795 -0.6775 -0.385 -0.385 -0.1675 -0.17483777 -0.7025 -0.70243274 -0.4425 -0.1975 -0.1975 -0.24742298 -0.25 -0.29499915 -0.295 -0.295 -0.335 -0.035 -0.035 -0.3725 -0.3725 -0.28500474 -0.2875 -0.4175 -0.12 -0.18 -0.395 -0.625 -0.29 0.0075973982 -0.36000001 -0.30214405 -0.2025 -0.095 -0.095 -0.195 -0.195 -0.195 0.125 0.125 -0.0875 -0.0875 -0.087499797
0.0925 0.0925 -0.005 -0.39 -0.3425 -0.405 -0.5475 -0.64752856 -0.68 -1.0225 -0.4425 -1.0575 -0.67800546 -0.1675 -0.1675 -0.16749077 -0.0875 -0.10613207 -0.4425 -0.28 -0.28 0.42 0.42 -0.295 -0.295 -0.295 -0.035 -0.035 -0.035 -0.175 -0.175 -0.17500019 0.055 0.055 -0.4525 -0.2675 -0.2325 -0.70249987 -0.1125 0.0125 0.0125 -0.1425002 -0.2025 -0.095 -0.15250001 -0.1775 -0.1576615 -0.1575 0.45 0.45 -0.0875 -0.0875 -0.0875
0.0925 0.050275606 -0.16929323 -0.5549879 -0.23 0.015 -0.5475 -0.6475 -0.67999973 -1.0187055 -1.0575 -1.0575 0.1 -0.1675 -0.1675 -0.087500003 -0.0875 -0.087520204 -0.4425 -0.28 -0.14253424 0.42 0.42 -0.2949712 -0.295 -0.2218599 -0.0725 -0.0725 -0.072499995 -0.175 -0.175 -0.12 -0.12 0.054998609 -0.4525 -0.13750011 -0.30546093 -0.7025 -0.7025 0.012499995 -0.1425 -0.1425 -0.14250008 -0.1525 -0.1525 -0.1775 -0.1575 -0.1575 0.45 0.45 -0.0875 -0.0875 -0.0875
-0.255 0.1074068 0.12248131 0.11759587 -0.22999887 0.014994215 -0.54749998 -0.64626906 -0.67776042 -0.68894359 0.1 0.1 0.1 0.1 -0.16746211 -0.0875 -0.0875 -0.092083616 -0.4425 -0.2797956 0.43 0.43 0.43 0.43 -0.28254986 -0.0725 -0.0725 -0.0725 -0.0725 -0.07256463 -0.12 -0.12 -0.12 -0.12 -0.1375 -0.1375 -0.1375 -0.67524002 -0.69720507 0.0025 0.0025 -0.1424922 -0.19749846 -0.15250433 -0.1525 -0.1775 -0.1575 -0.1575 0.45 0.45 -0.085550008 -0.0875 -0.26081572
-0.255 0.1225 0.1225 0.1225 0.1225 0.12249995 -0.54606013 -0.59482048 -0.67178547 0.099151476 0.1 0.1 0.1 0.1 0.10000021 -0.087500001 -0.087500056 -0.11185058 -0.44249223 0.43 0.43 0.43 0.43 0.43 0.4292414 -0.038147011 -0.089999996 -0.09 -0.09 -0.09 -0.12 -0.12 -0.11999962 0.1925 0.1925 -0.1375 0.27811196 0.29 0.0025001662 0.0025 0.0025 0.0025 -0.1975 -0.1975 -0.1975 -0.19736082 -0.19227643 -0.1925 -0.1925 -0.1925 -0.19249999 0.23749993 0.2375
0.555 0.1225 0.1225 0.1225 0.1225 0.1225 0.12249996 -0.37332548 0.39171858 0.3975 0.3975 0.3975 0.3975 0.3975 0.3975 0.79178646 -0.073447379 -0.13611114 0.42989042 0.43 0.43 0.43 0.43 0.43000044 0.395 0.395 0.39499932 -0.09 -0.09 -0.089379243 0.22 0.22 0.1925 0.1925 0.1925 0.2743816 0.29 0.29 0.29 0.0025 0.0025 0.0025 -0.1975 -0.1975 -0.1975 -0.1975 -0.19249999 -0.1925 -0.1925 -0.1925 -0.1925 0.2375 0.2375
0.555 0.39398516 0.1225 0.1225 0.1225 0.1225 0.12000049 0.12 0.12000001 0.3975 0.3975 0.3975 0.3975 0.3975 0.48629432 0.8 0.8 0.8 0.80884293 0.80999961 0.81 0.81 0.81 0.81 0.395 0.395 0.395 0.395 -0.09 0.22 0.22 0.22 0.1925 0.1925 0.1925 0.37 0.29010592 0.29 0.29 0.0025581566 0.11842865 0.38884185 -0.1975 -0.1975 0.36824866 0.37 0.37 -0.19130709 0.52996645 0.53249994 0.53249986 0.73992389 0.23750102
0.555 0.16331 0.13768138 0.1225 0.1225 0.12000148 0.12 0.12 0.12 0.12199974 0.3975 0.3975 0.3975 0.39750005 0.8 0.8 0.8 0.8 0.80999107 0.81 0.81 0.81 0.81 0.81 0.39500001 0.395 0.395 0.395 0.39436347 0.22 0.22 0.22 0.76499999 0.19253188 0.37 0.37 0.37 0.37304448 0.38367762 0.39 0.39 0.39 0.58 0.58 0.37 0.37 0.37 0.5325 0.5325 0.5325 0.5325 0.74 0.74
0.15271284 0.1525 0.1525 0.1525 -0.0025 0.11999684 0.12 0.12 0.12 0.12 0.39693208 0.3974999 0.3975 0.8 0.8 0.8 0.8 0.8 0.79762752 0.81 0.81 0.81 0.81 0.81 0.78347272 1.0574964 1.0575 1.0575 1.0575 0.22000003 0.76499999 0.765 0.765 0.765 0.37 0.37000731 0.6475 0.6475 0.39321527 0.39 0.39 0.39 0.58 0.58 0.40251523 0.37 0.37 0.5325 0.5325 0.5325 0.53472494 0.74 0.74
0.1525 0.1525 0.1525 0.079508188 -0.0025 -0.0025 0.12 0.12 0.12 0.12 0.39 0.39 0.39 0.8 0.8 0.8 0.8 0.79996571 0.75 0.75 0.80999998 0.81 0.81328668 0.945 0.94601279 1.0575 1.0575 1.0575 1.0575 0.76502978 0.765 0.765 0.765 0.765 0.64749902 0.6475 0.6475 0.6475 0.64661677 0.39 0.39 0.39 0.58 0.58 0.58 0.37 0.37 0.5325 0.5325 0.5325 0.74 0.74 0.74
0.1525 0.1525 0.1525 -0.0025 -0.0025 -0.0025 -0.0024998128 0.12 0.12 0.38972128 0.39 0.39 0.39 0.39025545 0.63204485 0.5925 0.5925 0.5925 0.75 0.75 0.75 0.945 0.945 0.945 0.94496498 0.93292548 1.0575 1.0575 1.0575 0.90591463 0.92998377 0.93 0.93 0.93 0.80981149 1.0374991 1.0375 1.0375 1.0375 1.0449104 1.045 1.045 0.58 0.58 0.87499877 0.87500003 0.9475 0.9475 0.835 0.835 0.835 0.74 0.88237259
0.15250069 0.1525 0.15249999 -0.0025 -0.0025 -0.0025 -0.0024999987 0.1175 0.11999 0.38995013 0.39 0.39 0.39 0.39039736 0.5925 0.5925 0.5925 0.59250005 0.75 0.75 0.75 0.945 0.945 0.945 0.82 0.82 0.9275 0.9275 0.9275 0.92751364 0.93 0.93 0.93 0.93 0.98372047 1.0375 1.0375 1.0375 1.0375 1.045 1.045 1.045 1.0396511 0.875 0.875 0.875 0.9475 0.9475 0.835 0.835 0.835 0.8825 0.8825
0.375 0.27905144 0.4475 0.44736945 -0.0025 0.11680568 0.1175 0.1175 0.23592305 0.335 0.335 0.335 0.335 0.40499772 0.405 0.59249986 0.5925 0.59664989 0.75 0.75 0.75 0.44 0.44 0.44 0.82 0.82 0.9275 0.9275 0.9275 0.92749997 0.8825003 0.88250013 0.92880616 0.92994908 0.91501782 0.915 0.915 0.915 0.915 1.045 1.045 1.045 0.8843606 0.875 0.875 0.87499989 0.9475 0.9475 0.94749595 0.835 0.83499553 0.735 0.8825
0.56746344 0.56749998 0.4475 0.4475 0.4475 0.1175 0.1175 0.1175 0.4425 0.4425 0.335 0.335 0.335 0.405 0.405 0.405 0.405 0.405039 0.75 0.75 0.74999999 0.44 0.44 0.44 0.82 0.82 0.9275 0.9275 0.9275 0.88300738 0.8825 0.8825 0.8825 0.8825 0.91498396 0.915 0.915 0.915 0.915 0.85000005 0.85 0.85 0.85 0.87499544 0.28 0.28 0.28 0.5 0.5 0.5 0.735 0.735 0.735
0.5675 0.5675 0.4475 0.4475 0.4475 0.11923454 0.1175 0.4425 0.4425 0.4425 0.33501323 0.335 0.1450185 0.40499993 0.405 0.405 0.405 0.135 0.135 0.135 0.3175 0.31750009 0.4399994 0.44 0.44018673 0.575 0.575 0.57500084 0.92744303 0.73252989 0.7325008 0.73252619 0.88224363 0.88237055 0.90911394 0.91499975 0.91283846 0.27 0.27 0.85 0.85 0.85 0.85 0.28 0.28 0.28 0.28 0.5 0.5 0.5 0.735 0.735 0.735
0.5675 0.5675 0.4475 0.4475 0.4475 0.4475 0.23913801 0.4425 0.4425 0.4425 0.44231219 0.1025 0.1025 0.1025 0.4032173 0.405 0.13679921 0.135 0.135 0.135 0.3175 0.3175 0.3175 0.3175 0.575 0.575 0.575 0.575 0.575 0.7325 0.7325 0.7325 0.7325 0.73250018 0.8175 0.27 0.27 0.27 0.27 0.26999931 -0.04 -0.04 -0.04 0.047862114 0.23 0.23 0.23 0.49999999 0.49999982 0.3125 0.3125 0.53254926 0.5325
0.5675 0.5675 0.49081157 0.4475 0.4475 0.4475 0.38510203 0.44231879 0.4425 0.4425 0.10250006 0.1025 0.1025 0.1025 0.1025 0.12729979 0.135 0.135 0.135 0.135 0.31749859 0.3175 0.3175 0.3175 0.575 0.575 0.575 0.575 0.575 0.55884524 0.7325 0.7325 0.7325 0.8175 0.8175 0.81707485 0.27 0.27 0.25874443 0.25 -0.04 -0.04 -0.04 0.046884106 0.23 0.23 0.23 0.28 0.31209505 0.3125 0.3125 0.5325 0.5325
0.485 0.485 0.485 0.45690228 0.44803055 0.385 0.385 0.385 0.385 0.3925 0.3925 0.10250002 0.1025 0.1025 0.1025 0.10250206 0.135 0.135 0.135 0.135 0.23786292 0.3175 0.3175 0.31134995 0.10443047 0.575 0.575 0.575 0.4975 0.4975 0.4975 0.49750099 0.8175 0.8175 0.8175 0.8175 0.25 0.25 0.25 0.25 -0.1475 -0.1475 -0.1475 0.26999161 0.27 0.27 0.26999999 0.28 0.28 0.3124604 0.3125 0.53249831 0.5325
0.485 0.485 0.485 0.48501777 0.815 0.75247093 0.385 0.385 0.385 0.3925 0.3925 0.3925 0.2225 0.2225 0.2225 0.2225 0.13539842 0.135 0.135 0.135 0.13775452 0.082500645 0.0825 0.0825 0.0825 0.082499998 -0.17499999 -0.175 0.4975 0.4975 0.4975 0.4975 0.81749991 0.8175 0.8175 0.81748982 0.25 0.25 0.25 0.25016451 -0.1475 -0.1475 -0.1475 0.26998064 0.27 0.27 0.27 0.28 0.28 0.27999999 0.1975 0.1975 0.365
0.485 0.485 0.485 0.81499924 0.815 0.815 0.38500016 0.385 0.385 0.3925 0.3925 0.3925 0.2225 0.2225 0.2225 0.23240074 0.3525 0.3525 0.35249944 0.1362285 0.0825 0.0825 0.0825 0.0825 0.0825 0.082306218 -0.175 -0.175 -0.175 0.4975 0.4975 0.49712185 0.6925 0.6925 0.6925 0.215 0.215 0.2875 0.2875 0.2875 0.5275 -0.14728827 -0.14749511 0.5075 0.5075 0.49849902 0.27000064 0.28 0.28 0.1975 0.1975 0.1975 0.365
0.485 0.485 0.485 0.815 0.815 0.815 0.815 0.385 0.385 0.3925 0.3925 0.22929755 0.2225 0.2225 0.2225 0.3525 0.3525 0.3525 0.3525 0.3525 0.0825 0.0825 0.0825 0.0825 0.0825 -0.17499912 -0.175 -0.175 -0.175 -0.09 -0.09 -0.09 0.6925 0.6925 0.6925 0.215 0.215 0.2875 0.2875 0.5275 0.5275 0.5275 0.5075 0.5075 0.5075 0.5075 0.52290263 0.695 0.695 0.695 0.19750001 0.55 0.55
0.485 0.485 0.48545954 0.815 0.815 0.815 0.815 0.65553803 0.6475 0.6470622 0.3925 0.22250754 0.2225 0.2225 0.22250045 0.3525 0.3525 0.3525 0.3525 0.3525 0.20239182 0.0825 0.0825 0.0825 0.082487642 -0.17498889 -0.175 -0.175 -0.175 -0.09 -0.09 -0.09 -0.0898867 0.6925 0.215 0.215 0.215 0.21500312 0.28751637 0.5275 0.5275 0.5275 0.50750121 0.5075 0.5075 0.5075 0.69499971 0.695 0.695 0.695 0.55 0.55 0.55
0.3675 0.36750021 0.81481064 0.815 0.815 0.815 0.64753564 0.6475 0.6475 0.6475 0.31250001 0.3125 0.3125 0.3125 0.35231537 0.3525 0.3525 0.3525 0.3525 0.20750009 0.2075 0.2075 0.02250001 0.0225 0.0225 0.0225 0.0054532097 -0.175 -0.047505222 -0.0475 -0.0475 -0.0475 -0.0475 0.3975 0.3975 0.3975 0.3975 0.3975 0.725 0.725 0.725 0.725 0.725 0.66725881 0.6675 0.6675 0.6675 0.695 0.695 0.695 0.55002284 0.55 0.55
0.3675 0.3675 0.36785596 0.41000081 0.41000009 0.41023181 0.6475 0.6475 0.6475 0.6475 0.3125 0.3125 0.3125 0.3125 0.3125 0.3525 0.3525 0.3525 0.20750004 0.2075 0.2075 0.2075 0.022500001 0.0225 0.0225 0.0225 0.0225 0.022458137 -0.047549235 -0.047500001 -0.0475 -0.0475 -0.047519779 0.41450705 0.39751761 0.3975 0.3975 0.3975 0.725 0.725 0.725 0.725 0.725 0.6675 0.6675 0.6675 0.6675 0.68035954 0.695 0.92243391 0.925 0.7825 0.7825
0.3675 0.3675 0.40999462 0.41 0.41 0.41 0.470324 0.6475 0.6475 0.6475 0.3125 0.3125 0.3125 0.3125 0.3125 0.35246613 0.3525 0.20754251 0.2075 0.2075 0.2075 0.2075 0.091034449 0.0225 0.0225 0.0225 0.0225 0.022360278 -0.175 -0.175 -0.175 -0.175 -0.175 0.4275 0.4275 0.4275 0.4275 0.4275 0.9 0.9 0.9 0.9 0.9 0.66786015 0.66750008 0.6675 0.667525 0.67054553 0.925 0.925 0.925 0.7825008 0.7825
0.36749997 0.35279244 0.40999999 0.41 0.41 0.41 0.41 0.64739887 0.6475 0.6475 0.3125 0.3125 0.3125 0.3125 -0.019948138 -0.0275 -0.0275 0.20749395 0.2075 0.2075 0.2075 0.2075 0.20749996 0.0225 0.0225 0.0225 0.0225 0.22499962 0.22499981 0.13987028 -0.175 -0.175 -0.175 0.4275 0.4275 0.4275 0.4275 0.4275254 0.9 0.9 0.9 0.9 0.90000709 0.815 0.815 0.815 0.815 0.81500887 0.925 0.925 0.925 0.92500011 1.1076399
0.3525 0.3525 0.32942125 0.41 0.41 0.41 0.41 0.41 0.64739676 -0.16749999 -0.1675 -0.1675 -0.16636086 -0.027499511 -0.0275 -0.0275 -0.0275 -0.0275 0.2074988 0.19724275 0.1075 0.1075 0.1075 0.086101891 0.02670191 0.049185532 0.068242995 0.225 0.225 0.225 0.225 0.225 0.21652792 0.46803032 0.465 0.465 0.465 0.465 0.91737625 0.99249983 0.9925 0.9925 0.9925 0.66000045 0.81499996 0.815 0.815 1.0775 0.92500244 0.925 0.925 1.1125 1.1125
0.3525 0.3525 0.125 0.125 0.125 0.40990506 0.41 0.41 -0.1675 -0.1675 -0.1675 -0.1675 -0.1675 -0.027500006 -0.0275 -0.0275 -0.0275 -0.0275 0.1075 0.1075 0.1075 0.1075 0.1075 0.075000002 0.075 0.075 0.075 0.225 0.225 0.225 0.225 0.225 0.735 0.735 0.465 0.465 0.465 0.54748595 0.5475 0.9925 0.9925 0.9925 0.99249994 0.66 0.66 0.66 1.0775 1.0775 1.0775 1.045 1.045 1.1125 1.1125
0.3525 0.3525 0.125 0.125 0.125 0.125 0.12499834 -0.1775 -0.16750942 -0.1675 -0.1675 -0.1675 -0.1675 -0.029246373 -0.0275 -0.0275 -0.0275 -0.0275 0.1075 0.1075 0.1075 0.1075 0.1075 0.075 0.075 0.075 0.075 0.075000628 0.225 0.225 0.225 0.73497326 0.735 0.735 0.735 0.465 0.5475 0.5475 0.5475 0.55920878 0.67215678 0.6125 0.6125 0.66 0.66 0.66 1.0775 1.0775 1.0775 1.045 1.045 1.045 0.76832779
0.3125 0.31250031 0.125 0.125 0.125 0.125 -0.1775 -0.1775 -0.1775 -0.1675 -0.1675 -0.1675 -0.1675 -0.16745648 -0.0275 -0.0275 -0.0275 -0.0275 0.10749766 0.1075 0.1075 0.1075 0.080727738 0.075 0.075 0.075 0.075 0.32999979 0.33 0.33 0.22614599 0.735 0.735 0.735 0.7349997 0.425 0.5475 0.5475 0.5475 0.5475 0.6125 0.6125 0.6125 0.9925 0.9925 0.9925 1.0000075 1.0775 1.0775 1.045 1.045 1.045 0.73250072
