interpolatedSpi/05-08|19_2.tif
NCOLS 53
NROWS 52
XLLCORNER -116.03883
YLLCORNER 28.596182
DX 0.49850594
DY 0.49788537
NODATA_VALUE -9999
[rows 0 to 39 of 52, columns 0 to 52 of 53]
0.72 0.72 0.51926282 -0.005 0.275 0.44 0.65 0.5525 -0.16361198 -0.5725 -0.4925 0.35 -0.18000391 -0.2275 0.155 0.155 0.155 0.275 0.425 0.425 0.425 0.42499665 0.077500004 0.4675 0.4675 0.4675 -0.074993821 -0.075 -0.075 -0.235 -0.235 -0.235 -0.235 -0.76749989 -0.7675 -0.7675 -0.7675 -0.7675 -0.7675 -0.76749998 -0.19120701 -0.18514321 -0.7475 -0.7475 -0.7475 -0.7475 -0.74798184 -1.0425 -1.0425 -1.0425 0.56749666 0.5675 0.5675
0.72000289 0.785 0.90000033 0.79093943 0.40514739 0.815 1.1225 0.097677028 -0.1825 0.045 0.26 -0.18 -0.18 0.28079942 -0.22749046 0.155 0.275 0.275 0.42480442 0.425 0.425 0.425 0.42933811 0.4675 0.4675 0.4675 -0.26499995 -0.265 -0.235 -0.235 -0.235 -0.235 -0.235 -0.76749992 -0.7675 -0.7675 -0.7675 -0.7675 -0.76749997 -0.64418944 -0.0050525786 -0.65740375 -0.7475 -0.7475 -0.7475 -0.7475 -0.7475 -1.0425 -1.0425 -1.0425 -0.90899726 0.5675 0.5675
0.50500214 0.505 1.1825 0.8025 0.3675 0.41 0.575 1.1 -0.1175 -0.165 0.145 0.185 0.535 -0.1125 0.2825 -0.5175 0.275 0.275 0.275 -0.0048749977 -0.005 -0.005 -0.2575 0.4675 0.4675 0.4675 -0.265 -0.265 -0.265 -0.235 -0.235 -0.23500002 -0.38904802 -0.76644256 -0.76342781 -0.33400902 -0.33 -0.33 -0.28912357 -0.0050000023 -0.0050000002 -0.0059494708 -0.7475 -0.7475 -0.7475 -0.7475 -0.7475 -1.0425 -1.0425 -1.0425 -1.0425 0.5675 0.5675
0.1575 0.50499982 -0.38005323 0.39 -0.075 0.565 0.6575 0.245 0.15 0.031098732 -0.25 -0.38 0.185 -0.1125 0.105 -0.5175 -0.15777347 -0.15469872 -0.4 -0.005 -0.005 0.235 -0.2575 -0.2575 0.4675 0.46749634 -0.265 -0.265 -0.265 -1.155 -0.82579336 -0.555 -0.555 -0.55499983 -0.33 -0.33 -0.33 -0.33 -0.005 -0.005 -0.005 -0.0050000279 -0.7475 -0.7475 -0.7475 -0.7475 -0.7475 -1.0424963 -1.0425 -1.0425 -1.0425 0.56744202 0.5675
0.1575 0.54249831 -0.38 -0.45296434 -0.075 0.3725 0.41750349 0.1425 0.15 -0.30750021 -0.3314626 -0.3425265 -0.5275 0.105 0.105 -0.30581828 -0.155 -0.155 -0.4 -0.4 -0.0049995774 0.235 0.0425 -0.04 0.2775 0.27752208 -0.265 -0.265 -1.155 -1.155 -0.555 -0.555 -0.555 -0.60827211 -0.33 -0.33 -0.33 -0.005 -0.005 -0.005 -0.005 -0.0050702252 -0.7475 -0.7475 -0.7475 -0.7475 -0.7475 -0.75012587 -1.0425 -1.0425074 -1.2075 -1.2075 -1.2075
-1.145 0.5625 -0.12499995 -0.2825 0.35 0.7525 -0.585 -0.49185916 -0.655 -0.7325 -0.845 -0.9125 -0.91249975 -1.2025 -1.2025 -0.16496982 -0.165 -0.1375 -0.1375 -0.39999974 -0.3075 -0.3075 -0.04 0.2775 0.2775 0.3725 -0.7525 -0.7525 -0.57005311 -1.155 -0.555 -0.555 -0.8375 -0.83758019 -1.6049449 -1.225 -1.225 -0.38243485 -0.005 -0.005 -0.73159265 -0.7325 -0.7324995 -0.41104606 -0.40503785 -0.40500009 -0.40500001 -0.40500012 0.084858539 -1.2075 -1.2075 -1.2075 -1.2075
0.37999606 0.6275 0.76213911 0.28 0.5825 -0.5425 -0.38 -0.5125 -1.025 -1.025 -0.845 -0.7375 -0.47250002 -1.2025 -0.040003483 -0.04 -0.165 -0.06 -0.1025 -0.1025 -0.29571838 -0.2825 -0.2825 0.28 0.3725 0.3725 -0.7525 -0.7525 -0.56999956 -0.56999195 -0.58493058 -0.8375 -0.8375 -1.605 -1.605 -0.95267998 -1.225 -1.225 -1.0150073 -0.73250039 -0.7325 -0.7325 -0.73249567 -0.40499721 -0.405 -0.405 -0.405 -0.40499955 0.345 -1.2071923 -1.2075 -1.2075 -1.2075
0.38 0.2875 1.2125 -0.55 0.024967036 -0.87 -1.3975 -0.72000001 -1.01 -0.7725 -0.7725 -0.545 -0.4725 -0.4725 -0.042967351 0.030583665 0.0375 -0.43 -0.45749964 -0.1025 -0.2245755 -0.225 -0.1375 -0.69 -0.68999607 -0.385 0.084999999 0.084999704 -0.56252628 -0.5625 -0.585 -0.7115745 -1.3525 -1.605 -1.5679937 -0.725 -0.725 -1.015 -1.015 -0.7325 -0.7325 -0.7325 0.092249461 0.094999975 -0.405 -0.405 -0.405 0.34497145 0.345 0.345 -1.2075 -1.2075 -1.2075
0.25981191 0.28750001 1.1325 0.4 0.29 -0.195 -0.24 -0.4525 -1.215 -0.85814667 -1.0075 -0.65 -0.65 -0.215 -0.21499805 -0.35889213 -0.36 -0.36 -0.43419791 0.13499993 -0.22 -0.22 0.0775 -0.052772039 -0.41573595 -0.385 -0.1775 0.085 -0.16106178 -0.1625 -0.5325 -0.155 -0.19277858 -0.395 -0.3075 -0.3175 -0.5475 -1.085 -0.36283362 -0.7316184 -0.535 -0.235 0.094936507 0.095 0.092185729 -0.405 -0.03500002 0.345 0.345 0.345 0.345 -1.0864165 0.3725
0.105 0.105 0.7875 0.785 0.1225 -0.655 -0.515 -0.3775 -0.5725 -0.76751667 -0.9275 -0.63 -0.215 -0.215 -0.0075 -0.012334697 -0.36 -0.36001742 -0.5025 0.135 0.135 0.089264109 0.0775 -0.27499333 -0.275 -0.275 -0.1775 -0.04 -0.04 -0.1625 -0.1625 -0.15514225 -0.23 -0.395 -0.165 -0.3175 -0.5475 -0.7425 -0.3625 -0.018172408 -0.23500001 -0.25704036 -0.295 0.095 0.095 -0.035 -0.035 -0.035 0.345 0.345 -0.235 -0.235 -0.23499977
0.105 0.105 0.4725 -0.145 -0.295 -0.3275 -0.74499999 -0.72007011 -0.72 -0.8925 -0.4625 -1.1025 -0.63062842 -0.0075 -0.0075 -0.0074809655 0.1575 0.1228601 -0.5025 1.3123035e-25 3.4045624e-34 0.8075 0.8075 -0.275 -0.275 -0.275 -0.04 -0.04 -0.04 -0.005 -0.005 -0.0050003709 0.0425 0.0425 -0.6 -0.405 -0.3675 -1.1449986 0.0875 -0.0125 -0.0125 -0.19500033 -0.295 0.095 -9.9284304e-08 -0.1575 -0.20675708 -0.2075 0.6975 0.6975 -0.235 -0.235 -0.235
0.105 0.26351518 0.20899073 -0.39747792 0.08 0.1525 -0.745 -0.72 -0.72 -0.89058891 -1.1024997 -1.1025 0.055 -0.0074999999 -0.0075 0.15749999 0.1575 0.15746244 -0.5025 -1.4878423e-17 0.15857657 0.8075 0.8075 -0.2749567 -0.275 -0.19282011 -0.025 -0.025 -0.025000002 -0.005 -0.005 -0.21 -0.21 0.042498238 -0.6 -0.2975001 -0.46611757 -1.145 -1.145 -0.012500006 -0.195 -0.195 -0.19499861 -8.7389019e-37 -1.8301802e-40 -0.1575 -0.2075 -0.2075 0.6975 0.6975 -0.235 -0.235 -0.235
-0.62 -0.19431799 -0.24249572 -0.24361342 0.080000186 0.15249829 -0.74499998 -0.72030774 -0.72 -0.72450443 0.055 0.055 0.055 0.055 -0.0074911464 0.1575 0.1575 0.14897835 -0.5025 0.0001458455 0.515 0.515 0.515 0.515 -0.26142725 -0.025 -0.025 -0.025 -0.025 -0.024973813 -0.21 -0.21 -0.21 -0.21 -0.2975 -0.2975 -0.2975 -1.1039467 -1.1368511 -0.06 -0.06 -0.19499274 -0.31998905 -3.0821677e-05 -2.9205832e-18 -0.1575 -0.2075 -0.2075 0.69749999 0.6975 -0.23161699 -0.235 -0.50754938
-0.62 -0.2425 -0.2425 -0.2425 -0.2425 -0.24249983 -0.74270257 -0.7331709 -0.72000003 0.054161091 0.055 0.055 0.055 0.055 0.05500017 0.1575 0.1574999 0.1122285 -0.50248751 0.515 0.515 0.515 0.515 0.515 0.51872672 0.073836862 0.027499989 0.0275 0.0275 0.0275 -0.20999999 -0.21 -0.20999945 0.245 0.245 -0.2975 0.42921331 0.45 -0.059999705 -0.06 -0.06 -0.06 -0.32 -0.32 -0.32 -0.31886915 -0.52292385 -0.525 -0.525 -0.525 -0.52499998 0.21749991 0.2175
0.2225 -0.2425 -0.2425 -0.2425 -0.2425 -0.2425 -0.24250003 -0.57625844 0.28444125 0.29 0.29 0.29 0.29 0.29 0.29 0.86803004 0.16890703 0.067124133 0.51487229 0.515 0.515 0.515 0.515 0.51500089 0.6875 0.6875 0.68749907 0.0275 0.0275 0.028356044 0.455 0.455 0.245 0.245 0.245 0.41716127 0.45 0.45 0.45 -0.06 -0.06 -0.06 -0.32 -0.32 -0.32 -0.32 -0.52499999 -0.525 -0.525 -0.525 -0.525 0.2175 0.2175
0.2225 0.049385783 -0.2425 -0.2425 -0.2425 -0.2425 -0.17001423 -0.17 -0.16999999 0.29 0.29 0.29 0.29 0.29 0.42015813 0.88 0.88 0.88 1.2751777 1.2774992 1.2775 1.2775 1.2775 1.2775 0.6875 0.6875 0.6875 0.6875 0.0275 0.455 0.455 0.455 0.24500002 0.245 0.245 0.54 0.45011916 0.45 0.45 -0.059907303 0.12473791 0.55565443 -0.32 -0.32 0.27067151 0.2725 0.2725 -0.5234735 0.39925881 0.40249992 0.40249982 0.65993296 0.2175009
0.2225 -0.1375629 -0.19442563 -0.2425 -0.2425 -0.17004284 -0.17 -0.17 -0.17 -0.16668511 0.29 0.29 0.29 0.29000007 0.88 0.88 0.88 0.88 1.2771449 1.2775 1.2775 1.2775 1.2775 1.2775 0.68750001 0.6875 0.6875 0.6875 0.68665432 0.455 0.455 0.455 1.225 0.24505366 0.54 0.54 0.54 0.54551707 0.55071006 0.5575 0.5575 0.5575 0.56 0.56 0.2725 0.2725 0.2725 0.4025 0.4025 0.4025 0.4025 0.66 0.66
-0.14733327 -0.1475 -0.1475 -0.1475 -0.2375 -0.17000174 -0.17 -0.17 -0.17 -0.17 0.28015776 0.28999831 0.29 0.88 0.88 0.88 0.88 0.88 0.93404594 1.2775 1.2775 1.2775 1.2775 1.2775 1.2572473 1.6749946 1.675 1.675 1.675 0.45500004 1.225 1.225 1.225 1.225 0.54 0.54001323 1.0425 1.0425 0.56355595 0.5575 0.5575 0.5575 0.56 0.56 0.3170149 0.2725 0.2725 0.4025 0.4025 0.4025 0.40526107 0.66 0.66
-0.1475 -0.1475 -0.1475 -0.18988234 -0.2375 -0.2375 -0.17 -0.17 -0.17 -0.17 0.16 0.16 0.16 0.88 0.88 0.88 0.88 0.88000454 1.2425 1.2425 1.2775 1.2775 1.2864471 1.645 1.6452701 1.675 1.675 1.675 1.675 1.2250458 1.225 1.225 1.225 1.225 1.0424982 1.0425 1.0425 1.0425 1.0408251 0.5575 0.5575 0.5575 0.56 0.56 0.56 0.2725 0.2725 0.40250001 0.4025 0.4025 0.66 0.66 0.66
-0.1475 -0.1475 -0.1475 -0.2375 -0.2375 -0.2375 -0.2374999 -0.17 -0.17 0.15965935 0.16 0.16 0.16 0.16044859 0.90225912 0.9075 0.9075 0.9075 1.2425 1.2425 1.2425 1.645 1.645 1.645 1.6449398 1.5464915 1.675 1.675 1.675 1.7192306 1.8199415 1.82 1.82 1.82 1.2667098 1.5799988 1.58 1.58 1.58 1.0149374 1.015 1.015 0.56 0.56 0.89249861 0.89250006 1.0625 1.0625 0.92 0.92 0.92 0.66 0.98720718
-0.14749903 -0.1475 -0.1475 -0.2375 -0.2375 -0.2375 -0.2375 -0.13250001 -0.16985006 0.15980958 0.16 0.16 0.16 0.1614668 0.9075 0.9075 0.9075 0.9075001 1.2425 1.2425 1.2425 1.645 1.645 1.645 1.43 1.43 1.68 1.68 1.68 1.6807637 1.82 1.82 1.82 1.82 1.7000658 1.58 1.58 1.58 1.58 1.015 1.015 1.015 1.0111457 0.8925 0.8925 0.8925 1.0625 1.0625 0.92 0.92 0.92 0.9875 0.9875
0.165 0.035919772 0.4225 0.42230852 -0.2375 -0.13310753 -0.1325 -0.1325 -0.022275465 -0.049999995 -0.05 -0.05 -0.05 0.26748967 0.2675 0.90749951 0.9075 0.91632676 1.2425 1.2425 1.2425 1.0175 1.0175 1.0175 1.43 1.43 1.68 1.68 1.68 1.68 1.7025007 1.7025003 1.8170468 1.819874 1.2581434 1.2575 1.2575 1.2575 1.2575 1.015 1.015 1.015 0.89924504 0.8925 0.8925 0.89249987 1.0625 1.0625 1.0624949 0.92 0.91999363 0.7775 0.9875
0.60491644 0.60499997 0.4225 0.4225 0.4225 -0.1325 -0.1325 -0.1325 0.17 0.17 -0.05 -0.05 -0.05 0.2675 0.2675 0.2675 0.2675 0.26761063 1.2425 1.2425 1.2425 1.0175 1.0175 1.0175 1.43 1.43 1.68 1.68 1.68 1.7022463 1.7025 1.7025 1.7025 1.7025 1.2577196 1.2575 1.2575 1.2575 1.2575 0.72500008 0.725 0.725 0.725 0.89249436 0.1575 0.1575 0.1575 0.485 0.485 0.485 0.7775 0.7775 0.7775
0.605 0.605 0.4225 0.4225 0.4225 -0.12958282 -0.1325 0.17 0.17 0.17 -0.049972918 -0.05 -0.31352272 0.26749985 0.2675 0.2675 0.2675 5.028301e-10 1.1532668e-20 5.1680703e-12 0.50250001 0.50250038 1.0174975 1.0175 1.0177151 1.185 1.185 1.1850012 1.67992 1.5150374 1.515001 1.5150327 1.7021795 1.7023382 1.3366342 1.2574996 1.2542074 0.275 0.275 0.725 0.725 0.725 0.725 0.1575 0.1575 0.1575 0.1575 0.485 0.485 0.485 0.7775 0.7775 0.7775
0.605 0.605 0.4225 0.4225 0.4225 0.4225 -0.019283086 0.17 0.17 0.17 0.16970033 -0.3725 -0.3725 -0.3725 0.26372833 0.2675 0.001782554 1.8267179e-37 1.5591296e-67 5.779537e-34 0.5025 0.5025 0.5025 0.5025 1.185 1.185 1.185 1.185 1.185 1.515 1.515 1.515 1.515 1.5150002 1.615 0.275 0.275 0.275 0.275 0.27499954 0.0575 0.0575 0.0575 0.15268239 0.35 0.35 0.35 0.485 0.48499986 0.345 0.345 0.70251825 0.7025
0.605 0.605 0.48836968 0.4225 0.4225 0.42249999 0.12507985 0.16985818 0.17 0.17 -0.37249989 -0.3725 -0.3725 -0.3725 -0.3725 -0.31998585 8.1573635e-20 3.9199149e-55 8.7103535e-122 2.4421037e-44 0.50249611 0.5025 0.5025 0.5025 1.185 1.185 1.185 1.185 1.185 1.1898592 1.515 1.515 1.515 1.615 1.615 1.6139595 0.275 0.275 0.52262255 0.71499996 0.0575 0.0575 0.0575 0.15272822 0.35 0.35 0.35 0.5825 0.34795923 0.345 0.345 0.7025 0.7025
0.425 0.425 0.425 0.42312682 0.42262721 0.125 0.125 0.125 0.125 0.17 0.17 -0.37249996 -0.3725 -0.3725 -0.3725 -0.37247638 -8.8807174e-23 7.932348e-44 5.7888829e-52 1.1346938e-30 0.2832253 0.5025 0.5025 0.49150842 0.13159308 1.185 1.185 1.185 1.075 1.075 1.075 1.0750018 1.615 1.615 1.615 1.615 0.715 0.715 0.715 0.715 0.245 0.245 0.245 0.70499075 0.705 0.705 0.70499989 0.5825 0.5825 0.34528938 0.345 0.7024995 0.7025
0.425 0.425 0.425 0.42500485 0.515 0.45828759 0.125 0.125 0.125 0.17 0.17 0.17 0.014999985 0.015 0.015 0.014999997 0.00024729611 2.4750236e-14 4.3530095e-23 1.5463197e-19 0.0075967579 0.082501153 0.0825 0.0825 0.0825 0.082500014 0.20500001 0.205 1.075 1.075 1.075 1.075 1.6149998 1.615 1.615 1.6149809 0.71500001 0.715 0.715 0.71691924 0.245 0.245 0.245 0.70497867 0.705 0.705 0.705 0.5825 0.5825 0.5825 0.6025 0.6025 0.46
0.425 0.425 0.425 0.51499979 0.515 0.515 0.12500015 0.125 0.125 0.17 0.17 0.17 0.015 0.015 0.015 0.024139146 0.135 0.135 0.13499965 0.00076251595 0.0825 0.0825 0.0825 0.0825 0.0825 0.082592188 0.205 0.205 0.205 1.075 1.075 1.0748214 1.38 1.38 1.38 1.145 1.145 1.1525 1.1525 1.1525 1.3975 0.24536151 0.24500763 1.2675 1.2675 1.2461819 0.70500128 0.5825 0.5825 0.6025 0.6025 0.6025 0.46
0.425 0.425 0.425 0.515 0.515 0.515 0.515 0.125 0.125 0.17 0.17 0.021197764 0.015 0.015 0.015 0.135 0.135 0.135 0.135 0.135 0.0825 0.0825 0.0825 0.0825 0.0825 0.20499958 0.205 0.205 0.205 0.7975 0.7975 0.7975 1.38 1.38 1.38 1.145 1.145 1.1525 1.1525 1.3975 1.3975 1.3975 1.2675 1.2675 1.2675 1.2675 1.257437 1.145 1.145 1.145 0.6025 0.8475 0.8475
0.425 0.425 0.42512533 0.515 0.515 0.515 0.515 0.60068106 0.605 0.60425316 0.17 0.015006073 0.015 0.015 0.015000415 0.135 0.135 0.135 0.135 0.135 0.027361977 0.0825 0.0825 0.0825 0.082486097 0.20498931 0.205 0.205 0.205 0.7975 0.7975 0.7975 0.79758155 1.38 1.145 1.145 1.145 1.1450004 1.1525167 1.3975 1.3975 1.3975 1.2675079 1.2675 1.2675 1.2675 1.145001 1.145 1.145 1.145 0.8475 0.8475 0.8475
0.2575 0.25750029 0.51494358 0.515 0.515 0.515 0.60498085 0.605 0.605 0.605 0.087500013 0.0875 0.0875 0.0875 0.13478076 0.135 0.135 0.135 0.135 0.025000066 0.025 0.025 0.015000011 0.015 0.015 0.015 0.031399444 0.205 0.48748843 0.4875 0.4875 0.4875 0.4875 1.205 1.205 1.205 1.205 1.205 1.6075 1.6075 1.6075 1.6075 1.6075 1.2475301 1.2475 1.2475 1.2475 1.145 1.145 1.145 0.84754687 0.8475 0.8475
0.2575 0.2575 0.25599303 0.077500879 0.077500097 0.078014528 0.605 0.605 0.605 0.605 0.0875 0.0875 0.0875 0.0875 0.0875 0.135 0.135 0.135 0.025000028 0.025 0.025 0.025 0.015 0.015 0.015 0.015 0.015 0.015040677 0.48749035 0.4875 0.4875 0.4875 0.48749612 1.1454753 1.2049384 1.205 1.205 1.205 1.6075 1.6075 1.6075 1.6075 1.6075 1.2475 1.2475 1.2475 1.2475 1.199569 1.145 1.3773781 1.38 0.865 0.865
0.2575 0.2575 0.0775228 0.0775 0.0775 0.0775 0.21148277 0.605 0.605 0.605 0.0875 0.0875 0.0875 0.0875 0.0875 0.13495993 0.135 0.025032251 0.025 0.025 0.025 0.025 0.018704565 0.015 0.015 0.015 0.015 0.015316993 0.4625 0.4625 0.4625 0.4625 0.4625 1.1 1.1 1.1 1.1 1.1 1.8775 1.8775 1.8775 1.8775 1.8775 1.2482508 1.2475002 1.2475 1.2475521 1.2537909 1.38 1.38 1.38 0.86500288 0.865
0.25749942 -0.051358767 0.077499981 0.0775 0.0775 0.0775 0.0775 0.6047754 0.605 0.605 0.087500001 0.0875 0.0875 0.0875 -0.2913931 -0.3 -0.3 0.024991636 0.025 0.025 0.025 0.025 0.024999945 0.015 0.015 0.015 0.015 0.62249983 0.62249993 0.58844811 0.4625 0.4625 0.4625 1.1 1.1 1.1 1.1 1.1000186 1.8775 1.8775 1.8775 1.8775 1.8775059 1.555 1.555 1.555 1.555 1.5549859 1.38 1.38 1.38 1.3800001 1.4561635
-0.0575 -0.0575 -0.04958939 0.0775 0.0775 0.0775 0.0775 0.0775 0.60477297 -0.26499999 -0.265 -0.265 -0.26416345 -0.29999944 -0.3 -0.3 -0.3 -0.3 0.024997362 0.0024340504 -0.195 -0.195 -0.195 -0.14235149 0.00059345268 -0.076493251 -0.14108935 0.6225 0.6225 0.6225 0.6225 0.6225 0.61988111 1.1248625 1.1275 1.1275 1.1275 1.1275 1.8920583 1.9549999 1.955 1.955 1.955 1.230001 1.5549999 1.555 1.555 1.6275 1.380004 1.38 1.38 1.465 1.465
-0.0575 -0.0575 -0.1725 -0.1725 -0.1725 0.077416723 0.0775 0.0775 -0.265 -0.265 -0.265 -0.265 -0.265 -0.3 -0.3 -0.3 -0.3 -0.3 -0.195 -0.195 -0.195 -0.195 -0.195 -0.165 -0.165 -0.165 -0.165 0.6225 0.6225 0.6225 0.6225 0.6225 0.8925 0.8925 1.1275 1.1275 1.1275 1.1225009 1.1225 1.955 1.955 1.955 1.9549999 1.23 1.23 1.23 1.6275 1.6275 1.6275 1.4275 1.4275 1.465 1.465
-0.0575 -0.0575 -0.1725 -0.1725 -0.1725 -0.1725 -0.17250155 -0.455 -0.26517889 -0.265 -0.265 -0.265 -0.265 -0.29956341 -0.3 -0.3 -0.3 -0.3 -0.195 -0.195 -0.195 -0.195 -0.195 -0.165 -0.165 -0.165 -0.165 -0.16499679 0.6225 0.6225 0.6225 0.89248584 0.8925 0.8925 0.8925 1.1275 1.1225 1.1225 1.1225 1.1444046 1.1499269 1 1 1.23 1.23 1.23 1.6275 1.6275 1.6275 1.4275 1.4275 1.4275 0.92383448
0.275 0.27499739 -0.1725 -0.1725 -0.1725 -0.1725 -0.455 -0.455 -0.455 -0.265 -0.265 -0.265 -0.265 -0.26501088 -0.3 -0.3 -0.3 -0.3 -0.19500189 -0.195 -0.195 -0.195 -0.17028725 -0.165 -0.165 -0.165 -0.165 0.11499977 0.115 0.11500001 0.61706325 0.8925 0.8925 0.8925 0.8924995 0.37250001 1.1225 1.1225 1.1225 1.1225 1 1 1 1.435 1.435 1.435 1.2825336 1.6275 1.6275 1.4275 1.4275 1.4275 0.86750092
0.275 0.275 -0.1725 -0.1725 -0.1725 -0.455 -0.455 -0.455 -0.455 -0.28584386 -0.265 -0.265 -0.265 -0.26500103 -0.44498331 -0.445 -0.445 -0.445 -0.3888824 -0.285 -0.285 -0.285 -0.285 -0.165 -0.165 -0.165 -0.16498153 0.115 0.115 0.115 0.115 0.89240699 0.60001504 0.3725 0.3725 0.3725 1.1209763 0.71500848 0.715 0.715 1.0000822 1.105 1.105 1.435 1.435 1.4349994 1.2825 1.2825 1.1875 1.1875 1.1875 1.04 1.1975
