interpolatedSpi/05-06|19_3.tif
NCOLS 53
NROWS 52
XLLCORNER -116.03883
YLLCORNER 28.596182
DX 0.49850594
DY 0.49788537
NODATA_VALUE -9999
0.02 0.02 0.15094445 -0.92 -1.025 -0.89 -0.905 -1.32 -1.8162352 -1.235 -1.045 -0.825 -1.0700004 -1.075 -1.235 -1.235 -1.235 -0.155 -0.59 -0.59 -0.59 -0.59000563 -1.175 -0.615 -0.615 -0.615 -0.69998529 -0.7 -0.7 -1.055 -1.055 -1.055 -1.055 -1.26 -1.26 -1.26 -1.26 -1.26 -1.26 -1.26 -0.53777903 -0.53028767 -1.66 -1.66 -1.66 -1.66 -1.6594038 -1.295 -1.295 -1.295 -0.72000119 -0.72 -0.72 
0.019997556 -0.035 0.010000842 -0.058964772 -0.67499724 0.41 0.785 -0.80507655 -2.035 -1.575 -0.88 -1.07 -1.07 -0.51188398 -1.0749946 -1.235 -0.155 -0.155 -0.58943282 -0.59 -0.59 -0.59 -0.64342403 -0.615 -0.615 -0.615 -1.205 -1.205 -1.055 -1.055 -1.055 -1.055 -1.055 -1.26 -1.26 -1.26 -1.26 -1.26 -1.2599999 -1.1595086 -0.70000044 -1.5435114 -1.66 -1.66 -1.66 -1.66 -1.66 -1.295 -1.295 -1.295 -1.2473204 -0.72 -0.72 
0.2999685 0.3 0.74 0.145 -0.64 -1.27 -0.905 -0.295 -1.12 -1.415 -0.94 -1.24 -0.69 -1.32 -0.51 -1.38 -0.155 -0.155 -0.155 -0.75995058 -0.76 -0.76 -1.155 -0.615 -0.615 -0.615 -1.205 -1.205 -1.205 -1.055 -1.055 -1.055 -1.413643 -1.2585876 -1.2512971 -0.33356785 -0.325 -0.325 -0.37216512 -0.7 -0.7 -0.7012276 -1.66 -1.66 -1.66 -1.66 -1.66 -1.295 -1.295 -1.295 -1.295 -0.72 -0.72 
-0.135 0.29999991 -0.16010187 -0.19 -0.53 -0.78 -0.26 -1.305 -0.295 -0.18726209 -1.02 -1.26 -1.575 -1.32 -1.22 -1.38 -0.97809863 -0.97442546 -1.705 -0.76 -0.76 -0.905 -1.155 -1.155 -0.615 -0.61500295 -1.205 -1.205 -1.205 -1.83 -1.8135397 -1.8 -1.8 -1.7999988 -0.325 -0.325 -0.325 -0.325 -0.7 -0.7 -0.7 -0.70000004 -1.66 -1.66 -1.66 -1.66 -1.66 -1.2950046 -1.295 -1.295 -1.295 -0.72002499 -0.72 
-0.135 -0.085000138 -0.16 -0.27041578 -0.53 -0.035 -0.32996863 -0.95 -1.03 -1.5000002 -1.4443 -1.4200852 -2.015 -1.22 -1.22 -1.3206926 -0.975 -0.975 -1.705 -1.705 -0.76000033 -0.905 -1.27 -1.27 -1.145 -1.1449918 -1.205 -1.205 -1.83 -1.83 -1.8 -1.8 -1.8 -1.8264003 -0.325 -0.325 -0.325 -0.7 -0.7 -0.7 -0.7 -0.7000835 -1.66 -1.66 -1.66 -1.66 -1.66 -1.656751 -1.295 -1.2950085 -1.485 -1.485 -1.485 
-2.05 -0.425 0.065000018 -0.38 0.295 0.27 -1.015 -1.0066781 -1.485 -1.08 -1.845 -2.075 -2.075 -2.47 -2.47 -1.5049372 -1.505 -1.06 -1.06 -1.7049997 -1.34 -1.34 -1.27 -1.145 -1.145 -1.11 -1.405 -1.405 -1.3550436 -1.83 -1.8 -1.8 -1.94 -1.9400256 -2.1849824 -1.915 -1.915 -1.075888 -0.7 -0.7 -1.5639212 -1.565 -1.5650001 -0.64818232 -0.63011384 -0.63000027 -0.63000004 -0.63000039 -0.89447082 -1.485 -1.485 -1.485 -1.485 
-1.0400055 0.035 -0.35680429 -0.27 -0.19 -1.12 -1.745 -1.78 -1.905 -1.905 -1.845 -1.695 -1.6499999 -2.47 -1.2450037 -1.245 -1.505 -1.29 -1.365 -1.365 -1.3824138 -1.43 -1.43 -1.37 -1.11 -1.11 -1.405 -1.405 -1.3550184 -1.355338 -1.0319742 -1.94 -1.94 -2.185 -2.185 -1.7407152 -1.915 -1.915 -1.8150035 -1.5650003 -1.565 -1.565 -1.5649997 -0.63000162 -0.63 -0.63 -0.63 -0.63000009 -0.78 -1.4848603 -1.485 -1.485 -1.485 
-1.04 -1.86 0.355 -1.49 -0.89503411 -2.13 -1.95 -1.645 -2.145 -1.475 -1.475 -1.12 -1.65 -1.65 -1.2477787 -0.8533745 -0.815 -1.06 -1.355 -1.365 -1.0535839 -1.04 -1.14 -1.275 -1.2749982 -1.135 -0.925 -0.92500017 -1.6688962 -1.67 -1.03 -1.4005156 -1.975 -2.185 -2.1666038 -1.595 -1.595 -1.815 -1.815 -1.565 -1.565 -1.565 -0.92381375 -0.91999999 -0.63 -0.63 -0.63 -0.77999429 -0.78 -0.78 -1.485 -1.485 -1.485 
-1.7439376 -1.86 -0.15 0.055 -0.155 -0.975 -1.23 -1.53 -1.75 -1.4509609 -1.2 -0.72000001 -0.72 -0.225 -0.22499798 -0.8997631 -0.9 -0.9 -1.1050322 -0.52000014 -1.2 -1.2 -0.91 -1.0493608 -1.1491083 -1.135 -0.835 -0.925 -0.90511622 -0.905 -1.24 -1.05 -0.92409059 -1.325 -1.54 -1.47 -1.63 -2.24 -1.3004341 -1.5653348 -1.64 -1.45 -0.92001304 -0.92 -0.91836772 -0.63 -1.55 -0.78000001 -0.78 -0.78 -0.78 -1.3567573 0.03 
-1.095 -1.095 -0.575 0.015 -0.21 -1.325 -1.055 -1.23 -0.955 -1.3749654 -0.99 -1.175 -0.225 -0.225 -0.01 -0.022206752 -0.9 -0.89994583 -0.725 -0.52 -0.52 -0.6076068 -0.91 -1.1649952 -1.165 -1.165 -0.835 -0.785 -0.785 -0.905 -0.905 -1.0495258 -0.8 -1.325 -1.36 -1.47 -1.63 -1.785 -1.3 -0.52280353 -1.45 -1.2846973 -1 -0.92 -0.92 -1.55 -1.55 -1.55 -0.78 -0.78 -0.455 -0.455 -0.45499982 
-1.095 -1.095 -0.46 -1.335 -0.105 -0.51 -0.93499999 -1.2450364 -1.48 -1.275 -0.82 -1.43 -1.1753381 -0.01 -0.01 -0.010009806 -0.095 -0.12806536 -0.725 -0.87 -0.87 0.02 0.02 -1.165 -1.165 -1.165 -0.785 -0.785 -0.785 -1.175 -1.175 -1.1749994 -0.845 -0.845 -1.68 -1.21 -0.885 -1.5099979 -1.37 -0.51 -0.51 -1.1499995 -1 -0.92 -1.0499999 -0.915 -0.72357462 -0.72 0.08 0.08 -0.455 -0.455 -0.455 
-1.095 -0.82104338 -0.83339371 -1.4549678 -0.13 -0.18 -0.935 -1.245 -1.479998 -1.2772712 -1.4299998 -1.43 0.075 -0.0099999999 -0.01 -0.094999997 -0.095 -0.095035855 -0.725 -0.87 -0.69522211 0.02 0.02 -1.1649523 -1.165 -1.1370588 -1.08 -1.08 -1.08 -1.175 -1.175 -0.83 -0.83 -0.84500229 -1.68 -0.68500031 -0.94593431 -1.51 -1.51 -0.51000002 -1.15 -1.15 -1.1499993 -1.05 -1.05 -0.915 -0.72 -0.72 0.08 0.08 -0.455 -0.455 -0.455 
-0.84 -0.35619865 -0.33503626 -0.3430937 -0.13000025 -0.17999882 -0.93499998 -1.2411841 -1.4638061 -1.4746469 0.075 0.075 0.075 0.075 -0.0099879592 -0.095 -0.095 -0.1031343 -0.725 -0.86973579 0.04 0.04 0.04 0.04 -1.144548 -1.08 -1.08 -1.08 -1.08 -1.0799102 -0.83 -0.83 -0.83 -0.83 -0.685 -0.685 -0.685 -1.4699353 -1.5018511 -0.425 -0.425 -1.149961 -0.22502824 -1.0499205 -1.05 -0.915 -0.72 -0.72 0.079999997 0.08 -0.45305908 -0.455 -0.66540192 
-0.84 -0.335 -0.335 -0.335 -0.335 -0.33499993 -0.93306732 -1.0817109 -1.4206022 0.073330531 0.075 0.075 0.075 0.075 0.075000293 -0.094999999 -0.095000099 -0.1382137 -0.72498875 0.04 0.04 0.04 0.04 0.04 0.045075532 -0.64242992 -0.55500011 -0.555 -0.555 -0.555 -0.82999999 -0.83 -0.82999933 -0.275 -0.275 -0.685 -0.057936338 -0.04 -0.42499978 -0.425 -0.425 -0.425 -0.225 -0.225 -0.225 -0.22980177 -0.35741532 -0.355 -0.355 -0.355 -0.35499999 0.69499976 0.695 
1.085 -0.335 -0.335 -0.335 -0.335 -0.335 -0.33500003 -0.80428299 0.46970762 0.48 0.48 0.48 0.48 0.48 0.48 0.71016927 -0.082201723 -0.18126787 0.039904026 0.04 0.04 0.04 0.04 0.04000071 0.275 0.275 0.27499883 -0.555 -0.555 -0.55352821 0.18 0.18 -0.275 -0.275 -0.275 -0.077644255 -0.04 -0.04 -0.04 -0.425 -0.425 -0.425 -0.225 -0.225 -0.225 -0.225 -0.35499998 -0.355 -0.355 -0.355 -0.355 0.695 0.695 
1.085 0.55635013 -0.335 -0.335 -0.335 -0.335 -0.29500785 -0.295 -0.29499998 0.48 0.48 0.48 0.48 0.48 0.53184264 0.715 0.715 0.715 0.64814273 0.64999938 0.65 0.65 0.65 0.65 0.275 0.275 0.275 0.275 -0.555 0.18 0.18 0.18 -0.27499996 -0.275 -0.275 0.38 -0.039443907 -0.04 -0.04 -0.42484782 -0.12134173 0.58696639 -0.225 -0.225 0.67222255 0.675 0.675 -0.3530004 0.85575413 0.85999989 0.85999977 1.0649439 0.69500075 
1.085 0.27242585 -0.038963069 -0.335 -0.335 -0.29502363 -0.295 -0.295 -0.295 -0.28941513 0.48 0.48 0.48 0.48000003 0.715 0.715 0.715 0.715 0.65005806 0.65 0.65 0.65 0.65 0.65 0.27500001 0.275 0.275 0.275 0.27465446 0.18 0.18 0.18 0.66999999 -0.27491056 0.38 0.38 0.38 0.38442073 0.55012359 0.59 0.59 0.59 1.005 1.005 0.675 0.675 0.675 0.86 0.86 0.86 0.86 1.065 1.065 
0.25055694 0.25 0.25 0.25 -0.11 -0.29499523 -0.295 -0.295 -0.295 -0.295 0.4799997 0.48 0.48 0.715 0.715 0.715 0.715 0.715 0.74146859 0.65 0.65 0.65 0.65 0.65 0.83699975 1.4249938 1.425 1.425 1.425 0.18000003 0.66999999 0.67 0.67 0.67 0.38 0.38001067 0.785 0.785 0.59243487 0.59 0.59 0.59 1.005 1.005 0.72609536 0.675 0.675 0.86 0.86 0.86 0.86219813 1.065 1.065 
0.25 0.25 0.25 0.08047063 -0.11 -0.11 -0.295 -0.295 -0.295 -0.295 0.48 0.48 0.48 0.715 0.715 0.715 0.715 0.71511733 1.215 1.215 0.65000023 0.65 0.66095561 1.1 1.1029258 1.425 1.425 1.425 1.425 0.67007688 0.67 0.67 0.67 0.67 0.78499858 0.785 0.785 0.785 0.78435067 0.59 0.59 0.59 1.005 1.005 1.005 0.675 0.675 0.86 0.86 0.86 1.065 1.065 1.065 
0.25 0.25 0.25 -0.11 -0.11 -0.11 -0.11000028 -0.295 -0.295 0.47919998 0.48 0.48 0.48 0.48014643 1.2896899 1.425 1.425 1.425 1.215 1.215 1.215 1.1 1.1 1.1 1.0999958 1.2466617 1.425 1.425 1.425 1.5372275 1.7148972 1.715 1.715 1.715 1.0498955 1.4199986 1.42 1.42 1.42 1.8298303 1.83 1.83 1.005 1.005 1.5699976 1.5699999 1.175 1.175 1.05 1.05 1.05 1.065 1.0050536 
0.25000303 0.25 0.24999999 -0.11 -0.11 -0.11 -0.10999999 0.40999979 -0.29218113 0.47999093 0.48 0.48 0.48 0.48185435 1.425 1.425 1.425 1.4249999 1.215 1.215 1.215 1.1 1.1 1.1 1.085 1.085 1.67 1.67 1.67 1.6702455 1.715 1.715 1.715 1.715 1.567581 1.42 1.42 1.42 1.42 1.83 1.83 1.83 1.8218194 1.57 1.57 1.57 1.175 1.175 1.05 1.05 1.05 1.005 1.005 
1.225 0.7807524 0.845 0.84472294 -0.11 0.4069913 0.41 0.41 0.59765499 0.47000001 0.47 0.47 0.47 1.2299753 1.23 1.4249999 1.425 1.4194668 1.215 1.215 1.215 0.57 0.57 0.57 1.085 1.085 1.67 1.67 1.67 1.6699999 1.5100013 1.5100006 1.7098476 1.7147802 1.6900257 1.69 1.69 1.69 1.69 1.83 1.83 1.83 1.5843162 1.57 1.57 1.5699999 1.175 1.175 1.1749955 1.05 1.0499792 0.585 1.005 
1.419963 1.4199999 0.845 0.845 0.845 0.41 0.41 0.41 0.925 0.925 0.47 0.47 0.47 1.23 1.23 1.23 1.23 1.2299991 1.215 1.215 1.215 0.57 0.57 0.57 1.085 1.085 1.67 1.67 1.67 1.511804 1.51 1.51 1.51 1.51 1.6899112 1.69 1.69 1.69 1.69 1.5500001 1.55 1.55 1.55 1.5699941 0.795 0.795 0.795 0.815 0.815 0.815 0.585 0.585 0.585 
1.42 1.42 0.845 0.845 0.845 0.41228644 0.41 0.925 0.925 0.925 0.47005601 0.47 0.96844608 1.23 1.23 1.23 1.23 1.045 1.045 1.045 0.94999999 0.94999972 0.57000185 0.57 0.57054774 1.25 1.25 1.250001 1.6699321 1.7099601 1.7099989 1.7099651 1.5103418 1.5101726 1.6580694 1.6899996 1.6868834 0.76 0.76 1.55 1.55 1.55 1.55 0.795 0.795 0.795 0.795 0.815 0.815 0.815 0.585 0.585 0.585 
1.42 1.42 0.845 0.845 0.845 0.845 0.60274946 0.925 0.925 0.925 0.92508562 1.08 1.08 1.08 1.229116 1.23 1.0462328 1.045 1.045 1.045 0.95 0.95 0.95 0.95 1.25 1.25 1.25 1.25 1.25 1.71 1.71 1.71 1.71 1.7099992 1.31 0.76 0.76 0.76 0.76 0.75999897 0.31 0.31 0.31 0.44016616 0.71 0.71 0.71 0.815 0.81500041 1.235 1.235 1.7747105 1.775 
1.42 1.42 1.0525346 0.845 0.845 0.84500002 1.5488909 0.92696965 0.925 0.925 1.0800001 1.08 1.08 1.08 1.08 1.0922898 1.045 1.045 1.045 1.045 0.95000073 0.95 0.95 0.95 1.25 1.25 1.25 1.25 1.25 0.99690706 1.71 1.71 1.71 1.31 1.31 1.3095729 0.76 0.76 0.79095282 0.81499999 0.31 0.31 0.31 0.44043819 0.71 0.71 0.71 1.715 1.2409808 1.235 1.235 1.775 1.775 
1.885 1.885 1.885 1.1057566 0.84660809 1.55 1.55 1.55 1.55 1.655 1.655 1.08 1.08 1.08 1.08 1.0799978 1.045 1.045 1.045 1.045 0.99145492 0.95 0.95 0.93992439 0.59550228 1.25 1.25 1.25 0.745 0.745 0.745 0.74500405 1.31 1.31 1.31 1.31 0.815 0.815 0.815 0.815 0.77 0.77 0.77 1.2549902 1.255 1.255 1.2549998 1.715 1.715 1.2355849 1.235 1.7750001 1.775 
1.885 1.885 1.885 1.8850032 1.945 1.8875605 1.55 1.55 1.55 1.655 1.655 1.655 1.54 1.54 1.54 1.54 1.0459709 1.045 1.045 1.045 1.0435384 0.56500106 0.565 0.565 0.565 0.56499999 -0.01499999 -0.015 0.745 0.745 0.745 0.745 1.3099999 1.31 1.31 1.3099849 0.81500001 0.815 0.815 0.81701794 0.77 0.77 0.77 1.2549775 1.255 1.255 1.255 1.715 1.715 1.715 1.8 1.8 1.73 
1.885 1.885 1.885 1.9449999 1.945 1.945 1.5500001 1.55 1.55 1.655 1.655 1.655 1.54 1.54 1.54 1.5426656 1.575 1.575 1.5749986 1.0479936 0.565 0.565 0.565 0.565 0.565 0.56456352 -0.015 -0.015 -0.014999998 0.745 0.745 0.74504506 1.125 1.125 1.125 1.305 1.305 1.275 1.275 1.275 1.885 0.77034974 0.77000892 1.965 1.965 1.9380918 1.2550027 1.715 1.715 1.8 1.8 1.8 1.73 
1.885 1.885 1.885 1.945 1.945 1.945 1.945 1.55 1.55 1.655 1.655 1.5445983 1.54 1.54 1.54 1.575 1.575 1.575 1.575 1.575 0.565 0.565 0.565 0.565 0.565 -0.014998021 -0.015 -0.015 -0.015 0.815 0.815 0.815 1.125 1.125 1.125 1.305 1.305 1.275 1.275 1.885 1.885 1.885 1.965 1.965 1.965 1.965 1.9325518 1.57 1.57 1.57 1.8 1.485 1.485 
1.885 1.885 1.8850836 1.945 1.945 1.945 1.945 1.945 1.945 1.9445021 1.655 1.5400092 1.54 1.54 1.5400001 1.575 1.575 1.575 1.575 1.575 1.3466428 0.565 0.565 0.565 0.56494542 -0.014982277 -0.015 -0.015 -0.015 0.815 0.815 0.815 0.81504491 1.125 1.305 1.305 1.305 1.3049991 1.2750416 1.885 1.885 1.885 1.9649951 1.965 1.965 1.965 1.5699973 1.57 1.57 1.57 1.485 1.485 1.485 
1.7 1.7000003 1.9449598 1.945 1.945 1.945 1.945 1.945 1.945 1.945 1.65 1.65 1.65 1.65 1.5753461 1.575 1.575 1.575 1.575 1.3800001 1.38 1.38 0.30000004 0.3 0.3 0.3 0.27281145 -0.015 0.83496519 0.835 0.835 0.835 0.835 1.79 1.79 1.79 1.79 1.79 2.215 2.215 2.215 2.215 2.215 1.3010024 1.3 1.3 1.3 1.57 1.57 1.57 1.4850134 1.485 1.485 
1.7 1.7 1.7000838 1.7100005 1.7100001 1.7102292 1.945 1.945 1.945 1.945 1.65 1.65 1.65 1.65 1.65 1.575 1.575 1.575 1.38 1.38 1.38 1.38 0.3 0.3 0.3 0.3 0.3 0.29993389 0.83514867 0.835 0.835 0.835 0.83505972 1.957236 1.7901732 1.79 1.79 1.79 2.215 2.215 2.215 2.215 2.215 1.3 1.3 1.3 1.3 1.4262573 1.57 1.2090723 1.205 1.125 1.125 
1.7 1.7 1.7099987 1.71 1.71 1.71 1.769689 1.945 1.945 1.945 1.65 1.65 1.65 1.65 1.65 1.5750522 1.575 1.3800572 1.38 1.38 1.38 1.38 0.700093 0.3 0.3 0.3 0.3 0.30065162 1.22 1.22 1.22 1.22 1.22 2.085 2.085 2.085 2.085 2.085 2.645 2.645 2.645 2.645 2.645 1.300647 1.3000001 1.3 1.3000449 1.3053913 1.205 1.205 1.205 1.1250004 1.125 
1.6999996 1.4891916 1.71 1.71 1.71 1.71 1.71 1.9448999 1.945 1.945 1.65 1.65 1.65 1.65 1.0535489 1.04 1.04 1.3799912 1.38 1.38 1.38 1.38 1.3799998 0.3 0.3 0.3 0.3 1.3649998 1.3649999 1.3341405 1.22 1.22 1.22 2.085 2.085 2.085 2.085 2.0851016 2.645 2.645 2.645 2.645 2.6449682 1.565 1.565 1.565 1.565 1.564971 1.205 1.205 1.205 1.2049999 1.0313991 
1.485 1.485 1.4821344 1.71 1.71 1.71 1.71 1.71 1.9448971 0.82000002 0.82 0.82 0.82196976 1.0400009 1.04 1.04 1.04 1.04 1.379993 1.320508 0.8 0.8 0.8 0.67264253 0.29719873 0.28220965 0.27019029 1.365 1.365 1.365 1.365 1.365 1.36683 2.2320258 2.235 2.235 2.235 2.235 2.5670407 2.2300007 2.23 2.23 2.23 1.1750011 1.5649999 1.565 1.565 1.575 1.2050059 1.205 1.205 1.03 1.03 
1.485 1.485 1.185 1.185 1.185 1.7098251 1.71 1.71 0.82 0.82 0.82 0.82 0.82 1.04 1.04 1.04 1.04 1.04 0.8 0.8 0.8 0.8 0.8 0.26500003 0.265 0.265 0.265 1.365 1.365 1.365 1.365 1.365 1.97 1.97 2.235 2.235 2.235 2.0600298 2.06 2.23 2.23 2.23 2.2299998 1.175 1.175 1.175 1.575 1.575 1.575 1.29 1.29 1.03 1.03 
1.485 1.485 1.185 1.185 1.185 1.185 1.1849956 0.375 0.81958102 0.82 0.82 0.82 0.82 1.0372557 1.04 1.04 1.04 1.04 0.8 0.8 0.8 0.8 0.8 0.265 0.265 0.265 0.265 0.26500452 1.365 1.365 1.365 1.9699683 1.97 1.97 1.97 2.235 2.06 2.06 2.06 2.064473 1.3279809 1.16 1.16 1.175 1.175 1.175 1.575 1.575 1.575 1.29 1.29 1.29 0.33712699 
0.9 0.90000459 1.185 1.185 1.185 1.185 0.375 0.375 0.375 0.82 0.82 0.82 0.82 0.82006839 1.04 1.04 1.04 1.04 0.80000417 0.8 0.8 0.8 0.3592473 0.265 0.265 0.265 0.265 1.0899993 1.09 1.09 1.3620711 1.97 1.97 1.97 1.9699997 1.655 2.06 2.06 2.06 2.06 1.16 1.16 1.16 1.49 1.49 1.49 1.7249854 1.575 1.575 1.29 1.29 1.29 0.26500198 
0.9 0.9 1.185 1.185 1.185 0.375 0.375 0.375 0.375 0.77119587 0.82 0.82 0.82 0.81999832 0.36507768 0.365 0.365 0.365 0.35071377 0.655 0.655 0.655 0.655 0.265 0.265 0.265 0.26505442 1.09 1.09 1.09 1.09 1.9699435 1.7928216 1.655 1.655 1.655 2.0566203 1.1550188 1.155 1.155 1.1602232 1.445 1.445 1.49 1.49 1.490001 1.725 1.725 1.02 1.02 1.02 1.14 0.975 
0.9 0.9 0.275 0.275 0.275 0.375 0.375 0.375 0.375 -0.005 -0.005 -0.005 -0.005 0.021074766 0.365 0.365 0.365 0.365 0.34 0.655 0.655 0.655 0.655 -0.115 -0.11499985 0.26499944 1.09 1.09 1.09 1.09 1.3431376 1.59 1.6472659 1.655 1.655 1.655 1.155 1.155 1.155 1.155 1.445 1.445 1.445 1.7998881 1.8 1.7253371 1.725 1.725 1.0200023 1.02 1.14 1.14 0.975 
0.9 0.275 0.275 0.275 0.275 0.275 0.37088567 -0.155 -0.155 -0.005 -0.005 -0.005 -0.005 -0.0049123739 0.365 0.365 0.365 0.36387042 0.34 0.34 0.655 0.655 -0.115 -0.115 -0.115 -0.115 1.09 1.09 1.09 1.09 1.59 1.59 1.59 1.6549342 1.655 1.655 1.155 1.155 1.155 1.155 1.445 1.445 1.445 1.8 1.8 1.7999955 1.72 1.72 1.455 1.455 1.14 1.14 0.975 
0.28086953 0.275 0.275 0.275 0.275 0.275 -0.155 -0.155 -0.155 -0.074713731 -0.005 -0.005 -0.005 -0.0049980736 0.365 0.365 0.365 0.34 0.34 0.34 0.65498426 0.6549953 -0.115 -0.115 -0.115 -0.115 1.0899143 1.09 1.09 1.589885 1.59 1.59 1.59 1.59 1.6546195 1.5 1.5 1.4940292 1.155 1.155 1.4449997 1.445 1.7896783 1.8 1.8 1.72 1.72 1.72 1.455 1.455 1.235 1.235 1.025 
0.275 0.275 0.275 0.275 0.275 0.275 -0.155 -0.155 -0.155 -0.155 0.0049997119 0.005 0.005 0.005 0.36499953 0.34256465 0.33 0.33 0.33998157 0.34 0.34000006 -0.11499888 -0.115 -0.115 -0.115 -0.115 -0.1141239 1.09 1.0900171 1.59 1.59 1.59 1.59 1.59 1.5 1.5 1.5 1.5 1.5 1.4999989 1.58 1.58 1.5799999 1.37 1.37 1.37 1.315 1.315 1.09 1.09 1.235 1.2349995 1.025 
0.275 0.275 0.275 0.275 0.275 0.275 -0.155 -0.155 -0.155 0.0049999999 0.005 0.005 0.005 0.005 0.090669221 0.33 0.33 0.33 0.33 0.33 0.33047747 -0.115 -0.115 -0.115 -0.115 -0.08454102 0.85348002 1.0579993 1.5875343 1.59 1.59 1.59 1.59 1.5899998 1.5 1.5 1.5 1.5 1.5 1.5372158 1.58 1.58 1.58 1.37 1.37 1.37 1.315 1.315 1.09 1.09 0.905 1.0183804 1.025 
0.275 0.275 0.275 0.275 0.275 0.27499987 -0.1549999 -0.155 -0.14835911 0.005 0.005 0.005 0.005 0.005 0.020589001 0.33 0.33 0.33 0.33 0.33 0.33 0.70505284 0.85499864 0.855 0.855 0.855 0.855 0.855 1.0872949 1.0900059 1.09 1.09 1.09 1.0900003 1.5 1.5 1.5 1.5 1.5 1.58 1.58 1.58 1.58 1.5799999 1.3701122 1.44 1.315 0.99070897 1.089908 0.905 0.905 0.89751681 0.545 
0.275 0.275 0.275 0.275 0.275 0.27497253 -0.15497681 -0.15499032 0.0049997984 0.005 0.005 0.005 0.005 0.005 0.011184059 0.33 0.33 0.33 0.33 0.33 0.33 0.855 0.855 0.855 0.855 0.855 0.855 0.855 1.0899351 1.09 1.09 1.09 1.09 1.09 1.20234 1.5 1.5 1.5 1.5 1.58 1.58 1.58 1.58 1.5799641 1.44 1.44 1.4371483 0.985 0.985 0.905 0.905 0.545 0.545 
0.275 0.275 0.275 0.275 0.275 0.27442654 -0.15448507 -0.013054954 0.0049999997 0.005 0.005 0.005 0.005 0.005 0.010689683 0.33 0.33 0.33 0.33 0.33 0.40475046 0.855 0.855 0.855 0.855 0.855 0.855 0.855 1.0899991 1.09 1.09 1.09 1.09 1.09 1.09 1.2154127 0.77304383 0.53115796 0.49435068 1.5237562 1.58 1.58 1.58 1.4400112 1.44 1.4397612 1.399998 0.985 0.985 0.76505779 0.765 0.765 0.54500009 
0.275 0.275 0.275 0.275 0.27499956 0.27141404 -0.1381543 0.004956004 0.0049999999 0.005 0.005 0.005 0.005 0.005 0.012589251 0.33 0.33 0.33 0.33 0.33 0.85499773 0.855 0.855 0.855 0.855 0.855 0.855 0.855 1.0899999 1.09 1.09 1.09 1.09 1.09 1.0899999 0.475 0.475 0.475 0.475 0.705 0.705 0.705 0.705 1.4000001 1.4 1.4 1.4 1.3999959 1.03 1.03 0.765 0.765 0.33404025 
0.275 0.275 0.275 0.27499997 0.27498799 0.2633988 -0.0052361807 0.0049979109 0.0049999999 0.005 0.005 0.005 0.005 0.0050000002 0.016032506 0.32999987 0.33 0.33 0.33 0.33315975 0.855 0.855 0.855 0.855 0.855 0.855 0.855 0.855 1.0899999 1.09 1.09 1.09 1.09 1.09 0.47500056 0.475 0.475 0.475 0.475 0.705 0.705 0.705 0.705 0.89257751 1.4 1.4 1.4 1.0300041 1.03 1.03 0.145 0.145 0.145 
0.275 0.275 0.27499998 0.27499903 0.27488269 0.23876765 0.0044925403 0.0049994769 0.0049999998 0.005 0.005 0.005 0.005 0.0050000207 0.020696791 0.32999236 0.33 0.33 0.3300006 0.84436267 0.855 0.855 0.855 0.855 0.855 0.855 0.855 0.855 1.0899998 1.09 1.09 1.09 1.09 0.37259908 0.47499989 0.475 0.475 0.475 0.475 0.705 0.705 0.705 0.705 0.705 1.4 1.4 1.4 1.03 1.03 1.03 0.145 0.145 0.145 
0.275 0.27499997 0.27499959 0.27498851 0.27433799 0.1107274 0.0049220492 0.0049996805 0.0049999993 0.005 0.005 0.005 0.005 0.0050006105 0.026242246 0.32988131 0.32999999 0.33000002 0.33271818 0.85495536 0.855 0.855 0.855 0.855 0.855 0.855 0.855 0.85500014 1.0899985 1.09 1.0899993 0.19615393 0.11 0.11 0.11 0.475 0.475 0.475 0.475 0.705 0.705 0.705 0.705 0.705 1.3999877 1.4 1.3999998 1.03 1.03 1.0299995 0.145 0.145 0.145 
