interpolatedSpi/05-09|23_3.tif
NCOLS 53
NROWS 52
XLLCORNER -116.03883
YLLCORNER 28.596182
DX 0.49850594
DY 0.49788537
NODATA_VALUE -9999
[rows 0 to 38 of 52, columns 0 to 52 of 53]
0.61 0.61 0.75050086 1.032 0.72 1.004 0.644 0.728 -0.57246917 -0.568 -0.336 -0.316 -0.80998617 -0.642 -0.576 -0.576 -0.576 -0.982 -0.42 -0.42 -0.42 -0.41999703 -0.11200001 -0.808 -0.808 -0.808 -1.0780032 -1.078 -1.078 -1.274 -1.274 -1.274 -1.274 -1.5319999 -1.532 -1.532 -1.532 -1.532 -1.532 -1.532 0.24684007 0.26580673 -0.492 -0.492 -0.492 -0.492 -0.49218947 -0.608 -0.608 -0.608 -0.14000097 -0.14 -0.14
0.60997379 0.02 0.63399964 0.57112979 0.72182258 0.246 0.336 -0.085561735 -0.554 -0.602 -0.288 -0.81 -0.81 -0.68585328 -0.64199995 -0.576 -0.982 -0.982 -0.42073277 -0.42 -0.42 -0.42 -0.84231938 -0.808 -0.808 -0.808 -0.25000004 -0.25 -1.274 -1.274 -1.274 -1.274 -1.274 -1.532 -1.532 -1.532 -1.532 -1.532 -1.532 -1.3054486 -0.084129138 -0.44249323 -0.492 -0.492 -0.492 -0.492 -0.492 -0.608 -0.608 -0.608 -0.56919299 -0.14 -0.14
0.827994 0.828 0.318 0.114 0.176 1.054 0.26 0.8 -0.532 -0.902 -0.802 -0.34 -0.828 -1.572 -0.686 -1.312 -0.982 -0.982 -0.982 -0.26404535 -0.264 -0.264 -1.46 -0.808 -0.808 -0.808 -0.25 -0.25 -0.25 -1.274 -1.274 -1.274 -1.2557068 -1.531027 -1.5286492 -1.1752988 -1.172 -1.172 -1.0351583 -0.084000008 -0.084000001 -0.084521731 -0.492 -0.492 -0.492 -0.492 -0.492 -0.608 -0.608 -0.608 -0.608 -0.14 -0.14
1.072 0.82799985 0.097775429 -0.016 -0.86 -0.36 -0.152 -0.586 0.112 -0.73178961 -0.782 -1.14 -1 -1.572 -0.986 -1.312 -0.9944483 -0.99199299 -0.622 -0.264 -0.264 -1.014 -1.46 -1.46 -0.808 -0.80799721 -0.25 -0.25 -0.25 -1.334 -1.2802296 -1.236 -1.236 -1.2359999 -1.172 -1.172 -1.172 -1.172 -0.084 -0.084 -0.084 -0.084000015 -0.492 -0.492 -0.492 -0.492 -0.492 -0.60799854 -0.608 -0.608 -0.608 -0.14007036 -0.14
1.072 -0.085999663 0.098 -0.74610724 -0.86 -1.064 -1.0800279 -1.382 -1.766 -0.81000043 -1.0285739 -1.1198742 -0.242 -0.986 -0.986 -1.1990984 -0.992 -0.992 -0.622 -0.622 -0.26400147 -1.014 -0.616 0.0079999999 -0.47 -0.46998965 -0.25 -0.25 -1.334 -1.334 -1.236 -1.236 -1.236 -1.186971 -1.172 -1.172 -1.172 -0.084 -0.084 -0.084 -0.084 -0.084130894 -0.49200001 -0.492 -0.492 -0.492 -0.492 -0.49303254 -0.608 -0.6080756 -2.294 -2.294 -2.294
-0.982 -0.674 -0.77199997 -0.462 -0.598 -1.482 -1.584 -1.5581382 -1.126 -1.714 -2.16 -1.316 -1.3159993 -1.854 -1.854 -0.76392564 -0.764 -1.494 -1.494 -0.62200018 -0.77 -0.77 0.008 -0.47 -0.47 -0.426 -1.138 -1.138 -1.0240292 -1.334 -1.236 -1.236 -0.976 -0.97599457 -0.92400367 -0.64 -0.64 -0.25601129 -0.084 -0.084 -1.4383088 -1.44 -1.4399983 -1.2405486 -1.2539158 -1.2539998 -1.254 -1.2539997 -2.0939159 -2.294 -2.294 -2.294 -2.294
-0.019991369 -0.71 -0.30399132 -1.016 -1.288 -1.794 -1.28 -1.578 -2.088 -2.088 -2.16 -2.012 -1.8119998 -1.854 -0.45600419 -0.456 -0.764 -0.338 -0.83 -0.83 -0.44765482 -0.086 -0.086 -0.484 -0.426 -0.426 -1.138 -1.138 -1.0240446 -1.0248219 -0.7871019 -0.976 -0.976 -0.924 -0.924 -1.075712 -0.64 -0.64 -1.1319829 -1.4399996 -1.44 -1.44 -1.4399907 -1.254001 -1.254 -1.254 -1.254 -1.2540005 -2.112 -2.2939639 -2.294 -2.294 -2.294
-0.02 -0.94 -0.474 -1.722 -1.0540383 -1.874 -2.47 -2.36 -2.148 -2.184 -2.184 -1.114 -1.812 -1.812 -0.46530342 -0.80208765 -0.836 -0.464 -0.94799988 -0.83 -0.74941016 -0.682 -0.7 -0.226 -0.22601359 -1.28 -1.016 -1.016 -1.7873158 -1.79 -0.784 -1.2055172 -1.032 -0.924 -0.93711975 -1.44 -1.44 -1.132 -1.132 -1.44 -1.44 -1.44 -1.4311176 -1.434 -1.254 -1.254 -1.254 -2.1119673 -2.112 -2.112 -2.294 -2.294 -2.294
-0.97003968 -0.93999999 -0.254 -1.558 -1.04 -2.072 -1.514 -1.238 -2.184 -1.4918242 -0.498 -1.242 -1.242 -0.814 -0.81400085 -0.40520402 -0.404 -0.404 -0.53788334 -1.0900001 -1.476 -1.476 -1.03 -0.83004757 -1.1737846 -1.28 -1.022 -1.016 -1.1870005 -1.188 -1.254 -1.132 -0.85599826 -1.668 -1.384 -1.762 -1.46 -0.692 -0.74797414 -1.4368307 -0.73 -0.972 -1.433901 -1.434 -1.4329869 -1.254 -1.336 -2.112 -2.112 -2.112 -2.112 -2.1824413 -0.33
-1.138 -1.138 -0.036 -0.364 -1.596 -0.746 -1.29 -2.192 -1.62 -1.3160494 -1.772 -0.652 -0.814 -0.814 -0.904 -0.89714227 -0.404 -0.40399221 -0.344 -1.09 -1.09 -1.1397297 -1.03 -1.1419979 -1.142 -1.142 -1.022 -0.936 -0.936 -1.188 -1.188 -1.1309607 -0.584 -1.668 -1.334 -1.762 -1.46 -1.67 -0.748 -0.56304693 -0.97199999 -0.91836845 -0.826 -1.434 -1.434 -1.336 -1.336 -1.336 -2.112 -2.112 -1.398 -1.398 -1.3979996
-1.138 -1.138 -0.762 -1.202 -1.2 -0.204 -1.554 -0.7595185 -0.464 -0.486 -0.624 -0.348 -0.65159553 -0.904 -0.904 -0.90396516 -0.602 -0.58845895 -0.344 -0.318 -0.318 -0.128 -0.128 -1.142 -1.142 -1.142 -0.936 -0.936 -0.936 -1.03 -1.03 -1.0299993 -1.324 -1.324 -2.222 -1.586 -1.368 -1.0320083 -0.926 -0.56 -0.56 -0.92599967 -0.826 -1.434 -0.75200006 -0.654 -0.84014477 -0.838 -1.45 -1.45 -1.398 -1.398 -1.398
-1.138 -0.97575872 -0.94976369 -1.009989 -0.802 -0.796 -1.554 -0.758 -0.46400246 -0.48575627 -0.34800018 -0.348 -0.262 -0.904 -0.904 -0.60200001 -0.602 -0.60198532 -0.344 -0.318 -0.28068787 -0.128 -0.128 -1.1419588 -1.142 -0.94345338 -0.538 -0.538 -0.53800005 -1.03 -1.03 -0.576 -0.576 -1.3240025 -2.222 -1.0540006 -1.4699848 -1.032 -1.032 -0.56000001 -0.926 -0.926 -0.92599873 -0.752 -0.752 -0.654 -0.838 -0.838 -1.45 -1.45 -1.398 -1.398 -1.398
-0.326 -0.40629764 -0.37003041 -0.37463443 -0.80200014 -0.79600014 -1.554 -0.76779829 -0.48425961 -0.46457448 -0.262 -0.262 -0.262 -0.262 -0.90390906 -0.602 -0.602 -0.59866881 -0.344 -0.31784567 0.216 0.216 0.216 0.216 -1.1185212 -0.538 -0.538 -0.538 -0.538 -0.53816972 -0.576 -0.576 -0.576 -0.576 -1.054 -1.054 -1.054 -1.0341947 -1.0330064 -1.166 -1.166 -0.92601291 -1.1459865 -0.75203795 -0.752 -0.654 -0.838 -0.838 -1.45 -1.45 -1.3981887 -1.398 -1.3353734
-0.326 -0.37 -0.37 -0.37 -0.37 -0.37000018 -1.5520596 -1.1773242 -0.53831037 -0.26221797 -0.262 -0.262 -0.262 -0.262 -0.26199938 -0.602 -0.60199996 -0.58430296 -0.34400178 0.216 0.216 0.216 0.216 0.216 0.22620014 -0.17204039 -0.11400009 -0.114 -0.114 -0.114 -0.57599998 -0.576 -0.57599904 0.222 0.222 -1.054 -0.30735676 -0.286 -1.1659995 -1.166 -1.166 -1.166 -1.146 -1.146 -1.146 -1.1425761 -0.91148031 -0.912 -0.912 -0.912 -0.91200001 -1.1500001 -1.15
-0.69 -0.37 -0.37 -0.37 -0.37 -0.37 -0.37000007 -0.80322997 0.59576975 0.602 0.602 0.602 0.602 0.602 0.60199999 0.93300646 -0.57750627 -0.56667082 0.2159295 0.216 0.216 0.216 0.216 0.21600063 0.688 0.688 0.68799887 -0.114 -0.114 -0.11214173 0.814 0.814 0.222 0.222 0.222 -0.20462369 -0.286 -0.286 -0.286 -1.166 -1.166 -1.166 -1.146 -1.146 -1.146 -1.146 -0.91200001 -0.912 -0.912 -0.912 -0.912 -1.15 -1.15
-0.69 -0.57086764 -0.37 -0.37 -0.37 -0.37 0.60180923 0.602 0.602 0.602 0.602 0.602 0.602 0.602 0.67656516 0.94 0.94 0.94 0.75435606 0.75599945 0.756 0.756 0.756 0.756 0.688 0.688 0.688 0.688 -0.114 0.814 0.814 0.814 0.22200005 0.222 0.222 0.256 -0.28528238 -0.286 -0.286 -1.1659856 -1.137878 -1.0722809 -1.146 -1.146 -1.5487532 -1.55 -1.55 -0.91260403 -1.276721 -1.278 -1.2779999 -0.96802762 -1.1499996
-0.69 0.29676685 -0.018804051 -0.37 -0.37 0.6014257 0.602 0.602 0.602 0.602 0.602 0.602 0.602 0.60200004 0.94 0.94 0.94 0.94 0.75616436 0.756 0.756 0.756 0.756 0.756 0.688 0.688 0.688 0.688 0.68845831 0.814 0.814 0.814 0.99 0.222022 0.256 0.256 0.256 0.25312357 -1.0222077 -1.072 -1.072 -1.072 -1.648 -1.648 -1.55 -1.55 -1.55 -1.278 -1.278 -1.278 -1.278 -0.968 -0.968
0.32344803 0.324 0.324 0.32400001 0.892 0.60200748 0.602 0.602 0.602 0.602 0.58473853 0.60199703 0.60199999 0.94 0.94 0.94 0.94 0.94 0.93352957 0.756 0.756 0.756 0.756 0.756 0.87388583 1.1159977 1.116 1.116 1.116 0.81400001 0.99 0.99 0.99 0.99 0.256 0.25599321 -0.002 -0.002 -1.0586395 -1.072 -1.072 -1.072 -1.648 -1.648 -1.5651738 -1.55 -1.55 -1.278 -1.278 -1.278 -1.274676 -0.968 -0.968
0.324 0.324 0.324 0.59147967 0.892 0.892 0.602 0.602 0.602 0.602 0.374 0.374 0.374 0.94 0.94 0.94 0.94 0.94003801 1.066 1.066 0.75600013 0.756 0.75999271 0.92 0.9217645 1.116 1.116 1.116 1.116 0.99001283 0.99 0.99 0.99 0.99 -0.001999093 -0.002 -0.002 -0.002 -0.0057887134 -1.072 -1.072 -1.072 -1.648 -1.648 -1.648 -1.55 -1.55 -1.278 -1.278 -1.278 -0.968 -0.968 -0.968
0.324 0.324 0.324 0.892 0.892 0.892 0.89199956 0.602 0.602 0.37423536 0.374 0.374 0.374 0.37435265 1.1261672 1.17 1.17 1.17 1.066 1.066 1.066 0.92 0.92 0.92 0.9199507 0.92087696 1.116 1.116 1.116 0.4870989 0.36806118 0.368 0.368 0.368 -0.18504402 -0.443999 -0.444 -0.444 -0.444 -1.0320055 -1.032 -1.032 -1.648 -1.648 -1.1180022 -1.118 -1.162 -1.162 -0.966 -0.966 -0.966 -0.968 -1.0019696
0.32400063 0.324 0.32400002 0.892 0.892 0.892 0.89199999 0.32400008 0.60088845 0.37414871 0.374 0.374 0.374 0.37556197 1.17 1.17 1.17 1.17 1.066 1.066 1.066 0.92 0.92 0.92 0.744 0.744 0.952 0.952 0.952 0.9488141 0.368 0.368 0.368 0.368 -0.037777084 -0.444 -0.444 -0.444 -0.444 -1.032 -1.032 -1.032 -1.0347059 -1.118 -1.118 -1.118 -1.162 -1.162 -0.966 -0.966 -0.966 -1.002 -1.002
0.526 0.43279318 0.412 0.41213926 0.892 0.32728643 0.324 0.324 0.40197703 0.538 0.538 0.538 0.538 1.2719761 1.272 1.1700001 1.17 1.1672598 1.066 1.066 1.066 0.706 0.706 0.706 0.744 0.744 0.952 0.952 0.952 0.95199982 0.69999789 0.69999907 0.37634432 0.36835593 -0.59889354 -0.6 -0.6 -0.6 -0.6 -1.032 -1.032 -1.032 -1.1132644 -1.118 -1.118 -1.118 -1.162 -1.162 -1.1619929 -0.966 -0.96601717 -1.35 -1.002
0.5359981 0.53599998 0.412 0.412 0.412 0.324 0.324 0.324 0.538 0.538 0.538 0.538 0.538 1.272 1.272 1.272 1.272 1.2719768 1.066 1.066 1.066 0.706 0.706 0.706 0.744 0.744 0.952 0.952 0.952 0.70284132 0.7 0.7 0.7 0.7 -0.59935853 -0.6 -0.6 -0.6 -0.6 -0.70400009 -0.704 -0.704 -0.704 -1.1180012 -1.272 -1.272 -1.272 -1.57 -1.57 -1.57 -1.35 -1.35 -1.35
0.536 0.536 0.412 0.412 0.412 0.32446254 0.324 0.538 0.538 0.538 0.538 0.538 0.68508245 1.2719999 1.272 1.272 1.272 0.678 0.678 0.678 0.97799999 0.9779998 0.70600132 0.706 0.70623714 1.088 1.088 1.0879997 0.95202198 0.66200757 0.6620002 0.66200663 0.69993505 0.69996721 -0.36849099 -0.59999997 -0.59977882 -0.534 -0.534 -0.704 -0.704 -0.704 -0.704 -1.272 -1.272 -1.272 -1.272 -1.57 -1.57 -1.57 -1.35 -1.35 -1.35
0.536 0.536 0.412 0.412 0.412 0.412 0.40409395 0.538 0.538 0.538 0.53809943 0.718 0.718 0.718 1.2687352 1.272 0.68195827 0.678 0.678 0.678 0.978 0.978 0.978 0.978 1.088 1.088 1.088 1.088 1.088 0.662 0.662 0.662 0.662 0.66199839 -0.104 -0.534 -0.534 -0.534 -0.534 -0.53400191 -1.11 -1.11 -1.11 -1.124319 -1.154 -1.154 -1.154 -1.57 -1.5700001 -1.682 -1.682 -0.93810023 -0.938
0.536 0.536 0.45675529 0.412 0.412 0.412 0.39225908 0.53753989 0.538 0.538 0.71799992 0.718 0.718 0.718 0.718 0.76340365 0.678 0.678 0.678 0.678 0.97799768 0.978 0.978 0.978 1.088 1.088 1.088 1.088 1.088 0.47430507 0.662 0.662 0.662 -0.104 -0.104 -0.10433391 -0.534 -0.534 -0.7827481 -0.97599996 -1.11 -1.11 -1.11 -1.1242483 -1.154 -1.154 -1.154 -1.206 -1.6760691 -1.682 -1.682 -0.938 -0.938
0.55 0.55 0.55 0.44660039 0.41180269 0.392 0.392 0.392 0.392 0.324 0.324 0.71799997 0.718 0.718 0.718 0.71799742 0.678 0.678 0.678 0.678 0.84708973 0.978 0.978 0.99328352 1.5408933 1.088 1.088 1.088 0.408 0.408 0.408 0.40800107 -0.104 -0.104 -0.104 -0.104 -0.976 -0.976 -0.976 -0.976 -0.95 -0.95 -0.95 -1.1859953 -1.186 -1.186 -1.186 -1.206 -1.206 -1.68142 -1.682 -0.93799988 -0.938
0.55 0.55 0.55 0.54998525 0.276 0.29286831 0.392 0.392 0.392 0.324 0.324 0.324 -0.42199995 -0.422 -0.422 -0.42199999 0.6756919 0.678 0.678 0.678 0.68258095 1.5619984 1.562 1.562 1.562 1.562 0.772 0.772 0.408 0.408 0.408 0.408 -0.10400004 -0.104 -0.104 -0.10400489 -0.976 -0.976 -0.976 -0.97543849 -0.95 -0.95 -0.95 -1.1859891 -1.186 -1.186 -1.186 -1.206 -1.206 -1.206 -0.914 -0.914 -0.798
0.55 0.55 0.55 0.27600063 0.276 0.276 0.39199996 0.392 0.392 0.324 0.324 0.324 -0.422 -0.422 -0.422 -0.43418553 -0.582 -0.582 -0.58199675 0.6708832 1.562 1.562 1.562 1.562 1.562 1.5614055 0.772 0.772 0.772 0.408 0.408 0.40806437 -0.164 -0.164 -0.164 -0.588 -0.588 -0.848 -0.848 -0.848 -0.678 -0.94991468 -0.94999984 -0.928 -0.928 -0.93777791 -1.1859994 -1.206 -1.206 -0.914 -0.914 -0.914 -0.798
0.55 0.55 0.55 0.276 0.276 0.276 0.276 0.392 0.392 0.324 0.324 -0.39217076 -0.422 -0.422 -0.422 -0.582 -0.582 -0.582 -0.582 -0.582 1.562 1.562 1.562 1.562 1.562 0.7720027 0.772 0.772 0.772 0.508 0.508 0.508 -0.164 -0.164 -0.164 -0.588 -0.588 -0.848 -0.848 -0.678 -0.678 -0.678 -0.928 -0.928 -0.928 -0.928 -0.92684994 -0.914 -0.914 -0.914 -0.914 -0.702 -0.702
0.55 0.55 0.54961844 0.276 0.276 0.276 0.276 0.22839941 0.226 0.22616825 0.32399997 -0.42199849 -0.422 -0.422 -0.42200055 -0.582 -0.582 -0.582 -0.582 -0.582 -0.6764198 1.562 1.562 1.562 1.5618801 0.7720117 0.772 0.772 0.772 0.508 0.508 0.508 0.50790185 -0.164 -0.588 -0.588 -0.588 -0.58801061 -0.84798841 -0.678 -0.678 -0.678 -0.92798482 -0.928 -0.928 -0.928 -0.91400189 -0.914 -0.914 -0.914 -0.702 -0.702 -0.702
0.67 0.66999979 0.27615802 0.276 0.276 0.276 0.22601064 0.226 0.226 0.226 -0.40399998 -0.404 -0.404 -0.404 -0.58117846 -0.582 -0.582 -0.582 -0.582 -0.77199989 -0.772 -0.772 0.9800001 0.98 0.98 0.98 0.96204692 0.772 0.36801655 0.368 0.368 0.368 0.368 -0.462 -0.462 -0.462 -0.462 -0.462 -1.124 -1.124 -1.124 -1.124 -1.124 -1.1017377 -1.102 -1.102 -1.102 -0.914 -0.914 -0.914 -0.7020334 -0.702 -0.702
0.67 0.67 0.66750489 0.37199981 0.37199998 0.37185761 0.226 0.226 0.226 0.226 -0.404 -0.404 -0.404 -0.404 -0.404 -0.582 -0.582 -0.582 -0.77199995 -0.772 -0.772 -0.772 0.97999999 0.98 0.98 0.98 0.98 0.97995539 0.36831125 0.368 0.368 0.368 0.36812503 -0.13659847 -0.46166306 -0.462 -0.462 -0.46199999 -1.124 -1.124 -1.124 -1.124 -1.124 -1.102 -1.102 -1.102 -1.102 -1.0140875 -0.914 -0.39584623 -0.39 -0.208 -0.208
0.67 0.67 0.37203775 0.372 0.372 0.372 0.33491662 0.226 0.226 0.226 -0.404 -0.404 -0.404 -0.404 -0.404 -0.58186798 -0.582 -0.77194429 -0.772 -0.772 -0.772 -0.772 0.33096025 0.98 0.98 0.98 0.98 0.9801376 1.174 1.174 1.174 1.174 1.174 0.112 0.112 0.112 0.112 0.112 -1.018 -1.018 -1.018 -1.018 -1.018 -1.1001395 -1.1019996 -1.102 -1.1018708 -1.0863555 -0.39 -0.39 -0.39 -0.20800102 -0.208
0.6699995 0.4013419 0.372 0.372 0.372 0.372 0.372 0.22606217 0.226 0.226 -0.404 -0.404 -0.404 -0.404 -0.93591702 -0.948 -0.948 -0.77200453 -0.772 -0.772 -0.772 -0.772 -0.77199983 0.98 0.98 0.98 0.98 1.7059995 1.7059998 1.5927775 1.174 1.174 1.174 0.112 0.112 0.112 0.112 0.11222757 -1.018 -1.018 -1.018 -1.018 -1.0179458 -0.34 -0.34 -0.34 -0.34 -0.34000403 -0.39 -0.39 -0.39 -0.39000002 -0.42278942
0.396 0.396 0.3183771 0.372 0.372 0.372 0.372 0.372 0.22606021 -0.61799999 -0.618 -0.618 -0.61749213 -0.94799922 -0.948 -0.948 -0.948 -0.948 -0.77199753 -0.75087007 -0.566 -0.566 -0.566 -0.17571303 0.92381447 0.62317632 0.37031266 1.706 1.706 1.706 1.706 1.706 1.6788631 0.45446467 0.448 0.448 0.448 0.448 -0.88499923 -0.31000127 -0.31 -0.31 -0.31 -0.18800045 -0.33999996 -0.34 -0.34 0.132 -0.38999164 -0.39 -0.39 -0.426 -0.426
0.396 0.396 -0.097999996 -0.098 -0.098 0.37184344 0.372 0.372 -0.618 -0.618 -0.618 -0.618 -0.618 -0.94799999 -0.948 -0.948 -0.948 -0.948 -0.566 -0.566 -0.566 -0.566 -0.566 0.27799996 0.278 0.278 0.278 1.706 1.706 1.706 1.706 1.706 1.024 1.024 0.448 0.448 0.448 0.48399387 0.484 -0.31 -0.31 -0.31 -0.30999997 -0.188 -0.188 -0.188 0.132 0.132 0.132 0.098 0.098 -0.426 -0.426
0.396 0.396 -0.098 -0.098 -0.098 -0.098 -0.098002624 -0.576 -0.61796046 -0.618 -0.618 -0.618 -0.618 -0.94388355 -0.948 -0.948 -0.948 -0.948 -0.56600001 -0.566 -0.566 -0.566 -0.566 0.278 0.278 0.278 0.278 0.27800579 1.706 1.706 1.706 1.0240358 1.024 1.024 1.024 0.448 0.484 0.484 0.484 0.46310837 -0.16837458 -0.142 -0.142 -0.188 -0.188 -0.188 0.132 0.132 0.132 0.098 0.098 0.098 0.40725904
0.428 0.42799975 -0.098 -0.098 -0.098 -0.098 -0.576 -0.576 -0.576 -0.618 -0.618 -0.618 -0.618 -0.61810259 -0.948 -0.948 -0.948 -0.948 -0.56600695 -0.566 -0.566 -0.56600001 0.12929937 0.278 0.278 0.278 0.278 0.41799989 0.418 0.41800001 1.6921508 1.024 1.024 1.024 1.0239991 0.036000014 0.484 0.484 0.484 0.48399999 -0.142 -0.142 -0.142 -0.198 -0.198 -0.198 -0.055981691 0.132 0.132 0.097999998 0.098 0.098 0.49399864
