interpolatedSpi/05-04|22_3.tif
NCOLS 53
NROWS 52
XLLCORNER -116.03883
YLLCORNER 28.596182
DX 0.49850594
DY 0.49788537
NODATA_VALUE -9999
1.17 1.17 0.74547864 0.62 1.52 0.71 0.82 1.25 0.66078603 0.2 0.28 -0.11 -0.17995471 0.37 0.52 0.52 0.52 0.12 0.11 0.11 0.11 0.10999181 -0.74 -0.47 -0.47 -0.47 -0.41000729 -0.41 -0.41 -0.47 -0.47 -0.47 -0.47 0.34999984 0.35 0.35 0.35 0.35 0.35 0.34999998 -0.5799812 -0.59005796 -0.82 -0.82 -0.82 -0.82 -0.82104534 -1.46 -1.46 -1.46 1.899993 1.9 1.9 
1.1699298 -0.41 0.44999995 0.49169963 0.42014326 1.14 1.04 0.51014354 -0.16 -0.49 -0.37 -0.18 -0.18 -0.14826608 0.36999504 0.52 0.12 0.12 0.11001304 0.11 0.11 0.11 -0.46052532 -0.47 -0.47 -0.47 0.30999995 0.31 -0.47 -0.47 -0.47 -0.47 -0.47 0.34999988 0.35 0.35 0.35 0.35 0.35000008 0.60575845 1.9099058 -0.48873644 -0.82 -0.82 -0.82 -0.82 -0.82 -1.46 -1.46 -1.46 -1.1813856 1.9 1.9 
0.83999008 0.84 0.41 1.05 -0.04 -0.2 0.07 -0.04 -0.81 -0.37 -0.41 -0.69 -0.25 0.12 -0.15 -0.89 0.12 0.12 0.12 -0.38985465 -0.39 -0.39 -0.29 -0.47 -0.47 -0.47 0.31 0.31 0.31 -0.47 -0.47 -0.46999998 -0.27262597 0.35187202 0.36033173 1.4498285 1.46 1.46 1.5165981 1.91 1.91 1.906509 -0.82 -0.82 -0.82 -0.82 -0.82 -1.46 -1.46 -1.46 -1.46 1.9 1.9 
-0.02 0.83999994 0.51994179 1.53 -0.24 -0.12 -0.14 -0.58 -0.08 0.058093377 -0.19 -0.26 -0.44 0.12 -0.46 -0.89 -0.83045906 -0.82933438 -0.21 -0.39 -0.39 -0.6 -0.29 -0.29 -0.47 -0.4699961 0.31 0.31 0.31 -0.53 -0.27212147 -0.06 -0.06 -0.059998811 1.46 1.46 1.46 1.46 1.91 1.91 1.91 1.9099999 -0.82 -0.82 -0.82 -0.82 -0.82 -1.4599919 -1.46 -1.46 -1.46 1.899985 1.9 
-0.02 0.51000002 0.52 0.11190793 -0.24 -0.19 0.51992099 0.07 -0.35 -0.04000019 -0.007295713 0.0099914057 -0.05 -0.46 -0.46 -0.74676955 -0.83 -0.83 -0.21 -0.21 -0.39000045 -0.6 -0.57 0.02 -0.17 -0.1701098 0.31 0.31 -0.53 -0.53 -0.06 -0.06 -0.06 -0.044913957 1.46 1.46 1.46 1.91 1.91 1.91 1.91 1.9100927 -0.81999995 -0.82 -0.82 -0.82 -0.82 -0.82569679 -1.46 -1.45987 1.44 1.44 1.44 
-2.3 -0.34 0.35000004 0.81 -0.52 -0.04 -0.48 -0.40958425 0.13 -0.02 -0.11 0.19 0.18999984 -0.1 -0.1 -0.30992998 -0.31 -0.36 -0.36 -0.20999958 -0.86 -0.86 0.02 -0.17 -0.17 -0.64 -0.44 -0.44 -0.240027 -0.53 -0.06 -0.06 0.02 0.02008568 0.8399416 2 2 1.9378436 1.91 1.91 2.8688027 2.87 2.8700016 1.6063977 1.649727 1.6499993 1.6499999 1.6499991 1.4894501 1.44 1.44 1.44 1.44 
-0.58001534 -1.99 -2.1005849 -0.74 0.19 -1.21 -0.79999999 -1.39 -0.95 -0.95 -0.11 0.51 -0.58999969 -0.1 -0.02000024 -0.02 -0.31 0.39 0.27 0.27 -0.92597708 -1 -1 -0.84999999 -0.64 -0.64 -0.44 -0.44 -0.24002914 -0.24053646 1.1242296 0.02 0.02 0.84 0.84 1.9782144 2 2 2.5499809 2.8699996 2.87 2.87 2.8700087 1.6500057 1.65 1.65 1.65 1.65 1.6 1.4400317 1.44 1.44 1.44 
-0.58 -0.09 -1.47 -2.07 -1.6000269 -1.09 -1.56 -1.24 -0.79 -1.01 -1.01 0.55 -0.59 -0.59 -0.023910728 0.043752988 0.05 0.38 -0.25999946 0.27 -0.13819817 -0.01 -1.28 -0.47 -0.47000284 -0.69 0.13 0.1299998 -0.73824793 -0.73999996 1.13 -0.51402492 0.08 0.84 0.86766556 1.96 1.96 2.55 2.55 2.87 2.87 2.87 2.6736967 2.6699999 1.65 1.65 1.65 1.6000019 1.6 1.6 1.44 1.44 1.44 
-0.32667624 -0.090000003 0.22 -1.11 -1.9 -1.85 -0.99 -0.75 -0.69 -0.45874309 -0.25 0.23999999 0.24 0.25 0.24999078 -0.28905239 -0.29 -0.29 0.28230302 -1.1300001 -1.52 -1.52 1.02 -0.37360781 -0.66782981 -0.69 0.02 0.13 1.4423295 1.45 -0.68 1.03 0.78824329 0.83 1.81 1.86 3.08 1.81 3.0794136 2.8731246 3.57 3.24 2.6700179 2.67 2.6642589 1.65 1.18 1.6 1.6 1.6 1.6 1.5371158 1.33 
-1.65 -1.65 -0.22 -0.65 -1.42 -1.98 -1.43 -1.92 -1.04 -0.40023465 -0.67 0.94 0.25 0.25 -0.73 -0.7239652 -0.29 -0.29007854 -0.65 -1.13 -1.13 -1.1802451 1.02 0.10001742 0.1 0.1 0.02 0.44 0.44 1.45 1.45 1.0290896 0.55 0.83 2.23 1.86 3.08 2.26 3.08 2.6471311 3.24 3.0710239 2.78 2.67 2.67 1.18 1.18 1.18 1.6 1.6 2.22 2.22 2.2199997 
-1.65 -1.65 -0.12 -0.92 -1.63 -1.44 -2.03 -0.56117367 -1.29 -0.83 -1.03 -1.12 0.93725651 -0.73 -0.73 -0.72997347 -0.5 -0.5078727 -0.65 -0.37 -0.37 -0.78 -0.78 0.1 0.1 0.1 0.44 0.44 0.44 0.56 0.56 0.55999998 1.84 1.84 1.5 1.9 3.45 2.3900014 3.01 2.64 2.64 2.2900016 2.78 2.67 2.2500003 2.5 2.6038413 2.61 2.97 2.97 2.22 2.22 2.22 
-1.65 -0.989514 -0.46138853 -1.2799862 -0.74 -2.01 -2.03 -0.56 -1.2899939 -0.83509624 -1.1199996 -1.12 -0.74 -0.73 -0.73 -0.50000001 -0.5 -0.50000854 -0.65 -0.37 -0.45051566 -0.78 -0.78 0.099965076 0.1 0.39256041 0.99 0.99 0.98999993 0.56 0.56 0.64 0.64 1.8399991 1.5 2.59 3.3072844 2.39 2.39 2.64 2.29 2.29 2.2899998 2.25 2.25 2.5 2.61 2.61 2.97 2.97 2.22 2.22 2.22 
-0.57 -0.2778359 -0.28002303 -0.28723897 -0.74000653 -2.00997 -2.03 -0.57809487 -1.2396955 -1.2779882 -0.74 -0.74 -0.74 -0.74 -0.73000142 -0.5 -0.5 -0.50193674 -0.65 -0.36996707 -0.25 -0.25 -0.25 -0.25 0.094833411 0.99 0.99 0.99 0.99 0.98995108 0.64 0.64 0.64 0.64 2.59 2.59 2.59 2.3998417 2.3881975 2.15 2.15 2.2899925 2.1400038 2.2499894 2.25 2.5 2.61 2.61 2.97 2.97 2.2227209 2.22 2.4489894 
-0.57 -0.28 -0.28 -0.28 -0.28 -0.28000072 -2.0299486 -1.3345454 -1.1054879 -0.74058071 -0.74 -0.74 -0.74 -0.74 -0.73999962 -0.5 -0.50000002 -0.51028898 -0.64999661 -0.25 -0.25 -0.25 -0.25 -0.25 -0.21584052 1.451033 1.7199998 1.72 1.72 1.72 0.64000001 0.64 0.64000046 1.02 1.02 2.59 2.0844603 2.07 2.15 2.15 2.15 2.15 2.14 2.14 2.14 2.1425053 1.9045967 1.9 1.9 1.9 1.9 2.15 2.15 
-0.42 -0.28 -0.28 -0.28 -0.28 -0.28 -0.28000011 -1.4894344 -0.22462519 -0.22 -0.22 -0.22 -0.22 -0.22 -0.22000001 0.28943043 -0.48731773 -0.52053983 -0.25005024 -0.25 -0.25 -0.25 -0.25 -0.24999835 1.33 1.33 1.3300005 1.72 1.72 1.7187785 1.11 1.11 1.02 1.02 1.02 1.9018012 2.07 2.07 2.07 2.15 2.15 2.15 2.14 2.14 2.14 2.14 1.9 1.9 1.9 1.9 1.9 2.15 2.15 
-0.42 -0.36787959 -0.28 -0.28 -0.28 -0.28 -0.99985869 -1 -0.99999998 -0.22 -0.22 -0.22 -0.22 -0.22 -0.10528436 0.3 0.3 0.3 1.1656749 1.1699986 1.17 1.17 1.17 1.17 1.33 1.33 1.33 1.33 1.72 1.11 1.11 1.11 1.02 1.02 1.02 1.64 2.0694307 2.07 2.07 2.1497184 1.5875591 0.27561891 2.14 2.14 0.53496855 0.53 0.53 1.8981218 0.76398378 0.7600001 0.76000022 1.2101422 2.1499981 
-0.42 -1.042811 -0.67471591 -0.28 -0.28 -0.99957459 -1 -1 -1 -0.9943791 -0.22 -0.22 -0.22 -0.21999994 0.3 0.3 0.3 0.3 1.1692228 1.17 1.17 1.17 1.17 1.17 1.33 1.33 1.33 1.33 1.3291998 1.11 1.11 1.11 0.74000001 1.0200563 1.64 1.64 1.64 1.6310181 0.38396782 0.27 0.27 0.27 0.26 0.26 0.53 0.53 0.53 0.76 0.76 0.76 0.76 1.21 1.21 
-1.0593331 -1.06 -1.06 -1.06 -1.25 -1.0000064 -1 -1 -1 -1 -0.25482606 -0.22000599 -0.22000001 0.3 0.3 0.3 0.3 0.3 0.3751475 1.17 1.17 1.17 1.17 1.17 0.78435719 0.04000699 0.04 0.04 0.04 1.11 0.74000001 0.74 0.74 0.74 1.64 1.6399784 0.82 0.82 0.27686757 0.27 0.27 0.27 0.26 0.26 0.4881947 0.53 0.53 0.76 0.76 0.76 0.76482517 1.21 1.21 
-1.06 -1.06 -1.06 -1.1494738 -1.25 -1.25 -1 -1 -1 -1 -0.68 -0.68 -0.68 0.3 0.3 0.3 0.3 0.30003305 0.41 0.41 1.1699997 1.17 1.147115 0.23 0.22828951 0.04 0.04 0.04 0.04 0.73992872 0.74 0.74 0.74 0.74 0.82000288 0.82 0.82 0.82 0.8180104 0.27 0.27 0.27 0.26 0.26 0.26 0.53 0.53 0.75999999 0.76 0.76 1.21 1.21 1.21 
-1.06 -1.06 -1.06 -1.25 -1.25 -1.25 -1.2499996 -1 -1 -0.68033033 -0.68 -0.68 -0.68 -0.67938941 0.46188448 0.5 0.5 0.5 0.41 0.41 0.41 0.23 0.23 0.23 0.22987394 -0.096376321 0.04 0.04 0.039999998 0.016302764 -0.12991443 -0.13 -0.13 -0.13 0.42012866 -0.13999782 -0.14 -0.14 -0.14 -0.66987138 -0.67 -0.67 0.26 0.26 0.36999954 0.36999996 0.25 0.25 0.12 0.12 0.12 1.21 0.36076 
-1.0600012 -1.06 -1.06 -1.25 -1.25 -1.25 -1.25 -1.6299998 -1.002519 -0.68063474 -0.68 -0.68 -0.68 -0.67768452 0.5 0.5 0.5 0.49999997 0.41 0.41 0.41 0.23 0.23 0.23 -0.22 -0.22 -0.62999999 -0.63 -0.63 -0.62727234 -0.13 -0.13 -0.13 -0.13 -0.1349974 -0.14 -0.14 -0.14 -0.14 -0.67 -0.67 -0.67 -0.63727762 0.37 0.37 0.37 0.25 0.25 0.12 0.12 0.12 0.35999999 0.36 
-1.44 -1.2757455 -1.98 -1.9797882 -1.25 -1.6278013 -1.63 -1.63 -1.6700816 -1.38 -1.38 -1.38 -1.38 0.1099515 0.11 0.4999997 0.5 0.49762863 0.41 0.41 0.41 -0.94 -0.94 -0.94 -0.22 -0.22 -0.63 -0.63 -0.63 -0.62999991 -0.50999758 -0.50999893 -0.13955073 -0.13040739 -1.0489456 -1.05 -1.05 -1.05 -1.05 -0.67 -0.67 -0.67 0.31273421 0.37 0.37 0.36999994 0.25 0.25 0.24999532 0.12 0.12000715 0.28 0.36 
-1.1700513 -1.1700001 -1.98 -1.98 -1.98 -1.63 -1.63 -1.63 -1.74 -1.74 -1.38 -1.38 -1.38 0.11 0.11 0.11 0.11 0.11003478 0.41 0.41 0.40999995 -0.94 -0.94 -0.94 -0.22 -0.22 -0.63 -0.63 -0.63 -0.51135301 -0.51 -0.51 -0.51 -0.51 -1.0497335 -1.05 -1.05 -1.05 -1.05 -0.86999995 -0.87 -0.87 -0.87 0.36999731 0.02 0.02 0.02 0.35 0.35 0.35 0.28 0.28 0.28 
-1.17 -1.17 -1.98 -1.98 -1.98 -1.6318397 -1.63 -1.74 -1.74 -1.74 -1.3800443 -1.38 -1.1593763 0.10999972 0.11 0.11 0.11 -0.61 -0.61 -0.61 -0.91 -0.91000002 -0.93999985 -0.94 -0.93996977 -1.23 -1.23 -1.2299986 -0.63009696 -0.72995616 -0.72999883 -0.72996159 -0.510376 -0.51018986 -0.95396833 -1.0500002 -1.0520107 -1.65 -1.65 -0.87 -0.87 -0.87 -0.87 0.02 0.02 0.02 0.02 0.35 0.35 0.35 0.28 0.28 0.28 
-1.17 -1.17 -1.98 -1.98 -1.98 -1.98 -1.6711698 -1.74 -1.74 -1.74 -1.739652 -1.11 -1.11 -1.11 0.10281026 0.11 -0.6052021 -0.61 -0.61 -0.61 -0.91 -0.91 -0.91 -0.91 -1.23 -1.23 -1.23 -1.23 -1.23 -0.73 -0.73 -0.73 -0.73 -0.73000107 -1.24 -1.65 -1.65 -1.65 -1.65 -1.6499964 -0.62 -0.62 -0.62 -0.33689122 0.25 0.25 0.25 0.35 0.34999982 0.16 0.16 0.55993188 0.56 
-1.17 -1.17 -1.6876469 -1.98 -1.98 -1.98 -1.9296628 -1.7405988 -1.74 -1.74 -1.1100001 -1.11 -1.11 -1.11 -1.11 -1.0099261 -0.61 -0.61 -0.61 -0.61 -0.90999768 -0.91 -0.91 -0.91 -1.23 -1.23 -1.23 -1.23 -1.23 -1.306386 -0.73 -0.73 -0.73 -1.24 -1.24 -1.2403184 -1.65 -1.65 -1.1885216 -0.83000007 -0.62 -0.62 -0.62 -0.34197671 0.25 0.25 0.25 0.02 0.15825561 0.16 0.16 0.56 0.56 
-1.19 -1.19 -1.19 -1.7819253 -1.9791014 -1.93 -1.93 -1.93 -1.93 -1.57 -1.57 -1.11 -1.11 -1.11 -1.11 -1.1099683 -0.61 -0.61 -0.61 -0.61 -0.77908973 -0.91 -0.91 -0.91130852 -0.97202279 -1.23 -1.23 -1.23 -1.51 -1.51 -1.51 -1.5099967 -1.24 -1.24 -1.24 -1.24 -0.83 -0.83 -0.83 -0.83 -0.06 -0.06 -0.06 -0.16999779 -0.17 -0.17 -0.16999987 0.02 0.02 0.15982942 0.16 0.55999975 0.56 
-1.19 -1.19 -1.19 -1.1900092 -1.36 -1.4428874 -1.93 -1.93 -1.93 -1.57 -1.57 -1.57 -1.07 -1.07 -1.07 -1.07 -0.61084264 -0.61 -0.61 -0.61 -0.6145518 -0.95999986 -0.96 -0.96 -0.96 -0.96 -0.87 -0.87 -1.51 -1.51 -1.51 -1.51 -1.2400001 -1.24 -1.24 -1.2400081 -0.83 -0.83 -0.83 -0.82934198 -0.06 -0.06 -0.06 -0.1699949 -0.17 -0.17 -0.17 0.02 0.02 0.020000066 0.51 0.51 0.58 
-1.19 -1.19 -1.19 -1.3599996 -1.36 -1.36 -1.9299998 -1.93 -1.93 -1.57 -1.57 -1.57 -1.07 -1.07 -1.07 -1.07 -1.07 -1.07 -1.0699988 -0.6125982 -0.96 -0.96 -0.96 -0.96 -0.96 -0.95993227 -0.87 -0.87 -0.87 -1.51 -1.51 -1.5101094 -1.34 -1.34 -1.34 -1.08 -1.08 -0.68 -0.68 -0.68 -0.46 -0.060125468 -0.059998806 0.1 0.1 0.089767307 -0.16999896 0.020000001 0.02 0.51 0.51 0.51 0.58 
-1.19 -1.19 -1.19 -1.36 -1.36 -1.36 -1.36 -1.93 -1.93 -1.57 -1.57 -1.0899928 -1.07 -1.07 -1.07 -1.07 -1.07 -1.07 -1.07 -1.07 -0.96 -0.96 -0.96 -0.96 -0.96 -0.87000031 -0.87 -0.87 -0.87 -1.68 -1.68 -1.68 -1.34 -1.34 -1.34 -1.08 -1.08 -0.68 -0.68 -0.46 -0.46 -0.46 0.1 0.1 0.1 0.1 0.16243197 0.86 0.86 0.86 0.51000001 1.04 1.04 
-1.19 -1.19 -1.1902367 -1.36 -1.36 -1.36 -1.36 -1.4361609 -1.44 -1.4402232 -1.57 -1.0699941 -1.07 -1.07 -1.07 -1.07 -1.07 -1.07 -1.07 -1.07 -0.44215557 -0.96 -0.96 -0.96 -0.95991349 -0.86998143 -0.87 -0.87 -0.87 -1.68 -1.68 -1.68 -1.6799481 -1.34 -1.08 -1.08 -1.08 -1.0799836 -0.679985 -0.46 -0.46 -0.46 0.099966003 0.1 0.1 0.1 0.85999812 0.86 0.86 0.86 1.04 1.04 1.04 
-1.49 -1.4899995 -1.3599152 -1.36 -1.36 -1.36 -1.439983 -1.44 -1.44 -1.44 -1 -1 -1 -1 -1.0696769 -1.07 -1.07 -1.07 -1.07 -0.42000039 -0.42 -0.42 -0.54000007 -0.54 -0.54 -0.54 -0.56848324 -0.87 -1.3299812 -1.33 -1.33 -1.33 -1.33 -1.17 -1.17 -1.17 -1.17 -1.17 -0.26 -0.26 -0.26 -0.26 -0.26 0.67912569 0.68 0.68 0.68 0.86 0.86 0.86 1.0399716 1.04 1.04 
-1.49 -1.49 -1.4874882 -1.1900003 -1.19 -1.1902438 -1.44 -1.44 -1.44 -1.44 -1 -1 -1 -1 -1 -1.07 -1.07 -1.07 -0.42000016 -0.42 -0.42 -0.42 -0.54 -0.54 -0.54 -0.54 -0.54 -0.54007062 -1.3299459 -1.33 -1.33 -1.33 -1.3299783 -0.9262323 -1.1697476 -1.17 -1.17 -1.17 -0.26 -0.26 -0.26 -0.26 -0.26 0.68 0.68 0.68 0.68 0.76417152 0.86 1.2357604 1.24 1.15 1.15 
-1.49 -1.49 -1.190038 -1.19 -1.19 -1.19 -1.2534989 -1.44 -1.44 -1.44 -1 -1 -1 -1 -1 -1.0699467 -1.07 -0.42019058 -0.42 -0.42 -0.42 -0.42 -0.49554522 -0.54 -0.54 -0.54 -0.54 -0.54046023 -1.19 -1.19 -1.19 -1.19 -1.19 -0.74 -0.74 -0.74 -0.74 -0.74 -0.3 -0.3 -0.3 -0.3 -0.3 0.68026858 0.68000006 0.68 0.68001865 0.68232424 1.24 1.24 1.24 1.1500005 1.15 
-1.4899999 -1.4409748 -1.19 -1.19 -1.19 -1.19 -1.19 -1.4398936 -1.44 -1.44 -1 -1 -1 -1 -1.0586673 -1.06 -1.06 -0.42001647 -0.42 -0.42 -0.42 -0.42 -0.4200001 -0.54 -0.54 -0.54 -0.54 -0.89000027 -0.89000014 -0.95384729 -1.19 -1.19 -1.19 -0.74 -0.74 -0.74 -0.74 -0.7399255 -0.3 -0.3 -0.3 -0.3 -0.29998238 0.79 0.79 0.79 0.79 0.79003629 1.24 1.24 1.24 1.2399998 0.97265094 
-1.44 -1.44 -1.3878735 -1.19 -1.19 -1.19 -1.19 -1.19 -1.4398924 -1.02 -1.02 -1.02 -1.0199525 -1.0599999 -1.06 -1.06 -1.06 -1.06 -0.42000468 -0.46000327 -0.81 -0.81 -0.81 -0.74498296 -0.60803092 -0.97205147 -1.2789276 -0.89 -0.89 -0.89 -0.89 -0.89 -0.90653248 -0.63841757 -0.63 -0.63 -0.63 -0.63 -0.2567938 -0.070000413 -0.07 -0.07 -0.07 0.73000018 0.78999998 0.79 0.79 0.75 1.2399922 1.24 1.24 0.97 0.97 
-1.44 -1.44 -1.4 -1.4 -1.4 -1.19007 -1.19 -1.19 -1.02 -1.02 -1.02 -1.02 -1.02 -1.06 -1.06 -1.06 -1.06 -1.06 -0.81 -0.81 -0.81 -0.81 -0.81 -1.39 -1.39 -1.39 -1.39 -0.89 -0.89 -0.89 -0.89 -0.89 -1.38 -1.38 -0.63 -0.63 -0.63 -0.27006131 -0.27 -0.07 -0.07 -0.07 -0.069999892 0.73 0.73 0.73 0.75 0.75 0.75 0.7 0.7 0.97 0.97 
-1.44 -1.44 -1.4 -1.4 -1.4 -1.4 -1.3999985 -1.13 -1.0201036 -1.02 -1.02 -1.02 -1.02 -1.059501 -1.06 -1.06 -1.06 -1.06 -0.81 -0.81 -0.81 -0.81 -0.81 -1.39 -1.39 -1.39 -1.39 -1.389998 -0.89 -0.89 -0.89 -1.3799743 -1.38 -1.38 -1.38 -0.63 -0.27 -0.27 -0.27 -0.26473762 0.52010593 0.63 0.63 0.73 0.73 0.73 0.75 0.75 0.75 0.7 0.7 0.7 0.88848553 
-1.3 -1.3000011 -1.4 -1.4 -1.4 -1.4 -1.13 -1.13 -1.13 -1.02 -1.02 -1.02 -1.02 -1.0200124 -1.06 -1.06 -1.06 -1.06 -0.81000435 -0.81 -0.81 -0.81 -1.287818 -1.39 -1.39 -1.39 -1.39 -1.6999997 -1.7 -1.7 -0.89871179 -1.38 -1.38 -1.38 -1.3799995 -0.84000001 -0.27 -0.27 -0.27 -0.26999999 0.63 0.63 0.63 0.8 0.8 0.8 0.67000779 0.75 0.75 0.7 0.7 0.7 0.87999894 
-1.3 -1.3 -1.4 -1.4 -1.4 -1.13 -1.13 -1.13 -1.13 -1.032056 -1.02 -1.02 -1.02 -1.0200017 -1.5499436 -1.55 -1.55 -1.55 -0.6026399 -0.66 -0.66 -0.66 -0.66 -1.39 -1.39 -1.39 -1.3900204 -1.7 -1.7 -1.7 -1.7 -1.3799964 -1.0762656 -0.84 -0.84 -0.84 -0.268994 -5.6213759e-06 -3.3029463e-16 -8.0068003e-13 0.630047 0.69 0.69 0.8 0.8 0.79999945 0.67 0.67 0.75 0.75 0.75 0.51 0.5 
-1.3 -1.3 -1.08 -1.08 -1.08 -1.13 -1.13 -1.13 -1.13 -0.96 -0.96 -0.96 -0.96 -1.0015787 -1.55 -1.55 -1.55 -1.55 -0.6 -0.66 -0.66 -0.66 -0.66 -1.77 -1.7699998 -1.3900006 -1.7 -1.7 -1.7 -1.7 -1.5886194 -1.48 -0.91615122 -0.84 -0.84 -0.84 -4.5155047e-13 -2.3589204e-54 -2.6683024e-90 7.5839325e-29 0.69 0.69 0.69 0.72998739 0.73 0.6702697 0.67 0.67 0.74999858 0.75 0.51 0.51 0.5 
-1.3 -1.08 -1.08 -1.08 -1.08 -1.08 -1.1299224 -1.12 -1.12 -0.96 -0.96 -0.96 -0.96 -0.96013973 -1.55 -1.55 -1.55 -1.507076 -0.6 -0.6 -0.66 -0.66 -1.77 -1.77 -1.77 -1.77 -1.7 -1.7 -1.7 -1.7 -1.48 -1.48 -1.48 -0.84064763 -0.84 -0.84 -8.6068828e-16 -2.9280832e-40 -1.7093509e-52 9.299933e-24 0.69 0.69 0.69 0.73 0.73 0.72999547 0.65 0.65 0.45 0.45 0.51 0.51 0.5 
-1.0820661 -1.08 -1.08 -1.08 -1.08 -1.08 -1.12 -1.12 -1.12 -1.0343613 -0.96 -0.96 -0.96 -0.96001018 -1.55 -1.55 -1.55 -0.6 -0.6 -0.6 -0.659997 -0.66000678 -1.77 -1.77 -1.77 -1.77 -1.700005 -1.7 -1.7 -1.4800506 -1.48 -1.48 -1.48 -1.48 -0.84125163 -0.64 -0.64 -0.62892369 -1.8963997e-11 -7.686546e-16 0.68999939 0.69 0.72883699 0.73 0.73 0.65000003 0.65 0.65 0.45 0.45 0.6 0.6 0.53 
-1.08 -1.08 -1.08 -1.08 -1.08 -1.08 -1.12 -1.12 -1.12 -1.12 -1.3499888 -1.35 -1.35 -1.35 -1.5499981 -1.1653941 -0.95 -0.95 -0.60064522 -0.6 -0.60000001 -1.7699984 -1.77 -1.77 -1.77 -1.77 -1.7699491 -1.7 -1.6999925 -1.48 -1.48 -1.48 -1.48 -1.48 -0.64 -0.64 -0.64 -0.64 -0.64 -0.63999605 0.07 0.07 0.070000061 0.25 0.25 0.25 0.14 0.14 0.03 0.03 0.6 0.59999985 0.53 
-1.08 -1.08 -1.08 -1.08 -1.08 -1.08 -1.12 -1.12 -1.12 -1.35 -1.35 -1.35 -1.35 -1.35 -1.244561 -0.95 -0.95 -0.95 -0.95 -0.95 -0.93328865 -1.77 -1.77 -1.77 -1.77 -1.7671739 -1.680141 -1.6972764 -1.4810849 -1.48 -1.48 -1.48 -1.48 -1.4799982 -0.64 -0.64 -0.64 -0.64 -0.64 -0.30970965 0.07 0.07 0.07 0.25 0.25 0.25 0.14 0.14 0.03 0.03 0.04 0.50296959 0.53 
-1.08 -1.08 -1.08 -1.08 -1.08 -1.08 -1.12 -1.12 -1.1295463 -1.35 -1.35 -1.35 -1.35 -1.35 -1.3308135 -0.95 -0.95 -0.95 -0.95 -0.95 -0.95 -1.6914661 -1.6800001 -1.68 -1.68 -1.68 -1.68 -1.68 -1.7684698 -1.7699966 -1.77 -1.77 -1.77 -1.7699992 -0.64 -0.64 -0.64 -0.64 -0.64 0.069999916 0.07 0.07 0.07 0.07000008 0.24935871 -0.15 0.13999997 -0.046713018 0.029929904 0.04 0.04 0.048522524 0.45 
-1.08 -1.08 -1.08 -1.08 -1.08 -1.0800026 -1.1199978 -1.1200139 -1.3499997 -1.35 -1.35 -1.35 -1.35 -1.35 -1.3423889 -0.95 -0.95 -0.95 -0.95 -0.95 -0.95 -1.68 -1.68 -1.68 -1.68 -1.68 -1.68 -1.68 -1.7699752 -1.77 -1.77 -1.77 -1.77 -1.77 -1.4603801 -0.64 -0.64 -0.64 -0.64 0.07 0.07 0.07 0.07 0.069943642 -0.15 -0.15 -0.14937325 -0.05 -0.05 0.04 0.04 0.45 0.45 
-1.08 -1.08 -1.08 -1.08 -1.08 -1.0800533 -1.119959 -1.324046 -1.35 -1.35 -1.35 -1.35 -1.35 -1.35 -1.3429973 -0.95 -0.95 -0.95 -0.95 -0.95 -1.0539387 -1.68 -1.68 -1.68 -1.68 -1.68 -1.68 -1.68 -1.7699996 -1.77 -1.77 -1.77 -1.77 -1.77 -1.77 -0.7649666 -0.95915149 -1.0653453 -1.081499 0.014077562 0.069999981 0.07 0.07 -0.14998243 -0.15 -0.1566258 -1.2599942 -0.05 -0.05 -0.41012649 -0.41 -0.41 0.44999962 
-1.08 -1.08 -1.08 -1.08 -1.08 -1.0803337 -1.1396049 -1.3499368 -1.35 -1.35 -1.35 -1.35 -1.35 -1.35 -1.3406594 -0.95 -0.95 -0.95 -0.95 -0.95 -1.6799968 -1.68 -1.68 -1.68 -1.68 -1.68 -1.68 -1.68 -1.77 -1.77 -1.77 -1.77 -1.77 -1.77 -1.7699999 -1.09 -1.09 -1.09 -1.09 -0.8 -0.8 -0.8 -0.8 -1.2599968 -1.26 -1.26 -1.26 -1.2599967 -0.99 -0.99 -0.41 -0.41 -0.45726413 
-1.08 -1.08 -1.08 -1.08 -1.0800011 -1.0811904 -1.3341523 -1.349997 -1.35 -1.35 -1.35 -1.35 -1.35 -1.35 -1.3364215 -0.95000016 -0.95 -0.95 -0.95 -0.95439355 -1.68 -1.68 -1.68 -1.68 -1.68 -1.68 -1.68 -1.68 -1.77 -1.77 -1.77 -1.77 -1.77 -1.77 -1.0900006 -1.09 -1.09 -1.09 -1.09 -0.8 -0.8 -0.8 -0.8 -0.92415202 -1.26 -1.26 -1.26 -0.99000302 -0.99 -0.99 -0.48 -0.48 -0.48 
-1.08 -1.08 -1.08 -1.0800001 -1.0800115 -1.0948539 -1.3491362 -1.3499992 -1.35 -1.35 -1.35 -1.35 -1.35 -1.35 -1.3306809 -0.95000941 -0.95 -0.95 -0.95000084 -1.665209 -1.68 -1.68 -1.68 -1.68 -1.68 -1.68 -1.68 -1.68 -1.7699999 -1.77 -1.77 -1.77 -1.77 -1.2136482 -1.09 -1.09 -1.09 -1.09 -1.09 -0.8 -0.8 -0.8 -0.8 -0.8 -1.26 -1.26 -1.26 -0.99 -0.99 -0.99 -0.48 -0.48 -0.48 
-1.08 -1.08 -1.08 -1.0800011 -1.0801283 -1.2267982 -1.349848 -1.3499995 -1.35 -1.35 -1.35 -1.35 -1.35 -1.3499992 -1.3238557 -0.95014608 -0.95000001 -0.95000003 -0.95377956 -1.6799379 -1.68 -1.68 -1.68 -1.68 -1.68 -1.68 -1.68 -1.6800001 -1.7699994 -1.77 -1.7699995 -1.0768133 -1.01 -1.01 -1.01 -1.09 -1.09 -1.09 -1.09 -0.8 -0.8 -0.8 -0.8 -0.8 -1.2599918 -1.26 -1.2599999 -0.99000002 -0.99 -0.98999972 -0.48 -0.48 -0.48 
