interpolatedSpi/05-09|20_1.tif
NCOLS 53
NROWS 52
XLLCORNER -116.03883
YLLCORNER 28.596182
DX 0.49850594
DY 0.49788537
NODATA_VALUE -9999
[rows 0 to 27 of 52, columns 0 to 52 of 53]
-0.235 -0.235 -0.29060256 -0.59166667 -0.11166667 0.12833333 0.28833333 0.27833333 -0.099543556 -0.30166667 -0.29833333 -0.048333333 -0.0099908048 0.10166667 -0.01 -0.01 -0.01 0.026666667 0.22666667 0.22666667 0.22666667 0.22666705 0.26666666 0.091666667 0.091666667 0.091666667 0.58333382 0.58333333 0.58333333 0.10666667 0.10666667 0.10666667 0.10666667 0.67999989 0.68 0.68 0.68 0.68 0.68 0.68000002 1.2587653 1.2648161 0.54333333 0.54333333 0.54333333 0.54333333 0.54350483 0.64833333 0.64833333 0.64833333 0.7949997 0.795 0.795
-0.23500437 -0.33333333 -0.12499949 -0.035720024 0.098186398 0.1 0.081666667 0.093452947 -0.185 -0.12833333 0.033333333 -0.0099999999 -0.01 0.3242553 0.10166838 -0.01 0.026666667 0.026666667 0.22640589 0.22666667 0.22666667 0.22666667 0.071664572 0.091666667 0.091666667 0.091666667 -0.019999992 -0.02 0.10666667 0.10666667 0.10666667 0.10666667 0.10666667 0.67999992 0.68 0.68 0.68 0.68 0.67999997 0.60294955 0.22002149 0.50409944 0.54333333 0.54333333 0.54333333 0.54333333 0.54333333 0.64833333 0.64833333 0.64833333 0.66049507 0.795 0.795
0.32664636 0.32666667 0.31666667 0.53666667 0.25166667 0.13833333 0.26 -0.051666667 0.10333333 0.081666667 0.205 -0.11833333 -0.51166667 -0.13333333 0.325 0.74166667 0.026666667 0.026666667 0.026666667 0.16001938 0.16 0.16 -0.28833333 0.091666667 0.091666667 0.091666667 -0.02 -0.02 -0.02 0.10666667 0.10666667 0.10666664 -0.13563803 0.6782252 0.67601313 0.25559169 0.25166667 0.25166667 0.24768383 0.22 0.22 0.22041346 0.54333333 0.54333333 0.54333333 0.54333333 0.54333333 0.64833333 0.64833333 0.64833333 0.64833333 0.795 0.795
0.24333333 0.32666664 0.19833027 0.26833333 -0.016666667 0.215 0.565 -0.13666667 0.09 0.18676361 0.48 0.425 0.03 -0.13333333 0.41666667 0.74166667 -0.21429625 -0.22149267 -0.013333333 0.16 0.16 -0.315 -0.28833333 -0.28833333 0.091666667 0.091666109 -0.02 -0.02 -0.02 -0.41833333 -0.40644532 -0.39666667 -0.39666667 -0.39666615 0.25166667 0.25166667 0.25166667 0.25166667 0.22 0.22 0.22 0.22000001 0.54333333 0.54333333 0.54333333 0.54333333 0.54333333 0.64833201 0.64833333 0.64833333 0.64833333 0.7949546 0.795
0.24333333 -0.081666153 0.19833333 0.29307655 -0.016666667 0.23833333 0.21332772 -0.02 -0.12833333 0.11666668 0.20476782 0.24502435 0.415 0.41666667 0.41666667 0.61898834 -0.22166667 -0.22166667 -0.013333333 -0.013333333 0.15999901 -0.315 -0.51833333 -0.22166667 -0.30833333 -0.30832001 -0.02 -0.02 -0.41833333 -0.41833333 -0.39666667 -0.39666667 -0.39666667 -0.30583725 0.25166667 0.25166667 0.25166667 0.22 0.22 0.22 0.22 0.22000965 0.54333333 0.54333333 0.54333333 0.54333333 0.54333333 0.54426796 0.64833333 0.64827758 -0.595 -0.595 -0.595
-0.79333333 -0.098333333 0.20999999 0.24166667 0.37333333 0.30333333 0.185 0.15875413 0.24666667 0.058333333 0.265 -0.30333333 -0.30333286 0.04 0.04 -0.096656204 -0.096666667 -0.19833333 -0.19833333 -0.013333573 -0.765 -0.765 -0.22166667 -0.30833333 -0.30833333 -0.25166667 -0.46333333 -0.46333333 -0.15002428 -0.41833333 -0.39666667 -0.39666667 0.085 0.08499286 0.016671486 -0.19666667 -0.19666667 0.091094655 0.22 0.22 0.31987528 0.32 0.32000052 -0.11975107 -0.13159207 -0.13166649 -0.13166664 -0.13166642 -0.44563556 -0.595 -0.595 -0.595 -0.595
-0.80666779 -0.41 -0.56983782 0.0066666666 0.34 -0.081666667 -0.0049999977 0.25666667 -0.088333333 -0.088333333 0.265 -0.21833333 -0.098333421 0.04 -0.053333054 -0.053333333 -0.096666667 -0.31666667 -0.285 -0.285 -0.79484678 -0.82833333 -0.82833333 -0.505 -0.25166667 -0.25166667 -0.46333333 -0.46333333 -0.14999641 -0.14993384 0.18914046 0.085 0.085 0.016666667 0.016666667 -0.42178455 -0.19666667 -0.19666667 -0.66665038 0.31999863 0.32 0.32 0.32000192 -0.13166633 -0.13166667 -0.13166667 -0.13166667 -0.13166686 -0.45833333 -0.59497292 -0.595 -0.595 -0.595
-0.80666667 -0.90333333 -0.43333333 -0.855 -0.89166456 -0.33333333 -0.10666667 -0.37999999 -0.29666667 -0.225 -0.225 -0.43833333 -0.098333333 -0.098333333 -0.053642075 -0.10797875 -0.11333333 -0.18666667 -0.3466666 -0.285 -0.66476124 -0.625 -0.76833333 -0.60666667 -0.60666641 -0.58666667 -0.73 -0.72999991 -0.088549422 -0.088333328 0.19 0.12319944 0.075 0.016666667 0.010534607 -0.61 -0.61 -0.66666666 -0.66666667 0.32 0.32 0.32 -0.071054337 -0.07166667 -0.13166667 -0.13166667 -0.13166667 -0.4583209 -0.45833333 -0.45833333 -0.595 -0.595 -0.595
-0.89498898 -0.90333333 -0.775 -0.62166667 -0.24833333 -0.37 -0.17333333 0.25666667 0.19666667 0.058444147 -0.15 -0.28833333 -0.28833333 -0.47666667 -0.47666327 -0.33604422 -0.33666667 -0.33666667 -0.21109091 -1.1016667 -1.0933333 -1.0933333 -0.66833333 -0.72892498 -0.58868214 -0.58666667 -0.53333333 -0.73 -0.52619126 -0.525 0.13666667 0.35333333 0.14431663 -0.33166667 -0.19833333 -0.30666667 -0.34333333 -0.415 -0.58825329 0.32099691 0.54333333 -0.028333332 -0.071655271 -0.071666667 -0.072004379 -0.13166667 -0.37999999 -0.45833333 -0.45833333 -0.45833333 -0.45833334 -0.64563302 -0.33833333
-0.84833333 -0.84833333 -0.70166667 -0.675 -0.27333333 -0.0016666667 -0.066666667 -0.015 0.19166667 0.023341978 -0.21666667 -0.16333333 -0.47666667 -0.47666667 -0.115 -0.11804026 -0.33666667 -0.3367158 -0.57 -1.1016667 -1.1016667 -1.100593 -0.66833333 -0.87666272 -0.87666667 -0.87666667 -0.53333333 -0.38833333 -0.38833333 -0.525 -0.525 0.35254624 -0.061666667 -0.33166667 -0.11333333 -0.30666667 -0.34333333 -0.55166667 -0.58833333 0.16262868 -0.028333308 -0.018537616 -0.0016666667 -0.071666667 -0.071666667 -0.38 -0.38 -0.38 -0.45833333 -0.45833333 -1.0016667 -1.0016667 -1.0016664
-0.84833333 -0.84833333 -0.885 -0.735 -0.80666667 -0.33333333 -0.46833333 0.12652818 0.045 0.038333333 0.023333333 -0.355 -0.16358896 -0.115 -0.115 -0.1150323 -0.395 -0.40418482 -0.57 -0.75666667 -0.75666667 -0.82833333 -0.82833333 -0.87666667 -0.87666667 -0.87666667 -0.38833333 -0.38833333 -0.38833333 -0.74666667 -0.74666667 -0.74666554 -0.45833333 -0.45833333 -0.34833333 -0.51833333 -0.42833333 -0.2766661 -0.615 0.175 0.175 0.041666524 -0.0016666667 -0.071666667 -0.38833344 -0.61333333 -0.60237149 -0.60333333 -0.81333333 -0.81333333 -1.0016667 -1.0016667 -1.0016667
-0.84833333 -0.86412151 -0.82098965 -0.86666248 -0.675 -0.82166667 -0.46833333 0.12666667 0.045000682 0.038407192 -0.35499949 -0.355 -0.275 -0.115 -0.115 -0.39499999 -0.395 -0.39500996 -0.57 -0.75666667 -0.77074054 -0.82833333 -0.82833333 -0.87666427 -0.87666667 -0.83064593 -0.73666667 -0.73666667 -0.73666662 -0.74666667 -0.74666667 -0.49166667 -0.49166667 -0.45833303 -0.34833333 -0.1550002 -0.39332253 -0.27666667 -0.27666667 0.175 0.041666667 0.041666667 0.04166355 -0.38833333 -0.38833333 -0.61333333 -0.60333333 -0.60333333 -0.81333333 -0.81333333 -1.0016667 -1.0016667 -1.0016667
-0.14666667 -0.081641037 -0.015027042 -0.021169706 -0.67500077 -0.8216632 -0.46833334 0.11934256 0.050627669 0.044825916 -0.275 -0.275 -0.275 -0.275 -0.11502267 -0.395 -0.395 -0.39725953 -0.57 -0.75654929 -0.355 -0.355 -0.355 -0.355 -0.86772529 -0.73666667 -0.73666667 -0.73666667 -0.73666667 -0.73663147 -0.49166667 -0.49166667 -0.49166667 -0.49166667 -0.155 -0.155 -0.155 -0.27072252 -0.27352476 0.14166667 0.14166667 0.041672045 -0.16667425 -0.38831198 -0.38833333 -0.61333333 -0.60333333 -0.60333333 -0.81333333 -0.81333333 -1.0009834 -1.0016667 -0.41856836
-0.14666667 -0.015 -0.015 -0.015 -0.015 -0.015000339 -0.46923775 -0.18681208 0.065641753 -0.27465554 -0.275 -0.275 -0.275 -0.275 -0.27500002 -0.395 -0.39500003 -0.40700381 -0.56999687 -0.355 -0.355 -0.355 -0.355 -0.355 -0.35496547 -0.61298878 -0.58833336 -0.58833333 -0.58833333 -0.58833333 -0.49166667 -0.49166667 -0.49166692 -0.7 -0.7 -0.155 0.078326014 0.085 0.14166663 0.14166667 0.14166667 0.14166667 -0.16666667 -0.16666667 -0.16666667 -0.16977506 -0.62320528 -0.62333333 -0.62333333 -0.62333333 -0.62333334 0.0049997923 0.005
-0.14166667 -0.015 -0.015 -0.015 -0.015 -0.015 -0.015000031 -0.39655436 -0.29812047 -0.3 -0.3 -0.3 -0.3 -0.3 -0.3 -0.42901042 -0.39559745 -0.41896335 -0.35502697 -0.355 -0.355 -0.355 -0.355 -0.355 -0.35333333 -0.35333333 -0.35333366 -0.58833333 -0.58833333 -0.58819984 -0.52166667 -0.52166667 -0.7 -0.7 -0.7 -0.040748436 0.085 0.085 0.085 0.14166667 0.14166667 0.14166667 -0.16666667 -0.16666667 -0.16666667 -0.16666667 -0.62333333 -0.62333333 -0.62333333 -0.62333333 -0.62333333 0.005 0.005
-0.14166667 -0.094510106 -0.015 -0.015 -0.015 -0.015 -0.56655839 -0.56666667 -0.56666666 -0.3 -0.3 -0.3 -0.3 -0.3 -0.32904659 -0.43166667 -0.43166667 -0.43166667 -0.35167694 -0.35166667 -0.35166667 -0.35166667 -0.35166667 -0.35166667 -0.35333333 -0.35333333 -0.35333333 -0.35333333 -0.58833333 -0.52166667 -0.52166667 -0.52166667 -0.69999998 -0.7 -0.7 0.13 0.085059581 0.085 0.085 0.14162321 0.054907162 -0.14746659 -0.16666667 -0.16666667 -0.37601859 -0.37666667 -0.37666667 -0.62244024 -0.081898704 -0.080000047 -0.080000103 0.044993915 0.0050000813
-0.14166667 -0.11571613 -0.065604604 -0.015 -0.015 -0.56634072 -0.56666667 -0.56666667 -0.56666667 -0.56474499 -0.3 -0.3 -0.3 -0.30000002 -0.43166667 -0.43166667 -0.43166667 -0.43166667 -0.35173813 -0.35166667 -0.35166667 -0.35166667 -0.35166667 -0.35166667 -0.35333333 -0.35333333 -0.35333333 -0.35333333 -0.35394562 -0.52166667 -0.52166667 -0.52166667 -0.12500001 -0.69990169 0.13 0.13 0.13 0.12724851 -0.13356109 -0.14833333 -0.14833333 -0.14833333 -0.29 -0.29 -0.37666667 -0.37666667 -0.37666667 -0.080000004 -0.08 -0.08 -0.08 0.045 0.045
-0.11496689 -0.115 -0.115 -0.115 -0.375 -0.56666172 -0.56666667 -0.56666667 -0.56666667 -0.56666667 -0.30996835 -0.30000172 -0.3 -0.43166667 -0.43166667 -0.43166667 -0.43166667 -0.43166667 -0.44948912 -0.35166667 -0.35166667 -0.35166667 -0.35166667 -0.35166667 -0.29411993 -0.20000083 -0.2 -0.2 -0.2 -0.52166665 -0.12500001 -0.125 -0.125 -0.125 0.13 0.12999342 -0.12 -0.12 -0.14797955 -0.14833333 -0.14833333 -0.14833333 -0.29 -0.29 -0.36324768 -0.37666667 -0.37666667 -0.08 -0.08 -0.08 -0.078659675 0.045 0.045
-0.115 -0.115 -0.115 -0.23743788 -0.375 -0.375 -0.56666667 -0.56666667 -0.56666667 -0.56666667 -0.43166667 -0.43166667 -0.43166667 -0.43166667 -0.43166667 -0.43166667 -0.43166667 -0.43170715 -0.81333333 -0.81333333 -0.35166685 -0.35166667 -0.35576487 -0.52 -0.51711918 -0.2 -0.2 -0.2 -0.2 -0.12500764 -0.125 -0.125 -0.125 -0.125 -0.11999912 -0.12 -0.12 -0.12 -0.12010339 -0.14833333 -0.14833333 -0.14833333 -0.29 -0.29 -0.29 -0.37666667 -0.37666667 -0.080000003 -0.08 -0.08 0.045 0.045 0.045
-0.115 -0.115 -0.115 -0.375 -0.375 -0.375 -0.37500029 -0.56666667 -0.56666667 -0.43180603 -0.43166667 -0.43166667 -0.43166667 -0.43166667 -0.62997516 -0.67666667 -0.67666667 -0.67666667 -0.81333333 -0.81333333 -0.81333333 -0.52 -0.52 -0.52 -0.51998179 -0.3337537 -0.2 -0.2 -0.2 -0.049500818 -0.030009344 -0.03 -0.03 -0.03 -0.14687137 -0.18499985 -0.185 -0.185 -0.185 -0.35663816 -0.35666667 -0.35666667 -0.29 -0.29 0.0099987476 0.0099999864 -0.028333333 -0.028333333 -0.03 -0.03 -0.03 0.045 0.094955294
-0.11499964 -0.115 -0.11500001 -0.375 -0.375 -0.375 -0.375 -0.37666672 -0.56590697 -0.43160319 -0.43166667 -0.43166667 -0.43166667 -0.43214742 -0.67666667 -0.67666667 -0.67666667 -0.67666671 -0.81333333 -0.81333333 -0.81333333 -0.52 -0.52 -0.52 -0.455 -0.455 -0.39 -0.39 -0.39 -0.38803609 -0.03 -0.03 -0.03 -0.03 -0.10745751 -0.185 -0.185 -0.185 -0.185 -0.35666667 -0.35666667 -0.35666667 -0.34512993 0.01 0.01 0.01 -0.028333333 -0.028333333 -0.03 -0.03 -0.03 0.094999996 0.095
1.6728976e-17 -0.061756078 -0.32666667 -0.32668069 -0.375 -0.37665702 -0.37666667 -0.37666667 -0.35480395 -0.36166667 -0.36166667 -0.36166667 -0.36166667 -0.78165299 -0.78166667 -0.67666675 -0.67666667 -0.68026763 -0.81333333 -0.81333333 -0.81333333 -0.69666667 -0.69666667 -0.69666667 -0.455 -0.455 -0.39 -0.39 -0.39 -0.38999983 -0.15999917 -0.15999963 -0.033267355 -0.030139369 -0.60434164 -0.605 -0.605 -0.605 -0.605 -0.35666667 -0.35666667 -0.35666667 -0.010190095 0.01 0.01 0.0099999401 -0.028333333 -0.028333333 -0.028333393 -0.03 -0.029997019 0.036666667 0.095
-0.22162457 -0.22166668 -0.32666667 -0.32666667 -0.32666667 -0.37666667 -0.37666667 -0.37666667 -0.31666667 -0.31666667 -0.36166667 -0.36166667 -0.36166667 -0.78166667 -0.78166667 -0.78166667 -0.78166667 -0.78166978 -0.81333333 -0.81333333 -0.81333333 -0.69666667 -0.69666667 -0.69666667 -0.455 -0.455 -0.39 -0.39 -0.39 -0.16259327 -0.16 -0.16 -0.16 -0.16 -0.60478042 -0.605 -0.605 -0.605 -0.605 -0.77833322 -0.77833333 -0.77833333 -0.77833333 0.0099974171 -0.32666667 -0.32666667 -0.32666667 -0.095 -0.095 -0.095 0.036666667 0.036666667 0.036666667
-0.22166667 -0.22166667 -0.32666667 -0.32666667 -0.32666667 -0.37640386 -0.37666667 -0.31666667 -0.31666667 -0.31666667 -0.36166113 -0.36166667 -0.77431465 -0.78166669 -0.78166667 -0.78166667 -0.78166667 -1.0116667 -1.0116667 -1.0116667 -0.85333333 -0.85333322 -0.69666743 -0.69666667 -0.6967243 -0.90833333 -0.90833333 -0.9083321 -0.39008377 -0.36995815 -0.36999888 -0.36996334 -0.16035891 -0.16018123 -0.52588081 -0.60500008 -0.60567583 -0.80666667 -0.80666667 -0.77833333 -0.77833333 -0.77833333 -0.77833333 -0.32666667 -0.32666667 -0.32666667 -0.32666667 -0.095 -0.095 -0.095 0.036666667 0.036666667 0.036666667
-0.22166667 -0.22166667 -0.32666667 -0.32666667 -0.32666667 -0.32666667 -0.35421042 -0.31666667 -0.31666667 -0.31666667 -0.31697048 -0.86666667 -0.86666667 -0.86666667 -0.78216759 -0.78166667 -1.010134 -1.0116667 -1.0116667 -1.0116667 -0.85333333 -0.85333333 -0.85333333 -0.85333333 -0.90833333 -0.90833333 -0.90833333 -0.90833333 -0.90833333 -0.37 -0.37 -0.37 -0.37 -0.37000055 -0.63333333 -0.80666667 -0.80666667 -0.80666667 -0.80666667 -0.80666703 -0.92666667 -0.92666667 -0.92666667 -0.77589062 -0.46333333 -0.46333333 -0.46333333 -0.095000011 -0.094999964 -0.058333333 -0.058333333 -0.039981349 -0.04
-0.22166667 -0.22166667 -0.28876904 -0.32666667 -0.32666667 -0.32666668 -1.0819729 -0.31908278 -0.31666667 -0.31666667 -0.86666672 -0.86666667 -0.86666667 -0.86666667 -0.86666667 -0.85972106 -1.0116667 -1.0116667 -1.0116667 -1.0116667 -0.85333456 -0.85333333 -0.85333333 -0.85333333 -0.90833333 -0.90833333 -0.90833333 -0.90833333 -0.90833333 -0.66681416 -0.37 -0.37 -0.37 -0.63333333 -0.63333333 -0.63346793 -0.80666667 -0.80666667 -0.67535168 -0.57333335 -0.92666667 -0.92666667 -0.92666667 -0.77726172 -0.46333333 -0.46333333 -0.46333333 -0.25833333 -0.060825314 -0.058333333 -0.058333333 -0.04 -0.04
-0.86666667 -0.86666667 -0.86666667 -0.46205951 -0.32787786 -1.0833333 -1.0833333 -1.0833333 -1.0833333 -1.1016667 -1.1016667 -0.86666668 -0.86666667 -0.86666667 -0.86666667 -0.86667587 -1.0116667 -1.0116667 -1.0116667 -1.0116667 -0.92242486 -0.85333333 -0.85333333 -0.85276631 -0.83508055 -0.90833333 -0.90833333 -0.90833333 -0.77166667 -0.77166667 -0.77166667 -0.77166498 -0.63333333 -0.63333333 -0.63333333 -0.63333333 -0.57333333 -0.57333333 -0.57333333 -0.57333333 -0.69166667 -0.69166667 -0.69166667 -0.30834104 -0.30833333 -0.30833333 -0.30833338 -0.25833333 -0.25833333 -0.058577022 -0.058333333 -0.040000378 -0.04
-0.86666667 -0.86666667 -0.86666667 -0.86668201 -1.1516667 -1.1417299 -1.0833333 -1.0833333 -1.0833333 -1.1016667 -1.1016667 -1.1016667 -1.1066667 -1.1066667 -1.1066667 -1.1066667 -1.0115659 -1.0116667 -1.0116667 -1.0116667 -1.0092646 -0.83166673 -0.83166667 -0.83166667 -0.83166667 -0.83166666 -0.705 -0.705 -0.77166667 -0.77166667 -0.77166667 -0.77166667 -0.63333337 -0.63333333 -0.63333333 -0.63333741 -0.57333333 -0.57333333 -0.57333333 -0.57232436 -0.69166667 -0.69166667 -0.69166667 -0.30835111 -0.30833333 -0.30833333 -0.30833333 -0.25833333 -0.25833333 -0.25833331 -0.115 -0.115 0.07
