interpolatedSpi/05-08|20_2.tif
NCOLS 53
NROWS 52
XLLCORNER -116.03883
YLLCORNER 28.596182
DX 0.49850594
DY 0.49788537
NODATA_VALUE -9999
[rows 0 to 37 of 52, columns 0 to 52 of 53]
0.95 0.95 0.51399787 0.0325 0.5575 0.765 1.2175 1.3525 0.57166251 0.2475 0.1925 0.5 0.32505723 1.02 0.81 0.81 0.81 0.625 0.6025 0.6025 0.6025 0.60250535 1.1575 0.39 0.39 0.39 1.2875 1.2875 1.2875 0.49 0.49 0.49 0.49 1.0799999 1.08 1.08 1.08 1.08 1.08 1.08 1.5449905 1.5499291 1.2725 1.2725 1.2725 1.2725 1.2726021 1.335 1.335 1.335 1.3724999 1.3725 1.3725
0.94998056 0.5125 0.81500063 0.87995519 0.96998485 1.2525 1.125 1.0803971 0.6175 0.6225 0.3625 0.325 0.325 1.0249833 1.0199982 0.81 0.625 0.625 0.60252934 0.6025 0.6025 0.6025 0.36210234 0.39 0.39 0.39 0.31500001 0.315 0.49 0.49 0.49 0.49 0.49 1.0799999 1.08 1.08 1.08 1.08 1.0799999 0.93256005 0.20753578 1.1432707 1.2725 1.2725 1.2725 1.2725 1.2725 1.335 1.335 1.335 1.3381095 1.3725 1.3725
1.4324767 1.4325 1.36 1.62 1.385 1.06 1.0925 0.825 1.0675 0.7475 0.7625 0.1325 -0.3 0.415 1.025 1.44 0.625 0.625 0.625 0.40255814 0.4025 0.4025 -0.14 0.39 0.39 0.39 0.315 0.315 0.315 0.49 0.49 0.48999997 0.15903745 1.077125 1.0716927 0.1956784 0.1875 0.1875 0.19001547 0.2075 0.2075 0.20886187 1.2725 1.2725 1.2725 1.2725 1.2725 1.335 1.335 1.335 1.335 1.3725 1.3725
0.5725 1.4324999 0.77250383 1.1125 0.5625 1.2225 1.8175 0.475 1.0575 0.68829173 0.9125 0.87 0.545 0.415 0.9075 1.44 -0.1998568 -0.2119132 0.2775 0.4025 0.4025 -0.4675 -0.14 -0.14 0.39 0.38999963 0.315 0.315 0.315 -0.295 -0.24150392 -0.1975 -0.1975 -0.19749969 0.1875 0.1875 0.1875 0.1875 0.2075 0.2075 0.2075 0.20750004 1.2725 1.2725 1.2725 1.2725 1.2725 1.3349992 1.335 1.335 1.335 1.372433 1.3725
0.5725 0.2800009 0.7725 1.0389912 0.5625 1.4475 1.1425174 0.9125 0.48 0.76750001 0.65359788 0.60006911 1.0825 0.9075 0.9075 1.2378318 -0.2125 -0.2125 0.2775 0.2775 0.40249821 -0.4675 -0.275 -0.025 -0.2975 -0.29751797 0.315 0.315 -0.295 -0.295 -0.1975 -0.1975 -0.1975 -0.085298954 0.1875 0.1875 0.1875 0.2075 0.2075 0.2075 0.2075 0.20753475 1.2725 1.2725 1.2725 1.2725 1.2725 1.2730563 1.335 1.3349096 -0.68 -0.68 -0.68
-0.4825 0.455 0.75749999 0.7975 1.325 1.3325 0.9975 0.98661757 1.02 0.76 1.0175 0.0675 0.067500669 0.29 0.29 0.054986117 0.055 -0.17 -0.17 0.27749961 -0.9625 -0.9625 -0.025 -0.2975 -0.2975 -0.375 -0.7575 -0.7575 0.12496212 -0.295 -0.1975 -0.1975 0.3975 0.39749033 0.30500657 0.2625 0.2625 0.22451551 0.2075 0.2075 0.567051 0.5675 0.56750009 -0.085595087 -0.10984721 -0.10999963 -0.10999995 -0.10999949 -0.69629054 -0.68 -0.68 -0.68 -0.68
-0.50249954 -0.06 -0.29399225 0.575 1.3275 0.86 0.885 1.1775 0.8375 0.8375 1.0175 0.3275 -0.0925001 0.29 -0.0024991237 -0.0025 0.055 -0.085 -0.17 -0.17 -0.91066086 -0.8525 -0.8525 -1.035 -0.375 -0.375 -0.7575 -0.7575 0.12501136 0.12520922 0.566735 0.3975 0.3975 0.305 0.305 -0.42783125 0.2625 0.2625 -1.0374549 0.56749777 0.5675 0.5675 0.56749959 -0.1099984 -0.11 -0.11 -0.11 -0.11000039 -0.77 -0.68001784 -0.68 -0.68 -0.68
-0.5025 -0.91 -0.2375 -0.5625 -0.98247592 0.0325 0.385 0.21750001 0.155 0.1625 0.1625 -0.5225 -0.0925 -0.0925 -0.0031174834 0.077191235 0.085 -0.08 -0.31749985 -0.17 -0.66528026 -0.6275 -0.87 -1.1025 -1.102499 -1.0275 -1.24 -1.2399998 0.31931669 0.32 0.5675 0.55456852 0.4725 0.305 0.28403692 -1.005 -1.005 -1.0375 -1.0375 0.5675 0.5675 0.5675 0.17651593 0.17749999 -0.11 -0.11 -0.11 -0.76997488 -0.77 -0.77 -0.68 -0.68 -0.68
-0.87472614 -0.90999999 -0.83 -0.715 0.1175 -0.055 0.135 0.7375 0.8225 0.46963386 -0.02 0.010000001 0.01 -0.8325 -0.83249271 -0.2316151 -0.2325 -0.2325 -0.11625474 -1.045 -1.0725 -1.0725 -0.5975 -0.76261223 -1.035058 -1.0275 -0.95 -1.24 -0.65342849 -0.65 0.5775 1.395 0.9744469 -0.3575 -0.43 -0.68 -0.5725 -0.62 -0.95734416 0.56772319 0.6175 -0.037499998 0.17749837 0.1775 0.17588179 -0.11 -0.68249997 -0.77 -0.77 -0.77 -0.77 -0.78769893 -0.5425
-0.6775 -0.6775 -0.685 -0.7625 0.1575 0.495 0.2625 0.3975 0.745 0.37999074 0.07 -0.1675 -0.8325 -0.8325 -0.0575 -0.059900204 -0.2325 -0.23258082 -0.63 -1.045 -1.045 -1.0485429 -0.5975 -0.64999901 -0.65 -0.65 -0.95 -0.175 -0.175 -0.65 -0.65 1.3934163 0.56 -0.3575 0.0125 -0.68 -0.5725 -0.8325 -0.9575 0.71986711 -0.037499971 0.037804575 0.1675 0.1775 0.1775 -0.6825 -0.6825 -0.6825 -0.77 -0.77 -1.545 -1.545 -1.5449996
-0.6775 -0.6775 -0.8875 -0.8625 -0.635 -0.2 -0.33249999 0.24748442 0.3175 0.06 0.23 -0.04 -0.16733125 -0.0575 -0.0575 -0.057517016 -0.205 -0.22730599 -0.63 -0.1025 -0.1025 -0.17 -0.17 -0.65 -0.65 -0.65 -0.175 -0.175 -0.175 -0.7325 -0.7325 -0.73249787 -0.1325 -0.1325 0.005 -0.66 -0.415 0.069998681 -0.9425 0.7475 0.7475 0.58249864 0.1675 0.1775 -0.64000006 -0.9325 -0.89657405 -0.8975 -1.3425 -1.3425 -1.545 -1.545 -1.545
-0.6775 -0.76818156 -0.87683161 -1.0199943 -0.725 -0.7925 -0.3325 0.2475 0.31749942 0.062852788 -0.03999987 -0.04 -0.24 -0.0575 -0.0575 -0.205 -0.205 -0.20502419 -0.63 -0.1025 -0.11575563 -0.17 -0.17 -0.64998068 -0.65 -0.65739619 -0.6725 -0.6725 -0.67249994 -0.7325 -0.7325 -0.445 -0.445 -0.13249962 0.005 0.41249956 -0.36208259 0.07 0.07 0.74749999 0.5825 0.5825 0.58249109 -0.64 -0.64 -0.9325 -0.8975 -0.8975 -1.3425 -1.3425 -1.545 -1.545 -1.545
0.245 0.30590046 0.4074526 0.39715848 -0.72500029 -0.79249841 -0.33250001 0.24036054 0.31267628 0.31077599 -0.24 -0.24 -0.24 -0.24 -0.057525852 -0.205 -0.205 -0.21048743 -0.63 -0.10252576 -0.18 -0.18 -0.18 -0.18 -0.64206994 -0.6725 -0.6725 -0.6725 -0.6725 -0.67253569 -0.445 -0.445 -0.445 -0.445 0.4125 0.4125 0.4125 0.086333421 0.07396181 0.5975 0.5975 0.58250081 -0.15251669 -0.63995305 -0.64 -0.9325 -0.8975 -0.8975 -1.3425 -1.3425 -1.5442654 -1.545 -0.96477147
0.245 0.4075 0.4075 0.4075 0.4075 0.40749949 -0.33367747 -0.058056506 0.29980701 -0.239406 -0.24 -0.24 -0.24 -0.24 -0.23999986 -0.205 -0.20500007 -0.2341521 -0.62999262 -0.18 -0.18 -0.18 -0.18 -0.18 -0.19054011 -0.67349043 -0.675 -0.675 -0.675 -0.675 -0.44500001 -0.445 -0.44500009 -0.5175 -0.5175 0.4125 0.45624863 0.4575 0.59749992 0.5975 0.5975 0.5975 -0.1525 -0.1525 -0.1525 -0.15792809 -0.84783259 -0.8475 -0.8475 -0.8475 -0.84750001 -0.15750029 -0.1575
0.135 0.4075 0.4075 0.4075 0.4075 0.4075 0.40749995 -0.28554628 -0.055826498 -0.0575 -0.0575 -0.0575 -0.0575 -0.0575 -0.057500002 -0.40777457 -0.20837039 -0.26319673 -0.18005644 -0.18 -0.18 -0.18 -0.18 -0.18000033 -0.6675 -0.6675 -0.66750001 -0.675 -0.675 -0.67527534 -0.8125 -0.8125 -0.5175 -0.5175 -0.5175 0.30131558 0.4575 0.4575 0.4575 0.5975 0.5975 0.5975 -0.1525 -0.1525 -0.1525 -0.1525 -0.84749999 -0.8475 -0.8475 -0.8475 -0.8475 -0.1575 -0.1575
0.135 0.23644865 0.4075 0.4075 0.4075 0.4075 -0.50981993 -0.51 -0.50999999 -0.0575 -0.0575 -0.0575 -0.0575 -0.0575 -0.136367 -0.415 -0.415 -0.415 -0.46413213 -0.46499971 -0.465 -0.465 -0.465 -0.465 -0.6675 -0.6675 -0.6675 -0.6675 -0.675 -0.8125 -0.8125 -0.8125 -0.51750003 -0.5175 -0.5175 0.3775 0.45739408 0.4575 0.4575 0.59740596 0.40977038 -0.028124541 -0.1525 -0.1525 -0.39425163 -0.395 -0.395 -0.84572496 0.22872589 0.23249991 0.2324998 0.31492846 -0.15749904
0.135 0.18609014 0.29616987 0.4075 0.4075 -0.5094579 -0.51 -0.51 -0.51 -0.50673916 -0.0575 -0.0575 -0.0575 -0.057500043 -0.415 -0.415 -0.415 -0.415 -0.46495534 -0.465 -0.465 -0.465 -0.465 -0.465 -0.6675 -0.6675 -0.6675 -0.6675 -0.66802741 -0.8125 -0.8125 -0.8125 -0.13250002 -0.51739967 0.3775 0.3775 0.3775 0.37258678 0.00086027477 -0.03 -0.03 -0.03 -0.2975 -0.2975 -0.395 -0.395 -0.395 0.23249999 0.2325 0.2325 0.2325 0.315 0.315
0.18758691 0.1875 0.1875 0.1875 -0.2525 -0.50999336 -0.51 -0.51 -0.51 -0.51 -0.08475512 -0.057504691 -0.05750001 -0.415 -0.415 -0.415 -0.415 -0.415 -0.47115853 -0.465 -0.465 -0.465 -0.465 -0.465 -0.42275525 -0.20000253 -0.2 -0.2 -0.2 -0.81249997 -0.13250001 -0.1325 -0.1325 -0.1325 0.3775 0.37748822 -0.07 -0.07 -0.03049946 -0.03 -0.03 -0.03 -0.2975 -0.2975 -0.37990364 -0.395 -0.395 0.2325 0.2325 0.2325 0.23338461 0.315 0.315
0.1875 0.1875 0.1875 -0.019702564 -0.2525 -0.2525 -0.51 -0.51 -0.51 -0.51 -0.4175 -0.4175 -0.4175 -0.415 -0.415 -0.415 -0.415 -0.41507974 -1.2425 -1.2425 -0.46500032 -0.465 -0.4706604 -0.6975 -0.69302123 -0.2 -0.2 -0.2 -0.2 -0.13250687 -0.1325 -0.1325 -0.1325 -0.1325 -0.069998427 -0.07 -0.07 -0.07 -0.069845086 -0.03 -0.03 -0.03 -0.2975 -0.2975 -0.2975 -0.395 -0.395 0.23249999 0.2325 0.2325 0.315 0.315 0.315
0.1875 0.1875 0.1875 -0.2525 -0.2525 -0.2525 -0.25250039 -0.51 -0.51 -0.41759549 -0.4175 -0.4175 -0.4175 -0.41749845 -0.80554631 -0.8975 -0.8975 -0.8975 -1.2425 -1.2425 -1.2425 -0.6975 -0.6975 -0.6975 -0.69747199 -0.40849841 -0.2 -0.2 -0.2 0.32536174 0.43244443 0.4325 0.4325 0.4325 0.03343108 0.17749944 0.1775 0.1775 0.1775 -0.13498563 -0.135 -0.135 -0.2975 -0.2975 0.26999763 0.26999997 0.185 0.185 0.29 0.29 0.29 0.315 0.37744412
0.18750143 0.1875 0.18749998 -0.2525 -0.2525 -0.2525 -0.2525 -0.37750004 -0.50947021 -0.41733225 -0.4175 -0.4175 -0.4175 -0.41844189 -0.8975 -0.8975 -0.8975 -0.8975001 -1.2425 -1.2425 -1.2425 -0.6975 -0.6975 -0.6975 -0.5975 -0.5975 -0.4075 -0.4075 -0.4075 -0.40291754 0.4325 0.4325 0.4325 0.4325 0.30506993 0.1775 0.1775 0.1775 0.1775 -0.135 -0.135 -0.135 -0.12225715 0.27 0.27 0.27 0.185 0.185 0.29 0.29 0.29 0.3775 0.3775
0.6475 0.41638023 -0.2625 -0.2624971 -0.2525 -0.37677675 -0.3775 -0.3775 -0.28913818 -0.2325 -0.2325 -0.2325 -0.2325 -1.1674696 -1.1675 -0.89750021 -0.8975 -0.90659024 -1.2425 -1.2425 -1.2425 -1.1025 -1.1025 -1.1025 -0.5975 -0.5975 -0.4075 -0.4075 -0.4075 -0.40749952 0.25000116 0.25000051 0.42791314 0.43230435 -0.30665318 -0.3075 -0.3075 -0.3075 -0.3075 -0.135 -0.135 -0.135 0.24769895 0.27 0.27 0.26999988 0.185 0.185 0.18500378 0.29 0.28999374 0.15 0.3775
0.29006789 0.2899999 -0.2625 -0.2625 -0.2625 -0.3775 -0.3775 -0.3775 -0.135 -0.135 -0.2325 -0.2325 -0.2325 -1.1675 -1.1675 -1.1675 -1.1675 -1.1675073 -1.2425 -1.2425 -1.2425 -1.1025 -1.1025 -1.1025 -0.5975 -0.5975 -0.4075 -0.4075 -0.4075 0.24258664 0.25 0.25 0.25 0.25 -0.30722491 -0.3075 -0.3075 -0.3075 -0.3075 -0.85749981 -0.8575 -0.8575 -0.8575 0.26999471 -0.42 -0.42 -0.42 0.045 0.045 0.045 0.15 0.15 0.15
0.29 0.29 -0.2625 -0.2625 -0.2625 -0.37689554 -0.3775 -0.135 -0.135 -0.135 -0.232488 -0.2325 -0.85760041 -1.1675 -1.1675 -1.1675 -1.1675 -1.335 -1.335 -1.335 -1.3125 -1.3124998 -1.102501 -1.1025 -1.1023493 -1.0875 -1.0875 -1.0874984 -0.40760989 0.19001196 0.19000032 0.19001048 0.24989745 0.24994822 -0.20824665 -0.30750018 -0.3090667 -0.775 -0.775 -0.8575 -0.8575 -0.8575 -0.8575 -0.42 -0.42 -0.42 -0.42 0.045 0.045 0.045 0.15 0.15 0.15
0.29 0.29 -0.2625 -0.2625 -0.2625 -0.2625 -0.28673933 -0.135 -0.135 -0.135 -0.13547643 -0.9975 -0.9975 -0.9975 -1.1664982 -1.1675 -1.3338838 -1.335 -1.335 -1.335 -1.3125 -1.3125 -1.3125 -1.3125 -1.0875 -1.0875 -1.0875 -1.0875 -1.0875 0.19 0.19 0.19 0.19 0.18999958 -0.01 -0.775 -0.775 -0.775 -0.775 -0.77500155 -1.2525 -1.2525 -1.2525 -1.0792151 -0.72 -0.72 -0.72 0.044999978 0.044999765 -0.1975 -0.1975 -0.10743736 -0.1075
0.29 0.29 -0.063086296 -0.2625 -0.2625 -0.26250002 -1.2205702 -0.1384272 -0.135 -0.135 -0.99750003 -0.9975 -0.9975 -0.9975 -0.9975 -1.0114846 -1.335 -1.335 -1.335 -1.335 -1.3125002 -1.3125 -1.3125 -1.3125 -1.0875 -1.0875 -1.0875 -1.0875 -1.0875 -0.31987993 0.19 0.19 0.19 -0.01 -0.01 -0.010594042 -0.775 -0.775 -0.59631782 -0.45750003 -1.2525 -1.2525 -1.2525 -1.0799796 -0.72 -0.72 -0.72 -0.1425 -0.19681471 -0.1975 -0.1975 -0.1075 -0.1075
-0.985 -0.985 -0.985 -0.44365061 -0.26455169 -1.2225 -1.2225 -1.2225 -1.2225 -1.1475 -1.1475 -0.99750001 -0.9975 -0.9975 -0.9975 -0.99752139 -1.335 -1.335 -1.335 -1.335 -1.3223183 -1.3125 -1.3125 -1.308967 -1.1734924 -1.0875 -1.0875 -1.0875 -0.5 -0.5 -0.5 -0.4999971 -0.01 -0.01 -0.01 -0.01 -0.4575 -0.4575 -0.4575 -0.4575 -0.7875 -0.7875 -0.7875 -0.31250955 -0.3125 -0.3125 -0.31250013 -0.1425 -0.1425 -0.19743299 -0.1975 -0.10749919 -0.1075
-0.985 -0.985 -0.985 -0.98503662 -1.665 -1.6006532 -1.2225 -1.2225 -1.2225 -1.1475 -1.1475 -1.1475 -0.89500001 -0.895 -0.895 -0.89500001 -1.3347023 -1.335 -1.335 -1.335 -1.3346514 -1.1775004 -1.1775 -1.1775 -1.1775 -1.1775 -0.8775 -0.8775 -0.5 -0.5 -0.5 -0.5 -0.010000097 -0.01 -0.01 -0.010010996 -0.45749998 -0.4575 -0.4575 -0.45441825 -0.7875 -0.7875 -0.7875 -0.31252203 -0.3125 -0.3125 -0.3125 -0.1425 -0.1425 -0.14249997 0.0525 0.0525 0.135
-0.985 -0.985 -0.985 -1.6649984 -1.665 -1.665 -1.2225002 -1.2225 -1.2225 -1.1475 -1.1475 -1.1475 -0.895 -0.895 -0.895 -0.91613428 -1.1725 -1.1725 -1.1725004 -1.3340822 -1.1775 -1.1775 -1.1775 -1.1775 -1.1775 -1.1772742 -0.8775 -0.8775 -0.8775 -0.5 -0.5 -0.49991472 -0.145 -0.145 -0.145 0.35 0.35 0.245 0.245 0.245 0.42 -0.78712124 -0.78749162 0.335 0.335 0.31046049 -0.312498 -0.1425 -0.1425 0.0525 0.0525 0.0525 0.135
-0.985 -0.985 -0.985 -1.665 -1.665 -1.665 -1.665 -1.2225 -1.2225 -1.1475 -1.1475 -0.90509636 -0.895 -0.895 -0.895 -1.1725 -1.1725 -1.1725 -1.1725 -1.1725 -1.1775 -1.1775 -1.1775 -1.1775 -1.1775 -0.87750102 -0.8775 -0.8775 -0.8775 -0.3675 -0.3675 -0.3675 -0.145 -0.145 -0.145 0.35 0.35 0.245 0.245 0.42 0.42 0.42 0.335 0.335 0.335 0.335 0.33479463 0.3325 0.3325 0.3325 0.052500006 0.385 0.385
-0.985 -0.985 -0.98594693 -1.665 -1.665 -1.665 -1.665 -1.3460761 -1.33 -1.3296867 -1.1475 -0.89500607 -0.895 -0.895 -0.89500096 -1.1725 -1.1725 -1.1725 -1.1725 -1.1725 -0.82747004 -1.1775 -1.1775 -1.1775 -1.1774506 -0.87750338 -0.8775 -0.8775 -0.8775 -0.3675 -0.3675 -0.3675 -0.36746686 -0.145 0.35 0.35 0.35 0.34999568 0.24501193 0.42 0.42 0.42 0.33500516 0.335 0.335 0.335 0.33249922 0.3325 0.3325 0.3325 0.385 0.385 0.385
-1.5725 -1.572499 -1.6646391 -1.665 -1.665 -1.665 -1.3300713 -1.33 -1.33 -1.33 -0.96750001 -0.9675 -0.9675 -0.9675 -1.1715538 -1.1725 -1.1725 -1.1725 -1.1725 -0.81250021 -0.8125 -0.8125 -0.93750004 -0.9375 -0.9375 -0.9375 -0.93232123 -0.8775 -0.24252601 -0.2425 -0.2425 -0.2425 -0.2425 0.3525 0.3525 0.3525 0.3525 0.3525 0.1425 0.1425 0.1425 0.1425 0.1425 0.25512059 0.255 0.255 0.255 0.3325 0.3325 0.3325 0.38499173 0.385 0.385
-1.5725 -1.5725 -1.5712023 -1.4175005 -1.4175001 -1.4174149 -1.33 -1.33 -1.33 -1.33 -0.9675 -0.9675 -0.9675 -0.9675 -0.9675 -1.1725 -1.1725 -1.1725 -0.81250009 -0.8125 -0.8125 -0.8125 -0.9375 -0.9375 -0.9375 -0.9375 -0.9375 -0.9374866 -0.24246911 -0.2425 -0.2425 -0.2425 -0.24248759 0.27313377 0.35241782 0.3525 0.3525 0.3525 0.1425 0.1425 0.1425 0.1425 0.1425 0.255 0.255 0.255 0.255 0.29124051 0.3325 0.59701552 0.6 0.47 0.47
-1.5725 -1.5725 -1.4175196 -1.4175 -1.4175 -1.4175 -1.3952754 -1.33 -1.33 -1.33 -0.9675 -0.9675 -0.9675 -0.9675 -0.9675 -1.1723441 -1.1725 -0.81260555 -0.8125 -0.8125 -0.8125 -0.8125 -0.89119294 -0.9375 -0.9375 -0.9375 -0.9375 -0.93695131 -0.1625 -0.1625 -0.1625 -0.1625 -0.1625 0.2125 0.2125 0.2125 0.2125 0.2125 -0.09 -0.09 -0.09 -0.09 -0.089999997 0.25479246 0.25499996 0.255 0.25498559 0.253316 0.6 0.6 0.6 0.47000073 0.47
-1.5725004 -1.8029184 -1.4175001 -1.4175 -1.4175 -1.4175 -1.4175 -1.3300373 -1.33 -1.33 -0.9675 -0.9675 -0.9675 -0.9675 -1.1655022 -1.17 -1.17 -0.8125092 -0.8125 -0.8125 -0.8125 -0.8125 -0.81250012 -0.9375 -0.9375 -0.9375 -0.9375 -0.64499956 -0.64499978 -0.54231227 -0.1625 -0.1625 -0.1625 0.2125 0.2125 0.2125 0.2125 0.21242042 -0.09 -0.09 -0.09 -0.09 -0.089984677 0.17 0.17 0.17 0.17 0.17003468 0.6 0.6 0.6 0.59999991 0.45768409
-1.8075 -1.8075 -1.6669065 -1.4175 -1.4175 -1.4175 -1.4175 -1.4175 -1.3300371 -1.245 -1.245 -1.245 -1.2443414 -1.1699997 -1.17 -1.17 -1.17 -1.17 -0.81250546 -0.85917049 -1.2675 -1.2675 -1.2675 -1.1841599 -0.94890518 -1.0099322 -1.0611784 -0.645 -0.645 -0.645 -0.645 -0.645 -0.62634981 0.087901195 0.095 0.095 0.095 0.095 -0.052429328 0.10999964 0.11 0.11 0.11 0.11750015 0.16999999 0.17 0.17 0.535 0.59999896 0.6 0.6 0.4575 0.4575
-1.8075 -1.8075 -1.345 -1.345 -1.345 -1.4174758 -1.4175 -1.4175 -1.245 -1.245 -1.245 -1.245 -1.245 -1.17 -1.17 -1.17 -1.17 -1.17 -1.2675 -1.2675 -1.2675 -1.2675 -1.2675 -1.08 -1.08 -1.08 -1.08 -0.645 -0.645 -0.645 -0.645 -0.645 -0.5375 -0.5375 0.094999996 0.095 0.095 -0.074971049 -0.075 0.11 0.11 0.11 0.11000004 0.1175 0.1175 0.1175 0.535 0.535 0.535 0.33 0.33 0.4575 0.4575
-1.8075 -1.8075 -1.345 -1.345 -1.345 -1.345 -1.3449999 -1.3275 -1.2450777 -1.245 -1.245 -1.245 -1.245 -1.1709356 -1.17 -1.17 -1.17 -1.17 -1.2675 -1.2675 -1.2675 -1.2675 -1.2675 -1.08 -1.08 -1.08 -1.08 -1.0799983 -0.645 -0.645 -0.645 -0.53750564 -0.5375 -0.5375 -0.5375 0.094999999 -0.074999998 -0.075 -0.075 -0.070132303 0.32707468 0.3675 0.3675 0.1175 0.1175 0.1175 0.535 0.535 0.535 0.33 0.33 0.33 0.30126393
