interpolatedSpi/05-04|23_1.tif
NCOLS 53
NROWS 52
XLLCORNER -116.03883
YLLCORNER 28.596182
DX 0.49850594
DY 0.49788537
NODATA_VALUE -9999
0.68 0.68 -1.1809829 -2.61 -1.24 -1.32 -0.77 0.16 -0.69278849 -0.07 -0.3 -0.02 -0.13003129 -0.51 -0.74 -0.74 -0.74 -0.3 -0.61 -0.61 -0.61 -0.60999412 -1.0230915e-08 -1.03 -1.03 -1.03 0.1200008 0.12 0.12 -0.54 -0.54 -0.54 -0.54 -1.8399997 -1.84 -1.84 -1.84 -1.84 -1.84 -1.84 -1.3947944 -1.3896972 -0.2 -0.2 -0.2 -0.2 -0.20071867 -0.64 -0.64 -0.64 0.11999842 0.12 0.12 
0.67996223 -0.17 -0.70999916 -0.62018541 -1.6193719 -0.73 0.1 0.66985646 0.05 -0.42 0.03 -0.13 -0.13 -0.51 -0.51000203 -0.74 -0.3 -0.3 -0.6095958 -0.61 -0.61 -0.61 -0.98420573 -1.03 -1.03 -1.03 -0.62000003 -0.62 -0.54 -0.54 -0.54 -0.54 -0.54 -1.8399998 -1.84 -1.84 -1.84 -1.84 -1.8399999 -1.6057696 -0.40009408 -0.22426889 -0.2 -0.2 -0.2 -0.2 -0.2 -0.64 -0.64 -0.64 -0.57698007 0.12 0.12 
0.39996464 0.4 0.02 -0.24 -0.18 0.6 0.03 1.3 -0.23 -0.25 -0.02 0.04 -0.73 -0.05 -0.51 -0.83 -0.3 -0.3 -0.3 0.12978488 0.13 0.13 -0.16 -1.03 -1.03 -1.03 -0.62 -0.62 -0.62 -0.54 -0.54 -0.53999996 -0.092297937 -1.8362782 -1.8315298 -0.93833876 -0.93 -0.93 -0.86333997 -0.4 -0.4 -0.39974425 -0.2 -0.2 -0.2 -0.2 -0.2 -0.64 -0.64 -0.64 -0.64 0.12 0.12 
-0.97 0.39999958 -1.6899387 -0.22 -0.46 0.34 0.34 0.75 -4.1965203e-47 -0.22067863 -0.25 -0.17 -0.03 -0.05 -1.15 -0.83 -0.35367246 -0.34996497 -0.72 0.13 0.13 -0.21 -0.16 -0.16 -1.03 -1.029998 -0.62 -0.62 -0.62 0.72 0.53893635 0.39 0.39 0.38999895 -0.93 -0.93 -0.93 -0.93 -0.4 -0.4 -0.4 -0.39999999 -0.2 -0.2 -0.2 -0.2 -0.2 -0.63999445 -0.64 -0.64 -0.64 0.12002254 0.12 
-0.97 -0.33000249 -1.69 -1.0132757 -0.46 -1.19 -0.74013595 -1.49 -1.13 -0.68000023 -0.68299147 -0.67996276 -0.42 -1.15 -1.15 -0.92834714 -0.35 -0.35 -0.72 -0.72 0.12999935 -0.21 -0.47 1.1 0.32 0.31996936 -0.62 -0.62 0.72 0.72 0.39 0.39 0.39 0.19576977 -0.93 -0.93 -0.93 -0.4 -0.4 -0.4 -0.4 -0.39986486 -0.19999998 -0.2 -0.2 -0.2 -0.2 -0.20391655 -0.64 -0.63993498 0.81 0.81 0.81 
-0.5 -0.86 -1.28 -0.51 -1.15 -1.48 -1.69 -1.6643943 -0.96 -1.46 -1.09 -1.74 -1.7399991 -1.38 -1.38 -0.48983582 -0.49 0.23 0.23 -0.71999876 0.1 0.1 1.1 0.32 0.32 0.19 -0.51 -0.51 0.31003617 0.72 0.39 0.39 -0.64 -0.63991432 0.17994122 -0.02 -0.02 -0.28243833 -0.4 -0.4 0.9982539 1 1.0000006 0.49746655 0.50992153 0.50999981 0.50999998 0.50999973 0.013713204 0.81 0.81 0.81 0.81 
1.3999851 -0.11 -0.87671895 -2.29 -1.66 -1.77 -1.16 -0.83 -1.64 -1.64 -1.09 -1.17 -1.02 -1.38 0.1899953 0.19 -0.49 0.32 0.69 0.69 0.1094253 0.12 0.12 0.37 0.19 0.19 -0.51 -0.51 0.30995396 0.30915239 0.26768852 -0.64 -0.64 0.18 0.18 0.078035207 -0.02 -0.02 0.029998267 0.99999865 1 1 1.0000018 0.50999905 0.51 0.51 0.51 0.50999964 -0.1 0.80981966 0.81 0.81 0.81 
1.4 0.46 0.07 -1.84 -1.6000138 -1.26 -1.1 -1.62 -0.91 -0.62 -0.62 -0.89 -1.02 -1.02 0.18169828 0.2810757 0.29 0.64 0.18000052 0.69 0.62519122 0.66 0.16 1.48 1.4799902 0.72 0.53 0.52999963 -0.47723173 -0.47999998 0.27 -0.59253729 0.15 0.18 0.18057042 0.16 0.16 0.03 0.03 1 1 1 0.3426328 0.34000001 0.51 0.51 0.51 -0.099976781 -0.1 -0.1 0.81 0.81 0.81 
0.41751965 0.46000001 1.07 -0.87 -1.39 -1.78 -1 -0.85 -1.04 -0.88848685 -0.76 -1.05 -1.05 -0.68 -0.68000103 -0.41802117 -0.42 -0.42 0.56978029 0.10000003 0.25 0.25 0.27 0.2033492 0.79658793 0.72 0.28 0.53 0.46040677 0.46 -0.8 0.23 0.038611893 -0.16 0.2 -0.04 0.06 -2.03 0.01905339 1.0011159 1.25 0.67 0.34010582 0.34 0.34095685 0.51 -0.59999994 -0.1 -0.1 -0.1 -0.099999994 0.90960596 1.94 
0.18 0.18 1.07 -0.23 -1.42 -0.96 -0.79 -0.98 -0.28 -0.84996542 -1 -0.28 -0.68 -0.68 -0.79 -0.78492528 -0.42 -0.42000274 -0.48 0.1 0.1 0.11932503 0.27 -0.0099946979 -0.01 -0.01 0.28 -0.14 -0.14 0.46 0.46 0.22927929 -0.15 -0.16 0.82 -0.04 0.06 -0.49 0.02 1.1316862 0.67000003 0.78754861 0.99 0.34 0.34 -0.6 -0.6 -0.6 -0.1 -0.1 1.61 1.61 1.6100001 
0.18 0.18 0.01 -0.19 -1.02 -0.9 -1.19 -1.1000519 -1.17 -1.98 -0.38 -1.4 -0.28149164 -0.79 -0.79 -0.78990887 -1.0613932e-43 -0.025192652 -0.48 0.63 0.63 0.09 0.09 -0.01 -0.01 -0.01 -0.14 -0.14 -0.14 -0.03 -0.03 -0.030000198 0.7 0.7 0.31 0.21 1 0.099998553 0.4 1.15 1.15 0.15000276 0.99 0.34 0.43999971 0.07 0.81388439 0.82 1.61 1.61 1.61 1.61 1.61 
0.18 0.10652333 -0.075347133 -1.4699735 -0.07 -1.16 -1.19 -1.1 -1.1699994 -1.9710262 -1.4000008 -1.4 -0.2 -0.79 -0.79 -2.6129173e-08 -1.8638282e-35 -2.7318399e-05 -0.48 0.63 0.52395499 0.09 0.09 -0.0099966122 -0.01 -0.11519026 -0.33 -0.33 -0.32999998 -0.03 -0.03 -0.13 -0.13 0.69999893 0.31 0.45 0.82842095 0.1 0.1 1.15 0.15 0.15 0.15000223 0.44 0.44 0.07 0.82 0.82 1.61 1.61 1.61 1.61 1.61 
0.1 -0.88531069 -0.95997151 -0.963673 -0.070005696 -1.1599743 -1.19 -1.1011078 -1.1651763 -1.1911513 -0.2 -0.2 -0.2 -0.2 -0.78991642 -7.103833e-10 -1.1585306e-14 -0.0061975649 -0.48 0.62964292 -0.58 -0.58 -0.58 -0.58 -0.019911114 -0.33 -0.33 -0.33 -0.33 -0.33003245 -0.13 -0.13 -0.13 -0.13 0.45 0.45 0.45 0.11667755 0.10120169 0.26 0.26 0.15000592 0.030014035 0.43996051 0.44 0.07 0.82 0.82 1.61 1.61 1.61 1.61 1.2916169 
0.1 -0.96 -0.96 -0.96 -0.96 -0.96000008 -1.1899231 -1.1474244 -1.1523072 -0.20106483 -0.2 -0.2 -0.2 -0.2 -0.19999988 -1.276664e-08 -7.5804207e-08 -0.032924724 -0.47999363 -0.58 -0.58 -0.58 -0.58 -0.58 -0.60096733 -0.88677872 -1.0799998 -1.08 -1.08 -1.08 -0.13000001 -0.13 -0.13000004 -0.16 -0.16 0.45 0.32361508 0.32 0.26000003 0.26 0.26 0.26 0.03 0.03 0.03 0.030278364 1.0582827 1.06 1.06 1.06 1.06 1.77 1.77 
-0.25 -0.96 -0.96 -0.96 -0.96 -0.96 -0.96000001 -0.98056305 -0.026182094 -0.02 -0.02 -0.02 -0.02 -0.02 -0.020000002 -1.1662924 -0.018927408 -0.065728307 -0.57998727 -0.58 -0.58 -0.58 -0.58 -0.58000064 -1.55 -1.55 -1.5499993 -1.08 -1.08 -1.0795995 -0.88 -0.88 -0.16 -0.16 -0.16 0.24310923 0.32 0.32 0.32 0.26 0.26 0.26 0.03 0.03 0.03 0.03 1.06 1.06 1.06 1.06 1.06 1.77 1.77 
-0.25 -0.51432493 -0.96 -0.96 -0.96 -0.96 -0.51008832 -0.51 -0.50999999 -0.02 -0.02 -0.02 -0.02 -0.02 -0.27811019 -1.19 -1.19 -1.19 -1.1283254 -1.1299994 -1.13 -1.13 -1.13 -1.13 -1.55 -1.55 -1.55 -1.55 -1.08 -0.88 -0.88 -0.88 -0.16000006 -0.16 -0.16 0.34 0.32002648 0.32 0.32 0.2599476 0.15529025 -0.088953927 0.03 0.03 0.93719169 0.94 0.94 1.0604426 1.3290565 1.33 1.3299999 1.8999802 1.7700003 
-0.25 -0.23053701 -0.59058639 -0.96 -0.96 -0.51026588 -0.51 -0.51 -0.51 -0.50646892 -0.02 -0.02 -0.02 -0.020000141 -1.19 -1.19 -1.19 -1.19 -1.1300536 -1.13 -1.13 -1.13 -1.13 -1.13 -1.55 -1.55 -1.55 -1.55 -1.547563 -0.88 -0.88 -0.88 -0.25000002 -0.15995131 0.34 0.34 0.34 0.33955881 -0.064032245 -0.09 -0.09 -0.09 0.63 0.63 0.94 0.94 0.94 1.33 1.33 1.33 1.33 1.9 1.9 
-0.22990777 -0.23 -0.23 -0.23 -0.17 -0.50999123 -0.51 -0.51 -0.51 -0.51 -0.054825953 -0.020005994 -0.020000013 -1.19 -1.19 -1.19 -1.19 -1.19 -1.1751958 -1.13 -1.13 -1.13 -1.13 -1.13 -1.2373855 -1.0900025 -1.09 -1.09 -1.09 -0.87999997 -0.25000001 -0.25 -0.25 -0.25 0.34 0.33999895 0.3 0.3 -0.085130269 -0.09 -0.09 -0.09 0.63 0.63 0.89200133 0.94 0.94 1.33 1.33 1.33 1.3361119 1.9 1.9 
-0.23 -0.23 -0.23 -0.2017451 -0.17 -0.17 -0.51 -0.51 -0.51 -0.51 -0.48 -0.48 -0.48 -1.19 -1.19 -1.19 -1.19 -1.1900033 -1.03 -1.03 -1.13 -1.13 -1.1336519 -1.28 -1.2782895 -1.09 -1.09 -1.09 -1.09 -0.25008553 -0.25 -0.25 -0.25 -0.25 0.30000014 0.3 0.3 0.3 0.29857371 -0.09 -0.09 -0.09 0.63 0.63 0.63 0.94 0.94 1.33 1.33 1.33 1.9 1.9 1.9 
-0.23 -0.23 -0.23 -0.17 -0.17 -0.17 -0.17000052 -0.51 -0.51 -0.48003097 -0.48 -0.48 -0.48 -0.48044236 -1.2061884 -1.21 -1.21 -1.21 -1.03 -1.03 -1.03 -1.28 -1.28 -1.28 -1.2799048 -1.0113214 -1.09 -1.09 -1.09 -0.44012681 -0.45997935 -0.46 -0.46 -0.46 -0.095468798 -0.64999784 -0.65 -0.65 -0.65 -0.22998084 -0.23 -0.23 0.63 0.63 -0.039997203 -0.03999977 0.61 0.61 0.86 0.86 0.86 1.9 0.84094777 
-0.23000059 -0.23 -0.23 -0.17 -0.17 -0.17 -0.17000001 -0.76999992 -0.51103958 -0.47978237 -0.48 -0.48 -0.48 -0.48143246 -1.21 -1.21 -1.21 -1.2099999 -1.03 -1.03 -1.03 -1.28 -1.28 -1.28 -0.94 -0.94 -0.73 -0.73 -0.73 -0.72852707 -0.46 -0.46 -0.46 -0.46 -0.55494794 -0.65 -0.65 -0.65 -0.65 -0.23 -0.23 -0.23 -0.22402187 -0.04 -0.04 -0.04 0.61 0.61 0.86 0.86 0.86 0.84 0.84 
-0.42 -0.34083442 -0.89 -0.88979112 -0.17 -0.76652842 -0.77 -0.77 -0.54408525 -0.24 -0.24 -0.24 -0.24 0.24998405 0.24999999 -1.2099989 -1.21 -1.2052573 -1.03 -1.03 -1.03 -0.7 -0.7 -0.7 -0.94 -0.94 -0.73 -0.73 -0.73 -0.73000017 -0.95999682 -0.9599986 -0.47256675 -0.46053603 -1.3290047 -1.33 -1.33 -1.33 -1.33 -0.23 -0.23 -0.23 -0.050462402 -0.04 -0.04 -0.040000055 0.61 0.61 0.610009 0.86 0.8599611 -0.01 0.84 
-0.21003988 -0.21000012 -0.89 -0.89 -0.89 -0.77 -0.77 -0.77 -0.15 -0.15 -0.24 -0.24 -0.24 0.25 0.25 0.25 0.25 0.2498524 -1.03 -1.03 -1.03 -0.7 -0.7 -0.7 -0.94 -0.94 -0.73 -0.73 -0.73 -0.95740673 -0.96 -0.96 -0.96 -0.96 -1.3298174 -1.33 -1.33 -1.33 -1.33 -0.83999984 -0.84 -0.84 -0.84 -0.040002378 -0.35 -0.35 -0.35 -0.61 -0.61 -0.61 -0.01 -0.01 -0.01 
-0.21 -0.21 -0.89 -0.89 -0.89 -0.77063074 -0.77 -0.15 -0.15 -0.15 -0.23998892 -0.24 0.078678642 0.24999998 0.25 0.25 0.25 0.28 0.28 0.28 -0.44000001 -0.44000019 -0.69999873 -0.7 -0.70038753 -1.24 -1.24 -1.2399988 -0.73008242 -1.7798366 -1.7799956 -1.7798568 -0.96140147 -0.96070765 -1.2646385 -1.3300001 -1.3309048 -1.6 -1.6 -0.84 -0.84 -0.84 -0.84 -0.35 -0.35 -0.35 -0.35 -0.61 -0.61 -0.61 -0.01 -0.01 -0.01 
-0.21 -0.21 -0.89 -0.89 -0.89 -0.89 -0.53795211 -0.15 -0.15 -0.15 -0.14983429 0.15 0.15 0.15 0.24941068 0.25 0.27980009 0.28 0.28 0.28 -0.44 -0.44 -0.44 -0.44 -1.24 -1.24 -1.24 -1.24 -1.24 -1.78 -1.78 -1.78 -1.78 -1.7800034 -3.38 -1.6 -1.6 -1.6 -1.6 -1.5999966 -0.66 -0.66 -0.66 -0.67626842 -0.71 -0.71 -0.71 -0.61 -0.61000059 -1.22 -1.22 -0.5298735 -0.53 
-0.21 -0.21 -0.64456775 -0.89 -0.89 -0.88999999 -0.59920147 -0.15141815 -0.15 -0.15 0.14999993 0.15 0.15 0.15 0.15 0.15821602 0.28 0.28 0.28 0.28 -0.43999443 -0.44 -0.44 -0.44 -1.24 -1.24 -1.24 -1.24 -1.24 -2.1938156 -1.78 -1.78 -1.78 -3.38 -3.38 -3.3786178 -1.6 -1.6 -1.3467497 -1.15 -0.66 -0.66 -0.66 -0.67751027 -0.71 -0.71 -0.71 -1.34 -1.2214952 -1.22 -1.22 -0.53 -0.53 
-1.21 -1.21 -1.21 -0.9702328 -0.89005138 -0.6 -0.6 -0.6 -0.6 -0.17 -0.17 0.14999998 0.15 0.15 0.15 0.1500082 0.28 0.28 0.28 0.28 -0.12581536 -0.44 -0.44 -0.44444897 -0.63805318 -1.24 -1.24 -1.24 -2.34 -2.34 -2.34 -2.3399976 -3.38 -3.38 -3.38 -3.38 -1.15 -1.15 -1.15 -1.15 -0.01 -0.01 -0.01 -1.1199777 -1.12 -1.12 -1.1199999 -1.34 -1.34 -1.2201462 -1.22 -0.53000313 -0.53 
-1.21 -1.21 -1.21 -1.2099849 -0.93 -0.88201258 -0.6 -0.6 -0.6 -0.17 -0.17 -0.17 -0.79999996 -0.8 -0.8 -0.79999998 0.27847959 0.28 0.28 0.28 0.26907296 -0.60999953 -0.61 -0.61 -0.61 -0.61000002 -1.15 -1.15 -2.34 -2.34 -2.34 -2.34 -3.3799989 -3.38 -3.38 -3.3798778 -1.15 -1.15 -1.15 -1.1495174 -0.01 -0.01 -0.01 -1.1199485 -1.12 -1.12 -1.12 -1.34 -1.34 -1.34 -1.15 -1.15 -1.16 
-1.21 -1.21 -1.21 -0.93000065 -0.93 -0.93 -0.60000012 -0.6 -0.6 -0.17 -0.17 -0.17 -0.8 -0.8 -0.8 -0.78096011 -0.55 -0.55 -0.54999786 0.27531194 -0.61 -0.61 -0.61 -0.61 -0.61 -0.61040638 -1.15 -1.15 -1.15 -2.34 -2.34 -2.3394465 -1.88 -1.88 -1.88 -1.43 -1.43 -1.04 -1.04 -1.04 -0.25 -0.010075281 -0.010009627 -1.3 -1.3 -1.2931782 -1.1200008 -1.34 -1.34 -1.15 -1.15 -1.15 -1.16 
-1.21 -1.21 -1.21 -0.93 -0.93 -0.93 -0.93 -0.6 -0.6 -0.17 -0.17 -0.77480909 -0.8 -0.8 -0.8 -0.55 -0.55 -0.55 -0.55 -0.55 -0.61 -0.61 -0.61 -0.61 -0.61 -1.1499982 -1.15 -1.15 -1.15 -1.48 -1.48 -1.48 -1.88 -1.88 -1.88 -1.43 -1.43 -1.04 -1.04 -0.25 -0.25 -0.25 -1.3 -1.3 -1.3 -1.3 -1.3221798 -1.57 -1.57 -1.57 -1.15 -1 -1 
-1.21 -1.21 -1.2096101 -0.93 -0.93 -0.93 -0.93 -1.0823219 -1.09 -1.0884205 -0.17000004 -0.80003015 -0.8 -0.8 -0.79999914 -0.55 -0.55 -0.55 -0.55 -0.55 -0.99358995 -0.61 -0.61 -0.61 -0.60978168 -1.14991 -1.15 -1.15 -1.15 -1.48 -1.48 -1.48 -1.4800543 -1.88 -1.43 -1.43 -1.43 -1.4299837 -1.0399461 -0.25 -0.25 -0.25 -1.2999363 -1.3 -1.3 -1.3 -1.570007 -1.57 -1.57 -1.57 -1 -1 -1 
-1.37 -1.3699997 -0.93016279 -0.93 -0.93 -0.93 -1.089966 -1.09 -1.09 -1.09 -1.16 -1.16 -1.16 -1.16 -0.55281533 -0.55 -0.55 -0.55 -0.55 -1.0099997 -1.01 -1.01 0.44999982 0.45 0.45 0.45 0.31189942 -1.15 -1.0600037 -1.06 -1.06 -1.06 -1.06 -1.15 -1.15 -1.15 -1.15 -1.15 -1.03 -1.03 -1.03 -1.03 -1.03 -2.2685378 -2.27 -2.27 -2.27 -1.57 -1.57 -1.57 -1.0000898 -1 -1 
-1.37 -1.37 -1.3668183 -0.98999988 -0.98999999 -0.99009744 -1.09 -1.09 -1.09 -1.09 -1.16 -1.16 -1.16 -1.16 -1.16 -0.55 -0.55 -0.55 -1.0099999 -1.01 -1.01 -1.01 0.44999999 0.45 0.45 0.45 0.45 0.44965996 -1.0593783 -1.06 -1.06 -1.06 -1.0597502 -0.91190132 -1.1497535 -1.15 -1.15 -1.15 -1.03 -1.03 -1.03 -1.03 -1.03 -2.27 -2.27 -2.27 -2.27 -1.9426663 -1.57 -1.2733471 -1.27 -0.2 -0.2 
-1.37 -1.37 -0.99004813 -0.99 -0.99 -0.99 -1.0153996 -1.09 -1.09 -1.09 -1.16 -1.16 -1.16 -1.16 -1.16 -0.55047427 -0.55 -1.0098651 -1.01 -1.01 -1.01 -1.01 -0.09086646 0.45 0.45 0.45 0.45 0.45007075 0.55 0.55 0.55 0.55 0.55 -0.73 -0.73 -0.73 -0.73 -0.73 -1.55 -1.55 -1.55 -1.55 -1.55 -2.2702442 -2.2700001 -2.27 -2.270017 -2.2718956 -1.27 -1.27 -1.27 -0.20000599 -0.2 
-1.3699987 -0.68364719 -0.98999996 -0.99 -0.99 -0.99 -0.99 -1.0899574 -1.09 -1.09 -1.16 -1.16 -1.16 -1.16 -1.6880059 -1.7 -1.7 -1.0100178 -1.01 -1.01 -1.01 -1.01 -1.0099999 0.45 0.45 0.45 0.45 0.36000018 0.36000009 0.40043662 0.55 0.55 0.55 -0.72999999 -0.73 -0.73 -0.73 -0.72937013 -1.55 -1.55 -1.55 -1.55 -1.5499648 -2.37 -2.37 -2.37 -2.37 -2.3699113 -1.27 -1.27 -1.27 -1.2699994 -0.30837998 
-0.67 -0.67 -0.79136086 -0.99 -0.99 -0.99 -0.99 -0.99 -1.0899591 -1.81 -1.81 -1.81 -1.8084574 -1.6999992 -1.7 -1.7 -1.7 -1.7 -1.0100013 -1.021283 -1.12 -1.12 -1.12 -0.72416043 0.38356981 0.028114451 -0.27139726 0.36 0.36 0.36 0.36 0.36 0.36043408 0.1956228 0.2 0.2 0.2 0.2 -1.4635868 -1.0900008 -1.09 -1.09 -1.09 -1.6000023 -2.3699998 -2.37 -2.37 -0.56 -1.2699886 -1.27 -1.27 -0.31 -0.31 
-0.67 -0.67 -1.09 -1.09 -1.09 -0.99003331 -0.99 -0.99 -1.81 -1.81 -1.81 -1.81 -1.81 -1.7 -1.7 -1.7 -1.7 -1.7 -1.12 -1.12 -1.12 -1.12 -1.12 -0.38000004 -0.38 -0.38 -0.38 0.36 0.36 0.36 0.36 0.36 -0.19 -0.19 0.2 0.2 0.2 -0.019962534 -0.02 -1.09 -1.09 -1.09 -1.09 -1.6 -1.6 -1.6 -0.56 -0.56 -0.56 -0.26 -0.26 -0.31 -0.31 
-0.67 -0.67 -1.09 -1.09 -1.09 -1.09 -1.0900022 -1.49 -1.8096987 -1.81 -1.81 -1.81 -1.81 -1.7013721 -1.7 -1.7 -1.7 -1.7 -1.12 -1.12 -1.12 -1.12 -1.12 -0.38 -0.38 -0.38 -0.38 -0.379997 0.36 0.36 0.36 -0.18997116 -0.19 -0.19 -0.19 0.2 -0.019999997 -0.02 -0.02 -0.048153705 -0.97197881 -0.95 -0.95 -1.6 -1.6 -1.6 -0.56 -0.56 -0.56 -0.26 -0.26 -0.26 -0.092628075 
-1.31 -1.309995 -1.09 -1.09 -1.09 -1.09 -1.49 -1.49 -1.49 -1.81 -1.81 -1.81 -1.81 -1.8099658 -1.7 -1.7 -1.7 -1.7 -1.1200103 -1.12 -1.12 -1.12 -0.51037086 -0.38 -0.38 -0.38 -0.38 -0.33000004 -0.33 -0.32999999 0.35257389 -0.19 -0.19 -0.19 -0.19000055 -0.76999999 -0.02 -0.02 -0.02 -0.020000008 -0.95 -0.95 -0.95 -0.22 -0.22 -0.22 0.63988314 -0.56 -0.56 -0.25999999 -0.26 -0.26 -0.069997854 
-1.31 -1.31 -1.09 -1.09 -1.09 -1.49 -1.49 -1.49 -1.49 -1.7749161 -1.81 -1.81 -1.81 -1.8100059 -3.7197675 -3.72 -3.72 -3.72 -1.2449682 -1.34 -1.34 -1.34 -1.34 -0.38 -0.38 -0.38 -0.3799967 -0.33 -0.33 -0.33 -0.33 -0.19004328 -0.51623322 -0.77 -0.77 -0.77 -0.023138241 -0.85998251 -0.86 -0.86 -0.94953786 -0.36000002 -0.36 -0.22 -0.22 -0.21999636 0.64 0.64 0.66 0.66 0.66 0.9 0.7 
-1.31 -1.31 -0.6 -0.6 -0.6 -1.49 -1.49 -1.49 -1.49 -1.59 -1.59 -1.59 -1.59 -1.7401061 -3.72 -3.72 -3.72 -3.72 -1.24 -1.34 -1.34 -1.34 -1.34 -1.62 -1.6199995 -0.38000183 -0.33 -0.33 -0.33 -0.33 -0.36543927 -0.4 -0.72597507 -0.77 -0.77 -0.77 -0.86 -0.86 -0.86 -0.86 -0.36 -0.36 -0.36 0.30978873 0.31 0.63851667 0.64 0.64 0.66000184 0.66 0.9 0.9 0.7 
-1.31 -0.6 -0.6 -0.6 -0.6 -0.6 -1.4874382 -1.16 -1.16 -1.59 -1.59 -1.59 -1.59 -1.5905044 -3.72 -3.72 -3.72 -3.6079457 -1.24 -1.24 -1.34 -1.34 -1.62 -1.62 -1.62 -1.62 -0.33 -0.33 -0.33 -0.33 -0.4 -0.4 -0.4 -0.76962559 -0.77 -0.77 -0.86 -0.86 -0.86 -0.86 -0.36 -0.36 -0.36 0.31 0.31 0.31003116 0.86 0.86 1.06 1.06 0.9 0.9 0.7 
-0.60666778 -0.6 -0.6 -0.6 -0.6 -0.6 -1.16 -1.16 -1.16 -1.390154 -1.59 -1.59 -1.59 -1.5900102 -3.72 -3.72 -3.72 -1.24 -1.24 -1.24 -1.339995 -1.3400017 -1.62 -1.62 -1.62 -1.62 -0.33009169 -0.33 -0.33 -0.3999839 -0.4 -0.4 -0.4 -0.4 -0.76818416 -0.13 -0.13 -0.14263392 -0.86 -0.86 -0.36000044 -0.36 0.29051961 0.31 0.31 0.8599998 0.86 0.86 1.06 1.06 0.52 0.52 0.37 
-0.6 -0.6 -0.6 -0.6 -0.6 -0.6 -1.16 -1.16 -1.16 -1.16 -1.5999997 -1.6 -1.6 -1.6 -3.7199903 -1.9956834 -1.03 -1.03 -1.2396129 -1.24 -1.24 -1.6199996 -1.62 -1.62 -1.62 -1.62 -1.6190621 -0.33 -0.33000239 -0.4 -0.4 -0.4 -0.4 -0.4 -0.13 -0.13 -0.13 -0.13 -0.13 -0.12999974 1.11 1.11 1.1100001 1.39 1.39 1.39 0.96 0.96 0.53 0.53 0.52 0.51999967 0.37 
-0.6 -0.6 -0.6 -0.6 -0.6 -0.6 -1.16 -1.16 -1.16 -1.6 -1.6 -1.6 -1.6 -1.6 -1.4497494 -1.03 -1.03 -1.03 -1.03 -1.03 -1.0400268 -1.62 -1.62 -1.62 -1.62 -1.6300483 -1.9394986 -0.54922812 -0.3996548 -0.4 -0.4 -0.4 -0.4 -0.39999941 -0.13 -0.13 -0.13 -0.13 -0.13 0.44684512 1.11 1.11 1.11 1.39 1.39 1.39 0.96 0.96 0.53 0.53 0.4 0.37165499 0.37 
-0.6 -0.6 -0.6 -0.6 -0.6 -0.60000017 -1.1599999 -1.16 -1.1782625 -1.6 -1.6 -1.6 -1.6 -1.6 -1.5726593 -1.03 -1.03 -1.03 -1.03 -1.03 -1.03 -1.8882182 -1.9399996 -1.94 -1.94 -1.94 -1.94 -1.94 -0.4900595 -0.46999917 -0.47 -0.47 -0.47 -0.46999976 -0.13 -0.13 -0.13 -0.13 -0.13 1.1099999 1.11 1.11 1.11 1.1100001 1.3889419 0.73 0.95999998 0.40968795 0.52988609 0.4 0.4 0.40561239 0.67 
-0.6 -0.6 -0.6 -0.6 -0.6 -0.60003577 -1.1599698 -1.1600266 -1.5999994 -1.6 -1.6 -1.6 -1.6 -1.6 -1.5891541 -1.03 -1.03 -1.03 -1.03 -1.03 -1.03 -1.94 -1.94 -1.94 -1.94 -1.94 -1.94 -1.94 -0.47040579 -0.47 -0.47 -0.47 -0.47 -0.47 -0.37684003 -0.13 -0.13 -0.13 -0.13 1.11 1.11 1.11 1.11 1.1099027 0.73 0.73 0.72793172 0.4 0.4 0.4 0.4 0.67 0.67 
-0.6 -0.6 -0.6 -0.6 -0.6 -0.60074684 -1.1593476 -1.5503489 -1.6 -1.6 -1.6 -1.6 -1.6 -1.6 -1.5900212 -1.03 -1.03 -1.03 -1.03 -1.03 -1.1595675 -1.94 -1.94 -1.94 -1.94 -1.94 -1.94 -1.94 -0.4700059 -0.47 -0.47 -0.47 -0.47 -0.47 -0.47 0.35307619 1.1040524 1.5146684 1.5771503 1.1144995 1.11 1.11 1.11 0.73003034 0.73 0.73304429 1.239996 0.4 0.4 0.14010904 0.14 0.14 0.66999977 
-0.6 -0.6 -0.6 -0.6 -0.60000057 -0.60467038 -1.1941178 -1.599879 -1.6 -1.6 -1.6 -1.6 -1.6 -1.6 -1.5866896 -1.03 -1.03 -1.03 -1.03 -1.03 -1.9399961 -1.94 -1.94 -1.94 -1.94 -1.94 -1.94 -1.94 -0.4700004 -0.47 -0.47 -0.47 -0.47 -0.47 -0.46999958 1.61 1.61 1.61 1.61 1.18 1.18 1.18 1.18 1.2399985 1.24 1.24 1.24 1.2399932 0.64 0.64 0.14 0.14 -0.072185283 
-0.6 -0.6 -0.6 -0.60000004 -0.60001564 -0.61540297 -1.5688501 -1.5999943 -1.6 -1.6 -1.6 -1.6 -1.6 -1.6 -1.5806507 -1.0300002 -1.03 -1.03 -1.03 -1.0354769 -1.94 -1.94 -1.94 -1.94 -1.94 -1.94 -1.94 -1.94 -0.47000033 -0.47 -0.47 -0.47 -0.47 -0.47 1.6099981 1.61 1.61 1.61 1.61 1.18 1.18 1.18 1.18 1.1961937 1.24 1.24 1.24 0.64000671 0.64 0.64 -0.17 -0.17 -0.17 
-0.6 -0.6 -0.60000003 -0.60000127 -0.60015436 -0.67759083 -1.5982487 -1.5999986 -1.6 -1.6 -1.6 -1.6 -1.6 -1.6 -1.5724702 -1.0300134 -1.03 -1.03 -1.030001 -1.921562 -1.94 -1.94 -1.94 -1.94 -1.94 -1.94 -1.94 -1.94 -0.47000138 -0.47 -0.47 -0.47 -0.47 0.79643278 1.6099999 1.61 1.61 1.61 1.61 1.18 1.18 1.18 1.18 1.18 1.24 1.24 1.24 0.64000001 0.64 0.64 -0.17 -0.17 -0.17 
-0.60000001 -0.60000004 -0.60000053 -0.60001509 -0.60103873 -1.1621505 -1.5996798 -1.5999991 -1.6 -1.6 -1.6 -1.6 -1.6 -1.5999989 -1.5627444 -1.0302082 -1.03 -1.03 -1.0347115 -1.9399226 -1.94 -1.94 -1.94 -1.94 -1.94 -1.94 -1.94 -1.9399991 -0.47000921 -0.47 -0.46999877 1.1079119 1.26 1.26 1.26 1.61 1.61 1.61 1.61 1.18 1.18 1.18 1.18 1.18 1.2399989 1.24 1.2399997 0.64000004 0.64 0.63999956 -0.17 -0.17 -0.17 
