interpolatedSpi/05-09|22_2.tif
NCOLS 53
NROWS 52
XLLCORNER -116.03883
YLLCORNER 28.596182
DX 0.49850594
DY 0.49788537
NODATA_VALUE -9999
[rows 0 to 38 of 52, columns 0 to 52 of 53]
-0.448 -0.448 -0.91201025 -0.974 -0.694 -0.346 -0.508 -0.742 -1.0094473 -0.688 -0.87 -0.154 -0.35000049 -0.356 -0.41 -0.41 -0.41 0.346 0.102 0.102 0.102 0.10199778 -0.128 0.23 0.23 0.23 0.033999084 0.034 0.034 -0.262 -0.262 -0.262 -0.262 0.051999937 0.052 0.052 0.052 0.052 0.052 0.052000019 0.74454091 0.75191186 0.406 0.406 0.406 0.406 0.4061078 0.472 0.472 0.472 0.30200035 0.302 0.302
-0.44802959 -1.114 -0.75999978 -0.65671323 -0.40414547 -0.672 -0.876 -0.33452056 -0.352 -0.57 -0.25 -0.35 -0.35 0.18419272 -0.35599393 -0.41 0.346 0.346 0.10231814 0.102 0.102 0.102 0.21789347 0.23 0.23 0.23 -0.29799996 -0.298 -0.262 -0.262 -0.262 -0.262 -0.262 0.051999954 0.052 0.052 0.052 0.052 0.052000035 0.19485634 0.93793727 0.47055368 0.406 0.406 0.406 0.406 0.406 0.472 0.472 0.472 0.45790344 0.302 0.302
-0.42198514 -0.422 -0.57 -0.31 -0.414 -0.674 -0.496 -0.306 -0.898 -0.144 -0.406 -0.154 -0.526 0.37 0.186 -0.052 0.346 0.346 0.346 0.094002326 0.094 0.094 -2.220446e-17 0.23 0.23 0.23 -0.298 -0.298 -0.298 -0.262 -0.262 -0.26199999 -0.16957119 0.052860653 0.056486391 0.52958321 0.534 0.534 0.58481255 0.938 0.938 0.93731971 0.406 0.406 0.406 0.406 0.406 0.472 0.472 0.472 0.472 0.302 0.302
-0.5 -0.42199994 -0.13604504 0.412 -0.718 -0.224 -0.264 -0.508 -0.45 0.0010722029 -0.09 0.166 0.078 0.37 -0.532 -0.052 -0.94709884 -0.95308914 -1.07 0.094 0.094 -0.502 -2.220446e-17 -2.220446e-17 0.23 0.22999736 -0.298 -0.298 -0.298 -0.486 -0.25775007 -0.07 -0.07 -0.069999521 0.534 0.534 0.534 0.534 0.938 0.938 0.938 0.93799998 0.406 0.406 0.406 0.406 0.406 0.47199917 0.472 0.472 0.472 0.30200301 0.302
-0.5 0.52399879 -0.136 0.071940927 -0.718 -0.558 -0.39598884 0.566 -0.218 0.66199958 0.21925681 0.0099598933 -0.27 -0.532 -0.532 -0.22500448 -0.954 -0.954 -1.07 -1.07 0.093998783 -0.502 0.802 0.132 -0.038 -0.037759649 -0.298 -0.298 -0.486 -0.486 -0.07 -0.07 -0.07 0.019383905 0.534 0.534 0.534 0.938 0.938 0.938 0.938 0.93796313 0.406 0.406 0.406 0.406 0.406 0.40658748 0.472 0.4719965 0.394 0.394 0.394
-1.978 -0.212 -0.41600001 -0.256 -0.496 -0.398 -0.382 -0.26062885 -0.078 -0.728 -1.206 -0.428 -0.4279999 -0.398 -0.398 -0.646 -0.646 -0.746 -0.746 -1.0699995 -0.762 -0.762 0.132 -0.038 -0.038 0.99 0.664 0.664 0.56590393 -0.486 -0.07 -0.07 0.404 0.40409132 1.2779374 1.104 1.104 0.98935589 0.938 0.938 0.55647644 0.556 0.55600271 0.30187119 0.30001172 0.30000003 0.3 0.30000004 0.59845217 0.394 0.394 0.394 0.394
-1.3980064 -0.574 -0.16496939 -0.252 -0.45 -0.65 -0.028000001 0.286 0.08 0.08 -1.206 -0.51 -1.0379998 -0.398 -0.64599926 -0.646 -0.646 -0.564 -0.468 -0.468 -0.68565509 -0.6 -0.6 0.75999999 0.99 0.99 0.664 0.664 0.56597611 0.5655601 0.80598921 0.404 0.404 1.278 1.278 1.1649997 1.104 1.104 1.1139997 0.55600078 0.556 0.556 0.55601509 0.30000317 0.3 0.3 0.3 0.3000002 0.638 0.39404835 0.394 0.394 0.394
-1.398 -0.026 0.154 -0.978 -0.70801548 -0.632 -0.382 0.36999999 -0.398 -0.104 -0.104 -0.462 -1.038 -1.038 -0.64868948 -1.0959139 -1.14 -0.296 -0.7619997 -0.468 0.075042193 0.136 -0.51 0.37 0.36999788 0.206 0.306 0.30600013 0.1574367 0.15600001 0.808 0.4747302 0.914 1.278 1.2738929 1.216 1.216 1.114 1.114 0.556 0.556 0.55600002 0.86817956 0.86799997 0.3 0.3 0.3 0.63798713 0.638 0.638 0.394 0.394 0.394
-0.20745179 -0.026000001 0.354 -0.196 -0.422 -0.3 -0.18 0.25 0.148 -0.13748266 -0.334 -0.446 -0.446 0.222 0.22199231 -1.1080892 -1.108 -1.108 -0.36713562 -0.50200002 -0.582 -0.58199999 0.286 -0.19630948 0.22252687 0.206 0.266 0.306 0.52472158 0.526 0.352 1.144 0.74611395 0.562 1.134 1.126 1.396 0.742 1.5996038 0.56102621 1.682 0.934 0.86803158 0.868 0.86480299 0.3 1.116 0.638 0.638 0.638 0.638 0.34419702 0.182
-1.222 -1.222 0.278 -0.136 -0.314 0.112 -0.302 -0.142 -0.176 -0.2100084 -0.07 0.202 0.222 0.222 -0.596 -0.60302231 -1.108 -1.1078579 -0.476 -0.502 -0.502 -0.51230669 0.286 0.46599659 0.466 0.466 0.266 0.936 0.936 0.526 0.526 1.1425017 0.354 0.562 0.666 1.126 1.396 1.486 1.6 0.38599936 0.93400003 0.98101944 1.062 0.868 0.868 1.116 1.116 1.116 0.638 0.638 -0.006 -0.006 -0.0059999295
-1.222 -1.222 -0.286 -0.434 -0.478 -0.198 -0.352 -0.10169672 0.312 -0.136 0.052 -0.456 0.20112404 -0.596 -0.596 -0.59599492 -0.552 -0.54801116 -0.476 -0.548 -0.548 -0.536 -0.536 0.466 0.466 0.466 0.936 0.936 0.936 -0.418 -0.418 -0.41799873 0.416 0.416 0.466 0.036 1.06 0.8280026 0.914 0.366 0.366 0.34000237 1.062 0.868 0.8139997 0.398 0.72170548 0.72 0.654 0.654 -0.006 -0.006 -0.006
-1.222 -0.81783214 -0.34915688 -0.39599366 0.312 -0.07 -0.352 -0.102 0.31199654 -0.1310367 -0.45599958 -0.456 -0.5 -0.596 -0.596 -0.552 -0.552 -0.55199567 -0.476 -0.548 -0.54564344 -0.536 -0.536 0.46595994 0.466 0.39762633 0.258 0.258 0.25800009 -0.418 -0.418 -0.136 -0.136 0.41600014 0.466 0.54000001 1.0718658 0.828 0.828 0.366 0.34 0.34 0.34000354 0.814 0.814 0.398 0.72 0.72 0.654 0.654 -0.006 -0.006 -0.006
0.378 0.1010331 0.13597895 0.13215454 0.31199781 -0.069990981 -0.35199999 -0.10507735 0.28347117 0.30030153 -0.5 -0.5 -0.5 -0.5 -0.5959864 -0.552 -0.552 -0.55101872 -0.476 -0.54791218 -0.246 -0.246 -0.246 -0.246 0.453782 0.258 0.258 0.258 0.258 0.2574884 -0.136 -0.136 -0.136 -0.136 0.54 0.54 0.54 0.81447055 0.82310313 0.176 0.176 0.33999118 0.34601602 0.81395492 0.814 0.398 0.72 0.72 0.654 0.654 -0.0036055911 -0.006 0.027536062
0.378 0.136 0.136 0.136 0.136 0.13599992 -0.35127808 -0.23365557 0.20735882 -0.49913665 -0.5 -0.5 -0.5 -0.5 -0.49999968 -0.552 -0.55199999 -0.54678692 -0.47600031 -0.246 -0.246 -0.246 -0.246 -0.246 -0.23985892 -0.011927833 -0.16599991 -0.166 -0.166 -0.166 -0.136 -0.136 -0.13600009 -0.212 -0.212 0.54 0.17056715 0.16 0.17599999 0.176 0.176 0.176 0.346 0.346 0.346 0.34636187 0.739803 0.74 0.74 0.74 0.74 0.4819999 0.482
0.692 0.136 0.136 0.136 0.136 0.136 0.13599997 -0.19429659 -0.056777965 -0.058000001 -0.058 -0.058 -0.058 -0.058 -0.058000004 0.31620067 -0.53809155 -0.54159287 -0.24602894 -0.246 -0.246 -0.246 -0.246 -0.24599945 0.038 0.038 0.037999713 -0.166 -0.166 -0.16614818 -0.24 -0.24 -0.212 -0.212 -0.212 0.10040961 0.16 0.16 0.16 0.176 0.176 0.176 0.346 0.346 0.346 0.346 0.73999999 0.74 0.74 0.74 0.74 0.482 0.482
0.692 0.48500752 0.136 0.136 0.136 0.136 0.050016879 0.05 0.049999997 -0.058 -0.058 -0.058 -0.058 -0.058 0.026271873 0.324 0.324 0.324 0.22655688 0.22799952 0.228 0.228 0.228 0.228 0.038 0.038 0.038 0.038 -0.166 -0.24 -0.24 -0.24 -0.212 -0.212 -0.212 0.076 0.15988878 0.16 0.16 0.17594518 0.066503522 -0.18890611 0.346 0.346 -0.11457424 -0.116 -0.116 0.73796354 -0.49367375 -0.49799989 -0.49799977 -0.29788199 0.48199841
0.692 0.29495779 0.21089481 0.136 0.136 0.050050813 0.05 0.05 0.05 0.049221721 -0.058 -0.058 -0.058 -0.057999954 0.324 0.324 0.324 0.324 0.22808575 0.228 0.228 0.228 0.228 0.228 0.038000004 0.038 0.038 0.038 0.036988816 -0.24 -0.24 -0.24 0.12599999 -0.21196255 0.076 0.076 0.076 0.074819055 -0.16783797 -0.19 -0.19 -0.19 -0.374 -0.374 -0.116 -0.116 -0.116 -0.498 -0.498 -0.498 -0.498 -0.298 -0.298
0.28428237 0.284 0.284 0.284 -0.156 0.049994686 0.05 0.05 0.05 0.05 0.021493636 -0.057986318 -0.05799997 0.324 0.324 0.324 0.324 0.324 0.30245959 0.228 0.228 0.228 0.228 0.228 -0.057851897 -0.37399777 -0.374 -0.374 -0.374 -0.23999998 0.12599999 0.126 0.126 0.126 0.076 0.075997156 -0.032 -0.032 -0.18802713 -0.19 -0.19 -0.19 -0.374 -0.374 -0.15594728 -0.116 -0.116 -0.498 -0.498 -0.498 -0.49585548 -0.298 -0.298
0.284 0.284 0.284 0.076797436 -0.156 -0.156 0.05 0.05 0.05 0.05 0.992 0.992 0.992 0.324 0.324 0.324 0.324 0.32397422 0.102 0.102 0.22799995 0.228 0.22132925 -0.046 -0.048952841 -0.374 -0.374 -0.374 -0.374 0.12594909 0.126 0.126 0.126 0.126 -0.03199962 -0.032 -0.032 -0.032 -0.032559957 -0.19 -0.19 -0.19 -0.374 -0.374 -0.374 -0.116 -0.116 -0.49799999 -0.498 -0.498 -0.298 -0.298 -0.298
0.284 0.284 0.284 -0.156 -0.156 -0.156 -0.15599969 0.05 0.05 0.99102759 0.992 0.992 0.992 0.9915838 0.1977301 0.168 0.168 0.168 0.102 0.102 0.102 -0.046 -0.046 -0.046 -0.046049303 -0.2942723 -0.374 -0.374 -0.374 0.0055009106 -0.0079868206 -0.008 -0.008 -0.008 -0.062695356 -0.10599983 -0.106 -0.106 -0.106 -0.58794554 -0.588 -0.588 -0.374 -0.374 -0.41399983 -0.4139998 0.146 0.146 -0.092 -0.092 -0.092 -0.298 0.19955473
0.2839995 0.284 0.28399998 -0.156 -0.156 -0.156 -0.156 -0.10799995 0.049368254 0.99145775 0.992 0.992 0.992 0.99038308 0.168 0.168 0.168 0.16799998 0.102 0.102 0.102 -0.046 -0.046 -0.046 -0.222 -0.222 -0.252 -0.252 -0.252 -0.2506689 -0.008 -0.008 -0.008 -0.008 -0.056973182 -0.106 -0.106 -0.106 -0.106 -0.588 -0.588 -0.588 -0.58252529 -0.414 -0.414 -0.414 0.146 0.146 -0.092 -0.092 -0.092 0.19999999 0.2
0.122 0.18863251 -0.008 -0.0080429373 -0.156 -0.10827773 -0.108 -0.108 -0.066460836 0.39399999 0.394 0.394 0.394 0.19600645 0.196 0.16800002 0.168 0.166261 0.102 0.102 0.102 -0.23 -0.23 -0.23 -0.222 -0.222 -0.252 -0.252 -0.252 -0.25200009 -0.37999764 -0.37999896 -0.017349661 -0.0083988097 -0.65126297 -0.652 -0.652 -0.652 -0.652 -0.588 -0.588 -0.588 -0.42358107 -0.414 -0.414 -0.41399997 0.146 0.146 0.14599143 -0.092 -0.091995349 0.012 0.2
-0.12995214 -0.12999998 -0.008 -0.008 -0.008 -0.108 -0.108 -0.108 0.006 0.006 0.394 0.394 0.394 0.196 0.196 0.196 0.196 0.19598946 0.102 0.102 0.10199999 -0.23 -0.23 -0.23 -0.222 -0.222 -0.252 -0.252 -0.252 -0.37855679 -0.38 -0.38 -0.38 -0.38 -0.65186578 -0.652 -0.652 -0.652 -0.652 -0.71199997 -0.712 -0.712 -0.712 -0.41399873 -0.248 -0.248 -0.248 0.052 0.052 0.052 0.012 0.012 0.012
-0.13 -0.13 -0.008 -0.008 -0.008 -0.10747438 -0.108 0.006 0.006 0.006 0.39395224 0.394 0.12108034 0.19599997 0.196 0.196 0.196 -0.02 -0.02 -0.02 -0.63399999 -0.6339997 -0.23000197 -0.23 -0.23034161 -0.81 -0.81 -0.80999867 -0.25209018 -0.88189996 -0.88199733 -0.88191236 -0.38085797 -0.38043322 -0.60388159 -0.65200015 -0.65334049 -1.052 -1.052 -0.712 -0.712 -0.712 -0.712 -0.248 -0.248 -0.248 -0.248 0.052 0.052 0.052 0.012 0.012 0.012
-0.13 -0.13 -0.008 -0.008 -0.008 -0.0080000004 -0.06533313 0.006 0.006 0.006 0.0060298293 0.06 0.06 0.06 0.19519852 0.196 -0.018560629 -0.02 -0.02 -0.02 -0.634 -0.634 -0.634 -0.634 -0.81 -0.81 -0.81 -0.81 -0.81 -0.882 -0.882 -0.882 -0.882 -0.88199968 -0.728 -1.052 -1.052 -1.052 -1.052 -1.0519985 -0.638 -0.638 -0.638 -0.56705864 -0.42 -0.42 -0.42 0.051999986 0.051999719 -0.238 -0.238 0.21794989 0.218
-0.13 -0.13 -0.052033433 -0.008 -0.008 -0.0080000008 -0.043911274 0.0058424276 0.006 0.0060000002 0.06000002 0.06 0.06 0.06 0.06 0.071135582 -0.02 -0.02 -0.02 -0.02 -0.63399525 -0.634 -0.634 -0.634 -0.81 -0.81 -0.81 -0.81 -0.81 -1.0844741 -0.882 -0.882 -0.882 -0.728 -0.728 -0.72825159 -1.052 -1.052 -0.90117536 -0.78400002 -0.638 -0.638 -0.638 -0.56940613 -0.42 -0.42 -0.42 -0.978 -0.24722033 -0.238 -0.238 0.218 0.218
-0.246 -0.246 -0.246 -0.067673142 -0.0081976695 -0.044 -0.044 -0.044 -0.044 0.154 0.154 0.060000007 0.06 0.06 0.06 0.059994915 -0.02 -0.02 -0.02 -0.02 -0.36607032 -0.634 -0.634 -0.62860889 -0.44501003 -0.81 -0.81 -0.81 -1.156 -1.156 -1.156 -1.1559988 -0.728 -0.728 -0.728 -0.728 -0.784 -0.784 -0.784 -0.784 -0.696 -0.696 -0.696 -0.82799735 -0.828 -0.828 -0.82799987 -0.978 -0.978 -0.23890165 -0.238 0.21799735 0.218
-0.246 -0.246 -0.246 -0.24599451 -0.144 -0.12945836 -0.044 -0.044 -0.044 0.154 0.154 0.154 -0.30599998 -0.306 -0.306 -0.30599998 -0.019651954 -0.02 -0.02 -0.02 -0.029299177 -0.42800057 -0.428 -0.428 -0.428 -0.42800001 -0.794 -0.794 -1.156 -1.156 -1.156 -1.156 -0.72799998 -0.728 -0.728 -0.72799756 -0.78399999 -0.784 -0.784 -0.78264008 -0.696 -0.696 -0.696 -0.82799388 -0.828 -0.828 -0.828 -0.978 -0.978 -0.97799991 -0.308 -0.308 -0.284
-0.246 -0.246 -0.246 -0.14400024 -0.144 -0.144 -0.044000038 -0.044 -0.044 0.154 0.154 0.154 -0.306 -0.306 -0.306 -0.26974805 0.17 0.17 0.16999951 -0.018926834 -0.428 -0.428 -0.428 -0.428 -0.428 -0.42827543 -0.794 -0.794 -0.794 -1.156 -1.156 -1.1558532 -0.698 -0.698 -0.698 -0.336 -0.336 -0.474 -0.474 -0.474 -0.102 -0.69581368 -0.69599852 -0.498 -0.498 -0.51050662 -0.82799938 -0.978 -0.978 -0.308 -0.308 -0.308 -0.284
-0.246 -0.246 -0.246 -0.144 -0.144 -0.144 -0.144 -0.044 -0.044 0.154 0.154 -0.28760663 -0.306 -0.306 -0.306 0.17 0.17 0.17 0.17 0.17 -0.428 -0.428 -0.428 -0.428 -0.428 -0.79399875 -0.794 -0.794 -0.794 -0.928 -0.928 -0.928 -0.698 -0.698 -0.698 -0.336 -0.336 -0.474 -0.474 -0.102 -0.102 -0.102 -0.498 -0.498 -0.498 -0.498 -0.46284094 -0.07 -0.07 -0.07 -0.30799999 0.318 0.318
-0.246 -0.246 -0.24585796 -0.144 -0.144 -0.144 -0.144 -0.34773052 -0.358 -0.35712097 0.15399998 -0.30599397 -0.306 -0.306 -0.30599835 0.17 0.17 0.17 0.17 0.17 0.69405409 -0.428 -0.428 -0.428 -0.42789331 -0.79395026 -0.794 -0.794 -0.794 -0.928 -0.928 -0.928 -0.92796939 -0.698 -0.336 -0.336 -0.336 -0.33600563 -0.47397463 -0.102 -0.102 -0.102 -0.49797596 -0.498 -0.498 -0.498 -0.069999098 -0.07 -0.07 -0.07 0.318 0.318 0.318
-0.146 -0.14600017 -0.14405372 -0.144 -0.144 -0.144 -0.35795446 -0.358 -0.358 -0.358 -0.234 -0.234 -0.234 -0.234 0.16813537 0.17 0.17 0.17 0.17 0.74199966 0.742 0.742 0.089999914 0.09 0.09 0.09 0.01369943 -0.794 -1.2439816 -1.244 -1.244 -1.244 -1.244 -0.272 -0.272 -0.272 -0.272 -0.272 -2.7947639e-12 -2.1426694e-28 -2.377637e-59 -2.4322983e-23 -7.5932226e-10 0.023213122 0.024 0.024 0.024 -0.07 -0.07 -0.07 0.31793887 0.318 0.318
-0.146 -0.146 -0.14548091 -0.084000121 -0.084000013 -0.084267141 -0.358 -0.358 -0.358 -0.358 -0.234 -0.234 -0.234 -0.234 -0.234 0.17 0.17 0.17 0.74199986 0.742 0.742 0.742 0.090000002 0.09 0.09 0.09 0.09 0.089811615 -1.2438803 -1.244 -1.244 -1.244 -1.2439519 -0.4817536 -0.27221719 -0.272 -0.272 -0.27200001 -9.1295536e-11 -2.579664e-24 -1.1407658e-43 -2.9143526e-20 -2.1556679e-09 0.024 0.024 0.024 0.024 -0.019956237 -0.07 -0.0086917297 -0.008 -0.196 -0.196
-0.146 -0.146 -0.084007853 -0.084 -0.084 -0.084 -0.15359484 -0.358 -0.358 -0.358 -0.234 -0.234 -0.234 -0.234 -0.234 0.16969833 0.17 0.74183229 0.742 0.742 0.742 0.742 0.33153762 0.09 0.09 0.09 0.09 0.089274894 -0.934 -0.934 -0.934 -0.934 -0.934 -0.642 -0.642 -0.642 -0.642 -0.642 -0.466 -0.466 -0.466 -0.466 -0.46599999 0.024048833 0.02400001 0.024 0.02400339 0.024403317 -0.008 -0.008 -0.008 -0.19599895 -0.196
-0.14599945 0.1461902 -0.083999967 -0.084 -0.084 -0.084 -0.084 -0.35788333 -0.358 -0.358 -0.234 -0.234 -0.234 -0.234 0.75552211 0.778 0.778 0.74200093 0.742 0.742 0.742 0.742 0.74199988 0.09 0.09 0.09 0.09 -0.62200027 -0.62200014 -0.68840118 -0.934 -0.934 -0.934 -0.642 -0.642 -0.642 -0.642 -0.64187673 -0.466 -0.466 -0.466 -0.466 -0.46599755 0.044 0.044 0.044 0.044 0.043995806 -0.008 -0.008 -0.008 -0.0080001358 -0.22949927
0.152 0.152 0.11520185 -0.084 -0.084 -0.084 -0.084 -0.084 -0.35788113 0.48199999 0.482 0.482 0.48030079 0.77799854 0.778 0.778 0.778 0.778 0.74199619 0.70938195 0.424 0.424 0.424 0.33630297 0.039577084 -0.23022638 -0.45793436 -0.622 -0.622 -0.622 -0.622 -0.622 -0.62993579 -0.45863076 -0.46 -0.46 -0.46 -0.46 -0.45998865 -0.43400006 -0.434 -0.434 -0.434 -0.10199957 0.043999962 0.044 0.044 0.08 -0.0079985903 -0.008 -0.008 -0.23 -0.23
0.152 0.152 0.198 0.198 0.198 -0.083906064 -0.084 -0.084 0.482 0.482 0.482 0.482 0.482 0.77799999 0.778 0.778 0.778 0.778 0.424 0.424 0.424 0.424 0.424 -0.53999995 -0.54 -0.54 -0.54 -0.622 -0.622 -0.622 -0.622 -0.622 -0.338 -0.338 -0.46 -0.46 -0.46 -0.33602112 -0.336 -0.434 -0.434 -0.434 -0.43399995 -0.102 -0.102 -0.102 0.08 0.08 0.08 0.286 0.286 -0.23 -0.23
0.152 0.152 0.198 0.198 0.198 0.198 0.19799943 0.094 0.48163469 0.482 0.482 0.482 0.482 0.77430767 0.778 0.778 0.778 0.778 0.42400001 0.424 0.424 0.424 0.424 -0.54 -0.54 -0.54 -0.54 -0.54000034 -0.622 -0.622 -0.622 -0.33801489 -0.338 -0.338 -0.338 -0.46 -0.336 -0.336 -0.336 -0.33857856 -0.17266737 -0.124 -0.124 -0.102 -0.102 -0.102 0.08 0.08 0.08 0.286 0.286 0.286 -0.22094284
0.016 0.016001068 0.198 0.198 0.198 0.198 0.094 0.094 0.094 0.482 0.482 0.482 0.482 0.48209202 0.778 0.778 0.778 0.778 0.42400618 0.424 0.424 0.424 -0.37017617 -0.54 -0.54 -0.54 -0.54 -0.6579999 -0.658 -0.658 -0.62237576 -0.338 -0.338 -0.338 -0.33799996 -0.298 -0.336 -0.336 -0.336 -0.336 -0.124 -0.124 -0.124 -0.074 -0.074 -0.074 -0.30596241 0.08 0.08 0.286 0.286 0.286 -0.21999949
