interpolatedSpi/05-09|20_3.tif
NCOLS 53
NROWS 52
XLLCORNER -116.03883
YLLCORNER 28.596182
DX 0.49850594
DY 0.49788537
NODATA_VALUE -9999
0.78 0.78 0.34832821 -0.19 0.462 0.66 1.174 1.326 0.45219714 0.118 0.116 0.524 0.31205534 0.984 0.748 0.748 0.748 0.518 0.59 0.59 0.59 0.59000416 1.022 0.366 0.366 0.366 1.2860005 1.286 1.286 0.468 0.468 0.468 0.468 1.1459999 1.146 1.146 1.146 1.146 1.146 1.146 1.7217969 1.7278796 1.256 1.256 1.256 1.256 1.2567023 1.686 1.686 1.686 1.7 1.7 1.7 
0.77997787 0.282 0.67200073 0.76502225 0.91993829 1.228 1.018 1.0024344 0.5 0.566 0.34 0.312 0.312 1.0657266 0.98399891 0.748 0.518 0.518 0.58990612 0.59 0.59 0.59 0.33325973 0.366 0.366 0.366 0.338 0.338 0.468 0.468 0.468 0.468 0.468 1.1459999 1.146 1.146 1.146 1.146 1.1459999 0.98713761 0.20004264 1.1278628 1.256 1.256 1.256 1.256 1.256 1.686 1.686 1.686 1.6871609 1.7 1.7 
1.3919717 1.392 1.306 1.622 1.348 0.974 1.074 0.672 1.006 0.696 0.796 0.106 -0.488 0.37 1.066 1.464 0.518 0.518 0.518 0.38405988 0.384 0.384 -0.256 0.366 0.366 0.366 0.338 0.338 0.338 0.468 0.468 0.46799996 0.03762834 1.1428471 1.1375671 0.2483021 0.24 0.24 0.23496905 0.2 0.2 0.20135036 1.256 1.256 1.256 1.256 1.256 1.686 1.686 1.686 1.686 1.7 1.7 
0.56 1.3919999 0.66200061 1.024 0.412 1.14 1.844 0.308 0.992 0.71645242 0.992 0.914 0.544 0.37 0.9 1.464 -0.23887097 -0.25146049 0.19 0.384 0.384 -0.594 -0.256 -0.256 0.366 0.36599986 0.338 0.338 0.338 -0.468 -0.44495554 -0.426 -0.426 -0.42599947 0.24 0.24 0.24 0.24 0.2 0.2 0.2 0.20000004 1.256 1.256 1.256 1.256 1.256 1.6859946 1.686 1.686 1.686 1.6999153 1.7 
0.56 0.20000085 0.662 0.92598989 0.412 1.36 1.0720198 0.736 0.344 0.686 0.65915829 0.64607448 1.166 0.9 0.9 1.2504108 -0.252 -0.252 0.19 0.19 0.383998 -0.594 -0.47 -0.176 -0.416 -0.4160246 0.338 0.338 -0.468 -0.468 -0.426 -0.426 -0.426 -0.30003311 0.24 0.24 0.24 0.2 0.2 0.2 0.2 0.20003321 1.256 1.256 1.256 1.256 1.256 1.2598275 1.686 1.6858844 -0.892 -0.892 -0.892 
-0.81 0.342 0.65999999 0.65 1.24 1.264 0.89 0.87028359 0.936 0.648 0.996 -0.062 -0.06199919 0.236 0.236 -0.11599759 -0.116 -0.308 -0.308 0.1899995 -1.05 -1.05 -0.176 -0.416 -0.416 -0.522 -0.918 -0.918 0.053952757 -0.468 -0.426 -0.426 0.242 0.2419906 0.15200636 -0.020000001 -0.02 0.13193798 0.2 0.2 0.54357096 0.544 0.54400054 -0.29414398 -0.3218256 -0.32199958 -0.32199995 -0.32199941 -0.87718833 -0.892 -0.892 -0.892 -0.892 
-0.77400004 -0.204 -0.45451055 0.478 1.312 0.676 0.724 1.048 0.76 0.76 0.996 0.218 -0.13000013 0.236 -0.10599898 -0.106 -0.116 -0.222 -0.38 -0.38 -1.0349195 -1.018 -1.018 -1.15 -0.522 -0.522 -0.918 -0.918 0.054006877 0.054126604 0.54683868 0.242 0.242 0.152 0.152 -0.64633605 -0.02 -0.02 -1.3659533 0.54399734 0.544 0.544 0.54400174 -0.3219979 -0.322 -0.322 -0.322 -0.32200038 -0.964 -0.89201427 -0.892 -0.892 -0.892 
-0.774 -1.088 -0.304 -0.778 -1.195976 -0.142 0.244 0.088000018 0.114 0.07 0.07 -0.674 -0.13 -0.13 -0.10616466 -0.078677291 -0.076 -0.16 -0.49799988 -0.38 -0.88980812 -0.846 -1.17 -1.206 -1.206 -1.204 -1.374 -1.3739998 0.17158651 0.17200001 0.548 0.39098845 0.28 0.152 0.13135065 -1.17 -1.17 -1.366 -1.366 0.544 0.544 0.54400001 0.053086667 0.053999981 -0.322 -0.322 -0.322 -0.96397556 -0.964 -0.964 -0.892 -0.892 -0.892 
-1.0631187 -1.088 -0.74 -0.76 0.072 -0.23 0.026 0.79 0.81 0.54844046 -0.128 -0.204 -0.204 -0.936 -0.93599242 -0.44097993 -0.442 -0.442 -0.21159622 -1.428 -1.362 -1.362 -0.8 -1.0241891 -1.2042015 -1.204 -1.09 -1.374 -0.82321929 -0.82 0.422 1.394 0.91351155 -0.536 -0.572 -0.812 -0.772 -0.764 -1.0838522 0.54506238 0.782 -0.164 0.053991529 0.054 0.051883668 -0.322 -0.91999997 -0.964 -0.964 -0.964 -0.964 -0.99459413 -0.678 
-0.924 -0.924 -0.704 -0.748 0.086 0.482 0.156 0.466 0.868 0.48200346 -0.002 -0.234 -0.936 -0.936 -0.13 -0.13427922 -0.442 -0.44210672 -0.966 -1.428 -1.428 -1.419497 -0.8 -0.94199731 -0.942 -0.942 -1.09 -0.342 -0.342 -0.82 -0.82 1.3921906 0.44 -0.536 -0.174 -0.812 -0.772 -1.144 -1.084 0.68485986 -0.16399996 -0.10302166 0.002 0.054 0.054 -0.92 -0.92 -0.92 -0.964 -0.964 -1.716 -1.716 -1.7159996 
-0.924 -0.924 -1.014 -0.946 -0.732 -0.27 -0.37199999 0.23201246 0.266 0.204 0.228 -0.11 -0.23383596 -0.13 -0.13 -0.13003276 -0.414 -0.44297155 -0.966 -0.334 -0.334 -0.456 -0.456 -0.942 -0.942 -0.942 -0.342 -0.342 -0.342 -0.906 -0.906 -0.90599778 -0.394 -0.394 -0.26 -0.928 -0.662 -0.13000119 -1.12 0.714 0.714 0.38199875 0.002 0.054 -0.79800009 -1.13 -1.1071903 -1.108 -1.496 -1.496 -1.716 -1.716 -1.716 
-0.924 -0.96284568 -0.98498197 -1.0719936 -0.758 -0.804 -0.372 0.232 0.26599972 0.20468688 -0.10999959 -0.11 -0.308 -0.13 -0.13 -0.41399999 -0.414 -0.41403142 -0.966 -0.334 -0.35795832 -0.456 -0.456 -0.94198037 -0.942 -0.94725951 -0.958 -0.958 -0.95799992 -0.906 -0.906 -0.734 -0.734 -0.39399963 -0.26 0.16199953 -0.59914066 -0.13 -0.13 0.71399999 0.382 0.382 0.38199141 -0.798 -0.798 -1.13 -1.108 -1.108 -1.496 -1.496 -1.716 -1.716 -1.716 
-0.066 0.079420046 0.17195823 0.16298886 -0.75800022 -0.80399891 -0.37200001 0.22456511 0.26365705 0.26438101 -0.308 -0.308 -0.308 -0.308 -0.13002521 -0.414 -0.414 -0.4211272 -0.966 -0.3340202 -0.39 -0.39 -0.39 -0.39 -0.93267758 -0.958 -0.958 -0.958 -0.958 -0.9579575 -0.734 -0.734 -0.734 -0.734 0.162 0.162 0.162 -0.11608403 -0.12633486 0.358 0.358 0.38199871 -0.28801746 -0.79795088 -0.798 -1.13 -1.108 -1.108 -1.496 -1.496 -1.7152019 -1.716 -0.97011269 
-0.066 0.172 0.172 0.172 0.172 0.17199959 -0.3731058 -0.08620527 0.25740627 -0.30738337 -0.308 -0.308 -0.308 -0.308 -0.30799997 -0.414 -0.41400009 -0.45186343 -0.96599044 -0.39 -0.39 -0.39 -0.39 -0.39 -0.39968655 -0.92071289 -0.91400001 -0.914 -0.914 -0.914 -0.734 -0.734 -0.73400006 -0.784 -0.784 0.162 0.26505232 0.268 0.35799995 0.358 0.358 0.358 -0.288 -0.288 -0.288 -0.29385955 -1.1159525 -1.116 -1.116 -1.116 -1.116 0.17999961 0.18 
-0.056 0.172 0.172 0.172 0.172 0.172 0.17199996 -0.33270649 -0.27331269 -0.276 -0.276 -0.276 -0.276 -0.276 -0.276 -0.57973577 -0.41677865 -0.48958726 -0.39007224 -0.39 -0.39 -0.39 -0.39 -0.39000037 -0.838 -0.838 -0.83800011 -0.914 -0.914 -0.91421226 -1.02 -1.02 -0.784 -0.784 -0.784 0.099481021 0.268 0.268 0.268 0.358 0.358 0.358 -0.288 -0.288 -0.288 -0.288 -1.116 -1.116 -1.116 -1.116 -1.116 0.18 0.18 
-0.056 0.02888181 0.172 0.172 0.172 0.172 -0.58985045 -0.59 -0.58999999 -0.276 -0.276 -0.276 -0.276 -0.276 -0.34438817 -0.586 -0.586 -0.586 -0.70304372 -0.70399968 -0.704 -0.704 -0.704 -0.704 -0.838 -0.838 -0.838 -0.838 -0.914 -1.02 -1.02 -1.02 -0.78400002 -0.784 -0.784 0.204 0.26791526 0.268 0.268 0.357911 0.1802926 -0.23422467 -0.288 -0.288 -0.47940748 -0.48 -0.48 -1.1140139 0.087778587 0.091999895 0.091999771 0.33597633 0.18000032 
-0.055999999 0.051045924 0.11228657 0.172 0.172 -0.58954977 -0.59 -0.59 -0.59 -0.58773723 -0.276 -0.276 -0.276 -0.27600004 -0.586 -0.586 -0.586 -0.586 -0.70389459 -0.704 -0.704 -0.704 -0.704 -0.704 -0.838 -0.838 -0.838 -0.838 -0.83866199 -1.02 -1.02 -1.02 -0.32600002 -0.78388845 0.204 0.204 0.204 0.1983326 -0.20409633 -0.236 -0.236 -0.236 -0.41 -0.41 -0.48 -0.48 -0.48 0.091999993 0.092 0.092 0.092 0.336 0.336 
0.05410784 0.054 0.054 0.053999996 -0.332 -0.58999334 -0.59 -0.59 -0.59 -0.59 -0.28478227 -0.27600151 -0.276 -0.586 -0.586 -0.586 -0.586 -0.586 -0.65320249 -0.704 -0.704 -0.704 -0.704 -0.704 -0.61916921 -0.38000248 -0.38 -0.38 -0.38 -1.02 -0.32600001 -0.326 -0.326 -0.326 0.204 0.20398641 -0.312 -0.312 -0.23694897 -0.236 -0.236 -0.236 -0.41 -0.41 -0.46916159 -0.48 -0.48 0.092 0.092 0.092 0.094616314 0.336 0.336 
0.054 0.054 0.054 -0.12777316 -0.332 -0.332 -0.59 -0.59 -0.59 -0.59 -0.392 -0.392 -0.392 -0.586 -0.586 -0.586 -0.586 -0.58607205 -1.504 -1.504 -0.70400032 -0.704 -0.70998906 -0.95 -0.94486854 -0.38 -0.38 -0.38 -0.38 -0.3260055 -0.326 -0.326 -0.326 -0.326 -0.31199819 -0.312 -0.312 -0.312 -0.31171718 -0.236 -0.236 -0.236 -0.41 -0.41 -0.41 -0.48 -0.48 0.091999993 0.092 0.092 0.336 0.336 0.336 
0.054 0.054 0.054 -0.332 -0.332 -0.332 -0.33200039 -0.59 -0.59 -0.39220439 -0.392 -0.392 -0.392 -0.39212088 -0.93890817 -1.022 -1.022 -1.022 -1.504 -1.504 -1.504 -0.95 -0.95 -0.95 -0.9499479 -0.58141734 -0.38 -0.38 -0.38 0.11509513 0.2179465 0.218 0.218 0.218 -0.19919004 -0.042000613 -0.042 -0.042 -0.042 -0.28399343 -0.284 -0.284 -0.41 -0.41 0.22999733 0.22999997 0.134 0.134 0.23 0.23 0.23 0.336 0.46988019 
0.054001527 0.054 0.053999986 -0.332 -0.332 -0.332 -0.332 -0.37400006 -0.58913635 -0.39176242 -0.392 -0.392 -0.392 -0.39323623 -1.022 -1.022 -1.022 -1.0220001 -1.504 -1.504 -1.504 -0.95 -0.95 -0.95 -0.764 -0.764 -0.604 -0.604 -0.604 -0.59951573 0.218 0.218 0.218 0.218 0.0880713 -0.042 -0.042 -0.042 -0.042 -0.284 -0.284 -0.284 -0.26782759 0.23 0.23 0.23 0.134 0.134 0.23 0.23 0.23 0.46999999 0.47 
0.546 0.29808739 -0.406 -0.40597853 -0.332 -0.37375699 -0.374 -0.374 -0.2785328 -0.13 -0.13 -0.13 -0.13 -1.1939654 -1.194 -1.0220001 -1.022 -1.0347 -1.504 -1.504 -1.504 -1.334 -1.334 -1.334 -0.764 -0.764 -0.604 -0.604 -0.604 -0.60399952 0.05600103 0.056000455 0.21392837 0.21782632 -0.56310493 -0.564 -0.564 -0.564 -0.564 -0.284 -0.284 -0.284 0.20169705 0.23 0.23 0.22999989 0.134 0.134 0.13400346 0.23 0.23000322 0.302 0.47 
0.086087355 0.085999915 -0.406 -0.406 -0.406 -0.374 -0.374 -0.374 -0.112 -0.112 -0.13 -0.13 -0.13 -1.194 -1.194 -1.194 -1.194 -1.1940337 -1.504 -1.504 -1.504 -1.334 -1.334 -1.334 -0.764 -0.764 -0.604 -0.604 -0.604 0.048558452 0.056 0.056 0.056 0.056 -0.56369407 -0.564 -0.564 -0.564 -0.564 -1.0399998 -1.04 -1.04 -1.04 0.22999532 -0.38 -0.38 -0.38 0.284 0.284 0.284 0.302 0.302 0.302 
0.086 0.086 -0.406 -0.406 -0.406 -0.3741682 -0.374 -0.112 -0.112 -0.112 -0.12999778 -0.13 -0.88829174 -1.194 -1.194 -1.194 -1.194 -1.66 -1.66 -1.66 -1.516 -1.5159999 -1.3340009 -1.334 -1.3337866 -1.244 -1.244 -1.2439985 -0.60410343 0.026005979 0.02600016 0.026005238 0.055948727 0.05597411 -0.45359579 -0.56400016 -0.56539411 -0.98 -0.98 -1.04 -1.04 -1.04 -1.04 -0.38 -0.38 -0.38 -0.38 0.284 0.284 0.284 0.302 0.302 0.302 
0.086 0.086 -0.406 -0.406 -0.406 -0.406 -0.27594105 -0.112 -0.112 -0.112 -0.11252255 -1.058 -1.058 -1.058 -1.1931985 -1.194 -1.6568947 -1.66 -1.66 -1.66 -1.516 -1.516 -1.516 -1.516 -1.244 -1.244 -1.244 -1.244 -1.244 0.026 0.026 0.026 0.026 0.025999427 -0.246 -0.98 -0.98 -0.98 -0.98 -0.98000145 -1.428 -1.428 -1.428 -1.1572541 -0.596 -0.596 -0.596 0.28399997 0.28399973 0.002 0.002 0.11604525 0.116 
0.086 0.086 -0.22842255 -0.406 -0.406 -0.40600002 -1.3438102 -0.11588889 -0.112 -0.112 -1.058 -1.058 -1.058 -1.058 -1.058 -1.069237 -1.66 -1.66 -1.66 -1.66 -1.5160011 -1.516 -1.516 -1.516 -1.244 -1.244 -1.244 -1.244 -1.244 -0.48979158 0.026 0.026 0.026 -0.246 -0.246 -0.24656997 -0.98 -0.98 -0.81454312 -0.68600003 -1.428 -1.428 -1.428 -1.1599363 -0.596 -0.596 -0.596 -0.1 0.00072908992 0.002 0.002 0.116 0.116 
-1.094 -1.094 -1.094 -0.57850051 -0.40797815 -1.346 -1.346 -1.346 -1.346 -1.232 -1.232 -1.058 -1.058 -1.058 -1.058 -1.0580382 -1.66 -1.66 -1.66 -1.66 -1.5788369 -1.516 -1.516 -1.5111846 -1.3280815 -1.244 -1.244 -1.244 -0.672 -0.672 -0.672 -0.67199707 -0.246 -0.246 -0.246 -0.246 -0.686 -0.686 -0.686 -0.686 -0.972 -0.972 -0.972 -0.3800119 -0.38 -0.38 -0.38000007 -0.1 -0.1 0.0018757186 0.002 0.11599953 0.116 
-1.094 -1.094 -1.094 -1.0940358 -1.758 -1.6980884 -1.346 -1.346 -1.346 -1.232 -1.232 -1.232 -1.036 -1.036 -1.036 -1.036 -1.6594798 -1.66 -1.66 -1.66 -1.6578064 -1.3320005 -1.332 -1.332 -1.332 -1.332 -1.042 -1.042 -0.672 -0.672 -0.672 -0.672 -0.24600013 -0.246 -0.246 -0.24601434 -0.68599998 -0.686 -0.686 -0.68285903 -0.972 -0.972 -0.972 -0.38002745 -0.38 -0.38 -0.38 -0.1 -0.1 -0.099999984 0.022 0.022 0.14 
-1.094 -1.094 -1.094 -1.7579985 -1.758 -1.758 -1.3460002 -1.346 -1.346 -1.232 -1.232 -1.232 -1.036 -1.036 -1.036 -1.0618942 -1.376 -1.376 -1.3760007 -1.6583959 -1.332 -1.332 -1.332 -1.332 -1.332 -1.3317818 -1.042 -1.042 -1.042 -0.672 -0.672 -0.67194465 -0.422 -0.422 -0.422 0.144 0.144 0.03 0.03 0.03 0.33 -0.9715916 -0.97199052 0.298 0.298 0.27230457 -0.37999773 -0.1 -0.1 0.022 0.022 0.022 0.14 
-1.094 -1.094 -1.094 -1.758 -1.758 -1.758 -1.758 -1.346 -1.346 -1.232 -1.232 -1.0438372 -1.036 -1.036 -1.036 -1.376 -1.376 -1.376 -1.376 -1.376 -1.332 -1.332 -1.332 -1.332 -1.332 -1.042001 -1.042 -1.042 -1.042 -0.586 -0.586 -0.586 -0.422 -0.422 -0.422 0.144 0.144 0.03 0.03 0.33 0.33 0.33 0.298 0.298 0.298 0.298 0.30358602 0.366 0.366 0.366 0.022000006 0.318 0.318 
-1.094 -1.094 -1.0949246 -1.758 -1.758 -1.758 -1.758 -1.6475666 -1.642 -1.6412961 -1.232 -1.0360097 -1.036 -1.036 -1.0360012 -1.376 -1.376 -1.376 -1.376 -1.376 -0.99252226 -1.332 -1.332 -1.332 -1.3319613 -1.0420057 -1.042 -1.042 -1.042 -0.586 -0.586 -0.586 -0.58597518 -0.422 0.144 0.144 0.144 0.14399529 0.030020459 0.33 0.33 0.33 0.29800194 0.298 0.298 0.298 0.36599909 0.366 0.366 0.366 0.318 0.318 0.318 
-1.584 -1.5839991 -1.7576446 -1.758 -1.758 -1.758 -1.6420247 -1.642 -1.642 -1.642 -1.152 -1.152 -1.152 -1.152 -1.3749661 -1.376 -1.376 -1.376 -1.376 -0.97800024 -0.978 -0.978 -1.144 -1.144 -1.144 -1.144 -1.1351961 -1.042 -0.44602441 -0.446 -0.446 -0.446 -0.446 0.116 0.116 0.116 0.116 0.116 0.01 0.01 0.01 0.01 0.010000001 0.27603316 0.276 0.276 0.276 0.366 0.366 0.366 0.31800756 0.318 0.318 
-1.584 -1.584 -1.580785 -1.2000011 -1.2000001 -1.2004313 -1.642 -1.642 -1.642 -1.642 -1.152 -1.152 -1.152 -1.152 -1.152 -1.376 -1.376 -1.376 -0.9780001 -0.978 -0.978 -0.978 -1.144 -1.144 -1.144 -1.144 -1.144 -1.1439777 -0.44595212 -0.446 -0.446 -0.446 -0.44598076 0.059309838 0.1159413 0.116 0.116 0.116 0.01 0.01 0.01 0.01 0.0099999996 0.276 0.276 0.276 0.276 0.31808576 0.366 0.6092554 0.612 0.364 0.364 
-1.584 -1.584 -1.2000486 -1.2 -1.2 -1.2 -1.3122661 -1.642 -1.642 -1.642 -1.152 -1.152 -1.152 -1.152 -1.152 -1.3758298 -1.376 -0.97811669 -0.978 -0.978 -0.978 -0.978 -1.0825042 -1.144 -1.144 -1.144 -1.144 -1.143418 -0.322 -0.322 -0.322 -0.322 -0.322 0.016 0.016 0.016 0.016 0.016 -0.102 -0.102 -0.102 -0.102 -0.102 0.27574607 0.27599995 0.276 0.27598237 0.27392718 0.612 0.612 0.612 0.36400139 0.364 
-1.5839996 -1.3643671 -1.2 -1.2 -1.2 -1.2 -1.2 -1.6418118 -1.642 -1.642 -1.152 -1.152 -1.152 -1.152 -1.378847 -1.384 -1.384 -0.97801045 -0.978 -0.978 -0.978 -0.978 -0.97800015 -1.144 -1.144 -1.144 -1.144 -0.7599996 -0.7599998 -0.66678296 -0.322 -0.322 -0.322 0.015999999 0.016 0.016 0.016 0.015913308 -0.102 -0.102 -0.102 -0.102 -0.10197824 0.172 0.172 0.172 0.172 0.17203549 0.612 0.612 0.612 0.61199996 0.53937852 
-1.36 -1.36 -1.2862821 -1.2 -1.2 -1.2 -1.2 -1.2 -1.6418108 -1.328 -1.328 -1.328 -1.3275823 -1.3839997 -1.384 -1.384 -1.384 -1.384 -0.97800667 -1.0350303 -1.534 -1.534 -1.534 -1.4353152 -1.1539245 -1.2070287 -1.2515479 -0.76 -0.76 -0.76 -0.76 -0.76 -0.74262175 -0.11774638 -0.112 -0.112 -0.112 -0.112 -0.048649643 0.18199949 0.182 0.182 0.182 0.18399996 0.172 0.172 0.172 0.738 0.61200202 0.612 0.612 0.542 0.542 
-1.36 -1.36 -1.062 -1.062 -1.062 -1.199954 -1.2 -1.2 -1.328 -1.328 -1.328 -1.328 -1.328 -1.384 -1.384 -1.384 -1.384 -1.384 -1.534 -1.534 -1.534 -1.534 -1.534 -1.268 -1.268 -1.268 -1.268 -0.76 -0.76 -0.76 -0.76 -0.76 -0.624 -0.624 -0.112 -0.112 -0.112 0.039974114 0.04 0.182 0.182 0.182 0.18200008 0.184 0.184 0.184 0.738 0.738 0.738 0.554 0.554 0.542 0.542 
-1.36 -1.36 -1.062 -1.062 -1.062 -1.062 -1.0620009 -1.228 -1.3279058 -1.328 -1.328 -1.328 -1.328 -1.3833015 -1.384 -1.384 -1.384 -1.384 -1.534 -1.534 -1.534 -1.534 -1.534 -1.268 -1.268 -1.268 -1.268 -1.2679979 -0.76 -0.76 -0.76 -0.62400713 -0.624 -0.624 -0.624 -0.112 0.039999998 0.04 0.04 0.043736286 0.60350424 0.682 0.682 0.184 0.184 0.184 0.738 0.738 0.738 0.554 0.554 0.554 0.45505123 
-1.042 -1.0420025 -1.062 -1.062 -1.062 -1.062 -1.228 -1.228 -1.228 -1.328 -1.328 -1.328 -1.328 -1.3280174 -1.384 -1.384 -1.384 -1.384 -1.5339972 -1.534 -1.534 -1.534 -1.3148543 -1.268 -1.268 -1.268 -1.268 -1.298 -1.298 -1.298 -0.7657691 -0.624 -0.624 -0.624 -0.62399928 0.12599999 0.04 0.04 0.04 0.040000006 0.682 0.682 0.682 1.39 1.39 1.39 1.3179435 0.738 0.738 0.554 0.554 0.554 0.44599982 
-1.042 -1.042 -1.062 -1.062 -1.062 -1.228 -1.228 -1.228 -1.228 -1.3170491 -1.328 -1.328 -1.328 -1.3279995 -1.0660366 -1.066 -1.066 -1.066 -0.69767201 -1.25 -1.25 -1.25 -1.25 -1.268 -1.268 -1.268 -1.268002 -1.298 -1.298 -1.298 -1.298 -0.62395763 -0.2021467 0.126 0.126 0.126 0.041575618 0.46199121 0.462 0.462 0.68222089 0.96399999 0.964 1.39 1.39 1.3899997 1.318 1.318 0.59 0.59 0.59 0.532 0.38 
-1.042 -1.042 -1.246 -1.246 -1.246 -1.228 -1.228 -1.228 -1.228 -1.686 -1.686 -1.686 -1.686 -1.6423071 -1.066 -1.066 -1.066 -1.066 -0.678 -1.25 -1.25 -1.25 -1.25 -1.594 -1.5939999 -1.2680005 -1.298 -1.298 -1.298 -1.298 -0.8747539 -0.462 0.056036064 0.126 0.126 0.126 0.462 0.462 0.462 0.462 0.964 0.964 0.964 1.667778 1.668 1.3195732 1.318 1.318 0.59000133 0.59 0.532 0.532 0.38 
-1.042 -1.246 -1.246 -1.246 -1.246 -1.246 -1.2363994 -2.31 -2.31 -1.686 -1.686 -1.686 -1.686 -1.6858532 -1.066 -1.066 -1.066 -1.0484689 -0.678 -0.678 -1.25 -1.25 -1.594 -1.594 -1.594 -1.594 -1.298 -1.298 -1.298 -1.298 -0.462 -0.462 -0.462 0.12540499 0.126 0.126 0.462 0.462 0.462 0.462 0.964 0.964 0.964 1.668 1.668 1.6679764 1.252 1.252 0.812 0.812 0.532 0.532 0.38 
-1.2440842 -1.246 -1.246 -1.246 -1.246 -1.246 -2.31 -2.31 -2.31 -1.9760091 -1.686 -1.686 -1.686 -1.6859953 -1.066 -1.066 -1.066 -0.678 -0.678 -0.678 -1.2499714 -1.2500021 -1.594 -1.594 -1.594 -1.594 -1.298021 -1.298 -1.298 -0.46219226 -0.462 -0.462 -0.462 -0.462 0.12498341 0.402 0.402 0.4030384 0.462 0.462 0.96399956 0.964 1.6475311 1.668 1.668 1.2520001 1.252 1.252 0.812 0.812 0.58 0.58 0.53 
-1.246 -1.246 -1.246 -1.246 -1.246 -1.246 -2.31 -2.31 -2.31 -2.31 -1.5900028 -1.59 -1.59 -1.59 -1.0660003 -1.0198473 -0.994 -0.994 -0.67858254 -0.678 -0.67800011 -1.5939995 -1.594 -1.594 -1.594 -1.594 -1.5937848 -1.298 -1.2979714 -0.462 -0.462 -0.462 -0.462 -0.462 0.402 0.402 0.402 0.402 0.402 0.40200039 0.478 0.478 0.47800019 1.046 1.046 1.046 0.772 0.772 0.552 0.552 0.58 0.57999989 0.53 
-1.246 -1.246 -1.246 -1.246 -1.246 -1.246 -2.31 -2.31 -2.31 -1.59 -1.59 -1.59 -1.59 -1.59 -1.4328958 -0.994 -0.994 -0.994 -0.994 -0.994 -0.97891204 -1.594 -1.594 -1.594 -1.594 -1.5830096 -1.2445484 -1.290646 -0.46612272 -0.462 -0.462 -0.462 -0.462 -0.46199811 0.402 0.402 0.402 0.402 0.402 0.43735502 0.478 0.478 0.478 1.046 1.046 1.046 0.772 0.772 0.552 0.552 0.642 0.53617841 0.53 
-1.246 -1.246 -1.246 -1.246 -1.246 -1.2460003 -2.3099998 -2.31 -2.280116 -1.59 -1.59 -1.59 -1.59 -1.59 -1.5614122 -0.994 -0.994 -0.994 -0.994 -0.994 -0.994 -1.296724 -1.2440005 -1.244 -1.244 -1.244 -1.244 -1.244 -0.49438547 -0.48399974 -0.484 -0.484 -0.484 -0.48399936 0.402 0.402 0.402 0.402 0.402 0.47799999 0.478 0.478 0.478 0.47800025 1.0460802 1.096 0.77200003 0.65997219 0.55209288 0.642 0.642 0.64233259 0.658 
-1.246 -1.246 -1.246 -1.246 -1.246 -1.246068 -2.3099426 -2.3099564 -1.5900009 -1.59 -1.59 -1.59 -1.59 -1.59 -1.5786594 -0.994 -0.994 -0.994 -0.994 -0.994 -0.994 -1.244 -1.244 -1.244 -1.244 -1.244 -1.244 -1.244 -0.48420979 -0.484 -0.484 -0.484 -0.484 -0.484 -0.24123609 0.402 0.402 0.402 0.402 0.478 0.478 0.478 0.478 0.47815832 1.096 1.096 1.0932548 0.658 0.658 0.642 0.642 0.658 0.658 
-1.246 -1.246 -1.246 -1.246 -1.246 -1.247419 -2.3087167 -1.6712473 -1.59 -1.59 -1.59 -1.59 -1.59 -1.59 -1.579566 -0.994 -0.994 -0.994 -0.994 -0.994 -1.0295955 -1.244 -1.244 -1.244 -1.244 -1.244 -1.244 -1.244 -0.48400305 -0.484 -0.484 -0.484 -0.484 -0.484 -0.484 0.33700926 0.23604123 0.18082045 0.17242019 0.46720118 0.478 0.478 0.478 1.0959507 1.096 1.0896368 0.030003002 0.658 0.658 0.61395289 0.614 0.614 0.65799998 
-1.246 -1.246 -1.246 -1.246 -1.2460011 -1.254873 -2.2402966 -1.590198 -1.59 -1.59 -1.59 -1.59 -1.59 -1.59 -1.5760825 -0.994 -0.994 -0.994 -0.994 -0.994 -1.2439989 -1.244 -1.244 -1.244 -1.244 -1.244 -1.244 -1.244 -0.48400021 -0.484 -0.484 -0.484 -0.484 -0.484 -0.48399987 0.168 0.168 0.168 0.168 0.31 0.31 0.31 0.31 0.030003087 0.03 0.03 0.03 0.030004187 0.398 0.398 0.614 0.614 0.56827441 
-1.246 -1.246 -1.246 -1.2460001 -1.2460297 -1.274559 -1.6375626 -1.5900094 -1.59 -1.59 -1.59 -1.59 -1.59 -1.59 -1.5697681 -0.99400024 -0.994 -0.994 -0.994 -0.99550464 -1.244 -1.244 -1.244 -1.244 -1.244 -1.244 -1.244 -1.244 -0.48400017 -0.484 -0.484 -0.484 -0.484 -0.484 0.1679994 0.168 0.168 0.168 0.168 0.31 0.31 0.31 0.31 0.2344292 0.03 0.03 0.03 0.39799588 0.398 0.398 0.55 0.55 0.55 
-1.246 -1.246 -1.246 -1.2460024 -1.2462895 -1.3204561 -1.5924614 -1.5900024 -1.59 -1.59 -1.59 -1.59 -1.59 -1.59 -1.5612145 -0.99401402 -0.994 -0.994 -0.99400029 -1.2389346 -1.244 -1.244 -1.244 -1.244 -1.244 -1.244 -1.244 -1.244 -0.48400071 -0.484 -0.484 -0.484 -0.484 0.1514123 0.16800007 0.168 0.168 0.168 0.168 0.31 0.31 0.31 0.31 0.31 0.03 0.03 0.03 0.398 0.398 0.398 0.55 0.55 0.55 
-1.246 -1.2460001 -1.246001 -1.2460284 -1.2475498 -1.4784221 -1.5904037 -1.5900014 -1.59 -1.59 -1.59 -1.59 -1.59 -1.5899989 -1.551045 -0.99421767 -0.99400001 -0.99400001 -0.99529437 -1.2439787 -1.244 -1.244 -1.244 -1.244 -1.244 -1.244 -1.244 -1.2439996 -0.48400476 -0.484 -0.48399938 0.30769223 0.384 0.384 0.384 0.168 0.168 0.168 0.168 0.31 0.31 0.31 0.31 0.31 0.030004964 0.03 0.03000018 0.39799997 0.398 0.39800008 0.55 0.55 0.55 
