interpolatedSpi/05-05|19_1.tif
NCOLS 53
NROWS 52
XLLCORNER -116.03883
YLLCORNER 28.596182
DX 0.49850594
DY 0.49788537
NODATA_VALUE -9999
-0.24 -0.24 -0.21022221 -0.67 -0.775 -0.78 -1.08 -1.53 -1.7285278 -1.34 -1.21 -0.99 -1.324937 -0.56 -0.98 -0.98 -0.98 0.18 -0.08 -0.08 -0.08 -0.080005346 -0.635 -0.335 -0.335 -0.335 -0.11999366 -0.12 -0.12 -0.575 -0.575 -0.575 -0.575 -0.60499999 -0.605 -0.605 -0.605 -0.605 -0.605 -0.60499999 -0.17463541 -0.1700548 -0.385 -0.385 -0.385 -0.385 -0.38625767 -1.155 -1.155 -1.155 -0.61500112 -0.615 -0.615 
-0.23999289 -0.08 -0.37499938 -0.38141533 -0.68023969 -0.14 0.35 -0.94534927 -2.26 -1.63 -1.19 -1.325 -1.325 -0.54006669 -0.56000347 -0.98 0.18 0.18 -0.079660995 -0.08 -0.08 -0.08 -0.37053004 -0.335 -0.335 -0.335 -0.53999999 -0.54 -0.575 -0.575 -0.575 -0.575 -0.575 -0.605 -0.605 -0.605 -0.605 -0.605 -0.60499994 -0.53766529 -0.24498977 -0.36801187 -0.385 -0.385 -0.385 -0.385 -0.385 -1.155 -1.155 -1.155 -1.1102227 -0.615 -0.615 
-0.24000388 -0.24 0.16 -0.235 -0.92 -1.29 -1.02 -0.655 -1.04 -1.215 -0.555 -0.95 -0.77 -0.83 -0.54 -0.895 0.18 0.18 0.18 -0.43989535 -0.44 -0.44 -1.01 -0.335 -0.335 -0.335 -0.54 -0.54 -0.54 -0.575 -0.575 -0.57500002 -0.78200203 -0.60379901 -0.59783294 0.15794413 0.165 0.165 0.11343281 -0.245 -0.245 -0.24517902 -0.385 -0.385 -0.385 -0.385 -0.385 -1.155 -1.155 -1.155 -1.155 -0.615 -0.615 
-0.36 -0.23999997 -0.085062806 -0.51 -0.62 -0.76 -0.455 -1.3 -0.225 -0.051874307 -0.765 -1 -1.195 -0.83 -1.225 -0.895 -0.98927316 -0.98918023 -1.935 -0.44 -0.44 -1.115 -1.01 -1.01 -0.335 -0.33500102 -0.54 -0.54 -0.54 -0.82 -0.92150538 -1.005 -1.005 -1.0049991 0.165 0.165 0.165 0.165 -0.245 -0.245 -0.245 -0.24500001 -0.385 -0.385 -0.385 -0.385 -0.385 -1.1549903 -1.155 -1.155 -1.155 -0.61500719 -0.615 
-0.36 -0.42499938 -0.085 -0.25841072 -0.62 -0.445 -0.64499651 -1.16 -0.955 -1.1750001 -0.91378965 -0.79007878 -1.34 -1.225 -1.225 -1.0056902 -0.99 -0.99 -1.935 -1.935 -0.44000136 -1.115 -1.43 -1.2 -1.065 -1.0649835 -0.54 -0.54 -0.82 -0.82 -1.005 -1.005 -1.005 -1.0455432 0.165 0.165 0.165 -0.245 -0.245 -0.245 -0.245 -0.24503668 -0.385 -0.385 -0.385 -0.385 -0.385 -0.39185395 -1.155 -1.1549857 -0.835 -0.835 -0.835 
-1.68 -0.42 -0.14 -0.23 -0.135 -0.175 -0.66 -0.72401432 -1.1 -0.605 -1.48 -1.53 -1.5299999 -2.165 -2.165 -1.489901 -1.49 -0.995 -0.995 -1.9349995 -1.2 -1.2 -1.2 -1.065 -1.065 -0.995 -1.01 -1.01 -1.1299719 -0.82 -1.005 -1.005 -1.22 -1.2199932 -1.1550046 -0.915 -0.915 -0.45227979 -0.245 -0.245 -0.62452606 -0.625 -0.62500056 -0.095207559 -0.090032604 -0.090000079 -0.09000001 -0.090000112 -0.32967288 -0.835 -0.835 -0.835 -0.835 
-0.69500654 -0.265 -0.74813249 -0.425 -0.315 -0.83 -1.625 -1.55 -1.39 -1.39 -1.48 -1.06 -1.2549999 -2.165 -1.0800033 -1.08 -1.49 -1.315 -1.345 -1.345 -1.1104597 -1.01 -1.01 -1.06 -0.995 -0.995 -1.01 -1.01 -1.1300038 -1.1300697 -0.6167902 -1.22 -1.22 -1.155 -1.155 -0.77339359 -0.915 -0.915 -0.84500243 -0.62500031 -0.625 -0.625 -0.62500276 -0.090001701 -0.09 -0.09 -0.09 -0.090000075 -0.215 -0.83487713 -0.835 -0.835 -0.835 
-0.695 -1.14 -0.44 -0.895 -0.110045 -1.205 -1.08 -1.11 -1.19 -1.405 -1.405 -0.735 -1.255 -1.255 -1.0812007 -1.143753 -1.15 -1.13 -1.5299998 -1.345 -1.269245 -1.265 -0.72 -0.55 -0.55 -0.55 -0.805 -0.80500007 -1.1947722 -1.195 -0.615 -0.8228747 -1.03 -1.155 -1.1407394 -0.655 -0.655 -0.845 -0.845 -0.625 -0.625 -0.62500001 -0.3976216 -0.39499998 -0.09 -0.09 -0.09 -0.21499524 -0.215 -0.215 -0.835 -0.835 -0.835 
-1.0823481 -1.14 -0.345 -0.005 -0.05 -0.755 -0.955 -1.165 -1.05 -1.0938591 -0.905 -0.595 -0.595 -0.345 -0.34499723 -1.0801951 -1.08 -1.08 -1.1910606 -0.92000008 -1.315 -1.315 -1.015 -0.83625465 -0.55 -0.55 -0.685 -0.805 -0.66581354 -0.665 -0.765 -0.615 -0.50671642 -0.53 -0.655 -0.56 -0.705 -1.01 -0.37029553 -0.62609362 -0.87 -0.79 -0.39497478 -0.395 -0.39328329 -0.09 -0.65999997 -0.215 -0.215 -0.215 -0.215 -0.75780538 0.08 
-0.76 -0.76 -0.62 -0.22 -0.49 -1.22 -0.66 -1.095 -0.945 -1.1049234 -0.65 -0.91 -0.345 -0.345 -0.05 -0.064126915 -1.08 -1.0798374 -0.38 -0.92 -0.92 -0.97088925 -1.015 -0.88000256 -0.88 -0.88 -0.685 -0.39 -0.39 -0.665 -0.665 -0.61459223 -0.4 -0.53 -0.53 -0.56 -0.705 -0.61 -0.37 -0.32572934 -0.79 -0.58796333 -0.24 -0.395 -0.395 -0.66 -0.66 -0.66 -0.215 -0.215 -0.215 -0.215 -0.21499989 
-0.76 -0.76 -0.62 -0.95 0.315 -0.235 -0.225 -0.55522331 -0.92 -0.87 -0.74 -1.05 -0.91018554 -0.05 -0.05 -0.050021342 -0.235 -0.24261028 -0.38 -0.94 -0.94 -0.72 -0.72 -0.88 -0.88 -0.88 -0.39 -0.39 -0.39 -0.815 -0.815 -0.81499932 -0.445 -0.445 -0.885 -0.43 -0.42 -0.76000094 -0.545 -0.325 -0.325 -0.67499857 -0.24 -0.395 -0.39499983 -0.17 0.24608084 0.25 0.415 0.415 -0.215 -0.215 -0.215 
-0.76 -0.69964199 -0.76082277 -0.8399866 0.08 0.24 -0.225 -0.555 -0.91999695 -0.87055394 -1.0499998 -1.05 0.235 -0.05 -0.05 -0.23499999 -0.235 -0.23500825 -0.38 -0.94 -0.89679648 -0.72 -0.72 -0.87999277 -0.88 -0.76330456 -0.525 -0.525 -0.52499998 -0.815 -0.815 -0.545 -0.545 -0.44500121 -0.885 -0.35000015 -0.49215918 -0.76 -0.76 -0.32500001 -0.675 -0.675 -0.67499791 -0.395 -0.395 -0.17 0.25 0.25 0.415 0.415 -0.215 -0.215 -0.215 
-0.07 0.53623864 0.63994119 0.62928834 0.080000862 0.23999622 -0.22499999 -0.5509379 -0.89484777 -0.91869437 0.235 0.235 0.235 0.235 -0.049959628 -0.235 -0.235 -0.23687218 -0.38 -0.93969269 0.11 0.11 0.11 0.11 -0.86295583 -0.525 -0.525 -0.525 -0.525 -0.52503087 -0.545 -0.545 -0.545 -0.545 -0.35 -0.35 -0.35 -0.74035945 -0.75489283 -0.08 -0.08 -0.674968 -0.12000941 -0.39497351 -0.395 -0.17 0.25 0.25 0.415 0.415 -0.21271443 -0.215 -0.32156407 
-0.07 0.64 0.64 0.64 0.64 0.63999983 -0.22380971 -0.38119107 -0.82774394 0.23375747 0.235 0.235 0.235 0.235 0.23500037 -0.235 -0.23500002 -0.24494601 -0.3799964 0.11 0.11 0.11 0.11 0.11 0.11745531 -0.13790435 -0.025000103 -0.025 -0.025 -0.025 -0.54499999 -0.545 -0.54499939 -0.04 -0.04 -0.35 0.0729034 0.085 -0.079999905 -0.08 -0.08 -0.08 -0.12 -0.12 -0.12 -0.12034795 -0.03323292 -0.035 -0.035 -0.035 -0.034999992 0.69499981 0.695 
1.435 0.64 0.64 0.64 0.64 0.64 0.63999995 -0.14637933 0.74160585 0.75 0.75 0.75 0.75 0.75 0.74999999 0.75967853 -0.21922273 -0.25485512 0.10993844 0.11 0.11 0.11 0.11 0.11000059 0.455 0.455 0.45499933 -0.025 -0.025 -0.024339194 0.305 0.305 -0.04 -0.04 -0.04 0.064976423 0.085 0.085 0.085 -0.08 -0.08 -0.08 -0.12 -0.12 -0.12 -0.12 -0.034999987 -0.035 -0.035 -0.035 -0.035 0.695 0.695 
1.435 1.1390305 0.64 0.64 0.64 0.64 0.24507753 0.245 0.24500001 0.75 0.75 0.75 0.75 0.75 0.75220607 0.76 0.76 0.76 0.61844734 0.61999948 0.62 0.62 0.62 0.62 0.455 0.455 0.455 0.455 -0.025 0.305 0.305 0.305 -0.039999969 -0.04 -0.04 0.225 0.085185364 0.085 0.085 -0.079916058 0.087535595 0.47832628 -0.12 -0.12 0.73734599 0.74 0.74 -0.033174061 1.0711211 1.0749999 1.0749998 1.2049228 0.69500104 
1.435 0.95816001 0.79434404 0.64 0.64 0.24523338 0.245 0.245 0.245 0.24863917 0.75 0.75 0.75 0.75 0.76 0.76 0.76 0.76 0.62012506 0.62 0.62 0.62 0.62 0.62 0.455 0.455 0.455 0.455 0.4544544 0.305 0.305 0.305 0.60499999 -0.039957474 0.225 0.225 0.225 0.22916676 0.45499821 0.48 0.48 0.48 0.95 0.95 0.74 0.74 0.74 1.075 1.075 1.075 1.075 1.205 1.205 
0.94527315 0.945 0.945 0.94499999 0.225 0.24499948 0.245 0.245 0.245 0.245 0.74962127 0.74999993 0.75 0.76 0.76 0.76 0.76 0.76 0.75375938 0.62 0.62 0.62 0.62 0.62 0.73059519 1.0349969 1.035 1.035 1.035 0.30500002 0.60499999 0.605 0.605 0.605 0.225 0.22501001 0.605 0.605 0.48156081 0.48 0.48 0.48 0.95 0.95 0.77251523 0.74 0.74 1.075 1.075 1.075 1.0763939 1.205 1.205 
0.945 0.945 0.945 0.60594126 0.225 0.225 0.245 0.245 0.245 0.245 0.745 0.745 0.745 0.76 0.76 0.76 0.76 0.76002727 0.835 0.835 0.62000009 0.62 0.62426051 0.795 0.79716061 1.035 1.035 1.035 1.035 0.60504378 0.605 0.605 0.605 0.605 0.60499866 0.605 0.605 0.605 0.60459831 0.48 0.48 0.48 0.95 0.95 0.95 0.74 0.74 1.075 1.075 1.075 1.205 1.205 1.205 
0.945 0.945 0.945 0.225 0.225 0.225 0.22500003 0.245 0.245 0.74448386 0.745 0.745 0.745 0.74500935 0.8935547 0.925 0.925 0.925 0.835 0.835 0.835 0.795 0.795 0.795 0.79498879 0.88813319 1.035 1.035 1.035 1.2126161 1.3399277 1.34 1.34 1.34 0.88001938 1.2649985 1.265 1.265 1.265 1.619844 1.62 1.62 0.95 0.95 1.434998 1.4349998 0.96 0.96 0.98 0.98 0.98 1.205 0.86030847 
0.94500143 0.945 0.94499997 0.225 0.225 0.225 0.22500001 0.70499987 0.24683926 0.74506801 0.745 0.745 0.745 0.74535321 0.925 0.925 0.925 0.92499997 0.835 0.835 0.835 0.795 0.795 0.795 0.755 0.755 1.07 1.07 1.07 1.0714729 1.34 1.34 1.34 1.34 1.3025206 1.265 1.265 1.265 1.265 1.62 1.62 1.62 1.6141792 1.435 1.435 1.435 0.96 0.96 0.98 0.98 0.98 0.86 0.86 
1.405 1.1910687 1.025 1.0247679 0.225 0.70222274 0.705 0.705 0.85986092 0.82000001 0.82 0.82 0.82 1.0699919 1.07 0.92500011 0.925 0.92262863 0.835 0.835 0.835 0.305 0.305 0.305 0.755 0.755 1.07 1.07 1.07 1.0700001 1.175001 1.1750005 1.335853 1.3398231 1.3749586 1.375 1.375 1.375 1.375 1.62 1.62 1.62 1.4451866 1.435 1.435 1.4349999 0.96 0.96 0.96000072 0.98 0.97998972 0.75 0.86 
1.4799858 1.4799999 1.025 1.025 1.025 0.705 0.705 0.705 1.13 1.13 0.82 0.82 0.82 1.07 1.07 1.07 1.07 1.0699734 0.835 0.835 0.83499998 0.305 0.305 0.305 0.755 0.755 1.07 1.07 1.07 1.1738161 1.175 1.175 1.175 1.175 1.3749013 1.375 1.375 1.375 1.375 1.445 1.445 1.445 1.445 1.4349959 0.9 0.9 0.9 0.825 0.825 0.825 0.75 0.75 0.75 
1.48 1.48 1.025 1.025 1.025 0.70668198 0.705 1.13 1.13 1.13 0.82003816 0.82 1.0773943 1.07 1.07 1.07 1.07 0.7 0.7 0.7 0.44 0.4399999 0.30500066 0.305 0.3053131 0.62 0.62 0.62000107 1.0699273 1.0900169 1.0900005 1.0900148 1.1748547 1.1749266 1.3393224 1.3749997 1.3727714 0.71 0.71 1.445 1.445 1.445 1.445 0.9 0.9 0.9 0.9 0.825 0.825 0.825 0.75 0.75 0.75 
1.48 1.48 1.025 1.025 1.025 1.025 0.86406509 1.13 1.13 1.13 1.1300028 1.135 1.135 1.135 1.0703831 1.07 0.70246559 0.7 0.7 0.7 0.44 0.44 0.44 0.44 0.62 0.62 0.62 0.62 0.62 1.09 1.09 1.09 1.09 1.0899992 0.695 0.71 0.71 0.71 0.71 0.70999921 0.345 0.345 0.345 0.45726918 0.69 0.69 0.69 0.825 0.82500038 1.22 1.22 1.4598273 1.46 
1.48 1.48 1.189223 1.025 1.025 1.025 1.3146717 1.130583 1.13 1.13 1.135 1.135 1.135 1.135 1.135 1.1296075 0.7 0.7 0.7 0.7 0.44000201 0.44 0.44 0.44 0.62 0.62 0.62 0.62 0.62 0.42493922 1.09 1.09 1.09 0.695 0.695 0.69501165 0.71 0.71 0.43423853 0.22000004 0.345 0.345 0.345 0.45601451 0.69 0.69 0.69 1.015 1.2174457 1.22 1.22 1.46 1.46 
1.545 1.545 1.545 1.1553783 1.0259836 1.315 1.315 1.315 1.315 1.36 1.36 1.135 1.135 1.135 1.135 1.1349724 0.7 0.7 0.7 0.7 0.55345557 0.44 0.44 0.43057865 0.10404559 0.62 0.62 0.62 0.19 0.19 0.19 0.19000378 0.695 0.695 0.695 0.695 0.22 0.22 0.22 0.22 0.18 0.18 0.18 0.73998874 0.74 0.74 0.73999998 1.015 1.015 1.2197502 1.22 1.4599977 1.46 
1.545 1.545 1.545 1.5450083 1.7 1.6440147 1.315 1.315 1.315 1.36 1.36 1.36 1.205 1.205 1.205 1.205 0.70038468 0.7 0.7 0.7 0.69603782 0.080000988 0.08 0.08 0.08 0.079999995 -0.29999999 -0.3 0.19 0.19 0.19 0.19 0.69499967 0.695 0.695 0.69496253 0.22 0.22 0.22 0.21973679 0.18 0.18 0.18 0.73997403 0.74 0.74 0.74 1.015 1.015 1.015 1.01 1.01 1.255 
1.545 1.545 1.545 1.6999996 1.7 1.7 1.3150001 1.315 1.315 1.36 1.36 1.36 1.205 1.205 1.205 1.1825329 0.91 0.91 0.90999946 0.70118613 0.080000001 0.08 0.08 0.08 0.08 0.07971403 -0.3 -0.3 -0.3 0.19 0.19 0.18993563 0.235 0.235 0.235 0.36 0.36 0.16 0.16 0.16 0.985 0.18025251 0.18000466 0.805 0.805 0.80253657 0.74000064 1.015 1.015 1.01 1.01 1.01 1.255 
1.545 1.545 1.545 1.7 1.7 1.7 1.7 1.315 1.315 1.36 1.36 1.2111978 1.205 1.205 1.205 0.91 0.91 0.91 0.91 0.91 0.08 0.08 0.08 0.08 0.08 -0.2999987 -0.3 -0.3 -0.3 0.09 0.09 0.09 0.235 0.235 0.235 0.36 0.36 0.16 0.16 0.985 0.985 0.985 0.805 0.805 0.805 0.805 0.80992884 0.865 0.865 0.865 1.01 0.97 0.97 
1.545 1.545 1.5452158 1.7 1.7 1.7 1.7 1.4619971 1.45 1.4498455 1.36 1.204995 1.205 1.205 1.204999 0.91 0.91 0.91 0.91 0.91 0.77052676 0.08 0.08 0.08 0.079973224 -0.29998593 -0.3 -0.3 -0.3 0.09 0.09 0.09 0.090023059 0.235 0.36 0.36 0.36 0.35999222 0.16005626 0.985 0.985 0.985 0.80501093 0.805 0.805 0.805 0.86500085 0.865 0.865 0.865 0.97 0.97 0.97 
1.035 1.0350009 1.699895 1.7 1.7 1.7 1.4500532 1.45 1.45 1.45 1.145 1.145 1.145 1.145 0.91108463 0.91 0.91 0.91 0.91 0.80000007 0.8 0.8 -0.049999978 -0.05 -0.05 -0.05 -0.071578216 -0.3 0.34997338 0.35 0.35 0.35 0.35 0.98 0.98 0.98 0.98 0.98 1.36 1.36 1.36 1.36 1.36 0.94978142 0.95 0.95 0.95 0.865 0.865 0.865 0.96998346 0.97 0.97 
1.035 1.035 1.0384329 1.4450005 1.4450001 1.4450051 1.45 1.45 1.45 1.45 1.145 1.145 1.145 1.145 1.145 0.91 0.91 0.91 0.80000003 0.8 0.8 0.8 -0.049999997 -0.05 -0.05 -0.05 -0.05 -0.050052503 0.34988222 0.35 0.35 0.35 0.34995269 1.0792078 0.98010273 0.98 0.98 0.98 1.36 1.36 1.36 1.36 1.36 0.95 0.95 0.95 0.95 0.91025234 0.865 0.97871695 0.98 0.925 0.925 
1.035 1.035 1.4449481 1.445 1.445 1.445 1.44627 1.45 1.45 1.45 1.145 1.145 1.145 1.145 1.145 0.91017682 0.91 0.80003225 0.8 0.8 0.8 0.8 0.26488801 -0.05 -0.05 -0.05 -0.05 -0.049932468 0.045 0.045 0.045 0.045 0.045 1.155 1.155 1.155 1.155 1.155 1.52 1.52 1.52 1.52 1.52 0.94997558 0.94999999 0.95 0.9499983 0.94980036 0.98 0.98 0.98 0.92500031 0.925 
1.0350008 1.4811293 1.445 1.445 1.445 1.445 1.445 1.4499979 1.45 1.45 1.145 1.145 1.145 1.145 0.714773 0.705 0.705 0.79999756 0.8 0.8 0.8 0.8 0.7999999 -0.05 -0.05 -0.05 -0.05 0.69999936 0.6999997 0.56060008 0.045 0.045 0.045 1.155 1.155 1.155 1.155 1.1551151 1.52 1.52 1.52 1.52 1.5199935 0.94 0.94 0.94 0.94 0.94000323 0.98 0.98 0.98 0.97999993 0.87081001 
1.49 1.49 1.4579794 1.445 1.445 1.445 1.445 1.445 1.4499959 0.64500001 0.645 0.645 0.6461866 0.70500063 0.705 0.705 0.705 0.705 0.7999979 0.78204981 0.625 0.625 0.625 0.45515203 -0.015184177 0.17110869 0.32848326 0.7 0.7 0.7 0.7 0.7 0.68536723 1.3266274 1.325 1.325 1.325 1.325 1.5040324 1.4350002 1.435 1.435 1.435 0.92500004 0.94 0.94 0.94 1.425 0.98000713 0.98 0.98 0.87 0.87 
1.49 1.49 1.33 1.33 1.33 1.4449617 1.445 1.445 0.645 0.645 0.645 0.645 0.645 0.705 0.705 0.705 0.705 0.705 0.625 0.625 0.625 0.625 0.625 0.38500001 0.385 0.385 0.385 0.7 0.7 0.7 0.7 0.7 1.47 1.47 1.325 1.325 1.325 1.4649762 1.465 1.435 1.435 1.435 1.4349999 0.925 0.925 0.925 1.425 1.425 1.425 1.24 1.24 0.87 0.87 
1.49 1.49 1.33 1.33 1.33 1.33 1.3299964 0.675 0.64502825 0.645 0.645 0.645 0.645 0.70425155 0.705 0.705 0.705 0.705 0.625 0.625 0.625 0.625 0.625 0.385 0.385 0.385 0.385 0.38500132 0.7 0.7 0.7 1.4699596 1.47 1.47 1.47 1.325 1.465 1.465 1.465 1.4642106 1.0050657 0.925 0.925 0.925 0.925 0.925 1.425 1.425 1.425 1.24 1.24 1.24 0.2993987 
0.945 0.94500428 1.33 1.33 1.33 1.33 0.675 0.675 0.675 0.645 0.645 0.645 0.645 0.64501865 0.705 0.705 0.705 0.705 0.62500148 0.625 0.625 0.625 0.42728529 0.385 0.385 0.385 0.385 0.94499954 0.945 0.945 0.70265828 1.47 1.47 1.47 1.47 1.43 1.465 1.465 1.465 1.465 0.925 0.925 0.925 1.2 1.2 1.2 1.5099917 1.425 1.425 1.24 1.24 1.24 0.24000138 
0.945 0.945 1.33 1.33 1.33 0.675 0.675 0.675 0.675 0.64827802 0.645 0.645 0.645 0.64499974 0.61001093 0.61 0.61 0.61 0.63627023 0.815 0.815 0.815 0.815 0.385 0.385 0.385 0.38503694 0.945 0.945 0.945 0.945 1.4699901 1.4475012 1.43 1.43 1.43 1.4629281 0.91001156 0.91 0.91 0.9250705 1.015 1.015 1.2 1.2 1.2000013 1.51 1.51 0.785 0.785 0.785 0.915 0.735 
0.945 0.945 0.485 0.485 0.485 0.675 0.675 0.675 0.675 0.295 0.295 0.295 0.295 0.31719879 0.61 0.61 0.61 0.61 0.63 0.815 0.815 0.815 0.815 0.04 0.040000136 0.38499949 0.945 0.945 0.945 0.945 1.1753552 1.4 1.4264304 1.43 1.43 1.43 0.91 0.91 0.91 0.91 1.015 1.015 1.015 1.4548613 1.455 1.5097528 1.51 1.51 0.78500252 0.785 0.915 0.915 0.735 
0.945 0.485 0.485 0.485 0.485 0.485 0.67224417 0.32 0.32 0.295 0.295 0.295 0.295 0.2950746 0.61 0.61 0.61 0.61090366 0.63 0.63 0.815 0.815 0.04 0.04 0.04 0.04 0.945 0.945 0.945 0.945 1.4 1.4 1.4 1.4299696 1.43 1.43 0.91 0.91 0.91 0.91 1.015 1.015 1.015 1.455 1.455 1.455 1.455 1.455 1.265 1.265 0.915 0.915 0.735 
0.48931997 0.485 0.485 0.485 0.485 0.485 0.32 0.32 0.32 0.30661896 0.295 0.295 0.295 0.29500338 0.61 0.61 0.61 0.63 0.63 0.63 0.81499076 0.81499527 0.04 0.04 0.04 0.04 0.94493567 0.945 0.945 1.3998954 1.4 1.4 1.4 1.4 1.42987 1.39 1.39 1.3816928 0.91 0.91 1.0149999 1.015 1.4422069 1.455 1.455 1.455 1.455 1.455 1.265 1.265 1.14 1.14 0.985 
0.485 0.485 0.485 0.485 0.485 0.485 0.32 0.32 0.32 0.32 0.39499712 0.395 0.395 0.395 0.60999928 0.49461822 0.43 0.43 0.6296313 0.63 0.63000004 0.040001125 0.04 0.04 0.04 0.04 0.040657985 0.945 0.94501555 1.4 1.4 1.4 1.4 1.4 1.39 1.39 1.39 1.39 1.39 1.3899984 1.43 1.43 1.4299999 1.235 1.235 1.235 1.21 1.21 1.09 1.09 1.14 1.1399997 0.985 
0.485 0.485 0.485 0.485 0.485 0.485 0.32 0.32 0.32 0.395 0.395 0.395 0.395 0.395 0.40422592 0.43 0.43 0.43 0.43 0.43 0.43954934 0.040000005 0.04 0.04 0.040000003 0.064021773 0.80380125 0.92593561 1.3977562 1.4 1.4 1.4 1.4 1.4 1.39 1.39 1.39 1.39 1.39 1.4086079 1.43 1.43 1.43 1.235 1.235 1.235 1.21 1.21 1.09 1.09 0.985 0.98500005 0.985 
0.485 0.485 0.485 0.485 0.485 0.48499995 0.32000004 0.32 0.32311292 0.395 0.395 0.395 0.395 0.395 0.39667882 0.43 0.43 0.43 0.43 0.43 0.43 0.68686544 0.80499893 0.805 0.805 0.805 0.805 0.805 0.94847616 0.95000533 0.95000001 0.95 0.95 0.95000032 1.39 1.39 1.39 1.39 1.39 1.43 1.43 1.43 1.43 1.4299999 1.2354168 1.495 1.21 1.1756055 1.0900745 0.985 0.985 0.98073874 0.78 
0.485 0.485 0.485 0.485 0.485 0.48498946 0.3200089 0.32000454 0.39499991 0.395 0.395 0.395 0.395 0.395 0.39566598 0.43 0.43 0.43 0.43 0.43 0.43 0.805 0.805 0.805 0.805 0.805 0.805 0.805 0.94995997 0.95 0.95 0.95 0.95 0.95 1.07056 1.39 1.39 1.39 1.39 1.43 1.43 1.43 1.43 1.4300167 1.495 1.495 1.4929944 1.175 1.175 0.985 0.985 0.78 0.78 
0.485 0.485 0.485 0.485 0.485 0.48477995 0.32019797 0.38653674 0.395 0.395 0.395 0.395 0.395 0.395 0.39561274 0.43 0.43 0.43 0.43 0.43 0.48339319 0.805 0.805 0.805 0.805 0.805 0.805 0.805 0.94999942 0.95 0.95 0.95 0.95 0.95 0.95 1.1664916 0.81907345 0.62910454 0.60019062 1.3721492 1.43 1.43 1.43 1.4949948 1.495 1.4938659 1.3049994 1.175 1.175 0.87004907 0.87 0.87 0.78000004 
0.485 0.485 0.485 0.485 0.48499983 0.483624 0.32764026 0.39497938 0.395 0.395 0.395 0.395 0.395 0.395 0.3958173 0.43 0.43 0.43 0.43 0.43 0.80499838 0.805 0.805 0.805 0.805 0.805 0.805 0.805 0.94999996 0.95 0.95 0.95 0.95 0.95 0.94999993 0.585 0.585 0.585 0.585 0.53 0.53 0.53 0.53 1.3050005 1.305 1.305 1.305 1.3049977 1.095 1.095 0.87 0.87 0.60201424 
0.485 0.485 0.485 0.48499999 0.48499539 0.48055455 0.39013883 0.39499902 0.395 0.395 0.395 0.395 0.395 0.395 0.39618812 0.42999999 0.43 0.43 0.43 0.43225696 0.805 0.805 0.805 0.805 0.805 0.805 0.805 0.805 0.94999997 0.95 0.95 0.95 0.95 0.95 0.58500033 0.585 0.585 0.585 0.585 0.53 0.53 0.53 0.53 0.73916917 1.305 1.305 1.305 1.0950023 1.095 1.095 0.485 0.485 0.485 
0.485 0.485 0.48499999 0.48499963 0.48495502 0.47173486 0.39475466 0.39499975 0.395 0.395 0.395 0.395 0.395 0.395 0.39669042 0.42999918 0.43 0.43 0.43000043 0.79740191 0.805 0.805 0.805 0.805 0.805 0.805 0.805 0.805 0.94999986 0.95 0.95 0.95 0.95 0.43757081 0.5849999 0.585 0.585 0.585 0.585 0.53 0.53 0.53 0.53 0.53 1.305 1.305 1.305 1.095 1.095 1.095 0.485 0.485 0.485 
0.485 0.48499999 0.48499984 0.48499559 0.48474968 0.42927167 0.39496124 0.39499985 0.395 0.395 0.395 0.395 0.395 0.39500007 0.39728763 0.42998722 0.43 0.43000001 0.43194156 0.80496811 0.805 0.805 0.805 0.805 0.805 0.805 0.805 0.80500008 0.94999909 0.95 0.9499995 0.31153852 0.25 0.25 0.25 0.585 0.585 0.585 0.585 0.53 0.53 0.53 0.53 0.53 1.3049863 1.305 1.3049999 1.095 1.095 1.0949997 0.485 0.485 0.485 
