interpolatedSpi/05-05|19_2.tif
NCOLS 53
NROWS 52
XLLCORNER -116.03883
YLLCORNER 28.596182
DX 0.49850594
DY 0.49788537
NODATA_VALUE -9999
-0.87 -0.87 -0.75404273 -1.34 -0.9 -1.005 -1.985 -2.325 -2.4174267 -1.89 -1.5 -1.13 -1.1799741 -0.865 -1.255 -1.255 -1.255 -0.355 -0.825 -0.825 -0.825 -0.8250066 -1.51 -1.02 -1.02 -1.02 -0.77998961 -0.78 -0.78 -1.485 -1.485 -1.485 -1.485 -1.27 -1.27 -1.27 -1.27 -1.27 -1.27 -1.27 0.060667409 0.074747803 -0.915 -0.915 -0.915 -0.915 -0.91620867 -1.655 -1.655 -1.655 -0.97000142 -0.97 -0.97 
-0.86998978 -0.64 -0.98999897 -0.89858158 -1.2752893 -0.79 0.07 -1.1257225 -3.15 -2.165 -1.235 -1.18 -1.18 -1.0344331 -0.8650055 -1.255 -0.355 -0.355 -0.82438718 -0.825 -0.825 -0.825 -1.0573723 -1.02 -1.02 -1.02 -0.94000001 -0.94 -1.485 -1.485 -1.485 -1.485 -1.485 -1.27 -1.27 -1.27 -1.27 -1.27 -1.2699999 -1.0854654 -0.22501231 -0.8312737 -0.915 -0.915 -0.915 -0.915 -0.915 -1.655 -1.655 -1.655 -1.5981991 -0.97 -0.97 
-0.53501156 -0.535 -0.095 -0.1 -1.25 -1.93 -1.575 -1.29 -1.515 -1.545 -1.12 -1.625 -1.205 -1.11 -1.035 -1.305 -0.355 -0.355 -0.355 -1.2398794 -1.24 -1.24 -1.73 -1.02 -1.02 -1.02 -0.94 -0.94 -0.94 -1.485 -1.485 -1.485 -1.7257 -1.267486 -1.2554797 0.27570499 0.29 0.29 0.22522657 -0.225 -0.225 -0.22588233 -0.915 -0.915 -0.915 -0.915 -0.915 -1.655 -1.655 -1.655 -1.655 -0.97 -0.97 
-0.36 -0.535 -0.53003983 -0.475 -0.84 -1.22 -1.01 -2.08 -0.885 -0.11858704 -1.075 -1.58 -1.77 -1.11 -1.855 -1.305 -1.6126282 -1.6141172 -2.51 -1.24 -1.24 -1.285 -1.73 -1.73 -1.02 -1.0199996 -0.94 -0.94 -0.94 -1.405 -1.7232331 -1.985 -1.985 -1.9849982 0.29 0.29 0.29 0.29 -0.225 -0.225 -0.225 -0.22500003 -0.915 -0.915 -0.915 -0.915 -0.915 -1.6549907 -1.655 -1.655 -1.655 -0.96999069 -0.97 
-0.36 -1.2149987 -0.53 -0.68699242 -0.84 -0.975 -1.3399837 -1.715 -1.71 -1.7200002 -1.5516263 -1.4700931 -2.12 -1.855 -1.855 -1.4918665 -1.615 -1.615 -2.51 -2.51 -1.2400002 -1.285 -1.87 -1.86 -1.78 -1.7799425 -0.94 -0.94 -1.405 -1.405 -1.985 -1.985 -1.985 -1.9529425 0.29 0.29 0.29 -0.225 -0.225 -0.225 -0.225 -0.22506516 -0.915 -0.915 -0.915 -0.915 -0.915 -0.92158692 -1.655 -1.6549565 -0.685 -0.685 -0.685 
-2.255 -1.215 0.17499999 -0.48 -0.21 -0.76 -0.695 -0.82558921 -1.665 -1.135 -1.66 -1.98 -1.9800001 -2.695 -2.695 -2.0798805 -2.08 -1.705 -1.705 -2.5099994 -2.005 -2.005 -1.86 -1.78 -1.78 -1.535 -1.56 -1.56 -1.5299886 -1.405 -1.985 -1.985 -1.815 -1.8149943 -1.7600039 -1.575 -1.575 -0.64265332 -0.225 -0.225 -0.89915813 -0.9 -0.90000058 -0.18806303 -0.17508179 -0.1750002 -0.17500003 -0.17500028 -0.5674321 -0.685 -0.685 -0.685 -0.685 
-1.5300123 -0.69 -1.5446018 -0.96 -0.815 -0.995 -1.99 -1.895 -1.46 -1.46 -1.66 -1.28 -1.5849997 -2.695 -1.5850033 -1.585 -2.08 -1.91 -1.855 -1.855 -1.8494826 -1.675 -1.675 -1.59 -1.535 -1.535 -1.56 -1.56 -1.5299994 -1.5299893 -1.0464664 -1.815 -1.815 -1.76 -1.76 -1.2945104 -1.575 -1.575 -1.2800102 -0.90000053 -0.9 -0.9 -0.90000249 -0.1750017 -0.175 -0.175 -0.175 -0.1750002 -0.51 -0.68496532 -0.685 -0.685 -0.685 
-1.53 -2.335 -1.295 -1.795 -0.68506363 -1.885 -1.335 -1.485 -1.61 -1.355 -1.355 -0.605 -1.585 -1.585 -1.585 -1.7216135 -1.735 -1.38 -1.815 -1.855 -1.3311309 -1.315 -1.055 -0.995 -0.99499955 -0.96 -1.1 -1.1000002 -1.520035 -1.52 -1.045 -1.1780458 -1.69 -1.76 -1.7477359 -1.06 -1.06 -1.28 -1.28 -0.9 -0.9 -0.90000001 -0.48355876 -0.47999998 -0.175 -0.175 -0.175 -0.50998725 -0.51 -0.51 -0.685 -0.685 -0.685 
-2.2295577 -2.335 -1.055 -0.38 -0.69 -1.575 -1.525 -1.445 -1.06 -1.3111928 -1.13 -0.26000001 -0.26 0.01 0.0099993886 -1.7050836 -1.705 -1.705 -1.4464034 -0.72500016 -1.505 -1.505 -1.03 -1.0451479 -0.96352708 -0.96 -1.06 -1.1 -1.3883148 -1.39 -1.035 -1.37 -1.2743074 -1.16 -1.33 -1.17 -1.44 -1.84 -0.82546869 -0.90113826 -1.155 -1 -0.47999513 -0.48 -0.47828329 -0.175 -0.98999996 -0.51 -0.51 -0.51 -0.51 -0.61527583 -0.04 
-1.64 -1.64 -1.42 -0.845 -1.26 -2.13 -1.34 -1.86 -1.145 -1.3749506 -0.815 -1.35 0.01 0.01 -0.055 -0.077630495 -1.705 -1.7047001 -0.405 -0.725 -0.725 -0.82549018 -1.03 -1.1149984 -1.115 -1.115 -1.06 -0.77 -0.77 -1.39 -1.39 -1.3696396 -1.18 -1.16 -1.245 -1.17 -1.44 -1.285 -0.825 -0.21504837 -1 -0.79796333 -0.45 -0.48 -0.48 -0.99 -0.99 -0.99 -0.51 -0.51 -0.125 -0.125 -0.12499997 
-1.64 -1.64 -1.315 -2.195 -0.37 -0.815 -0.925 -1.3653012 -1.78 -1.73 -0.775 -1.32 -1.349958 -0.055 -0.055 -0.055020188 -0.23 -0.23918482 -0.405 -0.855 -0.855 -0.685 -0.685 -1.115 -1.115 -1.115 -0.77 -0.77 -0.77 -1.32 -1.32 -1.3199998 -0.975 -0.975 -1.525 -0.925 -0.885 -1.2700002 -1.21 -0.205 -0.205 -0.86499864 -0.45 -0.48 -0.69999965 -0.29 0.12019795 0.125 0.305 0.305 -0.125 -0.125 -0.125 
-1.64 -1.499919 -1.6905274 -1.9049902 -1.16 -0.375 -0.925 -1.365 -1.7799965 -1.7305539 -1.3200005 -1.32 -0.045 -0.055 -0.055 -0.22999999 -0.23 -0.23000996 -0.405 -0.855 -0.82161546 -0.685 -0.685 -1.1149821 -1.115 -1.0607613 -0.95 -0.95 -0.94999998 -1.32 -1.32 -0.95 -0.95 -0.97500151 -1.525 -0.52500042 -0.94994304 -1.27 -1.27 -0.20500002 -0.865 -0.865 -0.86499874 -0.7 -0.7 -0.29 0.125 0.125 0.305 0.305 -0.125 -0.125 -0.125 
-0.48 0.03254599 0.15991339 0.14504555 -1.1599959 -0.37501853 -0.92499998 -1.3595839 -1.7514023 -1.7786944 -0.045 -0.045 -0.045 -0.045 -0.054998583 -0.23 -0.23 -0.23225953 -0.405 -0.85476861 -0.065 -0.065 -0.065 -0.065 -1.0971018 -0.95 -0.95 -0.95 -0.95 -0.95008583 -0.95 -0.95 -0.95 -0.95 -0.525 -0.525 -0.525 -1.2341018 -1.2604241 0.005 0.005 -0.8649532 -0.085021054 -0.69994076 -0.7 -0.29 0.125 0.125 0.305 0.305 -0.12344001 -0.125 -0.22631143 
-0.48 0.16 0.16 0.16 0.16 0.15999977 -0.92359219 -1.1332455 -1.6751061 -0.046867134 -0.045 -0.045 -0.045 -0.045 -0.044999528 -0.23 -0.23000003 -0.24200381 -0.40499646 -0.065 -0.065 -0.065 -0.065 -0.065 -0.059707369 -0.56619824 -0.4800001 -0.48 -0.48 -0.48 -0.94999998 -0.95 -0.94999918 -0.265 -0.265 -0.525 0.014566406 0.03 0.0050000145 0.005 0.005 0.005 -0.085 -0.085 -0.085 -0.086426613 -0.0042403663 -0.005 -0.005 -0.005 -0.0049999944 0.8649998 0.865 
1.42 0.16 0.16 0.16 0.16 0.16 0.15999993 -0.70479196 0.59290143 0.605 0.605 0.605 0.605 0.605 0.60499999 0.53141874 -0.21795473 -0.25396318 -0.06504269 -0.065 -0.065 -0.065 -0.065 -0.064999337 0.18 0.18 0.17999907 -0.48 -0.48 -0.47881856 0.11 0.11 -0.265 -0.265 -0.265 -0.017255662 0.03 0.03 0.03 0.005 0.005 0.005 -0.085 -0.085 -0.085 -0.085 -0.004999989 -0.005 -0.005 -0.005 -0.005 0.865 0.865 
1.42 0.95091631 0.16 0.16 0.16 0.16 0.10501079 0.105 0.10500001 0.605 0.605 0.605 0.605 0.605 0.58845448 0.53 0.53 0.53 0.50326446 0.50499942 0.505 0.505 0.505 0.505 0.18 0.18 0.18 0.18 -0.48 0.11 0.11 0.11 -0.26499997 -0.265 -0.265 0.315 0.030377349 0.03 0.03 0.0050936201 0.19198169 0.62813201 -0.085 -0.085 0.65770089 0.66 0.66 -0.0036916668 0.78722183 0.78999993 0.78999985 1.029975 0.86500034 
1.42 0.64635165 0.39531141 0.16 0.16 0.1050325 0.105 0.105 0.105 0.10860314 0.605 0.605 0.605 0.60499999 0.53 0.53 0.53 0.53 0.50502233 0.505 0.505 0.505 0.505 0.505 0.18000001 0.18 0.18 0.18 0.17974539 0.11 0.11 0.11 0.61499999 -0.26491976 0.315 0.315 0.315 0.31932085 0.5920191 0.63 0.63 0.63 1.085 1.085 0.66 0.66 0.66 0.79 0.79 0.79 0.79 1.03 1.03 
0.6256066 0.625 0.625 0.62499999 -0.03 0.10499652 0.105 0.105 0.105 0.105 0.60235002 0.60499954 0.605 0.53 0.53 0.53 0.53 0.53 0.53119656 0.505 0.505 0.505 0.505 0.505 0.60903284 1.0249954 1.025 1.025 1.025 0.11000003 0.61499999 0.615 0.615 0.615 0.315 0.3150104 0.71 0.71 0.63099892 0.63 0.63 0.63 1.085 1.085 0.72580463 0.66 0.66 0.79 0.79 0.79 0.79257342 1.03 1.03 
0.625 0.625 0.625 0.31655073 -0.03 -0.03 0.105 0.105 0.105 0.105 0.57 0.57 0.57 0.53 0.53 0.53 0.53 0.53000496 0.58 0.58 0.50500003 0.505 0.51206028 0.795 0.79707059 1.025 1.025 1.025 1.025 0.61504175 0.615 0.615 0.615 0.615 0.70999861 0.71 0.71 0.71 0.70976923 0.63 0.63 0.63 1.085 1.085 1.085 0.66 0.66 0.79 0.79 0.79 1.03 1.03 1.03 
0.625 0.625 0.625 -0.03 -0.03 -0.03 -0.029999794 0.105 0.105 0.56951999 0.57 0.57 0.57 0.56997508 0.55428267 0.56 0.56 0.56 0.58 0.58 0.58 0.795 0.795 0.795 0.7950014 0.90698203 1.025 1.025 1.025 1.2506439 1.3849243 1.385 1.385 1.385 1.0762908 1.589998 1.59 1.59 1.59 2.0748023 2.075 2.075 1.085 1.085 1.6249977 1.6249997 0.69 0.69 0.765 0.765 0.765 1.03 0.79521012 
0.62500192 0.625 0.62499998 -0.03 -0.03 -0.03 -0.029999995 0.4649999 0.10643942 0.57009521 0.57 0.57 0.57 0.56998038 0.56 0.56 0.56 0.56000001 0.58 0.58 0.58 0.795 0.795 0.795 0.8 0.8 1.33 1.33 1.33 1.3303 1.385 1.385 1.385 1.385 1.4874437 1.59 1.59 1.59 1.59 2.075 2.075 2.075 2.0608413 1.625 1.625 1.625 0.69 0.69 0.765 0.765 0.765 0.795 0.795 
1.245 0.95483651 0.735 0.73477806 -0.03 0.46213595 0.465 0.465 0.63807985 0.67500001 0.675 0.675 0.675 0.94499121 0.945 0.5600003 0.56 0.56052697 0.58 0.58 0.58 0.355 0.355 0.355 0.8 0.8 1.33 1.33 1.33 1.33 1.3450003 1.3450001 1.3839947 1.3849571 1.7545766 1.755 1.755 1.755 1.755 2.075 2.075 2.075 1.649778 1.625 1.625 1.6249998 0.69 0.69 0.6900027 0.765 0.76498256 0.375 0.795 
1.2200047 1.2199999 0.735 0.735 0.735 0.465 0.465 0.465 0.94 0.94 0.675 0.675 0.675 0.945 0.945 0.945 0.945 0.94495803 0.58 0.58 0.57999999 0.355 0.355 0.355 0.8 0.8 1.33 1.33 1.33 1.3448309 1.345 1.345 1.345 1.345 1.7547977 1.755 1.755 1.755 1.755 1.5200001 1.52 1.52 1.52 1.6249929 0.7 0.7 0.7 0.455 0.455 0.455 0.375 0.375 0.375 
1.22 1.22 0.735 0.735 0.735 0.46641917 0.465 0.94 0.94 0.94 0.67503262 0.675 1.1979598 0.94500008 0.945 0.945 0.945 0.965 0.965 0.965 0.68999999 0.68999975 0.35500163 0.355 0.35562294 1.195 1.195 1.1950003 1.3299782 1.4449801 1.4449995 1.4449825 1.3451709 1.3450863 1.6820404 1.7549996 1.7519504 0.845 0.845 1.52 1.52 1.52 1.52 0.7 0.7 0.7 0.7 0.455 0.455 0.455 0.375 0.375 0.375 
1.22 1.22 0.735 0.735 0.735 0.735 0.64277862 0.94 0.94 0.94 0.94020714 1.315 1.315 1.315 0.9471805 0.945 0.96486672 0.965 0.965 0.965 0.69 0.69 0.69 0.69 1.195 1.195 1.195 1.195 1.195 1.445 1.445 1.445 1.445 1.4449991 1.005 0.845 0.845 0.845 0.845 0.84499809 0.135 0.135 0.135 0.17405251 0.255 0.255 0.255 0.45499999 0.4550005 0.97 0.97 1.3047738 1.305 
1.22 1.22 0.91005094 0.735 0.735 0.73500002 1.7735183 0.94263146 0.94 0.94 1.3150001 1.315 1.315 1.315 1.315 1.2846202 0.965 0.965 0.965 0.965 0.69000213 0.69 0.69 0.69 1.195 1.195 1.195 1.195 1.195 0.62845316 1.445 1.445 1.445 1.005 1.005 1.0048758 0.845 0.845 0.56923853 0.35500004 0.135 0.135 0.135 0.17489674 0.255 0.255 0.255 0.98 0.9701246 0.97 0.97 1.305 1.305 
1.94 1.94 1.94 1.0371266 0.73700645 1.775 1.775 1.775 1.775 1.71 1.71 1.315 1.315 1.315 1.315 1.3149778 0.965 0.965 0.965 0.965 0.81000108 0.69 0.69 0.68424251 0.50228343 1.195 1.195 1.195 0.34 0.34 0.34 0.34000464 1.005 1.005 1.005 1.005 0.355 0.355 0.355 0.355 0.195 0.195 0.195 0.63499115 0.635 0.635 0.63499988 0.98 0.98 0.97001218 0.97 1.3049993 1.305 
1.94 1.94 1.94 1.9400089 2.105 2.0570126 1.775 1.775 1.775 1.71 1.71 1.71 1.42 1.42 1.42 1.42 0.96608993 0.965 0.965 0.965 0.96081801 0.4700006 0.47 0.47 0.47 0.46999999 -0.25499999 -0.255 0.34 0.34 0.34 0.34 1.0049997 1.005 1.005 1.0049609 0.355 0.355 0.355 0.35557029 0.195 0.195 0.195 0.6349796 0.635 0.635 0.635 0.98 0.98 0.98000002 1.165 1.165 1.3 
1.94 1.94 1.94 2.1049996 2.105 2.105 1.7750001 1.775 1.775 1.71 1.71 1.71 1.42 1.42 1.42 1.4306623 1.56 1.56 1.5599985 0.96836071 0.47 0.47 0.47 0.47 0.47 0.4694544 -0.255 -0.255 -0.255 0.34 0.34 0.33989058 0.525 0.525 0.525 0.495 0.495 0.485 0.485 0.485 1.14 0.19529642 0.19500597 0.995 0.995 0.98135641 0.63500154 0.98 0.98 1.165 1.165 1.165 1.3 
1.94 1.94 1.94 2.105 2.105 2.105 2.105 1.775 1.775 1.71 1.71 1.4315958 1.42 1.42 1.42 1.56 1.56 1.56 1.56 1.56 0.47 0.47 0.47 0.47 0.47 -0.25499753 -0.255 -0.255 -0.255 0.17 0.17 0.17 0.525 0.525 0.525 0.495 0.495 0.485 0.485 1.14 1.14 1.14 0.995 0.995 0.995 0.995 0.99294632 0.97 0.97 0.97 1.165 1.185 1.185 
1.94 1.94 1.9402298 2.105 2.105 2.105 2.105 1.7717959 1.755 1.7549227 1.71 1.4200188 1.42 1.42 1.4200005 1.56 1.56 1.56 1.56 1.56 1.3187773 0.47 0.47 0.47 0.46992482 -0.25497974 -0.255 -0.255 -0.255 0.17 0.17 0.17 0.17005374 0.525 0.495 0.495 0.495 0.49499988 0.48504467 1.14 1.14 1.14 0.9950088 0.995 0.995 0.995 0.9699985 0.97 0.97 0.97 1.185 1.185 1.185 
1.45 1.4500009 2.1048901 2.105 2.105 2.105 1.7550745 1.755 1.755 1.755 1.645 1.645 1.645 1.645 1.5603923 1.56 1.56 1.56 1.56 1.3550001 1.355 1.355 0.10500006 0.105 0.105 0.105 0.07392737 -0.255 0.4749701 0.475 0.475 0.475 0.475 0.89 0.89 0.89 0.89 0.89 1.365 1.365 1.365 1.365 1.365 0.8202638 0.82 0.82 0.82 0.97 0.97 0.97 1.1849661 1.185 1.185 
1.45 1.45 1.4512142 1.595001 1.5950001 1.5951563 1.755 1.755 1.755 1.755 1.645 1.645 1.645 1.645 1.645 1.56 1.56 1.56 1.3550001 1.355 1.355 1.355 0.105 0.105 0.105 0.105 0.105 0.1049242 0.47503089 0.475 0.475 0.475 0.47501241 0.99771131 0.89011153 0.89 0.89 0.89 1.365 1.365 1.365 1.365 1.365 0.82 0.82 0.82 0.82 0.89014293 0.97 0.74256609 0.74 0.91 0.91 
1.45 1.45 1.5949816 1.595 1.595 1.595 1.6356393 1.755 1.755 1.755 1.645 1.645 1.645 1.645 1.645 1.5600582 1.56 1.3550601 1.355 1.355 1.355 1.355 0.5680706 0.105 0.105 0.105 0.105 0.10531878 0.555 0.555 0.555 0.555 0.555 1.08 1.08 1.08 1.08 1.08 1.535 1.535 1.535 1.535 1.535 0.819707 0.81999994 0.82 0.81997966 0.81754093 0.74 0.74 0.74 0.90999905 0.91 
1.4499998 1.3225345 1.595 1.595 1.595 1.595 1.595 1.7549319 1.755 1.755 1.645 1.645 1.645 1.645 0.86765803 0.85 0.85 1.354987 1.355 1.355 1.355 1.355 1.3549998 0.105 0.105 0.105 0.105 0.75999979 0.75999991 0.71637102 0.555 0.555 0.555 1.08 1.08 1.08 1.08 1.0801659 1.535 1.535 1.535 1.535 1.5349759 0.7 0.7 0.7 0.7 0.70000323 0.74 0.74 0.74 0.73999996 0.67846095 
1.32 1.32 1.3160038 1.595 1.595 1.595 1.595 1.595 1.754929 0.60500002 0.605 0.605 0.60746813 0.85000114 0.85 0.85 0.85 0.85 1.354996 1.3206382 1.02 1.02 1.02 0.78920113 0.14181673 0.33881609 0.50515626 0.76 0.76 0.76 0.76 0.76 0.76094996 1.3266835 1.325 1.325 1.325 1.325 1.4758262 1.2200006 1.22 1.22 1.22 0.61000026 0.69999998 0.7 0.7 0.945 0.74000328 0.74 0.74 0.675 0.675 
1.32 1.32 0.95 0.95 0.95 1.5947851 1.595 1.595 0.605 0.605 0.605 0.605 0.605 0.84999999 0.85 0.85 0.85 0.85 1.02 1.02 1.02 1.02 1.02 0.56500002 0.565 0.565 0.565 0.76 0.76 0.76 0.76 0.76 1.475 1.475 1.325 1.325 1.325 1.4449796 1.445 1.22 1.22 1.22 1.2199999 0.61 0.61 0.61 0.945 0.945 0.945 0.95 0.95 0.675 0.675 
1.32 1.32 0.95 0.95 0.95 0.95 0.94999624 0.265 0.60467988 0.605 0.605 0.605 0.605 0.84694385 0.85 0.85 0.85 0.85 1.02 1.02 1.02 1.02 1.02 0.565 0.565 0.565 0.565 0.56500083 0.76 0.76 0.76 1.4749625 1.475 1.475 1.475 1.325 1.445 1.445 1.445 1.4390798 0.72684004 0.635 0.635 0.61 0.61 0.61 0.945 0.945 0.945 0.95 0.95 0.95 0.34441353 
0.78 0.78000424 0.95 0.95 0.95 0.95 0.265 0.265 0.265 0.605 0.605 0.605 0.605 0.60507616 0.85 0.85 0.85 0.85 1.019997 1.02 1.02 1.02 0.64515697 0.565 0.565 0.565 0.565 1.0449996 1.045 1.045 0.76308553 1.475 1.475 1.475 1.475 1.52 1.445 1.445 1.445 1.445 0.635 0.635 0.635 0.87 0.87 0.87 1.324963 0.945 0.945 0.95 0.95 0.95 0.31000125 
0.78 0.78 0.95 0.95 0.95 0.265 0.265 0.265 0.265 0.56771341 0.605 0.605 0.605 0.60499984 0.55003452 0.55 0.55 0.55 0.67664387 1.01 1.01 1.01 1.01 0.565 0.565 0.565 0.56503166 1.045 1.045 1.045 1.045 1.4750119 1.5003112 1.52 1.52 1.52 1.4421258 0.67501603 0.675 0.675 0.63506266 0.715 0.715 0.87 0.87 0.87000193 1.325 1.325 0.875 0.875 0.875 0.97 0.76 
0.78 0.78 0.325 0.325 0.325 0.265 0.265 0.265 0.265 0.04 0.04 0.04 0.04 0.075940894 0.55 0.55 0.55 0.55 0.665 1.01 1.01 1.01 1.01 0.18 0.18000015 0.56499943 1.045 1.045 1.045 1.045 1.3057317 1.56 1.5247595 1.52 1.52 1.52 0.675 0.675 0.675 0.675 0.715 0.715 0.715 1.2248392 1.225 1.3245505 1.325 1.325 0.87500232 0.875 0.97 0.97 0.76 
0.78 0.325 0.325 0.325 0.325 0.325 0.26220536 -0.095 -0.095 0.04 0.04 0.04 0.04 0.040120782 0.55 0.55 0.55 0.55519606 0.665 0.665 1.01 1.01 0.18 0.18 0.18 0.18 1.045 1.045 1.045 1.045 1.56 1.56 1.56 1.5200405 1.52 1.52 0.675 0.675 0.675 0.675 0.715 0.715 0.715 1.225 1.225 1.2250167 1.52 1.52 1.335 1.335 0.97 0.97 0.76 
0.32927302 0.325 0.325 0.325 0.325 0.325 -0.095 -0.095 -0.095 -0.022742358 0.04 0.04 0.04 0.040007903 0.55 0.55 0.55 0.665 0.665 0.665 1.0099828 1.0099949 0.18 0.18 0.18 0.18 1.0449385 1.045 1.045 1.5598816 1.56 1.56 1.56 1.56 1.5196843 1.235 1.235 1.2253082 0.675 0.675 0.71499996 0.715 1.2101716 1.225 1.225 1.5199999 1.52 1.52 1.335 1.335 1.015 1.015 0.93 
0.325 0.325 0.325 0.325 0.325 0.325 -0.095 -0.095 -0.095 -0.094999999 0.32999165 0.33 0.33 0.33 0.54999954 0.49551416 0.465 0.465 0.6646313 0.665 0.66500007 0.18000121 0.18 0.18 0.18 0.18 0.1806289 1.045 1.0450176 1.56 1.56 1.56 1.56 1.56 1.235 1.235 1.235 1.235 1.235 1.2349975 1.035 1.035 1.035 0.98 0.98 0.98 1.265 1.265 1.065 1.065 1.015 1.0149998 0.93 
0.325 0.325 0.325 0.325 0.325 0.325 -0.095 -0.095 -0.095 0.33 0.33 0.33 0.33 0.33 0.36558568 0.465 0.465 0.465 0.465 0.465 0.47454934 0.18 0.18 0.18 0.18 0.20433578 0.95378558 1.0327441 1.5574603 1.56 1.56 1.56 1.56 1.5599993 1.235 1.235 1.235 1.235 1.235 1.1419605 1.035 1.035 1.035 0.98 0.98 0.98 1.265 1.265 1.065 1.065 0.65500001 0.91482987 0.93 
0.325 0.325 0.325 0.325 0.325 0.32499987 -0.094999903 -0.095 -0.077360131 0.33 0.33 0.33 0.33 0.33 0.33647543 0.465 0.465 0.465 0.465 0.465 0.465 0.83497531 0.95499891 0.955 0.955 0.955 0.955 0.955 0.91128346 0.9100077 0.91000001 0.91 0.91 0.91000024 1.235 1.235 1.235 1.235 1.235 1.035 1.035 1.035 1.035 1.035 0.98008818 1.035 1.265 0.75890945 1.064724 0.655 0.655 0.65136234 0.48 
0.325 0.325 0.325 0.325 0.325 0.32497317 -0.094977347 -0.094974285 0.32999946 0.33 0.33 0.33 0.33 0.33 0.33256876 0.465 0.465 0.465 0.465 0.465 0.465 0.955 0.955 0.955 0.955 0.955 0.955 0.955 0.91001242 0.91 0.91 0.91 0.91 0.91 0.99904997 1.235 1.235 1.235 1.235 1.035 1.035 1.035 1.035 1.035 1.035 1.035 1.0332138 0.75 0.75 0.655 0.655 0.48 0.48 
0.325 0.325 0.325 0.325 0.325 0.32443987 -0.094489481 0.28204153 0.33 0.33 0.33 0.33 0.33 0.33 0.33236341 0.465 0.465 0.465 0.465 0.465 0.5347671 0.955 0.955 0.955 0.955 0.955 0.955 0.955 0.91000018 0.91 0.91 0.91 0.91 0.91 0.91 1.0003893 0.63570442 0.43629607 0.40593545 0.9675074 1.035 1.035 1.035 1.035 1.035 1.0344628 0.94499907 0.75 0.75 0.45508069 0.455 0.455 0.47999999 
0.325 0.325 0.325 0.325 0.32499957 0.32149755 -0.055313234 0.32988314 0.33 0.33 0.33 0.33 0.33 0.33 0.33315246 0.465 0.465 0.465 0.465 0.465 0.95499788 0.955 0.955 0.955 0.955 0.955 0.955 0.955 0.91000001 0.91 0.91 0.91 0.91 0.91 0.9099999 0.39 0.39 0.39 0.39 -0.015 -0.015 -0.015 -0.014999999 0.94500026 0.945 0.945 0.945 0.94499864 0.825 0.825 0.455 0.455 0.32851333 
0.325 0.325 0.325 0.32499997 0.32498827 0.31379063 0.3015666 0.32999445 0.33 0.33 0.33 0.33 0.33 0.33 0.33458273 0.46499994 0.465 0.465 0.465 0.4679491 0.955 0.955 0.955 0.955 0.955 0.955 0.955 0.955 0.91000001 0.91 0.91 0.91 0.91 0.91 0.39000048 0.39 0.39 0.39 0.39 -0.015 -0.015 -0.015 -0.015 0.24409987 0.945 0.945 0.945 0.82500134 0.825 0.825 0.275 0.275 0.275 
0.325 0.325 0.32499998 0.32499905 0.32488608 0.30221155 0.32850461 0.32999861 0.33 0.33 0.33 0.33 0.33 0.33000001 0.33652021 0.46499683 0.465 0.465 0.46500056 0.94507182 0.955 0.955 0.955 0.955 0.955 0.955 0.955 0.955 0.91000004 0.91 0.91 0.91 0.91 0.38659011 0.38999994 0.39 0.39 0.39 0.39 -0.015 -0.015 -0.015 -0.015 -0.015 0.945 0.945 0.945 0.825 0.825 0.825 0.275 0.275 0.275 
0.325 0.32499997 0.3249996 0.32498883 0.32442657 0.30886671 0.32974909 0.32999915 0.33 0.33 0.33 0.33 0.33 0.33000025 0.3388237 0.4649507 0.465 0.46500002 0.46753697 0.95495834 0.955 0.955 0.955 0.955 0.955 0.955 0.955 0.95499997 0.91000028 0.91 0.90999949 0.25785721 0.195 0.195 0.195 0.39 0.39 0.39 0.39 -0.015 -0.015 -0.015 -0.015 -0.015 0.94498298 0.945 0.94499994 0.82500001 0.825 0.8249997 0.275 0.275 0.275 
