interpolatedSpi/05-09|22_1.tif
NCOLS 53
NROWS 52
XLLCORNER -116.03883
YLLCORNER 28.596182
DX 0.49850594
DY 0.49788537
NODATA_VALUE -9999
[rows 0 to 39 of 52, columns 0 to 52 of 53]
-0.51 -0.51 -0.77969572 -0.828 -0.576 -0.34 -0.576 -0.7 -0.82288085 -0.578 -0.838 -0.392 -0.42601202 -0.572 -0.46 -0.46 -0.46 0.148 -0.172 -0.172 -0.172 -0.17200214 -0.39399999 0.24 0.24 0.24 -0.18799862 -0.188 -0.188 -0.192 -0.192 -0.192 -0.192 -0.16000001 -0.16 -0.16 -0.16 -0.16 -0.16 -0.15999999 0.24760984 0.25196483 0.114 0.114 0.114 0.114 0.1143136 0.306 0.306 0.306 0.020000594 0.02 0.02
-0.51001511 -0.85 -0.69000016 -0.64830037 -0.47014326 -0.598 -0.756 -0.33637702 -0.504 -0.55 -0.38 -0.426 -0.426 0.01005267 -0.57199196 -0.46 0.148 0.148 -0.17158276 -0.172 -0.172 -0.172 0.23094642 0.24 0.24 0.24 -0.31399996 -0.314 -0.192 -0.192 -0.192 -0.192 -0.192 -0.16 -0.16 -0.16 -0.16 -0.16 -0.15999998 -0.067283658 0.41995585 0.15113044 0.114 0.114 0.114 0.114 0.114 0.306 0.306 0.306 0.28228461 0.02 0.02
-0.60598184 -0.606 -0.832 -0.514 -0.474 -0.594 -0.486 -0.376 -0.918 -0.364 -0.534 -0.318 -0.538 0.27 0.012 -0.216 0.148 0.148 0.148 0.077927324 0.078 0.078 0.068 0.24 0.24 0.24 -0.314 -0.314 -0.314 -0.192 -0.192 -0.192 -0.1611904 -0.15944029 -0.15752411 0.10356252 0.106 0.106 0.14549292 0.42 0.42 0.4196087 0.114 0.114 0.114 0.114 0.114 0.306 0.306 0.306 0.306 0.02 0.02
-0.794 -0.60600003 -0.73799173 -0.032 -0.978 -0.452 -0.512 -0.648 -0.612 -0.317577 -0.42 -0.16 -0.218 0.27 -0.612 -0.216 -0.56332217 -0.56549973 -0.788 0.078 0.078 -0.282 0.068 0.068 0.24 0.23999723 -0.314 -0.314 -0.314 -0.322 -0.21555652 -0.128 -0.128 -0.12799981 0.106 0.106 0.106 0.106 0.42 0.42 0.42 0.41999999 0.114 0.114 0.114 0.114 0.114 0.30599758 0.306 0.306 0.306 0.019998693 0.02
-0.794 -0.11400114 -0.738 -0.38165301 -0.978 -0.844 -0.55000256 0.13 -0.344 0.19199974 -0.15111817 -0.31400201 -0.328 -0.612 -0.612 -0.35253607 -0.566 -0.566 -0.788 -0.788 0.077999238 -0.282 0.538 -0.07 -0.366 -0.36575442 -0.314 -0.314 -0.322 -0.322 -0.128 -0.128 -0.128 -0.052947733 0.106 0.106 0.106 0.42 0.42 0.42 0.42 0.41996023 0.114 0.114 0.114 0.114 0.114 0.11570904 0.306 0.30598538 -0.02 -0.02 -0.02
-1.666 -0.562 -0.76800001 -0.544 -0.664 -0.674 -0.616 -0.52049063 -0.29 -0.8 -0.964 -0.51 -0.50999988 -0.432 -0.432 -0.5659831 -0.566 -0.55 -0.55 -0.78799969 -0.704 -0.704 -0.07 -0.366 -0.366 0.684 0.304 0.304 0.36393729 -0.322 -0.128 -0.128 0.27 0.27005747 0.81996055 0.626 0.626 0.4837308 0.42 0.42 0.0085138526 0.0080000023 0.0080019889 -0.1021164 -0.10597569 -0.10599994 -0.10599999 -0.10599991 0.12526444 -0.02 -0.02 -0.02 -0.02
-1.2320042 -0.48 -0.31260364 -0.462 -0.658 -0.778 -0.288 0.02 -0.03 -0.03 -0.964 -0.538 -0.86999993 -0.432 -0.49599981 -0.496 -0.566 -0.426 -0.436 -0.436 -0.61728726 -0.52 -0.52 0.51399999 0.684 0.684 0.304 0.304 0.36398182 0.36366525 0.40690251 0.27 0.27 0.82 0.82 0.6368928 0.626 0.626 0.49800444 0.0080006822 0.008 0.0080000001 0.0080110963 -0.10599813 -0.106 -0.106 -0.106 -0.10599985 0.144 -0.0199675 -0.02 -0.02 -0.02
-1.232 -0.422 0.148 -0.71 -0.50801158 -0.63 -0.44 -0.11800001 -0.424 -0.246 -0.246 -0.606 -0.87 -0.87 -0.49856599 -0.98598725 -1.034 -0.33 -0.68399975 -0.436 -0.15952556 -0.122 -0.55 0.132 0.13199889 0.046 0.128 0.12800006 0.053093292 0.052000008 0.408 0.2446634 0.562 0.82 0.81378238 0.646 0.646 0.498 0.498 0.008 0.008 0.0080000176 0.23101212 0.22999998 -0.106 -0.106 -0.106 0.14399048 0.144 0.144 -0.02 -0.02 -0.02
-0.4981612 -0.422 0.252 -0.086 -0.316 -0.178 -0.224 0.23 -0.182 -0.28726176 -0.35 -0.542 -0.542 -0.016 -0.016005473 -0.99211706 -0.992 -0.992 -0.38403865 -0.544 -0.564 -0.56399999 0.004 -0.3316777 0.054666529 0.046 0.084 0.128 0.18168621 0.182 0.156 0.778 0.47983712 0.294 0.602 0.702 0.726 0.278 0.9157054 0.011678149 0.832 0.42 0.23004037 0.23 0.22810881 -0.106 0.42399997 0.144 0.144 0.144 0.144 -0.065569722 -0.072
-0.924 -0.924 0.224 -0.076 -0.19 0.114 -0.234 -0.008 -0.346 -0.31402816 -0.238 -0.16 -0.016 -0.016 -0.598 -0.60340389 -0.992 -0.99184471 -0.304 -0.544 -0.544 -0.54657667 0.004 0.267995 0.268 0.268 0.084 0.498 0.498 0.182 0.182 0.7768772 0.186 0.294 0.296 0.702 0.726 0.856 0.916 0.17028486 0.42000002 0.44130568 0.478 0.23 0.23 0.424 0.424 0.424 0.144 0.144 -0.386 -0.386 -0.38599988
-0.924 -0.924 -0.176 -0.236 -0.246 0.036 -0.128 -0.0078379716 0.186 -0.07 -0.19 -0.412 -0.16033527 -0.598 -0.598 -0.59797277 -0.362 -0.35895589 -0.304 -0.514 -0.514 -0.38 -0.38 0.268 0.268 0.268 0.498 0.498 0.498 -0.43 -0.43 -0.42999898 0.016 0.016 -2.220446e-17 -0.28 0.488 0.51200109 0.52 0.158 0.158 0.13600112 0.478 0.23 0.36599971 0.012 0.27862879 0.278 0.312 0.312 -0.386 -0.386 -0.386
-0.924 -0.60099306 -0.20160414 -0.20399674 0.266 0.062 -0.128 -0.008 0.18599838 -0.067163831 -0.41199955 -0.412 -0.3 -0.598 -0.598 -0.36200001 -0.362 -0.3619967 -0.304 -0.514 -0.48768513 -0.38 -0.38 0.26797404 0.268 0.15952254 -0.062 -0.062 -0.06199993 -0.43 -0.43 -0.278 -0.278 0.015999956 -2.220446e-17 0.062000042 0.51237346 0.512 0.512 0.158 0.136 0.136 0.13600172 0.366 0.366 0.012 0.278 0.278 0.312 0.312 -0.386 -0.386 -0.386
0.3 0.10705632 0.13198637 0.12957149 0.26599879 0.062004817 -0.12799999 -0.0094771261 0.17263142 0.17931516 -0.3 -0.3 -0.3 -0.3 -0.59795779 -0.362 -0.362 -0.36125113 -0.304 -0.51391998 -0.242 -0.242 -0.242 -0.242 0.2590952 -0.062 -0.062 -0.062 -0.062 -0.062290447 -0.278 -0.278 -0.278 -0.278 0.062 0.062 0.062 0.49045178 0.50767393 -0.064 -0.064 0.13598924 -0.019986786 0.36596282 0.366 0.012 0.278 0.278 0.312 0.312 -0.38346773 -0.386 -0.29658521
0.3 0.132 0.132 0.132 0.132 0.13199997 -0.1275136 -0.071195284 0.13696524 -0.29948296 -0.3 -0.3 -0.3 -0.3 -0.29999979 -0.362 -0.36199999 -0.3580216 -0.30400061 -0.242 -0.242 -0.242 -0.242 -0.242 -0.24005383 -0.23145442 -0.33599994 -0.336 -0.336 -0.336 -0.278 -0.278 -0.27800014 -0.396 -0.396 0.062 -0.1849367 -0.192 -0.064000074 -0.064 -0.064 -0.064 -0.02 -0.02 -0.02 -0.019777309 0.35543726 0.356 0.356 0.356 0.356 0.1219999 0.122
0.472 0.132 0.132 0.132 0.132 0.132 0.13199998 -0.072011399 0.00061671913 -4.1410307e-10 2.3443566e-17 2.7755576e-17 2.7755576e-17 -2.9128571e-16 -2.9228874e-09 0.20766097 -0.35288574 -0.35405774 -0.24200781 -0.242 -0.242 -0.242 -0.242 -0.24199957 -0.152 -0.152 -0.15200026 -0.336 -0.336 -0.33597998 -0.326 -0.326 -0.396 -0.396 -0.396 -0.22467859 -0.192 -0.192 -0.192 -0.064 -0.064 -0.064 -0.02 -0.02 -0.02 -0.02 0.35599999 0.356 0.356 0.356 0.356 0.122 0.122
0.472 0.34542186 0.132 0.132 0.132 0.132 -0.0039733078 -0.004 -0.0039999999 -2.1263818e-16 2.7755576e-17 2.7755576e-17 2.7755576e-17 2.7755576e-17 0.046768683 0.212 0.212 0.212 0.12288572 0.12399963 0.124 0.124 0.124 0.124 -0.152 -0.152 -0.152 -0.152 -0.336 -0.326 -0.326 -0.326 -0.39599999 -0.396 -0.396 -0.208 -0.19202118 -0.192 -0.192 -0.06404169 -0.14716946 -0.34116912 -0.02 -0.02 -0.24929021 -0.25 -0.25 0.3545623 -0.51494577 -0.51799992 -0.51799983 -0.35392799 0.12199903
0.472 0.067172637 0.093540501 0.132 0.132 -0.0039196447 -0.004 -0.004 -0.004 -0.0039711749 2.7755576e-17 2.7755576e-17 2.7755576e-17 2.5625661e-08 0.212 0.212 0.212 0.212 0.12407861 0.124 0.124 0.124 0.124 0.124 -0.15199999 -0.152 -0.152 -0.152 -0.1526329 -0.326 -0.326 -0.326 -0.068000006 -0.39597296 -0.208 -0.208 -0.208 -0.20885623 -0.33250236 -0.342 -0.342 -0.342 -0.452 -0.452 -0.25 -0.25 -0.25 -0.518 -0.518 -0.518 -0.518 -0.354 -0.354
0.056275277 0.056 0.056 0.055999998 -0.108 -0.0040026827 -0.004 -0.004 -0.004 -0.004 0.039822504 6.8540901e-06 1.5059122e-08 0.212 0.212 0.212 0.212 0.212 0.19752585 0.124 0.124 0.124 0.124 0.124 -0.11274236 -0.28399928 -0.284 -0.284 -0.284 -0.32599999 -0.068000004 -0.068 -0.068 -0.068 -0.208 -0.20800205 -0.286 -0.286 -0.34130076 -0.342 -0.342 -0.342 -0.452 -0.452 -0.28127656 -0.25 -0.25 -0.518 -0.518 -0.518 -0.51624149 -0.354 -0.354
0.056 0.056 0.056 -0.021230046 -0.108 -0.108 -0.004 -0.004 -0.004 -0.004 0.526 0.526 0.526 0.212 0.212 0.212 0.212 0.21198447 0.092 0.092 0.12399999 0.124 0.12093243 -0.0019999999 -0.004538723 -0.284 -0.284 -0.284 -0.284 -0.068021994 -0.068 -0.068 -0.068 -0.068 -0.28599973 -0.286 -0.286 -0.286 -0.28619799 -0.342 -0.342 -0.342 -0.452 -0.452 -0.452 -0.25 -0.25 -0.51799999 -0.518 -0.518 -0.354 -0.354 -0.354
0.056 0.056 0.056 -0.108 -0.108 -0.108 -0.10799984 -0.004 -0.004 0.52545289 0.526 0.526 0.526 0.52580436 0.13591429 0.118 0.118 0.118 0.092 0.092 0.092 -0.002 -0.002 -0.002 -0.0020431399 -0.21686089 -0.284 -0.284 -0.284 -0.16568188 -0.18198879 -0.182 -0.182 -0.182 -0.29333715 -0.30399996 -0.304 -0.304 -0.304 -0.6079636 -0.608 -0.608 -0.452 -0.452 -0.51399974 -0.51399985 -0.088 -0.088 -0.156 -0.156 -0.156 -0.354 0.23946889
0.055999466 0.056 0.055999994 -0.108 -0.108 -0.108 -0.108 -0.027999993 -0.0040959615 0.52551759 0.526 0.526 0.526 0.52519939 0.118 0.118 0.118 0.11799999 0.092 0.092 0.092 -0.002 -0.002 -0.002 -0.156 -0.156 -0.208 -0.208 -0.208 -0.20785816 -0.182 -0.182 -0.182 -0.182 -0.24296653 -0.304 -0.304 -0.304 -0.304 -0.608 -0.608 -0.608 -0.6050424 -0.514 -0.514 -0.514 -0.088 -0.088 -0.156 -0.156 -0.156 0.23999999 0.24
-0.116 -0.03557986 0.066 0.06594952 -0.108 -0.028462877 -0.028 -0.028 -0.15553252 -0.0060000085 -0.006 -0.006 -0.006 0.17399414 0.174 0.11800004 0.118 0.11731494 0.092 0.092 0.092 -0.118 -0.118 -0.118 -0.156 -0.156 -0.208 -0.208 -0.208 -0.20800011 -0.35599889 -0.35599951 -0.18637323 -0.18218654 -0.48964804 -0.49 -0.49 -0.49 -0.49 -0.608 -0.608 -0.608 -0.51917592 -0.514 -0.514 -0.51399998 -0.088 -0.088 -0.088002448 -0.156 -0.15599231 0.016 0.24
-0.16998975 -0.16999996 0.066 0.066 0.066 -0.028 -0.028 -0.028 -0.378 -0.378 -0.006 -0.006 -0.006 0.174 0.174 0.174 0.174 0.17399069 0.092 0.092 0.091999992 -0.118 -0.118 -0.118 -0.156 -0.156 -0.208 -0.208 -0.208 -0.35433129 -0.356 -0.356 -0.356 -0.356 -0.48993388 -0.49 -0.49 -0.49 -0.49 -0.58200001 -0.582 -0.582 -0.582 -0.51399899 -0.382 -0.382 -0.382 -0.126 -0.126 -0.126 0.016 0.016 0.016
-0.17 -0.17 0.066 0.066 0.066 -0.027505919 -0.028 -0.378 -0.378 -0.378 -0.0060457935 -0.006 0.10839746 0.17399999 0.174 0.174 0.174 0.14 0.14 0.14 -0.34199999 -0.34199983 -0.11800109 -0.118 -0.1182822 -0.576 -0.576 -0.57599912 -0.20805947 -0.74592228 -0.74599792 -0.74593191 -0.35666655 -0.35633657 -0.46638717 -0.4900001 -0.49088472 -0.754 -0.754 -0.582 -0.582 -0.582 -0.582 -0.382 -0.382 -0.382 -0.382 -0.126 -0.126 -0.126 0.016 0.016 0.016
-0.17 -0.17 0.066 0.066 0.066 0.066 -0.15899478 -0.378 -0.378 -0.378 -0.37771718 0.134 0.134 0.134 0.17376427 0.174 0.14022657 0.14 0.14 0.14 -0.342 -0.342 -0.342 -0.342 -0.576 -0.576 -0.576 -0.576 -0.576 -0.746 -0.746 -0.746 -0.746 -0.7459997 -0.602 -0.754 -0.754 -0.754 -0.754 -0.75399896 -0.452 -0.452 -0.452 -0.42206205 -0.36 -0.36 -0.36 -0.12600001 -0.1260001 -0.226 -0.226 0.21595134 0.216
-0.17 -0.17 -0.019179428 0.066 0.066 0.066 0.085176621 -0.37653773 -0.378 -0.378 0.13400002 0.134 0.134 0.134 0.134 0.13727956 0.14 0.14 0.14 0.14 -0.34199627 -0.342 -0.342 -0.342 -0.576 -0.576 -0.576 -0.576 -0.576 -0.75930122 -0.746 -0.746 -0.746 -0.602 -0.602 -0.60211803 -0.754 -0.754 -0.6256865 -0.52600002 -0.452 -0.452 -0.452 -0.42286741 -0.36 -0.36 -0.36 -0.63 -0.2310338 -0.226 -0.226 0.216 0.216
-0.06 -0.06 -0.06 0.034408336 0.065957024 0.086 0.086 0.086 0.086 0.242 0.242 0.13400001 0.134 0.134 0.134 0.13400037 0.14 0.14 0.14 0.14 -0.13167084 -0.342 -0.342 -0.33739401 -0.18425684 -0.576 -0.576 -0.576 -0.764 -0.764 -0.764 -0.76399992 -0.602 -0.602 -0.602 -0.602 -0.526 -0.526 -0.526 -0.526 -0.444 -0.444 -0.444 -0.47999928 -0.48 -0.48 -0.47999996 -0.63 -0.63 -0.22649225 -0.226 0.21599815 0.216
-0.06 -0.06 -0.06 -0.05999483 0.036 0.043270822 0.086 0.086 0.086 0.242 0.242 0.242 -0.0039999933 -0.004 -0.004 -0.0039999913 0.14028943 0.14 0.14 0.14 0.13270077 -0.16600048 -0.166 -0.166 -0.166 -0.16600001 -0.418 -0.418 -0.764 -0.764 -0.764 -0.764 -0.60199987 -0.602 -0.602 -0.60198534 -0.526 -0.526 -0.526 -0.52555254 -0.444 -0.444 -0.444 -0.47999833 -0.48 -0.48 -0.48 -0.63 -0.63 -0.62999994 -0.15 -0.15 -0.124
-0.06 -0.06 -0.06 0.035999779 0.036 0.036 0.085999981 0.086 0.086 0.242 0.242 0.242 -0.004 -0.004 -0.004 0.019000184 0.298 0.298 0.29799959 0.14089242 -0.166 -0.166 -0.166 -0.166 -0.166 -0.16618964 -0.418 -0.418 -0.418 -0.764 -0.764 -0.76389187 -0.422 -0.422 -0.422 -0.262 -0.262 -0.424 -0.424 -0.424 -0.118 -0.44389774 -0.44399943 -0.368 -0.368 -0.37224467 -0.47999996 -0.63 -0.63 -0.15 -0.15 -0.15 -0.124
-0.06 -0.06 -0.06 0.036 0.036 0.036 0.036 0.086 0.086 0.242 0.242 0.005836452 -0.004 -0.004 -0.004 0.298 0.298 0.298 0.298 0.298 -0.166 -0.166 -0.166 -0.166 -0.166 -0.41799914 -0.418 -0.418 -0.418 -0.596 -0.596 -0.596 -0.422 -0.422 -0.422 -0.262 -0.262 -0.424 -0.424 -0.118 -0.118 -0.118 -0.368 -0.368 -0.368 -0.368 -0.34697028 -0.112 -0.112 -0.112 -0.14999999 0.236 0.236
-0.06 -0.06 -0.059866316 0.036 0.036 0.036 0.036 -0.0287368 -0.032 -0.031529579 0.24199999 -0.003998659 -0.004 -0.004 -0.0039989553 0.298 0.298 0.298 0.298 0.298 0.59738434 -0.166 -0.166 -0.166 -0.16595016 -0.41797221 -0.418 -0.418 -0.418 -0.596 -0.596 -0.596 -0.59597664 -0.422 -0.262 -0.262 -0.262 -0.26200656 -0.42397913 -0.118 -0.118 -0.118 -0.36798482 -0.368 -0.368 -0.368 -0.11200047 -0.112 -0.112 -0.112 0.236 0.236 0.236
-0.322 -0.32199954 0.035936872 0.036 0.036 0.036 -0.03198553 -0.032 -0.032 -0.032 0.011999999 0.012 0.012 0.012 0.29668 0.298 0.298 0.298 0.298 0.6299998 0.63 0.63 0.07599996 0.076 0.076 0.076 0.033361446 -0.418 -0.80998395 -0.81 -0.81 -0.81 -0.81 -0.122 -0.122 -0.122 -0.122 -0.122 -0.112 -0.112 -0.112 -0.112 -0.112 -0.15631957 -0.156 -0.156 -0.156 -0.112 -0.112 -0.112 0.23594518 0.236 0.236
-0.322 -0.322 -0.31828251 0.12199983 0.12199998 0.12184982 -0.032 -0.032 -0.032 -0.032 0.012 0.012 0.012 0.012 0.012 0.298 0.298 0.298 0.62999992 0.63 0.63 0.63 0.076000002 0.076 0.076 0.076 0.076 0.075894585 -0.80992663 -0.81 -0.81 -0.81 -0.80997053 -0.35102826 -0.12223715 -0.122 -0.122 -0.12200001 -0.112 -0.112 -0.112 -0.112 -0.112 -0.156 -0.156 -0.156 -0.156 -0.13542474 -0.112 -0.1831967 -0.184 -0.266 -0.266
-0.322 -0.322 0.12194376 0.122 0.122 0.122 0.08288465 -0.032 -0.032 -0.032 0.012 0.012 0.012 0.012 0.012 0.29778555 0.298 0.62990266 0.63 0.63 0.63 0.63 0.28123289 0.076 0.076 0.076 0.076 0.075507118 -0.62 -0.62 -0.62 -0.62 -0.62 -0.526 -0.526 -0.526 -0.526 -0.526 -0.49 -0.49 -0.49 -0.49 -0.49 -0.15582908 -0.15599996 -0.156 -0.15598813 -0.15457629 -0.184 -0.184 -0.184 -0.26599954 -0.266
-0.32199868 0.38004088 0.12200004 0.122 0.122 0.122 0.122 -0.031934428 -0.032 -0.032 0.012 0.012 0.012 0.012 0.61627338 0.63 0.63 0.63 0.63 0.63 0.63 0.63 0.62999988 0.076 0.076 0.076 0.076 -0.50200009 -0.50200005 -0.52711327 -0.62 -0.62 -0.62 -0.526 -0.526 -0.526 -0.526 -0.52595259 -0.49 -0.49 -0.49 -0.49 -0.48999724 -0.086 -0.086 -0.086 -0.086 -0.086007904 -0.184 -0.184 -0.184 -0.18400015 -0.42955525
0.394 0.394 0.35647512 0.122 0.122 0.122 0.122 0.122 -0.031933221 0.42799999 0.428 0.428 0.42701275 0.62999911 0.63 0.63 0.63 0.63 0.62999616 0.5971768 0.31 0.31 0.31 0.24824564 0.034861304 -0.18526406 -0.3710432 -0.502 -0.502 -0.502 -0.502 -0.502 -0.5033846 -0.45375532 -0.456 -0.456 -0.456 -0.456 -0.48323725 -0.45400006 -0.454 -0.454 -0.454 -0.23399957 -0.086000039 -0.086 -0.086 -0.172 -0.18399981 -0.184 -0.184 -0.432 -0.432
0.394 0.394 0.48 0.48 0.48 0.12211925 0.122 0.122 0.428 0.428 0.428 0.428 0.428 0.62999999 0.63 0.63 0.63 0.63 0.31 0.31 0.31 0.31 0.31 -0.43799996 -0.438 -0.438 -0.438 -0.502 -0.502 -0.502 -0.502 -0.502 -0.256 -0.256 -0.456 -0.456 -0.456 -0.38801158 -0.388 -0.454 -0.454 -0.454 -0.45399997 -0.234 -0.234 -0.234 -0.172 -0.172 -0.172 -0.062 -0.062 -0.432 -0.432
0.394 0.394 0.48 0.48 0.48 0.48 0.47999943 0.376 0.42795104 0.428 0.428 0.428 0.428 0.62748023 0.63 0.63 0.63 0.63 0.31000001 0.31 0.31 0.31 0.31 -0.438 -0.438 -0.438 -0.438 -0.43800026 -0.502 -0.502 -0.502 -0.2560129 -0.256 -0.256 -0.256 -0.456 -0.388 -0.388 -0.388 -0.38973658 -0.28877034 -0.258 -0.258 -0.234 -0.234 -0.234 -0.172 -0.172 -0.172 -0.062 -0.062 -0.062 -0.31244544
0.266 0.266001 0.48 0.48 0.48 0.48 0.376 0.376 0.376 0.428 0.428 0.428 0.428 0.4280628 0.63 0.63 0.63 0.63 0.31000554 0.31 0.31 0.31 -0.30623142 -0.438 -0.438 -0.438 -0.438 -0.42800001 -0.428 -0.428 -0.50119659 -0.256 -0.256 -0.256 -0.25600003 -0.284 -0.388 -0.388 -0.388 -0.388 -0.258 -0.258 -0.258 -0.218 -0.218 -0.218 -0.33598403 -0.172 -0.172 -0.062000001 -0.062 -0.062 -0.2999995
0.266 0.266 0.48 0.48 0.48 0.376 0.376 0.376 0.376 0.42229346 0.428 0.428 0.428 0.42800082 0.62200092 0.622 0.622 0.622 0.032849463 0.046 0.046 0.046 0.046 -0.438 -0.438 -0.438 -0.43799934 -0.428 -0.428 -0.428 -0.428 -0.25602243 -0.27174919 -0.284 -0.284 -0.284 -0.38852227 -0.52799709 -0.528 -0.528 -0.25816136 -0.46399999 -0.464 -0.218 -0.218 -0.2180005 -0.336 -0.336 -0.29 -0.29 -0.29 -0.086 -0.122
