interpolatedSpi/05-05|23_2.tif
NCOLS 53
NROWS 52
XLLCORNER -116.03883
YLLCORNER 28.596182
DX 0.49850594
DY 0.49788537
NODATA_VALUE -9999
-0.105 -0.105 -1.0560812 -1.76 -1.2 -0.89 -1.165 -0.25 -1.3420118 -0.805 -1.03 -0.83 -1.0350222 -1.305 -1.105 -1.105 -1.105 -0.57 -0.735 -0.735 -0.735 -0.73499282 0.0099999877 -1.225 -1.225 -1.225 -0.84999542 -0.85 -0.85 -0.845 -0.845 -0.845 -0.845 -2.1049997 -2.105 -2.105 -2.105 -2.105 -2.105 -2.105 -0.48247674 -0.46515822 -1.085 -1.085 -1.085 -1.085 -1.0851552 -1.18 -1.18 -1.18 -0.82500074 -0.825 -0.825 
-0.10503599 -0.915 -1.2149991 -1.0770705 -1.6148016 -1.02 -0.535 -0.11491388 -0.335 -1.05 -0.89 -1.035 -1.035 -0.67211739 -1.3049906 -1.105 -0.57 -0.57 -0.73478486 -0.735 -0.735 -0.735 -1.1976287 -1.225 -1.225 -1.225 -0.91000002 -0.91 -0.845 -0.845 -0.845 -0.845 -0.845 -2.1049998 -2.105 -2.105 -2.105 -2.105 -2.105 -1.9932668 -1.415047 -1.1250431 -1.085 -1.085 -1.085 -1.085 -1.085 -1.18 -1.18 -1.18 -1.1505631 -0.825 -0.825 
-0.17002371 -0.17 -0.465 -0.9 -1.09 -0.165 -0.805 0.54 -0.925 -0.955 -0.975 -0.975 -1.83 -0.955 -0.67 -1.18 -0.57 -0.57 -0.57 -0.27013518 -0.27 -0.27 -0.705 -1.225 -1.225 -1.225 -0.91 -0.91 -0.91 -0.845 -0.845 -0.84499998 -0.68132398 -2.1028255 -2.1012303 -1.7037112 -1.7 -1.7 -1.6641545 -1.415 -1.415 -1.414578 -1.085 -1.085 -1.085 -1.085 -1.085 -1.18 -1.18 -1.18 -1.18 -0.825 -0.825 
-0.33 -0.17000019 -1.0951241 -0.865 -1.225 -0.535 -0.43 -0.24 -0.61 -0.98506463 -1.04 -0.68 -0.875 -0.955 -1.585 -1.18 -0.72848118 -0.7248914 -0.76 -0.27 -0.27 -0.98 -0.705 -0.705 -1.225 -1.2249984 -0.91 -0.91 -0.91 -0.335 -0.42827521 -0.505 -0.505 -0.50500094 -1.7 -1.7 -1.7 -1.7 -1.415 -1.415 -1.415 -1.415 -1.085 -1.085 -1.085 -1.085 -1.085 -1.1799988 -1.18 -1.18 -1.18 -0.82498285 -0.825 
-0.33 -0.46000116 -1.095 -1.6931047 -1.225 -1.575 -1.4201116 -2.105 -2.11 -1.4750003 -1.3588425 -1.2999169 -0.72 -1.585 -1.585 -1.3068666 -0.725 -0.725 -0.76 -0.76 -0.27000137 -0.98 -0.73 0.525 -0.39 -0.39003053 -0.91 -0.91 -0.335 -0.335 -0.505 -0.505 -0.505 -0.62002964 -1.7 -1.7 -1.7 -1.415 -1.415 -1.415 -1.415 -1.414834 -1.085 -1.085 -1.085 -1.085 -1.085 -1.0858456 -1.18 -1.1799605 -0.3 -0.3 -0.3 
-0.895 -1.38 -1.635 -1.34 -1.335 -1.385 -1.54 -1.6123362 -1.64 -2.285 -1.96 -1.885 -1.8849992 -1.46 -1.46 -0.2899493 -0.29 -0.42 -0.42 -0.75999919 -0.505 -0.505 0.525 -0.39 -0.39 -0.52 -1.29 -1.29 -0.46998932 -0.335 -0.505 -0.505 -1.115 -1.1149869 -0.99000894 -0.945 -0.945 -1.2695948 -1.415 -1.415 0.30285479 0.305 0.30499985 -0.85906013 -0.85502542 -0.85500006 -0.85500001 -0.85500009 -0.93086784 -0.3 -0.3 -0.3 -0.3 
0.28999734 -0.685 -1.1647605 -2.09 -1.81 -1.635 -1.32 -1.6 -2.175 -2.175 -1.96 -1.185 -1.07 -1.46 -0.080004134 -0.08 -0.29 0.23 0.16 0.16 -0.38718378 -0.255 -0.255 -0.445 -0.52 -0.52 -1.29 -1.29 -0.47006877 -0.47126604 -0.49855986 -1.115 -1.115 -0.99 -0.99 -0.9204912 -0.945 -0.945 -0.94000017 0.30499827 0.305 0.305 0.30499782 -0.8549981 -0.855 -0.855 -0.855 -0.8550001 -1.03 -0.30014467 -0.3 -0.3 -0.3 
0.29 -0.605 -0.23 -2.345 -2.0650161 -1.905 -1.975 -2.105 -1.195 -1.2 -1.2 -1.03 -1.07 -1.07 -0.086792318 -0.043569721 -0.04 0.42 -0.19999963 0.16 -0.0035352836 0.03 -0.325 0.94999999 0.9499851 -0.205 -0.125 -0.12500041 -1.6458651 -1.65 -0.495 -1.2381645 -0.82 -0.99 -0.98058801 -0.9 -0.9 -0.94 -0.94 0.305 0.305 0.305 -0.51216151 -0.51500002 -0.855 -0.855 -0.855 -1.0299933 -1.03 -1.03 -0.3 -0.3 -0.3 
-0.64217031 -0.60499999 0.33 -1.795 -1.89 -2.41 -1.96 -1.205 -1.645 -1.1386271 -1.185 -1.1 -1.1 -0.675 -0.67499723 -0.74303511 -0.745 -0.745 0.32535604 -0.20500003 -0.365 -0.365 -0.325 -0.32499999 -0.088606496 -0.205 -0.475 -0.125 -0.19956417 -0.2 -1.355 -0.88 -0.82207978 -1.18 -0.66 -0.83 -0.915 -1.97 -0.88050332 0.30486609 0.275 -0.175 -0.51484616 -0.515 -0.5169137 -0.855 -1.255 -1.03 -1.03 -1.03 -1.03 -0.13751779 1.15 
-0.85 -0.85 0.4 -0.49 -2.2 -2 -1.29 -1.5 -0.69 -1.0099506 -1.18 -0.475 -0.675 -0.675 -0.38 -0.38500614 -0.745 -0.74489722 -0.305 -0.205 -0.205 -0.22561336 -0.325 -0.31500019 -0.315 -0.315 -0.475 -0.345 -0.345 -0.2 -0.2 -0.87978189 -0.765 -1.18 -0.17 -0.83 -0.915 -1.54 -0.88 0.41368791 -0.17499998 0.047240332 0.43 -0.515 -0.515 -1.255 -1.255 -1.255 -1.03 -1.03 1.005 1.005 1.0050001 
-0.85 -0.85 -0.815 -1.29 -1.74 -0.76 -1.66 -1.0657271 -1.49 -2.035 -0.635 -0.775 -0.47539968 -0.38 -0.38 -0.37997808 -0.19 -0.19603574 -0.305 0.475 0.475 4.5862275e-41 -6.7497821e-15 -0.315 -0.315 -0.315 -0.345 -0.345 -0.345 -0.505 -0.505 -0.50500043 -0.055 -0.055 -0.595 -0.655 0.26 -0.69500332 -0.03 0.435 0.435 -0.31999753 0.43 -0.515 0.27499957 -0.095 0.47750623 0.485 0.91 0.91 1.005 1.005 1.005 
-0.85 -0.83503128 -1.0176994 -2.2049741 -0.92 -1.465 -1.66 -1.065 -1.4899965 -2.0289621 -0.77500164 -0.775 0.07 -0.38 -0.38 -0.19000001 -0.19 -0.19000655 -0.305 0.475 0.38171966 2.0944524e-37 2.2959796e-11 -0.31498723 -0.315 -0.15392741 0.175 0.175 0.17499993 -0.505 -0.505 -0.01 -0.01 -0.055001481 -0.595 -0.15500013 0.04432374 -0.695 -0.695 0.43499998 -0.32 -0.32 -0.31999558 0.275 0.275 -0.095 0.485 0.485 0.91 0.91 1.005 1.005 1.005 
-0.09 -0.81568767 -0.81001763 -0.82008926 -0.920003 -1.4649871 -1.66 -1.0723241 -1.4607132 -1.5042314 0.07 0.07 0.07 0.07 -0.37993625 -0.19 -0.19 -0.19148483 -0.305 0.47488367 0.09 0.09 0.09 0.09 -0.3077357 0.175 0.175 0.175 0.175 0.17447473 -0.01 -0.01 -0.01 -0.0099999999 -0.155 -0.155 -0.155 -0.66941792 -0.68891646 0.115 0.115 -0.3199766 -0.089987505 0.27496484 0.275 -0.095 0.485 0.485 0.91 0.91 1.0046554 1.005 0.39654954 
-0.09 -0.81 -0.81 -0.81 -0.81 -0.81000027 -1.6595007 -1.3785233 -1.3825787 0.068306404 0.07 0.07 0.07 0.07 0.07000008 -0.19 -0.19000002 -0.19788822 -0.30499711 0.09 0.09 0.09 0.09 0.09 0.073895817 -0.17722859 -0.2899999 -0.29 -0.29 -0.29 -0.010000001 -0.01 -0.0099994646 0.435 0.435 -0.155 0.45748079 0.475 0.11500021 0.115 0.115 0.115 -0.09 -0.09 -0.09 -0.090034795 0.48487954 0.485 0.485 0.485 0.48500001 0.85500003 0.855 
-0.685 -0.81 -0.81 -0.81 -0.81 -0.81 -0.81000005 -1.1289097 0.18173643 0.19 0.19 0.19 0.19 0.19 0.19 -0.69670973 -0.19834172 -0.20574742 0.089950374 0.09 0.09 0.09 0.09 0.089999232 -0.655 -0.655 -0.65499949 -0.29 -0.29 -0.2895094 -0.045 -0.045 0.435 0.435 0.435 0.46859245 0.475 0.475 0.475 0.115 0.115 0.115 -0.09 -0.09 -0.09 -0.09 0.485 0.485 0.485 0.485 0.485 0.855 0.855 
-0.685 -0.73153608 -0.81 -0.81 -0.81 -0.81 -0.15012954 -0.15 -0.14999999 0.19 0.19 0.19 0.19 0.19 -0.0096493317 -0.715 -0.715 -0.715 -0.56799061 -0.56999933 -0.57 -0.57 -0.57 -0.57 -0.655 -0.655 -0.655 -0.655 -0.29 -0.045 -0.045 -0.045 0.43499996 0.435 0.435 0.51 0.47504634 0.475 0.475 0.11491777 -0.049543888 -0.43335617 -0.09 -0.09 0.33867299 0.34 0.34 0.48510594 0.54977285 0.54999999 0.54999999 1.0599688 0.85500042 
-0.685 0.069185814 -0.35455857 -0.81 -0.81 -0.15038996 -0.15 -0.15 -0.15 -0.14754986 0.19 0.19 0.19 0.18999989 -0.715 -0.715 -0.715 -0.715 -0.57012953 -0.57 -0.57 -0.57 -0.57 -0.57 -0.655 -0.655 -0.655 -0.655 -0.65278122 -0.045 -0.045 -0.045 -1.0899223e-09 0.43499713 0.51 0.51 0.51 0.50625992 -0.37737254 -0.435 -0.435 -0.435 0.03 0.03 0.34 0.34 0.34 0.55 0.55 0.55 0.55 1.06 1.06 
0.089662999 0.09 0.09 0.090000003 0.42 -0.1499853 -0.15 -0.15 -0.15 -0.15 0.12640499 0.18998905 0.18999998 -0.715 -0.715 -0.715 -0.715 -0.715 -0.70300149 -0.57 -0.57 -0.57 -0.57 -0.57 -0.48003859 -0.27000209 -0.27 -0.27 -0.27 -0.044999998 -7.7008598e-10 -8.1436544e-51 -2.9126059e-46 3.8197443e-15 0.51 0.50999105 0.17 0.17 -0.42744567 -0.435 -0.435 -0.435 0.03 0.03 0.29200133 0.34 0.34 0.55 0.55 0.55 0.55546853 1.06 1.06 
0.09 0.09 0.09 0.24540192 0.42 0.42 -0.15 -0.15 -0.15 -0.15 -0.65 -0.65 -0.65 -0.715 -0.715 -0.715 -0.715 -0.71501322 -0.705 -0.705 -0.57000005 -0.57 -0.57024346 -0.58 -0.5772092 -0.27 -0.27 -0.27 -0.27 -2.7492646e-05 -1.2569165e-26 -1.1547096e-58 -4.4190649e-38 -3.4983876e-15 0.1700012 0.17 0.17 0.17 0.16780977 -0.435 -0.435 -0.435 0.03 0.03 0.03 0.34 0.34 0.54999999 0.55 0.55 1.06 1.06 1.06 
0.09 0.09 0.09 0.42 0.42 0.42 0.41999913 -0.15 -0.15 -0.64948386 -0.65 -0.65 -0.65 -0.6500405 -0.77975379 -0.795 -0.795 -0.795 -0.705 -0.705 -0.705 -0.58 -0.58 -0.58 -0.57983612 -0.12575581 -0.27 -0.27 -0.27 -0.42091944 -0.50994984 -0.51 -0.51 -0.51 -0.28141938 -0.91499754 -0.915 -0.915 -0.915 -0.12504242 -0.125 -0.125 0.03 0.03 0.20499927 0.20500003 0.28 0.28 0.395 0.395 0.395 1.06 0.380608 
0.090000869 0.09 0.090000012 0.42 0.42 0.42 0.42 0.064999937 -0.14914035 -0.64957835 -0.65 -0.65 -0.65 -0.65028453 -0.795 -0.795 -0.795 -0.79499997 -0.705 -0.705 -0.705 -0.58 -0.58 -0.58 0.005 0.005 0.049999999 0.05 0.05 0.046945024 -0.51 -0.51 -0.51 -0.51 -0.7123889 -0.915 -0.915 -0.915 -0.915 -0.125 -0.125 -0.125 -0.11461694 0.205 0.205 0.205 0.28 0.28 0.395 0.395 0.395 0.38 0.38 
0.37 0.2337186 -0.155 -0.15483318 0.42 0.067054018 0.065 0.065 0.17795737 -0.18499999 -0.185 -0.185 -0.185 -0.095002931 -0.095000003 -0.79499946 -0.795 -0.79262863 -0.705 -0.705 -0.705 -0.41 -0.41 -0.41 0.005 0.005 0.05 0.05 0.05 0.049999379 -0.80499813 -0.80499917 -0.51741438 -0.51031626 -1.503862 -1.505 -1.505 -1.505 -1.505 -0.125 -0.125 -0.125 0.18682873 0.205 0.205 0.20499986 0.28 0.28 0.28000414 0.395 0.39496132 -0.47 0.38 
0.4099924 0.4099999 -0.155 -0.155 -0.155 0.065 0.065 0.065 0.375 0.375 -0.185 -0.185 -0.185 -0.095 -0.095 -0.095 -0.095 -0.095070359 -0.705 -0.705 -0.70499999 -0.41 -0.41 -0.41 0.005 0.005 0.05 0.05 0.05 -0.79535981 -0.805 -0.805 -0.805 -0.805 -1.5046546 -1.505 -1.505 -1.505 -1.505 -0.78499983 -0.785 -0.785 -0.785 0.2049939 -0.59 -0.59 -0.59 -1.095 -1.095 -1.095 -0.47 -0.47 -0.47 
0.41 0.41 -0.155 -0.155 -0.155 0.063843641 0.065 0.375 0.375 0.375 -0.18493106 -0.185 0.088736782 -0.094999944 -0.095 -0.095 -0.095 -0.13 -0.13 -0.13 -0.5 -0.49999993 -0.41000044 -0.41 -0.4098153 -0.295 -0.295 -0.29499918 0.049944246 -1.0549502 -1.0549987 -1.0549564 -0.80542728 -0.80521575 -1.3804901 -1.505 -1.5051173 -1.54 -1.54 -0.785 -0.785 -0.785 -0.785 -0.59 -0.59 -0.59 -0.59 -1.095 -1.095 -1.095 -0.47 -0.47 -0.47 
0.41 0.41 -0.155 -0.155 -0.155 -0.155 0.18102394 0.375 0.375 0.375 0.37487571 0.15 0.15 0.15 -0.093556159 -0.095 -0.12976677 -0.13 -0.13 -0.13 -0.5 -0.5 -0.5 -0.5 -0.295 -0.295 -0.295 -0.295 -0.295 -1.055 -1.055 -1.055 -1.055 -1.0550006 -1.335 -1.54 -1.54 -1.54 -1.54 -1.5399981 -1.06 -1.06 -1.06 -1.0323374 -0.975 -0.975 -0.975 -1.095 -1.0950004 -1.46 -1.46 -0.7449331 -0.745 
0.41 0.41 0.048925326 -0.155 -0.155 -0.15499999 0.18034603 0.37438547 0.375 0.375 0.15000008 0.15 0.15 0.15 0.15 0.12987649 -0.13 -0.13 -0.13 -0.13 -0.49999714 -0.5 -0.5 -0.5 -0.295 -0.295 -0.295 -0.295 -0.295 -0.54512007 -1.055 -1.055 -1.055 -1.335 -1.335 -1.3351592 -1.54 -1.54 -1.6356723 -1.71 -1.06 -1.06 -1.06 -1.033858 -0.975 -0.975 -0.975 -1.33 -1.4583802 -1.46 -1.46 -0.745 -0.745 
-0.015 -0.015 -0.015 -0.11989815 -0.15463783 0.18 0.18 0.18 0.18 0.525 0.525 0.15000003 0.15 0.15 0.15 0.14998223 -0.13 -0.13 -0.13 -0.13 -0.338544 -0.5 -0.5 -0.4844286 0.077633733 -0.295 -0.295 -0.295 -0.365 -0.365 -0.365 -0.3650029 -1.335 -1.335 -1.335 -1.335 -1.71 -1.71 -1.71 -1.71 -0.855 -0.855 -0.855 -1.304991 -1.305 -1.305 -1.3049999 -1.33 -1.33 -1.4598416 -1.46 -0.74500151 -0.745 
-0.015 -0.015 -0.015 -0.014994346 0.09 0.10308748 0.18 0.18 0.18 0.525 0.525 0.525 -0.43999997 -0.44 -0.44 -0.43999998 -0.12947793 -0.13 -0.13 -0.13 -0.13557803 0.094998367 0.095 0.095 0.095 0.094999984 -0.33 -0.33 -0.365 -0.365 -0.365 -0.365 -1.335 -1.335 -1.335 -1.3350029 -1.71 -1.71 -1.71 -1.7091884 -0.855 -0.855 -0.855 -1.3049791 -1.305 -1.305 -1.305 -1.33 -1.33 -1.33 -1.045 -1.045 -1.035 
-0.015 -0.015 -0.015 0.089999758 0.09 0.09 0.17999997 0.18 0.18 0.525 0.525 0.525 -0.44 -0.44 -0.44 -0.39468507 0.155 0.155 0.15499926 -0.12839024 0.095 0.095 0.095 0.095 0.095 0.094680165 -0.33 -0.33 -0.33 -0.365 -0.365 -0.36518022 -1.37 -1.37 -1.37 -1.52 -1.52 -1.525 -1.525 -1.525 -0.665 -0.8549404 -0.85500455 -1.465 -1.465 -1.4589362 -1.3050005 -1.33 -1.33 -1.045 -1.045 -1.045 -1.035 
-0.015 -0.015 -0.015 0.09 0.09 0.09 0.09 0.18 0.18 0.525 0.525 -0.40141392 -0.44 -0.44 -0.44 0.155 0.155 0.155 0.155 0.155 0.095 0.095 0.095 0.095 0.095 -0.32999855 -0.33 -0.33 -0.33 -0.645 -0.645 -0.645 -1.37 -1.37 -1.37 -1.52 -1.52 -1.525 -1.525 -0.665 -0.665 -0.665 -1.465 -1.465 -1.465 -1.465 -1.4699288 -1.525 -1.525 -1.525 -1.045 -0.725 -0.725 
-0.015 -0.015 -0.014853783 0.09 0.09 0.09 0.09 0.16140088 0.165 0.16561807 0.52499998 -0.43995644 -0.44 -0.44 -0.43999794 0.155 0.155 0.155 0.155 0.155 -0.01048423 0.095 0.095 0.095 0.095051492 -0.32996202 -0.33 -0.33 -0.33 -0.645 -0.645 -0.645 -0.64510641 -1.37 -1.52 -1.52 -1.52 -1.5200003 -1.5249413 -0.665 -0.665 -0.665 -1.4649514 -1.465 -1.465 -1.465 -1.5250041 -1.525 -1.525 -1.525 -0.725 -0.725 -0.725 
-0.03 -0.029999974 0.089940541 0.09 0.09 0.09 0.16498404 0.165 0.165 0.165 0.080000002 0.08 0.08 0.08 0.15465376 0.155 0.155 0.155 0.155 -0.014999899 -0.015 -0.015 0.34499996 0.345 0.345 0.345 0.28673882 -0.33 -0.85997829 -0.86 -0.86 -0.86 -0.86 -1.625 -1.625 -1.625 -1.625 -1.625 -1.13 -1.13 -1.13 -1.13 -1.13 -1.929299 -1.93 -1.93 -1.93 -1.525 -1.525 -1.525 -0.72512603 -0.725 -0.725 
-0.03 -0.03 -0.027446358 0.27499963 0.27499996 0.27489264 0.165 0.165 0.165 0.165 0.08 0.08 0.08 0.08 0.08 0.155 0.155 0.155 -0.014999957 -0.015 -0.015 -0.015 0.345 0.345 0.345 0.345 0.345 0.34485598 -0.85961577 -0.86 -0.86 -0.86 -0.85984565 -1.5087852 -1.6248797 -1.625 -1.625 -1.625 -1.13 -1.13 -1.13 -1.13 -1.13 -1.93 -1.93 -1.93 -1.93 -1.7406141 -1.525 -0.40266312 -0.39 -0.145 -0.145 
-0.03 -0.03 0.27496137 0.275 0.275 0.275 0.24706046 0.165 0.165 0.165 0.08 0.08 0.08 0.08 0.08 0.15494229 0.155 -0.014950157 -0.015 -0.015 -0.015 -0.015 0.21163567 0.345 0.345 0.345 0.345 0.34485127 0.135 0.135 0.135 0.135 0.135 -1.42 -1.42 -1.42 -1.42 -1.42 -1.68 -1.68 -1.68 -1.68 -1.68 -1.926838 -1.9299993 -1.93 -1.9297805 -1.903365 -0.39 -0.39 -0.39 -0.14500137 -0.145 
-0.030000184 -0.1280504 0.27499994 0.275 0.275 0.275 0.275 0.16504684 0.165 0.165 0.08 0.08 0.08 0.08 0.08 0.08 0.08 -0.014997555 -0.015 -0.015 -0.015 -0.015 -0.014999962 0.345 0.345 0.345 0.345 0.12000002 0.12000001 0.12319236 0.135 0.135 0.135 -1.42 -1.42 -1.42 -1.42 -1.4193363 -1.68 -1.68 -1.68 -1.68 -1.6799376 -0.635 -0.635 -0.635 -0.635 -0.63498024 -0.39 -0.39 -0.39 -0.38999987 -0.17948454 
-0.13 -0.13 -0.037376948 0.275 0.275 0.275 0.275 0.275 0.16504699 0.2 0.2 0.2 0.19971522 0.08 0.08 0.08 0.08 0.08 -0.01499934 -0.0093585126 0.04 0.04 0.04 0.11621251 0.31938836 0.18234533 0.066762208 0.12 0.12 0.12 0.12 0.12 0.11365798 -0.44033678 -0.44 -0.44 -0.44 -0.44 -1.5268989 -0.86500146 -0.865 -0.865 -0.865 -0.45000054 -0.63499995 -0.635 -0.635 -0.06 -0.38999471 -0.39 -0.39 -0.18 -0.18 
-0.13 -0.13 -0.010000001 -0.01 -0.01 0.27490506 0.275 0.275 0.2 0.2 0.2 0.2 0.2 0.080000005 0.08 0.08 0.08 0.08 0.04 0.04 0.04 0.04 0.04 0.025000001 0.025 0.025 0.025 0.12 0.12 0.12 0.12 0.12 -0.47 -0.47 -0.44 -0.44 -0.44 0.09490889 0.095 -0.865 -0.865 -0.865 -0.86499993 -0.45 -0.45 -0.45 -0.06 -0.06 -0.06 -0.03 -0.03 -0.18 -0.18 
-0.13 -0.13 -0.01 -0.01 -0.01 -0.01 -0.0099965694 0.615 0.20039074 0.2 0.2 0.2 0.2 0.081496891 0.08 0.08 0.08 0.08 0.040000001 0.04 0.04 0.04 0.04 0.025 0.025 0.025 0.025 0.025000391 0.12 0.12 0.12 -0.46996907 -0.47 -0.47 -0.47 -0.44 0.094999994 0.095 0.095 0.069740601 -0.48564619 -0.415 -0.415 -0.45 -0.45 -0.45 -0.06 -0.06 -0.06 -0.03 -0.03 -0.03 0.14152931 
-0.065 -0.06500051 -0.01 -0.01 -0.01 -0.01 0.615 0.615 0.615 0.2 0.2 0.2 0.2 0.1999627 0.08 0.08 0.08 0.08 0.040000568 0.04 0.04 0.039999995 0.027634011 0.025 0.025 0.025 0.025 0.10999993 0.11 0.11 0.11987063 -0.47 -0.47 -0.47 -0.4700002 -0.68 0.095 0.095 0.095 0.094999996 -0.415 -0.415 -0.415 0.145 0.145 0.145 0.66492939 -0.06 -0.06 -0.029999997 -0.03 -0.03 0.17500081 
-0.065 -0.065 -0.01 -0.01 -0.01 0.615 0.615 0.615 0.615 0.24549766 0.2 0.2 0.2 0.19999926 -0.014989067 -0.015 -0.015 -0.015 -0.11207489 -0.315 -0.315 -0.315 -0.315 0.025 0.025 0.025 0.025005607 0.11 0.11 0.11 0.11 -0.469951 -0.58811893 -0.68 -0.68 -0.68 0.093317549 -0.35499063 -0.355 -0.355 -0.41463577 0.049999986 0.05 0.145 0.145 0.1450022 0.665 0.665 0.535 0.535 0.535 0.57 0.465 
-0.065 -0.065 0.025 0.025 0.025 0.615 0.615 0.615 0.615 0.425 0.425 0.425 0.425 0.39399217 -0.015 -0.015 -0.015 -0.015 -0.105 -0.315 -0.315 -0.315 -0.315 -0.73 -0.7299997 0.024998885 0.11 0.11 0.11 0.11 0.041652842 -0.025 -0.60206398 -0.68 -0.68 -0.68 -0.355 -0.355 -0.355 -0.355 0.05 0.05 0.05 0.44487544 0.445 0.66401112 0.665 0.665 0.53500084 0.535 0.57 0.57 0.465 
-0.065 0.025 0.025 0.025 0.025 0.025 0.60925546 -0.125 -0.125 0.425 0.425 0.425 0.425 0.4248958 -0.015 -0.015 -0.015 -0.019066486 -0.105 -0.105 -0.315 -0.315 -0.73 -0.73 -0.73 -0.73 0.11 0.11 0.11 0.11 -0.025 -0.025 -0.025 -0.67933719 -0.68 -0.68 -0.355 -0.355 -0.355 -0.355 0.05 0.05 0.05 0.445 0.445 0.44502238 0.84 0.84 0.705 0.705 0.57 0.57 0.465 
0.024154788 0.025 0.025 0.025 0.025 0.025 -0.125 -0.125 -0.125 0.16938299 0.425 0.425 0.425 0.42498663 -0.015 -0.015 -0.015 -0.105 -0.105 -0.105 -0.31498951 -0.31500254 -0.73 -0.73 -0.73 -0.73 0.10994029 0.11 0.11 -0.024968954 -0.025 -0.025 -0.025 -0.025 -0.67754142 -0.07 -0.07 -0.07493242 -0.355 -0.355 0.049999642 0.05 0.43351529 0.445 0.445 0.83999986 0.84 0.84 0.705 0.705 0.005 0.005 -0.19 
0.025 0.025 0.025 0.025 0.025 0.025 -0.125 -0.125 -0.125 -0.125 -0.16998286 -0.17 -0.17 -0.17 -0.015000705 -0.13999693 -0.21 -0.21 -0.10519357 -0.105 -0.10500004 -0.7299994 -0.73 -0.73 -0.73 -0.73 -0.72938927 0.11 0.10999539 -0.025 -0.025 -0.025 -0.025 -0.025 -0.07 -0.07 -0.07 -0.07 -0.07 -0.069999395 0.63 0.63 0.6300001 0.915 0.915 0.915 0.425 0.425 0.035 0.035 0.005 0.0049995755 -0.19 
0.025 0.025 0.025 0.025 0.025 0.025 -0.125 -0.125 -0.125 -0.17 -0.17 -0.17 -0.17 -0.17 -0.1805439 -0.21 -0.21 -0.21 -0.21 -0.21 -0.2049866 -0.73 -0.73 -0.73 -0.73 -0.71932366 -0.39053278 0.041915263 -0.02433425 -0.025 -0.025 -0.025 -0.025 -0.025000099 -0.07 -0.07 -0.07 -0.07 -0.07 0.25563837 0.63 0.63 0.63 0.915 0.915 0.915 0.425 0.425 0.035 0.035 -0.21999999 -0.19165484 -0.19 
0.025 0.025 0.025 0.025 0.025 0.024999955 -0.12499997 -0.125 -0.12686775 -0.17 -0.17 -0.17 -0.17 -0.17 -0.17191865 -0.21 -0.21 -0.21 -0.21 -0.21 -0.21 -0.44141515 -0.39000048 -0.39 -0.39 -0.39 -0.39 -0.39 -0.13345287 -0.12999876 -0.13 -0.13 -0.13 -0.12999996 -0.07 -0.07 -0.07 -0.07 -0.07 0.62999992 0.63 0.63 0.63 0.63000013 0.91393386 0.25 0.42499998 -0.14005256 0.034837902 -0.22 -0.22 -0.21366007 0.085 
0.025 0.025 0.025 0.025 0.025 0.024990418 -0.12499191 -0.12500272 -0.16999994 -0.17 -0.17 -0.17 -0.17 -0.17 -0.17076111 -0.21 -0.21 -0.21 -0.21 -0.21 -0.21 -0.39 -0.39 -0.39 -0.39 -0.39 -0.39 -0.39 -0.13007177 -0.13 -0.13 -0.13 -0.13 -0.13 -0.11356001 -0.07 -0.07 -0.07 -0.07 0.63 0.63 0.63 0.63 0.62990265 0.25 0.25 0.24749299 -0.15 -0.15 -0.22 -0.22 0.085 0.085 
0.025 0.025 0.025 0.025 0.024999999 0.024799955 -0.12482321 -0.16492204 -0.17 -0.17 -0.17 -0.17 -0.17 -0.17 -0.17070027 -0.21 -0.21 -0.21 -0.21 -0.21 -0.23562873 -0.39 -0.39 -0.39 -0.39 -0.39 -0.39 -0.39 -0.13000104 -0.13 -0.13 -0.13 -0.13 -0.13 -0.13 0.29231244 0.85553932 1.1635013 1.2103584 0.63867762 0.63 0.63 0.63 0.25003034 0.25 0.25179076 0.54999665 -0.15 -0.15 -0.30489968 -0.305 -0.305 0.084999829 
0.025 0.025 0.025 0.025 0.024999848 0.023749038 -0.12783968 -0.16998763 -0.17 -0.17 -0.17 -0.17 -0.17 -0.17 -0.17093406 -0.21 -0.21 -0.21 -0.21 -0.21 -0.38999922 -0.39 -0.39 -0.39 -0.39 -0.39 -0.39 -0.39 -0.13000007 -0.13 -0.13 -0.13 -0.13 -0.13 -0.12999973 1.235 1.235 1.235 1.235 0.765 0.765 0.765 0.765 0.54999913 0.55 0.55 0.55 0.5499955 0.155 0.155 -0.305 -0.305 -0.48553736 
0.025 0.025 0.025 0.024999988 0.024995811 0.020907289 -0.16665454 -0.16999941 -0.17 -0.17 -0.17 -0.17 -0.17 -0.17 -0.17135785 -0.20999998 -0.21 -0.21 -0.21 -0.21108334 -0.39 -0.39 -0.39 -0.39 -0.39 -0.39 -0.39 -0.39 -0.13000006 -0.13 -0.13 -0.13 -0.13 -0.13 1.2349987 1.235 1.235 1.235 1.235 0.765 0.765 0.765 0.765 0.70697242 0.55 0.55 0.55 0.15500442 0.155 0.155 -0.57 -0.57 -0.57 
0.025 0.025 0.024999993 0.02499966 0.024958832 0.0076332766 -0.16980196 -0.16999985 -0.17 -0.17 -0.17 -0.17 -0.17 -0.17 -0.17193191 -0.20999906 -0.21 -0.21 -0.21000021 -0.38635291 -0.39 -0.39 -0.39 -0.39 -0.39 -0.39 -0.39 -0.39 -0.13000024 -0.13 -0.13 -0.13 -0.13 0.74479023 1.2349999 1.235 1.235 1.235 1.235 0.765 0.765 0.765 0.765 0.765 0.55 0.55 0.55 0.155 0.155 0.155 -0.57 -0.57 -0.57 
0.024999999 0.02499999 0.024999858 0.024995972 0.02474161 -0.086447443 -0.16996162 -0.16999991 -0.17 -0.17 -0.17 -0.17 -0.17 -0.17000008 -0.17261443 -0.20998539 -0.21 -0.21000001 -0.21093195 -0.38998469 -0.39 -0.39 -0.39 -0.39 -0.39 -0.39 -0.39 -0.38999985 -0.13000163 -0.13 -0.12999915 0.95994495 1.065 1.065 1.065 1.235 1.235 1.235 1.235 0.765 0.765 0.765 0.765 0.765 0.55000381 0.55 0.54999981 0.15500003 0.155 0.15499961 -0.57 -0.57 -0.57 
