interpolatedSpi/05-07|23_1.tif
NCOLS 53
NROWS 52
XLLCORNER -116.03883
YLLCORNER 28.596182
DX 0.49850594
DY 0.49788537
NODATA_VALUE -9999
[rows 0 to 37 of 52, columns 0 to 52 of 53]
0.4625 0.4625 0.43111752 0.225 0.3025 0.505 0.365 0.505 -0.32823458 -0.3075 -0.4175 -0.1625 -0.51500185 -0.5375 -0.61 -0.61 -0.61 -0.7625 -0.335 -0.335 -0.335 -0.33499535 0.14749999 -0.5925 -0.5925 -0.5925 -0.31500037 -0.315 -0.315 -0.795 -0.795 -0.795 -0.795 -1.2974999 -1.2975 -1.2975 -1.2975 -1.2975 -1.2975 -1.2975 -0.16470118 -0.15250595 -0.175 -0.175 -0.175 -0.175 -0.17573092 -0.6225 -0.6225 -0.6225 -0.3325006 -0.3325 -0.3325
0.46248556 0.1375 0.38999999 0.36674444 0.19002617 0.1125 0.4025 0.19272966 -0.1425 -0.4525 -0.3325 -0.515 -0.515 -0.32820024 -0.5374981 -0.61 -0.7625 -0.7625 -0.3355574 -0.335 -0.335 -0.335 -0.6069752 -0.5925 -0.5925 -0.5925 -0.19000003 -0.19 -0.795 -0.795 -0.795 -0.795 -0.795 -1.2974999 -1.2975 -1.2975 -1.2975 -1.2975 -1.2975 -1.1108155 -0.097611117 -0.1655967 -0.175 -0.175 -0.175 -0.175 -0.175 -0.6225 -0.6225 -0.6225 -0.59845292 -0.3325 -0.3325
0.4974978 0.4975 0.3775 -0.06 0.1375 0.8475 0.2725 0.6375 -0.295 -0.6875 -0.4875 -0.4075 -0.7875 -1.035 -0.3275 -0.67 -0.7625 -0.7625 -0.7625 -0.077574856 -0.0775 -0.0775 -0.8675 -0.5925 -0.5925 -0.5925 -0.19 -0.19 -0.19 -0.795 -0.795 -0.79499999 -0.66863248 -1.2963827 -1.2953359 -1.0671305 -1.065 -1.065 -0.943314 -0.097500007 -0.0975 -0.097599105 -0.175 -0.175 -0.175 -0.175 -0.175 -0.6225 -0.6225 -0.6225 -0.6225 -0.3325 -0.3325
0.4925 0.49749989 -0.065110294 -0.06 -0.385 0.005 0.0675 -0.1925 0.285 -0.32373161 -0.2625 -0.465 -0.5975 -1.035 -0.5125 -0.67 -0.62038255 -0.62009984 -0.5375 -0.0775 -0.0775 -0.6375 -0.8675 -0.8675 -0.5925 -0.59249799 -0.19 -0.19 -0.19 -0.535 -0.53362831 -0.5325 -0.5325 -0.53250042 -1.065 -1.065 -1.065 -1.065 -0.0975 -0.0975 -0.0975 -0.097500003 -0.175 -0.175 -0.175 -0.175 -0.175 -0.62249435 -0.6225 -0.6225 -0.6225 -0.33252932 -0.3325
0.4925 0.13249964 -0.065 -0.45023217 -0.385 -0.7 -0.60004328 -0.7625 -1.1225 -0.37000033 -0.41732821 -0.43243017 0.055 -0.5125 -0.5125 -0.6170974 -0.62 -0.62 -0.5375 -0.5375 -0.077501104 -0.6375 -0.425 0.07 -0.335 -0.33498476 -0.19 -0.19 -0.535 -0.535 -0.5325 -0.5325 -0.5325 -0.56927175 -1.065 -1.065 -1.065 -0.0975 -0.0975 -0.0975 -0.0975 -0.097541749 -0.17500001 -0.175 -0.175 -0.175 -0.175 -0.1789833 -0.6225 -0.62252724 -1.23 -1.23 -1.23
-0.415 -0.3375 -0.49499999 -0.365 -0.415 -1.015 -0.945 -0.92163477 -0.5025 -1.1625 -1.405 -0.7525 -0.75249947 -1.205 -1.205 -0.56496922 -0.565 -1.1125 -1.1125 -0.53750007 -0.5025 -0.5025 0.07 -0.335 -0.335 -0.27 -0.895 -0.895 -0.42001146 -0.535 -0.5325 -0.5325 -0.7275 -0.72748825 -0.61500796 -0.22 -0.22 -0.13539817 -0.0975 -0.0975 -0.52946058 -0.53 -0.52999907 -0.5532037 -0.55995745 -0.5599999 -0.55999999 -0.55999986 -1.1167215 -1.23 -1.23 -1.23 -1.23
0.32000675 -0.2375 -0.11075948 -0.8725 -0.905 -1.1675 -0.625 -0.92 -1.41 -1.41 -1.405 -1.2625 -1.2074999 -1.205 -0.4375023 -0.4375 -0.565 -0.4175 -0.6175 -0.6175 -0.31163772 -0.0975 -0.0975 -0.28 -0.27 -0.27 -0.895 -0.895 -0.42004444 -0.4208181 -0.35755087 -0.7275 -0.7275 -0.615 -0.615 -0.50593602 -0.22 -0.22 -0.56748796 -0.53000005 -0.53 -0.53 -0.5299951 -0.56000011 -0.56 -0.56 -0.56 -0.56000033 -1.115 -1.2299772 -1.23 -1.23 -1.23
0.32 -0.4375 -0.0175 -1.38 -1.0400195 -1.145 -1.5975 -1.5825 -1.26 -1.225 -1.225 -0.6175 -1.2075 -1.2075 -0.44278291 -0.64469721 -0.665 -0.3875 -0.80749981 -0.6175 -0.30945393 -0.26 -0.205 0.084999999 0.084991358 -0.585 -0.7275 -0.72750006 -1.1798281 -1.1825 -0.355 -0.7166104 -0.615 -0.615 -0.61450088 -0.745 -0.745 -0.5675 -0.5675 -0.53 -0.53 -0.52999999 -0.57791255 -0.58 -0.56 -0.56 -0.56 -1.1149789 -1.115 -1.115 -1.23 -1.23 -1.23
-0.52473644 -0.4375 -0.01 -0.97 -0.775 -1.5 -1.0725 -0.8275 -1.4125 -0.93603103 -0.3675 -0.7825 -0.7825 -0.4675 -0.46750221 -0.19132386 -0.19 -0.19 -0.45161364 -0.52250007 -0.8425 -0.84249999 -0.42 -0.28972796 -0.51748169 -0.585 -0.575 -0.7275 -0.64796488 -0.6475 -0.745 -0.4825 -0.34273706 -0.985 -0.5975 -0.81 -0.6525 -0.4875 -0.16265007 -0.52829261 -0.1475 -0.2525 -0.57992633 -0.58 -0.57988743 -0.56 -0.6475 -1.115 -1.115 -1.115 -1.115 -1.1702364 -0.1075
-1.0125 -1.0125 0.0375 -0.2475 -1.555 -0.8725 -0.795 -1.37 -1.0225 -0.81501852 -1.0925 -0.485 -0.4675 -0.4675 -0.7025 -0.69547083 -0.19 -0.1899794 -0.09 -0.5225 -0.5225 -0.56372671 -0.42 -0.47249901 -0.4725 -0.4725 -0.575 -0.7975 -0.7975 -0.6475 -0.6475 -0.48197369 -0.205 -0.985 -0.7825 -0.81 -0.6525 -0.8275 -0.1625 0.0047448036 -0.2525 -0.20658258 -0.1275 -0.58 -0.58 -0.6475 -0.6475 -0.6475 -1.115 -1.115 -0.75 -0.75 -0.74999976
-1.0125 -1.0125 -0.7275 -0.775 -0.9325 -0.245 -1.1675 -0.45101268 -0.3775 -0.525 -0.52 -0.355 -0.48482691 -0.7025 -0.7025 -0.7024403 -0.185 -0.18001395 -0.09 0.11 0.11 0.2225 0.2225 -0.4725 -0.4725 -0.4725 -0.7975 -0.7975 -0.7975 -0.6675 -0.6675 -0.66749924 -0.7025 -0.7025 -1.45 -0.895 -0.79 -0.44250662 -0.265 0.0075 0.0075 -0.17999983 -0.1275 -0.58 -0.39499988 -0.1825 -0.23428731 -0.2325 -0.5825 -0.5825 -0.75 -0.75 -0.75
-1.0125 -0.8894361 -0.74776994 -0.86248969 -0.645 -0.6225 -1.1675 -0.45 -0.37750061 -0.52336588 -0.35500022 -0.355 -0.2175 -0.7025 -0.7025 -0.18500002 -0.185 -0.18499459 -0.09 0.11 0.13209271 0.2225 0.2225 -0.47247214 -0.4725 -0.4741436 -0.4775 -0.4775 -0.47750004 -0.6675 -0.6675 -0.46 -0.46 -0.70250205 -1.45 -0.55000046 -0.85895198 -0.4425 -0.4425 0.0074999939 -0.18 -0.18 -0.18000155 -0.395 -0.395 -0.1825 -0.2325 -0.2325 -0.5825 -0.5825 -0.75 -0.75 -0.75
-0.375 -0.53912999 -0.52250938 -0.52495986 -0.64500002 -0.62250053 -1.1675 -0.45883201 -0.38249599 -0.38135162 -0.2175 -0.2175 -0.2175 -0.2175 -0.7024313 -0.185 -0.185 -0.1837734 -0.09 0.10999368 0.0925 0.0925 0.0925 0.0925 -0.4629484 -0.4775 -0.4775 -0.4775 -0.4775 -0.47758248 -0.46 -0.46 -0.46 -0.46 -0.55 -0.55 -0.55 -0.44859036 -0.44342004 -0.565 -0.565 -0.18002071 -0.68748999 -0.39502817 -0.395 -0.1825 -0.2325 -0.2325 -0.5825 -0.5825 -0.74939233 -0.75 -0.84259264
-0.375 -0.5225 -0.5225 -0.5225 -0.5225 -0.52250004 -1.1661048 -0.82799627 -0.39582487 -0.21767592 -0.2175 -0.2175 -0.2175 -0.2175 -0.21749964 -0.18500001 -0.18499998 -0.17848365 -0.090000731 0.0925 0.0925 0.0925 0.0925 0.0925 0.089687564 -0.37532114 -0.37500002 -0.375 -0.375 -0.375 -0.45999999 -0.46 -0.4599994 0.0425 0.0425 -0.55 -0.078487014 -0.065 -0.56499971 -0.565 -0.565 -0.565 -0.6875 -0.6875 -0.6875 -0.68398566 -0.47837929 -0.48 -0.48 -0.48 -0.48 -0.86999998 -0.87
-0.625 -0.5225 -0.5225 -0.5225 -0.5225 -0.5225 -0.52250004 -0.76300583 0.29109148 0.295 0.295 0.295 0.295 0.295 0.295 0.27534721 -0.17769158 -0.17199122 0.092477022 0.0925 0.0925 0.0925 0.0925 0.092500035 -0.0375 -0.0375 -0.037500475 -0.375 -0.375 -0.3737685 0.24 0.24 0.0425 0.0425 0.0425 -0.047779641 -0.065 -0.065 -0.065 -0.565 -0.565 -0.565 -0.6875 -0.6875 -0.6875 -0.6875 -0.48000001 -0.48 -0.48 -0.48 -0.48 -0.87 -0.87
-0.625 -0.58684041 -0.5225 -0.5225 -0.5225 -0.5225 -0.1750682 -0.175 -0.17499999 0.295 0.295 0.295 0.295 0.295 0.29058786 0.275 0.275 0.275 0.1224089 0.12249997 0.1225 0.1225 0.1225 0.1225 -0.0375 -0.0375 -0.0375 -0.0375 -0.375 0.24 0.24 0.24 0.042500018 0.0425 0.0425 -3.4458183e-30 -0.064913938 -0.065 -0.065 -0.56504136 -0.64801987 -0.84167061 -0.6875 -0.6875 -1.1186653 -1.12 -1.12 -0.48059009 -0.8362507 -0.83749997 -0.83749993 -0.37507504 -0.86999899
-0.625 -0.42550569 -0.47063028 -0.5225 -0.5225 -0.17520532 -0.175 -0.175 -0.175 -0.17161305 0.295 0.295 0.295 0.295 0.275 0.275 0.275 0.275 0.12263623 0.1225 0.1225 0.1225 0.1225 0.1225 -0.037499996 -0.0375 -0.0375 -0.0375 -0.036490636 0.24 0.24 0.24 0.3025 0.042501953 6.4062984e-25 -1.2327846e-81 -3.5658745e-34 -0.0047316457 -0.79326667 -0.8425 -0.8425 -0.8425 -1.0825 -1.0825 -1.12 -1.12 -1.12 -0.8375 -0.8375 -0.8375 -0.8375 -0.375 -0.375
-0.42009223 -0.42 -0.42 -0.42 -0.055 -0.1749969 -0.175 -0.175 -0.175 -0.175 0.25260324 0.2949927 0.29499998 0.275 0.275 0.275 0.275 0.275 0.27030459 0.1225 0.1225 0.1225 0.1225 0.1225 0.097762291 0.17999882 0.18 0.18 0.18 0.24 0.3025 0.3025 0.3025 0.3025 -2.7861845e-12 -1.1323823e-05 -0.43 -0.43 -0.83734932 -0.8425 -0.8425 -0.8425 -1.0825 -1.0825 -1.1141937 -1.12 -1.12 -0.8375 -0.8375 -0.8375 -0.8325408 -0.375 -0.375
-0.42 -0.42 -0.42 -0.24811606 -0.055 -0.055 -0.175 -0.175 -0.175 -0.175 -0.265 -0.265 -0.265 0.275 0.275 0.275 0.275 0.27502272 0.39 0.39 0.12250011 0.1225 0.12463026 0.21 0.20972992 0.18 0.18 0.18 0.18 0.30248753 0.3025 0.3025 0.3025 0.3025 -0.42999849 -0.43 -0.43 -0.43 -0.4314544 -0.8425 -0.8425 -0.8425 -1.0825 -1.0825 -1.0825 -1.12 -1.12 -0.8375 -0.8375 -0.8375 -0.375 -0.375 -0.375
-0.42 -0.42 -0.42 -0.055 -0.055 -0.055 -0.055000183 -0.175 -0.175 -0.26490709 -0.265 -0.265 -0.265 -0.26466355 0.38629558 0.4125 0.4125 0.4125 0.39 0.39 0.39 0.21 0.21 0.21 0.21001331 0.22065063 0.18 0.18 0.18 0.094373845 0.050024834 0.05 0.05 0.05 -0.45531963 -0.49249986 -0.4925 -0.4925 -0.4925 -0.40006055 -0.4 -0.4 -1.0825 -1.0825 -0.58750207 -0.58750001 -0.6075 -0.6075 -0.5375 -0.5375 -0.5375 -0.375 -0.43244859
-0.41999964 -0.42 -0.41999999 -0.055 -0.055 -0.055 -0.055000004 -0.38499994 -0.17583966 -0.26484131 -0.265 -0.265 -0.265 -0.26367056 0.4125 0.4125 0.4125 0.41249999 0.39 0.39 0.39 0.21 0.21 0.21 0.2575 0.2575 0.4525 0.4525 0.4525 0.45030424 0.05 0.05 0.05 0.05 -0.22110107 -0.4925 -0.4925 -0.4925 -0.4925 -0.4 -0.4 -0.4 -0.40589947 -0.5875 -0.5875 -0.5875 -0.6075 -0.6075 -0.5375 -0.5375 -0.5375 -0.4325 -0.4325
-0.3025 -0.35817012 -0.545 -0.54485784 -0.055 -0.38309063 -0.385 -0.385 -0.2793302 -0.09 -0.09 -0.09 -0.09 0.61997689 0.62 0.41250016 0.4125 0.41190716 0.39 0.39 0.39 0.31 0.31 0.31 0.2575 0.2575 0.4525 0.4525 0.4525 0.4524999 0.3174983 0.31749925 0.056723211 0.050286778 -0.57428552 -0.575 -0.575 -0.575 -0.575 -0.4 -0.4 -0.4 -0.57717571 -0.5875 -0.5875 -0.58750001 -0.6075 -0.6075 -0.60749748 -0.5375 -0.5375142 -0.855 -0.4325
-0.15252849 -0.15250007 -0.545 -0.545 -0.545 -0.385 -0.385 -0.385 -0.095 -0.095 -0.09 -0.09 -0.09 0.62 0.62 0.62 0.62 0.61997369 0.39 0.39 0.39 0.31 0.31 0.31 0.2575 0.2575 0.4525 0.4525 0.4525 0.31902213 0.3175 0.3175 0.3175 0.3175 -0.5745596 -0.575 -0.575 -0.575 -0.575 -0.47249998 -0.4725 -0.4725 -0.4725 -0.58750038 -0.6375 -0.6375 -0.6375 -0.8625 -0.8625 -0.8625 -0.855 -0.855 -0.855
-0.1525 -0.1525 -0.545 -0.545 -0.545 -0.38584099 -0.385 -0.095 -0.095 -0.095 -0.090000616 -0.09 0.20620771 0.61999992 0.62 0.62 0.62 0.365 0.365 0.365 0.54499999 0.54499983 0.31000114 0.31 0.31000601 0.345 0.345 0.34500026 0.45248263 0.23001744 0.23000047 0.23001528 0.31735045 0.31742449 -0.41610069 -0.57499994 -0.57449732 -0.425 -0.425 -0.4725 -0.4725 -0.4725 -0.4725 -0.6375 -0.6375 -0.6375 -0.6375 -0.8625 -0.8625 -0.8625 -0.855 -0.855 -0.855
-0.1525 -0.1525 -0.545 -0.545 -0.545 -0.545 -0.27646147 -0.095 -0.095 -0.095 -0.094797 0.2725 0.2725 0.2725 0.6179521 0.62 0.36669926 0.365 0.365 0.365 0.545 0.545 0.545 0.545 0.345 0.345 0.345 0.345 0.345 0.23 0.23 0.23 0.23 0.22999833 -0.5625 -0.425 -0.425 -0.425 -0.425 -0.42500089 -0.6975 -0.6975 -0.6975 -0.68855091 -0.67 -0.67 -0.67 -0.86249999 -0.8625002 -1.065 -1.065 -0.6400523 -0.64
-0.1525 -0.1525 -0.40333506 -0.545 -0.545 -0.54499999 -0.29214953 -0.095622411 -0.095 -0.095 0.2724999 0.2725 0.2725 0.2725 0.2725 0.30099722 0.365 0.365 0.365 0.365 0.54499861 0.545 0.545 0.545 0.345 0.345 0.345 0.345 0.345 -0.12654647 0.23 0.23 0.23 -0.5625 -0.5625 -0.56239323 -0.425 -0.425 -0.52911403 -0.60999998 -0.6975 -0.6975 -0.6975 -0.68926548 -0.67 -0.67 -0.67 -0.9625 -1.0637229 -1.065 -1.065 -0.64 -0.64
-0.335 -0.335 -0.335 -0.49234723 -0.54473378 -0.2925 -0.2925 -0.2925 -0.2925 -0.22 -0.22 0.27249997 0.2725 0.2725 0.2725 0.27250583 0.365 0.365 0.365 0.365 0.46645384 0.545 0.545 0.55383252 0.85856573 0.345 0.345 0.345 -0.2525 -0.2525 -0.2525 -0.25249797 -0.5625 -0.5625 -0.5625 -0.5625 -0.61 -0.61 -0.61 -0.61 -0.5425 -0.5425 -0.5425 -0.83999402 -0.84 -0.84 -0.83999995 -0.9625 -0.9625 -1.0648751 -1.065 -0.64000124 -0.64
-0.335 -0.335 -0.335 -0.33500162 -0.365 -0.35445731 -0.2925 -0.2925 -0.2925 -0.22 -0.22 -0.22 -0.48999997 -0.49 -0.49 -0.48999999 0.36331014 0.365 0.365 0.365 0.36774787 0.88249907 0.8825 0.8825 0.8825 0.88249998 0.43 0.43 -0.2525 -0.2525 -0.2525 -0.2525 -0.56249989 -0.5625 -0.5625 -0.56248758 -0.61 -0.61 -0.61 -0.60975872 -0.5425 -0.5425 -0.5425 -0.8399862 -0.84 -0.84 -0.84 -0.9625 -0.9625 -0.96249999 -0.885 -0.885 -0.8225
-0.335 -0.335 -0.335 -0.36499993 -0.365 -0.365 -0.29250003 -0.2925 -0.2925 -0.22 -0.22 -0.22 -0.49 -0.49 -0.49 -0.49514077 -0.5575 -0.5575 -0.55749762 0.35978948 0.8825 0.8825 0.8825 0.8825 0.8825 0.88215947 0.43 0.43 0.43 -0.2525 -0.2525 -0.25221679 -0.41 -0.41 -0.41 -0.4925 -0.4925 -0.555 -0.555 -0.555 -0.305 -0.5424255 -0.5425033 -0.985 -0.985 -0.97950466 -0.84000059 -0.9625 -0.9625 -0.885 -0.885 -0.885 -0.8225
-0.335 -0.335 -0.335 -0.365 -0.365 -0.365 -0.365 -0.2925 -0.2925 -0.22 -0.22 -0.47920389 -0.49 -0.49 -0.49 -0.5575 -0.5575 -0.5575 -0.5575 -0.5575 0.8825 0.8825 0.8825 0.8825 0.8825 0.43000154 0.43 0.43 0.43 0.1875 0.1875 0.1875 -0.41 -0.41 -0.41 -0.4925 -0.4925 -0.555 -0.555 -0.305 -0.305 -0.305 -0.985 -0.985 -0.985 -0.985 -0.99444694 -1.1 -1.1 -1.1 -0.885 -0.645 -0.645
-0.335 -0.335 -0.33504178 -0.365 -0.365 -0.365 -0.365 -0.40070044 -0.4025 -0.40218667 -0.22000002 -0.49001549 -0.49 -0.49 -0.49000023 -0.5575 -0.5575 -0.5575 -0.5575 -0.5575 -0.51532056 0.8825 0.8825 0.8825 0.88249073 0.43002293 0.43 0.43 0.43 0.1875 0.1875 0.1875 0.1874141 -0.41 -0.4925 -0.4925 -0.4925 -0.49250239 -0.55498295 -0.305 -0.305 -0.305 -0.98495872 -0.985 -0.985 -0.985 -1.1000008 -1.1 -1.1 -1.1 -0.645 -0.645 -0.645
-0.3825 -0.38249992 -0.36498484 -0.365 -0.365 -0.365 -0.40249202 -0.4025 -0.4025 -0.4025 -0.67499999 -0.675 -0.675 -0.675 -0.55804228 -0.5575 -0.5575 -0.5575 -0.5575 -0.57499999 -0.575 -0.575 0.83750001 0.8375 0.8375 0.8375 0.80232751 0.43 0.23000819 0.23 0.23 0.23 0.23 -0.2475 -0.2475 -0.2475 -0.2475 -0.2475 -0.615 -0.615 -0.615 -0.615 -0.615 -1.1797061 -1.18 -1.18 -1.18 -1.1 -1.1 -1.1 -0.64507168 -0.645 -0.645
-0.3825 -0.3825 -0.38308607 -0.45249982 -0.45249998 -0.4524512 -0.4025 -0.4025 -0.4025 -0.4025 -0.675 -0.675 -0.675 -0.675 -0.675 -0.5575 -0.5575 -0.5575 -0.575 -0.575 -0.575 -0.575 0.8375 0.8375 0.8375 0.8375 0.8375 0.83741318 0.2303292 0.23 0.23 0.23 0.23013225 0.037368065 -0.24720503 -0.2475 -0.2475 -0.24749999 -0.615 -0.615 -0.615 -0.615 -0.615 -1.18 -1.18 -1.18 -1.18 -1.1425904 -1.1 -0.85773345 -0.855 -0.485 -0.485
-0.3825 -0.3825 -0.45249113 -0.4525 -0.4525 -0.4525 -0.43980021 -0.4025 -0.4025 -0.4025 -0.675 -0.675 -0.675 -0.675 -0.675 -0.5575922 -0.5575 -0.57499487 -0.575 -0.575 -0.575 -0.575 0.31423022 0.8375 0.8375 0.8375 0.8375 0.83767362 1.0825 1.0825 1.0825 1.0825 1.0825 0.255 0.255 0.255 0.255 0.255 -0.6475 -0.6475 -0.6475 -0.6475 -0.6475 -1.1790661 -1.1799998 -1.18 -1.1799352 -1.1721516 -0.855 -0.855 -0.855 -0.48500207 -0.485
-0.38249988 -0.31876724 -0.45249998 -0.4525 -0.4525 -0.4525 -0.4525 -0.40252129 -0.4025 -0.4025 -0.675 -0.675 -0.675 -0.675 -0.86811326 -0.8725 -0.8725 -0.57500766 -0.575 -0.575 -0.575 -0.575 -0.57499986 0.8375 0.8375 0.8375 0.8375 1.3499997 1.3499999 1.2930695 1.0825 1.0825 1.0825 0.255 0.255 0.255 0.255 0.2552489 -0.6475 -0.6475 -0.6475 -0.6475 -0.64747242 -0.7975 -0.7975 -0.7975 -0.7975 -0.79750464 -0.855 -0.855 -0.855 -0.85500002 -0.87664585
-0.3175 -0.3175 -0.36985656 -0.4525 -0.4525 -0.4525 -0.4525 -0.4525 -0.40252257 -0.91999999 -0.92 -0.92 -0.91941856 -0.87249972 -0.8725 -0.8725 -0.8725 -0.8725 -0.57499769 -0.55525479 -0.3825 -0.3825 -0.3825 -0.074235043 0.79828218 0.58843504 0.41193805 1.35 1.35 1.35 1.35 1.35 1.3365058 0.62696128 0.6225 0.6225 0.6225 0.6225 -0.5798723 -0.28750065 -0.2875 -0.2875 -0.2875 -0.53250078 -0.79749993 -0.7975 -0.7975 -0.1375 -0.85498851 -0.855 -0.855 -0.8825 -0.8825
-0.3175 -0.3175 -0.5025 -0.5025 -0.5025 -0.45251666 -0.4525 -0.4525 -0.92 -0.92 -0.92 -0.92 -0.92 -0.8725 -0.8725 -0.8725 -0.8725 -0.8725 -0.3825 -0.3825 -0.3825 -0.3825 -0.3825 0.34749996 0.3475 0.3475 0.3475 1.35 1.35 1.35 1.35 1.35 1.02 1.02 0.6225 0.6225 0.6225 0.47502512 0.475 -0.2875 -0.2875 -0.2875 -0.28750001 -0.5325 -0.5325 -0.5325 -0.1375 -0.1375 -0.1375 -0.03 -0.03 -0.8825 -0.8825
-0.3175 -0.3175 -0.5025 -0.5025 -0.5025 -0.5025 -0.50250026 -0.55 -0.91965163 -0.92 -0.92 -0.92 -0.92 -0.87309252 -0.8725 -0.8725 -0.8725 -0.8725 -0.38250001 -0.3825 -0.3825 -0.3825 -0.3825 0.3475 0.3475 0.3475 0.3475 0.34750406 1.35 1.35 1.35 1.0200173 1.02 1.02 1.02 0.6225 0.475 0.475 0.475 0.4549372 -0.32965042 -0.3375 -0.3375 -0.5325 -0.5325 -0.5325 -0.1375 -0.1375 -0.1375 -0.03 -0.03 -0.03 -0.031126628
