interpolatedSpi/05-08|21_2.tif
NCOLS 53
NROWS 52
XLLCORNER -116.03883
YLLCORNER 28.596182
DX 0.49850594
DY 0.49788537
NODATA_VALUE -9999
[rows 0 to 40 of 52, columns 0 to 52 of 53]
-0.9 -0.9 -1.156406 -1.05 -0.6775 -1.33 -1.0325 -0.9625 -0.77030411 -0.785 -1.1575 -0.66 -1.1375078 -1.2325 -1.4175 -1.4175 -1.4175 -0.1175 -0.8025 -0.8025 -0.8025 -0.80249299 -0.075000011 -1.22 -1.22 -1.22 -0.38000197 -0.38 -0.38 -0.0325 -0.0325 -0.0325 -0.0325 -0.39749993 -0.3975 -0.3975 -0.3975 -0.3975 -0.3975 -0.39750002 -1.1395082 -1.1473498 -0.5575 -0.5575 -0.5575 -0.5575 -0.55685075 -0.16 -0.16 -0.16 0.58249846 0.5825 0.5825
-0.90001644 -1.27 -1.2374992 -1.2439153 -1.5723416 -0.76 -1 -0.86970575 -1.1325 -1.0925 -1.0175 -1.1375 -1.1375 -0.65692566 -1.2324947 -1.4175 -0.1175 -0.1175 -0.80160685 -0.8025 -0.8025 -0.8025 -1.2197368 -1.22 -1.22 -1.22 -0.99250002 -0.9925 -0.0325 -0.0325 -0.0325 -0.0325 -0.0325 -0.39749995 -0.3975 -0.3975 -0.3975 -0.3975 -0.39750008 -0.57518632 -1.4524544 -0.6661011 -0.5575 -0.5575 -0.5575 -0.5575 -0.5575 -0.16 -0.16 -0.16 -0.098431189 0.5825 0.5825
-1.4499702 -1.45 -0.5775 -0.88 -0.455 -0.8025 -0.205 -0.3875 -0.8225 -0.63 -0.9175 -0.9575 -0.655 -1.055 -0.655 -1.355 -0.1175 -0.1175 -0.1175 -0.82499346 -0.825 -0.825 -1.215 -1.22 -1.22 -1.22 -0.9925 -0.9925 -0.9925 -0.0325 -0.0325 -0.032500014 -0.17330952 -0.3995248 -0.40720345 -1.4304471 -1.44 -1.44 -1.4415722 -1.4525 -1.4525 -1.4513555 -0.5575 -0.5575 -0.5575 -0.5575 -0.5575 -0.16 -0.16 -0.16 -0.16 0.5825 0.5825
0.1125 -1.4499998 -0.55993336 0.065 -0.3075 -0.44 -0.08 -0.22 -0.135 -0.53258887 -0.7 -0.685 -0.795 -1.055 -0.9225 -1.355 -1.6030873 -1.6039578 -1.3325 -0.825 -0.825 -1.2375 -1.215 -1.215 -1.22 -1.2199989 -0.9925 -0.9925 -0.9925 -0.5375 -0.42090598 -0.325 -0.325 -0.32500087 -1.44 -1.44 -1.44 -1.44 -1.4525 -1.4525 -1.4525 -1.4525 -0.5575 -0.5575 -0.5575 -0.5575 -0.5575 -0.16000501 -0.16 -0.16 -0.16 0.58244562 0.5825
0.1125 0.48249809 -0.56 -0.82166844 -0.3075 -0.26 -0.72498954 -0.5775 -0.7025 -0.48500027 -0.78761137 -0.93005228 -1.295 -0.9225 -0.9225 -1.2158128 -1.605 -1.605 -1.3325 -1.3325 -0.82500079 -1.2375 -1.0675 -0.65 -0.815 -0.81485855 -0.9925 -0.9925 -0.5375 -0.5375 -0.325 -0.325 -0.325 -0.3688432 -1.44 -1.44 -1.44 -1.4525 -1.4525 -1.4525 -1.4525 -1.4524744 -0.55750001 -0.5575 -0.5575 -0.5575 -0.5575 -0.55396176 -0.16 -0.16004136 -1.0825 -1.0825 -1.0825
-1.405 -0.2225 -0.51500001 -0.6025 -1.06 -0.685 -0.955 -0.90666919 -0.6575 -0.215 -0.44 -0.325 -0.32500064 -1.21 -1.21 -1.4598732 -1.46 -1.485 -1.485 -1.3324993 -0.9575 -0.9575 -0.65 -0.815 -0.815 -0.21 -0.16 -0.16 -0.27002412 -0.5375 -0.325 -0.325 -0.5575 -0.55746578 -0.23002377 -1.3225 -1.3225 -1.4122815 -1.4525 -1.4525 -1.1878305 -1.1875 -1.1874991 -1.5226562 -1.5398914 -1.5399997 -1.54 -1.5399996 -0.89880658 -1.0825 -1.0825 -1.0825 -1.0825
-0.37999514 -0.435 0.16625481 -0.615 -0.965 -1.18 -0.6975 -0.555 -0.4225 -0.4225 -0.44 -0.895 -1.0599999 -1.21 -0.93500082 -0.935 -1.46 -0.71 -0.575 -0.575 -0.97163795 -0.9875 -0.9875 -0.08500001 -0.21 -0.21 -0.16 -0.16 -0.26999272 -0.26986589 -0.020386493 -0.5575 -0.5575 -0.23 -0.23 -1.3470088 -1.3225 -1.3225 -1.3150003 -1.1875002 -1.1875 -1.1875 -1.1874941 -1.5399959 -1.54 -1.54 -1.54 -1.5399996 -0.8925 -1.0824623 -1.0825 -1.0825 -1.0825
-0.38 0.075 0.36 -0.795 -0.87749527 -0.86 -0.375 -1.2975 -1.04 -0.5975 -0.5975 -0.84 -1.06 -1.06 -0.93585762 -0.91450797 -0.9125 -0.595 -1.0499995 -0.575 0.032406033 0.0375 0.26 0.3575 0.35750145 0.47 -0.3325 -0.33249994 -0.14543802 -0.145 -0.02 -0.87600277 -0.8975 -0.23 -0.24839618 -1.3675 -1.3675 -1.315 -1.315 -1.1875 -1.1875 -1.1875 -0.81135212 -0.81250004 -1.54 -1.54 -1.54 -0.89252465 -0.8925 -0.8925 -1.0825 -1.0825 -1.0825
0.013175918 0.075000003 0.505 0.0325 -0.1775 -0.7675 -0.675 -0.86 -1.03 -0.95424343 -0.8175 -0.8125 -0.8125 -0.7725 -0.77249953 -0.70059226 -0.7 -0.7 -0.66445644 -0.30249994 -0.0225 -0.022499999 -0.035 0.14374535 0.45866297 0.47 -0.4275 -0.3325 -0.23556657 -0.235 -0.87 -0.07 -0.086371925 -0.73 -0.875 -0.8325 -0.995 -1.0325 -1.0250035 -1.1857814 -0.8025 -0.5775 -0.81244831 -0.8125 -0.81659476 -1.54 -1.315 -0.8925 -0.8925 -0.8925 -0.8925 -1.1360382 -0.4625
-0.3325 -0.3325 0.635 0.115 -0.2125 -0.815 -1.3025 -1.04 -0.91 -0.93502902 -1.175 -0.2875 -0.7725 -0.7725 -0.7225 -0.7221914 -0.7 -0.69998759 -0.6525 -0.3025 -0.3025 -0.2664266 -0.035 -0.0025006154 -0.0025 -0.0025 -0.4275 0.3225 0.3225 -0.235 -0.235 -0.07006164 -0.1025 -0.73 -0.2175 -0.8325 -0.995 -0.87 -1.025 -1.0176216 -0.57750001 -0.5471945 -0.495 -0.8125 -0.8125 -1.315 -1.315 -1.315 -0.8925 -0.8925 -1.5125 -1.5125 -1.5124996
-0.3325 -0.3325 -0.1675 -0.66 -0.9225 -0.04 -0.63000001 -1.0575545 -1.0125 -0.9825 -0.765 -0.875 -0.28828285 -0.7225 -0.7225 -0.72248385 -0.5825 -0.58617393 -0.6525 -1.14 -1.14 -0.28 -0.28 -0.0025 -0.0025 -0.0025 0.3225 0.3225 0.3225 -0.115 -0.115 -0.11499998 -0.55 -0.55 -0.905 -1.33 -0.9175 -1.589986 -1.5025 -1.0175 -1.0175 -0.95499849 -0.495 -0.8125 -1.5925 -1.73 -0.85200265 -0.85 -1.035 -1.035 -1.5125 -1.5125 -1.5125
-0.3325 -0.26139591 -0.37766732 -0.96248825 -0.285 -0.8175 -0.63 -1.0575 -1.0125004 -0.98283236 -0.87500014 -0.875 -0.735 -0.7225 -0.7225 -0.5825 -0.5825 -0.58250398 -0.6525 -1.14 -0.9711135 -0.28 -0.28 -0.0025118435 -0.0025 -0.086323488 -0.2575 -0.2575 -0.25749993 -0.115 -0.115 -0.8225 -0.8225 -0.55000097 -0.905 -1.0425001 -0.76235773 -1.59 -1.59 -1.0175 -0.955 -0.955 -0.95500454 -1.5925 -1.5925 -1.73 -0.85 -0.85 -1.035 -1.035 -1.5125 -1.5125 -1.5125
-2.0275 -0.70449542 -0.74249645 -0.74408351 -0.28500286 -0.81748743 -0.63000001 -1.0522377 -1.015601 -1.0117166 -0.735 -0.735 -0.735 -0.735 -0.72250177 -0.5825 -0.5825 -0.58340381 -0.6525 -1.139952 -0.985 -0.985 -0.985 -0.985 -0.019332722 -0.2575 -0.2575 -0.2575 -0.2575 -0.25749432 -0.8225 -0.8225 -0.8225 -0.8225 -1.0425 -1.0425 -1.0425 -1.561688 -1.5906759 -1.68 -1.68 -0.955039 -1.8049927 -1.5925205 -1.5925 -1.73 -0.85 -0.85 -1.035 -1.035 -1.5107677 -1.5125 -0.58335056
-2.0275 -0.7425 -0.7425 -0.7425 -0.7425 -0.74250003 -0.63047986 -0.83227126 -1.023874 -0.73529814 -0.735 -0.735 -0.735 -0.735 -0.73500016 -0.5825 -0.58250001 -0.58730152 -0.6525001 -0.985 -0.985 -0.985 -0.985 -0.985 -0.97780959 -0.45959197 -0.53749994 -0.5375 -0.5375 -0.5375 -0.8225 -0.8225 -0.82250022 -1.0025 -1.0025 -1.0425 -1.1713154 -1.175 -1.6799997 -1.68 -1.68 -1.68 -1.805 -1.805 -1.805 -1.8044781 -1.6449777 -1.65 -1.65 -1.65 -1.65 -0.83500014 -0.835
-2.2725 -0.7425 -0.7425 -0.7425 -0.7425 -0.7425 -0.74249999 -0.82322887 -0.96040185 -0.96 -0.96 -0.96 -0.96 -0.96 -0.96 -1.3420527 -0.59468608 -0.59208552 -0.98495817 -0.985 -0.985 -0.985 -0.985 -0.98500034 -0.6525 -0.6525 -0.65249984 -0.5375 -0.5375 -0.53753504 -0.555 -0.555 -1.0025 -1.0025 -1.0025 -1.1473673 -1.175 -1.175 -1.175 -1.68 -1.68 -1.68 -1.805 -1.805 -1.805 -1.805 -1.65 -1.65 -1.65 -1.65 -1.65 -0.835 -0.835
-2.2725 -1.7028984 -0.7425 -0.7425 -0.7425 -0.7425 -1.0549387 -1.055 -1.055 -0.96 -0.96 -0.96 -0.96 -0.96 -1.0460367 -1.35 -1.35 -1.35 -1.2791019 -1.2799997 -1.28 -1.28 -1.28 -1.28 -0.6525 -0.6525 -0.6525 -0.6525 -0.5375 -0.555 -0.555 -0.555 -1.0025 -1.0025 -1.0025 -0.9325 -1.1746789 -1.175 -1.175 -1.6799118 -1.5042372 -1.0942559 -1.805 -1.805 -1.4560801 -1.455 -1.455 -1.6484233 -0.69335477 -0.69000008 -0.69000018 0.28483023 -0.83499772
-2.2725 -1.5694043 -1.1511322 -0.7425 -0.7425 -1.0548154 -1.055 -1.055 -1.055 -1.0543154 -0.96 -0.96 -0.96 -0.96000005 -1.35 -1.35 -1.35 -1.35 -1.2800625 -1.28 -1.28 -1.28 -1.28 -1.28 -0.65250001 -0.6525 -0.6525 -0.6525 -0.65214536 -0.555 -0.555 -0.555 -0.73 -1.0024863 -0.9325 -0.9325 -0.9325 -0.93029205 -1.0977112 -1.0925 -1.0925 -1.0925 -1.405 -1.405 -1.455 -1.455 -1.455 -0.69000001 -0.69 -0.69 -0.69 0.285 0.285
-1.5503867 -1.55 -1.55 -1.55 -0.9325 -1.0549968 -1.055 -1.055 -1.055 -1.055 -0.95697171 -0.95999948 -0.96 -1.35 -1.35 -1.35 -1.35 -1.35 -1.3350431 -1.28 -1.28 -1.28 -1.28 -1.28 -0.82884625 -0.58000039 -0.58 -0.58 -0.58 -0.55500001 -0.73 -0.73 -0.73 -0.73 -0.9325 -0.93249467 -0.73 -0.73 -1.0879736 -1.0925 -1.0925 -1.0925 -1.405 -1.405 -1.4472583 -1.455 -1.455 -0.69 -0.69 -0.69 -0.67954546 0.285 0.285
-1.55 -1.55 -1.55 -1.25921 -0.9325 -0.9325 -1.055 -1.055 -1.055 -1.055 -0.92 -0.92 -0.92 -1.35 -1.35 -1.35 -1.35 -1.3498744 -1.2 -1.2 -1.28 -1.28 -1.2749482 -1.0725 -1.0680662 -0.58 -0.58 -0.58 -0.58 -0.72998473 -0.73 -0.73 -0.73 -0.73 -0.73000071 -0.73 -0.73 -0.73 -0.73129306 -1.0925 -1.0925 -1.0925 -1.405 -1.405 -1.405 -1.455 -1.455 -0.69 -0.69 -0.69 0.285 0.285 0.285
-1.55 -1.55 -1.55 -0.9325 -0.9325 -0.9325 -0.93250019 -1.055 -1.055 -0.92013936 -0.92 -0.92 -0.92 -0.9202679 -0.73483897 -0.59 -0.59 -0.59 -1.2 -1.2 -1.2 -1.0725 -1.0725 -1.0725 -1.0722927 -0.45018023 -0.58 -0.58 -0.58 -0.88308738 -0.92248107 -0.9225 -0.9225 -0.9225 -0.86105076 -1.0449993 -1.045 -1.045 -1.045 -0.902526 -0.9025 -0.9025 -1.405 -1.405 -0.96000186 -0.95999978 -0.34 -0.34 0.16 0.16 0.16 0.285 0.75457976
-1.5499961 -1.55 -1.55 -0.9325 -0.9325 -0.9325 -0.9325 -0.64250012 -1.0533507 -0.91955115 -0.92 -0.92 -0.92 -0.91935245 -0.59 -0.59 -0.59 -0.59000018 -1.2 -1.2 -1.2 -1.0725 -1.0725 -1.0725 -0.3325 -0.3325 -0.72749999 -0.7275 -0.7275 -0.72856379 -0.9225 -0.9225 -0.9225 -0.9225 -0.98371636 -1.045 -1.045 -1.045 -1.045 -0.9025 -0.9025 -0.9025 -0.90430917 -0.96 -0.96 -0.96 -0.34 -0.34 0.16 0.16 0.16 0.75499998 0.755
-0.2775 -0.86723297 -0.7675 -0.76754787 -0.9325 -0.64417793 -0.6425 -0.6425 -0.64523284 -0.42500001 -0.425 -0.425 -0.425 -0.025013022 -0.025000002 -0.58999957 -0.59 -0.6060726 -1.2 -1.2 -1.2 -0.1775 -0.1775 -0.1775 -0.3325 -0.3325 -0.7275 -0.7275 -0.7275 -0.72750006 -0.81000072 -0.81000032 -0.91967248 -0.92237939 -0.97743732 -0.9775 -0.9775 -0.9775 -0.9775 -0.9025 -0.9025 -0.9025 -0.95683364 -0.96 -0.96 -0.95999996 -0.34 -0.34 -0.339982 0.16 0.15996959 -0.52 0.755
-0.70241929 -0.70250001 -0.7675 -0.7675 -0.7675 -0.6425 -0.6425 -0.6425 -0.65 -0.65 -0.425 -0.425 -0.425 -0.025 -0.025 -0.025 -0.025 -0.025132543 -1.2 -1.2 -1.2 -0.1775 -0.1775 -0.1775 -0.3325 -0.3325 -0.7275 -0.7275 -0.7275 -0.80906981 -0.81 -0.81 -0.81 -0.81 -0.97741735 -0.9775 -0.9775 -0.9775 -0.9775 -0.56000009 -0.56 -0.56 -0.56 -0.95999833 -0.7425 -0.7425 -0.7425 -0.8575 -0.8575 -0.8575 -0.52 -0.52 -0.52
-0.7025 -0.7025 -0.7675 -0.7675 -0.7675 -0.64315702 -0.6425 -0.65 -0.65 -0.65 -0.4250277 -0.425 -0.43317125 -0.025000094 -0.025 -0.025 -0.025 -0.335 -0.335 -0.335 -0.66999999 -0.66999963 -0.1775024 -0.1775 -0.17800298 -0.9525 -0.9525 -0.95249946 -0.72753636 -0.49756228 -0.49750166 -0.49755456 -0.80946591 -0.80973032 -0.94746473 -0.97749984 -0.97614275 -0.5725 -0.5725 -0.56 -0.56 -0.56 -0.56 -0.7425 -0.7425 -0.7425 -0.7425 -0.8575 -0.8575 -0.8575 -0.52 -0.52 -0.52
-0.7025 -0.7025 -0.7675 -0.7675 -0.7675 -0.7675 -0.64530703 -0.65 -0.65 -0.65 -0.64988124 -0.435 -0.435 -0.435 -0.027416224 -0.025 -0.33293424 -0.335 -0.335 -0.335 -0.67 -0.67 -0.67 -0.67 -0.9525 -0.9525 -0.9525 -0.9525 -0.9525 -0.4975 -0.4975 -0.4975 -0.4975 -0.4975004 -0.6875 -0.5725 -0.5725 -0.5725 -0.5725 -0.57249973 -0.49 -0.49 -0.49 -0.63806211 -0.945 -0.945 -0.945 -0.8575 -0.85749966 -0.5025 -0.5025 -0.31005109 -0.31
-0.7025 -0.7025 -0.74403956 -0.7675 -0.7675 -0.7675 -0.59010647 -0.64981091 -0.65 -0.65 -0.43499994 -0.435 -0.435 -0.435 -0.435 -0.40137874 -0.335 -0.335 -0.335 -0.335 -0.66999741 -0.67 -0.67 -0.67 -0.9525 -0.9525 -0.9525 -0.9525 -0.9525 -0.61203824 -0.4975 -0.4975 -0.4975 -0.6875 -0.6875 -0.6874107 -0.5725 -0.5725 -0.4205498 -0.30250002 -0.49 -0.49 -0.49 -0.63245505 -0.945 -0.945 -0.945 0.42 -0.49100574 -0.5025 -0.5025 -0.31 -0.31
-0.2825 -0.2825 -0.2825 -0.64589717 -0.76698215 -0.59 -0.59 -0.59 -0.59 -0.1475 -0.1475 -0.43499998 -0.435 -0.435 -0.435 -0.43499365 -0.335 -0.335 -0.335 -0.335 -0.52381687 -0.67 -0.67 -0.65691479 -0.20484384 -0.9525 -0.9525 -0.9525 -0.6525 -0.6525 -0.6525 -0.65249935 -0.6875 -0.6875 -0.6875 -0.6875 -0.3025 -0.3025 -0.3025 -0.3025 -0.2875 -0.2875 -0.2875 0.10749206 0.1075 0.1075 0.10749967 0.42 0.42 -0.50137598 -0.5025 -0.30999477 -0.31
-0.2825 -0.2825 -0.2825 -0.282507 -0.4125 -0.43831142 -0.59 -0.59 -0.59 -0.1475 -0.1475 -0.1475 -0.047500017 -0.0475 -0.0475 -0.047500009 -0.33476186 -0.335 -0.335 -0.335 -0.34005249 -0.17000137 -0.17 -0.17 -0.17 -0.17000002 -0.47 -0.47 -0.6525 -0.6525 -0.6525 -0.6525 -0.68749947 -0.6875 -0.6875 -0.68744074 -0.3025 -0.3025 -0.3025 -0.30322383 -0.2875 -0.2875 -0.2875 0.10748168 0.1075 0.1075 0.1075 0.42 0.42 0.42000004 0.7275 0.7275 0.6175
-0.2825 -0.2825 -0.2825 -0.4124997 -0.4125 -0.4125 -0.58999993 -0.59 -0.59 -0.1475 -0.1475 -0.1475 -0.0475 -0.0475 -0.0475 -0.059495129 -0.205 -0.205 -0.20500034 -0.33426572 -0.17 -0.17 -0.17 -0.17 -0.17 -0.17022577 -0.47 -0.47 -0.47 -0.6525 -0.6525 -0.6525885 0.04 0.04 0.04 -0.55 -0.55 -0.4675 -0.4675 -0.4675 -0.165 -0.28746158 -0.28749588 0.265 0.265 0.25903093 0.10750095 0.42 0.42 0.7275 0.7275 0.7275 0.6175
-0.2825 -0.2825 -0.2825 -0.4125 -0.4125 -0.4125 -0.4125 -0.59 -0.59 -0.1475 -0.1475 -0.051498558 -0.0475 -0.0475 -0.0475 -0.205 -0.205 -0.205 -0.205 -0.205 -0.17 -0.17 -0.17 -0.17 -0.17 -0.46999898 -0.47 -0.47 -0.47 -0.79 -0.79 -0.79 0.04 0.04 0.04 -0.55 -0.55 -0.4675 -0.4675 -0.165 -0.165 -0.165 0.265 0.265 0.265 0.265 0.29601062 0.6425 0.6425 0.6425 0.7275 0.7925 0.7925
-0.2825 -0.2825 -0.28268103 -0.4125 -0.4125 -0.4125 -0.4125 -0.065015704 -0.0475 -0.047671686 -0.1475 -0.047505026 -0.0475 -0.0475 -0.047500545 -0.205 -0.205 -0.205 -0.205 -0.205 0.453338 -0.17 -0.17 -0.17 -0.169862 -0.46994542 -0.47 -0.47 -0.47 -0.79 -0.79 -0.79 -0.78987456 0.04 -0.55 -0.55 -0.55 -0.54999637 -0.46747937 -0.165 -0.165 -0.165 0.2649739 0.265 0.265 0.265 0.64249793 0.6425 0.6425 0.6425 0.7925 0.7925 0.7925
-0.365 -0.36499986 -0.41242995 -0.4125 -0.4125 -0.4125 -0.047577668 -0.0475 -0.0475 -0.0475 -0.1075 -0.1075 -0.1075 -0.1075 -0.20454999 -0.205 -0.205 -0.205 -0.205 0.47999959 0.48 0.48 0.49999989 0.5 0.5 0.5 0.41627652 -0.47 -0.10251505 -0.1025 -0.1025 -0.1025 -0.1025 -0.225 -0.225 -0.225 -0.225 -0.225 0.38 0.38 0.38 0.38 0.38 0.4397362 0.44 0.44 0.44 0.6425 0.6425 0.6425 0.79247637 0.7925 0.7925
-0.365 -0.365 -0.36127426 0.07999901 0.079999891 0.079875357 -0.0475 -0.0475 -0.0475 -0.0475 -0.1075 -0.1075 -0.1075 -0.1075 -0.1075 -0.205 -0.205 -0.205 0.47999983 0.48 0.48 0.48 0.5 0.5 0.5 0.5 0.5 0.49979415 -0.1025222 -0.1025 -0.1025 -0.1025 -0.10250892 -0.38514971 -0.22516583 -0.225 -0.225 -0.225 0.38 0.38 0.38 0.38 0.38 0.44 0.44 0.44 0.44 0.53469296 0.6425 -0.064522795 -0.0725 -0.0475 -0.0475
-0.365 -0.365 0.079943632 0.08 0.08 0.08 0.047615538 -0.0475 -0.0475 -0.0475 -0.1075 -0.1075 -0.1075 -0.1075 -0.1075 -0.20492514 -0.205 0.47979916 0.48 0.48 0.48 0.48 0.49259087 0.5 0.5 0.5 0.5 0.49953256 -0.16 -0.16 -0.16 -0.16 -0.16 -0.5075 -0.5075 -0.5075 -0.5075 -0.5075 0.105 0.105 0.105 0.105 0.105 0.44012819 0.44000003 0.44 0.4400089 0.440997 -0.0725 -0.0725 -0.0725 -0.04750014 -0.0475
-0.36499956 -0.12967904 0.079999971 0.08 0.08 0.08 0.08 -0.047445712 -0.0475 -0.0475 -0.1075 -0.1075 -0.1075 -0.1075 -0.1246113 -0.125 -0.125 0.47998443 0.48 0.48 0.48 0.48 0.47999997 0.5 0.5 0.5 0.5 -0.19499995 -0.19499998 -0.18755115 -0.16 -0.16 -0.16 -0.5075 -0.5075 -0.5075 -0.5075 -0.50739841 0.105 0.105 0.105 0.105 0.10502279 0.4925 0.4925 0.4925 0.4925 0.49245443 -0.0725 -0.0725 -0.0725 -0.072499737 0.35153539
-0.125 -0.125 -0.071189195 0.08 0.08 0.08 0.08 0.08 -0.047444884 0.2625 0.2625 0.2625 0.26162191 -0.12499997 -0.125 -0.125 -0.125 -0.125 0.47999868 0.46871703 0.37 0.37 0.37 0.40270618 0.49319691 0.45679485 0.42573014 -0.195 -0.195 -0.195 -0.195 -0.195 -0.18781771 -0.34998032 -0.3575 -0.3575 -0.3575 -0.3575 0.16088643 0.40249947 0.4025 0.4025 0.4025 0.31750051 0.49249995 0.4925 0.4925 0.39 -0.072492591 -0.0725 -0.0725 0.3575 0.3575
-0.125 -0.125 -0.017500001 -0.0175 -0.0175 0.079967522 0.08 0.08 0.2625 0.2625 0.2625 0.2625 0.2625 -0.12499998 -0.125 -0.125 -0.125 -0.125 0.37 0.37 0.37 0.37 0.37 0.415 0.415 0.415 0.415 -0.195 -0.195 -0.195 -0.195 -0.195 0.3125 0.3125 -0.3575 -0.3575 -0.3575 0.60983524 0.61 0.4025 0.4025 0.4025 0.40250004 0.3175 0.3175 0.3175 0.39 0.39 0.39 0.2125 0.2125 0.3575 0.3575
-0.125 -0.125 -0.0175 -0.0175 -0.0175 -0.0175 -0.017498834 0.195 0.26243645 0.2625 0.2625 0.2625 0.2625 -0.12016629 -0.125 -0.125 -0.125 -0.125 0.36999999 0.37 0.37 0.37 0.37 0.415 0.415 0.415 0.415 0.41499756 -0.195 -0.195 -0.195 0.31247339 0.3125 0.3125 0.3125 -0.3575 0.60999999 0.61 0.61 0.60454029 0.63854237 0.6825 0.6825 0.3175 0.3175 0.3175 0.39 0.39 0.39 0.2125 0.2125 0.2125 0.2827784
-0.22 -0.21999925 -0.0175 -0.0175 -0.0175 -0.0175 0.195 0.195 0.195 0.2625 0.2625 0.2625 0.2625 0.26237954 -0.125 -0.125 -0.125 -0.125 0.36999132 0.37 0.37 0.37 0.40707513 0.415 0.415 0.415 0.415 0.67999978 0.68 0.67999999 -0.18558993 0.3125 0.3125 0.3125 0.31250045 0.77999999 0.61 0.61 0.61 0.61 0.6825 0.6825 0.6825 0.72 0.72 0.72 0.39499951 0.39 0.39 0.2125 0.2125 0.2125 0.2750025
-0.22 -0.22 -0.0175 -0.0175 -0.0175 0.195 0.195 0.195 0.195 0.25512273 0.2625 0.2625 0.2625 0.2624995 0.15246806 0.1525 0.1525 0.1525 0.41721092 0.485 0.485 0.485 0.485 0.415 0.415 0.415 0.41501748 0.68 0.68 0.68 0.68 0.31259611 0.57545523 0.78 0.78 0.78 0.61005656 0.62499969 0.625 0.625 0.68255091 0.7475 0.7475 0.72 0.72 0.71999862 0.395 0.395 0.4225 0.4225 0.4225 0.8075 1.1725
-0.22 -0.22 0.72 0.72 0.72 0.195 0.195 0.195 0.195 0.9925 0.9925 0.9925 0.9925 0.93330323 0.1525 0.1525 0.1525 0.1525 0.415 0.485 0.485 0.485 0.485 1.01 1.0099998 0.41500088 0.68 0.68 0.68 0.68 0.8293512 0.975 0.80320233 0.78 0.78 0.78 0.625 0.625 0.625 0.625 0.7475 0.7475 0.7475 0.76249527 0.7625 0.39665189 0.395 0.395 0.42250132 0.4225 0.8075 0.8075 1.1725
