interpolatedSpi/05-04|20_3.tif
NCOLS 53
NROWS 52
XLLCORNER -116.03883
YLLCORNER 28.596182
DX 0.49850594
DY 0.49788537
NODATA_VALUE -9999
-0.45 -0.45 -0.90294872 -1 -0.64 -0.76 -0.55 -0.74 -0.88074235 -1.08 -0.79 -0.3 -0.41997036 -0.06 -1.26 -1.26 -1.26 -0.07 -0.14 -0.14 -0.14 -0.14001252 -1.44 -0.57 -0.57 -0.57 -0.28999353 -0.29 -0.29 0.62 0.62 0.62 0.62 0.060000112 0.06 0.06 0.06 0.06 0.06 0.060000025 0.98008906 0.98951371 -0.92 -0.92 -0.92 -0.92 -0.91962433 -0.69 -0.69 -0.69 0.46999759 0.47 0.47 
-0.45001644 -0.82 -0.95999943 -0.87018541 -0.23069427 -0.39 -0.29 -0.85985646 -0.87 -0.49 -0.21 -0.42 -0.42 -0.089899966 -0.060010963 -1.26 -0.07 -0.07 -0.13990873 -0.14 -0.14 -0.14 -0.59316032 -0.57 -0.57 -0.57 -0.14000003 -0.14 0.62 0.62 0.62 0.62 0.62 0.060000082 0.06 0.06 0.06 0.06 0.060000009 0.055844053 0.020011651 -0.8059383 -0.92 -0.92 -0.92 -0.92 -0.92 -0.69 -0.69 -0.69 -0.59381169 0.47 0.47 
1.0299168 1.03 -0.47 0.73 -0.98 -0.79 -0.37 -1.04 -1 -0.93 0.09 -1.01 -0.71 -0.3 -0.09 -0.83 -0.07 -0.07 -0.07 -0.20997965 -0.21 -0.21 -1.01 -0.57 -0.57 -0.57 -0.14 -0.14 -0.14 0.62 0.62 0.6199999 -0.34280013 0.059015092 0.061116944 0.17890038 0.18 0.18 0.15987622 0.020000001 0.02 0.018797978 -0.92 -0.92 -0.92 -0.92 -0.92 -0.69 -0.69 -0.69 -0.69 0.47 0.47 
0.71 1.0299998 0.12989124 -0.08 -0.56 -0.81 -0.86 -1.63 -0.93 -0.40200357 -0.54 -0.55 -0.45 -0.3 -0.45 -0.83 -0.52237179 -0.5196847 -1.15 -0.21 -0.21 -1.76 -1.01 -1.01 -0.57 -0.56999785 -0.14 -0.14 -0.14 -0.84 -1.136286 -1.38 -1.38 -1.3799988 0.18 0.18 0.18 0.18 0.02 0.02 0.02 0.019999965 -0.92 -0.92 -0.92 -0.92 -0.92 -0.6900029 -0.69 -0.69 -0.69 0.46989842 0.47 
0.71 -0.079999615 0.13 -0.43305615 -0.56 -1.26 -1.1599465 -1.27 -0.69 -0.79000002 -0.77109509 -0.75994557 -0.38 -0.45 -0.45 -0.69938681 -0.52 -0.52 -1.15 -1.15 -0.21000312 -1.76 -2.1 -0.74 -0.2 -0.20026192 -0.14 -0.14 -0.84 -0.84 -1.38 -1.38 -1.38 -1.3441709 0.18 0.18 0.18 0.02 0.02 0.02 0.02 0.019981659 -0.91999999 -0.92 -0.92 -0.92 -0.92 -0.91795272 -0.69 -0.69008744 -2.64 -2.64 -2.64 
-1.13 -0.11 0.81999999 -0.36 -0.62 -0.46 -1.02 -1.0520072 -0.56 -1.44 -0.83 -0.37 -0.37000001 -0.47 -0.47 -0.61000483 -0.61 -1.18 -1.18 -1.1500006 -1.97 -1.97 -0.74 -0.2 -0.2 -1.32 -1.82 -1.82 -0.80000398 -0.84 -1.38 -1.38 -1.19 -1.1899164 -0.39005765 -1.7 -1.7 -0.51212126 0.02 0.02 -0.16976303 -0.17 -0.16999876 -2.2658157 -2.2898486 -2.2899996 -2.29 -2.2899995 -3.8686715 -2.64 -2.64 -2.64 -2.64 
-0.76001248 0.08 -0.86406595 0.07 0.39 -0.92 -0.61 -1.01 -1.54 -1.54 -0.83 -0.65 -1.4799999 -0.47 -0.62999952 -0.63 -0.61 -1.55 -1.81 -1.81 -1.8663217 -1.75 -1.75 -1.35 -1.32 -1.32 -1.82 -1.82 -0.80001515 -0.80027896 0.4951854 -1.19 -1.19 -0.39 -0.39 -1.4494656 -1.7 -1.7 -1.6900003 -0.17000212 -0.17 -0.17 -0.16999491 -2.2899939 -2.29 -2.29 -2.29 -2.2900011 -4.19 -2.6403072 -2.64 -2.64 -2.64 
-0.76 -0.93 -0.34 -0.89 -1.0499908 -0.83 -0.85 -1.5 -1.19 -1.48 -1.48 -1.19 -1.48 -1.48 -0.63583179 -1.349498 -1.42 -0.97 -1.1100007 -1.81 -1.9780168 -1.95 -2.28 -0.31000001 -0.310008 -0.93 -1.64 -1.6400001 -1.0590889 -1.06 0.5 -0.34805131 -0.52 -0.39 -0.39570424 -1.24 -1.24 -1.69 -1.69 -0.17 -0.17 -0.16999999 -1.1837995 -1.1900001 -2.29 -2.29 -2.29 -4.1899277 -4.19 -4.19 -2.64 -2.64 -2.64 
-1.0286151 -0.92999999 -0.62 0.09 -0.73 -1.35 -0.86 0.26 -0.96 -0.49748619 -0.51 -1.19 -1.19 -0.7 -0.70000639 -1.8687458 -1.87 -1.87 -0.99137124 -2.31 -2.28 -2.28 -2.02 -2.1775383 -0.86752037 -0.93 -1.58 -1.64 -0.79493935 -0.79 -0.3 -0.04 -0.36737573 -0.76 -0.59 -0.57 -1.06 -0.66 -0.36013853 -0.16750029 0.39 -0.33 -1.1899072 -1.19 -1.1961914 -2.29 -2.32 -4.19 -4.19 -4.19 -4.19 -2.4781403 -2.24 
-1.58 -1.58 -0.38 -0.25 -0.69 -0.95 -0.73 -0.97 -0.33 -0.38002964 -0.78 -0.15 -0.7 -0.7 -1.38 -1.3867206 -1.87 -1.8698432 -1.14 -2.31 -2.31 -2.306135 -2.02 -2.7399864 -2.74 -2.74 -1.58 -1.28 -1.28 -0.79 -0.79 -0.0412328 -0.69 -0.76 -0.25 -0.57 -1.06 -1.81 -0.36 0.476224 -0.32999997 -0.43652842 -0.62 -1.19 -1.19 -2.32 -2.32 -2.32 -4.19 -4.19 -1.34 -1.34 -1.3400003 
-1.58 -1.58 -1.83 -1.47 -0.82 -0.38 -1.1 -0.50007271 -1.35 -0.92 -1.11 -0.8 -0.15086616 -1.38 -1.38 -1.3800196 -1.55 -1.5284813 -1.14 -0.96 -0.96 -1.75 -1.75 -2.74 -2.74 -2.74 -1.28 -1.28 -1.28 -1.14 -1.14 -1.1399993 -0.33 -0.33 -0.84 -0.83 -0.32 -2.0799963 -1.17 0.49 0.49 -0.68999977 -0.62 -1.19 -1.6099998 -1.44 -0.80654629 -0.8 -1.08 -1.08 -1.34 -1.34 -1.34 
-1.58 -1.68785 -1.6763752 -1.5699809 -1.19 -1.41 -1.1 -0.5 -1.3499929 -0.92476388 -0.80000016 -0.8 -0.58 -1.38 -1.38 -1.55 -1.55 -1.5499767 -1.14 -0.96 -1.1151399 -1.75 -1.75 -2.7399594 -2.74 -2.3948445 -1.69 -1.69 -1.6899999 -1.14 -1.14 -1.49 -1.49 -0.3300014 -0.84 -1.1099998 -0.53327124 -2.08 -2.08 0.48999996 -0.69 -0.69 -0.69000664 -1.61 -1.61 -1.44 -0.8 -0.8 -1.08 -1.08 -1.34 -1.34 -1.34 
-1.88 -0.73007999 -0.64003136 -0.64673198 -1.1900009 -1.4099948 -1.1 -0.50738567 -1.2914263 -1.3387716 -0.58 -0.58 -0.58 -0.58 -1.3798867 -1.55 -1.55 -1.5447062 -1.14 -0.96001274 -1 -1 -1 -1 -2.7096831 -1.69 -1.69 -1.69 -1.69 -1.6896349 -1.49 -1.49 -1.49 -1.49 -1.11 -1.11 -1.11 -2.0327281 -2.0744422 -1.34 -1.34 -0.69003496 -1.5600017 -1.6099952 -1.61 -1.44 -0.8 -0.8 -1.08 -1.08 -1.3390567 -1.34 -1.5515112 
-1.88 -0.64 -0.64 -0.64 -0.64 -0.64000032 -1.1007934 -0.81621263 -1.1351571 -0.58081844 -0.58 -0.58 -0.58 -0.58 -0.57999987 -1.55 -1.5499999 -1.5218768 -1.1400053 -1 -1 -1 -1 -1 -1.0108111 -1.5779281 -1.53 -1.53 -1.53 -1.53 -1.49 -1.49 -1.4900002 -1.65 -1.65 -1.11 -1.2072192 -1.21 -1.3399999 -1.34 -1.34 -1.34 -1.56 -1.56 -1.56 -1.5591649 -0.98889672 -0.99 -0.99 -0.99 -0.99 0.95999953 0.96 
-0.080000002 -0.64 -0.64 -0.64 -0.64 -0.64 -0.64000003 -0.73467642 -0.39340033 -0.39 -0.39 -0.39 -0.39 -0.39 -0.39 -0.37054505 -1.5312375 -1.493857 -1.0000177 -1 -1 -1 -1 -0.99999984 -1.5 -1.5 -1.5 -1.53 -1.53 -1.5304606 -1.76 -1.76 -1.65 -1.65 -1.65 -1.2804831 -1.21 -1.21 -1.21 -1.34 -1.34 -1.34 -1.56 -1.56 -1.56 -1.56 -0.99 -0.99 -0.99 -0.99 -0.99 0.96 0.96 
-0.08 -0.28848164 -0.64 -0.64 -0.64 -0.64 -0.17009224 -0.17 -0.17000001 -0.39 -0.39 -0.39 -0.39 -0.39 -0.38558786 -0.37 -0.37 -0.37 -0.86042551 -0.86000014 -0.86 -0.86 -0.86 -0.86 -1.5 -1.5 -1.5 -1.5 -1.53 -1.76 -1.76 -1.76 -1.65 -1.65 -1.65 -0.94 -1.2096425 -1.21 -1.21 -1.3400479 -1.4357346 -1.6590436 -1.56 -1.56 -0.8521911 -0.85 -0.85 -0.98883389 -0.28248113 -0.28000006 -0.28000013 0.18011795 0.95999841 
-0.079999999 -0.54710819 -0.59951632 -0.64 -0.64 -0.1702777 -0.17 -0.17 -0.17 -0.17158538 -0.39 -0.39 -0.39 -0.39 -0.37 -0.37 -0.37 -0.37 -0.85956229 -0.86 -0.86 -0.86 -0.86 -0.86 -1.5 -1.5 -1.5 -1.5 -1.5009457 -1.76 -1.76 -1.76 -1.29 -1.6499191 -0.94 -0.94 -0.94 -0.94452705 -1.6315026 -1.66 -1.66 -1.66 -1.11 -1.11 -0.85 -0.85 -0.85 -0.28000001 -0.28 -0.28 -0.28 0.18 0.18 
-0.55943951 -0.56 -0.56 -0.56 -0.19 -0.17000052 -0.17 -0.17 -0.17 -0.17 -0.30596383 -0.38998554 -0.38999997 -0.37 -0.37 -0.37 -0.37 -0.37 -0.44250273 -0.86 -0.86 -0.86 -0.86 -0.86 -1.0967009 -0.99000276 -0.99 -0.99 -0.99 -1.76 -1.29 -1.29 -1.29 -1.29 -0.94 -0.9400108 -1.35 -1.35 -1.6561292 -1.66 -1.66 -1.66 -1.11 -1.11 -0.89025695 -0.85 -0.85 -0.28 -0.28 -0.28 -0.2750676 0.18 0.18 
-0.56 -0.56 -0.56 -0.38576148 -0.19 -0.19 -0.17 -0.17 -0.17 -0.17 0.72 0.72 0.72 -0.37 -0.37 -0.37 -0.37 -0.36995373 -0.91 -0.91 -0.86000002 -0.86 -0.85951308 -0.84 -0.84135038 -0.99 -0.99 -0.99 -0.99 -1.2899695 -1.29 -1.29 -1.29 -1.29 -1.3499986 -1.35 -1.35 -1.35 -1.351103 -1.66 -1.66 -1.66 -1.11 -1.11 -1.11 -0.85 -0.85 -0.28000001 -0.28 -0.28 0.18 0.18 0.18 
-0.56 -0.56 -0.56 -0.19 -0.19 -0.19 -0.18999997 -0.17 -0.17 0.71908126 0.72 0.72 0.72 0.71932088 -0.14336172 -0.09 -0.09 -0.090000004 -0.91 -0.91 -0.91 -0.84 -0.84 -0.84 -0.83982352 -0.58087104 -0.99 -0.99 -0.99 -1.4456703 -1.4899803 -1.49 -1.49 -1.49 -1.4415348 -1.5699995 -1.57 -1.57 -1.57 -0.75012451 -0.75 -0.75 -1.11 -1.11 -0.27000351 -0.2700001 -0.54 -0.54 -0.3 -0.3 -0.3 0.18 0.37982118 
-0.56000087 -0.56 -0.55999999 -0.19 -0.19 -0.19 -0.19 -0.24999998 -0.17031987 0.71991839 0.72 0.72 0.72 0.71841056 -0.09 -0.09 -0.09 -0.090000236 -0.91 -0.91 -0.91 -0.84 -0.84 -0.84 -0.21 -0.21 -0.64999999 -0.65 -0.65 -0.65458246 -1.49 -1.49 -1.49 -1.49 -1.529978 -1.57 -1.57 -1.57 -1.57 -0.75 -0.75 -0.75 -0.73489736 -0.27 -0.27 -0.27 -0.54 -0.54 -0.3 -0.3 -0.3 0.37999998 0.38 
-0.84 -0.72602243 -0.96 -0.95977661 -0.19 -0.24965284 -0.25 -0.25 -0.20991835 0.62999998 0.63 0.63 0.63 0.23001302 0.23 -0.089999754 -0.09 -0.11160579 -0.91 -0.91 -0.91 -1.01 -1.01 -1.01 -0.21 -0.21 -0.65 -0.65 -0.65 -0.65000045 -1.2700014 -1.2700006 -1.4844706 -1.4897641 -1.2203096 -1.22 -1.22 -1.22 -1.22 -0.75 -0.75 -0.75 -0.2964303 -0.27 -0.27 -0.27000006 -0.54 -0.54 -0.53999136 -0.3 -0.29999508 -0.19 0.38 
-1.4998747 -1.4999999 -0.96 -0.96 -0.96 -0.25 -0.25 -0.25 -0.14 -0.14 0.63 0.63 0.63 0.23 0.23 0.23 0.23 0.22987227 -0.91 -0.91 -0.91 -1.01 -1.01 -1.01 -0.21 -0.21 -0.65 -0.65 -0.65 -1.2630095 -1.27 -1.27 -1.27 -1.27 -1.2200247 -1.22 -1.22 -1.22 -1.22 -0.75 -0.75 -0.75 -0.75 -0.27000269 -0.62 -0.62 -0.62 -0.43 -0.43 -0.43 -0.19 -0.19 -0.19 
-1.5 -1.5 -0.96 -0.96 -0.96 -0.25373189 -0.25 -0.14 -0.14 -0.14 0.62990521 0.63 -0.072727262 0.22999989 0.23 0.23 0.23 -0.27 -0.27 -0.27 -0.79 -0.79000016 -1.0099989 -1.01 -1.0096331 -0.77 -0.77 -0.76999971 -0.65001939 -0.55014349 -0.55000383 -0.5501257 -1.2687694 -1.2693786 -1.2284373 -1.2199998 -1.2184919 -0.77 -0.77 -0.75 -0.75 -0.75 -0.75 -0.62 -0.62 -0.62 -0.62 -0.43 -0.43 -0.43 -0.19 -0.19 -0.19 
-1.5 -1.5 -0.96 -0.96 -0.96 -0.96 -0.20883021 -0.14 -0.14 -0.14 -0.14004971 -0.23 -0.23 -0.23 0.22728911 0.23 -0.26666812 -0.27 -0.27 -0.27 -0.79 -0.79 -0.79 -0.79 -0.77 -0.77 -0.77 -0.77 -0.77 -0.55 -0.55 -0.55 -0.55 -0.55000011 -0.6 -0.77 -0.77 -0.77 -0.77 -0.77000056 -0.95 -0.95 -0.95 -0.82959705 -0.58 -0.58 -0.58 -0.43 -0.43000011 -0.54 -0.54 0.059939181 0.06 
-1.5 -1.5 -1.1549021 -0.96 -0.96 -0.96000001 -1.5674624 -0.14450657 -0.14 -0.14 -0.23000017 -0.23 -0.23 -0.23 -0.23 -0.19230123 -0.27 -0.27 -0.27 -0.27 -0.78999598 -0.79 -0.79 -0.79 -0.77 -0.77 -0.77 -0.77 -0.77 -0.66823303 -0.55 -0.55 -0.55 -0.6 -0.6 -0.60013201 -0.77 -0.77 -0.97822805 -1.14 -0.95 -0.95 -0.95 -0.83116512 -0.58 -0.58 -0.58 -0.85 -0.54386257 -0.54 -0.54 0.06 0.06 
-1.4 -1.4 -1.4 -1.0703201 -0.95970973 -1.57 -1.57 -1.57 -1.57 -1.03 -1.03 -0.23000006 -0.23 -0.23 -0.23 -0.23000255 -0.27 -0.27 -0.27 -0.27 -0.56308887 -0.79 -0.79 -0.7651381 0.11858814 -0.77 -0.77 -0.77 -0.71 -0.71 -0.71 -0.70999933 -0.6 -0.6 -0.6 -0.6 -1.14 -1.14 -1.14 -1.14 -0.96 -0.96 -0.96 -0.59000744 -0.59 -0.59 -0.59 -0.85 -0.85 -0.54037772 -0.54 0.059998588 0.06 
-1.4 -1.4 -1.4 -1.399965 -0.75 -0.86924147 -1.57 -1.57 -1.57 -1.03 -1.03 -1.03 -0.48999999 -0.49 -0.49 -0.49 -0.27087928 -0.27 -0.27 -0.27 -0.27783319 0.15999739 0.16 0.16 0.16 0.15999996 -1.09 -1.09 -0.71 -0.71 -0.71 -0.71 -0.60000038 -0.6 -0.6 -0.60004235 -1.14 -1.14 -1.14 -1.1418425 -0.96 -0.96 -0.96 -0.59001716 -0.59 -0.59 -0.59 -0.85 -0.85 -0.84999992 -0.22 -0.22 0.94 
-1.4 -1.4 -1.4 -0.7500015 -0.75 -0.75 -1.5699997 -1.57 -1.57 -1.03 -1.03 -1.03 -0.49 -0.49 -0.49 -0.50980148 -0.75 -0.75 -0.74999876 -0.27271116 0.16 0.16 0.16 0.16 0.16 0.15905931 -1.09 -1.09 -1.09 -0.71 -0.71 -0.71012873 -1.12 -1.12 -1.12 -1.54 -1.54 -1.56 -1.56 -1.56 -0.1 -0.95973024 -0.95999321 -0.05 -0.05 -0.070465386 -0.58999901 -0.85 -0.85 -0.22 -0.22 -0.22 0.94 
-1.4 -1.4 -1.4 -0.75 -0.75 -0.75 -0.75 -1.57 -1.57 -1.03 -1.03 -0.51159221 -0.49 -0.49 -0.49 -0.75 -0.75 -0.75 -0.75 -0.75 0.16 0.16 0.16 0.16 0.16 -1.0899957 -1.09 -1.09 -1.09 -0.91 -0.91 -0.91 -1.12 -1.12 -1.12 -1.54 -1.54 -1.56 -1.56 -0.1 -0.1 -0.1 -0.05 -0.05 -0.05 -0.05 -0.0081048596 0.46 0.46 0.46 -0.21999998 0.89 0.89 
-1.4 -1.4 -1.3990948 -0.75 -0.75 -0.75 -0.75 -0.35967517 -0.34 -0.34118464 -1.03 -0.49000335 -0.49 -0.49 -0.4900009 -0.75 -0.75 -0.75 -0.75 -0.75 -1.5758262 0.16 0.16 0.16 0.1597446 -1.0899994 -1.09 -1.09 -1.09 -0.91 -0.91 -0.91 -0.91002761 -1.12 -1.54 -1.54 -1.54 -1.5400001 -1.5599004 -0.1 -0.1 -0.1 -0.050003035 -0.05 -0.05 -0.049999999 0.46000567 0.46 0.46 0.46 0.89 0.89 0.89 
0.28 0.27999706 -0.75030549 -0.75 -0.75 -0.75 -0.34008724 -0.34 -0.34 -0.34 -0.53 -0.53 -0.53 -0.53 -0.74898461 -0.75 -0.75 -0.75 -0.75 -1.6499995 -1.65 -1.65 -1.0799998 -1.08 -1.08 -1.08 -1.0808631 -1.09 -0.58002089 -0.58 -0.58 -0.58 -0.58 -0.55 -0.55 -0.55 -0.55 -0.55 0.2 0.2 0.2 0.2 0.2 1.028372 1.03 1.03 1.03 0.46 0.46 0.46 0.88993226 0.89 0.89 
0.28 0.28 0.2846883 0.8399968 0.83999965 0.83884858 -0.34 -0.34 -0.34 -0.34 -0.53 -0.53 -0.53 -0.53 -0.53 -0.75 -0.75 -0.75 -1.6499998 -1.65 -1.65 -1.65 -1.08 -1.08 -1.08 -1.08 -1.08 -1.0800016 -0.57996911 -0.58 -0.58 -0.58 -0.57998759 -0.21552804 -0.54965367 -0.55 -0.55 -0.54999999 0.2 0.2 0.2 0.2 0.2 1.03 1.03 1.03 1.03 0.76345686 0.46 0.95442153 0.96 0.38 0.38 
0.28 0.28 0.83992907 0.84 0.84 0.84 0.54028498 -0.34 -0.34 -0.34 -0.53 -0.53 -0.53 -0.53 -0.53 -0.74983027 -0.75 -1.6497361 -1.65 -1.65 -1.65 -1.65 -1.2911602 -1.08 -1.08 -1.08 -1.08 -1.0795892 -0.5 -0.5 -0.5 -0.5 -0.5 0.04 0.04 0.04 0.04 0.04 1.04 1.04 1.04 1.04 1.04 1.0310987 1.0300002 1.03 1.0300763 1.0391682 0.96 0.96 0.96 0.38000325 0.38 
0.28000175 1.2114788 0.84000005 0.84 0.84 0.84 0.84 -0.33949757 -0.34 -0.34 -0.53 -0.53 -0.53 -0.53 -0.48111057 -0.48 -0.48 -1.6499699 -1.65 -1.65 -1.65 -1.65 -1.6499997 -1.08 -1.08 -1.08 -1.08 -0.30000021 -0.30000009 -0.34256486 -0.5 -0.5 -0.5 0.040000001 0.04 0.04 0.04 0.04009482 1.04 1.04 1.04 1.04 1.0400176 1.48 1.48 1.48 1.48 1.4799581 0.96 0.96 0.96 0.95999992 0.82337266 
1.23 1.23 1.1742242 0.84 0.84 0.84 0.84 0.84 -0.33949482 0.49999999 0.5 0.5 0.4975556 -0.48000007 -0.48 -0.48 -0.48 -0.48 -1.6499897 -1.5617877 -0.79 -0.79 -0.79 -0.85988916 -1.0079673 -0.62253374 -0.29737211 -0.3 -0.3 -0.3 -0.3 -0.3 -0.30452769 0.17719413 0.18 0.18 0.18 0.18 1.083206 1.2699996 1.27 1.27 1.27 1.1700009 1.4799999 1.48 1.48 0.87 0.95999856 0.96 0.96 0.83 0.83 
1.23 1.23 1.34 1.34 1.34 0.84016655 0.84 0.84 0.5 0.5 0.5 0.5 0.5 -0.47999996 -0.48 -0.48 -0.48 -0.48 -0.79 -0.79 -0.79 -0.79 -0.79 -0.18000003 -0.18 -0.18 -0.18 -0.3 -0.3 -0.3 -0.3 -0.3 -0.07 -0.07 0.18 0.18 0.18 0.72990634 0.73 1.27 1.27 1.27 1.27 1.17 1.17 1.17 0.87 0.87 0.87 0.84 0.84 0.83 0.83 
1.23 1.23 1.34 1.34 1.34 1.34 1.3399982 1.02 0.5004896 0.5 0.5 0.5 0.5 -0.46777539 -0.48 -0.48 -0.48 -0.48 -0.78999999 -0.79 -0.79 -0.79 -0.79 -0.18 -0.18 -0.18 -0.18 -0.18000044 -0.3 -0.3 -0.3 -0.070012059 -0.07 -0.07 -0.07 0.18 0.72999999 0.73 0.73 0.74420841 1.2784301 1.28 1.28 1.17 1.17 1.17 0.87 0.87 0.87 0.84 0.84 0.84 1.1288864 
0.94 0.94000228 1.34 1.34 1.34 1.34 1.02 1.02 1.02 0.5 0.5 0.5 0.5 0.49969535 -0.48 -0.48 -0.48 -0.48 -0.78999386 -0.79 -0.79 -0.78999997 -0.2874212 -0.18 -0.18 -0.18 -0.18 0.36999955 0.37 0.36999999 -0.29280051 -0.07 -0.07 -0.07 -0.069999265 0.69999999 0.73 0.73 0.73 0.73 1.28 1.28 1.28 1.22 1.22 1.22 1.1099766 0.87 0.87 0.84 0.84 0.84 1.1600009 
0.94 0.94 1.34 1.34 1.34 1.02 1.02 1.02 1.02 0.55700367 0.5 0.5 0.5 0.49999887 0.63987111 0.64 0.64 0.64 0.94082868 0.97 0.97 0.97 0.97 -0.18 -0.18 -0.18 -0.17996372 0.37 0.37 0.37 0.37 -0.069867918 0.36310273 0.7 0.7 0.7 0.73220237 1.3199877 1.32 1.32 1.2800078 1.29 1.29 1.22 1.22 1.2199995 1.11 1.11 1.1 1.1 1.1 1.47 1.48 
0.94 0.94 1.73 1.73 1.73 1.02 1.02 1.02 1.02 0.6 0.6 0.6 0.6 0.60281889 0.64 0.64 0.64 0.64 0.94 0.97 0.97 0.97 0.97 1.07 1.0699995 -0.17999815 0.37 0.37 0.37 0.37 0.59276111 0.81 0.71308849 0.7 0.7 0.7 1.32 1.32 1.32 1.32 1.29 1.29 1.29 1.6498865 1.65 1.1124273 1.11 1.11 1.1000013 1.1 1.47 1.47 1.48 
0.94 1.73 1.73 1.73 1.73 1.73 1.0191461 0.91 0.91 0.6 0.6 0.6 0.6 0.60000947 0.64 0.64 0.64 0.65355495 0.94 0.94 0.97 0.97 1.07 1.07 1.07 1.07 0.37 0.37 0.37 0.37 0.81 0.81 0.81 0.70011131 0.7 0.7 1.32 1.32 1.32 1.32 1.29 1.29 1.29 1.65 1.65 1.6499858 1.4 1.4 1.38 1.38 1.47 1.47 1.48 
1.7225809 1.73 1.73 1.73 1.73 1.73 0.91 0.91 0.91 0.74407504 0.6 0.6 0.6 0.60000437 0.64 0.64 0.64 0.94 0.94 0.94 0.9699985 0.97000061 1.07 1.07 1.07 1.07 0.37004976 0.37 0.37 0.80989881 0.81 0.81 0.81 0.81 0.70117547 1.33 1.33 1.3298269 1.32 1.32 1.29 1.29 1.6395329 1.65 1.65 1.4000001 1.4 1.4 1.38 1.38 2.13 2.13 2.18 
1.73 1.73 1.73 1.73 1.73 1.73 0.91 0.91 0.91 0.91 0.81999366 0.82 0.82 0.82 0.64000271 1.2169089 1.54 1.54 0.9411061 0.94 0.94000001 1.0699999 1.07 1.07 1.07 1.07 1.0694911 0.37 0.37001504 0.81 0.81 0.81 0.81 0.81 1.33 1.33 1.33 1.33 1.33 1.3299997 1.2 1.2 1.2000001 1.57 1.57 1.57 1.57 1.57 1.73 1.73 2.13 2.1300001 2.18 
1.73 1.73 1.73 1.73 1.73 1.73 0.91 0.91 0.91 0.82 0.82 0.82 0.82 0.82 1.0097903 1.54 1.54 1.54 1.54 1.54 1.511352 1.07 1.07 1.07 1.07 1.0621497 0.82039175 0.43127686 0.80783015 0.81 0.81 0.81 0.81 0.81000114 1.33 1.33 1.33 1.33 1.33 1.2695243 1.2 1.2 1.2 1.57 1.57 1.57 1.57 1.57 1.73 1.73 0.82000002 2.1049767 2.18 
1.73 1.73 1.73 1.73 1.73 1.7299998 0.91000019 0.91 0.9062645 0.82 0.82 0.82 0.82 0.82 0.85453563 1.54 1.54 1.54 1.54 1.54 1.54 0.86048283 0.82000035 0.82 0.82 0.82 0.82 0.82 0.94807597 0.94999834 0.95 0.95 0.95 0.95000027 1.33 1.33 1.33 1.33 1.33 1.2 1.2 1.2 1.2 1.2000002 1.5697595 1.42 1.57 0.35145188 1.7287733 0.82 0.82 0.81085388 0.38 
1.73 1.73 1.73 1.73 1.73 1.7299476 0.91004423 0.90999455 0.82000011 0.82 0.82 0.82 0.82 0.82 0.83370007 1.54 1.54 1.54 1.54 1.54 1.54 0.82 0.82 0.82 0.82 0.82 0.82 0.82 0.94996411 0.95 0.95 0.95 0.95 0.95 1.05412 1.33 1.33 1.33 1.33 1.2 1.2 1.2 1.2 1.2000564 1.42 1.42 1.4131684 0.33 0.33 0.82 0.82 0.38 0.38 
1.73 1.73 1.73 1.73 1.73 1.7289064 0.91097085 0.83015591 0.82 0.82 0.82 0.82 0.82 0.82 0.83260484 1.54 1.54 1.54 1.54 1.54 1.4374851 0.82 0.82 0.82 0.82 0.82 0.82 0.82 0.94999948 0.95 0.95 0.95 0.95 0.95 0.95 0.94130025 0.33708425 0.0067035561 -0.043598567 1.0740138 1.2 1.2 1.2 1.4199824 1.42 1.4098524 -0.27999708 0.33 0.33 -0.31007197 -0.31 -0.31 0.37999969 
1.73 1.73 1.73 1.73 1.7299992 1.7231615 0.90796375 0.82002475 0.82 0.82 0.82 0.82 0.82 0.82 0.83681311 1.54 1.54 1.54 1.54 1.54 0.82000311 0.82 0.82 0.82 0.82 0.82 0.82 0.82 0.94999996 0.95 0.95 0.95 0.95 0.95 0.9499998 -0.07 -0.07 -0.07 -0.070000003 -0.76 -0.76 -0.76 -0.76 -0.27999508 -0.28 -0.28 -0.28 -0.28000376 -0.64 -0.64 -0.31 -0.31 -0.64425258 
1.73 1.73 1.73 1.7299999 1.7299771 1.7076974 0.82758631 0.82000118 0.82 0.82 0.82 0.82 0.82 0.82 0.84444124 1.5399997 1.54 1.54 1.54 1.5356666 0.82 0.82 0.82 0.82 0.82 0.82 0.82 0.82 0.94999997 0.95 0.95 0.95 0.95 0.95 -0.069999064 -0.07 -0.07 -0.07 -0.07 -0.76 -0.76 -0.76 -0.76 -0.63045006 -0.28 -0.28 -0.28 -0.63999597 -0.64 -0.64 -0.79 -0.79 -0.79 
1.73 1.73 1.73 1.7299981 1.7297753 1.6423773 0.82050226 0.8200003 0.82 0.82 0.82 0.82 0.82 0.82000005 0.85477443 1.5399831 1.54 1.54 1.5399992 0.83458834 0.82 0.82 0.82 0.82 0.82 0.82 0.82 0.82 0.94999988 0.95 0.95 0.95 0.95 0.13011306 -0.07000003 -0.07 -0.07 -0.07 -0.07 -0.76 -0.76 -0.76 -0.76 -0.76 -0.28 -0.28 -0.28 -0.64 -0.64 -0.64 -0.79 -0.79 -0.79 
1.73 1.7299999 1.7299992 1.729978 1.72863 1.2045352 0.82010833 0.82000018 0.82 0.82 0.82 0.82 0.82 0.82000135 0.86705974 1.539737 1.54 1.54 1.5362722 0.82006122 0.82 0.82 0.82 0.82 0.82 0.82 0.82 0.82000008 0.94999919 0.95 0.94999921 -0.071538361 -0.17 -0.17 -0.17 -0.07 -0.07 -0.07 -0.07 -0.76 -0.76 -0.76 -0.76 -0.76 -0.28000851 -0.28 -0.28000018 -0.63999997 -0.64 -0.64000008 -0.79 -0.79 -0.79 
