interpolatedSpi/05-05|22_3.tif
NCOLS 53
NROWS 52
XLLCORNER -116.03883
YLLCORNER 28.596182
DX 0.49850594
DY 0.49788537
NODATA_VALUE -9999
-0.22 -0.22 -0.26353846 -0.09 0.72 0.53 0.53 0.4 -0.31175296 -1.25 -0.9 -0.46 -0.24997941 -2.0538969e-47 -0.36 -0.36 -0.36 0.21 -0.43 -0.43 -0.43 -0.43001117 -1.59 0.47 0.47 0.47 2.1799845 2.18 2.18 1.3 1.3 1.3 1.3 2.6699997 2.67 2.67 2.67 2.67 2.67 2.67 1.8983125 1.8899291 1.61 1.61 1.61 1.61 1.6096897 1.42 1.42 1.42 2.3199981 2.32 2.32 
-0.22007642 -1.94 -0.43000007 -0.29848578 -0.2596198 0.4 0.34 0.17982776 -0.43 -0.58 -0.11 -0.25 -0.25 0.21926642 -5.2266951e-07 -0.36 0.21 0.21 -0.42916553 -0.43 -0.43 -0.43 0.50631959 0.47 0.47 0.47 1.4899999 1.49 1.3 1.3 1.3 1.3 1.3 2.6699998 2.67 2.67 2.67 2.67 2.67 2.6935302 2.8699523 1.7628907 1.61 1.61 1.61 1.61 1.61 1.42 1.42 1.42 1.4946289 2.32 2.32 
-0.46001923 -0.46 -0.49 0.06 -0.69 -1.02 -0.15 -0.46 -0.92 -0.35 -0.26 0.26 0.32 0.34 0.22 -1.04 0.21 0.21 0.21 -0.21006395 -0.21 -0.21 1.16 0.47 0.47 0.47 1.49 1.49 1.49 1.3 1.3 1.3 1.7525161 2.6687713 2.6659976 2.2439403 2.24 2.24 2.3192374 2.87 2.87 2.8683888 1.61 1.61 1.61 1.61 1.61 1.42 1.42 1.42 1.42 2.32 2.32 
-0.99 -0.46000023 -1.5799096 0.43 -1.36 -0.69 0.02 -0.73 -0.86 0.5067038 -0.01 -0.51 -0.37 0.34 -1.34 -1.04 -1.0896175 -1.0890891 -0.31 -0.21 -0.21 0.05 1.16 1.16 0.47 0.47000509 1.49 1.49 1.49 1.27 1.8022174 2.24 2.24 2.24 2.24 2.24 2.24 2.24 2.87 2.87 2.87 2.87 1.61 1.61 1.61 1.61 1.61 1.4200024 1.42 1.42 1.42 2.3199631 2.32 
-0.99 -0.23000248 -1.58 -1.189388 -1.36 -1.03 -0.019989542 -0.07 -0.17 0.47999952 -0.34977831 -0.74002005 -0.88 -1.34 -1.34 -1.1400561 -1.09 -1.09 -0.31 -0.31 -0.20999944 0.05 0.44 0.85 2 1.9999204 1.49 1.49 1.27 1.27 2.24 2.24 2.24 2.0947988 2.24 2.24 2.24 2.87 2.87 2.87 2.87 2.8699691 1.61 1.61 1.61 1.61 1.61 1.6083088 1.42 1.4199897 1.19 1.19 1.19 
-3.1 -1.31 -1.51 -0.54 -1.98 -0.75 -0.94 -0.82861508 -0.12 -0.76 -0.81 -1.22 -1.2199998 -1.1 -1.1 -1.6096789 -1.61 -0.36 -0.36 -0.30999989 0.47 0.47 0.85 2 2 1.66 1.78 1.78 1.869945 1.27 2.24 2.24 1.47 1.4700846 2.279942 2.13 2.13 2.6410641 2.87 2.87 2.5503991 2.55 2.5500014 2.4842891 2.4999016 2.4999998 2.5 2.4999997 2.0680154 1.19 1.19 1.19 1.19 
-0.90001902 -2.82 -2.2090141 -1.56 -1.52 -1.64 -1.29 -1.44 -1.09 -1.09 -0.81 -0.84 -0.76999995 -1.1 -0.28000246 -0.28 -1.61 -0.08 -0.18 -0.18 0.26264345 0.03 0.03 1.57 1.66 1.66 1.78 1.78 1.8699784 1.869603 2.0483039 1.47 1.47 2.28 2.28 2.2879456 2.13 2.13 2.8099764 2.5500004 2.55 2.55 2.5500074 2.500001 2.5 2.5 2.5 2.4999998 2.24 1.1902081 1.19 1.19 1.19 
-0.9 -0.19 -0.76 -3.33 -3.1100126 -2.02 -2.42 -2.11 -1.84 -1.25 -1.25 -0.58 -0.77 -0.77 -0.28336185 -0.92663745 -0.99 -0.08 -0.93999922 -0.18 0.37528848 0.45 -0.25 0.48 0.48000451 0.83 1.49 1.4900001 1.5012965 1.5 2.05 1.019195 1.41 2.28 2.2797148 2.42 2.42 2.81 2.81 2.55 2.55 2.55 2.6781057 2.68 2.5 2.5 2.5 2.2400099 2.24 2.24 1.19 1.19 1.19 
-0.38419589 -0.19 0.47 -2 -2.16 -2.38 -2.51 -1.24 -1.34 -1.0130506 -0.6 -0.46000001 -0.46 -0.12 -0.12000771 -0.12242476 -0.12 -0.12 -0.21128031 0.13999988 -0.43 -0.42999999 0.14 -0.096307408 0.79472924 0.83 1.36 1.49 1.9274432 1.93 0.91 1.87 1.6080991 1.31 2.27 2.21 2.75 2.33 2.8297691 2.5525444 3.12 2.39 2.6799398 2.68 2.6789869 2.5 2.24 2.24 2.24 2.24 2.24 1.2784003 1.04 
-1.47 -1.47 0.41 -1.28 -2.64 -2.55 -2.52 -2.29 -1.24 -0.93014573 -0.95 -0.37 -0.12 -0.12 -0.94 -0.92875333 -0.12 -0.12013499 -0.75 0.14 0.14 0.066564864 0.14 1.0199833 1.02 1.02 1.36 1.63 1.63 1.93 1.93 1.8690138 1.35 1.31 2.22 2.21 2.75 2.65 2.83 1.6691242 2.39 2.3606128 2.31 2.68 2.68 2.24 2.24 2.24 2.24 2.24 1.9 1.9 1.8999997 
-1.47 -1.47 -0.2 -0.67 -1.74 -1.73 -2.47 -1.22027 -1.61 -1.23 -1.16 -1.63 -0.37167706 -0.94 -0.94 -0.9399354 -0.38 -0.39941934 -0.75 -0.07 -0.07 -0.01 -0.01 1.02 1.02 1.02 1.63 1.63 1.63 0.81 0.81 0.81000089 2.22 2.22 1.89 1.8 2.69 1.9300026 2.52 1.65 1.65 1.9700011 2.31 2.68 2.2900003 2.63 2.5486649 2.55 2.83 2.83 1.9 1.9 1.9 
-1.47 -0.92169345 -0.40056576 -0.74998772 0.28 -2.18 -2.47 -1.22 -1.6099967 -1.2342099 -1.6299995 -1.63 -1.47 -0.94 -0.94 -0.38000002 -0.38 -0.38002106 -0.75 -0.07 -0.058217221 -0.01 -0.01 1.0199587 1.02 1.2566781 1.74 1.74 1.74 0.81 0.81 1.18 1.18 2.2199991 1.89 2.4699999 2.6178406 1.93 1.93 1.65 1.97 1.97 1.9700024 2.29 2.29 2.63 2.55 2.55 2.83 2.83 1.9 1.9 1.9 
0.29 -0.058343643 -0.040022944 -0.045131109 0.27998723 -2.1799419 -2.47 -1.2353868 -1.583125 -1.6000772 -1.47 -1.47 -1.47 -1.47 -0.94007508 -0.38 -0.38 -0.38477729 -0.75 -0.069946434 0.13 0.13 0.13 0.13 1.0055566 1.74 1.74 1.74 1.74 1.7394271 1.18 1.18 1.18 1.18 2.47 2.47 2.47 1.9563987 1.9312017 2.09 2.09 1.9700065 2.1800038 2.2899894 2.29 2.63 2.55 2.55 2.83 2.83 1.9033739 1.9 2.3085515 
0.29 -0.04 -0.04 -0.04 -0.04 -0.040000885 -2.4692573 -1.8785971 -1.511425 -1.4701412 -1.47 -1.47 -1.47 -1.47 -1.4699996 -0.38000001 -0.38000006 -0.40537947 -0.74999199 0.13 0.13 0.13 0.13 0.13 0.14708362 1.5971435 1.63 1.63 1.63 1.63 1.18 1.18 1.1800006 1.67 1.67 2.47 2.6352726 2.64 2.0900003 2.09 2.09 2.09 2.18 2.18 2.18 2.1831316 2.6990407 2.7 2.7 2.7 2.7 1.88 1.88 
1.06 -0.04 -0.04 -0.04 -0.04 -0.04 -0.040000155 -1.3739311 -0.97200912 -0.97 -0.97 -0.97 -0.97 -0.97 -0.97 0.6074509 -0.363846 -0.43066511 0.12988948 0.13 0.13 0.13 0.13 0.13000065 0.92 0.92 0.920001 1.63 1.63 1.6284982 0.88 0.88 1.67 1.67 1.67 2.4846163 2.64 2.64 2.64 2.09 2.09 2.09 2.18 2.18 2.18 2.18 2.7 2.7 2.7 2.7 2.7 1.88 1.88 
1.06 0.6504825 -0.04 -0.04 -0.04 -0.04 0.6298685 0.63 0.62999996 -0.97 -0.97 -0.97 -0.97 -0.97 -0.61482274 0.64 0.64 0.64 0.68829479 0.68999943 0.69 0.69 0.69 0.69 0.92 0.92 0.92 0.92 1.63 0.88 0.88 0.88 1.6699999 1.67 1.67 2.15 2.6393512 2.64 2.64 2.0899358 1.9613566 1.6612852 2.18 2.18 1.2728083 1.27 1.27 2.6967755 0.74684931 0.74000017 0.74000037 1.2800907 1.8799988 
1.06 0.58316031 0.26868808 -0.04 -0.04 0.62960413 0.63 0.63 0.63 0.61846994 -0.97 -0.97 -0.97 -0.96999981 0.64 0.64 0.64 0.64 0.68995534 0.69 0.69 0.69 0.69 0.69 0.91999999 0.92 0.92 0.92 0.9198545 0.88 0.88 0.88 0.9 1.6700302 2.15 2.15 2.15 2.1437707 1.7220371 1.66 1.66 1.66 1.18 1.18 1.27 1.27 1.27 0.74000001 0.74 0.74 0.74 1.28 1.28 
0.57051082 0.57 0.57 0.57 0.16 0.62998788 0.63 0.63 0.63 0.63 -0.81479761 -0.96997329 -0.96999994 0.64 0.64 0.64 0.64 0.64 0.64897002 0.69 0.69 0.69 0.69 0.69 0.47020859 -0.05999469 -0.06 -0.06 -0.06 0.88 0.9 0.9 0.9 0.9 2.15 2.149985 1.58 1.58 1.6590011 1.66 1.66 1.66 1.18 1.18 1.2560649 1.27 1.27 0.74 0.74 0.74 0.7457902 1.28 1.28 
0.57 0.57 0.57 0.37692488 0.16 0.16 0.63 0.63 0.63 0.63 1.08 1.08 1.08 0.64 0.64 0.64 0.64 0.64003305 0.72 0.72 0.69000001 0.69 0.68464393 0.47 0.46522864 -0.06 -0.06 -0.06 -0.06 0.89990225 0.9 0.9 0.9 0.9 1.580002 1.58 1.58 1.58 1.5802405 1.66 1.66 1.66 1.18 1.18 1.18 1.27 1.27 0.74 0.74 0.74 1.28 1.28 1.28 
0.57 0.57 0.57 0.16 0.16 0.16 0.16000072 0.63 0.63 1.0795355 1.08 1.08 1.08 1.0797259 0.80188448 0.84 0.84 0.84 0.72 0.72 0.72 0.47 0.47 0.47 0.4697899 -0.17539535 -0.06 -0.06 -0.060000003 0.17029518 0.030085568 0.03 0.03 0.03 1.2831457 0.87000161 0.87 0.87 0.87 0.46016419 0.46 0.46 1.18 1.18 0.46000301 0.46000005 0.59 0.59 0.74 0.74 0.74 1.28 0.6505633 
0.56999929 0.57 0.56999999 0.16 0.16 0.16 0.15999999 -0.59999964 0.62508198 1.0790116 1.08 1.08 1.08 1.0795291 0.84 0.84 0.84 0.83999997 0.72 0.72 0.72 0.47 0.47 0.47 -0.28 -0.28 -0.75999999 -0.76 -0.76 -0.7556903 0.03 0.03 0.03 0.03 0.44976919 0.87 0.87 0.87 0.87 0.46 0.46 0.46 0.46 0.46 0.46 0.46 0.59 0.59 0.74 0.74 0.74 0.65 0.65 
0.34 0.43014461 -0.2 -0.19989556 0.16 -0.59560267 -0.6 -0.6 -0.54169942 -0.01000001 -0.01 -0.01 -0.01 0.68997721 0.69 0.83999988 0.84 0.83683818 0.72 0.72 0.72 -0.35 -0.35 -0.35 -0.28 -0.28 -0.76 -0.76 -0.76 -0.75999968 -0.31999778 -0.31999902 0.021203276 0.029624776 -0.21970828 -0.22 -0.22 -0.22 -0.22 0.46 0.46 0.46 0.45999933 0.46 0.46 0.45999991 0.59 0.59 0.5900054 0.74 0.7399763 0.21 0.65 
0.17003228 0.16999994 -0.2 -0.2 -0.2 -0.6 -0.6 -0.6 -0.44 -0.44 -0.01 -0.01 -0.01 0.69 0.69 0.69 0.69 0.6900039 0.72 0.72 0.71999996 -0.35 -0.35 -0.35 -0.28 -0.28 -0.76 -0.76 -0.76 -0.32496103 -0.32 -0.32 -0.32 -0.32 -0.22004934 -0.22 -0.22 -0.22 -0.22 -0.53999974 -0.54 -0.54 -0.54 0.45999593 -0.07 -0.07 -0.07 0.41 0.41 0.41 0.21 0.21 0.21 
0.17 0.17 -0.2 -0.2 -0.2 -0.59789753 -0.6 -0.44 -0.44 -0.44 -0.010052933 -0.01 -0.026342494 0.68999984 0.69 0.69 0.69 -0.019999999 -0.02 -0.02 -0.67999999 -0.67999975 -0.35000161 -0.35 -0.35010484 -0.56 -0.56 -0.56000048 -0.75996768 -0.47996811 -0.47999915 -0.47997207 -0.32027346 -0.32013808 -0.23791521 -0.2200002 -0.22170913 -0.73 -0.73 -0.54 -0.54 -0.54 -0.54 -0.07 -0.07 -0.07 -0.07 0.41 0.41 0.41 0.21 0.21 0.21 
0.17 0.17 -0.2 -0.2 -0.2 -0.2 -0.54011667 -0.44 -0.44 -0.44 -0.43977352 -0.03 -0.03 -0.03 0.68575687 0.69 -0.015268735 -0.02 -0.02 -0.02 -0.68 -0.68 -0.68 -0.68 -0.56 -0.56 -0.56 -0.56 -0.56 -0.48 -0.48 -0.48 -0.48 -0.48000038 -0.66 -0.73 -0.73 -0.73 -0.73 -0.72999807 -0.15 -0.15 -0.15 -0.032852713 0.21 0.21 0.21 0.40999999 0.40999956 -0.04 -0.04 0.29997811 0.3 
0.17 0.17 -0.066455981 -0.2 -0.2 -0.20000001 -0.8592547 -0.44132361 -0.44 -0.44 -0.030000105 -0.03 -0.03 -0.03 -0.03 0.029017569 -0.02 -0.02 -0.02 -0.02 -0.67999489 -0.68 -0.68 -0.68 -0.56 -0.56 -0.56 -0.56 -0.56 -0.89381559 -0.48 -0.48 -0.48 -0.66 -0.66 -0.66005436 -0.73 -0.73 -0.44298296 -0.22000004 -0.15 -0.15 -0.15 -0.035543039 0.21 0.21 0.21 -0.26 -0.042741179 -0.04 -0.04 0.3 0.3 
-0.64 -0.64 -0.64 -0.31032009 -0.20097018 -0.86 -0.86 -0.86 -0.86 -0.53 -0.53 -0.030000035 -0.03 -0.03 -0.03 -0.029999404 -0.02 -0.02 -0.02 -0.02 -0.39199741 -0.68 -0.68 -0.68575749 -0.88486018 -0.56 -0.56 -0.56 -1.04 -1.04 -1.04 -1.0399976 -0.66 -0.66 -0.66 -0.66 -0.22 -0.22 -0.22 -0.22 0.21 0.21 0.21 -0.12999316 -0.13 -0.13 -0.12999989 -0.26 -0.26 -0.040268058 -0.04 0.2999995 0.3 
-0.64 -0.64 -0.64 -0.64001185 -0.86 -0.86 -0.86 -0.86 -0.86 -0.53 -0.53 -0.53 -0.97999996 -0.98 -0.98 -0.97999998 -0.021410504 -0.02 -0.02 -0.02 -0.030019958 -0.8999994 -0.9 -0.9 -0.9 -0.9 -1.07 -1.07 -1.04 -1.04 -1.04 -1.04 -0.66000001 -0.66 -0.66 -0.66000163 -0.21999999 -0.22 -0.22 -0.21828914 0.21 0.21 0.21 -0.12998423 -0.13 -0.13 -0.13 -0.26 -0.26 -0.25999994 0.2 0.2 -0.05 
-0.64 -0.64 -0.64 -0.85999949 -0.86 -0.86 -0.86 -0.86 -0.86 -0.53 -0.53 -0.53 -0.98 -0.98 -0.98 -0.96552969 -0.79 -0.79 -0.78999801 -0.024349168 -0.9 -0.9 -0.9 -0.9 -0.9 -0.90012793 -1.07 -1.07 -1.07 -1.04 -1.04 -1.0400837 -0.68 -0.68 -0.68 0.0099999971 0.010000001 0.17 0.17 0.17 0.82 0.21019134 0.20999978 0.18 0.18 0.16825135 -0.1299994 -0.26 -0.26 0.2 0.2 0.2 -0.05 
-0.64 -0.64 -0.64 -0.86 -0.86 -0.86 -0.86 -0.86 -0.86 -0.53 -0.53 -0.96200649 -0.98 -0.98 -0.98 -0.79 -0.79 -0.79 -0.79 -0.79 -0.9 -0.9 -0.9 -0.9 -0.9 -1.0699994 -1.07 -1.07 -1.07 -1.17 -1.17 -1.17 -0.68 -0.68 -0.68 0.01 0.01 0.17 0.17 0.82 0.82 0.82 0.18 0.18 0.18 0.18 0.22271661 0.7 0.7 0.7 0.20000001 0.6 0.6 
-0.64 -0.64 -0.64030636 -0.86 -0.86 -0.86 -0.86 -1.5264082 -1.56 -1.5582316 -0.53000003 -0.98002596 -0.98 -0.98 -0.97999934 -0.79 -0.79 -0.79 -0.79 -0.79 -0.93835181 -0.9 -0.9 -0.9 -0.89992379 -1.0699696 -1.07 -1.07 -1.07 -1.17 -1.17 -1.17 -1.1699302 -0.68 0.01 0.01 0.01 0.010006794 0.17004433 0.82 0.82 0.82 0.18003885 0.18 0.18 0.18 0.70000186 0.7 0.7 0.7 0.6 0.6 0.6 
-1.58 -1.5799984 -0.85990971 -0.86 -0.86 -0.86 -1.559851 -1.56 -1.56 -1.56 -1.29 -1.29 -1.29 -1.29 -0.79230764 -0.79 -0.79 -0.79 -0.79 -0.93999991 -0.94 -0.94 -0.53000006 -0.53 -0.53 -0.53 -0.57660895 -1.07 -1.2799914 -1.28 -1.28 -1.28 -1.28 0.3 0.3 0.3 0.3 0.3 1.2 1.2 1.2 1.2 1.2 0.88892973 0.89 0.89 0.89 0.7 0.7 0.7 0.60001575 0.6 0.6 
-1.58 -1.58 -1.5773206 -1.2599992 -1.2599999 -1.2602922 -1.56 -1.56 -1.56 -1.56 -1.29 -1.29 -1.29 -1.29 -1.29 -0.79 -0.79 -0.79 -0.93999996 -0.94 -0.94 -0.94 -0.53 -0.53 -0.53 -0.53 -0.53 -0.53011502 -1.2800077 -1.28 -1.28 -1.28 -1.2800031 0.23764082 0.29993543 0.3 0.3 0.3 1.2 1.2 1.2 1.2 1.2 0.89 0.89 0.89 0.89 0.80115229 0.7 0.84832646 0.85 0.4 0.4 
-1.58 -1.58 -1.2600405 -1.26 -1.26 -1.26 -1.3361987 -1.56 -1.56 -1.56 -1.29 -1.29 -1.29 -1.29 -1.29 -0.79038509 -0.79 -0.93995602 -0.94 -0.94 -0.94 -0.94 -0.68188716 -0.53 -0.53 -0.53 -0.53 -0.53054515 -1.3 -1.3 -1.3 -1.3 -1.3 0.19 0.19 0.19 0.19 0.19 0.76 0.76 0.76 0.76 0.76 0.89085458 0.89000018 0.89 0.89005933 0.89713294 0.85 0.85 0.85 0.40000252 0.4 
-1.5799997 -1.4133143 -1.26 -1.26 -1.26 -1.26 -1.26 -1.5598723 -1.56 -1.56 -1.29 -1.29 -1.29 -1.29 -1.3291115 -1.33 -1.33 -0.94001004 -0.94 -0.94 -0.94 -0.94 -0.94000008 -0.53 -0.53 -0.53 -0.53 -0.81000045 -0.81000023 -0.91428391 -1.3 -1.3 -1.3 0.19 0.19 0.19 0.19 0.19004741 0.76 0.76 0.76 0.76 0.76000843 1.24 1.24 1.24 1.24 1.2399685 0.85 0.85 0.85 0.84999973 0.40985273 
-1.41 -1.41 -1.3645014 -1.26 -1.26 -1.26 -1.26 -1.26 -1.5598714 -1.26 -1.26 -1.26 -1.2600712 -1.3299999 -1.33 -1.33 -1.33 -1.33 -0.94000516 -0.98410617 -1.37 -1.37 -1.37 -1.1600111 -0.59883128 -0.96713442 -1.2775786 -0.81 -0.81 -0.81 -0.81 -0.81 -0.82370014 0.2518069 0.26 0.26 0.26 0.26 0.78066375 0.8699998 0.87 0.87 0.87 1.0500006 1.24 1.24 1.24 1.04 0.85000304 0.85 0.85 0.41 0.41 
-1.41 -1.41 -1.29 -1.29 -1.29 -1.26001 -1.26 -1.26 -1.26 -1.26 -1.26 -1.26 -1.26 -1.33 -1.33 -1.33 -1.33 -1.33 -1.37 -1.37 -1.37 -1.37 -1.37 -1.39 -1.39 -1.39 -1.39 -0.81 -0.81 -0.81 -0.81 -0.81 -0.47 -0.47 0.26 0.26 0.26 0.65993188 0.66 0.87 0.87 0.87 0.87000003 1.05 1.05 1.05 1.04 1.04 1.04 0.7 0.7 0.41 0.41 
-1.41 -1.41 -1.29 -1.29 -1.29 -1.29 -1.2899999 -1.28 -1.2600188 -1.26 -1.26 -1.26 -1.26 -1.3291268 -1.33 -1.33 -1.33 -1.33 -1.37 -1.37 -1.37 -1.37 -1.37 -1.39 -1.39 -1.39 -1.39 -1.3899976 -0.81 -0.81 -0.81 -0.47001783 -0.47 -0.47 -0.47 0.26 0.66 0.66 0.66 0.66552549 1.0217415 1.05 1.05 1.05 1.05 1.05 1.04 1.04 1.04 0.7 0.7 0.7 0.15639942 
-1.37 -1.3700003 -1.29 -1.29 -1.29 -1.29 -1.28 -1.28 -1.28 -1.26 -1.26 -1.26 -1.26 -1.2600218 -1.33 -1.33 -1.33 -1.33 -1.3699992 -1.37 -1.37 -1.37 -1.3864728 -1.39 -1.39 -1.39 -1.39 -1.2100001 -1.21 -1.21 -0.81428037 -0.47 -0.47 -0.47 -0.47000006 -0.53 0.66 0.66 0.66 0.66 1.05 1.05 1.05 0.62 0.62 0.62 0.64003895 1.04 1.04 0.7 0.7 0.7 0.13000036 
-1.37 -1.37 -1.29 -1.29 -1.29 -1.28 -1.28 -1.28 -1.28 -1.2621881 -1.26 -1.26 -1.26 -1.2600012 -1.6099678 -1.61 -1.61 -1.61 -1.0171727 -1.21 -1.21 -1.21 -1.21 -1.39 -1.39 -1.39 -1.3899881 -1.21 -1.21 -1.21 -1.21 -0.47014948 -0.50374826 -0.53 -0.53 -0.53 0.65756956 0.010013533 0.01 0.01 1.049389 0.27000002 0.27 0.62 0.62 0.62000008 0.64 0.64 0.54 0.54 0.54 0.33 0.26 
-1.37 -1.37 -1.29 -1.29 -1.29 -1.28 -1.28 -1.28 -1.28 -1.12 -1.12 -1.12 -1.12 -1.1545314 -1.61 -1.61 -1.61 -1.61 -1.01 -1.21 -1.21 -1.21 -1.21 -1.9 -1.8999998 -1.3900008 -1.21 -1.21 -1.21 -1.21 -1.4378239 -1.66 -0.6644545 -0.53 -0.53 -0.53 0.01 0.01 0.01 0.01 0.27 0.27 0.27 0.61988963 0.62 0.6399101 0.64 0.64 0.54000009 0.54 0.33 0.33 0.26 
-1.37 -1.29 -1.29 -1.29 -1.29 -1.29 -1.2799224 -1.27 -1.27 -1.12 -1.12 -1.12 -1.12 -1.120116 -1.61 -1.61 -1.61 -1.5828901 -1.01 -1.01 -1.21 -1.21 -1.9 -1.9 -1.9 -1.9 -1.21 -1.21 -1.21 -1.21 -1.66 -1.66 -1.66 -0.53114347 -0.53 -0.53 0.01 0.01 0.01 0.01 0.27 0.27 0.27 0.62 0.62 0.62000793 0.76 0.76 0.55 0.55 0.33 0.33 0.26 
-1.2907513 -1.29 -1.29 -1.29 -1.29 -1.29 -1.27 -1.27 -1.27 -1.1897137 -1.12 -1.12 -1.12 -1.1200055 -1.61 -1.61 -1.61 -1.01 -1.01 -1.01 -1.20999 -1.2100042 -1.9 -1.9 -1.9 -1.9 -1.210049 -1.21 -1.21 -1.6598965 -1.66 -1.66 -1.66 -1.66 -0.53286489 -0.63 -0.63 -0.61892369 0.01 0.01 0.26999977 0.27 0.60982368 0.62 0.62 0.75999995 0.76 0.76 0.55 0.55 0.7 0.7 0.66 
-1.29 -1.29 -1.29 -1.29 -1.29 -1.29 -1.27 -1.27 -1.27 -1.27 -1.2899951 -1.29 -1.29 -1.29 -1.6099982 -1.2766749 -1.09 -1.09 -1.0101475 -1.01 -1.01 -1.899999 -1.9 -1.9 -1.9 -1.9 -1.8994983 -1.21 -1.2100154 -1.66 -1.66 -1.66 -1.66 -1.66 -0.63 -0.63 -0.63 -0.63 -0.63 -0.62999614 0.04 0.04 0.040000082 0.28 0.28 0.28 0.23 0.23 0.16 0.16 0.7 0.69999991 0.66 
-1.29 -1.29 -1.29 -1.29 -1.29 -1.29 -1.27 -1.27 -1.27 -1.29 -1.29 -1.29 -1.29 -1.29 -1.2372805 -1.09 -1.09 -1.09 -1.09 -1.09 -1.0861803 -1.9 -1.9 -1.9 -1.9 -1.9182126 -2.4790911 -1.3829315 -1.6577808 -1.66 -1.66 -1.66 -1.66 -1.6599977 -0.63 -0.63 -0.63 -0.63 -0.63 -0.31831756 0.04 0.04 0.04 0.28 0.28 0.28 0.23 0.23 0.16 0.16 0.60999999 0.6572418 0.66 
-1.29 -1.29 -1.29 -1.29 -1.29 -1.29 -1.27 -1.27 -1.2708301 -1.29 -1.29 -1.29 -1.29 -1.29 -1.2804068 -1.09 -1.09 -1.09 -1.09 -1.09 -1.09 -2.3869602 -2.4799992 -2.48 -2.48 -2.48 -2.48 -2.48 -1.9471078 -1.9399967 -1.94 -1.94 -1.94 -1.9399991 -0.63 -0.63 -0.63 -0.63 -0.63 0.039999921 0.04 0.04 0.04 0.040000107 0.27971142 0.1 0.22999999 0.34792401 0.16016648 0.61 0.61 0.6075056 0.49 
-1.29 -1.29 -1.29 -1.29 -1.29 -1.2899987 -1.2700011 -1.2700012 -1.29 -1.29 -1.29 -1.29 -1.29 -1.29 -1.2861944 -1.09 -1.09 -1.09 -1.09 -1.09 -1.09 -2.48 -2.48 -2.48 -2.48 -2.48 -2.48 -2.48 -1.9401491 -1.94 -1.94 -1.94 -1.94 -1.94 -1.5810601 -0.63 -0.63 -0.63 -0.63 0.04 0.04 0.04 0.04 0.04001537 0.1 0.1 0.10156688 0.35 0.35 0.61 0.61 0.49 0.49 
-1.29 -1.29 -1.29 -1.29 -1.29 -1.2899733 -1.2700243 -1.2877431 -1.29 -1.29 -1.29 -1.29 -1.29 -1.29 -1.2864987 -1.09 -1.09 -1.09 -1.09 -1.09 -1.2879107 -2.48 -2.48 -2.48 -2.48 -2.48 -2.48 -2.48 -1.9400022 -1.94 -1.94 -1.94 -1.94 -1.94 -1.94 -0.83270938 -1.1477346 -1.3200046 -1.3462082 -0.016565225 0.03999998 0.04 0.04 0.099995208 0.1 0.0962991 -0.51999584 0.35 0.35 0.019967289 0.02 0.02 0.48999979 
-1.29 -1.29 -1.29 -1.29 -1.29 -1.2898332 -1.2718693 -1.2899945 -1.29 -1.29 -1.29 -1.29 -1.29 -1.29 -1.2853297 -1.09 -1.09 -1.09 -1.09 -1.09 -2.479994 -2.48 -2.48 -2.48 -2.48 -2.48 -2.48 -2.48 -1.9400001 -1.94 -1.94 -1.94 -1.94 -1.94 -1.9399999 -1.36 -1.36 -1.36 -1.36 -0.84 -0.84 -0.84 -0.84 -0.5199982 -0.52 -0.52 -0.52 -0.51999551 -0.13 -0.13 0.02 0.02 0.15910565 
-1.29 -1.29 -1.29 -1.29 -1.2899994 -1.2894661 -1.2886624 -1.2899997 -1.29 -1.29 -1.29 -1.29 -1.29 -1.29 -1.2832108 -1.0900001 -1.09 -1.09 -1.09 -1.0983658 -2.48 -2.48 -2.48 -2.48 -2.48 -2.48 -2.48 -2.48 -1.9400001 -1.94 -1.94 -1.94 -1.94 -1.94 -1.3600005 -1.36 -1.36 -1.36 -1.36 -0.84 -0.84 -0.84 -0.84 -0.75363338 -0.52 -0.52 -0.52 -0.13000436 -0.13 -0.13 0.22 0.22 0.22 
-1.29 -1.29 -1.29 -1.29 -1.2899946 -1.2889037 -1.2899297 -1.2899999 -1.29 -1.29 -1.29 -1.29 -1.29 -1.29 -1.2803404 -1.0900047 -1.09 -1.09 -1.0900016 -2.4518364 -2.48 -2.48 -2.48 -2.48 -2.48 -2.48 -2.48 -2.48 -1.9400005 -1.94 -1.94 -1.94 -1.94 -0.83461715 -1.3599997 -1.36 -1.36 -1.36 -1.36 -0.84 -0.84 -0.84 -0.84 -0.84 -0.52 -0.52 -0.52 -0.13 -0.13 -0.13 0.22 0.22 0.22 
-1.29 -1.29 -1.29 -1.2899995 -1.2899726 -1.2891039 -1.2899882 -1.29 -1.29 -1.29 -1.29 -1.29 -1.29 -1.2899996 -1.2769278 -1.090073 -1.09 -1.09 -1.0971967 -2.4798818 -2.48 -2.48 -2.48 -2.48 -2.48 -2.48 -2.48 -2.4799997 -1.9400034 -1.94 -1.9399989 -0.56274739 -0.43 -0.43 -0.43 -1.36 -1.36 -1.36 -1.36 -0.84 -0.84 -0.84 -0.84 -0.84 -0.52000567 -0.52 -0.51999981 -0.13000003 -0.13 -0.12999981 0.22 0.22 0.22 
