interpolatedSpi/05-05|21_2.tif
NCOLS 53
NROWS 52
XLLCORNER -116.03883
YLLCORNER 28.596182
DX 0.49850594
DY 0.49788537
NODATA_VALUE -9999
0.62 0.62 0.21884615 -0.03 0.5 -0.19 -0.39 0.06 -0.04835933 -0.59 -0.68 -0.46 -0.28994154 0.42 -0.25 -0.25 -0.25 -0.17 -0.79 -0.79 -0.79 -0.78999355 -0.12 -0.58 -0.58 -0.58 0.30998555 0.31 0.31 -0.6 -0.6 -0.6 -0.6 -1.0999999 -1.1 -1.1 -1.1 -1.1 -1.1 -1.1 0.067424428 0.079658582 -1.26 -1.26 -1.26 -1.26 -1.2586443 -0.43 -0.43 -0.43 0.78999747 0.79 0.79 
0.61998045 0.18 -0.39999858 -0.21074784 0.24006612 0.65 0.35 0.46911007 0.06 -0.52 -0.47 -0.29 -0.29 0.061200409 0.41998973 -0.25 -0.17 -0.17 -0.7891916 -0.79 -0.79 -0.79 -0.58210548 -0.58 -0.58 -0.58 0.26999994 0.27 -0.6 -0.6 -0.6 -0.6 -0.6 -1.0999999 -1.1 -1.1 -1.1 -1.1 -1.1000001 -1.1853034 -1.5799964 -1.2988296 -1.26 -1.26 -1.26 -1.26 -1.26 -0.43 -0.43 -0.43 -0.32883643 0.79 0.79 
-0.049984027 -0.05 0.83 0.76 0.87 0.46 1.26 1.43 0.51 0.41 0.24 0.28 0.15 -0.12 0.06 -0.46 -0.17 -0.17 -0.17 -0.52007849 -0.52 -0.52 -0.62 -0.58 -0.58 -0.58 0.27 0.27 0.27 -0.6 -0.6 -0.59999997 -0.31115996 -1.1005644 -1.1069809 -1.8431274 -1.85 -1.85 -1.8160411 -1.58 -1.58 -1.5795908 -1.26 -1.26 -1.26 -1.26 -1.26 -0.43 -0.43 -0.43 -0.43 0.79 0.79 
0.91 -0.050000034 -0.22004902 0.74 -0.27 0.62 0.99 0.93 0.77 -0.029095162 -0.19 0.079999999 -0.02 -0.12 -0.25 -0.46 -0.63862283 -0.63967069 -0.54 -0.52 -0.52 -0.42 -0.62 -0.62 -0.58 -0.57999575 0.27 0.27 0.27 -0.97 -0.4377826 -3.7821182e-15 -1.5363347e-15 -1.4593168e-06 -1.85 -1.85 -1.85 -1.85 -1.58 -1.58 -1.58 -1.58 -1.26 -1.26 -1.26 -1.26 -1.26 -0.43001047 -0.43 -0.43 -0.43 0.78998106 0.79 
0.91 1.4699969 -0.22 -0.61799494 -0.27 0.77 0.10997211 0.15 0.46 0.10000002 0.11452259 0.11994127 -0.29 -0.25 -0.25 -0.39333866 -0.64 -0.64 -0.54 -0.54 -0.51999981 -0.42 -0.16 0.15 0.16 0.16006317 0.27 0.27 -0.97 -0.97 -4.3448714e-17 -7.8801593e-38 -8.3135125e-15 -0.16971596 -1.85 -1.85 -1.85 -1.58 -1.58 -1.58 -1.58 -1.5798349 -1.26 -1.26 -1.26 -1.26 -1.26 -1.252612 -0.43 -0.4299713 0.21 0.21 0.21 
-0.95 0.33 -0.67999999 -0.48 -0.8 -0.77 -0.58 -0.48653909 0.06 0.45 0.2 0.43 0.42999953 -0.45 -0.45 -0.1500845 -0.15 -0.22 -0.22 -0.53999944 -0.48 -0.48 0.15 0.16 0.16 0.43 -0.02 -0.02 -0.27006324 -0.97 -2.9777702e-21 -5.2699272e-23 -0.9 -0.90002717 -1.1599814 -1.29 -1.29 -1.4902819 -1.58 -1.58 0.12786726 0.13 0.13000004 -0.022242452 -0.00013925609 -3.35886e-07 -4.2926055e-08 -4.6848113e-07 0.45673862 0.21 0.21 0.21 0.21 
0.40002188 0.09 1.4891359 -0.59 -1.05 -0.83 -0.42 0.02 0.36 0.36 0.2 0.14 -0.6299999 -0.45 -0.49999985 -0.5 -0.15 -0.22 0.09 0.09 -0.34804583 -0.2 -0.2 0.64999999 0.43 0.43 -0.02 -0.02 -0.26998601 -0.2697425 -0.52845762 -0.9 -0.9 -1.16 -1.16 -1.2518752 -1.29 -1.29 -0.91001317 0.12999855 0.13 0.13 0.12999966 -1.2826406e-06 -2.2803966e-25 -4.7338201e-40 -2.9580026e-31 3.1642364e-07 0.53 0.21006342 0.21 0.21 0.21 
0.4 1.01 1.41 -0.42 -0.51999427 -0.7 -0.27 -0.55999999 -0.07 0.31 0.31 -0.3 -0.63 -0.63 -0.50089192 -0.80965737 -0.84 -0.47 -0.37999952 0.09 0.48707715 0.51 0.17 1.03 1.0299974 0.83 0.12 0.11999995 -0.030840993 -0.030000011 -0.53 -1.390687 -1.25 -1.16 -1.1428873 -1.22 -1.22 -0.91 -0.91 0.13 0.13 0.13 -0.22793606 -0.22999999 -5.0293787e-24 -4.0214787e-79 -5.4011506e-40 0.52997983 0.53 0.53 0.21 0.21 0.21 
0.70808608 1.01 1.29 0.82 -0.11 -0.89 -0.43 -0.54 -0.04 -0.063923128 0.12 0.25 0.25 0.17 0.16999906 -1.0294705 -1.03 -1.03 -0.45626136 -0.29999989 0.24 0.24 0.35 0.24093505 0.85015472 0.83 0.36 0.12 -0.66540931 -0.67 -1.43 -0.81 -0.99131647 -1.12 -0.56 -0.54 -0.46 -0.98 -0.300314 0.13013391 0.16 0.05 -0.22988767 -0.23 -0.22870544 -1.1120836e-28 -0.099999995 0.52999999 0.53 0.53 0.53 0.30089043 0.97 
-0.98 -0.98 1.92 0.61 -0.51 -0.56 -0.75 -0.68 -0.38 -0.07005681 -0.06 0.98 0.17 0.17 0.07 0.054913003 -1.03 -1.0299169 -0.62 -0.3 -0.3 -0.23042988 0.35 0.19000303 0.19 0.19 0.36 0.54 0.54 -0.67 -0.67 -0.81068278 -1.17 -1.12 -0.05 -0.54 -0.46 -0.29 -0.3 0.18205855 0.050000005 0.20060915 0.46 -0.23 -0.23 -0.1 -0.1 -0.1 0.53 0.53 0.94 0.94 0.94000001 
-0.98 -0.98 0.68 -0.52 -0.61 0.27 -0.53 -0.23007271 0.04 0.08 0.5 0.67 0.9795861 0.07 0.07 0.069868489 -1.07 -1.0463819 -0.62 -0.65 -0.65 -0.37 -0.37 0.19 0.19 0.19 0.54 0.54 0.54 -1.34 -1.34 -1.3399997 -1.01 -1.01 -1.26 -1.8 -0.67 -1.4499898 -0.68 0.19 0.19 0.090001216 0.46 -0.23 -0.29999966 0.14 0.28832036 0.29 0.25 0.25 0.94 0.94 0.94 
-0.98 -0.26349466 0.1679172 -0.61998112 0.73 -0.89 -0.53 -0.23 0.039997745 0.079556849 0.66999923 0.67 0.11 0.07 0.07 -1.07 -1.07 -1.0699744 -0.62 -0.65 -0.5950137 -0.37 -0.37 0.18997724 0.19 0.022353024 -0.32 -0.32 -0.31999989 -1.34 -1.34 -1.53 -1.53 -1.0100007 -1.26 -0.99000018 -0.60265162 -1.45 -1.45 0.19 0.09 0.09 0.089997238 -0.3 -0.3 0.14 0.29 0.29 0.25 0.25 0.94 0.94 0.94 
-1.78 -0.33139259 -0.4000031 -0.40157326 0.72999157 -0.88996175 -0.53000001 -0.23369282 0.021394239 0.041044506 0.11 0.11 0.11 0.11 0.070005666 -1.07 -1.07 -1.0641898 -0.62 -0.64998533 -0.6 -0.6 -0.6 -0.6 0.17620729 -0.32 -0.32 -0.32 -0.32 -0.32054243 -1.53 -1.53 -1.53 -1.53 -0.99 -0.99 -0.99 -1.4264203 -1.4463198 -0.96 -0.96 0.089943523 -0.34999829 -0.30000482 -0.3 0.14 0.29 0.29 0.25 0.25 0.93749675 0.94 -0.01030317 
-1.78 -0.4 -0.4 -0.4 -0.4 -0.4000002 -0.53092128 -0.38801613 -0.028244199 0.10992552 0.11 0.11 0.11 0.11 0.10999966 -1.07 -1.0699999 -1.0391331 -0.6200062 -0.6 -0.6 -0.6 -0.6 -0.6 -0.58443482 -0.16645062 -0.13000004 -0.13 -0.13 -0.13 -1.53 -1.53 -1.5299994 -1.06 -1.06 -0.99 -1.0969411 -1.1 -0.96000008 -0.96 -0.96 -0.96 -0.35 -0.35 -0.35 -0.34659005 -0.27632253 -0.28 -0.28 -0.28 -0.27999999 -0.099999785 -0.1 
-2.85 -0.4 -0.4 -0.4 -0.4 -0.4 -0.40000001 -0.55920804 -0.35856791 -0.36 -0.36 -0.36 -0.36 -0.36 -0.36 -1.0557002 -1.06996 -1.0083799 -0.60000267 -0.6 -0.6 -0.6 -0.6 -0.59999998 0.12 0.12 0.11999965 -0.13 -0.13 -0.13056068 -0.41 -0.41 -1.06 -1.06 -1.06 -1.0935924 -1.1 -1.1 -1.1 -0.96 -0.96 -0.96 -0.35 -0.35 -0.35 -0.35 -0.28 -0.28 -0.28 -0.28 -0.28 -0.1 -0.1 
-2.85 -1.9378928 -0.4 -0.4 -0.4 -0.4 -0.80991953 -0.81 -0.80999999 -0.36 -0.36 -0.36 -0.36 -0.36 -0.51663097 -1.07 -1.07 -1.07 -0.58006167 -0.58000002 -0.58 -0.58 -0.58 -0.58 0.12 0.12 0.12 0.12 -0.13 -0.41 -0.41 -0.41 -1.0599999 -1.06 -1.06 -0.95 -1.0998014 -1.1 -1.1 -0.95989671 -0.75357221 -0.27206226 -0.35 -0.35 -0.44969139 -0.45 -0.45 -0.27988598 -0.21024462 -0.21000001 -0.21000001 -0.050007608 -0.099999898 
-2.85 -2.1104112 -1.2552178 -0.4 -0.4 -0.80975775 -0.81 -0.81 -0.81 -0.80675717 -0.36 -0.36 -0.36 -0.36000009 -1.07 -1.07 -1.07 -1.07 -0.58043771 -0.58 -0.58 -0.58 -0.58 -0.58 0.11999998 0.12 0.12 0.12 0.11807221 -0.41 -0.41 -0.41 -0.56 -1.0599767 -0.95 -0.95 -0.95 -0.94341562 -0.32254631 -0.27 -0.27 -0.27 -0.83 -0.83 -0.45 -0.45 -0.45 -0.21 -0.21 -0.21 -0.21 -0.05 -0.05 
-2.0902412 -2.09 -2.09 -2.09 -1.24 -0.81001109 -0.81 -0.81 -0.81 -0.81 -0.38422679 -0.36000417 -0.36000001 -1.07 -1.07 -1.07 -1.07 -1.07 -1.0410558 -0.58 -0.58 -0.58 -0.58 -0.58 -0.19184805 -0.099998808 -0.1 -0.1 -0.1 -0.41000001 -0.56 -0.56 -0.56 -0.56 -0.95 -0.9499842 -0.35 -0.35 -0.27099892 -0.27 -0.27 -0.27 -0.83 -0.83 -0.50883708 -0.45 -0.45 -0.21 -0.21 -0.21 -0.20828438 -0.05 -0.05 
-2.09 -2.09 -2.09 -1.6897223 -1.24 -1.24 -0.81 -0.81 -0.81 -0.81 -0.68 -0.68 -0.68 -1.07 -1.07 -1.07 -1.07 -1.0698546 -1.22 -1.22 -0.58000026 -0.58 -0.60069392 -1.43 -1.4180266 -0.1 -0.1 -0.1 -0.1 -0.55995316 -0.56 -0.56 -0.56 -0.56 -0.35000211 -0.35 -0.35 -0.35 -0.34973645 -0.27 -0.27 -0.27 -0.83 -0.83 -0.83 -0.45 -0.45 -0.21000001 -0.21 -0.21 -0.05 -0.05 -0.05 
-2.09 -2.09 -2.09 -1.24 -1.24 -1.24 -1.2399993 -0.81 -0.81 -0.6801342 -0.68 -0.68 -0.68 -0.68024297 -0.35770828 -0.19 -0.19 -0.19 -1.22 -1.22 -1.22 -1.43 -1.43 -1.43 -1.4295518 0.041621564 -0.1 -0.1 -0.1 -0.90722604 -0.99995672 -1 -1 -1 -0.47957718 -0.6599993 -0.66 -0.66 -0.66 -0.66994527 -0.67 -0.67 -0.83 -0.83 -1.079999 -1.0799999 -0.8 -0.8 -0.54 -0.54 -0.54 -0.05 -0.58951717 
-2.0899974 -2.09 -2.09 -1.24 -1.24 -1.24 -1.24 -0.94999996 -0.81055977 -0.67975517 -0.68 -0.68 -0.68 -0.67903848 -0.19 -0.19 -0.19 -0.1900003 -1.22 -1.22 -1.22 -1.43 -1.43 -1.43 0.17 0.17 -0.59999999 -0.6 -0.6 -0.60218213 -1 -1 -1 -1 -0.83009343 -0.66 -0.66 -0.66 -0.66 -0.67 -0.67 -0.67 -0.68290017 -1.08 -1.08 -1.08 -0.8 -0.8 -0.54 -0.54 -0.54 -0.59 -0.59 
-1.25 -1.6280383 -1.13 -1.1300319 -1.24 -0.95167793 -0.95 -0.95 -0.96821893 -0.41000001 -0.41 -0.41 -0.41 0.049985025 0.049999999 -0.18999982 -0.19 -0.21713899 -1.22 -1.22 -1.22 -0.84 -0.84 -0.84 0.17 0.17 -0.6 -0.6 -0.6 -0.60000022 -0.90000064 -0.90000028 -0.99748665 -0.99989279 -1.1598135 -1.16 -1.16 -1.16 -1.16 -0.67 -0.67 -0.67 -1.0574241 -1.08 -1.08 -1.0800001 -0.8 -0.8 -0.79999064 -0.54 -0.54004606 -1.57 -0.59 
-1.3799753 -1.38 -1.13 -1.13 -1.13 -0.95 -0.95 -0.95 -1 -1 -0.41 -0.41 -0.41 0.05 0.05 0.05 0.05 0.049858152 -1.22 -1.22 -1.22 -0.84 -0.84 -0.84 0.17 0.17 -0.6 -0.6 -0.6 -0.89661748 -0.9 -0.9 -0.9 -0.9 -1.1598717 -1.16 -1.16 -1.16 -1.16 -0.61000002 -0.61 -0.61 -0.61 -1.0800031 -1.48 -1.48 -1.48 -1.9 -1.9 -1.9 -1.57 -1.57 -1.57 
-1.38 -1.38 -1.13 -1.13 -1.13 -0.95094611 -0.95 -1 -1 -1 -0.41007263 -0.41 -0.61428118 0.049999838 0.05 0.05 0.05 -0.94 -0.94 -0.94 -0.89 -0.88999996 -0.84000024 -0.84 -0.83965713 -0.74 -0.74 -0.73999967 -0.60002262 -0.68004384 -0.68000117 -0.68003841 -0.899624 -0.89981014 -1.113549 -1.16 -1.1598995 -1.13 -1.13 -0.61 -0.61 -0.61 -0.61 -1.48 -1.48 -1.48 -1.48 -1.9 -1.9 -1.9 -1.57 -1.57 -1.57 
-1.38 -1.38 -1.13 -1.13 -1.13 -1.13 -0.96871354 -1 -1 -1 -0.99981219 -0.66 -0.66 -0.66 0.045815807 0.05 -0.93340288 -0.94 -0.94 -0.94 -0.89 -0.89 -0.89 -0.89 -0.74 -0.74 -0.74 -0.74 -0.74 -0.68 -0.68 -0.68 -0.68 -0.67999928 -0.34 -1.13 -1.13 -1.13 -1.13 -1.1299992 -0.96 -0.96 -0.96 -1.0869123 -1.35 -1.35 -1.35 -1.9 -1.8999987 -0.51 -0.51 -0.14034788 -0.14 
-1.38 -1.38 -1.2202324 -1.13 -1.13 -1.13 -1.7187223 -1.002269 -1 -1 -0.66000015 -0.66 -0.66 -0.66 -0.66 -0.60184524 -0.94 -0.94 -0.94 -0.94 -0.89000039 -0.89 -0.89 -0.89 -0.74 -0.74 -0.74 -0.74 -0.74 0.14763119 -0.68 -0.68 -0.68 -0.34 -0.34 -0.34061345 -1.13 -1.13 -0.81484403 -0.57000005 -0.96 -0.96 -0.96 -1.0835977 -1.35 -1.35 -1.35 0.27 -0.50028128 -0.51 -0.51 -0.14 -0.14 
-0.64 -0.64 -0.64 -1.0071435 -1.1305633 -1.72 -1.72 -1.72 -1.72 -1.37 -1.37 -0.66000005 -0.66 -0.66 -0.66 -0.66001774 -0.94 -0.94 -0.94 -0.94 -0.91181838 -0.89 -0.89 -0.84734222 0.67409726 -0.74 -0.74 -0.74 0.44 0.44 0.44 0.4399953 -0.34 -0.34 -0.34 -0.34 -0.57 -0.57 -0.57 -0.57 -0.88 -0.88 -0.88 -0.8700002 -0.87 -0.87 -0.87000015 0.27 0.27 -0.50904961 -0.51 -0.13999496 -0.14 
-0.64 -0.64 -0.64 -0.64004685 -1.51 -1.5405375 -1.72 -1.72 -1.72 -1.37 -1.37 -1.37 -0.64 -0.64 -0.64 -0.64000002 -0.94086096 -0.94 -0.94 -0.94 -0.93915284 0.73999553 0.74 0.74 0.74 0.74 1.26 1.26 0.44 0.44 0.44 0.44 -0.33999944 -0.34 -0.34 -0.33993728 -0.57 -0.57 -0.57 -0.5698684 -0.88 -0.88 -0.88 -0.87000046 -0.87 -0.87 -0.87 0.27 0.27 0.27000008 0.86 0.86 0.28 
-0.64 -0.64 -0.64 -1.509998 -1.51 -1.51 -1.7199999 -1.72 -1.72 -1.37 -1.37 -1.37 -0.64 -0.64 -0.64 -0.69864285 -1.41 -1.41 -1.4099988 -0.94265467 0.74 0.74 0.74 0.74 0.74 0.74039133 1.26 1.26 1.26 0.44 0.44 0.44003218 0.43 0.43 0.43 0.18 0.18 -0.54 -0.54 -0.54 -1.3763933e-17 -0.87972397 -0.87999552 -0.28 -0.28 -0.30236033 -0.86999651 0.27 0.27 0.86 0.86 0.86 0.28 
-0.64 -0.64 -0.64 -1.51 -1.51 -1.51 -1.51 -1.72 -1.72 -1.37 -1.37 -0.66918947 -0.64 -0.64 -0.64 -1.41 -1.41 -1.41 -1.41 -1.41 0.74 0.74 0.74 0.74 0.74 1.2599982 1.26 1.26 1.26 0.49 0.49 0.49 0.43 0.43 0.43 0.18 0.18 -0.54 -0.54 -2.9409797e-15 -3.4148063e-74 -7.2086692e-36 -0.28 -0.28 -0.28 -0.28 -0.23646191 0.25 0.25 0.25 0.85999998 1.3982797e-21 4.3420503e-30 
-0.64 -0.64 -0.64121151 -1.51 -1.51 -1.51 -1.51 -2.0050461 -2.03 -2.0288669 -1.37 -0.64003183 -0.64 -0.64 -0.64000266 -1.41 -1.41 -1.41 -1.41 -1.41 0.20281963 0.74 0.74 0.74 0.74008033 1.2599927 1.26 1.26 1.26 0.49 0.49 0.49 0.48999691 0.43 0.18 0.18 0.18 0.17997073 -0.53996317 1.9733842e-19 7.7094055e-37 6.1216525e-16 -0.279983 -0.28 -0.28 -0.28 0.25000216 0.25 0.25 0.25 1.137618e-09 2.2281e-64 -1.2776754e-72 
-1.03 -1.0299993 -1.5095255 -1.51 -1.51 -1.51 -2.0298893 -2.03 -2.03 -2.03 -1.02 -1.02 -1.02 -1.02 -1.4081999 -1.41 -1.41 -1.41 -1.41 0.17999905 0.18 0.18 1.1299999 1.13 1.13 1.13 1.1412207 1.26 1.1700037 1.17 1.17 1.17 1.17 0.67 0.67 0.67 0.67 0.67 0.93 0.93 0.93 0.93 0.93 0.46886943 0.47 0.47 0.47 0.25 0.25 0.25 3.9385711e-05 -9.8170141e-24 -6.2575585e-13 
-1.03 -1.03 -1.0265674 -0.62000179 -0.6200002 -0.62137512 -2.03 -2.03 -2.03 -2.03 -1.02 -1.02 -1.02 -1.02 -1.02 -1.41 -1.41 -1.41 0.1799996 0.18 0.18 0.18 1.13 1.13 1.13 1.13 1.13 1.1300275 1.1698185 1.17 1.17 1.17 1.1699271 0.091760345 0.66940126 0.67 0.67 0.66999999 0.93 0.93 0.93 0.93 0.92999999 0.47 0.47 0.47 0.47 0.3671237 0.25 0.052231386 0.05 -0.55 -0.55 
-1.03 -1.03 -0.62005193 -0.62 -0.62 -0.62 -0.97813405 -2.03 -2.03 -2.03 -1.02 -1.02 -1.02 -1.02 -1.02 -1.4096987 -1.41 0.17953382 0.18 0.18 0.18 0.18 0.77806634 1.13 1.13 1.13 1.13 1.1296952 0.7 0.7 0.7 0.7 0.7 -0.35 -0.35 -0.35 -0.35 -0.35 -0.4 -0.4 -0.4 -0.4 -0.39999999 0.47061042 0.47000013 0.47 0.47004238 0.47503858 0.05 0.05 0.05 -0.54999664 -0.55 
-1.0300004 -1.2261008 -0.62000009 -0.62 -0.62 -0.62 -0.62 -2.0293996 -2.03 -2.03 -1.02 -1.02 -1.02 -1.02 -0.89288748 -0.89 -0.89 0.17997246 0.18 0.18 0.18 0.18 0.18000005 1.13 1.13 1.13 1.13 0.13000057 0.13000026 0.25130985 0.7 0.7 0.7 -0.35 -0.35 -0.35 -0.35 -0.35025737 -0.4 -0.4 -0.4 -0.4 -0.39996246 0.72 0.72 0.72 0.72 0.71994597 0.05 0.05 0.05 0.049999927 -0.077069166 
-1.23 -1.23 -1.1261602 -0.62 -0.62 -0.62 -0.62 -0.62 -2.0293967 -1.15 -1.15 -1.15 -1.1496915 -0.89000019 -0.89 -0.89 -0.89 -0.89 0.17999916 0.17281993 0.11 0.11 0.11 0.36586954 1.0627694 0.70303149 0.3993919 0.13 0.13 0.13 0.13 0.13 0.14471794 -0.72595954 -0.73 -0.73 -0.73 -0.73 -0.30795174 0.08999912 0.09 0.09 0.09 1.0199991 0.72000008 0.72 0.72 1.12 0.05001714 0.05 0.05 -0.07 -0.07 
-1.23 -1.23 -1.29 -1.29 -1.29 -0.62022318 -0.62 -0.62 -1.15 -1.15 -1.15 -1.15 -1.15 -0.89000001 -0.89 -0.89 -0.89 -0.89 0.11 0.11 0.11 0.11 0.11 0.28999999 0.29 0.29 0.29 0.13 0.13 0.13 0.13 0.13 -0.37 -0.37 -0.73 -0.73 -0.73 0.30982289 0.31 0.09 0.09 0.09 0.090000153 1.02 1.02 1.02 1.12 1.12 1.12 0.2 0.2 -0.07 -0.07 
-1.23 -1.23 -1.29 -1.29 -1.29 -1.29 -1.2899989 -1.09 -1.1499435 -1.15 -1.15 -1.15 -1.15 -0.89324326 -0.89 -0.89 -0.89 -0.89 0.10999998 0.11 0.11 0.11 0.11 0.29 0.29 0.29 0.29 0.28999938 0.13 0.13 0.13 -0.36997379 -0.37 -0.37 -0.37 -0.73 0.30999999 0.31 0.31 0.30421139 0.93300847 1.09 1.09 1.02 1.02 1.02 1.12 1.12 1.12 0.2 0.2 0.2 -0.3688864 
-1.6 -1.5999971 -1.29 -1.29 -1.29 -1.29 -1.09 -1.09 -1.09 -1.15 -1.15 -1.15 -1.15 -1.1499192 -0.89 -0.89 -0.89 -0.89 0.10998229 0.11 0.11 0.11 0.25828417 0.29 0.29 0.29 0.29 0.57999976 0.58 0.58 0.13481103 -0.37 -0.37 -0.37 -0.36999954 0.10999999 0.31 0.31 0.31 0.31000001 1.09 1.09 1.09 1 1 1 0.50006038 1.12 1.12 0.2 0.2 0.2 -0.40000153 
-1.6 -1.6 -1.29 -1.29 -1.29 -1.09 -1.09 -1.09 -1.09 -1.1434116 -1.15 -1.15 -1.15 -1.1499983 -0.84000575 -0.84 -0.84 -0.84 -0.42904622 -0.11 -0.11 -0.11 -0.11 0.29 0.29 0.29 0.29001913 0.58 0.58 0.58 0.58 -0.36982067 -0.10001388 0.11 0.11 0.11 0.31201515 0.84998876 0.85 0.85 1.0900862 1.2 1.2 1 1 0.99999788 0.5 0.5 -0.57 -0.57 -0.57 -1 -0.95 
-1.6 -1.6 -0.98 -0.98 -0.98 -1.09 -1.09 -1.09 -1.09 -0.77 -0.77 -0.77 -0.77 -0.77493306 -0.84 -0.84 -0.84 -0.84 -0.44 -0.11 -0.11 -0.11 -0.11 0.8 0.7999998 0.29000075 0.58 0.58 0.58 0.58 0.77238459 0.96 0.21113834 0.11 0.11 0.11 0.85 0.85 0.85 0.85 1.2 1.2 1.2 1.0500473 1.05 0.50247221 0.5 0.5 -0.56999775 -0.57 -1 -1 -0.95 
-1.6 -0.98 -0.98 -0.98 -0.98 -0.98 -1.0899224 -1.08 -1.08 -0.77 -0.77 -0.77 -0.77 -0.77001658 -0.84 -0.84 -0.84 -0.82192673 -0.44 -0.44 -0.11 -0.11 0.8 0.8 0.8 0.8 0.58 0.58 0.58 0.58 0.96 0.96 0.96 0.11086013 0.11 0.11 0.85 0.85 0.85 0.85 1.2 1.2 1.2 1.05 1.05 1.0499756 0.62 0.62 -0.18 -0.18 -1 -1 -0.95 
-0.98582257 -0.98 -0.98 -0.98 -0.98 -0.98 -1.08 -1.08 -1.08 -0.91407504 -0.77 -0.77 -0.77 -0.77000052 -0.84 -0.84 -0.84 -0.44 -0.44 -0.44 -0.11001649 -0.10999444 0.8 0.8 0.8 0.8 0.58001564 0.58 0.58 0.95991261 0.96 0.96 0.96 0.96 0.11350621 1.12 1.12 1.1153272 0.85 0.85 1.1999997 1.2 1.0543613 1.05 1.05 0.62000015 0.62 0.62 -0.18 -0.18 -0.19 -0.19 0.04 
-0.98 -0.98 -0.98 -0.98 -0.98 -0.98 -1.08 -1.08 -1.08 -1.08 -0.77999971 -0.78 -0.78 -0.78 -0.83999857 -0.52590515 -0.35 -0.35 -0.43983409 -0.44 -0.43999994 0.79999868 0.8 0.8 0.8 0.8 0.79984005 0.58 0.58001299 0.96 0.96 0.96 0.96 0.96 1.12 1.12 1.12 1.12 1.12 1.1200005 1.77 1.77 1.7699999 1.41 1.41 1.41 1.01 1.01 0.33 0.33 -0.19 -0.1899995 0.04 
-0.98 -0.98 -0.98 -0.98 -0.98 -0.98 -1.08 -1.08 -1.08 -0.78 -0.78 -0.78 -0.78 -0.78 -0.66665303 -0.35 -0.35 -0.35 -0.35 -0.35 -0.3542972 0.79999999 0.8 0.8 0.8 0.77990335 0.16100287 0.52281252 0.95812604 0.96 0.96 0.96 0.96 0.96000035 1.12 1.12 1.12 1.12 1.12 1.4223785 1.77 1.77 1.77 1.41 1.41 1.41 1.01 1.01 0.33 0.33 1.26 0.10730022 0.04 
-0.98 -0.98 -0.98 -0.98 -0.98 -0.98000003 -1.08 -1.08 -1.0675483 -0.78 -0.78 -0.78 -0.78 -0.78 -0.75937455 -0.35 -0.35 -0.35 -0.35 -0.35 -0.35 0.25624372 0.1600009 0.16 0.16 0.16 0.16 0.16 0.33817134 0.34000734 0.34000001 0.34 0.34 0.34000056 1.12 1.12 1.12 1.12 1.12 1.7699999 1.77 1.77 1.77 1.7699998 1.4109299 1.99 1.0100001 1.5701391 0.33109525 1.26 1.26 1.2583371 1.18 
-0.98 -0.98 -0.98 -0.98 -0.98 -0.98000639 -1.0799946 -1.0799818 -0.78000038 -0.78 -0.78 -0.78 -0.78 -0.78 -0.77181801 -0.35 -0.35 -0.35 -0.35 -0.35 -0.35 0.16 0.16 0.16 0.16 0.16 0.16 0.16 0.33995031 0.34 0.34 0.34 0.34 0.34 0.55371992 1.12 1.12 1.12 1.12 1.77 1.77 1.77 1.77 1.7700564 1.99 1.99 1.9874303 1.58 1.58 1.26 1.26 1.18 1.18 
-0.98 -0.98 -0.98 -0.98 -0.98 -0.98013336 -1.0798729 -0.81385304 -0.78 -0.78 -0.78 -0.78 -0.78 -0.78 -0.77247211 -0.35 -0.35 -0.35 -0.35 -0.35 -0.27738527 0.16 0.16 0.16 0.16 0.16 0.16 0.16 0.33999928 0.34 0.34 0.34 0.34 0.34 0.34 1.2199275 1.3753212 1.4602762 1.4732153 1.7719284 1.77 1.77 1.77 1.9899824 1.99 1.9881496 1.6799995 1.58 1.58 2.2599869 2.26 2.26 1.1800005 
-0.98 -0.98 -0.98 -0.98 -0.9800001 -0.98083383 -1.0533623 -0.78008249 -0.78 -0.78 -0.78 -0.78 -0.78 -0.78 -0.76995884 -0.35 -0.35 -0.35 -0.35 -0.35 0.1599978 0.16 0.16 0.16 0.16 0.16 0.16 0.16 0.33999995 0.34 0.34 0.34 0.34 0.34 0.34000023 1.48 1.48 1.48 1.48 1.8 1.8 1.8 1.8 1.6800009 1.68 1.68 1.68 1.6800056 2.2 2.2 2.26 2.26 2.2580574 
-0.98 -0.98 -0.98 -0.98000001 -0.98000279 -0.98257862 -0.80040894 -0.78000392 -0.78 -0.78 -0.78 -0.78 -0.78 -0.78 -0.76540315 -0.35000018 -0.35 -0.35 -0.35 -0.34693053 0.16 0.16 0.16 0.16 0.16 0.16 0.16 0.16 0.33999996 0.34 0.34 0.34 0.34 0.34 1.479999 1.48 1.48 1.48 1.48 1.8 1.8 1.8 1.8 1.7676125 1.68 1.68 1.68 2.1999942 2.2 2.2 2.26 2.26 2.26 
-0.98 -0.98 -0.98 -0.98000023 -0.98002664 -0.97610292 -0.78109569 -0.78000098 -0.78 -0.78 -0.78 -0.78 -0.78 -0.77999997 -0.75923194 -0.35001011 -0.35 -0.35 -0.34999942 0.14966659 0.16 0.16 0.16 0.16 0.16 0.16 0.16 0.16 0.33999983 0.34 0.34 0.34 0.34 0.7426234 1.4799998 1.48 1.48 1.48 1.48 1.8 1.8 1.8 1.8 1.8 1.68 1.68 1.68 2.2 2.2 2.2 2.26 2.26 2.26 
-0.98 -0.98000001 -0.98000009 -0.98000262 -0.98008239 -0.8770688 -0.78018905 -0.7800006 -0.78 -0.78 -0.78 -0.78 -0.78 -0.77999919 -0.75189488 -0.35015704 -0.35000001 -0.34999998 -0.34735948 0.15995663 0.16 0.16 0.16 0.16 0.16 0.16 0.16 0.1600001 0.33999887 0.34 0.34000039 0.8416483 0.89 0.89 0.89 1.48 1.48 1.48 1.48 1.8 1.8 1.8 1.8 1.8 1.6800021 1.68 1.6800003 2.2 2.2 2.2 2.26 2.26 2.26 
