interpolatedSpi/05-07|23_2.tif
NCOLS 53
NROWS 52
XLLCORNER -116.03883
YLLCORNER 28.596182
DX 0.49850594
DY 0.49788537
NODATA_VALUE -9999
[rows 0 to 29 of 52, columns 0 to 52 of 53]
1.0533333 1.0533333 0.83790314 1.12 0.63333333 1.1766667 0.65666667 0.50333333 -0.48074656 -0.49666667 -0.48 -0.053333333 -0.43335913 -0.74666667 -0.65 -0.65 -0.65 -0.88 -0.23333333 -0.23333333 -0.23333333 -0.23332836 0.28333332 -0.77666667 -0.77666667 -0.77666667 -0.72333468 -0.72333333 -0.72333333 -1.0633333 -1.0633333 -1.0633333 -1.0633333 -1.7366665 -1.7366667 -1.7366667 -1.7366667 -1.7366667 -1.7366667 -1.7366666 0.083726342 0.10339576 0.35 0.35 0.35 0.35 0.34781132 -0.99 -0.99 -0.99 -0.78000044 -0.78 -0.78
1.0533052 0.42 0.62000008 0.57936959 0.65655095 0.61666667 0.69 0.13370334 -0.34666667 -0.51 0.16 -0.43333333 -0.43333333 -0.21511172 -0.74665937 -0.65 -0.88 -0.88 -0.2341765 -0.23333333 -0.23333333 -0.23333333 -0.80228338 -0.77666667 -0.77666667 -0.77666667 -0.2466667 -0.24666667 -1.0633333 -1.0633333 -1.0633333 -1.0633333 -1.0633333 -1.7366666 -1.7366667 -1.7366667 -1.7366667 -1.7366667 -1.7366666 -1.4088936 0.36314301 0.35161668 0.35 0.35 0.35 0.35 0.35 -0.99 -0.99 -0.99 -0.9725866 -0.78 -0.78
1.0000023 1 0.68666667 0.41 0.61333333 1.0666667 0.35333333 0.79666667 -0.48333333 -1.0733333 -0.74666667 -0.03 -0.43 -1.2766667 -0.21333333 -0.81666667 -0.88 -0.88 -0.88 0.04658527 0.046666667 0.046666667 -1.2633333 -0.77666667 -0.77666667 -0.77666667 -0.24666667 -0.24666667 -0.24666667 -1.0633333 -1.0633333 -1.0633333 -0.89805264 -1.7348527 -1.7322609 -1.2676707 -1.2633333 -1.2633333 -1.0587415 0.36333332 0.36333333 0.36331628 0.35 0.35 0.35 0.35 0.35 -0.99 -0.99 -0.99 -0.99 -0.78 -0.78
1.38 0.99999989 0.43312296 0.4 -0.23333333 0.083333333 0.066666667 -0.34333333 0.32666667 -0.59418913 -0.57333333 -0.81333333 -0.60333333 -1.2766667 -0.45333333 -0.81666667 -0.7769727 -0.77673907 -0.43666667 0.046666667 0.046666667 -1.0233333 -1.2633333 -1.2633333 -0.77666667 -0.77666402 -0.24666667 -0.24666667 -0.24666667 -1.1033333 -0.89300687 -0.72 -0.72 -0.72000042 -1.2633333 -1.2633333 -1.2633333 -1.2633333 0.36333333 0.36333333 0.36333333 0.36333333 0.35 0.35 0.35 0.35 0.35 -0.9899831 -0.99 -0.99 -0.99 -0.78004584 -0.78
1.38 0.10333394 0.43333333 -0.37211061 -0.23333333 -0.58333333 -0.67336703 -1.1833333 -1.5233333 -0.43000047 -0.58247027 -0.64322447 0.11666667 -0.45333333 -0.45333333 -0.69581056 -0.77666667 -0.77666667 -0.43666667 -0.43666667 0.046664562 -1.0233333 -0.30333333 0.26 -0.29666667 -0.29664872 -0.24666667 -0.24666667 -1.1033333 -1.1033333 -0.72 -0.72 -0.72 -0.71119988 -1.2633333 -1.2633333 -1.2633333 0.36333333 0.36333333 0.36333333 0.36333333 0.36318661 0.34999998 0.35 0.35 0.35 0.35 0.33807234 -0.99 -0.99005351 -2.1833333 -2.1833333 -2.1833333
-0.71 -0.41 -0.5733333 -0.18 -0.54333333 -1.23 -1.1833333 -1.1833333 -0.71 -1.22 -2.1733333 -0.93 -0.92999931 -1.6333333 -1.6333333 -0.50001368 -0.5 -1.49 -1.49 -0.43666723 -0.72 -0.72 0.26 -0.29666667 -0.29666667 -0.22 -0.71 -0.71 -0.56005076 -1.1033333 -0.72 -0.72 -0.67333333 -0.67331871 -0.53334338 -0.48 -0.48 0.10242892 0.36333333 0.36333333 -1.1547709 -1.1566667 -1.1566652 -0.97289431 -0.99651783 -0.99666631 -0.99666662 -0.99666617 -1.8359216 -2.1833333 -2.1833333 -2.1833333 -2.1833333
0.34001098 -0.63666667 -0.34679455 -1.1 -1.1766667 -1.25 -0.88 -1.3133333 -1.9866667 -1.9866667 -2.1733333 -1.76 -1.6633332 -1.6333333 -0.55666989 -0.55666667 -0.5 -0.52666667 -1.08 -1.08 -0.34455897 0.076666667 0.076666667 -0.31666667 -0.22 -0.22 -0.71 -0.71 -0.56006216 -0.56114445 -0.38052035 -0.67333333 -0.67333333 -0.53333333 -0.53333333 -0.97925337 -0.48 -0.48 -0.93665084 -1.1566664 -1.1566667 -1.1566667 -1.1566589 -0.99666745 -0.99666667 -0.99666667 -0.99666667 -0.99666715 -1.8066667 -2.1832587 -2.1833333 -2.1833333 -2.1833333
0.34 -0.72333333 -0.34333333 -1.9633333 -1.4700283 -1.6666667 -2.18 -2.4933333 -1.97 -1.96 -1.96 -1.06 -1.6633333 -1.6633333 -0.56425943 -0.96043559 -1 -0.67333333 -1.1566666 -1.08 -0.53449116 -0.45666667 -0.21666667 -0.10333333 -0.10334477 -0.99 -1.0833333 -1.0833332 -1.6229289 -1.6266666 -0.37666667 -0.73601416 -0.79333333 -0.53333333 -0.5499707 -1.3966667 -1.3966667 -0.93666666 -0.93666667 -1.1566667 -1.1566667 -1.1566667 -1.1343652 -1.1366667 -0.99666667 -0.99666667 -0.99666667 -1.8066358 -1.8066667 -1.8066667 -2.1833333 -2.1833333 -2.1833333
-0.79008817 -0.72333333 -0.33 -1.6966667 -1.3666667 -2.35 -1.54 -1.53 -2.3333333 -1.5810839 -0.27 -1.0733333 -1.0733333 -0.72 -0.72000207 -0.48144928 -0.48 -0.48 -0.74711491 -0.64333349 -1.3733333 -1.3733333 -0.62666667 -0.37824092 -0.90064741 -0.99 -1.08 -1.0833333 -0.98060047 -0.98 -0.72 -0.40666667 -0.20856502 -1.24 -1.1166667 -1.4533333 -1.05 -0.53666667 -0.50334873 -1.1540182 -0.56333333 -0.76666667 -1.1365701 -1.1366667 -1.1358787 -0.99666667 -1.2866667 -1.8066667 -1.8066667 -1.8066667 -1.8066667 -2.0733518 -0.61
-1.1633333 -1.1633333 -0.14333333 -0.47 -2.3366667 -1.09 -1.2866667 -2.2 -1.8733333 -1.3900255 -1.7966667 -0.62333333 -0.72 -0.72 -0.94 -0.93369089 -0.48 -0.47996927 -0.32 -0.64333333 -0.64333333 -0.7373818 -0.62666667 -0.47333624 -0.47333333 -0.47333333 -1.08 -1.2833333 -1.2833333 -0.98 -0.98 -0.40592066 -0.013333333 -1.24 -1.24 -1.4533333 -1.05 -1.5 -0.50333333 -0.3885575 -0.76666666 -0.68462754 -0.54333333 -1.1366667 -1.1366667 -1.2866667 -1.2866667 -1.2866667 -1.8066667 -1.8066667 -1.3 -1.3 -1.2999997
-1.1633333 -1.1633333 -1.28 -1.5266667 -1.57 -0.36333333 -1.6066667 -0.66139178 -0.60666667 -0.61333333 -0.83333333 -0.036666667 -0.62255245 -0.94 -0.94 -0.93995732 -0.57 -0.55687883 -0.32 -0.17333333 -0.17333333 0.39333333 0.39333333 -0.47333333 -0.47333333 -0.47333333 -1.2833333 -1.2833333 -1.2833333 -0.83333333 -0.83333333 -0.83333198 -0.96666667 -0.96666667 -2.1933333 -1.4733333 -1.3 -0.80000902 -0.66333333 -0.38666667 -0.38666667 -0.48666685 -0.54333333 -1.1366667 -0.77999992 -0.57666667 -0.72575948 -0.72333333 -1.36 -1.36 -1.3 -1.3 -1.3
-1.1633333 -1.2137914 -1.3852615 -1.2833258 -1.1333333 -0.96 -1.6066667 -0.66 -0.60666711 -0.61325947 -0.036667417 -0.036666667 -0.10666667 -0.94 -0.94 -0.57000001 -0.57 -0.56998577 -0.32 -0.17333333 -0.062051528 0.39333333 0.39333333 -0.47329836 -0.47333333 -0.43826991 -0.36666667 -0.36666667 -0.36666678 -0.83333333 -0.83333333 -0.33666667 -0.33666667 -0.96667003 -2.1933333 -0.70000082 -1.3897977 -0.8 -0.8 -0.38666667 -0.48666667 -0.48666667 -0.4866688 -0.78 -0.78 -0.57666667 -0.72333333 -0.72333333 -1.36 -1.36 -1.3 -1.3 -1.3
-0.39666667 -0.4047104 -0.326711 -0.33359775 -1.1333327 -0.96000409 -1.6066666 -0.67165292 -0.61034188 -0.60684075 -0.10666667 -0.10666667 -0.10666667 -0.10666667 -0.93988195 -0.57 -0.57 -0.5667721 -0.32 -0.17314523 0.48 0.48 0.48 0.48 -0.4571194 -0.36666667 -0.36666667 -0.36666667 -0.36666667 -0.36691768 -0.33666667 -0.33666667 -0.33666667 -0.33666667 -0.7 -0.7 -0.7 -0.79641495 -0.80115162 -0.95333333 -0.95333333 -0.48669177 -1.0766565 -0.78002857 -0.78 -0.57666667 -0.72333333 -0.72333333 -1.36 -1.36 -1.3002177 -1.3 -1.4395059
-0.39666667 -0.32666667 -0.32666667 -0.32666667 -0.32666667 -0.32666693 -1.6050112 -1.1587323 -0.62014702 -0.10720517 -0.10666667 -0.10666667 -0.10666667 -0.10666667 -0.10666606 -0.57000001 -0.56999996 -0.55285171 -0.32000089 0.48 0.48 0.48 0.48 0.48 0.48057307 -0.23828876 -0.29000002 -0.29 -0.29 -0.29 -0.33666665 -0.33666667 -0.33666587 0.32666667 0.32666667 -0.7 -0.055112823 -0.036666667 -0.9533328 -0.95333333 -0.95333333 -0.95333333 -1.0766667 -1.0766667 -1.0766667 -1.0731871 -0.9948578 -0.99666667 -0.99666667 -0.99666667 -0.99666667 -1.2933333 -1.2933333
-0.83666667 -0.32666667 -0.32666667 -0.32666667 -0.32666667 -0.32666667 -0.32666675 -0.93558054 0.73913508 0.74666667 0.74666667 0.74666667 0.74666667 0.74666667 0.74666666 0.8934686 -0.54670248 -0.53576628 0.47989933 0.48 0.48 0.48 0.48 0.48000035 0.50666667 0.50666667 0.50666555 -0.29 -0.29 -0.28805096 0.68333333 0.68333333 0.32666667 0.32666667 0.32666667 0.021535403 -0.036666667 -0.036666667 -0.036666667 -0.95333333 -0.95333333 -0.95333333 -1.0766667 -1.0766667 -1.0766667 -1.0766667 -0.99666668 -0.99666667 -0.99666667 -0.99666667 -0.99666667 -1.2933333 -1.2933333
-0.83666667 -0.64679946 -0.32666667 -0.32666667 -0.32666667 -0.32666667 0.18323324 0.18333333 0.18333335 0.74666667 0.74666667 0.74666667 0.74666667 0.74666667 0.77975772 0.89666667 0.89666667 0.89666667 0.77576354 0.77666636 0.77666667 0.77666667 0.77666667 0.77666667 0.50666667 0.50666667 0.50666667 0.50666667 -0.29 0.68333333 0.68333333 0.68333333 0.3266667 0.32666667 0.32666667 0.016666667 -0.036596052 -0.036666667 -0.036666667 -0.95338987 -1.0670182 -1.3321976 -1.0766667 -1.0766667 -1.744599 -1.7466667 -1.7466667 -0.99756782 -1.541423 -1.5433333 -1.5433332 -1.0966965 -1.2933329
-0.83666667 0.019698976 -0.13942963 -0.32666667 -0.32666667 0.183032 0.18333333 0.18333333 0.18333333 0.18739287 0.74666667 0.74666667 0.74666667 0.74666668 0.89666667 0.89666667 0.89666667 0.89666667 0.77677386 0.77666667 0.77666667 0.77666667 0.77666667 0.77666667 0.50666667 0.50666667 0.50666667 0.50666667 0.50730927 0.68333333 0.68333333 0.68333333 0.72666667 0.32664479 0.016666667 0.016666667 0.016666667 0.009444239 -1.2512248 -1.3333333 -1.3333333 -1.3333333 -1.5733333 -1.5733333 -1.7466667 -1.7466667 -1.7466667 -1.5433333 -1.5433333 -1.5433333 -1.5433333 -1.0966667 -1.0966667
0.042803591 0.043333333 0.043333333 0.043333336 0.31333333 0.18333669 0.18333333 0.18333333 0.18333333 0.18333333 0.67474367 0.74665429 0.74666664 0.89666667 0.89666667 0.89666667 0.89666667 0.89666667 0.88936359 0.77666667 0.77666667 0.77666667 0.77666667 0.77666667 0.78962723 1.0166639 1.0166667 1.0166667 1.0166667 0.68333334 0.72666667 0.72666667 0.72666667 0.72666667 0.016666667 0.016649374 -0.64 -0.64 -1.324676 -1.3333333 -1.3333333 -1.3333333 -1.5733333 -1.5733333 -1.7198287 -1.7466667 -1.7466667 -1.5433333 -1.5433333 -1.5433333 -1.5385439 -1.0966667 -1.0966667
0.043333333 0.043333333 0.043333333 0.17048036 0.31333333 0.31333333 0.18333333 0.18333333 0.18333333 0.18333333 -0.20333333 -0.20333333 -0.20333333 0.89666667 0.89666667 0.89666667 0.89666667 0.89668319 0.93 0.93 0.77666673 0.77666667 0.77910125 0.87666667 0.87792702 1.0166667 1.0166667 1.0166667 1.0166667 0.7266962 0.72666667 0.72666667 0.72666667 0.72666667 -0.63999769 -0.64 -0.64 -0.64 -0.64244657 -1.3333333 -1.3333333 -1.3333333 -1.5733333 -1.5733333 -1.5733333 -1.7466667 -1.7466667 -1.5433333 -1.5433333 -1.5433333 -1.0966667 -1.0966667 -1.0966667
0.043333333 0.043333333 0.043333333 0.31333333 0.31333333 0.31333333 0.31333313 0.18333333 0.18333333 -0.20293418 -0.20333333 -0.20333333 -0.20333333 -0.20264798 0.97760891 0.99666667 0.99666667 0.99666667 0.93 0.93 0.93 0.87666667 0.87666667 0.87666667 0.87663025 0.8750451 1.0166667 1.0166667 1.0166667 0.18309816 0.050066553 0.05 0.05 0.05 -0.69722331 -0.77999968 -0.78 -0.78 -0.78 -0.51011266 -0.51 -0.51 -1.5733333 -1.5733333 -0.66000381 -0.66000016 -1.1133333 -1.1133333 -1.15 -1.15 -1.15 -1.0966667 -1.1133184
0.043333282 0.043333333 0.043333343 0.31333333 0.31333333 0.31333333 0.31333333 -0.16666656 0.1819339 -0.20306735 -0.20333333 -0.20333333 -0.20333333 -0.2009786 0.99666667 0.99666667 0.99666667 0.99666665 0.93 0.93 0.93 0.87666667 0.87666667 0.87666667 0.74666667 0.74666667 0.84 0.84 0.84 0.8356903 0.05 0.05 0.05 0.05 -0.36477214 -0.78 -0.78 -0.78 -0.78 -0.51 -0.51 -0.51 -0.51471957 -0.66 -0.66 -0.66 -1.1133333 -1.1133333 -1.15 -1.15 -1.15 -1.1133333 -1.1133333
0.026666667 0.039376224 0.13666667 0.13671792 0.31333333 -0.1638894 -0.16666667 -0.16666667 -0.096220132 0.089999999 0.09 0.09 0.09 1.2132968 1.2133333 0.99666683 0.99666667 0.9949101 0.93 0.93 0.93 0.67666667 0.67666667 0.67666667 0.74666667 0.74666667 0.84 0.84 0.84 0.83999974 0.47666395 0.47666547 0.060723626 0.050457416 -0.94552706 -0.94666667 -0.94666667 -0.94666667 -0.94666667 -0.51 -0.51 -0.51 -0.65174062 -0.66 -0.66 -0.66000005 -1.1133333 -1.1133333 -1.1133347 -1.15 -1.1500162 -1.5133333 -1.1133333
0.22662869 0.22666665 0.13666667 0.13666667 0.13666667 -0.16666667 -0.16666667 -0.16666667 0.026666667 0.026666667 0.09 0.09 0.09 1.2133333 1.2133333 1.2133333 1.2133333 1.2133011 0.93 0.93 0.92999999 0.67666667 0.67666667 0.67666667 0.74666667 0.74666667 0.84 0.84 0.84 0.48076328 0.47666667 0.47666667 0.47666667 0.47666667 -0.94596434 -0.94666667 -0.94666667 -0.94666667 -0.94666667 -0.64666663 -0.64666667 -0.64666667 -0.64666667 -0.66000212 -0.93666667 -0.93666667 -0.93666667 -1.4033333 -1.4033333 -1.4033333 -1.5133333 -1.5133333 -1.5133333
0.22666667 0.22666667 0.13666667 0.13666667 0.13666667 -0.16507229 -0.16666667 0.026666667 0.026666667 0.026666667 0.089992204 0.09 0.45770613 1.2133332 1.2133333 1.2133333 1.2133333 0.59333333 0.59333333 0.59333333 0.91333333 0.91333316 0.67666782 0.67666667 0.67692544 1.08 1.08 1.0799994 0.84003879 0.6233041 0.62333255 0.62330773 0.47691734 0.47679324 -0.69307082 -0.94666658 -0.94590706 -0.72 -0.72 -0.64666667 -0.64666667 -0.64666667 -0.64666667 -0.93666667 -0.93666667 -0.93666667 -0.93666667 -1.4033333 -1.4033333 -1.4033333 -1.5133333 -1.5133333 -1.5133333
0.22666667 0.22666667 0.13666667 0.13666667 0.13666667 0.13666667 -0.094307647 0.026666667 0.026666667 0.026666667 0.026950223 0.54 0.54 0.54 1.2093652 1.2133333 0.59746486 0.59333333 0.59333333 0.59333333 0.91333333 0.91333333 0.91333333 0.91333333 1.08 1.08 1.08 1.08 1.08 0.62333333 0.62333333 0.62333333 0.62333333 0.62333216 0.066666667 -0.72 -0.72 -0.72 -0.72 -0.72000131 -1.1466667 -1.1466667 -1.1466667 -1.1000236 -1.0033333 -1.0033333 -1.0033333 -1.4033333 -1.4033334 -1.5033333 -1.5033333 -1.1500884 -1.15
0.22666667 0.22666667 0.16915035 0.13666667 0.13666667 0.13666666 -0.2594913 0.025763252 0.026666667 0.026666666 0.53999983 0.54 0.54 0.54 0.54 0.5951989 0.59333333 0.59333333 0.59333333 0.59333333 0.91333086 0.91333333 0.91333333 0.91333333 1.08 1.08 1.08 1.08 1.08 0.59623826 0.62333333 0.62333333 0.62333333 0.066666667 0.066666667 0.0660558 -0.72 -0.72 -1.0520393 -1.3099999 -1.1466667 -1.1466667 -1.1466667 -1.1014192 -1.0033333 -1.0033333 -1.0033333 -1.33 -1.5011736 -1.5033333 -1.5033333 -1.15 -1.15
1.3759683e-14 6.4830067e-17 1.992959e-13 0.10240058 0.13610288 -0.26 -0.26 -0.26 -0.26 -0.25666667 -0.25666667 0.53999994 0.54 0.54 0.54 0.54000333 0.59333333 0.59333333 0.59333333 0.59333333 0.77369571 0.91333333 0.91333333 0.93618883 1.7551996 1.08 1.08 1.08 0.58666667 0.58666667 0.58666667 0.58666682 0.066666667 0.066666667 0.066666667 0.066666667 -1.31 -1.31 -1.31 -1.31 -1.1 -1.1 -1.1 -1.2299974 -1.23 -1.23 -1.2299999 -1.33 -1.33 -1.5031221 -1.5033333 -1.1500008 -1.15
-9.2518585e-18 -9.2518585e-18 -9.2518585e-18 -1.3283052e-05 -0.24666667 -0.24860555 -0.26 -0.26 -0.26 -0.25666667 -0.25666667 -0.25666667 -0.61666662 -0.61666667 -0.61666667 -0.61666665 0.59111683 0.59333333 0.59333333 0.59333333 0.59823335 1.7866643 1.7866667 1.7866667 1.7866667 1.7866666 1.21 1.21 0.58666667 0.58666667 0.58666667 0.58666667 0.066666515 0.066666667 0.066666667 0.066649562 -1.31 -1.31 -1.31 -1.3090495 -1.1 -1.1 -1.1 -1.229994 -1.23 -1.23 -1.23 -1.33 -1.33 -1.33 -1.31 -1.31 -1.2833333
-9.2518585e-18 -9.2518585e-18 -9.2518585e-18 -0.2466661 -0.24666667 -0.24666667 -0.25999999 -0.26 -0.26 -0.25666667 -0.25666667 -0.25666667 -0.61666667 -0.61666667 -0.61666667 -0.61666667 -0.61666667 -0.61666667 -0.61666354 0.58649895 1.7866667 1.7866667 1.7866667 1.7866667 1.7866667 1.7862327 1.21 1.21 1.21 0.58666667 0.58666667 0.58676965 -0.14333333 -0.14333333 -0.14333333 -0.61666666 -0.61666667 -1.0933333 -1.0933333 -1.0933333 -0.62666667 -1.0998515 -1.1000021 -1.3833333 -1.3833333 -1.3775222 -1.2300006 -1.33 -1.33 -1.31 -1.31 -1.31 -1.2833333
-9.2518585e-18 -9.2518585e-18 -9.4167538e-16 -0.24666667 -0.24666667 -0.24666667 -0.24666667 -0.26 -0.26 -0.25666667 -0.25666667 -0.60227186 -0.61666667 -0.61666667 -0.61666667 -0.61666667 -0.61666667 -0.61666667 -0.61666667 -0.61666667 1.7866667 1.7866667 1.7866667 1.7866667 1.7866667 1.210002 1.21 1.21 1.21 0.74666667 0.74666667 0.74666667 -0.14333333 -0.14333333 -0.14333333 -0.61666667 -0.61666667 -1.0933333 -1.0933333 -0.62666667 -0.62666667 -0.62666667 -1.3833333 -1.3833333 -1.3833333 -1.3833333 -1.3937387 -1.51 -1.51 -1.51 -1.31 -0.93333333 -0.93333333
