interpolatedSpi/05-04|19_3.tif
NCOLS 53
NROWS 52
XLLCORNER -116.03883
YLLCORNER 28.596182
DX 0.49850594
DY 0.49788537
NODATA_VALUE -9999
-0.93 -0.93 -0.8858718 -0.66 -0.3 -0.49 -1.47 -1.44 -1.6603369 -1.33 -0.95 -0.67 -0.81996706 -0.42 -0.97 -0.97 -0.97 -0.59 -1.24 -1.24 -1.24 -1.2400113 -2.41 -1.37 -1.37 -1.37 -1.6799897 -1.68 -1.68 -2.41 -2.41 -2.41 -2.41 -2.8699999 -2.87 -2.87 -2.87 -2.87 -2.87 -2.8699999 0.17717915 0.20966603 -1.1 -1.1 -1.1 -1.1 -1.101568 -2.06 -2.06 -2.06 -1.2600017 -1.26 -1.26 
-0.93001688 -1.31 -0.89999913 -0.84226205 -1.0904628 -1.01 -0.11 -0.69044975 -2.02 -1.48 -0.65 -0.82 -0.82 -0.78876625 -0.42000933 -0.97 -0.59 -0.59 -1.2391525 -1.24 -1.24 -1.24 -1.3821065 -1.37 -1.37 -1.37 -0.96000003 -0.96 -2.41 -2.41 -2.41 -2.41 -2.41 -2.8699999 -2.87 -2.87 -2.87 -2.87 -2.8699998 -2.4005532 -0.13008767 -0.98229808 -1.1 -1.1 -1.1 -1.1 -1.1 -2.06 -2.06 -2.06 -1.9936632 -1.26 -1.26 
-0.49000507 -0.49 -0.15 0.37 -0.91 -1.69 -1.18 -1.29 -1.34 -1.1 -0.95 -1.75 -1.08 -0.35 -0.79 -1.04 -0.59 -0.59 -0.59 -1.24 -1.24 -1.24 -1.6 -1.37 -1.37 -1.37 -0.96 -0.96 -0.96 -2.41 -2.41 -2.41 -2.424442 -2.8632272 -2.8402148 0.30067689 0.33 0.33 0.27214412 -0.13 -0.13 -0.13124038 -1.1 -1.1 -1.1 -1.1 -1.1 -2.06 -2.06 -2.06 -2.06 -1.26 -1.26 
0.67 -0.49000004 -0.71005362 -0.06 -0.91 -1.12 -1.14 -1.7 -1.28 0.32512034 -0.85 -1.4 -1.44 -0.35 -1.04 -1.04 -1.3674752 -1.3694535 -1.73 -1.24 -1.24 -1.07 -1.6 -1.6 -1.37 -1.369998 -0.96 -0.96 -0.96 -1.51 -2.0202703 -2.44 -2.44 -2.4399978 0.33 0.33 0.33 0.33 -0.13 -0.13 -0.13 -0.13000004 -1.1 -1.1 -1.1 -1.1 -1.1 -2.0599879 -2.06 -2.06 -2.06 -1.2599504 -1.26 
0.67 -1.1699992 -0.71 -1.0651583 -0.91 -1.34 -1.7799686 -1.65 -1.6 -1.5600001 -1.5289107 -1.51 -1.51 -1.04 -1.04 -1.0451847 -1.37 -1.37 -1.73 -1.73 -1.2399997 -1.07 -1.45 -1.65 -1.31 -1.3100139 -0.96 -0.96 -1.51 -1.51 -2.44 -2.44 -2.44 -2.2514268 0.33 0.33 0.33 -0.13 -0.13 -0.13 -0.13 -0.12998842 -1.1 -1.1 -1.1 -1.1 -1.1 -1.1085452 -2.06 -2.059896 0.26 0.26 0.26 
-1.92 -1.2 0.74999997 -0.57 -0.14 -1.06 -0.46 -0.61235408 -1.54 -1.25 -1.18 -1.1 -1.1000003 -2.13 -2.13 -1.5698745 -1.57 -1.46 -1.46 -1.7299995 -1.72 -1.72 -1.65 -1.31 -1.31 -1.37 -1.37 -1.37 -1.2600224 -1.51 -2.44 -2.44 -1.44 -1.4399885 -1.3300078 -1.24 -1.24 -0.47340384 -0.13 -0.13 -0.010149666 -0.0099999989 -0.0099990429 0.56999034 0.59981211 0.59999955 0.59999994 0.59999935 -0.42818634 0.26 0.26 0.26 0.26 
-1.5200133 -0.94 -1.1966393 -0.66 -0.12 -0.66 -1.21 -1.45 -0.81 -0.81 -1.18 -0.58 -1.1899997 -2.13 -1.0500032 -1.05 -1.57 -1.09 -1.13 -1.13 -1.5927585 -1.45 -1.45 -1.27 -1.37 -1.37 -1.37 -1.37 -1.2599854 -1.2597318 -0.7308656 -1.44 -1.44 -1.33 -1.33 -1.1201792 -1.24 -1.24 -0.90001179 -0.010001239 -0.01 -0.01 -0.0099941426 0.59999905 0.6 0.6 0.6 0.59999935 -0.49 0.25985137 0.26 0.26 0.26 
-1.52 -2.03 -1.84 -1.64 -0.72005274 -1.59 -0.71 -0.91999998 -0.73 -0.31 -0.31 0.04 -1.19 -1.19 -1.0509605 -0.91338645 -0.9 -0.41 -1.09 -1.13 -0.30075174 -0.26 -0.74 -0.84 -0.83999897 -0.76 -0.51 -0.5100003 -1.010876 -1.01 -0.73 -0.63287449 -1.18 -1.33 -1.3248662 -1.02 -1.02 -0.9 -0.9 -0.01 -0.01 -0.0099999917 0.42771662 0.43000001 0.6 0.6 0.6 -0.48995851 -0.49 -0.49 0.26 0.26 0.26 
-1.8752501 -2.03 -1.58 -0.41 -1.31 -1.99 -1.33 -0.71 -0.31 -0.35784626 -0.24 0.35 0.35 0.33 0.32999972 -1.4185507 -1.42 -1.42 -0.51380306 0.1999998 -0.74 -0.73999999 -0.43 -0.6178341 -0.76806189 -0.76 -0.64 -0.51 -1.1761066 -1.18 -0.48 -0.92 -0.99051231 -1.33 -1.15 -1.18 -1.17 -1.18 -0.37037403 -0.0082591283 0.38 0.12 0.42995604 0.43 0.43095685 0.6 -0.39999995 -0.49 -0.49 -0.49 -0.49 0.30482268 0.44 
-1.01 -1.01 -1.82 -1.46 -1.44 -2.06 -1.38 -1.57 -0.08 -0.36997283 -0.04 -0.9 0.33 0.33 0.3 0.27640942 -1.42 -1.4195855 0.39 0.2 0.2 0.078896469 -0.43 -0.58999697 -0.59 -0.59 -0.64 -0.1 -0.1 -1.18 -1.18 -0.92026553 -1.06 -1.33 -0.96 -1.18 -1.17 -1.29 -0.37 1.2237446 0.12000001 0.13469358 0.16 0.43 0.43 -0.4 -0.4 -0.4 -0.49 -0.49 0.62 0.62 0.61999993 
-1.01 -1.01 -2.24 -2.52 -1.27 -0.84 -0.91 -1.000322 -1.43 -1.4 -0.19 -0.82 -0.89989167 0.3 0.3 0.30002307 0.5 0.49422668 0.39 0.47 0.47 0.71 0.71 -0.59 -0.59 -0.59 -0.1 -0.1 -0.1 -1.15 -1.15 -1.1499999 -0.82 -0.82 -1.54 -0.89 -0.09 -0.62000085 -0.91 1.25 1.25 -0.10999911 0.16 0.43 0.31999983 0.07 0.60565017 0.61 0.83 0.83 0.62 0.62 0.62 
-1.01 -1.5412643 -2.359486 -2.3900076 -1.37 -1.07 -0.91 -1 -1.4299964 -1.4003324 -0.82000075 -0.82 0.52 0.3 0.3 0.49999999 0.5 0.49999374 0.39 0.47 0.51713112 0.71 0.71 -0.58994761 -0.59 -0.44536339 -0.15 -0.15 -0.14999999 -1.15 -1.15 -0.22 -0.22 -0.82000197 -1.54 0.39999938 -0.19102256 -0.62 -0.62 1.25 -0.11 -0.11 -0.10999685 0.32 0.32 0.07 0.61 0.61 0.83 0.83 0.62 0.62 0.62 
-0.17 0.096657652 0.2998953 0.28051609 -1.3699985 -1.0700071 -0.91 -0.99889216 -1.4003686 -1.4292166 0.52 0.52 0.52 0.52 0.30003116 0.5 0.5 0.49857972 0.39 0.47008629 0.77 0.77 0.77 0.77 -0.56662612 -0.15 -0.15 -0.15 -0.15 -0.15062481 -0.22 -0.22 -0.22 -0.22 0.4 0.4 0.4 -0.57093554 -0.60678145 1.14 1.14 -0.10993277 0.80998323 0.3200472 0.32 0.07 0.61 0.61 0.83 0.83 0.62076186 0.62 0.35404227 
-0.17 0.3 0.3 0.3 0.3 0.29999942 -0.91040958 -0.95264045 -1.3213148 0.51790085 0.52 0.52 0.52 0.52 0.52000061 0.5 0.49999998 0.49245475 0.39000276 0.77 0.77 0.77 0.77 0.77 0.75162209 -0.23138161 -0.29999997 -0.3 -0.3 -0.3 -0.22 -0.22 -0.21999947 0.22 0.22 0.4 0.78887669 0.8 1.1399998 1.14 1.14 1.14 0.81 0.81 0.81 0.80485027 0.68936734 0.69 0.69 0.69 0.69 1.5499998 1.55 
1.62 0.3 0.3 0.3 0.3 0.3 0.29999992 -0.24802264 1.3460218 1.36 1.36 1.36 1.36 1.36 1.36 1.0855691 0.50919453 0.48493746 0.76995226 0.77 0.77 0.77 0.77 0.7699998 -0.08 -0.08 -0.080000309 -0.3 -0.3 -0.29915897 0.12 0.12 0.22 0.22 0.22 0.70709041 0.8 0.8 0.8 1.14 1.14 1.14 0.81 0.81 0.81 0.81 0.69 0.69 0.69 0.69 0.69 1.55 1.55 
1.62 1.128579 0.3 0.3 0.3 0.3 1.4597723 1.46 1.46 1.36 1.36 1.36 1.36 1.36 1.29823 1.08 1.08 1.08 0.60051839 0.60000017 0.6 0.6 0.6 0.6 -0.08 -0.08 -0.08 -0.08 -0.3 0.12 0.12 0.12 0.21999999 0.22 0.22 1.02 0.80029129 0.8 0.8 1.1399714 1.0831576 0.95056787 0.81 0.81 0.89972225 0.9 0.9 0.69085461 1.2081828 1.21 1.2099999 1.9599378 1.5500008 
1.62 1.3183262 0.8111065 0.3 0.3 1.4593146 1.46 1.46 1.46 1.4592794 1.36 1.36 1.36 1.36 1.08 1.08 1.08 1.08 0.60042877 0.6 0.6 0.6 0.6 0.6 -0.079999984 -0.08 -0.08 -0.08 -0.079272526 0.12 0.12 0.12 0.91999998 0.22009827 1.02 1.02 1.02 1.0192141 0.94050414 0.95 0.95 0.95 1.29 1.29 0.9 0.9 0.9 1.21 1.21 1.21 1.21 1.96 1.96 
1.3105676 1.31 1.31 1.31 0.98 1.4599876 1.46 1.46 1.46 1.46 1.3819554 1.3600038 1.36 1.08 1.08 1.08 1.08 1.08 0.93820859 0.6 0.6 0.6 0.6 0.6 0.51614904 0.89999469 0.9 0.9 0.9 0.12000004 0.91999999 0.92 0.92 0.92 1.02 1.0199982 0.95 0.95 0.95 0.95 0.95 0.95 1.29 1.29 0.96038543 0.9 0.9 1.21 1.21 1.21 1.218042 1.96 1.96 
1.31 1.31 1.31 1.1545981 0.98 0.98 1.46 1.46 1.46 1.46 1.65 1.65 1.65 1.08 1.08 1.08 1.08 1.0797819 -0.57 -0.57 0.59999952 0.6 0.59026168 0.2 0.20630179 0.9 0.9 0.9 0.9 0.91999796 0.92 0.92 0.92 0.92 0.95000025 0.95 0.95 0.95 0.95004772 0.95 0.95 0.95 1.29 1.29 1.29 0.9 0.9 1.21 1.21 1.21 1.96 1.96 1.96 
1.31 1.31 1.31 0.98 0.98 0.98 0.98000073 1.46 1.46 1.6498039 1.65 1.65 1.65 1.6496448 0.011562416 -0.24 -0.24 -0.24 -0.57 -0.57 -0.57 0.2 0.2 0.2 0.20006443 0.65347357 0.9 0.9 0.9 0.88699739 0.88000393 0.88 0.88 0.88 1.2945481 1.7799981 1.78 1.78 1.78 2.3598071 2.36 2.36 1.29 1.29 2.0499968 2.0499997 1.07 1.07 1.6 1.6 1.6 1.96 1.280608 
1.3100021 1.31 1.31 0.98 0.98 0.98 0.98000001 1.63 1.4606797 1.6500091 1.65 1.65 1.65 1.6462913 -0.24 -0.24 -0.24 -0.24000009 -0.57 -0.57 -0.57 0.2 0.2 0.2 0.43 0.43 0.76999999 0.77 0.77 0.77060008 0.88 0.88 0.88 0.88 1.3297529 1.78 1.78 1.78 1.78 2.36 2.36 2.36 2.3502462 2.05 2.05 2.05 1.07 1.07 1.6 1.6 1.6 1.28 1.28 
1.99 1.6664706 1.42 1.4198723 0.98 1.6262391 1.63 1.63 1.6737254 1.66 1.66 1.66 1.66 0.7200306 0.72 -0.23999926 -0.24 -0.24869501 -0.57 -0.57 -0.57 -0.03 -0.03 -0.03 0.43 0.43 0.77 0.77 0.77 0.76999998 0.74000089 0.74000039 0.87648131 0.87984991 1.8688697 1.87 1.87 1.87 1.87 2.36 2.36 2.36 2.0670691 2.05 2.05 2.0499998 1.07 1.07 1.0700191 1.6 1.5999508 0.5 1.28 
1.6200703 1.62 1.42 1.42 1.42 1.63 1.63 1.63 1.75 1.75 1.66 1.66 1.66 0.72 0.72 0.72 0.72 0.71985319 -0.57 -0.57 -0.56999998 -0.03 -0.03 -0.03 0.43 0.43 0.77 0.77 0.77 0.74033825 0.74 0.74 0.74 0.74 1.8694424 1.87 1.87 1.87 1.87 1.5900002 1.59 1.59 1.59 2.0499909 0.86 0.86 0.86 0.53 0.53 0.53 0.5 0.5 0.5 
1.62 1.62 1.42 1.42 1.42 1.6288962 1.63 1.75 1.75 1.75 1.6600111 1.66 1.561945 0.72000019 0.72 0.72 0.72 1.05 1.05 1.05 0.34999999 0.34999972 -0.029998149 -0.03 -0.029206848 1.09 1.09 1.0899992 0.77005171 1.0199442 1.0199985 1.0199511 0.74047855 0.74024164 1.6689229 1.8699996 1.8665482 0.84 0.84 1.59 1.59 1.59 1.59 0.86 0.86 0.86 0.86 0.53 0.53 0.53 0.5 0.5 0.5 
1.62 1.62 1.42 1.42 1.42 1.42 1.6749125 1.75 1.75 1.75 1.749884 1.54 1.54 1.54 0.72483245 0.72 1.047801 1.05 1.05 1.05 0.35 0.35 0.35 0.35 1.09 1.09 1.09 1.09 1.09 1.02 1.02 1.02 1.02 1.0199998 0.91 0.84 0.84 0.84 0.84 0.83999788 0.05 0.05 0.05 0.043496983 0.03 0.03 0.03 0.52999999 0.53000057 1.12 1.12 1.2098273 1.21 
1.62 1.62 1.492186 1.42 1.42 1.42 1.8897516 1.7504412 1.75 1.75 1.5400001 1.54 1.54 1.54 1.54 1.4727143 1.05 1.05 1.05 1.05 0.35000541 0.35 0.35 0.35 1.09 1.09 1.09 1.09 1.09 0.31060184 1.02 1.02 1.02 0.91 0.91 0.90994564 0.84 0.84 0.51921625 0.27000005 0.05 0.05 0.05 0.04428124 0.03 0.03 0.03 0.72 1.115016 1.12 1.12 1.21 1.21 
2.49 2.49 2.49 1.6882784 1.4212699 1.89 1.89 1.89 1.89 1.84 1.84 1.54 1.54 1.54 1.54 1.539969 1.05 1.05 1.05 1.05 0.65545729 0.35 0.35 0.36177669 0.81291336 1.09 1.09 1.09 0.06 0.06 0.06 0.06000403 0.91 0.91 0.91 0.91 0.27 0.27 0.27 0.27 -0.08 -0.08 -0.08 0.22999377 0.23 0.23 0.22999994 0.72 0.72 1.1195126 1.12 1.2099969 1.21 
2.49 2.49 2.49 2.4899892 2.29 2.2318334 1.89 1.89 1.89 1.84 1.84 1.84 2.24 2.24 2.24 2.24 1.0525279 1.05 1.05 1.05 1.0394101 0.79999876 0.8 0.8 0.8 0.79999997 -0.32999999 -0.33 0.06 0.06 0.06 0.06 0.90999955 0.91 0.91 0.9099495 0.26999999 0.27 0.27 0.26907877 -0.08 -0.08 -0.08 0.22998562 0.23 0.23 0.23 0.72 0.72 0.71999998 0.6 0.6 1.1 
2.49 2.49 2.49 2.2900005 2.29 2.29 1.8900002 1.89 1.89 1.84 1.84 1.84 2.24 2.24 2.24 2.2544703 2.43 2.43 2.4299964 1.0577946 0.8 0.8 0.8 0.8 0.8 0.79914962 -0.33 -0.33 -0.33 0.06 0.06 0.059665297 0.29 0.29 0.29 -0.32 -0.32 0.06 0.06 0.06 0.31 -0.079877668 -0.079997388 0.27 0.27 0.26848405 0.23000094 0.72 0.72 0.6 0.6 0.6 1.1 
2.49 2.49 2.49 2.29 2.29 2.29 2.29 1.89 1.89 1.84 1.84 2.2240058 2.24 2.24 2.24 2.43 2.43 2.43 2.43 2.43 0.8 0.8 0.8 0.8 0.8 -0.32999614 -0.33 -0.33 -0.33 -0.46 -0.46 -0.46 0.29 0.29 0.29 -0.32 -0.32 0.06 0.06 0.31 0.31 0.31 0.27 0.27 0.27 0.27 0.30532335 0.7 0.7 0.7 0.60000001 1.11 1.11 
2.49 2.49 2.4897215 2.29 2.29 2.29 2.29 2.4042414 2.41 2.4090214 1.84 2.2400368 2.24 2.24 2.2400007 2.43 2.43 2.43 2.43 2.43 2.2194109 0.8 0.8 0.8 0.7998723 -0.32997131 -0.33 -0.33 -0.33 -0.46 -0.46 -0.46 -0.45988781 0.29 -0.32 -0.32 -0.32 -0.31998434 0.060017049 0.31 0.31 0.31 0.27000243 0.27 0.27 0.27 0.69999645 0.7 0.7 0.7 1.11 1.11 1.11 
1.53 1.5300017 2.2900784 2.29 2.29 2.29 2.4099745 2.41 2.41 2.41 2.68 2.68 2.68 2.68 2.4311538 2.43 2.43 2.43 2.43 2.2800001 2.28 2.28 0.1800001 0.18 0.18 0.18 0.13598044 -0.33 0.019985665 0.02 0.02 0.02 0.02 -0.29 -0.29 -0.29 -0.29 -0.29 0.21 0.21 0.21 0.21 0.21 0.34987941 0.35 0.35 0.35 0.7 0.7 0.7 1.1099354 1.11 1.11 
1.53 1.53 1.5341865 2.0300005 2.0300001 2.0303706 2.41 2.41 2.41 2.41 2.68 2.68 2.68 2.68 2.68 2.43 2.43 2.43 2.28 2.28 2.28 2.28 0.18000001 0.18 0.18 0.18 0.18 0.17989192 0.019965246 0.02 0.02 0.02 0.019986038 -0.25031689 -0.28995891 -0.29 -0.29 -0.29 0.21 0.21 0.21 0.21 0.21 0.35 0.35 0.35 0.35 0.51366684 0.7 1.0065414 1.01 1.34 1.34 
1.53 1.53 2.0299367 2.03 2.03 2.03 2.1265184 2.41 2.41 2.41 2.68 2.68 2.68 2.68 2.68 2.4301805 2.43 2.280044 2.28 2.28 2.28 2.28 0.95795861 0.18 0.18 0.18 0.18 0.17982299 -0.07 -0.07 -0.07 -0.07 -0.07 -0.22 -0.22 -0.22 -0.22 -0.22 0.06 0.06 0.06 0.06 0.060000002 0.34978025 0.34999995 0.35 0.34998474 0.34825938 1.01 1.01 1.01 1.3399982 1.34 
1.5300001 1.5692202 2.0299999 2.03 2.03 2.03 2.03 2.4098382 2.41 2.41 2.68 2.68 2.68 2.68 1.3990969 1.37 1.37 2.2799766 2.28 2.28 2.28 2.28 2.2799997 0.18 0.18 0.18 0.18 0.059999882 0.05999994 0.032332841 -0.07 -0.07 -0.07 -0.22 -0.22 -0.22 -0.22 -0.21985777 0.06 0.06 0.06 0.06 0.05999004 0.26 0.26 0.26 0.26 0.26006049 1.01 1.01 1.01 1.0100003 1.4286745 
1.57 1.57 1.6253781 2.03 2.03 2.03 2.03 2.03 2.4098352 1.28 1.28 1.28 1.2833225 1.3700019 1.37 1.37 1.37 1.37 2.2799909 2.2020449 1.52 1.52 1.52 1.1809462 0.21441564 0.39856721 0.55364073 0.06 0.06 0.06 0.06 0.06 0.063712352 -0.001133513 -0.01 -0.01 -0.01 -0.01 0.035579174 -0.069999766 -0.07 -0.07 -0.07 0.51999924 0.26000007 0.26 0.26 1.18 1.0100027 1.01 1.01 1.43 1.43 
1.57 1.57 1.37 1.37 1.37 2.0297801 2.03 2.03 1.28 1.28 1.28 1.28 1.28 1.37 1.37 1.37 1.37 1.37 1.52 1.52 1.52 1.52 1.52 0.61000005 0.61 0.61 0.61 0.060000003 0.06 0.06 0.06 0.06 0.78 0.78 -0.0099999948 -0.01 -0.01 0.36993529 0.37 -0.07 -0.07 -0.07 -0.069999962 0.52 0.52 0.52 1.18 1.18 1.18 1.77 1.77 1.43 1.43 
1.57 1.57 1.37 1.37 1.37 1.37 1.3699972 0.86 1.2796046 1.28 1.28 1.28 1.28 1.3688773 1.37 1.37 1.37 1.37 1.52 1.52 1.52 1.52 1.52 0.61 0.61 0.61 0.61 0.60999778 0.06 0.06 0.06 0.77996225 0.78 0.78 0.78 -0.0099999991 0.37 0.37 0.37 0.35842278 0.13232203 0.17 0.17 0.52 0.52 0.52 1.18 1.18 1.18 1.77 1.77 1.77 1.6654863 
1.17 1.1700031 1.37 1.37 1.37 1.37 0.86 0.86 0.86 1.28 1.28 1.28 1.28 1.280028 1.37 1.37 1.37 1.37 1.5199971 1.52 1.52 1.52 0.77029638 0.61 0.61 0.61 0.61 0.66999995 0.67 0.66999999 0.066573844 0.78 0.78 0.78 0.78000009 0.87 0.37 0.37 0.37 0.37 0.17 0.17 0.17 0.9 0.9 0.9 1.4299757 1.18 1.18 1.77 1.77 1.77 1.6899998 
1.17 1.17 1.37 1.37 1.37 0.86 0.86 0.86 0.86 1.233958 1.28 1.28 1.28 1.2799976 0.52009782 0.52 0.52 0.52 0.45125805 0.77 0.77 0.77 0.77 0.61 0.61 0.61 0.61000396 0.67 0.67 0.67 0.67 0.78002129 0.8306224 0.87 0.87 0.87 0.36876978 0.040006871 0.04 0.04 0.17010183 0.3 0.3 0.9 0.9 0.90000224 1.43 1.43 1.48 1.48 1.48 1.6 1.61 
1.17 1.17 0.5 0.5 0.5 0.86 0.86 0.86 0.86 1.18 1.18 1.18 1.18 1.1334883 0.52 0.52 0.52 0.52 0.44 0.77 0.77 0.77 0.77 0.14 0.14000019 0.60999931 0.67 0.67 0.67 0.67 0.80163156 0.93 0.87713918 0.87 0.87 0.87 0.04 0.04 0.04 0.04 0.3 0.3 0.3 1.0697572 1.07 1.4283818 1.43 1.43 1.4800004 1.48 1.6 1.6 1.61 
1.17 0.5 0.5 0.5 0.5 0.5 0.86124206 1.02 1.02 1.18 1.18 1.18 1.18 1.1798437 0.52 0.52 0.52 0.51638535 0.44 0.44 0.77 0.77 0.14 0.14 0.14 0.14 0.67 0.67 0.67 0.67 0.93 0.93 0.93 0.87006072 0.87 0.87 0.04 0.04 0.04 0.04 0.3 0.3 0.3 1.07 1.07 1.0700187 1.4 1.4 1.58 1.58 1.6 1.6 1.61 
0.50629213 0.5 0.5 0.5 0.5 0.5 1.02 1.02 1.02 1.1056387 1.18 1.18 1.18 1.1799952 0.52 0.52 0.52 0.44 0.44 0.44 0.76998351 0.76999615 0.14 0.14 0.14 0.14 0.66996233 0.67 0.67 0.92994021 0.93 0.93 0.93 0.93 0.86952288 0.44 0.44 0.4330773 0.04 0.04 0.29999977 0.3 1.0476121 1.07 1.07 1.3999999 1.4 1.4 1.58 1.58 1.16 1.16 0.78 
0.5 0.5 0.5 0.5 0.5 0.5 1.02 1.02 1.02 1.02 1.0900026 1.09 1.09 1.09 0.5199996 0.29564654 0.17 0.17 0.43950226 0.44 0.44000006 0.14000091 0.14 0.14 0.14 0.14 0.14038534 0.67 0.67000889 0.93 0.93 0.93 0.93 0.93 0.44 0.44 0.44 0.44 0.44 0.43999779 0.11 0.11 0.11000011 0.44 0.44 0.44 1.19 1.19 0.89 0.89 1.16 1.1599992 0.78 
0.5 0.5 0.5 0.5 0.5 0.5 1.02 1.02 1.02 1.09 1.09 1.09 1.09 1.09 0.84749021 0.17 0.17 0.17 0.17 0.17 0.18289161 0.14 0.14 0.14 0.14 0.15287441 0.54935753 0.65365946 0.92871782 0.93 0.93 0.93 0.93 0.92999893 0.44 0.44 0.44 0.44 0.44 0.28648477 0.11 0.11 0.11 0.44 0.44 0.44 1.19 1.19 0.89 0.89 -0.18999998 0.72649088 0.78 
0.5 0.5 0.5 0.5 0.5 0.50000016 1.0199999 1.02 1.0229054 1.09 1.09 1.09 1.09 1.09 1.0458711 0.17 0.17 0.17 0.17 0.17 0.17 0.4861237 0.54999943 0.55 0.55 0.55 0.55 0.55 0.14642576 0.14000935 0.14000002 0.14 0.14 0.14000022 0.44 0.44 0.44 0.44 0.44 0.11000004 0.11 0.11 0.11 0.11000015 0.43963126 0.21 1.1899999 -0.15629913 0.88906246 -0.19 -0.19 -0.18896067 -0.14 
0.5 0.5 0.5 0.5 0.5 0.50003322 1.019972 1.0200042 1.0899999 1.09 1.09 1.09 1.09 1.09 1.0724944 0.17 0.17 0.17 0.17 0.17 0.17 0.55 0.55 0.55 0.55 0.55 0.55 0.55 0.14011318 0.14 0.14 0.14 0.14 0.14 0.22219997 0.44 0.44 0.44 0.44 0.11 0.11 0.11 0.11 0.11002562 0.21 0.21 0.20755567 -0.18 -0.18 -0.19 -0.19 -0.14 -0.14 
0.5 0.5 0.5 0.5 0.5 0.50069349 1.0193847 1.082101 1.09 1.09 1.09 1.09 1.09 1.09 1.0738938 0.17 0.17 0.17 0.17 0.17 0.22410509 0.55 0.55 0.55 0.55 0.55 0.55 0.55 0.14000164 0.14 0.14 0.14 0.14 0.14 0.14 0.24009443 -0.070642384 -0.24055246 -0.26642062 0.065647722 0.10999998 0.11 0.11 0.20999201 0.21 0.20814955 -0.10000038 -0.18 -0.18 -0.31990622 -0.32 -0.32 -0.14000008 
0.5 0.5 0.5 0.5 0.50000053 0.50433663 1.0224089 1.0899808 1.09 1.09 1.09 1.09 1.09 1.09 1.0685166 0.17 0.17 0.17 0.17 0.17 0.54999836 0.55 0.55 0.55 0.55 0.55 0.55 0.55 0.14000011 0.14 0.14 0.14 0.14 0.14 0.13999992 -0.28 -0.28 -0.28 -0.28 -0.58 -0.58 -0.58 -0.58 -0.099999102 -0.1 -0.1 -0.1 -0.099997733 0.11 0.11 -0.32 -0.32 -0.13515282 
0.5 0.5 0.5 0.50000004 0.50001452 0.51414901 1.0843023 1.0899991 1.09 1.09 1.09 1.09 1.09 1.09 1.0587695 0.17000038 0.17 0.17 0.17 0.17228705 0.55 0.55 0.55 0.55 0.55 0.55 0.55 0.55 0.14000009 0.14 0.14 0.14 0.14 0.14 -0.27999961 -0.28 -0.28 -0.28 -0.28 -0.58 -0.58 -0.58 -0.58 -0.45045006 -0.1 -0.1 -0.1 0.10999765 0.11 0.11 -0.05 -0.05 -0.05 
0.5 0.5 0.50000002 0.50000118 0.50014251 0.55617179 1.0896334 1.0899998 1.09 1.09 1.09 1.09 1.09 1.0899999 1.045566 0.17002164 0.17 0.17 0.17000044 0.5423006 0.55 0.55 0.55 0.55 0.55 0.55 0.55 0.55 0.14000038 0.14 0.14 0.14 0.14 -0.23334135 -0.28000003 -0.28 -0.28 -0.28 -0.28 -0.58 -0.58 -0.58 -0.58 -0.58 -0.1 -0.1 -0.1 0.11 0.11 0.11 -0.05 -0.05 -0.05 
0.50000001 0.50000004 0.50000049 0.50001395 0.50087233 0.84016406 1.0899229 1.0899999 1.09 1.09 1.09 1.09 1.09 1.0899983 1.0298681 0.17033599 0.17000002 0.17000001 0.17196744 0.54996769 0.55 0.55 0.55 0.55 0.55 0.55 0.55 0.54999976 0.14000257 0.14 0.13999964 -0.32516479 -0.37 -0.37 -0.37 -0.28 -0.28 -0.28 -0.28 -0.58 -0.58 -0.58 -0.58 -0.58 -0.10000851 -0.1 -0.099999897 0.10999998 0.11 0.10999991 -0.05 -0.05 -0.05 
