interpolatedSpi/05-07|21_1.tif
NCOLS 53
NROWS 52
XLLCORNER -116.03883
YLLCORNER 28.596182
DX 0.49850594
DY 0.49788537
NODATA_VALUE -9999
[rows 0 to 30 of 52, columns 0 to 52 of 53]
-0.71666667 -0.71666667 -0.89442166 -0.71666667 -0.27333333 -0.92666667 -0.76333333 -0.81 -0.45868994 -0.53666667 -0.93666667 -0.59333333 -0.70667408 -0.79666667 -1.1333333 -1.1333333 -1.1333333 -0.033333333 -0.85333333 -0.85333333 -0.85333333 -0.85332849 -0.35000001 -1.4733333 -1.4733333 -1.4733333 -0.16666826 -0.16666667 -0.16666667 0.27 0.27 0.27 0.27 -0.2299999 -0.23 -0.23 -0.23 -0.23 -0.23 -0.23000003 -1.1500903 -1.1599346 -0.90333333 -0.90333333 -0.90333333 -0.90333333 -0.90284333 -0.60333333 -0.60333333 -0.60333333 0.46666444 0.46666667 0.46666667
-0.71667111 -0.81666667 -0.82999975 -0.94761434 -1.4198255 -0.64 -0.85333333 -0.77937163 -1.0333333 -0.85666667 -0.86333333 -0.70666667 -0.70666667 -0.42125598 -0.79666509 -1.1333333 -0.033333333 -0.033333333 -0.85226416 -0.85333333 -0.85333333 -0.85333333 -1.5035119 -1.4733333 -1.4733333 -1.4733333 -1.04 -1.04 0.27 0.27 0.27 0.27 0.27 -0.22999993 -0.23 -0.23 -0.23 -0.23 -0.23000009 -0.4738956 -1.7032534 -1.0004067 -0.90333333 -0.90333333 -0.90333333 -0.90333333 -0.90333333 -0.60333333 -0.60333333 -0.60333333 -0.51460791 0.46666667 0.46666667
-1.4299643 -1.43 -0.61666667 -1.0866667 -0.48666667 -0.62 -0.23333333 -0.33 -0.42 -0.15333333 -0.84 -0.43666667 -0.23 -0.67666667 -0.42 -1.0666667 -0.033333333 -0.033333333 -0.033333333 -1.0132868 -1.0133333 -1.0133333 -2.0466667 -1.4733333 -1.4733333 -1.4733333 -1.04 -1.04 -1.04 0.27 0.27 0.26999995 -0.21140007 -0.23281395 -0.24110738 -1.4123983 -1.4233333 -1.4233333 -1.45855 -1.7033333 -1.7033333 -1.7023103 -0.90333333 -0.90333333 -0.90333333 -0.90333333 -0.90333333 -0.60333333 -0.60333333 -0.60333333 -0.60333333 0.46666667 0.46666667
-0.24 -1.4299998 -0.5432598 -0.046666667 -0.18333333 -0.40666667 0.043333333 0.05 0.11333333 -0.11022621 -0.24666667 -0.20666667 -0.28333333 -0.67666667 -0.67333333 -1.0666667 -1.3180618 -1.3190985 -1.25 -1.0133333 -1.0133333 -1.6533333 -2.0466667 -2.0466667 -1.4733333 -1.4733312 -1.04 -1.04 -1.04 -0.38666667 -0.57504602 -0.73 -0.73 -0.73000054 -1.4233333 -1.4233333 -1.4233333 -1.4233333 -1.7033333 -1.7033333 -1.7033333 -1.7033333 -0.90333333 -0.90333333 -0.90333333 -0.90333333 -0.90333333 -0.60333712 -0.60333333 -0.60333333 -0.60333333 0.46661277 0.46666667
-0.24 0.2199986 -0.54333333 -0.7562347 -0.18333333 -0.27666667 -0.30335347 -0.40666667 -0.31 -0.24666686 -0.4621233 -0.56008929 -1.1833333 -0.67333333 -0.67333333 -0.94049216 -1.32 -1.32 -1.25 -1.25 -1.0133346 -1.6533333 -1.2566667 -0.51666667 -0.86333333 -0.86317513 -1.04 -1.04 -0.38666667 -0.38666667 -0.73 -0.73 -0.73 -0.71428554 -1.4233333 -1.4233333 -1.4233333 -1.7033333 -1.7033333 -1.7033333 -1.7033333 -1.7033205 -0.90333334 -0.90333333 -0.90333333 -0.90333333 -0.90333333 -0.90066296 -0.60333333 -0.60335934 -1.1833333 -1.1833333 -1.1833333
-1.1466667 -0.16 -0.36000001 -0.74 -1.2533333 -0.58666667 -0.72 -0.67988436 -0.38 0.013333333 -0.60666667 -0.56 -0.56000041 -1.3533333 -1.3533333 -1.3098801 -1.31 -1.4033333 -1.4033333 -1.2499994 -1.1066667 -1.1066667 -0.51666667 -0.86333333 -0.86333333 -0.18666667 -0.19333333 -0.19333333 -0.34333716 -0.38666667 -0.73 -0.73 -0.64666667 -0.64665622 -0.54667417 -1.7733333 -1.7733333 -1.7249894 -1.7033333 -1.7033333 -1.5701663 -1.57 -1.5699995 -1.4796437 -1.4899352 -1.4899998 -1.49 -1.4899998 -0.94858013 -1.1833333 -1.1833333 -1.1833333 -1.1833333
-0.53666176 -0.27666667 0.20670787 -0.44333333 -0.80333333 -0.90333333 -0.62 -0.52333333 -0.35666667 -0.35666667 -0.60666667 -0.95 -0.75666663 -1.3533333 -0.81333495 -0.81333333 -1.31 -0.73333333 -0.53333333 -0.53333333 -1.0736781 -1.0366667 -1.0366667 -0.11000001 -0.18666667 -0.18666667 -0.19333333 -0.19333333 -0.34332867 -0.3432475 -0.23010329 -0.64666667 -0.64666667 -0.54666667 -0.54666667 -1.6807445 -1.7733333 -1.7733333 -1.4866766 -1.5699999 -1.57 -1.57 -1.5699958 -1.4899965 -1.49 -1.49 -1.49 -1.4899997 -0.92 -1.1832811 -1.1833333 -1.1833333 -1.1833333
-0.53666667 -0.01 0.2 -0.60666667 -0.74999178 -0.69 -0.19666667 -1.13 -0.92 -0.65 -0.65 -0.61333333 -0.75666667 -0.75666667 -0.81294455 -0.64939708 -0.63333333 -0.48333333 -1.1299994 -0.53333333 -0.53509397 -0.53 0.056666667 0.086666667 0.086669418 0.3 -0.35666667 -0.35666661 -0.26361366 -0.26333333 -0.23 -0.96471051 -0.91 -0.54666667 -0.55817022 -1.6033333 -1.6033333 -1.4866667 -1.4866667 -1.57 -1.57 -1.57 -0.86656234 -0.8666667 -1.49 -1.49 -1.49 -0.9200217 -0.92 -0.92 -1.1833333 -1.1833333 -1.1833333
-0.1278324 -0.009999997 0.076666667 -0.066666667 -0.18 -0.56 -0.44 -0.65 -0.95 -0.7825381 -0.65333333 -0.82333333 -0.82333333 -0.49666667 -0.49666892 -0.45715905 -0.45666667 -0.45666667 -0.58204799 -0.38666671 -0.59 -0.59 -0.42666667 -0.13380705 0.27850163 0.3 -0.49666667 -0.35666667 -0.41963197 -0.42 -0.98 -0.33333333 -0.39881036 -0.92666667 -0.95 -0.9 -1.21 -1.04 -1.2432394 -1.569137 -1.3766667 -0.75333334 -0.86664442 -0.86666667 -0.87017512 -1.49 -1.11 -0.92 -0.92 -0.92 -0.92 -1.2875046 -0.85333333
-0.78666667 -0.78666667 0.13666667 -0.13 -0.23333333 -0.72 -1.1333333 -0.91333333 -0.87666667 -0.74001235 -1.0333333 -0.35666667 -0.49666667 -0.49666667 -0.73666667 -0.73282634 -0.45666667 -0.4566977 -0.61 -0.38666667 -0.38666667 -0.41286282 -0.42666667 -0.070006754 -0.07 -0.07 -0.49666667 0.24333333 0.24333333 -0.42 -0.42 -0.33357989 -0.46333333 -0.92666667 -0.45333333 -0.9 -1.21 -1.2233333 -1.2433333 -0.93179894 -0.75333336 -0.74476208 -0.73 -0.86666667 -0.86666667 -1.11 -1.11 -1.11 -0.92 -0.92 -2.02 -2.02 -2.0199996
-0.78666667 -0.78666667 -0.67333333 -1.18 -1.2133333 -0.086666667 -0.63666667 -1.063316 -1.08 -1.0066667 -0.61 -0.89 -0.3573769 -0.73666667 -0.73666667 -0.73663244 -0.44 -0.4489224 -0.61 -1.1866667 -1.1866667 -0.39333333 -0.39333333 -0.07 -0.07 -0.07 0.24333333 0.24333333 0.24333333 -0.28 -0.28 -0.2800003 -0.65 -0.65 -0.87 -1.2633333 -1.0233333 -1.4433238 -1.8666667 -0.92666667 -0.92666667 -1.2299984 -0.73 -0.86666667 -1.7833331 -1.6666667 -0.83452487 -0.83333333 -0.90333333 -0.90333333 -2.02 -2.02 -2.02
-0.78666667 -0.73787953 -0.88954607 -1.2066591 -0.68 -1.0133333 -0.63666667 -1.0633333 -1.0799999 -1.0074791 -0.89000015 -0.89 -0.76 -0.73666667 -0.73666667 -0.44000001 -0.44 -0.44000968 -0.61 -1.1866667 -1.0308721 -0.39333333 -0.39333333 -0.070013494 -0.07 -0.080957319 -0.10333333 -0.10333333 -0.10333329 -0.28 -0.28 -0.9 -0.9 -0.6500006 -0.87 -1.2633334 -0.9105513 -1.4433333 -1.4433333 -0.92666668 -1.23 -1.23 -1.2300039 -1.7833333 -1.7833333 -1.6666667 -0.83333333 -0.83333333 -0.90333333 -0.90333333 -2.02 -2.02 -2.02
-1.6133333 -0.78474293 -0.78668074 -0.78970254 -0.68000185 -1.0133255 -0.63666668 -1.0580813 -1.0788515 -1.0780851 -0.76 -0.76 -0.76 -0.76 -0.73666997 -0.44 -0.44 -0.44219497 -0.61 -1.1865781 -0.89333333 -0.89333333 -0.89333333 -0.89333333 -0.083953209 -0.10333333 -0.10333333 -0.10333333 -0.10333333 -0.10349263 -0.9 -0.9 -0.9 -0.9 -1.2633333 -1.2633333 -1.2633333 -1.4333438 -1.4453612 -1.7133333 -1.7133333 -1.230026 -2.0333248 -1.7833574 -1.7833333 -1.6666667 -0.83333333 -0.83333333 -0.90333334 -0.90333333 -2.0159489 -2.02 -0.62285051
-1.6133333 -0.78666667 -0.78666667 -0.78666667 -0.78666667 -0.78666676 -0.63763078 -0.83855164 -1.0757874 -0.76034283 -0.76 -0.76 -0.76 -0.76 -0.76000014 -0.44 -0.44000003 -0.45166084 -0.60999855 -0.89333333 -0.89333333 -0.89333333 -0.89333333 -0.89333333 -0.88583642 -0.2650288 -0.30666662 -0.30666667 -0.30666667 -0.30666667 -0.89999999 -0.9 -0.90000014 -1.02 -1.02 -1.2633333 -1.0721356 -1.0666667 -1.713333 -1.7133333 -1.7133333 -1.7133333 -2.0333333 -2.0333333 -2.0333333 -2.0307817 -1.7375856 -1.7433333 -1.7433333 -1.7433333 -1.7433333 -0.48000032 -0.48
-1.8066667 -0.78666667 -0.78666667 -0.78666667 -0.78666667 -0.78666667 -0.78666666 -0.75889117 -0.96054465 -0.96 -0.96 -0.96 -0.96 -0.96 -0.96 -1.6784126 -0.45990491 -0.46327896 -0.89329765 -0.89333333 -0.89333333 -0.89333333 -0.89333333 -0.89333343 -0.54666667 -0.54666667 -0.54666633 -0.30666667 -0.30666667 -0.30695368 -0.45 -0.45 -1.02 -1.02 -1.02 -1.0591912 -1.0666667 -1.0666667 -1.0666667 -1.7133333 -1.7133333 -1.7133333 -2.0333333 -2.0333333 -2.0333333 -2.0333333 -1.7433333 -1.7433333 -1.7433333 -1.7433333 -1.7433333 -0.48 -0.48
-1.8066667 -1.4269323 -0.78666667 -0.78666667 -0.78666667 -0.78666667 -0.8133281 -0.81333333 -0.81333334 -0.96 -0.96 -0.96 -0.96 -0.96 -1.1217785 -1.6933333 -1.6933333 -1.6933333 -0.97309088 -0.97333325 -0.97333333 -0.97333333 -0.97333333 -0.97333333 -0.54666667 -0.54666667 -0.54666667 -0.54666667 -0.30666667 -0.45 -0.45 -0.45 -1.0199999 -1.02 -1.02 -1.0233333 -1.0666093 -1.0666667 -1.0666667 -1.7132861 -1.6195932 -1.4009365 -2.0333333 -2.0333333 -1.5647838 -1.5633333 -1.5633333 -1.7414557 -0.60399543 -0.6000001 -0.60000022 0.10991052 -0.4799988
-1.8066667 -1.1611487 -0.96715642 -0.78666667 -0.78666667 -0.81331758 -0.81333333 -0.81333333 -0.81333333 -0.81439026 -0.96 -0.96 -0.96 -0.96000009 -1.6933333 -1.6933333 -1.6933333 -1.6933333 -0.97397649 -0.97333333 -0.97333333 -0.97333333 -0.97333333 -0.97333333 -0.54666668 -0.54666667 -0.54666667 -0.54666667 -0.54631506 -0.45 -0.45 -0.45 -0.68333333 -1.0199922 -1.0233333 -1.0233333 -1.0233333 -1.0238129 -1.3788875 -1.4 -1.4 -1.4 -1.7533333 -1.7533333 -1.5633333 -1.5633333 -1.5633333 -0.60000001 -0.6 -0.6 -0.6 0.11 0.11
-1.1437874 -1.1433333 -1.1433333 -1.1433333 -0.73 -0.81333118 -0.81333333 -0.81333333 -0.81333333 -0.81333333 -0.96656132 -0.96000113 -0.96 -1.6933333 -1.6933333 -1.6933333 -1.6933333 -1.6933333 -1.5943826 -0.97333333 -0.97333333 -0.97333333 -0.97333333 -0.97333333 -0.65227332 -0.46000047 -0.46 -0.46 -0.46 -0.45000001 -0.68333333 -0.68333333 -0.68333333 -0.68333333 -1.0233333 -1.0233345 -1.0666667 -1.0666667 -1.3958378 -1.4 -1.4 -1.4 -1.7533333 -1.7533333 -1.5927519 -1.5633333 -1.5633333 -0.6 -0.6 -0.6 -0.59238695 0.11 0.11
-1.1433333 -1.1433333 -1.1433333 -0.9486885 -0.73 -0.73 -0.81333333 -0.81333333 -0.81333333 -0.81333333 -1.0466667 -1.0466667 -1.0466667 -1.6933333 -1.6933333 -1.6933333 -1.6933333 -1.6931741 -1.02 -1.02 -0.97333335 -0.97333333 -0.96846418 -0.77333333 -0.77051253 -0.46 -0.46 -0.46 -0.46 -0.68331059 -0.68333333 -0.68333333 -0.68333333 -0.68333333 -1.0666665 -1.0666667 -1.0666667 -1.0666667 -1.0678367 -1.4 -1.4 -1.4 -1.7533333 -1.7533333 -1.7533333 -1.5633333 -1.5633333 -0.60000001 -0.6 -0.6 0.11 0.11 0.11
-1.1433333 -1.1433333 -1.1433333 -0.73 -0.73 -0.73 -0.73000013 -0.81333333 -0.81333333 -1.0464258 -1.0466667 -1.0466667 -1.0466667 -1.0470696 -0.91358974 -0.73 -0.73 -0.73 -1.02 -1.02 -1.02 -0.77333333 -0.77333333 -0.77333333 -0.77316526 -0.30963636 -0.46 -0.46 -0.46 -0.80556818 -0.83998459 -0.84 -0.84 -0.84 -1.049759 -1.0266668 -1.0266667 -1.0266667 -1.0266667 -1.1800301 -1.18 -1.18 -1.7533333 -1.7533333 -0.93000344 -0.92999979 -0.33333333 -0.33333333 0.056666667 0.056666667 0.056666667 0.11 0.60955294
-1.1433297 -1.1433333 -1.1433333 -0.73 -0.73 -0.73 -0.73 -0.6966667 -0.81286685 -1.0462344 -1.0466667 -1.0466667 -1.0466667 -1.0460453 -0.73 -0.73 -0.73 -0.73000008 -1.02 -1.02 -1.02 -0.77333333 -0.77333333 -0.77333333 -0.17333333 -0.17333333 -0.41666666 -0.41666667 -0.41666667 -0.41897608 -0.84 -0.84 -0.84 -0.84 -0.93328209 -1.0266667 -1.0266667 -1.0266667 -1.0266667 -1.18 -1.18 -1.18 -1.172134 -0.93 -0.93 -0.93 -0.33333333 -0.33333333 0.056666666 0.056666667 0.056666667 0.60999998 0.61
0.02 -0.53543295 -1.1933333 -1.1931989 -0.73 -0.69685953 -0.69666667 -0.69666667 -0.73310453 -0.57000001 -0.57 -0.57 -0.57 -0.1133482 -0.11333334 -0.72999953 -0.73 -0.73764107 -1.02 -1.02 -1.02 -0.11333333 -0.11333333 -0.11333333 -0.17333333 -0.17333333 -0.41666667 -0.41666667 -0.41666667 -0.41666686 -0.68333433 -0.68333377 -0.83606242 -0.83983204 -1.0564187 -1.0566667 -1.0566667 -1.0566667 -1.0566667 -1.18 -1.18 -1.18 -0.94376557 -0.93 -0.93 -0.92999995 -0.33333333 -0.33333333 -0.33331929 0.056666667 0.056651165 -0.29 0.61
-0.41658374 -0.4166668 -1.1933333 -1.1933333 -1.1933333 -0.69666667 -0.69666667 -0.69666667 -0.79666667 -0.79666667 -0.57 -0.57 -0.57 -0.11333333 -0.11333333 -0.11333333 -0.11333333 -0.1134363 -1.02 -1.02 -1.02 -0.11333333 -0.11333333 -0.11333333 -0.17333333 -0.17333333 -0.41666667 -0.41666667 -0.41666667 -0.68032665 -0.68333333 -0.68333333 -0.68333333 -0.68333333 -1.0564824 -1.0566667 -1.0566667 -1.0566667 -1.0566667 -0.86000008 -0.86 -0.86 -0.86 -0.92999783 -0.64666667 -0.64666667 -0.64666667 -0.75333333 -0.75333333 -0.75333333 -0.29 -0.29 -0.29
-0.41666667 -0.41666667 -1.1933333 -1.1933333 -1.1933333 -0.69927724 -0.69666667 -0.79666667 -0.79666667 -0.79666667 -0.5700279 -0.57 -0.50735377 -0.11333342 -0.11333333 -0.11333333 -0.11333333 -0.19 -0.19 -0.19 -0.34999999 -0.34999982 -0.11333449 -0.11333333 -0.11367032 -0.65333333 -0.65333333 -0.65333277 -0.41670491 -0.27674771 -0.27666883 -0.27673767 -0.6826383 -0.68298238 -0.98991088 -1.0566664 -1.0545107 -0.41333333 -0.41333333 -0.86 -0.86 -0.86 -0.86 -0.64666667 -0.64666667 -0.64666667 -0.64666667 -0.75333333 -0.75333333 -0.75333333 -0.29 -0.29 -0.29
-0.41666667 -0.41666667 -1.1933333 -1.1933333 -1.1933333 -1.1933333 -0.73409375 -0.79666667 -0.79666667 -0.79666667 -0.79649911 -0.49333333 -0.49333333 -0.49333333 -0.11557276 -0.11333333 -0.18948911 -0.19 -0.19 -0.19 -0.35 -0.35 -0.35 -0.35 -0.65333333 -0.65333333 -0.65333333 -0.65333333 -0.65333333 -0.27666667 -0.27666667 -0.27666667 -0.27666667 -0.27666757 -0.70666667 -0.41333333 -0.41333333 -0.41333333 -0.41333333 -0.41333288 -0.2 -0.2 -0.2 -0.32474246 -0.58333333 -0.58333333 -0.58333333 -0.75333333 -0.75333284 -0.24666667 -0.24666667 -0.066720998 -0.066666667
-0.41666667 -0.41666667 -0.9130112 -1.1933333 -1.1933333 -1.1933333 -0.75673765 -0.79654061 -0.79666667 -0.79666667 -0.49333328 -0.49333333 -0.49333333 -0.49333333 -0.49333333 -0.46214083 -0.19 -0.19 -0.19 -0.19 -0.34999876 -0.35 -0.35 -0.35 -0.65333333 -0.65333333 -0.65333333 -0.65333333 -0.65333333 -0.58702836 -0.27666667 -0.27666667 -0.27666667 -0.70666667 -0.70666667 -0.70643889 -0.41333333 -0.41333333 -0.31766099 -0.24333335 -0.2 -0.2 -0.2 -0.319746 -0.58333333 -0.58333333 -0.58333333 0.59333333 -0.23620035 -0.24666667 -0.24666667 -0.066666667 -0.066666667
-0.086666667 -0.086666667 -0.086666667 -0.91586158 -1.1924936 -0.75666667 -0.75666667 -0.75666667 -0.75666667 -0.25 -0.25 -0.49333332 -0.49333333 -0.49333333 -0.49333333 -0.49331409 -0.19 -0.19 -0.19 -0.19 -0.28018119 -0.35 -0.35 -0.341451 -0.051386522 -0.65333333 -0.65333333 -0.65333333 -0.69666667 -0.69666667 -0.69666667 -0.6966649 -0.70666667 -0.70666667 -0.70666667 -0.70666667 -0.24333333 -0.24333333 -0.24333333 -0.24333333 -0.0033333333 -0.0033333333 -0.0033333333 0.37999229 0.38 0.38 0.3799997 0.59333333 0.59333333 -0.24564317 -0.24666667 -0.066662431 -0.066666667
-0.086666667 -0.086666667 -0.086666667 -0.086695387 -0.62 -0.63987358 -0.75666667 -0.75666667 -0.75666667 -0.25 -0.25 -0.25 -0.080000018 -0.08 -0.08 -0.080000001 -0.18933444 -0.19 -0.19 -0.19 -0.19240834 -0.02333423 -0.023333333 -0.023333333 -0.023333333 -0.023333349 -0.36333334 -0.36333333 -0.69666667 -0.69666667 -0.69666667 -0.69666667 -0.7066662 -0.70666667 -0.70666667 -0.70661372 -0.24333333 -0.24333333 -0.24333333 -0.24355267 -0.0033333333 -0.0033333333 -0.0033333333 0.37998222 0.38 0.38 0.38 0.59333333 0.59333333 0.59333336 0.77333333 0.77333333 0.64
-0.086666667 -0.086666667 -0.086666667 -0.61999877 -0.62 -0.62 -0.75666662 -0.75666667 -0.75666667 -0.25 -0.25 -0.25 -0.08 -0.08 -0.08 -0.060706247 0.17333333 0.17333333 0.17333239 -0.1879478 -0.023333333 -0.023333333 -0.023333333 -0.023333333 -0.023333333 -0.023589201 -0.36333333 -0.36333333 -0.36333333 -0.69666667 -0.69666667 -0.69654223 -0.056666667 -0.056666667 -0.056666667 -0.90666666 -0.90666666 -0.29333333 -0.29333333 -0.29333333 -0.016666667 -0.0033375156 -0.0033293034 0.53666667 0.53666667 0.53072918 0.38000078 0.59333333 0.59333333 0.77333333 0.77333333 0.77333333 0.64
-0.086666667 -0.086666667 -0.086666667 -0.62 -0.62 -0.62 -0.62 -0.75666667 -0.75666667 -0.25 -0.25 -0.086797548 -0.08 -0.08 -0.08 0.17333333 0.17333333 0.17333333 0.17333333 0.17333333 -0.023333333 -0.023333333 -0.023333333 -0.023333333 -0.023333333 -0.36333217 -0.36333333 -0.36333333 -0.36333333 -0.50333333 -0.50333333 -0.50333333 -0.056666667 -0.056666667 -0.056666667 -0.90666667 -0.90666667 -0.29333333 -0.29333333 -0.016666667 -0.016666667 -0.016666667 0.53666667 0.53666667 0.53666667 0.53666667 0.54816729 0.67666667 0.67666667 0.67666667 0.77333333 0.76333333 0.76333333
-0.086666667 -0.086666667 -0.087409357 -0.62 -0.62 -0.62 -0.62 -0.1915947 -0.17 -0.17013735 -0.24999999 -0.080001397 -0.08 -0.08 -0.079999124 0.17333333 0.17333333 0.17333333 0.17333333 0.17333333 0.77903126 -0.023333333 -0.023333333 -0.023333333 -0.023195336 -0.36327651 -0.36333333 -0.36333333 -0.36333333 -0.50333333 -0.50333333 -0.50333333 -0.50326449 -0.056666667 -0.90666667 -0.90666667 -0.90666667 -0.90664093 -0.29331447 -0.016666667 -0.016666667 -0.016666667 0.53663307 0.53666667 0.53666667 0.53666667 0.67666508 0.67666667 0.67666667 0.67666667 0.76333333 0.76333333 0.76333333
