interpolatedSpi/05-07|21_3.tif
NCOLS 53
NROWS 52
XLLCORNER -116.03883
YLLCORNER 28.596182
DX 0.49850594
DY 0.49788537
NODATA_VALUE -9999
[rows 0 to 38 of 52, columns 0 to 52 of 53]
-0.8125 -0.8125 -0.89198932 -1.1675 -0.8275 -1.45 -1.4175 -1.1975 -0.97187148 -1.19 -1.515 -1.025 -1.4474547 -0.8975 -1.475 -1.475 -1.475 -0.4925 -0.7175 -0.7175 -0.7175 -0.71749906 -0.62 -1.0275 -1.0275 -1.0275 0.034988754 0.035 0.035 -0.445 -0.445 -0.445 -0.445 -0.84999992 -0.85 -0.85 -0.85 -0.85 -0.85 -0.84999999 -0.30091512 -0.29521528 -1.14 -1.14 -1.14 -1.14 -1.1389342 -0.4875 -0.4875 -0.4875 1.0249969 1.025 1.025
-0.81252533 -1.3825 -1.3249991 -1.3241981 -1.4249091 -0.83 -0.8975 -0.90765071 -1.095 -1.4825 -1.25 -1.4475 -1.4475 -0.81776676 -0.89750414 -1.475 -0.4925 -0.4925 -0.71720663 -0.7175 -0.7175 -0.7175 -1.0510551 -1.0275 -1.0275 -1.0275 -0.84750001 -0.8475 -0.445 -0.445 -0.445 -0.445 -0.445 -0.84999994 -0.85 -0.85 -0.85 -0.85 -0.85000002 -0.95459483 -1.507448 -1.1845929 -1.14 -1.14 -1.14 -1.14 -1.14 -0.4875 -0.4875 -0.4875 -0.36208205 1.025 1.025
-1.4699749 -1.47 -0.5675 -0.7125 -0.68 -0.95 -0.245 -0.4575 -0.9075 -0.87 -0.9175 -1.1425 -0.605 -1.43 -0.8175 -1.6275 -0.4925 -0.4925 -0.4925 -1.1523735 -1.1525 -1.1525 -1.475 -1.0275 -1.0275 -1.0275 -0.8475 -0.8475 -0.8475 -0.445 -0.445 -0.44500002 -0.60747252 -0.85048252 -0.85251312 -1.1175259 -1.12 -1.12 -1.1687373 -1.5075 -1.5075 -1.5070301 -1.14 -1.14 -1.14 -1.14 -1.14 -0.4875 -0.4875 -0.4875 -0.4875 1.025 1.025
-0.045 -1.4699999 -1.1150046 -0.1825 -0.875 -0.78 -0.34 -0.4125 -0.68 -0.87040395 -1.0625 -1.2225 -1.2225 -1.43 -1.3 -1.6275 -1.7912376 -1.7915891 -1.74 -1.1525 -1.1525 -1.7975 -1.475 -1.475 -1.0275 -1.0274991 -0.8475 -0.8475 -0.8475 -1.055 -0.90548532 -0.7825 -0.7825 -0.78250026 -1.12 -1.12 -1.12 -1.12 -1.5075 -1.5075 -1.5075 -1.5075 -1.14 -1.14 -1.14 -1.14 -1.14 -0.48750823 -0.4875 -0.4875 -0.4875 1.0249448 1.025
-0.045 0.61499683 -1.115 -1.4041315 -0.875 -0.5625 -0.91500581 -0.5725 -0.59 -1.005 -1.1375798 -1.2024731 -1.015 -1.3 -1.3 -1.521722 -1.7925 -1.7925 -1.74 -1.74 -1.1525013 -1.7975 -1.4975 -0.8675 -0.605 -0.60491353 -0.8475 -0.8475 -1.055 -1.055 -0.7825 -0.7825 -0.7825 -0.76317126 -1.12 -1.12 -1.12 -1.5075 -1.5075 -1.5075 -1.5075 -1.507437 -1.14 -1.14 -1.14 -1.14 -1.14 -1.1341919 -0.4875 -0.48750796 -0.665 -0.665 -0.665
-1.5775 -0.4375 -1.015 -0.98 -1.7225 -1.305 -1.3175 -1.2221187 -0.89 -0.2775 -0.585 -0.21 -0.21000053 -1.2425 -1.2425 -1.5375163 -1.5375 -1.465 -1.465 -1.7399991 -1.5675 -1.5675 -0.8675 -0.605 -0.605 -0.235 -0.58 -0.58 -0.52004848 -1.055 -0.7825 -0.7825 -0.68 -0.6800081 -0.75749471 -1.6725 -1.6725 -1.5585465 -1.5075 -1.5075 -0.85581381 -0.855 -0.85499973 -1.2799845 -1.2824843 -1.2825 -1.2825 -1.2824999 -0.76397062 -0.665 -0.665 -0.665 -0.665
-0.087494376 -0.36 0.53771811 -0.8175 -1.4775 -1.7075 -1.19 -0.88 -0.605 -0.605 -0.585 -1.0175 -0.80000008 -1.2425 -1.6049989 -1.605 -1.5375 -1.2825 -0.77 -0.77 -1.4261205 -1.2675 -1.2675 -0.14250001 -0.235 -0.235 -0.58 -0.58 -0.51999577 -0.51992221 -0.71168227 -0.68 -0.68 -0.7575 -0.7575 -1.6330136 -1.6725 -1.6725 -1.4675071 -0.85500085 -0.855 -0.855 -0.85499893 -1.282499 -1.2825 -1.2825 -1.2825 -1.2824997 -0.79 -0.66502477 -0.665 -0.665 -0.665
-0.0875 0.255 0.59 -1.275 -1.5524841 -1.415 -0.975 -1.465 -1.425 -1.0175 -1.0175 -1.12 -0.8 -0.8 -1.599477 -1.7256753 -1.7375 -1.15 -1.1874996 -0.77 -0.23641444 -0.2275 -0.425 0.2775 0.27749897 0.1975 -0.315 -0.31500009 -0.44775405 -0.44750001 -0.7125 -1.4956842 -1.355 -0.7575 -0.77190321 -1.6 -1.6 -1.4675 -1.4675 -0.855 -0.855 -0.855 -1.095747 -1.0975 -1.2825 -1.2825 -1.2825 -0.79001875 -0.79 -0.79 -0.665 -0.665 -0.665
-0.044638191 0.255 0.5325 0.01 -0.8425 -1.38 -1.3325 -1.405 -1.3625 -1.1212751 -0.95 -0.7875 -0.7875 -0.8875 -0.88750249 -1.4458152 -1.445 -1.445 -1.1557244 -0.90749988 -0.3325 -0.3325 -0.4225 -0.42401479 0.20556189 0.1975 -0.2275 -0.315 -0.75989958 -0.7625 -1.535 -0.7325 -0.8936711 -1.455 -1.2625 -1.3475 -1.3175 -1.38 -1.1601016 -0.85446435 -0.735 -0.85 -1.0974296 -1.0975 -1.0985413 -1.2825 -0.91250002 -0.79 -0.79 -0.79 -0.79 -0.61332941 0.0375
-1.72 -1.72 0.7925 -0.1475 -0.905 -1.31 -1.4875 -1.5125 -1.4975 -1.0600426 -1.225 0.035 -0.8875 -0.8875 -1.1525 -1.1565118 -1.445 -1.444975 -1.31 -0.9075 -0.9075 -0.8334207 -0.4225 -0.32500185 -0.325 -0.325 -0.2275 0.345 0.345 -0.7625 -0.7625 -0.73310692 -1.0525 -1.455 -0.5975 -1.3475 -1.3175 -1.135 -1.16 -0.79599661 -0.84999999 -0.78204221 -0.665 -1.0975 -1.0975 -0.9125 -0.9125 -0.9125 -0.79 -0.79 -0.25 -0.25 -0.24999989
-1.72 -1.72 -0.2175 -1.3075 -1.225 -0.4825 -1.1675 -1.2750649 -1.235 -1.105 -0.8925 -0.5825 0.034176559 -1.1525 -1.1525 -1.152547 -1.56 -1.5468788 -1.31 -1.465 -1.465 -0.965 -0.965 -0.325 -0.325 -0.325 0.345 0.345 0.345 -1.4725 -1.4725 -1.4724993 -1.095 -1.095 -1.49 -2.135 -1.3375 -2.1274907 -1.505 -0.79 -0.79 -0.82249948 -0.665 -1.0975 -1.3324998 -1.1475 -0.5515612 -0.55 -0.5475 -0.5475 -0.25 -0.25 -0.25
-1.72 -1.0714774 -0.68264188 -1.2199894 -0.0475 -1.3975 -1.1675 -1.275 -1.2350003 -1.1064402 -0.58250068 -0.5825 -1.0075 -1.1525 -1.1525 -1.56 -1.56 -1.5599858 -1.31 -1.465 -1.3668102 -0.965 -0.965 -0.3250261 -0.325 -0.43101206 -0.6475 -0.6475 -0.64749988 -1.4725 -1.4725 -1.72 -1.72 -1.0950011 -1.49 -1.5075002 -1.289394 -2.1275 -2.1275 -0.79 -0.8225 -0.8225 -0.82250366 -1.3325 -1.3325 -1.1475 -0.55 -0.55 -0.5475 -0.5475 -0.25 -0.25 -0.25
-2.8325 -1.1424806 -1.2050025 -1.2050911 -0.047507048 -1.3974681 -1.1675 -1.2736767 -1.2377564 -1.2316054 -1.0075 -1.0075 -1.0075 -1.0075 -1.1524795 -1.56 -1.56 -1.5567721 -1.31 -1.4649556 -1.315 -1.315 -1.315 -1.315 -0.34201668 -0.6475 -0.6475 -0.6475 -0.6475 -0.64808358 -1.72 -1.72 -1.72 -1.72 -1.5075 -1.5075 -1.5075 -2.096334 -2.122881 -1.5125 -1.5125 -0.82253711 -1.1325068 -1.3324807 -1.3325 -1.1475 -0.55 -0.55 -0.5475 -0.5475 -0.2510793 -0.25 0.019663144
-2.8325 -1.205 -1.205 -1.205 -1.205 -1.2050001 -1.1680886 -1.2183598 -1.2451102 -1.0077418 -1.0075 -1.0075 -1.0075 -1.0075 -1.0075002 -1.56 -1.56 -1.5428517 -1.3100035 -1.315 -1.315 -1.315 -1.315 -1.315 -1.3078098 -0.89670267 -1.0174999 -1.0175 -1.0175 -1.0175 -1.72 -1.72 -1.7199998 -1.55 -1.55 -1.5075 -1.4224332 -1.42 -1.5124999 -1.5125 -1.5125 -1.5125 -1.1325 -1.1325 -1.1325 -1.1326044 -0.91274928 -0.915 -0.915 -0.915 -0.91499999 -0.080000035 -0.08
-2.175 -1.205 -1.205 -1.205 -1.205 -1.205 -1.205 -1.2848355 -1.2799313 -1.28 -1.28 -1.28 -1.28 -1.28 -1.28 -1.5445632 -1.5598191 -1.5257666 -1.3149995 -1.315 -1.315 -1.315 -1.315 -1.315 -0.9825 -0.9825 -0.98250005 -1.0175 -1.0175 -1.0176302 -1.0825 -1.0825 -1.55 -1.55 -1.55 -1.4408245 -1.42 -1.42 -1.42 -1.5125 -1.5125 -1.5125 -1.1325 -1.1325 -1.1325 -1.1325 -0.915 -0.915 -0.915 -0.915 -0.915 -0.08 -0.08
-2.175 -1.81388 -1.205 -1.205 -1.205 -1.205 -1.5149392 -1.515 -1.515 -1.28 -1.28 -1.28 -1.28 -1.28 -1.3395639 -1.55 -1.55 -1.55 -1.2850918 -1.285 -1.285 -1.285 -1.285 -1.285 -0.9825 -0.9825 -0.9825 -0.9825 -1.0175 -1.0825 -1.0825 -1.0825 -1.55 -1.55 -1.55 -1.305 -1.4198477 -1.42 -1.42 -1.5123962 -1.3053243 -0.82206973 -1.1325 -1.1325 -0.8533641 -0.8525 -0.8525 -0.91394508 -0.27474525 -0.27250006 -0.27250012 0.22495371 -0.07999938
-2.175 -1.8903557 -1.5478462 -1.205 -1.205 -1.5148168 -1.515 -1.515 -1.515 -1.5133065 -1.28 -1.28 -1.28 -1.28 -1.55 -1.55 -1.55 -1.55 -1.2852367 -1.285 -1.285 -1.285 -1.285 -1.285 -0.98250001 -0.9825 -0.9825 -0.9825 -0.98286373 -1.0825 -1.0825 -1.0825 -1.28 -1.5499686 -1.305 -1.305 -1.305 -1.3022055 -0.85799076 -0.82 -0.82 -0.82 -1.0825 -1.0825 -0.8525 -0.8525 -0.8525 -0.27250001 -0.2725 -0.2725 -0.2725 0.225 0.225
-1.8826153 -1.8825 -1.8825 -1.8825 -1.465 -1.5149987 -1.515 -1.515 -1.515 -1.515 -1.2847319 -1.2800008 -1.28 -1.55 -1.55 -1.55 -1.55 -1.55 -1.4992394 -1.285 -1.285 -1.285 -1.285 -1.285 -1.0550567 -0.91500037 -0.915 -0.915 -0.915 -1.0825 -1.28 -1.28 -1.28 -1.28 -1.305 -1.3049933 -1.05 -1.05 -0.82287189 -0.82 -0.82 -0.82 -1.0825 -1.0825 -0.88811192 -0.8525 -0.8525 -0.2725 -0.2725 -0.2725 -0.26716551 0.225 0.225
-1.8825 -1.8825 -1.8825 -1.685893 -1.465 -1.465 -1.515 -1.515 -1.515 -1.515 -1.3425 -1.3425 -1.3425 -1.55 -1.55 -1.55 -1.55 -1.5498314 -1.075 -1.075 -1.2849999 -1.285 -1.2931558 -1.62 -1.6136532 -0.915 -0.915 -0.915 -0.915 -1.2799628 -1.28 -1.28 -1.28 -1.28 -1.0500009 -1.05 -1.05 -1.05 -1.0491834 -0.82 -0.82 -0.82 -1.0825 -1.0825 -1.0825 -0.8525 -0.8525 -0.27250002 -0.2725 -0.2725 0.225 0.225 0.225
-1.8825 -1.8825 -1.8825 -1.465 -1.465 -1.465 -1.4650001 -1.515 -1.515 -1.3426781 -1.3425 -1.3425 -1.3425 -1.3426293 -0.72438914 -0.53 -0.53 -0.53 -1.075 -1.075 -1.075 -1.62 -1.62 -1.62 -1.6195609 -0.46259778 -0.915 -0.915 -0.915 -1.1881841 -1.1775101 -1.1775 -1.1775 -1.1775 -0.99515005 -0.9175003 -0.9175 -0.9175 -0.9175 -0.89498974 -0.895 -0.895 -1.0825 -1.0825 -1.2099995 -1.2099999 -0.975 -0.975 -0.58 -0.58 -0.58 0.225 -0.18713117
-1.8824972 -1.8825 -1.8825 -1.465 -1.465 -1.465 -1.465 -1.1250001 -1.5134406 -1.3422416 -1.3425 -1.3425 -1.3425 -1.3409057 -0.53 -0.53 -0.53 -0.53000016 -1.075 -1.075 -1.075 -1.62 -1.62 -1.62 -0.0525 -0.0525 -0.57249999 -0.5725 -0.5725 -0.57580046 -1.1775 -1.1775 -1.1775 -1.1775 -1.0475714 -0.9175 -0.9175 -0.9175 -0.9175 -0.895 -0.895 -0.895 -0.90491111 -1.21 -1.21 -1.21 -0.975 -0.975 -0.58 -0.58 -0.58 -0.18750001 -0.1875
-0.9875 -1.4015847 -1.3225 -1.3225413 -1.465 -1.1269672 -1.125 -1.125 -1.1477737 -1.0575 -1.0575 -1.0575 -1.0575 0.047464028 0.047499997 -0.52999956 -0.53 -0.54435995 -1.075 -1.075 -1.075 -0.47 -0.47 -0.47 -0.0525 -0.0525 -0.5725 -0.5725 -0.5725 -0.5725001 -0.71000297 -0.71000131 -1.1657501 -1.1769988 -0.98771436 -0.9875 -0.9875 -0.9875 -0.9875 -0.895 -0.895 -0.895 -1.192655 -1.21 -1.21 -1.21 -0.975 -0.975 -0.97498578 -0.58 -0.58002839 -1.215 -0.1875
-1.2524497 -1.2525 -1.3225 -1.3225 -1.3225 -1.125 -1.125 -1.125 -1.1875 -1.1875 -1.0575 -1.0575 -1.0575 0.0475 0.0475 0.0475 0.0475 0.047373235 -1.075 -1.075 -1.075 -0.47 -0.47 -0.47 -0.0525 -0.0525 -0.5725 -0.5725 -0.5725 -0.70844968 -0.71 -0.71 -0.71 -0.71 -0.98736307 -0.9875 -0.9875 -0.9875 -0.9875 -0.73750004 -0.7375 -0.7375 -0.7375 -1.2100002 -1.24 -1.24 -1.24 -1.5025 -1.5025 -1.5025 -1.215 -1.215 -1.215
-1.2525 -1.2525 -1.3225 -1.3225 -1.3225 -1.1260381 -1.125 -1.1875 -1.1875 -1.1875 -1.057516 -1.0575 -0.84300476 0.047499808 0.0475 0.0475 0.0475 -0.505 -0.505 -0.505 -0.24750001 -0.24750017 -0.46999892 -0.47 -0.46975087 -0.2475 -0.2475 -0.24750077 -0.57244748 -0.16760811 -0.16750289 -0.16759471 -0.70907281 -0.70953183 -0.93772273 -0.98749975 -0.98533846 -0.3425 -0.3425 -0.7375 -0.7375 -0.7375 -0.7375 -1.24 -1.24 -1.24 -1.24 -1.5025 -1.5025 -1.5025 -1.215 -1.215 -1.215
-1.2525 -1.2525 -1.3225 -1.3225 -1.3225 -1.3225 -1.1483919 -1.1875 -1.1875 -1.1875 -1.1872832 -0.795 -0.795 -0.795 0.042534954 0.0475 -0.50131828 -0.505 -0.505 -0.505 -0.2475 -0.2475 -0.2475 -0.2475 -0.2475 -0.2475 -0.2475 -0.2475 -0.2475 -0.1675 -0.1675 -0.1675 -0.1675 -0.16749965 -0.0025 -0.3425 -0.3425 -0.3425 -0.3425 -0.3425011 -0.6275 -0.6275 -0.6275 -0.82112148 -1.2225 -1.2225 -1.2225 -1.5025 -1.5024991 -0.6075 -0.6075 -0.35770861 -0.3575
-1.2525 -1.2525 -1.2972349 -1.3225 -1.3225 -1.3225 -1.4345608 -1.18828 -1.1875 -1.1875 -0.79500004 -0.795 -0.795 -0.795 -0.795 -0.72589985 -0.505 -0.505 -0.505 -0.505 -0.24750199 -0.2475 -0.2475 -0.2475 -0.2475 -0.2475 -0.2475 -0.2475 -0.2475 0.15209865 -0.1675 -0.1675 -0.1675 -0.0025 -0.0025 -0.0027640185 -0.3425 -0.3425 0.019085196 0.29999994 -0.6275 -0.6275 -0.6275 -0.81521526 -1.2225 -1.2225 -1.2225 0.3375 -0.59572539 -0.6075 -0.6075 -0.3575 -0.3575
-0.5475 -0.5475 -0.5475 -1.1281862 -1.322014 -1.435 -1.435 -1.435 -1.435 -0.995 -0.995 -0.79500001 -0.795 -0.795 -0.795 -0.7949816 -0.505 -0.505 -0.505 -0.505 -0.35986465 -0.2475 -0.2475 -0.21799285 0.82979369 -0.2475 -0.2475 -0.2475 0.265 0.265 0.265 0.26499818 -0.0025 -0.0025 -0.0025 -0.0025 0.3 0.3 0.3 0.3 -0.295 -0.295 -0.295 -0.2500009 -0.25 -0.25 -0.25000031 0.3375 0.3375 -0.60634857 -0.6075 -0.35749366 -0.3575
-0.5475 -0.5475 -0.5475 -0.54752356 -0.985 -1.0504374 -1.435 -1.435 -1.435 -0.995 -0.995 -0.995 -0.34750002 -0.3475 -0.3475 -0.34750002 -0.50541216 -0.505 -0.505 -0.505 -0.50103383 0.8799969 0.88 0.88 0.88 0.87999999 0.96249999 0.9625 0.265 0.265 0.265 0.265 -0.0024994063 -0.0025 -0.0025 -0.0024330064 0.29999999 0.3 0.3 0.299002 -0.295 -0.295 -0.295 -0.25000209 -0.25 -0.25 -0.25 0.3375 0.3375 0.33750008 0.9 0.9 0.52
-0.5475 -0.5475 -0.5475 -0.98499899 -0.985 -0.985 -1.4349998 -1.435 -1.435 -0.995 -0.995 -0.995 -0.3475 -0.3475 -0.3475 -0.37663103 -0.73 -0.73 -0.72999942 -0.50627085 0.88 0.88 0.88 0.88 0.88 0.88006209 0.9625 0.9625 0.9625 0.265 0.265 0.26505954 0.82 0.82 0.82 0.0075000035 0.0075000004 0.0725 0.0725 0.0725 0.0025 -0.29490668 -0.29499506 0.3675 0.3675 0.34409745 -0.24999737 0.3375 0.3375 0.9 0.9 0.9 0.52
-0.5475 -0.5475 -0.5475 -0.985 -0.985 -0.985 -0.985 -1.435 -1.435 -0.995 -0.995 -0.37339066 -0.3475 -0.3475 -0.3475 -0.73 -0.73 -0.73 -0.73 -0.73 0.88 0.88 0.88 0.88 0.88 0.96249972 0.9625 0.9625 0.9625 0.3575 0.3575 0.3575 0.82 0.82 0.82 0.0075 0.0075 0.0725 0.0725 0.0025 0.0025 0.0025 0.3675 0.3675 0.3675 0.3675 0.39789451 0.7375 0.7375 0.7375 0.89999999 0.6 0.6
-0.5475 -0.5475 -0.54810924 -0.985 -0.985 -0.985 -0.985 -0.96833979 -0.9675 -0.96754721 -0.99499998 -0.34752094 -0.3475 -0.3475 -0.34750132 -0.73 -0.73 -0.73 -0.73 -0.73 0.29730516 0.88 0.88 0.88 0.88000772 0.96249747 0.9625 0.9625 0.9625 0.3575 0.3575 0.3575 0.35756979 0.82 0.0075000001 0.0075 0.0075 0.0075028943 0.072495226 0.0025 0.0025 0.0025 0.36747784 0.3675 0.3675 0.3675 0.73750079 0.7375 0.7375 0.7375 0.6 0.6 0.6
-0.7775 -0.7774996 -0.98476258 -0.985 -0.985 -0.985 -0.96750372 -0.9675 -0.9675 -0.9675 -0.59750001 -0.5975 -0.5975 -0.5975 -0.72938842 -0.73 -0.73 -0.73 -0.73 0.2724994 0.2725 0.2725 0.91749999 0.9175 0.9175 0.9175 0.92138408 0.9625 0.72750962 0.7275 0.7275 0.7275 0.7275 0.31 0.31 0.31 0.31 0.31 0.6825 0.6825 0.6825 0.6825 0.6825 0.81931789 0.82 0.82 0.82 0.7375 0.7375 0.7375 0.60002166 0.6 0.6
-0.7775 -0.7775 -0.77302078 -0.24250149 -0.24250017 -0.24320727 -0.9675 -0.9675 -0.9675 -0.9675 -0.5975 -0.5975 -0.5975 -0.5975 -0.5975 -0.73 -0.73 -0.73 0.27249975 0.2725 0.2725 0.2725 0.9175 0.9175 0.9175 0.9175 0.9175 0.91750932 0.72737064 0.7275 0.7275 0.7275 0.72744803 0.080404843 0.30976226 0.31 0.31 0.30999999 0.6825 0.6825 0.6825 0.6825 0.6825 0.82 0.82 0.82 0.82 0.78142139 0.7375 0.1244173 0.1175 -0.1375 -0.1375
-0.7775 -0.7775 -0.24256777 -0.2425 -0.2425 -0.2425 -0.42664694 -0.9675 -0.9675 -0.9675 -0.5975 -0.5975 -0.5975 -0.5975 -0.5975 -0.72989685 -0.73 0.27220607 0.2725 0.2725 0.2725 0.2725 0.67855557 0.9175 0.9175 0.9175 0.9175 0.91712811 0.3925 0.3925 0.3925 0.3925 0.3925 -0.095 -0.095 -0.095 -0.095 -0.095 0.235 0.235 0.235 0.235 0.235 0.81980467 0.81999996 0.82 0.81998644 0.81826713 0.1175 0.1175 0.1175 -0.13749857 -0.1375
-0.7774994 -0.45638493 -0.24250003 -0.2425 -0.2425 -0.2425 -0.2425 -0.9671913 -0.9675 -0.9675 -0.5975 -0.5975 -0.5975 -0.5975 -0.467943 -0.465 -0.465 0.27248102 0.2725 0.2725 0.2725 0.2725 0.27250003 0.9175 0.9175 0.9175 0.9175 0.19500021 0.19500009 0.2370328 0.3925 0.3925 0.3925 -0.095 -0.095 -0.095 -0.095 -0.095030478 0.235 0.235 0.235 0.235 0.23501724 0.74 0.74 0.74 0.74 0.7399498 0.1175 0.1175 0.1175 0.11750004 0.1802504
-0.45 -0.45 -0.40017179 -0.2425 -0.2425 -0.2425 -0.2425 -0.2425 -0.96718928 -0.31250001 -0.3125 -0.3125 -0.31317636 -0.46500019 -0.465 -0.465 -0.465 -0.465 0.27249949 0.26814067 0.23 0.23 0.23 0.40225004 0.86827763 0.60489806 0.38259601 0.195 0.195 0.195 0.195 0.195 0.20179988 -0.13654879 -0.14 -0.14 -0.14 -0.14 0.27726703 0.4599996 0.46 0.46 0.46 0.65500025 0.73999998 0.74 0.74 0.7425 0.11751001 0.1175 0.1175 0.185 0.185
-0.45 -0.45 -0.3725 -0.3725 -0.3725 -0.2425433 -0.2425 -0.2425 -0.3125 -0.3125 -0.3125 -0.3125 -0.3125 -0.46499999 -0.465 -0.465 -0.465 -0.465 0.23 0.23 0.23 0.23 0.23 0.3025 0.3025 0.3025 0.3025 0.195 0.195 0.195 0.195 0.195 0.1675 0.1675 -0.14 -0.14 -0.14 0.57737781 0.5775 0.46 0.46 0.46 0.46000003 0.655 0.655 0.655 0.7425 0.7425 0.7425 0.375 0.375 0.185 0.185
-0.45 -0.45 -0.3725 -0.3725 -0.3725 -0.3725 -0.37249986 -0.3475 -0.31253295 -0.3125 -0.3125 -0.3125 -0.3125 -0.4630977 -0.465 -0.465 -0.465 -0.465 0.22999999 0.23 0.23 0.23 0.23 0.3025 0.3025 0.3025 0.3025 0.30249959 0.195 0.195 0.195 0.16750144 0.1675 0.1675 0.1675 -0.14 0.57749999 0.5775 0.5775 0.57440835 0.61384905 0.6425 0.6425 0.655 0.655 0.655 0.7425 0.7425 0.7425 0.375 0.375 0.375 0.2846288
-0.885 -0.88499659 -0.3725 -0.3725 -0.3725 -0.3725 -0.3475 -0.3475 -0.3475 -0.3125 -0.3125 -0.3125 -0.3125 -0.31254741 -0.465 -0.465 -0.465 -0.465 0.22998774 0.23 0.23 0.23 0.28972674 0.3025 0.3025 0.3025 0.3025 0.61999974 0.62 0.62 0.19956036 0.1675 0.1675 0.1675 0.16750016 0.34 0.5775 0.5775 0.5775 0.5775 0.6425 0.6425 0.6425 0.71 0.71 0.71 0.48502508 0.7425 0.7425 0.375 0.375 0.375 0.29500124
