interpolatedSpi/05-08|22_1.tif
NCOLS 53
NROWS 52
XLLCORNER -116.03883
YLLCORNER 28.596182
DX 0.49850594
DY 0.49788537
NODATA_VALUE -9999
[rows 0 to 38 of 52, columns 0 to 52 of 53]
-0.49 -0.49 -0.88799145 -0.8425 -0.4875 -0.19 -0.2975 -0.5275 -0.88532595 -0.5825 -0.8225 -0.17 -0.095012146 -0.2425 -0.2925 -0.2925 -0.2925 0.5075 0.1375 0.1375 0.1375 0.13749942 0.077500002 0.29 0.29 0.29 -0.039998412 -0.04 -0.04 -0.1025 -0.1025 -0.1025 -0.1025 -0.16249999 -0.1625 -0.1625 -0.1625 -0.1625 -0.1625 -0.16249998 0.70317603 0.71243369 0.4525 0.4525 0.4525 0.4525 0.452451 0.4225 0.4225 0.4225 -0.012499097 -0.0125 -0.0125
-0.49001877 -0.9125 -0.6349997 -0.52032602 -0.2625799 -0.445 -0.6025 -0.22037798 -0.155 -0.2775 0.03 -0.095 -0.095 0.33307434 -0.24249347 -0.2925 0.5075 0.5075 0.13798243 0.1375 0.1375 0.1375 0.2809201 0.29 0.29 0.29 -0.25749996 -0.2575 -0.1025 -0.1025 -0.1025 -0.1025 -0.1025 -0.16249999 -0.1625 -0.1625 -0.1625 -0.1625 -0.16249995 -0.0033183547 0.81243856 0.49618288 0.4525 0.4525 0.4525 0.4525 0.4525 0.4225 0.4225 0.4225 0.38642938 -0.0125 -0.0125
-0.32999314 -0.33 -0.3775 -0.23 -0.28 -0.6075 -0.315 -0.055 -0.4675 0.12 -0.0525 0.1075 -0.2075 0.3675 0.335 0.1 0.5075 0.5075 0.5075 0.28245785 0.2825 0.2825 0.1175 0.29 0.29 0.29 -0.2575 -0.2575 -0.2575 -0.1025 -0.1025 -0.1025 -0.077226497 -0.1610979 -0.15642662 0.48402084 0.49 0.49 0.530562 0.8125 0.8125 0.81203965 0.4525 0.4525 0.4525 0.4525 0.4525 0.4225 0.4225 0.4225 0.4225 -0.0125 -0.0125
-0.38 -0.33 -0.33751264 0.41 -0.63 -0.265 -0.1075 -0.23 -0.18 0.1280853 0.14 0.315 0.2325 0.3675 -0.245 0.1 -0.61697219 -0.62170826 -0.6475 0.2825 0.2825 -0.2375 0.1175 0.1175 0.29 0.28999727 -0.2575 -0.2575 -0.2575 -0.3525 -0.18652499 -0.05 -0.05 -0.04999957 0.49 0.49 0.49 0.49 0.8125 0.8125 0.8125 0.81249999 0.4525 0.4525 0.4525 0.4525 0.4525 0.42250038 0.4225 0.4225 0.4225 -0.012488649 -0.0125
-0.38 0.39749865 -0.3375 0.14225519 -0.63 -0.625 -0.39996892 0.5075 0.02 0.77749958 0.32299697 0.10998281 -0.01 -0.245 -0.245 -0.025512551 -0.6225 -0.6225 -0.6475 -0.6475 0.28249894 -0.2375 0.7775 0.2325 -0.1475 -0.14723517 -0.2575 -0.2575 -0.3525 -0.3525 -0.05 -0.05 -0.05 0.044758148 0.49 0.49 0.49 0.8125 0.8125 0.8125 0.8125 0.81246018 0.4525 0.4525 0.4525 0.4525 0.4525 0.45223296 0.4225 0.42249608 0.335 0.335 0.335
-1.5225 -0.26 -0.41000001 -0.1175 -0.3425 -0.37 -0.3025 -0.1987968 -0.0625 -0.6 -1.005 -0.5125 -0.51249967 -0.2775 -0.2775 -0.41498672 -0.415 -0.36 -0.36 -0.6474996 -0.4275 -0.4275 0.2325 -0.1475 -0.1475 0.985 0.6325 0.6325 0.65490813 -0.3525 -0.05 -0.05 0.4525 0.45254806 0.91246705 0.8725 0.8725 0.83106237 0.8125 0.8125 0.40051448 0.4 0.40000189 0.17253103 0.1675315 0.16750008 0.16750001 0.16750011 0.50112321 0.335 0.335 0.335 0.335
-1.117503 -0.2475 -0.14559726 -0.2675 -0.48 -0.48 0.034999999 0.38 0.315 0.315 -1.005 -0.38 -0.69249991 -0.2775 -0.35999975 -0.36 -0.415 -0.2625 -0.1925 -0.1925 -0.35681027 -0.2775 -0.2775 0.77999999 0.985 0.985 0.6325 0.6325 0.65498339 0.65469422 0.71144405 0.4525 0.4525 0.9125 0.9125 0.94738801 0.8725 0.8725 0.94249757 0.40000076 0.4 0.4 0.40001038 0.16750216 0.1675 0.1675 0.1675 0.16750022 0.5325 0.33503914 0.335 0.335 0.335
-1.1175 -0.0825 0.375 -0.5475 -0.3050139 -0.4425 -0.1225 0.35249999 -0.13 0.1025 0.1025 -0.35 -0.6925 -0.6925 -0.36228126 -0.68787251 -0.72 -0.0625 -0.45249973 -0.1925 0.12780951 0.1675 -0.4125 0.4725 0.4724971 0.2475 0.44 0.44000007 0.37099868 0.37000001 0.7125 0.56479495 0.8325 0.9125 0.91207218 1.01 1.01 0.9425 0.9425 0.4 0.4 0.40000002 0.55495771 0.55499998 0.1675 0.1675 0.1675 0.53248611 0.5325 0.5325 0.335 0.335 0.335
-0.19439021 -0.082499999 0.44 0.1225 -0.135 -0.035 -0.0075 0.43 0.305 0.065768717 -0.24 -0.325 -0.325 0.2275 0.22749464 -0.77235368 -0.7725 -0.7725 -0.1220341 -0.34999999 -0.3 -0.29999999 0.33 -0.11989295 0.27017406 0.2475 0.37 0.44 0.54936079 0.55 0.49 0.9425 0.66675005 0.4725 0.8975 0.855 1.0675 0.5075 1.1846872 0.40351522 1.1875 0.565 0.55502157 0.555 0.55281894 0.1675 0.80999997 0.5325 0.5325 0.5325 0.5325 0.2546927 0.165
-0.82 -0.82 0.3875 -0.0425 -0.1275 0.2975 -0.155 0.0825 0.095 0.00500741 -0.115 0.2025 0.2275 0.2275 -0.3425 -0.34839764 -0.7725 -0.77237844 -0.235 -0.35 -0.35 -0.34355833 0.33 0.64499404 0.645 0.645 0.37 0.695 0.695 0.55 0.55 0.9414616 0.395 0.4725 0.48 0.855 1.0675 1.14 1.185 0.0782328 0.56500003 0.60999908 0.6875 0.555 0.555 0.81 0.81 0.81 0.5325 0.5325 -0.31 -0.31 -0.30999982
-0.82 -0.82 -0.0975 -0.17 -0.215 0.1175 -0.205 -0.0095923323 0.445 0.0425 0.1925 -0.18 0.20199082 -0.3425 -0.3425 -0.34249164 -0.27 -0.26816304 -0.235 -0.4275 -0.4275 -0.4525 -0.4525 0.645 0.645 0.645 0.695 0.695 0.695 -0.3725 -0.3725 -0.37249873 0.29 0.29 0.2225 -0.0425 0.6075 0.46000255 0.5125 0.06 0.06 0.13000183 0.6875 0.555 0.59999968 0.1825 0.4490612 0.4475 0.17 0.17 -0.31 -0.31 -0.31
-0.82 -0.50800917 -0.12843834 -0.034999043 0.43 0.1475 -0.205 -0.01 0.4449962 0.046959212 -0.17999971 -0.18 -0.235 -0.3425 -0.3425 -0.27 -0.27 -0.26999801 -0.235 -0.4275 -0.43240949 -0.4525 -0.4525 0.64495616 0.645 0.47899662 0.14 0.14 0.14000007 -0.3725 -0.3725 -0.0425 -0.0425 0.28999981 0.2225 0.29750001 0.63195373 0.46 0.46 0.060000002 0.13 0.13 0.13000349 0.6 0.6 0.1825 0.4475 0.4475 0.17 0.17 -0.31 -0.31 -0.31
0.4975 0.15512644 0.17748719 0.17596609 0.42999835 0.14750667 -0.20499999 -0.012400327 0.41364585 0.43448965 -0.235 -0.235 -0.235 -0.235 -0.34248477 -0.27 -0.27 -0.26954809 -0.235 -0.42740259 -0.095 -0.095 -0.095 -0.095 0.63205717 0.14 0.14 0.14 0.14 0.13960079 -0.0425 -0.0425 -0.0425 -0.0425 0.2975 0.2975 0.2975 0.45251476 0.45678924 0.0325 0.0325 0.12999476 0.19501386 0.59996099 0.6 0.1825 0.4475 0.4475 0.17 0.17 -0.30825861 -0.31 -0.44567256
0.4975 0.1775 0.1775 0.1775 0.1775 0.17749999 -0.20409762 -0.1126742 0.32999582 -0.23427772 -0.235 -0.235 -0.235 -0.235 -0.23499986 -0.27 -0.26999999 -0.26759924 -0.23500004 -0.095 -0.095 -0.095 -0.095 -0.095 -0.091864706 -0.081412025 -0.22249993 -0.2225 -0.2225 -0.2225 -0.042500003 -0.0425 -0.042500199 -0.2075 -0.2075 0.2975 0.039869193 0.0325 0.0325 0.0325 0.0325 0.0325 0.195 0.195 0.195 0.19491301 0.56914793 0.57 0.57 0.57 0.56999999 0.094999916 0.095
0.4825 0.1775 0.1775 0.1775 0.1775 0.1775 0.17749998 -0.11566122 -0.038274875 -0.04 -0.04 -0.04 -0.04 -0.04 -0.040000002 0.31512765 -0.2605942 -0.2652072 -0.095017614 -0.095 -0.095 -0.095 -0.095 -0.094999654 0.05 0.05 0.049999617 -0.2225 -0.2225 -0.22256508 -0.255 -0.255 -0.2075 -0.2075 -0.2075 -0.005945379 0.0325 0.0325 0.0325 0.0325 0.0325 0.0325 0.195 0.195 0.195 0.195 0.56999999 0.57 0.57 0.57 0.57 0.095 0.095
0.4825 0.36895197 0.1775 0.1775 0.1775 0.1775 -0.0099632001 -0.01 -0.010000001 -0.04 -0.04 -0.04 -0.04 -0.04 0.039970036 0.3225 0.3225 0.3225 0.20159434 0.2024997 0.2025 0.2025 0.2025 0.2025 0.05 0.05 0.05 0.05 -0.2225 -0.255 -0.255 -0.255 -0.2075 -0.2075 -0.2075 0.0525 0.032526481 0.0325 0.0325 0.032474164 -0.019106947 -0.13948444 0.195 0.195 -0.13148932 -0.1325 -0.1325 0.56838782 -0.40657534 -0.40999991 -0.40999981 -0.21245351 0.094999375
0.4825 0.11757149 0.14207678 0.1775 0.1775 -0.0098892161 -0.01 -0.01 -0.01 -0.010216189 -0.04 -0.04 -0.04 -0.039999956 0.3225 0.3225 0.3225 0.3225 0.20260719 0.2025 0.2025 0.2025 0.2025 0.2025 0.050000004 0.05 0.05 0.05 0.048890608 -0.255 -0.255 -0.255 0.12749999 -0.20746547 0.0525 0.0525 0.0525 0.051948882 -0.12907523 -0.14 -0.14 -0.14 -0.2775 -0.2775 -0.1325 -0.1325 -0.1325 -0.41 -0.41 -0.41 -0.41 -0.2125 -0.2125
0.10775009 0.1075 0.1075 0.1075 -0.0325 -0.01000058 -0.01 -0.01 -0.01 -0.01 0.0093996026 -0.039991498 -0.039999981 0.3225 0.3225 0.3225 0.3225 0.3225 0.29178678 0.2025 0.2025 0.2025 0.2025 0.2025 -0.0046702017 -0.22249852 -0.2225 -0.2225 -0.2225 -0.25499998 0.12749999 0.1275 0.1275 0.1275 0.0525 0.052498683 0.0025 0.0025 -0.13822068 -0.14 -0.14 -0.14 -0.2775 -0.2775 -0.15495099 -0.1325 -0.1325 -0.41 -0.41 -0.41 -0.40788229 -0.2125 -0.2125
0.1075 0.1075 0.1075 0.041571912 -0.0325 -0.0325 -0.01 -0.01 -0.01 -0.01 0.6125 0.6125 0.6125 0.3225 0.3225 0.3225 0.3225 0.32245084 -0.015 -0.015 0.20249991 0.2025 0.19495281 -0.1075 -0.10853529 -0.2225 -0.2225 -0.2225 -0.2225 0.12746436 0.1275 0.1275 0.1275 0.1275 0.0025001758 0.0025 0.0025 0.0025 0.0019963692 -0.14 -0.14 -0.14 -0.2775 -0.2775 -0.2775 -0.1325 -0.1325 -0.40999999 -0.41 -0.41 -0.2125 -0.2125 -0.2125
0.1075 0.1075 0.1075 -0.0325 -0.0325 -0.0325 -0.032499966 -0.01 -0.01 0.6118574 0.6125 0.6125 0.6125 0.61231931 0.081696833 0.025 0.025 0.025 -0.015 -0.015 -0.015 -0.1075 -0.1075 -0.1075 -0.1074972 -0.15693446 -0.2225 -0.2225 -0.2225 0.13163522 0.14249852 0.1425 0.1425 0.1425 -0.014962852 -0.039999903 -0.04 -0.04 -0.04 -0.38496648 -0.385 -0.385 -0.2775 -0.2775 -0.28749996 -0.2874998 0.2775 0.2775 0.045 0.045 0.045 -0.2125 0.2895507
0.10749959 0.1075 0.10749999 -0.0325 -0.0325 -0.0325 -0.032500001 -0.13499996 -0.010499799 0.61186072 0.6125 0.6125 0.6125 0.61134716 0.025 0.025 0.025 0.024999989 -0.015 -0.015 -0.015 -0.1075 -0.1075 -0.1075 -0.0975 -0.0975 -0.030000001 -0.03 -0.03 -0.029058958 0.1425 0.1425 0.1425 0.1425 0.051300051 -0.04 -0.04 -0.04 -0.04 -0.385 -0.385 -0.385 -0.38193228 -0.2875 -0.2875 -0.2875 0.2775 0.2775 0.045 0.045 0.045 0.28999999 0.29
-0.025 0.034941317 0.1225 0.12245503 -0.0325 -0.13440694 -0.135 -0.135 -0.2816624 -0.09250001 -0.0925 -0.0925 -0.0925 0.0074967447 0.0075000001 0.024999987 0.025 0.023946059 -0.015 -0.015 -0.015 -0.0325 -0.0325 -0.0325 -0.0975 -0.0975 -0.03 -0.03 -0.03 -0.030000107 -0.17749797 -0.1774991 0.13445728 0.14215694 -0.3843971 -0.385 -0.385 -0.385 -0.385 -0.385 -0.385 -0.385 -0.29286866 -0.2875 -0.2875 -0.28749998 0.2775 0.2775 0.27749163 0.045 0.045005701 0.1725 0.29
-0.21246439 -0.21249994 0.1225 0.1225 0.1225 -0.135 -0.135 -0.135 -0.5375 -0.5375 -0.0925 -0.0925 -0.0925 0.0075 0.0075 0.0075 0.0075 0.0074975698 -0.015 -0.015 -0.015000001 -0.0325 -0.0325 -0.0325 -0.0975 -0.0975 -0.03 -0.03 -0.03 -0.17583693 -0.1775 -0.1775 -0.1775 -0.1775 -0.38489761 -0.385 -0.385 -0.385 -0.385 -0.3925 -0.3925 -0.3925 -0.3925 -0.2874991 -0.17 -0.17 -0.17 0.23 0.23 0.23 0.1725 0.1725 0.1725
-0.2125 -0.2125 0.1225 0.1225 0.1225 -0.13364653 -0.135 -0.5375 -0.5375 -0.5375 -0.09255478 -0.0925 0.003512155 0.007500004 0.0075 0.0075 0.0075 0.02 0.02 0.02 -0.43249999 -0.4324997 -0.032501948 -0.0325 -0.032884336 -0.65 -0.65 -0.64999852 -0.030100196 -0.78487893 -0.78499677 -0.78489394 -0.17853828 -0.17802427 -0.34843794 -0.38500015 -0.38627347 -0.765 -0.765 -0.3925 -0.3925 -0.3925 -0.3925 -0.17 -0.17 -0.17 -0.17 0.23 0.23 0.23 0.1725 0.1725 0.1725
-0.2125 -0.2125 0.1225 0.1225 0.1225 0.1225 -0.28564399 -0.5375 -0.5375 -0.5375 -0.53718928 0.025 0.025 0.025 0.0076031315 0.0075 0.019916703 0.02 0.02 0.02 -0.4325 -0.4325 -0.4325 -0.4325 -0.65 -0.65 -0.65 -0.65 -0.65 -0.785 -0.785 -0.785 -0.785 -0.78499976 -0.67 -0.765 -0.765 -0.765 -0.765 -0.76499856 -0.37 -0.37 -0.37 -0.3350174 -0.2625 -0.2625 -0.2625 0.22999999 0.22999965 -0.13 -0.13 0.20499209 0.205
-0.2125 -0.2125 0.0015885236 0.1225 0.1225 0.1225 0.061435286 -0.53560913 -0.5375 -0.5375 0.02500003 0.025 0.025 0.025 0.025 0.023564838 0.02 0.02 0.02 0.02 -0.4324965 -0.4325 -0.4325 -0.4325 -0.65 -0.65 -0.65 -0.65 -0.65 -0.90508042 -0.785 -0.785 -0.785 -0.67 -0.67 -0.67007377 -0.765 -0.765 -0.60882896 -0.48750002 -0.37 -0.37 -0.37 -0.33660404 -0.2625 -0.2625 -0.2625 -0.8625 -0.13912688 -0.13 -0.13 0.205 0.205
-0.2175 -0.2175 -0.2175 0.037252654 0.12225981 0.0625 0.0625 0.0625 0.0625 0.1675 0.1675 0.02500001 0.025 0.025 0.025 0.024999675 0.02 0.02 0.02 0.02 -0.23504368 -0.4325 -0.4325 -0.42536856 -0.18181915 -0.65 -0.65 -0.65 -0.9475 -0.9475 -0.9475 -0.94749932 -0.67 -0.67 -0.67 -0.67 -0.4875 -0.4875 -0.4875 -0.4875 -0.395 -0.395 -0.395 -0.58499618 -0.585 -0.585 -0.5849999 -0.8625 -0.8625 -0.13089251 -0.13 0.20499755 0.205
-0.2175 -0.2175 -0.2175 -0.21749058 -0.0425 -0.027231275 0.0625 0.0625 0.0625 0.1675 0.1675 0.1675 -0.18499999 -0.185 -0.185 -0.18499999 0.020535808 0.02 0.02 0.02 0.013153367 -0.16000075 -0.16 -0.16 -0.16 -0.16000002 -0.56 -0.56 -0.9475 -0.9475 -0.9475 -0.9475 -0.66999996 -0.67 -0.67 -0.66999572 -0.48749999 -0.4875 -0.4875 -0.48672134 -0.395 -0.395 -0.395 -0.58499119 -0.585 -0.585 -0.585 -0.8625 -0.8625 -0.86249992 -0.28 -0.28 -0.125
-0.2175 -0.2175 -0.2175 -0.042500403 -0.0425 -0.0425 0.062499961 0.0625 0.0625 0.1675 0.1675 0.1675 -0.185 -0.185 -0.185 -0.14711062 0.3125 0.3125 0.31249924 0.021652115 -0.16 -0.16 -0.16 -0.16 -0.16 -0.16030102 -0.56 -0.56 -0.56 -0.9475 -0.9475 -0.94739701 -0.6175 -0.6175 -0.6175 -0.3175 -0.3175 -0.31 -0.31 -0.31 0.0475 -0.3948612 -0.39499821 -0.155 -0.155 -0.17129651 -0.58499933 -0.8625 -0.8625 -0.28 -0.28 -0.28 -0.125
-0.2175 -0.2175 -0.2175 -0.0425 -0.0425 -0.0425 -0.0425 0.0625 0.0625 0.1675 0.1675 -0.17090508 -0.185 -0.185 -0.185 0.3125 0.3125 0.3125 0.3125 0.3125 -0.16 -0.16 -0.16 -0.16 -0.16 -0.55999864 -0.56 -0.56 -0.56 -0.7875 -0.7875 -0.7875 -0.6175 -0.6175 -0.6175 -0.3175 -0.3175 -0.31 -0.31 0.0475 0.0475 0.0475 -0.155 -0.155 -0.155 -0.155 -0.14514232 -0.035 -0.035 -0.035 -0.27999999 0.3 0.3
-0.2175 -0.2175 -0.2172563 -0.0425 -0.0425 -0.0425 -0.0425 -0.15912144 -0.165 -0.16442914 0.16749999 -0.18499225 -0.185 -0.185 -0.18499828 0.3125 0.3125 0.3125 0.3125 0.3125 0.80621031 -0.16 -0.16 -0.16 -0.15989959 -0.55995007 -0.56 -0.56 -0.56 -0.7875 -0.7875 -0.7875 -0.78747665 -0.6175 -0.3175 -0.3175 -0.3175 -0.3174995 -0.30997562 0.0475 0.0475 0.0475 -0.15498771 -0.155 -0.155 -0.155 -0.034997054 -0.035 -0.035 -0.035 0.3 0.3 0.3
-0.6175 -0.6174993 -0.042612337 -0.0425 -0.0425 -0.0425 -0.16497393 -0.165 -0.165 -0.165 -0.092500002 -0.0925 -0.0925 -0.0925 0.31063075 0.3125 0.3125 0.3125 0.3125 0.84749968 0.8475 0.8475 0.32749992 0.3275 0.3275 0.3275 0.25089733 -0.56 -0.93248474 -0.9325 -0.9325 -0.9325 -0.9325 -0.057500002 -0.0575 -0.0575 -0.0575 -0.0575 0.2325 0.2325 0.2325 0.2325 0.2325 0.25937442 0.26 0.26 0.26 -0.035 -0.035 -0.035 0.29994722 0.3 0.3
-0.6175 -0.6175 -0.61308335 -0.089999905 -0.089999989 -0.090073077 -0.165 -0.165 -0.165 -0.165 -0.0925 -0.0925 -0.0925 -0.0925 -0.0925 0.3125 0.3125 0.3125 0.84749987 0.8475 0.8475 0.8475 0.3275 0.3275 0.3275 0.3275 0.3275 0.32731095 -0.93236967 -0.9325 -0.9325 -0.9325 -0.93244764 -0.25591557 -0.057705451 -0.0575 -0.0575 -0.057500005 0.2325 0.2325 0.2325 0.2325 0.2325 0.26 0.26 0.26 0.26 0.12205224 -0.035 -0.010278923 -0.01 -0.11 -0.11
-0.6175 -0.6175 -0.090066818 -0.09 -0.09 -0.09 -0.10904968 -0.165 -0.165 -0.165 -0.0925 -0.0925 -0.0925 -0.0925 -0.0925 0.3121958 0.3125 0.84734314 0.8475 0.8475 0.8475 0.8475 0.52013737 0.3275 0.3275 0.3275 0.3275 0.32684679 -0.595 -0.595 -0.595 -0.595 -0.595 -0.4075 -0.4075 -0.4075 -0.4075 -0.4075 -0.155 -0.155 -0.155 -0.155 -0.155 0.25960933 0.25999992 0.26 0.25997288 0.25669771 -0.01 -0.01 -0.01 -0.10999944 -0.11
-0.61749846 0.20367212 -0.089999957 -0.09 -0.09 -0.09 -0.09 -0.16496807 -0.165 -0.165 -0.0925 -0.0925 -0.0925 -0.0925 0.70684221 0.725 0.725 0.84749685 0.8475 0.8475 0.8475 0.8475 0.84749987 0.3275 0.3275 0.3275 0.3275 -0.24500031 -0.24500016 -0.31948851 -0.595 -0.595 -0.595 -0.4075 -0.4075 -0.4075 -0.4075 -0.40735608 -0.155 -0.155 -0.155 -0.155 -0.15500441 0.1 0.1 0.1 0.1 0.099991129 -0.01 -0.01 -0.01 -0.010000075 -0.13216863
0.22 0.22 0.18456408 -0.09 -0.09 -0.09 -0.09 -0.09 -0.16496668 0.38999999 0.39 0.39 0.38885493 0.72499882 0.725 0.725 0.725 0.725 0.84749523 0.80672743 0.45 0.45 0.45 0.41665152 0.28708163 0.0708106 -0.11171824 -0.245 -0.245 -0.245 -0.245 -0.245 -0.25505246 -0.19309203 -0.195 -0.195 -0.195 -0.195 -0.16580155 -0.2124999 -0.2125 -0.2125 -0.2125 0.035000191 0.099999983 0.1 0.1 0.1 -0.0099982379 -0.01 -0.01 -0.1325 -0.1325
0.22 0.22 0.3675 0.3675 0.3675 -0.089847603 -0.09 -0.09 0.39 0.39 0.39 0.39 0.39 0.72499998 0.725 0.725 0.725 0.725 0.45 0.45 0.45 0.45 0.45 -0.17749997 -0.1775 -0.1775 -0.1775 -0.245 -0.245 -0.245 -0.245 -0.245 -0.025 -0.025 -0.195 -0.195 -0.195 -0.11501362 -0.115 -0.2125 -0.2125 -0.2125 -0.21249996 0.035 0.035 0.035 0.1 0.1 0.1 0.3225 0.3225 -0.1325 -0.1325
0.22 0.22 0.3675 0.3675 0.3675 0.3675 0.36749967 0.3075 0.38992232 0.39 0.39 0.39 0.39 0.72082118 0.725 0.725 0.725 0.725 0.45000001 0.45 0.45 0.45 0.45 -0.1775 -0.1775 -0.1775 -0.1775 -0.17750028 -0.245 -0.245 -0.245 -0.025011534 -0.025 -0.025 -0.025 -0.195 -0.115 -0.115 -0.115 -0.11756541 0.029864935 0.075 0.075 0.035 0.035 0.035 0.1 0.1 0.1 0.3225 0.3225 0.3225 -0.13702858
0.0875 0.08750104 0.3675 0.3675 0.3675 0.3675 0.3075 0.3075 0.3075 0.39 0.39 0.39 0.39 0.39010414 0.725 0.725 0.725 0.725 0.45000474 0.45 0.45 0.45 -0.066960134 -0.1775 -0.1775 -0.1775 -0.1775 -0.26249993 -0.2625 -0.2625 -0.2451796 -0.025 -0.025 -0.025 -0.025000005 -0.03 -0.115 -0.115 -0.115 -0.115 0.075 0.075 0.075 0.0275 0.0275 0.0275 -0.13747687 0.1 0.1 0.3225 0.3225 0.3225 -0.13749942
