interpolatedSpi/05-07|22_1.tif
NCOLS 53
NROWS 52
XLLCORNER -116.03883
YLLCORNER 28.596182
DX 0.49850594
DY 0.49788537
NODATA_VALUE -9999
[rows 0 to 35 of 52, columns 0 to 52 of 53]
-0.055 -0.055 -0.28736538 -0.3525 -0.295 -0.165 -0.0125 -0.225 -0.73584218 -0.6925 -0.4775 0.0725 0.089975502 -0.2075 -0.495 -0.495 -0.495 0.31 -0.2875 -0.2875 -0.2875 -0.28750458 -0.7625 -0.4175 -0.4175 -0.4175 -0.60249969 -0.6025 -0.6025 -0.415 -0.415 -0.415 -0.415 0.35249985 0.3525 0.3525 0.3525 0.3525 0.3525 0.35250001 0.59489003 0.59755162 0.8 0.8 0.8 0.8 0.79977133 0.66 0.66 0.66 0.82999965 0.83 0.83
-0.055023882 -0.5925 -0.15249963 -0.018580036 -0.079873268 -0.025 -0.27 0.052038291 -0.23 -0.04 0.205 0.09 0.09 0.51009918 -0.20749384 -0.495 0.31 0.31 -0.28672094 -0.2875 -0.2875 -0.2875 -0.39973498 -0.4175 -0.4175 -0.4175 -0.32500001 -0.325 -0.415 -0.415 -0.415 -0.415 -0.415 0.35249989 0.3525 0.3525 0.3525 0.3525 0.35250001 0.53840967 1.5573825 0.89191587 0.8 0.8 0.8 0.8 0.8 0.66 0.66 0.66 0.67409656 0.83 0.83
0.20497762 0.205 0.1675 0.4475 0.15 -0.12 0.2075 0.36 0.05 0.52 0.28 0.4625 0.145 0.665 0.5125 -0.0775 0.31 0.31 0.31 0.044903341 0.045 0.045 -0.08 -0.4175 -0.4175 -0.4175 -0.325 -0.325 -0.325 -0.415 -0.415 -0.41499995 0.045940564 0.352936 0.35377983 0.48874002 0.49 0.49 0.62426337 1.5575 1.5575 1.5565313 0.8 0.8 0.8 0.8 0.8 0.66 0.66 0.66 0.66 0.83 0.83
-0.085 0.20500001 0.24252145 1.055 0.12 0.5375 0.67 0.2475 0.2475 0.60327111 0.56 0.5675 0.565 0.665 -0.315 -0.0775 -0.54142318 -0.54440094 -0.5775 0.045 0.045 -0.2125 -0.08 -0.08 -0.4175 -0.41749954 -0.325 -0.325 -0.325 0.045 0.31796717 0.5425 0.5425 0.54249996 0.49 0.49 0.49 0.49 1.5575 1.5575 1.5575 1.5575 0.8 0.8 0.8 0.8 0.8 0.66000177 0.66 0.66 0.66 0.83000147 0.83
-0.085 0.54749944 0.2425 0.56255488 0.12 0.2575 0.36501656 0.985 0.4475 1.0949997 0.78377869 0.63741155 0.02 -0.315 -0.315 -0.16343422 -0.545 -0.545 -0.5775 -0.5775 0.044999462 -0.2125 0.015 0.0825 -0.08 -0.079777887 -0.325 -0.325 0.044999999 0.045 0.5425 0.5425 0.5425 0.5641861 0.49 0.49 0.49 1.5575 1.5575 1.5575 1.5575 1.5574433 0.8 0.8 0.8 0.8 0.8 0.79875383 0.66 0.66000964 0.875 0.875 0.875
-1.75 0.0075 0.12249999 0.455 0.015 0.1475 0.0325 0.15444728 0.6375 0.09 -0.4725 -0.0025 -0.0024999852 0.0325 0.0325 -0.2974662 -0.2975 -0.11 -0.11 -0.57749958 -0.4475 -0.4475 0.0825 -0.08 -0.08 0.87 0.3475 0.3475 0.9199201 0.045 0.5425 0.5425 0.6575 0.65758437 1.4649422 1.505 1.505 1.5412579 1.5575 1.5575 0.97073274 0.97 0.97000145 0.78280892 0.78250193 0.7825 0.7825 0.78250001 0.94129272 0.875 0.875 0.875 0.875
-0.84251028 -0.5575 -0.67028273 -0.3875 -0.1775 -0.2975 0.035 0.1625 0.28 0.28 -0.4725 0.0675 -0.36499986 0.0325 -0.15749943 -0.1575 -0.2975 -0.15 -0.1025 -0.1025 -0.38387924 -0.3125 -0.3125 0.61499999 0.87 0.87 0.3475 0.3475 0.91998062 0.91964325 1.3002943 0.6575 0.6575 1.465 1.465 1.4995536 1.505 1.505 1.7874902 0.97000114 0.97 0.97 0.97000831 0.78250254 0.7825 0.7825 0.7825 0.78250011 0.9625 0.87501734 0.875 0.875 0.875
-0.8425 -0.1775 0.195 -0.905 -0.87250186 -0.3275 -0.305 -0.069999997 -0.205 0.44 0.44 0.155 -0.365 -0.365 -0.15892364 -0.52407968 -0.56 0.04 -0.14749995 -0.1025 0.27158464 0.3325 -0.43 0.34 0.3399989 0.255 0.7375 0.73749986 0.58866513 0.58750002 1.3025 0.61284039 1.0525 1.465 1.4591532 1.495 1.495 1.7875 1.7875 0.97 0.97 0.97000001 1.2370299 1.2375 0.7825 0.7825 0.7825 0.96249315 0.9625 0.9625 0.875 0.875 0.875
-0.25639208 -0.1775 0.405 -0.395 -0.49 -0.5875 -0.2025 -0.015 0.485 0.11219792 0.03 0.2675 0.2675 0.5475 0.54749539 -0.43784142 -0.4375 -0.4375 0.011377833 -0.20250004 -0.385 -0.38499999 0.175 -0.19157944 0.26356576 0.255 0.6875 0.7375 1.1799141 1.1825 0.49 1.38 1.1243953 1.095 1.26 1.23 1.4375 0.77 1.7995244 0.97270058 1.575 1.195 1.2375098 1.2375 1.234939 0.7825 1.315 0.9625 0.9625 0.9625 0.9625 0.86597321 0.6
-0.6975 -0.6975 0.44 -0.2075 -0.62 -0.645 -0.6175 -0.46 -0.08 0.017451835 0.165 0.2625 0.5475 0.5475 0.0575 0.050710851 -0.4375 -0.43741498 -0.0475 -0.2025 -0.2025 -0.22601212 0.175 0.43249512 0.4325 0.4325 0.6875 1.2425 1.2425 1.1825 1.1825 1.3790375 0.8725 1.095 1.295 1.23 1.4375 1.4575 1.8 0.61206989 1.195 1.2326523 1.2975 1.2375 1.2375 1.315 1.315 1.315 0.9625 0.9625 0.8025 0.8025 0.80249992
-0.6975 -0.6975 0.04 -0.165 -0.3175 -0.475 -0.63 -0.07499221 -0.1325 -0.1 -0.11 -0.35 0.261685 0.0575 0.0575 0.057468853 -0.2125 -0.20384003 -0.0475 -1.3877788e-17 -1.3877788e-17 -0.0725 -0.0725 0.4325 0.4325 0.4325 1.2425 1.2425 1.2425 0.3225 0.3225 0.32250091 1.035 1.035 0.815 0.7225 1.305 0.99500177 1.2625 0.5925 0.5925 0.74250182 1.2975 1.2375 1.2299999 1.0875 1.0835013 1.0825 1.025 1.025 0.8025 0.8025 0.8025
-0.6975 -0.37907253 -0.047480812 -0.17749185 0.4425 -0.47 -0.63 -0.075 -0.13249952 -0.10036006 -0.34999967 -0.35 -0.29 0.057499999 0.0575 -0.21249999 -0.2125 -0.21249061 -0.0475 -1.5284219e-17 -0.014237525 -0.0725 -0.0725 0.43248008 0.4325 0.54179925 0.765 0.765 0.76500006 0.3225 0.3225 0.41 0.41 1.0349994 0.815 0.99499998 1.2885635 0.995 0.995 0.5925 0.7425 0.7425 0.74250361 1.23 1.23 1.0875 1.0825 1.0825 1.025 1.025 0.8025 0.8025 0.8025
0.54 0.23566935 0.25498459 0.25187476 0.44249525 -0.46997846 -0.63 -0.08183173 -0.12853766 -0.13165134 -0.29 -0.29 -0.29 -0.29 0.057450774 -0.2125 -0.2125 -0.21036959 -0.0475 0.00010239669 0.355 0.355 0.355 0.355 0.43147054 0.765 0.765 0.765 0.765 0.76468172 0.41 0.41 0.41 0.41 0.995 0.995 0.995 0.99524207 0.99218355 0.62 0.62 0.74249341 0.6225208 1.2299415 1.23 1.0875 1.0825 1.0825 1.025 1.025 0.80330721 0.8025 0.6432495
0.54 0.255 0.255 0.255 0.255 0.2549997 -0.62959031 -0.3674021 -0.11796652 -0.28982951 -0.29 -0.29 -0.29 -0.29 -0.28999972 -0.2125 -0.21249997 -0.20118213 -0.047500995 0.355 0.355 0.355 0.355 0.355 0.36348615 0.63563704 0.54750004 0.5475 0.5475 0.5475 0.41 0.41 0.4100001 0.4925 0.4925 0.995 0.74223015 0.735 0.62000007 0.62 0.62 0.62 0.6225 0.6225 0.6225 0.62573598 0.82419269 0.8225 0.8225 0.8225 0.8225 0.86499999 0.865
0.8075 0.255 0.255 0.255 0.255 0.255 0.25499994 -0.30511301 0.086475074 0.087499999 0.0875 0.0875 0.0875 0.0875 0.087499996 0.56753589 -0.19994841 -0.18990579 0.35494934 0.355 0.355 0.355 0.355 0.35500032 0.7475 0.7475 0.74749972 0.5475 0.5475 0.54710952 0.3525 0.3525 0.4925 0.4925 0.4925 0.69615408 0.735 0.735 0.735 0.62 0.62 0.62 0.6225 0.6225 0.6225 0.6225 0.82249999 0.8225 0.8225 0.8225 0.8225 0.865 0.865
0.8075 0.60181053 0.255 0.255 0.255 0.255 0.18001472 0.18 0.18 0.0875 0.0875 0.0875 0.0875 0.0875 0.19559743 0.5775 0.5775 0.5775 0.62916258 0.62999972 0.63 0.63 0.63 0.63 0.7475 0.7475 0.7475 0.7475 0.5475 0.3525 0.3525 0.3525 0.49249999 0.4925 0.4925 0.6025 0.73482457 0.735 0.735 0.61994538 0.51080269 0.2560909 0.6225 0.6225 0.0093979263 0.0075 0.0075 0.82065334 -0.29607737 -0.2999999 -0.29999979 -0.054860808 0.86499813
0.8075 0.44500439 0.34608829 0.255 0.255 0.18004431 0.18 0.18 0.18 0.17933342 0.0875 0.0875 0.0875 0.087500059 0.5775 0.5775 0.5775 0.5775 0.6299531 0.63 0.63 0.63 0.63 0.63 0.7475 0.7475 0.7475 0.7475 0.74606325 0.3525 0.3525 0.3525 0.59749999 0.49251372 0.6025 0.6025 0.6025 0.59984416 0.28539009 0.255 0.255 0.255 -0.06 -0.06 0.0075 0.0075 0.0075 -0.3 -0.3 -0.3 -0.3 -0.055 -0.055
0.43528202 0.435 0.435 0.435 0.0175 0.17999581 0.18 0.18 0.18 0.18 0.13803525 0.087508698 0.087500019 0.5775 0.5775 0.5775 0.5775 0.5775 0.55494394 0.63 0.63 0.63 0.63 0.63 0.45961233 0.095003536 0.095 0.095 0.095 0.35250001 0.5975 0.5975 0.5975 0.5975 0.6025 0.60249361 0.36 0.36 0.25631108 0.255 0.255 0.255 -0.06 -0.06 -0.0029513242 0.0075 0.0075 -0.3 -0.3 -0.3 -0.29737296 -0.055 -0.055
0.435 0.435 0.435 0.23839302 0.0175 0.0175 0.18 0.18 0.18 0.18 0.755 0.755 0.755 0.5775 0.5775 0.5775 0.5775 0.57741241 0.155 0.155 0.62999981 0.63 0.62105292 0.2625 0.26099207 0.095 0.095 0.095 0.095 0.59744883 0.5975 0.5975 0.5975 0.5975 0.36000085 0.36 0.36 0.36 0.35962668 0.255 0.255 0.255 -0.06 -0.06 -0.06 0.0075 0.0075 -0.29999999 -0.3 -0.3 -0.055 -0.055 -0.055
0.435 0.435 0.435 0.0175 0.0175 0.0175 0.017500248 0.18 0.18 0.75440643 0.755 0.755 0.755 0.7548894 0.14850612 0.0475 0.0475 0.047500001 0.155 0.155 0.155 0.2625 0.2625 0.2625 0.26242857 0.049104123 0.095 0.095 0.095 0.33583143 0.29003024 0.29 0.29 0.29 0.33084176 0.29000016 0.29 0.29 0.29 -0.36491517 -0.365 -0.365 -0.06 -0.06 -0.2274993 -0.22749983 0.255 0.255 -0.0625 -0.0625 -0.0625 -0.055 -0.0075424708
0.43499902 0.435 0.43499998 0.0175 0.0175 0.0175 0.017499996 -0.33999985 0.17792084 0.75411816 0.755 0.755 0.755 0.75361169 0.0475 0.0475 0.0475 0.047500031 0.155 0.155 0.155 0.2625 0.2625 0.2625 0.0075 0.0075 -0.029999999 -0.03 -0.03 -0.0282543 0.29 0.29 0.29 0.29 0.28999991 0.29 0.29 0.29 0.29 -0.365 -0.365 -0.365 -0.36067372 -0.2275 -0.2275 -0.2275 0.255 0.255 -0.0625 -0.0625 -0.0625 -0.0075000019 -0.0075
0.12 0.25634103 0.1075 0.10747389 0.0175 -0.33793152 -0.34 -0.34 -0.48301861 -0.21750001 -0.2175 -0.2175 -0.2175 -0.15750195 -0.1575 0.047499843 0.0475 0.050332467 0.155 0.155 0.155 -0.2875 -0.2875 -0.2875 0.0075 0.0075 -0.03 -0.03 -0.03 -0.030000013 -0.047497855 -0.047499052 0.28151744 0.28963818 -0.27684993 -0.2775 -0.2775 -0.2775 -0.2775 -0.365 -0.365 -0.365 -0.23507122 -0.2275 -0.2275 -0.22749999 0.255 0.255 0.25498857 -0.0625 -0.062498547 -0.03 -0.0075
-0.24243116 -0.24249994 0.1075 0.1075 0.1075 -0.34 -0.34 -0.34 -0.7325 -0.7325 -0.2175 -0.2175 -0.2175 -0.1575 -0.1575 -0.1575 -0.1575 -0.15746454 0.155 0.155 0.15499998 -0.2875 -0.2875 -0.2875 0.0075 0.0075 -0.03 -0.03 -0.03 -0.047302686 -0.0475 -0.0475 -0.0475 -0.0475 -0.27738651 -0.2775 -0.2775 -0.2775 -0.2775 -0.42749998 -0.4275 -0.4275 -0.4275 -0.22749973 -0.1925 -0.1925 -0.1925 0.085 0.085 0.085 -0.03 -0.03 -0.03
-0.2425 -0.2425 0.1075 0.1075 0.1075 -0.33764786 -0.34 -0.7325 -0.7325 -0.7325 -0.2175634 -0.2175 -0.14600159 -0.15749999 -0.1575 -0.1575 -0.1575 -0.18 -0.18 -0.18 -0.78749999 -0.78749963 -0.28750244 -0.2875 -0.2875891 -0.5775 -0.5775 -0.57749869 -0.03008848 -0.41242726 -0.41249806 -0.41243628 -0.048123823 -0.047814991 -0.23677284 -0.27750018 -0.27904994 -0.74 -0.74 -0.4275 -0.4275 -0.4275 -0.4275 -0.1925 -0.1925 -0.1925 -0.1925 0.085 0.085 0.085 -0.03 -0.03 -0.03
-0.2425 -0.2425 0.1075 0.1075 0.1075 0.1075 -0.48690128 -0.7325 -0.7325 -0.7325 -0.73216719 -0.13 -0.13 -0.13 -0.15733794 -0.1575 -0.17985007 -0.18 -0.18 -0.18 -0.7875 -0.7875 -0.7875 -0.7875 -0.5775 -0.5775 -0.5775 -0.5775 -0.5775 -0.4125 -0.4125 -0.4125 -0.4125 -0.41249953 -0.19 -0.74 -0.74 -0.74 -0.74 -0.73999833 -0.2625 -0.2625 -0.2625 -0.22019655 -0.1325 -0.1325 -0.1325 0.084999994 0.084999845 -0.075 -0.075 0.09496959 0.095
-0.2425 -0.2425 -0.018825423 0.1075 0.1075 0.10749999 -0.5328549 -0.73186971 -0.7325 -0.7325 -0.13000001 -0.13 -0.13 -0.13 -0.13 -0.13226152 -0.18 -0.18 -0.18 -0.18 -0.7874953 -0.7875 -0.7875 -0.7875 -0.5775 -0.5775 -0.5775 -0.5775 -0.5775 -0.68221909 -0.4125 -0.4125 -0.4125 -0.19 -0.19 -0.19042709 -0.74 -0.74 -0.45016906 -0.22500004 -0.2625 -0.2625 -0.2625 -0.22195529 -0.1325 -0.1325 -0.1325 -0.6175 -0.081759497 -0.075 -0.075 0.095 0.095
-0.71 -0.71 -0.71 -0.097469722 0.10657369 -0.5325 -0.5325 -0.5325 -0.5325 -0.1725 -0.1725 -0.13 -0.13 -0.13 -0.13 -0.13000318 -0.18 -0.18 -0.18 -0.18 -0.52240671 -0.7875 -0.7875 -0.78200421 -0.5775 -0.5775 -0.5775 -0.5775 -0.7775 -0.7775 -0.7775 -0.77749847 -0.19 -0.19 -0.19 -0.19 -0.225 -0.225 -0.225 -0.225 -0.3425 -0.3425 -0.3425 -0.47749729 -0.4775 -0.4775 -0.47749989 -0.6175 -0.6175 -0.075661007 -0.075 0.094999231 0.095
-0.71 -0.71 -0.71 -0.7099899 -0.5225 -0.52395416 -0.5325 -0.5325 -0.5325 -0.1725 -0.1725 -0.1725 -0.38249999 -0.3825 -0.3825 -0.38249999 -0.17967027 -0.18 -0.18 -0.18 -0.1892004 -0.57750058 -0.5775 -0.5775 -0.5775 -0.5775 -0.61 -0.61 -0.7775 -0.7775 -0.7775 -0.7775 -0.19000013 -0.19 -0.19 -0.19001486 -0.22499999 -0.225 -0.225 -0.22393619 -0.3425 -0.3425 -0.3425 -0.47749374 -0.4775 -0.4775 -0.4775 -0.6175 -0.6175 -0.61749993 -0.0575 -0.0575 -0.3775
-0.71 -0.71 -0.71 -0.52250043 -0.5225 -0.5225 -0.5325 -0.5325 -0.5325 -0.1725 -0.1725 -0.1725 -0.3825 -0.3825 -0.3825 -0.35336897 -2.7799792e-17 -4.7842882e-17 -4.6498038e-07 -0.17898332 -0.5775 -0.5775 -0.5775 -0.5775 -0.5775 -0.57752446 -0.61 -0.61 -0.61 -0.7775 -0.7775 -0.7774469 -0.3725 -0.3725 -0.3725 -0.2175 -0.2175 0.0175 0.0175 0.0175 0.125 -0.34235336 -0.342498 -0.075 -0.075 -0.090254292 -0.47749917 -0.6175 -0.6175 -0.0575 -0.0575 -0.0575 -0.3775
-0.71 -0.71 -0.71 -0.5225 -0.5225 -0.5225 -0.5225 -0.5325 -0.5325 -0.1725 -0.1725 -0.37410303 -0.3825 -0.3825 -0.3825 -7.9421731e-16 -2.7755576e-17 -2.7755576e-17 -2.7755576e-17 -2.2405432e-14 -0.5775 -0.5775 -0.5775 -0.5775 -0.5775 -0.60999989 -0.61 -0.61 -0.61 -0.695 -0.695 -0.695 -0.3725 -0.3725 -0.3725 -0.2175 -0.2175 0.0175 0.0175 0.125 0.125 0.125 -0.075 -0.075 -0.075 -0.075 -0.050766536 0.22 0.22 0.22 -0.057499993 0.3075 0.3075
-0.71 -0.71 -0.7097389 -0.5225 -0.5225 -0.5225 -0.5225 -0.6676818 -0.675 -0.67413728 -0.17250001 -0.38250209 -0.3825 -0.3825 -0.38249868 -2.7755576e-17 -2.7755576e-17 -2.7755576e-17 -2.7755576e-17 1.4868841e-10 0.4774237 -0.5775 -0.5775 -0.5775 -0.57742122 -0.60997665 -0.61 -0.61 -0.61 -0.695 -0.695 -0.695 -0.69495476 -0.3725 -0.2175 -0.2175 -0.2175 -0.21749035 0.017507331 0.125 0.125 0.125 -0.074987858 -0.075 -0.075 -0.075 0.21999962 0.22 0.22 0.22 0.3075 0.3075 0.3075
-1.3275 -1.3274989 -0.52262703 -0.5225 -0.5225 -0.5225 -0.67496755 -0.675 -0.675 -0.675 -0.40750001 -0.4075 -0.4075 -0.4075 -0.0018807659 -2.7755576e-17 -2.7755576e-17 -2.7755576e-17 -2.5919941e-17 0.52249969 0.5225 0.5225 -0.19500006 -0.195 -0.195 -0.195 -0.23081984 -0.61 -0.85498997 -0.855 -0.855 -0.855 -0.855 -0.25 -0.25 -0.25 -0.25 -0.25 0.12 0.12 0.12 0.12 0.12 0.18460807 0.185 0.185 0.185 0.22 0.22 0.22 0.30748622 0.3075 0.3075
-1.3275 -1.3275 -1.3198599 -0.41500022 -0.41500002 -0.41525353 -0.675 -0.675 -0.675 -0.675 -0.4075 -0.4075 -0.4075 -0.4075 -0.4075 -4.0654208e-17 -2.7755576e-17 -2.750582e-17 0.52249987 0.5225 0.5225 0.5225 -0.195 -0.195 -0.195 -0.195 -0.195 -0.19508847 -0.8548465 -0.855 -0.855 -0.855 -0.85493834 -0.33503524 -0.25008805 -0.25 -0.25 -0.25 0.12 0.12 0.12 0.12 0.12 0.185 0.185 0.185 0.185 0.20136668 0.22 -0.14834404 -0.1525 -0.0375 -0.0375
-1.3275 -1.3275 -0.41511559 -0.415 -0.415 -0.415 -0.4810389 -0.675 -0.675 -0.675 -0.4075 -0.4075 -0.4075 -0.4075 -0.4075 -0.00030850992 3.2831982e-11 0.52234681 0.5225 0.5225 0.5225 0.5225 0.070802524 -0.195 -0.195 -0.195 -0.195 -0.19518581 -0.4575 -0.4575 -0.4575 -0.4575 -0.4575 -0.4 -0.4 -0.4 -0.4 -0.4 -0.0675 -0.0675 -0.0675 -0.0675 -0.067499998 0.184707 0.18499994 0.185 0.18497966 0.18250384 -0.1525 -0.1525 -0.1525 -0.037500644 -0.0375
-1.327498 -0.24894558 -0.41499997 -0.415 -0.415 -0.415 -0.415 -0.67488929 -0.675 -0.675 -0.4075 -0.4075 -0.4075 -0.4075 0.1351727 0.1475 0.1475 0.52249035 0.5225 0.5225 0.5225 0.5225 0.52249981 -0.195 -0.195 -0.195 -0.195 -0.18500026 -0.18500013 -0.24299462 -0.4575 -0.4575 -0.4575 -0.4 -0.4 -0.4 -0.4 -0.39989163 -0.0675 -0.0675 -0.0675 -0.0675 -0.067498659 0.065 0.065 0.065 0.065 0.064982459 -0.1525 -0.1525 -0.1525 -0.15249996 -0.081837266
-0.2275 -0.2275 -0.24992767 -0.415 -0.415 -0.415 -0.415 -0.415 -0.67488837 -0.36 -0.36 -0.36 -0.36011273 0.1474992 0.1475 0.1475 0.1475 0.1475 0.52249328 0.4650594 -0.0375 -0.0375 -0.0375 -0.081892644 -0.27503637 -0.70329584 -1.0640857 -0.185 -0.185 -0.185 -0.185 -0.185 -0.19625381 -0.24075759 -0.24 -0.24 -0.24 -0.24 -0.06421263 -0.050000031 -0.05 -0.05 -0.05 0.062500007 0.064999999 0.065 0.065 0.07 -0.15249644 -0.1525 -0.1525 -0.0825 -0.0825
