interpolatedSpi/05-09|22_3.tif
NCOLS 53
NROWS 52
XLLCORNER -116.03883
YLLCORNER 28.596182
DX 0.49850594
DY 0.49788537
NODATA_VALUE -9999
[rows 0 to 38 of 52, columns 0 to 52 of 53]
-0.348 -0.348 -0.78719999 -1.006 -0.65 -0.418 -0.394 -0.634 -1.0085889 -0.592 -0.784 0.236 -0.074000823 -0.084 -0.144 -0.144 -0.144 0.552 0.268 0.268 0.268 0.26799553 -0.196 0.128 0.128 0.128 0.083997328 0.084 0.084 -0.256 -0.256 -0.256 -0.256 0.45199986 0.452 0.452 0.452 0.452 0.452 0.45200001 0.8972052 0.90194707 0.694 0.694 0.694 0.694 0.694 0.694 0.694 0.694 0.58800022 0.588 0.588
-0.34803714 -1.184 -0.69399955 -0.50089864 -0.35396584 -0.406 -0.704 -0.0047655284 -0.288 -0.264 0.082 -0.074 -0.074 0.54389928 -0.08399292 -0.144 0.552 0.552 0.2683703 0.268 0.268 0.268 0.12652616 0.128 0.128 0.128 -0.24399997 -0.244 -0.256 -0.256 -0.256 -0.256 -0.256 0.4519999 0.452 0.452 0.452 0.452 0.45200002 0.60652688 1.4359144 0.78403532 0.694 0.694 0.694 0.694 0.694 0.694 0.694 0.694 0.68521038 0.588 0.588
-0.17400182 -0.174 -0.302 0.086 -0.218 -0.516 -0.14 0.206 -0.506 0.376 -0.044 0.198 -0.264 0.642 0.546 0.122 0.552 0.552 0.552 0.12204244 0.122 0.122 0.1 0.128 0.128 0.128 -0.244 -0.244 -0.244 -0.256 -0.256 -0.25599997 0.027063239 0.45245745 0.4546062 0.72943423 0.732 0.732 0.82054465 1.436 1.436 1.4350512 0.694 0.694 0.694 0.694 0.694 0.694 0.694 0.694 0.694 0.588 0.588
-0.37 -0.17399992 0.2119712 1.15 -0.174 0.306 0.376 -0.098 0.066 0.49239357 0.374 0.508 0.43 0.642 -0.508 0.122 -1.0033238 -1.0109042 -1.242 0.122 0.122 -0.584 0.1 0.1 0.128 0.12799814 -0.244 -0.244 -0.244 -0.28 0.055790769 0.332 0.332 0.33200032 0.732 0.732 0.732 0.732 1.436 1.436 1.436 1.436 0.694 0.694 0.694 0.694 0.694 0.694 0.694 0.694 0.694 0.58800405 0.588
-0.37 0.88399877 0.212 0.5263124 -0.174 -0.064 -0.021967697 1.122 0.18 1.2019995 0.7342559 0.51389114 -0.246 -0.508 -0.508 -0.10428477 -1.012 -1.012 -1.242 -1.242 0.12199857 -0.584 0.652 0.102 0.146 0.14624546 -0.244 -0.244 -0.28 -0.28 0.332 0.332 0.332 0.39234368 0.732 0.732 0.732 1.436 1.436 1.436 1.436 1.4359459 0.694 0.694 0.694 0.694 0.694 0.694 0.694 0.69400081 0.712 0.712 0.712
-2.134 0.038 -0.030000018 0.062 -0.242 0.032 -0.038 0.11051322 0.348 -0.434 -1.276 -0.274 -0.27399998 -0.206 -0.206 -0.57400048 -0.574 -0.616 -0.616 -1.2419993 -0.816 -0.816 0.102 0.146 0.146 1.196 0.7 0.7 0.98588435 -0.28 0.332 0.332 0.652 0.6521141 1.7439217 1.558 1.558 1.4737435 1.436 1.436 0.87669844 0.876 0.87600284 0.61541222 0.61400884 0.61400002 0.614 0.61400003 0.94021866 0.712 0.712 0.712 0.712
-1.5880045 -0.648 -0.094664393 -0.336 -0.39 -0.432 0.174 0.372 0.312 0.312 -1.276 -0.364 -1.0699998 -0.206 -0.57599889 -0.576 -0.574 -0.562 -0.418 -0.418 -0.76321833 -0.704 -0.704 0.95599999 1.196 1.196 0.7 0.7 0.9859697 0.98544208 1.2236563 0.652 0.652 1.744 1.744 1.6113747 1.558 1.558 1.8099913 0.8760013 0.876 0.876 0.87601609 0.61400394 0.614 0.614 0.614 0.61400022 0.988 0.7120547 0.712 0.712 0.712
-1.588 0.026 0.342 -1.018 -0.80801204 -0.502 -0.192 0.318 -0.25 0.272 0.272 -0.32 -1.07 -1.07 -0.5793893 -1.104239 -1.156 -0.246 -0.7099997 -0.418 0.20168512 0.282 -0.51 0.488 0.48799714 0.266 0.536 0.53600006 0.46782215 0.46600002 1.226 0.64507498 1.15 1.744 1.7364134 1.656 1.656 1.81 1.81 0.876 0.876 0.87600003 1.3197509 1.32 0.614 0.614 0.614 0.98798576 0.988 0.988 0.712 0.712 0.712
-0.15150718 0.026 0.486 -0.376 -0.352 -0.388 -0.012 0.394 0.648 0.15677843 -0.168 -0.278 -0.278 0.41 0.40999182 -1.1161115 -1.116 -1.116 -0.31683032 -0.40800005 -0.664 -0.66399999 0.412 -0.14665495 0.28837174 0.266 0.578 0.536 0.92572209 0.928 0.504 1.564 1.115748 0.954 1.478 1.492 1.81 1 2.1394736 0.88127618 2.058 1.334 1.3200391 1.32 1.3160262 0.614 1.6179999 0.98800001 0.988 0.988 0.988 0.68585344 0.324
-1.144 -1.144 0.524 -0.184 -0.518 -0.092 -0.322 -0.19 0.044 0.03198271 0.236 0.52 0.41 0.41 -0.46 -0.46899734 -1.116 -1.1158533 -0.458 -0.408 -0.408 -0.4409814 0.412 0.74399371 0.744 0.744 0.578 1.338 1.338 0.928 0.928 1.562312 0.674 0.954 1.172 1.492 1.81 1.89 2.14 0.56789869 1.334 1.4170187 1.56 1.32 1.32 1.618 1.618 1.618 0.988 0.988 0.502 0.502 0.50199993
-1.144 -1.144 -0.216 -0.432 -0.582 -0.41 -0.534 0.0043136704 0.32 -0.08 0.14 -0.414 0.51875641 -0.46 -0.46 -0.46001523 -0.592 -0.58496705 -0.458 -0.522 -0.522 -0.598 -0.598 0.744 0.744 0.744 1.338 1.338 1.338 -0.2 -0.2 -0.19999856 0.888 0.888 0.812 0.428 1.54 1.0640031 1.308 0.542 0.542 0.53600337 1.56 1.32 1.1739998 0.868 1.1858691 1.184 1.062 1.062 0.502 0.502 0.502
-1.144 -0.74330814 -0.3081749 -0.43999107 0.382 -0.41 -0.534 0.004 0.31999736 -0.075568485 -0.41399957 -0.414 -0.522 -0.46 -0.46 -0.592 -0.592 -0.59199237 -0.458 -0.522 -0.53692485 -0.598 -0.598 0.74394653 0.744 0.68943255 0.578 0.578 0.5780001 -0.2 -0.2 0.01 0.01 0.88799979 0.812 0.96799999 1.5226813 1.064 1.064 0.542 0.536 0.536 0.53600477 1.174 1.174 0.868 1.184 1.184 1.062 1.062 0.502 0.502 0.502
0.594 0.2034527 0.24197514 0.23706922 0.38199575 -0.4099813 -0.534 -0.0026224614 0.29822437 0.30955493 -0.522 -0.522 -0.522 -0.522 -0.46000878 -0.592 -0.592 -0.59026985 -0.458 -0.52185206 -0.012 -0.012 -0.012 -0.012 0.73107336 0.578 0.578 0.578 0.578 0.57743886 0.01 0.01 0.01 0.01 0.968 0.968 0.968 1.0598005 1.0590881 0.41 0.41 0.53599322 0.57402054 1.1739422 1.174 0.868 1.184 1.184 1.062 1.062 0.50403162 0.502 0.42946195
0.594 0.242 0.242 0.242 0.242 0.24199973 -0.53368248 -0.2793974 0.24012894 -0.52110315 -0.522 -0.522 -0.522 -0.522 -0.52199973 -0.592 -0.59199998 -0.58280851 -0.45800042 -0.012 -0.012 -0.012 -0.012 -0.012 -0.0041292317 0.32863471 0.19000008 0.19 0.19 0.19 0.0099999994 0.01 0.010000048 0.05 0.05 0.968 0.53051372 0.518 0.41000006 0.41 0.41 0.41 0.574 0.574 0.574 0.57604597 1.0488192 1.048 1.048 1.048 1.048 0.86199993 0.862
1.008 0.242 0.242 0.242 0.242 0.242 0.24199995 -0.27714257 -0.15200099 -0.154 -0.154 -0.154 -0.154 -0.154 -0.154 0.38480362 -0.576309 -0.57365068 -0.012056122 -0.012 -0.012 -0.012 -0.012 -0.011999574 0.352 0.352 0.35199977 0.19 0.19 0.18955946 -0.03 -0.03 0.05 0.05 0.05 0.44303141 0.518 0.518 0.518 0.41 0.41 0.41 0.574 0.574 0.574 0.574 1.048 1.048 1.048 1.048 1.048 0.862 0.862
1.008 0.7228269 0.242 0.242 0.242 0.242 0.046038468 0.046 0.045999995 -0.154 -0.154 -0.154 -0.154 -0.154 -0.032666152 0.396 0.396 0.396 0.35288564 0.35399963 0.354 0.354 0.354 0.354 0.352 0.352 0.352 0.352 0.19 -0.03 -0.03 -0.03 0.049999993 0.05 0.05 0.336 0.51775903 0.518 0.518 0.40992845 0.2669964 -0.066571363 0.574 0.574 -0.068012578 -0.07 -0.07 1.0454566 -0.49259743 -0.49799987 -0.49799971 -0.18784115 0.86199787
1.008 0.40659786 0.31689481 0.242 0.242 0.046115806 0.046 0.046 0.046 0.044558743 -0.154 -0.154 -0.154 -0.15399993 0.396 0.396 0.396 0.396 0.35403752 0.354 0.354 0.354 0.354 0.354 0.352 0.352 0.352 0.352 0.35061053 -0.03 -0.03 -0.03 0.32199999 0.050035658 0.336 0.336 0.336 0.33407885 -0.030895588 -0.068 -0.068 -0.068 -0.35 -0.35 -0.07 -0.07 -0.07 -0.49799999 -0.498 -0.498 -0.498 -0.188 -0.188
0.39044981 0.39 0.39 0.38999999 -0.216 0.045993242 0.046 0.046 0.046 0.046 -0.05860761 -0.15398358 -0.15399996 0.396 0.396 0.396 0.396 0.396 0.3731376 0.354 0.354 0.354 0.354 0.354 0.055722476 -0.4239958 -0.424 -0.424 -0.424 -0.029999982 0.32199999 0.322 0.322 0.322 0.336 0.33599537 0.16 0.16 -0.06515308 -0.068 -0.068 -0.068 -0.35 -0.35 -0.11335364 -0.07 -0.07 -0.498 -0.498 -0.498 -0.49467599 -0.188 -0.188
0.39 0.39 0.39 0.10462556 -0.216 -0.216 0.046 0.046 0.046 0.046 1.106 1.106 1.106 0.396 0.396 0.396 0.396 0.39595902 0.086 0.086 0.35399989 0.354 0.34581981 0.018 0.014020866 -0.424 -0.424 -0.424 -0.424 0.32192404 0.322 0.322 0.322 0.322 0.16000062 0.16 0.16 0.16 0.15919166 -0.068 -0.068 -0.068 -0.35 -0.35 -0.35 -0.07 -0.07 -0.49799998 -0.498 -0.498 -0.188 -0.188 -0.188
0.39 0.39 0.39 -0.216 -0.216 -0.216 -0.2159996 0.046 0.046 1.1049058 1.106 1.106 1.106 1.1055576 0.19526324 0.148 0.148 0.148 0.086 0.086 0.086 0.018 0.018 0.018 0.017906437 -0.36735137 -0.424 -0.424 -0.424 0.042936755 3.1669964e-05 4.3928802e-15 3.5300692e-18 7.510227e-11 0.11328359 0.048000254 0.048 0.048 0.048 -0.66591818 -0.666 -0.666 -0.35 -0.35 -0.43999962 -0.43999978 0.19 0.19 -0.1 -0.1 -0.1 -0.188 0.26359586
0.3899993 0.39 0.38999998 -0.216 -0.216 -0.216 -0.216 -0.33599989 0.044472615 1.1051658 1.106 1.106 1.106 1.1041201 0.148 0.148 0.148 0.14799998 0.086 0.086 0.086 0.018 0.018 0.018 -0.316 -0.316 -0.364 -0.364 -0.364 -0.36201427 -5.965271e-21 -1.6239068e-62 -2.7734173e-60 -3.4068589e-24 0.023986683 0.048 0.048 0.048 0.048 -0.666 -0.666 -0.666 -0.65888918 -0.44 -0.44 -0.44 0.19 0.19 -0.1 -0.1 -0.1 0.26399999 0.264
0.166 0.25592592 -0.108 -0.10803133 -0.216 -0.33530568 -0.336 -0.336 -0.28935954 0.18599999 0.186 0.186 0.186 0.13600163 0.136 0.14799999 0.148 0.14636639 0.086 0.086 0.086 -0.43 -0.43 -0.43 -0.316 -0.316 -0.364 -0.364 -0.364 -0.36400008 -0.471997 -0.47199867 -0.011863011 -0.00050601664 -0.80108094 -0.802 -0.802 -0.802 -0.802 -0.666 -0.666 -0.666 -0.45244442 -0.44 -0.44 -0.43999999 0.19 0.19 0.18998956 -0.1 -0.099992845 0.06 0.264
-0.20193012 -0.20199998 -0.108 -0.108 -0.108 -0.336 -0.336 -0.336 -0.208 -0.208 0.186 0.186 0.186 0.136 0.136 0.136 0.136 0.1359945 0.086 0.086 0.08599998 -0.43 -0.43 -0.43 -0.316 -0.316 -0.364 -0.364 -0.364 -0.47078229 -0.472 -0.472 -0.472 -0.472 -0.80183716 -0.802 -0.802 -0.802 -0.802 -0.89199994 -0.892 -0.892 -0.892 -0.43999937 -0.358 -0.358 -0.358 0.134 0.134 0.134 0.06 0.06 0.06
-0.202 -0.202 -0.108 -0.108 -0.108 -0.33480159 -0.336 -0.208 -0.208 -0.208 0.1859515 0.186 -0.015012682 0.13599996 0.136 0.136 0.136 -0.15 -0.15 -0.15 -0.90999999 -0.90999964 -0.43000234 -0.43 -0.43026205 -0.926 -0.926 -0.92599866 -0.36409082 -0.97789916 -0.97799731 -0.97791166 -0.47286481 -0.47243667 -0.74355407 -0.80200019 -0.8036421 -1.292 -1.292 -0.892 -0.892 -0.892 -0.892 -0.358 -0.358 -0.358 -0.358 0.134 0.134 0.134 0.06 0.06 0.06
-0.202 -0.202 -0.108 -0.108 -0.108 -0.108 -0.28809334 -0.208 -0.208 -0.208 -0.20791825 -0.06 -0.06 -0.06 0.13484493 0.136 -0.14809417 -0.15 -0.15 -0.15 -0.91 -0.91 -0.91 -0.91 -0.926 -0.926 -0.926 -0.926 -0.926 -0.978 -0.978 -0.978 -0.978 -0.97799957 -0.776 -1.292 -1.292 -1.292 -1.292 -1.2919979 -0.698 -0.698 -0.698 -0.59842308 -0.392 -0.392 -0.392 0.13399998 0.13399964 -0.236 -0.236 0.20396497 0.204
-0.202 -0.202 -0.1419274 -0.108 -0.108 -0.108 -0.29384739 -0.20827102 -0.208 -0.208 -0.05999999 -0.06 -0.06 -0.06 -0.06 -0.043947899 -0.15 -0.15 -0.15 -0.15 -0.90999412 -0.91 -0.91 -0.91 -0.926 -0.926 -0.926 -0.926 -0.926 -1.2085544 -0.978 -0.978 -0.978 -0.776 -0.776 -0.77640069 -1.292 -1.292 -1.0229919 -0.81400004 -0.698 -0.698 -0.698 -0.60148774 -0.392 -0.392 -0.392 -1.062 -0.24629188 -0.236 -0.236 0.204 0.204
-0.408 -0.408 -0.408 -0.18321825 -0.10841817 -0.294 -0.294 -0.294 -0.294 -0.012000002 -0.012 -0.059999997 -0.06 -0.06 -0.06 -0.060005721 -0.15 -0.15 -0.15 -0.15 -0.57836065 -0.91 -0.91 -0.90178249 -0.61069453 -0.926 -0.926 -0.926 -1.29 -1.29 -1.29 -1.2899987 -0.776 -0.776 -0.776 -0.776 -0.814 -0.814 -0.814 -0.814 -0.716 -0.716 -0.716 -0.8999963 -0.9 -0.9 -0.89999984 -1.062 -1.062 -0.23700644 -0.236 0.20399754 0.204
-0.408 -0.408 -0.408 -0.40799925 -0.394 -0.37945836 -0.294 -0.294 -0.294 -0.012 -0.012 -0.012 -0.49399998 -0.494 -0.494 -0.49399998 -0.14958967 -0.15 -0.15 -0.15 -0.16150716 -0.59600086 -0.596 -0.596 -0.596 -0.59600001 -0.82 -0.82 -1.29 -1.29 -1.29 -1.29 -0.77599999 -0.776 -0.776 -0.7759987 -0.81399999 -0.814 -0.814 -0.81210489 -0.716 -0.716 -0.716 -0.89999147 -0.9 -0.9 -0.9 -1.062 -1.062 -1.0619999 -0.284 -0.284 -0.39
-0.408 -0.408 -0.408 -0.39400003 -0.394 -0.394 -0.29400004 -0.294 -0.294 -0.012 -0.012 -0.012 -0.494 -0.494 -0.494 -0.45074138 0.074 0.074 0.073999421 -0.14873479 -0.596 -0.596 -0.596 -0.596 -0.596 -0.59616857 -0.82 -0.82 -0.82 -1.29 -1.29 -1.2898494 -0.76 -0.76 -0.76 -0.27 -0.27 -0.382 -0.382 -0.382 0.068 -0.71575408 -0.71599731 -0.356 -0.356 -0.37661698 -0.89999884 -1.062 -1.062 -0.284 -0.284 -0.284 -0.39
-0.408 -0.408 -0.408 -0.394 -0.394 -0.394 -0.394 -0.294 -0.294 -0.012 -0.012 -0.47472695 -0.494 -0.494 -0.494 0.074 0.074 0.074 0.074 0.074 -0.596 -0.596 -0.596 -0.596 -0.596 -0.81999924 -0.82 -0.82 -0.82 -1.056 -1.056 -1.056 -0.76 -0.76 -0.76 -0.27 -0.27 -0.382 -0.382 0.068 0.068 0.068 -0.356 -0.356 -0.356 -0.356 -0.31739075 0.114 0.114 0.114 -0.28399999 0.458 0.458
-0.408 -0.408 -0.4079805 -0.394 -0.394 -0.394 -0.394 -0.61296271 -0.624 -0.62294928 -0.012000015 -0.49399062 -0.494 -0.494 -0.49399804 0.074 0.074 0.074 0.074 0.074 0.73703582 -0.596 -0.596 -0.596 -0.59585747 -0.81994846 -0.82 -0.82 -0.82 -1.056 -1.056 -1.056 -1.0559598 -0.76 -0.27 -0.27 -0.27 -0.27000455 -0.38196931 0.068 0.068 0.068 -0.35597426 -0.356 -0.356 -0.356 0.11399992 0.114 0.114 0.114 0.458 0.458 0.458
-0.39 -0.39000003 -0.39400722 -0.394 -0.394 -0.394 -0.62395106 -0.624 -0.624 -0.624 -0.38200001 -0.382 -0.382 -0.382 0.071895366 0.074 0.074 0.074 0.074 0.79399957 0.794 0.794 0.095999885 0.096 0.096 0.096 0.016937418 -0.82 -1.3619778 -1.362 -1.362 -1.362 -1.362 -0.184 -0.184 -0.184 -0.184 -0.184 0.188 0.188 0.188 0.188 0.188 0.10929754 0.11 0.11 0.11 0.114 0.114 0.114 0.45794581 0.458 0.458
-0.39 -0.39 -0.38887809 -0.25600028 -0.25600003 -0.25635883 -0.624 -0.624 -0.624 -0.624 -0.382 -0.382 -0.382 -0.382 -0.382 0.074 0.074 0.074 0.79399982 0.794 0.794 0.794 0.096000002 0.096 0.096 0.096 0.096 0.095804722 -1.3618386 -1.362 -1.362 -1.362 -1.3619352 -0.38808458 -0.18421132 -0.184 -0.184 -0.18400001 0.188 0.188 0.188 0.188 0.188 0.11 0.11 0.11 0.11 0.11187048 0.114 0.064557847 0.064 -0.154 -0.154
-0.39 -0.39 -0.25601697 -0.256 -0.256 -0.256 -0.34947045 -0.624 -0.624 -0.624 -0.382 -0.382 -0.382 -0.382 -0.382 0.073659629 0.074 0.7937889 0.794 0.794 0.794 0.794 0.35457862 0.096 0.096 0.096 0.096 0.095263573 -0.944 -0.944 -0.944 -0.944 -0.944 -0.544 -0.544 -0.544 -0.544 -0.544 -0.252 -0.252 -0.252 -0.252 -0.252 0.1100879 0.11000002 0.11 0.1100061 0.11072764 0.064 0.064 0.064 -0.15399878 -0.154
-0.38999935 -0.042901577 -0.25599997 -0.256 -0.256 -0.256 -0.256 -0.62384331 -0.624 -0.624 -0.382 -0.382 -0.382 -0.382 0.74832367 0.774 0.774 0.79399949 0.794 0.794 0.794 0.794 0.79399986 0.096 0.096 0.096 0.096 -0.6040003 -0.60400016 -0.67636026 -0.944 -0.944 -0.944 -0.544 -0.544 -0.544 -0.544 -0.54384287 -0.252 -0.252 -0.252 -0.252 -0.25199847 0.146 0.146 0.146 0.146 0.14599339 0.064 0.064 0.064 0.063999836 -0.20326363
-0.036 -0.036 -0.044062669 -0.256 -0.256 -0.256 -0.256 -0.256 -0.62384056 0.41799998 0.418 0.418 0.41610144 0.77399834 0.774 0.774 0.774 0.774 0.79399566 0.75686876 0.432 0.432 0.432 0.34307658 0.032291046 -0.30860349 -0.59619668 -0.604 -0.604 -0.604 -0.604 -0.604 -0.61392524 -0.31303257 -0.312 -0.312 -0.312 -0.312 -0.24824293 -0.23200004 -0.232 -0.232 -0.232 -0.043999443 0.14599995 0.146 0.146 0.194 0.064002082 0.064 0.064 -0.204 -0.204
-0.036 -0.036 0.184 0.184 0.184 -0.25585343 -0.256 -0.256 0.418 0.418 0.418 0.418 0.418 0.77399998 0.774 0.774 0.774 0.774 0.432 0.432 0.432 0.432 0.432 -0.69999994 -0.7 -0.7 -0.7 -0.604 -0.604 -0.604 -0.604 -0.604 -0.404 -0.404 -0.312 -0.312 -0.312 -0.21601635 -0.216 -0.232 -0.232 -0.232 -0.23199995 -0.044 -0.044 -0.044 0.194 0.194 0.194 0.376 0.376 -0.204 -0.204
-0.036 -0.036 0.184 0.184 0.184 0.184 0.18399873 -0.048 0.41756125 0.418 0.418 0.418 0.418 0.76955922 0.774 0.774 0.774 0.774 0.43200001 0.432 0.432 0.432 0.432 -0.7 -0.7 -0.7 -0.7 -0.69999963 -0.604 -0.604 -0.604 -0.40401049 -0.404 -0.404 -0.404 -0.312 -0.216 -0.216 -0.216 -0.21642099 0.024274575 0.072 0.072 -0.044 -0.044 -0.044 0.194 0.194 0.194 0.376 0.376 0.376 -0.3090631
-0.226 -0.22599851 0.184 0.184 0.184 0.184 -0.048 -0.048 -0.048 0.418 0.418 0.418 0.418 0.41811067 0.774 0.774 0.774 0.774 0.43200598 0.432 0.432 0.432 -0.5005789 -0.7 -0.7 -0.7 -0.7 -0.91199983 -0.912 -0.912 -0.60729819 -0.404 -0.404 -0.404 -0.40400002 -0.426 -0.216 -0.216 -0.216 -0.216 0.072 0.072 0.072 -0.012 -0.012 -0.012 -0.1879628 0.194 0.194 0.376 0.376 0.376 -0.31999941
