interpolatedSpi/05-06|21_1.tif
NCOLS 53
NROWS 52
XLLCORNER -116.03883
YLLCORNER 28.596182
DX 0.49850594
DY 0.49788537
NODATA_VALUE -9999
[rows 0 to 29 of 52, columns 0 to 52 of 53]
-0.51666667 -0.51666667 -0.43672365 -0.66333333 -0.48666667 -0.81333333 -0.67 -0.48 -0.33682469 -0.30333333 -0.47 -0.25333333 -0.56000851 -0.66333333 -0.69333333 -0.69333333 -0.69333333 0.03 -0.27 -0.27 -0.27 -0.2699983 -0.093333336 -0.31333333 -0.31333333 -0.31333333 0.25666005 0.25666667 0.25666667 -0.37333333 -0.37333333 -0.37333333 -0.37333333 -0.48333331 -0.48333333 -0.48333333 -0.48333333 -0.48333333 -0.48333333 -0.48333331 0.23229092 0.23980713 -0.51666667 -0.51666667 -0.51666667 -0.51666667 -0.51602422 -0.12333333 -0.12333333 -0.12333333 0.58333187 0.58333333 0.58333333
-0.51667763 -0.76333333 -0.65999948 -0.60012361 -0.89317354 -0.31666667 -0.25666667 -0.15698245 -0.33 -0.58333333 -0.39666667 -0.56 -0.56 -0.62678893 -0.66333316 -0.69333333 0.03 0.03 -0.26960884 -0.27 -0.27 -0.27 -0.32789626 -0.31333333 -0.31333333 -0.31333333 -0.13666668 -0.13666667 -0.37333333 -0.37333333 -0.37333333 -0.37333333 -0.37333333 -0.48333332 -0.48333333 -0.48333333 -0.48333333 -0.48333333 -0.48333341 -0.59889641 -1.1299976 -0.59109003 -0.51666667 -0.51666667 -0.51666667 -0.51666667 -0.51666667 -0.12333333 -0.12333333 -0.12333333 -0.064735857 0.58333333 0.58333333
-0.68998783 -0.69 -0.21 -0.37666667 -0.44333333 -0.22666667 0.0033333333 -0.17 -0.44333333 -0.36 -0.46 -0.60333333 -0.5 -1.0166667 -0.62666667 -0.49666667 0.03 0.03 0.03 -0.33331492 -0.33333333 -0.33333333 -0.59 -0.31333333 -0.31333333 -0.31333333 -0.13666667 -0.13666667 -0.13666667 -0.37333333 -0.37333333 -0.37333332 -0.19200598 -0.4850209 -0.49310659 -1.5237117 -1.5333333 -1.5333333 -1.4826046 -1.13 -1.13 -1.1292157 -0.51666667 -0.51666667 -0.51666667 -0.51666667 -0.51666667 -0.12333333 -0.12333333 -0.12333333 -0.12333333 0.58333333 0.58333333
0.28 -0.68999995 -0.42002247 -0.023333333 -0.20333333 -0.33666667 -0.023333333 0.023333333 -0.24666667 -0.66933214 -0.57333333 -0.66333333 -0.73 -1.0166667 -0.64333333 -0.49666667 -0.96968638 -0.97263034 -0.78333333 -0.33333333 -0.33333333 -0.84 -0.59 -0.59 -0.31333333 -0.31333245 -0.13666667 -0.13666667 -0.13666667 -0.51 -0.22834543 0.0033333333 0.0033333333 0.0033321273 -1.5333333 -1.5333333 -1.5333333 -1.5333333 -1.13 -1.13 -1.13 -1.13 -0.51666667 -0.51666667 -0.51666667 -0.51666667 -0.51666667 -0.1233383 -0.12333333 -0.12333333 -0.12333333 0.58330459 0.58333333
0.28 0.69666462 -0.42 -0.69568033 -0.20333333 -0.27666667 -0.33999806 0.083333333 -0.046666667 -0.36333327 -0.40005859 -0.42001671 -0.53666667 -0.64333333 -0.64333333 -0.55268799 -0.97333333 -0.97333333 -0.78333333 -0.78333333 -0.33333435 -0.84 -0.51 -0.4 -0.13333333 -0.13329825 -0.13666667 -0.13666667 -0.51 -0.51 0.0033333333 0.0033333333 0.0033333333 -0.05952439 -1.5333333 -1.5333333 -1.5333333 -1.13 -1.13 -1.13 -1.13 -1.1299196 -0.51666666 -0.51666667 -0.51666667 -0.51666667 -0.51666667 -0.51316551 -0.12333333 -0.12334111 -0.29666667 -0.29666667 -0.29666667
-0.88 -0.046666667 -0.62666666 -0.53333333 -0.88 -0.65666667 -0.54666667 -0.46600862 -0.30666667 0.16666667 -0.16333333 0.11 0.10999957 -0.79666667 -0.79666667 -1.1066739 -1.1066667 -0.84666667 -0.84666667 -0.78333301 -0.84333333 -0.84333333 -0.4 -0.13333333 -0.13333333 0.016666667 -0.06 -0.06 -0.26335564 -0.51 0.0033333333 0.0033333333 -0.33 -0.32999199 -0.25333902 -0.96333333 -0.96333333 -1.0784379 -1.13 -1.13 -0.29770601 -0.29666667 -0.29666631 -0.60180343 -0.60332375 -0.60333331 -0.60333333 -0.6033333 -0.36375404 -0.29666667 -0.29666667 -0.29666667 -0.29666667
0.043342264 -0.12333333 0.15622377 -0.65 -1.1633333 -1.01 -0.87 -0.43666667 -0.19333333 -0.19333333 -0.16333333 -0.57 -0.82666664 -0.79666667 -1.1366656 -1.1366667 -1.1066667 -0.77666667 -0.41333333 -0.41333333 -0.753793 -0.65333333 -0.65333333 0.0066666647 0.016666667 0.016666667 -0.06 -0.06 -0.26332945 -0.26326181 -0.23322046 -0.33 -0.33 -0.25333333 -0.25333333 -0.90886933 -0.96333333 -0.96333333 -0.8066721 -0.29666738 -0.29666667 -0.29666667 -0.29666505 -0.60333242 -0.60333333 -0.60333333 -0.60333333 -0.6033332 -0.38333333 -0.29668384 -0.29666667 -0.29666667 -0.29666667
0.043333333 0.18666667 0.04 -0.96333333 -1.2799818 -0.82 -0.67666667 -0.76999999 -1.01 -0.68666667 -0.68666667 -0.73 -0.82666667 -0.82666667 -1.1345398 -1.1761328 -1.18 -0.67 -0.72333302 -0.41333333 0.21289482 0.23666667 -0.086666667 0.22666667 0.22666847 0.36666667 0.10666667 0.10666661 -0.19690028 -0.19666667 -0.23333333 -0.89099026 -0.99 -0.25333333 -0.25590024 -0.86333333 -0.86333333 -0.80666667 -0.80666667 -0.29666667 -0.29666667 -0.29666666 -0.44024971 -0.44000001 -0.60333333 -0.60333333 -0.60333333 -0.38334171 -0.38333333 -0.38333333 -0.29666667 -0.29666667 -0.29666667
0.079454352 0.18666666 0.49333333 -0.20333333 -0.49333333 -0.98333333 -0.88333333 -1.0233333 -1.0166667 -0.84388852 -0.48 -0.30333334 -0.30333333 -0.76666667 -0.7666688 -0.99385359 -0.99333333 -0.99333333 -0.67814141 -0.51333323 -0.043333333 -0.04333333 -0.073333333 -0.081412217 0.35255836 0.36666667 0.21333333 0.10666667 -0.21810174 -0.22 -0.86333333 -0.23 -0.29547774 -0.57666667 -0.34333333 -0.35666667 -0.41333333 -0.66666667 -0.52339952 -0.29596734 -0.14 -0.50333333 -0.43996311 -0.44 -0.44091933 -0.60333333 -0.0066666983 -0.38333333 -0.38333333 -0.38333333 -0.38333333 -0.28421592 0.25333333
-0.52 -0.52 0.80333333 0.01 -0.37 -0.76333333 -0.98333333 -1.02 -1.1366667 -0.80005187 -0.78333333 -0.12666667 -0.76666667 -0.76666667 -0.99333333 -0.99333333 -0.99333333 -0.99329221 -0.80666667 -0.51333333 -0.51333333 -0.45278156 -0.073333333 0.029998043 0.03 0.03 0.21333333 0.72 0.72 -0.22 -0.22 -0.23024656 -0.36 -0.57666667 -0.12 -0.35666667 -0.41333333 -0.43 -0.52333333 -0.26754716 -0.50333332 -0.39680491 -0.21333333 -0.44 -0.44 -0.0066666667 -0.0066666667 -0.0066666667 -0.38333333 -0.38333333 -0.19666667 -0.19666667 -0.1966665
-0.52 -0.52 0.23 -0.42333333 -0.62 -0.33666667 -0.89333333 -1.1498684 -1.1866667 -0.9 -0.86333333 -0.71 -0.1274442 -0.99333333 -0.99333333 -0.99331872 -0.86666667 -0.86351759 -0.80666667 -0.82333333 -0.82333333 -0.42666667 -0.42666667 0.03 0.03 0.03 0.72 0.72 0.72 -0.59333333 -0.59333333 -0.59333295 -0.31 -0.31 -0.46666667 -1.04 -0.58 -1.266658 -0.66333333 -0.26333333 -0.26333333 -0.21666666 -0.21333333 -0.44 -0.64333317 -0.47 0.02320413 0.023333333 -0.46666667 -0.46666667 -0.19666667 -0.19666667 -0.19666667
-0.52 -0.1963119 -0.048800636 -0.62999028 0.10333333 -0.68666667 -0.89333333 -1.15 -1.1866664 -0.90317592 -0.71000025 -0.71 -0.74333333 -0.99333333 -0.99333333 -0.86666667 -0.86666667 -0.86666325 -0.80666667 -0.82333333 -0.74543607 -0.42666667 -0.42666667 0.029981183 0.03 -0.012733543 -0.1 -0.1 -0.099999897 -0.59333333 -0.59333333 -0.76666667 -0.76666667 -0.31000043 -0.46666667 -0.60333349 -0.52601422 -1.2666667 -1.2666667 -0.26333333 -0.21666667 -0.21666667 -0.21666975 -0.64333333 -0.64333333 -0.47 0.023333333 0.023333333 -0.46666667 -0.46666667 -0.19666667 -0.19666667 -0.19666667
-1.5633333 -0.66344387 -0.72998788 -0.72926368 0.10332919 -0.68664801 -0.89333333 -1.1468406 -1.18414 -1.179181 -0.74333333 -0.74333333 -0.74333333 -0.74333333 -0.99329792 -0.86666667 -0.86666667 -0.86589197 -0.80666667 -0.82334961 -0.88 -0.88 -0.88 -0.88 0.014499219 -0.1 -0.1 -0.1 -0.1 -0.10040763 -0.76666667 -0.76666667 -0.76666667 -0.76666667 -0.60333333 -0.60333333 -0.60333333 -1.233489 -1.2636374 -0.86333333 -0.86333333 -0.21670145 -0.79999464 -0.64334842 -0.64333333 -0.47 0.023333333 0.023333333 -0.46666667 -0.46666667 -0.1976462 -0.19666667 0.25182871
-1.5633333 -0.73 -0.73 -0.73 -0.73 -0.72999998 -0.89280419 -1.0147832 -1.1773989 -0.74380365 -0.74333333 -0.74333333 -0.74333333 -0.74333333 -0.74333344 -0.86666667 -0.86666666 -0.86255108 -0.80666774 -0.88 -0.88 -0.88 -0.88 -0.88 -0.87545745 -0.40881801 -0.53333324 -0.53333333 -0.53333333 -0.53333333 -0.76666666 -0.76666667 -0.76666641 -0.55 -0.55 -0.60333333 -0.54500183 -0.54333333 -0.86333315 -0.86333333 -0.86333333 -0.86333333 -0.8 -0.8 -0.8 -0.7977035 -0.57286532 -0.57666667 -0.57666667 -0.57666667 -0.57666666 -0.19333333 -0.19333333
-2.01 -0.73 -0.73 -0.73 -0.73 -0.73 -0.73000001 -0.99931515 -0.88496934 -0.88333333 -0.88333333 -0.88333333 -0.88333333 -0.88333333 -0.88333333 -1.5691487 -0.87803448 -0.8584508 -0.8799908 -0.88 -0.88 -0.88 -0.88 -0.88000016 -0.67 -0.67 -0.66999981 -0.53333333 -0.53333333 -0.53325991 -0.49666667 -0.49666667 -0.55 -0.55 -0.55 -0.54440128 -0.54333333 -0.54333333 -0.54333333 -0.86333333 -0.86333333 -0.86333333 -0.8 -0.8 -0.8 -0.8 -0.57666667 -0.57666667 -0.57666667 -0.57666667 -0.57666667 -0.19333333 -0.19333333
-2.01 -1.5334705 -0.73 -0.73 -0.73 -0.73 -1.1132581 -1.1133333 -1.1133333 -0.88333333 -0.88333333 -0.88333333 -0.88333333 -0.88333333 -1.0377582 -1.5833333 -1.5833333 -1.5833333 -1.0162514 -1.0166665 -1.0166667 -1.0166667 -1.0166667 -1.0166667 -0.67 -0.67 -0.67 -0.67 -0.53333333 -0.49666667 -0.49666667 -0.49666667 -0.55 -0.55 -0.55 -0.59333333 -0.54339953 -0.54333333 -0.54333333 -0.86330524 -0.80748814 -0.67722457 -0.8 -0.8 -0.83987656 -0.84 -0.84 -0.57654765 -0.5035896 -0.50333334 -0.50333335 0.12328525 -0.19333269
-2.01 -1.5753296 -1.151705 -0.73 -0.73 -1.1131068 -1.1133333 -1.1133333 -1.1133333 -1.1116759 -0.88333333 -0.88333333 -0.88333333 -0.88333342 -1.5833333 -1.5833333 -1.5833333 -1.5833333 -1.0171729 -1.0166667 -1.0166667 -1.0166667 -1.0166667 -1.0166667 -0.67000001 -0.67 -0.67 -0.67 -0.66936953 -0.49666667 -0.49666667 -0.49666667 -0.85333332 -0.55001173 -0.59333333 -0.59333333 -0.59333333 -0.59512507 -0.66822845 -0.67666667 -0.67666667 -0.67666667 -1.2 -1.2 -0.84 -0.84 -0.84 -0.50333334 -0.50333333 -0.50333333 -0.50333333 0.12333333 0.12333333
-1.5636242 -1.5633333 -1.5633333 -1.5633333 -1.21 -1.1133358 -1.1133333 -1.1133333 -1.1133333 -1.1133333 -0.91513086 -0.88333881 -0.88333335 -1.5833333 -1.5833333 -1.5833333 -1.5833333 -1.5833333 -1.4970344 -1.0166667 -1.0166667 -1.0166667 -1.0166667 -1.0166667 -0.82483989 -0.7799994 -0.78 -0.78 -0.78 -0.49666668 -0.85333333 -0.85333333 -0.85333333 -0.85333333 -0.59333333 -0.59333763 -0.75666667 -0.75666667 -0.67766559 -0.67666667 -0.67666667 -0.67666667 -1.2 -1.2 -0.8957404 -0.84 -0.84 -0.50333333 -0.50333333 -0.50333333 -0.49661384 0.12333333 0.12333333
-1.5633333 -1.5633333 -1.5633333 -1.3969434 -1.21 -1.21 -1.1133333 -1.1133333 -1.1133333 -1.1133333 -1.3033333 -1.3033333 -1.3033333 -1.5833333 -1.5833333 -1.5833333 -1.5833333 -1.5831659 -0.92 -0.92 -1.0166666 -1.0166667 -1.0178028 -1.0633333 -1.0607826 -0.78 -0.78 -0.78 -0.78 -0.85332587 -0.85333333 -0.85333333 -0.85333333 -0.85333333 -0.75666609 -0.75666667 -0.75666667 -0.75666667 -0.75640312 -0.67666667 -0.67666667 -0.67666667 -1.2 -1.2 -1.2 -0.84 -0.84 -0.50333334 -0.50333333 -0.50333333 0.12333333 0.12333333 0.12333333
-1.5633333 -1.5633333 -1.5633333 -1.21 -1.21 -1.21 -1.2099999 -1.1133333 -1.1133333 -1.3031372 -1.3033333 -1.3033333 -1.3033333 -1.3035078 -0.76311862 -0.57 -0.57 -0.57 -0.92 -0.92 -0.92 -1.0633333 -1.0633333 -1.0633333 -1.0630681 -0.43206554 -0.78 -0.78 -0.78 -1.0251014 -1.0666457 -1.0666667 -1.0666667 -1.0666667 -0.88579604 -1.066666 -1.0666667 -1.0666667 -1.0666667 -1.1066078 -1.1066667 -1.1066667 -1.2 -1.2 -1.0766672 -1.0766665 -0.73 -0.73 -0.39666667 -0.39666667 -0.39666667 0.12333333 -0.083148548
-1.5633305 -1.5633333 -1.5633333 -1.21 -1.21 -1.21 -1.21 -1.0766667 -1.1131867 -1.3031973 -1.3033333 -1.3033333 -1.3033333 -1.3018943 -0.57 -0.57 -0.57 -0.5700001 -0.92 -0.92 -0.92 -1.0633333 -1.0633333 -1.0633333 -0.11666667 -0.11666667 -0.63666666 -0.63666667 -0.63666667 -0.63901245 -1.0666667 -1.0666667 -1.0666667 -1.0666667 -1.0666667 -1.0666667 -1.0666667 -1.0666667 -1.0666667 -1.1066667 -1.1066667 -1.1066667 -1.1057228 -1.0766667 -1.0766667 -1.0766667 -0.73 -0.73 -0.39666667 -0.39666667 -0.39666667 -0.083333344 -0.083333333
-0.64 -1.0863054 -1.83 -1.8298201 -1.21 -1.0774381 -1.0766667 -1.0766667 -1.1556154 -1.1533333 -1.1533333 -1.1533333 -1.1533333 -0.15003266 -0.15 -0.56999968 -0.57 -0.57922199 -0.92 -0.92 -0.92 -0.60333333 -0.60333333 -0.60333333 -0.11666667 -0.11666667 -0.63666667 -0.63666667 -0.63666667 -0.63666683 -0.86666794 -0.86666723 -1.06164 -1.0664523 -1.343015 -1.3433333 -1.3433333 -1.3433333 -1.3433333 -1.1066667 -1.1066667 -1.1066667 -1.0783186 -1.0766667 -1.0766667 -1.0766667 -0.73 -0.73 -0.729988 -0.39666667 -0.39669543 -1.04 -0.083333333
-1.0432567 -1.0433335 -1.83 -1.83 -1.83 -1.0766667 -1.0766667 -1.0766667 -1.2933333 -1.2933333 -1.1533333 -1.1533333 -1.1533333 -0.15 -0.15 -0.15 -0.15 -0.15008705 -0.92 -0.92 -0.91999999 -0.60333333 -0.60333333 -0.60333333 -0.11666667 -0.11666667 -0.63666667 -0.63666667 -0.63666667 -0.8640734 -0.86666667 -0.86666667 -0.86666667 -0.86666667 -1.3430981 -1.3433333 -1.3433333 -1.3433333 -1.3433333 -1.1 -1.1 -1.1 -1.1 -1.0766673 -1.1633333 -1.1633333 -1.1633333 -1.4133333 -1.4133333 -1.4133333 -1.04 -1.04 -1.04
-1.0433333 -1.0433333 -1.83 -1.83 -1.83 -1.0806263 -1.0766667 -1.2933333 -1.2933333 -1.2933333 -1.1533506 -1.1533333 -0.78835096 -0.15000013 -0.15 -0.15 -0.15 -0.5 -0.5 -0.5 -0.54 -0.54000005 -0.60333302 -0.60333333 -0.60322435 -0.65 -0.65 -0.64999997 -0.63666882 -0.6367125 -0.63666789 -0.63670682 -0.86627357 -0.86646818 -1.2582878 -1.3433331 -1.3412221 -0.71333333 -0.71333333 -1.1 -1.1 -1.1 -1.1 -1.1633333 -1.1633333 -1.1633333 -1.1633333 -1.4133333 -1.4133333 -1.4133333 -1.04 -1.04 -1.04
-1.0433333 -1.0433333 -1.83 -1.83 -1.83 -1.83 -1.1577587 -1.2933333 -1.2933333 -1.2933333 -1.2930093 -0.70666667 -0.70666667 -0.70666667 -0.15328056 -0.15 -0.49766769 -0.5 -0.5 -0.5 -0.54 -0.54 -0.54 -0.54 -0.65 -0.65 -0.65 -0.65 -0.65 -0.63666667 -0.63666667 -0.63666667 -0.63666667 -0.63666726 -0.92 -0.71333333 -0.71333333 -0.71333333 -0.71333333 -0.71333387 -0.82333333 -0.82333333 -0.82333333 -0.93722819 -1.1733333 -1.1733333 -1.1733333 -1.4133333 -1.4133323 -0.37333333 -0.37333333 -0.096896157 -0.096666667
-1.0433333 -1.0433333 -1.5460686 -1.83 -1.83 -1.83 -1.2134753 -1.2930812 -1.2933333 -1.2933333 -0.70666671 -0.70666667 -0.70666667 -0.70666667 -0.70666667 -0.66100775 -0.5 -0.5 -0.5 -0.5 -0.53999969 -0.54 -0.54 -0.54 -0.65 -0.65 -0.65 -0.65 -0.65 -0.33615772 -0.63666667 -0.63666667 -0.63666667 -0.92 -0.92 -0.91983952 -0.71333333 -0.71333333 -0.53324421 -0.39333336 -0.82333333 -0.82333333 -0.82333333 -0.9329947 -1.1733333 -1.1733333 -1.1733333 0.32666667 -0.3646114 -0.37333333 -0.37333333 -0.096666667 -0.096666667
-0.74 -0.74 -0.74 -1.556707 -1.8291852 -1.2133333 -1.2133333 -1.2133333 -1.2133333 -0.92666667 -0.92666667 -0.70666668 -0.70666667 -0.70666667 -0.70666667 -0.70665356 -0.5 -0.5 -0.5 -0.5 -0.5225453 -0.54 -0.54 -0.52063389 0.16215045 -0.65 -0.65 -0.65 -0.23 -0.23 -0.23 -0.23000171 -0.92 -0.92 -0.92 -0.92 -0.39333333 -0.39333333 -0.39333333 -0.39333333 -0.55 -0.55 -0.55 -0.38666995 -0.38666667 -0.38666667 -0.38666692 0.32666667 0.32666667 -0.37248042 -0.37333333 -0.096662465 -0.096666667
-0.74 -0.74 -0.74 -0.7400289 -1.2766667 -1.267457 -1.2133333 -1.2133333 -1.2133333 -0.92666667 -0.92666667 -0.92666667 -0.38333335 -0.38333333 -0.38333333 -0.38333335 -0.50058008 -0.5 -0.5 -0.5 -0.50056614 0.19999797 0.2 0.2 0.2 0.19999999 0.30666666 0.30666667 -0.23 -0.23 -0.23 -0.23 -0.91999958 -0.92 -0.92 -0.91995303 -0.39333333 -0.39333333 -0.39333333 -0.39317248 -0.55 -0.55 -0.55 -0.38667424 -0.38666667 -0.38666667 -0.38666667 0.32666667 0.32666667 0.32666672 0.73666667 0.73666667 0.42666667
-0.74 -0.74 -0.74 -1.2766654 -1.2766667 -1.2766667 -1.2133334 -1.2133333 -1.2133333 -0.92666667 -0.92666667 -0.92666667 -0.38333333 -0.38333333 -0.38333333 -0.41633581 -0.81666667 -0.81666667 -0.81666585 -0.50178861 0.2 0.2 0.2 0.2 0.2 0.20008027 0.30666667 0.30666667 0.30666667 -0.23 -0.23 -0.23002146 -0.34333333 -0.34333333 -0.34333333 -0.94666666 -0.94666666 -0.35666667 -0.35666667 -0.35666667 -0.076666667 -0.54985153 -0.54999321 0.36 0.36 0.33170218 -0.38666349 0.32666667 0.32666667 0.73666667 0.73666667 0.73666667 0.42666667
-0.74 -0.74 -0.74 -1.2766667 -1.2766667 -1.2766667 -1.2766667 -1.2133333 -1.2133333 -0.92666667 -0.92666667 -0.40505883 -0.38333333 -0.38333333 -0.38333333 -0.81666667 -0.81666667 -0.81666667 -0.81666667 -0.81666667 0.2 0.2 0.2 0.2 0.2 0.3066663 0.30666667 0.30666667 0.30666667 -0.26333333 -0.26333333 -0.26333333 -0.34333333 -0.34333333 -0.34333333 -0.94666667 -0.94666667 -0.35666667 -0.35666667 -0.076666667 -0.076666667 -0.076666667 0.36 0.36 0.36 0.36 0.37971536 0.6 0.6 0.6 0.73666666 0.33333333 0.33333333
