interpolatedSpi/05-09|21_1.tif
NCOLS 53
NROWS 52
XLLCORNER -116.03883
YLLCORNER 28.596182
DX 0.49850594
DY 0.49788537
NODATA_VALUE -9999
-0.646 -0.646 -0.9097641 -0.704 -0.762 -0.868 -0.708 -0.678 -0.66312413 -0.632 -0.926 -0.702 -0.79000889 -0.898 -0.856 -0.856 -0.856 -0.36 -0.704 -0.704 -0.704 -0.70399412 -0.094000013 -1.368 -1.368 -1.368 -0.73799572 -0.738 -0.738 -0.344 -0.344 -0.344 -0.344 -0.62599994 -0.626 -0.626 -0.626 -0.626 -0.626 -0.62600001 -1.1424374 -1.1478177 -0.432 -0.432 -0.432 -0.432 -0.43164393 -0.214 -0.214 -0.214 0.15799923 0.158 0.158 
-0.64601768 -1.044 -0.60399964 -0.64056737 -0.90995923 -0.376 -0.6 -0.6797646 -1.074 -0.774 -0.794 -0.79 -0.79 -0.55714039 -0.8979955 -0.856 -0.36 -0.36 -0.70355147 -0.704 -0.704 -0.704 -1.3754745 -1.368 -1.368 -1.368 -1.256 -1.256 -0.344 -0.344 -0.344 -0.344 -0.344 -0.62599996 -0.626 -0.626 -0.626 -0.626 -0.62600003 -0.68554301 -0.9679927 -0.49703942 -0.432 -0.432 -0.432 -0.432 -0.432 -0.214 -0.214 -0.214 -0.1831534 0.158 0.158 
-1.0019827 -1.002 -0.294 -0.586 -0.424 -0.568 -0.274 -0.398 -0.62 -0.476 -0.698 -0.752 -0.578 -0.632 -0.556 -0.916 -0.36 -0.36 -0.36 -0.86595291 -0.866 -0.866 -1.51 -1.368 -1.368 -1.368 -1.256 -1.256 -1.256 -0.344 -0.344 -0.34400002 -0.54907643 -0.62703909 -0.630263 -1.0798031 -1.084 -1.084 -1.0694103 -0.968 -0.968 -0.96731459 -0.432 -0.432 -0.432 -0.432 -0.432 -0.214 -0.214 -0.214 -0.214 0.158 0.158 
-0.25 -1.0019999 -0.51396048 -0.124 -0.348 -0.404 -0.18 -0.292 -0.032 -0.38592891 -0.48 -0.56 -0.504 -0.632 -0.596 -0.916 -1.1541638 -1.1554423 -1.034 -0.866 -0.866 -1.368 -1.51 -1.51 -1.368 -1.3679994 -1.256 -1.256 -1.256 -0.632 -0.70771753 -0.77 -0.77 -0.77000025 -1.084 -1.084 -1.084 -1.084 -0.968 -0.968 -0.968 -0.96799998 -0.432 -0.432 -0.432 -0.432 -0.432 -0.21400275 -0.214 -0.214 -0.214 0.15797609 0.158 
-0.25 0.10999886 -0.514 -0.56877754 -0.348 -0.184 -0.52398466 -0.512 -0.548 -0.23800025 -0.55072342 -0.69801748 -0.82 -0.596 -0.596 -0.81388214 -1.156 -1.156 -1.034 -1.034 -0.86600094 -1.368 -1.044 -0.81 -0.952 -0.95184806 -1.256 -1.256 -0.632 -0.632 -0.77 -0.77 -0.77 -0.82694899 -1.084 -1.084 -1.084 -0.968 -0.968 -0.968 -0.968 -0.96800097 -0.43200001 -0.432 -0.432 -0.432 -0.432 -0.43005953 -0.214 -0.21401614 -0.574 -0.574 -0.574 
-0.936 -0.264 -0.438 -0.598 -0.716 -0.384 -0.604 -0.59222137 -0.45 -0.282 -0.36 -0.336 -0.33600032 -1.024 -1.024 -1.2118749 -1.212 -1.176 -1.176 -1.0339997 -0.79 -0.79 -0.81 -0.952 -0.952 -0.302 -0.514 -0.514 -0.62600045 -0.632 -0.77 -0.77 -1.072 -1.0719436 -0.53203878 -0.9 -0.9 -0.94696265 -0.968 -0.968 -0.97798753 -0.978 -0.9779994 -1.0862433 -1.0979264 -1.0979998 -1.098 -1.0979997 -0.32030323 -0.574 -0.574 -0.574 -0.574 
-0.17799988 -0.372 -0.28704533 -0.412 -0.528 -0.674 -0.352 -0.316 -0.446 -0.446 -0.36 -0.646 -0.86999996 -1.024 -0.69400099 -0.694 -1.212 -0.712 -0.646 -0.646 -0.80696554 -0.826 -0.826 -0.28200001 -0.302 -0.302 -0.514 -0.514 -0.62599592 -0.6259249 -0.50416087 -1.072 -1.072 -0.532 -0.532 -0.8673216 -0.9 -0.9 -1.0859936 -0.97800015 -0.978 -0.978 -0.97799554 -1.0979963 -1.098 -1.098 -1.098 -1.0979995 -0.28 -0.57394174 -0.574 -0.574 -0.574 
-0.178 0.052 -0.142 -0.792 -0.87999496 -0.604 -0.202 -0.782 -0.626 -0.498 -0.498 -0.71 -0.87 -0.87 -0.69520752 -0.72496574 -0.728 -0.548 -0.5480001 -0.646 -0.66498252 -0.684 -0.32 -0.124 -0.12399881 -0.032 -0.614 -0.61399996 -0.55624529 -0.556 -0.504 -0.67843865 -0.816 -0.532 -0.53399648 -0.84 -0.84 -1.086 -1.086 -0.978 -0.978 -0.97799999 -0.43018391 -0.43000003 -1.098 -1.098 -1.098 -0.28003114 -0.28 -0.28 -0.574 -0.574 -0.574 
0.026208358 0.052000002 0.05 -0.44 -0.36 -0.458 -0.47 -0.596 -0.714 -0.57524586 -0.568 -0.778 -0.778 -0.614 -0.61399917 -0.44878038 -0.448 -0.448 -0.548 -0.33600003 -0.46 -0.46 -0.42 -0.35940835 -0.041271171 -0.032 -0.658 -0.614 -0.45294138 -0.452 -0.64 -0.446 -0.25259904 -0.656 -0.602 -0.61 -0.824 -0.878 -0.92797691 -0.97690191 -0.732 -0.386 -0.42996972 -0.43 -0.43375987 -1.098 -0.95200001 -0.28000001 -0.28 -0.28 -0.28 -0.63226948 -0.322 
-0.118 -0.118 0.158 -0.198 -0.224 -0.584 -0.854 -0.454 -0.498 -0.5400168 -0.78 -0.328 -0.614 -0.614 -0.526 -0.52493019 -0.448 -0.44795115 -0.232 -0.336 -0.336 -0.35197536 -0.42 -0.33200167 -0.332 -0.332 -0.658 -0.020000001 -0.02 -0.452 -0.452 -0.4452717 -0.062 -0.656 -0.252 -0.61 -0.824 -0.816 -0.928 -0.7469821 -0.38600002 -0.33383781 -0.244 -0.43 -0.43 -0.952 -0.952 -0.952 -0.28 -0.28 -1.042 -1.042 -1.0419997 
-0.118 -0.118 -0.3 -0.618 -1 -0.108 -0.558 -0.87185667 -0.862 -0.632 -0.552 -0.8 -0.32862879 -0.526 -0.526 -0.5259677 -0.246 -0.24526521 -0.232 -0.64 -0.64 -0.208 -0.208 -0.332 -0.332 -0.332 -0.02 -0.02 -0.02 -0.086 -0.086 -0.08599996 -0.334 -0.334 -0.542 -0.664 -0.522 -1.1379913 -1.158 -0.744 -0.744 -0.68599855 -0.244 -0.43 -0.77600002 -0.886 -0.59355044 -0.592 -0.53 -0.53 -1.042 -1.042 -1.042 
-0.118 -0.19669534 -0.43570194 -0.80799311 -0.544 -0.608 -0.558 -0.872 -0.86200008 -0.63454812 -0.79999978 -0.8 -0.6 -0.526 -0.526 -0.24600001 -0.246 -0.2459992 -0.232 -0.64 -0.55516399 -0.208 -0.208 -0.33199595 -0.332 -0.30044292 -0.236 -0.236 -0.23599997 -0.086 -0.086 -0.37 -0.37 -0.33400057 -0.542 -0.69200006 -0.45593434 -1.138 -1.138 -0.744 -0.686 -0.686 -0.68600058 -0.776 -0.776 -0.886 -0.592 -0.592 -0.53 -0.53 -1.042 -1.042 -1.042 
-0.644 -0.32997255 -0.3280105 -0.33147462 -0.54400051 -0.60799849 -0.558 -0.86813484 -0.8626891 -0.85599409 -0.6 -0.6 -0.6 -0.6 -0.52601048 -0.246 -0.246 -0.24581924 -0.232 -0.6401571 -1.192 -1.192 -1.192 -1.192 -0.34646393 -0.236 -0.236 -0.236 -0.236 -0.23595454 -0.37 -0.37 -0.37 -0.37 -0.692 -0.692 -0.692 -1.115296 -1.1367683 -0.974 -0.974 -0.68601549 -1.2539836 -0.77604604 -0.776 -0.886 -0.592 -0.592 -0.53 -0.53 -1.0401425 -1.042 -0.55146103 
-0.644 -0.328 -0.328 -0.328 -0.328 -0.32800012 -0.55812795 -0.70657182 -0.86452752 -0.60027645 -0.6 -0.6 -0.6 -0.6 -0.60000012 -0.246 -0.246 -0.2450397 -0.23200331 -1.192 -1.192 -1.192 -1.192 -1.192 -1.1753946 -0.34318422 -0.38799997 -0.388 -0.388 -0.388 -0.37 -0.37 -0.37000005 -0.414 -0.414 -0.692 -0.56755946 -0.564 -0.97399976 -0.974 -0.974 -0.974 -1.254 -1.254 -1.254 -1.2514391 -1.2159751 -1.22 -1.22 -1.22 -1.22 -0.39200013 -0.392 
-1.02 -0.328 -0.328 -0.328 -0.328 -0.328 -0.32800002 -0.6237898 -0.76845018 -0.768 -0.768 -0.768 -0.768 -0.768 -0.768 -1.0540209 -0.25891654 -0.24408317 -1.1918793 -1.192 -1.192 -1.192 -1.192 -1.1919994 -0.424 -0.424 -0.42399995 -0.388 -0.388 -0.38759951 -0.188 -0.188 -0.414 -0.414 -0.414 -0.53997152 -0.564 -0.564 -0.564 -0.974 -0.974 -0.974 -1.254 -1.254 -1.254 -1.254 -1.22 -1.22 -1.22 -1.22 -1.22 -0.392 -0.392 
-1.02 -0.76237626 -0.328 -0.328 -0.328 -0.328 -0.60394583 -0.604 -0.604 -0.768 -0.768 -0.768 -0.768 -0.768 -0.83241724 -1.06 -1.06 -1.06 -0.63769362 -0.63600057 -0.636 -0.636 -0.636 -0.636 -0.424 -0.424 -0.424 -0.424 -0.388 -0.188 -0.188 -0.188 -0.41399998 -0.414 -0.414 -0.3 -0.56365046 -0.564 -0.564 -0.97392015 -0.81484119 -0.44359003 -1.254 -1.254 -0.98084558 -0.98 -0.98 -1.2188695 -0.53440425 -0.53200006 -0.53200013 0.033935379 -0.39199913 
-1.02 -0.66188351 -0.49195892 -0.328 -0.328 -0.60383693 -0.604 -0.604 -0.604 -0.60518183 -0.768 -0.768 -0.768 -0.76800004 -1.06 -1.06 -1.06 -1.06 -0.63637875 -0.636 -0.636 -0.636 -0.636 -0.636 -0.424 -0.424 -0.424 -0.424 -0.42314159 -0.188 -0.188 -0.188 -0.148 -0.41398198 -0.3 -0.3 -0.3 -0.29628218 -0.44970797 -0.442 -0.442 -0.442 -0.908 -0.908 -0.98 -0.98 -0.98 -0.53200001 -0.532 -0.532 -0.532 0.034 0.034 
-0.65226109 -0.652 -0.652 -0.652 -0.584 -0.60399948 -0.604 -0.604 -0.604 -0.604 -0.75225263 -0.76799729 -0.76799999 -1.06 -1.06 -1.06 -1.06 -1.06 -1.0092109 -0.636 -0.636 -0.636 -0.636 -0.636 -0.50442988 -0.45399984 -0.454 -0.454 -0.454 -0.188 -0.148 -0.148 -0.148 -0.148 -0.3 -0.29999105 0.04 0.04 -0.43598151 -0.442 -0.442 -0.442 -0.908 -0.908 -0.96885192 -0.98 -0.98 -0.532 -0.532 -0.532 -0.52593101 0.034 0.034 
-0.652 -0.652 -0.652 -0.61997779 -0.584 -0.584 -0.604 -0.604 -0.604 -0.604 -0.56 -0.56 -0.56 -1.06 -1.06 -1.06 -1.06 -1.0598972 -0.782 -0.782 -0.63600006 -0.636 -0.63444187 -0.572 -0.5709377 -0.454 -0.454 -0.454 -0.454 -0.14803116 -0.148 -0.148 -0.148 -0.148 0.039998805 0.04 0.04 0.04 0.038279689 -0.442 -0.442 -0.442 -0.908 -0.908 -0.908 -0.98 -0.98 -0.532 -0.532 -0.532 0.034 0.034 0.034 
-0.652 -0.652 -0.652 -0.584 -0.584 -0.584 -0.58400003 -0.604 -0.604 -0.56004542 -0.56 -0.56 -0.56 -0.56031151 -0.55653926 -0.438 -0.438 -0.438 -0.782 -0.782 -0.782 -0.572 -0.572 -0.572 -0.57191036 -0.34804609 -0.454 -0.454 -0.454 -0.20384176 -0.2079941 -0.208 -0.208 -0.208 -0.1413666 -0.39599901 -0.396 -0.396 -0.396 -0.39200684 -0.392 -0.392 -0.908 -0.908 -0.42400202 -0.42399986 -0.032 -0.032 0.168 0.168 0.168 0.034 0.48159943 
-0.65199722 -0.652 -0.652 -0.584 -0.584 -0.584 -0.584 -0.35200007 -0.60299241 -0.55961553 -0.56 -0.56 -0.56 -0.5597606 -0.438 -0.438 -0.438 -0.4380001 -0.782 -0.782 -0.782 -0.572 -0.572 -0.572 -0.252 -0.252 -0.31 -0.31 -0.31 -0.30944356 -0.208 -0.208 -0.208 -0.208 -0.30194842 -0.396 -0.396 -0.396 -0.396 -0.392 -0.392 -0.392 -0.39300684 -0.424 -0.424 -0.424 -0.032 -0.032 0.168 0.168 0.168 0.48199999 0.482 
0.244 -0.18436791 -0.7 -0.69996635 -0.584 -0.35334234 -0.352 -0.352 -0.34252616 -0.136 -0.136 -0.136 -0.136 0.091992577 0.091999998 -0.43799959 -0.438 -0.44706389 -0.782 -0.782 -0.782 0.086 0.086 0.086 -0.252 -0.252 -0.31 -0.31 -0.31 -0.30999992 -0.20600001 -0.20600001 -0.20794973 -0.20799786 -0.60754223 -0.608 -0.608 -0.608 -0.608 -0.392 -0.392 -0.392 -0.42223795 -0.424 -0.424 -0.42399996 -0.032 -0.032 -0.031992801 0.168 0.16798533 -0.16 0.482 
-0.11793126 -0.1180001 -0.7 -0.7 -0.7 -0.352 -0.352 -0.352 -0.326 -0.326 -0.136 -0.136 -0.136 0.092 0.092 0.092 0.092 0.091900993 -0.782 -0.782 -0.78199997 0.086 0.086 0.086 -0.252 -0.252 -0.31 -0.31 -0.31 -0.20717261 -0.206 -0.206 -0.206 -0.206 -0.60780164 -0.608 -0.608 -0.608 -0.608 -0.34600001 -0.346 -0.346 -0.346 -0.42399848 -0.226 -0.226 -0.226 -0.282 -0.282 -0.282 -0.16 -0.16 -0.16 
-0.118 -0.118 -0.7 -0.7 -0.7 -0.35382915 -0.352 -0.326 -0.326 -0.326 -0.13602339 -0.136 -0.04611628 0.091999973 0.092 0.092 0.092 0.118 0.118 0.118 -0.35999999 -0.35999967 0.085997827 0.086 0.0855648 -0.488 -0.488 -0.48799958 -0.31002877 -0.040033082 -0.040000884 -0.040028981 -0.20571629 -0.20585674 -0.53629452 -0.60799987 -0.60683377 -0.26 -0.26 -0.346 -0.346 -0.346 -0.346 -0.226 -0.226 -0.226 -0.226 -0.282 -0.282 -0.282 -0.16 -0.16 -0.16 
-0.118 -0.118 -0.7 -0.7 -0.7 -0.7 -0.34226896 -0.326 -0.326 -0.326 -0.32583429 -0.026 -0.026 -0.026 0.091304599 0.092 0.11782674 0.118 0.118 0.118 -0.36 -0.36 -0.36 -0.36 -0.488 -0.488 -0.488 -0.488 -0.488 -0.04 -0.04 -0.04 -0.04 -0.040000442 -0.25 -0.26 -0.26 -0.26 -0.26 -0.25999982 -0.19 -0.19 -0.19 -0.31040109 -0.56 -0.56 -0.56 -0.28200001 -0.28200019 -0.482 -0.482 -0.40194113 -0.402 
-0.118 -0.118 -0.48993887 -0.7 -0.7 -0.69999999 -0.24414551 -0.32574158 -0.326 -0.326 -0.025999955 -0.026 -0.026 -0.026 -0.026 -0.016306499 0.118 0.118 0.118 0.118 -0.3599963 -0.36 -0.36 -0.36 -0.488 -0.488 -0.488 -0.488 -0.488 -0.17005633 -0.04 -0.04 -0.04 -0.25 -0.25 -0.25000777 -0.26 -0.26 -0.19134102 -0.13800001 -0.19 -0.19 -0.19 -0.30744146 -0.56 -0.56 -0.56 0.162 -0.47397582 -0.482 -0.482 -0.402 -0.402 
-0.236 -0.236 -0.236 -0.58366244 -0.69931522 -0.244 -0.244 -0.244 -0.244 0.19 0.19 -0.025999985 -0.026 -0.026 -0.026 -0.025990865 0.118 0.118 0.118 0.118 -0.15141631 -0.36 -0.36 -0.35968595 -0.35423404 -0.488 -0.488 -0.488 -0.216 -0.216 -0.216 -0.21599926 -0.25 -0.25 -0.25 -0.25 -0.138 -0.138 -0.138 -0.138 -0.18 -0.18 -0.18 -0.15600048 -0.156 -0.156 -0.15600013 0.162 0.162 -0.48121532 -0.482 -0.40199657 -0.402 
-0.236 -0.236 -0.236 -0.23599989 -0.234 -0.23545416 -0.244 -0.244 -0.244 0.19 0.19 0.19 0.18799999 0.188 0.188 0.18799999 0.11798168 0.118 0.118 0.118 0.11075248 -0.34800003 -0.348 -0.348 -0.348 -0.348 -0.474 -0.474 -0.216 -0.216 -0.216 -0.216 -0.24999969 -0.25 -0.25 -0.24996449 -0.13800001 -0.138 -0.138 -0.1388335 -0.18 -0.18 -0.18 -0.15600111 -0.156 -0.156 -0.156 0.162 0.162 0.16200002 0.278 0.278 0.368 
-0.236 -0.236 -0.236 -0.234 -0.234 -0.234 -0.244 -0.244 -0.244 0.19 0.19 0.19 0.188 0.188 0.188 0.18190724 0.108 0.108 0.10800003 0.11794351 -0.348 -0.348 -0.348 -0.348 -0.348 -0.34809482 -0.474 -0.474 -0.474 -0.216 -0.216 -0.21613646 0.186 0.186 0.186 -0.614 -0.614 -0.328 -0.328 -0.328 -0.156 -0.17999247 -0.17999854 0.016 0.016 0.0094813955 -0.15599901 0.162 0.162 0.278 0.278 0.278 0.368 
-0.236 -0.236 -0.236 -0.234 -0.234 -0.234 -0.234 -0.244 -0.244 0.19 0.19 0.18807997 0.188 0.188 0.188 0.108 0.108 0.108 0.108 0.108 -0.348 -0.348 -0.348 -0.348 -0.348 -0.47399957 -0.474 -0.474 -0.474 -0.428 -0.428 -0.428 0.186 0.186 0.186 -0.614 -0.614 -0.328 -0.328 -0.156 -0.156 -0.156 0.016 0.016 0.016 0.016 0.030129341 0.188 0.188 0.188 0.27800001 0.54 0.54 
-0.236 -0.236 -0.23599721 -0.234 -0.234 -0.234 -0.234 0.16965299 0.19 0.19 0.19 0.18800134 0.188 0.188 0.18799972 0.108 0.108 0.108 0.108 0.108 0.10467256 -0.348 -0.348 -0.348 -0.34789001 -0.47396287 -0.474 -0.474 -0.474 -0.428 -0.428 -0.428 -0.42790797 0.186 -0.614 -0.614 -0.614 -0.61398779 -0.32798827 -0.156 -0.156 -0.156 0.015989558 0.016 0.016 0.016 0.18800046 0.188 0.188 0.188 0.54 0.54 0.54 
-0.344 -0.34399981 -0.23400494 -0.234 -0.234 -0.234 0.18990978 0.19 0.19 0.19 0.204 0.204 0.204 0.204 0.10844307 0.108 0.108 0.108 0.108 0.12399999 0.124 0.124 0.18599991 0.186 0.186 0.186 0.12903351 -0.474 -0.012018922 -0.012 -0.012 -0.012 -0.012 -0.010000002 -0.01 -0.01 -0.01 -0.01 0.278 0.278 0.278 0.278 0.278 0.23566837 0.236 0.236 0.236 0.188 0.188 0.188 0.53994454 0.54 0.54 
-0.344 -0.344 -0.3410696 0.0059995176 0.0059999467 0.0061791924 0.19 0.19 0.19 0.19 0.204 0.204 0.204 0.204 0.204 0.108 0.108 0.108 0.124 0.124 0.124 0.124 0.186 0.186 0.186 0.186 0.186 0.18586015 -0.012006179 -0.012 -0.012 -0.012 -0.012002482 -0.054218327 -0.010045786 -0.01 -0.01 -0.010000001 0.278 0.278 0.278 0.278 0.278 0.236 0.236 0.236 0.236 0.21355426 0.188 -0.14820664 -0.152 0.058 0.058 
-0.344 -0.344 0.0059556659 0.006 0.006 0.006 0.052735224 0.19 0.19 0.19 0.204 0.204 0.204 0.204 0.204 0.1080722 0.108 0.12399531 0.124 0.124 0.124 0.124 0.1630317 0.186 0.186 0.186 0.186 0.18584835 -0.028 -0.028 -0.028 -0.028 -0.028 -0.088 -0.088 -0.088 -0.088 -0.088 0.132 0.132 0.132 0.132 0.132 0.23583397 0.23599997 0.236 0.23598847 0.23455718 -0.152 -0.152 -0.152 0.057998824 0.058 
-0.34399941 -0.032199721 0.0059999955 0.006 0.006 0.006 0.006 0.18992165 0.19 0.19 0.204 0.204 0.204 0.204 0.02408689 0.02 0.02 0.12399732 0.124 0.124 0.124 0.124 0.124 0.186 0.186 0.186 0.186 -0.26999976 -0.26999989 -0.21849652 -0.028 -0.028 -0.028 -0.088000001 -0.088 -0.088 -0.088 -0.088119202 0.132 0.132 0.132 0.132 0.13198238 0.168 0.168 0.168 0.168 0.16797419 -0.152 -0.152 -0.152 -0.15199977 0.21367307 
-0.026 -0.026 -0.018604815 0.006 0.006 0.006 0.006 0.006 0.18992144 0.148 0.148 0.148 0.1481329 0.020000265 0.02 0.02 0.02 0.02 0.12399976 0.12194855 0.104 0.104 0.104 0.12425664 0.17479491 0.11483858 0.064066672 -0.27 -0.27 -0.27 -0.27 -0.27 -0.25691189 -0.25986977 -0.264 -0.264 -0.264 -0.264 0.088793661 -0.097999587 -0.098 -0.098 -0.098 0.010000463 0.16799996 0.168 0.168 0.042 -0.15199689 -0.152 -0.152 0.216 0.216 
-0.026 -0.026 -0.016 -0.016 -0.016 0.0059926716 0.006 0.006 0.148 0.148 0.148 0.148 0.148 0.020000006 0.02 0.02 0.02 0.02 0.104 0.104 0.104 0.104 0.104 0.046000003 0.046 0.046 0.046 -0.27 -0.27 -0.27 -0.27 -0.27 0.104 0.104 -0.264 -0.264 -0.264 -0.010043256 -0.01 -0.098 -0.098 -0.098 -0.097999967 0.01 0.01 0.01 0.042 0.042 0.042 0.02 0.02 0.216 0.216 
-0.026 -0.026 -0.016 -0.016 -0.016 -0.016 -0.015998584 0.242 0.1480885 0.148 0.148 0.148 0.148 0.021596684 0.02 0.02 0.02 0.02 0.104 0.104 0.104 0.104 0.104 0.046 0.046 0.046 0.046 0.045998736 -0.27 -0.27 -0.27 0.10398039 0.104 0.104 0.104 -0.264 -0.010000003 -0.01 -0.01 -0.012315445 0.082403813 0.116 0.116 0.01 0.01 0.01 0.042 0.042 0.042 0.02 0.02 0.02 0.26128582 
-0.032 -0.031999953 -0.016 -0.016 -0.016 -0.016 0.242 0.242 0.242 0.148 0.148 0.148 0.148 0.14796021 0.02 0.02 0.02 0.02 0.10399856 0.104 0.104 0.104 0.056220486 0.046 0.046 0.046 0.046 0.20399987 0.204 0.20399999 -0.26489873 0.104 0.104 0.104 0.10400019 0.308 -0.01 -0.01 -0.01 -0.0099999989 0.116 0.116 0.116 0.114 0.114 0.114 0.010003116 0.042 0.042 0.020000001 0.02 0.02 0.26600188 
-0.032 -0.032 -0.016 -0.016 -0.016 0.242 0.242 0.242 0.242 0.15832541 0.148 0.148 0.148 0.14800043 0.19397998 0.194 0.194 0.194 0.17150953 0.214 0.214 0.214 0.214 0.046 0.046 0.046 0.046010422 0.204 0.204 0.204 0.204 0.10403237 0.2187441 0.308 0.308 0.308 -0.0096181673 0.091997876 0.092 0.092 0.11606893 0.204 0.204 0.114 0.114 0.11399956 0.01 0.01 0.176 0.176 0.176 0.698 0.94 
-0.032 -0.031999997 0.764 0.764 0.764 0.242 0.242 0.242 0.242 0.864 0.864 0.864 0.864 0.81678353 0.194 0.194 0.194 0.194 0.17 0.214 0.214 0.214 0.214 0.52 0.51999981 0.0460007 0.204 0.204 0.204 0.204 0.26070283 0.316 0.30895189 0.308 0.308 0.308 0.092 0.092 0.092 0.092 0.204 0.204 0.204 0.25398423 0.254 0.011096763 0.01 0.01 0.17600119 0.176 0.698 0.698 0.94 
-0.032 0.764 0.764 0.764 0.764 0.764 0.24564856 0.712 0.712 0.864 0.864 0.864 0.864 0.86384133 0.194 0.194 0.194 0.1929156 0.17 0.17 0.214 0.214 0.52 0.52 0.52 0.52 0.204 0.204 0.204 0.204 0.316 0.316 0.316 0.3080081 0.308 0.308 0.092 0.092 0.092 0.092 0.204 0.204 0.204 0.254 0.254 0.25400079 0.268 0.268 0.448 0.448 0.698 0.698 0.94 
0.75652457 0.764 0.764 0.764 0.764 0.764 0.712 0.712 0.712 0.79335675 0.864 0.864 0.864 0.86399199 0.194 0.194 0.194 0.17 0.17 0.17 0.2139978 0.21400187 0.52 0.52 0.52 0.52 0.20402246 0.204 0.204 0.31597424 0.316 0.316 0.316 0.316 0.30818115 0.42 0.42 0.41432339 0.092 0.092 0.2039999 0.204 0.25254624 0.254 0.254 0.26799999 0.268 0.268 0.448 0.448 0.692 0.692 0.81 
0.764 0.764 0.764 0.764 0.764 0.764 0.712 0.712 0.712 0.712 0.60800738 0.608 0.608 0.608 0.19400116 0.36194459 0.456 0.456 0.17052724 0.17 0.17000001 0.51999956 0.52 0.52 0.52 0.52 0.51977025 0.204 0.20400383 0.316 0.316 0.316 0.316 0.316 0.42 0.42 0.42 0.42 0.42 0.41999937 0.656 0.656 0.65599992 0.434 0.434 0.434 0.494 0.494 0.648 0.648 0.692 0.69200026 0.81 
0.764 0.764 0.764 0.764 0.764 0.764 0.712 0.712 0.712 0.608 0.608 0.608 0.608 0.608 0.56793316 0.456 0.456 0.456 0.456 0.456 0.44234444 0.52 0.52 0.52 0.52 0.51780193 0.45010969 0.23749753 0.31544767 0.316 0.316 0.316 0.316 0.31600023 0.42 0.42 0.42 0.42 0.42 0.52978665 0.656 0.656 0.656 0.434 0.434 0.434 0.494 0.494 0.648 0.648 0.95599999 0.81805394 0.81 
0.764 0.764 0.764 0.764 0.764 0.76399998 0.71200001 0.712 0.70768342 0.608 0.608 0.608 0.608 0.608 0.60070914 0.456 0.456 0.456 0.456 0.456 0.456 0.46072065 0.4500001 0.45 0.45 0.45 0.45 0.45 0.35527569 0.35399955 0.354 0.354 0.354 0.35400005 0.42 0.42 0.42 0.42 0.42 0.65599997 0.656 0.656 0.656 0.6559999 0.43453548 0.768 0.49400003 0.87725304 0.64820678 0.956 0.956 0.96240229 1.264 
0.764 0.764 0.764 0.764 0.764 0.76399668 0.7120028 0.71199371 0.60800013 0.608 0.608 0.608 0.608 0.608 0.60510776 0.456 0.456 0.456 0.456 0.456 0.456 0.45 0.45 0.45 0.45 0.45 0.45 0.45 0.3540265 0.354 0.354 0.354 0.354 0.354 0.37208399 0.42 0.42 0.42 0.42 0.656 0.656 0.656 0.656 0.65602869 0.768 0.768 0.76872703 0.884 0.884 0.956 0.956 1.264 1.264 
0.764 0.764 0.764 0.764 0.764 0.76393065 0.7120588 0.61973572 0.608 0.608 0.608 0.608 0.608 0.608 0.60533898 0.456 0.456 0.456 0.456 0.456 0.45514571 0.45 0.45 0.45 0.45 0.45 0.45 0.45 0.35400039 0.354 0.354 0.354 0.354 0.354 0.354 0.55492896 0.76468361 0.87937291 0.89683362 0.68441117 0.65600001 0.656 0.656 0.76799106 0.768 0.76944454 1.0099994 0.884 0.884 1.465918 1.466 1.466 1.2640001 
0.764 0.764 0.764 0.764 0.76399995 0.76356629 0.70337277 0.6080286 0.608 0.608 0.608 0.608 0.608 0.608 0.60445057 0.456 0.456 0.456 0.456 0.456 0.45000003 0.45 0.45 0.45 0.45 0.45 0.45 0.45 0.35400003 0.354 0.354 0.354 0.354 0.354 0.35400011 0.906 0.906 0.906 0.906 1.098 1.098 1.098 1.098 1.0099993 1.01 1.01 1.01 1.0100008 1.09 1.09 1.466 1.466 1.3089233 
0.764 0.764 0.764 0.764 0.76399855 0.76254105 0.61522433 0.60800136 0.608 0.608 0.608 0.608 0.608 0.608 0.60284018 0.45600006 0.456 0.456 0.456 0.45596389 0.45 0.45 0.45 0.45 0.45 0.45 0.45 0.45 0.35400002 0.354 0.354 0.354 0.354 0.354 0.90599949 0.906 0.906 0.906 0.906 1.098 1.098 1.098 1.098 1.0742492 1.01 1.01 1.01 1.0899991 1.09 1.09 1.238 1.238 1.238 
0.764 0.764 0.764 0.76399988 0.76398551 0.75383414 0.60839753 0.60800034 0.608 0.608 0.608 0.608 0.608 0.60799999 0.60065873 0.45600357 0.456 0.456 0.45599999 0.45012157 0.45 0.45 0.45 0.45 0.45 0.45 0.45 0.45 0.35400009 0.354 0.354 0.354 0.354 0.54579515 0.90599991 0.906 0.906 0.906 0.906 1.098 1.098 1.098 1.098 1.098 1.01 1.01 1.01 1.09 1.09 1.09 1.238 1.238 1.238 
0.764 0.764 0.76399995 0.76399859 0.76388635 0.67788886 0.6080708 0.60800021 0.608 0.608 0.608 0.608 0.608 0.60799971 0.59806517 0.45605551 0.456 0.456 0.45596894 0.45000051 0.45 0.45 0.45 0.45 0.45 0.45 0.45 0.44999994 0.3540006 0.354 0.35400019 0.59296701 0.616 0.616 0.616 0.906 0.906 0.906 0.906 1.098 1.098 1.098 1.098 1.098 1.0100016 1.01 1.01 1.09 1.09 1.0900001 1.238 1.238 1.238 
