interpolatedSpi/05-09|19_2.tif
NCOLS 53
NROWS 52
XLLCORNER -116.03883
YLLCORNER 28.596182
DX 0.49850594
DY 0.49788537
NODATA_VALUE -9999
0.588 0.588 0.34804957 -0.168 -0.014 -0.04 0.292 0.102 -0.45074112 -0.62 -0.586 0.08 -0.22801828 -0.45 -0.13 -0.13 -0.13 0.132 0.384 0.384 0.384 0.38399821 0.198 0.412 0.412 0.412 -0.28399416 -0.284 -0.284 -0.23 -0.23 -0.23 -0.23 -0.47999995 -0.48 -0.48 -0.48 -0.48 -0.48 -0.47999999 -0.066453951 -0.06208094 -0.38 -0.38 -0.38 -0.38 -0.380686 -0.8 -0.8 -0.8 0.70999686 0.71 0.71 
0.58800391 0.676 0.54800038 0.50180964 0.24406281 0.506 0.734 -0.039823928 -0.404 -0.248 0.194 -0.228 -0.228 0.1659393 -0.44998971 -0.13 0.132 0.132 0.38367143 0.384 0.384 0.384 0.37704897 0.412 0.412 0.412 0.076000023 0.076 -0.23 -0.23 -0.23 -0.23 -0.23 -0.47999996 -0.48 -0.48 -0.48 -0.48 -0.47999997 -0.35757158 0.28594161 -0.29918648 -0.38 -0.38 -0.38 -0.38 -0.38 -0.8 -0.8 -0.8 -0.67478935 0.71 0.71 
0.22201204 0.222 0.876 0.524 0.188 0.362 0.492 0.832 -0.046 -0.168 0.068 0.034 0.336 -0.292 0.168 -0.522 0.132 0.132 0.132 0.094084304 0.094 0.094 -0.252 0.412 0.412 0.412 0.076 0.076 0.076 -0.23 -0.23 -0.23000001 -0.29547041 -0.47920195 -0.47674225 -0.13320721 -0.13 -0.13 -0.077678164 0.286 0.286 0.28514835 -0.38 -0.38 -0.38 -0.38 -0.38 -0.8 -0.8 -0.8 -0.8 0.71 0.71 
0.238 0.22199984 -0.5520098 0.318 -0.176 0.458 0.464 0.182 0.058 -0.029056383 -0.244 -0.408 0.12 -0.292 0.032 -0.522 -0.13895327 -0.13581222 -0.294 0.094 0.094 0.058 -0.252 -0.252 0.412 0.41199832 0.076 0.076 0.076 -0.9 -0.60700609 -0.366 -0.366 -0.36599982 -0.13 -0.13 -0.13 -0.13 0.286 0.286 0.286 0.28599998 -0.38 -0.38 -0.38 -0.38 -0.38 -0.7999947 -0.8 -0.8 -0.8 0.70994787 0.71 
0.238 0.51799804 -0.552 -0.51648882 -0.176 0.188 0.19800093 0.064 0.096 -0.22200019 -0.23608762 -0.24202091 -0.388 0.032 0.032 -0.33261584 -0.136 -0.136 -0.294 -0.294 0.093999906 0.058 0.054 4.4684993e-11 0.214 0.2141024 0.076 0.076 -0.9 -0.9 -0.366 -0.366 -0.366 -0.39504041 -0.13 -0.13 -0.13 0.286 0.286 0.286 0.286 0.28594459 -0.38 -0.38 -0.38 -0.38 -0.38 -0.38373852 -0.8 -0.80000386 -0.886 -0.886 -0.886 
-1.12 0.558 -0.10799995 -0.372 0.236 0.588 -0.494 -0.42256002 -0.536 -0.51 -0.696 -0.76 -0.75999975 -0.88 -0.88 0.05805891 0.058 0.024 0.023999999 -0.29399959 -0.154 -0.154 -5.5511157e-18 0.214 0.214 0.652 -0.642 -0.642 -0.45004082 -0.9 -0.366 -0.366 -0.52 -0.52006353 -1.1279564 -0.954 -0.954 -0.097622307 0.286 0.286 -0.2872841 -0.288 -0.28799905 -0.097083988 -0.09203183 -0.092000077 -0.09200001 -0.0920001 0.41195762 -0.886 -0.886 -0.886 -0.886 
0.39399354 0.566 0.80346663 0.406 0.608 -0.496 -0.216 -0.28 -0.846 -0.846 -0.696 -0.512 -0.278 -0.88 0.30199646 0.302 0.058 0.206 0.174 0.174 -0.097448213 -0.034 -0.034 0.61999999 0.652 0.652 -0.642 -0.642 -0.44999802 -0.44996352 -0.1946855 -0.52 -0.52 -1.128 -1.128 -0.58582333 -0.954 -0.954 -0.56601345 -0.28800039 -0.288 -0.288 -0.28799337 -0.091997033 -0.092 -0.092 -0.092 -0.091999541 0.676 -0.88569045 -0.886 -0.886 -0.886 
0.394 0.286 1.252 -0.332 0.1319734 -0.624 -1.094 -0.516 -0.79 -0.514 -0.514 -0.26 -0.278 -0.278 0.29802066 0.31292908 0.314 -0.03 -0.13199969 0.174 0.12181075 0.114 0.248 -0.142 -0.14199675 0.11 0.342 0.34199965 -0.41611914 -0.416 -0.194 -0.35838659 -0.868 -1.128 -1.0917781 -0.278 -0.278 -0.566 -0.566 -0.288 -0.288 -0.28799999 0.43880818 0.43999997 -0.092 -0.092 -0.092 0.67597077 0.676 0.676 -0.886 -0.886 -0.886 
0.26809757 0.28600001 1.178 0.618 0.46 -0.03 -0.106 -0.152 -0.974 -0.54497857 -0.676 -0.366 -0.366 -0.032 -0.031998025 -0.0051081331 -0.006 -0.006 -0.045570452 0.40599996 0.206 0.206 0.49 0.34336822 0.084605054 0.11 0.184 0.342 0.27240677 0.272 -0.216 0.404 0.36068095 0.34 0.142 0.02 -0.044 -0.526 0.067725714 -0.28626806 0.1 0.348 0.439958 0.44 0.43700562 -0.092 0.39799997 0.676 0.676 0.676 0.676 -0.76971005 0.278 
0.168 0.168 0.774 0.79 0.22 -0.416 -0.352 -0.12 -0.354 -0.43602322 -0.572 -0.38 -0.032 -0.032 0.178 0.17547636 -0.006 -0.00601781 -0.142 0.406 0.406 0.38023331 0.49 0.080007764 0.08 0.08 0.184 0.45 0.45 0.272 0.272 0.40383689 0.318 0.34 0.268 0.02 -0.044 -0.24 0.068 0.39658691 0.34799999 0.28702166 0.182 0.44 0.44 0.398 0.398 0.398 0.676 0.676 0.048 0.048 0.048000086 
0.168 0.168 0.526 -0.04 -0.188 -0.098 -0.54599999 -0.44808309 -0.52 -0.494 -0.26 -0.704 -0.38043082 0.178 0.178 0.17802976 0.436 0.40566385 -0.142 0.494 0.494 1.056 1.056 0.08 0.08 0.08 0.45 0.45 0.45 0.438 0.438 0.4379998 0.432 0.432 -0.172 0.102 0.148 -0.46199995 0.558 0.402 0.402 0.19799995 0.182 0.44 0.36799997 0.312 0.27055127 0.27 1 1 0.048 0.048 0.048 
0.168 0.32242842 0.28446761 -0.16197979 0.336 0.226 -0.546 -0.448 -0.5199994 -0.49428805 -0.70399973 -0.704 0.292 0.178 0.178 0.43599999 0.436 0.4359671 -0.142 0.494 0.60436537 1.056 1.056 0.080039175 0.08 0.22660892 0.526 0.526 0.52599999 0.438 0.438 0.238 0.238 0.43199834 -0.172 0.10199993 0.051146233 -0.462 -0.462 0.40199999 0.198 0.198 0.19800123 0.368 0.368 0.312 0.27 0.27 1 1 0.048 0.048 0.048 
-0.412 0.043140098 0.0099987671 0.008763242 0.33599924 0.2260026 -0.54599998 -0.44920632 -0.51503846 -0.51932107 0.292 0.292 0.292 0.292 0.17801615 0.436 0.436 0.4285371 -0.142 0.49412272 0.932 0.932 0.932 0.932 0.094787168 0.526 0.526 0.526 0.526 0.52596692 0.238 0.238 0.238 0.238 0.102 0.102 0.102 -0.43479874 -0.45567613 0.38 0.38 0.19800979 0.036011365 0.36796802 0.368 0.312 0.27 0.27 0.99999999 1 0.051453753 0.048 -0.4049144 
-0.412 0.01 0.01 0.01 0.01 0.010000092 -0.5440238 -0.49963937 -0.50180154 0.2911262 0.292 0.292 0.292 0.292 0.29200016 0.436 0.43599991 0.39635314 -0.14198847 0.932 0.932 0.932 0.932 0.932 0.93428975 0.61362307 0.59199999 0.592 0.592 0.592 0.23800001 0.238 0.23800056 0.704 0.704 0.102 0.86030954 0.882 0.38000029 0.38 0.38 0.38 0.036 0.036 0.036 0.037920709 -0.26647785 -0.27 -0.27 -0.27 -0.26999998 0.50799991 0.508 
0.254 0.01 0.01 0.01 0.01 0.01 0.0099999681 -0.37454023 0.51041522 0.516 0.516 0.516 0.516 0.516 0.516 1.035252 0.445629 0.35685266 0.93186516 0.932 0.932 0.932 0.932 0.93200066 1.038 1.038 1.0379994 0.592 0.592 0.59246056 0.822 0.822 0.704 0.704 0.704 0.85348631 0.882 0.882 0.882 0.38 0.38 0.38 0.036 0.036 0.036 0.036 -0.26999999 -0.27 -0.27 -0.27 -0.27 0.508 0.508 
0.254 0.16316157 0.01 0.01 0.01 0.01 -0.0039972523 -0.004 -0.0039999872 0.516 0.516 0.516 0.516 0.516 0.63292171 1.046 1.046 1.046 1.4962759 1.4979994 1.498 1.498 1.498 1.498 1.038 1.038 1.038 1.038 0.592 0.822 0.822 0.822 0.70400001 0.704 0.704 0.818 0.88191526 0.882 0.882 0.38005922 0.49787326 0.77282242 0.036 0.036 0.53046931 0.532 0.532 -0.26878124 0.46741404 0.46999994 0.46999986 0.67597452 0.50800034 
0.254 -0.0048560316 -0.0011330128 0.01 0.01 -0.0039917281 -0.004 -0.004 -0.004 -0.000252731 0.516 0.516 0.516 0.51600006 1.046 1.046 1.046 1.046 1.4975962 1.498 1.498 1.498 1.498 1.498 1.038 1.038 1.038 1.038 1.0372143 0.822 0.822 0.822 1.428 0.70402907 0.818 0.818 0.818 0.82259966 0.78085171 0.774 0.774 0.774 0.732 0.732 0.532 0.532 0.532 0.47 0.47 0.47 0.47 0.676 0.676 
-0.011882227 -0.012 -0.012 -0.012000001 -0.102 -0.004002528 -0.004 -0.004 -0.004 -0.004 0.50191808 0.51599758 0.51599999 1.046 1.046 1.046 1.046 1.046 1.0935551 1.498 1.498 1.498 1.498 1.498 1.4416824 1.7019964 1.702 1.702 1.702 0.82200003 1.428 1.428 1.428 1.428 0.818 0.81801101 1.236 1.236 0.77976876 0.774 0.774 0.774 0.732 0.732 0.56296689 0.532 0.532 0.47 0.47 0.47 0.47220886 0.676 0.676 
-0.012 -0.012 -0.012 -0.054382343 -0.102 -0.102 -0.004 -0.004 -0.004 -0.004 0.33 0.33 0.33 1.046 1.046 1.046 1.046 1.046005 1.238 1.238 1.4979999 1.498 1.4998503 1.574 1.5751523 1.702 1.702 1.702 1.702 1.4280279 1.428 1.428 1.428 1.428 1.2359985 1.236 1.236 1.236 1.234402 0.774 0.774 0.774 0.732 0.732 0.732 0.532 0.532 0.47000001 0.47 0.47 0.676 0.676 0.676 
-0.012 -0.012 -0.012 -0.102 -0.102 -0.102 -0.10199985 -0.004 -0.004 0.32965522 0.33 0.33 0.33 0.3304461 1.0702827 1.076 1.076 1.076 1.238 1.238 1.238 1.574 1.574 1.574 1.5739759 1.5897518 1.702 1.702 1.702 1.8555491 1.9459491 1.946 1.946 1.946 1.4312624 1.7039989 1.704 1.704 1.704 0.98397127 0.984 0.984 0.732 0.732 0.88199937 0.88200005 1.01 1.01 0.876 0.876 0.876 0.676 0.93776574 
-0.011999187 -0.012 -0.012000003 -0.102 -0.102 -0.102 -0.102 0.061999981 -0.0037361061 0.32986761 0.33 0.33 0.33 0.33146386 1.076 1.076 1.076 1.076 1.238 1.238 1.238 1.574 1.574 1.574 1.488 1.488 1.682 1.682 1.682 1.6834402 1.946 1.946 1.946 1.946 1.8250664 1.704 1.704 1.704 1.704 0.984 0.984 0.984 0.98079069 0.882 0.882 0.882 1.01 1.01 0.876 0.876 0.876 0.938 0.938 
0.25 0.14224125 0.434 0.4338445 -0.102 0.061051102 0.062 0.062 0.16839856 0.184 0.184 0.184 0.184 0.40599277 0.406 1.0759995 1.076 1.0802685 1.238 1.238 1.238 1.172 1.172 1.172 1.488 1.488 1.682 1.682 1.682 1.6820001 1.8140008 1.8140004 1.9426824 1.9458585 1.4166061 1.416 1.416 1.416 1.416 0.984 0.984 0.984 0.88761618 0.882 0.882 0.88199988 1.01 1.01 1.0099952 0.876 0.87600188 0.918 0.938 
0.69391568 0.69399995 0.434 0.434 0.434 0.062 0.062 0.062 0.354 0.354 0.184 0.184 0.184 0.406 0.406 0.406 0.406 0.40609488 1.238 1.238 1.238 1.172 1.172 1.172 1.488 1.488 1.682 1.682 1.682 1.8125117 1.814 1.814 1.814 1.814 1.4161964 1.416 1.416 1.416 1.416 0.5900001 0.59 0.59 0.59 0.88199472 0.194 0.194 0.194 0.578 0.578 0.578 0.918 0.918 0.918 
0.694 0.694 0.434 0.434 0.434 0.063955298 0.062 0.354 0.354 0.354 0.18402093 0.184 -0.14448414 0.40599986 0.406 0.406 0.406 -0.085999999 -0.086 -0.086 0.38600002 0.38600058 1.1719962 1.172 1.1721314 1.244 1.244 1.244001 1.6819292 1.7060215 1.7060006 1.7060189 1.8138154 1.8139068 1.4868144 1.4159996 1.4123539 0.328 0.328 0.59 0.59 0.59 0.59 0.194 0.194 0.194 0.194 0.578 0.578 0.578 0.918 0.918 0.918 
0.694 0.694 0.434 0.434 0.434 0.434 0.17128707 0.354 0.354 0.354 0.35368404 -0.218 -0.218 -0.218 0.40232262 0.406 -0.082721433 -0.086 -0.086 -0.086 0.386 0.386 0.386 0.386 1.244 1.244 1.244 1.244 1.244 1.706 1.706 1.706 1.706 1.7059998 1.632 0.328 0.328 0.328 0.328 0.32799976 0.212 0.212 0.212 0.26341431 0.37 0.37 0.37 0.57799999 0.57799993 0.51 0.51 0.93799513 0.938 
0.694 0.694 0.52784174 0.434 0.434 0.43399999 0.15834781 0.35338232 0.354 0.354 -0.21799993 -0.218 -0.218 -0.218 -0.218 -0.16683309 -0.086 -0.086 -0.086 -0.086 0.38599635 0.386 0.386 0.386 1.244 1.244 1.244 1.244 1.244 1.2256783 1.706 1.706 1.706 1.632 1.632 1.6309874 0.328 0.328 0.5767481 0.76999996 0.212 0.212 0.212 0.26414812 0.37 0.37 0.37 0.672 0.5120185 0.51 0.51 0.938 0.938 
0.46 0.46 0.46 0.44051891 0.43393879 0.158 0.158 0.158 0.158 0.124 0.124 -0.21799998 -0.218 -0.218 -0.218 -0.21799164 -0.086 -0.086 -0.086 -0.086 0.18003451 0.386 0.386 0.37516545 0.028640719 1.244 1.244 1.244 1.056 1.056 1.056 1.0560027 1.632 1.632 1.632 1.632 0.77 0.77 0.77 0.77 0.4 0.4 0.4 0.76199272 0.762 0.762 0.76199988 0.672 0.672 0.51019739 0.51 0.93799891 0.938 
0.46 0.46 0.46 0.45999655 0.396 0.36139089 0.158 0.158 0.158 0.124 0.124 0.124 -0.29999999 -0.3 -0.3 -0.3 -0.086337056 -0.086 -0.086 -0.086 -0.078865403 -0.027998863 -0.028 -0.028 -0.028 -0.027999978 0.30000001 0.3 1.056 1.056 1.056 1.056 1.6319997 1.632 1.632 1.6319609 0.77000001 0.77 0.77 0.77193021 0.4 0.4 0.4 0.76198321 0.762 0.762 0.762 0.672 0.672 0.67200001 0.722 0.722 0.604 
0.46 0.46 0.46 0.39600015 0.396 0.396 0.15800009 0.158 0.158 0.124 0.124 0.124 -0.3 -0.3 -0.3 -0.29771521 -0.27 -0.27 -0.26999952 -0.08703928 -0.028 -0.028 -0.028 -0.028 -0.028 -0.027753163 0.3 0.3 0.3 1.056 1.056 1.0559665 1.152 1.152 1.152 1.234 1.234 1.21 1.21 1.21 1.436 0.40032496 0.40000679 1.31 1.31 1.2892314 0.7620013 0.672 0.672 0.722 0.722 0.722 0.604 
0.46 0.46 0.46 0.396 0.396 0.396 0.396 0.158 0.158 0.124 0.124 -0.28304612 -0.3 -0.3 -0.3 -0.27 -0.27 -0.27 -0.27 -0.27 -0.028 -0.028 -0.028 -0.028 -0.028 0.29999888 0.3 0.3 0.3 1.004 1.004 1.004 1.152 1.152 1.152 1.234 1.234 1.21 1.21 1.436 1.436 1.436 1.31 1.31 1.31 1.31 1.2894632 1.06 1.06 1.06 0.722 0.828 0.828 
0.46 0.46 0.45991088 0.396 0.396 0.396 0.396 0.091356233 0.076 0.07608241 0.12399998 -0.30001072 -0.3 -0.3 -0.2999999 -0.27 -0.27 -0.27 -0.27 -0.27 -0.2121419 -0.028 -0.028 -0.028 -0.028040781 0.29997041 0.3 0.3 0.3 1.004 1.004 1.004 1.0040178 1.152 1.234 1.234 1.234 1.233999 1.2100154 1.436 1.436 1.436 1.3100076 1.31 1.31 1.31 1.0600016 1.06 1.06 1.06 0.828 0.828 0.828 
-0.046 -0.045999116 0.39601806 0.396 0.396 0.396 0.076068092 0.076 0.076 0.076 -0.42799999 -0.428 -0.428 -0.428 -0.27072921 -0.27 -0.27 -0.27 -0.27 -0.22000003 -0.22 -0.22 -0.22599997 -0.226 -0.226 -0.226 -0.18059943 0.3 0.56398919 0.564 0.564 0.564 0.564 1.214 1.214 1.214 1.214 1.214 1.61 1.61 1.61 1.61 1.61 1.2221327 1.222 1.222 1.222 1.06 1.06 1.06 0.82803655 0.828 0.828 
-0.046 -0.046 -0.051324773 -0.68199783 -0.68199976 -0.68126032 0.076 0.076 0.076 0.076 -0.428 -0.428 -0.428 -0.428 -0.428 -0.27 -0.27 -0.27 -0.22000001 -0.22 -0.22 -0.22 -0.226 -0.226 -0.226 -0.226 -0.226 -0.22588791 0.56387257 0.564 0.564 0.564 0.56394881 1.1051549 1.2138873 1.214 1.214 1.214 1.61 1.61 1.61 1.61 1.61 1.222 1.222 1.222 1.222 1.1462456 1.06 1.1272413 1.128 0.528 0.528 
-0.046 -0.046 -0.68191944 -0.682 -0.682 -0.682 -0.4894712 0.076 0.076 0.076 -0.428 -0.428 -0.428 -0.428 -0.428 -0.2701219 -0.27 -0.22001466 -0.22 -0.22 -0.22 -0.22 -0.22377726 -0.226 -0.226 -0.226 -0.226 -0.22567413 0.234 0.234 0.234 0.234 0.234 1.022 1.022 1.022 1.022 1.022 1.85 1.85 1.85 1.85 1.85 1.2222051 1.222 1.222 1.2220142 1.2236998 1.128 1.128 1.128 0.52800336 0.528 
-0.046000479 -0.30093105 -0.68199995 -0.682 -0.682 -0.682 -0.682 0.075677251 0.076 0.076 -0.428 -0.428 -0.428 -0.428 -0.46320039 -0.464 -0.464 -0.22000628 -0.22 -0.22 -0.22 -0.22 -0.22000005 -0.226 -0.226 -0.226 -0.226 0.46399976 0.46399989 0.41505041 0.234 0.234 0.234 1.022 1.022 1.022 1.022 1.0220433 1.85 1.85 1.85 1.85 1.8500048 1.306 1.306 1.306 1.306 1.3059856 1.128 1.128 1.128 1.128 1.1073403 
-0.306 -0.306 -0.39889362 -0.682 -0.682 -0.682 -0.682 -0.682 0.075675346 -0.52199999 -0.522 -0.522 -0.52177692 -0.46399995 -0.464 -0.464 -0.464 -0.464 -0.22000249 -0.24133508 -0.428 -0.428 -0.428 -0.37658277 -0.22551978 -0.22295022 -0.22039122 0.464 0.464 0.464 0.464 0.464 0.45892732 1.0821167 1.086 1.086 1.086 1.086 1.8616466 1.9119999 1.912 1.912 1.912 1.2620001 1.306 1.306 1.306 1.382 1.1280041 1.128 1.128 1.116 1.116 
-0.306 -0.306 -0.464 -0.464 -0.464 -0.68192738 -0.682 -0.682 -0.522 -0.522 -0.522 -0.522 -0.522 -0.464 -0.464 -0.464 -0.464 -0.464 -0.428 -0.428 -0.428 -0.428 -0.428 -0.22000001 -0.22 -0.22 -0.22 0.464 0.464 0.464 0.464 0.464 0.74 0.74 1.086 1.086 1.086 1.1359915 1.136 1.912 1.912 1.912 1.9119999 1.262 1.262 1.262 1.382 1.382 1.382 1.194 1.194 1.116 1.116 
-0.306 -0.306 -0.464 -0.464 -0.464 -0.464 -0.46399992 -0.45 -0.52193221 -0.522 -0.522 -0.522 -0.522 -0.4647235 -0.464 -0.464 -0.464 -0.464 -0.428 -0.428 -0.428 -0.428 -0.428 -0.22 -0.22 -0.22 -0.22 -0.21999721 0.464 0.464 0.464 0.73998553 0.74 0.74 0.74 1.086 1.136 1.136 1.136 1.156418 1.1364322 0.992 0.992 1.262 1.262 1.262 1.382 1.382 1.382 1.194 1.194 1.194 0.56351302 
0.086 0.085996923 -0.464 -0.464 -0.464 -0.464 -0.45 -0.45 -0.45 -0.522 -0.522 -0.522 -0.522 -0.52198197 -0.464 -0.464 -0.464 -0.464 -0.42800061 -0.428 -0.428 -0.428 -0.25664166 -0.22 -0.22 -0.22 -0.22 0.071999761 0.072 0.072000004 0.4598031 0.74 0.74 0.74 0.73999961 0.33200001 1.136 1.136 1.136 1.136 0.992 0.992 0.992 1.29 1.29 1.29 1.0200353 1.382 1.382 1.194 1.194 1.194 0.50600066 
0.086 0.086 -0.464 -0.464 -0.464 -0.45 -0.45 -0.45 -0.45 -0.51411251 -0.522 -0.522 -0.522 -0.52199995 -0.50199563 -0.502 -0.502 -0.502 -0.5512401 -0.36 -0.36 -0.36 -0.36 -0.22 -0.22 -0.22 -0.21998074 0.072 0.072 0.072 0.072 0.73991168 0.5105118 0.332 0.332 0.332 1.1342055 0.65600999 0.656 0.656 0.99194674 0.924 0.924 1.29 1.29 1.2899989 1.02 1.02 0.868 0.868 0.868 0.664 0.744 
0.086 0.085999997 -0.656 -0.656 -0.656 -0.45 -0.45 -0.45 -0.45 -0.686 -0.686 -0.686 -0.686 -0.67303309 -0.502 -0.502 -0.502 -0.502 -0.558 -0.36 -0.36 -0.36 -0.36 -0.486 -0.48599989 -0.22000039 0.072 0.072 0.072 0.072 0.099338863 0.126 0.30748883 0.332 0.332 0.332 0.656 0.656 0.656 0.656 0.924 0.924 0.924 0.98198171 0.982 1.0198292 1.02 1.02 0.8679993 0.868 0.664 0.664 0.744 
0.086 -0.656 -0.656 -0.656 -0.656 -0.656 -0.44976711 -0.42 -0.42 -0.686 -0.686 -0.686 -0.686 -0.68595642 -0.502 -0.502 -0.502 -0.50453026 -0.558 -0.558 -0.36 -0.36 -0.486 -0.486 -0.486 -0.486 0.072 0.072 0.072 0.072 0.126 0.126 0.126 0.33179155 0.332 0.332 0.656 0.656 0.656 0.656 0.924 0.924 0.924 0.982 0.982 0.98195343 0.16 0.16 0.702 0.702 0.664 0.664 0.744 
-0.6490317 -0.656 -0.656 -0.656 -0.656 -0.656 -0.42 -0.42 -0.42 -0.56237432 -0.686 -0.686 -0.686 -0.6859953 -0.502 -0.502 -0.502 -0.558 -0.558 -0.558 -0.36000989 -0.36000077 -0.486 -0.486 -0.486 -0.486 0.071960337 0.072 0.072 0.12598758 0.126 0.126 0.126 0.126 0.3314983 0.328 0.328 0.33367661 0.656 0.656 0.92399976 0.924 0.98031364 0.982 0.982 0.1600003 0.16 0.16 0.702 0.702 0.506 0.506 0.918 
-0.656 -0.656 -0.656 -0.656 -0.656 -0.656 -0.42 -0.42 -0.42 -0.42 -0.48400582 -0.484 -0.484 -0.484 -0.50199993 -0.49046182 -0.484 -0.484 -0.55786358 -0.558 -0.55799996 -0.48599982 -0.486 -0.486 -0.486 -0.486 -0.4855943 0.072 0.072001846 0.126 0.126 0.126 0.126 0.126 0.328 0.328 0.328 0.328 0.328 0.32800193 0.652 0.652 0.65199987 0.272 0.272 0.272 0.342 0.342 0.278 0.278 0.506 0.5060009 0.918 
-0.656 -0.656 -0.656 -0.656 -0.656 -0.656 -0.42 -0.42 -0.42 -0.484 -0.484 -0.484 -0.484 -0.484 -0.484 -0.484 -0.484 -0.484 -0.484 -0.484 -0.48753326 -0.486 -0.486 -0.486 -0.486 -0.46998548 0.023200835 0.065462719 0.1257337 0.126 0.126 0.126 0.126 0.12600044 0.328 0.328 0.328 0.328 0.328 0.47872405 0.652 0.652 0.652 0.272 0.272 0.272 0.342 0.342 0.278 0.278 0.70399999 0.90619469 0.918 
-0.656 -0.656 -0.656 -0.656 -0.656 -0.65599993 -0.42000005 -0.42 -0.42265636 -0.484 -0.484 -0.484 -0.484 -0.484 -0.484 -0.484 -0.484 -0.484 -0.484 -0.484 -0.484 -0.055566981 0.023999286 0.024 0.024 0.024 0.024 0.024 0.026075256 0.026001184 0.026000002 0.026 0.026 0.026000218 0.328 0.328 0.328 0.328 0.328 0.65199996 0.652 0.652 0.652 0.65199983 0.27231103 0.466 0.34200001 0.80583445 0.27846964 0.704 0.704 0.69784715 0.408 
-0.656 -0.656 -0.656 -0.656 -0.656 -0.65598492 -0.42001273 -0.42000387 -0.48399992 -0.484 -0.484 -0.484 -0.484 -0.484 -0.484 -0.484 -0.484 -0.484 -0.484 -0.484 -0.484 0.024 0.024 0.024 0.024 0.024 0.024 0.024 0.025999448 0.026 0.026 0.026 0.026 0.026 0.10874797 0.328 0.328 0.328 0.328 0.652 0.652 0.652 0.652 0.65195235 0.466 0.466 0.4681811 0.814 0.814 0.704 0.704 0.408 0.408 
-0.656 -0.656 -0.656 -0.656 -0.656 -0.65568526 -0.42028194 -0.47677802 -0.484 -0.484 -0.484 -0.484 -0.484 -0.484 -0.484 -0.484 -0.484 -0.484 -0.484 -0.484 -0.41167003 0.024 0.024 0.024 0.024 0.024 0.024 0.024 0.025999992 0.026 0.026 0.026 0.026 0.026 0.026 0.14530776 -0.1386704 -0.29394933 -0.31755223 0.65572816 0.652 0.652 0.652 0.46601485 0.466 0.47053659 1.225998 0.814 0.814 0.5780506 0.578 0.578 0.40800007 
-0.656 -0.656 -0.656 -0.656 -0.65599976 -0.65403188 -0.42718666 -0.4839824 -0.484 -0.484 -0.484 -0.484 -0.484 -0.484 -0.484 -0.484 -0.484 -0.484 -0.484 -0.484 0.023997807 0.024 0.024 0.024 0.024 0.024 0.024 0.024 0.025999999 0.026 0.026 0.026 0.026 0.026 0.025999929 -0.33 -0.33 -0.33 -0.33 0.71 0.71 0.71 0.71 1.2259978 1.226 1.226 1.226 1.2259953 0.81 0.81 0.578 0.578 0.39309344 
-0.656 -0.656 -0.656 -0.65599998 -0.65599341 -0.64962202 -0.48001573 -0.48399916 -0.484 -0.484 -0.484 -0.484 -0.484 -0.484 -0.484 -0.484 -0.484 -0.484 -0.484 -0.48094257 0.024 0.024 0.024 0.024 0.024 0.024 0.024 0.024 0.026 0.026 0.026 0.026 0.026 0.026 -0.32999967 -0.33 -0.33 -0.33 -0.33 0.71 0.71 0.71 0.71 0.84926618 1.226 1.226 1.226 0.81000465 0.81 0.81 0.312 0.312 0.312 
-0.656 -0.656 -0.65599999 -0.65599946 -0.65593556 -0.63499761 -0.48381008 -0.48399979 -0.484 -0.484 -0.484 -0.484 -0.484 -0.484 -0.484 -0.484 -0.484 -0.484 -0.48399942 0.013707115 0.024 0.024 0.024 0.024 0.024 0.024 0.024 0.024 0.025999998 0.026 0.026 0.026 0.026 -0.37662297 -0.33000006 -0.33 -0.33 -0.33 -0.33 0.71 0.71 0.71 0.71 0.71 1.226 1.226 1.226 0.81 0.81 0.81 0.312 0.312 0.312 
-0.656 -0.65599998 -0.65599978 -0.65599369 -0.65563018 -0.55305159 -0.48397271 -0.48399987 -0.484 -0.484 -0.484 -0.484 -0.484 -0.484 -0.484 -0.484 -0.484 -0.48399998 -0.48136984 0.023956805 0.024 0.024 0.024 0.024 0.024 0.024 0.024 0.024000001 0.025999987 0.026 0.02599961 -0.4756483 -0.524 -0.524 -0.524 -0.33 -0.33 -0.33 -0.33 0.71 0.71 0.71 0.71 0.71 1.2259909 1.226 1.2259998 0.81000003 0.81 0.80999973 0.312 0.312 0.312 
