interpolatedSpi/05-04|21_1.tif
NCOLS 53
NROWS 52
XLLCORNER -116.03883
YLLCORNER 28.596182
DX 0.49850594
DY 0.49788537
NODATA_VALUE -9999
-0.98 -0.98 -0.45884615 -1.51 -1.02 -1.1 -0.76 -0.66 -1.1733936 -1.4 -1.4 -1.76 -2.1500313 -2.53 -1.25 -1.25 -1.25 -1.27 -1.13 -1.13 -1.13 -1.1299984 -0.95999999 0.03 0.03 0.03 -0.93001051 -0.93 -0.93 -1.18 -1.18 -1.18 -1.18 -2.1599998 -2.16 -2.16 -2.16 -2.16 -2.16 -2.1599999 0.6398425 0.66983646 0.03 0.03 0.03 0.03 0.030032667 0.05 0.05 0.05 0.54999896 0.55 0.55 
-0.98002488 -1.54 -0.92999915 -0.92679234 -1.3597796 -1.18 -0.55 -1.0702488 -1.25 -1.7 -1.85 -2.15 -2.15 -2.9286662 -2.5299935 -1.25 -1.27 -1.27 -1.1301825 -1.13 -1.13 -1.13 -0.012636045 0.03 0.03 0.03 -0.099999991 -0.1 -1.18 -1.18 -1.18 -1.18 -1.18 -2.1599999 -2.16 -2.16 -2.16 -2.16 -2.16 -1.866072 -0.27017539 -0.0064037638 0.03 0.03 0.03 0.03 0.03 0.05 0.05 0.05 0.091460479 0.55 0.55 
-0.49000106 -0.49 -0.19 0.09 -0.62 -0.71 -0.36 -1.57 -1.64 -1.69 -2.26 -2.6 -2.7 -2.96 -2.93 -1.41 -1.27 -1.27 -1.27 -1.0100349 -1.01 -1.01 -0.78 0.03 0.03 0.03 -0.1 -0.1 -0.1 -1.18 -1.18 -1.1799999 -0.53010991 -2.1572945 -2.1566492 -1.8032988 -1.8 -1.8 -1.6075663 -0.27000001 -0.27 -0.26961638 0.03 0.03 0.03 0.03 0.03 0.05 0.05 0.05 0.050000001 0.55 0.55 
0.42 -0.49 -0.51007813 -2.0193319e-10 -0.68 -0.54 -0.74 -0.83 -1.58 -2.686316 -1.97 -2.71 -2.77 -2.96 -2.07 -1.41 -1.8565571 -1.8595866 -1.42 -1.01 -1.01 -1.51 -0.78 -0.78 0.03 0.029999351 -0.1 -0.1 -0.1 -1.09 -0.39866606 0.17 0.17 0.16999846 -1.8 -1.8 -1.8 -1.8 -0.27 -0.27 -0.27 -0.26999999 0.03 0.03 0.03 0.03 0.03 0.049999748 0.05 0.05 0.05 0.5499791 0.55 
0.42 -0.010000917 -0.51 -1.1565766 -0.68 -0.72 -0.97000465 -0.79 -0.37 -1.7199995 -1.6229575 -1.5898854 -0.79 -2.07 -2.07 -1.6354653 -1.86 -1.86 -1.42 -1.42 -1.010001 -1.51 -0.7 -0.38 0.42 0.41996011 -0.1 -0.1 -1.09 -1.09 0.17 0.17 0.17 0.11154224 -1.8 -1.8 -1.8 -0.27 -0.27 -0.27 -0.27 -0.26984941 0.030000018 0.03 0.03 0.03 0.03 0.030178025 0.05 0.049993722 -0.09 -0.09 -0.09 
-0.99 -0.86 -1.26 -0.84 -0.89 -1.36 -1.61 -1.5050165 -0.88 -0.13 -0.41 0.42 0.4199992 -1.31 -1.31 -1.4601883 -1.46 -0.86 -0.86 -1.4199996 -1.23 -1.23 -0.38 0.42 0.42 0.25 -0.41 -0.41 -0.79002717 -1.09 0.17 0.17 -0.14 -0.1400303 -0.42997918 -0.24 -0.24 -0.26071882 -0.27 -0.27 1.2880543 1.29 1.2899987 0.89446559 0.90990274 0.90999977 0.90999997 0.90999967 0.44531123 -0.09 -0.09 -0.09 -0.09 
0.39001002 0.09 0.56945365 -0.66 -1 -1 -0.58 -0.68 -0.42 -0.42 -0.41 -0.59 -1.4399999 -1.31 -2.2399972 -2.24 -1.46 -0.69 -1 -1 -0.89540193 -0.52 -0.52 -0.059999993 0.25 0.25 -0.41 -0.41 -0.78999709 -0.78994635 -0.70012373 -0.14 -0.14 -0.43 -0.43 -0.2726784 -0.24 -0.24 0.0099913345 1.2899982 1.29 1.29 1.2899916 0.90999805 0.91 0.91 0.91 0.90999979 0.55 -0.08987317 -0.09 -0.09 -0.09 
0.39 0.38 -0.1 -1.08 -1.4899765 -1.17 -0.94 -0.71999999 -1.52 -1.14 -1.14 -0.98 -1.44 -1.44 -2.2345113 -2.1216016 -2.11 -1.32 -0.76000025 -1 -0.26622157 -0.2 -1.28 0.34999999 0.34999819 0.21 0.1 0.09999982 -0.74017521 -0.74 -0.7 -0.89011125 -0.64 -0.43 -0.43199648 -0.3 -0.3 0.0099999987 0.01 1.29 1.29 1.29 0.55993605 0.56000002 0.91 0.91 0.91 0.5500137 0.55 0.55 -0.09 -0.09 -0.09 
0.26621335 0.38 1.2 0.11 -0.15 -1.23 -1.27 -1.08 -1.32 -0.96912745 -0.74 -0.74000001 -0.74 -1.13 -1.1299958 -1.7609755 -1.76 -1.76 -1.2345151 -0.72000005 -0.98 -0.97999999 -1.06 -1.1933016 0.2241083 0.21 0.53 0.1 -0.0093607898 -0.01 -0.96 -0.71 -0.76540146 -1.24 -0.5 -0.82 0.11 -0.22 0.39971371 1.2876788 0.77 0.45 0.55999837 0.56 0.56196999 0.91 0.95 0.55 0.55 0.55 0.55 0.15403458 1.34 
-0.37 -0.37 1.84 0.1 -0.42 -0.54 -0.83 -1 -0.91 -0.87999506 -1.02 -0.58 -1.13 -1.13 -0.68 -0.69481269 -1.76 -1.7598741 -1.23 -0.72 -0.72 -0.75349674 -1.06 -0.52001023 -0.52 -0.52 0.53 0.6 0.6 -0.01 -0.010000001 -0.71020863 -0.82 -1.24 -1.22 -0.82 0.11 -0.17 0.4 0.61643447 0.45000001 0.48673394 0.55 0.56 0.56 0.95 0.95 0.95 0.55 0.55 1.87 1.87 1.8699998 
-0.37 -0.37 0.97 0.43 -0.14 -1.6667495e-12 -0.42 -0.43051932 -1.09 -0.73 -1.39 -0.63 -0.58006738 -0.68 -0.68 -0.68003692 -1 -1.0120715 -1.23 -0.88 -0.88 -1.19 -1.19 -0.52 -0.52 -0.52 0.6 0.6 0.6 -1.69 -1.69 -1.6899986 -0.57 -0.57 -1.03 -1.39 -0.33 -0.44000757 0.4 0.62 0.62 0.41000046 0.55 0.56 1.0300002 1.43 1.2088802 1.21 0.99 0.99 1.87 1.87 1.87 
-0.37 0.20851605 0.73956274 -0.22998832 0.76 -0.56 -0.42 -0.43 -1.0899945 -0.73398836 -0.63000013 -0.63 -0.84 -0.68 -0.68 -0.99999999 -1 -1.0000131 -1.23 -0.88 -0.94087769 -1.19 -1.19 -0.52002713 -0.52 -0.53972317 -0.58 -0.58 -0.57999985 -1.69 -1.69 -0.86 -0.86 -0.57000126 -1.03 -0.72000004 -0.49035416 -0.44 -0.44 0.61999999 0.41 0.41 0.41000451 1.03 1.03 1.43 1.21 1.21 0.99 0.99 1.87 1.87 1.87 
-1.6 -1.1195007 -1.2899355 -1.2823016 0.75999322 -0.55996883 -0.42 -0.42987692 -1.0445193 -1.0805994 -0.84 -0.84 -0.84 -0.84 -0.68002267 -1 -1 -1.0029697 -1.23 -0.88013819 -1.35 -1.35 -1.35 -1.35 -0.53408852 -0.58 -0.58 -0.58 -0.58 -0.58080514 -0.86 -0.86 -0.86 -0.86 -0.72 -0.72 -0.72 -0.454539 -0.43504304 0.22 0.22 0.40998978 1.3399894 1.0300299 1.03 1.43 1.21 1.21 0.99 0.99 1.8668075 1.87 0.34845046 
-1.6 -1.29 -1.29 -1.29 -1.29 -1.2899997 -0.42035821 -0.42481728 -0.92318079 -0.8402602 -0.84 -0.84 -0.84 -0.84 -0.83999994 -1 -1 -1.0157764 -1.2299972 -1.35 -1.35 -1.35 -1.35 -1.35 -1.3458898 -0.97000846 -1.1499999 -1.15 -1.15 -1.15 -0.86 -0.86 -0.86000013 -0.97 -0.97 -0.72 -0.18529455 -0.17 0.21999977 0.22 0.22 0.22 1.34 1.34 1.34 1.3406263 0.99147709 0.99 0.99 0.99 0.99 -0.10999959 -0.11 
-2 -1.29 -1.29 -1.29 -1.29 -1.29 -1.2899999 -0.68882912 -0.76074347 -0.76 -0.76 -0.76 -0.76 -0.76 -0.76 -0.54448634 -0.99272048 -1.0314946 -1.3499848 -1.35 -1.35 -1.35 -1.35 -1.3499993 -1.16 -1.16 -1.16 -1.15 -1.15 -1.1493392 -0.82 -0.82 -0.97 -0.97 -0.97 -0.29815126 -0.17 -0.17 -0.17 0.22 0.22 0.22 1.34 1.34 1.34 1.34 0.98999999 0.99 0.99 0.99 0.99 -0.11 -0.11 
-2 -1.7356751 -1.29 -1.29 -1.29 -1.29 -1.3499882 -1.35 -1.35 -0.76 -0.76 -0.76 -0.76 -0.76 -0.71146646 -0.54 -0.54 -0.54 -0.71194845 -0.71000065 -0.71 -0.71 -0.71 -0.71 -1.16 -1.16 -1.16 -1.16 -1.15 -0.82 -0.82 -0.82 -0.96999999 -0.97 -0.97 -0.1 -0.16990732 -0.17 -0.17 0.22012415 0.46831168 1.0475193 1.34 1.34 0.51256143 0.51 0.51 0.98919325 0.50171233 0.50000004 0.50000009 0.56989706 -0.10999862 
-2 -1.7469828 -1.5177207 -1.29 -1.29 -1.3499645 -1.35 -1.35 -1.35 -1.3457483 -0.76 -0.76 -0.76 -0.75999997 -0.54 -0.54 -0.54 -0.54 -0.70984814 -0.71 -0.71 -0.71 -0.71 -0.71 -1.16 -1.16 -1.16 -1.16 -1.1587633 -0.82 -0.82 -0.82 -0.77 -0.96990668 -0.1 -0.1 -0.1 -0.093519591 0.97274919 1.05 1.05 1.05 0.27 0.27 0.51 0.51 0.51 0.5 0.5 0.5 0.5 0.57 0.57 
-1.7401206 -1.74 -1.74 -1.74 -1.28 -1.3499982 -1.35 -1.35 -1.35 -1.35 -0.80088265 -0.76000704 -0.76000002 -0.54 -0.54 -0.54 -0.54 -0.54 -0.53817624 -0.71 -0.71 -0.71 -0.71 -0.71 -0.94476732 -0.98000098 -0.98 -0.98 -0.98 -0.82 -0.77 -0.77 -0.77 -0.77 -0.1 -0.099984463 0.49 0.49 1.0430076 1.05 1.05 1.05 0.27 0.27 0.47283974 0.51 0.51 0.5 0.5 0.5 0.50075058 0.57 0.57 
-1.74 -1.74 -1.74 -1.5233791 -1.28 -1.28 -1.35 -1.35 -1.35 -1.35 -1.3 -1.3 -1.3 -0.54 -0.54 -0.54 -0.54 -0.53988432 -0.3 -0.3 -0.70999983 -0.71 -0.71048692 -0.73 -0.73225063 -0.98 -0.98 -0.98 -0.98 -0.77002138 -0.77 -0.77 -0.77 -0.77 0.48999793 0.49 0.49 0.49 0.49194141 1.05 1.05 1.05 0.27 0.27 0.27 0.51 0.51 0.49999997 0.5 0.5 0.57 0.57 0.57 
-1.74 -1.74 -1.74 -1.28 -1.28 -1.28 -1.2800001 -1.35 -1.35 -1.3000516 -1.3 -1.3 -1.3 -1.2995265 0.026595688 0.16 0.16 0.16 -0.3 -0.3 -0.3 -0.73 -0.73 -0.73 -0.72969186 -0.27189218 -0.98 -0.98 -0.98 -0.55525158 -0.50002656 -0.5 -0.5 -0.5 0.28523374 1.1128586e-06 5.3485812e-30 3.3814604e-36 3.5526934e-18 -0.35980707 -0.36 -0.36 0.27 0.27 -1.2999934 -1.3000001 -1.71 -1.71 -1.11 -1.11 -1.11 0.57 -0.99859623 
-1.7399987 -1.74 -1.74 -1.28 -1.28 -1.28 -1.28 -0.84000015 -1.3479608 -1.300272 -1.3 -1.3 -1.3 -1.2971351 0.16 0.16 0.16 0.15999987 -0.3 -0.3 -0.3 -0.73 -0.73 -0.73 0.37 0.37 -0.58999999 -0.59 -0.59 -0.58950902 -0.5 -0.5 -0.5 -0.5 -0.25013739 -4.5512736e-15 -4.539081e-40 -4.0644245e-39 -9.0603731e-15 -0.36 -0.36 -0.36 -0.389576 -1.3 -1.3 -1.3 -1.71 -1.71 -1.11 -1.11 -1.11 -1 -1 
-1.32 -1.5106293 -1.35 -1.3499797 -1.28 -0.84254583 -0.84 -0.84 -0.91651951 -1.6 -1.6 -1.6 -1.6 0.12994368 0.13 0.15999998 0.16 0.14787968 -0.3 -0.3 -0.3 -0.43 -0.43 -0.43 0.37 0.37 -0.59 -0.59 -0.59 -0.58999982 -0.34000102 -0.34000045 -0.49597864 -0.49982847 -0.67978912 -0.68 -0.68 -0.68 -0.68 -0.36 -0.36 -0.36 -1.2482408 -1.3 -1.3 -1.3000001 -1.71 -1.71 -1.7099784 -1.11 -1.1100478 -2.18 -1 
-1.3699905 -1.37 -1.35 -1.35 -1.35 -0.84 -0.84 -0.84 -1.05 -1.05 -1.6 -1.6 -1.6 0.13 0.13 0.13 0.13 0.1299524 -0.3 -0.3 -0.3 -0.43 -0.43 -0.43 0.37 0.37 -0.59 -0.59 -0.59 -0.34281877 -0.34 -0.34 -0.34 -0.34 -0.67983223 -0.68 -0.68 -0.68 -0.68 -0.57999994 -0.58 -0.58 -0.58 -1.3000061 -2.09 -2.09 -2.09 -2.78 -2.78 -2.78 -2.18 -2.18 -2.18 
-1.37 -1.37 -1.35 -1.35 -1.35 -0.84268065 -0.84 -1.05 -1.05 -1.05 -1.5999323 -1.6 -1.0525264 0.12999976 0.13 0.13 0.13 -0.99 -0.99 -0.99 -0.68999999 -0.68999981 -0.43000127 -0.43 -0.43001845 -0.84 -0.84 -0.8399994 -0.5900404 -1.0098665 -1.0099964 -1.009883 -0.3411451 -0.3405782 -0.61987868 -0.68000001 -0.68006702 -0.7 -0.7 -0.58 -0.58 -0.58 -0.58 -2.09 -2.09 -2.09 -2.09 -2.78 -2.78 -2.78 -2.18 -2.18 -2.18 
-1.37 -1.37 -1.35 -1.35 -1.35 -1.35 -0.91859687 -1.05 -1.05 -1.05 -1.0499337 -0.93 -0.93 -0.93 0.12375318 0.13 -0.9825366 -0.99 -0.99 -0.99 -0.69 -0.69 -0.69 -0.69 -0.84 -0.84 -0.84 -0.84 -0.84 -1.01 -1.01 -1.01 -1.01 -1.0099991 -0.6 -0.7 -0.7 -0.7 -0.7 -0.70000282 -1.61 -1.61 -1.61 -1.7792151 -2.13 -2.13 -2.13 -2.78 -2.7799981 -0.81 -0.81 -0.39043546 -0.39 
-1.37 -1.37 -1.3572186 -1.35 -1.35 -1.35 -0.88030167 -1.0494643 -1.05 -1.05 -0.93 -0.93 -0.93 -0.93 -0.93 -0.84312414 -0.99 -0.99 -0.99 -0.99 -0.69000232 -0.69 -0.69 -0.69 -0.84 -0.84 -0.84 -0.84 -0.84 -0.5148992 -1.01 -1.01 -1.01 -0.6 -0.6 -0.60007765 -0.7 -0.7 -0.6606055 -0.63000001 -1.61 -1.61 -1.61 -1.7737694 -2.13 -2.13 -2.13 -0.19 -0.80227486 -0.81 -0.81 -0.39 -0.39 
-0.78 -0.78 -0.78 -1.2070853 -1.3490341 -0.88 -0.88 -0.88 -0.88 -0.91 -0.91 -0.93 -0.93 -0.93 -0.93 -0.93000376 -0.99 -0.99 -0.99 -0.99 -0.82091027 -0.69 -0.69 -0.6648764 0.22057295 -0.84 -0.84 -0.84 -0.34 -0.34 -0.34 -0.34000281 -0.6 -0.6 -0.6 -0.6 -0.63 -0.63 -0.63 -0.63 -1.11 -1.11 -1.11 -1.1999982 -1.2 -1.2 -1.2000003 -0.19 -0.19 -0.80924456 -0.81 -0.38999521 -0.39 
-0.78 -0.78 -0.78 -0.77999515 -0.69 -0.71762912 -0.88 -0.88 -0.88 -0.91 -0.91 -0.91 0.0099999571 0.01 0.01 0.0099999376 -0.99217987 -0.99 -0.99 -0.99 -0.98539852 0.26999736 0.27 0.27 0.27 0.27 0.53999999 0.54 -0.34 -0.34 -0.34 -0.34 -0.60000004 -0.6 -0.6 -0.60000489 -0.63 -0.63 -0.63 -0.63026321 -1.11 -1.11 -1.11 -1.1999958 -1.2 -1.2 -1.2 -0.19 -0.19 -0.1899999 0.56 0.56 -0.29 
-0.78 -0.78 -0.78 -0.69000021 -0.69 -0.69 -0.87999993 -0.88 -0.88 -0.91 -0.91 -0.91 0.01 0.01 0.01 -0.15678941 -2.18 -2.18 -2.1799969 -0.99672142 0.27 0.27 0.27 0.27 0.27 0.27020319 0.54 0.54 0.54 -0.34 -0.34 -0.34027677 -0.66 -0.66 -0.66 -0.39 -0.39 -0.69 -0.69 -0.69 -0.33 -1.1097553 -1.1099946 -0.39 -0.39 -0.42069808 -1.1999961 -0.19 -0.19 0.56 0.56 0.56 -0.29 
-0.78 -0.78 -0.78 -0.69 -0.69 -0.69 -0.69 -0.88 -0.88 -0.91 -0.91 -0.026786731 0.01 0.01 0.01 -2.18 -2.18 -2.18 -2.18 -2.18 0.27 0.27 0.27 0.27 0.27 0.53999908 0.54 0.54 0.54 -0.77 -0.77 -0.77 -0.66 -0.66 -0.66 -0.39 -0.39 -0.69 -0.69 -0.33 -0.33 -0.33 -0.39 -0.39 -0.39 -0.39 -0.30538825 0.64 0.64 0.64 0.55999999 -0.13 -0.13 
-0.78 -0.78 -0.77987467 -0.69 -0.69 -0.69 -0.69 -1.0041639 -1.02 -1.0198111 -0.90999998 0.0099681704 0.01 0.01 0.0099924238 -2.18 -2.18 -2.18 -2.18 -2.18 -0.93849079 0.27 0.27 0.27 0.26970547 0.53990435 0.54 0.54 0.54 -0.77 -0.77 -0.77 -0.76998625 -0.66 -0.39 -0.39 -0.39 -0.39001237 -0.68997545 -0.33 -0.33 -0.33 -0.38999636 -0.39 -0.39 -0.39 0.6399972 0.64 0.64 0.64 -0.13 -0.13 -0.13 
-0.51 -0.51000047 -0.69004098 -0.69 -0.69 -0.69 -1.0199298 -1.02 -1.02 -1.02 -0.37000002 -0.37 -0.37 -0.37 -2.1716461 -2.18 -2.18 -2.18 -2.18 -0.99000071 -0.99 -0.99 -1.1599998 -1.16 -1.16 -1.16 -1.0132681 0.54 -1.0299357 -1.03 -1.03 -1.03 -1.03 -0.43 -0.43 -0.43 -0.43 -0.43 0.11 0.11 0.11 0.11 0.11 0.36885435 0.37 0.37 0.37 0.64 0.64 0.64 -0.12987869 -0.13 -0.13 
-0.51 -0.51 -0.50497656 0.089998432 0.089999827 0.088917399 -1.02 -1.02 -1.02 -1.02 -0.37 -0.37 -0.37 -0.37 -0.37 -2.18 -2.18 -2.18 -0.9900003 -0.99 -0.99 -0.99 -1.16 -1.16 -1.16 -1.16 -1.16 -1.1596402 -1.0302858 -1.03 -1.03 -1.03 -1.0301148 -1.0649298 -0.43065744 -0.43 -0.43 -0.43000002 0.11 0.11 0.11 0.11 0.11 0.37 0.37 0.37 0.37 0.49625728 0.64 0.43234296 0.43 -0.08 -0.08 
-0.51 -0.51 0.089923999 0.09 0.09 0.09 -0.19193532 -1.02 -1.02 -1.02 -0.37 -0.37 -0.37 -0.37 -0.37 -2.1786122 -2.18 -0.9903489 -0.99 -0.99 -0.99 -0.99 -1.0970224 -1.16 -1.16 -1.16 -1.16 -1.1604328 -1.77 -1.77 -1.77 -1.77 -1.77 -1.55 -1.55 -1.55 -1.55 -1.55 -0.57 -0.57 -0.57 -0.57 -0.56999999 0.36995117 0.36999999 0.37 0.36999661 0.36960072 0.43 0.43 0.43 -0.079997143 -0.08 
-0.51000063 -0.84337137 0.089999869 0.09 0.09 0.09 0.09 -1.0195274 -1.02 -1.02 -0.37 -0.37 -0.37 -0.37 -0.89800587 -0.91 -0.91 -0.98999794 -0.99 -0.99 -0.99 -0.99 -0.99000005 -1.16 -1.16 -1.16 -1.16 -3.7199981 -3.7199991 -3.3049926 -1.77 -1.77 -1.77 -1.55 -1.55 -1.55 -1.55 -1.5495598 -0.57 -0.57 -0.57 -0.57 -0.5699548 0.35 0.35 0.35 0.35 0.35000645 0.43 0.43 0.43 0.42999993 0.3042563 
-0.85 -0.85 -0.63480355 0.09 0.09 0.09 0.09 0.09 -1.0195256 -0.57000001 -0.57 -0.57 -0.56952536 -0.90999922 -0.91 -0.91 -0.91 -0.91 -0.99000192 -1.0064116 -1.15 -1.15 -1.15 -1.1530196 -1.168804 -1.2159125 -1.2570627 -3.72 -3.72 -3.72 -3.72 -3.72 -3.6195967 -0.90269367 -0.9 -0.9 -0.9 -0.9 -0.45916629 0.01999894 0.02 0.02 0.02 1.0499979 0.35000018 0.35 0.35 0.99 0.43000897 0.43 0.43 0.31 0.31 
-0.85 -0.85 -0.57 -0.57 -0.57 0.089780149 0.09 0.09 -0.57 -0.57 -0.57 -0.57 -0.57 -0.90999998 -0.91 -0.91 -0.91 -0.91 -1.15 -1.15 -1.15 -1.15 -1.15 -1.27 -1.27 -1.27 -1.27 -3.72 -3.72 -3.72 -3.72 -3.72 -1.14 -1.14 -0.9 -0.9 -0.9 0.52975647 0.53 0.02 0.02 0.02 0.02000016 1.05 1.05 1.05 0.99 0.99 0.99 0.28 0.28 0.31 0.31 
-0.85 -0.85 -0.57 -0.57 -0.57 -0.57 -0.56999973 -0.52 -0.56995292 -0.57 -0.57 -0.57 -0.57 -0.90575881 -0.91 -0.91 -0.91 -0.91 -1.15 -1.15 -1.15 -1.15 -1.15 -1.27 -1.27 -1.27 -1.27 -1.2700098 -3.72 -3.72 -3.72 -1.1401353 -1.14 -1.14 -1.14 -0.9 0.52999998 0.53 0.53 0.51658094 0.89672881 1.06 1.06 1.05 1.05 1.05 0.99 0.99 0.99 0.28 0.28 0.28 -0.58665919 
-1.16 -1.1599976 -0.57 -0.57 -0.57 -0.57 -0.52 -0.52 -0.52 -0.57 -0.57 -0.57 -0.57 -0.5701057 -0.91 -0.91 -0.91 -0.91 -1.1499953 -1.15 -1.15 -1.15 -1.2488327 -1.27 -1.27 -1.27 -1.27 -0.59000056 -0.59 -0.59000003 -3.6863103 -1.14 -1.14 -1.14 -1.1399989 -0.030000016 0.53 0.53 0.53 0.53 1.06 1.06 1.06 0.7 0.7 0.7 -0.059897744 0.99 0.99 0.28 0.28 0.28 -0.68000067 
-1.16 -1.16 -0.57 -0.57 -0.57 -0.52 -0.52 -0.52 -0.52 -0.56450928 -0.57 -0.57 -0.57 -0.56999901 -0.16008631 -0.16 -0.16 -0.16 0.076112083 -0.03 -0.03 -0.03 -0.03 -1.27 -1.27 -1.27 -1.2699551 -0.59 -0.59 -0.59 -0.59 -1.1397672 -0.51565711 -0.03 -0.03 -0.03 0.53152866 0.93999146 0.94 0.94 1.0597024 0.68000001 0.68 0.7 0.7 0.69999678 -0.06 -0.06 -0.37 -0.37 -0.37 -0.77 -0.92 
-1.16 -1.16 -0.41 -0.41 -0.41 -0.52 -0.52 -0.52 -0.52 -0.24 -0.24 -0.24 -0.24 -0.23436221 -0.16 -0.16 -0.16 -0.16 0.08 -0.03 -0.03 -0.03 -0.029999999 0.82 0.81999917 -1.2699969 -0.59 -0.59 -0.59 -0.59 -0.053348243 0.47 0.029493142 -0.03 -0.03 -0.03 0.94 0.94 0.94 0.94 0.68 0.68 0.68 0.25013559 0.25 -0.058606572 -0.06 -0.06 -0.36999862 -0.37 -0.77 -0.77 -0.92 
-1.16 -0.41 -0.41 -0.41 -0.41 -0.41 -0.52038814 -0.57 -0.57 -0.24 -0.24 -0.24 -0.24 -0.23998105 -0.16 -0.16 -0.16 -0.14915604 0.08 0.08 -0.03 -0.03 0.82 0.82 0.82 0.82 -0.59 -0.59 -0.59 -0.59 0.47 0.47 0.47 -0.029494041 -0.03 -0.03 0.94 0.94 0.94 0.94 0.68 0.68 0.68 0.25 0.25 0.2499966 0.19 0.19 -0.1 -0.1 -0.77 -0.77 -0.92 
-0.41704343 -0.41 -0.41 -0.41 -0.41 -0.41 -0.57 -0.57 -0.57 -0.39337021 -0.24 -0.24 -0.24 -0.23999734 -0.16 -0.16 -0.16 0.08 0.08 0.08 -0.029994505 -0.029994808 0.82 0.82 0.82 0.82 -0.58989978 -0.59 -0.59 0.46975623 0.47 0.47 0.47 0.47 -0.027885654 0.6 0.6 0.60588429 0.94 0.94 0.68000023 0.68 0.26250234 0.25 0.25 0.19000002 0.19 0.19 -0.1 -0.1 -0.09 -0.09 0.2 
-0.41 -0.41 -0.41 -0.41 -0.41 -0.41 -0.57 -0.57 -0.57 -0.57 -0.12000346 -0.12 -0.12 -0.12 -0.1599987 0.12845445 0.29 0.29 0.080387134 0.08 0.079999978 0.81999877 0.82 0.82 0.82 0.82 0.81897485 -0.59 -0.58996377 0.47 0.47 0.47 0.47 0.47 0.6 0.6 0.6 0.6 0.6 0.60000111 0.55 0.55 0.55 0.55 0.55 0.55 0.57 0.57 0.46 0.46 -0.09 -0.089999369 0.2 
-0.41 -0.41 -0.41 -0.41 -0.41 -0.41 -0.57 -0.57 -0.57 -0.12 -0.12 -0.12 -0.12 -0.12 -0.011924984 0.29 0.29 0.29 0.29 0.29 0.27997319 0.81999999 0.82 0.82 0.82 0.79896132 0.15104988 -0.4892321 0.46477263 0.47 0.47 0.47 0.47 0.47000028 0.6 0.6 0.6 0.6 0.6 0.57674012 0.55 0.55 0.55 0.55 0.55 0.55 0.57 0.57 0.46 0.46 1.34 0.26288707 0.2 
-0.41 -0.41 -0.41 -0.41 -0.41 -0.41000005 -0.56999996 -0.57 -0.55132249 -0.12 -0.12 -0.12 -0.12 -0.12 -0.10033388 0.29 0.29 0.29 0.29 0.29 0.29 0.25287226 0.15000094 0.15 0.15 0.15 0.15 0.15 -0.1945191 -0.19999207 -0.19999999 -0.2 -0.2 -0.19999942 0.6 0.6 0.6 0.6 0.6 0.55000001 0.55 0.55 0.55 0.55 0.55153909 1.51 0.5700001 1.5625271 0.46098135 1.34 1.34 1.3420787 1.44 
-0.41 -0.41 -0.41 -0.41 -0.41 -0.41001022 -0.56999137 -0.56997277 -0.12000057 -0.12 -0.12 -0.12 -0.12 -0.12 -0.11219857 0.29 0.29 0.29 0.29 0.29 0.29 0.15 0.15 0.15 0.15 0.15 0.15 0.15 -0.19990338 -0.2 -0.2 -0.2 -0.2 -0.2 0.019199922 0.6 0.6 0.6 0.6 0.55 0.55 0.55 0.55 0.55024593 1.51 1.51 1.5104387 1.58 1.58 1.34 1.34 1.44 1.44 
-0.41 -0.41 -0.41 -0.41 -0.41 -0.41021338 -0.56979741 -0.17077956 -0.12 -0.12 -0.12 -0.12 -0.12 -0.12 -0.11282225 0.29 0.29 0.29 0.29 0.29 0.27006654 0.15 0.15 0.15 0.15 0.15 0.15 0.15 -0.1999986 -0.2 -0.2 -0.2 -0.2 -0.2 -0.2 0.39730449 0.082265361 -0.090004574 -0.11621896 0.51593231 0.54999999 0.55 0.55 1.5099233 1.51 1.5035533 0.4300055 1.58 1.58 2.0898234 2.09 2.09 1.4400003 
-0.41 -0.41 -0.41 -0.41 -0.41000016 -0.41133414 -0.52997336 -0.12012374 -0.12 -0.12 -0.12 -0.12 -0.12 -0.12 -0.11042587 0.29 0.29 0.29 0.29 0.29 0.1500006 0.15 0.15 0.15 0.15 0.15 0.15 0.15 -0.1999999 -0.2 -0.2 -0.2 -0.2 -0.2 -0.19999999 -0.13 -0.13 -0.13 -0.13 0.02 0.02 0.02 0.02 0.43000313 0.43 0.43 0.43 0.43000959 1.28 1.28 2.09 2.09 1.7796637 
-0.41 -0.41 -0.41 -0.41000001 -0.41000447 -0.41413941 -0.15059619 -0.12000588 -0.12 -0.12 -0.12 -0.12 -0.12 -0.12 -0.10608207 0.28999983 0.29 0.29 0.29 0.2891574 0.15 0.15 0.15 0.15 0.15 0.15 0.15 0.15 -0.19999992 -0.2 -0.2 -0.2 -0.2 -0.2 -0.13000006 -0.13 -0.13 -0.13 -0.13 0.02 0.02 0.02 0.02 0.13065724 0.43 0.43 0.43 1.2799905 1.28 1.28 1.64 1.64 1.64 
-0.41 -0.41 -0.41000001 -0.41000036 -0.41004269 -0.40517149 -0.12164149 -0.12000147 -0.12 -0.12 -0.12 -0.12 -0.12 -0.11999997 -0.10019789 0.28999036 0.29 0.29 0.28999984 0.15283662 0.15 0.15 0.15 0.15 0.15 0.15 0.15 0.15 -0.19999967 -0.2 -0.2 -0.2 -0.2 -0.39033073 -0.1300001 -0.13 -0.13 -0.13 -0.13 0.02 0.02 0.02 0.02 0.02 0.43 0.43 0.43 1.28 1.28 1.28 1.64 1.64 1.64 
-0.41 -0.41000001 -0.41000015 -0.41000419 -0.41013999 -0.26142185 -0.12028296 -0.1200009 -0.12 -0.12 -0.12 -0.12 -0.12 -0.11999923 -0.09320209 0.28985026 0.28999999 0.29 0.28927515 0.1500119 0.15 0.15 0.15 0.15 0.15 0.15 0.15 0.1499998 -0.19999781 -0.2 -0.20000018 -0.43714283 -0.46 -0.46 -0.46 -0.13 -0.13 -0.13 -0.13 0.02 0.02 0.02 0.02 0.02 0.42999273 0.43 0.43000042 1.2799999 1.28 1.2800002 1.64 1.64 1.64 
