interpolatedSpi/05-09|19_1.tif
NCOLS 53
NROWS 52
XLLCORNER -116.03883
YLLCORNER 28.596182
DX 0.49850594
DY 0.49788537
NODATA_VALUE -9999
[rows 0 to 28 of 52, columns 0 to 52 of 53]
0.34666667 0.34666667 0.21994302 -0.13166667 -0.13 -0.24666667 -0.063333333 -0.25833333 -0.51462883 -0.54166667 -0.475 -0.09 -0.28666996 -0.32666667 -0.2 -0.2 -0.2 0.11666667 0.29666667 0.29666667 0.29666667 0.29666384 0.003333336 0.26666667 0.26666667 0.26666667 -0.16499671 -0.165 -0.165 -0.14333333 -0.14333333 -0.14333333 -0.14333333 -0.36999995 -0.37 -0.37 -0.37 -0.37 -0.37 -0.37 -0.18862001 -0.18668744 -0.26833333 -0.26833333 -0.26833333 -0.26833333 -0.26904111 -0.70166667 -0.70166667 -0.70166667 0.35166448 0.35166667 0.35166667
0.34667133 0.45166667 0.24000033 0.22930779 0.10826354 0.21333333 0.47666667 -0.09994418 -0.54 -0.405 -0.041666667 -0.28666667 -0.28666667 0.10688284 -0.32666029 -0.2 0.11666667 0.11666667 0.29643197 0.29666667 0.29666667 0.29666667 0.2424536 0.26666667 0.26666667 0.26666667 0.16833334 0.16833333 -0.14333333 -0.14333333 -0.14333333 -0.14333333 -0.14333333 -0.36999997 -0.37 -0.37 -0.37 -0.37 -0.36999997 -0.28840766 0.12330628 -0.22080777 -0.26833333 -0.26833333 -0.26833333 -0.26833333 -0.26833333 -0.70166667 -0.70166667 -0.70166667 -0.61432326 0.35166667 0.35166667
0.075012117 0.075 0.52333333 0.29666667 0.005 0.06 0.21666667 0.41333333 -0.016666667 -0.15 0.063333333 -0.073333333 0.115 -0.23666667 0.10833333 -0.33666667 0.11666667 0.11666667 0.11666667 0.12005136 0.12 0.12 -0.19333333 0.26666667 0.26666667 0.26666667 0.16833333 0.16833333 0.16833333 -0.14333333 -0.14333333 -0.14333334 -0.16740334 -0.36905855 -0.36632339 0.021380429 0.025 0.025 0.037367742 0.12333333 0.12333333 0.12283249 -0.26833333 -0.26833333 -0.26833333 -0.26833333 -0.26833333 -0.70166667 -0.70166667 -0.70166667 -0.70166666 0.35166667 0.35166667
0.20833333 0.074999913 -0.35499081 0.21333333 -0.13 0.24166667 0.21333333 -0.021666667 0.065 0.080107719 -0.11666667 -0.29333333 -0.033333333 -0.23666667 -0.12666667 -0.33666667 -0.12992728 -0.12816167 -0.365 0.12 0.12 -0.10333333 -0.19333333 -0.19333333 0.26666667 0.26666618 0.16833333 0.16833333 0.16833333 -0.495 -0.32948222 -0.19333333 -0.19333333 -0.19333316 0.025 0.025 0.025 0.025 0.12333333 0.12333333 0.12333333 0.12333332 -0.26833333 -0.26833333 -0.26833333 -0.26833333 -0.26833333 -0.7016612 -0.70166667 -0.70166667 -0.70166667 0.35164103 0.35166667
0.20833333 0.28666549 -0.355 -0.30638948 -0.13 0.041666667 -0.0066684096 -0.066666667 -0.031666667 -0.14833348 -0.12193613 -0.10835816 -0.28166667 -0.12666667 -0.12666667 -0.2639041 -0.12833333 -0.12833333 -0.365 -0.365 0.11999955 -0.10333333 -0.061666667 -0.028333333 0.11166667 0.11175633 0.16833333 0.16833333 -0.495 -0.495 -0.19333333 -0.19333333 -0.19333333 -0.20024776 0.025 0.025 0.025 0.12333333 0.12333333 0.12333333 0.12333333 0.123324 -0.26833333 -0.26833333 -0.26833333 -0.26833333 -0.26833333 -0.27219054 -0.70166667 -0.70165463 -0.43333333 -0.43333333 -0.43333333
-0.895 0.355 0.0033333627 -0.23333333 0.16666667 0.3 -0.22 -0.20036894 -0.34833333 -0.24666667 -0.47333333 -0.53 -0.52999984 -0.675 -0.675 -0.063256476 -0.063333333 0.023333333 0.023333332 -0.36499956 -0.12166667 -0.12166667 -0.028333333 0.11166667 0.11166667 0.495 -0.355 -0.355 -0.23835662 -0.495 -0.19333333 -0.19333333 -0.23 -0.23003605 -0.57497524 -0.46666667 -0.46666667 -0.059196635 0.12333333 0.12333333 0.026787231 0.026666667 0.026667269 0.15571323 0.16328563 0.16333322 0.16333332 0.16333318 0.41188388 -0.43333333 -0.43333333 -0.43333333 -0.43333333
0.20165951 0.295 0.44573957 0.325 0.425 -0.27333333 -0.22666666 -0.23333333 -0.54666667 -0.54666667 -0.47333333 -0.195 -0.15166665 -0.675 0.25499721 0.255 -0.063333333 0.13666667 0.13833333 0.13833333 -0.031340896 0.07 0.07 0.51333333 0.495 0.495 -0.355 -0.355 -0.23833226 -0.23831366 0.012612923 -0.23 -0.23 -0.575 -0.575 -0.14532904 -0.46666667 -0.46666667 -0.15167759 0.026666418 0.026666667 0.026666667 0.026670715 0.16333476 0.16333333 0.16333333 0.16333333 0.16333359 0.595 -0.43312955 -0.43333333 -0.43333333 -0.43333333
0.20166667 0.16833333 0.685 -0.20666667 0.21330926 -0.405 -0.59166667 -0.28666667 -0.44666667 -0.42333333 -0.42333333 -0.063333333 -0.15166667 -0.15166667 0.25220989 0.18365737 0.17666667 -0.0033333333 -0.14166638 0.13833333 0.021713102 0.011666667 0.30666667 0.175 0.17500148 0.29 0.31166667 0.31166643 -0.22006424 -0.22 0.013333333 -0.065572432 -0.40166667 -0.575 -0.54885557 0.12333333 0.12333333 -0.15166667 -0.15166667 0.026666667 0.026666667 0.026666672 0.41767257 0.41833332 0.16333333 0.16333333 0.16333333 0.59498357 0.595 0.595 -0.43333333 -0.43333333 -0.43333333
0.16277043 0.16833334 0.76666667 0.505 0.295 -0.12833333 -0.11 -0.075 -0.53666667 -0.34528164 -0.49166667 -0.17666667 -0.17666667 -0.045 -0.044998104 -0.090918799 -0.091666667 -0.091666667 -0.024450126 0.27666664 0.13 0.13 0.415 0.34935905 0.27841104 0.29 0.22333333 0.31166667 0.24704438 0.24666667 0.028333333 0.41666667 0.41078753 0.46333333 0.34166667 0.21 0.185 -0.10166667 0.24150813 0.027767731 0.27333333 0.365 0.41832004 0.41833333 0.41689806 0.16333333 0.36166666 0.595 0.595 0.595 0.595 -0.35447862 0.31333333
0.13166667 0.13166667 0.37833333 0.44833333 -0.016666667 -0.44 -0.29 -0.14666667 -0.22666667 -0.29666872 -0.30666667 -0.27166667 -0.045 -0.045 0.15666667 0.15326066 -0.091666667 -0.091627481 0.046666667 0.27666667 0.27666667 0.2577711 0.415 0.21500379 0.215 0.215 0.22333333 0.54333333 0.54333333 0.24666667 0.24666667 0.41664454 0.405 0.46333333 0.355 0.21 0.185 0.025 0.24166667 0.43350632 0.365 0.35459205 0.33666667 0.41833333 0.41833333 0.36166667 0.36166667 0.36166667 0.595 0.595 0.2 0.2 0.20000004
0.13166667 0.13166667 0.20333333 -0.15666667 -0.13333333 -0.025 -0.265 -0.22677399 -0.355 -0.36666667 -0.13 -0.445 -0.27189709 0.15666667 0.15666667 0.15669301 0.385 0.36724268 0.046666667 0.47333333 0.47333333 0.77 0.77 0.215 0.215 0.215 0.54333333 0.54333333 0.54333333 0.45333333 0.45333333 0.45333325 0.49666667 0.49666667 0.105 0.31666667 0.335 -0.19333312 0.43166667 0.43666667 0.43666667 0.16833389 0.33666667 0.41833333 0.3916667 0.43166667 0.4446411 0.445 0.84333333 0.84333333 0.2 0.2 0.2
0.13166667 0.1625049 0.049708493 -0.1433228 0.20666667 0.18 -0.265 -0.22666667 -0.35499893 -0.36653741 -0.4449999 -0.445 0.39333333 0.15666667 0.15666667 0.38499999 0.385 0.38498074 0.046666667 0.47333333 0.53159263 0.77 0.77 0.21502241 0.215 0.32402532 0.54666667 0.54666667 0.54666667 0.45333333 0.45333333 0.41 0.41 0.49666559 0.105 0.28999993 0.25428852 -0.19333333 -0.19333333 0.43666666 0.16833333 0.16833333 0.16833497 0.39166667 0.39166667 0.43166667 0.445 0.445 0.84333333 0.84333333 0.2 0.2 0.2
-0.05 0.31985446 0.33498211 0.33153939 0.20666639 0.18000063 -0.26499999 -0.22713853 -0.34615652 -0.35530465 0.39333333 0.39333333 0.39333333 0.39333333 0.15670019 0.385 0.385 0.38063158 0.046666667 0.47343672 0.84 0.84 0.84 0.84 0.2258512 0.54666667 0.54666667 0.54666667 0.54666667 0.54661545 0.41 0.41 0.41 0.41 0.29 0.29 0.29 -0.16999939 -0.18880197 0.41 0.41 0.16834633 0.206673 0.39164885 0.39166667 0.43166667 0.445 0.445 0.84333333 0.84333333 0.20233394 0.2 -0.16267008
-0.05 0.335 0.335 0.335 0.335 0.33499993 -0.26386087 -0.24687873 -0.32256294 0.39252717 0.39333333 0.39333333 0.39333333 0.39333333 0.39333349 0.385 0.38499995 0.36179264 0.04667395 0.84 0.84 0.84 0.84 0.84 0.8380173 0.57276697 0.55833333 0.55833333 0.55833333 0.55833333 0.41 0.41 0.41000036 0.70666667 0.70666667 0.29 0.71452372 0.72666667 0.41000018 0.41 0.41 0.41 0.20666667 0.20666667 0.20666667 0.20823246 0.057534708 0.055 0.055 0.055 0.055000014 0.5266666 0.52666667
0.48 0.335 0.335 0.335 0.335 0.335 0.33499996 -0.12423176 0.61488945 0.62 0.62 0.62 0.62 0.62 0.62 0.82245103 0.39197895 0.33867099 0.83990037 0.84 0.84 0.84 0.84 0.84000022 0.74833333 0.74833333 0.74833307 0.55833333 0.55833333 0.558607 0.695 0.695 0.70666667 0.70666667 0.70666667 0.72346285 0.72666667 0.72666667 0.72666667 0.41 0.41 0.41 0.20666667 0.20666667 0.20666667 0.20666667 0.055000008 0.055 0.055 0.055 0.055 0.52666667 0.52666667
0.48 0.42601815 0.335 0.335 0.335 0.335 0.20502551 0.205 0.20500001 0.62 0.62 0.62 0.62 0.62 0.66559211 0.82666667 0.82666667 0.82666667 1.0244364 1.0249998 1.025 1.025 1.025 1.025 0.74833333 0.74833333 0.74833333 0.74833333 0.55833333 0.695 0.695 0.695 0.70666667 0.70666667 0.70666667 0.64666667 0.72656074 0.72666667 0.72666667 0.41003408 0.47781203 0.63598921 0.20666667 0.20666667 0.54063284 0.54166667 0.54166667 0.055700098 0.47851482 0.47999996 0.47999992 0.62665149 0.52666687
0.48 0.22373905 0.27511789 0.335 0.335 0.20507681 0.205 0.205 0.205 0.20799061 0.62 0.62 0.62 0.62000002 0.82666667 0.82666667 0.82666667 0.82666667 1.0248228 1.025 1.025 1.025 1.025 1.025 0.74833334 0.74833333 0.74833333 0.74833333 0.74813934 0.695 0.695 0.695 0.99166666 0.70666744 0.64666667 0.64666667 0.64666667 0.64931084 0.64237213 0.63666667 0.63666667 0.63666667 0.65833333 0.65833333 0.54166667 0.54166667 0.54166667 0.48 0.48 0.48 0.48 0.62666667 0.62666667
0.21681329 0.21666667 0.21666667 0.21666667 0.051666667 0.20499604 0.205 0.205 0.205 0.205 0.60612001 0.61999761 0.61999999 0.82666667 0.82666667 0.82666667 0.82666667 0.82666667 0.8411628 1.025 1.025 1.025 1.025 1.025 0.96841349 1.0883315 1.0883333 1.0883333 1.0883333 0.69500002 0.99166666 0.99166667 0.99166667 0.99166667 0.64666667 0.64667299 0.88666667 0.88666667 0.63978829 0.63666667 0.63666667 0.63666667 0.65833333 0.65833333 0.55973068 0.54166667 0.54166667 0.48 0.48 0.48 0.48157265 0.62666667 0.62666667
0.21666667 0.21666667 0.21666667 0.13896571 0.051666667 0.051666667 0.205 0.205 0.205 0.205 0.43666667 0.43666667 0.43666667 0.82666667 0.82666667 0.82666667 0.82666667 0.82664546 0.81 0.81 1.0249999 1.025 1.0232958 0.955 0.95620034 1.0883333 1.0883333 1.0883333 1.0883333 0.99167651 0.99166667 0.99166667 0.99166667 0.99166667 0.88666582 0.88666667 0.88666667 0.88666667 0.88580895 0.63666667 0.63666667 0.63666667 0.65833333 0.65833333 0.65833333 0.54166667 0.54166667 0.48 0.48 0.48 0.62666667 0.62666667 0.62666667
0.21666667 0.21666667 0.21666667 0.051666667 0.051666667 0.051666667 0.051666901 0.205 0.205 0.43642752 0.43666667 0.43666667 0.43666667 0.43690965 0.72279079 0.69833333 0.69833333 0.69833333 0.81 0.81 0.81 0.955 0.955 0.955 0.95501494 1.0463714 1.0883333 1.0883333 1.0883333 1.161953 1.198313 1.1983333 1.1983333 1.1983333 1.0427881 1.2616658 1.2616667 1.2616667 1.2616667 0.83163999 0.83166667 0.83166667 0.65833333 0.65833333 0.7466663 0.74666666 0.74 0.74 0.71 0.71 0.71 0.62666667 0.75322008
0.21666712 0.21666667 0.21666666 0.051666667 0.051666667 0.051666667 0.051666668 0.21833333 0.20505331 0.43659412 0.43666667 0.43666667 0.43666667 0.43718013 0.69833333 0.69833333 0.69833333 0.69833337 0.81 0.81 0.81 0.955 0.955 0.955 1.0083333 1.0083333 1.0716667 1.0716667 1.0716667 1.0723577 1.1983333 1.1983333 1.1983333 1.1983333 1.2299826 1.2616667 1.2616667 1.2616667 1.2616667 0.83166667 0.83166667 0.83166667 0.82899224 0.74666667 0.74666667 0.74666667 0.74 0.74 0.71 0.71 0.71 0.75333333 0.75333333
0.36166667 0.30195006 0.43833333 0.43822115 0.051666667 0.21736901 0.21833333 0.21833333 0.30396231 0.35666667 0.35666667 0.35666667 0.35666667 0.34500038 0.345 0.69833306 0.69833333 0.70127559 0.81 0.81 0.81 0.73333333 0.73333333 0.73333333 1.0083333 1.0083333 1.0716667 1.0716667 1.0716667 1.0716667 1.1566669 1.1566668 1.1972861 1.1982887 1.1200902 1.12 1.12 1.12 1.12 0.83166667 0.83166667 0.83166667 0.75134687 0.74666667 0.74666667 0.74666658 0.74 0.74 0.73999892 0.71 0.71000343 0.78666667 0.75333333
0.63661444 0.63666663 0.43833333 0.43833333 0.43833333 0.21833333 0.21833333 0.21833333 0.45333333 0.45333333 0.35666667 0.35666667 0.35666667 0.345 0.345 0.345 0.345 0.34505295 0.81 0.81 0.81 0.73333333 0.73333333 0.73333333 1.0083333 1.0083333 1.0716667 1.0716667 1.0716667 1.1557083 1.1566667 1.1566667 1.1566667 1.1566667 1.1200181 1.12 1.12 1.12 1.12 0.5933334 0.59333333 0.59333333 0.59333333 0.74666309 0.28 0.28 0.28 0.51166667 0.51166667 0.51166667 0.78666667 0.78666667 0.78666667
0.63666667 0.63666667 0.43833333 0.43833333 0.43833333 0.21948969 0.21833333 0.45333333 0.45333333 0.45333333 0.35667857 0.35666667 0.1088055 0.34499993 0.345 0.345 0.345 -0.058333333 -0.058333333 -0.058333333 0.23833334 0.2383337 0.73333092 0.73333333 0.73344908 0.79833333 0.79833333 0.79833398 1.0716225 1.113342 1.1133336 1.1133409 1.1565926 1.1566293 1.1265011 1.1199997 1.1173581 0.33166667 0.33166667 0.59333333 0.59333333 0.59333333 0.59333333 0.28 0.28 0.28 0.28 0.51166667 0.51166667 0.51166667 0.78666667 0.78666667 0.78666667
0.63666667 0.63666667 0.43833333 0.43833333 0.43833333 0.43833333 0.30628697 0.45333333 0.45333333 0.45333333 0.45311238 0.053333333 0.053333333 0.053333333 0.34328114 0.345 -0.05564562 -0.058333333 -0.058333333 -0.058333333 0.23833333 0.23833333 0.23833333 0.23833333 0.79833333 0.79833333 0.79833333 0.79833333 0.79833333 1.1133333 1.1133333 1.1133333 1.1133333 1.1133328 0.87 0.33166667 0.33166667 0.33166667 0.33166667 0.33166636 0.19166667 0.19166667 0.19166667 0.22475035 0.29333333 0.29333333 0.29333333 0.51166666 0.51166664 0.48833333 0.48833333 0.75000892 0.75
0.63666667 0.63666667 0.50991774 0.43833333 0.43833333 0.43833333 0.26200678 0.45272931 0.45333333 0.45333333 0.053333358 0.053333333 0.053333333 0.053333333 0.053333333 0.0772237 -0.058333333 -0.058333333 -0.058333333 -0.058333333 0.23833104 0.23833333 0.23833333 0.23833333 0.79833333 0.79833333 0.79833333 0.79833333 0.79833333 0.71306527 1.1133333 1.1133333 1.1133333 0.87 0.87 0.86958197 0.33166667 0.33166667 0.38137877 0.41999999 0.19166667 0.19166667 0.19166667 0.22488325 0.29333333 0.29333333 0.29333333 0.41833333 0.48746114 0.48833333 0.48833333 0.75 0.75
0.45166667 0.45166667 0.45166667 0.44167637 0.43836796 0.26166667 0.26166667 0.26166667 0.26166667 0.17 0.17 0.053333342 0.053333333 0.053333333 0.053333333 0.053326247 -0.058333333 -0.058333333 -0.058333333 -0.058333333 0.10887762 0.23833333 0.23833333 0.23100562 -0.0042624179 0.79833333 0.79833333 0.79833333 0.57166667 0.57166667 0.57166667 0.57166894 0.87 0.87 0.87 0.87 0.42 0.42 0.42 0.42 0.18333333 0.18333333 0.18333333 0.44999464 0.45 0.45 0.44999995 0.41833333 0.41833333 0.48824804 0.48833333 0.7499983 0.75
0.45166667 0.45166667 0.45166667 0.45166738 0.465 0.43543199 0.26166667 0.26166667 0.26166667 0.17 0.17 0.17 -0.17333332 -0.17333333 -0.17333333 -0.17333333 -0.058583683 -0.058333333 -0.058333333 -0.058333333 -0.053850098 -0.041665898 -0.041666667 -0.041666667 -0.041666667 -0.041666657 -0.0083333271 -0.0083333333 0.57166667 0.57166667 0.57166667 0.57166667 0.86999977 0.87 0.87 0.86997366 0.42 0.42 0.42 0.42059953 0.18333333 0.18333333 0.18333333 0.44998763 0.45 0.45 0.45 0.41833333 0.41833333 0.41833333 0.41333333 0.41333333 0.505
0.45166667 0.45166667 0.45166667 0.46499997 0.465 0.465 0.26166674 0.26166667 0.26166667 0.17 0.17 0.17 -0.17333333 -0.17333333 -0.17333333 -0.17498346 -0.195 -0.195 -0.19499965 -0.059105262 -0.041666667 -0.041666667 -0.041666667 -0.041666667 -0.041666667 -0.041641582 -0.0083333333 -0.0083333333 -0.0083333322 0.57166667 0.57166667 0.57147893 0.54666667 0.54666667 0.54666667 0.51666667 0.51666667 0.55666667 0.55666667 0.55666667 0.77833333 0.18351997 0.18333733 0.71833333 0.71833333 0.70816381 0.45000066 0.41833333 0.41833333 0.41333333 0.41333333 0.41333333 0.505
