interpolatedSpi/05-07|22_2.tif
NCOLS 53
NROWS 52
XLLCORNER -116.03883
YLLCORNER 28.596182
DX 0.49850594
DY 0.49788537
NODATA_VALUE -9999
[rows 0 to 35 of 52, columns 0 to 52 of 53]
0.4075 0.4075 0.011841886 -0.1175 0.0825 0.11 0.3325 0.205 -0.22 -0.2325 0.0375 0.7825 0.46001153 0.6 0.3775 0.3775 0.3775 0.6675 0.3675 0.3675 0.3675 0.36749213 -0.45 0.035 0.035 0.035 0.10499615 0.105 0.105 0.04 0.04 0.04 0.04 1.1699998 1.17 1.17 1.17 1.17 1.17 1.17 0.76189666 0.75761159 1.195 1.195 1.195 1.195 1.1947182 1.0225 1.0225 1.0225 1.522499 1.5225 1.5225
0.4074529 -0.6525 0.055000427 0.19533529 0.15268321 0.455 0.2275 0.69935648 0.195 0.295 0.475 0.46 0.46 0.79933311 0.60000045 0.3775 0.6675 0.6675 0.36789116 0.3675 0.3675 0.3675 0.053422982 0.035 0.035 0.035 0.10999999 0.11 0.04 0.04 0.04 0.04 0.04 1.1699998 1.17 1.17 1.17 1.17 1.17 1.3008034 2.0523933 1.2990501 1.195 1.195 1.195 1.195 1.195 1.0225 1.0225 1.0225 1.0639605 1.5225 1.5225
0.4974739 0.4975 0.425 0.7725 0.35 0.0475 0.34 0.51 0.0075 0.5025 0.2875 0.4575 0.3125 0.7075 0.8 0.21 0.6675 0.6675 0.6675 0.11757268 0.1175 0.1175 0.385 0.035 0.035 0.035 0.11 0.11 0.11 0.04 0.04 0.040000045 0.48770206 1.1693678 1.1678592 0.9421076 0.94 0.94 1.0799232 2.0525 2.0525 2.0514035 1.195 1.195 1.195 1.195 1.195 1.0225 1.0225 1.0225 1.0225 1.5225 1.5225
0.175 0.49750004 0.68499923 1.46 0.2825 0.6275 0.965 0.4525 0.355 0.83480164 0.7325 0.4 0.3625 0.7075 -0.5875 0.21 -0.76498294 -0.77149105 -0.745 0.1175 0.1175 -0.2925 0.385 0.385 0.035 0.035000375 0.11 0.11 0.11 0.21 0.62699507 0.97 0.97 0.96999997 0.94 0.94 0.94 0.94 2.0525 2.0525 2.0525 2.0525 1.195 1.195 1.195 1.195 1.195 1.0225022 1.0225 1.0225 1.0225 1.5224865 1.5225
0.175 1.239999 0.685 0.70846561 0.2825 0.5375 0.74751017 1.305 0.53 1.0624997 0.67371034 0.48739436 -0.25 -0.5875 -0.5875 -0.069330557 -0.7725 -0.7725 -0.745 -0.745 0.11749915 -0.2925 0.0125 0.19 0.46 0.46012269 0.11 0.11 0.21 0.21 0.97 0.97 0.97 0.93747138 0.94 0.94 0.94 2.0525 2.0525 2.0525 2.0525 2.0524411 1.195 1.195 1.195 1.195 1.195 1.1934645 1.0225 1.0225039 1.11 1.11 1.11
-1.84 0.44 0.31249999 0.5725 -0.01 0.6675 0.55 0.64666162 0.6975 0.0325 -0.5975 -0.1425 -0.14250007 0.03 0.03 -0.48995956 -0.49 -0.3275 -0.3275 -0.74499959 -0.5725 -0.5725 0.19 0.46 0.46 0.985 0.51 0.51 1.0874197 0.21 0.97 0.97 0.7975 0.79762173 1.9624165 1.87 1.87 1.9960395 2.0525 2.0525 1.4432608 1.4425 1.4425018 1.2220146 1.222497 1.2225 1.2225 1.2225 1.2257004 1.11 1.11 1.11 1.11
-0.84500706 -0.8175 -0.3621829 -0.2975 0.045 -0.02 0.365 0.1875 0.0975 0.0975 -0.5975 -0.095 -0.55749984 0.03 -0.32249894 -0.3225 -0.49 -0.225 -0.2825 -0.2825 -0.53126432 -0.485 -0.485 0.73 0.985 0.985 0.51 0.51 1.0874749 1.0870386 1.4500478 0.7975 0.7975 1.9625 1.9625 1.8945088 1.87 1.87 2.2549867 1.4425011 1.4425 1.4425 1.4425103 1.2225025 1.2225 1.2225 1.2225 1.2225 1.2525 1.1100282 1.11 1.11 1.11
-0.845 0.36 0.2125 -1.1575 -1.1300016 -0.3775 -0.435 -0.1725 -0.57 -0.0825 -0.0825 0.04 -0.5575 -0.5575 -0.32411232 -0.85301594 -0.905 -0.175 -0.53749974 -0.2825 0.067953747 0.145 -0.6925 0.255 0.25499845 0.135 0.74 0.73999992 0.65900678 0.65750002 1.4525 0.67416275 1.1275 1.9625 1.9542289 1.915 1.915 2.255 2.255 1.4425 1.4425 1.4425 1.6772758 1.6775 1.2225 1.2225 1.2225 1.2524989 1.2525 1.2525 1.11 1.11 1.11
0.18552713 0.36 0.57 -0.7375 -0.6375 -0.8025 -0.455 -0.115 0.2375 0.058076537 0.1425 0.205 0.205 0.6725 0.67249196 -0.68062709 -0.68 -0.68 -0.23033618 -0.39000008 -0.7625 -0.76249999 -0.0425 -0.43634568 0.14709283 0.135 0.775 0.74 1.3837374 1.3875 0.5475 1.7225 1.3334264 1.305 1.6725 1.6075 1.9325 1.1425 2.2944678 1.4459371 2.2125 1.67 1.6775045 1.6775 1.674939 1.2225 1.5225 1.2525 1.2525 1.2525 1.2525 1.1084437 0.7075
-0.79 -0.79 0.7125 -0.365 -0.9425 -0.835 -0.875 -0.7975 -0.2375 0.012432693 0.395 0.69 0.6725 0.6725 -0.1825 -0.18932344 -0.68 -0.67992767 -0.3575 -0.39 -0.39 -0.4379905 -0.0425 0.73748523 0.7375 0.7375 0.775 1.36 1.36 1.3875 1.3875 1.7210349 0.95 1.305 1.59 1.6075 1.9325 1.9875 2.295 0.87341905 1.67 1.6828569 1.705 1.6775 1.6775 1.5225 1.5225 1.5225 1.2525 1.2525 1.0975 1.0975 1.0974999
-0.79 -0.79 0.025 -0.2875 -0.6725 -0.8625 -0.96999999 -0.10505453 -0.1925 -0.3075 0.0475 -0.4425 0.68849228 -0.1825 -0.1825 -0.18252567 -0.405 -0.40250698 -0.3575 -0.2425 -0.2425 -0.4125 -0.4125 0.7375 0.7375 0.7375 1.36 1.36 1.36 0.3175 0.3175 0.31750104 1.3175 1.3175 1.0525 0.97 1.82 1.247502 1.755 0.85 0.85 0.98250237 1.705 1.6775 1.5175 1.49 1.4079953 1.4075 1.4725 1.4725 1.0975 1.0975 1.0975
-0.79 -0.43813744 -0.1083549 -0.38998836 0.4125 -1.0225 -0.97 -0.105 -0.19249927 -0.30622594 -0.44249982 -0.4425 -0.57 -0.1825 -0.1825 -0.40499999 -0.405 -0.4049973 -0.3575 -0.2425 -0.27588454 -0.4125 -0.4125 0.73745426 0.7375 0.79831312 0.9225 0.9225 0.92250005 0.3175 0.3175 0.4475 0.4475 1.3174993 1.0525 1.42 1.7662812 1.2475 1.2475 0.85 0.9825 0.9825 0.98250398 1.5175 1.5175 1.49 1.4075 1.4075 1.4725 1.4725 1.0975 1.0975 1.0975
0.8075 0.38986056 0.42497379 0.41910525 0.41249258 -1.0224661 -0.97 -0.11564765 -0.18647036 -0.19550296 -0.57 -0.57 -0.57 -0.57 -0.18255489 -0.405 -0.405 -0.4043867 -0.3575 -0.2423814 0.17 0.17 0.17 0.17 0.7280584 0.9225 0.9225 0.9225 0.9225 0.92210768 0.4475 0.4475 0.4475 0.4475 1.42 1.42 1.42 1.2560945 1.2451342 0.9325 0.9325 0.98249731 1.020017 1.5174521 1.5175 1.49 1.4075 1.4075 1.4725 1.4725 1.0988605 1.0975 1.0357663
0.8075 0.425 0.425 0.425 0.425 0.4249994 -0.97013421 -0.56072553 -0.17038386 -0.56959627 -0.57 -0.57 -0.57 -0.57 -0.56999978 -0.405 -0.40499999 -0.40174182 -0.35749895 0.17 0.17 0.17 0.17 0.17 0.1833513 0.82595248 0.78000003 0.78 0.78 0.78 0.4475 0.4475 0.44750041 0.7875 0.7875 1.42 1.2255617 1.22 0.93250017 0.9325 0.9325 0.9325 1.02 1.02 1.02 1.0232708 1.1988835 1.1975 1.1975 1.1975 1.1975 1.2625 1.2625
1.19 0.425 0.425 0.425 0.425 0.425 0.42499991 -0.47649394 -0.26921201 -0.27 -0.27 -0.27 -0.27 -0.27 -0.27 0.5431671 -0.3896817 -0.39849543 0.16993366 0.17 0.17 0.17 0.17 0.17000054 0.7875 0.7875 0.78749999 0.78 0.78 0.77922405 0.3925 0.3925 0.7875 0.7875 0.7875 1.1507181 1.22 1.22 1.22 0.9325 0.9325 0.9325 1.02 1.02 1.02 1.02 1.1975 1.1975 1.1975 1.1975 1.1975 1.2625 1.2625
1.19 0.90519919 0.425 0.425 0.425 0.425 0.24753484 0.2475 0.24749999 -0.27 -0.27 -0.27 -0.27 -0.27 -0.086896193 0.56 0.56 0.56 0.63358402 0.63499953 0.635 0.635 0.635 0.635 0.7875 0.7875 0.7875 0.7875 0.78 0.3925 0.3925 0.3925 0.78749996 0.7875 0.7875 0.8925 1.2195664 1.22 1.22 0.93241887 0.77019989 0.39162141 1.02 1.02 0.21000742 0.2075 0.2075 1.1951026 -0.2549067 -0.25999987 -0.25999972 0.1151736 1.2624977
1.19 0.73262297 0.57428358 0.425 0.425 0.24760488 0.2475 0.2475 0.2475 0.24377075 -0.27 -0.27 -0.27 -0.2699999 0.56 0.56 0.56 0.56 0.634933 0.635 0.635 0.635 0.635 0.635 0.7875 0.7875 0.7875 0.7875 0.78606324 0.3925 0.3925 0.3925 0.545 0.78750483 0.8925 0.8925 0.8925 0.88749528 0.44254519 0.39 0.39 0.39 0.0725 0.0725 0.2075 0.2075 0.2075 -0.25999999 -0.26 -0.26 -0.26 0.115 0.115
0.72034587 0.72 0.72 0.71999999 -0.02 0.2474931 0.2475 0.2475 0.2475 0.2475 -0.15927658 -0.26998094 -0.26999996 0.56 0.56 0.56 0.56 0.56 0.54157514 0.635 0.635 0.635 0.635 0.635 0.42987649 -0.017495638 -0.0175 -0.0175 -0.0175 0.39250001 0.545 0.545 0.545 0.545 0.8925 0.89248795 0.435 0.435 0.39056189 0.39 0.39 0.39 0.0725 0.0725 0.18659735 0.2075 0.2075 -0.26 -0.26 -0.26 -0.25597902 0.115 0.115
0.72 0.72 0.72 0.37152296 -0.02 -0.02 0.2475 0.2475 0.2475 0.2475 1.1925 1.1925 1.1925 0.56 0.56 0.56 0.56 0.55992646 0.175 0.175 0.63499981 0.635 0.62507909 0.2275 0.22529437 -0.0175 -0.0175 -0.0175 -0.0175 0.54494272 0.545 0.545 0.545 0.545 0.43500161 0.435 0.435 0.435 0.43482851 0.39 0.39 0.39 0.0725 0.0725 0.0725 0.2075 0.2075 -0.25999999 -0.26 -0.26 0.115 0.115 0.115
0.72 0.72 0.72 -0.02 -0.02 -0.02 -0.019999591 0.2475 0.2475 1.1915245 1.1925 1.1925 1.1925 1.1921059 0.19980703 0.115 0.115 0.115 0.175 0.175 0.175 0.2275 0.2275 0.2275 0.22738865 -0.097489957 -0.0175 -0.0175 -0.017500001 0.19451086 0.13004082 0.13 0.13 0.13 0.33909556 0.20500052 0.205 0.205 0.205 -0.33240114 -0.3325 -0.3325 0.0725 0.0725 -0.23499872 -0.23499984 0.22 0.22 0.0175 0.0175 0.0175 0.115 0.16495529
0.71999899 0.72 0.71999997 -0.02 -0.02 -0.02 -0.020000005 -0.46999979 0.24463115 1.1914481 1.1925 1.1925 1.1925 1.1903856 0.115 0.115 0.115 0.11500002 0.175 0.175 0.175 0.2275 0.2275 0.2275 -0.17 -0.17 -0.32 -0.32 -0.32 -0.31754511 0.13 0.13 0.13 0.13 0.16747929 0.205 0.205 0.205 0.205 -0.3325 -0.3325 -0.3325 -0.32943228 -0.235 -0.235 -0.235 0.22 0.22 0.0175 0.0175 0.0175 0.165 0.165
0.395 0.52271966 -0.0825 -0.082481868 -0.02 -0.46739632 -0.47 -0.47 -0.42718551 0.032499991 0.0325 0.0325 0.0325 -0.052497233 -0.052499999 0.11499987 0.115 0.11658091 0.175 0.175 0.175 -0.5225 -0.5225 -0.5225 -0.17 -0.17 -0.32 -0.32 -0.32 -0.31999997 -0.27499743 -0.27499886 0.11982093 0.12956581 -0.53423773 -0.535 -0.535 -0.535 -0.535 -0.3325 -0.3325 -0.3325 -0.24036888 -0.235 -0.235 -0.235 0.22 0.22 0.21999271 0.0175 0.017498323 -0.02 0.165
-0.21488416 -0.21499998 -0.0825 -0.0825 -0.0825 -0.47 -0.47 -0.47 -0.3525 -0.3525 0.0325 0.0325 0.0325 -0.0525 -0.0525 -0.0525 -0.0525 -0.052474116 0.175 0.175 0.17499997 -0.5225 -0.5225 -0.5225 -0.17 -0.17 -0.32 -0.32 -0.32 -0.27550738 -0.275 -0.275 -0.275 -0.275 -0.53487171 -0.535 -0.535 -0.535 -0.535 -0.66749991 -0.6675 -0.6675 -0.6675 -0.23499992 -0.225 -0.225 -0.225 0.1025 0.1025 0.1025 -0.02 -0.02 -0.02
-0.215 -0.215 -0.0825 -0.0825 -0.0825 -0.46796323 -0.47 -0.3525 -0.3525 -0.3525 0.032452606 0.0325 -0.1574815 -0.052500034 -0.0525 -0.0525 -0.0525 -0.29 -0.29 -0.29 -1.0025 -1.0024996 -0.52250234 -0.5225 -0.52258185 -0.8275 -0.8275 -0.82749879 -0.32008202 -0.6924168 -0.69249778 -0.69242711 -0.27571355 -0.2753603 -0.48896414 -0.5350002 -0.53675939 -1.06 -1.06 -0.6675 -0.6675 -0.6675 -0.6675 -0.225 -0.225 -0.225 -0.225 0.1025 0.1025 0.1025 -0.02 -0.02 -0.02
-0.215 -0.215 -0.0825 -0.0825 -0.0825 -0.082500002 -0.42602318 -0.3525 -0.3525 -0.3525 -0.35241576 -0.2 -0.2 -0.2 -0.053369251 -0.0525 -0.28841736 -0.29 -0.29 -0.29 -1.0025 -1.0025 -1.0025 -1.0025 -0.8275 -0.8275 -0.8275 -0.8275 -0.8275 -0.6925 -0.6925 -0.6925 -0.6925 -0.69249976 -0.5775 -1.06 -1.06 -1.06 -1.06 -1.0599978 -0.4175 -0.4175 -0.4175 -0.30604663 -0.075 -0.075 -0.075 0.10249999 0.10249985 -0.0525 -0.0525 0.059980538 0.06
-0.215 -0.215 -0.1303232 -0.0825 -0.0825 -0.082500015 -0.75428575 -0.35376846 -0.3525 -0.3525 -0.20000002 -0.2 -0.2 -0.2 -0.2 -0.18792329 -0.29 -0.29 -0.29 -0.29 -1.0024945 -1.0025 -1.0025 -1.0025 -0.8275 -0.8275 -0.8275 -0.8275 -0.8275 -0.98808257 -0.6925 -0.6925 -0.6925 -0.5775 -0.5775 -0.57787467 -1.06 -1.06 -0.68997313 -0.40250006 -0.4175 -0.4175 -0.4175 -0.30900291 -0.075 -0.075 -0.075 -0.6225 -0.059602145 -0.0525 -0.0525 0.06 0.06
-1.0175 -1.0175 -1.0175 -0.3169302 -0.083579025 -0.755 -0.755 -0.755 -0.755 -0.2925 -0.2925 -0.20000001 -0.2 -0.2 -0.2 -0.20000572 -0.29 -0.29 -0.29 -0.29 -0.69158811 -1.0025 -1.0025 -0.99674251 -0.7845038 -0.8275 -0.8275 -0.8275 -1.0925 -1.0925 -1.0925 -1.0924983 -0.5775 -0.5775 -0.5775 -0.5775 -0.4025 -0.4025 -0.4025 -0.4025 -0.385 -0.385 -0.385 -0.50999749 -0.51 -0.51 -0.50999986 -0.6225 -0.6225 -0.053194514 -0.0525 0.059999697 0.06
-1.0175 -1.0175 -1.0175 -1.0174892 -0.8175 -0.80841147 -0.755 -0.755 -0.755 -0.2925 -0.2925 -0.2925 -0.63499998 -0.635 -0.635 -0.63499998 -0.2898443 -0.29 -0.29 -0.29 -0.30079202 -0.7825006 -0.7825 -0.7825 -0.7825 -0.7825 -0.835 -0.835 -1.0925 -1.0925 -1.0925 -1.0925 -0.57750005 -0.5775 -0.5775 -0.57750611 -0.40249999 -0.4025 -0.4025 -0.40064656 -0.385 -0.385 -0.385 -0.5099942 -0.51 -0.51 -0.51 -0.6225 -0.6225 -0.62249992 -6.9388939e-18 -6.9388939e-18 -0.375
-1.0175 -1.0175 -1.0175 -0.81750046 -0.8175 -0.8175 -0.75500002 -0.755 -0.755 -0.2925 -0.2925 -0.2925 -0.635 -0.635 -0.635 -0.60225139 -0.205 -0.205 -0.20500022 -0.2895199 -0.7825 -0.7825 -0.7825 -0.7825 -0.7825 -0.78253951 -0.835 -0.835 -0.835 -1.0925 -1.0925 -1.0924437 -0.6525 -0.6525 -0.6525 -0.097500002 -0.097499999 0.02 0.02 0.02 0.315 -0.38478043 -0.38499743 -0.04 -0.04 -0.057812466 -0.50999895 -0.6225 -0.6225 -3.2381126e-15 -6.9388939e-18 -6.9388939e-18 -0.375
-1.0175 -1.0175 -1.0175 -0.8175 -0.8175 -0.8175 -0.8175 -0.755 -0.755 -0.2925 -0.2925 -0.62130494 -0.635 -0.635 -0.635 -0.205 -0.205 -0.205 -0.205 -0.205 -0.7825 -0.7825 -0.7825 -0.7825 -0.7825 -0.83499982 -0.835 -0.835 -0.835 -1.005 -1.005 -1.005 -0.6525 -0.6525 -0.6525 -0.0975 -0.0975 0.02 0.02 0.315 0.315 0.315 -0.04 -0.04 -0.04 -0.04 -0.010837696 0.315 0.315 0.315 6.7852449e-09 0.3525 0.3525
-1.0175 -1.0175 -1.0172215 -0.8175 -0.8175 -0.8175 -0.8175 -1.1102436 -1.125 -1.1235707 -0.29250002 -0.63500796 -0.635 -0.635 -0.63499851 -0.205 -0.205 -0.205 -0.205 -0.205 0.31557804 -0.7825 -0.7825 -0.7825 -0.78237436 -0.83496273 -0.835 -0.835 -0.835 -1.005 -1.005 -1.005 -1.0049504 -0.6525 -0.0975 -0.0975 -0.0975 -0.097495054 0.020020118 0.315 0.315 0.315 -0.039978449 -0.04 -0.04 -0.04 0.31499989 0.315 0.315 0.315 0.3525 0.3525 0.3525
-1.2525 -1.2524996 -0.81762054 -0.8175 -0.8175 -0.8175 -1.1249346 -1.125 -1.125 -1.125 -0.73000001 -0.73 -0.73 -0.73 -0.20742306 -0.205 -0.205 -0.205 -0.205 0.36249966 0.3625 0.3625 -0.1725001 -0.1725 -0.1725 -0.1725 -0.22968227 -0.835 -1.1574868 -1.1575 -1.1575 -1.1575 -1.1575 0.054999998 0.055 0.055 0.055 0.055 0.4375 0.4375 0.4375 0.4375 0.4375 0.30697617 0.3075 0.3075 0.3075 0.315 0.315 0.315 0.35249409 0.3525 0.3525
-1.2525 -1.2525 -1.2489625 -0.82999997 -0.83 -0.83028756 -1.125 -1.125 -1.125 -1.125 -0.73 -0.73 -0.73 -0.73 -0.73 -0.205 -0.205 -0.205 0.36249986 0.3625 0.3625 0.3625 -0.1725 -0.1725 -0.1725 -0.1725 -0.1725 -0.17264116 -1.1573475 -1.1575 -1.1575 -1.1575 -1.1574387 -0.010193687 0.054932495 0.055 0.055 0.054999998 0.4375 0.4375 0.4375 0.4375 0.4375 0.3075 0.3075 0.3075 0.3075 0.31100715 0.315 -0.043455613 -0.0475 -0.0875 -0.0875
-1.2525 -1.2525 -0.83005352 -0.83 -0.83 -0.83 -0.90492876 -1.125 -1.125 -1.125 -0.73 -0.73 -0.73 -0.73 -0.73 -0.20539656 -0.205 0.36233361 0.3625 0.3625 0.3625 0.3625 0.025694217 -0.1725 -0.1725 -0.1725 -0.1725 -0.1729177 -0.7625 -0.7625 -0.7625 -0.7625 -0.7625 -0.06 -0.06 -0.06 -0.06 -0.06 0.235 0.235 0.235 0.235 0.235 0.30740233 0.30749998 0.3075 0.30749322 0.30663302 -0.0475 -0.0475 -0.0475 -0.087499776 -0.0875
-1.252499 -0.74263791 -0.82999999 -0.83 -0.83 -0.83 -0.83 -1.1248744 -1.125 -1.125 -0.73 -0.73 -0.73 -0.73 0.066897743 0.085 0.085 0.36249286 0.3625 0.3625 0.3625 0.3625 0.36249989 -0.1725 -0.1725 -0.1725 -0.1725 -0.35000038 -0.35000019 -0.43779002 -0.7625 -0.7625 -0.7625 -0.06 -0.06 -0.06 -0.06 -0.059964443 0.235 0.235 0.235 0.235 0.23499483 0.2675 0.2675 0.2675 0.2675 0.2674746 -0.0475 -0.0475 -0.0475 -0.047500041 -0.114595
-0.7325 -0.7325 -0.73051748 -0.83 -0.83 -0.83 -0.83 -0.83 -1.1248722 -0.29750001 -0.2975 -0.2975 -0.29852641 0.084998826 0.085 0.085 0.085 0.085 0.36249658 0.33326684 0.0775 0.0775 0.0775 0.011000703 -0.22612437 -0.51305821 -0.75489263 -0.35 -0.35 -0.35 -0.35 -0.35 -0.36481399 -0.011287908 -0.0075 -0.0075 -0.0075 -0.0075 0.22231982 0.16750012 0.1675 0.1675 0.1675 0.19500021 0.26749998 0.2675 0.2675 0.175 -0.047496436 -0.0475 -0.0475 -0.115 -0.115
