interpolatedSpi/05-05|21_2.tif
NCOLS 53
NROWS 52
XLLCORNER -116.03883
YLLCORNER 28.596182
DX 0.49850594
DY 0.49788537
NODATA_VALUE -9999
-0.435 -0.435 -0.28342735 -0.895 -0.61 -0.945 -1.01 -0.74 -1.0199439 -1.425 -1.455 -1.3 -1.5899312 -0.755 -0.94 -0.94 -0.94 -0.935 -0.725 -0.725 -0.725 -0.72499908 -0.63 -0.395 -0.395 -0.395 0.014983938 0.015 0.015 -0.58 -0.58 -0.58 -0.58 -1.4749998 -1.475 -1.475 -1.475 -1.475 -1.475 -1.475 0.15247002 0.1697222 -0.92 -0.92 -0.92 -0.92 -0.91918333 -0.42 -0.42 -0.42 0.98999707 0.99 0.99 
-0.4350311 -1.135 -0.86999911 -0.8651885 -0.71510194 -0.69 -0.485 -0.7605263 -0.815 -1.445 -1.545 -1.59 -1.59 -0.93938312 -0.75500387 -0.94 -0.935 -0.935 -0.72527381 -0.725 -0.725 -0.725 -0.43158278 -0.395 -0.395 -0.395 -0.15500002 -0.155 -0.58 -0.58 -0.58 -0.58 -0.58 -1.4749999 -1.475 -1.475 -1.475 -1.475 -1.4749999 -1.3550408 -0.7650292 -0.90119202 -0.92 -0.92 -0.92 -0.92 -0.92 -0.42 -0.42 -0.42 -0.30308145 0.99 0.99 
-0.76498671 -0.765 -0.095 0.055 -0.34 -0.655 -6.4330838e-12 -0.54 -0.9 -0.935 -0.965 -1.32 -0.725 -1.14 -0.94 -1.44 -0.935 -0.935 -0.935 -1.0099171 -1.01 -1.01 -1.09 -0.395 -0.395 -0.395 -0.155 -0.155 -0.155 -0.58 -0.58 -0.57999999 -0.43557998 -1.4725301 -1.4682518 -0.75664352 -0.75 -0.75 -0.7518866 -0.765 -0.765 -0.76519821 -0.92 -0.92 -0.92 -0.92 -0.92 -0.42 -0.42 -0.42 -0.42 0.99 0.99 
0.375 -0.76500001 -0.83008272 0.04 -1 -0.48 -0.36 -0.425 -0.825 -1.1744183 -1.13 -1.62 -1.42 -1.14 -1.08 -1.44 -1.3804591 -1.3796882 -1.45 -1.01 -1.01 -1.43 -1.09 -1.09 -0.395 -0.3949988 -0.155 -0.155 -0.155 -1.105 -0.65234087 -0.28 -0.28 -0.28000037 -0.75 -0.75 -0.75 -0.75 -0.765 -0.765 -0.765 -0.76500001 -0.92 -0.92 -0.92 -0.92 -0.92 -0.42000631 -0.42 -0.42 -0.42 0.98996783 0.99 
0.375 0.57999741 -0.83 -1.3271634 -1 -0.33 -0.84501336 -0.65 -0.365 -1.2499997 -1.1911239 -1.1698668 -0.24 -1.08 -1.08 -1.3199327 -1.38 -1.38 -1.45 -1.45 -1.0100008 -1.43 -1.015 -0.4 0.14 0.14001513 -0.155 -0.155 -1.105 -1.105 -0.28 -0.28 -0.28 -0.2913145 -0.75 -0.75 -0.75 -0.765 -0.765 -0.765 -0.765 -0.76488416 -0.91999998 -0.92 -0.92 -0.92 -0.92 -0.91554938 -0.42 -0.41998094 0.005 0.005 0.005 
-1.335 -0.45 -1.115 -0.97 -1.36 -1.485 -1.47 -1.3650165 -0.805 -0.195 -0.325 0.395 0.39499958 -0.555 -0.555 -1.0150676 -1.015 -0.81 -0.81 -1.4499992 -1.105 -1.105 -0.4 0.14 0.14 0.205 -0.495 -0.495 -0.45005927 -1.105 -0.28 -0.28 -0.34 -0.34004806 -0.79996706 -0.83 -0.83 -0.78510923 -0.765 -0.765 0.43350334 0.435 0.43499924 0.0083181608 0.024895558 0.024999748 0.024999968 0.024999645 0.030105801 0.005 0.005 0.005 0.005 
0.21001084 -0.06 1.0567241 -0.695 -1.36 -1.415 -0.82999999 -0.715 -0.395 -0.395 -0.325 -0.525 -0.38500015 -0.555 -1.2949978 -1.295 -1.015 -0.785 -0.49 -0.49 -0.88586183 -0.64 -0.64 0.18 0.205 0.205 -0.495 -0.495 -0.44999097 -0.4498337 -0.65887396 -0.34 -0.34 -0.8 -0.8 -0.8545088 -0.83 -0.83 -0.61500745 0.43499854 0.435 0.435 0.43499449 0.024997909 0.025 0.025 0.025 0.025000015 0.05 0.0050089178 0.005 0.005 0.005 
0.21 0.62 0.795 -1.04 -1.3149842 -1.355 -1.1 -0.95499999 -1.245 -0.945 -0.945 -0.965 -0.385 -0.385 -1.2887566 -1.5682271 -1.595 -0.93 -0.57999991 -0.49 -0.15452687 -0.135 -0.6 0.60999999 0.6099969 0.37 -0.089999999 -0.090000143 -0.29554314 -0.29500001 -0.66 -1.2094779 -0.975 -0.8 -0.80513382 -0.875 -0.875 -0.615 -0.615 0.435 0.435 0.43499999 -0.34783442 -0.34999998 0.025 0.025 0.025 0.049999048 0.05 0.05 0.005 0.005 0.005 
0.29836306 0.62 0.86 0.48 -0.475 -1.345 -1.36 -1.38 -1.205 -0.80229401 -0.665 -0.585 -0.585 -0.61 -0.61000024 -1.4803205 -1.48 -1.48 -0.87657196 -0.72499992 -0.365 -0.365 -0.385 -0.51527203 0.39418566 0.37 0.225 -0.09 -0.68154245 -0.685 -1.275 -0.97 -1.1613878 -1.54 -0.98 -1.245 -0.665 -0.805 -0.4051847 0.43368319 0.14 -0.11 -0.34991453 -0.35 -0.3478893 0.025 -0.079999994 0.049999999 0.05 0.05 0.050000004 0.16374699 0.97 
-1.5 -1.5 1.47 0.26 -0.89 -0.92 -1.1 -1.375 -1.215 -0.70003952 -0.825 0.265 -0.61 -0.61 -0.635 -0.64658956 -1.48 -1.4798913 -0.955 -0.725 -0.725 -0.67861993 -0.385 -0.34500076 -0.345 -0.345 0.225 0.315 0.315 -0.685 -0.685 -0.97072071 -1.35 -1.54 -1.04 -1.245 -0.665 -0.53 -0.405 0.047544788 -0.10999999 -0.0053082734 0.175 -0.35 -0.35 -0.08 -0.08 -0.08 0.05 0.05 1.28 1.28 1.2799999 
-1.5 -1.5 0.415 -0.645 -0.63 -0.205 -0.82 -0.69032717 -1.03 -0.705 -0.75 -0.335 0.26419993 -0.635 -0.635 -0.63509171 -1.43 -1.4050698 -0.955 -1.07 -1.07 -1.12 -1.12 -0.345 -0.345 -0.345 0.315 0.315 0.315 -2.095 -2.095 -2.0949988 -1.18 -1.18 -1.69 -2.03 -0.985 -1.4699995 -0.485 0.055 0.055 -0.13499898 0.175 -0.35 -0.039999701 0.44 0.43278201 0.435 0.525 0.525 1.28 1.28 1.28 
-1.5 -0.67332896 -0.037339807 -0.74498516 0.64 -1.045 -0.82 -0.69 -1.0299972 -0.70860061 -0.33500048 -0.335 -0.815 -0.635 -0.635 -1.43 -1.43 -1.429973 -0.955 -1.07 -1.079819 -1.12 -1.12 -0.34503127 -0.345 -0.52086497 -0.88 -0.88 -0.87999985 -2.095 -2.095 -1.815 -1.815 -1.1800014 -1.69 -1.2950002 -1.0531506 -1.47 -1.47 0.054999994 -0.135 -0.135 -0.13499926 -0.04 -0.04 0.44 0.435 0.435 0.525 0.525 1.28 1.28 1.28 
-2.75 -1.166028 -1.2849749 -1.2810647 0.63999129 -1.0449602 -0.82000001 -0.69160023 -1.0065705 -1.0215134 -0.815 -0.815 -0.815 -0.815 -0.6350255 -1.43 -1.43 -1.423867 -0.955 -1.0700354 -1.195 -1.195 -1.195 -1.195 -0.35982864 -0.88 -0.88 -0.88 -0.88 -0.88075437 -1.815 -1.815 -1.815 -1.815 -1.295 -1.295 -1.295 -1.4614921 -1.4644798 -0.735 -0.735 -0.13503227 0.27498922 -0.03996966 -0.04 0.44 0.435 0.435 0.525 0.525 1.2772609 1.28 0.2251179 
-2.75 -1.285 -1.285 -1.285 -1.285 -1.2849999 -0.82057573 -0.75853296 -0.94406281 -0.81522344 -0.815 -0.815 -0.815 -0.815 -0.81500014 -1.43 -1.4299999 -1.3974182 -0.95500739 -1.195 -1.195 -1.195 -1.195 -1.195 -1.1882976 -0.97734741 -1.045 -1.045 -1.045 -1.045 -1.815 -1.815 -1.8149996 -1.505 -1.505 -1.295 -1.0713959 -1.065 -0.73500019 -0.735 -0.735 -0.735 0.275 0.275 0.275 0.27614825 0.43500104 0.435 0.435 0.435 0.435 0.26000021 0.26 
-2.675 -1.285 -1.285 -1.285 -1.285 -1.285 -1.285 -0.96179245 -1.0096154 -1.01 -1.01 -1.01 -1.01 -1.01 -1.01 -0.97575967 -1.4227371 -1.3649565 -1.19497 -1.195 -1.195 -1.195 -1.195 -1.1949996 -0.885 -0.885 -0.88500022 -1.045 -1.045 -1.0449399 -1.015 -1.015 -1.505 -1.505 -1.505 -1.1354831 -1.065 -1.065 -1.065 -0.735 -0.735 -0.735 0.275 0.275 0.275 0.275 0.435 0.435 0.435 0.435 0.435 0.26 0.26 
-2.675 -2.1575188 -1.285 -1.285 -1.285 -1.285 -1.3899794 -1.39 -1.39 -1.01 -1.01 -1.01 -1.01 -1.01 -1.0022788 -0.975 -0.975 -0.975 -0.84108114 -0.84000036 -0.84 -0.84 -0.84 -0.84 -0.885 -0.885 -0.885 -0.885 -1.045 -1.015 -1.015 -1.015 -1.505 -1.505 -1.505 -0.845 -1.0647087 -1.065 -1.065 -0.73483913 -0.41339149 0.33678706 0.275 0.275 0.24010801 0.24 0.24 0.43487589 0.36026209 0.36000001 0.36000001 0.25500078 0.25999999 
-2.675 -2.1154428 -1.6974275 -1.285 -1.285 -1.389938 -1.39 -1.39 -1.39 -1.3872616 -1.01 -1.01 -1.01 -1.01 -0.975 -0.975 -0.975 -0.975 -0.84012059 -0.84 -0.84 -0.84 -0.84 -0.84 -0.885 -0.885 -0.885 -0.885 -0.88547285 -1.015 -1.015 -1.015 -0.92 -1.5049187 -0.845 -0.845 -0.845 -0.83666202 0.25104192 0.34 0.34 0.34 -0.195 -0.195 0.24 0.24 0.24 0.36 0.36 0.36 0.36 0.255 0.255 
-2.100227 -2.1 -2.1 -2.1 -1.365 -1.3899994 -1.39 -1.39 -1.39 -1.39 -1.013407 -1.0100006 -1.01 -0.975 -0.975 -0.975 -0.975 -0.975 -0.94516251 -0.84 -0.84 -0.84 -0.84 -0.84 -0.85123228 -0.83500027 -0.835 -0.835 -0.835 -1.015 -0.92 -0.92 -0.92 -0.92 -0.845 -0.84497999 -0.085 -0.085 0.33469324 0.34 0.34 0.34 -0.195 -0.195 0.17264702 0.24 0.24 0.36 0.36 0.36 0.35887413 0.255 0.255 
-2.1 -2.1 -2.1 -1.7538775 -1.365 -1.365 -1.39 -1.39 -1.39 -1.39 -1.055 -1.055 -1.055 -0.975 -0.975 -0.975 -0.975 -0.97486036 -0.67 -0.67 -0.83999993 -0.84 -0.85265981 -1.36 -1.3552736 -0.835 -0.835 -0.835 -0.835 -0.91999134 -0.92 -0.92 -0.92 -0.92 -0.085002672 -0.085 -0.085 -0.085 -0.083509543 0.34 0.34 0.34 -0.195 -0.195 -0.195 0.24 0.24 0.35999998 0.36 0.36 0.255 0.255 0.255 
-2.1 -2.1 -2.1 -1.365 -1.365 -1.365 -1.365 -1.39 -1.39 -1.0553458 -1.055 -1.055 -1.055 -1.0549501 -0.29103806 -0.13 -0.13 -0.13 -0.67 -0.67 -0.67 -1.36 -1.36 -1.36 -1.3595336 -0.23704229 -0.835 -0.835 -0.835 -0.78381142 -0.75501623 -0.755 -0.755 -0.755 -0.11702464 -0.15999983 -0.16 -0.16 -0.16 -0.2899138 -0.29 -0.29 -0.195 -0.195 -0.91499699 -0.91500006 -1.095 -1.095 -0.79 -0.79 -0.79 0.255 -0.83402541 
-2.0999981 -2.1 -2.1 -1.365 -1.365 -1.365 -1.365 -0.89000015 -1.3880008 -1.0551904 -1.055 -1.055 -1.055 -1.0531849 -0.13 -0.13 -0.13 -0.13000016 -0.67 -0.67 -0.67 -1.36 -1.36 -1.36 0.305 0.305 -0.34499999 -0.345 -0.345 -0.34723668 -0.755 -0.755 -0.755 -0.755 -0.45766341 -0.16 -0.16 -0.16 -0.16 -0.29 -0.29 -0.29 -0.30966489 -0.915 -0.915 -0.915 -1.095 -1.095 -0.79 -0.79 -0.79 -0.835 -0.835 
-1.49 -1.7591409 -1.265 -1.265029 -1.365 -0.89274833 -0.89 -0.89 -0.9956698 -1.265 -1.265 -1.265 -1.265 0.31494857 0.315 -0.12999966 -0.13 -0.14422821 -0.67 -0.67 -0.67 -0.37 -0.37 -0.37 0.305 0.305 -0.345 -0.345 -0.345 -0.34500001 -0.36500248 -0.3650011 -0.74519794 -0.75458189 -0.44534996 -0.445 -0.445 -0.445 -0.445 -0.29 -0.29 -0.29 -0.88058556 -0.915 -0.915 -0.91500007 -1.095 -1.095 -1.094989 -0.79 -0.79003622 -1.6 -0.835 
-1.4100152 -1.41 -1.265 -1.265 -1.265 -0.89 -0.89 -0.89 -1.18 -1.18 -1.265 -1.265 -1.265 0.315 0.315 0.315 0.315 0.314889 -0.67 -0.67 -0.66999999 -0.37 -0.37 -0.37 0.305 0.305 -0.345 -0.345 -0.345 -0.3647745 -0.365 -0.365 -0.365 -0.365 -0.44496052 -0.445 -0.445 -0.445 -0.445 -0.30999999 -0.31 -0.31 -0.31 -0.91500307 -1.315 -1.315 -1.315 -1.7 -1.7 -1.7 -1.6 -1.6 -1.6 
-1.41 -1.41 -1.265 -1.265 -1.265 -0.89197107 -0.89 -1.18 -1.18 -1.18 -1.2649895 -1.265 -0.92997886 0.31499973 0.315 0.315 0.315 -0.62 -0.62 -0.62 -0.10000001 -0.1000002 -0.36999868 -0.37 -0.36956148 0.05 0.05 0.049999058 -0.34493617 -0.040064768 -0.04000173 -0.040056741 -0.36444454 -0.36471953 -0.43053852 -0.44499985 -0.44372653 -0.065 -0.065 -0.31 -0.31 -0.31 -0.31 -1.315 -1.315 -1.315 -1.315 -1.7 -1.7 -1.7 -1.6 -1.6 -1.6 
-1.41 -1.41 -1.265 -1.265 -1.265 -1.265 -0.99853853 -1.18 -1.18 -1.18 -1.1798205 -0.855 -0.855 -0.855 0.30810492 0.315 -0.61376939 -0.62 -0.62 -0.62 -0.1 -0.1 -0.1 -0.1 0.05 0.05 0.05 0.05 0.05 -0.04 -0.04 -0.04 -0.04 -0.03999862 0.615 -0.065 -0.065 -0.065 -0.065 -0.065001925 -0.635 -0.635 -0.635 -0.83513006 -1.25 -1.25 -1.25 -1.7 -1.6999989 -0.575 -0.575 -0.30031626 -0.3 
-1.41 -1.41 -1.3173348 -1.265 -1.265 -1.265 -1.3696628 -1.1805988 -1.18 -1.18 -0.85500006 -0.855 -0.855 -0.855 -0.855 -0.75906391 -0.62 -0.62 -0.62 -0.62 -0.10000402 -0.1 -0.1 -0.1 0.05 0.05 0.05 0.05 0.050000001 0.51421731 -0.04 -0.04 -0.04 0.615 0.615 0.61447196 -0.065 -0.065 0.30361993 0.58999994 -0.635 -0.635 -0.635 -0.83045833 -1.25 -1.25 -1.25 0.165 -0.56577967 -0.575 -0.575 -0.3 -0.3 
-0.58 -0.58 -0.58 -1.0932517 -1.2644595 -1.37 -1.37 -1.37 -1.37 -1.16 -1.16 -0.85500002 -0.855 -0.855 -0.855 -0.85498508 -0.62 -0.62 -0.62 -0.62 -0.32691113 -0.1 -0.1 -0.070689132 0.97680698 0.05 0.05 0.05 0.71 0.71 0.71 0.70999685 0.615 0.615 0.615 0.615 0.59 0.59 0.59 0.59 -0.355 -0.355 -0.355 -0.64999407 -0.65 -0.65 -0.65000019 0.165 0.165 -0.57409835 -0.575 -0.299994 -0.3 
-0.58 -0.58 -0.58 -0.58001669 -0.89 -0.95979989 -1.37 -1.37 -1.37 -1.16 -1.16 -1.16 -0.19500003 -0.195 -0.195 -0.19500003 -0.62117237 -0.62 -0.62 -0.62 -0.61205381 1.0199969 1.02 1.02 1.02 1.02 1.505 1.505 0.71 0.71 0.71 0.71 0.61500037 0.615 0.615 0.61504195 0.58999999 0.59 0.59 0.58899103 -0.355 -0.355 -0.355 -0.64998632 -0.65 -0.65 -0.65 0.165 0.165 0.1650001 0.89 0.89 0.23 
-0.58 -0.58 -0.58 -0.88999929 -0.89 -0.89 -1.3699998 -1.37 -1.37 -1.16 -1.16 -1.16 -0.195 -0.195 -0.195 -0.27610992 -1.26 -1.26 -1.2599983 -0.62361487 1.02 1.02 1.02 1.02 1.02 1.020365 1.505 1.505 1.505 0.71 0.71 0.71004184 1.13 1.13 1.13 0.575 0.575 0.36 0.36 0.36 0.215 -0.35482121 -0.35499713 0.03 0.03 0.0042287731 -0.64999682 0.165 0.165 0.89 0.89 0.89 0.23 
-0.58 -0.58 -0.58 -0.89 -0.89 -0.89 -0.89 -1.37 -1.37 -1.16 -1.16 -0.23358608 -0.195 -0.195 -0.195 -1.26 -1.26 -1.26 -1.26 -1.26 1.02 1.02 1.02 1.02 1.02 1.5049983 1.505 1.505 1.505 0.775 0.775 0.775 1.13 1.13 1.13 0.575 0.575 0.36 0.36 0.215 0.215 0.215 0.03 0.03 0.03 0.03 0.081342084 0.655 0.655 0.655 0.88999999 0.325 0.325 
-0.58 -0.58 -0.58043169 -0.89 -0.89 -0.89 -0.89 -1.3564858 -1.38 -1.3796223 -1.16 -0.19504272 -0.195 -0.195 -0.19500368 -1.26 -1.26 -1.26 -1.26 -1.26 -0.097375439 1.02 1.02 1.02 1.0199114 1.5049485 1.505 1.505 1.505 0.775 0.775 0.775 0.77505333 1.13 0.575 0.575 0.575 0.57499127 0.35999011 0.215 0.215 0.215 0.030011231 0.03 0.03 0.03 0.65500215 0.655 0.655 0.655 0.325 0.325 0.325 
-0.7 -0.69999979 -0.88983025 -0.89 -0.89 -0.89 -1.3798957 -1.38 -1.38 -1.38 -0.70500002 -0.705 -0.705 -0.705 -1.2574384 -1.26 -1.26 -1.26 -1.26 -0.14500066 -0.145 -0.145 0.59000007 0.59 0.59 0.59 0.66897627 1.505 1.0300195 1.03 1.03 1.03 1.03 0.735 0.735 0.735 0.735 0.735 0.9 0.9 0.9 0.9 0.9 0.87372622 0.875 0.875 0.875 0.655 0.655 0.655 0.32505199 0.325 0.325 
-0.7 -0.7 -0.6959394 -0.21500136 -0.21500015 -0.21613614 -1.38 -1.38 -1.38 -1.38 -0.705 -0.705 -0.705 -0.705 -0.705 -1.26 -1.26 -1.26 -0.14500028 -0.145 -0.145 -0.145 0.59 0.59 0.59 0.59 0.59 0.59019404 1.029832 1.03 1.03 1.03 1.0299325 0.37501747 0.73462725 0.735 0.735 0.73499999 0.9 0.9 0.9 0.9 0.9 0.875 0.875 0.875 0.875 0.7721237 0.655 0.38801237 0.385 -0.015 -0.015 
-0.7 -0.7 -0.21506143 -0.215 -0.215 -0.215 -0.51090509 -1.38 -1.38 -1.38 -0.705 -0.705 -0.705 -0.705 -0.705 -1.2595739 -1.26 -0.14532691 -0.145 -0.145 -0.145 -0.145 0.31771449 0.59 0.59 0.59 0.59 0.59000341 0.595 0.595 0.595 0.595 0.595 0.1 0.1 0.1 0.1 0.1 0.15 0.15 0.15 0.15 0.15000001 0.87493896 0.87499999 0.875 0.87499576 0.87441953 0.385 0.385 0.385 -0.01499776 -0.015 
-0.70000017 -0.78824536 -0.21500008 -0.215 -0.215 -0.215 -0.215 -1.379504 -1.38 -1.38 -0.705 -0.705 -0.705 -0.705 -0.80277886 -0.805 -0.805 -0.14501699 -0.145 -0.145 -0.145 -0.145 -0.14499997 0.59 0.59 0.59 0.59 0.24000034 0.24000016 0.31555263 0.595 0.595 0.595 0.099999998 0.1 0.1 0.1 0.099813747 0.15 0.15 0.15 0.15 0.15001264 0.85 0.85 0.85 0.85 0.8499625 0.385 0.385 0.385 0.38499993 0.26087632 
-0.79 -0.79 -0.67484986 -0.215 -0.215 -0.215 -0.215 -0.215 -1.3795018 -0.78500001 -0.785 -0.785 -0.78481014 -0.80499986 -0.805 -0.805 -0.805 -0.805 -0.14500114 -0.15474439 -0.24 -0.24 -0.24 -0.031150385 0.54718054 0.31806172 0.12483614 0.24 0.24 0.24 0.24 0.24 0.24859952 -0.17438269 -0.175 -0.175 -0.175 -0.175 0.18099579 0.3149997 0.315 0.315 0.315 0.98999959 0.85000004 0.85 0.85 0.97 0.38500937 0.385 0.385 0.265 0.265 
-0.79 -0.79 -0.73 -0.73 -0.73 -0.21517155 -0.215 -0.215 -0.785 -0.785 -0.785 -0.785 -0.785 -0.805 -0.805 -0.805 -0.805 -0.805 -0.24 -0.24 -0.24 -0.24 -0.24 0.054999985 0.055 0.055 0.055 0.24 0.24 0.24 0.24 0.24 -0.12 -0.12 -0.175 -0.175 -0.175 0.32491485 0.325 0.315 0.315 0.315 0.31500008 0.99 0.99 0.99 0.97 0.97 0.97 0.44 0.44 0.265 0.265 
-0.79 -0.79 -0.73 -0.73 -0.73 -0.73 -0.73000036 -0.795 -0.78500942 -0.785 -0.785 -0.785 -0.785 -0.80475052 -0.805 -0.805 -0.805 -0.805 -0.24000001 -0.24 -0.24 -0.24 -0.24 0.055 0.055 0.055 0.055 0.055000765 0.24 0.24 0.24 -0.11998113 -0.12 -0.12 -0.12 -0.175 0.32499999 0.325 0.325 0.32473688 0.74914936 0.83 0.83 0.99 0.99 0.99 0.97 0.97 0.97 0.44 0.44 0.44 0.29670007 
-1.3 -1.299996 -0.73 -0.73 -0.73 -0.73 -0.795 -0.795 -0.795 -0.785 -0.785 -0.785 -0.785 -0.78500622 -0.805 -0.805 -0.805 -0.805 -0.24000995 -0.24 -0.24 -0.24 0.0030306642 0.055 0.055 0.055 0.055 0.25499984 0.255 0.255 0.24014754 -0.12 -0.12 -0.12 -0.1199999 -0.020000001 0.325 0.325 0.325 0.325 0.83 0.83 0.83 0.74 0.74 0.74 0.25506963 0.97 0.97 0.44 0.44 0.44 0.29999872 
-1.3 -1.3 -0.73 -0.73 -0.73 -0.795 -0.795 -0.795 -0.795 -0.78609272 -0.785 -0.785 -0.785 -0.78499981 -0.74000748 -0.74 -0.74 -0.74 -0.42272495 -0.21 -0.21 -0.21 -0.21 0.055 0.055 0.055 0.055013192 0.255 0.255 0.255 0.255 -0.11990518 -0.063752893 -0.02 -0.02 -0.02 0.32619341 0.64499334 0.645 0.645 0.82998042 0.805 0.805 0.74 0.74 0.73999795 0.255 0.255 0.09 0.09 0.09 -0.21 -0.16 
-1.3 -1.3 -1.155 -1.155 -1.155 -0.795 -0.795 -0.795 -0.795 -0.67 -0.67 -0.67 -0.67 -0.67493306 -0.74 -0.74 -0.74 -0.74 -0.43 -0.21 -0.21 -0.21 -0.21 0.56 0.5599998 0.055000746 0.255 0.255 0.255 0.255 0.43979046 0.62 0.056151222 -0.02 -0.02 -0.02 0.645 0.645 0.645 0.645 0.805 0.805 0.805 0.67004257 0.67 0.2568654 0.255 0.255 0.089999884 0.09 -0.21 -0.21 -0.16 
-1.3 -1.155 -1.155 -1.155 -1.155 -1.155 -0.79717361 -1.075 -1.075 -0.67 -0.67 -0.67 -0.67 -0.67001658 -0.74 -0.74 -0.74 -0.72599322 -0.43 -0.43 -0.21 -0.21 0.56 0.56 0.56 0.56 0.255 0.255 0.255 0.255 0.62 0.62 0.62 -0.019352373 -0.02 -0.02 0.645 0.645 0.645 0.645 0.805 0.805 0.805 0.67 0.67 0.66999178 0.525 0.525 0.05 0.05 -0.21 -0.21 -0.16 
-1.1563617 -1.155 -1.155 -1.155 -1.155 -1.155 -1.075 -1.075 -1.075 -0.85822707 -0.67 -0.67 -0.67 -0.6700008 -0.74 -0.74 -0.74 -0.43 -0.43 -0.43 -0.21001099 -0.2099953 0.56 0.56 0.56 0.56 0.25502168 0.255 0.255 0.61991606 0.62 0.62 0.62 0.62 -0.017483574 0.655 0.655 0.65482693 0.645 0.645 0.80499986 0.805 0.67392515 0.67 0.67 0.52500005 0.525 0.525 0.05 0.05 0.005 0.005 0.215 
-1.155 -1.155 -1.155 -1.155 -1.155 -1.155 -1.075 -1.075 -1.075 -1.075 -0.69499928 -0.695 -0.695 -0.695 -0.73999875 -0.46436574 -0.31 -0.31 -0.42977878 -0.43 -0.42999996 0.55999888 0.56 0.56 0.56 0.56 0.55977825 0.255 0.25501248 0.62 0.62 0.62 0.62 0.62 0.655 0.655 0.655 0.655 0.655 0.65500078 1.005 1.005 1.005 0.92 0.92 0.92 0.575 0.575 0.19 0.19 0.005 0.0050004571 0.215 
-1.155 -1.155 -1.155 -1.155 -1.155 -1.155 -1.075 -1.075 -1.075 -0.695 -0.695 -0.695 -0.695 -0.695 -0.59351492 -0.31 -0.31 -0.31 -0.31 -0.31 -0.31572961 0.55999999 0.56 0.56 0.56 0.5383333 -0.12891878 0.20257846 0.61820001 0.62 0.62 0.62 0.62 0.62000008 0.655 0.655 0.655 0.655 0.655 0.81781919 1.005 1.005 1.005 0.92 0.92 0.92 0.575 0.575 0.19 0.19 1.22 0.27043993 0.215 
-1.155 -1.155 -1.155 -1.155 -1.155 -1.155 -1.075 -1.075 -1.0592279 -0.695 -0.695 -0.695 -0.695 -0.695 -0.67653303 -0.31 -0.31 -0.31 -0.31 -0.31 -0.31 -0.025075337 -0.12999903 -0.13 -0.13 -0.13 -0.13 -0.13 -0.020849498 -0.019992422 -0.019999986 -0.02 -0.02 -0.019999513 0.655 0.655 0.655 0.655 0.655 1.005 1.005 1.005 1.005 1.005 0.9206493 1.325 0.57500008 1.3169386 0.19099887 1.22 1.22 1.2206236 1.25 
-1.155 -1.155 -1.155 -1.155 -1.155 -1.1549949 -1.0750043 -1.074977 -0.69500048 -0.695 -0.695 -0.695 -0.695 -0.695 -0.68767427 -0.31 -0.31 -0.31 -0.31 -0.31 -0.31 -0.13 -0.13 -0.13 -0.13 -0.13 -0.13 -0.13 -0.020030365 -0.02 -0.02 -0.02 -0.02 -0.02 0.16494993 0.655 0.655 0.655 0.655 1.005 1.005 1.005 1.005 1.005082 1.325 1.325 1.3250313 1.33 1.33 1.22 1.22 1.25 1.25 
-1.155 -1.155 -1.155 -1.155 -1.155 -1.1548933 -1.0750843 -0.73788052 -0.695 -0.695 -0.695 -0.695 -0.695 -0.695 -0.68825991 -0.31 -0.31 -0.31 -0.31 -0.31 -0.28437127 -0.13 -0.13 -0.13 -0.13 -0.13 -0.13 -0.13 -0.020000441 -0.02 -0.02 -0.02 -0.02 -0.02 -0.02 0.59667824 0.50606264 0.45650553 0.44897342 0.99182287 1.005 1.005 1.005 1.3249744 1.325 1.323448 1.0650013 1.33 1.33 2.0249357 2.025 2.025 1.2500003 
-1.155 -1.155 -1.155 -1.155 -1.1549999 -1.1543327 -1.0427068 -0.69510449 -0.695 -0.695 -0.695 -0.695 -0.695 -0.695 -0.68600966 -0.31 -0.31 -0.31 -0.31 -0.31 -0.13000078 -0.13 -0.13 -0.13 -0.13 -0.13 -0.13 -0.13 -0.02000003 -0.02 -0.02 -0.02 -0.02 -0.02 -0.019999907 0.445 0.445 0.445 0.445 0.8 0.8 0.8 0.8 1.0650008 1.065 1.065 1.065 1.0650073 1.73 1.73 2.025 2.025 2.0964475 
-1.155 -1.155 -1.155 -1.155 -1.1549978 -1.1526556 -0.72120719 -0.69500496 -0.695 -0.695 -0.695 -0.695 -0.695 -0.695 -0.68193072 -0.31000016 -0.31 -0.31 -0.31 -0.30891666 -0.13 -0.13 -0.13 -0.13 -0.13 -0.13 -0.13 -0.13 -0.020000025 -0.02 -0.02 -0.02 -0.02 -0.02 0.44499957 0.445 0.445 0.445 0.445 0.8 0.8 0.8 0.8 0.87152236 1.065 1.065 1.065 1.7299926 1.73 1.73 2.13 2.13 2.13 
-1.155 -1.155 -1.155 -1.1549998 -1.1549772 -1.1290436 -0.69643007 -0.69500124 -0.695 -0.695 -0.695 -0.695 -0.695 -0.69499998 -0.67640534 -0.31000905 -0.31 -0.31 -0.30999979 -0.13364709 -0.13 -0.13 -0.13 -0.13 -0.13 -0.13 -0.13 -0.13 -0.020000103 -0.02 -0.02 -0.02 -0.02 -0.056601819 0.44499984 0.445 0.445 0.445 0.445 0.8 0.8 0.8 0.8 0.8 1.065 1.065 1.065 1.73 1.73 1.73 2.13 2.13 2.13 
-1.155 -1.155 -1.1549999 -1.1549978 -1.1547652 -0.90436833 -0.69525201 -0.69500076 -0.695 -0.695 -0.695 -0.695 -0.695 -0.69499928 -0.66983611 -0.31014061 -0.31000001 -0.30999999 -0.30906805 -0.13001531 -0.13 -0.13 -0.13 -0.13 -0.13 -0.13 -0.13 -0.12999994 -0.020000689 -0.02 -0.020000035 -0.065604391 -0.07 -0.07 -0.07 0.445 0.445 0.445 0.445 0.8 0.8 0.8 0.8 0.8 1.0649953 1.065 1.0650003 1.73 1.73 1.7300002 2.13 2.13 2.13 
