interpolatedSpi/05-06|19_2.tif
NCOLS 53
NROWS 52
XLLCORNER -116.03883
YLLCORNER 28.596182
DX 0.49850594
DY 0.49788537
NODATA_VALUE -9999
0.42 0.42 0.48741881 -0.45 -0.665 -0.495 -0.38 -0.765 -1.2764598 -0.815 -0.75 -0.36 -0.63500741 -0.725 -0.86 -0.86 -0.86 0.1 -0.18 -0.18 -0.18 -0.1800039 -0.585 -0.23 -0.23 -0.23 -0.30998718 -0.31 -0.31 -0.435 -0.435 -0.435 -0.435 -0.74499994 -0.745 -0.745 -0.745 -0.745 -0.745 -0.745 -0.78952039 -0.79015518 -1.4 -1.4 -1.4 -1.4 -1.3991262 -0.865 -0.865 -0.865 -0.46000084 -0.46 -0.46 
0.41999511 0.31 0.3750006 0.26914709 -0.28998347 0.715 0.935 -0.41504785 -1.39 -0.98 -0.4 -0.635 -0.635 -0.1668673 -0.72499443 -0.86 0.1 0.1 -0.17963492 -0.18 -0.18 -0.18 -0.25473943 -0.23 -0.23 -0.23 -0.93999995 -0.94 -0.435 -0.435 -0.435 -0.435 -0.435 -0.74499995 -0.745 -0.745 -0.745 -0.745 -0.74499998 -0.73433832 -0.69999009 -1.3150604 -1.4 -1.4 -1.4 -1.4 -1.4 -0.865 -0.865 -0.865 -0.83141701 -0.46 -0.46 
0.4949741 0.495 0.895 0.135 -0.375 -0.765 -0.47 0.16 -0.68 -0.98 -0.53 -0.72 -0.3 -0.92 -0.165 -0.995 0.1 0.1 0.1 -0.29996512 -0.3 -0.3 -0.7 -0.23 -0.23 -0.23 -0.94 -0.94 -0.94 -0.435 -0.435 -0.43500003 -0.78160805 -0.74487818 -0.74281265 -0.51215342 -0.51 -0.51 -0.53389699 -0.7 -0.7 -0.70089512 -1.4 -1.4 -1.4 -1.4 -1.4 -0.865 -0.865 -0.865 -0.865 -0.46 -0.46 
-0.07 0.49499992 0.11989277 -0.13 -0.315 -0.39 0.15 -0.695 0.13 -0.046244152 -0.675 -0.775 -1.075 -0.92 -0.745 -0.995 -0.5236342 -0.51956559 -1.285 -0.3 -0.3 -0.52 -0.7 -0.7 -0.23 -0.23000355 -0.94 -0.94 -0.94 -1.43 -1.2791136 -1.155 -1.155 -1.1549995 -0.51 -0.51 -0.51 -0.51 -0.7 -0.7 -0.7 -0.70000003 -1.4 -1.4 -1.4 -1.4 -1.4 -0.86500675 -0.865 -0.865 -0.865 -0.4600374 -0.46 
-0.07 0.4449994 0.12 -0.0023596323 -0.315 0.355 0.1550215 -0.435 -0.5 -1.0300002 -0.99111621 -0.97508308 -1.555 -0.745 -0.745 -0.90481167 -0.52 -0.52 -1.285 -1.285 -0.30000048 -0.52 -0.78 -0.825 -0.7 -0.70000006 -0.94 -0.94 -1.43 -1.43 -1.155 -1.155 -1.155 -1.2200578 -0.51 -0.51 -0.51 -0.7 -0.7 -0.7 -0.7 -0.70006709 -1.4 -1.4 -1.4 -1.4 -1.4 -1.3952378 -0.865 -0.86503318 -1.605 -1.605 -1.605 
-1.615 0.085 -0.11999997 -0.185 0.38 0.64 -0.855 -0.80122797 -1.005 -0.74 -1.53 -1.775 -1.7749999 -1.92 -1.92 -1.0399565 -1.04 -0.635 -0.635 -1.2849998 -0.875 -0.875 -0.825 -0.7 -0.7 -0.7 -1.01 -1.01 -1.0150381 -1.43 -1.155 -1.155 -1.5 -1.500036 -1.8449752 -1.44 -1.44 -0.92893589 -0.7 -0.7 -1.3941332 -1.395 -1.3950003 -0.65341608 -0.640084 -0.6400002 -0.64000003 -0.64000029 -0.7747524 -1.605 -1.605 -1.605 -1.605 
-0.42999908 0.33 0.049233033 0.03 0.11 -0.895 -1.325 -1.345 -1.665 -1.665 -1.53 -1.495 -1.2299999 -1.92 -0.86000318 -0.86 -1.04 -0.89 -1.005 -1.005 -0.92683914 -0.985 -0.985 -0.99 -0.7 -0.7 -1.01 -1.01 -1.0150186 -1.0153433 -0.68202049 -1.5 -1.5 -1.845 -1.845 -1.3937056 -1.44 -1.44 -1.5649957 -1.3950002 -1.395 -1.395 -1.3950007 -0.64000139 -0.64 -0.64 -0.64 -0.63999999 -0.63 -1.6048068 -1.605 -1.605 -1.605 
-0.43 -0.95 0.835 -0.94 -0.61001892 -1.7 -1.72 -1.325 -1.785 -1.115 -1.115 -0.98 -1.23 -1.23 -0.86253854 -0.46382072 -0.425 -0.745 -0.99000002 -1.005 -0.85245302 -0.855 -0.8 -0.975 -0.97499839 -0.85 -0.635 -0.63500013 -1.3338787 -1.335 -0.68 -1.1568374 -1.575 -1.845 -1.8253204 -1.355 -1.355 -1.565 -1.565 -1.395 -1.395 -1.395 -0.89353911 -0.88999999 -0.64 -0.64 -0.64 -0.63000038 -0.63 -0.63 -1.605 -1.605 -1.605 
-0.8855209 -0.94999998 0.385 0.3 0.185 -0.52 -0.835 -1.315 -1.755 -1.3164093 -1.045 -0.66000001 -0.66 -0.215 -0.21499746 -0.48483277 -0.485 -0.485 -0.78239963 -0.25000012 -0.825 -0.825 -0.62 -0.72906496 -0.8625967 -0.85 -0.48 -0.635 -0.50078449 -0.5 -1.04 -0.61 -0.49164553 -0.97 -1.155 -1.07 -1.185 -1.795 -1.1203117 -1.3955803 -1.525 -1.395 -0.8900049 -0.89 -0.88859286 -0.64 -1.39 -0.63000001 -0.63 -0.63 -0.63 -1.471777 0.12 
-0.525 -0.525 0.08 0.475 0.305 -0.745 -0.655 -0.8 -0.785 -1.2049568 -0.9 -0.895 -0.215 -0.215 0.055 0.047593656 -0.485 -0.48502095 -0.64 -0.25 -0.25 -0.32407928 -0.62 -0.88499498 -0.885 -0.885 -0.48 -0.57 -0.57 -0.5 -0.5 -0.6095543 -0.375 -0.97 -0.95 -1.07 -1.185 -1.475 -1.12 -0.60842764 -1.395 -1.2205138 -0.92 -0.89 -0.89 -1.39 -1.39 -1.39 -0.63 -0.63 -0.535 -0.535 -0.53499975 
-0.525 -0.525 0.255 -0.345 0.345 -0.155 -0.60499999 -0.81004674 -1.01 -0.86 -0.745 -1.16 -0.89535179 0.055 0.055 0.054992502 -0.01 -0.043065355 -0.64 -0.61 -0.61 0.25 0.25 -0.885 -0.885 -0.885 -0.57 -0.57 -0.57 -0.805 -0.805 -0.80499929 -0.485 -0.485 -1.26 -0.92 -0.63 -1.3049974 -1.095 -0.6 -0.6 -1.0399996 -0.92 -0.89 -0.86000004 -0.91 -0.86726105 -0.865 0.075 0.075 -0.535 -0.535 -0.535 
-0.525 -0.18833999 -0.0010414002 -0.64496302 0.63 0.195 -0.605 -0.81 -1.0099983 -0.86166182 -1.1599996 -1.16 0.205 0.055 0.055 -0.0099999979 -0.01 -0.010035855 -0.64 -0.61 -0.4411135 0.25 0.25 -0.88495441 -0.885 -0.86692042 -0.83 -0.83 -0.82999997 -0.805 -0.805 -0.58 -0.58 -0.48500212 -1.26 -0.61000015 -0.69013268 -1.305 -1.305 -0.60000001 -1.04 -1.04 -1.0399987 -0.86 -0.86 -0.91 -0.865 -0.865 0.075 0.075 -0.535 -0.535 -0.535 
-0.78 -0.17227887 -0.20000478 -0.20320143 0.62999776 0.19501027 -0.60499998 -0.80747657 -0.99621795 -1.0060831 0.205 0.205 0.205 0.205 0.055021248 -0.0099999999 -0.01 -0.018134304 -0.64 -0.60978318 0.14 0.14 0.14 0.14 -0.86761768 -0.83 -0.83 -0.83 -0.83 -0.82985265 -0.58 -0.58 -0.58 -0.58 -0.61 -0.61 -0.61 -1.2711393 -1.2991793 -0.53 -0.53 -1.0399726 -0.29001951 -0.8599451 -0.86 -0.91 -0.865 -0.865 0.074999996 0.075 -0.53278699 -0.535 -0.77594089 
-0.78 -0.2 -0.2 -0.2 -0.2 -0.19999983 -0.60295209 -0.7020243 -0.95944871 0.2036953 0.205 0.205 0.205 0.205 0.20500019 -0.0099999992 -0.010000099 -0.0532137 -0.6399887 0.14 0.14 0.14 0.14 0.14 0.14561654 -0.43078143 -0.3500001 -0.35 -0.35 -0.35 -0.57999999 -0.58 -0.5799995 -0.165 -0.165 -0.61 -0.050989759 -0.035 -0.52999971 -0.53 -0.53 -0.53 -0.29 -0.29 -0.29 -0.29431464 -0.51728657 -0.515 -0.515 -0.515 -0.51499999 0.4249998 0.425 
0.905 -0.2 -0.2 -0.2 -0.2 -0.2 -0.20000002 -0.55097794 0.45722622 0.465 0.465 0.465 0.465 0.465 0.465 0.7735605 0.002480887 -0.09626787 0.13990214 0.14 0.14 0.14 0.14 0.14000065 0.4 0.4 0.39999895 -0.35 -0.35 -0.34873846 0.28 0.28 -0.165 -0.165 -0.165 -0.055824429 -0.035 -0.035 -0.035 -0.53 -0.53 -0.53 -0.29 -0.29 -0.29 -0.29 -0.51499998 -0.515 -0.515 -0.515 -0.515 0.425 0.425 
0.905 0.49362105 -0.2 -0.2 -0.2 -0.2 -0.29498135 -0.295 -0.29499998 0.465 0.465 0.465 0.465 0.465 0.5344912 0.78 0.78 0.78 0.69331023 0.69499943 0.695 0.695 0.695 0.695 0.4 0.4 0.4 0.4 -0.35 0.28 0.28 0.28 -0.16499996 -0.165 -0.165 0.315 -0.034536589 -0.035 -0.035 -0.52985451 -0.23980442 0.43710088 -0.29 -0.29 0.62217626 0.625 0.625 -0.51268797 0.88509016 0.88999988 0.88999973 1.0049122 0.42500118 
0.905 0.38923424 0.090976471 -0.2 -0.2 -0.29494387 -0.295 -0.295 -0.295 -0.28952322 0.465 0.465 0.465 0.46500004 0.78 0.78 0.78 0.78 0.69507593 0.695 0.695 0.695 0.695 0.695 0.40000001 0.4 0.4 0.4 0.39956352 0.28 0.28 0.28 0.63999999 -0.16493174 0.315 0.315 0.315 0.31926105 0.4099382 0.44 0.44 0.44 0.855 0.855 0.625 0.625 0.625 0.89 0.89 0.89 0.89 1.005 1.005 
0.37524832 0.375 0.375 0.375 0.0099999999 -0.29499213 -0.295 -0.295 -0.295 -0.295 0.47294907 0.46500137 0.465 0.78 0.78 0.78 0.78 0.78 0.80868841 0.695 0.695 0.695 0.695 0.695 0.89006391 1.4299944 1.43 1.43 1.43 0.28000002 0.63999999 0.64 0.64 0.64 0.315 0.31501027 0.705 0.705 0.44330892 0.44 0.44 0.44 0.855 0.855 0.66061192 0.625 0.625 0.89 0.89 0.89 0.8912331 1.005 1.005 
0.375 0.375 0.375 0.20311606 0.01 0.01 -0.295 -0.295 -0.295 -0.295 0.57 0.57 0.57 0.78 0.78 0.78 0.78 0.78013716 1.34 1.34 0.69500026 0.695 0.70486005 1.1 1.1029708 1.43 1.43 1.43 1.43 0.64008044 0.64 0.64 0.64 0.64 0.70499863 0.705 0.705 0.705 0.70408981 0.44 0.44 0.44 0.855 0.855 0.855 0.625 0.625 0.89 0.89 0.89 1.005 1.005 1.005 
0.375 0.375 0.375 0.01 0.01 0.01 0.009999534 -0.295 -0.295 0.56910707 0.57 0.57 0.57 0.57013085 1.4518206 1.61 1.61 1.61 1.34 1.34 1.34 1.1 1.1 1.1 1.0999916 1.2411712 1.43 1.43 1.43 1.4754955 1.6449012 1.645 1.645 1.645 0.86402518 1.0849991 1.085 1.085 1.085 1.3848707 1.385 1.385 0.855 0.855 1.334998 1.335 1.34 1.34 1.11 1.11 1.11 1.005 1.0349732 
0.37500259 0.375 0.37499999 0.01 0.01 0.01 0.010000005 0.48499977 -0.29188125 0.56993199 0.57 0.57 0.57 0.57204077 1.61 1.61 1.61 1.6099999 1.34 1.34 1.34 1.1 1.1 1.1 1.07 1.07 1.55 1.55 1.55 1.5505183 1.645 1.645 1.645 1.645 1.3651538 1.085 1.085 1.085 1.085 1.385 1.385 1.385 1.3834268 1.335 1.335 1.335 1.34 1.34 1.11 1.11 1.11 1.035 1.035 
1.21 0.83399814 0.985 0.98471714 0.01 0.48225167 0.485 0.485 0.66354553 0.49500001 0.495 0.495 0.495 1.2599751 1.26 1.6099997 1.61 1.6028859 1.34 1.34 1.34 0.615 0.615 0.615 1.07 1.07 1.55 1.55 1.55 1.55 1.5550006 1.5550003 1.642738 1.6449035 1.3103801 1.31 1.31 1.31 1.31 1.385 1.385 1.385 1.3377531 1.335 1.335 1.3349999 1.34 1.34 1.3399917 1.11 1.1099857 0.79 1.035 
1.5399373 1.5399999 0.985 0.985 0.985 0.485 0.485 0.485 0.975 0.975 0.495 0.495 0.495 1.26 1.26 1.26 1.26 1.2600102 1.34 1.34 1.34 0.615 0.615 0.615 1.07 1.07 1.55 1.55 1.55 1.5549436 1.555 1.555 1.555 1.555 1.3101209 1.31 1.31 1.31 1.31 1.36 1.36 1.36 1.36 1.3349964 0.86 0.86 0.86 1.045 1.045 1.045 0.79 0.79 0.79 
1.54 1.54 0.985 0.985 0.985 0.48762809 0.485 0.975 0.975 0.975 0.49505909 0.495 0.80142177 1.2599999 1.26 1.26 1.26 0.92 0.92 0.92 0.89499999 0.89499979 0.61500136 0.615 0.61533229 0.96 0.96 0.96000141 1.5499047 1.60499 1.6049997 1.6049913 1.5550855 1.5550431 1.3536667 1.3099997 1.3077882 0.65 0.65 1.36 1.36 1.36 1.36 0.86 0.86 0.86 0.86 1.045 1.045 1.045 0.79 0.79 0.79 
1.54 1.54 0.985 0.985 0.985 0.985 0.66839269 0.975 0.975 0.975 0.974942 0.87 0.87 0.87 1.2577016 1.26 0.92226568 0.92 0.92 0.92 0.895 0.895 0.895 0.895 0.96 0.96 0.96 0.96 0.96 1.605 1.605 1.605 1.605 1.6049993 1.26 0.65 0.65 0.65 0.65 0.64999999 0.535 0.535 0.535 0.70258704 1.05 1.05 1.05 1.045 1.0450003 1.35 1.35 1.8947312 1.895 
1.54 1.54 1.185316 0.985 0.985 0.98500001 1.2345386 0.97581938 0.975 0.975 0.87000012 0.87 0.87 0.87 0.87 0.90197448 0.92 0.92 0.92 0.92 0.89500019 0.895 0.895 0.895 0.96 0.96 0.96 0.96 0.96 1.0101401 1.605 1.605 1.605 1.26 1.26 1.2595263 0.65 0.65 0.81883355 0.94999997 0.535 0.535 0.535 0.70224315 1.05 1.05 1.05 1.87 1.3564791 1.35 1.35 1.895 1.895 
1.695 1.695 1.695 1.1630165 0.98593202 1.235 1.235 1.235 1.235 1.455 1.455 0.87000004 0.87 0.87 0.87 0.87000319 0.92 0.92 0.92 0.92 0.90590919 0.895 0.895 0.88230735 0.43449088 0.96 0.96 0.96 0.8 0.8 0.8 0.80000338 1.26 1.26 1.26 1.26 0.95 0.95 0.95 0.95 1.045 1.045 1.045 1.5549897 1.555 1.555 1.5549998 1.87 1.87 1.3506336 1.35 1.8949996 1.895 
1.695 1.695 1.695 1.6949962 1.625 1.5682876 1.235 1.235 1.235 1.455 1.455 1.455 1.42 1.42 1.42 1.42 0.92062282 0.92 0.92 0.92 0.91959443 0.41000133 0.41 0.41 0.41 0.41 0.11000001 0.11 0.8 0.8 0.8 0.8 1.2599999 1.26 1.26 1.2599939 0.95000002 0.95 0.95 0.95225922 1.045 1.045 1.045 1.5549763 1.555 1.555 1.555 1.87 1.87 1.87 1.825 1.825 1.6 
1.695 1.695 1.695 1.6250002 1.625 1.625 1.2350001 1.235 1.235 1.455 1.455 1.455 1.42 1.42 1.42 1.4078145 1.26 1.26 1.2599991 0.9219204 0.41 0.41 0.41 0.41 0.41 0.40977423 0.11 0.11 0.11 0.8 0.8 0.80015448 1.185 1.185 1.185 1.62 1.62 1.465 1.465 1.465 2.08 1.0453246 1.0450081 2.135 2.135 2.1130187 1.5550021 1.87 1.87 1.825 1.825 1.825 1.6 
1.695 1.695 1.695 1.625 1.625 1.625 1.625 1.235 1.235 1.455 1.455 1.4213995 1.42 1.42 1.42 1.26 1.26 1.26 1.26 1.26 0.41 0.41 0.41 0.41 0.41 0.11000102 0.11 0.11 0.11 1.04 1.04 1.04 1.185 1.185 1.185 1.62 1.62 1.465 1.465 2.08 2.08 2.08 2.135 2.135 2.135 2.135 2.0972122 1.675 1.675 1.675 1.825 1.355 1.355 
1.695 1.695 1.6949025 1.625 1.625 1.625 1.625 1.9677242 1.985 1.9840901 1.455 1.4200021 1.42 1.42 1.4199994 1.26 1.26 1.26 1.26 1.26 0.88475646 0.41 0.41 0.41 0.40999279 0.11001491 0.11 0.11 0.11 1.04 1.04 1.04 1.0400209 1.185 1.62 1.62 1.62 1.6199939 1.4650419 2.08 2.08 2.08 2.1349967 2.135 2.135 2.135 1.6749978 1.675 1.675 1.675 1.355 1.355 1.355 
1.685 1.685 1.6250389 1.625 1.625 1.625 1.9849234 1.985 1.985 1.985 1.445 1.445 1.445 1.445 1.2608538 1.26 1.26 1.26 1.26 0.90500021 0.905 0.905 0.37500001 0.375 0.375 0.375 0.35212709 0.11 1.0349621 1.035 1.035 1.035 1.035 2.05 2.05 2.05 2.05 2.05 2.41 2.41 2.41 2.41 2.41 1.4510326 1.45 1.45 1.45 1.675 1.675 1.675 1.3550504 1.355 1.355 
1.685 1.685 1.6855861 1.7549997 1.755 1.7552241 1.985 1.985 1.985 1.985 1.445 1.445 1.445 1.445 1.445 1.26 1.26 1.26 0.90500009 0.905 0.905 0.905 0.375 0.375 0.375 0.375 0.375 0.3749446 1.0351603 1.035 1.035 1.035 1.0350644 2.1832219 2.0501379 2.05 2.05 2.05 2.41 2.41 2.41 2.41 2.41 1.45 1.45 1.45 1.45 1.5552144 1.675 1.4525103 1.45 1.115 1.115 
1.685 1.685 1.7549911 1.755 1.755 1.755 1.813419 1.985 1.985 1.985 1.445 1.445 1.445 1.445 1.445 1.2601387 1.26 0.90510408 0.905 0.905 0.905 0.905 0.57134193 0.375 0.375 0.375 0.375 0.37576137 1.45 1.45 1.45 1.45 1.45 2.285 2.285 2.285 2.285 2.285 2.71 2.71 2.71 2.71 2.71 1.4513673 1.4500003 1.45 1.4500949 1.4614219 1.45 1.45 1.45 1.1150019 1.115 
1.6850003 1.8222706 1.755 1.755 1.755 1.755 1.755 1.9849021 1.985 1.985 1.445 1.445 1.445 1.445 1.0538845 1.045 1.045 0.9050036 0.905 0.905 0.905 0.905 0.90499984 0.375 0.375 0.375 0.375 1.5149999 1.515 1.5011664 1.45 1.45 1.45 2.285 2.285 2.285 2.285 2.2850373 2.71 2.71 2.71 2.71 2.7099824 2.01 2.01 2.01 2.01 2.0099548 1.45 1.45 1.45 1.4499999 1.2627909 
1.825 1.825 1.7935447 1.755 1.755 1.755 1.755 1.755 1.9848999 1.14 1.14 1.14 1.1407238 1.0450006 1.045 1.045 1.045 1.045 0.90499406 0.85422661 0.41 0.41 0.41 0.39973392 0.34978854 0.21488681 0.10188756 1.515 1.515 1.515 1.515 1.515 1.5169728 2.3348933 2.34 2.34 2.34 2.34 2.6667935 2.4800004 2.48 2.48 2.48 1.4900015 2.0099999 2.01 2.01 2.11 1.4500106 1.45 1.45 1.265 1.265 
1.825 1.825 1.7 1.7 1.7 1.7549817 1.755 1.755 1.14 1.14 1.14 1.14 1.14 1.045 1.045 1.045 1.045 1.045 0.41 0.41 0.41 0.41 0.41 0.060000018 0.06 0.06 0.06 1.515 1.515 1.515 1.515 1.515 1.885 1.885 2.34 2.34 2.34 2.1000409 2.1 2.48 2.48 2.48 2.4799998 1.49 1.49 1.49 2.11 2.11 2.11 1.49 1.49 1.265 1.265 
1.825 1.825 1.7 1.7 1.7 1.7 1.6999958 0.935 1.139807 1.14 1.14 1.14 1.14 1.046185 1.045 1.045 1.045 1.045 0.41000001 0.41 0.41 0.41 0.41 0.06 0.06 0.06 0.06 0.060005956 1.515 1.515 1.515 1.8849806 1.885 1.885 1.885 2.34 2.1 2.1 2.1 2.1099985 1.5231854 1.345 1.345 1.49 1.49 1.49 2.11 2.11 2.11 1.49 1.49 1.49 0.30494067 
1.385 1.3850035 1.7 1.7 1.7 1.7 0.935 0.935 0.935 1.14 1.14 1.14 1.14 1.1399705 1.045 1.045 1.045 1.045 0.41001119 0.41 0.41 0.41 0.12165939 0.06 0.06 0.06 0.06 0.92999929 0.93 0.93000001 1.5087352 1.885 1.885 1.885 1.8849995 1.405 2.1 2.1 2.1 2.1 1.345 1.345 1.345 1.805 1.805 1.805 1.8450258 2.11 2.11 1.49 1.49 1.49 0.20500209 
1.385 1.385 1.7 1.7 1.7 0.935 0.935 0.935 0.935 1.1175027 1.14 1.14 1.14 1.1399967 0.37007768 0.37 0.37 0.37 0.25068291 0.41 0.41 0.41 0.41 0.06 0.06 0.06 0.060057387 0.93 0.93 0.93 0.93 1.8849162 1.6150139 1.405 1.405 1.405 2.0970299 1.3050166 1.305 1.305 1.345282 1.705 1.705 1.805 1.805 1.8050002 1.845 1.845 0.945 0.945 0.945 1.09 0.955 
1.385 1.385 0.265 0.265 0.265 0.935 0.935 0.935 0.935 0.275 0.275 0.275 0.275 0.28169487 0.37 0.37 0.37 0.37 0.245 0.41 0.41 0.41 0.41 -0.25 -0.24999988 0.059999542 0.93 0.93 0.93 0.93 1.1299787 1.325 1.3954811 1.405 1.405 1.405 1.305 1.305 1.305 1.305 1.705 1.705 1.705 1.9149338 1.915 1.8453146 1.845 1.845 0.9450023 0.945 1.09 1.09 0.955 
1.385 0.26500001 0.265 0.265 0.265 0.265 0.9291002 0.175 0.175 0.275 0.275 0.275 0.275 0.2750225 0.37 0.37 0.37 0.3643521 0.245 0.245 0.41 0.41 -0.25 -0.25 -0.25 -0.25 0.93 0.93 0.93 0.93 1.325 1.325 1.325 1.404919 1.405 1.405 1.305 1.305 1.305 1.305 1.705 1.705 1.705 1.915 1.915 1.9149822 1.6 1.6 1.36 1.36 1.09 1.09 0.955 
0.27551819 0.265 0.265 0.265 0.265 0.265 0.175 0.175 0.175 0.22852418 0.275 0.275 0.275 0.27499399 0.37 0.37 0.37 0.245 0.245 0.245 0.40999176 0.40999597 -0.25 -0.25 -0.25 -0.25 0.92991612 0.93 0.93 1.3249092 1.325 1.325 1.325 1.325 1.4049953 1.535 1.535 1.5310195 1.305 1.305 1.7049996 1.705 1.9088942 1.915 1.915 1.6000001 1.6 1.6 1.36 1.36 1.285 1.285 1.06 
0.265 0.265 0.265 0.265 0.265 0.265 0.175 0.175 0.175 0.175 -0.064990205 -0.065 -0.065 -0.065 0.36999929 0.30910406 0.275 0.275 0.2450553 0.245 0.24500003 -0.24999904 -0.25 -0.25 -0.25 -0.25 -0.24914207 0.93 0.9300135 1.325 1.325 1.325 1.325 1.325 1.535 1.535 1.535 1.535 1.535 1.5349998 1.82 1.82 1.8199999 1.555 1.555 1.555 1.195 1.195 0.99 0.99 1.285 1.2849995 1.06 
0.265 0.265 0.265 0.265 0.265 0.265 0.175 0.175 0.175 -0.065 -0.065 -0.065 -0.065 -0.065 0.024623185 0.275 0.275 0.275 0.275 0.275 0.2735676 -0.25 -0.25 -0.25 -0.25 -0.22001204 0.70350352 0.89936075 1.3230521 1.325 1.325 1.325 1.325 1.3250005 1.535 1.535 1.535 1.535 1.535 1.6675813 1.82 1.82 1.82 1.555 1.555 1.555 1.195 1.195 0.99 0.99 1.065 1.0602759 1.06 
0.265 0.265 0.265 0.265 0.265 0.26499997 0.17500002 0.175 0.16503866 -0.065 -0.065 -0.065 -0.065 -0.065 -0.048691506 0.275 0.275 0.275 0.275 0.275 0.275 0.55764455 0.70499866 0.705 0.705 0.705 0.705 0.705 1.1293063 1.1350022 1.135 1.135 1.135 1.1350003 1.535 1.535 1.535 1.535 1.535 1.82 1.82 1.82 1.82 1.8199999 1.5550561 1.59 1.195 1.1212975 0.99011391 1.065 1.065 1.0566853 0.665 
0.265 0.265 0.265 0.265 0.265 0.26499425 0.17500485 0.17498548 -0.064999698 -0.065 -0.065 -0.065 -0.065 -0.065 -0.058530523 0.275 0.275 0.275 0.275 0.275 0.275 0.705 0.705 0.705 0.705 0.705 0.705 0.705 1.1348813 1.135 1.135 1.135 1.135 1.135 1.2446 1.535 1.535 1.535 1.535 1.82 1.82 1.82 1.82 1.8199411 1.59 1.59 1.5870543 1.12 1.12 1.065 1.065 0.665 0.665 
0.265 0.265 0.265 0.265 0.265 0.26487997 0.17510008 -0.037917568 -0.064999999 -0.065 -0.065 -0.065 -0.065 -0.065 -0.059047716 0.275 0.275 0.275 0.275 0.275 0.33622419 0.705 0.705 0.705 0.705 0.705 0.705 0.705 1.1349983 1.135 1.135 1.135 1.135 1.135 1.135 1.2781765 0.87896638 0.66067914 0.62747051 1.7727552 1.82 1.82 1.82 1.5900184 1.59 1.5898806 1.5699978 1.12 1.12 0.9950229 0.995 0.995 0.66500014 
0.265 0.265 0.265 0.265 0.26499991 0.26424933 0.15488083 -0.064934006 -0.065 -0.065 -0.065 -0.065 -0.065 -0.065 -0.057060476 0.275 0.275 0.275 0.275 0.275 0.70499814 0.705 0.705 0.705 0.705 0.705 0.705 0.705 1.1349999 1.135 1.135 1.135 1.135 1.135 1.1349999 0.61 0.61 0.61 0.61 1.085 1.085 1.085 1.085 1.5700001 1.57 1.57 1.57 1.5699947 1.1 1.1 0.995 0.995 0.43331798 
0.265 0.265 0.265 0.26499999 0.26499749 0.26244765 -0.048380121 -0.064996866 -0.065 -0.065 -0.065 -0.065 -0.065 -0.065 -0.053458302 0.27499986 0.275 0.275 0.275 0.27758798 0.705 0.705 0.705 0.705 0.705 0.705 0.705 0.705 1.1349999 1.135 1.135 1.135 1.135 1.135 0.61000048 0.61 0.61 0.61 0.61 1.085 1.085 1.085 1.085 1.2158994 1.57 1.57 1.57 1.1000053 1.1 1.1 0.185 0.185 0.185 
0.265 0.265 0.265 0.2649998 0.26497478 0.24459163 -0.064088741 -0.064999215 -0.065 -0.065 -0.065 -0.065 -0.065 -0.064999978 -0.048578742 0.274992 0.275 0.275 0.27500049 0.69628752 0.705 0.705 0.705 0.705 0.705 0.705 0.705 0.705 1.1349996 1.135 1.135 1.135 1.135 0.39563789 0.60999985 0.61 0.61 0.61 0.61 1.085 1.085 1.085 1.085 1.085 1.57 1.57 1.57 1.1 1.1 1.1 0.185 0.185 0.185 
0.265 0.26499999 0.26499991 0.26499754 0.26478696 0.08373795 -0.064838438 -0.064999519 -0.064999999 -0.065 -0.065 -0.065 -0.065 -0.064999361 -0.042777343 0.27487583 0.27499999 0.27500001 0.27722632 0.70496344 0.705 0.705 0.705 0.705 0.705 0.705 0.705 0.70500025 1.1349973 1.135 1.1349993 0.2137913 0.125 0.125 0.125 0.61 0.61 0.61 0.61 1.085 1.085 1.085 1.085 1.085 1.5699914 1.57 1.5699998 1.1 1.1 1.0999995 0.185 0.185 0.185 
