interpolatedSpi/05-07|20_2.tif
NCOLS 53
NROWS 52
XLLCORNER -116.03883
YLLCORNER 28.596182
DX 0.49850594
DY 0.49788537
NODATA_VALUE -9999
[rows 0 to 36 of 52, columns 0 to 52 of 53]
0.755 0.755 0.2667436 -0.13 0.245 0.3225 0.925 0.7175 0.12866813 0.0225 0.1725 0.2 0.012559494 0.735 0.29 0.29 0.29 0.6 0.675 0.675 0.675 0.675 0.675 0.2275 0.2275 0.2275 1.1850012 1.185 1.185 0.7025 0.7025 0.7025 0.7025 1.1449999 1.145 1.145 1.145 1.145 1.145 1.145 1.7905456 1.7972503 0.8175 0.8175 0.8175 0.8175 0.817304 0.6975 0.6975 0.6975 1.189999 1.19 1.19
0.75497712 0.24 0.48250084 0.54184178 0.55741184 0.8375 0.635 0.62040429 0.33 0.1825 -0.015 0.0125 0.0125 0.61290847 0.73499459 0.29 0.6 0.6 0.67490221 0.675 0.675 0.675 0.21394595 0.2275 0.2275 0.2275 0.1825 0.1825 0.7025 0.7025 0.7025 0.7025 0.7025 1.1449999 1.145 1.145 1.145 1.145 1.1449999 0.98685352 0.21503434 0.7443914 0.8175 0.8175 0.8175 0.8175 0.8175 0.6975 0.6975 0.6975 0.73833857 1.19 1.19
1.6799534 1.68 1.2075 1.4375 0.8175 0.5975 0.5875 0.28 0.335 0.0925 0.2625 -0.54 -0.315 -0.0025 0.6125 0.88 0.6 0.6 0.6 0.65500581 0.655 0.655 -0.03 0.2275 0.2275 0.2275 0.1825 0.1825 0.1825 0.7025 0.7025 0.70249995 0.20906493 1.1417232 1.1355758 0.14177801 0.1325 0.1325 0.14287633 0.215 0.215 0.21577045 0.8175 0.8175 0.8175 0.8175 0.8175 0.6975 0.6975 0.6975 0.6975 1.19 1.19
0.96 1.6799998 0.92248775 0.8525 0.25 0.7025 1.2475 -0.1725 0.415 0.21269389 0.175 0.1425 -0.07 -0.0025 0.6025 0.88 0.083639888 0.077866094 0.295 0.655 0.655 -0.4575 -0.03 -0.03 0.2275 0.22749978 0.1825 0.1825 0.1825 -0.5675 -0.43307396 -0.3225 -0.3225 -0.32249964 0.1325 0.1325 0.1325 0.1325 0.215 0.215 0.215 0.21500002 0.8175 0.8175 0.8175 0.8175 0.8175 0.69750151 0.6975 0.6975 0.6975 1.1899366 1.19
0.96 0.36750102 0.9225 0.84519525 0.25 0.79 0.47003079 0.5175 0.295 0.38750013 0.14506481 0.03009024 0.66 0.6025 0.6025 0.77556641 0.0775 0.0775 0.295 0.295 0.65499772 -0.4575 -0.46 0.0725 -0.09 -0.090090556 0.1825 0.1825 -0.5675 -0.5675 -0.3225 -0.3225 -0.3225 -0.28525669 0.1325 0.1325 0.1325 0.215 0.215 0.215 0.215 0.21500338 0.81749999 0.8175 0.8175 0.8175 0.8175 0.81643185 0.6975 0.69743509 -0.75 -0.75 -0.75
-0.6025 0.4825 0.79499999 0.555 0.885 1.02 0.7 0.67663477 0.9175 0.5075 0.6525 0.1975 0.1975003 0.12 0.12 0.055013279 0.055 -0.1 -0.099999999 0.29499937 -1.0175 -1.0175 0.0725 -0.09 -0.09 -0.4775 -1.15 -1.15 -0.10254211 -0.5675 -0.3225 -0.3225 -0.125 -0.12495272 0.3274674 -0.2525 -0.2525 0.070368203 0.215 0.215 0.24995635 0.25 0.24999972 -0.31219935 -0.3323729 -0.33249969 -0.33249996 -0.33249958 -1.597212 -0.75 -0.75 -0.75 -0.75
-0.30999913 0.24 -0.070992722 0.715 1.44 0.4575 0.4725 0.58 0.655 0.655 0.6525 0.3325 -0.37750001 0.12 0.11000003 0.11 0.055 -0.22 -0.415 -0.415 -0.91028724 -0.79 -0.79 -1.1475 -0.4775 -0.4775 -1.15 -1.15 -0.1024949 -0.10240612 0.64545438 -0.125 -0.125 0.3275 0.3275 -0.65689523 -0.2525 -0.2525 -1.0624719 0.24999817 0.25 0.25 0.24999805 -0.33249795 -0.3325 -0.3325 -0.3325 -0.33250089 -1.8225 -0.75021254 -0.75 -0.75 -0.75
-0.31 -0.515 0.1675 -0.205 -0.58997793 0.0775 0.175 0.20750001 0.1775 0.1275 0.1275 -0.47 -0.3775 -0.3775 0.1066553 -0.18827291 -0.2175 0.0075 -0.39250002 -0.415 -1.2119329 -1.1975 -1.315 -0.9 -0.89999981 -0.885 -1.5975 -1.5974998 -0.015306612 -0.014999987 0.6475 0.5875233 0.525 0.3275 0.3061091 -0.995 -0.995 -1.0625 -1.0625 0.25 0.25 0.25 0.034328655 0.034999981 -0.3325 -0.3325 -0.3325 -1.8224433 -1.8225 -1.8225 -0.75 -0.75 -0.75
-0.49717342 -0.51499999 -0.125 -0.0325 0.335 -0.0825 0.0925 1.1175 0.6475 0.58370499 -0.1925 -0.29 -0.29 -0.795 -0.79499523 -0.47926839 -0.48 -0.48 -0.053560621 -1.39 -1.3675 -1.3675 -1.115 -1.2361833 -0.8865116 -0.885 -1.16 -1.5975 -0.61573836 -0.61 0.605 1.4125 0.96802356 -0.4725 -0.4225 -0.66 -0.64 -0.56 -0.68993997 0.24952014 0.1425 -0.105 0.035021157 0.035 0.032931511 -0.3325 -1.1625 -1.8225 -1.8225 -1.8225 -1.8225 -0.87357363 -0.8375
-0.3975 -0.3975 -0.0975 -0.2175 0.33 0.6475 0.3025 0.5375 0.97 0.5675247 0.0125 -0.3075 -0.795 -0.795 -0.2875 -0.29014022 -0.48 -0.48004246 -0.6975 -1.39 -1.39 -1.3871012 -1.115 -1.2124982 -1.2125 -1.2125 -1.16 -0.245 -0.245 -0.61 -0.61 1.4108262 0.53 -0.4725 0.015 -0.66 -0.64 -0.965 -0.69 0.93817742 -0.10499999 -0.0058183643 0.165 0.035 0.035 -1.1625 -1.1625 -1.1625 -1.8225 -1.8225 -1.7425 -1.7425 -1.7424997
-0.3975 -0.3975 -0.5875 -0.625 -0.1375 0.195 -0.12499999 0.39010906 0.35 0.3025 0.0625 -0.2675 -0.30744747 -0.2875 -0.2875 -0.28751154 -0.3875 -0.40377025 -0.6975 -0.265 -0.265 -0.655 -0.655 -1.2125 -1.2125 -1.2125 -0.245 -0.245 -0.245 -0.8525 -0.8525 -0.85249772 -0.06 -0.06 -0.18 -0.6 -0.2575 -0.46500194 -1.0925 0.965 0.965 0.42249915 0.165 0.035 -0.99499987 -1.0775 -0.84138893 -0.84 -1.5225 -1.5225 -1.7425 -1.7425 -1.7425
-0.3975 -0.47956334 -0.60350259 -0.68749069 -0.265 -0.37 -0.125 0.39 0.35000033 0.30302624 -0.26749926 -0.2675 -0.07 -0.2875 -0.2875 -0.3875 -0.3875 -0.38751764 -0.6975 -0.265 -0.34158807 -0.655 -0.655 -1.2124773 -1.2125 -1.0990918 -0.8675 -0.8675 -0.86749992 -0.8525 -0.8525 -0.815 -0.815 -0.060000329 -0.18 -0.1475001 -0.32725385 -0.465 -0.465 0.96499998 0.4225 0.4225 0.42248971 -0.995 -0.995 -1.0775 -0.84 -0.84 -1.5225 -1.5225 -1.7425 -1.7425 -1.7425
0.0125 0.39985738 0.48495867 0.47650921 -0.26500046 -0.36999752 -0.12500001 0.38366065 0.35275641 0.34875965 -0.07 -0.07 -0.07 -0.07 -0.28746919 -0.3875 -0.3875 -0.39150259 -0.6975 -0.26504036 -0.395 -0.395 -0.395 -0.395 -1.1983818 -0.8675 -0.8675 -0.8675 -0.8675 -0.86754242 -0.815 -0.815 -0.815 -0.815 -0.1475 -0.1475 -0.1475 -0.44995658 -0.46235253 -0.1125 -0.1125 0.42247122 -0.88250385 -0.99498916 -0.995 -1.0775 -0.84 -0.84 -1.5225 -1.5225 -1.7417019 -1.7425 -1.3381209
0.0125 0.485 0.485 0.485 0.485 0.48499964 -0.1256271 0.11867364 0.36011024 -0.06954883 -0.07 -0.07 -0.07 -0.07 -0.06999984 -0.3875 -0.38750005 -0.40876388 -0.6974947 -0.395 -0.395 -0.395 -0.395 -0.395 -0.41132253 -1.0030791 -1.0525 -1.0525 -1.0525 -1.0525 -0.81500001 -0.815 -0.81500026 -1.035 -1.035 -0.1475 -0.21312294 -0.215 -0.11250006 -0.1125 -0.1125 -0.1125 -0.8825 -0.8825 -0.8825 -0.88385702 -1.2523492 -1.255 -1.255 -1.255 -1.255 -0.042500351 -0.0425
0.1 0.485 0.485 0.485 0.485 0.485 0.48499996 -0.1013129 0.15590585 0.155 0.155 0.155 0.155 0.155 0.155 -0.40596609 -0.38800365 -0.42994936 -0.39503793 -0.395 -0.395 -0.395 -0.395 -0.39500026 -1.15 -1.15 -1.1499999 -1.0525 -1.0525 -1.0528504 -1.2275 -1.2275 -1.035 -1.035 -1.035 -0.34635505 -0.215 -0.215 -0.215 -0.1125 -0.1125 -0.1125 -0.8825 -0.8825 -0.8825 -0.8825 -1.255 -1.255 -1.255 -1.255 -1.255 -0.0425 -0.0425
0.1 0.24333113 0.485 0.485 0.485 0.485 -0.3448371 -0.345 -0.34499999 0.155 0.155 0.155 0.155 0.155 0.028702495 -0.4175 -0.4175 -0.4175 -0.61931458 -0.61999977 -0.62 -0.62 -0.62 -0.62 -1.15 -1.15 -1.15 -1.15 -1.0525 -1.2275 -1.2275 -1.2275 -1.035 -1.035 -1.035 -0.16 -0.21492718 -0.215 -0.215 -0.11258878 -0.28975864 -0.70322915 -0.8825 -0.8825 -0.76536261 -0.765 -0.765 -1.2529129 0.010561925 0.014999889 0.014999759 0.26995264 -0.042499365
0.1 0.29462875 0.39138148 0.485 0.485 -0.3445096 -0.345 -0.345 -0.345 -0.34139686 0.155 0.155 0.155 0.15499993 -0.4175 -0.4175 -0.4175 -0.4175 -0.61981911 -0.62 -0.62 -0.62 -0.62 -0.62 -1.15 -1.15 -1.15 -1.15 -1.1502819 -1.2275 -1.2275 -1.2275 -0.62250001 -1.034901 -0.16 -0.16 -0.16 -0.16201024 -0.67396866 -0.705 -0.705 -0.705 -0.8 -0.8 -0.765 -0.765 -0.765 0.01499999 0.015 0.015 0.015 0.27 0.27
0.30003725 0.3 0.3 0.3 -0.0975 -0.34499362 -0.345 -0.345 -0.345 -0.345 0.14913242 0.15499899 0.155 -0.4175 -0.4175 -0.4175 -0.4175 -0.4175 -0.48798103 -0.62 -0.62 -0.62 -0.62 -0.62 -0.75664911 -0.57250313 -0.5725 -0.5725 -0.5725 -1.2275 -0.62250001 -0.6225 -0.6225 -0.6225 -0.16 -0.16000481 -0.3425 -0.3425 -0.70047365 -0.705 -0.705 -0.705 -0.8 -0.8 -0.77041921 -0.765 -0.765 0.015 0.015 0.015 0.017734263 0.27 0.27
0.3 0.3 0.3 0.11281132 -0.0975 -0.0975 -0.345 -0.345 -0.345 -0.345 0.0775 0.0775 0.0775 -0.4175 -0.4175 -0.4175 -0.4175 -0.41755082 -1.2825 -1.2825 -0.62000027 -0.62 -0.62523434 -0.835 -0.83263683 -0.5725 -0.5725 -0.5725 -0.5725 -0.62249491 -0.6225 -0.6225 -0.6225 -0.6225 -0.34249936 -0.3425 -0.3425 -0.3425 -0.34377179 -0.705 -0.705 -0.705 -0.8 -0.8 -0.8 -0.765 -0.765 0.014999993 0.015 0.015000001 0.27 0.27 0.27
0.3 0.3 0.3 -0.0975 -0.0975 -0.0975 -0.097500378 -0.345 -0.345 0.077063858 0.0775 0.0775 0.0775 0.077191588 -0.66639739 -0.725 -0.725 -0.725 -1.2825 -1.2825 -1.2825 -0.835 -0.835 -0.835 -0.83497269 -0.65904651 -0.5725 -0.5725 -0.5725 -0.2777891 -0.20004155 -0.2 -0.2 -0.2 -0.31947471 -0.28750012 -0.2875 -0.2875 -0.2875 -0.29005678 -0.29 -0.29 -0.8 -0.8 0.069996368 0.070000061 0.2425 0.2425 0.405 0.405 0.405 0.27 0.48231
0.3000013 0.3 0.29999999 -0.0975 -0.0975 -0.0975 -0.097499999 -1.0035921e-07 -0.34362056 0.077792436 0.0775 0.0775 0.0775 0.075925274 -0.725 -0.725 -0.725 -0.72500016 -1.2825 -1.2825 -1.2825 -0.835 -0.835 -0.835 -0.7375 -0.7375 -0.66 -0.66 -0.66 -0.65749056 -0.2 -0.2 -0.2 -0.2 -0.243726 -0.2875 -0.2875 -0.2875 -0.2875 -0.29 -0.29 -0.29 -0.27867302 0.07 0.07 0.07 0.2425 0.2425 0.405 0.405 0.405 0.4825 0.4825
0.7175 0.50186643 -0.22 -0.21996446 -0.0975 -0.00056413171 -1.3877788e-17 -1.3877788e-17 0.099293176 0.4 0.4 0.4 0.4 -0.70246411 -0.7025 -0.72499998 -0.725 -0.73968931 -1.2825 -1.2825 -1.2825 -1.1025 -1.1025 -1.1025 -0.7375 -0.7375 -0.66 -0.66 -0.66 -0.6599997 -0.2474997 -0.24749987 -0.20119384 -0.20005092 -0.44222248 -0.4425 -0.4425 -0.4425 -0.4425 -0.29 -0.29 -0.29 0.050177139 0.07 0.07 0.069999956 0.2425 0.2425 0.24250585 0.405 0.40499229 0.2325 0.4825
0.15010777 0.14999994 -0.22 -0.22 -0.22 -1.3877796e-17 -1.3877788e-17 -1.3877764e-17 0.2725 0.2725 0.4 0.4 0.4 -0.7025 -0.7025 -0.7025 -0.7025 -0.70256445 -1.2825 -1.2825 -1.2825 -1.1025 -1.1025 -1.1025 -0.7375 -0.7375 -0.66 -0.66 -0.66 -0.25215097 -0.2475 -0.2475 -0.2475 -0.2475 -0.44240378 -0.4425 -0.4425 -0.4425 -0.4425 -0.49249995 -0.4925 -0.4925 -0.4925 0.069998082 -0.18 -0.18 -0.18 0.3875 0.3875 0.3875 0.2325 0.2325 0.2325
0.15 0.15 -0.22 -0.22 -0.22 -0.0011563593 -1.3876599e-17 0.2725 0.2725 0.2725 0.3999843 0.4 -0.19241542 -0.70249991 -0.7025 -0.7025 -0.7025 -0.93 -0.93 -0.93 -1.065 -1.065 -1.1024998 -1.1025 -1.10223 -0.82 -0.82 -0.81999962 -0.66002586 0.012448186 0.012498616 0.012454607 -0.24705563 -0.24727562 -0.40760108 -0.4425001 -0.44337132 -0.7025 -0.7025 -0.4925 -0.4925 -0.4925 -0.4925 -0.18 -0.18 -0.18 -0.18 0.3875 0.3875 0.3875 0.2325 0.2325 0.2325
0.15 0.15 -0.22 -0.22 -0.22 -0.22 0.10198879 0.2725 0.2725 0.2725 0.27216995 -0.325 -0.325 -0.325 -0.70027531 -0.7025 -0.928484 -0.93 -0.93 -0.93 -1.065 -1.065 -1.065 -1.065 -0.82 -0.82 -0.82 -0.82 -0.82 0.0125 0.0125 0.0125 0.0125 0.012499884 -0.0425 -0.7025 -0.7025 -0.7025 -0.7025 -0.70250087 -1.01 -1.01 -1.01 -0.75780375 -0.235 -0.235 -0.235 0.38749998 0.38749967 0.0425 0.0425 0.27498966 0.275
0.15 0.15 -0.086455981 -0.22 -0.22 -0.22000001 -0.80807908 0.26908856 0.2725 0.2725 -0.32500008 -0.325 -0.325 -0.325 -0.325 -0.35603246 -0.93 -0.93 -0.93 -0.93 -1.064999 -1.065 -1.065 -1.065 -0.82 -0.82 -0.82 -0.82 -0.82 -0.41794211 0.0125 0.0125 0.0125 -0.0425 -0.0425 -0.043012506 -0.7025 -0.7025 -0.56743316 -0.46250002 -1.01 -1.01 -1.01 -0.76051788 -0.235 -0.235 -0.235 0.105 0.043278744 0.0425 0.0425 0.275 0.275
-0.6075 -0.6075 -0.6075 -0.3171569 -0.22093604 -0.81 -0.81 -0.81 -0.81 -0.7025 -0.7025 -0.32500003 -0.325 -0.325 -0.325 -0.32503834 -0.93 -0.93 -0.93 -0.93 -1.0060904 -1.065 -1.065 -1.0579994 -0.7985019 -0.82 -0.82 -0.82 -0.57 -0.57 -0.57 -0.56999755 -0.0425 -0.0425 -0.0425 -0.0425 -0.4625 -0.4625 -0.4625 -0.4625 -0.63 -0.63 -0.63 -0.095010756 -0.095 -0.095 -0.095000044 0.105 0.105 0.042576153 0.0425 0.27499981 0.275
-0.6075 -0.6075 -0.6075 -0.60751346 -0.8575 -0.85059272 -0.81 -0.81 -0.81 -0.7025 -0.7025 -0.7025 -0.275 -0.275 -0.275 -0.27500001 -0.92998626 -0.93 -0.93 -0.93 -0.93203248 -0.79750073 -0.7975 -0.7975 -0.7975 -0.7975 -0.9625 -0.9625 -0.57 -0.57 -0.57 -0.57 -0.042500189 -0.0425 -0.0425 -0.042521381 -0.46249999 -0.4625 -0.4625 -0.46106331 -0.63 -0.63 -0.63 -0.095024809 -0.095 -0.095 -0.095 0.105 0.105 0.10500002 0.2375 0.2375 0.4325
-0.6075 -0.6075 -0.6075 -0.85749942 -0.8575 -0.8575 -0.81000002 -0.81 -0.81 -0.7025 -0.7025 -0.7025 -0.275 -0.275 -0.275 -0.32431331 -0.9225 -0.9225 -0.92250002 -0.92995764 -0.7975 -0.7975 -0.7975 -0.7975 -0.7975 -0.79762417 -0.9625 -0.9625 -0.9625 -0.57 -0.57 -0.57002092 -0.305 -0.305 -0.305 -0.235 -0.235 -0.135 -0.135 -0.135 0.305 -0.62970672 -0.62999321 0.28 0.28 0.26578793 -0.09499867 0.105 0.105 0.2375 0.2375 0.2375 0.4325
-0.6075 -0.6075 -0.6075 -0.8575 -0.8575 -0.8575 -0.8575 -0.81 -0.81 -0.7025 -0.7025 -0.29209383 -0.275 -0.275 -0.275 -0.9225 -0.9225 -0.9225 -0.9225 -0.9225 -0.7975 -0.7975 -0.7975 -0.7975 -0.7975 -0.96249944 -0.9625 -0.9625 -0.9625 -0.6025 -0.6025 -0.6025 -0.305 -0.305 -0.305 -0.235 -0.235 -0.135 -0.135 0.305 0.305 0.305 0.28 0.28 0.28 0.28 0.28657179 0.36 0.36 0.36 0.2375 0.4475 0.4475
-0.6075 -0.6075 -0.60784814 -0.8575 -0.8575 -0.8575 -0.8575 -0.88368032 -0.885 -0.88468667 -0.7025 -0.27502848 -0.275 -0.275 -0.27500224 -0.9225 -0.9225 -0.9225 -0.9225 -0.9225 -0.94375389 -0.7975 -0.7975 -0.7975 -0.79758136 -0.96251294 -0.9625 -0.9625 -0.9625 -0.6025 -0.6025 -0.6025 -0.60245896 -0.305 -0.235 -0.235 -0.235 -0.23499584 -0.13496999 0.305 0.305 0.305 0.28000152 0.28 0.28 0.28 0.36000027 0.36 0.36 0.36 0.4475 0.4475 0.4475
-0.4575 -0.45750026 -0.8573544 -0.8575 -0.8575 -0.8575 -0.88499415 -0.885 -0.885 -0.885 -0.61500001 -0.615 -0.615 -0.615 -0.92108072 -0.9225 -0.9225 -0.9225 -0.9225 -0.94999998 -0.95 -0.95 -1.1924999 -1.1925 -1.1925 -1.1925 -1.172648 -0.9625 -0.83500522 -0.835 -0.835 -0.835 -0.835 -0.1725 -0.1725 -0.1725 -0.1725 -0.1725 0.1075 0.1075 0.1075 0.1075 0.1075 0.38733795 0.3875 0.3875 0.3875 0.36 0.36 0.36 0.44748622 0.4475 0.4475
-0.4575 -0.4575 -0.45965603 -0.71500029 -0.71500003 -0.71516582 -0.885 -0.885 -0.885 -0.885 -0.615 -0.615 -0.615 -0.615 -0.615 -0.9225 -0.9225 -0.9225 -0.94999999 -0.95 -0.95 -0.95 -1.1925 -1.1925 -1.1925 -1.1925 -1.1925 -1.192451 -0.83490249 -0.835 -0.835 -0.835 -0.83496083 -0.098802789 -0.17242369 -0.1725 -0.1725 -0.1725 0.1075 0.1075 0.1075 0.1075 0.1075 0.3875 0.3875 0.3875 0.3875 0.37464046 0.36 0.59485023 0.5975 0.2125 0.2125
-0.4575 -0.4575 -0.71496738 -0.715 -0.715 -0.715 -0.75817928 -0.885 -0.885 -0.885 -0.615 -0.615 -0.615 -0.615 -0.615 -0.92226637 -0.9225 -0.94999194 -0.95 -0.95 -0.95 -0.95 -1.1026643 -1.1925 -1.1925 -1.1925 -1.1925 -1.1920681 -0.5825 -0.5825 -0.5825 -0.5825 -0.5825 -0.0425 -0.0425 -0.0425 -0.0425 -0.0425 0.1325 0.1325 0.1325 0.1325 0.1325 0.388086 0.38750012 0.3875 0.38754068 0.39242535 0.5975 0.5975 0.5975 0.21250216 0.2125
-0.45749995 -0.4329874 -0.71499996 -0.715 -0.715 -0.715 -0.715 -0.88492762 -0.885 -0.885 -0.615 -0.615 -0.615 -0.615 -0.93522578 -0.9425 -0.9425 -0.94999981 -0.95 -0.95 -0.95 -0.95 -0.95000005 -1.1925 -1.1925 -1.1925 -1.1925 -0.8099998 -0.80999989 -0.76158247 -0.5825 -0.5825 -0.5825 -0.042500001 -0.0425 -0.0425 -0.0425 -0.042601593 0.1325 0.1325 0.1325 0.1325 0.13251264 0.6275 0.6275 0.6275 0.6275 0.62749758 0.5975 0.5975 0.5975 0.59749985 0.35290134
-0.4325 -0.4325 -0.47063192 -0.715 -0.715 -0.715 -0.715 -0.715 -0.88492682 -0.5975 -0.5975 -0.5975 -0.59754153 -0.94249953 -0.9425 -0.9425 -0.9425 -0.9425 -0.95000177 -0.96512944 -1.0975 -1.0975 -1.0975 -1.1205561 -1.1718906 -1.0616138 -0.96849043 -0.81 -0.81 -0.81 -0.81 -0.81 -0.79885207 -0.19659654 -0.1925 -0.1925 -0.1925 -0.1925 0.16349567 0.2974997 0.2975 0.2975 0.2975 0.38000073 0.62749994 0.6275 0.6275 0.62 0.59750036 0.5975 0.5975 0.355 0.355
-0.4325 -0.4325 -0.3375 -0.3375 -0.3375 -0.71487425 -0.715 -0.715 -0.5975 -0.5975 -0.5975 -0.5975 -0.5975 -0.94249998 -0.9425 -0.9425 -0.9425 -0.9425 -1.0975 -1.0975 -1.0975 -1.0975 -1.0975 -0.93500001 -0.935 -0.935 -0.935 -0.81 -0.81 -0.81 -0.81 -0.81 -0.5575 -0.5575 -0.1925 -0.1925 -0.1925 -0.07502001 -0.075 0.2975 0.2975 0.2975 0.29750002 0.38 0.38 0.38 0.62 0.62 0.62 0.315 0.315 0.355 0.355
