interpolatedSpi/05-08|20_3.tif
NCOLS 53
NROWS 52
XLLCORNER -116.03883
YLLCORNER 28.596182
DX 0.49850594
DY 0.49788537
NODATA_VALUE -9999
[rows 0 to 36 of 52, columns 0 to 52 of 53]
1.2075 1.2075 0.60545941 0.05 0.7225 0.8375 1.54 1.435 0.59790394 0.3725 0.39 0.595 0.2850704 1.14 0.77 0.77 0.77 0.665 0.7575 0.7575 0.7575 0.75750412 1.185 0.39 0.39 0.39 1.5175005 1.5175 1.5175 0.6875 0.6875 0.6875 0.6875 1.3424999 1.3425 1.3425 1.3425 1.3425 1.3425 1.3425 1.9088979 1.9148432 1.3 1.3 1.3 1.3 1.3004247 1.56 1.56 1.56 1.7274997 1.7275 1.7275
1.2074699 0.53 0.99000084 1.066182 1.1524366 1.5275 1.2475 1.2930143 0.78 0.6225 0.305 0.285 0.285 1.0777084 1.139996 0.77 0.665 0.665 0.75737939 0.7575 0.7575 0.7575 0.3682872 0.39 0.39 0.39 0.37 0.37 0.6875 0.6875 0.6875 0.6875 0.6875 1.3424999 1.3425 1.3425 1.3425 1.3425 1.3424999 1.1468431 0.18504726 1.1647036 1.3 1.3 1.3 1.3 1.3 1.56 1.56 1.56 1.5738893 1.7275 1.7275
1.8674647 1.8675 1.715 1.905 1.525 1.2125 1.1575 0.8225 0.9925 0.6275 0.735 -0.1425 -0.3475 0.2475 1.0775 1.3925 0.665 0.665 0.665 0.6825218 0.6825 0.6825 -0.0225 0.39 0.39 0.39 0.37 0.37 0.37 0.6875 0.6875 0.68749995 0.22054193 1.3387385 1.3314469 0.16588162 0.155 0.155 0.15877321 0.185 0.185 0.1864258 1.3 1.3 1.3 1.3 1.3 1.56 1.56 1.56 1.56 1.7275 1.7275
0.9 1.8674998 1.0200034 1.2825 0.57 1.325 2.05 0.3075 1.055 0.66056552 0.74 0.645 0.3375 0.2475 0.9075 1.3925 -0.0017504146 -0.012025304 0.425 0.6825 0.6825 -0.485 -0.0225 -0.0225 0.39 0.3899999 0.37 0.37 0.37 -0.5825 -0.41789668 -0.2825 -0.2825 -0.28249965 0.155 0.155 0.155 0.155 0.185 0.185 0.185 0.18500004 1.3 1.3 1.3 1.3 1.3 1.5599967 1.56 1.56 1.56 1.7274195 1.7275
0.9 0.40750112 1.02 1.1967233 0.57 1.57 1.1000366 0.975 0.48 0.75500009 0.5769222 0.49259812 1.1775 0.9075 0.9075 1.2099382 -0.0125 -0.0125 0.425 0.425 0.68249762 -0.485 -0.2375 0.045 -0.2825 -0.28254719 0.37 0.37 -0.5825 -0.5825 -0.2825 -0.2825 -0.2825 -0.19387055 0.155 0.155 0.155 0.185 0.185 0.185 0.185 0.18502558 1.3 1.3 1.3 1.3 1.3 1.3023143 1.56 1.559897 -0.7375 -0.7375 -0.7375
-0.685 0.605 0.85 0.87 1.4925 1.6275 1.1825 1.1559341 1.24 0.9025 1.0625 0.17 0.17000066 0.2375 0.2375 0.017510865 0.0175 -0.0875 -0.087499998 0.42499936 -1.005 -1.005 0.045 -0.2825 -0.2825 -0.485 -1.1425 -1.1425 0.087439293 -0.5825 -0.2825 -0.2825 0.1875 0.18751646 0.34498855 -0.1075 -0.1075 0.094508448 0.185 0.185 0.44966949 0.45 0.45000002 -0.23246173 -0.25982759 -0.25999958 -0.25999995 -0.25999942 -1.1685335 -0.7375 -0.7375 -0.7375 -0.7375
-0.5074998 0.135 -0.10949561 0.8175 1.815 0.97 0.91 1.22 1.2425 1.2425 1.0625 0.485 -0.26500007 0.2375 0.062500524 0.0625 0.0175 -0.0775 -0.305 -0.305 -0.92488497 -0.835 -0.835 -1.3175 -0.485 -0.485 -1.1425 -1.1425 0.087505828 0.087607292 0.70340195 0.1875 0.1875 0.345 0.345 -0.70932724 -0.1075 -0.1075 -1.3449571 0.4499975 0.45 0.45 0.44999952 -0.2599973 -0.26 -0.26 -0.26 -0.26000064 -1.3375 -0.7376189 -0.7375 -0.7375 -0.7375
-0.5075 -0.7775 0.0475 -0.385 -0.89997048 0.145 0.4725 0.50750002 0.495 0.3625 0.3625 -0.595 -0.265 -0.265 0.060253046 -0.044513944 -0.055 0.025 -0.39499991 -0.305 -1.0959883 -1.065 -1.315 -1.2725 -1.272499 -1.1925 -1.6175 -1.6174998 0.18714959 0.18750001 0.705 0.64057149 0.58 0.345 0.31826137 -1.2125 -1.2125 -1.345 -1.345 0.45 0.45 0.45 0.22314906 0.22499998 -0.26 -0.26 -0.26 -1.337459 -1.3375 -1.3375 -0.7375 -0.7375 -0.7375
-0.74108827 -0.77749999 -0.3975 -0.395 0.43 0.05 0.2675 1.2575 1.1525 0.84748011 -0.085 -0.087499999 -0.0875 -0.94 -0.93999229 -0.39654542 -0.3975 -0.3975 -0.039113649 -1.375 -1.43 -1.43 -1.015 -1.1967749 -1.2005619 -1.1925 -1.2475 -1.6175 -0.77492482 -0.77 0.6575 1.8325 1.2759595 -0.565 -0.5925 -0.8925 -0.7925 -0.755 -1.0248753 0.45007812 0.4675 -0.1075 0.224989 0.225 0.22227016 -0.26 -1.1 -1.3375 -1.3375 -1.3375 -1.3375 -0.88535258 -0.785
-0.5375 -0.5375 -0.34 -0.4425 0.4475 0.895 0.44 0.8425 1.32 0.77001791 0.2175 -0.2025 -0.94 -0.94 -0.12 -0.12380604 -0.3975 -0.39758924 -0.845 -1.375 -1.375 -1.3820858 -1.015 -1.0549992 -1.055 -1.055 -1.2475 -0.1675 -0.1675 -0.77 -0.77 1.8304042 0.7275 -0.565 -0.145 -0.8925 -0.7925 -1.1125 -1.025 0.94504551 -0.10749997 -0.010155061 0.1575 0.225 0.225 -1.1 -1.1 -1.1 -1.3375 -1.3375 -1.925 -1.925 -1.9249996
-0.5375 -0.5375 -0.71 -0.765 -0.26 0.075 -0.052499988 0.45012464 0.5175 0.3625 0.245 -0.2525 -0.20256766 -0.12 -0.12 -0.12001961 -0.29 -0.319129 -0.845 -0.0625 -0.0625 -0.4325 -0.4325 -1.055 -1.055 -1.055 -0.1675 -0.1675 -0.1675 -0.9325 -0.9325 -0.93249726 -0.25 -0.25 -0.2375 -0.88 -0.5275 -0.097503021 -1.265 0.9775 0.9775 0.55999868 0.1575 0.225 -0.94999995 -1.185 -1.0800861 -1.08 -1.65 -1.65 -1.925 -1.925 -1.925
-0.5375 -0.61201161 -0.73347046 -0.86499185 -0.455 -0.4575 -0.0525 0.45 0.51749944 0.36421721 -0.2524992 -0.2525 -0.1075 -0.12 -0.12 -0.28999999 -0.29 -0.29003159 -0.845 -0.0625 -0.13516047 -0.4325 -0.4325 -1.0549748 -1.055 -1.0040485 -0.9 -0.9 -0.89999991 -0.9325 -0.9325 -0.8575 -0.8575 -0.24999997 -0.2375 0.04499969 -0.51547302 -0.0975 -0.0975 0.97749999 0.56 0.56 0.55998902 -0.95 -0.95 -1.185 -1.08 -1.08 -1.65 -1.65 -1.925 -1.925 -1.925
0.1325 0.4407368 0.53995142 0.52982371 -0.45499993 -0.45749994 -0.052500011 0.44381452 0.51284856 0.51345254 -0.1075 -0.1075 -0.1075 -0.1075 -0.11999823 -0.29 -0.29 -0.29716593 -0.845 -0.062575112 -0.305 -0.305 -0.305 -0.305 -1.0421841 -0.9 -0.9 -0.9 -0.9 -0.90005215 -0.8575 -0.8575 -0.8575 -0.8575 0.045 0.045 0.045 -0.091043261 -0.095021522 0.2325 0.2325 0.55998238 -0.55751344 -0.9499622 -0.95 -1.185 -1.08 -1.08 -1.65 -1.65 -1.9240023 -1.925 -1.3106882
0.1325 0.54 0.54 0.54 0.54 0.53999958 -0.05353669 0.18527305 0.50043892 -0.10683074 -0.1075 -0.1075 -0.1075 -0.1075 -0.1074998 -0.29 -0.29000009 -0.32806921 -0.84499052 -0.305 -0.305 -0.305 -0.305 -0.305 -0.32175534 -0.98763362 -1.02 -1.02 -1.02 -1.02 -0.85750001 -0.8575 -0.85750017 -1 -1 0.045 0.086318148 0.0875 0.23249992 0.2325 0.2325 0.2325 -0.5575 -0.5575 -0.5575 -0.56186683 -1.4004235 -1.4025 -1.4025 -1.4025 -1.4025 -0.03500039 -0.035
0.2075 0.54 0.54 0.54 0.54 0.54 0.53999996 -0.057191242 0.17149768 0.17 0.17 0.17 0.17 0.17 0.17 -0.39585486 -0.29191403 -0.36599805 -0.30506771 -0.305 -0.305 -0.305 -0.305 -0.30500043 -1.08 -1.08 -1.0799999 -1.02 -1.02 -1.0203705 -1.205 -1.205 -1 -1 -1 -0.086705685 0.0875 0.0875 0.0875 0.2325 0.2325 0.2325 -0.5575 -0.5575 -0.5575 -0.5575 -1.4025 -1.4025 -1.4025 -1.4025 -1.4025 -0.035 -0.035
0.2075 0.33128597 0.54 0.54 0.54 0.54 -0.36482238 -0.365 -0.36499999 0.17 0.17 0.17 0.17 0.17 0.04259946 -0.4075 -0.4075 -0.4075 -0.67387297 -0.67499962 -0.675 -0.675 -0.675 -0.675 -1.08 -1.08 -1.08 -1.08 -1.02 -1.205 -1.205 -1.205 -1 -1 -1 0.04 0.087437109 0.0875 0.0875 0.23239772 0.028315994 -0.44796016 -0.5575 -0.5575 -0.64223768 -0.6425 -0.6425 -1.4000381 0.089766916 0.09499987 0.094999716 0.33494394 -0.034999248
0.2075 0.35103885 0.44638148 0.54 0.54 -0.36446528 -0.365 -0.365 -0.365 -0.36114464 0.17 0.17 0.17 0.16999993 -0.4075 -0.4075 -0.4075 -0.4075 -0.67476105 -0.675 -0.675 -0.675 -0.675 -0.675 -1.08 -1.08 -1.08 -1.08 -1.0804547 -1.205 -1.205 -1.205 -0.51000002 -0.99988238 0.04 0.04 0.04 0.036211097 -0.41596856 -0.45 -0.45 -0.45 -0.5975 -0.5975 -0.6425 -0.6425 -0.6425 0.094999991 0.095 0.095 0.095 0.335 0.335
0.35513835 0.355 0.355 0.355 -0.0975 -0.3649931 -0.365 -0.365 -0.365 -0.365 0.14653026 0.16999596 0.16999999 -0.4075 -0.4075 -0.4075 -0.4075 -0.4075 -0.49917444 -0.675 -0.675 -0.675 -0.675 -0.675 -0.72060782 -0.48500322 -0.485 -0.485 -0.485 -1.205 -0.51000001 -0.51 -0.51 -0.51 0.04 0.039990915 -0.305 -0.305 -0.44818946 -0.45 -0.45 -0.45 -0.5975 -0.5975 -0.63553245 -0.6425 -0.6425 0.095 0.095 0.095 0.097573424 0.335 0.335
0.355 0.355 0.355 0.141911 -0.0975 -0.0975 -0.365 -0.365 -0.365 -0.365 -0.14 -0.14 -0.14 -0.4075 -0.4075 -0.4075 -0.4075 -0.40758263 -1.5275 -1.5275 -0.67500035 -0.675 -0.68193855 -0.96 -0.95572378 -0.485 -0.485 -0.485 -0.485 -0.50999745 -0.51 -0.51 -0.51 -0.51 -0.30499879 -0.305 -0.305 -0.305 -0.30549273 -0.45 -0.45 -0.45 -0.5975 -0.5975 -0.5975 -0.6425 -0.6425 0.094999994 0.095 0.095000001 0.335 0.335 0.335
0.355 0.355 0.355 -0.0975 -0.0975 -0.0975 -0.097500409 -0.365 -0.365 -0.14023226 -0.14 -0.14 -0.14 -0.14016667 -0.81221121 -0.9075 -0.9075 -0.9075 -1.5275 -1.5275 -1.5275 -0.96 -0.96 -0.96 -0.95997409 -0.68563055 -0.485 -0.485 -0.485 0.033346274 0.15743435 0.1575 0.1575 0.1575 -0.17982207 -0.0050006813 -0.005 -0.005 -0.005 -0.22003147 -0.22 -0.22 -0.5975 -0.5975 0.28249633 0.28250002 0.335 0.335 0.475 0.475 0.475 0.335 0.61474965
0.35500203 0.355 0.35499998 -0.0975 -0.0975 -0.0975 -0.0975 -0.12250007 -0.36403039 -0.13971663 -0.14 -0.14 -0.14 -0.14150605 -0.9075 -0.9075 -0.9075 -0.90750018 -1.5275 -1.5275 -1.5275 -0.96 -0.96 -0.96 -0.8675 -0.8675 -0.71 -0.71 -0.71 -0.70526752 0.1575 0.1575 0.1575 0.1575 0.076294551 -0.005 -0.005 -0.005 -0.005 -0.22 -0.22 -0.22 -0.20418943 0.2825 0.2825 0.2825 0.335 0.335 0.475 0.475 0.475 0.615 0.615
1.0075 0.67914559 -0.2575 -0.25745358 -0.0975 -0.12235535 -0.1225 -0.1225 -0.0013441062 0.1725 0.1725 0.1725 0.1725 -1.1349574 -1.135 -0.90750017 -0.9075 -0.92383609 -1.5275 -1.5275 -1.5275 -1.38 -1.38 -1.38 -0.8675 -0.8675 -0.71 -0.71 -0.71 -0.70999946 0.03000081 0.030000358 0.15429548 0.15736331 -0.40435603 -0.405 -0.405 -0.405 -0.405 -0.22 -0.22 -0.22 0.25483035 0.2825 0.2825 0.28249991 0.335 0.335 0.33500504 0.475 0.47499139 0.2825 0.615
0.43010967 0.42999988 -0.2575 -0.2575 -0.2575 -0.1225 -0.1225 -0.1225 0.21 0.21 0.1725 0.1725 0.1725 -1.135 -1.135 -1.135 -1.135 -1.1350427 -1.5275 -1.5275 -1.5275 -1.38 -1.38 -1.38 -0.8675 -0.8675 -0.71 -0.71 -0.71 0.021656446 0.03 0.03 0.03 0.03 -0.40478535 -0.405 -0.405 -0.405 -0.405 -0.86249983 -0.8625 -0.8625 -0.8625 0.28249601 -0.2375 -0.2375 -0.2375 0.4125 0.4125 0.4125 0.2825 0.2825 0.2825
0.43 0.43 -0.2575 -0.2575 -0.2575 -0.12320958 -0.1225 0.21 0.21 0.21 0.17250462 0.1725 -0.41174418 -1.1349999 -1.135 -1.135 -1.135 -1.3625 -1.3625 -1.3625 -1.405 -1.405 -1.3800001 -1.38 -1.3796886 -1.0975 -1.0975 -1.0974991 -0.71006262 0.12248157 0.12249951 0.12248385 0.030158092 0.030079827 -0.32746558 -0.40500021 -0.4068348 -0.9525 -0.9525 -0.8625 -0.8625 -0.8625 -0.8625 -0.2375 -0.2375 -0.2375 -0.2375 0.4125 0.4125 0.4125 0.2825 0.2825 0.2825
0.43 0.43 -0.2575 -0.2575 -0.2575 -0.2575 0.0019450373 0.21 0.21 0.21 0.20958433 -0.5425 -0.5425 -0.5425 -1.1315083 -1.135 -1.360984 -1.3625 -1.3625 -1.3625 -1.405 -1.405 -1.405 -1.405 -1.0975 -1.0975 -1.0975 -1.0975 -1.0975 0.1225 0.1225 0.1225 0.1225 0.12249946 -0.135 -0.9525 -0.9525 -0.9525 -0.9525 -0.95250152 -1.4475 -1.4475 -1.4475 -1.1351009 -0.4875 -0.4875 -0.4875 0.41249997 0.41249954 -0.0575 -0.0575 0.082548655 0.0825
0.43 0.43 -0.0093607761 -0.2575 -0.2575 -0.25750001 -0.85810126 0.20662795 0.21 0.21 -0.54250006 -0.5425 -0.5425 -0.5425 -0.5425 -0.5911873 -1.3625 -1.3625 -1.3625 -1.3625 -1.4049997 -1.405 -1.405 -1.405 -1.0975 -1.0975 -1.0975 -1.0975 -1.0975 -0.47974948 0.1225 0.1225 0.1225 -0.135 -0.135 -0.13563481 -0.9525 -0.9525 -0.77663171 -0.64000003 -1.4475 -1.4475 -1.4475 -1.1384849 -0.4875 -0.4875 -0.4875 0.005 -0.056721256 -0.0575 -0.0575 0.0825 0.0825
-0.7875 -0.7875 -0.7875 -0.39038557 -0.25897552 -0.86 -0.86 -0.86 -0.86 -0.815 -0.815 -0.54250002 -0.5425 -0.5425 -0.5425 -0.54255197 -1.3625 -1.3625 -1.3625 -1.3625 -1.3864544 -1.405 -1.405 -1.3991117 -1.1763264 -1.0975 -1.0975 -1.0975 -0.6925 -0.6925 -0.6925 -0.69249658 -0.135 -0.135 -0.135 -0.135 -0.64 -0.64 -0.64 -0.64 -0.9575 -0.9575 -0.9575 -0.32001282 -0.32 -0.32 -0.32000005 0.005 0.005 -0.057423847 -0.0575 0.082499874 0.0825
-0.7875 -0.7875 -0.7875 -0.78752585 -1.2675 -1.2082428 -0.86 -0.86 -0.86 -0.815 -0.815 -0.815 -0.5325 -0.5325 -0.5325 -0.53250002 -1.3623535 -1.3625 -1.3625 -1.3625 -1.3631322 -1.1800006 -1.18 -1.18 -1.18 -1.18 -1.1175 -1.1175 -0.6925 -0.6925 -0.6925 -0.6925 -0.13500015 -0.135 -0.135 -0.13501731 -0.63999998 -0.64 -0.64 -0.63703889 -0.9575 -0.9575 -0.9575 -0.32002956 -0.32 -0.32 -0.32 0.005 0.005 0.005000007 0.0575 0.0575 0.14
-0.7875 -0.7875 -0.7875 -1.2674989 -1.2675 -1.2675 -0.86000015 -0.86 -0.86 -0.815 -0.815 -0.815 -0.5325 -0.5325 -0.5325 -0.58961966 -1.2825 -1.2825 -1.2825002 -1.3620481 -1.18 -1.18 -1.18 -1.18 -1.18 -1.179953 -1.1175 -1.1175 -1.1175 -0.6925 -0.6925 -0.69244368 -0.3475 -0.3475 -0.3475 0.064999998 0.065 0.035 0.035 0.035 0.345 -0.95709144 -0.95749078 0.2775 0.2775 0.25485543 -0.31999787 0.0050000003 0.0050000002 0.0575 0.0575 0.0575 0.14
-0.7875 -0.7875 -0.7875 -1.2675 -1.2675 -1.2675 -1.2675 -0.86 -0.86 -0.815 -0.815 -0.54379593 -0.5325 -0.5325 -0.5325 -1.2825 -1.2825 -1.2825 -1.2825 -1.2825 -1.18 -1.18 -1.18 -1.18 -1.18 -1.1175002 -1.1175 -1.1175 -1.1175 -0.605 -0.605 -0.605 -0.3475 -0.3475 -0.3475 0.065 0.065 0.035 0.035 0.345 0.345 0.345 0.2775 0.2775 0.2775 0.2775 0.28366105 0.3525 0.3525 0.3525 0.057500006 0.3575 0.3575
-0.7875 -0.7875 -0.78816842 -1.2675 -1.2675 -1.2675 -1.2675 -1.3127206 -1.315 -1.3141416 -0.815 -0.53253455 -0.5325 -0.5325 -0.53250259 -1.2825 -1.2825 -1.2825 -1.2825 -1.2825 -1.0673263 -1.18 -1.18 -1.18 -1.1800124 -1.1175069 -1.1175 -1.1175 -1.1175 -0.605 -0.605 -0.605 -0.60496299 -0.3475 0.065 0.065 0.065 0.064998744 0.035021141 0.345 0.345 0.345 0.2775041 0.2775 0.2775 0.2775 0.35249934 0.3525 0.3525 0.3525 0.3575 0.3575 0.3575
-1.1875 -1.1874993 -1.2672447 -1.2675 -1.2675 -1.2675 -1.3149899 -1.315 -1.315 -1.315 -0.94500001 -0.945 -0.945 -0.945 -1.2809422 -1.2825 -1.2825 -1.2825 -1.2825 -1.0625001 -1.0625 -1.0625 -1.24 -1.24 -1.24 -1.24 -1.2294267 -1.1175 -0.62502017 -0.625 -0.625 -0.625 -0.625 0.035 0.035 0.035 0.035 0.035 0.0325 0.0325 0.0325 0.0325 0.032500001 0.28748493 0.2875 0.2875 0.2875 0.3525 0.3525 0.3525 0.35749921 0.3575 0.3575
-1.1875 -1.1875 -1.1848418 -0.8700008 -0.87000009 -0.87043408 -1.315 -1.315 -1.315 -1.315 -0.945 -0.945 -0.945 -0.945 -0.945 -1.2825 -1.2825 -1.2825 -1.0625001 -1.0625 -1.0625 -1.0625 -1.24 -1.24 -1.24 -1.24 -1.24 -1.2399735 -0.62496621 -0.625 -0.625 -0.625 -0.62498643 -0.018855654 0.034944235 0.035 0.035 0.034999999 0.0325 0.0325 0.0325 0.0325 0.0325 0.2875 0.2875 0.2875 0.2875 0.31789527 0.3525 0.69365086 0.6975 0.3475 0.3475
-1.1875 -1.1875 -0.87004022 -0.87 -0.87 -0.87 -0.98302812 -1.315 -1.315 -1.315 -0.945 -0.945 -0.945 -0.945 -0.945 -1.2822437 -1.2825 -1.0625645 -1.0625 -1.0625 -1.0625 -1.0625 -1.174244 -1.24 -1.24 -1.24 -1.24 -1.2395026 -0.5375 -0.5375 -0.5375 -0.5375 -0.5375 -0.06 -0.06 -0.06 -0.06 -0.06 -0.05 -0.05 -0.05 -0.05 -0.049999999 0.28787235 0.28750008 0.2875 0.28752585 0.29066948 0.6975 0.6975 0.6975 0.34750196 0.3475
-1.1874998 -1.0919009 -0.87000003 -0.87 -0.87 -0.87 -0.87 -1.3148105 -1.315 -1.315 -0.945 -0.945 -0.945 -0.945 -1.3067818 -1.315 -1.315 -1.0625065 -1.0625 -1.0625 -1.0625 -1.0625 -1.0625001 -1.24 -1.24 -1.24 -1.24 -0.9699996 -0.9699998 -0.87795349 -0.5375 -0.5375 -0.5375 -0.060000002 -0.06 -0.06 -0.06 -0.060187946 -0.05 -0.05 -0.05 -0.05 -0.049983911 0.44 0.44 0.44 0.44 0.44002077 0.6975 0.6975 0.6975 0.69749988 0.50021725
-1.09 -1.09 -0.99304543 -0.87 -0.87 -0.87 -0.87 -0.87 -1.3148097 -1.09 -1.09 -1.09 -1.0896559 -1.3149995 -1.315 -1.315 -1.315 -1.315 -1.0625055 -1.1096833 -1.5225 -1.5225 -1.5225 -1.4509419 -1.2458026 -1.2768514 -1.3028549 -0.97 -0.97 -0.97 -0.97 -0.97 -0.95192761 -0.34221382 -0.3375 -0.3375 -0.3375 -0.3375 -0.010550913 0.15999962 0.16 0.16 0.16 0.29000044 0.43999996 0.44 0.44 0.7925 0.69750152 0.6975 0.6975 0.5025 0.5025
-1.09 -1.09 -0.71 -0.71 -0.71 -0.8699467 -0.87 -0.87 -1.09 -1.09 -1.09 -1.09 -1.09 -1.315 -1.315 -1.315 -1.315 -1.315 -1.5225 -1.5225 -1.5225 -1.5225 -1.5225 -1.3125 -1.3125 -1.3125 -1.3125 -0.97 -0.97 -0.97 -0.97 -0.97 -0.7575 -0.7575 -0.3375 -0.3375 -0.3375 -0.19502427 -0.195 0.16 0.16 0.16 0.16000005 0.29 0.29 0.29 0.7925 0.7925 0.7925 0.5 0.5 0.5025 0.5025
