interpolatedSpi/05-07|23_2.tif
NCOLS 53
NROWS 52
XLLCORNER -116.03883
YLLCORNER 28.596182
DX 0.49850594
DY 0.49788537
NODATA_VALUE -9999
[rows 0 to 35 of 52, columns 0 to 52 of 53]
0.695 0.695 0.10127137 -0.035 0.0225 0.3675 0.0625 0.2125 -0.77111668 -0.5975 -0.64 -0.2775 -0.60502676 -0.93 -0.8175 -0.8175 -0.8175 -0.7675 -0.5275 -0.5275 -0.5275 -0.5274947 0.022499989 -1.0575 -1.0575 -1.0575 -0.69749845 -0.6975 -0.6975 -1.19 -1.19 -1.19 -1.19 -1.9874998 -1.9875 -1.9875 -1.9875 -1.9875 -1.9875 -1.9874999 -0.1102199 -0.090013098 -0.14 -0.14 -0.14 -0.14 -0.14160884 -1.125 -1.125 -1.125 -0.65500098 -0.655 -0.655
0.69496679 -0.0525 0.040000257 0.044811496 -0.099944899 0.0525 0.28 0.065227266 -0.4125 -0.7175 -0.115 -0.605 -0.605 -0.50143382 -0.92999381 -0.8175 -0.7675 -0.7675 -0.52781293 -0.5275 -0.5275 -0.5275 -1.0669747 -1.0575 -1.0575 -1.0575 -0.57750003 -0.5775 -1.19 -1.19 -1.19 -1.19 -1.19 -1.9874999 -1.9875 -1.9875 -1.9875 -1.9875 -1.9875 -1.6864508 -0.067668735 -0.13120375 -0.14 -0.14 -0.14 -0.14 -0.14 -1.125 -1.125 -1.125 -1.0860272 -0.655 -0.655
0.68748683 0.6875 0.2625 -0.0025 0.185 0.7 0.0225 0.745 -0.65 -1.095 -0.7825 -0.2625 -0.745 -1.155 -0.5 -1.1075 -0.7675 -0.7675 -0.7675 -0.13761337 -0.1375 -0.1375 -1.2375 -1.0575 -1.0575 -1.0575 -0.5775 -0.5775 -0.5775 -1.19 -1.19 -1.19 -0.97457347 -1.9854031 -1.9826832 -1.4747421 -1.47 -1.47 -1.2936025 -0.06750001 -0.067500001 -0.067592712 -0.14 -0.14 -0.14 -0.14 -0.14 -1.125 -1.125 -1.125 -1.125 -0.655 -0.655
0.6975 0.68749981 -0.25016429 -0.01 -0.5525 -0.115 -0.09 -0.275 0.0175 -0.68837614 -0.715 -0.8525 -0.695 -1.155 -0.89 -1.1075 -0.87429797 -0.87242643 -0.7425 -0.1375 -0.1375 -1.0675 -1.2375 -1.2375 -1.0575 -1.0574976 -0.5775 -0.5775 -0.5775 -0.9 -0.81358326 -0.7425 -0.7425 -0.74250057 -1.47 -1.47 -1.47 -1.47 -0.0675 -0.0675 -0.0675 -0.067500003 -0.14 -0.14 -0.14 -0.14 -0.14 -1.1249876 -1.125 -1.125 -1.125 -0.65503242 -0.655
0.6975 -0.082500307 -0.25 -0.81413784 -0.5525 -0.965 -0.83756536 -1.4825 -1.6275 -0.7150004 -0.82143078 -0.8624094 -0.23 -0.89 -0.89 -1.0318367 -0.8725 -0.8725 -0.7425 -0.7425 -0.13750182 -1.0675 -0.61 0.255 -0.4175 -0.41748776 -0.5775 -0.5775 -0.9 -0.9 -0.7425 -0.7425 -0.7425 -0.78351459 -1.47 -1.47 -1.47 -0.0675 -0.0675 -0.0675 -0.0675 -0.067572397 -0.14000001 -0.14 -0.14 -0.14 -0.14 -0.14876772 -1.125 -1.1250234 -1.6475 -1.6475 -1.6475
-0.855 -0.6475 -0.91499998 -0.5625 -0.81 -1.3525 -1.445 -1.4498011 -0.98 -1.4975 -2.0975 -1.335 -1.3349993 -1.5875 -1.5875 -0.60497103 -0.605 -1.185 -1.185 -0.74250002 -0.75 -0.75 0.255 -0.4175 -0.4175 -0.365 -1.0225 -1.0225 -0.62752608 -0.9 -0.7425 -0.7425 -0.96 -0.95996186 -0.59502617 -0.63 -0.63 -0.24152222 -0.0675 -0.0675 -0.81656459 -0.8175 -0.81749877 -0.82273135 -0.83492319 -0.83499981 -0.83499998 -0.83499975 -1.582157 -1.6475 -1.6475 -1.6475 -1.6475
0.29250327 -0.5275 -0.6078252 -1.2975 -1.37 -1.4525 -1.075 -1.365 -1.9775 -1.9775 -2.0975 -1.73 -1.5649999 -1.5875 -0.4850033 -0.485 -0.605 -0.3325 -0.76 -0.76 -0.4660629 -0.1475 -0.1475 -0.3975 -0.365 -0.365 -1.0225 -1.0225 -0.62755842 -0.6285756 -0.54585235 -0.96 -0.96 -0.595 -0.595 -0.95406082 -0.63 -0.63 -0.96248847 -0.8175002 -0.8175 -0.8175 -0.81749369 -0.83500057 -0.835 -0.835 -0.835 -0.83500045 -1.5875 -1.6474881 -1.6475 -1.6475 -1.6475
0.2925 -0.69 -0.3425 -1.92 -1.4450272 -1.62 -2.0625 -2.37 -1.6675 -1.72 -1.72 -1.1375 -1.565 -1.565 -0.4924098 -0.74684263 -0.7725 -0.4025 -0.87499988 -0.76 -0.36692962 -0.3075 -0.375 0.155 0.15498849 -0.7375 -0.87 -0.87000005 -1.6264871 -1.63 -0.5425 -0.86925447 -0.795 -0.595 -0.60576675 -1.225 -1.225 -0.9625 -0.9625 -0.8175 -0.8175 -0.81749999 -0.93504411 -0.93749999 -0.835 -0.835 -0.835 -1.5874714 -1.5875 -1.5875 -1.6475 -1.6475 -1.6475
-0.76396133 -0.68999999 -0.0675 -1.5425 -1.455 -2.265 -1.4975 -1.3675 -2.01 -1.3820179 -0.415 -1.2675 -1.2675 -0.795 -0.79500141 -0.68524387 -0.685 -0.685 -0.47462785 -0.65250007 -1.0075 -1.0075 -0.65 -0.48337297 -0.64755956 -0.7375 -0.9475 -0.87 -0.78797941 -0.7875 -0.89 -0.54 -0.39394189 -1.155 -0.9725 -1.3 -1.0075 -1.0525 -0.61020433 -0.81524579 -0.3125 -0.5625 -0.93738401 -0.9375 -0.93692307 -0.835 -1.3275 -1.5875 -1.5875 -1.5875 -1.5875 -1.513032 -0.0525
-1.1775 -1.1775 0.045 -0.45 -2.0825 -1.17 -1.2575 -1.9675 -1.475 -1.2225062 -1.59 -0.615 -0.795 -0.795 -0.945 -0.94143398 -0.685 -0.68490376 -0.2425 -0.6525 -0.6525 -0.69823588 -0.65 -0.4175044 -0.4175 -0.4175 -0.9475 -0.9875 -0.9875 -0.7875 -0.7875 -0.53944998 -0.25 -1.155 -0.8525 -1.3 -1.0075 -1.555 -0.61 -0.13286037 -0.56249999 -0.43852296 -0.225 -0.9375 -0.9375 -1.3275 -1.3275 -1.3275 -1.5875 -1.5875 -0.5675 -0.5675 -0.56749981
-1.1775 -1.1775 -1.0925 -1.4675 -1.555 -0.6025 -1.65 -0.76871521 -0.7825 -0.965 -0.83 -0.28 -0.61455428 -0.945 -0.945 -0.94494174 -0.44 -0.42963427 -0.2425 0.0925 0.0925 0.2625 0.2625 -0.4175 -0.4175 -0.4175 -0.9875 -0.9875 -0.9875 -0.815 -0.815 -0.81499907 -0.6625 -0.6625 -1.72 -1.205 -0.785 -0.750007 -0.5025 -0.125 -0.125 -0.41499938 -0.225 -0.9375 -0.46000014 -0.52 -0.41146223 -0.4075 -0.65 -0.65 -0.5675 -0.5675 -0.5675
-1.1775 -1.1409075 -1.2525259 -1.5074874 -1.065 -1.105 -1.65 -0.7675 -0.78249987 -0.96297812 -0.28000089 -0.28 -0.0575 -0.945 -0.945 -0.44000002 -0.44 -0.43998876 -0.2425 0.0925 0.12588454 0.2625 0.2625 -0.4174726 -0.4175 -0.38380624 -0.315 -0.315 -0.31500008 -0.815 -0.815 -0.2575 -0.2575 -0.6625029 -1.72 -0.44500066 -0.91127841 -0.75 -0.75 -0.12500001 -0.415 -0.415 -0.4150003 -0.46 -0.46 -0.52 -0.4075 -0.4075 -0.65 -0.65 -0.5675 -0.5675 -0.5675
-0.415 -0.61791169 -0.57253291 -0.57926908 -1.0650004 -1.1049991 -1.65 -0.77836306 -0.78146635 -0.78726556 -0.0575 -0.0575 -0.0575 -0.0575 -0.94487428 -0.44 -0.44 -0.43744996 -0.2425 0.092554303 0.2875 0.2875 0.2875 0.2875 -0.40548964 -0.315 -0.315 -0.315 -0.315 -0.31529581 -0.2575 -0.2575 -0.2575 -0.2575 -0.445 -0.445 -0.445 -0.73625343 -0.74859177 -0.5625 -0.5625 -0.41500793 -0.74749016 -0.46002769 -0.46 -0.52 -0.4075 -0.4075 -0.65 -0.65 -0.5677993 -0.5675 -0.88449472
-0.415 -0.5725 -0.5725 -0.5725 -0.5725 -0.57250022 -1.6486048 -1.2324358 -0.7787087 -0.058285233 -0.0575 -0.0575 -0.0575 -0.0575 -0.057499522 -0.44000001 -0.43999997 -0.42645285 -0.24250103 0.2875 0.2875 0.2875 0.2875 0.2875 0.2844172 -0.27989522 -0.33 -0.33 -0.33 -0.33 -0.25749999 -0.2575 -0.25749931 0.315 0.315 -0.445 0.14560647 0.1625 -0.56249958 -0.5625 -0.5625 -0.5625 -0.7475 -0.7475 -0.7475 -0.74591681 -0.45471431 -0.455 -0.455 -0.455 -0.455 -0.73499997 -0.735
-0.8125 -0.5725 -0.5725 -0.5725 -0.5725 -0.5725 -0.57250007 -0.95341658 0.61242436 0.62 0.62 0.62 0.62 0.62 0.61999999 0.52924618 -0.42462868 -0.41295541 0.2874333 0.2875 0.2875 0.2875 0.2875 0.28750001 0.145 0.145 0.14499933 -0.33 -0.33 -0.32837302 0.4825 0.4825 0.315 0.315 0.315 0.18692888 0.1625 0.1625 0.1625 -0.5625 -0.5625 -0.5625 -0.7475 -0.7475 -0.7475 -0.7475 -0.45500001 -0.455 -0.455 -0.455 -0.455 -0.735 -0.735
-0.8125 -0.72315073 -0.5725 -0.5725 -0.5725 -0.5725 0.26733514 0.2675 0.26750001 0.62 0.62 0.62 0.62 0.62 0.59959385 0.5275 0.5275 0.5275 0.2999623 0.29999999 0.3 0.3 0.3 0.3 0.145 0.145 0.145 0.145 -0.33 0.4825 0.4825 0.4825 0.31500002 0.315 0.315 0.2575 0.16262578 0.1625 0.1625 -0.56256635 -0.69563096 -1.00617 -0.7475 -0.7475 -0.99672849 -0.9975 -0.9975 -0.45553625 -0.77886427 -0.77999997 -0.77999994 -0.36005686 -0.73499924
-0.8125 0.13631426 -0.20055616 -0.5725 -0.5725 0.26700369 0.2675 0.2675 0.2675 0.27004022 0.62 0.62 0.62 0.61999999 0.5275 0.5275 0.5275 0.5275 0.30020322 0.3 0.3 0.3 0.3 0.3 0.145 0.145 0.145 0.145 0.14622761 0.4825 0.4825 0.4825 0.5625 0.31500013 0.2575 0.2575 0.2575 0.25144701 -0.93340955 -1.0075 -1.0075 -1.0075 -1 -1 -0.9975 -0.9975 -0.9975 -0.78 -0.78 -0.78 -0.78 -0.36 -0.36
0.16195548 0.1625 0.1625 0.1625 0.505 0.26750613 0.2675 0.2675 0.2675 0.2675 0.56870757 0.61999117 0.61999998 0.5275 0.5275 0.5275 0.5275 0.5275 0.50477276 0.3 0.3 0.3 0.3 0.3 0.35229414 0.55499778 0.555 0.555 0.555 0.4825 0.5625 0.5625 0.5625 0.5625 0.2575 0.25748552 -0.2925 -0.2925 -0.99857216 -1.0075 -1.0075 -1.0075 -1 -1 -0.99788709 -0.9975 -0.9975 -0.78 -0.78 -0.78 -0.77549651 -0.36 -0.36
0.1625 0.1625 0.1625 0.32378836 0.505 0.505 0.2675 0.2675 0.2675 0.2675 -0.0575 -0.0575 -0.0575 0.5275 0.5275 0.5275 0.5275 0.52751694 0.45 0.45 0.30000006 0.3 0.30079124 0.3325 0.33450307 0.555 0.555 0.555 0.555 0.56249924 0.5625 0.5625 0.5625 0.5625 -0.29249807 -0.2925 -0.2925 -0.2925 -0.29504089 -1.0075 -1.0075 -1.0075 -1 -1 -1 -0.9975 -0.9975 -0.78 -0.78 -0.78 -0.36 -0.36 -0.36
0.1625 0.1625 0.1625 0.505 0.505 0.505 0.50499964 0.2675 0.2675 -0.057164507 -0.0575 -0.0575 -0.0575 -0.057135517 0.6104658 0.63 0.63 0.63 0.45 0.45 0.45 0.3325 0.3325 0.3325 0.33254062 0.51434937 0.555 0.555 0.555 0.041893276 -0.077437053 -0.0775 -0.0775 -0.0775 -0.48114615 -0.74749897 -0.7475 -0.7475 -0.7475 -0.4550756 -0.455 -0.455 -1 -1 -0.55250187 -0.55250005 -0.685 -0.685 -0.5925 -0.5925 -0.5925 -0.36 -0.54483459
0.1625004 0.1625 0.16250001 0.505 0.505 0.505 0.50499999 -0.019999916 0.26635046 -0.057266505 -0.0575 -0.0575 -0.0575 -0.056150935 0.63 0.63 0.63 0.62999995 0.45 0.45 0.45 0.3325 0.3325 0.3325 0.4775 0.4775 0.5275 0.5275 0.5275 0.52419953 -0.0775 -0.0775 -0.0775 -0.0775 -0.4123161 -0.7475 -0.7475 -0.7475 -0.7475 -0.455 -0.455 -0.455 -0.45806772 -0.5525 -0.5525 -0.5525 -0.685 -0.685 -0.5925 -0.5925 -0.5925 -0.545 -0.545
0.2925 0.23123902 0.1175 0.11761242 0.505 -0.016962368 -0.02 -0.02 0.092957375 0.2 0.2 0.2 0.2 0.9524755 0.9525 0.63000025 0.63 0.62525726 0.45 0.45 0.45 0.2925 0.2925 0.2925 0.4775 0.4775 0.5275 0.5275 0.5275 0.52749963 0.012499428 0.012499747 -0.075237985 -0.077403514 -1.0563797 -1.0575 -1.0575 -1.0575 -1.0575 -0.455 -0.455 -0.455 -0.54713152 -0.5525 -0.5525 -0.55250006 -0.685 -0.685 -0.68499667 -0.5925 -0.59252314 -1.11 -0.545
0.35248861 0.35249996 0.1175 0.1175 0.1175 -0.02 -0.02 -0.02 0.29 0.29 0.2 0.2 0.2 0.9525 0.9525 0.9525 0.9525 0.95244301 0.45 0.45 0.44999999 0.2925 0.2925 0.2925 0.4775 0.4775 0.5275 0.5275 0.5275 0.018306663 0.0125 0.0125 0.0125 0.0125 -1.056972 -1.0575 -1.0575 -1.0575 -1.0575 -0.70999993 -0.71 -0.71 -0.71 -0.5525024 -0.865 -0.865 -0.865 -1.2575 -1.2575 -1.2575 -1.11 -1.11 -1.11
0.3525 0.3525 0.1175 0.1175 0.1175 -0.019277275 -0.02 0.29 0.29 0.29 0.20001108 0.2 0.49212209 0.95249991 0.9525 0.9525 0.9525 0.4875 0.4875 0.4875 0.3975 0.39749992 0.29250051 0.2925 0.2926468 0.4525 0.4525 0.45250018 0.52748788 -0.054986548 -0.054999641 -0.054988215 0.012384635 0.012441748 -0.86697334 -1.0575 -1.0571816 -0.9625 -0.9625 -0.71 -0.71 -0.71 -0.71 -0.865 -0.865 -0.865 -0.865 -1.2575 -1.2575 -1.2575 -1.11 -1.11 -1.11
0.3525 0.3525 0.1175 0.1175 0.1175 0.1175 0.096023945 0.29 0.29 0.29 0.29014776 0.5575 0.5575 0.5575 0.95017217 0.9525 0.49059865 0.4875 0.4875 0.4875 0.3975 0.3975 0.3975 0.3975 0.4525 0.4525 0.4525 0.4525 0.4525 -0.055 -0.055 -0.055 -0.055 -0.055000985 -0.5225 -0.9625 -0.9625 -0.9625 -0.9625 -0.96250033 -1.1075 -1.1075 -1.1075 -1.0700766 -0.9925 -0.9925 -0.9925 -1.2575 -1.2575002 -1.46 -1.46 -0.96503528 -0.965
0.3525 0.3525 0.2023185 0.1175 0.1175 0.1175 0.10283272 0.2894091 0.29 0.29 0.55749993 0.5575 0.5575 0.5575 0.5575 0.58986647 0.4875 0.4875 0.4875 0.4875 0.3975007 0.3975 0.3975 0.3975 0.4525 0.4525 0.4525 0.4525 0.4525 -0.01989957 -0.055 -0.055 -0.055 -0.5225 -0.5225 -0.52284167 -0.9625 -0.9625 -1.1777628 -1.345 -1.1075 -1.1075 -1.1075 -1.0713843 -0.9925 -0.9925 -0.9925 -1.2475 -1.4573523 -1.46 -1.46 -0.965 -0.965
0.125 0.125 0.125 0.11938046 0.11736215 0.1025 0.1025 0.1025 0.1025 0.2225 0.2225 0.55749998 0.5575 0.5575 0.5575 0.55749553 0.4875 0.4875 0.4875 0.4875 0.43677308 0.3975 0.3975 0.41732409 1.1237185 0.4525 0.4525 0.4525 -0.0075 -0.0075 -0.0075 -0.0075001994 -0.5225 -0.5225 -0.5225 -0.5225 -1.345 -1.345 -1.345 -1.345 -0.98 -0.98 -0.98 -1.227495 -1.2275 -1.2275 -1.2274999 -1.2475 -1.2475 -1.4597411 -1.46 -0.96500091 -0.965
0.125 0.125 0.125 0.12499448 0.0225 0.034133314 0.1025 0.1025 0.1025 0.2225 0.2225 0.2225 -0.39999996 -0.4 -0.4 -0.39999998 0.48627726 0.4875 0.4875 0.4875 0.48617663 1.1549979 1.155 1.155 1.155 1.155 0.605 0.605 -0.0075 -0.0075 -0.0075 -0.0075 -0.52250005 -0.5225 -0.5225 -0.52250591 -1.345 -1.345 -1.345 -1.3442213 -0.98 -0.98 -0.98 -1.2274885 -1.2275 -1.2275 -1.2275 -1.2475 -1.2475 -1.2475 -1.145 -1.145 -1.095
0.125 0.125 0.125 0.022500236 0.0225 0.0225 0.10249997 0.1025 0.1025 0.2225 0.2225 0.2225 -0.4 -0.4 -0.4 -0.3832449 -0.18 -0.18 -0.17999828 0.48372979 1.155 1.155 1.155 1.155 1.155 1.1545861 0.605 0.605 0.605 -0.0075 -0.0075 -0.007403451 -0.595 -0.595 -0.595 -0.9225 -0.9225 -1.1675 -1.1675 -1.1675 -0.68 -0.9799059 -0.98000267 -1.3375 -1.3375 -1.3333311 -1.2275003 -1.2475 -1.2475 -1.145 -1.145 -1.145 -1.095
0.125 0.125 0.125 0.0225 0.0225 0.0225 0.0225 0.1025 0.1025 0.2225 0.2225 -0.37510898 -0.4 -0.4 -0.4 -0.18 -0.18 -0.18 -0.18 -0.18 1.155 1.155 1.155 1.155 1.155 0.60500188 0.605 0.605 0.605 0.1425 0.1425 0.1425 -0.595 -0.595 -0.595 -0.9225 -0.9225 -1.1675 -1.1675 -0.68 -0.68 -0.68 -1.3375 -1.3375 -1.3375 -1.3375 -1.3424288 -1.3975 -1.3975 -1.3975 -1.145 -0.7975 -0.7975
0.125 0.125 0.12485726 0.0225 0.0225 0.0225 0.0225 0.058200441 0.06 0.060278991 0.22249998 -0.3999912 -0.4 -0.4 -0.39999924 -0.18 -0.18 -0.18 -0.18 -0.18 -0.20445389 1.155 1.155 1.155 1.1549712 0.60502307 0.605 0.605 0.605 0.1425 0.1425 0.1425 0.14239272 -0.595 -0.9225 -0.9225 -0.9225 -0.92250992 -1.1674668 -0.68 -0.68 -0.68 -1.3374601 -1.3375 -1.3375 -1.3375 -1.3975014 -1.3975 -1.3975 -1.3975 -0.7975 -0.7975 -0.7975
0.0475 0.047500135 0.022554791 0.0225 0.0225 0.0225 0.05999202 0.06 0.06 0.06 -0.29499999 -0.295 -0.295 -0.295 -0.18053079 -0.18 -0.18 -0.18 -0.18 -0.26249995 -0.2625 -0.2625 1.015 1.015 1.015 1.015 0.97961173 0.605 0.042523038 0.0425 0.0425 0.0425 0.0425 -0.705 -0.705 -0.705 -0.705 -0.705 -1.0625 -1.0625 -1.0625 -1.0625 -1.0625 -1.542191 -1.5425 -1.5425 -1.5425 -1.3975 -1.3975 -1.3975 -0.79759453 -0.7975 -0.7975
0.0475 0.0475 0.046976713 -0.014999925 -0.014999992 -0.014926862 0.06 0.06 0.06 0.06 -0.295 -0.295 -0.295 -0.295 -0.295 -0.18 -0.18 -0.18 -0.26249998 -0.2625 -0.2625 -0.2625 1.015 1.015 1.015 1.015 1.015 1.0149123 0.04281279 0.042500003 0.0425 0.0425 0.042625655 -0.46264956 -0.70474906 -0.705 -0.705 -0.70499999 -1.0625 -1.0625 -1.0625 -1.0625 -1.0625 -1.5425 -1.5425 -1.5425 -1.5425 -1.4746952 -1.3975 -0.73497514 -0.7275 -0.5525 -0.5525
0.0475 0.0475 -0.014992083 -0.015 -0.015 -0.015 0.0040496836 0.06 0.06 0.06 -0.295 -0.295 -0.295 -0.295 -0.295 -0.18009001 -0.18 -0.26247581 -0.2625 -0.2625 -0.2625 -0.2625 0.54174185 1.015 1.015 1.015 1.015 1.014885 0.8525 0.8525 0.8525 0.8525 0.8525 -0.2775 -0.2775 -0.2775 -0.2775 -0.2775 -1.2025 -1.2025 -1.2025 -1.2025 -1.2025 -1.540388 -1.5424996 -1.5425 -1.5423534 -1.5247399 -0.7275 -0.7275 -0.7275 -0.55250098 -0.5525
0.04749959 -0.17066214 -0.015000022 -0.015 -0.015 -0.015 -0.015 0.059968066 0.06 0.06 -0.295 -0.295 -0.295 -0.295 -0.4587796 -0.4625 -0.4625 -0.26250515 -0.2625 -0.2625 -0.2625 -0.2625 -0.26249985 1.015 1.015 1.015 1.015 1.1374997 1.1374999 1.0768451 0.8525 0.8525 0.8525 -0.2775 -0.2775 -0.2775 -0.2775 -0.27717829 -1.2025 -1.2025 -1.2025 -1.2025 -1.2024517 -0.6775 -0.6775 -0.6775 -0.6775 -0.67750403 -0.7275 -0.7275 -0.7275 -0.72750011 -0.90473494
-0.175 -0.175 -0.15246901 -0.015 -0.015 -0.015 -0.015 -0.015 0.05996699 -0.36499999 -0.365 -0.365 -0.36483388 -0.46249976 -0.4625 -0.4625 -0.4625 -0.4625 -0.26249685 -0.23557472 -1.4811414e-12 -3.4212496e-17 -2.0549676e-13 0.25601316 0.97398136 0.75449838 0.56966066 1.1375 1.1375 1.1375 1.1375 1.1375 1.1225583 0.20356061 0.1975 0.1975 0.1975 0.1975 -1.0841518 -0.57250113 -0.5725 -0.5725 -0.5725 -0.46750062 -0.67749995 -0.6775 -0.6775 -0.16 -0.72749091 -0.7275 -0.7275 -0.91 -0.91
