interpolatedSpi/05-08|19_3.tif
NCOLS 53
NROWS 52
XLLCORNER -116.03883
YLLCORNER 28.596182
DX 0.49850594
DY 0.49788537
NODATA_VALUE -9999
[rows 0 to 39 of 52, columns 0 to 52 of 53]
0.6725 0.6725 0.62743804 -0.21 -0.0275 0.1975 0.405 0.29 -0.50356676 -0.625 -0.525 0.1675 -0.39501194 -0.54 -0.1375 -0.1375 -0.1375 0.08 0.0825 0.0825 0.0825 0.082496027 -0.32999999 0.19 0.19 0.19 -0.32748934 -0.3275 -0.3275 -0.55 -0.55 -0.55 -0.55 -1.1499999 -1.15 -1.15 -1.15 -1.15 -1.15 -1.15 -0.26701046 -0.2577406 -1.2025 -1.2025 -1.2025 -1.2025 -1.2025735 -1.2475 -1.2475 -1.2475 0.31499675 0.315 0.315
0.67249844 0.6375 0.89500051 0.76108004 0.23267357 0.94 1.255 -0.017229673 -0.4525 -0.2575 0.0825 -0.395 -0.395 0.16763253 -0.53998787 -0.1375 0.08 0.08 0.08249674 0.0825 0.0825 0.0825 0.15486474 0.19 0.19 0.19 -0.60749995 -0.6075 -0.55 -0.55 -0.55 -0.55 -0.55 -1.1499999 -1.15 -1.15 -1.15 -1.15 -1.1499999 -0.99019899 -0.18505215 -1.0790346 -1.2025 -1.2025 -1.2025 -1.2025 -1.2025 -1.2475 -1.2475 -1.2475 -1.117936 0.315 0.315
0.69748555 0.6975 1.3375 0.83 0.2625 0.0475 0.28 0.9425 -0.3175 -0.48 -0.1475 -0.1525 0.365 -0.485 0.17 -0.84 0.08 0.08 0.08 -0.26739825 -0.2675 -0.2675 -0.4775 0.19 0.19 0.19 -0.6075 -0.6075 -0.6075 -0.55 -0.55 -0.55000002 -0.79431053 -1.148349 -1.1426933 -0.37219332 -0.365 -0.365 -0.34236074 -0.185 -0.185 -0.18630113 -1.2025 -1.2025 -1.2025 -1.2025 -1.2025 -1.2475 -1.2475 -1.2475 -1.2475 0.315 0.315
0.2325 0.6974998 -0.31507851 0.395 -0.1375 0.2875 0.4875 -0.08 0.04 -0.057168765 -0.4825 -0.6375 -0.2275 -0.485 -0.1225 -0.84 -0.314055 -0.30972674 -0.69 -0.2675 -0.2675 0.045 -0.4775 -0.4775 0.19 0.18999602 -0.6075 -0.6075 -0.6075 -1.59 -1.2978291 -1.0575 -1.0575 -1.0574995 -0.365 -0.365 -0.365 -0.365 -0.185 -0.185 -0.185 -0.18500004 -1.2025 -1.2025 -1.2025 -1.2025 -1.2025 -1.2474994 -1.2475 -1.2475 -1.2475 0.31494341 0.315
0.2325 0.48999852 -0.315 -0.3649388 -0.1375 0.4425 0.2975244 -0.035 -0.165 -0.66500026 -0.72952317 -0.76004154 -1.05 -0.1225 -0.1225 -0.59425096 -0.31 -0.31 -0.69 -0.69 -0.26749944 0.045 -0.18 -0.335 -0.015 -0.014996057 -0.6075 -0.6075 -1.59 -1.59 -1.0575 -1.0575 -1.0575 -1.0985149 -0.365 -0.365 -0.365 -0.185 -0.185 -0.185 -0.185 -0.18509267 -1.2025 -1.2025 -1.2025 -1.2025 -1.2025 -1.2029006 -1.2475 -1.2475076 -1.4175 -1.4175 -1.4175
-1.485 0.355 -0.0099999542 -0.3 0.5725 0.765 -0.7925 -0.69551831 -1 -1.015 -1.225 -1.3 -1.2999998 -1.655 -1.655 -0.5049656 -0.505 -0.3475 -0.3475 -0.68999974 -0.5875 -0.5875 -0.335 -0.015 -0.015 0.0025 -0.975 -0.975 -0.79507244 -1.59 -1.0575 -1.0575 -1.275 -1.2750818 -2.0574438 -1.6875 -1.6875 -0.64983267 -0.185 -0.185 -1.1438027 -1.145 -1.1449994 -0.57870949 -0.56757018 -0.56750017 -0.56750002 -0.56750023 -0.19957436 -1.4175 -1.4175 -1.4175 -1.4175
0.0099944779 0.55 0.58847132 0.185 0.4725 -0.7625 -0.76 -0.92 -1.4525 -1.4525 -1.225 -1.0975 -0.845 -1.655 -0.36250387 -0.3625 -0.505 -0.33 -0.39 -0.39 -0.6216667 -0.66 -0.66 -0.15 0.0025 0.0025 -0.975 -0.975 -0.79501078 -0.79519849 -0.81550847 -1.275 -1.275 -2.0575 -2.0575 -1.3784168 -1.6875 -1.6875 -1.4725075 -1.1450005 -1.145 -1.145 -1.1449951 -0.56749783 -0.5675 -0.5675 -0.5675 -0.56749963 0.045 -1.4172102 -1.4175 -1.4175 -1.4175
0.01 -0.2975 1.14 -1.0075 -0.3900354 -1.47 -1.8025 -1.1275 -1.5425 -1.04 -1.04 -0.8325 -0.845 -0.845 -0.3658104 -0.068780877 -0.04 -0.56 -0.5874998 -0.39 -0.37098995 -0.3625 -0.495 -1 -0.99999616 -0.7025 -0.2 -0.20000027 -0.97935173 -0.98 -0.815 -1.0176951 -1.77 -2.0575 -2.0200659 -1.12 -1.12 -1.4725 -1.4725 -1.145 -1.145 -1.145 -0.18090885 -0.17750002 -0.5675 -0.5675 -0.5675 0.044976686 0.045 0.045 -1.4175 -1.4175 -1.4175
-0.29105209 -0.29749999 0.795 0.3 0.0375 -0.585 -0.6375 -0.8775 -1.56 -1.1911851 -1.15 -0.74500001 -0.745 -0.26 -0.25999746 -0.3640942 -0.365 -0.365 -0.56419791 0.059999891 -0.4625 -0.4625 -0.1525 -0.36002639 -0.73248015 -0.7025 -0.405 -0.2 -0.41872158 -0.42 -0.8075 -0.48 -0.49133721 -0.785 -0.745 -0.7725 -1.01 -1.645 -0.74791443 -1.1440068 -0.9225 -0.595 -0.17756879 -0.1775 -0.17969513 -0.5675 -0.4825 0.044999995 0.045 0.045 0.044999999 -1.2836545 0.295
-0.255 -0.255 0.425 0.5875 -0.085 -1.025 -0.905 -0.7875 -0.755 -1.0975154 -1.0875 -0.865 -0.26 -0.26 0.01 0.0048567056 -0.365 -0.36504486 -0.64 0.06 0.06 -0.0073155056 -0.1525 -0.54999247 -0.55 -0.55 -0.405 -0.275 -0.275 -0.42 -0.42 -0.48004267 -0.5025 -0.785 -0.6325 -0.7725 -1.01 -1.245 -0.7475 -0.1941164 -0.59500001 -0.5968367 -0.6 -0.1775 -0.1775 -0.4825 -0.4825 -0.4825 0.045 0.045 -0.3425 -0.3425 -0.34249976
-0.255 -0.255 0.145 -0.645 -0.4475 -0.5625 -1.065 -1.1500156 -1.185 -1.2625 -0.645 -1.455 -0.86578457 0.01 0.01 0.010014997 0.14 0.099061941 -0.64 -0.2225 -0.2225 0.9275 0.9275 -0.55 -0.55 -0.55 -0.275 -0.275 -0.275 -0.38 -0.38 -0.3800002 -0.255 -0.255 -1.015 -0.7725 -0.6 -1.4624976 -0.4075 -0.185 -0.185 -0.56000013 -0.6 -0.1775 -0.34250004 -0.435 -0.42524764 -0.425 0.56 0.56 -0.3425 -0.3425 -0.3425
-0.255 -0.082502831 -0.19212118 -0.89747237 -0.15 -0.1275 -1.065 -1.15 -1.1849997 -1.2616414 -1.4549997 -1.455 0.02 0.01 0.01 0.14 0.14 0.13995561 -0.64 -0.2225 0.0033366044 0.9275 0.9275 -0.549941 -0.55 -0.50397926 -0.41 -0.41 -0.40999998 -0.38 -0.38 -0.405 -0.405 -0.25500208 -1.015 -0.46500019 -0.69300514 -1.4625 -1.4625 -0.18500001 -0.56 -0.56 -0.55999843 -0.3425 -0.3425 -0.435 -0.425 -0.425 0.56 0.56 -0.3425 -0.3425 -0.3425
-0.9075 -0.48480482 -0.52750353 -0.53016693 -0.15000003 -0.12750053 -1.065 -1.1489537 -1.1825881 -1.1870237 0.02 0.02 0.02 0.02 0.010001417 0.14 0.14 0.12992896 -0.64 -0.22231744 0.4175 0.4175 0.4175 0.4175 -0.53351826 -0.41 -0.41 -0.41 -0.41 -0.40993963 -0.405 -0.405 -0.405 -0.405 -0.465 -0.465 -0.465 -1.4140742 -1.4531118 -0.2125 -0.2125 -0.55998131 -0.33000043 -0.3424988 -0.3425 -0.435 -0.425 -0.425 0.55999999 0.56 -0.33922583 -0.3425 -0.61930829
-0.9075 -0.5275 -0.5275 -0.5275 -0.5275 -0.52749983 -1.0626002 -1.1052234 -1.1761535 0.018700373 0.02 0.02 0.02 0.02 0.020000169 0.14 0.13999988 0.086497324 -0.63998571 0.4175 0.4175 0.4175 0.4175 0.4175 0.41944221 -0.23141715 -0.25500003 -0.255 -0.255 -0.255 -0.40499999 -0.405 -0.4049994 0.095 0.095 -0.465 0.33462769 0.3575 -0.21249967 -0.2125 -0.2125 -0.2125 -0.33 -0.33 -0.33 -0.3307307 -0.6087984 -0.61 -0.61 -0.61 -0.60999998 0.32499986 0.325
0.3075 -0.5275 -0.5275 -0.5275 -0.5275 -0.5275 -0.52750003 -0.87546936 0.24467596 0.2525 0.2525 0.2525 0.2525 0.2525 0.2525 0.78644419 0.15036484 0.033192107 0.4173673 0.4175 0.4175 0.4175 0.4175 0.41750079 0.5075 0.5075 0.50749893 -0.255 -0.255 -0.25374347 0.3725 0.3725 0.095 0.095 0.095 0.31545044 0.3575 0.3575 0.3575 -0.2125 -0.2125 -0.2125 -0.33 -0.33 -0.33 -0.33 -0.60999998 -0.61 -0.61 -0.61 -0.61 0.325 0.325
0.3075 -0.0033610137 -0.5275 -0.5275 -0.5275 -0.5275 -0.35253435 -0.3525 -0.35249999 0.2525 0.2525 0.2525 0.2525 0.2525 0.37273081 0.7975 0.7975 0.7975 1.095429 1.0974993 1.0975 1.0975 1.0975 1.0975 0.5075 0.5075 0.5075 0.5075 -0.255 0.3725 0.3725 0.3725 0.095000025 0.095 0.095 0.55 0.35775488 0.3575 0.3575 -0.21237807 0.030576198 0.59757162 -0.33 -0.33 0.36285519 0.365 0.365 -0.60822638 0.46373463 0.46749991 0.4674998 0.74493636 0.32500085
0.3075 -0.27151996 -0.40604895 -0.5275 -0.5275 -0.3526034 -0.3525 -0.3525 -0.3525 -0.3481402 0.2525 0.2525 0.2525 0.25250007 0.7975 0.7975 0.7975 0.7975 1.097232 1.0975 1.0975 1.0975 1.0975 1.0975 0.50750001 0.5075 0.5075 0.5075 0.50700896 0.3725 0.3725 0.3725 1.1275 0.095071207 0.55 0.55 0.55 0.55548196 0.58466267 0.6 0.6 0.6 0.69 0.69 0.365 0.365 0.365 0.4675 0.4675 0.4675 0.4675 0.745 0.745
-0.28715058 -0.2875 -0.2875 -0.2875 -0.3125 -0.35249897 -0.3525 -0.3525 -0.3525 -0.3525 0.24379333 0.2524985 0.2525 0.7975 0.7975 0.7975 0.7975 0.7975 0.84832146 1.0975 1.0975 1.0975 1.0975 1.0975 1.1126414 1.5874941 1.5875 1.5875 1.5875 0.37250004 1.1275 1.1275 1.1275 1.1275 0.55 0.55001317 1.05 1.05 0.60561892 0.6 0.6 0.6 0.69 0.69 0.41532119 0.365 0.365 0.4675 0.4675 0.4675 0.47047552 0.745 0.745
-0.2875 -0.2875 -0.2875 -0.29927287 -0.3125 -0.3125 -0.3525 -0.3525 -0.3525 -0.3525 0.1375 0.1375 0.1375 0.7975 0.7975 0.7975 0.7975 0.79755164 1.23 1.23 1.0975001 1.0975 1.1035864 1.3475 1.3496606 1.5875 1.5875 1.5875 1.5875 1.1275468 1.1275 1.1275 1.1275 1.1275 1.0499982 1.05 1.05 1.05 1.0484494 0.6 0.6 0.6 0.69 0.69 0.69 0.365 0.365 0.46750001 0.4675 0.4675 0.745 0.745 0.745
-0.2875 -0.2875 -0.2875 -0.3125 -0.3125 -0.3125 -0.31250006 -0.3525 -0.3525 0.13699418 0.1375 0.1375 0.1375 0.13791121 1.0504445 1.11 1.11 1.11 1.23 1.23 1.23 1.3475 1.3475 1.3475 1.3474755 1.4157183 1.5875 1.5875 1.5875 1.7561435 1.8874253 1.8875 1.8875 1.8875 1.2825934 1.6074987 1.6075 1.6075 1.6075 1.2874059 1.2875 1.2875 0.69 0.69 1.1249982 1.125 1.1775 1.1775 1.02 1.02 1.02 0.745 1.0572206
-0.2874978 -0.2875 -0.2875 -0.3125 -0.3125 -0.3125 -0.3125 -0.07750008 -0.35140044 0.13735038 0.1375 0.1375 0.1375 0.13940831 1.11 1.11 1.11 1.11 1.23 1.23 1.23 1.3475 1.3475 1.3475 1.26 1.26 1.6725 1.6725 1.6725 1.6736729 1.8875 1.8875 1.8875 1.8875 1.7475769 1.6075 1.6075 1.6075 1.6075 1.2875 1.2875 1.2875 1.2823871 1.125 1.125 1.125 1.1775 1.1775 1.02 1.02 1.02 1.0575 1.0575
0.42 0.1072312 0.435 0.43478314 -0.3125 -0.078859702 -0.0775 -0.0775 0.071895237 -0.027499992 -0.0275 -0.0275 -0.0275 0.65997762 0.66 1.1099997 1.11 1.1131618 1.23 1.23 1.23 0.915 0.915 0.915 1.26 1.26 1.6725 1.6725 1.6725 1.6725 1.7075011 1.7075005 1.882976 1.887307 1.4679793 1.4675 1.4675 1.4675 1.4675 1.2875 1.2875 1.2875 1.1339476 1.125 1.125 1.1249998 1.1775 1.1775 1.1774943 1.02 1.0199857 0.7 1.0575
0.80992594 0.80999993 0.435 0.435 0.435 -0.0775 -0.0775 -0.0775 0.3325 0.3325 -0.0275 -0.0275 -0.0275 0.66 0.66 0.66 0.66 0.66006497 1.23 1.23 1.23 0.915 0.915 0.915 1.26 1.26 1.6725 1.6725 1.6725 1.7071054 1.7075 1.7075 1.7075 1.7075 1.4676184 1.4675 1.4675 1.4675 1.4675 0.99500008 0.995 0.995 0.995 1.1249933 0.2525 0.2525 0.2525 0.565 0.565 0.565 0.7 0.7 0.7
0.81 0.81 0.435 0.435 0.435 -0.074806209 -0.0775 0.3325 0.3325 0.3325 -0.027455684 -0.0275 0.14409619 0.65999989 0.66 0.66 0.66 0.4825 0.4825 0.4825 0.75 0.75000012 0.9149992 0.915 0.91526731 1.2025 1.2025 1.2025011 1.672424 1.6100194 1.6100005 1.610017 1.7073334 1.7074159 1.5101811 1.4674996 1.4638974 0.3925 0.3925 0.995 0.995 0.995 0.995 0.2525 0.2525 0.2525 0.2525 0.565 0.565 0.565 0.7 0.7 0.7
0.81 0.81 0.435 0.435 0.435 0.435 0.075951023 0.3325 0.3325 0.3325 0.33241714 0.1825 0.1825 0.1825 0.65718598 0.66 0.48368282 0.4825 0.4825 0.4825 0.75 0.75 0.75 0.75 1.2025 1.2025 1.2025 1.2025 1.2025 1.61 1.61 1.61 1.61 1.6100001 1.6775 0.3925 0.3925 0.3925 0.3925 0.39249932 0.0825 0.0825 0.0825 0.19232618 0.42 0.42 0.42 0.565 0.56500002 0.5825 0.5825 1.06991 1.07
0.81 0.81 0.57034867 0.435 0.435 0.435 0.62947208 0.33343756 0.3325 0.3325 0.18250011 0.1825 0.1825 0.1825 0.1825 0.22168376 0.4825 0.4825 0.4825 0.4825 0.74999793 0.75 0.75 0.75 1.2025 1.2025 1.2025 1.2025 1.2025 1.203574 1.61 1.61 1.61 1.6775 1.6775 1.6765022 0.3925 0.3925 0.63730865 0.82749996 0.0825 0.0825 0.0825 0.19240706 0.42 0.42 0.42 0.97 0.58732821 0.5825 0.5825 1.07 1.07
0.96 0.96 0.96 0.56663193 0.43588374 0.63 0.63 0.63 0.63 0.715 0.715 0.18250004 0.1825 0.1825 0.1825 0.18251903 0.4825 0.4825 0.4825 0.4825 0.63327168 0.75 0.75 0.73972811 0.3951269 1.2025 1.2025 1.2025 1.06 1.06 1.06 1.0600023 1.6775 1.6775 1.6775 1.6775 0.8275 0.8275 0.8275 0.8275 0.39 0.39 0.39 0.837491 0.8375 0.8375 0.83749987 0.97 0.97 0.58297215 0.5825 1.0700002 1.07
0.96 0.96 0.96 0.96000444 1.0425 0.98251572 0.63 0.63 0.63 0.715 0.715 0.715 0.54499999 0.545 0.545 0.545 0.4828801 0.4825 0.4825 0.4825 0.48653482 0.35750108 0.3575 0.3575 0.3575 0.3575 0.17250001 0.1725 1.06 1.06 1.06 1.06 1.6774998 1.6775 1.6775 1.6774821 0.82750001 0.8275 0.8275 0.82964955 0.39 0.39 0.39 0.83747925 0.8375 0.8375 0.8375 0.97 0.97 0.97000002 1.1075 1.1075 0.965
0.96 0.96 0.96 1.0424998 1.0425 1.0425 0.63000015 0.63 0.63 0.715 0.715 0.715 0.545 0.545 0.545 0.55604313 0.69 0.69 0.68999946 0.48367201 0.3575 0.3575 0.3575 0.3575 0.3575 0.35736078 0.1725 0.1725 0.1725 1.06 1.06 1.0598841 1.4575 1.4575 1.4575 1.22 1.22 1.3175 1.3175 1.3175 1.62 0.39038582 0.39000825 1.495 1.495 1.4700815 0.83750196 0.97 0.97 1.1075 1.1075 1.1075 0.965
0.96 0.96 0.96 1.0425 1.0425 1.0425 1.0425 0.63 0.63 0.715 0.715 0.55179755 0.545 0.545 0.545 0.69 0.69 0.69 0.69 0.69 0.3575 0.3575 0.3575 0.3575 0.3575 0.17250063 0.1725 0.1725 0.1725 0.88 0.88 0.88 1.4575 1.4575 1.4575 1.22 1.22 1.3175 1.3175 1.62 1.62 1.62 1.495 1.495 1.495 1.495 1.4818564 1.335 1.335 1.335 1.1075 1.1525 1.1525
0.96 0.96 0.96011488 1.0425 1.0425 1.0425 1.0425 1.0853405 1.0875 1.0868605 0.71499999 0.54500335 0.545 0.545 0.5450005 0.69 0.69 0.69 0.69 0.69 0.51575555 0.3575 0.3575 0.3575 0.35746087 0.17249972 0.1725 0.1725 0.1725 0.88 0.88 0.88 0.88008109 1.4575 1.22 1.22 1.22 1.2200042 1.3175206 1.62 1.62 1.62 1.4950076 1.495 1.495 1.495 1.3349997 1.335 1.335 1.335 1.1525 1.1525 1.1525
0.84 0.84000021 1.0424495 1.0425 1.0425 1.0425 1.0874904 1.0875 1.0875 1.0875 0.58500001 0.585 0.585 0.585 0.68951538 0.69 0.69 0.69 0.69 0.5225001 0.5225 0.5225 0.16750003 0.1675 0.1675 0.1675 0.16793156 0.1725 0.60248239 0.6025 0.6025 0.6025 0.6025 1.44 1.44 1.44 1.44 1.44 1.86 1.86 1.86 1.86 1.86 1.3002939 1.3 1.3 1.3 1.335 1.335 1.335 1.1525288 1.1525 1.1525
0.84 0.84 0.83836742 0.6450008 0.64500009 0.64543164 1.0875 1.0875 1.0875 1.0875 0.585 0.585 0.585 0.585 0.585 0.69 0.69 0.69 0.52250004 0.5225 0.5225 0.5225 0.1675 0.1675 0.1675 0.1675 0.1675 0.1675015 0.60256468 0.6025 0.6025 0.6025 0.60252598 1.523618 1.4400866 1.44 1.44 1.44 1.86 1.86 1.86 1.86 1.86 1.3 1.3 1.3 1.3 1.3163667 1.335 1.4066911 1.4075 1.0425 1.0425
0.84 0.84 0.6450247 0.645 0.645 0.645 0.75739313 1.0875 1.0875 1.0875 0.585 0.585 0.585 0.585 0.585 0.68991385 0.69 0.52254911 0.5225 0.5225 0.5225 0.5225 0.29901205 0.1675 0.1675 0.1675 0.1675 0.16792679 0.77 0.77 0.77 0.77 0.77 1.5875 1.5875 1.5875 1.5875 1.5875 2.3325 2.3325 2.3325 2.3325 2.3325 1.3010316 1.3000002 1.3 1.3000716 1.3086329 1.4075 1.4075 1.4075 1.042502 1.0425
0.83999895 0.28111271 0.64499995 0.645 0.645 0.645 0.645 1.0873116 1.0875 1.0875 0.585 0.585 0.585 0.585 0.0081047012 -0.005 -0.005 0.52248642 0.5225 0.5225 0.5225 0.5225 0.52249987 0.1675 0.1675 0.1675 0.1675 0.97749978 0.9774999 0.93333896 0.77 0.77 0.77 1.5875 1.5875 1.5875 1.5875 1.5875762 2.3325 2.3325 2.3325 2.3325 2.3324931 1.7225 1.7225 1.7225 1.7225 1.7224746 1.4075 1.4075 1.4075 1.4075001 1.4957254
0.27 0.27 0.31300344 0.645 0.645 0.645 0.645 0.645 1.0873083 -0.14499998 -0.145 -0.145 -0.14326756 -0.0049991505 -0.005 -0.005 -0.005 -0.005 0.52249475 0.47762453 0.085 0.085 0.085 0.10497319 0.14869145 0.048050477 -0.036273677 0.9775 0.9775 0.9775 0.9775 0.9775 0.97471426 1.6964085 1.7 1.7 1.7 1.7 2.3155929 2.2425002 2.2425 2.2425 2.2425 1.385001 1.7224999 1.7225 1.7225 1.775 1.4075059 1.4075 1.4075 1.5025 1.5025
0.27 0.27 0.092500001 0.0925 0.0925 0.64481596 0.645 0.645 -0.145 -0.145 -0.145 -0.145 -0.145 -0.0050000063 -0.005 -0.005 -0.005 -0.005 0.085 0.085 0.085 0.085 0.085 -0.067499992 -0.0675 -0.0675 -0.0675 0.97749999 0.9775 0.9775 0.9775 0.9775 1.38 1.38 1.7 1.7 1.7 1.5550247 1.555 2.2425 2.2425 2.2425 2.2424998 1.385 1.385 1.385 1.775 1.775 1.775 1.52 1.52 1.5025 1.5025
0.27 0.27 0.0925 0.0925 0.0925 0.0925 0.092496775 -0.495 -0.14532954 -0.145 -0.145 -0.145 -0.145 -0.0067463727 -0.005 -0.005 -0.005 -0.005 0.084999998 0.085 0.085 0.085 0.085 -0.0675 -0.0675 -0.0675 -0.0675 -0.067495735 0.9775 0.9775 0.9775 1.3799789 1.38 1.38 1.38 1.7 1.555 1.555 1.555 1.5730894 1.3278358 1.1575 1.1575 1.385 1.385 1.385 1.775 1.775 1.775 1.52 1.52 1.52 0.82321274
0.3625 0.36249927 0.0925 0.0925 0.0925 0.0925 -0.495 -0.495 -0.495 -0.145 -0.145 -0.145 -0.145 -0.14495648 -0.005 -0.005 -0.005 -0.005 0.084998341 0.085 0.085 0.084999997 -0.04063863 -0.0675 -0.0675 -0.0675 -0.0675 0.40249962 0.4025 0.40250001 0.97134375 1.38 1.38 1.38 1.3799995 0.81750001 1.555 1.555 1.555 1.555 1.1575 1.1575 1.1575 1.6125 1.6125 1.6125 1.5475222 1.775 1.775 1.52 1.52 1.52 0.75250125
0.3625 0.3625 0.0925 0.0925 0.0925 -0.495 -0.495 -0.495 -0.495 -0.18338822 -0.145 -0.145 -0.145 -0.14500112 -0.40245425 -0.4025 -0.4025 -0.4025 -0.31507915 -0.1025 -0.1025 -0.1025 -0.1025 -0.0675 -0.0675 -0.0675 -0.067468998 0.4025 0.4025 0.4025 0.4025 1.3798998 1.06361 0.8175 0.8175 0.8175 1.5526457 0.92501312 0.925 0.925 1.1576821 1.39 1.39 1.6125 1.6125 1.6124997 1.5475 1.5475 1.2375 1.2375 1.2375 1.15 1.2025
