interpolatedSpi/05-09|21_3.tif
NCOLS 53
NROWS 52
XLLCORNER -116.03883
YLLCORNER 28.596182
DX 0.49850594
DY 0.49788537
NODATA_VALUE -9999
-1.124 -1.124 -1.4028889 -1.334 -1.048 -1.69 -1.344 -1.272 -1.1106301 -1.106 -1.524 -0.954 -1.4659984 -1.446 -1.712 -1.712 -1.712 -0.394 -0.912 -0.912 -0.912 -0.91199266 -0.15000001 -1.5 -1.5 -1.5 -0.60400214 -0.604 -0.604 -0.25 -0.25 -0.25 -0.25 -0.68199991 -0.682 -0.682 -0.682 -0.682 -0.682 -0.68200002 -1.3824555 -1.3898075 -0.634 -0.634 -0.634 -0.634 -0.6332552 -0.178 -0.178 -0.178 0.58399842 0.584 0.584 
-1.1240251 -1.69 -1.473999 -1.4566786 -1.7418931 -0.936 -1.224 -1.1477684 -1.464 -1.408 -1.298 -1.466 -1.466 -0.9197606 -1.445996 -1.712 -0.394 -0.394 -0.9113246 -0.912 -0.912 -0.912 -1.4967365 -1.5 -1.5 -1.5 -1.268 -1.268 -0.25 -0.25 -0.25 -0.25 -0.25 -0.68199994 -0.682 -0.682 -0.682 -0.682 -0.68200004 -0.7919454 -1.3399682 -0.71966744 -0.634 -0.634 -0.634 -0.634 -0.634 -0.178 -0.178 -0.178 -0.11481423 0.584 0.584 
-1.6999704 -1.7 -0.648 -0.938 -0.672 -1.094 -0.348 -0.59 -1.158 -0.97 -1.092 -1.268 -0.88 -1.342 -0.918 -1.68 -0.394 -0.394 -0.394 -1.0619564 -1.062 -1.062 -1.438 -1.5 -1.5 -1.5 -1.268 -1.268 -1.268 -0.25 -0.25 -0.25000001 -0.38768042 -0.68306829 -0.68754749 -1.2725386 -1.278 -1.278 -1.285798 -1.34 -1.34 -1.3390972 -0.634 -0.634 -0.634 -0.634 -0.634 -0.178 -0.178 -0.178 -0.178 0.584 0.584 
0.038 -1.6999998 -0.81593536 -0.114 -0.598 -0.698 -0.334 -0.53 -0.382 -0.79037486 -1.02 -1.052 -1.118 -1.342 -1.206 -1.68 -1.8784698 -1.8789588 -1.63 -1.062 -1.062 -1.43 -1.438 -1.438 -1.5 -1.4999988 -1.268 -1.268 -1.268 -0.81 -0.6596623 -0.536 -0.536 -0.53600058 -1.278 -1.278 -1.278 -1.278 -1.34 -1.34 -1.34 -1.34 -0.634 -0.634 -0.634 -0.634 -0.634 -0.17800575 -0.178 -0.178 -0.178 0.58394996 0.584 
0.038 0.44599769 -0.816 -1.0875889 -0.598 -0.394 -1.0539816 -0.84 -1.01 -0.73600028 -1.0968967 -1.2680255 -1.446 -1.206 -1.206 -1.5262948 -1.88 -1.88 -1.63 -1.63 -1.0620007 -1.43 -1.324 -0.88 -0.974 -0.97384759 -1.268 -1.268 -0.81 -0.81 -0.536 -0.536 -0.536 -0.5691888 -1.278 -1.278 -1.278 -1.34 -1.34 -1.34 -1.34 -1.3399888 -0.63400001 -0.634 -0.634 -0.634 -0.634 -0.62994104 -0.178 -0.17803453 -0.948 -0.948 -0.948 
-1.622 -0.422 -0.744 -0.784 -1.248 -0.908 -1.214 -1.1661173 -0.948 -0.436 -0.544 -0.404 -0.40400069 -1.338 -1.338 -1.6558831 -1.656 -1.668 -1.668 -1.6299992 -1.03 -1.03 -0.88 -0.974 -0.974 -0.322 -0.398 -0.398 -0.43803359 -0.81 -0.536 -0.536 -0.712 -0.71195967 -0.32602791 -1.234 -1.234 -1.3072065 -1.34 -1.34 -1.2241447 -1.224 -1.2239989 -1.6517118 -1.6698855 -1.6699997 -1.67 -1.6699996 -0.7406938 -0.948 -0.948 -0.948 -0.948 
-0.4059964 -0.6 0.007088825 -0.758 -1.2 -1.462 -0.878 -0.702 -0.616 -0.616 -0.544 -1.02 -1.188 -1.338 -1.1720005 -1.172 -1.656 -0.912 -0.762 -0.762 -1.0535632 -1.08 -1.08 -0.16400001 -0.322 -0.322 -0.398 -0.398 -0.43799172 -0.43784765 -0.14446993 -0.712 -0.712 -0.326 -0.326 -1.288464 -1.234 -1.234 -1.4179936 -1.2240003 -1.224 -1.224 -1.2239932 -1.6699958 -1.67 -1.67 -1.67 -1.6699994 -0.724 -0.94795561 -0.948 -0.948 -0.948 
-0.406 0.03 0.32 -1.102 -1.1759958 -1.146 -0.608 -1.48 -1.204 -0.74 -0.74 -1.112 -1.188 -1.188 -1.1721098 -1.1902151 -1.192 -0.806 -1.0899997 -0.762 -0.038414772 -0.034 0.164 0.364 0.36400054 0.406 -0.56 -0.55999994 -0.29649759 -0.296 -0.144 -0.96066403 -1.006 -0.326 -0.34607893 -1.334 -1.334 -1.418 -1.418 -1.224 -1.224 -1.224 -0.90852665 -0.91000004 -1.67 -1.67 -1.67 -0.72403601 -0.724 -0.724 -0.948 -0.948 -0.948 
-0.044644045 0.030000005 0.438 -0.074 -0.356 -0.99 -0.978 -1.142 -1.226 -1.1015997 -1.01 -1.034 -1.034 -1.02 -1.019999 -0.92275251 -0.922 -0.922 -0.84935303 -0.38599994 -0.086 -0.085999999 -0.116 0.053656605 0.40176751 0.406 -0.6 -0.56 -0.41882516 -0.418 -0.948 -0.216 -0.20290813 -0.936 -1.03 -1.042 -1.18 -1.194 -1.1240323 -1.221911 -0.756 -0.632 -0.90992674 -0.91 -0.91427769 -1.67 -1.404 -0.72400001 -0.724 -0.724 -0.724 -0.96866823 -0.288 
-0.462 -0.462 0.666 0.11 -0.396 -1.038 -1.512 -1.21 -1.074 -1.0700375 -1.306 -0.34 -1.02 -1.02 -0.916 -0.91608229 -0.922 -0.92196708 -0.778 -0.386 -0.386 -0.34734993 -0.116 -0.13799958 -0.138 -0.138 -0.6 0.172 0.172 -0.418 -0.418 -0.21595069 -0.19 -0.936 -0.366 -1.042 -1.18 -0.946 -1.124 -1.1692545 -0.63200001 -0.56881762 -0.46 -0.91 -0.91 -1.404 -1.404 -1.404 -0.724 -0.724 -1.114 -1.114 -1.1139997 
-0.462 -0.462 -0.174 -0.782 -1.044 -0.15 -0.78400001 -1.2480166 -1.17 -1.066 -0.92 -0.966 -0.3408344 -0.916 -0.916 -0.91598339 -0.772 -0.77231491 -0.778 -1.212 -1.212 -0.398 -0.398 -0.138 -0.138 -0.138 0.172 0.172 0.172 -0.296 -0.296 -0.29599983 -0.734 -0.734 -1.116 -1.506 -1.004 -1.8519849 -1.55 -1.17 -1.17 -1.055998 -0.46 -0.91 -1.428 -1.594 -0.92009309 -0.918 -0.872 -0.872 -1.114 -1.114 -1.114 
-0.462 -0.33781365 -0.43345529 -1.1239857 -0.328 -0.968 -0.784 -1.248 -1.1700007 -1.0671522 -0.96600013 -0.966 -0.902 -0.916 -0.916 -0.772 -0.772 -0.77200034 -0.778 -1.212 -1.052147 -0.398 -0.398 -0.13801125 -0.138 -0.25173697 -0.484 -0.484 -0.48399992 -0.296 -0.296 -0.966 -0.966 -0.73400105 -1.116 -1.2000001 -0.85519177 -1.852 -1.852 -1.17 -1.056 -1.056 -1.0560026 -1.428 -1.428 -1.594 -0.918 -0.918 -0.872 -0.872 -1.114 -1.114 -1.114 
-1.954 -0.97473821 -1.03399 -1.0346392 -0.32800341 -0.96798489 -0.78400001 -1.2422884 -1.175375 -1.1672843 -0.902 -0.902 -0.902 -0.902 -0.91599802 -0.772 -0.772 -0.77207747 -0.778 -1.2119984 -1.216 -1.216 -1.216 -1.216 -0.1565249 -0.484 -0.484 -0.484 -0.484 -0.48397774 -0.966 -0.966 -0.966 -0.966 -1.2 -1.2 -1.2 -1.8184907 -1.8510387 -1.724 -1.724 -1.0560359 -1.7019906 -1.4280264 -1.428 -1.594 -0.918 -0.918 -0.872 -0.872 -1.1131221 -1.114 -0.49645812 
-1.954 -1.034 -1.034 -1.034 -1.034 -1.034 -0.78447089 -1.0035374 -1.189715 -0.90228608 -0.902 -0.902 -0.902 -0.902 -0.90200023 -0.772 -0.772 -0.77241156 -0.77800134 -1.216 -1.216 -1.216 -1.216 -1.216 -1.2082151 -0.70503171 -0.79999993 -0.8 -0.8 -0.8 -0.966 -0.966 -0.96600016 -1.096 -1.096 -1.2 -1.2719422 -1.274 -1.7239997 -1.724 -1.724 -1.724 -1.702 -1.702 -1.702 -1.7012484 -1.5897421 -1.594 -1.594 -1.594 -1.594 -0.6320001 -0.632 
-2.096 -1.034 -1.034 -1.034 -1.034 -1.034 -1.034 -1.0476576 -1.2199678 -1.22 -1.22 -1.22 -1.22 -1.22 -1.22 -1.4805565 -0.78333137 -0.77282178 -1.2159449 -1.216 -1.216 -1.216 -1.216 -1.2160001 -0.856 -0.856 -0.85599992 -0.8 -0.8 -0.79978374 -0.692 -0.692 -1.096 -1.096 -1.096 -1.2454862 -1.274 -1.274 -1.274 -1.724 -1.724 -1.724 -1.702 -1.702 -1.702 -1.702 -1.594 -1.594 -1.594 -1.594 -1.594 -0.632 -0.632 
-2.096 -1.7006295 -1.034 -1.034 -1.034 -1.034 -1.4339215 -1.434 -1.434 -1.22 -1.22 -1.22 -1.22 -1.22 -1.2786815 -1.486 -1.486 -1.486 -1.2718298 -1.2719999 -1.272 -1.272 -1.272 -1.272 -0.856 -0.856 -0.856 -0.856 -0.8 -0.692 -0.692 -0.692 -1.096 -1.096 -1.096 -0.938 -1.2735551 -1.274 -1.274 -1.7238707 -1.4661149 -0.86457633 -1.702 -1.702 -1.3770061 -1.376 -1.376 -1.5924396 -0.64731982 -0.64400008 -0.64400018 0.24186749 -0.63199822 
-2.096 -1.632784 -1.330543 -1.034 -1.034 -1.4337637 -1.434 -1.434 -1.434 -1.4324579 -1.22 -1.22 -1.22 -1.22 -1.486 -1.486 -1.486 -1.486 -1.2721912 -1.272 -1.272 -1.272 -1.272 -1.272 -0.85600001 -0.856 -0.856 -0.856 -0.85540348 -0.692 -0.692 -0.692 -0.78 -1.0959763 -0.938 -0.938 -0.938 -0.93351806 -0.88807134 -0.862 -0.862 -0.862 -1.288 -1.288 -1.376 -1.376 -1.376 -0.64400001 -0.644 -0.644 -0.644 0.242 0.242 
-1.6202852 -1.62 -1.62 -1.62 -1.242 -1.433995 -1.434 -1.434 -1.434 -1.434 -1.2204543 -1.2200001 -1.22 -1.486 -1.486 -1.486 -1.486 -1.486 -1.4600068 -1.272 -1.272 -1.272 -1.272 -1.272 -0.96451476 -0.78600038 -0.786 -0.786 -0.786 -0.692 -0.78 -0.78 -0.78 -0.78 -0.938 -0.9379892 -0.528 -0.528 -0.85782951 -0.862 -0.862 -0.862 -1.288 -1.288 -1.3623746 -1.376 -1.376 -0.644 -0.644 -0.644 -0.63449978 0.242 0.242 
-1.62 -1.62 -1.62 -1.4419942 -1.242 -1.242 -1.434 -1.434 -1.434 -1.434 -1.226 -1.226 -1.226 -1.486 -1.486 -1.486 -1.486 -1.48588 -1.34 -1.34 -1.272 -1.272 -1.2732173 -1.322 -1.3171746 -0.786 -0.786 -0.786 -0.786 -0.78000061 -0.78 -0.78 -0.78 -0.78 -0.52800144 -0.528 -0.528 -0.528 -0.52919564 -0.862 -0.862 -0.862 -1.288 -1.288 -1.288 -1.376 -1.376 -0.64400001 -0.644 -0.644 0.242 0.242 0.242 
-1.62 -1.62 -1.62 -1.242 -1.242 -1.242 -1.2420003 -1.434 -1.434 -1.2262147 -1.226 -1.226 -1.226 -1.226162 -0.89835933 -0.76 -0.76 -0.76 -1.34 -1.34 -1.34 -1.322 -1.322 -1.322 -1.3217378 -0.57619028 -0.786 -0.786 -0.786 -0.8191649 -0.82799528 -0.828 -0.828 -0.828 -0.67953858 -0.89199917 -0.892 -0.892 -0.892 -0.77001259 -0.77 -0.77 -1.288 -1.288 -0.97000133 -0.9699998 -0.408 -0.408 0.042 0.042 0.042 0.242 0.66562089 
-1.6199965 -1.62 -1.62 -1.242 -1.242 -1.242 -1.242 -0.72400021 -1.4311611 -1.225523 -1.226 -1.226 -1.226 -1.2250856 -0.76 -0.76 -0.76 -0.76000017 -1.34 -1.34 -1.34 -1.322 -1.322 -1.322 -0.386 -0.386 -0.72999999 -0.73 -0.73 -0.73053462 -0.828 -0.828 -0.828 -0.828 -0.85998244 -0.892 -0.892 -0.892 -0.892 -0.77 -0.77 -0.77 -0.77629277 -0.97 -0.97 -0.97 -0.408 -0.408 0.041999999 0.042 0.042 0.66599998 0.666 
-0.5 -1.0210364 -0.998 -0.99807079 -1.242 -0.72699713 -0.724 -0.724 -0.74149017 -0.7 -0.7 -0.7 -0.7 -0.078020249 -0.078000003 -0.75999948 -0.76 -0.77528215 -1.34 -1.34 -1.34 -0.166 -0.166 -0.166 -0.386 -0.386 -0.73 -0.73 -0.73 -0.72999996 -0.67200099 -0.67200044 -0.82407917 -0.82783276 -0.98981391 -0.99 -0.99 -0.99 -0.99 -0.77 -0.77 -0.77 -0.95898723 -0.97 -0.97 -0.96999995 -0.408 -0.408 -0.4079838 0.042 0.041968877 -0.654 0.666 
-0.915921 -0.91600001 -0.998 -0.998 -0.998 -0.724 -0.724 -0.724 -0.772 -0.772 -0.7 -0.7 -0.7 -0.078 -0.078 -0.078 -0.078 -0.078142643 -1.34 -1.34 -1.34 -0.166 -0.166 -0.166 -0.386 -0.386 -0.73 -0.73 -0.73 -0.67265395 -0.672 -0.672 -0.672 -0.672 -0.98984309 -0.99 -0.99 -0.99 -0.99 -0.55400006 -0.554 -0.554 -0.554 -0.96999785 -0.69 -0.69 -0.69 -0.818 -0.818 -0.818 -0.654 -0.654 -0.654 
-0.916 -0.916 -0.998 -0.998 -0.998 -0.72544019 -0.724 -0.772 -0.772 -0.772 -0.70000886 -0.7 -0.50552432 -0.078000088 -0.078 -0.078 -0.078 -0.302 -0.302 -0.302 -0.63799999 -0.63799965 -0.1660023 -0.166 -0.16644831 -0.818 -0.818 -0.81799979 -0.73001422 -0.32206975 -0.32200186 -0.32206111 -0.67140181 -0.67169795 -0.93313539 -0.9899998 -0.98823726 -0.464 -0.464 -0.554 -0.554 -0.554 -0.554 -0.69 -0.69 -0.69 -0.69 -0.818 -0.818 -0.818 -0.654 -0.654 -0.654 
-0.916 -0.916 -0.998 -0.998 -0.998 -0.998 -0.741965 -0.772 -0.772 -0.772 -0.77182876 -0.462 -0.462 -0.462 -0.080263 -0.078 -0.30050732 -0.302 -0.302 -0.302 -0.638 -0.638 -0.638 -0.638 -0.818 -0.818 -0.818 -0.818 -0.818 -0.322 -0.322 -0.322 -0.322 -0.32200025 -0.44 -0.464 -0.464 -0.464 -0.464 -0.46400024 -0.526 -0.526 -0.526 -0.69065735 -1.032 -1.032 -1.032 -0.81800001 -0.8179999 -0.716 -0.716 -0.54602627 -0.546 
-0.916 -0.916 -0.96840376 -0.998 -0.998 -0.99799999 -0.64622359 -0.77160292 -0.772 -0.772 -0.46199994 -0.462 -0.462 -0.462 -0.462 -0.43050096 -0.302 -0.302 -0.302 -0.302 -0.6379974 -0.638 -0.638 -0.638 -0.818 -0.818 -0.818 -0.818 -0.818 -0.34416869 -0.322 -0.322 -0.322 -0.44 -0.44 -0.44001864 -0.464 -0.464 -0.27490642 -0.12800003 -0.526 -0.526 -0.526 -0.68494777 -1.032 -1.032 -1.032 0.324 -0.7030417 -0.716 -0.716 -0.546 -0.546 
-0.506 -0.506 -0.506 -0.87464208 -0.99703674 -0.646 -0.646 -0.646 -0.646 -0.2 -0.2 -0.46199998 -0.462 -0.462 -0.462 -0.46198984 -0.302 -0.302 -0.302 -0.302 -0.4913805 -0.638 -0.638 -0.62381563 -0.12814985 -0.818 -0.818 -0.818 -0.352 -0.352 -0.352 -0.35199987 -0.44 -0.44 -0.44 -0.44 -0.128 -0.128 -0.128 -0.128 -0.33 -0.33 -0.33 -0.010006434 -0.01 -0.01 -0.010000323 0.324 0.324 -0.71473282 -0.716 -0.54599372 -0.546 
-0.506 -0.506 -0.506 -0.50599095 -0.338 -0.38278826 -0.646 -0.646 -0.646 -0.2 -0.2 -0.2 0.029999979 0.03 0.03 0.029999985 -0.30198535 -0.302 -0.302 -0.302 -0.30706537 -0.096001488 -0.096 -0.096 -0.096 -0.096000012 -0.28 -0.28 -0.352 -0.352 -0.352 -0.352 -0.43999943 -0.44 -0.44 -0.43993598 -0.12800001 -0.128 -0.128 -0.12923709 -0.33 -0.33 -0.33 -0.010014839 -0.01 -0.01 -0.0099999999 0.324 0.324 0.32400005 0.7 0.7 0.58 
-0.506 -0.506 -0.506 -0.33800039 -0.338 -0.338 -0.64599988 -0.646 -0.646 -0.2 -0.2 -0.2 0.03 0.03 0.03 0.0053243058 -0.294 -0.294 -0.29400002 -0.30195481 -0.096 -0.096 -0.096 -0.096 -0.096 -0.09613847 -0.28 -0.28 -0.28 -0.352 -0.352 -0.35213388 0.346 0.346 0.346 -0.45 -0.45 -0.41 -0.41 -0.41 -0.198 -0.3299586 -0.3299959 0.22 0.22 0.21128326 -0.0099988265 0.324 0.324 0.7 0.7 0.7 0.58 
-0.506 -0.506 -0.506 -0.338 -0.338 -0.338 -0.338 -0.646 -0.646 -0.2 -0.2 0.020803317 0.03 0.03 0.03 -0.294 -0.294 -0.294 -0.294 -0.294 -0.096 -0.096 -0.096 -0.096 -0.096 -0.27999937 -0.28 -0.28 -0.28 -0.56 -0.56 -0.56 0.346 0.346 0.346 -0.45 -0.45 -0.41 -0.41 -0.198 -0.198 -0.198 0.22 0.22 0.22 0.22 0.25483047 0.644 0.644 0.644 0.7 0.834 0.834 
-0.506 -0.506 -0.50576605 -0.338 -0.338 -0.338 -0.338 0.056132873 0.076 0.075526145 -0.19999999 0.029997319 0.03 0.03 0.029998879 -0.294 -0.294 -0.294 -0.294 -0.294 0.23195927 -0.096 -0.096 -0.096 -0.095871477 -0.27995454 -0.28 -0.28 -0.28 -0.56 -0.56 -0.56 -0.55986397 0.346 -0.45 -0.45 -0.45 -0.44999808 -0.40998554 -0.198 -0.198 -0.198 0.21997462 0.22 0.22 0.22 0.6439989 0.644 0.644 0.644 0.834 0.834 0.834 
-0.532 -0.53199995 -0.33809521 -0.338 -0.338 -0.338 0.075911905 0.076 0.076 0.076 -0.001999998 -0.002 -0.002 -0.002 -0.2926523 -0.294 -0.294 -0.294 -0.294 0.24599968 0.246 0.246 0.5279999 0.528 0.528 0.528 0.45825921 -0.28 0.081985174 0.082 0.082 0.082 0.082 -0.070000001 -0.07 -0.07 -0.07 -0.07 0.442 0.442 0.442 0.442 0.442 0.53752064 0.538 0.538 0.538 0.644 0.644 0.644 0.83397007 0.834 0.834 
-0.532 -0.532 -0.52536894 0.2599988 0.25999987 0.2598202 0.076 0.076 0.076 0.076 -0.002 -0.002 -0.002 -0.002 -0.002 -0.294 -0.294 -0.294 0.24599986 0.246 0.246 0.246 0.528 0.528 0.528 0.528 0.528 0.52782858 0.08194671 0.081999999 0.082 0.082 0.081978592 -0.23326767 -0.070169057 -0.07 -0.07 -0.070000004 0.442 0.442 0.442 0.442 0.442 0.538 0.538 0.538 0.538 0.58756767 0.644 -0.06796701 -0.076 0.038 0.038 
-0.532 -0.532 0.25989968 0.26 0.26 0.26 0.21326478 0.076 0.076 0.076 -0.002 -0.002 -0.002 -0.002 -0.002 -0.29377741 -0.294 0.24584168 0.246 0.246 0.246 0.246 0.42353127 0.528 0.528 0.528 0.528 0.52758632 -0.056 -0.056 -0.056 -0.056 -0.056 -0.358 -0.358 -0.358 -0.358 -0.358 0.154 0.154 0.154 0.154 0.154 0.53780955 0.53799996 0.538 0.53798678 0.53632067 -0.076 -0.076 -0.076 0.037999361 0.038 
-0.53199939 -0.20647267 0.25999994 0.26 0.26 0.26 0.26 0.076078345 0.076 0.076 -0.0019999998 -0.002 -0.002 -0.002 -0.22689139 -0.232 -0.232 0.2459877 0.246 0.246 0.246 0.246 0.246 0.528 0.528 0.528 0.528 -0.2419998 -0.24199991 -0.20241468 -0.056 -0.056 -0.056 -0.358 -0.358 -0.358 -0.358 -0.35802167 0.154 0.154 0.154 0.154 0.15400919 0.46 0.46 0.46 0.46 0.45995677 -0.076 -0.076 -0.076 -0.075999717 0.38087485 
-0.2 -0.2 -0.070841593 0.26 0.26 0.26 0.26 0.26 0.076078873 0.248 0.248 0.248 0.2474067 -0.23199967 -0.232 -0.232 -0.232 -0.232 0.24599916 0.23881993 0.176 0.176 0.176 0.26443789 0.50735062 0.39685967 0.30333449 -0.242 -0.242 -0.242 -0.242 -0.242 -0.22997432 -0.38322105 -0.39 -0.39 -0.39 -0.39 0.1765424 0.27399978 0.274 0.274 0.274 0.27800053 0.45999995 0.46 0.46 0.384 -0.075992631 -0.076 -0.076 0.386 0.386 
-0.2 -0.2 0.097999998 0.098 0.098 0.25994604 0.26 0.26 0.248 0.248 0.248 0.248 0.248 -0.23199998 -0.232 -0.232 -0.232 -0.232 0.176 0.176 0.176 0.176 0.176 0.27 0.27 0.27 0.27 -0.242 -0.242 -0.242 -0.242 -0.242 0.214 0.214 -0.39 -0.39 -0.39 0.42986035 0.43 0.274 0.274 0.274 0.27400004 0.278 0.278 0.278 0.384 0.384 0.384 0.174 0.174 0.386 0.386 
-0.2 -0.2 0.098 0.098 0.098 0.098 0.098000922 0.266 0.24801695 0.248 0.248 0.248 0.248 -0.22601244 -0.232 -0.232 -0.232 -0.232 0.17599999 0.176 0.176 0.176 0.176 0.27 0.27 0.27 0.27 0.26999795 -0.242 -0.242 -0.242 0.21397609 0.214 0.214 0.214 -0.39 0.42999999 0.43 0.43 0.42589535 0.49486822 0.536 0.536 0.278 0.278 0.278 0.384 0.384 0.384 0.174 0.174 0.174 0.3751314 
-0.286 -0.28599932 0.098 0.098 0.098 0.098 0.266 0.266 0.266 0.248 0.248 0.248 0.248 0.24785078 -0.232 -0.232 -0.232 -0.232 0.17599288 0.176 0.176 0.176 0.25344428 0.27 0.27 0.27 0.27 0.54399978 0.544 0.54399999 -0.23354707 0.214 0.214 0.214 0.21400033 0.556 0.43 0.43 0.43 0.43 0.536 0.536 0.536 0.552 0.552 0.552 0.21401656 0.384 0.384 0.174 0.174 0.174 0.37400259 
-0.286 -0.286 0.098 0.098 0.098 0.266 0.266 0.266 0.266 0.24999915 0.248 0.248 0.248 0.24799943 0.13595765 0.136 0.136 0.136 0.26111506 0.352 0.352 0.352 0.352 0.27 0.27 0.27 0.27001807 0.544 0.544 0.544 0.544 0.21408462 0.40636511 0.556 0.556 0.556 0.42992576 0.41000042 0.41 0.41 0.5360564 0.608 0.608 0.552 0.552 0.55199857 0.214 0.214 0.44 0.44 0.44 0.982 1.302 
-0.286 -0.286 0.498 0.498 0.498 0.266 0.266 0.266 0.266 1.118 1.118 1.118 1.118 1.0487962 0.136 0.136 0.136 0.136 0.258 0.352 0.352 0.352 0.352 0.908 0.90799975 0.27000094 0.544 0.544 0.544 0.544 0.68069432 0.814 0.58669846 0.556 0.556 0.556 0.41 0.41 0.41 0.41 0.608 0.608 0.608 0.62599432 0.626 0.21585191 0.214 0.214 0.44000112 0.44 0.982 0.982 1.302 
-0.286 0.498 0.498 0.498 0.498 0.498 0.27016091 0.802 0.802 1.118 1.118 1.118 1.118 1.1177674 0.136 0.136 0.136 0.14151235 0.258 0.258 0.352 0.352 0.908 0.908 0.908 0.908 0.544 0.544 0.544 0.544 0.814 0.814 0.814 0.55626107 0.556 0.556 0.41 0.41 0.41 0.41 0.608 0.608 0.608 0.626 0.626 0.62599955 0.618 0.618 0.702 0.702 0.982 0.982 1.302 
0.49063727 0.498 0.498 0.498 0.498 0.498 0.802 0.802 0.802 0.97113641 1.118 1.118 1.118 1.1179916 0.136 0.136 0.136 0.258 0.258 0.258 0.3519953 0.3520034 0.908 0.908 0.908 0.908 0.54402587 0.544 0.544 0.81393791 0.814 0.814 0.814 0.814 0.55698537 0.808 0.808 0.80111192 0.41 0.41 0.60799983 0.608 0.62547665 0.626 0.626 0.618 0.618 0.618 0.702 0.702 0.96 0.96 1.276 
0.498 0.498 0.498 0.498 0.498 0.498 0.802 0.802 0.802 0.802 0.91800576 0.918 0.918 0.918 0.13600202 0.41548032 0.572 0.572 0.25857886 0.258 0.25800002 0.90799919 0.908 0.908 0.908 0.908 0.90773535 0.544 0.54400923 0.814 0.814 0.814 0.814 0.814 0.808 0.808 0.808 0.808 0.808 0.80799951 1.21 1.21 1.2099999 0.852 0.852 0.852 0.726 0.726 0.816 0.816 0.96 0.96000069 1.276 
0.498 0.498 0.498 0.498 0.498 0.498 0.802 0.802 0.802 0.918 0.918 0.918 0.918 0.918 0.82679523 0.572 0.572 0.572 0.572 0.572 0.55700753 0.908 0.908 0.908 0.908 0.89927052 0.63043562 0.55571176 0.8126685 0.814 0.814 0.814 0.814 0.81399999 0.808 0.808 0.808 0.808 0.808 0.99500947 1.21 1.21 1.21 0.852 0.852 0.852 0.726 0.726 0.816 0.816 1.412 1.2835022 1.276 
0.498 0.498 0.498 0.498 0.498 0.49800009 0.80199993 0.802 0.80681465 0.918 0.918 0.918 0.918 0.918 0.90140371 0.572 0.572 0.572 0.572 0.572 0.572 0.67231952 0.63000039 0.63 0.63 0.63 0.63 0.63 0.49224984 0.49000384 0.49000001 0.49 0.49 0.49000023 0.808 0.808 0.808 0.808 0.808 1.21 1.21 1.21 1.21 1.2099998 0.85261564 1.236 0.72600005 1.3215163 0.81645212 1.412 1.412 1.4203147 1.812 
0.498 0.498 0.498 0.498 0.498 0.49801942 0.8019836 0.80200702 0.91799985 0.918 0.918 0.918 0.918 0.918 0.91141636 0.572 0.572 0.572 0.572 0.572 0.572 0.63 0.63 0.63 0.63 0.63 0.63 0.63 0.49003865 0.49 0.49 0.49 0.49 0.49 0.57713197 0.808 0.808 0.808 0.808 1.21 1.21 1.21 1.21 1.2100067 1.236 1.236 1.2366017 1.332 1.332 1.412 1.412 1.812 1.812 
0.498 0.498 0.498 0.498 0.498 0.49840543 0.8016424 0.90491016 0.918 0.918 0.918 0.918 0.918 0.918 0.91194268 0.572 0.572 0.572 0.572 0.572 0.58025815 0.63 0.63 0.63 0.63 0.63 0.63 0.63 0.49000056 0.49 0.49 0.49 0.49 0.49 0.49 0.97623835 1.2377907 1.3807983 1.4025645 1.2252983 1.21 1.21 1.21 1.2359979 1.236 1.2369193 1.3899997 1.332 1.332 2.1498958 2.15 2.15 1.8120002 
0.498 0.498 0.498 0.498 0.49800031 0.50053529 0.80989921 0.9179681 0.918 0.918 0.918 0.918 0.918 0.918 0.90992037 0.572 0.572 0.572 0.572 0.572 0.62999975 0.63 0.63 0.63 0.63 0.63 0.63 0.63 0.49000004 0.49 0.49 0.49 0.49 0.49 0.49000019 1.414 1.414 1.414 1.414 1.448 1.448 1.448 1.448 1.3899996 1.39 1.39 1.39 1.3900031 1.672 1.672 2.15 2.15 2.0260125 
0.498 0.498 0.498 0.49800002 0.49800849 0.50630582 0.9095185 0.91799849 0.918 0.918 0.918 0.918 0.918 0.918 0.90625462 0.57200014 0.572 0.572 0.572 0.57234908 0.63 0.63 0.63 0.63 0.63 0.63 0.63 0.63 0.49000003 0.49 0.49 0.49 0.49 0.49 1.4139992 1.414 1.414 1.414 1.414 1.448 1.448 1.448 1.448 1.432346 1.39 1.39 1.39 1.6719968 1.672 1.672 1.97 1.97 1.97 
0.498 0.498 0.49800001 0.49800069 0.4980835 0.53435952 0.91750637 0.91799962 0.918 0.918 0.918 0.918 0.918 0.91799998 0.90128896 0.57200814 0.572 0.572 0.57200007 0.62882483 0.63 0.63 0.63 0.63 0.63 0.63 0.63 0.63 0.49000013 0.49 0.49 0.49 0.49 0.94093801 1.4139999 1.414 1.414 1.414 1.414 1.448 1.448 1.448 1.448 1.448 1.39 1.39 1.39 1.672 1.672 1.672 1.97 1.97 1.97 
0.498 0.49800002 0.49800029 0.49800817 0.49853042 0.73718588 0.91790609 0.91799977 0.918 0.918 0.918 0.918 0.918 0.91799935 0.89538518 0.57212636 0.57200001 0.572 0.57230029 0.62999507 0.63 0.63 0.63 0.63 0.63 0.63 0.63 0.62999992 0.49000088 0.49 0.49000044 1.0518461 1.106 1.106 1.106 1.414 1.414 1.414 1.414 1.448 1.448 1.448 1.448 1.448 1.390001 1.39 1.3900001 1.672 1.672 1.6720002 1.97 1.97 1.97 
