interpolatedSpi/05-08|23_2.tif
NCOLS 53
NROWS 52
XLLCORNER -116.03883
YLLCORNER 28.596182
DX 0.49850594
DY 0.49788537
NODATA_VALUE -9999
[rows 0 to 37 of 52, columns 0 to 52 of 53]
0.7525 0.7525 0.93861752 1.1675 0.84 1.145 0.815 0.84 -0.28467721 -0.315 -0.175 -0.0825 -0.53999568 -0.4875 -0.4975 -0.4975 -0.4975 -0.885 -0.215 -0.215 -0.215 -0.21499709 0.087499993 -0.59 -0.59 -0.59 -0.75000297 -0.75 -0.75 -0.86 -0.86 -0.86 -0.86 -1.2574999 -1.2575 -1.2575 -1.2575 -1.2575 -1.2575 -1.2575 0.23146253 0.24741318 -0.0925 -0.0925 -0.0925 -0.0925 -0.093043086 -0.425 -0.425 -0.425 -0.11750064 -0.1175 -0.1175
0.75247856 0.27 0.79499967 0.72282756 0.83982092 0.4025 0.53 0.15288516 -0.31 -0.36 -0.09 -0.54 -0.54 -0.45012504 -0.48749964 -0.4975 -0.885 -0.885 -0.21587359 -0.215 -0.215 -0.215 -0.6243457 -0.59 -0.59 -0.59 -0.045000037 -0.045 -0.86 -0.86 -0.86 -0.86 -0.86 -1.2574999 -1.2575 -1.2575 -1.2575 -1.2575 -1.2575 -1.0342651 0.17736709 -0.059738484 -0.0925 -0.0925 -0.0925 -0.0925 -0.0925 -0.425 -0.425 -0.425 -0.39950181 -0.1175 -0.1175
0.75500404 0.755 0.5075 0.23 0.3075 1.105 0.3975 0.8225 -0.2975 -0.73 -0.6 -0.1925 -0.6125 -1.3225 -0.45 -1.0075 -0.885 -0.885 -0.885 -0.087537065 -0.0875 -0.0875 -1.2425 -0.59 -0.59 -0.59 -0.045 -0.045 -0.045 -0.86 -0.86 -0.86 -0.8660175 -1.2566162 -1.2549171 -0.98254286 -0.98 -0.98 -0.83441701 0.17749999 0.1775 0.17715474 -0.0925 -0.0925 -0.0925 -0.0925 -0.0925 -0.425 -0.425 -0.425 -0.425 -0.1175 -0.1175
1.15 0.75499992 0.33730086 0.0725 -0.6025 -0.21 0.0275 -0.37 0.3675 -0.49788333 -0.51 -0.865 -0.7375 -1.3225 -0.63 -1.0075 -0.84872415 -0.84752627 -0.515 -0.0875 -0.0875 -0.8 -1.2425 -1.2425 -0.59 -0.58999728 -0.045 -0.045 -0.045 -1.035 -0.94583987 -0.8725 -0.8725 -0.87250008 -0.98 -0.98 -0.98 -0.98 0.1775 0.1775 0.1775 0.17749999 -0.0925 -0.0925 -0.0925 -0.0925 -0.0925 -0.42499581 -0.425 -0.425 -0.425 -0.1175641 -0.1175
1.15 0.12500039 0.3375 -0.40952302 -0.6025 -0.785 -0.83752121 -1.005 -1.4175 -0.53500041 -0.69677251 -0.76239866 -0.055 -0.63 -0.63 -0.88007076 -0.8475 -0.8475 -0.515 -0.515 -0.087501401 -0.8 -0.3875 0.135 -0.2725 -0.27248883 -0.045 -0.045 -1.035 -1.035 -0.8725 -0.8725 -0.8725 -0.84892834 -0.98 -0.98 -0.98 0.1775 0.1775 0.1775 0.1775 0.17736124 -0.092500017 -0.0925 -0.0925 -0.0925 -0.0925 -0.095459662 -0.425 -0.42507421 -2.08 -2.08 -2.08
-0.65 -0.4 -0.50749997 -0.235 -0.355 -1.21 -1.26 -1.2273527 -0.7375 -1.4125 -1.915 -0.97 -0.9699994 -1.62 -1.62 -0.70244568 -0.7025 -1.3975 -1.3975 -0.51500029 -0.5975 -0.5975 0.135 -0.2725 -0.2725 -0.225 -0.87 -0.87 -0.75502637 -1.035 -0.8725 -0.8725 -0.7475 -0.74749556 -0.70500299 -0.3975 -0.3975 -0.0003893761 0.1775 0.1775 -1.2582071 -1.26 -1.2599984 -0.96924493 -0.98490136 -0.98499976 -0.98499997 -0.98499967 -1.8202494 -2.08 -2.08 -2.08 -2.08
0.16251043 -0.5275 -0.15827716 -0.8525 -1.015 -1.45 -0.9725 -1.3775 -1.8325 -1.8325 -1.915 -1.7275 -1.6174998 -1.62 -0.47750342 -0.4775 -0.7025 -0.415 -0.8475 -0.8475 -0.28764333 0.06 0.06 -0.305 -0.225 -0.225 -0.87 -0.87 -0.75504123 -0.75575909 -0.54035213 -0.7475 -0.7475 -0.705 -0.705 -0.85227443 -0.3975 -0.3975 -0.86998362 -1.2599995 -1.26 -1.26 -1.2599911 -0.98500093 -0.985 -0.985 -0.985 -0.9850005 -1.825 -2.0799495 -2.08 -2.08 -2.08
0.1625 -0.715 -0.3275 -1.5725 -0.99753296 -1.64 -2.205 -2.095 -1.9125 -1.905 -1.905 -0.8475 -1.6175 -1.6175 -0.48532146 -0.84407968 -0.88 -0.52 -0.92999992 -0.8475 -0.66280128 -0.59 -0.4575 -0.2175 -0.21751112 -1.08 -1.0275 -1.0274999 -1.4600208 -1.4625 -0.5375 -0.9479597 -0.7975 -0.705 -0.71769193 -1.2325 -1.2325 -0.87 -0.87 -1.26 -1.26 -1.26 -1.1501862 -1.1525 -0.985 -0.985 -0.985 -1.824968 -1.825 -1.825 -2.08 -2.08 -2.08
-0.75330817 -0.715 -0.2725 -1.3875 -0.9025 -1.89 -1.3025 -1.115 -1.985 -1.3530307 -0.385 -0.9675 -0.9675 -0.67 -0.67000165 -0.26671406 -0.265 -0.265 -0.58258713 -0.88500012 -1.4475 -1.4475 -0.81 -0.59641445 -0.99308277 -1.08 -0.8975 -1.0275 -1.0846659 -1.085 -0.99 -0.9175 -0.67826479 -1.4425 -1.15 -1.505 -1.2125 -0.425 -0.50996075 -1.2570427 -0.5975 -0.7675 -1.1524247 -1.1525 -1.1515572 -0.985 -1.005 -1.825 -1.825 -1.825 -1.825 -1.9869307 -0.42
-0.9675 -0.9675 -0.085 -0.34 -1.615 -0.66 -1.0925 -1.9575 -1.5075 -1.1925408 -1.5875 -0.5425 -0.67 -0.67 -0.845 -0.83704504 -0.265 -0.26500062 -0.245 -0.885 -0.885 -0.95746885 -0.81 -0.95499725 -0.955 -0.955 -0.8975 -0.9825 -0.9825 -1.085 -1.085 -0.91659911 -0.4425 -1.4425 -1.2125 -1.505 -1.2125 -1.29 -0.51 -0.47802675 -0.76749999 -0.7390312 -0.69 -1.1525 -1.1525 -1.005 -1.005 -1.005 -1.825 -1.825 -1.3325 -1.3325 -1.3324997
-0.9675 -0.9675 -0.7925 -1.04 -1.0875 -0.115 -1.4025 -0.56140996 -0.315 -0.325 -0.515 -0.3 -0.54217735 -0.845 -0.845 -0.84495703 -0.4725 -0.46055973 -0.245 -0.22 -0.22 0.03 0.03 -0.955 -0.955 -0.955 -0.9825 -0.9825 -0.9825 -1.02 -1.02 -1.019999 -1.2275 -1.2275 -2.2025 -1.5075 -1.4575 -0.95500891 -0.7575 -0.4775 -0.4775 -0.67000007 -0.69 -1.1525 -0.76749988 -0.51 -0.75109823 -0.75 -1.4325 -1.4325 -1.3325 -1.3325 -1.3325
-0.9675 -0.89200164 -0.89811708 -0.76999216 -0.7425 -0.675 -1.4025 -0.56 -0.31500205 -0.32488921 -0.30000003 -0.3 -0.295 -0.845 -0.845 -0.47250001 -0.4725 -0.47248705 -0.245 -0.22 -0.17090509 0.03 0.03 -0.95496015 -0.955 -0.8087198 -0.51 -0.51 -0.51000006 -1.02 -1.02 -0.6825 -0.6825 -1.2275027 -2.2025 -1.4550004 -1.5448929 -0.955 -0.955 -0.47750001 -0.67 -0.67 -0.67000071 -0.7675 -0.7675 -0.51 -0.75 -0.75 -1.4325 -1.4325 -1.3325 -1.3325 -1.3325
-0.26 -0.26123402 -0.21253044 -0.21653951 -0.74249982 -0.67500159 -1.4025 -0.57037068 -0.33188301 -0.31526113 -0.295 -0.295 -0.295 -0.295 -0.84492209 -0.4725 -0.4725 -0.46956261 -0.245 -0.21986924 0.2325 0.2325 0.2325 0.2325 -0.93453938 -0.51 -0.51 -0.51 -0.51 -0.51020414 -0.6825 -0.6825 -0.6825 -0.6825 -1.455 -1.455 -1.455 -0.98033043 -0.95631434 -1.13 -1.13 -0.67002474 -1.1899855 -0.76754069 -0.7675 -0.51 -0.75 -0.75 -1.4325 -1.4325 -1.3328628 -1.3325 -1.3840231
-0.26 -0.2125 -0.2125 -0.2125 -0.2125 -0.2125002 -1.4006377 -1.0038285 -0.37692531 -0.29502169 -0.295 -0.295 -0.295 -0.295 -0.2949995 -0.47250001 -0.47249996 -0.45689505 -0.24500162 0.2325 0.2325 0.2325 0.2325 0.2325 0.2396306 -0.20947678 -0.17250007 -0.1725 -0.1725 -0.1725 -0.68249998 -0.6825 -0.68249913 0.0425 0.0425 -1.455 -0.35399287 -0.3225 -1.1299995 -1.13 -1.13 -1.13 -1.19 -1.19 -1.19 -1.1852678 -1.1076079 -1.11 -1.11 -1.11 -1.11 -1.095 -1.095
-0.605 -0.2125 -0.2125 -0.2125 -0.2125 -0.2125 -0.21250007 -0.76076597 0.40564971 0.41 0.41 0.41 0.41 0.41 0.40999999 0.77484625 -0.45256353 -0.44134735 0.23243989 0.2325 0.2325 0.2325 0.2325 0.23250046 0.5625 0.5625 0.56249897 -0.1725 -0.1725 -0.17092808 0.6125 0.6125 0.0425 0.0425 0.0425 -0.26403081 -0.3225 -0.3225 -0.3225 -1.13 -1.13 -1.13 -1.19 -1.19 -1.19 -1.19 -1.11 -1.11 -1.11 -1.11 -1.11 -1.095 -1.095
-0.605 -0.45887671 -0.2125 -0.2125 -0.2125 -0.2125 0.34489058 0.345 0.345 0.41 0.41 0.41 0.41 0.41 0.49217611 0.7825 0.7825 0.7825 0.6287899 0.62999959 0.63 0.63 0.63 0.63 0.5625 0.5625 0.5625 0.5625 -0.1725 0.6125 0.6125 0.6125 0.042500051 0.0425 0.0425 0.0425 -0.32201673 -0.3225 -0.3225 -1.1299993 -1.1292521 -1.1275075 -1.19 -1.19 -1.7457795 -1.7475 -1.7475 -1.1107706 -1.5758663 -1.5775 -1.5774999 -1.1349941 -1.0950001
-0.605 0.20027568 0.0076300258 -0.2125 -0.2125 0.3446706 0.345 0.345 0.345 0.34546841 0.41 0.41 0.41 0.41000005 0.7825 0.7825 0.7825 0.7825 0.63013623 0.63 0.63 0.63 0.63 0.63 0.5625 0.5625 0.5625 0.5625 0.56268187 0.6125 0.6125 0.6125 0.79 0.042518045 0.0425 0.0425 0.0425 0.039175057 -1.0765112 -1.1275 -1.1275 -1.1275 -1.63 -1.63 -1.7475 -1.7475 -1.7475 -1.5775 -1.5775 -1.5775 -1.5775 -1.135 -1.135
0.2220282 0.2225 0.2225 0.2225 0.57 0.3450058 0.345 0.345 0.345 0.345 0.38425919 0.40999557 0.40999999 0.7825 0.7825 0.7825 0.7825 0.7825 0.77954062 0.63 0.63 0.63 0.63 0.63 0.72698674 0.93499798 0.935 0.935 0.935 0.61250001 0.79 0.79 0.79 0.79 0.0425 0.0424921 -0.2575 -0.2575 -1.1166368 -1.1275 -1.1275 -1.1275 -1.63 -1.63 -1.729307 -1.7475 -1.7475 -1.5775 -1.5775 -1.5775 -1.5727552 -1.135 -1.135
0.2225 0.2225 0.2225 0.38614293 0.57 0.57 0.345 0.345 0.345 0.345 0.07 0.07 0.07 0.7825 0.7825 0.7825 0.7825 0.78253429 0.925 0.925 0.63000012 0.63 0.63432138 0.8075 0.80864783 0.935 0.935 0.935 0.935 0.79001476 0.79 0.79 0.79 0.79 -0.25749895 -0.2575 -0.2575 -0.2575 -0.26057095 -1.1275 -1.1275 -1.1275 -1.63 -1.63 -1.63 -1.7475 -1.7475 -1.5775 -1.5775 -1.5775 -1.135 -1.135 -1.135
0.2225 0.2225 0.2225 0.57 0.57 0.57 0.56999966 0.345 0.345 0.070283879 0.07 0.07 0.07 0.070443923 0.95045515 0.99 0.99 0.99 0.925 0.925 0.925 0.8075 0.8075 0.8075 0.80744958 0.77370877 0.935 0.935 0.935 0.36846076 0.26755139 0.2675 0.2675 0.2675 -0.33674016 -0.44999956 -0.45 -0.45 -0.45 -0.78254721 -0.7825 -0.7825 -1.63 -1.63 -0.98000271 -0.98000008 -1.21 -1.21 -1.07 -1.07 -1.07 -1.135 -1.0101118
0.22250037 0.2225 0.22250001 0.57 0.57 0.57 0.56999999 0.092500073 0.34399041 0.070213093 0.07 0.07 0.07 0.071805294 0.99 0.99 0.99 0.98999998 0.925 0.925 0.925 0.8075 0.8075 0.8075 0.6275 0.6275 0.8875 0.8875 0.8875 0.88411771 0.2675 0.2675 0.2675 0.2675 -0.091053012 -0.45 -0.45 -0.45 -0.45 -0.7825 -0.7825 -0.7825 -0.78871411 -0.98 -0.98 -0.98 -1.21 -1.21 -1.07 -1.07 -1.07 -1.01 -1.01
0.3425 0.2876433 0.3225 0.3225718 0.57 0.095262799 0.0925 0.0925 0.15626626 0.305 0.305 0.305 0.305 1.2449694 1.245 0.9900002 0.99 0.98828735 0.925 0.925 0.925 0.6625 0.6625 0.6625 0.6275 0.6275 0.8875 0.8875 0.8875 0.88749986 0.68999731 0.68999881 0.2781189 0.26795295 -0.49163124 -0.4925 -0.4925 -0.4925 -0.4925 -0.7825 -0.7825 -0.7825 -0.96912486 -0.98 -0.98 -0.98000003 -1.21 -1.21 -1.209995 -1.07 -1.0700113 -1.3225 -1.01
0.31750475 0.3175 0.3225 0.3225 0.3225 0.0925 0.0925 0.0925 0.2675 0.2675 0.305 0.305 0.305 1.245 1.245 1.245 1.245 1.2449635 0.925 0.925 0.92499999 0.6625 0.6625 0.6625 0.6275 0.6275 0.8875 0.8875 0.8875 0.69222683 0.69 0.69 0.69 0.69 -0.49191651 -0.4925 -0.4925 -0.4925 -0.4925 -0.52750007 -0.5275 -0.5275 -0.5275 -0.98000125 -1.1425 -1.1425 -1.1425 -1.4025 -1.4025 -1.4025 -1.3225 -1.3225 -1.3225
0.3175 0.3175 0.3225 0.3225 0.3225 0.093708921 0.0925 0.2675 0.2675 0.2675 0.30499538 0.305 0.58690803 1.2449999 1.245 1.245 1.245 0.7025 0.7025 0.7025 1.0475 1.0474997 0.66250188 0.6625 0.6627288 1.065 1.065 1.0649996 0.88752869 0.75248754 0.75249967 0.75248909 0.69010682 0.69005394 -0.28185274 -0.49249997 -0.49224028 -0.415 -0.415 -0.5275 -0.5275 -0.5275 -0.5275 -1.1425 -1.1425 -1.1425 -1.1425 -1.4025 -1.4025 -1.4025 -1.3225 -1.3225 -1.3225
0.3175 0.3175 0.3225 0.3225 0.3225 0.3225 0.15799739 0.2675 0.2675 0.2675 0.26771129 0.65 0.65 0.65 1.2414935 1.245 0.70611509 0.7025 0.7025 0.7025 1.0475 1.0475 1.0475 1.0475 1.065 1.065 1.065 1.065 1.065 0.7525 0.7525 0.7525 0.7525 0.75249856 0.0675 -0.415 -0.415 -0.415 -0.415 -0.41500174 -0.9475 -0.9475 -0.9475 -0.94750124 -0.9475 -0.9475 -0.9475 -1.4025 -1.4025 -1.4225 -1.4225 -0.91509914 -0.915
0.3175 0.3175 0.32069535 0.3225 0.3225 0.3225 0.10029723 0.26697213 0.2675 0.2675 0.64999986 0.65 0.65 0.65 0.65 0.69877804 0.7025 0.7025 0.7025 0.7025 1.0474973 1.0475 1.0475 1.0475 1.065 1.065 1.065 1.065 1.065 0.52896568 0.7525 0.7525 0.7525 0.0675 0.0675 0.067125327 -0.415 -0.415 -0.62744889 -0.79249997 -0.9475 -0.9475 -0.9475 -0.9476849 -0.9475 -0.9475 -0.9475 -1.0875 -1.4183259 -1.4225 -1.4225 -0.915 -0.915
0.29 0.29 0.29 0.31435136 0.32206799 0.1 0.1 0.1 0.1 0.0025000008 0.0025 0.64999995 0.65 0.65 0.65 0.65000328 0.7025 0.7025 0.7025 0.7025 0.89695319 1.0475 1.0475 1.0618283 1.5713997 1.065 1.065 1.065 0.45 0.45 0.45 0.45000127 0.0675 0.0675 0.0675 0.0675 -0.7925 -0.7925 -0.7925 -0.7925 -0.795 -0.795 -0.795 -0.99999588 -1 -1 -0.99999998 -1.0875 -1.0875 -1.4220918 -1.4225 -0.91499982 -0.915
0.29 0.29 0.29 0.28998586 0.0275 0.038042691 0.1 0.1 0.1 0.0025 0.0025 0.0025 -0.43749995 -0.4375 -0.4375 -0.43749999 0.69990797 0.7025 0.7025 0.7025 0.70776132 1.5949985 1.595 1.595 1.595 1.595 0.8875 0.8875 0.45 0.45 0.45 0.45 0.067499886 0.0675 0.0675 0.067487171 -0.7925 -0.7925 -0.7925 -0.79192971 -0.795 -0.795 -0.795 -0.99999049 -1 -1 -1 -1.0875 -1.0875 -1.0875 -0.88 -0.88 -0.8325
0.29 0.29 0.29 0.027500605 0.0275 0.0275 0.099999973 0.1 0.1 0.0025 0.0025 0.0025 -0.4375 -0.4375 -0.4375 -0.45844388 -0.7125 -0.7125 -0.71249634 0.69450772 1.595 1.595 1.595 1.595 1.595 1.5944676 0.8875 0.8875 0.8875 0.45 0.45 0.45015448 -0.09 -0.09 -0.09 -0.3675 -0.3675 -0.6625 -0.6625 -0.6625 -0.4475 -0.794891 -0.79500022 -0.825 -0.825 -0.8316323 -0.99999969 -1.0875 -1.0875 -0.88 -0.88 -0.88 -0.8325
0.29 0.29 0.29 0.0275 0.0275 0.0275 0.0275 0.1 0.1 0.0025 0.0025 -0.41990635 -0.4375 -0.4375 -0.4375 -0.7125 -0.7125 -0.7125 -0.7125 -0.7125 1.595 1.595 1.595 1.595 1.595 0.88750241 0.8875 0.8875 0.8875 0.69 0.69 0.69 -0.09 -0.09 -0.09 -0.3675 -0.3675 -0.6625 -0.6625 -0.4475 -0.4475 -0.4475 -0.825 -0.825 -0.825 -0.825 -0.82746442 -0.855 -0.855 -0.855 -0.88 -0.6275 -0.6275
0.29 0.29 0.28963446 0.0275 0.0275 0.0275 0.0275 -0.12006182 -0.1275 -0.12727681 0.0024999745 -0.43751654 -0.4375 -0.4375 -0.43750095 -0.7125 -0.7125 -0.7125 -0.7125 -0.7125 -0.73549369 1.595 1.595 1.595 1.5948811 0.88750731 0.8875 0.8875 0.8875 0.69 0.69 0.69 0.68988612 -0.09 -0.3675 -0.3675 -0.3675 -0.36751202 -0.66248534 -0.4475 -0.4475 -0.4475 -0.82497708 -0.825 -0.825 -0.825 -0.85500135 -0.855 -0.855 -0.855 -0.6275 -0.6275 -0.6275
0.185 0.18500018 0.027643618 0.0275 0.0275 0.0275 -0.12746702 -0.1275 -0.1275 -0.1275 -0.63499999 -0.635 -0.635 -0.635 -0.71214228 -0.7125 -0.7125 -0.7125 -0.7125 -0.83499993 -0.835 -0.835 1.0175001 1.0175 1.0175 1.0175 1.0062793 0.8875 0.53251454 0.5325 0.5325 0.5325 0.5325 -0.205 -0.205 -0.205 -0.205 -0.205 -0.865 -0.865 -0.865 -0.865 -0.865 -0.98975127 -0.99 -0.99 -0.99 -0.855 -0.855 -0.855 -0.62753584 -0.6275 -0.6275
0.185 0.185 0.18150444 -0.23249948 -0.23249994 -0.23239746 -0.1275 -0.1275 -0.1275 -0.1275 -0.635 -0.635 -0.635 -0.635 -0.635 -0.7125 -0.7125 -0.7125 -0.83499997 -0.835 -0.835 -0.835 1.0175 1.0175 1.0175 1.0175 1.0175 1.017472 0.5327819 0.5325 0.5325 0.5325 0.53261324 0.11388216 -0.20466981 -0.205 -0.205 -0.20499999 -0.865 -0.865 -0.865 -0.865 -0.865 -0.99 -0.99 -0.99 -0.99 -0.92687136 -0.855 -0.52373757 -0.52 -0.325 -0.325
0.185 0.185 -0.23244712 -0.2325 -0.2325 -0.2325 -0.20583044 -0.1275 -0.1275 -0.1275 -0.635 -0.635 -0.635 -0.635 -0.635 -0.71244382 -0.7125 -0.83496408 -0.835 -0.835 -0.835 -0.835 0.33122937 1.0175 1.0175 1.0175 1.0175 1.0176737 1.2625 1.2625 1.2625 1.2625 1.2625 0.3575 0.3575 0.3575 0.3575 0.3575 -0.705 -0.705 -0.705 -0.705 -0.705 -0.9888219 -0.98999975 -0.99 -0.98991821 -0.98009111 -0.52 -0.52 -0.52 -0.32500109 -0.325
0.18499953 -0.062577265 -0.23249998 -0.2325 -0.2325 -0.2325 -0.2325 -0.12754471 -0.1275 -0.1275 -0.635 -0.635 -0.635 -0.635 -1.0065597 -1.015 -1.015 -0.83500463 -0.835 -0.835 -0.835 -0.835 -0.83499981 1.0175 1.0175 1.0175 1.0175 1.7824995 1.7824998 1.6718314 1.2625 1.2625 1.2625 0.3575 0.3575 0.3575 0.3575 0.35770996 -0.705 -0.705 -0.705 -0.705 -0.7049569 -0.5075 -0.5075 -0.5075 -0.5075 -0.50750101 -0.52 -0.52 -0.52 -0.52000007 -0.63536086
-0.0675 -0.0675 -0.15910545 -0.2325 -0.2325 -0.2325 -0.2325 -0.2325 -0.12754649 -0.83499999 -0.835 -0.835 -0.83452536 -1.0149995 -1.015 -1.015 -1.015 -1.015 -0.83499676 -0.80730543 -0.565 -0.565 -0.565 -0.16512655 0.96687699 0.69600288 0.46823679 1.7825 1.7825 1.7825 1.7825 1.7825 1.7588814 0.67532831 0.6675 0.6675 0.6675 0.6675 -0.59933195 -0.14250101 -0.1425 -0.1425 -0.1425 -0.41250028 -0.50749998 -0.5075 -0.5075 -0.0325 -0.51999219 -0.52 -0.52 -0.64 -0.64
-0.0675 -0.0675 -0.48 -0.48 -0.48 -0.23258244 -0.2325 -0.2325 -0.835 -0.835 -0.835 -0.835 -0.835 -1.015 -1.015 -1.015 -1.015 -1.015 -0.565 -0.565 -0.565 -0.565 -0.565 0.38499995 0.385 0.385 0.385 1.7825 1.7825 1.7825 1.7825 1.7825 1.365 1.365 0.6675 0.6675 0.6675 0.61000979 0.61 -0.1425 -0.1425 -0.1425 -0.14250002 -0.4125 -0.4125 -0.4125 -0.0325 -0.0325 -0.0325 0.065 0.065 -0.64 -0.64
-0.0675 -0.0675 -0.48 -0.48 -0.48 -0.48 -0.48000051 -0.5725 -0.83475285 -0.835 -0.835 -0.835 -0.835 -1.0127547 -1.015 -1.015 -1.015 -1.015 -0.56500001 -0.565 -0.565 -0.565 -0.565 0.385 0.385 0.385 0.385 0.38500566 1.7825 1.7825 1.7825 1.3650219 1.365 1.365 1.365 0.6675 0.61 0.61 0.61 0.59020031 -0.27316631 -0.2975 -0.2975 -0.4125 -0.4125 -0.4125 -0.0325 -0.0325 -0.0325 0.065 0.065 0.065 0.42421671
