interpolatedSpi/05-08|23_3.tif
NCOLS 53
NROWS 52
XLLCORNER -116.03883
YLLCORNER 28.596182
DX 0.49850594
DY 0.49788537
NODATA_VALUE -9999
[rows 0 to 37 of 52, columns 0 to 52 of 53]
0.95 0.95 0.78553419 1.0875 0.69 1.1875 0.6575 0.6225 -0.60894109 -0.58 -0.455 -0.23 -0.69001132 -0.8275 -0.73 -0.73 -0.73 -0.945 -0.345 -0.345 -0.345 -0.34499595 0.07499999 -0.8925 -0.8925 -0.8925 -0.98500175 -0.985 -0.985 -1.2975 -1.2975 -1.2975 -1.2975 -1.8974999 -1.8975 -1.8975 -1.8975 -1.8975 -1.8975 -1.8974999 0.19743565 0.21993532 -0.0325 -0.0325 -0.0325 -0.0325 -0.033765839 -0.8075 -0.8075 -0.8075 -0.38250088 -0.3825 -0.3825
0.94996712 0.21 0.58749995 0.53537546 0.71982781 0.5 0.555 0.025444963 -0.495 -0.625 -0.05 -0.69 -0.69 -0.49361705 -0.82749509 -0.73 -0.945 -0.945 -0.34578232 -0.345 -0.345 -0.345 -0.9214504 -0.8925 -0.8925 -0.8925 -0.32000004 -0.32 -1.2975 -1.2975 -1.2975 -1.2975 -1.2975 -1.8974999 -1.8975 -1.8975 -1.8975 -1.8975 -1.8975 -1.5818183 0.10982709 -0.015209813 -0.0325 -0.0325 -0.0325 -0.0325 -0.0325 -0.8075 -0.8075 -0.8075 -0.77225859 -0.3825 -0.3825
0.97749869 0.9775 0.5425 0.285 0.4475 1.055 0.235 0.85 -0.605 -1.13 -0.89 -0.2425 -0.685 -1.5775 -0.4925 -1.23 -0.945 -0.945 -0.945 -0.12756323 -0.1275 -0.1275 -1.4425 -0.8925 -0.8925 -0.8925 -0.32 -0.32 -0.32 -1.2975 -1.2975 -1.2975 -1.1759465 -1.8955773 -1.8919386 -1.3054752 -1.3 -1.3 -1.1226592 0.10999999 0.11 0.10981778 -0.0325 -0.0325 -0.0325 -0.0325 -0.0325 -0.8075 -0.8075 -0.8075 -0.8075 -0.3825 -0.3825
1.3575 0.97749985 0.23976371 0.18 -0.6375 -0.225 -0.095 -0.5225 0.1825 -0.79497938 -0.84 -1.125 -0.91 -1.5775 -0.835 -1.23 -0.98935536 -0.98747022 -0.6 -0.1275 -0.1275 -1.1225 -1.4425 -1.4425 -0.8925 -0.89249714 -0.32 -0.32 -0.32 -1.2925 -1.1567023 -1.045 -1.045 -1.0450002 -1.3 -1.3 -1.3 -1.3 0.11 0.11 0.11 0.10999999 -0.0325 -0.0325 -0.0325 -0.0325 -0.0325 -0.80749022 -0.8075 -0.8075 -0.8075 -0.38256312 -0.3825
1.3575 -0.0074995461 0.24 -0.62134447 -0.6375 -0.9875 -1.0200389 -1.56 -1.8825 -0.76000049 -0.94652998 -1.0223736 -0.14 -0.835 -0.835 -1.0954838 -0.9875 -0.9875 -0.6 -0.6 -0.12750195 -1.1225 -0.5175 0.2025 -0.3925 -0.3924877 -0.32 -0.32 -1.2925 -1.2925 -1.045 -1.045 -1.045 -1.0294427 -1.3 -1.3 -1.3 0.11 0.11 0.11 0.11 0.10985352 -0.03250002 -0.0325 -0.0325 -0.0325 -0.0325 -0.03939846 -0.8075 -0.8075676 -2.315 -2.315 -2.315
-0.95 -0.595 -0.77499997 -0.39 -0.6425 -1.5025 -1.6425 -1.6319376 -1.08 -1.6425 -2.4125 -1.31 -1.3099992 -1.925 -1.925 -0.67496982 -0.675 -1.5825 -1.5825 -0.60000028 -0.775 -0.775 0.2025 -0.3925 -0.3925 -0.34 -0.9875 -0.9875 -0.83004339 -1.2925 -1.045 -1.045 -0.9625 -0.96248537 -0.82251003 -0.715 -0.715 -0.14523258 0.11 0.11 -1.4056074 -1.4075 -1.4074983 -1.2186843 -1.2398665 -1.2399997 -1.24 -1.2399996 -2.1071709 -2.315 -2.315 -2.315 -2.315
0.13500833 -0.71 -0.464678 -1.145 -1.385 -1.69 -1.2775 -1.6775 -2.2525 -2.2525 -2.4125 -2.06 -1.8799998 -1.925 -0.55000412 -0.55 -0.675 -0.4175 -0.9225 -0.9225 -0.40741339 0.005 0.005 -0.425 -0.34 -0.34 -0.9875 -0.9875 -0.8300609 -0.8311212 -0.63383836 -0.9625 -0.9625 -0.8225 -0.8225 -1.1820288 -0.715 -0.715 -1.1599846 -1.4074997 -1.4075 -1.4075 -1.4074909 -1.2400009 -1.24 -1.24 -1.24 -1.2400005 -2.1175 -2.3149609 -2.315 -2.315 -2.315
0.135 -0.95 -0.5225 -2.02 -1.3600378 -2 -2.5775 -2.69 -2.1975 -2.205 -2.205 -1.2425 -1.88 -1.88 -0.55912503 -0.909749 -0.945 -0.545 -1.0599999 -0.9225 -0.67242377 -0.5975 -0.4675 -0.082500002 -0.082513898 -1.16 -1.11 -1.11 -1.8713382 -1.875 -0.63 -1.0396262 -1.0025 -0.8225 -0.83718842 -1.5725 -1.5725 -1.16 -1.16 -1.4075 -1.4075 -1.4075 -1.4023701 -1.405 -1.24 -1.24 -1.24 -2.1174666 -2.1175 -2.1175 -2.315 -2.315 -2.315
-0.99968684 -0.94999999 -0.29 -1.8275 -1.395 -2.45 -1.7 -1.535 -2.3975 -1.6538894 -0.375 -1.3075 -1.3075 -0.875 -0.87500143 -0.58600335 -0.585 -0.585 -0.62361554 -0.88750012 -1.48 -1.48 -0.8575 -0.62119258 -1.0514164 -1.16 -1.1175 -1.11 -1.1298838 -1.13 -1.05 -0.81 -0.57328427 -1.5725 -1.3375 -1.7875 -1.4125 -0.8125 -0.76502193 -1.4043754 -0.7075 -0.985 -1.4048926 -1.405 -1.4040713 -1.24 -1.49 -2.1175 -2.1175 -2.1175 -2.1175 -2.1677699 -0.34
-1.2775 -1.2775 -0.0875 -0.4975 -2.0875 -1.0375 -1.4475 -2.4025 -1.8475 -1.4650272 -1.9125 -0.66 -0.875 -0.875 -1.0275 -1.0214309 -0.585 -0.5849613 -0.3875 -0.8875 -0.8875 -0.96383385 -0.8575 -0.74500213 -0.745 -0.745 -1.1175 -1.0825 -1.0825 -1.13 -1.13 -0.80910859 -0.34 -1.5725 -1.32 -1.7875 -1.4125 -1.85 -0.765 -0.57070089 -0.98499999 -0.89683855 -0.745 -1.405 -1.405 -1.49 -1.49 -1.49 -2.1175 -2.1175 -1.1325 -1.1325 -1.1324997
-1.2775 -1.2775 -1.055 -1.515 -1.5475 -0.3675 -1.775 -0.78907874 -0.6025 -0.6225 -0.7825 -0.2325 -0.65943119 -1.0275 -1.0275 -1.0274579 -0.6625 -0.64806671 -0.3875 -0.23 -0.23 0.1975 0.1975 -0.745 -0.745 -0.745 -1.0825 -1.0825 -1.0825 -1.035 -1.035 -1.0349989 -1.175 -1.175 -2.3075 -1.6725 -1.375 -1.0800093 -0.86 -0.5675 -0.5675 -0.7749999 -0.745 -1.405 -0.80000006 -0.7275 -0.7905255 -0.7875 -1.2975 -1.2975 -1.1325 -1.1325 -1.1325
-1.2775 -1.1815541 -1.2512984 -1.3049891 -1.1125 -1.05 -1.775 -0.7875 -0.60250154 -0.62227842 -0.23250051 -0.2325 -0.1875 -1.0275 -1.0275 -0.66250001 -0.6625 -0.66248435 -0.3875 -0.23 -0.1460477 0.1975 0.1975 -0.74496187 -0.745 -0.63570075 -0.4125 -0.4125 -0.41250008 -1.035 -1.035 -0.4975 -0.4975 -1.1750031 -2.3075 -0.9650007 -1.5032828 -1.08 -1.08 -0.56750001 -0.775 -0.775 -0.77500018 -0.8 -0.8 -0.7275 -0.7875 -0.7875 -1.2975 -1.2975 -1.1325 -1.1325 -1.1325
-0.4 -0.51476703 -0.4625386 -0.46860244 -1.1124999 -1.0500015 -1.775 -0.79965555 -0.61524839 -0.60302225 -0.1875 -0.1875 -0.1875 -0.1875 -1.027381 -0.6625 -0.6625 -0.65894931 -0.3875 -0.22982089 0.3925 0.3925 0.3925 0.3925 -0.7254802 -0.4125 -0.4125 -0.4125 -0.4125 -0.41280849 -0.4975 -0.4975 -0.4975 -0.4975 -0.965 -0.965 -0.965 -1.0757325 -1.0802253 -1.11 -1.11 -0.77501802 -1.1749872 -0.80003612 -0.8 -0.7275 -0.7875 -0.7875 -1.2975 -1.2975 -1.1330986 -1.1325 -1.2989389
-0.4 -0.4625 -0.4625 -0.4625 -0.4625 -0.46250025 -1.773144 -1.3077277 -0.64925993 -0.1879473 -0.1875 -0.1875 -0.1875 -0.1875 -0.18749937 -0.66250001 -0.66249996 -0.64363688 -0.3875013 0.3925 0.3925 0.3925 0.3925 0.3925 0.39692823 -0.20013579 -0.21500004 -0.215 -0.215 -0.215 -0.49749998 -0.4975 -0.49749907 0.2725 0.2725 -0.965 -0.13863704 -0.115 -1.1099994 -1.11 -1.11 -1.11 -1.175 -1.175 -1.175 -1.1718858 -1.0557308 -1.0575 -1.0575 -1.0575 -1.0575 -0.98500003 -0.985
-0.8725 -0.4625 -0.4625 -0.4625 -0.4625 -0.4625 -0.46250008 -0.95176992 0.69016093 0.6975 0.6975 0.6975 0.6975 0.6975 0.69749999 1.001055 -0.63597346 -0.6248429 0.39240184 0.3925 0.3925 0.3925 0.3925 0.39250042 0.5975 0.5975 0.59749886 -0.215 -0.215 -0.21305263 0.7575 0.7575 0.2725 0.2725 0.2725 -0.052926577 -0.115 -0.115 -0.115 -1.11 -1.11 -1.11 -1.175 -1.175 -1.175 -1.175 -1.0575 -1.0575 -1.0575 -1.0575 -1.0575 -0.985 -0.985
-0.8725 -0.71986166 -0.4625 -0.4625 -0.4625 -0.4625 0.52230668 0.5225 0.5225 0.6975 0.6975 0.6975 0.6975 0.6975 0.76588817 1.0075 1.0075 1.0075 0.74891187 0.74999964 0.75 0.75 0.75 0.75 0.5975 0.5975 0.5975 0.5975 -0.215 0.7575 0.7575 0.7575 0.27250004 0.2725 0.2725 0.2 -0.11458293 -0.115 -0.115 -1.1100251 -1.160859 -1.2794919 -1.175 -1.175 -1.7681638 -1.77 -1.77 -1.058152 -1.4511197 -1.4525 -1.4524999 -0.9949986 -0.98500002
-0.8725 0.2660771 -0.077905012 -0.4625 -0.4625 0.52191802 0.5225 0.5225 0.5225 0.5237611 0.6975 0.6975 0.6975 0.69750004 1.0075 1.0075 1.0075 1.0075 0.75023002 0.75 0.75 0.75 0.75 0.75 0.5975 0.5975 0.5975 0.5975 0.59808198 0.7575 0.7575 0.7575 0.88 0.27250729 0.2 0.2 0.2 0.19511234 -1.2062158 -1.28 -1.28 -1.28 -1.665 -1.665 -1.77 -1.77 -1.77 -1.4525 -1.4525 -1.4525 -1.4525 -0.995 -0.995
0.29683664 0.2975 0.2975 0.2975 0.7725 0.52250645 0.5225 0.5225 0.5225 0.5225 0.66059219 0.69749365 0.69749999 1.0075 1.0075 1.0075 1.0075 1.0075 0.98384131 0.75 0.75 0.75 0.75 0.75 0.83841856 1.0974973 1.0975 1.0975 1.0975 0.75750001 0.88 0.88 0.88 0.88 0.2 0.19998835 -0.2425 -0.2425 -1.2670453 -1.28 -1.28 -1.28 -1.665 -1.665 -1.7537424 -1.77 -1.77 -1.4525 -1.4525 -1.4525 -1.4475944 -0.995 -0.995
0.2975 0.2975 0.2975 0.52118459 0.7725 0.7725 0.5225 0.5225 0.5225 0.5225 0.21 0.21 0.21 1.0075 1.0075 1.0075 1.0075 1.007524 0.9525 0.9525 0.75000008 0.75 0.75279977 0.865 0.86709309 1.0975 1.0975 1.0975 1.0975 0.88002215 0.88 0.88 0.88 0.88 -0.24249844 -0.2425 -0.2425 -0.2425 -0.24617444 -1.28 -1.28 -1.28 -1.665 -1.665 -1.665 -1.77 -1.77 -1.4525 -1.4525 -1.4525 -0.995 -0.995 -0.995
0.2975 0.2975 0.2975 0.7725 0.7725 0.7725 0.77249962 0.5225 0.5225 0.21032259 0.21 0.21 0.21 0.21049688 1.1248662 1.1525 1.1525 1.1525 0.9525 0.9525 0.9525 0.865 0.865 0.865 0.86497829 0.93489746 1.0975 1.0975 1.0975 0.29341789 0.15257155 0.1525 0.1525 0.1525 -0.4257187 -0.684999 -0.685 -0.685 -0.685 -0.8225626 -0.8225 -0.8225 -1.665 -1.665 -1.0175027 -1.0175001 -1.2125 -1.2125 -1.0925 -1.0925 -1.0925 -0.995 -1.122386
0.29750046 0.2975 0.29750002 0.7725 0.7725 0.7725 0.77249999 0.12000012 0.52089065 0.21018816 0.21 0.21 0.21 0.21184944 1.1525 1.1525 1.1525 1.1524999 0.9525 0.9525 0.9525 0.865 0.865 0.865 0.7875 0.7875 0.8925 0.8925 0.8925 0.88846307 0.1525 0.1525 0.1525 0.1525 -0.26602009 -0.685 -0.685 -0.685 -0.685 -0.8225 -0.8225 -0.8225 -0.82863545 -1.0175 -1.0175 -1.0175 -1.2125 -1.2125 -1.0925 -1.0925 -1.0925 -1.1225 -1.1225
0.445 0.37541819 0.305 0.30513563 0.7725 0.12377534 0.12 0.12 0.21656034 0.4175 0.4175 0.4175 0.4175 1.3224705 1.3225 1.1525001 1.1525 1.1472303 0.9525 0.9525 0.9525 0.6825 0.6825 0.6825 0.7875 0.7875 0.8925 0.8925 0.8925 0.8924997 0.47499795 0.47499909 0.16060555 0.15284574 -0.90628816 -0.9075 -0.9075 -0.9075 -0.9075 -0.8225 -0.8225 -0.8225 -1.0067626 -1.0175 -1.0175 -1.0175 -1.2125 -1.2125 -1.2124957 -1.0925 -1.0925208 -1.5575 -1.1225
0.42750332 0.42749998 0.305 0.305 0.305 0.12 0.12 0.12 0.385 0.385 0.4175 0.4175 0.4175 1.3225 1.3225 1.3225 1.3225 1.3224583 0.9525 0.9525 0.95249999 0.6825 0.6825 0.6825 0.7875 0.7875 0.8925 0.8925 0.8925 0.47970734 0.475 0.475 0.475 0.475 -0.90681782 -0.9075 -0.9075 -0.9075 -0.9075 -0.73500002 -0.735 -0.735 -0.735 -1.0175016 -1.22 -1.22 -1.22 -1.695 -1.695 -1.695 -1.5575 -1.5575 -1.5575
0.4275 0.4275 0.305 0.305 0.305 0.12097239 0.12 0.385 0.385 0.385 0.417496 0.4175 0.64833773 1.3224999 1.3225 1.3225 1.3225 0.74 0.74 0.74 0.93999999 0.93999981 0.68250125 0.6825 0.68277107 1.09 1.09 1.0899995 0.89253192 0.51749153 0.51749977 0.51749258 0.47507264 0.47503668 -0.66124486 -0.90749996 -0.90713974 -0.8 -0.8 -0.735 -0.735 -0.735 -0.735 -1.22 -1.22 -1.22 -1.22 -1.695 -1.695 -1.695 -1.5575 -1.5575 -1.5575
0.4275 0.4275 0.305 0.305 0.305 0.305 0.21918176 0.385 0.385 0.385 0.385174 0.7 0.7 0.7 1.3188315 1.3225 0.74388164 0.74 0.74 0.74 0.94 0.94 0.94 0.94 1.09 1.09 1.09 1.09 1.09 0.5175 0.5175 0.5175 0.5175 0.51749854 -0.175 -0.8 -0.8 -0.8 -0.8 -0.80000143 -1.2625 -1.2625 -1.2625 -1.2389077 -1.19 -1.19 -1.19 -1.695 -1.6950001 -1.7525 -1.7525 -1.1451004 -1.145
0.4275 0.4275 0.3492139 0.305 0.305 0.305 0.24524843 0.3845588 0.385 0.385 0.6999999 0.7 0.7 0.7 0.7 0.75103027 0.74 0.74 0.74 0.74 0.93999845 0.94 0.94 0.94 1.09 1.09 1.09 1.09 1.09 0.50087348 0.5175 0.5175 0.5175 -0.175 -0.175 -0.17548533 -0.8 -0.8 -1.061692 -1.265 -1.2625 -1.2625 -1.2625 -1.23972 -1.19 -1.19 -1.19 -1.325 -1.7471734 -1.7525 -1.7525 -1.145 -1.145
0.335 0.335 0.335 0.31252182 0.3047381 0.245 0.245 0.245 0.245 0.235 0.235 0.69999997 0.7 0.7 0.7 0.70000249 0.74 0.74 0.74 0.74 0.85272649 0.94 0.94 0.96198315 1.7492751 1.09 1.09 1.09 0.495 0.495 0.495 0.49500009 -0.175 -0.175 -0.175 -0.175 -1.265 -1.265 -1.265 -1.265 -1.1275 -1.1275 -1.1275 -1.3349958 -1.335 -1.335 -1.335 -1.325 -1.325 -1.7519791 -1.7525 -1.1449998 -1.145
0.335 0.335 0.335 0.33498869 0.125 0.14244997 0.245 0.245 0.245 0.235 0.235 0.235 -0.44749995 -0.4475 -0.4475 -0.44749998 0.73787966 0.74 0.74 0.74 0.74307857 1.7799977 1.78 1.78 1.78 1.78 1.075 1.075 0.495 0.495 0.495 0.495 -0.17500008 -0.175 -0.175 -0.17500896 -1.265 -1.265 -1.265 -1.2643749 -1.1275 -1.1275 -1.1275 -1.3349904 -1.335 -1.335 -1.335 -1.325 -1.325 -1.325 -1.11 -1.11 -1.1175
0.335 0.335 0.335 0.12500048 0.125 0.125 0.24499995 0.245 0.245 0.235 0.235 0.235 -0.4475 -0.4475 -0.4475 -0.44521521 -0.4175 -0.4175 -0.41749701 0.73346215 1.78 1.78 1.78 1.78 1.78 1.7794695 1.075 1.075 1.075 0.495 0.495 0.49508689 -0.285 -0.285 -0.285 -0.7375 -0.7375 -1.1225 -1.1225 -1.1225 -0.7575 -1.1273839 -1.1275004 -1.1825 -1.1825 -1.1882796 -1.3349996 -1.325 -1.325 -1.11 -1.11 -1.11 -1.1175
0.335 0.335 0.335 0.125 0.125 0.125 0.125 0.245 0.245 0.235 0.235 -0.42020984 -0.4475 -0.4475 -0.4475 -0.4175 -0.4175 -0.4175 -0.4175 -0.4175 1.78 1.78 1.78 1.78 1.78 1.0750024 1.075 1.075 1.075 0.63 0.63 0.63 -0.285 -0.285 -0.285 -0.7375 -0.7375 -1.1225 -1.1225 -0.7575 -0.7575 -0.7575 -1.1825 -1.1825 -1.1825 -1.1825 -1.1837322 -1.1975 -1.1975 -1.1975 -1.11 -0.7975 -0.7975
0.335 0.335 0.33470757 0.125 0.125 0.125 0.125 0.14642026 0.1475 0.14765023 0.23499997 -0.44749581 -0.4475 -0.4475 -0.4474999 -0.4175 -0.4175 -0.4175 -0.4175 -0.4175 -0.46897234 1.78 1.78 1.78 1.7798847 1.0750082 1.075 1.075 1.075 0.63 0.63 0.63 0.62986622 -0.285 -0.7375 -0.7375 -0.7375 -0.73751563 -1.1224751 -0.7575 -0.7575 -0.7575 -1.1824742 -1.1825 -1.1825 -1.1825 -1.1975021 -1.1975 -1.1975 -1.1975 -0.7975 -0.7975 -0.7975
0.3975 0.39749989 0.12512007 0.125 0.125 0.125 0.14749521 0.1475 0.1475 0.1475 -0.39749999 -0.3975 -0.3975 -0.3975 -0.4174077 -0.4175 -0.4175 -0.4175 -0.4175 -0.56499991 -0.565 -0.565 1.2200001 1.22 1.22 1.22 1.2074846 1.075 0.42252672 0.4225 0.4225 0.4225 0.4225 -0.4525 -0.4525 -0.4525 -0.4525 -0.4525 -1.205 -1.205 -1.205 -1.205 -1.205 -1.4071608 -1.4075 -1.4075 -1.4075 -1.1975 -1.1975 -1.1975 -0.79756302 -0.7975 -0.7975
0.3975 0.3975 0.39526028 0.12999999 0.13 0.13001706 0.1475 0.1475 0.1475 0.1475 -0.3975 -0.3975 -0.3975 -0.3975 -0.3975 -0.4175 -0.4175 -0.4175 -0.56499996 -0.565 -0.565 -0.565 1.22 1.22 1.22 1.22 1.22 1.2199685 0.4227819 0.4225 0.4225 0.4225 0.42261324 -0.16904919 -0.4522065 -0.4525 -0.4525 -0.45249999 -1.205 -1.205 -1.205 -1.205 -1.205 -1.4075 -1.4075 -1.4075 -1.4075 -1.3092999 -1.1975 -0.65363631 -0.6475 -0.4725 -0.4725
0.3975 0.3975 0.13003388 0.13 0.13 0.13 0.13444493 0.1475 0.1475 0.1475 -0.3975 -0.3975 -0.3975 -0.3975 -0.3975 -0.41748824 -0.4175 -0.56495675 -0.565 -0.565 -0.565 -0.565 0.55873518 1.22 1.22 1.22 1.22 1.2199524 1.1525 1.1525 1.1525 1.1525 1.1525 0.0475 0.0475 0.0475 0.0475 0.0475 -1.165 -1.165 -1.165 -1.165 -1.165 -1.4055467 -1.4074996 -1.4075 -1.4073644 -1.3910735 -0.6475 -0.6475 -0.6475 -0.47250098 -0.4725
0.39749944 0.10089753 0.13 0.13 0.13 0.13 0.13 0.14749255 0.1475 0.1475 -0.3975 -0.3975 -0.3975 -0.3975 -0.78861546 -0.7975 -0.7975 -0.56500598 -0.565 -0.565 -0.565 -0.565 -0.5649998 1.22 1.22 1.22 1.22 1.6149996 1.6149998 1.5165688 1.1525 1.1525 1.1525 0.047500002 0.0475 0.0475 0.0475 0.047725197 -1.165 -1.165 -1.165 -1.165 -1.1649504 -0.6075 -0.6075 -0.6075 -0.6075 -0.60750323 -0.6475 -0.6475 -0.6475 -0.64750008 -0.7779345
0.095 0.095 0.053318279 0.13 0.13 0.13 0.13 0.13 0.14749074 -0.59499999 -0.595 -0.595 -0.59453129 -0.79749942 -0.7975 -0.7975 -0.7975 -0.7975 -0.56499601 -0.53089464 -0.2325 -0.2325 -0.2325 0.13428904 1.1691769 0.89723214 0.66835266 1.615 1.615 1.615 1.615 1.615 1.5918213 0.38760384 0.38 0.38 0.38 0.38 -1.0433643 -0.51750116 -0.5175 -0.5175 -0.5175 -0.41750056 -0.60749995 -0.6075 -0.6075 -0.04 -0.64749027 -0.6475 -0.6475 -0.7825 -0.7825
0.095 0.095 -0.23 -0.23 -0.23 0.12988008 0.13 0.13 -0.595 -0.595 -0.595 -0.595 -0.595 -0.79749999 -0.7975 -0.7975 -0.7975 -0.7975 -0.2325 -0.2325 -0.2325 -0.2325 -0.2325 0.58499996 0.585 0.585 0.585 1.615 1.615 1.615 1.615 1.615 1.0575 1.0575 0.38 0.38 0.38 0.4674851 0.4675 -0.5175 -0.5175 -0.5175 -0.51749997 -0.4175 -0.4175 -0.4175 -0.04 -0.04 -0.04 0.03 0.03 -0.7825 -0.7825
0.095 0.095 -0.23 -0.23 -0.23 -0.23 -0.23000078 -0.3725 -0.59479051 -0.595 -0.595 -0.595 -0.595 -0.794974 -0.7975 -0.7975 -0.7975 -0.7975 -0.23250001 -0.2325 -0.2325 -0.2325 -0.2325 0.585 0.585 0.585 0.585 0.58500417 1.615 1.615 1.615 1.0575292 1.0575 1.0575 1.0575 0.38 0.4675 0.4675 0.4675 0.4415828 -0.35732839 -0.3275 -0.3275 -0.4175 -0.4175 -0.4175 -0.04 -0.04 -0.04 0.03 0.03 0.03 0.2115237
