interpolatedSpi/05-06|20_3.tif
NCOLS 53
NROWS 52
XLLCORNER -116.03883
YLLCORNER 28.596182
DX 0.49850594
DY 0.49788537
NODATA_VALUE -9999
1.645 1.645 0.69661967 0.165 0.59 0.71 1.49 0.855 0.25796631 0.06 0.12 0.1 -0.28993042 0.555 -0.195 -0.195 -0.195 0.67 0.825 0.825 0.825 0.82500318 1.155 -0.015 -0.015 -0.015 1.1500016 1.15 1.15 0.575 0.575 0.575 0.575 1.4849998 1.485 1.485 1.485 1.485 1.485 1.485 1.9302032 1.9345506 0.17 0.17 0.17 0.17 0.17013883 0.255 0.255 0.255 1.1099982 1.11 1.11 
1.6449496 0.51 1.150001 1.169246 1.2048678 1.505 1.095 0.99084687 0.365 0.21 -0.175 -0.29 -0.29 0.49021674 0.55499259 -0.195 0.67 0.67 0.8247979 0.825 0.825 0.825 -0.023158749 -0.015 -0.015 -0.015 -0.20499999 -0.205 0.575 0.575 0.575 0.575 0.575 1.4849999 1.485 1.485 1.485 1.485 1.4849999 1.2416158 0.055051979 0.15604569 0.17 0.17 0.17 0.17 0.17 0.255 0.255 0.255 0.32589742 1.11 1.11 
2.279955 2.28 2.04 2.05 1.445 1.27 0.985 0.39 0.11 0.06 0.19 -1.285 -0.515 -0.615 0.49 0.665 0.67 0.67 0.67 1.0049477 1.005 1.005 -0.17 -0.015 -0.015 -0.015 -0.205 -0.205 -0.205 0.575 0.575 0.57499994 -0.017122083 1.480034 1.4703867 -0.070613351 -0.085 -0.085 -0.06739169 0.054999999 0.055 0.055147056 0.17 0.17 0.17 0.17 0.17 0.255 0.255 0.255 0.255 1.11 1.11 
1.59 2.2799998 1.3150268 1.35 0.51 1.09 1.97 -0.03 0.61 -0.02411132 -0.36 -0.545 -0.715 -0.615 0.46 0.665 0.0050878821 0.00046944076 0.24 1.005 1.005 -0.7 -0.17 -0.17 -0.015 -0.015000949 -0.205 -0.205 -0.205 -1.335 -0.96189915 -0.655 -0.655 -0.65499955 -0.085 -0.085 -0.085 -0.085 0.055 0.055 0.055 0.055000004 0.17 0.17 0.17 0.17 0.17 0.25499893 0.255 0.255 0.255 1.1099296 1.11 
1.59 0.69500114 1.315 1.457041 0.51 1.21 0.55502382 0.77 0.39 0.19000029 -0.10411948 -0.24492695 0.265 0.46 0.46 0.5867171 2.314102e-90 1.1751965e-12 0.24 0.24 1.0049965 -0.7 -0.7 -0.145 -0.3 -0.30011223 -0.205 -0.205 -1.335 -1.335 -0.655 -0.655 -0.655 -0.62577101 -0.085 -0.085 -0.085 0.055 0.055 0.055 0.055 0.054981659 0.17 0.17 0.17 0.17 0.17 0.17075661 0.255 0.25494171 -1.045 -1.045 -1.045 
-0.84 0.96 1.045 0.97 1.035 1.26 1.185 1.1318681 1.2 0.595 0.635 0.09 0.090000115 -0.285 -0.285 -0.030007243 -0.03 -0.165 -0.165 0.23999914 -1.48 -1.48 -0.145 -0.3 -0.3 -0.78 -1.645 -1.645 -0.43508187 -1.335 -0.655 -0.655 -0.5 -0.49993574 0.11495559 -1.125 -1.125 -0.31005994 0.055 0.055 -0.13476303 -0.135 -0.13499989 -0.7092008 -0.72490108 -0.72499976 -0.72499997 -0.72499968 -2.2011824 -1.045 -1.045 -1.045 -1.045 
-0.14500143 0.545 0.17420217 1 1.885 0.88 0.54 0.965 1.06 1.06 0.635 0.645 -0.82499989 -0.285 -0.060000674 -0.06 -0.03 -0.53 -0.74 -0.74 -1.3009193 -1.1 -1.1 -1.435 -0.78 -0.78 -1.645 -1.645 -0.43500641 -0.43511802 0.48680539 -0.5 -0.5 0.115 0.115 -1.302008 -1.125 -1.125 -1.4799877 -0.13500187 -0.135 -0.135 -0.13499975 -0.72499785 -0.725 -0.725 -0.725 -0.72500105 -2.485 -1.0452854 -1.045 -1.045 -1.045 
-0.145 -0.565 0.51 -0.21 -0.56497965 0.185 0.19 0.38500001 0.5 0.665 0.665 -0.505 -0.825 -0.825 -0.065248609 -0.39698008 -0.43 -0.15 -0.79999994 -0.74 -2.0093876 -2.02 -1.995 -1.225 -1.2249968 -0.975 -1.875 -1.8749999 -0.54461454 -0.54499998 0.49 0.59125534 0.56 0.115 0.093323885 -1.45 -1.45 -1.48 -1.48 -0.135 -0.135 -0.135 -0.33922573 -0.34000002 -0.725 -0.725 -0.725 -2.484933 -2.485 -2.485 -1.045 -1.045 -1.045 
-0.48914223 -0.56499999 0.06 0.145 0.37 0.095 0.505 1.645 1.11 0.95449967 -0.315 -0.215 -0.215 -0.87 -0.8699929 -0.61448439 -0.615 -0.615 -0.2492235 -1.945 -1.895 -1.895 -2.06 -2.0206154 -1.0001934 -0.975 -1.405 -1.875 -0.93052045 -0.925 0.6 1 0.53663836 -1.04 -0.645 -0.875 -0.93 -0.75 -0.8049746 -0.13475449 -0.08 -0.245 -0.33995686 -0.34 -0.34216699 -0.725 -1.7799999 -2.485 -2.485 -2.485 -2.485 -1.1944089 -1.4 
-0.065 -0.065 0.12 -0.165 0.38 0.81 0.415 1.135 1.425 0.91504693 0.31 -0.24 -0.87 -0.87 -0.115 -0.12185773 -0.615 -0.61505999 -0.935 -1.945 -1.945 -1.9385583 -2.06 -1.6850071 -1.685 -1.685 -1.405 -0.47 -0.47 -0.925 -0.925 0.99825511 0.08 -1.04 -0.405 -0.875 -0.93 -1.255 -0.805 0.55263429 -0.24499999 -0.1825523 -0.075 -0.34 -0.34 -1.78 -1.78 -1.78 -2.485 -2.485 -2.245 -2.245 -2.2449997 
-0.065 -0.065 -0.58 -0.77 -0.325 0.235 0.04000001 0.73508309 0.805 0.78 0.305 -0.525 -0.24038035 -0.115 -0.115 -0.11502942 -0.37 -0.39965385 -0.935 -0.535 -0.535 -1.045 -1.045 -1.685 -1.685 -1.685 -0.47 -0.47 -0.47 -1.345 -1.345 -1.3449977 -0.305 -0.305 -0.605 -0.975 -0.53 -1.0400029 -1.685 0.575 0.575 -0.050000082 -0.075 -0.34 -1.3849998 -1.37 -1.0581224 -1.055 -1.825 -1.825 -2.245 -2.245 -2.245 
-0.065 -0.28746236 -0.66107978 -1.0249832 -0.4 -0.555 0.04 0.735 0.80499942 0.78027697 -0.5249983 -0.525 -0.03 -0.115 -0.115 -0.36999999 -0.37 -0.37003216 -0.935 -0.535 -0.63515362 -1.045 -1.045 -1.6849737 -1.685 -1.5452942 -1.26 -1.26 -1.2599999 -1.345 -1.345 -1.325 -1.325 -0.30500082 -0.605 -0.87499985 -0.66710281 -1.04 -1.04 0.57499998 -0.05 -0.05 -0.050009659 -1.385 -1.385 -1.37 -1.055 -1.055 -1.825 -1.825 -2.245 -2.245 -2.245 
0.08 0.55055844 0.64994724 0.63787107 -0.40000073 -0.55499634 0.039999984 0.72644495 0.80017628 0.80434718 -0.03 -0.03 -0.03 -0.03 -0.11498796 -0.37 -0.37 -0.37729505 -0.935 -0.53499098 -0.495 -0.495 -0.495 -0.495 -1.664514 -1.26 -1.26 -1.26 -1.26 -1.2601284 -1.325 -1.325 -1.325 -1.325 -0.875 -0.875 -0.875 -1.0324467 -1.0389485 -0.9 -0.9 -0.05004572 -1.5749935 -1.3850183 -1.385 -1.37 -1.055 -1.055 -1.825 -1.825 -2.2434763 -2.245 -1.7300314 
0.08 0.65 0.65 0.65 0.65 0.64999949 0.038476974 0.36885721 0.78730704 -0.029101337 -0.03 -0.03 -0.03 -0.03 -0.029999805 -0.37 -0.37000009 -0.40875514 -0.9349907 -0.495 -0.495 -0.495 -0.495 -0.495 -0.51694406 -1.4511859 -1.5449999 -1.545 -1.545 -1.545 -1.325 -1.325 -1.3250004 -1.625 -1.625 -0.875 -0.87013904 -0.87 -0.89999998 -0.9 -0.9 -0.9 -1.575 -1.575 -1.575 -1.5735734 -2.2075181 -2.215 -2.215 -2.215 -2.215 -0.26000041 -0.26 
0.095 0.65 0.65 0.65 0.65 0.65 0.64999996 -0.083149213 0.24244203 0.24 0.24 0.24 0.24 0.24 0.24 -0.70552184 -0.37568392 -0.44736744 -0.49505513 -0.495 -0.495 -0.495 -0.495 -0.49500031 -1.51 -1.51 -1.51 -1.545 -1.545 -1.5453104 -1.7 -1.7 -1.625 -1.625 -1.625 -0.99094273 -0.87 -0.87 -0.87 -0.9 -0.9 -0.9 -1.575 -1.575 -1.575 -1.575 -2.215 -2.215 -2.215 -2.215 -2.215 -0.26 -0.26 
0.095 0.3016202 0.65 0.65 0.65 0.65 -0.79971541 -0.8 -0.79999997 0.24 0.24 0.24 0.24 0.24 0.027114249 -0.725 -0.725 -0.725 -0.76417782 -0.76499972 -0.765 -0.765 -0.765 -0.765 -1.51 -1.51 -1.51 -1.51 -1.545 -1.7 -1.7 -1.7 -1.625 -1.625 -1.625 -0.745 -0.8698345 -0.87 -0.87 -0.90007862 -1.0570646 -1.4234309 -1.575 -1.575 -1.1862036 -1.185 -1.185 -2.2118514 -0.30669206 -0.30000017 -0.30000036 -0.070028816 -0.25999961 
0.095000001 0.046343189 0.34384215 0.65 0.65 -0.79914327 -0.8 -0.8 -0.8 -0.79250546 0.24 0.24 0.24 0.23999988 -0.725 -0.725 -0.725 -0.725 -0.76496427 -0.765 -0.765 -0.765 -0.765 -0.765 -1.51 -1.51 -1.51 -1.51 -1.5106911 -1.7 -1.7 -1.7 -0.94500002 -1.6248941 -0.745 -0.745 -0.745 -0.74319553 -1.3898384 -1.425 -1.425 -1.425 -1.305 -1.305 -1.185 -1.185 -1.185 -0.30000001 -0.3 -0.3 -0.3 -0.07 -0.07 
0.045290885 0.045 0.045 0.044999996 -0.36 -0.79998865 -0.8 -0.8 -0.8 -0.8 0.24227085 0.24000039 0.24 -0.725 -0.725 -0.725 -0.725 -0.725 -0.78968602 -0.765 -0.765 -0.765 -0.765 -0.765 -1.0113286 -0.84000363 -0.84 -0.84 -0.84 -1.7 -0.94500001 -0.945 -0.945 -0.945 -0.745 -0.74499565 -0.58 -0.58 -1.4144489 -1.425 -1.425 -1.425 -1.305 -1.305 -1.2035801 -1.185 -1.185 -0.3 -0.3 -0.3 -0.2975338 -0.07 -0.07 
0.045 0.045 0.045 -0.14572054 -0.36 -0.36 -0.8 -0.8 -0.8 -0.8 0.27 0.27 0.27 -0.725 -0.725 -0.725 -0.725 -0.72506858 -1.7 -1.7 -0.76500038 -0.765 -0.77571215 -1.205 -1.2017141 -0.84 -0.84 -0.84 -0.84 -0.94498931 -0.945 -0.945 -0.945 -0.945 -0.58000058 -0.58 -0.58 -0.58 -0.58297569 -1.425 -1.425 -1.425 -1.305 -1.305 -1.305 -1.185 -1.185 -0.3 -0.3 -0.3 -0.07 -0.07 -0.07 
0.045 0.045 0.045 -0.36 -0.36 -0.36 -0.36000067 -0.8 -0.8 0.26889545 0.27 0.27 0.27 0.26938006 -1.0609103 -1.14 -1.14 -1.14 -1.7 -1.7 -1.7 -1.205 -1.205 -1.205 -1.2049664 -0.96850846 -0.84 -0.84 -0.84 -0.53193777 -0.44004967 -0.44 -0.44 -0.44 -0.60680551 -0.64499985 -0.645 -0.645 -0.645 -0.50512588 -0.505 -0.505 -1.305 -1.305 0.004994531 0.0050001452 0.415 0.415 0.45 0.45 0.45 -0.07 0.524468 
0.045001645 0.045 0.044999985 -0.36 -0.36 -0.36 -0.36 -0.1000002 -0.79720113 0.27014055 0.27 0.27 0.27 0.26723319 -1.14 -1.14 -1.14 -1.1400002 -1.7 -1.7 -1.7 -1.205 -1.205 -1.205 -1.085 -1.085 -0.98 -0.98 -0.98 -0.97705413 -0.44 -0.44 -0.44 -0.44 -0.54244373 -0.645 -0.645 -0.645 -0.645 -0.505 -0.505 -0.505 -0.48895345 0.005 0.005 0.005 0.415 0.415 0.45 0.45 0.45 0.525 0.525 
0.575 0.30774622 -0.395 -0.39498985 -0.36 -0.10150435 -0.1 -0.1 -0.034411847 0.42499999 0.425 0.425 0.425 -1.0699513 -1.07 -1.1399999 -1.14 -1.1547552 -1.7 -1.7 -1.7 -1.445 -1.445 -1.445 -1.085 -1.085 -0.98 -0.98 -0.98 -0.97999971 -0.57499914 -0.57499962 -0.44339302 -0.44014473 -0.7496462 -0.75 -0.75 -0.75 -0.75 -0.505 -0.505 -0.505 -0.023082172 0.005 0.005 0.0049999893 0.415 0.415 0.41500126 0.45 0.4499839 0.09 0.525 
-0.0098889067 -0.010000067 -0.395 -0.395 -0.395 -0.1 -0.1 -0.1 0.08 0.08 0.425 0.425 0.425 -1.07 -1.07 -1.07 -1.07 -1.0700702 -1.7 -1.7 -1.7 -1.445 -1.445 -1.445 -1.085 -1.085 -0.98 -0.98 -0.98 -0.5795664 -0.575 -0.575 -0.575 -0.575 -0.74991365 -0.75 -0.75 -0.75 -0.75 -0.47000001 -0.47 -0.47 -0.47 0.0049995397 -0.055 -0.055 -0.055 0.385 0.385 0.385 0.09 0.09 0.09 
-0.01 -0.01 -0.395 -0.395 -0.395 -0.10155057 -0.1 0.08 0.08 0.08 0.42495753 0.425 -0.45340908 -1.0699999 -1.07 -1.07 -1.07 -1.045 -1.045 -1.045 -1.23 -1.2300002 -1.444999 -1.445 -1.4445284 -0.82 -0.82 -0.82000038 -0.97997414 -0.19507573 -0.19500202 -0.19506634 -0.57435054 -0.57467206 -0.71858478 -0.75000007 -0.75063673 -0.94 -0.94 -0.47 -0.47 -0.47 -0.47 -0.055 -0.055 -0.055 -0.055 0.385 0.385 0.385 0.09 0.09 0.09 
-0.01 -0.01 -0.395 -0.395 -0.395 -0.395 -0.032631258 0.08 0.08 0.08 0.079596762 -0.65 -0.65 -0.65 -1.0675248 -1.07 -1.0451666 -1.045 -1.045 -1.045 -1.23 -1.23 -1.23 -1.23 -0.82 -0.82 -0.82 -0.82 -0.82 -0.195 -0.195 -0.195 -0.195 -0.19499981 -0.105 -0.94 -0.94 -0.94 -0.94 -0.94000025 -1.095 -1.095 -1.095 -0.79073718 -0.16 -0.16 -0.16 0.38499998 0.38499961 -0.015 -0.015 0.46490877 0.465 
-0.01 -0.01 -0.25604203 -0.395 -0.395 -0.39500002 -1.3524536 0.075477672 0.079999999 0.079999999 -0.65000009 -0.65 -0.65 -0.65 -0.65 -0.68448481 -1.045 -1.045 -1.045 -1.045 -1.2299986 -1.23 -1.23 -1.23 -0.82 -0.82 -0.82 -0.82 -0.82 -0.66423732 -0.195 -0.195 -0.195 -0.105 -0.105 -0.1056484 -0.94 -0.94 -0.81900262 -0.72500002 -1.095 -1.095 -1.095 -0.79448568 -0.16 -0.16 -0.16 0.065 -0.014003208 -0.015 -0.015 0.465 0.465 
-0.77 -0.77 -0.77 -0.48902281 -0.39594073 -1.355 -1.355 -1.355 -1.355 -1.065 -1.065 -0.65000003 -0.65 -0.65 -0.65 -0.65002503 -1.045 -1.045 -1.045 -1.045 -1.149272 -1.23 -1.23 -1.2212329 -0.89166034 -0.82 -0.82 -0.82 -0.83 -0.83 -0.83 -0.82999733 -0.105 -0.105 -0.105 -0.105 -0.725 -0.725 -0.725 -0.725 -0.68 -0.68 -0.68 -0.12501116 -0.125 -0.125 -0.12500001 0.065 0.065 -0.014902524 -0.015 0.46499839 0.465 
-0.77 -0.77 -0.77 -0.770014 -1.03 -1.0772603 -1.355 -1.355 -1.355 -1.065 -1.065 -1.065 -0.49000001 -0.49 -0.49 -0.49000002 -1.045403 -1.045 -1.045 -1.045 -1.047787 -0.89500092 -0.895 -0.895 -0.895 -0.89500001 -1.345 -1.345 -0.83 -0.83 -0.83 -0.83 -0.10500029 -0.105 -0.105 -0.10503217 -0.725 -0.725 -0.725 -0.72456132 -0.68 -0.68 -0.68 -0.12502574 -0.125 -0.125 -0.125 0.065 0.065 0.065000011 0.145 0.145 0.625 
-0.77 -0.77 -0.77 -1.0299994 -1.03 -1.03 -1.3549999 -1.355 -1.355 -1.065 -1.065 -1.065 -0.49 -0.49 -0.49 -0.54902365 -1.265 -1.265 -1.2649994 -1.0462426 -0.895 -0.895 -0.895 -0.895 -0.895 -0.89533865 -1.345 -1.345 -1.345 -0.83 -0.83 -0.83009977 -0.5 -0.5 -0.5 -0.85 -0.85 -0.625 -0.625 -0.625 -0.005 -0.67978827 -0.67999429 0.085 0.085 0.077041239 -0.12499912 0.065 0.065 0.145 0.145 0.145 0.625 
-0.77 -0.77 -0.77 -1.03 -1.03 -1.03 -1.03 -1.355 -1.355 -1.065 -1.065 -0.51299171 -0.49 -0.49 -0.49 -1.265 -1.265 -1.265 -1.265 -1.265 -0.895 -0.895 -0.895 -0.895 -0.895 -1.3449985 -1.345 -1.345 -1.345 -0.985 -0.985 -0.985 -0.5 -0.5 -0.5 -0.85 -0.85 -0.625 -0.625 -0.005 -0.005 -0.005 0.085 0.085 0.085 0.085 0.09608989 0.22 0.22 0.22 0.14500001 0.495 0.495 
-0.77 -0.77 -0.77036206 -1.03 -1.03 -1.03 -1.03 -0.91575859 -0.91 -0.91026611 -1.065 -0.49003308 -0.49 -0.49 -0.49000268 -1.265 -1.265 -1.265 -1.265 -1.265 -1.5567254 -0.895 -0.895 -0.895 -0.89515242 -1.3450163 -1.345 -1.345 -1.345 -0.985 -0.985 -0.985 -0.98493396 -0.5 -0.85 -0.85 -0.85 -0.84999059 -0.62495772 -0.005 -0.005 -0.005 0.084994536 0.085 0.085 0.085 0.22000129 0.22 0.22 0.22 0.495 0.495 0.495 
0.085 0.084998506 -1.0298239 -1.03 -1.03 -1.03 -0.91002553 -0.91 -0.91 -0.91 -0.885 -0.885 -0.885 -0.885 -1.2632461 -1.265 -1.265 -1.265 -1.265 -1.5849998 -1.585 -1.585 -1.6349999 -1.635 -1.635 -1.635 -1.6099693 -1.345 -1.4699949 -1.47 -1.47 -1.47 -1.47 -0.635 -0.635 -0.635 -0.635 -0.635 -0.01 -0.01 -0.01 -0.01 -0.0099999999 0.34960053 0.35 0.35 0.35 0.22 0.22 0.22 0.49495668 0.495 0.495 
0.085 0.085 0.086004378 0.20499752 0.20499973 0.2039122 -0.91 -0.91 -0.91 -0.91 -0.885 -0.885 -0.885 -0.885 -0.885 -1.265 -1.265 -1.265 -1.5849999 -1.585 -1.585 -1.585 -1.635 -1.635 -1.635 -1.635 -1.635 -1.6349385 -1.4699131 -1.47 -1.47 -1.47 -1.4699651 -0.55563377 -0.63491782 -0.635 -0.635 -0.635 -0.0099999999 -0.01 -0.01 -0.01 -0.0099999978 0.35 0.35 0.35 0.35 0.28920946 0.22 0.7341984 0.74 0.105 0.105 
0.085 0.085 0.2049848 0.205 0.205 0.205 -0.078205297 -0.91 -0.91 -0.91 -0.885 -0.885 -0.885 -0.885 -0.885 -1.2647112 -1.265 -1.5849062 -1.585 -1.585 -1.585 -1.585 -1.6164772 -1.635 -1.635 -1.635 -1.635 -1.6347238 -1.245 -1.245 -1.245 -1.245 -1.245 -0.495 -0.495 -0.495 -0.495 -0.495 0.43 0.43 0.43 0.43 0.43 0.35186787 0.35000039 0.35 0.35012967 0.36565932 0.74 0.74 0.74 0.10500356 0.105 
0.085001483 0.87430574 0.2050001 0.205 0.205 0.205 0.205 -0.90952524 -0.91 -0.91 -0.885 -0.885 -0.885 -0.885 -1.2761155 -1.285 -1.285 -1.5849923 -1.585 -1.585 -1.585 -1.585 -1.585 -1.635 -1.635 -1.635 -1.635 -1.3499999 -1.35 -1.3276534 -1.245 -1.245 -1.245 -0.495 -0.495 -0.495 -0.495 -0.49534541 0.43 0.43 0.43 0.43 0.43000843 1.115 1.115 1.115 1.115 1.1149698 0.74 0.74 0.74 0.73999978 0.37102359 
0.89 0.89 0.75081784 0.205 0.205 0.205 0.205 0.205 -0.90952302 -0.27000001 -0.27 -0.27 -0.27145952 -1.2849994 -1.285 -1.285 -1.285 -1.285 -1.5849999 -1.5839743 -1.575 -1.575 -1.575 -1.589638 -1.6233947 -1.5612971 -1.5088189 -1.35 -1.35 -1.35 -1.35 -1.35 -1.3428896 -1.0056734 -1.005 -1.005 -1.005 -1.005 0.45066337 0.5399998 0.54 0.54 0.54 0.775001 1.1149999 1.115 1.115 1.02 0.74000449 0.74 0.74 0.375 0.375 
0.89 0.89 0.805 0.805 0.805 0.20519986 0.205 0.205 -0.27 -0.27 -0.27 -0.27 -0.27 -1.285 -1.285 -1.285 -1.285 -1.285 -1.575 -1.575 -1.575 -1.575 -1.575 -1.49 -1.49 -1.49 -1.49 -1.35 -1.35 -1.35 -1.35 -1.35 -1.065 -1.065 -1.005 -1.005 -1.005 -0.43509707 -0.435 0.54 0.54 0.54 0.54000004 0.775 0.775 0.775 1.02 1.02 1.02 0.55 0.55 0.375 0.375 
0.89 0.89 0.805 0.805 0.805 0.805 0.80499693 0.245 -0.26951511 -0.27 -0.27 -0.27 -0.27 -1.2723388 -1.285 -1.285 -1.285 -1.285 -1.575 -1.575 -1.575 -1.575 -1.575 -1.49 -1.49 -1.49 -1.49 -1.4899994 -1.35 -1.35 -1.35 -1.0650149 -1.065 -1.065 -1.065 -1.005 -0.43500001 -0.435 -0.435 -0.40934592 0.7591822 0.8 0.8 0.775 0.775 0.775 1.02 1.02 1.02 0.55 0.55 0.55 0.32065702 
1.595 1.5949945 0.805 0.805 0.805 0.805 0.245 0.245 0.245 -0.27 -0.27 -0.27 -0.27 -0.27031553 -1.285 -1.285 -1.285 -1.285 -1.5749945 -1.575 -1.575 -1.575 -1.5049518 -1.49 -1.49 -1.49 -1.49 -1.2700002 -1.27 -1.27 -1.3491307 -1.065 -1.065 -1.065 -1.0649989 0.074999983 -0.435 -0.435 -0.435 -0.43499999 0.8 0.8 0.8 1.12 1.12 1.12 1.1049917 1.02 1.02 0.55 0.55 0.55 0.31500065 
1.595 1.595 0.805 0.805 0.805 0.245 0.245 0.245 0.245 -0.2135519 -0.27 -0.27 -0.27 -0.27000341 -0.76006042 -0.76 -0.76 -0.76 -0.55784688 -0.635 -0.635 -0.635 -0.635 -1.49 -1.49 -1.49 -1.4899855 -1.27 -1.27 -1.27 -1.27 -1.0648787 -0.42378298 0.075 0.075 0.075 -0.43152659 0.49498064 0.495 0.495 0.8002154 1.075 1.075 1.12 1.12 1.1199999 1.105 1.105 0.415 0.415 0.415 0.635 0.55 
1.595 1.595 1.145 1.145 1.145 0.245 0.245 0.245 0.245 -0.42 -0.42 -0.42 -0.42 -0.4439606 -0.76 -0.76 -0.76 -0.76 -0.555 -0.635 -0.635 -0.635 -0.635 -1.17 -1.1700001 -1.4899995 -1.27 -1.27 -1.27 -1.27 -0.80928953 -0.36 0.023240966 0.075 0.075 0.075 0.495 0.495 0.495 0.495 1.075 1.075 1.075 1.3499133 1.35 1.1061013 1.105 1.105 0.41500096 0.415 0.635 0.635 0.55 
1.595 1.145 1.145 1.145 1.145 1.145 0.24131263 -0.23 -0.23 -0.42 -0.42 -0.42 -0.42 -0.42008052 -0.76 -0.76 -0.76 -0.75073745 -0.555 -0.555 -0.635 -0.635 -1.17 -1.17 -1.17 -1.17 -1.27 -1.27 -1.27 -1.27 -0.36 -0.36 -0.36 0.074559816 0.075 0.075 0.495 0.495 0.495 0.495 1.075 1.075 1.075 1.35 1.35 1.349979 0.98 0.98 0.56 0.56 0.635 0.635 0.55 
1.1492261 1.145 1.145 1.145 1.145 1.145 -0.23 -0.23 -0.23 -0.33169594 -0.42 -0.42 -0.42 -0.41999818 -0.76 -0.76 -0.76 -0.555 -0.555 -0.555 -0.634996 -0.63500327 -1.17 -1.17 -1.17 -1.17 -1.2699929 -1.27 -1.27 -0.36020928 -0.36 -0.36 -0.36 -0.36 0.074610484 0.53 0.53 0.52939426 0.495 0.495 1.0749995 1.075 1.3420043 1.35 1.35 0.98000013 0.98 0.98 0.56 0.56 0.645 0.645 0.625 
1.145 1.145 1.145 1.145 1.145 1.145 -0.23 -0.23 -0.23 -0.23 -0.24000519 -0.24 -0.24 -0.24 -0.75999783 -0.38500921 -0.175 -0.175 -0.55429947 -0.555 -0.55500002 -1.1699992 -1.17 -1.17 -1.17 -1.17 -1.1700727 -1.27 -1.2699689 -0.36 -0.36 -0.36 -0.36 -0.36 0.53 0.53 0.53 0.53 0.53 0.52999963 0.425 0.425 0.42500016 0.9 0.9 0.9 0.77 0.77 0.575 0.575 0.645 0.64499996 0.625 
1.145 1.145 1.145 1.145 1.145 1.145 -0.23 -0.23 -0.23 -0.24 -0.24 -0.24 -0.24 -0.24 -0.22286616 -0.175 -0.175 -0.175 -0.175 -0.175 -0.19314375 -1.17 -1.17 -1.17 -1.17 -1.1478623 -0.46610473 -1.1603854 -0.36448765 -0.36 -0.36 -0.36 -0.36 -0.35999805 0.53 0.53 0.53 0.53 0.53 0.48115424 0.425 0.425 0.425 0.9 0.9 0.9 0.77 0.77 0.575 0.575 0.43 0.61424299 0.625 
1.145 1.145 1.145 1.145 1.145 1.1449996 -0.22999968 -0.23 -0.23041506 -0.24 -0.24 -0.24 -0.24 -0.24 -0.2368822 -0.175 -0.175 -0.175 -0.175 -0.175 -0.175 -0.57187253 -0.46500099 -0.465 -0.465 -0.465 -0.465 -0.465 0.17553896 0.18499355 0.18499999 0.185 0.185 0.18500025 0.53 0.53 0.53 0.53 0.53 0.42500001 0.425 0.425 0.425 0.42500021 0.89983166 0.795 0.77 0.31304446 0.57476343 0.43 0.43 0.43041573 0.45 
1.145 1.145 1.145 1.145 1.145 1.1449122 -0.22992584 -0.23000061 -0.23999999 -0.24 -0.24 -0.24 -0.24 -0.24 -0.23876319 -0.175 -0.175 -0.175 -0.175 -0.175 -0.175 -0.465 -0.465 -0.465 -0.465 -0.465 -0.465 -0.465 0.18482057 0.185 0.185 0.185 0.185 0.185 0.27952997 0.53 0.53 0.53 0.53 0.425 0.425 0.425 0.425 0.42509478 0.795 0.795 0.79192892 0.305 0.305 0.43 0.43 0.45 0.45 
1.145 1.145 1.145 1.145 1.145 1.1431663 -0.22836809 -0.23887156 -0.24 -0.24 -0.24 -0.24 -0.24 -0.24 -0.23886206 -0.175 -0.175 -0.175 -0.175 -0.175 -0.21629073 -0.465 -0.465 -0.465 -0.465 -0.465 -0.465 -0.465 0.18499739 0.185 0.185 0.185 0.185 0.185 0.185 0.53970786 0.55482289 0.56308241 0.56432987 0.41246566 0.425 0.425 0.425 0.79497045 0.795 0.79100064 0.12500086 0.305 0.305 0.34497274 0.345 0.345 0.44999995 
1.145 1.145 1.145 1.145 1.1449986 1.133533 -0.22123138 -0.23999725 -0.24 -0.24 -0.24 -0.24 -0.24 -0.24 -0.23848215 -0.175 -0.175 -0.175 -0.175 -0.175 -0.46499875 -0.465 -0.465 -0.465 -0.465 -0.465 -0.465 -0.465 0.18499982 0.185 0.185 0.185 0.185 0.185 0.18500008 0.565 0.565 0.565 0.565 0.23 0.23 0.23 0.23 0.12500194 0.125 0.125 0.125 0.12500109 0.22 0.22 0.345 0.345 0.23405079 
1.145 1.145 1.145 1.1449999 1.1449616 1.1076663 -0.23694633 -0.23999987 -0.24 -0.24 -0.24 -0.24 -0.24 -0.24 -0.2377935 -0.17500003 -0.175 -0.175 -0.175 -0.17674538 -0.465 -0.465 -0.465 -0.465 -0.465 -0.465 -0.465 -0.465 0.18499985 0.185 0.185 0.185 0.185 0.185 0.56499965 0.565 0.565 0.565 0.565 0.23 0.23 0.23 0.23 0.20166095 0.125 0.125 0.125 0.21999894 0.22 0.22 0.19 0.19 0.19 
1.145 1.145 1.1449999 1.1449969 1.1446236 1.0046797 -0.23968205 -0.23999997 -0.24 -0.24 -0.24 -0.24 -0.24 -0.24 -0.23686064 -0.17500153 -0.175 -0.175 -0.17500033 -0.45912414 -0.465 -0.465 -0.465 -0.465 -0.465 -0.465 -0.465 -0.465 0.18499939 0.185 0.185 0.185 0.185 0.45219532 0.565 0.565 0.565 0.565 0.565 0.23 0.23 0.23 0.23 0.23 0.125 0.125 0.125 0.22 0.22 0.22 0.19 0.19 0.19 
1.145 1.1449999 1.1449987 1.1449632 1.142741 0.33956472 -0.23990999 -0.23999998 -0.24 -0.24 -0.24 -0.24 -0.24 -0.23999988 -0.23575155 -0.17502374 -0.175 -0.17500001 -0.17650147 -0.46497534 -0.465 -0.465 -0.465 -0.465 -0.465 -0.465 -0.465 -0.46499962 0.18499593 0.185 0.18500026 0.51791206 0.55 0.55 0.55 0.565 0.565 0.565 0.565 0.23 0.23 0.23 0.23 0.23 0.12500186 0.125 0.12500005 0.21999999 0.22 0.21999998 0.19 0.19 0.19 
