interpolatedSpi/05-06|20_1.tif
NCOLS 53
NROWS 52
XLLCORNER -116.03883
YLLCORNER 28.596182
DX 0.49850594
DY 0.49788537
NODATA_VALUE -9999
[rows 0 to 29 of 52, columns 0 to 52 of 53]
0.41666667 0.41666667 0.067689465 -0.30666667 0.18666667 0.39333333 0.8 0.38333333 0.0051757173 -0.036666667 0.016666667 0.0066666667 -0.14329847 0.28 -0.096666667 -0.096666667 -0.096666667 0.30333333 0.50666667 0.50666667 0.50666667 0.50666593 0.43 0.086666667 0.086666667 0.086666667 1.0066671 1.0066667 1.0066667 0.45666667 0.45666667 0.45666667 0.45666667 1.0366666 1.0366667 1.0366667 1.0366667 1.0366667 1.0366667 1.0366667 1.781971 1.7896561 0.44 0.44 0.44 0.44 0.43932489 0.026666667 0.026666667 0.026666667 0.71666523 0.71666667 0.71666667
0.41665067 0.056666667 0.27666739 0.32264318 0.39644443 0.44666667 0.45333333 0.45689314 0.02 -0.036666667 -0.12 -0.14333333 -0.14333333 0.39959986 0.27999812 -0.096666667 0.30333333 0.30333333 0.50640155 0.50666667 0.50666667 0.50666667 0.085087554 0.086666667 0.086666667 0.086666667 -0.10999999 -0.11 0.45666667 0.45666667 0.45666667 0.45666667 0.45666667 1.0366666 1.0366667 1.0366667 1.0366667 1.0366667 1.0366666 0.8831792 0.14336026 0.40400181 0.44 0.44 0.44 0.44 0.44 0.026666667 0.026666667 0.026666667 0.083882127 0.71666667 0.71666667
1.2566221 1.2566667 0.90666667 1.0066667 0.36333333 0.42 0.31666667 0.066666667 -0.10666667 -0.10666667 -0.01 -0.79333333 -0.30666667 -0.36333333 0.4 0.51 0.30333333 0.30333333 0.30333333 0.67994961 0.68 0.68 0.056666667 0.086666667 0.086666667 0.086666667 -0.11 -0.11 -0.11 0.45666667 0.45666667 0.45666663 0.11487262 1.0334257 1.0267073 -0.02352842 -0.033333333 -0.033333333 -0.011113323 0.14333333 0.14333333 0.14371269 0.44 0.44 0.44 0.44 0.44 0.026666667 0.026666667 0.026666667 0.026666668 0.71666667 0.71666667
0.93 1.2566666 0.87332057 0.62333333 0.11333333 0.42666667 0.77 -0.28 0.09 -0.083053264 -0.13 -0.15 -0.43333333 -0.36333333 0.41 0.51 0.16267783 0.16010043 0.32 0.68 0.68 -0.16666667 0.056666667 0.056666667 0.086666667 0.086665684 -0.11 -0.11 -0.11 -0.66333333 -0.43837547 -0.25333333 -0.25333333 -0.25333316 -0.033333333 -0.033333333 -0.033333333 -0.033333333 0.14333333 0.14333333 0.14333333 0.14333334 0.44 0.44 0.44 0.44 0.44 0.026671881 0.026666667 0.026666667 0.026666667 0.71663204 0.71666667
0.93 0.2566678 0.87333333 0.68831293 0.11333333 0.31333333 0.23333217 0.3 -0.06 0.056666887 -0.14412736 -0.23993172 0.23666667 0.41 0.41 0.47141086 0.16 0.16 0.32 0.32 0.67999823 -0.16666667 -0.36 0.09 -0.08 -0.0800499 -0.11 -0.11 -0.66333333 -0.66333333 -0.25333333 -0.25333333 -0.25333333 -0.21247571 -0.033333333 -0.033333333 -0.033333333 0.14333333 0.14333333 0.14333333 0.14333333 0.14333784 0.44 0.44 0.44 0.44 0.44 0.43632082 0.026666667 0.026650076 -0.34333333 -0.34333333 -0.34333333
-0.47333333 0.32333333 0.57999999 0.66666667 0.62 0.70666667 0.51 0.48311399 0.67333333 0.32666667 0.11 0.063333333 0.063333448 0.013333333 0.013333333 0.20000483 0.2 0.12 0.12 0.31999952 -0.9 -0.9 0.09 -0.08 -0.08 -0.29333333 -1.0033333 -1.0033333 -0.28003468 -0.66333333 -0.25333333 -0.25333333 -0.036666667 -0.036622085 0.3899692 -0.41666667 -0.41666667 -0.02991545 0.14333333 0.14333333 0.1899418 0.19 0.18999994 -0.0053307579 -0.013283231 -0.013333212 -0.013333318 -0.013333175 -1.0094864 -0.34333333 -0.34333333 -0.34333333 -0.34333333
-0.49000095 0.12 0.019730174 0.66 1.17 0.25 0.14 0.32333333 0.54 0.54 0.11 0.11 -0.3 0.013333333 0.21999938 0.22 0.2 -0.13 -0.23 -0.23 -0.78218378 -0.65 -0.65 -0.90666666 -0.29333333 -0.29333333 -1.0033333 -1.0033333 -0.27999437 -0.27989628 0.4347522 -0.036666667 -0.036666667 0.39 0.39 -0.57642774 -0.41666667 -0.41666667 -0.65332513 0.18999883 0.19 0.19 0.18999966 -0.013332255 -0.013333333 -0.013333333 -0.013333333 -0.013334018 -1.16 -0.34349517 -0.34333333 -0.34333333 -0.34333333
-0.49 -0.32 0.26 -0.11 -0.32665425 0.14666667 0.13333333 0.14666668 0.32666667 0.18 0.18 -0.32 -0.3 -0.3 0.21643232 -0.13215936 -0.16666667 0.056666667 -0.27666662 -0.23 -1.1597796 -1.1566667 -1.1066667 -0.78666667 -0.78666409 -0.58666667 -1.2866667 -1.2866666 -0.18367207 -0.18333332 0.43666667 0.6534426 0.63 0.39 0.37431334 -0.71 -0.71 -0.65333333 -0.65333333 0.19 0.19 0.19 0.17972532 0.17999999 -0.013333333 -0.013333333 -0.013333333 -1.1599564 -1.16 -1.16 -0.34333333 -0.34333333 -0.34333333
-0.30937991 -0.32 -0.023333333 0.11 0.28 0.063333333 0.16666667 1.2033333 0.64 0.57620499 -0.093333333 -0.14333333 -0.14333333 -0.48 -0.47999614 -0.27636009 -0.27666667 -0.27666667 0.0057828175 -1.0433334 -1.1933333 -1.1933333 -1.1366667 -1.1184892 -0.60682139 -0.58666667 -0.84666667 -1.2866667 -0.54765284 -0.54333333 0.66 0.95666667 0.62593385 -0.41 -0.16 -0.35 -0.32333333 -0.28 -0.37995382 0.18989585 0.16666667 0.13333333 0.18001248 0.18 0.17891182 -0.013333333 -0.73666663 -1.16 -1.16 -1.16 -1.16 -0.49481738 -0.58333333
-0.25 -0.25 0.056666667 -0.12666667 0.26333333 0.73666667 0.43 0.69333333 0.95333333 0.56004858 0.15333333 -0.13666667 -0.48 -0.48 -0.07 -0.072834527 -0.27666667 -0.27669907 -0.44333333 -1.0433333 -1.0433333 -1.0626584 -1.1366667 -1.2466646 -1.2466667 -1.2466667 -0.84666667 -0.20333333 -0.20333333 -0.54333333 -0.54333333 0.95542122 0.3 -0.41 -0.01 -0.35 -0.32333333 -0.47333333 -0.38 0.4824585 0.13333333 0.17863852 0.25666667 0.18 0.18 -0.73666667 -0.73666667 -0.73666667 -1.16 -1.16 -1.56 -1.56 -1.5599996
-0.25 -0.25 -0.36666667 -0.35 -0.056666667 0.28333333 0.043333341 0.49347182 0.51666667 0.51333333 0.05 -0.36666667 -0.13697337 -0.07 -0.07 -0.070014997 -0.2 -0.21277127 -0.44333333 -0.27666667 -0.27666667 -0.66666667 -0.66666667 -1.2466667 -1.2466667 -1.2466667 -0.20333333 -0.20333333 -0.20333333 -0.96666667 -0.96666667 -0.96666458 -0.02 -0.02 -0.14666667 -0.36666667 -0.14 -0.38666871 -0.92666667 0.49666667 0.49666667 0.28999989 0.25666667 0.18 -0.69666646 -0.64666667 -0.47446745 -0.47333333 -1.1266667 -1.1266667 -1.56 -1.56 -1.56
-0.25 -0.30037759 -0.35955441 -0.45665832 -0.016666667 -0.17666667 0.043333333 0.49333333 0.51666647 0.51337026 -0.36666552 -0.36666667 0.016666667 -0.07 -0.07 -0.2 -0.2 -0.20001385 -0.44333333 -0.27666667 -0.35325473 -0.66666667 -0.66666667 -1.246643 -1.2466667 -1.0538179 -0.66 -0.66 -0.65999994 -0.96666667 -0.96666667 -0.73 -0.73 -0.020000347 -0.14666667 -0.30666656 -0.21803901 -0.38666667 -0.38666667 0.49666666 0.29 0.29 0.28999286 -0.69666667 -0.69666667 -0.64666667 -0.47333333 -0.47333333 -1.1266667 -1.1266667 -1.56 -1.56 -1.56
0.14333333 0.66193252 0.74995897 0.74126152 -0.016667464 -0.17666289 0.043333327 0.48779409 0.51505876 0.51657962 0.016666667 0.016666667 0.016666667 0.016666667 -0.069987723 -0.2 -0.2 -0.20314182 -0.44333333 -0.27669088 -0.35666667 -0.35666667 -0.35666667 -0.35666667 -1.2311178 -0.66 -0.66 -0.66 -0.66 -0.66023328 -0.73 -0.73 -0.73 -0.73 -0.30666667 -0.30666667 -0.30666667 -0.38308931 -0.38541491 -0.22 -0.22 0.28997257 -0.79999646 -0.69667662 -0.69666667 -0.64666667 -0.47333333 -0.47333333 -1.1266667 -1.1266667 -1.5584279 -1.56 -1.1447017
0.14333333 0.75 0.75 0.75 0.75 0.74999961 0.042770228 0.25625961 0.51076901 0.017205099 0.016666667 0.016666667 0.016666667 0.016666667 0.016666873 -0.2 -0.20000004 -0.21669101 -0.44332966 -0.35666667 -0.35666667 -0.35666667 -0.35666667 -0.35666667 -0.36826888 -0.79773512 -0.85666663 -0.85666667 -0.85666667 -0.85666667 -0.73 -0.73 -0.73000034 -1.01 -1.01 -0.30666667 -0.25805708 -0.25666667 -0.22000002 -0.22 -0.22 -0.22 -0.8 -0.8 -0.8 -0.79893294 -1.2681643 -1.2733333 -1.2733333 -1.2733333 -1.2733333 -0.56333354 -0.56333333
0.35666667 0.75 0.75 0.75 0.75 0.75 0.74999995 0.028606689 0.3041846 0.30333333 0.30333333 0.30333333 0.30333333 0.30333333 0.30333333 -0.25844451 -0.20113251 -0.23332049 -0.35667748 -0.35666667 -0.35666667 -0.35666667 -0.35666667 -0.35666675 -0.89333333 -0.89333333 -0.89333328 -0.85666667 -0.85666667 -0.85689361 -0.97 -0.97 -1.01 -1.01 -1.01 -0.37734244 -0.25666667 -0.25666667 -0.25666667 -0.22 -0.22 -0.22 -0.8 -0.8 -0.8 -0.8 -1.2733333 -1.2733333 -1.2733333 -1.2733333 -1.2733333 -0.56333333 -0.56333333
0.35666667 0.5031002 0.75 0.75 0.75 0.75 -0.27313249 -0.27333333 -0.27333332 0.30333333 0.30333333 0.30333333 0.30333333 0.30333333 0.17685199 -0.27 -0.27 -0.27 -0.42645328 -0.4266666 -0.42666667 -0.42666667 -0.42666667 -0.42666667 -0.89333333 -0.89333333 -0.89333333 -0.89333333 -0.85666667 -0.97 -0.97 -0.97 -1.01 -1.01 -1.01 -0.19 -0.2565784 -0.25666667 -0.25666667 -0.22006642 -0.35263235 -0.66200831 -0.8 -0.8 -0.82658437 -0.82666667 -0.82666667 -1.2715857 -0.21371587 -0.21000009 -0.2100002 -0.13339844 -0.56333246
0.35666667 0.43451822 0.59143891 0.75 0.75 -0.2727287 -0.27333333 -0.27333333 -0.27333333 -0.26917771 0.30333333 0.30333333 0.30333333 0.30333326 -0.27 -0.27 -0.27 -0.27 -0.42652672 -0.42666667 -0.42666667 -0.42666667 -0.42666667 -0.42666667 -0.89333332 -0.89333333 -0.89333333 -0.89333333 -0.89361219 -0.97 -0.97 -0.97 -0.55000001 -1.0099055 -0.19 -0.19 -0.19 -0.18912556 -0.6375714 -0.66333333 -0.66333333 -0.66333333 -0.79333333 -0.79333333 -0.82666667 -0.82666667 -0.82666667 -0.21000001 -0.21 -0.21 -0.21 -0.13333333 -0.13333333
0.43672106 0.43666667 0.43666667 0.43666666 -0.13 -0.27332964 -0.27333333 -0.27333333 -0.27333333 -0.27333333 0.28566787 0.30333029 0.30333333 -0.27 -0.27 -0.27 -0.27 -0.27 -0.31805461 -0.42666667 -0.42666667 -0.42666667 -0.42666667 -0.42666667 -0.5770202 -0.46333566 -0.46333333 -0.46333333 -0.46333333 -0.96999998 -0.55000001 -0.55 -0.55 -0.55 -0.19 -0.18999789 -0.11 -0.11 -0.65642414 -0.66333333 -0.66333333 -0.66333333 -0.79333333 -0.79333333 -0.82150552 -0.82666667 -0.82666667 -0.21 -0.21 -0.21 -0.20917793 -0.13333333 -0.13333333
0.43666667 0.43666667 0.43666667 0.16981488 -0.13 -0.13 -0.27333333 -0.27333333 -0.27333333 -0.27333333 0.07 0.07 0.07 -0.27 -0.27 -0.27 -0.27 -0.27001542 -0.83666667 -0.83666667 -0.42666683 -0.42666667 -0.43048084 -0.58333333 -0.58225303 -0.46333333 -0.46333333 -0.46333333 -0.46333333 -0.54999118 -0.55 -0.55 -0.55 -0.55 -0.11000028 -0.11 -0.11 -0.11 -0.11195533 -0.66333333 -0.66333333 -0.66333333 -0.79333333 -0.79333333 -0.79333333 -0.82666667 -0.82666667 -0.21 -0.21 -0.21 -0.13333333 -0.13333333 -0.13333333
0.43666667 0.43666667 0.43666667 -0.13 -0.13 -0.13 -0.13000022 -0.27333333 -0.27333333 0.069645581 0.07 0.07 0.07 0.069788163 -0.34554609 -0.36333333 -0.36333333 -0.36333334 -0.83666667 -0.83666667 -0.83666667 -0.58333333 -0.58333333 -0.58333333 -0.58336321 -0.58222551 -0.46333333 -0.46333333 -0.46333333 -0.31490601 -0.26336153 -0.26333333 -0.26333333 -0.26333333 -0.17663864 -0.26999964 -0.27 -0.27 -0.27 -0.38670452 -0.38666667 -0.38666667 -0.79333333 -0.79333333 -0.093336256 -0.093333218 0.23333333 0.23333333 0.28333333 0.28333333 0.28333333 -0.13333333 0.11311278
0.43666723 0.43666667 0.43666665 -0.13 -0.13 -0.13 -0.13 0.0099999176 -0.27220046 0.070247852 0.07 0.07 0.07 0.069149681 -0.36333333 -0.36333333 -0.36333333 -0.36333347 -0.83666667 -0.83666667 -0.83666667 -0.58333333 -0.58333333 -0.58333333 -0.69 -0.69 -0.62333333 -0.62333333 -0.62333333 -0.62136942 -0.26333333 -0.26333333 -0.26333333 -0.26333333 -0.26666488 -0.27 -0.27 -0.27 -0.27 -0.38666667 -0.38666667 -0.38666667 -0.37743728 -0.093333333 -0.093333333 -0.093333333 0.23333333 0.23333333 0.28333333 0.28333333 0.28333333 0.11333334 0.11333333
0.61666667 0.5130658 -0.18 -0.17998549 -0.13 0.0091899647 0.01 0.01 0.090163298 0.34333333 0.34333333 0.34333333 0.34333333 -0.40330903 -0.40333333 -0.36333336 -0.36333333 -0.37580497 -0.83666667 -0.83666667 -0.83666667 -0.78 -0.78 -0.78 -0.69 -0.69 -0.62333333 -0.62333333 -0.62333333 -0.62333314 -0.3633327 -0.36333305 -0.26584668 -0.26344054 -0.50971731 -0.51 -0.51 -0.51 -0.51 -0.38666667 -0.38666667 -0.38666667 -0.10948522 -0.093333333 -0.093333333 -0.093333347 0.23333333 0.23333333 0.23333513 0.28333333 0.2833156 -0.11333333 0.11333333
0.19341373 0.19333327 -0.18 -0.18 -0.18 0.01 0.01 0.01 0.23 0.23 0.34333333 0.34333333 0.34333333 -0.40333333 -0.40333333 -0.40333333 -0.40333333 -0.40338127 -0.83666667 -0.83666667 -0.83666666 -0.78 -0.78 -0.78 -0.69 -0.69 -0.62333333 -0.62333333 -0.62333333 -0.36626485 -0.36333333 -0.36333333 -0.36333333 -0.36333333 -0.50992763 -0.51 -0.51 -0.51 -0.51 -0.43666665 -0.43666667 -0.43666667 -0.43666667 -0.093333922 -0.17 -0.17 -0.17 0.21666667 0.21666667 0.21666667 -0.11333333 -0.11333333 -0.11333333
0.19333333 0.19333333 -0.18 -0.18 -0.18 0.0090013261 0.01 0.23 0.23 0.23 0.34331938 0.34333333 -0.16873149 -0.40333331 -0.40333333 -0.40333333 -0.40333333 -0.53666667 -0.53666667 -0.53666667 -0.69666667 -0.69666673 -0.77999959 -0.78 -0.77992533 -0.69666667 -0.69666667 -0.69666649 -0.62334518 -0.34666999 -0.34666676 -0.34666958 -0.36330485 -0.36331895 -0.48386818 -0.51000018 -0.51159742 -0.98666667 -0.98666667 -0.43666667 -0.43666667 -0.43666667 -0.43666667 -0.17 -0.17 -0.17 -0.17 0.21666667 0.21666667 0.21666667 -0.11333333 -0.11333333 -0.11333333
0.19333333 0.19333333 -0.18 -0.18 -0.18 -0.18 0.092339574 0.23 0.23 0.23 0.22971644 -0.28333333 -0.28333333 -0.28333333 -0.40262615 -0.40333333 -0.53577817 -0.53666667 -0.53666667 -0.53666667 -0.69666667 -0.69666667 -0.69666667 -0.69666667 -0.69666667 -0.69666667 -0.69666667 -0.69666667 -0.69666667 -0.34666667 -0.34666667 -0.34666667 -0.34666667 -0.34666718 -0.59 -0.98666667 -0.98666667 -0.98666667 -0.98666667 -0.98666635 -0.97333333 -0.97333333 -0.97333333 -0.70866329 -0.16 -0.16 -0.16 0.21666666 0.2166664 -0.053333333 -0.053333333 0.11327819 0.11333333
0.19333333 0.19333333 -0.045252882 -0.18 -0.18 -0.18000001 -0.60185456 0.22737379 0.23 0.23 -0.28333341 -0.28333333 -0.28333333 -0.28333333 -0.28333333 -0.29320703 -0.53666667 -0.53666667 -0.53666667 -0.53666667 -0.69666543 -0.69666667 -0.69666667 -0.69666667 -0.69666667 -0.69666667 -0.69666667 -0.69666667 -0.69666667 -0.76787182 -0.34666667 -0.34666667 -0.34666667 -0.59 -0.59 -0.59030802 -0.98666667 -0.98666667 -0.8234609 -0.69666669 -0.97333333 -0.97333333 -0.97333333 -0.71186601 -0.16 -0.16 -0.16 0.09 -0.051547414 -0.053333333 -0.053333333 0.11333333 0.11333333
-0.35333333 -0.35333333 -0.35333333 -0.22345943 -0.18067054 -0.60333333 -0.60333333 -0.60333333 -0.60333333 -0.64333333 -0.64333333 -0.28333336 -0.28333333 -0.28333333 -0.28333333 -0.28334939 -0.53666667 -0.53666667 -0.53666667 -0.53666667 -0.62684786 -0.69666667 -0.69666667 -0.69361345 -0.58519504 -0.69666667 -0.69666667 -0.69666667 -0.91666667 -0.91666667 -0.91666667 -0.91666427 -0.59 -0.59 -0.59 -0.59 -0.69666667 -0.69666667 -0.69666667 -0.69666667 -0.61333333 -0.61333333 -0.61333333 -0.11334339 -0.11333333 -0.11333333 -0.11333335 0.09 0.09 -0.05315869 -0.053333333 0.11333359 0.11333333
-0.35333333 -0.35333333 -0.35333333 -0.35334859 -0.63666667 -0.63181945 -0.60333333 -0.60333333 -0.60333333 -0.64333333 -0.64333333 -0.64333333 -0.39666666 -0.39666667 -0.39666667 -0.39666667 -0.53714905 -0.53666667 -0.53666667 -0.53666667 -0.53908647 -0.58000032 -0.58 -0.58 -0.58 -0.58000001 -0.97333333 -0.97333333 -0.91666667 -0.91666667 -0.91666667 -0.91666667 -0.59000012 -0.59 -0.59 -0.59001303 -0.69666666 -0.69666667 -0.69666667 -0.69536524 -0.61333333 -0.61333333 -0.61333333 -0.11335652 -0.11333333 -0.11333333 -0.11333333 0.09 0.09 0.09000001 0.16333333 0.16333333 0.26666667
-0.35333333 -0.35333333 -0.35333333 -0.63666601 -0.63666667 -0.63666667 -0.60333335 -0.60333333 -0.60333333 -0.64333333 -0.64333333 -0.64333333 -0.39666667 -0.39666667 -0.39666667 -0.42738435 -0.8 -0.8 -0.79999932 -0.53815404 -0.58 -0.58 -0.58 -0.58 -0.58 -0.580296 -0.97333333 -0.97333333 -0.97333333 -0.91666667 -0.91666667 -0.91663019 -0.75 -0.75 -0.75 -0.51333333 -0.51333333 -0.4 -0.4 -0.4 0.0033333333 -0.6131399 -0.6133292 -0.06 -0.06 -0.062021273 -0.11333285 0.09 0.09 0.16333333 0.16333333 0.16333333 0.26666667
-0.35333333 -0.35333333 -0.35333333 -0.63666667 -0.63666667 -0.63666667 -0.63666667 -0.60333333 -0.60333333 -0.64333333 -0.64333333 -0.40652978 -0.39666667 -0.39666667 -0.39666667 -0.8 -0.8 -0.8 -0.8 -0.8 -0.58 -0.58 -0.58 -0.58 -0.58 -0.97333199 -0.97333333 -0.97333333 -0.97333333 -0.86 -0.86 -0.86 -0.75 -0.75 -0.75 -0.51333333 -0.51333333 -0.4 -0.4 0.0033333333 0.0033333333 0.0033333333 -0.06 -0.06 -0.06 -0.06 -0.047404075 0.093333333 0.093333333 0.093333333 0.16333333 0.22 0.22
