interpolatedSpi/05-09|21_1.tif
NCOLS 53
NROWS 52
XLLCORNER -116.03883
YLLCORNER 28.596182
DX 0.49850594
DY 0.49788537
NODATA_VALUE -9999
[rows 0 to 29 of 52, columns 0 to 52 of 53]
-0.70166667 -0.70166667 -0.83461111 -0.83833333 -0.805 -0.90666667 -0.71666667 -0.675 -0.74816905 -0.76 -1.005 -0.87833333 -1.0166793 -1.17 -0.92166667 -0.92166667 -0.92166667 -0.51166667 -0.775 -0.775 -0.775 -0.77499483 -0.23833334 -1.135 -1.135 -1.135 -0.76999818 -0.77 -0.77 -0.48333333 -0.48333333 -0.48333333 -0.48333333 -0.88166659 -0.88166667 -0.88166667 -0.88166667 -0.88166667 -0.88166667 -0.88166667 -0.84539075 -0.84487534 -0.355 -0.355 -0.355 -0.355 -0.35469783 -0.17 -0.17 -0.17 0.22333252 0.22333333 0.22333333
-0.70168555 -1.1266667 -0.65833289 -0.68827153 -0.98492929 -0.51 -0.59166667 -0.7448453 -1.1033333 -0.92833333 -0.97 -1.0166667 -1.0166667 -0.95239469 -1.1699952 -0.92166667 -0.51166667 -0.51166667 -0.77465665 -0.775 -0.775 -0.775 -1.1483347 -1.135 -1.135 -1.135 -1.0633333 -1.0633333 -0.48333333 -0.48333333 -0.48333333 -0.48333333 -0.48333333 -0.88166661 -0.88166667 -0.88166667 -0.88166667 -0.88166667 -0.88166669 -0.88229785 -0.85168982 -0.41526681 -0.355 -0.355 -0.355 -0.355 -0.355 -0.17 -0.17 -0.17 -0.13738442 0.22333333 0.22333333
-0.91665246 -0.91666667 -0.27666667 -0.47333333 -0.45666667 -0.59166667 -0.28833333 -0.59333333 -0.79 -0.67833333 -0.95833333 -1.06 -0.93166667 -1.02 -0.95166667 -0.99833333 -0.51166667 -0.51166667 -0.51166667 -0.88996657 -0.89 -0.89 -1.3883333 -1.135 -1.135 -1.135 -1.0633333 -1.0633333 -1.0633333 -0.48333333 -0.48333333 -0.48333334 -0.54591534 -0.88208166 -0.8846607 -1.2003858 -1.2033333 -1.2033333 -1.1591029 -0.85166667 -0.85166667 -0.85103156 -0.355 -0.355 -0.355 -0.355 -0.355 -0.17 -0.17 -0.17 -0.17 0.22333333 0.22333333
-0.13833333 -0.91666659 -0.51331342 -0.10333333 -0.40333333 -0.42666667 -0.27333333 -0.38166667 -0.29 -0.76932676 -0.72833333 -0.91833333 -0.88166667 -1.02 -0.84166667 -0.99833333 -1.2712293 -1.2727997 -1.0983333 -0.89 -0.89 -1.3916667 -1.3883333 -1.3883333 -1.135 -1.1349996 -1.0633333 -1.0633333 -1.0633333 -0.70833333 -0.65620895 -0.61333333 -0.61333333 -0.6133338 -1.2033333 -1.2033333 -1.2033333 -1.2033333 -0.85166667 -0.85166667 -0.85166667 -0.85166665 -0.355 -0.355 -0.355 -0.355 -0.355 -0.17000233 -0.17 -0.17 -0.17 0.22330992 0.22333333
-0.13833333 0.089998893 -0.51333333 -0.66674406 -0.40333333 -0.27333333 -0.59832133 -0.55833333 -0.51833333 -0.48500012 -0.72942909 -0.84666213 -0.815 -0.84166667 -0.84166667 -0.95081267 -1.2733333 -1.2733333 -1.0983333 -1.0983333 -0.89000095 -1.3916667 -0.98666667 -0.73833333 -0.72333333 -0.72321337 -1.0633333 -1.0633333 -0.70833333 -0.70833333 -0.61333333 -0.61333333 -0.61333333 -0.67053379 -1.2033333 -1.2033333 -1.2033333 -0.85166667 -0.85166667 -0.85166667 -0.85166667 -0.85164237 -0.355 -0.355 -0.355 -0.355 -0.355 -0.35335327 -0.17 -0.1700145 -0.49333333 -0.49333333 -0.49333333
-0.945 -0.36333333 -0.57499999 -0.63833333 -0.745 -0.54666667 -0.77166667 -0.74435389 -0.52166667 -0.25666667 -0.36833333 -0.21 -0.2100004 -1.0716667 -1.0716667 -1.2532605 -1.2533333 -1.1233333 -1.1233333 -1.098333 -0.86333333 -0.86333333 -0.73833333 -0.72333333 -0.72333333 -0.21 -0.49666667 -0.49666667 -0.65333824 -0.70833333 -0.61333333 -0.61333333 -0.91666667 -0.9166247 -0.51502884 -0.79 -0.79 -0.83258868 -0.85166667 -0.85166667 -0.60031388 -0.6 -0.59999971 -0.75612513 -0.7632882 -0.76333322 -0.76333332 -0.76333317 -0.19270082 -0.49333333 -0.49333333 -0.49333333 -0.49333333
-0.083331561 -0.295 -0.1442955 -0.45333333 -0.60666667 -0.72833333 -0.39 -0.37666667 -0.44166667 -0.44166667 -0.36833333 -0.63666667 -0.96499994 -1.0716667 -0.95166703 -0.95166667 -1.2533333 -0.70833333 -0.705 -0.705 -0.82170493 -0.775 -0.775 -0.24500001 -0.21 -0.21 -0.49666667 -0.49666667 -0.65332945 -0.65326181 -0.53682134 -0.91666667 -0.91666667 -0.515 -0.515 -0.7682144 -0.79 -0.79 -0.9033294 -0.60000042 -0.6 -0.6 -0.59999768 -0.76333055 -0.76333333 -0.76333333 -0.76333333 -0.76333296 -0.14166667 -0.49326364 -0.49333333 -0.49333333 -0.49333333
-0.083333333 0.10666667 -0.135 -0.84 -0.98165855 -0.69833333 -0.325 -0.77166666 -0.775 -0.605 -0.605 -0.755 -0.965 -0.965 -0.95175815 -0.95773838 -0.95833333 -0.67666667 -0.58333346 -0.705 -0.59852236 -0.60333333 -0.48 -0.045000002 -0.044999312 0.0083333333 -0.495 -0.495 -0.58690028 -0.58666667 -0.53666667 -0.71371742 -0.78666667 -0.515 -0.51699648 -0.75 -0.75 -0.90333333 -0.90333333 -0.6 -0.6 -0.6 -0.26516392 -0.26500003 -0.76333333 -0.76333333 -0.76333333 -0.14169033 -0.14166667 -0.14166667 -0.49333333 -0.49333333 -0.49333333
0.066209189 0.10666667 0.24166667 -0.34833333 -0.325 -0.58666667 -0.60333333 -0.67666667 -0.815 -0.64089279 -0.59666667 -0.77166667 -0.77166667 -0.7 -0.69999861 -0.66747957 -0.66666667 -0.66666667 -0.66241919 -0.40000003 -0.54666667 -0.54666667 -0.52666667 -0.49839056 0.0029587415 0.0083333333 -0.46 -0.495 -0.37901128 -0.37833333 -0.69333333 -0.49 -0.33806611 -0.75333333 -0.585 -0.645 -0.66833333 -0.76833333 -0.70669514 -0.59947179 -0.48166667 -0.24666667 -0.26497504 -0.265 -0.26780489 -0.76333333 -0.63500001 -0.14166667 -0.14166667 -0.14166667 -0.14166667 -0.5012188 -0.045
-0.16 -0.16 0.43833333 -0.14833333 -0.25666667 -0.57666667 -0.85 -0.545 -0.56666667 -0.59667984 -0.82 -0.37 -0.7 -0.7 -0.55166667 -0.55324394 -0.66666667 -0.66660498 -0.39833333 -0.4 -0.4 -0.41889559 -0.52666667 -0.36333643 -0.36333333 -0.36333333 -0.46 0.083333333 0.083333333 -0.37833333 -0.37833333 -0.48942785 -0.18833333 -0.75333333 -0.41333333 -0.645 -0.66833333 -0.70833333 -0.70666667 -0.51974601 -0.24666668 -0.19707585 -0.11166667 -0.265 -0.265 -0.635 -0.635 -0.635 -0.14166667 -0.14166667 -0.55666667 -0.55666667 -0.55666647
-0.16 -0.16 -0.088333333 -0.44333333 -0.85666667 -0.09 -0.535 -0.79830044 -0.9 -0.64833333 -0.69166667 -0.77166667 -0.37053523 -0.55166667 -0.55166667 -0.5516459 -0.37166667 -0.37306626 -0.39833333 -0.68 -0.68 -0.37166667 -0.37166667 -0.36333333 -0.36333333 -0.36333333 0.083333333 0.083333333 0.083333333 -0.35333333 -0.35333333 -0.35333306 -0.37333333 -0.37333333 -0.62333333 -0.785 -0.49 -1.0216606 -0.89833333 -0.51666667 -0.51666667 -0.50333205 -0.11166667 -0.265 -0.47499998 -0.5 -0.29314532 -0.29166667 -0.27666667 -0.27666667 -0.55666667 -0.55666667 -0.55666667
-0.16 -0.12916011 -0.2398245 -0.71165898 -0.32666667 -0.6 -0.535 -0.79833333 -0.89999915 -0.65112149 -0.77166651 -0.77166667 -0.64 -0.55166667 -0.55166667 -0.37166667 -0.37166667 -0.37166818 -0.39833333 -0.68 -0.61944961 -0.37166667 -0.37166667 -0.36333448 -0.36333333 -0.34032296 -0.29333333 -0.29333333 -0.29333329 -0.35333333 -0.35333333 -0.45166667 -0.45166667 -0.37333402 -0.62333333 -0.69666672 -0.46167098 -1.0216667 -1.0216667 -0.51666667 -0.50333333 -0.50333333 -0.50333307 -0.475 -0.475 -0.5 -0.29166667 -0.29166667 -0.27666667 -0.27666667 -0.55666667 -0.55666667 -0.55666667
-0.80333333 -0.46156058 -0.48833133 -0.48994578 -0.32666822 -0.59999355 -0.535 -0.79509185 -0.89299413 -0.89342831 -0.64 -0.64 -0.64 -0.64 -0.55167918 -0.37166667 -0.37166667 -0.37201098 -0.39833333 -0.68015395 -1.2183333 -1.2183333 -1.2183333 -1.2183333 -0.3777347 -0.29333333 -0.29333333 -0.29333333 -0.29333333 -0.29342964 -0.45166667 -0.45166667 -0.45166667 -0.45166667 -0.69666667 -0.69666667 -0.69666667 -1.0051699 -1.0198141 -0.775 -0.775 -0.50334795 -0.8216548 -0.47503339 -0.475 -0.5 -0.29166667 -0.29166667 -0.27666667 -0.27666667 -0.55565086 -0.55666667 -0.40147578
-0.80333333 -0.48833333 -0.48833333 -0.48833333 -0.48833333 -0.48833338 -0.53516632 -0.65961273 -0.87430306 -0.64027374 -0.64 -0.64 -0.64 -0.64 -0.64000009 -0.37166667 -0.37166667 -0.37349582 -0.39833562 -1.2183333 -1.2183333 -1.2183333 -1.2183333 -1.2183333 -1.2038105 -0.44765493 -0.51499995 -0.515 -0.515 -0.515 -0.45166666 -0.45166667 -0.45166673 -0.50666667 -0.50666667 -0.69666667 -0.50384864 -0.49833333 -0.77499984 -0.775 -0.775 -0.775 -0.82166667 -0.82166667 -0.82166667 -0.81942816 -0.84806638 -0.85166667 -0.85166667 -0.85166667 -0.85166666 -0.34500004 -0.345
-1.1833333 -0.48833333 -0.48833333 -0.48833333 -0.48833333 -0.48833333 -0.48833334 -0.63462969 -0.76716573 -0.76666667 -0.76666667 -0.76666667 -0.76666667 -0.76666667 -0.76666667 -0.96909845 -0.3812172 -0.37531841 -1.2182302 -1.2183333 -1.2183333 -1.2183333 -1.2183333 -1.2183327 -0.54666667 -0.54666667 -0.54666662 -0.515 -0.515 -0.51455613 -0.29333333 -0.29333333 -0.50666667 -0.50666667 -0.50666667 -0.49966814 -0.49833333 -0.49833333 -0.49833333 -0.775 -0.775 -0.775 -0.82166667 -0.82166667 -0.82166667 -0.82166667 -0.85166666 -0.85166667 -0.85166667 -0.85166667 -0.85166667 -0.345 -0.345
-1.1833333 -0.92459273 -0.48833333 -0.48833333 -0.48833333 -0.48833333 -0.72828623 -0.72833333 -0.72833333 -0.76666667 -0.76666667 -0.76666667 -0.76666667 -0.76666667 -0.81225878 -0.97333333 -0.97333333 -0.97333333 -0.65006943 -0.64833391 -0.64833333 -0.64833333 -0.64833333 -0.64833333 -0.54666667 -0.54666667 -0.54666667 -0.54666667 -0.515 -0.29333333 -0.29333333 -0.29333333 -0.50666665 -0.50666667 -0.50666667 -0.26666667 -0.4980266 -0.49833333 -0.49833333 -0.77491277 -0.60098237 -0.19507181 -0.82166667 -0.82166667 -0.73194441 -0.73166667 -0.73166667 -0.85085903 -0.36171815 -0.36000004 -0.36000009 0.12326233 -0.34499905
-1.1833333 -0.8427334 -0.66291922 -0.48833333 -0.48833333 -0.72819153 -0.72833333 -0.72833333 -0.72833333 -0.72860957 -0.76666667 -0.76666667 -0.76666667 -0.76666669 -0.97333333 -0.97333333 -0.97333333 -0.97333333 -0.64862365 -0.64833333 -0.64833333 -0.64833333 -0.64833333 -0.64833333 -0.54666667 -0.54666667 -0.54666667 -0.54666667 -0.54574521 -0.29333333 -0.29333333 -0.29333333 -0.25166667 -0.5066361 -0.26666667 -0.26666667 -0.26666667 -0.26248841 -0.21263178 -0.19333333 -0.19333333 -0.19333333 -0.71166667 -0.71166667 -0.73166667 -0.73166667 -0.73166667 -0.36 -0.36 -0.36 -0.36 0.12333333 0.12333333
-0.83357101 -0.83333333 -0.83333333 -0.83333333 -0.7 -0.7283326 -0.72833333 -0.72833333 -0.72833333 -0.72833333 -0.76035764 -0.76666558 -0.76666666 -0.97333333 -0.97333333 -0.97333333 -0.97333333 -0.97333333 -0.93070515 -0.64833333 -0.64833333 -0.64833333 -0.64833333 -0.64833333 -0.57781945 -0.54166669 -0.54166667 -0.54166667 -0.54166667 -0.29333333 -0.25166667 -0.25166667 -0.25166667 -0.25166667 -0.26666667 -0.26665662 0.115 0.115 -0.18948333 -0.19333333 -0.19333333 -0.19333333 -0.71166667 -0.71166667 -0.72856998 -0.73166667 -0.73166667 -0.36 -0.36 -0.36 -0.35481741 0.12333333 0.12333333
-0.83333333 -0.83333333 -0.83333333 -0.77054468 -0.7 -0.7 -0.72833333 -0.72833333 -0.72833333 -0.72833333 -0.68333333 -0.68333333 -0.68333333 -0.97333333 -0.97333333 -0.97333333 -0.97333333 -0.9732284 -0.70166667 -0.70166667 -0.64833335 -0.64833333 -0.64711604 -0.59833333 -0.59782319 -0.54166667 -0.54166667 -0.54166667 -0.54166667 -0.2516962 -0.25166667 -0.25166667 -0.25166667 -0.25166667 0.11499866 0.115 0.115 0.115 0.11388997 -0.19333333 -0.19333333 -0.19333333 -0.71166667 -0.71166667 -0.71166667 -0.73166667 -0.73166667 -0.36 -0.36 -0.36 0.12333333 0.12333333 0.12333333
-0.83333333 -0.83333333 -0.83333333 -0.7 -0.7 -0.7 -0.70000004 -0.72833333 -0.72833333 -0.68337979 -0.68333333 -0.68333333 -0.68333333 -0.68351401 -0.4593501 -0.33833333 -0.33833333 -0.33833334 -0.70166667 -0.70166667 -0.70166667 -0.59833333 -0.59833333 -0.59833333 -0.59820728 -0.33535377 -0.54166667 -0.54166667 -0.54166667 -0.26241007 -0.25666617 -0.25666667 -0.25666667 -0.25666667 -0.070266545 -0.32999899 -0.33 -0.33 -0.33 -0.38664021 -0.38666667 -0.38666667 -0.71166667 -0.71166667 -0.57000059 -0.56999991 -0.31166667 -0.31166667 -0.045 -0.045 -0.045 0.12333333 0.23490016
-0.8333308 -0.83333333 -0.83333333 -0.7 -0.7 -0.7 -0.7 -0.43333342 -0.72715381 -0.68305828 -0.68333333 -0.68333333 -0.68333333 -0.68265635 -0.33833333 -0.33833333 -0.33833333 -0.33833344 -0.70166667 -0.70166667 -0.70166667 -0.59833333 -0.59833333 -0.59833333 -0.14833333 -0.14833333 -0.35666666 -0.35666667 -0.35666667 -0.35612114 -0.25666667 -0.25666667 -0.25666667 -0.25666667 -0.29331325 -0.33 -0.33 -0.33 -0.33 -0.38666667 -0.38666667 -0.38666667 -0.39243503 -0.57 -0.57 -0.57 -0.31166667 -0.31166667 -0.045 -0.045 -0.045 0.23499999 0.235
-0.016666667 -0.40541148 -0.80833333 -0.8083019 -0.7 -0.43487626 -0.43333333 -0.43333333 -0.43819172 -0.38 -0.38 -0.38 -0.38 0.098317762 0.098333331 -0.338333 -0.33833333 -0.34790663 -0.70166667 -0.70166667 -0.70166667 -2.4848052e-12 -3.3532052e-22 -5.1612631e-11 -0.14833333 -0.14833333 -0.35666667 -0.35666667 -0.35666667 -0.35666657 -0.22833351 -0.22833341 -0.25595455 -0.25663629 -0.61958338 -0.62 -0.62 -0.62 -0.62 -0.38666667 -0.38666667 -0.38666667 -0.55990509 -0.57 -0.57 -0.56999999 -0.31166667 -0.31166667 -0.31165707 -0.045 -0.045020197 -0.49666667 0.235
-0.3266078 -0.32666675 -0.80833333 -0.80833333 -0.80833333 -0.43333333 -0.43333333 -0.43333333 -0.44666667 -0.44666667 -0.38 -0.38 -0.38 0.098333333 0.098333333 0.098333333 0.098333333 0.098242893 -0.70166667 -0.70166667 -0.70166664 -1.2805372e-29 -5.3233263e-83 -7.219944e-43 -0.14833333 -0.14833333 -0.35666667 -0.35666667 -0.35666667 -0.2297803 -0.22833333 -0.22833333 -0.22833333 -0.22833333 -0.61980674 -0.62 -0.62 -0.62 -0.62 -0.385 -0.385 -0.385 -0.385 -0.56999974 -0.53666667 -0.53666667 -0.53666667 -0.69833333 -0.69833333 -0.69833333 -0.49666667 -0.49666667 -0.49666667
-0.32666667 -0.32666667 -0.80833333 -0.80833333 -0.80833333 -0.4353044 -0.43333333 -0.44666667 -0.44666667 -0.44666667 -0.38000821 -0.38 -0.21385131 0.098333271 0.098333333 0.098333333 0.098333333 -0.066666666 -0.066666667 -0.066666667 -0.41499999 -0.41499969 -2.021568e-06 -1.3064429e-13 -0.00036574108 -0.54666667 -0.54666667 -0.54666621 -0.35669737 -0.20167198 -0.20166681 -0.20167132 -0.22828776 -0.22831032 -0.55022521 -0.61999989 -0.61903932 -0.33333333 -0.33333333 -0.385 -0.385 -0.385 -0.385 -0.53666667 -0.53666667 -0.53666667 -0.53666667 -0.69833333 -0.69833333 -0.69833333 -0.49666667 -0.49666667 -0.49666667
-0.32666667 -0.32666667 -0.80833333 -0.80833333 -0.80833333 -0.80833333 -0.43832361 -0.44666667 -0.44666667 -0.44666667 -0.44651752 -0.17666667 -0.17666667 -0.17666667 0.096712695 0.098333333 -0.065567147 -0.066666667 -0.066666667 -0.066666667 -0.415 -0.415 -0.415 -0.415 -0.54666667 -0.54666667 -0.54666667 -0.54666667 -0.54666667 -0.20166667 -0.20166667 -0.20166667 -0.20166667 -0.20166689 -0.30833333 -0.33333333 -0.33333333 -0.33333333 -0.33333333 -0.33333365 -0.42666667 -0.42666667 -0.42666667 -0.55520341 -0.82166667 -0.82166667 -0.82166667 -0.69833334 -0.69833318 -0.53666667 -0.53666667 -0.40002352 -0.4
-0.32666667 -0.32666667 -0.63448549 -0.80833333 -0.80833333 -0.80833332 -0.35017154 -0.44636203 -0.44666667 -0.44666667 -0.17666663 -0.17666667 -0.17666667 -0.17666667 -0.17666667 -0.15410944 -0.066666667 -0.066666667 -0.066666667 -0.066666667 -0.41499731 -0.415 -0.415 -0.415 -0.54666667 -0.54666667 -0.54666667 -0.54666667 -0.54666667 -0.22753014 -0.20166667 -0.20166667 -0.20166667 -0.30833333 -0.30833333 -0.30835275 -0.33333333 -0.33333333 -0.26955177 -0.22000001 -0.42666667 -0.42666667 -0.42666667 -0.55182945 -0.82166667 -0.82166667 -0.82166667 0.10333333 -0.52869233 -0.53666667 -0.53666667 -0.4 -0.4
-0.32666667 -0.32666667 -0.32666667 -0.68756626 -0.8076017 -0.35 -0.35 -0.35 -0.35 0.0066666638 0.0066666667 -0.17666665 -0.17666667 -0.17666667 -0.17666667 -0.17665968 -0.066666667 -0.066666667 -0.066666667 -0.066666667 -0.26299863 -0.415 -0.415 -0.41055103 -0.25843288 -0.54666667 -0.54666667 -0.54666667 -0.23666667 -0.23666667 -0.23666667 -0.23666652 -0.30833333 -0.30833333 -0.30833333 -0.30833333 -0.22 -0.22 -0.22 -0.22 -0.335 -0.335 -0.335 -0.3300001 -0.33 -0.33 -0.33000016 0.10333333 0.10333333 -0.53588686 -0.53666667 -0.39999634 -0.4
-0.32666667 -0.32666667 -0.32666667 -0.32666577 -0.31 -0.31581666 -0.35 -0.35 -0.35 0.0066666667 0.0066666667 0.0066666667 0.15833332 0.15833333 0.15833333 0.15833332 -0.067045243 -0.066666667 -0.066666667 -0.066666667 -0.071939358 -0.24500047 -0.245 -0.245 -0.245 -0.245 -0.305 -0.305 -0.23666667 -0.23666667 -0.23666667 -0.23666667 -0.30833308 -0.30833333 -0.30833333 -0.30830455 -0.22 -0.22 -0.22 -0.22073845 -0.335 -0.335 -0.335 -0.33000023 -0.33 -0.33 -0.33 0.10333333 0.10333333 0.10333336 0.325 0.325 0.25833333
-0.32666667 -0.32666667 -0.32666667 -0.31000004 -0.31 -0.31 -0.34999998 -0.35 -0.35 0.0066666667 0.0066666667 0.0066666667 0.15833333 0.15833333 0.15833333 0.12545779 -0.27333333 -0.27333333 -0.2733328 -0.067833975 -0.245 -0.245 -0.245 -0.245 -0.245 -0.24504515 -0.305 -0.305 -0.305 -0.23666667 -0.23666667 -0.23682651 0.045 0.045 0.045 -0.57666666 -0.57666667 -0.38833333 -0.38833333 -0.38833333 -0.185 -0.33495295 -0.33499789 -0.051666667 -0.051666667 -0.062215184 -0.32999853 0.10333333 0.10333333 0.325 0.325 0.325 0.25833333
-0.32666667 -0.32666667 -0.32666667 -0.31 -0.31 -0.31 -0.31 -0.35 -0.35 0.0066666667 0.0066666667 0.15226885 0.15833333 0.15833333 0.15833333 -0.27333333 -0.27333333 -0.27333333 -0.27333333 -0.27333333 -0.245 -0.245 -0.245 -0.245 -0.245 -0.3049998 -0.305 -0.305 -0.305 -0.485 -0.485 -0.485 0.045 0.045 0.045 -0.57666667 -0.57666667 -0.38833333 -0.38833333 -0.185 -0.185 -0.185 -0.051666667 -0.051666667 -0.051666667 -0.051666667 -0.025790256 0.26333333 0.26333333 0.26333333 0.325 0.42833333 0.42833333
