interpolatedSpi/05-08|21_3.tif
NCOLS 53
NROWS 52
XLLCORNER -116.03883
YLLCORNER 28.596182
DX 0.49850594
DY 0.49788537
NODATA_VALUE -9999
[rows 0 to 39 of 52, columns 0 to 52 of 53]
-0.97 -0.97 -1.2314979 -1.21 -0.8825 -1.6025 -1.34 -1.2125 -0.850956 -0.8375 -1.28 -0.59 -1.1549916 -1.0525 -1.6225 -1.6225 -1.6225 -0.12 -0.6475 -0.6475 -0.6475 -0.64749518 -0.14750001 -1.2325 -1.2325 -1.2325 0.0099932717 0.01 0.01 -0.145 -0.145 -0.145 -0.145 -0.48999993 -0.49 -0.49 -0.49 -0.49 -0.49 -0.49000001 -0.9500455 -0.95496184 -0.805 -0.805 -0.805 -0.805 -0.80415883 -0.29 -0.29 -0.29 0.78249777 0.7825 0.7825
-0.97001955 -1.41 -1.464999 -1.4200927 -1.6648622 -0.8025 -1.05 -0.78249761 -1.0475 -1.2175 -0.955 -1.155 -1.155 -0.57160888 -1.0524992 -1.6225 -0.12 -0.12 -0.64681221 -0.6475 -0.6475 -0.6475 -1.2411851 -1.2325 -1.2325 -1.2325 -0.99500002 -0.995 -0.145 -0.145 -0.145 -0.145 -0.145 -0.48999995 -0.49 -0.49 -0.49 -0.49 -0.49000006 -0.67628767 -1.6199357 -0.90389356 -0.805 -0.805 -0.805 -0.805 -0.805 -0.29 -0.29 -0.29 -0.20106727 0.7825 0.7825
-1.6399692 -1.64 -0.6175 -0.9275 -0.59 -0.8675 -0.155 -0.1925 -0.7925 -0.6375 -0.7475 -0.875 -0.485 -1.19 -0.57 -1.4675 -0.12 -0.12 -0.12 -0.89492805 -0.895 -0.895 -1.3975 -1.2325 -1.2325 -1.2325 -0.995 -0.995 -0.995 -0.145 -0.145 -0.14500002 -0.30626902 -0.4917277 -0.49807457 -1.3495507 -1.3575 -1.3575 -1.3905156 -1.62 -1.62 -1.6189578 -0.805 -0.805 -0.805 -0.805 -0.805 -0.29 -0.29 -0.29 -0.29 0.7825 0.7825
0.085 -1.6399998 -0.86744485 -0.075 -0.52 -0.625 -0.1325 -0.2175 -0.21 -0.63027468 -0.8025 -0.7275 -0.8675 -1.19 -1.0775 -1.4675 -1.7329534 -1.7338684 -1.505 -0.895 -0.895 -1.4125 -1.3975 -1.3975 -1.2325 -1.2324988 -0.995 -0.995 -0.995 -0.7625 -0.60749854 -0.48 -0.48 -0.48000069 -1.3575 -1.3575 -1.3575 -1.3575 -1.62 -1.62 -1.62 -1.62 -0.805 -0.805 -0.805 -0.805 -0.805 -0.2900065 -0.29 -0.29 -0.29 0.78244227 0.7825
0.085 0.7124971 -0.8675 -1.0973101 -0.52 -0.38 -0.88999012 -0.4775 -0.73 -0.57250024 -0.83440701 -0.95755085 -1.3125 -1.0775 -1.0775 -1.3426511 -1.735 -1.735 -1.505 -1.505 -0.89500101 -1.4125 -1.265 -0.7825 -0.835 -0.83486264 -0.995 -0.995 -0.7625 -0.7625 -0.48 -0.48 -0.48 -0.51064308 -1.3575 -1.3575 -1.3575 -1.62 -1.62 -1.62 -1.62 -1.6199648 -0.80500001 -0.805 -0.805 -0.805 -0.805 -0.80041586 -0.29 -0.29003116 -0.985 -0.985 -0.985
-1.6725 -0.285 -0.7925 -0.73 -1.4525 -0.98 -1.0975 -1.0181222 -0.8225 -0.22 -0.5025 -0.335 -0.33500064 -1.305 -1.305 -1.6123992 -1.6125 -1.6 -1.6 -1.5049992 -1.17 -1.17 -0.7825 -0.835 -0.835 -0.2475 -0.265 -0.265 -0.36003638 -0.7625 -0.48 -0.48 -0.6425 -0.64246865 -0.34252183 -1.5625 -1.5625 -1.6022111 -1.62 -1.62 -1.2554552 -1.255 -1.254999 -1.6645539 -1.6799033 -1.6799998 -1.68 -1.6799997 -0.97174549 -0.985 -0.985 -0.985 -0.985
-0.42249315 -0.53 0.16938738 -0.8725 -1.5 -1.63 -1.1175 -0.7525 -0.52 -0.52 -0.5025 -1.0425 -1.09 -1.305 -1.1950003 -1.195 -1.6125 -0.985 -0.615 -0.615 -1.1605747 -1.15 -1.15 -0.08250001 -0.2475 -0.2475 -0.265 -0.265 -0.35999242 -0.35986052 -0.19510868 -0.6425 -0.6425 -0.3425 -0.3425 -1.5733928 -1.5625 -1.5625 -1.5475005 -1.2550004 -1.255 -1.255 -1.2549939 -1.6799966 -1.68 -1.68 -1.68 -1.6799996 -0.9925 -0.98500149 -0.985 -0.985 -0.985
-0.4225 0.035 0.41 -1.2075 -1.3549915 -1.2425 -0.7425 -1.5475 -1.2575 -0.755 -0.755 -1.1 -1.09 -1.09 -1.1942796 -1.2337072 -1.2375 -0.825 -1.1924994 -0.615 0.075920292 0.0825 0.195 0.3925 0.39250094 0.465 -0.3 -0.29999999 -0.23045554 -0.23 -0.195 -1.1969199 -1.2575 -0.3425 -0.36232224 -1.5825 -1.5825 -1.5475 -1.5475 -1.255 -1.255 -1.255 -1.0709325 -1.0725 -1.68 -1.68 -1.68 -0.99252617 -0.9925 -0.9925 -0.985 -0.985 -0.985
-0.09357892 0.035000003 0.45 -0.0775 -0.5325 -1.1675 -1.0925 -1.2975 -1.2575 -1.1598139 -0.96 -0.8075 -0.8075 -0.96 -0.96000087 -1.0530156 -1.0525 -1.0525 -0.88109943 -0.57499988 0.005 0.0050000009 0.0075 0.12110933 0.45769391 0.465 -0.3625 -0.3 -0.44664288 -0.4475 -1.18 -0.2475 -0.32179263 -0.9875 -1.0375 -1.015 -1.2025 -1.29 -1.2100369 -1.2530694 -0.8225 -0.7975 -1.0724247 -1.0725 -1.0759193 -1.68 -1.305 -0.9925 -0.9925 -0.9925 -0.9925 -1.0080339 -0.2925
-0.8125 -0.8125 0.7425 0.0575 -0.535 -1.19 -1.6225 -1.465 -1.3225 -1.1350519 -1.285 -0.1425 -0.96 -0.96 -1.0525 -1.0525 -1.0525 -1.0524883 -0.9975 -0.575 -0.575 -0.50027653 0.0075 -0.017499527 -0.0175 -0.0175 -0.3625 0.49 0.49 -0.4475 -0.4475 -0.24777975 -0.395 -0.9875 -0.245 -1.015 -1.2025 -1.015 -1.21 -1.1116207 -0.7975 -0.72862386 -0.61 -1.0725 -1.0725 -1.305 -1.305 -1.305 -0.9925 -0.9925 -1.17 -1.17 -1.1699997
-0.8125 -0.8125 -0.175 -0.9625 -1.1575 -0.2875 -1.015 -1.4049922 -1.265 -1.185 -0.885 -0.865 -0.14346307 -1.0525 -1.0525 -1.052498 -1.035 -1.0330318 -0.9975 -1.3575 -1.3575 -0.49 -0.49 -0.0175 -0.0175 -0.0175 0.49 0.49 0.49 -0.4725 -0.4725 -0.47249987 -0.7675 -0.7675 -1.075 -1.7075 -1.145 -1.999984 -1.65 -1.11 -1.11 -1.0574985 -0.61 -1.0725 -1.7624999 -1.835 -0.89676577 -0.895 -1.055 -1.055 -1.17 -1.17 -1.17
-0.8125 -0.53743649 -0.51105434 -1.2249854 -0.255 -1.155 -1.015 -1.405 -1.2650012 -1.1858863 -0.86500042 -0.865 -1 -1.0525 -1.0525 -1.035 -1.035 -1.0349979 -0.9975 -1.3575 -1.1871406 -0.49 -0.49 -0.017519656 -0.0175 -0.13008645 -0.36 -0.36 -0.35999989 -0.4725 -0.4725 -1.1925 -1.1925 -0.76750084 -1.075 -1.2625002 -0.98063738 -2 -2 -1.11 -1.0575 -1.0575 -1.057505 -1.7625 -1.7625 -1.835 -0.895 -0.895 -1.055 -1.055 -1.17 -1.17 -1.17
-2.515 -1.1648989 -1.2374889 -1.2373938 -0.25500475 -1.1549788 -1.015 -1.4001993 -1.2746474 -1.262911 -1 -1 -1 -1 -1.0524926 -1.035 -1.035 -1.0345158 -0.9975 -1.3574391 -1.155 -1.155 -1.155 -1.155 -0.037028258 -0.36 -0.36 -0.36 -0.36 -0.36015897 -1.1925 -1.1925 -1.1925 -1.1925 -1.2625 -1.2625 -1.2625 -1.9622469 -1.9988922 -1.8525 -1.8525 -1.0575428 -1.8349975 -1.762507 -1.7625 -1.835 -0.895 -0.895 -1.055 -1.055 -1.1695828 -1.17 -0.31865373
-2.515 -1.2375 -1.2375 -1.2375 -1.2375 -1.2375 -1.0153582 -1.1995153 -1.3003859 -1.0002835 -1 -1 -1 -1 -1.0000002 -1.035 -1.035 -1.0324278 -0.99750103 -1.155 -1.155 -1.155 -1.155 -1.155 -1.1475932 -0.60133863 -0.69749993 -0.6975 -0.6975 -0.6975 -1.1925 -1.1925 -1.1925 -1.23 -1.23 -1.2625 -1.4034678 -1.4075 -1.8524997 -1.8525 -1.8525 -1.8525 -1.835 -1.835 -1.835 -1.835 -1.6477667 -1.6525 -1.6525 -1.6525 -1.6525 -0.66000011 -0.66
-2.515 -1.2375 -1.2375 -1.2375 -1.2375 -1.2375 -1.2375 -1.255404 -1.3350113 -1.335 -1.335 -1.335 -1.335 -1.335 -1.335 -1.72441 -1.0460657 -1.0298651 -1.1549802 -1.155 -1.155 -1.155 -1.155 -1.1550003 -0.8125 -0.8125 -0.81249984 -0.6975 -0.6975 -0.69765519 -0.775 -0.775 -1.23 -1.23 -1.23 -1.3790663 -1.4075 -1.4075 -1.4075 -1.8525 -1.8525 -1.8525 -1.835 -1.835 -1.835 -1.835 -1.6525 -1.6525 -1.6525 -1.6525 -1.6525 -0.66 -0.66
-2.515 -2.0394013 -1.2375 -1.2375 -1.2375 -1.2375 -1.6274235 -1.6275 -1.6275 -1.335 -1.335 -1.335 -1.335 -1.335 -1.4226913 -1.7325 -1.7325 -1.7325 -1.3793155 -1.3799998 -1.38 -1.38 -1.38 -1.38 -0.8125 -0.8125 -0.8125 -0.8125 -0.6975 -0.775 -0.775 -0.775 -1.23 -1.23 -1.23 -1.175 -1.4071922 -1.4075 -1.4075 -1.8524036 -1.6602828 -1.2119203 -1.835 -1.835 -1.5184798 -1.5175 -1.5175 -1.65094 -0.70581982 -0.70250008 -0.70250018 0.28985596 -0.65999807
-2.515 -1.9676072 -1.5993229 -1.2375 -1.2375 -1.6272696 -1.6275 -1.6275 -1.6275 -1.6253922 -1.335 -1.335 -1.335 -1.335 -1.7325 -1.7325 -1.7325 -1.7325 -1.3803149 -1.38 -1.38 -1.38 -1.38 -1.38 -0.81250001 -0.8125 -0.8125 -0.8125 -0.8123636 -0.775 -0.775 -0.775 -1.05 -1.2299901 -1.175 -1.175 -1.175 -1.1733684 -1.222497 -1.21 -1.21 -1.21 -1.53 -1.53 -1.5175 -1.5175 -1.5175 -0.70250001 -0.7025 -0.7025 -0.7025 0.29 0.29
-1.9528264 -1.9525 -1.9525 -1.9525 -1.42 -1.6274946 -1.6275 -1.6275 -1.6275 -1.6275 -1.3471134 -1.3350021 -1.335 -1.7325 -1.7325 -1.7325 -1.7325 -1.7325 -1.6846647 -1.38 -1.38 -1.38 -1.38 -1.38 -0.99037705 -0.79500009 -0.795 -0.795 -0.795 -0.77500001 -1.05 -1.05 -1.05 -1.05 -1.175 -1.174996 -1.025 -1.025 -1.20769 -1.21 -1.21 -1.21 -1.53 -1.53 -1.5194354 -1.5175 -1.5175 -0.7025 -0.7025 -0.7025 -0.69185782 0.29 0.29
-1.9525 -1.9525 -1.9525 -1.7017378 -1.42 -1.42 -1.6275 -1.6275 -1.6275 -1.6275 -1.495 -1.495 -1.495 -1.7325 -1.7325 -1.7325 -1.7325 -1.7323496 -1.4125 -1.4125 -1.38 -1.38 -1.3843822 -1.56 -1.553113 -0.795 -0.795 -0.795 -0.795 -1.049974 -1.05 -1.05 -1.05 -1.05 -1.0250005 -1.025 -1.025 -1.025 -1.0256645 -1.21 -1.21 -1.21 -1.53 -1.53 -1.53 -1.5175 -1.5175 -0.70250001 -0.7025 -0.7025 0.29 0.29 0.29
-1.9525 -1.9525 -1.9525 -1.42 -1.42 -1.42 -1.4200003 -1.6275 -1.6275 -1.4951368 -1.495 -1.495 -1.495 -1.495148 -0.99592561 -0.8225 -0.8225 -0.8225 -1.4125 -1.4125 -1.4125 -1.56 -1.56 -1.56 -1.5596694 -0.57732241 -0.795 -0.795 -0.795 -1.2047202 -1.2474806 -1.2475 -1.2475 -1.2475 -1.1249481 -1.2649995 -1.265 -1.265 -1.265 -1.0750185 -1.075 -1.075 -1.53 -1.53 -1.1700015 -1.1699998 -0.57 -0.57 -0.085 -0.085 -0.085 0.29 0.58973176
-1.9524963 -1.9525 -1.9525 -1.42 -1.42 -1.42 -1.42 -0.97000019 -1.6248711 -1.494533 -1.495 -1.495 -1.495 -1.4936804 -0.8225 -0.8225 -0.8225 -0.82250017 -1.4125 -1.4125 -1.4125 -1.56 -1.56 -1.56 -0.38 -0.38 -0.86499999 -0.865 -0.865 -0.86708666 -1.2475 -1.2475 -1.2475 -1.2475 -1.2562452 -1.265 -1.265 -1.265 -1.265 -1.075 -1.075 -1.075 -1.0779891 -1.17 -1.17 -1.17 -0.57 -0.57 -0.085000001 -0.085 -0.085 0.58999998 0.59
-0.77 -1.3189602 -1.235 -1.2350537 -1.42 -0.97260368 -0.97 -0.97 -1.0109926 -0.98 -0.98 -0.98 -0.98 -0.1475271 -0.1475 -0.82249948 -0.8225 -0.83804563 -1.4125 -1.4125 -1.4125 -0.46 -0.46 -0.46 -0.38 -0.38 -0.865 -0.865 -0.865 -0.8650001 -1.0000016 -1.0000007 -1.2412795 -1.2472347 -1.245002 -1.245 -1.245 -1.245 -1.245 -1.075 -1.075 -1.075 -1.1647688 -1.17 -1.17 -1.17 -0.57 -0.57 -0.56998254 -0.085 -0.085032755 -0.8175 0.59
-1.2149155 -1.215 -1.235 -1.235 -1.235 -0.97 -0.97 -0.97 -1.0825 -1.0825 -0.98 -0.98 -0.98 -0.1475 -0.1475 -0.1475 -0.1475 -0.14764295 -1.4125 -1.4125 -1.4125 -0.46 -0.46 -0.46 -0.38 -0.38 -0.865 -0.865 -0.865 -0.99847787 -1 -1 -1 -1 -1.2448791 -1.245 -1.245 -1.245 -1.245 -0.77750008 -0.7775 -0.7775 -0.7775 -1.1699982 -0.93 -0.93 -0.93 -1.09 -1.09 -1.09 -0.8175 -0.8175 -0.8175
-1.215 -1.215 -1.235 -1.235 -1.235 -0.97139289 -0.97 -1.0825 -1.0825 -1.0825 -0.98001262 -0.98 -0.76346195 -0.14750013 -0.1475 -0.1475 -0.1475 -0.4875 -0.4875 -0.4875 -0.6375 -0.63749987 -0.46000086 -0.46 -0.46018207 -0.805 -0.805 -0.80500014 -0.8649903 -0.46510662 -0.46500285 -0.4650934 -0.99908563 -0.9995383 -1.2010168 -1.2449997 -1.2427295 -0.5675 -0.5675 -0.7775 -0.7775 -0.7775 -0.7775 -0.93 -0.93 -0.93 -0.93 -1.09 -1.09 -1.09 -0.8175 -0.8175 -0.8175
-1.215 -1.215 -1.235 -1.235 -1.235 -1.235 -1.0121055 -1.0825 -1.0825 -1.0825 -1.082297 -0.715 -0.715 -0.715 -0.15084441 -0.1475 -0.48523432 -0.4875 -0.4875 -0.4875 -0.6375 -0.6375 -0.6375 -0.6375 -0.805 -0.805 -0.805 -0.805 -0.805 -0.465 -0.465 -0.465 -0.465 -0.46500032 -0.615 -0.5675 -0.5675 -0.5675 -0.5675 -0.56750024 -0.61 -0.61 -0.61 -0.77514645 -1.1175 -1.1175 -1.1175 -1.09 -1.0899995 -0.585 -0.585 -0.35761191 -0.3575
-1.215 -1.215 -1.2277814 -1.235 -1.235 -1.235 -1.0325887 -1.0823424 -1.0825 -1.0825 -0.71499996 -0.715 -0.715 -0.715 -0.715 -0.66845001 -0.4875 -0.4875 -0.4875 -0.4875 -0.63749884 -0.6375 -0.6375 -0.6375 -0.805 -0.805 -0.805 -0.805 -0.805 -0.37632523 -0.465 -0.465 -0.465 -0.615 -0.615 -0.61496312 -0.5675 -0.5675 -0.31847051 -0.12500004 -0.61 -0.61 -0.61 -0.76901202 -1.1175 -1.1175 -1.1175 0.4575 -0.57201055 -0.585 -0.585 -0.3575 -0.3575
-0.6075 -0.6075 -0.6075 -1.0776685 -1.2341559 -1.0325 -1.0325 -1.0325 -1.0325 -0.5475 -0.5475 -0.71499999 -0.715 -0.715 -0.715 -0.71498556 -0.4875 -0.4875 -0.4875 -0.4875 -0.57204487 -0.6375 -0.6375 -0.6159094 0.14330509 -0.805 -0.805 -0.805 -0.345 -0.345 -0.345 -0.3450005 -0.615 -0.615 -0.615 -0.615 -0.125 -0.125 -0.125 -0.125 -0.3475 -0.3475 -0.3475 0.022492561 0.0225 0.0225 0.022499639 0.4575 0.4575 -0.58372977 -0.585 -0.35749363 -0.3575
-0.6075 -0.6075 -0.6075 -0.60750256 -0.655 -0.7098947 -1.0325 -1.0325 -1.0325 -0.5475 -0.5475 -0.5475 -0.18000002 -0.18 -0.18 -0.18000001 -0.48741757 -0.4875 -0.4875 -0.4875 -0.48972949 0.18749774 0.1875 0.1875 0.1875 0.18749999 0.047499993 0.0475 -0.345 -0.345 -0.345 -0.345 -0.61499934 -0.615 -0.615 -0.61492568 -0.12500001 -0.125 -0.125 -0.12587737 -0.3475 -0.3475 -0.3475 0.022482842 0.0225 0.0225 0.0225 0.4575 0.4575 0.45750006 0.905 0.905 0.7125
-0.6075 -0.6075 -0.6075 -0.65499989 -0.655 -0.655 -1.0324999 -1.0325 -1.0325 -0.5475 -0.5475 -0.5475 -0.18 -0.18 -0.18 -0.19999188 -0.4425 -0.4425 -0.44250012 -0.48724582 0.1875 0.1875 0.1875 0.1875 0.1875 0.18739464 0.0475 0.0475 0.047499999 -0.345 -0.345 -0.34502575 0.2975 0.2975 0.2975 -0.4475 -0.4475 -0.325 -0.325 -0.325 -0.1075 -0.34742472 -0.34749388 0.4725 0.4725 0.45544551 0.022501926 0.4575 0.4575 0.905 0.905 0.905 0.7125
-0.6075 -0.6075 -0.6075 -0.655 -0.655 -0.655 -0.655 -1.0325 -1.0325 -0.5475 -0.5475 -0.1946947 -0.18 -0.18 -0.18 -0.4425 -0.4425 -0.4425 -0.4425 -0.4425 0.1875 0.1875 0.1875 0.1875 0.1875 0.047500478 0.0475 0.0475 0.0475 -0.385 -0.385 -0.385 0.2975 0.2975 0.2975 -0.4475 -0.4475 -0.325 -0.325 -0.1075 -0.1075 -0.1075 0.4725 0.4725 0.4725 0.4725 0.49981399 0.805 0.805 0.805 0.905 0.845 0.845
-0.6075 -0.6075 -0.60756615 -0.655 -0.655 -0.655 -0.655 -0.30275564 -0.285 -0.28545068 -0.54749999 -0.18000607 -0.18 -0.18 -0.18000091 -0.4425 -0.4425 -0.4425 -0.4425 -0.4425 0.45597232 0.1875 0.1875 0.1875 0.18762204 0.047541213 0.0475 0.0475 0.0475 -0.385 -0.385 -0.385 -0.38489684 0.2975 -0.4475 -0.4475 -0.4475 -0.44749467 -0.32498517 -0.1075 -0.1075 -0.1075 0.47246479 0.4725 0.4725 0.4725 0.80499874 0.805 0.805 0.805 0.845 0.845 0.845
-0.605 -0.605 -0.65497325 -0.655 -0.655 -0.655 -0.28507873 -0.285 -0.285 -0.285 -0.2525 -0.2525 -0.2525 -0.2525 -0.44162307 -0.4425 -0.4425 -0.4425 -0.4425 0.46749946 0.4675 0.4675 0.7799999 0.78 0.78 0.78 0.71677583 0.0475 0.18249447 0.1825 0.1825 0.1825 0.1825 -0.047500001 -0.0475 -0.0475 -0.0475 -0.0475 0.55 0.55 0.55 0.55 0.55 0.68218344 0.6825 0.6825 0.6825 0.805 0.805 0.805 0.8449937 0.845 0.845
-0.605 -0.605 -0.59897183 0.11499845 0.11499983 0.11460952 -0.285 -0.285 -0.285 -0.285 -0.2525 -0.2525 -0.2525 -0.2525 -0.2525 -0.4425 -0.4425 -0.4425 0.46749977 0.4675 0.4675 0.4675 0.78 0.78 0.78 0.78 0.78 0.7798444 0.18244401 0.1825 0.1825 0.1825 0.18247751 -0.22465676 -0.047683438 -0.0475 -0.0475 -0.047500004 0.55 0.55 0.55 0.55 0.55 0.6825 0.6825 0.6825 0.6825 0.73978339 0.805 -0.0058513169 -0.015 -0.13 -0.13
-0.605 -0.605 0.1149088 0.115 0.115 0.115 0.013401687 -0.285 -0.285 -0.285 -0.2525 -0.2525 -0.2525 -0.2525 -0.2525 -0.44235399 -0.4425 0.46723319 0.4675 0.4675 0.4675 0.4675 0.66423235 0.78 0.78 0.78 0.78 0.7794741 0.0375 0.0375 0.0375 0.0375 0.0375 -0.36 -0.36 -0.36 -0.36 -0.36 0.2275 0.2275 0.2275 0.2275 0.2275 0.68243285 0.68249999 0.6825 0.68249534 0.68183865 -0.015 -0.015 -0.015 -0.12999936 -0.13
-0.60499924 -0.20299335 0.11499996 0.115 0.115 0.115 0.115 -0.28482968 -0.285 -0.285 -0.2525 -0.2525 -0.2525 -0.2525 -0.27205577 -0.2725 -0.2725 0.46748096 0.4675 0.4675 0.4675 0.4675 0.4675 0.78 0.78 0.78 0.78 -0.057499884 -0.057499956 -0.037281691 0.0375 0.0375 0.0375 -0.36 -0.36 -0.36 -0.36 -0.35992381 0.2275 0.2275 0.2275 0.2275 0.22752318 0.655 0.655 0.655 0.655 0.65494596 -0.015 -0.015 -0.015 -0.014999798 0.30844629
-0.195 -0.195 -0.1069697 0.115 0.115 0.115 0.115 0.115 -0.28482855 0.084999994 0.085 0.085 0.084199044 -0.27249997 -0.2725 -0.2725 -0.2725 -0.2725 0.46749874 0.45672989 0.3625 0.3625 0.3625 0.46720422 0.75198727 0.60209646 0.47533951 -0.0575 -0.0575 -0.0575 -0.0575 -0.0575 -0.049029394 -0.24051343 -0.2475 -0.2475 -0.2475 -0.2475 0.28432571 0.52999946 0.53 0.53 0.53 0.47500053 0.65499995 0.655 0.655 0.595 -0.014990228 -0.015 -0.015 0.315 0.315
-0.195 -0.195 0.012499998 0.0125 0.0125 0.11496586 0.115 0.115 0.085 0.085 0.085 0.085 0.085 -0.27249998 -0.2725 -0.2725 -0.2725 -0.2725 0.3625 0.3625 0.3625 0.3625 0.3625 0.43 0.43 0.43 0.43 -0.057499998 -0.0575 -0.0575 -0.0575 -0.0575 0.375 0.375 -0.2475 -0.2475 -0.2475 0.78982331 0.79 0.53 0.53 0.53 0.53000003 0.475 0.475 0.475 0.595 0.595 0.595 0.3075 0.3075 0.315 0.315
-0.195 -0.195 0.0125 0.0125 0.0125 0.0125 0.012500672 0.135 0.085047077 0.085 0.085 0.085 0.085 -0.26804051 -0.2725 -0.2725 -0.2725 -0.2725 0.36249999 0.3625 0.3625 0.3625 0.3625 0.43 0.43 0.43 0.43 0.42999806 -0.0575 -0.0575 -0.0575 0.37497732 0.375 0.375 0.375 -0.2475 0.78999999 0.79 0.79 0.78315891 0.69649417 0.7275 0.7275 0.475 0.475 0.475 0.595 0.595 0.595 0.3075 0.3075 0.3075 0.30141425
-0.4075 -0.40749833 0.0125 0.0125 0.0125 0.0125 0.135 0.135 0.135 0.085 0.085 0.085 0.085 0.084888864 -0.2725 -0.2725 -0.2725 -0.2725 0.36248886 0.3625 0.3625 0.3625 0.41811173 0.43 0.43 0.43 0.43 0.81999968 0.82 0.81999999 -0.048065906 0.375 0.375 0.375 0.37500035 0.74499999 0.79 0.79 0.79 0.79 0.7275 0.7275 0.7275 0.765 0.765 0.765 0.47251193 0.595 0.595 0.3075 0.3075 0.3075 0.3000027
-0.4075 -0.4075 0.0125 0.0125 0.0125 0.135 0.135 0.135 0.135 0.090502169 0.085000002 0.085 0.085000001 0.084999496 -0.037527044 -0.0375 -0.0375 -0.0375 0.35709231 0.495 0.495 0.495 0.495 0.43 0.43 0.43 0.43002573 0.82 0.82 0.82 0.82 0.37510749 0.5831143 0.745 0.745 0.745 0.78931858 0.6075038 0.6075 0.6075 0.72759791 0.8525 0.8525 0.765 0.765 0.76499876 0.4725 0.4725 0.595 0.595 0.595 1.0375 1.2675
