interpolatedSpi/05-06|19_1.tif
NCOLS 53
NROWS 52
XLLCORNER -116.03883
YLLCORNER 28.596182
DX 0.49850594
DY 0.49788537
NODATA_VALUE -9999
0.76 0.76 0.80291027 -0.025 -0.615 -0.415 0.185 -0.26 -0.69256084 -0.295 -0.29 -0.37 -0.83498106 -0.605 -0.68 -0.68 -0.68 0.085 -0.025 -0.025 -0.025 -0.025001156 -0.145 0.075 0.075 0.075 -0.10498974 -0.105 -0.105 -0.005 -0.005 -0.005 -0.005 -0.77499985 -0.775 -0.775 -0.775 -0.775 -0.775 -0.775 -0.88877444 -0.89019587 -1.66 -1.66 -1.66 -1.66 -1.6577705 -0.295 -0.295 -0.295 -0.090000426 -0.09 -0.09 
0.75999023 0.54 0.73500037 0.61471261 0.12011847 1.015 0.96 -0.28976556 -0.7 -0.575 -0.52 -0.835 -0.835 0.19731575 -0.60499094 -0.68 0.085 0.085 -0.024856575 -0.025 -0.025 -0.025 0.061840727 0.075 0.075 0.075 -0.66499995 -0.665 -0.005 -0.005 -0.005 -0.005 -0.005 -0.77499989 -0.775 -0.775 -0.775 -0.775 -0.775 -0.77151269 -0.75000386 -1.5495787 -1.66 -1.66 -1.66 -1.66 -1.66 -0.295 -0.295 -0.295 -0.2780012 -0.09 -0.09 
0.74497344 0.745 1.055 0.265 0.11 -0.17 -1.5103762e-12 0.595 -0.28 -0.645 -0.21 -0.34 -0.03 -0.785 0.2 -0.66 0.085 0.085 0.085 0.064973837 0.065 0.065 -0.175 0.075 0.075 0.075 -0.665 -0.665 -0.665 -0.005 -0.005 -0.0050000309 -0.31309604 -0.77492836 -0.77518616 -0.79481673 -0.795 -0.795 -0.78934019 -0.75 -0.75 -0.75116366 -1.66 -1.66 -1.66 -1.66 -1.66 -0.295 -0.295 -0.295 -0.295 -0.09 -0.09 
0.04 0.74499991 0.29990349 0.175 0.04 0.02 0.49 -0.08 0.415 -0.079822264 -0.425 -0.28 -0.605 -0.785 -0.205 -0.66 0.044567825 0.050024523 -0.495 0.065 0.065 -0.355 -0.175 -0.175 0.075 0.074996304 -0.665 -0.665 -0.665 -1.03 -0.81875907 -0.645 -0.645 -0.64500012 -0.795 -0.795 -0.795 -0.795 -0.75 -0.75 -0.75 -0.75000003 -1.66 -1.66 -1.66 -1.66 -1.66 -0.29501722 -0.295 -0.295 -0.295 -0.090041483 -0.09 
0.04 0.83999901 0.3 0.23910724 0.04 0.69 0.5650215 0.09 2.3604578e-70 -0.49500011 -0.52110561 -0.53505371 -0.91 -0.205 -0.205 -0.49828464 0.05 0.05 -0.495 -0.495 0.064999165 -0.355 -0.495 -0.325 -0.16 -0.16004222 -0.665 -0.665 -1.03 -1.03 -0.645 -0.645 -0.645 -0.68931479 -0.795 -0.795 -0.795 -0.75 -0.75 -0.75 -0.75 -0.75003716 -1.66 -1.66 -1.66 -1.66 -1.66 -1.6478498 -0.295 -0.29504775 -1.36 -1.36 -1.36 
-0.955 0.44 3.5030097e-08 -0.045 0.6 0.93 -0.64 -0.54653909 -0.53 -0.47 -1.45 -1.14 -1.1399998 -1.465 -1.465 -0.36500362 -0.365 -0.125 -0.125 -0.49500004 -0.32 -0.32 -0.325 -0.16 -0.16 -0.34 -0.7 -0.7 -0.69503095 -1.03 -0.645 -0.645 -0.88 -0.88003762 -1.2399742 -1.04 -1.04 -0.83971812 -0.75 -0.75 -1.1345198 -1.135 -1.1350001 -0.60888843 -0.59011826 -0.59000029 -0.59000004 -0.5900004 -0.64075935 -1.36 -1.36 -1.36 -1.36 
0.11500358 0.66 0.6496633 0.325 0.425 -0.59 -0.77 -0.965 -1.5 -1.5 -1.45 -1.19 -0.91000003 -1.465 -0.38000325 -0.38 -0.365 -0.335 -0.545 -0.545 -0.4166093 -0.525 -0.525 -0.59499999 -0.34 -0.34 -0.7 -0.7 -0.69502331 -0.69542917 -0.50681944 -0.88 -0.88 -1.24 -1.24 -1.0781248 -1.04 -1.04 -1.2899913 -1.1350002 -1.135 -1.135 -1.1349998 -0.59000084 -0.59 -0.59 -0.59 -0.58999996 -0.53 -1.3598355 -1.36 -1.36 -1.36 
0.115 -0.04 1.275 -0.48 -0.56999484 -1.2 -1.46 -0.97000001 -1.52 -1.195 -1.195 -1.015 -0.91 -0.91 -0.38363629 -0.011143427 0.025 -0.495 -0.66499988 -0.545 -0.54400841 -0.53 -0.57 -0.685 -0.68499974 -0.665 -0.495 -0.49500007 -1.0935983 -1.095 -0.505 -0.79396394 -1.005 -1.24 -1.2247412 -1.11 -1.11 -1.29 -1.29 -1.135 -1.135 -1.135 -0.74206143 -0.73999999 -0.59 -0.59 -0.59 -0.53000228 -0.53 -0.53 -1.36 -1.36 -1.36 
-0.039241422 -0.039999988 0.77 0.505 0.095 -0.36 -0.395 -0.865 -1.49 -0.87996023 -0.575 -0.81 -0.81 -0.485 -0.48499478 -0.044804904 -0.045 -0.045 -0.52095076 -0.36000007 -0.695 -0.695 -0.495 -0.54044373 -0.66701547 -0.665 -0.28 -0.495 -0.11223724 -0.11 -0.735 -0.25 -0.15934557 -0.595 -0.705 -0.755 -0.815 -1.405 -1.0451662 -1.1352009 -1.18 -1.02 -0.74000652 -0.74 -0.73915572 -0.59 -1.085 -0.53 -0.53 -0.53 -0.53 -1.2485658 0.22 
-0.035 -0.035 0.52 0.72 0.385 -0.255 -0.575 -0.385 -0.365 -0.72501482 -0.565 -0.495 -0.485 -0.485 0.07 0.068422723 -0.045 -0.045072966 -0.425 -0.36 -0.36 -0.40315922 -0.495 -0.63499735 -0.635 -0.635 -0.28 -0.28 -0.28 -0.11 -0.11 -0.24965861 -0.07 -0.595 -0.635 -0.755 -0.815 -1.36 -1.045 -0.44488625 -1.02 -0.93183855 -0.78 -0.74 -0.74 -1.085 -1.085 -1.085 -0.53 -0.53 -0.465 -0.465 -0.46499974 
-0.035 -0.035 0.545 0.225 -0.07 -0.24 -0.66499999 -0.70488575 -0.645 -0.655 -0.355 -0.77 -0.49536609 0.07 0.07 0.070011536 0.17 0.13877161 -0.425 -0.565 -0.565 0.245 0.245 -0.635 -0.635 -0.635 -0.28 -0.28 -0.28 -0.35 -0.35 -0.34999954 -0.11 -0.11 -0.755 -0.67 -0.31 -1.0299962 -0.93 -0.435 -0.435 -0.75500008 -0.78 -0.74 -0.67500012 -0.825 -1.1397631 -1.14 -0.1 -0.1 -0.465 -0.465 -0.465 
-0.035 0.21537538 0.40844459 -0.16997144 0.52 -0.15 -0.665 -0.705 -0.6450005 -0.65488921 -0.76999985 -0.77 0.165 0.07 0.07 0.17 0.17 0.16996614 -0.425 -0.565 -0.40593248 0.245 0.245 -0.63496447 -0.635 -0.59719725 -0.52 -0.52 -0.51999997 -0.35 -0.35 -0.21 -0.21 -0.11000177 -0.755 -0.30000011 -0.35329553 -1.03 -1.03 -0.43500001 -0.755 -0.755 -0.75499943 -0.675 -0.675 -0.825 -1.14 -1.14 -0.1 -0.1 -0.465 -0.465 -0.465 
-0.79 -0.54642437 -0.6349677 -0.63161565 0.5199965 -0.14998418 -0.66499999 -0.70450762 -0.64913461 -0.64526113 0.165 0.165 0.165 0.165 0.070013457 0.17 0.17 0.1623176 -0.425 -0.56473438 0.35 0.35 0.35 0.35 -0.61824344 -0.52 -0.52 -0.52 -0.52 -0.51986211 -0.21 -0.21 -0.21 -0.21 -0.3 -0.3 -0.3 -0.99427677 -1.025381 -0.415 -0.415 -0.75498171 -0.11501917 -0.67494606 -0.675 -0.825 -1.14 -1.14 -0.1 -0.1 -0.46367582 -0.465 -0.67765885 
-0.79 -0.635 -0.635 -0.635 -0.635 -0.63499979 -0.66368161 -0.68391871 -0.66016538 0.16412739 0.165 0.165 0.165 0.165 0.1649999 0.17 0.16999991 0.12918706 -0.4249892 0.35 0.35 0.35 0.35 0.35 0.34426812 -0.38005447 -0.38000003 -0.38 -0.38 -0.38 -0.21 -0.21 -0.20999969 0.045 0.045 -0.3 0.064571896 0.075 -0.41499972 -0.415 -0.415 -0.415 -0.115 -0.115 -0.115 -0.11994095 -0.52396852 -0.52 -0.52 -0.52 -0.51999999 0.014999901 0.015 
0.004999999 -0.635 -0.635 -0.635 -0.635 -0.635 -0.635 -0.62299468 0.031055159 0.035 0.035 0.035 0.035 0.035 0.035000001 0.46120283 0.17470794 0.088524707 0.34990276 0.35 0.35 0.35 0.35 0.35000008 0.085 0.085 0.084999346 -0.38 -0.38 -0.37899878 0.12 0.12 0.045 0.045 0.045 0.07019444 0.075 0.075 0.075 -0.415 -0.415 -0.415 -0.115 -0.115 -0.115 -0.115 -0.51999999 -0.52 -0.52 -0.52 -0.52 0.015 0.015 
0.005 -0.23326473 -0.635 -0.635 -0.635 -0.635 -0.49502748 -0.495 -0.49499999 0.035 0.035 0.035 0.035 0.035 0.13096404 0.47 0.47 0.47 0.41978694 0.41999993 0.42 0.42 0.42 0.42 0.085 0.085 0.085 0.085 -0.38 0.12 0.12 0.12 0.045000007 0.045 0.045 0.33 0.075337628 0.075 0.075 -0.41490469 -0.2250266 0.21810212 -0.115 -0.115 0.28376558 0.285 0.285 -0.51850219 0.38681996 0.38999992 0.38999983 0.45493338 0.015000895 
0.0049999996 -0.3161372 -0.47812573 -0.635 -0.635 -0.49508272 -0.495 -0.495 -0.495 -0.49118067 0.035 0.035 0.035 0.035000053 0.47 0.47 0.47 0.47 0.42004466 0.42 0.42 0.42 0.42 0.42 0.085000008 0.085 0.085 0.085 0.085127311 0.12 0.12 0.12 0.45499999 0.045038887 0.33 0.33 0.33 0.33130013 0.21082798 0.22 0.22 0.22 0.395 0.395 0.285 0.285 0.285 0.39 0.39 0.39 0.39 0.455 0.455 
-0.3248652 -0.325 -0.325 -0.325 -0.075 -0.49498917 -0.495 -0.495 -0.495 -0.495 0.046734566 0.03500202 0.035000005 0.47 0.47 0.47 0.47 0.47 0.48249368 0.42 0.42 0.42 0.42 0.42 0.4847609 0.84499588 0.845 0.845 0.845 0.12000002 0.45499999 0.455 0.455 0.455 0.33 0.33000316 0.45 0.45 0.22287189 0.22 0.22 0.22 0.395 0.395 0.30203179 0.285 0.285 0.39 0.39 0.39 0.39069697 0.455 0.455 
-0.325 -0.325 -0.325 -0.20727127 -0.075 -0.075 -0.495 -0.495 -0.495 -0.495 0.19 0.19 0.19 0.47 0.47 0.47 0.47 0.47007519 0.73 0.73 0.42000013 0.42 0.42340841 0.56 0.56256573 0.845 0.845 0.845 0.845 0.45503971 0.455 0.455 0.455 0.455 0.44999958 0.45 0.45 0.45 0.44918675 0.22 0.22 0.22 0.395 0.395 0.395 0.285 0.285 0.39000001 0.39 0.39 0.455 0.455 0.455 
-0.325 -0.325 -0.325 -0.075 -0.075 -0.075 -0.075000642 -0.495 -0.495 0.18929288 0.19 0.19 0.19 0.19017446 0.8382872 0.925 0.925 0.925 0.73 0.73 0.73 0.56 0.56 0.56 0.5600084 0.7112463 0.845 0.845 0.845 0.51684155 0.51999361 0.52 0.52 0.52 0.41895 0.37500017 0.375 0.375 0.375 0.49496237 0.495 0.495 0.395 0.395 0.60499912 0.60500018 1.11 1.11 0.77 0.77 0.77 0.455 0.70477647 
-0.32499831 -0.325 -0.32499999 -0.075 -0.075 -0.075 -0.074999999 0.0049998546 -0.4930008 0.18979598 0.19 0.19 0.19 0.19144227 0.925 0.925 0.925 0.92499994 0.73 0.73 0.73 0.56 0.56 0.56 0.59 0.59 0.645 0.645 0.645 0.64431809 0.52 0.52 0.52 0.52 0.44753984 0.375 0.375 0.375 0.375 0.495 0.495 0.495 0.49846102 0.605 0.605 0.605 1.11 1.11 0.77 0.77 0.77 0.705 0.705 
0.22 -0.019304552 0.25 0.24990571 -0.075 0.0045371227 0.005 0.005 0.13982009 -0.034999991 -0.035 -0.035 -0.035 0.70997575 0.71 0.92499983 0.925 0.91986204 0.73 0.73 0.73 0.445 0.445 0.445 0.59 0.59 0.645 0.645 0.645 0.64499993 0.55499978 0.5549999 0.52087967 0.52003752 0.5299876 0.53 0.53 0.53 0.53 0.495 0.495 0.495 0.59894324 0.605 0.605 0.60499998 1.11 1.11 1.1099878 0.77 0.76999262 0.605 0.705 
0.60492689 0.60499994 0.25 0.25 0.25 0.005 0.005 0.005 0.375 0.375 -0.035 -0.035 -0.035 0.71 0.71 0.71 0.71 0.71000304 0.73 0.73 0.72999999 0.445 0.445 0.445 0.59 0.59 0.645 0.645 0.645 0.55601476 0.555 0.555 0.555 0.555 0.53001234 0.53 0.53 0.53 0.53 0.76499993 0.765 0.765 0.765 0.60499893 0.465 0.465 0.465 0.855 0.855 0.855 0.605 0.605 0.605 
0.605 0.605 0.25 0.25 0.25 0.0062877637 0.005 0.375 0.375 0.375 -0.034949529 -0.035 0.27550739 0.70999992 0.71 0.71 0.71 0.75 0.75 0.75 0.74999999 0.74999977 0.44500149 0.445 0.44511778 0.575 0.575 0.57500017 0.64498869 0.98991331 0.98999768 0.98992405 0.55574346 0.5553754 0.53473526 0.52999993 0.52943029 0.36 0.36 0.765 0.765 0.765 0.765 0.465 0.465 0.465 0.465 0.855 0.855 0.855 0.605 0.605 0.605 
0.605 0.605 0.25 0.25 0.25 0.25 0.14348019 0.375 0.375 0.375 0.37498343 0.345 0.345 0.345 0.70784897 0.71 0.74973345 0.75 0.75 0.75 0.75 0.75 0.75 0.75 0.575 0.575 0.575 0.575 0.575 0.99 0.99 0.99 0.99 0.99000015 1.06 0.36 0.36 0.36 0.36 0.36000016 0.345 0.345 0.345 0.49794239 0.815 0.815 0.815 0.855 0.85499992 0.775 0.775 1.2398455 1.24 
0.605 0.605 0.37813007 0.25 0.25 0.25000001 0.51475156 0.3754412 0.375 0.375 0.34500008 0.345 0.345 0.345 0.345 0.37497812 0.75 0.75 0.75 0.75 0.75 0.75 0.75 0.75 0.575 0.575 0.575 0.575 0.575 0.85329306 0.99 0.99 0.99 1.06 1.06 1.0594564 0.36 0.36 0.67515597 0.91999995 0.345 0.345 0.345 0.49672437 0.815 0.815 0.815 1.21 0.78042006 0.775 0.775 1.24 1.24 
0.68 0.68 0.68 0.35781282 0.25089617 0.515 0.515 0.515 0.515 0.745 0.745 0.34500003 0.345 0.345 0.345 0.34502568 0.75 0.75 0.75 0.75 0.75 0.75 0.75 0.74384995 0.51767174 0.575 0.575 0.575 0.805 0.805 0.805 0.80500078 1.06 1.06 1.06 1.06 0.92 0.92 0.92 0.92 0.735 0.735 0.735 1.0199943 1.02 1.02 1.0199999 1.21 1.21 0.77553002 0.775 1.2400007 1.24 
0.68 0.68 0.68 0.68000996 0.865 0.81410425 0.515 0.515 0.515 0.745 0.745 0.745 0.73999998 0.74 0.74 0.74 0.75058618 0.75 0.75 0.75 0.74998717 0.51500065 0.515 0.515 0.515 0.515 0.315 0.315 0.805 0.805 0.805 0.805 1.0600001 1.06 1.06 1.0600147 0.92000001 0.92 0.92 0.92144765 0.735 0.735 0.735 1.0199868 1.02 1.02 1.02 1.21 1.21 1.21 1.385 1.385 1.22 
0.68 0.68 0.68 0.86499957 0.865 0.865 0.51500013 0.515 0.515 0.745 0.745 0.745 0.74 0.74 0.74 0.76513265 1.07 1.07 1.0699992 0.75180744 0.515 0.515 0.515 0.515 0.515 0.51484949 0.315 0.315 0.315 0.805 0.805 0.8051062 1.24 1.24 1.24 1.175 1.175 1.25 1.25 1.25 1.46 0.73522741 0.73500545 1.465 1.465 1.448135 1.0200015 1.21 1.21 1.385 1.385 1.385 1.22 
0.68 0.68 0.68 0.865 0.865 0.865 0.865 0.515 0.515 0.745 0.745 0.74019993 0.74 0.74 0.74 1.07 1.07 1.07 1.07 1.07 0.515 0.515 0.515 0.515 0.515 0.31500068 0.315 0.315 0.315 0.97 0.97 0.97 1.24 1.24 1.24 1.175 1.175 1.25 1.25 1.46 1.46 1.46 1.465 1.465 1.465 1.465 1.4645893 1.46 1.46 1.46 1.385 1.175 1.175 
0.68 0.68 0.68025762 0.865 0.865 0.865 0.865 1.188684 1.205 1.2042102 0.74500001 0.74001173 0.74 0.74 0.74000114 1.07 1.07 1.07 1.07 1.07 0.59655211 0.515 0.515 0.515 0.51501339 0.31501491 0.315 0.315 0.315 0.97 0.97 0.97 0.97003734 1.24 1.175 1.175 1.175 1.1750032 1.2500143 1.46 1.46 1.46 1.4649997 1.465 1.465 1.465 1.4599977 1.46 1.46 1.46 1.175 1.175 1.175 
1.03 1.0299994 0.86490853 0.865 0.865 0.865 1.2049277 1.205 1.205 1.205 0.88000001 0.88 0.88 0.88 1.0691231 1.07 1.07 1.07 1.07 0.60000028 0.6 0.6 0.57999999 0.58 0.58 0.58 0.55712709 0.315 0.76998137 0.77 0.77 0.77 0.77 1.345 1.345 1.345 1.345 1.345 1.58 1.58 1.58 1.58 1.58 1.2303542 1.23 1.23 1.23 1.46 1.46 1.46 1.1750449 1.175 1.175 
1.03 1.03 1.0300837 1.0399996 1.04 1.0401607 1.205 1.205 1.205 1.205 0.88 0.88 0.88 0.88 0.88 1.07 1.07 1.07 0.60000012 0.6 0.6 0.6 0.58 0.58 0.58 0.58 0.58 0.57994412 0.77007916 0.77 0.77 0.77 0.7700318 1.4697184 1.3451291 1.345 1.345 1.345 1.58 1.58 1.58 1.58 1.58 1.23 1.23 1.23 1.23 1.3375525 1.46 1.321562 1.32 0.98 0.98 
1.03 1.03 1.0399987 1.04 1.04 1.04 1.0819093 1.205 1.205 1.205 0.88 0.88 0.88 0.88 0.88 1.0698522 1.07 0.6001378 0.6 0.6 0.6 0.6 0.58740913 0.58 0.58 0.58 0.58 0.5802798 0.975 0.975 0.975 0.975 0.975 1.565 1.565 1.565 1.565 1.565 1.78 1.78 1.78 1.78 1.78 1.2309767 1.2300002 1.23 1.2300678 1.2381715 1.32 1.32 1.32 0.9800019 0.98 
1.0299999 0.97116976 1.04 1.04 1.04 1.04 1.04 1.2049297 1.205 1.205 0.88 0.88 0.88 0.88 0.70888699 0.705 0.705 0.6000027 0.6 0.6 0.6 0.6 0.59999986 0.58 0.58 0.58 0.58 1.0949999 1.0949999 1.0694611 0.975 0.975 0.975 1.565 1.565 1.565 1.565 1.564912 1.78 1.78 1.78 1.78 1.7800138 1.63 1.63 1.63 1.63 1.629975 1.32 1.32 1.32 1.3199999 1.1474963 
0.97 0.97 0.95997238 1.04 1.04 1.04 1.04 1.04 1.204928 0.52500001 0.525 0.525 0.52584249 0.70500025 0.705 0.705 0.705 0.705 0.59999346 0.54409799 0.055 0.055 0.055 0.18551899 0.52357436 0.22165143 -0.032415169 1.095 1.095 1.095 1.095 1.095 1.0893319 1.4298934 1.435 1.435 1.435 1.435 1.8138134 1.9599997 1.96 1.96 1.96 1.4100006 1.6299999 1.63 1.63 1.71 1.3200062 1.32 1.32 1.15 1.15 
0.97 0.97 0.815 0.815 0.815 1.0399251 1.04 1.04 0.525 0.525 0.525 0.525 0.525 0.70499999 0.705 0.705 0.705 0.705 0.055 0.055 0.055 0.055 0.055 -0.12499999 -0.125 -0.125 -0.125 1.095 1.095 1.095 1.095 1.095 0.98 0.98 1.435 1.435 1.435 1.3200196 1.32 1.96 1.96 1.96 1.9599999 1.41 1.41 1.41 1.71 1.71 1.71 1.02 1.02 1.15 1.15 
0.97 0.97 0.815 0.815 0.815 0.815 0.81499813 0.475 0.52495292 0.525 0.525 0.525 0.525 0.70275466 0.705 0.705 0.705 0.705 0.055000013 0.055 0.055 0.055 0.055 -0.125 -0.125 -0.125 -0.125 -0.12499502 1.095 1.095 1.095 0.98000603 0.98 0.98 0.98 1.435 1.32 1.32 1.32 1.3368396 1.2940233 1.17 1.17 1.41 1.41 1.41 1.71 1.71 1.71 1.02 1.02 1.02 0.30768379 
0.905 0.90500051 0.815 0.815 0.815 0.815 0.475 0.475 0.475 0.525 0.525 0.525 0.525 0.52505596 0.705 0.705 0.705 0.705 0.055011466 0.055 0.055 0.055 -0.093288856 -0.125 -0.125 -0.125 -0.125 0.4849995 0.485 0.48500001 1.0884488 0.98 0.98 0.98 0.97999954 0.50000001 1.32 1.32 1.32 1.32 1.17 1.17 1.17 1.6 1.6 1.6 1.2000497 1.71 1.71 1.02 1.02 1.02 0.22000139 
0.905 0.905 0.815 0.815 0.815 0.475 0.475 0.475 0.475 0.51950195 0.525 0.525 0.525 0.52499863 0.1350656 0.135 0.135 0.135 0.080034864 0.08 0.08 0.08 0.08 -0.125 -0.125 -0.125 -0.12495976 0.485 0.485 0.485 0.485 0.97994976 0.71001388 0.5 0.5 0.5 1.3189333 1.0350059 1.035 1.035 1.1703407 1.605 1.605 1.6 1.6 1.5999983 1.2 1.2 0.755 0.755 0.755 0.79 0.72 
0.905 0.905 0.16 0.16 0.16 0.475 0.475 0.475 0.475 -0.05 -0.05 -0.05 -0.05 -0.036962617 0.135 0.135 0.135 0.135 0.08 0.08 0.08 0.08 0.08 -0.24 -0.23999995 -0.12500017 0.485 0.485 0.485 0.485 0.58878642 0.69 0.52260739 0.5 0.5 0.5 1.035 1.035 1.035 1.035 1.605 1.605 1.605 1.4450505 1.445 1.2011013 1.2 1.2 0.75500109 0.755 0.79 0.79 0.72 
0.905 0.16 0.16 0.16 0.16 0.16 0.47139026 0.01 0.01 -0.05 -0.05 -0.05 -0.05 -0.049956187 0.135 0.135 0.135 0.13251493 0.08 0.08 0.08 0.08 -0.24 -0.24 -0.24 -0.24 0.485 0.485 0.485 0.485 0.69 0.69 0.69 0.50019226 0.5 0.5 1.035 1.035 1.035 1.035 1.605 1.605 1.605 1.445 1.445 1.4449788 1.07 1.07 0.95 0.95 0.79 0.79 0.72 
0.16699648 0.16 0.16 0.16 0.16 0.16 0.01 0.01 0.01 -0.022114508 -0.05 -0.05 -0.05 -0.050002931 0.135 0.135 0.135 0.08 0.08 0.08 0.08 0.079998045 -0.24 -0.24 -0.24 -0.24 0.48494847 0.485 0.485 0.68995286 0.69 0.69 0.69 0.69 0.50142588 1.17 1.17 1.1676636 1.035 1.035 1.6049995 1.605 1.449652 1.445 1.445 1.0700001 1.07 1.07 0.95 0.95 0.9 0.9 0.645 
0.16 0.16 0.16 0.16 0.16 0.16 0.01 0.01 0.01 0.0099999996 -0.24999424 -0.25 -0.25 -0.25 0.13499996 0.21512624 0.26 0.26 0.080331829 0.08 0.08 -0.23999954 -0.24 -0.24 -0.24 -0.24 -0.23947288 0.485 0.48500701 0.69 0.69 0.69 0.69 0.69 1.17 1.17 1.17 1.17 1.17 1.1700004 1.57 1.57 1.5699999 1.255 1.255 1.255 0.76 0.76 0.505 0.505 0.9 0.89999944 0.645 
0.16 0.16 0.16 0.16 0.16 0.16 0.01 0.01 0.01 -0.25 -0.25 -0.25 -0.25 -0.25 -0.11556522 0.26 0.26 0.26 0.26 0.26 0.25140559 -0.24 -0.24 -0.24 -0.24 -0.21613523 0.51880909 0.48976425 0.68898905 0.69 0.69 0.69 0.69 0.69000105 1.17 1.17 1.17 1.17 1.17 1.3560791 1.57 1.57 1.57 1.255 1.255 1.255 0.76 0.76 0.505 0.505 0.76499999 0.65161978 0.645 
0.16 0.16 0.16 0.16 0.16 0.15999996 0.010000035 0.01 -0.00079144914 -0.25 -0.25 -0.25 -0.25 -0.25 -0.22553726 0.26 0.26 0.26 0.26 0.26 0.26 0.40299102 0.51999894 0.52 0.52 0.52 0.52 0.52 0.88965403 0.89499757 0.895 0.895 0.895 0.8950002 1.17 1.17 1.17 1.17 1.17 1.57 1.57 1.57 1.57 1.5699999 1.2549519 1.225 0.76000005 0.740346 0.50520591 0.765 0.765 0.75543814 0.305 
0.16 0.16 0.16 0.16 0.16 0.15999042 0.01000809 0.0099842686 -0.24999967 -0.25 -0.25 -0.25 -0.25 -0.25 -0.24029578 0.26 0.26 0.26 0.26 0.26 0.26 0.52 0.52 0.52 0.52 0.52 0.52 0.52 0.89489648 0.895 0.895 0.895 0.895 0.895 0.97034997 1.17 1.17 1.17 1.17 1.57 1.57 1.57 1.57 1.5699116 1.225 1.225 1.2219603 0.74 0.74 0.765 0.765 0.305 0.305 
0.16 0.16 0.16 0.16 0.16 0.15979995 0.01017074 -0.2206607 -0.25 -0.25 -0.25 -0.25 -0.25 -0.25 -0.24107157 0.26 0.26 0.26 0.26 0.26 0.29701928 0.52 0.52 0.52 0.52 0.52 0.52 0.52 0.8949985 0.895 0.895 0.895 0.895 0.895 0.895 0.9825887 0.69127276 0.53198207 0.50775933 1.5468597 1.57 1.57 1.57 1.2250275 1.225 1.2256865 1.3399971 0.74 0.74 0.81999019 0.82 0.82 0.30500022 
0.16 0.16 0.16 0.16 0.15999985 0.15874894 -0.01142795 -0.24992851 -0.25 -0.25 -0.25 -0.25 -0.25 -0.25 -0.23809071 0.26 0.26 0.26 0.26 0.26 0.51999888 0.52 0.52 0.52 0.52 0.52 0.52 0.52 0.8949999 0.895 0.895 0.895 0.895 0.895 0.89499992 0.495 0.495 0.495 0.495 1.21 1.21 1.21 1.21 1.3399997 1.34 1.34 1.34 1.3399937 0.775 0.775 0.82 0.82 0.17604117 
0.16 0.16 0.16 0.15999999 0.15999581 0.15580965 -0.23190473 -0.2499966 -0.25 -0.25 -0.25 -0.25 -0.25 -0.25 -0.23268745 0.25999979 0.26 0.26 0.26 0.26156483 0.52 0.52 0.52 0.52 0.52 0.52 0.52 0.52 0.89499992 0.895 0.895 0.895 0.895 0.895 0.49500037 0.495 0.495 0.495 0.495 1.21 1.21 1.21 1.21 1.2450864 1.34 1.34 1.34 0.77500632 0.775 0.775 -0.11 -0.11 -0.11 
0.16 0.16 0.15999999 0.15999966 0.1599583 0.13255115 -0.24900208 -0.24999915 -0.25 -0.25 -0.25 -0.25 -0.25 -0.24999997 -0.22536811 0.25998801 0.26 0.26 0.2600003 0.51473199 0.52 0.52 0.52 0.52 0.52 0.52 0.52 0.52 0.89499965 0.895 0.895 0.895 0.895 0.2837452 0.49499987 0.495 0.495 0.495 0.495 1.21 1.21 1.21 1.21 1.21 1.34 1.34 1.34 0.77500001 0.775 0.775 -0.11 -0.11 -0.11 
0.16 0.15999999 0.15999986 0.15999593 0.15968306 -0.066915145 -0.24982179 -0.24999948 -0.25 -0.25 -0.25 -0.25 -0.25 -0.24999904 -0.21666601 0.25981374 0.25999999 0.26000001 0.26134615 0.51997789 0.52 0.52 0.52 0.52 0.52 0.52 0.52 0.52000022 0.89499765 0.895 0.89499941 0.13340667 0.06 0.06 0.06 0.495 0.495 0.495 0.495 1.21 1.21 1.21 1.21 1.21 1.3399977 1.34 1.3399997 0.77500004 0.775 0.77499952 -0.11 -0.11 -0.11 
