interpolatedSpi/05-07|19_3.tif
NCOLS 53
NROWS 52
XLLCORNER -116.03883
YLLCORNER 28.596182
DX 0.49850594
DY 0.49788537
NODATA_VALUE -9999
[rows 0 to 31 of 52, columns 0 to 52 of 53]
0.5 0.5 0.53370086 -0.40333333 -0.34666667 -0.14 -0.03 -0.25333333 -0.93050116 -0.87333333 -0.69333333 -0.15666667 -0.623338 -0.68 -0.46 -0.46 -0.46 0.10666667 -0.12 -0.12 -0.12 -0.12000645 -0.78999999 -0.10666667 -0.10666667 -0.10666667 -0.403322 -0.40333333 -0.40333333 -0.65 -0.65 -0.65 -0.65 -1.2133332 -1.2133333 -1.2133333 -1.2133333 -1.2133333 -1.2133333 -1.2133333 -0.54387728 -0.536917 -1.52 -1.52 -1.52 -1.52 -1.5197387 -1.36 -1.36 -1.36 -0.19000243 -0.19 -0.19
0.49999748 0.44333333 0.63333389 0.50823444 -0.049891635 0.82666667 1.1566667 -0.32315152 -0.94666667 -0.65 -0.23 -0.62333333 -0.62333333 -0.04213406 -0.67999033 -0.46 0.10666667 0.10666667 -0.11970446 -0.12 -0.12 -0.12 -0.13877529 -0.10666667 -0.10666667 -0.10666667 -0.98666661 -0.98666667 -0.65 -0.65 -0.65 -0.65 -0.65 -1.2133333 -1.2133333 -1.2133333 -1.2133333 -1.2133333 -1.2133333 -1.1046253 -0.58335053 -1.4063428 -1.52 -1.52 -1.52 -1.52 -1.52 -1.36 -1.36 -1.36 -1.2629825 -0.19 -0.19
0.57664461 0.57666667 1.12 0.59666667 -0.053333333 -0.44666667 -0.10666667 0.55666667 -0.60666667 -0.83666667 -0.38 -0.49 0.013333333 -0.73333333 -0.04 -0.97333333 0.10666667 0.10666667 0.10666667 -0.46323353 -0.46333333 -0.46333333 -0.71666667 -0.10666667 -0.10666667 -0.10666667 -0.98666667 -0.98666667 -0.98666667 -0.65 -0.65 -0.65000003 -0.98377071 -1.2118751 -1.2060422 -0.43717805 -0.43 -0.43 -0.44928529 -0.58333333 -0.58333333 -0.58453109 -1.52 -1.52 -1.52 -1.52 -1.52 -1.36 -1.36 -1.36 -1.36 -0.19 -0.19
0.02 0.57666652 -0.17010468 0.17666667 -0.25666667 -0.08 0.27666667 -0.52 0.0033333333 -0.070452419 -0.66666667 -0.80666667 -0.69333333 -0.73333333 -0.47666667 -0.97333333 -0.56647022 -0.56286389 -1.1066667 -0.46333333 -0.46333333 -0.3 -0.71666667 -0.71666667 -0.10666667 -0.10667106 -0.98666667 -0.98666667 -0.98666667 -1.7266667 -1.5163402 -1.3433333 -1.3433333 -1.3433326 -0.43 -0.43 -0.43 -0.43 -0.58333333 -0.58333333 -0.58333333 -0.58333337 -1.52 -1.52 -1.52 -1.52 -1.52 -1.360002 -1.36 -1.36 -1.36 -0.19004377 -0.19
0.02 0.32999908 -0.17 -0.2512959 -0.25666667 0.31333333 0.16669068 -0.32666667 -0.44 -0.96000023 -0.95934915 -0.9600635 -1.4033333 -0.47666667 -0.47666667 -0.8025438 -0.56333333 -0.56333333 -1.1066667 -1.1066667 -0.46333307 -0.3 -0.58333333 -0.67 -0.38 -0.38001886 -0.98666667 -0.98666667 -1.7266667 -1.7266667 -1.3433333 -1.3433333 -1.3433333 -1.3885911 -0.43 -0.43 -0.43 -0.58333333 -0.58333333 -0.58333333 -0.58333333 -0.58341538 -1.52 -1.52 -1.52 -1.52 -1.52 -1.5185758 -1.36 -1.3600076 -1.53 -1.53 -1.53
-1.7066667 0.11 -0.006666631 -0.3 0.46 0.63333333 -0.93 -0.85275605 -1.17 -0.98666667 -1.4566667 -1.5533333 -1.5533332 -2.0233333 -2.0233333 -0.98662965 -0.98666667 -0.68333333 -0.68333333 -1.1066664 -0.92 -0.92 -0.67 -0.38 -0.38 -0.46 -1.1633333 -1.1633333 -0.9934003 -1.7266667 -1.3433333 -1.3433333 -1.5833333 -1.5833999 -2.2199543 -1.7633333 -1.7633333 -0.94839327 -0.58333333 -0.58333333 -1.4322732 -1.4333333 -1.4333332 -0.63261297 -0.6167665 -0.61666691 -0.6166667 -0.616667 -0.59043775 -1.53 -1.53 -1.53 -1.53
-0.39000361 0.39 0.20197799 0.010000001 0.2 -0.92666667 -1.2266667 -1.3533333 -1.72 -1.72 -1.4566667 -1.3733333 -1.2333333 -2.0233333 -0.8333369 -0.83333333 -0.98666667 -0.8 -0.84 -0.84 -0.96869737 -1.0233333 -1.0233333 -0.69666666 -0.46 -0.46 -1.1633333 -1.1633333 -0.99334985 -0.99363733 -0.99752968 -1.5833333 -1.5833333 -2.22 -2.22 -1.532769 -1.7633333 -1.7633333 -1.6300046 -1.4333336 -1.4333333 -1.4333333 -1.4333309 -0.61666663 -0.61666667 -0.61666667 -0.61666667 -0.61666654 -0.40333333 -1.5297767 -1.53 -1.53 -1.53
-0.39 -0.83333333 0.85333333 -1.1966667 -0.5600365 -1.8166667 -1.8966667 -1.4333333 -1.83 -1.32 -1.32 -1.12 -1.2333333 -1.2333333 -0.8360777 -0.44777955 -0.41 -0.86 -0.97666653 -0.84 -0.80735795 -0.8 -0.93 -1.2733333 -1.2733304 -1.0433333 -0.55 -0.55000022 -1.2756738 -1.2766667 -0.99666667 -1.2555125 -1.9433333 -2.22 -2.1875809 -1.34 -1.34 -1.63 -1.63 -1.4333333 -1.4333333 -1.4333333 -0.61356153 -0.61 -0.61666667 -0.61666667 -0.61666667 -0.40334145 -0.40333333 -0.40333333 -1.53 -1.53 -1.53
-0.78630152 -0.83333332 0.42666667 0.20333333 -0.026666667 -0.73 -0.88666667 -1.2033333 -1.6866667 -1.4022473 -1.2733333 -0.88666667 -0.88666667 -0.4 -0.39999721 -0.61941471 -0.62 -0.62 -0.87780934 -0.28333346 -0.88666667 -0.88666667 -0.63333333 -0.81308855 -1.0665113 -1.0433333 -0.70666667 -0.55 -0.72895402 -0.73 -1.0633333 -0.83333333 -0.75611101 -1.1566667 -1.0833333 -1.0266667 -1.31 -1.9866667 -1.0371053 -1.4330953 -1.38 -1.0733333 -0.61003745 -0.61 -0.61003752 -0.61666667 -0.97666665 -0.40333334 -0.40333333 -0.40333333 -0.40333333 -1.3942869 0.24
-0.52333333 -0.52333333 0.14333333 0.48 -0.05 -1.14 -0.9 -1 -0.84666667 -1.3299769 -1.13 -1.0466667 -0.4 -0.4 -0.10333333 -0.11041965 -0.62 -0.62003188 -0.83333333 -0.28333333 -0.28333333 -0.36106289 -0.63333333 -0.90666149 -0.90666667 -0.90666667 -0.70666667 -0.58333333 -0.58333333 -0.73 -0.73 -0.83304252 -0.68 -1.1566667 -0.89666667 -1.0266667 -1.31 -1.5466667 -1.0366667 -0.36112878 -1.0733333 -0.98762081 -0.84 -0.61 -0.61 -0.97666667 -0.97666667 -0.97666667 -0.40333333 -0.40333333 -0.44 -0.44 -0.43999975
-0.52333333 -0.52333333 0.013333333 -0.79333333 -0.16333333 -0.49666667 -0.97333332 -1.1833091 -1.28 -1.3266667 -0.76333333 -1.5333333 -1.0473136 -0.10333333 -0.10333333 -0.10333295 -0.1 -0.13848877 -0.83333333 -0.67 -0.67 0.54 0.54 -0.90666667 -0.90666667 -0.90666667 -0.58333333 -0.58333333 -0.58333333 -0.84333333 -0.84333333 -0.84333306 -0.49666667 -0.49666667 -1.33 -0.99 -0.77 -1.4333313 -0.79 -0.35 -0.35 -0.73333368 -0.84 -0.61 -0.74333334 -0.78666667 -0.70451052 -0.70333333 0.25666667 0.25666667 -0.44 -0.44 -0.44
-0.52333333 -0.29182123 -0.3309001 -1.0899663 0.033333333 -0.06 -0.97333333 -1.1833333 -1.2799992 -1.3261497 -1.5333331 -1.5333333 0.013333333 -0.10333333 -0.10333333 -0.1 -0.1 -0.10004174 -0.83333333 -0.67 -0.43238062 0.54 0.54 -0.90660878 -0.90666667 -0.86941178 -0.79333333 -0.79333333 -0.79333331 -0.84333333 -0.84333333 -0.64 -0.64 -0.49666895 -1.33 -0.61666688 -0.83895204 -1.4333333 -1.4333333 -0.35000001 -0.73333333 -0.73333333 -0.73333342 -0.74333333 -0.74333333 -0.78666667 -0.70333333 -0.70333333 0.25666667 0.25666667 -0.44 -0.44 -0.44
-0.96333333 -0.47011667 -0.50001007 -0.50425505 0.033332784 -0.059997797 -0.97333331 -1.1807484 -1.2733387 -1.2812186 0.013333333 0.013333333 0.013333333 0.013333333 -0.10331681 -0.1 -0.1 -0.1094685 -0.83333333 -0.66975894 0.16666667 0.16666667 0.16666667 0.16666667 -0.88841753 -0.79333333 -0.79333333 -0.79333333 -0.79333333 -0.79326385 -0.64 -0.64 -0.64 -0.64 -0.61666667 -0.61666667 -0.61666667 -1.3936841 -1.4254723 -0.38666667 -0.38666667 -0.73331469 -0.36667956 -0.74329705 -0.74333333 -0.78666667 -0.70333333 -0.70333333 0.25666666 0.25666667 -0.43747257 -0.44 -0.69961669
-0.96333333 -0.5 -0.5 -0.5 -0.5 -0.49999981 -0.97099535 -1.07271 -1.2555669 0.01193937 0.013333333 0.013333333 0.013333333 0.013333333 0.013333595 -0.1 -0.10000012 -0.15030166 -0.83331988 0.16666667 0.16666667 0.16666667 0.16666667 0.16666667 0.17278762 -0.46524994 -0.43666674 -0.43666667 -0.43666667 -0.43666667 -0.63999999 -0.64 -0.63999937 -0.11333333 -0.11333333 -0.61666667 0.093033291 0.11333333 -0.38666638 -0.38666667 -0.38666667 -0.38666667 -0.36666667 -0.36666667 -0.36666667 -0.36958948 -0.53445672 -0.53333333 -0.53333333 -0.53333333 -0.53333332 0.39999983 0.4
0.60666666 -0.5 -0.5 -0.5 -0.5 -0.5 -0.50000003 -0.82944403 0.36774541 0.37666667 0.37666667 0.37666667 0.37666667 0.37666667 0.37666666 0.82402331 -0.085253673 -0.20041762 0.16654118 0.16666667 0.16666667 0.16666667 0.16666667 0.16666754 0.45 0.45 0.44999875 -0.43666667 -0.43666667 -0.43521156 0.29 0.29 -0.11333333 -0.11333333 -0.11333333 0.07702397 0.11333333 0.11333333 0.11333333 -0.38666667 -0.38666667 -0.38666667 -0.36666667 -0.36666667 -0.36666667 -0.36666667 -0.53333331 -0.53333333 -0.53333333 -0.53333333 -0.53333333 0.4 0.4
0.60666667 0.19466724 -0.5 -0.5 -0.5 -0.5 -0.34669676 -0.34666667 -0.34666665 0.37666667 0.37666667 0.37666667 0.37666667 0.37666667 0.47741053 0.83333333 0.83333333 0.83333333 0.9110597 0.91333257 0.91333333 0.91333333 0.91333333 0.91333333 0.45 0.45 0.45 0.45 -0.43666667 0.29 0.29 0.29 -0.1133333 -0.11333333 -0.11333333 0.49333333 0.11383647 0.11333333 0.11333333 -0.3865097 -0.073534662 0.65687174 -0.36666667 -0.36666667 0.58372462 0.58666667 0.58666667 -0.53116092 0.78205386 0.78666655 0.78666642 1.0165733 0.40000125
0.60666667 -0.032363757 -0.27227928 -0.5 -0.5 -0.34675726 -0.34666667 -0.34666667 -0.34666667 -0.34145412 0.37666667 0.37666667 0.37666667 0.37666672 0.83333333 0.83333333 0.83333333 0.83333333 0.91326187 0.91333333 0.91333333 0.91333333 0.91333333 0.91333333 0.45000001 0.45 0.45 0.45 0.44941803 0.29 0.29 0.29 0.98333332 -0.11324515 0.49333333 0.49333333 0.49333333 0.49836163 0.62540219 0.66 0.66 0.66 0.91666667 0.91666667 0.58666667 0.58666667 0.58666667 0.78666666 0.78666667 0.78666667 0.78666667 1.0166667 1.0166667
-0.049605058 -0.05 -0.05 -0.050000001 -0.15333333 -0.34666168 -0.34666667 -0.34666667 -0.34666667 -0.34666667 0.37237626 0.37666593 0.37666667 0.83333333 0.83333333 0.83333333 0.83333333 0.83333333 0.87137958 0.91333333 0.91333333 0.91333333 0.91333333 0.91333333 1.0471065 1.6166603 1.6166667 1.6166667 1.6166667 0.29000004 0.98333332 0.98333333 0.98333333 0.98333333 0.49333333 0.49334545 0.95333333 0.95333333 0.6636627 0.66 0.66 0.66 0.91666667 0.91666667 0.63776203 0.58666667 0.58666667 0.78666667 0.78666667 0.78666667 0.78913286 1.0166667 1.0166667
-0.05 -0.05 -0.05 -0.098661208 -0.15333333 -0.15333333 -0.34666667 -0.34666667 -0.34666667 -0.34666667 0.32 0.32 0.32 0.83333333 0.83333333 0.83333333 0.83333333 0.83343689 1.3366667 1.3366667 0.91333351 0.91333333 0.9216109 1.2533333 1.2566043 1.6166667 1.6166667 1.6166667 1.6166667 0.98339782 0.98333333 0.98333333 0.98333333 0.98333333 0.95333172 0.95333333 0.95333333 0.95333333 0.95233385 0.66 0.66 0.66 0.91666667 0.91666667 0.91666667 0.58666667 0.58666667 0.78666667 0.78666667 0.78666667 1.0166667 1.0166667 1.0166667
-0.05 -0.05 -0.05 -0.15333333 -0.15333333 -0.15333333 -0.15333363 -0.34666667 -0.34666667 0.31931181 0.32 0.32 0.32 0.32031984 1.3405714 1.46 1.46 1.46 1.3366667 1.3366667 1.3366667 1.2533333 1.2533333 1.2533333 1.2533128 1.3876244 1.6166667 1.6166667 1.6166667 1.7054311 1.8532478 1.8533333 1.8533333 1.8533333 1.1870471 1.5133321 1.5133333 1.5133333 1.5133333 1.6398659 1.64 1.64 0.91666667 0.91666667 1.4499978 1.45 1.39 1.39 1.2166667 1.2166667 1.2166667 1.0166667 1.1598718
-0.049996762 -0.05 -0.050000004 -0.15333333 -0.15333333 -0.15333333 -0.15333333 0.25999982 -0.34424098 0.31993048 0.32 0.32 0.32 0.32223699 1.46 1.46 1.46 1.46 1.3366667 1.3366667 1.3366667 1.2533333 1.2533333 1.2533333 1.18 1.18 1.7233333 1.7233333 1.7233333 1.7240425 1.8533333 1.8533333 1.8533333 1.8533333 1.6834267 1.5133333 1.5133333 1.5133333 1.5133333 1.64 1.64 1.64 1.6340219 1.45 1.45 1.45 1.39 1.39 1.2166667 1.2166667 1.2166667 1.16 1.16
0.99333333 0.5228174 0.76666667 0.76639976 -0.15333333 0.25760847 0.26 0.26 0.43125796 0.24333334 0.24333333 0.24333333 0.24333333 1.1199715 1.12 1.4599997 1.46 1.4567503 1.3366667 1.3366667 1.3366667 0.70333333 0.70333333 0.70333333 1.18 1.18 1.7233333 1.7233333 1.7233333 1.7233333 1.6866677 1.6866671 1.8491444 1.8531547 1.5869696 1.5866667 1.5866667 1.5866667 1.5866667 1.64 1.64 1.64 1.4604619 1.45 1.45 1.4499999 1.39 1.39 1.3899938 1.2166667 1.2166473 0.78333333 1.16
1.2832783 1.2833332 0.76666667 0.76666667 0.76666667 0.26 0.26 0.26 0.73 0.73 0.24333333 0.24333333 0.24333333 1.12 1.12 1.12 1.12 1.1200253 1.3366667 1.3366667 1.3366666 0.70333333 0.70333333 0.70333333 1.18 1.18 1.7233333 1.7233333 1.7233333 1.6870801 1.6866667 1.6866667 1.6866667 1.6866667 1.586716 1.5866667 1.5866667 1.5866667 1.5866667 1.4266667 1.4266667 1.4266667 1.4266667 1.4499937 0.63 0.63 0.63 0.81666667 0.81666667 0.81666667 0.78333333 0.78333333 0.78333333
1.2833333 1.2833333 0.76666667 0.76666667 0.76666667 0.26266313 0.26 0.73 0.73 0.73 0.24339324 0.24333333 0.6355532 1.1199999 1.12 1.12 1.12 0.85 0.85 0.85 0.93666666 0.93666649 0.70333447 0.70333333 0.70375372 1.1866667 1.1866667 1.1866679 1.7232466 1.6300113 1.6300003 1.6300099 1.6865698 1.6866178 1.6044393 1.5866663 1.5834048 0.61333333 0.61333333 1.4266667 1.4266667 1.4266667 1.4266667 0.63 0.63 0.63 0.63 0.81666667 0.81666667 0.81666667 0.78333333 0.78333333 0.78333333
1.2833333 1.2833333 0.76666667 0.76666667 0.76666667 0.76666666 0.43590727 0.73 0.73 0.73 0.72999632 0.72333333 0.72333333 0.72333333 1.1176624 1.12 0.85179921 0.85 0.85 0.85 0.93666667 0.93666667 0.93666667 0.93666667 1.1866667 1.1866667 1.1866667 1.1866667 1.1866667 1.63 1.63 1.63 1.63 1.6299997 1.5033333 0.61333333 0.61333333 0.61333333 0.61333333 0.61333276 0.30333333 0.30333333 0.30333333 0.43024442 0.69333333 0.69333333 0.69333333 0.81666666 0.81666681 0.96 0.96 1.5298184 1.53
1.2833333 1.2833333 0.95314705 0.76666667 0.76666667 0.76666668 1.2158031 0.7315337 0.73 0.73 0.72333347 0.72333333 0.72333333 0.72333333 0.72333333 0.75586567 0.85 0.85 0.85 0.85 0.936666 0.93666667 0.93666667 0.93666667 1.1866667 1.1866667 1.1866667 1.1866667 1.1866667 1.1275096 1.63 1.63 1.63 1.5033333 1.5033333 1.5026422 0.61333333 0.61333333 0.77278725 0.89666664 0.30333333 0.30333333 0.30333333 0.4302462 0.69333333 0.69333333 0.69333333 1.4866667 0.96656222 0.96 0.96 1.53 1.53
1.6266667 1.6266667 1.6266667 0.98229231 0.76797471 1.2166667 1.2166667 1.2166667 1.2166667 1.3766667 1.3766667 0.72333338 0.72333333 0.72333333 0.72333333 0.72334138 0.85 0.85 0.85 0.85 0.89884814 0.93666667 0.93666667 0.92602403 0.55924063 1.1866667 1.1866667 1.1866667 0.95 0.95 0.95 0.95000285 1.5033333 1.5033333 1.5033333 1.5033333 0.89666667 0.89666667 0.89666667 0.89666667 0.72 0.72 0.72 1.1499914 1.15 1.15 1.1499999 1.4866667 1.4866667 0.96064171 0.96 1.5300002 1.53
1.6266667 1.6266667 1.6266667 1.6266686 1.6633333 1.5983807 1.2166667 1.2166667 1.2166667 1.3766667 1.3766667 1.3766667 1.2633333 1.2633333 1.2633333 1.2633333 0.850806 0.85 0.85 0.85 0.85129197 0.53000112 0.53 0.53 0.53 0.52999999 0.063333342 0.063333333 0.95 0.95 0.95 0.95 1.5033333 1.5033333 1.5033333 1.503326 0.89666668 0.89666667 0.89666667 0.89861149 0.72 0.72 0.72 1.1499801 1.15 1.15 1.15 1.4866667 1.4866667 1.4866667 1.5766667 1.5766667 1.4233333
1.6266667 1.6266667 1.6266667 1.6633332 1.6633333 1.6633333 1.2166668 1.2166667 1.2166667 1.3766667 1.3766667 1.3766667 1.2633333 1.2633333 1.2633333 1.2653643 1.29 1.29 1.2899989 0.85248523 0.53 0.53 0.53 0.53 0.53 0.52964881 0.063333333 0.063333333 0.063333335 0.95 0.95 0.94989272 1.4133333 1.4133333 1.4133333 1.26 1.26 1.34 1.34 1.34 1.7033333 0.72030844 0.72000784 1.77 1.77 1.7465027 1.1500022 1.4866667 1.4866667 1.5766667 1.5766667 1.5766667 1.4233333
1.6266667 1.6266667 1.6266667 1.6633333 1.6633333 1.6633333 1.6633333 1.2166667 1.2166667 1.3766667 1.3766667 1.267865 1.2633333 1.2633333 1.2633333 1.29 1.29 1.29 1.29 1.29 0.53 0.53 0.53 0.53 0.53 0.063334925 0.063333333 0.063333333 0.063333333 0.78333333 0.78333333 0.78333333 1.4133333 1.4133333 1.4133333 1.26 1.26 1.34 1.34 1.7033333 1.7033333 1.7033333 1.77 1.77 1.77 1.77 1.7472726 1.4933333 1.4933333 1.4933333 1.5766667 1.29 1.29
1.6266667 1.6266667 1.6267177 1.6633333 1.6633333 1.6633333 1.6633333 1.8283487 1.8366667 1.8358769 1.3766667 1.2633403 1.2633333 1.2633333 1.2633334 1.29 1.29 1.29 1.29 1.29 0.9967587 0.53 0.53 0.53 0.52995469 0.063347212 0.063333333 0.063333333 0.063333333 0.78333333 0.78333333 0.78333333 0.78342373 1.4133333 1.26 1.26 1.26 1.2600036 1.3400248 1.7033333 1.7033333 1.7033333 1.769996 1.77 1.77 1.77 1.4933317 1.4933333 1.4933333 1.4933333 1.29 1.29 1.29
1.6 1.6 1.6633118 1.6633333 1.6633333 1.6633333 1.8366298 1.8366667 1.8366667 1.8366667 1.3466667 1.3466667 1.3466667 1.3466667 1.2902615 1.29 1.29 1.29 1.29 1.0166668 1.0166667 1.0166667 0.31000004 0.31 0.31 0.31 0.28870949 0.063333333 0.71663991 0.71666667 0.71666667 0.71666667 0.71666667 1.62 1.62 1.62 1.62 1.62 2.0066667 2.0066667 2.0066667 2.0066667 2.0066667 1.327335 1.3266667 1.3266667 1.3266667 1.4933333 1.4933333 1.4933333 1.290032 1.29 1.29
