interpolatedSpi/05-06|23_3.tif
NCOLS 53
NROWS 52
XLLCORNER -116.03883
YLLCORNER 28.596182
DX 0.49850594
DY 0.49788537
NODATA_VALUE -9999
0.695 0.695 0.095786324 0.31 -0.18 0.64 -0.18 2.6019764e-20 -1.1158297 -0.865 -0.92 -0.57 -0.81003335 -1.215 -0.885 -0.885 -0.885 -0.67 -0.33 -0.33 -0.33 -0.32999326 0.36999999 -1.035 -1.035 -1.035 -1.1899976 -1.19 -1.19 -1.375 -1.375 -1.375 -1.375 -2.5949998 -2.595 -2.595 -2.595 -2.595 -2.595 -2.5949999 -0.087013596 -0.060034938 -0.195 -0.195 -0.195 -0.195 -0.19691918 -1.37 -1.37 -1.37 -1.3100001 -1.31 -1.31 
0.69496246 -0.15 -0.37499924 -0.30603523 -0.22514877 0.085 0.18 -0.19457896 -0.465 -0.895 -0.325 -0.81 -0.81 -0.1884345 -1.2149846 -0.885 -0.67 -0.67 -0.33044331 -0.33 -0.33 -0.33 -1.0315786 -1.035 -1.035 -1.035 -0.64000003 -0.64 -1.375 -1.375 -1.375 -1.375 -1.375 -2.5949998 -2.595 -2.595 -2.595 -2.595 -2.5949999 -2.2774495 -0.61015019 -0.24535782 -0.195 -0.195 -0.195 -0.195 -0.195 -1.37 -1.37 -1.37 -1.3650247 -1.31 -1.31 
0.68499708 0.685 0.28 -0.03 -0.165 0.36 -0.43 0.615 -0.93 -1.255 -1.165 -0.575 -1.16 -1.305 -0.185 -0.86 -0.67 -0.67 -0.67 -0.025088664 -0.025 -0.025 -0.97 -1.035 -1.035 -1.035 -0.64 -0.64 -0.64 -1.375 -1.375 -1.375 -1.064497 -2.591559 -2.5863902 -1.6784762 -1.67 -1.67 -1.5366799 -0.61000001 -0.61 -0.60946932 -0.195 -0.195 -0.195 -0.195 -0.195 -1.37 -1.37 -1.37 -1.37 -1.31 -1.31 
1.08 0.68499987 0.0247572 -0.035 -0.72 -0.325 -0.33 -0.565 -0.34 -1.0684165 -1.195 -0.91 -0.845 -1.305 -0.96 -0.86 -0.71114764 -0.70997197 -0.305 -0.025 -0.025 -1.205 -0.97 -0.97 -1.035 -1.034998 -0.64 -0.64 -0.64 -1.05 -0.87442313 -0.73 -0.73 -0.73000074 -1.67 -1.67 -1.67 -1.67 -0.61 -0.61 -0.61 -0.60999998 -0.195 -0.195 -0.195 -0.195 -0.195 -1.3699852 -1.37 -1.37 -1.37 -1.3100103 -1.31 
1.08 -0.2999994 0.025 -1.0659899 -0.72 -1.06 -1.2800604 -2.235 -2.36 -1.2400004 -1.2358143 -1.2248618 -0.26 -0.96 -0.96 -0.89073348 -0.71 -0.71 -0.305 -0.305 -0.025002292 -1.205 -0.335 0.545 -0.275 -0.2750188 -0.64 -0.64 -1.05 -1.05 -0.73 -0.73 -0.73 -0.75074308 -1.67 -1.67 -1.67 -0.61 -0.61 -0.61 -0.61 -0.6099971 -0.19500001 -0.195 -0.195 -0.195 -0.195 -0.20545896 -1.37 -1.3700114 -1.625 -1.625 -1.625 
-1.075 -1.09 -1.225 -0.79 -1.1 -1.42 -1.51 -1.6028208 -1.57 -1.97 -2.555 -1.525 -1.5249992 -1.8 -1.8 -0.11503622 -0.115 -1.025 -1.025 -0.30500013 -0.6 -0.6 0.545 -0.275 -0.275 -0.355 -0.885 -0.885 -0.52504962 -1.05 -0.73 -0.73 -0.84 -0.84001358 -0.96999074 -1.065 -1.065 -0.75076464 -0.61 -0.61 -0.58003742 -0.58 -0.57999954 -1.3836402 -1.4048663 -1.4049997 -1.405 -1.4049995 -1.6879786 -1.625 -1.625 -1.625 -1.625 
0.24000562 -1.025 -0.95362298 -1.825 -1.715 -1.485 -1.345 -1.87 -2.46 -2.46 -2.555 -1.565 -1.505 -1.8 -0.2650046 -0.265 -0.115 -0.06 -0.455 -0.455 -0.2724709 0.095 0.095 -0.41 -0.355 -0.355 -0.885 -0.885 -0.52508508 -0.52656646 -0.36500944 -0.84 -0.84 -0.97 -0.97 -1.3727216 -1.065 -1.065 -1.1749962 -0.58000083 -0.58 -0.58 -0.57999858 -1.4049986 -1.405 -1.405 -1.405 -1.4050002 -1.71 -1.6250168 -1.625 -1.625 -1.625 
0.24 -0.98 -0.49 -2.61 -2.1300275 -2.23 -2.565 -2.93 -1.98 -1.97 -1.97 -1.36 -1.505 -1.505 -0.27350755 -0.49724303 -0.52 -0.05 -0.72499972 -0.455 -0.34249506 -0.275 -0.14 0.55 0.54998297 -0.77 -0.595 -0.5950001 -1.979884 -1.985 -0.36 -1.0731598 -0.995 -0.97 -0.97556164 -1.63 -1.63 -1.175 -1.175 -0.58 -0.58 -0.58 -1.1471238 -1.15 -1.405 -1.405 -1.405 -1.7099884 -1.71 -1.71 -1.625 -1.625 -1.625 
-1.0095845 -0.97999999 -0.11 -2.39 -2.125 -3.055 -2.285 -1.85 -2.63 -1.7049724 -0.8 -1.185 -1.185 -0.79 -0.78999854 -0.7593311 -0.76 -0.76 -0.15303979 -0.28000017 -1.07 -1.07 -0.41 -0.24640256 -0.63697885 -0.77 -0.925 -0.595 -0.64968039 -0.65 -1.095 -0.745 -0.5586497 -1.495 -1.165 -1.445 -1.315 -1.445 -1.0251939 -0.57908493 -0.375 -0.77 -1.1498462 -1.15 -1.1514353 -1.405 -1.745 -1.71 -1.71 -1.71 -1.71 -1.4170726 0.11 
-1.175 -1.175 0.1 -0.605 -2.82 -1.995 -1.615 -2.245 -1.705 -1.4699728 -1.865 -0.605 -0.79 -0.79 -0.635 -0.63671443 -0.76 -0.75995117 -0.53 -0.28 -0.28 -0.38177849 -0.41 -0.37000076 -0.37 -0.37 -0.925 -0.89 -0.89 -0.65 -0.65 -0.74429825 -0.375 -1.495 -1 -1.445 -1.315 -2.19 -1.025 -0.19369485 -0.76999998 -0.56245324 -0.205 -1.15 -1.15 -1.745 -1.745 -1.745 -1.71 -1.71 0.045 0.045 0.045000024 
-1.175 -1.175 -1.25 -1.88 -2.07 -0.59 -1.845 -1.0362256 -1.335 -1.53 -0.835 -0.295 -0.60458757 -0.635 -0.635 -0.63500577 -0.685 -0.67686487 -0.53 0.01 0.01 0.29 0.29 -0.37 -0.37 -0.37 -0.89 -0.89 -0.89 -0.66 -0.66 -0.65999953 -0.62 -0.62 -1.65 -1.38 -0.57 -0.95500732 -0.475 -0.18 -0.18 -0.59499872 -0.205 -1.15 -0.31000029 -0.49 -0.10210617 -0.095000004 -0.125 -0.125 0.045 0.045 0.045 
-1.175 -1.2075827 -1.5188435 -2.2349819 -1.33 -1.47 -1.845 -1.035 -1.3349975 -1.5278396 -0.29500161 -0.295 0.11 -0.635 -0.635 -0.685 -0.685 -0.68499118 -0.53 0.01 0.064986304 0.29 0.29 -0.36997316 -0.37 -0.19577863 0.16 0.16 0.15999987 -0.66 -0.66 -0.02 -0.02 -0.62000282 -1.65 -0.50000053 -0.7696405 -0.955 -0.955 -0.18000001 -0.595 -0.595 -0.59499788 -0.31 -0.31 -0.49 -0.095 -0.095 -0.125 -0.125 0.045 0.045 0.045 
-0.195 -0.66316291 -0.60504688 -0.61679922 -1.330001 -1.4699967 -1.845 -1.0449706 -1.3143269 -1.340092 0.11 0.11 0.11 0.11 -0.63489447 -0.685 -0.685 -0.6829987 -0.53 0.010160052 0.575 0.575 0.575 0.575 -0.35356886 0.16 0.16 0.16 0.16 0.15942487 -0.02 -0.02 -0.02 -0.02 -0.5 -0.5 -0.5 -0.93406466 -0.95135739 -0.47 -0.47 -0.59499328 -0.58999041 -0.31002697 -0.31 -0.49 -0.095 -0.095 -0.125 -0.125 0.044383258 0.045 -0.46302939 
-0.195 -0.605 -0.605 -0.605 -0.605 -0.60500036 -1.84404 -1.461777 -1.2591732 0.10843905 0.11 0.11 0.11 0.11 0.11000041 -0.685 -0.68499998 -0.67436806 -0.52999858 0.575 0.575 0.575 0.575 0.575 0.56516268 -0.049300429 -0.18999993 -0.19 -0.19 -0.19 -0.019999992 -0.02 -0.01999911 0.72 0.72 -0.5 0.42358214 0.45 -0.46999947 -0.47 -0.47 -0.47 -0.59 -0.59 -0.59 -0.58930409 -0.26894343 -0.27 -0.27 -0.27 -0.27 0.11999998 0.12 
-0.915 -0.605 -0.605 -0.605 -0.605 -0.605 -0.60500008 -1.11456 0.67464382 0.685 0.685 0.685 0.685 0.685 0.68499999 0.33702735 -0.66887866 -0.66377502 0.57486101 0.575 0.575 0.575 0.575 0.57499978 0.12 0.12 0.11999956 -0.19 -0.19 -0.18849817 0.56 0.56 0.72 0.72 0.72 0.49325104 0.45 0.45 0.45 -0.47 -0.47 -0.47 -0.59 -0.59 -0.59 -0.59 -0.27000001 -0.27 -0.27 -0.27 -0.27 0.12 0.12 
-0.915 -0.79959052 -0.605 -0.605 -0.605 -0.605 0.23483514 0.235 0.23500001 0.685 0.685 0.685 0.685 0.685 0.60668452 0.33 0.33 0.33 0.38557844 0.38500019 0.385 0.385 0.385 0.385 0.12 0.12 0.12 0.12 -0.19 0.56 0.56 0.56 0.71999999 0.72 0.72 0.405 0.44994042 0.45 0.45 -0.47008649 -0.64351901 -1.0482665 -0.59 -0.59 -0.80932107 -0.81 -0.81 -0.27065934 -0.66860218 -0.66999997 -0.66999992 -0.059972906 0.11999963 
-0.915 0.14572571 -0.21028409 -0.605 -0.605 0.23450369 0.235 0.235 0.235 0.23824283 0.685 0.685 0.685 0.68499996 0.33 0.33 0.33 0.33 0.38495087 0.385 0.385 0.385 0.385 0.385 0.12000001 0.12 0.12 0.12 0.12160043 0.56 0.56 0.56 0.455 0.71996156 0.405 0.405 0.405 0.39857269 -0.95501373 -1.05 -1.05 -1.05 -0.935 -0.935 -0.81 -0.81 -0.81 -0.67 -0.67 -0.67 -0.67 -0.06 -0.06 
0.17441113 0.175 0.175 0.175 0.645 0.23501058 0.235 0.235 0.235 0.235 0.61118435 0.6849873 0.68499997 0.33 0.33 0.33 0.33 0.33 0.32768322 0.385 0.385 0.385 0.385 0.385 0.44151148 0.73499667 0.735 0.735 0.735 0.55999999 0.455 0.455 0.455 0.455 0.405 0.40498459 -0.18 -0.18 -1.0391368 -1.05 -1.05 -1.05 -0.935 -0.935 -0.8293543 -0.81 -0.81 -0.67 -0.67 -0.67 -0.66345921 -0.06 -0.06 
0.175 0.175 0.175 0.39633001 0.645 0.645 0.235 0.235 0.235 0.235 -0.29 -0.29 -0.29 0.33 0.33 0.33 0.33 0.32998761 0.225 0.225 0.38499994 0.385 0.38633902 0.44 0.44265576 0.735 0.735 0.735 0.735 0.45502851 0.455 0.455 0.455 0.455 -0.17999794 -0.18 -0.18 -0.18 -0.18311306 -1.05 -1.05 -1.05 -0.935 -0.935 -0.935 -0.81 -0.81 -0.67 -0.67 -0.67 -0.060000001 -0.06 -0.06 
0.175 0.175 0.175 0.645 0.645 0.645 0.64499937 0.235 0.235 -0.28945805 -0.29 -0.29 -0.29 -0.28961371 0.26929332 0.255 0.255 0.255 0.225 0.225 0.225 0.44 0.44 0.44 0.44005883 0.69041543 0.735 0.735 0.735 -0.18501675 -0.33992181 -0.34 -0.34 -0.34 -0.56429781 -1.1049979 -1.105 -1.105 -1.105 -0.2301122 -0.23 -0.23 -0.935 -0.935 0.044995909 0.044999798 -0.525 -0.525 -0.65 -0.65 -0.65 -0.06 -0.61949929 
0.17500048 0.175 0.17500002 0.645 0.645 0.645 0.64499999 0.075000047 0.23436026 -0.28965996 -0.29 -0.29 -0.29 -0.28893056 0.255 0.255 0.255 0.25499999 0.225 0.225 0.225 0.44 0.44 0.44 0.65 0.65 0.635 0.635 0.635 0.62968107 -0.34 -0.34 -0.34 -0.34 -0.72229005 -1.105 -1.105 -1.105 -1.105 -0.23 -0.23 -0.23 -0.22134745 0.045 0.045 0.045 -0.525 -0.525 -0.65 -0.65 -0.65 -0.62 -0.62 
0.33 0.25700919 0.085 0.085162466 0.645 0.078298001 0.075 0.075 0.16973844 0.085000006 0.085 0.085 0.085 0.4749873 0.475 0.25500017 0.255 0.25420954 0.225 0.225 0.225 0.245 0.245 0.245 0.65 0.65 0.635 0.635 0.635 0.63499939 -0.21000083 -0.21000037 -0.33673265 -0.33986063 -1.6534957 -1.655 -1.655 -1.655 -1.655 -0.23 -0.23 -0.23 0.029857255 0.045 0.045 0.044999852 -0.525 -0.525 -0.5250045 -0.65 -0.65002996 -1.32 -0.62 
0.45497626 0.45499994 0.085 0.085 0.085 0.075 0.075 0.075 0.335 0.335 0.085 0.085 0.085 0.475 0.475 0.475 0.475 0.47497142 0.225 0.225 0.225 0.245 0.245 0.245 0.65 0.65 0.635 0.635 0.635 -0.20047256 -0.21 -0.21 -0.21 -0.21 -1.654287 -1.655 -1.655 -1.655 -1.655 -0.80499985 -0.805 -0.805 -0.805 0.044993632 -0.785 -0.785 -0.785 -1.555 -1.555 -1.555 -1.32 -1.32 -1.32 
0.455 0.455 0.085 0.085 0.085 0.075052562 0.075 0.335 0.335 0.335 0.085030775 0.085 0.26068182 0.47499996 0.475 0.475 0.475 0.065000001 0.065 0.065 0.23 0.23000001 0.24499993 0.245 0.24547535 0.855 0.855 0.85499948 0.63503555 -0.080025907 -0.080000692 -0.080022696 -0.20977782 -0.20988781 -1.3975559 -1.6549999 -1.6544303 -1.485 -1.485 -0.805 -0.805 -0.805 -0.805 -0.785 -0.785 -0.785 -0.785 -1.555 -1.555 -1.555 -1.32 -1.32 -1.32 
0.455 0.455 0.085 0.085 0.085 0.085 0.17231041 0.335 0.335 0.335 0.33498067 0.3 0.3 0.3 0.47396868 0.475 0.067732139 0.065 0.065 0.065 0.23 0.23 0.23 0.23 0.855 0.855 0.855 0.855 0.855 -0.08 -0.08 -0.08 -0.08 -0.080001053 -0.58 -1.485 -1.485 -1.485 -1.485 -1.4849993 -1.375 -1.375 -1.375 -1.2952714 -1.13 -1.13 -1.13 -1.555 -1.5550002 -1.755 -1.755 -1.250017 -1.25 
0.455 0.455 0.21854402 0.085 0.085 0.085 0.095425885 0.33424365 0.335 0.335 0.3 0.3 0.3 0.3 0.3 0.31430923 0.065 0.065 0.065 0.065 0.22999872 0.23 0.23 0.23 0.855 0.855 0.855 0.855 0.855 0.47421731 -0.08 -0.08 -0.08 -0.58 -0.58 -0.58070276 -1.485 -1.485 -1.9098978 -2.2399999 -1.375 -1.375 -1.375 -1.2976324 -1.13 -1.13 -1.13 -1.54 -1.7523211 -1.755 -1.755 -1.25 -1.25 
0.11 0.11 0.11 0.091268187 0.084920612 0.095 0.095 0.095 0.095 0.3 0.3 0.3 0.3 0.3 0.3 0.29998507 0.065 0.065 0.065 0.065 0.15799935 0.23 0.23 0.25800235 1.2801846 0.855 0.855 0.855 0.67 0.67 0.67 0.66999685 -0.58 -0.58 -0.58 -0.58 -2.24 -2.24 -2.24 -2.24 -1.355 -1.355 -1.355 -1.5099969 -1.51 -1.51 -1.5099999 -1.54 -1.54 -1.754738 -1.755 -1.2500007 -1.25 
0.11 0.11 0.11 0.10999569 0.03 0.039452068 0.095 0.095 0.095 0.3 0.3 0.3 -0.58999996 -0.59 -0.59 -0.58999997 0.064899249 0.065 0.065 0.065 0.067560401 1.2999971 1.3 1.3 1.3 1.3 0.85 0.85 0.67 0.67 0.67 0.67 -0.58000009 -0.58 -0.58 -0.58001018 -2.24 -2.24 -2.24 -2.2389033 -1.355 -1.355 -1.355 -1.5099928 -1.51 -1.51 -1.51 -1.54 -1.54 -1.54 -1.385 -1.385 -1.415 
0.11 0.11 0.11 0.030000184 0.03 0.03 0.094999976 0.095 0.095 0.3 0.3 0.3 -0.59 -0.59 -0.59 -0.54430427 0.01 0.01 0.010000142 0.064689356 1.3 1.3 1.3 1.3 1.3 1.2996614 0.85 0.85 0.85 0.67 0.67 0.66979081 -0.705 -0.705 -0.705 -1.345 -1.345 -1.99 -1.99 -1.99 -0.97 -1.3548792 -1.3550031 -1.775 -1.775 -1.7649568 -1.5100008 -1.54 -1.54 -1.385 -1.385 -1.385 -1.415 
0.11 0.11 0.11 0.03 0.03 0.03 0.03 0.095 0.095 0.3 0.3 -0.55441284 -0.59 -0.59 -0.59 0.01 0.01 0.01 0.01 0.01 1.3 1.3 1.3 1.3 1.3 0.85000154 0.85 0.85 0.85 0.345 0.345 0.345 -0.705 -0.705 -0.705 -1.345 -1.345 -1.99 -1.99 -0.97 -0.97 -0.97 -1.775 -1.775 -1.775 -1.775 -1.7860899 -1.91 -1.91 -1.91 -1.385 -0.96 -0.96 
0.11 0.11 0.1098886 0.03 0.03 0.03 0.03 0.20612218 0.215 0.21514593 0.29999998 -0.58996189 -0.59 -0.59 -0.58999792 0.01 0.01 0.01 0.01 0.01 0.21625748 1.3 1.3 1.3 1.2999516 0.8500121 0.85 0.85 0.85 0.345 0.345 0.345 0.34484532 -0.705 -1.345 -1.345 -1.345 -1.3450263 -1.9899304 -0.97 -0.97 -0.97 -1.7749511 -1.775 -1.775 -1.775 -1.9100018 -1.91 -1.91 -1.91 -0.96 -0.96 -0.96 
0.14 0.13999995 0.030045958 0.03 0.03 0.03 0.21496063 0.215 0.215 0.215 -0.13499999 -0.135 -0.135 -0.135 0.0093306976 0.01 0.01 0.01 0.01 0.1699999 0.17 0.17 1.065 1.065 1.065 1.065 1.0464427 0.85 -0.034963754 -0.035 -0.035 -0.035 -0.035 -1.045 -1.045 -1.045 -1.045 -1.045 -1.35 -1.35 -1.35 -1.35 -1.35 -2.0895252 -2.09 -2.09 -2.09 -1.91 -1.91 -1.91 -0.96014967 -0.96 -0.96 
0.14 0.14 0.14213495 0.39499927 0.39499992 0.39482427 0.215 0.215 0.215 0.215 -0.135 -0.135 -0.135 -0.135 -0.135 0.01 0.01 0.01 0.16999996 0.17 0.17 0.17 1.065 1.065 1.065 1.065 1.065 1.0649534 -0.034777958 -0.034999998 -0.035 -0.035 -0.034910801 -0.90894361 -1.0448591 -1.045 -1.045 -1.045 -1.35 -1.35 -1.35 -1.35 -1.35 -2.09 -2.09 -2.09 -2.09 -2.0058285 -1.91 -1.0398181 -1.03 -0.835 -0.835 
0.14 0.14 0.3949677 0.395 0.395 0.395 0.34928076 0.215 0.215 0.215 -0.135 -0.135 -0.135 -0.135 -0.135 0.0098895652 0.01 0.16995309 0.17 0.17 0.17 0.17 0.73344145 1.065 1.065 1.065 1.065 1.0646283 0.54 0.54 0.54 0.54 0.54 -0.805 -0.805 -0.805 -0.805 -0.805 -1.675 -1.675 -1.675 -1.675 -1.675 -2.0872409 -2.0899994 -2.09 -2.0898085 -2.0667996 -1.03 -1.03 -1.03 -0.83500109 -0.835 
0.13999992 0.095877319 0.39499996 0.395 0.395 0.395 0.395 0.21507664 0.215 0.215 -0.135 -0.135 -0.135 -0.135 -0.01277642 -0.01 -0.01 0.16999537 0.17 0.17 0.17 0.17 0.17000013 1.065 1.065 1.065 1.065 0.74999981 0.7499999 0.7053069 0.54 0.54 0.54 -0.805 -0.805 -0.805 -0.805 -0.80461395 -1.675 -1.675 -1.675 -1.675 -1.6749617 -0.96 -0.96 -0.96 -0.96 -0.96000564 -1.03 -1.03 -1.03 -1.0299999 -0.93845362 
0.095 0.095 0.15636662 0.395 0.395 0.395 0.395 0.395 0.21507629 0.025000003 0.025 0.025 0.024620287 -0.01000018 -0.01 -0.01 -0.01 -0.01 0.17000318 0.19718171 0.435 0.435 0.435 0.59430718 1.0469918 0.95063344 0.86927447 0.75 0.75 0.75 0.75 0.75 0.73461254 -0.23146466 -0.235 -0.235 -0.235 -0.235 -1.5810726 -1.1750009 -1.175 -1.175 -1.175 -0.66500087 -0.95999992 -0.96 -0.96 -0.36 -1.0299893 -1.03 -1.03 -0.94 -0.94 
0.095 0.095 0.135 0.135 0.135 0.39491339 0.395 0.395 0.025 0.025 0.025 0.025 0.025 -0.0099999984 -0.01 -0.01 -0.01 -0.01 0.435 0.435 0.435 0.435 0.435 0.83999998 0.84 0.84 0.84 0.75 0.75 0.75 0.75 0.75 0.08 0.08 -0.235 -0.235 -0.235 0.089944653 0.09 -1.175 -1.175 -1.175 -1.1749999 -0.665 -0.665 -0.665 -0.36 -0.36 -0.36 -0.405 -0.405 -0.94 -0.94 
0.095 0.095 0.135 0.135 0.135 0.135 0.13500233 0.56 0.025503719 0.025 0.025 0.025 0.025 -0.0095634068 -0.01 -0.01 -0.01 -0.01 0.43499999 0.435 0.435 0.435 0.435 0.84 0.84 0.84 0.84 0.83999965 0.75 0.75 0.75 0.080035127 0.08 0.08 0.08 -0.235 0.089999996 0.09 0.09 0.056715479 -0.7366356 -0.655 -0.655 -0.665 -0.665 -0.665 -0.36 -0.36 -0.36 -0.405 -0.405 -0.405 -0.23806983 
0.1 0.099999961 0.135 0.135 0.135 0.135 0.56 0.56 0.56 0.025 0.025 0.025 0.025 0.02498912 -0.01 -0.01 -0.01 -0.01 0.43499191 0.435 0.435 0.43499999 0.76863589 0.84 0.84 0.84 0.84 0.96999989 0.97 0.97 0.75233615 0.08 0.08 0.08 0.079999513 -0.42999999 0.09 0.09 0.09 0.089999993 -0.655 -0.655 -0.655 -0.235 -0.235 -0.235 0.42492355 -0.36 -0.36 -0.405 -0.405 -0.405 -0.16499916 
0.1 0.1 0.135 0.135 0.135 0.56 0.56 0.56 0.56 0.083654359 0.025000001 0.025 0.025000001 0.024999836 -0.07499252 -0.075 -0.075 -0.075 -0.060106925 -0.205 -0.205 -0.205 -0.205 0.84 0.84 0.84 0.84000858 0.97 0.97 0.97 0.97 0.080019615 -0.20686025 -0.43 -0.43 -0.43 0.088337069 -0.35499074 -0.355 -0.355 -0.65462402 -0.17500001 -0.175 -0.235 -0.235 -0.23499721 0.425 0.425 0.2 0.2 0.2 0.415 0.135 
0.1 0.099999999 -0.05 -0.05 -0.05 0.56 0.56 0.56 0.56 0.34 0.34 0.34 0.34 0.31075398 -0.075 -0.075 -0.075 -0.075 -0.055 -0.205 -0.205 -0.205 -0.205 -0.245 -0.24499957 0.8399984 0.97 0.97 0.97 0.97 0.6611721 0.36 -0.33600083 -0.43 -0.43 -0.43 -0.355 -0.355 -0.355 -0.355 -0.175 -0.175 -0.175 0.45480134 0.455 0.42513485 0.425 0.425 0.20000183 0.2 0.415 0.415 0.135 
0.1 -0.049999999 -0.05 -0.05 -0.05 -0.05 0.55344036 -0.285 -0.285 0.34 0.34 0.34 0.34 0.33990172 -0.075 -0.075 -0.075 -0.074096337 -0.055 -0.055 -0.205 -0.205 -0.245 -0.245 -0.245 -0.245 0.97 0.97 0.97 0.97 0.36 0.36 0.36 -0.42920059 -0.43 -0.43 -0.355 -0.355 -0.355 -0.355 -0.175 -0.175 -0.175 0.455 0.455 0.45502153 0.835 0.835 0.575 0.575 0.415 0.415 0.135 
-0.048591313 -0.05 -0.05 -0.05 -0.05 -0.05 -0.285 -0.285 -0.285 0.04952612 0.34 0.34 0.34 0.3399839 -0.075 -0.075 -0.075 -0.055 -0.055 -0.055 -0.20499251 -0.20500024 -0.245 -0.245 -0.245 -0.245 0.96991364 0.97 0.97 0.36014028 0.36 0.36 0.36 0.36 -0.42774402 -0.185 -0.185 -0.18794215 -0.355 -0.355 -0.17500016 -0.175 0.43668262 0.455 0.455 0.83499986 0.835 0.835 0.575 0.575 -0.1 -0.1 -0.135 
-0.05 -0.05 -0.05 -0.05 -0.05 -0.05 -0.285 -0.285 -0.285 -0.285 -0.40497854 -0.405 -0.405 -0.405 -0.0750008 -0.18076663 -0.24 -0.24 -0.055341046 -0.055 -0.05500003 -0.24499994 -0.245 -0.245 -0.245 -0.245 -0.24411663 0.97 0.96997915 0.36 0.36 0.36 0.36 0.36 -0.185 -0.185 -0.185 -0.185 -0.185 -0.18499938 0.345 0.345 0.34500011 0.675 0.675 0.675 0.135 0.135 -0.09 -0.09 -0.1 -0.10000008 -0.135 
-0.05 -0.05 -0.05 -0.05 -0.05 -0.05 -0.285 -0.285 -0.285 -0.405 -0.405 -0.405 -0.405 -0.405 -0.36150639 -0.24 -0.24 -0.24 -0.24 -0.24 -0.23116686 -0.245 -0.245 -0.245 -0.245 -0.2542633 -0.53953774 0.76438723 0.3630082 0.36 0.36 0.36 0.36 0.35999881 -0.185 -0.185 -0.185 -0.185 -0.185 0.061554768 0.345 0.345 0.345 0.675 0.675 0.675 0.135 0.135 -0.09 -0.09 -0.43999999 -0.15182505 -0.135 
-0.05 -0.05 -0.05 -0.05 -0.05 -0.05000007 -0.28499995 -0.285 -0.28998067 -0.405 -0.405 -0.405 -0.405 -0.405 -0.39708558 -0.24 -0.24 -0.24 -0.24 -0.24 -0.24 -0.49395657 -0.53999959 -0.54 -0.54 -0.54 -0.54 -0.54 0.047164671 0.055003611 0.055000007 0.055 0.055 0.054999828 -0.185 -0.185 -0.185 -0.185 -0.185 0.34499994 0.345 0.345 0.345 0.34500015 0.67377354 -0.09 0.13499998 -0.52340906 -0.09038991 -0.44 -0.44 -0.43158141 -0.035 
-0.05 -0.05 -0.05 -0.05 -0.05 -0.050015012 -0.28498733 -0.28500726 -0.40499985 -0.405 -0.405 -0.405 -0.405 -0.405 -0.4018604 -0.24 -0.24 -0.24 -0.24 -0.24 -0.24 -0.54 -0.54 -0.54 -0.54 -0.54 -0.54 -0.54 0.054835753 0.055 0.055 0.055 0.055 0.055 -0.010759976 -0.185 -0.185 -0.185 -0.185 0.345 0.345 0.345 0.345 0.34488856 -0.09 -0.09 -0.092789045 -0.535 -0.535 -0.44 -0.44 -0.035 -0.035 
-0.05 -0.05 -0.05 -0.05 -0.050000002 -0.050313405 -0.28472442 -0.39145878 -0.405 -0.405 -0.405 -0.405 -0.405 -0.405 -0.40211139 -0.24 -0.24 -0.24 -0.24 -0.24 -0.28271455 -0.54 -0.54 -0.54 -0.54 -0.54 -0.54 -0.54 0.054997614 0.055 0.055 0.055 0.055 0.055 0.055 0.098194532 0.53841004 0.77911598 0.81573755 0.34757115 0.345 0.345 0.345 -0.089965265 -0.09 -0.089373235 0.014997371 -0.535 -0.535 -0.51492258 -0.515 -0.515 -0.035000209 
-0.05 -0.05 -0.05 -0.05 -0.050000238 -0.051959862 -0.29372845 -0.404967 -0.405 -0.405 -0.405 -0.405 -0.405 -0.405 -0.401147 -0.24 -0.24 -0.24 -0.24 -0.24 -0.5399987 -0.54 -0.54 -0.54 -0.54 -0.54 -0.54 -0.54 0.054999837 0.055 0.055 0.055 0.055 0.055 0.055000156 0.835 0.835 0.835 0.835 0.385 0.385 0.385 0.385 0.014999696 0.015 0.015 0.015 0.014997939 -0.16 -0.16 -0.515 -0.515 -0.76322632 
-0.05 -0.05 -0.05 -0.050000018 -0.050006563 -0.056434392 -0.3963629 -0.40499843 -0.405 -0.405 -0.405 -0.405 -0.405 -0.405 -0.39939888 -0.24000007 -0.24 -0.24 -0.24 -0.24180557 -0.54 -0.54 -0.54 -0.54 -0.54 -0.54 -0.54 -0.54 0.054999867 0.055 0.055 0.055 0.055 0.055 0.83499928 0.835 0.835 0.835 0.835 0.385 0.385 0.385 0.385 0.28513859 0.015 0.015 0.015 -0.15999804 -0.16 -0.16 -0.88 -0.88 -0.88 
-0.05 -0.050000001 -0.050000011 -0.050000533 -0.050064619 -0.0795291 -0.40450558 -0.40499961 -0.405 -0.405 -0.405 -0.405 -0.405 -0.40499999 -0.39703086 -0.24000388 -0.24 -0.24 -0.24000034 -0.53392152 -0.54 -0.54 -0.54 -0.54 -0.54 -0.54 -0.54 -0.54 0.054999443 0.055 0.055 0.055 0.055 0.51984672 0.83499996 0.835 0.835 0.835 0.835 0.385 0.385 0.385 0.385 0.385 0.015 0.015 0.015 -0.16 -0.16 -0.16 -0.88 -0.88 -0.88 
-0.050000002 -0.050000016 -0.050000223 -0.050006321 -0.050418292 -0.25118542 -0.40490768 -0.40499976 -0.405 -0.405 -0.405 -0.405 -0.405 -0.40499969 -0.39421548 -0.24006026 -0.24 -0.24000001 -0.24155325 -0.53997449 -0.54 -0.54 -0.54 -0.54 -0.54 -0.54 -0.54 -0.53999965 0.054996272 0.055 0.05500045 0.63417577 0.69 0.69 0.69 0.835 0.835 0.835 0.835 0.385 0.385 0.385 0.385 0.385 0.015006559 0.015 0.014999914 -0.15999999 -0.16 -0.16000039 -0.88 -0.88 -0.88 
