interpolatedSpi/05-04|19_2.tif
NCOLS 53
NROWS 52
XLLCORNER -116.03883
YLLCORNER 28.596182
DX 0.49850594
DY 0.49788537
NODATA_VALUE -9999
-1.39 -1.39 -1.0913761 -1.49 -0.6 -0.76 -2.31 -2.4 -2.2823144 -1.64 -1.14 -0.96 -0.9399893 -0.81 -1.07 -1.07 -1.07 -0.93 -1.45 -1.45 -1.45 -1.450005 -1.97 -1.45 -1.45 -1.45 -1.149988 -1.15 -1.15 -2.12 -2.12 -2.12 -2.12 -2.12 -2.12 -2.12 -2.12 -2.12 -2.12 -2.1199999 0.66005588 0.68952862 -1.16 -1.16 -1.16 -1.16 -1.1613883 -2.01 -2.01 -2.01 -0.90000231 -0.9 -0.9 
-1.389988 -1.12 -1.3099987 -1.1303708 -1.4103306 -1.53 -0.2 -0.86085165 -3.03 -2.08 -1.05 -0.94 -0.94 -1.1388996 -0.81000628 -1.07 -0.93 -0.93 -1.449322 -1.45 -1.45 -1.45 -1.4763185 -1.45 -1.45 -1.45 -0.96000003 -0.96 -2.12 -2.12 -2.12 -2.12 -2.12 -2.12 -2.12 -2.12 -2.12 -2.12 -2.1199998 -1.7744257 -0.13004588 -1.0350174 -1.16 -1.16 -1.16 -1.16 -1.16 -2.01 -2.01 -2.01 -1.9179577 -0.9 -0.9 
-0.55001632 -0.55 -0.22 0.3 -1.11 -2.16 -1.88 -1.64 -1.41 -1.33 -1.3 -1.82 -1.2 -1.05 -1.14 -1.23 -0.93 -0.93 -0.93 -1.7998983 -1.8 -1.8 -1.95 -1.45 -1.45 -1.45 -0.96 -0.96 -0.96 -2.12 -2.12 -2.12 -2.28849 -2.115073 -2.0957065 0.46608334 0.49 0.49 0.41202034 -0.13 -0.13 -0.13131711 -1.16 -1.16 -1.16 -1.16 -1.16 -2.01 -2.01 -2.01 -2.01 -0.9 -0.9 
0.11 -0.55000005 -0.81998009 -0.14 -0.76 -1.36 -1.57 -2.36 -1.45 -0.01526745 -1.01 -1.69 -1.84 -1.05 -1.93 -1.23 -1.775792 -1.7794044 -2.55 -1.8 -1.8 -1.03 -1.95 -1.95 -1.45 -1.4499976 -0.96 -0.96 -0.96 -1.6 -2.0773496 -2.47 -2.47 -2.4699977 0.49 0.49 0.49 0.49 -0.13 -0.13 -0.13 -0.13000004 -1.16 -1.16 -1.16 -1.16 -1.16 -2.0099893 -2.01 -2.01 -2.01 -0.89997256 -0.9 
0.11 -1.9699979 -0.82 -0.92963278 -0.76 -1.29 -2.0999582 -1.9 -2.33 -1.8400004 -1.8582171 -1.8600859 -2.46 -1.93 -1.93 -1.4702725 -1.78 -1.78 -2.55 -2.55 -1.7999986 -1.03 -1.65 -2.01 -1.89 -1.8899343 -0.96 -0.96 -1.6 -1.6 -2.47 -2.47 -2.47 -2.3266843 0.49 0.49 0.49 -0.13 -0.13 -0.13 -0.13 -0.13005309 -1.16 -1.16 -1.16 -1.16 -1.16 -1.1675661 -2.01 -2.0099126 -0.06 -0.06 -0.06 
-2.24 -1.88 0.72999996 -0.54 -0.01 -1.4 -0.31 -0.51356554 -1.9 -1.57 -1.44 -1.77 -1.7700005 -2.64 -2.64 -2.0798624 -2.08 -1.86 -1.86 -2.5499993 -2.25 -2.25 -2.01 -1.89 -1.89 -1.61 -1.57 -1.57 -1.4100173 -1.6 -2.47 -2.47 -1.71 -1.709999 -1.7000007 -1.78 -1.78 -0.64046517 -0.13 -0.13 -0.67931403 -0.68 -0.68000053 0.0089932398 0.02986848 0.029999683 0.029999959 0.029999546 -0.57193138 -0.06 -0.06 -0.06 -0.06 
-2.06002 -1.16 -2.1399283 -1.35 -1.13 -0.73 -1.79 -1.77 -1.23 -1.23 -1.44 -0.83 -1.3399997 -2.64 -1.5100034 -1.51 -2.08 -1.87 -1.72 -1.72 -2.0379308 -1.8 -1.8 -1.56 -1.61 -1.61 -1.57 -1.57 -1.4100006 -1.4100107 -1.1209261 -1.71 -1.71 -1.7 -1.7 -1.37152 -1.78 -1.78 -1.2400187 -0.68000078 -0.68 -0.68 -0.68000211 0.029998494 0.03 0.03 0.03 0.029999618 -0.61 -0.060108995 -0.06 -0.06 -0.06 
-2.06 -2.69 -2.58 -2.56 -1.1600803 -2.2 -1.19 -1.45 -1.58 -1.06 -1.06 -0.16 -1.34 -1.34 -1.5088336 -1.7103665 -1.73 -1.12 -1.4400003 -1.72 -0.66839269 -0.62 -0.94 -0.98 -0.97999961 -0.95 -1.01 -1.0100002 -1.419965 -1.42 -1.12 -1.0109176 -1.73 -1.7 -1.6940105 -1.03 -1.03 -1.24 -1.24 -0.68 -0.68 -0.68 -0.24345903 -0.23999999 0.03 0.03 0.03 -0.60997564 -0.61 -0.61 -0.06 -0.06 -0.06 
-2.6156594 -2.69 -1.99 -0.84 -1.82 -2.75 -2.06 -1.55 -0.67 -1.3398476 -0.94 0.18999999 0.19 0.29 0.28999831 -1.7798606 -1.78 -1.78 -1.1688485 -0.29000019 -1.19 -1.19 -0.65 -0.82571577 -0.95302321 -0.95 -1.13 -1.01 -1.7854674 -1.79 -0.81 -1.72 -1.7754018 -1.43 -1.49 -1.39 -1.72 -2.1 -0.94053564 -0.68102667 -0.91 -0.74 -0.24001629 -0.24 -0.23848029 0.03 -0.89999995 -0.61 -0.61 -0.61 -0.61 -0.035098513 -0.02 
-2.2 -2.2 -2.41 -1.86 -2.76 -3.28 -2.3 -2.77 -1.23 -1.5100148 -0.82 -1.53 0.29 0.29 0.11 0.084077796 -1.78 -1.7795864 0.03 -0.29 -0.29 -0.40595021 -0.65 -0.81999678 -0.82 -0.82 -1.13 -0.69 -0.69 -1.79 -1.79 -1.7202086 -1.83 -1.43 -1.64 -1.39 -1.72 -1.57 -0.94 0.13233433 -0.74000001 -0.59306424 -0.34 -0.24 -0.24 -0.9 -0.9 -0.9 -0.61 -0.61 0.14 0.14 0.13999994 
-2.2 -2.2 -2.48 -3.53 -1.46 -1.74 -1.66 -2.2903324 -2.71 -2.88 -0.72 -1.69 -1.5302103 0.11 0.11 0.10999885 0.1 0.096326072 0.03 -0.42 -0.42 -0.29 -0.29 -0.82 -0.82 -0.82 -0.69 -0.69 -0.69 -1.35 -1.35 -1.3500008 -1.18 -1.18 -1.62 -1.1 -1.05 -1.3800004 -1.59 0.15 0.15 -0.76999859 -0.34 -0.24 -0.74999949 -0.2 0.055865503 0.059999997 0.18 0.18 0.14 0.14 0.14 
-2.2 -2.3212425 -2.9280725 -2.930015 -2.96 -1.31 -1.66 -2.29 -2.7099965 -2.8781166 -1.6900015 -1.69 -0.32 0.11 0.11 0.1 0.1 0.099996016 0.03 -0.42 -0.39447064 -0.29 -0.29 -0.81997839 -0.82 -0.86273354 -0.95 -0.95 -0.94999997 -1.35 -1.35 -0.88 -0.88 -1.1800012 -1.62 -0.42000068 -1.110934 -1.38 -1.38 0.14999997 -0.77 -0.77 -0.76999979 -0.75 -0.75 -0.2 0.06 0.06 0.18 0.18 0.14 0.14 0.14 
-0.82 -0.52160728 -0.34011743 -0.35877423 -2.9599914 -1.310039 -1.66 -2.2822451 -2.6810577 -2.7144392 -0.32 -0.32 -0.32 -0.32 0.10993909 0.1 0.1 0.099096188 0.03 -0.41987565 -6.4723475e-18 -3.4483683e-49 -1.8684645e-28 -3.138179e-15 -0.80624135 -0.95 -0.95 -0.95 -0.95 -0.95020014 -0.88 -0.88 -0.88 -0.88 -0.42 -0.42 -0.42 -1.3337702 -1.3672321 0.32 0.32 -0.76994137 0.13996953 -0.74991428 -0.75 -0.2 0.06 0.06 0.18 0.18 0.14014512 0.14 0.062593788 
-0.82 -0.34 -0.34 -0.34 -0.34 -0.34000042 -1.6591042 -1.9581471 -2.6038424 -0.32257802 -0.32 -0.32 -0.32 -0.32 -0.3199995 0.1 0.099999989 0.095198478 0.030000875 -4.6936977e-15 -1.1865362e-37 -1.9693694e-74 -3.6999983e-44 -1.2592237e-24 -0.0064887935 -0.81750064 -0.83000002 -0.83 -0.83 -0.83 -0.87999999 -0.88 -0.87999927 -0.27 -0.27 -0.42 0.10498353 0.12 0.31999988 0.32 0.32 0.32 0.14 0.14 0.14 0.13763391 0.12949056 0.13 0.13 0.13 0.13 0.82999986 0.83 
1 -0.34 -0.34 -0.34 -0.34 -0.34 -0.34000008 -1.2829894 0.34433935 0.36 0.36 0.36 0.36 0.36 0.35999999 0.066046706 0.099358994 0.090414646 3.7952845e-06 3.912863e-14 1.4395701e-19 3.970872e-22 5.743761e-15 2.4428749e-07 -0.3 -0.3 -0.30000075 -0.83 -0.83 -0.82865836 -0.16 -0.16 -0.27 -0.27 -0.27 0.057526356 0.12 0.12 0.12 0.32 0.32 0.32 0.14 0.14 0.14 0.14 0.13 0.13 0.13 0.13 0.13 0.83 0.83 
1 0.50113322 -0.34 -0.34 -0.34 -0.34 0.029927382 0.03 0.030000008 0.36 0.36 0.36 0.36 0.36 0.2938179 0.06 0.06 0.06 0.20936034 0.20999979 0.21 0.21 0.21 0.21 -0.3 -0.3 -0.3 -0.3 -0.83 -0.16 -0.16 -0.16 -0.26999999 -0.27 -0.27 0.37 0.12033101 0.12 0.12 0.32003736 0.39479268 0.5692528 0.14 0.14 0.40916676 0.41 0.41 0.13019841 0.24958065 0.24999999 0.24999998 0.58003776 0.82999949 
1 0.075514741 -0.14264205 -0.34 -0.34 0.029781386 0.03 0.03 0.03 0.032378075 0.36 0.36 0.36 0.35999996 0.06 0.06 0.06 0.06 0.20986601 0.21 0.21 0.21 0.21 0.21 -0.29999999 -0.3 -0.3 -0.3 -0.29949077 -0.16 -0.16 -0.16 0.47999998 -0.26991679 0.37 0.37 0.37 0.37250968 0.54151337 0.57 0.57 0.57 0.88 0.88 0.41 0.41 0.41 0.25 0.25 0.25 0.25 0.58 0.58 
0.050872656 0.05 0.05 0.049999997 -0.28 0.029992003 0.03 0.03 0.03 0.03 0.34182991 0.35999687 0.35999999 0.06 0.06 0.06 0.06 0.06 0.049032943 0.21 0.21 0.21 0.21 0.21 0.17198333 0.49999567 0.5 0.5 0.5 -0.15999997 0.47999999 0.48 0.48 0.48 0.37 0.37000606 0.6 0.6 0.57037459 0.57 0.57 0.57 0.88 0.88 0.48277218 0.41 0.41 0.25 0.25 0.25 0.25353846 0.58 0.58 
0.05 0.05 0.05 -0.10540192 -0.28 -0.28 0.03 0.03 0.03 0.03 0.12 0.12 0.12 0.06 0.06 0.06 0.06 0.059907457 -0.3 -0.3 0.20999979 0.21 0.21170421 0.28 0.28198056 0.5 0.5 0.5 0.5 0.48000204 0.48 0.48 0.48 0.48 0.59999919 0.6 0.6 0.6 0.59995428 0.57 0.57 0.57 0.88 0.88 0.88 0.41 0.41 0.25 0.25 0.25 0.58 0.58 0.58 
0.05 0.05 0.05 -0.28 -0.28 -0.28 -0.27999953 0.03 0.03 0.11990709 0.12 0.12 0.12 0.11996261 -0.39327655 -0.5 -0.5 -0.5 -0.3 -0.3 -0.3 0.28 0.28 0.28 0.2800056 0.39509514 0.5 0.5 0.5 0.63499022 0.66998131 0.67 0.67 0.67 1.0319306 1.6399976 1.64 1.64 1.64 2.0298002 2.03 2.03 0.88 0.88 1.3799979 1.3799995 0.1 0.1 0.26 0.26 0.26 0.58 0.38017882 
0.050002172 0.05 0.049999988 -0.28 -0.28 -0.28 -0.28 0.059999991 0.030119952 0.12010881 0.12 0.12 0.12 0.11878339 -0.5 -0.5 -0.5 -0.49999994 -0.3 -0.3 -0.3 0.28 0.28 0.28 0.3 0.3 0.73999999 0.74 0.74 0.73961813 0.67 0.67 0.67 0.67 1.1547337 1.64 1.64 1.64 1.64 2.03 2.03 2.03 2.0095485 1.38 1.38 1.38 0.1 0.1 0.26 0.26 0.26 0.38 0.38 
0.75 0.41666092 0.09 0.089892657 -0.28 0.058032771 0.06 0.06 0.20575145 0.24000001 0.24 0.24 0.24 0.46999251 0.47 -0.49999926 -0.5 -0.49473029 -0.3 -0.3 -0.3 0.07 0.07 0.07 0.3 0.3 0.74 0.74 0.74 0.73999999 0.71999968 0.71999986 0.67125667 0.6700536 1.6888365 1.69 1.69 1.69 1.69 2.03 2.03 2.03 1.4157905 1.38 1.38 1.3799998 0.1 0.1 0.10000576 0.26 0.25997898 -0.21 0.38 
0.45005697 0.44999994 0.09 0.09 0.09 0.06 0.06 0.06 0.46 0.46 0.24 0.24 0.24 0.47 0.47 0.47 0.47 0.46991086 -0.3 -0.3 -0.29999999 0.07 0.07 0.07 0.3 0.3 0.74 0.74 0.74 0.7202255 0.72 0.72 0.72 0.72 1.6895214 1.69 1.69 1.69 1.69 1.2300002 1.23 1.23 1.23 1.3799907 0.17 0.17 0.17 -0.22 -0.22 -0.22 -0.21 -0.21 -0.21 
0.45 0.45 0.09 0.09 0.09 0.060157685 0.06 0.46 0.46 0.46 0.24002708 0.24 1.1388372 0.4700002 0.47 0.47 0.47 1.05 1.05 1.05 0.56999999 0.56999963 0.070002436 0.07 0.070793787 1.3 1.3 1.2999987 0.7400905 1.0899263 1.089998 1.0899354 0.72063237 0.72031931 1.517478 1.6899996 1.6869169 0.77 0.77 1.23 1.23 1.23 1.23 0.17 0.17 0.17 0.17 -0.22 -0.22 -0.22 -0.21 -0.21 -0.21 
0.45 0.45 0.09 0.09 0.09 0.09 0.20970832 0.46 0.46 0.46 0.4604861 1.34 1.34 1.34 0.47512711 0.47 1.046135 1.05 1.05 1.05 0.57 0.57 0.57 0.57 1.3 1.3 1.3 1.3 1.3 1.09 1.09 1.09 1.09 1.0899996 0.91 0.77 0.77 0.77 0.77 0.76999656 -0.39 -0.39 -0.39 -0.46158615 -0.61 -0.61 -0.61 -0.22000001 -0.21999952 0.28 0.28 0.41984674 0.42 
0.45 0.45 0.21993472 0.09 0.09 0.09000004 1.9074269 0.4645696 0.46 0.46 1.3400001 1.34 1.34 1.34 1.34 1.2686458 1.05 1.05 1.05 1.05 0.57000371 0.57 0.57 0.57 1.3 1.3 1.3 1.3 1.3 0.4101601 1.09 1.09 1.09 0.91 0.91 0.90989129 0.77 0.77 0.34791611 0.020000063 -0.39 -0.39 -0.39 -0.45969045 -0.61 -0.61 -0.61 -1.5294371e-11 0.27651123 0.28 0.28 0.42 0.42 
1.76 1.76 1.76 0.50871491 0.093153026 1.91 1.91 1.91 1.91 1.67 1.67 1.34 1.34 1.34 1.34 1.3399816 1.05 1.05 1.05 1.05 0.77945643 0.57 0.57 0.57575749 0.81270972 1.3 1.3 1.3 0.17 0.17 0.17 0.17000386 0.91 0.91 0.91 0.91 0.02 0.02 0.02 0.02 -0.6 -0.6 -0.6 -0.33000543 -0.33 -0.33 -0.33000009 -1.3488833e-40 1.6780447e-63 0.27965884 0.28 0.4200005 0.42 
1.76 1.76 1.76 1.7600258 2.24 2.1920126 1.91 1.91 1.91 1.67 1.67 1.67 1.21 1.21 1.21 1.21 1.0516303 1.05 1.05 1.05 1.0427335 0.7899994 0.79 0.79 0.79 0.78999997 -0.34999999 -0.35 0.17 0.17 0.17 0.17 0.90999952 0.91 0.91 0.90994543 0.019999994 0.02 0.02 0.019122634 -0.6 -0.6 -0.6 -0.33001252 -0.33 -0.33 -0.33 -2.8534483e-37 2.8275104e-59 6.9559546e-08 0.52 0.52 0.89 
1.76 1.76 1.76 2.2399989 2.24 2.24 1.9100001 1.91 1.91 1.67 1.67 1.67 1.21 1.21 1.21 1.2655965 1.94 1.94 1.9399977 1.055027 0.79 0.79 0.79 0.79 0.79 0.78914209 -0.35 -0.35 -0.35 0.17 0.17 0.16959449 0.24 0.24 0.24 -0.51 -0.51 -0.18 -0.18 -0.18 0.17 -0.59975847 -0.59999672 -0.16 -0.16 -0.16644281 -0.32999899 4.3398441e-10 2.5888043e-10 0.52 0.52 0.52 0.89 
1.76 1.76 1.76 2.24 2.24 2.24 2.24 1.91 1.91 1.67 1.67 1.2283934 1.21 1.21 1.21 1.94 1.94 1.94 1.94 1.94 0.79 0.79 0.79 0.79 0.79 -0.34999611 -0.35 -0.35 -0.35 -0.46 -0.46 -0.46 0.24 0.24 0.24 -0.51 -0.51 -0.18 -0.18 0.17 0.17 0.17 -0.16 -0.16 -0.16 -0.16 -0.10578276 0.5 0.5 0.5 0.52000001 1.09 1.09 
1.76 1.76 1.7606684 2.24 2.24 2.24 2.24 1.6021521 1.57 1.5701717 1.67 1.2100452 1.21 1.21 1.2100025 1.94 1.94 1.94 1.94 1.94 1.7107053 0.79 0.79 0.79 0.78986612 -0.34997243 -0.35 -0.35 -0.35 -0.46 -0.46 -0.46 -0.45989626 0.24 -0.51 -0.51 -0.51 -0.50998629 -0.17997613 0.17 0.17 0.17 -0.15997997 -0.16 -0.16 -0.16 0.49999703 0.5 0.5 0.5 1.09 1.09 1.09 
1.24 1.2400009 2.2397122 2.24 2.24 2.24 1.5701426 1.57 1.57 1.57 1.75 1.75 1.75 1.75 1.939123 1.94 1.94 1.94 1.94 1.7500001 1.75 1.75 0.14000011 0.14 0.14 0.14 0.097706697 -0.35 -0.13000901 -0.13 -0.13 -0.13 -0.13 -0.33 -0.33 -0.33 -0.33 -0.33 0.14 0.14 0.14 0.14 0.14 0.20944225 0.21 0.21 0.21 0.5 0.5 0.5 1.089907 1.09 1.09 
1.24 1.24 1.2418422 1.4600016 1.4600002 1.4601078 1.57 1.57 1.57 1.57 1.75 1.75 1.75 1.75 1.75 1.94 1.94 1.94 1.75 1.75 1.75 1.75 0.14000001 0.14 0.14 0.14 0.14 0.13989604 -0.1300502 -0.13 -0.13 -0.13 -0.13002017 -0.23362672 -0.32990021 -0.33 -0.33 -0.33 0.14 0.14 0.14 0.14 0.14 0.21 0.21 0.21 0.21 0.34560967 0.5 0.3714504 0.37 0.76 0.76 
1.24 1.24 1.4599721 1.46 1.46 1.46 1.4879395 1.57 1.57 1.57 1.75 1.75 1.75 1.75 1.75 1.9398441 1.94 1.7500557 1.75 1.75 1.75 1.75 0.73643493 0.14 0.14 0.14 0.14 0.13971686 -0.26 -0.26 -0.26 -0.26 -0.26 -0.16 -0.16 -0.16 -0.16 -0.16 0.16 0.16 0.16 0.16 0.16 0.20916983 0.20999983 0.21 0.20994237 0.20308831 0.37 0.37 0.37 0.75999782 0.76 
1.2399996 1.0144841 1.4599999 1.46 1.46 1.46 1.46 1.5699532 1.57 1.57 1.75 1.75 1.75 1.75 0.70376615 0.68 0.68 1.7499725 1.75 1.75 1.75 1.75 1.7499998 0.14 0.14 0.14 0.14 0.12999963 0.12999982 0.046998523 -0.26 -0.26 -0.26 -0.16 -0.16 -0.16 -0.16 -0.15976972 0.16 0.16 0.16 0.16 0.15998544 -0.13 -0.13 -0.13 -0.13 -0.12995967 0.37 0.37 0.37 0.36999999 0.36589097 
1.01 1.01 1.0027873 1.46 1.46 1.46 1.46 1.46 1.5699497 0.16000002 0.16 0.16 0.16377339 0.68000154 0.68 0.68 0.68 0.68 1.7499953 1.7099967 1.36 1.36 1.36 1.0524699 0.19282401 0.47547526 0.71359459 0.13 0.13 0.13 0.13 0.13 0.12608815 0.18920318 0.18 0.18 0.18 0.18 0.12430803 -0.029999659 -0.03 -0.03 -0.03 0.099999326 -0.12999994 -0.13 -0.13 0.25 0.36999808 0.37 0.37 0.36 0.36 
1.01 1.01 0.4 0.4 0.4 1.4596469 1.46 1.46 0.16 0.16 0.16 0.16 0.16 0.67999998 0.68 0.68 0.68 0.68 1.36 1.36 1.36 1.36 1.36 0.80000003 0.8 0.8 0.8 0.13 0.13 0.13 0.13 0.13 1 1 0.18000001 0.18 0.18 0.57993188 0.58 -0.03 -0.03 -0.03 -0.029999986 0.1 0.1 0.1 0.25 0.25 0.25 0.48 0.48 0.36 0.36 
1.01 1.01 0.4 0.4 0.4 0.4 0.39999671 -0.2 0.15966105 0.16 0.16 0.16 0.16 0.67351347 0.68 0.68 0.68 0.68 1.36 1.36 1.36 1.36 1.36 0.8 0.8 0.8 0.8 0.7999973 0.13 0.13 0.13 0.99995439 1 1 1 0.18 0.58 0.58 0.58 0.56394976 0.045870762 0.06 0.06 0.1 0.1 0.1 0.25 0.25 0.25 0.48 0.48 0.48 0.30565702 
0.66 0.66000275 0.4 0.4 0.4 0.4 -0.2 -0.2 -0.2 0.16 0.16 0.16 0.16 0.16016165 0.68 0.68 0.68 0.68 1.3599879 1.36 1.36 1.36 0.89864973 0.8 0.8 0.8 0.8 0.90999991 0.91 0.90999999 0.13840401 1 1 1 1.0000002 1.23 0.58 0.58 0.58 0.58 0.06 0.06 0.06 0.26 0.26 0.26 0.76994936 0.25 0.25 0.48 0.48 0.48 0.30000067 
0.66 0.66 0.4 0.4 0.4 -0.2 -0.2 -0.2 -0.2 0.12052991 0.16 0.16 0.16 0.16000166 0.46002532 0.46 0.46 0.46 0.72444503 1.14 1.14 1.14 1.14 0.8 0.8 0.8 0.80000726 0.91 0.91 0.91 0.91 1.0000577 1.1293683 1.23 1.23 1.23 0.57813567 0.08001041 0.08 0.08 0.060007833 0.07 0.07 0.26 0.26 0.26000216 0.77 0.77 0.75 0.75 0.75 0.73 0.54 
0.66 0.66 0.31 0.31 0.31 -0.2 -0.2 -0.2 -0.2 -0.11 -0.11 -0.11 -0.11 -0.069830765 0.46 0.46 0.46 0.46 0.71 1.14 1.14 1.14 1.14 0.57 0.57000009 0.79999966 0.91 0.91 0.91 0.91 1.1631376 1.41 1.2514175 1.23 1.23 1.23 0.08 0.08 0.08 0.08 0.07 0.07 0.07 0.63982026 0.64 0.76941566 0.77 0.77 0.75000172 0.75 0.73 0.73 0.54 
0.66 0.31 0.31 0.31 0.31 0.31 -0.20062103 -0.28 -0.28 -0.11 -0.11 -0.11 -0.11 -0.10986501 0.46 0.46 0.46 0.47129579 0.71 0.71 1.14 1.14 0.57 0.57 0.57 0.57 0.91 0.91 0.91 0.91 1.41 1.41 1.41 1.2301821 1.23 1.23 0.08 0.08 0.08 0.08 0.07 0.07 0.07 0.64 0.64 0.6400357 1.27 1.27 1.12 1.12 0.73 0.73 0.54 
0.31328694 0.31 0.31 0.31 0.31 0.31 -0.28 -0.28 -0.28 -0.1890089 -0.11 -0.11 -0.11 -0.10998726 0.46 0.46 0.46 0.71 0.71 0.71 1.1399785 1.1399965 0.57 0.57 0.57 0.57 0.90997583 0.91 0.91 1.409885 1.41 1.41 1.41 1.41 1.2298262 0.81 0.81 0.79736608 0.08 0.08 0.070000009 0.07 0.62342713 0.64 0.64 1.2699998 1.27 1.27 1.12 1.12 0.58 0.58 0.51 
0.31 0.31 0.31 0.31 0.31 0.31 -0.28 -0.28 -0.28 -0.28 0.41998473 0.42 0.42 0.42 0.46000021 0.51769089 0.55 0.55 0.70970504 0.71 0.71000008 0.57000083 0.57 0.57 0.57 0.57 0.5702472 0.91 0.91001709 1.41 1.41 1.41 1.41 1.41 0.81 0.81 0.81 0.81 0.81 0.80999619 0.3 0.3 0.30000005 0.45 0.45 0.45 1.03 1.03 0.72 0.72 0.58 0.57999985 0.51 
0.31 0.31 0.31 0.31 0.31 0.31 -0.28 -0.28 -0.28 0.42 0.42 0.42 0.42 0.42 0.45426769 0.55 0.55 0.55 0.55 0.55 0.55763947 0.57 0.57 0.57 0.57 0.58538649 1.0592322 0.93042489 1.4075343 1.41 1.41 1.41 1.41 1.4099987 0.81 0.81 0.81 0.81 0.81 0.57274919 0.3 0.3 0.3 0.45 0.45 0.45 1.03 1.03 0.72 0.72 0.13000001 0.48903763 0.51 
0.31 0.31 0.31 0.31 0.31 0.30999982 -0.27999986 -0.28 -0.2509461 0.42 0.42 0.42 0.42 0.42 0.4262356 0.55 0.55 0.55 0.55 0.55 0.55 0.98348451 1.0599993 1.06 1.06 1.06 1.06 1.06 0.66624776 0.66000888 0.66000002 0.66 0.66 0.66000011 0.81 0.81 0.81 0.81 0.81 0.30000006 0.3 0.3 0.3 0.30000007 0.44985571 0.36 1.0299999 0.18487792 0.71951809 0.13 0.13 0.12771347 0.02 
0.31 0.31 0.31 0.31 0.31 0.30996231 -0.27996818 -0.27995765 0.41999912 0.42 0.42 0.42 0.42 0.42 0.42247362 0.55 0.55 0.55 0.55 0.55 0.55 1.06 1.06 1.06 1.06 1.06 1.06 1.06 0.66011042 0.66 0.66 0.66 0.66 0.66 0.70109999 0.81 0.81 0.81 0.81 0.3 0.3 0.3 0.3 0.30001537 0.36 0.36 0.35880917 0.17 0.17 0.13 0.13 0.02 0.02 
0.31 0.31 0.31 0.31 0.31 0.30921315 -0.27927994 0.34100957 0.42 0.42 0.42 0.42 0.42 0.42 0.42227587 0.55 0.55 0.55 0.55 0.55 0.62261473 1.06 1.06 1.06 1.06 1.06 1.06 1.06 0.6600016 0.66 0.66 0.66 0.66 0.66 0.66 0.62398027 0.33481889 0.17670813 0.15262 0.23507855 0.29999998 0.3 0.3 0.35999521 0.36 0.36 0.35999909 0.17 0.17 -0.099890958 -0.1 -0.1 0.019999944 
0.31 0.31 0.31 0.31 0.3099994 0.30507994 -0.21534652 0.41980752 0.42 0.42 0.42 0.42 0.42 0.42 0.4230357 0.55 0.55 0.55 0.55 0.55 1.0599978 1.06 1.06 1.06 1.06 1.06 1.06 1.06 0.66000011 0.66 0.66 0.66 0.66 0.66 0.6599999 0.14 0.14 0.14 0.14 -0.71 -0.71 -0.71 -0.71 0.36 0.36 0.36 0.36 0.36000038 0.4 0.4 -0.1 -0.1 -0.03280983 
0.31 0.31 0.31 0.30999995 0.30998353 0.29430026 0.37299329 0.41999086 0.42 0.42 0.42 0.42 0.42 0.42 0.424413 0.54999995 0.55 0.55 0.55 0.55306947 1.06 1.06 1.06 1.06 1.06 1.06 1.06 1.06 0.66000009 0.66 0.66 0.66 0.66 0.66 0.14000048 0.14 0.14 0.14 0.14 -0.71 -0.71 -0.71 -0.71 -0.4212116 0.36 0.36 0.36 0.39999955 0.4 0.4 3.2555785e-12 -7.4810672e-72 -1.0157511e-37 
0.31 0.31 0.30999997 0.30999866 0.30984022 0.28281659 0.41751622 0.41999771 0.42 0.42 0.42 0.42 0.42 0.42000001 0.42627872 0.54999694 0.55 0.55 0.55000058 1.0496666 1.06 1.06 1.06 1.06 1.06 1.06 1.06 1.06 0.66000037 0.66 0.66 0.66 0.66 0.29397901 0.14000001 0.14 0.14 0.14 0.14 -0.71 -0.71 -0.71 -0.71 -0.71 0.36 0.36 0.36 0.4 0.4 0.4 6.7155282e-18 -7.2886002e-56 -2.3956199e-42 
0.30999999 0.30999996 0.30999944 0.30998434 0.30922251 0.34264087 0.41958055 0.4199986 0.42 0.42 0.42 0.42 0.42 0.42000024 0.4284969 0.54995252 0.55 0.55000002 0.55264052 1.0599566 1.06 1.06 1.06 1.06 1.06 1.06 1.06 1.0599998 0.66000251 0.66 0.65999965 0.20395609 0.16 0.16 0.16 0.14 0.14 0.14 0.14 -0.71 -0.71 -0.71 -0.71 -0.71 0.35998103 0.36 0.36000002 0.4 0.4 0.39999978 1.3217153e-13 2.6194881e-30 -1.0358114e-30 
