interpolatedSpi/05-06|21_2.tif
NCOLS 53
NROWS 52
XLLCORNER -116.03883
YLLCORNER 28.596182
DX 0.49850594
DY 0.49788537
NODATA_VALUE -9999
0.115 0.115 -0.24487608 -0.305 -0.01 -0.665 -0.735 -0.375 -0.050258882 -0.17 -0.41 0.085 -0.05996665 0.345 -0.54 -0.54 -0.54 0.34 -0.285 -0.285 -0.285 -0.28499615 0.11499999 -0.67 -0.67 -0.67 0.71998966 0.72 0.72 -0.34 -0.34 -0.34 -0.34 -0.30500001 -0.305 -0.305 -0.305 -0.305 -0.305 -0.30499999 0.061055572 0.0647134 -1.06 -1.06 -1.06 -1.06 -1.0588567 -0.36 -0.36 -0.36 0.74999769 0.75 0.75 
0.11498578 -0.205 -0.64499897 -0.48942831 -0.35489531 0.325 -1.2469859e-47 0.34432059 0.025 -0.375 -0.065 -0.06 -0.06 0.30015005 0.34499164 -0.54 0.34 0.34 -0.28418508 -0.285 -0.285 -0.285 -0.67263185 -0.67 -0.67 -0.67 -0.035000044 -0.035 -0.34 -0.34 -0.34 -0.34 -0.34 -0.30500001 -0.305 -0.305 -0.305 -0.305 -0.30500011 -0.57336161 -1.9099232 -1.1631406 -1.06 -1.06 -1.06 -1.06 -1.06 -0.36 -0.36 -0.36 -0.26795774 0.75 0.75 
-0.63498014 -0.635 0.25 -0.015 0.255 0.155 0.785 1.075 0.305 0.33 0.345 0.295 0.39 -0.2 0.3 -0.375 0.34 0.34 0.34 -0.32498837 -0.325 -0.325 -0.72 -0.67 -0.67 -0.67 -0.035 -0.035 -0.035 -0.34 -0.34 -0.33999999 -0.23890599 -0.30778387 -0.31863602 -1.7565755 -1.77 -1.77 -1.7876083 -1.91 -1.91 -1.9089131 -1.06 -1.06 -1.06 -1.06 -1.06 -0.36 -0.36 -0.36 -0.36 0.75 0.75 
0.5 -0.63499997 -0.49501302 0.3 -0.18 0.115 0.685 0.715 0.585 0.10006463 -0.1 0.205 0.085 -0.2 -0.22 -0.375 -0.76201613 -0.76422577 -0.67 -0.325 -0.325 -0.64 -0.72 -0.72 -0.67 -0.66999683 -0.035 -0.035 -0.035 -0.69 -0.38274047 -0.13 -0.13 -0.13000129 -1.77 -1.77 -1.77 -1.77 -1.91 -1.91 -1.91 -1.91 -1.06 -1.06 -1.06 -1.06 -1.06 -0.36000883 -0.36 -0.36 -0.36 0.74996946 0.75 
0.5 1.3799966 -0.495 -0.68605109 -0.18 0.32 -0.060007553 0.38 0.22 0.17999988 0.11097263 0.07990976 -0.55 -0.22 -0.22 -0.32983764 -0.765 -0.765 -0.67 -0.67 -0.32500064 -0.64 -0.51 -0.265 -0.28 -0.27991458 -0.035 -0.035 -0.69 -0.69 -0.13 -0.13 -0.13 -0.25162969 -1.77 -1.77 -1.77 -1.91 -1.91 -1.91 -1.91 -1.9098909 -1.06 -1.06 -1.06 -1.06 -1.06 -1.0537691 -0.36 -0.35999215 -0.185 -0.185 -0.185 
-1.105 0.295 -0.64999999 -0.475 -1.09 -0.66 -0.36 -0.26525881 -0.095 0.33 -0.005 0.075 0.074999588 -0.725 -0.725 -0.665 -0.665 -0.685 -0.685 -0.66999948 -0.775 -0.775 -0.265 -0.28 -0.28 0.085 -0.005 -0.005 -0.20004428 -0.69 -0.13 -0.13 -0.775 -0.7749838 -0.62001137 -1.575 -1.575 -1.8063601 -1.91 -1.91 -0.78140935 -0.78 -0.77999901 -0.96667701 -0.9650105 -0.96500003 -0.965 -0.96500003 -0.25691293 -0.185 -0.185 -0.185 -0.185 
0.17501524 -0.195 0.69415235 -0.83 -1.475 -1.21 -0.99999999 -0.3 0.055 0.055 -0.005 -0.37 -0.76999996 -0.725 -0.66500018 -0.665 -0.665 -0.645 -0.08 -0.08 -0.70902292 -0.635 -0.635 0.31999999 0.085 0.085 -0.005 -0.005 -0.19999068 -0.19982833 -0.29919813 -0.775 -0.775 -0.62 -0.62 -1.5041968 -1.575 -1.575 -1.3600075 -0.78000081 -0.78 -0.78 -0.77999466 -0.96499897 -0.965 -0.965 -0.965 -0.96499958 -0.265 -0.18501585 -0.185 -0.185 -0.185 
0.175 0.445 0.825 -0.89 -1.0549905 -0.885 -0.565 -0.94499999 -0.495 -0.11 -0.11 -0.625 -0.77 -0.77 -0.6657204 -0.94733466 -0.975 -0.56 -0.70999935 -0.08 0.48056709 0.495 0.36 0.65 0.64999994 0.645 0.065 0.064999975 -0.040560662 -0.040000006 -0.3 -1.368039 -1.54 -0.62 -0.61800352 -1.445 -1.445 -1.36 -1.36 -0.78 -0.78 -0.77999999 -0.77913085 -0.78000001 -0.965 -0.965 -0.965 -0.26502664 -0.265 -0.265 -0.185 -0.185 -0.185 
0.2409426 0.445 0.715 0.17 -0.595 -1.11 -0.765 -0.97 -0.55 -0.55797438 -0.285 0.019999999 0.02 -0.28 -0.28000362 -0.98995819 -0.99 -0.99 -0.58289772 -0.52999982 0.325 0.325 0.425 0.38561543 0.64550387 0.645 0.135 0.065 -0.5315134 -0.535 -1.32 -0.385 -0.50588101 -0.81 -0.55 -0.42 -0.765 -1.145 -0.86512929 -0.77814753 -0.365 -0.645 -0.77990884 -0.78 -0.78104128 -0.965 -0.40500003 -0.265 -0.265 -0.265 -0.265 -0.20741134 0.23 
-0.9 -0.9 1.12 0.21 -0.555 -0.955 -1.18 -1.095 -1.01 -0.56008274 -0.52 0.615 -0.28 -0.28 -0.665 -0.66945752 -0.99 -0.9899605 -0.775 -0.53 -0.53 -0.4198473 0.425 0.24500341 0.245 0.245 0.135 0.77 0.77 -0.535 -0.535 -0.38545519 -0.625 -0.81 0.225 -0.42 -0.765 -0.565 -0.865 -0.4173742 -0.64499999 -0.48888076 -0.22 -0.78 -0.78 -0.405 -0.405 -0.405 -0.265 -0.265 -0.365 -0.365 -0.36499978 
-0.9 -0.9 0.215 -0.87 -0.98 -0.25 -1.045 -1.0098598 -0.6 -0.58 -0.06 0.095 0.6143064 -0.665 -0.665 -0.66506056 -1.19 -1.1682189 -0.775 -0.87 -0.87 -0.29 -0.29 0.245 0.245 0.245 0.77 0.77 0.77 -0.715 -0.715 -0.71499985 -0.64 -0.64 -0.78 -1.55 -0.88 -1.8699839 -1.22 -0.41 -0.41 -0.36999951 -0.22 -0.78 -1.2199998 -1.115 -0.39504307 -0.395 -0.82 -0.82 -0.365 -0.365 -0.365 
-0.9 -0.41881883 -0.2480082 -0.96998385 0.135 -1.005 -1.045 -1.01 -0.60000342 -0.58022158 0.094999121 0.095 -0.455 -0.665 -0.665 -1.19 -1.19 -1.1899764 -0.775 -0.87 -0.7560998 -0.29 -0.29 0.24497805 0.245 0.12173016 -0.13 -0.13 -0.12999989 -0.715 -0.715 -1.255 -1.255 -0.64000038 -0.78 -0.94000024 -0.7348798 -1.87 -1.87 -0.41 -0.37 -0.37 -0.37000612 -1.22 -1.22 -1.115 -0.395 -0.395 -0.82 -0.82 -0.365 -0.365 -0.365 
-2.75 -0.55134964 -0.60000882 -0.60266426 0.134994 -1.0049731 -1.045 -1.0104308 -0.62825319 -0.59947775 -0.455 -0.455 -0.455 -0.455 -0.66497025 -1.19 -1.19 -1.1846417 -0.775 -0.86995598 -0.72 -0.72 -0.72 -0.72 0.22836173 -0.13 -0.13 -0.13 -0.13 -0.13035784 -1.255 -1.255 -1.255 -1.255 -0.94 -0.94 -0.94 -1.8229476 -1.8668456 -1.45 -1.45 -0.37005809 -1.4749913 -1.2200246 -1.22 -1.115 -0.395 -0.395 -0.82 -0.82 -0.36665069 -0.365 0.11871995 
-2.75 -0.6 -0.6 -0.6 -0.6 -0.60000016 -1.0448974 -1.0283861 -0.70363008 -0.45515575 -0.455 -0.455 -0.455 -0.455 -0.45500032 -1.19 -1.1899999 -1.1615338 -0.7750056 -0.72 -0.72 -0.72 -0.72 -0.72 -0.70821655 -0.16952115 -0.18999999 -0.19 -0.19 -0.19 -1.255 -1.255 -1.2549995 -0.84 -0.84 -0.94 -1.0955507 -1.1 -1.4499998 -1.45 -1.45 -1.45 -1.475 -1.475 -1.475 -1.4724947 -1.1700746 -1.175 -1.175 -1.175 -1.175 -0.26000002 -0.26 
-3.285 -0.6 -0.6 -0.6 -0.6 -0.6 -0.60000003 -1.1012173 -0.89435913 -0.895 -0.895 -0.895 -0.895 -0.895 -0.895 -1.6935228 -1.1982152 -1.1331727 -0.72000705 -0.72 -0.72 -0.72 -0.72 -0.72000042 -0.175 -0.175 -0.17500002 -0.19 -0.19 -0.19052063 -0.45 -0.45 -0.84 -0.84 -0.84 -1.0583508 -1.1 -1.1 -1.1 -1.45 -1.45 -1.45 -1.475 -1.475 -1.475 -1.475 -1.175 -1.175 -1.175 -1.175 -1.175 -0.26 -0.26 
-3.285 -2.285405 -0.6 -0.6 -0.6 -0.6 -1.2648695 -1.265 -1.265 -0.895 -0.895 -0.895 -0.895 -0.895 -1.0747947 -1.71 -1.71 -1.71 -1.0789048 -1.0799996 -1.08 -1.08 -1.08 -1.08 -0.175 -0.175 -0.175 -0.175 -0.19 -0.45 -0.45 -0.45 -0.83999996 -0.84 -0.84 -1.09 -1.0999868 -1.1 -1.1 -1.4499692 -1.38867 -1.2456127 -1.475 -1.475 -1.2955555 -1.295 -1.295 -1.1743933 -0.80629298 -0.80500003 -0.80500007 -0.095025151 -0.25999966 
-3.285 -2.2875284 -1.4400364 -0.6 -0.6 -1.2646071 -1.265 -1.265 -1.265 -1.2623337 -0.895 -0.895 -0.895 -0.8950001 -1.71 -1.71 -1.71 -1.71 -1.0805628 -1.08 -1.08 -1.08 -1.08 -1.08 -0.17500002 -0.175 -0.175 -0.175 -0.17600027 -0.45 -0.45 -0.45 -0.86499999 -0.84002603 -1.09 -1.09 -1.09 -1.0918695 -1.2358211 -1.245 -1.245 -1.245 -1.555 -1.555 -1.295 -1.295 -1.295 -0.80500001 -0.805 -0.805 -0.805 -0.095 -0.095 
-2.2604186 -2.26 -2.26 -2.26 -1.385 -1.2650031 -1.265 -1.265 -1.265 -1.265 -0.9112774 -0.8950028 -0.89500001 -1.71 -1.71 -1.71 -1.71 -1.71 -1.643251 -1.08 -1.08 -1.08 -1.08 -1.08 -0.53056373 -0.33499913 -0.335 -0.335 -0.335 -0.45000002 -0.86499999 -0.865 -0.865 -0.865 -1.09 -1.0900045 -1.26 -1.26 -1.2451873 -1.245 -1.245 -1.245 -1.555 -1.555 -1.335257 -1.295 -1.295 -0.805 -0.805 -0.805 -0.79738695 -0.095 -0.095 
-2.26 -2.26 -2.26 -1.8479494 -1.385 -1.385 -1.265 -1.265 -1.265 -1.265 -1.11 -1.11 -1.11 -1.71 -1.71 -1.71 -1.71 -1.7098372 -1.435 -1.435 -1.0800001 -1.08 -1.0915643 -1.555 -1.5440169 -0.335 -0.335 -0.335 -0.335 -0.86494603 -0.865 -0.865 -0.865 -0.865 -1.2599994 -1.26 -1.26 -1.26 -1.2599579 -1.245 -1.245 -1.245 -1.555 -1.555 -1.555 -1.295 -1.295 -0.805 -0.805 -0.805 -0.095000001 -0.095 -0.095 
-2.26 -2.26 -2.26 -1.385 -1.385 -1.385 -1.3849998 -1.265 -1.265 -1.11016 -1.11 -1.11 -1.11 -1.1103738 -0.91271892 -0.725 -0.725 -0.725 -1.435 -1.435 -1.435 -1.555 -1.555 -1.555 -1.554612 -0.24845349 -0.335 -0.335 -0.335 -1.2471932 -1.3499523 -1.35 -1.35 -1.35 -1.336936 -1.4449996 -1.445 -1.445 -1.445 -1.150013 -1.15 -1.15 -1.555 -1.555 -1.2000015 -1.1999998 -0.63 -0.63 -0.365 -0.365 -0.365 -0.095 -0.070022353 
-2.2599959 -2.26 -2.26 -1.385 -1.385 -1.385 -1.385 -1.19 -1.2647001 -1.1094831 -1.11 -1.11 -1.11 -1.1092445 -0.725 -0.725 -0.725 -0.7250002 -1.435 -1.435 -1.435 -1.555 -1.555 -1.555 -0.17 -0.17 -0.74999999 -0.75 -0.75 -0.75327319 -1.35 -1.35 -1.35 -1.35 -1.3974739 -1.445 -1.445 -1.445 -1.445 -1.15 -1.15 -1.15 -1.1515732 -1.2 -1.2 -1.2 -0.63 -0.63 -0.365 -0.365 -0.365 -0.07000001 -0.07 
-0.93 -1.5403906 -1.18 -1.1800595 -1.385 -1.1911283 -1.19 -1.19 -1.2082189 -0.54000002 -0.54 -0.54 -0.54 -0.21501058 -0.215 -0.72499961 -0.725 -0.74370746 -1.435 -1.435 -1.435 -0.9 -0.9 -0.9 -0.17 -0.17 -0.75 -0.75 -0.75 -0.75000032 -1.190001 -1.1900004 -1.3459786 -1.3498285 -1.5447762 -1.545 -1.545 -1.545 -1.545 -1.15 -1.15 -1.15 -1.1972467 -1.2 -1.2 -1.2 -0.63 -0.63 -0.62999046 -0.365 -0.36503376 -1.12 -0.07 
-1.329924 -1.33 -1.18 -1.18 -1.18 -1.19 -1.19 -1.19 -1.24 -1.24 -0.54 -0.54 -0.54 -0.215 -0.215 -0.215 -0.215 -0.21513733 -1.435 -1.435 -1.435 -0.9 -0.9 -0.9 -0.17 -0.17 -0.75 -0.75 -0.75 -1.185039 -1.19 -1.19 -1.19 -1.19 -1.5448248 -1.545 -1.545 -1.545 -1.545 -0.99000004 -0.99 -0.99 -0.99 -1.2000004 -1.25 -1.25 -1.25 -1.45 -1.45 -1.45 -1.12 -1.12 -1.12 
-1.33 -1.33 -1.18 -1.18 -1.18 -1.1899474 -1.19 -1.24 -1.24 -1.24 -0.54008617 -0.54 -0.73202431 -0.21500013 -0.215 -0.215 -0.215 -0.725 -0.725 -0.725 -0.785 -0.78500009 -0.89999944 -0.9 -0.899715 -0.765 -0.765 -0.76499996 -0.75000242 -0.65510662 -0.65500285 -0.6550934 -1.1890856 -1.1895383 -1.4814255 -1.5449999 -1.5437936 -1.185 -1.185 -0.99 -0.99 -0.99 -0.99 -1.25 -1.25 -1.25 -1.25 -1.45 -1.45 -1.45 -1.12 -1.12 -1.12 
-1.33 -1.33 -1.18 -1.18 -1.18 -1.18 -1.2087135 -1.24 -1.24 -1.24 -1.2397431 -0.775 -0.775 -0.775 -0.21830021 -0.215 -0.72160149 -0.725 -0.725 -0.725 -0.785 -0.785 -0.785 -0.785 -0.765 -0.765 -0.765 -0.765 -0.765 -0.655 -0.655 -0.655 -0.655 -0.65500032 -0.805 -1.185 -1.185 -1.185 -1.185 -1.1849989 -0.87 -0.87 -0.87 -0.96599769 -1.165 -1.165 -1.165 -1.45 -1.449999 -0.42 -0.42 -0.090250574 -0.09 
-1.33 -1.33 -1.2341395 -1.18 -1.18 -1.18 -1.7640684 -1.2416545 -1.24 -1.24 -0.77500012 -0.775 -0.775 -0.775 -0.775 -0.72909117 -0.725 -0.725 -0.725 -0.725 -0.78499954 -0.785 -0.785 -0.785 -0.765 -0.765 -0.765 -0.765 -0.765 -0.03427661 -0.655 -0.655 -0.655 -0.805 -0.805 -0.80529508 -1.185 -1.185 -0.83607732 -0.56500005 -0.87 -0.87 -0.87 -0.96242235 -1.165 -1.165 -1.165 0.435 -0.40934678 -0.42 -0.42 -0.09 -0.09 
-0.73 -0.73 -0.73 -1.0671726 -1.1808455 -1.765 -1.765 -1.765 -1.765 -1.335 -1.335 -0.77500004 -0.775 -0.775 -0.775 -0.77499683 -0.725 -0.725 -0.725 -0.725 -0.75881795 -0.785 -0.785 -0.74914653 0.52488601 -0.765 -0.765 -0.765 0.185 0.185 0.185 0.18499647 -0.805 -0.805 -0.805 -0.805 -0.565 -0.565 -0.565 -0.565 -0.715 -0.715 -0.715 -0.50000432 -0.5 -0.5 -0.50000021 0.435 0.435 -0.41895823 -0.42 -0.089995034 -0.09 
-0.73 -0.73 -0.73 -0.7300552 -1.755 -1.7564542 -1.765 -1.765 -1.765 -1.335 -1.335 -1.335 -0.795 -0.795 -0.795 -0.795 -0.72521982 -0.725 -0.725 -0.725 -0.72583502 0.58499624 0.585 0.585 0.585 0.58499999 0.83499999 0.835 0.185 0.185 0.185 0.185 -0.80499927 -0.805 -0.805 -0.80491773 -0.565 -0.565 -0.565 -0.56456132 -0.715 -0.715 -0.715 -0.50000997 -0.5 -0.5 -0.5 0.435 0.435 0.43500006 0.895 0.895 0.615 
-0.73 -0.73 -0.73 -1.7549976 -1.755 -1.755 -1.765 -1.765 -1.765 -1.335 -1.335 -1.335 -0.795 -0.795 -0.795 -0.79880798 -0.845 -0.845 -0.84499969 -0.72567778 0.585 0.585 0.585 0.585 0.585 0.58518814 0.835 0.835 0.835 0.185 0.185 0.18508689 0.205 0.205 0.205 -0.235 -0.235 -0.465 -0.465 -0.465 -0.005 -0.71477729 -0.7149922 0.33 0.33 0.29854394 -0.49999622 0.435 0.435 0.895 0.895 0.895 0.615 
-0.73 -0.73 -0.73 -1.755 -1.755 -1.755 -1.755 -1.765 -1.765 -1.335 -1.335 -0.81659221 -0.795 -0.795 -0.795 -0.845 -0.845 -0.845 -0.845 -0.845 0.585 0.585 0.585 0.585 0.585 0.83499915 0.835 0.835 0.835 0.32 0.32 0.32 0.205 0.205 0.205 -0.235 -0.235 -0.465 -0.465 -0.005 -0.005 -0.005 0.33 0.33 0.33 0.33 0.3423221 0.48 0.48 0.48 0.89499999 0.33 0.33 
-0.73 -0.73 -0.73142736 -1.755 -1.755 -1.755 -1.755 -1.9216021 -1.93 -1.9289785 -1.335 -0.79501759 -0.795 -0.795 -0.79500017 -0.845 -0.845 -0.845 -0.845 -0.845 0.64723519 0.585 0.585 0.585 0.58514933 0.83502673 0.835 0.835 0.835 0.32 0.32 0.32 0.31998802 0.205 -0.235 -0.235 -0.235 -0.23500898 -0.46496863 -0.005 -0.005 -0.005 0.32997966 0.33 0.33 0.33 0.48000049 0.48 0.48 0.48 0.33 0.33 0.33 
-1.06 -1.0599994 -1.7544364 -1.755 -1.755 -1.755 -1.9299628 -1.93 -1.93 -1.93 -1.005 -1.005 -1.005 -1.005 -0.84573843 -0.845 -0.845 -0.845 -0.845 0.64999911 0.65 0.65 1.3099999 1.31 1.31 1.31 1.2690014 0.835 0.88499795 0.885 0.885 0.885 0.885 0.425 0.425 0.425 0.425 0.425 0.785 0.785 0.785 0.785 0.785 0.52969851 0.53 0.53 0.53 0.48 0.48 0.48 0.33002363 0.33 0.33 
-1.06 -1.06 -1.0599583 -1.0550014 -1.0550002 -1.0558535 -1.93 -1.93 -1.93 -1.93 -1.005 -1.005 -1.005 -1.005 -1.005 -0.845 -0.845 -0.845 0.64999962 0.65 0.65 0.65 1.31 1.31 1.31 1.31 1.31 1.3098991 0.88488994 0.885 0.885 0.885 0.88495579 0.06501747 0.42462725 0.425 0.425 0.42499999 0.785 0.785 0.785 0.785 0.785 0.53 0.53 0.53 0.53 0.50661902 0.48 -0.21713436 -0.225 -0.69 -0.69 
-1.06 -1.06 -1.0550006 -1.055 -1.055 -1.055 -1.2772463 -1.93 -1.93 -1.93 -1.005 -1.005 -1.005 -1.005 -1.005 -0.84511875 -0.845 0.64956168 0.65 0.65 0.65 0.65 1.0654987 1.31 1.31 1.31 1.31 1.309497 0.6 0.6 0.6 0.6 0.6 -0.21 -0.21 -0.21 -0.21 -0.21 -0.09 -0.09 -0.09 -0.09 -0.08999999 0.53031742 0.53000007 0.53 0.53002204 0.53254279 -0.225 -0.225 -0.225 -0.6899974 -0.69 
-1.0599995 -0.80016643 -1.055 -1.055 -1.055 -1.055 -1.055 -1.9296274 -1.93 -1.93 -1.005 -1.005 -1.005 -1.005 -0.53566145 -0.525 -0.525 0.64996976 0.65 0.65 0.65 0.65 0.65000001 1.31 1.31 1.31 1.31 0.2150004 0.21500018 0.29693736 0.6 0.6 0.6 -0.21 -0.21 -0.21 -0.21 -0.21010837 -0.09 -0.09 -0.09 -0.09 -0.089968205 0.66 0.66 0.66 0.66 0.65992863 -0.225 -0.225 -0.225 -0.22500002 -0.27125916 
-0.795 -0.795 -0.88453132 -1.055 -1.055 -1.055 -1.055 -1.055 -1.9296246 -0.97500002 -0.975 -0.975 -0.9750712 -0.52500069 -0.525 -0.525 -0.525 -0.525 0.64999808 0.6335884 0.49 0.49 0.49 0.69498707 1.2427694 0.88303149 0.57933762 0.215 0.215 0.215 0.215 0.215 0.22707263 -0.36517392 -0.37 -0.37 -0.37 -0.37 -0.012040719 0.32499925 0.325 0.325 0.325 0.63500007 0.65999999 0.66 0.66 0.845 -0.22498286 -0.225 -0.225 -0.265 -0.265 
-0.795 -0.795 -1.075 -1.075 -1.075 -1.0550067 -1.055 -1.055 -0.975 -0.975 -0.975 -0.975 -0.975 -0.52500002 -0.525 -0.525 -0.525 -0.525 0.49 0.49 0.49 0.49 0.49 0.47 0.47 0.47 0.47 0.215 0.215 0.215 0.215 0.215 0.06 0.06 -0.37 -0.37 -0.37 0.63482885 0.635 0.325 0.325 0.325 0.32500006 0.635 0.635 0.635 0.845 0.845 0.845 0.16 0.16 -0.265 -0.265 
-0.795 -0.795 -1.075 -1.075 -1.075 -1.075 -1.0749986 -0.82 -0.97485406 -0.975 -0.975 -0.975 -0.975 -0.53061334 -0.525 -0.525 -0.525 -0.525 0.48999998 0.49 0.49 0.49 0.49 0.47 0.47 0.47 0.47 0.46999901 0.215 0.215 0.215 0.060008126 0.06 0.06 0.06 -0.37 0.63499999 0.635 0.635 0.62684332 0.67484852 0.74 0.74 0.635 0.635 0.635 0.845 0.845 0.845 0.16 0.16 0.16 -0.34651447 
-1.34 -1.3399957 -1.075 -1.075 -1.075 -1.075 -0.82 -0.82 -0.82 -0.975 -0.975 -0.975 -0.975 -0.97486011 -0.525 -0.525 -0.525 -0.525 0.48998209 0.49 0.49 0.49 0.47352195 0.47 0.47 0.47 0.47 0.89999965 0.9 0.89999999 0.2223461 0.06 0.06 0.06 0.060000382 0.45999999 0.635 0.635 0.635 0.635 0.74 0.74 0.74 0.84 0.84 0.84 0.64001996 0.845 0.845 0.16 0.16 0.16 -0.3549984 
-1.34 -1.34 -1.075 -1.075 -1.075 -0.82 -0.82 -0.82 -0.82 -0.95799714 -0.975 -0.975 -0.975 -0.97499793 -0.65998446 -0.66 -0.66 -0.66 0.202439 0.43 0.43 0.43 0.43 0.47 0.47 0.47 0.47002836 0.9 0.9 0.9 0.9 0.060145303 0.28498843 0.46 0.46 0.46 0.63492475 0.61500042 0.615 0.615 0.74026632 1.08 1.08 0.84 0.84 0.83999915 0.64 0.64 -0.06 -0.06 -0.06 0.13 0.22 
-1.34 -1.34 -0.06 -0.06 -0.06 -0.82 -0.82 -0.82 -0.82 -0.565 -0.565 -0.565 -0.565 -0.57169487 -0.66 -0.66 -0.66 -0.66 0.195 0.43 0.43 0.43 0.43 1.115 1.1149997 0.47000095 0.9 0.9 0.9 0.9 1.0189747 1.135 0.54031574 0.46 0.46 0.46 0.615 0.615 0.615 0.615 1.08 1.08 1.08 1.0999937 1.1 0.64206767 0.64 0.64 -0.059997233 -0.06 0.13 0.13 0.22 
-1.34 -0.060000006 -0.06 -0.06 -0.06 -0.06 -0.81961186 -0.77 -0.77 -0.565 -0.565 -0.565 -0.565 -0.5650225 -0.66 -0.66 -0.66 -0.62136839 0.195 0.195 0.43 0.43 1.115 1.115 1.115 1.115 0.9 0.9 0.9 0.9 1.135 1.135 1.135 0.46068304 0.46 0.46 0.615 0.615 0.615 0.615 1.08 1.08 1.08 1.1 1.1 1.0999802 0.75 0.75 0.475 0.475 0.13 0.13 0.22 
-0.072020792 -0.06 -0.06 -0.06 -0.06 -0.06 -0.77 -0.77 -0.77 -0.66027543 -0.565 -0.565 -0.565 -0.56500282 -0.66 -0.66 -0.66 0.195 0.195 0.195 0.42998826 0.43000418 1.115 1.115 1.115 1.115 0.90001528 0.9 0.9 1.134946 1.135 1.135 1.135 1.135 0.46251396 1.075 1.075 1.0670389 0.615 0.615 1.0799996 1.08 1.0994185 1.1 1.1 0.75000013 0.75 0.75 0.475 0.475 0.445 0.445 0.63 
-0.06 -0.06 -0.06 -0.06 -0.06 -0.06 -0.77 -0.77 -0.77 -0.77 -0.6899964 -0.69 -0.69 -0.69 -0.65999762 -0.10873149 0.2 0.2 0.19500922 0.195 0.19500005 1.114999 1.115 1.115 1.115 1.115 1.1148437 0.9 0.90000803 1.135 1.135 1.135 1.135 1.135 1.075 1.075 1.075 1.075 1.075 1.0749998 1.71 1.71 1.7099999 1.445 1.445 1.445 0.965 0.965 0.52 0.52 0.445 0.4450004 0.63 
-0.06 -0.06 -0.06 -0.06 -0.06 -0.06 -0.77 -0.77 -0.77 -0.69 -0.69 -0.69 -0.69 -0.69 -0.45539814 0.2 0.2 0.2 0.2 0.2 0.19976127 1.115 1.115 1.115 1.115 1.1010266 0.67069731 0.86868337 1.1338411 1.135 1.135 1.135 1.135 1.1349999 1.075 1.075 1.075 1.075 1.075 1.3704005 1.71 1.71 1.71 1.445 1.445 1.445 0.965 0.965 0.52 0.52 1.12 0.65703039 0.63 
-0.06 -0.06 -0.06 -0.06 -0.06 -0.060000213 -0.76999984 -0.77 -0.76667955 -0.69 -0.69 -0.69 -0.69 -0.69 -0.64731012 0.2 0.2 0.2 0.2 0.2 0.2 0.73655697 0.67000062 0.67 0.67 0.67 0.67 0.67 0.48327434 0.48000776 0.48000001 0.48 0.48 0.48000043 1.075 1.075 1.075 1.075 1.075 1.7099999 1.71 1.71 1.71 1.7099999 1.4455772 1.805 0.96500009 1.3433395 0.52072725 1.12 1.12 1.1217669 1.205 
-0.06 -0.06 -0.06 -0.06 -0.06 -0.060045356 -0.76996171 -0.76999516 -0.6900001 -0.69 -0.69 -0.69 -0.69 -0.69 -0.67306519 0.2 0.2 0.2 0.2 0.2 0.2 0.67 0.67 0.67 0.67 0.67 0.67 0.67 0.48005245 0.48 0.48 0.48 0.48 0.48 0.64302994 1.075 1.075 1.075 1.075 1.71 1.71 1.71 1.71 1.7100243 1.805 1.805 1.8021483 1.35 1.35 1.12 1.12 1.205 1.205 
-0.06 -0.06 -0.06 -0.06 -0.060000005 -0.060946882 -0.76915495 -0.69902748 -0.69 -0.69 -0.69 -0.69 -0.69 -0.69 -0.67441902 0.2 0.2 0.2 0.2 0.2 0.26691946 0.67 0.67 0.67 0.67 0.67 0.67 0.67 0.48000076 0.48 0.48 0.48 0.48 0.48 0.48 1.2249069 1.4579818 1.5854143 1.6048163 1.7199632 1.71 1.71 1.71 1.8049924 1.805 1.8042837 1.6849984 1.35 1.35 2.0650087 2.065 2.065 1.2050004 
-0.06 -0.06 -0.06 -0.06 -0.06000072 -0.065921089 -0.7581092 -0.690022 -0.69 -0.69 -0.69 -0.69 -0.69 -0.69 -0.66921713 0.2 0.2 0.2 0.2 0.2 0.66999797 0.67 0.67 0.67 0.67 0.67 0.67 0.67 0.48000005 0.48 0.48 0.48 0.48 0.48 0.48000023 1.615 1.615 1.615 1.615 1.865 1.865 1.865 1.865 1.6850003 1.685 1.685 1.685 1.6850045 2.105 2.105 2.065 2.065 2.1501953 
-0.06 -0.06 -0.060000001 -0.060000055 -0.060019827 -0.07923911 -0.69426574 -0.69000104 -0.69 -0.69 -0.69 -0.69 -0.69 -0.69 -0.65978791 0.19999963 0.2 0.2 0.2 0.20282872 0.67 0.67 0.67 0.67 0.67 0.67 0.67 0.67 0.48000004 0.48 0.48 0.48 0.48 0.48 1.614999 1.615 1.615 1.615 1.615 1.865 1.865 1.865 1.865 1.8164188 1.685 1.685 1.685 2.1049953 2.105 2.105 2.19 2.19 2.19 
-0.06 -0.060000002 -0.060000033 -0.06000161 -0.060194146 -0.12846266 -0.69015266 -0.69000026 -0.69 -0.69 -0.69 -0.69 -0.69 -0.68999994 -0.64701494 0.19997907 0.2 0.2 0.20000054 0.66047706 0.67 0.67 0.67 0.67 0.67 0.67 0.67 0.67 0.48000018 0.48 0.48 0.48 0.48 0.98510919 1.6149999 1.615 1.615 1.615 1.615 1.865 1.865 1.865 1.865 1.865 1.685 1.685 1.685 2.105 2.105 2.105 2.19 2.19 2.19 
-0.060000008 -0.060000048 -0.060000672 -0.060019006 -0.061143248 -0.43015959 -0.69000891 -0.69000016 -0.69 -0.69 -0.69 -0.69 -0.69 -0.68999833 -0.63182893 0.19967496 0.19999998 0.20000002 0.20243342 0.66996004 0.67 0.67 0.67 0.67 0.67 0.67 0.67 0.66999989 0.48000119 0.48 0.48000049 1.1093406 1.17 1.17 1.17 1.615 1.615 1.615 1.615 1.865 1.865 1.865 1.865 1.865 1.6850032 1.685 1.6850002 2.105 2.105 2.105 2.19 2.19 2.19 
