interpolatedSpi/05-07|20_1.tif
NCOLS 53
NROWS 52
XLLCORNER -116.03883
YLLCORNER 28.596182
DX 0.49850594
DY 0.49788537
NODATA_VALUE -9999
[rows 0 to 28 of 52, columns 0 to 52 of 53]
1.0766667 1.0766667 0.725151 0.34666667 0.67 0.74333333 1.1666667 1.2533333 0.58498857 0.35666667 0.26333333 0.30333333 0.29006121 1.0333333 0.93666667 0.93666667 0.93666667 0.83 0.79666667 0.79666667 0.79666667 0.79666943 1.0833333 0.45333333 0.45333333 0.45333333 1.066666 1.0666667 1.0666667 0.22666667 0.22666667 0.22666667 0.22666667 0.90999986 0.91 0.91 0.91 0.91 0.91 0.91000001 1.1771221 1.1799845 1.12 1.12 1.12 1.12 1.1200381 1.1433333 1.1433333 1.1433333 0.93000044 0.93 0.93
1.0766502 0.70666667 0.92666717 0.97157396 0.92338843 1.2066667 1.1333333 0.9537448 0.73333333 0.49 0.29 0.29 0.29 0.8838335 1.0333307 0.93666667 0.83 0.83 0.79671013 0.79666667 0.79666667 0.79666667 0.4387704 0.45333333 0.45333333 0.45333333 0.35666667 0.35666667 0.22666667 0.22666667 0.22666667 0.22666667 0.22666667 0.9099999 0.91 0.91 0.91 0.91 0.90999996 0.80572851 0.29002735 1.0192861 1.12 1.12 1.12 1.12 1.12 1.1433333 1.1433333 1.1433333 1.1256435 0.93 0.93
1.4333165 1.4333333 1.3666667 1.53 1.2433333 0.99333333 0.93333333 0.86666667 1.03 0.62666667 0.57333333 0.16666667 0.04 0.50666667 0.88333333 1.37 0.83 0.83 0.83 0.55340407 0.55333333 0.55333333 0.17666667 0.45333333 0.45333333 0.45333333 0.35666667 0.35666667 0.35666667 0.22666667 0.22666667 0.22666665 0.082246646 0.90795417 0.90438426 0.31219529 0.30666667 0.30666667 0.30457044 0.29 0.29 0.29106136 1.12 1.12 1.12 1.12 1.12 1.1433333 1.1433333 1.1433333 1.1433333 0.93 0.93
0.63333333 1.4333332 0.89667075 1.1233333 0.69333333 1.1433333 1.5366667 0.49 0.97 0.69065708 0.76 0.65666667 0.49333333 0.50666667 0.94666667 1.37 0.036944443 0.027229528 0.50333333 0.55333333 0.55333333 -0.15 0.17666667 0.17666667 0.45333333 0.45333285 0.35666667 0.35666667 0.35666667 -0.19 -0.1259876 -0.073333333 -0.073333333 -0.073333031 0.30666667 0.30666667 0.30666667 0.30666667 0.29 0.29 0.29 0.29000003 1.12 1.12 1.12 1.12 1.12 1.143333 1.1433333 1.1433333 1.1433333 0.92995416 0.93
0.63333333 0.57666725 0.89666667 1.1013691 0.69333333 1.52 1.0300376 1.0633333 0.65 0.90666665 0.63642886 0.51007353 1.0233333 0.94666667 0.94666667 1.2088127 0.026666667 0.026666667 0.50333333 0.50333333 0.55333188 -0.15 -0.04 0.18 -0.02 -0.02004434 0.35666667 0.35666667 -0.19 -0.19 -0.073333333 -0.073333333 -0.073333333 -0.0067041447 0.30666667 0.30666667 0.30666667 0.29 0.29 0.29 0.29 0.28997619 1.12 1.12 1.12 1.12 1.12 1.1202077 1.1433333 1.1432608 -0.47333333 -0.47333333 -0.47333333
-0.043333333 0.75 0.89333333 1.0066667 1.4333333 1.4466667 1.06 1.0604268 1.1133333 0.87333333 1.2566667 0.42666667 0.42666706 0.48666667 0.48666667 0.2399839 0.24 0.076666667 0.076666668 0.50333295 -0.60333333 -0.60333333 0.18 -0.02 -0.02 -0.21 -0.51666667 -0.51666667 0.23662814 -0.19 -0.073333333 -0.073333333 0.28 0.27999234 0.20667198 0.56 0.56 0.37353066 0.29 0.29 0.04364098 0.043333333 0.043332778 0.12455478 0.10677866 0.10666694 0.1066667 0.10666704 -0.76634745 -0.47333333 -0.47333333 -0.47333333 -0.47333333
-0.099996523 0.40333333 0.26689035 0.83333333 1.4166667 1.1 1.1633333 1.3433333 1.0733333 1.0733333 1.2566667 0.61666667 0.21666658 0.48666667 0.17333427 0.17333333 0.24 0.23666667 0.073333333 0.073333333 -0.51222212 -0.41 -0.41 -0.69666666 -0.21 -0.21 -0.51666667 -0.51666667 0.23667599 0.23683833 0.51961848 0.28 0.28 0.20666667 0.20666667 -0.13713925 0.56 0.56 -0.65329128 0.043332363 0.043333333 0.043333333 0.04333021 0.10666631 0.10666667 0.10666667 0.10666667 0.10666608 -0.88333333 -0.47341458 -0.47333333 -0.47333333 -0.47333333
-0.1 -0.19333333 0.23 -0.0066666667 -0.40664374 0.36666667 0.67 0.47333335 0.49333333 0.46333333 0.46333333 -0.14333333 0.21666667 0.21666667 0.17363064 0.2947676 0.30666667 0.13 -0.14999977 0.073333333 -0.23524948 -0.20666667 -0.44333333 -0.83666666 -0.83666525 -0.72666667 -1.0266667 -1.0266665 0.396106 0.39666667 0.52 0.53635809 0.52333333 0.20666667 0.1893638 -0.72 -0.72 -0.65333333 -0.65333333 0.043333333 0.043333333 0.043333328 0.041902536 0.043333337 0.10666667 0.10666667 0.10666667 -0.88329565 -0.88333333 -0.88333333 -0.47333333 -0.47333333 -0.47333333
-0.21406779 -0.19333333 -0.40333333 -0.28666667 0.33333333 0.29 0.38 0.85666667 1.0233333 0.72828142 0.30333333 0.41333333 0.41333333 -0.38333333 -0.38332688 0.14378856 0.14333333 0.14333333 0.087257572 -0.44333335 -0.54333333 -0.54333333 -0.27666667 -0.37765274 -0.73775176 -0.72666667 -0.72666667 -1.0266667 -0.38044382 -0.37666667 0.54 1.1233333 0.67004411 -0.48333333 -0.4 -0.69333333 -0.54666667 -0.64333333 -0.99983531 0.042276907 -0.19333333 -0.19 0.043360456 0.043333333 0.043689808 0.10666667 -0.6033333 -0.88333333 -0.88333333 -0.88333333 -0.88333333 -0.58123978 -0.44666667
-0.33 -0.33 -0.36333333 -0.41666667 0.38333333 0.58666667 0.50666667 0.71666667 0.99333333 0.65331934 0.41666667 0.13 -0.38333333 -0.38333333 0.30333333 0.30113886 0.14333333 0.14327005 -0.17 -0.44333333 -0.44333333 -0.45621666 -0.27666667 -0.19666818 -0.19666667 -0.19666667 -0.72666667 0.17 0.17 -0.37666667 -0.37666667 1.1216264 0.22333333 -0.48333333 0.04 -0.69333333 -0.54666667 -0.61 -1 0.43961714 -0.19 -0.043064243 0.21 0.043333333 0.043333333 -0.60333333 -0.60333333 -0.60333333 -0.88333333 -0.88333333 -1.34 -1.34 -1.3399997
-0.33 -0.33 -0.43 -0.41333333 -0.38 0.02 -0.089999991 0.55663205 0.61 0.3 0.55666667 0.28666667 0.13020781 0.30333333 0.30333333 0.30331949 0.18333333 0.16478874 -0.17 0.29 0.29 0.30666667 0.30666667 -0.19666667 -0.19666667 -0.19666667 0.17 0.17 0.17 -0.35333333 -0.35333333 -0.35333238 0.033333333 0.033333333 0.14333333 -0.47333333 -0.20666667 0.089997703 -0.85333333 0.46333333 0.46333333 0.61666533 0.21 0.043333333 -0.57000014 -0.91333333 -0.76596323 -0.76666667 -1.08 -1.08 -1.34 -1.34 -1.34
-0.33 -0.37318032 -0.42288774 -0.67332854 -0.44 -0.41333333 -0.09 0.55666667 0.60999955 0.30343442 0.28666668 0.28666667 0.036666667 0.30333333 0.30333333 0.18333334 0.18333333 0.18331322 -0.17 0.29 0.29327299 0.30666667 0.30666667 -0.1966465 -0.19666667 -0.21419838 -0.25 -0.25 -0.24999995 -0.35333333 -0.35333333 -0.24 -0.24 0.033333635 0.14333333 0.33999973 -0.20239015 0.09 0.09 0.46333334 0.61666667 0.61666667 0.61665802 -0.57 -0.57 -0.91333333 -0.76666667 -0.76666667 -1.08 -1.08 -1.34 -1.34 -1.34
0.59 0.51923907 0.59996214 0.59077484 -0.43999985 -0.41333396 -0.090000009 0.54870658 0.60632479 0.60190507 0.036666667 0.036666667 0.036666667 0.036666667 0.30329556 0.18333333 0.18333333 0.17877124 -0.17 0.28997299 0.20666667 0.20666667 0.20666667 0.20666667 -0.18989022 -0.25 -0.25 -0.25 -0.25 -0.25009992 -0.24 -0.24 -0.24 -0.24 0.34 0.34 0.34 0.10173921 0.092353303 0.40333333 0.40333333 0.61665519 -0.25001095 -0.56996918 -0.57 -0.91333333 -0.76666667 -0.76666667 -1.08 -1.08 -1.3390567 -1.34 -0.71507222
0.59 0.6 0.6 0.6 0.6 0.59999957 -0.090827644 0.21598552 0.5965196 0.037276402 0.036666667 0.036666667 0.036666667 0.036666667 0.036666773 0.18333334 0.18333328 0.15909708 -0.16999386 0.20666667 0.20666667 0.20666667 0.20666667 0.20666667 0.19412713 -0.34592308 -0.3933333 -0.39333333 -0.39333333 -0.39333333 -0.24 -0.24 -0.24000032 -0.51 -0.51 0.34 0.27194658 0.27 0.40333326 0.40333333 0.40333333 0.40333333 -0.25 -0.25 -0.25 -0.2546162 -0.6044265 -0.60333333 -0.60333333 -0.60333333 -0.60333334 -0.24333356 -0.24333333
0.45666667 0.6 0.6 0.6 0.6 0.6 0.59999995 0.014084613 0.17875148 0.17666667 0.17666667 0.17666667 0.17666667 0.17666667 0.17666667 -0.042140981 0.17965192 0.13495016 0.20661943 0.20666667 0.20666667 0.20666667 0.20666667 0.20666628 -0.37333333 -0.37333333 -0.37333336 -0.39333333 -0.39333333 -0.39369377 -0.57333333 -0.57333333 -0.51 -0.51 -0.51 0.14505246 0.27 0.27 0.27 0.40333333 0.40333333 0.40333333 -0.25 -0.25 -0.25 -0.25 -0.60333333 -0.60333333 -0.60333333 -0.60333333 -0.60333333 -0.24333333 -0.24333333
0.45666667 0.51002804 0.6 0.6 0.6 0.6 -0.10652797 -0.10666667 -0.10666666 0.17666667 0.17666667 0.17666667 0.17666667 0.17666667 0.12739777 -0.046666667 -0.046666667 -0.046666667 -0.12565158 -0.12666633 -0.12666667 -0.12666667 -0.12666667 -0.12666667 -0.37333333 -0.37333333 -0.37333333 -0.37333333 -0.39333333 -0.57333333 -0.57333333 -0.57333333 -0.51000001 -0.51 -0.51 0.21 0.26992056 0.27 0.27 0.40326189 0.26072863 -0.071908682 -0.25 -0.25 -0.33639921 -0.33666667 -0.33666667 -0.60191489 0.25698304 0.25999992 0.25999984 0.39323693 -0.24333204
0.45666667 0.45991059 0.52915355 0.6 0.6 -0.10624913 -0.10666667 -0.10666667 -0.10666667 -0.10462489 0.17666667 0.17666667 0.17666667 0.17666664 -0.046666667 -0.046666667 -0.046666667 -0.046666667 -0.1265952 -0.12666667 -0.12666667 -0.12666667 -0.12666667 -0.12666667 -0.37333333 -0.37333333 -0.37333333 -0.37333333 -0.3740608 -0.57333333 -0.57333333 -0.57333333 0.016666652 -0.50991405 0.21 0.21 0.21 0.20886857 -0.051592639 -0.073333333 -0.073333333 -0.073333333 -0.23666667 -0.23666667 -0.33666667 -0.33666667 -0.33666667 0.25999999 0.26 0.26 0.26 0.39333333 0.39333333
0.46008987 0.46 0.46 0.46 -1.6006244e-11 -0.10666392 -0.10666667 -0.10666667 -0.10666667 -0.10666667 0.14638328 0.17666145 0.17666666 -0.046666667 -0.046666667 -0.046666667 -0.046666667 -0.046666667 -0.098390733 -0.12666667 -0.12666667 -0.12666667 -0.12666667 -0.12666667 -0.13112375 0.049997706 0.05 0.05 0.05 -0.5733333 0.016666657 0.016666667 0.016666667 0.016666667 0.21 0.20999728 0.10666667 0.10666667 -0.071085765 -0.073333333 -0.073333333 -0.073333333 -0.23666667 -0.23666667 -0.32118322 -0.33666667 -0.33666667 0.26 0.26 0.26 0.26142968 0.39333333 0.39333333
0.46 0.46 0.46 0.24337914 1.2287052e-29 -1.7971829e-15 -0.10666667 -0.10666667 -0.10666667 -0.10666667 -0.22333333 -0.22333333 -0.22333333 -0.046666667 -0.046666667 -0.046666667 -0.046666667 -0.046756456 -0.76666667 -0.76666667 -0.12666693 -0.12666667 -0.12958816 -0.24666667 -0.24399591 0.05 0.05 0.05 0.05 0.01667006 0.016666667 0.016666667 0.016666667 0.016666667 0.10666703 0.10666667 0.10666667 0.10666667 0.10604777 -0.073333333 -0.073333333 -0.073333333 -0.23666667 -0.23666667 -0.23666667 -0.33666667 -0.33666667 0.25999999 0.26 0.26 0.39333333 0.39333333 0.39333333
0.46 0.46 0.46 9.2419456e-16 1.1676375e-61 -1.3617874e-57 -1.6298636e-07 -0.10666667 -0.10666667 -0.2232129 -0.22333333 -0.22333333 -0.22333333 -0.22322327 -0.48645284 -0.59 -0.59 -0.59 -0.76666667 -0.76666667 -0.76666667 -0.24666667 -0.24666667 -0.24666667 -0.24667134 -0.11435095 0.05 0.05 0.049999999 0.42400798 0.51661749 0.51666667 0.51666667 0.51666667 0.20962989 0.35333277 0.35333333 0.35333333 0.35333333 0.2299585 0.23 0.23 -0.23666667 -0.23666667 0.41666394 0.41666668 0.44333333 0.44333333 0.53 0.53 0.53 0.39333333 0.5798331
0.46000067 0.46 0.45999998 4.9290068e-25 -6.1723419e-59 -7.2617107e-56 -2.1679217e-09 -0.20333331 -0.10705318 -0.22309153 -0.22333333 -0.22333333 -0.22333333 -0.22405283 -0.59 -0.59 -0.59 -0.59000005 -0.76666667 -0.76666667 -0.76666667 -0.24666667 -0.24666667 -0.24666667 -0.26333333 -0.26333333 -0.090000003 -0.09 -0.09 -0.086690443 0.51666667 0.51666667 0.51666667 0.51666667 0.43504481 0.35333333 0.35333333 0.35333333 0.35333333 0.23 0.23 0.23 0.23587325 0.41666667 0.41666667 0.41666667 0.44333333 0.44333333 0.53 0.53 0.53 0.58 0.58
0.67666667 0.55837825 -0.15333333 -0.15328885 -5.5888236e-15 -0.20215685 -0.20333333 -0.20333333 -0.046650523 0.043333338 0.043333333 0.043333333 0.043333333 -0.85663737 -0.85666667 -0.5900002 -0.59 -0.59465491 -0.76666667 -0.76666667 -0.76666667 -0.59333333 -0.59333333 -0.59333333 -0.26333333 -0.26333333 -0.09 -0.09 -0.09 -0.089999608 0.45000042 0.45000019 0.5149911 0.5165952 0.11379484 0.11333333 0.11333333 0.11333333 0.11333333 0.23 0.23 0.23 0.40638791 0.41666667 0.41666667 0.4166666 0.44333333 0.44333333 0.44333645 0.53 0.53000075 0.54666667 0.58
0.42338144 0.42333323 -0.15333333 -0.15333333 -0.15333333 -0.20333333 -0.20333333 -0.20333333 0.22666667 0.22666667 0.043333333 0.043333333 0.043333333 -0.85666667 -0.85666667 -0.85666667 -0.85666667 -0.85665566 -0.76666667 -0.76666667 -0.76666666 -0.59333333 -0.59333333 -0.59333333 -0.26333333 -0.26333333 -0.09 -0.09 -0.09 0.44391146 0.45 0.45 0.45 0.45 0.11349946 0.11333333 0.11333333 0.11333333 0.11333333 -0.23333321 -0.23333333 -0.23333333 -0.23333333 0.41666383 0.046666667 0.046666667 0.046666667 0.49 0.49 0.49 0.54666667 0.54666667 0.54666667
0.42333333 0.42333333 -0.15333333 -0.15333333 -0.15333333 -0.20307052 -0.20333333 0.22666667 0.22666667 0.22666667 0.043355902 0.043333333 -0.37884777 -0.85666658 -0.85666667 -0.85666667 -0.85666667 -0.98666667 -0.98666667 -0.98666667 -0.85999999 -0.8599998 -0.59333463 -0.59333333 -0.59327427 -0.65 -0.65 -0.64999866 -0.0900905 0.52665139 0.52666626 0.52665328 0.45013103 0.45006616 0.17334412 0.1133332 0.11217158 -0.23333333 -0.23333333 -0.23333333 -0.23333333 -0.23333333 -0.23333333 0.046666667 0.046666667 0.046666667 0.046666667 0.49 0.49 0.49 0.54666667 0.54666667 0.54666667
0.42333333 0.42333333 -0.15333333 -0.15333333 -0.15333333 -0.15333333 -0.042396894 0.22666667 0.22666667 0.22666667 0.22628 -0.47333333 -0.47333333 -0.47333333 -0.8544076 -0.85666667 -0.98580038 -0.98666667 -0.98666667 -0.98666667 -0.86 -0.86 -0.86 -0.86 -0.65 -0.65 -0.65 -0.65 -0.65 0.52666667 0.52666667 0.52666667 0.52666667 0.52666621 0.31 -0.23333333 -0.23333333 -0.23333333 -0.23333333 -0.23333469 -0.66333333 -0.66333333 -0.66333333 -0.5244882 -0.23666667 -0.23666667 -0.23666667 0.48999998 0.4899998 0.28 0.28 0.29006244 0.29
0.42333333 0.42333333 0.05480284 -0.15333333 -0.15333333 -0.15333334 -0.41885247 0.22462873 0.22666667 0.22666667 -0.47333337 -0.47333333 -0.47333333 -0.47333333 -0.47333333 -0.50483029 -0.98666667 -0.98666667 -0.98666667 -0.98666667 -0.86000098 -0.86 -0.86 -0.86 -0.65 -0.65 -0.65 -0.65 -0.65 0.048808184 0.52666667 0.52666667 0.52666667 0.31 0.31 0.30957809 -0.23333333 -0.23333333 -0.058871993 0.076666637 -0.66333333 -0.66333333 -0.66333333 -0.52491192 -0.23666667 -0.23666667 -0.23666667 0.39333333 0.28141212 0.28 0.28 0.29 0.29
-0.44 -0.44 -0.44 -0.22520855 -0.15428503 -0.42 -0.42 -0.42 -0.42 -0.64666666 -0.64666667 -0.47333335 -0.47333333 -0.47333333 -0.47333333 -0.47336587 -0.98666667 -0.98666667 -0.98666667 -0.98666667 -0.91527322 -0.86 -0.86 -0.85720849 -0.74873202 -0.65 -0.65 -0.65 -0.12 -0.12 -0.12 -0.11999729 0.31 0.31 0.31 0.31 0.076666667 0.076666667 0.076666667 0.076666667 -0.29666667 -0.29666667 -0.29666667 0.14332449 0.14333333 0.14333333 0.14333321 0.39333333 0.39333333 0.28013809 0.28 0.2900005 0.29
-0.44 -0.44 -0.44 -0.44001975 -0.80666667 -0.75043898 -0.42 -0.42 -0.42 -0.64666667 -0.64666667 -0.64666667 -0.61666666 -0.61666667 -0.61666667 -0.61666666 -0.98591562 -0.98666667 -0.98666667 -0.98666667 -0.98474013 -0.75333363 -0.75333333 -0.75333333 -0.75333333 -0.75333332 -0.46333333 -0.46333333 -0.12 -0.12 -0.12 -0.12 0.30999993 0.31 0.31 0.30999158 0.076666681 0.076666667 0.076666667 0.078860082 -0.29666667 -0.29666667 -0.29666667 0.14331293 0.14333333 0.14333333 0.14333333 0.39333333 0.39333333 0.39333333 0.39 0.39 0.19666667
-0.44 -0.44 -0.44 -0.80666582 -0.80666667 -0.80666667 -0.42000015 -0.42 -0.42 -0.64666667 -0.64666667 -0.64666667 -0.61666667 -0.61666667 -0.61666667 -0.61362028 -0.57666667 -0.57666667 -0.57666773 -0.98435088 -0.75333333 -0.75333333 -0.75333333 -0.75333333 -0.75333333 -0.75311509 -0.46333333 -0.46333333 -0.46333333 -0.12 -0.12 -0.11989487 0.20666667 0.20666667 0.20666667 0.62 0.62 0.57666667 0.57666667 0.57666667 0.49333333 -0.29641887 -0.29666095 0.47 0.47 0.4576197 0.14333462 0.39333333 0.39333333 0.39 0.39 0.39 0.19666667
