interpolatedSpi/05-08|23_1.tif
NCOLS 53
NROWS 52
XLLCORNER -116.03883
YLLCORNER 28.596182
DX 0.49850594
DY 0.49788537
NODATA_VALUE -9999
[rows 0 to 38 of 52, columns 0 to 52 of 53]
0.548 0.548 0.45811282 0.3 0.418 0.51 0.452 0.652 -0.16032691 -0.066 -0.012 -0.028 -0.32998979 -0.206 -0.294 -0.294 -0.294 -0.524 -0.094 -0.094 -0.094 -0.093998536 0.057999996 -0.336 -0.336 -0.336 -0.4960038 -0.496 -0.496 -0.706 -0.706 -0.706 -0.706 -1.0199999 -1.02 -1.02 -1.02 -1.02 -1.02 -1.02 0.054427375 0.065937171 -0.18 -0.18 -0.18 -0.18 -0.17989873 -0.118 -0.118 -0.118 0.099999547 0.1 0.1
0.547984 0.188 0.41399989 0.39347095 0.35192396 0.158 0.336 0.2142488 -0.072 -0.174 -0.15 -0.33 -0.33 -0.2638066 -0.20600148 -0.294 -0.524 -0.524 -0.094560662 -0.094 -0.094 -0.094 -0.35221222 -0.336 -0.336 -0.336 0.039999974 0.04 -0.706 -0.706 -0.706 -0.706 -0.706 -1.02 -1.02 -1.02 -1.02 -1.02 -1.02 -0.8720458 -0.084077672 -0.16835162 -0.18 -0.18 -0.18 -0.18 -0.18 -0.118 -0.118 -0.118 -0.099923231 0.1 0.1
0.51999679 0.52 0.322 0.124 0.042 0.694 0.22 0.67 -0.09 -0.296 -0.262 -0.214 -0.604 -0.796 -0.264 -0.614 -0.524 -0.524 -0.524 0.015968023 0.016 0.016 -0.644 -0.336 -0.336 -0.336 0.04 0.04 0.04 -0.706 -0.706 -0.70599999 -0.58564998 -1.0188668 -1.0169656 -0.69698729 -0.694 -0.694 -0.61727808 -0.084000004 -0.084 -0.084122761 -0.18 -0.18 -0.18 -0.18 -0.18 -0.118 -0.118 -0.118 -0.118 0.1 0.1
0.55 0.51999989 -0.022105392 0.016 -0.484 -0.104 0.096 -0.128 0.228 -0.28289481 -0.338 -0.448 -0.43 -0.796 -0.48 -0.614 -0.45919355 -0.45804624 -0.346 0.016 0.016 -0.348 -0.644 -0.644 -0.336 -0.33599812 0.04 0.04 0.04 -0.426 -0.44246033 -0.456 -0.456 -0.45600019 -0.694 -0.694 -0.694 -0.694 -0.084 -0.084 -0.084 -0.084000004 -0.18 -0.18 -0.18 -0.18 -0.18 -0.11800078 -0.118 -0.118 -0.118 0.099954075 0.099999999
0.55 0.023999916 -0.022 -0.3716429 -0.484 -0.654 -0.67802556 -0.872 -1.04 -0.51000024 -0.57490973 -0.59793268 -0.128 -0.48 -0.48 -0.56720819 -0.458 -0.458 -0.346 -0.346 0.015999286 -0.348 -0.258 0.232 -0.094 -0.093993418 0.04 0.04 -0.426 -0.426 -0.456 -0.456 -0.456 -0.46656011 -0.694 -0.694 -0.694 -0.084 -0.084 -0.084 -0.084 -0.084063516 -0.18000001 -0.18 -0.18 -0.18 -0.18 -0.17944812 -0.118 -0.11805327 -1.306 -1.306 -1.306
-0.486 -0.344 -0.42399999 -0.258 -0.274 -0.882 -1.08 -1.05337 -0.736 -1.242 -1.298 -0.894 -0.89399949 -1.112 -1.112 -0.47192709 -0.472 -0.798 -0.798 -0.34599994 -0.224 -0.224 0.232 -0.094 -0.094 -0.066 -0.666 -0.666 -0.37400544 -0.426 -0.456 -0.456 -0.512 -0.51200334 -0.54399762 -0.188 -0.188 -0.11617477 -0.084 -0.084 -0.74117933 -0.742 -0.74199875 -0.63384443 -0.64194894 -0.64199988 -0.64199998 -0.64199983 -1.1403954 -1.306 -1.306 -1.306 -1.306
0.22600417 -0.336 -0.11455818 -0.844 -0.724 -1.164 -0.836 -1.078 -1.336 -1.336 -1.298 -1.202 -1.0439999 -1.112 -0.17000282 -0.17 -0.472 -0.102 -0.282 -0.282 -0.069425116 0.104 0.104 -0.1 -0.066 -0.066 -0.666 -0.666 -0.37403124 -0.37457508 -0.26001018 -0.512 -0.512 -0.544 -0.544 -0.47012354 -0.188 -0.188 -0.44799099 -0.74199959 -0.742 -0.742 -0.74199319 -0.64200025 -0.642 -0.642 -0.642 -0.6420003 -1.148 -1.3059687 -1.306 -1.306 -1.306
0.226 -0.374 -0.17 -1.044 -0.66002201 -1.25 -1.568 -1.382 -1.326 -1.234 -1.234 -0.658 -1.044 -1.044 -0.17599645 -0.38858167 -0.41 -0.084 -0.41399986 -0.282 -0.26375108 -0.214 -0.206 0.144 0.14399115 -0.542 -0.514 -0.51400005 -0.90812178 -0.90999999 -0.258 -0.67255307 -0.424 -0.544 -0.54531198 -0.706 -0.706 -0.448 -0.448 -0.742 -0.742 -0.74199999 -0.68420911 -0.686 -0.642 -0.642 -0.642 -1.1479807 -1.148 -1.148 -1.306 -1.306 -1.306
-0.41708721 -0.374 -0.03 -0.92 -0.59 -1.322 -1.008 -0.708 -1.41 -0.91399381 -0.434 -0.686 -0.686 -0.396 -0.39600175 -0.10285842 -0.102 -0.102 -0.13437501 -0.52400006 -0.8 -0.79999999 -0.394 -0.28008771 -0.47286931 -0.542 -0.36 -0.514 -0.58160485 -0.582 -0.742 -0.628 -0.48899123 -0.91 -0.59 -0.832 -0.73 -0.63 -0.37211913 -0.73970562 -0.228 -0.392 -0.68593814 -0.686 -0.68575234 -0.642 -0.646 -1.148 -1.148 -1.148 -1.148 -1.2245721 0.006
-0.658 -0.658 0.132 -0.136 -1.004 -0.524 -0.704 -1.26 -0.908 -0.78801136 -1.052 -0.316 -0.396 -0.396 -0.582 -0.57541658 -0.102 -0.10201279 -0.146 -0.524 -0.524 -0.55955805 -0.394 -0.62399564 -0.624 -0.624 -0.36 -0.442 -0.442 -0.582 -0.582 -0.62747653 -0.352 -0.91 -0.626 -0.832 -0.73 -0.976 -0.372 -0.25591243 -0.39199999 -0.36040881 -0.306 -0.686 -0.686 -0.646 -0.646 -0.646 -1.148 -1.148 -0.652 -0.652 -0.65199975
-0.658 -0.658 -0.32 -0.472 -0.606 -0.028 -0.948 -0.38497009 -0.258 -0.442 -0.18 -0.404 -0.31611727 -0.582 -0.582 -0.58196378 -0.268 -0.26159687 -0.146 -0.114 -0.114 -0.078 -0.078 -0.624 -0.624 -0.624 -0.442 -0.442 -0.442 -0.656 -0.656 -0.6559995 -0.672 -0.672 -1.312 -0.824 -0.766 -0.61800557 -0.442 -0.254 -0.254 -0.49399938 -0.306 -0.686 -0.34600003 -0.302 -0.28954182 -0.288 -0.714 -0.714 -0.652 -0.652 -0.652
-0.658 -0.51208045 -0.38486382 -0.48199156 -0.32 -0.404 -0.948 -0.384 -0.25800105 -0.4399615 -0.40400005 -0.404 -0.208 -0.582 -0.582 -0.26800001 -0.268 -0.26799306 -0.146 -0.114 -0.10693033 -0.078 -0.078 -0.62397787 -0.624 -0.53721804 -0.36 -0.36 -0.36000001 -0.656 -0.656 -0.45 -0.45 -0.67200175 -1.312 -0.71400034 -0.84713901 -0.618 -0.618 -0.25400001 -0.494 -0.494 -0.4939989 -0.346 -0.346 -0.302 -0.288 -0.288 -0.714 -0.714 -0.652 -0.652 -0.652
-0.102 -0.20392861 -0.19201025 -0.19409854 -0.32000053 -0.40399802 -0.94799998 -0.39094251 -0.26668269 -0.26280473 -0.208 -0.208 -0.208 -0.208 -0.58194702 -0.268 -0.268 -0.26642479 -0.146 -0.1139435 0.082 0.082 0.082 0.082 -0.6118361 -0.36 -0.36 -0.36 -0.36 -0.36010075 -0.45 -0.45 -0.45 -0.45 -0.714 -0.714 -0.714 -0.62339178 -0.61860084 -0.698 -0.698 -0.49401097 -0.72798692 -0.34603679 -0.346 -0.302 -0.288 -0.288 -0.714 -0.714 -0.65222493 -0.652 -0.78078058
-0.102 -0.192 -0.192 -0.192 -0.192 -0.19200009 -0.94660739 -0.68111981 -0.28984733 -0.20805838 -0.208 -0.208 -0.208 -0.208 -0.20799969 -0.268 -0.26799998 -0.25963163 -0.14600096 0.082 0.082 0.082 0.082 0.082 0.085846049 -0.14817159 -0.10000005 -0.1 -0.1 -0.1 -0.44999999 -0.45 -0.44999942 0.034 0.034 -0.714 -0.17735017 -0.162 -0.69799969 -0.698 -0.698 -0.698 -0.728 -0.728 -0.728 -0.72503543 -0.61982979 -0.622 -0.622 -0.622 -0.622 -0.42000005 -0.42
-0.324 -0.192 -0.192 -0.192 -0.192 -0.192 -0.19200005 -0.51327942 0.23114499 0.234 0.234 0.234 0.234 0.234 0.234 0.36718388 -0.2578644 -0.25129397 0.081971292 0.082 0.082 0.082 0.082 0.082000284 0.26 0.26 0.25999949 -0.1 -0.1 -0.09899077 0.404 0.404 0.034 0.034 0.034 -0.13060276 -0.162 -0.162 -0.162 -0.698 -0.698 -0.698 -0.728 -0.728 -0.728 -0.728 -0.62200001 -0.622 -0.622 -0.622 -0.622 -0.42 -0.42
-0.324 -0.2748579 -0.192 -0.192 -0.192 -0.192 0.23991521 0.24 0.24 0.234 0.234 0.234 0.234 0.234 0.26400255 0.37 0.37 0.37 0.32525712 0.32599975 0.326 0.326 0.326 0.326 0.26 0.26 0.26 0.26 -0.1 0.404 0.404 0.404 0.034000033 0.034 0.034 0.228 -0.16148363 -0.162 -0.162 -0.6979827 -0.66389454 -0.58434072 -0.728 -0.728 -1.1028396 -1.104 -1.104 -0.62252444 -0.93888873 -0.93999997 -0.93999994 -0.58597496 -0.42000034
-0.324 -0.012594255 -0.096863345 -0.192 -0.192 0.23974475 0.24 0.24 0.24 0.23995676 0.234 0.234 0.234 0.23400002 0.37 0.37 0.37 0.37 0.3260393 0.326 0.326 0.326 0.326 0.326 0.26 0.26 0.26 0.26 0.26052378 0.404 0.404 0.404 0.61599999 0.034033783 0.228 0.228 0.228 0.22722347 -0.55726132 -0.584 -0.584 -0.584 -1.09 -1.09 -1.104 -1.104 -1.104 -0.94 -0.94 -0.94 -0.94 -0.586 -0.586
-0.004147571 -0.004 -0.004 -0.0039999962 0.376 0.24000351 0.24 0.24 0.24 0.24 0.22279519 0.23399807 0.234 0.37 0.37 0.37 0.37 0.37 0.37993387 0.326 0.326 0.326 0.326 0.326 0.38401309 0.52799855 0.528 0.528 0.528 0.40400001 0.616 0.616 0.616 0.616 0.228 0.22799821 0.16 0.16 -0.57471005 -0.584 -0.584 -0.584 -1.09 -1.09 -1.1018323 -1.104 -1.104 -0.94 -0.94 -0.94 -0.9362042 -0.586 -0.586
-0.004 -0.004 -0.004 0.17494767 0.376 0.376 0.24 0.24 0.24 0.24 0.086 0.086 0.086 0.37 0.37 0.37 0.37 0.37003107 0.582 0.582 0.3260001 0.326 0.32736336 0.382 0.38331437 0.528 0.528 0.528 0.528 0.61599104 0.616 0.616 0.616 0.616 0.16000024 0.16 0.16 0.16 0.15736476 -0.584 -0.584 -0.584 -1.09 -1.09 -1.09 -1.104 -1.104 -0.94 -0.94 -0.94 -0.586 -0.586 -0.586
-0.004 -0.004 -0.004 0.376 0.376 0.376 0.37599979 0.24 0.24 0.086158972 0.086 0.086 0.086 0.086176948 0.52217141 0.558 0.558 0.558 0.582 0.582 0.582 0.382 0.382 0.382 0.38197535 0.40526131 0.528 0.528 0.528 0.3651375 0.3100301 0.31 0.31 0.31 0.026493737 -0.16199927 -0.162 -0.162 -0.162 -0.49601204 -0.496 -0.496 -1.09 -1.09 -0.6340019 -0.63400006 -0.806 -0.806 -0.714 -0.714 -0.714 -0.586 -0.51606259
-0.0039995655 -0.004 -0.0039999863 0.376 0.376 0.376 0.376 0.0020000693 0.23904838 0.086139644 0.086 0.086 0.086 0.086926194 0.558 0.558 0.558 0.55800001 0.582 0.582 0.582 0.382 0.382 0.382 0.294 0.294 0.534 0.534 0.534 0.53277801 0.31 0.31 0.31 0.31 0.074129563 -0.162 -0.162 -0.162 -0.162 -0.496 -0.496 -0.496 -0.50034201 -0.634 -0.634 -0.634 -0.806 -0.806 -0.714 -0.714 -0.714 -0.51600001 -0.516
0.136 0.067369988 -0.136 -0.13585146 0.376 0.0041639514 0.002 0.002 0.090179628 0.24 0.24 0.24 0.24 0.8759793 0.876 0.55800024 0.558 0.55863236 0.582 0.582 0.582 0.434 0.434 0.434 0.294 0.294 0.534 0.534 0.534 0.53399989 0.38399953 0.38399979 0.31185988 0.31007933 -0.33526166 -0.336 -0.336 -0.336 -0.336 -0.496 -0.496 -0.496 -0.62640115 -0.634 -0.634 -0.63400001 -0.806 -0.806 -0.80599669 -0.714 -0.71401037 -0.946 -0.516
0.136 0.13599995 -0.136 -0.136 -0.136 0.002 0.002 0.002 0.244 0.244 0.24 0.24 0.24 0.876 0.876 0.876 0.876 0.87596616 0.582 0.582 0.58199999 0.434 0.434 0.434 0.294 0.294 0.534 0.534 0.534 0.38569126 0.384 0.384 0.384 0.384 -0.33564472 -0.336 -0.336 -0.336 -0.336 -0.29400005 -0.294 -0.294 -0.294 -0.6340004 -0.686 -0.686 -0.686 -1.076 -1.076 -1.076 -0.946 -0.946 -0.946
0.136 0.136 -0.136 -0.136 -0.136 0.0012746474 0.002 0.244 0.244 0.244 0.24000049 0.24 0.44101268 0.87599991 0.876 0.876 0.876 0.59 0.59 0.59 0.75999999 0.75999976 0.43400159 0.434 0.4340176 0.53 0.53 0.53000001 0.53399935 0.22603149 0.22600084 0.22602758 0.38372996 0.38386365 -0.20786963 -0.33600002 -0.33618097 -0.39 -0.39 -0.294 -0.294 -0.294 -0.294 -0.686 -0.686 -0.686 -0.686 -1.076 -1.076 -1.076 -0.946 -0.946 -0.946
0.136 0.136 -0.136 -0.136 -0.136 -0.136 0.092573531 0.244 0.244 0.244 0.24413368 0.486 0.486 0.486 0.87370164 0.876 0.59190583 0.59 0.59 0.59 0.76 0.76 0.76 0.76 0.53 0.53 0.53 0.53 0.53 0.226 0.226 0.226 0.226 0.22599833 -0.566 -0.39 -0.39 -0.39 -0.39 -0.39000057 -0.584 -0.584 -0.584 -0.60092185 -0.636 -0.636 -0.636 -1.076 -1.076 -1.054 -1.054 -0.68206422 -0.682
0.136 0.136 -0.0378271 -0.136 -0.136 -0.13599999 0.11023779 0.24357771 0.244 0.244 0.48599992 0.486 0.486 0.486 0.486 0.51798251 0.59 0.59 0.59 0.59 0.75999868 0.76 0.76 0.76 0.53 0.53 0.53 0.53 0.53 -0.0030764893 0.226 0.226 0.226 -0.566 -0.566 -0.56586333 -0.39 -0.39 -0.49355125 -0.57399998 -0.584 -0.584 -0.584 -0.60074752 -0.636 -0.636 -0.636 -0.79 -1.0507106 -1.054 -1.054 -0.682 -0.682
0.076 0.076 0.076 -0.082845772 -0.13577445 0.11 0.11 0.11 0.11 0.098 0.098 0.48599997 0.486 0.486 0.486 0.48600656 0.59 0.59 0.59 0.59 0.68581751 0.76 0.76 0.76492004 0.92938693 0.53 0.53 0.53 -0.084 -0.084 -0.084 -0.083998699 -0.566 -0.566 -0.566 -0.566 -0.574 -0.574 -0.574 -0.574 -0.384 -0.384 -0.384 -0.64799469 -0.648 -0.648 -0.648 -0.79 -0.79 -1.0536783 -1.054 -0.68199942 -0.682
0.076 0.076 0.076 0.075996769 0.016 0.029669144 0.11 0.11 0.11 0.098 0.098 0.098 -0.25999997 -0.26 -0.26 -0.25999999 0.58809857 0.59 0.59 0.59 0.59258807 0.94799948 0.948 0.948 0.948 0.94799998 0.354 0.354 -0.084 -0.084 -0.084 -0.084 -0.56599976 -0.566 -0.566 -0.56597296 -0.574 -0.574 -0.574 -0.57347358 -0.384 -0.384 -0.384 -0.64798776 -0.648 -0.648 -0.648 -0.79 -0.79 -0.78999997 -0.566 -0.566 -0.544
0.076 0.076 0.076 0.016000138 0.016 0.016 0.10999996 0.11 0.11 0.098 0.098 0.098 -0.26 -0.26 -0.26 -0.274318 -0.448 -0.448 -0.44799732 0.58413711 0.948 0.948 0.948 0.948 0.948 0.94755298 0.354 0.354 0.354 -0.084 -0.084 -0.083773432 -0.234 -0.234 -0.234 -0.264 -0.264 -0.454 -0.454 -0.454 -0.316 -0.38397867 -0.38400097 -0.514 -0.514 -0.51907845 -0.64799989 -0.79 -0.79 -0.566 -0.566 -0.566 -0.544
0.076 0.076 0.076 0.016 0.016 0.016 0.016 0.11 0.11 0.098 0.098 -0.24568516 -0.26 -0.26 -0.26 -0.448 -0.448 -0.448 -0.448 -0.448 0.948 0.948 0.948 0.948 0.948 0.35400203 0.354 0.354 0.354 0.268 0.268 0.268 -0.234 -0.234 -0.234 -0.264 -0.264 -0.454 -0.454 -0.316 -0.316 -0.316 -0.514 -0.514 -0.514 -0.514 -0.51810737 -0.564 -0.564 -0.564 -0.566 -0.36 -0.36
0.076 0.076 0.075916447 0.016 0.016 0.016 0.016 -0.020176447 -0.022 -0.021793976 0.09799998 -0.26001239 -0.26 -0.26 -0.26000065 -0.448 -0.448 -0.448 -0.448 -0.448 -0.56921118 0.948 0.948 0.948 0.94793162 0.35401474 0.354 0.354 0.354 0.268 0.268 0.268 0.26792698 -0.234 -0.264 -0.264 -0.264 -0.26400774 -0.45399059 -0.316 -0.316 -0.316 -0.51398798 -0.514 -0.514 -0.514 -0.56400256 -0.564 -0.564 -0.564 -0.36 -0.36 -0.36
0.114 0.11399993 0.016035016 0.016 0.016 0.016 -0.021991914 -0.022 -0.022 -0.022 -0.40799999 -0.408 -0.408 -0.408 -0.44781536 -0.448 -0.448 -0.448 -0.448 -0.63399989 -0.634 -0.634 0.61600006 0.616 0.616 0.616 0.59338603 0.354 0.20000631 0.2 0.2 0.2 0.2 -0.158 -0.158 -0.158 -0.158 -0.158 -0.664 -0.664 -0.664 -0.664 -0.664 -0.81953873 -0.82 -0.82 -0.82 -0.564 -0.564 -0.564 -0.36003214 -0.36 -0.36
0.114 0.114 0.11254316 -0.059999847 -0.059999983 -0.059962902 -0.022 -0.022 -0.022 -0.022 -0.408 -0.408 -0.408 -0.408 -0.408 -0.448 -0.448 -0.448 -0.63399995 -0.634 -0.634 -0.634 0.616 0.616 0.616 0.616 0.616 0.61594415 0.20021702 0.2 0.2 0.2 0.20008718 0.044950781 -0.15778985 -0.158 -0.158 -0.15799999 -0.664 -0.664 -0.664 -0.664 -0.664 -0.82 -0.82 -0.82 -0.82 -0.7002894 -0.564 -0.41171817 -0.41 -0.146 -0.146
0.114 0.114 -0.05997796 -0.06 -0.06 -0.06 -0.05034816 -0.022 -0.022 -0.022 -0.408 -0.408 -0.408 -0.408 -0.408 -0.44797255 -0.448 -0.63394547 -0.634 -0.634 -0.634 -0.634 0.1529294 0.616 0.616 0.616 0.616 0.61610348 0.762 0.762 0.762 0.762 0.762 0.2 0.2 0.2 0.2 0.2 -0.53 -0.53 -0.53 -0.53 -0.53 -0.81911123 -0.81999981 -0.82 -0.8199383 -0.81251671 -0.41 -0.41 -0.41 -0.14600148 -0.146
0.11399998 0.10419496 -0.059999977 -0.06 -0.06 -0.06 -0.06 -0.02201618 -0.022 -0.022 -0.408 -0.408 -0.408 -0.408 -0.76587064 -0.774 -0.774 -0.6340036 -0.634 -0.634 -0.634 -0.634 -0.63399988 0.616 0.616 0.616 0.616 0.97399979 0.9739999 0.92888125 0.762 0.762 0.762 0.2 0.2 0.2 0.2 0.20020996 -0.53 -0.53 -0.53 -0.53 -0.52996476 -0.456 -0.456 -0.456 -0.456 -0.45599629 -0.41 -0.41 -0.41 -0.40999988 -0.2070869
0.104 0.104 0.022431533 -0.06 -0.06 -0.06 -0.06 -0.06 -0.022017691 -0.63599999 -0.636 -0.636 -0.63545891 -0.77399947 -0.774 -0.774 -0.774 -0.774 -0.63399851 -0.62128101 -0.51 -0.51 -0.51 -0.22583136 0.57342065 0.34558661 0.15384794 0.974 0.974 0.974 0.974 0.974 0.96311343 0.51208753 0.51 0.51 0.51 0.51 -0.44358708 -0.070000826 -0.07 -0.07 -0.07 -0.32400039 -0.45599997 -0.456 -0.456 0.068 -0.40999234 -0.41 -0.41 -0.208 -0.208
0.104 0.104 -0.242 -0.242 -0.242 -0.060060626 -0.06 -0.06 -0.636 -0.636 -0.636 -0.636 -0.636 -0.77399999 -0.774 -0.774 -0.774 -0.774 -0.51 -0.51 -0.51 -0.51 -0.51 0.083999969 0.084 0.084 0.084 0.974 0.974 0.974 0.974 0.974 0.696 0.696 0.51 0.51 0.51 0.39002044 0.39 -0.07 -0.07 -0.07 -0.070000019 -0.324 -0.324 -0.324 0.068 0.068 0.068 0.1 0.1 -0.208 -0.208
0.104 0.104 -0.242 -0.242 -0.242 -0.242 -0.24200204 -0.614 -0.63597929 -0.636 -0.636 -0.636 -0.636 -0.77227858 -0.774 -0.774 -0.774 -0.774 -0.51000001 -0.51 -0.51 -0.51 -0.51 0.084 0.084 0.084 0.084 0.084003595 0.974 0.974 0.974 0.69601458 0.696 0.696 0.696 0.51 0.39 0.39 0.39 0.37789654 -0.17453305 -0.194 -0.194 -0.324 -0.324 -0.324 0.068 0.068 0.068 0.1 0.1 0.1 0.41332142
0.128 0.12799981 -0.242 -0.242 -0.242 -0.242 -0.614 -0.614 -0.614 -0.636 -0.636 -0.636 -0.636 -0.6360429 -0.774 -0.774 -0.774 -0.774 -0.51000476 -0.51 -0.51 -0.51 -0.020651668 0.084 0.084 0.084 0.084 0.042000034 0.042 0.04200001 0.96398675 0.696 0.696 0.696 0.6959994 0.068000009 0.39 0.39 0.39 0.38999999 -0.194 -0.194 -0.194 -0.168 -0.168 -0.168 0.077999026 0.068 0.068 0.099999999 0.1 0.1 0.47799903
