interpolatedSpi/05-08|19_1.tif
NCOLS 53
NROWS 52
XLLCORNER -116.03883
YLLCORNER 28.596182
DX 0.49850594
DY 0.49788537
NODATA_VALUE -9999
0.23 0.23 0.10070769 -0.212 -0.138 -0.214 0.062 -0.204 -0.56921772 -0.578 -0.548 -0.14 -0.49198337 -0.29 -0.21 -0.21 -0.21 0.034 0.216 0.216 0.216 0.2159994 0.154 0.27 0.27 0.27 -0.075994545 -0.076 -0.076 -0.322 -0.322 -0.322 -0.322 -0.63199994 -0.632 -0.632 -0.632 -0.632 -0.632 -0.63199998 0.062519473 0.069873667 -0.426 -0.426 -0.426 -0.426 -0.42665007 -0.824 -0.824 -0.824 0.48599728 0.486 0.486 
0.23000658 0.378 0.31800044 0.30260321 0.036024244 0.29 0.504 -0.094099519 -0.698 -0.526 -0.282 -0.492 -0.492 0.030926301 -0.2899954 -0.21 0.034 0.034 0.2157627 0.216 0.216 0.216 0.23947049 0.27 0.27 0.27 -0.02199998 -0.022 -0.322 -0.322 -0.322 -0.322 -0.322 -0.63199995 -0.632 -0.632 -0.632 -0.632 -0.63199996 -0.51235484 0.09595716 -0.3626596 -0.426 -0.426 -0.426 -0.426 -0.426 -0.824 -0.824 -0.824 -0.71537355 0.486 0.486 
0.19400551 0.194 0.7 0.386 0.04 0.046 0.066 0.42 -0.216 -0.27 -0.076 -0.196 0.082 -0.336 0.032 -0.56 0.034 0.034 0.034 0.0020622104 0.002 0.002 -0.31 0.27 0.27 0.27 -0.022 -0.022 -0.022 -0.322 -0.322 -0.322 -0.37014001 -0.63074779 -0.62701098 -0.10091162 -0.096 -0.096 -0.07185146 0.095999999 0.096 0.095332493 -0.426 -0.426 -0.426 -0.426 -0.426 -0.824 -0.824 -0.824 -0.824 0.486 0.486 
0.124 0.19399989 -0.35001225 0.154 -0.166 0.15 0.21 -0.076 -0.022 -0.015987074 -0.264 -0.49 -0.144 -0.336 -0.296 -0.56 -0.25634119 -0.25379821 -0.556 0.002 0.002 -0.046 -0.31 -0.31 0.27 0.26999854 -0.022 -0.022 -0.022 -0.682 -0.53934379 -0.422 -0.422 -0.42199975 -0.096 -0.096 -0.096 -0.096 0.096 0.096 0.096 0.09599998 -0.426 -0.426 -0.426 -0.426 -0.426 -0.82399498 -0.824 -0.824 -0.824 0.48596093 0.486 
0.124 0.15999906 -0.35 -0.43011229 -0.166 0.054 -0.033997444 -0.172 -0.124 -0.35000016 -0.34118052 -0.33602406 -0.504 -0.296 -0.296 -0.46783426 -0.254 -0.254 -0.556 -0.556 0.0019998798 -0.046 -0.166 -0.208 -0.028 -0.027946676 -0.022 -0.022 -0.682 -0.682 -0.422 -0.422 -0.422 -0.44048028 -0.096000001 -0.096 -0.096 0.096 0.096 0.096 0.096 0.095963705 -0.426 -0.426 -0.426 -0.426 -0.426 -0.42954269 -0.824 -0.82399489 -0.71 -0.71 -0.71 
-0.952 0.25 -0.027999972 -0.284 0.184 0.358 -0.34 -0.31849119 -0.556 -0.578 -0.78 -0.844 -0.84399978 -1.008 -1.008 -0.18995123 -0.19 -0.128 -0.128 -0.55599963 -0.28 -0.28 -0.208 -0.028 -0.028 0.2 -0.546 -0.546 -0.50601588 -0.682 -0.422 -0.422 -0.52 -0.52004639 -0.96396814 -0.798 -0.798 -0.18057931 0.096 0.096 -0.27953105 -0.28 -0.27999982 -0.15290746 -0.14803072 -0.14800007 -0.14800001 -0.1480001 0.20898806 -0.71 -0.71 -0.71 -0.71 
0.20799346 0.312 0.38124977 0.12 0.348 -0.388 -0.358 -0.416 -0.714 -0.714 -0.78 -0.486 -0.31199999 -1.008 0.011996944 0.012 -0.19 -0.088 -0.134 -0.134 -0.22344821 -0.16 -0.16 0.196 0.2 0.2 -0.546 -0.546 -0.50599557 -0.50591846 -0.3243276 -0.52 -0.52 -0.964 -0.964 -0.58232254 -0.798 -0.798 -0.59200714 -0.28000043 -0.28 -0.28 -0.27999807 -0.14799807 -0.148 -0.148 -0.148 -0.14799967 0.402 -0.70977963 -0.71 -0.71 -0.71 
0.208 0.12 0.57 -0.414 0.069972253 -0.546 -0.91 -0.442 -0.638 -0.68 -0.68 -0.258 -0.312 -0.312 0.0097770596 -0.11732749 -0.13 -0.37 -0.44999968 -0.134 -0.25247181 -0.254 0.058 -0.26 -0.25999768 -0.08 0.063999999 0.063999785 -0.43026631 -0.43 -0.324 -0.37130709 -0.784 -0.964 -0.93969994 -0.402 -0.402 -0.592 -0.592 -0.28 -0.28 -0.28 0.19588518 0.19799998 -0.148 -0.148 -0.148 0.40197906 0.402 0.402 -0.71 -0.71 -0.71 
0.08358827 0.12000001 0.658 0.292 0.168 -0.274 -0.24 -0.332 -0.772 -0.55669184 -0.78 -0.438 -0.438 -0.19 -0.18999814 -0.52689074 -0.528 -0.528 -0.38221212 0.0039999497 -0.236 -0.236 0.064 0.060364499 -0.098139247 -0.08 -0.1 0.064 -0.093081862 -0.094 -0.256 -0.014 -0.056309783 -0.09 -0.112 -0.214 -0.262 -0.606 -0.1302198 -0.27967861 -0.208 -0.078 0.19796125 0.198 0.19605252 -0.148 0.04399999 0.402 0.402 0.402 0.402 -0.62882115 0.278 
-0.12 -0.12 0.18 0.286 -0.172 -0.686 -0.512 -0.352 -0.48 -0.50200889 -0.594 -0.472 -0.19 -0.19 0.008 0.00064851783 -0.528 -0.52791432 -0.186 0.004 0.004 -0.026920044 0.064 -0.10599678 -0.106 -0.106 -0.1 0.162 0.162 -0.094 -0.094 -0.014159316 -0.098 -0.09 -0.118 -0.214 -0.262 -0.408 -0.13 0.031342059 -0.078000006 -0.064041103 -0.04 0.198 0.198 0.044 0.044 0.044 0.402 0.402 -0.058 -0.058 -0.057999874 
-0.12 -0.12 0.016 -0.366 -0.242 -0.274 -0.466 -0.46817657 -0.57 -0.698 -0.312 -0.78 -0.47240962 0.008 0.008 0.0080173041 0.158 0.13994527 -0.186 0.042 0.042 0.318 0.318 -0.106 -0.106 -0.106 0.162 0.162 0.162 0.096 0.096 0.09599968 0.068 0.068 -0.33 -0.164 -0.138 -0.79999905 -0.06 0.034 0.034 -0.27999921 -0.04 0.198 0.17799998 0.142 0.16547457 0.166 0.678 0.678 -0.058 -0.058 -0.058 
-0.12 -0.061386043 -0.14701302 -0.35599165 -0.114 0.074 -0.466 -0.468 -0.56999915 -0.69658192 -0.77999989 -0.78 0.152 0.0080000002 0.008 0.158 0.158 0.15798042 -0.186 0.042 0.096200785 0.318 0.318 -0.10598272 -0.106 -0.027764744 0.132 0.132 0.132 0.096 0.096 -0.032 -0.032 0.067998909 -0.33 -0.090000104 -0.22619459 -0.8 -0.8 0.03399999 -0.28 -0.28 -0.27999665 0.178 0.178 0.142 0.166 0.166 0.678 0.678 -0.058 -0.058 -0.058 
-0.2 0.11968781 0.13398183 0.1304531 -0.11399915 0.073995561 -0.46599999 -0.46797538 -0.56297116 -0.57334242 0.152 0.152 0.152 0.152 0.0080203986 0.158 0.158 0.15355841 -0.186 0.042141483 0.536 0.536 0.536 0.536 -0.094940525 0.132 0.132 0.132 0.132 0.13198287 -0.032 -0.032 -0.032 -0.032 -0.09 -0.09 -0.09 -0.76563542 -0.79310532 0.118 0.118 -0.27997859 -0.091990757 0.17797399 0.178 0.142 0.166 0.166 0.67799999 0.678 -0.055329871 -0.058 -0.23602603 
-0.2 0.134 0.134 0.134 0.134 0.13399997 -0.46461772 -0.46695955 -0.54421888 0.15121928 0.152 0.152 0.152 0.152 0.15200014 0.158 0.15799995 0.13440395 -0.18599287 0.536 0.536 0.536 0.536 0.536 0.53448521 0.1721026 0.146 0.146 0.146 0.146 -0.031999994 -0.032 -0.031999567 0.328 0.328 -0.09 0.46026052 0.476 0.11800021 0.118 0.118 0.118 -0.092 -0.092 -0.092 -0.090371573 -0.20954558 -0.212 -0.212 -0.212 -0.21199998 0.34799992 0.348 
0.456 0.134 0.134 0.134 0.134 0.134 0.13399996 -0.32681206 0.34317911 0.348 0.348 0.348 0.348 0.348 0.348 0.59683078 0.16501547 0.11089503 0.53590934 0.536 0.536 0.536 0.536 0.53600033 0.466 0.466 0.46599955 0.146 0.146 0.14645255 0.372 0.372 0.328 0.328 0.328 0.45229198 0.476 0.476 0.476 0.118 0.118 0.118 -0.092 -0.092 -0.092 -0.092 -0.21199999 -0.212 -0.212 -0.212 -0.212 0.348 0.348 
0.456 0.33612306 0.134 0.134 0.134 0.134 0.022021982 0.022 0.022000008 0.348 0.348 0.348 0.348 0.348 0.40403418 0.602 0.602 0.602 0.817141 0.81799971 0.818 0.818 0.818 0.818 0.466 0.466 0.466 0.466 0.146 0.372 0.372 0.372 0.328 0.328 0.328 0.402 0.47590202 0.476 0.476 0.11803849 0.1945877 0.37323487 -0.092 -0.092 0.19511122 0.196 0.196 -0.2111969 0.27429466 0.27599996 0.27599991 0.49397785 0.3480003 
0.456 0.11345371 0.11881862 0.134 0.134 0.022066175 0.022 0.022 0.022 0.024349249 0.348 0.348 0.348 0.34800003 0.602 0.602 0.602 0.602 0.81780705 0.818 0.818 0.818 0.818 0.818 0.46600001 0.466 0.466 0.466 0.46565809 0.372 0.372 0.372 0.81599999 0.32801931 0.402 0.402 0.402 0.40506144 0.38046692 0.374 0.374 0.374 0.396 0.396 0.196 0.196 0.196 0.276 0.276 0.276 0.276 0.494 0.494 
0.10418872 0.104 0.104 0.104 -0.132 0.021996027 0.022 0.022 0.022 0.022 0.33846064 0.34799836 0.348 0.602 0.602 0.602 0.602 0.602 0.63029636 0.818 0.818 0.818 0.818 0.818 0.77792601 0.9819972 0.982 0.982 0.982 0.37200002 0.81599999 0.816 0.816 0.816 0.402 0.40200732 0.68 0.68 0.37782087 0.374 0.374 0.374 0.396 0.396 0.22696689 0.196 0.196 0.276 0.276 0.276 0.27833753 0.494 0.494 
0.104 0.104 0.104 -0.0071359206 -0.132 -0.132 0.022 0.022 0.022 0.022 0.222 0.222 0.222 0.602 0.602 0.602 0.602 0.60197653 0.782 0.782 0.81799999 0.818 0.82350215 1.044 1.0434418 0.982 0.982 0.982 0.982 0.8160169 0.816 0.816 0.816 0.816 0.67999902 0.68 0.68 0.68 0.67895125 0.374 0.374 0.374 0.396 0.396 0.396 0.196 0.196 0.276 0.276 0.276 0.494 0.494 0.494 
0.104 0.104 0.104 -0.132 -0.132 -0.132 -0.13199976 0.022 0.022 0.22179354 0.222 0.222 0.222 0.22223676 0.48706202 0.46 0.46 0.46 0.782 0.782 0.782 1.044 1.044 1.044 1.0439888 0.99353953 0.982 0.982 0.982 1.0881904 1.1459675 1.146 1.146 1.146 0.87909336 1.1579989 1.158 1.158 1.158 0.70595457 0.706 0.706 0.396 0.396 0.62999902 0.62999998 0.582 0.582 0.61 0.61 0.61 0.494 0.65985158 
0.10400044 0.104 0.10399999 -0.132 -0.132 -0.132 -0.132 -0.04799998 0.021720113 0.22185854 0.222 0.222 0.222 0.22246702 0.46 0.46 0.46 0.46000009 0.782 0.782 0.782 1.044 1.044 1.044 1.004 1.004 1.074 1.074 1.074 1.0743928 1.146 1.146 1.146 1.146 1.1519967 1.158 1.158 1.158 1.158 0.706 0.706 0.706 0.70360875 0.63 0.63 0.63 0.582 0.582 0.61 0.61 0.61 0.66 0.66 
0.246 0.1883474 0.37 0.36985436 -0.132 -0.048486021 -0.048 -0.048 0.043094657 0.066000003 0.066 0.066 0.066 0.12599805 0.126 0.45999974 0.46 0.46848423 0.782 0.782 0.782 0.78 0.78 0.78 1.004 1.004 1.074 1.074 1.074 1.074 1.0800004 1.0800002 1.1443412 1.1459292 0.97219955 0.972 0.972 0.972 0.972 0.706 0.706 0.706 0.63418469 0.63 0.63 0.62999991 0.582 0.582 0.58200101 0.61 0.60999687 0.54 0.66 
0.50395101 0.50399998 0.37 0.37 0.37 -0.048 -0.048 -0.048 0.202 0.202 0.066 0.066 0.066 0.126 0.126 0.126 0.126 0.12607407 0.782 0.782 0.782 0.78 0.78 0.78 1.004 1.004 1.074 1.074 1.074 1.0799323 1.08 1.08 1.08 1.08 0.97205329 0.972 0.972 0.972 0.972 0.53800004 0.538 0.538 0.538 0.62999615 0.128 0.128 0.128 0.298 0.298 0.298 0.54 0.54 0.54 
0.504 0.504 0.37 0.37 0.37 -0.045802917 -0.048 0.202 0.202 0.202 0.066016742 0.066 -0.11376744 0.12599994 0.126 0.126 0.126 -0.11 -0.11 -0.11 0.30000001 0.30000036 0.77999766 0.78 0.78011744 0.872 0.872 0.87200048 1.0739674 1.1059948 1.1059999 1.1059955 1.0800444 1.0800224 0.99125196 0.97199972 0.96960052 0.256 0.256 0.538 0.538 0.538 0.538 0.128 0.128 0.128 0.128 0.298 0.298 0.298 0.54 0.54 0.54 
0.504 0.504 0.37 0.37 0.37 0.37 0.045567697 0.202 0.202 0.202 0.20180335 -0.154 -0.154 -0.154 0.1243499 0.126 -0.10842735 -0.11 -0.11 -0.11 0.3 0.3 0.3 0.3 0.872 0.872 0.872 0.872 0.872 1.106 1.106 1.106 1.106 1.1060002 1.222 0.256 0.256 0.256 0.256 0.25599924 -0.03 -0.03 -0.03 0.0331301 0.164 0.164 0.164 0.298 0.29799998 0.278 0.278 0.47601557 0.476 
0.504 0.504 0.41836459 0.37 0.37 0.36999999 0.14210647 0.20181091 0.202 0.202 -0.15399995 -0.154 -0.154 -0.154 -0.154 -0.13104276 -0.11 -0.11 -0.11 -0.11 0.29999683 0.3 0.3 0.3 0.872 0.872 0.872 0.872 0.872 0.80154996 1.106 1.106 1.106 1.222 1.222 1.2212499 0.256 0.256 0.32691009 0.38199999 -0.03 -0.03 -0.03 0.032878142 0.164 0.164 0.164 0.21 0.27715273 0.278 0.278 0.476 0.476 
0.306 0.306 0.306 0.35395344 0.37008173 0.142 0.142 0.142 0.142 0.078000001 0.078 -0.15399998 -0.154 -0.154 -0.154 -0.15399721 -0.11 -0.11 -0.11 -0.11 0.1210893 0.3 0.3 0.29178249 0.025452577 0.872 0.872 0.872 0.694 0.694 0.694 0.69400173 1.222 1.222 1.222 1.222 0.382 0.382 0.382 0.382 -0.06 -0.06 -0.06 0.31999236 0.32 0.32 0.31999995 0.21 0.21 0.27791715 0.278 0.47599868 0.476 
0.306 0.306 0.306 0.30600668 0.43 0.38812007 0.142 0.142 0.142 0.078 0.078 0.078 -0.116 -0.116 -0.116 -0.116 -0.10984613 -0.11 -0.11 -0.11 -0.10380008 -0.013999138 -0.014 -0.014 -0.014 -0.013999988 0.10200001 0.102 0.694 0.694 0.694 0.694 1.2219997 1.222 1.222 1.2219611 0.382 0.382 0.382 0.38269312 -0.06 -0.06 -0.06 0.31998238 0.32 0.32 0.32 0.21 0.21 0.21 0.214 0.214 0.334 
0.306 0.306 0.306 0.42999971 0.43 0.43 0.14200011 0.142 0.142 0.078 0.078 0.078 -0.116 -0.116 -0.116 -0.10914564 -0.026 -0.026 -0.026000217 -0.10952555 -0.014 -0.014 -0.014 -0.014 -0.014 -0.013912704 0.102 0.102 0.102 0.694 0.694 0.69380948 0.744 0.744 0.744 0.67 0.67 0.54 0.54 0.54 0.928 -0.059690093 -0.059994701 0.65 0.65 0.63749338 0.32000069 0.21 0.21 0.214 0.214 0.214 0.334 
0.306 0.306 0.306 0.43 0.43 0.43 0.43 0.142 0.142 0.078 0.078 -0.1082428 -0.116 -0.116 -0.116 -0.026 -0.026 -0.026 -0.026 -0.026 -0.014 -0.014 -0.014 -0.014 -0.014 0.1019996 0.102 0.102 0.102 0.398 0.398 0.398 0.744 0.744 0.744 0.67 0.67 0.54 0.54 0.928 0.928 0.928 0.65 0.65 0.65 0.65 0.65805044 0.748 0.748 0.748 0.21400001 0.756 0.756 
0.306 0.306 0.30617268 0.43 0.43 0.43 0.43 0.24911776 0.24 0.23972187 0.077999994 -0.11599665 -0.116 -0.116 -0.11599969 -0.026 -0.026 -0.026 -0.026 -0.026 0.032030463 -0.014 -0.014 -0.014 -0.014016065 0.10198908 0.102 0.102 0.102 0.398 0.398 0.398 0.39804901 0.744 0.67 0.67 0.67 0.66999475 0.54002646 0.928 0.928 0.928 0.65001688 0.65 0.65 0.65 0.74800129 0.748 0.748 0.748 0.756 0.756 0.756 
0.066 0.066000419 0.42992193 0.43 0.43 0.43 0.24004043 0.24 0.24 0.24 -0.075999992 -0.076 -0.076 -0.076 -0.026230776 -0.026 -0.026 -0.026 -0.026 0.033999964 0.034 0.034 -0.091999987 -0.092 -0.092 -0.092 -0.075255305 0.102 0.28399255 0.284 0.284 0.284 0.284 0.804 0.804 0.804 0.804 0.804 1.084 1.084 1.084 1.084 1.084 0.87765631 0.878 0.878 0.878 0.748 0.748 0.748 0.75599874 0.756 0.756 
0.066 0.066 0.065447521 8.6429893e-07 9.5569238e-08 0.00023426409 0.24 0.24 0.24 0.24 -0.076 -0.076 -0.076 -0.076 -0.076 -0.026 -0.026 -0.026 0.033999985 0.034 0.034 0.034 -0.092 -0.092 -0.092 -0.092 -0.092 -0.09195858 0.28384631 0.284 0.284 0.284 0.28393826 0.68154925 0.80387321 0.804 0.804 0.804 1.084 1.084 1.084 1.084 1.084 0.878 0.878 0.878 0.878 0.81720946 0.748 1.0347645 1.038 0.68 0.68 
0.066 0.066 8.3601489e-06 -8.8817842e-17 -8.8817842e-17 -8.8817842e-17 0.060958988 0.24 0.24 0.24 -0.076 -0.076 -0.076 -0.076 -0.076 -0.02604067 -0.026 0.033982408 0.034 0.034 0.034 0.034 -0.045322484 -0.092 -0.092 -0.092 -0.092 -0.092015427 -0.114 -0.114 -0.114 -0.114 -0.114 0.588 0.588 0.588 0.588 0.588 1.152 1.152 1.152 1.152 1.152 0.87816115 0.87800003 0.878 0.87801119 0.8793692 1.038 1.038 1.038 0.68000201 0.68 
0.065999989 0.060116976 8.3665993e-09 -8.8817842e-17 -8.8817842e-17 -8.8817842e-17 -8.8817842e-17 0.23989781 0.24 0.24 -0.075999999 -0.076 -0.076 -0.076 -0.31262485 -0.318 -0.318 0.033990941 0.034 0.034 0.034 0.034 0.033999954 -0.092 -0.092 -0.092 -0.092 0.28799961 0.28799981 0.20244463 -0.114 -0.114 -0.114 0.588 0.588 0.588 0.588 0.58803251 1.152 1.152 1.152 1.152 1.1520084 0.944 0.944 0.944 0.944 0.94400758 1.038 1.038 1.038 1.038 1.0642563 
0.06 0.06 0.0068364014 -3.8432189e-11 -8.8817842e-17 -8.8817842e-17 -8.8817842e-17 8.7996426e-14 0.23989598 -0.45399999 -0.454 -0.454 -0.45310293 -0.31799965 -0.318 -0.318 -0.318 -0.318 0.033998177 0.01840898 -0.118 -0.118 -0.118 -0.11110863 -0.086877672 -0.059469066 -0.036161039 0.288 0.288 0.288 0.288 0.288 0.27744929 0.63588776 0.636 0.636 0.636 0.636 1.1726637 1.2619998 1.262 1.262 1.262 0.91600008 0.94399999 0.944 0.944 1.178 1.0380022 1.038 1.038 1.07 1.07 
0.06 0.06 -0.224 -0.224 -0.224 -7.4616012e-05 -9.2139093e-12 -3.0359364e-11 -0.454 -0.454 -0.454 -0.454 -0.454 -0.31800001 -0.318 -0.318 -0.318 -0.318 -0.118 -0.118 -0.118 -0.118 -0.118 -0.028000005 -0.028 -0.028 -0.028 0.288 0.288 0.288 0.288 0.288 0.626 0.626 0.636 0.636 0.636 0.81596935 0.816 1.262 1.262 1.262 1.2619999 0.916 0.916 0.916 1.178 1.178 1.178 1.072 1.072 1.07 1.07 
0.06 0.06 -0.224 -0.224 -0.224 -0.224 -0.22400127 -0.456 -0.45400188 -0.454 -0.454 -0.454 -0.454 -0.31969648 -0.318 -0.318 -0.318 -0.318 -0.118 -0.118 -0.118 -0.118 -0.118 -0.028 -0.028 -0.028 -0.028 -0.027998709 0.288 0.288 0.288 0.62598228 0.626 0.626 0.626 0.636 0.816 0.816 0.816 0.8277351 0.94671483 0.888 0.888 0.916 0.916 0.916 1.178 1.178 1.178 1.072 1.072 1.072 0.71495919 
0.052 0.052000063 -0.224 -0.224 -0.224 -0.224 -0.456 -0.456 -0.456 -0.454 -0.454 -0.454 -0.454 -0.45395772 -0.318 -0.318 -0.318 -0.318 -0.11800346 -0.118 -0.118 -0.118 -0.043851281 -0.028 -0.028 -0.028 -0.028 0.12999987 0.13 0.13 0.28631687 0.626 0.626 0.626 0.62599976 0.374 0.816 0.816 0.816 0.816 0.888 0.888 0.888 1.064 1.064 1.064 0.99801753 1.178 1.178 1.072 1.072 1.072 0.67800065 
0.052 0.052 -0.224 -0.224 -0.224 -0.456 -0.456 -0.456 -0.456 -0.4542251 -0.454 -0.454 -0.454 -0.45399945 -0.31400046 -0.314 -0.314 -0.314 -0.089316904 0.048 0.048 0.048 0.048 -0.028 -0.028 -0.028 -0.027989578 0.13 0.13 0.13 0.13 0.62594957 0.48425729 0.374 0.374 0.374 0.81508766 0.57200508 0.572 0.572 0.8879295 0.798 0.798 1.064 1.064 1.0639997 0.998 0.998 0.926 0.926 0.926 0.804 0.91 
0.052 0.051999998 -0.462 -0.462 -0.462 -0.456 -0.456 -0.456 -0.456 -0.65 -0.65 -0.65 -0.65 -0.62632129 -0.314 -0.314 -0.314 -0.314 -0.094 0.048 0.048 0.048 0.048 -0.228 -0.22799992 -0.028000295 0.13 0.13 0.13 0.13 0.20594129 0.28 0.36281529 0.374 0.374 0.374 0.572 0.572 0.572 0.572 0.798 0.798 0.798 0.95994892 0.96 0.99782919 0.998 0.998 0.92599972 0.926 0.804 0.804 0.91 
0.052 -0.462 -0.462 -0.462 -0.462 -0.462 -0.45638814 -0.506 -0.506 -0.65 -0.65 -0.65 -0.65 -0.64992043 -0.314 -0.314 -0.314 -0.3040597 -0.094 -0.094 0.048 0.048 -0.228 -0.228 -0.228 -0.228 0.13 0.13 0.13 0.13 0.28 0.28 0.28 0.37390488 0.374 0.374 0.572 0.572 0.572 0.572 0.798 0.798 0.798 0.96 0.96 0.95998685 0.728 0.728 0.86 0.86 0.804 0.804 0.91 
-0.4571729 -0.462 -0.462 -0.462 -0.462 -0.462 -0.506 -0.506 -0.506 -0.58307482 -0.65 -0.65 -0.65 -0.64999493 -0.314 -0.314 -0.314 -0.094 -0.094 -0.094 0.047992906 0.047998314 -0.228 -0.228 -0.228 -0.228 0.12997455 0.13 0.13 0.2799655 0.28 0.28 0.28 0.28 0.37407726 0.584 0.584 0.58379232 0.572 0.572 0.7979998 0.798 0.95528982 0.96 0.96 0.72800008 0.728 0.728 0.86 0.86 0.724 0.724 1 
-0.462 -0.462 -0.462 -0.462 -0.462 -0.462 -0.506 -0.506 -0.506 -0.506 -0.4660053 -0.466 -0.466 -0.466 -0.31399988 -0.24989901 -0.214 -0.214 -0.094221219 -0.094 -0.093999972 -0.2279996 -0.228 -0.228 -0.228 -0.228 -0.22773971 0.13 0.13000513 0.28 0.28 0.28 0.28 0.28 0.584 0.584 0.584 0.584 0.584 0.58400009 0.642 0.642 0.64199993 0.438 0.438 0.438 0.642 0.642 0.652 0.652 0.724 0.7240006 1 
-0.462 -0.462 -0.462 -0.462 -0.462 -0.462 -0.506 -0.506 -0.506 -0.466 -0.466 -0.466 -0.466 -0.466 -0.3995734 -0.214 -0.214 -0.214 -0.214 -0.214 -0.20827039 -0.228 -0.228 -0.228 -0.228 -0.21418356 0.21131052 0.14116484 0.27926028 0.28 0.28 0.28 0.28 0.28000067 0.584 0.584 0.584 0.584 0.584 0.61098147 0.642 0.642 0.642 0.438 0.438 0.438 0.642 0.642 0.652 0.652 0.864 0.99249755 1 
-0.462 -0.462 -0.462 -0.462 -0.462 -0.46200001 -0.50599999 -0.506 -0.50433978 -0.466 -0.466 -0.466 -0.466 -0.466 -0.45391253 -0.214 -0.214 -0.214 -0.214 -0.214 -0.214 0.1433926 0.21199938 0.212 0.212 0.212 0.212 0.212 0.36774384 0.36999893 0.37 0.37 0.37 0.37000015 0.584 0.584 0.584 0.584 0.584 0.64199999 0.642 0.642 0.642 0.64199991 0.43835271 0.658 0.642 0.93091383 0.65224884 0.864 0.864 0.85813817 0.582 
-0.462 -0.462 -0.462 -0.462 -0.462 -0.46200281 -0.50599763 -0.50599758 -0.46600005 -0.466 -0.466 -0.466 -0.466 -0.466 -0.46120498 -0.214 -0.214 -0.214 -0.214 -0.214 -0.214 0.212 0.212 0.212 0.212 0.212 0.212 0.212 0.36995638 0.37 0.37 0.37 0.37 0.37 0.42863598 0.584 0.584 0.584 0.584 0.642 0.642 0.642 0.642 0.6420041 0.658 0.658 0.65974237 0.936 0.936 0.864 0.864 0.582 0.582 
-0.462 -0.462 -0.462 -0.462 -0.462 -0.46205868 -0.50594664 -0.47051374 -0.466 -0.466 -0.466 -0.466 -0.466 -0.466 -0.46158831 -0.214 -0.214 -0.214 -0.214 -0.214 -0.15334534 0.212 0.212 0.212 0.212 0.212 0.212 0.212 0.36999937 0.37 0.37 0.37 0.37 0.37 0.37 0.41352611 0.14853552 0.0036399882 -0.018401256 0.62387342 0.64199999 0.642 0.642 0.65799872 0.658 0.66090103 1.143999 0.936 0.936 0.69204798 0.692 0.692 0.58200005 
-0.462 -0.462 -0.462 -0.462 -0.46200004 -0.46236693 -0.50223345 -0.466011 -0.466 -0.466 -0.466 -0.466 -0.466 -0.466 -0.46011541 -0.214 -0.214 -0.214 -0.214 -0.214 0.21199816 0.212 0.212 0.212 0.212 0.212 0.212 0.212 0.36999996 0.37 0.37 0.37 0.37 0.37 0.36999992 -0.03 -0.03 -0.03 -0.029999998 0.36 0.36 0.36 0.36 1.1439986 1.144 1.144 1.144 1.1439974 0.912 0.912 0.692 0.692 0.56381909 
-0.462 -0.462 -0.462 -0.462 -0.46200123 -0.46317637 -0.46866839 -0.46600052 -0.466 -0.466 -0.466 -0.466 -0.466 -0.466 -0.45744556 -0.2140001 -0.214 -0.214 -0.214 -0.21143609 0.212 0.212 0.212 0.212 0.212 0.212 0.212 0.212 0.36999996 0.37 0.37 0.37 0.37 0.37 -0.029999633 -0.03 -0.03 -0.03 -0.03 0.36 0.36 0.36 0.36 0.57159823 1.144 1.144 1.144 0.9120026 0.912 0.912 0.508 0.508 0.508 
-0.462 -0.462 -0.462 -0.4620001 -0.46201195 -0.4645995 -0.46613983 -0.46600013 -0.466 -0.466 -0.466 -0.466 -0.466 -0.46599998 -0.45382895 -0.21400593 -0.214 -0.214 -0.21399951 0.20336856 0.212 0.212 0.212 0.212 0.212 0.212 0.212 0.212 0.36999985 0.37 0.37 0.37 0.37 -0.01944625 -0.03000004 -0.03 -0.03 -0.03 -0.03 0.36 0.36 0.36 0.36 0.36 1.144 1.144 1.144 0.912 0.912 0.912 0.508 0.508 0.508 
-0.462 -0.462 -0.46200004 -0.46200117 -0.46206131 -0.46611971 -0.46602334 -0.46600008 -0.466 -0.466 -0.466 -0.466 -0.466 -0.46599953 -0.44952909 -0.21409203 -0.21400001 -0.21399999 -0.21179439 0.21196378 0.212 0.212 0.212 0.212 0.212 0.212 0.212 0.21200009 0.36999901 0.37 0.36999962 -0.11523072 -0.162 -0.162 -0.162 -0.03 -0.03 -0.03 -0.03 0.36 0.36 0.36 0.36 0.36 1.1439861 1.144 1.1439999 0.91200002 0.912 0.91199978 0.508 0.508 0.508 
