interpolatedSpi/05-06|20_2.tif
NCOLS 53
NROWS 52
XLLCORNER -116.03883
YLLCORNER 28.596182
DX 0.49850594
DY 0.49788537
NODATA_VALUE -9999
[rows 0 to 29 of 52, columns 0 to 52 of 53]
0.84666667 0.84666667 0.21506838 -0.14333333 0.07 0.2 0.75666667 0.34666667 -0.086554376 -0.23333333 -0.053333333 -0.023333333 -0.26328283 0.35 -0.30333333 -0.30333333 -0.30333333 0.48333333 0.62 0.62 0.62 0.61999965 0.58333333 -0.016666667 -0.016666667 -0.016666667 0.93333485 0.93333333 0.93333333 0.56666667 0.56666667 0.56666667 0.56666667 1.1799999 1.18 1.18 1.18 1.18 1.18 1.18 1.7538181 1.7595637 0.046666667 0.046666667 0.046666667 0.046666667 0.04642711 -0.1 -0.1 -0.1 0.80999811 0.81 0.81
0.84663438 0.12 0.46000092 0.4952843 0.52651238 0.74333333 0.46666667 0.40053587 0.013333333 0.026666667 -0.21333333 -0.26333333 -0.26333333 0.32010003 0.34999387 -0.30333333 0.48333333 0.48333333 0.6198218 0.62 0.62 0.62 -0.026843171 -0.016666667 -0.016666667 -0.016666667 -0.16999999 -0.17 0.56666667 0.56666667 0.56666667 0.56666667 0.56666667 1.1799999 1.18 1.18 1.18 1.18 1.1799999 0.99777135 0.11336948 0.054756145 0.046666667 0.046666667 0.046666667 0.046666667 0.046666667 -0.1 -0.1 -0.1 -0.024541929 0.81 0.81
1.7766134 1.7766667 1.2566667 1.45 0.72333333 0.58666667 0.52333333 1.2297249e-55 -0.16666667 -0.13 0.053333333 -1.11 -0.48666667 -0.48333333 0.32 0.42666667 0.48333333 0.48333333 0.48333333 0.74996221 0.75 0.75 -0.21 -0.016666667 -0.016666667 -0.016666667 -0.17 -0.17 -0.17 0.56666667 0.56666667 0.56666661 0.024289257 1.1760889 1.1687065 -0.022214989 -0.033333333 -0.033333333 -0.014886532 0.11333333 0.11333333 0.11324808 0.046666667 0.046666667 0.046666667 0.046666667 0.046666667 -0.1 -0.1 -0.1 -0.099999998 0.81 0.81
1.26 1.7766665 0.94666871 0.83 0.15333333 0.52666667 1.2133333 -0.3 0.16666667 -0.11968762 -0.33 -0.41333333 -0.58 -0.48333333 0.33 0.42666667 -0.0099669151 -0.01298534 0.08 0.75 0.75 -0.66666667 -0.21 -0.21 -0.016666667 -0.016667432 -0.17 -0.17 -0.17 -0.99 -0.75406858 -0.56 -0.56 -0.55999959 -0.033333333 -0.033333333 -0.033333333 -0.033333333 0.11333333 0.11333333 0.11333333 0.11333333 0.046666667 0.046666667 0.046666667 0.046666667 0.046666667 -0.09999815 -0.1 -0.1 -0.1 0.80994055 0.81
1.26 0.44000093 0.94666667 0.87586748 0.15333333 0.45333333 0.22667286 0.32666667 0.23 0.033333561 -0.18991288 -0.29660555 0.13 0.33 0.33 0.38776651 -0.013333333 -0.013333333 0.08 0.08 0.7499971 -0.66666667 -0.83 -0.13666667 -0.18333333 -0.1834526 -0.17 -0.17 -0.99 -0.99 -0.56 -0.56 -0.56 -0.53925681 -0.033333334 -0.033333333 -0.033333333 0.11333333 0.11333333 0.11333333 0.11333333 0.11332175 0.046666666 0.046666667 0.046666667 0.046666667 0.046666667 0.045361152 -0.1 -0.1000408 -1.01 -1.01 -1.01
-0.74333333 0.58 0.81999999 0.47 0.48 0.64666667 0.57333333 0.54175294 0.83 0.24 0.29666667 0.05 0.050000053 -0.24333333 -0.24333333 -0.030002414 -0.03 -0.23666667 -0.23666667 0.079999275 -1.3866667 -1.3866667 -0.13666667 -0.18333333 -0.18333333 -0.69333333 -1.4 -1.4 -0.44338305 -0.99 -0.56 -0.56 -0.45 -0.4499387 0.13662434 -0.94333333 -0.94333333 -0.21357062 0.11333333 0.11333333 -0.0065170009 -0.0066666664 -0.0066665055 -0.66062336 -0.67325376 -0.67333314 -0.67333331 -0.67333308 -2.044737 -1.01 -1.01 -1.01 -1.01
-0.14999973 0.36666667 -0.040404728 0.70666667 1.31 0.23333333 0.14 0.28333333 0.30666667 0.30666667 0.29666667 0.31666667 -0.76666658 -0.24333333 -0.040000609 -0.04 -0.03 -0.58666667 -0.74333333 -0.74333333 -1.2295784 -1.0533333 -1.0533333 -1.1733333 -0.69333333 -0.69333333 -1.4 -1.4 -0.44333664 -0.44339413 0.47032884 -0.45 -0.45 0.13666667 0.13666667 -1.0631541 -0.94333333 -0.94333333 -1.2166572 -0.0066683513 -0.0066666667 -0.0066666667 -0.0066663663 -0.67333151 -0.67333333 -0.67333333 -0.67333333 -0.6733343 -2.29 -1.0102537 -1.01 -1.01 -1.01
-0.15 -0.44 0.28666667 -0.25666667 -0.52665119 -0.013333333 -0.12666667 -0.049999989 0.0033333334 0.17333333 0.17333333 -0.5 -0.76666667 -0.76666667 -0.044985607 -0.45287649 -0.49333333 -0.17 -0.66666675 -0.74333333 -1.7559754 -1.7633333 -1.73 -0.87333334 -0.87333166 -0.74333333 -1.6366667 -1.6366666 -0.49980143 -0.49999998 0.47333333 0.48876646 0.43666667 0.13666667 0.12050465 -1.1633333 -1.1633333 -1.2166667 -1.2166667 -0.0066666667 -0.0066666667 -0.006666665 -0.34510824 -0.34666668 -0.67333333 -0.67333333 -0.67333333 -2.2899385 -2.29 -2.29 -1.01 -1.01 -1.01
-0.40257683 -0.43999999 0.026666667 0.16333333 0.17333333 -0.18333333 0.12666667 1.2266667 0.45333333 0.51978647 -0.40666667 -0.49 -0.49 -0.8 -0.79999618 -0.70274805 -0.70333333 -0.70333333 -0.24581694 -1.79 -1.6766667 -1.6766667 -1.7433333 -1.7352544 -0.7564339 -0.74333333 -1.17 -1.6366667 -0.74521053 -0.74 0.50333333 0.75666667 0.41082431 -0.74 -0.43 -0.59 -0.67666667 -0.52666667 -0.54998923 -0.0063095648 0.073333333 -0.14333333 -0.34661566 -0.34666667 -0.34850532 -0.67333333 -1.4666666 -2.29 -2.29 -2.29 -2.29 -1.1133412 -1.1533333
-0.19333333 -0.19333333 0.07 -0.18333333 0.17 0.45666667 0.18666667 0.56333333 0.86 0.53670372 -0.056666667 -0.40333333 -0.8 -0.8 -0.39333333 -0.39758512 -0.70333333 -0.70334662 -0.78666667 -1.79 -1.79 -1.7753988 -1.7433333 -1.6300021 -1.63 -1.63 -1.17 -0.5 -0.5 -0.74 -0.74 0.75536432 0.07 -0.74 -0.18666667 -0.59 -0.67666667 -1.0766667 -0.55 0.59447915 -0.14333332 -0.102926 -0.033333333 -0.34666667 -0.34666667 -1.4666667 -1.4666667 -1.4666667 -2.29 -2.29 -1.84 -1.84 -1.8399997
-0.19333333 -0.19333333 -0.59 -0.70333333 -0.3 0.17666667 -0.19666666 0.46005193 0.41 0.44333333 -0.0033333333 -0.49 -0.4034493 -0.39333333 -0.39333333 -0.39334987 -0.53666667 -0.54978784 -0.78666667 -0.68666667 -0.68666667 -1.13 -1.13 -1.63 -1.63 -1.63 -0.5 -0.5 -0.5 -1.0933333 -1.0933333 -1.0933314 -0.15666667 -0.15666667 -0.43 -0.69333333 -0.35666667 -1.0566677 -1.3066667 0.61333333 0.61333333 -0.0033334319 -0.033333333 -0.34666667 -1.1199998 -1.0933333 -0.7995522 -0.79666667 -1.48 -1.48 -1.84 -1.84 -1.84
-0.19333333 -0.36466942 -0.63836338 -0.88998546 -0.35 -0.54333333 -0.19666667 0.46 0.41000042 0.44296404 -0.48999879 -0.49 -0.14 -0.39333333 -0.39333333 -0.53666666 -0.53666667 -0.53668089 -0.78666667 -0.68666667 -0.77372831 -1.13 -1.13 -1.6299794 -1.63 -1.4612573 -1.1166667 -1.1166667 -1.1166666 -1.0933333 -1.0933333 -1.05 -1.05 -0.15666742 -0.43 -0.71333319 -0.48762259 -1.0566667 -1.0566667 0.61333331 -0.0033333333 -0.0033333333 -0.003341414 -1.12 -1.12 -1.0933333 -0.79666667 -0.79666667 -1.48 -1.48 -1.84 -1.84 -1.84
-0.0033333333 0.40027676 0.48662241 0.4766985 -0.35000092 -0.54332877 -0.19666668 0.45191681 0.41344551 0.41087042 -0.14 -0.14 -0.14 -0.14 -0.39329745 -0.53666667 -0.53666667 -0.53989457 -0.78666667 -0.68664996 -0.62666667 -0.62666667 -0.62666667 -0.62666667 -1.6125964 -1.1166667 -1.1166667 -1.1166667 -1.1166667 -1.1167157 -1.05 -1.05 -1.05 -1.05 -0.71333333 -0.71333333 -0.71333333 -1.0402483 -1.0543384 -0.74666667 -0.74666667 -0.0033733157 -1.3133267 -1.1200186 -1.12 -1.0933333 -0.79666667 -0.79666667 -1.48 -1.48 -1.838694 -1.84 -1.3897514
-0.0033333333 0.48666667 0.48666667 0.48666667 0.48666667 0.48666623 -0.197554 0.11403707 0.42263781 -0.13940681 -0.14 -0.14 -0.14 -0.14 -0.13999986 -0.53666666 -0.53666671 -0.55381496 -0.78666267 -0.62666667 -0.62666667 -0.62666667 -0.62666667 -0.62666667 -0.64273708 -1.2739237 -1.3433333 -1.3433333 -1.3433333 -1.3433333 -1.05 -1.05 -1.0500003 -1.3 -1.3 -0.71333333 -0.68740822 -0.68666667 -0.74666663 -0.74666667 -0.74666667 -0.74666667 -1.3133333 -1.3133333 -1.3133333 -1.3118023 -1.621328 -1.6266667 -1.6266667 -1.6266667 -1.6266667 -0.33000031 -0.33
0.036666667 0.48666667 0.48666667 0.48666667 0.48666667 0.48666667 0.48666662 -0.21969955 0.061657309 0.06 0.06 0.06 0.06 0.06 0.059999998 -0.65528152 -0.53880484 -0.57090005 -0.6266867 -0.62666667 -0.62666667 -0.62666667 -0.62666667 -0.62666676 -1.37 -1.37 -1.37 -1.3433333 -1.3433333 -1.3436203 -1.4866667 -1.4866667 -1.3 -1.3 -1.3 -0.78491593 -0.68666667 -0.68666667 -0.68666667 -0.74666667 -0.74666667 -0.74666667 -1.3133333 -1.3133333 -1.3133333 -1.3133333 -1.6266667 -1.6266667 -1.6266667 -1.6266667 -1.6266667 -0.33 -0.33
0.036666667 0.20419655 0.48666667 0.48666667 0.48666667 0.48666667 -0.66310763 -0.66333333 -0.66333332 0.06 0.06 0.06 0.06 0.06 -0.10104311 -0.67 -0.67 -0.67 -0.7097462 -0.70999991 -0.71 -0.71 -0.71 -0.71 -1.37 -1.37 -1.37 -1.37 -1.3433333 -1.4866667 -1.4866667 -1.4866667 -1.3 -1.3 -1.3 -0.55666667 -0.68649454 -0.68666667 -0.68666667 -0.74673055 -0.87431283 -1.1720581 -1.3133333 -1.3133333 -1.00429 -1.0033333 -1.0033333 -1.6243874 -0.24484577 -0.24000012 -0.24000026 -0.056708084 -0.32999944
0.036666667 0.095055421 0.28930871 0.48666667 0.48666667 -0.66265386 -0.66333333 -0.66333333 -0.66333333 -0.65812079 0.06 0.06 0.06 0.059999912 -0.67 -0.67 -0.67 -0.67 -0.70996427 -0.71 -0.71 -0.71 -0.71 -0.71 -1.37 -1.37 -1.37 -1.37 -1.3704244 -1.4866667 -1.4866667 -1.4866667 -0.84000002 -1.2999133 -0.55666667 -0.55666667 -0.55666667 -0.5562 -1.1425036 -1.1733333 -1.1733333 -1.1733333 -1.1 -1.1 -1.0033333 -1.0033333 -1.0033333 -0.24000001 -0.24 -0.24 -0.24 -0.056666667 -0.056666667
0.096780183 0.096666667 0.096666667 0.096666663 -0.32333333 -0.66332456 -0.66333333 -0.66333333 -0.66333333 -0.66333333 0.072113033 0.060002085 0.060000004 -0.67 -0.67 -0.67 -0.67 -0.67 -0.71942998 -0.71 -0.71 -0.71 -0.71 -0.71 -0.92958503 -0.7800032 -0.78 -0.78 -0.78 -1.4866666 -0.84000001 -0.84 -0.84 -0.84 -0.55666667 -0.55666553 -0.51333333 -0.51333333 -1.1650923 -1.1733333 -1.1733333 -1.1733333 -1.1 -1.1 -1.0183007 -1.0033333 -1.0033333 -0.24 -0.24 -0.24 -0.23803419 -0.056666667 -0.056666667
0.096666667 0.096666667 0.096666667 -0.1011176 -0.32333333 -0.32333333 -0.66333333 -0.66333333 -0.66333333 -0.66333333 0.22 0.22 0.22 -0.67 -0.67 -0.67 -0.67 -0.67004462 -1.4033333 -1.4033333 -0.71000028 -0.71 -0.71738489 -1.0133333 -1.0112327 -0.78 -0.78 -0.78 -0.78 -0.83999389 -0.84 -0.84 -0.84 -0.84 -0.51333349 -0.51333333 -0.51333333 -0.51333333 -0.51566229 -1.1733333 -1.1733333 -1.1733333 -1.1 -1.1 -1.1 -1.0033333 -1.0033333 -0.24 -0.24 -0.24 -0.056666667 -0.056666667 -0.056666667
0.096666667 0.096666667 0.096666667 -0.32333333 -0.32333333 -0.32333333 -0.32333385 -0.66333333 -0.66333333 0.21908815 0.22 0.22 0.22 0.21944549 -0.88854405 -0.94 -0.94 -0.94 -1.4033333 -1.4033333 -1.4033333 -1.0133333 -1.0133333 -1.0133333 -1.0132922 -0.82545877 -0.78 -0.78 -0.78 -0.57026947 -0.51003246 -0.51 -0.51 -0.51 -0.56869285 -0.64666636 -0.64666667 -0.64666667 -0.64666667 -0.47009624 -0.47 -0.47 -1.1 -1.1 -0.060004342 -0.059999893 0.24333333 0.24333333 0.30333333 0.30333333 0.30333333 -0.056666667 0.37960957
0.096667618 0.096666667 0.096666652 -0.32333333 -0.32333333 -0.32333333 -0.32333333 -0.076666837 -0.66098761 0.22011788 0.22 0.22 0.22 0.21772376 -0.94 -0.94 -0.94 -0.94000013 -1.4033333 -1.4033333 -1.4033333 -1.0133333 -1.0133333 -1.0133333 -0.86666667 -0.86666667 -0.8 -0.8 -0.8 -0.79841796 -0.51 -0.51 -0.51 -0.51 -0.57829581 -0.64666667 -0.64666667 -0.64666667 -0.64666667 -0.47 -0.47 -0.47 -0.45709983 -0.06 -0.06 -0.06 0.24333333 0.24333333 0.30333333 0.30333333 0.30333333 0.38 0.38
0.40333333 0.24132963 -0.34666667 -0.3466599 -0.32333333 -0.078093872 -0.076666667 -0.076666667 -0.02808285 0.34999999 0.35 0.35 0.35 -0.80329579 -0.80333333 -0.9399999 -0.94 -0.95220815 -1.4033333 -1.4033333 -1.4033333 -1.2333333 -1.2333333 -1.2333333 -0.86666667 -0.86666667 -0.8 -0.8 -0.8 -0.79999984 -0.57666624 -0.57666648 -0.51167557 -0.51007147 -0.65649958 -0.65666667 -0.65666667 -0.65666667 -0.65666667 -0.47 -0.47 -0.47 -0.082575833 -0.06 -0.06 -0.060000018 0.24333333 0.24333333 0.24333549 0.30333333 0.30332066 0.02 0.38
-0.17322382 -0.17333336 -0.34666667 -0.34666667 -0.34666667 -0.076666667 -0.076666667 -0.076666667 0.056666667 0.056666667 0.35 0.35 0.35 -0.80333333 -0.80333333 -0.80333333 -0.80333333 -0.80340044 -1.4033333 -1.4033333 -1.4033333 -1.2333333 -1.2333333 -1.2333333 -0.86666667 -0.86666667 -0.8 -0.8 -0.8 -0.57918477 -0.57666667 -0.57666667 -0.57666667 -0.57666667 -0.65662719 -0.65666667 -0.65666667 -0.65666667 -0.65666667 -0.39666669 -0.39666667 -0.39666667 -0.39666667 -0.060000793 -0.16333333 -0.16333333 -0.16333333 0.22333333 0.22333333 0.22333333 0.02 0.02 0.02
-0.17333333 -0.17333333 -0.34666667 -0.34666667 -0.34666667 -0.078085835 -0.076666667 0.056666667 0.056666667 0.056666667 0.34996389 0.35 -0.40175475 -0.80333328 -0.80333333 -0.80333333 -0.80333333 -0.86333333 -0.86333333 -0.86333333 -1.0233333 -1.0233335 -1.2333323 -1.2333333 -1.2329023 -0.68 -0.68 -0.68000029 -0.79998061 -0.20007506 -0.200002 -0.20006576 -0.5760229 -0.57634161 -0.64217337 -0.6566667 -0.65696828 -0.74666667 -0.74666667 -0.39666667 -0.39666667 -0.39666667 -0.39666667 -0.16333333 -0.16333333 -0.16333333 -0.16333333 0.22333333 0.22333333 0.22333333 0.02 0.02 0.02
-0.17333333 -0.17333333 -0.34666667 -0.34666667 -0.34666667 -0.34666667 -0.026763895 0.056666667 0.056666667 0.056666667 0.056320508 -0.57 -0.57 -0.57 -0.80195825 -0.80333333 -0.86293351 -0.86333333 -0.86333333 -0.86333333 -1.0233333 -1.0233333 -1.0233333 -1.0233333 -0.68 -0.68 -0.68 -0.68 -0.68 -0.2 -0.2 -0.2 -0.2 -0.19999974 -0.076666667 -0.74666667 -0.74666667 -0.74666667 -0.74666667 -0.74666709 -0.93666667 -0.93666667 -0.93666667 -0.69152128 -0.18333333 -0.18333333 -0.18333333 0.22333332 0.22333307 -0.043333333 -0.043333333 0.41323764 0.41333333
-0.17333333 -0.17333333 -0.2841055 -0.34666667 -0.34666667 -0.34666669 -1.2410264 0.052569785 0.056666666 0.056666665 -0.5700001 -0.57 -0.57 -0.57 -0.57 -0.58916922 -0.86333333 -0.86333333 -0.86333333 -0.86333333 -1.0233321 -1.0233333 -1.0233333 -1.0233333 -0.68 -0.68 -0.68 -0.68 -0.68 -0.54730952 -0.2 -0.2 -0.2 -0.076666667 -0.076666667 -0.077186938 -0.74666667 -0.74666667 -0.64911839 -0.57333335 -0.93666667 -0.93666667 -0.93666667 -0.69440486 -0.18333333 -0.18333333 -0.18333333 -4.5971125e-12 -0.042793404 -0.043333333 -0.043333333 0.41333333 0.41333333
-0.66 -0.66 -0.66 -0.42522795 -0.34750224 -1.2433333 -1.2433333 -1.2433333 -1.2433333 -1.0633333 -1.0633333 -0.57000003 -0.57 -0.57 -0.57 -0.57001859 -0.86333333 -0.86333333 -0.86333333 -0.86333333 -0.95351452 -1.0233333 -1.0233333 -1.0151333 -0.70866414 -0.68 -0.68 -0.68 -0.67 -0.67 -0.67 -0.66999803 -0.076666667 -0.076666667 -0.076666667 -0.076666667 -0.57333333 -0.57333333 -0.57333333 -0.57333333 -0.57333333 -0.57333333 -0.57333333 -0.11667585 -0.11666667 -0.11666667 -0.11666669 3.7007434e-17 3.7007434e-17 -0.043280534 -0.043333333 0.41333206 0.41333333
-0.66 -0.66 -0.66 -0.66001346 -0.91 -0.95847214 -1.2433333 -1.2433333 -1.2433333 -1.0633333 -1.0633333 -1.0633333 -0.43666667 -0.43666667 -0.43666667 -0.43666668 -0.86373633 -0.86333333 -0.86333333 -0.86333333 -0.8657424 -0.71000086 -0.71 -0.71 -0.71 -0.71000001 -1.1133333 -1.1133333 -0.67 -0.67 -0.67 -0.67 -0.076666934 -0.076666667 -0.076666667 -0.076696804 -0.57333333 -0.57333333 -0.57333333 -0.5733772 -0.57333333 -0.57333333 -0.57333333 -0.11668784 -0.11666667 -0.11666667 -0.11666667 3.7007434e-17 3.7007434e-17 2.1402937e-08 0.16 0.16 0.58
-0.66 -0.66 -0.66 -0.90999942 -0.91 -0.91 -1.2433332 -1.2433333 -1.2433333 -1.0633333 -1.0633333 -1.0633333 -0.43666667 -0.43666667 -0.43666667 -0.48591651 -1.0833333 -1.0833333 -1.0833328 -0.86457595 -0.71 -0.71 -0.71 -0.71 -0.71 -0.71030353 -1.1133333 -1.1133333 -1.1133333 -0.67 -0.67 -0.67011157 -0.44666667 -0.44666667 -0.44666667 -0.79333333 -0.79333333 -0.58333333 -0.58333333 -0.58333333 0.03 -0.57314409 -0.57332823 0.11 0.11 0.10140959 -0.11666587 1.9963286e-10 1.1908503e-10 0.16 0.16 0.16 0.58
-0.66 -0.66 -0.66 -0.91 -0.91 -0.91 -0.91 -1.2433333 -1.2433333 -1.0633333 -1.0633333 -0.46172429 -0.43666667 -0.43666667 -0.43666667 -1.0833333 -1.0833333 -1.0833333 -1.0833333 -1.0833333 -0.71 -0.71 -0.71 -0.71 -0.71 -1.113332 -1.1133333 -1.1133333 -1.1133333 -0.84333333 -0.84333333 -0.84333333 -0.44666667 -0.44666667 -0.44666667 -0.79333333 -0.79333333 -0.58333333 -0.58333333 0.03 0.03 0.03 0.11 0.11 0.11 0.11 0.11985768 0.23 0.23 0.23 0.16000001 0.47333333 0.47333333
