interpolatedSpi/05-09|23_2.tif
NCOLS 53
NROWS 52
XLLCORNER -116.03883
YLLCORNER 28.596182
DX 0.49850594
DY 0.49788537
NODATA_VALUE -9999
[rows 0 to 39 of 52, columns 0 to 52 of 53]
0.594 0.594 0.68207351 0.92 0.664 0.804 0.62 0.734 -0.32310796 -0.274 0.026 -0.106 -0.49397958 -0.246 -0.226 -0.226 -0.226 -0.722 -0.18 -0.18 -0.18 -0.179999 -0.076000004 -0.462 -0.462 -0.462 -0.99200496 -0.992 -0.992 -1.012 -1.012 -1.012 -1.012 -1.06 -1.06 -1.06 -1.06 -1.06 -1.06 -1.06 0.30925172 0.32381954 -0.384 -0.384 -0.384 -0.384 -0.38376807 -0.242 -0.242 -0.242 -0.0060004901 -0.006 -0.006
0.59397947 0.132 0.60799962 0.56180964 0.68381596 0.246 0.26 0.0023674536 -0.352 -0.254 -0.098 -0.494 -0.494 -0.45330643 -0.24600234 -0.226 -0.722 -0.722 -0.1807067 -0.18 -0.18 -0.18 -0.494635 -0.462 -0.462 -0.462 0.0039999679 0.0039999996 -1.012 -1.012 -1.012 -1.012 -1.012 -1.06 -1.06 -1.06 -1.06 -1.06 -1.06 -0.89345876 0.0059039953 -0.33667718 -0.384 -0.384 -0.384 -0.384 -0.384 -0.242 -0.242 -0.242 -0.22243065 -0.006 -0.006
0.7339944 0.734 0.276 0.258 0.118 0.874 0.288 0.746 -0.206 -0.418 -0.45 -0.108 -0.574 -1.094 -0.454 -0.954 -0.722 -0.722 -0.722 -0.098023838 -0.098 -0.098 -1.082 -0.462 -0.462 -0.462 0.004 0.004 0.004 -1.012 -1.012 -1.012 -0.97348799 -1.0593905 -1.057673 -0.81229087 -0.81 -0.81 -0.70736871 0.0059999943 0.0059999996 0.0055012866 -0.384 -0.384 -0.384 -0.384 -0.384 -0.242 -0.242 -0.242 -0.242 -0.006 -0.006
0.916 0.73399989 0.16982047 0.106 -0.672 -0.238 -0.006 -0.364 0.138 -0.50416447 -0.572 -0.828 -0.64 -1.094 -0.728 -0.954 -0.70392804 -0.70201401 -0.374 -0.098 -0.098 -0.612 -1.082 -1.082 -0.462 -0.46199767 0.004 0.004 0.004 -1.032 -0.97713223 -0.932 -0.932 -0.9319999 -0.81 -0.81 -0.81 -0.81 0.006 0.006 0.006 0.0059999854 -0.384 -0.384 -0.384 -0.384 -0.384 -0.24200179 -0.242 -0.242 -0.242 -0.0060668297 -0.0060000008
0.916 -0.14399942 0.17 -0.52387254 -0.672 -0.742 -0.8660086 -1.058 -1.31 -0.63800033 -0.8462077 -0.93389458 -0.198 -0.728 -0.728 -0.87525694 -0.702 -0.702 -0.374 -0.374 -0.09800101 -0.612 -0.34 0.144 -0.2 -0.19999153 0.004 0.004 -1.032 -1.032 -0.932 -0.932 -0.932 -0.8709023 -0.81 -0.81 -0.81 0.006 0.006 0.006 0.006 0.0058741255 -0.38400001 -0.384 -0.384 -0.384 -0.384 -0.38273602 -0.242 -0.24208116 -2.052 -2.052 -2.052
-0.834 -0.57 -0.55199998 -0.256 -0.372 -1.124 -1.248 -1.2236746 -1.022 -1.43 -1.71 -1.088 -1.0879994 -1.468 -1.468 -0.59590729 -0.596 -1.104 -1.104 -0.37400018 -0.456 -0.456 0.144 -0.2 -0.2 -0.164 -0.776 -0.776 -0.78002354 -1.032 -0.932 -0.932 -0.608 -0.60801024 -0.70599291 -0.376 -0.376 -0.11218042 0.006 0.006 -1.2963736 -1.298 -1.2979983 -1.0323492 -1.0439271 -1.0439998 -1.044 -1.0439998 -1.7820546 -2.052 -2.052 -2.052 -2.052
0.046007445 -0.668 -0.139306 -0.908 -0.92 -1.474 -1.068 -1.286 -1.698 -1.698 -1.71 -1.636 -1.4359999 -1.468 -0.21200376 -0.212 -0.596 -0.148 -0.582 -0.582 -0.19303419 0.102 0.102 -0.236 -0.164 -0.164 -0.776 -0.776 -0.78002856 -0.78052573 -0.54623885 -0.608 -0.608 -0.706 -0.706 -0.79319427 -0.376 -0.376 -0.79398551 -1.2979993 -1.298 -1.298 -1.297991 -1.0440011 -1.044 -1.044 -1.044 -1.0440004 -1.79 -2.0519481 -2.052 -2.052 -2.052
0.046 -0.678 -0.392 -1.262 -0.70403199 -1.558 -2.032 -1.842 -1.884 -1.876 -1.876 -0.916 -1.436 -1.436 -0.22039777 -0.5653737 -0.6 -0.264 -0.62799995 -0.582 -0.58601419 -0.522 -0.52 -0.178 -0.17801148 -1.068 -0.764 -0.764 -1.268283 -1.27 -0.544 -0.99075852 -0.7 -0.706 -0.71900567 -1.142 -1.142 -0.794 -0.794 -1.298 -1.298 -1.298 -1.2314333 -1.234 -1.044 -1.044 -1.044 -1.7899716 -1.79 -1.79 -2.052 -2.052 -2.052
-0.68437205 -0.678 -0.246 -1.24 -0.702 -1.63 -1.212 -0.962 -1.916 -1.2541268 -0.506 -0.91 -0.91 -0.574 -0.57400094 -0.17319287 -0.172 -0.172 -0.31956516 -0.90400008 -1.276 -1.276 -0.82 -0.63822506 -0.9783115 -1.068 -0.712 -0.764 -0.98470996 -0.986 -1.072 -1.034 -0.78620187 -1.342 -1.162 -1.442 -1.22 -0.566 -0.67794828 -1.2949736 -0.62 -0.814 -1.2339238 -1.234 -1.2329306 -1.044 -1.056 -1.79 -1.79 -1.79 -1.79 -1.9745564 -0.378
-0.72 -0.72 0.026 -0.194 -1.132 -0.43 -0.968 -1.762 -1.354 -1.0860489 -1.492 -0.44 -0.574 -0.574 -0.674 -0.66711484 -0.172 -0.17203095 -0.284 -0.904 -0.904 -0.95192606 -0.82 -1.1619935 -1.162 -1.162 -0.712 -0.686 -0.686 -0.986 -0.986 -1.0330669 -0.542 -1.342 -1.084 -1.442 -1.22 -1.408 -0.678 -0.52649589 -0.81399999 -0.79636771 -0.766 -1.234 -1.234 -1.056 -1.056 -1.056 -1.79 -1.79 -1.43 -1.43 -1.4299996
-0.72 -0.72 -0.464 -0.796 -0.792 0.016 -1.14 -0.55326715 -0.318 -0.378 -0.314 -0.322 -0.43984311 -0.674 -0.674 -0.6739827 -0.524 -0.51140367 -0.284 -0.388 -0.388 -0.322 -0.322 -1.162 -1.162 -1.162 -0.686 -0.686 -0.686 -0.866 -0.866 -0.86599947 -1.142 -1.142 -1.886 -1.294 -1.242 -0.87400703 -0.88 -0.524 -0.524 -0.8879996 -0.766 -1.234 -0.63000004 -0.524 -0.75928342 -0.758 -1.504 -1.504 -1.43 -1.43 -1.43
-0.72 -0.60954791 -0.60567624 -0.56999283 -0.428 -0.454 -1.14 -0.552 -0.31800195 -0.37733527 -0.32200007 -0.322 -0.222 -0.674 -0.674 -0.524 -0.524 -0.52398634 -0.284 -0.388 -0.37503894 -0.322 -0.322 -1.1619657 -1.162 -0.92663679 -0.446 -0.446 -0.44600003 -0.866 -0.866 -0.512 -0.512 -1.142002 -1.886 -1.2440004 -1.3154421 -0.874 -0.874 -0.52400001 -0.888 -0.888 -0.88799811 -0.63 -0.63 -0.524 -0.758 -0.758 -1.504 -1.504 -1.43 -1.43 -1.43
-0.086 -0.073847421 -0.036027845 -0.039867645 -0.42800028 -0.45399939 -1.14 -0.55923793 -0.33412499 -0.31956676 -0.222 -0.222 -0.222 -0.222 -0.67393597 -0.524 -0.524 -0.52090122 -0.284 -0.3878356 0.178 0.178 0.178 0.178 -1.1387309 -0.446 -0.446 -0.446 -0.446 -0.44611389 -0.512 -0.512 -0.512 -0.512 -1.244 -1.244 -1.244 -0.89280384 -0.87562228 -1.09 -1.09 -0.88801087 -1.0319862 -0.63003872 -0.63 -0.524 -0.758 -0.758 -1.504 -1.504 -1.4302685 -1.43 -1.3109962
-0.086 -0.036 -0.036 -0.036 -0.036 -0.036000176 -1.1382439 -0.86174989 -0.37714499 -0.22210479 -0.222 -0.222 -0.222 -0.222 -0.2219995 -0.524 -0.52399996 -0.50753764 -0.28400185 0.178 0.178 0.178 0.178 0.178 0.1901894 -0.054313254 0.027999902 0.028 0.028 0.028 -0.51199998 -0.512 -0.51199916 0.188 0.188 -1.244 -0.35347238 -0.328 -1.0899996 -1.09 -1.09 -1.09 -1.032 -1.032 -1.032 -1.0284648 -0.82749596 -0.828 -0.828 -0.828 -0.82800001 -1.0140001 -1.014
-0.374 -0.036 -0.036 -0.036 -0.036 -0.036 -0.036000068 -0.54261408 0.46939371 0.474 0.474 0.474 0.474 0.474 0.47399999 0.79719342 -0.50290394 -0.49113567 0.17794183 0.178 0.178 0.178 0.178 0.1780007 0.742 0.742 0.741999 0.028 0.028 0.02953387 0.794 0.794 0.188 0.188 0.188 -0.24534215 -0.328 -0.328 -0.328 -1.09 -1.09 -1.09 -1.032 -1.032 -1.032 -1.032 -0.82800001 -0.828 -0.828 -0.828 -0.828 -1.014 -1.014
-0.374 -0.24816644 -0.036 -0.036 -0.036 -0.036 0.60187478 0.602 0.602 0.474 0.474 0.474 0.474 0.474 0.54680031 0.804 0.804 0.804 0.77417921 0.77599939 0.776 0.776 0.776 0.776 0.742 0.742 0.742 0.742 0.028 0.794 0.794 0.794 0.18800005 0.188 0.188 0.28 -0.32719499 -0.328 -0.328 -1.0899583 -1.0074289 -0.8148249 -1.032 -1.032 -1.3869014 -1.388 -1.388 -0.82874479 -1.2784205 -1.28 -1.2799999 -1.0799901 -1.0140001
-0.374 0.35585715 0.17249097 -0.036 -0.036 0.60162304 0.602 0.602 0.602 0.6010776 0.474 0.474 0.474 0.47400004 0.804 0.804 0.804 0.804 0.77602501 0.776 0.776 0.776 0.776 0.776 0.742 0.742 0.742 0.742 0.74218914 0.794 0.794 0.794 1.05 0.18803017 0.28 0.28 0.28 0.27870159 -0.78320225 -0.814 -0.814 -0.814 -1.514 -1.514 -1.388 -1.388 -1.388 -1.28 -1.28 -1.28 -1.28 -1.08 -1.08
0.37559986 0.376 0.376 0.376 0.826 0.60200578 0.602 0.602 0.602 0.602 0.46279524 0.47399807 0.474 0.804 0.804 0.804 0.804 0.804 0.82124852 0.776 0.776 0.776 0.776 0.776 0.90917492 1.1499978 1.15 1.15 1.15 0.79400001 1.05 1.05 1.05 1.05 0.28 0.279997 0.166 0.166 -0.80176324 -0.814 -0.814 -0.814 -1.514 -1.514 -1.4075091 -1.388 -1.388 -1.28 -1.28 -1.28 -1.2778555 -1.08 -1.08
0.376 0.376 0.376 0.58791171 0.826 0.826 0.602 0.602 0.602 0.602 0.326 0.326 0.326 0.804 0.804 0.804 0.804 0.80403933 1.112 1.112 0.77600014 0.776 0.77999271 0.94 0.94189054 1.15 1.15 1.15 1.15 1.0500102 1.05 1.05 1.05 1.05 0.1660004 0.166 0.166 0.166 0.16253254 -0.814 -0.814 -0.814 -1.514 -1.514 -1.514 -1.388 -1.388 -1.28 -1.28 -1.28 -1.08 -1.08 -1.08
0.376 0.376 0.376 0.826 0.826 0.826 0.82599966 0.602 0.602 0.32628491 0.326 0.326 0.326 0.32629782 0.99664253 1.042 1.042 1.042 1.112 1.112 1.112 0.94 0.94 0.94 0.93991876 0.88773784 1.15 1.15 1.15 0.6131697 0.51005311 0.51 0.51 0.51 0.01697054 -0.19399918 -0.194 -0.194 -0.194 -0.89798851 -0.898 -0.898 -1.514 -1.514 -0.93400242 -0.93400007 -1.118 -1.118 -1 -1 -1 -1.08 -0.92413948
0.37600045 0.376 0.37600002 0.826 0.826 0.826 0.826 0.40200006 0.60120032 0.32617773 0.326 0.326 0.326 0.32740499 1.042 1.042 1.042 1.042 1.112 1.112 1.112 0.94 0.94 0.94 0.65 0.65 0.902 0.902 0.902 0.89986152 0.51 0.51 0.51 0.51 0.15819327 -0.194 -0.194 -0.194 -0.194 -0.898 -0.898 -0.898 -0.8991327 -0.934 -0.934 -0.934 -1.118 -1.118 -1 -1 -1 -0.924 -0.924
0.522 0.45593278 0.5 0.50009458 0.826 0.40445325 0.402 0.402 0.44864046 0.522 0.522 0.522 0.522 1.2419766 1.242 1.0420002 1.042 1.0438444 1.112 1.112 1.112 0.728 0.728 0.728 0.65 0.65 0.902 0.902 0.902 0.90199988 0.73799855 0.73799936 0.51573044 0.51024443 -0.31905155 -0.32 -0.32 -0.32 -0.32 -0.898 -0.898 -0.898 -0.93201744 -0.934 -0.934 -0.93400003 -1.118 -1.118 -1.1179958 -1 -1.0000087 -1.194 -0.924
0.53399772 0.53399999 0.5 0.5 0.5 0.402 0.402 0.402 0.53 0.53 0.522 0.522 0.522 1.242 1.242 1.242 1.242 1.2419848 1.112 1.112 1.112 0.728 0.728 0.728 0.65 0.65 0.902 0.902 0.902 0.73984911 0.738 0.738 0.738 0.738 -0.31947794 -0.32 -0.32 -0.32 -0.32 -0.47000011 -0.47 -0.47 -0.47 -0.93400135 -1.11 -1.11 -1.11 -1.33 -1.33 -1.33 -1.194 -1.194 -1.194
0.534 0.534 0.5 0.5 0.5 0.40251511 0.402 0.53 0.53 0.53 0.52200098 0.522 0.67235095 1.2419999 1.242 1.242 1.242 0.656 0.656 0.656 1.03 1.0299998 0.72800147 0.728 0.72818797 1.082 1.082 1.0819996 0.90202909 0.71600438 0.71600012 0.71600384 0.7379624 0.73798101 -0.1315817 -0.32 -0.32004021 -0.332 -0.332 -0.47 -0.47 -0.47 -0.47 -1.11 -1.11 -1.11 -1.11 -1.33 -1.33 -1.33 -1.194 -1.194 -1.194
0.534 0.534 0.5 0.5 0.5 0.5 0.44990666 0.53 0.53 0.53 0.53009722 0.706 0.706 0.706 1.2388412 1.242 0.65990496 0.656 0.656 0.656 1.03 1.03 1.03 1.03 1.082 1.082 1.082 1.082 1.082 0.716 0.716 0.716 0.716 0.71599855 0.028 -0.332 -0.332 -0.332 -0.332 -0.33200169 -0.844 -0.844 -0.844 -0.87328838 -0.934 -0.934 -0.934 -1.33 -1.3300001 -1.408 -1.408 -0.82009099 -0.82
0.534 0.534 0.51227161 0.5 0.5 0.5 0.34033716 0.52940122 0.53 0.53 0.70599989 0.706 0.706 0.706 0.706 0.74992676 0.656 0.656 0.656 0.656 1.0299971 1.03 1.03 1.03 1.082 1.082 1.082 1.082 1.082 0.51795968 0.716 0.716 0.716 0.028 0.028 0.027720451 -0.332 -0.332 -0.6043848 -0.81599996 -0.844 -0.844 -0.844 -0.87276518 -0.934 -0.934 -0.934 -1.026 -1.4032403 -1.408 -1.408 -0.82 -0.82
0.59 0.59 0.59 0.52256547 0.49967795 0.34 0.34 0.34 0.34 0.198 0.198 0.70599996 0.706 0.706 0.706 0.70599679 0.656 0.656 0.656 0.656 0.86679853 1.03 1.03 1.0403111 1.4087711 1.082 1.082 1.082 0.448 0.448 0.448 0.44800112 0.028 0.028 0.028 0.028 -0.816 -0.816 -0.816 -0.816 -0.71 -0.71 -0.71 -0.89199634 -0.892 -0.892 -0.89200001 -1.026 -1.026 -1.4075346 -1.408 -0.81999952 -0.82
0.59 0.59 0.59 0.58998331 0.28 0.28872499 0.34 0.34 0.34 0.198 0.198 0.198 -0.34199995 -0.342 -0.342 -0.34199999 0.65353803 0.656 0.656 0.656 0.66169268 1.4239989 1.424 1.424 1.424 1.424 0.612 0.612 0.448 0.448 0.448 0.448 0.028000025 0.028 0.028 0.028002769 -0.81599999 -0.816 -0.816 -0.81517528 -0.71 -0.71 -0.71 -0.89199156 -0.892 -0.892 -0.892 -1.026 -1.026 -1.026 -0.724 -0.724 -0.562
0.59 0.59 0.59 0.28000071 0.28 0.28 0.33999998 0.34 0.34 0.198 0.198 0.198 -0.342 -0.342 -0.342 -0.3683512 -0.688 -0.688 -0.68799653 0.64840874 1.424 1.424 1.424 1.424 1.424 1.4233889 0.612 0.612 0.612 0.448 0.448 0.44804763 0.062 0.062 0.062 -0.308 -0.308 -0.628 -0.628 -0.628 -0.558 -0.70995232 -0.70999937 -0.626 -0.626 -0.6360811 -0.89199952 -1.026 -1.026 -0.724 -0.724 -0.724 -0.562
0.59 0.59 0.59 0.28 0.28 0.28 0.28 0.34 0.34 0.198 0.198 -0.32040779 -0.342 -0.342 -0.342 -0.688 -0.688 -0.688 -0.688 -0.688 1.424 1.424 1.424 1.424 1.424 0.61200277 0.612 0.612 0.612 0.522 0.522 0.522 0.062 0.062 0.062 -0.308 -0.308 -0.628 -0.628 -0.558 -0.558 -0.558 -0.626 -0.626 -0.626 -0.626 -0.62665718 -0.634 -0.634 -0.634 -0.724 -0.548 -0.548
0.59 0.59 0.58956831 0.28 0.28 0.28 0.28 0.12767812 0.12 0.12013392 0.19799997 -0.34201089 -0.342 -0.342 -0.3420012 -0.688 -0.688 -0.688 -0.688 -0.688 -0.70701124 1.424 1.424 1.424 1.4238777 0.61201227 0.612 0.612 0.612 0.522 0.522 0.522 0.52193255 0.062 -0.308 -0.308 -0.308 -0.30801316 -0.62799523 -0.558 -0.558 -0.558 -0.62599587 -0.626 -0.626 -0.626 -0.63400174 -0.634 -0.634 -0.634 -0.548 -0.548 -0.548
0.628 0.62799993 0.28017532 0.28 0.28 0.28 0.12003405 0.12 0.12 0.12 -0.47199998 -0.472 -0.472 -0.472 -0.68700306 -0.688 -0.688 -0.688 -0.688 -0.79799993 -0.798 -0.798 0.8300001 0.83 0.83 0.83 0.8111838 0.612 0.39400893 0.394 0.394 0.394 0.394 -0.296 -0.296 -0.296 -0.296 -0.296 -0.924 -0.924 -0.924 -0.924 -0.924 -0.80772565 -0.808 -0.808 -0.808 -0.634 -0.634 -0.634 -0.54801355 -0.548 -0.548
0.628 0.628 0.62426577 0.1820002 0.18200002 0.18193963 0.12 0.12 0.12 0.12 -0.472 -0.472 -0.472 -0.472 -0.472 -0.688 -0.688 -0.688 -0.79799997 -0.798 -0.798 -0.798 0.82999999 0.83 0.83 0.83 0.83 0.82995344 0.39422166 0.394 0.394 0.394 0.39408904 -0.0068801727 -0.29570063 -0.296 -0.296 -0.29599999 -0.924 -0.924 -0.924 -0.924 -0.924 -0.808 -0.808 -0.808 -0.808 -0.7266342 -0.634 -0.35910163 -0.356 -0.224 -0.224
0.628 0.628 0.18205649 0.182 0.182 0.182 0.16625226 0.12 0.12 0.12 -0.472 -0.472 -0.472 -0.472 -0.472 -0.68783819 -0.688 -0.79796775 -0.798 -0.798 -0.798 -0.798 0.22689685 0.83 0.83 0.83 0.83 0.83009792 0.968 0.968 0.968 0.968 0.968 0.214 0.214 0.214 0.214 0.214 -0.7 -0.7 -0.7 -0.7 -0.7 -0.80673033 -0.80799973 -0.808 -0.80791186 -0.79732884 -0.356 -0.356 -0.356 -0.22400074 -0.224
0.62799957 0.39660105 0.18200003 0.182 0.182 0.182 0.182 0.1200264 0.12 0.12 -0.472 -0.472 -0.472 -0.472 -0.9452497 -0.956 -0.956 -0.79800407 -0.798 -0.798 -0.798 -0.798 -0.79799984 0.83 0.83 0.83 0.83 1.4439995 1.4439998 1.3426956 0.968 0.968 0.968 0.214 0.214 0.214 0.214 0.21418964 -0.7 -0.7 -0.7 -0.7 -0.69995265 -0.288 -0.288 -0.288 -0.288 -0.28800548 -0.356 -0.356 -0.356 -0.35599996 -0.28311635
0.392 0.392 0.27407786 0.182 0.182 0.182 0.182 0.182 0.12002467 -0.60999999 -0.61 -0.61 -0.6096725 -0.9559993 -0.956 -0.956 -0.956 -0.956 -0.79799777 -0.77892152 -0.612 -0.612 -0.612 -0.24797307 0.77749614 0.49655793 0.26022687 1.444 1.444 1.444 1.444 1.444 1.4211687 0.49920765 0.494 0.494 0.494 0.494 -0.58390621 -0.08200111 -0.082 -0.082 -0.082 -0.23200016 -0.28799999 -0.288 -0.288 0.06 -0.35599334 -0.356 -0.356 -0.284 -0.284
0.392 0.392 -0.142 -0.142 -0.142 0.18189207 0.182 0.182 -0.61 -0.61 -0.61 -0.61 -0.61 -0.95599998 -0.956 -0.956 -0.956 -0.956 -0.612 -0.612 -0.612 -0.612 -0.612 0.17399996 0.174 0.174 0.174 1.444 1.444 1.444 1.444 1.444 0.958 0.958 0.494 0.494 0.494 0.35002452 0.35 -0.082 -0.082 -0.082 -0.082000015 -0.232 -0.232 -0.232 0.06 0.06 0.06 0.004 0.004 -0.284 -0.284
0.392 0.392 -0.142 -0.142 -0.142 -0.142 -0.14200248 -0.594 -0.60998494 -0.61 -0.61 -0.61 -0.61 -0.95168396 -0.956 -0.956 -0.956 -0.956 -0.61200001 -0.612 -0.612 -0.612 -0.612 0.174 0.174 0.174 0.174 0.17400514 1.444 1.444 1.444 0.95802548 0.958 0.958 0.958 0.494 0.35 0.35 0.35 0.33863327 -0.1612428 -0.176 -0.176 -0.232 -0.232 -0.232 0.06 0.06 0.06 0.004 0.004 0.004 0.48767033
0.372 0.37200016 -0.142 -0.142 -0.142 -0.142 -0.594 -0.594 -0.594 -0.61 -0.61 -0.61 -0.61 -0.61010756 -0.956 -0.956 -0.956 -0.956 -0.61200622 -0.612 -0.612 -0.61200001 0.035520724 0.174 0.174 0.174 0.174 0.26399993 0.264 0.26400001 1.4313173 0.958 0.958 0.958 0.95799916 0.074000013 0.35 0.35 0.35 0.35 -0.176 -0.176 -0.176 -0.33 -0.33 -0.33 -0.29596533 0.06 0.06 0.0039999978 0.004 0.004 0.56799808
0.372 0.372 -0.142 -0.142 -0.142 -0.594 -0.594 -0.594 -0.594 -0.60826182 -0.61 -0.61 -0.61 -0.61000208 -0.956 -0.956 -0.956 -0.956 -1.0799504 -1.024 -1.024 -1.024 -1.024 0.174 0.174 0.174 0.17400594 0.264 0.264 0.264 0.264 0.95784765 0.46077557 0.074 0.074 0.074 0.34731131 -0.36998501 -0.37 -0.37 -0.1759436 -0.104 -0.104 -0.33 -0.33 -0.32999986 -0.296 -0.296 -0.404 -0.404 -0.404 -0.108 -0.122
