interpolatedSpi/05-08|22_1.tif
NCOLS 53
NROWS 52
XLLCORNER -116.03883
YLLCORNER 28.596182
DX 0.49850594
DY 0.49788537
NODATA_VALUE -9999
-0.192 -0.192 -0.56058974 -0.488 -0.324 -0.076 -0.126 -0.318 -0.73143356 -0.668 -0.672 -0.228 -0.20200972 -0.32 -0.568 -0.568 -0.568 0.248 -0.108 -0.108 -0.108 -0.1080022 -0.336 -0.164 -0.164 -0.164 -0.40399862 -0.404 -0.404 -0.378 -0.378 -0.378 -0.378 -0.062000063 -0.062 -0.062 -0.062 -0.062 -0.062 -0.061999982 0.60283956 0.6099689 0.488 0.488 0.488 0.488 0.48776807 0.346 0.346 0.346 0.50599967 0.506 0.506 
-0.19202755 -0.812 -0.34799978 -0.26267614 -0.1120573 -0.254 -0.392 -0.16431387 -0.23 -0.378 -0.12 -0.202 -0.202 0.21620606 -0.31999569 -0.568 0.248 0.248 -0.10753582 -0.108 -0.108 -0.108 -0.16126287 -0.164 -0.164 -0.164 -0.28399999 -0.284 -0.378 -0.378 -0.378 -0.378 -0.378 -0.062000046 -0.062 -0.062 -0.062 -0.062 -0.061999954 0.1304412 1.1339138 0.56638654 0.488 0.488 0.488 0.488 0.488 0.346 0.346 0.346 0.35926735 0.506 0.506 
-0.099998332 -0.1 -0.154 -0.018 -0.156 -0.466 -0.252 -0.104 -0.494 0.014 -0.134 0.05 -0.206 0.334 0.218 -0.158 0.248 0.248 0.248 0.075946511 0.076 0.076 -0.112 -0.164 -0.164 -0.164 -0.284 -0.284 -0.284 -0.378 -0.378 -0.37799998 -0.13537437 -0.060587171 -0.056173277 0.55826367 0.564 0.564 0.63569098 1.134 1.134 1.1331739 0.488 0.488 0.488 0.488 0.488 0.346 0.346 0.346 0.346 0.506 0.506 
-0.22 -0.099999997 -0.086021446 0.466 -0.482 -0.15 -0.028 -0.214 -0.216 0.13219679 0.114 0.256 0.194 0.334 -0.298 -0.158 -0.70974607 -0.71332597 -0.554 0.076 0.076 -0.284 -0.112 -0.112 -0.164 -0.1640006 -0.284 -0.284 -0.284 -0.394 -0.10868758 0.126 0.126 0.12600035 0.564 0.564 0.564 0.564 1.134 1.134 1.134 1.134 0.488 0.488 0.488 0.488 0.488 0.34600179 0.346 0.346 0.346 0.50600477 0.506 
-0.22 0.4019991 -0.086 0.19376025 -0.482 -0.464 -0.16399303 0.526 -0.03 0.64399959 0.30521141 0.14597422 -0.034 -0.298 -0.298 -0.21306175 -0.714 -0.714 -0.554 -0.554 0.075999265 -0.284 0.434 0.214 -0.06 -0.059802672 -0.284 -0.284 -0.394 -0.394 0.126 0.126 0.126 0.17917779 0.564 0.564 0.564 1.134 1.134 1.134 1.134 1.1339768 0.48800001 0.488 0.488 0.488 0.488 0.48673602 0.346 0.34601372 0.652 0.652 0.652 
-1.73 -0.182 -0.272 0.072 -0.308 -0.304 -0.346 -0.23435903 0.04 -0.39 -0.718 -0.314 -0.31399982 -0.256 -0.256 -0.46397248 -0.464 -0.398 -0.398 -0.55399971 -0.446 -0.446 0.214 -0.06 -0.06 0.784 0.492 0.492 0.53191554 -0.394 0.126 0.126 0.408 0.40806374 1.0179564 1.168 1.168 1.1445187 1.134 1.134 0.89429933 0.894 0.89400172 0.55676431 0.55799226 0.55799998 0.558 0.55799998 0.80893998 0.652 0.652 0.652 0.652 
-0.96400699 -0.542 -0.52035632 -0.298 -0.288 -0.574 -0.106 0.128 0.066 0.066 -0.718 -0.198 -0.57399987 -0.256 -0.34999972 -0.35 -0.464 -0.236 -0.226 -0.226 -0.37813786 -0.302 -0.302 0.51799999 0.784 0.784 0.492 0.492 0.53198368 0.53169958 0.95582187 0.408 0.408 1.018 1.018 1.1886963 1.168 1.168 1.2399975 0.89400048 0.894 0.894 0.89400937 0.55800226 0.558 0.558 0.558 0.55800018 0.852 0.65203963 0.652 0.652 0.652 
-0.964 -0.098 0.04 -0.94 -0.75201078 -0.542 -0.45 0.13999999 -0.288 -0.036 -0.036 -0.098 -0.574 -0.574 -0.35153685 -0.61411952 -0.64 -0.046 -0.38999983 -0.226 0.10590932 0.156 -0.568 0.272 0.27199917 0.208 0.506 0.506 0.25298116 0.25200001 0.958 0.45250102 0.848 1.018 1.0199965 1.206 1.206 1.24 1.24 0.894 0.894 0.89400002 0.96430824 0.96399998 0.558 0.558 0.558 0.85198881 0.852 0.852 0.652 0.652 0.652 
-0.22726164 -0.097999999 0.38 -0.184 -0.554 -0.462 -0.33 0.024 0.126 -0.11642103 -0.226 -0.078000003 -0.078 0.3 0.29999468 -0.67191081 -0.672 -0.672 -0.098512133 -0.434 -0.434 -0.43399999 0.076 -0.31421018 0.21444951 0.208 0.34 0.506 0.80624508 0.808 0.342 1.016 0.75712217 0.656 1.088 1.05 1.344 0.782 1.5196592 0.89722284 1.616 1.02 0.96401205 0.964 0.96171481 0.558 1.048 0.852 0.852 0.852 0.852 0.59771476 0.5 
-0.95 -0.95 0.232 -0.116 -0.39 -0.206 -0.46 -0.348 -0.21 -0.1780247 -0.176 0.154 0.3 0.3 -0.266 -0.27156847 -0.672 -0.67191313 -0.288 -0.434 -0.434 -0.434 0.076 0.2659964 0.266 0.266 0.34 0.828 0.828 0.808 0.808 1.0150251 0.502 0.656 0.86 1.05 1.344 1.37 1.52 0.54407728 1.02 1.0266121 1.038 0.964 0.964 1.048 1.048 1.048 0.852 0.852 0.216 0.216 0.21600011 
-0.95 -0.95 -0.14 -0.326 -0.402 -0.264 -0.49 -0.23781512 0.048 -0.16 -0.05 -0.378 0.15329197 -0.266 -0.266 -0.26600531 -0.312 -0.31074037 -0.288 -0.3 -0.3 -0.336 -0.336 0.266 0.266 0.266 0.828 0.828 0.828 -0.1 -0.1 -0.099999008 0.678 0.678 0.556 0.428 1.122 0.81200274 0.942 0.528 0.528 0.56200156 1.038 0.964 0.9719998 0.706 0.91656849 0.916 0.77 0.77 0.216 0.216 0.216 
-0.95 -0.60025722 -0.21937283 -0.26199526 0.334 -0.11 -0.49 -0.238 0.047997612 -0.15769561 -0.37799972 -0.378 -0.33 -0.266 -0.266 -0.312 -0.312 -0.31199863 -0.288 -0.3 -0.30706967 -0.336 -0.336 0.26597611 0.266 0.32253976 0.438 0.438 0.43800005 -0.1 -0.1 0.222 0.222 0.67799967 0.556 0.754 1.123924 0.812 0.812 0.528 0.562 0.562 0.56200304 0.972 0.972 0.706 0.916 0.916 0.77 0.77 0.216 0.216 0.216 
0.326 0.042056256 0.059985861 0.057674826 0.33399753 -0.10998952 -0.48999999 -0.24110197 0.028291675 0.042568565 -0.33 -0.33 -0.33 -0.33 -0.26600907 -0.312 -0.312 -0.31169012 -0.288 -0.29990504 0.028 0.028 0.028 0.028 0.26212023 0.438 0.438 0.438 0.438 0.43762809 0.222 0.222 0.222 0.222 0.754 0.754 0.754 0.80957908 0.80962667 0.496 0.496 0.56199645 0.60601253 0.97196475 0.972 0.706 0.916 0.916 0.77 0.77 0.21800985 0.216 0.18330026 
0.326 0.06 0.06 0.06 0.06 0.059999931 -0.48902721 -0.37072585 -0.024288339 -0.32959806 -0.33 -0.33 -0.33 -0.33 -0.32999972 -0.312 -0.312 -0.31035376 -0.28799931 0.028 0.028 0.028 0.028 0.028 0.035826847 0.31012873 0.22800004 0.228 0.228 0.228 0.222 0.222 0.22199993 0.162 0.162 0.754 0.48956385 0.482 0.49599999 0.496 0.496 0.496 0.606 0.606 0.606 0.60669591 0.81660702 0.816 0.816 0.816 0.816 0.56799993 0.568 
0.508 0.06 0.06 0.06 0.06 0.06 0.059999967 -0.29327021 0.057397174 0.057999999 0.058 0.058 0.058 0.058 0.057999996 0.47336467 -0.29939747 -0.30871342 0.027960261 0.028 0.028 0.028 0.028 0.028000521 0.39 0.39 0.38999977 0.228 0.228 0.22776772 0.112 0.112 0.162 0.162 0.162 0.43073946 0.482 0.482 0.482 0.496 0.496 0.496 0.606 0.606 0.606 0.606 0.81599999 0.816 0.816 0.816 0.816 0.568 0.568 
0.508 0.34121469 0.06 0.06 0.06 0.06 0.048002355 0.048 0.048 0.058 0.058 0.058 0.058 0.058 0.15153737 0.482 0.482 0.482 0.47463591 0.47599954 0.476 0.476 0.476 0.476 0.39 0.39 0.39 0.39 0.228 0.112 0.112 0.112 0.162 0.162 0.162 0.432 0.4819338 0.482 0.482 0.49593709 0.3703483 0.077255288 0.606 0.606 0.043740537 0.042 0.042 0.81438745 -0.16057534 -0.16399991 -0.16399981 0.020082901 0.56799889 
0.508 0.23746638 0.14602783 0.06 0.06 0.04800709 0.048 0.048 0.048 0.048072063 0.058 0.058 0.058 0.058000051 0.482 0.482 0.482 0.482 0.47600536 0.476 0.476 0.476 0.476 0.476 0.39 0.39 0.39 0.39 0.38898882 0.112 0.112 0.112 0.38999999 0.16203297 0.432 0.432 0.432 0.43017895 0.10170817 0.076 0.076 0.076 -0.132 -0.132 0.042 0.042 0.042 -0.164 -0.164 -0.164 -0.164 0.02 0.02 
0.23022703 0.23 0.23 0.23 -0.044 0.047997627 0.048 0.048 0.048 0.048 0.10857306 0.058008704 0.058000019 0.482 0.482 0.482 0.482 0.482 0.46284361 0.476 0.476 0.476 0.476 0.476 0.26950657 0.0020021023 0.002 0.002 0.002 0.11200001 0.39 0.39 0.39 0.39 0.432 0.43199563 0.266 0.266 0.078372433 0.076 0.076 0.076 -0.132 -0.132 0.015058809 0.042 0.042 -0.164 -0.164 -0.164 -0.16202704 0.02 0.02 
0.23 0.23 0.23 0.10096931 -0.044 -0.044 0.048 0.048 0.048 0.048 0.726 0.726 0.726 0.482 0.482 0.482 0.482 0.48195935 0.186 0.186 0.47599988 0.476 0.46747897 0.126 0.12488368 0.002 0.002 0.002 0.002 0.38996049 0.39 0.39 0.39 0.39 0.26600058 0.266 0.266 0.266 0.2653229 0.076 0.076 0.076 -0.132 -0.132 -0.132 0.042 0.042 -0.16399999 -0.164 -0.164 0.02 0.02 0.02 
0.23 0.23 0.23 -0.044 -0.044 -0.044 -0.043999859 0.048 0.048 0.72530011 0.726 0.726 0.726 0.72584797 0.28288209 0.236 0.236 0.236 0.186 0.186 0.186 0.126 0.126 0.126 0.1259647 0.00095095138 0.002 0.002 0.0019999999 0.27369782 0.25801298 0.258 0.258 0.258 0.20204416 0.11200035 0.112 0.112 0.112 -0.35794062 -0.358 -0.358 -0.132 -0.132 -0.098000142 -0.097999843 0.344 0.344 0.096 0.096 0.096 0.02 0.16586946 
0.22999957 0.23 0.22999999 -0.044 -0.044 -0.044 -0.044000001 -0.16199994 0.047160338 0.72544324 0.726 0.726 0.726 0.72503848 0.236 0.236 0.236 0.23599999 0.186 0.186 0.186 0.126 0.126 0.126 2.7813967e-18 2.7755576e-18 -0.026 -0.026 -0.026 -0.024450691 0.258 0.258 0.258 0.258 0.18504001 0.112 0.112 0.112 0.112 -0.358 -0.358 -0.358 -0.34981941 -0.098 -0.098 -0.098 0.344 0.344 0.096 0.096 0.096 0.166 0.166 
0.09 0.15009637 0.062 0.061969248 -0.044 -0.16131726 -0.162 -0.162 -0.25309466 0.11199999 0.112 0.112 0.112 0.11399994 0.114 0.23599991 0.236 0.23468257 0.186 0.186 0.186 -0.09 -0.09 -0.09 2.7755576e-18 2.7755576e-18 -0.026 -0.026 -0.026 -0.02600002 -0.053998017 -0.053999124 0.25015835 0.25766551 -0.36528604 -0.366 -0.366 -0.366 -0.366 -0.358 -0.358 -0.358 -0.11231644 -0.098 -0.098 -0.097999984 0.344 0.344 0.34399107 0.096 0.096000626 0.11 0.166 
-0.073968856 -0.073999976 0.062 0.062 0.062 -0.162 -0.162 -0.162 -0.412 -0.412 0.112 0.112 0.112 0.114 0.114 0.114 0.114 0.11400845 0.186 0.186 0.18599999 -0.09 -0.09 -0.09 -6.4807935e-12 2.7755527e-18 -0.026 -0.026 -0.026 -0.053684298 -0.054 -0.054 -0.054 -0.054 -0.36584605 -0.366 -0.366 -0.366 -0.366 -0.39999999 -0.4 -0.4 -0.4 -0.097999325 -0.01 -0.01 -0.01 0.218 0.218 0.218 0.11 0.11 0.11 
-0.074 -0.074 0.062 0.062 0.062 -0.16082262 -0.162 -0.412 -0.412 -0.412 0.1119355 0.112 0.049898521 0.11399998 0.114 0.114 0.114 -0.02 -0.02 -0.02 -0.54599999 -0.54599966 -0.090002221 -0.09 -0.090332812 -0.694 -0.694 -0.69399841 -0.026107953 -0.58989318 -0.58999715 -0.58990642 -0.05491608 -0.054462563 -0.31077993 -0.36600017 -0.36749465 -0.812 -0.812 -0.4 -0.4 -0.4 -0.4 -0.01 -0.01 -0.01 -0.01 0.218 0.218 0.218 0.11 0.11 0.11 
-0.074 -0.074 0.062 0.062 0.062 0.061999999 -0.2555677 -0.412 -0.412 -0.412 -0.41175253 0.036 0.036 0.036 0.11354033 0.114 -0.019107057 -0.02 -0.02 -0.02 -0.546 -0.546 -0.546 -0.546 -0.694 -0.694 -0.694 -0.694 -0.694 -0.59 -0.59 -0.59 -0.59 -0.58999999 -0.586 -0.812 -0.812 -0.812 -0.812 -0.81199831 -0.342 -0.342 -0.342 -0.28017043 -0.152 -0.152 -0.152 0.21799999 0.21799976 -0.034 -0.034 0.24996594 0.25 
-0.074 -0.074 0.01291355 0.062 0.062 0.061999995 -0.17442234 -0.41124996 -0.412 -0.412 0.036 0.036 0.036 0.036 0.036 0.042385079 -0.02 -0.02 -0.02 -0.02 -0.54599593 -0.546 -0.546 -0.546 -0.694 -0.694 -0.694 -0.694 -0.694 -0.912185 -0.59 -0.59 -0.59 -0.586 -0.586 -0.58617549 -0.812 -0.812 -0.61165085 -0.45600003 -0.342 -0.342 -0.342 -0.28224582 -0.152 -0.152 -0.152 -0.714 -0.042472734 -0.034 -0.034 0.25 0.25 
-0.264 -0.264 -0.264 -0.019737161 0.061624136 -0.174 -0.174 -0.174 -0.174 0.033999998 0.034 0.036 0.036 0.036 0.036 0.035996435 -0.02 -0.02 -0.02 -0.02 -0.31647066 -0.546 -0.546 -0.54416807 -0.48570729 -0.694 -0.694 -0.694 -1.026 -1.026 -1.026 -1.0259982 -0.586 -0.586 -0.586 -0.586 -0.456 -0.456 -0.456 -0.456 -0.342 -0.342 -0.342 -0.5159965 -0.516 -0.516 -0.51599988 -0.714 -0.714 -0.034828543 -0.034 0.24999743 0.25 
-0.264 -0.264 -0.264 -0.26399623 -0.194 -0.19109167 -0.174 -0.174 -0.174 0.034 0.034 0.034 -0.34999998 -0.35 -0.35 -0.34999999 -0.019886427 -0.02 -0.02 -0.02 -0.027972209 -0.47600019 -0.476 -0.476 -0.476 -0.47600001 -0.796 -0.796 -1.026 -1.026 -1.026 -1.026 -0.58600004 -0.586 -0.586 -0.58600505 -0.456 -0.456 -0.456 -0.45550868 -0.342 -0.342 -0.342 -0.51599193 -0.516 -0.516 -0.516 -0.714 -0.714 -0.71399994 -0.26 -0.26 -0.204 
-0.264 -0.264 -0.264 -0.19400016 -0.194 -0.194 -0.17400001 -0.174 -0.174 0.034 0.034 0.034 -0.35 -0.35 -0.35 -0.32014546 0.042 0.042 0.04199984 -0.019649812 -0.476 -0.476 -0.476 -0.476 -0.476 -0.47624082 -0.796 -0.796 -0.796 -1.026 -1.026 -1.0259665 -0.648 -0.648 -0.648 -0.568 -0.568 -0.344 -0.344 -0.344 -0.114 -0.34192848 -0.34199882 -0.184 -0.184 -0.19658242 -0.51599946 -0.714 -0.714 -0.26 -0.26 -0.26 -0.204 
-0.264 -0.264 -0.264 -0.194 -0.194 -0.194 -0.194 -0.174 -0.174 0.034 0.034 -0.33464554 -0.35 -0.35 -0.35 0.042 0.042 0.042 0.042 0.042 -0.476 -0.476 -0.476 -0.476 -0.476 -0.79599891 -0.796 -0.796 -0.796 -0.974 -0.974 -0.974 -0.648 -0.648 -0.648 -0.568 -0.568 -0.344 -0.344 -0.114 -0.114 -0.114 -0.184 -0.184 -0.184 -0.184 -0.16576329 0.038 0.038 0.038 -0.25999999 0.224 0.224 
-0.264 -0.264 -0.26390252 -0.194 -0.194 -0.194 -0.194 -0.37869028 -0.388 -0.38727548 0.033999988 -0.3499933 -0.35 -0.35 -0.34999864 0.042 0.042 0.042 0.042 0.042 0.44082571 -0.476 -0.476 -0.476 -0.47592832 -0.79596242 -0.796 -0.796 -0.796 -0.974 -0.974 -0.974 -0.97395353 -0.648 -0.568 -0.568 -0.568 -0.56799071 -0.34398431 -0.114 -0.114 -0.114 -0.18399575 -0.184 -0.184 -0.184 0.038002124 0.038 0.038 0.038 0.224 0.224 0.224 
-0.73 -0.72999919 -0.19405574 -0.194 -0.194 -0.194 -0.38795872 -0.388 -0.388 -0.388 -0.27 -0.27 -0.27 -0.27 0.040559987 0.042 0.042 0.042 0.042 0.47999974 0.48 0.48 -0.12800006 -0.128 -0.128 -0.128 -0.18565699 -0.796 -1.0459898 -1.046 -1.046 -1.046 -1.046 -0.47 -0.47 -0.47 -0.47 -0.47 -0.008 -0.008 -0.008 -0.008 -0.0080000003 0.25134276 0.252 0.252 0.252 0.038 0.038 0.038 0.2239707 0.224 0.224 
-0.73 -0.73 -0.72567964 -0.21399996 -0.214 -0.2141696 -0.388 -0.388 -0.388 -0.388 -0.27 -0.27 -0.27 -0.27 -0.27 0.042 0.042 0.042 0.47999989 0.48 0.48 0.48 -0.128 -0.128 -0.128 -0.128 -0.128 -0.12814226 -1.0458741 -1.046 -1.046 -1.046 -1.0459494 -0.58111272 -0.47011505 -0.47 -0.47 -0.47 -0.0080000001 -0.008 -0.008 -0.008 -0.0080000011 0.252 0.252 0.252 0.252 0.15192942 0.038 0.1091967 0.11 -0.034 -0.034 
-0.73 -0.73 -0.21406536 -0.214 -0.214 -0.214 -0.25819527 -0.388 -0.388 -0.388 -0.27 -0.27 -0.27 -0.27 -0.27 0.04176529 0.042 0.47987158 0.48 0.48 0.48 0.48 0.09723754 -0.128 -0.128 -0.128 -0.128 -0.12841914 -0.72 -0.72 -0.72 -0.72 -0.72 -0.666 -0.666 -0.666 -0.666 -0.666 -0.272 -0.272 -0.272 -0.272 -0.272 0.25187303 0.25199997 0.252 0.25199119 0.25091894 0.11 0.11 0.11 -0.033999193 -0.034 
-0.72999858 0.026949104 -0.21399996 -0.214 -0.214 -0.214 -0.214 -0.38792591 -0.388 -0.388 -0.27 -0.27 -0.27 -0.27 0.3068953 0.32 0.32 0.47999588 0.48 0.48 0.48 0.48 0.47999986 -0.128 -0.128 -0.128 -0.128 -0.36400033 -0.36400016 -0.43976545 -0.72 -0.72 -0.72 -0.666 -0.666 -0.666 -0.666 -0.66589299 -0.272 -0.272 -0.272 -0.272 -0.27199939 0.2 0.2 0.2 0.2 0.19999274 0.11 0.11 0.11 0.10999998 0.072409438 
0.042 0.042 -0.0026424678 -0.214 -0.214 -0.214 -0.214 -0.214 -0.38792504 -0.072000005 -0.072 -0.072 -0.072469894 0.31999915 0.32 0.32 0.32 0.32 0.47999513 0.43835557 0.074 0.074 0.074 0.019332099 -0.18866757 -0.51328825 -0.7869061 -0.364 -0.364 -0.364 -0.364 -0.364 -0.37632197 -0.50589001 -0.508 -0.508 -0.508 -0.508 -0.27049719 -0.26400001 -0.264 -0.264 -0.264 0.17800006 0.19999999 0.2 0.2 0.23 0.11000192 0.11 0.11 0.074 0.074 
0.042 0.042 0.06 0.06 0.06 -0.21390873 -0.214 -0.214 -0.072 -0.072 -0.072 -0.072 -0.072 0.31999998 0.32 0.32 0.32 0.32 0.074 0.074 0.074 0.074 0.074 -0.88599995 -0.886 -0.886 -0.886 -0.364 -0.364 -0.364 -0.364 -0.364 -0.32 -0.32 -0.508 -0.508 -0.508 -0.20605143 -0.206 -0.264 -0.264 -0.264 -0.26399993 0.178 0.178 0.178 0.23 0.23 0.23 0.438 0.438 0.074 0.074 
0.042 0.042 0.06 0.06 0.06 0.06 0.059999418 -0.046 -0.07197552 -0.072 -0.072 -0.072 -0.072 0.31511016 0.32 0.32 0.32 0.32 0.074000005 0.074 0.074 0.074 0.074 -0.886 -0.886 -0.886 -0.886 -0.88599786 -0.364 -0.364 -0.364 -0.32000231 -0.32 -0.32 -0.32 -0.508 -0.206 -0.206 -0.206 -0.20752609 0.12041186 0.192 0.192 0.178 0.178 0.178 0.23 0.23 0.23 0.438 0.438 0.438 0.0051655572 
-0.08 -0.079999042 0.06 0.06 0.06 0.06 -0.046 -0.046 -0.046 -0.072 -0.072 -0.072 -0.072 -0.071878139 0.32 0.32 0.32 0.32 0.074004241 0.074 0.074 0.073999996 -0.71688297 -0.886 -0.886 -0.886 -0.886 -0.5220003 -0.522 -0.522 -0.36569412 -0.32 -0.32 -0.32 -0.31999985 -0.164 -0.206 -0.206 -0.206 -0.206 0.192 0.192 0.192 0.214 0.214 0.214 0.010021425 0.23 0.23 0.438 0.438 0.438 -0.0019996991 
-0.08 -0.08 0.06 0.06 0.06 -0.046 -0.046 -0.046 -0.046 -0.069150026 -0.072 -0.072 -0.072 -0.071998241 0.26600621 0.266 0.266 0.266 -0.10986854 -0.17 -0.17 -0.17 -0.17 -0.886 -0.886 -0.886 -0.88597599 -0.522 -0.522 -0.522 -0.522 -0.32000778 -0.23225451 -0.164 -0.164 -0.164 -0.20574601 -0.13800142 -0.138 -0.138 0.19181514 -0.043999993 -0.044 0.214 0.214 0.21399914 0.01 0.01 0.052 0.052 0.052 0.174 0.106 
-0.08 -0.079999998 0.288 0.288 0.288 -0.046 -0.046 -0.046 -0.046 -0.074 -0.074 -0.074 -0.074 -0.050039404 0.266 0.266 0.266 0.266 -0.108 -0.17 -0.17 -0.17 -0.17 -0.406 -0.40600019 -0.88599929 -0.522 -0.522 -0.522 -0.522 -0.47035993 -0.42 -0.19446049 -0.164 -0.164 -0.164 -0.138 -0.138 -0.138 -0.138 -0.044 -0.044 -0.044 0.19192558 0.192 0.010818077 0.01 0.01 0.052001695 0.052 0.174 0.174 0.106 
-0.08 0.288 0.288 0.288 0.288 0.288 -0.043251936 0.308 0.308 -0.074 -0.074 -0.074 -0.074 -0.073919479 0.266 0.266 0.266 0.24910149 -0.108 -0.108 -0.17 -0.17 -0.406 -0.406 -0.406 -0.406 -0.522 -0.522 -0.522 -0.522 -0.42 -0.42 -0.42 -0.16425905 -0.164 -0.164 -0.138 -0.138 -0.138 -0.138 -0.044 -0.044 -0.044 0.192 0.192 0.19201552 0.466 0.466 0.422 0.422 0.174 0.174 0.106 
0.28454402 0.288 0.288 0.288 0.288 0.288 0.308 0.308 0.308 0.10353764 -0.074 -0.074 -0.074 -0.073989247 0.266 0.266 0.266 -0.108 -0.108 -0.108 -0.1699969 -0.17000144 -0.406 -0.406 -0.406 -0.406 -0.52199175 -0.522 -0.522 -0.42002346 -0.42 -0.42 -0.42 -0.42 -0.16483311 -0.314 -0.314 -0.31095401 -0.138 -0.138 -0.044000083 -0.044 0.18513825 0.192 0.192 0.4659999 0.466 0.466 0.422 0.422 0.646 0.646 0.492 
0.288 0.288 0.288 0.288 0.288 0.288 0.308 0.308 0.308 0.308 0.40798611 0.408 0.408 0.408 0.26599981 0.18907881 0.146 0.146 -0.10753175 -0.108 -0.10800001 -0.40599966 -0.406 -0.406 -0.406 -0.406 -0.40608434 -0.522 -0.52199651 -0.42 -0.42 -0.42 -0.42 -0.42 -0.314 -0.314 -0.314 -0.314 -0.314 -0.31399938 -0.32 -0.32 -0.31999988 0.024 0.024 0.024 0.32 0.32 0.326 0.326 0.646 0.64599966 0.492 
0.288 0.288 0.288 0.288 0.288 0.288 0.308 0.308 0.308 0.408 0.408 0.408 0.408 0.408 0.33893743 0.146 0.146 0.146 0.146 0.146 0.13387234 -0.406 -0.406 -0.406 -0.406 -0.40110144 -0.25024445 -0.48496277 -0.42050301 -0.42 -0.42 -0.42 -0.42 -0.41999977 -0.314 -0.314 -0.314 -0.314 -0.314 -0.31679119 -0.32 -0.32 -0.32 0.024 0.024 0.024 0.32 0.32 0.326 0.326 0.64399999 0.50038501 0.492 
0.288 0.288 0.288 0.288 0.288 0.28800001 0.308 0.308 0.31215056 0.408 0.408 0.408 0.408 0.408 0.39543287 0.146 0.146 0.146 0.146 0.146 0.146 -0.27260597 -0.25000022 -0.25 -0.25 -0.25 -0.25 -0.25 -0.60487485 -0.60999775 -0.61 -0.61 -0.61 -0.60999979 -0.314 -0.314 -0.314 -0.314 -0.314 -0.32 -0.32 -0.32 -0.32 -0.31999985 0.023560717 -0.25 0.31999994 0.3180346 0.32599299 0.644 0.644 0.6422955 0.562 
0.288 0.288 0.288 0.288 0.288 0.28800128 0.30799892 0.30800605 0.40799987 0.408 0.408 0.408 0.408 0.408 0.4030147 0.146 0.146 0.146 0.146 0.146 0.146 -0.25 -0.25 -0.25 -0.25 -0.25 -0.25 -0.25 -0.60990062 -0.61 -0.61 -0.61 -0.61 -0.61 -0.52889603 -0.314 -0.314 -0.314 -0.314 -0.32 -0.32 -0.32 -0.32 -0.31998207 -0.25 -0.25 -0.24644005 0.318 0.318 0.644 0.644 0.562 0.562 
0.288 0.288 0.288 0.288 0.288 0.28802667 0.30797907 0.39671565 0.408 0.408 0.408 0.408 0.408 0.408 0.40341324 0.146 0.146 0.146 0.146 0.146 0.089616796 -0.25 -0.25 -0.25 -0.25 -0.25 -0.25 -0.25 -0.60999856 -0.61 -0.61 -0.61 -0.61 -0.61 -0.61 -0.40451715 -0.54520752 -0.62213903 -0.63384215 -0.32822767 -0.32 -0.32 -0.32 -0.25000559 -0.25 -0.2501552 -0.27599716 0.318 0.318 0.54991277 0.55 0.55 0.56199999 
0.288 0.288 0.288 0.288 0.28800002 0.28816684 0.31650559 0.4079725 0.408 0.408 0.408 0.408 0.408 0.408 0.4018819 0.146 0.146 0.146 0.146 0.146 -0.24999829 -0.25 -0.25 -0.25 -0.25 -0.25 -0.25 -0.25 -0.6099999 -0.61 -0.61 -0.61 -0.61 -0.61 -0.61000001 -0.64 -0.64 -0.64 -0.64 -0.448 -0.448 -0.448 -0.448 -0.27599992 -0.276 -0.276 -0.276 -0.27599519 0.15 0.15 0.55 0.55 0.38291389 
0.288 0.288 0.288 0.288 0.28800056 0.28858838 0.40110518 0.40799869 0.408 0.408 0.408 0.408 0.408 0.408 0.3991061 0.14600011 0.146 0.146 0.146 0.14361665 -0.25 -0.25 -0.25 -0.25 -0.25 -0.25 -0.25 -0.25 -0.60999992 -0.61 -0.61 -0.61 -0.61 -0.61 -0.63999997 -0.64 -0.64 -0.64 -0.64 -0.448 -0.448 -0.448 -0.448 -0.40157794 -0.276 -0.276 -0.276 0.14999523 0.15 0.15 0.308 0.308 0.308 
0.288 0.288 0.288 0.28800005 0.28800572 0.29472356 0.40762388 0.40799967 0.408 0.408 0.408 0.408 0.408 0.40799998 0.39534597 0.14600616 0.146 0.146 0.14599955 -0.24197641 -0.25 -0.25 -0.25 -0.25 -0.25 -0.25 -0.25 -0.25 -0.60999966 -0.61 -0.61 -0.61 -0.61 -0.38013901 -0.6399999 -0.64 -0.64 -0.64 -0.64 -0.448 -0.448 -0.448 -0.448 -0.448 -0.276 -0.276 -0.276 0.15 0.15 0.15 0.308 0.308 0.308 
0.288 0.288 0.28800002 0.28800056 0.28806005 0.35334321 0.40793375 0.4079998 0.408 0.408 0.408 0.408 0.408 0.40799951 0.39087548 0.14609569 0.14600001 0.14599999 0.14394972 -0.24996633 -0.25 -0.25 -0.25 -0.25 -0.25 -0.25 -0.25 -0.25000021 -0.60999774 -0.61 -0.60999978 -0.32360442 -0.296 -0.296 -0.296 -0.64 -0.64 -0.64 -0.64 -0.448 -0.448 -0.448 -0.448 -0.448 -0.27600305 -0.276 -0.27599979 0.14999997 0.15 0.15000009 0.308 0.308 0.308 
