interpolatedSpi/05-08|22_2.tif
NCOLS 53
NROWS 52
XLLCORNER -116.03883
YLLCORNER 28.596182
DX 0.49850594
DY 0.49788537
NODATA_VALUE -9999
[rows 0 to 36 of 52, columns 0 to 52 of 53]
-0.3025 -0.3025 -0.75325 -0.8775 -0.63 -0.3425 -0.2775 -0.5625 -0.99357299 -0.62 -0.6425 0.32 0.1099858 -0.0625 -0.1725 -0.1725 -0.1725 0.615 0.21 0.21 0.21 0.20999598 -0.2075 0.14 0.14 0.14 0.097497638 0.0975 0.0975 -0.1675 -0.1675 -0.1675 -0.1675 0.38749989 0.3875 0.3875 0.3875 0.3875 0.3875 0.38750002 0.97368666 0.9799796 0.9 0.9 0.9 0.9 0.89988158 0.8275 0.8275 0.8275 0.54500059 0.545 0.545
-0.30252955 -0.9675 -0.53999946 -0.35154975 -0.24996694 -0.365 -0.6325 -0.02067223 -0.135 -0.0725 0.275 0.11 0.11 0.62769088 -0.062492607 -0.1725 0.615 0.615 0.21052807 0.21 0.21 0.21 0.13736815 0.14 0.14 0.14 -0.23749997 -0.2375 -0.1675 -0.1675 -0.1675 -0.1675 -0.1675 0.38749992 0.3875 0.3875 0.3875 0.3875 0.38750002 0.55632007 1.4649048 0.9685577 0.9 0.9 0.9 0.9 0.9 0.8275 0.8275 0.8275 0.80407483 0.545 0.545
-0.022509169 -0.0225 -0.0675 0.2375 -0.0375 -0.3875 0.0025 0.3275 -0.1825 0.58 0.2 0.42 -0.075 0.715 0.63 0.24 0.615 0.615 0.615 0.19500436 0.195 0.195 0.09 0.14 0.14 0.14 -0.2375 -0.2375 -0.2375 -0.1675 -0.1675 -0.16749997 0.082828034 0.38803502 0.39012947 0.66741132 0.67 0.67 0.76999005 1.465 1.465 1.4642775 0.9 0.9 0.9 0.9 0.9 0.8275 0.8275 0.8275 0.8275 0.545 0.545
-0.155 -0.022499912 0.41497358 1.1625 0.0425 0.47 0.5925 0.1625 0.26 0.61468854 0.5625 0.685 0.645 0.715 -0.3775 0.24 -0.8565457 -0.86396303 -1.025 0.195 0.195 -0.4 0.09 0.09 0.14 0.13999811 -0.2375 -0.2375 -0.2375 -0.14 0.13022378 0.3525 0.3525 0.35250025 0.67 0.67 0.67 0.67 1.465 1.465 1.465 1.465 0.9 0.9 0.9 0.9 0.9 0.82750091 0.8275 0.8275 0.8275 0.54500841 0.545
-0.155 0.96999898 0.415 0.6882208 0.0425 0.1575 0.12753776 1.2075 0.4175 1.3499996 0.90109516 0.6898915 -0.0675 -0.3775 -0.3775 0.018307128 -0.865 -0.865 -1.025 -1.025 0.19499879 -0.4 0.5975 0.165 0.1325 0.13276009 -0.2375 -0.2375 -0.14 -0.14 0.3525 0.3525 0.3525 0.43075809 0.67 0.67 0.67 1.465 1.465 1.465 1.465 1.4649377 0.9 0.9 0.9 0.9 0.9 0.89935466 0.8275 0.82749888 0.8025 0.8025 0.8025
-1.9025 0.165 0.13249998 0.2925 -0.03 0.1675 0.165 0.29846986 0.54 -0.19 -1.0425 -0.1325 -0.13249996 -0.05 -0.05 -0.4025 -0.4025 -0.3725 -0.3725 -1.0249993 -0.595 -0.595 0.165 0.1325 0.1325 1.245 0.7525 0.7525 1.119885 -0.14 0.3525 0.3525 0.7675 0.76759378 1.6649357 1.4975 1.4975 1.4750546 1.465 1.465 0.82080445 0.82 0.82000242 0.65932492 0.65502708 0.65500007 0.65500001 0.6550001 0.92953602 0.8025 0.8025 0.8025 0.8025
-1.2000083 -0.44 -0.072643433 -0.1725 -0.2 -0.225 0.3275 0.555 0.475 0.475 -1.0425 -0.2025 -0.79499982 -0.05 -0.40249894 -0.4025 -0.4025 -0.4 -0.23 -0.23 -0.54669535 -0.4925 -0.4925 1.0325 1.245 1.245 0.7525 0.7525 1.1199738 1.1195172 1.3005496 0.7675 0.7675 1.665 1.665 1.56558 1.4975 1.4975 1.8274886 0.8200014 0.82 0.82 0.82001381 0.65500356 0.655 0.655 0.655 0.65500018 0.955 0.80253022 0.8025 0.8025 0.8025
-1.2 0.1675 0.4475 -0.79 -0.6225096 -0.315 -0.0275 0.43 -0.1225 0.4825 0.4825 -0.1325 -0.795 -0.795 -0.40519291 -0.90797012 -0.9575 -0.09 -0.43749979 -0.23 0.38075996 0.4525 -0.235 0.645 0.64499684 0.4 0.6925 0.69250002 0.67157686 0.67000001 1.3025 0.81556937 1.265 1.665 1.658654 1.6225 1.6225 1.8275 1.8275 0.82 0.82 0.82000002 1.2913935 1.2925 0.655 0.655 0.655 0.95498858 0.955 0.955 0.8025 0.8025 0.8025
-0.0046971375 0.1675 0.4925 -0.24 -0.2125 -0.255 0.1025 0.3875 0.7575 0.27305665 -0.045 -0.042500001 -0.0425 0.57 0.56999304 -0.83534142 -0.835 -0.835 -0.14304641 -0.14250005 -0.3925 -0.39249999 0.61 0.098000612 0.42468953 0.4 0.7225 0.6925 1.0354952 1.0375 0.69 1.5425 1.1647598 1.04 1.4425 1.3625 1.6325 0.8425 1.9744771 0.82447493 1.8225 1.1725 1.2925224 1.2925 1.2889118 0.655 1.6249999 0.95500001 0.955 0.955 0.955 0.76421396 0.39
-0.9675 -0.9675 0.5525 -0.15 -0.415 -0.0675 -0.305 -0.1125 0.165 0.14998765 0.2975 0.525 0.57 0.57 -0.17 -0.17912078 -0.835 -0.83486564 -0.225 -0.1425 -0.1425 -0.1747084 0.61 0.86249522 0.8625 0.8625 0.7225 1.435 1.435 1.0375 1.0375 1.5410775 0.7925 1.04 1.145 1.3625 1.6325 1.685 1.975 0.36895783 1.1725 1.2670899 1.43 1.2925 1.2925 1.625 1.625 1.625 0.955 0.955 0.495 0.495 0.49499996
-0.9675 -0.9675 -0.11 -0.2825 -0.385 -0.29 -0.4475 0.042837559 0.3625 -0.005 0.2425 -0.265 0.52394834 -0.17 -0.17 -0.17002913 -0.4225 -0.41213427 -0.225 -0.2725 -0.2725 -0.405 -0.405 0.8625 0.8625 0.8625 1.435 1.435 1.435 -0.07 -0.07 -0.069998578 0.9 0.9 0.83 0.42 1.2825 0.91500296 1.1325 0.3425 0.3425 0.4550032 1.43 1.2925 1.1424998 0.78 0.95788553 0.955 0.705 0.705 0.495 0.495 0.495
-0.9675 -0.59724022 -0.1836119 -0.21749312 0.4975 -0.3025 -0.4475 0.0425 0.36249733 -0.00092854575 -0.26499966 -0.265 -0.4275 -0.17 -0.17 -0.42249999 -0.4225 -0.42248876 -0.225 -0.2725 -0.2985203 -0.405 -0.405 0.86244956 0.8625 0.79757789 0.665 0.665 0.6650001 -0.07 -0.07 0.1575 0.1575 0.89999981 0.83 0.87999997 1.2792926 0.915 0.915 0.3425 0.455 0.455 0.45500513 1.1425 1.1425 0.78 0.955 0.955 0.705 0.705 0.495 0.495 0.495
0.6825 0.26120001 0.29497871 0.29129598 0.49749575 -0.30248111 -0.4475 0.036468391 0.34044873 0.3529036 -0.4275 -0.4275 -0.4275 -0.4275 -0.17003648 -0.4225 -0.4225 -0.41994996 -0.225 -0.27236012 0.21 0.21 0.21 0.21 0.8512972 0.665 0.665 0.665 0.665 0.66444818 0.1575 0.1575 0.1575 0.1575 0.88 0.88 0.88 0.91371782 0.91081287 0.3575 0.3575 0.45499476 0.50002199 1.1424381 1.1425 0.78 0.955 0.955 0.705 0.705 0.49576186 0.495 0.18162533
0.6825 0.295 0.295 0.295 0.295 0.29499975 -0.44712872 -0.2156087 0.28161792 -0.42665834 -0.4275 -0.4275 -0.4275 -0.4275 -0.42749973 -0.4225 -0.42249997 -0.40895285 -0.22500134 0.21 0.21 0.21 0.21 0.21 0.21545996 0.38441378 0.22000009 0.22 0.22 0.22 0.1575 0.1575 0.15749999 0.1525 0.1525 0.88 0.50570619 0.495 0.35750008 0.3575 0.3575 0.3575 0.5 0.5 0.5 0.50194854 0.86306549 0.8625 0.8625 0.8625 0.8625 0.66249997 0.6625
0.9 0.295 0.295 0.295 0.295 0.295 0.29499995 -0.19441667 -0.065736247 -0.0675 -0.0675 -0.0675 -0.0675 -0.0675 -0.067500004 0.46151623 -0.40827922 -0.39545543 0.20994524 0.21 0.21 0.21 0.21 0.21000023 0.4625 0.4625 0.46249966 0.22 0.22 0.21961954 0.03 0.03 0.1525 0.1525 0.1525 0.44013517 0.495 0.495 0.495 0.3575 0.3575 0.3575 0.5 0.5 0.5 0.5 0.86249998 0.8625 0.8625 0.8625 0.8625 0.6625 0.6625
0.9 0.67476537 0.295 0.295 0.295 0.295 0.14752895 0.1475 0.14749999 -0.0675 -0.0675 -0.0675 -0.0675 -0.0675 0.051627778 0.4725 0.4725 0.4725 0.40440636 0.4049998 0.405 0.405 0.405 0.405 0.4625 0.4625 0.4625 0.4625 0.22 0.03 0.03 0.03 0.15249999 0.1525 0.1525 0.355 0.49481464 0.495 0.495 0.35745737 0.27223635 0.073351802 0.5 0.5 -0.048302668 -0.05 -0.05 0.86021376 -0.52264258 -0.52749988 -0.52749974 -0.2673593 0.66249811
0.9 0.50587722 0.39620921 0.295 0.295 0.14758715 0.1475 0.1475 0.1475 0.14595065 -0.0675 -0.0675 -0.0675 -0.067499935 0.4725 0.4725 0.4725 0.4725 0.4050603 0.405 0.405 0.405 0.405 0.405 0.4625 0.4625 0.4625 0.4625 0.46092684 0.03 0.03 0.03 0.41499999 0.15252693 0.355 0.355 0.355 0.35347146 0.099251205 0.0725 0.0725 0.0725 -0.21 -0.21 -0.05 -0.05 -0.05 -0.52749999 -0.5275 -0.5275 -0.5275 -0.2675 -0.2675
0.49528202 0.495 0.495 0.49499999 -0.035 0.14749529 0.1475 0.1475 0.1475 0.1475 0.023539175 -0.067484331 -0.067499966 0.4725 0.4725 0.4725 0.4725 0.4725 0.43753798 0.405 0.405 0.405 0.405 0.405 0.16351555 -0.26999603 -0.27 -0.27 -0.27 0.03000002 0.41499999 0.415 0.415 0.415 0.355 0.35499631 0.215 0.215 0.074279325 0.0725 0.0725 0.0725 -0.21 -0.21 -0.074773509 -0.05 -0.05 -0.5275 -0.5275 -0.5275 -0.52471212 -0.2675 -0.2675
0.495 0.495 0.495 0.24541509 -0.035 -0.035 0.1475 0.1475 0.1475 0.1475 1.135 1.135 1.135 0.4725 0.4725 0.4725 0.4725 0.47242192 0.0025 0.0025000001 0.40499984 0.405 0.39434872 -0.0325 -0.034638109 -0.27 -0.27 -0.27 -0.27 0.41493025 0.415 0.415 0.415 0.415 0.21500049 0.215 0.215 0.215 0.21449924 0.0725 0.0725 0.0725 -0.21 -0.21 -0.21 -0.05 -0.05 -0.52749998 -0.5275 -0.5275 -0.2675 -0.2675 -0.2675
0.495 0.495 0.495 -0.035 -0.035 -0.035 -0.034999721 0.1475 0.1475 1.1339806 1.135 1.135 1.135 1.1345872 0.09004791 1.4279719e-17 1.3878524e-17 1.1978002e-11 0.0025 0.0025 0.0025 -0.0325 -0.0325 -0.0325 -0.032544821 -0.22934937 -0.27 -0.27 -0.27 0.22436188 0.20002115 0.2 0.2 0.2 0.21809446 0.22249998 0.2225 0.2225 0.2225 -0.44242953 -0.4425 -0.4425 -0.21 -0.21 -0.38249928 -0.38249977 0.2725 0.2725 -0.07 -0.07 -0.07 -0.2675 0.13214235
0.49499945 0.495 0.49499998 -0.035 -0.035 -0.035 -0.035000002 -0.25499988 0.14589065 1.1341862 1.135 1.135 1.135 1.1327728 1.3877788e-17 1.3877788e-17 1.3877788e-17 7.1852629e-10 0.0025 0.0025 0.0025 -0.0325 -0.0325 -0.0325 -0.1925 -0.1925 -0.145 -0.145 -0.145 -0.14311792 0.2 0.2 0.2 0.2 0.2112437 0.2225 0.2225 0.2225 0.2225 -0.4425 -0.4425 -0.4425 -0.44061217 -0.3825 -0.3825 -0.3825 0.2725 0.2725 -0.07 -0.07 -0.07 0.13249999 0.1325
0.3175 0.3852786 0.09 0.089963735 -0.035 -0.25372709 -0.255 -0.255 -0.21218551 0.23749999 0.2375 0.2375 0.2375 -0.057490397 -0.0575 -4.4137349e-08 -3.4020764e-16 6.5871324e-05 0.0025 0.0025 0.0025 -0.295 -0.295 -0.295 -0.1925 -0.1925 -0.145 -0.145 -0.145 -0.14500009 -0.26249706 -0.2624987 0.18837576 0.19950417 -0.52167234 -0.5225 -0.5225 -0.5225 -0.5225 -0.4425 -0.4425 -0.4425 -0.38580392 -0.3825 -0.3825 -0.38249998 0.2725 0.2725 0.27248767 -0.07 -0.069996646 0.005 0.1325
-0.19490267 -0.19499995 0.09 0.09 0.09 -0.255 -0.255 -0.255 -0.1375 -0.1375 0.2375 0.2375 0.2375 -0.0575 -0.0575 -0.0575 -0.0575 -0.057493123 0.0025 0.0025 0.0024999886 -0.295 -0.295 -0.295 -0.1925 -0.1925 -0.145 -0.145 -0.145 -0.26117518 -0.2625 -0.2625 -0.2625 -0.2625 -0.52237171 -0.5225 -0.5225 -0.5225 -0.5225 -0.63999995 -0.64 -0.64 -0.64 -0.38249921 -0.28 -0.28 -0.28 0.1225 0.1225 0.1225 0.005 0.005 0.005
-0.195 -0.195 0.09 0.09 0.09 -0.25318662 -0.255 -0.1375 -0.1375 -0.1375 0.23745384 0.2375 -0.042365218 -0.057500011 -0.0575 -0.0575 -0.0575 -0.2125 -0.2125 -0.2125 -0.81999999 -0.81999961 -0.29500256 -0.295 -0.29523356 -0.7375 -0.7375 -0.73749859 -0.14509575 -0.78239637 -0.78249723 -0.78240921 -0.26338873 -0.26294875 -0.4765302 -0.52250018 -0.52404994 -0.985 -0.985 -0.64 -0.64 -0.64 -0.64 -0.28 -0.28 -0.28 -0.28 0.1225 0.1225 0.1225 0.005 0.005 0.005
-0.195 -0.195 0.09 0.09 0.09 0.089999999 -0.21102318 -0.1375 -0.1375 -0.1375 -0.13748205 -0.105 -0.105 -0.105 -0.057779928 -0.0575 -0.21146712 -0.2125 -0.2125 -0.2125 -0.82 -0.82 -0.82 -0.82 -0.7375 -0.7375 -0.7375 -0.7375 -0.7375 -0.7825 -0.7825 -0.7825 -0.7825 -0.78249937 -0.485 -0.985 -0.985 -0.985 -0.985 -0.98499842 -0.54 -0.54 -0.54 -0.4789844 -0.3525 -0.3525 -0.3525 0.12249999 0.12249969 -0.1975 -0.1975 0.10997446 0.11
-0.195 -0.195 -0.012864987 0.09 0.09 0.089999992 -0.26477375 -0.13790181 -0.1375 -0.1375 -0.10499998 -0.105 -0.105 -0.105 -0.105 -0.10112257 -0.2125 -0.2125 -0.2125 -0.2125 -0.8199953 -0.82 -0.82 -0.82 -0.7375 -0.7375 -0.7375 -0.7375 -0.7375 -1.0041869 -0.7825 -0.7825 -0.7825 -0.485 -0.485 -0.48538826 -0.985 -0.985 -0.76973722 -0.60250003 -0.54 -0.54 -0.54 -0.48160137 -0.3525 -0.3525 -0.3525 -1.09 -0.20862046 -0.1975 -0.1975 0.11 0.11
-0.62 -0.62 -0.62 -0.088016517 0.089297222 -0.265 -0.265 -0.265 -0.265 -0.015000002 -0.015 -0.10499999 -0.105 -0.105 -0.105 -0.10500683 -0.2125 -0.2125 -0.2125 -0.2125 -0.55490671 -0.82 -0.82 -0.81090578 -0.48430015 -0.7375 -0.7375 -0.7375 -1.0825 -1.0825 -1.0825 -1.0824987 -0.485 -0.485 -0.485 -0.485 -0.6025 -0.6025 -0.6025 -0.6025 -0.6725 -0.6725 -0.6725 -0.87249598 -0.8725 -0.8725 -0.87249984 -1.09 -1.09 -0.19858746 -0.1975 0.10999792 0.11
-0.62 -0.62 -0.62 -0.61998761 -0.39 -0.37182295 -0.265 -0.265 -0.265 -0.015 -0.015 -0.015 -0.48749998 -0.4875 -0.4875 -0.48749998 -0.21183596 -0.2125 -0.2125 -0.2125 -0.22169289 -0.47250095 -0.4725 -0.4725 -0.4725 -0.47250001 -0.7025 -0.7025 -1.0825 -1.0825 -1.0825 -1.0825 -0.48500007 -0.485 -0.485 -0.48500753 -0.60249999 -0.6025 -0.6025 -0.60047109 -0.6725 -0.6725 -0.6725 -0.87249073 -0.8725 -0.8725 -0.8725 -1.09 -1.09 -1.0899999 -0.3025 -0.3025 -0.405
-0.62 -0.62 -0.62 -0.39000053 -0.39 -0.39 -0.26500005 -0.265 -0.265 -0.015 -0.015 -0.015 -0.4875 -0.4875 -0.4875 -0.43894829 0.15 0.15 0.14999906 -0.21045251 -0.4725 -0.4725 -0.4725 -0.4725 -0.4725 -0.47267309 -0.7025 -0.7025 -0.7025 -1.0825 -1.0825 -1.082352 -0.5775 -0.5775 -0.5775 -0.087500002 -0.0875 -0.14 -0.14 -0.14 0.2025 -0.67222554 -0.67249701 -0.2725 -0.2725 -0.29523932 -0.87249878 -1.09 -1.09 -0.3025 -0.3025 -0.3025 -0.405
-0.62 -0.62 -0.62 -0.39 -0.39 -0.39 -0.39 -0.265 -0.265 -0.015 -0.015 -0.46860681 -0.4875 -0.4875 -0.4875 0.15 0.15 0.15 0.15 0.15 -0.4725 -0.4725 -0.4725 -0.4725 -0.4725 -0.70249922 -0.7025 -0.7025 -0.7025 -0.8525 -0.8525 -0.8525 -0.5775 -0.5775 -0.5775 -0.0875 -0.0875 -0.14 -0.14 0.2025 0.2025 0.2025 -0.2725 -0.2725 -0.2725 -0.2725 -0.23820349 0.145 0.145 0.145 -0.30249999 0.4375 0.4375
-0.62 -0.62 -0.61967971 -0.39 -0.39 -0.39 -0.39 -0.63038297 -0.6425 -0.64142267 -0.015000016 -0.4874933 -0.4875 -0.4875 -0.48749779 0.15 0.15 0.15 0.15 0.15 0.86532746 -0.4725 -0.4725 -0.4725 -0.47235685 -0.70244796 -0.7025 -0.7025 -0.7025 -0.8525 -0.8525 -0.8525 -0.85246292 -0.5775 -0.0875 -0.0875 -0.0875 -0.087502117 -0.13997664 0.2025 0.2025 0.2025 -0.27247116 -0.2725 -0.2725 -0.2725 0.14500061 0.145 0.145 0.145 0.4375 0.4375 0.4375
-0.595 -0.59500004 -0.3901282 -0.39 -0.39 -0.39 -0.64244627 -0.6425 -0.6425 -0.6425 -0.40750001 -0.4075 -0.4075 -0.4075 0.14742691 0.15 0.15 0.15 0.15 0.92249954 0.9225 0.9225 0.22249988 0.2225 0.2225 0.2225 0.1426606 -0.7025 -1.1724808 -1.1725 -1.1725 -1.1725 -1.1725 -0.027500001 -0.0275 -0.0275 -0.0275 -0.0275 0.3225 0.3225 0.3225 0.3225 0.3225 0.20927267 0.21 0.21 0.21 0.145 0.145 0.145 0.43745392 0.4375 0.4375
-0.595 -0.595 -0.59294868 -0.35000008 -0.35000001 -0.35028516 -0.6425 -0.6425 -0.6425 -0.6425 -0.4075 -0.4075 -0.4075 -0.4075 -0.4075 0.15 0.15 0.15 0.92249981 0.9225 0.9225 0.9225 0.2225 0.2225 0.2225 0.2225 0.2225 0.22230288 -1.1723282 -1.1725 -1.1725 -1.1725 -1.172431 -0.22308106 -0.027702516 -0.0275 -0.0275 -0.027500005 0.3225 0.3225 0.3225 0.3225 0.3225 0.21 0.21 0.21 0.21 0.17960473 0.145 -0.037935968 -0.04 -0.075 -0.075
-0.595 -0.595 -0.35003103 -0.35 -0.35 -0.35 -0.42429377 -0.6425 -0.6425 -0.6425 -0.4075 -0.4075 -0.4075 -0.4075 -0.4075 0.14958143 0.15 0.92227351 0.9225 0.9225 0.9225 0.9225 0.48181954 0.2225 0.2225 0.2225 0.2225 0.22182733 -0.7275 -0.7275 -0.7275 -0.7275 -0.7275 -0.3725 -0.3725 -0.3725 -0.3725 -0.3725 -0.1025 -0.1025 -0.1025 -0.1025 -0.1025 0.20980467 0.20999996 0.21 0.20998644 0.20833229 -0.04 -0.04 -0.04 -0.074999804 -0.075
-0.59499918 -0.16112697 -0.34999997 -0.35 -0.35 -0.35 -0.35 -0.64237546 -0.6425 -0.6425 -0.4075 -0.4075 -0.4075 -0.4075 0.712068 0.7375 0.7375 0.92249524 0.9225 0.9225 0.9225 0.9225 0.92249984 0.2225 0.2225 0.2225 0.2225 -0.34500034 -0.34500018 -0.4264053 -0.7275 -0.7275 -0.7275 -0.3725 -0.3725 -0.3725 -0.3725 -0.37231883 -0.1025 -0.1025 -0.1025 -0.1025 -0.10250115 0.13 0.13 0.13 0.13 0.12998629 -0.04 -0.04 -0.04 -0.040000064 -0.14396908
-0.1525 -0.1525 -0.17159033 -0.35 -0.35 -0.35 -0.35 -0.35 -0.642373 0.29749999 0.2975 0.2975 0.29582689 0.73749835 0.7375 0.7375 0.7375 0.7375 0.92249478 0.87788096 0.4875 0.4875 0.4875 0.41689274 0.16347317 -0.15236818 -0.41877913 -0.345 -0.345 -0.345 -0.345 -0.345 -0.35674918 -0.10572954 -0.105 -0.105 -0.105 -0.105 -0.1053178 -0.11749997 -0.1175 -0.1175 -0.1175 0.012500345 0.12999997 0.13 0.13 0.1925 -0.039996276 -0.04 -0.04 -0.145 -0.145
-0.1525 -0.1525 -0.035000001 -0.035 -0.035 -0.34989507 -0.35 -0.35 0.2975 0.2975 0.2975 0.2975 0.2975 0.73749998 0.7375 0.7375 0.7375 0.7375 0.4875 0.4875 0.4875 0.4875 0.4875 -0.51499995 -0.515 -0.515 -0.515 -0.345 -0.345 -0.345 -0.345 -0.345 -0.17 -0.17 -0.105 -0.105 -0.105 -0.10250043 -0.1025 -0.1175 -0.1175 -0.1175 -0.11749995 0.0125 0.0125 0.0125 0.1925 0.1925 0.1925 0.45 0.45 -0.145 -0.145
