interpolatedSpi/05-12|22_2.tif
NCOLS 53
NROWS 52
XLLCORNER -116.03883
YLLCORNER 28.596182
DX 0.49850594
DY 0.49788537
NODATA_VALUE -9999
[rows 0 to 34 of 52, columns 0 to 52 of 53]
-0.39 -0.39 -0.67557478 -0.81875 -0.5 -0.345 -0.53375 -0.63375 -0.67008733 -0.5425 -0.5675 -0.1925 -0.39499177 -0.295 -0.605 -0.605 -0.605 0.1775 0.0425 0.0425 0.0425 0.042492379 -0.74874999 0.17375 0.17375 0.17375 -0.16625096 -0.16625 -0.16625 -0.19375 -0.19375 -0.19375 -0.19375 0.18124992 0.18125 0.18125 0.18125 0.18125 0.18125 0.18125002 0.97272505 0.98093497 -0.25625 -0.25625 -0.25625 -0.25625 -0.25553745 0.18 0.18 0.18 0.14125008 0.14125 0.14125
-0.39001766 -0.7875 -0.65374996 -0.61806474 -0.48403928 -0.5675 -0.62375 -0.28791984 -0.52 -0.43625 -0.33875 -0.395 -0.395 0.17094114 -0.29499709 -0.605 0.1775 0.1775 0.042676022 0.0425 0.0425 0.0425 0.1628278 0.17375 0.17375 0.17375 -0.23999997 -0.24 -0.19375 -0.19375 -0.19375 -0.19375 -0.19375 0.18124995 0.18125 0.18125 0.18125 0.18125 0.18125002 0.29085966 0.87119482 -0.11943708 -0.25625 -0.25625 -0.25625 -0.25625 -0.25625 0.18 0.18 0.18 0.17678681 0.14125 0.14125
-0.37874709 -0.37875 -0.62125 -0.20375 -0.52875 -0.6325 -0.5125 -0.31875 -0.82625 -0.30875 -0.40875 -0.5575 -0.52625 0.3875 0.1725 -0.52125 0.1775 0.1775 0.1775 0.28243023 0.2825 0.2825 -0.03375 0.17375 0.17375 0.17375 -0.24 -0.24 -0.24 -0.19375 -0.19375 -0.19374999 -0.05053348 0.18173156 0.18379803 0.4524915 0.455 0.455 0.50735328 0.87125 0.87125 0.86980821 -0.25625 -0.25625 -0.25625 -0.25625 -0.25625 0.18 0.18 0.18 0.18 0.14125 0.14125
-0.21 -0.37874997 -0.23005055 0.14125 -0.745 -0.2925 -0.41375 -0.69375 -0.33625 -0.012104556 -0.165 -0.16 -0.195 0.3875 -0.3575 -0.52125 -0.4803156 -0.47953932 -1.10625 0.2825 0.2825 -0.3975 -0.03375 -0.03375 0.17375 0.17374793 -0.24 -0.24 -0.24 -0.41 -0.12811682 0.10375 0.10375 0.10375027 0.455 0.455 0.455 0.455 0.87125 0.87125 0.87125 0.87124996 -0.25625 -0.25625 -0.25625 -0.25625 -0.25625 0.1799945 0.18 0.18 0.18 0.14124232 0.14125
-0.21 0.14624931 -0.23 -0.17775063 -0.745 -0.59625 -0.23125596 0.28375 -0.27875 0.60249962 0.20866244 0.022494808 -0.01375 -0.3575 -0.3575 -0.46641674 -0.48 -0.48 -1.10625 -1.10625 0.28249859 -0.3975 0.4925 0.2275 0.09 0.0901493 -0.24 -0.24 -0.41 -0.41 0.10375 0.10375 0.10375 0.097621507 0.455 0.455 0.455 0.87125 0.87125 0.87125 0.87125 0.87118798 -0.25624999 -0.25625 -0.25625 -0.25625 -0.25625 -0.25236683 0.18 0.17998773 -0.09375 -0.09375 -0.09375
-1.7925 -0.33375 -0.15125001 -0.195 -0.39625 -0.28 -0.4 -0.31246042 0.26875 -0.43375 -0.5325 -0.03375 -0.033749987 0.04125 0.04125 -0.5274158 -0.5275 -0.4 -0.4 -1.1062489 -0.94 -0.94 0.2275 0.09 0.09 0.72875 -0.0425 -0.0425 0.30618447 -0.41 0.10375 0.10375 0.07125 0.071313084 0.6749568 0.79375 0.79375 0.84727361 0.87125 0.87125 0.22955134 0.22875 0.22875251 0.082659805 0.08871187 0.088749908 0.088749988 0.08874987 0.045854267 -0.09375 -0.09375 -0.09375 -0.09375
-1.5250003 -0.35625 -0.22769051 0.021249999 -0.18875 -0.4775 -0.08875 -0.07625 -0.07125 -0.07125 -0.5325 -0.0725 -0.43874993 0.04125 -0.17874934 -0.17875 -0.5275 -0.02875 0.1325 0.1325 -0.69435318 -0.41875 -0.41875 0.47499999 0.72875 0.72875 -0.0425 -0.0425 0.30622873 0.30585838 0.36867818 0.07125 0.07125 0.675 0.675 0.8536604 0.79375 0.79375 0.57000776 0.22875048 0.22875 0.22875 0.22876343 0.08875076 0.08875 0.08875 0.08875 0.088749986 0.065 -0.09371854 -0.09375 -0.09375 -0.09375
-1.525 -0.295 0.1575 -0.59875 -0.3562639 -0.28 -0.14125 0.0037499988 -0.24875 0.07 0.07 -0.175 -0.43875 -0.43875 -0.18053384 -0.61932868 -0.6625 -0.01875 -0.26249959 0.1325 0.2246979 0.28625 -0.4375 0.3175 0.31749532 -0.045 0.066250001 0.066249962 -0.057470989 -0.05874999 0.37 0.14170522 0.50125 0.675 0.67781647 0.90375 0.90375 0.57 0.57 0.22875 0.22875 0.22875002 0.22705757 0.22499999 0.08875 0.08875 0.08875 0.065000904 0.065 0.065 -0.09375 -0.09375 -0.09375
-0.40461448 -0.295 -0.11 -0.05625 -0.06875 -0.22375 0.10375 0.55125 0.0925 0.17523415 0.07875 -0.17 -0.17 0.42875 0.42874401 -0.76222129 -0.7625 -0.7625 -0.055958813 -0.20875005 -0.43875 -0.43874999 -0.05125 -0.28528522 -0.0084695712 -0.045 0.2475 0.06625 0.14205691 0.1425 0.04125 0.9925 0.5121399 0.275 0.77375 0.7525 0.8975 0.2425 1.0446294 0.23341464 1.27375 0.55125 0.22506858 0.225 0.22423311 0.08875 -0.058749992 0.064999999 0.065 0.065 0.064999999 -0.097173956 -0.27125
-1.0175 -1.0175 0.1375 0.075 -0.195 0.26625 0.1575 0.24875 0.1925 0.19625 0.3575 0.40125 0.42875 0.42875 -0.20875 -0.21634493 -0.7625 -0.76235164 -0.10625 -0.20875 -0.20875 -0.23838172 -0.05125 -0.10749893 -0.1075 -0.1075 0.2475 0.59625 0.59625 0.1425 0.1425 0.9906911 0.03875 0.275 0.41125 0.7525 0.8975 0.905 1.045 0.45718364 0.55125003 0.58614724 0.64625 0.225 0.225 -0.05875 -0.05875 -0.05875 0.065 0.065 -0.12125 -0.12125 -0.12125006
-1.0175 -1.0175 -0.4875 -0.6775 -0.2775 0.0025 -0.062499997 0.31625909 0.44875 0.3525 0.13625 -0.0775 0.40061268 -0.20875 -0.20875 -0.20874337 -0.15125 -0.14888819 -0.10625 -0.2325 -0.2325 -0.2175 -0.2175 -0.1075 -0.1075 -0.1075 0.59625 0.59625 0.59625 -0.42625 -0.42625 -0.42624923 0.25125 0.25125 -0.005 -0.37125 0.8125 0.39625103 0.6225 0.4475 0.4475 0.18250152 0.64625 0.225 0.30749973 -0.0275 0.45776586 0.46 0.49375 0.49375 -0.12125 -0.12125 -0.12125
-1.0175 -0.78867683 -0.56857978 -0.57999453 0.24875 -0.08 -0.0625 0.31625 0.44874889 0.35356633 -0.07749944 -0.0775 -0.02875 -0.20875 -0.20875 -0.15125 -0.15125 -0.15124744 -0.10625 -0.2325 -0.22955431 -0.2175 -0.2175 -0.1075041 -0.1075 0.017413433 0.2725 0.2725 0.27250004 -0.42625 -0.42625 -0.055 -0.055 0.2512493 -0.005 0.25499997 0.76519519 0.39625 0.39625 0.44749999 0.1825 0.1825 0.18250098 0.3075 0.3075 -0.0275 0.46 0.46 0.49375 0.49375 -0.12125 -0.12125 -0.12125
0.11 0.0018972125 0.046223294 0.041723236 0.24874818 -0.079992238 -0.0625 0.31158781 0.43961939 0.44623666 -0.02875 -0.02875 -0.02875 -0.02875 -0.2087245 -0.15125 -0.15125 -0.15066898 -0.10625 -0.23239469 0.12875 0.12875 0.12875 0.12875 -0.10318283 0.2725 0.2725 0.2725 0.2725 0.27205956 -0.055 -0.055 -0.055 -0.055 0.255 0.255 0.255 0.38958083 0.39302986 -0.0325 -0.0325 0.18248844 0.10750685 0.30748074 0.3075 -0.0275 0.46 0.46 0.49375 0.49375 -0.11901885 -0.12125 0.17022432
0.11 0.04625 0.04625 0.04625 0.04625 0.046249949 -0.062544753 0.1167276 0.41525977 -0.028238113 -0.02875 -0.02875 -0.02875 -0.02875 -0.028749753 -0.15125 -0.15124999 -0.14816331 -0.10624987 0.12875 0.12875 0.12875 0.12875 0.12875 0.12891268 0.18977658 0.15375002 0.15375 0.15375 0.15375 -0.055 -0.055 -0.055000137 -0.16875 -0.16875 0.255 0.0058758709 -0.00125 -0.032499982 -0.0325 -0.0325 -0.0325 0.1075 0.1075 0.1075 0.10656052 0.65487188 0.65625 0.65625 0.65625 0.65625 0.97624977 0.97625
0.54875 0.04625 0.04625 0.04625 0.04625 0.04625 0.046249993 0.064579145 0.31663582 0.31625 0.31625 0.31625 0.31625 0.31625 0.31625 0.30149747 -0.14406504 -0.14508789 0.12872044 0.12875 0.12875 0.12875 0.12875 0.12875016 0.13625 0.13625 0.13625002 0.15375 0.15375 0.15335452 -0.04375 -0.04375 -0.16875 -0.16875 -0.16875 -0.028081686 -0.00125 -0.00125 -0.00125 -0.0325 -0.0325 -0.0325 0.1075 0.1075 0.1075 0.1075 0.65624999 0.65625 0.65625 0.65625 0.65625 0.97625 0.97625
0.54875 0.36167496 0.04625 0.04625 0.04625 0.04625 0.15872792 0.15875 0.15875 0.31625 0.31625 0.31625 0.31625 0.31625 0.3129409 0.30125 0.30125 0.30125 0.263339 0.26374986 0.26375 0.26375 0.26375 0.26375 0.13625 0.13625 0.13625 0.13625 0.15375 -0.04375 -0.04375 -0.04375 -0.16874999 -0.16875 -0.16875 -0.02125 -0.0012764806 -0.00125 -0.00125 -0.032525075 -0.082611093 -0.19949938 0.1075 0.1075 -0.034560237 -0.035 -0.035 0.65460505 -0.34025545 -0.34374991 -0.34374981 -0.13108242 0.97624775
0.54875 0.10110444 0.067756957 0.04625 0.04625 0.15868353 0.15875 0.15875 0.15875 0.15988499 0.31625 0.31625 0.31625 0.31625 0.30125 0.30125 0.30125 0.30125 0.2637835 0.26375 0.26375 0.26375 0.26375 0.26375 0.13625 0.13625 0.13625 0.13625 0.13559528 -0.04375 -0.04375 -0.04375 -0.017500001 -0.16873135 -0.02125 -0.02125 -0.02125 -0.022306547 -0.18741536 -0.2 -0.2 -0.2 -0.32125 -0.32125 -0.035 -0.035 -0.035 -0.34375 -0.34375 -0.34375 -0.34375 -0.13125 -0.13125
0.089117154 0.08875 0.08875 0.088749999 -0.03875 0.15874491 0.15875 0.15875 0.15875 0.15875 0.35353622 0.31625642 0.31625001 0.30125 0.30125 0.30125 0.30125 0.30125 0.29065587 0.26375 0.26375 0.26375 0.26375 0.26375 0.018444437 -0.27999774 -0.28 -0.28 -0.28 -0.043749999 -0.0175 -0.0175 -0.0175 -0.0175 -0.02125 -0.021252535 -0.1175 -0.1175 -0.19896986 -0.2 -0.2 -0.2 -0.32125 -0.32125 -0.079321356 -0.035 -0.035 -0.34375 -0.34375 -0.34375 -0.34147145 -0.13125 -0.13125
0.08875 0.08875 0.08875 0.028708348 -0.03875 -0.03875 0.15875 0.15875 0.15875 0.15875 0.80875 0.80875 0.80875 0.30125 0.30125 0.30125 0.30125 0.30123781 0.18 0.18 0.26374997 0.26375 0.25455946 -0.11375 -0.11524668 -0.28 -0.28 -0.28 -0.28 -0.017526729 -0.0175 -0.0175 -0.0175 -0.0175 -0.11749966 -0.1175 -0.1175 -0.1175 -0.11779311 -0.2 -0.2 -0.2 -0.32125 -0.32125 -0.32125 -0.035 -0.035 -0.34374999 -0.34375 -0.34375 -0.13125 -0.13125 -0.13125
0.08875 0.08875 0.08875 -0.03875 -0.03875 -0.03875 -0.038749698 0.15875 0.15875 0.80807901 0.80875 0.80875 0.80875 0.8084338 0.2415551 0.2275 0.2275 0.2275 0.18 0.18 0.18 -0.11375 -0.11375 -0.11375 -0.11383509 -0.35212209 -0.28 -0.28 -0.28 -0.075413452 -0.08124373 -0.08125 -0.08125 -0.08125 -0.13873276 -0.16874988 -0.16875 -0.16875 -0.16875 -0.51995621 -0.52 -0.52 -0.32125 -0.32125 -0.53999909 -0.53999987 -0.17625 -0.17625 -0.1425 -0.1425 -0.1425 -0.13125 0.15099741
0.088749903 0.08875 0.088749995 -0.03875 -0.03875 -0.03875 -0.038749999 0.082500022 0.15844512 0.80826147 0.80875 0.80875 0.80875 0.80760943 0.2275 0.2275 0.2275 0.22749999 0.18 0.18 0.18 -0.11375 -0.11375 -0.11375 -0.4175 -0.4175 -0.38875 -0.38875 -0.38875 -0.38707249 -0.08125 -0.08125 -0.08125 -0.08125 -0.12497604 -0.16875 -0.16875 -0.16875 -0.16875 -0.52 -0.52 -0.52 -0.52062928 -0.54 -0.54 -0.54 -0.17625 -0.17625 -0.1425 -0.1425 -0.1425 0.15124999 0.15125
0.0575 0.066134275 -0.1175 -0.11747715 -0.03875 0.081798452 0.0825 0.0825 0.11711597 0.27 0.27 0.27 0.27 0.35749715 0.3575 0.2275001 0.2275 0.22624844 0.18 0.18 0.18 -0.54125 -0.54125 -0.54125 -0.4175 -0.4175 -0.38875 -0.38875 -0.38875 -0.38874999 -0.37749812 -0.37749917 -0.088695799 -0.0815676 -0.58692071 -0.5875 -0.5875 -0.5875 -0.5875 -0.52 -0.52 -0.52 -0.53889883 -0.54 -0.54 -0.54 -0.17625 -0.17625 -0.17624879 -0.1425 -0.14249173 0.0425 0.15125
-0.069975787 -0.070000008 -0.1175 -0.1175 -0.1175 0.0825 0.0825 0.0825 0.1775 0.1775 0.27 0.27 0.27 0.3575 0.3575 0.3575 0.3575 0.35747981 0.18 0.18 0.17999997 -0.54125 -0.54125 -0.54125 -0.4175 -0.4175 -0.38875 -0.38875 -0.38875 -0.37762684 -0.3775 -0.3775 -0.3775 -0.3775 -0.58739638 -0.5875 -0.5875 -0.5875 -0.5875 -0.66499996 -0.665 -0.665 -0.665 -0.53999989 -0.52625 -0.52625 -0.52625 -0.1025 -0.1025 -0.1025 0.0425 0.0425 0.0425
-0.07 -0.07 -0.1175 -0.1175 -0.1175 0.081448764 0.0825 0.1775 0.1775 0.1775 0.26998861 0.27 0.15355973 0.35749995 0.3575 0.3575 0.3575 0.027500001 0.0275 0.0275 -0.68375 -0.68374989 -0.54125069 -0.54125 -0.5413064 -0.695 -0.695 -0.69499927 -0.38879949 -0.79116755 -0.7912478 -0.79117776 -0.37820714 -0.37785706 -0.55036693 -0.58750011 -0.5884928 -0.88375 -0.88375 -0.665 -0.665 -0.665 -0.665 -0.52625 -0.52625 -0.52625 -0.52625 -0.1025 -0.1025 -0.1025 0.0425 0.0425 0.0425
-0.07 -0.07 -0.1175 -0.1175 -0.1175 -0.1175 0.11805572 0.1775 0.1775 0.1775 0.17747238 0.1275 0.1275 0.1275 0.35614456 0.3575 0.029699039 0.0275 0.0275 0.0275 -0.68375 -0.68375 -0.68375 -0.68375 -0.695 -0.695 -0.695 -0.695 -0.695 -0.79125 -0.79125 -0.79125 -0.79125 -0.79124989 -0.74125 -0.88375 -0.88375 -0.88375 -0.88375 -0.88374941 -0.73125 -0.73125 -0.73125 -0.62793175 -0.41375 -0.41375 -0.41375 -0.10250001 -0.10250015 -0.25875 -0.25875 -0.0074878362 -0.0075
-0.07 -0.07 -0.10035584 -0.1175 -0.1175 -0.1175 0.055217379 0.17711395 0.1775 0.1775 0.12750001 0.1275 0.1275 0.1275 0.1275 0.14633748 0.0275 0.0275 0.0275 0.0275 -0.6837445 -0.68375 -0.68375 -0.68375 -0.695 -0.695 -0.695 -0.695 -0.695 -0.90578824 -0.79125 -0.79125 -0.79125 -0.74125 -0.74125 -0.74136065 -0.88375 -0.88375 -0.91962713 -0.94749999 -0.73125 -0.73125 -0.73125 -0.62935265 -0.41375 -0.41375 -0.41375 -0.6175 -0.26321999 -0.25875 -0.25875 -0.0075 -0.0075
0.0925 0.0925 0.0925 -0.064847227 -0.11724281 0.055 0.055 0.055 0.055 0.17375 0.17375 0.1275 0.1275 0.1275 0.1275 0.12749366 0.0275 0.0275 0.0275 0.0275 -0.37338357 -0.68375 -0.68375 -0.6749502 -0.36297379 -0.695 -0.695 -0.695 -0.94625 -0.94625 -0.94625 -0.94624935 -0.74125 -0.74125 -0.74125 -0.74125 -0.9475 -0.9475 -0.9475 -0.9475 -0.75375 -0.75375 -0.75375 -0.44375623 -0.44375 -0.44375 -0.44374999 -0.6175 -0.6175 -0.25918712 -0.25875 -0.0075015189 -0.0075
0.0925 0.0925 0.0925 0.092498115 0.0575 0.057136459 0.055 0.055 0.055 0.17375 0.17375 0.17375 -0.048749992 -0.04875 -0.04875 -0.04874999 0.027955666 0.0275 0.0275 0.0275 0.016733278 -0.34750092 -0.3475 -0.3475 -0.3475 -0.34750001 -0.7625 -0.7625 -0.94625 -0.94625 -0.94625 -0.94625 -0.74124995 -0.74125 -0.74125 -0.7412444 -0.94749999 -0.9475 -0.9475 -0.94640878 -0.75375 -0.75375 -0.75375 -0.44376438 -0.44375 -0.44375 -0.44375 -0.6175 -0.6175 -0.61749996 -0.30875 -0.30875 -0.25125
0.0925 0.0925 0.0925 0.057500081 0.0575 0.0575 0.055000001 0.055 0.055 0.17375 0.17375 0.17375 -0.04875 -0.04875 -0.04875 -0.023998146 0.27625 0.27625 0.27624936 0.028905002 -0.3475 -0.3475 -0.3475 -0.3475 -0.3475 -0.34781231 -0.7625 -0.7625 -0.7625 -0.94625 -0.94625 -0.94625965 -0.6725 -0.6725 -0.6725 -0.5025 -0.5025 -0.69875 -0.69875 -0.69875 -0.19 -0.75357317 -0.75374734 -0.3975 -0.3975 -0.39925282 -0.44375017 -0.6175 -0.6175 -0.30875 -0.30875 -0.30875 -0.25125
0.0925 0.0925 0.0925 0.0575 0.0575 0.0575 0.0575 0.055 0.055 0.17375 0.17375 -0.039853209 -0.04875 -0.04875 -0.04875 0.27625 0.27625 0.27625 0.27625 0.27625 -0.3475 -0.3475 -0.3475 -0.3475 -0.3475 -0.76249858 -0.7625 -0.7625 -0.7625 -0.96125 -0.96125 -0.96125 -0.6725 -0.6725 -0.6725 -0.5025 -0.5025 -0.69875 -0.69875 -0.19 -0.19 -0.19 -0.3975 -0.3975 -0.3975 -0.3975 -0.3767578 -0.145 -0.145 -0.145 -0.30874999 0.1275 0.1275
0.0925 0.0925 0.092451261 0.0575 0.0575 0.0575 0.0575 -0.090061824 -0.0975 -0.0970343 0.17374999 -0.048747801 -0.04875 -0.04875 -0.048748876 0.27625 0.27625 0.27625 0.27625 0.27625 0.37537826 -0.3475 -0.3475 -0.3475 -0.34750541 -0.76247813 -0.7625 -0.7625 -0.7625 -0.96125 -0.96125 -0.96125 -0.96121125 -0.6725 -0.5025 -0.5025 -0.5025 -0.50250799 -0.6987153 -0.19 -0.19 -0.19 -0.3974874 -0.3975 -0.3975 -0.3975 -0.14499897 -0.145 -0.145 -0.145 0.1275 0.1275 0.1275
-0.0325 -0.032499782 0.05751523 0.0575 0.0575 0.0575 -0.097467018 -0.0975 -0.0975 -0.0975 -0.022500002 -0.0225 -0.0225 -0.0225 0.27487115 0.27625 0.27625 0.27625 0.27625 0.40624992 0.40625 0.40625 -0.37375 -0.37375 -0.37375 -0.37375 -0.40730413 -0.7625 -1.3187272 -1.31875 -1.31875 -1.31875 -1.31875 -0.38625 -0.38625 -0.38625 -0.38625 -0.38625 -0.07375 -0.07375 -0.07375 -0.07375 -0.073750001 -0.040538906 -0.04 -0.04 -0.04 -0.145 -0.145 -0.145 0.12745707 0.1275 0.1275
-0.0325 -0.0325 -0.031348758 0.1049999 0.10499999 0.10480257 -0.0975 -0.0975 -0.0975 -0.0975 -0.0225 -0.0225 -0.0225 -0.0225 -0.0225 0.27625 0.27625 0.27625 0.40624997 0.40625 0.40625 0.40625 -0.37375 -0.37375 -0.37375 -0.37375 -0.37375 -0.3738332 -1.3186501 -1.31875 -1.31875 -1.31875 -1.3187099 -0.52655815 -0.38639528 -0.38625 -0.38625 -0.38625 -0.07375 -0.07375 -0.07375 -0.07375 -0.073750002 -0.04 -0.04 -0.04 -0.04 -0.089100052 -0.145 -0.19444215 -0.195 -0.4675 -0.4675
-0.0325 -0.0325 0.10498258 0.105 0.105 0.105 0.053565854 -0.0975 -0.0975 -0.0975 -0.0225 -0.0225 -0.0225 -0.0225 -0.0225 0.27602537 0.27625 0.40621188 0.40625 0.40625 0.40625 0.40625 -0.084793946 -0.37375 -0.37375 -0.37375 -0.37375 -0.37423592 -1.06 -1.06 -1.06 -1.06 -1.06 -0.63375 -0.63375 -0.63375 -0.63375 -0.63375 -0.4625 -0.4625 -0.4625 -0.4625 -0.4625 -0.039850448 -0.039999969 -0.04 -0.039989618 -0.03877305 -0.195 -0.195 -0.195 -0.46749847 -0.4675
-0.032499774 0.087611743 0.105 0.105 0.105 0.105 0.105 -0.097413778 -0.0975 -0.0975 -0.0225 -0.0225 -0.0225 -0.0225 0.54217294 0.555 0.555 0.40625383 0.40625 0.40625 0.40625 0.40625 0.40624991 -0.37375 -0.37375 -0.37375 -0.37375 -0.78500025 -0.78500013 -0.84352668 -1.06 -1.06 -1.06 -0.63375 -0.63375 -0.63375 -0.63375 -0.63364333 -0.4625 -0.4625 -0.4625 -0.4625 -0.46249761 0.02125 0.02125 0.02125 0.02125 0.021232559 -0.195 -0.195 -0.195 -0.19500019 -0.50198454
