interpolatedSpi/05-10|21_2.tif
NCOLS 53
NROWS 52
XLLCORNER -116.03883
YLLCORNER 28.596182
DX 0.49850594
DY 0.49788537
NODATA_VALUE -9999
[rows 0 to 28 of 52, columns 0 to 52 of 53]
-0.82166667 -0.82166667 -1.0579402 -0.93833333 -0.85666667 -1.1666667 -1.0233333 -0.97333333 -1.0359253 -0.985 -1.3133333 -0.845 -1.1733208 -1.0216667 -1.0233333 -1.0233333 -1.0233333 -0.55333333 -0.94833333 -0.94833333 -0.94833333 -0.94832492 -0.075000012 -1.3083333 -1.3083333 -1.3083333 -1.0233304 -1.0233333 -1.0233333 -0.64 -0.64 -0.64 -0.64 -0.74333331 -0.74333333 -0.74333333 -0.74333333 -0.74333333 -0.74333333 -0.74333334 -1.1159861 -1.1197773 -0.245 -0.245 -0.245 -0.245 -0.24462161 -0.013333333 -0.013333333 -0.013333333 0.15666631 0.15666667 0.15666667
-0.82168822 -1.3066667 -0.92999934 -0.91075402 -1.1332874 -0.53833333 -0.90166667 -0.92491866 -1.335 -1.145 -1.045 -1.1733333 -1.1733333 -0.94027232 -1.0216657 -1.0233333 -0.55333333 -0.55333333 -0.94781831 -0.94833333 -0.94833333 -0.94833333 -1.2994728 -1.3083333 -1.3083333 -1.3083333 -1.1866667 -1.1866667 -0.64 -0.64 -0.64 -0.64 -0.64 -0.74333332 -0.74333333 -0.74333333 -0.74333333 -0.74333333 -0.74333337 -0.78760294 -0.98333777 -0.33459106 -0.245 -0.245 -0.245 -0.245 -0.245 -0.013333333 -0.013333333 -0.013333333 0.00076322939 0.15666667 0.15666667
-1.1833194 -1.1833333 -0.36166667 -0.61166667 -0.47166667 -0.78166667 -0.30166667 -0.60666667 -1.0433333 -0.91666667 -0.95833333 -1.1533333 -0.84666667 -0.84333333 -0.94 -1.2733333 -0.55333333 -0.55333333 -0.55333333 -0.88501841 -0.885 -0.885 -1.14 -1.3083333 -1.3083333 -1.3083333 -1.1866667 -1.1866667 -1.1866667 -0.64 -0.64 -0.63999999 -0.58142966 -0.74409257 -0.74775457 -1.2139807 -1.2183333 -1.2183333 -1.1887765 -0.98333333 -0.98333333 -0.98238919 -0.245 -0.245 -0.245 -0.245 -0.245 -0.013333333 -0.013333333 -0.013333333 -0.013333333 0.15666667 0.15666667
-0.20666667 -1.1833332 -0.60828942 -0.11 -0.46 -0.51833333 -0.3 -0.54833333 -0.31166667 -0.73680132 -0.87166667 -0.98166667 -0.96833333 -0.84333333 -0.81666667 -1.2733333 -1.5346519 -1.5359777 -1.3216667 -0.885 -0.885 -1.1416667 -1.14 -1.14 -1.3083333 -1.3083327 -1.1866667 -1.1866667 -1.1866667 -0.795 -0.64319916 -0.51833333 -0.51833333 -0.51833388 -1.2183333 -1.2183333 -1.2183333 -1.2183333 -0.98333333 -0.98333333 -0.98333333 -0.98333331 -0.245 -0.245 -0.245 -0.245 -0.245 -0.013336256 -0.013333333 -0.013333333 -0.013333333 0.15663689 0.15666667
-0.20666667 0.11333201 -0.60833333 -0.76156466 -0.46 -0.32333333 -0.80498412 -0.73833333 -0.85 -0.47833359 -0.76994517 -0.90835339 -1.0483333 -0.81666667 -0.81666667 -1.1263588 -1.5366667 -1.5366667 -1.3216667 -1.3216667 -0.88500047 -1.1416667 -0.98833333 -0.84166667 -0.785 -0.78488356 -1.1866667 -1.1866667 -0.795 -0.795 -0.51833333 -0.51833333 -0.51833333 -0.5334191 -1.2183333 -1.2183333 -1.2183333 -0.98333333 -0.98333333 -0.98333333 -0.98333333 -0.98332159 -0.24500001 -0.245 -0.245 -0.245 -0.245 -0.24293788 -0.013333333 -0.01336659 -0.755 -0.755 -0.755
-1.4083333 -0.49833333 -0.53833334 -0.65333333 -0.74666667 -0.62166667 -0.84333333 -0.82989033 -0.625 -0.37333333 -0.4 -0.18166667 -0.18166724 -1.2333333 -1.2333333 -1.5948258 -1.595 -1.3983333 -1.3983333 -1.3216661 -0.71 -0.71 -0.84166667 -0.785 -0.785 -0.28666667 -0.28333333 -0.28333333 -0.39503619 -0.795 -0.51833333 -0.51833333 -0.59833333 -0.59828927 -0.17669705 -0.835 -0.835 -0.93744303 -0.98333333 -0.98333333 -0.86181841 -0.86166667 -0.86166558 -1.1225636 -1.1382346 -1.1383331 -1.1383333 -1.138333 -0.32636544 -0.755 -0.755 -0.755 -0.755
-0.076667894 -0.56833333 -0.3731664 -0.435 -0.7 -0.98333333 -0.555 -0.51 -0.63166667 -0.63166667 -0.4 -0.835 -1.3899999 -1.2333333 -0.87333441 -0.87333333 -1.595 -0.8 -0.665 -0.665 -0.73984678 -0.77333333 -0.77333333 -0.19666667 -0.28666667 -0.28666667 -0.28333333 -0.28333333 -0.39499437 -0.39489628 -0.13550469 -0.59833333 -0.59833333 -0.17666667 -0.17666667 -0.82501493 -0.835 -0.835 -0.97332854 -0.86166682 -0.86166667 -0.86166667 -0.86165956 -1.1383285 -1.1383333 -1.1383333 -1.1383333 -1.1383328 -0.26333333 -0.75490257 -0.755 -0.755 -0.755
-0.076666667 0.066666667 -0.0033333333 -0.87833333 -0.8166702 -0.73166667 -0.34833333 -1.0483333 -0.86666667 -0.655 -0.655 -1.0433333 -1.39 -1.39 -0.87687815 -1.0296799 -1.045 -0.67166667 -0.6983333 -0.665 -0.036745521 -0.04 0.26666667 0.19333333 0.19333477 0.305 -0.50166667 -0.50166659 -0.29867207 -0.29833333 -0.135 -0.67089762 -0.865 -0.17666667 -0.18731458 -0.81666667 -0.81666667 -0.97333333 -0.97333333 -0.86166667 -0.86166667 -0.86166666 -0.27576992 -0.27500004 -1.1383333 -1.1383333 -1.1383333 -0.26336664 -0.26333333 -0.26333333 -0.755 -0.755 -0.755
0.064390934 0.06666667 0.435 -0.32 -0.25333333 -0.575 -0.59 -0.68166667 -0.84 -0.76291436 -0.82 -0.89666667 -0.89666667 -0.94833333 -0.94833029 -0.7209058 -0.72 -0.72 -0.67573737 -0.19333329 -0.0016666667 -0.0016666671 0.063333333 0.18653634 0.29374695 0.305 -0.53 -0.50166667 -0.33265454 -0.33166667 -0.61666667 -0.16833333 -0.055014334 -0.54166667 -0.55 -0.555 -0.7 -0.80666667 -0.75335796 -0.85965797 -0.41166667 -0.32166667 -0.2749764 -0.275 -0.27985931 -1.1383333 -0.94166668 -0.26333334 -0.26333333 -0.26333333 -0.26333334 -0.77782636 -0.23166667
0.051666667 0.051666667 0.64833333 0.12333333 -0.145 -0.59166667 -0.97833333 -0.58 -0.595 -0.74336421 -1.0116667 -0.35166667 -0.94833333 -0.94833333 -0.625 -0.62630297 -0.72 -0.71993402 -0.42333333 -0.19333333 -0.19333333 -0.16864023 0.063333333 -0.1283297 -0.12833333 -0.12833333 -0.53 0.024999999 0.025 -0.33166667 -0.33166667 -0.16790659 0.056666667 -0.54166667 -0.048333333 -0.555 -0.7 -0.57333333 -0.75333333 -0.76809025 -0.32166667 -0.25125995 -0.13 -0.275 -0.275 -0.94166667 -0.94166667 -0.94166667 -0.26333333 -0.26333333 -0.93833333 -0.93833333 -0.93833307
0.051666667 0.051666667 0.03 -0.27166667 -0.895 -0.063333333 -0.57666667 -0.95658358 -0.91333333 -0.78666667 -0.79333333 -0.95 -0.35246411 -0.625 -0.625 -0.62498462 -0.49166667 -0.48808021 -0.42333333 -0.81666667 -0.81666667 -0.195 -0.195 -0.12833333 -0.12833333 -0.12833333 0.025 0.025 0.025 0.011666667 0.011666667 0.011666741 -0.25333333 -0.25333333 -0.5 -0.64333333 -0.35333333 -1.0566545 -1.0166667 -0.76833333 -0.76833333 -0.5766652 -0.13 -0.275 -0.62333347 -0.89 -0.66287256 -0.66166667 -0.6 -0.6 -0.93833333 -0.93833333 -0.93833333
0.051666667 0.042217015 -0.098731926 -0.68498934 -0.24166667 -0.63 -0.57666667 -0.95666667 -0.9133337 -0.78806998 -0.94999979 -0.95 -0.74333333 -0.625 -0.625 -0.49166667 -0.49166667 -0.49166278 -0.42333333 -0.81666667 -0.69458398 -0.195 -0.195 -0.12833666 -0.12833333 -0.18366779 -0.29666667 -0.29666667 -0.29666663 0.011666667 0.011666667 -0.29666667 -0.29666667 -0.25333401 -0.5 -0.51333341 -0.23734416 -1.0566667 -1.0566667 -0.76833333 -0.57666667 -0.57666667 -0.57666693 -0.62333333 -0.62333333 -0.89 -0.66166667 -0.66166667 -0.6 -0.6 -0.93833333 -0.93833333 -0.93833333
-1.0533333 -0.4026925 -0.4349937 -0.43680453 -0.24166883 -0.62999083 -0.57666667 -0.95198909 -0.91631944 -0.91002573 -0.74333333 -0.74333333 -0.74333333 -0.74333333 -0.62501676 -0.49166667 -0.49166667 -0.49078437 -0.42333333 -0.81667814 -0.865 -0.865 -0.865 -0.865 -0.14093496 -0.29666667 -0.29666667 -0.29666667 -0.29666667 -0.29651493 -0.29666667 -0.29666667 -0.29666667 -0.29666667 -0.51333333 -0.51333333 -0.51333333 -1.0288045 -1.0562035 -0.995 -0.995 -0.57668917 -1.1083167 -0.62338005 -0.62333333 -0.89 -0.66166667 -0.66166667 -0.6 -0.6 -0.9371059 -0.93833333 -0.52145332
-1.0533333 -0.435 -0.435 -0.435 -0.435 -0.43500008 -0.57680311 -0.75646291 -0.92428608 -0.7435133 -0.74333333 -0.74333333 -0.74333333 -0.74333333 -0.74333351 -0.49166667 -0.49166666 -0.48697947 -0.42333572 -0.865 -0.865 -0.865 -0.865 -0.865 -0.85433351 -0.36351374 -0.39833331 -0.39833333 -0.39833333 -0.39833333 -0.29666666 -0.29666667 -0.29666674 -0.355 -0.355 -0.51333333 -0.52629589 -0.52666667 -0.99499973 -0.995 -0.995 -0.995 -1.1083333 -1.1083333 -1.1083333 -1.1068139 -1.1899215 -1.1933333 -1.1933333 -1.1933333 -1.1933333 -0.45833343 -0.45833333
-1.53 -0.435 -0.435 -0.435 -0.435 -0.435 -0.43500001 -0.71229767 -0.99457808 -0.995 -0.995 -0.995 -0.995 -0.995 -0.995 -1.047192 -0.50049462 -0.48230969 -0.86494449 -0.865 -0.865 -0.865 -0.865 -0.86499997 -0.37166667 -0.37166667 -0.3716667 -0.39833333 -0.39833333 -0.39780936 -0.13666667 -0.13666667 -0.355 -0.355 -0.355 -0.4991674 -0.52666667 -0.52666667 -0.52666667 -0.995 -0.995 -0.995 -1.1083333 -1.1083333 -1.1083333 -1.1083333 -1.1933333 -1.1933333 -1.1933333 -1.1933333 -1.1933333 -0.45833333 -0.45833333
-1.53 -1.1223439 -0.435 -0.435 -0.435 -0.435 -0.82825614 -0.82833333 -0.82833334 -0.995 -0.995 -0.995 -0.995 -0.995 -1.0067657 -1.0483333 -1.0483333 -1.0483333 -0.83509168 -0.83500003 -0.835 -0.835 -0.835 -0.835 -0.37166667 -0.37166667 -0.37166667 -0.37166667 -0.39833333 -0.13666667 -0.13666667 -0.13666667 -0.35499998 -0.355 -0.355 -0.22 -0.52626063 -0.52666667 -0.52666667 -0.99489097 -0.77760262 -0.27050518 -1.1083333 -1.1083333 -0.99368823 -0.99333333 -0.99333333 -1.1924131 -0.63529028 -0.63333338 -0.63333344 -0.020066499 -0.45833244
-1.53 -0.99963713 -0.71332532 -0.435 -0.435 -0.82810093 -0.82833333 -0.82833333 -0.82833333 -0.82953438 -0.995 -0.995 -0.995 -0.99500001 -1.0483333 -1.0483333 -1.0483333 -1.0483333 -0.83519057 -0.835 -0.835 -0.835 -0.835 -0.835 -0.37166668 -0.37166667 -0.37166667 -0.37166667 -0.37081189 -0.13666667 -0.13666667 -0.13666667 -0.13666667 -0.354981 -0.22 -0.22 -0.22 -0.21602886 -0.28467422 -0.26833333 -0.26833333 -0.26833333 -0.775 -0.775 -0.99333333 -0.99333333 -0.99333333 -0.63333334 -0.63333333 -0.63333333 -0.63333333 -0.02 -0.02
-0.98528024 -0.985 -0.985 -0.985 -0.63166667 -0.82832826 -0.82833333 -0.82833333 -0.82833333 -0.82833333 -0.97190894 -0.99499603 -0.99499999 -1.0483333 -1.0483333 -1.0483333 -1.0483333 -1.0483333 -1.0196147 -0.835 -0.835 -0.835 -0.835 -0.835 -0.50514206 -0.32666691 -0.32666667 -0.32666667 -0.32666667 -0.13666667 -0.13666667 -0.13666667 -0.13666667 -0.13666667 -0.22 -0.21999043 0.14333333 0.14333333 -0.26319306 -0.26833333 -0.26833333 -0.26833333 -0.775 -0.775 -0.95952782 -0.99333333 -0.99333333 -0.63333333 -0.63333333 -0.63333333 -0.62675681 -0.02 -0.02
-0.985 -0.985 -0.985 -0.81861006 -0.63166667 -0.63166667 -0.82833333 -0.82833333 -0.82833333 -0.82833333 -0.69 -0.69 -0.69 -1.0483333 -1.0483333 -1.0483333 -1.0483333 -1.0482339 -0.85833333 -0.85833333 -0.83500001 -0.835 -0.83118583 -0.67833333 -0.67516743 -0.32666667 -0.32666667 -0.32666667 -0.32666667 -0.13668601 -0.13666667 -0.13666667 -0.13666667 -0.13666667 0.14333206 0.14333333 0.14333333 0.14333333 0.14186189 -0.26833333 -0.26833333 -0.26833333 -0.775 -0.775 -0.775 -0.99333333 -0.99333333 -0.63333333 -0.63333333 -0.63333333 -0.02 -0.02 -0.02
-0.985 -0.985 -0.985 -0.63166667 -0.63166667 -0.63166667 -0.63166697 -0.82833333 -0.82833333 -0.6901428 -0.69 -0.69 -0.69 -0.69022325 -0.56133085 -0.44666667 -0.44666667 -0.44666667 -0.85833333 -0.85833333 -0.85833333 -0.67833333 -0.67833333 -0.67833333 -0.67819514 -0.25235906 -0.32666667 -0.32666667 -0.32666667 -0.19662148 -0.20499328 -0.205 -0.205 -0.205 -0.027369455 -0.26666574 -0.26666667 -0.26666667 -0.26666667 -0.2799984 -0.28 -0.28 -0.775 -0.775 -0.58000081 -0.57999989 -0.26666667 -0.26666667 0.005 0.005 0.005 -0.02 0.348004
-0.98499659 -0.985 -0.98499999 -0.63166667 -0.63166667 -0.63166667 -0.63166666 -0.22500018 -0.82592097 -0.68952545 -0.69 -0.69 -0.69 -0.68952251 -0.44666667 -0.44666667 -0.44666667 -0.44666678 -0.85833333 -0.85833333 -0.85833333 -0.67833333 -0.67833333 -0.67833333 -0.185 -0.185 -0.32833333 -0.32833333 -0.32833333 -0.32766051 -0.205 -0.205 -0.205 -0.205 -0.23581645 -0.26666667 -0.26666667 -0.26666667 -0.26666667 -0.28 -0.28 -0.28 -0.28943915 -0.58 -0.58 -0.58 -0.26666667 -0.26666667 0.0049999997 0.005 0.005 0.34833332 0.34833333
0.11333333 -0.3940023 -0.28166667 -0.28176821 -0.63166667 -0.22735296 -0.225 -0.225 -0.21467594 -0.16666667 -0.16666667 -0.16666667 -0.16666667 0.16165598 0.16166666 -0.4466662 -0.44666667 -0.45751348 -0.85833333 -0.85833333 -0.85833333 0.15 0.15 0.15 -0.185 -0.185 -0.32833333 -0.32833333 -0.32833333 -0.32833325 -0.2199999 -0.21999996 -0.205377 -0.20501608 -0.58789384 -0.58833333 -0.58833333 -0.58833333 -0.58833333 -0.28 -0.28 -0.28 -0.56348098 -0.58 -0.58 -0.57999996 -0.26666667 -0.26666667 -0.26665689 0.005 0.0049814427 -0.41 0.34833333
-0.17827794 -0.17833335 -0.28166667 -0.28166667 -0.28166667 -0.225 -0.225 -0.225 -0.19666667 -0.19666667 -0.16666667 -0.16666667 -0.16666667 0.16166667 0.16166667 0.16166667 0.16166667 0.16155116 -0.85833333 -0.85833333 -0.85833329 0.15 0.15 0.15 -0.185 -0.185 -0.32833333 -0.32833333 -0.32833333 -0.22122147 -0.22 -0.22 -0.22 -0.22 -0.58815158 -0.58833333 -0.58833333 -0.58833333 -0.58833333 -0.16333336 -0.16333333 -0.16333333 -0.16333333 -0.57999843 -0.375 -0.375 -0.375 -0.435 -0.435 -0.435 -0.41 -0.41 -0.41
-0.17833333 -0.17833333 -0.28166667 -0.28166667 -0.28166667 -0.22529785 -0.225 -0.19666667 -0.19666667 -0.19666667 -0.16667036 -0.16666667 -0.034564836 0.16166663 0.16166667 0.16166667 0.16166667 0.025 0.025 0.025 -0.49333332 -0.49333286 0.14999687 0.15 0.14945932 -0.60333333 -0.60333333 -0.60333268 -0.32837778 -0.16001196 -0.16000032 -0.16001048 -0.21989745 -0.21994822 -0.52269293 -0.58833325 -0.58760165 -0.37 -0.37 -0.16333333 -0.16333333 -0.16333333 -0.16333333 -0.375 -0.375 -0.375 -0.375 -0.435 -0.435 -0.435 -0.41 -0.41 -0.41
-0.17833333 -0.17833333 -0.28166667 -0.28166667 -0.28166667 -0.28166667 -0.21439566 -0.19666667 -0.19666667 -0.19666667 -0.19656079 -0.005 -0.005 -0.005 0.16068446 0.16166667 0.025910713 0.025 0.025 0.025 -0.49333333 -0.49333333 -0.49333333 -0.49333333 -0.60333333 -0.60333333 -0.60333333 -0.60333333 -0.60333333 -0.16 -0.16 -0.16 -0.16 -0.1600004 -0.35 -0.37 -0.37 -0.37 -0.37 -0.36999965 -0.29166667 -0.29166667 -0.29166667 -0.4055599 -0.64166667 -0.64166667 -0.64166667 -0.43500001 -0.43500007 -0.50333333 -0.50333333 -0.3883386 -0.38833333
-0.17833333 -0.17833333 -0.24437059 -0.28166667 -0.28166667 -0.28166666 -0.090189283 -0.19633051 -0.19666667 -0.19666667 -0.0049999542 -0.005 -0.005 -0.005 -0.005 0.0086655927 0.025 0.025 0.025 0.025 -0.49332932 -0.49333333 -0.49333333 -0.49333333 -0.60333333 -0.60333333 -0.60333333 -0.60333333 -0.60333333 -0.27453824 -0.16 -0.16 -0.16 -0.35 -0.35 -0.35001553 -0.37 -0.37 -0.23962298 -0.13833335 -0.29166667 -0.29166667 -0.29166667 -0.40203634 -0.64166667 -0.64166667 -0.64166667 0.21166667 -0.4944245 -0.50333333 -0.50333333 -0.38833333 -0.38833333
-0.14166667 -0.14166667 -0.14166667 -0.24656482 -0.28134632 -0.09 -0.09 -0.09 -0.09 0.21333333 0.21333333 -0.0049999846 -0.005 -0.005 -0.005 -0.0049980891 0.025 0.025 0.025 0.025 -0.26714948 -0.49333333 -0.49333333 -0.49272269 -0.47593718 -0.60333333 -0.60333333 -0.60333333 -0.315 -0.315 -0.315 -0.31499935 -0.35 -0.35 -0.35 -0.35 -0.13833333 -0.13833333 -0.13833333 -0.13833333 -0.21333333 -0.21333333 -0.21333333 -0.055003183 -0.055 -0.055 -0.055000186 0.21166667 0.21166667 -0.50246215 -0.50333333 -0.38832887 -0.38833333
-0.14166667 -0.14166667 -0.14166667 -0.14166245 -0.063333333 -0.067211105 -0.09 -0.09 -0.09 0.21333333 0.21333333 0.21333333 0.23333332 0.23333333 0.23333333 0.23333332 0.024801553 0.025 0.025 0.025 0.017141497 -0.47000006 -0.47 -0.47 -0.47 -0.47000001 -0.60833333 -0.60833333 -0.315 -0.315 -0.315 -0.315 -0.34999962 -0.35 -0.35 -0.34995656 -0.13833334 -0.13833333 -0.13833333 -0.13957627 -0.21333333 -0.21333333 -0.21333333 -0.055007342 -0.055 -0.055 -0.055 0.21166667 0.21166667 0.2116667 0.49666667 0.49666667 0.58833333
-0.14166667 -0.14166667 -0.14166667 -0.063333514 -0.063333333 -0.063333333 -0.08999999 -0.09 -0.09 0.21333333 0.21333333 0.21333333 0.23333333 0.23333333 0.23333333 0.20921614 -0.083333333 -0.083333333 -0.083333053 0.024388101 -0.47 -0.47 -0.47 -0.47 -0.47 -0.4701041 -0.60833333 -0.60833333 -0.60833333 -0.315 -0.315 -0.3152049 0.18333333 0.18333333 0.18333333 -0.42 -0.42 -0.42166667 -0.42166667 -0.42166667 -0.20333333 -0.2133302 -0.21333163 0.015 0.015 0.01234708 -0.054999363 0.21166667 0.21166667 0.49666667 0.49666667 0.49666667 0.58833333
