interpolatedSpi/05-11|19_3.tif
NCOLS 53
NROWS 52
XLLCORNER -116.03883
YLLCORNER 28.596182
DX 0.49850594
DY 0.49788537
NODATA_VALUE -9999
[rows 0 to 26 of 52, columns 0 to 52 of 53]
0.61571429 0.61571429 0.41931257 -0.15857143 0.06 0.068571429 0.22857143 0.17142857 -0.39499154 -0.56571429 -0.49 0.17571429 -0.17717415 -0.55714286 -0.26857143 -0.26857143 -0.26857143 0.022857143 0.25571429 0.25571429 0.25571429 0.25570892 -0.30142857 0.15857143 0.15857143 0.15857143 -0.57856807 -0.57857143 -0.57857143 -0.23 -0.23 -0.23 -0.23 -0.14285716 -0.14285714 -0.14285714 -0.14285714 -0.14285714 -0.14285714 -0.14285714 0.06207869 0.064264281 -0.02 -0.02 -0.02 -0.02 -0.020968338 -0.61285714 -0.61285714 -0.61285714 0.81428275 0.81428571 0.81428571
0.61571746 0.68714286 0.46000051 0.41875861 0.35564659 0.48142857 0.82571429 -0.13531922 -0.32714286 -0.21571429 0.37 -0.17714286 -0.17714286 0.1917801 -0.55713123 -0.26857143 0.022857143 0.022857143 0.25541067 0.25571429 0.25571429 0.25571429 0.1283427 0.15857143 0.15857143 0.15857143 0.03142858 0.031428571 -0.23 -0.23 -0.23 -0.23 -0.23 -0.14285716 -0.14285714 -0.14285714 -0.14285714 -0.14285714 -0.14285711 -0.050239303 0.41996731 0.033390394 -0.02 -0.02 -0.02 -0.02 -0.02 -0.61285714 -0.61285714 -0.61285714 -0.49451709 0.81428571 0.81428571
0.30857901 0.30857143 0.90285714 0.67 0.17714286 0.28571429 0.51571429 0.75 0.041428571 -0.17142857 0.087142857 0.021428571 0.28571429 -0.40142857 0.19428571 -0.61428571 0.022857143 0.022857143 0.022857143 -0.0099227561 -0.01 -0.01 -0.41571429 0.15857143 0.15857143 0.15857143 0.031428571 0.031428571 0.031428571 -0.23 -0.23 -0.23000001 -0.3641043 -0.14232493 -0.13893454 0.27470968 0.27857143 0.27857143 0.29635942 0.42 0.42 0.41943735 -0.02 -0.02 -0.02 -0.02 -0.02 -0.61285714 -0.61285714 -0.61285714 -0.61285714 0.81428571 0.81428571
0.49 0.30857125 -0.56000197 0.46428571 -0.22857143 0.45714286 0.32428571 0.0014285714 -0.05 -0.064920244 -0.24857143 -0.48285714 0.07 -0.40142857 -0.0085714286 -0.61428571 -0.23010487 -0.22696769 -0.32714286 -0.01 -0.01 -0.26428571 -0.41571429 -0.41571429 0.15857143 0.15857079 0.031428571 0.031428571 0.031428571 -1.05 -0.7529302 -0.50857143 -0.50857143 -0.50857081 0.27857143 0.27857143 0.27857143 0.27857143 0.42 0.42 0.42 0.41999998 -0.02 -0.02 -0.02 -0.02 -0.02 -0.61284966 -0.61285714 -0.61285714 -0.61285714 0.81423751 0.81428571
0.49 0.59999787 -0.56 -0.51355907 -0.22857143 0.031428571 0.028572591 -0.047142857 -0.041428571 -0.2114288 -0.24484268 -0.26001473 -0.36285714 -0.0085714286 -0.0085714286 -0.40777124 -0.22714286 -0.22714286 -0.32714286 -0.32714286 -0.010000507 -0.26428571 -0.11285714 -0.078571429 0.10857143 0.10871273 0.031428571 0.031428571 -1.05 -1.05 -0.50857143 -0.50857143 -0.50857143 -0.47570593 0.27857143 0.27857143 0.27857143 0.42 0.42 0.42 0.42 0.41996318 -0.019999999 -0.02 -0.02 -0.02 -0.02 -0.025277163 -0.61285714 -0.61285932 -0.66142857 -0.66142857 -0.66142857
-1.3971429 0.56142857 0.10142862 -0.40571429 0.20285714 0.42 -0.51857143 -0.45821507 -0.55285714 -0.35857143 -0.51571429 -0.62285714 -0.62285697 -0.79142857 -0.79142857 -0.045614607 -0.045714286 -0.03 -0.030000001 -0.32714234 -0.25857143 -0.25857143 -0.078571429 0.10857143 0.10857143 0.71285714 -0.75857143 -0.75857143 -0.39148835 -1.05 -0.50857143 -0.50857143 -0.33428571 -0.33434318 -0.88424625 -0.74857143 -0.74857143 0.058475752 0.42 0.42 0.039047152 0.03857143 0.038572745 0.28031759 0.2856805 0.2857142 0.28571428 0.28571418 0.5675851 -0.66142857 -0.66142857 -0.66142857 -0.66142857
-0.090007947 0.51857143 0.6234806 0.51428571 0.68 -0.53142857 -0.26142857 -0.27857143 -0.88285714 -0.88285714 -0.51571429 -0.33142857 -0.31571425 -0.79142857 0.36713939 0.36714286 -0.045714286 0.25857143 0.26 0.26 -0.15758609 -0.044285714 -0.044285714 0.71999999 0.71285714 0.71285714 -0.75857143 -0.75857143 -0.39142749 -0.39140865 0.021635447 -0.33428571 -0.33428571 -0.88428571 -0.88428571 -0.27862488 -0.74857143 -0.74857143 -0.30430111 0.038570951 0.038571429 0.038571429 0.038579954 0.28571673 0.28571429 0.28571429 0.28571429 0.2857146 0.81857143 -0.66113528 -0.66142857 -0.66142857 -0.66142857
-0.09 -0.22857143 1.16 -0.30142857 0.16711599 -0.68142857 -0.91571429 -0.55142857 -0.86285714 -0.42285714 -0.42285714 -0.17714286 -0.31571429 -0.31571429 0.36245782 0.43610017 0.44285714 0.21285714 0.010000256 0.26 0.25729005 0.24285714 0.30285714 0.098571429 0.098573934 0.29285714 0.41857143 0.41857101 -0.37292222 -0.37285714 0.022857143 -0.10672982 -0.51428571 -0.88428571 -0.84549688 0.11428571 0.11428571 -0.30428572 -0.30428571 0.038571429 0.038571429 0.03857144 0.72436738 0.72428569 0.28571429 0.28571429 0.28571429 0.81855115 0.81857143 0.81857143 -0.66142857 -0.66142857 -0.66142857
-0.19671117 -0.22857142 0.93428571 0.87 0.62714286 -0.10571429 -0.19142857 -0.051428571 -0.87285714 -0.43768405 -0.51 -0.22428572 -0.22428571 -0.031428571 -0.031425334 0.33743749 0.33714286 0.33714286 0.18189069 0.52571426 0.41285714 0.41285714 0.66 0.44360127 0.27327827 0.29285714 0.31428571 0.41857143 0.42425251 0.42428571 0.0071428571 0.73 0.73934868 0.74714286 0.47571429 0.31571429 0.20428571 -0.25142857 0.3511502 0.040969113 0.57571429 0.83142857 0.72427688 0.72428571 0.7218172 0.28571429 0.6342857 0.81857143 0.81857143 0.81857143 0.81857143 -0.55435217 0.19857143
-0.018571429 -0.018571429 0.53714286 0.76142857 0.18428571 -0.38285714 -0.29857143 -0.12142857 -0.20714286 -0.32715979 -0.32428571 -0.31714286 -0.031428571 -0.031428571 0.31285714 0.31319023 0.33714286 0.33707222 -0.037142857 0.52571429 0.52571429 0.51117453 0.66 0.22143688 0.22142857 0.22142857 0.31428571 0.74714286 0.74714286 0.42428571 0.42428571 0.73003522 0.74857143 0.74714286 0.68 0.31571429 0.20428571 0.03 0.35142857 0.93467734 0.83142856 0.7721295 0.67 0.72428571 0.72428571 0.63428571 0.63428571 0.63428571 0.81857143 0.81857143 0.19857143 0.19857143 0.19857143
-0.018571429 -0.018571429 0.14857143 -0.49285714 -0.38714286 0.11285714 -0.41285714 -0.2844059 -0.48428571 -0.28142857 -0.12571429 -0.51 -0.31739918 0.31285714 0.31285714 0.3128906 0.60285714 0.56926694 -0.037142857 0.84857143 0.84857143 1.51 1.51 0.22142857 0.22142857 0.22142857 0.74714286 0.74714286 0.74714286 0.63714286 0.63714286 0.63714304 0.81714286 0.81714286 0.13571429 0.44 0.62285714 0.12571395 0.92428571 0.94428571 0.94428571 0.80142814 0.67 0.72428571 0.68428574 0.70857143 0.72816536 0.72857143 1.1385714 1.1385714 0.19857143 0.19857143 0.19857143
-0.018571429 0.053411766 -0.12514902 -0.52997728 0.28714286 0.10714286 -0.41285714 -0.28428571 -0.48428404 -0.28367598 -0.5099997 -0.51 0.56142857 0.31285714 0.31285714 0.60285713 0.60285714 0.60282072 -0.037142857 0.84857143 0.97846254 1.51 1.51 0.22148023 0.22142857 0.45528906 0.93285714 0.93285714 0.93285712 0.63714286 0.63714286 0.60285714 0.60285714 0.81714099 0.13571429 0.61571416 0.53672421 0.12571429 0.12571429 0.94428571 0.80142857 0.80142857 0.8014277 0.68428571 0.68428571 0.70857143 0.72857143 0.72857143 1.1385714 1.1385714 0.19857143 0.19857143 0.19857143
-0.59 -0.037555817 -0.044301678 -0.047791441 0.28714169 0.10714711 -0.41285713 -0.28586836 -0.47050367 -0.47898857 0.56142857 0.56142857 0.56142857 0.56142857 0.31289235 0.60285714 0.60285714 0.59459372 -0.037142857 0.84869108 1.2814286 1.2814286 1.2814286 1.2814286 0.23995819 0.93285714 0.93285714 0.93285714 0.93285714 0.9326886 0.60285714 0.60285714 0.60285714 0.60285714 0.61571429 0.61571429 0.61571429 0.14929384 0.13127209 0.86571429 0.86571429 0.80143203 0.56714687 0.68427443 0.68428571 0.70857143 0.72857143 0.72857143 1.1385714 1.1385714 0.20198165 0.19857143 -0.31711682
-0.59 -0.044285714 -0.044285714 -0.044285714 -0.044285714 -0.044285649 -0.41152599 -0.35204786 -0.43373442 0.5603075 0.56142857 0.56142857 0.56142857 0.56142857 0.56142876 0.60285714 0.60285704 0.55895751 -0.037129669 1.2814286 1.2814286 1.2814286 1.2814286 1.2814286 1.2809331 0.97233653 0.94714285 0.94714286 0.94714286 0.94714286 0.60285715 0.60285714 0.60285771 1.0742857 1.0742857 0.61571429 1.1629193 1.1785714 0.86571447 0.86571429 0.86571429 0.86571429 0.56714286 0.56714286 0.56714286 0.56812707 0.060087978 0.055714286 0.055714286 0.055714286 0.055714305 0.95857127 0.95857143
0.15428571 -0.044285714 -0.044285714 -0.044285714 -0.044285714 -0.044285714 -0.044285735 -0.25548313 0.82023665 0.82714286 0.82714286 0.82714286 0.82714286 0.82714286 0.82714285 1.2050151 0.61248063 0.51521995 1.281263 1.2814286 1.2814286 1.2814286 1.2814286 1.2814289 1.2585714 1.2585714 1.258571 0.94714286 0.94714286 0.94766635 1.2085714 1.2085714 1.0742857 1.0742857 1.0742857 1.161866 1.1785714 1.1785714 1.1785714 0.86571429 0.86571429 0.86571429 0.56714286 0.56714286 0.56714286 0.56714286 0.055714301 0.055714286 0.055714286 0.055714286 0.055714286 0.95857143 0.95857143
0.15428571 0.080359827 -0.044285714 -0.044285714 -0.044285714 -0.044285714 0.062836114 0.062857143 0.062857162 0.82714286 0.82714286 0.82714286 0.82714286 0.82714286 0.91223413 1.2128571 1.2128571 1.2128571 1.5919083 1.5928568 1.5928571 1.5928571 1.5928571 1.5928571 1.2585714 1.2585714 1.2585714 1.2585714 0.94714286 1.2085714 1.2085714 1.2085714 1.0742857 1.0742857 1.0742857 1.1857143 1.1785809 1.1785714 1.1785714 0.86574972 0.93623309 1.1007241 0.56714286 0.56714286 0.97445341 0.97571429 0.97571429 0.056896137 0.77035105 0.77285708 0.77285701 0.87715516 0.95857126
0.15428571 -0.19048485 -0.12308431 -0.044285714 -0.044285714 0.062793838 0.062857143 0.062857143 0.062857143 0.068364805 0.82714286 0.82714286 0.82714286 0.8271429 1.2128571 1.2128571 1.2128571 1.2128571 1.5925177 1.5928571 1.5928571 1.5928571 1.5928571 1.5928571 1.2585714 1.2585714 1.2585714 1.2585714 1.2583896 1.2085714 1.2085714 1.2085714 1.68 1.0743117 1.1857143 1.1857143 1.1857143 1.1890429 1.1063245 1.1014286 1.1014286 1.1014286 1.0942857 1.0942857 0.97571429 0.97571429 0.97571429 0.77285715 0.77285714 0.77285714 0.77285714 0.87714286 0.87714286
-0.19977398 -0.2 -0.2 -0.2 -0.097142857 0.062853016 0.062857143 0.062857143 0.062857143 0.062857143 0.79934685 0.82713807 0.82714285 1.2128571 1.2128571 1.2128571 1.2128571 1.2128571 1.2467054 1.5928571 1.5928571 1.5928571 1.5928571 1.5928571 1.5531476 1.7442831 1.7442857 1.7442857 1.7442857 1.2085715 1.68 1.68 1.68 1.68 1.1857143 1.1857223 1.4885714 1.4885714 1.1062626 1.1014286 1.1014286 1.1014286 1.0942857 1.0942857 0.99407323 0.97571429 0.97571429 0.77285714 0.77285714 0.77285714 0.77397536 0.87714286 0.87714286
-0.2 -0.2 -0.2 -0.15156304 -0.097142857 -0.097142857 0.062857143 0.062857143 0.062857143 0.062857143 0.46 0.46 0.46 1.2128571 1.2128571 1.2128571 1.2128571 1.2128772 1.2771429 1.2771429 1.592857 1.5928571 1.588301 1.4057143 1.4087623 1.7442857 1.7442857 1.7442857 1.7442857 1.6800065 1.68 1.68 1.68 1.68 1.4885704 1.4885714 1.4885714 1.4885714 1.487232 1.1014286 1.1014286 1.1014286 1.0942857 1.0942857 1.0942857 0.97571429 0.97571429 0.77285715 0.77285714 0.77285714 0.87714286 0.87714286 0.87714286
-0.2 -0.2 -0.2 -0.097142857 -0.097142857 -0.097142857 -0.097142613 0.062857143 0.062857143 0.45959003 0.46 0.46 0.46 0.46046907 1.3111441 1.3342857 1.3342857 1.3342857 1.2771429 1.2771429 1.2771429 1.4057143 1.4057143 1.4057143 1.4057299 1.5959203 1.7442857 1.7442857 1.7442857 2.0079061 2.0813891 2.0814286 2.0814286 2.0814286 1.6495121 1.8742848 1.8742857 1.8742857 1.8742857 1.3756768 1.3757143 1.3757143 1.0942857 1.0942857 1.2699993 1.27 1.35 1.35 1.1971429 1.1971429 1.1971429 0.87714286 1.1654563
-0.19999894 -0.2 -0.2 -0.097142857 -0.097142857 -0.097142857 -0.097142855 0.11714284 0.063074199 0.45981346 0.46 0.46 0.46 0.46171559 1.3342857 1.3342857 1.3342857 1.3342857 1.2771429 1.2771429 1.2771429 1.4057143 1.4057143 1.4057143 1.4614286 1.4614286 1.6571429 1.6571429 1.6571429 1.6594575 2.0814286 2.0814286 2.0814286 2.0814286 1.977914 1.8742857 1.8742857 1.8742857 1.8742857 1.3757143 1.3757143 1.3757143 1.3723881 1.27 1.27 1.27 1.35 1.35 1.1971429 1.1971429 1.1971429 1.1657143 1.1657143
0.14285714 -0.0056293182 0.14714286 0.14707199 -0.097142857 0.11590301 0.11714286 0.11714286 0.24415484 0.25428572 0.25428571 0.25428571 0.25428571 0.70569959 0.70571429 1.3342852 1.3342857 1.3327801 1.2771429 1.2771429 1.2771429 1.0785714 1.0785714 1.0785714 1.4614286 1.4614286 1.6571429 1.6571429 1.6571429 1.6571431 2.0000005 2.0000002 2.079382 2.0813413 1.7232669 1.7228571 1.7228571 1.7228571 1.7228571 1.3757143 1.3757143 1.3757143 1.2758207 1.27 1.27 1.2699999 1.35 1.35 1.3499945 1.1971429 1.1971441 1.2242857 1.1657143
0.54420948 0.54428565 0.14714286 0.14714286 0.14714286 0.11714286 0.11714286 0.11714286 0.46571429 0.46571429 0.25428571 0.25428571 0.25428571 0.70571429 0.70571429 0.70571429 0.70571429 0.70578009 1.2771429 1.2771429 1.2771428 1.0785714 1.0785714 1.0785714 1.4614286 1.4614286 1.6571429 1.6571429 1.6571429 1.9961343 2 2 2 2 1.7229939 1.7228571 1.7228571 1.7228571 1.7228571 0.97428582 0.97428571 0.97428571 0.97428571 1.2699946 0.56285714 0.56285714 0.56285714 0.93714286 0.93714286 0.93714286 1.2242857 1.2242857 1.2242857
0.54428571 0.54428571 0.14714286 0.14714286 0.14714286 0.11730054 0.11714286 0.46571429 0.46571429 0.46571429 0.25431174 0.25428571 0.16907128 0.70571416 0.70571429 0.70571429 0.70571429 0.06857143 0.068571429 0.068571429 0.41428573 0.41428621 1.0785682 1.0785714 1.0787026 1.1185714 1.1185714 1.1185727 1.6570558 1.7343387 1.7342871 1.7343321 1.9995459 1.9997707 1.7720431 1.7228567 1.7187734 0.50428571 0.50428571 0.97428571 0.97428571 0.97428571 0.97428571 0.56285714 0.56285714 0.56285714 0.56285714 0.93714286 0.93714286 0.93714286 1.2242857 1.2242857 1.2242857
0.54428571 0.54428571 0.14714286 0.14714286 0.14714286 0.14714286 0.24760296 0.46571429 0.46571429 0.46571429 0.46553989 0.15 0.15 0.15 0.70243933 0.70571429 0.072817191 0.068571429 0.068571429 0.068571429 0.41428571 0.41428571 0.41428571 0.41428571 1.1185714 1.1185714 1.1185714 1.1185714 1.1185714 1.7342857 1.7342857 1.7342857 1.7342857 1.734285 1.3728571 0.50428571 0.50428571 0.50428571 0.50428571 0.5042861 0.55285714 0.55285714 0.55285714 0.58167903 0.64142857 0.64142857 0.64142857 0.93714285 0.93714273 0.80571429 0.80571429 1.3771057 1.3771429
0.54428571 0.54428571 0.29048354 0.14714286 0.14714286 0.14714286 0.29601595 0.46517854 0.46571429 0.46571429 0.15000002 0.15 0.15 0.15 0.15 0.195538 0.068571429 0.068571429 0.068571429 0.068571429 0.41428304 0.41428571 0.41428571 0.41428571 1.1185714 1.1185714 1.1185714 1.1185714 1.1185714 1.0333328 1.7342857 1.7342857 1.7342857 1.3728571 1.3728571 1.3721827 0.50428571 0.50428571 0.72296537 0.89285711 0.55285714 0.55285714 0.55285714 0.58206115 0.64142857 0.64142857 0.64142857 0.84857143 0.80624828 0.80571429 0.80571429 1.3771429 1.3771429
0.53285714 0.53285714 0.53285714 0.24385203 0.14760113 0.29571429 0.29571429 0.29571429 0.29571429 0.25857143 0.25857143 0.15000001 0.15 0.15 0.15 0.14999482 0.068571429 0.068571429 0.068571429 0.068571429 0.26342721 0.41428571 0.41428571 0.40609811 0.14672079 1.1185714 1.1185714 1.1185714 0.78571429 0.78571429 0.78571429 0.78571827 1.3728571 1.3728571 1.3728571 1.3728571 0.89285714 0.89285714 0.89285714 0.89285714 0.71714286 0.71714286 0.71714286 0.85285441 0.85285714 0.85285714 0.85285708 0.84857143 0.84857143 0.8057665 0.80571429 1.3771412 1.3771429
