interpolatedSpi/05-10|20_2.tif
NCOLS 53
NROWS 52
XLLCORNER -116.03883
YLLCORNER 28.596182
DX 0.49850594
DY 0.49788537
NODATA_VALUE -9999
[rows 0 to 29 of 52, columns 0 to 52 of 53]
0.038333333 0.038333333 -0.10515669 -0.58833333 0.053333333 0.28833333 0.65 0.79166667 0.14489812 -0.075 -0.19666667 0.34166667 0.13001537 0.31666667 0.088333333 0.088333333 0.088333333 0.081666667 0.36166667 0.36166667 0.36166667 0.36166736 0.43333333 0.056666667 0.056666667 0.056666667 0.7300006 0.73 0.73 0.068333333 0.068333333 0.068333333 0.068333333 0.74666653 0.74666667 0.74666667 0.74666667 0.74666667 0.74666667 0.74666669 1.5051628 1.5131994 0.98833333 0.98833333 0.98833333 0.98833333 0.98877161 1.2566667 1.2566667 1.2566667 1.3133332 1.3133333 1.3133333
0.038318079 -0.305 0.066667236 0.16610424 0.37156657 0.49666667 0.36833333 0.4685598 -0.025 0.20333333 0.245 0.13 0.13 0.47114982 0.31666652 0.088333333 0.081666667 0.081666667 0.36130158 0.36166667 0.36166667 0.36166667 0.026488067 0.056666667 0.056666667 0.056666667 -0.093333323 -0.093333333 0.068333334 0.068333333 0.068333333 0.068333333 0.068333333 0.74666657 0.74666667 0.74666667 0.74666667 0.74666667 0.74666666 0.69106175 0.38670154 0.91532606 0.98833333 0.98833333 0.98833333 0.98833333 0.98833333 1.2566667 1.2566667 1.2566667 1.2613655 1.3133333 1.3133333
0.4633182 0.46333333 0.56 0.77166667 0.66166667 0.42666667 0.59666667 0.16 0.445 0.405 0.51666667 -0.0066666667 -0.62333333 -0.021666667 0.47166667 1.0366667 0.081666667 0.081666667 0.081666667 0.1250688 0.125 0.125 -0.51666667 0.056666667 0.056666667 0.056666667 -0.093333333 -0.093333333 -0.093333333 0.068333333 0.068333333 0.068333296 -0.29993772 0.74534698 0.74624781 0.70207902 0.70166667 0.70166667 0.66204797 0.38666667 0.38666667 0.38743605 0.98833333 0.98833333 0.98833333 0.98833333 0.98833333 1.2566667 1.2566667 1.2566667 1.2566667 1.3133333 1.3133333
0.305 0.46333331 0.34499106 0.5 0.18833333 0.53833333 1.1233333 0.05 0.46833333 0.37547935 0.67 0.59666667 0.13833333 -0.021666667 0.52 1.0366667 -0.41381686 -0.424645 -0.096666667 0.125 0.125 -0.44333333 -0.51666667 -0.51666667 0.056666667 0.056665917 -0.093333333 -0.093333333 -0.093333333 -0.75666667 -0.723746 -0.69666667 -0.69666667 -0.69666556 0.70166667 0.70166667 0.70166667 0.70166667 0.38666667 0.38666667 0.38666667 0.38666669 0.98833333 0.98833333 0.98833333 0.98833333 0.98833333 1.2566633 1.2566667 1.2566667 1.2566667 1.3132683 1.3133333
0.305 0.14000038 0.345 0.53138527 0.18833333 0.72666667 0.50834302 0.13 -0.088333333 0.24499998 0.39133039 0.45835339 0.59833333 0.52 0.52 0.84273602 -0.425 -0.425 -0.096666667 -0.096666667 0.12499881 -0.44333333 -0.55 -0.43 -0.60666667 -0.6066299 -0.093333333 -0.093333333 -0.75666667 -0.75666667 -0.69666667 -0.69666667 -0.69666667 -0.57377982 0.70166667 0.70166667 0.70166667 0.38666667 0.38666667 0.38666667 0.38666667 0.3866649 0.98833332 0.98833333 0.98833333 0.98833333 0.98833333 0.99072183 1.2566667 1.2565799 -0.67833333 -0.67833333 -0.67833333
-0.97833333 0.091666667 0.27 0.34333333 0.63 0.69333333 0.46166667 0.41920383 0.34833333 0.14833333 0.57 -0.41333333 -0.41333267 0.038333333 0.038333333 -0.35163971 -0.35166667 -0.40833333 -0.40833333 -0.096667001 -0.95166667 -0.95166667 -0.43 -0.60666667 -0.60666667 -0.45 -0.74666667 -0.74666667 -0.20171697 -0.75666667 -0.69666667 -0.69666667 -0.045 -0.045017763 -0.21498788 -0.35333333 -0.35333333 0.15773077 0.38666667 0.38666667 0.3683562 0.36833333 0.36833432 -0.20849308 -0.22986535 -0.22999968 -0.22999996 -0.22999954 -0.41100245 -0.67833333 -0.67833333 -0.67833333 -0.67833333
-0.46666946 -0.37833333 -0.56578088 0.068333333 0.52833333 0.1 0.15333334 0.545 0.25333333 0.25333333 0.57 -0.12666667 0.0966665 0.038333333 -0.23999917 -0.24 -0.35166667 -0.41166667 -0.47666667 -0.47666667 -1.0019349 -1.0583333 -1.0583333 -0.86666666 -0.45 -0.45 -0.74666667 -0.74666667 -0.20166249 -0.20158977 0.016213546 -0.045 -0.045 -0.215 -0.215 -0.68284056 -0.35333333 -0.35333333 -1.1249733 0.36833125 0.36833333 0.36833333 0.36833745 -0.22999938 -0.23 -0.23 -0.23 -0.23000012 -0.42333333 -0.6782828 -0.67833333 -0.67833333 -0.67833333
-0.46666667 -0.85166667 -0.4 -0.96333333 -1.1349902 -0.385 0.033333333 -0.25166666 -0.12666667 -0.073333333 -0.073333333 -0.55166667 0.096666667 0.096666667 -0.23769015 -0.24758964 -0.24833333 -0.32166667 -0.57833323 -0.47666667 -0.87104985 -0.82166667 -1.1166667 -1.1516667 -1.1516665 -1.14 -1.0516667 -1.0516666 -0.13025113 -0.13 0.016666667 -0.11091854 -0.15 -0.215 -0.22355636 -0.95833333 -0.95833333 -1.125 -1.125 0.36833333 0.36833333 0.36833334 -0.11822141 -0.11833334 -0.23 -0.23 -0.23 -0.42332597 -0.42333333 -0.42333333 -0.67833333 -0.67833333 -0.67833333
-0.86405677 -0.85166666 -0.64 -0.81333333 -0.21666667 -0.37666667 -0.10666667 0.33333333 0.47 0.3703203 -0.0033333333 -0.23666666 -0.23666667 -0.58833333 -0.58832721 -0.38960516 -0.39 -0.39 -0.36084723 -1.255 -1.4033333 -1.4033333 -0.86833333 -1.0188026 -1.1411757 -1.14 -0.88333333 -1.0516667 -0.88431152 -0.88333333 -0.1 0.41333333 0.18920595 -0.56 -0.515 -0.65833333 -0.66666667 -0.70166667 -0.9665443 0.37020068 0.78666667 -0.17 -0.11833605 -0.11833333 -0.11896185 -0.23 -0.60499998 -0.42333333 -0.42333333 -0.42333333 -0.42333334 -0.7565655 -0.36
-0.93333333 -0.93333333 -0.71333333 -0.69166667 -0.225 0.17 -0.0083333333 0.21166667 0.48 0.34498971 0.023333333 0.056666667 -0.58833333 -0.58833333 0.063333333 0.057115662 -0.39 -0.39004261 -0.60333333 -1.255 -1.255 -1.2741103 -0.86833333 -0.96833144 -0.96833333 -0.96833333 -0.88333333 -0.56833333 -0.56833333 -0.88333333 -0.88333333 0.41248934 -0.031666667 -0.56 -0.435 -0.65833333 -0.66666667 -0.94333333 -0.96666667 0.2204436 -0.16999996 -0.15714312 -0.135 -0.11833333 -0.11833333 -0.605 -0.605 -0.605 -0.42333333 -0.42333333 -1.3066667 -1.3066667 -1.3066663
-0.93333333 -0.93333333 -0.895 -0.695 -1.0166667 -0.40166667 -0.44833333 0.21986151 0.23333333 0.24833333 0.29333333 0.083333333 0.056701212 0.063333333 0.063333333 0.063286612 -0.34166667 -0.35540016 -0.60333333 -0.60666667 -0.60666667 -0.71833333 -0.71833333 -0.96833333 -0.96833333 -0.96833333 -0.56833333 -0.56833333 -0.56833333 -0.93333333 -0.93333333 -0.93333185 -0.67 -0.67 -0.53333333 -0.88333333 -0.775 -0.31166557 -0.96333333 0.24 0.24 0.0016662175 -0.135 -0.11833333 -0.48166675 -0.685 -0.76762989 -0.76833333 -1.04 -1.04 -1.3066667 -1.3066667 -1.3066667
-0.93333333 -0.91671722 -0.80965287 -0.91666092 -0.67 -0.91666667 -0.44833333 0.22 0.23333322 0.24816715 0.083333548 0.083333333 -0.16666667 0.063333333 0.063333333 -0.34166665 -0.34166667 -0.34168156 -0.60333333 -0.60666667 -0.62859573 -0.71833333 -0.71833333 -0.96832296 -0.96833333 -0.9897001 -1.0333333 -1.0333333 -1.0333333 -0.93333333 -0.93333333 -0.76 -0.76 -0.66999963 -0.53333333 -0.20666704 -0.68012353 -0.31166667 -0.31166667 0.23999999 0.0016666667 0.0016666667 0.0016631497 -0.48166667 -0.48166667 -0.685 -0.76833333 -0.76833333 -1.04 -1.04 -1.3066667 -1.3066667 -1.3066667
0.026666667 0.14539331 0.23163184 0.22334752 -0.67000134 -0.91666084 -0.44833335 0.2117732 0.23241453 0.23372502 -0.16666667 -0.16666667 -0.16666667 -0.16666667 0.063300752 -0.34166667 -0.34166667 -0.3450452 -0.60333333 -0.60660638 -0.39833333 -0.39833333 -0.39833333 -0.39833333 -0.95874793 -1.0333333 -1.0333333 -1.0333333 -1.0333333 -1.0332224 -0.76 -0.76 -0.76 -0.76 -0.20666667 -0.20666667 -0.20666667 -0.30645419 -0.3081993 0.15 0.15 0.0016746452 -0.11167933 -0.48163103 -0.48166667 -0.685 -0.76833333 -0.76833333 -1.04 -1.04 -1.3056992 -1.3066667 -0.40621676
0.026666667 0.23166667 0.23166667 0.23166667 0.23166667 0.23166618 -0.44953212 -0.13210115 0.22996324 -0.16623553 -0.16666667 -0.16666667 -0.16666667 -0.16666667 -0.16666674 -0.34166666 -0.34166671 -0.35961521 -0.60332903 -0.39833333 -0.39833333 -0.39833333 -0.39833333 -0.39833333 -0.40064162 -0.87135174 -0.84333337 -0.84333333 -0.84333333 -0.84333333 -0.76 -0.76 -0.76000006 -0.81 -0.81 -0.20666667 0.008835832 0.015 0.14999992 0.15 0.15 0.15 -0.11166667 -0.11166667 -0.11166667 -0.11565654 -0.78321843 -0.78333333 -0.78333333 -0.78333333 -0.78333334 0.21999969 0.22
-0.011666667 0.23166667 0.23166667 0.23166667 0.23166667 0.23166667 0.23166662 -0.39118285 -0.26584465 -0.26833333 -0.26833333 -0.26833333 -0.26833333 -0.26833333 -0.26833333 -0.37448054 -0.34224537 -0.37749758 -0.39835902 -0.39833333 -0.39833333 -0.39833333 -0.39833333 -0.39833341 -0.505 -0.505 -0.50500048 -0.84333333 -0.84333333 -0.84307302 -0.71333333 -0.71333333 -0.81 -0.81 -0.81 -0.11715599 0.015 0.015 0.015 0.15 0.15 0.15 -0.11166667 -0.11166667 -0.11166667 -0.11166667 -0.78333333 -0.78333333 -0.78333333 -0.78333333 -0.78333333 0.22 0.22
-0.011666667 0.078923569 0.23166667 0.23166667 0.23166667 0.23166667 -0.64149526 -0.64166667 -0.64166666 -0.26833333 -0.26833333 -0.26833333 -0.26833333 -0.26833333 -0.29223242 -0.37666667 -0.37666667 -0.37666667 -0.46147369 -0.4616666 -0.46166667 -0.46166667 -0.46166667 -0.46166667 -0.505 -0.505 -0.505 -0.505 -0.84333333 -0.71333333 -0.71333333 -0.71333333 -0.80999999 -0.81 -0.81 0.09 0.015099302 0.015 0.015 0.14995326 0.056758464 -0.16073516 -0.11166667 -0.11166667 -0.45394045 -0.455 -0.455 -0.78227841 -0.143909 -0.14166672 -0.14166679 0.04835927 0.21999965
-0.011666666 -0.057079921 0.084913316 0.23166667 0.23166667 -0.64115066 -0.64166667 -0.64166667 -0.64166667 -0.63897632 -0.26833333 -0.26833333 -0.26833333 -0.26833335 -0.37666667 -0.37666667 -0.37666667 -0.37666667 -0.46159074 -0.46166667 -0.46166667 -0.46166667 -0.46166667 -0.46166667 -0.505 -0.505 -0.505 -0.505 -0.50575778 -0.71333333 -0.71333333 -0.71333333 -0.17666668 -0.80989316 0.09 0.09 0.09 0.086275263 -0.15048541 -0.16166667 -0.16166667 -0.16166667 -0.33833333 -0.33833333 -0.455 -0.455 -0.455 -0.14166667 -0.14166667 -0.14166667 -0.14166667 0.048333333 0.048333333
-0.058245831 -0.058333333 -0.058333333 -0.058333338 -0.54 -0.64166404 -0.64166667 -0.64166667 -0.64166667 -0.64166667 -0.27767082 -0.26833494 -0.26833334 -0.37666667 -0.37666667 -0.37666667 -0.37666667 -0.37666667 -0.42415328 -0.46166667 -0.46166667 -0.46166667 -0.46166667 -0.46166667 -0.37739001 -0.20833494 -0.20833333 -0.20833333 -0.20833333 -0.71333331 -0.17666668 -0.17666667 -0.17666667 -0.17666667 0.09 0.08999109 -0.24833333 -0.24833333 -0.16274883 -0.16166667 -0.16166667 -0.16166667 -0.33833333 -0.33833333 -0.43693598 -0.455 -0.455 -0.14166667 -0.14166667 -0.14166667 -0.13962937 0.048333333 0.048333333
-0.058333333 -0.058333333 -0.058333333 -0.28515735 -0.54 -0.54 -0.64166667 -0.64166667 -0.64166667 -0.64166667 -0.39166667 -0.39166667 -0.39166667 -0.37666667 -0.37666667 -0.37666667 -0.37666667 -0.37673718 -1.0233333 -1.0233333 -0.46166689 -0.46166667 -0.46560257 -0.62333333 -0.61959727 -0.20833333 -0.20833333 -0.20833333 -0.20833333 -0.17666989 -0.17666667 -0.17666667 -0.17666667 -0.17666667 -0.24833214 -0.24833333 -0.24833333 -0.24833333 -0.2480221 -0.16166667 -0.16166667 -0.16166667 -0.33833333 -0.33833333 -0.33833333 -0.455 -0.455 -0.14166667 -0.14166667 -0.14166667 0.048333333 0.048333333 0.048333333
-0.058333333 -0.058333333 -0.058333333 -0.54 -0.54 -0.54 -0.54000016 -0.64166667 -0.64166667 -0.39192474 -0.39166667 -0.39166667 -0.39166667 -0.39165733 -0.72202023 -0.80333333 -0.80333333 -0.80333333 -1.0233333 -1.0233333 -1.0233333 -0.62333333 -0.62333333 -0.62333333 -0.62331979 -0.40065891 -0.20833333 -0.20833333 -0.20833333 0.057037797 0.11163831 0.11166667 0.11166667 0.11166667 -0.20149191 -0.13666692 -0.13666667 -0.13666667 -0.13666667 -0.42329753 -0.42333333 -0.42333333 -0.33833333 -0.33833333 0.096664851 0.096666634 0.005 0.005 -0.005 -0.005 -0.005 0.048333333 0.27146698
-0.05833292 -0.058333333 -0.058333351 -0.54 -0.54 -0.54 -0.54 -0.64833333 -0.64169332 -0.3917241 -0.39166667 -0.39166667 -0.39166667 -0.39247447 -0.80333333 -0.80333333 -0.80333333 -0.8033334 -1.0233333 -1.0233333 -1.0233333 -0.62333333 -0.62333333 -0.62333333 -0.575 -0.575 -0.48166667 -0.48166667 -0.48166667 -0.47842985 0.11166667 0.11166667 0.11166667 0.11166667 -0.012431913 -0.13666667 -0.13666667 -0.13666667 -0.13666667 -0.42333333 -0.42333333 -0.42333333 -0.40697214 0.096666667 0.096666667 0.096666667 0.005 0.005 -0.005 -0.005 -0.005 0.27166666 0.27166667
0.075 -0.0016579278 -0.49666667 -0.49667924 -0.54 -0.64770652 -0.64833333 -0.64833333 -0.6033933 -0.455 -0.455 -0.455 -0.455 -1.0099819 -1.01 -0.80333349 -0.80333333 -0.80913001 -1.0233333 -1.0233333 -1.0233333 -0.94833333 -0.94833333 -0.94833333 -0.575 -0.575 -0.48166667 -0.48166667 -0.48166667 -0.48166642 -0.13833174 -0.13833263 0.10538329 0.11139865 -0.71904818 -0.72 -0.72 -0.72 -0.72 -0.42333333 -0.42333333 -0.42333333 0.068033464 0.096666667 0.096666667 0.09666658 0.005 0.005 0.0049996401 -0.005 -0.0049849455 0.33166667 0.27166667
-0.25827003 -0.25833337 -0.49666667 -0.49666667 -0.49666667 -0.64833333 -0.64833333 -0.64833333 -0.525 -0.525 -0.455 -0.455 -0.455 -1.01 -1.01 -1.01 -1.01 -1.0100007 -1.0233333 -1.0233333 -1.0233333 -0.94833333 -0.94833333 -0.94833333 -0.575 -0.575 -0.48166667 -0.48166667 -0.48166667 -0.14220444 -0.13833333 -0.13833333 -0.13833333 -0.13833333 -0.71971298 -0.72 -0.72 -0.72 -0.72 -0.98666652 -0.98666667 -0.98666667 -0.98666667 0.096662907 -0.39333333 -0.39333333 -0.39333333 0.21333333 0.21333333 0.21333333 0.33166667 0.33166667 0.33166667
-0.25833333 -0.25833333 -0.49666667 -0.49666667 -0.49666667 -0.64753615 -0.64833333 -0.525 -0.525 -0.525 -0.45500862 -0.455 -1.0760148 -1.01 -1.01 -1.01 -1.01 -1.3233333 -1.3233333 -1.3233333 -1.1666667 -1.1666665 -0.9483344 -0.94833333 -0.9483619 -1.1733333 -1.1733333 -1.1733317 -0.48177844 -0.3199638 -0.31999903 -0.31996828 -0.13864382 -0.13849011 -0.61652151 -0.7200001 -0.72083222 -0.96833333 -0.96833333 -0.98666667 -0.98666667 -0.98666667 -0.98666667 -0.39333333 -0.39333333 -0.39333333 -0.39333333 0.21333333 0.21333333 0.21333333 0.33166667 0.33166667 0.33166667
-0.25833333 -0.25833333 -0.49666667 -0.49666667 -0.49666667 -0.49666667 -0.60217327 -0.525 -0.525 -0.525 -0.52538114 -1.215 -1.215 -1.215 -1.0112081 -1.01 -1.3212454 -1.3233333 -1.3233333 -1.3233333 -1.1666667 -1.1666667 -1.1666667 -1.1666667 -1.1733333 -1.1733333 -1.1733333 -1.1733333 -1.1733333 -0.32 -0.32 -0.32 -0.32 -0.32000056 -0.585 -0.96833333 -0.96833333 -0.96833333 -0.96833333 -0.96833374 -1.095 -1.095 -1.095 -0.91059784 -0.52833333 -0.52833333 -0.52833333 0.21333331 0.21333325 0.12666667 0.12666667 0.16004176 0.16
-0.25833333 -0.25833333 -0.41064507 -0.49666667 -0.49666667 -0.49666669 -1.5215618 -0.5281462 -0.525 -0.525 -1.2150001 -1.215 -1.215 -1.215 -1.215 -1.1982129 -1.3233333 -1.3233333 -1.3233333 -1.3233333 -1.1666679 -1.1666667 -1.1666667 -1.1666667 -1.1733333 -1.1733333 -1.1733333 -1.1733333 -1.1733333 -0.75475269 -0.32 -0.32 -0.32 -0.585 -0.585 -0.58529767 -0.96833333 -0.96833333 -0.83139056 -0.72500002 -1.095 -1.095 -1.095 -0.91238534 -0.52833333 -0.52833333 -0.52833333 -0.155 0.12315713 0.12666667 0.12666667 0.16 0.16
-1.2983333 -1.2983333 -1.2983333 -0.69766654 -0.49900574 -1.5233333 -1.5233333 -1.5233333 -1.5233333 -1.4633333 -1.4633333 -1.215 -1.215 -1.215 -1.215 -1.2150069 -1.3233333 -1.3233333 -1.3233333 -1.3233333 -1.2350309 -1.1666667 -1.1666667 -1.1674082 -1.1940352 -1.1733333 -1.1733333 -1.1733333 -0.90833333 -0.90833333 -0.90833333 -0.90833086 -0.585 -0.585 -0.585 -0.585 -0.725 -0.725 -0.725 -0.725 -0.87833333 -0.87833333 -0.87833333 -0.37001022 -0.37 -0.37 -0.37000005 -0.155 -0.155 0.12632347 0.12666667 0.1599986 0.16
-1.2983333 -1.2983333 -1.2983333 -1.2983763 -2.0966667 -2.0132946 -1.5233333 -1.5233333 -1.5233333 -1.4633333 -1.4633333 -1.4633333 -1.52 -1.52 -1.52 -1.52 -1.3233272 -1.3233333 -1.3233333 -1.3233333 -1.3209593 -1.1949999 -1.195 -1.195 -1.195 -1.195 -0.955 -0.955 -0.90833333 -0.90833333 -0.90833333 -0.90833333 -0.58500011 -0.585 -0.585 -0.5850129 -0.72499999 -0.725 -0.725 -0.72336225 -0.87833333 -0.87833333 -0.87833333 -0.37002357 -0.37 -0.37 -0.37 -0.155 -0.155 -0.155 -0.11833333 -0.11833333 -0.026666667
-1.2983333 -1.2983333 -1.2983333 -2.0966648 -2.0966667 -2.0966667 -1.5233335 -1.5233333 -1.5233333 -1.4633333 -1.4633333 -1.4633333 -1.52 -1.52 -1.52 -1.5047681 -1.32 -1.32 -1.32 -1.3233145 -1.195 -1.195 -1.195 -1.195 -1.195 -1.1948194 -0.955 -0.955 -0.955 -0.90833333 -0.90833333 -0.90823678 -0.74333333 -0.74333333 -0.74333333 -0.39 -0.39 -0.35166667 -0.35166667 -0.35166667 -0.24 -0.87813311 -0.87832706 -0.038333333 -0.038333333 -0.050903123 -0.36999876 -0.155 -0.155 -0.11833333 -0.11833333 -0.11833333 -0.026666667
-1.2983333 -1.2983333 -1.2983333 -2.0966667 -2.0966667 -2.0966667 -2.0966667 -1.5233333 -1.5233333 -1.4633333 -1.4633333 -1.5177342 -1.52 -1.52 -1.52 -1.32 -1.32 -1.32 -1.32 -1.32 -1.195 -1.195 -1.195 -1.195 -1.195 -0.95500082 -0.955 -0.955 -0.955 -0.75833333 -0.75833333 -0.75833333 -0.74333333 -0.74333333 -0.74333333 -0.39 -0.39 -0.35166667 -0.35166667 -0.24 -0.24 -0.24 -0.038333333 -0.038333333 -0.038333333 -0.038333333 -0.021082393 0.17166667 0.17166667 0.17166667 -0.11833333 0.018333333 0.018333333
