interpolatedSpi/05-11|22_2.tif
NCOLS 53
NROWS 52
XLLCORNER -116.03883
YLLCORNER 28.596182
DX 0.49850594
DY 0.49788537
NODATA_VALUE -9999
[rows 0 to 26 of 52, columns 0 to 52 of 53]
-0.46142857 -0.46142857 -0.79035164 -0.97142857 -0.69571429 -0.47285714 -0.68857143 -0.80714286 -0.87594243 -0.70285714 -0.81 -0.35857143 -0.61285032 -0.53 -0.66428571 -0.66428571 -0.66428571 0.088571429 -0.09 -0.09 -0.09 -0.090007114 -0.82857142 0.075714286 0.075714286 0.075714286 -0.26857125 -0.26857143 -0.26857143 -0.37285714 -0.37285714 -0.37285714 -0.37285714 0.24571416 0.24571429 0.24571429 0.24571429 0.24571429 0.24571429 0.24571431 0.99761561 1.0054379 -0.08 -0.08 -0.08 -0.08 -0.079488998 0.23285714 0.23285714 0.23285714 0.13857162 0.13857143 0.13857143
-0.46144888 -0.91857143 -0.76428566 -0.72487727 -0.60739711 -0.73142857 -0.80428571 -0.4461777 -0.66142857 -0.70571429 -0.57142857 -0.61285714 -0.61285714 -0.067262432 -0.52999558 -0.66428571 0.088571429 0.088571429 -0.089767167 -0.09 -0.09 -0.09 0.06405893 0.075714286 0.075714286 0.075714286 -0.37285711 -0.37285714 -0.37285714 -0.37285714 -0.37285714 -0.37285714 -0.37285714 0.2457142 0.24571429 0.24571429 0.24571429 0.24571429 0.2457143 0.35494583 0.93994041 0.043768597 -0.08 -0.08 -0.08 -0.08 -0.08 0.23285714 0.23285714 0.23285714 0.22503888 0.13857143 0.13857143
-0.52570257 -0.52571429 -0.71714286 -0.30142857 -0.58571429 -0.67142857 -0.54571429 -0.47285714 -1.0385714 -0.47714286 -0.67857143 -0.64571429 -0.74 0.23285714 -0.065714286 -0.49 0.088571429 0.088571429 0.088571429 0.059956395 0.06 0.06 -0.14571429 0.075714286 0.075714286 0.075714286 -0.37285714 -0.37285714 -0.37285714 -0.37285714 -0.37285714 -0.37285713 -0.26282284 0.24580187 0.24766894 0.45378996 0.45571429 0.45571429 0.51662467 0.94 0.94 0.93869568 -0.08 -0.08 -0.08 -0.08 -0.08 0.23285714 0.23285714 0.23285714 0.23285714 0.13857143 0.13857143
-0.35 -0.52571423 -0.25719231 0.10714286 -0.83285714 -0.33714286 -0.46714286 -0.77 -0.55571429 -0.21491611 -0.29 -0.25 -0.29428571 0.23285714 -0.63571429 -0.49 -0.75368132 -0.75512273 -1.1785714 0.06 0.06 -0.53714286 -0.14571429 -0.14571429 0.075714286 0.075712045 -0.37285714 -0.37285714 -0.37285714 -0.57714286 -0.33964378 -0.14428571 -0.14428571 -0.14428524 0.45571429 0.45571429 0.45571429 0.45571429 0.94 0.94 0.94 0.93999996 -0.08 -0.08 -0.08 -0.08 -0.08 0.2328532 0.23285714 0.23285714 0.23285714 0.13856574 0.13857143
-0.35 0.16285637 -0.25714286 -0.21801965 -0.83285714 -0.69857143 -0.36999834 0.30714286 -0.38142857 0.42999968 0.035749966 -0.15144392 -0.25857143 -0.63571429 -0.63571429 -0.54239184 -0.75571429 -0.75571429 -1.1785714 -1.1785714 0.059998756 -0.53714286 0.44142857 0.0085714285 -0.094285714 -0.094108379 -0.37285714 -0.37285714 -0.57714286 -0.57714286 -0.14428571 -0.14428571 -0.14428571 -0.092562624 0.45571429 0.45571429 0.45571429 0.94 0.94 0.94 0.94 0.93993064 -0.079999996 -0.08 -0.08 -0.08 -0.08 -0.077215184 0.23285714 0.2328451 -0.035714286 -0.035714286 -0.035714286
-1.9142857 -0.4 -0.2957143 -0.29571429 -0.51 -0.38428571 -0.47142857 -0.37174913 0.068571429 -0.58714286 -0.77 -0.27714286 -0.27714284 -0.29142857 -0.29142857 -0.71706629 -0.71714286 -0.63285714 -0.63285714 -1.1785706 -1.0342857 -1.0342857 0.0085714286 -0.094285714 -0.094285714 0.66428571 0.07 0.07 0.2042143 -0.57714286 -0.14428571 -0.14428571 0.13 0.13006896 0.78995276 0.87857143 0.87857143 0.92099567 0.94 0.94 0.22232478 0.22142857 0.22143109 0.0056045473 0.0071332261 0.0071428339 0.0071428542 0.007142824 -0.020859099 -0.035714286 -0.035714286 -0.035714286 -0.035714286
-1.3985762 -0.43857143 -0.14049496 -0.040000001 -0.29285714 -0.61428571 -0.18142857 -0.082857143 -0.11857143 -0.11857143 -0.77 -0.30571429 -0.75285706 -0.29142857 -0.39999967 -0.4 -0.71714286 -0.28428571 -0.21428571 -0.21428571 -0.81952357 -0.57857143 -0.57857143 0.44714285 0.66428571 0.66428571 0.07 0.07 0.20426598 0.20392245 0.41401803 0.13 0.13 0.79 0.79 0.95170881 0.87857143 0.87857143 0.69572062 0.22142923 0.22142857 0.22142857 0.22144209 0.0071441398 0.0071428571 0.0071428571 0.0071428571 0.0071428367 -0.027142857 -0.035712587 -0.035714286 -0.035714286 -0.035714286
-1.3985714 -0.10428571 0.25857143 -0.66142857 -0.37287369 -0.40428571 -0.35428571 -0.022857147 -0.44571429 -0.11714286 -0.11714286 -0.43571429 -0.75285714 -0.75285714 -0.40242093 -0.82285145 -0.86428571 -0.17428571 -0.62714243 -0.21428571 0.032847009 0.078571429 -0.43857143 0.20857143 0.2085685 -0.018571429 0.068571429 0.068571429 -0.13309931 -0.1342857 0.41571429 0.17047229 0.49428571 0.79 0.79 1.0128571 1.0128571 0.69571429 0.69571429 0.22142857 0.22142857 0.22142859 0.23911987 0.23714285 0.0071428571 0.0071428571 0.0071428571 -0.027141552 -0.027142857 -0.027142857 -0.035714286 -0.035714286 -0.035714286
-0.25816862 -0.10428572 0.11142857 -0.07 -0.0014285714 -0.19714286 -0.09 0.42 -0.088571429 -0.077179463 -0.17714286 -0.44142857 -0.44142857 0.25857143 0.2585654 -1.0138677 -1.0142857 -1.0142857 -0.24341506 -0.17571435 -0.46 -0.45999999 0.062857143 -0.24096667 0.0043185741 -0.018571429 0.17142857 0.068571429 0.13958493 0.14 0.08 1.06 0.55202868 0.30428571 0.79 0.79714286 0.96285714 0.29285714 1.15246 0.22610916 1.27 0.55285714 0.23721379 0.23714286 0.23584829 0.0071428571 0.17428571 -0.027142855 -0.027142857 -0.027142857 -0.027142858 -0.058659229 -0.33
-1.1185714 -1.1185714 0.30428571 0.11285714 -0.20428571 0.31714286 0.028571429 0.10428571 -0.058571429 -0.07428395 0.17 0.34 0.25857143 0.25857143 -0.38285714 -0.39151747 -1.0142857 -1.0141016 -0.19571429 -0.17571429 -0.17571429 -0.21233983 0.062857143 0.034286255 0.034285714 0.034285714 0.17142857 0.61 0.61 0.14 0.14 1.0580871 0.051428571 0.30428571 0.43571429 0.79714286 0.96285714 1.1114286 1.1528571 0.34052516 0.55285717 0.59693787 0.67285714 0.23714286 0.23714286 0.17428571 0.17428571 0.17428571 -0.027142857 -0.027142857 -0.22 -0.22 -0.22000004
-1.1185714 -1.1185714 -0.27571429 -0.49285714 -0.28 -0.071428571 -0.088571427 0.25005638 0.41714286 0.29857143 -0.067142857 -0.11 0.3394008 -0.38285714 -0.38285714 -0.38284693 -0.29428571 -0.28911222 -0.19571429 -0.22428571 -0.22428571 -0.29 -0.29 0.034285714 0.034285714 0.034285714 0.61 0.61 0.61 -0.47428571 -0.47428571 -0.47428485 0.19142857 0.19142857 0.11285714 -0.31142857 0.78 0.52000119 0.71428571 0.32714286 0.32714286 0.17571592 0.67285714 0.23714286 0.2728569 -0.045714286 0.37484678 0.37571429 0.42 0.42 -0.22 -0.22 -0.22
-1.1185714 -0.75464865 -0.36837689 -0.47142143 0.36428571 -0.098571429 -0.088571429 0.25 0.41714146 0.29988506 -0.10999947 -0.11 -0.16714286 -0.38285714 -0.38285714 -0.29428572 -0.29428571 -0.2942801 -0.19571429 -0.22428571 -0.23719066 -0.29 -0.29 0.03427292 0.034285714 0.069975267 0.14285714 0.14285714 0.1428572 -0.47428571 -0.47428571 -0.24428571 -0.24428571 0.19142836 0.11285714 0.15285718 0.76075706 0.52 0.52 0.32714285 0.17571429 0.17571429 0.17571507 0.27285714 0.27285714 -0.045714286 0.37571429 0.37571429 0.42 0.42 -0.22 -0.22 -0.22
0.07 -0.016560127 0.0085530121 0.0051049674 0.36428319 -0.0985605 -0.088571429 0.24583239 0.405625 0.41404664 -0.16714286 -0.16714286 -0.16714286 -0.16714286 -0.38282659 -0.29428571 -0.29428571 -0.293013 -0.19571429 -0.2242252 -0.015714286 -0.015714286 -0.015714286 -0.015714286 0.033531919 0.14285714 0.14285714 0.14285714 0.14285714 0.14243433 -0.24428571 -0.24428571 -0.24428571 -0.24428571 0.15285714 0.15285714 0.15285714 0.50246088 0.51475335 -0.17857143 -0.17857143 0.17569523 -0.021418497 0.2728288 0.27285714 -0.045714286 0.37571429 0.37571429 0.42 0.42 -0.21767815 -0.22 0.090448196
0.07 0.0085714286 0.0085714286 0.0085714286 0.0085714286 0.0085713866 -0.088596973 0.071649665 0.37489642 -0.16651651 -0.16714286 -0.16714286 -0.16714286 -0.16714286 -0.16714252 -0.29428572 -0.2942857 -0.28752439 -0.19571508 -0.015714286 -0.015714286 -0.015714286 -0.015714286 -0.015714286 -0.016176908 -0.0076791496 -0.084285667 -0.084285714 -0.084285714 -0.084285714 -0.24428572 -0.24428571 -0.24428594 -0.43 -0.43 0.15285714 -0.22351994 -0.23428571 -0.17857146 -0.17857143 -0.17857143 -0.17857143 -0.021428571 -0.021428571 -0.021428571 -0.021597578 0.44517131 0.44571429 0.44571429 0.44571429 0.44571429 0.64571411 0.64571429
0.55428571 0.0085714286 0.0085714286 0.0085714286 0.0085714286 0.0085714286 0.0085714223 0.020840147 0.2987975 0.29857143 0.29857143 0.29857143 0.29857143 0.29857143 0.29857142 0.2761058 -0.28523133 -0.28078786 -0.015736951 -0.015714286 -0.015714286 -0.015714286 -0.015714286 -0.01571404 -0.037142857 -0.037142857 -0.037142923 -0.084285714 -0.084285714 -0.08472053 -0.30142857 -0.30142857 -0.43 -0.43 -0.43 -0.26563704 -0.23428571 -0.23428571 -0.23428571 -0.17857143 -0.17857143 -0.17857143 -0.021428571 -0.021428571 -0.021428571 -0.021428572 0.44571427 0.44571429 0.44571429 0.44571429 0.44571429 0.64571429 0.64571429
0.55428571 0.35112249 0.0085714286 0.0085714286 0.0085714286 0.0085714286 0.094268891 0.094285714 0.094285719 0.29857143 0.29857143 0.29857143 0.29857143 0.29857143 0.29352898 0.27571429 0.27571429 0.27571429 0.19507064 0.19571407 0.19571429 0.19571429 0.19571429 0.19571429 -0.037142857 -0.037142857 -0.037142857 -0.037142857 -0.084285714 -0.30142857 -0.30142857 -0.30142857 -0.42999999 -0.43 -0.43 -0.30142857 -0.23437461 -0.23428571 -0.23428571 -0.17860718 -0.24994501 -0.41642982 -0.021428572 -0.021428571 -0.29344366 -0.29428571 -0.29428571 0.44401749 -0.58210991 -0.5857142 -0.58571409 -0.36413289 0.64571223
0.55428571 0.070494828 0.033150807 0.0085714286 0.0085714286 0.09423507 0.094285714 0.094285714 0.094285714 0.095757856 0.29857143 0.29857143 0.29857143 0.29857143 0.27571429 0.27571429 0.27571429 0.27571429 0.19578575 0.19571429 0.19571429 0.19571429 0.19571429 0.19571429 -0.037142852 -0.037142857 -0.037142857 -0.037142857 -0.038104157 -0.30142857 -0.30142857 -0.30142857 -0.19714286 -0.4299813 -0.30142857 -0.30142857 -0.30142857 -0.30213024 -0.40556532 -0.41714286 -0.41714286 -0.41714286 -0.57428571 -0.57428571 -0.29428571 -0.29428571 -0.29428571 -0.58571428 -0.58571429 -0.58571429 -0.58571429 -0.36428571 -0.36428571
0.057516852 0.057142857 0.057142857 0.057142855 -0.18142857 0.094278602 0.094285714 0.094285714 0.094285714 0.094285714 0.33848038 0.2985783 0.29857144 0.27571429 0.27571429 0.27571429 0.27571429 0.27571429 0.25853051 0.19571429 0.19571429 0.19571429 0.19571429 0.19571429 -0.10954462 -0.42428362 -0.42428571 -0.42428571 -0.42428571 -0.30142857 -0.19714286 -0.19714286 -0.19714286 -0.19714286 -0.30142857 -0.30143026 -0.36571429 -0.36571429 -0.41650069 -0.41714286 -0.41714286 -0.41714286 -0.57428571 -0.57428571 -0.33763936 -0.29428571 -0.29428571 -0.58571429 -0.58571429 -0.58571429 -0.58334 -0.36428571 -0.36428571
0.057142857 0.057142857 0.057142857 -0.055203987 -0.18142857 -0.18142857 0.094285714 0.094285714 0.094285714 0.094285714 0.82571429 0.82571429 0.82571429 0.27571429 0.27571429 0.27571429 0.27571429 0.27569516 0.10285714 0.10285714 0.19571425 0.19571429 0.18639333 -0.18714286 -0.18927775 -0.42428571 -0.42428571 -0.42428571 -0.42428571 -0.19716599 -0.19714286 -0.19714286 -0.19714286 -0.19714286 -0.36571406 -0.36571429 -0.36571429 -0.36571429 -0.3658964 -0.41714286 -0.41714286 -0.41714286 -0.57428571 -0.57428571 -0.57428571 -0.29428571 -0.29428571 -0.58571428 -0.58571429 -0.58571429 -0.36428571 -0.36428571 -0.36428571
0.057142857 0.057142857 0.057142857 -0.18142857 -0.18142857 -0.18142857 -0.18142815 0.094285714 0.094285714 0.82495924 0.82571429 0.82571429 0.82571429 0.82537161 0.18205255 0.16 0.16 0.16 0.10285714 0.10285714 0.10285714 -0.18714286 -0.18714286 -0.18714286 -0.18720008 -0.40705134 -0.42428571 -0.42428571 -0.42428571 -0.28022724 -0.29284773 -0.29285714 -0.29285714 -0.29285714 -0.3745161 -0.38714281 -0.38714286 -0.38714286 -0.38714286 -0.76566659 -0.76571429 -0.76571429 -0.57428571 -0.57428571 -0.69999948 -0.69999985 -0.28428571 -0.28428571 -0.32714286 -0.32714286 -0.32714286 -0.36428571 0.025365578
0.057142587 0.057142857 0.057142849 -0.18142857 -0.18142857 -0.18142857 -0.18142857 -0.071428523 0.093623124 0.82518058 0.82571429 0.82571429 0.82571429 0.82440797 0.16 0.16 0.16 0.15999998 0.10285714 0.10285714 0.10285714 -0.18714286 -0.18714286 -0.18714286 -0.39142857 -0.39142857 -0.48571428 -0.48571429 -0.48571429 -0.48466219 -0.29285714 -0.29285714 -0.29285714 -0.29285714 -0.33997418 -0.38714286 -0.38714286 -0.38714286 -0.38714286 -0.76571429 -0.76571429 -0.76571429 -0.76364666 -0.7 -0.7 -0.7 -0.28428571 -0.28428571 -0.32714286 -0.32714286 -0.32714286 0.025714274 0.025714286
-0.03 0.0045857702 -0.17714286 -0.1771441 -0.18142857 -0.072065028 -0.071428571 -0.071428571 -0.0183334 0.23714285 0.23714286 0.23714286 0.23714286 0.23285728 0.23285714 0.16000006 0.16 0.15849437 0.10285714 0.10285714 0.10285714 -0.49714286 -0.49714286 -0.49714286 -0.39142857 -0.39142857 -0.48571429 -0.48571429 -0.48571429 -0.48571439 -0.62714073 -0.62714192 -0.30125891 -0.29321552 -0.79371216 -0.79428571 -0.79428571 -0.79428571 -0.79428571 -0.76571429 -0.76571429 -0.76571429 -0.70361852 -0.7 -0.7 -0.69999999 -0.28428571 -0.28428571 -0.28428726 -0.32714286 -0.32713532 -0.15857143 0.025714286
-0.14426401 -0.14428572 -0.17714286 -0.17714286 -0.17714286 -0.071428571 -0.071428571 -0.071428571 0.074285714 0.074285714 0.23714286 0.23714286 0.23714286 0.23285714 0.23285714 0.23285714 0.23285714 0.23284244 0.10285714 0.10285714 0.10285712 -0.49714286 -0.49714286 -0.49714286 -0.39142857 -0.39142857 -0.48571429 -0.48571429 -0.48571429 -0.62554824 -0.62714286 -0.62714286 -0.62714286 -0.62714286 -0.79420324 -0.79428571 -0.79428571 -0.79428571 -0.79428571 -0.89142854 -0.89142857 -0.89142857 -0.89142857 -0.6999994 -0.62142857 -0.62142857 -0.62142857 -0.22714286 -0.22714286 -0.22714286 -0.15857143 -0.15857143 -0.15857143
-0.14428571 -0.14428571 -0.17714286 -0.17714286 -0.17714286 -0.071984225 -0.071428571 0.074285714 0.074285714 0.074285714 0.23712281 0.23714286 0.022355787 0.23285708 0.23285714 0.23285714 0.23285714 -0.10714286 -0.10714286 -0.10714286 -0.75285714 -0.75285695 -0.4971441 -0.49714286 -0.4973139 -0.83571429 -0.83571429 -0.83571345 -0.48577085 -0.98135797 -0.98142669 -0.98136672 -0.62774837 -0.6274486 -0.76474675 -0.79428581 -0.79509001 -1.0342857 -1.0342857 -0.89142857 -0.89142857 -0.89142857 -0.89142857 -0.62142857 -0.62142857 -0.62142857 -0.62142857 -0.22714286 -0.22714286 -0.22714286 -0.15857143 -0.15857143 -0.15857143
-0.14428571 -0.14428571 -0.17714286 -0.17714286 -0.17714286 -0.17714286 -0.016891971 0.074285714 0.074285714 0.074285714 0.074230476 -0.025714286 -0.025714286 -0.025714286 0.23133332 0.23285714 -0.10487718 -0.10714286 -0.10714286 -0.10714286 -0.75285714 -0.75285714 -0.75285714 -0.75285714 -0.83571429 -0.83571429 -0.83571429 -0.83571429 -0.83571429 -0.98142857 -0.98142857 -0.98142857 -0.98142857 -0.98142825 -0.82714286 -1.0342857 -1.0342857 -1.0342857 -1.0342857 -1.0342851 -0.85285714 -0.85285714 -0.85285714 -0.76034691 -0.56857143 -0.56857143 -0.56857143 -0.22714287 -0.22714301 -0.38 -0.38 -0.025746607 -0.025714286
-0.14428571 -0.14428571 -0.16528374 -0.17714286 -0.17714286 -0.17714285 -0.079726217 0.073799491 0.074285714 0.074285714 -0.025714267 -0.025714286 -0.025714286 -0.025714286 -0.025714286 -0.0045321313 -0.10714286 -0.10714286 -0.10714286 -0.10714286 -0.75285215 -0.75285714 -0.75285714 -0.75285714 -0.83571429 -0.83571429 -0.83571429 -0.83571429 -0.83571429 -1.1154964 -0.98142857 -0.98142857 -0.98142857 -0.82714286 -0.82714286 -0.82730371 -1.0342857 -1.0342857 -0.99891106 -0.97142858 -0.85285714 -0.85285714 -0.85285714 -0.76188816 -0.56857143 -0.56857143 -0.56857143 -0.77285714 -0.38489496 -0.38 -0.38 -0.025714286 -0.025714286
-0.11857143 -0.11857143 -0.11857143 -0.16245739 -0.17702901 -0.08 -0.08 -0.08 -0.08 0.065714285 0.065714286 -0.025714279 -0.025714286 -0.025714286 -0.025714286 -0.025719452 -0.10714286 -0.10714286 -0.10714286 -0.10714286 -0.47108837 -0.75285714 -0.75285714 -0.74661363 -0.52859857 -0.83571429 -0.83571429 -0.83571429 -1.1628571 -1.1628571 -1.1628571 -1.1628564 -0.82714286 -0.82714286 -0.82714286 -0.82714286 -0.97142857 -0.97142857 -0.97142857 -0.97142857 -0.85714286 -0.85714286 -0.85714286 -0.67143231 -0.67142857 -0.67142857 -0.67142854 -0.77285714 -0.77285714 -0.38047867 -0.38 -0.025715719 -0.025714286
