interpolatedSpi/05-12|23_1.tif
NCOLS 53
NROWS 52
XLLCORNER -116.03883
YLLCORNER 28.596182
DX 0.49850594
DY 0.49788537
NODATA_VALUE -9999
[rows 26 to 51 of 52, columns 0 to 52 of 53]
0.057777778 0.057777778 0.057777778 0.052782628 0.05094807 0.024444444 0.024444444 0.024444444 0.024444444 -0.014444444 -0.014444444 0.17888888 0.17888889 0.17888889 0.17888889 0.17888577 0.13 0.13 0.13 0.13 0.22080745 0.29111111 0.29111111 0.29367 0.39487555 0.52333333 0.52333333 0.52333333 0.067777778 0.067777778 0.067777778 0.067779914 0.011111111 0.011111111 0.011111111 0.011111111 -0.33555556 -0.33555556 -0.33555556 -0.33555556 -0.37111111 -0.37111111 -0.37111111 -0.47999781 -0.48 -0.48 -0.48000001 -0.57222222 -0.57222222 -0.68541747 -0.68555556 -0.32111192 -0.32111111
0.057777778 0.057777778 0.057777778 0.057771376 -0.061111111 -0.048669928 0.024444444 0.024444444 0.024444444 -0.014444444 -0.014444444 -0.014444444 -0.41999997 -0.42 -0.42 -0.41999999 0.12888462 0.13 0.13 0.13 0.13244836 0.38888862 0.38888889 0.38888889 0.38888889 0.38888888 0.085555559 0.085555556 0.067777778 0.067777778 0.067777778 0.067777778 0.011111137 0.011111111 0.011111111 0.011114007 -0.33555555 -0.33555556 -0.33555556 -0.33519973 -0.37111111 -0.37111111 -0.37111111 -0.47999495 -0.48 -0.48 -0.48 -0.57222222 -0.57222222 -0.57222221 -0.48222222 -0.48222222 -0.30666667
0.057777778 0.057777778 0.057777778 -0.061110837 -0.061111111 -0.061111111 0.024444412 0.024444444 0.024444444 -0.014444444 -0.014444444 -0.014444444 -0.42 -0.42 -0.42 -0.42448495 -0.47888889 -0.47888889 -0.47888732 0.12656084 0.38888889 0.38888889 0.38888889 0.38888889 0.38888889 0.38866061 0.085555556 0.085555556 0.085555556 0.067777778 0.067777778 0.067756322 0.046666667 0.046666667 0.046666667 -0.12222222 -0.12222222 -0.25444444 -0.25444444 -0.25444444 -0.24 -0.37106999 -0.37111129 -0.39555556 -0.39555556 -0.3987559 -0.47999993 -0.57222222 -0.57222222 -0.48222222 -0.48222222 -0.48222222 -0.30666667
0.057777778 0.057777778 0.057777778 -0.061111111 -0.061111111 -0.061111111 -0.061111111 0.024444444 0.024444444 -0.014444444 -0.014444444 -0.40378363 -0.42 -0.42 -0.42 -0.47888889 -0.47888889 -0.47888889 -0.47888889 -0.47888889 0.38888889 0.38888889 0.38888889 0.38888889 0.38888889 0.08555659 0.085555556 0.085555556 0.085555556 0.034444444 0.034444444 0.034444444 0.046666667 0.046666667 0.046666667 -0.12222222 -0.12222222 -0.25444444 -0.25444444 -0.24 -0.24 -0.24 -0.39555556 -0.39555556 -0.39555556 -0.39555556 -0.43023999 -0.81777778 -0.81777778 -0.81777778 -0.48222222 -0.40222222 -0.40222222
0.057777778 0.057777778 0.05761222 -0.061111111 -0.061111111 -0.061111111 -0.061111111 -0.20391288 -0.21111111 -0.21077346 -0.014444462 -0.42000158 -0.42 -0.42 -0.4200002 -0.47888889 -0.47888889 -0.47888889 -0.47888889 -0.47888889 -0.46679906 0.38888889 0.38888889 0.38888889 0.38888225 0.085570809 0.085555556 0.085555556 0.085555556 0.034444444 0.034444444 0.034444444 0.034447255 0.046666667 -0.12222222 -0.12222222 -0.12222222 -0.12222759 -0.25444346 -0.24 -0.24 -0.24 -0.39554611 -0.39555556 -0.39555556 -0.39555556 -0.81777467 -0.81777778 -0.81777778 -0.81777778 -0.40222222 -0.40222222 -0.40222222
-0.013333333 -0.013333209 -0.061046897 -0.061111111 -0.061111111 -0.061111111 -0.21107919 -0.21111111 -0.21111111 -0.21111111 -0.43888888 -0.43888889 -0.43888889 -0.43888889 -0.47870427 -0.47888889 -0.47888889 -0.47888889 -0.47888889 -0.50333332 -0.50333333 -0.50333333 0.35666667 0.35666667 0.35666667 0.35666667 0.33326629 0.085555556 0.16221908 0.16222222 0.16222222 0.16222222 0.16222222 -0.025555556 -0.025555556 -0.025555556 -0.025555556 -0.025555556 -0.19888889 -0.19888889 -0.19888889 -0.19888889 -0.19888889 -0.51204636 -0.51222222 -0.51222222 -0.51222222 -0.81777778 -0.81777778 -0.81777778 -0.40228769 -0.40222222 -0.40222222
-0.013333333 -0.013333333 -0.013472888 -0.030000063 -0.030000007 -0.030176571 -0.21111111 -0.21111111 -0.21111111 -0.21111111 -0.43888889 -0.43888889 -0.43888889 -0.43888889 -0.43888889 -0.47888889 -0.47888889 -0.47888889 -0.50333333 -0.50333333 -0.50333333 -0.50333333 0.35666666 0.35666667 0.35666667 0.35666667 0.35666667 0.35660911 0.162402 0.16222222 0.16222222 0.16222222 0.16229444 0.16593121 -0.025357279 -0.025555556 -0.025555556 -0.025555551 -0.19888889 -0.19888889 -0.19888889 -0.19888889 -0.19888889 -0.51222222 -0.51222222 -0.51222222 -0.51222222 -0.65510597 -0.81777778 -0.60462716 -0.60222222 -0.49222222 -0.49222222
-0.013333333 -0.013333333 -0.029997889 -0.03 -0.03 -0.03 -0.076001458 -0.21111111 -0.21111111 -0.21111111 -0.43888889 -0.43888889 -0.43888889 -0.43888889 -0.43888889 -0.47885965 -0.47888889 -0.50332617 -0.50333333 -0.50333333 -0.50333333 -0.50333333 0.038074094 0.35666667 0.35666667 0.35666667 0.35666667 0.35685876 0.62777778 0.62777778 0.62777778 0.62777778 0.62777778 0.31222222 0.31222222 0.31222222 0.31222222 0.31222222 -0.25444444 -0.25444444 -0.25444444 -0.25444444 -0.25444444 -0.51194007 -0.51222216 -0.51222222 -0.51220263 -0.50987828 -0.60222222 -0.60222222 -0.60222222 -0.49222284 -0.49222222
-0.013333153 0.082538171 -0.029999984 -0.03 -0.03 -0.03 -0.03 -0.211034 -0.21111111 -0.21111111 -0.43888889 -0.43888889 -0.43888889 -0.43888889 -0.60511296 -0.60888889 -0.60888889 -0.50333605 -0.50333333 -0.50333333 -0.50333333 -0.50333333 -0.50333323 0.35666667 0.35666667 0.35666667 0.35666667 0.85999977 0.85999989 0.81057747 0.62777778 0.62777778 0.62777778 0.31222222 0.31222222 0.31222222 0.31222222 0.31237122 -0.25444444 -0.25444444 -0.25444444 -0.25444444 -0.25443014 -0.39666667 -0.39666667 -0.39666667 -0.39666667 -0.39668324 -0.60222222 -0.60222222 -0.60222222 -0.60222214 -0.47361152
0.084444444 0.084444444 0.012922845 -0.03 -0.03 -0.03 -0.03 -0.03 -0.2110347 -0.54555555 -0.54555556 -0.54555556 -0.54530241 -0.60888864 -0.60888889 -0.60888889 -0.60888889 -0.60888889 -0.503331 -0.48338868 -0.30888889 -0.30888889 -0.30888889 -0.14065841 0.33639079 0.22789839 0.13678443 0.86 0.86 0.86 0.86 0.86 0.84825731 0.53265867 0.53222222 0.53222222 0.53222222 0.53222222 -0.21937824 -0.067778113 -0.067777778 -0.067777778 -0.067777778 -0.2311116 -0.39666662 -0.39666667 -0.39666667 -0.041111111 -0.60221323 -0.60222222 -0.60222222 -0.47333333 -0.47333333
0.084444444 0.084444444 -0.25555555 -0.25555556 -0.25555556 -0.030075134 -0.03 -0.03 -0.54555556 -0.54555556 -0.54555556 -0.54555556 -0.54555556 -0.60888889 -0.60888889 -0.60888889 -0.60888889 -0.60888889 -0.30888889 -0.30888889 -0.30888889 -0.30888889 -0.30888889 0.10333331 0.10333333 0.10333333 0.10333333 0.86 0.86 0.86 0.86 0.86 0.57111111 0.57111111 0.53222222 0.53222222 0.53222222 0.25671359 0.25666667 -0.067777778 -0.067777778 -0.067777778 -0.06777777 -0.23111111 -0.23111111 -0.23111111 -0.041111111 -0.041111111 -0.041111111 -0.18444444 -0.18444444 -0.47333333 -0.47333333
0.084444444 0.084444444 -0.25555556 -0.25555556 -0.25555556 -0.25555556 -0.25555702 -0.52222222 -0.54553359 -0.54555556 -0.54555556 -0.54555556 -0.54555556 -0.60809886 -0.60888889 -0.60888889 -0.60888889 -0.60888889 -0.30888889 -0.30888889 -0.30888889 -0.30888889 -0.30888889 0.10333333 0.10333333 0.10333333 0.10333333 0.1033364 0.86 0.86 0.86 0.57112626 0.57111111 0.57111111 0.57111111 0.53222222 0.25666667 0.25666667 0.25666667 0.24812993 -0.023754002 -0.015555556 -0.015555556 -0.23111111 -0.23111111 -0.23111111 -0.041111111 -0.041111111 -0.041111111 -0.18444444 -0.18444444 -0.18444444 -0.24589789
0.0033333333 0.00333397 -0.25555556 -0.25555556 -0.25555556 -0.25555556 -0.52222222 -0.52222222 -0.52222222 -0.54555556 -0.54555556 -0.54555556 -0.54555556 -0.54557524 -0.60888889 -0.60888889 -0.60888889 -0.60888889 -0.30889424 -0.30888889 -0.30888889 -0.30888889 0.030708588 0.10333333 0.10333333 0.10333333 0.10333333 0.20111103 0.20111111 0.20111112 0.85291756 0.57111111 0.57111111 0.57111111 0.57111069 0.13000001 0.25666667 0.25666667 0.25666667 0.25666666 -0.015555556 -0.015555556 -0.015555556 -0.14555556 -0.14555556 -0.14555556 -0.16776544 -0.041111111 -0.041111111 -0.18444445 -0.18444444 -0.18444444 -0.2222229
0.0033333333 0.0033333333 -0.25555556 -0.25555556 -0.25555556 -0.52222222 -0.52222222 -0.52222222 -0.52222222 -0.54300196 -0.54555556 -0.54555556 -0.54555556 -0.54555654 -0.78553522 -0.78555556 -0.78555556 -0.78555556 -0.39270353 -0.46222222 -0.46222222 -0.46222222 -0.46222222 0.10333333 0.10333333 0.10333333 0.10333978 0.20111111 0.20111111 0.20111111 0.20111111 0.57103513 0.32299887 0.13 0.13 0.13 0.25435592 -0.36220934 -0.36222222 -0.36222222 -0.015579054 -0.045555555 -0.045555556 -0.14555556 -0.14555556 -0.14555565 -0.16777778 -0.16777778 -0.4 -0.4 -0.4 -0.43666667 -0.46555556
0.0033333333 0.0033333333 -0.0022222222 -0.0022222222 -0.0022222222 -0.52222222 -0.52222222 -0.52222222 -0.52222222 -0.68333333 -0.68333333 -0.68333333 -0.68333333 -0.69053717 -0.78555556 -0.78555556 -0.78555556 -0.78555556 -0.39 -0.46222222 -0.46222222 -0.46222222 -0.46222222 -0.15111111 -0.15111101 0.10333296 0.20111111 0.20111111 0.20111111 0.20111111 0.13192016 0.064444444 0.12219979 0.13 0.13 0.13 -0.36222222 -0.36222222 -0.36222222 -0.36222222 -0.045555556 -0.045555556 -0.045555556 0.23657767 0.23666667 -0.16595983 -0.16777778 -0.16777778 -0.39999939 -0.4 -0.43666667 -0.43666667 -0.46555556
0.0033333333 -0.0022222222 -0.0022222222 -0.0022222222 -0.0022222222 -0.0022222223 -0.52297264 -0.61888889 -0.61888889 -0.68333333 -0.68333333 -0.68333333 -0.68333333 -0.68335754 -0.78555556 -0.78555556 -0.78555556 -0.7676831 -0.39 -0.39 -0.46222222 -0.46222222 -0.15111111 -0.15111111 -0.15111111 -0.15111111 0.20111111 0.20111111 0.20111111 0.20111111 0.064444444 0.064444444 0.064444444 0.12993366 0.13 0.13 -0.36222222 -0.36222222 -0.36222222 -0.36222222 -0.045555556 -0.045555556 -0.045555556 0.23666667 0.23666667 0.23665546 0.038888889 0.038888889 -0.28888889 -0.28888889 -0.43666667 -0.43666667 -0.46555556
-0.0021700486 -0.0022222222 -0.0022222222 -0.0022222222 -0.0022222222 -0.0022222222 -0.61888889 -0.61888889 -0.61888889 -0.65338225 -0.68333333 -0.68333333 -0.68333333 -0.68333288 -0.78555556 -0.78555556 -0.78555556 -0.39 -0.39 -0.39 -0.46221861 -0.46222032 -0.15111111 -0.15111111 -0.15111111 -0.15111111 0.20108607 0.20111111 0.20111111 0.064475874 0.064444444 0.064444444 0.064444444 0.064444444 0.1292399 -0.28666667 -0.28666667 -0.28797429 -0.36222222 -0.36222222 -0.045555835 -0.045555556 0.228461 0.23666667 0.23666667 0.03888896 0.038888889 0.038888889 -0.28888889 -0.28888889 -0.53 -0.53 -0.77333333
-0.0022222222 -0.0022222222 -0.0022222222 -0.0022222222 -0.0022222222 -0.0022222222 -0.61888889 -0.61888889 -0.61888889 -0.61888889 -0.63444585 -0.63444444 -0.63444444 -0.63444444 -0.78555469 -0.62316638 -0.53222222 -0.53222222 -0.39026219 -0.39 -0.39000001 -0.15111156 -0.15111111 -0.15111111 -0.15111111 -0.15111111 -0.15085503 0.20111111 0.20110644 0.064444444 0.064444444 0.064444444 0.064444444 0.064444444 -0.28666667 -0.28666667 -0.28666667 -0.28666667 -0.28666667 -0.28666764 -0.58777778 -0.58777778 -0.58777766 -0.24666667 -0.24666667 -0.24666667 -0.46444444 -0.46444444 -0.54 -0.54 -0.53 -0.53000053 -0.77333333
-0.0022222222 -0.0022222222 -0.0022222222 -0.0022222222 -0.0022222222 -0.0022222222 -0.61888889 -0.61888889 -0.61888889 -0.63444444 -0.63444444 -0.63444444 -0.63444444 -0.63444444 -0.60749891 -0.53222222 -0.53222222 -0.53222222 -0.53222222 -0.53222222 -0.52543158 -0.15111111 -0.15111111 -0.15111111 -0.15111111 -0.16625338 -0.6325777 0.087488328 0.065118413 0.064444444 0.064444444 0.064444444 0.064444444 0.064443676 -0.28666667 -0.28666667 -0.28666667 -0.28666667 -0.28666667 -0.42674286 -0.58777778 -0.58777778 -0.58777778 -0.24666667 -0.24666667 -0.24666667 -0.46444444 -0.46444444 -0.54 -0.54 -0.96555555 -0.78393702 -0.77333333
-0.0022222222 -0.0022222222 -0.0022222222 -0.0022222222 -0.0022222222 -0.0022224069 -0.61888875 -0.61888889 -0.61953453 -0.63444444 -0.63444444 -0.63444444 -0.63444444 -0.63444444 -0.62954124 -0.53222222 -0.53222222 -0.53222222 -0.53222222 -0.53222222 -0.53222222 -0.5592914 -0.63333266 -0.63333333 -0.63333333 -0.63333333 -0.63333333 -0.63333333 -0.12355641 -0.11666452 -0.11666666 -0.11666667 -0.11666667 -0.11666679 -0.28666667 -0.28666667 -0.28666667 -0.28666667 -0.28666667 -0.58777774 -0.58777778 -0.58777778 -0.58777778 -0.58777763 -0.24739524 -0.70111111 -0.46444447 -0.8062057 -0.54023852 -0.96555556 -0.96555556 -0.96391572 -0.88666667
-0.0022222222 -0.0022222222 -0.0022222222 -0.0022222222 -0.0022222222 -0.0022616162 -0.61885563 -0.61888983 -0.63444442 -0.63444444 -0.63444444 -0.63444444 -0.63444444 -0.63444444 -0.63249937 -0.53222222 -0.53222222 -0.53222222 -0.53222222 -0.53222222 -0.53222222 -0.63333333 -0.63333333 -0.63333333 -0.63333333 -0.63333333 -0.63333333 -0.63333333 -0.11680929 -0.11666667 -0.11666667 -0.11666667 -0.11666667 -0.11666667 -0.16324665 -0.28666667 -0.28666667 -0.28666667 -0.28666667 -0.58777778 -0.58777778 -0.58777778 -0.58777778 -0.58780681 -0.70111111 -0.70111111 -0.7018075 -0.81222222 -0.81222222 -0.96555556 -0.96555556 -0.88666667 -0.88666667
-0.0022222222 -0.0022222222 -0.0022222222 -0.0022222222 -0.0022222262 -0.0030446313 -0.61815731 -0.6326891 -0.63444444 -0.63444444 -0.63444444 -0.63444444 -0.63444444 -0.63444444 -0.63265487 -0.53222222 -0.53222222 -0.53222222 -0.53222222 -0.53222222 -0.54661861 -0.63333333 -0.63333333 -0.63333333 -0.63333333 -0.63333333 -0.63333333 -0.63333333 -0.11666874 -0.11666667 -0.11666667 -0.11666667 -0.11666667 -0.11666667 -0.11666667 -0.28697053 -0.2874547 -0.2877169 -0.28776359 -0.58356395 -0.58777778 -0.58777778 -0.58777778 -0.70110206 -0.70111111 -0.70142284 -0.75333361 -0.81222222 -0.81222222 -0.86885206 -0.86888889 -0.86888889 -0.88666666
-0.0022222222 -0.0022222222 -0.0022222222 -0.0022222226 -0.0022228479 -0.0073649894 -0.61591344 -0.63444017 -0.63444444 -0.63444444 -0.63444444 -0.63444444 -0.63444444 -0.63444444 -0.6320574 -0.53222222 -0.53222222 -0.53222222 -0.53222222 -0.53222222 -0.6333329 -0.63333333 -0.63333333 -0.63333333 -0.63333333 -0.63333333 -0.63333333 -0.63333333 -0.11666681 -0.11666667 -0.11666667 -0.11666667 -0.11666667 -0.11666667 -0.1166667 -0.28777778 -0.28777778 -0.28777778 -0.28777778 -0.52222222 -0.52222222 -0.52222222 -0.52222222 -0.75333318 -0.75333333 -0.75333333 -0.75333333 -0.75333277 -0.7 -0.7 -0.86888889 -0.86888889 -0.79661654
-0.0022222222 -0.0022222222 -0.0022222227 -0.0022222696 -0.0022394433 -0.018970865 -0.63231543 -0.63444424 -0.63444444 -0.63444444 -0.63444444 -0.63444444 -0.63444444 -0.63444444 -0.63097439 -0.53222226 -0.53222222 -0.53222222 -0.53222222 -0.53283077 -0.63333333 -0.63333333 -0.63333333 -0.63333333 -0.63333333 -0.63333333 -0.63333333 -0.63333333 -0.11666678 -0.11666667 -0.11666667 -0.11666667 -0.11666667 -0.11666667 -0.28777762 -0.28777778 -0.28777778 -0.28777778 -0.28777778 -0.52222222 -0.52222222 -0.52222222 -0.52222222 -0.58459812 -0.75333333 -0.75333333 -0.75333333 -0.7000006 -0.7 -0.7 -0.76777778 -0.76777778 -0.76777778
-0.0022222224 -0.0022222238 -0.0022222508 -0.0022236206 -0.0023910551 -0.06567289 -0.63426066 -0.63444439 -0.63444444 -0.63444444 -0.63444444 -0.63444444 -0.63444444 -0.63444444 -0.62950733 -0.53222463 -0.53222222 -0.53222222 -0.53222234 -0.63128466 -0.63333333 -0.63333333 -0.63333333 -0.63333333 -0.63333333 -0.63333333 -0.63333333 -0.63333333 -0.11666715 -0.11666667 -0.11666667 -0.11666667 -0.11666667 -0.057290067 -0.2877777 -0.28777778 -0.28777778 -0.28777778 -0.28777778 -0.52222222 -0.52222222 -0.52222222 -0.52222222 -0.52222222 -0.75333333 -0.75333333 -0.75333333 -0.7 -0.7 -0.7 -0.76777778 -0.76777778 -0.76777778
-0.002222228 -0.0022222639 -0.0022228061 -0.0022387476 -0.0032383442 -0.36939337 -0.63439688 -0.63444441 -0.63444444 -0.63444444 -0.63444444 -0.63444444 -0.63444444 -0.63444425 -0.62776312 -0.53225955 -0.53222222 -0.53222223 -0.53274572 -0.63332474 -0.63333333 -0.63333333 -0.63333333 -0.63333333 -0.63333333 -0.63333333 -0.63333333 -0.63333303 -0.1166699 -0.11666667 -0.11666661 -0.04268621 -0.035555556 -0.035555556 -0.035555556 -0.28777778 -0.28777778 -0.28777778 -0.28777778 -0.52222222 -0.52222222 -0.52222222 -0.52222222 -0.52222222 -0.75332924 -0.75333333 -0.75333331 -0.7 -0.7 -0.70000004 -0.76777778 -0.76777778 -0.76777778
