interpolatedSpi/05-11|19_2.tif
NCOLS 53
NROWS 52
XLLCORNER -116.03883
YLLCORNER 28.596182
DX 0.49850594
DY 0.49788537
NODATA_VALUE -9999
[rows 0 to 27 of 52, columns 0 to 52 of 53]
0.60428571 0.60428571 0.42157997 0.01 0.19428571 0.15 0.29571429 0.22571429 -0.16161127 -0.27571429 -0.24857143 0.35285714 0.011404103 -0.28571429 -0.17714286 -0.17714286 -0.17714286 0.057142857 0.27 0.27 0.27 0.26999478 -0.27142857 0.078571429 0.078571429 0.078571429 -0.41142718 -0.41142857 -0.41142857 -0.021428571 -0.021428571 -0.021428571 -0.021428571 0.1928571 0.19285714 0.19285714 0.19285714 0.19285714 0.19285714 0.19285714 0.11512325 0.11431267 0.22 0.22 0.22 0.22 0.21913433 -0.31 -0.31 -0.31 0.82571193 0.82571429 0.82571429
0.6042894 0.68714286 0.41857194 0.39336836 0.42987957 0.45285714 0.73 0.003141482 -0.13428571 -0.0071428571 0.46428571 0.011428572 0.011428571 0.28096126 -0.28570646 -0.17714286 0.057142857 0.057142857 0.26972246 0.27 0.27 0.27 0.056689437 0.078571429 0.078571429 0.078571429 -0.041428563 -0.041428572 -0.021428572 -0.021428571 -0.021428571 -0.021428571 -0.021428571 0.19285711 0.19285714 0.19285714 0.19285714 0.19285714 0.19285716 0.23303035 0.43712858 0.24634851 0.22 0.22 0.22 0.22 0.22 -0.31 -0.31 -0.31 -0.21582548 0.82571429 0.82571429
0.42428916 0.42428571 0.86 0.66142857 0.24714286 0.34714286 0.49714286 0.64857143 0.12714286 -0.0042857141 0.19857143 0.15857143 0.33571429 -0.23571429 0.28285714 -0.49571429 0.057142857 0.057142857 0.057142857 0.054348423 0.054285714 0.054285714 -0.33714286 0.078571429 0.078571429 0.078571429 -0.041428571 -0.041428571 -0.041428571 -0.021428571 -0.021428571 -0.021428587 -0.18097831 0.1927555 0.19454586 0.3726232 0.37428571 0.37428571 0.38219149 0.43714286 0.43714286 0.43686519 0.22 0.22 0.22 0.22 0.22 -0.31 -0.31 -0.31 -0.31 0.82571429 0.82571429
0.57857143 0.42428557 -0.29143339 0.45714286 -0.11285714 0.46142857 0.33857143 0.057142857 0.018571429 0.019074629 -0.098571429 -0.37142857 0.14714286 -0.23571429 0.024285714 -0.49571429 -0.13563334 -0.13272402 -0.21571429 0.054285714 0.054285714 -0.30285714 -0.33714286 -0.33714286 0.078571429 0.078570829 -0.041428571 -0.041428571 -0.041428571 -0.83285714 -0.56949183 -0.35285714 -0.35285714 -0.35285657 0.37428571 0.37428571 0.37428571 0.37428571 0.43714286 0.43714286 0.43714286 0.43714285 0.22 0.22 0.22 0.22 0.22 -0.30999331 -0.31 -0.31 -0.31 0.82566832 0.82571429
0.57857143 0.67856965 -0.29142857 -0.34606345 -0.11285714 0.067142857 0.082853989 7.9301671e-18 0.045714286 -0.067143055 -0.13370744 -0.16571347 -0.16 0.024285714 0.024285714 -0.31794439 -0.13285714 -0.13285714 -0.21571429 -0.21571429 0.054285011 -0.30285714 -0.12571429 -0.038571429 0.095714286 0.095817153 -0.041428571 -0.041428571 -0.83285714 -0.83285714 -0.35285714 -0.35285714 -0.35285714 -0.30517517 0.37428571 0.37428571 0.37428571 0.43714286 0.43714286 0.43714286 0.43714286 0.43712217 0.22 0.22 0.22 0.22 0.22 0.21528234 -0.31 -0.31001217 -0.58142857 -0.58142857 -0.58142857
-1.1328571 0.59857143 0.22714289 -0.24285714 0.17 0.40285714 -0.34428571 -0.30020728 -0.29285714 -0.18714286 -0.21857143 -0.4 -0.39999984 -0.48 -0.48 0.011513764 0.011428571 0.027142857 0.027142856 -0.21571389 -0.20714286 -0.20714286 -0.038571429 0.095714286 0.095714286 0.53571429 -0.65428571 -0.65428571 -0.28005007 -0.83285714 -0.35285714 -0.35285714 -0.1 -0.10005135 -0.5913933 -0.39142857 -0.39142857 0.18080537 0.43714286 0.43714286 0.2231244 0.22285714 0.22285807 0.27332742 0.27427971 0.2742857 0.27428571 0.2742857 0.48220038 -0.58142857 -0.58142857 -0.58142857 -0.58142857
-0.12571876 0.52571429 0.4639498 0.55571429 0.69 -0.33285714 -0.09142857 -0.082857143 -0.61142857 -0.61142857 -0.21857143 -0.13142857 -0.15142854 -0.48 0.36428318 0.36428571 0.011428571 0.30285714 0.22857143 0.22857143 -0.10750399 0.0042857143 0.0042857143 0.56714285 0.53571429 0.53571429 -0.65428571 -0.65428571 -0.27999442 -0.27989731 0.15893669 -0.1 -0.1 -0.59142857 -0.59142857 -0.041302832 -0.39142857 -0.39142857 -0.16143654 0.22285661 0.22285714 0.22285714 0.22286317 0.27428818 0.27428571 0.27428571 0.27428571 0.27428596 0.69142857 -0.58117633 -0.58142857 -0.58142857 -0.58142857
-0.12571429 -0.15714286 0.97285714 -0.034285714 0.29569537 -0.36142857 -0.60285714 -0.33714286 -0.59285714 -0.19571429 -0.19571429 -0.042857143 -0.15142857 -0.15142857 0.36074744 0.36168355 0.36142857 0.25428571 -0.012856895 0.22857143 0.18525505 0.17142857 0.24714286 0.055714287 0.055715797 0.17285714 0.35571429 0.35571393 -0.18462111 -0.18428571 0.16 0.054550192 -0.22571429 -0.59142857 -0.5570809 0.25142857 0.25142857 -0.16142857 -0.16142857 0.22285714 0.22285714 0.22285715 0.71548656 0.71571426 0.27428571 0.27428571 0.27428571 0.69141269 0.69142857 0.69142857 -0.58142857 -0.58142857 -0.58142857
-0.12701649 -0.15714285 0.87285714 0.90714286 0.77 0.04 -0.057142857 0.042857143 -0.66 -0.25444601 -0.38142857 -0.15428572 -0.15428571 0.0042857143 0.0042888979 0.19760074 0.19714286 0.19714286 0.21350595 0.43142855 0.33428571 0.33428571 0.49428571 0.34453779 0.16105224 0.17285714 0.32 0.35571429 0.41110482 0.41142857 0.13285714 0.71857143 0.74087233 0.71857143 0.61285714 0.49 0.33 -0.0085714286 0.44264869 0.22455338 0.60285714 0.74571429 0.71571545 0.71571429 0.71322969 0.27428571 0.57714284 0.69142857 0.69142857 0.69142857 0.69142857 -0.48769226 0.13142857
0.041428571 0.041428571 0.53571429 0.73428571 0.28714286 -0.11428571 -0.051428571 0.051428571 -0.071428571 -0.1514388 -0.19714286 -0.12571429 0.0042857143 0.0042857143 0.34285714 0.34085861 0.19714286 0.19711235 0.0085714286 0.43142857 0.43142857 0.41891333 0.49428571 0.13572108 0.13571429 0.13571429 0.32 0.63142857 0.63142857 0.41142857 0.41142857 0.71865542 0.76285714 0.71857143 0.78285714 0.49 0.33 0.18428571 0.44285714 0.8897803 0.74571428 0.73731796 0.72285714 0.71571429 0.71571429 0.57714286 0.57714286 0.57714286 0.69142857 0.69142857 0.17142857 0.17142857 0.17142856
0.041428571 0.041428571 0.17857143 -0.29142857 -0.34428571 0.29285714 -0.11428571 0.019833817 -0.16 -0.028571429 0.021428571 -0.25571429 -0.12588716 0.34285714 0.34285714 0.34288153 0.55428571 0.52564407 0.0085714286 0.73142857 0.73142857 1.0385714 1.0385714 0.13571429 0.13571429 0.13571429 0.63142857 0.63142857 0.63142857 0.65285714 0.65285714 0.65285732 0.85714286 0.85714286 0.29428571 0.49714286 0.68285714 0.16571399 0.94142857 0.89714286 0.89714286 0.83857105 0.72285714 0.71571429 0.75571423 0.69 0.71227265 0.71285714 0.97428571 0.97428571 0.17142857 0.17142857 0.17142857
0.041428571 0.10050913 -0.021994335 -0.36712469 0.28 0.15571429 -0.11428571 0.02 -0.1599985 -0.030027498 -0.25571399 -0.25571429 0.54571429 0.34285714 0.34285714 0.55428571 0.55428571 0.55425466 0.0085714286 0.73142857 0.79174518 1.0385714 1.0385714 0.13575059 0.13571429 0.34092921 0.76 0.76 0.75999998 0.65285714 0.65285714 0.57714286 0.57714286 0.85714131 0.29428571 0.65428563 0.59443342 0.16571429 0.16571429 0.89714286 0.83857143 0.83857143 0.83857081 0.75571429 0.75571429 0.69 0.71285714 0.71285714 0.97428571 0.97428571 0.17142857 0.17142857 0.17142857
-0.42714286 0.056492935 0.052844849 0.049824591 0.27999913 0.15571722 -0.11428571 0.018347016 -0.14759616 -0.15656805 0.54571429 0.54571429 0.54571429 0.54571429 0.34288588 0.55428571 0.55428571 0.54723967 0.0085714286 0.73150006 0.99428571 0.99428571 0.99428571 0.99428571 0.15076343 0.76 0.76 0.76 0.76 0.75994857 0.57714286 0.57714286 0.57714286 0.57714286 0.65428571 0.65428571 0.65428571 0.18923163 0.16999529 0.73571429 0.73571429 0.8385659 0.49715171 0.75568938 0.75571429 0.69 0.71285714 0.71285714 0.97428571 0.97428571 0.17434125 0.17142857 -0.22623203
-0.42714286 0.052857143 0.052857143 0.052857143 0.052857143 0.052857187 -0.11359453 -0.050770059 -0.11450385 0.54495759 0.54571429 0.54571429 0.54571429 0.54571429 0.54571444 0.55428571 0.55428563 0.51685344 0.0085822247 0.99428571 0.99428571 0.99428571 0.99428571 0.99428571 0.99792874 0.82194001 0.79999999 0.8 0.8 0.8 0.57714287 0.57714286 0.57714338 1.0157143 1.0157143 0.65428571 1.0709393 1.0828571 0.73571449 0.73571429 0.73571429 0.73571429 0.49714286 0.49714286 0.49714286 0.49848497 0.12811042 0.12428571 0.12428571 0.12428571 0.12428573 0.88857128 0.88857143
0.11 0.052857143 0.052857143 0.052857143 0.052857143 0.052857143 0.052857133 -0.031124617 0.75517893 0.76 0.76 0.76 0.76 0.76 0.76 0.99791178 0.56135579 0.47955933 0.99416196 0.99428571 0.99428571 0.99428571 0.99428571 0.99428616 1.1628571 1.1628571 1.1628566 0.8 0.8 0.80066653 1.1328571 1.1328571 1.0157143 1.0157143 1.0157143 1.0721016 1.0828571 1.0828571 1.0828571 0.73571429 0.73571429 0.73571429 0.49714286 0.49714286 0.49714286 0.49714286 0.12428573 0.12428571 0.12428571 0.12428571 0.12428571 0.88857143 0.88857143
0.11 0.088726363 0.052857143 0.052857143 0.052857143 0.052857143 0.098562456 0.098571429 0.098571445 0.76 0.76 0.76 0.76 0.76 0.81357598 1.0028571 1.0028571 1.0028571 1.3759765 1.3771425 1.3771429 1.3771429 1.3771429 1.3771429 1.1628571 1.1628571 1.1628571 1.1628571 0.8 1.1328571 1.1328571 1.1328571 1.0157143 1.0157143 1.0157143 1.0371429 1.0827966 1.0828571 1.0828571 0.73573903 0.78486376 0.89950899 0.49714286 0.49714286 0.86315269 0.86428571 0.86428571 0.12527436 0.72218899 0.72428566 0.7242856 0.78144477 0.88857121
0.11 -0.10687184 -0.031001915 0.052857143 0.052857143 0.098544418 0.098571429 0.098571429 0.098571429 0.10333787 0.76 0.76 0.76 0.76000003 1.0028571 1.0028571 1.0028571 1.0028571 1.3768085 1.3771429 1.3771429 1.3771429 1.3771429 1.3771429 1.1628571 1.1628571 1.1628571 1.1628571 1.162748 1.1328571 1.1328571 1.1328571 1.4671428 1.0157274 1.0371429 1.0371429 1.0371429 1.0396117 0.9115874 0.9 0.9 0.9 0.90571429 0.90571429 0.86428571 0.86428571 0.86428571 0.72428572 0.72428571 0.72428571 0.72428571 0.78142857 0.78142857
-0.11274059 -0.11285714 -0.11285714 -0.11285714 -0.075714286 0.098566933 0.098571429 0.098571429 0.098571429 0.098571429 0.73317742 0.75999538 0.75999999 1.0028571 1.0028571 1.0028571 1.0028571 1.0028571 1.0411273 1.3771429 1.3771429 1.3771429 1.3771429 1.3771429 1.3965395 1.5914262 1.5914286 1.5914286 1.5914286 1.1328572 1.4671429 1.4671429 1.4671429 1.4671429 1.0371429 1.0371488 1.2614286 1.2614286 0.90451297 0.9 0.9 0.9 0.90571429 0.90571429 0.87070028 0.86428571 0.86428571 0.72428571 0.72428571 0.72428571 0.72489843 0.78142857 0.78142857
-0.11285714 -0.11285714 -0.11285714 -0.095366017 -0.075714286 -0.075714286 0.098571429 0.098571429 0.098571429 0.098571429 0.40571429 0.40571429 0.40571429 1.0028571 1.0028571 1.0028571 1.0028571 1.0028699 1.1442857 1.1442857 1.3771428 1.3771429 1.3763777 1.3457143 1.3479263 1.5914286 1.5914286 1.5914286 1.5914286 1.4671555 1.4671429 1.4671429 1.4671429 1.4671429 1.2614278 1.2614286 1.2614286 1.2614286 1.2601731 0.9 0.9 0.9 0.90571429 0.90571429 0.90571429 0.86428571 0.86428571 0.72428572 0.72428571 0.72428572 0.78142857 0.78142857 0.78142857
-0.11285714 -0.11285714 -0.11285714 -0.075714286 -0.075714286 -0.075714286 -0.075714019 0.098571429 0.098571429 0.40539723 0.40571429 0.40571429 0.40571429 0.40608633 1.0652983 1.08 1.08 1.08 1.1442857 1.1442857 1.1442857 1.3457143 1.3457143 1.3457143 1.3457119 1.4580495 1.5914286 1.5914286 1.5914286 1.6268209 1.659981 1.66 1.66 1.66 1.3752518 1.5342851 1.5342857 1.5342857 1.5342857 1.135682 1.1357143 1.1357143 0.90571429 0.90571429 1.1199991 1.1200001 1.2985714 1.2985714 1.1442857 1.1442857 1.1442857 0.78142857 1.0968606
-0.11285682 -0.11285714 -0.11285714 -0.075714286 -0.075714286 -0.075714286 -0.075714285 -0.027142821 0.098068774 0.40550702 0.40571429 0.40571429 0.40571429 0.40703742 1.08 1.08 1.08 1.08 1.1442857 1.1442857 1.1442857 1.3457143 1.3457143 1.3457143 1.3371429 1.3371429 1.4185714 1.4185714 1.4185714 1.4198885 1.66 1.66 1.66 1.66 1.5971773 1.5342857 1.5342857 1.5342857 1.5342857 1.1357143 1.1357143 1.1357143 1.1352199 1.12 1.12 1.12 1.2985714 1.2985714 1.1442857 1.1442857 1.1442857 1.0971429 1.0971429
-0.0085714286 -0.048608526 0.091428571 0.09138008 -0.075714286 -0.02742389 -0.027142857 -0.027142857 0.06967775 0.17714286 0.17714286 0.17714286 0.17714286 0.46999047 0.47 1.0799995 1.08 1.0816938 1.1442857 1.1442857 1.1442857 0.96285714 0.96285714 0.96285714 1.3371429 1.3371429 1.4185714 1.4185714 1.4185714 1.4185716 1.5871433 1.5871431 1.6581688 1.6599219 1.3703317 1.37 1.37 1.37 1.37 1.1357143 1.1357143 1.1357143 1.1208651 1.12 1.12 1.1199999 1.2985714 1.2985714 1.2985659 1.1442857 1.1442898 1.2357143 1.0971429
0.3242225 0.32428567 0.091428571 0.091428571 0.091428571 -0.027142857 -0.027142857 -0.027142857 0.23857143 0.23857143 0.17714286 0.17714286 0.17714286 0.47 0.47 0.47 0.47 0.47007715 1.1442857 1.1442857 1.1442857 0.96285714 0.96285714 0.96285714 1.3371429 1.3371429 1.4185714 1.4185714 1.4185714 1.5852422 1.5871429 1.5871429 1.5871429 1.5871429 1.3701071 1.37 1.37 1.37 1.37 0.86428578 0.86428571 0.86428571 0.86428571 1.1199963 0.64 0.64 0.64 0.98571429 0.98571429 0.98571429 1.2357143 1.2357143 1.2357143
0.32428571 0.32428571 0.091428571 0.091428571 0.091428571 -0.026519625 -0.027142857 0.23857143 0.23857143 0.23857143 0.17715042 0.17714286 -0.099512228 0.46999986 0.47 0.47 0.47 -0.014285713 -0.014285714 -0.014285714 0.30142859 0.30142906 0.96285392 0.96285714 0.96289194 0.84428571 0.84428571 0.84428708 1.4184786 1.3600453 1.3600012 1.3600397 1.5867546 1.5869468 1.4085251 1.3699996 1.3668929 0.44285714 0.44285714 0.86428571 0.86428571 0.86428571 0.86428571 0.64 0.64 0.64 0.64 0.98571429 0.98571429 0.98571429 1.2357143 1.2357143 1.2357143
0.32428571 0.32428571 0.091428571 0.091428571 0.091428571 0.091428571 0.072306238 0.23857143 0.23857143 0.23857143 0.23835048 -0.16142857 -0.16142857 -0.16142857 0.46627885 0.47 -0.011058554 -0.014285714 -0.014285714 -0.014285714 0.30142857 0.30142857 0.30142857 0.30142857 0.84428571 0.84428571 0.84428571 0.84428571 0.84428571 1.36 1.36 1.36 1.36 1.3599994 1.0814286 0.44285714 0.44285714 0.44285714 0.44285714 0.4428578 0.58285714 0.58285714 0.58285714 0.63492274 0.74285714 0.74285714 0.74285714 0.98571428 0.98571399 0.68428571 0.68428571 1.0400476 1.04
0.32428571 0.32428571 0.17547365 0.091428571 0.091428571 0.091428569 0.0032754228 0.23782859 0.23857143 0.23857143 -0.16142854 -0.16142857 -0.16142857 -0.16142857 -0.16142857 -0.10965052 -0.014285714 -0.014285714 -0.014285714 -0.014285714 0.30142613 0.30142857 0.30142857 0.30142857 0.84428571 0.84428571 0.84428571 0.84428571 0.84428571 0.80578269 1.36 1.36 1.36 1.0814286 1.0814286 1.0809327 0.44285714 0.44285714 0.64626138 0.80428568 0.58285714 0.58285714 0.58285714 0.63424573 0.74285714 0.74285714 0.74285714 0.57285714 0.68289733 0.68428571 0.68428571 1.04 1.04
0.18 0.18 0.18 0.11363586 0.091585807 0.0028571432 0.0028571429 0.0028571429 0.0028571429 2.2621455e-11 7.8668901e-18 -0.16142856 -0.16142857 -0.16142857 -0.16142857 -0.16141926 -0.014285714 -0.014285714 -0.014285714 -0.014285714 0.1636611 0.30142857 0.30142857 0.29499813 0.090828478 0.84428571 0.84428571 0.84428571 0.61 0.61 0.61 0.61000315 1.0814286 1.0814286 1.0814286 1.0814286 0.80428571 0.80428571 0.80428571 0.80428571 0.65714286 0.65714286 0.65714286 0.73856979 0.73857143 0.73857143 0.73857143 0.57285714 0.57285714 0.68414994 0.68428571 1.0399986 1.04
0.18 0.18 0.18 0.18000115 0.20142857 0.17255302 0.0028571429 0.0028571429 0.0028571429 7.93025e-18 7.9301645e-18 7.9301645e-18 -0.50142856 -0.50142857 -0.50142857 -0.50142857 -0.015104801 -0.014285714 -0.014285714 -0.014285714 -0.0095117773 0.05571496 0.055714286 0.055714286 0.055714286 0.055714292 -0.0014285649 -0.0014285714 0.61 0.61 0.61 0.61 1.0814283 1.0814286 1.0814286 1.0814022 0.80428572 0.80428571 0.80428571 0.80512548 0.65714286 0.65714286 0.65714286 0.73856765 0.73857143 0.73857143 0.73857143 0.57285714 0.57285714 0.57285717 0.75857143 0.75857143 0.70857143
