interpolatedSpi/05-10|22_1.tif
NCOLS 53
NROWS 52
XLLCORNER -116.03883
YLLCORNER 28.596182
DX 0.49850594
DY 0.49788537
NODATA_VALUE -9999
[rows 26 to 51 of 52, columns 0 to 52 of 53]
-0.14857143 -0.14857143 -0.14857143 -0.05437717 -0.023054635 -0.16142857 -0.16142857 -0.16142857 -0.16142857 0.01142857 0.011428571 -0.015714284 -0.015714286 -0.015714286 -0.015714286 -0.015716192 -0.045714286 -0.045714286 -0.045714286 -0.045714286 -0.34363429 -0.57428571 -0.57428571 -0.57114526 -0.46204646 -0.62857143 -0.62857143 -0.62857143 -0.90714286 -0.90714286 -0.90714286 -0.90714179 -0.56857143 -0.56857143 -0.56857143 -0.56857143 -0.58571429 -0.58571429 -0.58571429 -0.58571429 -0.49714286 -0.49714286 -0.49714286 -0.4885716 -0.48857143 -0.48857143 -0.48857139 -0.58285714 -0.58285714 -0.24755191 -0.24714286 0.11142716 0.11142857
-0.14857143 -0.14857143 -0.14857143 -0.14857189 -0.15714286 -0.15776607 -0.16142857 -0.16142857 -0.16142857 0.011428571 0.011428571 0.011428571 -0.12999999 -0.13 -0.13 -0.12999999 -0.045418577 -0.045714286 -0.045714286 -0.045714286 -0.053722757 -0.45428604 -0.45428571 -0.45428571 -0.45428571 -0.45428572 -0.72 -0.72 -0.90714286 -0.90714286 -0.90714286 -0.90714286 -0.56857139 -0.56857143 -0.56857143 -0.56856654 -0.58571428 -0.58571429 -0.58571429 -0.58538214 -0.49714286 -0.49714286 -0.49714286 -0.48857183 -0.48857143 -0.48857143 -0.48857143 -0.58285714 -0.58285714 -0.58285709 -0.16857143 -0.16857143 -0.15857143
-0.14857143 -0.14857143 -0.14857143 -0.15714284 -0.15714286 -0.15714286 -0.16142857 -0.16142857 -0.16142857 0.011428571 0.011428571 0.011428571 -0.13 -0.13 -0.13 -0.11128651 0.11571429 0.11571429 0.11571387 -0.044802498 -0.45428571 -0.45428571 -0.45428571 -0.45428571 -0.45428571 -0.45448568 -0.72 -0.72 -0.72 -0.90714286 -0.90714286 -0.90709228 -0.50857143 -0.50857143 -0.50857143 -0.52714286 -0.52714286 -0.51 -0.51 -0.51 -0.33 -0.49709043 -0.49714224 -0.41428571 -0.41428571 -0.41710106 -0.48857139 -0.58285714 -0.58285714 -0.16857143 -0.16857143 -0.16857143 -0.15857143
-0.14857143 -0.14857143 -0.14857143 -0.15714286 -0.15714286 -0.15714286 -0.15714286 -0.16142857 -0.16142857 0.011428571 0.011428571 -0.1243449 -0.13 -0.13 -0.13 0.11571429 0.11571429 0.11571429 0.11571429 0.11571429 -0.45428571 -0.45428571 -0.45428571 -0.45428571 -0.45428571 -0.71999909 -0.72 -0.72 -0.72 -0.82857143 -0.82857143 -0.82857143 -0.50857143 -0.50857143 -0.50857143 -0.52714286 -0.52714286 -0.51 -0.51 -0.33 -0.33 -0.33 -0.41428571 -0.41428571 -0.41428571 -0.41428571 -0.38330443 -0.037142857 -0.037142857 -0.037142857 -0.16857142 0.18714286 0.18714286
-0.14857143 -0.14857143 -0.14858336 -0.15714286 -0.15714286 -0.15714286 -0.15714286 -0.18162316 -0.18285714 -0.18252358 0.011428568 -0.12999533 -0.13 -0.13 -0.12999915 0.11571429 0.11571429 0.11571429 0.11571429 0.11571429 0.32116177 -0.45428571 -0.45428571 -0.45428571 -0.45425864 -0.71997766 -0.72 -0.72 -0.72 -0.82857143 -0.82857143 -0.82857143 -0.82852642 -0.50857143 -0.52714286 -0.52714286 -0.52714286 -0.52714217 -0.50998772 -0.33 -0.33 -0.33 -0.4142806 -0.41428571 -0.41428571 -0.41428571 -0.037143323 -0.037142857 -0.037142857 -0.037142857 0.18714286 0.18714286 0.18714286
-0.48857143 -0.48857083 -0.15715005 -0.15714286 -0.15714286 -0.15714286 -0.18285167 -0.18285714 -0.18285714 -0.18285714 -0.074285717 -0.074285714 -0.074285714 -0.074285714 0.11483735 0.11571429 0.11571429 0.11571429 0.11571429 0.35428557 0.35428571 0.35428571 -0.32285716 -0.32285714 -0.32285714 -0.32285714 -0.35713568 -0.72 -0.97284679 -0.97285714 -0.97285714 -0.97285714 -0.97285714 -0.55571429 -0.55571429 -0.55571429 -0.55571429 -0.55571429 -0.35571429 -0.35571429 -0.35571429 -0.35571429 -0.35571429 -0.080503912 -0.08 -0.08 -0.08 -0.037142857 -0.037142857 -0.037142857 0.18710752 0.18714286 0.18714286
-0.48857143 -0.48857143 -0.48469607 -0.02571455 -0.025714315 -0.025867565 -0.18285714 -0.18285714 -0.18285714 -0.18285714 -0.074285714 -0.074285714 -0.074285714 -0.074285714 -0.074285714 0.11571429 0.11571429 0.11571429 0.35428565 0.35428571 0.35428571 0.35428571 -0.32285714 -0.32285714 -0.32285714 -0.32285714 -0.32285714 -0.32294183 -0.9727915 -0.97285714 -0.97285714 -0.97285714 -0.97283077 -0.69420025 -0.55585768 -0.55571429 -0.55571429 -0.55571429 -0.35571429 -0.35571429 -0.35571429 -0.35571429 -0.35571429 -0.08 -0.08 -0.08 -0.08 -0.059959163 -0.037142857 -0.082347112 -0.082857143 -0.22714286 -0.22714286
-0.48857143 -0.48857143 -0.025772915 -0.025714286 -0.025714286 -0.025714286 -0.065627909 -0.18285714 -0.18285714 -0.18285714 -0.074285714 -0.074285714 -0.074285714 -0.074285714 -0.074285714 0.1155719 0.11571429 0.35421577 0.35428571 0.35428571 0.35428571 0.35428571 -0.072005184 -0.32285714 -0.32285714 -0.32285714 -0.32285714 -0.32319703 -0.80285714 -0.80285714 -0.80285714 -0.80285714 -0.80285714 -0.8 -0.8 -0.8 -0.8 -0.8 -0.57 -0.57 -0.57 -0.57 -0.57 -0.079665143 -0.07999993 -0.079999999 -0.079976753 -0.077203208 -0.082857143 -0.082857143 -0.082857143 -0.22714205 -0.22714286
-0.4885703 0.11373818 -0.025714265 -0.025714286 -0.025714286 -0.025714286 -0.025714286 -0.18279023 -0.18285714 -0.18285714 -0.074285715 -0.074285714 -0.074285714 -0.074285714 0.33638552 0.34571429 0.34571429 0.35428549 0.35428571 0.35428571 0.35428571 0.35428571 0.35428562 -0.32285714 -0.32285714 -0.32285714 -0.32285714 -0.63857157 -0.6385715 -0.67353542 -0.80285714 -0.80285714 -0.80285714 -0.8 -0.8 -0.8 -0.8 -0.79993711 -0.57 -0.57 -0.57 -0.57 -0.56999223 0.057142857 0.057142857 0.057142857 0.057142857 0.057131566 -0.082857143 -0.082857143 -0.082857143 -0.082857253 -0.26233116
0.12571429 0.12571429 0.10302122 -0.025714286 -0.025714286 -0.025714286 -0.025714286 -0.025714286 -0.18278937 0.13428571 0.13428571 0.13428571 0.13379073 0.34571368 0.34571429 0.34571429 0.34571429 0.34571429 0.35428323 0.33303855 0.14714286 0.14714286 0.14714286 0.025722639 -0.35704411 -0.53997208 -0.6942637 -0.63857143 -0.63857143 -0.63857143 -0.63857143 -0.63857143 -0.64154482 -0.70353534 -0.70714286 -0.70714286 -0.70714286 -0.70714286 -0.55094627 -0.46857161 -0.46857143 -0.46857143 -0.46857143 -0.022856908 0.057142836 0.057142857 0.057142857 0.0085714286 -0.082855678 -0.082857143 -0.082857143 -0.26285714 -0.26285714
0.12571429 0.12571429 0.16142857 0.16142857 0.16142857 -0.025651947 -0.025714286 -0.025714286 0.13428571 0.13428571 0.13428571 0.13428571 0.13428571 0.34571428 0.34571429 0.34571429 0.34571429 0.34571429 0.14714286 0.14714286 0.14714286 0.14714286 0.14714286 -0.74999995 -0.75 -0.75 -0.75 -0.63857143 -0.63857143 -0.63857143 -0.63857143 -0.63857143 -0.38571429 -0.38571429 -0.70714286 -0.70714286 -0.70714286 -0.37148574 -0.37142857 -0.46857143 -0.46857143 -0.46857143 -0.46857137 -0.022857143 -0.022857143 -0.022857143 0.0085714286 0.0085714286 0.0085714286 0.045714286 0.045714286 -0.26285714 -0.26285714
0.12571429 0.12571429 0.16142857 0.16142857 0.16142857 0.16142857 0.16142858 0.16285714 0.13431262 0.13428571 0.13428571 0.13428571 0.13428571 0.34307691 0.34571429 0.34571429 0.34571429 0.34571429 0.14714286 0.14714286 0.14714286 0.14714286 0.14714286 -0.75 -0.75 -0.75 -0.75 -0.74999953 -0.63857143 -0.63857143 -0.63857143 -0.38572754 -0.38571429 -0.38571429 -0.38571429 -0.70714286 -0.37142858 -0.37142857 -0.37142857 -0.37398458 -0.12293796 -0.058571429 -0.058571429 -0.022857143 -0.022857143 -0.022857143 0.0085714286 0.0085714286 0.0085714286 0.045714286 0.045714286 0.045714286 -0.18134267
0.12714286 0.12714285 0.16142857 0.16142857 0.16142857 0.16142857 0.16285714 0.16285714 0.16285714 0.13428571 0.13428571 0.13428571 0.13428571 0.13435144 0.34571429 0.34571429 0.34571429 0.34571429 0.14714631 0.14714286 0.14714286 0.14714286 -0.59195375 -0.75 -0.75 -0.75 -0.75 -0.47571451 -0.47571429 -0.47571429 -0.63681409 -0.38571429 -0.38571429 -0.38571429 -0.3857141 -0.19142857 -0.37142857 -0.37142857 -0.37142857 -0.37142857 -0.058571429 -0.058571429 -0.058571429 0.054285714 0.054285714 0.054285714 -0.15998358 0.0085714286 0.0085714285 0.045714284 0.045714286 0.045714286 -0.17285681
0.12714286 0.12714286 0.16142857 0.16142857 0.16142857 0.16285714 0.16285714 0.16285714 0.16285714 0.13741386 0.13428571 0.13428571 0.13428571 0.13428692 0.42141986 0.42142857 0.42142857 0.42142857 0.020157432 0.017142857 0.017142857 0.017142857 0.017142857 -0.75 -0.75 -0.75 -0.74998191 -0.47571429 -0.47571429 -0.47571429 -0.47571429 -0.38570958 -0.27643419 -0.19142857 -0.19142857 -0.19142857 -0.371092 -0.28143045 -0.28142857 -0.28142857 -0.058667661 -0.18142857 -0.18142857 0.054285714 0.054285714 0.054284807 -0.16 -0.16 -0.19571429 -0.19571429 -0.19571429 -0.05 -0.054285714
0.12714286 0.12714286 0.32714286 0.32714286 0.32714286 0.16285714 0.16285714 0.16285714 0.16285714 0.0085714286 0.0085714286 0.0085714286 0.0085714286 0.037666438 0.42142857 0.42142857 0.42142857 0.42142857 0.02 0.017142857 0.017142857 0.017142857 0.017142857 -0.28285714 -0.28285733 -0.74999931 -0.47571429 -0.47571429 -0.47571429 -0.47571429 -0.43448902 -0.39428571 -0.21556579 -0.19142857 -0.19142857 -0.19142857 -0.28142857 -0.28142857 -0.28142857 -0.28142857 -0.18142857 -0.18142857 -0.18142857 -0.06003829 -0.06 -0.15955051 -0.16 -0.16 -0.19571284 -0.19571429 -0.05 -0.05 -0.054285714
0.12714286 0.32714286 0.32714286 0.32714286 0.32714286 0.32714286 0.16423228 0.34 0.34 0.0085714286 0.0085714286 0.0085714286 0.0085714286 0.0086692045 0.42142857 0.42142857 0.42142857 0.40329076 0.02 0.02 0.017142857 0.017142857 -0.28285714 -0.28285714 -0.28285714 -0.28285714 -0.47571429 -0.47571429 -0.47571429 -0.47571429 -0.39428571 -0.39428571 -0.39428571 -0.19163385 -0.19142857 -0.19142857 -0.28142857 -0.28142857 -0.28142857 -0.28142857 -0.18142857 -0.18142857 -0.18142857 -0.06 -0.06 -0.059989477 0.12571429 0.12571429 0.11428571 0.11428571 -0.05 -0.05 -0.054285714
0.32526461 0.32714286 0.32714286 0.32714286 0.32714286 0.32714286 0.34 0.34 0.34 0.16260558 0.0085714286 0.0085714286 0.0085714286 0.008581264 0.42142857 0.42142857 0.42142857 0.02 0.02 0.02 0.017143 0.017141025 -0.28285714 -0.28285714 -0.28285714 -0.28285714 -0.47570058 -0.47571429 -0.47571429 -0.39430444 -0.39428571 -0.39428571 -0.39428571 -0.39428571 -0.19215853 -0.35857143 -0.35857143 -0.35723634 -0.28142857 -0.28142857 -0.18142866 -0.18142857 -0.063530561 -0.06 -0.06 0.12571422 0.12571429 0.12571429 0.11428571 0.11428571 0.25571429 0.25571429 0.17714286
0.32714286 0.32714286 0.32714286 0.32714286 0.32714286 0.32714286 0.34 0.34 0.34 0.34 0.42427374 0.42428571 0.42428571 0.42428571 0.42142809 0.3097097 0.24714286 0.24714286 0.020418737 0.02 0.019999999 -0.28285671 -0.28285714 -0.28285714 -0.28285714 -0.28285714 -0.28299736 -0.47571429 -0.4757115 -0.39428571 -0.39428571 -0.39428571 -0.39428571 -0.39428571 -0.35857143 -0.35857143 -0.35857143 -0.35857143 -0.35857143 -0.35857135 -0.44428571 -0.44428571 -0.44428561 -0.14857143 -0.14857143 -0.14857143 -0.02 -0.02 0.015714286 0.015714286 0.25571429 0.25571411 0.17714286
0.32714286 0.32714286 0.32714286 0.32714286 0.32714286 0.32714286 0.34 0.34 0.34 0.42428571 0.42428571 0.42428571 0.42428571 0.42428571 0.37759128 0.24714286 0.24714286 0.24714286 0.24714286 0.24714286 0.23629753 -0.28285714 -0.28285714 -0.28285714 -0.28285714 -0.27473774 -0.024690893 -0.41424514 -0.39468728 -0.39428571 -0.39428571 -0.39428571 -0.39428571 -0.39428564 -0.35857143 -0.35857143 -0.35857143 -0.35857143 -0.35857143 -0.39844552 -0.44428571 -0.44428571 -0.44428571 -0.14857143 -0.14857143 -0.14857143 -0.02 -0.02 0.015714286 0.015714286 0.15714285 0.1760396 0.17714286
0.32714286 0.32714286 0.32714286 0.32714286 0.32714286 0.32714286 0.34 0.34 0.34349833 0.42428571 0.42428571 0.42428571 0.42428571 0.42428571 0.41578885 0.24714286 0.24714286 0.24714286 0.24714286 0.24714286 0.24714286 -0.062964594 -0.024286077 -0.024285714 -0.024285714 -0.024285714 -0.024285714 -0.024285714 -0.54123308 -0.5485696 -0.54857143 -0.54857143 -0.54857143 -0.54857129 -0.35857143 -0.35857143 -0.35857143 -0.35857143 -0.35857143 -0.4442857 -0.44428571 -0.44428571 -0.44428571 -0.44428558 -0.14876152 -0.26714286 -0.020000026 -0.10282758 0.015609141 0.15714286 0.15714286 0.15607383 0.10571429
0.32714286 0.32714286 0.32714286 0.32714286 0.32714286 0.32714368 0.33999931 0.3400051 0.42428561 0.42428571 0.42428571 0.42428571 0.42428571 0.42428571 0.42091506 0.24714286 0.24714286 0.24714286 0.24714286 0.24714286 0.24714286 -0.024285714 -0.024285714 -0.024285714 -0.024285714 -0.024285714 -0.024285714 -0.024285714 -0.5484267 -0.54857143 -0.54857143 -0.54857143 -0.54857143 -0.54857143 -0.49651145 -0.35857143 -0.35857143 -0.35857143 -0.35857143 -0.44428571 -0.44428571 -0.44428571 -0.44428571 -0.44424033 -0.26714286 -0.26714286 -0.26612215 -0.10428571 -0.10428571 0.15714286 0.15714286 0.10571429 0.10571429
0.32714286 0.32714286 0.32714286 0.32714286 0.32714286 0.32716 0.33998711 0.41477462 0.42428571 0.42428571 0.42428571 0.42428571 0.42428571 0.42428571 0.42118452 0.24714286 0.24714286 0.24714286 0.24714286 0.24714286 0.20849636 -0.024285714 -0.024285714 -0.024285714 -0.024285714 -0.024285714 -0.024285714 -0.024285714 -0.54856933 -0.54857143 -0.54857143 -0.54857143 -0.54857143 -0.54857143 -0.54857143 -0.45812868 -0.61287944 -0.69749735 -0.71037116 -0.45135637 -0.44428572 -0.44428571 -0.44428571 -0.267157 -0.26714286 -0.26857546 -0.50714093 -0.10428571 -0.10428571 0.067066217 0.067142857 0.067142857 0.10571427
0.32714286 0.32714286 0.32714286 0.32714286 0.32714287 0.32725012 0.34719702 0.42426254 0.42428571 0.42428571 0.42428571 0.42428571 0.42428571 0.42428571 0.42014916 0.24714286 0.24714286 0.24714286 0.24714286 0.24714286 -0.024284542 -0.024285714 -0.024285714 -0.024285714 -0.024285714 -0.024285714 -0.024285714 -0.024285714 -0.54857129 -0.54857143 -0.54857143 -0.54857143 -0.54857143 -0.54857143 -0.54857146 -0.71714286 -0.71714286 -0.71714286 -0.71714286 -0.55428571 -0.55428571 -0.55428571 -0.55428571 -0.50714216 -0.50714286 -0.50714286 -0.50714286 -0.50714031 -0.28428571 -0.28428571 0.067142857 0.067142857 -0.039962999
0.32714286 0.32714286 0.32714286 0.32714286 0.32714322 0.32753018 0.41848126 0.42428461 0.42428571 0.42428571 0.42428571 0.42428571 0.42428571 0.42428571 0.41827239 0.24714293 0.24714286 0.24714286 0.24714286 0.24550925 -0.024285714 -0.024285714 -0.024285714 -0.024285714 -0.024285714 -0.024285714 -0.024285714 -0.024285714 -0.54857131 -0.54857143 -0.54857143 -0.54857143 -0.54857143 -0.54857143 -0.7171427 -0.71714286 -0.71714286 -0.71714286 -0.71714286 -0.55428571 -0.55428571 -0.55428571 -0.55428571 -0.54156206 -0.50714286 -0.50714286 -0.50714286 -0.28428821 -0.28428571 -0.28428571 -0.088571429 -0.088571429 -0.088571429
0.32714286 0.32714286 0.32714286 0.32714289 0.32714658 0.33240302 0.42396952 0.42428544 0.42428571 0.42428571 0.42428571 0.42428571 0.42428571 0.4242857 0.4157301 0.24714702 0.24714286 0.24714286 0.24714255 -0.018786141 -0.024285714 -0.024285714 -0.024285714 -0.024285714 -0.024285714 -0.024285714 -0.024285714 -0.024285715 -0.54857094 -0.54857143 -0.54857143 -0.54857143 -0.54857143 -0.40320901 -0.71714275 -0.71714286 -0.71714286 -0.71714286 -0.71714286 -0.55428571 -0.55428571 -0.55428571 -0.55428571 -0.55428571 -0.50714286 -0.50714286 -0.50714286 -0.28428572 -0.28428571 -0.28428571 -0.088571429 -0.088571429 -0.088571429
0.32714286 0.32714286 0.32714287 0.32714322 0.32718691 0.37989039 0.42423011 0.42428555 0.42428571 0.42428571 0.42428571 0.42428571 0.42428571 0.42428538 0.41270752 0.24720755 0.24714286 0.24714285 0.24573754 -0.024262635 -0.024285714 -0.024285714 -0.024285714 -0.024285714 -0.024285714 -0.024285714 -0.024285714 -0.024286019 -0.54856814 -0.54857143 -0.54857129 -0.36745685 -0.35 -0.35 -0.35 -0.71714286 -0.71714286 -0.71714286 -0.71714286 -0.55428571 -0.55428571 -0.55428571 -0.55428571 -0.55428571 -0.50714369 -0.50714286 -0.50714275 -0.28428573 -0.28428571 -0.28428561 -0.088571429 -0.088571429 -0.088571429
