interpolatedSpi/05-11|21_1.tif
NCOLS 53
NROWS 52
XLLCORNER -116.03883
YLLCORNER 28.596182
DX 0.49850594
DY 0.49788537
NODATA_VALUE -9999
[rows 0 to 34 of 52, columns 0 to 52 of 53]
-0.4175 -0.4175 -0.41121047 -0.495 -0.44625 -0.63125 -0.6025 -0.62375 -0.65549439 -0.7775 -0.84 -0.52875 -0.67248333 -0.47 -0.28375 -0.28375 -0.28375 -0.2925 -0.655 -0.655 -0.655 -0.65499461 -0.095000008 -0.87875 -0.87875 -0.87875 -0.56749892 -0.5675 -0.5675 -0.34 -0.34 -0.34 -0.34 -0.88124989 -0.88125 -0.88125 -0.88125 -0.88125 -0.88125 -0.88124999 -0.56589664 -0.56244155 -0.3325 -0.3325 -0.3325 -0.3325 -0.33226521 -0.18875 -0.18875 -0.18875 0.15124929 0.15125 0.15125
-0.41751683 -0.79625 -0.42124966 -0.42405671 -0.66495799 -0.305 -0.47375 -0.6599079 -0.99625 -0.87625 -0.71 -0.6725 -0.6725 -0.90354951 -0.47000361 -0.28375 -0.2925 -0.2925 -0.65452735 -0.655 -0.655 -0.655 -0.88454008 -0.87875 -0.87875 -0.87875 -0.79875001 -0.79875 -0.34 -0.34 -0.34 -0.34 -0.34 -0.88124992 -0.88125 -0.88125 -0.88125 -0.88125 -0.88125 -0.83343182 -0.568782 -0.36116729 -0.3325 -0.3325 -0.3325 -0.3325 -0.3325 -0.18875 -0.18875 -0.18875 -0.16055687 0.15125 0.15125
-0.64624427 -0.64625 -0.1225 -0.34125 -0.3975 -0.555 -0.25625 -0.6625 -0.88375 -0.785 -0.90875 -0.85625 -0.66375 -0.5625 -0.905 -0.82875 -0.2925 -0.2925 -0.2925 -0.61126272 -0.61125 -0.61125 -0.98875 -0.87875 -0.87875 -0.87875 -0.79875 -0.79875 -0.79875 -0.34 -0.34 -0.34 -0.34421225 -0.88077345 -0.88114529 -0.87010309 -0.87 -0.87 -0.83211069 -0.56875 -0.56875 -0.5684479 -0.3325 -0.3325 -0.3325 -0.3325 -0.3325 -0.18875 -0.18875 -0.18875 -0.18875 0.15125 0.15125
-0.12375 -0.64624995 -0.41999406 -0.0025000001 -0.44125 -0.405 -0.37625 -0.50875 -0.51 -0.80374596 -0.69 -0.9525 -0.99875 -0.5625 -0.67875 -0.82875 -0.98008323 -0.98076742 -0.9475 -0.61125 -0.61125 -0.995 -0.98875 -0.98875 -0.87875 -0.8787496 -0.79875 -0.79875 -0.79875 -0.565 -0.44634844 -0.34875 -0.34875 -0.34875041 -0.87 -0.87 -0.87 -0.87 -0.56875 -0.56875 -0.56875 -0.56874999 -0.3325 -0.3325 -0.3325 -0.3325 -0.3325 -0.18875181 -0.18875 -0.18875 -0.18875 0.15122224 0.15125
-0.12375 0.027499179 -0.42 -0.52966072 -0.44125 -0.39 -0.62249317 -0.68 -0.72125 -0.61124998 -0.60681764 -0.60626271 -0.695 -0.67875 -0.67875 -0.78151071 -0.98125 -0.98125 -0.9475 -0.9475 -0.61125072 -0.995 -0.64125 -0.47625 -0.4025 -0.4024086 -0.79875 -0.79875 -0.565 -0.565 -0.34875 -0.34875 -0.34875 -0.38245739 -0.87 -0.87 -0.87 -0.56875 -0.56875 -0.56875 -0.56875 -0.56871211 -0.3325 -0.3325 -0.3325 -0.3325 -0.3325 -0.33122045 -0.18875 -0.18877287 -0.69875 -0.69875 -0.69875
-0.98375 -0.3575 -0.28625 -0.50125 -0.49375 -0.49375 -0.67375 -0.67455018 -0.2775 -0.1475 -0.4225 -0.0775 -0.077500407 -1.05 -1.05 -1.2086314 -1.20875 -0.95375 -0.95375 -0.94749961 -0.6 -0.6 -0.47625 -0.4025 -0.4025 -0.01125 -0.23125 -0.23125 -0.55500067 -0.565 -0.34875 -0.34875 -0.5275 -0.52746447 -0.18752443 -0.465 -0.465 -0.53665257 -0.56875 -0.56875 -0.17673953 -0.17625 -0.17624931 -0.37302182 -0.37374544 -0.37374999 -0.37375 -0.37374998 -0.18956159 -0.69875 -0.69875 -0.69875 -0.69875
0.26124374 -0.1475 -0.16151861 -0.315 -0.415 -0.61 -0.38375 -0.46375 -0.555 -0.555 -0.4225 -0.745 -1.0737499 -1.05 -0.717501 -0.7175 -1.20875 -0.695 -0.5 -0.5 -0.54992811 -0.49375 -0.49375 -0.051250005 -0.01125 -0.01125 -0.23125 -0.23125 -0.5549898 -0.55481224 -0.24790989 -0.5275 -0.5275 -0.1875 -0.1875 -0.4098552 -0.465 -0.465 -0.42500139 -0.17625035 -0.17625 -0.17625 -0.17624565 -0.37374733 -0.37375 -0.37375 -0.37375 -0.37374984 -0.1025 -0.69863184 -0.69875 -0.69875 -0.69875
0.26125 0.21875 -0.0975 -0.69375 -0.73124785 -0.6075 -0.36875 -0.765 -0.7225 -0.65625 -0.65625 -0.805 -1.07375 -1.07375 -0.71994421 -0.99983466 -1.0275 -0.555 -0.56624993 -0.5 -0.48681709 -0.50125 -0.22125 0.094999999 0.094999678 0.07 -0.28375 -0.28374998 -0.38061322 -0.38 -0.2475 -0.50291656 -0.53125 -0.1875 -0.18967474 -0.36375 -0.36375 -0.425 -0.425 -0.17625 -0.17625 -0.17624999 0.10484381 0.10499998 -0.37375 -0.37375 -0.37375 -0.10251032 -0.1025 -0.1025 -0.69875 -0.69875 -0.69875
0.17645929 0.21875 0.50625 -0.27125 -0.195 -0.41 -0.48375 -0.53 -0.65125 -0.50173045 -0.52125 -0.60125 -0.60125 -0.51 -0.50999828 -0.60742406 -0.60625 -0.60625 -0.55671733 -0.345 -0.33125 -0.33125 -0.16 -0.19711238 0.07251934 0.07 -0.32 -0.28375 -0.23528329 -0.235 -0.495 -0.345 -0.23734509 -0.45375 -0.26375 -0.30125 -0.3125 -0.6625 -0.4051189 -0.17496109 0.1125 0.1175 0.10500081 0.105 0.10230534 -0.37375 -0.47249999 -0.1025 -0.1025 -0.1025 -0.1025 -0.68552108 -0.13125
-0.06 -0.06 0.79375 0.35375 -0.2375 -0.37375 -0.50875 -0.24125 -0.31625 -0.46374722 -0.655 -0.18875 -0.51 -0.51 -0.3275 -0.33132318 -0.60625 -0.60617682 -0.2975 -0.345 -0.345 -0.34322854 -0.16 -0.19749929 -0.1975 -0.1975 -0.32 0.15 0.15 -0.235 -0.235 -0.3445946 -0.13125 -0.45375 -0.08 -0.30125 -0.3125 -0.31625 -0.405 -0.16520045 0.1175 0.11474495 0.11 0.105 0.105 -0.4725 -0.4725 -0.4725 -0.1025 -0.1025 -0.5925 -0.5925 -0.59249983
-0.06 -0.06 0.225 -0.215 -0.7225 -0.16125 -0.60125 -0.84736238 -0.81875 -0.62875 -0.62625 -0.7225 -0.18946105 -0.3275 -0.3275 -0.32748183 -0.17 -0.1766918 -0.2975 -0.5825 -0.5825 -0.38125 -0.38125 -0.1975 -0.1975 -0.1975 0.15 0.15 0.15 -0.12875 -0.12875 -0.12875 -0.07125 -0.07125 -0.23875 -0.35125 0.015 -0.43999486 -0.445 -0.16125 -0.16125 -0.14499916 0.11 0.105 -0.11500002 -0.2 -0.2621598 -0.26125 -0.2625 -0.2625 -0.5925 -0.5925 -0.5925
-0.06 0.062942352 0.037236306 -0.36374288 -0.18 -0.6675 -0.60125 -0.8475 -0.81875024 -0.63085497 -0.72249988 -0.7225 -0.5975 -0.3275 -0.3275 -0.17000001 -0.17 -0.17000726 -0.2975 -0.5825 -0.54297859 -0.38125 -0.38125 -0.19750793 -0.1975 -0.19215831 -0.18125 -0.18125 -0.18124996 -0.12875 -0.12875 -0.1775 -0.1775 -0.071250459 -0.23875 -0.21375005 0.038852462 -0.44 -0.44 -0.16125 -0.145 -0.145 -0.14499974 -0.115 -0.115 -0.2 -0.26125 -0.26125 -0.2625 -0.2625 -0.5925 -0.5925 -0.5925
-0.50875 -0.26094886 -0.29624651 -0.29673595 -0.18000259 -0.66748849 -0.60125 -0.8444688 -0.82073117 -0.81378859 -0.5975 -0.5975 -0.5975 -0.5975 -0.32753825 -0.17 -0.17 -0.17164623 -0.2975 -0.58260198 -0.94125 -0.94125 -0.94125 -0.94125 -0.21006527 -0.18125 -0.18125 -0.18125 -0.18125 -0.18125015 -0.1775 -0.1775 -0.1775 -0.1775 -0.21375 -0.21375 -0.21375 -0.4283866 -0.43914568 -0.32625 -0.32625 -0.14500975 -0.42123952 -0.1150295 -0.115 -0.2 -0.26125 -0.26125 -0.2625 -0.2625 -0.5913028 -0.5925 -0.35711262
-0.50875 -0.29625 -0.29625 -0.29625 -0.29625 -0.29625015 -0.6014195 -0.71776261 -0.82601671 -0.59773357 -0.5975 -0.5975 -0.5975 -0.5975 -0.59750016 -0.17 -0.17000002 -0.17874563 -0.29750031 -0.94125 -0.94125 -0.94125 -0.94125 -0.94125 -0.92784462 -0.25992821 -0.29249998 -0.2925 -0.2925 -0.2925 -0.1775 -0.1775 -0.17749997 -0.155 -0.155 -0.21375 -0.12625274 -0.12375 -0.32624988 -0.32625 -0.32625 -0.32625 -0.42125 -0.42125 -0.42125 -0.4197103 -0.54810857 -0.55 -0.55 -0.55 -0.54999999 -0.24250007 -0.2425
-0.825 -0.29625 -0.29625 -0.29625 -0.29625 -0.29625 -0.29625002 -0.61530995 -0.82613194 -0.82625 -0.82625 -0.82625 -0.82625 -0.82625 -0.82625 -0.82739552 -0.18044554 -0.1874592 -0.94116902 -0.94125 -0.94125 -0.94125 -0.94125 -0.9412495 -0.32125 -0.32125 -0.32124996 -0.2925 -0.2925 -0.29203193 -0.05875 -0.05875 -0.155 -0.155 -0.155 -0.12875584 -0.12375 -0.12375 -0.12375 -0.32625 -0.32625 -0.32625 -0.42125 -0.42125 -0.42125 -0.42125 -0.55 -0.55 -0.55 -0.55 -0.55 -0.2425 -0.2425
-0.825 -0.62815238 -0.29625 -0.29625 -0.29625 -0.29625 -0.50620878 -0.50625 -0.50625001 -0.82625 -0.82625 -0.82625 -0.82625 -0.82625 -0.82652576 -0.8275 -0.8275 -0.8275 -0.51629837 -0.51500043 -0.515 -0.515 -0.515 -0.515 -0.32125 -0.32125 -0.32125 -0.32125 -0.2925 -0.05875 -0.05875 -0.05875 -0.15499999 -0.155 -0.155 0.035 -0.12353981 -0.12375 -0.12375 -0.32619955 -0.22565385 0.0089950226 -0.42125 -0.42125 -0.53963353 -0.54 -0.54 -0.54961422 -0.31582122 -0.31500002 -0.31500004 -0.023783183 -0.24249956
-0.825 -0.56225145 -0.42718941 -0.29625 -0.29625 -0.50612592 -0.50625 -0.50625 -0.50625 -0.50855601 -0.82625 -0.82625 -0.82625 -0.82625 -0.8275 -0.8275 -0.8275 -0.8275 -0.51527915 -0.515 -0.515 -0.515 -0.515 -0.515 -0.32125 -0.32125 -0.32125 -0.32125 -0.3202952 -0.05875 -0.05875 -0.05875 -0.028750001 -0.15497763 0.035 0.035 0.035 0.037653882 0.0015413648 0.01 0.01 0.01 -0.4825 -0.4825 -0.54 -0.54 -0.54 -0.315 -0.315 -0.315 -0.315 -0.02375 -0.02375
-0.55515963 -0.555 -0.555 -0.555 -0.46 -0.50624881 -0.50625 -0.50625 -0.50625 -0.50625 -0.80410523 -0.82624619 -0.82624999 -0.8275 -0.8275 -0.8275 -0.8275 -0.8275 -0.78666716 -0.515 -0.515 -0.515 -0.515 -0.515 -0.40626684 -0.37874969 -0.37875 -0.37875 -0.37875 -0.058749998 -0.028750001 -0.02875 -0.02875 -0.02875 0.035 0.035006386 0.2775 0.2775 0.013340136 0.01 0.01 0.01 -0.4825 -0.4825 -0.53109702 -0.54 -0.54 -0.315 -0.315 -0.315 -0.31187704 -0.02375 -0.02375
-0.555 -0.555 -0.555 -0.51026308 -0.46 -0.46 -0.50625 -0.50625 -0.50625 -0.50625 -0.53375 -0.53375 -0.53375 -0.8275 -0.8275 -0.8275 -0.8275 -0.82741221 -0.56875 -0.56875 -0.51500002 -0.515 -0.51521303 -0.52375 -0.52244463 -0.37875 -0.37875 -0.37875 -0.37875 -0.028785639 -0.02875 -0.02875 -0.02875 -0.02875 0.27749915 0.2775 0.2775 0.2775 0.27653948 0.01 0.01 0.0099999997 -0.4825 -0.4825 -0.4825 -0.54 -0.54 -0.315 -0.315 -0.315 -0.02375 -0.02375 -0.02375
-0.555 -0.555 -0.555 -0.46 -0.46 -0.46 -0.46000007 -0.50625 -0.50625 -0.53372161 -0.53375 -0.53375 -0.53375 -0.53393301 -0.39749434 -0.29625 -0.29625 -0.29625 -0.56875 -0.56875 -0.56875 -0.52375 -0.52375 -0.52375 -0.5236467 -0.26138769 -0.37875 -0.37875 -0.37875 -0.11508969 -0.12499053 -0.125 -0.125 -0.125 0.13475385 -0.064999222 -0.065 -0.065 -0.065 -0.23121699 -0.23125 -0.23125 -0.4825 -0.4825 -0.41625028 -0.41624995 -0.28 -0.28 -0.135 -0.135 -0.135 -0.02375 -0.051225412
-0.55499799 -0.555 -0.555 -0.46 -0.46 -0.46 -0.46 -0.19250009 -0.5049955 -0.53351991 -0.53375 -0.53375 -0.53375 -0.53328396 -0.29625 -0.29625 -0.29625 -0.29625008 -0.56875 -0.56875 -0.56875 -0.52375 -0.52375 -0.52375 -0.155 -0.155 -0.275 -0.275 -0.275 -0.2741817 -0.125 -0.125 -0.125 -0.125 -0.095016538 -0.065 -0.065 -0.065 -0.065 -0.23125 -0.23125 -0.23125 -0.23707081 -0.41625 -0.41625 -0.41625 -0.28 -0.28 -0.135 -0.135 -0.135 -0.051250003 -0.05125
0.0925 -0.21347873 -0.4475 -0.44750363 -0.46 -0.19404775 -0.1925 -0.1925 -0.19295547 -0.28 -0.28 -0.28 -0.28 0.083738158 0.083749998 -0.29624971 -0.29625 -0.30342997 -0.56875 -0.56875 -0.56875 0.01125 0.01125 0.01125 -0.155 -0.155 -0.275 -0.275 -0.275 -0.27499996 -0.22624936 -0.22624972 -0.12754477 -0.12510855 -0.46336113 -0.46375 -0.46375 -0.46375 -0.46375 -0.23125 -0.23125 -0.23125 -0.40606332 -0.41625 -0.41625 -0.41624998 -0.28 -0.28 -0.27999478 -0.135 -0.13501537 -0.47875 -0.05125
-0.12245917 -0.12250006 -0.4475 -0.4475 -0.4475 -0.1925 -0.1925 -0.1925 -0.19375 -0.19375 -0.28 -0.28 -0.28 0.08375 0.08375 0.08375 0.08375 0.083676144 -0.56875 -0.56875 -0.56874998 0.01125 0.01125 0.01125 -0.155 -0.155 -0.275 -0.275 -0.275 -0.22679966 -0.22625 -0.22625 -0.22625 -0.22625 -0.46363281 -0.46375 -0.46375 -0.46375 -0.46375 -0.225 -0.225 -0.225 -0.225 -0.41624925 -0.31875 -0.31875 -0.31875 -0.4525 -0.4525 -0.4525 -0.47875 -0.47875 -0.47875
-0.1225 -0.1225 -0.4475 -0.4475 -0.4475 -0.19384033 -0.1925 -0.19375 -0.19375 -0.19375 -0.27998938 -0.28 -0.10125397 0.083749967 0.08375 0.08375 0.08375 -0.06875 -0.06875 -0.06875 -0.30874999 -0.30874976 0.011248441 0.01125 0.010955805 -0.40625 -0.40625 -0.40624969 -0.27502121 -0.24499626 -0.2449999 -0.24499673 -0.22628205 -0.22626618 -0.42146234 -0.46374993 -0.46312583 -0.2775 -0.2775 -0.225 -0.225 -0.225 -0.225 -0.31875 -0.31875 -0.31875 -0.31875 -0.4525 -0.4525 -0.4525 -0.47875 -0.47875 -0.47875
-0.1225 -0.1225 -0.4475 -0.4475 -0.4475 -0.4475 -0.19296784 -0.19375 -0.19375 -0.19375 -0.19367681 -0.06125 -0.06125 -0.06125 0.082895482 0.08375 -0.067733778 -0.06875 -0.06875 -0.06875 -0.30875 -0.30875 -0.30875 -0.30875 -0.40625 -0.40625 -0.40625 -0.40625 -0.40625 -0.245 -0.245 -0.245 -0.245 -0.24500006 -0.275 -0.2775 -0.2775 -0.2775 -0.2775 -0.27749985 -0.23875 -0.23875 -0.23875 -0.30342529 -0.4375 -0.4375 -0.4375 -0.4525 -0.45249992 -0.3725 -0.3725 -0.3562798 -0.35625
-0.1225 -0.1225 -0.33019782 -0.4475 -0.4475 -0.4475 -0.23243124 -0.19387212 -0.19375 -0.19375 -0.061249982 -0.06125 -0.06125 -0.06125 -0.06125 -0.049365933 -0.06875 -0.06875 -0.06875 -0.06875 -0.30874814 -0.30875 -0.30875 -0.30875 -0.40625 -0.40625 -0.40625 -0.40625 -0.40625 -0.27825304 -0.245 -0.245 -0.245 -0.275 -0.275 -0.27500194 -0.2775 -0.2775 -0.1909728 -0.12375001 -0.23875 -0.23875 -0.23875 -0.30106342 -0.4375 -0.4375 -0.4375 0.105 -0.3665504 -0.3725 -0.3725 -0.35625 -0.35625
-0.1975 -0.1975 -0.1975 -0.38481813 -0.44719119 -0.2325 -0.2325 -0.2325 -0.2325 0.023749998 0.02375 -0.061249994 -0.06125 -0.06125 -0.06125 -0.061250471 -0.06875 -0.06875 -0.06875 -0.06875 -0.20402179 -0.30875 -0.30875 -0.31257742 -0.45282922 -0.40625 -0.40625 -0.40625 -0.29 -0.29 -0.29 -0.28999981 -0.275 -0.275 -0.275 -0.275 -0.12375 -0.12375 -0.12375 -0.12375 -0.0825 -0.0825 -0.0825 -0.0025016084 -0.0025 -0.0025 -0.0025001377 0.105 0.105 -0.37191819 -0.3725 -0.35624701 -0.35625
-0.1975 -0.1975 -0.1975 -0.19750215 -0.2375 -0.23677292 -0.2325 -0.2325 -0.2325 0.02375 0.02375 0.02375 0.043749996 0.04375 0.04375 0.043749989 -0.069306416 -0.06875 -0.06875 -0.06875 -0.072397238 -0.4549996 -0.455 -0.455 -0.455 -0.455 -0.50625 -0.50625 -0.29 -0.29 -0.29 -0.29 -0.27499981 -0.275 -0.275 -0.27497882 -0.12375 -0.12375 -0.12375 -0.12435867 -0.0825 -0.0825 -0.0825 -0.0025037098 -0.0025 -0.0025 -0.0025 0.105 0.105 0.10500002 0.23625 0.23625 0.2125
-0.1975 -0.1975 -0.1975 -0.23749991 -0.2375 -0.2375 -0.2325 -0.2325 -0.2325 0.02375 0.02375 0.02375 0.04375 0.04375 0.04375 0.012048587 -0.3725 -0.3725 -0.37249922 -0.070465663 -0.455 -0.455 -0.455 -0.455 -0.455 -0.45503857 -0.50625 -0.50625 -0.50625 -0.29 -0.29 -0.29016091 -0.015 -0.015 -0.015 -0.51875 -0.51875 -0.2625 -0.2625 -0.2625 -0.07375 -0.082497255 -0.082498806 0.0775 0.0775 0.074468091 -0.0024996065 0.105 0.105 0.23625 0.23625 0.23625 0.2125
-0.1975 -0.1975 -0.1975 -0.2375 -0.2375 -0.2375 -0.2375 -0.2325 -0.2325 0.02375 0.02375 0.042950288 0.04375 0.04375 0.04375 -0.3725 -0.3725 -0.3725 -0.3725 -0.3725 -0.455 -0.455 -0.455 -0.455 -0.455 -0.50624983 -0.50625 -0.50625 -0.50625 -0.54 -0.54 -0.54 -0.015 -0.015 -0.015 -0.51875 -0.51875 -0.2625 -0.2625 -0.07375 -0.07375 -0.07375 0.0775 0.0775 0.0775 0.0775 0.083763734 0.15375 0.15375 0.15375 0.23625 0.245 0.245
-0.1975 -0.1975 -0.1975557 -0.2375 -0.2375 -0.2375 -0.2375 -0.35412144 -0.36 -0.35934115 0.023749995 0.043738589 0.04375 0.04375 0.04374856 -0.3725 -0.3725 -0.3725 -0.3725 -0.3725 -0.28837061 -0.455 -0.455 -0.455 -0.45497374 -0.50623994 -0.50625 -0.50625 -0.50625 -0.54 -0.54 -0.54 -0.53992158 -0.015 -0.51875 -0.51875 -0.51875 -0.51873917 -0.26248713 -0.07375 -0.07375 -0.07375 0.077490818 0.0775 0.0775 0.0775 0.15375004 0.15375 0.15375 0.15375 0.245 0.245 0.245
-0.365 -0.36499971 -0.23748346 -0.2375 -0.2375 -0.2375 -0.35997393 -0.36 -0.36 -0.36 -0.092500007 -0.0925 -0.0925 -0.0925 -0.37120767 -0.3725 -0.3725 -0.3725 -0.3725 -0.28125005 -0.28125 -0.28125 -0.32750002 -0.3275 -0.3275 -0.3275 -0.34292842 -0.50625 -0.21751183 -0.2175 -0.2175 -0.2175 -0.2175 -0.12625 -0.12625 -0.12625 -0.12625 -0.12625 0.2625 0.2625 0.2625 0.2625 0.2625 0.15862752 0.15875 0.15875 0.15875 0.15375 0.15375 0.15375 0.24498562 0.245 0.245
-0.365 -0.365 -0.3630115 -0.12750022 -0.12750002 -0.12772672 -0.36 -0.36 -0.36 -0.36 -0.0925 -0.0925 -0.0925 -0.0925 -0.0925 -0.3725 -0.3725 -0.3725 -0.28125002 -0.28125 -0.28125 -0.28125 -0.3275 -0.3275 -0.3275 -0.3275 -0.3275 -0.32753771 -0.21753234 -0.2175 -0.2175 -0.2175 -0.21751299 -0.18790055 -0.12631384 -0.12625 -0.12625 -0.12625 0.2625 0.2625 0.2625 0.2625 0.2625 0.15875 0.15875 0.15875 0.15875 0.1564119 0.15375 -0.061323368 -0.06375 -0.01375 -0.01375
-0.365 -0.365 -0.12753008 -0.1275 -0.1275 -0.1275 -0.18655402 -0.36 -0.36 -0.36 -0.0925 -0.0925 -0.0925 -0.0925 -0.0925 -0.37228614 -0.3725 -0.28127675 -0.28125 -0.28125 -0.28125 -0.28125 -0.31036639 -0.3275 -0.3275 -0.3275 -0.3275 -0.32748157 -0.30125 -0.30125 -0.30125 -0.30125 -0.30125 -0.235 -0.235 -0.235 -0.235 -0.235 0.0725 0.0725 0.0725 0.0725 0.072500002 0.15885377 0.15875002 0.15875 0.1587572 0.1595848 -0.06375 -0.06375 -0.06375 -0.01375028 -0.01375
-0.36499972 -0.21547314 -0.12750001 -0.1275 -0.1275 -0.1275 -0.1275 -0.359901 -0.36 -0.36 -0.092500001 -0.0925 -0.0925 -0.0925 -0.26361301 -0.2675 -0.2675 -0.28124965 -0.28125 -0.28125 -0.28125 -0.28125 -0.28125001 -0.3275 -0.3275 -0.3275 -0.3275 -0.71999959 -0.71999981 -0.63087982 -0.30125 -0.30125 -0.30125 -0.235 -0.235 -0.235 -0.235 -0.23502455 0.0725 0.0725 0.0725 0.0725 0.072492817 0.20125 0.20125 0.20125 0.20125 0.20122863 -0.06375 -0.06375 -0.06375 -0.063749827 0.21532587
