interpolatedSpi/05-10|22_1.tif
NCOLS 53
NROWS 52
XLLCORNER -116.03883
YLLCORNER 28.596182
DX 0.49850594
DY 0.49788537
NODATA_VALUE -9999
[rows 0 to 28 of 52, columns 0 to 52 of 53]
-0.53 -0.53 -0.74475071 -0.865 -0.59666667 -0.39166667 -0.59833333 -0.69166667 -0.8262175 -0.63 -0.83833333 -0.51166667 -0.67166927 -0.70333333 -0.57333333 -0.57333333 -0.57333333 0.005 -0.29833333 -0.29833333 -0.29833333 -0.29833764 -0.74499999 0.051666667 0.051666667 0.051666667 -0.39166421 -0.39166667 -0.39166667 -0.34833333 -0.34833333 -0.34833333 -0.34833333 0.026666592 0.026666667 0.026666667 0.026666667 0.026666667 0.026666667 0.026666682 0.58069929 0.58651475 -0.01 -0.01 -0.01 -0.01 -0.0096978319 0.175 0.175 0.175 -0.04333288 -0.043333333 -0.043333333
-0.53001333 -0.83 -0.69833343 -0.66572208 -0.57684483 -0.64666667 -0.70833333 -0.45370174 -0.68333333 -0.73166667 -0.64 -0.67166667 -0.67166667 -0.16845617 -0.7033257 -0.57333333 0.005 0.005 -0.29793783 -0.29833333 -0.29833333 -0.29833333 0.043069275 0.051666667 0.051666667 0.051666667 -0.38666664 -0.38666667 -0.34833333 -0.34833333 -0.34833333 -0.34833333 -0.34833333 0.026666612 0.026666667 0.026666667 0.026666667 0.026666667 0.026666679 0.1209055 0.62661456 0.06725416 -0.01 -0.01 -0.01 -0.01 -0.01 0.175 0.175 0.175 0.15689559 -0.043333333 -0.043333333
-0.62831948 -0.62833333 -0.78 -0.38833333 -0.54 -0.58666667 -0.43833333 -0.41 -0.91666667 -0.51166667 -0.73 -0.62333333 -0.73833333 0.021666667 -0.16666667 -0.44333333 0.005 0.005 0.005 -8.6726388e-05 1.8503717e-17 -4.0521008e-15 -0.11166667 0.051666667 0.051666667 0.051666667 -0.38666667 -0.38666667 -0.38666667 -0.34833333 -0.34833333 -0.34833333 -0.34351933 0.026699113 0.028264517 0.19676027 0.19833333 0.19833333 0.25220638 0.62666666 0.62666667 0.62585253 -0.01 -0.01 -0.01 -0.01 -0.01 0.175 0.175 0.175 0.175 -0.043333333 -0.043333333
-0.55 -0.62833332 -0.57501072 -0.05 -0.895 -0.42 -0.47833333 -0.68333333 -0.59833333 -0.34777617 -0.38333333 -0.29166667 -0.41833333 0.021666667 -0.7 -0.44333333 -0.61037876 -0.61123459 -0.78333333 -2.3360825e-11 1.8503717e-17 -0.44166667 -0.11166667 -0.11166667 0.051666667 0.051664477 -0.38666667 -0.38666667 -0.38666667 -0.58 -0.44740288 -0.33833333 -0.33833333 -0.33833291 0.19833333 0.19833333 0.19833333 0.19833333 0.62666667 0.62666667 0.62666667 0.62666664 -0.01 -0.01 -0.01 -0.01 -0.01 0.17499767 0.175 0.175 0.175 -0.043334259 -0.043333333
-0.55 -0.083334235 -0.575 -0.36868791 -0.895 -0.87166667 -0.48499477 0.165 -0.33833333 0.17333315 -0.14071461 -0.29 -0.29 -0.7 -0.7 -0.53090953 -0.61166667 -0.61166667 -0.78333333 -0.78333333 -9.1834824e-07 -0.44166667 0.23166667 -0.13333333 -0.32333333 -0.32313378 -0.38666667 -0.38666667 -0.58 -0.58 -0.33833333 -0.33833333 -0.33833333 -0.24278948 0.19833333 0.19833333 0.19833333 0.62666667 0.62666667 0.62666667 0.62666667 0.62660971 -0.0099999993 -0.01 -0.01 -0.01 -0.01 -0.0083532708 0.175 0.17498894 -0.071666667 -0.071666667 -0.071666667
-1.5533333 -0.50666667 -0.52333335 -0.41333333 -0.545 -0.54166667 -0.54666667 -0.45555295 -0.14333333 -0.57833333 -0.725 -0.48166667 -0.48166654 -0.455 -0.455 -0.56328545 -0.56333333 -0.47666667 -0.47666667 -0.7833329 -0.795 -0.795 -0.13333333 -0.32333333 -0.32333333 0.53 0.061666667 0.061666667 0.19492929 -0.58 -0.33833333 -0.33833333 0.16833333 0.1683753 0.56997126 0.64666667 0.64666667 0.63285412 0.62666667 0.62666667 0.037402524 0.036666669 0.036668445 -0.12788167 -0.12998674 -0.12999997 -0.13 -0.12999995 -0.095016835 -0.071666667 -0.071666667 -0.071666667 -0.071666667
-1.0933376 -0.31166667 -0.14932771 -0.195 -0.41666667 -0.63833333 -0.27333333 -0.13666667 -0.091666667 -0.091666667 -0.725 -0.42666667 -0.77833329 -0.455 -0.36500027 -0.365 -0.56333333 -0.32166667 -0.28666667 -0.28666667 -0.63712626 -0.46 -0.46 0.41666666 0.53 0.53 0.061666667 0.061666667 0.19498543 0.19473177 0.32715116 0.16833333 0.16833333 0.57 0.57 0.696592 0.64666667 0.64666667 0.49500526 0.036667305 0.036666667 0.036666667 0.036676066 -0.12999941 -0.13 -0.13 -0.13 -0.12999999 -0.10833333 -0.071673933 -0.071666667 -0.071666667 -0.071666667
-1.0933333 -0.22333333 0.31833333 -0.445 -0.19501433 -0.39 -0.35333333 -0.175 -0.405 -0.19833333 -0.19833333 -0.63 -0.77833333 -0.77833333 -0.36783585 -0.76876892 -0.80833333 -0.19166667 -0.57333304 -0.28666667 -0.091035832 -0.065 -0.4 0.145 0.14499839 0.02 0.10333333 0.10333332 -0.054123965 -0.054999992 0.32833333 0.16995951 0.36666667 0.57 0.56966725 0.73833333 0.73833333 0.495 0.495 0.036666667 0.036666667 0.036666682 -0.023093901 -0.025000005 -0.13 -0.13 -0.13 -0.10833416 -0.10833333 -0.10833333 -0.071666667 -0.071666667 -0.071666667
-0.30905261 -0.22333333 0.21166667 0.061666667 0.066666667 -0.021666667 -0.105 0.39833333 -0.18666667 -0.16274354 -0.19833333 -0.515 -0.515 0.10333333 0.10332916 -0.90971665 -0.91 -0.91 -0.24992867 -0.2266667 -0.37166667 -0.37166666 0.035 -0.22857365 0.0325967 0.02 0.10166667 0.10333333 0.1149322 0.115 0.115 0.84666667 0.47815935 0.26166667 0.55833333 0.62 0.67 0.14333333 0.82135344 0.039969859 0.77666667 0.27 -0.024933252 -0.025 -0.025590997 -0.13 0.073333323 -0.10833333 -0.10833333 -0.10833333 -0.10833333 -0.11669686 -0.345
-0.78833333 -0.78833333 0.34666667 0.14166667 -0.078333333 0.325 0.015 0.175 -0.14666667 -0.15667902 0.016666667 0.078333333 0.10333333 0.10333333 -0.34 -0.34781781 -0.91 -0.90981611 -0.096666667 -0.22666667 -0.22666667 -0.24534753 0.035 0.12666493 0.12666667 0.12666667 0.10166667 0.42666667 0.42666667 0.115 0.115 0.84527898 0.115 0.26166667 0.29166667 0.62 0.67 0.83166667 0.82166667 0.082182221 0.27000002 0.31224403 0.385 -0.025 -0.025 0.073333333 0.073333333 0.073333333 -0.10833333 -0.10833333 -0.43333333 -0.43333333 -0.4333333
-0.78833333 -0.78833333 -0.085 -0.20166667 -0.11 0.096666667 -0.0050000007 0.26004847 0.36 0.295 -0.16166667 -0.081666667 0.078120363 -0.34 -0.34 -0.33997827 -0.15166667 -0.14878001 -0.096666667 -0.22166667 -0.22166667 -0.22333333 -0.22333333 0.12666667 0.12666667 0.12666667 0.42666667 0.42666667 0.42666667 -0.375 -0.375 -0.37499919 0.021666667 0.021666667 -0.035 -0.325 0.425 0.35166753 0.48833333 0.07 0.07 0.071667696 0.385 -0.025 0.1266664 -0.19666667 0.1363939 0.13666667 0.086666667 0.086666667 -0.43333333 -0.43333333 -0.43333333
-0.78833333 -0.48463318 -0.13478583 -0.17499578 0.40833333 0.028333333 -0.005 0.26 0.35999916 0.29572012 -0.081666176 -0.081666667 -0.035 -0.34 -0.34 -0.15166667 -0.15166667 -0.15166354 -0.096666667 -0.22166667 -0.22199397 -0.22333333 -0.22333333 0.12665276 0.12666667 0.085576721 0.0016666667 0.0016666667 0.00166672 -0.375 -0.375 -0.22666667 -0.22666667 0.021666511 -0.035 -0.043333274 0.429543 0.35166667 0.35166667 0.07 0.071666667 0.071666667 0.071667114 0.12666667 0.12666667 -0.19666667 0.13666667 0.13666667 0.086666667 0.086666667 -0.43333333 -0.43333333 -0.43333333
0.14166667 0.044035843 0.05665719 0.054996165 0.40833127 0.028342305 -0.0049999991 0.25673801 0.35310898 0.35830268 -0.035 -0.035 -0.035 -0.035 -0.33995679 -0.15166667 -0.15166667 -0.15095653 -0.096666667 -0.22160995 -0.028333333 -0.028333333 -0.028333333 -0.028333333 0.12393941 0.0016666667 0.0016666667 0.0016666667 0.0016666667 0.001391632 -0.22666667 -0.22666667 -0.22666667 -0.22666667 -0.043333333 -0.043333333 -0.043333333 0.33273964 0.34702265 -0.26666667 -0.26666667 0.071648468 -0.17332306 0.12663777 0.12666667 -0.19666667 0.13666667 0.13666667 0.086666667 0.086666667 -0.43144683 -0.43333333 -0.23890522
0.14166667 0.056666667 0.056666667 0.056666667 0.056666667 0.056666657 -0.0049146237 0.12040112 0.33472436 -0.034576191 -0.035 -0.035 -0.035 -0.035 -0.03499981 -0.15166667 -0.15166666 -0.14789404 -0.096667212 -0.028333333 -0.028333333 -0.028333333 -0.028333333 -0.028333333 -0.029774364 -0.12497936 -0.19833329 -0.19833333 -0.19833333 -0.19833333 -0.22666667 -0.22666667 -0.22666698 -0.48666667 -0.48666667 -0.043333333 -0.37549884 -0.385 -0.26666674 -0.26666667 -0.26666667 -0.26666667 -0.17333333 -0.17333333 -0.17333333 -0.17349571 0.16971389 0.17 0.17 0.17 0.17 0.084999893 0.085
0.37333333 0.056666667 0.056666667 0.056666667 0.056666667 0.056666667 0.056666663 0.050155497 0.23373228 0.23333333 0.23333333 0.23333333 0.23333333 0.23333333 0.23333333 0.23328685 -0.14555201 -0.14413525 -0.028341943 -0.028333333 -0.028333333 -0.028333333 -0.028333333 -0.028333105 -0.095 -0.095 -0.095000145 -0.19833333 -0.19833333 -0.19865372 -0.35833333 -0.35833333 -0.48666667 -0.48666667 -0.48666667 -0.40128595 -0.385 -0.385 -0.385 -0.26666667 -0.26666667 -0.26666667 -0.17333333 -0.17333333 -0.17333333 -0.17333333 0.16999999 0.17 0.17 0.17 0.17 0.085 0.085
0.37333333 0.25544193 0.056666667 0.056666667 0.056666667 0.056666667 0.031671573 0.031666667 0.031666672 0.23333333 0.23333333 0.23333333 0.23333333 0.23333333 0.23333333 0.23333333 0.23333333 0.23333333 0.16773461 0.16833313 0.16833333 0.16833333 0.16833333 0.16833333 -0.095 -0.095 -0.095 -0.095 -0.19833333 -0.35833333 -0.35833333 -0.35833333 -0.48666666 -0.48666667 -0.48666667 -0.50833333 -0.3851633 -0.385 -0.385 -0.26669667 -0.32650081 -0.46606891 -0.17333333 -0.17333333 -0.42256182 -0.42333333 -0.42333333 0.16864006 -0.65377784 -0.65666659 -0.65666651 -0.47324887 0.084998865
0.37333333 -0.025655157 0.0094357033 0.056666667 0.056666667 0.031681438 0.031666667 0.031666667 0.031666667 0.033119934 0.23333333 0.23333333 0.23333333 0.23333333 0.23333333 0.23333333 0.23333333 0.23333333 0.1683914 0.16833333 0.16833333 0.16833333 0.16833333 0.16833333 -0.094999994 -0.095 -0.095 -0.095 -0.095957835 -0.35833333 -0.35833333 -0.35833333 -0.245 -0.48666304 -0.50833333 -0.50833333 -0.50833333 -0.50749971 -0.46149564 -0.46666667 -0.46666667 -0.46666667 -0.63166667 -0.63166667 -0.42333333 -0.42333333 -0.42333333 -0.65666666 -0.65666667 -0.65666667 -0.65666667 -0.47333333 -0.47333333
-0.036381694 -0.036666667 -0.036666667 -0.036666668 -0.13333333 0.03166241 0.031666667 0.031666667 0.031666667 0.031666667 0.2516294 0.23333648 0.23333334 0.23333333 0.23333333 0.23333333 0.23333333 0.23333333 0.21687456 0.16833333 0.16833333 0.16833333 0.16833333 0.16833333 -0.082055127 -0.28499897 -0.285 -0.285 -0.285 -0.35833333 -0.245 -0.245 -0.245 -0.245 -0.50833333 -0.50833136 -0.43333333 -0.43333333 -0.46625045 -0.46666667 -0.46666667 -0.46666667 -0.63166667 -0.63166667 -0.45559051 -0.42333333 -0.42333333 -0.65666667 -0.65666667 -0.65666667 -0.65470086 -0.47333333 -0.47333333
-0.036666667 -0.036666667 -0.036666667 -0.082188442 -0.13333333 -0.13333333 0.031666667 0.031666667 0.031666667 0.031666667 0.475 0.475 0.475 0.23333333 0.23333333 0.23333333 0.23333333 0.23330662 0.053333333 0.053333333 0.16833329 0.16833333 0.16167882 -0.105 -0.10662046 -0.285 -0.285 -0.285 -0.285 -0.24500407 -0.245 -0.245 -0.245 -0.245 -0.4333336 -0.43333333 -0.43333333 -0.43333333 -0.43344798 -0.46666667 -0.46666667 -0.46666667 -0.63166667 -0.63166667 -0.63166667 -0.42333333 -0.42333333 -0.65666666 -0.65666667 -0.65666667 -0.47333333 -0.47333333 -0.47333333
-0.036666667 -0.036666667 -0.036666667 -0.13333333 -0.13333333 -0.13333333 -0.13333308 0.031666667 0.031666667 0.47454235 0.475 0.475 0.475 0.47484943 0.10247671 0.071666667 0.071666667 0.071666667 0.053333333 0.053333333 0.053333333 -0.105 -0.105 -0.105 -0.10502708 -0.24128964 -0.285 -0.285 -0.285 -0.23101293 -0.22666847 -0.22666667 -0.22666667 -0.22666667 -0.41437582 -0.38833344 -0.38833333 -0.38833333 -0.38833333 -0.6966352 -0.69666667 -0.69666667 -0.63166667 -0.63166667 -0.6716665 -0.67166653 -0.28166667 -0.28166667 -0.32666667 -0.32666667 -0.32666667 -0.47333333 0.031215135
-0.036666977 -0.036666667 -0.03666667 -0.13333333 -0.13333333 -0.13333333 -0.13333333 -0.10999996 0.031100228 0.47447256 0.475 0.475 0.475 0.47420855 0.071666667 0.071666667 0.071666667 0.071666661 0.053333333 0.053333333 0.053333333 -0.105 -0.105 -0.105 -0.20166667 -0.20166667 -0.26 -0.26 -0.26 -0.25981816 -0.22666667 -0.22666667 -0.22666667 -0.22666667 -0.30745564 -0.38833333 -0.38833333 -0.38833333 -0.38833333 -0.69666667 -0.69666667 -0.69666667 -0.69588007 -0.67166667 -0.67166667 -0.67166667 -0.28166667 -0.28166667 -0.32666667 -0.32666667 -0.32666667 0.031666655 0.031666667
-0.13666667 -0.08887362 0.0033333333 0.003293684 -0.13333333 -0.11013501 -0.11 -0.11 -0.19988006 -0.10666667 -0.10666667 -0.10666667 -0.10666667 0.10165988 0.10166667 0.07166669 0.071666667 0.07118361 0.053333333 0.053333333 0.053333333 -0.21666667 -0.21666667 -0.21666667 -0.20166667 -0.20166667 -0.26 -0.26 -0.26 -0.26000012 -0.41999877 -0.41999946 -0.23152581 -0.22687393 -0.53964228 -0.54 -0.54 -0.54 -0.54 -0.69666667 -0.69666667 -0.69666667 -0.67304325 -0.67166667 -0.67166667 -0.67166664 -0.28166667 -0.28166667 -0.28166829 -0.32666667 -0.32666011 -0.18 0.031666667
-0.14499842 -0.14499997 0.0033333333 0.0033333333 0.0033333333 -0.11 -0.11 -0.11 -0.35666667 -0.35666667 -0.10666667 -0.10666667 -0.10666667 0.10166667 0.10166667 0.10166667 0.10166667 0.10166119 0.053333333 0.053333333 0.053333323 -0.21666667 -0.21666667 -0.21666667 -0.20166667 -0.20166667 -0.26 -0.26 -0.26 -0.41819599 -0.42 -0.42 -0.42 -0.42 -0.53994079 -0.54 -0.54 -0.54 -0.54 -0.70833333 -0.70833333 -0.70833333 -0.70833333 -0.67166564 -0.53833333 -0.53833333 -0.53833333 -0.245 -0.245 -0.245 -0.18 -0.18 -0.18
-0.145 -0.145 0.0033333333 0.0033333333 0.0033333333 -0.1094043 -0.11 -0.35666667 -0.35666667 -0.35666667 -0.10669744 -0.10666667 -0.045382312 0.10166664 0.10166667 0.10166667 0.10166667 -0.023333333 -0.023333333 -0.023333333 -0.50333333 -0.50333312 -0.21666806 -0.21666667 -0.2168828 -0.58833333 -0.58833333 -0.58833255 -0.26005306 -0.79325893 -0.79333135 -0.79326815 -0.42063807 -0.42032218 -0.51886968 -0.54000008 -0.54066466 -0.73833333 -0.73833333 -0.70833333 -0.70833333 -0.70833333 -0.70833333 -0.53833333 -0.53833333 -0.53833333 -0.53833333 -0.245 -0.245 -0.245 -0.18 -0.18 -0.18
-0.145 -0.145 0.0033333333 0.0033333333 0.0033333333 0.0033333329 -0.20232013 -0.35666667 -0.35666667 -0.35666667 -0.35648714 -0.031666667 -0.031666667 -0.031666667 0.1008809 0.10166667 -0.022500364 -0.023333333 -0.023333333 -0.023333333 -0.50333333 -0.50333333 -0.50333333 -0.50333333 -0.58833333 -0.58833333 -0.58833333 -0.58833333 -0.58833333 -0.79333333 -0.79333333 -0.79333333 -0.79333333 -0.79333297 -0.62166667 -0.73833333 -0.73833333 -0.73833333 -0.73833333 -0.73833282 -0.58 -0.58 -0.58 -0.54257785 -0.465 -0.465 -0.465 -0.24500001 -0.2450001 -0.34666667 -0.34666667 0.058275353 0.058333333
-0.145 -0.145 -0.050204584 0.0033333333 0.0033333333 0.0033333332 -0.0022966225 -0.3555479 -0.35666667 -0.35666667 -0.03166664 -0.031666667 -0.031666667 -0.031666667 -0.031666667 -0.020736523 -0.023333333 -0.023333333 -0.023333333 -0.023333333 -0.50332962 -0.50333333 -0.50333333 -0.50333333 -0.58833333 -0.58833333 -0.58833333 -0.58833333 -0.58833333 -0.82412318 -0.79333333 -0.79333333 -0.79333333 -0.62166667 -0.62166667 -0.62175726 -0.73833333 -0.73833333 -0.6764277 -0.62833334 -0.58 -0.58 -0.58 -0.5432836 -0.465 -0.465 -0.465 -0.66 -0.35057077 -0.34666667 -0.34666667 0.058333333 0.058333333
-0.098333333 -0.098333333 -0.098333333 -0.022157295 0.0032560207 -0.0016666667 -0.0016666667 -0.0016666667 -0.0016666667 0.096666666 0.096666667 -0.031666658 -0.031666667 -0.031666667 -0.031666667 -0.031666137 -0.023333333 -0.023333333 -0.023333333 -0.023333333 -0.2938769 -0.50333333 -0.50333333 -0.49644179 -0.25551089 -0.58833333 -0.58833333 -0.58833333 -0.835 -0.835 -0.835 -0.83499983 -0.62166667 -0.62166667 -0.62166667 -0.62166667 -0.62833333 -0.62833333 -0.62833333 -0.62833333 -0.55833333 -0.55833333 -0.55833333 -0.53000057 -0.53 -0.53 -0.52999998 -0.66 -0.66 -0.34704845 -0.34666667 0.058332199 0.058333333
-0.098333333 -0.098333333 -0.098333333 -0.098330731 -0.05 -0.042971539 -0.0016666667 -0.0016666667 -0.0016666667 0.096666667 0.096666667 0.096666667 0.016666665 0.016666667 0.016666667 0.016666672 -0.022725779 -0.023333333 -0.023333333 -0.023333333 -0.030597464 -0.24000072 -0.24 -0.24 -0.24 -0.24000001 -0.55 -0.55 -0.835 -0.835 -0.835 -0.835 -0.62166655 -0.62166667 -0.62166667 -0.62165391 -0.62833333 -0.62833333 -0.62833333 -0.62783616 -0.55833333 -0.55833333 -0.55833333 -0.53000131 -0.53 -0.53 -0.53 -0.66 -0.66 -0.65999993 -0.16666667 -0.16666667 -0.098333333
-0.098333333 -0.098333333 -0.098333333 -0.050000111 -0.05 -0.05 -0.0016666848 -0.0016666667 -0.0016666667 0.096666667 0.096666667 0.096666667 0.016666667 0.016666667 0.016666667 0.038879869 0.30833333 0.30833333 0.30833248 -0.021459995 -0.24 -0.24 -0.24 -0.24 -0.24 -0.24023329 -0.55 -0.55 -0.55 -0.835 -0.835 -0.83490023 -0.465 -0.465 -0.465 -0.35333333 -0.35333333 -0.515 -0.515 -0.515 -0.25833333 -0.55823923 -0.5583324 -0.43333333 -0.43333333 -0.43699689 -0.52999996 -0.66 -0.66 -0.16666667 -0.16666667 -0.16666667 -0.098333333
