interpolatedSpi/05-11|19_1.tif
NCOLS 53
NROWS 52
XLLCORNER -116.03883
YLLCORNER 28.596182
DX 0.49850594
DY 0.49788537
NODATA_VALUE -9999
[rows 0 to 25 of 52, columns 0 to 52 of 53]
0.49714286 0.49714286 0.37202198 0.13714286 0.15285714 0.048571429 0.29857143 0.17428571 -0.044606545 -0.13 -0.17857143 0.19571429 -0.16143645 -0.25714286 -0.27285714 -0.27285714 -0.27285714 0.061428571 0.20428571 0.20428571 0.20428571 0.20428211 -0.17 0.072857143 0.072857143 0.072857143 -0.31571378 -0.31571429 -0.31571429 -0.024285714 -0.024285714 -0.024285714 -0.024285714 0.14999997 0.15 0.15 0.15 0.15 0.15 0.14999999 -0.080375417 -0.08285194 -0.062857143 -0.062857143 -0.062857143 -0.062857143 -0.06357348 -0.50142857 -0.50142857 -0.50142857 0.55285495 0.55285714 0.55285714
0.49714711 0.59285714 0.37285757 0.36919124 0.47842738 0.44714286 0.56428571 -0.0026370534 -0.058571429 -0.044285714 0.14857143 -0.16142857 -0.16142857 0.2753613 -0.25713654 -0.27285714 0.061428571 0.061428571 0.20409945 0.20428571 0.20428571 0.20428571 0.060224241 0.072857143 0.072857143 0.072857143 -0.034285707 -0.034285714 -0.024285714 -0.024285714 -0.024285714 -0.024285714 -0.024285714 0.14999997 0.15 0.15 0.15 0.15 0.15000002 0.18735924 0.37141926 -0.010160013 -0.062857143 -0.062857143 -0.062857143 -0.062857143 -0.062857143 -0.50142857 -0.50142857 -0.50142857 -0.41400619 0.55285714 0.55285714
0.49999775 0.5 0.74571429 0.58857143 0.31714286 0.38571429 0.42142857 0.52142857 0.12714286 0.021428572 0.17428571 0.10571429 0.21285714 -0.20857143 0.27714286 -0.44142857 0.061428571 0.061428571 0.061428571 0.15715656 0.15714286 0.15714286 -0.16714286 0.072857143 0.072857143 0.072857143 -0.034285714 -0.034285714 -0.034285714 -0.024285714 -0.024285714 -0.024285724 -0.12262887 0.15012363 0.15207432 0.370815 0.37285714 0.37285714 0.37267747 0.37142857 0.37142857 0.37087323 -0.062857143 -0.062857143 -0.062857143 -0.062857143 -0.062857143 -0.50142857 -0.50142857 -0.50142857 -0.50142857 0.55285714 0.55285714
0.53428571 0.49999989 -0.021442358 0.45714286 0.047142857 0.41285714 0.34857143 0.10571429 0.082857143 -0.028045145 -0.044285714 -0.28714286 0.13142857 -0.20857143 0.0085714286 -0.44142857 -0.013300839 -0.009949953 -0.028571429 0.15714286 0.15714286 -0.28142857 -0.16714286 -0.16714286 0.072857143 0.072856608 -0.034285714 -0.034285714 -0.034285714 -0.49571429 -0.34913895 -0.22857143 -0.22857143 -0.22857095 0.37285714 0.37285714 0.37285714 0.37285714 0.37142857 0.37142857 0.37142857 0.37142856 -0.062857143 -0.062857143 -0.062857143 -0.062857143 -0.062857143 -0.50142304 -0.50142857 -0.50142857 -0.50142857 0.55282075 0.55285714
0.53428571 0.65571304 -0.021428571 -0.17562685 0.047142857 0.051428571 0.16142143 0.038571429 0.12714286 0.064285568 -0.028027287 -0.072840977 0.04 0.0085714286 0.0085714286 -0.28574445 -0.01 -0.01 -0.028571429 -0.028571429 0.157142 -0.28142857 -0.14571429 0.02 0.12285714 0.12290755 -0.034285714 -0.034285714 -0.49571428 -0.49571429 -0.22857143 -0.22857143 -0.22857143 -0.18412211 0.37285714 0.37285714 0.37285714 0.37142857 0.37142857 0.37142857 0.37142857 0.37140003 -0.062857141 -0.062857143 -0.062857143 -0.062857143 -0.062857143 -0.066760972 -0.50142857 -0.50143126 -0.56142857 -0.56142857 -0.56142857
-0.84428571 0.57285714 0.37714288 -0.082857143 0.15142857 0.37571429 -0.24857143 -0.21180892 -0.13571429 -0.098571429 -0.14857143 -0.21428571 -0.21428555 -0.31571429 -0.31571429 0.094339175 0.094285714 0.097142857 0.097142857 -0.028571236 -0.077142857 -0.077142857 0.02 0.12285714 0.12285714 0.33857143 -0.51142857 -0.51142857 -0.1928845 -0.49571429 -0.22857143 -0.22857143 0.0071428571 0.0071030027 -0.37425836 -0.30571429 -0.30571429 0.16193897 0.37142857 0.37142857 0.076083105 0.075714287 0.075715068 -0.083907441 -0.084283346 -0.084285709 -0.084285714 -0.084285702 0.17727439 -0.56142857 -0.56142857 -0.56142857 -0.56142857
-0.070002396 0.56285714 0.39748109 0.54142857 0.66428571 -0.21285714 0.015714286 -0.044285714 -0.43 -0.43 -0.14857143 -0.042857143 -0.054285721 -0.31571429 0.31571239 0.31571429 0.094285714 0.29857143 0.19 0.19 -0.0077995947 0.07 0.07 0.39571428 0.33857143 0.33857143 -0.51142857 -0.51142857 -0.19285098 -0.19274372 0.065241889 0.0071428571 0.0071428571 -0.37428571 -0.37428571 -0.032616209 -0.30571429 -0.30571429 -0.29142907 0.075713775 0.075714286 0.075714286 0.075719318 -0.084282759 -0.084285714 -0.084285714 -0.084285714 -0.084285469 0.32714286 -0.56125248 -0.56142857 -0.56142857 -0.56142857
-0.07 -0.0014285714 0.83 0.20714286 0.35284879 -0.025714286 -0.33571429 -0.17857143 -0.37714286 -0.22142857 -0.22142857 -0.082857143 -0.054285714 -0.054285714 0.31317574 0.20382129 0.19285714 0.16142857 -0.078571153 0.19 0.019675947 0.011428571 0.16857143 0.048571429 0.048571207 0.031428571 0.14142857 0.14142834 -0.087513295 -0.087142854 0.065714286 0.073482657 -0.11857143 -0.37428571 -0.3488611 0.19571429 0.19571429 -0.29142857 -0.29142857 0.075714286 0.075714286 0.075714293 0.44546837 0.44571426 -0.084285714 -0.084285714 -0.084285714 0.3271272 0.32714286 0.32714286 -0.56142857 -0.56142857 -0.56142857
-0.0042461457 -0.0014285641 0.75714286 0.88142857 0.82857143 0.20857143 0.14714286 0.22285714 -0.37857143 0.024704163 -0.30142857 -0.24 -0.24 -0.13714286 -0.13713934 -0.01655757 -0.017142857 -0.017142857 0.1247922 0.16857142 0.10857143 0.10857143 0.25714286 0.20347597 0.033156119 0.031428571 0.16714286 0.14142857 0.28771638 0.28857143 0.12714286 0.52571429 0.58830853 0.59 0.51714286 0.40285714 0.26285714 0.032857143 0.27417423 0.077168201 0.40142857 0.45571429 0.44571754 0.44571429 0.44273116 -0.084285714 0.14714284 0.32714286 0.32714286 0.32714286 0.32714286 -0.47694138 -0.10285714
-0.02 -0.02 0.45 0.69 0.39 0.12428571 0.19428571 0.27142857 0.12 0.12713615 -1.2731206e-16 0.074285714 -0.13714286 -0.13714286 0.23714286 0.23365521 -0.017142857 -0.017131156 -0.0057142857 0.16857143 0.16857143 0.16084143 0.25714286 0.03286139 0.032857143 0.032857143 0.16714286 0.49 0.49 0.28857143 0.28857143 0.52595001 0.65 0.59 0.61428571 0.40285714 0.26285714 0.13285714 0.27428571 0.66218128 0.45571428 0.45938768 0.46571429 0.44571429 0.44571429 0.14714286 0.14714286 0.14714286 0.32714286 0.32714286 0.11714286 0.11714286 0.11714277
-0.02 -0.02 0.17142857 -0.12428571 -0.21428571 0.41428571 0.12857143 0.34405276 0.15571429 0.20571429 0.23857143 0.02 0.074213131 0.23714286 0.23714286 0.23716099 0.39428571 0.37329184 -0.0057142857 0.40142857 0.40142857 0.46142857 0.46142857 0.032857143 0.032857143 0.032857143 0.49 0.49 0.49 0.56142857 0.56142857 0.56142872 0.67142857 0.67142857 0.28428571 0.35857143 0.58 0.031429179 0.59285714 0.66857143 0.66857143 0.54714259 0.46571429 0.44571429 0.59857134 0.51285714 0.50701484 0.50857143 0.68142857 0.68142857 0.11714286 0.11714286 0.11714286
-0.02 0.062577709 0.045236738 -0.18570239 0.25428571 0.19857143 0.12857143 0.34428571 0.15571586 0.20516035 0.020000242 0.02 0.5 0.23714286 0.23714286 0.39428571 0.39428571 0.39426295 -0.0057142857 0.40142857 0.41321135 0.46142857 0.46142857 0.032874631 0.032857143 0.22163609 0.60714286 0.60714286 0.60714284 0.56142857 0.56142857 0.48142857 0.48142857 0.67142751 0.28428571 0.53999992 0.50348827 0.031428571 0.031428571 0.66857142 0.54714286 0.54714286 0.54714322 0.59857143 0.59857143 0.51285714 0.50857143 0.50857143 0.68142857 0.68142857 0.11714286 0.11714286 0.11714286
-0.39142857 -0.065504743 -0.081429837 -0.082176622 0.25428524 0.19857274 0.12857143 0.34163039 0.16870879 0.15701992 0.5 0.5 0.5 0.5 0.23718009 0.39428571 0.39428571 0.38912108 -0.0057142857 0.40151444 0.70714286 0.70714286 0.70714286 0.70714286 0.044747166 0.60714286 0.60714286 0.60714286 0.60714286 0.60711105 0.48142857 0.48142857 0.48142857 0.48142857 0.54 0.54 0.54 0.05603358 0.035119465 0.52285714 0.52285714 0.54714155 0.33858033 0.59854639 0.59857143 0.51285714 0.50857143 0.50857143 0.68142857 0.68142857 0.11919002 0.11714286 -0.16575147
-0.39142857 -0.081428571 -0.081428571 -0.081428571 -0.081428571 -0.081428453 0.12875064 0.23061494 0.20337691 0.49963049 0.5 0.5 0.5 0.5 0.50000004 0.39428571 0.39428565 0.36684844 -0.0057064043 0.70714286 0.70714286 0.70714286 0.70714286 0.70714286 0.71050848 0.62064996 0.58857143 0.58857143 0.58857143 0.58857143 0.48142858 0.48142857 0.48142896 0.80857143 0.80857143 0.54 0.75110449 0.75714286 0.52285728 0.52285714 0.52285714 0.52285714 0.33857143 0.33857143 0.33857143 0.3397843 0.13814112 0.13571429 0.13571429 0.13571429 0.1357143 0.66857131 0.66857143
-0.16285714 -0.081428571 -0.081428571 -0.081428571 -0.081428571 -0.081428571 -0.081428558 0.11420374 0.55227815 0.55428571 0.55428571 0.55428571 0.55428571 0.55428571 0.55428571 0.66063809 0.39851224 0.33951244 0.70705336 0.70714286 0.70714286 0.70714286 0.70714286 0.70714315 0.86285714 0.86285714 0.86285676 0.58857143 0.58857143 0.58918646 0.89571429 0.89571429 0.80857143 0.80857143 0.80857143 0.76538116 0.75714286 0.75714286 0.75714286 0.52285714 0.52285714 0.52285714 0.33857143 0.33857143 0.33857143 0.33857143 0.13571429 0.13571429 0.13571429 0.13571429 0.13571429 0.66857143 0.66857143
-0.16285714 -0.13254221 -0.081428571 -0.081428571 -0.081428571 -0.081428571 -0.047149586 -0.047142857 -0.047142842 0.55428571 0.55428571 0.55428571 0.55428571 0.55428571 0.57823733 0.66285714 0.66285714 0.66285714 0.96065383 0.96142831 0.96142857 0.96142857 0.96142857 0.96142857 0.86285714 0.86285714 0.86285714 0.86285714 0.58857143 0.89571429 0.89571429 0.89571429 0.80857144 0.80857143 0.80857143 0.77428571 0.75716555 0.75714286 0.75714286 0.52286708 0.54251693 0.58837502 0.33857143 0.33857143 0.56501331 0.56571429 0.56571429 0.13629099 0.48449119 0.48571426 0.48571422 0.50859564 0.6685711
-0.16285714 -0.29492651 -0.19131285 -0.081428571 -0.081428571 -0.047163115 -0.047142857 -0.047142857 -0.047142857 -0.042808791 0.55428571 0.55428571 0.55428571 0.55428573 0.66285714 0.66285714 0.66285714 0.66285714 0.96116186 0.96142857 0.96142857 0.96142857 0.96142857 0.96142857 0.86285715 0.86285714 0.86285714 0.86285714 0.86297666 0.89571429 0.89571429 0.89571429 1.0985714 0.80857494 0.77428571 0.77428571 0.77428571 0.7758077 0.59925328 0.58857143 0.58857143 0.58857143 0.59857143 0.59857143 0.56571429 0.56571429 0.56571429 0.48571429 0.48571429 0.48571429 0.48571429 0.50857143 0.50857143
-0.29848325 -0.29857143 -0.29857143 -0.29857143 -0.10142857 -0.047144257 -0.047142857 -0.047142857 -0.047142857 -0.047142857 0.52530006 0.55428073 0.5542857 0.66285714 0.66285714 0.66285714 0.66285714 0.66285714 0.70087328 0.96142857 0.96142857 0.96142857 0.96142857 0.96142857 1.0031487 1.1457128 1.1457143 1.1457143 1.1457143 0.8957143 1.0985714 1.0985714 1.0985714 1.0985714 0.77428571 0.77428936 0.91285714 0.91285714 0.59262062 0.58857143 0.58857143 0.58857143 0.59857143 0.59857143 0.5708017 0.56571429 0.56571429 0.48571429 0.48571429 0.48571429 0.48595937 0.50857143 0.50857143
-0.29857143 -0.29857143 -0.29857143 -0.20573392 -0.10142857 -0.10142857 -0.047142857 -0.047142857 -0.047142857 -0.047142857 0.17142857 0.17142857 0.17142857 0.66285714 0.66285714 0.66285714 0.66285714 0.6628647 0.89428571 0.89428571 0.96142854 0.96142857 0.96368925 1.0542857 1.0551088 1.1457143 1.1457143 1.1457143 1.1457143 1.0985762 1.0985714 1.0985714 1.0985714 1.0985714 0.91285666 0.91285714 0.91285714 0.91285714 0.91172514 0.58857143 0.58857143 0.58857143 0.59857143 0.59857143 0.59857143 0.56571429 0.56571429 0.48571429 0.48571429 0.48571429 0.50857143 0.50857143 0.50857143
-0.29857143 -0.29857143 -0.29857143 -0.10142857 -0.10142857 -0.10142857 -0.10142849 -0.047142857 -0.047142857 0.17120294 0.17142857 0.17142857 0.17142857 0.17173475 0.69985931 0.70857143 0.70857143 0.70857143 0.89428571 0.89428571 0.89428571 1.0542857 1.0542857 1.0542857 1.0542969 1.1187387 1.1457143 1.1457143 1.1457143 1.142637 1.1514234 1.1514286 1.1514286 1.1514286 0.97486257 1.0614282 1.0614286 1.0614286 1.0614286 0.69284287 0.69285714 0.69285714 0.59857143 0.59857143 0.80142772 0.80142863 0.95428571 0.95428571 0.86285714 0.86285714 0.86285714 0.50857143 0.77547543
-0.29857115 -0.29857143 -0.29857142 -0.10142857 -0.10142857 -0.10142857 -0.10142857 -0.12999998 -0.047474152 0.17121094 0.17142857 0.17142857 0.17142857 0.17248259 0.70857143 0.70857143 0.70857143 0.70857148 0.89428571 0.89428571 0.89428571 1.0542857 1.0542857 1.0542857 1.0942857 1.0942857 1.0971429 1.0971429 1.0971429 1.097439 1.1514286 1.1514286 1.1514286 1.1514286 1.1064533 1.0614286 1.0614286 1.0614286 1.0614286 0.69285714 0.69285714 0.69285714 0.69627322 0.80142857 0.80142857 0.80142857 0.95428571 0.95428571 0.86285714 0.86285714 0.86285714 0.77571429 0.77571429
-0.20857143 -0.24089303 -0.0042857143 -0.0043138971 -0.10142857 -0.12983469 -0.13 -0.13 -0.08367186 -0.068571427 -0.068571429 -0.068571429 -0.068571429 0.27856013 0.27857143 0.7085711 0.70857143 0.71346473 0.89428571 0.89428571 0.89428571 0.82285714 0.82285714 0.82285714 1.0942857 1.0942857 1.0971429 1.0971429 1.0971429 1.0971429 1.1699999 1.1699999 1.1518953 1.1514485 0.9402421 0.94 0.94 0.94 0.94 0.69285714 0.69285714 0.69285714 0.79545028 0.80142857 0.80142857 0.80142852 0.95428571 0.95428571 0.95428242 0.86285714 0.86286034 0.93428571 0.77571429
0.067090498 0.067142845 -0.0042857143 -0.0042857143 -0.0042857143 -0.13 -0.13 -0.13 -0.0028571429 -0.0028571429 -0.068571429 -0.068571429 -0.068571429 0.27857143 0.27857143 0.27857143 0.27857143 0.27864139 0.89428571 0.89428571 0.89428571 0.82285714 0.82285714 0.82285714 1.0942857 1.0942857 1.0971429 1.0971429 1.0971429 1.1691785 1.17 1.17 1.17 1.17 0.94011349 0.94 0.94 0.94 0.94 0.67857143 0.67857143 0.67857143 0.67857143 0.80142653 0.53571429 0.53571429 0.53571429 0.72714286 0.72714286 0.72714286 0.93428571 0.93428571 0.93428571
0.067142857 0.067142857 -0.0042857143 -0.0042857143 -0.0042857143 -0.12933922 -0.13 -0.0028571429 -0.0028571429 -0.0028571429 -0.068563339 -0.068571429 -0.17363032 0.27857132 0.27857143 0.27857143 0.27857143 -0.028571428 -0.028571429 -0.028571429 0.34428572 0.34428607 0.82285481 0.82285714 0.82284951 0.68142857 0.68142857 0.68142956 1.0970757 1.025743 1.0257151 1.0257395 1.1697534 1.1698755 0.98086952 0.93999981 0.93832917 0.44142857 0.44142857 0.67857143 0.67857143 0.67857143 0.67857143 0.53571429 0.53571429 0.53571429 0.53571429 0.72714286 0.72714286 0.72714286 0.93428571 0.93428571 0.93428571
0.067142857 0.067142857 -0.0042857143 -0.0042857143 -0.0042857143 -0.0042857148 -0.082414143 -0.0028571429 -0.0028571429 -0.0028571429 -0.0029644628 -0.19714286 -0.19714286 -0.19714286 0.27576793 0.27857143 -0.026524704 -0.028571429 -0.028571429 -0.028571429 0.34428571 0.34428571 0.34428571 0.34428571 0.68142857 0.68142857 0.68142857 0.68142857 0.68142857 1.0257143 1.0257143 1.0257143 1.0257143 1.025714 0.87571429 0.44142857 0.44142857 0.44142857 0.44142857 0.4414288 0.47714286 0.47714286 0.47714286 0.49527309 0.53285714 0.53285714 0.53285714 0.72714285 0.72714255 0.40714286 0.40714286 0.61579179 0.61571429
0.067142857 0.067142857 0.021494984 -0.0042857143 -0.0042857143 -0.0042857159 -0.077011036 -0.0030912504 -0.0028571429 -0.0028571429 -0.19714283 -0.19714286 -0.19714286 -0.19714286 -0.19714286 -0.15812501 -0.028571429 -0.028571429 -0.028571429 -0.028571429 0.34428283 0.34428571 0.34428571 0.34428571 0.68142857 0.68142857 0.68142857 0.68142857 0.68142857 0.68896129 1.0257143 1.0257143 1.0257143 0.87571429 0.87571429 0.87537705 0.44142857 0.44142857 0.57327954 0.67571426 0.47714286 0.47714286 0.47714286 0.49495629 0.53285714 0.53285714 0.53285714 0.30285714 0.40584347 0.40714286 0.40714286 0.61571429 0.61571429
