interpolatedSpi/05-12|19_1.tif
NCOLS 53
NROWS 52
XLLCORNER -116.03883
YLLCORNER 28.596182
DX 0.49850594
DY 0.49788537
NODATA_VALUE -9999
[rows 0 to 26 of 52, columns 0 to 52 of 53]
0.43666667 0.43666667 0.25392592 0.021111111 0.11777778 0.014444444 0.082222222 -0.073333333 -0.24186248 -0.28333333 -0.36222222 0.0088888889 -0.24667142 -0.30444444 -0.34888889 -0.34888889 -0.34888889 -0.0033333333 0.012222222 0.012222222 0.012222222 0.012219675 -0.25222222 -0.19666667 -0.19666667 -0.19666667 -0.26555391 -0.26555556 -0.26555556 -0.21222222 -0.21222222 -0.21222222 -0.21222222 -0.41777774 -0.41777778 -0.41777778 -0.41777778 -0.41777778 -0.41777778 -0.41777777 -0.063812365 -0.060071857 -0.34222222 -0.34222222 -0.34222222 -0.34222222 -0.34296993 -0.8 -0.8 -0.8 0.29444217 0.29444444 0.29444444
0.4366717 0.55 0.22000057 0.22178204 0.27757207 0.22555556 0.41888889 -0.032135037 -0.30888889 -0.24444444 -5.9209683e-14 -0.24666667 -0.24666667 0.029992211 -0.30444078 -0.34888889 -0.0033333333 -0.0033333333 0.01220194 0.012222222 0.012222222 0.012222222 -0.21368599 -0.19666667 -0.19666667 -0.19666667 -0.31888888 -0.31888889 -0.21222222 -0.21222222 -0.21222222 -0.21222222 -0.21222222 -0.41777775 -0.41777778 -0.41777778 -0.41777778 -0.41777778 -0.41777773 -0.33199547 0.074434269 -0.29166294 -0.34222222 -0.34222222 -0.34222222 -0.34222222 -0.34222222 -0.8 -0.8 -0.8 -0.70924762 0.29444444 0.29444444
0.63554832 0.63555556 0.71111111 0.6 0.20111111 0.096666667 0.15888889 0.27444444 -0.0055555556 -0.10333333 0.023333333 -0.11 -0.01 -0.25 0.031111111 -0.56555556 -0.0033333333 -0.0033333333 -0.0033333333 -0.17550097 -0.17555556 -0.17555556 -0.52 -0.19666667 -0.19666667 -0.19666667 -0.31888889 -0.31888889 -0.31888889 -0.21222222 -0.21222222 -0.21222223 -0.32080468 -0.41646437 -0.41159322 0.24057805 0.24666667 0.24666667 0.22500565 0.074444446 0.074444445 0.073911633 -0.34222222 -0.34222222 -0.34222222 -0.34222222 -0.34222222 -0.8 -0.8 -0.8 -0.8 0.29444444 0.29444444
0.48777778 0.63555543 0.019990298 0.40555556 -0.0044444444 0.23888889 0.12555556 -0.14111111 -0.078888889 -0.010236981 -0.16 -0.39666667 -0.11444444 -0.25 -0.29666667 -0.56555556 -0.31195524 -0.30978513 -0.40333333 -0.17555556 -0.17555556 -0.43 -0.52 -0.52 -0.19666667 -0.19666728 -0.31888889 -0.31888889 -0.31888889 -0.71 -0.56063773 -0.43777778 -0.43777778 -0.43777724 0.24666667 0.24666667 0.24666667 0.24666667 0.074444444 0.074444444 0.074444444 0.074444429 -0.34222222 -0.34222222 -0.34222222 -0.34222222 -0.34222222 -0.79999423 -0.8 -0.8 -0.8 0.29441722 0.29444444
0.48777778 0.39333265 0.02 -0.1485981 -0.0044444444 0.0011111111 -0.082216541 -0.16555556 -0.13555556 -0.15888904 -0.25992922 -0.30777491 -0.28777778 -0.29666667 -0.29666667 -0.47256462 -0.31 -0.31 -0.40333333 -0.40333333 -0.17555606 -0.43 -0.44555556 -0.35111111 -0.29888889 -0.29882965 -0.31888889 -0.31888889 -0.71 -0.71 -0.43777778 -0.43777778 -0.43777778 -0.41514904 0.24666667 0.24666667 0.24666667 0.074444444 0.074444444 0.074444444 0.074444444 0.074439511 -0.34222222 -0.34222222 -0.34222222 -0.34222222 -0.34222222 -0.34629701 -0.8 -0.79998829 -0.53888889 -0.53888889 -0.53888889
-0.80888889 0.37777778 0.36444446 -0.061111111 0.14888889 0.23444444 -0.19333333 -0.18977698 -0.28333333 -0.25888889 -0.27888889 -0.43222222 -0.43222213 -0.49555556 -0.49555556 -0.17772895 -0.17777778 -0.21444444 -0.21444445 -0.40333312 -0.39777778 -0.39777778 -0.35111111 -0.29888889 -0.29888889 -0.045555556 -0.76555556 -0.76555556 -0.36003177 -0.71 -0.43777778 -0.43777778 -0.31777778 -0.31780135 -0.54331715 -0.51888889 -0.51888889 -0.10911677 0.074444444 0.074444444 0.02339708 0.023333334 0.023333912 -0.1697657 -0.16668607 -0.16666671 -0.16666667 -0.16666673 0.036024662 -0.53888889 -0.53888889 -0.53888889 -0.53888889
-0.23889016 0.46333333 0.10617154 0.40444444 0.52333333 -0.22222222 -0.17 -0.21222222 -0.44 -0.44 -0.27888889 -0.097777778 -0.15111109 -0.49555556 0.024442887 0.024444444 -0.17777778 -0.095555556 -0.16333333 -0.16333333 -0.31556824 -0.22333333 -0.22333333 -0.037777781 -0.045555556 -0.045555556 -0.76555556 -0.76555556 -0.35999968 -0.35999404 -0.15284653 -0.31777778 -0.31777778 -0.54333333 -0.54333333 -0.22478327 -0.51888889 -0.51888889 -0.46777955 0.02333265 0.023333333 0.023333333 0.023336814 -0.16666481 -0.16666667 -0.16666667 -0.16666667 -0.16666647 0.16333333 -0.53874973 -0.53888889 -0.53888889 -0.53888889
-0.23888889 -0.35888889 0.40222222 -0.068888889 0.17665259 -0.21444444 -0.31111111 -0.29555555 -0.39333333 -0.24777778 -0.24777778 -0.066666667 -0.15111111 -0.15111111 0.023239971 -0.078774679 -0.088888889 0.0044444444 -0.26666656 -0.16333333 -0.15061857 -0.15222222 -0.09 -0.16777778 -0.16777726 -0.12777778 -0.082222222 -0.082222464 -0.35446391 -0.35444444 -0.15222222 -0.15044584 -0.38666667 -0.54333333 -0.52393892 0.021111111 0.021111111 -0.46777778 -0.46777778 0.023333333 0.023333333 0.023333339 0.16693533 0.16666665 -0.16666667 -0.16666667 -0.16666667 0.16332077 0.16333333 0.16333333 -0.53888889 -0.53888889 -0.53888889
-0.32871435 -0.35888888 0.23444444 0.53444444 0.43888889 -0.08 -0.10555556 0.0022222222 -0.40111111 -0.1273242 -0.31777778 -0.10111111 -0.10111111 -0.052222222 -0.05221938 -0.24068685 -0.24111111 -0.24111111 -0.036941085 0.082222177 -0.13333333 -0.13333333 0.015555556 -0.048402292 -0.13180872 -0.12777778 -0.061111111 -0.082222222 -0.05681517 -0.056666667 -0.084444444 0.21333333 0.20661563 0.25555556 0.13666667 0.085555556 0.016666667 -0.11222222 0.13988353 0.024424478 0.26777778 0.22777778 0.16669723 0.16666667 0.16479049 -0.16666667 -0.07555556 0.16333333 0.16333333 0.16333333 0.16333333 -0.44786012 -0.076666667
-0.16 -0.16 -0.098888889 0.22111111 -0.052222222 -0.30111111 -0.14666667 -0.062222222 -0.0066666667 -0.057777503 -0.10333333 -0.097777778 -0.052222222 -0.052222222 0.25 0.24326419 -0.24111111 -0.24104993 -0.011111111 0.082222222 0.082222222 0.054451443 0.015555556 -0.12888615 -0.12888889 -0.12888889 -0.061111111 0.35444444 0.35444444 -0.056666667 -0.056666666 0.21330805 0.2 0.25555556 0.22888889 0.085555556 0.016666667 -0.11222222 0.14 0.56412411 0.22777778 0.27430743 0.35444444 0.16666667 0.16666667 -0.075555556 -0.075555556 -0.075555556 0.16333333 0.16333333 0.19222222 0.19222222 0.19222212
-0.16 -0.16 -0.29333333 -0.54 -0.35777778 0.044444444 -0.16777778 0.089761112 -0.095555556 -0.015555556 0.12888889 -0.14444444 -0.097839837 0.25 0.25 0.25001461 0.37666667 0.35631427 -0.011111111 0.35666667 0.35666667 0.39888889 0.39888889 -0.12888889 -0.12888889 -0.12888889 0.35444444 0.35444444 0.35444444 0.24555556 0.24555556 0.24555548 0.32555556 0.32555556 -0.015555556 -0.0022222222 0.32333333 -0.24777738 0.19 0.57111111 0.57111111 0.29444464 0.35444444 0.16666667 0.44666659 0.41777778 0.48645796 0.48888889 0.75333333 0.75333333 0.19222222 0.19222222 0.19222222
-0.16 -0.2176564 -0.3985948 -0.58110381 -0.26666667 -0.17777778 -0.16777778 0.09 -0.095554006 -0.016441859 -0.14444428 -0.14444444 0.38111111 0.25 0.25 0.37666666 0.37666667 0.3766446 -0.011111111 0.35666667 0.36495825 0.39888889 0.39888889 -0.12886748 -0.12888889 0.049715406 0.41444444 0.41444444 0.41444444 0.24555556 0.24555556 0.27111111 0.27111111 0.32555462 -0.015555556 0.42999984 0.23923672 -0.24777778 -0.24777778 0.5711111 0.29444444 0.29444444 0.29444555 0.44666667 0.44666667 0.41777778 0.48888889 0.48888889 0.75333333 0.75333333 0.19222222 0.19222222 0.19222222
-0.22555556 0.0013329836 0.029979042 0.025576184 -0.26666628 -0.17777988 -0.16777778 0.0868269 -0.08276888 -0.093466542 0.38111111 0.38111111 0.38111111 0.38111111 0.25001857 0.37666667 0.37666667 0.37165984 -0.011111111 0.35672445 0.56444444 0.56444444 0.56444444 0.56444444 -0.1167029 0.41444444 0.41444444 0.41444444 0.41444444 0.41436283 0.27111111 0.27111111 0.27111111 0.27111111 0.43 0.43 0.43 -0.21504307 -0.24103498 0.65 0.65 0.29446357 0.44555559 0.44666656 0.44666667 0.41777778 0.48888889 0.48888889 0.75333333 0.75333333 0.19425787 0.19222222 -0.16716293
-0.22555556 0.03 0.03 0.03 0.03 0.029999912 -0.16780337 -0.045831001 -0.048655212 0.38059977 0.38111111 0.38111111 0.38111111 0.38111111 0.38111111 0.37666666 0.37666661 0.35006776 -0.011103845 0.56444444 0.56444444 0.56444444 0.56444444 0.56444444 0.56643739 0.47344456 0.47555554 0.47555556 0.47555556 0.47555556 0.27111112 0.27111111 0.27111173 0.78777778 0.78777778 0.43 0.80159328 0.81222222 0.65000009 0.65 0.65 0.65 0.44555556 0.44555556 0.44555556 0.44536225 0.33874619 0.33777778 0.33777778 0.33777778 0.33777779 0.67222212 0.67222222
0.091111111 0.03 0.03 0.03 0.03 0.03 0.029999987 -0.077097872 0.38650611 0.38888889 0.38888889 0.38888889 0.38888889 0.38888889 0.38888889 0.47053234 0.3781486 0.32356698 0.56437221 0.56444444 0.56444444 0.56444444 0.56444444 0.56444461 0.65666667 0.65666667 0.65666641 0.47555556 0.47555556 0.47613181 0.76333333 0.76333333 0.78777778 0.78777778 0.78777778 0.80830649 0.81222222 0.81222222 0.81222222 0.65 0.65 0.65 0.44555556 0.44555556 0.44555556 0.44555556 0.33777778 0.33777778 0.33777778 0.33777778 0.33777778 0.67222222 0.67222222
0.091111111 0.068360139 0.03 0.03 0.03 0.03 -0.0011050051 -0.0011111111 -0.0011111015 0.38888889 0.38888889 0.38888889 0.38888889 0.38888889 0.40727281 0.47222222 0.47222222 0.47222222 0.70401779 0.7044443 0.70444444 0.70444444 0.70444444 0.70444444 0.65666667 0.65666667 0.65666667 0.65666667 0.47555556 0.76333333 0.76333333 0.76333333 0.78777778 0.78777778 0.78777778 0.81 0.81221928 0.81222222 0.81222222 0.64999408 0.63803317 0.61011955 0.44555556 0.44555556 0.72247609 0.72333333 0.72333333 0.33835425 0.68655469 0.68777775 0.68777771 0.75332104 0.67222239
0.091111111 -0.12838662 -0.053216459 0.03 0.03 -0.0010927292 -0.0011111111 -0.0011111111 -0.0011111111 0.0016993406 0.38888889 0.38888889 0.38888889 0.3888889 0.47222222 0.47222222 0.47222222 0.47222222 0.70423701 0.70444444 0.70444444 0.70444444 0.70444444 0.70444444 0.65666667 0.65666667 0.65666667 0.65666667 0.65705465 0.76333333 0.76333333 0.76333333 1.0133333 0.78778548 0.81 0.81 0.81 0.81076965 0.62281041 0.61 0.61 0.61 0.70222222 0.70222222 0.72333333 0.72333333 0.72333333 0.68777778 0.68777778 0.68777778 0.68777778 0.75333333 0.75333333
-0.13428521 -0.13444444 -0.13444444 -0.13444444 -0.096666667 -0.001113576 -0.0011111111 -0.0011111111 -0.0011111111 -0.0011111111 0.37223294 0.38888602 0.38888888 0.47222222 0.47222222 0.47222222 0.47222222 0.47222222 0.49926519 0.70444444 0.70444444 0.70444444 0.70444444 0.70444444 0.79592587 0.97999825 0.98 0.98 0.98 0.76333335 1.0133333 1.0133333 1.0133333 1.0133333 0.81 0.81000184 0.88 0.88 0.61337135 0.61 0.61 0.61 0.70222222 0.70222222 0.72006461 0.72333333 0.72333333 0.68777778 0.68777778 0.68777778 0.6884807 0.75333333 0.75333333
-0.13444444 -0.13444444 -0.13444444 -0.11665433 -0.096666667 -0.096666667 -0.0011111111 -0.0011111111 -0.0011111111 -0.0011111111 0.16888889 0.16888889 0.16888889 0.47222222 0.47222222 0.47222222 0.47222222 0.47222057 0.61222222 0.61222222 0.70444441 0.70444444 0.70541828 0.74444444 0.74656505 0.98 0.98 0.98 0.98 1.0133299 1.0133333 1.0133333 1.0133333 1.0133333 0.87999975 0.88 0.88 0.88 0.87906348 0.61 0.61 0.61 0.70222222 0.70222222 0.70222222 0.72333333 0.72333333 0.68777778 0.68777778 0.68777778 0.75333333 0.75333333 0.75333333
-0.13444444 -0.13444444 -0.13444444 -0.096666667 -0.096666667 -0.096666667 -0.096666521 -0.0011111111 -0.0011111111 0.1687134 0.16888889 0.16888889 0.16888889 0.16907788 0.464128 0.46222222 0.46222222 0.46222222 0.61222222 0.61222222 0.61222222 0.74444444 0.74444444 0.74444444 0.74446312 0.89141367 0.98 0.98 0.98 1.0487081 1.0577734 1.0577778 1.0577778 1.0577778 0.97481415 1.1077773 1.1077778 1.1077778 1.1077778 0.83108086 0.83111111 0.83111111 0.70222222 0.70222222 0.82333283 0.82333334 0.84111111 0.84111111 0.85888889 0.85888889 0.85888889 0.75333333 0.83104157
-0.13444413 -0.13444444 -0.13444444 -0.096666667 -0.096666667 -0.096666667 -0.096666666 -0.035555546 -0.0012488334 0.16877302 0.16888889 0.16888889 0.16888889 0.16946449 0.46222222 0.46222222 0.46222222 0.46222227 0.61222222 0.61222222 0.61222222 0.74444444 0.74444444 0.74444444 0.81111111 0.81111111 1.0133333 1.0133333 1.0133333 1.0135758 1.0577778 1.0577778 1.0577778 1.0577778 1.082764 1.1077778 1.1077778 1.1077778 1.1077778 0.83111111 0.83111111 0.83111111 0.83086639 0.82333333 0.82333333 0.82333333 0.84111111 0.84111111 0.85888889 0.85888889 0.85888889 0.83111111 0.83111111
-0.033333333 -0.072877855 0.08 0.079948746 -0.096666667 -0.035909142 -0.035555556 -0.035555556 0.013433127 0.041111112 0.041111111 0.041111111 0.041111111 0.21221665 0.21222222 0.46222203 0.46222222 0.4661745 0.61222222 0.61222222 0.61222222 0.56 0.56 0.56 0.81111111 0.81111111 1.0133333 1.0133333 1.0133333 1.0133334 1.1366662 1.1366664 1.0597605 1.0578624 1.0233735 1.0233333 1.0233333 1.0233333 1.0233333 0.83111111 0.83111111 0.83111111 0.82376156 0.82333333 0.82333333 0.82333328 0.84111111 0.84111111 0.84111175 0.85888889 0.8588867 0.81 0.83111111
0.21773009 0.21777775 0.08 0.08 0.08 -0.035555556 -0.035555556 -0.035555556 0.098888889 0.098888889 0.041111111 0.041111111 0.041111111 0.21222222 0.21222222 0.21222222 0.21222222 0.21226756 0.61222222 0.61222222 0.61222222 0.56 0.56 0.56 0.81111111 0.81111111 1.0133333 1.0133333 1.0133333 1.1352761 1.1366667 1.1366667 1.1366667 1.1366667 1.0233893 1.0233333 1.0233333 1.0233333 1.0233333 0.76111113 0.76111111 0.76111111 0.76111111 0.82333088 0.50333333 0.50333333 0.50333333 0.60444444 0.60444444 0.60444444 0.81 0.81 0.81
0.21777778 0.21777778 0.08 0.08 0.08 -0.034948175 -0.035555556 0.098888889 0.098888889 0.098888889 0.041118224 0.041111111 -0.0051926232 0.21222217 0.21222222 0.21222222 0.21222222 0.063333334 0.063333333 0.063333333 0.29555556 0.29555575 0.55999871 0.56 0.56007841 0.57333333 0.57333333 0.57333438 1.0132622 0.97447677 0.97444531 0.97447277 1.1363894 1.1365267 1.0434123 1.0233331 1.021546 0.49 0.49 0.76111111 0.76111111 0.76111111 0.76111111 0.50333333 0.50333333 0.50333333 0.50333333 0.60444444 0.60444444 0.60444444 0.81 0.81 0.81
0.21777778 0.21777778 0.08 0.08 0.08 0.08 0.014763073 0.098888889 0.098888889 0.098888889 0.098825672 -0.015555556 -0.015555556 -0.015555556 0.21087988 0.21222222 0.064325492 0.063333333 0.063333333 0.063333333 0.29555556 0.29555556 0.29555556 0.29555556 0.57333333 0.57333333 0.57333333 0.57333333 0.57333333 0.97444444 0.97444444 0.97444444 0.97444444 0.97444409 0.80666667 0.49 0.49 0.49 0.49 0.48999972 0.36 0.36 0.36 0.37157096 0.39555556 0.39555556 0.39555556 0.60444444 0.60444421 0.36 0.36 0.53340064 0.53333333
0.21777778 0.21777778 0.1297281 0.08 0.08 0.080000001 0.10332545 0.098902895 0.098888889 0.098888889 -0.015555533 -0.015555556 -0.015555556 -0.015555556 -0.015555556 0.0031263907 0.063333333 0.063333333 0.063333333 0.063333333 0.29555376 0.29555556 0.29555556 0.29555556 0.57333333 0.57333333 0.57333333 0.57333333 0.57333333 0.57130267 0.97444444 0.97444444 0.97444444 0.80666667 0.80666667 0.80642077 0.49 0.49 0.52689326 0.55555555 0.36 0.36 0.36 0.37109203 0.39555556 0.39555556 0.39555556 0.19666667 0.35796488 0.36 0.36 0.53333333 0.53333333
0.17222222 0.17222222 0.17222222 0.10312265 0.080401001 0.10333333 0.10333333 0.10333333 0.10333333 0.092222222 0.092222222 -0.015555548 -0.015555556 -0.015555556 -0.015555556 -0.015550559 0.063333333 0.063333333 0.063333333 0.063333333 0.19422131 0.29555556 0.29555556 0.29026332 0.11470719 0.57333333 0.57333333 0.57333333 0.42888889 0.42888889 0.42888889 0.42889118 0.80666667 0.80666667 0.80666667 0.80666667 0.55555556 0.55555556 0.55555556 0.55555556 0.19 0.19 0.19 0.30221997 0.30222222 0.30222222 0.30222225 0.19666667 0.19666667 0.35980099 0.36 0.53333199 0.53333333
