interpolatedSpi/05-10|20_3.tif
NCOLS 53
NROWS 52
XLLCORNER -116.03883
YLLCORNER 28.596182
DX 0.49850594
DY 0.49788537
NODATA_VALUE -9999
[rows 0 to 30 of 52, columns 0 to 52 of 53]
0.32666667 0.32666667 0.073205137 -0.45666667 0.25333333 0.51 0.94 1.1316667 0.33590561 0.0083333333 -0.036666667 0.575 0.30669851 0.69333333 0.39333333 0.39333333 0.39333333 0.14833333 0.42166667 0.42166667 0.42166667 0.42166896 0.66 0.21166667 0.21166667 0.21166667 1.0416674 1.0416667 1.0416667 0.27666667 0.27666667 0.27666667 0.27666667 0.96666653 0.96666667 0.96666667 0.96666667 0.96666667 0.96666667 0.96666669 1.6839399 1.6915315 1.1616667 1.1616667 1.1616667 1.1616667 1.1625078 1.6766667 1.6766667 1.6766667 1.7366665 1.7366667 1.7366667
0.32664727 -0.11 0.35000065 0.46012979 0.71821854 0.92833333 0.72666667 0.81198085 0.23333333 0.525 0.39166667 0.30666667 0.30666667 0.92256641 0.69333346 0.39333333 0.14833333 0.14833333 0.42131028 0.42166667 0.42166667 0.42166667 0.17376796 0.21166667 0.21166667 0.21166667 0.17 0.17 0.27666667 0.27666667 0.27666667 0.27666667 0.27666667 0.96666657 0.96666667 0.96666667 0.96666667 0.96666667 0.96666664 0.86408387 0.33337639 1.0611552 1.1616667 1.1616667 1.1616667 1.1616667 1.1616667 1.6766667 1.6766667 1.6766667 1.6816419 1.7366667 1.7366667
0.88830892 0.88833333 0.91 1.23 1.0866667 0.76666667 0.955 0.45166667 0.82833333 0.665 0.80833333 0.096666667 -0.64833333 0.16166667 0.92333333 1.1866667 0.14833333 0.14833333 0.14833333 0.18840116 0.18833333 0.18833333 -0.50833333 0.21166667 0.21166667 0.21166667 0.17 0.17 0.17 0.27666667 0.27666667 0.27666662 -0.15819806 0.96456198 0.96319173 0.59675436 0.59333333 0.59333333 0.56063219 0.33333334 0.33333333 0.33439256 1.1616667 1.1616667 1.1616667 1.1616667 1.1616667 1.6766667 1.6766667 1.6766667 1.6766667 1.7366667 1.7366667
0.39166667 0.88833324 0.43332746 0.75666667 0.26333333 0.90166667 1.6233333 0.23 0.82666667 0.65694674 0.965 0.85833333 0.41666667 0.16166667 0.63 1.1866667 -0.42590054 -0.43792228 -0.063333333 0.18833333 0.18833333 -0.64666667 -0.50833333 -0.50833333 0.21166667 0.21166646 0.17 0.17 0.17 -0.73333333 -0.67480771 -0.62666667 -0.62666667 -0.6266657 0.59333333 0.59333333 0.59333333 0.59333333 0.33333333 0.33333333 0.33333333 0.33333336 1.1616667 1.1616667 1.1616667 1.1616667 1.1616667 1.6766602 1.6766667 1.6766667 1.6766667 1.7365794 1.7366667
0.39166667 0.10666727 0.43333333 0.68622627 0.26333333 1.03 0.93333159 0.39666667 0.10666667 0.43333334 0.59293006 0.66670224 0.915 0.63 0.63 0.97693376 -0.43833333 -0.43833333 -0.063333333 -0.063333333 0.18833162 -0.64666667 -0.63333333 -0.41166667 -0.61166667 -0.61165984 0.17 0.17 -0.73333333 -0.73333333 -0.62666667 -0.62666667 -0.62666667 -0.48115105 0.59333333 0.59333333 0.59333333 0.33333333 0.33333333 0.33333333 0.33333333 0.33335409 1.1616667 1.1616667 1.1616667 1.1616667 1.1616667 1.1662508 1.6766667 1.6765496 -0.935 -0.935 -0.935
-1.0316667 0.13 0.39666666 0.44 0.895 0.94666667 0.63666667 0.60593979 0.625 0.35833333 0.69166667 -0.42 -0.41999912 0.028333333 0.028333333 -0.33332166 -0.33333333 -0.475 -0.475 -0.063333769 -1.1283333 -1.1283333 -0.41166667 -0.61166667 -0.61166667 -0.58333333 -0.92166667 -0.92166667 -0.093391391 -0.73333333 -0.62666667 -0.62666667 0.145 0.14497754 -0.069984709 -0.355 -0.355 0.1203817 0.33333333 0.33333333 0.54806518 0.54833333 0.54833438 -0.36588332 -0.39316147 -0.39333292 -0.39333328 -0.39333275 -0.65091843 -0.935 -0.935 -0.935 -0.935
-0.67000177 -0.37166667 -0.6108226 0.2 0.84833333 0.28 0.32 0.72166667 0.4 0.4 0.69166667 -0.083333333 -0.13333348 0.028333333 -0.28499906 -0.285 -0.33333333 -0.465 -0.55833333 -0.55833333 -1.1573947 -1.19 -1.19 -1.1016667 -0.58333333 -0.58333333 -0.92166667 -0.92166667 -0.093330808 -0.09328684 0.27731953 0.145 0.145 -0.07 -0.07 -0.79706617 -0.355 -0.355 -1.4232963 0.54833059 0.54833333 0.54833333 0.54833755 -0.39333154 -0.39333333 -0.39333333 -0.39333333 -0.39333351 -0.68333333 -0.93495013 -0.935 -0.935 -0.935
-0.67 -1.0266667 -0.43333333 -1.0066667 -1.2999832 -0.37666667 0.055 -0.19999998 -0.12 -0.10666667 -0.10666667 -0.74 -0.13333333 -0.13333333 -0.28395943 -0.25767729 -0.255 -0.33666667 -0.63999992 -0.55833333 -1.011537 -0.95833333 -1.2983333 -1.265 -1.2650003 -1.285 -1.225 -1.2249999 -0.050151846 -0.049999994 0.27833333 0.095212459 -0.023333333 -0.07 -0.08468842 -1.1666667 -1.1666667 -1.4233333 -1.4233333 0.54833333 0.54833333 0.54833334 -0.071707642 -0.071666683 -0.39333333 -0.39333333 -0.39333333 -0.68332229 -0.68333333 -0.68333333 -0.935 -0.935 -0.935
-1.0264138 -1.0266667 -0.615 -0.835 -0.125 -0.41166667 -0.12666667 0.50666667 0.57833333 0.43213644 -0.13833333 -0.38833333 -0.38833333 -0.86 -0.85999298 -0.57244611 -0.57333333 -0.57333333 -0.38297097 -1.51 -1.585 -1.585 -0.97833333 -1.1722266 -1.2829845 -1.285 -1.0066667 -1.225 -0.95822595 -0.95666667 0.12833333 0.85166667 0.51337693 -0.58 -0.585 -0.76 -0.77 -0.74833333 -1.0581902 0.55035691 1.0016667 -0.16666666 -0.071676979 -0.071666667 -0.073477181 -0.39333333 -0.83333331 -0.68333333 -0.68333333 -0.68333333 -0.68333334 -1.0126096 -0.58333333
-1.025 -1.025 -0.72333333 -0.73 -0.13833333 0.26666667 -0.011666667 0.29166667 0.645 0.39499671 -0.043333333 -0.12 -0.86 -0.86 -0.11333333 -0.11964244 -0.57333333 -0.57338626 -0.84 -1.51 -1.51 -1.5196625 -0.97833333 -1.1016643 -1.1016667 -1.1016667 -1.0066667 -0.54666667 -0.54666667 -0.95666667 -0.95666667 0.85039277 0.18 -0.58 -0.40166667 -0.76 -0.77 -1.16 -1.0583333 0.43375277 -0.16666662 -0.15503425 -0.135 -0.071666667 -0.071666667 -0.83333333 -0.83333333 -0.83333333 -0.68333333 -0.68333333 -1.5583333 -1.5583333 -1.558333
-1.025 -1.025 -1.0016667 -0.845 -0.945 -0.40333333 -0.48999999 0.16494287 0.19666667 0.21333333 0.195 -0.088333333 -0.11995894 -0.11333333 -0.11333333 -0.11337775 -0.49833333 -0.5162656 -0.84 -0.52 -0.52 -0.68333333 -0.68333333 -1.1016667 -1.1016667 -1.1016667 -0.54666667 -0.54666667 -0.54666667 -0.98833333 -0.98833333 -0.98833141 -0.63 -0.63 -0.48333333 -1.005 -0.82333333 -0.26666624 -1.0983333 0.45833333 0.45833333 0.091665922 -0.135 -0.071666667 -0.63666677 -0.91666667 -0.98932527 -0.99 -1.2766667 -1.2766667 -1.5583333 -1.5583333 -1.5583333
-1.025 -1.014875 -0.93481141 -1.0483258 -0.73 -0.91666667 -0.49 0.165 0.1966664 0.21314869 -0.088332941 -0.088333333 -0.27833333 -0.11333333 -0.11333333 -0.49833332 -0.49833333 -0.49835278 -0.84 -0.52 -0.55207534 -0.68333333 -0.68333333 -1.1016497 -1.1016667 -1.1170069 -1.1483333 -1.1483333 -1.1483333 -0.98833333 -0.98833333 -0.87 -0.87 -0.6299996 -0.48333333 -0.13000044 -0.72605146 -0.26666667 -0.26666667 0.45833332 0.091666667 0.091666667 0.091661364 -0.63666667 -0.63666667 -0.91666667 -0.99 -0.99 -1.2766667 -1.2766667 -1.5583333 -1.5583333 -1.5583333
-0.093333333 0.11489364 0.20829384 0.1992304 -0.730001 -0.91666226 -0.49000001 0.15693733 0.19448451 0.19710188 -0.27833333 -0.27833333 -0.27833333 -0.27833333 -0.11335671 -0.49833333 -0.49833333 -0.50274479 -0.84 -0.52001022 -0.54833333 -0.54833333 -0.54833333 -0.54833333 -1.0923476 -1.1483333 -1.1483333 -1.1483333 -1.1483333 -1.1481861 -0.87 -0.87 -0.87 -0.87 -0.13 -0.13 -0.13 -0.26001871 -0.26316175 0.2 0.2 0.091672494 -0.16834937 -0.63662156 -0.63666667 -0.91666667 -0.99 -0.99 -1.2766667 -1.2766667 -1.5573115 -1.5583333 -0.69803985
-0.093333333 0.20833333 0.20833333 0.20833333 0.20833333 0.20833286 -0.49109213 -0.18007427 0.18866271 -0.27782138 -0.27833333 -0.27833333 -0.27833333 -0.27833333 -0.27833337 -0.49833333 -0.49833339 -0.52176933 -0.8399943 -0.54833333 -0.54833333 -0.54833333 -0.54833333 -0.54833333 -0.55233479 -0.99423497 -0.95333337 -0.95333333 -0.95333333 -0.95333333 -0.87 -0.87 -0.86999999 -0.86166667 -0.86166667 -0.13 0.093604096 0.1 0.19999994 0.2 0.2 0.2 -0.16833333 -0.16833333 -0.16833333 -0.17354105 -1.0098546 -1.01 -1.01 -1.01 -1.01 0.3749996 0.375
-0.09 0.20833333 0.20833333 0.20833333 0.20833333 0.20833333 0.20833329 -0.43171672 -0.32408634 -0.32666667 -0.32666667 -0.32666667 -0.32666667 -0.32666667 -0.32666667 -0.46874951 -0.49794053 -0.54511891 -0.54836989 -0.54833333 -0.54833333 -0.54833333 -0.54833333 -0.54833347 -0.73333333 -0.73333333 -0.73333364 -0.95333333 -0.95333333 -0.95331998 -0.94666667 -0.94666667 -0.86166667 -0.86166667 -0.86166667 -0.054048531 0.1 0.1 0.1 0.2 0.2 0.2 -0.16833333 -0.16833333 -0.16833333 -0.16833333 -1.01 -1.01 -1.01 -1.01 -1.01 0.375 0.375
-0.09 0.021066111 0.20833333 0.20833333 0.20833333 0.20833333 -0.67149395 -0.67166667 -0.67166666 -0.32666667 -0.32666667 -0.32666667 -0.32666667 -0.32666667 -0.35865468 -0.47166667 -0.47166667 -0.47166667 -0.66796764 -0.66833321 -0.66833333 -0.66833333 -0.66833333 -0.66833333 -0.73333333 -0.73333333 -0.73333333 -0.73333333 -0.95333333 -0.94666667 -0.94666667 -0.94666667 -0.86166667 -0.86166667 -0.86166667 0.10666667 0.10000883 0.1 0.1 0.19993506 0.070359361 -0.2320382 -0.16833333 -0.16833333 -0.44913076 -0.45 -0.45 -1.0084487 -0.06996319 -0.066666749 -0.066666845 0.17669663 0.3749996
-0.089999999 -0.047830322 0.079291594 0.20833333 0.20833333 -0.67114672 -0.67166667 -0.67166667 -0.67166667 -0.6691805 -0.32666667 -0.32666667 -0.32666667 -0.32666668 -0.47166667 -0.47166667 -0.47166667 -0.47166667 -0.66815766 -0.66833333 -0.66833333 -0.66833333 -0.66833333 -0.66833333 -0.73333333 -0.73333333 -0.73333333 -0.73333333 -0.7341093 -0.94666667 -0.94666667 -0.94666667 -0.31000002 -0.86155485 0.10666667 0.10666667 0.10666667 0.10142638 -0.21223577 -0.23333333 -0.23333333 -0.23333333 -0.365 -0.365 -0.45 -0.45 -0.45 -0.066666671 -0.066666667 -0.066666667 -0.066666667 0.17666667 0.17666667
-0.04656734 -0.046666667 -0.046666667 -0.046666671 -0.5 -0.67166224 -0.67166667 -0.67166667 -0.67166667 -0.67166667 -0.32767624 -0.32666684 -0.32666667 -0.47166667 -0.47166667 -0.47166667 -0.47166667 -0.47166667 -0.5424269 -0.66833333 -0.66833333 -0.66833333 -0.66833333 -0.66833333 -0.56105031 -0.33833547 -0.33833333 -0.33833333 -0.33833333 -0.94666663 -0.31000001 -0.31 -0.31 -0.31 0.10666667 0.10665411 -0.37 -0.37 -0.23503982 -0.23333333 -0.23333333 -0.23333333 -0.365 -0.365 -0.43683907 -0.45 -0.45 -0.066666667 -0.066666667 -0.066666667 -0.064057501 0.17666667 0.17666667
-0.046666667 -0.046666667 -0.046666667 -0.2601481 -0.5 -0.5 -0.67166667 -0.67166667 -0.67166667 -0.67166667 -0.34 -0.34 -0.34 -0.47166667 -0.47166667 -0.47166667 -0.47166667 -0.47174929 -1.3483333 -1.3483333 -0.66833361 -0.66833333 -0.67299961 -0.86 -0.85530366 -0.33833333 -0.33833333 -0.33833333 -0.33833333 -0.31000289 -0.31 -0.31 -0.31 -0.31 -0.36999832 -0.37 -0.37 -0.37 -0.36950716 -0.23333333 -0.23333333 -0.23333333 -0.365 -0.365 -0.365 -0.45 -0.45 -0.06666667 -0.066666667 -0.066666666 0.17666667 0.17666667 0.17666667
-0.046666667 -0.046666667 -0.046666667 -0.5 -0.5 -0.5 -0.50000026 -0.67166667 -0.67166667 -0.34034238 -0.34 -0.34 -0.34 -0.34008204 -0.87637787 -0.97166667 -0.97166667 -0.97166667 -1.3483333 -1.3483333 -1.3483333 -0.86 -0.86 -0.86 -0.85996312 -0.54289781 -0.33833333 -0.33833333 -0.33833333 0.043046257 0.12495722 0.125 0.125 0.125 -0.28145785 -0.15833381 -0.15833333 -0.15833333 -0.15833333 -0.40830939 -0.40833333 -0.40833333 -0.365 -0.365 0.15166451 0.15166662 0.023333333 0.023333333 0.078333333 0.078333333 0.078333333 0.17666667 0.42144761
-0.04666571 -0.046666667 -0.046666683 -0.5 -0.5 -0.5 -0.5 -0.57666669 -0.67128682 -0.33995013 -0.34 -0.34 -0.34 -0.3412395 -0.97166667 -0.97166667 -0.97166667 -0.97166677 -1.3483333 -1.3483333 -1.3483333 -0.86 -0.86 -0.86 -0.72833333 -0.72833333 -0.61666667 -0.61666667 -0.61666667 -0.61262064 0.125 0.125 0.125 0.125 -0.016588968 -0.15833333 -0.15833333 -0.15833333 -0.15833333 -0.40833333 -0.40833333 -0.40833333 -0.39071359 0.15166667 0.15166667 0.15166667 0.023333333 0.023333333 0.078333333 0.078333333 0.078333333 0.42166666 0.42166667
0.26166667 0.099724995 -0.54166667 -0.54165458 -0.5 -0.57622308 -0.57666667 -0.57666667 -0.50500554 -0.285 -0.285 -0.285 -0.285 -1.174971 -1.175 -0.97166682 -0.97166667 -0.98159128 -1.3483333 -1.3483333 -1.3483333 -1.28 -1.28 -1.28 -0.72833333 -0.72833333 -0.61666667 -0.61666667 -0.61666667 -0.61666628 -0.089998634 -0.089999396 0.1195963 0.12476951 -0.72735676 -0.72833333 -0.72833333 -0.72833333 -0.72833333 -0.40833333 -0.40833333 -0.40833333 0.12083084 0.15166667 0.15166667 0.15166656 0.023333333 0.023333333 0.023335313 0.078333333 0.078345109 0.34166667 0.42166667
-0.18658153 -0.18666673 -0.54166667 -0.54166667 -0.54166667 -0.57666667 -0.57666667 -0.57666667 -0.38 -0.38 -0.285 -0.285 -0.285 -1.175 -1.175 -1.175 -1.175 -1.1750185 -1.3483333 -1.3483333 -1.3483333 -1.28 -1.28 -1.28 -0.72833333 -0.72833333 -0.61666667 -0.61666667 -0.61666667 -0.095938205 -0.09 -0.09 -0.09 -0.09 -0.72801835 -0.72833333 -0.72833333 -0.72833333 -0.72833333 -1.1166665 -1.1166667 -1.1166667 -1.1166667 0.15166214 -0.43833333 -0.43833333 -0.43833333 0.26333333 0.26333333 0.26333333 0.34166667 0.34166667 0.34166667
-0.18666667 -0.18666667 -0.54166667 -0.54166667 -0.54166667 -0.5764827 -0.57666667 -0.38 -0.38 -0.38 -0.28501169 -0.285 -1.0544591 -1.175 -1.175 -1.175 -1.175 -1.6916667 -1.6916667 -1.6916667 -1.4966667 -1.4966665 -1.2800011 -1.28 -1.2798688 -1.32 -1.32 -1.3199983 -0.61678033 -0.21164242 -0.21166602 -0.21164543 -0.090207941 -0.090104997 -0.61472357 -0.72833347 -0.72950068 -1.0766667 -1.0766667 -1.1166667 -1.1166667 -1.1166667 -1.1166667 -0.43833333 -0.43833333 -0.43833333 -0.43833333 0.26333333 0.26333333 0.26333333 0.34166667 0.34166667 0.34166667
-0.18666667 -0.18666667 -0.54166667 -0.54166667 -0.54166667 -0.54166667 -0.50306008 -0.38 -0.38 -0.38 -0.38046768 -1.2266667 -1.2266667 -1.2266667 -1.1753045 -1.175 -1.6882237 -1.6916667 -1.6916667 -1.6916667 -1.4966667 -1.4966667 -1.4966667 -1.4966667 -1.32 -1.32 -1.32 -1.32 -1.32 -0.21166667 -0.21166667 -0.21166667 -0.21166667 -0.21166739 -0.55333333 -1.0766667 -1.0766667 -1.0766667 -1.0766667 -1.0766677 -1.385 -1.385 -1.385 -1.1279219 -0.595 -0.595 -0.595 0.26333331 0.26333312 0.043333333 0.043333333 0.12005393 0.12
-0.18666667 -0.18666667 -0.41353659 -0.54166667 -0.54166667 -0.54166669 -1.541269 -0.38366618 -0.38 -0.38 -1.2266667 -1.2266667 -1.2266667 -1.2266667 -1.2266667 -1.2225009 -1.6916667 -1.6916667 -1.6916667 -1.6916667 -1.4966682 -1.4966667 -1.4966667 -1.4966667 -1.32 -1.32 -1.32 -1.32 -1.32 -0.72277819 -0.21166667 -0.21166667 -0.21166667 -0.55333333 -0.55333333 -0.55373971 -1.0766667 -1.0766667 -0.94722761 -0.84666669 -1.385 -1.385 -1.385 -1.1307935 -0.595 -0.595 -0.595 -0.22333333 0.040010693 0.043333333 0.043333333 0.12 0.12
-1.35 -1.35 -1.35 -0.74433805 -0.54390627 -1.5433333 -1.5433333 -1.5433333 -1.5433333 -1.4366667 -1.4366667 -1.2266667 -1.2266667 -1.2266667 -1.2266667 -1.2266961 -1.6916667 -1.6916667 -1.6916667 -1.6916667 -1.5817583 -1.4966667 -1.4966667 -1.4938315 -1.3852905 -1.32 -1.32 -1.32 -0.90333333 -0.90333333 -0.90333333 -0.90333043 -0.55333333 -0.55333333 -0.55333333 -0.55333333 -0.84666667 -0.84666667 -0.84666667 -0.84666667 -1.08 -1.08 -1.08 -0.4816787 -0.48166667 -0.48166667 -0.4816667 -0.22333333 -0.22333333 0.043008415 0.043333333 0.11999845 0.12
-1.35 -1.35 -1.35 -1.350039 -2.0733333 -1.9962626 -1.5433333 -1.5433333 -1.5433333 -1.4366667 -1.4366667 -1.4366667 -1.3 -1.3 -1.3 -1.3 -1.6914011 -1.6916667 -1.6916667 -1.6916667 -1.6887039 -1.3883336 -1.3883333 -1.3883333 -1.3883333 -1.3883333 -1.1266667 -1.1266667 -0.90333333 -0.90333333 -0.90333333 -0.90333333 -0.55333351 -0.55333333 -0.55333333 -0.55335329 -0.84666665 -0.84666667 -0.84666667 -0.84435627 -1.08 -1.08 -1.08 -0.48169441 -0.48166667 -0.48166667 -0.48166667 -0.22333333 -0.22333333 -0.22333333 -0.18666667 -0.18666667 -0.051666667
-1.35 -1.35 -1.35 -2.0733317 -2.0733333 -2.0733333 -1.5433335 -1.5433333 -1.5433333 -1.4366667 -1.4366667 -1.4366667 -1.3 -1.3 -1.3 -1.318786 -1.5466667 -1.5466667 -1.546667 -1.6908477 -1.3883333 -1.3883333 -1.3883333 -1.3883333 -1.3883333 -1.3881364 -1.1266667 -1.1266667 -1.1266667 -0.90333333 -0.90333333 -0.90327648 -0.79833333 -0.79833333 -0.79833333 -0.295 -0.295 -0.32 -0.32 -0.32 -0.096666667 -1.0796916 -1.0799918 0.015 0.015 -0.003823102 -0.48166492 -0.22333333 -0.22333333 -0.18666667 -0.18666667 -0.18666667 -0.051666667
-1.35 -1.35 -1.35 -2.0733333 -2.0733333 -2.0733333 -2.0733333 -1.5433333 -1.5433333 -1.4366667 -1.4366667 -1.3054647 -1.3 -1.3 -1.3 -1.5466667 -1.5466667 -1.5466667 -1.5466667 -1.5466667 -1.3883333 -1.3883333 -1.3883333 -1.3883333 -1.3883333 -1.1266676 -1.1266667 -1.1266667 -1.1266667 -0.815 -0.815 -0.815 -0.79833333 -0.79833333 -0.79833333 -0.295 -0.295 -0.32 -0.32 -0.096666667 -0.096666667 -0.096666667 0.015 0.015 0.015 0.015 0.032387852 0.22666667 0.22666667 0.22666667 -0.18666666 0.115 0.115
-1.35 -1.35 -1.3510073 -2.0733333 -2.0733333 -2.0733333 -2.0733333 -1.7988366 -1.785 -1.784402 -1.4366667 -1.3 -1.3 -1.3 -1.3000009 -1.5466667 -1.5466667 -1.5466667 -1.5466667 -1.5466667 -1.0335197 -1.3883333 -1.3883333 -1.3883333 -1.3882908 -1.1266698 -1.1266667 -1.1266667 -1.1266667 -0.815 -0.815 -0.815 -0.81499527 -0.79833333 -0.295 -0.295 -0.295 -0.29500097 -0.31998477 -0.096666667 -0.096666667 -0.096666667 0.014993221 0.015 0.015 0.015 0.22666564 0.22666667 0.22666667 0.22666667 0.115 0.115 0.115
