interpolatedSpi/05-12|23_2.tif
NCOLS 53
NROWS 52
XLLCORNER -116.03883
YLLCORNER 28.596182
DX 0.49850594
DY 0.49788537
NODATA_VALUE -9999
[rows 0 to 33 of 52, columns 0 to 52 of 53]
-0.335 -0.335 -0.32177884 -0.43375 -0.265 -0.44125 -0.5675 -0.52625 -0.97212883 -1.1625 -0.78375 -0.95375 -1.251211 -0.7775 -0.3775 -0.3775 -0.3775 -0.795 -0.31125 -0.31125 -0.31125 -0.31125096 -0.41125 -0.4825 -0.4825 -0.4825 -1.3362514 -1.33625 -1.33625 -1.51375 -1.51375 -1.51375 -1.51375 -1.2262501 -1.22625 -1.22625 -1.22625 -1.22625 -1.22625 -1.22625 -0.28266283 -0.27254401 -0.445 -0.445 -0.445 -0.445 -0.44440791 -0.0825 -0.0825 -0.0825 -0.38749937 -0.3875 -0.3875
-0.33501788 -0.7375 -0.46250023 -0.49658143 -0.53271903 -0.72375 -0.64625 -0.57135526 -0.98125 -0.6475 -1.085 -1.25125 -1.25125 -0.88962487 -0.77749783 -0.3775 -0.795 -0.795 -0.31188075 -0.31125 -0.31125 -0.31125 -0.50684466 -0.4825 -0.4825 -0.4825 -0.38000001 -0.38 -1.51375 -1.51375 -1.51375 -1.51375 -1.51375 -1.22625 -1.22625 -1.22625 -1.22625 -1.22625 -1.2262499 -0.99739189 0.19989476 -0.36673491 -0.445 -0.445 -0.445 -0.445 -0.445 -0.0825 -0.0825 -0.0825 -0.10779089 -0.3875 -0.3875
0.24747888 0.2475 -0.66125 -0.4 -0.78625 -0.09 -0.32 -0.145 -0.8225 -0.9325 -1.00875 -0.9025 -1.1125 -1.4775 -0.89 -1.12625 -0.795 -0.795 -0.795 -0.41621948 -0.41625 -0.41625 -0.945 -0.4825 -0.4825 -0.4825 -0.38 -0.38 -0.38 -1.51375 -1.51375 -1.51375 -1.1906102 -1.2245073 -1.2196647 -0.52523316 -0.51875 -0.51875 -0.42835019 0.2 0.2 0.19917521 -0.445 -0.445 -0.445 -0.445 -0.445 -0.0825 -0.0825 -0.0825 -0.082500001 -0.3875 -0.3875
0.33125 0.24749992 -0.14887446 -0.2675 -0.77625 -0.74125 -0.71125 -0.995 -0.4125 -0.90261087 -1.10625 -1.21625 -1.2475 -1.4775 -1.17625 -1.12625 -0.92653975 -0.92490891 -0.59625 -0.41625 -0.41625 -0.81875 -0.945 -0.945 -0.4825 -0.48249949 -0.38 -0.38 -0.38 -0.90625 -0.87127179 -0.8425 -0.8425 -0.84249974 -0.51875 -0.51875 -0.51875 -0.51875 0.2 0.2 0.2 0.19999998 -0.445 -0.445 -0.445 -0.445 -0.445 -0.082504573 -0.0825 -0.0825 -0.0825 -0.38753021 -0.3875
0.33125 -0.28249975 -0.14875 -0.51826038 -0.77625 -0.82 -0.99497153 -1.27625 -1.35125 -0.95875018 -1.183242 -1.2836189 -0.36875 -1.17625 -1.17625 -1.1396332 -0.925 -0.925 -0.59625 -0.59625 -0.41625079 -0.81875 -0.5625 -0.23375 -0.40125 -0.40124473 -0.38 -0.38 -0.90625 -0.90625 -0.8425 -0.8425 -0.8425 -0.71827743 -0.51875 -0.51875 -0.51875 0.2 0.2 0.2 0.2 0.19993882 -0.445 -0.445 -0.445 -0.445 -0.445 -0.4417733 -0.0825 -0.082555153 -1.3125 -1.3125 -1.3125
-1.24875 -0.635 -0.46999997 0.0012499998 -0.52 -0.79875 -1.04625 -1.0756966 -1.2775 -1.50375 -1.545 -1.095 -1.0949995 -1.35 -1.35 -0.64367697 -0.64375 -0.97625 -0.97625 -0.59624993 -0.7175 -0.7175 -0.23375 -0.40125 -0.40125 -0.37875 -0.77875 -0.77875 -0.52878475 -0.90625 -0.8425 -0.8425 -0.18375 -0.18377077 -0.38248569 -0.023750001 -0.02375 0.13077783 0.2 0.2 -0.43295958 -0.43375 -0.43374926 -0.42044132 -0.42000276 -0.42000001 -0.42 -0.42000002 -1.1842797 -1.3125 -1.3125 -1.3125 -1.3125
-0.28124501 -0.68 -0.31546549 -0.5375 -0.55875 -1.155 -0.81125 -1.19125 -1.72625 -1.72625 -1.545 -1.485 -1.17625 -1.35 -0.34125302 -0.34125 -0.64375 -0.3075 -0.51375 -0.51375 -0.54666648 -0.355 -0.355 -0.49375 -0.37875 -0.37875 -0.77875 -0.77875 -0.52877069 -0.52913089 -0.12235604 -0.18375 -0.18375 -0.3825 -0.3825 -0.39478603 -0.02375 -0.02375 -0.32623951 -0.43374985 -0.43375 -0.43375 -0.43374643 -0.42000109 -0.42 -0.42 -0.42 -0.42000047 -1.20125 -1.312478 -1.3125 -1.3125 -1.3125
-0.28125 -0.6625 -0.38375 -0.905 -0.71126111 -1.07375 -1.37 -1.4975 -1.63 -1.78375 -1.78375 -1.08 -1.17625 -1.17625 -0.34697887 -0.58601594 -0.61 -0.26 -0.70249981 -0.51375 -0.13783693 -0.06875 -0.42375 -0.071250002 -0.071260109 -0.855 -0.3775 -0.37750014 -0.88250603 -0.88374998 -0.12 -0.50951102 -0.2975 -0.3825 -0.3896303 -0.705 -0.705 -0.32625 -0.32625 -0.43375 -0.43375 -0.43374999 -0.61381435 -0.61499999 -0.42 -0.42 -0.42 -1.2012203 -1.20125 -1.20125 -1.3125 -1.3125 -1.3125
-0.7068768 -0.6625 -0.40875 -1.1225 -0.61375 -1.09875 -0.79375 -0.62625 -1.52375 -0.65952699 -0.69625 -1 -1 -0.425 -0.42500005 -0.13757038 -0.13625 -0.13625 -0.3275483 -0.73000003 -0.8825 -0.88249999 -0.53125 -0.46611398 -0.77601869 -0.855 -0.29 -0.3775 -0.61983357 -0.62125 -0.56875 -0.71 -0.52490625 -0.97625 -0.6325 -0.755 -0.72375 -0.22625 -0.2100075 -0.43237181 -0.125 -0.44875 -0.61499837 -0.615 -0.61390243 -0.42 -0.79624998 -1.20125 -1.20125 -1.20125 -1.20125 -1.2924232 -0.46375
-0.955 -0.955 -0.17 -0.23 -1.01125 -0.6 -0.6575 -1.195 -0.7975 -0.44008151 -1.335 -0.1225 -0.425 -0.425 -0.43 -0.42597109 -0.13625 -0.1362739 -0.22875 -0.73 -0.73 -0.7496471 -0.53125 -0.66374749 -0.66375 -0.66375 -0.29 -0.195 -0.195 -0.62125 -0.62125 -0.70930299 -0.3425 -0.97625 -0.85375 -0.755 -0.72375 -0.56125 -0.21 -0.090715121 -0.44874999 -0.50614678 -0.605 -0.615 -0.615 -0.79625 -0.79625 -0.79625 -1.20125 -1.20125 -1.15125 -1.15125 -1.1512497
-0.955 -0.955 -0.68625 -0.9225 -0.8825 -0.19125 -0.8175 -0.16113991 -0.48625 -0.14125 -0.0375 -2.8659278e-25 -0.12233736 -0.43 -0.43 -0.4299912 -0.35375 -0.34718941 -0.22875 -0.16875 -0.16875 -0.32875 -0.32875 -0.66375 -0.66375 -0.66375 -0.195 -0.195 -0.195 -0.55125 -0.55125 -0.55124966 -0.82 -0.82 -1.3225 -0.99625 -0.77 -0.41750638 -0.50375 -0.08875 -0.08875 -0.53375023 -0.605 -0.615 -0.33374998 -0.24125 -0.57968672 -0.57875 -0.99 -0.99 -1.15125 -1.15125 -1.15125
-0.955 -0.83901205 -0.7870663 -0.84249678 -0.5275 -0.5025 -0.8175 -0.16 -0.48624728 -0.14507218 -1.8383764e-07 -2.1218049e-12 -0.06875 -0.43 -0.43 -0.35375 -0.35375 -0.35374289 -0.22875 -0.16875 -0.20017074 -0.32875 -0.32875 -0.66373607 -0.66375 -0.53226218 -0.26375 -0.26375 -0.26374999 -0.55125 -0.55125 -0.53625 -0.53625 -0.82000138 -1.3225 -0.82000025 -0.8337407 -0.4175 -0.4175 -0.088750014 -0.53375 -0.53375 -0.53374856 -0.33375 -0.33375 -0.24125 -0.57875 -0.57875 -0.99 -0.99 -1.15125 -1.15125 -1.15125
-0.2675 -0.32065425 -0.2862734 -0.29027703 -0.52750003 -0.50250059 -0.81749999 -0.16809345 -0.46376804 -0.47724113 -0.06875 -0.06875 -0.06875 -0.06875 -0.42994883 -0.35375 -0.35375 -0.35213605 -0.22875 -0.1686607 0.14125 0.14125 0.14125 0.14125 -0.64979666 -0.26375 -0.26375 -0.26375 -0.26375 -0.26382124 -0.53625 -0.53625 -0.53625 -0.53625 -0.82 -0.82 -0.82 -0.43778222 -0.41918048 -0.64125 -0.64125 -0.53375578 -0.56624204 -0.33377239 -0.33375 -0.24125 -0.57875 -0.57875 -0.99 -0.99 -1.150665 -1.15125 -1.190862
-0.2675 -0.28625 -0.28625 -0.28625 -0.28625 -0.28625009 -0.81669362 -0.50643778 -0.40378821 -0.069190968 -0.06875 -0.06875 -0.06875 -0.06875 -0.068749881 -0.35375 -0.35374998 -0.34517585 -0.22875054 0.14125 0.14125 0.14125 0.14125 0.14125 0.14846301 0.011518555 0.084999928 0.085 0.085 0.085 -0.53624998 -0.53625 -0.53624918 0.14375 0.14375 -0.82 -0.12974388 -0.11 -0.64124969 -0.64125 -0.64125 -0.64125 -0.56625 -0.56625 -0.56625 -0.5639883 -0.37252997 -0.37125 -0.37125 -0.37125 -0.37125001 -0.70625009 -0.70625
-0.45625 -0.28625 -0.28625 -0.28625 -0.28625 -0.28625 -0.28625003 -0.42662351 0.10125709 0.10375 0.10375 0.10375 0.10375 0.10375 0.10375 0.41598666 -0.34142017 -0.33663313 0.14120344 0.14125 0.14125 0.14125 0.14125 0.14125039 0.475 0.475 0.47499945 0.085 0.085 0.086023748 0.59625 0.59625 0.14375 0.14375 0.14375 -0.06935182 -0.11 -0.11 -0.11 -0.64125 -0.64125 -0.64125 -0.56625 -0.56625 -0.56625 -0.56625 -0.37125001 -0.37125 -0.37125 -0.37125 -0.37125 -0.70625 -0.70625
-0.45625 -0.39296093 -0.28625 -0.28625 -0.28625 -0.28625 0.16491144 0.165 0.165 0.10375 0.10375 0.10375 0.10375 0.10375 0.17406848 0.4225 0.4225 0.4225 0.47522988 0.47624966 0.47625 0.47625 0.47625 0.47625 0.475 0.475 0.475 0.475 0.085 0.59625 0.59625 0.59625 0.14375004 0.14375 0.14375 0.32 -0.10943067 -0.11 -0.11 -0.64119006 -0.52195568 -0.24369178 -0.56625 -0.56625 -0.71578709 -0.71625 -0.71625 -0.37188166 -0.75365897 -0.75499997 -0.75499993 -0.73374584 -0.70625006
-0.45625 -0.07550778 -0.17428731 -0.28625 -0.28625 0.16473338 0.165 0.165 0.165 0.16455861 0.10375 0.10375 0.10375 0.10375004 0.4225 0.4225 0.4225 0.4225 0.47620199 0.47625 0.47625 0.47625 0.47625 0.47625 0.475 0.475 0.475 0.475 0.47544103 0.59625 0.59625 0.59625 0.7075 0.14378154 0.32 0.32 0.32 0.32007792 -0.23409378 -0.2425 -0.2425 -0.2425 -0.87625 -0.87625 -0.71625 -0.71625 -0.71625 -0.755 -0.755 -0.755 -0.755 -0.73375 -0.73375
-0.06514899 -0.065 -0.065 -0.064999995 0.3975 0.165006 0.165 0.165 0.165 0.165 0.11728286 0.10375233 0.10375001 0.4225 0.4225 0.4225 0.4225 0.4225 0.44659919 0.47625 0.47625 0.47625 0.47625 0.47625 0.55576078 0.68499886 0.685 0.685 0.685 0.59625001 0.7075 0.7075 0.7075 0.7075 0.32 0.32000026 0.33 0.33 -0.23535148 -0.2425 -0.2425 -0.2425 -0.87625 -0.87625 -0.74102351 -0.71625 -0.71625 -0.755 -0.755 -0.755 -0.75477214 -0.73375 -0.73375
-0.065 -0.065 -0.065 0.15279815 0.3975 0.3975 0.165 0.165 0.165 0.165 0.2825 0.2825 0.2825 0.4225 0.4225 0.4225 0.4225 0.42258077 0.7375 0.7375 0.47625011 0.47625 0.47551963 0.44625 0.44839936 0.685 0.685 0.685 0.685 0.70749771 0.7075 0.7075 0.7075 0.7075 0.32999996 0.33 0.33 0.33 0.32797747 -0.2425 -0.2425 -0.2425 -0.87625 -0.87625 -0.87625 -0.71625 -0.71625 -0.755 -0.755 -0.755 -0.73375 -0.73375 -0.73375
-0.065 -0.065 -0.065 0.3975 0.3975 0.3975 0.39749964 0.165 0.165 0.28237871 0.2825 0.2825 0.2825 0.28258723 0.8181052 0.91125 0.91125 0.91125 0.7375 0.7375 0.7375 0.44625 0.44625 0.44625 0.44626821 0.5938639 0.685 0.685 0.685 0.66532495 0.65625504 0.65625 0.65625 0.65625 0.26555013 0.17375035 0.17375 0.17375 0.17375 -0.35498461 -0.355 -0.355 -0.87625 -0.87625 -0.48500163 -0.48500007 -0.67 -0.67 -0.53125 -0.53125 -0.53125 -0.73375 -0.53892435
-0.064999119 -0.065 -0.064999983 0.3975 0.3975 0.3975 0.3975 0.31624996 0.16560476 0.28250227 0.2825 0.2825 0.2825 0.28373378 0.91125 0.91125 0.91125 0.91124995 0.7375 0.7375 0.7375 0.44625 0.44625 0.44625 0.51125 0.51125 0.86999999 0.87 0.87 0.86883393 0.65625 0.65625 0.65625 0.65625 0.41513246 0.17375 0.17375 0.17375 0.17375 -0.355 -0.355 -0.355 -0.3590903 -0.485 -0.485 -0.485 -0.67 -0.67 -0.53125 -0.53125 -0.53125 -0.53875 -0.53875
0.21875 0.098295753 0.4425 0.44248694 0.3975 0.31672011 0.31625 0.31625 0.35633165 0.285 0.285 0.285 0.285 1.0699744 1.07 0.91125012 0.91125 0.90667194 0.7375 0.7375 0.7375 0.52375 0.52375 0.52375 0.51125 0.51125 0.87 0.87 0.87 0.87000008 0.97624797 0.9762491 0.66429272 0.65659306 0.11561899 0.115 0.115 0.115 0.115 -0.355 -0.355 -0.355 -0.47784159 -0.485 -0.485 -0.48500005 -0.67 -0.67 -0.66999501 -0.53125 -0.53126727 -0.9175 -0.53875
0.41246321 0.41250001 0.4425 0.4425 0.4425 0.31625 0.31625 0.31625 0.42625 0.42625 0.285 0.285 0.285 1.07 1.07 1.07 1.07 1.0699625 0.7375 0.7375 0.73749999 0.52375 0.52375 0.52375 0.51125 0.51125 0.87 0.87 0.87 0.97505202 0.97625 0.97625 0.97625 0.97625 0.11542498 0.115 0.115 0.115 0.115 -0.053750078 -0.05375 -0.05375 -0.05375 -0.48500222 -0.775 -0.775 -0.775 -1.00625 -1.00625 -1.00625 -0.9175 -0.9175 -0.9175
0.4125 0.4125 0.4425 0.4425 0.4425 0.31691359 0.31625 0.42625 0.42625 0.42625 0.28501739 0.285 0.31053515 1.0699998 1.07 1.07 1.07 0.21125 0.21125 0.21125 0.56625 0.56624997 0.52375021 0.52375 0.52398067 0.91875 0.91875 0.91874988 0.87000788 0.9787495 0.97874999 0.97874956 0.97625427 0.97625216 0.26839237 0.115 0.1150377 0.12625 0.12625 -0.05375 -0.05375 -0.05375 -0.05375 -0.775 -0.775 -0.775 -0.775 -1.00625 -1.00625 -1.00625 -0.9175 -0.9175 -0.9175
0.4125 0.4125 0.4425 0.4425 0.4425 0.4425 0.35741979 0.42625 0.42625 0.42625 0.42618924 0.31625 0.31625 0.31625 1.065558 1.07 0.2169725 0.21125 0.21125 0.21125 0.56625 0.56625 0.56625 0.56625 0.91875 0.91875 0.91875 0.91875 0.91875 0.97875 0.97875 0.97875 0.97875 0.97874869 0.355 0.12625 0.12625 0.12625 0.12625 0.12624779 -0.54375 -0.54375 -0.54375 -0.63039127 -0.81 -0.81 -0.81 -1.00625 -1.00625 -0.9975 -0.9975 -0.48385552 -0.48375
0.4125 0.4125 0.43167211 0.4425 0.4425 0.44249999 0.15672912 0.42539911 0.42625 0.42625 0.31624994 0.31625 0.31625 0.31625 0.31625 0.37801684 0.21125 0.21125 0.21125 0.21125 0.56624725 0.56625 0.56625 0.56625 0.91875 0.91875 0.91875 0.91875 0.91875 0.45963312 0.97875 0.97875 0.97875 0.355 0.355 0.35482237 0.12625 0.12625 -0.28739221 -0.60874994 -0.54375 -0.54375 -0.54375 -0.62935121 -0.81 -0.81 -0.81 -0.875 -0.99597366 -0.9975 -0.9975 -0.48375 -0.48375
0.325 0.325 0.325 0.41303952 0.44191638 0.15625 0.15625 0.15625 0.15625 0.012500001 0.0125 0.31624998 0.31625 0.31625 0.31625 0.31624331 0.21125 0.21125 0.21125 0.21125 0.41133952 0.56625 0.56625 0.56814736 0.65121808 0.91875 0.91875 0.91875 0.27625 0.27625 0.27625 0.27625295 0.355 0.355 0.355 0.355 -0.60875 -0.60875 -0.60875 -0.60875 -0.7225 -0.7225 -0.7225 -0.82749789 -0.8275 -0.8275 -0.82749999 -0.875 -0.875 -0.99735074 -0.9975 -0.48375095 -0.48375
0.325 0.325 0.325 0.32498485 0.04375 0.060109348 0.15625 0.15625 0.15625 0.0125 0.0125 0.0125 -0.52749996 -0.5275 -0.5275 -0.52749999 0.20958304 0.21125 0.21125 0.21125 0.21663702 0.6387498 0.63875 0.63875 0.63875 0.63874999 0.13750001 0.1375 0.27625 0.27625 0.27625 0.27625 0.35499981 0.355 0.355 0.35497801 -0.60875 -0.60875 -0.60875 -0.60830035 -0.7225 -0.7225 -0.7225 -0.82749513 -0.8275 -0.8275 -0.8275 -0.875 -0.875 -0.87499997 -0.6725 -0.6725 -0.41375
0.325 0.325 0.325 0.043750648 0.04375 0.04375 0.15624996 0.15625 0.15625 0.0125 0.0125 0.0125 -0.5275 -0.5275 -0.5275 -0.54054232 -0.69875 -0.69875 -0.69874765 0.20611009 0.63875 0.63875 0.63875 0.63875 0.63875 0.63837278 0.1375 0.1375 0.1375 0.27625 0.27625 0.27611966 0.085 0.085 0.085 -0.28125 -0.28125 -0.50625 -0.50625 -0.50625 -0.5075 -0.72243256 -0.72249879 -0.56 -0.56 -0.57013795 -0.82749937 -0.875 -0.875 -0.6725 -0.6725 -0.6725 -0.41375
0.325 0.325 0.325 0.04375 0.04375 0.04375 0.04375 0.15625 0.15625 0.0125 0.0125 -0.50590779 -0.5275 -0.5275 -0.5275 -0.69875 -0.69875 -0.69875 -0.69875 -0.69875 0.63875 0.63875 0.63875 0.63875 0.63875 0.13750171 0.1375 0.1375 0.1375 0.07375 0.07375 0.07375 0.085 0.085 0.085 -0.28125 -0.28125 -0.50625 -0.50625 -0.5075 -0.5075 -0.5075 -0.56 -0.56 -0.56 -0.56 -0.57663484 -0.7625 -0.7625 -0.7625 -0.6725 -0.57 -0.57
0.325 0.325 0.32460835 0.04375 0.04375 0.04375 0.04375 -0.17521271 -0.18625 -0.18590877 0.012499975 -0.52750617 -0.5275 -0.5275 -0.52750059 -0.69875 -0.69875 -0.69875 -0.69875 -0.69875 -0.72549899 0.63875 0.63875 0.63875 0.63870134 0.13751491 0.1375 0.1375 0.1375 0.07375 0.07375 0.07375 0.073752187 0.085 -0.28125 -0.28125 -0.28125 -0.28125918 -0.50625009 -0.5075 -0.5075 -0.5075 -0.55999681 -0.56 -0.56 -0.56 -0.76249905 -0.7625 -0.7625 -0.7625 -0.57 -0.57 -0.57
0.2425 0.24250014 0.043904935 0.04375 0.04375 0.04375 -0.18620106 -0.18625 -0.18625 -0.18625 -0.60124999 -0.60125 -0.60125 -0.60125 -0.69829999 -0.69875 -0.69875 -0.69875 -0.69875 -0.78374995 -0.78375 -0.78375 0.40250004 0.4025 0.4025 0.4025 0.37962709 0.1375 0.1424998 0.1425 0.1425 0.1425 0.1425 -0.1725 -0.1725 -0.1725 -0.1725 -0.1725 -0.42625 -0.42625 -0.42625 -0.42625 -0.42625 -0.66983418 -0.67 -0.67 -0.67 -0.7625 -0.7625 -0.7625 -0.57003033 -0.57 -0.57
0.2425 0.2425 0.24090917 0.052499982 0.052499998 0.052267258 -0.18625 -0.18625 -0.18625 -0.18625 -0.60125 -0.60125 -0.60125 -0.60125 -0.60125 -0.69875 -0.69875 -0.69875 -0.78374998 -0.78375 -0.78375 -0.78375 0.4025 0.4025 0.4025 0.4025 0.4025 0.40244368 0.14270901 0.1425 0.1425 0.1425 0.14258396 0.072684952 -0.17224612 -0.1725 -0.1725 -0.17249999 -0.42625 -0.42625 -0.42625 -0.42625 -0.42625 -0.67 -0.67 -0.67 -0.67 -0.71325481 -0.7625 -0.73159865 -0.73125 -0.74875 -0.74875
0.2425 0.2425 0.052524067 0.0525 0.0525 0.0525 -0.0081414929 -0.18625 -0.18625 -0.18625 -0.60125 -0.60125 -0.60125 -0.60125 -0.60125 -0.69867712 -0.69875 -0.78372508 -0.78375 -0.78375 -0.78375 -0.78375 -0.036953999 0.4025 0.4025 0.4025 0.4025 0.40269935 0.68375 0.68375 0.68375 0.68375 0.68375 0.26 0.26 0.26 0.26 0.26 -0.4825 -0.4825 -0.4825 -0.4825 -0.4825 -0.66946894 -0.66999989 -0.67 -0.66996313 -0.66557263 -0.73125 -0.73125 -0.73125 -0.7487499 -0.74875
