interpolatedSpi/05-10|23_3.tif
NCOLS 53
NROWS 52
XLLCORNER -116.03883
YLLCORNER 28.596182
DX 0.49850594
DY 0.49788537
NODATA_VALUE -9999
[rows 0 to 28 of 52, columns 0 to 52 of 53]
0.45 0.45 0.50963533 0.78833333 0.54 0.68333333 0.445 0.6 -0.60980665 -0.55833333 -0.17333333 -0.33833333 -0.77997228 -0.44333333 -0.32666667 -0.32666667 -0.32666667 -0.85666667 -0.32 -0.32 -0.32 -0.3199992 -0.23666667 -0.70666667 -0.70666667 -0.70666667 -1.3233372 -1.3233333 -1.3233333 -1.4333333 -1.4333333 -1.4333333 -1.4333333 -1.385 -1.385 -1.385 -1.385 -1.385 -1.385 -1.385 0.20784351 0.22481348 -0.50666667 -0.50666667 -0.50666667 -0.50666667 -0.50646794 -0.385 -0.385 -0.385 -0.051667359 -0.051666667 -0.051666667
0.44997534 -0.105 0.44333295 0.39949526 0.55147749 0.075 0.08 -0.21960288 -0.60833333 -0.5 -0.31333333 -0.78 -0.78 -0.70080526 -0.44333542 -0.32666667 -0.85666667 -0.85666667 -0.32069974 -0.32 -0.32 -0.32 -0.73903848 -0.70666667 -0.70666667 -0.70666667 -0.22500003 -0.225 -1.4333333 -1.4333333 -1.4333333 -1.4333333 -1.4333333 -1.385 -1.385 -1.385 -1.385 -1.385 -1.385 -1.1689705 -0.020112261 -0.44761417 -0.50666667 -0.50666667 -0.50666667 -0.50666667 -0.50666667 -0.385 -0.385 -0.385 -0.35735968 -0.051666667 -0.051666667
0.80331978 0.80333333 0.11166667 0.12833333 -0.026666667 0.81666667 0.145 0.69166667 -0.46 -0.65666667 -0.69166667 -0.3 -0.81666667 -1.42 -0.70166667 -1.2566667 -0.85666667 -0.85666667 -0.85666667 -0.26001744 -0.26 -0.26 -1.3216667 -0.70666667 -0.70666667 -0.70666667 -0.225 -0.225 -0.225 -1.4333333 -1.4333333 -1.4333333 -1.312181 -1.3838427 -1.3804236 -0.89783871 -0.89333333 -0.89333333 -0.78349102 -0.020000006 -0.02 -0.020622326 -0.50666667 -0.50666667 -0.50666667 -0.50666667 -0.50666667 -0.385 -0.385 -0.385 -0.385 -0.051666667 -0.051666667
0.92333333 0.80333318 0.02145961 0.02 -0.90166667 -0.415 -0.20333333 -0.61166667 -0.08 -0.76799643 -0.86 -1.1233333 -0.93833333 -1.42 -1.0833333 -1.2566667 -0.89611318 -0.89330764 -0.51833333 -0.26 -0.26 -0.86 -1.3216667 -1.3216667 -0.70666667 -0.70666426 -0.225 -0.225 -0.225 -1.2716667 -1.2222857 -1.1816667 -1.1816667 -1.1816664 -0.89333333 -0.89333333 -0.89333333 -0.89333333 -0.02 -0.02 -0.02 -0.020000018 -0.50666667 -0.50666667 -0.50666667 -0.50666667 -0.50666667 -0.38500153 -0.385 -0.385 -0.385 -0.051734444 -0.051666667
0.92333333 -0.24333285 0.021666667 -0.72749756 -0.90166667 -1.0066667 -1.1050157 -1.4366667 -1.67 -0.92166701 -1.1657432 -1.2698697 -0.36 -1.0833333 -1.0833333 -1.1936019 -0.89333333 -0.89333333 -0.51833333 -0.51833333 -0.26000118 -0.86 -0.56333333 0.026666667 -0.39 -0.38999255 -0.225 -0.225 -1.2716667 -1.2716667 -1.1816667 -1.1816667 -1.1816667 -1.1062374 -0.89333333 -0.89333333 -0.89333333 -0.02 -0.02 -0.02 -0.02 -0.020118088 -0.50666668 -0.50666667 -0.50666667 -0.50666667 -0.50666667 -0.50558368 -0.385 -0.3850781 -2.1266667 -2.1266667 -2.1266667
-1.1533333 -0.75333333 -0.72999998 -0.39333333 -0.555 -1.3333333 -1.55 -1.5354901 -1.36 -1.7466667 -1.9916667 -1.3716667 -1.371666 -1.715 -1.715 -0.67156808 -0.67166667 -1.25 -1.25 -0.51833343 -0.66166667 -0.66166667 0.026666667 -0.39 -0.39 -0.35833333 -1.0183333 -1.0183333 -0.94336391 -1.2716667 -1.1816667 -1.1816667 -0.78166667 -0.78167085 -0.82166374 -0.49666667 -0.49666667 -0.16746771 -0.02 -0.02 -1.2418076 -1.2433333 -1.2433318 -1.0813398 -1.091602 -1.0916665 -1.0916666 -1.0916665 -1.9252627 -2.1266667 -2.1266667 -2.1266667 -2.1266667
-0.104994 -0.815 -0.27081627 -0.94333333 -1.0983333 -1.7 -1.2433333 -1.49 -1.9883333 -1.9883333 -1.9916667 -1.895 -1.6533332 -1.715 -0.26333768 -0.26333333 -0.67166667 -0.15833333 -0.62833333 -0.62833333 -0.37419508 -0.051666667 -0.051666667 -0.405 -0.35833333 -0.35833333 -1.0183333 -1.0183333 -0.94336665 -0.94394669 -0.63937539 -0.78166667 -0.78166667 -0.82166667 -0.82166667 -0.9105931 -0.49666667 -0.49666667 -0.93498481 -1.2433329 -1.2433333 -1.2433333 -1.2433251 -1.0916679 -1.0916667 -1.0916667 -1.0916667 -1.0916672 -1.945 -2.1266307 -2.1266667 -2.1266667 -2.1266667
-0.105 -0.885 -0.46166667 -1.4183333 -0.79836888 -1.6933333 -2.215 -2.08 -2.0516667 -2.1166667 -2.1166667 -1.1233333 -1.6533333 -1.6533333 -0.27287002 -0.60183134 -0.635 -0.27166667 -0.73833322 -0.62833333 -0.65189775 -0.58666667 -0.725 -0.165 -0.16501361 -1.22 -0.74333333 -0.74333343 -1.5129968 -1.515 -0.63666667 -1.1085438 -0.87666667 -0.82166667 -0.83188676 -1.2566667 -1.2566667 -0.935 -0.935 -1.2433333 -1.2433333 -1.2433333 -1.3068909 -1.31 -1.0916667 -1.0916667 -1.0916667 -1.9449675 -1.945 -1.945 -2.1266667 -2.1266667 -2.1266667
-0.90725161 -0.88499999 -0.25333333 -1.4116667 -0.85 -1.7716667 -1.285 -1.01 -1.9916667 -1.2540369 -0.56833333 -1.1866667 -1.1866667 -0.73166667 -0.731667 -0.32918804 -0.32833333 -0.32833333 -0.34290405 -1.12 -1.355 -1.355 -1.0366667 -0.8478227 -1.1136839 -1.22 -0.805 -0.74333333 -1.0067934 -1.0083333 -1.1733333 -1.115 -0.85226056 -1.5283333 -1.18 -1.5033333 -1.26 -0.55 -0.64329024 -1.2404616 -0.6 -0.82 -1.3099191 -1.31 -1.3087711 -1.0916667 -1.225 -1.945 -1.945 -1.945 -1.945 -2.0407565 -0.325
-1.0316667 -1.0316667 0.016666667 -0.23166667 -1.2166667 -0.545 -1.0766667 -1.8883333 -1.3516667 -1.0667177 -1.6183333 -0.46833333 -0.73166667 -0.73166667 -0.76666667 -0.76065473 -0.32833333 -0.32835757 -0.41 -1.12 -1.12 -1.1502759 -1.0366667 -1.1933304 -1.1933333 -1.1933333 -0.805 -0.60833333 -0.60833333 -1.0083333 -1.0083333 -1.1140106 -0.59333333 -1.5283333 -1.195 -1.5033333 -1.26 -1.4516667 -0.64333333 -0.43509716 -0.81999999 -0.81755107 -0.81333333 -1.31 -1.31 -1.225 -1.225 -1.225 -1.945 -1.945 -1.4366667 -1.4366667 -1.4366662
-1.0316667 -1.0316667 -0.57 -1.0416667 -0.97833333 -0.10666667 -1.3266667 -0.64972512 -0.45333333 -0.38333333 -0.32333333 -0.24166667 -0.46803196 -0.76666667 -0.76666667 -0.76665417 -0.65833333 -0.64529964 -0.41 -0.46666667 -0.46666667 -0.32333333 -0.32333333 -1.1933333 -1.1933333 -1.1933333 -0.60833333 -0.60833333 -0.60833333 -0.815 -0.815 -0.81499963 -1.18 -1.18 -1.8916667 -1.35 -1.105 -0.86834054 -0.87333333 -0.43166667 -0.43166667 -0.98166611 -0.81333333 -1.31 -0.61000011 -0.575 -0.78855447 -0.78666667 -1.4066667 -1.4066667 -1.4366667 -1.4366667 -1.4366667
-1.0316667 -0.83243992 -0.77127699 -0.86999003 -0.53166667 -0.62666667 -1.3266667 -0.64833333 -0.45333496 -0.38410885 -0.24166685 -0.24166667 -0.16166667 -0.76666667 -0.76666667 -0.65833334 -0.65833333 -0.6583192 -0.41 -0.46666667 -0.43851892 -0.32333333 -0.32333333 -1.1932977 -1.1933333 -0.93090555 -0.395 -0.395 -0.39500003 -0.815 -0.815 -0.45333333 -0.45333333 -1.180002 -1.8916667 -0.90166717 -1.2028157 -0.86833333 -0.86833333 -0.43166668 -0.98166667 -0.98166667 -0.98166395 -0.61 -0.61 -0.575 -0.78666667 -0.78666667 -1.4066667 -1.4066667 -1.4366667 -1.4366667 -1.4366667
-0.33333333 -0.31336934 -0.28502758 -0.28923409 -0.53166732 -0.62666442 -1.3266666 -0.65668322 -0.46677083 -0.45150545 -0.16166667 -0.16166667 -0.16166667 -0.16166667 -0.76658096 -0.65833333 -0.65833333 -0.65512695 -0.41 -0.46645415 0.26666667 0.26666667 0.26666667 0.26666667 -1.167965 -0.395 -0.395 -0.395 -0.395 -0.39511085 -0.45333333 -0.45333333 -0.45333333 -0.45333333 -0.90166667 -0.90166667 -0.90166667 -0.8709283 -0.86984796 -1.07 -1.07 -0.98167142 -1.019986 -0.61003949 -0.61 -0.575 -0.78666667 -0.78666667 -1.4066667 -1.4066667 -1.4365578 -1.4366667 -1.3422722
-0.33333333 -0.285 -0.285 -0.285 -0.285 -0.28500014 -1.3248747 -1.0056792 -0.50262081 -0.16197891 -0.16166667 -0.16166667 -0.16166667 -0.16166667 -0.16166608 -0.65833333 -0.65833329 -0.64129936 -0.41000127 0.26666667 0.26666667 0.26666667 0.26666667 0.26666667 0.27833712 0.0044493603 0.0899999 0.09 0.09 0.09 -0.45333331 -0.45333333 -0.45333244 0.28666667 0.28666667 -0.90166667 -0.30214844 -0.285 -1.0699995 -1.07 -1.07 -1.07 -1.02 -1.02 -1.02 -1.0169032 -0.75350625 -0.75333333 -0.75333333 -0.75333333 -0.75333335 -1.0283334 -1.0283333
-0.58166667 -0.285 -0.285 -0.285 -0.285 -0.285 -0.28500006 -0.60662307 0.64713194 0.65333333 0.65333333 0.65333333 0.65333333 0.65333333 0.65333333 1.0369062 -0.63128018 -0.6243278 0.2665815 0.26666667 0.26666667 0.26666667 0.26666667 0.26666738 0.80666667 0.80666667 0.80666566 0.09 0.09 0.091628652 0.90333333 0.90333333 0.28666667 0.28666667 0.28666667 -0.19342494 -0.285 -0.285 -0.285 -1.07 -1.07 -1.07 -1.02 -1.02 -1.02 -1.02 -0.75333334 -0.75333333 -0.75333333 -0.75333333 -0.75333333 -1.0283333 -1.0283333
-0.58166667 -0.47122104 -0.285 -0.285 -0.285 -0.285 0.79145535 0.79166667 0.79166666 0.65333333 0.65333333 0.65333333 0.65333333 0.65333333 0.73973774 1.045 1.045 1.045 0.87480956 0.87666604 0.87666667 0.87666667 0.87666667 0.87666667 0.80666667 0.80666667 0.80666667 0.80666667 0.09 0.90333333 0.90333333 0.90333333 0.28666672 0.28666667 0.28666667 0.35166667 -0.28415703 -0.285 -0.285 -1.0699547 -0.98024879 -0.77089663 -1.02 -1.02 -1.2542748 -1.255 -1.255 -0.75379824 -1.0340157 -1.035 -1.0349999 -0.81503235 -1.0283329
-0.58166667 0.28929624 0.017784212 -0.285 -0.285 0.79103052 0.79166667 0.79166667 0.79166667 0.7906698 0.65333333 0.65333333 0.65333333 0.65333338 1.045 1.045 1.045 1.045 0.87681704 0.87666667 0.87666667 0.87666667 0.87666667 0.87666667 0.80666667 0.80666667 0.80666667 0.80666667 0.80701828 0.90333333 0.90333333 0.90333333 1.04 0.28669146 0.35166667 0.35166667 0.35166667 0.35052002 -0.73926423 -0.77 -0.77 -0.77 -1.4533333 -1.4533333 -1.255 -1.255 -1.255 -1.035 -1.035 -1.035 -1.035 -0.815 -0.815
0.31289464 0.31333333 0.31333333 0.31333334 1.0366667 0.79167299 0.79166667 0.79166667 0.79166667 0.79166667 0.65144068 0.65333301 0.65333333 1.045 1.045 1.045 1.045 1.045 1.0431667 0.87666667 0.87666667 0.87666667 0.87666667 0.87666667 0.95634207 1.1383315 1.1383333 1.1383333 1.1383333 0.90333334 1.04 1.04 1.04 1.04 0.35166667 0.35166403 0.25166667 0.25166667 -0.75724297 -0.77 -0.77 -0.77 -1.4533333 -1.4533333 -1.2857088 -1.255 -1.255 -1.035 -1.035 -1.035 -1.032641 -0.815 -0.815
0.31333333 0.31333333 0.31333333 0.65396179 1.0366667 1.0366667 0.79166667 0.79166667 0.79166667 0.79166667 0.62833333 0.62833333 0.62833333 1.045 1.045 1.045 1.045 1.0450468 1.225 1.225 0.87666681 0.87666667 0.87841145 0.94833333 0.95004382 1.1383333 1.1383333 1.1383333 1.1383333 1.04001 1.04 1.04 1.04 1.04 0.25166702 0.25166667 0.25166667 0.25166667 0.24804988 -0.77 -0.77 -0.77 -1.4533333 -1.4533333 -1.4533333 -1.255 -1.255 -1.035 -1.035 -1.035 -0.815 -0.815 -0.815
0.31333333 0.31333333 0.31333333 1.0366667 1.0366667 1.0366667 1.0366663 0.79166667 0.79166667 0.62850194 0.62833333 0.62833333 0.62833333 0.62859294 1.2743363 1.3283333 1.3283333 1.3283333 1.225 1.225 1.225 0.94833333 0.94833333 0.94833333 0.94829412 0.96524031 1.1383333 1.1383333 1.1383333 0.66684566 0.57837874 0.57833333 0.57833333 0.57833333 0.082544962 -0.15666574 -0.15666667 -0.15666667 -0.15666667 -0.85665481 -0.85666667 -0.85666667 -1.4533333 -1.4533333 -0.91333559 -0.91333335 -0.97333333 -0.97333333 -0.77166667 -0.77166667 -0.77166667 -0.815 -0.78502682
0.31333422 0.31333333 0.31333336 1.0366667 1.0366667 1.0366667 1.0366667 0.53166674 0.79062709 0.62841041 0.62833333 0.62833333 0.62833333 0.62970693 1.3283333 1.3283333 1.3283333 1.3283333 1.225 1.225 1.225 0.94833333 0.94833333 0.94833333 0.80833333 0.80833333 1.04 1.04 1.04 1.0374815 0.57833333 0.57833333 0.57833333 0.57833333 0.21103511 -0.15666667 -0.15666667 -0.15666667 -0.15666667 -0.85666667 -0.85666667 -0.85666667 -0.85844962 -0.91333333 -0.91333333 -0.91333333 -0.97333333 -0.97333333 -0.77166667 -0.77166667 -0.77166667 -0.785 -0.785
0.59833333 0.47086186 0.58166667 0.58179867 1.0366667 0.53458858 0.53166667 0.53166667 0.6021132 0.71333333 0.71333333 0.71333333 0.71333333 1.3566457 1.3566667 1.3283334 1.3283333 1.3256107 1.225 1.225 1.225 0.86 0.86 0.86 0.80833333 0.80833333 1.04 1.04 1.04 1.0399999 0.87499811 0.87499917 0.5857896 0.57865138 -0.32396734 -0.325 -0.325 -0.325 -0.325 -0.85666667 -0.85666667 -0.85666667 -0.91021282 -0.91333333 -0.91333333 -0.91333337 -0.97333333 -0.97333333 -0.97332607 -0.77166667 -0.77168493 -1.18 -0.785
0.68664989 0.68666665 0.58166667 0.58166667 0.58166667 0.53166667 0.53166667 0.53166667 0.725 0.725 0.71333333 0.71333333 0.71333333 1.3566667 1.3566667 1.3566667 1.3566667 1.3566519 1.225 1.225 1.225 0.86 0.86 0.86 0.80833333 0.80833333 1.04 1.04 1.04 0.87686039 0.875 0.875 0.875 0.875 -0.32440787 -0.325 -0.325 -0.325 -0.325 -0.4600001 -0.46 -0.46 -0.46 -0.91333512 -1.1466667 -1.1466667 -1.1466667 -1.4033333 -1.4033333 -1.4033333 -1.18 -1.18 -1.18
0.68666667 0.68666667 0.58166667 0.58166667 0.58166667 0.53192948 0.53166667 0.725 0.725 0.725 0.71333477 0.71333333 0.72286646 1.3566665 1.3566667 1.3566667 1.3566667 0.635 0.635 0.635 1.0133333 1.0133332 0.86000075 0.86 0.86015841 1.1516667 1.1516667 1.1516664 1.040018 0.78168527 0.78166716 0.78168296 0.87484048 0.87491945 -0.11133746 -0.32499999 -0.32489946 -0.295 -0.295 -0.46 -0.46 -0.46 -0.46 -1.1466667 -1.1466667 -1.1466667 -1.1466667 -1.4033333 -1.4033333 -1.4033333 -1.18 -1.18 -1.18
0.68666667 0.68666667 0.58166667 0.58166667 0.58166667 0.58166667 0.60402569 0.725 0.725 0.725 0.725 0.725 0.725 0.725 1.3529441 1.3566667 0.63980901 0.635 0.635 0.635 1.0133333 1.0133333 1.0133333 1.0133333 1.1516667 1.1516667 1.1516667 1.1516667 1.1516667 0.78166667 0.78166667 0.78166667 0.78166667 0.78166501 -0.0066666666 -0.295 -0.295 -0.295 -0.295 -0.29500213 -0.94333333 -0.94333333 -0.94333333 -0.9818412 -1.0616667 -1.0616667 -1.0616667 -1.4033333 -1.4033334 -1.5166667 -1.5166667 -0.78842862 -0.78833333
0.68666667 0.68666667 0.61956429 0.58166667 0.58166667 0.58166666 0.49041701 0.72425941 0.725 0.725 0.72499993 0.725 0.725 0.725 0.725 0.77676229 0.635 0.635 0.635 0.635 1.0133304 1.0133333 1.0133333 1.0133333 1.1516667 1.1516667 1.1516667 1.1516667 1.1516667 0.47253657 0.78166667 0.78166667 0.78166667 -0.0066666667 -0.0066666667 -0.0068905647 -0.295 -0.295 -0.661744 -0.94666661 -0.94333333 -0.94333333 -0.94333333 -0.98143852 -1.0616667 -1.0616667 -1.0616667 -1.1266667 -1.5118073 -1.5166667 -1.5166667 -0.78833333 -0.78833333
0.69833333 0.69833333 0.69833333 0.61091821 0.58137269 0.49 0.49 0.49 0.49 0.38833333 0.38833333 0.72499998 0.725 0.725 0.725 0.72499425 0.635 0.635 0.635 0.635 0.84824094 1.0133333 1.0133333 1.0227983 1.3650552 1.1516667 1.1516667 1.1516667 0.36333333 0.36333333 0.36333333 0.36333509 -0.0066666667 -0.0066666667 -0.0066666667 -0.0066666667 -0.94666667 -0.94666667 -0.94666667 -0.94666667 -0.88333333 -0.88333333 -0.88333333 -1.0866626 -1.0866667 -1.0866667 -1.0866667 -1.1266667 -1.1266667 -1.5161915 -1.5166667 -0.78833336 -0.78833333
0.69833333 0.69833333 0.69833333 0.69831619 0.38 0.39599581 0.49 0.49 0.49 0.38833333 0.38833333 0.38833333 -0.43666661 -0.43666667 -0.43666667 -0.43666665 0.63278655 0.635 0.635 0.635 0.64075662 1.374999 1.375 1.375 1.375 1.375 0.52166667 0.52166667 0.36333333 0.36333333 0.36333333 0.36333333 -0.0066667076 -0.0066666667 -0.0066666667 -0.0066712823 -0.94666666 -0.94666667 -0.94666667 -0.94608907 -0.88333333 -0.88333333 -0.88333333 -1.0866572 -1.0866667 -1.0866667 -1.0866667 -1.1266667 -1.1266667 -1.1266666 -0.79333333 -0.79333333 -0.58166667
0.69833333 0.69833333 0.69833333 0.38000073 0.38 0.38 0.48999996 0.49 0.49 0.38833333 0.38833333 0.38833333 -0.43666667 -0.43666667 -0.43666667 -0.44707514 -0.57333333 -0.57333333 -0.57333021 0.62817502 1.375 1.375 1.375 1.375 1.375 1.3743578 0.52166667 0.52166667 0.52166667 0.36333333 0.36333333 0.36331724 -0.063333333 -0.063333333 -0.063333333 -0.54333333 -0.54333333 -0.815 -0.815 -0.815 -0.74666667 -0.88329046 -0.88333241 -0.76 -0.76 -0.7723803 -1.0866659 -1.1266667 -1.1266667 -0.79333333 -0.79333333 -0.79333333 -0.58166667
