interpolatedSpi/05-12|22_3.tif
NCOLS 53
NROWS 52
XLLCORNER -116.03883
YLLCORNER 28.596182
DX 0.49850594
DY 0.49788537
NODATA_VALUE -9999
[rows 0 to 35 of 52, columns 0 to 52 of 53]
-0.485 -0.485 -0.81310576 -1.01 -0.625 -0.45 -0.63125 -0.74125 -0.84818855 -0.6325 -0.77875 -0.245 -0.51123569 -0.3375 -0.6275 -0.6275 -0.6275 0.17125 0.0425 0.0425 0.0425 0.042492391 -0.74749999 0.08625 0.08625 0.08625 -0.23625092 -0.23625 -0.23625 -0.3775 -0.3775 -0.3775 -0.3775 0.31624986 0.31625 0.31625 0.31625 0.31625 0.31625 0.31625002 1.1151452 1.1234146 -0.19375 -0.19375 -0.19375 -0.19375 -0.19315179 0.1725 0.1725 0.1725 0.2187499 0.21875 0.21875
-0.48502644 -1.08 -0.81624991 -0.74528044 -0.58524726 -0.65 -0.76625 -0.33553707 -0.63375 -0.59375 -0.4075 -0.51125 -0.51125 0.12594947 -0.33749694 -0.6275 0.17125 0.17125 0.042667873 0.0425 0.0425 0.0425 0.075722582 0.08625 0.08625 0.08625 -0.32999997 -0.33 -0.3775 -0.3775 -0.3775 -0.3775 -0.3775 0.3162499 0.31625 0.31625 0.31625 0.31625 0.31625002 0.44405936 1.127431 -0.033427144 -0.19375 -0.19375 -0.19375 -0.19375 -0.19375 0.1725 0.1725 0.1725 0.17633509 0.21875 0.21875
-0.51124167 -0.51125 -0.7375 -0.265 -0.6525 -0.76375 -0.55125 -0.37125 -1.0025 -0.35875 -0.54125 -0.63375 -0.65875 0.325 0.1275 -0.55 0.17125 0.17125 0.17125 0.13622275 0.13625 0.13625 -0.11375 0.08625 0.08625 0.08625 -0.33 -0.33 -0.33 -0.3775 -0.3775 -0.37749998 -0.19216097 0.31649924 0.31863514 0.57015186 0.5725 0.5725 0.64230437 1.1275 1.1275 1.1258105 -0.19375 -0.19375 -0.19375 -0.19375 -0.19375 0.1725 0.1725 0.1725 0.1725 0.21875 0.21875
-0.37 -0.51124995 -0.26255419 0.2975 -0.79 -0.315 -0.40375 -0.785 -0.41875 -0.052698356 -0.19875 -0.17375 -0.25125 0.325 -0.48125 -0.55 -0.78444246 -0.78557912 -1.33375 0.13625 0.13625 -0.63625 -0.11375 -0.11375 0.08625 0.086247921 -0.33 -0.33 -0.33 -0.58375 -0.25934429 0.0075 0.0075 0.0075004428 0.5725 0.5725 0.5725 0.5725 1.1275 1.1275 1.1275 1.1275 -0.19375 -0.19375 -0.19375 -0.19375 -0.19375 0.17249538 0.1725 0.1725 0.1725 0.2187422 0.21875
-0.37 0.24124908 -0.2625 -0.16878376 -0.79 -0.69625 -0.3274971 0.39375 -0.35 0.64749958 0.20266164 -0.0075270362 -0.19625 -0.48125 -0.48125 -0.5309623 -0.78625 -0.78625 -1.33375 -1.33375 0.13624841 -0.63625 0.50375 0.10875 0.03875 0.038924139 -0.33 -0.33 -0.58375 -0.58375 0.0075 0.0075 0.0075 0.023057475 0.5725 0.5725 0.5725 1.1275 1.1275 1.1275 1.1275 1.127428 -0.19374999 -0.19375 -0.19375 -0.19375 -0.19375 -0.19048992 0.1725 0.17249137 -0.02 -0.02 -0.02
-2.05375 -0.38125 -0.23625001 -0.2875 -0.5325 -0.32375 -0.475 -0.36377512 0.17375 -0.5775 -0.8575 -0.25125 -0.25124996 -0.12375 -0.12375 -0.68367274 -0.68375 -0.62 -0.62 -1.3337489 -1.145 -1.145 0.10875 0.03875 0.03875 0.78375 0.02625 0.02625 0.31116813 -0.58375 0.0075 0.0075 0.09 0.090084896 0.90244185 1.04375 1.04375 1.10159 1.1275 1.1275 0.38218073 0.38125 0.38125284 0.10586591 0.11121629 0.11124992 0.11124999 0.11124989 0.15246516 -0.02 -0.02 -0.02 -0.02
-1.7825003 -0.53875 -0.2094036 -0.135 -0.34625 -0.63125 -0.1625 -0.12625 -0.12375 -0.12375 -0.8575 -0.2675 -0.75499989 -0.12375 -0.36374928 -0.36375 -0.68375 -0.245 -0.10375 -0.10375 -0.90583307 -0.6375 -0.6375 0.51749999 0.78375 0.78375 0.02625 0.02625 0.31122385 0.31076853 0.49055731 0.09 0.09 0.9025 0.9025 1.108426 1.04375 1.04375 0.88125563 0.3812507 0.38125 0.38125 0.38126523 0.11125148 0.11125 0.11125 0.11125 0.11125004 0.18125 -0.019960118 -0.02 -0.02 -0.02
-1.7825 -0.2275 0.22 -0.8025 -0.49501763 -0.42125 -0.27625 -0.0012500021 -0.38 -0.01875 -0.01875 -0.3525 -0.755 -0.755 -0.36643434 -0.83848207 -0.885 -0.15 -0.53624956 -0.10375 0.077363162 0.14125 -0.585 0.2625 0.26249565 -0.075 0.057500001 0.057499989 -0.13592752 -0.13749999 0.4925 0.13419073 0.525 0.9025 0.90381911 1.1625 1.1625 0.88125 0.88125 0.38125 0.38125 0.38125003 0.37978795 0.37749999 0.11125 0.11125 0.11125 0.18124734 0.18125 0.18125 -0.02 -0.02 -0.02
-0.3704919 -0.2275 0.02625 -0.1725 -0.04625 -0.3025 -0.015 0.54875 0.1175 0.09756406 -0.065 -0.38625 -0.38625 0.3475 0.34749337 -1.0495401 -1.05 -1.05 -0.20896166 -0.24750008 -0.61125 -0.61124999 -0.05375 -0.3756431 -0.040988911 -0.075 0.22875 0.0575 0.22651213 0.2275 0.025 1.2125 0.64337045 0.37875 0.94875 0.975 1.19375 0.435 1.3808131 0.38653957 1.56625 0.74 0.37758079 0.3775 0.3760014 0.11125 0.22249999 0.18125 0.18125 0.18125 0.18125 -0.02684791 -0.2725
-1.17 -1.17 0.30125 0.07125 -0.3175 0.245 0.0825 0.1375 0.1025 0.092501235 0.3375 0.505 0.3475 0.3475 -0.3575 -0.36699795 -1.05 -1.0498177 -0.24 -0.2475 -0.2475 -0.29436321 -0.05375 -0.046250142 -0.04625 -0.04625 0.22875 0.69125 0.69125 0.2275 0.2275 1.2103568 0.0825 0.37875 0.5925 0.975 1.19375 1.285 1.38125 0.51551211 0.74000004 0.78913164 0.87375 0.3775 0.3775 0.2225 0.2225 0.2225 0.18125 0.18125 -0.075 -0.075 -0.075000074
-1.17 -1.17 -0.4525 -0.7225 -0.42125 -0.15 -0.20625 0.29378895 0.4475 0.35 0.0475 -0.115 0.50417436 -0.3575 -0.3575 -0.35749683 -0.33 -0.32527638 -0.24 -0.31875 -0.31875 -0.415 -0.415 -0.04625 -0.04625 -0.04625 0.69125 0.69125 0.69125 -0.47375 -0.47375 -0.47374908 0.35375 0.35375 0.1525 -0.25 1.0575 0.59875154 0.87625 0.50125 0.50125 0.24750206 0.87375 0.3775 0.42249975 0.0975 0.63944654 0.64125 0.675 0.675 -0.075 -0.075 -0.075
-1.17 -0.86022933 -0.56771863 -0.67624188 0.30375 -0.21875 -0.20625 0.29375 0.44749872 0.35108018 -0.11499939 -0.115 -0.1175 -0.3575 -0.3575 -0.33 -0.33 -0.32999488 -0.24 -0.31875 -0.33765154 -0.415 -0.415 -0.046264391 -0.04625 0.056063964 0.265 0.265 0.26500005 -0.47375 -0.47375 -0.18375 -0.18375 0.35374945 0.1525 0.34625001 1.0130013 0.59875 0.59875 0.50124999 0.2475 0.2475 0.24750136 0.4225 0.4225 0.0975 0.64125 0.64125 0.675 0.675 -0.075 -0.075 -0.075
0.12625 -0.022826666 0.017472766 0.012486415 0.30374715 -0.21873766 -0.20625 0.28759529 0.43690505 0.44495401 -0.1175 -0.1175 -0.1175 -0.1175 -0.357466 -0.33 -0.33 -0.32883796 -0.24 -0.31863921 0.0625 0.0625 0.0625 0.0625 -0.044147394 0.265 0.265 0.265 0.265 0.26452586 -0.18375 -0.18375 -0.18375 -0.18375 0.34625 0.34625 0.34625 0.58678671 0.59387754 -0.05 -0.05 0.247484 0.101261 0.42246906 0.4225 0.0975 0.64125 0.64125 0.675 0.675 -0.072279081 -0.075 0.31124694
0.12625 0.0175 0.0175 0.0175 0.0175 0.017499904 -0.20628193 0.030351351 0.4086387 -0.11689391 -0.1175 -0.1175 -0.1175 -0.1175 -0.11749974 -0.33 -0.32999999 -0.32382661 -0.24000027 0.0625 0.0625 0.0625 0.0625 0.0625 0.062581845 0.15429445 0.10875003 0.10875 0.10875 0.10875 -0.18375 -0.18375 -0.18375016 -0.315 -0.315 0.34625 -0.012245698 -0.0225 -0.049999984 -0.05 -0.05 -0.05 0.10125 0.10125 0.10125 0.1012239 0.72061656 0.72125 0.72125 0.72125 0.72125 1.0499998 1.05
0.68875 0.0175 0.0175 0.0175 0.0175 0.0175 0.017499986 -0.042666385 0.24695359 0.24625 0.24625 0.24625 0.24625 0.24625 0.24625 0.28904403 -0.3201529 -0.31767584 0.062461936 0.0625 0.0625 0.0625 0.0625 0.062500217 0.06625 0.06625 0.06625006 0.10875 0.10875 0.10816679 -0.1825 -0.1825 -0.315 -0.315 -0.315 -0.069355345 -0.0225 -0.0225 -0.0225 -0.05 -0.05 -0.05 0.10125 0.10125 0.10125 0.10125 0.72124998 0.72125 0.72125 0.72125 0.72125 1.05 1.05
0.68875 0.43885125 0.0175 0.0175 0.0175 0.0175 0.071239451 0.07125 0.071250004 0.24625 0.24625 0.24625 0.24625 0.24625 0.25590156 0.29 0.29 0.29 0.24818296 0.24874981 0.24875 0.24875 0.24875 0.24875 0.06625 0.06625 0.06625 0.06625 0.10875 -0.1825 -0.1825 -0.1825 -0.31499999 -0.315 -0.315 -0.08625 -0.022584407 -0.0225 -0.0225 -0.050048853 -0.14760444 -0.37527491 0.10125 0.10125 -0.20156261 -0.2025 -0.2025 0.71924069 -0.49573228 -0.49999989 -0.49999977 -0.23355575 1.0499974
0.68875 0.089050908 0.045332532 0.0175 0.0175 0.071218242 0.07125 0.07125 0.07125 0.0725111 0.24625 0.24625 0.24625 0.24625001 0.29 0.29 0.29 0.29 0.24878685 0.24875 0.24875 0.24875 0.24875 0.24875 0.066250004 0.06625 0.06625 0.06625 0.065345208 -0.1825 -0.1825 -0.1825 -0.097500002 -0.31497148 -0.08625 -0.08625 -0.08625 -0.087646808 -0.35385043 -0.37625 -0.37625 -0.37625 -0.5375 -0.5375 -0.2025 -0.2025 -0.2025 -0.5 -0.5 -0.5 -0.5 -0.23375 -0.23375
0.072985104 0.0725 0.0725 0.072499997 -0.18375 0.071243422 0.07125 0.07125 0.07125 0.07125 0.29423 0.24625826 0.24625002 0.29 0.29 0.29 0.29 0.29 0.27729695 0.24875 0.24875 0.24875 0.24875 0.24875 -0.070974728 -0.44749722 -0.4475 -0.4475 -0.4475 -0.1825 -0.097500001 -0.0975 -0.0975 -0.0975 -0.08625 -0.086253358 -0.21375 -0.21375 -0.37422095 -0.37625 -0.37625 -0.37625 -0.5375 -0.5375 -0.25436953 -0.2025 -0.2025 -0.5 -0.5 -0.5 -0.49714511 -0.23375 -0.23375
0.0725 0.0725 0.0725 -0.048171948 -0.18375 -0.18375 0.07125 0.07125 0.07125 0.07125 0.88 0.88 0.88 0.29 0.29 0.29 0.29 0.28998926 0.14 0.14 0.24874996 0.24875 0.24007681 -0.1075 -0.11056087 -0.4475 -0.4475 -0.4475 -0.4475 -0.097535639 -0.0975 -0.0975 -0.0975 -0.0975 -0.21374955 -0.21375 -0.21375 -0.21375 -0.21432627 -0.37625 -0.37625 -0.37625 -0.5375 -0.5375 -0.5375 -0.2025 -0.2025 -0.49999999 -0.5 -0.5 -0.23375 -0.23375 -0.23375
0.0725 0.0725 0.0725 -0.18375 -0.18375 -0.18375 -0.18374961 0.07125 0.07125 0.87916514 0.88 0.88 0.88 0.8796324 0.23738754 0.225 0.225 0.225 0.14 0.14 0.14 -0.1075 -0.1075 -0.1075 -0.1076047 -0.4652027 -0.4475 -0.4475 -0.4475 -0.22858439 -0.24873512 -0.24875 -0.24875 -0.24875 -0.24805251 -0.29624981 -0.29625 -0.29625 -0.29625 -0.76369698 -0.76375 -0.76375 -0.5375 -0.5375 -0.6562495 -0.65624985 -0.225 -0.225 -0.2375 -0.2375 -0.2375 -0.23375 0.16714123
0.072499783 0.0725 0.072499991 -0.18375 -0.18375 -0.18375 -0.18375 -0.063749961 0.070710217 0.87938339 0.88 0.88 0.88 0.87871471 0.225 0.225 0.225 0.22499998 0.14 0.14 0.14 -0.1075 -0.1075 -0.1075 -0.48125 -0.48125 -0.53375 -0.53375 -0.53375 -0.53219524 -0.24875 -0.24875 -0.24875 -0.24875 -0.27248705 -0.29625 -0.29625 -0.29625 -0.29625 -0.76375 -0.76375 -0.76375 -0.76036764 -0.65625 -0.65625 -0.65625 -0.225 -0.225 -0.2375 -0.2375 -0.2375 0.16749999 0.1675
0.0025 0.026689161 -0.25625 -0.25622897 -0.18375 -0.064444316 -0.06375 -0.06375 -0.021390984 0.2 0.2 0.2 0.2 0.33749552 0.3375 0.22500009 0.225 0.22276037 0.14 0.14 0.14 -0.65375 -0.65375 -0.65375 -0.48125 -0.48125 -0.53375 -0.53375 -0.53375 -0.53375005 -0.60624773 -0.606249 -0.25773523 -0.24913326 -0.85056018 -0.85125 -0.85125 -0.85125 -0.85125 -0.76375 -0.76375 -0.76375 -0.6621694 -0.65625 -0.65625 -0.65624999 -0.225 -0.225 -0.22500045 -0.2375 -0.23748893 0.01 0.1675
-0.13872318 -0.13875002 -0.25625 -0.25625 -0.25625 -0.06375 -0.06375 -0.06375 0.0525 0.0525 0.2 0.2 0.2 0.3375 0.3375 0.3375 0.3375 0.33747765 0.14 0.14 0.13999997 -0.65375 -0.65375 -0.65375 -0.48125 -0.48125 -0.53375 -0.53375 -0.53375 -0.60543256 -0.60625 -0.60625 -0.60625 -0.60625 -0.85112911 -0.85125 -0.85125 -0.85125 -0.85125 -0.93124996 -0.93125 -0.93125 -0.93125 -0.65624958 -0.60125 -0.60125 -0.60125 -0.10875 -0.10875 -0.10875 0.01 0.01 0.01
-0.13875 -0.13875 -0.25625 -0.25625 -0.25625 -0.064761814 -0.06375 0.0525 0.0525 0.0525 0.19998184 0.2 0.081516915 0.33749994 0.3375 0.3375 0.3375 -0.081249999 -0.08125 -0.08125 -0.91874999 -0.9187498 -0.65375129 -0.65375 -0.65385422 -0.91125 -0.91125 -0.9112491 -0.53381101 -1.0261663 -1.0262478 -1.0261767 -0.60696782 -0.60661246 -0.80788735 -0.85125013 -0.85238104 -1.18875 -1.18875 -0.93125 -0.93125 -0.93125 -0.93125 -0.60125 -0.60125 -0.60125 -0.60125 -0.10875 -0.10875 -0.10875 0.01 0.01 0.01
-0.13875 -0.13875 -0.25625 -0.25625 -0.25625 -0.25625 -0.020241021 0.0525 0.0525 0.0525 0.052501381 0.055 0.055 0.055 0.33583516 0.3375 -0.078459553 -0.08125 -0.08125 -0.08125 -0.91875 -0.91875 -0.91875 -0.91875 -0.91125 -0.91125 -0.91125 -0.91125 -0.91125 -1.02625 -1.02625 -1.02625 -1.02625 -1.0262499 -0.96875 -1.18875 -1.18875 -1.18875 -1.18875 -1.1887489 -0.89625 -0.89625 -0.89625 -0.77584727 -0.52625 -0.52625 -0.52625 -0.10875001 -0.10875025 -0.36625 -0.36625 0.023746655 0.02375
-0.13875 -0.13875 -0.21384075 -0.25625 -0.25625 -0.25625 -0.071030403 0.052110008 0.0525 0.0525 0.055000008 0.055 0.055 0.055 0.055 0.078135347 -0.08125 -0.08125 -0.08125 -0.08125 -0.91874352 -0.91875 -0.91875 -0.91875 -0.91125 -0.91125 -0.91125 -0.91125 -0.91125 -1.1851256 -1.02625 -1.02625 -1.02625 -0.96875 -0.96875 -0.96892084 -1.18875 -1.18875 -1.148652 -1.1175 -0.89625 -0.89625 -0.89625 -0.77780414 -0.52625 -0.52625 -0.52625 -0.81625 -0.37185696 -0.36625 -0.36625 0.02375 0.02375
0.075 0.075 0.075 -0.17319652 -0.25600881 -0.07125 -0.07125 -0.07125 -0.07125 0.094999999 0.095 0.055000003 0.055 0.055 0.055 0.054991355 -0.08125 -0.08125 -0.08125 -0.08125 -0.55329217 -0.91875 -0.91875 -0.90909966 -0.56608606 -0.91125 -0.91125 -0.91125 -1.24125 -1.24125 -1.24125 -1.2412491 -0.96875 -0.96875 -0.96875 -0.96875 -1.1175 -1.1175 -1.1175 -1.1175 -0.90375 -0.90375 -0.90375 -0.64625518 -0.64625 -0.64625 -0.64624996 -0.81625 -0.81625 -0.3667983 -0.36625 0.023748116 0.02375
0.075 0.075 0.075 0.07499098 -0.0925 -0.089409901 -0.07125 -0.07125 -0.07125 0.095 0.095 0.095 -0.17999999 -0.18 -0.18 -0.17999999 -0.080698163 -0.08125 -0.08125 -0.08125 -0.093929347 -0.55000101 -0.55 -0.55 -0.55 -0.55000001 -0.95 -0.95 -1.24125 -1.24125 -1.24125 -1.24125 -0.96874992 -0.96875 -0.96875 -0.96874084 -1.1175 -1.1175 -1.1175 -1.1163814 -0.90375 -0.90375 -0.90375 -0.64626194 -0.64625 -0.64625 -0.64625 -0.81625 -0.81625 -0.81624994 -0.35 -0.35 -0.3275
0.075 0.075 0.075 -0.092499614 -0.0925 -0.0925 -0.071250008 -0.07125 -0.07125 0.095 0.095 0.095 -0.18 -0.18 -0.18 -0.14953618 0.22 0.22 0.21999922 -0.079548465 -0.55 -0.55 -0.55 -0.55 -0.55 -0.55030102 -0.95 -0.95 -0.95 -1.24125 -1.24125 -1.2412186 -0.85625 -0.85625 -0.85625 -0.63125 -0.63125 -0.8625 -0.8625 -0.8625 -0.3025 -0.90356141 -0.90374706 -0.51 -0.51 -0.51516372 -0.64624993 -0.81625 -0.81625 -0.35 -0.35 -0.35 -0.3275
0.075 0.075 0.075 -0.0925 -0.0925 -0.0925 -0.0925 -0.07125 -0.07125 0.095 0.095 -0.16900397 -0.18 -0.18 -0.18 0.22 0.22 0.22 0.22 0.22 -0.55 -0.55 -0.55 -0.55 -0.55 -0.94999864 -0.95 -0.95 -0.95 -1.1925 -1.1925 -1.1925 -0.85625 -0.85625 -0.85625 -0.63125 -0.63125 -0.8625 -0.8625 -0.3025 -0.3025 -0.3025 -0.51 -0.51 -0.51 -0.51 -0.47960549 -0.14 -0.14 -0.14 -0.34999999 0.19625 0.19625
0.075 0.075 0.074766749 -0.0925 -0.0925 -0.0925 -0.0925 -0.2376818 -0.245 -0.24441627 0.094999992 -0.17999424 -0.18 -0.18 -0.17999862 0.22 0.22 0.22 0.22 0.22 0.42342326 -0.55 -0.55 -0.55 -0.54996705 -0.94996849 -0.95 -0.95 -0.95 -1.1925 -1.1925 -1.1925 -1.1924542 -0.85625 -0.63125 -0.63125 -0.63125 -0.63125946 -0.86246181 -0.3025 -0.3025 -0.3025 -0.5099874 -0.51 -0.51 -0.51 -0.1399995 -0.14 -0.14 -0.14 0.19625 0.19625 0.19625
-0.05625 -0.056249771 -0.092410626 -0.0925 -0.0925 -0.0925 -0.24496755 -0.245 -0.245 -0.245 -0.11125 -0.11125 -0.11125 -0.11125 0.21847114 0.22 0.22 0.22 0.22 0.46499985 0.465 0.465 -0.39000003 -0.39 -0.39 -0.39 -0.4383352 -0.95 -1.5324761 -1.5325 -1.5325 -1.5325 -1.5325 -0.55875 -0.55875 -0.55875 -0.55875 -0.55875 -0.1675 -0.1675 -0.1675 -0.1675 -0.1675 -0.086888773 -0.08625 -0.08625 -0.08625 -0.14 -0.14 -0.14 0.19619703 0.19625 0.19625
-0.05625 -0.05625 -0.055527884 0.029999754 0.029999973 0.029731839 -0.245 -0.245 -0.245 -0.245 -0.11125 -0.11125 -0.11125 -0.11125 -0.11125 0.22 0.22 0.22 0.46499994 0.465 0.465 0.465 -0.39 -0.39 -0.39 -0.39 -0.39 -0.39011964 -1.5323972 -1.5325 -1.5325 -1.5325 -1.5324587 -0.72031696 -0.5589173 -0.55875 -0.55875 -0.55875 -0.1675 -0.1675 -0.1675 -0.1675 -0.1675 -0.08625 -0.08625 -0.08625 -0.08625 -0.11138455 -0.14 -0.14247211 -0.1425 -0.4975 -0.4975
-0.05625 -0.05625 0.029989075 0.03 0.03 0.03 -0.03984884 -0.245 -0.245 -0.245 -0.11125 -0.11125 -0.11125 -0.11125 -0.11125 0.21975207 0.22 0.46492817 0.465 0.465 0.465 0.465 -0.07325971 -0.39 -0.39 -0.39 -0.39 -0.39062049 -1.26625 -1.26625 -1.26625 -1.26625 -1.26625 -0.84375 -0.84375 -0.84375 -0.84375 -0.84375 -0.5975 -0.5975 -0.5975 -0.5975 -0.5975 -0.085957 -0.086249939 -0.086249999 -0.086229659 -0.083810548 -0.1425 -0.1425 -0.1425 -0.49749801 -0.4975
-0.056249777 0.062636113 0.030000005 0.03 0.03 0.03 0.03 -0.24488291 -0.245 -0.245 -0.11125 -0.11125 -0.11125 -0.11125 0.63675831 0.65375 0.65375 0.46500486 0.465 0.465 0.465 0.465 0.46499992 -0.39 -0.39 -0.39 -0.39 -1.0125002 -1.0125001 -1.0665042 -1.26625 -1.26625 -1.26625 -0.84375 -0.84375 -0.84375 -0.84375 -0.84362386 -0.5975 -0.5975 -0.5975 -0.5975 -0.59749397 0.03375 0.03375 0.03375 0.03375 0.033735785 -0.1425 -0.1425 -0.1425 -0.14250023 -0.51351068
0.065 0.065 0.085755086 0.03 0.03 0.03 0.03 0.03 -0.24488085 0.53749999 0.5375 0.5375 0.53596038 0.6537489 0.65375 0.65375 0.65375 0.65375 0.46499897 0.45615312 0.37875 0.37875 0.37875 0.18260855 -0.40040473 -0.45607846 -0.50333754 -1.0125 -1.0125 -1.0125 -1.0125 -1.0125 -1.0143284 -0.65444163 -0.6575 -0.6575 -0.6575 -0.6575 -0.5827065 -0.51875014 -0.51875 -0.51875 -0.51875 -0.07874967 0.033749971 0.03375 0.03375 0.01625 -0.14249746 -0.1425 -0.1425 -0.51375 -0.51375
