interpolatedSpi/05-12|21_2.tif
NCOLS 53
NROWS 52
XLLCORNER -116.03883
YLLCORNER 28.596182
DX 0.49850594
DY 0.49788537
NODATA_VALUE -9999
[rows 0 to 34 of 52, columns 0 to 52 of 53]
-0.47125 -0.47125 -0.52839102 -0.54375 -0.46875 -0.8075 -0.78625 -0.8 -0.7916937 -0.93125 -0.965 -0.46625 -0.69621717 -0.2975 -0.25125 -0.25125 -0.25125 -0.1325 -0.53375 -0.53375 -0.53375 -0.53374418 0.069999989 -0.98875 -0.98875 -0.98875 -0.63124658 -0.63125 -0.63125 -0.4325 -0.4325 -0.4325 -0.4325 -0.99249989 -0.9925 -0.9925 -0.9925 -0.9925 -0.9925 -0.99249999 -0.68827671 -0.68491959 -0.36875 -0.36875 -0.36875 -0.36875 -0.36860708 -0.28125 -0.28125 -0.28125 0.047499317 0.0475 0.0475
-0.47127066 -0.93625 -0.60999947 -0.57110708 -0.75376929 -0.27875 -0.5525 -0.70496412 -1.08375 -0.98375 -0.68125 -0.69625 -0.69625 -0.74599949 -0.29750503 -0.25125 -0.1325 -0.1325 -0.53322682 -0.53375 -0.53375 -0.53375 -0.97552493 -0.98875 -0.98875 -0.98875 -0.84750001 -0.8475 -0.4325 -0.4325 -0.4325 -0.4325 -0.4325 -0.99249992 -0.9925 -0.9925 -0.9925 -0.9925 -0.9925 -0.93766579 -0.63878352 -0.40151259 -0.36875 -0.36875 -0.36875 -0.36875 -0.36875 -0.28125 -0.28125 -0.28125 -0.25398974 0.0475 0.0475
-0.79999257 -0.8 -0.15125 -0.3625 -0.3675 -0.67375 -0.28375 -0.6675 -1.03625 -0.87 -0.72625 -0.91125 -0.64 -0.41 -0.7475 -1.10375 -0.1325 -0.1325 -0.1325 -0.47626672 -0.47625 -0.47625 -0.7375 -0.98875 -0.98875 -0.98875 -0.8475 -0.8475 -0.8475 -0.4325 -0.4325 -0.43249999 -0.33682174 -0.99174073 -0.99197643 -0.93676545 -0.93625 -0.93625 -0.89883234 -0.63875 -0.63875 -0.63840474 -0.36875 -0.36875 -0.36875 -0.36875 -0.36875 -0.28125 -0.28125 -0.28125 -0.28125 0.0475 0.0475
-0.1175 -0.79999996 -0.577473 0.05875 -0.48375 -0.44125 -0.40375 -0.6875 -0.53625 -0.61359873 -0.77625 -1.05375 -1.07125 -0.41 -0.7475 -1.10375 -1.1843784 -1.1842626 -1.17625 -0.47625 -0.47625 -0.83625 -0.7375 -0.7375 -0.98875 -0.98874929 -0.8475 -0.8475 -0.8475 -0.6625 -0.42725442 -0.23375 -0.23375 -0.23375055 -0.93625 -0.93625 -0.93625 -0.93625 -0.63875 -0.63875 -0.63875 -0.63874999 -0.36875 -0.36875 -0.36875 -0.36875 -0.36875 -0.2812511 -0.28125 -0.28125 -0.28125 0.047466887 0.0475
-0.1175 0.0024989363 -0.5775 -0.68689163 -0.48375 -0.52875 -0.87623097 -0.90375 -1.04625 -0.57000014 -0.63693016 -0.66877918 -0.8725 -0.7475 -0.7475 -0.98714278 -1.185 -1.185 -1.17625 -1.17625 -0.47625068 -0.83625 -0.58375 -0.44125 -0.42375 -0.42365568 -0.8475 -0.8475 -0.6625 -0.6625 -0.23375 -0.23375 -0.23375 -0.2620359 -0.93625 -0.93625 -0.93625 -0.63875 -0.63875 -0.63875 -0.63875 -0.6387214 -0.36875 -0.36875 -0.36875 -0.36875 -0.36875 -0.36797114 -0.28125 -0.28128072 -0.96625 -0.96625 -0.96625
-1.19 -0.4775 -0.28875 -0.53875 -0.58875 -0.5725 -0.72 -0.74352526 -0.405 -0.30125 -0.45125 -0.06625 -0.066250532 -1.24625 -1.24625 -1.5022975 -1.5025 -1.185 -1.185 -1.1762493 -0.475 -0.475 -0.44125 -0.42375 -0.42375 -0.02 -0.1225 -0.1225 -0.35127812 -0.6625 -0.23375 -0.23375 -0.38375 -0.38371147 -0.015026545 -0.495 -0.495 -0.59427766 -0.63875 -0.63875 -0.34286949 -0.3425 -0.34249856 -0.74081402 -0.74745814 -0.7474999 -0.74749999 -0.74749985 -0.31843112 -0.96625 -0.96625 -0.96625 -0.96625
0.36748627 -0.20125 -0.33110513 -0.22125 -0.51 -0.9025 -0.57125 -0.59875 -0.6725 -0.6725 -0.45125 -0.87125 -1.2462499 -1.24625 -0.66375175 -0.66375 -1.5025 -0.76125 -0.43625 -0.43625 -0.48619254 -0.49875 -0.49875 0.024999994 -0.02 -0.02 -0.1225 -0.1225 -0.35124388 -0.35113734 0.065284775 -0.38375 -0.38375 -0.015 -0.015 -0.4630024 -0.495 -0.495 -0.47125082 -0.34250018 -0.3425 -0.3425 -0.34249138 -0.74749559 -0.7475 -0.7475 -0.7475 -0.74749968 -0.20875 -0.96609988 -0.96625 -0.96625 -0.96625
0.3675 0.05 -0.01125 -0.7675 -0.62125838 -0.665 -0.46125 -1.00125 -0.8875 -0.7425 -0.7425 -0.9725 -1.24625 -1.24625 -0.66774649 -1.0758675 -1.11625 -0.53 -0.68999974 -0.43625 0.0061673675 0.005 0.27625 0.2725 0.27250018 0.28625 -0.32 -0.31999993 -0.24661793 -0.24624999 0.06625 -0.51175072 -0.6075 -0.015 -0.022415513 -0.43625 -0.43625 -0.47125 -0.47125 -0.3425 -0.3425 -0.34249999 0.042440866 0.04249996 -0.7475 -0.7475 -0.7475 -0.20877051 -0.20875 -0.20875 -0.96625 -0.96625 -0.96625
0.047534622 0.050000007 0.66125 -0.24 -0.1975 -0.46375 -0.58125 -0.61875 -0.71125 -0.61854788 -0.72375 -0.695 -0.695 -0.67125 -0.6712473 -0.69368103 -0.6925 -0.6925 -0.55442424 -0.23249995 0.01875 0.01875 0.22 0.2540828 0.28486436 0.28625 -0.37375 -0.32 -0.15720155 -0.15625 -0.485 -0.0375 -0.0016170147 -0.30625 -0.275 -0.28 -0.36125 -0.73 -0.49136025 -0.339805 0.26125 0.083750001 0.042502646 0.0425 0.038053452 -0.7475 -0.83 -0.20875001 -0.20875 -0.20875 -0.20875 -0.93605694 -0.1525
0.03375 0.03375 1.01125 0.70625 -0.18375 -0.48 -0.63625 -0.3 -0.385 -0.5950071 -0.75875 -0.185 -0.67125 -0.67125 -0.38375 -0.38798465 -0.6925 -0.69241512 -0.335 -0.2325 -0.2325 -0.20013057 0.22 -0.072494461 -0.0725 -0.0725 -0.37375 0.16625 0.16625 -0.15625 -0.15625 -0.037364866 0.03375 -0.30625 0.1625 -0.28 -0.36125 -0.21375 -0.49125 -0.39287069 0.083750008 0.074566515 0.05875 0.0425 0.0425 -0.83 -0.83 -0.83 -0.20875 -0.20875 -0.72375 -0.72375 -0.72374979
0.03375 0.03375 0.29 -0.20625 -0.8225 -0.09375 -0.72 -0.97612796 -0.8275 -0.715 -0.76375 -0.9 -0.1859526 -0.38375 -0.38375 -0.38372664 -0.18125 -0.18931952 -0.335 -0.69 -0.69 -0.25875 -0.25875 -0.0725 -0.0725 -0.0725 0.16625 0.16625 0.16625 0.1575 0.1575 0.1574998 -0.00875 -0.00875 -0.20125 -0.32 0.185 -0.51873998 -0.5475 -0.39125 -0.39125 -0.21999908 0.05875 0.0425 -0.20000018 -0.50375 -0.39936268 -0.3975 -0.31 -0.31 -0.72375 -0.72375 -0.72375
0.03375 0.1442595 0.078232425 -0.40374047 -0.16875 -0.73375 -0.72 -0.97625 -0.82750124 -0.71624636 -0.89999976 -0.9 -0.61 -0.38375 -0.38375 -0.18125001 -0.18125 -0.18125875 -0.335 -0.69 -0.60531127 -0.25875 -0.25875 -0.072507867 -0.0725 -0.098386665 -0.15125 -0.15125 -0.15124996 0.1575 0.1575 -0.04 -0.04 -0.0087505278 -0.20125 -0.051250081 0.26096746 -0.51875 -0.51875 -0.39124999 -0.22 -0.22 -0.21999981 -0.2 -0.2 -0.50375 -0.3975 -0.3975 -0.31 -0.31 -0.72375 -0.72375 -0.72375
-0.71625 -0.17155248 -0.20374958 -0.20519531 -0.16875301 -0.73373666 -0.72 -0.97309571 -0.8377504 -0.82456233 -0.61 -0.61 -0.61 -0.61 -0.38378205 -0.18125 -0.18125 -0.18323516 -0.335 -0.68998508 -0.64625 -0.64625 -0.64625 -0.64625 -0.082270438 -0.15125 -0.15125 -0.15125 -0.15125 -0.15107163 -0.04 -0.04 -0.04 -0.04 -0.05125 -0.05125 -0.05125 -0.49483495 -0.51793323 -0.41 -0.41 -0.22001022 -0.53248862 -0.20003203 -0.2 -0.50375 -0.3975 -0.3975 -0.31 -0.31 -0.72224896 -0.72375 -0.29253369
-0.71625 -0.20375 -0.20375 -0.20375 -0.20375 -0.20375022 -0.72003509 -0.84122867 -0.86509748 -0.61023149 -0.61 -0.61 -0.61 -0.61 -0.61000022 -0.18125 -0.18125002 -0.1917962 -0.33499887 -0.64625 -0.64625 -0.64625 -0.64625 -0.64625 -0.63603413 -0.15706715 -0.1575 -0.1575 -0.1575 -0.1575 -0.039999998 -0.04 -0.039999922 0.025 0.025 -0.05125 -0.05003476 -0.05 -0.40999979 -0.41 -0.41 -0.41 -0.5325 -0.5325 -0.5325 -0.53229993 -0.62354187 -0.625 -0.625 -0.625 -0.62499999 -0.30250009 -0.3025
-0.9875 -0.20375 -0.20375 -0.20375 -0.20375 -0.20375 -0.20375003 -0.72583523 -0.91219682 -0.9125 -0.9125 -0.9125 -0.9125 -0.9125 -0.9125 -0.8744469 -0.19225331 -0.20230368 -0.64621081 -0.64625 -0.64625 -0.64625 -0.64625 -0.64624997 -0.17375 -0.17375 -0.17374998 -0.1575 -0.1575 -0.15699689 0.09375 0.09375 0.025 0.025 0.025 -0.03798572 -0.05 -0.05 -0.05 -0.41 -0.41 -0.41 -0.5325 -0.5325 -0.5325 -0.5325 -0.625 -0.625 -0.625 -0.625 -0.625 -0.3025 -0.3025
-0.9875 -0.69571878 -0.20375 -0.20375 -0.20375 -0.20375 -0.59117395 -0.59125 -0.59125001 -0.9125 -0.9125 -0.9125 -0.9125 -0.9125 -0.90395148 -0.87375 -0.87375 -0.87375 -0.61758795 -0.61750003 -0.6175 -0.6175 -0.6175 -0.6175 -0.17375 -0.17375 -0.17375 -0.17375 -0.1575 0.09375 0.09375 0.09375 0.025000006 0.025 0.025 0.16625 -0.049713678 -0.05 -0.05 -0.40993039 -0.27125959 0.052363953 -0.5325 -0.5325 -0.64091439 -0.64125 -0.64125 -0.62475798 -0.47801545 -0.47750001 -0.47750003 -0.071285103 -0.30249953
-0.9875 -0.67366135 -0.43716373 -0.20375 -0.20375 -0.59102105 -0.59125 -0.59125 -0.59125 -0.59356502 -0.9125 -0.9125 -0.9125 -0.9125 -0.87375 -0.87375 -0.87375 -0.87375 -0.6177289 -0.6175 -0.6175 -0.6175 -0.6175 -0.6175 -0.17375001 -0.17375 -0.17375 -0.17375 -0.17277701 0.09375 0.09375 0.09375 0.055000001 0.025015092 0.16625 0.16625 0.16625 0.16832249 0.04719165 0.05375 0.05375 0.05375 -0.46625 -0.46625 -0.64125 -0.64125 -0.64125 -0.4775 -0.4775 -0.4775 -0.4775 -0.07125 -0.07125
-0.66511174 -0.665 -0.665 -0.665 -0.375 -0.59124442 -0.59125 -0.59125 -0.59125 -0.59125 -0.88231124 -0.9124948 -0.91249999 -0.87375 -0.87375 -0.87375 -0.87375 -0.87375 -0.84158803 -0.6175 -0.6175 -0.6175 -0.6175 -0.6175 -0.32907576 -0.20249984 -0.2025 -0.2025 -0.2025 0.093749998 0.055000001 0.055 0.055 0.055 0.16625 0.166255 0.35625 0.35625 0.057527163 0.05375 0.05375 0.05375 -0.46625 -0.46625 -0.61415397 -0.64125 -0.64125 -0.4775 -0.4775 -0.4775 -0.47314394 -0.07125 -0.07125
-0.665 -0.665 -0.665 -0.52843467 -0.375 -0.375 -0.59125 -0.59125 -0.59125 -0.59125 -0.51375 -0.51375 -0.51375 -0.87375 -0.87375 -0.87375 -0.87375 -0.87366655 -0.6825 -0.6825 -0.61750003 -0.6175 -0.61509585 -0.51875 -0.51590294 -0.2025 -0.2025 -0.2025 -0.2025 0.05497378 0.055 0.055 0.055 0.055 0.35624933 0.35625 0.35625 0.35625 0.3551643 0.05375 0.05375 0.05375 -0.46625 -0.46625 -0.46625 -0.64125 -0.64125 -0.4775 -0.4775 -0.4775 -0.07125 -0.07125 -0.07125
-0.665 -0.665 -0.665 -0.375 -0.375 -0.375 -0.37500033 -0.59125 -0.59125 -0.51383 -0.51375 -0.51375 -0.51375 -0.51397429 -0.46499168 -0.36875 -0.36875 -0.36875 -0.6825 -0.6825 -0.6825 -0.51875 -0.51875 -0.51875 -0.51863935 -0.16119371 -0.2025 -0.2025 -0.2025 -0.10747843 -0.13748107 -0.1375 -0.1375 -0.1375 0.1983316 -0.02249914 -0.0225 -0.0225 -0.0225 -0.15122195 -0.15125 -0.15125 -0.46625 -0.46625 -0.43500013 -0.43499992 -0.22 -0.22 -0.04375 -0.04375 -0.04375 -0.07125 0.024913941
-0.6649976 -0.665 -0.66499999 -0.375 -0.375 -0.375 -0.375 -0.017500167 -0.58895592 -0.51340429 -0.51375 -0.51375 -0.51375 -0.51346547 -0.36875 -0.36875 -0.36875 -0.36875009 -0.6825 -0.6825 -0.6825 -0.51875 -0.51875 -0.51875 -0.12375 -0.12375 -0.165 -0.165 -0.165 -0.16484998 -0.1375 -0.1375 -0.1375 -0.1375 -0.080031642 -0.0225 -0.0225 -0.0225 -0.0225 -0.15125 -0.15125 -0.15125 -0.16017786 -0.435 -0.435 -0.435 -0.22 -0.22 -0.04375 -0.04375 -0.04375 0.024999998 0.025
0.10875 -0.24532612 -0.06625 -0.066339574 -0.375 -0.019568483 -0.0175 -0.0175 -0.010212427 -0.1325 -0.1325 -0.1325 -0.1325 0.1499908 0.15 -0.3687496 -0.36875 -0.37701685 -0.6825 -0.6825 -0.6825 0.18125 0.18125 0.18125 -0.12375 -0.12375 -0.165 -0.165 -0.165 -0.16499999 -0.14624994 -0.14624998 -0.13771992 -0.13750938 -0.44214911 -0.4425 -0.4425 -0.4425 -0.4425 -0.15125 -0.15125 -0.15125 -0.41937581 -0.435 -0.435 -0.43499997 -0.22 -0.22 -0.21999366 -0.04375 -0.043768893 -0.46625 0.025
-0.013726737 -0.013750009 -0.06625 -0.06625 -0.06625 -0.0175 -0.0175 -0.0175 0.0025 0.0025 -0.1325 -0.1325 -0.1325 0.15 0.15 0.15 0.15 0.14990564 -0.6825 -0.6825 -0.68249997 0.18125 0.18125 0.18125 -0.12375 -0.12375 -0.165 -0.165 -0.165 -0.14646141 -0.14625 -0.14625 -0.14625 -0.14625 -0.44235382 -0.4425 -0.4425 -0.4425 -0.4425 -0.10500001 -0.105 -0.105 -0.105 -0.43499853 -0.24375 -0.24375 -0.24375 -0.29375 -0.29375 -0.29375 -0.46625 -0.46625 -0.46625
-0.01375 -0.01375 -0.06625 -0.06625 -0.06625 -0.017756239 -0.0175 0.0025 0.0025 0.0025 -0.13248338 -0.1325 0.063609934 0.14999999 0.15 0.15 0.15 0.05375 0.05375 0.05375 -0.39124999 -0.39124957 0.18124721 0.18125 0.18072862 -0.55375 -0.55375 -0.55374907 -0.16506282 -0.26497633 -0.26499937 -0.26497927 -0.14645296 -0.14635248 -0.38981407 -0.44249997 -0.44227798 -0.37625 -0.37625 -0.105 -0.105 -0.105 -0.105 -0.24375 -0.24375 -0.24375 -0.24375 -0.29375 -0.29375 -0.29375 -0.46625 -0.46625 -0.46625
-0.01375 -0.01375 -0.06625 -0.06625 -0.06625 -0.06625 -0.010014584 0.0025 0.0025 0.0025 0.0025579999 0.1075 0.1075 0.1075 0.14974954 0.15 0.054391386 0.05375 0.05375 0.05375 -0.39125 -0.39125 -0.39125 -0.39125 -0.55375 -0.55375 -0.55375 -0.55375 -0.55375 -0.265 -0.265 -0.265 -0.265 -0.26500031 -0.41375 -0.37625 -0.37625 -0.37625 -0.37625 -0.3762494 -0.22875 -0.22875 -0.22875 -0.27023958 -0.35625 -0.35625 -0.35625 -0.29375 -0.29375012 -0.4125 -0.4125 -0.36877372 -0.36875
-0.01375 -0.01375 -0.047301187 -0.06625 -0.06625 -0.066249998 0.037437891 0.0026103007 0.0025 0.0025000003 0.10750003 0.1075 0.1075 0.1075 0.1075 0.11097559 0.05375 0.05375 0.05375 0.05375 -0.39124656 -0.39125 -0.39125 -0.39125 -0.55375 -0.55375 -0.55375 -0.55375 -0.55375 -0.40817281 -0.265 -0.265 -0.265 -0.41375 -0.41375 -0.41372088 -0.37625 -0.37625 -0.26228735 -0.17375002 -0.22875 -0.22875 -0.22875 -0.26800934 -0.35625 -0.35625 -0.35625 0.08625 -0.40628562 -0.4125 -0.4125 -0.36875 -0.36875
0.00875 0.00875 0.00875 -0.047445438 -0.066019687 0.0375 0.0375 0.0375 0.0375 0.27375 0.27375 0.10750001 0.1075 0.1075 0.1075 0.1074966 0.05375 0.05375 0.05375 0.05375 -0.19706644 -0.39125 -0.39125 -0.39805431 -0.64690843 -0.55375 -0.55375 -0.55375 -0.45875 -0.45875 -0.45875 -0.45874919 -0.41375 -0.41375 -0.41375 -0.41375 -0.17375 -0.17375 -0.17375 -0.17375 -0.08375 -0.08375 -0.08375 0.1249958 0.125 0.125 0.12499985 0.08625 0.08625 -0.4118923 -0.4125 -0.36874684 -0.36875
0.00875 0.00875 0.00875 0.0087544426 0.09125 0.083433867 0.0375 0.0375 0.0375 0.27375 0.27375 0.27375 0.26499999 0.265 0.265 0.26499999 0.053564528 0.05375 0.05375 0.05375 0.046988023 -0.65124929 -0.65125 -0.65125 -0.65125 -0.65125001 -0.91125 -0.91125 -0.45875 -0.45875 -0.45875 -0.45875 -0.41374974 -0.41375 -0.41375 -0.41372027 -0.17375001 -0.17375 -0.17375 -0.17481929 -0.08375 -0.08375 -0.08375 0.12499032 0.125 0.125 0.125 0.08625 0.08625 0.086250023 0.2575 0.2575 0.45625
0.00875 0.00875 0.00875 0.09124981 0.09125 0.09125 0.03750002 0.0375 0.0375 0.27375 0.27375 0.27375 0.265 0.265 0.265 0.24120014 -0.0475 -0.0475 -0.047499738 0.053178108 -0.65125 -0.65125 -0.65125 -0.65125 -0.65125 -0.65144566 -0.91125 -0.91125 -0.91125 -0.45875 -0.45875 -0.45898896 -0.04875 -0.04875 -0.04875 -0.5475 -0.5475 -0.4175 -0.4175 -0.4175 -0.205 -0.083788033 -0.083749244 0.0175 0.0175 0.021574128 0.12499965 0.08625 0.08625 0.2575 0.2575 0.2575 0.45625
0.00875 0.00875 0.00875 0.09125 0.09125 0.09125 0.09125 0.0375 0.0375 0.27375 0.27375 0.26534987 0.265 0.265 0.265 -0.0475 -0.0475 -0.0475 -0.0475 -0.0475 -0.65125 -0.65125 -0.65125 -0.65125 -0.65125 -0.91124911 -0.91125 -0.91125 -0.91125 -0.83 -0.83 -0.83 -0.04875 -0.04875 -0.04875 -0.5475 -0.5475 -0.4175 -0.4175 -0.205 -0.205 -0.205 0.0175 0.0175 0.0175 0.0175 0.026946943 0.1325 0.1325 0.1325 0.2575 0.39 0.39
0.00875 0.00875 0.008864885 0.09125 0.09125 0.09125 0.09125 0.23286175 0.24 0.24005794 0.27374999 0.26498367 0.265 0.265 0.26499892 -0.0475 -0.0475 -0.0475 -0.0475 -0.0475 -0.24963319 -0.65125 -0.65125 -0.65125 -0.6511877 -0.91121835 -0.91125 -0.91125 -0.91125 -0.83 -0.83 -0.83 -0.82988233 -0.04875 -0.5475 -0.5475 -0.5475 -0.54749441 -0.41748551 -0.205 -0.205 -0.205 0.017486492 0.0175 0.0175 0.0175 0.13249941 0.1325 0.1325 0.1325 0.39 0.39 0.39
-0.16625 -0.16624969 0.09119752 0.09125 0.09125 0.09125 0.23996835 0.24 0.24 0.24 0.070000004 0.07 0.07 0.07 -0.046957662 -0.0475 -0.0475 -0.0475 -0.0475 -0.23249989 -0.2325 -0.2325 -0.34875005 -0.34875 -0.34875 -0.34875 -0.39730099 -0.91125 -0.23127785 -0.23125 -0.23125 -0.23125 -0.23125 -0.22 -0.22 -0.22 -0.22 -0.22 0.20625 0.20625 0.20625 0.20625 0.20625 0.074913323 0.075 0.075 0.075 0.1325 0.1325 0.1325 0.38995943 0.39 0.39
-0.16625 -0.16625 -0.16267069 0.26124966 0.26124996 0.26122916 0.24 0.24 0.24 0.24 0.07 0.07 0.07 0.07 0.07 -0.0475 -0.0475 -0.0475 -0.23249995 -0.2325 -0.2325 -0.2325 -0.34875 -0.34875 -0.34875 -0.34875 -0.34875 -0.34886891 -0.23126593 -0.23125 -0.23125 -0.23125 -0.2312564 -0.26676938 -0.22004843 -0.22 -0.22 -0.22 0.20625 0.20625 0.20625 0.20625 0.20625 0.075 0.075 0.075 0.075 0.10188812 0.1325 -0.11347471 -0.11625 0.0075 0.0075
-0.16625 -0.16625 0.26119585 0.26125 0.26125 0.26125 0.25585259 0.24 0.24 0.24 0.07 0.07 0.07 0.07 0.07 -0.047412496 -0.0475 -0.23244576 -0.2325 -0.2325 -0.2325 -0.2325 -0.30568443 -0.34875 -0.34875 -0.34875 -0.34875 -0.34869611 -0.2725 -0.2725 -0.2725 -0.2725 -0.2725 -0.3025 -0.3025 -0.3025 -0.3025 -0.3025 0.015 0.015 0.015 0.015 0.015000002 0.075357094 0.075000075 0.075000001 0.075024791 0.077955413 -0.11625 -0.11625 -0.11625 0.0074993069 0.0075
-0.16625014 -0.24101343 0.26124993 0.26125 0.26125 0.26125 0.26125 0.24000905 0.24 0.24 0.07 0.07 0.07 0.07 -0.24289237 -0.25 -0.25 -0.23250045 -0.2325 -0.2325 -0.2325 -0.2325 -0.23250002 -0.34875 -0.34875 -0.34875 -0.34875 -0.57249971 -0.57249986 -0.50865271 -0.2725 -0.2725 -0.2725 -0.3025 -0.3025 -0.3025 -0.3025 -0.3026126 0.015 0.015 0.015 0.015 0.014995595 0.22125 0.22125 0.22125 0.22125 0.22122278 -0.11625 -0.11625 -0.11625 -0.11624976 0.26490246
