interpolatedSpi/05-12|19_3.tif
NCOLS 53
NROWS 52
XLLCORNER -116.03883
YLLCORNER 28.596182
DX 0.49850594
DY 0.49788537
NODATA_VALUE -9999
[rows 0 to 34 of 52, columns 0 to 52 of 53]
0.6325 0.6325 0.4128782 -0.09125 0.1675 0.16125 0.25625 0.2 -0.28501092 -0.44125 -0.43375 0.2075 -0.19502676 -0.52 -0.35375 -0.35375 -0.35375 -0.04875 0.08375 0.08375 0.08375 0.083744787 -0.4575 -0.11125 -0.11125 -0.11125 -0.61749755 -0.6175 -0.6175 -0.23125 -0.23125 -0.23125 -0.23125 -0.027500041 -0.0275 -0.0275 -0.0275 -0.0275 -0.0275 -0.027499996 0.135742 0.13748665 0.085 0.085 0.085 0.085 0.083985287 -0.53625 -0.53625 -0.53625 0.77874727 0.77875 0.77875
0.63250422 0.7275 0.41500065 0.38492815 0.42984916 0.4575 0.7775 -0.11961843 -0.26 -0.17375 0.34125 -0.195 -0.195 0.16022422 -0.51999029 -0.35375 -0.04875 -0.04875 0.083577238 0.08375 0.08375 0.08375 -0.13645001 -0.11125 -0.11125 -0.11125 -0.24249999 -0.2425 -0.23125 -0.23125 -0.23125 -0.23125 -0.23125 -0.02750003 -0.0275 -0.0275 -0.0275 -0.0275 -0.027499966 0.049061082 0.42498181 0.12625629 0.085 0.085 0.085 0.085 0.085 -0.53625 -0.53625 -0.53625 -0.42720894 0.77875 0.77875
0.57874808 0.57875 0.975 0.8 0.2475 0.27125 0.44125 0.63125 0.02125 -0.16125 0.05 -0.0225 0.19625 -0.43625 0.1625 -0.78 -0.04875 -0.04875 -0.04875 -0.1586795 -0.15875 -0.15875 -0.59 -0.11125 -0.11125 -0.11125 -0.2425 -0.2425 -0.2425 -0.23125 -0.23125 -0.23125002 -0.42982753 -0.027086483 -0.023136939 0.43695462 0.44125 0.44125 0.43920618 0.425 0.425 0.42456523 0.085 0.085 0.085 0.085 0.085 -0.53625 -0.53625 -0.53625 -0.53625 0.77875 0.77875
0.61625 0.57874981 -0.36750785 0.54375 -0.16375 0.425 0.2525 -0.0975 -0.145 -0.10951527 -0.2925 -0.58375 -0.0175 -0.43625 -0.16125 -0.78 -0.33096206 -0.32730469 -0.405 -0.15875 -0.15875 -0.46875 -0.59 -0.59 -0.11125 -0.11125066 -0.2425 -0.2425 -0.2425 -1.14125 -0.86828283 -0.64375 -0.64375 -0.64374915 0.44125 0.44125 0.44125 0.44125 0.425 0.425 0.425 0.42499999 0.085 0.085 0.085 0.085 0.085 -0.53624216 -0.53625 -0.53625 -0.53625 0.77870207 0.77875
0.61625 0.63249817 -0.3675 -0.43848091 -0.16375 0.02875 -0.031245062 -0.12 -0.1125 -0.24000023 -0.35686664 -0.41249517 -0.37875 -0.16125 -0.16125 -0.56814514 -0.3275 -0.3275 -0.405 -0.405 -0.15875062 -0.46875 -0.3525 -0.24125 -0.09125 -0.091142459 -0.2425 -0.2425 -1.14125 -1.14125 -0.64375 -0.64375 -0.64375 -0.5793995 0.44125 0.44125 0.44125 0.425 0.425 0.425 0.425 0.4249708 0.085000001 0.085 0.085 0.085 0.085 0.079470105 -0.53625 -0.53625684 -0.68875 -0.68875 -0.68875
-1.335 0.55625 0.28625004 -0.31875 0.19375 0.38875 -0.47125 -0.42627994 -0.4925 -0.3625 -0.41 -0.58125 -0.58124987 -0.71125 -0.71125 -0.13116188 -0.13125 -0.16125 -0.16125 -0.40499956 -0.43375 -0.43375 -0.24125 -0.09125 -0.09125 0.36875 -0.9775 -0.9775 -0.46381145 -1.14125 -0.64375 -0.64375 -0.3025 -0.30255198 -0.7999643 -0.64375 -0.64375 0.09435779 0.425 0.425 0.12287728 0.1225 0.12250118 0.22866829 0.23123384 0.23124996 0.23125 0.23124995 0.43235084 -0.68875 -0.68875 -0.68875 -0.68875
-0.32250429 0.60375 0.42936614 0.53875 0.74 -0.47375 -0.225 -0.24 -0.8175 -0.8175 -0.41 -0.27375 -0.33499996 -0.71125 0.23374717 0.23375 -0.13125 0.16 0.0925 0.0925 -0.34479875 -0.245 -0.245 0.40999999 0.36875 0.36875 -0.9775 -0.9775 -0.46374709 -0.46369635 -0.013738938 -0.3025 -0.3025 -0.8 -0.8 -0.22505797 -0.64375 -0.64375 -0.35501001 0.12249934 0.1225 0.1225 0.12250761 0.23125265 0.23125 0.23125 0.23125 0.23125025 0.6575 -0.68848321 -0.68875 -0.68875 -0.68875
-0.3225 -0.5225 0.9775 -0.19875 0.19997714 -0.56125 -0.75875 -0.54 -0.8225 -0.365 -0.365 -0.19875 -0.335 -0.335 0.22984785 0.25651892 0.25875 0.19625 -0.12124978 0.0925 0.12486956 0.115 0.09 -0.072499999 -0.072498227 0.065 0.2175 0.21749958 -0.41392521 -0.41374999 -0.0125 -0.08035755 -0.40375 -0.8 -0.76331461 0.125 0.125 -0.355 -0.355 0.1225 0.1225 0.12250001 0.70634048 0.70624998 0.23125 0.23125 0.23125 0.65748378 0.6575 0.6575 -0.68875 -0.68875 -0.68875
-0.47110636 -0.52249999 0.67625 0.91625 0.735 -0.10125 -0.2025 -0.03125 -0.81125 -0.33577782 -0.45 -0.22 -0.22 -0.07125 -0.071246098 0.14531703 0.145 0.145 0.14778314 0.37249997 0.23125 0.23125 0.41 0.21610674 0.05114363 0.065 0.17125 0.2175 0.27963681 0.28 0.01 0.64625 0.67709459 0.66 0.48625 0.34125 0.16 -0.195 0.34350123 0.12466493 0.6075 0.8 0.70625712 0.70625 0.70357644 0.23125 0.51999998 0.6575 0.6575 0.6575 0.6575 -0.58027289 0.0475
-0.18375 -0.18375 0.26125 0.6425 0.14625 -0.34375 -0.22875 -0.085 -0.1075 -0.21501235 -0.23625 -0.24125 -0.07125 -0.07125 0.34375 0.34102405 0.145 0.14496394 -0.07875 0.3725 0.3725 0.35430229 0.41 0.02500729 0.025 0.025 0.17125 0.62875 0.62875 0.28 0.28 0.64636617 0.7075 0.66 0.7025 0.34125 0.16 0.025 0.34375 0.98813447 0.79999999 0.78163303 0.75 0.70625 0.70625 0.52 0.52 0.52 0.6575 0.6575 0.1825 0.1825 0.18249995
-0.18375 -0.18375 -0.12375 -0.72375 -0.51625 0.18 -0.30499999 -0.096451237 -0.31 -0.08875 0.02 -0.3325 -0.24137123 0.34375 0.34375 0.34377668 0.575 0.54068813 -0.07875 0.74375 0.74375 1.21875 1.21875 0.025 0.025 0.025 0.62875 0.62875 0.62875 0.55625 0.55625 0.55625025 0.8075 0.8075 0.15375 0.37375 0.665 0.13374976 0.8625 0.99875 0.99875 0.90499949 0.75 0.70625 0.75624998 0.74 0.80128334 0.8025 1.08 1.08 0.1825 0.1825 0.1825
-0.18375 -0.15802387 -0.3797914 -0.73873022 0.0325 -0.0675 -0.305 -0.09625 -0.30999821 -0.091201182 -0.33249968 -0.3325 0.55375 0.34375 0.34375 0.57499999 0.575 0.57496279 -0.07875 0.74375 0.83703034 1.21875 1.21875 0.025047941 0.025 0.29044105 0.8325 0.8325 0.83249997 0.55625 0.55625 0.5675 0.5675 0.80749821 0.15375 0.71749984 0.57520188 0.13375 0.13375 0.99875 0.905 0.905 0.9049989 0.75625 0.75625 0.74 0.8025 0.8025 1.08 1.08 0.1825 0.1825 0.1825
-0.64625 -0.16615186 -0.16127025 -0.16542202 0.032499274 -0.067497639 -0.30499999 -0.098819597 -0.29527044 -0.30422257 0.55375 0.55375 0.55375 0.55375 0.34377975 0.575 0.575 0.56655905 -0.07875 0.74384608 1.09375 1.09375 1.09375 1.09375 0.043758887 0.8325 0.8325 0.8325 0.8325 0.83234819 0.5675 0.5675 0.5675 0.5675 0.7175 0.7175 0.7175 0.16186301 0.13983354 0.94375 0.94375 0.90500208 0.6775027 0.75624241 0.75625 0.74 0.8025 0.8025 1.08 1.08 0.18575603 0.1825 -0.28674456
-0.64625 -0.16125 -0.16125 -0.16125 -0.16125 -0.16124996 -0.304392 -0.206255 -0.25597331 0.55282534 0.55375 0.55375 0.55375 0.55375 0.55375011 0.575 0.5749999 0.53015721 -0.078737094 1.09375 1.09375 1.09375 1.09375 1.09375 1.0962349 0.8882308 0.86624999 0.86625 0.86625 0.86625 0.56750001 0.5675 0.56750065 1.10875 1.10875 0.7175 1.1987349 1.2125 0.94375016 0.94375 0.94375 0.94375 0.6775 0.6775 0.6775 0.67793494 0.2039071 0.2 0.2 0.2 0.20000002 1.0462498 1.04625
0.0087499992 -0.16125 -0.16125 -0.16125 -0.16125 -0.16125 -0.16125001 -0.19127852 0.70343729 0.70875 0.70875 0.70875 0.70875 0.70875 0.70875 1.0026556 0.58182526 0.48547993 1.0936028 1.09375 1.09375 1.09375 1.09375 1.0937504 1.20875 1.20875 1.2087495 0.86625 0.86625 0.86700092 1.24125 1.24125 1.10875 1.10875 1.10875 1.1958804 1.2125 1.2125 1.2125 0.94375 0.94375 0.94375 0.6775 0.6775 0.6775 0.6775 0.20000001 0.2 0.2 0.2 0.2 1.04625 1.04625
0.00875 -0.054539069 -0.16125 -0.16125 -0.16125 -0.16125 -0.028776005 -0.02875 -0.028749982 0.70875 0.70875 0.70875 0.70875 0.70875 0.7749321 1.00875 1.00875 1.00875 1.4015593 1.4024997 1.4025 1.4025 1.4025 1.4025 1.20875 1.20875 1.20875 1.20875 0.86625 1.24125 1.24125 1.24125 1.10875 1.10875 1.10875 1.23375 1.2125281 1.2125 1.2125 0.94376883 0.98114634 1.0683764 0.6775 0.6775 1.0426197 1.04375 1.04375 0.20108972 0.85893923 0.86124994 0.86124987 0.95126436 1.0462498
0.00875 -0.33306636 -0.25297084 -0.16125 -0.16125 -0.028828287 -0.02875 -0.02875 -0.02875 -0.023435364 0.70875 0.70875 0.70875 0.70875004 1.00875 1.00875 1.00875 1.00875 1.4021483 1.4025 1.4025 1.4025 1.4025 1.4025 1.20875 1.20875 1.20875 1.20875 1.2088682 1.24125 1.24125 1.24125 1.64375 1.1087756 1.23375 1.23375 1.23375 1.2360294 1.077862 1.06875 1.06875 1.06875 1.085 1.085 1.04375 1.04375 1.04375 0.86125 0.86125 0.86125 0.86125 0.95125 0.95125
-0.34225789 -0.3425 -0.3425 -0.3425 -0.18125 -0.028753934 -0.02875 -0.02875 -0.02875 -0.02875 0.67960207 0.70874498 0.70874999 1.00875 1.00875 1.00875 1.00875 1.00875 1.0508232 1.4025 1.4025 1.4025 1.4025 1.4025 1.444431 1.6599976 1.66 1.66 1.66 1.24125 1.64375 1.64375 1.64375 1.64375 1.23375 1.2337555 1.44125 1.44125 1.0734012 1.06875 1.06875 1.06875 1.085 1.085 1.0501369 1.04375 1.04375 0.86125 0.86125 0.86125 0.86221503 0.95125 0.95125
-0.3425 -0.3425 -0.3425 -0.26656497 -0.18125 -0.18125 -0.02875 -0.02875 -0.02875 -0.02875 0.32375 0.32375 0.32375 1.00875 1.00875 1.00875 1.00875 1.0087762 1.18625 1.18625 1.4024999 1.4025 1.4003089 1.3125 1.3156284 1.66 1.66 1.66 1.66 1.6437517 1.64375 1.64375 1.64375 1.64375 1.4412493 1.44125 1.44125 1.44125 1.4399578 1.06875 1.06875 1.06875 1.085 1.085 1.085 1.04375 1.04375 0.86125001 0.86125 0.86125 0.95125 0.95125 0.95125
-0.3425 -0.3425 -0.3425 -0.18125 -0.18125 -0.18125 -0.18124977 -0.02875 -0.02875 0.32338612 0.32375 0.32375 0.32375 0.32417679 1.1372458 1.1675 1.1675 1.1675 1.18625 1.18625 1.18625 1.3125 1.3125 1.3125 1.3125179 1.5111662 1.66 1.66 1.66 1.8707868 1.9224726 1.9225 1.9225 1.9225 1.571643 1.7537493 1.75375 1.75375 1.75375 1.3599601 1.36 1.36 1.085 1.085 1.3037491 1.30375 1.39875 1.39875 1.2725 1.2725 1.2725 0.95125 1.2197597
-0.34249904 -0.3425 -0.34249999 -0.18125 -0.18125 -0.18125 -0.18125 -0.0075000062 -0.028665034 0.32353804 0.32375 0.32375 0.32375 0.32540567 1.1675 1.1675 1.1675 1.1675 1.18625 1.18625 1.18625 1.3125 1.3125 1.3125 1.37625 1.37625 1.5625 1.5625 1.5625 1.5644639 1.9225 1.9225 1.9225 1.9225 1.8381713 1.75375 1.75375 1.75375 1.75375 1.36 1.36 1.36 1.3582302 1.30375 1.30375 1.30375 1.39875 1.39875 1.2725 1.2725 1.2725 1.22 1.22
-0.0325 -0.16554938 0.00375 0.0036963283 -0.18125 -0.0085053116 -0.0075 -0.0075 0.098625275 0.090000004 0.09 0.09 0.09 0.58248397 0.5825 1.1674996 1.1675 1.167994 1.18625 1.18625 1.18625 0.985 0.985 0.985 1.37625 1.37625 1.5625 1.5625 1.5625 1.5625002 1.9062501 1.90625 1.9220916 1.9224826 1.6290859 1.62875 1.62875 1.62875 1.62875 1.36 1.36 1.36 1.3068471 1.30375 1.30375 1.3037499 1.39875 1.39875 1.3987455 1.2725 1.2724993 1.2575 1.22
0.36742404 0.36749994 0.00375 0.00375 0.00375 -0.0075 -0.0075 -0.0075 0.28375 0.28375 0.09 0.09 0.09 0.5825 0.5825 0.5825 0.5825 0.58256923 1.18625 1.18625 1.18625 0.985 0.985 0.985 1.37625 1.37625 1.5625 1.5625 1.5625 1.9023742 1.90625 1.90625 1.90625 1.90625 1.6288869 1.62875 1.62875 1.62875 1.62875 1.0525001 1.0525 1.0525 1.0525 1.3037453 0.6925 0.6925 0.6925 1.01625 1.01625 1.01625 1.2575 1.2575 1.2575
0.3675 0.3675 0.00375 0.00375 0.00375 -0.007440868 -0.0075 0.28375 0.28375 0.28375 0.090023851 0.09 0.078764535 0.58249988 0.5825 0.5825 0.5825 0.097500001 0.0975 0.0975 0.42000001 0.42000042 0.98499725 0.985 0.98509133 0.95375 0.95375 0.95375145 1.5624016 1.60506 1.6050016 1.6050526 1.9057351 1.90599 1.6779766 1.6287496 1.6251558 0.55625 0.55625 1.0525 1.0525 1.0525 1.0525 0.6925 0.6925 0.6925 0.6925 1.01625 1.01625 1.01625 1.2575 1.2575 1.2575
0.3675 0.3675 0.00375 0.00375 0.00375 0.00375 0.10150637 0.28375 0.28375 0.28375 0.28363538 0.07625 0.07625 0.07625 0.57951655 0.5825 0.10073192 0.0975 0.0975 0.0975 0.42 0.42 0.42 0.42 0.95375 0.95375 0.95375 0.95375 0.95375 1.605 1.605 1.605 1.605 1.6049993 1.2775 0.55625 0.55625 0.55625 0.55625 0.55625047 0.6275 0.6275 0.6275 0.65841415 0.7225 0.7225 0.7225 1.01625 1.0162497 0.7425 0.7425 1.2275073 1.2275
0.3675 0.3675 0.13503821 0.00375 0.00375 0.0037500045 0.20513974 0.28350182 0.28375 0.28375 0.076250029 0.07625 0.07625 0.07625 0.07625 0.11774884 0.0975 0.0975 0.0975 0.0975 0.41999751 0.42 0.42 0.42 0.95375 0.95375 0.95375 0.95375 0.95375 0.90022032 1.605 1.605 1.605 1.2775 1.2775 1.2769399 0.55625 0.55625 0.76447805 0.92624997 0.6275 0.6275 0.6275 0.65811395 0.7225 0.7225 0.7225 0.6725 0.74162781 0.7425 0.7425 1.2275 1.2275
0.4025 0.4025 0.4025 0.10372759 0.0043479986 0.205 0.205 0.205 0.205 0.2125 0.2125 0.07625001 0.07625 0.07625 0.07625 0.076251331 0.0975 0.0975 0.0975 0.0975 0.27927146 0.42 0.42 0.41283585 0.18220706 0.95375 0.95375 0.95375 0.65125 0.65125 0.65125 0.651254 1.2775 1.2775 1.2775 1.2775 0.92625 0.92625 0.92625 0.92625 0.7 0.7 0.7 0.74874902 0.74875 0.74875 0.74874999 0.6725 0.6725 0.74241471 0.7425 1.2274984 1.2275
0.4025 0.4025 0.4025 0.40250061 0.41375 0.38339432 0.205 0.205 0.205 0.2125 0.2125 0.2125 -0.31624998 -0.31625 -0.31625 -0.31624999 0.096737504 0.0975 0.0975 0.0975 0.1023753 0.14625075 0.14625 0.14625 0.14625 0.14625 -0.051249992 -0.05125 0.65125 0.65125 0.65125 0.65125 1.2774997 1.2775 1.2775 1.2774704 0.92625 0.92625 0.92625 0.92699028 0.7 0.7 0.7 0.74874774 0.74875 0.74875 0.74875 0.6725 0.6725 0.67250003 0.91875 0.91875 0.8975
0.4025 0.4025 0.4025 0.41374997 0.41375 0.41375 0.20500008 0.205 0.205 0.2125 0.2125 0.2125 -0.31625 -0.31625 -0.31625 -0.3164404 -0.31875 -0.31875 -0.31874892 0.095148912 0.14625 0.14625 0.14625 0.14625 0.14625 0.14610137 -0.05125 -0.05125 -0.051249999 0.65125 0.65125 0.65122023 0.91375 0.91375 0.91375 0.885 0.885 1.095 1.095 1.095 1.055 0.70011135 0.70000238 1.01875 1.01875 1.0085173 0.74875058 0.6725 0.6725 0.91875 0.91875 0.91875 0.8975
0.4025 0.4025 0.4025 0.41375 0.41375 0.41375 0.41375 0.205 0.205 0.2125 0.2125 -0.29510763 -0.31625 -0.31625 -0.31625 -0.31875 -0.31875 -0.31875 -0.31875 -0.31875 0.14625 0.14625 0.14625 0.14625 0.14625 -0.051249326 -0.05125 -0.05125 -0.05125 0.605 0.605 0.605 0.91375 0.91375 0.91375 0.885 0.885 1.095 1.095 1.055 1.055 1.055 1.01875 1.01875 1.01875 1.01875 1.0056064 0.85875 0.85875 0.85875 0.91875 0.78125 0.78125
0.4025 0.4025 0.40251567 0.41375 0.41375 0.41375 0.41375 0.15908685 0.14625 0.14636374 0.21249998 -0.31625733 -0.31625 -0.31625 -0.31625001 -0.31875 -0.31875 -0.31875 -0.31875 -0.31875 -0.25535722 0.14625 0.14625 0.14625 0.14616555 -0.051261956 -0.05125 -0.05125 -0.05125 0.605 0.605 0.605 0.60504119 0.91375 0.885 0.885 0.885 0.88500853 1.0949973 1.055 1.055 1.055 1.0187522 1.01875 1.01875 1.01875 0.85875116 0.85875 0.85875 0.85875 0.78125 0.78125 0.78125
0.01 0.010000686 0.41372983 0.41375 0.41375 0.41375 0.14630692 0.14625 0.14625 0.14625 -0.40374999 -0.40375 -0.40375 -0.40375 -0.31914229 -0.31875 -0.31875 -0.31875 -0.31875 -0.27250003 -0.2725 -0.2725 -0.26374993 -0.26375 -0.26375 -0.26375 -0.24540852 -0.05125 0.19249002 0.1925 0.1925 0.1925 0.1925 0.73375 0.73375 0.73375 0.73375 0.73375 1.0725 1.0725 1.0725 1.0725 1.0725 0.97256972 0.9725 0.9725 0.9725 0.85875 0.85875 0.85875 0.78126221 0.78125 0.78125
0.01 0.01 0.008461672 -0.17374882 -0.17374987 -0.17343764 0.14625 0.14625 0.14625 0.14625 -0.40375 -0.40375 -0.40375 -0.40375 -0.40375 -0.31875 -0.31875 -0.31875 -0.27250001 -0.2725 -0.2725 -0.2725 -0.26375 -0.26375 -0.26375 -0.26375 -0.26375 -0.26370458 0.19241698 0.1925 0.1925 0.1925 0.19246665 0.77059861 0.73378816 0.73375 0.73375 0.73375 1.0725 1.0725 1.0725 1.0725 1.0725 0.9725 0.9725 0.9725 0.9725 0.91930828 0.85875 0.90324794 0.90375 0.635 0.635
0.01 0.01 -0.17372672 -0.17375 -0.17375 -0.17375 -0.09247135 0.14625 0.14625 0.14625 -0.40375 -0.40375 -0.40375 -0.40375 -0.40375 -0.31881606 -0.31875 -0.27251356 -0.2725 -0.2725 -0.2725 -0.2725 -0.26699149 -0.26375 -0.26375 -0.26375 -0.26375 -0.26357895 -0.0225 -0.0225 -0.0225 -0.0225 -0.0225 0.79875 0.79875 0.79875 0.79875 0.79875 1.5225 1.5225 1.5225 1.5225 1.5225 0.97322334 0.97250015 0.9725 0.97255022 0.9785325 0.90375 0.90375 0.90375 0.63500151 0.635
0.0099998526 -0.068440322 -0.17374999 -0.17375 -0.17375 -0.17375 -0.17375 0.14611375 0.14625 0.14625 -0.40375 -0.40375 -0.40375 -0.40375 -0.47463968 -0.47625 -0.47625 -0.27250524 -0.2725 -0.2725 -0.2725 -0.2725 -0.27250001 -0.26375 -0.26375 -0.26375 -0.26375 0.46374952 0.46374978 0.36026418 -0.0225 -0.0225 -0.0225 0.79875 0.79875 0.79875 0.79875 0.79893117 1.5225 1.5225 1.5225 1.5225 1.5225172 1.26875 1.26875 1.26875 1.26875 1.2687206 0.90375 0.90375 0.90375 0.90375012 1.089457
