interpolatedSpi/05-11|23_3.tif
NCOLS 53
NROWS 52
XLLCORNER -116.03883
YLLCORNER 28.596182
DX 0.49850594
DY 0.49788537
NODATA_VALUE -9999
[rows 0 to 26 of 52, columns 0 to 52 of 53]
0.071428571 0.071428571 0.074699636 0.35 0.14142857 0.15428571 -0.037142857 0.084285714 -0.89207204 -0.91571429 -0.47285714 -0.61 -1.0185316 -0.53428571 -0.27571429 -0.27571429 -0.27571429 -0.89428571 -0.36428571 -0.36428571 -0.36428571 -0.36428536 -0.32714286 -0.74 -0.74 -0.74 -1.4700031 -1.47 -1.47 -1.6514286 -1.6514286 -1.6514286 -1.6514286 -1.41 -1.41 -1.41 -1.41 -1.41 -1.41 -1.41 -0.019265062 -0.0044321016 -0.57857143 -0.57857143 -0.57857143 -0.57857143 -0.57832409 -0.42714286 -0.42714286 -0.42714286 -0.31571452 -0.31571429 -0.31571429
0.071407181 -0.41 0.10428537 0.081832068 0.08561904 -0.30142857 -0.29571429 -0.51119891 -0.86 -0.69714286 -0.61714286 -1.0185714 -1.0185714 -0.86033772 -0.53428738 -0.27571429 -0.89428571 -0.89428571 -0.36497676 -0.36428571 -0.36428571 -0.36428571 -0.77045432 -0.74 -0.74 -0.74 -0.40857145 -0.40857143 -1.6514286 -1.6514286 -1.6514286 -1.6514286 -1.6514286 -1.41 -1.41 -1.41 -1.41 -1.41 -1.41 -1.1767693 0.052743425 -0.5019532 -0.57857143 -0.57857143 -0.57857143 -0.57857143 -0.57857143 -0.42714286 -0.42714286 -0.42714286 -0.41790309 -0.31571429 -0.31571429
0.71283325 0.71285714 -0.19714286 -0.055714286 -0.26571429 0.53571429 -0.017142857 0.39142857 -0.65142857 -0.77 -0.85285714 -0.47 -1.0171429 -1.4957143 -0.86142857 -1.2985714 -0.89428571 -0.89428571 -0.89428571 -0.36000125 -0.36 -0.36 -1.3185714 -0.74 -0.74 -0.74 -0.40857143 -0.40857143 -0.40857143 -1.6514286 -1.6514286 -1.6514285 -1.4114163 -1.4085145 -1.4041095 -0.78294203 -0.77714286 -0.77714286 -0.67275073 0.052857137 0.052857142 0.052049703 -0.57857143 -0.57857143 -0.57857143 -0.57857143 -0.57857143 -0.42714286 -0.42714286 -0.42714286 -0.42714286 -0.31571429 -0.31571429
0.65857143 0.71285697 -0.13162005 -0.05 -0.92285714 -0.47285714 -0.39857143 -0.81 -0.36 -0.89532395 -0.97142857 -1.18 -1.1085714 -1.4957143 -1.2671429 -1.2985714 -0.90872002 -0.90570628 -0.53142857 -0.36 -0.36 -0.93285714 -1.3185714 -1.3185714 -0.74 -0.73999834 -0.40857143 -0.40857143 -0.40857143 -1.2414286 -1.1928314 -1.1528571 -1.1528571 -1.1528568 -0.77714286 -0.77714286 -0.77714286 -0.77714286 0.052857143 0.052857143 0.052857143 0.052857119 -0.57857143 -0.57857143 -0.57857143 -0.57857143 -0.57857143 -0.42714477 -0.42714286 -0.42714286 -0.42714286 -0.31576566 -0.31571429
0.65857143 -0.36571386 -0.13142857 -0.79522828 -0.92285714 -0.98857143 -1.107147 -1.4242857 -1.6414286 -0.98428601 -1.2525862 -1.36986 -0.39285714 -1.2671429 -1.2671429 -1.2819994 -0.90571429 -0.90571429 -0.53142857 -0.53142857 -0.36000113 -0.93285714 -0.62428571 -0.12 -0.49 -0.48998962 -0.40857143 -0.40857143 -1.2414286 -1.2414286 -1.1528571 -1.1528571 -1.1528571 -1.0585705 -0.77714286 -0.77714286 -0.77714286 0.052857143 0.052857143 0.052857143 0.052857143 0.052761717 -0.57857143 -0.57857143 -0.57857143 -0.57857143 -0.57857143 -0.57722353 -0.42714286 -0.42720839 -1.8885714 -1.8885714 -1.8885714
-1.4014286 -0.86428571 -0.76571426 -0.37428571 -0.65857143 -1.2242857 -1.4271429 -1.4267771 -1.4528571 -1.69 -1.8285714 -1.3142857 -1.3142851 -1.6014286 -1.6014286 -0.62561875 -0.62571429 -1.1528571 -1.1528571 -0.53142863 -0.77285714 -0.77285714 -0.12 -0.49 -0.49 -0.44571429 -0.98428571 -0.98428571 -0.8500362 -1.2414286 -1.1528571 -1.1528571 -0.65285714 -0.65286416 -0.71999511 -0.34142857 -0.34142857 -0.069124144 0.052857143 0.052857143 -0.93448132 -0.93571428 -0.93571302 -0.86204878 -0.86711096 -0.86714278 -0.86714285 -0.86714276 -1.7072714 -1.8885714 -1.8885714 -1.8885714 -1.8885714
-0.22428104 -0.91285714 -0.2942155 -0.85 -1.0057143 -1.61 -1.1171429 -1.3271429 -1.9057143 -1.9057143 -1.8285714 -1.78 -1.5285713 -1.6014286 -0.23000411 -0.23 -0.62571429 -0.15571429 -0.6 -0.6 -0.51029528 -0.21571429 -0.21571429 -0.49142857 -0.44571429 -0.44571429 -0.98428571 -0.98428571 -0.85002839 -0.85052266 -0.50685446 -0.65285714 -0.65285714 -0.72 -0.72 -0.73279134 -0.34142857 -0.34142857 -0.75141436 -0.93571403 -0.93571429 -0.93571429 -0.93570788 -0.86714422 -0.86714286 -0.86714286 -0.86714286 -0.86714337 -1.7214286 -1.8885383 -1.8885714 -1.8885714 -1.8885714
-0.22428571 -0.89285714 -0.42 -1.28 -0.78574262 -1.4928571 -1.9557143 -1.88 -1.9271429 -2.0385714 -2.0385714 -1.1242857 -1.5285714 -1.5285714 -0.2389094 -0.53185088 -0.56142857 -0.24 -0.73142844 -0.6 -0.50878245 -0.44571429 -0.70428571 -0.12428572 -0.12429889 -1.1457143 -0.54714286 -0.54714301 -1.3354358 -1.3371428 -0.50428571 -0.95875161 -0.76 -0.72 -0.72692658 -1.06 -1.06 -0.75142857 -0.75142857 -0.93571429 -0.93571429 -0.93571427 -1.1084724 -1.1114286 -0.86714286 -0.86714286 -0.86714286 -1.7213961 -1.7214286 -1.7214286 -1.8885714 -1.8885714 -1.8885714
-0.92796845 -0.89285714 -0.29714286 -1.3214286 -0.77 -1.5471429 -1.0971429 -0.84428571 -1.8057143 -1.0151119 -0.60142857 -1.1671429 -1.1671429 -0.64 -0.63999992 -0.25799093 -0.25714286 -0.25714286 -0.31501733 -1.0514286 -1.1885714 -1.1885714 -0.94 -0.79717683 -1.0427813 -1.1457143 -0.66571429 -0.54714286 -0.85534145 -0.85714286 -1.0142857 -0.98857143 -0.74681753 -1.3628571 -0.96285714 -1.2185714 -1.0357143 -0.36285714 -0.4428202 -0.93339312 -0.41571429 -0.66 -1.1113676 -1.1114286 -1.1100536 -0.86714286 -1.1242857 -1.7214286 -1.7214286 -1.7214286 -1.7214286 -1.8350332 -0.40142857
-1.1242857 -1.1242857 -0.051428571 -0.19857143 -1.13 -0.54428571 -0.91714286 -1.6442857 -1.1328571 -0.81434782 -1.4971429 -0.32714286 -0.64 -0.64 -0.63142857 -0.62629507 -0.25714286 -0.2571705 -0.35571429 -1.0514286 -1.0514286 -1.0690971 -0.94 -1.0499979 -1.05 -1.05 -0.66571429 -0.45142857 -0.45142857 -0.85714286 -0.85714286 -0.98766105 -0.50857143 -1.3628571 -1.0914286 -1.2185714 -1.0357143 -1.1171429 -0.44285714 -0.2559365 -0.65999999 -0.68833761 -0.73714286 -1.1114286 -1.1114286 -1.1242857 -1.1242857 -1.1242857 -1.7214286 -1.7214286 -1.4585714 -1.4585714 -1.458571
-1.1242857 -1.1242857 -0.63428571 -1.0742857 -0.98428571 -0.14142857 -1.1357143 -0.52844265 -0.50428571 -0.29428571 -0.18142857 -0.094285714 -0.32683332 -0.63142857 -0.63142857 -0.63142313 -0.58428571 -0.57228921 -0.35571429 -0.38428571 -0.38428571 -0.34571429 -0.34571429 -1.05 -1.05 -1.05 -0.45142857 -0.45142857 -0.45142857 -0.61571429 -0.61571429 -0.61571411 -1.0285714 -1.0285714 -1.6071429 -1.1614286 -0.88285714 -0.66714926 -0.73857143 -0.25285714 -0.25285714 -0.87571383 -0.73714286 -1.1114286 -0.4900001 -0.46 -0.72600842 -0.72428572 -1.2928571 -1.2928571 -1.4585714 -1.4585714 -1.4585714
-1.1242857 -0.91281334 -0.82204941 -0.95713408 -0.49 -0.56571429 -1.1357143 -0.52714286 -0.50428591 -0.29661226 -0.094285975 -0.094285714 -0.061428571 -0.63142857 -0.63142857 -0.58428572 -0.58428571 -0.58427271 -0.35571429 -0.38428571 -0.37671107 -0.34571429 -0.34571429 -1.049971 -1.05 -0.81003472 -0.32 -0.32 -0.32000002 -0.61571429 -0.61571429 -0.36 -0.36 -1.028573 -1.6071429 -0.74285758 -0.96898997 -0.66714286 -0.66714286 -0.25285716 -0.87571429 -0.87571429 -0.87571147 -0.49 -0.49 -0.46 -0.72428571 -0.72428571 -1.2928571 -1.2928571 -1.4585714 -1.4585714 -1.4585714
-0.40142857 -0.37003757 -0.34145532 -0.34588365 -0.49000058 -0.5657125 -1.1357143 -0.53463402 -0.50586081 -0.49880206 -0.061428571 -0.061428571 -0.061428571 -0.061428571 -0.63134783 -0.58428571 -0.58428571 -0.58133449 -0.35571429 -0.38408509 0.30857143 0.30857143 0.30857143 0.30857143 -1.0264049 -0.32 -0.32 -0.32 -0.32 -0.3200421 -0.36 -0.36 -0.36 -0.36 -0.74285714 -0.74285714 -0.74285714 -0.67167186 -0.66915997 -0.93571429 -0.93571429 -0.87571751 -0.86712995 -0.49003633 -0.49 -0.46 -0.72428571 -0.72428571 -1.2928571 -1.2928571 -1.4579702 -1.4585714 -1.3374309
-0.40142857 -0.34142857 -0.34142857 -0.34142857 -0.34142857 -0.34142867 -1.1342551 -0.84775794 -0.51006298 -0.061900149 -0.061428571 -0.061428571 -0.061428571 -0.061428571 -0.061428049 -0.58428571 -0.58428568 -0.56860727 -0.35571532 0.30857143 0.30857143 0.30857143 0.30857143 0.30857143 0.31906853 0.063140388 0.15142847 0.15142857 0.15142857 0.15142857 -0.35999998 -0.36 -0.35999917 0.32714286 0.32714286 -0.74285714 -0.2817605 -0.26857143 -0.9357139 -0.93571429 -0.93571429 -0.93571429 -0.86714286 -0.86714286 -0.86714286 -0.86430951 -0.56527184 -0.56428571 -0.56428571 -0.56428571 -0.56428573 -1.0000001 -1
-0.59 -0.34142857 -0.34142857 -0.34142857 -0.34142857 -0.34142857 -0.34142862 -0.52240557 0.66512263 0.67142857 0.67142857 0.67142857 0.67142857 0.67142857 0.67142856 0.99179168 -0.55914621 -0.55298627 0.30848783 0.30857143 0.30857143 0.30857143 0.30857143 0.30857209 0.79428571 0.79428571 0.79428481 0.15142857 0.15142857 0.15292468 0.89857143 0.89857143 0.32714286 0.32714286 0.32714286 -0.17314421 -0.26857143 -0.26857143 -0.26857143 -0.93571429 -0.93571429 -0.93571429 -0.86714286 -0.86714286 -0.86714286 -0.86714286 -0.56428572 -0.56428571 -0.56428571 -0.56428571 -0.56428571 -1 -1
-0.59 -0.49745968 -0.34142857 -0.34142857 -0.34142857 -0.34142857 0.65123371 0.65142857 0.65142857 0.67142857 0.67142857 0.67142857 0.67142857 0.67142857 0.74359857 0.99857143 0.99857143 0.99857143 0.87256338 0.87428514 0.87428571 0.87428571 0.87428571 0.87428571 0.79428571 0.79428571 0.79428571 0.79428571 0.15142857 0.89857143 0.89857143 0.89857143 0.32714291 0.32714286 0.32714286 0.33571429 -0.26777134 -0.26857143 -0.26857143 -0.93566694 -0.84168921 -0.6223679 -0.86714286 -0.86714286 -1.0138316 -1.0142857 -1.0142857 -0.56472183 -0.82764787 -0.82857141 -0.82857138 -0.69290367 -0.99999938
-0.59 0.11900416 -0.098526474 -0.34142857 -0.34142857 0.65084194 0.65142857 0.65142857 0.65142857 0.6515727 0.67142857 0.67142857 0.67142857 0.67142861 0.99857143 0.99857143 0.99857143 0.99857143 0.87439674 0.87428571 0.87428571 0.87428571 0.87428571 0.87428571 0.79428572 0.79428571 0.79428571 0.79428571 0.79466504 0.89857143 0.89857143 0.89857143 0.93571428 0.32715842 0.33571429 0.33571429 0.33571429 0.33483701 -0.59906266 -0.62142857 -0.62142857 -0.62142857 -1.2842857 -1.2842857 -1.0142857 -1.0142857 -1.0142857 -0.82857143 -0.82857143 -0.82857143 -0.82857143 -0.69285714 -0.69285714
0.13824507 0.13857143 0.13857143 0.13857144 0.88142857 0.6514345 0.65142857 0.65142857 0.65142857 0.65142857 0.66948178 0.67142824 0.67142857 0.99857143 0.99857143 0.99857143 0.99857143 0.99857143 1.0046102 0.87428571 0.87428571 0.87428571 0.87428571 0.87428571 0.91159162 1.0328559 1.0328571 1.0328571 1.0328571 0.89857143 0.93571429 0.93571429 0.93571429 0.93571429 0.33571429 0.33571229 0.26 0.26 -0.61042262 -0.62142857 -0.62142857 -0.62142857 -1.2842857 -1.2842857 -1.056091 -1.0142857 -1.0142857 -0.82857143 -0.82857143 -0.82857143 -0.82711622 -0.69285714 -0.69285714
0.13857143 0.13857143 0.13857143 0.48839394 0.88142857 0.88142857 0.65142857 0.65142857 0.65142857 0.65142857 0.64571429 0.64571429 0.64571429 0.99857143 0.99857143 0.99857143 0.99857143 0.99862856 1.2485714 1.2485714 0.87428587 0.87428571 0.87459873 0.88714286 0.88845466 1.0328571 1.0328571 1.0328571 1.0328571 0.93572418 0.93571429 0.93571429 0.93571429 0.93571429 0.26000027 0.26 0.26 0.26 0.2568821 -0.62142857 -0.62142857 -0.62142857 -1.2842857 -1.2842857 -1.2842857 -1.0142857 -1.0142857 -0.82857143 -0.82857143 -0.82857143 -0.69285714 -0.69285714 -0.69285714
0.13857143 0.13857143 0.13857143 0.88142857 0.88142857 0.88142857 0.88142822 0.65142857 0.65142857 0.64572018 0.64571429 0.64571429 0.64571429 0.64593414 1.2784003 1.3442857 1.3442857 1.3442857 1.2485714 1.2485714 1.2485714 0.88714286 0.88714286 0.88714286 0.88712285 0.91896044 1.0328571 1.0328571 1.0328571 0.6951701 0.63717222 0.63714286 0.63714286 0.63714286 0.13177565 -0.049999296 -0.05 -0.05 -0.05 -0.72712839 -0.72714286 -0.72714286 -1.2842857 -1.2842857 -0.75857362 -0.75857144 -0.79285714 -0.79285714 -0.59857143 -0.59857143 -0.59857143 -0.69285714 -0.6314835
0.13857238 0.13857143 0.13857146 0.88142857 0.88142857 0.88142857 0.88142857 0.56571431 0.65108585 0.64569485 0.64571429 0.64571429 0.64571429 0.64708508 1.3442857 1.3442857 1.3442857 1.3442857 1.2485714 1.2485714 1.2485714 0.88714286 0.88714286 0.88714286 0.81571429 0.81571429 1.0571429 1.0571429 1.0571429 1.0548516 0.63714286 0.63714286 0.63714286 0.63714286 0.29376007 -0.05 -0.05 -0.05 -0.05 -0.72714286 -0.72714286 -0.72714286 -0.72813172 -0.75857143 -0.75857143 -0.75857143 -0.79285714 -0.79285714 -0.59857143 -0.59857143 -0.59857143 -0.63142857 -0.63142857
0.44428571 0.31262711 0.59 0.59008455 0.88142857 0.567541 0.56571429 0.56571429 0.61933 0.62428572 0.62428571 0.62428571 0.62428571 1.3185488 1.3185714 1.3442857 1.3442857 1.3417638 1.2485714 1.2485714 1.2485714 0.90857143 0.90857143 0.90857143 0.81571429 0.81571429 1.0571429 1.0571429 1.0571429 1.0571428 0.98856919 0.98857044 0.64597549 0.63751961 -0.1876273 -0.18857143 -0.18857143 -0.18857143 -0.18857143 -0.72714286 -0.72714286 -0.72714286 -0.75684062 -0.75857143 -0.75857143 -0.75857148 -0.79285714 -0.79285714 -0.79285015 -0.59857143 -0.59859142 -1.0457143 -0.63142857
0.65710243 0.65714285 0.59 0.59 0.59 0.56571429 0.56571429 0.56571429 0.71285714 0.71285714 0.62428571 0.62428571 0.62428571 1.3185714 1.3185714 1.3185714 1.3185714 1.3185638 1.2485714 1.2485714 1.2485714 0.90857143 0.90857143 0.90857143 0.81571429 0.81571429 1.0571429 1.0571429 1.0571429 0.98934458 0.98857143 0.98857143 0.98857143 0.98857143 -0.18799058 -0.18857143 -0.18857143 -0.18857143 -0.18857143 -0.35285724 -0.35285714 -0.35285714 -0.35285714 -0.75857361 -1.0428571 -1.0428571 -1.0428571 -1.24 -1.24 -1.24 -1.0457143 -1.0457143 -1.0457143
0.65714286 0.65714286 0.59 0.59 0.59 0.56584194 0.56571429 0.71285714 0.71285714 0.71285714 0.62429662 0.62428571 0.60794322 1.3185713 1.3185714 1.3185714 1.3185714 0.45285714 0.45285714 0.45285714 0.90857143 0.90857143 0.90857143 0.90857143 0.90866562 1.1114286 1.1114286 1.1114284 1.0571516 0.90287422 0.9028576 0.90287211 0.98842493 0.98849746 0.021025217 -0.1885714 -0.18829854 -0.10714286 -0.10714286 -0.35285714 -0.35285714 -0.35285714 -0.35285714 -1.0428571 -1.0428571 -1.0428571 -1.0428571 -1.24 -1.24 -1.24 -1.0457143 -1.0457143 -1.0457143
0.65714286 0.65714286 0.59 0.59 0.59 0.59 0.62078556 0.71285714 0.71285714 0.71285714 0.71279717 0.60428571 0.60428571 0.60428571 1.314362 1.3185714 0.45862605 0.45285714 0.45285714 0.45285714 0.90857143 0.90857143 0.90857143 0.90857143 1.1114286 1.1114286 1.1114286 1.1114286 1.1114286 0.90285714 0.90285714 0.90285714 0.90285714 0.90285554 0.14142857 -0.10714286 -0.10714286 -0.10714286 -0.10714286 -0.10714537 -0.86428571 -0.86428571 -0.86428571 -0.92425484 -1.0485714 -1.0485714 -1.0485714 -1.24 -1.2400002 -1.3957143 -1.3957143 -0.66580673 -0.66571429
0.65714286 0.65714286 0.61423386 0.59 0.59 0.59 0.43478005 0.71197924 0.71285714 0.71285714 0.60428565 0.60428571 0.60428571 0.60428571 0.60428571 0.66281089 0.45285714 0.45285714 0.45285714 0.45285714 0.9085679 0.90857143 0.90857143 0.90857143 1.1114286 1.1114286 1.1114286 1.1114286 1.1114286 0.43837025 0.90285714 0.90285714 0.90285714 0.14142857 0.14142857 0.14123555 -0.10714286 -0.10714286 -0.57666093 -0.9414285 -0.86428571 -0.86428571 -0.86428571 -0.92378487 -1.0485714 -1.0485714 -1.0485714 -1.1714286 -1.3929197 -1.3957143 -1.3957143 -0.66571429 -0.66571429
0.65285714 0.65285714 0.65285714 0.60576001 0.58960981 0.43428571 0.43428571 0.43428571 0.43428571 0.30571429 0.30571429 0.60428569 0.60428571 0.60428571 0.60428571 0.60427607 0.45285714 0.45285714 0.45285714 0.45285714 0.7097125 0.90857143 0.90857143 0.91279608 1.0718448 1.1114286 1.1114286 1.1114286 0.27428571 0.27428571 0.27428571 0.27428835 0.14142857 0.14142857 0.14142857 0.14142857 -0.94142857 -0.94142857 -0.94142857 -0.94142857 -0.95428571 -0.95428571 -0.95428571 -1.131425 -1.1314286 -1.1314286 -1.1314285 -1.1714286 -1.1714286 -1.395441 -1.3957143 -0.66571545 -0.66571429
