interpolatedSpi/05-11|23_1.tif
NCOLS 53
NROWS 52
XLLCORNER -116.03883
YLLCORNER 28.596182
DX 0.49850594
DY 0.49788537
NODATA_VALUE -9999
[rows 0 to 26 of 52, columns 0 to 52 of 53]
-0.25 -0.25 -0.10440903 -0.074285714 -0.08 -0.24857143 -0.32714286 -0.34142857 -0.65817931 -0.83714286 -0.47285714 -0.59285714 -0.83853461 -0.39142857 -0.12 -0.12 -0.12 -0.52714286 -0.067142857 -0.067142857 -0.067142857 -0.067143242 -0.10714286 -0.22571429 -0.22571429 -0.22571429 -0.84857358 -0.84857143 -0.84857143 -1.0871429 -1.0871429 -1.0871429 -1.0871429 -0.85571433 -0.85571429 -0.85571429 -0.85571429 -0.85571429 -0.85571429 -0.85571427 -0.12218626 -0.11437597 -0.46857143 -0.46857143 -0.46857143 -0.46857143 -0.46804409 -0.14571429 -0.14571429 -0.14571429 -0.48571358 -0.48571429 -0.48571429
-0.25000914 -0.45571429 -0.20714304 -0.2295965 -0.30446204 -0.59571429 -0.41142857 -0.51148599 -0.74571429 -0.45714286 -0.80142857 -0.83857143 -0.83857143 -0.55659029 -0.39142818 -0.12 -0.52714286 -0.52714286 -0.067742636 -0.067142857 -0.067142857 -0.067142857 -0.24970176 -0.22571429 -0.22571429 -0.22571429 -0.19 -0.19 -1.0871429 -1.0871429 -1.0871429 -1.0871429 -1.0871429 -0.85571432 -0.85571429 -0.85571429 -0.85571429 -0.85571429 -0.85571426 -0.70398346 0.098495647 -0.39975355 -0.46857143 -0.46857143 -0.46857143 -0.46857143 -0.46857143 -0.14571429 -0.14571429 -0.14571429 -0.17390741 -0.48571429 -0.48571429
0.16141762 0.16142857 -0.36714286 -0.24857143 -0.58428571 -0.12571429 -0.22285714 -0.26142857 -0.60428571 -0.73 -0.74714286 -0.76857143 -0.93 -1.1485714 -0.55714286 -0.71142857 -0.52714286 -0.52714286 -0.52714286 -0.21281478 -0.21285714 -0.21285714 -0.68142857 -0.22571429 -0.22571429 -0.22571429 -0.19 -0.19 -0.19 -1.0871429 -1.0871429 -1.0871428 -0.83131311 -0.85468417 -0.85211081 -0.472119 -0.46857143 -0.46857143 -0.3972398 0.098571425 0.098571428 0.097846195 -0.46857143 -0.46857143 -0.46857143 -0.46857143 -0.46857143 -0.14571429 -0.14571429 -0.14571429 -0.14571429 -0.48571429 -0.48571429
0.31428571 0.16142852 -0.070100228 -0.19571429 -0.58142857 -0.57857143 -0.67285714 -1.0014286 -0.30714286 -0.63779124 -0.76571429 -0.80428571 -0.97428571 -1.1485714 -0.76285714 -0.71142857 -0.5313881 -0.529998 -0.29857143 -0.21285714 -0.21285714 -0.51714286 -0.68142857 -0.68142857 -0.22571429 -0.22571411 -0.19 -0.19 -0.19 -0.61571429 -0.58279362 -0.55571429 -0.55571429 -0.55571421 -0.46857143 -0.46857143 -0.46857143 -0.46857143 0.098571429 0.098571429 0.098571429 0.098571407 -0.46857143 -0.46857143 -0.46857143 -0.46857143 -0.46857143 -0.14571836 -0.14571429 -0.14571429 -0.14571429 -0.4857344 -0.48571429
0.31428571 -0.13285703 -0.07 -0.41755113 -0.58142857 -0.61571429 -0.81710534 -0.93285714 -1.1014286 -0.70428588 -0.81054732 -0.85705037 -0.21142857 -0.76285714 -0.76285714 -0.72559589 -0.53 -0.53 -0.29857143 -0.29857143 -0.21285775 -0.51714286 -0.31285714 -0.19571429 -0.31428571 -0.31426764 -0.19 -0.19 -0.61571429 -0.61571429 -0.55571429 -0.55571429 -0.55571429 -0.48028505 -0.46857143 -0.46857143 -0.46857143 0.098571429 0.098571429 0.098571429 0.098571429 0.098528542 -0.46857143 -0.46857143 -0.46857143 -0.46857143 -0.46857143 -0.4656976 -0.14571429 -0.14575714 -1.1014286 -1.1014286 -1.1014286
-1.03 -0.44 -0.34428569 -0.092857143 -0.32 -0.47142857 -0.75857143 -0.78088499 -0.89857143 -1.0942857 -1.0414286 -0.68857143 -0.68857111 -0.82142857 -0.82142857 -0.36709078 -0.36714286 -0.72 -0.72 -0.29857146 -0.47285714 -0.47285714 -0.19571429 -0.31428571 -0.31428571 -0.23714286 -0.51857143 -0.51857143 -0.31002813 -0.61571429 -0.55571429 -0.55571429 -0.15571429 -0.15573832 -0.3856977 0.075714285 0.075714286 0.09150005 0.098571429 0.098571429 -0.34516017 -0.34571428 -0.34571367 -0.35349646 -0.35144152 -0.3514286 -0.35142858 -0.35142862 -0.86024722 -1.1014286 -1.1014286 -1.1014286 -1.1014286
-0.25285267 -0.54428571 -0.089357816 -0.37571429 -0.4 -0.82285714 -0.49714286 -0.87571429 -1.2014286 -1.2014286 -1.0414286 -0.97142857 -0.70428569 -0.82142857 -0.15143058 -0.15142857 -0.36714286 -0.13285714 -0.33428571 -0.33428571 -0.33619032 -0.18285714 -0.18285714 -0.31285714 -0.23714286 -0.23714286 -0.51857143 -0.51857143 -0.31001623 -0.31029888 -0.094386106 -0.15571429 -0.15571429 -0.38571429 -0.38571429 -0.21372299 0.075714286 0.075714286 -0.17142001 -0.34571404 -0.34571429 -0.34571429 -0.34571124 -0.35142919 -0.35142857 -0.35142857 -0.35142857 -0.35142887 -0.84428571 -1.1013776 -1.1014286 -1.1014286 -1.1014286
-0.25285714 -0.54 -0.22714286 -0.62428571 -0.55428973 -0.85428571 -1.0357143 -0.97 -1.2042857 -1.1757143 -1.1757143 -0.59142857 -0.70428571 -0.70428571 -0.15522168 -0.33878429 -0.35714286 -0.10428571 -0.46999986 -0.33428571 -0.021761818 0.028571429 -0.20142857 0.011428571 0.011420685 -0.6 -0.21571429 -0.21571439 -0.58759528 -0.58857142 -0.092857143 -0.34218329 -0.25285714 -0.38571429 -0.3852661 -0.45571429 -0.45571429 -0.17142857 -0.17142857 -0.34571429 -0.34571429 -0.34571428 -0.4619839 -0.46285714 -0.35142857 -0.35142857 -0.35142857 -0.84426695 -0.84428571 -0.84428571 -1.1014286 -1.1014286 -1.1014286
-0.60155316 -0.54 -0.31714286 -0.85428571 -0.34428571 -0.84 -0.74571429 -0.4 -1.14 -0.36990311 -0.39428571 -0.54285714 -0.54285714 -0.10571429 -0.10571509 0.10015049 0.10142857 0.10142857 -0.16011256 -0.44571431 -0.56428571 -0.56428571 -0.29428571 -0.23802204 -0.53838414 -0.6 -0.17571429 -0.21571429 -0.44579803 -0.44714286 -0.36714286 -0.49428571 -0.34246964 -0.67714286 -0.37 -0.43714286 -0.44428571 -0.037142857 -0.044282416 -0.34456646 -0.088571429 -0.33857143 -0.46284993 -0.46285714 -0.46222996 -0.35142857 -0.50428571 -0.84428571 -0.84428571 -0.84428571 -0.84428572 -1.1049859 -0.46428571
-0.94571429 -0.94571429 -0.16857143 -0.057142857 -0.66857143 -0.42714286 -0.44857143 -0.86 -0.55714286 -0.17436581 -0.82857143 0.025714286 -0.10571429 -0.10571429 -0.19142857 -0.1874119 0.10142857 0.10140331 0.0042857143 -0.44571429 -0.44571429 -0.46099025 -0.29428571 -0.40714072 -0.40714286 -0.40714286 -0.17571429 -0.17571429 -0.17571429 -0.44714286 -0.44714286 -0.49371402 -0.19285714 -0.67714286 -0.64 -0.43714286 -0.44428571 -0.35 -0.044285714 -0.070988693 -0.33857142 -0.36795858 -0.41857143 -0.46285714 -0.46285714 -0.50428571 -0.50428571 -0.50428571 -0.84428571 -0.84428571 -1.13 -1.13 -1.1299998
-0.94571429 -0.94571429 -0.46 -0.59571429 -0.54571429 0.06 -0.45428572 0.020480438 -0.17142857 0.075714286 0.16285714 0.19 0.025932804 -0.19142857 -0.19142857 -0.19142198 -0.13428571 -0.12701284 0.0042857143 -0.031428571 -0.031428571 -0.11142857 -0.11142857 -0.40714286 -0.40714286 -0.40714286 -0.17571429 -0.17571429 -0.17571429 -0.39428571 -0.39428571 -0.39428538 -0.60285714 -0.60285714 -0.99285714 -0.65571429 -0.61714286 -0.28857632 -0.32285714 -0.071428571 -0.071428571 -0.36000019 -0.41857143 -0.46285714 -0.20857142 -0.13428571 -0.38338011 -0.38285714 -0.89 -0.89 -1.13 -1.13 -1.13
-0.94571429 -0.73599881 -0.51791413 -0.5014258 -0.27 -0.16571429 -0.45428571 0.021428571 -0.17142696 0.072976243 0.18999985 0.19 0.077142857 -0.19142857 -0.19142857 -0.13428572 -0.13428571 -0.13427783 0.0042857143 -0.031428571 -0.047138944 -0.11142857 -0.11142857 -0.40713061 -0.40714286 -0.35313893 -0.24285714 -0.24285714 -0.24285713 -0.39428571 -0.39428571 -0.35714286 -0.35714286 -0.60285821 -0.99285714 -0.62714307 -0.6565441 -0.28857143 -0.28857143 -0.071428581 -0.36 -0.36 -0.35999891 -0.20857143 -0.20857143 -0.13428571 -0.38285714 -0.38285714 -0.89 -0.89 -1.13 -1.13 -1.13
-0.27142857 -0.15256425 -0.12430309 -0.12701576 -0.26999962 -0.16571675 -0.45428571 0.015572799 -0.15813874 -0.16497501 0.077142857 0.077142857 0.077142857 0.077142857 -0.19139053 -0.13428571 -0.13428571 -0.13249654 0.0042857143 -0.031346933 0.25 0.25 0.25 0.25 -0.39588963 -0.24285714 -0.24285714 -0.24285714 -0.24285714 -0.24285064 -0.35714286 -0.35714286 -0.35714286 -0.35714286 -0.62714286 -0.62714286 -0.62714286 -0.30556623 -0.29111428 -0.62714286 -0.62714286 -0.36001437 -0.53141752 -0.20860253 -0.20857143 -0.13428571 -0.38285714 -0.38285714 -0.89 -0.89 -1.1291293 -1.13 -1.1302833
-0.27142857 -0.12428571 -0.12428571 -0.12428571 -0.12428571 -0.12428573 -0.453547 -0.22922043 -0.12268268 0.076881372 0.077142857 0.077142857 0.077142857 0.077142857 0.077143 -0.13428572 -0.13428569 -0.12478066 0.0042845797 0.25 0.25 0.25 0.25 0.25 0.25388909 0.022661697 0.099999929 0.1 0.1 0.1 -0.35714284 -0.35714286 -0.3571423 0.10285714 0.10285714 -0.62714286 -0.27437615 -0.26428571 -0.62714265 -0.62714286 -0.62714286 -0.62714286 -0.53142857 -0.53142857 -0.53142857 -0.52866482 -0.44951152 -0.45 -0.45 -0.45 -0.45000001 -0.79142864 -0.79142857
-0.32142857 -0.12428571 -0.12428571 -0.12428571 -0.12428571 -0.12428571 -0.12428573 -0.19085963 0.27792768 0.28 0.28 0.28 0.28 0.28 0.28 0.46330119 -0.12472901 -0.11531051 0.24996906 0.25 0.25 0.25 0.25 0.25000024 0.43 0.43 0.42999954 0.1 0.1 0.10090396 0.55142857 0.55142857 0.10285714 0.10285714 0.10285714 -0.20547325 -0.26428571 -0.26428571 -0.26428571 -0.62714286 -0.62714286 -0.62714286 -0.53142857 -0.53142857 -0.53142857 -0.53142857 -0.45000001 -0.45 -0.45 -0.45 -0.45 -0.79142857 -0.79142857
-0.32142857 -0.24803453 -0.12428571 -0.12428571 -0.12428571 -0.12428571 0.18851003 0.18857143 0.18857143 0.28 0.28 0.28 0.28 0.28 0.32128502 0.46714286 0.46714286 0.46714286 0.45508793 0.45571408 0.45571429 0.45571429 0.45571429 0.45571429 0.43 0.43 0.43 0.43 0.1 0.55142857 0.55142857 0.55142857 0.10285718 0.10285714 0.10285714 0.13857143 -0.26375232 -0.26428571 -0.26428571 -0.62711318 -0.56816349 -0.43058922 -0.53142857 -0.53142857 -0.90313506 -0.90428571 -0.90428571 -0.45076676 -0.91408683 -0.91571425 -0.9157142 -0.7471496 -0.79142848
-0.32142857 -0.14209218 -0.13079202 -0.12428571 -0.12428571 0.18838658 0.18857143 0.18857143 0.18857143 0.18923029 0.28 0.28 0.28 0.28000002 0.46714286 0.46714286 0.46714286 0.46714286 0.45572449 0.45571429 0.45571429 0.45571429 0.45571429 0.45571429 0.43 0.43 0.43 0.43 0.43044168 0.55142857 0.55142857 0.55142857 0.51571429 0.10287074 0.13857143 0.13857143 0.13857143 0.13818026 -0.4194923 -0.43 -0.43 -0.43 -1.0542857 -1.0542857 -0.90428571 -0.90428571 -0.90428571 -0.91571429 -0.91571429 -0.91571429 -0.91571429 -0.74714286 -0.74714286
-0.13718948 -0.13714286 -0.13714286 -0.13714285 0.33 0.18857508 0.18857143 0.18857143 0.18857143 0.18857143 0.28475877 0.28000082 0.28 0.46714286 0.46714286 0.46714286 0.46714286 0.46714286 0.48446399 0.45571429 0.45571429 0.45571429 0.45571429 0.45571429 0.48865301 0.56142786 0.56142857 0.56142857 0.56142857 0.55142857 0.51571429 0.51571429 0.51571429 0.51571429 0.13857143 0.13857056 0.10571429 0.10571429 -0.42331081 -0.43 -0.43 -0.43 -1.0542857 -1.0542857 -0.92751088 -0.90428571 -0.90428571 -0.91571429 -0.91571429 -0.91571429 -0.91390676 -0.74714286 -0.74714286
-0.13714286 -0.13714286 -0.13714286 0.082841683 0.33 0.33 0.18857143 0.18857143 0.18857143 0.18857143 0.34285714 0.34285714 0.34285714 0.46714286 0.46714286 0.46714286 0.46714286 0.46720353 0.75571429 0.75571429 0.45571441 0.45571429 0.45501869 0.42714286 0.42835177 0.56142857 0.56142857 0.56142857 0.56142857 0.51571894 0.51571429 0.51571429 0.51571429 0.51571429 0.1057144 0.10571429 0.10571429 0.10571429 0.10382536 -0.43 -0.43 -0.43 -1.0542857 -1.0542857 -1.0542857 -0.90428571 -0.90428571 -0.91571428 -0.91571429 -0.91571429 -0.74714286 -0.74714286 -0.74714286
-0.13714286 -0.13714286 -0.13714286 0.33 0.33 0.33 0.32999978 0.18857143 0.18857143 0.34269788 0.34285714 0.34285714 0.34285714 0.34293458 0.76431651 0.83428571 0.83428571 0.83428571 0.75571429 0.75571429 0.75571429 0.42714286 0.42714286 0.42714286 0.42711204 0.43329478 0.56142857 0.56142857 0.56142857 0.46101414 0.4471496 0.44714286 0.44714286 0.44714286 0.071759265 0.022857331 0.022857143 0.022857143 0.022857143 -0.48713504 -0.48714286 -0.48714286 -1.0542857 -1.0542857 -0.53143075 -0.53142864 -0.72142857 -0.72142857 -0.66142857 -0.66142857 -0.66142857 -0.74714286 -0.48166615
-0.13714197 -0.13714286 -0.13714284 0.33 0.33 0.33 0.33 0.31714282 0.18908551 0.34282605 0.34285714 0.34285714 0.34285714 0.34382146 0.83428571 0.83428571 0.83428571 0.83428569 0.75571429 0.75571429 0.75571429 0.42714286 0.42714286 0.42714286 0.31714286 0.31714286 0.60428571 0.60428571 0.60428571 0.60342845 0.44714286 0.44714286 0.44714286 0.44714286 0.23511649 0.022857143 0.022857143 0.022857143 0.022857143 -0.48714286 -0.48714286 -0.48714286 -0.48853626 -0.53142857 -0.53142857 -0.53142857 -0.72142857 -0.72142857 -0.66142857 -0.66142857 -0.66142857 -0.48142858 -0.48142857
0.14857143 0.023983596 0.25285714 0.25287952 0.33 0.31721725 0.31714286 0.31714286 0.33275908 0.30857143 0.30857143 0.30857143 0.30857143 0.8799814 0.88 0.83428575 0.83428571 0.83221547 0.75571429 0.75571429 0.75571429 0.59571429 0.59571429 0.59571429 0.31714286 0.31714286 0.60428571 0.60428571 0.60428571 0.60428581 0.74285526 0.74285631 0.45457519 0.44745988 0.046173114 0.045714286 0.045714286 0.045714286 0.045714286 -0.48714286 -0.48714286 -0.48714286 -0.52898983 -0.53142857 -0.53142857 -0.53142858 -0.72142857 -0.72142857 -0.72142641 -0.66142857 -0.66143605 -0.82857143 -0.48142857
0.28711654 0.28714285 0.25285714 0.25285714 0.25285714 0.31714286 0.31714286 0.31714286 0.36 0.36 0.30857143 0.30857143 0.30857143 0.88 0.88 0.88 0.88 0.87998603 0.75571429 0.75571429 0.75571428 0.59571429 0.59571429 0.59571429 0.31714286 0.31714286 0.60428571 0.60428571 0.60428571 0.74129474 0.74285714 0.74285714 0.74285714 0.74285714 0.046058284 0.045714286 0.045714286 0.045714286 0.045714286 -0.13571438 -0.13571429 -0.13571429 -0.13571429 -0.53142909 -0.59857143 -0.59857143 -0.59857143 -0.83571429 -0.83571429 -0.83571429 -0.82857143 -0.82857143 -0.82857143
0.28714286 0.28714286 0.25285714 0.25285714 0.25285714 0.31680496 0.31714286 0.36 0.36 0.36 0.30857776 0.30857143 0.29923286 0.87999987 0.88 0.88 0.88 0.24714286 0.24714286 0.24714286 0.63 0.62999997 0.59571445 0.59571429 0.59572415 0.74428571 0.74428571 0.74428538 0.60430834 0.81284319 0.81285677 0.81284492 0.74297678 0.74291755 0.16992284 0.045714327 0.046073346 0.15285714 0.15285714 -0.13571429 -0.13571429 -0.13571429 -0.13571429 -0.59857143 -0.59857143 -0.59857143 -0.59857143 -0.83571429 -0.83571429 -0.83571429 -0.82857143 -0.82857143 -0.82857143
0.28714286 0.28714286 0.25285714 0.25285714 0.25285714 0.25285714 0.33318303 0.36 0.36 0.36 0.35996528 0.29714286 0.29714286 0.29714286 0.87656509 0.88 0.25136006 0.24714286 0.24714286 0.24714286 0.63 0.63 0.63 0.63 0.74428571 0.74428571 0.74428571 0.74428571 0.74428571 0.81285714 0.81285714 0.81285714 0.81285714 0.8128562 0.36714286 0.15285714 0.15285714 0.15285714 0.15285714 0.15285505 -0.46285714 -0.46285714 -0.46285714 -0.52003679 -0.63857143 -0.63857143 -0.63857143 -0.83571428 -0.83571423 -0.78142857 -0.78142857 -0.45152032 -0.45142857
0.28714286 0.28714286 0.26523188 0.25285714 0.25285714 0.25285714 0.22452654 0.3595723 0.36 0.36 0.29714281 0.29714286 0.29714286 0.29714286 0.29714286 0.34491034 0.24714286 0.24714286 0.24714286 0.24714286 0.62999704 0.63 0.63 0.63 0.74428571 0.74428571 0.74428571 0.74428571 0.74428571 0.41909894 0.81285714 0.81285714 0.81285714 0.36714286 0.36714286 0.36697646 0.15285714 0.15285714 -0.17918218 -0.43714281 -0.46285714 -0.46285714 -0.46285714 -0.51924404 -0.63857143 -0.63857143 -0.63857143 -0.70428571 -0.78046738 -0.78142857 -0.78142857 -0.45142857 -0.45142857
0.33 0.33 0.33 0.27219898 0.25275311 0.22428571 0.22428571 0.22428571 0.22428571 0.065714287 0.065714286 0.29714284 0.29714286 0.29714286 0.29714286 0.29713967 0.24714286 0.24714286 0.24714286 0.24714286 0.46293356 0.63 0.63 0.62872887 0.58868042 0.74428571 0.74428571 0.74428571 0.28 0.28 0.28 0.28000224 0.36714286 0.36714286 0.36714286 0.36714286 -0.43714286 -0.43714286 -0.43714286 -0.43714286 -0.59428571 -0.59428571 -0.59428571 -0.61999948 -0.62 -0.62 -0.62000001 -0.70428571 -0.70428571 -0.78133458 -0.78142857 -0.45142929 -0.45142857
