interpolatedSpi/05-12|19_2.tif
NCOLS 53
NROWS 52
XLLCORNER -116.03883
YLLCORNER 28.596182
DX 0.49850594
DY 0.49788537
NODATA_VALUE -9999
[rows 0 to 35 of 52, columns 0 to 52 of 53]
0.6475 0.6475 0.43398077 0.07 0.28 0.21 0.2725 0.18 -0.14371881 -0.2825 -0.37125 0.23875 -0.098774189 -0.3925 -0.34625 -0.34625 -0.34625 0.02375 0.0675 0.0675 0.0675 0.067495954 -0.3525 -0.1475 -0.1475 -0.1475 -0.48499836 -0.485 -0.485 -0.17375 -0.17375 -0.17375 -0.17375 -0.028750029 -0.02875 -0.02875 -0.02875 -0.02875 -0.02875 -0.028749999 0.012060707 0.012479047 -0.07 -0.07 -0.07 -0.07 -0.070920796 -0.63375 -0.63375 -0.63375 0.61499741 0.615 0.615
0.64750489 0.7575 0.39125061 0.37440976 0.50103717 0.4025 0.64625 -0.022215319 -0.15625 -0.07125 0.30625 -0.09875 -0.09875 0.1656327 -0.39249283 -0.34625 0.02375 0.02375 0.067442956 0.0675 0.0675 0.0675 -0.16460705 -0.1475 -0.1475 -0.1475 -0.28999999 -0.29 -0.17375 -0.17375 -0.17375 -0.17375 -0.17375 -0.028750021 -0.02875 -0.02875 -0.02875 -0.02875 -0.028749968 0.030979318 0.31624135 -0.023131575 -0.07 -0.07 -0.07 -0.07 -0.07 -0.63375 -0.63375 -0.63375 -0.53020245 0.615 0.615
0.72999351 0.73 0.92125 0.77 0.3125 0.315 0.41875 0.5375 0.0725 -0.07875 0.1 0.0325 0.17375 -0.2725 0.1675 -0.61125 0.02375 0.02375 0.02375 -0.083706031 -0.08375 -0.08375 -0.4725 -0.1475 -0.1475 -0.1475 -0.29 -0.29 -0.29 -0.17375 -0.17375 -0.17375002 -0.33201027 -0.028270148 -0.024642905 0.40845662 0.4125 0.4125 0.40039429 0.31625 0.31625 0.31575608 -0.07 -0.07 -0.07 -0.07 -0.07 -0.63375 -0.63375 -0.63375 -0.63375 0.615 0.615
0.67625 0.72999983 -0.088756702 0.555 -0.0024999999 0.44625 0.28875 -0.01125 -0.04875 -0.048370291 -0.175 -0.44875 0.025 -0.2725 -0.08625 -0.61125 -0.22919562 -0.22607484 -0.28625 -0.08375 -0.08375 -0.42625 -0.4725 -0.4725 -0.1475 -0.14750071 -0.29 -0.29 -0.29 -0.91875 -0.6903629 -0.5025 -0.5025 -0.50249928 0.4125 0.4125 0.4125 0.4125 0.31625 0.31625 0.31625 0.31624999 -0.07 -0.07 -0.07 -0.07 -0.07 -0.63374289 -0.63375 -0.63375 -0.63375 0.61495488 0.615
0.67625 0.73249849 -0.08875 -0.23606955 -0.0025 0.1475 0.085002033 0.00625 0.03125 -0.073750176 -0.21543819 -0.28373603 -0.18625 -0.08625 -0.08625 -0.4314777 -0.22625 -0.22625 -0.28625 -0.28625 -0.083750676 -0.42625 -0.3225 -0.16875 -0.05 -0.049926684 -0.29 -0.29 -0.91875 -0.91875 -0.5025 -0.5025 -0.5025 -0.45464964 0.4125 0.4125 0.4125 0.31625 0.31625 0.31625 0.31625 0.31622575 -0.069999998 -0.07 -0.07 -0.07 -0.07 -0.075018073 -0.63375 -0.63375594 -0.76625 -0.76625 -0.76625
-1.08125 0.6125 0.42500003 -0.1275 0.23625 0.4375 -0.25 -0.21719266 -0.1875 -0.13625 -0.1475 -0.36125 -0.36124988 -0.3825 -0.3825 0.0025694129 0.0025 -0.095 -0.095000001 -0.28624964 -0.3525 -0.3525 -0.16875 -0.05 -0.05 0.26375 -0.855 -0.855 -0.37379942 -0.91875 -0.5025 -0.5025 -0.24875 -0.24879375 -0.66746997 -0.60875 -0.60875 0.030080134 0.31625 0.31625 0.065313363 0.065000001 0.065000915 -0.074911736 -0.074999447 -0.074999999 -0.075 -0.074999994 0.16447503 -0.76625 -0.76625 -0.76625 -0.76625
-0.30000084 0.65125 0.39685098 0.66625 0.83875 -0.22375 -0.006249999 0.00625 -0.51125 -0.51125 -0.1475 -0.07375 -0.16124998 -0.3825 0.28999799 0.29 0.0025 0.25 0.12 0.12 -0.27120681 -0.18 -0.18 0.30125 0.26375 0.26375 -0.855 -0.855 -0.37374679 -0.37369099 -0.018430253 -0.24875 -0.24875 -0.6675 -0.6675 -0.22750197 -0.60875 -0.60875 -0.44500568 0.06499929 0.065 0.065 0.065005744 -0.074997212 -0.075 -0.075 -0.075 -0.074999746 0.35125 -0.76602854 -0.76625 -0.76625 -0.76625
-0.3 -0.41375 0.9175 0.1425 0.42748366 -0.21 -0.4125 -0.2825 -0.5025 -0.1275 -0.1275 -0.07625 -0.16125 -0.16125 0.28690401 0.28544622 0.285 0.29 -0.056249819 0.12 0.12711033 0.12 0.0725 -0.072499999 -0.072499291 -0.0175 0.095 0.094999665 -0.31894273 -0.31874999 -0.0175 -0.095228295 -0.36 -0.6675 -0.637731 0.09125 0.09125 -0.445 -0.445 0.065 0.065 0.065000008 0.42533742 0.42499997 -0.075 -0.075 -0.075 0.35123378 0.35125 0.35125 -0.76625 -0.76625 -0.76625
-0.36709747 -0.41374999 0.64375 0.99375 0.8425 0.09 1.3877788e-17 0.145 -0.555 -0.10544455 -0.2425 -0.088750001 -0.08875 0.0325 0.032503503 0.049408449 0.04875 0.04875 0.2371444 0.34749997 0.20375 0.20375 0.33875 0.17742475 -0.023042548 -0.0175 0.1175 0.095 0.24909929 0.25 -0.02125 0.55125 0.56194905 0.56625 0.37625 0.31625 0.1475 -0.13875 0.26856183 0.066696234 0.445 0.5275 0.42502035 0.425 0.42218573 -0.075 0.20124999 0.35125 0.35125 0.35125 0.35125 -0.6482792 -0.11125
-0.10625 -0.10625 0.26625 0.65375 0.28125 -0.105 0.01875 0.16 0.1075 0.0087447513 -0.06625 -0.03 0.0325 0.0325 0.405 0.40011387 0.04875 0.048750418 -0.00875 0.3475 0.3475 0.32898019 0.33875 0.020006036 0.02 0.02 0.1175 0.5875 0.5875 0.25 0.25 0.5512903 0.5725 0.56625 0.55 0.31625 0.1475 0.02 0.26875 0.81352542 0.5275 0.53576514 0.55 0.425 0.425 0.20125 0.20125 0.20125 0.35125 0.35125 0.18125 0.18125 0.18124989
-0.10625 -0.10625 -0.06875 -0.51625 -0.43 0.28125 -0.074999995 0.21106434 0.0675 0.22375 0.24 -0.02375 -0.029991587 0.405 0.405 0.40502076 0.585 0.55383721 -0.00875 0.7175 0.7175 0.88625 0.88625 0.02 0.02 0.02 0.5875 0.5875 0.5875 0.53 0.53 0.53000007 0.6175 0.6175 0.11625 0.2325 0.56875 0.019999681 0.67625 0.8225 0.8225 0.67999957 0.55 0.425 0.64124989 0.555 0.61197346 0.61375 0.93125 0.93125 0.18125 0.18125 0.18125
-0.10625 -0.09019347 -0.25971421 -0.57373408 0.0825 -0.01375 -0.075 0.21125 0.0675012 0.22201894 -0.023749678 -0.02375 0.57625 0.405 0.405 0.58499999 0.585 0.58496621 -0.00875 0.7175 0.75063907 0.88625 0.88625 0.020034887 0.02 0.2464056 0.70875 0.70875 0.70874998 0.53 0.53 0.44875 0.44875 0.61749863 0.11625 0.60374986 0.47474258 0.02 0.02 0.8225 0.68 0.68 0.6799997 0.64125 0.64125 0.555 0.61375 0.61375 0.93125 0.93125 0.18125 0.18125 0.18125
-0.525 -0.13106591 -0.13001388 -0.13320482 0.082499309 -0.013747727 -0.074999998 0.20772642 0.077405845 0.071580104 0.57625 0.57625 0.57625 0.57625 0.40502426 0.585 0.585 0.57733374 -0.00875 0.71754785 0.89875 0.89875 0.89875 0.89875 0.035444959 0.70875 0.70875 0.70875 0.70875 0.70864677 0.44875 0.44875 0.44875 0.44875 0.60375 0.60375 0.60375 0.048102798 0.025623517 0.76875 0.76875 0.68000477 0.50125479 0.64123652 0.64125 0.555 0.61375 0.61375 0.93125 0.93125 0.18397092 0.18125 -0.27978352
-0.525 -0.13 -0.13 -0.13 -0.13 -0.12999995 -0.074843176 0.0604242 0.10383374 0.57570602 0.57625 0.57625 0.57625 0.57625 0.57625004 0.585 0.58499991 0.5442728 -0.0087387881 0.89875 0.89875 0.89875 0.89875 0.89875 0.90204578 0.74364631 0.7125 0.7125 0.7125 0.7125 0.44875001 0.44875 0.44875067 1.0075 1.0075 0.60375 1.0643258 1.0775 0.76875018 0.76875 0.76875 0.76875 0.50125 0.50125 0.50125 0.50162405 0.23869395 0.23625 0.23625 0.23625 0.23625001 0.89374985 0.89375
-0.078750001 -0.13 -0.13 -0.13 -0.13 -0.13 -0.13 -0.020750588 0.62700275 0.63 0.63 0.63 0.63 0.63 0.63 0.81492032 0.58865669 0.50369587 0.8986361 0.89875 0.89875 0.89875 0.89875 0.89875036 1.05125 1.05125 1.0512495 0.7125 0.7125 0.71321337 1.06875 1.06875 1.0075 1.0075 1.0075 1.0662868 1.0775 1.0775 1.0775 0.76875 0.76875 0.76875 0.50125 0.50125 0.50125 0.50125 0.23625001 0.23625 0.23625 0.23625 0.23625 0.89375 0.89375
-0.07875 -0.097829793 -0.13 -0.13 -0.13 -0.13 -0.052515211 -0.0525 -0.052499983 0.63 0.63 0.63 0.63 0.63 0.67163957 0.81875 0.81875 0.81875 1.211544 1.2124997 1.2125 1.2125 1.2125 1.2125 1.05125 1.05125 1.05125 1.05125 0.7125 1.06875 1.06875 1.06875 1.0075 1.0075 1.0075 1.08 1.0775033 1.0775 1.0775 0.76875874 0.78595232 0.82607814 0.50125 0.50125 0.88630801 0.8875 0.8875 0.23712945 0.76813479 0.76999995 0.7699999 0.84625717 0.8937499
-0.07875 -0.30865496 -0.22361852 -0.13 -0.13 -0.052545791 -0.0525 -0.0525 -0.0525 -0.047581709 0.63 0.63 0.63 0.63000002 0.81875 0.81875 0.81875 0.81875 1.2121483 1.2125 1.2125 1.2125 1.2125 1.2125 1.05125 1.05125 1.05125 1.05125 1.0513137 1.06875 1.06875 1.06875 1.42625 1.0075175 1.08 1.08 1.08 1.0814838 0.84216793 0.82625 0.82625 0.82625 0.87125 0.87125 0.8875 0.8875 0.8875 0.77 0.77 0.77 0.77 0.84625 0.84625
-0.31484303 -0.315 -0.315 -0.315 -0.17625 -0.052503192 -0.0525 -0.0525 -0.0525 -0.0525 0.59877011 0.62999462 0.62999999 0.81875 0.81875 0.81875 0.81875 0.81875 0.86169122 1.2125 1.2125 1.2125 1.2125 1.2125 1.2720561 1.4912476 1.49125 1.49125 1.49125 1.06875 1.42625 1.42625 1.42625 1.42625 1.08 1.0800036 1.215 1.215 0.83110412 0.82625 0.82625 0.82625 0.87125 0.87125 0.88498394 0.8875 0.8875 0.77 0.77 0.77 0.7708176 0.84625 0.84625
-0.315 -0.315 -0.315 -0.24966056 -0.17625 -0.17625 -0.0525 -0.0525 -0.0525 -0.0525 0.2175 0.2175 0.2175 0.81875 0.81875 0.81875 0.81875 0.81876384 1.01 1.01 1.2124999 1.2125 1.2132608 1.24375 1.2459781 1.49125 1.49125 1.49125 1.49125 1.4262566 1.42625 1.42625 1.42625 1.42625 1.2149995 1.215 1.215 1.215 1.2136469 0.82625 0.82625 0.82625 0.87125 0.87125 0.87125 0.8875 0.8875 0.77000001 0.77 0.77 0.84625 0.84625 0.84625
-0.315 -0.315 -0.315 -0.17625 -0.17625 -0.17625 -0.17624981 -0.0525 -0.0525 0.21722128 0.2175 0.2175 0.2175 0.21787461 0.88653913 0.9025 0.9025 0.9025 1.01 1.01 1.01 1.24375 1.24375 1.24375 1.2437475 1.3568406 1.49125 1.49125 1.49125 1.5649678 1.5949834 1.595 1.595 1.595 1.3177507 1.4612494 1.46125 1.46125 1.46125 1.0637175 1.06375 1.06375 0.87125 0.87125 1.0812491 1.0812501 1.2275 1.2275 1.11625 1.11625 1.11625 0.84625 1.0785421
-0.3149995 -0.315 -0.31499999 -0.17625 -0.17625 -0.17625 -0.17625 -0.08624999 -0.052634946 0.21730731 0.2175 0.2175 0.2175 0.21884416 0.9025 0.9025 0.9025 0.90250003 1.01 1.01 1.01 1.24375 1.24375 1.24375 1.235 1.235 1.4325 1.4325 1.4325 1.4333865 1.595 1.595 1.595 1.595 1.5281617 1.46125 1.46125 1.46125 1.46125 1.06375 1.06375 1.06375 1.0643006 1.08125 1.08125 1.08125 1.2275 1.2275 1.11625 1.11625 1.11625 1.07875 1.07875
-0.155 -0.21842082 -2.1001152e-12 -5.1133147e-05 -0.17625 -0.086770737 -0.08625 -0.08625 -0.017929007 0.0050000022 0.005 0.005 0.005 0.4012371 0.40125 0.90249962 0.9025 0.90533247 1.01 1.01 1.01 0.90375 0.90375 0.90375 1.235 1.235 1.4325 1.4325 1.4325 1.4325001 1.6312498 1.6312499 1.5959111 1.5950389 1.3265576 1.32625 1.32625 1.32625 1.32625 1.06375 1.06375 1.06375 1.0802863 1.08125 1.08125 1.0812499 1.2275 1.2275 1.227496 1.11625 1.1162503 1.1225 1.07875
0.21867902 0.21874996 -5.5511151e-17 -5.5511151e-17 -5.5511151e-17 -0.08625 -0.08625 -0.08625 0.10125 0.10125 0.005 0.005 0.005 0.40125 0.40125 0.40125 0.40125 0.40131946 1.01 1.01 1.01 0.90375 0.90375 0.90375 1.235 1.235 1.4325 1.4325 1.4325 1.6290091 1.63125 1.63125 1.63125 1.63125 1.3264005 1.32625 1.32625 1.32625 1.32625 0.87750005 0.8775 0.8775 0.8775 1.0812465 0.625 0.625 0.625 0.87875 0.87875 0.87875 1.1225 1.1225 1.1225
0.21875 0.21875 -5.5511151e-17 -5.5511151e-17 -5.5511151e-17 -0.085796655 -0.08625 0.10125 0.10125 0.10125 0.0050118485 0.005 -0.10429043 0.40124988 0.40125 0.40125 0.40125 0.052500001 0.0525 0.0525 0.35250001 0.35250041 0.90374731 0.90375 0.90378521 0.80625 0.80625 0.80625149 1.4323988 1.3513058 1.3512515 1.3512989 1.6307715 1.6310084 1.3803886 1.3262497 1.3235229 0.5125 0.5125 0.8775 0.8775 0.8775 0.8775 0.625 0.625 0.625 0.625 0.87875 0.87875 0.87875 1.1225 1.1225 1.1225
0.21875 0.21875 1.7589869e-12 -5.5511151e-17 -5.5511151e-17 -3.3913477e-10 -0.016074227 0.10125 0.10125 0.10125 0.10112295 -0.12875 -0.12875 -0.12875 0.39812659 0.40125 0.054823984 0.0525 0.0525 0.0525 0.3525 0.3525 0.3525 0.3525 0.80625 0.80625 0.80625 0.80625 0.80625 1.35125 1.35125 1.35125 1.35125 1.3512494 1.0775 0.5125 0.5125 0.5125 0.5125 0.51250027 0.54125 0.54125 0.54125 0.57013047 0.63 0.63 0.63 0.87874999 0.87874968 0.55375 0.55375 0.87506021 0.875
0.21875 0.21875 0.078953389 -5.550995e-17 -5.5511151e-17 6.6003659e-10 0.030126434 0.10102546 0.10125 0.10125 -0.12874996 -0.12875 -0.12875 -0.12875 -0.12875 -0.085280644 0.0525 0.0525 0.0525 0.0525 0.35249768 0.3525 0.3525 0.3525 0.80625 0.80625 0.80625 0.80625 0.80625 0.79333791 1.35125 1.35125 1.35125 1.0775 1.0775 1.0770613 0.5125 0.5125 0.6827405 0.81499997 0.54125 0.54125 0.54125 0.56959018 0.63 0.63 0.63 0.44 0.55233269 0.55375 0.55375 0.875 0.875
0.16625 0.16625 0.16625 0.041683445 0.00045844751 0.03 0.03 0.03 0.03 0.04625 0.04625 -0.12874999 -0.12875 -0.12875 -0.12875 -0.12873852 0.0525 0.0525 0.0525 0.0525 0.22158973 0.3525 0.3525 0.3459574 0.13383719 0.80625 0.80625 0.80625 0.59625 0.59625 0.59625 0.59625317 1.0775 1.0775 1.0775 1.0775 0.815 0.815 0.815 0.815 0.4975 0.4975 0.4975 0.58124832 0.58125 0.58125 0.58125002 0.44 0.44 0.5536114 0.55375 0.8749986 0.875
0.16625 0.16625 0.16625 0.16625808 0.31625 0.27462455 0.03 0.03 0.03 0.04625 0.04625 0.04625 -0.32374999 -0.32375 -0.32375 -0.32375 0.051728344 0.0525 0.0525 0.0525 0.057035419 0.10250069 0.1025 0.1025 0.1025 0.1025 -0.0049999937 -0.005 0.59625 0.59625 0.59625 0.59625 1.0774998 1.0775 1.0775 1.0774768 0.815 0.815 0.815 0.81531256 0.4975 0.4975 0.4975 0.58124612 0.58125 0.58125 0.58125 0.44 0.44 0.44000002 0.5975 0.5975 0.54
0.16625 0.16625 0.16625 0.31624965 0.31625 0.31625 0.030000107 0.03 0.03 0.04625 0.04625 0.04625 -0.32375 -0.32375 -0.32375 -0.32717718 -0.36875 -0.36875 -0.36874891 0.05012067 0.1025 0.1025 0.1025 0.1025 0.1025 0.1024191 -0.005 -0.005 -0.0049999988 0.59625 0.59625 0.59620575 0.7925 0.7925 0.7925 0.78375 0.78375 0.88625 0.88625 0.88625 0.815 0.49759959 0.49750206 0.77375 0.77375 0.76645447 0.58125027 0.44 0.44 0.5975 0.5975 0.5975 0.54
0.16625 0.16625 0.16625 0.31625 0.31625 0.31625 0.31625 0.03 0.03 0.04625 0.04625 -0.30895534 -0.32375 -0.32375 -0.32375 -0.36875 -0.36875 -0.36875 -0.36875 -0.36875 0.1025 0.1025 0.1025 0.1025 0.1025 -0.0049996333 -0.005 -0.005 -0.005 0.5275 0.5275 0.5275 0.7925 0.7925 0.7925 0.78375 0.78375 0.88625 0.88625 0.815 0.815 0.815 0.77375 0.77375 0.77375 0.77375 0.76656211 0.68625 0.68625 0.68625 0.5975 0.58375 0.58375
0.16625 0.16625 0.16645888 0.31625 0.31625 0.31625 0.31625 0.11513751 0.105 0.10489913 0.046249981 -0.32375858 -0.32375 -0.32375 -0.32375016 -0.36875 -0.36875 -0.36875 -0.36875 -0.36875 -0.26314571 0.1025 0.1025 0.1025 0.10243461 -0.0050118154 -0.005 -0.005 -0.005 0.5275 0.5275 0.5275 0.52753543 0.7925 0.78375 0.78375 0.78375 0.78375409 0.88624514 0.815 0.815 0.815 0.7737525 0.77375 0.77375 0.77375 0.68625125 0.68625 0.68625 0.68625 0.58375 0.58375 0.58375
-0.06375 -0.063749598 0.31615769 0.31625 0.31625 0.31625 0.10504495 0.105 0.105 0.105 -0.42624999 -0.42625 -0.42625 -0.42625 -0.36901537 -0.36875 -0.36875 -0.36875 -0.36875 -0.27875005 -0.27875 -0.27875 -0.21499995 -0.215 -0.215 -0.215 -0.1968743 -0.005 0.18249232 0.1825 0.1825 0.1825 0.1825 0.60875 0.60875 0.60875 0.60875 0.60875 0.8525 0.8525 0.8525 0.8525 0.8525 0.80994536 0.81 0.81 0.81 0.68625 0.68625 0.68625 0.58376615 0.58375 0.58375
-0.06375 -0.06375 -0.065152282 -0.2312489 -0.23124988 -0.23092183 0.105 0.105 0.105 0.105 -0.42625 -0.42625 -0.42625 -0.42625 -0.42625 -0.36875 -0.36875 -0.36875 -0.27875002 -0.27875 -0.27875 -0.27875 -0.215 -0.215 -0.215 -0.215 -0.215 -0.21495517 0.18241553 0.1825 0.1825 0.1825 0.18246607 0.58961707 0.60873019 0.60875 0.60875 0.60875 0.8525 0.8525 0.8525 0.8525 0.8525 0.81 0.81 0.81 0.81 0.75213208 0.68625 0.80367511 0.805 0.49375 0.49375
-0.06375 -0.06375 -0.23122878 -0.23125 -0.23125 -0.23125 -0.14584392 0.105 0.105 0.105 -0.42625 -0.42625 -0.42625 -0.42625 -0.42625 -0.36879347 -0.36875 -0.27877639 -0.27875 -0.27875 -0.27875 -0.27875 -0.2386166 -0.215 -0.215 -0.215 -0.215 -0.21487325 -0.03625 -0.03625 -0.03625 -0.03625 -0.03625 0.575 0.575 0.575 0.575 0.575 1.1375 1.1375 1.1375 1.1375 1.1375 0.81064094 0.81000013 0.81 0.8100445 0.8153533 0.805 0.805 0.805 0.49375174 0.49375
-0.063749896 -0.0085966488 -0.23124997 -0.23125 -0.23125 -0.23125 -0.23125 0.10485683 0.105 0.105 -0.42625 -0.42625 -0.42625 -0.42625 -0.34313797 -0.34125 -0.34125 -0.27875161 -0.27875 -0.27875 -0.27875 -0.27875 -0.27874999 -0.215 -0.215 -0.215 -0.215 0.3699996 0.36999981 0.28354013 -0.03625 -0.03625 -0.03625 0.575 0.575 0.575 0.575 0.57513038 1.1375 1.1375 1.1375 1.1375 1.1375222 1.0725 1.0725 1.0725 1.0725 1.0724784 0.805 0.805 0.805 0.80500008 0.93219629
-0.0075 -0.0075 -0.050516094 -0.23125 -0.23125 -0.23125 -0.23125 -0.23125 0.10485573 -0.26624999 -0.26625 -0.26625 -0.26662971 -0.34125012 -0.34125 -0.34125 -0.34125 -0.34125 -0.27874951 -0.27451888 -0.2375 -0.2375 -0.2375 -0.23037085 -0.18898818 -0.049803851 0.067788935 0.37 0.37 0.37 0.37 0.37 0.35646127 0.7641049 0.7675 0.7675 0.7675 0.7675 1.1919773 1.4274995 1.4275 1.4275 1.4275 1.2587495 1.0725 1.0725 1.0725 0.98875 0.80500294 0.805 0.805 0.93875 0.93875
