interpolatedSpi/05-12|21_3.tif
NCOLS 53
NROWS 52
XLLCORNER -116.03883
YLLCORNER 28.596182
DX 0.49850594
DY 0.49788537
NODATA_VALUE -9999
[rows 0 to 35 of 52, columns 0 to 52 of 53]
-0.74125 -0.74125 -0.83578953 -0.86375 -0.74 -1.18375 -1.10625 -1.09 -1.0934326 -1.2175 -1.35 -0.76625 -1.0999582 -0.5925 -0.69 -0.69 -0.69 -0.3425 -0.77125 -0.77125 -0.77125 -0.77124279 -0.022500013 -1.325 -1.325 -1.325 -0.85749719 -0.8575 -0.8575 -0.59625 -0.59625 -0.59625 -0.59625 -1.1249999 -1.125 -1.125 -1.125 -1.125 -1.125 -1.125 -0.94939133 -0.94734449 -0.33625 -0.33625 -0.33625 -0.33625 -0.33600296 -0.185 -0.185 -0.185 0.16999926 0.17 0.17
-0.74127571 -1.32 -0.94124926 -0.89153121 -1.0812631 -0.51125 -0.85625 -0.99996292 -1.42 -1.3175 -1.03 -1.1 -1.1 -1.022312 -0.59250607 -0.69 -0.3425 -0.3425 -0.77069097 -0.77125 -0.77125 -0.77125 -1.3116433 -1.325 -1.325 -1.325 -1.1225 -1.1225 -0.59625 -0.59625 -0.59625 -0.59625 -0.59625 -1.1249999 -1.125 -1.125 -1.125 -1.125 -1.125 -1.0731848 -0.79877613 -0.39237088 -0.33625 -0.33625 -0.33625 -0.33625 -0.33625 -0.185 -0.185 -0.185 -0.15556306 0.17 0.17
-1.1599878 -1.16 -0.30375 -0.52875 -0.55 -0.9325 -0.37125 -0.82 -1.31625 -1.15375 -0.99875 -1.245 -0.87 -0.715 -1.02375 -1.465 -0.3425 -0.3425 -0.3425 -0.79249382 -0.7925 -0.7925 -1.07125 -1.325 -1.325 -1.325 -1.1225 -1.1225 -1.1225 -0.59625 -0.59625 -0.59624999 -0.51922599 -1.1241552 -1.1238016 -0.9974298 -0.99625 -0.99625 -0.97140971 -0.79875 -0.79875 -0.79815858 -0.33625 -0.33625 -0.33625 -0.33625 -0.33625 -0.185 -0.185 -0.185 -0.185 0.17 0.17
-0.155 -1.1599999 -0.76371132 -0.06875 -0.65 -0.63875 -0.50875 -0.845 -0.6575 -0.90086444 -1.0675 -1.32375 -1.3275 -0.715 -0.99125 -1.465 -1.5518305 -1.5516522 -1.50375 -0.7925 -0.7925 -1.11375 -1.07125 -1.07125 -1.325 -1.324999 -1.1225 -1.1225 -1.1225 -0.8575 -0.62636951 -0.43625 -0.43625 -0.43625044 -0.99625 -0.99625 -0.99625 -0.99625 -0.79875 -0.79875 -0.79875 -0.79874998 -0.33625 -0.33625 -0.33625 -0.33625 -0.33625 -0.18500191 -0.185 -0.185 -0.185 0.16996219 0.17
-0.155 0.069998471 -0.76375 -0.92191907 -0.65 -0.57125 -1.0812332 -1.0775 -1.23375 -0.73875019 -0.88860948 -0.96002202 -1.11375 -0.99125 -0.99125 -1.30961 -1.5525 -1.5525 -1.50375 -1.50375 -0.79250059 -1.11375 -0.92 -0.7025 -0.6225 -0.62238641 -1.1225 -1.1225 -0.8575 -0.8575 -0.43625 -0.43625 -0.43625 -0.44803573 -0.99625 -0.99625 -0.99625 -0.79875 -0.79875 -0.79875 -0.79875 -0.79872732 -0.33625 -0.33625 -0.33625 -0.33625 -0.33625 -0.33490369 -0.185 -0.18503598 -0.9875 -0.9875 -0.9875
-1.45625 -0.61625 -0.51 -0.72 -0.8125 -0.79375 -0.98625 -0.99793261 -0.6625 -0.4225 -0.53375 -0.11875 -0.11875066 -1.405 -1.405 -1.6960641 -1.69625 -1.4475 -1.4475 -1.5037492 -0.65875 -0.65875 -0.7025 -0.6225 -0.6225 -0.13625 -0.25625 -0.25625 -0.4525366 -0.8575 -0.43625 -0.43625 -0.49875 -0.4987069 -0.08627971 -0.675 -0.675 -0.76046511 -0.79875 -0.79875 -0.5640431 -0.56375 -0.56374847 -0.9489891 -0.95993106 -0.95999983 -0.95999998 -0.95999976 -0.36338511 -0.9875 -0.9875 -0.9875 -0.9875
0.20873801 -0.41125 -0.38318813 -0.3575 -0.74625 -1.18625 -0.73875 -0.71875 -0.79375 -0.79375 -0.53375 -1 -1.3725 -1.405 -0.92625143 -0.92625 -1.69625 -0.9425 -0.64 -0.64 -0.67229887 -0.6875 -0.6875 -0.056250008 -0.13625 -0.13625 -0.25625 -0.25625 -0.45249242 -0.45236052 -0.030903605 -0.49875 -0.49875 -0.08625 -0.08625 -0.6572992 -0.675 -0.675 -0.71499861 -0.56375021 -0.56375 -0.56375 -0.56374057 -0.95999458 -0.96 -0.96 -0.96 -0.95999958 -0.2625 -0.98735632 -0.9875 -0.9875 -0.9875
0.20875 0.04375 0.04 -0.97 -0.83625767 -0.8625 -0.5475 -1.2325 -1.0825 -0.87875 -0.87875 -1.20125 -1.3725 -1.3725 -0.92931169 -1.3076295 -1.345 -0.72375 -0.82249981 -0.64 -0.028278519 -0.03125 0.28625 0.3 0.30000027 0.32125 -0.4625 -0.46249993 -0.32295554 -0.32249999 -0.03 -0.66087358 -0.79375 -0.08625 -0.097016754 -0.6425 -0.6425 -0.715 -0.715 -0.56375 -0.56375 -0.56374999 0.011494729 0.012499951 -0.96 -0.96 -0.96 -0.26252655 -0.2625 -0.2625 -0.9875 -0.9875 -0.9875
0.022889113 0.043750007 0.66 -0.275 -0.26875 -0.61625 -0.7175 -0.76 -0.89625 -0.80454467 -0.9425 -0.95625 -0.95625 -0.9725 -0.97249671 -0.90747283 -0.90625 -0.90625 -0.73882434 -0.28999994 0.00375 0.0037499996 0.21 0.25620113 0.31910856 0.32125 -0.51 -0.4625 -0.31585712 -0.315 -0.62375 -0.1625 -0.10710074 -0.5325 -0.46375 -0.4925 -0.595 -0.86875 -0.65384928 -0.56090992 0.0725 -0.07375 0.012502236 0.0125 0.0070262436 -0.96 -0.95875 -0.26250001 -0.2625 -0.2625 -0.2625 -0.95824075 -0.165
-0.09375 -0.09375 1.07 0.65875 -0.2475 -0.61875 -0.9025 -0.52 -0.58375 -0.78127408 -1.00375 -0.27875 -0.9725 -0.9725 -0.6225 -0.62639176 -0.90625 -0.90615943 -0.515 -0.29 -0.29 -0.25215514 0.21 -0.14249333 -0.1425 -0.1425 -0.51 0.077499999 0.0775 -0.315 -0.315 -0.16229137 -0.0525 -0.5325 0.0475 -0.4925 -0.595 -0.39875 -0.65375 -0.58611423 -0.073749994 -0.037016061 0.02625 0.0125 0.0125 -0.95875 -0.95875 -0.95875 -0.2625 -0.2625 -0.7525 -0.7525 -0.75249978
-0.09375 -0.09375 0.25375 -0.31625 -0.97625 -0.12625 -0.77 -1.1523546 -1.0175 -0.87 -0.95 -1.05 -0.27977779 -0.6225 -0.6225 -0.62247996 -0.44875 -0.45222711 -0.515 -0.8725 -0.8725 -0.3525 -0.3525 -0.1425 -0.1425 -0.1425 0.0775 0.0775 0.0775 -0.01 -0.01 -0.01000007 -0.1975 -0.1975 -0.41 -0.50875 -0.02125 -0.74998833 -0.78625 -0.585 -0.585 -0.3999986 0.02625 0.0125 -0.34000016 -0.65125 -0.59158812 -0.59 -0.44125 -0.44125 -0.7525 -0.7525 -0.7525
-0.09375 0.056143373 0.01051067 -0.60123764 -0.1825 -0.86375 -0.77 -1.1525 -1.0175011 -0.87163412 -1.0499998 -1.05 -0.80375 -0.6225 -0.6225 -0.44875001 -0.44875 -0.44875377 -0.515 -0.8725 -0.77038258 -0.3525 -0.3525 -0.14250898 -0.1425 -0.18728804 -0.27875 -0.27875 -0.27874996 -0.01 -0.01 -0.2025 -0.2025 -0.19750058 -0.41 -0.26500009 0.08177717 -0.75 -0.75 -0.58499999 -0.4 -0.4 -0.3999995 -0.34 -0.34 -0.65125 -0.59 -0.59 -0.44125 -0.44125 -0.7525 -0.7525 -0.7525
-0.98 -0.45171642 -0.50374244 -0.50444939 -0.18250364 -0.86373392 -0.77 -1.1477916 -1.0268029 -1.0136484 -0.80375 -0.80375 -0.80375 -0.80375 -0.62252568 -0.44875 -0.44875 -0.44960539 -0.515 -0.87250568 -0.9 -0.9 -0.9 -0.9 -0.15542684 -0.27875 -0.27875 -0.27875 -0.27875 -0.27858597 -0.2025 -0.2025 -0.2025 -0.2025 -0.265 -0.265 -0.265 -0.72501512 -0.74934283 -0.6625 -0.6625 -0.40001412 -0.72623678 -0.3400372 -0.34 -0.65125 -0.59 -0.59 -0.44125 -0.44125 -0.75137082 -0.7525 -0.36725999
-0.98 -0.50375 -0.50375 -0.50375 -0.50375 -0.50375015 -0.77023986 -0.95096726 -1.0516221 -0.80397659 -0.80375 -0.80375 -0.80375 -0.80375 -0.80375028 -0.44875 -0.44875001 -0.4532943 -0.51500033 -0.9 -0.9 -0.9 -0.9 -0.9 -0.8849739 -0.25629874 -0.25250001 -0.2525 -0.2525 -0.2525 -0.2025 -0.2025 -0.20249993 -0.14125 -0.14125 -0.265 -0.23340377 -0.2325 -0.66249975 -0.6625 -0.6625 -0.6625 -0.72625 -0.72625 -0.72625 -0.72572807 -0.90793069 -0.91 -0.91 -0.91 -0.90999999 -0.29625009 -0.29625
-1.20125 -0.50375 -0.50375 -0.50375 -0.50375 -0.50375 -0.50375002 -0.871092 -1.195432 -1.19625 -1.19625 -1.19625 -1.19625 -1.19625 -1.19625 -1.0724677 -0.45861483 -0.457822 -0.89995157 -0.9 -0.9 -0.9 -0.9 -0.89999967 -0.205 -0.205 -0.20500007 -0.2525 -0.2525 -0.25190678 0.04375 0.04375 -0.14125 -0.14125 -0.14125 -0.21788261 -0.2325 -0.2325 -0.2325 -0.6625 -0.6625 -0.6625 -0.72625 -0.72625 -0.72625 -0.72625 -0.91 -0.91 -0.91 -0.91 -0.91 -0.29625 -0.29625
-1.20125 -0.94157867 -0.50375 -0.50375 -0.50375 -0.50375 -0.89992223 -0.9 -0.90000001 -1.19625 -1.19625 -1.19625 -1.19625 -1.19625 -1.1683984 -1.07 -1.07 -1.07 -0.61462232 -0.61375029 -0.61375 -0.61375 -0.61375 -0.61375 -0.205 -0.205 -0.205 -0.205 -0.2525 0.04375 0.04375 0.04375 -0.14124998 -0.14125 -0.14125 0.06625 -0.23210445 -0.2325 -0.2325 -0.66239236 -0.44784502 0.05285555 -0.72625 -0.72625 -0.82718754 -0.8275 -0.8275 -0.9094415 -0.57118815 -0.57000003 -0.57000006 -0.095030579 -0.29624959
-1.20125 -0.90322496 -0.70174051 -0.50375 -0.50375 -0.89976588 -0.9 -0.9 -0.9 -0.90213486 -1.19625 -1.19625 -1.19625 -1.19625 -1.07 -1.07 -1.07 -1.07 -0.61415756 -0.61375 -0.61375 -0.61375 -0.61375 -0.61375 -0.20500001 -0.205 -0.205 -0.205 -0.20409521 0.04375 0.04375 0.04375 0.0325 -0.1412247 0.06625 0.06625 0.06625 0.069937755 0.036810692 0.055 0.055 0.055 -0.58 -0.58 -0.8275 -0.8275 -0.8275 -0.57 -0.57 -0.57 -0.57 -0.095 -0.095
-0.89512948 -0.895 -0.895 -0.895 -0.60875 -0.89999249 -0.9 -0.9 -0.9 -0.9 -1.1671022 -1.196245 -1.19625 -1.07 -1.07 -1.07 -1.07 -1.07 -1.0111905 -0.61375 -0.61375 -0.61375 -0.61375 -0.61375 -0.3011125 -0.10875052 -0.10875 -0.10875 -0.10875 0.043749999 0.0325 0.0325 0.0325 0.0325 0.06625 0.066258888 0.40375 0.40375 0.059354663 0.055 0.055 0.055 -0.58 -0.58 -0.78917848 -0.8275 -0.8275 -0.57 -0.57 -0.57 -0.56490676 -0.095 -0.095
-0.895 -0.895 -0.895 -0.7602006 -0.60875 -0.60875 -0.9 -0.9 -0.9 -0.9 -0.81125 -0.81125 -0.81125 -1.07 -1.07 -1.07 -1.07 -1.0698957 -0.705 -0.705 -0.61375004 -0.61375 -0.61329352 -0.595 -0.5906225 -0.10875 -0.10875 -0.10875 -0.10875 0.032485617 0.0325 0.0325 0.0325 0.0325 0.40374881 0.40375 0.40375 0.40375 0.40250437 0.055 0.055 0.055 -0.58 -0.58 -0.58 -0.8275 -0.8275 -0.57 -0.57 -0.57 -0.095 -0.095 -0.095
-0.895 -0.895 -0.895 -0.60875 -0.60875 -0.60875 -0.60875045 -0.9 -0.9 -0.81134162 -0.81125 -0.81125 -0.81125 -0.8114112 -0.5590521 -0.43875 -0.43875 -0.43875 -0.705 -0.705 -0.705 -0.595 -0.595 -0.595 -0.59483823 -0.060887157 -0.10875 -0.10875 -0.10875 -0.076476193 -0.097487214 -0.0975 -0.0975 -0.0975 0.26554511 0.072500752 0.0725 0.0725 0.0725 -0.14497263 -0.145 -0.145 -0.58 -0.58 -0.53625018 -0.53624993 -0.33875 -0.33875 -0.12125 -0.12125 -0.12125 -0.095 0.093581235
-0.89499736 -0.895 -0.89499999 -0.60875 -0.60875 -0.60875 -0.60874999 -0.12125023 -0.89688625 -0.81083288 -0.81125 -0.81125 -0.81125 -0.81051905 -0.43875 -0.43875 -0.43875 -0.43875008 -0.705 -0.705 -0.705 -0.595 -0.595 -0.595 -0.0175 -0.0175 -0.125 -0.125 -0.125 -0.12484998 -0.0975 -0.0975 -0.0975 -0.0975 -0.012546767 0.0725 0.0725 0.0725 0.0725 -0.145 -0.145 -0.145 -0.15731022 -0.53625 -0.53625 -0.53625 -0.33875 -0.33875 -0.12125 -0.12125 -0.12125 0.093749993 0.09375
-0.04375 -0.43309479 -0.22375 -0.2238617 -0.60875 -0.12407066 -0.12125 -0.12125 -0.12352737 -0.35124999 -0.35125 -0.35125 -0.35125 0.2537303 0.25375 -0.43874947 -0.43875 -0.4457653 -0.705 -0.705 -0.705 0.29125 0.29125 0.29125 -0.0175 -0.0175 -0.125 -0.125 -0.125 -0.125 -0.1287498 -0.12874991 -0.098285422 -0.097533502 -0.49454262 -0.495 -0.495 -0.495 -0.495 -0.145 -0.145 -0.145 -0.5147065 -0.53625 -0.53625 -0.53624995 -0.33875 -0.33875 -0.33874217 -0.12125 -0.12126951 -0.5575 0.09375
-0.18247365 -0.18250001 -0.22375 -0.22375 -0.22375 -0.12125 -0.12125 -0.12125 -0.1275 -0.1275 -0.35125 -0.35125 -0.35125 0.25375 0.25375 0.25375 0.25375 0.25364097 -0.705 -0.705 -0.70499996 0.29125 0.29125 0.29125 -0.0175 -0.0175 -0.125 -0.125 -0.125 -0.12870772 -0.12875 -0.12875 -0.12875 -0.12875 -0.49481928 -0.495 -0.495 -0.495 -0.495 -0.07000002 -0.07 -0.07 -0.07 -0.53624804 -0.28125 -0.28125 -0.28125 -0.345 -0.345 -0.345 -0.5575 -0.5575 -0.5575
-0.1825 -0.1825 -0.22375 -0.22375 -0.22375 -0.12178876 -0.12125 -0.1275 -0.1275 -0.1275 -0.35122246 -0.35125 -0.0039719925 0.25374996 0.25375 0.25375 0.25375 0.0775 0.0775 0.0775 -0.32749999 -0.32749954 0.29124699 0.29125 0.29073423 -0.4325 -0.4325 -0.43249927 -0.12504969 -0.17874004 -0.17874973 -0.17874127 -0.12883546 -0.12879315 -0.42980202 -0.49499991 -0.4942376 -0.2675 -0.2675 -0.07 -0.07 -0.07 -0.07 -0.28125 -0.28125 -0.28125 -0.28125 -0.345 -0.345 -0.345 -0.5575 -0.5575 -0.5575
-0.1825 -0.1825 -0.22375 -0.22375 -0.22375 -0.22375 -0.12358919 -0.1275 -0.1275 -0.1275 -0.12738883 0.07375 0.07375 0.07375 0.25268922 0.25375 0.078674486 0.0775 0.0775 0.0775 -0.3275 -0.3275 -0.3275 -0.3275 -0.4325 -0.4325 -0.4325 -0.4325 -0.4325 -0.17875 -0.17875 -0.17875 -0.17875 -0.17875034 -0.33875 -0.2675 -0.2675 -0.2675 -0.2675 -0.26749963 -0.1825 -0.1825 -0.1825 -0.26425932 -0.43375 -0.43375 -0.43375 -0.345 -0.34500009 -0.44125 -0.44125 -0.34755109 -0.3475
-0.1825 -0.1825 -0.20886165 -0.22375 -0.22375 -0.22375 -0.045146398 -0.12724001 -0.1275 -0.1275 0.073750033 0.07375 0.07375 0.07375 0.07375 0.088504578 0.0775 0.0775 0.0775 0.0775 -0.32749687 -0.3275 -0.3275 -0.3275 -0.4325 -0.4325 -0.4325 -0.4325 -0.4325 -0.31453324 -0.17875 -0.17875 -0.17875 -0.33875 -0.33875 -0.33869467 -0.2675 -0.2675 -0.10288728 0.024999974 -0.1825 -0.1825 -0.1825 -0.26091533 -0.43375 -0.43375 -0.43375 0.235 -0.43282399 -0.44125 -0.44125 -0.3475 -0.3475
-0.0525 -0.0525 -0.0525 -0.18081292 -0.22326469 -0.045 -0.045 -0.045 -0.045 0.23 0.23 0.073750011 0.07375 0.07375 0.07375 0.073750247 0.0775 0.0775 0.0775 0.0775 -0.15077114 -0.3275 -0.3275 -0.33430431 -0.58059802 -0.4325 -0.4325 -0.4325 -0.3625 -0.3625 -0.3625 -0.36249923 -0.33875 -0.33875 -0.33875 -0.33875 0.025 0.025 0.025 0.025 -0.02125 -0.02125 -0.02125 0.2174952 0.2175 0.2175 0.21749979 0.235 0.235 -0.44042603 -0.44125 -0.34749531 -0.3475
-0.0525 -0.0525 -0.0525 -0.052491317 0.10875 0.086392224 -0.045 -0.045 -0.045 0.23 0.23 0.23 0.31749999 0.3175 0.3175 0.31749999 0.077147374 0.0775 0.0775 0.0775 0.071344566 -0.58749929 -0.5875 -0.5875 -0.5875 -0.5875 -0.68125 -0.68125 -0.3625 -0.3625 -0.3625 -0.3625 -0.33874961 -0.33875 -0.33875 -0.33870642 0.02499999 0.025 0.025 0.023486544 -0.02125 -0.02125 -0.02125 0.21748893 0.2175 0.2175 0.2175 0.235 0.235 0.23500005 0.5825 0.5825 0.66875
-0.0525 -0.0525 -0.0525 0.10874963 0.10875 0.10875 -0.044999942 -0.045 -0.045 0.23 0.23 0.23 0.3175 0.3175 0.3175 0.28456099 -0.115 -0.115 -0.1149995 0.076412704 -0.5875 -0.5875 -0.5875 -0.5875 -0.5875 -0.58757055 -0.68125 -0.68125 -0.68125 -0.3625 -0.3625 -0.3626931 0.19625 0.19625 0.19625 -0.425 -0.425 -0.32 -0.32 -0.32 -0.15125 -0.021290777 -0.021248545 0.17375 0.17375 0.17540808 0.21749991 0.235 0.235 0.5825 0.5825 0.5825 0.66875
-0.0525 -0.0525 -0.0525 0.10875 0.10875 0.10875 0.10875 -0.045 -0.045 0.23 0.23 0.31400126 0.3175 0.3175 0.3175 -0.115 -0.115 -0.115 -0.115 -0.115 -0.5875 -0.5875 -0.5875 -0.5875 -0.5875 -0.68124968 -0.68125 -0.68125 -0.68125 -0.6625 -0.6625 -0.6625 0.19625 0.19625 0.19625 -0.425 -0.425 -0.32 -0.32 -0.15125 -0.15125 -0.15125 0.17375 0.17375 0.17375 0.17375 0.19130899 0.3875 0.3875 0.3875 0.5825 0.605 0.605
-0.0525 -0.0525 -0.052275452 0.10875 0.10875 0.10875 0.10875 0.27535206 0.28375 0.28365772 0.23 0.31748252 0.3175 0.3175 0.3174985 -0.115 -0.115 -0.115 -0.115 -0.115 -0.2937781 -0.5875 -0.5875 -0.5875 -0.58740963 -0.68122004 -0.68125 -0.68125 -0.68125 -0.6625 -0.6625 -0.6625 -0.66237085 0.19625 -0.425 -0.425 -0.425 -0.4249954 -0.31998849 -0.15125 -0.15125 -0.15125 0.17373027 0.17375 0.17375 0.17375 0.38749907 0.3875 0.3875 0.3875 0.605 0.605 0.605
-0.28 -0.2799996 0.10865147 0.10875 0.10875 0.10875 0.28371276 0.28375 0.28375 0.28375 0.10875 0.10875 0.10875 0.10875 -0.11396727 -0.115 -0.115 -0.115 -0.115 -0.2812499 -0.28125 -0.28125 -0.14875007 -0.14875 -0.14875 -0.14875 -0.1947116 -0.68125 -0.028776724 -0.02875 -0.02875 -0.02875 -0.02875 -0.037500001 -0.0375 -0.0375 -0.0375 -0.0375 0.43125 0.43125 0.43125 0.43125 0.43125 0.29606534 0.29625 0.29625 0.29625 0.3875 0.3875 0.3875 0.60496573 0.605 0.605
-0.28 -0.28 -0.27465196 0.3587495 0.35874994 0.35867671 0.28375 0.28375 0.28375 0.28375 0.10875 0.10875 0.10875 0.10875 0.10875 -0.115 -0.115 -0.115 -0.28124996 -0.28125 -0.28125 -0.28125 -0.14875 -0.14875 -0.14875 -0.14875 -0.14875 -0.14886256 -0.028782341 -0.02875 -0.02875 -0.02875 -0.028762992 -0.10340231 -0.037568239 -0.0375 -0.0375 -0.037500002 0.43125 0.43125 0.43125 0.43125 0.43125 0.29625 0.29625 0.29625 0.29625 0.33892028 0.3875 -0.022869874 -0.0275 0.10125 0.10125
-0.28 -0.28 0.35866909 0.35875 0.35875 0.35875 0.33970032 0.28375 0.28375 0.28375 0.10875 0.10875 0.10875 0.10875 0.10875 -0.11483182 -0.115 -0.28120126 -0.28125 -0.28125 -0.28125 -0.28125 -0.19783548 -0.14875 -0.14875 -0.14875 -0.14875 -0.14872447 -0.1125 -0.1125 -0.1125 -0.1125 -0.1125 -0.15375 -0.15375 -0.15375 -0.15375 -0.15375 0.2075 0.2075 0.2075 0.2075 0.2075 0.29651553 0.29625006 0.29625 0.29626843 0.29842147 -0.0275 -0.0275 -0.0275 0.10124928 0.10125
-0.28000001 -0.28612815 0.35874991 0.35875 0.35875 0.35875 0.35875 0.28378193 0.28375 0.28375 0.10875 0.10875 0.10875 0.10875 -0.32025477 -0.33 -0.33 -0.28125125 -0.28125 -0.28125 -0.28125 -0.28125 -0.28124999 -0.14875 -0.14875 -0.14875 -0.14875 -0.49249963 -0.49249982 -0.41162677 -0.1125 -0.1125 -0.1125 -0.15375 -0.15375 -0.15375 -0.15375 -0.15391593 0.2075 0.2075 0.2075 0.2075 0.20748985 0.405 0.405 0.405 0.405 0.40496512 -0.0275 -0.0275 -0.0275 -0.027499746 0.38328427
-0.28625 -0.28625 -0.12445889 0.35875 0.35875 0.35875 0.35875 0.35875 0.28378146 0.071250003 0.07125 0.07125 0.071338995 -0.32999937 -0.33 -0.33 -0.33 -0.33 -0.28125007 -0.28189108 -0.2875 -0.2875 -0.2875 -0.25245424 -0.15345214 -0.17861238 -0.20000552 -0.4925 -0.4925 -0.4925 -0.4925 -0.4925 -0.47524136 -0.39637903 -0.39875 -0.39875 -0.39875 -0.39875 0.18260934 0.075000238 0.075 0.075 0.075 0.2000006 0.40499995 0.405 0.405 0.13 -0.027497477 -0.0275 -0.0275 0.3875 0.3875
