interpolatedSpi/05-10|22_2.tif
NCOLS 53
NROWS 52
XLLCORNER -116.03883
YLLCORNER 28.596182
DX 0.49850594
DY 0.49788537
NODATA_VALUE -9999
[rows 0 to 28 of 52, columns 0 to 52 of 53]
-0.52333333 -0.52333333 -0.87462393 -1.015 -0.78166667 -0.49166667 -0.72666667 -0.895 -1.0052547 -0.73833333 -0.94833333 -0.42666667 -0.69500014 -0.69666667 -0.62833333 -0.62833333 -0.62833333 0.021666667 -0.20333333 -0.20333333 -0.20333333 -0.20333783 -0.66999999 0.093333333 0.093333333 0.093333333 -0.24999997 -0.25 -0.25 -0.435 -0.435 -0.435 -0.435 0.12166656 0.12166667 0.12166667 0.12166667 0.12166667 0.12166667 0.12166668 0.78452716 0.79148929 0.095 0.095 0.095 0.095 0.095337557 0.30166667 0.30166667 0.30166667 0.21666684 0.21666667 0.21666667
-0.52335807 -1.08 -0.83666666 -0.78480944 -0.6218687 -0.82833333 -0.98166667 -0.48885007 -0.70333333 -0.85333333 -0.64666667 -0.695 -0.695 -0.1435173 -0.69665936 -0.62833333 0.021666667 0.021666667 -0.20303996 -0.20333333 -0.20333333 -0.20333333 0.081489988 0.093333333 0.093333333 0.093333333 -0.41499997 -0.415 -0.435 -0.435 -0.435 -0.435 -0.435 0.12166659 0.12166667 0.12166667 0.12166667 0.12166667 0.12166669 0.24030787 0.87160477 0.18924201 0.095 0.095 0.095 0.095 0.095 0.30166667 0.30166667 0.30166667 0.29461839 0.21666667 0.21666667
-0.65497957 -0.655 -0.83 -0.47 -0.62 -0.70833333 -0.61 -0.55666667 -1.1716667 -0.54333333 -0.81333333 -0.59 -0.85166667 0.18166667 -0.14166667 -0.43 0.021666667 0.021666667 0.021666667 -0.068372578 -0.068333333 -0.068333333 -0.13166667 0.093333333 0.093333333 0.093333333 -0.415 -0.415 -0.415 -0.435 -0.435 -0.43499999 -0.35235966 0.12187203 0.12414876 0.38588974 0.38833333 0.38833333 0.44912393 0.87166666 0.87166667 0.8706735 0.095 0.095 0.095 0.095 0.095 0.30166667 0.30166667 0.30166667 0.30166667 0.21666667 0.21666667
-0.62833333 -0.65499994 -0.36504672 0.076666667 -0.96333333 -0.40333333 -0.53833333 -0.815 -0.73 -0.30904725 -0.39666667 -0.22333333 -0.34 0.18166667 -0.83333333 -0.43 -0.94105976 -0.9443227 -1.1733333 -0.068333333 -0.068333333 -0.60166667 -0.13166667 -0.13166667 0.093333333 0.093330794 -0.415 -0.415 -0.415 -0.59333333 -0.41226968 -0.26333333 -0.26333333 -0.26333282 0.38833333 0.38833333 0.38833333 0.38833333 0.87166667 0.87166667 0.87166667 0.87166664 0.095 0.095 0.095 0.095 0.095 0.30166406 0.30166667 0.30166667 0.30166667 0.21666269 0.21666667
-0.62833333 0.13499908 -0.365 -0.30745742 -0.96333333 -0.815 -0.52666686 0.295 -0.47166667 0.2899997 -0.10081474 -0.28669102 -0.45666667 -0.83333333 -0.83333333 -0.57155506 -0.945 -0.945 -1.1733333 -1.1733333 -0.068334441 -0.60166667 0.48333333 -0.11166667 -0.215 -0.21478411 -0.415 -0.415 -0.59333333 -0.59333333 -0.26333333 -0.26333333 -0.26333333 -0.1753323 0.38833333 0.38833333 0.38833333 0.87166667 0.87166667 0.87166667 0.87166667 0.87161036 0.095000003 0.095 0.095 0.095 0.095 0.096839589 0.30166667 0.3016574 0.095 0.095 0.095
-2.065 -0.47166667 -0.56500001 -0.48333333 -0.69166667 -0.57333333 -0.60833333 -0.4926808 -0.20666667 -0.79 -1.0983333 -0.465 -0.46499999 -0.55166667 -0.55166667 -0.76164011 -0.76166667 -0.825 -0.825 -1.1733327 -1.015 -1.015 -0.11166667 -0.215 -0.215 0.70833333 0.28333333 0.28333333 0.26825458 -0.59333333 -0.26333333 -0.26333333 0.20333333 0.2034218 1.0499393 0.95166667 0.95166667 0.89641649 0.87166667 0.87166667 0.28906088 0.28833334 0.28833593 0.058980601 0.058337386 0.058333343 0.058333335 0.058333349 0.20039409 0.095 0.095 0.095 0.095
-1.4316738 -0.63 -0.21807441 -0.26 -0.51 -0.81833333 -0.29 -0.07 -0.18333333 -0.18333333 -1.0983333 -0.58666667 -1.1166666 -0.55166667 -0.65166637 -0.65166667 -0.76166667 -0.59333333 -0.50833333 -0.50833333 -0.87126421 -0.71 -0.71 0.52666666 0.70833333 0.70833333 0.28333333 0.28333333 0.26831109 0.26792384 0.53133887 0.20333333 0.20333333 1.05 1.05 1.0124848 0.95166667 0.95166667 0.83167083 0.28833409 0.28833333 0.28833333 0.28834762 0.05833561 0.058333333 0.058333333 0.058333333 0.058333427 0.215 0.095023781 0.095 0.095 0.095
-1.4316667 -0.093333333 0.14333333 -0.94166667 -0.63835072 -0.64666667 -0.565 -0.010000008 -0.6 -0.31 -0.31 -0.69166667 -1.1166667 -1.1166667 -0.654857 -1.1009734 -1.145 -0.36666667 -0.82999967 -0.50833333 -0.098785863 -0.051666667 -0.53666667 0.17833333 0.17833153 0.038333333 0.095 0.095000067 -0.11199592 -0.11333332 0.53333333 0.22039808 0.59166667 1.05 1.0458169 1.0633333 1.0633333 0.83166667 0.83166667 0.28833333 0.28833333 0.28833336 0.46796388 0.46666665 0.058333333 0.058333333 0.058333333 0.21499404 0.215 0.215 0.095 0.095 0.095
-0.26300188 -0.093333336 0.21833333 -0.22333333 -0.27833333 -0.29833333 -0.27666667 0.24166667 -0.165 -0.2753122 -0.35833333 -0.61666666 -0.61666667 0.12666667 0.12665997 -1.2048328 -1.205 -1.205 -0.43739522 -0.40166671 -0.60666667 -0.60666666 0.086666667 -0.29102124 0.052441637 0.038333333 0.10666667 0.095 0.23750042 0.23833333 0.11666667 1.0766667 0.62002021 0.40666667 0.90333333 0.95 1.115 0.475 1.3296052 0.29316165 1.37 0.695 0.46672256 0.46666667 0.46436835 0.058333333 0.6233333 0.215 0.215 0.215 0.215 0.060760454 -0.13333333
-1.2116667 -1.2116667 0.29333333 -0.026666667 -0.30333333 0.13333333 -0.19833333 -0.081666667 -0.265 -0.30333498 -0.056666667 0.175 0.12666667 0.12666667 -0.585 -0.59350358 -1.205 -1.2048129 -0.37333333 -0.40166667 -0.40166667 -0.42807755 0.086666667 0.15666534 0.15666667 0.15666667 0.10666667 0.72 0.72 0.23833333 0.23833333 1.0749471 0.17 0.40666667 0.515 0.95 1.115 1.2633333 1.33 0.34456729 0.69500003 0.73724403 0.81 0.46666667 0.46666667 0.62333333 0.62333333 0.62333333 0.215 0.215 -0.18 -0.18 -0.17999998
-1.2116667 -1.2116667 -0.25666667 -0.44 -0.39666667 -0.19 -0.23833333 0.043454508 0.27166667 0.018333333 -0.16333333 -0.33833333 0.17431653 -0.585 -0.585 -0.58498693 -0.47166667 -0.46650567 -0.37333333 -0.43333333 -0.43333333 -0.43166667 -0.43166667 0.15666667 0.15666667 0.15666667 0.72 0.72 0.72 -0.46166667 -0.46166667 -0.46166563 0.21666667 0.21666667 0.24333333 -0.19333333 0.87333333 0.73500136 0.84333333 0.32833333 0.32833333 0.25833515 0.81 0.46666667 0.46999973 0.10666667 0.47895781 0.47833333 0.56833333 0.56833333 -0.18 -0.18 -0.18
-1.2116667 -0.79930442 -0.33490154 -0.44499231 0.33666667 -0.135 -0.23833333 0.043333333 0.27166476 0.021139959 -0.33833287 -0.33833333 -0.37333333 -0.585 -0.585 -0.47166667 -0.47166667 -0.47166107 -0.37333333 -0.43333333 -0.43300603 -0.43166667 -0.43166667 0.1566432 0.15666667 0.14844868 0.13166667 0.13166667 0.13166674 -0.46166667 -0.46166667 -0.265 -0.265 0.21666674 0.24333333 0.26500004 0.8768072 0.735 0.735 0.32833333 0.25833333 0.25833333 0.25833495 0.47 0.47 0.10666667 0.47833333 0.47833333 0.56833333 0.56833333 -0.18 -0.18 -0.18
0.165 0.017416599 0.043315543 0.039805698 0.33666406 -0.13498886 -0.23833333 0.039866185 0.25593216 0.26505146 -0.37333333 -0.37333333 -0.37333333 -0.37333333 -0.58497002 -0.47166667 -0.47166667 -0.47039703 -0.37333333 -0.43326593 -0.20166667 -0.20166667 -0.20166667 -0.20166667 0.15058504 0.13166667 0.13166667 0.13166667 0.13166667 0.13122975 -0.265 -0.265 -0.265 -0.265 0.265 0.265 0.265 0.71252477 0.72920437 -0.036666667 -0.036666667 0.25831747 0.070013693 0.46996147 0.47 0.10666667 0.47833333 0.47833333 0.56833333 0.56833333 -0.17728513 -0.18 0.051178995
0.165 0.043333333 0.043333333 0.043333333 0.043333333 0.043333261 -0.23806876 -0.10502951 0.21395393 -0.37264496 -0.37333333 -0.37333333 -0.37333333 -0.37333333 -0.37333299 -0.47166667 -0.47166665 -0.46492167 -0.37333415 -0.20166667 -0.20166667 -0.20166667 -0.20166667 -0.20166667 -0.19892728 -0.080823281 -0.1966666 -0.19666667 -0.19666667 -0.19666667 -0.265 -0.265 -0.26500019 -0.425 -0.425 0.265 -0.10767349 -0.11833333 -0.036666714 -0.036666667 -0.036666667 -0.036666667 0.07 0.07 0.07 0.070255167 0.47328867 0.47333333 0.47333333 0.47333333 0.47333333 0.39999988 0.4
0.59 0.043333333 0.043333333 0.043333333 0.043333333 0.043333333 0.043333316 -0.11245757 0.11039185 0.11 0.11 0.11 0.11 0.11 0.11 0.25852352 -0.46002028 -0.45820139 -0.20168828 -0.20166667 -0.20166667 -0.20166667 -0.20166667 -0.20166622 -0.075 -0.075 -0.075000171 -0.19666667 -0.19666667 -0.19698372 -0.355 -0.355 -0.425 -0.425 -0.425 -0.16745804 -0.11833333 -0.11833333 -0.11833333 -0.036666667 -0.036666667 -0.036666667 0.07 0.07 0.07 0.07 0.47333332 0.47333333 0.47333333 0.47333333 0.47333333 0.4 0.4
0.59 0.38648221 0.043333333 0.043333333 0.043333333 0.043333333 0.035001636 0.035 0.035000002 0.11 0.11 0.11 0.11 0.11 0.14345873 0.26166667 0.26166667 0.26166667 0.18216118 0.18333294 0.18333333 0.18333333 0.18333333 0.18333333 -0.075 -0.075 -0.075 -0.075 -0.19666667 -0.355 -0.355 -0.355 -0.42499999 -0.425 -0.425 -0.22666667 -0.11847677 -0.11833333 -0.11833333 -0.036722617 -0.14835706 -0.40888419 0.07 0.07 -0.30051968 -0.30166667 -0.30166667 0.47148551 -0.64607446 -0.6499999 -0.64999979 -0.46486912 0.39999824
0.59 0.14073248 0.086347246 0.043333333 0.043333333 0.035004924 0.035 0.035 0.035 0.035540471 0.11 0.11 0.11 0.11000002 0.26166667 0.26166667 0.26166667 0.26166667 0.18340331 0.18333333 0.18333333 0.18333333 0.18333333 0.18333333 -0.074999994 -0.075 -0.075 -0.075 -0.076018458 -0.355 -0.355 -0.355 -0.11166667 -0.42497226 -0.22666667 -0.22666667 -0.22666667 -0.22775786 -0.39153318 -0.41 -0.41 -0.41 -0.57833333 -0.57833333 -0.30166667 -0.30166667 -0.30166667 -0.65 -0.65 -0.65 -0.65 -0.465 -0.465
0.12866206 0.12833333 0.12833333 0.12833333 -0.24666667 0.034992734 0.035 0.035 0.035 0.035 0.16640257 0.11000971 0.11000002 0.26166667 0.26166667 0.26166667 0.26166667 0.26166667 0.24647734 0.18333333 0.18333333 0.18333333 0.18333333 0.18333333 -0.12554132 -0.42666476 -0.42666667 -0.42666667 -0.42666667 -0.35499999 -0.11166667 -0.11166667 -0.11166667 -0.11166667 -0.22666667 -0.2266693 -0.32666667 -0.32666667 -0.40895946 -0.41 -0.41 -0.41 -0.57833333 -0.57833333 -0.34450419 -0.30166667 -0.30166667 -0.65 -0.65 -0.65 -0.64801632 -0.465 -0.465
0.12833333 0.12833333 0.12833333 -0.048259761 -0.24666667 -0.24666667 0.035 0.035 0.035 0.035 0.855 0.855 0.855 0.26166667 0.26166667 0.26166667 0.26166667 0.26165097 0.11833333 0.11833333 0.18333331 0.18333333 0.17753092 -0.055 -0.058345953 -0.42666667 -0.42666667 -0.42666667 -0.42666667 -0.11169874 -0.11166667 -0.11166667 -0.11166667 -0.11166667 -0.32666632 -0.32666667 -0.32666667 -0.32666667 -0.32696014 -0.41 -0.41 -0.41 -0.57833333 -0.57833333 -0.57833333 -0.30166667 -0.30166667 -0.64999999 -0.65 -0.65 -0.465 -0.465 -0.465
0.12833333 0.12833333 0.12833333 -0.24666667 -0.24666667 -0.24666667 -0.24666624 0.035 0.035 0.85415352 0.855 0.855 0.855 0.85463032 0.18477154 0.16666667 0.16666667 0.16666667 0.11833333 0.11833333 0.11833333 -0.055 -0.055 -0.055 -0.055066764 -0.35673009 -0.42666667 -0.42666667 -0.42666667 -0.21516294 -0.22998836 -0.23 -0.23 -0.23 -0.32930754 -0.33333332 -0.33333333 -0.33333333 -0.33333333 -0.77828293 -0.77833333 -0.77833333 -0.57833333 -0.57833333 -0.64499972 -0.64499983 -0.17333333 -0.17333333 -0.31 -0.31 -0.31 -0.465 0.066191292
0.12833288 0.12833333 0.12833332 -0.24666667 -0.24666667 -0.24666667 -0.24666667 -0.11833329 0.034386913 0.85448616 0.855 0.855 0.855 0.8536493 0.16666667 0.16666667 0.16666667 0.16666665 0.11833333 0.11833333 0.11833333 -0.055 -0.055 -0.055 -0.29333333 -0.29333333 -0.39166667 -0.39166667 -0.39166667 -0.39078472 -0.23 -0.23 -0.23 -0.23 -0.28163836 -0.33333333 -0.33333333 -0.33333333 -0.33333333 -0.77833333 -0.77833333 -0.77833333 -0.77413816 -0.645 -0.645 -0.645 -0.17333333 -0.17333333 -0.31 -0.31 -0.31 0.066666654 0.066666667
-0.018333333 0.044045476 -0.10166667 -0.10170873 -0.24666667 -0.11907587 -0.11833333 -0.11833333 -0.078251684 0.28833333 0.28833333 0.28833333 0.28833333 0.22833529 0.22833333 0.16666671 0.16666667 0.16539315 0.11833333 0.11833333 0.11833333 -0.34666667 -0.34666667 -0.34666667 -0.29333333 -0.29333333 -0.39166667 -0.39166667 -0.39166667 -0.39166678 -0.54166469 -0.54166579 -0.23783327 -0.23033413 -0.75273461 -0.75333333 -0.75333333 -0.75333333 -0.75333333 -0.77833333 -0.77833333 -0.77833333 -0.65234182 -0.645 -0.645 -0.64499997 -0.17333333 -0.17333333 -0.17333825 -0.31 -0.30999501 -0.19833333 0.066666667
-0.15497405 -0.15499999 -0.10166667 -0.10166667 -0.10166667 -0.11833333 -0.11833333 -0.11833333 -0.0083333333 -0.0083333333 0.28833333 0.28833333 0.28833333 0.22833333 0.22833333 0.22833333 0.22833333 0.22832089 0.11833333 0.11833333 0.11833332 -0.34666667 -0.34666667 -0.34666667 -0.29333333 -0.29333333 -0.39166667 -0.39166667 -0.39166667 -0.53997541 -0.54166667 -0.54166667 -0.54166667 -0.54166667 -0.75322889 -0.75333333 -0.75333333 -0.75333333 -0.75333333 -0.87666664 -0.87666667 -0.87666667 -0.87666667 -0.64499886 -0.49666667 -0.49666667 -0.49666667 -0.22666667 -0.22666667 -0.22666667 -0.19833333 -0.19833333 -0.19833333
-0.155 -0.155 -0.10166667 -0.10166667 -0.10166667 -0.11824573 -0.11833333 -0.0083333333 -0.0083333333 -0.0083333333 0.28829681 0.28833333 0.070433407 0.22833329 0.22833333 0.22833333 0.22833333 -0.051666666 -0.051666667 -0.051666667 -0.66999999 -0.66999976 -0.34666824 -0.34666667 -0.34691847 -0.79666667 -0.79666667 -0.7966657 -0.39173212 -0.92325727 -0.9233313 -0.9232667 -0.54231897 -0.54199604 -0.71588228 -0.75333345 -0.75435546 -1.0583333 -1.0583333 -0.87666667 -0.87666667 -0.87666667 -0.87666667 -0.49666667 -0.49666667 -0.49666667 -0.49666667 -0.22666667 -0.22666667 -0.22666667 -0.19833333 -0.19833333 -0.19833333
-0.155 -0.155 -0.10166667 -0.10166667 -0.10166667 -0.10166667 -0.077163547 -0.0083333333 -0.0083333333 -0.0083333333 -0.0083167614 0.021666667 0.021666667 0.021666667 0.2271154 0.22833333 -0.049800816 -0.051666667 -0.051666667 -0.051666667 -0.67 -0.67 -0.67 -0.67 -0.79666667 -0.79666667 -0.79666667 -0.79666667 -0.79666667 -0.92333333 -0.92333333 -0.92333333 -0.92333333 -0.92333298 -0.755 -1.0583333 -1.0583333 -1.0583333 -1.0583333 -1.0583323 -0.76 -0.76 -0.76 -0.69383209 -0.55666667 -0.55666667 -0.55666667 -0.22666668 -0.22666683 -0.395 -0.395 0.1182563 0.11833333
-0.155 -0.155 -0.12091625 -0.10166667 -0.10166667 -0.10166667 -0.084863954 -0.0085749443 -0.0083333334 -0.0083333332 0.021666684 0.021666667 0.021666667 0.021666667 0.021666667 0.038595559 -0.051666667 -0.051666667 -0.051666667 -0.051666667 -0.66999522 -0.67 -0.67 -0.67 -0.79666667 -0.79666667 -0.79666667 -0.79666667 -0.79666667 -1.0526507 -0.92333333 -0.92333333 -0.92333333 -0.755 -0.755 -0.75523555 -1.0583333 -1.0583333 -0.96172302 -0.88666668 -0.76 -0.76 -0.76 -0.69556514 -0.55666667 -0.55666667 -0.55666667 -0.88166667 -0.40106382 -0.395 -0.395 0.11833333 0.11833333
-0.19333333 -0.19333333 -0.19333333 -0.12465002 -0.10175314 -0.085 -0.085 -0.085 -0.085 0.105 0.105 0.021666673 0.021666667 0.021666667 0.021666667 0.021662011 -0.051666667 -0.051666667 -0.051666667 -0.051666667 -0.40017939 -0.67 -0.67 -0.66480953 -0.48613855 -0.79666667 -0.79666667 -0.79666667 -1.0983333 -1.0983333 -1.0983333 -1.0983326 -0.755 -0.755 -0.755 -0.755 -0.88666667 -0.88666667 -0.88666667 -0.88666667 -0.80166667 -0.80166667 -0.80166667 -0.8083332 -0.80833333 -0.80833333 -0.80833325 -0.88166667 -0.88166667 -0.39559298 -0.395 0.11833143 0.11833333
-0.19333333 -0.19333333 -0.19333333 -0.19333163 -0.16166667 -0.15051807 -0.085 -0.085 -0.085 0.105 0.105 0.105 -0.17833332 -0.17833333 -0.17833333 -0.17833332 -0.051205658 -0.051666667 -0.051666667 -0.051666667 -0.061031971 -0.47166721 -0.47166667 -0.47166667 -0.47166667 -0.47166668 -0.77666667 -0.77666667 -1.0983333 -1.0983333 -1.0983333 -1.0983333 -0.7549999 -0.755 -0.755 -0.75498928 -0.88666666 -0.88666667 -0.88666667 -0.88556265 -0.80166667 -0.80166667 -0.80166667 -0.80833302 -0.80833333 -0.80833333 -0.80833333 -0.88166667 -0.88166667 -0.88166658 -0.26 -0.26 -0.27333333
-0.19333333 -0.19333333 -0.19333333 -0.16166674 -0.16166667 -0.16166667 -0.085000029 -0.085 -0.085 0.105 0.105 0.105 -0.17833333 -0.17833333 -0.17833333 -0.14951964 0.2 0.2 0.19999935 -0.050245191 -0.47166667 -0.47166667 -0.47166667 -0.47166667 -0.47166667 -0.4718962 -0.77666667 -0.77666667 -0.77666667 -1.0983333 -1.0983333 -1.0981949 -0.62333333 -0.62333333 -0.62333333 -0.38166667 -0.38166667 -0.635 -0.635 -0.635 -0.3 -0.80150931 -0.80166567 -0.66833333 -0.66833333 -0.67363917 -0.80833309 -0.88166667 -0.88166667 -0.26 -0.26 -0.26 -0.27333333
