interpolatedSpi/05-10|23_1.tif
NCOLS 53
NROWS 52
XLLCORNER -116.03883
YLLCORNER 28.596182
DX 0.49850594
DY 0.49788537
NODATA_VALUE -9999
[rows 0 to 29 of 52, columns 0 to 52 of 53]
-0.05 -0.05 0.072903135 0.28166667 0.10333333 0.035 -0.021666667 0.015 -0.49908507 -0.645 -0.29333333 -0.31666667 -0.62996377 -0.19 0.0083333333 0.0083333333 0.0083333333 -0.525 -0.05 -0.05 -0.05 -0.05 -0.050000003 -0.30833333 -0.30833333 -0.30833333 -0.93000231 -0.93 -0.93 -1.105 -1.105 -1.105 -1.105 -0.77166673 -0.77166667 -0.77166667 -0.77166667 -0.77166667 -0.77166667 -0.77166665 -0.036254254 -0.02840216 -0.29833333 -0.29833333 -0.29833333 -0.29833333 -0.29828161 -0.26666667 -0.26666667 -0.26666667 -0.4099997 -0.41 -0.41
-0.050006665 -0.2 0.12999979 0.11396168 0.058212112 -0.17333333 -0.17166667 -0.31495534 -0.49 -0.37333333 -0.52833333 -0.63 -0.63 -0.37438312 -0.19000048 0.0083333333 -0.525 -0.525 -0.050619336 -0.05 -0.05 -0.05 -0.33052864 -0.30833333 -0.30833333 -0.30833333 -0.17166668 -0.17166667 -1.105 -1.105 -1.105 -1.105 -1.105 -0.77166672 -0.77166667 -0.77166667 -0.77166667 -0.77166667 -0.77166664 -0.63518315 0.091595085 -0.25101034 -0.29833333 -0.29833333 -0.29833333 -0.29833333 -0.29833333 -0.26666667 -0.26666667 -0.26666667 -0.278552 -0.41 -0.41
0.53331805 0.53333333 -0.053333333 0.023333333 -0.22833333 0.28333333 0.03 0.075 -0.31833333 -0.445 -0.53166667 -0.46666667 -0.74333333 -1.0033333 -0.375 -0.54666667 -0.525 -0.525 -0.525 -0.13997384 -0.14 -0.14 -0.73 -0.30833333 -0.30833333 -0.30833333 -0.17166667 -0.17166667 -0.17166667 -1.105 -1.105 -1.105 -0.86831163 -0.7709284 -0.76885879 -0.47276431 -0.47 -0.47 -0.39935714 0.091666663 0.091666666 0.091167954 -0.29833333 -0.29833333 -0.29833333 -0.29833333 -0.29833333 -0.26666667 -0.26666667 -0.26666667 -0.26666667 -0.41 -0.41
0.56166667 0.53333326 0.18988077 0.10833333 -0.42833333 -0.27333333 -0.22 -0.57666667 -0.125 -0.5286966 -0.56166667 -0.655 -0.73666667 -1.0033333 -0.65166667 -0.54666667 -0.4408161 -0.44005956 -0.21833333 -0.14 -0.14 -0.48333333 -0.73 -0.73 -0.30833333 -0.30833265 -0.17166667 -0.17166667 -0.17166667 -0.68666667 -0.6464303 -0.61333333 -0.61333333 -0.61333322 -0.47 -0.47 -0.47 -0.47 0.091666667 0.091666667 0.091666667 0.091666652 -0.29833333 -0.29833333 -0.29833333 -0.29833333 -0.29833333 -0.26666707 -0.26666667 -0.26666667 -0.26666667 -0.41002755 -0.41
0.56166667 -0.061666205 0.19 -0.27020756 -0.42833333 -0.44333333 -0.60832636 -0.845 -0.90333333 -0.57000011 -0.66056311 -0.69824715 -0.096666667 -0.65166667 -0.65166667 -0.57973548 -0.44 -0.44 -0.21833333 -0.21833333 -0.14000068 -0.48333333 -0.28666667 -0.17166667 -0.39666667 -0.39663855 -0.17166667 -0.17166667 -0.68666667 -0.68666667 -0.61333333 -0.61333333 -0.61333333 -0.54198985 -0.47 -0.47 -0.47 0.091666667 0.091666667 0.091666667 0.091666667 0.091601831 -0.29833334 -0.29833333 -0.29833333 -0.29833333 -0.29833333 -0.29805146 -0.26666667 -0.26671091 -1.2533333 -1.2533333 -1.2533333
-0.895 -0.38166667 -0.17999999 -0.048333333 -0.13166667 -0.485 -0.72166667 -0.73745687 -0.84666667 -1.0283333 -1.0466667 -0.57666667 -0.57666635 -0.79333333 -0.79333333 -0.27995936 -0.28 -0.735 -0.735 -0.21833349 -0.46833333 -0.46833333 -0.17166667 -0.39666667 -0.39666667 -0.27666667 -0.575 -0.575 -0.40002641 -0.68666667 -0.61333333 -0.61333333 -0.235 -0.23502351 -0.45998378 -0.01 -0.01 0.060213762 0.091666667 0.091666667 -0.57916229 -0.58 -0.57999913 -0.48661656 -0.48997882 -0.48999995 -0.48999999 -0.48999993 -1.0130293 -1.2533333 -1.2533333 -1.2533333 -1.2533333
-0.11332825 -0.51166667 0.10118807 -0.26666667 -0.24333333 -0.705 -0.38333334 -0.75666667 -1.1383333 -1.1383333 -1.0466667 -0.92333333 -0.80333326 -0.79333333 -0.11166871 -0.11166667 -0.28 -0.11333333 -0.395 -0.395 -0.31909945 -0.15166667 -0.15166667 -0.285 -0.27666667 -0.27666667 -0.575 -0.575 -0.40001661 -0.40030578 -0.19318825 -0.235 -0.235 -0.46 -0.46 -0.31136749 -0.01 -0.01 -0.31332282 -0.57999963 -0.58 -0.58 -0.57999544 -0.49000082 -0.49 -0.49 -0.49 -0.4900003 -0.99833333 -1.2532828 -1.2533333 -1.2533333 -1.2533333
-0.11333333 -0.48333333 -0.035 -0.48833333 -0.25667995 -0.69833333 -1.05 -0.84333333 -1.0216667 -1.1466667 -1.1466667 -0.49833333 -0.80333333 -0.80333333 -0.11641214 -0.33783798 -0.36 -0.14 -0.53833319 -0.395 -0.26005935 -0.21166667 -0.385 -0.086666668 -0.086674513 -0.695 -0.28 -0.2800001 -0.68400132 -0.68499999 -0.19166667 -0.48779563 -0.40833333 -0.46 -0.45966725 -0.56333333 -0.56333333 -0.31333333 -0.31333333 -0.58 -0.58 -0.57999999 -0.63425186 -0.63666666 -0.49 -0.49 -0.49 -0.99831398 -0.99833333 -0.99833333 -1.2533333 -1.2533333 -1.2533333
-0.5604554 -0.48333333 -0.205 -0.62666667 -0.18166667 -0.67166667 -0.46666667 -0.25 -0.96333333 -0.39715263 -0.25833333 -0.54833333 -0.54833333 -0.21 -0.21000085 -0.0026653718 -0.0016666667 -0.0016666667 -0.20080619 -0.67500002 -0.78166667 -0.78166666 -0.62166667 -0.47826644 -0.63369606 -0.695 -0.29666667 -0.28 -0.43741326 -0.43833333 -0.51 -0.54666667 -0.36451195 -0.76833333 -0.44833333 -0.54 -0.44333333 0.071666667 -0.09492304 -0.57841536 -0.225 -0.255 -0.63662542 -0.63666667 -0.63584115 -0.49 -0.475 -0.99833333 -0.99833333 -0.99833333 -0.99833333 -1.2506357 -0.49
-0.99166667 -0.99166667 -0.01 0.073333333 -0.63833333 -0.24833333 -0.29666667 -0.76666667 -0.53 -0.25336544 -0.71166667 -0.07 -0.21 -0.21 -0.3 -0.29590822 -0.0016666667 -0.0016987603 -0.12333333 -0.675 -0.675 -0.68874223 -0.62166667 -0.656666 -0.65666667 -0.65666667 -0.29666667 -0.13666667 -0.13666667 -0.43833333 -0.43833333 -0.54598072 -0.185 -0.76833333 -0.73666667 -0.54 -0.44333333 -0.545 -0.095 -0.13435175 -0.255 -0.30214189 -0.38333333 -0.63666667 -0.63666667 -0.475 -0.475 -0.475 -0.99833333 -0.99833333 -1.2316667 -1.2316667 -1.2316664
-0.99166667 -0.99166667 -0.35833333 -0.50166667 -0.37666667 0.105 -0.57166667 -0.034262919 -0.125 0.11833333 0.19333333 0.19 -0.069654071 -0.3 -0.3 -0.30000192 -0.31666667 -0.30651963 -0.12333333 -0.29 -0.29 -0.15166667 -0.15166667 -0.65666667 -0.65666667 -0.65666667 -0.13666667 -0.13666667 -0.13666667 -0.27 -0.27 -0.26999986 -0.61666667 -0.61666667 -1.0083333 -0.6 -0.57333333 -0.31000462 -0.37166667 -0.135 -0.135 -0.45833309 -0.38333333 -0.63666667 -0.24833333 -0.14333333 -0.39534454 -0.395 -0.97833333 -0.97833333 -1.2316667 -1.2316667 -1.2316667
-0.99166667 -0.71820393 -0.41949878 -0.39666221 -0.13333333 -0.12333333 -0.57166667 -0.033333333 -0.12499923 0.1156375 0.18999991 0.19 0.058333333 -0.3 -0.3 -0.31666667 -0.31666667 -0.31665566 -0.12333333 -0.29 -0.26283415 -0.15166667 -0.15166667 -0.65664579 -0.65666667 -0.47148798 -0.093333333 -0.093333333 -0.093333339 -0.27 -0.27 -0.18166667 -0.18166667 -0.61666774 -1.0083333 -0.49000029 -0.61823235 -0.31 -0.31 -0.13500001 -0.45833333 -0.45833333 -0.4583318 -0.24833333 -0.24833333 -0.14333333 -0.395 -0.395 -0.97833333 -0.97833333 -1.2316667 -1.2316667 -1.2316667
-0.28833333 -0.12695128 -0.10501457 -0.10710974 -0.13333339 -0.12333357 -0.57166665 -0.039959907 -0.11868323 -0.11864592 0.058333333 0.058333333 0.058333333 0.058333333 -0.29994924 -0.31666667 -0.31666667 -0.31417043 -0.12333333 -0.28979354 0.42 0.42 0.42 0.42 -0.63798045 -0.093333333 -0.093333333 -0.093333333 -0.093333333 -0.09331607 -0.18166667 -0.18166667 -0.18166667 -0.18166667 -0.49 -0.49 -0.49 -0.31931289 -0.31179001 -0.54833333 -0.54833333 -0.45833817 -0.51332426 -0.24835886 -0.24833333 -0.14333333 -0.395 -0.395 -0.97833333 -0.97833333 -1.2307476 -1.2316667 -1.3637929
-0.28833333 -0.105 -0.105 -0.105 -0.105 -0.10500001 -0.57051897 -0.31695924 -0.10183064 0.058142045 0.058333333 0.058333333 0.058333333 0.058333333 0.058333657 -0.31666667 -0.31666664 -0.30340532 -0.12333427 0.42 0.42 0.42 0.42 0.42 0.42727564 0.24319169 0.34166658 0.34166667 0.34166667 0.34166667 -0.18166665 -0.18166667 -0.1816661 0.28666667 0.28666667 -0.49 -0.13839066 -0.12833333 -0.54833309 -0.54833333 -0.54833333 -0.54833333 -0.51333333 -0.51333333 -0.51333333 -0.51075847 -0.4876738 -0.48833333 -0.48833333 -0.48833333 -0.48833334 -1.0066667 -1.0066667
-0.32 -0.105 -0.105 -0.105 -0.105 -0.105 -0.10500003 -0.1940025 0.50842134 0.51166667 0.51166667 0.51166667 0.51166667 0.51166667 0.51166666 0.84467801 -0.29810859 -0.29019259 0.41993162 0.42 0.42 0.42 0.42 0.42000041 0.75666667 0.75666667 0.75666608 0.34166667 0.34166667 0.34258445 0.8 0.8 0.28666667 0.28666667 0.28666667 -0.06185467 -0.12833333 -0.12833333 -0.12833333 -0.54833333 -0.54833333 -0.54833333 -0.51333333 -0.51333333 -0.51333333 -0.51333333 -0.48833334 -0.48833333 -0.48833333 -0.48833333 -0.48833333 -1.0066667 -1.0066667
-0.32 -0.23995794 -0.105 -0.105 -0.105 -0.105 0.43322768 0.43333333 0.43333334 0.51166667 0.51166667 0.51166667 0.51166667 0.51166667 0.58667305 0.85166667 0.85166667 0.85166667 0.77059601 0.77166631 0.77166667 0.77166667 0.77166667 0.77166667 0.75666667 0.75666667 0.75666667 0.75666667 0.34166667 0.8 0.8 0.8 0.28666671 0.28666667 0.28666667 0.275 -0.12779931 -0.12833333 -0.12833333 -0.54829422 -0.47054895 -0.28911042 -0.51333333 -0.51333333 -0.82237666 -0.82333333 -0.82333333 -0.4887372 -0.73247717 -0.73333331 -0.73333329 -0.58673028 -1.0066658
-0.32 -0.075092318 -0.086444979 -0.105 -0.105 0.43301526 0.43333333 0.43333333 0.43333333 0.43389783 0.51166667 0.51166667 0.51166667 0.51166671 0.85166667 0.85166667 0.85166667 0.85166667 0.77173813 0.77166667 0.77166667 0.77166667 0.77166667 0.77166667 0.75666667 0.75666667 0.75666667 0.75666667 0.75682428 0.8 0.8 0.8 0.72333334 0.28667602 0.275 0.275 0.275 0.27476845 -0.27818708 -0.28833333 -0.28833333 -0.28833333 -0.93833333 -0.93833333 -0.82333333 -0.82333333 -0.82333333 -0.73333333 -0.73333333 -0.73333333 -0.73333333 -0.58666667 -0.58666667
-0.06841847 -0.068333333 -0.068333333 -0.068333328 0.46666667 0.43333419 0.43333333 0.43333333 0.43333333 0.43333333 0.51242372 0.5116668 0.51166667 0.85166667 0.85166667 0.85166667 0.85166667 0.85166667 0.86149285 0.77166667 0.77166667 0.77166667 0.77166667 0.77166667 0.79088092 0.83333292 0.83333333 0.83333333 0.83333333 0.8 0.72333333 0.72333333 0.72333333 0.72333333 0.275 0.27499952 0.25666667 0.25666667 -0.2815282 -0.28833333 -0.28833333 -0.28833333 -0.93833333 -0.93833333 -0.84113929 -0.82333333 -0.82333333 -0.73333333 -0.73333333 -0.73333333 -0.73176069 -0.58666667 -0.58666667
-0.068333333 -0.068333333 -0.068333333 0.18360615 0.46666667 0.46666667 0.43333333 0.43333333 0.43333333 0.43333333 0.52166667 0.52166667 0.52166667 0.85166667 0.85166667 0.85166667 0.85166667 0.85170826 1.1066667 1.1066667 0.7716668 0.77166667 0.7719507 0.78333333 0.78378346 0.83333333 0.83333333 0.83333333 0.83333333 0.72334453 0.72333333 0.72333333 0.72333333 0.72333333 0.25666673 0.25666667 0.25666667 0.25666667 0.25474783 -0.28833333 -0.28833333 -0.28833333 -0.93833333 -0.93833333 -0.93833333 -0.82333333 -0.82333333 -0.73333333 -0.73333333 -0.73333333 -0.58666667 -0.58666667 -0.58666667
-0.068333333 -0.068333333 -0.068333333 0.46666667 0.46666667 0.46666667 0.46666662 0.43333333 0.43333333 0.52157548 0.52166667 0.52166667 0.52166667 0.52187228 1.0553713 1.1033333 1.1033333 1.1033333 1.1066667 1.1066667 1.1066667 0.78333333 0.78333333 0.78333333 0.78331512 0.77301304 0.83333333 0.83333333 0.83333333 0.68115942 0.66833874 0.66833333 0.66833333 0.66833333 0.24267584 0.22166675 0.22166667 0.22166667 0.22166667 -0.28166758 -0.28166667 -0.28166667 -0.93833333 -0.93833333 -0.31666926 -0.31666673 -0.50666667 -0.50666667 -0.41 -0.41 -0.41 -0.58666667 -0.2869349
-0.068332376 -0.068333333 -0.068333314 0.46666667 0.46666667 0.46666667 0.46666667 0.38000002 0.43312009 0.52165911 0.52166667 0.52166667 0.52166667 0.52280806 1.1033333 1.1033333 1.1033333 1.1033333 1.1066667 1.1066667 1.1066667 0.78333333 0.78333333 0.78333333 0.71833333 0.71833333 0.93 0.93 0.93 0.92857253 0.66833333 0.66833333 0.66833333 0.66833333 0.44512263 0.22166667 0.22166667 0.22166667 0.22166667 -0.28166667 -0.28166667 -0.28166667 -0.2827679 -0.31666667 -0.31666667 -0.31666667 -0.50666667 -0.50666667 -0.41 -0.41 -0.41 -0.28666667 -0.28666667
0.24 0.10448285 0.28166667 0.28172034 0.46666667 0.38050145 0.38 0.38 0.42676192 0.51333333 0.51333333 0.51333333 0.51333333 0.99998416 1 1.1033333 1.1033333 1.1034212 1.1066667 1.1066667 1.1066667 0.845 0.845 0.845 0.71833333 0.71833333 0.93 0.93 0.93 0.93000001 0.9466649 0.94666588 0.67532882 0.66863173 0.18555261 0.185 0.185 0.185 0.185 -0.28166667 -0.28166667 -0.28166667 -0.31473921 -0.31666667 -0.31666667 -0.31666669 -0.50666667 -0.50666667 -0.50666319 -0.41 -0.410012 -0.67833333 -0.28666667
0.41496677 0.41499998 0.28166667 0.28166667 0.28166667 0.38 0.38 0.38 0.50833333 0.50833333 0.51333333 0.51333333 0.51333333 1 1 1 1 1.0000122 1.1066667 1.1066667 1.1066667 0.845 0.845 0.845 0.71833333 0.71833333 0.93 0.93 0.93 0.94647875 0.94666667 0.94666667 0.94666667 0.94666667 0.18537584 0.185 0.185 0.185 0.185 0.088333237 0.088333333 0.088333333 0.088333333 -0.3166676 -0.43833333 -0.43833333 -0.43833333 -0.685 -0.685 -0.685 -0.67833333 -0.67833333 -0.67833333
0.415 0.415 0.28166667 0.28166667 0.28166667 0.37948314 0.38 0.50833333 0.50833333 0.50833333 0.51333272 0.51333333 0.44115398 0.99999987 1 1 1 0.4 0.4 0.4 0.88833333 0.8883333 0.84500021 0.845 0.84502767 0.95166667 0.95166667 0.95166662 0.9300035 0.91500631 0.91500017 0.91500553 0.94661255 0.94663934 0.32063422 0.18500003 0.18524017 0.25666667 0.25666667 0.088333333 0.088333333 0.088333333 0.088333333 -0.43833333 -0.43833333 -0.43833333 -0.43833333 -0.685 -0.685 -0.685 -0.67833333 -0.67833333 -0.67833333
0.415 0.415 0.28166667 0.28166667 0.28166667 0.28166667 0.42803142 0.50833333 0.50833333 0.50833333 0.5082873 0.425 0.425 0.425 0.99661139 1 0.40399825 0.4 0.4 0.4 0.88833333 0.88833333 0.88833333 0.88833333 0.95166667 0.95166667 0.95166667 0.95166667 0.95166667 0.915 0.915 0.915 0.915 0.91499887 0.38 0.25666667 0.25666667 0.25666667 0.25666667 0.25666478 -0.315 -0.315 -0.315 -0.36869306 -0.48 -0.48 -0.48 -0.68499999 -0.68499999 -0.675 -0.675 -0.3017583 -0.30166667
0.415 0.415 0.32979064 0.28166667 0.28166667 0.28166667 0.25877696 0.50754547 0.50833333 0.50833333 0.42499995 0.425 0.425 0.425 0.425 0.47212718 0.4 0.4 0.4 0.4 0.88832956 0.88833333 0.88833333 0.88833333 0.95166667 0.95166667 0.95166667 0.95166667 0.95166667 0.48886847 0.915 0.915 0.915 0.38 0.38 0.37990423 0.25666667 0.25666667 -0.11664308 -0.40666661 -0.315 -0.315 -0.315 -0.36810504 -0.48 -0.48 -0.48 -0.6 -0.67406551 -0.675 -0.675 -0.30166667 -0.30166667
0.41166667 0.41166667 0.41166667 0.31426124 0.28157929 0.25833333 0.25833333 0.25833333 0.25833333 0.17333333 0.17333333 0.42499998 0.425 0.425 0.425 0.42499839 0.4 0.4 0.4 0.4 0.67524051 0.88833333 0.88833333 0.88780992 0.87204407 0.95166667 0.95166667 0.95166667 0.33833333 0.33833333 0.33833333 0.33833575 0.38 0.38 0.38 0.38 -0.40666667 -0.40666667 -0.40666667 -0.40666667 -0.51333333 -0.51333333 -0.51333333 -0.5066668 -0.50666667 -0.50666667 -0.50666666 -0.6 -0.6 -0.67490862 -0.675 -0.30166751 -0.30166667
0.41166667 0.41166667 0.41166667 0.41165644 0.22166667 0.2269986 0.25833333 0.25833333 0.25833333 0.17333333 0.17333333 0.17333333 -0.27999997 -0.28 -0.28 -0.27999999 0.39848875 0.4 0.4 0.4 0.40740378 0.86833339 0.86833333 0.86833333 0.86833333 0.86833332 0.29333334 0.29333333 0.33833333 0.33833333 0.33833333 0.33833333 0.37999988 0.38 0.38 0.37998683 -0.40666667 -0.40666667 -0.40666667 -0.40644733 -0.51333333 -0.51333333 -0.51333333 -0.50666698 -0.50666667 -0.50666667 -0.50666667 -0.6 -0.6 -0.59999998 -0.46833333 -0.46833333 -0.13833333
0.41166667 0.41166667 0.41166667 0.2216671 0.22166667 0.22166667 0.25833332 0.25833333 0.25833333 0.17333333 0.17333333 0.17333333 -0.28 -0.28 -0.28 -0.29104313 -0.425 -0.425 -0.42499787 0.39534019 0.86833333 0.86833333 0.86833333 0.86833333 0.86833333 0.86790062 0.29333333 0.29333333 0.29333333 0.33833333 0.33833333 0.33826039 0.21833333 0.21833333 0.21833333 -0.17666666 -0.17666667 -0.35666667 -0.35666667 -0.35666667 -0.50166667 -0.51332967 -0.51333312 -0.485 -0.485 -0.48582114 -0.50666677 -0.6 -0.6 -0.46833333 -0.46833333 -0.46833333 -0.13833333
0.41166667 0.41166667 0.41166667 0.22166667 0.22166667 0.22166667 0.22166667 0.25833333 0.25833333 0.17333333 0.17333333 -0.26187321 -0.28 -0.28 -0.28 -0.425 -0.425 -0.425 -0.425 -0.425 0.86833333 0.86833333 0.86833333 0.86833333 0.86833333 0.29333529 0.29333333 0.29333333 0.29333333 0.225 0.225 0.225 0.21833333 0.21833333 0.21833333 -0.17666667 -0.17666667 -0.35666667 -0.35666667 -0.50166667 -0.50166667 -0.50166667 -0.485 -0.485 -0.485 -0.485 -0.51470995 -0.84666667 -0.84666667 -0.84666667 -0.46833333 -0.27 -0.27
