interpolatedSpi/05-11|23_2.tif
NCOLS 53
NROWS 52
XLLCORNER -116.03883
YLLCORNER 28.596182
DX 0.49850594
DY 0.49788537
NODATA_VALUE -9999
[rows 0 to 27 of 52, columns 0 to 52 of 53]
-0.054285714 -0.054285714 -0.073257629 0.075714286 -0.01 -0.072857143 -0.20857143 -0.13428571 -0.78691384 -0.89714286 -0.45285714 -0.54571429 -0.89567817 -0.45714286 -0.13857143 -0.13857143 -0.13857143 -0.74 -0.14142857 -0.14142857 -0.14142857 -0.14142922 -0.20857143 -0.52857143 -0.52857143 -0.52857143 -1.2557165 -1.2557143 -1.2557143 -1.3842857 -1.3842857 -1.3842857 -1.3842857 -1.1300001 -1.13 -1.13 -1.13 -1.13 -1.13 -1.13 -0.15478921 -0.14432874 -0.31285714 -0.31285714 -0.31285714 -0.31285714 -0.31269614 -0.21428571 -0.21428571 -0.21428571 -0.35571399 -0.35571429 -0.35571429
-0.05430209 -0.42285714 -0.064285955 -0.095904115 -0.11870761 -0.44714286 -0.40857143 -0.49709638 -0.83142857 -0.54 -0.65857143 -0.89571429 -0.89571429 -0.72766636 -0.45714332 -0.13857143 -0.74 -0.74 -0.14220903 -0.14142857 -0.14142857 -0.14142857 -0.55466439 -0.52857143 -0.52857143 -0.52857143 -0.34428573 -0.34428571 -1.3842857 -1.3842857 -1.3842857 -1.3842857 -1.3842857 -1.13 -1.13 -1.13 -1.13 -1.13 -1.1299999 -0.90499093 0.27275326 -0.2417859 -0.31285714 -0.31285714 -0.31285714 -0.31285714 -0.31285714 -0.21428571 -0.21428571 -0.21428571 -0.22601311 -0.35571429 -0.35571429
0.53712331 0.53714286 -0.27285714 -0.10571429 -0.42142857 0.21571429 -0.14428571 0.067142857 -0.62285714 -0.75 -0.81714286 -0.58857143 -0.96857143 -1.3428571 -0.72857143 -1.0428571 -0.74 -0.74 -0.74 -0.25710922 -0.25714286 -0.25714286 -1.0242857 -0.52857143 -0.52857143 -0.52857143 -0.34428571 -0.34428571 -0.34428571 -1.3842857 -1.3842857 -1.3842857 -1.1064491 -1.1283442 -1.1235776 -0.44632279 -0.44 -0.44 -0.35034136 0.27285714 0.27285714 0.27210816 -0.31285714 -0.31285714 -0.31285714 -0.31285714 -0.31285714 -0.21428571 -0.21428571 -0.21428571 -0.21428571 -0.35571429 -0.35571429
0.58714286 0.53714275 0.0012749474 -0.042857143 -0.73714286 -0.52 -0.49428571 -0.86571429 -0.33285714 -0.77732035 -0.94 -1.0614286 -1.06 -1.3428571 -1.0985714 -1.0428571 -0.7749229 -0.77283412 -0.44571429 -0.25714286 -0.25714286 -0.73428571 -1.0242857 -1.0242857 -0.52857143 -0.52857051 -0.34428571 -0.34428571 -0.34428571 -0.92857143 -0.86194628 -0.80714286 -0.80714286 -0.80714256 -0.44 -0.44 -0.44 -0.44 0.27285714 0.27285714 0.27285714 0.27285712 -0.31285714 -0.31285714 -0.31285714 -0.31285714 -0.31285714 -0.21428696 -0.21428571 -0.21428571 -0.21428571 -0.35575017 -0.35571429
0.58714286 -0.22714244 0.0014285714 -0.45412111 -0.73714286 -0.79285714 -0.98426812 -1.2385714 -1.3771429 -0.89428591 -1.0848431 -1.1684503 -0.32285714 -1.0985714 -1.0985714 -1.057051 -0.77285714 -0.77285714 -0.44571429 -0.44571429 -0.2571438 -0.73428571 -0.43 -0.055714286 -0.31714286 -0.31713384 -0.34428571 -0.34428571 -0.92857143 -0.92857143 -0.80714286 -0.80714286 -0.80714286 -0.7177053 -0.44 -0.44 -0.44 0.27285714 0.27285714 0.27285714 0.27285714 0.27277358 -0.31285715 -0.31285714 -0.31285714 -0.31285714 -0.31285714 -0.31197974 -0.21428571 -0.21434132 -1.4542857 -1.4542857 -1.4542857
-1.2485714 -0.62571429 -0.45428569 -0.09 -0.42428571 -0.82 -1.1085714 -1.1252152 -1.23 -1.4214286 -1.49 -1.0257143 -1.0257138 -1.2785714 -1.2785714 -0.51420983 -0.51428571 -0.9 -0.9 -0.44571432 -0.63285714 -0.63285714 -0.055714286 -0.31714286 -0.31714286 -0.27857143 -0.67857143 -0.67857143 -0.53146505 -0.92857143 -0.80714286 -0.80714286 -0.33285714 -0.33286849 -0.44142071 -0.045714286 -0.045714286 0.1742998 0.27285714 0.27285714 -0.59177741 -0.59285714 -0.59285613 -0.45880588 -0.46141215 -0.46142853 -0.46142857 -0.46142852 -1.2604211 -1.4542857 -1.4542857 -1.4542857 -1.4542857
-0.13713874 -0.77142857 -0.19882122 -0.55428571 -0.58857143 -1.1471429 -0.73428572 -1.0914286 -1.6528571 -1.6528571 -1.49 -1.3885714 -1.1699999 -1.2785714 -0.20000323 -0.2 -0.51428571 -0.16857143 -0.48428571 -0.48428571 -0.41068941 -0.16142857 -0.16142857 -0.32571429 -0.27857143 -0.27857143 -0.67857143 -0.67857143 -0.53144672 -0.53176271 -0.20483137 -0.33285714 -0.33285714 -0.44142857 -0.44142857 -0.4036206 -0.045714286 -0.045714286 -0.39713068 -0.59285687 -0.59285714 -0.59285714 -0.59285201 -0.46143011 -0.46142857 -0.46142857 -0.46142857 -0.46142905 -1.2642857 -1.4542481 -1.4542857 -1.4542857 -1.4542857
-0.13714286 -0.66428571 -0.26571429 -0.93285714 -0.63430283 -1.0757143 -1.4328571 -1.3985714 -1.5171429 -1.6385714 -1.6385714 -0.85 -1.17 -1.17 -0.2066551 -0.46932385 -0.49571429 -0.18857143 -0.63999984 -0.48428571 -0.27522445 -0.21142857 -0.48 -0.030000002 -0.030010687 -0.85857143 -0.31857143 -0.31857156 -0.84176585 -0.84285713 -0.20285714 -0.61574655 -0.44714286 -0.44142857 -0.4464809 -0.70285714 -0.70285714 -0.39714286 -0.39714286 -0.59285714 -0.59285714 -0.59285713 -0.73480508 -0.73714284 -0.46142857 -0.46142857 -0.46142857 -1.2642552 -1.2642857 -1.2642857 -1.4542857 -1.4542857 -1.4542857
-0.7111008 -0.66428571 -0.29142857 -1.0757143 -0.55428571 -1.1214286 -0.67571429 -0.52285714 -1.3842857 -0.63811195 -0.47285714 -0.87285714 -0.87285714 -0.41285714 -0.41285732 -0.095404529 -0.094285714 -0.094285714 -0.25748269 -0.79428575 -0.96285714 -0.96285713 -0.68428571 -0.56050564 -0.77507331 -0.85857143 -0.37571429 -0.31857143 -0.59126327 -0.59285714 -0.66285714 -0.71428571 -0.52073837 -1.0142857 -0.61857143 -0.79285714 -0.67571429 -0.072857143 -0.16852723 -0.59099511 -0.17571429 -0.38 -0.73711285 -0.73714286 -0.73559099 -0.46142857 -0.76142856 -1.2642857 -1.2642857 -1.2642857 -1.2642857 -1.4363211 -0.44571429
-0.97285714 -0.97285714 -0.068571429 -0.11142857 -0.96857143 -0.41571429 -0.56285714 -1.1542857 -0.74857143 -0.4486293 -1.1357143 -0.094285714 -0.41285714 -0.41285714 -0.43142857 -0.4268045 -0.094285714 -0.094321678 -0.23571429 -0.79428571 -0.79428571 -0.81600335 -0.68428571 -0.78285528 -0.78285714 -0.78285714 -0.37571429 -0.22428571 -0.22428571 -0.59285714 -0.59285714 -0.71355687 -0.33 -1.0142857 -0.83714286 -0.79285714 -0.67571429 -0.65285714 -0.16857143 -0.073002995 -0.37999999 -0.44349724 -0.55285714 -0.73714286 -0.73714286 -0.76142857 -0.76142857 -0.76142857 -1.2642857 -1.2642857 -1.31 -1.31 -1.3099997
-0.97285714 -0.97285714 -0.55857143 -0.83571429 -0.8 -0.072857143 -0.80857143 -0.21538816 -0.36 -0.027142857 0.13714286 0.092857143 -0.094037044 -0.43142857 -0.43142857 -0.43142511 -0.40142857 -0.39273111 -0.23571429 -0.25428571 -0.25428571 -0.21714286 -0.21714286 -0.78285714 -0.78285714 -0.78285714 -0.22428571 -0.22428571 -0.22428571 -0.4 -0.4 -0.39999988 -0.77857143 -0.77857143 -1.2571429 -0.88142857 -0.69714286 -0.43857714 -0.51285714 -0.071428571 -0.071428571 -0.61428551 -0.55285714 -0.73714286 -0.35142858 -0.26 -0.56086751 -0.56 -1.1328571 -1.1328571 -1.31 -1.31 -1.31
-0.97285714 -0.79403194 -0.67683817 -0.7185659 -0.32714286 -0.41428571 -0.80857143 -0.21428571 -0.35999878 -0.030830511 0.092856987 0.092857143 0.02 -0.43142857 -0.43142857 -0.40142857 -0.40142857 -0.40141914 -0.23571429 -0.25428571 -0.24699161 -0.21714286 -0.21714286 -0.78283381 -0.78285714 -0.58280781 -0.17428571 -0.17428571 -0.17428572 -0.4 -0.4 -0.32142857 -0.32142857 -0.77857274 -1.2571429 -0.80571454 -0.76334618 -0.43857143 -0.43857143 -0.071428589 -0.61428571 -0.61428571 -0.6142838 -0.35142857 -0.35142857 -0.26 -0.56 -0.56 -1.1328571 -1.1328571 -1.31 -1.31 -1.31
-0.31714286 -0.24099706 -0.21002295 -0.21368008 -0.32714348 -0.41428366 -0.80857142 -0.22160103 -0.3499588 -0.35130821 0.02 0.02 0.02 0.02 -0.43136462 -0.40142857 -0.40142857 -0.39928894 -0.23571429 -0.25410582 0.36714286 0.36714286 0.36714286 0.36714286 -0.76289237 -0.17428571 -0.17428571 -0.17428571 -0.17428571 -0.17430753 -0.32142857 -0.32142857 -0.32142857 -0.32142857 -0.80571429 -0.80571429 -0.80571429 -0.45705718 -0.4408997 -0.74857143 -0.74857143 -0.61429294 -0.71570182 -0.35146366 -0.35142857 -0.26 -0.56 -0.56 -1.1328571 -1.1328571 -1.3093573 -1.31 -1.3241118
-0.31714286 -0.21 -0.21 -0.21 -0.21 -0.21000009 -0.80756207 -0.52739643 -0.32316975 0.019599155 0.02 0.02 0.02 0.02 0.020000352 -0.40142857 -0.40142855 -0.3900617 -0.23571464 0.36714286 0.36714286 0.36714286 0.36714286 0.36714286 0.37507718 0.14560487 0.22285706 0.22285714 0.22285714 0.22285714 -0.32142856 -0.32142857 -0.32142792 0.22285714 0.22285714 -0.80571429 -0.26823115 -0.25285714 -0.74857114 -0.74857143 -0.74857143 -0.74857143 -0.71571429 -0.71571429 -0.71571429 -0.71254293 -0.53155216 -0.53142857 -0.53142857 -0.53142857 -0.53142858 -0.85000009 -0.85
-0.44857143 -0.21 -0.21 -0.21 -0.21 -0.21 -0.21000004 -0.36133361 0.50986787 0.51428571 0.51428571 0.51428571 0.51428571 0.51428571 0.51428571 0.83049098 -0.38175831 -0.37873645 0.367067 0.36714286 0.36714286 0.36714286 0.36714286 0.36714333 0.73428571 0.73428571 0.734285 0.22285714 0.22285714 0.22388697 0.73714286 0.73714286 0.22285714 0.22285714 0.22285714 -0.17665269 -0.25285714 -0.25285714 -0.25285714 -0.74857143 -0.74857143 -0.74857143 -0.71571429 -0.71571429 -0.71571429 -0.71571429 -0.53142858 -0.53142857 -0.53142857 -0.53142857 -0.53142857 -0.85 -0.85
-0.44857143 -0.359754 -0.21 -0.21 -0.21 -0.21 0.40702173 0.40714286 0.40714286 0.51428571 0.51428571 0.51428571 0.51428571 0.51428571 0.58551026 0.83714286 0.83714286 0.83714286 0.77589455 0.77714244 0.77714286 0.77714286 0.77714286 0.77714286 0.73428571 0.73428571 0.73428571 0.73428571 0.22285714 0.73714286 0.73714286 0.73714286 0.22285719 0.22285714 0.22285714 0.21142857 -0.25224241 -0.25285714 -0.25285714 -0.74852565 -0.65753806 -0.44519516 -0.71571429 -0.71571429 -0.89943128 -0.9 -0.9 -0.53189006 -0.8104501 -0.81142855 -0.81142852 -0.63003334 -0.84999955
-0.44857143 0.033829458 -0.079873876 -0.21 -0.21 0.40677822 0.40714286 0.40714286 0.40714286 0.40791496 0.51428571 0.51428571 0.51428571 0.51428575 0.83714286 0.83714286 0.83714286 0.83714286 0.77719645 0.77714286 0.77714286 0.77714286 0.77714286 0.77714286 0.73428572 0.73428571 0.73428571 0.73428571 0.73429611 0.73714286 0.73714286 0.73714286 0.75 0.22286871 0.21142857 0.21142857 0.21142857 0.21137831 -0.43214638 -0.44428571 -0.44428571 -0.44428571 -1.05 -1.05 -0.9 -0.9 -0.9 -0.81142857 -0.81142857 -0.81142857 -0.81142857 -0.63 -0.63
0.046932041 0.047142857 0.047142857 0.047142862 0.55428571 0.40714665 0.40714286 0.40714286 0.40714286 0.40714286 0.51363675 0.5142856 0.51428571 0.83714286 0.83714286 0.83714286 0.83714286 0.83714286 0.85291084 0.77714286 0.77714286 0.77714286 0.77714286 0.77714286 0.8072603 0.88857059 0.88857143 0.88857143 0.88857143 0.73714286 0.75 0.75 0.75 0.75 0.21142857 0.21142853 0.21 0.21 -0.43611598 -0.44428571 -0.44428571 -0.44428571 -1.05 -1.05 -0.92322516 -0.9 -0.9 -0.81142857 -0.81142857 -0.81142857 -0.80948319 -0.63 -0.63
0.047142857 0.047142857 0.047142857 0.28596399 0.55428571 0.55428571 0.40714286 0.40714286 0.40714286 0.40714286 0.50571429 0.50571429 0.50571429 0.83714286 0.83714286 0.83714286 0.83714286 0.83720377 1.1614286 1.1614286 0.77714301 0.77714286 0.77686462 0.76571429 0.76682031 0.88857143 0.88857143 0.88857143 0.88857143 0.75001411 0.75 0.75 0.75 0.75 0.21000001 0.21 0.21 0.21 0.2076929 -0.44428571 -0.44428571 -0.44428571 -1.05 -1.05 -1.05 -0.9 -0.9 -0.81142857 -0.81142857 -0.81142857 -0.63 -0.63 -0.63
0.047142857 0.047142857 0.047142857 0.55428571 0.55428571 0.55428571 0.55428549 0.40714286 0.40714286 0.50561253 0.50571429 0.50571429 0.50571429 0.50592079 1.1354728 1.2057143 1.2057143 1.2057143 1.1614286 1.1614286 1.1614286 0.76571429 0.76571429 0.76571429 0.76570708 0.8106421 0.88857143 0.88857143 0.88857143 0.67770475 0.65715199 0.65714286 0.65714286 0.65714286 0.16787963 0.10714309 0.10714286 0.10714286 0.10714286 -0.42428845 -0.42428571 -0.42428571 -1.05 -1.05 -0.48000238 -0.48000005 -0.63142857 -0.63142857 -0.46428571 -0.46428571 -0.46428571 -0.63 -0.44159718
0.047143682 0.047142857 0.047142875 0.55428571 0.55428571 0.55428571 0.55428571 0.44857142 0.4073085 0.50569615 0.50571429 0.50571429 0.50571429 0.50708788 1.2057143 1.2057143 1.2057143 1.2057143 1.1614286 1.1614286 1.1614286 0.76571429 0.76571429 0.76571429 0.74 0.74 1.0157143 1.0157143 1.0157143 1.0137582 0.65714286 0.65714286 0.65714286 0.65714286 0.38229385 0.10714286 0.10714286 0.10714286 0.10714286 -0.42428571 -0.42428571 -0.42428571 -0.4260387 -0.48 -0.48 -0.48 -0.63142857 -0.63142857 -0.46428571 -0.46428571 -0.46428571 -0.44142857 -0.44142857
0.31285714 0.20064765 0.54714286 0.54714493 0.55428571 0.44918309 0.44857143 0.44857143 0.48552983 0.48571429 0.48571429 0.48571429 0.48571429 1.2585463 1.2585714 1.2057143 1.2057143 1.2045474 1.1614286 1.1614286 1.1614286 0.90428571 0.90428571 0.90428571 0.74 0.74 1.0157143 1.0157143 1.0157143 1.0157143 1.038569 1.0385704 0.66672949 0.65755177 0.050694369 0.05 0.05 0.05 0.05 -0.42428571 -0.42428571 -0.42428571 -0.47693196 -0.48 -0.48 -0.48000006 -0.63142857 -0.63142857 -0.63142255 -0.46428571 -0.46430488 -0.89285714 -0.44142857
0.49996446 0.50000001 0.54714286 0.54714286 0.54714286 0.44857143 0.44857143 0.44857143 0.55 0.55 0.48571429 0.48571429 0.48571429 1.2585714 1.2585714 1.2585714 1.2585714 1.2585604 1.1614286 1.1614286 1.1614286 0.90428571 0.90428571 0.90428571 0.74 0.74 1.0157143 1.0157143 1.0157143 1.0383137 1.0385714 1.0385714 1.0385714 1.0385714 0.050487801 0.05 0.05 0.05 0.05 -0.064285808 -0.064285714 -0.064285714 -0.064285714 -0.48000239 -0.79142857 -0.79142857 -0.79142857 -0.98857143 -0.98857143 -0.98857143 -0.89285714 -0.89285714 -0.89285714
0.5 0.5 0.54714286 0.54714286 0.54714286 0.44908954 0.44857143 0.55 0.55 0.55 0.4857222 0.48571429 0.46937179 1.2585712 1.2585714 1.2585714 1.2585714 0.39142857 0.39142857 0.39142857 0.86857143 0.86857146 0.90428554 0.90428571 0.90432174 1.0428571 1.0428571 1.0428571 1.0157187 0.99429454 0.99428595 0.99429345 1.0384957 1.0385332 0.2260384 0.050000026 0.050225011 0.11714286 0.11714286 -0.064285714 -0.064285714 -0.064285714 -0.064285714 -0.79142857 -0.79142857 -0.79142857 -0.79142857 -0.98857143 -0.98857143 -0.98857143 -0.89285714 -0.89285714 -0.89285714
0.5 0.5 0.54714286 0.54714286 0.54714286 0.54714286 0.48653318 0.55 0.55 0.55 0.54995344 0.46571429 0.46571429 0.46571429 1.2538989 1.2585714 0.397207 0.39142857 0.39142857 0.39142857 0.86857143 0.86857143 0.86857143 0.86857143 1.0428571 1.0428571 1.0428571 1.0428571 1.0428571 0.99428571 0.99428571 0.99428571 0.99428571 0.99428431 0.32571429 0.11714286 0.11714286 0.11714286 0.11714286 0.11714049 -0.60285714 -0.60285714 -0.60285714 -0.6721237 -0.81571429 -0.81571429 -0.81571429 -0.98857142 -0.98857149 -1.0528571 -1.0528571 -0.51009314 -0.51
0.5 0.5 0.5301276 0.54714286 0.54714286 0.54714285 0.25053236 0.54905457 0.55 0.55 0.46571421 0.46571429 0.46571429 0.46571429 0.46571429 0.53069118 0.39142857 0.39142857 0.39142857 0.39142857 0.86856774 0.86857143 0.86857143 0.86857143 1.0428571 1.0428571 1.0428571 1.0428571 1.0428571 0.45273623 0.99428571 0.99428571 0.99428571 0.32571429 0.32571429 0.32555232 0.11714286 0.11714286 -0.36363079 -0.73714278 -0.60285714 -0.60285714 -0.60285714 -0.6716269 -0.81571429 -0.81571429 -0.81571429 -0.98142857 -1.0519671 -1.0528571 -1.0528571 -0.51 -0.51
0.45142857 0.45142857 0.45142857 0.52314465 0.54656131 0.25 0.25 0.25 0.25 0.10428572 0.10428571 0.46571426 0.46571429 0.46571429 0.46571429 0.46570954 0.39142857 0.39142857 0.39142857 0.39142857 0.66036176 0.86857143 0.86857143 0.86801063 0.85585779 1.0428571 1.0428571 1.0428571 0.26142857 0.26142857 0.26142857 0.26143165 0.32571429 0.32571429 0.32571429 0.32571429 -0.73714286 -0.73714286 -0.73714286 -0.73714286 -0.79 -0.79 -0.79 -0.92428301 -0.92428571 -0.92428571 -0.92428568 -0.98142857 -0.98142857 -1.0527701 -1.0528571 -0.51000124 -0.51
0.45142857 0.45142857 0.45142857 0.45141234 0.15 0.16454164 0.25 0.25 0.25 0.10428571 0.10428571 0.10428571 -0.4828571 -0.48285714 -0.48285714 -0.48285713 0.38948422 0.39142857 0.39142857 0.39142857 0.39866258 0.84714292 0.84714286 0.84714286 0.84714286 0.84714284 0.15285715 0.15285714 0.26142857 0.26142857 0.26142857 0.26142857 0.32571408 0.32571429 0.32571429 0.32569078 -0.73714285 -0.73714286 -0.73714286 -0.73672924 -0.79 -0.79 -0.79 -0.92427949 -0.92428571 -0.92428571 -0.92428571 -0.98142857 -0.98142857 -0.98142854 -0.75571429 -0.75571429 -0.43
