interpolatedSpi/05-11|21_2.tif
NCOLS 53
NROWS 52
XLLCORNER -116.03883
YLLCORNER 28.596182
DX 0.49850594
DY 0.49788537
NODATA_VALUE -9999
[rows 0 to 27 of 52, columns 0 to 52 of 53]
-0.64 -0.64 -0.76022833 -0.72285714 -0.62428571 -0.97428571 -0.94285714 -0.93714286 -0.95863559 -1.0085714 -1.1642857 -0.62714286 -0.92711239 -0.55714286 -0.57 -0.57 -0.57 -0.36 -0.78714286 -0.78714286 -0.78714286 -0.78713539 -0.011428583 -1.18 -1.18 -1.18 -0.89428308 -0.89428571 -0.89428571 -0.56714286 -0.56714286 -0.56714286 -0.56714286 -0.80857138 -0.80857143 -0.80857143 -0.80857143 -0.80857143 -0.80857143 -0.80857143 -0.91315915 -0.91409449 -0.16285714 -0.16285714 -0.16285714 -0.16285714 -0.16263314 -0.025714286 -0.025714286 -0.025714286 0.11142829 0.11142857 0.11142857
-0.64002018 -1.0942857 -0.76142799 -0.73072665 -0.93425265 -0.42285714 -0.80142857 -0.88280246 -1.2785714 -1.1257143 -0.87285714 -0.92714286 -0.92714286 -0.91879006 -0.55714735 -0.57 -0.36 -0.36 -0.78658592 -0.78714286 -0.78714286 -0.78714286 -1.1690214 -1.18 -1.18 -1.18 -1.0442857 -1.0442857 -0.56714286 -0.56714286 -0.56714286 -0.56714286 -0.56714286 -0.80857139 -0.80857143 -0.80857143 -0.80857143 -0.80857143 -0.80857145 -0.81275125 -0.81144267 -0.24155632 -0.16285714 -0.16285714 -0.16285714 -0.16285714 -0.16285714 -0.025714286 -0.025714286 -0.025714286 -0.014342269 0.11142857 0.11142857
-0.99570553 -0.99571429 -0.26142857 -0.52 -0.43428571 -0.74857143 -0.28714286 -0.69857143 -1.1285714 -1.0042857 -0.94857143 -1.0557143 -0.71714286 -0.58285714 -0.92 -1.1842857 -0.36 -0.36 -0.36 -0.73715739 -0.73714286 -0.73714286 -0.97142857 -1.18 -1.18 -1.18 -1.0442857 -1.0442857 -1.0442857 -0.56714286 -0.56714286 -0.56714285 -0.47636456 -0.80866835 -0.81072553 -1.0378793 -1.04 -1.04 -1.0112517 -0.81142857 -0.81142857 -0.81059921 -0.16285714 -0.16285714 -0.16285714 -0.16285714 -0.16285714 -0.025714286 -0.025714286 -0.025714286 -0.025714285 0.11142857 0.11142857
-0.21428571 -0.9957142 -0.55425092 -0.054285714 -0.46142857 -0.51 -0.35285714 -0.64 -0.5 -0.74217183 -0.88 -1.0728571 -1.12 -0.58285714 -0.73714286 -1.1842857 -1.3629085 -1.3635821 -1.2671429 -0.73714286 -0.73714286 -0.97428571 -0.97142857 -0.97142857 -1.18 -1.1799993 -1.0442857 -1.0442857 -1.0442857 -0.73142857 -0.53782372 -0.37857143 -0.37857143 -0.37857195 -1.04 -1.04 -1.04 -1.04 -0.81142857 -0.81142857 -0.81142857 -0.81142855 -0.16285714 -0.16285714 -0.16285714 -0.16285714 -0.16285714 -0.025716016 -0.025714286 -0.025714286 -0.025714286 0.1113939 0.11142857
-0.21428571 0.057141736 -0.55428571 -0.68651752 -0.46142857 -0.44 -0.82141977 -0.85428571 -0.99285714 -0.60857157 -0.70624828 -0.7528905 -0.98571429 -0.73714286 -0.73714286 -1.0391534 -1.3642857 -1.3642857 -1.2671429 -1.2671429 -0.73714329 -0.97428571 -0.80428571 -0.68857143 -0.57 -0.56990056 -1.0442857 -1.0442857 -0.73142857 -0.73142857 -0.37857143 -0.37857143 -0.37857143 -0.38368976 -1.04 -1.04 -1.04 -0.81142857 -0.81142857 -0.81142857 -0.81142857 -0.81140347 -0.16285715 -0.16285714 -0.16285714 -0.16285714 -0.16285714 -0.1616364 -0.025714286 -0.025755731 -0.95 -0.95 -0.95
-1.3271429 -0.50428571 -0.35285715 -0.59142857 -0.59857143 -0.61142857 -0.81428571 -0.81940686 -0.46142857 -0.28285714 -0.47428571 -0.058571429 -0.05857204 -1.2871429 -1.2871429 -1.6240819 -1.6242857 -1.3014286 -1.3014286 -1.2671422 -0.57285714 -0.57285714 -0.68857143 -0.57 -0.57 -0.14428571 -0.13285714 -0.13285714 -0.35717666 -0.73142857 -0.37857143 -0.37857143 -0.40571429 -0.40567368 -0.017170864 -0.64571429 -0.64571429 -0.76016107 -0.81142857 -0.81142857 -0.55175285 -0.55142857 -0.55142729 -0.78875268 -0.79992958 -0.79999983 -0.79999998 -0.79999975 -0.33710046 -0.95 -0.95 -0.95 -0.95
0.19142133 -0.43428571 -0.37948042 -0.24 -0.54142857 -0.90571429 -0.56 -0.60142857 -0.72142857 -0.72142857 -0.47428571 -0.95142857 -1.452857 -1.2871429 -0.78000152 -0.78 -1.6242857 -0.84571429 -0.57285714 -0.57285714 -0.58766833 -0.60428571 -0.60428571 -0.080000007 -0.14428571 -0.14428571 -0.13285714 -0.13285714 -0.3571347 -0.35699265 -0.022033439 -0.40571429 -0.40571429 -0.017142857 -0.017142857 -0.61225783 -0.64571429 -0.64571429 -0.66571359 -0.55142873 -0.55142857 -0.55142857 -0.55142042 -0.79999516 -0.8 -0.8 -0.8 -0.79999967 -0.24285714 -0.94985986 -0.95 -0.95 -0.95
0.19142857 0.15571429 -0.0071428571 -0.75857143 -0.62857888 -0.61714286 -0.33 -1.05 -0.85428571 -0.73857143 -0.73857143 -1.1171429 -1.4528571 -1.4528571 -0.78461642 -1.1247866 -1.1585714 -0.64 -0.71142843 -0.57285714 0.010713816 0.0042857143 0.38 0.24714286 0.24714413 0.34571429 -0.36142857 -0.36142849 -0.21763344 -0.21714285 -0.021428571 -0.55424974 -0.72285714 -0.017142857 -0.026473365 -0.58428571 -0.58428571 -0.66571429 -0.66571429 -0.55142857 -0.55142857 -0.55142856 0.065792301 0.067142813 -0.8 -0.8 -0.8 -0.24287835 -0.24285714 -0.24285714 -0.95 -0.95 -0.95
0.14227662 0.15571429 0.58857143 -0.30142857 -0.15142857 -0.41714286 -0.45 -0.50857143 -0.71142857 -0.66244312 -0.77714286 -0.81571429 -0.81571429 -0.82571429 -0.82571112 -0.739742 -0.73857143 -0.73857143 -0.65090368 -0.16857138 0.08 0.079999999 0.28 0.34059164 0.33578089 0.34571429 -0.42428571 -0.36142857 -0.26485021 -0.26428571 -0.50714286 -0.13571429 -0.046498208 -0.40285714 -0.34428571 -0.34571429 -0.47142857 -0.69428571 -0.55720618 -0.54906277 -0.021428571 -0.068571428 0.06713797 0.067142857 0.062262108 -0.8 -0.8 -0.24285715 -0.24285714 -0.24285714 -0.24285715 -0.94893279 -0.29857143
0.067142857 0.067142857 0.87857143 0.46285714 -0.092857143 -0.39285714 -0.73142857 -0.35 -0.42285714 -0.65002047 -0.90857143 -0.25714286 -0.82571429 -0.82571429 -0.48857143 -0.49200029 -0.73857143 -0.73848909 -0.37857143 -0.16857143 -0.16857143 -0.13654709 0.28 -0.049993751 -0.05 -0.05 -0.42428571 0.07 0.07 -0.26428571 -0.26428571 -0.13537831 0.041428571 -0.40285714 0.12142857 -0.34571429 -0.47142857 -0.35142857 -0.55714286 -0.50233154 -0.068571426 -0.029738407 0.037142857 0.067142857 0.067142857 -0.8 -0.8 -0.8 -0.24285714 -0.24285714 -0.94142857 -0.94142857 -0.94142833
0.067142857 0.067142857 0.22714286 -0.16 -0.85285714 -0.061428571 -0.58 -0.94414624 -0.88 -0.78571429 -0.77714286 -0.95428571 -0.2580718 -0.48857143 -0.48857143 -0.48855676 -0.36142857 -0.36232831 -0.37857143 -0.76285714 -0.76285714 -0.21142857 -0.21142857 -0.05 -0.05 -0.05 0.07 0.07 0.07 0.097142857 0.097142857 0.097142765 -0.072857143 -0.072857143 -0.25142857 -0.34 -0.024285714 -0.64141772 -0.72285714 -0.50142857 -0.50142857 -0.32999879 0.037142857 0.067142857 -0.35000013 -0.63 -0.61081829 -0.61 -0.56714286 -0.56714286 -0.94142857 -0.94142857 -0.94142857
0.067142857 0.13612013 0.061935192 -0.47570412 -0.16 -0.68857143 -0.58 -0.94428571 -0.88000054 -0.78675886 -0.95428549 -0.95428571 -0.74285714 -0.48857143 -0.48857143 -0.36142858 -0.36142857 -0.36142955 -0.37857143 -0.76285714 -0.65456779 -0.21142857 -0.21142857 -0.050007005 -0.05 -0.093203142 -0.18142857 -0.18142857 -0.18142854 0.097142857 0.097142857 -0.075714286 -0.075714286 -0.072857632 -0.25142857 -0.20571435 0.081318619 -0.64142857 -0.64142857 -0.50142857 -0.33 -0.33 -0.33000009 -0.35 -0.35 -0.63 -0.61 -0.61 -0.56714286 -0.56714286 -0.94142857 -0.94142857 -0.94142857
-0.85142857 -0.2980331 -0.33713591 -0.33814169 -0.16000286 -0.68855895 -0.58 -0.93980157 -0.88442994 -0.87753795 -0.74285714 -0.74285714 -0.74285714 -0.74285714 -0.48860745 -0.36142857 -0.36142857 -0.36164991 -0.37857143 -0.76284891 -0.74285714 -0.74285714 -0.74285714 -0.74285714 -0.06182946 -0.18142857 -0.18142857 -0.18142857 -0.18142857 -0.18126331 -0.075714286 -0.075714286 -0.075714286 -0.075714286 -0.20571429 -0.20571429 -0.20571429 -0.61893155 -0.64156805 -0.66 -0.66 -0.33001775 -0.79712755 -0.35004307 -0.35 -0.63 -0.61 -0.61 -0.56714286 -0.56714286 -0.9400707 -0.94142857 -0.50389592
-0.85142857 -0.33714286 -0.33714286 -0.33714286 -0.33714286 -0.337143 -0.58027782 -0.75235811 -0.8962486 -0.74300254 -0.74285714 -0.74285714 -0.74285714 -0.74285714 -0.74285737 -0.36142857 -0.36142857 -0.36260445 -0.37857237 -0.74285714 -0.74285714 -0.74285714 -0.74285714 -0.74285714 -0.72960695 -0.17064833 -0.17142857 -0.17142857 -0.17142857 -0.17142857 -0.075714283 -0.075714286 -0.075714296 -0.084285714 -0.084285714 -0.20571429 -0.22376927 -0.22428571 -0.65999975 -0.66 -0.66 -0.66 -0.79714286 -0.79714286 -0.79714286 -0.7959797 -0.98185463 -0.98428571 -0.98428571 -0.98428571 -0.98428571 -0.38857154 -0.38857143
-1.2714286 -0.33714286 -0.33714286 -0.33714286 -0.33714286 -0.33714286 -0.33714287 -0.66263805 -1.057577 -1.0585714 -1.0585714 -1.0585714 -1.0585714 -1.0585714 -1.0585714 -0.96191304 -0.37092913 -0.36377615 -0.74281133 -0.74285714 -0.74285714 -0.74285714 -0.74285714 -0.74285696 -0.13 -0.13 -0.13000006 -0.17142857 -0.17142857 -0.17087647 0.10428571 0.10428571 -0.084285714 -0.084285714 -0.084285714 -0.20185911 -0.22428571 -0.22428571 -0.22428571 -0.66 -0.66 -0.66 -0.79714286 -0.79714286 -0.79714286 -0.79714286 -0.98428571 -0.98428571 -0.98428571 -0.98428571 -0.98428571 -0.38857143 -0.38857143
-1.2714286 -0.92360461 -0.33714286 -0.33714286 -0.33714286 -0.33714286 -0.65565176 -0.65571429 -0.6557143 -1.0585714 -1.0585714 -1.0585714 -1.0585714 -1.0585714 -1.0368259 -0.96 -0.96 -0.96 -0.58619336 -0.58571445 -0.58571429 -0.58571429 -0.58571429 -0.58571429 -0.13 -0.13 -0.13 -0.13 -0.17142857 0.10428571 0.10428571 0.10428571 -0.084285697 -0.084285714 -0.084285714 0.054285714 -0.22391688 -0.22428571 -0.22428571 -0.65990889 -0.47836064 -0.05467176 -0.79714286 -0.79714286 -0.86265434 -0.86285714 -0.86285714 -0.98367308 -0.61273154 -0.6114286 -0.61142864 -0.14432281 -0.38857093
-1.2714286 -0.83490445 -0.58293665 -0.33714286 -0.33714286 -0.65552606 -0.65571429 -0.65571429 -0.65571429 -0.65861739 -1.0585714 -1.0585714 -1.0585714 -1.0585714 -0.96 -0.96 -0.96 -0.96 -0.58604863 -0.58571429 -0.58571429 -0.58571429 -0.58571429 -0.58571429 -0.13000001 -0.13 -0.13 -0.13 -0.12914782 0.10428571 0.10428571 0.10428571 0.091428572 -0.084267377 0.054285714 0.054285714 0.054285714 0.057578454 -0.063696561 -0.052857143 -0.052857143 -0.052857143 -0.60428571 -0.60428571 -0.86285714 -0.86285714 -0.86285714 -0.61142857 -0.61142857 -0.61142857 -0.61142857 -0.14428571 -0.14428571
-0.82306796 -0.82285714 -0.82285714 -0.82285714 -0.43571429 -0.65570861 -0.65571429 -0.65571429 -0.65571429 -0.65571429 -1.0263412 -1.0585659 -1.0585714 -0.96 -0.96 -0.96 -0.96 -0.96 -0.90937467 -0.58571429 -0.58571429 -0.58571429 -0.58571429 -0.58571429 -0.25799093 -0.077143144 -0.077142857 -0.077142857 -0.077142857 0.10428571 0.091428572 0.091428571 0.091428571 0.091428571 0.054285714 0.054293652 0.35571429 0.35571429 -0.04775552 -0.052857143 -0.052857143 -0.052857143 -0.60428571 -0.60428571 -0.82282138 -0.86285714 -0.86285714 -0.61142857 -0.61142857 -0.61142857 -0.60641959 -0.14428571 -0.14428571
-0.82285714 -0.82285714 -0.82285714 -0.6405458 -0.43571429 -0.43571429 -0.65571429 -0.65571429 -0.65571429 -0.65571429 -0.63285714 -0.63285714 -0.63285714 -0.96 -0.96 -0.96 -0.96 -0.95989494 -0.62285714 -0.62285714 -0.5857143 -0.58571429 -0.58234065 -0.44714286 -0.44381191 -0.077142857 -0.077142857 -0.077142857 -0.077142857 0.091411407 0.091428571 0.091428571 0.091428571 0.091428571 0.35571323 0.35571429 0.35571429 0.35571429 0.35425734 -0.052857143 -0.052857143 -0.052857143 -0.60428571 -0.60428571 -0.60428571 -0.86285714 -0.86285714 -0.61142857 -0.61142857 -0.61142857 -0.14428571 -0.14428571 -0.14428571
-0.82285714 -0.82285714 -0.82285714 -0.43571429 -0.43571429 -0.43571429 -0.43571462 -0.65571429 -0.65571429 -0.63288074 -0.63285714 -0.63285714 -0.63285714 -0.63306096 -0.44543861 -0.32428571 -0.32428571 -0.32428572 -0.62285714 -0.62285714 -0.62285714 -0.44714286 -0.44714286 -0.44714286 -0.4470288 -0.057660526 -0.077142857 -0.077142857 -0.077142857 -0.023991909 -0.045700797 -0.045714286 -0.045714286 -0.045714286 0.21104169 0.008572217 0.0085714286 0.0085714286 0.0085714286 -0.14141645 -0.14142857 -0.14142857 -0.60428571 -0.60428571 -0.47000056 -0.46999994 -0.29142857 -0.29142857 -0.11 -0.11 -0.11 -0.14428571 0.086935932
-0.82285406 -0.82285714 -0.82285713 -0.43571429 -0.43571429 -0.43571429 -0.43571428 -0.030000182 -0.65321244 -0.63244132 -0.63285714 -0.63285714 -0.63285714 -0.63225164 -0.32428571 -0.32428571 -0.32428571 -0.3242858 -0.62285714 -0.62285714 -0.62285714 -0.44714286 -0.44714286 -0.44714286 -0.04 -0.04 -0.14 -0.14 -0.14 -0.13948564 -0.045714286 -0.045714286 -0.045714286 -0.045714286 -0.018586406 0.0085714286 0.0085714286 0.0085714286 0.0085714286 -0.14142857 -0.14142857 -0.14142857 -0.15176669 -0.47 -0.47 -0.47 -0.29142857 -0.29142857 -0.11 -0.11 -0.11 0.08714285 0.087142857
0.17142857 -0.28442307 -0.072857143 -0.072962414 -0.43571429 -0.032347449 -0.03 -0.03 -0.027917836 -0.17428571 -0.17428571 -0.17428571 -0.17428571 0.27569964 0.27571428 -0.32428525 -0.32428571 -0.33215263 -0.62285714 -0.62285714 -0.62285714 0.27428571 0.27428571 0.27428571 -0.04 -0.04 -0.14 -0.14 -0.14 -0.14 -0.14428509 -0.14428544 -0.048191731 -0.045819961 -0.43812049 -0.43857143 -0.43857143 -0.43857143 -0.43857143 -0.14142857 -0.14142857 -0.14142857 -0.45190775 -0.47 -0.47 -0.46999996 -0.29142857 -0.29142857 -0.29142204 -0.11 -0.11001444 -0.43285714 0.087142857
-0.017107047 -0.017142867 -0.072857143 -0.072857143 -0.072857143 -0.03 -0.03 -0.03 -0.024285714 -0.024285714 -0.17428571 -0.17428571 -0.17428571 0.27571429 0.27571429 0.27571429 0.27571429 0.27561228 -0.62285714 -0.62285714 -0.62285711 0.27428571 0.27428571 0.27428571 -0.04 -0.04 -0.14 -0.14 -0.14 -0.14423739 -0.14428571 -0.14428571 -0.14428571 -0.14428571 -0.43842622 -0.43857143 -0.43857143 -0.43857143 -0.43857143 -0.025714316 -0.025714286 -0.025714286 -0.025714286 -0.46999824 -0.24 -0.24 -0.24 -0.28714286 -0.28714286 -0.28714286 -0.43285714 -0.43285714 -0.43285714
-0.017142857 -0.017142857 -0.072857143 -0.072857143 -0.072857143 -0.030225265 -0.03 -0.024285714 -0.024285714 -0.024285714 -0.17426725 -0.17428571 0.065015098 0.27571425 0.27571429 0.27571429 0.27571429 0.074285715 0.074285714 0.074285714 -0.35857141 -0.35857096 0.27428263 0.27428571 0.27377146 -0.44428571 -0.44428571 -0.44428499 -0.14004917 -0.18999089 -0.18999976 -0.18999202 -0.14436384 -0.14432517 -0.38618791 -0.43857137 -0.43805438 -0.28428571 -0.28428571 -0.025714286 -0.025714286 -0.025714286 -0.025714286 -0.24 -0.24 -0.24 -0.24 -0.28714286 -0.28714286 -0.28714286 -0.43285714 -0.43285714 -0.43285714
-0.017142857 -0.017142857 -0.072857143 -0.072857143 -0.072857143 -0.072857143 -0.02786131 -0.024285714 -0.024285714 -0.024285714 -0.024206803 0.11857143 0.11857143 0.11857143 0.27478821 0.27571429 0.075627985 0.074285714 0.074285714 0.074285714 -0.35857143 -0.35857143 -0.35857143 -0.35857143 -0.44428571 -0.44428571 -0.44428571 -0.44428571 -0.44428571 -0.19 -0.19 -0.19 -0.19 -0.19000037 -0.36571429 -0.28428571 -0.28428571 -0.28428571 -0.28428571 -0.28428508 -0.12428571 -0.12428571 -0.12428571 -0.19587615 -0.34428571 -0.34428571 -0.34428571 -0.28714286 -0.28714291 -0.33857143 -0.33857143 -0.25147271 -0.25142857
-0.017142857 -0.017142857 -0.052748198 -0.072857143 -0.072857143 -0.07285714 0.034181778 -0.024101129 -0.024285714 -0.024285714 0.11857146 0.11857143 0.11857143 0.11857143 0.11857143 0.13144533 0.074285714 0.074285714 0.074285714 0.074285714 -0.35856808 -0.35857143 -0.35857143 -0.35857143 -0.44428571 -0.44428571 -0.44428571 -0.44428571 -0.44428571 -0.33462433 -0.19 -0.19 -0.19 -0.36571429 -0.36571429 -0.36565105 -0.28428571 -0.28428571 -0.14117918 -0.030000022 -0.12428571 -0.12428571 -0.12428571 -0.19298921 -0.34428571 -0.34428571 -0.34428571 0.26714286 -0.33102429 -0.33857143 -0.33857143 -0.25142857 -0.25142857
-0.022857143 -0.022857143 -0.022857143 -0.060320768 -0.072699646 0.034285714 0.034285714 0.034285714 0.034285714 0.25571428 0.25571429 0.11857144 0.11857143 0.11857143 0.11857143 0.11856863 0.074285714 0.074285714 0.074285714 0.074285714 -0.16968661 -0.35857143 -0.35857143 -0.36530096 -0.60808076 -0.44428571 -0.44428571 -0.44428571 -0.38571429 -0.38571429 -0.38571429 -0.38571346 -0.36571429 -0.36571429 -0.36571429 -0.36571429 -0.03 -0.03 -0.03 -0.03 0.012857143 0.012857143 0.012857143 0.21428166 0.21428571 0.21428571 0.21428554 0.26714286 0.26714286 -0.3378334 -0.33857143 -0.25142454 -0.25142857
-0.022857143 -0.022857143 -0.022857143 -0.022854066 0.034285714 0.034285714 0.034285714 0.034285714 0.034285714 0.25571429 0.25571429 0.25571429 0.26857142 0.26857143 0.26857143 0.26857142 0.073864395 0.074285714 0.074285714 0.074285714 0.067708022 -0.61571358 -0.61571429 -0.61571429 -0.61571429 -0.61571429 -0.69714286 -0.69714286 -0.38571429 -0.38571429 -0.38571429 -0.38571429 -0.36571395 -0.36571429 -0.36571429 -0.36567659 -0.030000008 -0.03 -0.03 -0.03125338 0.012857143 0.012857143 0.012857143 0.21427637 0.21428571 0.21428571 0.21428571 0.26714286 0.26714286 0.26714289 0.54714286 0.54714286 0.67285714
