interpolatedSpi/05-10|19_1.tif
NCOLS 53
NROWS 52
XLLCORNER -116.03883
YLLCORNER 28.596182
DX 0.49850594
DY 0.49788537
NODATA_VALUE -9999
[rows 26 to 51 of 52, columns 0 to 52 of 53]
0.21714286 0.21714286 0.21714286 0.27066232 0.28843227 0.077142857 0.077142857 0.077142857 0.077142857 0.032857143 0.032857143 -0.054285708 -0.054285714 -0.054285714 -0.054285714 -0.054285002 -0.042857143 -0.042857143 -0.042857143 -0.042857143 0.10368729 0.21714286 0.21714286 0.21220786 0.054080108 0.60142857 0.60142857 0.60142857 0.40428571 0.40428571 0.40428571 0.40428804 0.75571429 0.75571429 0.75571429 0.75571429 0.49285714 0.49285714 0.49285714 0.49285714 0.34 0.34 0.34 0.47999719 0.48 0.48 0.48000001 0.34857143 0.34857143 0.53833992 0.53857143 0.73428434 0.73428571
0.21714286 0.21714286 0.21714286 0.2171417 0.19571429 0.17847205 0.077142857 0.077142857 0.077142857 0.032857143 0.032857143 0.032857143 -0.35142856 -0.35142857 -0.35142857 -0.35142857 -0.043267995 -0.042857143 -0.042857143 -0.042857143 -0.038924913 0.028571946 0.028571429 0.028571429 0.028571429 0.028571431 -0.092857138 -0.092857143 0.40428571 0.40428571 0.40428571 0.40428571 0.75571407 0.75571429 0.75571429 0.75568985 0.49285714 0.49285714 0.49285714 0.49317049 0.34 0.34 0.34 0.47999351 0.48 0.48 0.48 0.34857143 0.34857143 0.34857144 0.46142857 0.46142857 0.57142857
0.21714286 0.21714286 0.21714286 0.19571434 0.19571429 0.19571429 0.077142902 0.077142857 0.077142857 0.032857143 0.032857143 0.032857143 -0.35142857 -0.35142857 -0.35142857 -0.34500941 -0.26714286 -0.26714286 -0.26714228 -0.044123967 0.028571429 0.028571429 0.028571429 0.028571429 0.028571429 0.028480047 -0.092857143 -0.092857143 -0.092857142 0.40428571 0.40428571 0.40412664 0.45571429 0.45571429 0.45571429 0.47285714 0.47285714 0.56428571 0.56428571 0.56428571 0.69142857 0.34011023 0.34000197 0.60428571 0.60428571 0.59957543 0.48000011 0.34857143 0.34857143 0.46142857 0.46142857 0.46142857 0.57142857
0.21714286 0.21714286 0.21714286 0.19571429 0.19571429 0.19571429 0.19571429 0.077142857 0.077142857 0.032857143 0.032857143 -0.33606269 -0.35142857 -0.35142857 -0.35142857 -0.26714286 -0.26714286 -0.26714286 -0.26714286 -0.26714286 0.028571429 0.028571429 0.028571429 0.028571429 0.028571429 -0.092856729 -0.092857143 -0.092857143 -0.092857143 0.15714286 0.15714286 0.15714286 0.45571429 0.45571429 0.45571429 0.47285714 0.47285714 0.56428571 0.56428571 0.69142857 0.69142857 0.69142857 0.60428571 0.60428571 0.60428571 0.60428571 0.61038809 0.67857143 0.67857143 0.67857143 0.46142858 0.65857143 0.65857143
0.21714286 0.21714286 0.21711302 0.19571429 0.19571429 0.19571429 0.19571429 -0.18917047 -0.20857143 -0.20815693 0.032857122 -0.35144101 -0.35142857 -0.35142857 -0.35142828 -0.26714286 -0.26714286 -0.26714286 -0.26714286 -0.26714286 -0.23037503 0.028571429 0.028571429 0.028571429 0.028519348 -0.092864537 -0.092857143 -0.092857143 -0.092857143 0.15714286 0.15714286 0.15714286 0.15718518 0.45571429 0.47285714 0.47285714 0.47285714 0.47286086 0.56429439 0.69142857 0.69142857 0.69142857 0.604291 0.60428571 0.60428571 0.60428571 0.67857208 0.67857143 0.67857143 0.67857143 0.65857143 0.65857143 0.65857143
-0.22857143 -0.22857065 0.19571058 0.19571429 0.19571429 0.19571429 -0.2084854 -0.20857143 -0.20857143 -0.20857143 -0.49999999 -0.5 -0.5 -0.5 -0.26821756 -0.26714286 -0.26714286 -0.26714286 -0.26714286 -0.24142859 -0.24142857 -0.24142857 -0.22428567 -0.22428571 -0.22428571 -0.22428571 -0.21294174 -0.092857143 0.062850765 0.062857143 0.062857143 0.062857143 0.062857143 0.41142857 0.41142857 0.41142857 0.41142857 0.41142857 0.71571429 0.71571429 0.71571429 0.71571429 0.71571429 0.74407467 0.74428571 0.74428571 0.74428571 0.67857143 0.67857143 0.67857143 0.65857458 0.65857143 0.65857143
-0.22857143 -0.22857143 -0.22949228 -0.33857035 -0.33857131 -0.33844432 -0.20857143 -0.20857143 -0.20857143 -0.20857143 -0.5 -0.5 -0.5 -0.5 -0.5 -0.26714286 -0.26714286 -0.26714286 -0.24142858 -0.24142857 -0.24142857 -0.24142857 -0.22428571 -0.22428571 -0.22428571 -0.22428571 -0.22428571 -0.22425762 0.06272309 0.062857141 0.062857143 0.062857143 0.062803291 0.41304829 0.41143025 0.41142857 0.41142857 0.41142857 0.71571429 0.71571429 0.71571429 0.71571429 0.71571429 0.74428571 0.74428571 0.74428571 0.74428571 0.71355643 0.67857143 0.68422196 0.68428571 0.48714286 0.48714286
-0.22857143 -0.22857143 -0.33855749 -0.33857143 -0.33857143 -0.33857143 -0.30555198 -0.20857143 -0.20857143 -0.20857143 -0.5 -0.5 -0.5 -0.5 -0.5 -0.26732148 -0.26714286 -0.24143611 -0.24142857 -0.24142857 -0.24142857 -0.24142857 -0.2306364 -0.22428571 -0.22428571 -0.22428571 -0.22428571 -0.22432803 -0.28428571 -0.28428571 -0.28428571 -0.28428571 -0.28428571 0.41428571 0.41428571 0.41428571 0.41428571 0.41428571 0.93714286 0.93714286 0.93714286 0.93714286 0.93714285 0.74441477 0.74428574 0.74428571 0.74429467 0.74535516 0.68428571 0.68428571 0.68428571 0.48714396 0.48714286
-0.2285713 -0.15993615 -0.3385714 -0.33857143 -0.33857143 -0.33857143 -0.33857143 -0.20862678 -0.20857143 -0.20857143 -0.5 -0.5 -0.5 -0.5 -0.44133268 -0.44 -0.44 -0.24143368 -0.24142857 -0.24142857 -0.24142857 -0.24142857 -0.24142857 -0.22428571 -0.22428571 -0.22428571 -0.22428571 0.17428527 0.1742855 0.076690571 -0.28428571 -0.28428571 -0.28428571 0.41428572 0.41428571 0.41428571 0.41428571 0.41438053 0.93714286 0.93714286 0.93714286 0.93714286 0.93715698 0.79714286 0.79714286 0.79714286 0.79714286 0.79713376 0.68428571 0.68428571 0.68428571 0.68428578 0.78272463
-0.15857143 -0.15857143 -0.22358283 -0.33857143 -0.33857143 -0.33857143 -0.33857143 -0.33857143 -0.20862779 -0.59142857 -0.59142857 -0.59142857 -0.59121159 -0.44000009 -0.44 -0.44 -0.44 -0.44 -0.24142869 -0.2424543 -0.25142857 -0.25142857 -0.25142857 -0.24316453 -0.19913143 -0.064535593 0.049085012 0.17428571 0.17428571 0.17428571 0.17428571 0.17428571 0.16103542 0.5531794 0.55428571 0.55428571 0.55428571 0.55428571 0.97176137 1.1214282 1.1214286 1.1214286 1.1214286 0.97428519 0.7971429 0.79714286 0.79714286 0.84285714 0.68428825 0.68428571 0.68428571 0.78714286 0.78714286
-0.15857143 -0.15857143 -0.37285714 -0.37285714 -0.37285714 -0.33858285 -0.33857143 -0.33857143 -0.59142857 -0.59142857 -0.59142857 -0.59142857 -0.59142857 -0.44000001 -0.44 -0.44 -0.44 -0.44 -0.25142857 -0.25142857 -0.25142857 -0.25142857 -0.25142857 0.089999982 0.09 0.09 0.09 0.17428571 0.17428571 0.17428571 0.17428571 0.17428571 0.45571429 0.45571429 0.55428571 0.55428571 0.55428571 0.65284036 0.65285714 1.1214286 1.1214286 1.1214286 1.1214285 0.97428571 0.97428571 0.97428571 0.84285714 0.84285714 0.84285714 0.86428571 0.86428571 0.78714286 0.78714286
-0.15857143 -0.15857143 -0.37285714 -0.37285714 -0.37285714 -0.37285714 -0.37285745 -0.42857143 -0.59127524 -0.59142857 -0.59142857 -0.59142857 -0.59142857 -0.44188893 -0.44 -0.44 -0.44 -0.44 -0.25142858 -0.25142857 -0.25142857 -0.25142857 -0.25142857 0.09 0.09 0.09 0.09 0.090000356 0.17428571 0.17428571 0.17428571 0.45569953 0.45571429 0.45571429 0.45571429 0.55428571 0.65285714 0.65285714 0.65285714 0.66518614 0.87575182 0.83 0.83 0.97428571 0.97428571 0.97428571 0.84285714 0.84285714 0.84285714 0.86428571 0.86428571 0.86428571 0.57753422
-0.11857143 -0.11857174 -0.37285714 -0.37285714 -0.37285714 -0.37285714 -0.42857143 -0.42857143 -0.42857143 -0.59142857 -0.59142857 -0.59142857 -0.59142857 -0.5913815 -0.44 -0.44 -0.44 -0.44 -0.25143179 -0.25142857 -0.25142857 -0.25142857 0.02985723 0.09 0.09 0.09 0.09 0.27571413 0.27571429 0.27571428 0.17538483 0.45571429 0.45571429 0.45571429 0.45571405 0.20714286 0.65285714 0.65285714 0.65285714 0.65285714 0.83 0.83 0.83 0.86142857 0.86142857 0.86142857 0.70572764 0.84285714 0.84285714 0.86428571 0.86428571 0.86428571 0.55571436
-0.11857143 -0.11857143 -0.37285714 -0.37285714 -0.37285714 -0.42857143 -0.42857143 -0.42857143 -0.42857143 -0.57357731 -0.59142857 -0.59142857 -0.59142857 -0.59142732 -0.28144682 -0.28142857 -0.28142857 -0.28142857 -0.1469711 0.022857143 0.022857143 0.022857143 0.022857143 0.09 0.09 0.09 0.09001225 0.27571429 0.27571429 0.27571429 0.27571429 0.45565566 0.31590005 0.20714286 0.20714286 0.20714286 0.65217837 0.47143235 0.47142857 0.47142857 0.82993622 0.74857143 0.74857143 0.86142857 0.86142857 0.86142791 0.70571429 0.70571429 0.73142857 0.73142857 0.73142857 0.63 0.58142857
-0.11857143 -0.11857143 -0.24428571 -0.24428571 -0.24428571 -0.42857143 -0.42857143 -0.42857143 -0.42857143 -0.61142857 -0.61142857 -0.61142857 -0.61142857 -0.5881727 -0.28142857 -0.28142857 -0.28142857 -0.28142857 -0.15285714 0.022857143 0.022857143 0.022857143 0.022857143 0.011428571 0.011428602 0.089999884 0.27571429 0.27571429 0.27571429 0.27571429 0.15782448 0.042857143 0.18759511 0.20714286 0.20714286 0.20714286 0.47142857 0.47142857 0.47142857 0.47142857 0.74857143 0.74857143 0.74857143 0.71001216 0.71 0.70573355 0.70571429 0.70571429 0.73142842 0.73142857 0.63 0.63 0.58142857
-0.11857143 -0.24428571 -0.24428571 -0.24428571 -0.24428571 -0.24428571 -0.4281611 -0.37571429 -0.37571429 -0.61142857 -0.61142857 -0.61142857 -0.61142857 -0.61135042 -0.28142857 -0.28142857 -0.28142857 -0.27561931 -0.15285714 -0.15285714 0.022857143 0.022857143 0.011428571 0.011428571 0.011428571 0.011428571 0.27571429 0.27571429 0.27571429 0.27571429 0.042857143 0.042857143 0.042857143 0.20697661 0.20714286 0.20714286 0.47142857 0.47142857 0.47142857 0.47142857 0.74857143 0.74857143 0.74857143 0.71 0.71 0.70998543 0.45285714 0.45285714 0.7 0.7 0.63 0.63 0.58142857
-0.2431051 -0.24428571 -0.24428571 -0.24428571 -0.24428571 -0.24428571 -0.37571429 -0.37571429 -0.37571429 -0.50187842 -0.61142857 -0.61142857 -0.61142857 -0.61142246 -0.28142857 -0.28142857 -0.28142857 -0.15285714 -0.15285714 -0.15285714 0.022848364 0.022857073 0.011428571 0.011428571 0.011428571 0.011428571 0.2756955 0.27571429 0.27571429 0.042910694 0.042857143 0.042857143 0.042857143 0.042857143 0.20680724 0.24857143 0.24857143 0.25242836 0.47142857 0.47142857 0.74857118 0.74857143 0.71112147 0.71 0.71 0.45285724 0.45285714 0.45285714 0.7 0.7 0.51428571 0.51428571 0.70428571
-0.24428571 -0.24428571 -0.24428571 -0.24428571 -0.24428571 -0.24428571 -0.37571429 -0.37571429 -0.37571429 -0.37571429 -0.37143549 -0.37142857 -0.37142857 -0.37142857 -0.28142804 -0.13857494 -0.058571429 -0.058571429 -0.15268333 -0.15285714 -0.15285711 0.011428588 0.011428571 0.011428571 0.011428571 0.011428571 0.011620722 0.27571429 0.27570633 0.042857143 0.042857143 0.042857143 0.042857143 0.042857143 0.24857143 0.24857143 0.24857143 0.24857143 0.24857143 0.24857297 0.56714286 0.56714286 0.56714276 0.29142857 0.29142857 0.29142857 0.44714286 0.44714286 0.40571429 0.40571429 0.51428571 0.51428613 0.70428571
-0.24428571 -0.24428571 -0.24428571 -0.24428571 -0.24428571 -0.24428571 -0.37571429 -0.37571429 -0.37571429 -0.37142857 -0.37142857 -0.37142857 -0.37142857 -0.37142857 -0.28896018 -0.058571429 -0.058571429 -0.058571429 -0.058571429 -0.058571429 -0.063073261 0.011428571 0.011428571 0.011428571 0.011428572 0.016677026 0.17830952 0.26248563 0.044005473 0.042857143 0.042857143 0.042857143 0.042857143 0.042857593 0.24857143 0.24857143 0.24857143 0.24857143 0.24857143 0.39677012 0.56714286 0.56714286 0.56714286 0.29142857 0.29142857 0.29142857 0.44714286 0.44714286 0.40571429 0.40571429 0.58857142 0.69790235 0.70428571
-0.24428571 -0.24428571 -0.24428571 -0.24428571 -0.24428571 -0.24428575 -0.37571426 -0.37571429 -0.3755364 -0.37142857 -0.37142857 -0.37142857 -0.37142857 -0.37142857 -0.35642202 -0.058571429 -0.058571429 -0.058571429 -0.058571429 -0.058571429 -0.058571429 0.15227286 0.17857119 0.17857143 0.17857143 0.17857143 0.17857143 0.17857143 -0.0031406724 -0.0057137106 -0.0057142846 -0.0057142857 -0.0057142857 -0.0057141025 0.24857143 0.24857143 0.24857143 0.24857143 0.24857143 0.56714282 0.56714286 0.56714286 0.56714286 0.56714273 0.2917538 0.49428571 0.44714286 0.61139416 0.40589704 0.58857143 0.58857143 0.58497831 0.41571429
-0.24428571 -0.24428571 -0.24428571 -0.24428571 -0.24428571 -0.24429411 -0.3757072 -0.37571403 -0.37142858 -0.37142857 -0.37142857 -0.37142857 -0.37142857 -0.37142857 -0.36547556 -0.058571429 -0.058571429 -0.058571429 -0.058571429 -0.058571429 -0.058571428 0.17857143 0.17857143 0.17857143 0.17857143 0.17857143 0.17857143 0.17857143 -0.0056634144 -0.0057142857 -0.0057142857 -0.0057142857 -0.0057142857 -0.0057142857 0.063959975 0.24857143 0.24857143 0.24857143 0.24857143 0.56714286 0.56714286 0.56714286 0.56714286 0.56712419 0.49428571 0.49428571 0.49503782 0.61428571 0.61428571 0.58857143 0.58857143 0.41571429 0.41571429
-0.24428571 -0.24428571 -0.24428571 -0.24428571 -0.24428572 -0.24446099 -0.37555815 -0.37191219 -0.37142857 -0.37142857 -0.37142857 -0.37142857 -0.37142857 -0.37142857 -0.36595147 -0.058571429 -0.058571429 -0.058571429 -0.058571429 -0.058571429 -0.024806595 0.17857143 0.17857143 0.17857143 0.17857143 0.17857143 0.17857143 0.17857143 -0.0057135466 -0.0057142857 -0.0057142857 -0.0057142857 -0.0057142857 -0.0057142857 -0.0057142857 0.13711377 -0.036131964 -0.13086357 -0.14526032 0.56778564 0.56714286 0.56714286 0.56714286 0.49429153 0.49428571 0.49688658 0.92999849 0.61428571 0.61428571 0.49715843 0.49714286 0.49714286 0.41571432
-0.24428571 -0.24428571 -0.24428571 -0.24428571 -0.24428585 -0.24538178 -0.37442297 -0.37142975 -0.37142857 -0.37142857 -0.37142857 -0.37142857 -0.37142857 -0.37142857 -0.36412288 -0.058571429 -0.058571429 -0.058571429 -0.058571429 -0.058571427 0.1785704 0.17857143 0.17857143 0.17857143 0.17857143 0.17857143 0.17857143 0.17857143 -0.0057142354 -0.0057142857 -0.0057142857 -0.0057142857 -0.0057142857 -0.0057142857 -0.0057143152 -0.15285714 -0.15285714 -0.15285714 -0.15285714 0.57714286 0.57714286 0.57714286 0.57714286 0.92999874 0.93 0.93 0.93 0.92999597 0.56857143 0.56857143 0.49714286 0.49714286 0.24796477
-0.24428571 -0.24428571 -0.24428571 -0.24428572 -0.24428938 -0.24785186 -0.37149628 -0.37142863 -0.37142857 -0.37142857 -0.37142857 -0.37142857 -0.37142857 -0.37142857 -0.36080827 -0.058571557 -0.058571429 -0.058571429 -0.058571429 -0.05714417 0.17857143 0.17857143 0.17857143 0.17857143 0.17857143 0.17857143 0.17857143 0.17857143 -0.0057142445 -0.0057142857 -0.0057142857 -0.0057142857 -0.0057142857 -0.0057142857 -0.15285701 -0.15285714 -0.15285714 -0.15285714 -0.15285714 0.57714286 0.57714286 0.57714286 0.57714286 0.67237748 0.93 0.93 0.93 0.56857547 0.56857143 0.56857143 0.13714286 0.13714286 0.13714286
-0.24428571 -0.24428571 -0.24428572 -0.24428601 -0.24432168 -0.25745235 -0.37141768 -0.37142859 -0.37142857 -0.37142857 -0.37142857 -0.37142857 -0.37142857 -0.37142855 -0.35631825 -0.058578786 -0.058571429 -0.058571429 -0.058571157 0.17376654 0.17857143 0.17857143 0.17857143 0.17857143 0.17857143 0.17857143 0.17857143 0.17857143 -0.0057141131 -0.0057142857 -0.0057142857 -0.0057142857 -0.0057142857 -0.14898533 -0.15285716 -0.15285714 -0.15285714 -0.15285714 -0.15285714 0.57714286 0.57714286 0.57714286 0.57714286 0.57714286 0.93 0.93 0.93 0.56857143 0.56857143 0.56857143 0.13714286 0.13714286 0.13714286
-0.24428572 -0.24428572 -0.24428584 -0.24428923 -0.24450021 -0.31845775 -0.37142338 -0.37142858 -0.37142857 -0.37142857 -0.37142857 -0.37142857 -0.37142857 -0.37142798 -0.35097999 -0.058685687 -0.058571435 -0.05857142 -0.057343625 0.17855126 0.17857143 0.17857143 0.17857143 0.17857143 0.17857143 0.17857143 0.17857143 0.17857132 -0.0057131311 -0.0057142858 -0.0057144245 -0.1842229 -0.20142857 -0.20142857 -0.20142857 -0.15285714 -0.15285714 -0.15285714 -0.15285714 0.57714286 0.57714286 0.57714286 0.57714286 0.57714286 0.92999374 0.93 0.92999982 0.56857145 0.56857143 0.56857119 0.13714286 0.13714286 0.13714286
