interpolatedSpi/05-10|21_1.tif
NCOLS 53
NROWS 52
XLLCORNER -116.03883
YLLCORNER 28.596182
DX 0.49850594
DY 0.49788537
NODATA_VALUE -9999
[rows 0 to 30 of 52, columns 0 to 52 of 53]
-0.46 -0.46 -0.61869373 -0.50333333 -0.45833333 -0.635 -0.63833333 -0.65833333 -0.69564047 -0.735 -1.005 -0.60166667 -0.72497928 -0.47333333 -0.50333333 -0.50333333 -0.50333333 -0.45333333 -0.91 -0.91 -0.91 -0.90999209 -0.088333345 -1.215 -1.215 -1.215 -0.78666364 -0.78666667 -0.78666667 -0.385 -0.385 -0.385 -0.385 -0.58166663 -0.58166667 -0.58166667 -0.58166667 -0.58166667 -0.58166667 -0.58166667 -0.85868293 -0.86148893 -0.16333333 -0.16333333 -0.16333333 -0.16333333 -0.16316183 -0.058333333 -0.058333333 -0.058333333 0.14166625 0.14166667 0.14166667
-0.46001377 -0.77 -0.46833299 -0.48223321 -0.70163269 -0.23 -0.605 -0.64985008 -1.0716667 -0.845 -0.765 -0.725 -0.725 -0.77067188 -0.4733372 -0.50333333 -0.45333333 -0.45333333 -0.90940457 -0.91 -0.91 -0.91 -1.2208778 -1.215 -1.215 -1.215 -1.0733333 -1.0733333 -0.385 -0.385 -0.385 -0.385 -0.385 -0.58166664 -0.58166667 -0.58166667 -0.58166667 -0.58166667 -0.58166669 -0.62008741 -0.7983314 -0.24038564 -0.16333333 -0.16333333 -0.16333333 -0.16333333 -0.16333333 -0.058333333 -0.058333333 -0.058333333 -0.041749142 0.14166667 0.14166667
-0.78332558 -0.78333333 -0.16666667 -0.40666667 -0.285 -0.44666667 -0.17 -0.45666667 -0.755 -0.64666667 -0.86166667 -0.71 -0.45 -0.32666667 -0.77166667 -0.835 -0.45333333 -0.45333333 -0.45333333 -0.82002616 -0.82 -0.82 -1.3266667 -1.215 -1.215 -1.215 -1.0733333 -1.0733333 -1.0733333 -0.385 -0.385 -0.38500002 -0.53985035 -0.58244013 -0.58476929 -0.91194551 -0.915 -0.915 -0.90032641 -0.79833333 -0.79833333 -0.79752133 -0.16333333 -0.16333333 -0.16333333 -0.16333333 -0.16333333 -0.058333333 -0.058333333 -0.058333333 -0.058333333 0.14166667 0.14166667
-0.32166667 -0.78333326 -0.40495864 -0.023333333 -0.22 -0.30666667 -0.095 -0.30333333 -0.155 -0.65626272 -0.53 -0.65166667 -0.65666667 -0.32666667 -0.42 -0.835 -1.0450472 -1.0462509 -0.995 -0.82 -0.82 -1.1766667 -1.3266667 -1.3266667 -1.215 -1.2149993 -1.0733333 -1.0733333 -1.0733333 -0.58833333 -0.6532602 -0.70666667 -0.70666667 -0.70666683 -0.915 -0.915 -0.915 -0.915 -0.79833333 -0.79833333 -0.79833333 -0.79833331 -0.16333333 -0.16333333 -0.16333333 -0.16333333 -0.16333333 -0.058334658 -0.058333333 -0.058333333 -0.058333333 0.14163923 0.14166667
-0.32166667 0.01499923 -0.405 -0.45462924 -0.22 -0.235 -0.44000852 -0.6 -0.595 -0.25166683 -0.37799634 -0.43670271 -0.68833333 -0.42 -0.42 -0.70100132 -1.0466667 -1.0466667 -0.995 -0.995 -0.82000065 -1.1766667 -0.87166667 -0.68833333 -0.665 -0.6648781 -1.0733333 -1.0733333 -0.58833333 -0.58833333 -0.70666667 -0.70666667 -0.70666667 -0.71892382 -0.915 -0.915 -0.915 -0.79833333 -0.79833333 -0.79833333 -0.79833333 -0.79832497 -0.16333334 -0.16333333 -0.16333333 -0.16333333 -0.16333333 -0.1623987 -0.058333333 -0.058362031 -0.69833333 -0.69833333 -0.69833333
-1.1666667 -0.36 -0.22333334 -0.50333333 -0.48 -0.43333333 -0.55 -0.55640143 -0.21833333 -0.075 -0.32666667 -0.06 -0.060000414 -1.0916667 -1.0916667 -1.2231824 -1.2233333 -1.01 -1.01 -0.99499958 -0.58166667 -0.58166667 -0.68833333 -0.665 -0.665 -0.14333333 -0.27166667 -0.27166667 -0.44667945 -0.58833333 -0.70666667 -0.70666667 -0.77166667 -0.77161704 -0.29670082 -0.78333333 -0.78333333 -0.79369274 -0.79833333 -0.79833333 -0.71177476 -0.71166667 -0.71166594 -0.71181055 -0.72160496 -0.72166652 -0.72166665 -0.72166645 -0.3207197 -0.69833333 -0.69833333 -0.69833333 -0.69833333
-0.10000123 -0.35666667 -0.30009179 -0.076666667 -0.27666667 -0.56 -0.30666667 -0.37833333 -0.47333333 -0.47333333 -0.32666667 -0.685 -1.1199999 -1.0916667 -0.59833481 -0.59833333 -1.2233333 -0.68333333 -0.51666667 -0.51666667 -0.58480843 -0.58833333 -0.58833333 -0.12833334 -0.14333333 -0.14333333 -0.27166667 -0.27166667 -0.44666317 -0.44660229 -0.36008261 -0.77166667 -0.77166667 -0.29666667 -0.29666667 -0.68892906 -0.78333333 -0.78333333 -0.78833316 -0.71166677 -0.71166667 -0.71166667 -0.71166123 -0.72166241 -0.72166667 -0.72166667 -0.72166667 -0.72166639 -0.265 -0.69824746 -0.69833333 -0.69833333 -0.69833333
-0.1 0.093333333 -0.073333333 -0.53 -0.52166714 -0.33833333 -0.041666667 -0.72166666 -0.55 -0.52833333 -0.52833333 -0.78833333 -1.12 -1.12 -0.60191245 -0.71066003 -0.72166667 -0.47333333 -0.48000004 -0.51666667 -0.42341328 -0.44166667 -0.048333333 0.0016666665 0.0016684294 0.13833333 -0.38833333 -0.38833329 -0.38687692 -0.38666667 -0.36 -0.52605354 -0.72666667 -0.29666667 -0.29775998 -0.61 -0.61 -0.78833333 -0.78833333 -0.71166667 -0.71166667 -0.71166666 0.039798498 0.041666628 -0.72166667 -0.72166667 -0.72166667 -0.26501738 -0.265 -0.265 -0.69833333 -0.69833333 -0.69833333
0.080690372 0.093333336 0.23833333 -0.365 -0.125 -0.175 -0.19833333 -0.28833333 -0.465 -0.40652124 -0.505 -0.69333333 -0.69333333 -0.625 -0.62499773 -0.42416481 -0.42333333 -0.42333333 -0.47435101 -0.18166668 -0.22666667 -0.22666667 -0.095 -0.066723899 0.12456094 0.13833333 -0.45333333 -0.38833333 -0.34359483 -0.34333333 -0.47 -0.33 -0.18058476 -0.465 -0.335 -0.345 -0.53333333 -0.63166667 -0.64332795 -0.71035729 -0.41833333 -0.15833333 0.041660421 0.041666667 0.037370213 -0.72166667 -0.71333333 -0.265 -0.265 -0.265 -0.265 -0.74004332 -0.40166667
0.01 0.01 0.405 0.021666667 0.021666667 -0.25 -0.545 -0.17166667 -0.26666667 -0.39168725 -0.65666667 -0.285 -0.625 -0.625 -0.38333333 -0.38388195 -0.42333333 -0.42328359 -0.2 -0.18166667 -0.18166667 -0.18746417 -0.095 -0.15999877 -0.16 -0.16 -0.45333333 0.046666666 0.046666667 -0.34333333 -0.34333333 -0.32943734 -0.033333333 -0.465 -0.013333333 -0.345 -0.53333333 -0.55166667 -0.64333333 -0.43837647 -0.15833334 -0.098946798 0.0033333333 0.041666667 0.041666667 -0.71333333 -0.71333333 -0.71333333 -0.265 -0.265 -1.0333333 -1.0333333 -1.0333331
0.01 0.01 -0.085 -0.32166667 -0.885 0.05 -0.39 -0.72315503 -0.705 -0.555 -0.58 -0.75333333 -0.28562399 -0.38333333 -0.38333333 -0.38331776 -0.24833333 -0.24579657 -0.2 -0.52666667 -0.52666667 -0.11166667 -0.11166667 -0.16 -0.16 -0.16 0.046666667 0.046666667 0.046666667 0.036666667 0.036666667 0.036666551 -0.093333333 -0.093333333 -0.21333333 -0.245 -0.10166667 -0.59832572 -0.82166667 -0.435 -0.435 -0.37833208 0.0033333333 0.041666667 -0.43000001 -0.57 -0.49096184 -0.49 -0.47833333 -0.47833333 -1.0333333 -1.0333333 -1.0333333
0.0099999999 -0.031098991 -0.18599411 -0.55999324 -0.29833333 -0.49 -0.39 -0.72333333 -0.70500015 -0.55666182 -0.75333308 -0.75333333 -0.59833333 -0.38333333 -0.38333333 -0.24833334 -0.24833333 -0.24833058 -0.2 -0.52666667 -0.44516911 -0.11166667 -0.11166667 -0.15999883 -0.16 -0.12329298 -0.048333333 -0.048333333 -0.048333321 0.036666667 0.036666667 -0.06 -0.06 -0.093333662 -0.21333333 -0.29333338 -0.037792525 -0.59833333 -0.59833333 -0.435 -0.37833333 -0.37833333 -0.37833365 -0.43 -0.43 -0.57 -0.49 -0.49 -0.47833333 -0.47833333 -1.0333333 -1.0333333 -1.0333333
-0.45333333 -0.22016948 -0.22833661 -0.23073297 -0.29833451 -0.48999547 -0.39 -0.71923019 -0.70626335 -0.7010831 -0.59833333 -0.59833333 -0.59833333 -0.59833333 -0.38336379 -0.24833333 -0.24833333 -0.24770927 -0.2 -0.52678079 -0.92833333 -0.92833333 -0.92833333 -0.92833333 -0.17290032 -0.048333333 -0.048333333 -0.048333333 -0.048333333 -0.048291588 -0.06 -0.06 -0.06 -0.06 -0.29333333 -0.29333333 -0.29333333 -0.58258308 -0.59825823 -0.58833333 -0.58833333 -0.37834463 -0.86165189 -0.43004158 -0.43 -0.57 -0.49 -0.49 -0.47833334 -0.47833333 -1.0313199 -1.0333333 -0.57239014
-0.45333333 -0.22833333 -0.22833333 -0.22833333 -0.22833333 -0.22833344 -0.39025592 -0.54771856 -0.70963384 -0.5984445 -0.59833333 -0.59833333 -0.59833333 -0.59833333 -0.59833347 -0.24833334 -0.24833333 -0.245018 -0.20000303 -0.92833333 -0.92833333 -0.92833333 -0.92833333 -0.92833333 -0.9103159 -0.06942235 -0.076666661 -0.076666667 -0.076666667 -0.076666667 -0.059999997 -0.06 -0.060000006 -0.065 -0.065 -0.29333333 -0.1912532 -0.18833333 -0.5883331 -0.58833333 -0.58833333 -0.58833333 -0.86166667 -0.86166667 -0.86166667 -0.85963693 -1.0165682 -1.02 -1.02 -1.02 -1.02 -0.29333349 -0.29333333
-0.86666667 -0.22833333 -0.22833333 -0.22833333 -0.22833333 -0.22833333 -0.22833334 -0.42398178 -0.79601467 -0.79666667 -0.79666667 -0.79666667 -0.79666667 -0.79666667 -0.79666666 -0.81129662 -0.25726886 -0.24171505 -0.92824177 -0.92833333 -0.92833333 -0.92833333 -0.92833333 -0.92833261 -0.095 -0.095 -0.094999974 -0.076666667 -0.076666667 -0.076249491 0.13166667 0.13166667 -0.065 -0.065 -0.065 -0.16857657 -0.18833333 -0.18833333 -0.18833333 -0.58833333 -0.58833333 -0.58833333 -0.86166667 -0.86166667 -0.86166667 -0.86166667 -1.02 -1.02 -1.02 -1.02 -1.02 -0.29333333 -0.29333333
-0.86666667 -0.62902242 -0.22833333 -0.22833333 -0.22833333 -0.22833333 -0.31331665 -0.31333333 -0.31333335 -0.79666667 -0.79666667 -0.79666667 -0.79666667 -0.79666667 -0.79997577 -0.81166667 -0.81166667 -0.81166667 -0.31022195 -0.30833397 -0.30833333 -0.30833333 -0.30833333 -0.30833333 -0.095 -0.095 -0.095 -0.095 -0.076666667 0.13166667 0.13166667 0.13166667 -0.064999982 -0.065 -0.065 0.055 -0.18801115 -0.18833333 -0.18833333 -0.58826352 -0.44921896 -0.12472312 -0.86166667 -0.86166667 -0.79686726 -0.79666667 -0.79666667 -1.0191809 -0.52340812 -0.52166671 -0.52166676 -0.11002785 -0.29333296
-0.86666667 -0.43037435 -0.32448208 -0.22833333 -0.22833333 -0.31328311 -0.31333333 -0.31333333 -0.31333333 -0.31681637 -0.79666667 -0.79666667 -0.79666667 -0.79666667 -0.81166667 -0.81166667 -0.81166667 -0.81166667 -0.30878295 -0.30833333 -0.30833333 -0.30833333 -0.30833333 -0.30833333 -0.095000005 -0.095 -0.095 -0.095 -0.094175536 0.13166667 0.13166667 0.13166667 0.14333333 -0.064982764 0.055 0.055 0.055 0.058023166 -0.12743374 -0.12333333 -0.12333333 -0.12333333 -0.625 -0.625 -0.79666667 -0.79666667 -0.79666667 -0.52166667 -0.52166667 -0.52166667 -0.52166667 -0.11 -0.11
-0.41862304 -0.41833333 -0.41833333 -0.41833333 -0.22 -0.31333093 -0.31333333 -0.31333333 -0.31333333 -0.31333333 -0.76941154 -0.79666198 -0.79666666 -0.81166667 -0.81166667 -0.81166667 -0.81166667 -0.81166667 -0.7490609 -0.30833333 -0.30833333 -0.30833333 -0.30833333 -0.30833333 -0.16629755 -0.099999973 -0.1 -0.1 -0.1 0.13166667 0.14333333 0.14333333 0.14333333 0.14333333 0.055 0.055007286 0.33166667 0.33166667 -0.11765198 -0.12333333 -0.12333333 -0.12333333 -0.625 -0.625 -0.77008676 -0.79666667 -0.79666667 -0.52166667 -0.52166667 -0.52166667 -0.51725253 -0.11 -0.11
-0.41833333 -0.41833333 -0.41833333 -0.32493521 -0.22 -0.22 -0.31333333 -0.31333333 -0.31333333 -0.31333333 -0.43666667 -0.43666667 -0.43666667 -0.81166667 -0.81166667 -0.81166667 -0.81166667 -0.81156338 -0.445 -0.445 -0.30833339 -0.30833333 -0.3071972 -0.26166667 -0.26021125 -0.1 -0.1 -0.1 -0.1 0.14330856 0.14333333 0.14333333 0.14333333 0.14333333 0.33166569 0.33166667 0.33166667 0.33166667 0.33004607 -0.12333333 -0.12333333 -0.12333333 -0.625 -0.625 -0.625 -0.79666667 -0.79666667 -0.52166666 -0.52166667 -0.52166667 -0.11 -0.11 -0.11
-0.41833333 -0.41833333 -0.41833333 -0.22 -0.22 -0.22 -0.22000014 -0.31333333 -0.31333333 -0.43653935 -0.43666667 -0.43666667 -0.43666667 -0.4369003 -0.30577766 -0.18666667 -0.18666667 -0.18666667 -0.445 -0.445 -0.445 -0.26166667 -0.26166667 -0.26166667 -0.2615971 -0.054541226 -0.1 -0.1 -0.1 0.03878384 0.021678633 0.021666667 0.021666667 0.021666667 0.18454403 -0.021665864 -0.021666667 -0.021666667 -0.021666667 -0.12999909 -0.13 -0.13 -0.625 -0.625 -0.23833495 -0.23833329 -0.11 -0.11 0.0083333333 0.0083333333 0.0083333333 -0.11 0.25633882
-0.41833065 -0.41833333 -0.41833333 -0.22 -0.22 -0.22 -0.22 -9.1159821e-08 -0.3120805 -0.43626315 -0.43666667 -0.43666667 -0.43666667 -0.4361761 -0.18666667 -0.18666667 -0.18666667 -0.18666674 -0.445 -0.445 -0.445 -0.26166667 -0.26166667 -0.26166667 -0.013333333 -0.013333333 -0.043333333 -0.043333333 -0.043333333 -0.042978738 0.021666667 0.021666667 0.021666667 0.021666667 1.1845553e-05 -0.021666667 -0.021666667 -0.021666667 -0.021666667 -0.13 -0.13 -0.13 -0.13340858 -0.23833333 -0.23833333 -0.23833333 -0.11 -0.11 0.0083333332 0.0083333333 0.0083333333 0.25666666 0.25666667
0.44666667 0.038763997 -0.26333333 -0.26332076 -0.22 -0.0012729126 3.7007434e-17 3.7007434e-17 0.015789741 0.0083333341 0.0083333333 0.0083333333 0.0083333333 0.35165549 0.35166666 -0.18666625 -0.18666667 -0.19347337 -0.445 -0.445 -0.445 0.30666667 0.30666667 0.30666667 -0.013333333 -0.013333333 -0.043333333 -0.043333333 -0.043333333 -0.043333327 -0.03499964 -0.034999841 0.020242435 0.021605916 -0.34125016 -0.34166667 -0.34166667 -0.34166667 -0.34166667 -0.13 -0.13 -0.13 -0.23236811 -0.23833333 -0.23833333 -0.2383333 -0.11 -0.11 -0.10999574 0.0083333333 0.0083282655 -0.105 0.25666667
0.20171319 0.20166659 -0.26333333 -0.26333333 -0.26333333 3.7007424e-17 3.7007434e-17 3.7007438e-17 0.043333333 0.043333333 0.0083333333 0.0083333333 0.0083333333 0.35166667 0.35166667 0.35166667 0.35166667 0.35157621 -0.445 -0.445 -0.44499997 0.30666667 0.30666667 0.30666667 -0.013333333 -0.013333333 -0.043333333 -0.043333333 -0.043333333 -0.035093959 -0.035 -0.035 -0.035 -0.035 -0.34151535 -0.34166667 -0.34166667 -0.34166667 -0.34166667 -0.058333352 -0.058333333 -0.058333333 -0.058333333 -0.23833182 -0.041666667 -0.041666667 -0.041666667 -0.073333333 -0.073333333 -0.073333333 -0.105 -0.105 -0.105
0.20166667 0.20166667 -0.26333333 -0.26333333 -0.26333333 -0.001384127 3.7007623e-17 0.043333333 0.043333333 0.043333333 0.0083376419 0.0083333333 0.20444327 0.35166664 0.35166667 0.35166667 0.35166667 0.27666667 0.27666667 0.27666667 -0.13833332 -0.138333 0.3066645 0.30666667 0.30624482 -0.25333333 -0.25333333 -0.25333283 -0.043367271 -0.0016733095 -0.0016668441 -0.0016724862 -0.03494303 -0.034971234 -0.28702669 -0.34166656 -0.34075625 -0.07 -0.07 -0.058333333 -0.058333333 -0.058333333 -0.058333333 -0.041666667 -0.041666667 -0.041666667 -0.041666667 -0.073333333 -0.073333333 -0.073333333 -0.105 -0.105 -0.105
0.20166667 0.20166667 -0.26333333 -0.26333333 -0.26333333 -0.26333333 0.016218401 0.043333333 0.043333333 0.043333333 0.043446572 0.24833333 0.24833333 0.24833333 0.3510577 0.35166667 0.27716645 0.27666667 0.27666667 0.27666667 -0.13833333 -0.13833333 -0.13833333 -0.13833333 -0.25333333 -0.25333333 -0.25333333 -0.25333333 -0.25333333 -0.0016666667 -0.0016666667 -0.0016666667 -0.0016666667 -0.0016670984 -0.20666667 -0.07 -0.07 -0.07 -0.07 -0.069999515 0.081666667 0.081666667 0.081666667 -0.0034824692 -0.18 -0.18 -0.18 -0.073333336 -0.073333425 -0.16833333 -0.16833333 -0.083338604 -0.083333333
0.20166667 0.20166667 -0.095500986 -0.26333333 -0.26333333 -0.26333333 0.084926061 0.043464644 0.043333333 0.043333334 0.24833337 0.24833333 0.24833333 0.24833333 0.24833333 0.25680745 0.27666667 0.27666667 0.27666667 0.27666667 -0.13833012 -0.13833333 -0.13833333 -0.13833333 -0.25333333 -0.25333333 -0.25333333 -0.25333333 -0.25333333 -0.20364809 -0.0016666667 -0.0016666667 -0.0016666667 -0.20666667 -0.20666667 -0.20656054 -0.07 -0.07 0.013478813 0.078333321 0.081666667 0.081666667 0.081666667 -0.0010020626 -0.18 -0.18 -0.18 0.355 -0.16181265 -0.16833333 -0.16833333 -0.083333333 -0.083333333
0.115 0.115 0.115 -0.16847477 -0.26287919 0.085 0.085 0.085 0.085 0.41166666 0.41166667 0.24833334 0.24833333 0.24833333 0.24833333 0.24833513 0.27666667 0.27666667 0.27666667 0.27666667 0.042759205 -0.13833333 -0.13833333 -0.14518126 -0.3934691 -0.25333333 -0.25333333 -0.25333333 -0.275 -0.275 -0.275 -0.27499885 -0.20666667 -0.20666667 -0.20666667 -0.20666667 0.078333333 0.078333333 0.078333333 0.078333333 0.13 0.13 0.13 0.21499829 0.215 0.215 0.21499987 0.355 0.355 -0.16769568 -0.16833333 -0.083330291 -0.083333333
0.115 0.115 0.115 0.11499623 0.045 0.050816657 0.085 0.085 0.085 0.41166667 0.41166667 0.41166667 0.34333333 0.34333333 0.34333333 0.34333333 0.27644074 0.27666667 0.27666667 0.27666667 0.27035951 -0.39999928 -0.4 -0.4 -0.4 -0.4 -0.48833333 -0.48833333 -0.275 -0.275 -0.275 -0.275 -0.20666639 -0.20666667 -0.20666667 -0.20663517 0.078333327 0.078333333 0.078333333 0.077375542 0.13 0.13 0.13 0.21499606 0.215 0.215 0.215 0.355 0.355 0.35500002 0.52 0.52 0.63666667
0.115 0.115 0.115 0.045000161 0.045 0.045 0.084999985 0.085 0.085 0.41166667 0.41166667 0.41166667 0.34333333 0.34333333 0.34333333 0.32886302 0.15333333 0.15333333 0.15333365 0.27597004 -0.4 -0.4 -0.4 -0.4 -0.4 -0.40006648 -0.48833333 -0.48833333 -0.48833333 -0.275 -0.275 -0.27507617 0.18 0.18 0.18 -0.43333333 -0.43333333 -0.14 -0.14 -0.14 0.01 0.12996236 0.13000078 0.235 0.235 0.23424202 0.21500029 0.355 0.355 0.52 0.52 0.52 0.63666667
0.115 0.115 0.115 0.045 0.045 0.045 0.045 0.085 0.085 0.41166667 0.41166667 0.34606568 0.34333333 0.34333333 0.34333333 0.15333333 0.15333333 0.15333333 0.15333333 0.15333333 -0.4 -0.4 -0.4 -0.4 -0.4 -0.48833303 -0.48833333 -0.48833333 -0.48833333 -0.39333333 -0.39333333 -0.39333333 0.18 0.18 0.18 -0.43333333 -0.43333333 -0.14 -0.14 0.01 0.01 0.01 0.235 0.235 0.235 0.235 0.24567915 0.365 0.365 0.365 0.52 0.65166667 0.65166667
0.115 0.115 0.11490252 0.045 0.045 0.045 0.045 0.29728312 0.31 0.31017455 0.41166666 0.34332635 0.34333333 0.34333333 0.34333268 0.15333333 0.15333333 0.15333333 0.15333333 0.15333333 0.06674441 -0.4 -0.4 -0.4 -0.399908 -0.48830323 -0.48833333 -0.48833333 -0.48833333 -0.39333333 -0.39333333 -0.39333333 -0.39324734 0.18 -0.43333333 -0.43333333 -0.43333333 -0.4333209 -0.13998977 0.01 0.01 0.01 0.23498634 0.235 0.235 0.235 0.36499974 0.365 0.365 0.365 0.65166667 0.65166667 0.65166667
