interpolatedSpi/05-10|22_3.tif
NCOLS 53
NROWS 52
XLLCORNER -116.03883
YLLCORNER 28.596182
DX 0.49850594
DY 0.49788537
NODATA_VALUE -9999
[rows 0 to 28 of 52, columns 0 to 52 of 53]
-0.50166667 -0.50166667 -0.94430056 -1.115 -0.75 -0.45166667 -0.61 -0.82 -1.0708879 -0.715 -1.0066667 -0.22 -0.52165637 -0.39666667 -0.41833333 -0.41833333 -0.41833333 0.29166667 0.10666667 0.10666667 0.10666667 0.10666309 -0.265 0.14 0.14 0.14 -0.063334276 -0.063333333 -0.063333333 -0.41666667 -0.41666667 -0.41666667 -0.41666667 0.2683332 0.26833333 0.26833333 0.26833333 0.26833333 0.26833333 0.26833335 0.91965164 0.92650629 0.29666667 0.29666667 0.29666667 0.29666667 0.29680278 0.38 0.38 0.38 0.34500007 0.345 0.345
-0.50170243 -1.3066667 -0.8833331 -0.76197672 -0.52345547 -0.69666667 -0.915 -0.32063794 -0.515 -0.72166667 -0.4 -0.52166667 -0.52166667 0.11661608 -0.39666064 -0.41833333 0.29166667 0.29166667 0.10690788 0.10666667 0.10666667 0.10666667 0.12999895 0.14 0.14 0.14 -0.33666663 -0.33666667 -0.41666667 -0.41666667 -0.41666667 -0.41666667 -0.41666667 0.26833323 0.26833333 0.26833333 0.26833333 0.26833333 0.26833336 0.41680864 1.2015928 0.40648086 0.29666667 0.29666667 0.29666667 0.29666667 0.29666667 0.38 0.38 0.38 0.37709777 0.345 0.345
-0.50498383 -0.505 -0.685 -0.30666667 -0.55333333 -0.76833333 -0.51166667 -0.325 -1.06 -0.25 -0.58166667 -0.34666667 -0.69833333 0.29166667 0.11833333 -0.185 0.29166667 0.29166667 0.29166667 0.018359012 0.018333333 0.018333333 -0.05 0.14 0.14 0.14 -0.33666667 -0.33666667 -0.33666667 -0.41666667 -0.41666667 -0.41666665 -0.25299064 0.26880614 0.27190135 0.648154 0.65166667 0.65166667 0.72084217 1.2016667 1.2016667 1.2005094 0.29666667 0.29666667 0.29666667 0.29666667 0.29666667 0.38 0.38 0.38 0.38 0.345 0.345
-0.55833333 -0.50499993 -0.16505004 0.54333333 -0.72666667 -0.23 -0.26 -0.64 -0.49333333 -0.041602599 -0.13 0.056666666 -0.076666667 0.29166667 -0.685 -0.185 -1.1128464 -1.1190109 -1.285 0.018333333 0.018333333 -0.7 -0.05 -0.05 0.14 0.13999762 -0.33666667 -0.33666667 -0.33666667 -0.64666667 -0.33392036 -0.076666667 -0.076666667 -0.076666091 0.65166667 0.65166667 0.65166667 0.65166667 1.2016667 1.2016667 1.2016667 1.2016666 0.29666667 0.29666667 0.29666667 0.29666667 0.29666667 0.37999895 0.38 0.38 0.38 0.34500093 0.345
-0.55833333 0.51833208 -0.165 0.035398928 -0.72666667 -0.64333333 -0.41498257 0.63666667 -0.29333333 0.66499958 0.19983946 -0.020054908 -0.40333333 -0.685 -0.685 -0.36514099 -1.12 -1.12 -1.285 -1.285 0.01833187 -0.7 0.74833333 0.05 -0.0033333333 -0.0031077343 -0.33666667 -0.33666667 -0.64666667 -0.64666667 -0.076666667 -0.076666667 -0.076666667 0.0022200272 0.65166667 0.65166667 0.65166667 1.2016667 1.2016667 1.2016667 1.2016667 1.2016145 0.29666667 0.29666667 0.29666667 0.29666667 0.29666667 0.29740844 0.38 0.3799997 0.37333333 0.37333333 0.37333333
-2.2133333 -0.27833333 -0.37666668 -0.315 -0.58 -0.37166667 -0.44666667 -0.30796897 -0.071666667 -0.77 -1.3416667 -0.51833333 -0.51833326 -0.50666667 -0.50666667 -0.77331804 -0.77333333 -0.87333333 -0.87333333 -1.2849993 -0.98166667 -0.98166667 0.05 -0.0033333333 -0.0033333333 0.96166667 0.565 0.565 0.51656039 -0.64666667 -0.076666667 -0.076666667 0.34166667 0.34177255 1.3549274 1.285 1.285 1.2274477 1.2016667 1.2016667 0.66234016 0.66166667 0.66166963 0.30321565 0.3033326 0.30333333 0.30333333 0.30333333 0.57796347 0.37333333 0.37333333 0.37333333 0.37333333
-1.7033376 -0.69666667 -0.13408976 -0.31833333 -0.525 -0.73333333 -0.115 0.13666667 -0.0066666667 -0.0066666668 -1.3416667 -0.585 -1.2499998 -0.50666667 -0.70999939 -0.71 -0.77333333 -0.64666667 -0.53166667 -0.53166667 -0.88034472 -0.76666667 -0.76666667 0.72333332 0.96166667 0.96166667 0.565 0.565 0.51663889 0.51615524 0.82756351 0.34166667 0.34166667 1.355 1.355 1.3476336 1.285 1.285 1.3183322 0.66166758 0.66166667 0.66166667 0.66168296 0.30333657 0.30333333 0.30333333 0.30333333 0.30333352 0.62 0.37338222 0.37333333 0.37333333 0.37333333
-1.7033333 -0.023333333 0.21166667 -1.0666667 -0.75501787 -0.64833333 -0.445 0.26333332 -0.49666667 -0.14666667 -0.14666667 -0.61 -1.25 -1.25 -0.7137049 -1.1775219 -1.2233333 -0.34833333 -0.89999962 -0.53166667 -0.0059385745 0.06 -0.63166667 0.30166666 0.30166419 0.11 0.24666667 0.24666678 0.041670306 0.040000017 0.83 0.36926685 0.82 1.355 1.3513873 1.4 1.4 1.3183333 1.3183333 0.66166667 0.66166667 0.66166669 0.88428001 0.8833333 0.30333333 0.30333333 0.30333333 0.61998795 0.62 0.62 0.37333333 0.37333333 0.37333333
-0.21424205 -0.023333336 0.36 -0.28333333 -0.33333333 -0.36666667 -0.2 0.35 0.17333333 -0.10842796 -0.34666667 -0.60333333 -0.60333333 0.21 0.2099923 -1.3080964 -1.3083333 -1.3083333 -0.4325461 -0.46500005 -0.71666667 -0.71666666 0.19166667 -0.30720453 0.12931494 0.11 0.26333333 0.24666667 0.52172562 0.52333333 0.24333333 1.3316667 0.82297606 0.59833333 1.2283333 1.2683333 1.585 0.83833333 1.8095513 0.66717199 1.895 1.06 0.8833876 0.88333333 0.88006878 0.30333333 1.0783333 0.62 0.62 0.62 0.62 0.334321 0.076666667
-1.2816667 -1.2816667 0.42333333 -0.083333333 -0.40833333 0.11166667 -0.235 -0.14166667 -0.135 -0.18000659 0.061666667 0.40833333 0.21 0.21 -0.60833333 -0.61793415 -1.3083333 -1.3081503 -0.49333333 -0.465 -0.465 -0.49742312 0.19166667 0.38999624 0.39 0.39 0.26333333 0.94666667 0.94666667 0.52333333 0.52333333 1.3297511 0.32166667 0.59833333 0.81833333 1.2683333 1.585 1.7116667 1.81 0.49991558 1.06 1.1175498 1.2166667 0.88333333 0.88333333 1.0783333 1.0783333 1.0783333 0.62 0.62 0.06 0.06 0.060000006
-1.2816667 -1.2816667 -0.28666667 -0.52666667 -0.56833333 -0.30833333 -0.42333333 -0.00641393 0.345 -0.018333333 -0.005 -0.385 0.40727688 -0.60833333 -0.60833333 -0.60833276 -0.60333333 -0.59756002 -0.49333333 -0.55166667 -0.55166667 -0.64833333 -0.64833333 0.39 0.39 0.39 0.94666667 0.94666667 0.94666667 -0.445 -0.445 -0.44499874 0.52 0.52 0.50666667 0.091666667 1.2983333 0.91000285 1.1066667 0.47833333 0.47833333 0.38833606 1.2166667 0.88333333 0.80333308 0.44833333 0.89910855 0.89833333 0.86833333 0.86833333 0.06 0.06 0.06
-1.2816667 -0.85204796 -0.38908323 -0.54832413 0.34833333 -0.225 -0.42333333 -0.0066666667 0.34499706 -0.014308041 -0.38499952 -0.385 -0.45 -0.60833333 -0.60833333 -0.60333333 -0.60333333 -0.60332707 -0.49333333 -0.55166667 -0.57065003 -0.64833333 -0.64833333 0.38995866 0.39 0.36315457 0.30833333 0.30833333 0.30833341 -0.445 -0.445 -0.18666667 -0.18666667 0.51999996 0.50666667 0.62000003 1.2897806 0.91 0.91 0.47833333 0.38833333 0.38833333 0.38833646 0.80333333 0.80333333 0.44833333 0.89833333 0.89833333 0.86833333 0.86833333 0.06 0.06 0.06
0.285 0.038996712 0.069978048 0.065531846 0.34833016 -0.22498646 -0.42333333 -0.011795584 0.32076657 0.3355124 -0.45 -0.45 -0.45 -0.45 -0.6083109 -0.60333333 -0.60333333 -0.60191306 -0.49333333 -0.55155492 -0.16666667 -0.16666667 -0.16666667 -0.16666667 0.38051602 0.30833333 0.30833333 0.30833333 0.30833333 0.30780216 -0.18666667 -0.18666667 -0.18666667 -0.18666667 0.62 0.62 0.62 0.89640795 0.90431702 0.15333333 0.15333333 0.38832069 0.3300162 0.80328774 0.80333333 0.44833333 0.89833333 0.89833333 0.86833333 0.86833333 0.062932546 0.06 0.29128005
0.285 0.07 0.07 0.07 0.07 0.06999988 -0.42282557 -0.22613653 0.25611397 -0.44915285 -0.45 -0.45 -0.45 -0.45 -0.44999969 -0.60333333 -0.60333332 -0.59578808 -0.49333381 -0.16666667 -0.16666667 -0.16666667 -0.16666667 -0.16666667 -0.16169299 0.090227152 -0.023333265 -0.023333333 -0.023333333 -0.023333333 -0.18666667 -0.18666667 -0.18666679 -0.29333333 -0.29333333 0.62 0.17603245 0.16333333 0.15333334 0.15333333 0.15333333 0.15333333 0.33 0.33 0.33 0.33082349 0.82869532 0.82833333 0.82833333 0.82833333 0.82833333 0.66999987 0.67
0.795 0.07 0.07 0.07 0.07 0.07 0.069999969 -0.23689106 -0.022043984 -0.023333334 -0.023333333 -0.023333333 -0.023333333 -0.023333333 -0.023333337 0.30644214 -0.5887765 -0.58827045 -0.16670778 -0.16666667 -0.16666667 -0.16666667 -0.16666667 -0.16666618 0.063333333 0.063333333 0.063333211 -0.023333333 -0.023333333 -0.023840618 -0.27666667 -0.27666667 -0.29333333 -0.29333333 -0.29333333 0.090180245 0.16333333 0.16333333 0.16333333 0.15333333 0.15333333 0.15333333 0.33 0.33 0.33 0.33 0.82833332 0.82833333 0.82833333 0.82833333 0.82833333 0.67 0.67
0.795 0.52509074 0.07 0.07 0.07 0.07 -0.018315997 -0.018333333 -0.018333333 -0.023333333 -0.023333333 -0.023333333 -0.023333333 -0.023333333 0.050937689 0.31333333 0.31333333 0.31333333 0.24706981 0.24833291 0.24833333 0.24833333 0.24833333 0.24833333 0.063333333 0.063333333 0.063333333 0.063333333 -0.023333333 -0.27666667 -0.27666667 -0.27666667 -0.29333333 -0.29333333 -0.29333333 0.031666667 0.163159 0.16333333 0.16333333 0.15326194 0.010728631 -0.32190868 0.33 0.33 -0.21996419 -0.22166667 -0.22166667 0.8260163 -0.57507851 -0.57999988 -0.57999973 -0.30985173 0.66999801
0.795 0.19002968 0.12229142 0.07 0.07 -0.018281142 -0.018333333 -0.018333333 -0.018333333 -0.018369365 -0.023333333 -0.023333333 -0.023333333 -0.023333293 0.31333333 0.31333333 0.31333333 0.31333333 0.2483914 0.24833333 0.24833333 0.24833333 0.24833333 0.24833333 0.063333338 0.063333333 0.063333333 0.063333333 0.062096633 -0.27666667 -0.27666667 -0.27666667 0.039999992 -0.29329223 0.031666667 0.031666667 0.031666667 0.030284075 -0.29251728 -0.32333333 -0.32333333 -0.32333333 -0.53833333 -0.53833333 -0.22166667 -0.22166667 -0.22166667 -0.58 -0.58 -0.58 -0.58 -0.31 -0.31
0.17378976 0.17333333 0.17333333 0.17333333 -0.325 -0.018341244 -0.018333333 -0.018333333 -0.018333333 -0.018333333 0.052879575 -0.023320216 -0.023333305 0.31333333 0.31333333 0.31333333 0.31333333 0.31333333 0.29508592 0.24833333 0.24833333 0.24833333 0.24833333 0.24833333 -0.088862162 -0.49166366 -0.49166667 -0.49166667 -0.49166667 -0.27666665 0.039999995 0.04 0.04 0.04 0.031666667 0.031663331 -0.095 -0.095 -0.32048225 -0.32333333 -0.32333333 -0.32333333 -0.53833333 -0.53833333 -0.27069757 -0.22166667 -0.22166667 -0.58 -0.58 -0.58 -0.5771049 -0.31 -0.31
0.17333333 0.17333333 0.17333333 -0.061339267 -0.325 -0.325 -0.018333333 -0.018333333 -0.018333333 -0.018333333 0.98333333 0.98333333 0.98333333 0.31333333 0.31333333 0.31333333 0.31333333 0.31331488 0.105 0.105 0.24833328 0.24833333 0.24107017 -0.05 -0.053976133 -0.49166667 -0.49166667 -0.49166667 -0.49166667 0.039945863 0.04 0.04 0.04 0.04 -0.094999555 -0.095 -0.095 -0.095 -0.095809396 -0.32333333 -0.32333333 -0.32333333 -0.53833333 -0.53833333 -0.53833333 -0.22166667 -0.22166667 -0.57999999 -0.58 -0.58 -0.31 -0.31 -0.31
0.17333333 0.17333333 0.17333333 -0.325 -0.325 -0.325 -0.32499953 -0.018333333 -0.018333333 0.98229933 0.98333333 0.98333333 0.98333333 0.98291589 0.22294783 0.20166667 0.20166667 0.20166667 0.105 0.105 0.105 -0.05 -0.05 -0.05 -0.050084506 -0.41823326 -0.49166667 -0.49166667 -0.49166667 -0.1335527 -0.15831383 -0.15833333 -0.15833333 -0.15833333 -0.14075864 -0.20499975 -0.205 -0.205 -0.205 -0.80660053 -0.80666667 -0.80666667 -0.53833333 -0.53833333 -0.54666663 -0.54666647 0.013333333 0.013333333 -0.19 -0.19 -0.19 -0.31 0.22452165
0.17333281 0.17333333 0.17333332 -0.325 -0.325 -0.325 -0.325 -0.27333326 -0.019352923 0.98264569 0.98333333 0.98333333 0.98333333 0.98179949 0.20166667 0.20166667 0.20166667 0.20166664 0.105 0.105 0.105 -0.05 -0.05 -0.05 -0.35166667 -0.35166667 -0.44666667 -0.44666667 -0.44666667 -0.44509372 -0.15833333 -0.15833333 -0.15833333 -0.15833333 -0.18165397 -0.205 -0.205 -0.205 -0.205 -0.80666667 -0.80666667 -0.80666667 -0.79848607 -0.54666667 -0.54666667 -0.54666667 0.013333333 0.013333333 -0.19 -0.19 -0.19 0.22499999 0.225
0.0033333333 0.072499164 -0.21833333 -0.21836428 -0.325 -0.27363227 -0.27333333 -0.27333333 -0.22049843 0.22499999 0.225 0.225 0.225 0.23333306 0.23333333 0.20166669 0.20166667 0.19911964 0.105 0.105 0.105 -0.42 -0.42 -0.42 -0.35166667 -0.35166667 -0.44666667 -0.44666667 -0.44666667 -0.44666676 -0.57499735 -0.57499883 -0.16880562 -0.15878003 -0.89582116 -0.89666667 -0.89666667 -0.89666667 -0.89666667 -0.80666667 -0.80666667 -0.80666667 -0.56098319 -0.54666667 -0.54666667 -0.54666664 0.013333333 0.013333333 0.013326014 -0.19 -0.18999225 -0.016666667 0.225
-0.19496234 -0.195 -0.21833333 -0.21833333 -0.21833333 -0.27333333 -0.27333333 -0.27333333 -0.12833333 -0.12833333 0.225 0.225 0.225 0.23333333 0.23333333 0.23333333 0.23333333 0.23331897 0.105 0.105 0.10499998 -0.42 -0.42 -0.42 -0.35166667 -0.35166667 -0.44666667 -0.44666667 -0.44666667 -0.57355303 -0.575 -0.575 -0.575 -0.575 -0.89650794 -0.89666667 -0.89666667 -0.89666667 -0.89666667 -0.97499996 -0.975 -0.975 -0.975 -0.54666557 -0.40333333 -0.40333333 -0.40333333 0.02 0.02 0.02 -0.016666667 -0.016666667 -0.016666667
-0.195 -0.195 -0.21833333 -0.21833333 -0.21833333 -0.27304424 -0.27333333 -0.12833333 -0.12833333 -0.12833333 0.2249565 0.225 0.020718819 0.23333327 0.23333333 0.23333333 0.23333333 -0.11833333 -0.11833333 -0.11833333 -0.85666666 -0.85666634 -0.42000213 -0.42 -0.42031479 -0.98333333 -0.98333333 -0.98333205 -0.4467534 -1.053238 -1.0533308 -1.0532498 -0.57581752 -0.5754128 -0.83968716 -0.89666683 -0.8980686 -1.315 -1.315 -0.975 -0.975 -0.975 -0.975 -0.40333333 -0.40333333 -0.40333333 -0.40333333 0.02 0.02 0.02 -0.016666667 -0.016666667 -0.016666667
-0.195 -0.195 -0.21833333 -0.21833333 -0.21833333 -0.21833333 -0.21906407 -0.12833333 -0.12833333 -0.12833333 -0.12827625 -0.025 -0.025 -0.025 0.23181092 0.23333333 -0.11598991 -0.11833333 -0.11833333 -0.11833333 -0.85666667 -0.85666667 -0.85666667 -0.85666667 -0.98333333 -0.98333333 -0.98333333 -0.98333333 -0.98333333 -1.0533333 -1.0533333 -1.0533333 -1.0533333 -1.0533331 -0.94333333 -1.315 -1.315 -1.315 -1.315 -1.3149983 -0.82 -0.82 -0.82 -0.71640923 -0.50166667 -0.50166667 -0.50166667 0.019999985 0.019999654 -0.33666667 -0.33666667 0.19994729 0.2
-0.195 -0.195 -0.20991164 -0.21833333 -0.21833333 -0.21833333 -0.18656315 -0.12851717 -0.12833333 -0.12833333 -0.024999989 -0.025 -0.025 -0.025 -0.025 -0.0038391324 -0.11833333 -0.11833333 -0.11833333 -0.11833333 -0.85666096 -0.85666667 -0.85666667 -0.85666667 -0.98333333 -0.98333333 -0.98333333 -0.98333333 -0.98333333 -1.2811782 -1.0533333 -1.0533333 -1.0533333 -0.94333333 -0.94333333 -0.94362194 -1.315 -1.315 -1.1255312 -0.97833336 -0.82 -0.82 -0.82 -0.71920224 -0.50166667 -0.50166667 -0.50166667 -1.0483333 -0.34553396 -0.33666667 -0.33666667 0.2 0.2
-0.19 -0.19 -0.19 -0.21122939 -0.21839535 -0.18666667 -0.18666667 -0.18666667 -0.18666667 0.028333332 0.028333333 -0.024999996 -0.025 -0.025 -0.025 -0.025005929 -0.11833333 -0.11833333 -0.11833333 -0.11833333 -0.53448195 -0.85666667 -0.85666667 -0.84999321 -0.61866185 -0.98333333 -0.98333333 -0.98333333 -1.3616667 -1.3616667 -1.3616667 -1.3616654 -0.94333333 -0.94333333 -0.94333333 -0.94333333 -0.97833333 -0.97833333 -0.97833333 -0.97833333 -0.81 -0.81 -0.81 -0.91833116 -0.91833333 -0.91833333 -0.9183332 -1.0483333 -1.0483333 -0.33753379 -0.33666667 0.19999736 0.2
-0.19 -0.19 -0.19 -0.19000386 -0.26166667 -0.25076043 -0.18666667 -0.18666667 -0.18666667 0.028333333 0.028333333 0.028333333 -0.37333332 -0.37333333 -0.37333333 -0.37333332 -0.11789064 -0.11833333 -0.11833333 -0.11833333 -0.12951517 -0.60166737 -0.60166667 -0.60166667 -0.60166667 -0.60166668 -0.93666667 -0.93666667 -1.3616667 -1.3616667 -1.3616667 -1.3616667 -0.94333328 -0.94333333 -0.94333333 -0.94332722 -0.97833332 -0.97833333 -0.97833333 -0.97695879 -0.81 -0.81 -0.81 -0.91832831 -0.91833333 -0.91833333 -0.91833333 -1.0483333 -1.0483333 -1.0483332 -0.32333333 -0.32333333 -0.32166667
-0.19 -0.19 -0.19 -0.2616665 -0.26166667 -0.26166667 -0.18666669 -0.18666667 -0.18666667 0.028333333 0.028333333 0.028333333 -0.37333333 -0.37333333 -0.37333333 -0.33550742 0.12333333 0.12333333 0.12333271 -0.11696834 -0.60166667 -0.60166667 -0.60166667 -0.60166667 -0.60166667 -0.60191877 -0.93666667 -0.93666667 -0.93666667 -1.3616667 -1.3616667 -1.3615347 -0.86833333 -0.86833333 -0.86833333 -0.5 -0.5 -0.665 -0.665 -0.665 -0.215 -0.80981337 -0.80999818 -0.56666667 -0.56666667 -0.57999443 -0.91833262 -1.0483333 -1.0483333 -0.32333333 -0.32333333 -0.32333333 -0.32166667
