interpolatedSpi/05-10|20_1.tif
NCOLS 53
NROWS 52
XLLCORNER -116.03883
YLLCORNER 28.596182
DX 0.49850594
DY 0.49788537
NODATA_VALUE -9999
[rows 0 to 28 of 52, columns 0 to 52 of 53]
-0.013333333 -0.013333333 -0.0070156631 -0.44166667 0.066666667 0.23 0.55666667 0.66333333 0.17784572 0.085 -0.096666667 0.31833333 0.18333649 0.22166667 0.066666667 0.066666667 0.066666667 -0.016666667 0.33833333 0.33833333 0.33833333 0.33833247 0.24833333 0.093333333 0.093333333 0.093333333 0.52000038 0.52 0.52 -0.031666667 -0.031666667 -0.031666667 -0.031666667 0.43999991 0.44 0.44 0.44 0.44 0.44 0.44000002 1.1308914 1.1382449 0.79166667 0.79166667 0.79166667 0.79166667 0.79195795 0.97 0.97 0.97 0.94333339 0.94333333 0.94333333
-0.013345182 -0.28 0.036667126 0.10937371 0.24158953 0.35 0.28166667 0.34183572 -0.033333333 0.083333333 0.31166667 0.18333333 0.18333333 0.26983883 0.22166588 0.066666667 -0.016666667 -0.016666667 0.33787046 0.33833333 0.33833333 0.33833333 0.066751602 0.093333333 0.093333333 0.093333333 -0.073333322 -0.073333333 -0.031666666 -0.031666667 -0.031666667 -0.031666667 -0.031666667 0.43999993 0.44 0.44 0.44 0.44 0.44000003 0.46110342 0.53335001 0.76032016 0.79166667 0.79166667 0.79166667 0.79166667 0.79166667 0.97 0.97 0.97 0.96778877 0.94333333 0.94333333
0.29999189 0.3 0.435 0.57666667 0.43666667 0.28166667 0.39166667 0.11 0.31833333 0.32333333 0.40333333 0.065 -0.335 0.068333333 0.27 0.58666667 -0.016666667 -0.016666667 -0.016666667 0.07341037 0.073333333 0.073333333 -0.41166667 0.093333333 0.093333333 0.093333333 -0.073333333 -0.073333333 -0.073333333 -0.031666667 -0.031666667 -0.03166669 -0.2651457 0.44003579 0.44395584 0.86110552 0.865 0.865 0.82328507 0.53333334 0.53333333 0.53366368 0.79166667 0.79166667 0.79166667 0.79166667 0.79166667 0.97 0.97 0.97 0.97 0.94333333 0.94333333
0.31666667 0.30000001 0.34666309 0.455 0.30666667 0.38666667 0.78666667 0.035 0.34666667 0.35373728 0.46166667 0.375 0.071666667 0.068333333 0.20333333 0.58666667 -0.44372243 -0.45136188 -0.17 0.073333333 0.073333333 -0.34 -0.41166667 -0.41166667 0.093333333 0.093332501 -0.073333333 -0.073333333 -0.073333333 -0.615 -0.56104669 -0.51666667 -0.51666667 -0.51666558 0.865 0.865 0.865 0.865 0.53333333 0.53333333 0.53333333 0.53333334 0.79166667 0.79166667 0.79166667 0.79166667 0.79166667 0.96999775 0.97 0.97 0.97 0.94328428 0.94333333
0.31666667 0.34000001 0.34666667 0.56180105 0.30666667 0.66666667 0.30669455 0.14666667 -0.0083333333 0.25833328 0.22437693 0.20668409 0.32833333 0.20333333 0.20333333 0.44350739 -0.45166667 -0.45166667 -0.17 -0.17 0.073332464 -0.34 -0.39 -0.35333333 -0.41833333 -0.41831142 -0.073333333 -0.073333333 -0.615 -0.615 -0.51666667 -0.51666667 -0.51666667 -0.44280886 0.865 0.865 0.865 0.53333333 0.53333333 0.53333333 0.53333333 0.53328877 0.79166666 0.79166667 0.79166667 0.79166667 0.79166667 0.79325405 0.97 0.96993147 -0.55833333 -0.55833333 -0.55833333
-0.68333333 0.255 0.33 0.48333333 0.57333333 0.64833333 0.44333333 0.4053515 0.28 0.08 0.395 -0.39 -0.38999953 -0.038333333 -0.038333333 -0.33165017 -0.33166667 -0.28 -0.28 -0.17000019 -0.76333333 -0.76333333 -0.35333333 -0.41833333 -0.41833333 -0.325 -0.55166667 -0.55166667 -0.1000467 -0.615 -0.51666667 -0.51666667 -0.125 -0.12501881 -0.30498713 -0.335 -0.335 0.26469459 0.53333333 0.53333333 0.072242464 0.071666668 0.071667409 -0.092445868 -0.10823386 -0.10833309 -0.1083333 -0.108333 -0.30821516 -0.55833333 -0.55833333 -0.55833333 -0.55833333
-0.195 -0.065 -0.25961575 0.14333333 0.44 0.11166667 0.175 0.5 0.21333333 0.21333333 0.395 -0.078333333 -0.028333402 -0.038333333 -0.26333266 -0.26333333 -0.33166667 -0.37 -0.38 -0.38 -0.77747128 -0.79333333 -0.79333333 -0.585 -0.325 -0.325 -0.55166667 -0.55166667 -0.099997378 -0.099951719 -0.036723482 -0.125 -0.125 -0.305 -0.305 -0.55467148 -0.335 -0.335 -0.77498475 0.071665488 0.071666667 0.071666667 0.071669961 -0.10833384 -0.10833333 -0.10833333 -0.10833333 -0.10833345 -0.31 -0.55828412 -0.55833333 -0.55833333 -0.55833333
-0.195 -0.42833333 -0.20166667 -0.62333333 -0.68832961 -0.20166667 0.19166667 -0.17333333 -0.1 0.025 0.025 -0.29833333 -0.028333333 -0.028333333 -0.26172102 -0.25422576 -0.25333333 -0.29333333 -0.50333321 -0.38 -0.64160073 -0.6 -0.82666667 -0.92333333 -0.92333232 -0.845 -0.745 -0.74499993 -0.055157686 -0.055 -0.036666667 -0.16789302 -0.10666667 -0.305 -0.30732923 -0.73833333 -0.73833333 -0.775 -0.775 0.071666667 0.071666667 0.071666673 -0.19775783 -0.19833333 -0.10833333 -0.10833333 -0.10833333 -0.30999232 -0.31 -0.31 -0.55833333 -0.55833333 -0.55833333
-0.45437783 -0.42833333 -0.36166667 -0.50333333 -0.075 -0.19166667 0.018333333 0.20833333 0.42 0.33759811 0.17666667 -0.086666664 -0.086666667 -0.275 -0.27499605 -0.28324972 -0.28333333 -0.28333333 -0.32539015 -0.74666674 -1.09 -1.09 -0.675 -0.76689733 -0.85289393 -0.845 -0.65 -0.745 -0.62238336 -0.62166667 -0.185 0.096666667 -0.077094099 -0.51833333 -0.38666667 -0.51666667 -0.525 -0.60833333 -0.77825483 0.073042997 0.38 -0.145 -0.19830973 -0.19833333 -0.19782676 -0.10833333 -0.38999999 -0.31 -0.31 -0.31 -0.31 -0.59340293 -0.21666667
-0.6 -0.6 -0.475 -0.37666667 -0.11 0.1 0.061666667 0.17333333 0.40166667 0.31664773 0.18666667 0.21333333 -0.275 -0.275 0.145 0.13912521 -0.28333333 -0.28330291 -0.15666667 -0.74666667 -0.74666667 -0.79089951 -0.675 -0.5800018 -0.58 -0.58 -0.65 -0.27333333 -0.27333333 -0.62166667 -0.62166667 0.096012335 -0.24833333 -0.51833333 -0.36 -0.51666667 -0.525 -0.675 -0.77833333 0.036575238 -0.14499998 -0.11132722 -0.053333333 -0.19833333 -0.19833333 -0.39 -0.39 -0.39 -0.31 -0.31 -0.84 -0.84 -0.83999977
-0.6 -0.6 -0.54666667 -0.37166667 -0.77666667 -0.23666667 -0.28166666 0.32979573 0.31833333 0.21333333 0.26833333 -0.063333333 0.21296429 0.145 0.145 0.14497327 -0.086666667 -0.090340595 -0.15666667 -0.335 -0.335 -0.41666667 -0.41666667 -0.58 -0.58 -0.58 -0.27333333 -0.27333333 -0.27333333 -0.575 -0.575 -0.57499946 -0.57166667 -0.57166667 -0.44 -0.60833333 -0.54 -0.20499912 -0.69833333 0.05 0.05 0.0066664695 -0.053333333 -0.19833333 -0.20000013 -0.38166667 -0.44476313 -0.445 -0.55833333 -0.55833333 -0.84 -0.84 -0.84
-0.6 -0.57691386 -0.47198792 -0.64332815 -0.45333333 -0.65 -0.28166667 0.33 0.31833343 0.21449661 -0.063332973 -0.063333333 0.03 0.145 0.145 -0.086666659 -0.086666667 -0.086670651 -0.15666667 -0.335 -0.35103767 -0.41666667 -0.41666667 -0.57999316 -0.58 -0.61068049 -0.67333333 -0.67333333 -0.67333328 -0.575 -0.575 -0.53333333 -0.53333333 -0.57166631 -0.44 -0.27166688 -0.46971135 -0.205 -0.205 0.049999999 0.0066666667 0.0066666667 0.0066651626 -0.2 -0.2 -0.38166667 -0.445 -0.445 -0.55833333 -0.55833333 -0.84 -0.84 -0.84
0.14 0.19250539 0.25330975 0.24683742 -0.45333442 -0.64999536 -0.28166668 0.32247074 0.31913729 0.3155915 0.03 0.03 0.03 0.03 0.14498371 -0.086666666 -0.086666667 -0.087570478 -0.15666667 -0.33494343 -0.14333333 -0.14333333 -0.14333333 -0.14333333 -0.57269363 -0.67333333 -0.67333333 -0.67333333 -0.67333333 -0.67323034 -0.53333333 -0.53333333 -0.53333333 -0.53333333 -0.27166667 -0.27166667 -0.27166667 -0.2080939 -0.20290957 0.073333333 0.073333333 0.0066702525 -0.0083398945 -0.19998154 -0.2 -0.38166667 -0.445 -0.445 -0.55833333 -0.55833333 -0.83897814 -0.84 -0.060807685
0.14 0.25333333 0.25333333 0.25333333 0.25333333 0.25333295 -0.28260948 0.0077497212 0.32128213 0.03030789 0.03 0.03 0.03 0.03 0.029999957 -0.086666663 -0.086666678 -0.091468189 -0.15666565 -0.14333333 -0.14333333 -0.14333333 -0.14333333 -0.14333333 -0.14369571 -0.52746092 -0.50833337 -0.50833333 -0.50833333 -0.50833333 -0.53333333 -0.53333333 -0.53333358 -0.735 -0.735 -0.27166667 -0.059404807 -0.053333333 0.07333326 0.073333333 0.073333333 0.073333333 -0.0083333333 -0.0083333333 -0.0083333333 -0.010931393 -0.40855875 -0.40833333 -0.40833333 -0.40833333 -0.40833334 0.19333312 0.19333333
0.115 0.25333333 0.25333333 0.25333333 0.25333333 0.25333333 0.2533333 -0.19361459 -0.02990758 -0.031666667 -0.031666667 -0.031666667 -0.031666667 -0.031666667 -0.031666666 0.00098469783 -0.085271085 -0.096251992 -0.14333499 -0.14333333 -0.14333333 -0.14333333 -0.14333333 -0.14333332 -0.16 -0.16 -0.16000049 -0.50833333 -0.50833333 -0.50807969 -0.38166667 -0.38166667 -0.735 -0.735 -0.735 -0.16252887 -0.053333333 -0.053333333 -0.053333333 0.073333333 0.073333333 0.073333333 -0.0083333333 -0.0083333333 -0.0083333333 -0.0083333334 -0.40833333 -0.40833333 -0.40833333 -0.40833333 -0.40833333 0.19333333 0.19333333
0.115 0.16649993 0.25333333 0.25333333 0.25333333 0.25333333 -0.33321819 -0.33333333 -0.33333333 -0.031666667 -0.031666667 -0.031666667 -0.031666667 -0.031666667 -0.0243131 0.0016666667 0.0016666667 0.0016666667 -0.13336357 -0.13333334 -0.13333333 -0.13333333 -0.13333333 -0.13333333 -0.16 -0.16 -0.16 -0.16 -0.50833333 -0.38166667 -0.38166667 -0.38166667 -0.73499997 -0.735 -0.735 0.05 -0.053196517 -0.053333333 -0.053333333 0.073312063 0.030950817 -0.067909923 -0.0083333334 -0.0083333333 -0.23097745 -0.23166667 -0.23166667 -0.40782633 -0.10107749 -0.10000003 -0.10000006 0.018359792 0.19333298
0.115 0.042014333 0.14537685 0.25333333 0.25333333 -0.3329867 -0.33333333 -0.33333333 -0.33333333 -0.33115944 -0.031666667 -0.031666667 -0.031666667 -0.031666663 0.0016666667 0.0016666667 0.0016666667 0.0016666667 -0.13321274 -0.13333333 -0.13333333 -0.13333333 -0.13333333 -0.13333333 -0.16 -0.16 -0.16 -0.16 -0.16080628 -0.38166667 -0.38166667 -0.38166667 0.016666657 -0.73490201 0.05 0.05 0.05 0.04830678 -0.06738486 -0.068333333 -0.068333333 -0.068333333 -0.12833333 -0.12833333 -0.23166667 -0.23166667 -0.23166667 -0.1 -0.1 -0.1 -0.1 0.018333333 0.018333333
0.040078042 0.04 0.04 0.039999996 -0.32833333 -0.3333332 -0.33333333 -0.33333333 -0.33333333 -0.33333333 -0.042265928 -0.031668491 -0.031666671 0.0016666667 0.0016666667 0.0016666667 0.0016666667 0.0016666667 -0.046162411 -0.13333333 -0.13333333 -0.13333333 -0.13333333 -0.13333333 -0.077350048 0.033332286 0.033333333 0.033333333 0.033333333 -0.38166665 0.01666666 0.016666667 0.016666667 0.016666667 0.05 0.049995962 -0.10333333 -0.10333333 -0.06877036 -0.068333333 -0.068333333 -0.068333333 -0.12833333 -0.12833333 -0.21566711 -0.23166667 -0.23166667 -0.1 -0.1 -0.1 -0.098731159 0.018333333 0.018333333
0.04 0.04 0.04 -0.13345366 -0.32833333 -0.32833333 -0.33333333 -0.33333333 -0.33333333 -0.33333333 -0.17166667 -0.17166667 -0.17166667 0.0016666667 0.0016666667 0.0016666667 0.0016666667 0.0015777038 -0.58833333 -0.58833333 -0.13333352 -0.13333333 -0.13662002 -0.26833333 -0.26561756 0.033333333 0.033333333 0.033333333 0.033333333 0.016668363 0.016666667 0.016666667 0.016666667 0.016666667 -0.10333279 -0.10333333 -0.10333333 -0.10333333 -0.10320391 -0.068333333 -0.068333333 -0.068333333 -0.12833333 -0.12833333 -0.12833333 -0.23166667 -0.23166667 -0.099999999 -0.1 -0.099999999 0.018333333 0.018333333 0.018333333
0.04 0.04 0.04 -0.32833333 -0.32833333 -0.32833333 -0.32833334 -0.33333333 -0.33333333 -0.17183355 -0.17166667 -0.17166667 -0.17166667 -0.17155868 -0.4340724 -0.53666667 -0.53666667 -0.53666667 -0.58833333 -0.58833333 -0.58833333 -0.26833333 -0.26833333 -0.26833333 -0.26833707 -0.13189182 0.033333333 0.033333333 0.033333332 0.16203992 0.19498246 0.195 0.195 0.195 -0.057265183 0.0066664168 0.0066666667 0.0066666667 0.0066666667 -0.15832102 -0.15833333 -0.15833333 -0.12833333 -0.12833333 0.21333191 0.2133333 0.115 0.115 0.11666667 0.11666667 0.11666667 0.018333333 0.41797568
0.040000062 0.04 0.039999987 -0.32833333 -0.32833333 -0.32833333 -0.32833334 -0.51166661 -0.33404638 -0.17194323 -0.17166667 -0.17166667 -0.17166667 -0.1723829 -0.53666667 -0.53666667 -0.53666667 -0.53666668 -0.58833333 -0.58833333 -0.58833333 -0.26833333 -0.26833333 -0.26833333 -0.28166667 -0.28166667 -0.225 -0.225 -0.225 -0.22270877 0.195 0.195 0.195 0.195 0.10088497 0.0066666667 0.0066666667 0.0066666667 0.0066666667 -0.15833333 -0.15833333 -0.15833333 -0.14663928 0.21333333 0.21333333 0.21333333 0.115 0.115 0.11666667 0.11666667 0.11666667 0.41833332 0.41833333
0.06 0.039428758 -0.32 -0.32000242 -0.32833333 -0.51060591 -0.51166667 -0.51166667 -0.48676746 -0.47666667 -0.47666667 -0.47666667 -0.47666667 -0.86498736 -0.865 -0.53666692 -0.53666667 -0.53802801 -0.58833333 -0.58833333 -0.58833333 -0.56166667 -0.56166667 -0.56166667 -0.28166667 -0.28166667 -0.225 -0.225 -0.225 -0.22499984 0.0016678954 0.0016672096 0.19014086 0.19479273 -0.42928474 -0.43 -0.43 -0.43 -0.43 -0.15833333 -0.15833333 -0.15833333 0.19286793 0.21333333 0.21333333 0.21333327 0.115 0.115 0.11500006 0.11666667 0.11668045 0.425 0.41833333
-0.19828428 -0.19833335 -0.32 -0.32 -0.32 -0.51166667 -0.51166667 -0.51166667 -0.44333333 -0.44333333 -0.47666667 -0.47666667 -0.47666667 -0.865 -0.865 -0.865 -0.865 -0.86496805 -0.58833333 -0.58833333 -0.58833333 -0.56166667 -0.56166667 -0.56166667 -0.28166667 -0.28166667 -0.225 -0.225 -0.225 -0.00088901661 0.0016666667 0.0016666667 0.0016666667 0.0016666667 -0.429787 -0.43 -0.43 -0.43 -0.43 -0.56833323 -0.56833333 -0.56833333 -0.56833333 0.21333049 -0.15666667 -0.15666667 -0.15666667 0.175 0.175 0.175 0.425 0.425 0.425
-0.19833333 -0.19833333 -0.32 -0.32 -0.32 -0.51065923 -0.51166667 -0.44333333 -0.44333333 -0.44333333 -0.47666256 -0.47666667 -0.86071529 -0.86500002 -0.865 -0.865 -0.865 -1.105 -1.105 -1.105 -0.81833333 -0.81833314 -0.56166792 -0.56166667 -0.56173725 -0.81333333 -0.81333333 -0.81333193 -0.22509508 -0.19995981 -0.19999893 -0.19996479 0.0013219974 0.0014926304 -0.35325017 -0.43000005 -0.43047476 -0.57166667 -0.57166667 -0.56833333 -0.56833333 -0.56833333 -0.56833333 -0.15666667 -0.15666667 -0.15666667 -0.15666667 0.175 0.175 0.175 0.425 0.425 0.425
-0.19833333 -0.19833333 -0.32 -0.32 -0.32 -0.32 -0.4860915 -0.44333333 -0.44333333 -0.44333333 -0.44361137 -0.94666667 -0.94666667 -0.94666667 -0.86548128 -0.865 -1.1034007 -1.105 -1.105 -1.105 -0.81833333 -0.81833333 -0.81833333 -0.81833333 -0.81333333 -0.81333333 -0.81333333 -0.81333333 -0.81333333 -0.2 -0.2 -0.2 -0.2 -0.20000062 -0.495 -0.57166667 -0.57166667 -0.57166667 -0.57166667 -0.57166696 -0.665 -0.665 -0.665 -0.55435815 -0.325 -0.325 -0.325 0.17499999 0.17499994 0.11666667 0.11666667 0.011767221 0.011666667
-0.19833333 -0.19833333 -0.27608688 -0.32 -0.32 -0.32000002 -1.0522509 -0.44525572 -0.44333333 -0.44333333 -0.94666669 -0.94666667 -0.94666667 -0.94666667 -0.94666667 -0.93999627 -1.105 -1.105 -1.105 -1.105 -0.81833555 -0.81833333 -0.81833333 -0.81833333 -0.81333333 -0.81333333 -0.81333333 -0.81333333 -0.81333333 -0.57686777 -0.2 -0.2 -0.2 -0.495 -0.495 -0.49505953 -0.57166667 -0.57166667 -0.49193971 -0.43000001 -0.665 -0.665 -0.665 -0.55560875 -0.325 -0.325 -0.325 -0.17666667 0.11301176 0.11666667 0.11666667 0.011666667 0.011666667
-0.915 -0.915 -0.915 -0.46918286 -0.32132888 -1.0533333 -1.0533333 -1.0533333 -1.0533333 -1.0633333 -1.0633333 -0.94666667 -0.94666667 -0.94666667 -0.94666667 -0.94667671 -1.105 -1.105 -1.105 -1.105 -0.94342537 -0.81833333 -0.81833333 -0.81868227 -0.8308503 -0.81333333 -0.81333333 -0.81333333 -0.71 -0.71 -0.71 -0.70999786 -0.495 -0.495 -0.495 -0.495 -0.43 -0.43 -0.43 -0.43 -0.67666667 -0.67666667 -0.67666667 -0.28000798 -0.28 -0.28 -0.28000001 -0.17666667 -0.17666667 0.11630926 0.11666667 0.011665238 0.011666667
-0.915 -0.915 -0.915 -0.91501678 -1.2266667 -1.2014612 -1.0533333 -1.0533333 -1.0533333 -1.0633333 -1.0633333 -1.0633333 -1.1233333 -1.1233333 -1.1233333 -1.1233333 -1.1046947 -1.105 -1.105 -1.105 -1.1006538 -0.83166663 -0.83166667 -0.83166667 -0.83166667 -0.83166666 -0.64 -0.64 -0.71 -0.71 -0.71 -0.71 -0.49500009 -0.495 -0.495 -0.49500977 -0.43 -0.43 -0.43 -0.42947358 -0.67666667 -0.67666667 -0.67666667 -0.28001839 -0.28 -0.28 -0.28 -0.17666667 -0.17666667 -0.17666668 -0.27166667 -0.27166667 -0.25166667
-0.915 -0.915 -0.915 -1.2266659 -1.2266667 -1.2266667 -1.0533334 -1.0533333 -1.0533333 -1.0633333 -1.0633333 -1.0633333 -1.1233333 -1.1233333 -1.1233333 -1.1092438 -0.93833333 -0.93833333 -0.93833376 -1.1040586 -0.83166667 -0.83166667 -0.83166667 -0.83166667 -0.83166667 -0.83152243 -0.64 -0.64 -0.64 -0.71 -0.71 -0.70984874 -0.615 -0.615 -0.615 -0.405 -0.405 -0.31 -0.31 -0.31 -0.38333333 -0.67657466 -0.67666279 -0.15666667 -0.15666667 -0.16134086 -0.2799995 -0.17666667 -0.17666667 -0.27166667 -0.27166667 -0.27166667 -0.25166667
