interpolatedSpi/05-10|23_2.tif
NCOLS 53
NROWS 52
XLLCORNER -116.03883
YLLCORNER 28.596182
DX 0.49850594
DY 0.49788537
NODATA_VALUE -9999
[rows 0 to 27 of 52, columns 0 to 52 of 53]
0.205 0.205 0.19172792 0.49333333 0.22333333 0.235 0.135 0.22333333 -0.63643276 -0.66166667 -0.25 -0.32666667 -0.67496775 -0.28333333 -0.12166667 -0.12166667 -0.12166667 -0.73 -0.225 -0.225 -0.225 -0.22499937 -0.16 -0.56166667 -0.56166667 -0.56166667 -1.2300035 -1.23 -1.23 -1.3216667 -1.3216667 -1.3216667 -1.3216667 -1.0483334 -1.0483333 -1.0483333 -1.0483333 -1.0483333 -1.0483333 -1.0483333 0.059731879 0.071546017 -0.40166667 -0.40166667 -0.40166667 -0.40166667 -0.40163128 -0.38 -0.38 -0.38 -0.3300001 -0.33 -0.33
0.20498393 -0.15666667 0.27999967 0.26128863 0.20826629 -0.09 -0.093333333 -0.28147688 -0.575 -0.45333333 -0.33166667 -0.675 -0.675 -0.56239968 -0.28333529 -0.12166667 -0.73 -0.73 -0.22565845 -0.225 -0.225 -0.225 -0.58965205 -0.56166667 -0.56166667 -0.56166667 -0.24166669 -0.24166667 -1.3216667 -1.3216667 -1.3216667 -1.3216667 -1.3216667 -1.0483334 -1.0483333 -1.0483333 -1.0483333 -1.0483333 -1.0483333 -0.86714965 0.098237907 -0.34099618 -0.40166667 -0.40166667 -0.40166667 -0.40166667 -0.40166667 -0.38 -0.38 -0.38 -0.37585395 -0.33 -0.33
0.70331571 0.70333333 -0.0033333333 0.11333333 -0.078333333 0.64166667 0.16 0.49666667 -0.36166667 -0.47333333 -0.54833333 -0.21166667 -0.70833333 -1.0933333 -0.56333333 -0.94666667 -0.73 -0.73 -0.73 -0.19334254 -0.19333333 -0.19333333 -1.0933333 -0.56166667 -0.56166667 -0.56166667 -0.24166667 -0.24166667 -0.24166667 -1.3216667 -1.3216667 -1.3216666 -1.129909 -1.0474365 -1.0446567 -0.6569529 -0.65333333 -0.65333333 -0.55879348 0.098333328 0.098333333 0.097693958 -0.40166667 -0.40166667 -0.40166667 -0.40166667 -0.40166667 -0.38 -0.38 -0.38 -0.38 -0.33 -0.33
0.67166667 0.7033332 0.041500715 0.10666667 -0.65666667 -0.235 -0.15166667 -0.505 -0.14 -0.62492701 -0.64166667 -0.84666667 -0.745 -1.0933333 -0.93 -0.94666667 -0.68369417 -0.68170053 -0.36 -0.19333333 -0.19333333 -0.695 -1.0933333 -1.0933333 -0.56166667 -0.56166507 -0.24166667 -0.24166667 -0.24166667 -1.0433333 -0.97749201 -0.92333333 -0.92333333 -0.92333312 -0.65333333 -0.65333333 -0.65333333 -0.65333333 0.098333333 0.098333333 0.098333333 0.098333315 -0.40166667 -0.40166667 -0.40166667 -0.40166667 -0.40166667 -0.38000027 -0.38 -0.38 -0.38 -0.33004676 -0.33
0.67166667 -0.27999941 0.041666667 -0.57092869 -0.65666667 -0.68833333 -0.82333759 -1.0416667 -1.23 -0.67166693 -0.90760983 -1.0098852 -0.20833333 -0.93 -0.93 -0.93698814 -0.68166667 -0.68166667 -0.36 -0.36 -0.19333432 -0.695 -0.42 -0.026666667 -0.36333333 -0.36331732 -0.24166667 -0.24166667 -1.0433333 -1.0433333 -0.92333333 -0.92333333 -0.92333333 -0.84161829 -0.65333333 -0.65333333 -0.65333333 0.098333333 0.098333333 0.098333333 0.098333333 0.09823069 -0.40166667 -0.40166667 -0.40166667 -0.40166667 -0.40166667 -0.40147381 -0.38 -0.38006195 -1.7616667 -1.7616667 -1.7616667
-1.135 -0.69666667 -0.55999998 -0.23 -0.45333333 -0.99833333 -1.1033333 -1.0954382 -1.14 -1.345 -1.515 -1.0083333 -1.0083328 -1.3133333 -1.3133333 -0.49991228 -0.5 -0.97666667 -0.97666666 -0.36000017 -0.59333333 -0.59333333 -0.026666667 -0.36333333 -0.36333333 -0.295 -0.75833333 -0.75833333 -0.70503124 -1.0433333 -0.92333333 -0.92333333 -0.49 -0.49001132 -0.59832549 -0.22666667 -0.22666667 -0.0022128358 0.098333333 0.098333333 -0.96367379 -0.965 -0.96499867 -0.79788006 -0.80495542 -0.80499989 -0.80499999 -0.80499986 -1.5485583 -1.7616667 -1.7616667 -1.7616667 -1.7616667
-0.033327811 -0.77333333 -0.097771313 -0.765 -0.77333333 -1.3333333 -0.885 -1.055 -1.58 -1.58 -1.515 -1.4833333 -1.3066666 -1.3133333 -0.13667019 -0.13666667 -0.5 -0.115 -0.55 -0.55 -0.35848633 -0.095 -0.095 -0.325 -0.295 -0.295 -0.75833333 -0.75833333 -0.70502253 -0.70541486 -0.4204101 -0.49 -0.49 -0.59833333 -0.59833333 -0.60973016 -0.22666667 -0.22666667 -0.62998602 -0.96499953 -0.965 -0.965 -0.96499304 -0.8050013 -0.805 -0.805 -0.805 -0.80500045 -1.5533333 -1.7616254 -1.7616667 -1.7616667 -1.7616667
-0.033333333 -0.655 -0.27833333 -1.0583333 -0.61669199 -1.2733333 -1.7066667 -1.5733333 -1.675 -1.7616667 -1.7616667 -0.885 -1.3066667 -1.3066667 -0.14469395 -0.45543161 -0.48666667 -0.22333333 -0.62666659 -0.55 -0.49081328 -0.43166667 -0.59833333 -0.15 -0.15001101 -1.0033333 -0.52 -0.52000008 -1.0903117 -1.0916667 -0.41833333 -0.85739394 -0.63333333 -0.59833333 -0.60688969 -0.93 -0.93 -0.63 -0.63 -0.965 -0.965 -0.96499999 -1.0354005 -1.0383333 -0.805 -0.805 -0.805 -1.5533048 -1.5533333 -1.5533333 -1.7616667 -1.7616667 -1.7616667
-0.68736598 -0.655 -0.22333333 -1.06 -0.56166667 -1.3183333 -0.92333333 -0.71333333 -1.6283333 -0.9491823 -0.49333333 -0.90166666 -0.90166667 -0.51 -0.51000027 -0.14262821 -0.14166667 -0.14166667 -0.28490279 -0.93166671 -1.1283333 -1.1283333 -0.89 -0.71327437 -0.91733986 -1.0033333 -0.58 -0.52 -0.77186121 -0.77333333 -0.92 -0.88333333 -0.65249182 -1.17 -0.89833333 -1.105 -0.91833333 -0.29166667 -0.42160664 -0.96257468 -0.42166667 -0.57666667 -1.038269 -1.0383333 -1.03702 -0.805 -0.92333333 -1.5533333 -1.5533333 -1.5533333 -1.5533333 -1.7247295 -0.44333333
-0.86833333 -0.86833333 0.041666667 -0.081666667 -0.98833333 -0.37333333 -0.73333333 -1.4283333 -1.0516667 -0.7767173 -1.3016667 -0.29 -0.51 -0.51 -0.53833333 -0.53289287 -0.14166667 -0.14170502 -0.28666667 -0.93166667 -0.93166667 -0.95700391 -0.89 -1.06833 -1.0683333 -1.0683333 -0.58 -0.45833333 -0.45833333 -0.77333333 -0.77333333 -0.88246405 -0.425 -1.17 -0.975 -1.105 -0.91833333 -1.0416667 -0.42166667 -0.28393567 -0.57666666 -0.60115596 -0.64333333 -1.0383333 -1.0383333 -0.92333333 -0.92333333 -0.92333333 -1.5533333 -1.5533333 -1.465 -1.465 -1.4649996
-0.86833333 -0.86833333 -0.47166667 -0.78666667 -0.71333333 -0.021666667 -0.95 -0.43113731 -0.37 -0.24666667 -0.12833333 -0.11833333 -0.28977179 -0.53833333 -0.53833333 -0.53833141 -0.52166667 -0.50933276 -0.28666667 -0.43166667 -0.43166667 -0.335 -0.335 -1.0683333 -1.0683333 -1.0683333 -0.45833333 -0.45833333 -0.45833333 -0.57333333 -0.57333333 -0.57333309 -0.935 -0.935 -1.505 -1.0216667 -0.90166667 -0.60667261 -0.70833333 -0.28166667 -0.28166667 -0.78833286 -0.64333333 -1.0383333 -0.47000004 -0.37666667 -0.66777207 -0.66666667 -1.3416667 -1.3416667 -1.465 -1.465 -1.465
-0.86833333 -0.69712872 -0.6060884 -0.65499286 -0.29333333 -0.37 -0.95 -0.43 -0.3700005 -0.24803305 -0.1183335 -0.11833333 -0.083333333 -0.53833333 -0.53833333 -0.52166667 -0.52166667 -0.52165329 -0.28666667 -0.43166667 -0.4126833 -0.335 -0.335 -1.0683032 -1.0683333 -0.81741073 -0.305 -0.305 -0.30500002 -0.57333333 -0.57333333 -0.33833333 -0.33833333 -0.93500156 -1.505 -0.941667 -0.96634275 -0.60666667 -0.60666667 -0.28166668 -0.78833333 -0.78833333 -0.78833101 -0.47 -0.47 -0.37666667 -0.66666667 -0.66666667 -1.3416667 -1.3416667 -1.465 -1.465 -1.465
-0.23 -0.16551736 -0.13502386 -0.13876305 -0.29333389 -0.36999819 -0.94999998 -0.4364009 -0.37413461 -0.36677944 -0.083333333 -0.083333333 -0.083333333 -0.083333333 -0.53826888 -0.52166667 -0.52166667 -0.51863244 -0.28666667 -0.43146228 0.27166667 0.27166667 0.27166667 0.27166667 -1.0450242 -0.305 -0.305 -0.305 -0.305 -0.30502929 -0.33833333 -0.33833333 -0.33833333 -0.33833333 -0.94166667 -0.94166667 -0.94166667 -0.62363398 -0.60871955 -0.88 -0.88 -0.78833826 -0.80665514 -0.47003243 -0.47 -0.37666667 -0.66666667 -0.66666667 -1.3416667 -1.3416667 -1.4645526 -1.465 -1.3755494
-0.23 -0.135 -0.135 -0.135 -0.135 -0.1350001 -0.94851524 -0.70394754 -0.38516537 -0.083638872 -0.083333333 -0.083333333 -0.083333333 -0.083333333 -0.083332833 -0.52166667 -0.52166663 -0.50554727 -0.28666813 0.27166667 0.27166667 0.27166667 0.27166667 0.27166667 0.28258087 0.068316987 0.1549999 0.155 0.155 0.155 -0.33833332 -0.33833333 -0.33833258 0.29166667 0.29166667 -0.94166667 -0.27895598 -0.26 -0.87999964 -0.88 -0.88 -0.88 -0.80666667 -0.80666667 -0.80666667 -0.80367426 -0.56063378 -0.56 -0.56 -0.56 -0.56000001 -1.0450001 -1.045
-0.40166667 -0.135 -0.135 -0.135 -0.135 -0.135 -0.13500005 -0.42261586 0.61129189 0.61666667 0.61666667 0.61666667 0.61666667 0.61666667 0.61666666 0.88105883 -0.4992962 -0.48948698 0.27159639 0.27166667 0.27166667 0.27166667 0.27166667 0.27166732 0.77666667 0.77666667 0.77666579 0.155 0.155 0.15637835 0.84333333 0.84333333 0.29166667 0.29166667 0.29166667 -0.17162875 -0.26 -0.26 -0.26 -0.88 -0.88 -0.88 -0.80666667 -0.80666667 -0.80666667 -0.80666667 -0.56000001 -0.56 -0.56 -0.56 -0.56 -1.045 -1.045
-0.40166667 -0.3023897 -0.135 -0.135 -0.135 -0.135 0.58819137 0.58833333 0.58833333 0.61666667 0.61666667 0.61666667 0.61666667 0.61666667 0.67623056 0.88666667 0.88666667 0.88666667 0.83494639 0.83666609 0.83666667 0.83666667 0.83666667 0.83666667 0.77666667 0.77666667 0.77666667 0.77666667 0.155 0.84333333 0.84333333 0.84333333 0.29166672 0.29166667 0.29166667 0.30666667 -0.25924972 -0.26 -0.26 -0.87995331 -0.78725708 -0.57092652 -0.80666667 -0.80666667 -1.011034 -1.0116667 -1.0116667 -0.56056314 -0.9004727 -0.90166664 -0.9016666 -0.78837221 -1.0449995
-0.40166667 0.18870672 0.037055652 -0.135 -0.135 0.58790595 0.58833333 0.58833333 0.58833333 0.58853751 0.61666667 0.61666667 0.61666667 0.6166667 0.88666667 0.88666667 0.88666667 0.88666667 0.83671133 0.83666667 0.83666667 0.83666667 0.83666667 0.83666667 0.77666667 0.77666667 0.77666667 0.77666667 0.77690916 0.84333333 0.84333333 0.84333333 0.96 0.29168433 0.30666667 0.30666667 0.30666667 0.30578172 -0.55034978 -0.57 -0.57 -0.57 -1.2266667 -1.2266667 -1.0116667 -1.0116667 -1.0116667 -0.90166667 -0.90166667 -0.90166667 -0.90166667 -0.78833333 -0.78833333
0.20471384 0.205 0.205 0.20500001 0.755 0.58833763 0.58833333 0.58833333 0.58833333 0.58833333 0.60922202 0.61666539 0.61666666 0.88666667 0.88666667 0.88666667 0.88666667 0.88666667 0.90221154 0.83666667 0.83666667 0.83666667 0.83666667 0.83666667 0.90714638 1.0666651 1.0666667 1.0666667 1.0666667 0.84333334 0.96 0.96 0.96 0.96 0.30666667 0.30666465 0.23 0.23 -0.56001081 -0.57 -0.57 -0.57 -1.2266667 -1.2266667 -1.0449561 -1.0116667 -1.0116667 -0.90166667 -0.90166667 -0.90166667 -0.90045144 -0.78833333 -0.78833333
0.205 0.205 0.205 0.4640032 0.755 0.755 0.58833333 0.58833333 0.58833333 0.58833333 0.51833333 0.51833333 0.51833333 0.88666667 0.88666667 0.88666667 0.88666667 0.88671101 1.195 1.195 0.83666681 0.83666667 0.83865491 0.91833333 0.91966871 1.0666667 1.0666667 1.0666667 1.0666667 0.96001086 0.96 0.96 0.96 0.96 0.23000027 0.23 0.23 0.23 0.22717271 -0.57 -0.57 -0.57 -1.2266667 -1.2266667 -1.2266667 -1.0116667 -1.0116667 -0.90166667 -0.90166667 -0.90166667 -0.78833333 -0.78833333 -0.78833333
0.205 0.205 0.205 0.755 0.755 0.755 0.75499975 0.58833333 0.58833333 0.51840559 0.51833333 0.51833333 0.51833333 0.51856283 1.1038617 1.155 1.155 1.155 1.195 1.195 1.195 0.91833333 0.91833333 0.91833333 0.91828058 0.89007682 1.0666667 1.0666667 1.0666667 0.69410745 0.63003246 0.63 0.63 0.63 0.13225591 -0.0066661292 -0.0066666667 -0.0066666667 -0.0066666667 -0.65665481 -0.65666667 -0.65666667 -1.2266667 -1.2266667 -0.67000232 -0.67000004 -0.79666667 -0.79666667 -0.65666667 -0.65666667 -0.65666667 -0.78833333 -0.62015051
0.2050007 0.205 0.20500002 0.755 0.755 0.755 0.755 0.49833336 0.58797348 0.51841797 0.51833333 0.51833333 0.51833333 0.51958265 1.155 1.155 1.155 1.155 1.195 1.195 1.195 0.91833333 0.91833333 0.91833333 0.73 0.73 0.98333333 0.98333333 0.98333333 0.98140579 0.63 0.63 0.63 0.63 0.31184145 -0.0066666667 -0.0066666667 -0.0066666667 -0.0066666667 -0.65666667 -0.65666667 -0.65666667 -0.65708618 -0.67 -0.67 -0.67 -0.79666667 -0.79666667 -0.65666667 -0.65666667 -0.65666667 -0.62 -0.62
0.43166667 0.33474266 0.56 0.56005657 0.755 0.4998184 0.49833333 0.49833333 0.54448796 0.61166667 0.61166667 0.61166667 0.61166667 1.2233134 1.2233333 1.1550001 1.155 1.1560539 1.195 1.195 1.195 0.84166667 0.84166667 0.84166667 0.73 0.73 0.98333333 0.98333333 0.98333333 0.98333329 0.92166481 0.92166585 0.6373306 0.63031269 -0.099165595 -0.1 -0.1 -0.1 -0.1 -0.65666667 -0.65666667 -0.65666667 -0.66926556 -0.67 -0.67 -0.67000004 -0.79666667 -0.79666667 -0.79666163 -0.65666667 -0.65667963 -0.94666667 -0.62
0.60829978 0.60833332 0.56 0.56 0.56 0.49833333 0.49833333 0.49833333 0.625 0.625 0.61166667 0.61166667 0.61166667 1.2233333 1.2233333 1.2233333 1.2233333 1.2233299 1.195 1.195 1.195 0.84166667 0.84166667 0.84166667 0.73 0.73 0.98333333 0.98333333 0.98333333 0.92236196 0.92166667 0.92166667 0.92166667 0.92166667 -0.099495869 -0.1 -0.1 -0.1 -0.1 -0.2600001 -0.26 -0.26 -0.26 -0.67000183 -0.90833333 -0.90833333 -0.90833333 -1.06 -1.06 -1.06 -0.94666667 -0.94666667 -0.94666667
0.60833333 0.60833333 0.56 0.56 0.56 0.49865746 0.49833333 0.625 0.625 0.625 0.61166831 0.61166667 0.60621917 1.2233332 1.2233333 1.2233333 1.2233333 0.49166667 0.49166667 0.49166667 0.95 0.94999992 0.84166719 0.84166667 0.84177167 1.0716667 1.0716667 1.0716665 0.98334761 0.87834197 0.87833356 0.8783409 0.92159261 0.92162927 0.081933389 -0.099999979 -0.099815683 -0.045 -0.045 -0.26 -0.26 -0.26 -0.26 -0.90833333 -0.90833333 -0.90833333 -0.90833333 -1.06 -1.06 -1.06 -0.94666667 -0.94666667 -0.94666667
0.60833333 0.60833333 0.56 0.56 0.56 0.56 0.54574097 0.625 0.625 0.625 0.62498895 0.605 0.605 0.605 1.2196894 1.2233333 0.49654231 0.49166667 0.49166667 0.49166667 0.95 0.95 0.95 0.95 1.0716667 1.0716667 1.0716667 1.0716667 1.0716667 0.87833333 0.87833333 0.87833333 0.87833333 0.8783319 0.2 -0.045 -0.045 -0.045 -0.045 -0.045002147 -0.69 -0.69 -0.69 -0.73989724 -0.84333333 -0.84333333 -0.84333333 -1.06 -1.0600001 -1.195 -1.195 -0.58675425 -0.58666667
0.60833333 0.60833333 0.57744494 0.56 0.56 0.55999999 0.31222268 0.62401255 0.625 0.625 0.60499991 0.605 0.605 0.605 0.605 0.65566593 0.49166667 0.49166667 0.49166667 0.49166667 0.94999645 0.95 0.95 0.95 1.0716667 1.0716667 1.0716667 1.0716667 1.0716667 0.49530759 0.87833333 0.87833333 0.87833333 0.2 0.2 0.19980975 -0.045 -0.045 -0.45958017 -0.7816666 -0.69 -0.69 -0.69 -0.73938561 -0.84333333 -0.84333333 -0.84333333 -0.99 -1.1924457 -1.195 -1.195 -0.58666667 -0.58666667
0.595 0.595 0.595 0.56877546 0.55955052 0.31166667 0.31166667 0.31166667 0.31166667 0.18833333 0.18833333 0.60499997 0.605 0.605 0.605 0.60499278 0.49166667 0.49166667 0.49166667 0.49166667 0.7499982 0.95 0.95 0.95484153 1.1321798 1.0716667 1.0716667 1.0716667 0.36 0.36 0.36 0.36000218 0.2 0.2 0.2 0.2 -0.78166667 -0.78166667 -0.78166667 -0.78166667 -0.74333333 -0.74333333 -0.74333333 -0.87833062 -0.87833333 -0.87833333 -0.87833332 -0.99 -0.99 -1.1947502 -1.195 -0.58666742 -0.58666667
0.595 0.595 0.595 0.5949816 0.25333333 0.26181596 0.31166667 0.31166667 0.31166667 0.18833333 0.18833333 0.18833333 -0.44166662 -0.44166667 -0.44166667 -0.44166666 0.4895448 0.49166667 0.49166667 0.49166667 0.49862673 1.1349995 1.135 1.135 1.135 1.135 0.33666667 0.33666667 0.36 0.36 0.36 0.36 0.19999993 0.2 0.2 0.19999226 -0.78166666 -0.78166667 -0.78166667 -0.78107444 -0.74333333 -0.74333333 -0.74333333 -0.87832707 -0.87833333 -0.87833333 -0.87833333 -0.99 -0.99 -0.98999997 -0.73666667 -0.73666667 -0.41
