interpolatedSpi/05-11|20_2.tif
NCOLS 53
NROWS 52
XLLCORNER -116.03883
YLLCORNER 28.596182
DX 0.49850594
DY 0.49788537
NODATA_VALUE -9999
[rows 0 to 26 of 52, columns 0 to 52 of 53]
0.075714286 0.075714286 -0.039579967 -0.56428571 0.057142857 0.27714286 0.64857143 0.78571429 0.147797 -0.021428571 -0.15428571 0.43428571 0.14144586 0.35142857 0.024285714 0.024285714 0.024285714 0.15571429 0.42428571 0.42428571 0.42428571 0.42428342 0.18571429 0.13857143 0.13857143 0.13857143 0.75999926 0.76 0.76 0.20142857 0.20142857 0.20142857 0.20142857 0.33714283 0.33714286 0.33714286 0.33714286 0.33714286 0.33714286 0.33714289 1.6473161 1.6612639 1.0157143 1.0157143 1.0157143 1.0157143 1.0156816 0.99571429 0.99571429 0.99571429 1.2242852 1.2242857 1.2242857
0.075696577 -0.32285714 0.037143409 0.12100035 0.3098772 0.52142857 0.48714286 0.4502652 -0.067142857 0.23714286 0.26428571 0.14142857 0.14142857 0.48384271 0.35142729 0.024285714 0.15571429 0.15571429 0.42393553 0.42428571 0.42428571 0.42428571 0.10969622 0.13857143 0.13857143 0.13857143 -0.10571427 -0.10571429 0.20142857 0.20142857 0.20142857 0.20142857 0.20142857 0.33714284 0.33714286 0.33714286 0.33714286 0.33714286 0.33714291 0.3892571 0.59716364 0.96492425 1.0157143 1.0157143 1.0157143 1.0157143 1.0157143 0.99571429 0.99571429 0.99571429 1.0146676 1.2242857 1.2242857
0.44569816 0.44571429 0.51571429 0.77428571 0.56857143 0.33857143 0.52571429 0.13142857 0.35857143 0.37571429 0.49714286 -0.062857143 -0.44428571 0.17142857 0.48428571 0.90857143 0.15571429 0.15571429 0.15571429 0.23862542 0.23857143 0.23857143 -0.41 0.13857143 0.13857143 0.13857143 -0.10571429 -0.10571429 -0.10571429 0.20142857 0.20142857 0.20142852 -0.27378207 0.33773113 0.34432321 1.1015025 1.1085714 1.1085714 1.0442472 0.59714286 0.59714286 0.59767811 1.0157143 1.0157143 1.0157143 1.0157143 1.0157143 0.99571429 0.99571429 0.99571429 0.99571429 1.2242857 1.2242857
0.42142857 0.44571428 0.42712163 0.63 0.23571429 0.47142857 1.0085714 -0.035714286 0.49142857 0.36188099 0.57571429 0.43714286 0.11714286 0.17142857 0.50142857 0.90857143 -0.26240045 -0.27112929 -0.12857143 0.23857143 0.23857143 -0.42 -0.41 -0.41 0.13857143 0.13857021 -0.10571429 -0.10571429 -0.10571429 -0.81857143 -0.80054345 -0.78571429 -0.78571429 -0.7857128 1.1085714 1.1085714 1.1085714 1.1085714 0.59714286 0.59714286 0.59714286 0.59714287 1.0157143 1.0157143 1.0157143 1.0157143 1.0157143 0.99571454 0.99571429 0.99571429 0.99571429 1.2242161 1.2242857
0.42142857 0.29857166 0.42714286 0.58970995 0.23571429 0.70428571 0.39573653 0.18285714 -0.098571429 0.26857139 0.37174558 0.41859742 0.6 0.50142857 0.50142857 0.75530776 -0.27142857 -0.27142857 -0.12857143 -0.12857143 0.23857007 -0.42 -0.72142857 -0.35142857 -0.47285714 -0.47285237 -0.10571429 -0.10571429 -0.81857143 -0.81857143 -0.78571429 -0.78571429 -0.78571429 -0.69008076 1.1085714 1.1085714 1.1085714 0.59714286 0.59714286 0.59714286 0.59714286 0.59709887 1.0157143 1.0157143 1.0157143 1.0157143 1.0157143 1.0155363 0.99571429 0.99562896 -0.90714286 -0.90714286 -0.90714286
-0.96142857 0.17428571 0.41571428 0.47142857 0.57142857 0.65714286 0.44571429 0.41206104 0.34857143 0.074285714 0.53 -0.31714286 -0.31714225 0.34 0.34 -0.26852659 -0.26857143 -0.33 -0.33 -0.12857166 -0.89 -0.89 -0.35142857 -0.47285714 -0.47285714 -0.45285714 -0.78428571 -0.78428571 -0.31718827 -0.81857143 -0.78571429 -0.78571429 -0.27857143 -0.2785871 -0.42856075 -0.58857143 -0.58857143 0.23031508 0.59714286 0.59714286 0.14199695 0.14142857 0.14142963 -0.39325236 -0.41841291 -0.41857105 -0.41857138 -0.41857089 -0.64366743 -0.90714286 -0.90714286 -0.90714286 -0.90714286
-0.22428755 -0.17714286 -0.48106989 0.11285714 0.55 0.051428571 0.16 0.49285714 0.25571429 0.25571429 0.53 -0.031428571 0.27428556 0.34 -0.082855876 -0.082857143 -0.26857143 -0.16714286 -0.38571429 -0.38571429 -0.91692942 -0.94714286 -0.94714286 -0.85571428 -0.45285714 -0.45285714 -0.78428571 -0.78428571 -0.31713745 -0.31704323 -0.19437878 -0.27857143 -0.27857143 -0.42857143 -0.42857143 -0.84922059 -0.58857143 -0.58857143 -1.1614087 0.14142676 0.14142857 0.14142857 0.14143312 -0.418571 -0.41857143 -0.41857143 -0.41857143 -0.41857157 -0.65571429 -0.90709303 -0.90714286 -0.90714286 -0.90714286
-0.22428571 -0.55857143 -0.25714286 -0.85 -1.0471316 -0.41285714 0.13857143 -0.2742857 -0.091428571 0.075714286 0.075714286 -0.31714286 0.27428571 0.27428571 -0.080406812 -0.176535 -0.18571429 -0.21714286 -0.57714266 -0.38571429 -1.0146745 -0.98714286 -1.1114286 -1.08 -1.0800008 -1.1457143 -1.1028571 -1.102857 -0.2246111 -0.22428571 -0.19428571 -0.33589447 -0.33142857 -0.42857143 -0.43419418 -1.0671429 -1.0671429 -1.1614286 -1.1614286 0.14142857 0.14142857 0.14142858 -0.34062526 -0.34142858 -0.41857143 -0.41857143 -0.41857143 -0.65570526 -0.65571429 -0.65571429 -0.90714286 -0.90714286 -0.90714286
-0.60430283 -0.55857142 -0.36428571 -0.67285714 -0.19428571 -0.33714286 -0.085714286 0.35571429 0.51857143 0.527685 0.28142857 0.014285715 0.014285714 -0.32 -0.31999554 -0.31392737 -0.31428571 -0.31428571 -0.27209741 -1.0457143 -1.3114286 -1.3114286 -0.89 -1.0241672 -1.139092 -1.1457143 -1.0071429 -1.1028571 -0.94662744 -0.94571429 -0.33714286 0.11857143 -0.050513531 -0.69142857 -0.62571429 -0.77285714 -0.80714286 -0.88571429 -1.0070868 0.14342452 0.58857143 -0.28142857 -0.34140462 -0.34142857 -0.34186277 -0.41857143 -0.78285712 -0.65571429 -0.65571429 -0.65571429 -0.65571429 -0.93382302 -0.34428571
-0.86 -0.86 -0.58571429 -0.49857143 -0.26857143 0.15142857 0.10285714 0.32714286 0.58 0.53000071 0.24285714 0.32857143 -0.32 -0.32 0.15428571 0.14785905 -0.31428571 -0.31427098 -0.25571429 -1.0457143 -1.0457143 -1.0799472 -0.89 -0.90999962 -0.91 -0.91 -1.0071429 -0.58714286 -0.58714286 -0.94571429 -0.94571429 0.11793471 -0.21714286 -0.69142857 -0.51571429 -0.77285714 -0.80714286 -1.0428571 -1.0071429 0.11297579 -0.28142853 -0.24941757 -0.19428571 -0.34142857 -0.34142857 -0.78285714 -0.78285714 -0.78285714 -0.65571429 -0.65571429 -1.1214286 -1.1214286 -1.1214283
-0.86 -0.86 -0.72142857 -0.54714286 -0.9 -0.23428571 -0.31142856 0.34128613 0.35428571 0.28428571 0.36428571 0.16428571 0.32835176 0.15428571 0.15428571 0.1542455 -0.19428571 -0.19750977 -0.25571429 -0.38 -0.38 -0.52714286 -0.52714286 -0.91 -0.91 -0.91 -0.58714286 -0.58714286 -0.58714286 -0.97857143 -0.97857143 -0.97857017 -0.67428571 -0.67428571 -0.57571429 -0.87 -0.75571429 -0.41285544 -0.99428571 0.13142857 0.13142857 -0.0042863388 -0.19428571 -0.34142857 -0.46571437 -0.60571429 -0.70604652 -0.70571429 -0.92 -0.92 -1.1214286 -1.1214286 -1.1214286
-0.86 -0.80010372 -0.64705464 -0.74856545 -0.37142857 -0.77428571 -0.31142857 0.34142857 0.35428561 0.28506123 0.16428587 0.16428571 0.064285714 0.15428571 0.15428571 -0.1942857 -0.19428571 -0.19428921 -0.25571429 -0.38 -0.40889586 -0.52714286 -0.52714286 -0.90998441 -0.91 -0.95038555 -1.0328571 -1.0328571 -1.0328571 -0.97857143 -0.97857143 -0.82571429 -0.82571429 -0.67428544 -0.57571429 -0.35285746 -0.66866474 -0.41285714 -0.41285714 0.13142857 -0.0042857143 -0.0042857143 -0.0042890812 -0.46571429 -0.46571429 -0.60571429 -0.70571429 -0.70571429 -0.92 -0.92 -1.1214286 -1.1214286 -1.1214286
0.014285714 0.27025527 0.35282334 0.34487974 -0.37143075 -0.7742762 -0.31142858 0.33339228 0.35339973 0.35245783 0.064285714 0.064285714 0.064285714 0.064285714 0.15427297 -0.19428571 -0.19428571 -0.19507886 -0.25571429 -0.37998848 -0.34285714 -0.34285714 -0.34285714 -0.34285714 -0.90051187 -1.0328571 -1.0328571 -1.0328571 -1.0328571 -1.0327852 -0.82571429 -0.82571429 -0.82571429 -0.82571429 -0.35285714 -0.35285714 -0.35285714 -0.40973081 -0.40997095 -0.028571429 -0.028571429 -0.0042870206 -0.14572524 -0.46568346 -0.46571429 -0.60571429 -0.70571429 -0.70571429 -0.92 -0.92 -1.1206978 -1.1214286 -0.3501238
0.014285714 0.35285714 0.35285714 0.35285714 0.35285714 0.35285667 -0.31261332 -0.002519203 0.35103597 0.064596253 0.064285714 0.064285714 0.064285714 0.064285714 0.064285584 -0.19428571 -0.19428572 -0.1984993 -0.25571371 -0.34285714 -0.34285714 -0.34285714 -0.34285714 -0.34285714 -0.34613327 -0.89589801 -0.88714289 -0.88714286 -0.88714286 -0.88714286 -0.82571428 -0.82571429 -0.82571434 -0.87142857 -0.87142857 -0.35285714 -0.19452878 -0.19 -0.028571522 -0.028571429 -0.028571429 -0.028571429 -0.14571429 -0.14571429 -0.14571429 -0.14891547 -0.63047185 -0.63 -0.63 -0.63 -0.63000001 0.4585711 0.45857143
-0.0071428571 0.35285714 0.35285714 0.35285714 0.35285714 0.35285714 0.3528571 -0.28124598 -0.11485429 -0.11714286 -0.11714286 -0.11714286 -0.11714286 -0.11714286 -0.11714286 -0.15074315 -0.19361106 -0.20269734 -0.34284617 -0.34285714 -0.34285714 -0.34285714 -0.34285714 -0.34285719 -0.49428571 -0.49428571 -0.49428627 -0.88714286 -0.88714286 -0.886791 -0.71142857 -0.71142857 -0.87142857 -0.87142857 -0.87142857 -0.29915738 -0.19 -0.19 -0.19 -0.028571429 -0.028571429 -0.028571429 -0.14571429 -0.14571429 -0.14571429 -0.14571429 -0.63 -0.63 -0.63 -0.63 -0.63 0.45857143 0.45857143
-0.0071428571 0.12688105 0.35285714 0.35285714 0.35285714 0.35285714 -0.58981495 -0.59 -0.58999999 -0.11714286 -0.11714286 -0.11714286 -0.11714286 -0.11714286 -0.12470653 -0.15142857 -0.15142857 -0.15142857 -0.37988654 -0.37999996 -0.38 -0.38 -0.38 -0.38 -0.49428571 -0.49428571 -0.49428571 -0.49428571 -0.88714286 -0.71142857 -0.71142857 -0.71142857 -0.87142856 -0.87142857 -0.87142857 -0.054285714 -0.18982031 -0.19 -0.19 -0.028593106 -0.071737487 -0.1724259 -0.14571429 -0.14571429 -0.36218703 -0.36285714 -0.36285714 -0.62925765 -0.18014897 -0.17857147 -0.17857151 0.020066334 0.45857054
-0.0071428569 -0.059970535 0.1432095 0.35285714 0.35285714 -0.58944292 -0.59 -0.59 -0.59 -0.58659246 -0.11714286 -0.11714286 -0.11714286 -0.11714286 -0.15142857 -0.15142857 -0.15142857 -0.15142857 -0.37979582 -0.38 -0.38 -0.38 -0.38 -0.38 -0.49428571 -0.49428571 -0.49428571 -0.49428571 -0.49507554 -0.71142857 -0.71142857 -0.71142857 -0.19142858 -0.87132904 -0.054285714 -0.054285714 -0.054285714 -0.056698479 -0.17394556 -0.17285714 -0.17285714 -0.17285714 -0.30857143 -0.30857143 -0.36285714 -0.36285714 -0.36285714 -0.17857143 -0.17857143 -0.17857143 -0.17857143 0.02 0.02
-0.061338367 -0.061428571 -0.061428571 -0.061428577 -0.59142857 -0.59000004 -0.59 -0.59 -0.59 -0.59 -0.12309154 -0.11714388 -0.11714286 -0.15142857 -0.15142857 -0.15142857 -0.15142857 -0.15142857 -0.2172348 -0.38 -0.38 -0.38 -0.38 -0.38 -0.33467099 -0.17428745 -0.17428571 -0.17428571 -0.17428571 -0.71142854 -0.19142858 -0.19142857 -0.19142857 -0.19142857 -0.054285714 -0.05429147 -0.27285714 -0.27285714 -0.17410579 -0.17285714 -0.17285714 -0.17285714 -0.30857143 -0.30857143 -0.35445185 -0.36285714 -0.36285714 -0.17857143 -0.17857143 -0.17857143 -0.17644223 0.02 0.02
-0.061428571 -0.061428571 -0.061428571 -0.31101348 -0.59142857 -0.59142857 -0.59 -0.59 -0.59 -0.59 -0.19571429 -0.19571429 -0.19571429 -0.15142857 -0.15142857 -0.15142857 -0.15142857 -0.15152702 -0.91 -0.91 -0.38000022 -0.38 -0.38302583 -0.50428571 -0.50131487 -0.17428571 -0.17428571 -0.17428571 -0.17428571 -0.19142683 -0.19142857 -0.19142857 -0.19142857 -0.19142857 -0.27285637 -0.27285714 -0.27285714 -0.27285714 -0.2724996 -0.17285714 -0.17285714 -0.17285714 -0.30857143 -0.30857143 -0.30857143 -0.36285714 -0.36285714 -0.17857143 -0.17857143 -0.17857143 0.02 0.02 0.02
-0.061428571 -0.061428571 -0.061428571 -0.59142857 -0.59142857 -0.59142857 -0.59142857 -0.59 -0.59 -0.1961213 -0.19571429 -0.19571429 -0.19571429 -0.1956867 -0.63361307 -0.74714286 -0.74714286 -0.74714286 -0.91 -0.91 -0.91 -0.50428571 -0.50428571 -0.50428571 -0.50428892 -0.3533733 -0.17428571 -0.17428571 -0.17428572 0.0075837515 0.052833116 0.052857143 0.052857143 0.052857143 -0.23031204 -0.1714288 -0.17142857 -0.17142857 -0.17142857 -0.38997029 -0.39 -0.39 -0.30857143 -0.30857143 0.058569896 0.05857141 0.0057142857 0.0057142857 0.022857143 0.022857143 0.022857143 0.02 0.38396
-0.061428186 -0.061428571 -0.061428591 -0.59142857 -0.59142857 -0.59142857 -0.59142857 -0.70857139 -0.59047409 -0.19588398 -0.19571429 -0.19571429 -0.19571429 -0.19679634 -0.74714286 -0.74714286 -0.74714286 -0.7471429 -0.91 -0.91 -0.91 -0.50428571 -0.50428571 -0.50428571 -0.51571429 -0.51571429 -0.45714286 -0.45714286 -0.45714286 -0.45436065 0.052857143 0.052857143 0.052857143 0.052857143 -0.059224217 -0.17142857 -0.17142857 -0.17142857 -0.17142857 -0.39 -0.39 -0.39 -0.37588623 0.058571429 0.058571429 0.058571429 0.0057142857 0.0057142857 0.022857143 0.022857143 0.022857143 0.3842857 0.38428571
0.062857143 -0.0097743141 -0.46285714 -0.46289444 -0.59142857 -0.70789364 -0.70857143 -0.70857143 -0.65912004 -0.38285715 -0.38285714 -0.38285714 -0.38285714 -1.0042655 -1.0042857 -0.74714305 -0.74714286 -0.7514339 -0.91 -0.91 -0.91 -0.93142857 -0.93142857 -0.93142857 -0.51571429 -0.51571429 -0.45714286 -0.45714286 -0.45714286 -0.45714267 -0.20571264 -0.20571356 0.046358338 0.052579936 -0.67630759 -0.67714286 -0.67714286 -0.67714286 -0.67714286 -0.39 -0.39 -0.39 0.033871369 0.058571429 0.058571429 0.058571355 0.0057142857 0.0057142857 0.0057149029 0.022857143 0.022874199 0.40428571 0.38428571
-0.3370669 -0.33714288 -0.46285714 -0.46285714 -0.46285714 -0.70857143 -0.70857143 -0.70857143 -0.57285714 -0.57285714 -0.38285714 -0.38285714 -0.38285714 -1.0042857 -1.0042857 -1.0042857 -1.0042857 -1.0042743 -0.91 -0.91 -0.91 -0.93142857 -0.93142857 -0.93142857 -0.51571429 -0.51571429 -0.45714286 -0.45714286 -0.45714286 -0.20854916 -0.20571429 -0.20571429 -0.20571429 -0.20571429 -0.67691024 -0.67714286 -0.67714286 -0.67714286 -0.67714286 -0.85857131 -0.85857143 -0.85857143 -0.85857143 0.058568272 -0.35285714 -0.35285714 -0.35285714 0.20714286 0.20714286 0.20714286 0.40428571 0.40428571 0.40428571
-0.33714286 -0.33714286 -0.46285714 -0.46285714 -0.46285714 -0.70727991 -0.70857143 -0.57285714 -0.57285714 -0.57285714 -0.38288053 -0.38285714 -1.0610707 -1.0042858 -1.0042857 -1.0042857 -1.0042857 -1.3385714 -1.3385714 -1.3385714 -1.2142857 -1.2142855 -0.93142995 -0.93142857 -0.9314499 -1.1642857 -1.1642857 -1.164284 -0.45725714 -0.34854296 -0.34857067 -0.34854649 -0.20595844 -0.20583757 -0.59327299 -0.67714292 -0.67772693 -0.85142857 -0.85142857 -0.85857143 -0.85857143 -0.85857143 -0.85857143 -0.35285714 -0.35285714 -0.35285714 -0.35285714 0.20714286 0.20714286 0.20714286 0.40428571 0.40428571 0.40428571
-0.33714286 -0.33714286 -0.46285714 -0.46285714 -0.46285714 -0.46285714 -0.65777754 -0.57285714 -0.57285714 -0.57285714 -0.57321067 -1.2128571 -1.2128571 -1.2128571 -1.0055149 -1.0042857 -1.3363438 -1.3385714 -1.3385714 -1.3385714 -1.2142857 -1.2142857 -1.2142857 -1.2142857 -1.1642857 -1.1642857 -1.1642857 -1.1642857 -1.1642857 -0.34857143 -0.34857143 -0.34857143 -0.34857143 -0.34857198 -0.61 -0.85142857 -0.85142857 -0.85142857 -0.85142857 -0.85142885 -0.93857143 -0.93857143 -0.93857143 -0.78655582 -0.47142857 -0.47142857 -0.47142857 0.20714284 0.20714277 0.12142857 0.12142857 0.11435626 0.11428571
-0.33714286 -0.33714286 -0.41748311 -0.46285714 -0.46285714 -0.46285717 -1.5225974 -0.57585552 -0.57285714 -0.57285714 -1.2128572 -1.2128571 -1.2128571 -1.2128571 -1.2128571 -1.1957799 -1.3385714 -1.3385714 -1.3385714 -1.3385714 -1.2142867 -1.2142857 -1.2142857 -1.2142857 -1.1642857 -1.1642857 -1.1642857 -1.1642857 -1.1642857 -0.80883571 -0.34857143 -0.34857143 -0.34857143 -0.61 -0.61 -0.61018748 -0.85142857 -0.85142857 -0.75736416 -0.68428573 -0.93857143 -0.93857143 -0.93857143 -0.78792557 -0.47142857 -0.47142857 -0.47142857 -0.13285714 0.1182602 0.12142857 0.12142857 0.11428571 0.11428571
-1.2728571 -1.2728571 -1.2728571 -0.66594641 -0.46509567 -1.5242857 -1.5242857 -1.5242857 -1.5242857 -1.4157143 -1.4157143 -1.2128572 -1.2128571 -1.2128571 -1.2128571 -1.2128651 -1.3385714 -1.3385714 -1.3385714 -1.3385714 -1.26852 -1.2142857 -1.2142857 -1.2127903 -1.1574609 -1.1642857 -1.1642857 -1.1642857 -0.97142857 -0.97142857 -0.97142857 -0.97142596 -0.61 -0.61 -0.61 -0.61 -0.68428571 -0.68428571 -0.68428571 -0.68428571 -0.83571429 -0.83571429 -0.83571429 -0.31143911 -0.31142857 -0.31142857 -0.31142862 -0.13285714 -0.13285714 0.12111874 0.12142857 0.11428412 0.11428571
