interpolatedSpi/05-12|20_2.tif
NCOLS 53
NROWS 52
XLLCORNER -116.03883
YLLCORNER 28.596182
DX 0.49850594
DY 0.49788537
NODATA_VALUE -9999
[rows 0 to 33 of 52, columns 0 to 52 of 53]
0.065 0.065 -0.052233966 -0.555 0.00125 0.18875 0.51875 0.60375 0.027960084 -0.15125 -0.195 0.30125 0.0075273796 0.34 -0.0375 -0.0375 -0.0375 0.2225 0.37625 0.37625 0.37625 0.37624681 0.045000002 0.23875 0.23875 0.23875 0.74999819 0.75 0.75 0.3175 0.3175 0.3175 0.3175 -0.046249927 -0.04625 -0.04625 -0.04625 -0.04625 -0.04625 -0.046249948 1.8681294 1.8884908 0.8725 0.8725 0.8725 0.8725 0.87219375 0.685 0.685 0.685 1.1249991 1.125 1.125
0.064982561 -0.3275 -0.0087495313 0.065828184 0.2211088 0.50875 0.5225 0.31155741 -0.16125 0.1875 0.1075 0.0075000001 0.0075 0.49199149 0.33999851 -0.0375 0.2225 0.2225 0.37604953 0.37625 0.37625 0.37625 0.21236566 0.23875 0.23875 0.23875 -0.12624997 -0.12625 0.3175 0.3175 0.3175 0.3175 0.3175 -0.046249947 -0.04625 -0.04625 -0.04625 -0.04625 -0.04624992 0.053911192 0.49501125 0.82669366 0.8725 0.8725 0.8725 0.8725 0.8725 0.685 0.685 0.685 0.72148522 1.125 1.125
0.28748638 0.2875 0.3975 0.73875 0.46 0.19875 0.4275 0.04375 0.21625 0.215 0.3725 -0.23875 -0.375 0.2175 0.4925 0.7925 0.2225 0.2225 0.2225 0.35750545 0.3575 0.3575 -0.2625 0.23875 0.23875 0.23875 -0.12625 -0.12625 -0.12625 0.3175 0.3175 0.31749994 -0.24573808 -0.044751294 -0.036092793 1.0350004 1.045 1.045 0.9758245 0.495 0.495 0.49548273 0.8725 0.8725 0.8725 0.8725 0.8725 0.685 0.685 0.685 0.685 1.125 1.125
0.40625 0.28750001 0.35996438 0.67375 0.14625 0.3375 0.8175 -0.18625 0.4325 0.26165395 0.42625 0.20375 0.0025 0.2175 0.47625 0.7925 -0.096892836 -0.10352141 -0.155 0.3575 0.3575 -0.42125 -0.2625 -0.2625 0.23875 0.23874818 -0.12625 -0.12625 -0.12625 -0.84625 -0.84967924 -0.8525 -0.8525 -0.85249851 1.045 1.045 1.045 1.045 0.495 0.495 0.495 0.49500001 0.8725 0.8725 0.8725 0.8725 0.8725 0.68500237 0.685 0.685 0.685 1.1249294 1.125
0.40625 0.24000022 0.36 0.51179401 0.14625 0.5925 0.27127876 0.195 -0.18 0.25749995 0.32576386 0.35628348 0.59 0.47625 0.47625 0.67377103 -0.10375 -0.10375 -0.155 -0.155 0.35749841 -0.42125 -0.68125 -0.23375 -0.3125 -0.3124868 -0.12625 -0.12625 -0.84625 -0.84625 -0.8525 -0.8525 -0.8525 -0.74407044 1.045 1.045 1.045 0.495 0.495 0.495 0.495 0.49496404 0.87249999 0.8725 0.8725 0.8725 0.8725 0.87083102 0.685 0.68492276 -1.0375 -1.0375 -1.0375
-0.96125 0.14125 0.57625 0.50875 0.53125 0.63875 0.425 0.39555341 0.32625 0.03875 0.52125 -0.20625 -0.20624947 0.5625 0.5625 -0.15744356 -0.1575 -0.2325 -0.2325 -0.15500003 -0.7575 -0.7575 -0.23375 -0.3125 -0.3125 -0.25625 -0.735 -0.735 -0.41628894 -0.84625 -0.8525 -0.8525 -0.2775 -0.27751776 -0.44748788 -0.60125 -0.60125 0.15585004 0.495 0.495 0.12296459 0.1225 0.12250089 -0.61330023 -0.63983284 -0.6399996 -0.63999995 -0.63999943 -0.86335884 -1.0375 -1.0375 -1.0375 -1.0375
-0.1775023 -0.04125 -0.46565153 0.2175 0.6575 0.09125 0.27625 0.47 0.23375 0.23375 0.52125 0.03625 0.42124985 0.5625 0.076251457 0.07625 -0.1575 0.14 -0.19375 -0.19375 -0.77222703 -0.78875 -0.78875 -0.62 -0.25625 -0.25625 -0.735 -0.735 -0.41624541 -0.41616551 -0.24030137 -0.2775 -0.2775 -0.4475 -0.4475 -0.83204122 -0.60125 -0.60125 -1.0437347 0.12249838 0.1225 0.1225 0.12250352 -0.63999902 -0.64 -0.64 -0.64 -0.64000015 -0.8875 -1.0374703 -1.0375 -1.0375 -1.0375
-0.1775 -0.5 -0.15375 -0.63875 -0.93998273 -0.4225 0.26625 -0.21499999 0.03625 0.20875 0.20875 -0.16 0.42125 0.42125 0.07861702 -0.069471115 -0.08375 0.0025 -0.4837497 -0.19375 -0.88754534 -0.8625 -1.00875 -0.85625 -0.85625253 -1.0525 -1.01 -1.0099999 -0.33777595 -0.3375 -0.24 -0.41497033 -0.3925 -0.4475 -0.454559 -1.025 -1.025 -1.04375 -1.04375 0.1225 0.1225 0.12250001 -0.46371689 -0.46500001 -0.64 -0.64 -0.64 -0.88749058 -0.8875 -0.8875 -1.0375 -1.0375 -1.0375
-0.55537617 -0.49999999 -0.1375 -0.5475 -0.185 -0.3 -0.0375 0.36375 0.53375 0.59455462 0.44 0.22375 0.22375 -0.10875 -0.10874788 -0.25826226 -0.25875 -0.25875 -0.071726809 -0.94750004 -1.1575 -1.1575 -0.79 -0.92254422 -1.0327232 -1.0525 -0.945 -1.01 -0.896911 -0.89625 -0.42125 -0.0375 -0.17600571 -0.7475 -0.695 -0.80875 -0.79375 -0.97 -0.94376212 0.12421297 0.50625 -0.34125 -0.46497477 -0.465 -0.46598499 -0.64 -1.03875 -0.8875 -0.8875 -0.8875 -0.8875 -1.0248936 -0.30875
-0.865 -0.865 -0.45625 -0.37375 -0.3275 0.0825 0.15625 0.3775 0.60375 0.6100213 0.285 0.47 -0.10875 -0.10875 0.11625 0.11110671 -0.25875 -0.25872152 -0.125 -0.9475 -0.9475 -0.97455503 -0.79 -0.8637486 -0.86375 -0.86375 -0.945 -0.58 -0.58 -0.89625 -0.89625 -0.038021569 -0.3125 -0.7475 -0.49125 -0.80875 -0.79375 -1.0175 -0.94375 0.059718899 -0.34124996 -0.32977064 -0.31 -0.465 -0.465 -1.03875 -1.03875 -1.03875 -0.8875 -0.8875 -0.93625 -0.93625 -0.93624976
-0.865 -0.865 -0.61 -0.51125 -0.8175 -0.125 -0.24124999 0.30362796 0.25625 0.14875 0.31125 0.01625 0.46939507 0.11625 0.11625 0.11621222 -0.21125 -0.2067232 -0.125 -0.3575 -0.3575 -0.5275 -0.5275 -0.86375 -0.86375 -0.86375 -0.58 -0.58 -0.58 -1.0625 -1.0625 -1.0624988 -0.73125 -0.73125 -0.59375 -0.915 -0.74375 -0.46749809 -0.91375 0.07625 0.07625 0.069998751 -0.31 -0.465 -0.53500011 -0.70125 -0.71141585 -0.71 -0.84125 -0.84125 -0.93625 -0.93625 -0.93625
-0.865 -0.75484703 -0.56785985 -0.67374541 -0.22 -0.72 -0.24125 0.30375 0.2562504 0.14994097 0.016250173 0.01625 0.09 0.11625 0.11625 -0.21124999 -0.21125 -0.21124509 -0.125 -0.3575 -0.39088454 -0.5275 -0.5275 -0.86373634 -0.86375 -0.9385337 -1.09125 -1.09125 -1.0912499 -1.0625 -1.0625 -0.97125 -0.97125 -0.73124962 -0.59375 -0.53250025 -0.66337247 -0.4675 -0.4675 0.07625 0.07 0.07 0.069995565 -0.535 -0.535 -0.70125 -0.71 -0.71 -0.84125 -0.84125 -0.93625 -0.93625 -0.93625
-0.0775 0.19480502 0.26247101 0.25572067 -0.22000268 -0.71998819 -0.24125001 0.29704136 0.25952324 0.25344289 0.09 0.09 0.09 0.09 0.11624628 -0.21125 -0.21125 -0.21013638 -0.125 -0.35751011 -0.3975 -0.3975 -0.3975 -0.3975 -0.8560568 -1.09125 -1.09125 -1.09125 -1.09125 -1.0912101 -0.97125 -0.97125 -0.97125 -0.97125 -0.5325 -0.5325 -0.5325 -0.4703716 -0.46541583 -0.19 -0.19 0.069986015 -0.22376065 -0.53497002 -0.535 -0.70125 -0.71 -0.71 -0.84125 -0.84125 -0.93590535 -0.93625 -0.28270517
-0.0775 0.2625 0.2625 0.2625 0.2625 0.26249959 -0.24247542 0.016617548 0.2682559 0.090176312 0.09 0.09 0.09 0.09 0.089999772 -0.21124999 -0.21124999 -0.20533384 -0.12500208 -0.3975 -0.3975 -0.3975 -0.3975 -0.3975 -0.40290694 -0.99972114 -1.0075 -1.0075 -1.0075 -1.0075 -0.97125 -0.97125 -0.97124998 -0.9575 -0.9575 -0.5325 -0.3793798 -0.375 -0.19000011 -0.19 -0.19 -0.19 -0.22375 -0.22375 -0.22375 -0.22707296 -0.53489493 -0.53375 -0.53375 -0.53375 -0.53375001 0.39624973 0.39625
-0.05 0.2625 0.2625 0.2625 0.2625 0.2625 0.26249997 -0.26617411 -0.22252362 -0.225 -0.225 -0.225 -0.225 -0.225 -0.225 -0.27520987 -0.21227385 -0.19943952 -0.39746577 -0.3975 -0.3975 -0.3975 -0.3975 -0.39750016 -0.6475 -0.6475 -0.64750051 -1.0075 -1.0075 -1.007097 -0.80625 -0.80625 -0.9575 -0.9575 -0.9575 -0.46831007 -0.375 -0.375 -0.375 -0.19 -0.19 -0.19 -0.22375 -0.22375 -0.22375 -0.22375 -0.53375 -0.53375 -0.53375 -0.53375 -0.53375 0.39625 0.39625
-0.05 0.0663402 0.2625 0.2625 0.2625 0.2625 -0.64857115 -0.64875 -0.64874999 -0.225 -0.225 -0.225 -0.225 -0.225 -0.23630611 -0.27625 -0.27625 -0.27625 -0.53582711 -0.53624986 -0.53625 -0.53625 -0.53625 -0.53625 -0.6475 -0.6475 -0.6475 -0.6475 -1.0075 -0.80625 -0.80625 -0.80625 -0.95749999 -0.9575 -0.9575 -0.18 -0.37474181 -0.375 -0.375 -0.18999614 -0.18214677 -0.16382846 -0.22375 -0.22375 -0.31596454 -0.31625 -0.31625 -0.53321132 -0.20739446 -0.20625003 -0.20625006 -0.04243363 0.39624911
-0.05 -0.11568706 0.070202506 0.2625 0.2625 -0.64821159 -0.64875 -0.64875 -0.64875 -0.64569634 -0.225 -0.225 -0.225 -0.22500001 -0.27625 -0.27625 -0.27625 -0.27625 -0.53601775 -0.53625 -0.53625 -0.53625 -0.53625 -0.53625 -0.6475 -0.6475 -0.6475 -0.6475 -0.64807743 -0.80625 -0.80625 -0.80625 -0.36750001 -0.95740667 -0.18 -0.18 -0.18 -0.18131988 -0.17712763 -0.16375 -0.16375 -0.16375 -0.31875 -0.31875 -0.31625 -0.31625 -0.31625 -0.20625 -0.20625 -0.20625 -0.20625 -0.0425 -0.0425
-0.1173989 -0.1175 -0.1175 -0.1175 -0.59875 -0.64874871 -0.64875 -0.64875 -0.64875 -0.64875 -0.22632506 -0.22500023 -0.225 -0.27625 -0.27625 -0.27625 -0.27625 -0.27625 -0.3450048 -0.53625 -0.53625 -0.53625 -0.53625 -0.53625 -0.50130838 -0.36000156 -0.36 -0.36 -0.36 -0.80624998 -0.36750001 -0.3675 -0.3675 -0.3675 -0.18 -0.18000313 -0.29875 -0.29875 -0.16543568 -0.16375 -0.16375 -0.16375 -0.31875 -0.31875 -0.31663709 -0.31625 -0.31625 -0.20625 -0.20625 -0.20625 -0.20449417 -0.0425 -0.0425
-0.1175 -0.1175 -0.1175 -0.3441278 -0.59875 -0.59875 -0.64875 -0.64875 -0.64875 -0.64875 -0.2425 -0.2425 -0.2425 -0.27625 -0.27625 -0.27625 -0.27625 -0.27634296 -1.0425 -1.0425 -0.53625021 -0.53625 -0.54054095 -0.7125 -0.7093266 -0.36 -0.36 -0.36 -0.36 -0.36749924 -0.3675 -0.3675 -0.3675 -0.3675 -0.29874958 -0.29875 -0.29875 -0.29875 -0.2982675 -0.16375 -0.16375 -0.16375 -0.31875 -0.31875 -0.31875 -0.31625 -0.31625 -0.20625 -0.20625 -0.20625 -0.0425 -0.0425 -0.0425
-0.1175 -0.1175 -0.1175 -0.59875 -0.59875 -0.59875 -0.59875008 -0.64875 -0.64875 -0.24291937 -0.2425 -0.2425 -0.2425 -0.24252104 -0.73155011 -0.83875 -0.83875 -0.83875 -1.0425 -1.0425 -1.0425 -0.7125 -0.7125 -0.7125 -0.71247899 -0.5055555 -0.36 -0.36 -0.36 -0.15490812 -0.10627569 -0.10625 -0.10625 -0.10625 -0.24295955 -0.1650003 -0.165 -0.165 -0.165 -0.35622366 -0.35625 -0.35625 -0.31875 -0.31875 -0.0075012994 -0.0075000022 -0.01375 -0.01375 -0.00625 -0.00625 -0.00625 -0.0425 0.3109337
-0.1174996 -0.1175 -0.11750002 -0.59875 -0.59875 -0.59875 -0.59875 -0.70124998 -0.64895992 -0.24261901 -0.2425 -0.2425 -0.2425 -0.24367001 -0.83875 -0.83875 -0.83875 -0.83875006 -1.0425 -1.0425 -1.0425 -0.7125 -0.7125 -0.7125 -0.6375 -0.6375 -0.57375 -0.57375 -0.57375 -0.57119964 -0.10625 -0.10625 -0.10625 -0.10625 -0.13560894 -0.165 -0.165 -0.165 -0.165 -0.35625 -0.35625 -0.35625 -0.34527699 -0.0075 -0.0075 -0.0075 -0.01375 -0.01375 -0.00625 -0.00625 -0.00625 0.31124999 0.31125
0.01 -0.062476396 -0.44875 -0.44879352 -0.59875 -0.70065694 -0.70125 -0.70125 -0.65251436 -0.37375 -0.37375 -0.37375 -0.37375 -0.99622974 -0.99625 -0.83875012 -0.83875 -0.84411851 -1.0425 -1.0425 -1.0425 -1.0475 -1.0475 -1.0475 -0.6375 -0.6375 -0.57375 -0.57375 -0.57375 -0.57374974 -0.21124933 -0.21124971 -0.10888902 -0.10636257 -0.57695993 -0.5775 -0.5775 -0.5775 -0.5775 -0.35625 -0.35625 -0.35625 -0.026703526 -0.0075 -0.0075 -0.0075000525 -0.01375 -0.01375 -0.01374973 -0.00625 -0.006234517 0.34 0.31125
-0.37367712 -0.37375001 -0.44875 -0.44875 -0.44875 -0.70125 -0.70125 -0.70125 -0.5675 -0.5675 -0.37375 -0.37375 -0.37375 -0.99625 -0.99625 -0.99625 -0.99625 -0.99625453 -1.0425 -1.0425 -1.0425 -1.0475 -1.0475 -1.0475 -0.6375 -0.6375 -0.57375 -0.57375 -0.57375 -0.21533721 -0.21125 -0.21125 -0.21125 -0.21125 -0.57731928 -0.5775 -0.5775 -0.5775 -0.5775 -0.7449999 -0.745 -0.745 -0.745 -0.0075022633 -0.3025 -0.3025 -0.3025 0.14125 0.14125 0.14125 0.34 0.34 0.34
-0.37375 -0.37375 -0.44875 -0.44875 -0.44875 -0.69992281 -0.70125 -0.5675 -0.5675 -0.5675 -0.37377385 -0.37375 -0.99374338 -0.99625003 -0.99625 -0.99625 -0.99625 -1.26125 -1.26125 -1.26125 -1.2075 -1.2074999 -1.0475008 -1.0475 -1.0474301 -1.12375 -1.12375 -1.1237487 -0.57383888 -0.30373157 -0.30374951 -0.30373385 -0.21140809 -0.21132983 -0.51232995 -0.57750004 -0.57787282 -0.68875 -0.68875 -0.745 -0.745 -0.745 -0.745 -0.3025 -0.3025 -0.3025 -0.3025 0.14125 0.14125 0.14125 0.34 0.34 0.34
-0.37375 -0.37375 -0.44875 -0.44875 -0.44875 -0.44875 -0.65119128 -0.5675 -0.5675 -0.5675 -0.5678121 -1.1325 -1.1325 -1.1325 -0.99705295 -0.99625 -1.2594841 -1.26125 -1.26125 -1.26125 -1.2075 -1.2075 -1.2075 -1.2075 -1.12375 -1.12375 -1.12375 -1.12375 -1.12375 -0.30375 -0.30375 -0.30375 -0.30375 -0.3037504 -0.49375 -0.68875 -0.68875 -0.68875 -0.68875 -0.68875031 -0.7775 -0.7775 -0.7775 -0.6514015 -0.39 -0.39 -0.39 0.14124998 0.14125 0.1425 0.1425 0.11630443 0.11625
-0.37375 -0.37375 -0.42168027 -0.44875 -0.44875 -0.44875002 -1.4634074 -0.57032842 -0.5675 -0.5675 -1.1325 -1.1325 -1.1325 -1.1325 -1.1325 -1.1213512 -1.26125 -1.26125 -1.26125 -1.26125 -1.2075004 -1.2075 -1.2075 -1.2075 -1.12375 -1.12375 -1.12375 -1.12375 -1.12375 -0.74158168 -0.30375 -0.30375 -0.30375 -0.49375 -0.49375 -0.49390142 -0.68875 -0.68875 -0.60151933 -0.53375001 -0.7775 -0.7775 -0.7775 -0.65225552 -0.39 -0.39 -0.39 -0.0225 0.14044412 0.1425 0.1425 0.11625 0.11625
-1.18125 -1.18125 -1.18125 -0.63240789 -0.45076677 -1.465 -1.465 -1.465 -1.465 -1.32875 -1.32875 -1.1325 -1.1325 -1.1325 -1.1325 -1.1325082 -1.26125 -1.26125 -1.26125 -1.26125 -1.2309548 -1.2075 -1.2075 -1.2038689 -1.0711991 -1.12375 -1.12375 -1.12375 -0.89625 -0.89625 -0.89625 -0.89624751 -0.49375 -0.49375 -0.49375 -0.49375 -0.53375 -0.53375 -0.53375 -0.53375 -0.695 -0.695 -0.695 -0.1775104 -0.1775 -0.1775 -0.17750007 -0.0225 -0.0225 0.14229896 0.1425 0.11624854 0.11625
-1.18125 -1.18125 -1.18125 -1.1812847 -1.82625 -1.7737183 -1.465 -1.465 -1.465 -1.32875 -1.32875 -1.32875 -1.29875 -1.29875 -1.29875 -1.29875 -1.261163 -1.26125 -1.26125 -1.26125 -1.2604274 -1.0687504 -1.06875 -1.06875 -1.06875 -1.06875 -0.95125 -0.95125 -0.89625 -0.89625 -0.89625 -0.89625 -0.49375015 -0.49375 -0.49375 -0.49376741 -0.53374999 -0.53375 -0.53375 -0.53283973 -0.695 -0.695 -0.695 -0.177524 -0.1775 -0.1775 -0.1775 -0.0225 -0.0225 -0.02250002 -0.17375 -0.17375 -0.19375
-1.18125 -1.18125 -1.18125 -1.8262485 -1.82625 -1.82625 -1.4650001 -1.465 -1.465 -1.32875 -1.32875 -1.32875 -1.29875 -1.29875 -1.29875 -1.2922764 -1.21375 -1.21375 -1.2137501 -1.2609817 -1.06875 -1.06875 -1.06875 -1.06875 -1.06875 -1.0686616 -0.95125 -0.95125 -0.95125 -0.89625 -0.89625 -0.89620816 -0.7075 -0.7075 -0.7075 -0.32 -0.32 -0.32625 -0.32625 -0.32625 -0.18625 -0.69484042 -0.6949958 -0.1325 -0.1325 -0.13420545 -0.17749962 -0.0225 -0.0225 -0.17375 -0.17375 -0.17375 -0.19375
-1.18125 -1.18125 -1.18125 -1.82625 -1.82625 -1.82625 -1.82625 -1.465 -1.465 -1.32875 -1.32875 -1.2999496 -1.29875 -1.29875 -1.29875 -1.21375 -1.21375 -1.21375 -1.21375 -1.21375 -1.06875 -1.06875 -1.06875 -1.06875 -1.06875 -0.9512504 -0.95125 -0.95125 -0.95125 -0.83125 -0.83125 -0.83125 -0.7075 -0.7075 -0.7075 -0.32 -0.32 -0.32625 -0.32625 -0.18625 -0.18625 -0.18625 -0.1325 -0.1325 -0.1325 -0.1325 -0.11340074 0.1 0.1 0.1 -0.17375 -0.06125 -0.06125
-1.18125 -1.18125 -1.1821482 -1.82625 -1.82625 -1.82625 -1.82625 -1.6584579 -1.65 -1.6494485 -1.32875 -1.2987428 -1.29875 -1.29875 -1.2987497 -1.21375 -1.21375 -1.21375 -1.21375 -1.21375 -0.5628953 -1.06875 -1.06875 -1.06875 -1.0687055 -0.95124444 -0.95125 -0.95125 -0.95125 -0.83125 -0.83125 -0.83125 -0.83122997 -0.7075 -0.32 -0.32 -0.32 -0.32000016 -0.32624045 -0.18625 -0.18625 -0.18625 -0.13250326 -0.1325 -0.1325 -0.1325 0.099998976 0.1 0.1 0.1 -0.061249999 -0.06125 -0.06125
-1.5325 -1.5324994 -1.8259004 -1.82625 -1.82625 -1.82625 -1.6500375 -1.65 -1.65 -1.65 -1.2125 -1.2125 -1.2125 -1.2125 -1.2137442 -1.21375 -1.21375 -1.21375 -1.21375 -0.5412504 -0.54125 -0.54125 -0.85250004 -0.8525 -0.8525 -0.8525 -0.8610234 -0.95125 -0.56626577 -0.56625 -0.56625 -0.56625 -0.56625 -0.18875 -0.18875 -0.18875 -0.18875 -0.18875 -0.3975 -0.3975 -0.3975 -0.3975 -0.3975 -0.00019973431 -8.7882605e-23 -7.6372397e-37 3.1185959e-17 0.1 0.1 0.1 -0.061224596 -0.06125 -0.06125
-1.5325 -1.5325 -1.5318198 -1.4512508 -1.4512501 -1.451444 -1.65 -1.65 -1.65 -1.65 -1.2125 -1.2125 -1.2125 -1.2125 -1.2125 -1.21375 -1.21375 -1.21375 -0.54125017 -0.54125 -0.54125 -0.54125 -0.8525 -0.8525 -0.8525 -0.8525 -0.8525 -0.8525206 -0.56611822 -0.56625 -0.56625 -0.56625 -0.56619706 -0.064031643 -0.18862086 -0.18875 -0.18875 -0.18875 -0.3975 -0.3975 -0.3975 -0.3975 -0.3975 3.9828641e-23 7.2220448e-53 3.6562993e-90 1.3756409e-31 0.046761954 0.1 0.41395767 0.4175 0.32375 0.32375
-1.5325 -1.5325 -1.4512603 -1.45125 -1.45125 -1.45125 -1.5017317 -1.65 -1.65 -1.65 -1.2125 -1.2125 -1.2125 -1.2125 -1.2125 -1.2137478 -1.21375 -0.54144717 -0.54125 -0.54125 -0.54125 -0.54125 -0.73719542 -0.8525 -0.8525 -0.8525 -0.8525 -0.85205563 -0.225 -0.225 -0.225 -0.225 -0.225 0.03125 0.03125 0.03125 0.03125 0.03125 -0.20125 -0.20125 -0.20125 -0.20125 -0.20125 0.00013734374 2.8749803e-08 2.3664081e-10 9.5348555e-06 0.0012074159 0.4175 0.4175 0.4175 0.32375053 0.32375
