interpolatedSpi/05-12|21_1.tif
NCOLS 53
NROWS 52
XLLCORNER -116.03883
YLLCORNER 28.596182
DX 0.49850594
DY 0.49788537
NODATA_VALUE -9999
[rows 26 to 51 of 52, columns 0 to 52 of 53]
-0.05 -0.05 -0.05 -0.27394923 -0.34843618 -0.1 -0.1 -0.1 -0.1 0.15888889 0.15888889 0.036666675 0.036666667 0.036666667 0.036666667 0.036666953 0.041111111 0.041111111 0.041111111 0.041111111 -0.12797862 -0.25888889 -0.25888889 -0.26226197 -0.39044951 -0.44777778 -0.44777778 -0.44777778 -0.35555556 -0.35555556 -0.35555556 -0.35555491 -0.30888889 -0.30888889 -0.30888889 -0.30888889 -0.19666667 -0.19666667 -0.19666667 -0.19666667 -0.17111111 -0.17111111 -0.17111111 -0.094445986 -0.094444444 -0.094444444 -0.094444549 0.013333333 0.013333333 -0.35288657 -0.35333333 -0.3211089 -0.32111111
-0.05 -0.05 -0.05 -0.049999461 -0.04 -0.048724986 -0.1 -0.1 -0.1 0.15888889 0.15888889 0.15888889 0.15777777 0.15777778 0.15777778 0.15777777 0.040736605 0.041111111 0.041111111 0.041111111 0.036555008 -0.38777742 -0.38777778 -0.38777778 -0.38777778 -0.38777779 -0.69888889 -0.69888889 -0.35555556 -0.35555556 -0.35555556 -0.35555556 -0.30888875 -0.30888889 -0.30888889 -0.30887287 -0.19666667 -0.19666667 -0.19666667 -0.19733444 -0.17111111 -0.17111111 -0.17111111 -0.094448 -0.094444444 -0.094444444 -0.094444444 0.013333333 0.013333333 0.013333347 0.11777778 0.11777778 0.18777778
-0.05 -0.05 -0.05 -0.040000023 -0.04 -0.04 -0.099999977 -0.1 -0.1 0.15888889 0.15888889 0.15888889 0.15777778 0.15777778 0.15777778 0.1333221 -0.16333333 -0.16333333 -0.16333281 0.039956352 -0.38777778 -0.38777778 -0.38777778 -0.38777778 -0.38777778 -0.38801191 -0.69888889 -0.69888889 -0.69888889 -0.35555556 -0.35555556 -0.3557365 -0.11222222 -0.11222222 -0.11222222 -0.6 -0.6 -0.34888889 -0.34888889 -0.34888889 -0.2 -0.17112017 -0.17111023 -0.053333333 -0.053333333 -0.054891398 -0.094444153 0.013333333 0.013333333 0.11777778 0.11777778 0.11777778 0.18777778
-0.05 -0.05 -0.05 -0.04 -0.04 -0.04 -0.04 -0.1 -0.1 0.15888889 0.15888889 0.15782221 0.15777778 0.15777778 0.15777778 -0.16333333 -0.16333333 -0.16333333 -0.16333333 -0.16333333 -0.38777778 -0.38777778 -0.38777778 -0.38777778 -0.38777778 -0.69888783 -0.69888889 -0.69888889 -0.69888889 -0.63666667 -0.63666667 -0.63666667 -0.11222222 -0.11222222 -0.11222222 -0.6 -0.6 -0.34888889 -0.34888889 -0.2 -0.2 -0.2 -0.053333333 -0.053333333 -0.053333333 -0.053333333 -0.040463584 0.10333333 0.10333333 0.10333333 0.11777778 0.23777778 0.23777778
-0.05 -0.05 -0.049986075 -0.04 -0.04 -0.04 -0.04 -0.12673885 -0.13111111 -0.13061322 0.15888888 0.15776596 0.15777778 0.15777778 0.15777667 -0.16333333 -0.16333333 -0.16333333 -0.16333333 -0.16333333 -0.18957198 -0.38777778 -0.38777778 -0.38777778 -0.38778075 -0.6988722 -0.69888889 -0.69888889 -0.69888889 -0.63666667 -0.63666667 -0.63666667 -0.63658888 -0.11222222 -0.6 -0.6 -0.6 -0.59998948 -0.34887873 -0.2 -0.2 -0.2 -0.053342237 -0.053333333 -0.053333333 -0.053333333 0.10333325 0.10333333 0.10333333 0.10333333 0.23777778 0.23777778 0.23777778
-0.15111111 -0.15111093 -0.040009182 -0.04 -0.04 -0.04 -0.13109172 -0.13111111 -0.13111111 -0.13111111 0.016666663 0.016666667 0.016666667 0.016666667 -0.16250254 -0.16333333 -0.16333333 -0.16333333 -0.16333333 -0.1811111 -0.18111111 -0.18111111 -0.40222222 -0.40222222 -0.40222222 -0.40222222 -0.42782837 -0.69888889 -0.38223519 -0.38222222 -0.38222222 -0.38222222 -0.38222222 -0.34222222 -0.34222222 -0.34222222 -0.34222222 -0.34222222 0.11 0.11 0.11 0.11 0.11 0.096440552 0.096666667 0.096666667 0.096666667 0.10333333 0.10333333 0.10333333 0.2377566 0.23777778 0.23777778
-0.15111111 -0.15111111 -0.14937146 0.056666472 0.056666645 0.056483549 -0.13111111 -0.13111111 -0.13111111 -0.13111111 0.016666667 0.016666667 0.016666667 0.016666667 0.016666667 -0.16333333 -0.16333333 -0.16333333 -0.18111111 -0.18111111 -0.18111111 -0.18111111 -0.40222222 -0.40222222 -0.40222222 -0.40222222 -0.40222222 -0.40228498 -0.38225998 -0.38222222 -0.38222222 -0.38222222 -0.38223739 -0.40584118 -0.3422881 -0.34222222 -0.34222222 -0.34222222 0.11 0.11 0.11 0.11 0.11 0.096666667 0.096666667 0.096666667 0.096666667 0.09978413 0.10333333 -0.0010445462 -0.0022222222 0.032222222 0.032222222
-0.15111111 -0.15111111 0.056640348 0.056666667 0.056666667 0.056666667 0.0089719032 -0.13111111 -0.13111111 -0.13111111 0.016666667 0.016666667 0.016666667 0.016666667 0.016666667 -0.16319635 -0.16333333 -0.1811059 -0.18111111 -0.18111111 -0.18111111 -0.18111111 -0.32031018 -0.40222222 -0.40222222 -0.40222222 -0.40222222 -0.40227745 -0.48 -0.48 -0.48 -0.48 -0.48 -0.45444444 -0.45444444 -0.45444444 -0.45444444 -0.45444444 -0.0055555555 -0.0055555556 -0.0055555556 -0.0055555556 -0.0055555543 0.096951528 0.096666726 0.096666667 0.096686443 0.099031991 -0.0022222222 -0.0022222222 -0.0022222222 0.032222029 0.032222222
-0.15111103 -0.1086226 0.056666644 0.056666667 0.056666667 0.056666667 0.056666667 -0.13103116 -0.13111111 -0.13111111 0.016666666 0.016666667 0.016666667 0.016666667 -0.14629811 -0.15 -0.15 -0.18111031 -0.18111111 -0.18111111 -0.18111111 -0.18111111 -0.18111114 -0.40222222 -0.40222222 -0.40222222 -0.40222222 -0.85222186 -0.85222205 -0.77300429 -0.48 -0.48 -0.48 -0.45444444 -0.45444444 -0.45444444 -0.45444444 -0.45442187 -0.0055555556 -0.0055555556 -0.0055555556 -0.0055555556 -0.0055575135 0.21333333 0.21333333 0.21333333 0.21333333 0.21331595 -0.0022222222 -0.0022222222 -0.0022222222 -0.0022220952 0.2030028
-0.10777778 -0.10777778 -0.072120503 0.056666667 0.056666667 0.056666667 0.056666667 0.056666667 -0.13103075 -0.011111113 -0.011111111 -0.011111111 -0.011045189 -0.14999976 -0.15 -0.15 -0.15 -0.15 -0.18111166 -0.18578386 -0.22666667 -0.22666667 -0.22666667 -0.27175283 -0.410048 -0.45192226 -0.48745715 -0.85222222 -0.85222222 -0.85222222 -0.85222222 -0.85222222 -0.8352116 -0.42249534 -0.42111111 -0.42111111 -0.42111111 -0.42111111 -0.010356316 -0.031111065 -0.031111111 -0.031111111 -0.031111111 0.18777785 0.21333333 0.21333333 0.21333333 0.12333333 -0.0022202109 -0.0022222222 -0.0022222222 0.20555556 0.20555556
-0.10777778 -0.10777778 -0.072222223 -0.072222222 -0.072222222 0.056623733 0.056666667 0.056666667 -0.011111111 -0.011111111 -0.011111111 -0.011111111 -0.011111111 -0.14999999 -0.15 -0.15 -0.15 -0.15 -0.22666667 -0.22666667 -0.22666667 -0.22666667 -0.22666667 -0.49999999 -0.5 -0.5 -0.5 -0.85222222 -0.85222222 -0.85222222 -0.85222222 -0.85222222 -0.54444444 -0.54444444 -0.42111111 -0.42111111 -0.42111111 -0.037843059 -0.037777778 -0.031111111 -0.031111111 -0.031111111 -0.03111107 0.18777778 0.18777778 0.18777778 0.12333333 0.12333333 0.12333333 -0.012222222 -0.012222222 0.20555556 0.20555556
-0.10777778 -0.10777778 -0.072222222 -0.072222222 -0.072222222 -0.072222222 -0.072221661 0.03 -0.011072404 -0.011111111 -0.011111111 -0.011111111 -0.011111111 -0.14826749 -0.15 -0.15 -0.15 -0.15 -0.22666667 -0.22666667 -0.22666667 -0.22666667 -0.22666667 -0.5 -0.5 -0.5 -0.5 -0.50000143 -0.85222222 -0.85222222 -0.85222222 -0.54446058 -0.54444444 -0.54444444 -0.54444444 -0.42111111 -0.037777782 -0.037777778 -0.037777778 -0.037602365 0.1955645 0.23777778 0.23777778 0.18777778 0.18777778 0.18777778 0.12333333 0.12333333 0.12333333 -0.012222222 -0.012222222 -0.012222222 0.013342418
-0.10888889 -0.10888888 -0.072222222 -0.072222222 -0.072222222 -0.072222222 0.03 0.03 0.03 -0.011111111 -0.011111111 -0.011111111 -0.011111111 -0.011154287 -0.15 -0.15 -0.15 -0.15 -0.22666531 -0.22666667 -0.22666667 -0.22666667 -0.45184677 -0.5 -0.5 -0.5 -0.5 -0.53555553 -0.53555556 -0.53555556 -0.84881204 -0.54444444 -0.54444444 -0.54444444 -0.54444405 -0.12888889 -0.037777778 -0.037777778 -0.037777778 -0.037777775 0.23777778 0.23777778 0.23777778 0.076666667 0.076666667 0.076666667 -0.12108731 0.12333333 0.12333333 -0.012222223 -0.012222222 -0.012222222 -0.0066658957
-0.10888889 -0.10888889 -0.072222222 -0.072222222 -0.072222222 0.03 0.03 0.03 0.03 -0.0065927367 -0.01111111 -0.011111111 -0.01111111 -0.011111555 -0.16110983 -0.16111111 -0.16111111 -0.16111111 -0.21885226 -0.21888889 -0.21888889 -0.21888889 -0.21888889 -0.5 -0.5 -0.5 -0.50000235 -0.53555556 -0.53555556 -0.53555556 -0.53555556 -0.54436964 -0.31070647 -0.12888889 -0.12888889 -0.12888889 -0.037570694 0.017776621 0.017777778 0.017777778 0.23767595 0.10777778 0.10777778 0.076666667 0.076666667 0.076665829 -0.12111111 -0.12111111 -0.091111111 -0.091111111 -0.091111111 0.12222222 0.27
-0.10888889 -0.10888889 0.36222222 0.36222222 0.36222222 0.03 0.03 0.03 0.03 0.38666667 0.38666667 0.38666667 0.38666667 0.34806348 -0.16111111 -0.16111111 -0.16111111 -0.16111111 -0.21888889 -0.21888889 -0.21888889 -0.21888889 -0.21888889 0.11777778 0.11777753 -0.49999909 -0.53555556 -0.53555556 -0.53555556 -0.53555556 -0.28523057 -0.041111111 -0.11844454 -0.12888889 -0.12888889 -0.12888889 0.017777778 0.017777778 0.017777778 0.017777778 0.10777778 0.10777778 0.10777778 -0.019959707 -0.02 -0.12065662 -0.12111111 -0.12111111 -0.091110877 -0.091111111 0.12222222 0.12222222 0.27
-0.10888889 0.36222222 0.36222222 0.36222222 0.36222222 0.36222222 0.032001101 0.28777778 0.28777778 0.38666667 0.38666667 0.38666667 0.38666667 0.38653694 -0.16111111 -0.16111111 -0.16111111 -0.16372169 -0.21888889 -0.21888889 -0.21888889 -0.21888889 0.11777778 0.11777778 0.11777778 0.11777778 -0.53555556 -0.53555556 -0.53555556 -0.53555556 -0.041111111 -0.041111111 -0.041111111 -0.12880007 -0.12888889 -0.12888889 0.017777778 0.017777778 0.017777778 0.017777778 0.10777778 0.10777778 0.10777778 -0.02 -0.02 -0.019997545 0.023333333 0.023333333 -0.037777778 -0.037777778 0.12222222 0.12222222 0.27
0.3577979 0.36222222 0.36222222 0.36222222 0.36222222 0.36222222 0.28777778 0.28777778 0.28777778 0.34070724 0.38666667 0.38666667 0.38666667 0.38666002 -0.16111111 -0.16111111 -0.16111111 -0.21888889 -0.21888889 -0.21888889 -0.21888889 -0.21888683 0.11777778 0.11777778 0.11777778 0.11777778 -0.53550912 -0.53555556 -0.53555556 -0.04122482 -0.041111111 -0.041111111 -0.041111111 -0.041111111 -0.12832745 0.11333333 0.11333333 0.11167958 0.017777778 0.017777778 0.1077777 0.10777778 -0.016284835 -0.02 -0.02 0.023333318 0.023333333 0.023333333 -0.037777778 -0.037777778 -0.053333333 -0.053333333 0.13777778
0.36222222 0.36222222 0.36222222 0.36222222 0.36222222 0.36222222 0.28777778 0.28777778 0.28777778 0.28777778 0.1722284 0.17222222 0.17222222 0.17222222 -0.16110996 0.023357293 0.12666667 0.12666667 -0.21825186 -0.21888889 -0.21888889 0.11777729 0.11777778 0.11777778 0.11777778 0.11777778 0.11730277 -0.53555556 -0.53553866 -0.041111111 -0.041111111 -0.041111111 -0.041111111 -0.041111111 0.11333333 0.11333333 0.11333333 0.11333333 0.11333333 0.1133333 0.24555556 0.24555556 0.2455555 0.067777778 0.067777778 0.067777778 0.036666667 0.036666667 -0.017777778 -0.017777778 -0.053333333 -0.053332917 0.13777778
0.36222222 0.36222222 0.36222222 0.36222222 0.36222222 0.36222222 0.28777778 0.28777778 0.28777778 0.17222222 0.17222222 0.17222222 0.17222222 0.17222222 0.16021389 0.12666667 0.12666667 0.12666667 0.12666667 0.12666667 0.11016753 0.11777778 0.11777778 0.11777778 0.11777778 0.11404455 -0.00092481381 -0.46278038 -0.043549453 -0.041111111 -0.041111111 -0.041111111 -0.041111111 -0.041110773 0.11333333 0.11333333 0.11333333 0.11333333 0.11333333 0.1748428 0.24555556 0.24555556 0.24555556 0.067777778 0.067777778 0.067777778 0.036666667 0.036666667 -0.017777778 -0.017777778 0.34444444 0.14917832 0.13777778
0.36222222 0.36222222 0.36222222 0.36222222 0.36222222 0.3622222 0.28777779 0.28777778 0.28298158 0.17222222 0.17222222 0.17222222 0.17222222 0.17222222 0.1700371 0.12666667 0.12666667 0.12666667 0.12666667 0.12666667 0.12666667 0.017466444 -0.0011109446 -0.0011111111 -0.0011111111 -0.0011111111 -0.0011111111 -0.0011111111 0.031690452 0.032221354 0.032222221 0.032222222 0.032222222 0.03222228 0.11333333 0.11333333 0.11333333 0.11333333 0.11333333 0.24555554 0.24555556 0.24555556 0.24555556 0.24555548 0.068144737 0.29666667 0.036666694 0.30745514 -0.017488631 0.34444444 0.34444444 0.34936395 0.58111111
0.36222222 0.36222222 0.36222222 0.36222222 0.36222222 0.36221747 0.28778179 0.28777079 0.17222237 0.17222222 0.17222222 0.17222222 0.17222222 0.17222222 0.1713554 0.12666667 0.12666667 0.12666667 0.12666667 0.12666667 0.12666667 -0.0011111111 -0.0011111111 -0.0011111111 -0.0011111111 -0.0011111111 -0.0011111111 -0.0011111111 0.032213021 0.032222222 0.032222222 0.032222222 0.032222222 0.032222222 0.054446659 0.11333333 0.11333333 0.11333333 0.11333333 0.24555556 0.24555556 0.24555556 0.24555556 0.24556865 0.29666667 0.29666667 0.29676416 0.31222222 0.31222222 0.34444444 0.34444444 0.58111111 0.58111111
0.36222222 0.36222222 0.36222222 0.36222222 0.36222222 0.36212294 0.28786289 0.18526191 0.17222222 0.17222222 0.17222222 0.17222222 0.17222222 0.17222222 0.17142469 0.12666667 0.12666667 0.12666667 0.12666667 0.12666667 0.10847343 -0.0011111111 -0.0011111111 -0.0011111111 -0.0011111111 -0.0011111111 -0.0011111111 -0.0011111111 0.032222089 0.032222222 0.032222222 0.032222222 0.032222222 0.032222222 0.032222222 0.21914103 0.38362706 0.47356403 0.48725201 0.26148238 0.24555556 0.24555556 0.24555556 0.29666259 0.29666667 0.2963881 0.2500003 0.31222222 0.31222222 0.75327251 0.75333333 0.75333333 0.58111119
0.36222222 0.36222222 0.36222222 0.36222222 0.36222215 0.36160133 0.27830874 0.172254 0.17222222 0.17222222 0.17222222 0.17222222 0.17222222 0.17222222 0.17115843 0.12666667 0.12666667 0.12666667 0.12666667 0.12666667 -0.0011105594 -0.0011111111 -0.0011111111 -0.0011111111 -0.0011111111 -0.0011111111 -0.0011111111 -0.0011111111 0.032222213 0.032222222 0.032222222 0.032222222 0.032222222 0.032222222 0.032222315 0.49444444 0.49444444 0.49444444 0.49444444 0.49333333 0.49333333 0.49333333 0.49333333 0.25000014 0.25 0.25 0.25 0.25000246 0.47444444 0.47444444 0.75333333 0.75333333 0.57040948
0.36222222 0.36222222 0.36222222 0.36222222 0.36222014 0.36014869 0.18027796 0.17222373 0.17222222 0.17222222 0.17222222 0.17222222 0.17222222 0.17222222 0.17067579 0.12666669 0.12666667 0.12666667 0.12666667 0.12589763 -0.001111111 -0.0011111111 -0.0011111111 -0.0011111111 -0.0011111111 -0.0011111111 -0.0011111111 -0.0011111111 0.032222215 0.032222222 0.032222222 0.032222222 0.032222222 0.032222222 0.49444402 0.49444444 0.49444444 0.49444444 0.49444444 0.49333333 0.49333333 0.49333333 0.49333333 0.42765871 0.25 0.25 0.25 0.47444193 0.47444444 0.47444444 0.48777778 0.48777778 0.48777778
0.36222222 0.36222222 0.36222222 0.36222205 0.36220156 0.34923166 0.17266733 0.1722226 0.17222222 0.17222222 0.17222222 0.17222222 0.17222222 0.17222222 0.17002199 0.12666774 0.12666667 0.12666667 0.12666652 0.0014778691 -0.0011111111 -0.0011111111 -0.0011111111 -0.0011111111 -0.0011111111 -0.0011111111 -0.0011111111 -0.0011111111 0.032222191 0.032222222 0.032222222 0.032222222 0.032222222 0.17863076 0.49444436 0.49444444 0.49444444 0.49444444 0.49444444 0.49333333 0.49333333 0.49333333 0.49333333 0.49333333 0.25 0.25 0.25 0.47444444 0.47444444 0.47444444 0.48777778 0.48777778 0.48777778
0.36222222 0.36222222 0.36222215 0.3622202 0.3620686 0.25684543 0.1723019 0.17222245 0.17222222 0.17222222 0.17222222 0.17222222 0.17222222 0.17222214 0.16924468 0.1266833 0.12666667 0.12666666 0.1260051 -0.0011002462 -0.0011111111 -0.0011111111 -0.0011111111 -0.0011111111 -0.0011111111 -0.0011111111 -0.0011111111 -0.0011110917 0.032222013 0.032222222 0.032222364 0.21463979 0.23222222 0.23222222 0.23222222 0.49444444 0.49444444 0.49444444 0.49444444 0.49333333 0.49333333 0.49333333 0.49333333 0.49333333 0.25000431 0.25 0.25000011 0.47444443 0.47444444 0.47444445 0.48777778 0.48777778 0.48777778
