interpolatedSpi/05-11|23_1.tif
NCOLS 53
NROWS 52
XLLCORNER -116.03883
YLLCORNER 28.596182
DX 0.49850594
DY 0.49788537
NODATA_VALUE -9999
[rows 0 to 33 of 52, columns 0 to 52 of 53]
-0.13375 -0.13375 -0.23898077 -0.39125 -0.225 -0.3825 -0.3825 -0.27875 -0.66250546 -0.74125 -0.45125 -0.52125 -0.74997169 -0.40625 -0.1975 -0.1975 -0.1975 -0.49875 -0.135 -0.135 -0.135 -0.1349996 -0.093750002 -0.32625 -0.32625 -0.32625 -0.72750178 -0.7275 -0.7275 -1.01875 -1.01875 -1.01875 -1.01875 -0.97875001 -0.97875 -0.97875 -0.97875 -0.97875 -0.97875 -0.97874998 -0.28126228 -0.27379112 -0.435 -0.435 -0.435 -0.435 -0.43462841 -0.2075 -0.2075 -0.2075 -0.40999958 -0.41 -0.41
-0.13376272 -0.42 -0.27000006 -0.27842012 -0.46882576 -0.6125 -0.3475 -0.36381818 -0.64625 -0.4525 -0.6975 -0.75 -0.75 -0.5507665 -0.40624991 -0.1975 -0.49875 -0.49875 -0.13547428 -0.135 -0.135 -0.135 -0.34151476 -0.32625 -0.32625 -0.32625 -0.24375001 -0.24375 -1.01875 -1.01875 -1.01875 -1.01875 -1.01875 -0.97875001 -0.97875 -0.97875 -0.97875 -0.97875 -0.97874997 -0.81670673 0.03617193 -0.37781797 -0.435 -0.435 -0.435 -0.435 -0.435 -0.2075 -0.2075 -0.2075 -0.22429149 -0.41 -0.41
0.19123599 0.19125 -0.31875 -0.2475 -0.53375 -0.035 -0.19125 -0.06625 -0.5575 -0.67 -0.65625 -0.6675 -0.905 -1.01125 -0.55125 -0.72625 -0.49875 -0.49875 -0.49875 -0.16998983 -0.17 -0.17 -0.61625 -0.32625 -0.32625 -0.32625 -0.24375 -0.24375 -0.24375 -1.01875 -1.01875 -1.01875 -0.73893621 -0.97738342 -0.97453819 -0.53039647 -0.52625 -0.52625 -0.45550232 0.036249996 0.03625 0.035647389 -0.435 -0.435 -0.435 -0.435 -0.435 -0.2075 -0.2075 -0.2075 -0.2075 -0.41 -0.41
0.15375 0.19124991 -0.27258004 -0.19875 -0.56625 -0.46375 -0.54625 -0.7825 -0.26875 -0.58565216 -0.70125 -0.725 -0.85625 -1.01125 -0.81125 -0.72625 -0.50917365 -0.50749387 -0.35125 -0.17 -0.17 -0.47875 -0.61625 -0.61625 -0.32625 -0.32624959 -0.24375 -0.24375 -0.24375 -0.44875 -0.44257738 -0.4375 -0.4375 -0.43750007 -0.52625 -0.52625 -0.52625 -0.52625 0.03625 0.03625 0.03625 0.036249982 -0.435 -0.435 -0.435 -0.435 -0.435 -0.20750287 -0.2075 -0.2075 -0.2075 -0.41001478 -0.41
0.15375 -0.15750021 -0.2725 -0.4920167 -0.56625 -0.6875 -0.80748417 -1.0025 -1.105 -0.70125017 -0.79460284 -0.83491442 -0.2375 -0.81125 -0.81125 -0.7509398 -0.5075 -0.5075 -0.35125 -0.35125 -0.17000061 -0.47875 -0.3325 -0.03375 -0.235 -0.23498802 -0.24375 -0.24375 -0.44875 -0.44875 -0.4375 -0.4375 -0.4375 -0.3957782 -0.52625 -0.52625 -0.52625 0.03625 0.03625 0.03625 0.03625 0.036229367 -0.435 -0.435 -0.435 -0.435 -0.435 -0.43297497 -0.2075 -0.20752937 -0.8625 -0.8625 -0.8625
-0.96375 -0.4925 -0.46124998 -0.145 -0.42375 -0.5975 -0.875 -0.89132365 -0.90625 -1.14 -1.0475 -0.82 -0.81999962 -0.89125 -0.89125 -0.38243391 -0.3825 -0.60125 -0.60125 -0.35124987 -0.40125 -0.40125 -0.03375 -0.235 -0.235 -0.18375 -0.5175 -0.5175 -0.23252009 -0.44875 -0.4375 -0.4375 -0.21625 -0.21626032 -0.31499284 0.06375 0.06375 0.044757753 0.03625 0.03625 -0.17723341 -0.1775 -0.17749939 -0.24712609 -0.24377114 -0.24375005 -0.24375001 -0.24375008 -0.75100217 -0.8625 -0.8625 -0.8625 -0.8625
-0.046247955 -0.49 -0.18777796 -0.615 -0.5575 -0.94125 -0.58 -0.87 -1.25625 -1.25625 -1.0475 -0.99625 -0.74374998 -0.89125 -0.10875234 -0.10875 -0.3825 -0.07625 -0.20625 -0.20625 -0.28048837 -0.145 -0.145 -0.2275 -0.18375 -0.18375 -0.5175 -0.5175 -0.23251996 -0.23286747 -0.049126778 -0.21625 -0.21625 -0.315 -0.315 -0.17725322 0.06375 0.06375 -0.14624272 -0.17749996 -0.1775 -0.1775 -0.17749711 -0.24375066 -0.24375 -0.24375 -0.24375 -0.2437503 -0.75125 -0.86247795 -0.8625 -0.8625 -0.8625
-0.04625 -0.415 -0.19 -0.77625 -0.68500523 -0.905 -1.04375 -1.05125 -1.1675 -1.10625 -1.10625 -0.62875 -0.74375 -0.74375 -0.11310669 -0.26130179 -0.27625 -0.01125 -0.38874981 -0.20625 0.059107312 0.1075 -0.15625 0.195 0.19499187 -0.435 -0.1225 -0.12250014 -0.57379983 -0.57499999 -0.0475 -0.37347754 -0.2025 -0.315 -0.31453653 -0.37875 -0.37875 -0.14625 -0.14625 -0.1775 -0.1775 -0.17749999 -0.36140682 -0.36249999 -0.24375 -0.24375 -0.24375 -0.75123068 -0.75125 -0.75125 -0.8625 -0.8625 -0.8625
-0.47416906 -0.415 -0.14375 -0.85625 -0.475 -0.9575 -0.7775 -0.45625 -1.1275 -0.43472608 -0.44 -0.60625 -0.60625 -0.1775 -0.17750083 0.035379036 0.03625 0.03625 -0.068875954 -0.37750002 -0.4625 -0.46249999 -0.22375 -0.18285064 -0.37151263 -0.435 -0.11875 -0.1225 -0.33252243 -0.33375 -0.42125 -0.40375 -0.29483445 -0.6125 -0.29875 -0.3875 -0.38125 -0.28625 -0.03636544 -0.17635616 0.07875 -0.2125 -0.36248046 -0.3625 -0.36183161 -0.24375 -0.51624999 -0.75125 -0.75125 -0.75125 -0.75125 -0.85316194 -0.16375
-0.805 -0.805 -0.01375 -0.07875 -0.7625 -0.49375 -0.49125 -0.875 -0.5225 -0.25881576 -0.85 -0.0125 -0.1775 -0.1775 -0.26625 -0.26210108 0.03625 0.03622755 -0.05625 -0.3775 -0.3775 -0.38845084 -0.22375 -0.35749747 -0.3575 -0.3575 -0.11875 -0.17125 -0.17125 -0.33375 -0.33375 -0.40333986 -0.1875 -0.6125 -0.4575 -0.3875 -0.38125 -0.3675 -0.03625 0.079345664 -0.21249999 -0.22352018 -0.2425 -0.3625 -0.3625 -0.51625 -0.51625 -0.51625 -0.75125 -0.75125 -0.7875 -0.7875 -0.78749977
-0.805 -0.805 -0.40125 -0.545 -0.605 -0.06 -0.54625 -0.11958611 -0.29625 -0.18125 0.095 -0.00875 -0.012495252 -0.26625 -0.26625 -0.26623284 -0.1175 -0.11428531 -0.05625 0.05125 0.05125 -0.08625 -0.08625 -0.3575 -0.3575 -0.3575 -0.17125 -0.17125 -0.17125 -0.34875 -0.34875 -0.34874973 -0.44 -0.44 -0.83 -0.5475 -0.415 -0.24000446 -0.2325 0.08125 0.08125 -0.29624982 -0.2425 -0.3625 -0.12750003 -0.10875 -0.23372205 -0.2325 -0.5775 -0.5775 -0.7875 -0.7875 -0.7875
-0.805 -0.63068354 -0.46259325 -0.62249426 -0.245 -0.29 -0.54625 -0.11875 -0.29624852 -0.18252406 -0.0087502245 -0.00875 0.0425 -0.26625 -0.26625 -0.1175 -0.1175 -0.11749651 -0.05625 0.05125 0.024247797 -0.08625 -0.08625 -0.35748886 -0.3575 -0.32339535 -0.25375 -0.25375 -0.25374999 -0.34875 -0.34875 -0.32875 -0.32875 -0.44000107 -0.83 -0.49250018 -0.47092347 -0.24 -0.24 0.081249988 -0.29625 -0.29625 -0.29624877 -0.1275 -0.1275 -0.10875 -0.2325 -0.2325 -0.5775 -0.5775 -0.7875 -0.7875 -0.7875
-0.225 -0.24415755 -0.22876164 -0.23159791 -0.24500038 -0.28999894 -0.54624999 -0.12401228 -0.28401843 -0.29324704 0.0425 0.0425 0.0425 0.0425 -0.26620626 -0.1175 -0.1175 -0.11670916 -0.05625 0.051276798 0.14625 0.14625 0.14625 0.14625 -0.34889232 -0.25375 -0.25375 -0.25375 -0.25375 -0.25374837 -0.32875 -0.32875 -0.32875 -0.32875 -0.4925 -0.4925 -0.4925 -0.25278576 -0.24207479 -0.51625 -0.51625 -0.29626183 -0.46123857 -0.12753215 -0.1275 -0.10875 -0.2325 -0.2325 -0.5775 -0.5775 -0.78673814 -0.7875 -0.82754574
-0.225 -0.22875 -0.22875 -0.22875 -0.22875 -0.22875003 -0.54559401 -0.34399593 -0.25138575 0.042138097 0.0425 0.0425 0.0425 0.0425 0.04250014 -0.1175 -0.11749999 -0.11329867 -0.056250197 0.14625 0.14625 0.14625 0.14625 0.14625 0.14703204 -0.091018355 -0.047500043 -0.0475 -0.0475 -0.0475 -0.32874999 -0.32875 -0.32874952 0.07 0.07 -0.4925 -0.19962724 -0.19125 -0.51624981 -0.51625 -0.51625 -0.51625 -0.46125 -0.46125 -0.46125 -0.45879692 -0.26103724 -0.26125 -0.26125 -0.26125 -0.26125001 -0.47125007 -0.47125
-0.3125 -0.22875 -0.22875 -0.22875 -0.22875 -0.22875 -0.22875002 -0.28957256 0.23991396 0.2425 0.2425 0.2425 0.2425 0.2425 0.2425 0.25960199 -0.11150381 -0.10911273 0.14622452 0.14625 0.14625 0.14625 0.14625 0.14625013 0.1825 0.1825 0.18249968 -0.0475 -0.0475 -0.046658975 0.3725 0.3725 0.07 0.07 0.07 -0.14940044 -0.19125 -0.19125 -0.19125 -0.51625 -0.51625 -0.51625 -0.46125 -0.46125 -0.46125 -0.46125 -0.26125001 -0.26125 -0.26125 -0.26125 -0.26125 -0.47125 -0.47125
-0.3125 -0.28132083 -0.22875 -0.22875 -0.22875 -0.22875 0.10118523 0.10125 0.10125 0.2425 0.2425 0.2425 0.2425 0.2425 0.24636062 0.26 0.26 0.26 0.25716126 0.25749989 0.2575 0.2575 0.2575 0.2575 0.1825 0.1825 0.1825 0.1825 -0.0475 0.3725 0.3725 0.3725 0.070000027 0.07 0.07 0.16375 -0.19077997 -0.19125 -0.19125 -0.51623058 -0.47773177 -0.38788481 -0.46125 -0.46125 -0.67309421 -0.67375 -0.67375 -0.2618656 -0.63369391 -0.63499997 -0.63499993 -0.41625838 -0.47124989
-0.3125 -0.15314778 -0.18826632 -0.22875 -0.22875 0.10105502 0.10125 0.10125 0.10125 0.10226789 0.2425 0.2425 0.2425 0.2425 0.26 0.26 0.26 0.26 0.25750223 0.2575 0.2575 0.2575 0.2575 0.2575 0.1825 0.1825 0.1825 0.1825 0.1831911 0.3725 0.3725 0.3725 0.42 0.070017985 0.16375 0.16375 0.16375 0.16335257 -0.37505979 -0.3875 -0.3875 -0.3875 -0.84375 -0.84375 -0.67375 -0.67375 -0.67375 -0.635 -0.635 -0.635 -0.635 -0.41625 -0.41625
-0.14877927 -0.14875 -0.14875 -0.14875 0.2675 0.10125429 0.10125 0.10125 0.10125 0.10125 0.24231068 0.24249997 0.2425 0.26 0.26 0.26 0.26 0.26 0.27700652 0.2575 0.2575 0.2575 0.2575 0.2575 0.2728982 0.35499907 0.355 0.355 0.355 0.3725 0.42 0.42 0.42 0.42 0.16375 0.16374911 0.13 0.13 -0.38103824 -0.3875 -0.3875 -0.3875 -0.84375 -0.84375 -0.70007185 -0.67375 -0.67375 -0.635 -0.635 -0.635 -0.63265443 -0.41625 -0.41625
-0.14875 -0.14875 -0.14875 0.047268334 0.2675 0.2675 0.10125 0.10125 0.10125 0.10125 0.24 0.24 0.24 0.26 0.26 0.26 0.26 0.26005268 0.5325 0.5325 0.25750011 0.2575 0.25643487 0.21375 0.21502161 0.355 0.355 0.355 0.355 0.41999338 0.42 0.42 0.42 0.42 0.13000012 0.13 0.13 0.13 0.1281689 -0.3875 -0.3875 -0.3875 -0.84375 -0.84375 -0.84375 -0.67375 -0.67375 -0.635 -0.635 -0.635 -0.41625 -0.41625 -0.41625
-0.14875 -0.14875 -0.14875 0.2675 0.2675 0.2675 0.26749975 0.10125 0.10125 0.23985677 0.24 0.24 0.24 0.24001247 0.51800339 0.57875 0.57875 0.57875 0.5325 0.5325 0.5325 0.21375 0.21375 0.21375 0.21373494 0.25271776 0.355 0.355 0.355 0.34837152 0.33375848 0.33375 0.33375 0.33375 0.050855758 -0.061249566 -0.06125 -0.06125 -0.06125 -0.45499076 -0.455 -0.455 -0.84375 -0.84375 -0.47000156 -0.47000003 -0.555 -0.555 -0.47125 -0.47125 -0.47125 -0.41625 -0.31633941
-0.1487493 -0.14875 -0.14874998 0.2675 0.2675 0.2675 0.2675 0.18124998 0.10156987 0.24 0.24 0.24 0.24 0.24066472 0.57875 0.57875 0.57875 0.57874999 0.5325 0.5325 0.5325 0.21375 0.21375 0.21375 0.16 0.16 0.4375 0.4375 0.4375 0.43693401 0.33375 0.33375 0.33375 0.33375 0.13635844 -0.06125 -0.06125 -0.06125 -0.06125 -0.455 -0.455 -0.455 -0.45547196 -0.47 -0.47 -0.47 -0.555 -0.555 -0.47125 -0.47125 -0.47125 -0.31625001 -0.31625
0.0775 -0.021618656 0.11 0.11004569 0.2675 0.18174904 0.18125 0.18125 0.22315354 0.24 0.24 0.24 0.24 0.80123173 0.80125 0.57875017 0.57875 0.57753138 0.5325 0.5325 0.5325 0.43375 0.43375 0.43375 0.16 0.16 0.4375 0.4375 0.4375 0.43750007 0.52999875 0.52999945 0.33868245 0.33396039 -0.12572412 -0.12625 -0.12625 -0.12625 -0.12625 -0.455 -0.455 -0.455 -0.4691739 -0.47 -0.47 -0.47000002 -0.555 -0.555 -0.55499699 -0.47125 -0.4712614 -0.72625 -0.31625
0.22497199 0.22499998 0.11 0.11 0.11 0.18125 0.18125 0.18125 0.29625 0.29625 0.24 0.24 0.24 0.80125 0.80125 0.80125 0.80125 0.80121933 0.5325 0.5325 0.5325 0.43375 0.43375 0.43375 0.16 0.16 0.4375 0.4375 0.4375 0.52895706 0.53 0.53 0.53 0.53 -0.12592618 -0.12625 -0.12625 -0.12625 -0.12625 -0.22375006 -0.22375 -0.22375 -0.22375 -0.47000075 -0.5675 -0.5675 -0.5675 -0.8075 -0.8075 -0.8075 -0.72625 -0.72625 -0.72625
0.225 0.225 0.11 0.11 0.11 0.1808755 0.18125 0.29625 0.29625 0.29625 0.24000692 0.24 0.27166358 0.80124988 0.80125 0.80125 0.80125 0.25125 0.25125 0.25125 0.49625 0.49624995 0.4337503 0.43375 0.43371019 0.49625 0.49625 0.49624986 0.43750949 0.48875822 0.48875022 0.4887572 0.5299295 0.5299644 -0.0093973265 -0.12624998 -0.12604893 -0.06625 -0.06625 -0.22375 -0.22375 -0.22375 -0.22375 -0.5675 -0.5675 -0.5675 -0.5675 -0.8075 -0.8075 -0.8075 -0.72625 -0.72625 -0.72625
0.225 0.225 0.11 0.11 0.11 0.11 0.22429114 0.29625 0.29625 0.29625 0.29624033 0.27875 0.27875 0.27875 0.79817079 0.80125 0.25491506 0.25125 0.25125 0.25125 0.49625 0.49625 0.49625 0.49625 0.49625 0.49625 0.49625 0.49625 0.49625 0.48875 0.48875 0.48875 0.48875 0.48874876 -0.10125 -0.06625 -0.06625 -0.06625 -0.06625 -0.066251411 -0.4875 -0.4875 -0.4875 -0.53956574 -0.6475 -0.6475 -0.6475 -0.8075 -0.80750003 -0.83625 -0.83625 -0.46131447 -0.46125
0.225 0.225 0.15150692 0.11 0.11 0.11 0.12156054 0.2956985 0.29625 0.29625 0.27874995 0.27875 0.27875 0.27875 0.27875 0.32157355 0.25125 0.25125 0.25125 0.25125 0.4962481 0.49625 0.49625 0.49625 0.49625 0.49625 0.49625 0.49625 0.49625 0.092484621 0.48875 0.48875 0.48875 -0.10125 -0.10125 -0.10122282 -0.06625 -0.06625 -0.32512812 -0.52624996 -0.4875 -0.4875 -0.4875 -0.53902732 -0.6475 -0.6475 -0.6475 -0.78375 -0.83559586 -0.83625 -0.83625 -0.46125 -0.46125
0.1375 0.1375 0.1375 0.11689501 0.10990255 0.12125 0.12125 0.12125 0.12125 0.036250001 0.03625 0.27874998 0.27875 0.27875 0.27875 0.27874823 0.25125 0.25125 0.25125 0.25125 0.38933995 0.49625 0.49625 0.49458164 0.43533872 0.49625 0.49625 0.49625 -0.0475 -0.0475 -0.0475 -0.047497749 -0.10125 -0.10125 -0.10125 -0.10125 -0.52625 -0.52625 -0.52625 -0.52625 -0.52125 -0.52125 -0.52125 -0.68249676 -0.6825 -0.6825 -0.68249999 -0.78375 -0.78375 -0.83618603 -0.83625 -0.46125102 -0.46125
0.1375 0.1375 0.1375 0.13749488 0.0425 0.053951544 0.12125 0.12125 0.12125 0.03625 0.03625 0.03625 -0.32124997 -0.32125 -0.32125 -0.32124999 0.24986468 0.25125 0.25125 0.25125 0.25496159 0.43250018 0.4325 0.4325 0.4325 0.43249999 -0.039999996 -0.04 -0.0475 -0.0475 -0.0475 -0.0475 -0.10124998 -0.10125 -0.10125 -0.10124807 -0.52625 -0.52625 -0.52625 -0.52575648 -0.52125 -0.52125 -0.52125 -0.68249252 -0.6825 -0.6825 -0.6825 -0.78375 -0.78375 -0.78374998 -0.66375 -0.66375 -0.4275
0.1375 0.1375 0.1375 0.042500219 0.0425 0.0425 0.12124997 0.12125 0.12125 0.03625 0.03625 0.03625 -0.32125 -0.32125 -0.32125 -0.33524432 -0.505 -0.505 -0.50499805 0.2469785 0.4325 0.4325 0.4325 0.4325 0.4325 0.43214442 -0.04 -0.04 -0.04 -0.0475 -0.0475 -0.047522528 -0.0775 -0.0775 -0.0775 -0.29375 -0.29375 -0.41375 -0.41375 -0.41375 -0.42875 -0.52122099 -0.52125072 -0.6175 -0.6175 -0.61996343 -0.6825 -0.78375 -0.78375 -0.66375 -0.66375 -0.66375 -0.4275
0.1375 0.1375 0.1375 0.0425 0.0425 0.0425 0.0425 0.12125 0.12125 0.03625 0.03625 -0.30695516 -0.32125 -0.32125 -0.32125 -0.505 -0.505 -0.505 -0.505 -0.505 0.4325 0.4325 0.4325 0.4325 0.4325 -0.039998388 -0.04 -0.04 -0.04 -0.0825 -0.0825 -0.0825 -0.0775 -0.0775 -0.0775 -0.29375 -0.29375 -0.41375 -0.41375 -0.42875 -0.42875 -0.42875 -0.6175 -0.6175 -0.6175 -0.6175 -0.65046162 -1.01875 -1.01875 -1.01875 -0.66375 -0.54125 -0.54125
0.1375 0.1375 0.13736771 0.0425 0.0425 0.0425 0.0425 -0.055081206 -0.06 -0.059834752 0.036249981 -0.32125994 -0.32125 -0.32125 -0.32125064 -0.505 -0.505 -0.505 -0.505 -0.505 -0.54093484 0.4325 0.4325 0.4325 0.43247168 -0.039981152 -0.04 -0.04 -0.04 -0.0825 -0.0825 -0.0825 -0.082498572 -0.0775 -0.29375 -0.29375 -0.29375 -0.29375488 -0.41375102 -0.42875 -0.42875 -0.42875 -0.61748854 -0.6175 -0.6175 -0.6175 -1.0187466 -1.01875 -1.01875 -1.01875 -0.54125 -0.54125 -0.54125
0.12875 0.12875002 0.042553009 0.0425 0.0425 0.0425 -0.059978189 -0.06 -0.06 -0.06 -0.43999999 -0.44 -0.44 -0.44 -0.50469998 -0.505 -0.505 -0.505 -0.505 -0.58249995 -0.5825 -0.5825 0.29500002 0.295 0.295 0.295 0.26608519 -0.04 0.0037482082 0.00375 0.00375 0.00375 0.00375 -0.20875 -0.20875 -0.20875 -0.20875 -0.20875 -0.4 -0.4 -0.4 -0.4 -0.4 -0.6811539 -0.68125 -0.68125 -0.68125 -1.01875 -1.01875 -1.01875 -0.54132523 -0.54125 -0.54125
0.12875 0.12875 0.12844647 0.0924999 0.092499989 0.092351305 -0.06 -0.06 -0.06 -0.06 -0.44 -0.44 -0.44 -0.44 -0.44 -0.505 -0.505 -0.505 -0.58249998 -0.5825 -0.5825 -0.5825 0.295 0.295 0.295 0.295 0.295 0.29492883 0.0039237721 0.0037500019 0.00375 0.0037500001 0.0038198083 -0.0096258052 -0.20854382 -0.20875 -0.20875 -0.20875 -0.4 -0.4 -0.4 -0.4 -0.4 -0.68125 -0.68125 -0.68125 -0.68125 -0.83907159 -1.01875 -0.62074066 -0.61625 -0.4875 -0.4875
0.12875 0.12875 0.092504592 0.0925 0.0925 0.0925 0.053765643 -0.06 -0.06 -0.06 -0.44 -0.44 -0.44 -0.44 -0.44 -0.50495221 -0.505 -0.58247728 -0.5825 -0.5825 -0.5825 -0.5825 -0.030075561 0.295 0.295 0.295 0.295 0.29511252 0.45375 0.45375 0.45375 0.45375 0.45375 0.1425 0.1425 0.1425 0.1425 0.1425 -0.45 -0.45 -0.45 -0.45 -0.45 -0.6806701 -0.68124988 -0.68125 -0.68120974 -0.67639652 -0.61625 -0.61625 -0.61625 -0.48750072 -0.4875
