interpolatedSpi/06-06|21_3.tif
NCOLS 53
NROWS 52
XLLCORNER -116.03883
YLLCORNER 28.596182
DX 0.49850594
DY 0.49788537
NODATA_VALUE -9999
-0.75 -0.75 -0.98036753 -1.06 -0.95 -1.59 -1.39 -1.06 -0.46984402 -0.24 -0.61 0.14 -0.40998847 -0.27 -1.2 -1.2 -1.2 0.47 -0.17 -0.17 -0.17 -0.16999875 -0.040000007 -0.73 -0.73 -0.73 0.82999188 0.83 0.83 -0.47 -0.47 -0.47 -0.47 0.019999902 0.02 0.02 0.02 0.02 0.02 0.020000004 0.17829313 0.17973503 -0.86 -0.86 -0.86 -0.86 -0.85913433 -0.33 -0.33 -0.33 0.76999772 0.77 0.77 
-0.75001377 -1.06 -1.329999 -1.1888628 -1.4997796 -0.4 -0.66 -0.17053587 -0.48 -0.8 -0.19 -0.41 -0.41 0.028999659 -0.27000459 -1.2 0.47 0.47 -0.16916553 -0.17 -0.17 -0.17 -0.74684387 -0.73 -0.73 -0.73 -0.41000002 -0.41 -0.47 -0.47 -0.47 -0.47 -0.47 0.019999929 0.02 0.02 0.02 0.02 0.019999854 -0.32468949 -2.0299093 -1.0019701 -0.86 -0.86 -0.86 -0.86 -0.86 -0.33 -0.33 -0.33 -0.23878695 0.77 0.77 
-1.4199788 -1.42 -0.45 -0.81 -0.64 -0.44 0.11 0.3 -0.37 -0.21 -0.05 -0.21 0.12 -0.9 0.03 -0.71 0.47 0.47 0.47 -0.4499186 -0.45 -0.45 -1.05 -0.73 -0.73 -0.73 -0.41 -0.41 -0.41 -0.47 -0.47 -0.46999999 -0.36890599 0.015777184 0.0014773503 -1.9517647 -1.97 -1.97 -1.9775464 -2.03 -2.03 -2.0285039 -0.86 -0.86 -0.86 -0.86 -0.86 -0.33 -0.33 -0.33 -0.33 0.77 0.77 
0.15 -1.4199999 -0.9699954 -0.21 -0.35 -0.64 0.1 0.15 -0.05 -0.26084021 -0.51 -0.23 -0.4 -0.9 -0.71 -0.71 -1.3847974 -1.3886968 -1.14 -0.45 -0.45 -1.19 -1.05 -1.05 -0.73 -0.7299984 -0.41 -0.41 -0.41 -0.77 -0.49017436 -0.26 -0.26 -0.26000134 -1.97 -1.97 -1.97 -1.97 -2.03 -2.03 -2.03 -2.03 -0.86 -0.86 -0.86 -0.86 -0.86 -0.33000669 -0.33 -0.33 -0.33 0.76995264 0.77 
0.15 1.0899962 -0.97 -1.0645716 -0.35 -0.41 -0.55998606 0.3 -0.2 -0.20000016 -0.33660557 -0.40009167 -1.04 -0.71 -0.71 -0.7206837 -1.39 -1.39 -1.14 -1.14 -0.45000149 -1.19 -1.03 -0.72 -0.55 -0.54992747 -0.41 -0.41 -0.77 -0.77 -0.26 -0.26 -0.26 -0.35240078 -1.97 -1.97 -1.97 -2.03 -2.03 -2.03 -2.03 -2.0298929 -0.86 -0.86 -0.86 -0.86 -0.86 -0.85528234 -0.33 -0.33001569 -0.68 -0.68 -0.68 
-1.55 -0.07 -0.98999999 -0.61 -1.64 -0.94 -0.59 -0.47605451 -0.52 0.11 -0.32 -0.15 -0.15000059 -1.32 -1.32 -1.5399614 -1.54 -1.37 -1.37 -1.1399995 -1.35 -1.35 -0.72 -0.55 -0.55 -0.24 -0.14 -0.14 -0.36003712 -0.77 -0.26 -0.26 -0.75 -0.74995403 -0.31003196 -1.9 -1.9 -1.9897815 -2.03 -2.03 -0.92138441 -0.92 -0.919999 -1.2038215 -1.2099613 -1.2099999 -1.21 -1.2099999 -0.6703238 -0.68 -0.68 -0.68 -0.68 
-0.0099846609 -0.46 0.057984647 -1.21 -2.18 -1.84 -1.69 -0.83 -0.4 -0.4 -0.32 -0.99 -1.25 -1.32 -1.3799998 -1.38 -1.54 -1.24 -0.52 -0.52 -1.269885 -1.18 -1.18 -0.10000001 -0.24 -0.24 -0.14 -0.14 -0.35999534 -0.35991417 -0.3198769 -0.75 -0.75 -0.31 -0.31 -1.791072 -1.9 -1.9 -1.6600083 -0.92000103 -0.92 -0.92 -0.91999491 -1.2099989 -1.21 -1.21 -1.21 -1.2099997 -0.68 -0.68 -0.68 -0.68 -0.68 
-0.01 0.04 0.13 -1.72 -2.0399817 -1.38 -1.13 -1.46 -1.32 -0.86 -0.86 -1.15 -1.25 -1.25 -1.3791081 -1.5439363 -1.56 -0.94 -1.2299993 -0.52 0.3347181 0.35 0.23 0.27 0.27000181 0.41 -0.03 -0.030000039 -0.28028033 -0.28 -0.32 -1.6548157 -2.03 -0.31 -0.32483103 -1.7 -1.7 -1.66 -1.66 -0.92 -0.92 -0.91999999 -1.0199446 -1.02 -1.21 -1.21 -1.21 -0.68002017 -0.68 -0.68 -0.68 -0.68 -0.68 
-0.10868123 0.039999997 0.52 -0.5 -1.12 -1.63 -1.45 -1.59 -1.35 -1.22241 -0.94 -0.52 -0.52 -1.15 -1.1500051 -1.3705295 -1.37 -1.37 -0.98426894 -1.0299997 0.17 0.17 0.19 0.21423666 0.3958917 0.41 0.04 -0.03 -0.43761749 -0.44 -1.55 -0.21 -0.29562796 -0.99 -0.83 -0.71 -1.03 -1.4 -1.1501154 -0.91812522 -0.5 -1.03 -1.0199398 -1.02 -1.0210694 -1.21 -0.26000005 -0.68 -0.68 -0.68 -0.68 -0.59658001 0.02 
-0.94 -0.94 1.08 -0.19 -0.76 -1.5 -1.75 -1.68 -1.77 -1.1900963 -1.21 0.03 -1.15 -1.15 -1.69 -1.6856111 -1.37 -1.370046 -1.55 -1.03 -1.03 -0.87539971 0.19 0.090001894 0.09 0.09 0.04 1.03 1.03 -0.44 -0.44 -0.21032242 -0.38 -0.99 0.07 -0.71 -1.03 -0.94 -1.15 -0.60891385 -1.03 -0.89041103 -0.65 -1.02 -1.02 -0.26 -0.26 -0.26 -0.68 -0.68 -0.01 -0.01 -0.0099999888 
-0.94 -0.94 0.15 -0.85 -1.2 -0.72 -1.58 -1.749865 -1.5 -1.36 -0.94 -0.68 0.029053033 -1.69 -1.69 -1.6900092 -1.77 -1.7584534 -1.55 -1.38 -1.38 -0.56 -0.56 0.09 0.09 0.09 1.03 1.03 1.03 -0.56 -0.56 -0.5599997 -0.57 -0.57 -0.7 -1.81 -1.16 -2.2299819 -1.38 -0.6 -0.6 -0.64000003 -0.65 -1.02 -1.2699998 -1.02 -0.24008614 -0.24 -0.92 -0.92 -0.01 -0.01 -0.01 
-0.94 -0.46958886 -0.27673567 -1.2199838 -0.04 -1.26 -1.58 -1.75 -1.5000021 -1.361551 -0.68000089 -0.68 -1.31 -1.69 -1.69 -1.77 -1.77 -1.7699875 -1.55 -1.38 -1.2189687 -0.56 -0.56 0.089973174 0.09 -0.0020414772 -0.19 -0.19 -0.18999985 -0.56 -0.56 -1.39 -1.39 -0.57000036 -0.7 -1.1100003 -0.99002487 -2.23 -2.23 -0.6 -0.64 -0.64 -0.64000456 -1.27 -1.27 -1.02 -0.24 -0.24 -0.92 -0.92 -0.01 -0.01 -0.01 
-2.58 -1.1444135 -1.2399844 -1.2398364 -0.040006411 -1.2599712 -1.58 -1.7479074 -1.5172276 -1.4963442 -1.31 -1.31 -1.31 -1.31 -1.6899462 -1.77 -1.77 -1.7671594 -1.55 -1.3799634 -1.25 -1.25 -1.25 -1.25 0.067099742 -0.19 -0.19 -0.19 -0.19 -0.19036519 -1.39 -1.39 -1.39 -1.39 -1.11 -1.11 -1.11 -2.1735123 -2.2246675 -1.52 -1.52 -0.64004733 -1.4799928 -1.2700202 -1.27 -1.02 -0.24 -0.24 -0.92 -0.92 -0.013301382 -0.01 0.27760832 
-2.58 -1.24 -1.24 -1.24 -1.24 -1.24 -1.5791807 -1.6604052 -1.563189 -1.3102012 -1.31 -1.31 -1.31 -1.31 -1.3100003 -1.77 -1.77 -1.7549095 -1.5500021 -1.25 -1.25 -1.25 -1.25 -1.25 -1.2417815 -0.57194161 -0.72999989 -0.73 -0.73 -0.73 -1.39 -1.39 -1.3899996 -1.05 -1.05 -1.11 -1.1294438 -1.13 -1.5199998 -1.52 -1.52 -1.52 -1.48 -1.48 -1.48 -1.4767988 -1.1243713 -1.13 -1.13 -1.13 -1.13 -0.42999991 -0.43 
-2.77 -1.24 -1.24 -1.24 -1.24 -1.24 -1.24 -1.7452305 -1.6597858 -1.66 -1.66 -1.66 -1.66 -1.66 -1.66 -2.5025888 -1.7818826 -1.7398748 -1.2500378 -1.25 -1.25 -1.25 -1.25 -1.2500004 -0.87 -0.87 -0.8699998 -0.73 -0.73 -0.73020024 -0.83 -0.83 -1.05 -1.05 -1.05 -1.1171849 -1.13 -1.13 -1.13 -1.52 -1.52 -1.52 -1.48 -1.48 -1.48 -1.48 -1.13 -1.13 -1.13 -1.13 -1.13 -0.43 -0.43 
-2.77 -2.2003984 -1.24 -1.24 -1.24 -1.24 -2.0598391 -2.06 -2.06 -1.66 -1.66 -1.66 -1.66 -1.66 -1.849722 -2.52 -2.52 -2.52 -1.5590576 -1.5599997 -1.56 -1.56 -1.56 -1.56 -0.87 -0.87 -0.87 -0.87 -0.73 -0.83 -0.83 -0.83 -1.05 -1.05 -1.05 -1.1 -1.1299603 -1.13 -1.13 -1.5199639 -1.448199 -1.2807173 -1.48 -1.48 -1.3603703 -1.36 -1.36 -1.1295744 -0.87090858 -0.87000002 -0.87000005 0.18990589 -0.42999874 
-2.77 -2.4002056 -1.8219529 -1.24 -1.24 -2.0595155 -2.06 -2.06 -2.06 -2.0571175 -1.66 -1.66 -1.66 -1.6600001 -2.52 -2.52 -2.52 -2.52 -1.5608575 -1.56 -1.56 -1.56 -1.56 -1.56 -0.87000002 -0.87 -0.87 -0.87 -0.86985451 -0.83 -0.83 -0.83 -1.32 -1.0500116 -1.1 -1.1 -1.1 -1.1038496 -1.2705095 -1.28 -1.28 -1.28 -1.75 -1.75 -1.36 -1.36 -1.36 -0.87000001 -0.87 -0.87 -0.87 0.19 0.19 
-2.390078 -2.39 -2.39 -2.39 -1.89 -2.0599956 -2.06 -2.06 -2.06 -2.06 -1.71451 -1.6600094 -1.66 -2.52 -2.52 -2.52 -2.52 -2.52 -2.3854003 -1.56 -1.56 -1.56 -1.56 -1.56 -1.1173734 -0.92999967 -0.93 -0.93 -0.93 -0.83000003 -1.32 -1.32 -1.32 -1.32 -1.1 -1.1000092 -1.45 -1.45 -1.2821227 -1.28 -1.28 -1.28 -1.75 -1.75 -1.4203854 -1.36 -1.36 -0.87 -0.87 -0.87 -0.85863404 0.19 0.19 
-2.39 -2.39 -2.39 -2.1545425 -1.89 -1.89 -2.06 -2.06 -2.06 -2.06 -2.38 -2.38 -2.38 -2.52 -2.52 -2.52 -2.52 -2.5197587 -1.58 -1.58 -1.56 -1.56 -1.5641388 -1.73 -1.7227979 -0.93 -0.93 -0.93 -0.93 -1.3199603 -1.32 -1.32 -1.32 -1.32 -1.4499988 -1.45 -1.45 -1.45 -1.4494211 -1.28 -1.28 -1.28 -1.75 -1.75 -1.75 -1.36 -1.36 -0.87000001 -0.87 -0.87 0.19 0.19 0.19 
-2.39 -2.39 -2.39 -1.89 -1.89 -1.89 -1.8900003 -2.06 -2.06 -2.3796697 -2.38 -2.38 -2.38 -2.3800872 -1.3382433 -1.06 -1.06 -1.06 -1.58 -1.58 -1.58 -1.73 -1.73 -1.73 -1.7296274 -0.65200212 -0.93 -0.93 -0.93 -1.5793596 -1.6499675 -1.65 -1.65 -1.65 -1.5872891 -1.7799993 -1.78 -1.78 -1.78 -1.5999562 -1.6 -1.6 -1.75 -1.75 -1.6500004 -1.6499998 -1.05 -1.05 -0.58 -0.58 -0.58 0.19 0.010160942 
-2.3899961 -2.39 -2.39 -1.89 -1.89 -1.89 -1.89 -1.5700001 -2.0580408 -2.3791476 -2.38 -2.38 -2.38 -2.3774098 -1.06 -1.06 -1.06 -1.0600001 -1.58 -1.58 -1.58 -1.73 -1.73 -1.73 -0.4 -0.4 -1.11 -1.11 -1.11 -1.1129459 -1.65 -1.65 -1.65 -1.65 -1.7149643 -1.78 -1.78 -1.78 -1.78 -1.6 -1.6 -1.6 -1.6015732 -1.65 -1.65 -1.65 -1.05 -1.05 -0.58 -0.58 -0.58 0.0099999801 0.01 
-1.13 -1.7160237 -1.66 -1.6600667 -1.89 -1.5718515 -1.57 -1.57 -1.6064379 -1.44 -1.44 -1.44 -1.44 -0.39003418 -0.39 -1.0599995 -1.06 -1.0737012 -1.58 -1.58 -1.58 -1.07 -1.07 -1.07 -0.4 -0.4 -1.11 -1.11 -1.11 -1.1100002 -1.4500013 -1.4500006 -1.6449733 -1.6497856 -1.8797362 -1.88 -1.88 -1.88 -1.88 -1.6 -1.6 -1.6 -1.6472467 -1.65 -1.65 -1.65 -1.05 -1.05 -1.0499831 -0.58 -0.58003085 -1.27 0.01 
-1.629905 -1.63 -1.66 -1.66 -1.66 -1.57 -1.57 -1.57 -1.67 -1.67 -1.44 -1.44 -1.44 -0.39 -0.39 -0.39 -0.39 -0.39013461 -1.58 -1.58 -1.58 -1.07 -1.07 -1.07 -0.4 -0.4 -1.11 -1.11 -1.11 -1.4461665 -1.45 -1.45 -1.45 -1.45 -1.8797878 -1.88 -1.88 -1.88 -1.88 -1.44 -1.44 -1.44 -1.44 -1.6500005 -1.72 -1.72 -1.72 -1.73 -1.73 -1.73 -1.27 -1.27 -1.27 
-1.63 -1.63 -1.66 -1.66 -1.66 -1.5704731 -1.57 -1.67 -1.67 -1.67 -1.4400283 -1.44 -1.1458351 -0.39000016 -0.39 -0.39 -0.39 -0.87 -0.87 -0.87 -0.95 -0.95000009 -1.0699994 -1.07 -1.0698297 -1.1 -1.1 -1.1 -1.1099984 -1.0500797 -1.0500021 -1.0500698 -1.4493164 -1.4496548 -1.8031561 -1.8799998 -1.8783914 -1.4 -1.4 -1.44 -1.44 -1.44 -1.44 -1.72 -1.72 -1.72 -1.72 -1.73 -1.73 -1.73 -1.27 -1.27 -1.27 
-1.63 -1.63 -1.66 -1.66 -1.66 -1.66 -1.6074271 -1.67 -1.67 -1.67 -1.6696741 -1.08 -1.08 -1.08 -0.39406633 -0.39 -0.8668014 -0.87 -0.87 -0.87 -0.95 -0.95 -0.95 -0.95 -1.1 -1.1 -1.1 -1.1 -1.1 -1.05 -1.05 -1.05 -1.05 -1.0500009 -1.49 -1.4 -1.4 -1.4 -1.4 -1.3999997 -1.29 -1.29 -1.29 -1.3746087 -1.55 -1.55 -1.55 -1.73 -1.7299989 -0.63 -0.63 -0.27024328 -0.27 
-1.63 -1.63 -1.6491721 -1.66 -1.66 -1.66 -2.0593079 -1.6712291 -1.67 -1.67 -1.0800001 -1.08 -1.08 -1.08 -1.08 -1.0234117 -0.87 -0.87 -0.87 -0.87 -0.94999938 -0.95 -0.95 -0.95 -1.1 -1.1 -1.1 -1.1 -1.1 -0.51795138 -1.05 -1.05 -1.05 -1.49 -1.49 -1.4899301 -1.4 -1.4 -1.0623329 -0.80000005 -1.29 -1.29 -1.29 -1.3703104 -1.55 -1.55 -1.55 0.37 -0.6175401 -0.63 -0.63 -0.27 -0.27 
-1.15 -1.15 -1.15 -1.532129 -1.660313 -2.06 -2.06 -2.06 -2.06 -1.52 -1.52 -1.08 -1.08 -1.08 -1.08 -1.0799867 -0.87 -0.87 -0.87 -0.87 -0.9150906 -0.95 -0.95 -0.91466994 0.33320668 -1.1 -1.1 -1.1 -0.33 -0.33 -0.33 -0.33000302 -1.49 -1.49 -1.49 -1.49 -0.8 -0.8 -0.8 -0.8 -0.94 -0.94 -0.94 -0.64000603 -0.64 -0.64 -0.64000029 0.37 0.37 -0.62878155 -0.63 -0.26999385 -0.27 
-1.15 -1.15 -1.15 -1.1500388 -1.87 -1.8976291 -2.06 -2.06 -2.06 -1.52 -1.52 -1.52 -0.80000001 -0.8 -0.8 -0.80000001 -0.87067777 -0.87 -0.87 -0.87 -0.87113938 0.39999629 0.4 0.4 0.4 0.39999999 0.50999999 0.51 -0.33 -0.33 -0.33 -0.33 -1.4899992 -1.49 -1.49 -1.489908 -0.8 -0.8 -0.8 -0.79951745 -0.94 -0.94 -0.94 -0.64001391 -0.64 -0.64 -0.64 0.37 0.37 0.37000008 0.95 0.95 0.62 
-1.15 -1.15 -1.15 -1.8699983 -1.87 -1.87 -2.0599999 -2.06 -2.06 -1.52 -1.52 -1.52 -0.8 -0.8 -0.8 -0.8335102 -1.24 -1.24 -1.239999 -0.87208985 0.4 0.4 0.4 0.4 0.4 0.40008278 0.51 0.51 0.51 -0.33 -0.33 -0.32995494 -0.36 -0.36 -0.36 -0.83 -0.83 -0.69 -0.69 -0.69 -0.2 -0.93976788 -0.93998843 0.61 0.61 0.56262642 -0.63999499 0.37 0.37 0.95 0.95 0.95 0.62 
-1.15 -1.15 -1.15 -1.87 -1.87 -1.87 -1.87 -2.06 -2.06 -1.52 -1.52 -0.82878962 -0.8 -0.8 -0.8 -1.24 -1.24 -1.24 -1.24 -1.24 0.4 0.4 0.4 0.4 0.4 0.50999962 0.51 0.51 0.51 -0.26 -0.26 -0.26 -0.36 -0.36 -0.36 -0.83 -0.83 -0.69 -0.69 -0.2 -0.2 -0.2 0.61 0.61 0.61 0.61 0.62478652 0.79 0.79 0.79 0.94999999 0.43 0.43 
-1.15 -1.15 -1.1510026 -1.87 -1.87 -1.87 -1.87 -2.0508822 -2.06 -2.0590729 -1.52 -0.80001592 -0.8 -0.8 -0.80000152 -1.24 -1.24 -1.24 -1.24 -1.24 0.39029677 0.4 0.4 0.4 0.40010092 0.51002138 0.51 0.51 0.51 -0.26 -0.26 -0.26 -0.26001108 -0.36 -0.83 -0.83 -0.83 -0.82999367 -0.68996658 -0.2 -0.2 -0.2 0.60995083 0.61 0.61 0.61 0.78999788 0.79 0.79 0.79 0.43 0.43 0.43 
-1.28 -1.2799998 -1.8696005 -1.87 -1.87 -1.87 -2.0599596 -2.06 -2.06 -2.06 -0.99000003 -0.99 -0.99 -0.99 -1.2388461 -1.24 -1.24 -1.24 -1.24 0.38999903 0.39 0.39 0.88999992 0.89 0.89 0.89 0.85720111 0.51 0.15001474 0.15 0.15 0.15 0.15 -0.040000004 -0.04 -0.04 -0.04 -0.04 0.54 0.54 0.54 0.54 0.54 0.58004522 0.58 0.58 0.58 0.79 0.79 0.79 0.43005672 0.43 0.43 
-1.28 -1.28 -1.2764837 -0.86000203 -0.86000022 -0.8611705 -2.06 -2.06 -2.06 -2.06 -0.99 -0.99 -0.99 -0.99 -0.99 -1.24 -1.24 -1.24 0.38999959 0.39 0.39 0.39 0.89 0.89 0.89 0.89 0.89 0.88991885 0.14991118 0.15 0.15 0.15 0.14996432 -0.36880294 -0.040340462 -0.04 -0.04 -0.040000008 0.54 0.54 0.54 0.54 0.54 0.58 0.58 0.58 0.58 0.6782001 0.79 -0.18895464 -0.2 -0.76 -0.76 
-1.28 -1.28 -0.8600532 -0.86 -0.86 -0.86 -1.1647949 -2.06 -2.06 -2.06 -0.99 -0.99 -0.99 -0.99 -0.99 -1.2398046 -1.24 0.38952209 0.39 0.39 0.39 0.39 0.70477176 0.89 0.89 0.89 0.89 0.88931293 -0.08 -0.08 -0.08 -0.08 -0.08 -0.62 -0.62 -0.62 -0.62 -0.62 -0.07 -0.07 -0.07 -0.07 -0.069999993 0.58007325 0.58000002 0.58 0.58000509 0.58049956 -0.2 -0.2 -0.2 -0.75999686 -0.76 
-1.2799993 -0.91721351 -0.86000001 -0.86 -0.86 -0.86 -0.86 -2.0594891 -2.06 -2.06 -0.99 -0.99 -0.99 -0.99 -0.65755186 -0.65 -0.65 0.38997323 0.39 0.39 0.39 0.39 0.39000001 0.89 0.89 0.89 0.89 -0.29999976 -0.2999999 -0.25317865 -0.08 -0.08 -0.08 -0.62 -0.62 -0.62 -0.62 -0.61982391 -0.07 -0.07 -0.07 -0.07 -0.069955563 0.61 0.61 0.61 0.61 0.60993467 -0.2 -0.2 -0.2 -0.19999998 -0.17868918 
-0.91 -0.91 -0.94372434 -0.86 -0.86 -0.86 -0.86 -0.86 -2.059486 -1.1 -1.1 -1.1 -1.0997389 -0.65000049 -0.65 -0.65 -0.65 -0.65 0.38999904 0.3817942 0.31 0.31 0.31 0.45474942 0.83797636 0.5596077 0.3244107 -0.3 -0.3 -0.3 -0.3 -0.3 -0.28740177 -0.35483725 -0.36 -0.36 -0.36 -0.36 0.038955194 0.50999896 0.51 0.51 0.51 0.75999956 0.61000004 0.61 0.61 0.96 -0.19998142 -0.2 -0.2 -0.17 -0.17 
-0.91 -0.91 -1.2 -1.2 -1.2 -0.86011326 -0.86 -0.86 -1.1 -1.1 -1.1 -1.1 -1.1 -0.65000002 -0.65 -0.65 -0.65 -0.65 0.31 0.31 0.31 0.31 0.31 0.24 0.24 0.24 0.24 -0.3 -0.3 -0.3 -0.3 -0.3 0.1 0.1 -0.36 -0.36 -0.36 1.0697565 1.07 0.51 0.51 0.51 0.51000005 0.76 0.76 0.76 0.96 0.96 0.96 0.25 0.25 -0.17 -0.17 
-0.91 -0.91 -1.2 -1.2 -1.2 -1.2 -1.1999984 -0.91 -1.0998211 -1.1 -1.1 -1.1 -1.1 -0.65561334 -0.65 -0.65 -0.65 -0.65 0.30999998 0.31 0.31 0.31 0.31 0.24 0.24 0.24 0.24 0.23999787 -0.3 -0.3 -0.3 0.099979029 0.1 0.1 0.1 -0.36 1.07 1.07 1.07 1.0552654 0.77976271 0.83 0.83 0.76 0.76 0.76 0.96 0.96 0.96 0.25 0.25 0.25 -0.53228654 
-1.6 -1.5999946 -1.2 -1.2 -1.2 -1.2 -0.91 -0.91 -0.91 -1.1 -1.1 -1.1 -1.1 -1.0998601 -0.65 -0.65 -0.65 -0.65 0.30998325 0.31 0.31 0.31000001 0.2523427 0.24 0.24 0.24 0.24 0.82999952 0.83 0.82999999 -0.28785712 0.1 0.1 0.1 0.10000056 0.68999999 1.07 1.07 1.07 1.07 0.83 0.83 0.83 0.87 0.87 0.87 0.57003798 0.96 0.96 0.25 0.25 0.25 -0.56999649 
-1.6 -1.6 -1.2 -1.2 -1.2 -0.91 -0.91 -0.91 -0.91 -1.0791603 -1.1 -1.1 -1.1 -1.0999975 -0.65 -0.65 -0.65 -0.65 0.64325767 0.76 0.76 0.76 0.76 0.24 0.24 0.24 0.24003892 0.83 0.83 0.83 0.83 0.10016025 0.43185793 0.69 0.69 0.69 1.0685429 0.68000812 0.68 0.68 0.83019582 1.08 1.08 0.87 0.87 0.86999873 0.57 0.57 0.09 0.09 0.09 0.66 0.69 
-1.6 -1.6 -0.01 -0.01 -0.01 -0.91 -0.91 -0.91 -0.91 -0.68 -0.68 -0.68 -0.68 -0.67788583 -0.65 -0.65 -0.65 -0.65 0.64 0.76 0.76 0.76 0.76 1.43 1.4299995 0.24000176 0.83 0.83 0.83 0.83 1.0426356 1.25 0.75663232 0.69 0.69 0.69 0.68 0.68 0.68 0.68 1.08 1.08 1.08 0.97003469 0.97 0.57179797 0.57 0.57 0.090003393 0.09 0.66 0.66 0.69 
-1.6 -0.010000008 -0.01 -0.01 -0.01 -0.01 -0.91031052 -0.95 -0.95 -0.68 -0.68 -0.68 -0.68 -0.6799929 -0.65 -0.65 -0.65 -0.59171371 0.64 0.64 0.76 0.76 1.43 1.43 1.43 1.43 0.83 0.83 0.83 0.83 1.25 1.25 1.25 0.69056667 0.69 0.69 0.68 0.68 0.68 0.68 1.08 1.08 1.08 0.97 0.97 0.96998357 0.68 0.68 0.78 0.78 0.66 0.66 0.69 
-0.024932077 -0.01 -0.01 -0.01 -0.01 -0.01 -0.95 -0.95 -0.95 -0.80548472 -0.68 -0.68 -0.68 -0.68000252 -0.65 -0.65 -0.65 0.64 0.64 0.64 0.759994 0.76000409 1.43 1.43 1.43 1.43 0.83004265 0.83 0.83 1.2499034 1.25 1.25 1.25 1.25 0.69182514 1.02 1.02 1.0141157 0.68 0.68 1.0799996 1.08 0.97319827 0.97 0.97 0.6800001 0.68 0.68 0.78 0.78 0.74 0.74 0.99 
-0.01 -0.01 -0.01 -0.01 -0.01 -0.01 -0.95 -0.95 -0.95 -0.95 -0.81999597 -0.82 -0.82 -0.82 -0.6499965 0.18972297 0.66 0.66 0.64003687 0.64 0.64000002 1.429999 1.43 1.43 1.43 1.43 1.4295638 0.83 0.83001435 1.25 1.25 1.25 1.25 1.25 1.02 1.02 1.02 1.02 1.02 1.02 1.54 1.54 1.5399999 1.36 1.36 1.36 0.93 0.93 0.72 0.72 0.74 0.74000054 0.99 
-0.01 -0.01 -0.01 -0.01 -0.01 -0.01 -0.95 -0.95 -0.95 -0.82 -0.82 -0.82 -0.82 -0.82 -0.42987555 0.66 0.66 0.66 0.66 0.66 0.65904507 1.43 1.43 1.43 1.43 1.4158695 0.98070515 0.85042727 1.2479288 1.25 1.25 1.25 1.25 1.2499995 1.02 1.02 1.02 1.02 1.02 1.2619028 1.54 1.54 1.54 1.36 1.36 1.36 0.93 0.93 0.72 0.72 1.41 1.0131689 0.99 
-0.01 -0.01 -0.01 -0.01 -0.01 -0.010000282 -0.94999978 -0.95 -0.94460428 -0.82 -0.82 -0.82 -0.82 -0.82 -0.74901009 0.66 0.66 0.66 0.66 0.66 0.66 1.0477926 0.98000063 0.98 0.98 0.98 0.98 0.98 0.36940432 0.36001054 0.36000002 0.36 0.36 0.36000048 1.02 1.02 1.02 1.02 1.02 1.5399999 1.54 1.54 1.54 1.5399999 1.3607375 1.82 0.93000009 1.5294471 0.72071849 1.41 1.41 1.4135337 1.58 
-0.01 -0.01 -0.01 -0.01 -0.01 -0.010060049 -0.9499493 -0.94999213 -0.82000016 -0.82 -0.82 -0.82 -0.82 -0.82 -0.79183875 0.66 0.66 0.66 0.66 0.66 0.66 0.98 0.98 0.98 0.98 0.98 0.98 0.98 0.36017115 0.36 0.36 0.36 0.36 0.36 0.54083994 1.02 1.02 1.02 1.02 1.54 1.54 1.54 1.54 1.5400717 1.82 1.82 1.8182451 1.54 1.54 1.41 1.41 1.58 1.58 
-0.01 -0.01 -0.01 -0.01 -0.010000006 -0.011253618 -0.94888052 -0.83466965 -0.82 -0.82 -0.82 -0.82 -0.82 -0.82 -0.79409006 0.66 0.66 0.66 0.66 0.66 0.70556219 0.98 0.98 0.98 0.98 0.98 0.98 0.98 0.36000249 0.36 0.36 0.36 0.36 0.36 0.36 1.1254835 1.2895057 1.3791805 1.3928364 1.5483562 1.54 1.54 1.54 1.8199776 1.82 1.8185674 1.5799998 1.54 1.54 2.3199586 2.32 2.32 1.5800003 
-0.01 -0.01 -0.01 -0.010000001 -0.010000954 -0.017839177 -0.93217498 -0.82003575 -0.82 -0.82 -0.82 -0.82 -0.82 -0.82 -0.78543972 0.66 0.66 0.66 0.66 0.66 0.97999862 0.98 0.98 0.98 0.98 0.98 0.98 0.98 0.36000017 0.36 0.36 0.36 0.36 0.36 0.36000021 1.4 1.4 1.4 1.4 1.67 1.67 1.67 1.67 1.5800007 1.58 1.58 1.58 1.580006 2.13 2.13 2.32 2.32 2.3200525 
-0.01 -0.01 -0.010000001 -0.010000072 -0.01002625 -0.035460561 -0.82729989 -0.8200017 -0.82 -0.82 -0.82 -0.82 -0.82 -0.82 -0.76975967 0.65999939 0.66 0.66 0.66 0.66192594 0.98 0.98 0.98 0.98 0.98 0.98 0.98 0.98 0.36000014 0.36 0.36 0.36 0.36 0.36 1.399999 1.4 1.4 1.4 1.4 1.67 1.67 1.67 1.67 1.6457094 1.58 1.58 1.58 2.1299938 2.13 2.13 2.32 2.32 2.32 
-0.010000001 -0.010000002 -0.010000044 -0.010002132 -0.010256979 -0.099511298 -0.82029172 -0.82000042 -0.82 -0.82 -0.82 -0.82 -0.82 -0.81999991 -0.74851923 0.6599652 0.66 0.66 0.66000037 0.97351629 0.98 0.98 0.98 0.98 0.98 0.98 0.98 0.98 0.36000058 0.36 0.36 0.36 0.36 0.82118666 1.3999999 1.4 1.4 1.4 1.4 1.67 1.67 1.67 1.67 1.67 1.58 1.58 1.58 2.13 2.13 2.13 2.32 2.32 2.32 
-0.010000011 -0.010000064 -0.01000089 -0.010025159 -0.011507037 -0.48713564 -0.82002747 -0.82000026 -0.82 -0.82 -0.82 -0.82 -0.82 -0.81999722 -0.72326608 0.65945949 0.65999997 0.66000001 0.6616568 0.97997279 0.98 0.98 0.98 0.98 0.98 0.98 0.98 0.97999964 0.36000388 0.36 0.36000045 0.93461533 0.99 0.99 0.99 1.4 1.4 1.4 1.4 1.67 1.67 1.67 1.67 1.67 1.5800016 1.58 1.5800003 2.13 2.13 2.1300001 2.32 2.32 2.32 
