interpolatedSpi/06-06|19_1.tif
NCOLS 53
NROWS 52
XLLCORNER -116.03883
YLLCORNER 28.596182
DX 0.49850594
DY 0.49788537
NODATA_VALUE -9999
1.53 1.53 1.7468547 0.78 0.56 0.97 1.43 1.41 0.86775419 1.33 1.11 1.38 1.1099251 0.2 0.57 0.57 0.57 -0.27 -0.07 -0.07 -0.07 -0.069995088 0.44 0.51 0.51 0.51 0.17001754 0.17 0.17 0.24 0.24 0.24 0.24 -1.8699996 -1.87 -1.87 -1.87 -1.87 -1.87 -1.87 -0.94991059 -0.94052439 -3 -3 -3 -3 -2.99559 -0.3 -0.3 -0.3 0.7599978 0.76 0.76 
1.5299773 1.02 1.8200004 1.6050865 0.99034163 1.57 1.66 1.3304402 1.4 1.2 1.43 1.11 1.11 1.1468323 0.20001474 0.57 -0.27 -0.27 -0.070260773 -0.07 -0.07 -0.07 0.52473839 0.51 0.51 0.51 -0.53999993 -0.54 0.24 0.24 0.24 0.24 0.24 -1.8699997 -1.87 -1.87 -1.87 -1.87 -1.87 -1.80648 -1.5000113 -2.8179868 -3 -3 -3 -3 -3 -0.3 -0.3 -0.3 -0.21210379 0.76 0.76 
2.079953 2.08 2.18 1.34 1.3 0.83 0.86 1.64 0.99 0.62 0.46 0.62 1.24 0.09 1.15 0.15 -0.27 -0.27 -0.27 0.36987209 0.37 0.37 0.79 0.51 0.51 0.51 -0.54 -0.54 -0.54 0.24 0.24 0.23999998 0.03299797 -1.8676862 -1.8659045 -1.4340319 -1.43 -1.43 -1.4388042 -1.5 -1.5 -1.5019181 -3 -3 -3 -3 -3 -0.3 -0.3 -0.3 -0.3 0.76 0.76 
1.4 2.0799997 0.67995864 1.16 0.83 0.87 0.97 1.08 0.7 0.59890127 0.49 0.57 0.28 0.09 0.86 0.15 1.1225021 1.1290191 0.75 0.37 0.37 1.33 0.79 0.79 0.51 0.50999476 -0.54 -0.54 -0.54 -1.37 -0.72256028 -0.19 -0.19 -0.19000097 -1.43 -1.43 -1.43 -1.43 -1.5 -1.5 -1.5 -1.5000001 -3 -3 -3 -3 -3 -0.30003406 -0.3 -0.3 -0.3 0.75993141 0.76 
1.4 1.5499984 0.68 0.80586748 0.83 1.8 1.0900697 1.27 0.49 0.22999961 -0.20559692 -0.41003867 -0.68 0.86 0.86 0.40033737 1.13 1.13 0.75 0.75 0.37000185 1.33 1.24 0.82 1.05 1.0499458 -0.54 -0.54 -1.37 -1.37 -0.19 -0.19 -0.19 -0.16925714 -1.43 -1.43 -1.43 -1.5 -1.5 -1.5 -1.5 -1.4999508 -3 -3 -3 -3 -3 -2.9759667 -0.3 -0.30004663 -1.34 -1.34 -1.34 
0.14 0.83 0.55000004 0.4 1.76 1.54 0.23 0.36314979 -0.01 -0.63 -0.28 -0.42 -0.42000017 -0.05 -0.05 0.74000966 0.74 0.98 0.98 0.75000013 0.74 0.74 0.82 1.05 1.05 0.82 0.33 0.33 0.40983754 -1.37 -0.19 -0.19 -0.08 -0.080091949 -0.95993699 -1.03 -1.03 -1.3545948 -1.5 -1.5 -0.99063608 -0.99 -0.99000061 -0.59324921 -0.55027078 -0.55000065 -0.55000008 -0.55000092 -0.78726534 -1.34 -1.34 -1.34 -1.34 
0.26000736 0.83 1.3570782 0.91 1.05 0.38 0.54 0.34 -0.63 -0.63 -0.28 -0.21 0.35999993 -0.05 0.77999751 0.78 0.74 1.1 0.9 0.9 0.5279308 0.29 0.29 0.47000001 0.82 0.82 0.33 0.33 0.40996387 0.40933479 0.40808901 -0.08 -0.08 -0.96 -0.96 -1.0463392 -1.03 -1.03 -1.0699986 -0.99000011 -0.99 -0.99 -0.99000297 -0.55000167 -0.55 -0.55 -0.55 -0.5500001 -0.71 -1.3398752 -1.34 -1.34 -1.34 
0.26 0.54 1.54 -0.74 -1.1799748 -1.36 -1.16 -0.24000002 -1.16 0.41 0.41 0.11 0.36 0.36 0.77711841 1.6178964 1.7 0.88 1.0999998 0.9 1.2264161 1.24 0.39 -0.26 -0.25999703 -0.03 0.7 0.69999987 -0.20782743 -0.20999999 0.41 -0.21252081 -0.83 -0.96 -0.94659504 -1.06 -1.06 -1.07 -1.07 -0.99 -0.99 -0.99000001 -0.85173625 -0.84999998 -0.55 -0.55 -0.55 -0.70999391 -0.71 -0.71 -1.34 -1.34 -1.34 
0.54910293 0.54000001 0.85 0.33 -0.83 -1.08 -0.42 -0.95 -1.38 -0.90153743 -0.07 0.40999999 0.41 0.66 0.6600016 1.3410034 1.34 1.34 0.91358334 1.6199999 1.08 1.08 1.29 0.7446752 -0.053177927 -0.03 0.82 0.7 0.59063921 0.59 -0.04 0.41 0.19342476 -0.63 -0.49 -0.69 -0.62 -1.48 -1.3300693 -0.99111594 -1.24 -1.11 -0.8500407 -0.85 -0.84831144 -0.55 -1.41 -0.71000001 -0.71 -0.71 -0.71 -1.1955714 0.57 
0.6 0.6 0.39 0.23 -0.39 -0.49 -1.55 -0.58 -0.13 -0.78014079 -0.71 -0.2 0.66 0.66 0.83 0.83699488 1.34 1.339799 0.36 1.62 1.62 1.5504299 1.29 0.62001269 0.62 0.62 0.82 0.39 0.39 0.59 0.59 0.40918446 -0.02 -0.63 -0.8 -0.69 -0.62 -1.83 -1.33 -0.34620699 -1.11 -1.1063266 -1.1 -0.85 -0.85 -1.41 -1.41 -1.41 -0.71 -0.71 -0.18 -0.18 -0.17999972 
0.6 0.6 0.16 -0.14 -1.57 -1.12 -1.51 -1.579543 -1.16 -1.45 -0.28 -1.19 -0.20131671 0.83 0.83 0.83005768 1.33 1.2790898 0.36 1.27 1.27 2.58 2.58 0.62 0.62 0.62 0.39 0.39 0.39 0.61 0.61 0.60999896 0.35 0.35 -0.38 -0.73 0.04 -1.1799938 -1.36 -0.33 -0.33 -0.95000049 -1.1 -0.85 -0.92000028 -1.32 -2.1567699 -2.16 -0.31 -0.31 -0.18 -0.18 -0.18 
0.6 0.40989124 0.0319793 -0.67998237 -0.81 -1.34 -1.51 -1.58 -1.1600035 -1.4467872 -1.1900003 -1.19 0.22 0.83 0.83 1.33 1.33 1.3299448 0.36 1.27 1.5272573 2.58 2.58 0.6200774 0.62 0.3964707 -0.06 -0.06 -0.059999944 0.61 0.61 0.67 0.67 0.349998 -0.38 -0.020000206 -0.038573438 -1.18 -1.18 -0.33000002 -0.95 -0.95 -0.94999981 -0.92 -0.92 -1.32 -2.16 -2.16 -0.31 -0.31 -0.18 -0.18 -0.18 
-0.75 -0.83859753 -0.91997077 -0.91826022 -0.81000289 -1.3399875 -1.51 -1.5791383 -1.1889423 -1.1675727 0.22 0.22 0.22 0.22 0.82991359 1.33 1.33 1.3174758 0.36 1.2699162 1 1 1 1 0.62585164 -0.06 -0.06 -0.06 -0.06 -0.059833215 0.67 0.67 0.67 0.67 -0.02 -0.02 -0.02 -1.1232169 -1.1753435 -0.56 -0.56 -0.94997902 0.059966451 -0.91990561 -0.92 -1.32 -2.16 -2.16 -0.31 -0.31 -0.18047163 -0.18 -0.46942735 
-0.75 -0.92 -0.92 -0.92 -0.92 -0.92000017 -1.5095647 -1.5430669 -1.2661577 0.21850643 0.22 0.22 0.22 0.22 0.21999952 1.33 1.3299998 1.2634646 0.36001559 1 1 1 1 1 0.96346339 -0.5956834 -0.86999983 -0.87 -0.87 -0.87 0.66999998 0.67 0.66999945 0.21 0.21 -0.02 0.077219172 0.08 -0.55999963 -0.56 -0.56 -0.56 0.06 0.06 0.06 0.050396457 -0.6497152 -0.64 -0.64 -0.64 -0.63999999 -0.29999998 -0.3 
-0.27 -0.92 -0.92 -0.92 -0.92 -0.92 -0.92000004 -1.2550689 -0.46456297 -0.46 -0.46 -0.46 -0.46 -0.46 -0.45999999 0.15745155 1.3115051 1.1971744 0.99991986 1 1 1 1 0.9999988 -0.69 -0.69 -0.69000025 -0.87 -0.87 -0.86927912 -0.51 -0.51 0.21 0.21 0.21 0.1008246 0.08 0.08 0.08 -0.56 -0.56 -0.56 0.06 0.06 0.06 0.06 -0.64 -0.64 -0.64 -0.64 -0.64 -0.3 -0.3 
-0.27 -0.51198762 -0.92 -0.92 -0.92 -0.92 -0.58006673 -0.58 -0.58 -0.46 -0.46 -0.46 -0.46 -0.46 -0.32101759 0.17 0.17 0.17 -0.026863464 -0.029998949 -0.03 -0.03 -0.03 -0.03 -0.69 -0.69 -0.69 -0.69 -0.87 -0.51 -0.51 -0.51 0.20999994 0.21 0.21 0.12 0.080052961 0.08 0.08 -0.55999824 -0.55700829 -0.55002989 0.06 0.06 -0.38861127 -0.39 -0.39 -0.63991664 -0.59017473 -0.59 -0.59000001 -0.38998643 -0.30000018 
-0.27 -0.89281141 -0.91493954 -0.92 -0.92 -0.58020089 -0.58 -0.58 -0.58 -0.57913525 -0.46 -0.46 -0.46 -0.45999992 0.17 0.17 0.17 0.17 -0.029821344 -0.03 -0.03 -0.03 -0.03 -0.03 -0.68999998 -0.69 -0.69 -0.69 -0.68934527 -0.51 -0.51 -0.51 0.0099999874 0.20998602 0.12 0.12 0.12 0.11779851 -0.51010244 -0.55 -0.55 -0.55 -0.47 -0.47 -0.39 -0.39 -0.39 -0.59 -0.59 -0.59 -0.59 -0.39 -0.39 
-0.90963817 -0.91 -0.91 -0.91 -0.5 -0.57999794 -0.58 -0.58 -0.58 -0.58 -0.42517428 -0.45999401 -0.45999999 0.17 0.17 0.17 0.17 0.17 0.13601381 -0.03 -0.03 -0.03 -0.03 -0.03 -0.14244606 0.17999529 0.18 0.18 0.18 -0.50999997 0.0099999911 0.01 0.01 0.01 0.12 0.11999473 -0.08 -0.08 -0.54413135 -0.55 -0.55 -0.55 -0.47 -0.47 -0.40238675 -0.39 -0.39 -0.59 -0.59 -0.59 -0.58785548 -0.39 -0.39 
-0.91 -0.91 -0.91 -0.71692488 -0.5 -0.5 -0.58 -0.58 -0.58 -0.58 -8.3351005e-23 -1.838095e-36 2.3317266e-21 0.17 0.17 0.17 0.17 0.16996695 -0.12 -0.12 -0.030000037 -0.03 -0.032921495 -0.15 -0.14702915 0.18 0.18 0.18 0.18 0.01001731 0.01 0.01 0.01 0.01 -0.079999297 -0.08 -0.08 -0.08 -0.081684085 -0.55 -0.55 -0.55 -0.47 -0.47 -0.47 -0.39 -0.39 -0.58999998 -0.59 -0.59 -0.39 -0.39 -0.39 
-0.91 -0.91 -0.91 -0.5 -0.5 -0.5 -0.50000012 -0.58 -0.58 -0.00059872684 -1.3569866e-37 -9.7075216e-83 -5.7378429e-41 0.0001059147 0.0081155176 -0.03 -0.03 -0.03 -0.12 -0.12 -0.12 -0.15 -0.15 -0.15 -0.14998319 0.038378436 0.18 0.18 0.18 -0.88063856 -1.0898918 -1.09 -1.09 -1.09 -0.30555406 -0.61999877 -0.62 -0.62 -0.62 -0.45001368 -0.45 -0.45 -0.47 -0.47 -0.44000013 -0.43999962 0.63 0.63 0.12 0.12 0.12 -0.39 0.39929364 
-0.91000003 -0.91 -0.90999999 -0.5 -0.5 -0.5 -0.5 -0.82999993 -0.5809996 -0.00026296545 -2.6338397e-13 -5.4792319e-34 -1.1286905e-19 -5.886853e-05 -0.03 -0.03 -0.03 -0.030000026 -0.12 -0.12 -0.12 -0.15 -0.15 -0.15 -0.09 -0.09 -0.51999999 -0.52 -0.52 -0.52310953 -1.09 -1.09 -1.09 -1.09 -0.85512903 -0.62 -0.62 -0.62 -0.62 -0.45 -0.45 -0.45 -0.44968536 -0.44 -0.44 -0.44 0.63 0.63 0.12 0.12 0.12 0.39999999 0.4 
-0.92 -0.9087229 -0.82 -0.81990716 -0.5 -0.82809063 -0.83 -0.83 -0.65145447 -0.29 -0.29 -0.29 -0.29 -0.060007487 -0.06 -0.030000023 -0.03 -0.032371368 -0.12 -0.12 -0.12 0.02 0.02 0.02 -0.09 -0.09 -0.52 -0.52 -0.52 -0.52000034 -0.99000064 -0.99000028 -1.0874867 -1.0898928 -0.52065044 -0.52 -0.52 -0.52 -0.52 -0.45 -0.45 -0.45 -0.44055053 -0.44 -0.44 -0.44000002 0.63 0.63 0.62998164 0.12 0.11999776 0.07 0.4 
-0.60006077 -0.60000004 -0.82 -0.82 -0.82 -0.83 -0.83 -0.83 -0.34 -0.34 -0.29 -0.29 -0.29 -0.06 -0.06 -0.06 -0.06 -0.060006544 -0.12 -0.12 -0.11999999 0.02 0.02 0.02 -0.09 -0.09 -0.52 -0.52 -0.52 -0.98470072 -0.99 -0.99 -0.99 -0.99 -0.52023192 -0.52 -0.52 -0.52 -0.52 -0.30000004 -0.3 -0.3 -0.3 -0.44000077 -0.54 -0.54 -0.54 0.26 0.26 0.26 0.07 0.07 0.07 
-0.6 -0.6 -0.82 -0.82 -0.82 -0.82994744 -0.83 -0.34 -0.34 -0.34 -0.29000616 -0.29 -0.34719873 -0.060000069 -0.06 -0.06 -0.06 0.67 0.67 0.67 0.35999999 0.35999975 0.020001656 0.02 0.019927615 -0.05 -0.05 -0.05000112 -0.51992404 -0.050187329 -0.050005003 -0.050164112 -0.98839344 -0.98918879 -0.60309717 -0.52 -0.52 -0.52 -0.52 -0.3 -0.3 -0.3 -0.3 -0.54 -0.54 -0.54 -0.54 0.26 0.26 0.26 0.07 0.07 0.07 
-0.6 -0.6 -0.82 -0.82 -0.82 -0.82 -0.64660731 -0.34 -0.34 -0.34 -0.34001105 -0.36 -0.36 -0.36 -0.061767969 -0.06 0.66513546 0.67 0.67 0.67 0.36 0.36 0.36 0.36 -0.05 -0.05 -0.05 -0.05 -0.05 -0.05 -0.05 -0.05 -0.05 -0.04999901 0.42 -0.52 -0.52 -0.52 -0.52 -0.52000065 -0.76 -0.76 -0.76 -0.56475397 -0.16 -0.16 -0.16 0.25999999 0.25999955 -0.2 -0.2 0.19996837 0.2 
-0.6 -0.6 -0.74059545 -0.82 -0.82 -0.81999999 -0.30007098 -0.33987394 -0.34 -0.34 -0.35999998 -0.36 -0.36 -0.36 -0.36 -0.33525675 0.67 0.67 0.67 0.67 0.3600024 0.36 0.36 0.36 -0.05 -0.05 -0.05 -0.05 -0.049999999 0.31208864 -0.05 -0.05 -0.05 0.42 0.42 0.41927007 -0.52 -0.52 -0.024754906 0.35999992 -0.76 -0.76 -0.76 -0.56758961 -0.16 -0.16 -0.16 0.18 -0.19526524 -0.2 -0.2 0.2 0.2 
-0.46 -0.46 -0.46 -0.7297381 -0.81865661 -0.3 -0.3 -0.3 -0.3 -0.28 -0.28 -0.35999999 -0.36 -0.36 -0.36 -0.35993472 0.67 0.67 0.67 0.67 0.49527394 0.36 0.36 0.36366386 0.47550912 -0.05 -0.05 -0.05 0.44 0.44 0.44 0.43999794 0.42 0.42 0.42 0.42 0.36 0.36 0.36 0.36 -0.48 -0.48 -0.48 -0.26000442 -0.26 -0.26 -0.25999997 0.18 0.18 -0.19953699 -0.2 0.20000146 0.2 
-0.46 -0.46 -0.46 -0.45996984 0.1 0.041833428 -0.3 -0.3 -0.3 -0.28 -0.28 -0.28 -0.31 -0.31 -0.31 -0.30999998 0.67025645 0.67 0.67 0.67 0.66530694 0.49999962 0.5 0.5 0.5 0.49999998 0.059999999 0.06 0.44 0.44 0.44 0.44 0.42000028 0.42 0.42 0.42003177 0.36000001 0.36 0.36 0.36105284 -0.48 -0.48 -0.48 -0.2600102 -0.26 -0.26 -0.26 0.18 0.18 0.18000004 0.49 0.49 0.28 
-0.46 -0.46 -0.46 0.099998709 0.1 0.1 -0.29999985 -0.3 -0.3 -0.28 -0.28 -0.28 -0.31 -0.31 -0.31 -0.2247013 0.81 0.81 0.80999964 0.67079076 0.5 0.5 0.5 0.5 0.5 0.49966888 0.06 0.06 0.060000001 0.44 0.44 0.43993563 0.81 0.81 0.81 0.27 0.27 0.6 0.6 0.6 0.51 -0.47968947 -0.47999298 0.46 0.46 0.43271282 -0.25999735 0.18 0.18 0.49 0.49 0.49 0.28 
-0.46 -0.46 -0.46 0.1 0.1 0.1 0.1 -0.3 -0.3 -0.28 -0.28 -0.30880043 -0.31 -0.31 -0.31 0.81 0.81 0.81 0.81 0.81 0.5 0.5 0.5 0.5 0.5 0.060001501 0.06 0.06 0.06 0.34 0.34 0.34 0.81 0.81 0.81 0.27 0.27 0.6 0.6 0.51 0.51 0.51 0.46 0.46 0.46 0.46 0.49450188 0.88 0.88 0.88 0.49 0.72 0.72 
-0.46 -0.46 -0.45922017 0.1 0.1 0.1 0.1 -0.014241413 -0.02 -0.020446385 -0.27999999 -0.30998409 -0.31 -0.31 -0.30999613 0.81 0.81 0.81 0.81 0.81 0.01093895 0.5 0.5 0.5 0.50001854 0.06002982 0.06 0.06 0.06 0.34 0.34 0.34 0.34006416 0.81 0.27 0.27 0.27 0.27001366 0.59999386 0.51 0.51 0.51 0.46000304 0.46 0.46 0.46 0.87999274 0.88 0.88 0.88 0.72 0.72 0.72 
0.08 0.079999056 0.099704771 0.1 0.1 0.1 -0.019974465 -0.02 -0.02 -0.02 -0.12 -0.12 -0.12 -0.12 0.80570766 0.81 0.81 0.81 0.81 -0.0099995116 -0.01 -0.0099999998 0.58999999 0.59 0.59 0.59 0.54425418 0.06 -0.10999304 -0.11 -0.11 -0.11 -0.11 0.38 0.38 0.38 0.38 0.38 0.58 0.58 0.58 0.58 0.58 0.16045223 0.16 0.16 0.16 0.88 0.88 0.88 0.72002521 0.72 0.72 
0.08 0.08 0.079581382 0.030000141 0.030000016 0.02995131 -0.02 -0.02 -0.02 -0.02 -0.12 -0.12 -0.12 -0.12 -0.12 0.81 0.81 0.81 -0.0099997943 -0.01 -0.01 -0.01 0.59 0.59 0.59 0.59 0.59 0.58988715 -0.10996138 -0.11 -0.11 -0.11 -0.10998449 0.43669016 0.3800587 0.38 0.38 0.38 0.58 0.58 0.58 0.58 0.58 0.16 0.16 0.16 0.16 0.49668607 0.88 1.0777686 1.08 0.93 0.93 
0.08 0.08 0.030006333 0.03 0.03 0.03 0.017300211 -0.02 -0.02 -0.02 -0.12 -0.12 -0.12 -0.12 -0.12 0.8092845 0.81 -0.0097595814 -0.01 -0.01 -0.01 -0.01 0.36772611 0.59 0.59 0.59 0.59 0.58957519 -0.01 -0.01 -0.01 -0.01 -0.01 0.48 0.48 0.48 0.48 0.48 0.66 0.66 0.66 0.66 0.66 0.16209983 0.16000044 0.16 0.16014578 0.17767329 1.08 1.08 1.08 0.93000084 0.93 
0.079999226 -0.33181169 0.029999948 0.03 0.03 0.03 0.03 -0.019978711 -0.02 -0.02 -0.12 -0.12 -0.12 -0.12 -0.11022211 -0.11 -0.11 -0.010002574 -0.01 -0.01 -0.01 -0.01 -0.010000064 0.59 0.59 0.59 0.59 0.32999969 0.32999984 0.25763974 -0.01 -0.01 -0.01 0.48 0.48 0.48 0.48 0.47991873 0.66 0.66 0.66 0.66 0.66002988 1.02 1.02 1.02 1.02 1.0200048 1.08 1.08 1.08 1.0800001 1.2551399 
-0.34 -0.34 -0.29977249 0.03 0.03 0.03 0.03 0.03 -0.019980135 -0.61999999 -0.62 -0.62 -0.6188134 -0.11000001 -0.11 -0.11 -0.11 -0.11 -0.010005036 -0.053080449 -0.43 -0.43 -0.43 -0.17460596 0.51396544 0.10711895 -0.23578535 0.33 0.33 0.33 0.33 0.33 0.31424186 0.35629628 0.36 0.36 0.36 0.36 0.73326265 1.0499993 1.05 1.05 1.05 1.369999 1.0200001 1.02 1.02 1.47 1.0800062 1.08 1.08 1.26 1.26 
-0.34 -0.34 -0.53 -0.53 -0.53 0.02981346 0.03 0.03 -0.62 -0.62 -0.62 -0.62 -0.62 -0.11000002 -0.11 -0.11 -0.11 -0.11 -0.43 -0.43 -0.43 -0.43 -0.43 -0.36 -0.36 -0.36 -0.36 0.33 0.33 0.33 0.33 0.33 0.03 0.03 0.36 0.36 0.36 0.46998127 0.47 1.05 1.05 1.05 1.05 1.37 1.37 1.37 1.47 1.47 1.47 0.6 0.6 1.26 1.26 
-0.34 -0.34 -0.53 -0.53 -0.53 -0.53 -0.53000066 -0.65 -0.62002825 -0.62 -0.62 -0.62 -0.62 -0.11636179 -0.11 -0.11 -0.11 -0.11 -0.42999999 -0.43 -0.43 -0.43 -0.43 -0.36 -0.36 -0.36 -0.36 -0.35999719 0.33 0.33 0.33 0.030015729 0.03 0.03 0.03 0.36 0.47 0.47 0.47 0.48526089 0.93197881 0.91 0.91 1.37 1.37 1.37 1.47 1.47 1.47 0.6 0.6 0.6 0.8886563 
-0.26 -0.26000063 -0.53 -0.53 -0.53 -0.53 -0.65 -0.65 -0.65 -0.62 -0.62 -0.62 -0.62 -0.61984146 -0.11 -0.11 -0.11 -0.11 -0.42999417 -0.43 -0.43 -0.42999999 -0.3723201 -0.36 -0.36 -0.36 -0.36 -0.080000229 -0.08 -0.079999995 0.32558839 0.03 0.03 0.03 0.029999542 -0.44999999 0.47 0.47 0.47 0.47 0.91 0.91 0.91 1.75 1.75 1.75 0.73007207 1.47 1.47 0.6 0.6 0.6 0.850001 
-0.26 -0.26 -0.53 -0.53 -0.53 -0.65 -0.65 -0.65 -0.65 -0.62329988 -0.62 -0.62 -0.62 -0.61999934 -0.59994361 -0.6 -0.6 -0.6 -0.046612863 0.06 0.06 0.06 0.06 -0.36 -0.36 -0.36 -0.35998153 -0.08 -0.08 -0.08 -0.08 0.030005611 -0.23998612 -0.45 -0.45 -0.45 0.47040755 0.57999771 0.58 0.58 0.9106658 1.76 1.76 1.75 1.75 1.7499957 0.73 0.73 1.11 1.11 1.11 1.1 1.21 
-0.26 -0.26 -0.21 -0.21 -0.21 -0.65 -0.65 -0.65 -0.65 -1 -1 -1 -1 -0.97181106 -0.6 -0.6 -0.6 -0.6 -0.05 0.06 0.06 0.06 0.06 0.13 0.12999981 -0.35999928 -0.08 -0.08 -0.08 -0.08 0.056694315 0.19 -0.37384878 -0.45 -0.45 -0.45 0.58 0.58 0.58 0.58 1.76 1.76 1.76 1.1301987 1.13 0.73179797 0.73 0.73 1.1099994 1.11 1.1 1.1 1.21 
-0.26 -0.21 -0.21 -0.21 -0.21 -0.21 -0.65062103 -0.73 -0.73 -1 -1 -1 -1 -0.99990527 -0.6 -0.6 -0.6 -0.57514926 -0.05 -0.05 0.06 0.06 0.13 0.13 0.13 0.13 -0.08 -0.08 -0.08 -0.08 0.19 0.19 0.19 -0.44935237 -0.45 -0.45 0.58 0.58 0.58 0.58 1.76 1.76 1.76 1.13 1.13 1.1299841 0.85 0.85 1.01 1.01 1.1 1.1 1.21 
-0.21046956 -0.21 -0.21 -0.21 -0.21 -0.21 -0.73 -0.73 -0.73 -0.87451528 -1 -1 -1 -1.0000014 -0.6 -0.6 -0.6 -0.05 -0.05 -0.05 0.059994505 0.060000428 0.13 0.13 0.13 0.13 -0.079985073 -0.08 -0.08 0.18993791 0.19 0.19 0.19 0.19 -0.44645005 0.94 0.94 0.93376957 0.58 0.58 1.759999 1.76 1.1483174 1.13 1.13 0.8500001 0.85 0.85 1.01 1.01 0.82 0.82 0.63 
-0.21 -0.21 -0.21 -0.21 -0.21 -0.21 -0.73 -0.73 -0.73 -0.73 -1.1699951 -1.17 -1.17 -1.17 -0.59999806 -0.023091092 0.3 0.3 -0.049354777 -0.05 -0.049999978 0.1299999 0.13 0.13 0.13 0.13 0.12984732 -0.08 -0.079990772 0.19 0.19 0.19 0.19 0.19 0.94 0.94 0.94 0.94 0.94 0.93999959 1.32 1.32 1.3199999 1.15 1.15 1.15 0.83 0.83 0.42 0.42 0.82 0.81999959 0.63 
-0.21 -0.21 -0.21 -0.21 -0.21 -0.21 -0.73 -0.73 -0.73 -1.17 -1.17 -1.17 -1.17 -1.17 -0.78251153 0.3 0.3 0.3 0.3 0.3 0.28328865 0.13 0.13 0.13 0.13 0.14632853 0.64918516 0.019401111 0.1886685 0.19 0.19 0.19 0.19 0.19000164 0.94 0.94 0.94 0.94 0.94 1.1167751 1.32 1.32 1.32 1.15 1.15 1.15 0.83 0.83 0.42 0.42 0.56 0.62613855 0.63 
-0.21 -0.21 -0.21 -0.21 -0.21 -0.21000016 -0.72999988 -0.73 -0.74826245 -1.17 -1.17 -1.17 -1.17 -1.17 -1.0994897 0.3 0.3 0.3 0.3 0.3 0.3 0.56940045 0.64999927 0.65 0.65 0.65 0.65 0.65 1.0239338 1.0299901 1.03 1.03 1.03 1.0299999 0.94 0.94 0.94 0.94 0.94 1.32 1.32 1.32 1.32 1.3199999 1.1495671 0.88 0.83000001 0.43691996 0.42000876 0.56 0.56 0.54669655 -0.08 
-0.21 -0.21 -0.21 -0.21 -0.21 -0.21003322 -0.72997195 -0.73002662 -1.1699994 -1.17 -1.17 -1.17 -1.17 -1.17 -1.142029 0.3 0.3 0.3 0.3 0.3 0.3 0.65 0.65 0.65 0.65 0.65 0.65 0.65 1.0298951 1.03 1.03 1.03 1.03 1.03 1.00534 0.94 0.94 0.94 0.94 1.32 1.32 1.32 1.32 1.3198873 0.88 0.88 0.87717962 0.43 0.43 0.56 0.56 -0.08 -0.08 
-0.21 -0.21 -0.21 -0.21 -0.21 -0.21069349 -0.72939512 -1.1203489 -1.17 -1.17 -1.17 -1.17 -1.17 -1.17 -1.1442651 0.3 0.3 0.3 0.3 0.3 0.34983364 0.65 0.65 0.65 0.65 0.65 0.65 0.65 1.0299985 1.03 1.03 1.03 1.03 1.03 1.03 0.86504091 0.74850911 0.68479283 0.67511362 1.3187144 1.32 1.32 1.32 0.88003514 0.88 0.88262644 1.3199957 0.43 0.43 0.61995638 0.62 0.62 -0.079999692 
-0.21 -0.21 -0.21 -0.21 -0.21000053 -0.21433679 -0.76439802 -1.169879 -1.17 -1.17 -1.17 -1.17 -1.17 -1.17 -1.1356732 0.3 0.3 0.3 0.3 0.3 0.64999849 0.65 0.65 0.65 0.65 0.65 0.65 0.65 1.0299999 1.03 1.03 1.03 1.03 1.03 1.0299999 0.67 0.67 0.67 0.67 1.3 1.3 1.3 1.3 1.3199987 1.32 1.32 1.32 1.3199899 0.42 0.42 0.62 0.62 -0.18824994 
-0.21 -0.21 -0.21 -0.21000004 -0.21001452 -0.22431703 -1.1389189 -1.1699943 -1.17 -1.17 -1.17 -1.17 -1.17 -1.17 -1.1200991 0.2999994 0.3 0.3 0.3 0.3021065 0.65 0.65 0.65 0.65 0.65 0.65 0.65 0.65 1.0299999 1.03 1.03 1.03 1.03 1.03 0.67000033 0.67 0.67 0.67 0.67 1.3 1.3 1.3 1.3 1.3053979 1.32 1.32 1.32 0.42001007 0.42 0.42 -0.55 -0.55 -0.55 
-0.21 -0.21 -0.21000002 -0.21000118 -0.21014341 -0.28352243 -1.1682569 -1.1699986 -1.17 -1.17 -1.17 -1.17 -1.17 -1.1699999 -1.0990022 0.29996543 0.3 0.3 0.3000004 0.64290845 0.65 0.65 0.65 0.65 0.65 0.65 0.65 0.65 1.0299996 1.03 1.03 1.03 1.03 0.34188087 0.66999982 0.67 0.67 0.67 0.67 1.3 1.3 1.3 1.3 1.3 1.32 1.32 1.32 0.42000001 0.42 0.42 -0.55 -0.55 -0.55 
-0.21 -0.21000004 -0.21000049 -0.21001402 -0.2109731 -0.74887592 -1.1696822 -1.1699991 -1.17 -1.17 -1.17 -1.17 -1.17 -1.1699972 -1.0739197 0.29946314 0.29999997 0.30000001 0.30181212 0.64997024 0.65 0.65 0.65 0.65 0.65 0.65 0.65 0.65000022 1.0299976 1.03 1.0299993 0.17263745 0.09 0.09 0.09 0.67 0.67 0.67 0.67 1.3 1.3 1.3 1.3 1.3 1.3199996 1.32 1.3199996 0.42000006 0.42 0.41999947 -0.55 -0.55 -0.55 
