interpolatedSpi/06-08|21_3.tif
NCOLS 53
NROWS 52
XLLCORNER -116.03883
YLLCORNER 28.596182
DX 0.49850594
DY 0.49788537
NODATA_VALUE -9999
[rows 0 to 29 of 52, columns 0 to 52 of 53]
-1.3766667 -1.3766667 -1.6291311 -1.4866667 -1.2266667 -1.94 -1.4833333 -1.4633333 -0.95918484 -0.75 -1.29 -0.49666667 -1.2800148 -1.46 -1.9766667 -1.9766667 -1.9766667 0.063333333 -0.66 -0.66 -0.66 -0.65999441 -0.080000013 -1.4166667 -1.4166667 -1.4166667 -0.15333555 -0.15333333 -0.15333333 -0.033333333 -0.033333333 -0.033333333 -0.033333333 -0.17333331 -0.17333333 -0.17333333 -0.17333333 -0.17333333 -0.17333333 -0.17333336 -1.228634 -1.2398294 -0.57 -0.57 -0.57 -0.57 -0.56934666 -0.17 -0.17 -0.17 0.62666501 0.62666667 0.62666667
-1.3766834 -1.7533333 -1.6933325 -1.6826411 -2.2097906 -1.1466667 -1.3933333 -1.0563636 -1.3166667 -1.3033333 -0.95 -1.28 -1.28 -0.70917863 -1.4599955 -1.9766667 0.063333333 0.063333333 -0.65905687 -0.66 -0.66 -0.66 -1.421404 -1.4166667 -1.4166667 -1.4166667 -1.3066667 -1.3066667 -0.033333333 -0.033333333 -0.033333333 -0.033333333 -0.033333333 -0.17333331 -0.17333333 -0.17333333 -0.17333333 -0.17333333 -0.17333344 -0.44145941 -1.7832521 -0.71722817 -0.57 -0.57 -0.57 -0.57 -0.57 -0.17 -0.17 -0.17 -0.10393964 0.62666667 0.62666667
-2.0099655 -2.01 -0.99666667 -1.3833333 -0.95 -1.14 -0.52333333 -0.62666667 -1.0966667 -0.86 -0.98666667 -1.13 -0.67 -1.45 -0.70666667 -1.62 0.063333333 0.063333333 0.063333333 -0.8932655 -0.89333333 -0.89333333 -1.5066667 -1.4166667 -1.4166667 -1.4166667 -1.3066667 -1.3066667 -1.3066667 -0.033333333 -0.033333333 -0.033333355 -0.2531727 -0.17641208 -0.18639537 -1.5638073 -1.5766667 -1.5766667 -1.6026599 -1.7833333 -1.7833333 -1.7817818 -0.57 -0.57 -0.57 -0.57 -0.57 -0.17 -0.17 -0.17 -0.17 0.62666667 0.62666667
-0.096666667 -2.0099998 -0.89657424 -0.24666667 -0.42 -0.88 -0.33666667 -0.44333333 -0.39 -0.74379652 -0.9 -0.84 -1.01 -1.45 -1.26 -1.62 -1.9739378 -1.9752373 -1.6666667 -0.89333333 -0.89333333 -1.56 -1.5066667 -1.5066667 -1.4166667 -1.4166661 -1.3066667 -1.3066667 -1.3066667 -0.60666667 -0.54265427 -0.49 -0.49 -0.49000085 -1.5766667 -1.5766667 -1.5766667 -1.5766667 -1.7833333 -1.7833333 -1.7833333 -1.7833333 -0.57 -0.57 -0.57 -0.57 -0.57 -0.17000505 -0.17 -0.17 -0.17 0.62660199 0.62666667
-0.096666667 0.49333078 -0.89666667 -1.0892008 -0.42 -0.65333333 -1.0499799 -0.53 -0.97 -0.62000033 -0.98307262 -1.153415 -1.7233333 -1.26 -1.26 -1.5064791 -1.9766667 -1.9766667 -1.6666667 -1.6666667 -0.89333464 -1.56 -1.4466667 -0.98666667 -1.12 -1.1198379 -1.3066667 -1.3066667 -0.60666667 -0.60666667 -0.49 -0.49 -0.49 -0.52520021 -1.5766667 -1.5766667 -1.5766667 -1.7833333 -1.7833333 -1.7833333 -1.7833333 -1.7833182 -0.57000002 -0.57 -0.57 -0.57 -0.57 -0.5664395 -0.17 -0.17005306 -1.3533333 -1.3533333 -1.3533333
-1.7433333 -0.39 -0.74666667 -0.68333333 -1.4933333 -0.88 -1.0966667 -1.0241171 -0.94333333 -0.31333333 -0.65666667 -0.58333333 -0.58333409 -1.6266667 -1.6266667 -1.983174 -1.9833333 -1.96 -1.96 -1.6666659 -1.3066667 -1.3066667 -0.98666667 -1.12 -1.12 -0.42666667 -0.24 -0.24 -0.37335439 -0.60666667 -0.49 -0.49 -0.67666667 -0.67660746 -0.11004103 -1.6633333 -1.6633333 -1.7462086 -1.7833333 -1.7833333 -1.6268621 -1.6266667 -1.6266652 -2.0271484 -2.0531694 -2.0533329 -2.0533333 -2.0533328 -1.2811435 -1.3533333 -1.3533333 -1.3533333 -1.3533333
-0.59999489 -0.67666667 -0.2707351 -0.93333333 -1.5066667 -1.71 -1.2066667 -0.88333333 -0.70666667 -0.70666667 -0.65666667 -1.3433333 -1.3966666 -1.6266667 -1.3233342 -1.3233333 -1.9833333 -1.1333333 -0.80333333 -0.80333333 -1.3333717 -1.3633333 -1.3633333 -0.28000001 -0.42666667 -0.42666667 -0.24 -0.24 -0.3733277 -0.37322962 -0.040731081 -0.67666667 -0.67666667 -0.11 -0.11 -1.6796725 -1.6633333 -1.6633333 -1.7366641 -1.6266668 -1.6266667 -1.6266667 -1.6266579 -2.0533284 -2.0533333 -2.0533333 -2.0533333 -2.0533329 -1.3066667 -1.3533241 -1.3533333 -1.3533333 -1.3533333
-0.6 -0.18333333 0.02 -1.3366667 -1.4966575 -1.26 -0.74333333 -1.7566667 -1.5033333 -0.97333333 -0.97333333 -1.2466667 -1.3966667 -1.3966667 -1.3238365 -1.2717238 -1.2666667 -0.87 -1.426666 -0.80333333 0.018805363 0.023333333 0.27666667 0.20333333 0.20333578 0.39333333 -0.38 -0.37999995 -0.2770054 -0.27666666 -0.04 -1.1129447 -1.2666667 -0.11 -0.13671486 -1.6933333 -1.6933333 -1.7366667 -1.7366667 -1.6266667 -1.6266667 -1.6266667 -1.1624701 -1.1633334 -2.0533333 -2.0533333 -2.0533333 -1.3066951 -1.3066667 -1.3066667 -1.3533333 -1.3533333 -1.3533333
-0.21974506 -0.18333333 0.34666667 -0.37666667 -0.55666667 -1.14 -1.1433333 -1.37 -1.51 -1.42494 -1.2 -1.0433333 -1.0433333 -1.2533333 -1.253334 -0.97415088 -0.97333333 -0.97333333 -0.95497602 -0.57666655 -0.03 -0.029999999 -0.05 0.1479327 0.37418635 0.39333333 -0.53 -0.38 -0.26732525 -0.26666667 -1.07 0.02 0.009921933 -0.82 -1.0466667 -0.98666667 -1.2733333 -1.3466667 -1.3633256 -1.6240033 -1.03 -0.96333333 -1.1632818 -1.1633333 -1.1683427 -2.0533333 -1.49 -1.3066667 -1.3066667 -1.3066667 -1.3066667 -1.4126819 -0.66
-0.42333333 -0.42333333 0.56 -0.076666667 -0.37333333 -1.2466667 -1.7933333 -1.5433333 -1.47 -1.4033819 -1.59 -0.48 -1.2533333 -1.2533333 -1.3266667 -1.3218205 -0.97333333 -0.97335026 -1.0666667 -0.57666667 -0.57666667 -0.50623765 -0.05 -0.030000379 -0.03 -0.03 -0.53 0.56 0.56 -0.26666667 -0.26666667 0.019962068 -2.4845383e-44 -0.82 -0.17 -0.98666667 -1.2733333 -1.17 -1.3633333 -1.4059644 -0.96333334 -0.92047707 -0.84666667 -1.1633333 -1.1633333 -1.49 -1.49 -1.49 -1.3066667 -1.3066667 -1.83 -1.83 -1.8299996
-0.42333333 -0.42333333 -0.29666667 -0.87333333 -1.2433333 -0.34666667 -1.0533333 -1.6499792 -1.5333333 -1.49 -1.2566667 -1.28 -0.48106618 -1.3266667 -1.3266667 -1.3266148 -0.87666667 -0.88663876 -1.0666667 -1.4766667 -1.4766667 -0.41333333 -0.41333333 -0.03 -0.03 -0.03 0.56 0.56 0.56 -0.01 -0.01 -0.0099999835 -0.53666667 -0.53666667 -0.82333333 -1.53 -1.15 -2.0399821 -1.86 -1.4066667 -1.4066667 -1.3033318 -0.84666667 -1.1633333 -2.0466667 -2.3366667 -1.1547833 -1.1533333 -1.48 -1.48 -1.83 -1.83 -1.83
-0.42333333 -0.36880947 -0.5427509 -1.2933195 -0.53333333 -1.1033333 -1.0533333 -1.65 -1.5333343 -1.4904801 -1.2800003 -1.28 -1.2266667 -1.3266667 -1.3266667 -0.87666668 -0.87666667 -0.87667748 -1.0666667 -1.4766667 -1.2678496 -0.41333333 -0.41333333 -0.030016252 -0.03 -0.10450977 -0.25666667 -0.25666667 -0.25666656 -0.01 -0.01 -0.96333333 -0.96333333 -0.53666745 -0.82333333 -1.1966668 -0.95490284 -2.04 -2.04 -1.4066667 -1.3033333 -1.3033333 -1.3033386 -2.0466667 -2.0466667 -2.3366667 -1.1533333 -1.1533333 -1.48 -1.48 -1.83 -1.83 -1.83
-2.4166667 -1.1402312 -1.2033205 -1.2039731 -0.5333364 -1.1033199 -1.0533333 -1.6426554 -1.5413729 -1.5322018 -1.2266667 -1.2266667 -1.2266667 -1.2266667 -1.3266525 -0.87666667 -0.87666667 -0.87911987 -1.0666667 -1.4766052 -1.2733333 -1.2733333 -1.2733333 -1.2733333 -0.051220217 -0.25666667 -0.25666667 -0.25666667 -0.25666667 -0.2566703 -0.96333333 -0.96333333 -0.96333333 -0.96333333 -1.1966667 -1.1966667 -1.1966667 -1.9968795 -2.0398999 -2.0266667 -2.0266667 -1.3033722 -2.2566595 -2.0466869 -2.0466667 -2.3366667 -1.1533333 -1.1533333 -1.48 -1.48 -1.8287302 -1.83 -0.47858674
-2.4166667 -1.2033333 -1.2033333 -1.2033333 -1.2033333 -1.2033333 -1.0534612 -1.3356387 -1.5628216 -1.2269959 -1.2266667 -1.2266667 -1.2266667 -1.2266667 -1.2266669 -0.87666667 -0.8766667 -0.88969937 -1.0666647 -1.2733333 -1.2733333 -1.2733333 -1.2733333 -1.2733333 -1.2679972 -0.64328564 -0.78999989 -0.79 -0.79 -0.79 -0.96333333 -0.96333333 -0.96333356 -1.15 -1.15 -1.1966667 -1.3424954 -1.3466667 -2.0266663 -2.0266667 -2.0266667 -2.0266667 -2.2566667 -2.2566667 -2.2566667 -2.2572234 -2.1835008 -2.19 -2.19 -2.19 -2.19 -1.0466668 -1.0466667
-2.46 -1.2033333 -1.2033333 -1.2033333 -1.2033333 -1.2033333 -1.2033333 -1.3353576 -1.4971604 -1.4966667 -1.4966667 -1.4966667 -1.4966667 -1.4966667 -1.4966667 -1.8395006 -0.89207699 -0.90268423 -1.2733073 -1.2733333 -1.2733333 -1.2733333 -1.2733333 -1.2733337 -1.0266667 -1.0266667 -1.0266663 -0.79 -0.79 -0.7899733 -0.77666667 -0.77666667 -1.15 -1.15 -1.15 -1.3151627 -1.3466667 -1.3466667 -1.3466667 -2.0266667 -2.0266667 -2.0266667 -2.2566667 -2.2566667 -2.2566667 -2.2566667 -2.19 -2.19 -2.19 -2.19 -2.19 -1.0466667 -1.0466667
-2.46 -1.9921573 -1.2033333 -1.2033333 -1.2033333 -1.2033333 -1.6899045 -1.69 -1.69 -1.4966667 -1.4966667 -1.4966667 -1.4966667 -1.4966667 -1.5738791 -1.8466667 -1.8466667 -1.8466667 -1.5757435 -1.5766664 -1.5766667 -1.5766667 -1.5766667 -1.5766667 -1.0266667 -1.0266667 -1.0266667 -1.0266667 -0.79 -0.77666667 -0.77666667 -0.77666667 -1.15 -1.15 -1.15 -1.1133333 -1.3463577 -1.3466667 -1.3466667 -2.0265935 -1.8810703 -1.5414545 -2.2566667 -2.2566667 -1.997469 -1.9966667 -1.9966667 -2.1880348 -0.99751514 -0.99333344 -0.99333356 0.36978523 -1.0466638
-2.46 -1.9182839 -1.5575656 -1.2033333 -1.2033333 -1.6897125 -1.69 -1.69 -1.69 -1.6886068 -1.4966667 -1.4966667 -1.4966667 -1.4966667 -1.8466667 -1.8466667 -1.8466667 -1.8466667 -1.5769079 -1.5766667 -1.5766667 -1.5766667 -1.5766667 -1.5766667 -1.0266667 -1.0266667 -1.0266667 -1.0266667 -1.0257573 -0.77666667 -0.77666667 -0.77666667 -1.1 -1.1499951 -1.1133333 -1.1133333 -1.1133333 -1.1143034 -1.5277501 -1.54 -1.54 -1.54 -1.85 -1.85 -1.9966667 -1.9966667 -1.9966667 -0.99333335 -0.99333333 -0.99333333 -0.99333333 0.37 0.37
-1.9036668 -1.9033333 -1.9033333 -1.9033333 -1.3733333 -1.6899918 -1.69 -1.69 -1.69 -1.69 -1.5070135 -1.4966684 -1.4966667 -1.8466667 -1.8466667 -1.8466667 -1.8466667 -1.8466667 -1.8063511 -1.5766667 -1.5766667 -1.5766667 -1.5766667 -1.5766667 -1.1596315 -0.90666732 -0.90666667 -0.90666667 -0.90666667 -0.77666668 -1.1 -1.1 -1.1 -1.1 -1.1133333 -1.1133356 -1.2 -1.2 -1.5357546 -1.54 -1.54 -1.54 -1.85 -1.85 -1.9739576 -1.9966667 -1.9966667 -0.99333333 -0.99333333 -0.99333333 -0.97871486 0.37 0.37
-1.9033333 -1.9033333 -1.9033333 -1.6537484 -1.3733333 -1.3733333 -1.69 -1.69 -1.69 -1.69 -1.6333333 -1.6333333 -1.6333333 -1.8466667 -1.8466667 -1.8466667 -1.8466667 -1.8465234 -1.5433333 -1.5433333 -1.5766667 -1.5766667 -1.5735017 -1.4466667 -1.4418053 -0.90666667 -0.90666667 -0.90666667 -0.90666667 -1.0999803 -1.1 -1.1 -1.1 -1.1 -1.1999997 -1.2 -1.2 -1.2 -1.2012175 -1.54 -1.54 -1.54 -1.85 -1.85 -1.85 -1.9966667 -1.9966667 -0.99333334 -0.99333333 -0.99333333 0.37 0.37 0.37
-1.9033333 -1.9033333 -1.9033333 -1.3733333 -1.3733333 -1.3733333 -1.3733338 -1.69 -1.69 -1.6333918 -1.6333333 -1.6333333 -1.6333333 -1.6334662 -1.1451672 -0.98 -0.98 -0.98 -1.5433333 -1.5433333 -1.5433333 -1.4466667 -1.4466667 -1.4466667 -1.4464202 -0.7283284 -0.90666667 -0.90666667 -0.90666667 -1.2852883 -1.3333104 -1.3333333 -1.3333333 -1.3333333 -1.3565786 -1.5766658 -1.5766667 -1.5766667 -1.5766667 -1.3166972 -1.3166667 -1.3166667 -1.85 -1.85 -1.3000023 -1.2999997 -0.5 -0.5 0.086666667 0.086666667 0.086666667 0.37 1.0360706
-1.9033289 -1.9033333 -1.9033333 -1.3733333 -1.3733333 -1.3733333 -1.3733333 -0.97000021 -1.6871212 -1.6325988 -1.6333333 -1.6333333 -1.6333333 -1.6320513 -0.98 -0.98 -0.98 -0.98000016 -1.5433333 -1.5433333 -1.5433333 -1.4466667 -1.4466667 -1.4466667 -0.56666667 -0.56666667 -1.0266667 -1.0266667 -1.0266667 -1.0283396 -1.3333333 -1.3333333 -1.3333333 -1.3333333 -1.4549332 -1.5766667 -1.5766667 -1.5766667 -1.5766667 -1.3166667 -1.3166667 -1.3166667 -1.3161423 -1.3 -1.3 -1.3 -0.5 -0.5 0.086666666 0.086666667 0.086666667 1.0366666 1.0366667
-0.47 -1.1393504 -1.1833333 -1.1833885 -1.3733333 -0.97233367 -0.97 -0.97 -0.97728757 -0.82333334 -0.82333333 -0.82333333 -0.82333333 -0.28335091 -0.28333334 -0.97999947 -0.98 -0.99484301 -1.5433333 -1.5433333 -1.5433333 -0.42333333 -0.42333333 -0.42333333 -0.56666667 -0.56666667 -1.0266667 -1.0266667 -1.0266667 -1.0266668 -1.180001 -1.1800004 -1.3294795 -1.3331689 -1.4964804 -1.4966667 -1.4966667 -1.4966667 -1.4966667 -1.3166667 -1.3166667 -1.3166667 -1.3009175 -1.3 -1.3 -1.2999999 -0.5 -0.5 -0.49997888 0.086666667 0.086635812 -0.60333333 1.0366667
-1.0698861 -1.07 -1.1833333 -1.1833333 -1.1833333 -0.97 -0.97 -0.97 -0.99 -0.99 -0.82333333 -0.82333333 -0.82333333 -0.28333333 -0.28333333 -0.28333333 -0.28333333 -0.28347581 -1.5433333 -1.5433333 -1.5433333 -0.42333333 -0.42333333 -0.42333333 -0.56666667 -0.56666667 -1.0266667 -1.0266667 -1.0266667 -1.1782712 -1.18 -1.18 -1.18 -1.18 -1.4965104 -1.4966667 -1.4966667 -1.4966667 -1.4966667 -0.9400001 -0.94 -0.94 -0.94 -1.2999972 -0.93333333 -0.93333333 -0.93333333 -0.96333333 -0.96333333 -0.96333333 -0.60333333 -0.60333333 -0.60333333
-1.07 -1.07 -1.1833333 -1.1833333 -1.1833333 -0.97112132 -0.97 -0.99 -0.99 -0.99 -0.82335385 -0.82333333 -0.71710712 -0.28333343 -0.28333333 -0.28333333 -0.28333333 -0.46333333 -0.46333333 -0.46333333 -0.83666666 -0.83666636 -0.42333535 -0.42333333 -0.42380636 -1.1533333 -1.1533333 -1.153333 -1.0266871 -0.71342633 -0.71333582 -0.71341481 -1.1792024 -1.1795973 -1.4399645 -1.4966664 -1.4943432 -0.80333333 -0.80333333 -0.94 -0.94 -0.94 -0.94 -0.93333333 -0.93333333 -0.93333333 -0.93333333 -0.96333333 -0.96333333 -0.96333333 -0.60333333 -0.60333333 -0.60333333
-1.07 -1.07 -1.1833333 -1.1833333 -1.1833333 -1.1833333 -0.97748542 -0.99 -0.99 -0.99 -0.98983613 -0.69333333 -0.69333333 -0.69333333 -0.28574956 -0.28333333 -0.46213386 -0.46333333 -0.46333333 -0.46333333 -0.83666667 -0.83666667 -0.83666667 -0.83666667 -1.1533333 -1.1533333 -1.1533333 -1.1533333 -1.1533333 -0.71333333 -0.71333333 -0.71333333 -0.71333333 -0.71333428 -1.1633333 -0.80333333 -0.80333333 -0.80333333 -0.80333333 -0.80333303 -0.68666667 -0.68666667 -0.68666667 -0.84394863 -1.17 -1.17 -1.17 -0.96333334 -0.963333 -0.62333333 -0.62333333 -0.38671938 -0.38666667
-1.07 -1.07 -1.142428 -1.1833333 -1.1833333 -1.1833333 -0.82362909 -0.98947476 -0.99 -0.99 -0.69333325 -0.69333333 -0.69333333 -0.69333333 -0.69333333 -0.65969274 -0.46333333 -0.46333333 -0.46333333 -0.46333333 -0.83666378 -0.83666667 -0.83666667 -0.83666667 -1.1533333 -1.1533333 -1.1533333 -1.1533333 -1.1533333 -0.8241768 -0.71333333 -0.71333333 -0.71333333 -1.1633333 -1.1633333 -1.1630538 -0.80333333 -0.80333333 -0.63262385 -0.50000003 -0.68666667 -0.68666667 -0.68666667 -0.83718365 -1.17 -1.17 -1.17 0.48666667 -0.60950284 -0.62333333 -0.62333333 -0.38666667 -0.38666667
-0.64 -0.64 -0.64 -1.0471047 -1.1824181 -0.82333333 -0.82333333 -0.82333333 -0.82333333 -0.30333334 -0.30333333 -0.69333331 -0.69333333 -0.69333333 -0.69333333 -0.69331873 -0.46333333 -0.46333333 -0.46333333 -0.46333333 -0.67375611 -0.83666667 -0.83666667 -0.81983036 -0.23608105 -1.1533333 -1.1533333 -1.1533333 -0.86333333 -0.86333333 -0.86333333 -0.8633327 -1.1633333 -1.1633333 -1.1633333 -1.1633333 -0.5 -0.5 -0.5 -0.5 -0.40666667 -0.40666667 -0.40666667 0.17665494 0.17666667 0.17666667 0.17666624 0.48666667 0.48666667 -0.62198086 -0.62333333 -0.38666038 -0.38666667
-0.64 -0.64 -0.64 -0.63999551 -0.55666667 -0.59544438 -0.82333333 -0.82333333 -0.82333333 -0.30333333 -0.30333333 -0.30333333 -0.12333336 -0.12333333 -0.12333333 -0.12333335 -0.46296086 -0.46333333 -0.46333333 -0.46333333 -0.46895927 -0.1933351 -0.19333333 -0.19333333 -0.19333333 -0.19333335 -0.59 -0.59 -0.86333333 -0.86333333 -0.86333333 -0.86333333 -1.1633326 -1.1633333 -1.1633333 -1.1632557 -0.5 -0.5 -0.5 -0.50061416 -0.40666667 -0.40666667 -0.40666667 0.17663962 0.17666667 0.17666667 0.17666667 0.48666667 0.48666667 0.48666672 0.86 0.86 0.78333333
-0.64 -0.64 -0.64 -0.55666686 -0.55666667 -0.55666667 -0.82333323 -0.82333333 -0.82333333 -0.30333333 -0.30333333 -0.30333333 -0.12333333 -0.12333333 -0.12333333 -0.13374181 -0.26 -0.26 -0.26000053 -0.46218485 -0.19333333 -0.19333333 -0.19333333 -0.19333333 -0.19333333 -0.19363185 -0.59 -0.59 -0.59 -0.86333333 -0.86333333 -0.86339984 -0.21 -0.21 -0.21 -0.89 -0.89 -0.64 -0.64 -0.64 -0.29666667 -0.40663216 -0.40665935 0.57333333 0.57333333 0.55830012 0.17666824 0.48666667 0.48666667 0.86 0.86 0.86 0.78333333
-0.64 -0.64 -0.64 -0.55666667 -0.55666667 -0.55666667 -0.55666667 -0.82333333 -0.82333333 -0.30333333 -0.30333333 -0.13053074 -0.12333333 -0.12333333 -0.12333333 -0.26 -0.26 -0.26 -0.26 -0.26 -0.19333333 -0.19333333 -0.19333333 -0.19333333 -0.19333333 -0.58999865 -0.59 -0.59 -0.59 -0.96666667 -0.96666667 -0.96666667 -0.21 -0.21 -0.21 -0.89 -0.89 -0.64 -0.64 -0.29666667 -0.29666667 -0.29666667 0.57333333 0.57333333 0.57333333 0.57333333 0.59770371 0.87 0.87 0.87 0.86 0.95666667 0.95666667
