interpolatedSpi/06-06|23_3.tif
NCOLS 53
NROWS 52
XLLCORNER -116.03883
YLLCORNER 28.596182
DX 0.49850594
DY 0.49788537
NODATA_VALUE -9999
1.9 1.9 0.77334188 1.24 0.64 1.4 0.82 0.31 -0.65810984 -0.51 -0.32 0.22 -0.010054347 -0.67 -0.52 -0.52 -0.52 -0.55 -0.15 -0.15 -0.15 -0.14999489 0.37999999 -1.06 -1.06 -1.06 -0.8500023 -0.85 -0.85 -1.88 -1.88 -1.88 -1.88 -2.9899998 -2.99 -2.99 -2.99 -2.99 -2.99 -2.9899999 0.027499731 0.060248866 1.04 1.04 1.04 1.04 1.0360473 -1.38 -1.38 -1.38 -1.1900004 -1.19 -1.19 
1.8999533 0.85 0.66000038 0.61509271 0.9498898 1.12 1.09 0.27039233 -0.49 -0.46 0.85 -0.009999999 -0.01 0.037632527 -0.6699901 -0.52 -0.55 -0.55 -0.15052155 -0.15 -0.15 -0.15 -1.0652637 -1.06 -1.06 -1.06 -0.42000004 -0.42 -1.88 -1.88 -1.88 -1.88 -1.88 -2.9899998 -2.99 -2.99 -2.99 -2.99 -2.9899999 -2.3574876 0.97968967 1.0327177 1.04 1.04 1.04 1.04 1.04 -1.38 -1.38 -1.38 -1.364245 -1.19 -1.19 
1.7899938 1.79 0.99 1.06 1.34 1.24 0.41 1.21 -0.57 -1.15 -0.69 0.52 0.2 -1 0.04 -0.74 -0.55 -0.55 -0.55 0.2698779 0.27 0.27 -1.16 -1.06 -1.06 -1.06 -0.42 -0.42 -0.42 -1.88 -1.88 -1.8799999 -1.2108539 -2.9844871 -2.9742697 -1.3154863 -1.3 -1.3 -1.0132361 0.97999998 0.98 0.98007672 1.04 1.04 1.04 1.04 1.04 -1.38 -1.38 -1.38 -1.38 -1.19 -1.19 
1.78 1.7899997 0.41976869 1.01 0.13 0.38 0.22 -0.13 0.27 -0.70709159 -0.86 -0.91 -0.27 -1 -0.35 -0.74 -0.67053557 -0.66991592 -0.33 0.27 0.27 -1 -1.16 -1.16 -1.06 -1.0599968 -0.42 -0.42 -0.42 -1.01 -0.72468758 -0.49 -0.49 -0.49000063 -1.3 -1.3 -1.3 -1.3 0.98 0.98 0.98 0.98 1.04 1.04 1.04 1.04 1.04 -1.3799695 -1.38 -1.38 -1.38 -1.1900291 -1.19 
1.78 -0.089999065 0.42 -0.24092869 0.13 -0.45 -0.60003602 -1.89 -1.78 -0.42000054 -0.70059348 -0.81987252 0.07 -0.35 -0.35 -0.60984851 -0.67 -0.67 -0.33 -0.33 0.26999751 -1 -0.22 0.74 0.02 0.020006905 -0.42 -0.42 -1.01 -1.01 -0.49 -0.49 -0.49 -0.51074297 -1.3 -1.3 -1.3 0.98 0.98 0.98 0.98 0.97979632 1.04 1.04 1.04 1.04 1.04 1.018459 -1.38 -1.3800314 -2.08 -2.08 -2.08 
-1.09 -0.38 -0.70999997 0.1 -0.83 -1.49 -1.69 -1.7156057 -0.94 -1.01 -2.65 -1.33 -1.3299991 -2 -2 -0.33001449 -0.33 -1.22 -1.22 -0.33000042 -0.56 -0.56 0.74 0.02 0.02 0.05 -0.45 -0.45 -0.36006073 -1.01 -0.49 -0.49 -0.6 -0.59996029 -0.22002737 -0.65 -0.65 0.47572229 0.98 0.98 -1.1273684 -1.13 -1.1299981 -0.8952241 -0.92978227 -0.92999947 -0.92999993 -0.92999927 -1.8269302 -2.08 -2.08 -2.08 -2.08 
0.80000573 -0.93 -0.6702083 -1.41 -1.44 -1.43 -1.29 -1.61 -2.43 -2.43 -2.65 -2.11 -1.89 -2 -0.39000482 -0.39 -0.33 -0.3 -0.81 -0.81 -0.1452869 0.32 0.32 -0.039999999 0.05 0.05 -0.45 -0.45 -0.36007459 -0.36137334 -0.10474791 -0.6 -0.6 -0.22 -0.22 -1.1783008 -0.65 -0.65 -0.93998995 -1.1299997 -1.13 -1.13 -1.1299901 -0.9300019 -0.93 -0.93 -0.93 -0.93000052 -1.8 -2.0799445 -2.08 -2.08 -2.08 
0.8 -0.56 -0.59 -2.37 -1.7100378 -1.99 -2.53 -3.4 -2.48 -2.36 -2.36 -1.71 -1.89 -1.89 -0.40029139 -0.82716335 -0.87 -0.43 -0.99999981 -0.81 -0.2925404 -0.2 -8.4451062e-21 0.41 0.40998517 -0.74 -0.81 -0.80999987 -1.6355147 -1.64 -0.1 -0.5274712 -0.59 -0.22 -0.24680993 -1.62 -1.62 -0.94 -0.94 -1.13 -1.13 -1.13 -1.2671102 -1.27 -0.93 -0.93 -0.93 -1.7999669 -1.8 -1.8 -2.08 -2.08 -2.08 
-0.63282346 -0.56 -0.21 -2.26 -2.04 -3.21 -1.87 -2.18 -3.14 -2.0475105 -0.12 -1.58 -1.58 -1.02 -1.020003 -0.87997213 -0.88 -0.88 -0.51701138 -0.46000017 -1.29 -1.29 -0.42 -0.16551509 -0.62411036 -0.74 -1.01 -0.81 -0.80005811 -0.8 -0.51 -0.05 0.11116656 -1.17 -1.16 -1.59 -1.15 -1.18 -0.7801847 -1.1264736 -0.34 -0.83 -1.2698535 -1.27 -1.2680863 -0.93 -1.9099999 -1.8 -1.8 -1.8 -1.8 -1.8733176 -0.36 
-1.04 -1.04 0.13 -0.57 -2.88 -1.2 -1.62 -2.61 -2.4 -1.7699975 -2.39 -0.68 -1.02 -1.02 -1.34 -1.3336909 -0.88 -0.87996813 -0.71 -0.46 -0.46 -0.56693182 -0.42 -0.27000284 -0.27 -0.27 -1.01 -1.28 -1.28 -0.8 -0.8 -0.049393083 0.27 -1.17 -1.02 -1.59 -1.15 -2.44 -0.78 -0.25858969 -0.82999998 -0.66102388 -0.37 -1.27 -1.27 -1.91 -1.91 -1.91 -1.8 -1.8 -0.42 -0.42 -0.41999998 
-1.04 -1.04 -1.35 -1.9 -1.96 -0.66 -1.83 -0.90148526 -0.94 -0.91 -1 -0.06 -0.6791751 -1.34 -1.34 -1.3399619 -1.01 -0.99425459 -0.71 -0.23 -0.23 0.54 0.54 -0.27 -0.27 -0.27 -1.28 -1.28 -1.28 -0.72 -0.72 -0.71999837 -0.65 -0.65 -2.05 -1.52 -0.79 -0.82000885 -0.72 -0.25 -0.25 -0.60999921 -0.37 -1.27 -0.73000022 -0.89 -0.49611561 -0.49 -0.66 -0.66 -0.42 -0.42 -0.42 
-1.04 -1.1740433 -1.5847046 -1.8499897 -1.2 -1.27 -1.83 -0.9 -0.93999967 -0.91033236 -0.060001107 -0.06 0.05 -1.34 -1.34 -1.01 -1.01 -1.0099829 -0.71 -0.23 -0.078787665 0.54 0.54 -0.2699673 -0.27 -0.25356402 -0.22 -0.22 -0.22000013 -0.72 -0.72 -0.09 -0.09 -0.65000384 -2.05 -0.39000085 -0.96157833 -0.82 -0.82 -0.25000001 -0.61 -0.61 -0.61000083 -0.73 -0.73 -0.89 -0.49 -0.49 -0.66 -0.66 -0.42 -0.42 -0.42 
-0.15 -0.45362653 -0.37005634 -0.38071691 -1.2000007 -1.2699983 -1.83 -0.91144776 -0.93724359 -0.93921662 0.05 0.05 0.05 0.05 -1.3398031 -1.01 -1.01 -1.0061265 -0.71 -0.22975421 0.63 0.63 0.63 0.63 -0.25473603 -0.22 -0.22 -0.22 -0.22 -0.22035804 -0.09 -0.09 -0.09 -0.09 -0.39 -0.39 -0.39 -0.80048008 -0.82007511 -0.83 -0.83 -0.61001183 -0.93999281 -0.73002023 -0.73 -0.89 -0.49 -0.49 -0.66 -0.66 -0.42087069 -0.42 -0.72777675 
-0.15 -0.37 -0.37 -0.37 -0.37 -0.37000038 -1.8285664 -1.3899638 -0.92988976 0.048934743 0.05 0.05 0.05 0.05 0.050000747 -1.01 -1.01 -0.98942205 -0.70999984 0.63 0.63 0.63 0.63 0.63 0.62524087 -0.30076281 -0.45999995 -0.46 -0.46 -0.46 -0.089999987 -0.09 -0.089999122 0.64 0.64 -0.39 0.32942188 0.35 -0.82999932 -0.83 -0.83 -0.83 -0.94 -0.94 -0.94 -0.93965205 -0.52982282 -0.53 -0.53 -0.53 -0.53 -0.070000072 -0.07 
-0.83 -0.37 -0.37 -0.37 -0.37 -0.37 -0.37000009 -1.0217534 1.0989015 1.11 1.11 1.11 1.11 1.11 1.11 1.1489338 -0.97569517 -0.96891942 0.62983142 0.63 0.63 0.63 0.63 0.63000023 0.41 0.41 0.40999878 -0.46 -0.46 -0.45749695 0.79 0.79 0.64 0.64 0.64 0.39645481 0.35 0.35 0.35 -0.83 -0.83 -0.83 -0.94 -0.94 -0.94 -0.94 -0.53000001 -0.53 -0.53 -0.53 -0.53 -0.07 -0.07 
-0.83 -0.65874723 -0.37 -0.37 -0.37 -0.37 0.44983906 0.45 0.45000002 1.11 1.11 1.11 1.11 1.11 1.1188243 1.15 1.15 1.15 0.82939153 0.8299998 0.83 0.83 0.83 0.83 0.41 0.41 0.41 0.41 -0.46 0.79 0.79 0.79 0.64000001 0.64 0.64 0.27 0.34989408 0.35 0.35 -0.8300774 -0.98556877 -1.3484458 -0.94 -0.94 -1.368673 -1.37 -1.37 -0.53108765 -1.1876936 -1.1899999 -1.1899999 -0.62991538 -0.070001139 
-0.83 0.084754216 -0.1270979 -0.37 -0.37 0.44951551 0.45 0.45 0.45 0.45475615 1.11 1.11 1.11 1.11 1.15 1.15 1.15 1.15 0.83028585 0.83 0.83 0.83 0.83 0.83 0.41000001 0.41 0.41 0.41 0.41138219 0.79 0.79 0.79 0.83 0.63996695 0.27 0.27 0.27 0.26275086 -1.2423497 -1.35 -1.35 -1.35 -1.44 -1.44 -1.37 -1.37 -1.37 -1.19 -1.19 -1.19 -1.19 -0.63 -0.63 
0.10943951 0.11 0.11 0.11 0.5 0.45000129 0.45 0.45 0.45 0.45 1.0206641 1.1099846 1.11 1.15 1.15 1.15 1.15 1.15 1.1103942 0.83 0.83 0.83 0.83 0.83 0.84123262 1.1799958 1.18 1.18 1.18 0.79 0.83 0.83 0.83 0.83 0.27 0.26998262 -0.39 -0.39 -1.338013 -1.35 -1.35 -1.35 -1.44 -1.44 -1.3808384 -1.37 -1.37 -1.19 -1.19 -1.19 -1.1839953 -0.63 -0.63 
0.11 0.11 0.11 0.29365682 0.5 0.5 0.45 0.45 0.45 0.45 -0.07 -0.07 -0.07 1.15 1.15 1.15 1.15 1.1500165 0.92 0.92 0.83000004 0.83 0.83024346 0.84 0.84306087 1.18 1.18 1.18 1.18 0.83003564 0.83 0.83 0.83 0.83 -0.38999768 -0.39 -0.39 -0.39 -0.39341207 -1.35 -1.35 -1.35 -1.44 -1.44 -1.44 -1.37 -1.37 -1.19 -1.19 -1.19 -0.63 -0.63 -0.63 
0.11 0.11 0.11 0.5 0.5 0.5 0.49999992 0.45 0.45 -0.06946321 -0.07 -0.07 -0.07 -0.069239883 1.2309422 1.25 1.25 1.25 0.92 0.92 0.92 0.84 0.84 0.84 0.83997199 0.9492093 1.18 1.18 1.18 0.057389097 -0.12990558 -0.13 -0.13 -0.13 -0.64709971 -1.0099986 -1.01 -1.01 -1.01 -0.43012588 -0.43 -0.43 -1.44 -1.44 -0.40000434 -0.40000023 -1.05 -1.05 -1.25 -1.25 -1.25 -0.63 -1.1295529 
0.10999941 0.11 0.11000001 0.5 0.5 0.5 0.49999999 -0.20999981 0.44736106 -0.069782373 -0.07 -0.07 -0.07 -0.067409796 1.25 1.25 1.25 1.2499999 0.92 0.92 0.92 0.84 0.84 0.84 0.74 0.74 0.73 0.73 0.73 0.72530843 -0.13 -0.13 -0.13 -0.13 -0.56975848 -1.01 -1.01 -1.01 -1.01 -0.43 -0.43 -0.43 -0.42905609 -0.4 -0.4 -0.4 -1.05 -1.05 -1.25 -1.25 -1.25 -1.13 -1.13 
-0.08 0.013599147 0.05 0.050130553 0.5 -0.20589196 -0.21 -0.21 -0.11161777 0.17 0.17 0.17 0.17 1.3899603 1.39 1.2500001 1.25 1.241305 0.92 0.92 0.92 0.62 0.62 0.62 0.74 0.74 0.73 0.73 0.73 0.72999947 -8.2624892e-07 -3.6510333e-07 -0.12673265 -0.12986063 -1.568353 -1.57 -1.57 -1.57 -1.57 -0.43 -0.43 -0.43 -0.40165218 -0.4 -0.4 -0.40000008 -1.05 -1.05 -1.0500072 -1.25 -1.2500233 -1.77 -1.13 
0.27993163 0.27999996 0.05 0.05 0.05 -0.21 -0.21 -0.21 0.06 0.06 0.17 0.17 0.17 1.39 1.39 1.39 1.39 1.3899473 0.92 0.92 0.91999999 0.62 0.62 0.62 0.74 0.74 0.73 0.73 0.73 0.0082308034 5.0755405e-26 1.8846553e-86 -2.8032948e-47 -2.6830959e-18 -1.5692253 -1.57 -1.57 -1.57 -1.57 -0.85999989 -0.86 -0.86 -0.86 -0.40000338 -0.84 -0.84 -0.84 -1.68 -1.68 -1.68 -1.77 -1.77 -1.77 
0.28 0.28 0.05 0.05 0.05 -0.20863339 -0.21 0.06 0.06 0.06 0.16998646 0.17 0.50502114 1.3899998 1.39 1.39 1.39 0.62 0.62 0.62 0.77 0.76999989 0.62000073 0.62 0.62031826 1.1 1.1 1.0999991 0.73005979 0.12997409 0.12999931 0.1299773 0.00022218349 0.00011218869 -1.2902932 -1.57 -1.5698995 -1.54 -1.54 -0.86 -0.86 -0.86 -0.86 -0.84 -0.84 -0.84 -0.84 -1.68 -1.68 -1.68 -1.77 -1.77 -1.77 
0.28 0.28 0.05 0.05 0.05 0.049999999 -0.10894689 0.06 0.06 0.06 0.060287239 0.58 0.58 0.58 1.3852265 1.39 0.62513109 0.62 0.62 0.62 0.77 0.77 0.77 0.77 1.1 1.1 1.1 1.1 1.1 0.13 0.13 0.13 0.13 0.12999876 -0.46 -1.54 -1.54 -1.54 -1.54 -1.5399997 -1.54 -1.54 -1.54 -1.4130865 -1.15 -1.15 -1.15 -1.68 -1.6800002 -1.86 -1.86 -1.5600511 -1.56 
0.28 0.28 0.13301385 0.05 0.05 0.049999991 -0.36923695 0.058644877 0.06 0.06 0.57999982 0.58 0.58 0.58 0.58 0.64639904 0.62 0.62 0.62 0.62 0.76999884 0.77 0.77 0.77 1.1 1.1 1.1 1.1 1.1 0.4403617 0.13 0.13 0.13 -0.46 -0.46 -0.46083865 -1.54 -1.54 -2.1646842 -2.6499999 -1.54 -1.54 -1.54 -1.4161539 -1.15 -1.15 -1.15 -1.67 -1.8576326 -1.86 -1.86 -1.56 -1.56 
-0.18 -0.18 -0.18 -0.0076673223 0.049411562 -0.37 -0.37 -0.37 -0.37 -0.28 -0.28 0.57999994 0.58 0.58 0.58 0.58000248 0.62 0.62 0.62 0.62 0.70454487 0.77 0.77 0.79931087 1.8548222 1.1 1.1 1.1 0.55 0.55 0.55 0.54999824 -0.46 -0.46 -0.46 -0.46 -2.65 -2.65 -2.65 -2.65 -1.47 -1.47 -1.47 -1.5599982 -1.56 -1.56 -1.5599999 -1.67 -1.67 -1.8597685 -1.86 -1.5600008 -1.56 
-0.18 -0.18 -0.18 -0.18000915 -0.35 -0.35290833 -0.37 -0.37 -0.37 -0.28 -0.28 -0.28 -0.82999994 -0.83 -0.83 -0.82999997 0.61796668 0.62 0.62 0.62 0.62233568 1.8899969 1.89 1.89 1.89 1.89 1.37 1.37 0.55 0.55 0.55 0.55 -0.45999997 -0.46 -0.46 -0.45999674 -2.65 -2.65 -2.65 -2.6485962 -1.47 -1.47 -1.47 -1.5599958 -1.56 -1.56 -1.56 -1.67 -1.67 -1.67 -1.71 -1.71 -1.75 
-0.18 -0.18 -0.18 -0.34999961 -0.35 -0.35 -0.36999999 -0.37 -0.37 -0.28 -0.28 -0.28 -0.83 -0.83 -0.83 -0.80410575 -0.49 -0.49 -0.48999713 0.61373044 1.89 1.89 1.89 1.89 1.89 1.8896087 1.37 1.37 1.37 0.55 0.55 0.55006437 -0.42 -0.42 -0.42 -1.23 -1.23 -2.33 -2.33 -2.33 -1.15 -1.4698996 -1.4700032 -1.9 -1.9 -1.8871144 -1.5600011 -1.67 -1.67 -1.71 -1.71 -1.71 -1.75 
-0.18 -0.18 -0.18 -0.35 -0.35 -0.35 -0.35 -0.37 -0.37 -0.28 -0.28 -0.80800793 -0.83 -0.83 -0.83 -0.49 -0.49 -0.49 -0.49 -0.49 1.89 1.89 1.89 1.89 1.89 1.3700018 1.37 1.37 1.37 0.65 0.65 0.65 -0.42 -0.42 -0.42 -1.23 -1.23 -2.33 -2.33 -1.15 -1.15 -1.15 -1.9 -1.9 -1.9 -1.9 -1.9172509 -2.11 -2.11 -2.11 -1.71 -1.28 -1.28 
-0.18 -0.18 -0.18023673 -0.35 -0.35 -0.35 -0.35 -0.32143965 -0.32 -0.31993133 -0.28000002 -0.83000502 -0.83 -0.83 -0.82999882 -0.49 -0.49 -0.49 -0.49 -0.49 0.04858378 1.89 1.89 1.89 1.8899403 1.3700129 1.37 1.37 1.37 0.65 0.65 0.65 0.64984424 -0.42 -1.23 -1.23 -1.23 -1.2300447 -2.3299195 -1.15 -1.15 -1.15 -1.8999545 -1.9 -1.9 -1.9 -2.1100016 -2.11 -2.11 -2.11 -1.28 -1.28 -1.28 
-0.37 -0.36999967 -0.3499113 -0.35 -0.35 -0.35 -0.32000638 -0.32 -0.32 -0.32 -0.88999999 -0.89 -0.89 -0.89 -0.49184615 -0.49 -0.49 -0.49 -0.49 -0.030000274 -0.03 -0.029999999 1.6 1.6 1.6 1.6 1.580148 1.37 0.49003604 0.49 0.49 0.49 0.49 -0.42 -0.42 -0.42 -0.42 -0.42 -1.52 -1.52 -1.52 -1.52 -1.52 -2.2694423 -2.27 -2.27 -2.27 -2.11 -2.11 -2.11 -1.2801308 -1.28 -1.28 
-0.37 -0.37 -0.37041862 -0.41999986 -0.41999998 -0.41990247 -0.32 -0.32 -0.32 -0.32 -0.89 -0.89 -0.89 -0.89 -0.89 -0.49 -0.49 -0.49 -0.030000115 -0.03 -0.03 -0.03 1.6 1.6 1.6 1.6 1.6 1.5999502 0.49024714 0.49 0.49 0.49 0.49009928 -0.2102464 -0.41978281 -0.42 -0.42 -0.41999999 -1.52 -1.52 -1.52 -1.52 -1.52 -2.27 -2.27 -2.27 -2.27 -2.1951809 -2.11 -2.1891074 -2.19 -1.69 -1.69 
-0.37 -0.37 -0.41999367 -0.42 -0.42 -0.42 -0.39460042 -0.32 -0.32 -0.32 -0.89 -0.89 -0.89 -0.89 -0.89 -0.49030533 -0.49 -0.030134869 -0.03 -0.03 -0.03 -0.03 0.99615594 1.6 1.6 1.6 1.6 1.5996672 1.13 1.13 1.13 1.13 1.13 -0.05 -0.05 -0.05 -0.05 -0.05 -1.69 -1.69 -1.69 -1.69 -1.69 -2.2692675 -2.2699998 -2.27 -2.2699491 -2.2638696 -2.19 -2.19 -2.19 -1.6900028 -1.69 
-0.36999989 -0.31116976 -0.41999998 -0.42 -0.42 -0.42 -0.42 -0.32004258 -0.32 -0.32 -0.89 -0.89 -0.89 -0.89 -0.62599707 -0.62 -0.62 -0.030015184 -0.03 -0.03 -0.03 -0.03 -0.029999765 1.6 1.6 1.6 1.6 1.3599998 1.3599999 1.3110504 1.13 1.13 1.13 -0.049999997 -0.05 -0.05 -0.05 -0.049756178 -1.69 -1.69 -1.69 -1.69 -1.6899854 -1.97 -1.97 -1.97 -1.97 -1.9700177 -2.19 -2.19 -2.19 -2.1899998 -1.8377909 
-0.31 -0.31 -0.35995882 -0.42 -0.42 -0.42 -0.42 -0.42 -0.32004421 -0.96999999 -0.97 -0.97 -0.96981014 -0.62000039 -0.62 -0.62 -0.62 -0.62 -0.029994004 0.021286249 0.47 0.47 0.47 0.75584334 1.5695862 1.4068476 1.2696082 1.36 1.36 1.36 1.36 1.36 1.3445914 0.31493828 0.31 0.31 0.31 0.31 -1.654307 -1.5000003 -1.5 -1.5 -1.5 -1.5100013 -1.9699999 -1.97 -1.97 -1.06 -2.1899819 -2.19 -2.19 -1.84 -1.84 
-0.31 -0.31 -0.51 -0.51 -0.51 -0.42002998 -0.42 -0.42 -0.97 -0.97 -0.97 -0.97 -0.97 -0.62000002 -0.62 -0.62 -0.62 -0.62 0.47 0.47 0.47 0.47 0.47 1.22 1.22 1.22 1.22 1.36 1.36 1.36 1.36 1.36 0.75 0.75 0.31 0.31 0.31 0.060042575 0.06 -1.5 -1.5 -1.5 -1.5 -1.51 -1.51 -1.51 -1.06 -1.06 -1.06 -0.94 -0.94 -1.84 -1.84 
-0.31 -0.31 -0.51 -0.51 -0.51 -0.51 -0.50999786 -0.12 -0.9691997 -0.97 -0.97 -0.97 -0.97 -0.62436593 -0.62 -0.62 -0.62 -0.62 0.46999998 0.47 0.47 0.47 0.47 1.22 1.22 1.22 1.22 1.2200006 1.36 1.36 1.36 0.75003198 0.75 0.75 0.75 0.31 0.060000003 0.06 0.06 0.018953476 -1.3313983 -1.3 -1.3 -1.51 -1.51 -1.51 -1.06 -1.06 -1.06 -0.94 -0.94 -0.94 -0.68974023 
-0.61 -0.60999765 -0.51 -0.51 -0.51 -0.51 -0.12 -0.12 -0.12 -0.97 -0.97 -0.97 -0.97 -0.9698912 -0.62 -0.62 -0.62 -0.62 0.46998047 0.47 0.47 0.46999999 1.087853 1.22 1.22 1.22 1.22 1.19 1.19 1.19 1.3581526 0.75 0.75 0.75 0.74999918 -0.10999999 0.06 0.06 0.06 0.059999988 -1.3 -1.3 -1.3 -0.92 -0.92 -0.92 0.15988119 -1.06 -1.06 -0.94 -0.94 -0.94 -0.56999902 
-0.61 -0.61 -0.51 -0.51 -0.51 -0.12 -0.12 -0.12 -0.12 -0.87680606 -0.97 -0.97 -0.97 -0.96999722 -0.44002071 -0.44 -0.44 -0.44 -0.33074896 -0.35 -0.35 -0.35 -0.35 1.22 1.22 1.22 1.219998 1.19 1.19 1.19 1.19 0.74992358 0.26627488 -0.11 -0.11 -0.11 0.057610305 -0.57998668 -0.58 -0.58 -1.2994987 -0.66000002 -0.66 -0.92 -0.92 -0.91999543 0.16 0.16 -0.12 -0.12 -0.12 0.3 -0.22 
-0.61 -0.61 -0.47 -0.47 -0.47 -0.12 -0.12 -0.12 -0.12 -0.31 -0.31 -0.31 -0.31 -0.3191614 -0.44 -0.44 -0.44 -0.44 -0.33 -0.35 -0.35 -0.35 -0.35 -0.16 -0.15999945 1.219998 1.19 1.19 1.19 1.19 0.75966604 0.34 -0.056456172 -0.11 -0.11 -0.11 -0.58 -0.58 -0.58 -0.58 -0.66 -0.66 -0.66 0.37967205 0.38 0.16098888 0.16 0.16 -0.11999655 -0.12 0.3 0.3 -0.22 
-0.61 -0.47 -0.47 -0.47 -0.47 -0.47 -0.12543402 -0.82 -0.82 -0.31 -0.31 -0.31 -0.31 -0.31003079 -0.44 -0.44 -0.44 -0.43502985 -0.33 -0.33 -0.35 -0.35 -0.16 -0.16 -0.16 -0.16 1.19 1.19 1.19 1.19 0.34 0.34 0.34 -0.10954464 -0.11 -0.11 -0.58 -0.58 -0.58 -0.58 -0.66 -0.66 -0.66 0.38 0.38 0.38002606 0.84 0.84 0.6 0.6 0.3 0.3 -0.22 
-0.47131477 -0.47 -0.47 -0.47 -0.47 -0.47 -0.82 -0.82 -0.82 -0.54702669 -0.31 -0.31 -0.31 -0.3100084 -0.44 -0.44 -0.44 -0.33 -0.33 -0.33 -0.349999 -0.34999884 -0.16 -0.16 -0.16 -0.16 1.189904 1.19 1.19 0.34019548 0.34 0.34 0.34 0.34 -0.10924914 -0.34 -0.34 -0.34415362 -0.58 -0.58 -0.65999993 -0.66 0.34976178 0.38 0.38 0.83999983 0.84 0.84 0.6 0.6 0.1 0.1 0.3 
-0.47 -0.47 -0.47 -0.47 -0.47 -0.47 -0.82 -0.82 -0.82 -0.82 -0.71998819 -0.72 -0.72 -0.72 -0.44000045 -0.47846059 -0.5 -0.5 -0.33031339 -0.33 -0.33 -0.16000028 -0.16 -0.16 -0.16 -0.16 -0.15901847 1.19 1.1899709 0.34 0.34 0.34 0.34 0.34 -0.34 -0.34 -0.34 -0.34 -0.34 -0.33999928 0.34 0.34 0.34000012 0.69 0.69 0.69 0.16 0.16 0.05 0.05 0.1 0.10000044 0.3 
-0.47 -0.47 -0.47 -0.47 -0.47 -0.47 -0.82 -0.82 -0.82 -0.72 -0.72 -0.72 -0.72 -0.72 -0.66200853 -0.5 -0.5 -0.5 -0.5 -0.5 -0.49188306 -0.16 -0.16 -0.16 -0.16 -0.18355076 -0.90882476 0.90404939 0.34419176 0.34 0.34 0.34 0.34 0.33999851 -0.34 -0.34 -0.34 -0.34 -0.34 -0.02366558 0.34 0.34 0.34 0.69 0.69 0.69 0.16 0.16 0.05 0.05 -0.17 0.27407277 0.3 
-0.47 -0.47 -0.47 -0.47 -0.47 -0.4700001 -0.81999992 -0.82 -0.81584944 -0.72 -0.72 -0.72 -0.72 -0.72 -0.70944745 -0.5 -0.5 -0.5 -0.5 -0.5 -0.5 -0.79404862 -0.90999895 -0.91 -0.91 -0.91 -0.91 -0.91 -0.090935561 -0.079995027 -0.079999991 -0.08 -0.08 -0.080000186 -0.34 -0.34 -0.34 -0.34 -0.34 0.33999992 0.34 0.34 0.34 0.34000016 0.68873345 -0.1 0.15999997 -0.48858206 0.049518088 -0.17 -0.17 -0.16230894 0.2 
-0.47 -0.47 -0.47 -0.47 -0.47 -0.47002236 -0.81998112 -0.81999395 -0.72000013 -0.72 -0.72 -0.72 -0.72 -0.72 -0.71581387 -0.5 -0.5 -0.5 -0.5 -0.5 -0.5 -0.91 -0.91 -0.91 -0.91 -0.91 -0.91 -0.91 -0.080229118 -0.08 -0.08 -0.08 -0.08 -0.08 -0.15123997 -0.34 -0.34 -0.34 -0.34 0.34 0.34 0.34 0.34 0.33988728 -0.1 -0.1 -0.10250701 -0.5 -0.5 -0.17 -0.17 0.2 0.2 
-0.47 -0.47 -0.47 -0.47 -0.47 -0.47046677 -0.81958172 -0.73128435 -0.72 -0.72 -0.72 -0.72 -0.72 -0.72 -0.71614852 -0.5 -0.5 -0.5 -0.5 -0.5 -0.55837655 -0.91 -0.91 -0.91 -0.91 -0.91 -0.91 -0.91 -0.080003329 -0.08 -0.08 -0.08 -0.08 -0.08 -0.08 -0.067910337 0.35504102 0.58630751 0.62149334 0.33228656 0.34 0.34 0.34 -0.099964865 -0.1 -0.1 -0.10000191 -0.5 -0.5 -0.40995202 -0.41 -0.41 0.19999973 
-0.47 -0.47 -0.47 -0.47 -0.47000036 -0.47291882 -0.80890221 -0.7200275 -0.72 -0.72 -0.72 -0.72 -0.72 -0.72 -0.71486266 -0.5 -0.5 -0.5 -0.5 -0.5 -0.90999823 -0.91 -0.91 -0.91 -0.91 -0.91 -0.91 -0.91 -0.080000227 -0.08 -0.08 -0.08 -0.08 -0.08 -0.079999856 0.64 0.64 0.64 0.64 0.22 0.22 0.22 0.22 -0.1 -0.1 -0.1 -0.1 -0.10000109 -0.19 -0.19 -0.41 -0.41 -0.79210334 
-0.47 -0.47 -0.47 -0.47000003 -0.47000977 -0.47945657 -0.72625771 -0.72000131 -0.72 -0.72 -0.72 -0.72 -0.72 -0.72 -0.71253184 -0.50000009 -0.5 -0.5 -0.5 -0.50246761 -0.91 -0.91 -0.91 -0.91 -0.91 -0.91 -0.91 -0.91 -0.080000186 -0.08 -0.08 -0.08 -0.08 -0.08 0.63999934 0.64 0.64 0.64 0.64 0.22 0.22 0.22 0.22 0.13363338 -0.1 -0.1 -0.1 -0.18999899 -0.19 -0.19 -0.97 -0.97 -0.97 
-0.47 -0.47 -0.47000002 -0.47000079 -0.47009556 -0.50090916 -0.72030057 -0.72000033 -0.72 -0.72 -0.72 -0.72 -0.72 -0.71999999 -0.70937448 -0.50000517 -0.5 -0.5 -0.50000047 -0.90169275 -0.91 -0.91 -0.91 -0.91 -0.91 -0.91 -0.91 -0.91 -0.080000777 -0.08 -0.08 -0.08 -0.08 0.26405986 0.63999992 0.64 0.64 0.64 0.64 0.22 0.22 0.22 0.22 0.22 -0.1 -0.1 -0.1 -0.19 -0.19 -0.19 -0.97 -0.97 -0.97 
-0.47 -0.47000002 -0.47000033 -0.47000936 -0.47054708 -0.61994692 -0.72004379 -0.7200002 -0.72 -0.72 -0.72 -0.72 -0.72 -0.71999959 -0.70562063 -0.50008035 -0.5 -0.50000001 -0.50212277 -0.90996514 -0.91 -0.91 -0.91 -0.91 -0.91 -0.91 -0.91 -0.90999952 -0.0800052 -0.08 -0.079999667 0.34868128 0.39 0.39 0.39 0.64 0.64 0.64 0.64 0.22 0.22 0.22 0.22 0.22 -0.099994327 -0.1 -0.10000004 -0.18999999 -0.19 -0.19000042 -0.97 -0.97 -0.97 
