interpolatedSpi/06-08|22_2.tif
NCOLS 53
NROWS 52
XLLCORNER -116.03883
YLLCORNER 28.596182
DX 0.49850594
DY 0.49788537
NODATA_VALUE -9999
[rows 0 to 30 of 52, columns 0 to 52 of 53]
-0.34666667 -0.34666667 -0.84237606 -1.1433333 -0.90333333 -0.59666667 -0.5 -0.7 -1.0630339 -0.22 -0.61666667 0.5 0.22665514 0.086666667 0.13333333 0.13333333 0.13333333 0.85 0.65 0.65 0.65 0.64999849 0.49333333 0.056666667 0.056666667 0.056666667 -0.48666635 -0.48666667 -0.48666667 -0.58333333 -0.58333333 -0.58333333 -0.58333333 -0.35333338 -0.35333333 -0.35333333 -0.35333333 -0.35333333 -0.35333333 -0.35333331 0.57994811 0.58996849 0.46666667 0.46666667 0.46666667 0.46666667 0.46657956 0.41333333 0.41333333 0.41333333 -0.11999889 -0.12 -0.12
-0.34668325 -0.72 -0.59666595 -0.36999176 -0.21001469 -0.41666667 -0.74333333 0.062488062 0.0066666667 0.053333333 0.36 0.22666667 0.22666667 0.77436588 0.086675413 0.13333333 0.85 0.85 0.65026077 0.65 0.65 0.65 0.04140191 0.056666667 0.056666667 0.056666667 -0.80333327 -0.80333333 -0.58333333 -0.58333333 -0.58333333 -0.58333333 -0.58333333 -0.35333337 -0.35333333 -0.35333333 -0.35333333 -0.35333333 -0.35333329 -0.13756804 0.99656375 0.53097741 0.46666667 0.46666667 0.46666667 0.46666667 0.46666667 0.41333333 0.41333333 0.41333333 0.36910882 -0.12 -0.12
0.12666238 0.12666667 0.023333333 0.33 0.13333333 -0.17 0.12666667 0.69 0.033333333 0.86666667 0.29666667 0.38333333 -0.18 0.8 0.77666667 0.64666667 0.85 0.85 0.85 0.38341085 0.38333333 0.38333333 -0.23333333 0.056666667 0.056666667 0.056666667 -0.80333333 -0.80333333 -0.80333333 -0.58333333 -0.58333333 -0.58333332 -0.47582065 -0.3521048 -0.34759348 0.25768253 0.26333333 0.26333333 0.35556734 0.99666666 0.99666667 0.99598893 0.46666667 0.46666667 0.46666667 0.46666667 0.46666667 0.41333333 0.41333333 0.41333333 0.41333333 -0.12 -0.12
0.03 0.12666682 0.90661254 1.4966667 0.45666667 0.80333333 0.74666667 0.43333333 0.70666667 0.66045724 0.72 0.99333333 0.86333333 0.8 -0.02 0.64666667 -0.71615936 -0.72556196 -1.2333333 0.38333333 0.38333333 -0.63 -0.23333333 -0.23333333 0.056666667 0.056662371 -0.80333333 -0.80333333 -0.80333333 -0.67666667 -0.50291872 -0.36 -0.36 -0.3599995 0.26333333 0.26333333 0.26333333 0.26333333 0.99666667 0.99666667 0.99666667 0.99666665 0.46666667 0.46666667 0.46666667 0.46666667 0.46666667 0.41333401 0.41333333 0.41333333 0.41333333 -0.1199755 -0.12
0.03 1.3799991 0.90666667 1.2313438 0.45666667 0.46666667 0.14004764 1.5633333 0.57333333 1.5499996 1.2389048 1.093202 0.17666667 -0.02 -0.02 0.40448858 -0.72666667 -0.72666667 -1.2333333 -1.2333333 0.38333127 -0.63 0.64333333 -0.076666667 -0.52 -0.51963602 -0.80333333 -0.80333333 -0.67666667 -0.67666667 -0.36 -0.36 -0.36 -0.20851264 0.26333333 0.26333333 0.26333333 0.99666667 0.99666667 0.99666667 0.99666667 0.99658944 0.46666666 0.46666667 0.46666667 0.46666667 0.46666667 0.46619193 0.41333333 0.41334305 0.63 0.63 0.63
-1.37 0.56 0.61666664 0.44666667 0.53 0.45 0.43666667 0.58091227 0.68 -0.086666667 -1.2266667 0.14 0.14000002 0.26666667 0.26666667 -0.0067584124 -0.0066666667 -0.38666667 -0.38666667 -1.2333324 -0.99333333 -0.99333333 -0.076666667 -0.52 -0.52 1.0366667 0.31666667 0.31666667 0.80986428 -0.67666667 -0.36 -0.36 0.44333333 0.44342807 1.349935 1.24 1.24 1.0719474 0.99666667 0.99666667 0.19766444 0.19666667 0.19666943 -0.044153908 -0.053275863 -0.053333195 -0.053333316 -0.053333132 0.51274552 0.63 0.63 0.63 0.63
-1.2199995 0.29 0.6391832 0.17 0.13 0.14666667 0.80333333 1.11 0.96333333 0.96333333 -1.2266667 -0.023333333 -0.90999977 0.26666667 -0.38666471 -0.38666667 -0.0066666667 -0.46333333 -0.20333333 -0.20333333 -0.87708799 -0.74666667 -0.74666667 0.78666665 1.0366667 1.0366667 0.31666667 0.31666667 0.80996834 0.80941705 0.91466269 0.44333333 0.44333333 1.35 1.35 1.294464 1.24 1.24 1.4533259 0.19666842 0.19666667 0.19666667 0.19668258 -0.053328742 -0.053333333 -0.053333333 -0.053333333 -0.053333005 0.49666667 0.62997358 0.63 0.63 0.63
-1.22 0.34 0.81666667 -0.02 0.16998911 0.20333333 0.74333333 1.2033333 0.49666667 0.96333333 0.96333333 -0.05 -0.91 -0.91 -0.39025722 -0.84204515 -0.88666667 -0.1 -0.32333321 -0.20333333 0.32387349 0.4 -0.33 0.65666666 0.65666048 0.17666667 0.35333333 0.35333332 0.26857058 0.26666668 0.91666667 0.61156466 1.0466667 1.35 1.3421091 1.34 1.34 1.4533333 1.4533333 0.19666667 0.19666667 0.19666669 0.7691883 0.76999996 -0.053333333 -0.053333333 -0.053333333 0.49664573 0.49666667 0.49666667 0.63 0.63 0.63
0.18727302 0.34 0.61 0.34 0.39 0.42 0.95 1.0866667 1.49 0.7882549 0.12333333 -0.036666665 -0.036666667 0.72 0.71999304 -1.0728131 -1.0733333 -1.0733333 -0.13409218 -0.29000004 -0.49666667 -0.49666666 0.68666667 0.070651623 0.22503799 0.17666667 0.47333333 0.35333333 0.64827607 0.65 0.49 1.3533333 0.93194322 0.84 1.0733333 1.0566667 1.2666667 0.29666667 1.6560387 0.20178513 1.3433333 0.71 0.770051 0.77 0.76536583 -0.053333333 1.3533333 0.49666667 0.49666667 0.49666667 0.49666667 0.55529554 0.1
-0.66666667 -0.66666667 0.73666667 0.29666667 0.29666667 0.76 0.51 0.61666667 0.70333333 0.61002223 0.72333333 1.0166667 0.72 0.72 -0.02 -0.034446943 -1.0733333 -1.0731067 -0.04 -0.29 -0.29 -0.31662562 0.68666667 0.82666402 0.82666667 0.82666667 0.47333333 1.2666667 1.2666667 0.65 0.65 1.3517465 0.51666667 0.84 0.74333333 1.0566667 1.2666667 1.33 1.6566667 -0.11744016 0.71000003 0.84714004 1.0833333 0.77 0.77 1.3533333 1.3533333 1.3533333 0.49666667 0.49666667 0.03 0.03 0.030000026
-0.66666667 -0.66666667 -0.02 -0.09 -0.013333333 0.15666667 0.14000001 0.47388728 1.0533333 0.46 0.76 0.21666667 1.0156012 -0.02 -0.02 -0.02004576 -0.41666667 -0.39689743 -0.04 -0.44 -0.44 -0.65333333 -0.65333333 0.82666667 0.82666667 0.82666667 1.2666667 1.2666667 1.2666667 -0.43666667 -0.43666667 -0.43666509 0.38666667 0.38666667 0.4 -0.096666667 0.8 0.52333657 0.63 -0.14666667 -0.14666667 -0.11666272 1.0833333 0.77 0.6999996 0.15 0.44725249 0.44333334 -0.023333333 -0.023333333 0.03 0.03 0.03
-0.66666667 -0.38742399 -0.049871497 -0.03332866 0.52333333 0.20666667 0.14 0.47333333 1.0533285 0.46657341 0.21666698 0.21666667 -0.03 -0.02 -0.02 -0.41666665 -0.41666667 -0.41664523 -0.04 -0.44 -0.48189433 -0.65333333 -0.65333333 0.82660786 0.82666667 0.63272213 0.23666667 0.23666667 0.2366668 -0.43666667 -0.43666667 -0.29 -0.29 0.3866667 0.4 0.29333333 0.81656951 0.52333333 0.52333333 -0.14666667 -0.11666667 -0.11666667 -0.11666057 0.7 0.7 0.15 0.44333333 0.44333333 -0.023333333 -0.023333333 0.03 0.03 0.03
0.78666667 0.39394253 0.42998073 0.42665001 0.52333157 0.20667414 0.14 0.46923021 1.0133654 1.0378398 -0.03 -0.03 -0.03 -0.03 -0.020001417 -0.41666667 -0.41666667 -0.4118033 -0.04 -0.4398239 0.16 0.16 0.16 0.16 0.81489221 0.23666667 0.23666667 0.23666667 0.23666667 0.23611993 -0.29 -0.29 -0.29 -0.29 0.29333333 0.29333333 0.29333333 0.51268679 0.51714966 -0.3 -0.3 -0.11667653 -0.093306176 0.69992359 0.7 0.15 0.44333333 0.44333333 -0.023333331 -0.023333333 0.029806512 0.03 -0.46750727
0.78666667 0.43 0.43 0.43 0.43 0.42999991 0.14017069 0.2977962 0.90673458 -0.028848124 -0.03 -0.03 -0.03 -0.03 -0.029999893 -0.41666666 -0.41666661 -0.3908299 -0.040004601 0.16 0.16 0.16 0.16 0.16 0.16158543 -0.090465867 -0.31999988 -0.32 -0.32 -0.32 -0.29 -0.29 -0.2900002 -0.46 -0.46 0.29333333 -0.24785339 -0.26333333 -0.29999998 -0.3 -0.3 -0.3 -0.093333333 -0.093333333 -0.093333333 -0.091639955 0.30749495 0.30666667 0.30666667 0.30666667 0.30666666 0.26999995 0.27
0.67666667 0.43 0.43 0.43 0.43 0.43 0.42999998 0.092180658 0.12040249 0.11666667 0.11666667 0.11666667 0.11666667 0.11666667 0.11666667 0.29948699 -0.40520712 -0.36508823 0.15997473 0.16 0.16 0.16 0.16 0.1600001 0.23333333 0.23333333 0.23333256 -0.32 -0.32 -0.32006675 -0.35333333 -0.35333333 -0.46 -0.46 -0.46 -0.2948372 -0.26333333 -0.26333333 -0.26333333 -0.3 -0.3 -0.3 -0.093333333 -0.093333333 -0.093333333 -0.093333334 0.30666665 0.30666667 0.30666667 0.30666667 0.30666667 0.27 0.27
0.67666667 0.58483547 0.43 0.43 0.43 0.43 -0.22653779 -0.22666667 -0.22666666 0.11666667 0.11666667 0.11666667 0.11666667 0.11666667 0.15784664 0.30333333 0.30333333 0.30333333 0.24640287 0.24666658 0.24666667 0.24666667 0.24666667 0.24666667 0.23333333 0.23333333 0.23333333 0.23333333 -0.32 -0.35333333 -0.35333333 -0.35333333 -0.45999999 -0.46 -0.46 -0.28666667 -0.26336423 -0.26333333 -0.26333333 -0.30004292 -0.38576227 -0.58580988 -0.093333334 -0.093333333 -0.5053911 -0.50666667 -0.50666667 0.30465998 -0.90906999 -0.91333323 -0.9133331 -0.63319667 0.26999816
0.67666667 0.14468195 0.27818619 0.43 0.43 -0.22627868 -0.22666667 -0.22666667 -0.22666667 -0.22419251 0.11666667 0.11666667 0.11666667 0.11666669 0.30333333 0.30333333 0.30333333 0.30333333 0.24671729 0.24666667 0.24666667 0.24666667 0.24666667 0.24666667 0.23333333 0.23333333 0.23333333 0.23333333 0.23119942 -0.35333333 -0.35333333 -0.35333333 0.13666665 -0.45996796 -0.28666667 -0.28666667 -0.28666667 -0.28677486 -0.56618859 -0.58666667 -0.58666667 -0.58666667 -0.70333333 -0.70333333 -0.50666667 -0.50666667 -0.50666667 -0.91333333 -0.91333333 -0.91333333 -0.91333333 -0.63333333 -0.63333333
0.13032872 0.13 0.13 0.13 -0.30666667 -0.22666873 -0.22666667 -0.22666667 -0.22666667 -0.22666667 0.17218587 0.11667622 0.11666669 0.30333333 0.30333333 0.30333333 0.30333333 0.30333333 0.25996174 0.24666667 0.24666667 0.24666667 0.24666667 0.24666667 -0.023800251 -0.4499963 -0.45 -0.45 -0.45 -0.35333331 0.13666666 0.13666667 0.13666667 0.13666667 -0.28666667 -0.28666693 -0.29666667 -0.29666667 -0.58304558 -0.58666667 -0.58666667 -0.58666667 -0.70333333 -0.70333333 -0.53711744 -0.50666667 -0.50666667 -0.91333333 -0.91333333 -0.91333333 -0.91033101 -0.63333333 -0.63333333
0.13 0.13 0.13 -0.075632847 -0.30666667 -0.30666667 -0.22666667 -0.22666667 -0.22666667 -0.22666667 0.85 0.85 0.85 0.30333333 0.30333333 0.30333333 0.30333333 0.30322592 -0.31333333 -0.31333333 0.24666644 0.24666667 0.23384455 -0.28 -0.28153044 -0.45 -0.45 -0.45 -0.45 0.13660693 0.13666667 0.13666667 0.13666667 0.13666667 -0.29666663 -0.29666667 -0.29666667 -0.29666667 -0.29767513 -0.58666667 -0.58666667 -0.58666667 -0.70333333 -0.70333333 -0.70333333 -0.50666667 -0.50666667 -0.91333331 -0.91333333 -0.91333333 -0.63333333 -0.63333333 -0.63333333
0.13 0.13 0.13 -0.30666667 -0.30666667 -0.30666667 -0.30666654 -0.22666667 -0.22666667 0.84888857 0.85 0.85 0.85 0.84965939 -0.22279123 -0.34666667 -0.34666667 -0.34666667 -0.31333333 -0.31333333 -0.31333333 -0.28 -0.28 -0.28 -0.27999626 -0.35383721 -0.45 -0.45 -0.45 0.12858021 0.14333268 0.14333333 0.14333333 0.14333333 -0.21304129 -0.096667121 -0.096666667 -0.096666667 -0.096666667 -0.77997355 -0.78 -0.78 -0.70333333 -0.70333333 -0.65000022 -0.64999971 0.17 0.17 -0.31 -0.31 -0.31 -0.63333333 0.22589772
0.12999978 0.13 0.12999998 -0.30666667 -0.30666667 -0.30666667 -0.30666667 -0.31333331 -0.22701319 0.8492111 0.85 0.85 0.85 0.84765181 -0.34666667 -0.34666667 -0.34666667 -0.34666666 -0.31333333 -0.31333333 -0.31333333 -0.28 -0.28 -0.28 -0.26666667 -0.26666667 -0.06666667 -0.066666667 -0.066666667 -0.065521051 0.14333333 0.14333333 0.14333333 0.14333333 0.023399127 -0.096666667 -0.096666667 -0.096666667 -0.096666667 -0.78 -0.78 -0.78 -0.7759097 -0.65 -0.65 -0.65 0.17 0.17 -0.31 -0.31 -0.31 0.22666665 0.22666667
0.06 0.081785982 -0.036666667 -0.036744998 -0.30666667 -0.31329476 -0.31333333 -0.31333333 -0.29025602 -0.020000005 -0.02 -0.02 -0.02 -0.35998893 -0.36 -0.34666668 -0.34666667 -0.34578838 -0.31333333 -0.31333333 -0.31333333 -0.4 -0.4 -0.4 -0.26666667 -0.26666667 -0.066666667 -0.066666667 -0.066666667 -0.066666875 -0.35333018 -0.35333194 0.13085036 0.14280087 -0.71568323 -0.71666667 -0.71666667 -0.71666667 -0.71666667 -0.78 -0.78 -0.78 -0.65715816 -0.65 -0.65 -0.64999995 0.17 0.17 0.16998272 -0.31 -0.30997854 0.17 0.22666667
-0.46656665 -0.46666659 -0.036666667 -0.036666667 -0.036666667 -0.31333333 -0.31333333 -0.31333333 -0.25 -0.25 -0.02 -0.02 -0.02 -0.36 -0.36 -0.36 -0.36 -0.35999477 -0.31333333 -0.31333333 -0.31333334 -0.4 -0.4 -0.4 -0.26666667 -0.26666667 -0.066666667 -0.066666667 -0.066666667 -0.35010115 -0.35333333 -0.35333333 -0.35333333 -0.35333333 -0.71648738 -0.71666667 -0.71666667 -0.71666667 -0.71666667 -0.71000002 -0.71 -0.71 -0.71 -0.64999798 -0.38666667 -0.38666667 -0.38666667 0.20666667 0.20666667 0.20666667 0.17 0.17 0.17
-0.46666667 -0.46666667 -0.036666667 -0.036666667 -0.036666667 -0.31187912 -0.31333333 -0.25 -0.25 -0.25 -0.020028313 -0.02 -0.1643587 -0.35999996 -0.36 -0.36 -0.36 -0.29 -0.29 -0.29 -0.86999999 -0.86999965 -0.40000229 -0.4 -0.40023132 -0.85333333 -0.85333333 -0.85333146 -0.066793797 -0.99320579 -0.99332993 -0.9932216 -0.35442716 -0.35388565 -0.65237026 -0.71666684 -0.71816355 -1.1633333 -1.1633333 -0.71 -0.71 -0.71 -0.71 -0.38666667 -0.38666667 -0.38666667 -0.38666667 0.20666667 0.20666667 0.20666667 0.17 0.17 0.17
-0.46666667 -0.46666667 -0.036666667 -0.036666667 -0.036666667 -0.036666668 -0.28962952 -0.25 -0.25 -0.25 -0.24997054 -0.19666667 -0.19666667 -0.19666667 -0.35903744 -0.36 -0.29046646 -0.29 -0.29 -0.29 -0.87 -0.87 -0.87 -0.87 -0.85333333 -0.85333333 -0.85333333 -0.85333333 -0.85333333 -0.99333333 -0.99333333 -0.99333333 -0.99333333 -0.99333237 -0.53666667 -1.1633333 -1.1633333 -1.1633333 -1.1633333 -1.1633316 -0.68333333 -0.68333333 -0.68333333 -0.60306421 -0.43666667 -0.43666667 -0.43666667 0.20666665 0.2066663 -0.16666667 -0.16666667 0.15000487 0.15
-0.46666667 -0.46666667 -0.19186647 -0.036666667 -0.036666667 -0.036666669 -0.12023069 -0.24959031 -0.25 -0.25 -0.19666661 -0.19666667 -0.19666667 -0.19666667 -0.19666667 -0.21006846 -0.29 -0.29 -0.29 -0.29 -0.86999551 -0.87 -0.87 -0.87 -0.85333333 -0.85333333 -0.85333333 -0.85333333 -0.85333333 -1.0869345 -0.99333333 -0.99333333 -0.99333333 -0.53666667 -0.53666667 -0.53715329 -1.1633333 -1.1633333 -0.9494775 -0.78333337 -0.68333333 -0.68333333 -0.68333333 -0.60609155 -0.43666667 -0.43666667 -0.43666667 -1.24 -0.1800403 -0.16666667 -0.16666667 0.15 0.15
-0.64333333 -0.64333333 -0.64333333 -0.18877468 -0.037059365 -0.12 -0.12 -0.12 -0.12 0.096666665 0.096666667 -0.19666665 -0.19666667 -0.19666667 -0.19666667 -0.19667259 -0.29 -0.29 -0.29 -0.29 -0.61690681 -0.87 -0.87 -0.85447222 -0.30234499 -0.85333333 -0.85333333 -0.85333333 -1.12 -1.12 -1.12 -1.1199995 -0.53666667 -0.53666667 -0.53666667 -0.53666667 -0.78333333 -0.78333333 -0.78333333 -0.78333333 -0.88333333 -0.88333333 -0.88333333 -1.0033309 -1.0033333 -1.0033333 -1.0033332 -1.24 -1.24 -0.16797446 -0.16666667 0.14999734 0.15
-0.64333333 -0.64333333 -0.64333333 -0.6433152 -0.30666667 -0.27952227 -0.12 -0.12 -0.12 0.096666667 0.096666667 0.096666667 -0.29999999 -0.3 -0.3 -0.29999998 -0.28855286 -0.29 -0.29 -0.29 -0.29876247 -0.2766683 -0.27666667 -0.27666667 -0.27666667 -0.27666668 -0.44333334 -0.44333333 -1.12 -1.12 -1.12 -1.12 -0.53666671 -0.53666667 -0.53666667 -0.53667101 -0.78333332 -0.78333333 -0.78333333 -0.78103756 -0.88333333 -0.88333333 -0.88333333 -1.0033278 -1.0033333 -1.0033333 -1.0033333 -1.24 -1.24 -1.2399999 -0.37666667 -0.37666667 -0.37
-0.64333333 -0.64333333 -0.64333333 -0.30666744 -0.30666667 -0.30666667 -0.12000007 -0.12 -0.12 0.096666667 0.096666667 0.096666667 -0.3 -0.3 -0.3 -0.23907236 0.5 0.5 0.49999796 -0.28553787 -0.27666667 -0.27666667 -0.27666667 -0.27666667 -0.27666667 -0.27679209 -0.44333333 -0.44333333 -0.44333333 -1.12 -1.12 -1.119764 -0.59 -0.59 -0.59 -0.10333334 -0.10333333 -0.26 -0.26 -0.26 0.08 -0.88303116 -0.88332873 -0.26666667 -0.26666667 -0.2945855 -1.0033318 -1.24 -1.24 -0.37666667 -0.37666667 -0.37666667 -0.37
-0.64333333 -0.64333333 -0.64333333 -0.30666667 -0.30666667 -0.30666667 -0.30666667 -0.12 -0.12 0.096666667 0.096666667 -0.28413905 -0.3 -0.3 -0.3 0.5 0.5 0.5 0.5 0.5 -0.27666667 -0.27666667 -0.27666667 -0.27666667 -0.27666667 -0.44333276 -0.44333333 -0.44333333 -0.44333333 -0.75333333 -0.75333333 -0.75333333 -0.59 -0.59 -0.59 -0.10333333 -0.10333333 -0.26 -0.26 0.08 0.08 0.08 -0.26666667 -0.26666667 -0.26666667 -0.26666667 -0.2390104 0.07 0.07 0.07 -0.37666665 0.56333333 0.56333333
-0.64333333 -0.64333333 -0.64286451 -0.30666667 -0.30666667 -0.30666667 -0.30666667 -0.23050572 -0.22666667 -0.22611155 0.096666662 -0.29997683 -0.3 -0.3 -0.29999723 0.5 0.5 0.5 0.5 0.5 1.5390658 -0.27666667 -0.27666667 -0.27666667 -0.27649709 -0.44327763 -0.44333333 -0.44333333 -0.44333333 -0.75333333 -0.75333333 -0.75333333 -0.75331246 -0.59 -0.10333333 -0.10333333 -0.10333333 -0.1033398 -0.25997681 0.08 0.08 0.08 -0.26664562 -0.26666667 -0.26666667 -0.26666667 0.069999834 0.07 0.07 0.07 0.56333333 0.56333333 0.56333333
