interpolatedSpi/06-07|20_2.tif
NCOLS 53
NROWS 52
XLLCORNER -116.03883
YLLCORNER 28.596182
DX 0.49850594
DY 0.49788537
NODATA_VALUE -9999
[rows 0 to 29 of 52, columns 0 to 52 of 53]
1.3366667 1.3366667 0.72533049 0.23333333 0.77666667 0.85 1.5533333 1.2933333 0.58719069 0.44 0.40666667 0.38666667 0.11340689 1.0066667 0.67333333 0.67333333 0.67333333 0.79666667 0.86 0.86 0.86 0.86000363 1.2366667 0.31333333 0.31333333 0.31333333 1.4366664 1.4366667 1.4366667 0.59666667 0.59666667 0.59666667 0.59666667 1.3299999 1.33 1.33 1.33 1.33 1.33 1.33 1.8774355 1.883171 1.2466667 1.2466667 1.2466667 1.2466667 1.2463454 1.05 1.05 1.05 1.2799995 1.28 1.28
1.3366375 0.68 1.0633341 1.1135867 1.0933241 1.4333333 1.2266667 1.2105104 0.79333333 0.45666667 0.14333333 0.11333333 0.11333333 0.86713349 1.006662 0.67333333 0.79666667 0.79666667 0.85991742 0.86 0.86 0.86 0.30508686 0.31333333 0.31333333 0.31333333 0.17666668 0.17666667 0.59666667 0.59666667 0.59666667 0.59666667 0.59666667 1.3299999 1.33 1.33 1.33 1.33 1.3299999 1.1346681 0.1767123 1.1168307 1.2466667 1.2466667 1.2466667 1.2466667 1.2466667 1.05 1.05 1.05 1.0690718 1.28 1.28
1.8399713 1.84 1.7266667 1.7766667 1.4133333 1.2066667 1.03 0.81 0.82333333 0.44333333 0.47 -0.36333333 -0.19666667 0.093333333 0.86666667 1.3233333 0.79666667 0.79666667 0.79666667 0.85333527 0.85333333 0.85333333 0.15666667 0.31333333 0.31333333 0.31333333 0.17666667 0.17666667 0.17666667 0.59666667 0.59666667 0.59666663 0.21636061 1.3262866 1.3187685 0.13439059 0.12333333 0.12333333 0.13004126 0.17666667 0.17666667 0.17803493 1.2466667 1.2466667 1.2466667 1.2466667 1.2466667 1.05 1.05 1.05 1.05 1.28 1.28
1.04 1.8399999 1.2133364 1.28 0.68 1.2633333 1.89 0.3 0.94666667 0.44434589 0.41666667 0.36 0.08 0.093333333 0.88666667 1.3233333 0.18543976 0.17710107 0.60333333 0.85333333 0.85333333 -0.16666667 0.15666667 0.15666667 0.31333333 0.31333265 0.17666667 0.17666667 0.17666667 -0.58333333 -0.36934902 -0.19333333 -0.19333333 -0.19333308 0.12333333 0.12333333 0.12333333 0.12333333 0.17666667 0.17666667 0.17666667 0.17666671 1.2466667 1.2466667 1.2466667 1.2466667 1.2466667 1.0500025 1.05 1.05 1.05 1.2799466 1.28
1.04 0.57000118 1.2133333 1.3034797 0.68 1.5933333 0.97004493 1.0666667 0.50666667 0.74333347 0.42883102 0.28009692 0.95666667 0.88666667 0.88666667 1.1608239 0.17666667 0.17666667 0.60333333 0.60333333 0.85333123 -0.16666667 0.02 0.21333333 -0.17 -0.17003577 0.17666667 0.17666667 -0.58333333 -0.58333333 -0.19333333 -0.19333333 -0.19333333 -0.13487556 0.12333333 0.12333333 0.12333333 0.17666667 0.17666667 0.17666667 0.17666667 0.17667568 1.2466667 1.2466667 1.2466667 1.2466667 1.2466667 1.2449161 1.05 1.0499371 -0.35333333 -0.35333333 -0.35333333
-0.38 0.78 0.92666667 1.0166667 1.5133333 1.7133333 1.3133333 1.2817529 1.2933333 0.99666667 1.08 0.32666667 0.32666708 0.28666667 0.28666667 0.18667874 0.18666667 0.14666667 0.14666667 0.60333269 -0.85333333 -0.85333333 0.21333333 -0.17 -0.17 -0.32333333 -1.0966667 -1.0966667 0.046609677 -0.58333333 -0.19333333 -0.19333333 0.11666667 0.1167008 0.4433098 0.096666666 0.096666667 0.15191684 0.17666667 0.17666667 0.26988359 0.27 0.26999936 0.031830555 0.010136677 0.01000033 0.010000042 0.010000452 -1.0975366 -0.35333333 -0.35333333 -0.35333333 -0.35333333
-0.18999993 0.35 0.19024273 0.98333333 1.8833333 1.1566667 1.03 1.3366667 1.4866667 1.4866667 1.08 0.65666667 -0.073333389 0.28666667 0.23666682 0.23666667 0.18666667 0.096666667 -0.13 -0.13 -0.73394623 -0.6 -0.6 -1.2333333 -0.32333333 -0.32333333 -1.0966667 -1.0966667 0.046676185 0.04684191 0.61208741 0.11666667 0.11666667 0.44333333 0.44333333 -0.50606831 0.096666667 0.096666667 -0.99662877 0.26999824 0.27 0.27 0.26999651 0.010001729 0.01 0.01 0.01 0.0099992179 -1.3 -0.35352094 -0.35333333 -0.35333333 -0.35333333
-0.19 -0.34666667 0.35333333 -0.046666667 -0.51663972 0.40333333 0.66333333 0.77666668 0.78666667 0.63 0.63 -0.34666667 -0.073333333 -0.073333333 0.23453978 0.081837982 0.066666667 0.16333333 -0.27333319 -0.13 -0.9939922 -0.97333333 -1.1133333 -1.2633333 -1.2633309 -1.0733333 -1.6666667 -1.6666665 0.20942766 0.21000001 0.61333333 0.75072249 0.75333333 0.44333333 0.41528749 -1.01 -1.01 -0.99666666 -0.99666667 0.27 0.27 0.26999999 0.31724669 0.31999998 0.01 0.01 0.01 -1.2999501 -1.3 -1.3 -0.35333333 -0.35333333 -0.35333333
-0.32390934 -0.34666666 -0.11666667 -0.15333333 0.56666667 0.33 0.49 1.45 1.3333333 1.072837 0.11666667 0.21666667 0.21666667 -0.64 -0.63999248 -0.13277592 -0.13333333 -0.13333333 0.096675493 -1.0433334 -1.2166667 -1.2166667 -0.94666667 -1.0476527 -1.0924803 -1.0733333 -1.2333333 -1.6666667 -0.68904748 -0.68333333 0.75 1.7933333 1.2846407 -0.53333333 -0.54 -0.85333333 -0.69 -0.7 -0.96987532 0.26880966 0.0033333333 -0.12 0.3199951 0.32 0.31825515 0.01 -0.98333328 -1.3 -1.3 -1.3 -1.3 -0.55420533 -0.61333333
-0.19666667 -0.19666667 -0.026666667 -0.22 0.60333333 1.13 0.66333333 1.0966667 1.5333333 1.0066905 0.50333333 0.02 -0.64 -0.64 0.16 0.1559768 -0.13333333 -0.1334143 -0.54333333 -1.0433333 -1.0433333 -1.0656645 -0.94666667 -0.88333453 -0.88333333 -0.88333333 -1.2333333 -0.066666668 -0.066666667 -0.68333333 -0.68333333 1.7914178 0.78333333 -0.53333333 -0.08 -0.85333333 -0.69 -0.82666667 -0.97 0.86969293 -0.11999999 0.030609151 0.29 0.32 0.32 -0.98333333 -0.98333333 -0.98333333 -1.3 -1.3 -1.9666667 -1.9666667 -1.9666662
-0.19666667 -0.19666667 -0.34666667 -0.40333333 -0.033333333 0.29666667 0.20000001 0.68015233 0.80666667 0.64666667 0.44 -0.12333333 0.019808203 0.16 0.16 0.15998154 -1.2014382e-43 -0.028516682 -0.54333333 0.12 0.12 -0.23333333 -0.23333333 -0.88333333 -0.88333333 -0.88333333 -0.066666667 -0.066666667 -0.066666667 -0.91333333 -0.91333333 -0.91333054 -0.12666667 -0.12666667 -0.11333333 -0.7 -0.36333333 -0.073336936 -1.26 0.9 0.9 0.64666549 0.29 0.32 -0.95333322 -1.12 -0.91363481 -0.91333333 -1.68 -1.68 -1.9666667 -1.9666667 -1.9666667
-0.19666667 -0.26146227 -0.37084835 -0.50999316 -0.11666667 -0.16 0.2 0.68 0.80666561 0.64843927 -0.12333233 -0.12333333 0.11666667 0.16 0.16 5.2919845e-09 -2.10975e-35 -3.092291e-05 -0.54333333 0.12 0.050612522 -0.23333333 -0.23333333 -0.88330701 -0.88333333 -0.83183394 -0.72666667 -0.72666667 -0.72666658 -0.91333333 -0.91333333 -0.76 -0.76 -0.12666663 -0.11333333 0.043333145 -0.38471354 -0.073333333 -0.073333333 0.89999999 0.64666667 0.64666667 0.64665504 -0.95333333 -0.95333333 -1.12 -0.91333333 -0.91333333 -1.68 -1.68 -1.9666667 -1.9666667 -1.9666667
0.55 0.86852921 0.97328208 0.96258872 -0.11666685 -0.15999898 0.19999999 0.67409148 0.79793804 0.80248864 0.11666667 0.11666667 0.11666667 0.11666667 0.15999386 1.4387421e-10 -1.3113923e-14 -0.0070152991 -0.54333333 0.11994179 -0.066666667 -0.066666667 -0.066666667 -0.066666667 -0.86938854 -0.72666667 -0.72666667 -0.72666667 -0.72666667 -0.72684378 -0.76 -0.76 -0.76 -0.76 0.043333333 0.043333333 0.043333333 -0.068201914 -0.071480733 0.17333333 0.17333333 0.64664121 -0.73000764 -0.95331182 -0.95333333 -1.12 -0.91333333 -0.91333333 -1.68 -1.68 -1.9656267 -1.9666667 -1.3105711
0.55 0.97333333 0.97333333 0.97333333 0.97333333 0.97333286 0.1990785 0.42713457 0.77465084 0.11740581 0.11666667 0.11666667 0.11666667 0.11666667 0.11666688 2.2911466e-09 -8.5806151e-08 -0.037268958 -0.54332422 -0.066666667 -0.066666667 -0.066666667 -0.066666667 -0.066666667 -0.086916995 -0.89789293 -0.97333328 -0.97333333 -0.97333333 -0.97333333 -0.76 -0.76 -0.76000024 -0.96333333 -0.96333333 0.043333333 -0.01499817 -0.016666667 0.17333322 0.17333333 0.17333333 0.17333333 -0.73 -0.73 -0.73 -0.73271404 -1.3869416 -1.39 -1.39 -1.39 -1.39 -0.49333364 -0.49333333
0.62666667 0.97333333 0.97333333 0.97333333 0.97333333 0.97333333 0.97333328 0.18096164 0.41163635 0.41 0.41 0.41 0.41 0.41 0.41 -0.23667732 -0.0040156987 -0.074400529 -0.066726417 -0.066666667 -0.066666667 -0.066666667 -0.066666667 -0.06666714 -1.0033333 -1.0033333 -1.0033333 -0.97333333 -0.97333333 -0.97359365 -1.1033333 -1.1033333 -0.96333333 -0.96333333 -0.96333333 -0.16831236 -0.016666667 -0.016666667 -0.016666667 0.17333333 0.17333333 0.17333333 -0.73 -0.73 -0.73 -0.73 -1.39 -1.39 -1.39 -1.39 -1.39 -0.49333333 -0.49333333
0.62666667 0.75572673 0.97333333 0.97333333 0.97333333 0.97333333 -0.14977953 -0.15 -0.14999999 0.41 0.41 0.41 0.41 0.41 0.26439938 -0.25 -0.25 -0.25 -0.47209473 -0.47333292 -0.47333333 -0.47333333 -0.47333333 -0.47333333 -1.0033333 -1.0033333 -1.0033333 -1.0033333 -0.97333333 -1.1033333 -1.1033333 -1.1033333 -0.96333335 -0.96333333 -0.96333333 -0.0033333333 -0.016649013 -0.016666667 -0.016666667 0.17322991 -0.033094453 -0.51460441 -0.73 -0.73 -0.83633749 -0.83666667 -0.83666667 -1.387732 -0.014822475 -0.01000012 -0.010000262 0.16656672 -0.49333199
0.62666667 0.67532401 0.82320634 0.97333333 0.97333333 -0.14933628 -0.15 -0.15 -0.15 -0.14596448 0.41 0.41 0.41 0.40999992 -0.25 -0.25 -0.25 -0.25 -0.47313383 -0.47333333 -0.47333333 -0.47333333 -0.47333333 -0.47333333 -1.0033333 -1.0033333 -1.0033333 -1.0033333 -1.0036971 -1.1033333 -1.1033333 -1.1033333 -0.44666668 -0.96322321 -0.0033333333 -0.0033333333 -0.0033333333 -0.004580151 -0.48500108 -0.51666667 -0.51666667 -0.51666667 -0.77 -0.77 -0.83666667 -0.83666667 -0.83666667 -0.01000001 -0.01 -0.01 -0.01 0.16666667 0.16666667
0.6767991 0.67666667 0.67666667 0.67666666 -0.01 -0.14999639 -0.15 -0.15 -0.15 -0.15 0.3746693 0.40999392 0.40999999 -0.25 -0.25 -0.25 -0.25 -0.25 -0.32916359 -0.47333333 -0.47333333 -0.47333333 -0.47333333 -0.47333333 -0.58606749 -0.3633368 -0.36333333 -0.36333333 -0.36333333 -1.1033333 -0.44666668 -0.44666667 -0.44666667 -0.44666667 -0.0033333333 -0.0033363179 -0.11666667 -0.11666667 -0.51167207 -0.51666667 -0.51666667 -0.51666667 -0.77 -0.77 -0.82634437 -0.83666667 -0.83666667 -0.01 -0.01 -0.01 -0.008105674 0.16666667 0.16666667
0.67666667 0.67666667 0.67666667 0.35330509 -0.01 -0.01 -0.15 -0.15 -0.15 -0.15 -0.056666667 -0.056666667 -0.056666667 -0.25 -0.25 -0.25 -0.25 -0.25005894 -1.2266667 -1.2266667 -0.47333364 -0.47333333 -0.47860825 -0.69 -0.68705916 -0.36333333 -0.36333333 -0.36333333 -0.36333333 -0.44665818 -0.44666667 -0.44666667 -0.44666667 -0.44666667 -0.11666627 -0.11666667 -0.11666667 -0.11666667 -0.11806067 -0.51666667 -0.51666667 -0.51666667 -0.77 -0.77 -0.77 -0.83666667 -0.83666667 -0.010000004 -0.01 -0.0099999984 0.16666667 0.16666667 0.16666667
0.67666667 0.67666667 0.67666667 -0.01 -0.01 -0.01 -0.010000214 -0.15 -0.15 -0.056763014 -0.056666667 -0.056666667 -0.056666667 -0.056787128 -0.53869399 -0.60666667 -0.60666667 -0.60666667 -1.2266667 -1.2266667 -1.2266667 -0.69 -0.69 -0.69 -0.69002334 -0.5783883 -0.36333333 -0.36333333 -0.36333333 0.07024281 0.18660438 0.18666667 0.18666667 0.18666667 -0.023532614 0.10666616 0.10666667 0.10666667 0.10666667 -0.15671592 -0.15666667 -0.15666667 -0.77 -0.77 0.22332919 0.22333343 0.48333333 0.48333333 0.59666667 0.59666667 0.59666667 0.16666667 0.48305019
0.6766682 0.67666667 0.67666664 -0.01 -0.01 -0.01 -0.01 -0.033333367 -0.14953352 -0.056328136 -0.056666667 -0.056666667 -0.056666667 -0.057745918 -0.60666667 -0.60666667 -0.60666667 -0.60666684 -1.2266667 -1.2266667 -1.2266667 -0.69 -0.69 -0.69 -0.77333333 -0.77333333 -0.59333334 -0.59333333 -0.59333333 -0.58907819 0.18666667 0.18666667 0.18666667 0.18666667 0.14668856 0.10666667 0.10666667 0.10666667 0.10666667 -0.15666667 -0.15666667 -0.15666667 -0.14471041 0.22333333 0.22333333 0.22333333 0.48333333 0.48333333 0.59666667 0.59666667 0.59666667 0.48333334 0.48333333
1.17 0.91193563 -0.18333333 -0.18328305 -0.01 -0.033198327 -0.033333333 -0.033333333 0.11120352 0.31666667 0.31666667 0.31666667 0.31666667 -0.82996267 -0.83 -0.60666684 -0.60666667 -0.62300276 -1.2266667 -1.2266667 -1.2266667 -1.0733333 -1.0733333 -1.0733333 -0.77333333 -0.77333333 -0.59333333 -0.59333333 -0.59333333 -0.59333288 0.033334308 0.033333764 0.18281286 0.18650228 -0.30277208 -0.30333333 -0.30333333 -0.30333333 -0.30333333 -0.15666667 -0.15666667 -0.15666667 0.20240911 0.22333333 0.22333333 0.22333328 0.48333333 0.48333333 0.48333741 0.59666667 0.5966543 0.32 0.48333333
0.61677175 0.61666653 -0.18333333 -0.18333333 -0.18333333 -0.033333333 -0.033333333 -0.033333333 0.36333333 0.36333333 0.31666667 0.31666667 0.31666667 -0.83 -0.83 -0.83 -0.83 -0.83004317 -1.2266667 -1.2266667 -1.2266667 -1.0733333 -1.0733333 -1.0733333 -0.77333333 -0.77333333 -0.59333333 -0.59333333 -0.59333333 0.026267621 0.033333333 0.033333333 0.033333333 0.033333333 -0.30316721 -0.30333333 -0.30333333 -0.30333333 -0.30333333 -0.51333324 -0.51333333 -0.51333333 -0.51333333 0.22333113 -0.063333333 -0.063333333 -0.063333333 0.60666667 0.60666667 0.60666667 0.32 0.32 0.32
0.61666667 0.61666667 -0.18333333 -0.18333333 -0.18333333 -0.03412176 -0.033333333 0.36333333 0.36333333 0.36333333 0.31667241 0.31666667 -0.18722691 -0.82999988 -0.83 -0.83 -0.83 -1.0466667 -1.0466667 -1.0466667 -1.11 -1.11 -1.0733335 -1.0733333 -1.0731286 -0.87 -0.87 -0.86999934 -0.59337804 0.15664209 0.15666601 0.15664513 0.033544123 0.033439769 -0.24329202 -0.30333352 -0.3049866 -0.79666667 -0.79666667 -0.51333333 -0.51333333 -0.51333333 -0.51333333 -0.063333333 -0.063333333 -0.063333333 -0.063333333 0.60666667 0.60666667 0.60666667 0.32 0.32 0.32
0.61666667 0.61666667 -0.18333333 -0.18333333 -0.18333333 -0.18333333 0.11512741 0.36333333 0.36333333 0.36333333 0.36296692 -0.3 -0.3 -0.3 -0.82687659 -0.83 -1.0452229 -1.0466667 -1.0466667 -1.0466667 -1.11 -1.11 -1.11 -1.11 -0.87 -0.87 -0.87 -0.87 -0.87 0.15666667 0.15666667 0.15666667 0.15666667 0.15666646 0.06 -0.79666667 -0.79666667 -0.79666667 -0.79666667 -0.79666756 -1.1233333 -1.1233333 -1.1233333 -0.8250362 -0.20666667 -0.20666667 -0.20666667 0.60666664 0.60666619 0.11666667 0.11666667 0.22335685 0.22333333
0.61666667 0.61666667 0.10541049 -0.18333333 -0.18333333 -0.18333334 -0.61825505 0.36023441 0.36333333 0.36333333 -0.30000008 -0.3 -0.3 -0.3 -0.3 -0.34355346 -1.0466667 -1.0466667 -1.0466667 -1.0466667 -1.1099995 -1.11 -1.11 -1.11 -0.87 -0.87 -0.87 -0.87 -0.87 -0.37538195 0.15666667 0.15666667 0.15666667 0.06 0.06 0.059334777 -0.79666667 -0.79666667 -0.56405155 -0.38333337 -1.1233333 -1.1233333 -1.1233333 -0.82831382 -0.20666667 -0.20666667 -0.20666667 0.27666667 0.11866025 0.11666667 0.11666667 0.22333333 0.22333333
-0.51 -0.51 -0.51 -0.26523765 -0.18449632 -0.62 -0.62 -0.62 -0.62 -0.66333333 -0.66333333 -0.30000003 -0.3 -0.3 -0.3 -0.30004732 -1.0466667 -1.0466667 -1.0466667 -1.0466667 -1.0823634 -1.11 -1.11 -1.1060744 -0.95599241 -0.87 -0.87 -0.87 -0.56333333 -0.56333333 -0.56333333 -0.56333031 0.06 0.06 0.06 0.06 -0.38333333 -0.38333333 -0.38333333 -0.38333333 -0.66 -0.66 -0.66 -0.060012063 -0.06 -0.06 -0.060000046 0.27666667 0.27666667 0.11686162 0.11666667 0.2233337 0.22333333
-0.51 -0.51 -0.51 -0.51002531 -0.98 -0.92765008 -0.62 -0.62 -0.62 -0.66333333 -0.66333333 -0.66333333 -0.33333333 -0.33333333 -0.33333333 -0.33333335 -1.0465873 -1.0466667 -1.0466667 -1.0466667 -1.0476188 -0.96000041 -0.96 -0.96 -0.96 -0.96 -0.95333333 -0.95333333 -0.56333333 -0.56333333 -0.56333333 -0.56333333 0.059999894 0.06 0.06 0.059988054 -0.38333332 -0.38333333 -0.38333333 -0.38083284 -0.66 -0.66 -0.66 -0.060027824 -0.06 -0.06 -0.06 0.27666667 0.27666667 0.27666667 0.29666667 0.29666667 0.26666667
-0.51 -0.51 -0.51 -0.97999892 -0.98 -0.98 -0.62000014 -0.62 -0.62 -0.66333333 -0.66333333 -0.66333333 -0.33333333 -0.33333333 -0.33333333 -0.38436023 -1.0033333 -1.0033333 -1.0033334 -1.0464219 -0.96 -0.96 -0.96 -0.96 -0.96 -0.95999498 -0.95333333 -0.95333333 -0.95333333 -0.56333333 -0.56333333 -0.56325609 -0.086666667 -0.086666667 -0.086666667 0.13 0.13 0.18666667 0.18666667 0.18666667 0.32666667 -0.65969051 -0.65999294 0.28666667 0.28666667 0.27352839 -0.059998514 0.27666667 0.27666667 0.29666667 0.29666667 0.29666667 0.26666667
-0.51 -0.51 -0.51 -0.98 -0.98 -0.98 -0.98 -0.62 -0.62 -0.66333333 -0.66333333 -0.34652857 -0.33333333 -0.33333333 -0.33333333 -1.0033333 -1.0033333 -1.0033333 -1.0033333 -1.0033333 -0.96 -0.96 -0.96 -0.96 -0.96 -0.95333336 -0.95333333 -0.95333333 -0.95333333 -0.44333333 -0.44333333 -0.44333333 -0.086666667 -0.086666667 -0.086666667 0.13 0.13 0.18666667 0.18666667 0.32666667 0.32666667 0.32666667 0.28666667 0.28666667 0.28666667 0.28666667 0.28748814 0.29666667 0.29666667 0.29666667 0.29666667 0.33 0.33
