interpolatedSpi/06-06|21_1.tif
NCOLS 53
NROWS 52
XLLCORNER -116.03883
YLLCORNER 28.596182
DX 0.49850594
DY 0.49788537
NODATA_VALUE -9999
-1.73 -1.73 -1.4742991 -1.16 -1.59 -1.81 -1.37 -1.26 -0.44442916 0.29 -0.09 0.62 -0.14004447 -0.68 -1.18 -1.18 -1.18 0.89 0.48 0.48 0.48 0.4799974 0.20999999 -0.37 -0.37 -0.37 0.87999985 0.88 0.88 -0.05 -0.05 -0.05 -0.05 0.85999982 0.86 0.86 0.86 0.86 0.86 0.85999998 0.24660538 0.23991084 -0.11 -0.11 -0.11 -0.11 -0.10983667 -0.01 -0.01 -0.01 0.49999894 0.5 0.5 
-1.7299924 -1.56 -1.2300004 -1.249246 -2.2497465 -1.03 -1.08 -0.51985646 -0.48 -0.32 0.27 -0.14 -0.14 0.14723239 -0.67999439 -1.18 0.89 0.89 0.48053459 0.48 0.48 0.48 -0.39421306 -0.37 -0.37 -0.37 -0.83999997 -0.84 -0.05 -0.05 -0.05 -0.05 -0.05 0.85999987 0.86 0.86 0.86 0.86 0.85999983 0.48943938 -1.329912 -0.25803725 -0.11 -0.11 -0.11 -0.11 -0.11 -0.01 -0.01 -0.01 0.032289688 0.5 0.5 
-1.8299803 -1.83 -1.57 -2.21 -2.01 -0.93 -1.37 -1.07 -0.91 -0.53 -0.11 -0.36 0.18 -0.94 0.15 -0.35 0.89 0.89 0.89 -0.069840113 -0.07 -0.07 -0.83 -0.37 -0.37 -0.37 -0.84 -0.84 -0.84 -0.05 -0.05 -0.050000007 -0.11739601 0.8545606 0.83887115 -1.3891989 -1.41 -1.41 -1.3999381 -1.33 -1.33 -1.3284399 -0.11 -0.11 -0.11 -0.11 -0.11 -0.01 -0.01 -0.01 -0.0099999991 0.5 0.5 
-0.46 -1.8299998 -0.89995711 -1.08 -0.05 -1.55 -0.86 -0.65 -0.68 -0.12239136 -0.36 -0.23 -0.35 -0.94 -0.51 -0.35 -1.1934967 -1.1985356 -0.97 -0.07 -0.07 -1.33 -0.83 -0.83 -0.37 -0.37000235 -0.84 -0.84 -0.84 -0.08 -0.14035455 -0.19 -0.19 -0.19000095 -1.41 -1.41 -1.41 -1.41 -1.33 -1.33 -1.33 -1.33 -0.11 -0.11 -0.11 -0.11 -0.11 -0.010001261 -0.01 -0.01 -0.01 0.49994186 0.5 
-0.46 0.21999795 -0.9 -0.80481639 -0.05 -1.42 -0.74995236 0.39 -0.63 -0.20000027 -0.398943 -0.49007162 -0.99 -0.51 -0.51 -0.41629891 -1.2 -1.2 -0.97 -0.97 -0.070002524 -1.33 -1.16 -1.32 -0.93 -0.92995788 -0.84 -0.84 -0.080000001 -0.08 -0.19 -0.19 -0.19 -0.15605668 -1.41 -1.41 -1.41 -1.33 -1.33 -1.33 -1.33 -1.3300019 -0.11000002 -0.11 -0.11 -0.11 -0.11 -0.10910988 -0.01 -0.010056947 -1.28 -1.28 -1.28 
-1.23 -0.23 -0.59 -0.61 -1.35 -0.48 -0.11 -0.04598568 -0.65 -0.11 -0.57 -0.51 -0.51000032 -1.24 -1.24 -2.3597779 -2.36 -1.96 -1.96 -0.96999984 -1.42 -1.42 -1.32 -0.93 -0.93 -0.75 -0.05 -0.05 -0.11999651 -0.08 -0.19 -0.19 -0.01 -0.0099341731 0.61995437 -1.19 -1.19 -1.2866878 -1.33 -1.33 -1.3499751 -1.35 -1.349999 -2.064871 -2.0997801 -2.0999995 -2.0999999 -2.0999993 -1.9404613 -1.28 -1.28 -1.28 -1.28 
-0.56000225 -0.65 -1.5447232 -1.04 -1.95 -1.62 -1.9 -1.06 -0.88 -0.88 -0.57 -1.63 -1.0800001 -1.24 -1.4399994 -1.44 -2.36 -1.81 -0.79 -0.79 -1.5189656 -1.63 -1.63 -0.82 -0.75 -0.75 -0.05 -0.05 -0.12000641 -0.12011802 0.15879657 -0.01 -0.01 0.62 0.62 -1.135536 -1.19 -1.19 -1.3499945 -1.35 -1.35 -1.35 -1.3499949 -2.0999954 -2.1 -2.1 -2.1 -2.1 -2.12 -1.2801665 -1.28 -1.28 -1.28 
-0.56 -0.79 -1.43 -2.02 -2.559969 -1.13 -1.29 -1.34 -2.12 -1.85 -1.85 -1.39 -1.08 -1.08 -1.4375301 -1.3398167 -1.33 -0.81 -1.4399993 -0.79 0.17 0.17 0.32 -0.79 -0.78999071 -0.07 -5.9771339e-10 -1.7656447e-08 -0.22961454 -0.22999999 0.16 -0.86377932 -1.45 0.62 0.59119359 -1.09 -1.09 -1.35 -1.35 -1.35 -1.35 -1.35 -1.2836216 -1.28 -2.1 -2.1 -2.1 -2.1199992 -2.12 -2.12 -1.28 -1.28 -1.28 
-0.72324516 -0.79000001 -0.66 -1.75 -1.41 -1.39 -1.51 -1.93 -2.29 -2.0268456 -1.34 -0.91000001 -0.91 -2.05 -2.0500073 -0.9211427 -0.92 -0.92 -0.90617046 -0.96999976 0.17 0.17 0.06 0.21753827 -0.14255699 -0.07 -0.15 -2.1134485e-19 0.0994189 0.1 -0.7 0.46 0.48013862 -0.02 -0.39 -0.22 -0.84 -0.88 -1.4497368 -1.3481699 -0.94 -1.86 -1.2800407 -1.28 -1.2846154 -2.1 -0.1500001 -2.12 -2.12 -2.12 -2.12 -1.3534594 -0.94 
-0.35 -0.35 -0.59 -0.92 -0.47 -1.52 -1.78 -1.82 -2.55 -1.9600914 -1.84 -1.27 -2.05 -2.05 -2.83 -2.8038035 -0.92 -0.92005919 -1.19 -0.97 -0.97 -0.82312971 0.06 0.069999811 0.07 0.07 -0.15 1.11 1.11 0.1 0.1 0.46007586 0.5 -0.02 0.29 -0.22 -0.84 -1.03 -1.45 -1.2925931 -1.86 -1.738778 -1.53 -1.28 -1.28 -0.15 -0.15 -0.15 -2.12 -2.12 -1.87 -1.87 -1.8699997 
-0.35 -0.35 -0.54 -0.57 -1.15 -1.42 -1.94 -3.0892106 -3.14 -2.54 -2.34 -2.65 -1.2718383 -2.83 -2.83 -2.8297993 -1.09 -1.0952485 -1.19 -1.39 -1.39 -0.28 -0.28 0.07 0.07 0.07 1.11 1.11 1.11 0.58 0.58 0.57999987 0.34 0.34 0.34 -0.53 -0.92 -1.9399812 -1.33 -1.29 -1.29 -1.0100017 -1.53 -1.28 -1.4600001 -1.63 -0.4885357 -0.49 -1.89 -1.89 -1.87 -1.87 -1.87 
-0.35 -0.43206093 -0.55280207 -1.0399997 -0.85 -0.92 -1.94 -3.09 -3.1399996 -2.5466473 -2.6499999 -2.65 -1.94 -2.83 -2.83 -1.0900001 -1.09 -1.0900057 -1.19 -1.39 -1.1720186 -0.28 -0.28 0.069984928 0.07 0.10944635 0.19 0.19 0.19000012 0.58 0.58 -0.34 -0.34 0.34 0.34 -0.47000024 -0.72917856 -1.94 -1.94 -1.29 -1.01 -1.01 -1.0100033 -1.46 -1.46 -1.63 -0.49 -0.49 -1.89 -1.89 -1.87 -1.87 -1.87 
-2.02 -1.3976832 -1.4699666 -1.4668808 -0.85000047 -0.91999835 -1.94 -3.0758442 -3.1365545 -3.1243324 -1.94 -1.94 -1.94 -1.94 -2.8298739 -1.09 -1.09 -1.0912912 -1.19 -1.3899755 -1.31 -1.31 -1.31 -1.31 0.046761628 0.19 0.19 0.19 0.19 0.18990388 -0.34 -0.34 -0.34 -0.34 -0.47 -0.47 -0.47 -1.8665431 -1.9357941 -1.38 -1.38 -1.0100199 -1.809988 -1.4600337 -1.46 -1.63 -0.49 -0.49 -1.89 -1.89 -1.8700726 -1.87 0.60612616 
-2.02 -1.47 -1.47 -1.47 -1.47 -1.4699998 -1.937389 -2.4841437 -3.1273621 -1.9412774 -1.94 -1.94 -1.94 -1.94 -1.94 -1.09 -1.09 -1.0968593 -1.189999 -1.31 -1.31 -1.31 -1.31 -1.31 -1.3171277 -0.67158721 -0.97999976 -0.98 -0.98 -0.98 -0.34000001 -0.34 -0.3399999 -0.26 -0.26 -0.47 -0.40194658 -0.4 -1.3799994 -1.38 -1.38 -1.38 -1.81 -1.81 -1.81 -1.8087474 -1.3446413 -1.35 -1.35 -1.35 -1.35 -0.54000027 -0.54 
-1.86 -1.47 -1.47 -1.47 -1.47 -1.47 -1.47 -2.195871 -1.9463734 -1.94 -1.94 -1.94 -1.94 -1.94 -1.94 -3.3703167 -1.1266675 -1.1036938 -1.3099849 -1.31 -1.31 -1.31 -1.31 -1.3100011 -1.64 -1.64 -1.6399991 -0.98 -0.98 -0.97979976 -0.88 -0.88 -0.26 -0.26 -0.26 -0.37757364 -0.4 -0.4 -0.4 -1.38 -1.38 -1.38 -1.81 -1.81 -1.81 -1.81 -1.35 -1.35 -1.35 -1.35 -1.35 -0.54 -0.54 
-1.86 -1.7148074 -1.47 -1.47 -1.47 -1.47 -2.1598646 -2.16 -2.16 -1.94 -1.94 -1.94 -1.94 -1.94 -2.2620862 -3.4 -3.4 -3.4 -2.2770482 -2.279999 -2.28 -2.28 -2.28 -2.28 -1.64 -1.64 -1.64 -1.64 -0.98 -0.88 -0.88 -0.88 -0.26000006 -0.26 -0.26 -0.65 -0.40033101 -0.4 -0.4 -1.380055 -1.4906932 -1.7488942 -1.81 -1.81 -1.9595371 -1.96 -1.96 -1.3499539 -1.3201048 -1.32 -1.32 0.43985123 -0.53999801 
-1.86 -1.9086572 -1.6926603 -1.47 -1.47 -2.1595923 -2.16 -2.16 -2.16 -2.1584146 -1.94 -1.94 -1.94 -1.9400002 -3.4 -3.4 -3.4 -3.4 -2.2810005 -2.28 -2.28 -2.28 -2.28 -2.28 -1.64 -1.64 -1.64 -1.64 -1.6372356 -0.88 -0.88 -0.88 -1.79 -0.26007661 -0.65 -0.65 -0.65 -0.662403 -1.6645382 -1.75 -1.75 -1.75 -2.49 -2.49 -1.96 -1.96 -1.96 -1.32 -1.32 -1.32 -1.32 0.44 0.44 
-1.9100568 -1.91 -1.91 -1.91 -1.89 -2.159993 -2.16 -2.16 -2.16 -2.16 -2.0157083 -1.940013 -1.94 -3.4 -3.4 -3.4 -3.4 -3.4 -3.1834159 -2.28 -2.28 -2.28 -2.28 -2.28 -1.9208545 -1.829999 -1.83 -1.83 -1.83 -0.88000005 -1.79 -1.79 -1.79 -1.79 -0.65 -0.65002976 -1.78 -1.78 -1.7503746 -1.75 -1.75 -1.75 -2.49 -2.49 -2.0420622 -1.96 -1.96 -1.32 -1.32 -1.32 -1.3011282 0.44 0.44 
-1.91 -1.91 -1.91 -1.9005817 -1.89 -1.89 -2.16 -2.16 -2.16 -2.16 -2.94 -2.94 -2.94 -3.4 -3.4 -3.4 -3.4 -3.3997091 -1.36 -1.36 -2.2799996 -2.28 -2.2588192 -1.41 -1.4137811 -1.83 -1.83 -1.83 -1.83 -1.7900041 -1.79 -1.79 -1.79 -1.79 -1.779996 -1.78 -1.78 -1.78 -1.7799284 -1.75 -1.75 -1.75 -2.49 -2.49 -2.49 -1.96 -1.96 -1.32 -1.32 -1.32 0.44 0.44 0.44 
-1.91 -1.91 -1.91 -1.89 -1.89 -1.89 -1.8900004 -2.16 -2.16 -2.9391948 -2.94 -2.94 -2.94 -2.9402866 -1.9754166 -1.64 -1.64 -1.64 -1.36 -1.36 -1.36 -1.41 -1.41 -1.41 -1.4098487 -1.3264567 -1.83 -1.83 -1.83 -1.8559085 -1.8699921 -1.87 -1.87 -1.87 -2.0251038 -2.3699987 -2.37 -2.37 -2.37 -2.4699015 -2.47 -2.47 -2.49 -2.49 -1.5600039 -1.5599997 -0.76 -0.76 -0.24 -0.24 -0.24 0.44 0.62983012 
-1.9099945 -1.91 -1.91 -1.89 -1.89 -1.89 -1.89 -1.8800001 -2.1588805 -2.9397098 -2.94 -2.94 -2.94 -2.937449 -1.64 -1.64 -1.64 -1.6399999 -1.36 -1.36 -1.36 -1.41 -1.41 -1.41 -0.87 -0.87 -1.18 -1.18 -1.18 -1.1837642 -1.87 -1.87 -1.87 -1.87 -2.1198627 -2.37 -2.37 -2.37 -2.37 -2.47 -2.47 -2.47 -2.4413679 -1.56 -1.56 -1.56 -0.76 -0.76 -0.24 -0.24 -0.24 0.62999997 0.63 
-0.15 -1.0269396 -3.72 -3.7194691 -1.89 -1.8800579 -1.88 -1.88 -2.084052 -2.62 -2.62 -2.62 -2.62 -0.64006446 -0.64 -1.6399992 -1.64 -1.6326224 -1.36 -1.36 -1.36 -0.82 -0.82 -0.82 -0.87 -0.87 -1.18 -1.18 -1.18 -1.1800003 -1.5300022 -1.530001 -1.8614546 -1.8696355 -2.4093825 -2.41 -2.41 -2.41 -2.41 -2.47 -2.47 -2.47 -1.6101074 -1.56 -1.56 -1.5599999 -0.76 -0.76 -0.75998128 -0.24 -0.24000626 -0.38 0.63 
-0.89985757 -0.90000049 -3.72 -3.72 -3.72 -1.88 -1.88 -1.88 -2.44 -2.44 -2.62 -2.62 -2.62 -0.64 -0.64 -0.64 -0.64 -0.64008371 -1.36 -1.36 -1.36 -0.82 -0.82 -0.82 -0.87 -0.87 -1.18 -1.18 -1.18 -1.5260537 -1.53 -1.53 -1.53 -1.53 -2.4095658 -2.41 -2.41 -2.41 -2.41 -2.44 -2.44 -2.44 -2.44 -1.5599976 -1.25 -1.25 -1.25 -0.9 -0.9 -0.9 -0.38 -0.38 -0.38 
-0.9 -0.9 -3.72 -3.72 -3.72 -1.8896714 -1.88 -2.44 -2.44 -2.44 -2.6199778 -2.62 -1.3044292 -0.64000008 -0.64 -0.64 -0.64 -0.15 -0.15 -0.15 -0.46000001 -0.46000027 -0.81999825 -0.82 -0.8200674 -0.91 -0.91 -0.91000064 -1.1799564 -0.8301395 -0.83000373 -0.83012221 -1.5288036 -1.5293959 -2.2528156 -2.4099993 -2.4036327 -0.51 -0.51 -2.44 -2.44 -2.44 -2.44 -1.25 -1.25 -1.25 -1.25 -0.9 -0.9 -0.9 -0.38 -0.38 -0.38 
-0.9 -0.9 -3.72 -3.72 -3.72 -3.72 -2.0895916 -2.44 -2.44 -2.44 -2.4392101 -1.01 -1.01 -1.01 -0.6421805 -0.64 -0.15326524 -0.15 -0.15 -0.15 -0.46 -0.46 -0.46 -0.46 -0.91 -0.91 -0.91 -0.91 -0.91 -0.83 -0.83 -0.83 -0.83 -0.8300028 -2.16 -0.51 -0.51 -0.51 -0.51 -0.51000169 -0.74 -0.74 -0.74 -0.86691225 -1.13 -1.13 -1.13 -0.90000001 -0.89999944 -0.32 -0.32 -0.14005839 -0.14 
-0.9 -0.9 -2.702178 -3.72 -3.72 -3.7199999 -1.1922182 -2.4360607 -2.44 -2.44 -1.01 -1.01 -1.01 -1.01 -1.01 -0.97954436 -0.15 -0.15 -0.15 -0.15 -0.4599976 -0.46 -0.46 -0.46 -0.91 -0.91 -0.91 -0.91 -0.91 -1.1255826 -0.83 -0.83 -0.83 -2.16 -2.16 -2.1587187 -0.51 -0.51 -0.3974443 -0.31000002 -0.74 -0.74 -0.74 -0.86062493 -1.13 -1.13 -1.13 0.56 -0.30903529 -0.32 -0.32 -0.14 -0.14 
-1.35 -1.35 -1.35 -3.1257759 -3.7165126 -1.19 -1.19 -1.19 -1.19 -0.88 -0.88 -1.01 -1.01 -1.01 -1.01 -1.0099455 -0.15 -0.15 -0.15 -0.15 -0.32472606 -0.46 -0.46 -0.46183193 -0.54692097 -0.91 -0.91 -0.91 -1.23 -1.23 -1.23 -1.2299983 -2.16 -2.16 -2.16 -2.16 -0.31 -0.31 -0.31 -0.31 -0.25 -0.25 -0.25 0.18999115 0.19 0.19 0.18999958 0.56 0.56 -0.31892777 -0.32 -0.13999516 -0.14 
-1.35 -1.35 -1.35 -1.35 -1.35 -1.3267334 -1.19 -1.19 -1.19 -0.88 -0.88 -0.88 -0.28000003 -0.28 -0.28 -0.28 -0.14967027 -0.15 -0.15 -0.15 -0.15470452 -0.52999981 -0.53 -0.53 -0.53 -0.53000001 -0.87 -0.87 -1.23 -1.23 -1.23 -1.23 -2.1599994 -2.16 -2.16 -2.1599332 -0.31 -0.31 -0.31 -0.30969292 -0.25 -0.25 -0.25 0.1899796 0.19 0.19 0.19 0.56 0.56 0.56000003 0.82 0.82 0.88 
-1.35 -1.35 -1.35 -1.35 -1.35 -1.35 -1.1900001 -1.19 -1.19 -0.88 -0.88 -0.88 -0.28 -0.28 -0.28 -0.25639054 0.03 0.03 0.029999535 -0.14898332 -0.53 -0.53 -0.53 -0.53 -0.53 -0.53025587 -0.87 -0.87 -0.87 -1.23 -1.23 -1.2299035 -1.34 -1.34 -1.34 -2.93 -2.93 -0.24 -0.24 -0.24 -0.28 -0.25000941 -0.24998813 1.34 1.34 1.2964163 0.19000367 0.56 0.56 0.82 0.82 0.82 0.88 
-1.35 -1.35 -1.35 -1.35 -1.35 -1.35 -1.35 -1.19 -1.19 -0.88 -0.88 -0.30399135 -0.28 -0.28 -0.28 0.03 0.03 0.03 0.03 0.03 -0.53 -0.53 -0.53 -0.53 -0.53 -0.86999884 -0.87 -0.87 -0.87 -1.08 -1.08 -1.08 -1.34 -1.34 -1.34 -2.93 -2.93 -0.24 -0.24 -0.28 -0.28 -0.28 1.34 1.34 1.34 1.34 1.3334282 1.26 1.26 1.26 0.82 0.93 0.93 
-1.35 -1.35 -1.35 -1.35 -1.35 -1.35 -1.35 -0.73119235 -0.7 -0.70030904 -0.87999997 -0.27997823 -0.28 -0.28 -0.27999893 0.03 0.03 0.03 0.03 0.03 0.71671954 -0.53 -0.53 -0.53 -0.52990937 -0.86995611 -0.87 -0.87 -0.87 -1.08 -1.08 -1.08 -1.0800393 -1.34 -2.93 -2.93 -2.93 -2.9298879 -0.24000273 -0.28 -0.28 -0.28 1.3399017 1.34 1.34 1.34 1.2599939 1.26 1.26 1.26 0.93 0.93 0.93 
-0.66 -0.66000121 -1.3499756 -1.35 -1.35 -1.35 -0.70013831 -0.7 -0.7 -0.7 -0.020000017 -0.02 -0.02 -0.02 0.02976919 0.03 0.03 0.03 0.03 0.76999956 0.77 0.77 -0.090000073 -0.09 -0.09 -0.09 -0.15732403 -0.87 -1.2999824 -1.3 -1.3 -1.3 -1.3 -1.03 -1.03 -1.03 -1.03 -1.03 -0.1 -0.1 -0.1 -0.1 -0.099999998 0.65104013 0.65 0.65 0.65 1.26 1.26 1.26 0.93005199 0.93 0.93 
-0.66 -0.66 -0.65941412 -0.59000153 -0.59000017 -0.59010778 -0.7 -0.7 -0.7 -0.7 -0.02 -0.02 -0.02 -0.02 -0.02 0.03 0.03 0.03 0.76999981 0.77 0.77 0.77 -0.089999997 -0.09 -0.09 -0.09 -0.09 -0.090166253 -1.2998533 -1.3 -1.3 -1.3 -1.2999411 -0.70119706 -1.0296595 -1.03 -1.03 -1.03 -0.1 -0.1 -0.1 -0.1 -0.099999997 0.65 0.65 0.65 0.65 0.93524792 1.26 -0.23315303 -0.25 -0.53 -0.53 
-0.66 -0.66 -0.59000887 -0.59 -0.59 -0.59 -0.61793954 -0.7 -0.7 -0.7 -0.02 -0.02 -0.02 -0.02 -0.02 0.029965069 0.03 0.76978304 0.77 0.77 0.77 0.77 0.22859257 -0.09 -0.09 -0.09 -0.09 -0.090587684 -0.92 -0.92 -0.92 -0.92 -0.92 -0.45 -0.45 -0.45 -0.45 -0.45 0.43 0.43 0.43 0.43 0.42999999 0.64885242 0.64999976 0.65 0.64992033 0.64028414 -0.25 -0.25 -0.25 -0.52999843 -0.53 
-0.6599977 0.56563003 -0.58999984 -0.59 -0.59 -0.59 -0.59 -0.69995316 -0.7 -0.7 -0.020000001 -0.02 -0.02 -0.02 0.36133757 0.37 0.37 0.76998971 0.77 0.77 0.77 0.77 0.76999988 -0.09 -0.09 -0.09 -0.09 -0.54000034 -0.54000018 -0.62087323 -0.92 -0.92 -0.92 -0.44999999 -0.45 -0.45 -0.45 -0.4494514 0.43 0.43 0.43 0.43 0.43002835 0.18 0.18 0.18 0.18 0.17996532 -0.25 -0.25 -0.25 -0.24999987 -0.037363715 
0.59 0.59 0.29341286 -0.59 -0.59 -0.59 -0.59 -0.59 -0.69995133 0.029999988 0.03 0.03 0.02988134 0.36999944 0.37 0.37 0.37 0.37 0.76999688 0.74333115 0.51 0.51 0.51 0.35830358 -0.072391998 0.021825085 0.10094299 -0.54 -0.54 -0.54 -0.54 -0.54 -0.53760174 0.36538718 0.36 0.36 0.36 0.36 0.49950602 0.79999934 0.8 0.8 0.8 -0.159999 0.17999991 0.18 0.18 -0.17 -0.24999872 -0.25 -0.25 -0.03 -0.03 
0.59 0.59 0.060000004 0.06 0.06 -0.58978348 -0.59 -0.59 0.03 0.03 0.03 0.03 0.03 0.36999998 0.37 0.37 0.37 0.37 0.51 0.51 0.51 0.51 0.51 0.13000002 0.13 0.13 0.13 -0.54 -0.54 -0.54 -0.54 -0.54 0.84 0.84 0.36 0.36 0.36 1.469811 1.47 0.8 0.8 0.8 0.79999987 -0.16 -0.16 -0.16 -0.17 -0.17 -0.17 0.35 0.35 -0.03 -0.03 
0.59 0.59 0.06 0.06 0.06 0.06 0.060001647 0.36 0.030310705 0.03 0.03 0.03 0.03 0.36575881 0.37 0.37 0.37 0.37 0.51 0.51 0.51 0.51 0.51 0.13 0.13 0.13 0.13 0.12999735 -0.54 -0.54 -0.54 0.83992765 0.84 0.84 0.84 0.36 1.47 1.47 1.47 1.452371 0.06658263 -0.07 -0.07 -0.16 -0.16 -0.16 -0.17 -0.17 -0.17 0.35 0.35 0.35 -0.23831476 
0.18 0.18000322 0.06 0.06 0.06 0.06 0.36 0.36 0.36 0.03 0.03 0.03 0.03 0.030105696 0.37 0.37 0.37 0.37 0.50999783 0.51 0.51 0.51000001 0.19696275 0.13 0.13 0.13 0.13 0.81999944 0.82 0.81999999 -0.52535198 0.84 0.84 0.84 0.8400004 1.26 1.47 1.47 1.47 1.47 -0.07 -0.07 -0.07 -3.4902567e-29 -6.6598476e-61 4.9368463e-23 0.38994546 -0.17 -0.17 0.35000001 0.35 0.35 -0.25999365 
0.18 0.18 0.06 0.06 0.06 0.36 0.36 0.36 0.36 0.066179794 0.030000001 0.03 0.03 0.030001046 0.13002762 0.13 0.13 0.13 1.2885854 1.27 1.27 1.27 1.27 0.13 0.13 0.13 0.13004551 0.82 0.82 0.82 0.82 0.84004846 1.0762379 1.26 1.26 1.26 1.4649224 0.11002832 0.11 0.11 -0.069812011 0.16999999 0.17 7.6741274e-22 1.5674947e-56 1.6510104e-06 0.39 0.39 1.31 1.31 1.31 2.1 2.02 
0.18 0.18000001 2 2 2 0.36 0.36 0.36 0.36 0.24 0.24 0.24 0.24 0.23224804 0.13 0.13 0.13 0.13 1.29 1.27 1.27 1.27 1.27 1.59 1.5899994 0.13000216 0.82 0.82 0.82 0.82 0.97694533 1.13 1.2445318 1.26 1.26 1.26 0.11 0.11 0.11 0.11 0.17 0.17 0.17 0.17 0.17 0.38901112 0.39 0.39 1.3100023 1.31 2.1 2.1 2.02 
0.18 2 2 2 2 2 0.35968948 0.32 0.32 0.24 0.24 0.24 0.24 0.23997395 0.13 0.13 0.13 0.18241248 1.29 1.29 1.27 1.27 1.59 1.59 1.59 1.59 0.82 0.82 0.82 0.82 1.13 1.13 1.13 1.2598685 1.26 1.26 0.11 0.11 0.11 0.11 0.17 0.17 0.17 0.17 0.17 0.17001926 0.51 0.51 1.88 1.88 2.1 2.1 2.02 
1.9829079 2 2 2 2 2 0.32 0.32 0.32 0.27718066 0.24 0.24 0.24 0.23999378 0.13 0.13 0.13 1.29 1.29 1.29 1.270001 1.270002 1.59 1.59 1.59 1.59 0.82005473 0.82 0.82 1.1299287 1.13 1.13 1.13 1.13 1.2585162 0.45 0.45 0.44411571 0.11 0.11 0.16999995 0.17 0.17 0.17 0.17 0.50999988 0.51 0.51 1.88 1.88 1.8 1.8 1.78 
2 2 2 2 2 2 0.32 0.32 0.32 0.32 -0.059991357 -0.06 -0.06 -0.06 0.13000264 0.77742 1.14 1.14 1.2897235 1.29 1.29 1.5899995 1.59 1.59 1.59 1.59 1.5894402 0.82 0.8200106 1.13 1.13 1.13 1.13 1.13 0.45 0.45 0.45 0.45 0.45 0.44999873 0.43 0.43 0.43000005 0.58 0.58 0.58 0.34 0.34 1.11 1.11 1.8 1.8 1.78 
2 2 2 2 2 2 0.32 0.32 0.32 -0.06 -0.06 -0.06 -0.06 -0.06 0.25631712 1.14 1.14 1.14 1.14 1.14 1.147162 1.59 1.59 1.59 1.59 1.5884299 1.5400783 0.91804109 1.1284712 1.13 1.13 1.13 1.13 1.1299985 0.45 0.45 0.45 0.45 0.45 0.44069605 0.43 0.43 0.43 0.58 0.58 0.58 0.34 0.34 1.11 1.11 0.96 1.7347654 1.78 
2 2 2 2 2 1.9999995 0.32000039 0.32 0.30422788 -0.06 -0.06 -0.06 -0.06 -0.06 -0.0024406103 1.14 1.14 1.14 1.14 1.14 1.14 1.5463876 1.5400001 1.54 1.54 1.54 1.54 1.54 0.33753908 0.32000959 0.32000002 0.32 0.32 0.3200001 0.45 0.45 0.45 0.45 0.45 0.43 0.43 0.43 0.43 0.43000007 0.5800481 0.61 0.34000003 0.59550203 1.1095531 0.96 0.96 0.97205625 1.54 
2 2 2 2 2 1.9998927 0.32009061 0.31997701 -0.059999521 -0.06 -0.06 -0.06 -0.06 -0.06 -0.03716655 1.14 1.14 1.14 1.14 1.14 1.14 1.54 1.54 1.54 1.54 1.54 1.54 1.54 0.32033678 0.32 0.32 0.32 0.32 0.32 0.35561999 0.45 0.45 0.45 0.45 0.43 0.43 0.43 0.43 0.43004611 0.61 0.61 0.60993732 0.6 0.6 0.96 0.96 1.54 1.54 
2 2 2 2 2 1.9977595 0.32198354 -0.017119482 -0.059999999 -0.06 -0.06 -0.06 -0.06 -0.06 -0.038991938 1.14 1.14 1.14 1.14 1.14 1.1969527 1.54 1.54 1.54 1.54 1.54 1.54 1.54 0.32000489 0.32 0.32 0.32 0.32 0.32 0.32 0.53606341 0.66985992 0.74301564 0.7541533 0.45956819 0.43000001 0.43 0.43 0.60998563 0.61 0.61011938 0.62999986 0.6 0.6 1.2598277 1.26 1.26 1.5399999 
2 2 2 2 1.9999983 1.9859893 0.29891632 -0.059895509 -0.06 -0.06 -0.06 -0.06 -0.06 -0.06 -0.031978151 1.14 1.14 1.14 1.14 1.14 1.5399983 1.54 1.54 1.54 1.54 1.54 1.54 1.54 0.32000033 0.32 0.32 0.32 0.32 0.32 0.32000009 0.76 0.76 0.76 0.76 0.89 0.89 0.89 0.89 0.62999994 0.63 0.63 0.63 0.62999825 0.47 0.47 1.26 1.26 1.1328742 
2 2 2 1.9999999 1.9999531 1.9542179 -0.031037747 -0.059995037 -0.06 -0.06 -0.06 -0.06 -0.06 -0.059999999 -0.019264594 1.1399995 1.14 1.14 1.14 1.1424074 1.54 1.54 1.54 1.54 1.54 1.54 1.54 1.54 0.32000027 0.32 0.32 0.32 0.32 0.32 0.7599996 0.76 0.76 0.76 0.76 0.89 0.89 0.89 0.89 0.81982712 0.63 0.63 0.63 0.47000179 0.47 0.47 1.07 1.07 1.07 
2 2 1.9999999 1.9999962 1.9995392 1.8113075 -0.058243251 -0.059998755 -0.06 -0.06 -0.06 -0.06 -0.06 -0.059999924 -0.0020426195 1.1399718 1.14 1.14 1.1400005 1.5318954 1.54 1.54 1.54 1.54 1.54 1.54 1.54 1.54 0.32000114 0.32 0.32 0.32 0.32 0.67138012 0.76000001 0.76 0.76 0.76 0.76 0.89 0.89 0.89 0.89 0.89 0.63 0.63 0.63 0.47 0.47 0.47 1.07 1.07 1.07 
2 1.9999999 1.9999984 1.9999549 1.9971398 0.81838396 -0.059650825 -0.059999234 -0.059999998 -0.06 -0.06 -0.06 -0.06 -0.059997746 0.018432907 1.1395617 1.14 1.14 1.142071 1.539966 1.54 1.54 1.54 1.54 1.54 1.54 1.54 1.5399993 0.32000764 0.32 0.32000034 0.75780215 0.8 0.8 0.8 0.76 0.76 0.76 0.76 0.89 0.89 0.89 0.89 0.89 0.63000461 0.63 0.62999992 0.47000001 0.47 0.47000033 1.07 1.07 1.07 
