interpolatedSpi/06-06|22_3.tif
NCOLS 53
NROWS 52
XLLCORNER -116.03883
YLLCORNER 28.596182
DX 0.49850594
DY 0.49788537
NODATA_VALUE -9999
0.43 0.43 -0.041585465 -0.04 0.44 0.46 0.61 0.35 -0.11169682 -0.355 0.01 0.86 0.5450177 0.76 0.465 0.465 0.465 0.7 0.4 0.4 0.4 0.39999032 -0.60499999 0.525 0.525 0.525 1.2149937 1.215 1.215 0.76 0.76 0.76 0.76 2.3649997 2.365 2.365 2.365 2.365 2.365 2.365 1.4646981 1.4551238 1.94 1.94 1.94 1.94 1.9399265 1.895 1.895 1.895 2.3499991 2.35 2.35 
0.42993091 -1.125 -0.049999677 0.089533376 0.090264484 0.6 0.395 0.8243493 0.23 0.315 0.625 0.545 0.545 0.90949983 0.75999921 0.465 0.7 0.7 0.40039116 0.4 0.4 0.4 0.55237129 0.525 0.525 0.525 1.08 1.08 0.76 0.76 0.76 0.76 0.76 2.3649998 2.365 2.365 2.365 2.365 2.365 2.4222366 2.8099127 2.0455669 1.94 1.94 1.94 1.94 1.94 1.895 1.895 1.895 1.932729 2.35 2.35 
0.31997154 0.32 0.23 0.67 0.16 -0.26 0.16 0.215 -0.275 0.23 0.285 0.665 0.51 0.685 0.91 0.045 0.7 0.7 0.7 0.0451032 0.045 0.045 1.045 0.525 0.525 0.525 1.08 1.08 1.08 0.76 0.76 0.76000007 1.4098901 2.3634696 2.3589033 1.7160021 1.71 1.71 1.848351 2.81 2.81 2.8088875 1.94 1.94 1.94 1.94 1.94 1.895 1.895 1.895 1.895 2.35 2.35 
-0.035 0.31999996 0.13503676 1.36 -0.185 0.235 0.905 0.2 -0.08 0.91154223 0.66 -0.035 0.02 0.685 -1.16 0.045 -1.0763544 -1.0837493 -0.695 0.045 0.045 -0.015 1.045 1.045 0.525 0.52500277 1.08 1.08 1.08 1.03 1.6225719 2.11 2.11 2.1099997 1.71 1.71 1.71 1.71 2.81 2.81 2.81 2.81 1.94 1.94 1.94 1.94 1.94 1.8950006 1.895 1.895 1.895 2.3499637 2.35 
-0.035 1.0649983 0.135 0.21976783 -0.185 0.22 0.71502208 1.12 0.43 1.0149996 0.25057147 -0.11508165 -0.685 -1.16 -1.16 -0.37149046 -1.085 -1.085 -0.695 -0.695 0.044999876 -0.015 0.175 0.62 1.63 1.6299987 1.08 1.08 1.03 1.03 2.11 2.11 2.11 1.971399 1.71 1.71 1.71 2.81 2.81 2.81 2.81 2.8099484 1.94 1.94 1.94 1.94 1.94 1.9395994 1.895 1.8949706 1.24 1.24 1.24 
-2.305 0.12 -0.235 0.305 -0.68 0.46 0.485 0.56629819 0.505 -0.31 -0.7 -0.755 -0.75499995 -0.325 -0.325 -0.98489256 -0.985 -0.42 -0.42 -0.69499984 -0.06 -0.06 0.62 1.63 1.63 1.625 1.45 1.45 1.7449347 1.03 2.11 2.11 1.375 1.3751327 2.644909 2.335 2.335 2.6630479 2.81 2.81 2.2756673 2.275 2.2750016 2.1855868 2.1899724 2.1899999 2.19 2.1899999 1.8232361 1.24 1.24 1.24 1.24 
-0.93001196 -1.495 -0.67997598 -0.59 -0.49 -0.31 0.025000002 -0.16 -0.37 -0.37 -0.7 -0.55 -0.64499993 -0.325 -0.53999936 -0.54 -0.985 -0.29 -0.515 -0.515 -0.10477016 -0.155 -0.155 1.42 1.625 1.625 1.45 1.45 1.7449819 1.7446674 2.013211 1.375 1.375 2.645 2.645 2.3867408 2.335 2.335 2.7699849 2.2750007 2.275 2.275 2.2750085 2.1900006 2.19 2.19 2.19 2.1899998 1.92 1.2401348 1.24 1.24 1.24 
-0.93 0.395 0.095 -1.815 -1.7650029 -0.95 -1.03 -0.88 -1.315 -0.73 -0.73 -0.365 -0.645 -0.645 -0.5407204 -1.2503904 -1.32 -0.34 -0.95499955 -0.515 -0.031127606 0.03 -0.725 0.285 0.28500226 0.46 1.21 1.2100001 1.4360863 1.435 2.015 1.1474688 1.55 2.645 2.6368715 2.43 2.43 2.77 2.77 2.275 2.275 2.275 2.2992193 2.3 2.19 2.19 2.19 1.9200103 1.92 1.92 1.24 1.24 1.24 
0.15528945 0.395 0.535 -1.325 -0.96 -1.305 -1.2 -0.72 -0.48 -0.40424343 -0.025 -0.075000004 -0.075 0.495 0.49499031 -0.6718116 -0.67 -0.67 -0.43388069 -0.31500008 -0.69 -0.68999999 -0.13 -0.49052028 0.44236462 0.46 1.245 1.21 1.8910195 1.895 1.035 2.205 1.7920027 1.67 2.36 2.255 2.65 2.06 2.7796675 2.2779907 2.945 2.175 2.2999642 2.3 2.2993809 2.19 1.775 1.92 1.92 1.92 1.92 1.2823325 0.935 
-1.185 -1.185 0.665 -0.87 -1.66 -1.41 -1.555 -1.34 -0.695 -0.3850778 0.085 0.45 0.495 0.495 -0.535 -0.53685159 -0.67 -0.67003153 -0.83 -0.315 -0.315 -0.36331258 -0.13 1.1749753 1.175 1.175 1.245 1.56 1.56 1.895 1.895 2.2034448 1.385 1.67 2.15 2.255 2.65 2.72 2.78 1.4272846 2.175 2.1401028 2.08 2.3 2.3 1.775 1.775 1.775 1.92 1.92 1.58 1.58 1.5799998 
-1.185 -1.185 -0.1 -0.52 -1.135 -1.255 -1.43 -0.45505713 -0.64 -0.79 -0.275 -0.905 0.44819616 -0.535 -0.535 -0.53500923 -0.615 -0.62628421 -0.83 -0.19 -0.19 -0.27 -0.27 1.175 1.175 1.175 1.56 1.56 1.56 0.66 0.66 0.6600012 2.04 2.04 1.61 1.62 2.575 1.6550026 2.385 1.405 1.405 1.5800016 2.08 2.3 2.0850003 2.37 2.2031481 2.205 2.535 2.535 1.58 1.58 1.58 
-1.185 -0.71657069 -0.27922898 -0.65998542 0.44 -1.635 -1.43 -0.455 -0.63999846 -0.78833818 -0.90499985 -0.905 -1.07 -0.535 -0.535 -0.615 -0.615 -0.61501224 -0.83 -0.19 -0.20571037 -0.27 -0.27 1.1749422 1.175 1.2670415 1.455 1.455 1.455 0.66 0.66 0.9 0.9 2.0399988 1.61 2.3599999 2.477184 1.655 1.655 1.405 1.58 1.58 1.5800037 2.085 2.085 2.37 2.205 2.205 2.535 2.535 1.58 1.58 1.58 
0.825 0.3004232 0.33996841 0.33276868 0.43998928 -1.634951 -1.43 -0.46700169 -0.62725161 -0.6439169 -1.07 -1.07 -1.07 -1.07 -0.53507579 -0.615 -0.615 -0.61777599 -0.83 -0.18992738 0.075 0.075 0.075 0.075 1.1566326 1.455 1.455 1.455 1.455 1.4545238 0.9 0.9 0.9 0.9 2.36 2.36 2.36 1.6893545 1.6559388 1.78 1.78 1.5800108 1.8850068 2.0849807 2.085 2.37 2.205 2.205 2.535 2.535 1.5834646 1.58 1.944781 
0.825 0.34 0.34 0.34 0.34 0.33999918 -1.4305245 -0.96869028 -0.59324013 -1.0695406 -1.07 -1.07 -1.07 -1.07 -1.0699998 -0.615 -0.61500003 -0.62974753 -0.82999407 0.075 0.075 0.075 0.075 0.075 0.092947379 1.3760784 1.41 1.41 1.41 1.41 0.9 0.9 0.90000078 1.55 1.55 2.36 2.3162514 2.315 1.7800003 1.78 1.78 1.78 1.885 1.885 1.885 1.8883752 2.1652945 2.165 2.165 2.165 2.165 1.8799999 1.88 
1.63 0.34 0.34 0.34 0.34 0.34 0.33999988 -0.67011485 -0.75843317 -0.76 -0.76 -0.76 -0.76 -0.76 -0.76 0.73901822 -0.59303985 -0.64444035 0.074886285 0.075 0.075 0.075 0.075 0.075000698 0.905 0.905 0.90500071 1.41 1.41 1.4085582 0.69 0.69 1.55 1.55 1.55 2.1924551 2.315 2.315 2.315 1.78 1.78 1.78 1.885 1.885 1.885 1.885 2.165 2.165 2.165 2.165 2.165 1.88 1.88 
1.63 1.1497477 0.34 0.34 0.34 0.34 0.65493818 0.655 0.65499997 -0.76 -0.76 -0.76 -0.76 -0.76 -0.4224713 0.77 0.77 0.77 0.67317323 0.67499939 0.675 0.675 0.675 0.675 0.905 0.905 0.905 0.905 1.41 0.69 0.69 0.69 1.5499999 1.55 1.55 1.73 2.3142254 2.315 2.315 1.7799201 1.6199437 1.246599 1.885 1.885 0.92297805 0.92 0.92 2.1617847 0.21683184 0.21000017 0.21000037 0.62019061 1.8799974 
1.63 1.055846 0.69423223 0.34 0.34 0.65481388 0.655 0.655 0.655 0.6448031 -0.76 -0.76 -0.76 -0.75999982 0.77 0.77 0.77 0.77 0.67508486 0.675 0.675 0.675 0.675 0.675 0.90499999 0.905 0.905 0.905 0.90421797 0.69 0.69 0.69 0.76 1.5499992 1.73 1.73 1.73 1.7236679 1.3127341 1.245 1.245 1.245 0.69 0.69 0.92 0.92 0.92 0.21000001 0.21 0.21 0.21 0.62 0.62 
1.0405392 1.04 1.04 1.04 0.25 0.65498955 0.655 0.655 0.655 0.655 -0.5790569 -0.75996886 -0.75999993 0.77 0.77 0.77 0.77 0.77 0.7483486 0.675 0.675 0.675 0.675 0.675 0.48964612 0.015004822 0.015 0.015 0.015 0.69 0.76 0.76 0.76 0.76 1.73 1.7299847 1.15 1.15 1.2438138 1.245 1.245 1.245 0.69 0.69 0.88438808 0.92 0.92 0.21 0.21 0.21 0.21439627 0.62 0.62 
1.04 1.04 1.04 0.66797722 0.25 0.25 0.655 0.655 0.655 0.655 1.63 1.63 1.63 0.77 0.77 0.77 0.77 0.76997604 0.545 0.545 0.67499995 0.675 0.66867009 0.415 0.41139897 0.015 0.015 0.015 0.015 0.75992414 0.76 0.76 0.76 0.76 1.150002 1.15 1.15 1.15 1.1503011 1.245 1.245 1.245 0.69 0.69 0.69 0.92 0.92 0.21000001 0.21 0.21 0.62 0.62 0.62 
1.04 1.04 1.04 0.25 0.25 0.25 0.25000062 0.655 0.655 1.6289935 1.63 1.63 1.63 1.6294642 0.65263375 0.625 0.625 0.625 0.545 0.545 0.545 0.415 0.415 0.415 0.41481792 -0.11613108 0.015 0.015 0.014999998 0.18977435 0.080066881 0.08 0.08 0.08 0.90983389 0.57500131 0.575 0.575 0.575 0.020167615 0.02 0.02 0.69 0.69 0.015002818 0.015000112 0.33 0.33 0.43 0.43 0.43 0.62 0.22535318 
1.0399988 1.04 1.04 0.25 0.25 0.25 0.24999999 -0.42499969 0.65068174 1.6288167 1.63 1.63 1.63 1.6280279 0.625 0.625 0.625 0.62499998 0.545 0.545 0.545 0.415 0.415 0.415 -0.235 -0.235 -0.57999999 -0.58 -0.58 -0.57639949 0.08 0.08 0.08 0.08 0.32736393 0.575 0.575 0.575 0.575 0.02 0.02 0.02 0.019842681 0.015 0.015 0.015 0.33 0.33 0.43 0.43 0.43 0.22500001 0.225 
0.66 0.81139923 0.03 0.030063826 0.25 -0.42109447 -0.425 -0.425 -0.35212427 0.32499999 0.325 0.325 0.325 0.43999626 0.44 0.62499986 0.625 0.62289212 0.545 0.545 0.545 -0.385 -0.385 -0.385 -0.235 -0.235 -0.58 -0.58 -0.58 -0.5799998 -0.30999752 -0.3099989 0.070197936 0.079581893 -0.45438382 -0.455 -0.455 -0.455 -0.455 0.02 0.02 0.02 0.015274771 0.015 0.015 0.014999971 0.33 0.33 0.3300036 0.43 0.42997228 -0.19 0.225 
0.1850902 0.18499997 0.03 0.03 0.03 -0.425 -0.425 -0.425 -0.225 -0.225 0.325 0.325 0.325 0.44 0.44 0.44 0.44 0.44001236 0.545 0.545 0.54499996 -0.385 -0.385 -0.385 -0.235 -0.235 -0.58 -0.58 -0.58 -0.31304427 -0.31 -0.31 -0.31 -0.31 -0.45492845 -0.455 -0.455 -0.455 -0.455 -0.79499979 -0.795 -0.795 -0.795 0.014998734 -0.15 -0.15 -0.15 0.025 0.025 0.025 -0.19 -0.19 -0.19 
0.185 0.185 0.03 0.03 0.03 -0.42260844 -0.425 -0.225 -0.225 -0.225 0.32493229 0.325 0.0022357342 0.43999988 0.44 0.44 0.44 -0.21 -0.21 -0.21 -1.01 -1.0099995 -0.38500304 -0.385 -0.38523356 -0.85 -0.85 -0.84999936 -0.58004363 -0.71491929 -0.71499784 -0.71492929 -0.31069219 -0.31034951 -0.42943879 -0.45500024 -0.45709452 -1.08 -1.08 -0.795 -0.795 -0.795 -0.795 -0.15 -0.15 -0.15 -0.15 0.025 0.025 0.025 -0.19 -0.19 -0.19 
0.185 0.185 0.03 0.03 0.03 0.029999998 -0.35014584 -0.225 -0.225 -0.225 -0.22491438 -0.07 -0.07 -0.07 0.43699445 0.44 -0.20566856 -0.21 -0.21 -0.21 -1.01 -1.01 -1.01 -1.01 -0.85 -0.85 -0.85 -0.85 -0.85 -0.715 -0.715 -0.715 -0.715 -0.71500031 -0.86 -1.08 -1.08 -1.08 -1.08 -1.0799977 -0.4 -0.4 -0.4 -0.28447867 -0.045 -0.045 -0.045 0.024999998 0.02499984 -0.14 -0.14 -4.6222479e-05 -1.2557299e-30 
0.185 0.185 0.085944116 0.03 0.03 0.029999981 -0.83890867 -0.22693814 -0.225 -0.225 -0.070000066 -0.07 -0.07 -0.07 -0.07 -0.028217768 -0.21 -0.21 -0.21 -0.21 -1.0099938 -1.01 -1.01 -1.01 -0.85 -0.85 -0.85 -0.85 -0.85 -1.1509843 -0.715 -0.715 -0.715 -0.86 -0.86 -0.86017084 -1.08 -1.08 -0.69168282 -0.39000006 -0.4 -0.4 -0.4 -0.28727388 -0.045 -0.045 -0.045 -0.575 -0.14542006 -0.14 -0.14 -2.8441002e-18 1.8226319e-120 
-0.85 -0.85 -0.85 -0.19064019 0.028598086 -0.84 -0.84 -0.84 -0.84 -0.385 -0.385 -0.070000022 -0.07 -0.07 -0.07 -0.070008908 -0.21 -0.21 -0.21 -0.21 -0.66090595 -1.01 -1.01 -1.0124862 -1.0936451 -0.85 -0.85 -0.85 -1.305 -1.305 -1.305 -1.3049975 -0.86 -0.86 -0.86 -0.86 -0.39 -0.39 -0.39 -0.39 -0.18 -0.18 -0.18 -0.41999517 -0.42 -0.42 -0.41999988 -0.575 -0.575 -0.14053002 -0.14 -1.26054e-07 -9.0123199e-29 
-0.85 -0.85 -0.85 -0.85000404 -0.925 -0.9126396 -0.84 -0.84 -0.84 -0.385 -0.385 -0.385 -0.93499996 -0.935 -0.935 -0.93499998 -0.21079684 -0.21 -0.21 -0.21 -0.22213603 -1.1049997 -1.105 -1.105 -1.105 -1.105 -1.38 -1.38 -1.305 -1.305 -1.305 -1.305 -0.86000005 -0.86 -0.86 -0.8600057 -0.38999999 -0.39 -0.39 -0.3881356 -0.18 -0.18 -0.18 -0.41998887 -0.42 -0.42 -0.42 -0.575 -0.575 -0.57499993 -0.025 -0.025 -0.405 
-0.85 -0.85 -0.85 -0.92499983 -0.925 -0.925 -0.84000003 -0.84 -0.84 -0.385 -0.385 -0.385 -0.935 -0.935 -0.935 -0.91291373 -0.645 -0.645 -0.64499888 -0.212457 -1.105 -1.105 -1.105 -1.105 -1.105 -1.105207 -1.38 -1.38 -1.38 -1.305 -1.305 -1.3050322 -0.93 -0.93 -0.93 -0.19 -0.19 0.035 0.035 0.035 0.525 -0.17977886 -0.17999948 -0.11 -0.11 -0.12174865 -0.41999944 -0.575 -0.575 -0.025 -0.025 -0.025 -0.405 
-0.85 -0.85 -0.85 -0.925 -0.925 -0.925 -0.925 -0.84 -0.84 -0.385 -0.385 -0.91300793 -0.935 -0.935 -0.935 -0.645 -0.645 -0.645 -0.645 -0.645 -1.105 -1.105 -1.105 -1.105 -1.105 -1.3799991 -1.38 -1.38 -1.38 -1.355 -1.355 -1.355 -0.93 -0.93 -0.93 -0.19 -0.19 0.035 0.035 0.525 0.525 0.525 -0.11 -0.11 -0.11 -0.11 -0.075087383 0.315 0.315 0.315 -0.024999996 0.205 0.205 
-0.85 -0.85 -0.85010444 -0.925 -0.925 -0.925 -0.925 -1.6294887 -1.665 -1.6628024 -0.38500004 -0.93502889 -0.935 -0.935 -0.934999 -0.645 -0.645 -0.645 -0.645 -0.645 -0.45285823 -1.105 -1.105 -1.105 -1.1048939 -1.3799556 -1.38 -1.38 -1.38 -1.355 -1.355 -1.355 -1.3549402 -0.93 -0.19 -0.19 -0.19 -0.18999041 0.035033417 0.525 0.525 0.525 -0.10996145 -0.11 -0.11 -0.11 0.31500206 0.315 0.315 0.315 0.205 0.205 0.205 
-1.875 -1.8749982 -0.92499409 -0.925 -0.925 -0.925 -1.6648425 -1.665 -1.665 -1.665 -1.28 -1.28 -1.28 -1.28 -0.64793072 -0.645 -0.645 -0.645 -0.645 -0.42500013 -0.425 -0.425 -0.59000009 -0.59 -0.59 -0.59 -0.65818716 -1.38 -1.5399934 -1.54 -1.54 -1.54 -1.54 0.26 0.26 0.26 0.26 0.26 0.835 0.835 0.835 0.835 0.835 0.52404278 0.525 0.525 0.525 0.315 0.315 0.315 0.20501733 0.205 0.205 
-1.875 -1.875 -1.8726554 -1.5949987 -1.5949999 -1.5950678 -1.665 -1.665 -1.665 -1.665 -1.28 -1.28 -1.28 -1.28 -1.28 -0.645 -0.645 -0.645 -0.42500006 -0.425 -0.425 -0.425 -0.59 -0.59 -0.59 -0.59 -0.59 -0.59016811 -1.5398764 -1.54 -1.54 -1.54 -1.5399504 0.20614435 0.25994423 0.26 0.26 0.26 0.835 0.835 0.835 0.835 0.835 0.525 0.525 0.525 0.525 0.4267999 0.315 0.43366117 0.435 -0.005 -0.005 
-1.875 -1.875 -1.5950355 -1.595 -1.595 -1.595 -1.6127797 -1.665 -1.665 -1.665 -1.28 -1.28 -1.28 -1.28 -1.28 -0.64548247 -0.645 -0.4250645 -0.425 -0.425 -0.425 -0.425 -0.52887468 -0.59 -0.59 -0.59 -0.59 -0.59044598 -1.22 -1.22 -1.22 -1.22 -1.22 0.165 0.165 0.165 0.165 0.165 0.68 0.68 0.68 0.68 0.68 0.52611096 0.52500023 0.525 0.52507713 0.53426734 0.435 0.435 0.435 -0.0049975355 -0.005 
-1.8749993 -1.4827984 -1.595 -1.595 -1.595 -1.595 -1.595 -1.6649702 -1.665 -1.665 -1.28 -1.28 -1.28 -1.28 -0.61999267 -0.605 -0.605 -0.42500463 -0.425 -0.425 -0.425 -0.425 -0.42500006 -0.59 -0.59 -0.59 -0.59 -0.6800005 -0.68000025 -0.79492512 -1.22 -1.22 -1.22 0.165 0.165 0.165 0.165 0.16501016 0.68 0.68 0.68 0.68 0.68000153 0.98 0.98 0.98 0.98 0.97995605 0.435 0.435 0.435 0.43499987 0.21175997 
-1.475 -1.475 -1.4653233 -1.595 -1.595 -1.595 -1.595 -1.595 -1.6649686 -1.02 -1.02 -1.02 -1.020617 -0.60500097 -0.605 -0.605 -0.605 -0.605 -0.42500216 -0.44346305 -0.605 -0.605 -0.605 -0.60412325 -0.64442473 -0.93564117 -1.1810336 -0.68 -0.68 -0.68 -0.68 -0.68 -0.69532786 0.17433217 0.18 0.18 0.18 0.18 0.68375696 0.69999996 0.7 0.7 0.7 0.79500054 0.97999995 0.98 0.98 0.79 0.43500569 0.435 0.435 0.215 0.215 
-1.475 -1.475 -1.26 -1.26 -1.26 -1.5948884 -1.595 -1.595 -1.02 -1.02 -1.02 -1.02 -1.02 -0.60500002 -0.605 -0.605 -0.605 -0.605 -0.605 -0.605 -0.605 -0.605 -0.605 -1.27 -1.27 -1.27 -1.27 -0.68 -0.68 -0.68 -0.68 -0.68 -0.325 -0.325 0.18 0.18 0.18 0.57993188 0.58 0.7 0.7 0.7 0.70000005 0.795 0.795 0.795 0.79 0.79 0.79 0.57 0.57 0.215 0.215 
-1.475 -1.475 -1.26 -1.26 -1.26 -1.26 -1.2599987 -1.02 -1.02 -1.02 -1.02 -1.02 -1.02 -0.61017675 -0.605 -0.605 -0.605 -0.605 -0.605 -0.605 -0.605 -0.605 -0.605 -1.27 -1.27 -1.27 -1.27 -1.2699976 -0.68 -0.68 -0.68 -0.32501861 -0.325 -0.325 -0.325 0.18 0.58 0.58 0.58 0.58315743 0.95711758 1.005 1.005 0.795 0.795 0.795 0.79 0.79 0.79 0.57 0.57 0.57 -0.065772069 
-1.345 -1.345001 -1.26 -1.26 -1.26 -1.26 -1.02 -1.02 -1.02 -1.02 -1.02 -1.02 -1.02 -1.019871 -0.605 -0.605 -0.605 -0.605 -0.6049999 -0.605 -0.605 -0.605 -1.152841 -1.27 -1.27 -1.27 -1.27 -1.1800001 -1.18 -1.18 -0.68535308 -0.325 -0.325 -0.325 -0.32499996 -0.28 0.58 0.58 0.58 0.58 1.005 1.005 1.005 0.72 0.72 0.72 0.62001656 0.79 0.79 0.57 0.57 0.57 -0.095000098 
-1.345 -1.345 -1.26 -1.26 -1.26 -1.02 -1.02 -1.02 -1.02 -1.0199928 -1.02 -1.02 -1.02 -1.0199961 -0.080060418 -0.08 -0.08 -0.08 0.017024846 -0.35 -0.35 -0.35 -0.35 -1.27 -1.27 -1.27 -1.2699941 -1.18 -1.18 -1.18 -1.18 -0.32512651 -0.2996888 -0.28 -0.28 -0.28 0.57777598 -0.014987612 -0.015 -0.015 1.0044164 0.26000002 0.26 0.72 0.72 0.71999958 0.62 0.62 0.365 0.365 0.365 0.09 -0.13 
-1.345 -1.345 -1.1 -1.1 -1.1 -1.02 -1.02 -1.02 -1.02 -0.78 -0.78 -0.78 -0.78 -0.73066936 -0.08 -0.08 -0.08 -0.08 0.03 -0.35 -0.35 -0.35 -0.35 -1.05 -1.0500001 -1.2699997 -1.18 -1.18 -1.18 -1.18 -1.2685982 -1.355 -0.40791026 -0.28 -0.28 -0.28 -0.015 -0.015 -0.015 -0.015 0.26 0.26 0.26 0.48992747 0.49 0.61941566 0.62 0.62 0.36500078 0.365 0.09 0.09 -0.13 
-1.345 -1.1 -1.1 -1.1 -1.1 -1.1 -1.0175547 -0.705 -0.705 -0.78 -0.78 -0.78 -0.78 -0.77983422 -0.08 -0.08 -0.08 -0.075029851 0.03 0.03 -0.35 -0.35 -1.05 -1.05 -1.05 -1.05 -1.18 -1.18 -1.18 -1.18 -1.355 -1.355 -1.355 -0.28108781 -0.28 -0.28 -0.015 -0.015 -0.015 -0.015 0.26 0.26 0.26 0.49 0.49 0.49000538 0.585 0.585 0.51 0.51 0.09 0.09 -0.13 
-1.1023009 -1.1 -1.1 -1.1 -1.1 -1.1 -0.705 -0.705 -0.705 -0.74514313 -0.78 -0.78 -0.78 -0.77998731 -0.08 -0.08 -0.08 0.03 0.03 0.03 -0.34998102 -0.35000428 -1.05 -1.05 -1.05 -1.05 -1.1799908 -1.18 -1.18 -1.3549598 -1.355 -1.355 -1.355 -1.355 -0.28326731 -0.75 -0.75 -0.73727955 -0.015 -0.015 0.25999976 0.26 0.4833127 0.49 0.49 0.58499997 0.585 0.585 0.51 0.51 0.485 0.485 0.29 
-1.1 -1.1 -1.1 -1.1 -1.1 -1.1 -0.705 -0.705 -0.705 -0.705 -0.28501426 -0.285 -0.285 -0.285 -0.080000083 -0.051154555 -0.035 -0.035 0.029880173 0.03 0.029999925 -1.049999 -1.05 -1.05 -1.05 -1.05 -1.0500945 -1.18 -1.180006 -1.355 -1.355 -1.355 -1.355 -1.355 -0.75 -0.75 -0.75 -0.75 -0.75 -0.7499966 -0.425 -0.425 -0.42499999 -0.395 -0.395 -0.395 -0.265 -0.265 -0.19 -0.19 0.485 0.48499958 0.29 
-1.1 -1.1 -1.1 -1.1 -1.1 -1.1 -0.705 -0.705 -0.705 -0.285 -0.285 -0.285 -0.285 -0.285 -0.2191006 -0.035 -0.035 -0.035 -0.035 -0.035 -0.031896464 -1.05 -1.05 -1.05 -1.05 -1.0674276 -1.6041303 -1.2378699 -1.354137 -1.355 -1.355 -1.355 -1.355 -1.3549987 -0.75 -0.75 -0.75 -0.75 -0.75 -0.59881076 -0.425 -0.425 -0.425 -0.395 -0.395 -0.395 -0.265 -0.265 -0.19 -0.19 0.25499999 0.28806933 0.29 
-1.1 -1.1 -1.1 -1.1 -1.1 -1.0999999 -0.70500009 -0.705 -0.68756766 -0.285 -0.285 -0.285 -0.285 -0.285 -0.27300846 -0.035 -0.035 -0.035 -0.035 -0.035 -0.035 -1.5152168 -1.6049992 -1.605 -1.605 -1.605 -1.605 -1.605 -1.8215047 -1.8249944 -1.825 -1.825 -1.825 -1.8249992 -0.75 -0.75 -0.75 -0.75 -0.75 -0.42500004 -0.425 -0.425 -0.425 -0.42499999 -0.39509619 -0.455 -0.26500002 -0.10776798 -0.18992552 0.255 0.255 0.255 0.255 
-1.1 -1.1 -1.1 -1.1 -1.1 -1.0999748 -0.7050213 -0.70497459 -0.28500053 -0.285 -0.285 -0.285 -0.285 -0.285 -0.28024303 -0.035 -0.035 -0.035 -0.035 -0.035 -0.035000001 -1.605 -1.605 -1.605 -1.605 -1.605 -1.605 -1.605 -1.8249393 -1.825 -1.825 -1.825 -1.825 -1.825 -1.5304501 -0.75 -0.75 -0.75 -0.75 -0.425 -0.425 -0.425 -0.425 -0.42500769 -0.455 -0.455 -0.45280637 -0.105 -0.105 0.255 0.255 0.255 0.255 
-1.1 -1.1 -1.1 -1.1 -1.1 -1.0994732 -0.70545706 -0.33239426 -0.285 -0.285 -0.285 -0.285 -0.285 -0.285 -0.28062332 -0.035 -0.035 -0.035 -0.035 -0.035 -0.25853947 -1.605 -1.605 -1.605 -1.605 -1.605 -1.605 -1.605 -1.8249991 -1.825 -1.825 -1.825 -1.825 -1.825 -1.825 -0.9638084 -1.2961037 -1.477813 -1.5054588 -0.47417318 -0.42500002 -0.425 -0.425 -0.45499761 -0.455 -0.45795475 -0.94999596 -0.105 -0.105 -0.0050577914 -0.005 -0.005 0.25499989 
-1.1 -1.1 -1.1 -1.1 -1.0999996 -1.0967057 -0.67145538 -0.28511549 -0.285 -0.285 -0.285 -0.285 -0.285 -0.285 -0.27916211 -0.035 -0.035 -0.035 -0.035 -0.035000009 -1.6049932 -1.605 -1.605 -1.605 -1.605 -1.605 -1.605 -1.605 -1.8249999 -1.825 -1.825 -1.825 -1.825 -1.825 -1.8249999 -1.52 -1.52 -1.52 -1.52 -1.19 -1.19 -1.19 -1.19 -0.94999857 -0.95 -0.95 -0.95 -0.94999235 -0.27 -0.27 -0.005 -0.005 0.10637378 
-1.1 -1.1 -1.1 -1.1 -1.099989 -1.0890856 -0.31449374 -0.28500548 -0.285 -0.285 -0.285 -0.285 -0.285 -0.285 -0.27651346 -0.035000103 -0.035 -0.035 -0.035 -0.044449142 -1.605 -1.605 -1.605 -1.605 -1.605 -1.605 -1.605 -1.605 -1.825 -1.825 -1.825 -1.825 -1.825 -1.825 -1.5200003 -1.52 -1.52 -1.52 -1.52 -1.19 -1.19 -1.19 -1.19 -1.125225 -0.95 -0.95 -0.95 -0.27000761 -0.27 -0.27 0.155 0.155 0.155 
-1.1 -1.1 -1.1 -1.0999991 -1.0998909 -1.0401292 -0.2866432 -0.28500137 -0.285 -0.285 -0.285 -0.285 -0.285 -0.28499998 -0.27292555 -0.035005879 -0.035 -0.035 -0.035001799 -1.5731893 -1.605 -1.605 -1.605 -1.605 -1.605 -1.605 -1.605 -1.605 -1.8249998 -1.825 -1.825 -1.825 -1.825 -0.95387055 -1.5199997 -1.52 -1.52 -1.52 -1.52 -1.19 -1.19 -1.19 -1.19 -1.19 -0.95 -0.95 -0.95 -0.27000001 -0.27 -0.27 0.155 0.155 0.155 
-1.1 -1.1 -1.0999996 -1.0999893 -1.0992375 -0.64459842 -0.28529716 -0.28500084 -0.285 -0.285 -0.285 -0.285 -0.285 -0.28499953 -0.26865981 -0.035091303 -0.035000005 -0.035000054 -0.043128651 -1.6048665 -1.605 -1.605 -1.605 -1.605 -1.605 -1.605 -1.605 -1.6050001 -1.8249986 -1.825 -1.8249992 -0.73961549 -0.635 -0.635 -0.635 -1.52 -1.52 -1.52 -1.52 -1.19 -1.19 -1.19 -1.19 -1.19 -0.95000425 -0.95 -0.94999967 -0.27000005 -0.27 -0.26999977 0.155 0.155 0.155 
